,Paradigm,Gen,Num,Sent,Eval,Corr,Wrong,Dist,Attr_Gen,corr_word,corr_prob,wrong_word,wrong_prob,answer
0,P_NOUN_8_PASS_b,F,P,les gemmes avec les bracelets que j' aime beaucoup ne sont probablement pas achetées <eos>,13,achetées,achetés,11,M,achetées,-11.134372,achetés,-9.460493,0
1,P_NOUN_8_PASS_b,F,P,les gemmes avec les bracelets que j' aime beaucoup ne sont probablement pas brisées <eos>,13,brisées,brisés,11,M,brisées,-8.994138,brisés,-12.124475,1
2,P_NOUN_8_PASS_b,F,P,les gemmes avec les bracelets que j' aime beaucoup ne sont probablement pas cachées <eos>,13,cachées,cachés,11,M,cachées,-7.565898,cachés,-8.098707,1
3,P_NOUN_8_PASS_b,F,P,les gemmes avec les bracelets que j' aime beaucoup ne sont probablement pas cassées <eos>,13,cassées,cassés,11,M,cassées,-8.894566,cassés,-9.829059,1
4,P_NOUN_8_PASS_b,F,P,les gemmes avec les bracelets que j' aime beaucoup ne sont probablement pas couvertes <eos>,13,couvertes,couverts,11,M,couvertes,-8.792738,couverts,-8.973234,1
5,P_NOUN_8_PASS_b,F,P,les gemmes avec les bracelets que j' aime beaucoup ne sont probablement pas déformées <eos>,13,déformées,déformés,11,M,déformées,-8.029279,déformés,-12.572641,1
6,P_NOUN_8_PASS_b,F,P,les gemmes avec les bracelets que j' aime beaucoup ne sont probablement pas fixées <eos>,13,fixées,fixés,11,M,fixées,-8.166488,fixés,-9.491737,1
7,P_NOUN_8_PASS_b,F,P,les gemmes avec les bracelets que j' aime beaucoup ne sont probablement pas jetées <eos>,13,jetées,jetés,11,M,jetées,-8.507168,jetés,-9.037119,1
8,P_NOUN_8_PASS_b,F,P,les gemmes avec les bracelets que j' aime beaucoup ne sont probablement pas laissées <eos>,13,laissées,laissés,11,M,laissées,-8.372501,laissés,-9.670542,1
9,P_NOUN_8_PASS_b,F,P,les gemmes avec les bracelets que j' aime beaucoup ne sont probablement pas ouvertes <eos>,13,ouvertes,ouverts,11,M,ouvertes,-9.011975,ouverts,-10.05607,1
10,P_NOUN_8_PASS_b,F,P,les gemmes avec les bracelets que j' aime beaucoup ne sont probablement pas perdues <eos>,13,perdues,perdus,11,M,perdues,-7.4645777,perdus,-8.137464,1
11,P_NOUN_8_PASS_b,F,P,les gemmes avec les bracelets que j' aime beaucoup ne sont probablement pas réparées <eos>,13,réparées,réparés,11,M,réparées,-10.416938,réparés,-12.543823,1
12,P_NOUN_8_PASS_b,F,P,les gemmes avec les bracelets que j' aime beaucoup ne sont probablement pas retirées <eos>,13,retirées,retirés,11,M,retirées,-9.158525,retirés,-9.736887,1
13,P_NOUN_8_PASS_b,F,P,les gemmes avec les bracelets que j' aime beaucoup ne sont probablement pas tombées <eos>,13,tombées,tombés,11,M,tombées,-7.8973117,tombés,-7.569246,0
14,P_NOUN_8_PASS_b,F,P,les gemmes avec les bracelets que j' aime beaucoup ne sont probablement pas utilisées <eos>,13,utilisées,utilisés,11,M,utilisées,-5.4021316,utilisés,-5.9107347,1
15,P_NOUN_8_PASS_b,F,P,les gemmes avec les miroirs que j' aime beaucoup ne sont probablement pas achetées <eos>,13,achetées,achetés,11,M,achetées,-11.82812,achetés,-10.426311,0
16,P_NOUN_8_PASS_b,F,P,les gemmes avec les miroirs que j' aime beaucoup ne sont probablement pas brisées <eos>,13,brisées,brisés,11,M,brisées,-8.941704,brisés,-11.772404,1
17,P_NOUN_8_PASS_b,F,P,les gemmes avec les miroirs que j' aime beaucoup ne sont probablement pas cachées <eos>,13,cachées,cachés,11,M,cachées,-7.476801,cachés,-8.201719,1
18,P_NOUN_8_PASS_b,F,P,les gemmes avec les miroirs que j' aime beaucoup ne sont probablement pas cassées <eos>,13,cassées,cassés,11,M,cassées,-9.28761,cassés,-10.116524,1
19,P_NOUN_8_PASS_b,F,P,les gemmes avec les miroirs que j' aime beaucoup ne sont probablement pas couvertes <eos>,13,couvertes,couverts,11,M,couvertes,-8.206516,couverts,-8.762781,1
20,P_NOUN_8_PASS_b,F,P,les gemmes avec les miroirs que j' aime beaucoup ne sont probablement pas déformées <eos>,13,déformées,déformés,11,M,déformées,-7.064025,déformés,-11.382127,1
21,P_NOUN_8_PASS_b,F,P,les gemmes avec les miroirs que j' aime beaucoup ne sont probablement pas fixées <eos>,13,fixées,fixés,11,M,fixées,-8.373329,fixés,-9.36461,1
22,P_NOUN_8_PASS_b,F,P,les gemmes avec les miroirs que j' aime beaucoup ne sont probablement pas jetées <eos>,13,jetées,jetés,11,M,jetées,-8.93218,jetés,-9.247319,1
23,P_NOUN_8_PASS_b,F,P,les gemmes avec les miroirs que j' aime beaucoup ne sont probablement pas laissées <eos>,13,laissées,laissés,11,M,laissées,-8.272528,laissés,-9.974504,1
24,P_NOUN_8_PASS_b,F,P,les gemmes avec les miroirs que j' aime beaucoup ne sont probablement pas ouvertes <eos>,13,ouvertes,ouverts,11,M,ouvertes,-8.27095,ouverts,-8.99362,1
25,P_NOUN_8_PASS_b,F,P,les gemmes avec les miroirs que j' aime beaucoup ne sont probablement pas perdues <eos>,13,perdues,perdus,11,M,perdues,-7.422962,perdus,-7.757271,1
26,P_NOUN_8_PASS_b,F,P,les gemmes avec les miroirs que j' aime beaucoup ne sont probablement pas réparées <eos>,13,réparées,réparés,11,M,réparées,-9.492667,réparés,-11.697435,1
27,P_NOUN_8_PASS_b,F,P,les gemmes avec les miroirs que j' aime beaucoup ne sont probablement pas retirées <eos>,13,retirées,retirés,11,M,retirées,-8.878925,retirés,-10.111929,1
28,P_NOUN_8_PASS_b,F,P,les gemmes avec les miroirs que j' aime beaucoup ne sont probablement pas tombées <eos>,13,tombées,tombés,11,M,tombées,-7.9916124,tombés,-8.887264,1
29,P_NOUN_8_PASS_b,F,P,les gemmes avec les miroirs que j' aime beaucoup ne sont probablement pas utilisées <eos>,13,utilisées,utilisés,11,M,utilisées,-5.4049826,utilisés,-6.0348854,1
30,P_NOUN_8_PASS_b,F,P,les gemmes avec les crayons que j' aime beaucoup ne sont probablement pas achetées <eos>,13,achetées,achetés,11,M,achetées,-10.953479,achetés,-9.401313,0
31,P_NOUN_8_PASS_b,F,P,les gemmes avec les crayons que j' aime beaucoup ne sont probablement pas brisées <eos>,13,brisées,brisés,11,M,brisées,-9.540528,brisés,-12.27168,1
32,P_NOUN_8_PASS_b,F,P,les gemmes avec les crayons que j' aime beaucoup ne sont probablement pas cachées <eos>,13,cachées,cachés,11,M,cachées,-8.099126,cachés,-8.1933565,1
33,P_NOUN_8_PASS_b,F,P,les gemmes avec les crayons que j' aime beaucoup ne sont probablement pas cassées <eos>,13,cassées,cassés,11,M,cassées,-9.541706,cassés,-9.259761,0
34,P_NOUN_8_PASS_b,F,P,les gemmes avec les crayons que j' aime beaucoup ne sont probablement pas couvertes <eos>,13,couvertes,couverts,11,M,couvertes,-8.731195,couverts,-8.458186,0
35,P_NOUN_8_PASS_b,F,P,les gemmes avec les crayons que j' aime beaucoup ne sont probablement pas déformées <eos>,13,déformées,déformés,11,M,déformées,-8.338285,déformés,-12.450241,1
36,P_NOUN_8_PASS_b,F,P,les gemmes avec les crayons que j' aime beaucoup ne sont probablement pas fixées <eos>,13,fixées,fixés,11,M,fixées,-9.039147,fixés,-9.562504,1
37,P_NOUN_8_PASS_b,F,P,les gemmes avec les crayons que j' aime beaucoup ne sont probablement pas jetées <eos>,13,jetées,jetés,11,M,jetées,-9.434996,jetés,-9.315014,0
38,P_NOUN_8_PASS_b,F,P,les gemmes avec les crayons que j' aime beaucoup ne sont probablement pas laissées <eos>,13,laissées,laissés,11,M,laissées,-8.193953,laissés,-9.184841,1
39,P_NOUN_8_PASS_b,F,P,les gemmes avec les crayons que j' aime beaucoup ne sont probablement pas ouvertes <eos>,13,ouvertes,ouverts,11,M,ouvertes,-8.967759,ouverts,-9.74895,1
40,P_NOUN_8_PASS_b,F,P,les gemmes avec les crayons que j' aime beaucoup ne sont probablement pas perdues <eos>,13,perdues,perdus,11,M,perdues,-7.6471834,perdus,-8.071569,1
41,P_NOUN_8_PASS_b,F,P,les gemmes avec les crayons que j' aime beaucoup ne sont probablement pas réparées <eos>,13,réparées,réparés,11,M,réparées,-9.804847,réparés,-11.572378,1
42,P_NOUN_8_PASS_b,F,P,les gemmes avec les crayons que j' aime beaucoup ne sont probablement pas retirées <eos>,13,retirées,retirés,11,M,retirées,-8.976536,retirés,-9.806103,1
43,P_NOUN_8_PASS_b,F,P,les gemmes avec les crayons que j' aime beaucoup ne sont probablement pas tombées <eos>,13,tombées,tombés,11,M,tombées,-7.903934,tombés,-8.052687,1
44,P_NOUN_8_PASS_b,F,P,les gemmes avec les crayons que j' aime beaucoup ne sont probablement pas utilisées <eos>,13,utilisées,utilisés,11,M,utilisées,-5.689406,utilisés,-6.054068,1
45,P_NOUN_8_PASS_b,F,P,les gemmes avec les rideaux que j' aime beaucoup ne sont probablement pas achetées <eos>,13,achetées,achetés,11,M,achetées,-10.459331,achetés,-9.975744,0
46,P_NOUN_8_PASS_b,F,P,les gemmes avec les rideaux que j' aime beaucoup ne sont probablement pas brisées <eos>,13,brisées,brisés,11,M,brisées,-8.908222,brisés,-12.211959,1
47,P_NOUN_8_PASS_b,F,P,les gemmes avec les rideaux que j' aime beaucoup ne sont probablement pas cachées <eos>,13,cachées,cachés,11,M,cachées,-7.229784,cachés,-8.315329,1
48,P_NOUN_8_PASS_b,F,P,les gemmes avec les rideaux que j' aime beaucoup ne sont probablement pas cassées <eos>,13,cassées,cassés,11,M,cassées,-8.894157,cassés,-9.7806015,1
49,P_NOUN_8_PASS_b,F,P,les gemmes avec les rideaux que j' aime beaucoup ne sont probablement pas couvertes <eos>,13,couvertes,couverts,11,M,couvertes,-8.00852,couverts,-8.661976,1
50,P_NOUN_8_PASS_b,F,P,les gemmes avec les rideaux que j' aime beaucoup ne sont probablement pas déformées <eos>,13,déformées,déformés,11,M,déformées,-8.0888405,déformés,-12.458925,1
51,P_NOUN_8_PASS_b,F,P,les gemmes avec les rideaux que j' aime beaucoup ne sont probablement pas fixées <eos>,13,fixées,fixés,11,M,fixées,-8.222521,fixés,-9.429343,1
52,P_NOUN_8_PASS_b,F,P,les gemmes avec les rideaux que j' aime beaucoup ne sont probablement pas jetées <eos>,13,jetées,jetés,11,M,jetées,-8.571781,jetés,-9.53329,1
53,P_NOUN_8_PASS_b,F,P,les gemmes avec les rideaux que j' aime beaucoup ne sont probablement pas laissées <eos>,13,laissées,laissés,11,M,laissées,-7.7315445,laissés,-9.546569,1
54,P_NOUN_8_PASS_b,F,P,les gemmes avec les rideaux que j' aime beaucoup ne sont probablement pas ouvertes <eos>,13,ouvertes,ouverts,11,M,ouvertes,-8.334156,ouverts,-9.783938,1
55,P_NOUN_8_PASS_b,F,P,les gemmes avec les rideaux que j' aime beaucoup ne sont probablement pas perdues <eos>,13,perdues,perdus,11,M,perdues,-7.282621,perdus,-8.286495,1
56,P_NOUN_8_PASS_b,F,P,les gemmes avec les rideaux que j' aime beaucoup ne sont probablement pas réparées <eos>,13,réparées,réparés,11,M,réparées,-9.290857,réparés,-11.9166355,1
57,P_NOUN_8_PASS_b,F,P,les gemmes avec les rideaux que j' aime beaucoup ne sont probablement pas retirées <eos>,13,retirées,retirés,11,M,retirées,-8.445278,retirés,-10.456127,1
58,P_NOUN_8_PASS_b,F,P,les gemmes avec les rideaux que j' aime beaucoup ne sont probablement pas tombées <eos>,13,tombées,tombés,11,M,tombées,-7.448394,tombés,-8.039862,1
59,P_NOUN_8_PASS_b,F,P,les gemmes avec les rideaux que j' aime beaucoup ne sont probablement pas utilisées <eos>,13,utilisées,utilisés,11,M,utilisées,-5.5957413,utilisés,-6.6822157,1
60,P_NOUN_8_PASS_b,F,P,les gemmes avec les cahiers que j' aime beaucoup ne sont probablement pas achetées <eos>,13,achetées,achetés,11,M,achetées,-11.082506,achetés,-9.897502,0
61,P_NOUN_8_PASS_b,F,P,les gemmes avec les cahiers que j' aime beaucoup ne sont probablement pas brisées <eos>,13,brisées,brisés,11,M,brisées,-9.847079,brisés,-12.914216,1
62,P_NOUN_8_PASS_b,F,P,les gemmes avec les cahiers que j' aime beaucoup ne sont probablement pas cachées <eos>,13,cachées,cachés,11,M,cachées,-7.8918786,cachés,-8.633033,1
63,P_NOUN_8_PASS_b,F,P,les gemmes avec les cahiers que j' aime beaucoup ne sont probablement pas cassées <eos>,13,cassées,cassés,11,M,cassées,-10.254219,cassés,-10.788788,1
64,P_NOUN_8_PASS_b,F,P,les gemmes avec les cahiers que j' aime beaucoup ne sont probablement pas couvertes <eos>,13,couvertes,couverts,11,M,couvertes,-8.855172,couverts,-9.041502,1
65,P_NOUN_8_PASS_b,F,P,les gemmes avec les cahiers que j' aime beaucoup ne sont probablement pas déformées <eos>,13,déformées,déformés,11,M,déformées,-8.284302,déformés,-12.637251,1
66,P_NOUN_8_PASS_b,F,P,les gemmes avec les cahiers que j' aime beaucoup ne sont probablement pas fixées <eos>,13,fixées,fixés,11,M,fixées,-9.106762,fixés,-10.3875065,1
67,P_NOUN_8_PASS_b,F,P,les gemmes avec les cahiers que j' aime beaucoup ne sont probablement pas jetées <eos>,13,jetées,jetés,11,M,jetées,-10.010499,jetés,-10.5277815,1
68,P_NOUN_8_PASS_b,F,P,les gemmes avec les cahiers que j' aime beaucoup ne sont probablement pas laissées <eos>,13,laissées,laissés,11,M,laissées,-8.391397,laissés,-9.800621,1
69,P_NOUN_8_PASS_b,F,P,les gemmes avec les cahiers que j' aime beaucoup ne sont probablement pas ouvertes <eos>,13,ouvertes,ouverts,11,M,ouvertes,-8.203238,ouverts,-9.447894,1
70,P_NOUN_8_PASS_b,F,P,les gemmes avec les cahiers que j' aime beaucoup ne sont probablement pas perdues <eos>,13,perdues,perdus,11,M,perdues,-6.8403316,perdus,-7.663262,1
71,P_NOUN_8_PASS_b,F,P,les gemmes avec les cahiers que j' aime beaucoup ne sont probablement pas réparées <eos>,13,réparées,réparés,11,M,réparées,-10.38857,réparés,-12.520426,1
72,P_NOUN_8_PASS_b,F,P,les gemmes avec les cahiers que j' aime beaucoup ne sont probablement pas retirées <eos>,13,retirées,retirés,11,M,retirées,-9.106946,retirés,-10.759166,1
73,P_NOUN_8_PASS_b,F,P,les gemmes avec les cahiers que j' aime beaucoup ne sont probablement pas tombées <eos>,13,tombées,tombés,11,M,tombées,-8.014913,tombés,-8.601685,1
74,P_NOUN_8_PASS_b,F,P,les gemmes avec les cahiers que j' aime beaucoup ne sont probablement pas utilisées <eos>,13,utilisées,utilisés,11,M,utilisées,-5.897759,utilisés,-6.8390756,1
75,P_NOUN_8_PASS_b,F,P,les gemmes avec les micros que j' aime beaucoup ne sont probablement pas achetées <eos>,13,achetées,achetés,11,M,achetées,-11.008179,achetés,-10.254465,0
76,P_NOUN_8_PASS_b,F,P,les gemmes avec les micros que j' aime beaucoup ne sont probablement pas brisées <eos>,13,brisées,brisés,11,M,brisées,-9.116867,brisés,-12.272301,1
77,P_NOUN_8_PASS_b,F,P,les gemmes avec les micros que j' aime beaucoup ne sont probablement pas cachées <eos>,13,cachées,cachés,11,M,cachées,-8.020452,cachés,-8.758675,1
78,P_NOUN_8_PASS_b,F,P,les gemmes avec les micros que j' aime beaucoup ne sont probablement pas cassées <eos>,13,cassées,cassés,11,M,cassées,-9.468174,cassés,-10.19195,1
79,P_NOUN_8_PASS_b,F,P,les gemmes avec les micros que j' aime beaucoup ne sont probablement pas couvertes <eos>,13,couvertes,couverts,11,M,couvertes,-8.379844,couverts,-8.640102,1
80,P_NOUN_8_PASS_b,F,P,les gemmes avec les micros que j' aime beaucoup ne sont probablement pas déformées <eos>,13,déformées,déformés,11,M,déformées,-7.9995117,déformés,-12.64526,1
81,P_NOUN_8_PASS_b,F,P,les gemmes avec les micros que j' aime beaucoup ne sont probablement pas fixées <eos>,13,fixées,fixés,11,M,fixées,-8.2005,fixés,-8.705019,1
82,P_NOUN_8_PASS_b,F,P,les gemmes avec les micros que j' aime beaucoup ne sont probablement pas jetées <eos>,13,jetées,jetés,11,M,jetées,-9.30607,jetés,-10.097663,1
83,P_NOUN_8_PASS_b,F,P,les gemmes avec les micros que j' aime beaucoup ne sont probablement pas laissées <eos>,13,laissées,laissés,11,M,laissées,-7.9306545,laissés,-10.201448,1
84,P_NOUN_8_PASS_b,F,P,les gemmes avec les micros que j' aime beaucoup ne sont probablement pas ouvertes <eos>,13,ouvertes,ouverts,11,M,ouvertes,-8.5956545,ouverts,-9.479942,1
85,P_NOUN_8_PASS_b,F,P,les gemmes avec les micros que j' aime beaucoup ne sont probablement pas perdues <eos>,13,perdues,perdus,11,M,perdues,-7.9871426,perdus,-8.448203,1
86,P_NOUN_8_PASS_b,F,P,les gemmes avec les micros que j' aime beaucoup ne sont probablement pas réparées <eos>,13,réparées,réparés,11,M,réparées,-10.090063,réparés,-12.3757515,1
87,P_NOUN_8_PASS_b,F,P,les gemmes avec les micros que j' aime beaucoup ne sont probablement pas retirées <eos>,13,retirées,retirés,11,M,retirées,-8.940831,retirés,-10.455569,1
88,P_NOUN_8_PASS_b,F,P,les gemmes avec les micros que j' aime beaucoup ne sont probablement pas tombées <eos>,13,tombées,tombés,11,M,tombées,-8.448917,tombés,-8.965422,1
89,P_NOUN_8_PASS_b,F,P,les gemmes avec les micros que j' aime beaucoup ne sont probablement pas utilisées <eos>,13,utilisées,utilisés,11,M,utilisées,-5.213143,utilisés,-5.812469,1
90,P_NOUN_8_PASS_b,F,P,les gemmes avec les sacs que j' aime beaucoup ne sont probablement pas achetées <eos>,13,achetées,achetés,11,M,achetées,-11.043228,achetés,-9.281175,0
91,P_NOUN_8_PASS_b,F,P,les gemmes avec les sacs que j' aime beaucoup ne sont probablement pas brisées <eos>,13,brisées,brisés,11,M,brisées,-9.419904,brisés,-11.9232,1
92,P_NOUN_8_PASS_b,F,P,les gemmes avec les sacs que j' aime beaucoup ne sont probablement pas cachées <eos>,13,cachées,cachés,11,M,cachées,-7.9472547,cachés,-7.9049897,0
93,P_NOUN_8_PASS_b,F,P,les gemmes avec les sacs que j' aime beaucoup ne sont probablement pas cassées <eos>,13,cassées,cassés,11,M,cassées,-9.457125,cassés,-9.424872,0
94,P_NOUN_8_PASS_b,F,P,les gemmes avec les sacs que j' aime beaucoup ne sont probablement pas couvertes <eos>,13,couvertes,couverts,11,M,couvertes,-8.426699,couverts,-8.086122,0
95,P_NOUN_8_PASS_b,F,P,les gemmes avec les sacs que j' aime beaucoup ne sont probablement pas déformées <eos>,13,déformées,déformés,11,M,déformées,-8.873935,déformés,-12.658635,1
96,P_NOUN_8_PASS_b,F,P,les gemmes avec les sacs que j' aime beaucoup ne sont probablement pas fixées <eos>,13,fixées,fixés,11,M,fixées,-8.812063,fixés,-8.898966,1
97,P_NOUN_8_PASS_b,F,P,les gemmes avec les sacs que j' aime beaucoup ne sont probablement pas jetées <eos>,13,jetées,jetés,11,M,jetées,-8.929089,jetés,-8.86874,0
98,P_NOUN_8_PASS_b,F,P,les gemmes avec les sacs que j' aime beaucoup ne sont probablement pas laissées <eos>,13,laissées,laissés,11,M,laissées,-8.405648,laissés,-9.227543,1
99,P_NOUN_8_PASS_b,F,P,les gemmes avec les sacs que j' aime beaucoup ne sont probablement pas ouvertes <eos>,13,ouvertes,ouverts,11,M,ouvertes,-8.83061,ouverts,-9.474324,1
100,P_NOUN_8_PASS_b,F,P,les gemmes avec les sacs que j' aime beaucoup ne sont probablement pas perdues <eos>,13,perdues,perdus,11,M,perdues,-7.939073,perdus,-8.030018,1
101,P_NOUN_8_PASS_b,F,P,les gemmes avec les sacs que j' aime beaucoup ne sont probablement pas réparées <eos>,13,réparées,réparés,11,M,réparées,-10.06661,réparés,-11.535193,1
102,P_NOUN_8_PASS_b,F,P,les gemmes avec les sacs que j' aime beaucoup ne sont probablement pas retirées <eos>,13,retirées,retirés,11,M,retirées,-9.175627,retirés,-9.611996,1
103,P_NOUN_8_PASS_b,F,P,les gemmes avec les sacs que j' aime beaucoup ne sont probablement pas tombées <eos>,13,tombées,tombés,11,M,tombées,-8.172157,tombés,-7.9429493,0
104,P_NOUN_8_PASS_b,F,P,les gemmes avec les sacs que j' aime beaucoup ne sont probablement pas utilisées <eos>,13,utilisées,utilisés,11,M,utilisées,-5.6721125,utilisés,-5.8115644,1
105,P_NOUN_8_PASS_b,F,P,les gemmes avec les claviers que j' aime beaucoup ne sont probablement pas achetées <eos>,13,achetées,achetés,11,M,achetées,-10.685946,achetés,-10.289932,0
106,P_NOUN_8_PASS_b,F,P,les gemmes avec les claviers que j' aime beaucoup ne sont probablement pas brisées <eos>,13,brisées,brisés,11,M,brisées,-9.0589,brisés,-12.341599,1
107,P_NOUN_8_PASS_b,F,P,les gemmes avec les claviers que j' aime beaucoup ne sont probablement pas cachées <eos>,13,cachées,cachés,11,M,cachées,-7.828307,cachés,-8.850606,1
108,P_NOUN_8_PASS_b,F,P,les gemmes avec les claviers que j' aime beaucoup ne sont probablement pas cassées <eos>,13,cassées,cassés,11,M,cassées,-9.688796,cassés,-10.655035,1
109,P_NOUN_8_PASS_b,F,P,les gemmes avec les claviers que j' aime beaucoup ne sont probablement pas couvertes <eos>,13,couvertes,couverts,11,M,couvertes,-8.612875,couverts,-9.310596,1
110,P_NOUN_8_PASS_b,F,P,les gemmes avec les claviers que j' aime beaucoup ne sont probablement pas déformées <eos>,13,déformées,déformés,11,M,déformées,-8.041347,déformés,-12.8942585,1
111,P_NOUN_8_PASS_b,F,P,les gemmes avec les claviers que j' aime beaucoup ne sont probablement pas fixées <eos>,13,fixées,fixés,11,M,fixées,-8.668687,fixés,-9.225401,1
112,P_NOUN_8_PASS_b,F,P,les gemmes avec les claviers que j' aime beaucoup ne sont probablement pas jetées <eos>,13,jetées,jetés,11,M,jetées,-9.546895,jetés,-10.34954,1
113,P_NOUN_8_PASS_b,F,P,les gemmes avec les claviers que j' aime beaucoup ne sont probablement pas laissées <eos>,13,laissées,laissés,11,M,laissées,-8.088902,laissés,-9.928406,1
114,P_NOUN_8_PASS_b,F,P,les gemmes avec les claviers que j' aime beaucoup ne sont probablement pas ouvertes <eos>,13,ouvertes,ouverts,11,M,ouvertes,-8.048638,ouverts,-9.433425,1
115,P_NOUN_8_PASS_b,F,P,les gemmes avec les claviers que j' aime beaucoup ne sont probablement pas perdues <eos>,13,perdues,perdus,11,M,perdues,-7.546875,perdus,-8.447765,1
116,P_NOUN_8_PASS_b,F,P,les gemmes avec les claviers que j' aime beaucoup ne sont probablement pas réparées <eos>,13,réparées,réparés,11,M,réparées,-9.920664,réparés,-12.478907,1
117,P_NOUN_8_PASS_b,F,P,les gemmes avec les claviers que j' aime beaucoup ne sont probablement pas retirées <eos>,13,retirées,retirés,11,M,retirées,-8.948703,retirés,-10.782121,1
118,P_NOUN_8_PASS_b,F,P,les gemmes avec les claviers que j' aime beaucoup ne sont probablement pas tombées <eos>,13,tombées,tombés,11,M,tombées,-8.636377,tombés,-9.420329,1
119,P_NOUN_8_PASS_b,F,P,les gemmes avec les claviers que j' aime beaucoup ne sont probablement pas utilisées <eos>,13,utilisées,utilisés,11,M,utilisées,-5.382808,utilisés,-6.406894,1
120,P_NOUN_8_PASS_b,F,P,les gemmes avec les raisins que j' aime beaucoup ne sont probablement pas achetées <eos>,13,achetées,achetés,11,M,achetées,-9.918424,achetés,-8.803935,0
121,P_NOUN_8_PASS_b,F,P,les gemmes avec les raisins que j' aime beaucoup ne sont probablement pas brisées <eos>,13,brisées,brisés,11,M,brisées,-9.522506,brisés,-12.771634,1
122,P_NOUN_8_PASS_b,F,P,les gemmes avec les raisins que j' aime beaucoup ne sont probablement pas cachées <eos>,13,cachées,cachés,11,M,cachées,-8.308367,cachés,-8.885905,1
123,P_NOUN_8_PASS_b,F,P,les gemmes avec les raisins que j' aime beaucoup ne sont probablement pas cassées <eos>,13,cassées,cassés,11,M,cassées,-9.596898,cassés,-8.909208,0
124,P_NOUN_8_PASS_b,F,P,les gemmes avec les raisins que j' aime beaucoup ne sont probablement pas couvertes <eos>,13,couvertes,couverts,11,M,couvertes,-8.123852,couverts,-7.675329,0
125,P_NOUN_8_PASS_b,F,P,les gemmes avec les raisins que j' aime beaucoup ne sont probablement pas déformées <eos>,13,déformées,déformés,11,M,déformées,-8.832149,déformés,-13.794707,1
126,P_NOUN_8_PASS_b,F,P,les gemmes avec les raisins que j' aime beaucoup ne sont probablement pas fixées <eos>,13,fixées,fixés,11,M,fixées,-8.74456,fixés,-9.127432,1
127,P_NOUN_8_PASS_b,F,P,les gemmes avec les raisins que j' aime beaucoup ne sont probablement pas jetées <eos>,13,jetées,jetés,11,M,jetées,-10.091742,jetés,-10.37463,1
128,P_NOUN_8_PASS_b,F,P,les gemmes avec les raisins que j' aime beaucoup ne sont probablement pas laissées <eos>,13,laissées,laissés,11,M,laissées,-7.3636656,laissés,-9.235307,1
129,P_NOUN_8_PASS_b,F,P,les gemmes avec les raisins que j' aime beaucoup ne sont probablement pas ouvertes <eos>,13,ouvertes,ouverts,11,M,ouvertes,-8.690237,ouverts,-10.118683,1
130,P_NOUN_8_PASS_b,F,P,les gemmes avec les raisins que j' aime beaucoup ne sont probablement pas perdues <eos>,13,perdues,perdus,11,M,perdues,-8.021032,perdus,-8.479013,1
131,P_NOUN_8_PASS_b,F,P,les gemmes avec les raisins que j' aime beaucoup ne sont probablement pas réparées <eos>,13,réparées,réparés,11,M,réparées,-10.081583,réparés,-12.096954,1
132,P_NOUN_8_PASS_b,F,P,les gemmes avec les raisins que j' aime beaucoup ne sont probablement pas retirées <eos>,13,retirées,retirés,11,M,retirées,-8.748805,retirés,-9.907681,1
133,P_NOUN_8_PASS_b,F,P,les gemmes avec les raisins que j' aime beaucoup ne sont probablement pas tombées <eos>,13,tombées,tombés,11,M,tombées,-7.5881577,tombés,-7.9719753,1
134,P_NOUN_8_PASS_b,F,P,les gemmes avec les raisins que j' aime beaucoup ne sont probablement pas utilisées <eos>,13,utilisées,utilisés,11,M,utilisées,-5.1533346,utilisés,-5.8159075,1
135,P_NOUN_8_PASS_b,F,P,les gemmes avec les chargeurs que j' aime beaucoup ne sont probablement pas achetées <eos>,13,achetées,achetés,11,M,achetées,-10.638815,achetés,-9.954119,0
136,P_NOUN_8_PASS_b,F,P,les gemmes avec les chargeurs que j' aime beaucoup ne sont probablement pas brisées <eos>,13,brisées,brisés,11,M,brisées,-9.405956,brisés,-12.6135,1
137,P_NOUN_8_PASS_b,F,P,les gemmes avec les chargeurs que j' aime beaucoup ne sont probablement pas cachées <eos>,13,cachées,cachés,11,M,cachées,-7.8607416,cachés,-7.657387,0
138,P_NOUN_8_PASS_b,F,P,les gemmes avec les chargeurs que j' aime beaucoup ne sont probablement pas cassées <eos>,13,cassées,cassés,11,M,cassées,-9.979275,cassés,-9.813891,0
139,P_NOUN_8_PASS_b,F,P,les gemmes avec les chargeurs que j' aime beaucoup ne sont probablement pas couvertes <eos>,13,couvertes,couverts,11,M,couvertes,-8.176979,couverts,-8.54534,1
140,P_NOUN_8_PASS_b,F,P,les gemmes avec les chargeurs que j' aime beaucoup ne sont probablement pas déformées <eos>,13,déformées,déformés,11,M,déformées,-8.940729,déformés,-13.334059,1
141,P_NOUN_8_PASS_b,F,P,les gemmes avec les chargeurs que j' aime beaucoup ne sont probablement pas fixées <eos>,13,fixées,fixés,11,M,fixées,-8.181641,fixés,-8.790404,1
142,P_NOUN_8_PASS_b,F,P,les gemmes avec les chargeurs que j' aime beaucoup ne sont probablement pas jetées <eos>,13,jetées,jetés,11,M,jetées,-9.500321,jetés,-9.631469,1
143,P_NOUN_8_PASS_b,F,P,les gemmes avec les chargeurs que j' aime beaucoup ne sont probablement pas laissées <eos>,13,laissées,laissés,11,M,laissées,-8.359579,laissés,-9.825079,1
144,P_NOUN_8_PASS_b,F,P,les gemmes avec les chargeurs que j' aime beaucoup ne sont probablement pas ouvertes <eos>,13,ouvertes,ouverts,11,M,ouvertes,-8.875635,ouverts,-9.835107,1
145,P_NOUN_8_PASS_b,F,P,les gemmes avec les chargeurs que j' aime beaucoup ne sont probablement pas perdues <eos>,13,perdues,perdus,11,M,perdues,-7.314149,perdus,-8.24788,1
146,P_NOUN_8_PASS_b,F,P,les gemmes avec les chargeurs que j' aime beaucoup ne sont probablement pas réparées <eos>,13,réparées,réparés,11,M,réparées,-9.88147,réparés,-11.216646,1
147,P_NOUN_8_PASS_b,F,P,les gemmes avec les chargeurs que j' aime beaucoup ne sont probablement pas retirées <eos>,13,retirées,retirés,11,M,retirées,-8.658102,retirés,-8.851999,1
148,P_NOUN_8_PASS_b,F,P,les gemmes avec les chargeurs que j' aime beaucoup ne sont probablement pas tombées <eos>,13,tombées,tombés,11,M,tombées,-8.267774,tombés,-7.87529,0
149,P_NOUN_8_PASS_b,F,P,les gemmes avec les chargeurs que j' aime beaucoup ne sont probablement pas utilisées <eos>,13,utilisées,utilisés,11,M,utilisées,-4.8787146,utilisés,-5.475028,1
150,P_NOUN_8_PASS_b,F,P,les gemmes avec les vases que j' aime beaucoup ne sont probablement pas achetées <eos>,13,achetées,achetés,11,M,achetées,-11.0735855,achetés,-9.91643,0
151,P_NOUN_8_PASS_b,F,P,les gemmes avec les vases que j' aime beaucoup ne sont probablement pas brisées <eos>,13,brisées,brisés,11,M,brisées,-9.01581,brisés,-11.821745,1
152,P_NOUN_8_PASS_b,F,P,les gemmes avec les vases que j' aime beaucoup ne sont probablement pas cachées <eos>,13,cachées,cachés,11,M,cachées,-7.804433,cachés,-8.663822,1
153,P_NOUN_8_PASS_b,F,P,les gemmes avec les vases que j' aime beaucoup ne sont probablement pas cassées <eos>,13,cassées,cassés,11,M,cassées,-8.850578,cassés,-9.182011,1
154,P_NOUN_8_PASS_b,F,P,les gemmes avec les vases que j' aime beaucoup ne sont probablement pas couvertes <eos>,13,couvertes,couverts,11,M,couvertes,-8.316622,couverts,-8.21022,0
155,P_NOUN_8_PASS_b,F,P,les gemmes avec les vases que j' aime beaucoup ne sont probablement pas déformées <eos>,13,déformées,déformés,11,M,déformées,-7.904808,déformés,-12.255739,1
156,P_NOUN_8_PASS_b,F,P,les gemmes avec les vases que j' aime beaucoup ne sont probablement pas fixées <eos>,13,fixées,fixés,11,M,fixées,-8.235634,fixés,-9.223173,1
157,P_NOUN_8_PASS_b,F,P,les gemmes avec les vases que j' aime beaucoup ne sont probablement pas jetées <eos>,13,jetées,jetés,11,M,jetées,-8.947584,jetés,-9.201254,1
158,P_NOUN_8_PASS_b,F,P,les gemmes avec les vases que j' aime beaucoup ne sont probablement pas laissées <eos>,13,laissées,laissés,11,M,laissées,-7.8202767,laissés,-9.305485,1
159,P_NOUN_8_PASS_b,F,P,les gemmes avec les vases que j' aime beaucoup ne sont probablement pas ouvertes <eos>,13,ouvertes,ouverts,11,M,ouvertes,-8.776104,ouverts,-9.80765,1
160,P_NOUN_8_PASS_b,F,P,les gemmes avec les vases que j' aime beaucoup ne sont probablement pas perdues <eos>,13,perdues,perdus,11,M,perdues,-7.833387,perdus,-8.2660675,1
161,P_NOUN_8_PASS_b,F,P,les gemmes avec les vases que j' aime beaucoup ne sont probablement pas réparées <eos>,13,réparées,réparés,11,M,réparées,-9.9238205,réparés,-11.986587,1
162,P_NOUN_8_PASS_b,F,P,les gemmes avec les vases que j' aime beaucoup ne sont probablement pas retirées <eos>,13,retirées,retirés,11,M,retirées,-8.949074,retirés,-9.930087,1
163,P_NOUN_8_PASS_b,F,P,les gemmes avec les vases que j' aime beaucoup ne sont probablement pas tombées <eos>,13,tombées,tombés,11,M,tombées,-7.844241,tombés,-8.061657,1
164,P_NOUN_8_PASS_b,F,P,les gemmes avec les vases que j' aime beaucoup ne sont probablement pas utilisées <eos>,13,utilisées,utilisés,11,M,utilisées,-5.4938984,utilisés,-6.0035124,1
165,P_NOUN_8_PASS_b,F,P,les gemmes avec les paniers que j' aime beaucoup ne sont probablement pas achetées <eos>,13,achetées,achetés,11,M,achetées,-10.887398,achetés,-9.518787,0
166,P_NOUN_8_PASS_b,F,P,les gemmes avec les paniers que j' aime beaucoup ne sont probablement pas brisées <eos>,13,brisées,brisés,11,M,brisées,-9.144586,brisés,-11.996389,1
167,P_NOUN_8_PASS_b,F,P,les gemmes avec les paniers que j' aime beaucoup ne sont probablement pas cachées <eos>,13,cachées,cachés,11,M,cachées,-7.919216,cachés,-8.2314005,1
168,P_NOUN_8_PASS_b,F,P,les gemmes avec les paniers que j' aime beaucoup ne sont probablement pas cassées <eos>,13,cassées,cassés,11,M,cassées,-9.050287,cassés,-9.455707,1
169,P_NOUN_8_PASS_b,F,P,les gemmes avec les paniers que j' aime beaucoup ne sont probablement pas couvertes <eos>,13,couvertes,couverts,11,M,couvertes,-8.47457,couverts,-8.345147,0
170,P_NOUN_8_PASS_b,F,P,les gemmes avec les paniers que j' aime beaucoup ne sont probablement pas déformées <eos>,13,déformées,déformés,11,M,déformées,-8.414594,déformés,-12.688196,1
171,P_NOUN_8_PASS_b,F,P,les gemmes avec les paniers que j' aime beaucoup ne sont probablement pas fixées <eos>,13,fixées,fixés,11,M,fixées,-8.21129,fixés,-8.862693,1
172,P_NOUN_8_PASS_b,F,P,les gemmes avec les paniers que j' aime beaucoup ne sont probablement pas jetées <eos>,13,jetées,jetés,11,M,jetées,-8.680785,jetés,-9.228344,1
173,P_NOUN_8_PASS_b,F,P,les gemmes avec les paniers que j' aime beaucoup ne sont probablement pas laissées <eos>,13,laissées,laissés,11,M,laissées,-8.412998,laissés,-9.545164,1
174,P_NOUN_8_PASS_b,F,P,les gemmes avec les paniers que j' aime beaucoup ne sont probablement pas ouvertes <eos>,13,ouvertes,ouverts,11,M,ouvertes,-8.821171,ouverts,-9.828041,1
175,P_NOUN_8_PASS_b,F,P,les gemmes avec les paniers que j' aime beaucoup ne sont probablement pas perdues <eos>,13,perdues,perdus,11,M,perdues,-7.7666655,perdus,-8.127797,1
176,P_NOUN_8_PASS_b,F,P,les gemmes avec les paniers que j' aime beaucoup ne sont probablement pas réparées <eos>,13,réparées,réparés,11,M,réparées,-10.177013,réparés,-12.172161,1
177,P_NOUN_8_PASS_b,F,P,les gemmes avec les paniers que j' aime beaucoup ne sont probablement pas retirées <eos>,13,retirées,retirés,11,M,retirées,-8.934711,retirés,-9.78718,1
178,P_NOUN_8_PASS_b,F,P,les gemmes avec les paniers que j' aime beaucoup ne sont probablement pas tombées <eos>,13,tombées,tombés,11,M,tombées,-7.916685,tombés,-8.0055275,1
179,P_NOUN_8_PASS_b,F,P,les gemmes avec les paniers que j' aime beaucoup ne sont probablement pas utilisées <eos>,13,utilisées,utilisés,11,M,utilisées,-5.2651772,utilisés,-5.718948,1
180,P_NOUN_8_PASS_b,F,P,les gemmes avec les colliers que j' aime beaucoup ne sont probablement pas achetées <eos>,13,achetées,achetés,11,M,achetées,-10.96852,achetés,-9.96368,0
181,P_NOUN_8_PASS_b,F,P,les gemmes avec les colliers que j' aime beaucoup ne sont probablement pas brisées <eos>,13,brisées,brisés,11,M,brisées,-8.832665,brisés,-11.7214575,1
182,P_NOUN_8_PASS_b,F,P,les gemmes avec les colliers que j' aime beaucoup ne sont probablement pas cachées <eos>,13,cachées,cachés,11,M,cachées,-8.270105,cachés,-8.736711,1
183,P_NOUN_8_PASS_b,F,P,les gemmes avec les colliers que j' aime beaucoup ne sont probablement pas cassées <eos>,13,cassées,cassés,11,M,cassées,-8.837597,cassés,-9.019193,1
184,P_NOUN_8_PASS_b,F,P,les gemmes avec les colliers que j' aime beaucoup ne sont probablement pas couvertes <eos>,13,couvertes,couverts,11,M,couvertes,-8.373249,couverts,-8.620441,1
185,P_NOUN_8_PASS_b,F,P,les gemmes avec les colliers que j' aime beaucoup ne sont probablement pas déformées <eos>,13,déformées,déformés,11,M,déformées,-7.835848,déformés,-12.396795,1
186,P_NOUN_8_PASS_b,F,P,les gemmes avec les colliers que j' aime beaucoup ne sont probablement pas fixées <eos>,13,fixées,fixés,11,M,fixées,-7.915837,fixés,-9.173418,1
187,P_NOUN_8_PASS_b,F,P,les gemmes avec les colliers que j' aime beaucoup ne sont probablement pas jetées <eos>,13,jetées,jetés,11,M,jetées,-8.893386,jetés,-9.162337,1
188,P_NOUN_8_PASS_b,F,P,les gemmes avec les colliers que j' aime beaucoup ne sont probablement pas laissées <eos>,13,laissées,laissés,11,M,laissées,-7.996953,laissés,-9.753971,1
189,P_NOUN_8_PASS_b,F,P,les gemmes avec les colliers que j' aime beaucoup ne sont probablement pas ouvertes <eos>,13,ouvertes,ouverts,11,M,ouvertes,-9.013239,ouverts,-10.26932,1
190,P_NOUN_8_PASS_b,F,P,les gemmes avec les colliers que j' aime beaucoup ne sont probablement pas perdues <eos>,13,perdues,perdus,11,M,perdues,-7.496233,perdus,-8.119325,1
191,P_NOUN_8_PASS_b,F,P,les gemmes avec les colliers que j' aime beaucoup ne sont probablement pas réparées <eos>,13,réparées,réparés,11,M,réparées,-9.802029,réparés,-12.08383,1
192,P_NOUN_8_PASS_b,F,P,les gemmes avec les colliers que j' aime beaucoup ne sont probablement pas retirées <eos>,13,retirées,retirés,11,M,retirées,-8.565581,retirés,-9.5996065,1
193,P_NOUN_8_PASS_b,F,P,les gemmes avec les colliers que j' aime beaucoup ne sont probablement pas tombées <eos>,13,tombées,tombés,11,M,tombées,-7.6924534,tombés,-8.045806,1
194,P_NOUN_8_PASS_b,F,P,les gemmes avec les colliers que j' aime beaucoup ne sont probablement pas utilisées <eos>,13,utilisées,utilisés,11,M,utilisées,-5.1081886,utilisés,-5.839203,1
195,P_NOUN_8_PASS_b,F,P,les gemmes avec les chapeaux que j' aime beaucoup ne sont probablement pas achetées <eos>,13,achetées,achetés,11,M,achetées,-10.589356,achetés,-9.8533325,0
196,P_NOUN_8_PASS_b,F,P,les gemmes avec les chapeaux que j' aime beaucoup ne sont probablement pas brisées <eos>,13,brisées,brisés,11,M,brisées,-9.270793,brisés,-12.620914,1
197,P_NOUN_8_PASS_b,F,P,les gemmes avec les chapeaux que j' aime beaucoup ne sont probablement pas cachées <eos>,13,cachées,cachés,11,M,cachées,-7.433464,cachés,-8.311904,1
198,P_NOUN_8_PASS_b,F,P,les gemmes avec les chapeaux que j' aime beaucoup ne sont probablement pas cassées <eos>,13,cassées,cassés,11,M,cassées,-9.100565,cassés,-9.995374,1
199,P_NOUN_8_PASS_b,F,P,les gemmes avec les chapeaux que j' aime beaucoup ne sont probablement pas couvertes <eos>,13,couvertes,couverts,11,M,couvertes,-8.444553,couverts,-8.723545,1
200,P_NOUN_8_PASS_b,F,P,les gemmes avec les chapeaux que j' aime beaucoup ne sont probablement pas déformées <eos>,13,déformées,déformés,11,M,déformées,-8.673173,déformés,-12.991914,1
201,P_NOUN_8_PASS_b,F,P,les gemmes avec les chapeaux que j' aime beaucoup ne sont probablement pas fixées <eos>,13,fixées,fixés,11,M,fixées,-8.317835,fixés,-9.440603,1
202,P_NOUN_8_PASS_b,F,P,les gemmes avec les chapeaux que j' aime beaucoup ne sont probablement pas jetées <eos>,13,jetées,jetés,11,M,jetées,-8.680601,jetés,-9.65655,1
203,P_NOUN_8_PASS_b,F,P,les gemmes avec les chapeaux que j' aime beaucoup ne sont probablement pas laissées <eos>,13,laissées,laissés,11,M,laissées,-8.324502,laissés,-9.673158,1
204,P_NOUN_8_PASS_b,F,P,les gemmes avec les chapeaux que j' aime beaucoup ne sont probablement pas ouvertes <eos>,13,ouvertes,ouverts,11,M,ouvertes,-8.729502,ouverts,-10.103452,1
205,P_NOUN_8_PASS_b,F,P,les gemmes avec les chapeaux que j' aime beaucoup ne sont probablement pas perdues <eos>,13,perdues,perdus,11,M,perdues,-7.6598616,perdus,-8.557232,1
206,P_NOUN_8_PASS_b,F,P,les gemmes avec les chapeaux que j' aime beaucoup ne sont probablement pas réparées <eos>,13,réparées,réparés,11,M,réparées,-10.075132,réparés,-12.348928,1
207,P_NOUN_8_PASS_b,F,P,les gemmes avec les chapeaux que j' aime beaucoup ne sont probablement pas retirées <eos>,13,retirées,retirés,11,M,retirées,-8.895561,retirés,-10.144802,1
208,P_NOUN_8_PASS_b,F,P,les gemmes avec les chapeaux que j' aime beaucoup ne sont probablement pas tombées <eos>,13,tombées,tombés,11,M,tombées,-7.6861753,tombés,-7.571272,0
209,P_NOUN_8_PASS_b,F,P,les gemmes avec les chapeaux que j' aime beaucoup ne sont probablement pas utilisées <eos>,13,utilisées,utilisés,11,M,utilisées,-5.414954,utilisés,-6.218107,1
210,P_NOUN_8_PASS_b,F,P,les gemmes avec les pots que j' aime beaucoup ne sont probablement pas achetées <eos>,13,achetées,achetés,11,M,achetées,-10.688771,achetés,-9.0970545,0
211,P_NOUN_8_PASS_b,F,P,les gemmes avec les pots que j' aime beaucoup ne sont probablement pas brisées <eos>,13,brisées,brisés,11,M,brisées,-9.024783,brisés,-11.502238,1
212,P_NOUN_8_PASS_b,F,P,les gemmes avec les pots que j' aime beaucoup ne sont probablement pas cachées <eos>,13,cachées,cachés,11,M,cachées,-8.495151,cachés,-8.344231,0
213,P_NOUN_8_PASS_b,F,P,les gemmes avec les pots que j' aime beaucoup ne sont probablement pas cassées <eos>,13,cassées,cassés,11,M,cassées,-8.987006,cassés,-8.92258,0
214,P_NOUN_8_PASS_b,F,P,les gemmes avec les pots que j' aime beaucoup ne sont probablement pas couvertes <eos>,13,couvertes,couverts,11,M,couvertes,-8.206481,couverts,-7.612074,0
215,P_NOUN_8_PASS_b,F,P,les gemmes avec les pots que j' aime beaucoup ne sont probablement pas déformées <eos>,13,déformées,déformés,11,M,déformées,-8.210005,déformés,-12.561087,1
216,P_NOUN_8_PASS_b,F,P,les gemmes avec les pots que j' aime beaucoup ne sont probablement pas fixées <eos>,13,fixées,fixés,11,M,fixées,-8.441568,fixés,-8.782026,1
217,P_NOUN_8_PASS_b,F,P,les gemmes avec les pots que j' aime beaucoup ne sont probablement pas jetées <eos>,13,jetées,jetés,11,M,jetées,-9.059224,jetés,-8.94358,0
218,P_NOUN_8_PASS_b,F,P,les gemmes avec les pots que j' aime beaucoup ne sont probablement pas laissées <eos>,13,laissées,laissés,11,M,laissées,-7.70683,laissés,-9.239541,1
219,P_NOUN_8_PASS_b,F,P,les gemmes avec les pots que j' aime beaucoup ne sont probablement pas ouvertes <eos>,13,ouvertes,ouverts,11,M,ouvertes,-8.640639,ouverts,-9.181853,1
220,P_NOUN_8_PASS_b,F,P,les gemmes avec les pots que j' aime beaucoup ne sont probablement pas perdues <eos>,13,perdues,perdus,11,M,perdues,-7.84766,perdus,-7.6488247,0
221,P_NOUN_8_PASS_b,F,P,les gemmes avec les pots que j' aime beaucoup ne sont probablement pas réparées <eos>,13,réparées,réparés,11,M,réparées,-9.7962265,réparés,-11.424383,1
222,P_NOUN_8_PASS_b,F,P,les gemmes avec les pots que j' aime beaucoup ne sont probablement pas retirées <eos>,13,retirées,retirés,11,M,retirées,-8.753616,retirés,-9.325225,1
223,P_NOUN_8_PASS_b,F,P,les gemmes avec les pots que j' aime beaucoup ne sont probablement pas tombées <eos>,13,tombées,tombés,11,M,tombées,-8.034502,tombés,-7.747469,0
224,P_NOUN_8_PASS_b,F,P,les gemmes avec les pots que j' aime beaucoup ne sont probablement pas utilisées <eos>,13,utilisées,utilisés,11,M,utilisées,-5.2569647,utilisés,-5.3846035,1
225,P_NOUN_8_PASS_b,F,P,les gemmes avec les coussins que j' aime beaucoup ne sont probablement pas achetées <eos>,13,achetées,achetés,11,M,achetées,-10.509335,achetés,-10.0221405,0
226,P_NOUN_8_PASS_b,F,P,les gemmes avec les coussins que j' aime beaucoup ne sont probablement pas brisées <eos>,13,brisées,brisés,11,M,brisées,-8.596144,brisés,-11.850243,1
227,P_NOUN_8_PASS_b,F,P,les gemmes avec les coussins que j' aime beaucoup ne sont probablement pas cachées <eos>,13,cachées,cachés,11,M,cachées,-7.805169,cachés,-8.631131,1
228,P_NOUN_8_PASS_b,F,P,les gemmes avec les coussins que j' aime beaucoup ne sont probablement pas cassées <eos>,13,cassées,cassés,11,M,cassées,-8.286445,cassés,-9.875572,1
229,P_NOUN_8_PASS_b,F,P,les gemmes avec les coussins que j' aime beaucoup ne sont probablement pas couvertes <eos>,13,couvertes,couverts,11,M,couvertes,-7.879877,couverts,-8.846338,1
230,P_NOUN_8_PASS_b,F,P,les gemmes avec les coussins que j' aime beaucoup ne sont probablement pas déformées <eos>,13,déformées,déformés,11,M,déformées,-7.822611,déformés,-12.497498,1
231,P_NOUN_8_PASS_b,F,P,les gemmes avec les coussins que j' aime beaucoup ne sont probablement pas fixées <eos>,13,fixées,fixés,11,M,fixées,-7.767131,fixés,-8.928211,1
232,P_NOUN_8_PASS_b,F,P,les gemmes avec les coussins que j' aime beaucoup ne sont probablement pas jetées <eos>,13,jetées,jetés,11,M,jetées,-7.667047,jetés,-9.214957,1
233,P_NOUN_8_PASS_b,F,P,les gemmes avec les coussins que j' aime beaucoup ne sont probablement pas laissées <eos>,13,laissées,laissés,11,M,laissées,-7.562481,laissés,-9.813255,1
234,P_NOUN_8_PASS_b,F,P,les gemmes avec les coussins que j' aime beaucoup ne sont probablement pas ouvertes <eos>,13,ouvertes,ouverts,11,M,ouvertes,-8.090733,ouverts,-9.369593,1
235,P_NOUN_8_PASS_b,F,P,les gemmes avec les coussins que j' aime beaucoup ne sont probablement pas perdues <eos>,13,perdues,perdus,11,M,perdues,-7.4501963,perdus,-8.0520935,1
236,P_NOUN_8_PASS_b,F,P,les gemmes avec les coussins que j' aime beaucoup ne sont probablement pas réparées <eos>,13,réparées,réparés,11,M,réparées,-9.0423355,réparés,-11.554738,1
237,P_NOUN_8_PASS_b,F,P,les gemmes avec les coussins que j' aime beaucoup ne sont probablement pas retirées <eos>,13,retirées,retirés,11,M,retirées,-8.379502,retirés,-9.998081,1
238,P_NOUN_8_PASS_b,F,P,les gemmes avec les coussins que j' aime beaucoup ne sont probablement pas tombées <eos>,13,tombées,tombés,11,M,tombées,-7.9228196,tombés,-8.55781,1
239,P_NOUN_8_PASS_b,F,P,les gemmes avec les coussins que j' aime beaucoup ne sont probablement pas utilisées <eos>,13,utilisées,utilisés,11,M,utilisées,-5.051569,utilisés,-6.167535,1
240,P_NOUN_8_PASS_b,F,P,les gemmes avec les jouets que j' aime beaucoup ne sont probablement pas achetées <eos>,13,achetées,achetés,11,M,achetées,-10.925635,achetés,-9.498141,0
241,P_NOUN_8_PASS_b,F,P,les gemmes avec les jouets que j' aime beaucoup ne sont probablement pas brisées <eos>,13,brisées,brisés,11,M,brisées,-9.790871,brisés,-12.44484,1
242,P_NOUN_8_PASS_b,F,P,les gemmes avec les jouets que j' aime beaucoup ne sont probablement pas cachées <eos>,13,cachées,cachés,11,M,cachées,-7.850458,cachés,-7.958132,1
243,P_NOUN_8_PASS_b,F,P,les gemmes avec les jouets que j' aime beaucoup ne sont probablement pas cassées <eos>,13,cassées,cassés,11,M,cassées,-10.204736,cassés,-10.0288515,0
244,P_NOUN_8_PASS_b,F,P,les gemmes avec les jouets que j' aime beaucoup ne sont probablement pas couvertes <eos>,13,couvertes,couverts,11,M,couvertes,-9.232114,couverts,-9.179756,0
245,P_NOUN_8_PASS_b,F,P,les gemmes avec les jouets que j' aime beaucoup ne sont probablement pas déformées <eos>,13,déformées,déformés,11,M,déformées,-9.06828,déformés,-12.480232,1
246,P_NOUN_8_PASS_b,F,P,les gemmes avec les jouets que j' aime beaucoup ne sont probablement pas fixées <eos>,13,fixées,fixés,11,M,fixées,-9.367168,fixés,-9.207081,0
247,P_NOUN_8_PASS_b,F,P,les gemmes avec les jouets que j' aime beaucoup ne sont probablement pas jetées <eos>,13,jetées,jetés,11,M,jetées,-9.727683,jetés,-9.670224,0
248,P_NOUN_8_PASS_b,F,P,les gemmes avec les jouets que j' aime beaucoup ne sont probablement pas laissées <eos>,13,laissées,laissés,11,M,laissées,-8.946106,laissés,-9.498522,1
249,P_NOUN_8_PASS_b,F,P,les gemmes avec les jouets que j' aime beaucoup ne sont probablement pas ouvertes <eos>,13,ouvertes,ouverts,11,M,ouvertes,-8.991275,ouverts,-9.341938,1
250,P_NOUN_8_PASS_b,F,P,les gemmes avec les jouets que j' aime beaucoup ne sont probablement pas perdues <eos>,13,perdues,perdus,11,M,perdues,-8.241338,perdus,-8.118709,0
251,P_NOUN_8_PASS_b,F,P,les gemmes avec les jouets que j' aime beaucoup ne sont probablement pas réparées <eos>,13,réparées,réparés,11,M,réparées,-10.379703,réparés,-12.229924,1
252,P_NOUN_8_PASS_b,F,P,les gemmes avec les jouets que j' aime beaucoup ne sont probablement pas retirées <eos>,13,retirées,retirés,11,M,retirées,-9.494744,retirés,-10.458851,1
253,P_NOUN_8_PASS_b,F,P,les gemmes avec les jouets que j' aime beaucoup ne sont probablement pas tombées <eos>,13,tombées,tombés,11,M,tombées,-8.563995,tombés,-8.235159,0
254,P_NOUN_8_PASS_b,F,P,les gemmes avec les jouets que j' aime beaucoup ne sont probablement pas utilisées <eos>,13,utilisées,utilisés,11,M,utilisées,-6.3037186,utilisés,-6.5808935,1
255,P_NOUN_8_PASS_b,F,P,les gemmes avec les clous que j' aime beaucoup ne sont probablement pas achetées <eos>,13,achetées,achetés,11,M,achetées,-10.663723,achetés,-9.884092,0
256,P_NOUN_8_PASS_b,F,P,les gemmes avec les clous que j' aime beaucoup ne sont probablement pas brisées <eos>,13,brisées,brisés,11,M,brisées,-8.769707,brisés,-11.878305,1
257,P_NOUN_8_PASS_b,F,P,les gemmes avec les clous que j' aime beaucoup ne sont probablement pas cachées <eos>,13,cachées,cachés,11,M,cachées,-7.460416,cachés,-8.162018,1
258,P_NOUN_8_PASS_b,F,P,les gemmes avec les clous que j' aime beaucoup ne sont probablement pas cassées <eos>,13,cassées,cassés,11,M,cassées,-8.782556,cassés,-9.319201,1
259,P_NOUN_8_PASS_b,F,P,les gemmes avec les clous que j' aime beaucoup ne sont probablement pas couvertes <eos>,13,couvertes,couverts,11,M,couvertes,-7.899394,couverts,-8.355177,1
260,P_NOUN_8_PASS_b,F,P,les gemmes avec les clous que j' aime beaucoup ne sont probablement pas déformées <eos>,13,déformées,déformés,11,M,déformées,-8.190914,déformés,-12.7582245,1
261,P_NOUN_8_PASS_b,F,P,les gemmes avec les clous que j' aime beaucoup ne sont probablement pas fixées <eos>,13,fixées,fixés,11,M,fixées,-7.9949665,fixés,-9.133015,1
262,P_NOUN_8_PASS_b,F,P,les gemmes avec les clous que j' aime beaucoup ne sont probablement pas jetées <eos>,13,jetées,jetés,11,M,jetées,-8.332111,jetés,-8.840123,1
263,P_NOUN_8_PASS_b,F,P,les gemmes avec les clous que j' aime beaucoup ne sont probablement pas laissées <eos>,13,laissées,laissés,11,M,laissées,-7.8875,laissés,-9.30739,1
264,P_NOUN_8_PASS_b,F,P,les gemmes avec les clous que j' aime beaucoup ne sont probablement pas ouvertes <eos>,13,ouvertes,ouverts,11,M,ouvertes,-8.475777,ouverts,-10.117987,1
265,P_NOUN_8_PASS_b,F,P,les gemmes avec les clous que j' aime beaucoup ne sont probablement pas perdues <eos>,13,perdues,perdus,11,M,perdues,-7.152156,perdus,-8.124582,1
266,P_NOUN_8_PASS_b,F,P,les gemmes avec les clous que j' aime beaucoup ne sont probablement pas réparées <eos>,13,réparées,réparés,11,M,réparées,-9.224604,réparés,-11.477981,1
267,P_NOUN_8_PASS_b,F,P,les gemmes avec les clous que j' aime beaucoup ne sont probablement pas retirées <eos>,13,retirées,retirés,11,M,retirées,-8.206371,retirés,-9.722752,1
268,P_NOUN_8_PASS_b,F,P,les gemmes avec les clous que j' aime beaucoup ne sont probablement pas tombées <eos>,13,tombées,tombés,11,M,tombées,-7.284675,tombés,-7.7696214,1
269,P_NOUN_8_PASS_b,F,P,les gemmes avec les clous que j' aime beaucoup ne sont probablement pas utilisées <eos>,13,utilisées,utilisés,11,M,utilisées,-5.0271683,utilisés,-5.8831043,1
270,P_NOUN_8_PASS_b,F,P,les gemmes avec les billets que j' aime beaucoup ne sont probablement pas achetées <eos>,13,achetées,achetés,11,M,achetées,-10.001277,achetés,-9.285131,0
271,P_NOUN_8_PASS_b,F,P,les gemmes avec les billets que j' aime beaucoup ne sont probablement pas brisées <eos>,13,brisées,brisés,11,M,brisées,-9.61056,brisés,-12.939452,1
272,P_NOUN_8_PASS_b,F,P,les gemmes avec les billets que j' aime beaucoup ne sont probablement pas cachées <eos>,13,cachées,cachés,11,M,cachées,-8.529414,cachés,-8.140179,0
273,P_NOUN_8_PASS_b,F,P,les gemmes avec les billets que j' aime beaucoup ne sont probablement pas cassées <eos>,13,cassées,cassés,11,M,cassées,-10.311855,cassés,-10.393023,1
274,P_NOUN_8_PASS_b,F,P,les gemmes avec les billets que j' aime beaucoup ne sont probablement pas couvertes <eos>,13,couvertes,couverts,11,M,couvertes,-9.114142,couverts,-8.794635,0
275,P_NOUN_8_PASS_b,F,P,les gemmes avec les billets que j' aime beaucoup ne sont probablement pas déformées <eos>,13,déformées,déformés,11,M,déformées,-9.094339,déformés,-13.348564,1
276,P_NOUN_8_PASS_b,F,P,les gemmes avec les billets que j' aime beaucoup ne sont probablement pas fixées <eos>,13,fixées,fixés,11,M,fixées,-8.334883,fixés,-8.753938,1
277,P_NOUN_8_PASS_b,F,P,les gemmes avec les billets que j' aime beaucoup ne sont probablement pas jetées <eos>,13,jetées,jetés,11,M,jetées,-9.372339,jetés,-9.304931,0
278,P_NOUN_8_PASS_b,F,P,les gemmes avec les billets que j' aime beaucoup ne sont probablement pas laissées <eos>,13,laissées,laissés,11,M,laissées,-8.417166,laissés,-10.073917,1
279,P_NOUN_8_PASS_b,F,P,les gemmes avec les billets que j' aime beaucoup ne sont probablement pas ouvertes <eos>,13,ouvertes,ouverts,11,M,ouvertes,-9.440805,ouverts,-9.701784,1
280,P_NOUN_8_PASS_b,F,P,les gemmes avec les billets que j' aime beaucoup ne sont probablement pas perdues <eos>,13,perdues,perdus,11,M,perdues,-7.244967,perdus,-7.9520564,1
281,P_NOUN_8_PASS_b,F,P,les gemmes avec les billets que j' aime beaucoup ne sont probablement pas réparées <eos>,13,réparées,réparés,11,M,réparées,-10.618285,réparés,-12.417207,1
282,P_NOUN_8_PASS_b,F,P,les gemmes avec les billets que j' aime beaucoup ne sont probablement pas retirées <eos>,13,retirées,retirés,11,M,retirées,-8.812453,retirés,-9.3966465,1
283,P_NOUN_8_PASS_b,F,P,les gemmes avec les billets que j' aime beaucoup ne sont probablement pas tombées <eos>,13,tombées,tombés,11,M,tombées,-8.284846,tombés,-8.3764305,1
284,P_NOUN_8_PASS_b,F,P,les gemmes avec les billets que j' aime beaucoup ne sont probablement pas utilisées <eos>,13,utilisées,utilisés,11,M,utilisées,-5.6360703,utilisés,-6.138521,1
285,P_NOUN_8_PASS_b,F,P,les gemmes avec les légumes que j' aime beaucoup ne sont probablement pas achetées <eos>,13,achetées,achetés,11,M,achetées,-10.492026,achetés,-9.3146715,0
286,P_NOUN_8_PASS_b,F,P,les gemmes avec les légumes que j' aime beaucoup ne sont probablement pas brisées <eos>,13,brisées,brisés,11,M,brisées,-9.407102,brisés,-12.547482,1
287,P_NOUN_8_PASS_b,F,P,les gemmes avec les légumes que j' aime beaucoup ne sont probablement pas cachées <eos>,13,cachées,cachés,11,M,cachées,-8.502344,cachés,-8.97077,1
288,P_NOUN_8_PASS_b,F,P,les gemmes avec les légumes que j' aime beaucoup ne sont probablement pas cassées <eos>,13,cassées,cassés,11,M,cassées,-9.654269,cassés,-9.380241,0
289,P_NOUN_8_PASS_b,F,P,les gemmes avec les légumes que j' aime beaucoup ne sont probablement pas couvertes <eos>,13,couvertes,couverts,11,M,couvertes,-8.42448,couverts,-8.267721,0
290,P_NOUN_8_PASS_b,F,P,les gemmes avec les légumes que j' aime beaucoup ne sont probablement pas déformées <eos>,13,déformées,déformés,11,M,déformées,-8.938755,déformés,-13.511791,1
291,P_NOUN_8_PASS_b,F,P,les gemmes avec les légumes que j' aime beaucoup ne sont probablement pas fixées <eos>,13,fixées,fixés,11,M,fixées,-8.91101,fixés,-9.440269,1
292,P_NOUN_8_PASS_b,F,P,les gemmes avec les légumes que j' aime beaucoup ne sont probablement pas jetées <eos>,13,jetées,jetés,11,M,jetées,-9.220616,jetés,-10.244244,1
293,P_NOUN_8_PASS_b,F,P,les gemmes avec les légumes que j' aime beaucoup ne sont probablement pas laissées <eos>,13,laissées,laissés,11,M,laissées,-7.793869,laissés,-9.367876,1
294,P_NOUN_8_PASS_b,F,P,les gemmes avec les légumes que j' aime beaucoup ne sont probablement pas ouvertes <eos>,13,ouvertes,ouverts,11,M,ouvertes,-8.837595,ouverts,-9.798268,1
295,P_NOUN_8_PASS_b,F,P,les gemmes avec les légumes que j' aime beaucoup ne sont probablement pas perdues <eos>,13,perdues,perdus,11,M,perdues,-7.8568435,perdus,-8.316683,1
296,P_NOUN_8_PASS_b,F,P,les gemmes avec les légumes que j' aime beaucoup ne sont probablement pas réparées <eos>,13,réparées,réparés,11,M,réparées,-10.538097,réparés,-12.338757,1
297,P_NOUN_8_PASS_b,F,P,les gemmes avec les légumes que j' aime beaucoup ne sont probablement pas retirées <eos>,13,retirées,retirés,11,M,retirées,-9.269445,retirés,-9.911548,1
298,P_NOUN_8_PASS_b,F,P,les gemmes avec les légumes que j' aime beaucoup ne sont probablement pas tombées <eos>,13,tombées,tombés,11,M,tombées,-7.745573,tombés,-7.765236,1
299,P_NOUN_8_PASS_b,F,P,les gemmes avec les légumes que j' aime beaucoup ne sont probablement pas utilisées <eos>,13,utilisées,utilisés,11,M,utilisées,-5.445077,utilisés,-6.2063665,1
300,P_NOUN_8_PASS_b,F,P,les chaises avec les bracelets que j' aime beaucoup ne sont probablement pas achetées <eos>,13,achetées,achetés,11,M,achetées,-10.708597,achetés,-10.547267,0
301,P_NOUN_8_PASS_b,F,P,les chaises avec les bracelets que j' aime beaucoup ne sont probablement pas brisées <eos>,13,brisées,brisés,11,M,brisées,-9.288637,brisés,-12.129783,1
302,P_NOUN_8_PASS_b,F,P,les chaises avec les bracelets que j' aime beaucoup ne sont probablement pas cachées <eos>,13,cachées,cachés,11,M,cachées,-7.7592964,cachés,-9.185342,1
303,P_NOUN_8_PASS_b,F,P,les chaises avec les bracelets que j' aime beaucoup ne sont probablement pas cassées <eos>,13,cassées,cassés,11,M,cassées,-8.543963,cassés,-10.388824,1
304,P_NOUN_8_PASS_b,F,P,les chaises avec les bracelets que j' aime beaucoup ne sont probablement pas couvertes <eos>,13,couvertes,couverts,11,M,couvertes,-7.970492,couverts,-8.246233,1
305,P_NOUN_8_PASS_b,F,P,les chaises avec les bracelets que j' aime beaucoup ne sont probablement pas déformées <eos>,13,déformées,déformés,11,M,déformées,-8.372287,déformés,-12.533012,1
306,P_NOUN_8_PASS_b,F,P,les chaises avec les bracelets que j' aime beaucoup ne sont probablement pas fixées <eos>,13,fixées,fixés,11,M,fixées,-7.9516983,fixés,-9.620989,1
307,P_NOUN_8_PASS_b,F,P,les chaises avec les bracelets que j' aime beaucoup ne sont probablement pas jetées <eos>,13,jetées,jetés,11,M,jetées,-8.8011675,jetés,-9.357936,1
308,P_NOUN_8_PASS_b,F,P,les chaises avec les bracelets que j' aime beaucoup ne sont probablement pas laissées <eos>,13,laissées,laissés,11,M,laissées,-8.124654,laissés,-9.9073715,1
309,P_NOUN_8_PASS_b,F,P,les chaises avec les bracelets que j' aime beaucoup ne sont probablement pas ouvertes <eos>,13,ouvertes,ouverts,11,M,ouvertes,-8.023229,ouverts,-9.290722,1
310,P_NOUN_8_PASS_b,F,P,les chaises avec les bracelets que j' aime beaucoup ne sont probablement pas perdues <eos>,13,perdues,perdus,11,M,perdues,-7.7552586,perdus,-8.467976,1
311,P_NOUN_8_PASS_b,F,P,les chaises avec les bracelets que j' aime beaucoup ne sont probablement pas réparées <eos>,13,réparées,réparés,11,M,réparées,-9.478824,réparés,-12.314432,1
312,P_NOUN_8_PASS_b,F,P,les chaises avec les bracelets que j' aime beaucoup ne sont probablement pas retirées <eos>,13,retirées,retirés,11,M,retirées,-8.575192,retirés,-10.064068,1
313,P_NOUN_8_PASS_b,F,P,les chaises avec les bracelets que j' aime beaucoup ne sont probablement pas tombées <eos>,13,tombées,tombés,11,M,tombées,-7.705946,tombés,-7.3361263,0
314,P_NOUN_8_PASS_b,F,P,les chaises avec les bracelets que j' aime beaucoup ne sont probablement pas utilisées <eos>,13,utilisées,utilisés,11,M,utilisées,-5.6174107,utilisés,-6.4298115,1
315,P_NOUN_8_PASS_b,F,P,les chaises avec les miroirs que j' aime beaucoup ne sont probablement pas achetées <eos>,13,achetées,achetés,11,M,achetées,-11.330635,achetés,-10.845383,0
316,P_NOUN_8_PASS_b,F,P,les chaises avec les miroirs que j' aime beaucoup ne sont probablement pas brisées <eos>,13,brisées,brisés,11,M,brisées,-9.228848,brisés,-11.892353,1
317,P_NOUN_8_PASS_b,F,P,les chaises avec les miroirs que j' aime beaucoup ne sont probablement pas cachées <eos>,13,cachées,cachés,11,M,cachées,-7.59558,cachés,-9.314478,1
318,P_NOUN_8_PASS_b,F,P,les chaises avec les miroirs que j' aime beaucoup ne sont probablement pas cassées <eos>,13,cassées,cassés,11,M,cassées,-8.90741,cassés,-10.729422,1
319,P_NOUN_8_PASS_b,F,P,les chaises avec les miroirs que j' aime beaucoup ne sont probablement pas couvertes <eos>,13,couvertes,couverts,11,M,couvertes,-7.497793,couverts,-8.117732,1
320,P_NOUN_8_PASS_b,F,P,les chaises avec les miroirs que j' aime beaucoup ne sont probablement pas déformées <eos>,13,déformées,déformés,11,M,déformées,-7.660715,déformés,-11.817641,1
321,P_NOUN_8_PASS_b,F,P,les chaises avec les miroirs que j' aime beaucoup ne sont probablement pas fixées <eos>,13,fixées,fixés,11,M,fixées,-8.115034,fixés,-9.534438,1
322,P_NOUN_8_PASS_b,F,P,les chaises avec les miroirs que j' aime beaucoup ne sont probablement pas jetées <eos>,13,jetées,jetés,11,M,jetées,-9.128105,jetés,-9.512365,1
323,P_NOUN_8_PASS_b,F,P,les chaises avec les miroirs que j' aime beaucoup ne sont probablement pas laissées <eos>,13,laissées,laissés,11,M,laissées,-8.09925,laissés,-10.242313,1
324,P_NOUN_8_PASS_b,F,P,les chaises avec les miroirs que j' aime beaucoup ne sont probablement pas ouvertes <eos>,13,ouvertes,ouverts,11,M,ouvertes,-7.3282166,ouverts,-8.388495,1
325,P_NOUN_8_PASS_b,F,P,les chaises avec les miroirs que j' aime beaucoup ne sont probablement pas perdues <eos>,13,perdues,perdus,11,M,perdues,-7.664497,perdus,-8.215845,1
326,P_NOUN_8_PASS_b,F,P,les chaises avec les miroirs que j' aime beaucoup ne sont probablement pas réparées <eos>,13,réparées,réparés,11,M,réparées,-8.937824,réparés,-11.921578,1
327,P_NOUN_8_PASS_b,F,P,les chaises avec les miroirs que j' aime beaucoup ne sont probablement pas retirées <eos>,13,retirées,retirés,11,M,retirées,-8.429739,retirés,-10.462264,1
328,P_NOUN_8_PASS_b,F,P,les chaises avec les miroirs que j' aime beaucoup ne sont probablement pas tombées <eos>,13,tombées,tombés,11,M,tombées,-7.801957,tombés,-8.518598,1
329,P_NOUN_8_PASS_b,F,P,les chaises avec les miroirs que j' aime beaucoup ne sont probablement pas utilisées <eos>,13,utilisées,utilisés,11,M,utilisées,-5.6596837,utilisés,-6.658524,1
330,P_NOUN_8_PASS_b,F,P,les chaises avec les crayons que j' aime beaucoup ne sont probablement pas achetées <eos>,13,achetées,achetés,11,M,achetées,-10.720183,achetés,-10.095921,0
331,P_NOUN_8_PASS_b,F,P,les chaises avec les crayons que j' aime beaucoup ne sont probablement pas brisées <eos>,13,brisées,brisés,11,M,brisées,-9.752426,brisés,-12.382392,1
332,P_NOUN_8_PASS_b,F,P,les chaises avec les crayons que j' aime beaucoup ne sont probablement pas cachées <eos>,13,cachées,cachés,11,M,cachées,-8.07682,cachés,-9.163133,1
333,P_NOUN_8_PASS_b,F,P,les chaises avec les crayons que j' aime beaucoup ne sont probablement pas cassées <eos>,13,cassées,cassés,11,M,cassées,-9.126414,cassés,-10.082835,1
334,P_NOUN_8_PASS_b,F,P,les chaises avec les crayons que j' aime beaucoup ne sont probablement pas couvertes <eos>,13,couvertes,couverts,11,M,couvertes,-8.086372,couverts,-7.951849,0
335,P_NOUN_8_PASS_b,F,P,les chaises avec les crayons que j' aime beaucoup ne sont probablement pas déformées <eos>,13,déformées,déformés,11,M,déformées,-8.516998,déformés,-12.447847,1
336,P_NOUN_8_PASS_b,F,P,les chaises avec les crayons que j' aime beaucoup ne sont probablement pas fixées <eos>,13,fixées,fixés,11,M,fixées,-8.727893,fixés,-9.819046,1
337,P_NOUN_8_PASS_b,F,P,les chaises avec les crayons que j' aime beaucoup ne sont probablement pas jetées <eos>,13,jetées,jetés,11,M,jetées,-9.441997,jetés,-9.481657,1
338,P_NOUN_8_PASS_b,F,P,les chaises avec les crayons que j' aime beaucoup ne sont probablement pas laissées <eos>,13,laissées,laissés,11,M,laissées,-8.180275,laissés,-9.591357,1
339,P_NOUN_8_PASS_b,F,P,les chaises avec les crayons que j' aime beaucoup ne sont probablement pas ouvertes <eos>,13,ouvertes,ouverts,11,M,ouvertes,-8.161022,ouverts,-9.152349,1
340,P_NOUN_8_PASS_b,F,P,les chaises avec les crayons que j' aime beaucoup ne sont probablement pas perdues <eos>,13,perdues,perdus,11,M,perdues,-7.7675776,perdus,-8.447369,1
341,P_NOUN_8_PASS_b,F,P,les chaises avec les crayons que j' aime beaucoup ne sont probablement pas réparées <eos>,13,réparées,réparés,11,M,réparées,-9.287778,réparés,-11.980648,1
342,P_NOUN_8_PASS_b,F,P,les chaises avec les crayons que j' aime beaucoup ne sont probablement pas retirées <eos>,13,retirées,retirés,11,M,retirées,-8.524143,retirés,-10.119432,1
343,P_NOUN_8_PASS_b,F,P,les chaises avec les crayons que j' aime beaucoup ne sont probablement pas tombées <eos>,13,tombées,tombés,11,M,tombées,-7.6774893,tombés,-7.7307262,1
344,P_NOUN_8_PASS_b,F,P,les chaises avec les crayons que j' aime beaucoup ne sont probablement pas utilisées <eos>,13,utilisées,utilisés,11,M,utilisées,-5.893975,utilisés,-6.637881,1
345,P_NOUN_8_PASS_b,F,P,les chaises avec les rideaux que j' aime beaucoup ne sont probablement pas achetées <eos>,13,achetées,achetés,11,M,achetées,-10.551069,achetés,-10.640189,1
346,P_NOUN_8_PASS_b,F,P,les chaises avec les rideaux que j' aime beaucoup ne sont probablement pas brisées <eos>,13,brisées,brisés,11,M,brisées,-9.301121,brisés,-12.214417,1
347,P_NOUN_8_PASS_b,F,P,les chaises avec les rideaux que j' aime beaucoup ne sont probablement pas cachées <eos>,13,cachées,cachés,11,M,cachées,-7.5890565,cachés,-9.454094,1
348,P_NOUN_8_PASS_b,F,P,les chaises avec les rideaux que j' aime beaucoup ne sont probablement pas cassées <eos>,13,cassées,cassés,11,M,cassées,-8.722683,cassés,-10.595034,1
349,P_NOUN_8_PASS_b,F,P,les chaises avec les rideaux que j' aime beaucoup ne sont probablement pas couvertes <eos>,13,couvertes,couverts,11,M,couvertes,-7.489463,couverts,-8.038509,1
350,P_NOUN_8_PASS_b,F,P,les chaises avec les rideaux que j' aime beaucoup ne sont probablement pas déformées <eos>,13,déformées,déformés,11,M,déformées,-8.468279,déformés,-12.508652,1
351,P_NOUN_8_PASS_b,F,P,les chaises avec les rideaux que j' aime beaucoup ne sont probablement pas fixées <eos>,13,fixées,fixés,11,M,fixées,-8.134599,fixés,-9.734013,1
352,P_NOUN_8_PASS_b,F,P,les chaises avec les rideaux que j' aime beaucoup ne sont probablement pas jetées <eos>,13,jetées,jetés,11,M,jetées,-9.041982,jetés,-9.8460655,1
353,P_NOUN_8_PASS_b,F,P,les chaises avec les rideaux que j' aime beaucoup ne sont probablement pas laissées <eos>,13,laissées,laissés,11,M,laissées,-7.771817,laissés,-9.931601,1
354,P_NOUN_8_PASS_b,F,P,les chaises avec les rideaux que j' aime beaucoup ne sont probablement pas ouvertes <eos>,13,ouvertes,ouverts,11,M,ouvertes,-7.5406733,ouverts,-8.99585,1
355,P_NOUN_8_PASS_b,F,P,les chaises avec les rideaux que j' aime beaucoup ne sont probablement pas perdues <eos>,13,perdues,perdus,11,M,perdues,-7.6310387,perdus,-8.615622,1
356,P_NOUN_8_PASS_b,F,P,les chaises avec les rideaux que j' aime beaucoup ne sont probablement pas réparées <eos>,13,réparées,réparés,11,M,réparées,-8.941006,réparés,-12.088157,1
357,P_NOUN_8_PASS_b,F,P,les chaises avec les rideaux que j' aime beaucoup ne sont probablement pas retirées <eos>,13,retirées,retirés,11,M,retirées,-8.20792,retirés,-10.694399,1
358,P_NOUN_8_PASS_b,F,P,les chaises avec les rideaux que j' aime beaucoup ne sont probablement pas tombées <eos>,13,tombées,tombés,11,M,tombées,-7.5247927,tombés,-7.8760014,1
359,P_NOUN_8_PASS_b,F,P,les chaises avec les rideaux que j' aime beaucoup ne sont probablement pas utilisées <eos>,13,utilisées,utilisés,11,M,utilisées,-5.857116,utilisés,-7.077188,1
360,P_NOUN_8_PASS_b,F,P,les chaises avec les cahiers que j' aime beaucoup ne sont probablement pas achetées <eos>,13,achetées,achetés,11,M,achetées,-11.00053,achetés,-10.72657,0
361,P_NOUN_8_PASS_b,F,P,les chaises avec les cahiers que j' aime beaucoup ne sont probablement pas brisées <eos>,13,brisées,brisés,11,M,brisées,-9.963601,brisés,-12.783171,1
362,P_NOUN_8_PASS_b,F,P,les chaises avec les cahiers que j' aime beaucoup ne sont probablement pas cachées <eos>,13,cachées,cachés,11,M,cachées,-8.104391,cachés,-9.908996,1
363,P_NOUN_8_PASS_b,F,P,les chaises avec les cahiers que j' aime beaucoup ne sont probablement pas cassées <eos>,13,cassées,cassés,11,M,cassées,-9.711308,cassés,-11.504948,1
364,P_NOUN_8_PASS_b,F,P,les chaises avec les cahiers que j' aime beaucoup ne sont probablement pas couvertes <eos>,13,couvertes,couverts,11,M,couvertes,-8.068082,couverts,-8.32026,1
365,P_NOUN_8_PASS_b,F,P,les chaises avec les cahiers que j' aime beaucoup ne sont probablement pas déformées <eos>,13,déformées,déformés,11,M,déformées,-8.564085,déformés,-12.755064,1
366,P_NOUN_8_PASS_b,F,P,les chaises avec les cahiers que j' aime beaucoup ne sont probablement pas fixées <eos>,13,fixées,fixés,11,M,fixées,-8.763779,fixés,-10.469422,1
367,P_NOUN_8_PASS_b,F,P,les chaises avec les cahiers que j' aime beaucoup ne sont probablement pas jetées <eos>,13,jetées,jetés,11,M,jetées,-10.159557,jetés,-10.668877,1
368,P_NOUN_8_PASS_b,F,P,les chaises avec les cahiers que j' aime beaucoup ne sont probablement pas laissées <eos>,13,laissées,laissés,11,M,laissées,-8.312918,laissés,-10.234364,1
369,P_NOUN_8_PASS_b,F,P,les chaises avec les cahiers que j' aime beaucoup ne sont probablement pas ouvertes <eos>,13,ouvertes,ouverts,11,M,ouvertes,-7.248023,ouverts,-8.761579,1
370,P_NOUN_8_PASS_b,F,P,les chaises avec les cahiers que j' aime beaucoup ne sont probablement pas perdues <eos>,13,perdues,perdus,11,M,perdues,-7.2881274,perdus,-8.270744,1
371,P_NOUN_8_PASS_b,F,P,les chaises avec les cahiers que j' aime beaucoup ne sont probablement pas réparées <eos>,13,réparées,réparés,11,M,réparées,-9.688496,réparés,-12.69873,1
372,P_NOUN_8_PASS_b,F,P,les chaises avec les cahiers que j' aime beaucoup ne sont probablement pas retirées <eos>,13,retirées,retirés,11,M,retirées,-8.60898,retirés,-10.981646,1
373,P_NOUN_8_PASS_b,F,P,les chaises avec les cahiers que j' aime beaucoup ne sont probablement pas tombées <eos>,13,tombées,tombés,11,M,tombées,-8.073479,tombés,-8.462118,1
374,P_NOUN_8_PASS_b,F,P,les chaises avec les cahiers que j' aime beaucoup ne sont probablement pas utilisées <eos>,13,utilisées,utilisés,11,M,utilisées,-6.1230793,utilisés,-7.353142,1
375,P_NOUN_8_PASS_b,F,P,les chaises avec les micros que j' aime beaucoup ne sont probablement pas achetées <eos>,13,achetées,achetés,11,M,achetées,-10.902378,achetés,-10.80517,0
376,P_NOUN_8_PASS_b,F,P,les chaises avec les micros que j' aime beaucoup ne sont probablement pas brisées <eos>,13,brisées,brisés,11,M,brisées,-9.30553,brisés,-12.349455,1
377,P_NOUN_8_PASS_b,F,P,les chaises avec les micros que j' aime beaucoup ne sont probablement pas cachées <eos>,13,cachées,cachés,11,M,cachées,-8.2827835,cachés,-10.069931,1
378,P_NOUN_8_PASS_b,F,P,les chaises avec les micros que j' aime beaucoup ne sont probablement pas cassées <eos>,13,cassées,cassés,11,M,cassées,-9.0846615,cassés,-11.097097,1
379,P_NOUN_8_PASS_b,F,P,les chaises avec les micros que j' aime beaucoup ne sont probablement pas couvertes <eos>,13,couvertes,couverts,11,M,couvertes,-7.5847883,couverts,-7.9566994,1
380,P_NOUN_8_PASS_b,F,P,les chaises avec les micros que j' aime beaucoup ne sont probablement pas déformées <eos>,13,déformées,déformés,11,M,déformées,-8.387262,déformés,-12.881716,1
381,P_NOUN_8_PASS_b,F,P,les chaises avec les micros que j' aime beaucoup ne sont probablement pas fixées <eos>,13,fixées,fixés,11,M,fixées,-7.953682,fixés,-9.119221,1
382,P_NOUN_8_PASS_b,F,P,les chaises avec les micros que j' aime beaucoup ne sont probablement pas jetées <eos>,13,jetées,jetés,11,M,jetées,-9.451342,jetés,-10.233345,1
383,P_NOUN_8_PASS_b,F,P,les chaises avec les micros que j' aime beaucoup ne sont probablement pas laissées <eos>,13,laissées,laissés,11,M,laissées,-7.8110085,laissés,-10.522331,1
384,P_NOUN_8_PASS_b,F,P,les chaises avec les micros que j' aime beaucoup ne sont probablement pas ouvertes <eos>,13,ouvertes,ouverts,11,M,ouvertes,-7.6181054,ouverts,-8.769641,1
385,P_NOUN_8_PASS_b,F,P,les chaises avec les micros que j' aime beaucoup ne sont probablement pas perdues <eos>,13,perdues,perdus,11,M,perdues,-8.065209,perdus,-8.858642,1
386,P_NOUN_8_PASS_b,F,P,les chaises avec les micros que j' aime beaucoup ne sont probablement pas réparées <eos>,13,réparées,réparés,11,M,réparées,-9.544764,réparés,-12.548912,1
387,P_NOUN_8_PASS_b,F,P,les chaises avec les micros que j' aime beaucoup ne sont probablement pas retirées <eos>,13,retirées,retirés,11,M,retirées,-8.520566,retirés,-10.891974,1
388,P_NOUN_8_PASS_b,F,P,les chaises avec les micros que j' aime beaucoup ne sont probablement pas tombées <eos>,13,tombées,tombés,11,M,tombées,-8.243759,tombés,-8.662768,1
389,P_NOUN_8_PASS_b,F,P,les chaises avec les micros que j' aime beaucoup ne sont probablement pas utilisées <eos>,13,utilisées,utilisés,11,M,utilisées,-5.603393,utilisés,-6.6037393,1
390,P_NOUN_8_PASS_b,F,P,les chaises avec les sacs que j' aime beaucoup ne sont probablement pas achetées <eos>,13,achetées,achetés,11,M,achetées,-10.860489,achetés,-9.998631,0
391,P_NOUN_8_PASS_b,F,P,les chaises avec les sacs que j' aime beaucoup ne sont probablement pas brisées <eos>,13,brisées,brisés,11,M,brisées,-9.543452,brisés,-12.020168,1
392,P_NOUN_8_PASS_b,F,P,les chaises avec les sacs que j' aime beaucoup ne sont probablement pas cachées <eos>,13,cachées,cachés,11,M,cachées,-7.9778695,cachés,-9.110075,1
393,P_NOUN_8_PASS_b,F,P,les chaises avec les sacs que j' aime beaucoup ne sont probablement pas cassées <eos>,13,cassées,cassés,11,M,cassées,-8.987273,cassés,-10.318239,1
394,P_NOUN_8_PASS_b,F,P,les chaises avec les sacs que j' aime beaucoup ne sont probablement pas couvertes <eos>,13,couvertes,couverts,11,M,couvertes,-7.590189,couverts,-7.484522,0
395,P_NOUN_8_PASS_b,F,P,les chaises avec les sacs que j' aime beaucoup ne sont probablement pas déformées <eos>,13,déformées,déformés,11,M,déformées,-9.077972,déformés,-12.729596,1
396,P_NOUN_8_PASS_b,F,P,les chaises avec les sacs que j' aime beaucoup ne sont probablement pas fixées <eos>,13,fixées,fixés,11,M,fixées,-8.388947,fixés,-9.219778,1
397,P_NOUN_8_PASS_b,F,P,les chaises avec les sacs que j' aime beaucoup ne sont probablement pas jetées <eos>,13,jetées,jetés,11,M,jetées,-9.133262,jetés,-9.262482,1
398,P_NOUN_8_PASS_b,F,P,les chaises avec les sacs que j' aime beaucoup ne sont probablement pas laissées <eos>,13,laissées,laissés,11,M,laissées,-8.126581,laissés,-9.633274,1
399,P_NOUN_8_PASS_b,F,P,les chaises avec les sacs que j' aime beaucoup ne sont probablement pas ouvertes <eos>,13,ouvertes,ouverts,11,M,ouvertes,-7.7330627,ouverts,-8.653443,1
400,P_NOUN_8_PASS_b,F,P,les chaises avec les sacs que j' aime beaucoup ne sont probablement pas perdues <eos>,13,perdues,perdus,11,M,perdues,-8.139384,perdus,-8.461563,1
401,P_NOUN_8_PASS_b,F,P,les chaises avec les sacs que j' aime beaucoup ne sont probablement pas réparées <eos>,13,réparées,réparés,11,M,réparées,-9.297681,réparés,-11.707037,1
402,P_NOUN_8_PASS_b,F,P,les chaises avec les sacs que j' aime beaucoup ne sont probablement pas retirées <eos>,13,retirées,retirés,11,M,retirées,-8.638197,retirés,-10.100739,1
403,P_NOUN_8_PASS_b,F,P,les chaises avec les sacs que j' aime beaucoup ne sont probablement pas tombées <eos>,13,tombées,tombés,11,M,tombées,-8.027868,tombés,-7.847306,0
404,P_NOUN_8_PASS_b,F,P,les chaises avec les sacs que j' aime beaucoup ne sont probablement pas utilisées <eos>,13,utilisées,utilisés,11,M,utilisées,-5.822673,utilisés,-6.409831,1
405,P_NOUN_8_PASS_b,F,P,les chaises avec les claviers que j' aime beaucoup ne sont probablement pas achetées <eos>,13,achetées,achetés,11,M,achetées,-10.764332,achetés,-10.984484,1
406,P_NOUN_8_PASS_b,F,P,les chaises avec les claviers que j' aime beaucoup ne sont probablement pas brisées <eos>,13,brisées,brisés,11,M,brisées,-9.235977,brisés,-12.380956,1
407,P_NOUN_8_PASS_b,F,P,les chaises avec les claviers que j' aime beaucoup ne sont probablement pas cachées <eos>,13,cachées,cachés,11,M,cachées,-8.025067,cachés,-9.947192,1
408,P_NOUN_8_PASS_b,F,P,les chaises avec les claviers que j' aime beaucoup ne sont probablement pas cassées <eos>,13,cassées,cassés,11,M,cassées,-9.365968,cassés,-11.377049,1
409,P_NOUN_8_PASS_b,F,P,les chaises avec les claviers que j' aime beaucoup ne sont probablement pas couvertes <eos>,13,couvertes,couverts,11,M,couvertes,-7.868007,couverts,-8.617163,1
410,P_NOUN_8_PASS_b,F,P,les chaises avec les claviers que j' aime beaucoup ne sont probablement pas déformées <eos>,13,déformées,déformés,11,M,déformées,-8.259957,déformés,-12.8530035,1
411,P_NOUN_8_PASS_b,F,P,les chaises avec les claviers que j' aime beaucoup ne sont probablement pas fixées <eos>,13,fixées,fixés,11,M,fixées,-8.361184,fixés,-9.543091,1
412,P_NOUN_8_PASS_b,F,P,les chaises avec les claviers que j' aime beaucoup ne sont probablement pas jetées <eos>,13,jetées,jetés,11,M,jetées,-9.833398,jetés,-10.460916,1
413,P_NOUN_8_PASS_b,F,P,les chaises avec les claviers que j' aime beaucoup ne sont probablement pas laissées <eos>,13,laissées,laissés,11,M,laissées,-8.016982,laissés,-10.39406,1
414,P_NOUN_8_PASS_b,F,P,les chaises avec les claviers que j' aime beaucoup ne sont probablement pas ouvertes <eos>,13,ouvertes,ouverts,11,M,ouvertes,-7.289471,ouverts,-9.021408,1
415,P_NOUN_8_PASS_b,F,P,les chaises avec les claviers que j' aime beaucoup ne sont probablement pas perdues <eos>,13,perdues,perdus,11,M,perdues,-7.8120465,perdus,-8.87691,1
416,P_NOUN_8_PASS_b,F,P,les chaises avec les claviers que j' aime beaucoup ne sont probablement pas réparées <eos>,13,réparées,réparés,11,M,réparées,-9.39919,réparés,-12.627688,1
417,P_NOUN_8_PASS_b,F,P,les chaises avec les claviers que j' aime beaucoup ne sont probablement pas retirées <eos>,13,retirées,retirés,11,M,retirées,-8.561546,retirés,-11.024963,1
418,P_NOUN_8_PASS_b,F,P,les chaises avec les claviers que j' aime beaucoup ne sont probablement pas tombées <eos>,13,tombées,tombés,11,M,tombées,-8.442334,tombés,-9.28535,1
419,P_NOUN_8_PASS_b,F,P,les chaises avec les claviers que j' aime beaucoup ne sont probablement pas utilisées <eos>,13,utilisées,utilisés,11,M,utilisées,-5.6184487,utilisés,-6.9432683,1
420,P_NOUN_8_PASS_b,F,P,les chaises avec les raisins que j' aime beaucoup ne sont probablement pas achetées <eos>,13,achetées,achetés,11,M,achetées,-10.021613,achetés,-9.47048,0
421,P_NOUN_8_PASS_b,F,P,les chaises avec les raisins que j' aime beaucoup ne sont probablement pas brisées <eos>,13,brisées,brisés,11,M,brisées,-9.622123,brisés,-12.692842,1
422,P_NOUN_8_PASS_b,F,P,les chaises avec les raisins que j' aime beaucoup ne sont probablement pas cachées <eos>,13,cachées,cachés,11,M,cachées,-8.097785,cachés,-9.670306,1
423,P_NOUN_8_PASS_b,F,P,les chaises avec les raisins que j' aime beaucoup ne sont probablement pas cassées <eos>,13,cassées,cassés,11,M,cassées,-9.128793,cassés,-9.577127,1
424,P_NOUN_8_PASS_b,F,P,les chaises avec les raisins que j' aime beaucoup ne sont probablement pas couvertes <eos>,13,couvertes,couverts,11,M,couvertes,-7.37468,couverts,-7.0841517,0
425,P_NOUN_8_PASS_b,F,P,les chaises avec les raisins que j' aime beaucoup ne sont probablement pas déformées <eos>,13,déformées,déformés,11,M,déformées,-9.286155,déformés,-13.642925,1
426,P_NOUN_8_PASS_b,F,P,les chaises avec les raisins que j' aime beaucoup ne sont probablement pas fixées <eos>,13,fixées,fixés,11,M,fixées,-8.506946,fixés,-9.4287815,1
427,P_NOUN_8_PASS_b,F,P,les chaises avec les raisins que j' aime beaucoup ne sont probablement pas jetées <eos>,13,jetées,jetés,11,M,jetées,-10.259143,jetés,-10.456351,1
428,P_NOUN_8_PASS_b,F,P,les chaises avec les raisins que j' aime beaucoup ne sont probablement pas laissées <eos>,13,laissées,laissés,11,M,laissées,-7.572782,laissés,-9.606216,1
429,P_NOUN_8_PASS_b,F,P,les chaises avec les raisins que j' aime beaucoup ne sont probablement pas ouvertes <eos>,13,ouvertes,ouverts,11,M,ouvertes,-7.7101,ouverts,-9.148855,1
430,P_NOUN_8_PASS_b,F,P,les chaises avec les raisins que j' aime beaucoup ne sont probablement pas perdues <eos>,13,perdues,perdus,11,M,perdues,-8.2987385,perdus,-8.951504,1
431,P_NOUN_8_PASS_b,F,P,les chaises avec les raisins que j' aime beaucoup ne sont probablement pas réparées <eos>,13,réparées,réparés,11,M,réparées,-9.356203,réparés,-12.202377,1
432,P_NOUN_8_PASS_b,F,P,les chaises avec les raisins que j' aime beaucoup ne sont probablement pas retirées <eos>,13,retirées,retirés,11,M,retirées,-8.445818,retirés,-10.233511,1
433,P_NOUN_8_PASS_b,F,P,les chaises avec les raisins que j' aime beaucoup ne sont probablement pas tombées <eos>,13,tombées,tombés,11,M,tombées,-7.610941,tombés,-8.015813,1
434,P_NOUN_8_PASS_b,F,P,les chaises avec les raisins que j' aime beaucoup ne sont probablement pas utilisées <eos>,13,utilisées,utilisés,11,M,utilisées,-5.6347027,utilisés,-6.4619846,1
435,P_NOUN_8_PASS_b,F,P,les chaises avec les chargeurs que j' aime beaucoup ne sont probablement pas achetées <eos>,13,achetées,achetés,11,M,achetées,-10.462412,achetés,-10.661562,1
436,P_NOUN_8_PASS_b,F,P,les chaises avec les chargeurs que j' aime beaucoup ne sont probablement pas brisées <eos>,13,brisées,brisés,11,M,brisées,-9.399177,brisés,-12.468764,1
437,P_NOUN_8_PASS_b,F,P,les chaises avec les chargeurs que j' aime beaucoup ne sont probablement pas cachées <eos>,13,cachées,cachés,11,M,cachées,-8.05504,cachés,-9.235931,1
438,P_NOUN_8_PASS_b,F,P,les chaises avec les chargeurs que j' aime beaucoup ne sont probablement pas cassées <eos>,13,cassées,cassés,11,M,cassées,-9.175437,cassés,-10.5328455,1
439,P_NOUN_8_PASS_b,F,P,les chaises avec les chargeurs que j' aime beaucoup ne sont probablement pas couvertes <eos>,13,couvertes,couverts,11,M,couvertes,-7.4449544,couverts,-7.824962,1
440,P_NOUN_8_PASS_b,F,P,les chaises avec les chargeurs que j' aime beaucoup ne sont probablement pas déformées <eos>,13,déformées,déformés,11,M,déformées,-8.965637,déformés,-13.2562275,1
441,P_NOUN_8_PASS_b,F,P,les chaises avec les chargeurs que j' aime beaucoup ne sont probablement pas fixées <eos>,13,fixées,fixés,11,M,fixées,-7.8038974,fixés,-9.170753,1
442,P_NOUN_8_PASS_b,F,P,les chaises avec les chargeurs que j' aime beaucoup ne sont probablement pas jetées <eos>,13,jetées,jetés,11,M,jetées,-9.460004,jetés,-9.763262,1
443,P_NOUN_8_PASS_b,F,P,les chaises avec les chargeurs que j' aime beaucoup ne sont probablement pas laissées <eos>,13,laissées,laissés,11,M,laissées,-8.02096,laissés,-10.285728,1
444,P_NOUN_8_PASS_b,F,P,les chaises avec les chargeurs que j' aime beaucoup ne sont probablement pas ouvertes <eos>,13,ouvertes,ouverts,11,M,ouvertes,-7.8155684,ouverts,-8.977957,1
445,P_NOUN_8_PASS_b,F,P,les chaises avec les chargeurs que j' aime beaucoup ne sont probablement pas perdues <eos>,13,perdues,perdus,11,M,perdues,-7.6199474,perdus,-8.646174,1
446,P_NOUN_8_PASS_b,F,P,les chaises avec les chargeurs que j' aime beaucoup ne sont probablement pas réparées <eos>,13,réparées,réparés,11,M,réparées,-9.202713,réparés,-11.682037,1
447,P_NOUN_8_PASS_b,F,P,les chaises avec les chargeurs que j' aime beaucoup ne sont probablement pas retirées <eos>,13,retirées,retirés,11,M,retirées,-8.227634,retirés,-9.622331,1
448,P_NOUN_8_PASS_b,F,P,les chaises avec les chargeurs que j' aime beaucoup ne sont probablement pas tombées <eos>,13,tombées,tombés,11,M,tombées,-7.979758,tombés,-7.733889,0
449,P_NOUN_8_PASS_b,F,P,les chaises avec les chargeurs que j' aime beaucoup ne sont probablement pas utilisées <eos>,13,utilisées,utilisés,11,M,utilisées,-5.3248167,utilisés,-6.3367023,1
450,P_NOUN_8_PASS_b,F,P,les chaises avec les vases que j' aime beaucoup ne sont probablement pas achetées <eos>,13,achetées,achetés,11,M,achetées,-10.872549,achetés,-10.486097,0
451,P_NOUN_8_PASS_b,F,P,les chaises avec les vases que j' aime beaucoup ne sont probablement pas brisées <eos>,13,brisées,brisés,11,M,brisées,-9.231737,brisés,-11.846918,1
452,P_NOUN_8_PASS_b,F,P,les chaises avec les vases que j' aime beaucoup ne sont probablement pas cachées <eos>,13,cachées,cachés,11,M,cachées,-7.78306,cachés,-9.509948,1
453,P_NOUN_8_PASS_b,F,P,les chaises avec les vases que j' aime beaucoup ne sont probablement pas cassées <eos>,13,cassées,cassés,11,M,cassées,-8.563084,cassés,-9.895705,1
454,P_NOUN_8_PASS_b,F,P,les chaises avec les vases que j' aime beaucoup ne sont probablement pas couvertes <eos>,13,couvertes,couverts,11,M,couvertes,-7.6324644,couverts,-7.670515,1
455,P_NOUN_8_PASS_b,F,P,les chaises avec les vases que j' aime beaucoup ne sont probablement pas déformées <eos>,13,déformées,déformés,11,M,déformées,-8.226893,déformés,-12.229966,1
456,P_NOUN_8_PASS_b,F,P,les chaises avec les vases que j' aime beaucoup ne sont probablement pas fixées <eos>,13,fixées,fixés,11,M,fixées,-8.041933,fixés,-9.530657,1
457,P_NOUN_8_PASS_b,F,P,les chaises avec les vases que j' aime beaucoup ne sont probablement pas jetées <eos>,13,jetées,jetés,11,M,jetées,-9.161215,jetés,-9.459656,1
458,P_NOUN_8_PASS_b,F,P,les chaises avec les vases que j' aime beaucoup ne sont probablement pas laissées <eos>,13,laissées,laissés,11,M,laissées,-7.818872,laissés,-9.598572,1
459,P_NOUN_8_PASS_b,F,P,les chaises avec les vases que j' aime beaucoup ne sont probablement pas ouvertes <eos>,13,ouvertes,ouverts,11,M,ouvertes,-7.94727,ouverts,-9.213067,1
460,P_NOUN_8_PASS_b,F,P,les chaises avec les vases que j' aime beaucoup ne sont probablement pas perdues <eos>,13,perdues,perdus,11,M,perdues,-7.9680424,perdus,-8.519548,1
461,P_NOUN_8_PASS_b,F,P,les chaises avec les vases que j' aime beaucoup ne sont probablement pas réparées <eos>,13,réparées,réparés,11,M,réparées,-9.232493,réparés,-12.020536,1
462,P_NOUN_8_PASS_b,F,P,les chaises avec les vases que j' aime beaucoup ne sont probablement pas retirées <eos>,13,retirées,retirés,11,M,retirées,-8.455598,retirés,-10.212093,1
463,P_NOUN_8_PASS_b,F,P,les chaises avec les vases que j' aime beaucoup ne sont probablement pas tombées <eos>,13,tombées,tombés,11,M,tombées,-7.5673084,tombés,-7.755019,1
464,P_NOUN_8_PASS_b,F,P,les chaises avec les vases que j' aime beaucoup ne sont probablement pas utilisées <eos>,13,utilisées,utilisés,11,M,utilisées,-5.7379804,utilisés,-6.5562997,1
465,P_NOUN_8_PASS_b,F,P,les chaises avec les paniers que j' aime beaucoup ne sont probablement pas achetées <eos>,13,achetées,achetés,11,M,achetées,-10.817788,achetés,-10.25064,0
466,P_NOUN_8_PASS_b,F,P,les chaises avec les paniers que j' aime beaucoup ne sont probablement pas brisées <eos>,13,brisées,brisés,11,M,brisées,-9.354496,brisés,-12.128353,1
467,P_NOUN_8_PASS_b,F,P,les chaises avec les paniers que j' aime beaucoup ne sont probablement pas cachées <eos>,13,cachées,cachés,11,M,cachées,-8.007538,cachés,-9.460727,1
468,P_NOUN_8_PASS_b,F,P,les chaises avec les paniers que j' aime beaucoup ne sont probablement pas cassées <eos>,13,cassées,cassés,11,M,cassées,-8.591649,cassés,-10.332124,1
469,P_NOUN_8_PASS_b,F,P,les chaises avec les paniers que j' aime beaucoup ne sont probablement pas couvertes <eos>,13,couvertes,couverts,11,M,couvertes,-7.611863,couverts,-7.6565523,1
470,P_NOUN_8_PASS_b,F,P,les chaises avec les paniers que j' aime beaucoup ne sont probablement pas déformées <eos>,13,déformées,déformés,11,M,déformées,-8.601641,déformés,-12.762402,1
471,P_NOUN_8_PASS_b,F,P,les chaises avec les paniers que j' aime beaucoup ne sont probablement pas fixées <eos>,13,fixées,fixés,11,M,fixées,-7.8604593,fixés,-9.1758,1
472,P_NOUN_8_PASS_b,F,P,les chaises avec les paniers que j' aime beaucoup ne sont probablement pas jetées <eos>,13,jetées,jetés,11,M,jetées,-8.946814,jetés,-9.557475,1
473,P_NOUN_8_PASS_b,F,P,les chaises avec les paniers que j' aime beaucoup ne sont probablement pas laissées <eos>,13,laissées,laissés,11,M,laissées,-8.209451,laissés,-10.024367,1
474,P_NOUN_8_PASS_b,F,P,les chaises avec les paniers que j' aime beaucoup ne sont probablement pas ouvertes <eos>,13,ouvertes,ouverts,11,M,ouvertes,-7.722388,ouverts,-8.983658,1
475,P_NOUN_8_PASS_b,F,P,les chaises avec les paniers que j' aime beaucoup ne sont probablement pas perdues <eos>,13,perdues,perdus,11,M,perdues,-7.995588,perdus,-8.610253,1
476,P_NOUN_8_PASS_b,F,P,les chaises avec les paniers que j' aime beaucoup ne sont probablement pas réparées <eos>,13,réparées,réparés,11,M,réparées,-9.436735,réparés,-12.343946,1
477,P_NOUN_8_PASS_b,F,P,les chaises avec les paniers que j' aime beaucoup ne sont probablement pas retirées <eos>,13,retirées,retirés,11,M,retirées,-8.406563,retirés,-10.264729,1
478,P_NOUN_8_PASS_b,F,P,les chaises avec les paniers que j' aime beaucoup ne sont probablement pas tombées <eos>,13,tombées,tombés,11,M,tombées,-7.7771406,tombés,-7.9443884,1
479,P_NOUN_8_PASS_b,F,P,les chaises avec les paniers que j' aime beaucoup ne sont probablement pas utilisées <eos>,13,utilisées,utilisés,11,M,utilisées,-5.4891567,utilisés,-6.3219423,1
480,P_NOUN_8_PASS_b,F,P,les chaises avec les colliers que j' aime beaucoup ne sont probablement pas achetées <eos>,13,achetées,achetés,11,M,achetées,-10.687401,achetés,-10.620501,0
481,P_NOUN_8_PASS_b,F,P,les chaises avec les colliers que j' aime beaucoup ne sont probablement pas brisées <eos>,13,brisées,brisés,11,M,brisées,-9.218493,brisés,-11.917949,1
482,P_NOUN_8_PASS_b,F,P,les chaises avec les colliers que j' aime beaucoup ne sont probablement pas cachées <eos>,13,cachées,cachés,11,M,cachées,-8.195105,cachés,-9.65419,1
483,P_NOUN_8_PASS_b,F,P,les chaises avec les colliers que j' aime beaucoup ne sont probablement pas cassées <eos>,13,cassées,cassés,11,M,cassées,-8.520457,cassés,-9.902239,1
484,P_NOUN_8_PASS_b,F,P,les chaises avec les colliers que j' aime beaucoup ne sont probablement pas couvertes <eos>,13,couvertes,couverts,11,M,couvertes,-7.698511,couverts,-8.073148,1
485,P_NOUN_8_PASS_b,F,P,les chaises avec les colliers que j' aime beaucoup ne sont probablement pas déformées <eos>,13,déformées,déformés,11,M,déformées,-8.195107,déformés,-12.4369135,1
486,P_NOUN_8_PASS_b,F,P,les chaises avec les colliers que j' aime beaucoup ne sont probablement pas fixées <eos>,13,fixées,fixés,11,M,fixées,-7.774762,fixés,-9.45713,1
487,P_NOUN_8_PASS_b,F,P,les chaises avec les colliers que j' aime beaucoup ne sont probablement pas jetées <eos>,13,jetées,jetés,11,M,jetées,-9.039598,jetés,-9.399982,1
488,P_NOUN_8_PASS_b,F,P,les chaises avec les colliers que j' aime beaucoup ne sont probablement pas laissées <eos>,13,laissées,laissés,11,M,laissées,-7.9988384,laissés,-10.050624,1
489,P_NOUN_8_PASS_b,F,P,les chaises avec les colliers que j' aime beaucoup ne sont probablement pas ouvertes <eos>,13,ouvertes,ouverts,11,M,ouvertes,-8.03319,ouverts,-9.467398,1
490,P_NOUN_8_PASS_b,F,P,les chaises avec les colliers que j' aime beaucoup ne sont probablement pas perdues <eos>,13,perdues,perdus,11,M,perdues,-7.7266903,perdus,-8.566057,1
491,P_NOUN_8_PASS_b,F,P,les chaises avec les colliers que j' aime beaucoup ne sont probablement pas réparées <eos>,13,réparées,réparés,11,M,réparées,-9.130035,réparés,-12.185652,1
492,P_NOUN_8_PASS_b,F,P,les chaises avec les colliers que j' aime beaucoup ne sont probablement pas retirées <eos>,13,retirées,retirés,11,M,retirées,-8.117574,retirés,-10.007687,1
493,P_NOUN_8_PASS_b,F,P,les chaises avec les colliers que j' aime beaucoup ne sont probablement pas tombées <eos>,13,tombées,tombés,11,M,tombées,-7.472942,tombés,-7.757686,1
494,P_NOUN_8_PASS_b,F,P,les chaises avec les colliers que j' aime beaucoup ne sont probablement pas utilisées <eos>,13,utilisées,utilisés,11,M,utilisées,-5.4448347,utilisés,-6.507144,1
495,P_NOUN_8_PASS_b,F,P,les chaises avec les chapeaux que j' aime beaucoup ne sont probablement pas achetées <eos>,13,achetées,achetés,11,M,achetées,-10.55629,achetés,-10.47052,0
496,P_NOUN_8_PASS_b,F,P,les chaises avec les chapeaux que j' aime beaucoup ne sont probablement pas brisées <eos>,13,brisées,brisés,11,M,brisées,-9.458075,brisés,-12.479206,1
497,P_NOUN_8_PASS_b,F,P,les chaises avec les chapeaux que j' aime beaucoup ne sont probablement pas cachées <eos>,13,cachées,cachés,11,M,cachées,-7.745812,cachés,-9.463576,1
498,P_NOUN_8_PASS_b,F,P,les chaises avec les chapeaux que j' aime beaucoup ne sont probablement pas cassées <eos>,13,cassées,cassés,11,M,cassées,-8.734276,cassés,-10.662744,1
499,P_NOUN_8_PASS_b,F,P,les chaises avec les chapeaux que j' aime beaucoup ne sont probablement pas couvertes <eos>,13,couvertes,couverts,11,M,couvertes,-7.6922464,couverts,-8.063077,1
500,P_NOUN_8_PASS_b,F,P,les chaises avec les chapeaux que j' aime beaucoup ne sont probablement pas déformées <eos>,13,déformées,déformés,11,M,déformées,-8.745301,déformés,-12.836621,1
501,P_NOUN_8_PASS_b,F,P,les chaises avec les chapeaux que j' aime beaucoup ne sont probablement pas fixées <eos>,13,fixées,fixés,11,M,fixées,-8.022247,fixés,-9.564255,1
502,P_NOUN_8_PASS_b,F,P,les chaises avec les chapeaux que j' aime beaucoup ne sont probablement pas jetées <eos>,13,jetées,jetés,11,M,jetées,-8.916952,jetés,-9.736888,1
503,P_NOUN_8_PASS_b,F,P,les chaises avec les chapeaux que j' aime beaucoup ne sont probablement pas laissées <eos>,13,laissées,laissés,11,M,laissées,-8.151165,laissés,-10.109749,1
504,P_NOUN_8_PASS_b,F,P,les chaises avec les chapeaux que j' aime beaucoup ne sont probablement pas ouvertes <eos>,13,ouvertes,ouverts,11,M,ouvertes,-7.783409,ouverts,-9.229076,1
505,P_NOUN_8_PASS_b,F,P,les chaises avec les chapeaux que j' aime beaucoup ne sont probablement pas perdues <eos>,13,perdues,perdus,11,M,perdues,-7.8898535,perdus,-8.864979,1
506,P_NOUN_8_PASS_b,F,P,les chaises avec les chapeaux que j' aime beaucoup ne sont probablement pas réparées <eos>,13,réparées,réparés,11,M,réparées,-9.42276,réparés,-12.464358,1
507,P_NOUN_8_PASS_b,F,P,les chaises avec les chapeaux que j' aime beaucoup ne sont probablement pas retirées <eos>,13,retirées,retirés,11,M,retirées,-8.393665,retirés,-10.477671,1
508,P_NOUN_8_PASS_b,F,P,les chaises avec les chapeaux que j' aime beaucoup ne sont probablement pas tombées <eos>,13,tombées,tombés,11,M,tombées,-7.6345515,tombés,-7.6703,1
509,P_NOUN_8_PASS_b,F,P,les chaises avec les chapeaux que j' aime beaucoup ne sont probablement pas utilisées <eos>,13,utilisées,utilisés,11,M,utilisées,-5.681534,utilisés,-6.7637873,1
510,P_NOUN_8_PASS_b,F,P,les chaises avec les pots que j' aime beaucoup ne sont probablement pas achetées <eos>,13,achetées,achetés,11,M,achetées,-10.478754,achetés,-9.81279,0
511,P_NOUN_8_PASS_b,F,P,les chaises avec les pots que j' aime beaucoup ne sont probablement pas brisées <eos>,13,brisées,brisés,11,M,brisées,-9.245422,brisés,-11.744447,1
512,P_NOUN_8_PASS_b,F,P,les chaises avec les pots que j' aime beaucoup ne sont probablement pas cachées <eos>,13,cachées,cachés,11,M,cachées,-8.299119,cachés,-9.352455,1
513,P_NOUN_8_PASS_b,F,P,les chaises avec les pots que j' aime beaucoup ne sont probablement pas cassées <eos>,13,cassées,cassés,11,M,cassées,-8.564833,cassés,-9.771763,1
514,P_NOUN_8_PASS_b,F,P,les chaises avec les pots que j' aime beaucoup ne sont probablement pas couvertes <eos>,13,couvertes,couverts,11,M,couvertes,-7.437728,couverts,-7.1729956,0
515,P_NOUN_8_PASS_b,F,P,les chaises avec les pots que j' aime beaucoup ne sont probablement pas déformées <eos>,13,déformées,déformés,11,M,déformées,-8.532074,déformés,-12.725374,1
516,P_NOUN_8_PASS_b,F,P,les chaises avec les pots que j' aime beaucoup ne sont probablement pas fixées <eos>,13,fixées,fixés,11,M,fixées,-8.183647,fixés,-9.119501,1
517,P_NOUN_8_PASS_b,F,P,les chaises avec les pots que j' aime beaucoup ne sont probablement pas jetées <eos>,13,jetées,jetés,11,M,jetées,-9.193119,jetés,-9.25544,1
518,P_NOUN_8_PASS_b,F,P,les chaises avec les pots que j' aime beaucoup ne sont probablement pas laissées <eos>,13,laissées,laissés,11,M,laissées,-7.727457,laissés,-9.680108,1
519,P_NOUN_8_PASS_b,F,P,les chaises avec les pots que j' aime beaucoup ne sont probablement pas ouvertes <eos>,13,ouvertes,ouverts,11,M,ouvertes,-7.7117825,ouverts,-8.572182,1
520,P_NOUN_8_PASS_b,F,P,les chaises avec les pots que j' aime beaucoup ne sont probablement pas perdues <eos>,13,perdues,perdus,11,M,perdues,-8.045105,perdus,-8.224785,1
521,P_NOUN_8_PASS_b,F,P,les chaises avec les pots que j' aime beaucoup ne sont probablement pas réparées <eos>,13,réparées,réparés,11,M,réparées,-9.063894,réparés,-11.623268,1
522,P_NOUN_8_PASS_b,F,P,les chaises avec les pots que j' aime beaucoup ne sont probablement pas retirées <eos>,13,retirées,retirés,11,M,retirées,-8.370216,retirés,-9.827953,1
523,P_NOUN_8_PASS_b,F,P,les chaises avec les pots que j' aime beaucoup ne sont probablement pas tombées <eos>,13,tombées,tombés,11,M,tombées,-7.8376455,tombés,-7.636091,0
524,P_NOUN_8_PASS_b,F,P,les chaises avec les pots que j' aime beaucoup ne sont probablement pas utilisées <eos>,13,utilisées,utilisés,11,M,utilisées,-5.479623,utilisés,-6.0242376,1
525,P_NOUN_8_PASS_b,F,P,les chaises avec les coussins que j' aime beaucoup ne sont probablement pas achetées <eos>,13,achetées,achetés,11,M,achetées,-10.533082,achetés,-10.73161,1
526,P_NOUN_8_PASS_b,F,P,les chaises avec les coussins que j' aime beaucoup ne sont probablement pas brisées <eos>,13,brisées,brisés,11,M,brisées,-8.958828,brisés,-12.053579,1
527,P_NOUN_8_PASS_b,F,P,les chaises avec les coussins que j' aime beaucoup ne sont probablement pas cachées <eos>,13,cachées,cachés,11,M,cachées,-7.8221545,cachés,-9.833338,1
528,P_NOUN_8_PASS_b,F,P,les chaises avec les coussins que j' aime beaucoup ne sont probablement pas cassées <eos>,13,cassées,cassés,11,M,cassées,-8.206383,cassés,-10.789368,1
529,P_NOUN_8_PASS_b,F,P,les chaises avec les coussins que j' aime beaucoup ne sont probablement pas couvertes <eos>,13,couvertes,couverts,11,M,couvertes,-7.2687964,couverts,-8.115028,1
530,P_NOUN_8_PASS_b,F,P,les chaises avec les coussins que j' aime beaucoup ne sont probablement pas déformées <eos>,13,déformées,déformés,11,M,déformées,-8.238594,déformés,-12.620241,1
531,P_NOUN_8_PASS_b,F,P,les chaises avec les coussins que j' aime beaucoup ne sont probablement pas fixées <eos>,13,fixées,fixés,11,M,fixées,-7.6931796,fixés,-9.454846,1
532,P_NOUN_8_PASS_b,F,P,les chaises avec les coussins que j' aime beaucoup ne sont probablement pas jetées <eos>,13,jetées,jetés,11,M,jetées,-8.442539,jetés,-9.7210655,1
533,P_NOUN_8_PASS_b,F,P,les chaises avec les coussins que j' aime beaucoup ne sont probablement pas laissées <eos>,13,laissées,laissés,11,M,laissées,-7.667923,laissés,-10.262918,1
534,P_NOUN_8_PASS_b,F,P,les chaises avec les coussins que j' aime beaucoup ne sont probablement pas ouvertes <eos>,13,ouvertes,ouverts,11,M,ouvertes,-7.204074,ouverts,-8.750609,1
535,P_NOUN_8_PASS_b,F,P,les chaises avec les coussins que j' aime beaucoup ne sont probablement pas perdues <eos>,13,perdues,perdus,11,M,perdues,-7.778784,perdus,-8.696196,1
536,P_NOUN_8_PASS_b,F,P,les chaises avec les coussins que j' aime beaucoup ne sont probablement pas réparées <eos>,13,réparées,réparés,11,M,réparées,-8.724208,réparés,-12.079657,1
537,P_NOUN_8_PASS_b,F,P,les chaises avec les coussins que j' aime beaucoup ne sont probablement pas retirées <eos>,13,retirées,retirés,11,M,retirées,-8.137866,retirés,-10.563473,1
538,P_NOUN_8_PASS_b,F,P,les chaises avec les coussins que j' aime beaucoup ne sont probablement pas tombées <eos>,13,tombées,tombés,11,M,tombées,-7.8744,tombés,-8.536141,1
539,P_NOUN_8_PASS_b,F,P,les chaises avec les coussins que j' aime beaucoup ne sont probablement pas utilisées <eos>,13,utilisées,utilisés,11,M,utilisées,-5.4949036,utilisés,-6.8936167,1
540,P_NOUN_8_PASS_b,F,P,les chaises avec les jouets que j' aime beaucoup ne sont probablement pas achetées <eos>,13,achetées,achetés,11,M,achetées,-10.722406,achetés,-10.040472,0
541,P_NOUN_8_PASS_b,F,P,les chaises avec les jouets que j' aime beaucoup ne sont probablement pas brisées <eos>,13,brisées,brisés,11,M,brisées,-9.853638,brisés,-12.174213,1
542,P_NOUN_8_PASS_b,F,P,les chaises avec les jouets que j' aime beaucoup ne sont probablement pas cachées <eos>,13,cachées,cachés,11,M,cachées,-8.0423355,cachés,-8.926895,1
543,P_NOUN_8_PASS_b,F,P,les chaises avec les jouets que j' aime beaucoup ne sont probablement pas cassées <eos>,13,cassées,cassés,11,M,cassées,-9.597446,cassés,-10.485668,1
544,P_NOUN_8_PASS_b,F,P,les chaises avec les jouets que j' aime beaucoup ne sont probablement pas couvertes <eos>,13,couvertes,couverts,11,M,couvertes,-8.410672,couverts,-8.322232,0
545,P_NOUN_8_PASS_b,F,P,les chaises avec les jouets que j' aime beaucoup ne sont probablement pas déformées <eos>,13,déformées,déformés,11,M,déformées,-9.061033,déformés,-12.34421,1
546,P_NOUN_8_PASS_b,F,P,les chaises avec les jouets que j' aime beaucoup ne sont probablement pas fixées <eos>,13,fixées,fixés,11,M,fixées,-8.900551,fixés,-9.304159,1
547,P_NOUN_8_PASS_b,F,P,les chaises avec les jouets que j' aime beaucoup ne sont probablement pas jetées <eos>,13,jetées,jetés,11,M,jetées,-9.7102585,jetés,-9.666171,0
548,P_NOUN_8_PASS_b,F,P,les chaises avec les jouets que j' aime beaucoup ne sont probablement pas laissées <eos>,13,laissées,laissés,11,M,laissées,-8.594421,laissés,-9.762492,1
549,P_NOUN_8_PASS_b,F,P,les chaises avec les jouets que j' aime beaucoup ne sont probablement pas ouvertes <eos>,13,ouvertes,ouverts,11,M,ouvertes,-8.208151,ouverts,-8.719721,1
550,P_NOUN_8_PASS_b,F,P,les chaises avec les jouets que j' aime beaucoup ne sont probablement pas perdues <eos>,13,perdues,perdus,11,M,perdues,-8.433894,perdus,-8.386933,0
551,P_NOUN_8_PASS_b,F,P,les chaises avec les jouets que j' aime beaucoup ne sont probablement pas réparées <eos>,13,réparées,réparés,11,M,réparées,-9.720625,réparés,-12.213828,1
552,P_NOUN_8_PASS_b,F,P,les chaises avec les jouets que j' aime beaucoup ne sont probablement pas retirées <eos>,13,retirées,retirés,11,M,retirées,-8.854736,retirés,-10.466392,1
553,P_NOUN_8_PASS_b,F,P,les chaises avec les jouets que j' aime beaucoup ne sont probablement pas tombées <eos>,13,tombées,tombés,11,M,tombées,-8.271357,tombés,-7.945911,0
554,P_NOUN_8_PASS_b,F,P,les chaises avec les jouets que j' aime beaucoup ne sont probablement pas utilisées <eos>,13,utilisées,utilisés,11,M,utilisées,-6.288479,utilisés,-6.850175,1
555,P_NOUN_8_PASS_b,F,P,les chaises avec les clous que j' aime beaucoup ne sont probablement pas achetées <eos>,13,achetées,achetés,11,M,achetées,-10.34873,achetés,-10.503895,1
556,P_NOUN_8_PASS_b,F,P,les chaises avec les clous que j' aime beaucoup ne sont probablement pas brisées <eos>,13,brisées,brisés,11,M,brisées,-9.042278,brisés,-11.914844,1
557,P_NOUN_8_PASS_b,F,P,les chaises avec les clous que j' aime beaucoup ne sont probablement pas cachées <eos>,13,cachées,cachés,11,M,cachées,-7.671597,cachés,-9.320459,1
558,P_NOUN_8_PASS_b,F,P,les chaises avec les clous que j' aime beaucoup ne sont probablement pas cassées <eos>,13,cassées,cassés,11,M,cassées,-8.436421,cassés,-9.975235,1
559,P_NOUN_8_PASS_b,F,P,les chaises avec les clous que j' aime beaucoup ne sont probablement pas couvertes <eos>,13,couvertes,couverts,11,M,couvertes,-7.4069824,couverts,-7.906207,1
560,P_NOUN_8_PASS_b,F,P,les chaises avec les clous que j' aime beaucoup ne sont probablement pas déformées <eos>,13,déformées,déformés,11,M,déformées,-8.462502,déformés,-12.70617,1
561,P_NOUN_8_PASS_b,F,P,les chaises avec les clous que j' aime beaucoup ne sont probablement pas fixées <eos>,13,fixées,fixés,11,M,fixées,-7.8415217,fixés,-9.477526,1
562,P_NOUN_8_PASS_b,F,P,les chaises avec les clous que j' aime beaucoup ne sont probablement pas jetées <eos>,13,jetées,jetés,11,M,jetées,-8.630896,jetés,-9.19151,1
563,P_NOUN_8_PASS_b,F,P,les chaises avec les clous que j' aime beaucoup ne sont probablement pas laissées <eos>,13,laissées,laissés,11,M,laissées,-7.8446608,laissés,-9.692384,1
564,P_NOUN_8_PASS_b,F,P,les chaises avec les clous que j' aime beaucoup ne sont probablement pas ouvertes <eos>,13,ouvertes,ouverts,11,M,ouvertes,-7.5867968,ouverts,-9.401157,1
565,P_NOUN_8_PASS_b,F,P,les chaises avec les clous que j' aime beaucoup ne sont probablement pas perdues <eos>,13,perdues,perdus,11,M,perdues,-7.4590654,perdus,-8.522592,1
566,P_NOUN_8_PASS_b,F,P,les chaises avec les clous que j' aime beaucoup ne sont probablement pas réparées <eos>,13,réparées,réparés,11,M,réparées,-8.63371,réparés,-11.751849,1
567,P_NOUN_8_PASS_b,F,P,les chaises avec les clous que j' aime beaucoup ne sont probablement pas retirées <eos>,13,retirées,retirés,11,M,retirées,-7.816616,retirés,-10.04207,1
568,P_NOUN_8_PASS_b,F,P,les chaises avec les clous que j' aime beaucoup ne sont probablement pas tombées <eos>,13,tombées,tombés,11,M,tombées,-7.227173,tombés,-7.6383705,1
569,P_NOUN_8_PASS_b,F,P,les chaises avec les clous que j' aime beaucoup ne sont probablement pas utilisées <eos>,13,utilisées,utilisés,11,M,utilisées,-5.363391,utilisés,-6.5759506,1
570,P_NOUN_8_PASS_b,F,P,les chaises avec les billets que j' aime beaucoup ne sont probablement pas achetées <eos>,13,achetées,achetés,11,M,achetées,-9.566688,achetés,-9.66635,1
571,P_NOUN_8_PASS_b,F,P,les chaises avec les billets que j' aime beaucoup ne sont probablement pas brisées <eos>,13,brisées,brisés,11,M,brisées,-9.465,brisés,-12.889406,1
572,P_NOUN_8_PASS_b,F,P,les chaises avec les billets que j' aime beaucoup ne sont probablement pas cachées <eos>,13,cachées,cachés,11,M,cachées,-8.788034,cachés,-9.197859,1
573,P_NOUN_8_PASS_b,F,P,les chaises avec les billets que j' aime beaucoup ne sont probablement pas cassées <eos>,13,cassées,cassés,11,M,cassées,-9.578007,cassés,-10.796106,1
574,P_NOUN_8_PASS_b,F,P,les chaises avec les billets que j' aime beaucoup ne sont probablement pas couvertes <eos>,13,couvertes,couverts,11,M,couvertes,-8.353431,couverts,-8.152946,0
575,P_NOUN_8_PASS_b,F,P,les chaises avec les billets que j' aime beaucoup ne sont probablement pas déformées <eos>,13,déformées,déformés,11,M,déformées,-9.323408,déformés,-13.669343,1
576,P_NOUN_8_PASS_b,F,P,les chaises avec les billets que j' aime beaucoup ne sont probablement pas fixées <eos>,13,fixées,fixés,11,M,fixées,-7.93703,fixés,-8.853083,1
577,P_NOUN_8_PASS_b,F,P,les chaises avec les billets que j' aime beaucoup ne sont probablement pas jetées <eos>,13,jetées,jetés,11,M,jetées,-9.263385,jetés,-9.425982,1
578,P_NOUN_8_PASS_b,F,P,les chaises avec les billets que j' aime beaucoup ne sont probablement pas laissées <eos>,13,laissées,laissés,11,M,laissées,-8.084017,laissés,-10.28646,1
579,P_NOUN_8_PASS_b,F,P,les chaises avec les billets que j' aime beaucoup ne sont probablement pas ouvertes <eos>,13,ouvertes,ouverts,11,M,ouvertes,-8.352888,ouverts,-8.980455,1
580,P_NOUN_8_PASS_b,F,P,les chaises avec les billets que j' aime beaucoup ne sont probablement pas perdues <eos>,13,perdues,perdus,11,M,perdues,-7.385248,perdus,-8.26571,1
581,P_NOUN_8_PASS_b,F,P,les chaises avec les billets que j' aime beaucoup ne sont probablement pas réparées <eos>,13,réparées,réparés,11,M,réparées,-9.714245,réparés,-12.274074,1
582,P_NOUN_8_PASS_b,F,P,les chaises avec les billets que j' aime beaucoup ne sont probablement pas retirées <eos>,13,retirées,retirés,11,M,retirées,-8.373236,retirés,-9.834244,1
583,P_NOUN_8_PASS_b,F,P,les chaises avec les billets que j' aime beaucoup ne sont probablement pas tombées <eos>,13,tombées,tombés,11,M,tombées,-8.16684,tombés,-8.023666,0
584,P_NOUN_8_PASS_b,F,P,les chaises avec les billets que j' aime beaucoup ne sont probablement pas utilisées <eos>,13,utilisées,utilisés,11,M,utilisées,-5.841238,utilisés,-6.6448975,1
585,P_NOUN_8_PASS_b,F,P,les chaises avec les légumes que j' aime beaucoup ne sont probablement pas achetées <eos>,13,achetées,achetés,11,M,achetées,-10.227034,achetés,-9.818693,0
586,P_NOUN_8_PASS_b,F,P,les chaises avec les légumes que j' aime beaucoup ne sont probablement pas brisées <eos>,13,brisées,brisés,11,M,brisées,-9.54276,brisés,-12.412645,1
587,P_NOUN_8_PASS_b,F,P,les chaises avec les légumes que j' aime beaucoup ne sont probablement pas cachées <eos>,13,cachées,cachés,11,M,cachées,-8.224825,cachés,-9.55974,1
588,P_NOUN_8_PASS_b,F,P,les chaises avec les légumes que j' aime beaucoup ne sont probablement pas cassées <eos>,13,cassées,cassés,11,M,cassées,-9.009609,cassés,-9.886312,1
589,P_NOUN_8_PASS_b,F,P,les chaises avec les légumes que j' aime beaucoup ne sont probablement pas couvertes <eos>,13,couvertes,couverts,11,M,couvertes,-7.5531874,couverts,-7.679323,1
590,P_NOUN_8_PASS_b,F,P,les chaises avec les légumes que j' aime beaucoup ne sont probablement pas déformées <eos>,13,déformées,déformés,11,M,déformées,-9.15217,déformés,-13.277441,1
591,P_NOUN_8_PASS_b,F,P,les chaises avec les légumes que j' aime beaucoup ne sont probablement pas fixées <eos>,13,fixées,fixés,11,M,fixées,-8.617185,fixés,-9.615177,1
592,P_NOUN_8_PASS_b,F,P,les chaises avec les légumes que j' aime beaucoup ne sont probablement pas jetées <eos>,13,jetées,jetés,11,M,jetées,-9.137547,jetés,-10.022938,1
593,P_NOUN_8_PASS_b,F,P,les chaises avec les légumes que j' aime beaucoup ne sont probablement pas laissées <eos>,13,laissées,laissés,11,M,laissées,-7.8434134,laissés,-9.590359,1
594,P_NOUN_8_PASS_b,F,P,les chaises avec les légumes que j' aime beaucoup ne sont probablement pas ouvertes <eos>,13,ouvertes,ouverts,11,M,ouvertes,-7.8832417,ouverts,-9.005556,1
595,P_NOUN_8_PASS_b,F,P,les chaises avec les légumes que j' aime beaucoup ne sont probablement pas perdues <eos>,13,perdues,perdus,11,M,perdues,-8.119442,perdus,-8.801124,1
596,P_NOUN_8_PASS_b,F,P,les chaises avec les légumes que j' aime beaucoup ne sont probablement pas réparées <eos>,13,réparées,réparés,11,M,réparées,-9.5905485,réparés,-12.140543,1
597,P_NOUN_8_PASS_b,F,P,les chaises avec les légumes que j' aime beaucoup ne sont probablement pas retirées <eos>,13,retirées,retirés,11,M,retirées,-8.695226,retirés,-10.066996,1
598,P_NOUN_8_PASS_b,F,P,les chaises avec les légumes que j' aime beaucoup ne sont probablement pas tombées <eos>,13,tombées,tombés,11,M,tombées,-7.6765757,tombés,-7.783087,1
599,P_NOUN_8_PASS_b,F,P,les chaises avec les légumes que j' aime beaucoup ne sont probablement pas utilisées <eos>,13,utilisées,utilisés,11,M,utilisées,-5.649372,utilisés,-6.6156673,1
600,P_NOUN_8_PASS_b,F,P,les poubelles avec les bracelets que j' aime beaucoup ne sont probablement pas achetées <eos>,13,achetées,achetés,11,M,achetées,-10.465715,achetés,-9.967087,0
601,P_NOUN_8_PASS_b,F,P,les poubelles avec les bracelets que j' aime beaucoup ne sont probablement pas brisées <eos>,13,brisées,brisés,11,M,brisées,-9.292631,brisés,-12.152068,1
602,P_NOUN_8_PASS_b,F,P,les poubelles avec les bracelets que j' aime beaucoup ne sont probablement pas cachées <eos>,13,cachées,cachés,11,M,cachées,-7.6520104,cachés,-8.600668,1
603,P_NOUN_8_PASS_b,F,P,les poubelles avec les bracelets que j' aime beaucoup ne sont probablement pas cassées <eos>,13,cassées,cassés,11,M,cassées,-8.441798,cassés,-9.951791,1
604,P_NOUN_8_PASS_b,F,P,les poubelles avec les bracelets que j' aime beaucoup ne sont probablement pas couvertes <eos>,13,couvertes,couverts,11,M,couvertes,-7.3282347,couverts,-8.132137,1
605,P_NOUN_8_PASS_b,F,P,les poubelles avec les bracelets que j' aime beaucoup ne sont probablement pas déformées <eos>,13,déformées,déformés,11,M,déformées,-8.246354,déformés,-13.065049,1
606,P_NOUN_8_PASS_b,F,P,les poubelles avec les bracelets que j' aime beaucoup ne sont probablement pas fixées <eos>,13,fixées,fixés,11,M,fixées,-7.8433137,fixés,-9.334986,1
607,P_NOUN_8_PASS_b,F,P,les poubelles avec les bracelets que j' aime beaucoup ne sont probablement pas jetées <eos>,13,jetées,jetés,11,M,jetées,-7.7483854,jetés,-8.465804,1
608,P_NOUN_8_PASS_b,F,P,les poubelles avec les bracelets que j' aime beaucoup ne sont probablement pas laissées <eos>,13,laissées,laissés,11,M,laissées,-8.122784,laissés,-9.364682,1
609,P_NOUN_8_PASS_b,F,P,les poubelles avec les bracelets que j' aime beaucoup ne sont probablement pas ouvertes <eos>,13,ouvertes,ouverts,11,M,ouvertes,-7.6943064,ouverts,-9.101692,1
610,P_NOUN_8_PASS_b,F,P,les poubelles avec les bracelets que j' aime beaucoup ne sont probablement pas perdues <eos>,13,perdues,perdus,11,M,perdues,-7.675793,perdus,-8.561456,1
611,P_NOUN_8_PASS_b,F,P,les poubelles avec les bracelets que j' aime beaucoup ne sont probablement pas réparées <eos>,13,réparées,réparés,11,M,réparées,-9.082727,réparés,-11.919297,1
612,P_NOUN_8_PASS_b,F,P,les poubelles avec les bracelets que j' aime beaucoup ne sont probablement pas retirées <eos>,13,retirées,retirés,11,M,retirées,-8.385094,retirés,-9.748426,1
613,P_NOUN_8_PASS_b,F,P,les poubelles avec les bracelets que j' aime beaucoup ne sont probablement pas tombées <eos>,13,tombées,tombés,11,M,tombées,-7.718238,tombés,-7.3645973,0
614,P_NOUN_8_PASS_b,F,P,les poubelles avec les bracelets que j' aime beaucoup ne sont probablement pas utilisées <eos>,13,utilisées,utilisés,11,M,utilisées,-5.0151014,utilisés,-5.8494005,1
615,P_NOUN_8_PASS_b,F,P,les poubelles avec les miroirs que j' aime beaucoup ne sont probablement pas achetées <eos>,13,achetées,achetés,11,M,achetées,-11.048359,achetés,-10.303429,0
616,P_NOUN_8_PASS_b,F,P,les poubelles avec les miroirs que j' aime beaucoup ne sont probablement pas brisées <eos>,13,brisées,brisés,11,M,brisées,-9.21697,brisés,-11.832004,1
617,P_NOUN_8_PASS_b,F,P,les poubelles avec les miroirs que j' aime beaucoup ne sont probablement pas cachées <eos>,13,cachées,cachés,11,M,cachées,-7.4070888,cachés,-8.547461,1
618,P_NOUN_8_PASS_b,F,P,les poubelles avec les miroirs que j' aime beaucoup ne sont probablement pas cassées <eos>,13,cassées,cassés,11,M,cassées,-8.770258,cassés,-10.01786,1
619,P_NOUN_8_PASS_b,F,P,les poubelles avec les miroirs que j' aime beaucoup ne sont probablement pas couvertes <eos>,13,couvertes,couverts,11,M,couvertes,-6.820241,couverts,-7.956379,1
620,P_NOUN_8_PASS_b,F,P,les poubelles avec les miroirs que j' aime beaucoup ne sont probablement pas déformées <eos>,13,déformées,déformés,11,M,déformées,-7.367815,déformés,-12.325392,1
621,P_NOUN_8_PASS_b,F,P,les poubelles avec les miroirs que j' aime beaucoup ne sont probablement pas fixées <eos>,13,fixées,fixés,11,M,fixées,-7.8250055,fixés,-9.095965,1
622,P_NOUN_8_PASS_b,F,P,les poubelles avec les miroirs que j' aime beaucoup ne sont probablement pas jetées <eos>,13,jetées,jetés,11,M,jetées,-7.937143,jetés,-8.4960575,1
623,P_NOUN_8_PASS_b,F,P,les poubelles avec les miroirs que j' aime beaucoup ne sont probablement pas laissées <eos>,13,laissées,laissés,11,M,laissées,-8.0319805,laissés,-9.605864,1
624,P_NOUN_8_PASS_b,F,P,les poubelles avec les miroirs que j' aime beaucoup ne sont probablement pas ouvertes <eos>,13,ouvertes,ouverts,11,M,ouvertes,-6.9114523,ouverts,-8.118039,1
625,P_NOUN_8_PASS_b,F,P,les poubelles avec les miroirs que j' aime beaucoup ne sont probablement pas perdues <eos>,13,perdues,perdus,11,M,perdues,-7.626403,perdus,-8.174739,1
626,P_NOUN_8_PASS_b,F,P,les poubelles avec les miroirs que j' aime beaucoup ne sont probablement pas réparées <eos>,13,réparées,réparés,11,M,réparées,-8.436508,réparés,-11.470402,1
627,P_NOUN_8_PASS_b,F,P,les poubelles avec les miroirs que j' aime beaucoup ne sont probablement pas retirées <eos>,13,retirées,retirés,11,M,retirées,-8.19183,retirés,-9.923567,1
628,P_NOUN_8_PASS_b,F,P,les poubelles avec les miroirs que j' aime beaucoup ne sont probablement pas tombées <eos>,13,tombées,tombés,11,M,tombées,-7.753992,tombés,-8.308575,1
629,P_NOUN_8_PASS_b,F,P,les poubelles avec les miroirs que j' aime beaucoup ne sont probablement pas utilisées <eos>,13,utilisées,utilisés,11,M,utilisées,-4.9687805,utilisés,-5.911415,1
630,P_NOUN_8_PASS_b,F,P,les poubelles avec les crayons que j' aime beaucoup ne sont probablement pas achetées <eos>,13,achetées,achetés,11,M,achetées,-10.401885,achetés,-9.609147,0
631,P_NOUN_8_PASS_b,F,P,les poubelles avec les crayons que j' aime beaucoup ne sont probablement pas brisées <eos>,13,brisées,brisés,11,M,brisées,-9.716035,brisés,-12.4847145,1
632,P_NOUN_8_PASS_b,F,P,les poubelles avec les crayons que j' aime beaucoup ne sont probablement pas cachées <eos>,13,cachées,cachés,11,M,cachées,-7.9497066,cachés,-8.472082,1
633,P_NOUN_8_PASS_b,F,P,les poubelles avec les crayons que j' aime beaucoup ne sont probablement pas cassées <eos>,13,cassées,cassés,11,M,cassées,-8.887955,cassés,-9.552965,1
634,P_NOUN_8_PASS_b,F,P,les poubelles avec les crayons que j' aime beaucoup ne sont probablement pas couvertes <eos>,13,couvertes,couverts,11,M,couvertes,-7.453399,couverts,-7.9381166,1
635,P_NOUN_8_PASS_b,F,P,les poubelles avec les crayons que j' aime beaucoup ne sont probablement pas déformées <eos>,13,déformées,déformés,11,M,déformées,-8.2051115,déformés,-13.034218,1
636,P_NOUN_8_PASS_b,F,P,les poubelles avec les crayons que j' aime beaucoup ne sont probablement pas fixées <eos>,13,fixées,fixés,11,M,fixées,-8.399626,fixés,-9.508119,1
637,P_NOUN_8_PASS_b,F,P,les poubelles avec les crayons que j' aime beaucoup ne sont probablement pas jetées <eos>,13,jetées,jetés,11,M,jetées,-8.318345,jetés,-8.562575,1
638,P_NOUN_8_PASS_b,F,P,les poubelles avec les crayons que j' aime beaucoup ne sont probablement pas laissées <eos>,13,laissées,laissés,11,M,laissées,-8.059823,laissés,-9.018384,1
639,P_NOUN_8_PASS_b,F,P,les poubelles avec les crayons que j' aime beaucoup ne sont probablement pas ouvertes <eos>,13,ouvertes,ouverts,11,M,ouvertes,-7.8122373,ouverts,-8.951383,1
640,P_NOUN_8_PASS_b,F,P,les poubelles avec les crayons que j' aime beaucoup ne sont probablement pas perdues <eos>,13,perdues,perdus,11,M,perdues,-7.6812005,perdus,-8.553406,1
641,P_NOUN_8_PASS_b,F,P,les poubelles avec les crayons que j' aime beaucoup ne sont probablement pas réparées <eos>,13,réparées,réparés,11,M,réparées,-8.790724,réparés,-11.558297,1
642,P_NOUN_8_PASS_b,F,P,les poubelles avec les crayons que j' aime beaucoup ne sont probablement pas retirées <eos>,13,retirées,retirés,11,M,retirées,-8.247034,retirés,-9.689606,1
643,P_NOUN_8_PASS_b,F,P,les poubelles avec les crayons que j' aime beaucoup ne sont probablement pas tombées <eos>,13,tombées,tombés,11,M,tombées,-7.641081,tombés,-7.7575436,1
644,P_NOUN_8_PASS_b,F,P,les poubelles avec les crayons que j' aime beaucoup ne sont probablement pas utilisées <eos>,13,utilisées,utilisés,11,M,utilisées,-5.1811156,utilisés,-6.000192,1
645,P_NOUN_8_PASS_b,F,P,les poubelles avec les rideaux que j' aime beaucoup ne sont probablement pas achetées <eos>,13,achetées,achetés,11,M,achetées,-10.293047,achetés,-9.986181,0
646,P_NOUN_8_PASS_b,F,P,les poubelles avec les rideaux que j' aime beaucoup ne sont probablement pas brisées <eos>,13,brisées,brisés,11,M,brisées,-9.247052,brisés,-12.17743,1
647,P_NOUN_8_PASS_b,F,P,les poubelles avec les rideaux que j' aime beaucoup ne sont probablement pas cachées <eos>,13,cachées,cachés,11,M,cachées,-7.350708,cachés,-8.597033,1
648,P_NOUN_8_PASS_b,F,P,les poubelles avec les rideaux que j' aime beaucoup ne sont probablement pas cassées <eos>,13,cassées,cassés,11,M,cassées,-8.556675,cassés,-9.989753,1
649,P_NOUN_8_PASS_b,F,P,les poubelles avec les rideaux que j' aime beaucoup ne sont probablement pas couvertes <eos>,13,couvertes,couverts,11,M,couvertes,-6.7343926,couverts,-7.8448997,1
650,P_NOUN_8_PASS_b,F,P,les poubelles avec les rideaux que j' aime beaucoup ne sont probablement pas déformées <eos>,13,déformées,déformés,11,M,déformées,-8.202414,déformés,-13.012736,1
651,P_NOUN_8_PASS_b,F,P,les poubelles avec les rideaux que j' aime beaucoup ne sont probablement pas fixées <eos>,13,fixées,fixés,11,M,fixées,-7.88904,fixés,-9.292502,1
652,P_NOUN_8_PASS_b,F,P,les poubelles avec les rideaux que j' aime beaucoup ne sont probablement pas jetées <eos>,13,jetées,jetés,11,M,jetées,-7.734198,jetés,-8.720911,1
653,P_NOUN_8_PASS_b,F,P,les poubelles avec les rideaux que j' aime beaucoup ne sont probablement pas laissées <eos>,13,laissées,laissés,11,M,laissées,-7.6608562,laissés,-9.153046,1
654,P_NOUN_8_PASS_b,F,P,les poubelles avec les rideaux que j' aime beaucoup ne sont probablement pas ouvertes <eos>,13,ouvertes,ouverts,11,M,ouvertes,-7.0982914,ouverts,-8.65969,1
655,P_NOUN_8_PASS_b,F,P,les poubelles avec les rideaux que j' aime beaucoup ne sont probablement pas perdues <eos>,13,perdues,perdus,11,M,perdues,-7.513687,perdus,-8.588278,1
656,P_NOUN_8_PASS_b,F,P,les poubelles avec les rideaux que j' aime beaucoup ne sont probablement pas réparées <eos>,13,réparées,réparés,11,M,réparées,-8.264013,réparés,-11.457228,1
657,P_NOUN_8_PASS_b,F,P,les poubelles avec les rideaux que j' aime beaucoup ne sont probablement pas retirées <eos>,13,retirées,retirés,11,M,retirées,-7.991148,retirés,-10.252068,1
658,P_NOUN_8_PASS_b,F,P,les poubelles avec les rideaux que j' aime beaucoup ne sont probablement pas tombées <eos>,13,tombées,tombés,11,M,tombées,-7.4604692,tombés,-7.795967,1
659,P_NOUN_8_PASS_b,F,P,les poubelles avec les rideaux que j' aime beaucoup ne sont probablement pas utilisées <eos>,13,utilisées,utilisés,11,M,utilisées,-5.1131854,utilisés,-6.3474126,1
660,P_NOUN_8_PASS_b,F,P,les poubelles avec les cahiers que j' aime beaucoup ne sont probablement pas achetées <eos>,13,achetées,achetés,11,M,achetées,-10.410223,achetés,-9.89941,0
661,P_NOUN_8_PASS_b,F,P,les poubelles avec les cahiers que j' aime beaucoup ne sont probablement pas brisées <eos>,13,brisées,brisés,11,M,brisées,-9.995976,brisés,-12.825026,1
662,P_NOUN_8_PASS_b,F,P,les poubelles avec les cahiers que j' aime beaucoup ne sont probablement pas cachées <eos>,13,cachées,cachés,11,M,cachées,-7.8509054,cachés,-8.982907,1
663,P_NOUN_8_PASS_b,F,P,les poubelles avec les cahiers que j' aime beaucoup ne sont probablement pas cassées <eos>,13,cassées,cassés,11,M,cassées,-9.592485,cassés,-10.817308,1
664,P_NOUN_8_PASS_b,F,P,les poubelles avec les cahiers que j' aime beaucoup ne sont probablement pas couvertes <eos>,13,couvertes,couverts,11,M,couvertes,-7.3223944,couverts,-8.215231,1
665,P_NOUN_8_PASS_b,F,P,les poubelles avec les cahiers que j' aime beaucoup ne sont probablement pas déformées <eos>,13,déformées,déformés,11,M,déformées,-8.3310175,déformés,-13.348507,1
666,P_NOUN_8_PASS_b,F,P,les poubelles avec les cahiers que j' aime beaucoup ne sont probablement pas fixées <eos>,13,fixées,fixés,11,M,fixées,-8.643779,fixés,-10.134801,1
667,P_NOUN_8_PASS_b,F,P,les poubelles avec les cahiers que j' aime beaucoup ne sont probablement pas jetées <eos>,13,jetées,jetés,11,M,jetées,-8.971851,jetés,-9.606159,1
668,P_NOUN_8_PASS_b,F,P,les poubelles avec les cahiers que j' aime beaucoup ne sont probablement pas laissées <eos>,13,laissées,laissés,11,M,laissées,-8.1595955,laissés,-9.500806,1
669,P_NOUN_8_PASS_b,F,P,les poubelles avec les cahiers que j' aime beaucoup ne sont probablement pas ouvertes <eos>,13,ouvertes,ouverts,11,M,ouvertes,-6.762434,ouverts,-8.439948,1
670,P_NOUN_8_PASS_b,F,P,les poubelles avec les cahiers que j' aime beaucoup ne sont probablement pas perdues <eos>,13,perdues,perdus,11,M,perdues,-7.230914,perdus,-8.275101,1
671,P_NOUN_8_PASS_b,F,P,les poubelles avec les cahiers que j' aime beaucoup ne sont probablement pas réparées <eos>,13,réparées,réparés,11,M,réparées,-9.203204,réparés,-12.197014,1
672,P_NOUN_8_PASS_b,F,P,les poubelles avec les cahiers que j' aime beaucoup ne sont probablement pas retirées <eos>,13,retirées,retirés,11,M,retirées,-8.404277,retirés,-10.426511,1
673,P_NOUN_8_PASS_b,F,P,les poubelles avec les cahiers que j' aime beaucoup ne sont probablement pas tombées <eos>,13,tombées,tombés,11,M,tombées,-8.153512,tombés,-8.474739,1
674,P_NOUN_8_PASS_b,F,P,les poubelles avec les cahiers que j' aime beaucoup ne sont probablement pas utilisées <eos>,13,utilisées,utilisés,11,M,utilisées,-5.4402876,utilisés,-6.6495075,1
675,P_NOUN_8_PASS_b,F,P,les poubelles avec les micros que j' aime beaucoup ne sont probablement pas achetées <eos>,13,achetées,achetés,11,M,achetées,-10.587402,achetés,-10.313536,0
676,P_NOUN_8_PASS_b,F,P,les poubelles avec les micros que j' aime beaucoup ne sont probablement pas brisées <eos>,13,brisées,brisés,11,M,brisées,-9.172213,brisés,-12.044918,1
677,P_NOUN_8_PASS_b,F,P,les poubelles avec les micros que j' aime beaucoup ne sont probablement pas cachées <eos>,13,cachées,cachés,11,M,cachées,-8.092483,cachés,-9.20146,1
678,P_NOUN_8_PASS_b,F,P,les poubelles avec les micros que j' aime beaucoup ne sont probablement pas cassées <eos>,13,cassées,cassés,11,M,cassées,-8.830242,cassés,-10.330048,1
679,P_NOUN_8_PASS_b,F,P,les poubelles avec les micros que j' aime beaucoup ne sont probablement pas couvertes <eos>,13,couvertes,couverts,11,M,couvertes,-6.912437,couverts,-7.9088044,1
680,P_NOUN_8_PASS_b,F,P,les poubelles avec les micros que j' aime beaucoup ne sont probablement pas déformées <eos>,13,déformées,déformés,11,M,déformées,-8.144065,déformés,-13.369963,1
681,P_NOUN_8_PASS_b,F,P,les poubelles avec les micros que j' aime beaucoup ne sont probablement pas fixées <eos>,13,fixées,fixés,11,M,fixées,-7.6449447,fixés,-8.543999,1
682,P_NOUN_8_PASS_b,F,P,les poubelles avec les micros que j' aime beaucoup ne sont probablement pas jetées <eos>,13,jetées,jetés,11,M,jetées,-8.186792,jetés,-9.113363,1
683,P_NOUN_8_PASS_b,F,P,les poubelles avec les micros que j' aime beaucoup ne sont probablement pas laissées <eos>,13,laissées,laissés,11,M,laissées,-7.7203236,laissés,-9.834244,1
684,P_NOUN_8_PASS_b,F,P,les poubelles avec les micros que j' aime beaucoup ne sont probablement pas ouvertes <eos>,13,ouvertes,ouverts,11,M,ouvertes,-7.2021446,ouverts,-8.480878,1
685,P_NOUN_8_PASS_b,F,P,les poubelles avec les micros que j' aime beaucoup ne sont probablement pas perdues <eos>,13,perdues,perdus,11,M,perdues,-8.027964,perdus,-8.781947,1
686,P_NOUN_8_PASS_b,F,P,les poubelles avec les micros que j' aime beaucoup ne sont probablement pas réparées <eos>,13,réparées,réparés,11,M,réparées,-9.048973,réparés,-12.073754,1
687,P_NOUN_8_PASS_b,F,P,les poubelles avec les micros que j' aime beaucoup ne sont probablement pas retirées <eos>,13,retirées,retirés,11,M,retirées,-8.281472,retirés,-10.231615,1
688,P_NOUN_8_PASS_b,F,P,les poubelles avec les micros que j' aime beaucoup ne sont probablement pas tombées <eos>,13,tombées,tombés,11,M,tombées,-8.314243,tombés,-8.641104,1
689,P_NOUN_8_PASS_b,F,P,les poubelles avec les micros que j' aime beaucoup ne sont probablement pas utilisées <eos>,13,utilisées,utilisés,11,M,utilisées,-4.812772,utilisés,-5.769065,1
690,P_NOUN_8_PASS_b,F,P,les poubelles avec les sacs que j' aime beaucoup ne sont probablement pas achetées <eos>,13,achetées,achetés,11,M,achetées,-10.438264,achetés,-9.332925,0
691,P_NOUN_8_PASS_b,F,P,les poubelles avec les sacs que j' aime beaucoup ne sont probablement pas brisées <eos>,13,brisées,brisés,11,M,brisées,-9.506015,brisés,-11.943896,1
692,P_NOUN_8_PASS_b,F,P,les poubelles avec les sacs que j' aime beaucoup ne sont probablement pas cachées <eos>,13,cachées,cachés,11,M,cachées,-7.8654127,cachés,-8.317735,1
693,P_NOUN_8_PASS_b,F,P,les poubelles avec les sacs que j' aime beaucoup ne sont probablement pas cassées <eos>,13,cassées,cassés,11,M,cassées,-8.830997,cassés,-9.661356,1
694,P_NOUN_8_PASS_b,F,P,les poubelles avec les sacs que j' aime beaucoup ne sont probablement pas couvertes <eos>,13,couvertes,couverts,11,M,couvertes,-6.9450226,couverts,-7.4055767,1
695,P_NOUN_8_PASS_b,F,P,les poubelles avec les sacs que j' aime beaucoup ne sont probablement pas déformées <eos>,13,déformées,déformés,11,M,déformées,-8.780253,déformés,-13.247536,1
696,P_NOUN_8_PASS_b,F,P,les poubelles avec les sacs que j' aime beaucoup ne sont probablement pas fixées <eos>,13,fixées,fixés,11,M,fixées,-8.14264,fixés,-8.723843,1
697,P_NOUN_8_PASS_b,F,P,les poubelles avec les sacs que j' aime beaucoup ne sont probablement pas jetées <eos>,13,jetées,jetés,11,M,jetées,-7.795145,jetés,-8.237804,1
698,P_NOUN_8_PASS_b,F,P,les poubelles avec les sacs que j' aime beaucoup ne sont probablement pas laissées <eos>,13,laissées,laissés,11,M,laissées,-8.052986,laissés,-9.022575,1
699,P_NOUN_8_PASS_b,F,P,les poubelles avec les sacs que j' aime beaucoup ne sont probablement pas ouvertes <eos>,13,ouvertes,ouverts,11,M,ouvertes,-7.4641485,ouverts,-8.6443205,1
700,P_NOUN_8_PASS_b,F,P,les poubelles avec les sacs que j' aime beaucoup ne sont probablement pas perdues <eos>,13,perdues,perdus,11,M,perdues,-7.9356375,perdus,-8.409087,1
701,P_NOUN_8_PASS_b,F,P,les poubelles avec les sacs que j' aime beaucoup ne sont probablement pas réparées <eos>,13,réparées,réparés,11,M,réparées,-8.76233,réparés,-11.211957,1
702,P_NOUN_8_PASS_b,F,P,les poubelles avec les sacs que j' aime beaucoup ne sont probablement pas retirées <eos>,13,retirées,retirés,11,M,retirées,-8.335845,retirés,-9.625734,1
703,P_NOUN_8_PASS_b,F,P,les poubelles avec les sacs que j' aime beaucoup ne sont probablement pas tombées <eos>,13,tombées,tombés,11,M,tombées,-8.029762,tombés,-7.79054,0
704,P_NOUN_8_PASS_b,F,P,les poubelles avec les sacs que j' aime beaucoup ne sont probablement pas utilisées <eos>,13,utilisées,utilisés,11,M,utilisées,-5.0284204,utilisés,-5.6252613,1
705,P_NOUN_8_PASS_b,F,P,les poubelles avec les claviers que j' aime beaucoup ne sont probablement pas achetées <eos>,13,achetées,achetés,11,M,achetées,-10.396106,achetés,-10.572354,1
706,P_NOUN_8_PASS_b,F,P,les poubelles avec les claviers que j' aime beaucoup ne sont probablement pas brisées <eos>,13,brisées,brisés,11,M,brisées,-9.137707,brisés,-12.113592,1
707,P_NOUN_8_PASS_b,F,P,les poubelles avec les claviers que j' aime beaucoup ne sont probablement pas cachées <eos>,13,cachées,cachés,11,M,cachées,-7.7700806,cachés,-9.347117,1
708,P_NOUN_8_PASS_b,F,P,les poubelles avec les claviers que j' aime beaucoup ne sont probablement pas cassées <eos>,13,cassées,cassés,11,M,cassées,-9.115347,cassés,-10.771147,1
709,P_NOUN_8_PASS_b,F,P,les poubelles avec les claviers que j' aime beaucoup ne sont probablement pas couvertes <eos>,13,couvertes,couverts,11,M,couvertes,-7.1430054,couverts,-8.431329,1
710,P_NOUN_8_PASS_b,F,P,les poubelles avec les claviers que j' aime beaucoup ne sont probablement pas déformées <eos>,13,déformées,déformés,11,M,déformées,-7.934822,déformés,-13.263884,1
711,P_NOUN_8_PASS_b,F,P,les poubelles avec les claviers que j' aime beaucoup ne sont probablement pas fixées <eos>,13,fixées,fixés,11,M,fixées,-8.128138,fixés,-9.04294,1
712,P_NOUN_8_PASS_b,F,P,les poubelles avec les claviers que j' aime beaucoup ne sont probablement pas jetées <eos>,13,jetées,jetés,11,M,jetées,-8.9081745,jetés,-9.600257,1
713,P_NOUN_8_PASS_b,F,P,les poubelles avec les claviers que j' aime beaucoup ne sont probablement pas laissées <eos>,13,laissées,laissés,11,M,laissées,-7.792645,laissés,-9.841251,1
714,P_NOUN_8_PASS_b,F,P,les poubelles avec les claviers que j' aime beaucoup ne sont probablement pas ouvertes <eos>,13,ouvertes,ouverts,11,M,ouvertes,-6.806449,ouverts,-8.587002,1
715,P_NOUN_8_PASS_b,F,P,les poubelles avec les claviers que j' aime beaucoup ne sont probablement pas perdues <eos>,13,perdues,perdus,11,M,perdues,-7.7272778,perdus,-8.760978,1
716,P_NOUN_8_PASS_b,F,P,les poubelles avec les claviers que j' aime beaucoup ne sont probablement pas réparées <eos>,13,réparées,réparés,11,M,réparées,-8.981151,réparés,-12.237852,1
717,P_NOUN_8_PASS_b,F,P,les poubelles avec les claviers que j' aime beaucoup ne sont probablement pas retirées <eos>,13,retirées,retirés,11,M,retirées,-8.410136,retirés,-10.623867,1
718,P_NOUN_8_PASS_b,F,P,les poubelles avec les claviers que j' aime beaucoup ne sont probablement pas tombées <eos>,13,tombées,tombés,11,M,tombées,-8.472507,tombés,-9.229074,1
719,P_NOUN_8_PASS_b,F,P,les poubelles avec les claviers que j' aime beaucoup ne sont probablement pas utilisées <eos>,13,utilisées,utilisés,11,M,utilisées,-5.0027084,utilisés,-6.331362,1
720,P_NOUN_8_PASS_b,F,P,les poubelles avec les raisins que j' aime beaucoup ne sont probablement pas achetées <eos>,13,achetées,achetés,11,M,achetées,-9.575828,achetés,-9.008729,0
721,P_NOUN_8_PASS_b,F,P,les poubelles avec les raisins que j' aime beaucoup ne sont probablement pas brisées <eos>,13,brisées,brisés,11,M,brisées,-9.623461,brisés,-12.682639,1
722,P_NOUN_8_PASS_b,F,P,les poubelles avec les raisins que j' aime beaucoup ne sont probablement pas cachées <eos>,13,cachées,cachés,11,M,cachées,-8.0323925,cachés,-8.989334,1
723,P_NOUN_8_PASS_b,F,P,les poubelles avec les raisins que j' aime beaucoup ne sont probablement pas cassées <eos>,13,cassées,cassés,11,M,cassées,-9.097497,cassés,-9.061386,0
724,P_NOUN_8_PASS_b,F,P,les poubelles avec les raisins que j' aime beaucoup ne sont probablement pas couvertes <eos>,13,couvertes,couverts,11,M,couvertes,-6.8332443,couverts,-7.1741924,1
725,P_NOUN_8_PASS_b,F,P,les poubelles avec les raisins que j' aime beaucoup ne sont probablement pas déformées <eos>,13,déformées,déformés,11,M,déformées,-8.917303,déformés,-14.021552,1
726,P_NOUN_8_PASS_b,F,P,les poubelles avec les raisins que j' aime beaucoup ne sont probablement pas fixées <eos>,13,fixées,fixés,11,M,fixées,-8.346308,fixés,-9.034419,1
727,P_NOUN_8_PASS_b,F,P,les poubelles avec les raisins que j' aime beaucoup ne sont probablement pas jetées <eos>,13,jetées,jetés,11,M,jetées,-9.136577,jetés,-9.618644,1
728,P_NOUN_8_PASS_b,F,P,les poubelles avec les raisins que j' aime beaucoup ne sont probablement pas laissées <eos>,13,laissées,laissés,11,M,laissées,-7.3922415,laissés,-9.084367,1
729,P_NOUN_8_PASS_b,F,P,les poubelles avec les raisins que j' aime beaucoup ne sont probablement pas ouvertes <eos>,13,ouvertes,ouverts,11,M,ouvertes,-7.498156,ouverts,-9.189709,1
730,P_NOUN_8_PASS_b,F,P,les poubelles avec les raisins que j' aime beaucoup ne sont probablement pas perdues <eos>,13,perdues,perdus,11,M,perdues,-8.15507,perdus,-8.889465,1
731,P_NOUN_8_PASS_b,F,P,les poubelles avec les raisins que j' aime beaucoup ne sont probablement pas réparées <eos>,13,réparées,réparés,11,M,réparées,-8.811039,réparés,-11.756033,1
732,P_NOUN_8_PASS_b,F,P,les poubelles avec les raisins que j' aime beaucoup ne sont probablement pas retirées <eos>,13,retirées,retirés,11,M,retirées,-8.238835,retirés,-9.930595,1
733,P_NOUN_8_PASS_b,F,P,les poubelles avec les raisins que j' aime beaucoup ne sont probablement pas tombées <eos>,13,tombées,tombés,11,M,tombées,-7.6247225,tombés,-8.039233,1
734,P_NOUN_8_PASS_b,F,P,les poubelles avec les raisins que j' aime beaucoup ne sont probablement pas utilisées <eos>,13,utilisées,utilisés,11,M,utilisées,-5.0007205,utilisés,-5.9626126,1
735,P_NOUN_8_PASS_b,F,P,les poubelles avec les chargeurs que j' aime beaucoup ne sont probablement pas achetées <eos>,13,achetées,achetés,11,M,achetées,-10.207054,achetés,-10.174286,0
736,P_NOUN_8_PASS_b,F,P,les poubelles avec les chargeurs que j' aime beaucoup ne sont probablement pas brisées <eos>,13,brisées,brisés,11,M,brisées,-9.317261,brisés,-12.343917,1
737,P_NOUN_8_PASS_b,F,P,les poubelles avec les chargeurs que j' aime beaucoup ne sont probablement pas cachées <eos>,13,cachées,cachés,11,M,cachées,-8.063825,cachés,-8.608409,1
738,P_NOUN_8_PASS_b,F,P,les poubelles avec les chargeurs que j' aime beaucoup ne sont probablement pas cassées <eos>,13,cassées,cassés,11,M,cassées,-9.081844,cassés,-9.940733,1
739,P_NOUN_8_PASS_b,F,P,les poubelles avec les chargeurs que j' aime beaucoup ne sont probablement pas couvertes <eos>,13,couvertes,couverts,11,M,couvertes,-6.7175756,couverts,-7.815003,1
740,P_NOUN_8_PASS_b,F,P,les poubelles avec les chargeurs que j' aime beaucoup ne sont probablement pas déformées <eos>,13,déformées,déformés,11,M,déformées,-8.790544,déformés,-13.778702,1
741,P_NOUN_8_PASS_b,F,P,les poubelles avec les chargeurs que j' aime beaucoup ne sont probablement pas fixées <eos>,13,fixées,fixés,11,M,fixées,-7.621809,fixés,-8.764683,1
742,P_NOUN_8_PASS_b,F,P,les poubelles avec les chargeurs que j' aime beaucoup ne sont probablement pas jetées <eos>,13,jetées,jetés,11,M,jetées,-8.367097,jetés,-8.846141,1
743,P_NOUN_8_PASS_b,F,P,les poubelles avec les chargeurs que j' aime beaucoup ne sont probablement pas laissées <eos>,13,laissées,laissés,11,M,laissées,-7.8677664,laissés,-9.665521,1
744,P_NOUN_8_PASS_b,F,P,les poubelles avec les chargeurs que j' aime beaucoup ne sont probablement pas ouvertes <eos>,13,ouvertes,ouverts,11,M,ouvertes,-7.4360094,ouverts,-8.82164,1
745,P_NOUN_8_PASS_b,F,P,les poubelles avec les chargeurs que j' aime beaucoup ne sont probablement pas perdues <eos>,13,perdues,perdus,11,M,perdues,-7.4297943,perdus,-8.599821,1
746,P_NOUN_8_PASS_b,F,P,les poubelles avec les chargeurs que j' aime beaucoup ne sont probablement pas réparées <eos>,13,réparées,réparés,11,M,réparées,-8.722054,réparés,-11.147877,1
747,P_NOUN_8_PASS_b,F,P,les poubelles avec les chargeurs que j' aime beaucoup ne sont probablement pas retirées <eos>,13,retirées,retirés,11,M,retirées,-7.8925743,retirés,-9.100565,1
748,P_NOUN_8_PASS_b,F,P,les poubelles avec les chargeurs que j' aime beaucoup ne sont probablement pas tombées <eos>,13,tombées,tombés,11,M,tombées,-8.122517,tombés,-7.886114,0
749,P_NOUN_8_PASS_b,F,P,les poubelles avec les chargeurs que j' aime beaucoup ne sont probablement pas utilisées <eos>,13,utilisées,utilisés,11,M,utilisées,-4.587041,utilisés,-5.6138296,1
750,P_NOUN_8_PASS_b,F,P,les poubelles avec les vases que j' aime beaucoup ne sont probablement pas achetées <eos>,13,achetées,achetés,11,M,achetées,-10.721314,achetés,-10.00921,0
751,P_NOUN_8_PASS_b,F,P,les poubelles avec les vases que j' aime beaucoup ne sont probablement pas brisées <eos>,13,brisées,brisés,11,M,brisées,-9.238729,brisés,-11.8108225,1
752,P_NOUN_8_PASS_b,F,P,les poubelles avec les vases que j' aime beaucoup ne sont probablement pas cachées <eos>,13,cachées,cachés,11,M,cachées,-7.691495,cachés,-8.9251175,1
753,P_NOUN_8_PASS_b,F,P,les poubelles avec les vases que j' aime beaucoup ne sont probablement pas cassées <eos>,13,cassées,cassés,11,M,cassées,-8.554339,cassés,-9.49896,1
754,P_NOUN_8_PASS_b,F,P,les poubelles avec les vases que j' aime beaucoup ne sont probablement pas couvertes <eos>,13,couvertes,couverts,11,M,couvertes,-7.107785,couverts,-7.637946,1
755,P_NOUN_8_PASS_b,F,P,les poubelles avec les vases que j' aime beaucoup ne sont probablement pas déformées <eos>,13,déformées,déformés,11,M,déformées,-7.975625,déformés,-12.623577,1
756,P_NOUN_8_PASS_b,F,P,les poubelles avec les vases que j' aime beaucoup ne sont probablement pas fixées <eos>,13,fixées,fixés,11,M,fixées,-7.8842278,fixés,-9.184073,1
757,P_NOUN_8_PASS_b,F,P,les poubelles avec les vases que j' aime beaucoup ne sont probablement pas jetées <eos>,13,jetées,jetés,11,M,jetées,-8.22271,jetés,-8.691881,1
758,P_NOUN_8_PASS_b,F,P,les poubelles avec les vases que j' aime beaucoup ne sont probablement pas laissées <eos>,13,laissées,laissés,11,M,laissées,-7.7534084,laissés,-9.05813,1
759,P_NOUN_8_PASS_b,F,P,les poubelles avec les vases que j' aime beaucoup ne sont probablement pas ouvertes <eos>,13,ouvertes,ouverts,11,M,ouvertes,-7.707537,ouverts,-9.137862,1
760,P_NOUN_8_PASS_b,F,P,les poubelles avec les vases que j' aime beaucoup ne sont probablement pas perdues <eos>,13,perdues,perdus,11,M,perdues,-7.878503,perdus,-8.501944,1
761,P_NOUN_8_PASS_b,F,P,les poubelles avec les vases que j' aime beaucoup ne sont probablement pas réparées <eos>,13,réparées,réparés,11,M,réparées,-8.901324,réparés,-11.615366,1
762,P_NOUN_8_PASS_b,F,P,les poubelles avec les vases que j' aime beaucoup ne sont probablement pas retirées <eos>,13,retirées,retirés,11,M,retirées,-8.378664,retirés,-9.986279,1
763,P_NOUN_8_PASS_b,F,P,les poubelles avec les vases que j' aime beaucoup ne sont probablement pas tombées <eos>,13,tombées,tombés,11,M,tombées,-7.5901804,tombés,-7.680812,1
764,P_NOUN_8_PASS_b,F,P,les poubelles avec les vases que j' aime beaucoup ne sont probablement pas utilisées <eos>,13,utilisées,utilisés,11,M,utilisées,-5.1736126,utilisés,-5.995159,1
765,P_NOUN_8_PASS_b,F,P,les poubelles avec les paniers que j' aime beaucoup ne sont probablement pas achetées <eos>,13,achetées,achetés,11,M,achetées,-10.472788,achetés,-9.691743,0
766,P_NOUN_8_PASS_b,F,P,les poubelles avec les paniers que j' aime beaucoup ne sont probablement pas brisées <eos>,13,brisées,brisés,11,M,brisées,-9.27019,brisés,-12.049108,1
767,P_NOUN_8_PASS_b,F,P,les poubelles avec les paniers que j' aime beaucoup ne sont probablement pas cachées <eos>,13,cachées,cachés,11,M,cachées,-7.8665648,cachés,-8.69719,1
768,P_NOUN_8_PASS_b,F,P,les poubelles avec les paniers que j' aime beaucoup ne sont probablement pas cassées <eos>,13,cassées,cassés,11,M,cassées,-8.328359,cassés,-9.704883,1
769,P_NOUN_8_PASS_b,F,P,les poubelles avec les paniers que j' aime beaucoup ne sont probablement pas couvertes <eos>,13,couvertes,couverts,11,M,couvertes,-6.9228415,couverts,-7.683518,1
770,P_NOUN_8_PASS_b,F,P,les poubelles avec les paniers que j' aime beaucoup ne sont probablement pas déformées <eos>,13,déformées,déformés,11,M,déformées,-8.286603,déformés,-13.334953,1
771,P_NOUN_8_PASS_b,F,P,les poubelles avec les paniers que j' aime beaucoup ne sont probablement pas fixées <eos>,13,fixées,fixés,11,M,fixées,-7.6299,fixés,-8.744819,1
772,P_NOUN_8_PASS_b,F,P,les poubelles avec les paniers que j' aime beaucoup ne sont probablement pas jetées <eos>,13,jetées,jetés,11,M,jetées,-7.5851717,jetés,-8.532682,1
773,P_NOUN_8_PASS_b,F,P,les poubelles avec les paniers que j' aime beaucoup ne sont probablement pas laissées <eos>,13,laissées,laissés,11,M,laissées,-8.038604,laissés,-9.41147,1
774,P_NOUN_8_PASS_b,F,P,les poubelles avec les paniers que j' aime beaucoup ne sont probablement pas ouvertes <eos>,13,ouvertes,ouverts,11,M,ouvertes,-7.37186,ouverts,-8.937245,1
775,P_NOUN_8_PASS_b,F,P,les poubelles avec les paniers que j' aime beaucoup ne sont probablement pas perdues <eos>,13,perdues,perdus,11,M,perdues,-7.73274,perdus,-8.5836115,1
776,P_NOUN_8_PASS_b,F,P,les poubelles avec les paniers que j' aime beaucoup ne sont probablement pas réparées <eos>,13,réparées,réparés,11,M,réparées,-8.848814,réparés,-11.887915,1
777,P_NOUN_8_PASS_b,F,P,les poubelles avec les paniers que j' aime beaucoup ne sont probablement pas retirées <eos>,13,retirées,retirés,11,M,retirées,-8.099936,retirés,-9.826251,1
778,P_NOUN_8_PASS_b,F,P,les poubelles avec les paniers que j' aime beaucoup ne sont probablement pas tombées <eos>,13,tombées,tombés,11,M,tombées,-7.7737184,tombés,-7.8982015,1
779,P_NOUN_8_PASS_b,F,P,les poubelles avec les paniers que j' aime beaucoup ne sont probablement pas utilisées <eos>,13,utilisées,utilisés,11,M,utilisées,-4.6899,utilisés,-5.6090074,1
780,P_NOUN_8_PASS_b,F,P,les poubelles avec les colliers que j' aime beaucoup ne sont probablement pas achetées <eos>,13,achetées,achetés,11,M,achetées,-10.548992,achetés,-10.009354,0
781,P_NOUN_8_PASS_b,F,P,les poubelles avec les colliers que j' aime beaucoup ne sont probablement pas brisées <eos>,13,brisées,brisés,11,M,brisées,-9.110642,brisés,-11.839853,1
782,P_NOUN_8_PASS_b,F,P,les poubelles avec les colliers que j' aime beaucoup ne sont probablement pas cachées <eos>,13,cachées,cachés,11,M,cachées,-8.178247,cachés,-8.994046,1
783,P_NOUN_8_PASS_b,F,P,les poubelles avec les colliers que j' aime beaucoup ne sont probablement pas cassées <eos>,13,cassées,cassés,11,M,cassées,-8.352424,cassés,-9.233191,1
784,P_NOUN_8_PASS_b,F,P,les poubelles avec les colliers que j' aime beaucoup ne sont probablement pas couvertes <eos>,13,couvertes,couverts,11,M,couvertes,-7.0652003,couverts,-7.962478,1
785,P_NOUN_8_PASS_b,F,P,les poubelles avec les colliers que j' aime beaucoup ne sont probablement pas déformées <eos>,13,déformées,déformés,11,M,déformées,-7.8811035,déformés,-13.020127,1
786,P_NOUN_8_PASS_b,F,P,les poubelles avec les colliers que j' aime beaucoup ne sont probablement pas fixées <eos>,13,fixées,fixés,11,M,fixées,-7.6456246,fixés,-9.029925,1
787,P_NOUN_8_PASS_b,F,P,les poubelles avec les colliers que j' aime beaucoup ne sont probablement pas jetées <eos>,13,jetées,jetés,11,M,jetées,-7.9177527,jetés,-8.492227,1
788,P_NOUN_8_PASS_b,F,P,les poubelles avec les colliers que j' aime beaucoup ne sont probablement pas laissées <eos>,13,laissées,laissés,11,M,laissées,-7.8299303,laissés,-9.430019,1
789,P_NOUN_8_PASS_b,F,P,les poubelles avec les colliers que j' aime beaucoup ne sont probablement pas ouvertes <eos>,13,ouvertes,ouverts,11,M,ouvertes,-7.7183847,ouverts,-9.237747,1
790,P_NOUN_8_PASS_b,F,P,les poubelles avec les colliers que j' aime beaucoup ne sont probablement pas perdues <eos>,13,perdues,perdus,11,M,perdues,-7.6660523,perdus,-8.463099,1
791,P_NOUN_8_PASS_b,F,P,les poubelles avec les colliers que j' aime beaucoup ne sont probablement pas réparées <eos>,13,réparées,réparés,11,M,réparées,-8.667939,réparés,-11.730639,1
792,P_NOUN_8_PASS_b,F,P,les poubelles avec les colliers que j' aime beaucoup ne sont probablement pas retirées <eos>,13,retirées,retirés,11,M,retirées,-7.9663124,retirés,-9.57485,1
793,P_NOUN_8_PASS_b,F,P,les poubelles avec les colliers que j' aime beaucoup ne sont probablement pas tombées <eos>,13,tombées,tombés,11,M,tombées,-7.6037927,tombés,-7.809918,1
794,P_NOUN_8_PASS_b,F,P,les poubelles avec les colliers que j' aime beaucoup ne sont probablement pas utilisées <eos>,13,utilisées,utilisés,11,M,utilisées,-4.6977406,utilisés,-5.731138,1
795,P_NOUN_8_PASS_b,F,P,les poubelles avec les chapeaux que j' aime beaucoup ne sont probablement pas achetées <eos>,13,achetées,achetés,11,M,achetées,-10.277825,achetés,-9.920799,0
796,P_NOUN_8_PASS_b,F,P,les poubelles avec les chapeaux que j' aime beaucoup ne sont probablement pas brisées <eos>,13,brisées,brisés,11,M,brisées,-9.385685,brisés,-12.38633,1
797,P_NOUN_8_PASS_b,F,P,les poubelles avec les chapeaux que j' aime beaucoup ne sont probablement pas cachées <eos>,13,cachées,cachés,11,M,cachées,-7.5477343,cachés,-8.737682,1
798,P_NOUN_8_PASS_b,F,P,les poubelles avec les chapeaux que j' aime beaucoup ne sont probablement pas cassées <eos>,13,cassées,cassés,11,M,cassées,-8.498363,cassés,-10.097916,1
799,P_NOUN_8_PASS_b,F,P,les poubelles avec les chapeaux que j' aime beaucoup ne sont probablement pas couvertes <eos>,13,couvertes,couverts,11,M,couvertes,-7.094054,couverts,-8.024866,1
800,P_NOUN_8_PASS_b,F,P,les poubelles avec les chapeaux que j' aime beaucoup ne sont probablement pas déformées <eos>,13,déformées,déformés,11,M,déformées,-8.488178,déformés,-13.268055,1
801,P_NOUN_8_PASS_b,F,P,les poubelles avec les chapeaux que j' aime beaucoup ne sont probablement pas fixées <eos>,13,fixées,fixés,11,M,fixées,-7.7993083,fixés,-9.267406,1
802,P_NOUN_8_PASS_b,F,P,les poubelles avec les chapeaux que j' aime beaucoup ne sont probablement pas jetées <eos>,13,jetées,jetés,11,M,jetées,-7.7898555,jetés,-8.707588,1
803,P_NOUN_8_PASS_b,F,P,les poubelles avec les chapeaux que j' aime beaucoup ne sont probablement pas laissées <eos>,13,laissées,laissés,11,M,laissées,-8.084789,laissés,-9.475409,1
804,P_NOUN_8_PASS_b,F,P,les poubelles avec les chapeaux que j' aime beaucoup ne sont probablement pas ouvertes <eos>,13,ouvertes,ouverts,11,M,ouvertes,-7.3920145,ouverts,-8.981508,1
805,P_NOUN_8_PASS_b,F,P,les poubelles avec les chapeaux que j' aime beaucoup ne sont probablement pas perdues <eos>,13,perdues,perdus,11,M,perdues,-7.6525364,perdus,-8.80195,1
806,P_NOUN_8_PASS_b,F,P,les poubelles avec les chapeaux que j' aime beaucoup ne sont probablement pas réparées <eos>,13,réparées,réparés,11,M,réparées,-9.004979,réparés,-12.114954,1
807,P_NOUN_8_PASS_b,F,P,les poubelles avec les chapeaux que j' aime beaucoup ne sont probablement pas retirées <eos>,13,retirées,retirés,11,M,retirées,-8.222644,retirés,-10.118149,1
808,P_NOUN_8_PASS_b,F,P,les poubelles avec les chapeaux que j' aime beaucoup ne sont probablement pas tombées <eos>,13,tombées,tombés,11,M,tombées,-7.62451,tombés,-7.6015854,0
809,P_NOUN_8_PASS_b,F,P,les poubelles avec les chapeaux que j' aime beaucoup ne sont probablement pas utilisées <eos>,13,utilisées,utilisés,11,M,utilisées,-5.066891,utilisés,-6.2081943,1
810,P_NOUN_8_PASS_b,F,P,les poubelles avec les pots que j' aime beaucoup ne sont probablement pas achetées <eos>,13,achetées,achetés,11,M,achetées,-10.201932,achetés,-9.307063,0
811,P_NOUN_8_PASS_b,F,P,les poubelles avec les pots que j' aime beaucoup ne sont probablement pas brisées <eos>,13,brisées,brisés,11,M,brisées,-9.306811,brisés,-11.741867,1
812,P_NOUN_8_PASS_b,F,P,les poubelles avec les pots que j' aime beaucoup ne sont probablement pas cachées <eos>,13,cachées,cachés,11,M,cachées,-8.317968,cachés,-8.666981,1
813,P_NOUN_8_PASS_b,F,P,les poubelles avec les pots que j' aime beaucoup ne sont probablement pas cassées <eos>,13,cassées,cassés,11,M,cassées,-8.453182,cassés,-9.305554,1
814,P_NOUN_8_PASS_b,F,P,les poubelles avec les pots que j' aime beaucoup ne sont probablement pas couvertes <eos>,13,couvertes,couverts,11,M,couvertes,-6.8132834,couverts,-7.086206,1
815,P_NOUN_8_PASS_b,F,P,les poubelles avec les pots que j' aime beaucoup ne sont probablement pas déformées <eos>,13,déformées,déformés,11,M,déformées,-8.231894,déformés,-13.249989,1
816,P_NOUN_8_PASS_b,F,P,les poubelles avec les pots que j' aime beaucoup ne sont probablement pas fixées <eos>,13,fixées,fixés,11,M,fixées,-7.9394007,fixés,-8.771568,1
817,P_NOUN_8_PASS_b,F,P,les poubelles avec les pots que j' aime beaucoup ne sont probablement pas jetées <eos>,13,jetées,jetés,11,M,jetées,-7.981908,jetés,-8.293048,1
818,P_NOUN_8_PASS_b,F,P,les poubelles avec les pots que j' aime beaucoup ne sont probablement pas laissées <eos>,13,laissées,laissés,11,M,laissées,-7.6263213,laissés,-9.077687,1
819,P_NOUN_8_PASS_b,F,P,les poubelles avec les pots que j' aime beaucoup ne sont probablement pas ouvertes <eos>,13,ouvertes,ouverts,11,M,ouvertes,-7.4282136,ouverts,-8.468718,1
820,P_NOUN_8_PASS_b,F,P,les poubelles avec les pots que j' aime beaucoup ne sont probablement pas perdues <eos>,13,perdues,perdus,11,M,perdues,-7.8696804,perdus,-8.185774,1
821,P_NOUN_8_PASS_b,F,P,les poubelles avec les pots que j' aime beaucoup ne sont probablement pas réparées <eos>,13,réparées,réparés,11,M,réparées,-8.537357,réparés,-11.1487255,1
822,P_NOUN_8_PASS_b,F,P,les poubelles avec les pots que j' aime beaucoup ne sont probablement pas retirées <eos>,13,retirées,retirés,11,M,retirées,-8.086808,retirés,-9.378656,1
823,P_NOUN_8_PASS_b,F,P,les poubelles avec les pots que j' aime beaucoup ne sont probablement pas tombées <eos>,13,tombées,tombés,11,M,tombées,-7.7577715,tombés,-7.5089645,0
824,P_NOUN_8_PASS_b,F,P,les poubelles avec les pots que j' aime beaucoup ne sont probablement pas utilisées <eos>,13,utilisées,utilisés,11,M,utilisées,-4.777239,utilisés,-5.3259926,1
825,P_NOUN_8_PASS_b,F,P,les poubelles avec les coussins que j' aime beaucoup ne sont probablement pas achetées <eos>,13,achetées,achetés,11,M,achetées,-10.284892,achetés,-10.170551,0
826,P_NOUN_8_PASS_b,F,P,les poubelles avec les coussins que j' aime beaucoup ne sont probablement pas brisées <eos>,13,brisées,brisés,11,M,brisées,-8.943215,brisés,-11.98795,1
827,P_NOUN_8_PASS_b,F,P,les poubelles avec les coussins que j' aime beaucoup ne sont probablement pas cachées <eos>,13,cachées,cachés,11,M,cachées,-7.6877804,cachés,-8.960729,1
828,P_NOUN_8_PASS_b,F,P,les poubelles avec les coussins que j' aime beaucoup ne sont probablement pas cassées <eos>,13,cassées,cassés,11,M,cassées,-8.024171,cassés,-10.036871,1
829,P_NOUN_8_PASS_b,F,P,les poubelles avec les coussins que j' aime beaucoup ne sont probablement pas couvertes <eos>,13,couvertes,couverts,11,M,couvertes,-6.589351,couverts,-8.046293,1
830,P_NOUN_8_PASS_b,F,P,les poubelles avec les coussins que j' aime beaucoup ne sont probablement pas déformées <eos>,13,déformées,déformés,11,M,déformées,-7.961225,déformés,-13.142988,1
831,P_NOUN_8_PASS_b,F,P,les poubelles avec les coussins que j' aime beaucoup ne sont probablement pas fixées <eos>,13,fixées,fixés,11,M,fixées,-7.4846873,fixés,-9.007898,1
832,P_NOUN_8_PASS_b,F,P,les poubelles avec les coussins que j' aime beaucoup ne sont probablement pas jetées <eos>,13,jetées,jetés,11,M,jetées,-7.025466,jetés,-8.516421,1
833,P_NOUN_8_PASS_b,F,P,les poubelles avec les coussins que j' aime beaucoup ne sont probablement pas laissées <eos>,13,laissées,laissés,11,M,laissées,-7.5438833,laissés,-9.477215,1
834,P_NOUN_8_PASS_b,F,P,les poubelles avec les coussins que j' aime beaucoup ne sont probablement pas ouvertes <eos>,13,ouvertes,ouverts,11,M,ouvertes,-6.812781,ouverts,-8.514944,1
835,P_NOUN_8_PASS_b,F,P,les poubelles avec les coussins que j' aime beaucoup ne sont probablement pas perdues <eos>,13,perdues,perdus,11,M,perdues,-7.622804,perdus,-8.645187,1
836,P_NOUN_8_PASS_b,F,P,les poubelles avec les coussins que j' aime beaucoup ne sont probablement pas réparées <eos>,13,réparées,réparés,11,M,réparées,-8.12906,réparés,-11.459942,1
837,P_NOUN_8_PASS_b,F,P,les poubelles avec les coussins que j' aime beaucoup ne sont probablement pas retirées <eos>,13,retirées,retirés,11,M,retirées,-7.9051294,retirés,-10.028775,1
838,P_NOUN_8_PASS_b,F,P,les poubelles avec les coussins que j' aime beaucoup ne sont probablement pas tombées <eos>,13,tombées,tombés,11,M,tombées,-7.9008055,tombés,-8.413179,1
839,P_NOUN_8_PASS_b,F,P,les poubelles avec les coussins que j' aime beaucoup ne sont probablement pas utilisées <eos>,13,utilisées,utilisés,11,M,utilisées,-4.7158785,utilisés,-6.0809565,1
840,P_NOUN_8_PASS_b,F,P,les poubelles avec les jouets que j' aime beaucoup ne sont probablement pas achetées <eos>,13,achetées,achetés,11,M,achetées,-10.603156,achetés,-9.580738,0
841,P_NOUN_8_PASS_b,F,P,les poubelles avec les jouets que j' aime beaucoup ne sont probablement pas brisées <eos>,13,brisées,brisés,11,M,brisées,-9.877057,brisés,-12.190026,1
842,P_NOUN_8_PASS_b,F,P,les poubelles avec les jouets que j' aime beaucoup ne sont probablement pas cachées <eos>,13,cachées,cachés,11,M,cachées,-7.7530003,cachés,-8.293723,1
843,P_NOUN_8_PASS_b,F,P,les poubelles avec les jouets que j' aime beaucoup ne sont probablement pas cassées <eos>,13,cassées,cassés,11,M,cassées,-9.458423,cassés,-10.065304,1
844,P_NOUN_8_PASS_b,F,P,les poubelles avec les jouets que j' aime beaucoup ne sont probablement pas couvertes <eos>,13,couvertes,couverts,11,M,couvertes,-7.953193,couverts,-8.316612,1
845,P_NOUN_8_PASS_b,F,P,les poubelles avec les jouets que j' aime beaucoup ne sont probablement pas déformées <eos>,13,déformées,déformés,11,M,déformées,-8.822683,déformés,-12.616869,1
846,P_NOUN_8_PASS_b,F,P,les poubelles avec les jouets que j' aime beaucoup ne sont probablement pas fixées <eos>,13,fixées,fixés,11,M,fixées,-8.706338,fixés,-9.000235,1
847,P_NOUN_8_PASS_b,F,P,les poubelles avec les jouets que j' aime beaucoup ne sont probablement pas jetées <eos>,13,jetées,jetés,11,M,jetées,-8.762976,jetés,-8.787197,1
848,P_NOUN_8_PASS_b,F,P,les poubelles avec les jouets que j' aime beaucoup ne sont probablement pas laissées <eos>,13,laissées,laissés,11,M,laissées,-8.633339,laissés,-9.164471,1
849,P_NOUN_8_PASS_b,F,P,les poubelles avec les jouets que j' aime beaucoup ne sont probablement pas ouvertes <eos>,13,ouvertes,ouverts,11,M,ouvertes,-7.85914,ouverts,-8.647333,1
850,P_NOUN_8_PASS_b,F,P,les poubelles avec les jouets que j' aime beaucoup ne sont probablement pas perdues <eos>,13,perdues,perdus,11,M,perdues,-8.28462,perdus,-8.405474,1
851,P_NOUN_8_PASS_b,F,P,les poubelles avec les jouets que j' aime beaucoup ne sont probablement pas réparées <eos>,13,réparées,réparés,11,M,réparées,-9.377754,réparés,-11.94198,1
852,P_NOUN_8_PASS_b,F,P,les poubelles avec les jouets que j' aime beaucoup ne sont probablement pas retirées <eos>,13,retirées,retirés,11,M,retirées,-8.6722,retirés,-10.220311,1
853,P_NOUN_8_PASS_b,F,P,les poubelles avec les jouets que j' aime beaucoup ne sont probablement pas tombées <eos>,13,tombées,tombés,11,M,tombées,-8.258883,tombés,-8.044164,0
854,P_NOUN_8_PASS_b,F,P,les poubelles avec les jouets que j' aime beaucoup ne sont probablement pas utilisées <eos>,13,utilisées,utilisés,11,M,utilisées,-5.7858286,utilisés,-6.3435354,1
855,P_NOUN_8_PASS_b,F,P,les poubelles avec les clous que j' aime beaucoup ne sont probablement pas achetées <eos>,13,achetées,achetés,11,M,achetées,-10.220403,achetés,-9.914178,0
856,P_NOUN_8_PASS_b,F,P,les poubelles avec les clous que j' aime beaucoup ne sont probablement pas brisées <eos>,13,brisées,brisés,11,M,brisées,-9.077805,brisés,-11.898116,1
857,P_NOUN_8_PASS_b,F,P,les poubelles avec les clous que j' aime beaucoup ne sont probablement pas cachées <eos>,13,cachées,cachés,11,M,cachées,-7.653968,cachés,-8.66592,1
858,P_NOUN_8_PASS_b,F,P,les poubelles avec les clous que j' aime beaucoup ne sont probablement pas cassées <eos>,13,cassées,cassés,11,M,cassées,-8.419169,cassés,-9.574047,1
859,P_NOUN_8_PASS_b,F,P,les poubelles avec les clous que j' aime beaucoup ne sont probablement pas couvertes <eos>,13,couvertes,couverts,11,M,couvertes,-6.6576376,couverts,-7.766305,1
860,P_NOUN_8_PASS_b,F,P,les poubelles avec les clous que j' aime beaucoup ne sont probablement pas déformées <eos>,13,déformées,déformés,11,M,déformées,-8.333137,déformés,-13.3641,1
861,P_NOUN_8_PASS_b,F,P,les poubelles avec les clous que j' aime beaucoup ne sont probablement pas fixées <eos>,13,fixées,fixés,11,M,fixées,-7.6530113,fixés,-9.007118,1
862,P_NOUN_8_PASS_b,F,P,les poubelles avec les clous que j' aime beaucoup ne sont probablement pas jetées <eos>,13,jetées,jetés,11,M,jetées,-7.5198417,jetés,-8.258881,1
863,P_NOUN_8_PASS_b,F,P,les poubelles avec les clous que j' aime beaucoup ne sont probablement pas laissées <eos>,13,laissées,laissés,11,M,laissées,-7.78185,laissés,-9.112026,1
864,P_NOUN_8_PASS_b,F,P,les poubelles avec les clous que j' aime beaucoup ne sont probablement pas ouvertes <eos>,13,ouvertes,ouverts,11,M,ouvertes,-7.1721997,ouverts,-9.095378,1
865,P_NOUN_8_PASS_b,F,P,les poubelles avec les clous que j' aime beaucoup ne sont probablement pas perdues <eos>,13,perdues,perdus,11,M,perdues,-7.3500166,perdus,-8.527609,1
866,P_NOUN_8_PASS_b,F,P,les poubelles avec les clous que j' aime beaucoup ne sont probablement pas réparées <eos>,13,réparées,réparés,11,M,réparées,-8.137303,réparés,-11.2062025,1
867,P_NOUN_8_PASS_b,F,P,les poubelles avec les clous que j' aime beaucoup ne sont probablement pas retirées <eos>,13,retirées,retirés,11,M,retirées,-7.689363,retirés,-9.680744,1
868,P_NOUN_8_PASS_b,F,P,les poubelles avec les clous que j' aime beaucoup ne sont probablement pas tombées <eos>,13,tombées,tombés,11,M,tombées,-7.3500557,tombés,-7.652855,1
869,P_NOUN_8_PASS_b,F,P,les poubelles avec les clous que j' aime beaucoup ne sont probablement pas utilisées <eos>,13,utilisées,utilisés,11,M,utilisées,-4.632715,utilisés,-5.806587,1
870,P_NOUN_8_PASS_b,F,P,les poubelles avec les billets que j' aime beaucoup ne sont probablement pas achetées <eos>,13,achetées,achetés,11,M,achetées,-9.3391285,achetés,-9.23343,0
871,P_NOUN_8_PASS_b,F,P,les poubelles avec les billets que j' aime beaucoup ne sont probablement pas brisées <eos>,13,brisées,brisés,11,M,brisées,-9.488585,brisés,-12.781721,1
872,P_NOUN_8_PASS_b,F,P,les poubelles avec les billets que j' aime beaucoup ne sont probablement pas cachées <eos>,13,cachées,cachés,11,M,cachées,-8.547662,cachés,-8.359525,0
873,P_NOUN_8_PASS_b,F,P,les poubelles avec les billets que j' aime beaucoup ne sont probablement pas cassées <eos>,13,cassées,cassés,11,M,cassées,-9.43387,cassés,-10.278315,1
874,P_NOUN_8_PASS_b,F,P,les poubelles avec les billets que j' aime beaucoup ne sont probablement pas couvertes <eos>,13,couvertes,couverts,11,M,couvertes,-7.782981,couverts,-8.072167,1
875,P_NOUN_8_PASS_b,F,P,les poubelles avec les billets que j' aime beaucoup ne sont probablement pas déformées <eos>,13,déformées,déformés,11,M,déformées,-9.033054,déformés,-13.888021,1
876,P_NOUN_8_PASS_b,F,P,les poubelles avec les billets que j' aime beaucoup ne sont probablement pas fixées <eos>,13,fixées,fixés,11,M,fixées,-7.723915,fixés,-8.485779,1
877,P_NOUN_8_PASS_b,F,P,les poubelles avec les billets que j' aime beaucoup ne sont probablement pas jetées <eos>,13,jetées,jetés,11,M,jetées,-8.142963,jetés,-8.349357,1
878,P_NOUN_8_PASS_b,F,P,les poubelles avec les billets que j' aime beaucoup ne sont probablement pas laissées <eos>,13,laissées,laissés,11,M,laissées,-8.096399,laissés,-9.624383,1
879,P_NOUN_8_PASS_b,F,P,les poubelles avec les billets que j' aime beaucoup ne sont probablement pas ouvertes <eos>,13,ouvertes,ouverts,11,M,ouvertes,-8.15241,ouverts,-8.938272,1
880,P_NOUN_8_PASS_b,F,P,les poubelles avec les billets que j' aime beaucoup ne sont probablement pas perdues <eos>,13,perdues,perdus,11,M,perdues,-7.225012,perdus,-8.25883,1
881,P_NOUN_8_PASS_b,F,P,les poubelles avec les billets que j' aime beaucoup ne sont probablement pas réparées <eos>,13,réparées,réparés,11,M,réparées,-9.478824,réparés,-12.034182,1
882,P_NOUN_8_PASS_b,F,P,les poubelles avec les billets que j' aime beaucoup ne sont probablement pas retirées <eos>,13,retirées,retirés,11,M,retirées,-8.012529,retirés,-9.319012,1
883,P_NOUN_8_PASS_b,F,P,les poubelles avec les billets que j' aime beaucoup ne sont probablement pas tombées <eos>,13,tombées,tombés,11,M,tombées,-8.118715,tombés,-8.074537,0
884,P_NOUN_8_PASS_b,F,P,les poubelles avec les billets que j' aime beaucoup ne sont probablement pas utilisées <eos>,13,utilisées,utilisés,11,M,utilisées,-5.143175,utilisés,-5.951789,1
885,P_NOUN_8_PASS_b,F,P,les poubelles avec les légumes que j' aime beaucoup ne sont probablement pas achetées <eos>,13,achetées,achetés,11,M,achetées,-9.949282,achetés,-9.336619,0
886,P_NOUN_8_PASS_b,F,P,les poubelles avec les légumes que j' aime beaucoup ne sont probablement pas brisées <eos>,13,brisées,brisés,11,M,brisées,-9.514189,brisés,-12.443655,1
887,P_NOUN_8_PASS_b,F,P,les poubelles avec les légumes que j' aime beaucoup ne sont probablement pas cachées <eos>,13,cachées,cachés,11,M,cachées,-8.189104,cachés,-8.991147,1
888,P_NOUN_8_PASS_b,F,P,les poubelles avec les légumes que j' aime beaucoup ne sont probablement pas cassées <eos>,13,cassées,cassés,11,M,cassées,-8.946205,cassés,-9.345568,1
889,P_NOUN_8_PASS_b,F,P,les poubelles avec les légumes que j' aime beaucoup ne sont probablement pas couvertes <eos>,13,couvertes,couverts,11,M,couvertes,-6.9204044,couverts,-7.650628,1
890,P_NOUN_8_PASS_b,F,P,les poubelles avec les légumes que j' aime beaucoup ne sont probablement pas déformées <eos>,13,déformées,déformés,11,M,déformées,-8.853889,déformés,-13.745702,1
891,P_NOUN_8_PASS_b,F,P,les poubelles avec les légumes que j' aime beaucoup ne sont probablement pas fixées <eos>,13,fixées,fixés,11,M,fixées,-8.392148,fixés,-9.255526,1
892,P_NOUN_8_PASS_b,F,P,les poubelles avec les légumes que j' aime beaucoup ne sont probablement pas jetées <eos>,13,jetées,jetés,11,M,jetées,-8.011681,jetés,-9.15145,1
893,P_NOUN_8_PASS_b,F,P,les poubelles avec les légumes que j' aime beaucoup ne sont probablement pas laissées <eos>,13,laissées,laissés,11,M,laissées,-7.655861,laissés,-8.977116,1
894,P_NOUN_8_PASS_b,F,P,les poubelles avec les légumes que j' aime beaucoup ne sont probablement pas ouvertes <eos>,13,ouvertes,ouverts,11,M,ouvertes,-7.537481,ouverts,-8.97747,1
895,P_NOUN_8_PASS_b,F,P,les poubelles avec les légumes que j' aime beaucoup ne sont probablement pas perdues <eos>,13,perdues,perdus,11,M,perdues,-7.9706182,perdus,-8.770161,1
896,P_NOUN_8_PASS_b,F,P,les poubelles avec les légumes que j' aime beaucoup ne sont probablement pas réparées <eos>,13,réparées,réparés,11,M,réparées,-9.039723,réparés,-11.673941,1
897,P_NOUN_8_PASS_b,F,P,les poubelles avec les légumes que j' aime beaucoup ne sont probablement pas retirées <eos>,13,retirées,retirés,11,M,retirées,-8.463323,retirés,-9.721896,1
898,P_NOUN_8_PASS_b,F,P,les poubelles avec les légumes que j' aime beaucoup ne sont probablement pas tombées <eos>,13,tombées,tombés,11,M,tombées,-7.6388936,tombés,-7.80183,1
899,P_NOUN_8_PASS_b,F,P,les poubelles avec les légumes que j' aime beaucoup ne sont probablement pas utilisées <eos>,13,utilisées,utilisés,11,M,utilisées,-5.012351,utilisés,-6.0726194,1
900,P_NOUN_8_PASS_b,F,P,les chemises avec les bracelets que j' aime beaucoup ne sont probablement pas achetées <eos>,13,achetées,achetés,11,M,achetées,-10.873279,achetés,-10.4099245,0
901,P_NOUN_8_PASS_b,F,P,les chemises avec les bracelets que j' aime beaucoup ne sont probablement pas brisées <eos>,13,brisées,brisés,11,M,brisées,-9.4683,brisés,-12.191611,1
902,P_NOUN_8_PASS_b,F,P,les chemises avec les bracelets que j' aime beaucoup ne sont probablement pas cachées <eos>,13,cachées,cachés,11,M,cachées,-7.797167,cachés,-8.525988,1
903,P_NOUN_8_PASS_b,F,P,les chemises avec les bracelets que j' aime beaucoup ne sont probablement pas cassées <eos>,13,cassées,cassés,11,M,cassées,-8.726486,cassés,-10.388893,1
904,P_NOUN_8_PASS_b,F,P,les chemises avec les bracelets que j' aime beaucoup ne sont probablement pas couvertes <eos>,13,couvertes,couverts,11,M,couvertes,-8.460279,couverts,-8.739199,1
905,P_NOUN_8_PASS_b,F,P,les chemises avec les bracelets que j' aime beaucoup ne sont probablement pas déformées <eos>,13,déformées,déformés,11,M,déformées,-8.629646,déformés,-12.887866,1
906,P_NOUN_8_PASS_b,F,P,les chemises avec les bracelets que j' aime beaucoup ne sont probablement pas fixées <eos>,13,fixées,fixés,11,M,fixées,-8.182394,fixés,-9.715468,1
907,P_NOUN_8_PASS_b,F,P,les chemises avec les bracelets que j' aime beaucoup ne sont probablement pas jetées <eos>,13,jetées,jetés,11,M,jetées,-8.108121,jetés,-8.6665,1
908,P_NOUN_8_PASS_b,F,P,les chemises avec les bracelets que j' aime beaucoup ne sont probablement pas laissées <eos>,13,laissées,laissés,11,M,laissées,-8.575761,laissés,-9.486993,1
909,P_NOUN_8_PASS_b,F,P,les chemises avec les bracelets que j' aime beaucoup ne sont probablement pas ouvertes <eos>,13,ouvertes,ouverts,11,M,ouvertes,-8.509233,ouverts,-9.693835,1
910,P_NOUN_8_PASS_b,F,P,les chemises avec les bracelets que j' aime beaucoup ne sont probablement pas perdues <eos>,13,perdues,perdus,11,M,perdues,-7.67039,perdus,-8.300785,1
911,P_NOUN_8_PASS_b,F,P,les chemises avec les bracelets que j' aime beaucoup ne sont probablement pas réparées <eos>,13,réparées,réparés,11,M,réparées,-9.88125,réparés,-12.264756,1
912,P_NOUN_8_PASS_b,F,P,les chemises avec les bracelets que j' aime beaucoup ne sont probablement pas retirées <eos>,13,retirées,retirés,11,M,retirées,-8.782031,retirés,-9.899524,1
913,P_NOUN_8_PASS_b,F,P,les chemises avec les bracelets que j' aime beaucoup ne sont probablement pas tombées <eos>,13,tombées,tombés,11,M,tombées,-7.761508,tombés,-6.5575657,0
914,P_NOUN_8_PASS_b,F,P,les chemises avec les bracelets que j' aime beaucoup ne sont probablement pas utilisées <eos>,13,utilisées,utilisés,11,M,utilisées,-5.765538,utilisés,-6.411909,1
915,P_NOUN_8_PASS_b,F,P,les chemises avec les miroirs que j' aime beaucoup ne sont probablement pas achetées <eos>,13,achetées,achetés,11,M,achetées,-11.530897,achetés,-10.682466,0
916,P_NOUN_8_PASS_b,F,P,les chemises avec les miroirs que j' aime beaucoup ne sont probablement pas brisées <eos>,13,brisées,brisés,11,M,brisées,-9.374566,brisés,-11.874039,1
917,P_NOUN_8_PASS_b,F,P,les chemises avec les miroirs que j' aime beaucoup ne sont probablement pas cachées <eos>,13,cachées,cachés,11,M,cachées,-7.64564,cachés,-8.629711,1
918,P_NOUN_8_PASS_b,F,P,les chemises avec les miroirs que j' aime beaucoup ne sont probablement pas cassées <eos>,13,cassées,cassés,11,M,cassées,-8.821732,cassés,-10.467801,1
919,P_NOUN_8_PASS_b,F,P,les chemises avec les miroirs que j' aime beaucoup ne sont probablement pas couvertes <eos>,13,couvertes,couverts,11,M,couvertes,-7.9621773,couverts,-8.558384,1
920,P_NOUN_8_PASS_b,F,P,les chemises avec les miroirs que j' aime beaucoup ne sont probablement pas déformées <eos>,13,déformées,déformés,11,M,déformées,-7.6606245,déformés,-11.863107,1
921,P_NOUN_8_PASS_b,F,P,les chemises avec les miroirs que j' aime beaucoup ne sont probablement pas fixées <eos>,13,fixées,fixés,11,M,fixées,-8.233069,fixés,-9.6424465,1
922,P_NOUN_8_PASS_b,F,P,les chemises avec les miroirs que j' aime beaucoup ne sont probablement pas jetées <eos>,13,jetées,jetés,11,M,jetées,-8.52762,jetés,-8.927132,1
923,P_NOUN_8_PASS_b,F,P,les chemises avec les miroirs que j' aime beaucoup ne sont probablement pas laissées <eos>,13,laissées,laissés,11,M,laissées,-8.335999,laissés,-9.672953,1
924,P_NOUN_8_PASS_b,F,P,les chemises avec les miroirs que j' aime beaucoup ne sont probablement pas ouvertes <eos>,13,ouvertes,ouverts,11,M,ouvertes,-7.995453,ouverts,-9.028803,1
925,P_NOUN_8_PASS_b,F,P,les chemises avec les miroirs que j' aime beaucoup ne sont probablement pas perdues <eos>,13,perdues,perdus,11,M,perdues,-7.632933,perdus,-7.9240794,1
926,P_NOUN_8_PASS_b,F,P,les chemises avec les miroirs que j' aime beaucoup ne sont probablement pas réparées <eos>,13,réparées,réparés,11,M,réparées,-9.21847,réparés,-11.782817,1
927,P_NOUN_8_PASS_b,F,P,les chemises avec les miroirs que j' aime beaucoup ne sont probablement pas retirées <eos>,13,retirées,retirés,11,M,retirées,-8.548843,retirés,-10.191517,1
928,P_NOUN_8_PASS_b,F,P,les chemises avec les miroirs que j' aime beaucoup ne sont probablement pas tombées <eos>,13,tombées,tombés,11,M,tombées,-7.732157,tombés,-7.5584617,0
929,P_NOUN_8_PASS_b,F,P,les chemises avec les miroirs que j' aime beaucoup ne sont probablement pas utilisées <eos>,13,utilisées,utilisés,11,M,utilisées,-5.6627846,utilisés,-6.451873,1
930,P_NOUN_8_PASS_b,F,P,les chemises avec les crayons que j' aime beaucoup ne sont probablement pas achetées <eos>,13,achetées,achetés,11,M,achetées,-10.887899,achetés,-10.063843,0
931,P_NOUN_8_PASS_b,F,P,les chemises avec les crayons que j' aime beaucoup ne sont probablement pas brisées <eos>,13,brisées,brisés,11,M,brisées,-9.88712,brisés,-12.446686,1
932,P_NOUN_8_PASS_b,F,P,les chemises avec les crayons que j' aime beaucoup ne sont probablement pas cachées <eos>,13,cachées,cachés,11,M,cachées,-7.9518943,cachés,-8.58955,1
933,P_NOUN_8_PASS_b,F,P,les chemises avec les crayons que j' aime beaucoup ne sont probablement pas cassées <eos>,13,cassées,cassés,11,M,cassées,-9.185661,cassés,-10.071823,1
934,P_NOUN_8_PASS_b,F,P,les chemises avec les crayons que j' aime beaucoup ne sont probablement pas couvertes <eos>,13,couvertes,couverts,11,M,couvertes,-8.416253,couverts,-8.472819,1
935,P_NOUN_8_PASS_b,F,P,les chemises avec les crayons que j' aime beaucoup ne sont probablement pas déformées <eos>,13,déformées,déformés,11,M,déformées,-8.544733,déformés,-12.578535,1
936,P_NOUN_8_PASS_b,F,P,les chemises avec les crayons que j' aime beaucoup ne sont probablement pas fixées <eos>,13,fixées,fixés,11,M,fixées,-8.913719,fixés,-10.068097,1
937,P_NOUN_8_PASS_b,F,P,les chemises avec les crayons que j' aime beaucoup ne sont probablement pas jetées <eos>,13,jetées,jetés,11,M,jetées,-8.902775,jetés,-8.968087,1
938,P_NOUN_8_PASS_b,F,P,les chemises avec les crayons que j' aime beaucoup ne sont probablement pas laissées <eos>,13,laissées,laissés,11,M,laissées,-8.433521,laissés,-9.1476555,1
939,P_NOUN_8_PASS_b,F,P,les chemises avec les crayons que j' aime beaucoup ne sont probablement pas ouvertes <eos>,13,ouvertes,ouverts,11,M,ouvertes,-8.597431,ouverts,-9.648542,1
940,P_NOUN_8_PASS_b,F,P,les chemises avec les crayons que j' aime beaucoup ne sont probablement pas perdues <eos>,13,perdues,perdus,11,M,perdues,-7.6443405,perdus,-8.266132,1
941,P_NOUN_8_PASS_b,F,P,les chemises avec les crayons que j' aime beaucoup ne sont probablement pas réparées <eos>,13,réparées,réparés,11,M,réparées,-9.439567,réparés,-11.783372,1
942,P_NOUN_8_PASS_b,F,P,les chemises avec les crayons que j' aime beaucoup ne sont probablement pas retirées <eos>,13,retirées,retirés,11,M,retirées,-8.703557,retirés,-9.986151,1
943,P_NOUN_8_PASS_b,F,P,les chemises avec les crayons que j' aime beaucoup ne sont probablement pas tombées <eos>,13,tombées,tombés,11,M,tombées,-7.6446137,tombés,-6.9635034,0
944,P_NOUN_8_PASS_b,F,P,les chemises avec les crayons que j' aime beaucoup ne sont probablement pas utilisées <eos>,13,utilisées,utilisés,11,M,utilisées,-5.91409,utilisés,-6.587677,1
945,P_NOUN_8_PASS_b,F,P,les chemises avec les rideaux que j' aime beaucoup ne sont probablement pas achetées <eos>,13,achetées,achetés,11,M,achetées,-10.885442,achetés,-10.545198,0
946,P_NOUN_8_PASS_b,F,P,les chemises avec les rideaux que j' aime beaucoup ne sont probablement pas brisées <eos>,13,brisées,brisés,11,M,brisées,-9.539856,brisés,-12.229988,1
947,P_NOUN_8_PASS_b,F,P,les chemises avec les rideaux que j' aime beaucoup ne sont probablement pas cachées <eos>,13,cachées,cachés,11,M,cachées,-7.531756,cachés,-8.665224,1
948,P_NOUN_8_PASS_b,F,P,les chemises avec les rideaux que j' aime beaucoup ne sont probablement pas cassées <eos>,13,cassées,cassés,11,M,cassées,-8.853006,cassés,-10.562805,1
949,P_NOUN_8_PASS_b,F,P,les chemises avec les rideaux que j' aime beaucoup ne sont probablement pas couvertes <eos>,13,couvertes,couverts,11,M,couvertes,-7.88992,couverts,-8.543619,1
950,P_NOUN_8_PASS_b,F,P,les chemises avec les rideaux que j' aime beaucoup ne sont probablement pas déformées <eos>,13,déformées,déformés,11,M,déformées,-8.638464,déformés,-12.611923,1
951,P_NOUN_8_PASS_b,F,P,les chemises avec les rideaux que j' aime beaucoup ne sont probablement pas fixées <eos>,13,fixées,fixés,11,M,fixées,-8.3650255,fixés,-9.843277,1
952,P_NOUN_8_PASS_b,F,P,les chemises avec les rideaux que j' aime beaucoup ne sont probablement pas jetées <eos>,13,jetées,jetés,11,M,jetées,-8.412859,jetés,-9.177536,1
953,P_NOUN_8_PASS_b,F,P,les chemises avec les rideaux que j' aime beaucoup ne sont probablement pas laissées <eos>,13,laissées,laissés,11,M,laissées,-8.138814,laissés,-9.404073,1
954,P_NOUN_8_PASS_b,F,P,les chemises avec les rideaux que j' aime beaucoup ne sont probablement pas ouvertes <eos>,13,ouvertes,ouverts,11,M,ouvertes,-8.04081,ouverts,-9.335455,1
955,P_NOUN_8_PASS_b,F,P,les chemises avec les rideaux que j' aime beaucoup ne sont probablement pas perdues <eos>,13,perdues,perdus,11,M,perdues,-7.6443877,perdus,-8.428427,1
956,P_NOUN_8_PASS_b,F,P,les chemises avec les rideaux que j' aime beaucoup ne sont probablement pas réparées <eos>,13,réparées,réparés,11,M,réparées,-9.300065,réparés,-11.89727,1
957,P_NOUN_8_PASS_b,F,P,les chemises avec les rideaux que j' aime beaucoup ne sont probablement pas retirées <eos>,13,retirées,retirés,11,M,retirées,-8.426015,retirés,-10.483191,1
958,P_NOUN_8_PASS_b,F,P,les chemises avec les rideaux que j' aime beaucoup ne sont probablement pas tombées <eos>,13,tombées,tombés,11,M,tombées,-7.5048423,tombés,-7.0105863,0
959,P_NOUN_8_PASS_b,F,P,les chemises avec les rideaux que j' aime beaucoup ne sont probablement pas utilisées <eos>,13,utilisées,utilisés,11,M,utilisées,-5.9873457,utilisés,-7.001108,1
960,P_NOUN_8_PASS_b,F,P,les chemises avec les cahiers que j' aime beaucoup ne sont probablement pas achetées <eos>,13,achetées,achetés,11,M,achetées,-11.188259,achetés,-10.443115,0
961,P_NOUN_8_PASS_b,F,P,les chemises avec les cahiers que j' aime beaucoup ne sont probablement pas brisées <eos>,13,brisées,brisés,11,M,brisées,-9.978845,brisés,-12.601195,1
962,P_NOUN_8_PASS_b,F,P,les chemises avec les cahiers que j' aime beaucoup ne sont probablement pas cachées <eos>,13,cachées,cachés,11,M,cachées,-7.923326,cachés,-8.775865,1
963,P_NOUN_8_PASS_b,F,P,les chemises avec les cahiers que j' aime beaucoup ne sont probablement pas cassées <eos>,13,cassées,cassés,11,M,cassées,-9.617483,cassés,-11.260991,1
964,P_NOUN_8_PASS_b,F,P,les chemises avec les cahiers que j' aime beaucoup ne sont probablement pas couvertes <eos>,13,couvertes,couverts,11,M,couvertes,-8.730922,couverts,-8.864788,1
965,P_NOUN_8_PASS_b,F,P,les chemises avec les cahiers que j' aime beaucoup ne sont probablement pas déformées <eos>,13,déformées,déformés,11,M,déformées,-8.759067,déformés,-12.643603,1
966,P_NOUN_8_PASS_b,F,P,les chemises avec les cahiers que j' aime beaucoup ne sont probablement pas fixées <eos>,13,fixées,fixés,11,M,fixées,-9.03586,fixés,-10.514101,1
967,P_NOUN_8_PASS_b,F,P,les chemises avec les cahiers que j' aime beaucoup ne sont probablement pas jetées <eos>,13,jetées,jetés,11,M,jetées,-9.317974,jetés,-9.700777,1
968,P_NOUN_8_PASS_b,F,P,les chemises avec les cahiers que j' aime beaucoup ne sont probablement pas laissées <eos>,13,laissées,laissés,11,M,laissées,-8.617703,laissés,-9.589878,1
969,P_NOUN_8_PASS_b,F,P,les chemises avec les cahiers que j' aime beaucoup ne sont probablement pas ouvertes <eos>,13,ouvertes,ouverts,11,M,ouvertes,-8.152563,ouverts,-9.390219,1
970,P_NOUN_8_PASS_b,F,P,les chemises avec les cahiers que j' aime beaucoup ne sont probablement pas perdues <eos>,13,perdues,perdus,11,M,perdues,-7.2029457,perdus,-7.945266,1
971,P_NOUN_8_PASS_b,F,P,les chemises avec les cahiers que j' aime beaucoup ne sont probablement pas réparées <eos>,13,réparées,réparés,11,M,réparées,-10.02913,réparés,-12.365194,1
972,P_NOUN_8_PASS_b,F,P,les chemises avec les cahiers que j' aime beaucoup ne sont probablement pas retirées <eos>,13,retirées,retirés,11,M,retirées,-8.810394,retirés,-10.477441,1
973,P_NOUN_8_PASS_b,F,P,les chemises avec les cahiers que j' aime beaucoup ne sont probablement pas tombées <eos>,13,tombées,tombés,11,M,tombées,-7.964924,tombés,-7.3642473,0
974,P_NOUN_8_PASS_b,F,P,les chemises avec les cahiers que j' aime beaucoup ne sont probablement pas utilisées <eos>,13,utilisées,utilisés,11,M,utilisées,-6.1652746,utilisés,-7.181988,1
975,P_NOUN_8_PASS_b,F,P,les chemises avec les micros que j' aime beaucoup ne sont probablement pas achetées <eos>,13,achetées,achetés,11,M,achetées,-11.033446,achetés,-10.582222,0
976,P_NOUN_8_PASS_b,F,P,les chemises avec les micros que j' aime beaucoup ne sont probablement pas brisées <eos>,13,brisées,brisés,11,M,brisées,-9.453421,brisés,-12.242116,1
977,P_NOUN_8_PASS_b,F,P,les chemises avec les micros que j' aime beaucoup ne sont probablement pas cachées <eos>,13,cachées,cachés,11,M,cachées,-8.321142,cachés,-9.182741,1
978,P_NOUN_8_PASS_b,F,P,les chemises avec les micros que j' aime beaucoup ne sont probablement pas cassées <eos>,13,cassées,cassés,11,M,cassées,-8.996578,cassés,-10.871254,1
979,P_NOUN_8_PASS_b,F,P,les chemises avec les micros que j' aime beaucoup ne sont probablement pas couvertes <eos>,13,couvertes,couverts,11,M,couvertes,-8.07163,couverts,-8.485658,1
980,P_NOUN_8_PASS_b,F,P,les chemises avec les micros que j' aime beaucoup ne sont probablement pas déformées <eos>,13,déformées,déformés,11,M,déformées,-8.597285,déformés,-12.911546,1
981,P_NOUN_8_PASS_b,F,P,les chemises avec les micros que j' aime beaucoup ne sont probablement pas fixées <eos>,13,fixées,fixés,11,M,fixées,-8.107677,fixés,-9.1417,1
982,P_NOUN_8_PASS_b,F,P,les chemises avec les micros que j' aime beaucoup ne sont probablement pas jetées <eos>,13,jetées,jetés,11,M,jetées,-8.644731,jetés,-9.388301,1
983,P_NOUN_8_PASS_b,F,P,les chemises avec les micros que j' aime beaucoup ne sont probablement pas laissées <eos>,13,laissées,laissés,11,M,laissées,-8.158228,laissés,-9.888996,1
984,P_NOUN_8_PASS_b,F,P,les chemises avec les micros que j' aime beaucoup ne sont probablement pas ouvertes <eos>,13,ouvertes,ouverts,11,M,ouvertes,-8.288128,ouverts,-9.230939,1
985,P_NOUN_8_PASS_b,F,P,les chemises avec les micros que j' aime beaucoup ne sont probablement pas perdues <eos>,13,perdues,perdus,11,M,perdues,-8.109774,perdus,-8.541611,1
986,P_NOUN_8_PASS_b,F,P,les chemises avec les micros que j' aime beaucoup ne sont probablement pas réparées <eos>,13,réparées,réparés,11,M,réparées,-9.888502,réparés,-12.294451,1
987,P_NOUN_8_PASS_b,F,P,les chemises avec les micros que j' aime beaucoup ne sont probablement pas retirées <eos>,13,retirées,retirés,11,M,retirées,-8.607771,retirés,-10.331785,1
988,P_NOUN_8_PASS_b,F,P,les chemises avec les micros que j' aime beaucoup ne sont probablement pas tombées <eos>,13,tombées,tombés,11,M,tombées,-8.240581,tombés,-7.6178675,0
989,P_NOUN_8_PASS_b,F,P,les chemises avec les micros que j' aime beaucoup ne sont probablement pas utilisées <eos>,13,utilisées,utilisés,11,M,utilisées,-5.543765,utilisés,-6.2764435,1
990,P_NOUN_8_PASS_b,F,P,les chemises avec les sacs que j' aime beaucoup ne sont probablement pas achetées <eos>,13,achetées,achetés,11,M,achetées,-11.030035,achetés,-9.89508,0
991,P_NOUN_8_PASS_b,F,P,les chemises avec les sacs que j' aime beaucoup ne sont probablement pas brisées <eos>,13,brisées,brisés,11,M,brisées,-9.75327,brisés,-12.011807,1
992,P_NOUN_8_PASS_b,F,P,les chemises avec les sacs que j' aime beaucoup ne sont probablement pas cachées <eos>,13,cachées,cachés,11,M,cachées,-8.015151,cachés,-8.448795,1
993,P_NOUN_8_PASS_b,F,P,les chemises avec les sacs que j' aime beaucoup ne sont probablement pas cassées <eos>,13,cassées,cassés,11,M,cassées,-8.980074,cassés,-10.188913,1
994,P_NOUN_8_PASS_b,F,P,les chemises avec les sacs que j' aime beaucoup ne sont probablement pas couvertes <eos>,13,couvertes,couverts,11,M,couvertes,-8.165679,couverts,-8.1308365,0
995,P_NOUN_8_PASS_b,F,P,les chemises avec les sacs que j' aime beaucoup ne sont probablement pas déformées <eos>,13,déformées,déformés,11,M,déformées,-9.135444,déformés,-12.82829,1
996,P_NOUN_8_PASS_b,F,P,les chemises avec les sacs que j' aime beaucoup ne sont probablement pas fixées <eos>,13,fixées,fixés,11,M,fixées,-8.640713,fixés,-9.349686,1
997,P_NOUN_8_PASS_b,F,P,les chemises avec les sacs que j' aime beaucoup ne sont probablement pas jetées <eos>,13,jetées,jetés,11,M,jetées,-8.476763,jetés,-8.752147,1
998,P_NOUN_8_PASS_b,F,P,les chemises avec les sacs que j' aime beaucoup ne sont probablement pas laissées <eos>,13,laissées,laissés,11,M,laissées,-8.527492,laissés,-9.151055,1
999,P_NOUN_8_PASS_b,F,P,les chemises avec les sacs que j' aime beaucoup ne sont probablement pas ouvertes <eos>,13,ouvertes,ouverts,11,M,ouvertes,-8.468573,ouverts,-9.24132,1
1000,P_NOUN_8_PASS_b,F,P,les chemises avec les sacs que j' aime beaucoup ne sont probablement pas perdues <eos>,13,perdues,perdus,11,M,perdues,-8.1001625,perdus,-8.233211,1
1001,P_NOUN_8_PASS_b,F,P,les chemises avec les sacs que j' aime beaucoup ne sont probablement pas réparées <eos>,13,réparées,réparés,11,M,réparées,-9.647136,réparés,-11.596707,1
1002,P_NOUN_8_PASS_b,F,P,les chemises avec les sacs que j' aime beaucoup ne sont probablement pas retirées <eos>,13,retirées,retirés,11,M,retirées,-8.858121,retirés,-9.9181595,1
1003,P_NOUN_8_PASS_b,F,P,les chemises avec les sacs que j' aime beaucoup ne sont probablement pas tombées <eos>,13,tombées,tombés,11,M,tombées,-7.98271,tombés,-6.9368753,0
1004,P_NOUN_8_PASS_b,F,P,les chemises avec les sacs que j' aime beaucoup ne sont probablement pas utilisées <eos>,13,utilisées,utilisés,11,M,utilisées,-5.885349,utilisés,-6.314301,1
1005,P_NOUN_8_PASS_b,F,P,les chemises avec les claviers que j' aime beaucoup ne sont probablement pas achetées <eos>,13,achetées,achetés,11,M,achetées,-11.005407,achetés,-10.963116,0
1006,P_NOUN_8_PASS_b,F,P,les chemises avec les claviers que j' aime beaucoup ne sont probablement pas brisées <eos>,13,brisées,brisés,11,M,brisées,-9.108781,brisés,-12.008772,1
1007,P_NOUN_8_PASS_b,F,P,les chemises avec les claviers que j' aime beaucoup ne sont probablement pas cachées <eos>,13,cachées,cachés,11,M,cachées,-7.834033,cachés,-9.133076,1
1008,P_NOUN_8_PASS_b,F,P,les chemises avec les claviers que j' aime beaucoup ne sont probablement pas cassées <eos>,13,cassées,cassés,11,M,cassées,-8.979666,cassés,-10.912229,1
1009,P_NOUN_8_PASS_b,F,P,les chemises avec les claviers que j' aime beaucoup ne sont probablement pas couvertes <eos>,13,couvertes,couverts,11,M,couvertes,-8.244509,couverts,-8.851668,1
1010,P_NOUN_8_PASS_b,F,P,les chemises avec les claviers que j' aime beaucoup ne sont probablement pas déformées <eos>,13,déformées,déformés,11,M,déformées,-8.151543,déformés,-12.746276,1
1011,P_NOUN_8_PASS_b,F,P,les chemises avec les claviers que j' aime beaucoup ne sont probablement pas fixées <eos>,13,fixées,fixés,11,M,fixées,-8.319641,fixés,-9.353067,1
1012,P_NOUN_8_PASS_b,F,P,les chemises avec les claviers que j' aime beaucoup ne sont probablement pas jetées <eos>,13,jetées,jetés,11,M,jetées,-8.905476,jetés,-9.557163,1
1013,P_NOUN_8_PASS_b,F,P,les chemises avec les claviers que j' aime beaucoup ne sont probablement pas laissées <eos>,13,laissées,laissés,11,M,laissées,-8.058022,laissés,-9.778055,1
1014,P_NOUN_8_PASS_b,F,P,les chemises avec les claviers que j' aime beaucoup ne sont probablement pas ouvertes <eos>,13,ouvertes,ouverts,11,M,ouvertes,-8.051904,ouverts,-9.53599,1
1015,P_NOUN_8_PASS_b,F,P,les chemises avec les claviers que j' aime beaucoup ne sont probablement pas perdues <eos>,13,perdues,perdus,11,M,perdues,-7.8181515,perdus,-8.639202,1
1016,P_NOUN_8_PASS_b,F,P,les chemises avec les claviers que j' aime beaucoup ne sont probablement pas réparées <eos>,13,réparées,réparés,11,M,réparées,-9.64913,réparés,-12.419552,1
1017,P_NOUN_8_PASS_b,F,P,les chemises avec les claviers que j' aime beaucoup ne sont probablement pas retirées <eos>,13,retirées,retirés,11,M,retirées,-8.610653,retirés,-10.586695,1
1018,P_NOUN_8_PASS_b,F,P,les chemises avec les claviers que j' aime beaucoup ne sont probablement pas tombées <eos>,13,tombées,tombés,11,M,tombées,-8.333416,tombés,-8.271416,0
1019,P_NOUN_8_PASS_b,F,P,les chemises avec les claviers que j' aime beaucoup ne sont probablement pas utilisées <eos>,13,utilisées,utilisés,11,M,utilisées,-5.547598,utilisés,-6.615367,1
1020,P_NOUN_8_PASS_b,F,P,les chemises avec les raisins que j' aime beaucoup ne sont probablement pas achetées <eos>,13,achetées,achetés,11,M,achetées,-10.048179,achetés,-9.449213,0
1021,P_NOUN_8_PASS_b,F,P,les chemises avec les raisins que j' aime beaucoup ne sont probablement pas brisées <eos>,13,brisées,brisés,11,M,brisées,-9.705178,brisés,-12.827802,1
1022,P_NOUN_8_PASS_b,F,P,les chemises avec les raisins que j' aime beaucoup ne sont probablement pas cachées <eos>,13,cachées,cachés,11,M,cachées,-7.86574,cachés,-8.984131,1
1023,P_NOUN_8_PASS_b,F,P,les chemises avec les raisins que j' aime beaucoup ne sont probablement pas cassées <eos>,13,cassées,cassés,11,M,cassées,-9.001524,cassés,-9.420526,1
1024,P_NOUN_8_PASS_b,F,P,les chemises avec les raisins que j' aime beaucoup ne sont probablement pas couvertes <eos>,13,couvertes,couverts,11,M,couvertes,-7.7907953,couverts,-7.796139,1
1025,P_NOUN_8_PASS_b,F,P,les chemises avec les raisins que j' aime beaucoup ne sont probablement pas déformées <eos>,13,déformées,déformés,11,M,déformées,-9.192063,déformés,-13.802084,1
1026,P_NOUN_8_PASS_b,F,P,les chemises avec les raisins que j' aime beaucoup ne sont probablement pas fixées <eos>,13,fixées,fixés,11,M,fixées,-8.846213,fixés,-9.776372,1
1027,P_NOUN_8_PASS_b,F,P,les chemises avec les raisins que j' aime beaucoup ne sont probablement pas jetées <eos>,13,jetées,jetés,11,M,jetées,-9.463343,jetés,-9.904914,1
1028,P_NOUN_8_PASS_b,F,P,les chemises avec les raisins que j' aime beaucoup ne sont probablement pas laissées <eos>,13,laissées,laissés,11,M,laissées,-7.9012785,laissés,-9.165193,1
1029,P_NOUN_8_PASS_b,F,P,les chemises avec les raisins que j' aime beaucoup ne sont probablement pas ouvertes <eos>,13,ouvertes,ouverts,11,M,ouvertes,-8.362802,ouverts,-9.760061,1
1030,P_NOUN_8_PASS_b,F,P,les chemises avec les raisins que j' aime beaucoup ne sont probablement pas perdues <eos>,13,perdues,perdus,11,M,perdues,-8.113297,perdus,-8.8337755,1
1031,P_NOUN_8_PASS_b,F,P,les chemises avec les raisins que j' aime beaucoup ne sont probablement pas réparées <eos>,13,réparées,réparés,11,M,réparées,-9.580608,réparés,-12.071757,1
1032,P_NOUN_8_PASS_b,F,P,les chemises avec les raisins que j' aime beaucoup ne sont probablement pas retirées <eos>,13,retirées,retirés,11,M,retirées,-8.590059,retirés,-10.115735,1
1033,P_NOUN_8_PASS_b,F,P,les chemises avec les raisins que j' aime beaucoup ne sont probablement pas tombées <eos>,13,tombées,tombés,11,M,tombées,-7.4156075,tombés,-7.1000834,0
1034,P_NOUN_8_PASS_b,F,P,les chemises avec les raisins que j' aime beaucoup ne sont probablement pas utilisées <eos>,13,utilisées,utilisés,11,M,utilisées,-5.6229377,utilisés,-6.467938,1
1035,P_NOUN_8_PASS_b,F,P,les chemises avec les chargeurs que j' aime beaucoup ne sont probablement pas achetées <eos>,13,achetées,achetés,11,M,achetées,-10.482376,achetés,-10.388845,0
1036,P_NOUN_8_PASS_b,F,P,les chemises avec les chargeurs que j' aime beaucoup ne sont probablement pas brisées <eos>,13,brisées,brisés,11,M,brisées,-9.447726,brisés,-12.462676,1
1037,P_NOUN_8_PASS_b,F,P,les chemises avec les chargeurs que j' aime beaucoup ne sont probablement pas cachées <eos>,13,cachées,cachés,11,M,cachées,-8.277262,cachés,-8.4856205,1
1038,P_NOUN_8_PASS_b,F,P,les chemises avec les chargeurs que j' aime beaucoup ne sont probablement pas cassées <eos>,13,cassées,cassés,11,M,cassées,-9.137585,cassés,-10.275147,1
1039,P_NOUN_8_PASS_b,F,P,les chemises avec les chargeurs que j' aime beaucoup ne sont probablement pas couvertes <eos>,13,couvertes,couverts,11,M,couvertes,-7.8786497,couverts,-8.366612,1
1040,P_NOUN_8_PASS_b,F,P,les chemises avec les chargeurs que j' aime beaucoup ne sont probablement pas déformées <eos>,13,déformées,déformés,11,M,déformées,-9.183331,déformés,-13.563684,1
1041,P_NOUN_8_PASS_b,F,P,les chemises avec les chargeurs que j' aime beaucoup ne sont probablement pas fixées <eos>,13,fixées,fixés,11,M,fixées,-7.902301,fixés,-9.080392,1
1042,P_NOUN_8_PASS_b,F,P,les chemises avec les chargeurs que j' aime beaucoup ne sont probablement pas jetées <eos>,13,jetées,jetés,11,M,jetées,-8.631401,jetés,-9.02177,1
1043,P_NOUN_8_PASS_b,F,P,les chemises avec les chargeurs que j' aime beaucoup ne sont probablement pas laissées <eos>,13,laissées,laissés,11,M,laissées,-8.2528515,laissés,-9.807013,1
1044,P_NOUN_8_PASS_b,F,P,les chemises avec les chargeurs que j' aime beaucoup ne sont probablement pas ouvertes <eos>,13,ouvertes,ouverts,11,M,ouvertes,-8.3877945,ouverts,-9.417641,1
1045,P_NOUN_8_PASS_b,F,P,les chemises avec les chargeurs que j' aime beaucoup ne sont probablement pas perdues <eos>,13,perdues,perdus,11,M,perdues,-7.5341997,perdus,-8.341254,1
1046,P_NOUN_8_PASS_b,F,P,les chemises avec les chargeurs que j' aime beaucoup ne sont probablement pas réparées <eos>,13,réparées,réparés,11,M,réparées,-9.44529,réparés,-11.387192,1
1047,P_NOUN_8_PASS_b,F,P,les chemises avec les chargeurs que j' aime beaucoup ne sont probablement pas retirées <eos>,13,retirées,retirés,11,M,retirées,-8.305337,retirés,-9.214765,1
1048,P_NOUN_8_PASS_b,F,P,les chemises avec les chargeurs que j' aime beaucoup ne sont probablement pas tombées <eos>,13,tombées,tombés,11,M,tombées,-8.063388,tombés,-6.9211187,0
1049,P_NOUN_8_PASS_b,F,P,les chemises avec les chargeurs que j' aime beaucoup ne sont probablement pas utilisées <eos>,13,utilisées,utilisés,11,M,utilisées,-5.230154,utilisés,-6.121393,1
1050,P_NOUN_8_PASS_b,F,P,les chemises avec les vases que j' aime beaucoup ne sont probablement pas achetées <eos>,13,achetées,achetés,11,M,achetées,-11.12156,achetés,-10.380388,0
1051,P_NOUN_8_PASS_b,F,P,les chemises avec les vases que j' aime beaucoup ne sont probablement pas brisées <eos>,13,brisées,brisés,11,M,brisées,-9.489578,brisés,-11.917379,1
1052,P_NOUN_8_PASS_b,F,P,les chemises avec les vases que j' aime beaucoup ne sont probablement pas cachées <eos>,13,cachées,cachés,11,M,cachées,-7.7987795,cachés,-8.906629,1
1053,P_NOUN_8_PASS_b,F,P,les chemises avec les vases que j' aime beaucoup ne sont probablement pas cassées <eos>,13,cassées,cassés,11,M,cassées,-8.740671,cassés,-9.966751,1
1054,P_NOUN_8_PASS_b,F,P,les chemises avec les vases que j' aime beaucoup ne sont probablement pas couvertes <eos>,13,couvertes,couverts,11,M,couvertes,-8.052707,couverts,-8.225265,1
1055,P_NOUN_8_PASS_b,F,P,les chemises avec les vases que j' aime beaucoup ne sont probablement pas déformées <eos>,13,déformées,déformés,11,M,déformées,-8.326324,déformés,-12.428261,1
1056,P_NOUN_8_PASS_b,F,P,les chemises avec les vases que j' aime beaucoup ne sont probablement pas fixées <eos>,13,fixées,fixés,11,M,fixées,-8.16651,fixés,-9.572196,1
1057,P_NOUN_8_PASS_b,F,P,les chemises avec les vases que j' aime beaucoup ne sont probablement pas jetées <eos>,13,jetées,jetés,11,M,jetées,-8.594799,jetés,-9.01867,1
1058,P_NOUN_8_PASS_b,F,P,les chemises avec les vases que j' aime beaucoup ne sont probablement pas laissées <eos>,13,laissées,laissés,11,M,laissées,-8.250182,laissés,-9.234288,1
1059,P_NOUN_8_PASS_b,F,P,les chemises avec les vases que j' aime beaucoup ne sont probablement pas ouvertes <eos>,13,ouvertes,ouverts,11,M,ouvertes,-8.406287,ouverts,-9.5624485,1
1060,P_NOUN_8_PASS_b,F,P,les chemises avec les vases que j' aime beaucoup ne sont probablement pas perdues <eos>,13,perdues,perdus,11,M,perdues,-7.954485,perdus,-8.349082,1
1061,P_NOUN_8_PASS_b,F,P,les chemises avec les vases que j' aime beaucoup ne sont probablement pas réparées <eos>,13,réparées,réparés,11,M,réparées,-9.575137,réparés,-11.912472,1
1062,P_NOUN_8_PASS_b,F,P,les chemises avec les vases que j' aime beaucoup ne sont probablement pas retirées <eos>,13,retirées,retirés,11,M,retirées,-8.716753,retirés,-10.086787,1
1063,P_NOUN_8_PASS_b,F,P,les chemises avec les vases que j' aime beaucoup ne sont probablement pas tombées <eos>,13,tombées,tombés,11,M,tombées,-7.61063,tombés,-7.0090103,0
1064,P_NOUN_8_PASS_b,F,P,les chemises avec les vases que j' aime beaucoup ne sont probablement pas utilisées <eos>,13,utilisées,utilisés,11,M,utilisées,-5.7549906,utilisés,-6.409193,1
1065,P_NOUN_8_PASS_b,F,P,les chemises avec les paniers que j' aime beaucoup ne sont probablement pas achetées <eos>,13,achetées,achetés,11,M,achetées,-10.915515,achetés,-10.14962,0
1066,P_NOUN_8_PASS_b,F,P,les chemises avec les paniers que j' aime beaucoup ne sont probablement pas brisées <eos>,13,brisées,brisés,11,M,brisées,-9.369679,brisés,-12.044685,1
1067,P_NOUN_8_PASS_b,F,P,les chemises avec les paniers que j' aime beaucoup ne sont probablement pas cachées <eos>,13,cachées,cachés,11,M,cachées,-7.8758097,cachés,-8.704765,1
1068,P_NOUN_8_PASS_b,F,P,les chemises avec les paniers que j' aime beaucoup ne sont probablement pas cassées <eos>,13,cassées,cassés,11,M,cassées,-8.531729,cassés,-10.224375,1
1069,P_NOUN_8_PASS_b,F,P,les chemises avec les paniers que j' aime beaucoup ne sont probablement pas couvertes <eos>,13,couvertes,couverts,11,M,couvertes,-8.083266,couverts,-8.359628,1
1070,P_NOUN_8_PASS_b,F,P,les chemises avec les paniers que j' aime beaucoup ne sont probablement pas déformées <eos>,13,déformées,déformés,11,M,déformées,-8.657745,déformés,-12.889551,1
1071,P_NOUN_8_PASS_b,F,P,les chemises avec les paniers que j' aime beaucoup ne sont probablement pas fixées <eos>,13,fixées,fixés,11,M,fixées,-8.014794,fixés,-9.308369,1
1072,P_NOUN_8_PASS_b,F,P,les chemises avec les paniers que j' aime beaucoup ne sont probablement pas jetées <eos>,13,jetées,jetés,11,M,jetées,-8.102719,jetés,-8.871826,1
1073,P_NOUN_8_PASS_b,F,P,les chemises avec les paniers que j' aime beaucoup ne sont probablement pas laissées <eos>,13,laissées,laissés,11,M,laissées,-8.483551,laissés,-9.480345,1
1074,P_NOUN_8_PASS_b,F,P,les chemises avec les paniers que j' aime beaucoup ne sont probablement pas ouvertes <eos>,13,ouvertes,ouverts,11,M,ouvertes,-8.255034,ouverts,-9.589536,1
1075,P_NOUN_8_PASS_b,F,P,les chemises avec les paniers que j' aime beaucoup ne sont probablement pas perdues <eos>,13,perdues,perdus,11,M,perdues,-7.7518578,perdus,-8.329059,1
1076,P_NOUN_8_PASS_b,F,P,les chemises avec les paniers que j' aime beaucoup ne sont probablement pas réparées <eos>,13,réparées,réparés,11,M,réparées,-9.669374,réparés,-12.175474,1
1077,P_NOUN_8_PASS_b,F,P,les chemises avec les paniers que j' aime beaucoup ne sont probablement pas retirées <eos>,13,retirées,retirés,11,M,retirées,-8.482536,retirés,-9.996429,1
1078,P_NOUN_8_PASS_b,F,P,les chemises avec les paniers que j' aime beaucoup ne sont probablement pas tombées <eos>,13,tombées,tombés,11,M,tombées,-7.673453,tombés,-6.98416,0
1079,P_NOUN_8_PASS_b,F,P,les chemises avec les paniers que j' aime beaucoup ne sont probablement pas utilisées <eos>,13,utilisées,utilisés,11,M,utilisées,-5.4453115,utilisés,-6.248102,1
1080,P_NOUN_8_PASS_b,F,P,les chemises avec les colliers que j' aime beaucoup ne sont probablement pas achetées <eos>,13,achetées,achetés,11,M,achetées,-10.960577,achetés,-10.485559,0
1081,P_NOUN_8_PASS_b,F,P,les chemises avec les colliers que j' aime beaucoup ne sont probablement pas brisées <eos>,13,brisées,brisés,11,M,brisées,-9.347875,brisés,-11.930205,1
1082,P_NOUN_8_PASS_b,F,P,les chemises avec les colliers que j' aime beaucoup ne sont probablement pas cachées <eos>,13,cachées,cachés,11,M,cachées,-8.057058,cachés,-8.938763,1
1083,P_NOUN_8_PASS_b,F,P,les chemises avec les colliers que j' aime beaucoup ne sont probablement pas cassées <eos>,13,cassées,cassés,11,M,cassées,-8.613516,cassés,-9.8689,1
1084,P_NOUN_8_PASS_b,F,P,les chemises avec les colliers que j' aime beaucoup ne sont probablement pas couvertes <eos>,13,couvertes,couverts,11,M,couvertes,-8.124321,couverts,-8.584427,1
1085,P_NOUN_8_PASS_b,F,P,les chemises avec les colliers que j' aime beaucoup ne sont probablement pas déformées <eos>,13,déformées,déformés,11,M,déformées,-8.315962,déformés,-12.614943,1
1086,P_NOUN_8_PASS_b,F,P,les chemises avec les colliers que j' aime beaucoup ne sont probablement pas fixées <eos>,13,fixées,fixés,11,M,fixées,-7.988668,fixés,-9.549077,1
1087,P_NOUN_8_PASS_b,F,P,les chemises avec les colliers que j' aime beaucoup ne sont probablement pas jetées <eos>,13,jetées,jetés,11,M,jetées,-8.399169,jetés,-8.816972,1
1088,P_NOUN_8_PASS_b,F,P,les chemises avec les colliers que j' aime beaucoup ne sont probablement pas laissées <eos>,13,laissées,laissés,11,M,laissées,-8.38095,laissés,-9.583967,1
1089,P_NOUN_8_PASS_b,F,P,les chemises avec les colliers que j' aime beaucoup ne sont probablement pas ouvertes <eos>,13,ouvertes,ouverts,11,M,ouvertes,-8.622911,ouverts,-9.960978,1
1090,P_NOUN_8_PASS_b,F,P,les chemises avec les colliers que j' aime beaucoup ne sont probablement pas perdues <eos>,13,perdues,perdus,11,M,perdues,-7.6638975,perdus,-8.3316765,1
1091,P_NOUN_8_PASS_b,F,P,les chemises avec les colliers que j' aime beaucoup ne sont probablement pas réparées <eos>,13,réparées,réparés,11,M,réparées,-9.473101,réparés,-11.984049,1
1092,P_NOUN_8_PASS_b,F,P,les chemises avec les colliers que j' aime beaucoup ne sont probablement pas retirées <eos>,13,retirées,retirés,11,M,retirées,-8.339677,retirés,-9.841308,1
1093,P_NOUN_8_PASS_b,F,P,les chemises avec les colliers que j' aime beaucoup ne sont probablement pas tombées <eos>,13,tombées,tombés,11,M,tombées,-7.457175,tombés,-6.966291,0
1094,P_NOUN_8_PASS_b,F,P,les chemises avec les colliers que j' aime beaucoup ne sont probablement pas utilisées <eos>,13,utilisées,utilisés,11,M,utilisées,-5.413242,utilisés,-6.293759,1
1095,P_NOUN_8_PASS_b,F,P,les chemises avec les chapeaux que j' aime beaucoup ne sont probablement pas achetées <eos>,13,achetées,achetés,11,M,achetées,-10.857317,achetés,-10.375278,0
1096,P_NOUN_8_PASS_b,F,P,les chemises avec les chapeaux que j' aime beaucoup ne sont probablement pas brisées <eos>,13,brisées,brisés,11,M,brisées,-9.594398,brisés,-12.458693,1
1097,P_NOUN_8_PASS_b,F,P,les chemises avec les chapeaux que j' aime beaucoup ne sont probablement pas cachées <eos>,13,cachées,cachés,11,M,cachées,-7.719117,cachés,-8.742713,1
1098,P_NOUN_8_PASS_b,F,P,les chemises avec les chapeaux que j' aime beaucoup ne sont probablement pas cassées <eos>,13,cassées,cassés,11,M,cassées,-8.8377695,cassés,-10.655177,1
1099,P_NOUN_8_PASS_b,F,P,les chemises avec les chapeaux que j' aime beaucoup ne sont probablement pas couvertes <eos>,13,couvertes,couverts,11,M,couvertes,-8.201318,couverts,-8.619844,1
1100,P_NOUN_8_PASS_b,F,P,les chemises avec les chapeaux que j' aime beaucoup ne sont probablement pas déformées <eos>,13,déformées,déformés,11,M,déformées,-8.936871,déformés,-12.987778,1
1101,P_NOUN_8_PASS_b,F,P,les chemises avec les chapeaux que j' aime beaucoup ne sont probablement pas fixées <eos>,13,fixées,fixés,11,M,fixées,-8.266287,fixés,-9.757385,1
1102,P_NOUN_8_PASS_b,F,P,les chemises avec les chapeaux que j' aime beaucoup ne sont probablement pas jetées <eos>,13,jetées,jetés,11,M,jetées,-8.301266,jetés,-9.127781,1
1103,P_NOUN_8_PASS_b,F,P,les chemises avec les chapeaux que j' aime beaucoup ne sont probablement pas laissées <eos>,13,laissées,laissés,11,M,laissées,-8.485052,laissés,-9.621329,1
1104,P_NOUN_8_PASS_b,F,P,les chemises avec les chapeaux que j' aime beaucoup ne sont probablement pas ouvertes <eos>,13,ouvertes,ouverts,11,M,ouvertes,-8.32069,ouverts,-9.72308,1
1105,P_NOUN_8_PASS_b,F,P,les chemises avec les chapeaux que j' aime beaucoup ne sont probablement pas perdues <eos>,13,perdues,perdus,11,M,perdues,-7.802659,perdus,-8.649351,1
1106,P_NOUN_8_PASS_b,F,P,les chemises avec les chapeaux que j' aime beaucoup ne sont probablement pas réparées <eos>,13,réparées,réparés,11,M,réparées,-9.886636,réparés,-12.385529,1
1107,P_NOUN_8_PASS_b,F,P,les chemises avec les chapeaux que j' aime beaucoup ne sont probablement pas retirées <eos>,13,retirées,retirés,11,M,retirées,-8.64318,retirés,-10.239083,1
1108,P_NOUN_8_PASS_b,F,P,les chemises avec les chapeaux que j' aime beaucoup ne sont probablement pas tombées <eos>,13,tombées,tombés,11,M,tombées,-7.693795,tombés,-6.849449,0
1109,P_NOUN_8_PASS_b,F,P,les chemises avec les chapeaux que j' aime beaucoup ne sont probablement pas utilisées <eos>,13,utilisées,utilisés,11,M,utilisées,-5.789082,utilisés,-6.6731486,1
1110,P_NOUN_8_PASS_b,F,P,les chemises avec les pots que j' aime beaucoup ne sont probablement pas achetées <eos>,13,achetées,achetés,11,M,achetées,-10.577699,achetés,-9.626441,0
1111,P_NOUN_8_PASS_b,F,P,les chemises avec les pots que j' aime beaucoup ne sont probablement pas brisées <eos>,13,brisées,brisés,11,M,brisées,-9.474839,brisés,-11.688531,1
1112,P_NOUN_8_PASS_b,F,P,les chemises avec les pots que j' aime beaucoup ne sont probablement pas cachées <eos>,13,cachées,cachés,11,M,cachées,-8.200148,cachés,-8.472732,1
1113,P_NOUN_8_PASS_b,F,P,les chemises avec les pots que j' aime beaucoup ne sont probablement pas cassées <eos>,13,cassées,cassés,11,M,cassées,-8.613953,cassés,-9.661249,1
1114,P_NOUN_8_PASS_b,F,P,les chemises avec les pots que j' aime beaucoup ne sont probablement pas couvertes <eos>,13,couvertes,couverts,11,M,couvertes,-7.936193,couverts,-7.6872926,0
1115,P_NOUN_8_PASS_b,F,P,les chemises avec les pots que j' aime beaucoup ne sont probablement pas déformées <eos>,13,déformées,déformés,11,M,déformées,-8.644819,déformés,-12.87644,1
1116,P_NOUN_8_PASS_b,F,P,les chemises avec les pots que j' aime beaucoup ne sont probablement pas fixées <eos>,13,fixées,fixés,11,M,fixées,-8.393527,fixés,-9.134388,1
1117,P_NOUN_8_PASS_b,F,P,les chemises avec les pots que j' aime beaucoup ne sont probablement pas jetées <eos>,13,jetées,jetés,11,M,jetées,-8.417715,jetés,-8.5192375,1
1118,P_NOUN_8_PASS_b,F,P,les chemises avec les pots que j' aime beaucoup ne sont probablement pas laissées <eos>,13,laissées,laissés,11,M,laissées,-8.180409,laissés,-9.061314,1
1119,P_NOUN_8_PASS_b,F,P,les chemises avec les pots que j' aime beaucoup ne sont probablement pas ouvertes <eos>,13,ouvertes,ouverts,11,M,ouvertes,-8.274473,ouverts,-8.940612,1
1120,P_NOUN_8_PASS_b,F,P,les chemises avec les pots que j' aime beaucoup ne sont probablement pas perdues <eos>,13,perdues,perdus,11,M,perdues,-7.9348354,perdus,-7.91193,0
1121,P_NOUN_8_PASS_b,F,P,les chemises avec les pots que j' aime beaucoup ne sont probablement pas réparées <eos>,13,réparées,réparés,11,M,réparées,-9.389715,réparés,-11.430855,1
1122,P_NOUN_8_PASS_b,F,P,les chemises avec les pots que j' aime beaucoup ne sont probablement pas retirées <eos>,13,retirées,retirés,11,M,retirées,-8.517617,retirés,-9.548368,1
1123,P_NOUN_8_PASS_b,F,P,les chemises avec les pots que j' aime beaucoup ne sont probablement pas tombées <eos>,13,tombées,tombés,11,M,tombées,-7.846455,tombés,-6.6110644,0
1124,P_NOUN_8_PASS_b,F,P,les chemises avec les pots que j' aime beaucoup ne sont probablement pas utilisées <eos>,13,utilisées,utilisés,11,M,utilisées,-5.5248623,utilisés,-5.8012486,1
1125,P_NOUN_8_PASS_b,F,P,les chemises avec les coussins que j' aime beaucoup ne sont probablement pas achetées <eos>,13,achetées,achetés,11,M,achetées,-10.7091675,achetés,-10.518865,0
1126,P_NOUN_8_PASS_b,F,P,les chemises avec les coussins que j' aime beaucoup ne sont probablement pas brisées <eos>,13,brisées,brisés,11,M,brisées,-8.990939,brisés,-11.953224,1
1127,P_NOUN_8_PASS_b,F,P,les chemises avec les coussins que j' aime beaucoup ne sont probablement pas cachées <eos>,13,cachées,cachés,11,M,cachées,-7.642659,cachés,-8.900292,1
1128,P_NOUN_8_PASS_b,F,P,les chemises avec les coussins que j' aime beaucoup ne sont probablement pas cassées <eos>,13,cassées,cassés,11,M,cassées,-8.16226,cassés,-10.472358,1
1129,P_NOUN_8_PASS_b,F,P,les chemises avec les coussins que j' aime beaucoup ne sont probablement pas couvertes <eos>,13,couvertes,couverts,11,M,couvertes,-7.6566954,couverts,-8.637529,1
1130,P_NOUN_8_PASS_b,F,P,les chemises avec les coussins que j' aime beaucoup ne sont probablement pas déformées <eos>,13,déformées,déformés,11,M,déformées,-8.259467,déformés,-12.703804,1
1131,P_NOUN_8_PASS_b,F,P,les chemises avec les coussins que j' aime beaucoup ne sont probablement pas fixées <eos>,13,fixées,fixés,11,M,fixées,-7.8286486,fixés,-9.595887,1
1132,P_NOUN_8_PASS_b,F,P,les chemises avec les coussins que j' aime beaucoup ne sont probablement pas jetées <eos>,13,jetées,jetés,11,M,jetées,-7.606174,jetés,-8.904913,1
1133,P_NOUN_8_PASS_b,F,P,les chemises avec les coussins que j' aime beaucoup ne sont probablement pas laissées <eos>,13,laissées,laissés,11,M,laissées,-7.9617753,laissés,-9.622982,1
1134,P_NOUN_8_PASS_b,F,P,les chemises avec les coussins que j' aime beaucoup ne sont probablement pas ouvertes <eos>,13,ouvertes,ouverts,11,M,ouvertes,-7.7704897,ouverts,-9.291858,1
1135,P_NOUN_8_PASS_b,F,P,les chemises avec les coussins que j' aime beaucoup ne sont probablement pas perdues <eos>,13,perdues,perdus,11,M,perdues,-7.6314893,perdus,-8.399237,1
1136,P_NOUN_8_PASS_b,F,P,les chemises avec les coussins que j' aime beaucoup ne sont probablement pas réparées <eos>,13,réparées,réparés,11,M,réparées,-8.909583,réparés,-11.772539,1
1137,P_NOUN_8_PASS_b,F,P,les chemises avec les coussins que j' aime beaucoup ne sont probablement pas retirées <eos>,13,retirées,retirés,11,M,retirées,-8.236324,retirés,-10.225149,1
1138,P_NOUN_8_PASS_b,F,P,les chemises avec les coussins que j' aime beaucoup ne sont probablement pas tombées <eos>,13,tombées,tombés,11,M,tombées,-7.680569,tombés,-7.4630475,0
1139,P_NOUN_8_PASS_b,F,P,les chemises avec les coussins que j' aime beaucoup ne sont probablement pas utilisées <eos>,13,utilisées,utilisés,11,M,utilisées,-5.398775,utilisés,-6.6533356,1
1140,P_NOUN_8_PASS_b,F,P,les chemises avec les jouets que j' aime beaucoup ne sont probablement pas achetées <eos>,13,achetées,achetés,11,M,achetées,-11.133332,achetés,-10.025466,0
1141,P_NOUN_8_PASS_b,F,P,les chemises avec les jouets que j' aime beaucoup ne sont probablement pas brisées <eos>,13,brisées,brisés,11,M,brisées,-10.057795,brisés,-12.187687,1
1142,P_NOUN_8_PASS_b,F,P,les chemises avec les jouets que j' aime beaucoup ne sont probablement pas cachées <eos>,13,cachées,cachés,11,M,cachées,-8.165123,cachés,-8.361807,1
1143,P_NOUN_8_PASS_b,F,P,les chemises avec les jouets que j' aime beaucoup ne sont probablement pas cassées <eos>,13,cassées,cassés,11,M,cassées,-9.612073,cassés,-10.373688,1
1144,P_NOUN_8_PASS_b,F,P,les chemises avec les jouets que j' aime beaucoup ne sont probablement pas couvertes <eos>,13,couvertes,couverts,11,M,couvertes,-8.907612,couverts,-8.774583,0
1145,P_NOUN_8_PASS_b,F,P,les chemises avec les jouets que j' aime beaucoup ne sont probablement pas déformées <eos>,13,déformées,déformés,11,M,déformées,-9.291616,déformés,-12.509736,1
1146,P_NOUN_8_PASS_b,F,P,les chemises avec les jouets que j' aime beaucoup ne sont probablement pas fixées <eos>,13,fixées,fixés,11,M,fixées,-9.087608,fixés,-9.4395275,1
1147,P_NOUN_8_PASS_b,F,P,les chemises avec les jouets que j' aime beaucoup ne sont probablement pas jetées <eos>,13,jetées,jetés,11,M,jetées,-9.166098,jetés,-9.12974,0
1148,P_NOUN_8_PASS_b,F,P,les chemises avec les jouets que j' aime beaucoup ne sont probablement pas laissées <eos>,13,laissées,laissés,11,M,laissées,-8.877539,laissés,-9.29022,1
1149,P_NOUN_8_PASS_b,F,P,les chemises avec les jouets que j' aime beaucoup ne sont probablement pas ouvertes <eos>,13,ouvertes,ouverts,11,M,ouvertes,-8.820857,ouverts,-9.255888,1
1150,P_NOUN_8_PASS_b,F,P,les chemises avec les jouets que j' aime beaucoup ne sont probablement pas perdues <eos>,13,perdues,perdus,11,M,perdues,-8.513683,perdus,-8.296047,0
1151,P_NOUN_8_PASS_b,F,P,les chemises avec les jouets que j' aime beaucoup ne sont probablement pas réparées <eos>,13,réparées,réparés,11,M,réparées,-10.075583,réparés,-12.135227,1
1152,P_NOUN_8_PASS_b,F,P,les chemises avec les jouets que j' aime beaucoup ne sont probablement pas retirées <eos>,13,retirées,retirés,11,M,retirées,-9.082649,retirés,-10.259106,1
1153,P_NOUN_8_PASS_b,F,P,les chemises avec les jouets que j' aime beaucoup ne sont probablement pas tombées <eos>,13,tombées,tombés,11,M,tombées,-8.313439,tombés,-7.2247915,0
1154,P_NOUN_8_PASS_b,F,P,les chemises avec les jouets que j' aime beaucoup ne sont probablement pas utilisées <eos>,13,utilisées,utilisés,11,M,utilisées,-6.539711,utilisés,-6.8492537,1
1155,P_NOUN_8_PASS_b,F,P,les chemises avec les clous que j' aime beaucoup ne sont probablement pas achetées <eos>,13,achetées,achetés,11,M,achetées,-10.749224,achetés,-10.393099,0
1156,P_NOUN_8_PASS_b,F,P,les chemises avec les clous que j' aime beaucoup ne sont probablement pas brisées <eos>,13,brisées,brisés,11,M,brisées,-9.152009,brisés,-11.995038,1
1157,P_NOUN_8_PASS_b,F,P,les chemises avec les clous que j' aime beaucoup ne sont probablement pas cachées <eos>,13,cachées,cachés,11,M,cachées,-7.6889305,cachés,-8.683691,1
1158,P_NOUN_8_PASS_b,F,P,les chemises avec les clous que j' aime beaucoup ne sont probablement pas cassées <eos>,13,cassées,cassés,11,M,cassées,-8.483814,cassés,-10.105305,1
1159,P_NOUN_8_PASS_b,F,P,les chemises avec les clous que j' aime beaucoup ne sont probablement pas couvertes <eos>,13,couvertes,couverts,11,M,couvertes,-7.800967,couverts,-8.409375,1
1160,P_NOUN_8_PASS_b,F,P,les chemises avec les clous que j' aime beaucoup ne sont probablement pas déformées <eos>,13,déformées,déformés,11,M,déformées,-8.730891,déformés,-12.974043,1
1161,P_NOUN_8_PASS_b,F,P,les chemises avec les clous que j' aime beaucoup ne sont probablement pas fixées <eos>,13,fixées,fixés,11,M,fixées,-7.896634,fixés,-9.5424185,1
1162,P_NOUN_8_PASS_b,F,P,les chemises avec les clous que j' aime beaucoup ne sont probablement pas jetées <eos>,13,jetées,jetés,11,M,jetées,-7.95778,jetés,-8.690509,1
1163,P_NOUN_8_PASS_b,F,P,les chemises avec les clous que j' aime beaucoup ne sont probablement pas laissées <eos>,13,laissées,laissés,11,M,laissées,-8.134888,laissés,-9.294373,1
1164,P_NOUN_8_PASS_b,F,P,les chemises avec les clous que j' aime beaucoup ne sont probablement pas ouvertes <eos>,13,ouvertes,ouverts,11,M,ouvertes,-8.151494,ouverts,-9.879516,1
1165,P_NOUN_8_PASS_b,F,P,les chemises avec les clous que j' aime beaucoup ne sont probablement pas perdues <eos>,13,perdues,perdus,11,M,perdues,-7.451811,perdus,-8.373731,1
1166,P_NOUN_8_PASS_b,F,P,les chemises avec les clous que j' aime beaucoup ne sont probablement pas réparées <eos>,13,réparées,réparés,11,M,réparées,-9.052609,réparés,-11.615376,1
1167,P_NOUN_8_PASS_b,F,P,les chemises avec les clous que j' aime beaucoup ne sont probablement pas retirées <eos>,13,retirées,retirés,11,M,retirées,-8.073554,retirés,-9.933741,1
1168,P_NOUN_8_PASS_b,F,P,les chemises avec les clous que j' aime beaucoup ne sont probablement pas tombées <eos>,13,tombées,tombés,11,M,tombées,-7.254484,tombés,-6.889328,0
1169,P_NOUN_8_PASS_b,F,P,les chemises avec les clous que j' aime beaucoup ne sont probablement pas utilisées <eos>,13,utilisées,utilisés,11,M,utilisées,-5.3861465,utilisés,-6.42906,1
1170,P_NOUN_8_PASS_b,F,P,les chemises avec les billets que j' aime beaucoup ne sont probablement pas achetées <eos>,13,achetées,achetés,11,M,achetées,-9.687988,achetés,-9.502686,0
1171,P_NOUN_8_PASS_b,F,P,les chemises avec les billets que j' aime beaucoup ne sont probablement pas brisées <eos>,13,brisées,brisés,11,M,brisées,-9.67702,brisés,-12.785221,1
1172,P_NOUN_8_PASS_b,F,P,les chemises avec les billets que j' aime beaucoup ne sont probablement pas cachées <eos>,13,cachées,cachés,11,M,cachées,-8.748996,cachés,-8.273738,0
1173,P_NOUN_8_PASS_b,F,P,les chemises avec les billets que j' aime beaucoup ne sont probablement pas cassées <eos>,13,cassées,cassés,11,M,cassées,-9.668288,cassés,-10.679623,1
1174,P_NOUN_8_PASS_b,F,P,les chemises avec les billets que j' aime beaucoup ne sont probablement pas couvertes <eos>,13,couvertes,couverts,11,M,couvertes,-9.028975,couverts,-8.702034,0
1175,P_NOUN_8_PASS_b,F,P,les chemises avec les billets que j' aime beaucoup ne sont probablement pas déformées <eos>,13,déformées,déformés,11,M,déformées,-9.462261,déformés,-13.65209,1
1176,P_NOUN_8_PASS_b,F,P,les chemises avec les billets que j' aime beaucoup ne sont probablement pas fixées <eos>,13,fixées,fixés,11,M,fixées,-8.257515,fixés,-9.002618,1
1177,P_NOUN_8_PASS_b,F,P,les chemises avec les billets que j' aime beaucoup ne sont probablement pas jetées <eos>,13,jetées,jetés,11,M,jetées,-8.625517,jetés,-8.5345545,0
1178,P_NOUN_8_PASS_b,F,P,les chemises avec les billets que j' aime beaucoup ne sont probablement pas laissées <eos>,13,laissées,laissés,11,M,laissées,-8.448471,laissés,-9.64312,1
1179,P_NOUN_8_PASS_b,F,P,les chemises avec les billets que j' aime beaucoup ne sont probablement pas ouvertes <eos>,13,ouvertes,ouverts,11,M,ouvertes,-9.103449,ouverts,-9.465623,1
1180,P_NOUN_8_PASS_b,F,P,les chemises avec les billets que j' aime beaucoup ne sont probablement pas perdues <eos>,13,perdues,perdus,11,M,perdues,-7.2598147,perdus,-7.8767915,1
1181,P_NOUN_8_PASS_b,F,P,les chemises avec les billets que j' aime beaucoup ne sont probablement pas réparées <eos>,13,réparées,réparés,11,M,réparées,-10.190461,réparés,-12.226861,1
1182,P_NOUN_8_PASS_b,F,P,les chemises avec les billets que j' aime beaucoup ne sont probablement pas retirées <eos>,13,retirées,retirés,11,M,retirées,-8.475749,retirés,-9.346099,1
1183,P_NOUN_8_PASS_b,F,P,les chemises avec les billets que j' aime beaucoup ne sont probablement pas tombées <eos>,13,tombées,tombés,11,M,tombées,-8.183964,tombés,-7.1768165,0
1184,P_NOUN_8_PASS_b,F,P,les chemises avec les billets que j' aime beaucoup ne sont probablement pas utilisées <eos>,13,utilisées,utilisés,11,M,utilisées,-5.9712954,utilisés,-6.4942303,1
1185,P_NOUN_8_PASS_b,F,P,les chemises avec les légumes que j' aime beaucoup ne sont probablement pas achetées <eos>,13,achetées,achetés,11,M,achetées,-10.431985,achetés,-9.815852,0
1186,P_NOUN_8_PASS_b,F,P,les chemises avec les légumes que j' aime beaucoup ne sont probablement pas brisées <eos>,13,brisées,brisés,11,M,brisées,-9.724139,brisés,-12.671119,1
1187,P_NOUN_8_PASS_b,F,P,les chemises avec les légumes que j' aime beaucoup ne sont probablement pas cachées <eos>,13,cachées,cachés,11,M,cachées,-8.024825,cachés,-8.897526,1
1188,P_NOUN_8_PASS_b,F,P,les chemises avec les légumes que j' aime beaucoup ne sont probablement pas cassées <eos>,13,cassées,cassés,11,M,cassées,-8.928099,cassés,-9.779299,1
1189,P_NOUN_8_PASS_b,F,P,les chemises avec les légumes que j' aime beaucoup ne sont probablement pas couvertes <eos>,13,couvertes,couverts,11,M,couvertes,-7.961954,couverts,-8.280416,1
1190,P_NOUN_8_PASS_b,F,P,les chemises avec les légumes que j' aime beaucoup ne sont probablement pas déformées <eos>,13,déformées,déformés,11,M,déformées,-9.165179,déformés,-13.392247,1
1191,P_NOUN_8_PASS_b,F,P,les chemises avec les légumes que j' aime beaucoup ne sont probablement pas fixées <eos>,13,fixées,fixés,11,M,fixées,-8.892232,fixés,-9.928001,1
1192,P_NOUN_8_PASS_b,F,P,les chemises avec les légumes que j' aime beaucoup ne sont probablement pas jetées <eos>,13,jetées,jetés,11,M,jetées,-8.616428,jetés,-9.56294,1
1193,P_NOUN_8_PASS_b,F,P,les chemises avec les légumes que j' aime beaucoup ne sont probablement pas laissées <eos>,13,laissées,laissés,11,M,laissées,-8.149762,laissés,-9.233894,1
1194,P_NOUN_8_PASS_b,F,P,les chemises avec les légumes que j' aime beaucoup ne sont probablement pas ouvertes <eos>,13,ouvertes,ouverts,11,M,ouvertes,-8.4515295,ouverts,-9.588862,1
1195,P_NOUN_8_PASS_b,F,P,les chemises avec les légumes que j' aime beaucoup ne sont probablement pas perdues <eos>,13,perdues,perdus,11,M,perdues,-7.9871244,perdus,-8.755635,1
1196,P_NOUN_8_PASS_b,F,P,les chemises avec les légumes que j' aime beaucoup ne sont probablement pas réparées <eos>,13,réparées,réparés,11,M,réparées,-9.827667,réparés,-12.03715,1
1197,P_NOUN_8_PASS_b,F,P,les chemises avec les légumes que j' aime beaucoup ne sont probablement pas retirées <eos>,13,retirées,retirés,11,M,retirées,-8.848497,retirés,-10.030284,1
1198,P_NOUN_8_PASS_b,F,P,les chemises avec les légumes que j' aime beaucoup ne sont probablement pas tombées <eos>,13,tombées,tombés,11,M,tombées,-7.5839987,tombés,-7.169981,0
1199,P_NOUN_8_PASS_b,F,P,les chemises avec les légumes que j' aime beaucoup ne sont probablement pas utilisées <eos>,13,utilisées,utilisés,11,M,utilisées,-5.7149324,utilisés,-6.6471643,1
1200,P_NOUN_8_PASS_b,F,P,les recettes avec les bracelets que j' aime beaucoup ne sont probablement pas achetées <eos>,13,achetées,achetés,11,M,achetées,-9.73502,achetés,-9.129769,0
1201,P_NOUN_8_PASS_b,F,P,les recettes avec les bracelets que j' aime beaucoup ne sont probablement pas brisées <eos>,13,brisées,brisés,11,M,brisées,-9.561636,brisés,-13.188586,1
1202,P_NOUN_8_PASS_b,F,P,les recettes avec les bracelets que j' aime beaucoup ne sont probablement pas cachées <eos>,13,cachées,cachés,11,M,cachées,-8.953482,cachés,-9.245833,1
1203,P_NOUN_8_PASS_b,F,P,les recettes avec les bracelets que j' aime beaucoup ne sont probablement pas cassées <eos>,13,cassées,cassés,11,M,cassées,-9.784262,cassés,-10.450155,1
1204,P_NOUN_8_PASS_b,F,P,les recettes avec les bracelets que j' aime beaucoup ne sont probablement pas couvertes <eos>,13,couvertes,couverts,11,M,couvertes,-8.843985,couverts,-9.182455,1
1205,P_NOUN_8_PASS_b,F,P,les recettes avec les bracelets que j' aime beaucoup ne sont probablement pas déformées <eos>,13,déformées,déformés,11,M,déformées,-9.378012,déformés,-14.1384945,1
1206,P_NOUN_8_PASS_b,F,P,les recettes avec les bracelets que j' aime beaucoup ne sont probablement pas fixées <eos>,13,fixées,fixés,11,M,fixées,-8.260439,fixés,-8.962639,1
1207,P_NOUN_8_PASS_b,F,P,les recettes avec les bracelets que j' aime beaucoup ne sont probablement pas jetées <eos>,13,jetées,jetés,11,M,jetées,-9.115331,jetés,-9.854992,1
1208,P_NOUN_8_PASS_b,F,P,les recettes avec les bracelets que j' aime beaucoup ne sont probablement pas laissées <eos>,13,laissées,laissés,11,M,laissées,-7.9249086,laissés,-10.515413,1
1209,P_NOUN_8_PASS_b,F,P,les recettes avec les bracelets que j' aime beaucoup ne sont probablement pas ouvertes <eos>,13,ouvertes,ouverts,11,M,ouvertes,-9.287309,ouverts,-9.844965,1
1210,P_NOUN_8_PASS_b,F,P,les recettes avec les bracelets que j' aime beaucoup ne sont probablement pas perdues <eos>,13,perdues,perdus,11,M,perdues,-7.410596,perdus,-7.9939003,1
1211,P_NOUN_8_PASS_b,F,P,les recettes avec les bracelets que j' aime beaucoup ne sont probablement pas réparées <eos>,13,réparées,réparés,11,M,réparées,-10.489314,réparés,-12.57525,1
1212,P_NOUN_8_PASS_b,F,P,les recettes avec les bracelets que j' aime beaucoup ne sont probablement pas retirées <eos>,13,retirées,retirés,11,M,retirées,-8.850751,retirés,-9.290793,1
1213,P_NOUN_8_PASS_b,F,P,les recettes avec les bracelets que j' aime beaucoup ne sont probablement pas tombées <eos>,13,tombées,tombés,11,M,tombées,-8.052694,tombés,-7.8761206,0
1214,P_NOUN_8_PASS_b,F,P,les recettes avec les bracelets que j' aime beaucoup ne sont probablement pas utilisées <eos>,13,utilisées,utilisés,11,M,utilisées,-5.701108,utilisés,-6.4313745,1
1215,P_NOUN_8_PASS_b,F,P,les recettes avec les miroirs que j' aime beaucoup ne sont probablement pas achetées <eos>,13,achetées,achetés,11,M,achetées,-10.842297,achetés,-9.58474,0
1216,P_NOUN_8_PASS_b,F,P,les recettes avec les miroirs que j' aime beaucoup ne sont probablement pas brisées <eos>,13,brisées,brisés,11,M,brisées,-9.697987,brisés,-13.076296,1
1217,P_NOUN_8_PASS_b,F,P,les recettes avec les miroirs que j' aime beaucoup ne sont probablement pas cachées <eos>,13,cachées,cachés,11,M,cachées,-8.663021,cachés,-9.249511,1
1218,P_NOUN_8_PASS_b,F,P,les recettes avec les miroirs que j' aime beaucoup ne sont probablement pas cassées <eos>,13,cassées,cassés,11,M,cassées,-10.671761,cassés,-10.894206,1
1219,P_NOUN_8_PASS_b,F,P,les recettes avec les miroirs que j' aime beaucoup ne sont probablement pas couvertes <eos>,13,couvertes,couverts,11,M,couvertes,-8.3969,couverts,-8.975167,1
1220,P_NOUN_8_PASS_b,F,P,les recettes avec les miroirs que j' aime beaucoup ne sont probablement pas déformées <eos>,13,déformées,déformés,11,M,déformées,-8.71441,déformés,-13.154162,1
1221,P_NOUN_8_PASS_b,F,P,les recettes avec les miroirs que j' aime beaucoup ne sont probablement pas fixées <eos>,13,fixées,fixés,11,M,fixées,-8.706335,fixés,-9.018961,1
1222,P_NOUN_8_PASS_b,F,P,les recettes avec les miroirs que j' aime beaucoup ne sont probablement pas jetées <eos>,13,jetées,jetés,11,M,jetées,-9.750601,jetés,-10.340502,1
1223,P_NOUN_8_PASS_b,F,P,les recettes avec les miroirs que j' aime beaucoup ne sont probablement pas laissées <eos>,13,laissées,laissés,11,M,laissées,-8.030135,laissés,-10.7911625,1
1224,P_NOUN_8_PASS_b,F,P,les recettes avec les miroirs que j' aime beaucoup ne sont probablement pas ouvertes <eos>,13,ouvertes,ouverts,11,M,ouvertes,-8.539397,ouverts,-8.863259,1
1225,P_NOUN_8_PASS_b,F,P,les recettes avec les miroirs que j' aime beaucoup ne sont probablement pas perdues <eos>,13,perdues,perdus,11,M,perdues,-7.3399467,perdus,-7.6096067,1
1226,P_NOUN_8_PASS_b,F,P,les recettes avec les miroirs que j' aime beaucoup ne sont probablement pas réparées <eos>,13,réparées,réparés,11,M,réparées,-9.710247,réparés,-11.613265,1
1227,P_NOUN_8_PASS_b,F,P,les recettes avec les miroirs que j' aime beaucoup ne sont probablement pas retirées <eos>,13,retirées,retirés,11,M,retirées,-8.740995,retirés,-9.710146,1
1228,P_NOUN_8_PASS_b,F,P,les recettes avec les miroirs que j' aime beaucoup ne sont probablement pas tombées <eos>,13,tombées,tombés,11,M,tombées,-8.152954,tombés,-8.929249,1
1229,P_NOUN_8_PASS_b,F,P,les recettes avec les miroirs que j' aime beaucoup ne sont probablement pas utilisées <eos>,13,utilisées,utilisés,11,M,utilisées,-5.8707047,utilisés,-6.6653357,1
1230,P_NOUN_8_PASS_b,F,P,les recettes avec les crayons que j' aime beaucoup ne sont probablement pas achetées <eos>,13,achetées,achetés,11,M,achetées,-10.1001835,achetés,-8.731895,0
1231,P_NOUN_8_PASS_b,F,P,les recettes avec les crayons que j' aime beaucoup ne sont probablement pas brisées <eos>,13,brisées,brisés,11,M,brisées,-10.451954,brisés,-13.800718,1
1232,P_NOUN_8_PASS_b,F,P,les recettes avec les crayons que j' aime beaucoup ne sont probablement pas cachées <eos>,13,cachées,cachés,11,M,cachées,-9.453377,cachés,-9.416604,0
1233,P_NOUN_8_PASS_b,F,P,les recettes avec les crayons que j' aime beaucoup ne sont probablement pas cassées <eos>,13,cassées,cassés,11,M,cassées,-10.828041,cassés,-10.288431,0
1234,P_NOUN_8_PASS_b,F,P,les recettes avec les crayons que j' aime beaucoup ne sont probablement pas couvertes <eos>,13,couvertes,couverts,11,M,couvertes,-9.147577,couverts,-8.963769,0
1235,P_NOUN_8_PASS_b,F,P,les recettes avec les crayons que j' aime beaucoup ne sont probablement pas déformées <eos>,13,déformées,déformés,11,M,déformées,-9.968017,déformés,-14.182933,1
1236,P_NOUN_8_PASS_b,F,P,les recettes avec les crayons que j' aime beaucoup ne sont probablement pas fixées <eos>,13,fixées,fixés,11,M,fixées,-9.437855,fixés,-9.463325,1
1237,P_NOUN_8_PASS_b,F,P,les recettes avec les crayons que j' aime beaucoup ne sont probablement pas jetées <eos>,13,jetées,jetés,11,M,jetées,-10.371802,jetés,-10.530463,1
1238,P_NOUN_8_PASS_b,F,P,les recettes avec les crayons que j' aime beaucoup ne sont probablement pas laissées <eos>,13,laissées,laissés,11,M,laissées,-8.075146,laissés,-10.067818,1
1239,P_NOUN_8_PASS_b,F,P,les recettes avec les crayons que j' aime beaucoup ne sont probablement pas ouvertes <eos>,13,ouvertes,ouverts,11,M,ouvertes,-9.296172,ouverts,-9.676302,1
1240,P_NOUN_8_PASS_b,F,P,les recettes avec les crayons que j' aime beaucoup ne sont probablement pas perdues <eos>,13,perdues,perdus,11,M,perdues,-7.6448226,perdus,-8.113539,1
1241,P_NOUN_8_PASS_b,F,P,les recettes avec les crayons que j' aime beaucoup ne sont probablement pas réparées <eos>,13,réparées,réparés,11,M,réparées,-10.08932,réparés,-11.658412,1
1242,P_NOUN_8_PASS_b,F,P,les recettes avec les crayons que j' aime beaucoup ne sont probablement pas retirées <eos>,13,retirées,retirés,11,M,retirées,-8.977127,retirés,-9.561373,1
1243,P_NOUN_8_PASS_b,F,P,les recettes avec les crayons que j' aime beaucoup ne sont probablement pas tombées <eos>,13,tombées,tombés,11,M,tombées,-8.159328,tombés,-8.344786,1
1244,P_NOUN_8_PASS_b,F,P,les recettes avec les crayons que j' aime beaucoup ne sont probablement pas utilisées <eos>,13,utilisées,utilisés,11,M,utilisées,-6.3775797,utilisés,-6.951954,1
1245,P_NOUN_8_PASS_b,F,P,les recettes avec les rideaux que j' aime beaucoup ne sont probablement pas achetées <eos>,13,achetées,achetés,11,M,achetées,-9.692382,achetés,-9.381631,0
1246,P_NOUN_8_PASS_b,F,P,les recettes avec les rideaux que j' aime beaucoup ne sont probablement pas brisées <eos>,13,brisées,brisés,11,M,brisées,-9.651099,brisés,-13.428201,1
1247,P_NOUN_8_PASS_b,F,P,les recettes avec les rideaux que j' aime beaucoup ne sont probablement pas cachées <eos>,13,cachées,cachés,11,M,cachées,-8.5469265,cachés,-9.570385,1
1248,P_NOUN_8_PASS_b,F,P,les recettes avec les rideaux que j' aime beaucoup ne sont probablement pas cassées <eos>,13,cassées,cassés,11,M,cassées,-10.280739,cassés,-10.689284,1
1249,P_NOUN_8_PASS_b,F,P,les recettes avec les rideaux que j' aime beaucoup ne sont probablement pas couvertes <eos>,13,couvertes,couverts,11,M,couvertes,-8.262564,couverts,-8.973308,1
1250,P_NOUN_8_PASS_b,F,P,les recettes avec les rideaux que j' aime beaucoup ne sont probablement pas déformées <eos>,13,déformées,déformés,11,M,déformées,-9.62941,déformés,-14.080746,1
1251,P_NOUN_8_PASS_b,F,P,les recettes avec les rideaux que j' aime beaucoup ne sont probablement pas fixées <eos>,13,fixées,fixés,11,M,fixées,-8.732503,fixés,-9.112431,1
1252,P_NOUN_8_PASS_b,F,P,les recettes avec les rideaux que j' aime beaucoup ne sont probablement pas jetées <eos>,13,jetées,jetés,11,M,jetées,-9.74578,jetés,-10.734659,1
1253,P_NOUN_8_PASS_b,F,P,les recettes avec les rideaux que j' aime beaucoup ne sont probablement pas laissées <eos>,13,laissées,laissés,11,M,laissées,-7.4407287,laissés,-10.458153,1
1254,P_NOUN_8_PASS_b,F,P,les recettes avec les rideaux que j' aime beaucoup ne sont probablement pas ouvertes <eos>,13,ouvertes,ouverts,11,M,ouvertes,-8.619504,ouverts,-9.386908,1
1255,P_NOUN_8_PASS_b,F,P,les recettes avec les rideaux que j' aime beaucoup ne sont probablement pas perdues <eos>,13,perdues,perdus,11,M,perdues,-7.375104,perdus,-8.123953,1
1256,P_NOUN_8_PASS_b,F,P,les recettes avec les rideaux que j' aime beaucoup ne sont probablement pas réparées <eos>,13,réparées,réparés,11,M,réparées,-9.603957,réparés,-11.839388,1
1257,P_NOUN_8_PASS_b,F,P,les recettes avec les rideaux que j' aime beaucoup ne sont probablement pas retirées <eos>,13,retirées,retirés,11,M,retirées,-8.507131,retirés,-10.247049,1
1258,P_NOUN_8_PASS_b,F,P,les recettes avec les rideaux que j' aime beaucoup ne sont probablement pas tombées <eos>,13,tombées,tombés,11,M,tombées,-7.779248,tombés,-8.300732,1
1259,P_NOUN_8_PASS_b,F,P,les recettes avec les rideaux que j' aime beaucoup ne sont probablement pas utilisées <eos>,13,utilisées,utilisés,11,M,utilisées,-6.1910734,utilisés,-7.4384756,1
1260,P_NOUN_8_PASS_b,F,P,les recettes avec les cahiers que j' aime beaucoup ne sont probablement pas achetées <eos>,13,achetées,achetés,11,M,achetées,-10.358784,achetés,-9.6442175,0
1261,P_NOUN_8_PASS_b,F,P,les recettes avec les cahiers que j' aime beaucoup ne sont probablement pas brisées <eos>,13,brisées,brisés,11,M,brisées,-10.953645,brisés,-14.548225,1
1262,P_NOUN_8_PASS_b,F,P,les recettes avec les cahiers que j' aime beaucoup ne sont probablement pas cachées <eos>,13,cachées,cachés,11,M,cachées,-9.703042,cachés,-10.41086,1
1263,P_NOUN_8_PASS_b,F,P,les recettes avec les cahiers que j' aime beaucoup ne sont probablement pas cassées <eos>,13,cassées,cassés,11,M,cassées,-11.906103,cassés,-11.890755,0
1264,P_NOUN_8_PASS_b,F,P,les recettes avec les cahiers que j' aime beaucoup ne sont probablement pas couvertes <eos>,13,couvertes,couverts,11,M,couvertes,-8.976584,couverts,-9.2935295,1
1265,P_NOUN_8_PASS_b,F,P,les recettes avec les cahiers que j' aime beaucoup ne sont probablement pas déformées <eos>,13,déformées,déformés,11,M,déformées,-9.966169,déformés,-14.618402,1
1266,P_NOUN_8_PASS_b,F,P,les recettes avec les cahiers que j' aime beaucoup ne sont probablement pas fixées <eos>,13,fixées,fixés,11,M,fixées,-9.334494,fixés,-10.135149,1
1267,P_NOUN_8_PASS_b,F,P,les recettes avec les cahiers que j' aime beaucoup ne sont probablement pas jetées <eos>,13,jetées,jetés,11,M,jetées,-11.351647,jetés,-12.033942,1
1268,P_NOUN_8_PASS_b,F,P,les recettes avec les cahiers que j' aime beaucoup ne sont probablement pas laissées <eos>,13,laissées,laissés,11,M,laissées,-8.1418495,laissés,-10.797279,1
1269,P_NOUN_8_PASS_b,F,P,les recettes avec les cahiers que j' aime beaucoup ne sont probablement pas ouvertes <eos>,13,ouvertes,ouverts,11,M,ouvertes,-8.232447,ouverts,-9.042306,1
1270,P_NOUN_8_PASS_b,F,P,les recettes avec les cahiers que j' aime beaucoup ne sont probablement pas perdues <eos>,13,perdues,perdus,11,M,perdues,-7.1298084,perdus,-7.7739534,1
1271,P_NOUN_8_PASS_b,F,P,les recettes avec les cahiers que j' aime beaucoup ne sont probablement pas réparées <eos>,13,réparées,réparés,11,M,réparées,-10.714384,réparés,-12.539093,1
1272,P_NOUN_8_PASS_b,F,P,les recettes avec les cahiers que j' aime beaucoup ne sont probablement pas retirées <eos>,13,retirées,retirés,11,M,retirées,-9.094229,retirés,-10.57106,1
1273,P_NOUN_8_PASS_b,F,P,les recettes avec les cahiers que j' aime beaucoup ne sont probablement pas tombées <eos>,13,tombées,tombés,11,M,tombées,-8.379795,tombés,-8.955919,1
1274,P_NOUN_8_PASS_b,F,P,les recettes avec les cahiers que j' aime beaucoup ne sont probablement pas utilisées <eos>,13,utilisées,utilisés,11,M,utilisées,-6.692974,utilisés,-7.7818356,1
1275,P_NOUN_8_PASS_b,F,P,les recettes avec les micros que j' aime beaucoup ne sont probablement pas achetées <eos>,13,achetées,achetés,11,M,achetées,-10.329225,achetés,-9.638816,0
1276,P_NOUN_8_PASS_b,F,P,les recettes avec les micros que j' aime beaucoup ne sont probablement pas brisées <eos>,13,brisées,brisés,11,M,brisées,-10.0295725,brisés,-13.711588,1
1277,P_NOUN_8_PASS_b,F,P,les recettes avec les micros que j' aime beaucoup ne sont probablement pas cachées <eos>,13,cachées,cachés,11,M,cachées,-9.495426,cachés,-10.008823,1
1278,P_NOUN_8_PASS_b,F,P,les recettes avec les micros que j' aime beaucoup ne sont probablement pas cassées <eos>,13,cassées,cassés,11,M,cassées,-11.084888,cassés,-11.25053,1
1279,P_NOUN_8_PASS_b,F,P,les recettes avec les micros que j' aime beaucoup ne sont probablement pas couvertes <eos>,13,couvertes,couverts,11,M,couvertes,-8.6168375,couverts,-8.93493,1
1280,P_NOUN_8_PASS_b,F,P,les recettes avec les micros que j' aime beaucoup ne sont probablement pas déformées <eos>,13,déformées,déformés,11,M,déformées,-9.665862,déformés,-14.192502,1
1281,P_NOUN_8_PASS_b,F,P,les recettes avec les micros que j' aime beaucoup ne sont probablement pas fixées <eos>,13,fixées,fixés,11,M,fixées,-8.757637,fixés,-8.537891,0
1282,P_NOUN_8_PASS_b,F,P,les recettes avec les micros que j' aime beaucoup ne sont probablement pas jetées <eos>,13,jetées,jetés,11,M,jetées,-10.613189,jetés,-11.428683,1
1283,P_NOUN_8_PASS_b,F,P,les recettes avec les micros que j' aime beaucoup ne sont probablement pas laissées <eos>,13,laissées,laissés,11,M,laissées,-7.622228,laissés,-11.074642,1
1284,P_NOUN_8_PASS_b,F,P,les recettes avec les micros que j' aime beaucoup ne sont probablement pas ouvertes <eos>,13,ouvertes,ouverts,11,M,ouvertes,-8.822878,ouverts,-9.251565,1
1285,P_NOUN_8_PASS_b,F,P,les recettes avec les micros que j' aime beaucoup ne sont probablement pas perdues <eos>,13,perdues,perdus,11,M,perdues,-8.062474,perdus,-8.321403,1
1286,P_NOUN_8_PASS_b,F,P,les recettes avec les micros que j' aime beaucoup ne sont probablement pas réparées <eos>,13,réparées,réparés,11,M,réparées,-10.349971,réparés,-12.108294,1
1287,P_NOUN_8_PASS_b,F,P,les recettes avec les micros que j' aime beaucoup ne sont probablement pas retirées <eos>,13,retirées,retirés,11,M,retirées,-9.033485,retirés,-10.266729,1
1288,P_NOUN_8_PASS_b,F,P,les recettes avec les micros que j' aime beaucoup ne sont probablement pas tombées <eos>,13,tombées,tombés,11,M,tombées,-8.868195,tombés,-9.267119,1
1289,P_NOUN_8_PASS_b,F,P,les recettes avec les micros que j' aime beaucoup ne sont probablement pas utilisées <eos>,13,utilisées,utilisés,11,M,utilisées,-5.894714,utilisés,-6.7068553,1
1290,P_NOUN_8_PASS_b,F,P,les recettes avec les sacs que j' aime beaucoup ne sont probablement pas achetées <eos>,13,achetées,achetés,11,M,achetées,-9.89064,achetés,-8.473151,0
1291,P_NOUN_8_PASS_b,F,P,les recettes avec les sacs que j' aime beaucoup ne sont probablement pas brisées <eos>,13,brisées,brisés,11,M,brisées,-10.192192,brisés,-13.177869,1
1292,P_NOUN_8_PASS_b,F,P,les recettes avec les sacs que j' aime beaucoup ne sont probablement pas cachées <eos>,13,cachées,cachés,11,M,cachées,-9.54129,cachés,-9.285912,0
1293,P_NOUN_8_PASS_b,F,P,les recettes avec les sacs que j' aime beaucoup ne sont probablement pas cassées <eos>,13,cassées,cassés,11,M,cassées,-10.733823,cassés,-10.206548,0
1294,P_NOUN_8_PASS_b,F,P,les recettes avec les sacs que j' aime beaucoup ne sont probablement pas couvertes <eos>,13,couvertes,couverts,11,M,couvertes,-8.470646,couverts,-8.225407,0
1295,P_NOUN_8_PASS_b,F,P,les recettes avec les sacs que j' aime beaucoup ne sont probablement pas déformées <eos>,13,déformées,déformés,11,M,déformées,-10.531719,déformés,-14.327727,1
1296,P_NOUN_8_PASS_b,F,P,les recettes avec les sacs que j' aime beaucoup ne sont probablement pas fixées <eos>,13,fixées,fixés,11,M,fixées,-8.971832,fixés,-8.335425,0
1297,P_NOUN_8_PASS_b,F,P,les recettes avec les sacs que j' aime beaucoup ne sont probablement pas jetées <eos>,13,jetées,jetés,11,M,jetées,-9.881238,jetés,-10.032327,1
1298,P_NOUN_8_PASS_b,F,P,les recettes avec les sacs que j' aime beaucoup ne sont probablement pas laissées <eos>,13,laissées,laissés,11,M,laissées,-8.082699,laissés,-10.13651,1
1299,P_NOUN_8_PASS_b,F,P,les recettes avec les sacs que j' aime beaucoup ne sont probablement pas ouvertes <eos>,13,ouvertes,ouverts,11,M,ouvertes,-9.107083,ouverts,-9.313599,1
1300,P_NOUN_8_PASS_b,F,P,les recettes avec les sacs que j' aime beaucoup ne sont probablement pas perdues <eos>,13,perdues,perdus,11,M,perdues,-7.8187475,perdus,-7.730917,0
1301,P_NOUN_8_PASS_b,F,P,les recettes avec les sacs que j' aime beaucoup ne sont probablement pas réparées <eos>,13,réparées,réparés,11,M,réparées,-10.081014,réparés,-11.30457,1
1302,P_NOUN_8_PASS_b,F,P,les recettes avec les sacs que j' aime beaucoup ne sont probablement pas retirées <eos>,13,retirées,retirés,11,M,retirées,-8.833526,retirés,-9.23944,1
1303,P_NOUN_8_PASS_b,F,P,les recettes avec les sacs que j' aime beaucoup ne sont probablement pas tombées <eos>,13,tombées,tombés,11,M,tombées,-8.412316,tombés,-8.349916,0
1304,P_NOUN_8_PASS_b,F,P,les recettes avec les sacs que j' aime beaucoup ne sont probablement pas utilisées <eos>,13,utilisées,utilisés,11,M,utilisées,-6.0266943,utilisés,-6.3923864,1
1305,P_NOUN_8_PASS_b,F,P,les recettes avec les claviers que j' aime beaucoup ne sont probablement pas achetées <eos>,13,achetées,achetés,11,M,achetées,-10.044947,achetés,-9.823355,0
1306,P_NOUN_8_PASS_b,F,P,les recettes avec les claviers que j' aime beaucoup ne sont probablement pas brisées <eos>,13,brisées,brisés,11,M,brisées,-9.766211,brisés,-13.65975,1
1307,P_NOUN_8_PASS_b,F,P,les recettes avec les claviers que j' aime beaucoup ne sont probablement pas cachées <eos>,13,cachées,cachés,11,M,cachées,-9.13146,cachés,-10.191849,1
1308,P_NOUN_8_PASS_b,F,P,les recettes avec les claviers que j' aime beaucoup ne sont probablement pas cassées <eos>,13,cassées,cassés,11,M,cassées,-11.084397,cassés,-11.588939,1
1309,P_NOUN_8_PASS_b,F,P,les recettes avec les claviers que j' aime beaucoup ne sont probablement pas couvertes <eos>,13,couvertes,couverts,11,M,couvertes,-8.556595,couverts,-9.33633,1
1310,P_NOUN_8_PASS_b,F,P,les recettes avec les claviers que j' aime beaucoup ne sont probablement pas déformées <eos>,13,déformées,déformés,11,M,déformées,-9.353468,déformés,-14.572682,1
1311,P_NOUN_8_PASS_b,F,P,les recettes avec les claviers que j' aime beaucoup ne sont probablement pas fixées <eos>,13,fixées,fixés,11,M,fixées,-8.59969,fixés,-8.908066,1
1312,P_NOUN_8_PASS_b,F,P,les recettes avec les claviers que j' aime beaucoup ne sont probablement pas jetées <eos>,13,jetées,jetés,11,M,jetées,-10.588909,jetés,-11.551821,1
1313,P_NOUN_8_PASS_b,F,P,les recettes avec les claviers que j' aime beaucoup ne sont probablement pas laissées <eos>,13,laissées,laissés,11,M,laissées,-7.9004774,laissés,-11.070958,1
1314,P_NOUN_8_PASS_b,F,P,les recettes avec les claviers que j' aime beaucoup ne sont probablement pas ouvertes <eos>,13,ouvertes,ouverts,11,M,ouvertes,-8.242432,ouverts,-9.312983,1
1315,P_NOUN_8_PASS_b,F,P,les recettes avec les claviers que j' aime beaucoup ne sont probablement pas perdues <eos>,13,perdues,perdus,11,M,perdues,-7.4935517,perdus,-8.475386,1
1316,P_NOUN_8_PASS_b,F,P,les recettes avec les claviers que j' aime beaucoup ne sont probablement pas réparées <eos>,13,réparées,réparés,11,M,réparées,-10.238557,réparés,-12.368877,1
1317,P_NOUN_8_PASS_b,F,P,les recettes avec les claviers que j' aime beaucoup ne sont probablement pas retirées <eos>,13,retirées,retirés,11,M,retirées,-8.72267,retirés,-10.394588,1
1318,P_NOUN_8_PASS_b,F,P,les recettes avec les claviers que j' aime beaucoup ne sont probablement pas tombées <eos>,13,tombées,tombés,11,M,tombées,-8.630427,tombés,-9.581326,1
1319,P_NOUN_8_PASS_b,F,P,les recettes avec les claviers que j' aime beaucoup ne sont probablement pas utilisées <eos>,13,utilisées,utilisés,11,M,utilisées,-5.738192,utilisés,-6.972423,1
1320,P_NOUN_8_PASS_b,F,P,les recettes avec les raisins que j' aime beaucoup ne sont probablement pas achetées <eos>,13,achetées,achetés,11,M,achetées,-9.164709,achetés,-8.336018,0
1321,P_NOUN_8_PASS_b,F,P,les recettes avec les raisins que j' aime beaucoup ne sont probablement pas brisées <eos>,13,brisées,brisés,11,M,brisées,-10.234394,brisés,-13.913584,1
1322,P_NOUN_8_PASS_b,F,P,les recettes avec les raisins que j' aime beaucoup ne sont probablement pas cachées <eos>,13,cachées,cachés,11,M,cachées,-9.668998,cachés,-9.953855,1
1323,P_NOUN_8_PASS_b,F,P,les recettes avec les raisins que j' aime beaucoup ne sont probablement pas cassées <eos>,13,cassées,cassés,11,M,cassées,-10.943045,cassés,-9.775339,0
1324,P_NOUN_8_PASS_b,F,P,les recettes avec les raisins que j' aime beaucoup ne sont probablement pas couvertes <eos>,13,couvertes,couverts,11,M,couvertes,-8.310068,couverts,-8.130241,0
1325,P_NOUN_8_PASS_b,F,P,les recettes avec les raisins que j' aime beaucoup ne sont probablement pas déformées <eos>,13,déformées,déformés,11,M,déformées,-10.457959,déformés,-15.13121,1
1326,P_NOUN_8_PASS_b,F,P,les recettes avec les raisins que j' aime beaucoup ne sont probablement pas fixées <eos>,13,fixées,fixés,11,M,fixées,-8.684101,fixés,-8.649029,0
1327,P_NOUN_8_PASS_b,F,P,les recettes avec les raisins que j' aime beaucoup ne sont probablement pas jetées <eos>,13,jetées,jetés,11,M,jetées,-10.862326,jetés,-11.528603,1
1328,P_NOUN_8_PASS_b,F,P,les recettes avec les raisins que j' aime beaucoup ne sont probablement pas laissées <eos>,13,laissées,laissés,11,M,laissées,-7.3222,laissés,-10.126898,1
1329,P_NOUN_8_PASS_b,F,P,les recettes avec les raisins que j' aime beaucoup ne sont probablement pas ouvertes <eos>,13,ouvertes,ouverts,11,M,ouvertes,-9.105982,ouverts,-10.142316,1
1330,P_NOUN_8_PASS_b,F,P,les recettes avec les raisins que j' aime beaucoup ne sont probablement pas perdues <eos>,13,perdues,perdus,11,M,perdues,-7.774658,perdus,-8.282554,1
1331,P_NOUN_8_PASS_b,F,P,les recettes avec les raisins que j' aime beaucoup ne sont probablement pas réparées <eos>,13,réparées,réparés,11,M,réparées,-10.058217,réparés,-11.825958,1
1332,P_NOUN_8_PASS_b,F,P,les recettes avec les raisins que j' aime beaucoup ne sont probablement pas retirées <eos>,13,retirées,retirés,11,M,retirées,-8.5341625,retirés,-9.538504,1
1333,P_NOUN_8_PASS_b,F,P,les recettes avec les raisins que j' aime beaucoup ne sont probablement pas tombées <eos>,13,tombées,tombés,11,M,tombées,-7.619769,tombés,-8.371698,1
1334,P_NOUN_8_PASS_b,F,P,les recettes avec les raisins que j' aime beaucoup ne sont probablement pas utilisées <eos>,13,utilisées,utilisés,11,M,utilisées,-5.699993,utilisés,-6.685096,1
1335,P_NOUN_8_PASS_b,F,P,les recettes avec les chargeurs que j' aime beaucoup ne sont probablement pas achetées <eos>,13,achetées,achetés,11,M,achetées,-9.547178,achetés,-8.897989,0
1336,P_NOUN_8_PASS_b,F,P,les recettes avec les chargeurs que j' aime beaucoup ne sont probablement pas brisées <eos>,13,brisées,brisés,11,M,brisées,-10.050408,brisés,-13.747988,1
1337,P_NOUN_8_PASS_b,F,P,les recettes avec les chargeurs que j' aime beaucoup ne sont probablement pas cachées <eos>,13,cachées,cachés,11,M,cachées,-9.473604,cachés,-8.948706,0
1338,P_NOUN_8_PASS_b,F,P,les recettes avec les chargeurs que j' aime beaucoup ne sont probablement pas cassées <eos>,13,cassées,cassés,11,M,cassées,-11.12127,cassés,-10.570724,0
1339,P_NOUN_8_PASS_b,F,P,les recettes avec les chargeurs que j' aime beaucoup ne sont probablement pas couvertes <eos>,13,couvertes,couverts,11,M,couvertes,-8.244392,couverts,-8.737419,1
1340,P_NOUN_8_PASS_b,F,P,les recettes avec les chargeurs que j' aime beaucoup ne sont probablement pas déformées <eos>,13,déformées,déformés,11,M,déformées,-10.488554,déformés,-14.844456,1
1341,P_NOUN_8_PASS_b,F,P,les recettes avec les chargeurs que j' aime beaucoup ne sont probablement pas fixées <eos>,13,fixées,fixés,11,M,fixées,-8.491235,fixés,-8.571259,1
1342,P_NOUN_8_PASS_b,F,P,les recettes avec les chargeurs que j' aime beaucoup ne sont probablement pas jetées <eos>,13,jetées,jetés,11,M,jetées,-10.194001,jetés,-10.6969795,1
1343,P_NOUN_8_PASS_b,F,P,les recettes avec les chargeurs que j' aime beaucoup ne sont probablement pas laissées <eos>,13,laissées,laissés,11,M,laissées,-8.035786,laissés,-10.577892,1
1344,P_NOUN_8_PASS_b,F,P,les recettes avec les chargeurs que j' aime beaucoup ne sont probablement pas ouvertes <eos>,13,ouvertes,ouverts,11,M,ouvertes,-8.948473,ouverts,-9.780668,1
1345,P_NOUN_8_PASS_b,F,P,les recettes avec les chargeurs que j' aime beaucoup ne sont probablement pas perdues <eos>,13,perdues,perdus,11,M,perdues,-7.4825726,perdus,-8.049496,1
1346,P_NOUN_8_PASS_b,F,P,les recettes avec les chargeurs que j' aime beaucoup ne sont probablement pas réparées <eos>,13,réparées,réparés,11,M,réparées,-9.803907,réparés,-11.044279,1
1347,P_NOUN_8_PASS_b,F,P,les recettes avec les chargeurs que j' aime beaucoup ne sont probablement pas retirées <eos>,13,retirées,retirés,11,M,retirées,-8.422682,retirés,-8.708204,1
1348,P_NOUN_8_PASS_b,F,P,les recettes avec les chargeurs que j' aime beaucoup ne sont probablement pas tombées <eos>,13,tombées,tombés,11,M,tombées,-8.553682,tombés,-8.458983,0
1349,P_NOUN_8_PASS_b,F,P,les recettes avec les chargeurs que j' aime beaucoup ne sont probablement pas utilisées <eos>,13,utilisées,utilisés,11,M,utilisées,-5.399092,utilisés,-6.2342534,1
1350,P_NOUN_8_PASS_b,F,P,les recettes avec les vases que j' aime beaucoup ne sont probablement pas achetées <eos>,13,achetées,achetés,11,M,achetées,-9.971185,achetés,-9.108568,0
1351,P_NOUN_8_PASS_b,F,P,les recettes avec les vases que j' aime beaucoup ne sont probablement pas brisées <eos>,13,brisées,brisés,11,M,brisées,-9.571232,brisés,-12.99574,1
1352,P_NOUN_8_PASS_b,F,P,les recettes avec les vases que j' aime beaucoup ne sont probablement pas cachées <eos>,13,cachées,cachés,11,M,cachées,-9.053,cachés,-9.757621,1
1353,P_NOUN_8_PASS_b,F,P,les recettes avec les vases que j' aime beaucoup ne sont probablement pas cassées <eos>,13,cassées,cassés,11,M,cassées,-9.891458,cassés,-9.89087,0
1354,P_NOUN_8_PASS_b,F,P,les recettes avec les vases que j' aime beaucoup ne sont probablement pas couvertes <eos>,13,couvertes,couverts,11,M,couvertes,-8.510206,couverts,-8.590041,1
1355,P_NOUN_8_PASS_b,F,P,les recettes avec les vases que j' aime beaucoup ne sont probablement pas déformées <eos>,13,déformées,déformés,11,M,déformées,-9.301559,déformés,-13.86905,1
1356,P_NOUN_8_PASS_b,F,P,les recettes avec les vases que j' aime beaucoup ne sont probablement pas fixées <eos>,13,fixées,fixés,11,M,fixées,-8.289599,fixés,-8.882662,1
1357,P_NOUN_8_PASS_b,F,P,les recettes avec les vases que j' aime beaucoup ne sont probablement pas jetées <eos>,13,jetées,jetés,11,M,jetées,-9.5898695,jetés,-10.1292,1
1358,P_NOUN_8_PASS_b,F,P,les recettes avec les vases que j' aime beaucoup ne sont probablement pas laissées <eos>,13,laissées,laissés,11,M,laissées,-7.6006603,laissés,-10.139591,1
1359,P_NOUN_8_PASS_b,F,P,les recettes avec les vases que j' aime beaucoup ne sont probablement pas ouvertes <eos>,13,ouvertes,ouverts,11,M,ouvertes,-9.120495,ouverts,-9.814369,1
1360,P_NOUN_8_PASS_b,F,P,les recettes avec les vases que j' aime beaucoup ne sont probablement pas perdues <eos>,13,perdues,perdus,11,M,perdues,-7.469947,perdus,-7.945937,1
1361,P_NOUN_8_PASS_b,F,P,les recettes avec les vases que j' aime beaucoup ne sont probablement pas réparées <eos>,13,réparées,réparés,11,M,réparées,-9.961441,réparés,-11.954772,1
1362,P_NOUN_8_PASS_b,F,P,les recettes avec les vases que j' aime beaucoup ne sont probablement pas retirées <eos>,13,retirées,retirés,11,M,retirées,-8.659893,retirés,-9.412312,1
1363,P_NOUN_8_PASS_b,F,P,les recettes avec les vases que j' aime beaucoup ne sont probablement pas tombées <eos>,13,tombées,tombés,11,M,tombées,-7.7884126,tombés,-8.179661,1
1364,P_NOUN_8_PASS_b,F,P,les recettes avec les vases que j' aime beaucoup ne sont probablement pas utilisées <eos>,13,utilisées,utilisés,11,M,utilisées,-5.832333,utilisés,-6.6509986,1
1365,P_NOUN_8_PASS_b,F,P,les recettes avec les paniers que j' aime beaucoup ne sont probablement pas achetées <eos>,13,achetées,achetés,11,M,achetées,-9.858668,achetés,-8.806883,0
1366,P_NOUN_8_PASS_b,F,P,les recettes avec les paniers que j' aime beaucoup ne sont probablement pas brisées <eos>,13,brisées,brisés,11,M,brisées,-9.900883,brisés,-13.315981,1
1367,P_NOUN_8_PASS_b,F,P,les recettes avec les paniers que j' aime beaucoup ne sont probablement pas cachées <eos>,13,cachées,cachés,11,M,cachées,-9.476142,cachés,-9.652687,1
1368,P_NOUN_8_PASS_b,F,P,les recettes avec les paniers que j' aime beaucoup ne sont probablement pas cassées <eos>,13,cassées,cassés,11,M,cassées,-10.297995,cassés,-10.346355,1
1369,P_NOUN_8_PASS_b,F,P,les recettes avec les paniers que j' aime beaucoup ne sont probablement pas couvertes <eos>,13,couvertes,couverts,11,M,couvertes,-8.491381,couverts,-8.63081,1
1370,P_NOUN_8_PASS_b,F,P,les recettes avec les paniers que j' aime beaucoup ne sont probablement pas déformées <eos>,13,déformées,déformés,11,M,déformées,-9.985655,déformés,-14.282988,1
1371,P_NOUN_8_PASS_b,F,P,les recettes avec les paniers que j' aime beaucoup ne sont probablement pas fixées <eos>,13,fixées,fixés,11,M,fixées,-8.47434,fixés,-8.392735,0
1372,P_NOUN_8_PASS_b,F,P,les recettes avec les paniers que j' aime beaucoup ne sont probablement pas jetées <eos>,13,jetées,jetés,11,M,jetées,-9.770353,jetés,-10.566677,1
1373,P_NOUN_8_PASS_b,F,P,les recettes avec les paniers que j' aime beaucoup ne sont probablement pas laissées <eos>,13,laissées,laissés,11,M,laissées,-8.00469,laissés,-10.602398,1
1374,P_NOUN_8_PASS_b,F,P,les recettes avec les paniers que j' aime beaucoup ne sont probablement pas ouvertes <eos>,13,ouvertes,ouverts,11,M,ouvertes,-9.087345,ouverts,-9.615433,1
1375,P_NOUN_8_PASS_b,F,P,les recettes avec les paniers que j' aime beaucoup ne sont probablement pas perdues <eos>,13,perdues,perdus,11,M,perdues,-7.7734594,perdus,-8.027185,1
1376,P_NOUN_8_PASS_b,F,P,les recettes avec les paniers que j' aime beaucoup ne sont probablement pas réparées <eos>,13,réparées,réparés,11,M,réparées,-10.145427,réparés,-11.88306,1
1377,P_NOUN_8_PASS_b,F,P,les recettes avec les paniers que j' aime beaucoup ne sont probablement pas retirées <eos>,13,retirées,retirés,11,M,retirées,-8.675516,retirés,-9.462816,1
1378,P_NOUN_8_PASS_b,F,P,les recettes avec les paniers que j' aime beaucoup ne sont probablement pas tombées <eos>,13,tombées,tombés,11,M,tombées,-8.233151,tombés,-8.52421,1
1379,P_NOUN_8_PASS_b,F,P,les recettes avec les paniers que j' aime beaucoup ne sont probablement pas utilisées <eos>,13,utilisées,utilisés,11,M,utilisées,-5.6570406,utilisés,-6.3718424,1
1380,P_NOUN_8_PASS_b,F,P,les recettes avec les colliers que j' aime beaucoup ne sont probablement pas achetées <eos>,13,achetées,achetés,11,M,achetées,-9.865841,achetés,-9.162742,0
1381,P_NOUN_8_PASS_b,F,P,les recettes avec les colliers que j' aime beaucoup ne sont probablement pas brisées <eos>,13,brisées,brisés,11,M,brisées,-9.557926,brisés,-13.07003,1
1382,P_NOUN_8_PASS_b,F,P,les recettes avec les colliers que j' aime beaucoup ne sont probablement pas cachées <eos>,13,cachées,cachés,11,M,cachées,-9.451713,cachés,-9.782342,1
1383,P_NOUN_8_PASS_b,F,P,les recettes avec les colliers que j' aime beaucoup ne sont probablement pas cassées <eos>,13,cassées,cassés,11,M,cassées,-10.013024,cassés,-9.821607,0
1384,P_NOUN_8_PASS_b,F,P,les recettes avec les colliers que j' aime beaucoup ne sont probablement pas couvertes <eos>,13,couvertes,couverts,11,M,couvertes,-8.506038,couverts,-8.954151,1
1385,P_NOUN_8_PASS_b,F,P,les recettes avec les colliers que j' aime beaucoup ne sont probablement pas déformées <eos>,13,déformées,déformés,11,M,déformées,-9.268299,déformés,-14.076889,1
1386,P_NOUN_8_PASS_b,F,P,les recettes avec les colliers que j' aime beaucoup ne sont probablement pas fixées <eos>,13,fixées,fixés,11,M,fixées,-8.102651,fixés,-8.796782,1
1387,P_NOUN_8_PASS_b,F,P,les recettes avec les colliers que j' aime beaucoup ne sont probablement pas jetées <eos>,13,jetées,jetés,11,M,jetées,-9.636669,jetés,-10.23278,1
1388,P_NOUN_8_PASS_b,F,P,les recettes avec les colliers que j' aime beaucoup ne sont probablement pas laissées <eos>,13,laissées,laissés,11,M,laissées,-7.8124247,laissés,-10.608342,1
1389,P_NOUN_8_PASS_b,F,P,les recettes avec les colliers que j' aime beaucoup ne sont probablement pas ouvertes <eos>,13,ouvertes,ouverts,11,M,ouvertes,-9.274126,ouverts,-10.130264,1
1390,P_NOUN_8_PASS_b,F,P,les recettes avec les colliers que j' aime beaucoup ne sont probablement pas perdues <eos>,13,perdues,perdus,11,M,perdues,-7.4402876,perdus,-8.114687,1
1391,P_NOUN_8_PASS_b,F,P,les recettes avec les colliers que j' aime beaucoup ne sont probablement pas réparées <eos>,13,réparées,réparés,11,M,réparées,-9.878212,réparés,-12.063074,1
1392,P_NOUN_8_PASS_b,F,P,les recettes avec les colliers que j' aime beaucoup ne sont probablement pas retirées <eos>,13,retirées,retirés,11,M,retirées,-8.371763,retirés,-9.219842,1
1393,P_NOUN_8_PASS_b,F,P,les recettes avec les colliers que j' aime beaucoup ne sont probablement pas tombées <eos>,13,tombées,tombés,11,M,tombées,-7.7873907,tombés,-8.374571,1
1394,P_NOUN_8_PASS_b,F,P,les recettes avec les colliers que j' aime beaucoup ne sont probablement pas utilisées <eos>,13,utilisées,utilisés,11,M,utilisées,-5.4214964,utilisés,-6.4569235,1
1395,P_NOUN_8_PASS_b,F,P,les recettes avec les chapeaux que j' aime beaucoup ne sont probablement pas achetées <eos>,13,achetées,achetés,11,M,achetées,-9.536625,achetés,-9.132248,0
1396,P_NOUN_8_PASS_b,F,P,les recettes avec les chapeaux que j' aime beaucoup ne sont probablement pas brisées <eos>,13,brisées,brisés,11,M,brisées,-10.097268,brisés,-13.8837805,1
1397,P_NOUN_8_PASS_b,F,P,les recettes avec les chapeaux que j' aime beaucoup ne sont probablement pas cachées <eos>,13,cachées,cachés,11,M,cachées,-8.99065,cachés,-9.703161,1
1398,P_NOUN_8_PASS_b,F,P,les recettes avec les chapeaux que j' aime beaucoup ne sont probablement pas cassées <eos>,13,cassées,cassés,11,M,cassées,-10.41523,cassés,-10.77976,1
1399,P_NOUN_8_PASS_b,F,P,les recettes avec les chapeaux que j' aime beaucoup ne sont probablement pas couvertes <eos>,13,couvertes,couverts,11,M,couvertes,-8.630062,couverts,-9.096611,1
1400,P_NOUN_8_PASS_b,F,P,les recettes avec les chapeaux que j' aime beaucoup ne sont probablement pas déformées <eos>,13,déformées,déformés,11,M,déformées,-10.263208,déformés,-14.612648,1
1401,P_NOUN_8_PASS_b,F,P,les recettes avec les chapeaux que j' aime beaucoup ne sont probablement pas fixées <eos>,13,fixées,fixés,11,M,fixées,-8.759547,fixés,-9.194473,1
1402,P_NOUN_8_PASS_b,F,P,les recettes avec les chapeaux que j' aime beaucoup ne sont probablement pas jetées <eos>,13,jetées,jetés,11,M,jetées,-10.016541,jetés,-10.989325,1
1403,P_NOUN_8_PASS_b,F,P,les recettes avec les chapeaux que j' aime beaucoup ne sont probablement pas laissées <eos>,13,laissées,laissés,11,M,laissées,-7.990263,laissés,-10.810979,1
1404,P_NOUN_8_PASS_b,F,P,les recettes avec les chapeaux que j' aime beaucoup ne sont probablement pas ouvertes <eos>,13,ouvertes,ouverts,11,M,ouvertes,-9.063205,ouverts,-9.837347,1
1405,P_NOUN_8_PASS_b,F,P,les recettes avec les chapeaux que j' aime beaucoup ne sont probablement pas perdues <eos>,13,perdues,perdus,11,M,perdues,-7.6772833,perdus,-8.461607,1
1406,P_NOUN_8_PASS_b,F,P,les recettes avec les chapeaux que j' aime beaucoup ne sont probablement pas réparées <eos>,13,réparées,réparés,11,M,réparées,-10.18065,réparés,-12.226334,1
1407,P_NOUN_8_PASS_b,F,P,les recettes avec les chapeaux que j' aime beaucoup ne sont probablement pas retirées <eos>,13,retirées,retirés,11,M,retirées,-8.751409,retirés,-9.757442,1
1408,P_NOUN_8_PASS_b,F,P,les recettes avec les chapeaux que j' aime beaucoup ne sont probablement pas tombées <eos>,13,tombées,tombés,11,M,tombées,-8.09995,tombés,-7.9524765,0
1409,P_NOUN_8_PASS_b,F,P,les recettes avec les chapeaux que j' aime beaucoup ne sont probablement pas utilisées <eos>,13,utilisées,utilisés,11,M,utilisées,-5.907359,utilisés,-6.9903755,1
1410,P_NOUN_8_PASS_b,F,P,les recettes avec les pots que j' aime beaucoup ne sont probablement pas achetées <eos>,13,achetées,achetés,11,M,achetées,-9.655204,achetés,-8.480894,0
1411,P_NOUN_8_PASS_b,F,P,les recettes avec les pots que j' aime beaucoup ne sont probablement pas brisées <eos>,13,brisées,brisés,11,M,brisées,-9.542568,brisés,-12.840753,1
1412,P_NOUN_8_PASS_b,F,P,les recettes avec les pots que j' aime beaucoup ne sont probablement pas cachées <eos>,13,cachées,cachés,11,M,cachées,-9.718261,cachés,-9.694008,0
1413,P_NOUN_8_PASS_b,F,P,les recettes avec les pots que j' aime beaucoup ne sont probablement pas cassées <eos>,13,cassées,cassés,11,M,cassées,-10.112284,cassés,-9.847348,0
1414,P_NOUN_8_PASS_b,F,P,les recettes avec les pots que j' aime beaucoup ne sont probablement pas couvertes <eos>,13,couvertes,couverts,11,M,couvertes,-8.183547,couverts,-7.9785013,0
1415,P_NOUN_8_PASS_b,F,P,les recettes avec les pots que j' aime beaucoup ne sont probablement pas déformées <eos>,13,déformées,déformés,11,M,déformées,-9.758246,déformés,-14.191367,1
1416,P_NOUN_8_PASS_b,F,P,les recettes avec les pots que j' aime beaucoup ne sont probablement pas fixées <eos>,13,fixées,fixés,11,M,fixées,-8.57382,fixés,-8.4001255,0
1417,P_NOUN_8_PASS_b,F,P,les recettes avec les pots que j' aime beaucoup ne sont probablement pas jetées <eos>,13,jetées,jetés,11,M,jetées,-9.922249,jetés,-10.336307,1
1418,P_NOUN_8_PASS_b,F,P,les recettes avec les pots que j' aime beaucoup ne sont probablement pas laissées <eos>,13,laissées,laissés,11,M,laissées,-7.3715744,laissés,-10.389403,1
1419,P_NOUN_8_PASS_b,F,P,les recettes avec les pots que j' aime beaucoup ne sont probablement pas ouvertes <eos>,13,ouvertes,ouverts,11,M,ouvertes,-9.000566,ouverts,-9.388953,1
1420,P_NOUN_8_PASS_b,F,P,les recettes avec les pots que j' aime beaucoup ne sont probablement pas perdues <eos>,13,perdues,perdus,11,M,perdues,-7.596924,perdus,-7.5533037,0
1421,P_NOUN_8_PASS_b,F,P,les recettes avec les pots que j' aime beaucoup ne sont probablement pas réparées <eos>,13,réparées,réparés,11,M,réparées,-9.773337,réparés,-11.362606,1
1422,P_NOUN_8_PASS_b,F,P,les recettes avec les pots que j' aime beaucoup ne sont probablement pas retirées <eos>,13,retirées,retirés,11,M,retirées,-8.377568,retirés,-9.091719,1
1423,P_NOUN_8_PASS_b,F,P,les recettes avec les pots que j' aime beaucoup ne sont probablement pas tombées <eos>,13,tombées,tombés,11,M,tombées,-8.017647,tombés,-8.186006,1
1424,P_NOUN_8_PASS_b,F,P,les recettes avec les pots que j' aime beaucoup ne sont probablement pas utilisées <eos>,13,utilisées,utilisés,11,M,utilisées,-5.5774155,utilisés,-6.147559,1
1425,P_NOUN_8_PASS_b,F,P,les recettes avec les coussins que j' aime beaucoup ne sont probablement pas achetées <eos>,13,achetées,achetés,11,M,achetées,-9.520222,achetés,-9.157075,0
1426,P_NOUN_8_PASS_b,F,P,les recettes avec les coussins que j' aime beaucoup ne sont probablement pas brisées <eos>,13,brisées,brisés,11,M,brisées,-9.360311,brisés,-13.171115,1
1427,P_NOUN_8_PASS_b,F,P,les recettes avec les coussins que j' aime beaucoup ne sont probablement pas cachées <eos>,13,cachées,cachés,11,M,cachées,-9.309391,cachés,-10.011861,1
1428,P_NOUN_8_PASS_b,F,P,les recettes avec les coussins que j' aime beaucoup ne sont probablement pas cassées <eos>,13,cassées,cassés,11,M,cassées,-9.800061,cassés,-10.733436,1
1429,P_NOUN_8_PASS_b,F,P,les recettes avec les coussins que j' aime beaucoup ne sont probablement pas couvertes <eos>,13,couvertes,couverts,11,M,couvertes,-7.808831,couverts,-8.909521,1
1430,P_NOUN_8_PASS_b,F,P,les recettes avec les coussins que j' aime beaucoup ne sont probablement pas déformées <eos>,13,déformées,déformés,11,M,déformées,-9.483301,déformés,-14.137472,1
1431,P_NOUN_8_PASS_b,F,P,les recettes avec les coussins que j' aime beaucoup ne sont probablement pas fixées <eos>,13,fixées,fixés,11,M,fixées,-7.9553556,fixés,-8.381738,1
1432,P_NOUN_8_PASS_b,F,P,les recettes avec les coussins que j' aime beaucoup ne sont probablement pas jetées <eos>,13,jetées,jetés,11,M,jetées,-8.814651,jetés,-10.510995,1
1433,P_NOUN_8_PASS_b,F,P,les recettes avec les coussins que j' aime beaucoup ne sont probablement pas laissées <eos>,13,laissées,laissés,11,M,laissées,-7.3447676,laissés,-10.779146,1
1434,P_NOUN_8_PASS_b,F,P,les recettes avec les coussins que j' aime beaucoup ne sont probablement pas ouvertes <eos>,13,ouvertes,ouverts,11,M,ouvertes,-8.332312,ouverts,-9.158638,1
1435,P_NOUN_8_PASS_b,F,P,les recettes avec les coussins que j' aime beaucoup ne sont probablement pas perdues <eos>,13,perdues,perdus,11,M,perdues,-7.568654,perdus,-8.046379,1
1436,P_NOUN_8_PASS_b,F,P,les recettes avec les coussins que j' aime beaucoup ne sont probablement pas réparées <eos>,13,réparées,réparés,11,M,réparées,-9.21982,réparés,-11.419142,1
1437,P_NOUN_8_PASS_b,F,P,les recettes avec les coussins que j' aime beaucoup ne sont probablement pas retirées <eos>,13,retirées,retirés,11,M,retirées,-8.13906,retirés,-9.567221,1
1438,P_NOUN_8_PASS_b,F,P,les recettes avec les coussins que j' aime beaucoup ne sont probablement pas tombées <eos>,13,tombées,tombés,11,M,tombées,-8.245935,tombés,-9.073475,1
1439,P_NOUN_8_PASS_b,F,P,les recettes avec les coussins que j' aime beaucoup ne sont probablement pas utilisées <eos>,13,utilisées,utilisés,11,M,utilisées,-5.4799733,utilisés,-6.71497,1
1440,P_NOUN_8_PASS_b,F,P,les recettes avec les jouets que j' aime beaucoup ne sont probablement pas achetées <eos>,13,achetées,achetés,11,M,achetées,-10.236372,achetés,-9.02899,0
1441,P_NOUN_8_PASS_b,F,P,les recettes avec les jouets que j' aime beaucoup ne sont probablement pas brisées <eos>,13,brisées,brisés,11,M,brisées,-10.39393,brisés,-13.348368,1
1442,P_NOUN_8_PASS_b,F,P,les recettes avec les jouets que j' aime beaucoup ne sont probablement pas cachées <eos>,13,cachées,cachés,11,M,cachées,-9.249516,cachés,-9.146731,0
1443,P_NOUN_8_PASS_b,F,P,les recettes avec les jouets que j' aime beaucoup ne sont probablement pas cassées <eos>,13,cassées,cassés,11,M,cassées,-11.265869,cassés,-10.566161,0
1444,P_NOUN_8_PASS_b,F,P,les recettes avec les jouets que j' aime beaucoup ne sont probablement pas couvertes <eos>,13,couvertes,couverts,11,M,couvertes,-9.342243,couverts,-9.245707,0
1445,P_NOUN_8_PASS_b,F,P,les recettes avec les jouets que j' aime beaucoup ne sont probablement pas déformées <eos>,13,déformées,déformés,11,M,déformées,-10.320069,déformés,-13.848342,1
1446,P_NOUN_8_PASS_b,F,P,les recettes avec les jouets que j' aime beaucoup ne sont probablement pas fixées <eos>,13,fixées,fixés,11,M,fixées,-9.586969,fixés,-8.836647,0
1447,P_NOUN_8_PASS_b,F,P,les recettes avec les jouets que j' aime beaucoup ne sont probablement pas jetées <eos>,13,jetées,jetés,11,M,jetées,-10.650889,jetés,-10.528355,0
1448,P_NOUN_8_PASS_b,F,P,les recettes avec les jouets que j' aime beaucoup ne sont probablement pas laissées <eos>,13,laissées,laissés,11,M,laissées,-8.590578,laissés,-10.28255,1
1449,P_NOUN_8_PASS_b,F,P,les recettes avec les jouets que j' aime beaucoup ne sont probablement pas ouvertes <eos>,13,ouvertes,ouverts,11,M,ouvertes,-9.319138,ouverts,-9.094765,0
1450,P_NOUN_8_PASS_b,F,P,les recettes avec les jouets que j' aime beaucoup ne sont probablement pas perdues <eos>,13,perdues,perdus,11,M,perdues,-8.33415,perdus,-7.863764,0
1451,P_NOUN_8_PASS_b,F,P,les recettes avec les jouets que j' aime beaucoup ne sont probablement pas réparées <eos>,13,réparées,réparés,11,M,réparées,-10.574493,réparés,-11.873741,1
1452,P_NOUN_8_PASS_b,F,P,les recettes avec les jouets que j' aime beaucoup ne sont probablement pas retirées <eos>,13,retirées,retirés,11,M,retirées,-9.336381,retirés,-9.890434,1
1453,P_NOUN_8_PASS_b,F,P,les recettes avec les jouets que j' aime beaucoup ne sont probablement pas tombées <eos>,13,tombées,tombés,11,M,tombées,-8.661016,tombés,-8.216768,0
1454,P_NOUN_8_PASS_b,F,P,les recettes avec les jouets que j' aime beaucoup ne sont probablement pas utilisées <eos>,13,utilisées,utilisés,11,M,utilisées,-6.6948147,utilisés,-6.959938,1
1455,P_NOUN_8_PASS_b,F,P,les recettes avec les clous que j' aime beaucoup ne sont probablement pas achetées <eos>,13,achetées,achetés,11,M,achetées,-9.6159525,achetés,-9.11356,0
1456,P_NOUN_8_PASS_b,F,P,les recettes avec les clous que j' aime beaucoup ne sont probablement pas brisées <eos>,13,brisées,brisés,11,M,brisées,-9.595638,brisés,-13.29876,1
1457,P_NOUN_8_PASS_b,F,P,les recettes avec les clous que j' aime beaucoup ne sont probablement pas cachées <eos>,13,cachées,cachés,11,M,cachées,-9.076487,cachés,-9.501568,1
1458,P_NOUN_8_PASS_b,F,P,les recettes avec les clous que j' aime beaucoup ne sont probablement pas cassées <eos>,13,cassées,cassés,11,M,cassées,-10.1254425,cassés,-10.256685,1
1459,P_NOUN_8_PASS_b,F,P,les recettes avec les clous que j' aime beaucoup ne sont probablement pas couvertes <eos>,13,couvertes,couverts,11,M,couvertes,-8.152677,couverts,-8.861331,1
1460,P_NOUN_8_PASS_b,F,P,les recettes avec les clous que j' aime beaucoup ne sont probablement pas déformées <eos>,13,déformées,déformés,11,M,déformées,-9.878862,déformés,-14.394529,1
1461,P_NOUN_8_PASS_b,F,P,les recettes avec les clous que j' aime beaucoup ne sont probablement pas fixées <eos>,13,fixées,fixés,11,M,fixées,-8.300631,fixés,-8.709682,1
1462,P_NOUN_8_PASS_b,F,P,les recettes avec les clous que j' aime beaucoup ne sont probablement pas jetées <eos>,13,jetées,jetés,11,M,jetées,-9.358721,jetés,-10.13788,1
1463,P_NOUN_8_PASS_b,F,P,les recettes avec les clous que j' aime beaucoup ne sont probablement pas laissées <eos>,13,laissées,laissés,11,M,laissées,-7.6239576,laissés,-10.319634,1
1464,P_NOUN_8_PASS_b,F,P,les recettes avec les clous que j' aime beaucoup ne sont probablement pas ouvertes <eos>,13,ouvertes,ouverts,11,M,ouvertes,-8.988266,ouverts,-10.204501,1
1465,P_NOUN_8_PASS_b,F,P,les recettes avec les clous que j' aime beaucoup ne sont probablement pas perdues <eos>,13,perdues,perdus,11,M,perdues,-7.257056,perdus,-8.247192,1
1466,P_NOUN_8_PASS_b,F,P,les recettes avec les clous que j' aime beaucoup ne sont probablement pas réparées <eos>,13,réparées,réparés,11,M,réparées,-9.336393,réparés,-11.437596,1
1467,P_NOUN_8_PASS_b,F,P,les recettes avec les clous que j' aime beaucoup ne sont probablement pas retirées <eos>,13,retirées,retirés,11,M,retirées,-8.14049,retirés,-9.466074,1
1468,P_NOUN_8_PASS_b,F,P,les recettes avec les clous que j' aime beaucoup ne sont probablement pas tombées <eos>,13,tombées,tombés,11,M,tombées,-7.618126,tombés,-8.450752,1
1469,P_NOUN_8_PASS_b,F,P,les recettes avec les clous que j' aime beaucoup ne sont probablement pas utilisées <eos>,13,utilisées,utilisés,11,M,utilisées,-5.5228558,utilisés,-6.6897173,1
1470,P_NOUN_8_PASS_b,F,P,les recettes avec les billets que j' aime beaucoup ne sont probablement pas achetées <eos>,13,achetées,achetés,11,M,achetées,-9.612511,achetés,-8.795525,0
1471,P_NOUN_8_PASS_b,F,P,les recettes avec les billets que j' aime beaucoup ne sont probablement pas brisées <eos>,13,brisées,brisés,11,M,brisées,-10.218954,brisés,-14.010242,1
1472,P_NOUN_8_PASS_b,F,P,les recettes avec les billets que j' aime beaucoup ne sont probablement pas cachées <eos>,13,cachées,cachés,11,M,cachées,-10.035182,cachés,-9.752553,0
1473,P_NOUN_8_PASS_b,F,P,les recettes avec les billets que j' aime beaucoup ne sont probablement pas cassées <eos>,13,cassées,cassés,11,M,cassées,-11.372078,cassés,-11.182313,0
1474,P_NOUN_8_PASS_b,F,P,les recettes avec les billets que j' aime beaucoup ne sont probablement pas couvertes <eos>,13,couvertes,couverts,11,M,couvertes,-8.9586315,couverts,-8.896629,0
1475,P_NOUN_8_PASS_b,F,P,les recettes avec les billets que j' aime beaucoup ne sont probablement pas déformées <eos>,13,déformées,déformés,11,M,déformées,-10.499584,déformés,-14.737691,1
1476,P_NOUN_8_PASS_b,F,P,les recettes avec les billets que j' aime beaucoup ne sont probablement pas fixées <eos>,13,fixées,fixés,11,M,fixées,-8.658159,fixés,-8.663173,1
1477,P_NOUN_8_PASS_b,F,P,les recettes avec les billets que j' aime beaucoup ne sont probablement pas jetées <eos>,13,jetées,jetés,11,M,jetées,-10.455838,jetés,-10.708411,1
1478,P_NOUN_8_PASS_b,F,P,les recettes avec les billets que j' aime beaucoup ne sont probablement pas laissées <eos>,13,laissées,laissés,11,M,laissées,-8.195291,laissés,-10.932113,1
1479,P_NOUN_8_PASS_b,F,P,les recettes avec les billets que j' aime beaucoup ne sont probablement pas ouvertes <eos>,13,ouvertes,ouverts,11,M,ouvertes,-9.364035,ouverts,-9.419873,1
1480,P_NOUN_8_PASS_b,F,P,les recettes avec les billets que j' aime beaucoup ne sont probablement pas perdues <eos>,13,perdues,perdus,11,M,perdues,-7.652977,perdus,-8.080676,1
1481,P_NOUN_8_PASS_b,F,P,les recettes avec les billets que j' aime beaucoup ne sont probablement pas réparées <eos>,13,réparées,réparés,11,M,réparées,-10.650343,réparés,-12.215443,1
1482,P_NOUN_8_PASS_b,F,P,les recettes avec les billets que j' aime beaucoup ne sont probablement pas retirées <eos>,13,retirées,retirés,11,M,retirées,-8.688047,retirés,-9.42558,1
1483,P_NOUN_8_PASS_b,F,P,les recettes avec les billets que j' aime beaucoup ne sont probablement pas tombées <eos>,13,tombées,tombés,11,M,tombées,-8.621384,tombés,-9.008525,1
1484,P_NOUN_8_PASS_b,F,P,les recettes avec les billets que j' aime beaucoup ne sont probablement pas utilisées <eos>,13,utilisées,utilisés,11,M,utilisées,-6.250167,utilisés,-6.887637,1
1485,P_NOUN_8_PASS_b,F,P,les recettes avec les légumes que j' aime beaucoup ne sont probablement pas achetées <eos>,13,achetées,achetés,11,M,achetées,-9.777475,achetés,-8.88015,0
1486,P_NOUN_8_PASS_b,F,P,les recettes avec les légumes que j' aime beaucoup ne sont probablement pas brisées <eos>,13,brisées,brisés,11,M,brisées,-10.128839,brisés,-13.719179,1
1487,P_NOUN_8_PASS_b,F,P,les recettes avec les légumes que j' aime beaucoup ne sont probablement pas cachées <eos>,13,cachées,cachés,11,M,cachées,-9.824206,cachés,-10.16024,1
1488,P_NOUN_8_PASS_b,F,P,les recettes avec les légumes que j' aime beaucoup ne sont probablement pas cassées <eos>,13,cassées,cassés,11,M,cassées,-11.00301,cassés,-10.17882,0
1489,P_NOUN_8_PASS_b,F,P,les recettes avec les légumes que j' aime beaucoup ne sont probablement pas couvertes <eos>,13,couvertes,couverts,11,M,couvertes,-8.369986,couverts,-8.528446,1
1490,P_NOUN_8_PASS_b,F,P,les recettes avec les légumes que j' aime beaucoup ne sont probablement pas déformées <eos>,13,déformées,déformés,11,M,déformées,-10.419918,déformés,-14.76409,1
1491,P_NOUN_8_PASS_b,F,P,les recettes avec les légumes que j' aime beaucoup ne sont probablement pas fixées <eos>,13,fixées,fixés,11,M,fixées,-8.8104,fixés,-8.983809,1
1492,P_NOUN_8_PASS_b,F,P,les recettes avec les légumes que j' aime beaucoup ne sont probablement pas jetées <eos>,13,jetées,jetés,11,M,jetées,-10.195897,jetés,-11.527552,1
1493,P_NOUN_8_PASS_b,F,P,les recettes avec les légumes que j' aime beaucoup ne sont probablement pas laissées <eos>,13,laissées,laissés,11,M,laissées,-7.540308,laissés,-10.29037,1
1494,P_NOUN_8_PASS_b,F,P,les recettes avec les légumes que j' aime beaucoup ne sont probablement pas ouvertes <eos>,13,ouvertes,ouverts,11,M,ouvertes,-9.107332,ouverts,-9.685032,1
1495,P_NOUN_8_PASS_b,F,P,les recettes avec les légumes que j' aime beaucoup ne sont probablement pas perdues <eos>,13,perdues,perdus,11,M,perdues,-7.583028,perdus,-8.054898,1
1496,P_NOUN_8_PASS_b,F,P,les recettes avec les légumes que j' aime beaucoup ne sont probablement pas réparées <eos>,13,réparées,réparés,11,M,réparées,-10.380193,réparés,-11.908542,1
1497,P_NOUN_8_PASS_b,F,P,les recettes avec les légumes que j' aime beaucoup ne sont probablement pas retirées <eos>,13,retirées,retirés,11,M,retirées,-8.865444,retirés,-9.515066,1
1498,P_NOUN_8_PASS_b,F,P,les recettes avec les légumes que j' aime beaucoup ne sont probablement pas tombées <eos>,13,tombées,tombés,11,M,tombées,-7.732273,tombés,-8.164473,1
1499,P_NOUN_8_PASS_b,F,P,les recettes avec les légumes que j' aime beaucoup ne sont probablement pas utilisées <eos>,13,utilisées,utilisés,11,M,utilisées,-5.881409,utilisés,-6.9415784,1
1500,P_NOUN_8_PASS_b,F,P,les jupes avec les bracelets que j' aime beaucoup ne sont probablement pas achetées <eos>,13,achetées,achetés,11,M,achetées,-10.787519,achetés,-10.526789,0
1501,P_NOUN_8_PASS_b,F,P,les jupes avec les bracelets que j' aime beaucoup ne sont probablement pas brisées <eos>,13,brisées,brisés,11,M,brisées,-9.479789,brisés,-12.297642,1
1502,P_NOUN_8_PASS_b,F,P,les jupes avec les bracelets que j' aime beaucoup ne sont probablement pas cachées <eos>,13,cachées,cachés,11,M,cachées,-8.247084,cachés,-9.118759,1
1503,P_NOUN_8_PASS_b,F,P,les jupes avec les bracelets que j' aime beaucoup ne sont probablement pas cassées <eos>,13,cassées,cassés,11,M,cassées,-8.51169,cassés,-10.290688,1
1504,P_NOUN_8_PASS_b,F,P,les jupes avec les bracelets que j' aime beaucoup ne sont probablement pas couvertes <eos>,13,couvertes,couverts,11,M,couvertes,-8.154517,couverts,-8.728785,1
1505,P_NOUN_8_PASS_b,F,P,les jupes avec les bracelets que j' aime beaucoup ne sont probablement pas déformées <eos>,13,déformées,déformés,11,M,déformées,-8.32379,déformés,-12.660981,1
1506,P_NOUN_8_PASS_b,F,P,les jupes avec les bracelets que j' aime beaucoup ne sont probablement pas fixées <eos>,13,fixées,fixés,11,M,fixées,-8.069948,fixés,-9.233083,1
1507,P_NOUN_8_PASS_b,F,P,les jupes avec les bracelets que j' aime beaucoup ne sont probablement pas jetées <eos>,13,jetées,jetés,11,M,jetées,-8.925151,jetés,-9.632449,1
1508,P_NOUN_8_PASS_b,F,P,les jupes avec les bracelets que j' aime beaucoup ne sont probablement pas laissées <eos>,13,laissées,laissés,11,M,laissées,-8.356957,laissés,-10.177519,1
1509,P_NOUN_8_PASS_b,F,P,les jupes avec les bracelets que j' aime beaucoup ne sont probablement pas ouvertes <eos>,13,ouvertes,ouverts,11,M,ouvertes,-8.216092,ouverts,-9.12373,1
1510,P_NOUN_8_PASS_b,F,P,les jupes avec les bracelets que j' aime beaucoup ne sont probablement pas perdues <eos>,13,perdues,perdus,11,M,perdues,-8.198007,perdus,-8.67075,1
1511,P_NOUN_8_PASS_b,F,P,les jupes avec les bracelets que j' aime beaucoup ne sont probablement pas réparées <eos>,13,réparées,réparés,11,M,réparées,-9.727011,réparés,-12.325649,1
1512,P_NOUN_8_PASS_b,F,P,les jupes avec les bracelets que j' aime beaucoup ne sont probablement pas retirées <eos>,13,retirées,retirés,11,M,retirées,-8.524639,retirés,-10.058672,1
1513,P_NOUN_8_PASS_b,F,P,les jupes avec les bracelets que j' aime beaucoup ne sont probablement pas tombées <eos>,13,tombées,tombés,11,M,tombées,-8.245155,tombés,-7.8368764,0
1514,P_NOUN_8_PASS_b,F,P,les jupes avec les bracelets que j' aime beaucoup ne sont probablement pas utilisées <eos>,13,utilisées,utilisés,11,M,utilisées,-5.6805563,utilisés,-6.490633,1
1515,P_NOUN_8_PASS_b,F,P,les jupes avec les miroirs que j' aime beaucoup ne sont probablement pas achetées <eos>,13,achetées,achetés,11,M,achetées,-11.341792,achetés,-10.829175,0
1516,P_NOUN_8_PASS_b,F,P,les jupes avec les miroirs que j' aime beaucoup ne sont probablement pas brisées <eos>,13,brisées,brisés,11,M,brisées,-9.219406,brisés,-11.920585,1
1517,P_NOUN_8_PASS_b,F,P,les jupes avec les miroirs que j' aime beaucoup ne sont probablement pas cachées <eos>,13,cachées,cachés,11,M,cachées,-8.243532,cachés,-9.326795,1
1518,P_NOUN_8_PASS_b,F,P,les jupes avec les miroirs que j' aime beaucoup ne sont probablement pas cassées <eos>,13,cassées,cassés,11,M,cassées,-8.865366,cassés,-10.3879385,1
1519,P_NOUN_8_PASS_b,F,P,les jupes avec les miroirs que j' aime beaucoup ne sont probablement pas couvertes <eos>,13,couvertes,couverts,11,M,couvertes,-7.5705457,couverts,-8.575501,1
1520,P_NOUN_8_PASS_b,F,P,les jupes avec les miroirs que j' aime beaucoup ne sont probablement pas déformées <eos>,13,déformées,déformés,11,M,déformées,-7.423662,déformés,-11.722838,1
1521,P_NOUN_8_PASS_b,F,P,les jupes avec les miroirs que j' aime beaucoup ne sont probablement pas fixées <eos>,13,fixées,fixés,11,M,fixées,-8.089631,fixés,-9.083239,1
1522,P_NOUN_8_PASS_b,F,P,les jupes avec les miroirs que j' aime beaucoup ne sont probablement pas jetées <eos>,13,jetées,jetés,11,M,jetées,-9.364561,jetés,-9.920645,1
1523,P_NOUN_8_PASS_b,F,P,les jupes avec les miroirs que j' aime beaucoup ne sont probablement pas laissées <eos>,13,laissées,laissés,11,M,laissées,-8.013038,laissés,-10.400223,1
1524,P_NOUN_8_PASS_b,F,P,les jupes avec les miroirs que j' aime beaucoup ne sont probablement pas ouvertes <eos>,13,ouvertes,ouverts,11,M,ouvertes,-7.501259,ouverts,-8.415183,1
1525,P_NOUN_8_PASS_b,F,P,les jupes avec les miroirs que j' aime beaucoup ne sont probablement pas perdues <eos>,13,perdues,perdus,11,M,perdues,-8.1471815,perdus,-8.294658,1
1526,P_NOUN_8_PASS_b,F,P,les jupes avec les miroirs que j' aime beaucoup ne sont probablement pas réparées <eos>,13,réparées,réparés,11,M,réparées,-8.9440565,réparés,-11.75671,1
1527,P_NOUN_8_PASS_b,F,P,les jupes avec les miroirs que j' aime beaucoup ne sont probablement pas retirées <eos>,13,retirées,retirés,11,M,retirées,-8.276221,retirés,-10.345331,1
1528,P_NOUN_8_PASS_b,F,P,les jupes avec les miroirs que j' aime beaucoup ne sont probablement pas tombées <eos>,13,tombées,tombés,11,M,tombées,-8.330005,tombés,-9.092368,1
1529,P_NOUN_8_PASS_b,F,P,les jupes avec les miroirs que j' aime beaucoup ne sont probablement pas utilisées <eos>,13,utilisées,utilisés,11,M,utilisées,-5.62251,utilisés,-6.569027,1
1530,P_NOUN_8_PASS_b,F,P,les jupes avec les crayons que j' aime beaucoup ne sont probablement pas achetées <eos>,13,achetées,achetés,11,M,achetées,-10.774921,achetés,-10.090569,0
1531,P_NOUN_8_PASS_b,F,P,les jupes avec les crayons que j' aime beaucoup ne sont probablement pas brisées <eos>,13,brisées,brisés,11,M,brisées,-9.752621,brisés,-12.453089,1
1532,P_NOUN_8_PASS_b,F,P,les jupes avec les crayons que j' aime beaucoup ne sont probablement pas cachées <eos>,13,cachées,cachés,11,M,cachées,-8.482113,cachés,-9.170637,1
1533,P_NOUN_8_PASS_b,F,P,les jupes avec les crayons que j' aime beaucoup ne sont probablement pas cassées <eos>,13,cassées,cassés,11,M,cassées,-9.127272,cassés,-9.952808,1
1534,P_NOUN_8_PASS_b,F,P,les jupes avec les crayons que j' aime beaucoup ne sont probablement pas couvertes <eos>,13,couvertes,couverts,11,M,couvertes,-8.182623,couverts,-8.5199795,1
1535,P_NOUN_8_PASS_b,F,P,les jupes avec les crayons que j' aime beaucoup ne sont probablement pas déformées <eos>,13,déformées,déformés,11,M,déformées,-8.290889,déformés,-12.295352,1
1536,P_NOUN_8_PASS_b,F,P,les jupes avec les crayons que j' aime beaucoup ne sont probablement pas fixées <eos>,13,fixées,fixés,11,M,fixées,-8.721752,fixés,-9.523004,1
1537,P_NOUN_8_PASS_b,F,P,les jupes avec les crayons que j' aime beaucoup ne sont probablement pas jetées <eos>,13,jetées,jetés,11,M,jetées,-9.733387,jetés,-9.952682,1
1538,P_NOUN_8_PASS_b,F,P,les jupes avec les crayons que j' aime beaucoup ne sont probablement pas laissées <eos>,13,laissées,laissés,11,M,laissées,-8.038929,laissés,-9.744398,1
1539,P_NOUN_8_PASS_b,F,P,les jupes avec les crayons que j' aime beaucoup ne sont probablement pas ouvertes <eos>,13,ouvertes,ouverts,11,M,ouvertes,-8.316263,ouverts,-9.246045,1
1540,P_NOUN_8_PASS_b,F,P,les jupes avec les crayons que j' aime beaucoup ne sont probablement pas perdues <eos>,13,perdues,perdus,11,M,perdues,-8.114137,perdus,-8.56206,1
1541,P_NOUN_8_PASS_b,F,P,les jupes avec les crayons que j' aime beaucoup ne sont probablement pas réparées <eos>,13,réparées,réparés,11,M,réparées,-9.1247635,réparés,-11.645706,1
1542,P_NOUN_8_PASS_b,F,P,les jupes avec les crayons que j' aime beaucoup ne sont probablement pas retirées <eos>,13,retirées,retirés,11,M,retirées,-8.411946,retirés,-10.073455,1
1543,P_NOUN_8_PASS_b,F,P,les jupes avec les crayons que j' aime beaucoup ne sont probablement pas tombées <eos>,13,tombées,tombés,11,M,tombées,-8.252815,tombés,-8.363808,1
1544,P_NOUN_8_PASS_b,F,P,les jupes avec les crayons que j' aime beaucoup ne sont probablement pas utilisées <eos>,13,utilisées,utilisés,11,M,utilisées,-5.7990284,utilisés,-6.529829,1
1545,P_NOUN_8_PASS_b,F,P,les jupes avec les rideaux que j' aime beaucoup ne sont probablement pas achetées <eos>,13,achetées,achetés,11,M,achetées,-10.742108,achetés,-10.6034,0
1546,P_NOUN_8_PASS_b,F,P,les jupes avec les rideaux que j' aime beaucoup ne sont probablement pas brisées <eos>,13,brisées,brisés,11,M,brisées,-9.469179,brisés,-12.302074,1
1547,P_NOUN_8_PASS_b,F,P,les jupes avec les rideaux que j' aime beaucoup ne sont probablement pas cachées <eos>,13,cachées,cachés,11,M,cachées,-8.11844,cachés,-9.27763,1
1548,P_NOUN_8_PASS_b,F,P,les jupes avec les rideaux que j' aime beaucoup ne sont probablement pas cassées <eos>,13,cassées,cassés,11,M,cassées,-8.775045,cassés,-10.40274,1
1549,P_NOUN_8_PASS_b,F,P,les jupes avec les rideaux que j' aime beaucoup ne sont probablement pas couvertes <eos>,13,couvertes,couverts,11,M,couvertes,-7.59075,couverts,-8.562151,1
1550,P_NOUN_8_PASS_b,F,P,les jupes avec les rideaux que j' aime beaucoup ne sont probablement pas déformées <eos>,13,déformées,déformés,11,M,déformées,-8.351138,déformés,-12.408237,1
1551,P_NOUN_8_PASS_b,F,P,les jupes avec les rideaux que j' aime beaucoup ne sont probablement pas fixées <eos>,13,fixées,fixés,11,M,fixées,-8.206743,fixés,-9.288874,1
1552,P_NOUN_8_PASS_b,F,P,les jupes avec les rideaux que j' aime beaucoup ne sont probablement pas jetées <eos>,13,jetées,jetés,11,M,jetées,-9.231396,jetés,-10.142118,1
1553,P_NOUN_8_PASS_b,F,P,les jupes avec les rideaux que j' aime beaucoup ne sont probablement pas laissées <eos>,13,laissées,laissés,11,M,laissées,-7.8627815,laissés,-10.048223,1
1554,P_NOUN_8_PASS_b,F,P,les jupes avec les rideaux que j' aime beaucoup ne sont probablement pas ouvertes <eos>,13,ouvertes,ouverts,11,M,ouvertes,-7.6836233,ouverts,-8.787684,1
1555,P_NOUN_8_PASS_b,F,P,les jupes avec les rideaux que j' aime beaucoup ne sont probablement pas perdues <eos>,13,perdues,perdus,11,M,perdues,-8.169654,perdus,-8.769524,1
1556,P_NOUN_8_PASS_b,F,P,les jupes avec les rideaux que j' aime beaucoup ne sont probablement pas réparées <eos>,13,réparées,réparés,11,M,réparées,-9.029705,réparés,-11.863902,1
1557,P_NOUN_8_PASS_b,F,P,les jupes avec les rideaux que j' aime beaucoup ne sont probablement pas retirées <eos>,13,retirées,retirés,11,M,retirées,-8.189039,retirés,-10.6268,1
1558,P_NOUN_8_PASS_b,F,P,les jupes avec les rideaux que j' aime beaucoup ne sont probablement pas tombées <eos>,13,tombées,tombés,11,M,tombées,-8.086779,tombés,-8.416553,1
1559,P_NOUN_8_PASS_b,F,P,les jupes avec les rideaux que j' aime beaucoup ne sont probablement pas utilisées <eos>,13,utilisées,utilisés,11,M,utilisées,-5.9020863,utilisés,-7.0636177,1
1560,P_NOUN_8_PASS_b,F,P,les jupes avec les cahiers que j' aime beaucoup ne sont probablement pas achetées <eos>,13,achetées,achetés,11,M,achetées,-11.05197,achetés,-10.45903,0
1561,P_NOUN_8_PASS_b,F,P,les jupes avec les cahiers que j' aime beaucoup ne sont probablement pas brisées <eos>,13,brisées,brisés,11,M,brisées,-9.955972,brisés,-12.705274,1
1562,P_NOUN_8_PASS_b,F,P,les jupes avec les cahiers que j' aime beaucoup ne sont probablement pas cachées <eos>,13,cachées,cachés,11,M,cachées,-8.569603,cachés,-9.45406,1
1563,P_NOUN_8_PASS_b,F,P,les jupes avec les cahiers que j' aime beaucoup ne sont probablement pas cassées <eos>,13,cassées,cassés,11,M,cassées,-9.726139,cassés,-11.0884,1
1564,P_NOUN_8_PASS_b,F,P,les jupes avec les cahiers que j' aime beaucoup ne sont probablement pas couvertes <eos>,13,couvertes,couverts,11,M,couvertes,-8.302132,couverts,-8.901157,1
1565,P_NOUN_8_PASS_b,F,P,les jupes avec les cahiers que j' aime beaucoup ne sont probablement pas déformées <eos>,13,déformées,déformés,11,M,déformées,-8.556908,déformés,-12.508908,1
1566,P_NOUN_8_PASS_b,F,P,les jupes avec les cahiers que j' aime beaucoup ne sont probablement pas fixées <eos>,13,fixées,fixés,11,M,fixées,-8.967961,fixés,-9.934918,1
1567,P_NOUN_8_PASS_b,F,P,les jupes avec les cahiers que j' aime beaucoup ne sont probablement pas jetées <eos>,13,jetées,jetés,11,M,jetées,-10.306812,jetés,-10.76313,1
1568,P_NOUN_8_PASS_b,F,P,les jupes avec les cahiers que j' aime beaucoup ne sont probablement pas laissées <eos>,13,laissées,laissés,11,M,laissées,-8.306941,laissés,-10.311857,1
1569,P_NOUN_8_PASS_b,F,P,les jupes avec les cahiers que j' aime beaucoup ne sont probablement pas ouvertes <eos>,13,ouvertes,ouverts,11,M,ouvertes,-7.749717,ouverts,-8.829081,1
1570,P_NOUN_8_PASS_b,F,P,les jupes avec les cahiers que j' aime beaucoup ne sont probablement pas perdues <eos>,13,perdues,perdus,11,M,perdues,-7.7287226,perdus,-8.304285,1
1571,P_NOUN_8_PASS_b,F,P,les jupes avec les cahiers que j' aime beaucoup ne sont probablement pas réparées <eos>,13,réparées,réparés,11,M,réparées,-9.676367,réparés,-12.282532,1
1572,P_NOUN_8_PASS_b,F,P,les jupes avec les cahiers que j' aime beaucoup ne sont probablement pas retirées <eos>,13,retirées,retirés,11,M,retirées,-8.673324,retirés,-10.662187,1
1573,P_NOUN_8_PASS_b,F,P,les jupes avec les cahiers que j' aime beaucoup ne sont probablement pas tombées <eos>,13,tombées,tombés,11,M,tombées,-8.729698,tombés,-8.861896,1
1574,P_NOUN_8_PASS_b,F,P,les jupes avec les cahiers que j' aime beaucoup ne sont probablement pas utilisées <eos>,13,utilisées,utilisés,11,M,utilisées,-6.1329107,utilisés,-7.255766,1
1575,P_NOUN_8_PASS_b,F,P,les jupes avec les micros que j' aime beaucoup ne sont probablement pas achetées <eos>,13,achetées,achetés,11,M,achetées,-11.042837,achetés,-10.756317,0
1576,P_NOUN_8_PASS_b,F,P,les jupes avec les micros que j' aime beaucoup ne sont probablement pas brisées <eos>,13,brisées,brisés,11,M,brisées,-9.526055,brisés,-12.490683,1
1577,P_NOUN_8_PASS_b,F,P,les jupes avec les micros que j' aime beaucoup ne sont probablement pas cachées <eos>,13,cachées,cachés,11,M,cachées,-8.842271,cachés,-9.822876,1
1578,P_NOUN_8_PASS_b,F,P,les jupes avec les micros que j' aime beaucoup ne sont probablement pas cassées <eos>,13,cassées,cassés,11,M,cassées,-9.18836,cassés,-10.91304,1
1579,P_NOUN_8_PASS_b,F,P,les jupes avec les micros que j' aime beaucoup ne sont probablement pas couvertes <eos>,13,couvertes,couverts,11,M,couvertes,-7.9164443,couverts,-8.600498,1
1580,P_NOUN_8_PASS_b,F,P,les jupes avec les micros que j' aime beaucoup ne sont probablement pas déformées <eos>,13,déformées,déformés,11,M,déformées,-8.298871,déformés,-12.680187,1
1581,P_NOUN_8_PASS_b,F,P,les jupes avec les micros que j' aime beaucoup ne sont probablement pas fixées <eos>,13,fixées,fixés,11,M,fixées,-8.072696,fixés,-8.897938,1
1582,P_NOUN_8_PASS_b,F,P,les jupes avec les micros que j' aime beaucoup ne sont probablement pas jetées <eos>,13,jetées,jetés,11,M,jetées,-9.653163,jetés,-10.493479,1
1583,P_NOUN_8_PASS_b,F,P,les jupes avec les micros que j' aime beaucoup ne sont probablement pas laissées <eos>,13,laissées,laissés,11,M,laissées,-7.9141073,laissés,-10.532729,1
1584,P_NOUN_8_PASS_b,F,P,les jupes avec les micros que j' aime beaucoup ne sont probablement pas ouvertes <eos>,13,ouvertes,ouverts,11,M,ouvertes,-7.8623657,ouverts,-8.802732,1
1585,P_NOUN_8_PASS_b,F,P,les jupes avec les micros que j' aime beaucoup ne sont probablement pas perdues <eos>,13,perdues,perdus,11,M,perdues,-8.487645,perdus,-8.938851,1
1586,P_NOUN_8_PASS_b,F,P,les jupes avec les micros que j' aime beaucoup ne sont probablement pas réparées <eos>,13,réparées,réparés,11,M,réparées,-9.619715,réparés,-12.285091,1
1587,P_NOUN_8_PASS_b,F,P,les jupes avec les micros que j' aime beaucoup ne sont probablement pas retirées <eos>,13,retirées,retirés,11,M,retirées,-8.481261,retirés,-10.64685,1
1588,P_NOUN_8_PASS_b,F,P,les jupes avec les micros que j' aime beaucoup ne sont probablement pas tombées <eos>,13,tombées,tombés,11,M,tombées,-8.849279,tombés,-9.084963,1
1589,P_NOUN_8_PASS_b,F,P,les jupes avec les micros que j' aime beaucoup ne sont probablement pas utilisées <eos>,13,utilisées,utilisés,11,M,utilisées,-5.563015,utilisés,-6.5001507,1
1590,P_NOUN_8_PASS_b,F,P,les jupes avec les sacs que j' aime beaucoup ne sont probablement pas achetées <eos>,13,achetées,achetés,11,M,achetées,-11.007444,achetés,-10.149546,0
1591,P_NOUN_8_PASS_b,F,P,les jupes avec les sacs que j' aime beaucoup ne sont probablement pas brisées <eos>,13,brisées,brisés,11,M,brisées,-9.737717,brisés,-12.131253,1
1592,P_NOUN_8_PASS_b,F,P,les jupes avec les sacs que j' aime beaucoup ne sont probablement pas cachées <eos>,13,cachées,cachés,11,M,cachées,-8.517476,cachés,-9.090532,1
1593,P_NOUN_8_PASS_b,F,P,les jupes avec les sacs que j' aime beaucoup ne sont probablement pas cassées <eos>,13,cassées,cassés,11,M,cassées,-8.96634,cassés,-10.133138,1
1594,P_NOUN_8_PASS_b,F,P,les jupes avec les sacs que j' aime beaucoup ne sont probablement pas couvertes <eos>,13,couvertes,couverts,11,M,couvertes,-7.7365255,couverts,-8.13321,1
1595,P_NOUN_8_PASS_b,F,P,les jupes avec les sacs que j' aime beaucoup ne sont probablement pas déformées <eos>,13,déformées,déformés,11,M,déformées,-8.878563,déformés,-12.664635,1
1596,P_NOUN_8_PASS_b,F,P,les jupes avec les sacs que j' aime beaucoup ne sont probablement pas fixées <eos>,13,fixées,fixés,11,M,fixées,-8.471904,fixés,-8.898687,1
1597,P_NOUN_8_PASS_b,F,P,les jupes avec les sacs que j' aime beaucoup ne sont probablement pas jetées <eos>,13,jetées,jetés,11,M,jetées,-9.32126,jetés,-9.755395,1
1598,P_NOUN_8_PASS_b,F,P,les jupes avec les sacs que j' aime beaucoup ne sont probablement pas laissées <eos>,13,laissées,laissés,11,M,laissées,-8.222158,laissés,-9.827595,1
1599,P_NOUN_8_PASS_b,F,P,les jupes avec les sacs que j' aime beaucoup ne sont probablement pas ouvertes <eos>,13,ouvertes,ouverts,11,M,ouvertes,-7.9858565,ouverts,-8.5862055,1
1600,P_NOUN_8_PASS_b,F,P,les jupes avec les sacs que j' aime beaucoup ne sont probablement pas perdues <eos>,13,perdues,perdus,11,M,perdues,-8.5786915,perdus,-8.624533,1
1601,P_NOUN_8_PASS_b,F,P,les jupes avec les sacs que j' aime beaucoup ne sont probablement pas réparées <eos>,13,réparées,réparés,11,M,réparées,-9.365062,réparés,-11.527216,1
1602,P_NOUN_8_PASS_b,F,P,les jupes avec les sacs que j' aime beaucoup ne sont probablement pas retirées <eos>,13,retirées,retirés,11,M,retirées,-8.6443,retirés,-10.129595,1
1603,P_NOUN_8_PASS_b,F,P,les jupes avec les sacs que j' aime beaucoup ne sont probablement pas tombées <eos>,13,tombées,tombés,11,M,tombées,-8.526424,tombés,-8.282514,0
1604,P_NOUN_8_PASS_b,F,P,les jupes avec les sacs que j' aime beaucoup ne sont probablement pas utilisées <eos>,13,utilisées,utilisés,11,M,utilisées,-5.810566,utilisés,-6.4510098,1
1605,P_NOUN_8_PASS_b,F,P,les jupes avec les claviers que j' aime beaucoup ne sont probablement pas achetées <eos>,13,achetées,achetés,11,M,achetées,-11.136898,achetés,-11.2457285,1
1606,P_NOUN_8_PASS_b,F,P,les jupes avec les claviers que j' aime beaucoup ne sont probablement pas brisées <eos>,13,brisées,brisés,11,M,brisées,-9.086313,brisés,-12.1073265,1
1607,P_NOUN_8_PASS_b,F,P,les jupes avec les claviers que j' aime beaucoup ne sont probablement pas cachées <eos>,13,cachées,cachés,11,M,cachées,-8.252296,cachés,-9.754438,1
1608,P_NOUN_8_PASS_b,F,P,les jupes avec les claviers que j' aime beaucoup ne sont probablement pas cassées <eos>,13,cassées,cassés,11,M,cassées,-9.190184,cassés,-11.041824,1
1609,P_NOUN_8_PASS_b,F,P,les jupes avec les claviers que j' aime beaucoup ne sont probablement pas couvertes <eos>,13,couvertes,couverts,11,M,couvertes,-8.011495,couverts,-8.980438,1
1610,P_NOUN_8_PASS_b,F,P,les jupes avec les claviers que j' aime beaucoup ne sont probablement pas déformées <eos>,13,déformées,déformés,11,M,déformées,-7.796876,déformés,-12.492426,1
1611,P_NOUN_8_PASS_b,F,P,les jupes avec les claviers que j' aime beaucoup ne sont probablement pas fixées <eos>,13,fixées,fixés,11,M,fixées,-8.183165,fixés,-9.127991,1
1612,P_NOUN_8_PASS_b,F,P,les jupes avec les claviers que j' aime beaucoup ne sont probablement pas jetées <eos>,13,jetées,jetés,11,M,jetées,-9.706337,jetés,-10.588377,1
1613,P_NOUN_8_PASS_b,F,P,les jupes avec les claviers que j' aime beaucoup ne sont probablement pas laissées <eos>,13,laissées,laissés,11,M,laissées,-7.803956,laissés,-10.362945,1
1614,P_NOUN_8_PASS_b,F,P,les jupes avec les claviers que j' aime beaucoup ne sont probablement pas ouvertes <eos>,13,ouvertes,ouverts,11,M,ouvertes,-7.6023874,ouverts,-9.160099,1
1615,P_NOUN_8_PASS_b,F,P,les jupes avec les claviers que j' aime beaucoup ne sont probablement pas perdues <eos>,13,perdues,perdus,11,M,perdues,-8.163176,perdus,-9.084019,1
1616,P_NOUN_8_PASS_b,F,P,les jupes avec les claviers que j' aime beaucoup ne sont probablement pas réparées <eos>,13,réparées,réparés,11,M,réparées,-9.395397,réparés,-12.401907,1
1617,P_NOUN_8_PASS_b,F,P,les jupes avec les claviers que j' aime beaucoup ne sont probablement pas retirées <eos>,13,retirées,retirés,11,M,retirées,-8.567638,retirés,-10.856087,1
1618,P_NOUN_8_PASS_b,F,P,les jupes avec les claviers que j' aime beaucoup ne sont probablement pas tombées <eos>,13,tombées,tombés,11,M,tombées,-8.827707,tombés,-9.729742,1
1619,P_NOUN_8_PASS_b,F,P,les jupes avec les claviers que j' aime beaucoup ne sont probablement pas utilisées <eos>,13,utilisées,utilisés,11,M,utilisées,-5.5429773,utilisés,-6.8224316,1
1620,P_NOUN_8_PASS_b,F,P,les jupes avec les raisins que j' aime beaucoup ne sont probablement pas achetées <eos>,13,achetées,achetés,11,M,achetées,-10.245806,achetés,-9.649785,0
1621,P_NOUN_8_PASS_b,F,P,les jupes avec les raisins que j' aime beaucoup ne sont probablement pas brisées <eos>,13,brisées,brisés,11,M,brisées,-9.68431,brisés,-12.757836,1
1622,P_NOUN_8_PASS_b,F,P,les jupes avec les raisins que j' aime beaucoup ne sont probablement pas cachées <eos>,13,cachées,cachés,11,M,cachées,-8.4532,cachés,-9.693634,1
1623,P_NOUN_8_PASS_b,F,P,les jupes avec les raisins que j' aime beaucoup ne sont probablement pas cassées <eos>,13,cassées,cassés,11,M,cassées,-9.051194,cassés,-9.338657,1
1624,P_NOUN_8_PASS_b,F,P,les jupes avec les raisins que j' aime beaucoup ne sont probablement pas couvertes <eos>,13,couvertes,couverts,11,M,couvertes,-7.431571,couverts,-7.6782074,1
1625,P_NOUN_8_PASS_b,F,P,les jupes avec les raisins que j' aime beaucoup ne sont probablement pas déformées <eos>,13,déformées,déformés,11,M,déformées,-8.900645,déformés,-13.584686,1
1626,P_NOUN_8_PASS_b,F,P,les jupes avec les raisins que j' aime beaucoup ne sont probablement pas fixées <eos>,13,fixées,fixés,11,M,fixées,-8.676841,fixés,-9.266481,1
1627,P_NOUN_8_PASS_b,F,P,les jupes avec les raisins que j' aime beaucoup ne sont probablement pas jetées <eos>,13,jetées,jetés,11,M,jetées,-10.341823,jetés,-10.8817425,1
1628,P_NOUN_8_PASS_b,F,P,les jupes avec les raisins que j' aime beaucoup ne sont probablement pas laissées <eos>,13,laissées,laissés,11,M,laissées,-7.635296,laissés,-9.790516,1
1629,P_NOUN_8_PASS_b,F,P,les jupes avec les raisins que j' aime beaucoup ne sont probablement pas ouvertes <eos>,13,ouvertes,ouverts,11,M,ouvertes,-7.9523454,ouverts,-9.130622,1
1630,P_NOUN_8_PASS_b,F,P,les jupes avec les raisins que j' aime beaucoup ne sont probablement pas perdues <eos>,13,perdues,perdus,11,M,perdues,-8.624001,perdus,-9.187677,1
1631,P_NOUN_8_PASS_b,F,P,les jupes avec les raisins que j' aime beaucoup ne sont probablement pas réparées <eos>,13,réparées,réparés,11,M,réparées,-9.48848,réparés,-12.054699,1
1632,P_NOUN_8_PASS_b,F,P,les jupes avec les raisins que j' aime beaucoup ne sont probablement pas retirées <eos>,13,retirées,retirés,11,M,retirées,-8.501093,retirés,-10.318367,1
1633,P_NOUN_8_PASS_b,F,P,les jupes avec les raisins que j' aime beaucoup ne sont probablement pas tombées <eos>,13,tombées,tombés,11,M,tombées,-7.962084,tombés,-8.431564,1
1634,P_NOUN_8_PASS_b,F,P,les jupes avec les raisins que j' aime beaucoup ne sont probablement pas utilisées <eos>,13,utilisées,utilisés,11,M,utilisées,-5.5551157,utilisés,-6.481119,1
1635,P_NOUN_8_PASS_b,F,P,les jupes avec les chargeurs que j' aime beaucoup ne sont probablement pas achetées <eos>,13,achetées,achetés,11,M,achetées,-10.687436,achetés,-10.7142515,1
1636,P_NOUN_8_PASS_b,F,P,les jupes avec les chargeurs que j' aime beaucoup ne sont probablement pas brisées <eos>,13,brisées,brisés,11,M,brisées,-9.579746,brisés,-12.532782,1
1637,P_NOUN_8_PASS_b,F,P,les jupes avec les chargeurs que j' aime beaucoup ne sont probablement pas cachées <eos>,13,cachées,cachés,11,M,cachées,-8.736138,cachés,-8.987719,1
1638,P_NOUN_8_PASS_b,F,P,les jupes avec les chargeurs que j' aime beaucoup ne sont probablement pas cassées <eos>,13,cassées,cassés,11,M,cassées,-9.208636,cassés,-10.28664,1
1639,P_NOUN_8_PASS_b,F,P,les jupes avec les chargeurs que j' aime beaucoup ne sont probablement pas couvertes <eos>,13,couvertes,couverts,11,M,couvertes,-7.586484,couverts,-8.374707,1
1640,P_NOUN_8_PASS_b,F,P,les jupes avec les chargeurs que j' aime beaucoup ne sont probablement pas déformées <eos>,13,déformées,déformés,11,M,déformées,-8.925583,déformés,-13.236234,1
1641,P_NOUN_8_PASS_b,F,P,les jupes avec les chargeurs que j' aime beaucoup ne sont probablement pas fixées <eos>,13,fixées,fixés,11,M,fixées,-7.7640605,fixés,-8.591201,1
1642,P_NOUN_8_PASS_b,F,P,les jupes avec les chargeurs que j' aime beaucoup ne sont probablement pas jetées <eos>,13,jetées,jetés,11,M,jetées,-9.5724745,jetés,-10.030848,1
1643,P_NOUN_8_PASS_b,F,P,les jupes avec les chargeurs que j' aime beaucoup ne sont probablement pas laissées <eos>,13,laissées,laissés,11,M,laissées,-8.098303,laissés,-10.434233,1
1644,P_NOUN_8_PASS_b,F,P,les jupes avec les chargeurs que j' aime beaucoup ne sont probablement pas ouvertes <eos>,13,ouvertes,ouverts,11,M,ouvertes,-8.086214,ouverts,-8.862089,1
1645,P_NOUN_8_PASS_b,F,P,les jupes avec les chargeurs que j' aime beaucoup ne sont probablement pas perdues <eos>,13,perdues,perdus,11,M,perdues,-8.139499,perdus,-8.70289,1
1646,P_NOUN_8_PASS_b,F,P,les jupes avec les chargeurs que j' aime beaucoup ne sont probablement pas réparées <eos>,13,réparées,réparés,11,M,réparées,-9.381486,réparés,-11.343777,1
1647,P_NOUN_8_PASS_b,F,P,les jupes avec les chargeurs que j' aime beaucoup ne sont probablement pas retirées <eos>,13,retirées,retirés,11,M,retirées,-8.246547,retirés,-9.421866,1
1648,P_NOUN_8_PASS_b,F,P,les jupes avec les chargeurs que j' aime beaucoup ne sont probablement pas tombées <eos>,13,tombées,tombés,11,M,tombées,-8.584232,tombés,-8.168293,0
1649,P_NOUN_8_PASS_b,F,P,les jupes avec les chargeurs que j' aime beaucoup ne sont probablement pas utilisées <eos>,13,utilisées,utilisés,11,M,utilisées,-5.210701,utilisés,-6.1532974,1
1650,P_NOUN_8_PASS_b,F,P,les jupes avec les vases que j' aime beaucoup ne sont probablement pas achetées <eos>,13,achetées,achetés,11,M,achetées,-11.079945,achetés,-10.558413,0
1651,P_NOUN_8_PASS_b,F,P,les jupes avec les vases que j' aime beaucoup ne sont probablement pas brisées <eos>,13,brisées,brisés,11,M,brisées,-9.420108,brisés,-11.996035,1
1652,P_NOUN_8_PASS_b,F,P,les jupes avec les vases que j' aime beaucoup ne sont probablement pas cachées <eos>,13,cachées,cachés,11,M,cachées,-8.292912,cachés,-9.48157,1
1653,P_NOUN_8_PASS_b,F,P,les jupes avec les vases que j' aime beaucoup ne sont probablement pas cassées <eos>,13,cassées,cassés,11,M,cassées,-8.709872,cassés,-9.88595,1
1654,P_NOUN_8_PASS_b,F,P,les jupes avec les vases que j' aime beaucoup ne sont probablement pas couvertes <eos>,13,couvertes,couverts,11,M,couvertes,-7.8206983,couverts,-8.248949,1
1655,P_NOUN_8_PASS_b,F,P,les jupes avec les vases que j' aime beaucoup ne sont probablement pas déformées <eos>,13,déformées,déformés,11,M,déformées,-8.055803,déformés,-12.111843,1
1656,P_NOUN_8_PASS_b,F,P,les jupes avec les vases que j' aime beaucoup ne sont probablement pas fixées <eos>,13,fixées,fixés,11,M,fixées,-8.012173,fixés,-9.091483,1
1657,P_NOUN_8_PASS_b,F,P,les jupes avec les vases que j' aime beaucoup ne sont probablement pas jetées <eos>,13,jetées,jetés,11,M,jetées,-9.407145,jetés,-9.92488,1
1658,P_NOUN_8_PASS_b,F,P,les jupes avec les vases que j' aime beaucoup ne sont probablement pas laissées <eos>,13,laissées,laissés,11,M,laissées,-8.014114,laissés,-9.896932,1
1659,P_NOUN_8_PASS_b,F,P,les jupes avec les vases que j' aime beaucoup ne sont probablement pas ouvertes <eos>,13,ouvertes,ouverts,11,M,ouvertes,-8.137133,ouverts,-9.107901,1
1660,P_NOUN_8_PASS_b,F,P,les jupes avec les vases que j' aime beaucoup ne sont probablement pas perdues <eos>,13,perdues,perdus,11,M,perdues,-8.435728,perdus,-8.6751585,1
1661,P_NOUN_8_PASS_b,F,P,les jupes avec les vases que j' aime beaucoup ne sont probablement pas réparées <eos>,13,réparées,réparés,11,M,réparées,-9.337807,réparés,-11.870989,1
1662,P_NOUN_8_PASS_b,F,P,les jupes avec les vases que j' aime beaucoup ne sont probablement pas retirées <eos>,13,retirées,retirés,11,M,retirées,-8.511714,retirés,-10.270246,1
1663,P_NOUN_8_PASS_b,F,P,les jupes avec les vases que j' aime beaucoup ne sont probablement pas tombées <eos>,13,tombées,tombés,11,M,tombées,-8.072405,tombés,-8.305642,1
1664,P_NOUN_8_PASS_b,F,P,les jupes avec les vases que j' aime beaucoup ne sont probablement pas utilisées <eos>,13,utilisées,utilisés,11,M,utilisées,-5.7738047,utilisés,-6.552059,1
1665,P_NOUN_8_PASS_b,F,P,les jupes avec les paniers que j' aime beaucoup ne sont probablement pas achetées <eos>,13,achetées,achetés,11,M,achetées,-11.048531,achetés,-10.358276,0
1666,P_NOUN_8_PASS_b,F,P,les jupes avec les paniers que j' aime beaucoup ne sont probablement pas brisées <eos>,13,brisées,brisés,11,M,brisées,-9.500313,brisés,-12.298193,1
1667,P_NOUN_8_PASS_b,F,P,les jupes avec les paniers que j' aime beaucoup ne sont probablement pas cachées <eos>,13,cachées,cachés,11,M,cachées,-8.471133,cachés,-9.40348,1
1668,P_NOUN_8_PASS_b,F,P,les jupes avec les paniers que j' aime beaucoup ne sont probablement pas cassées <eos>,13,cassées,cassés,11,M,cassées,-8.733311,cassés,-10.320077,1
1669,P_NOUN_8_PASS_b,F,P,les jupes avec les paniers que j' aime beaucoup ne sont probablement pas couvertes <eos>,13,couvertes,couverts,11,M,couvertes,-7.8042707,couverts,-8.319824,1
1670,P_NOUN_8_PASS_b,F,P,les jupes avec les paniers que j' aime beaucoup ne sont probablement pas déformées <eos>,13,déformées,déformés,11,M,déformées,-8.645845,déformés,-12.710052,1
1671,P_NOUN_8_PASS_b,F,P,les jupes avec les paniers que j' aime beaucoup ne sont probablement pas fixées <eos>,13,fixées,fixés,11,M,fixées,-7.9828777,fixés,-8.841193,1
1672,P_NOUN_8_PASS_b,F,P,les jupes avec les paniers que j' aime beaucoup ne sont probablement pas jetées <eos>,13,jetées,jetés,11,M,jetées,-9.278654,jetés,-10.028997,1
1673,P_NOUN_8_PASS_b,F,P,les jupes avec les paniers que j' aime beaucoup ne sont probablement pas laissées <eos>,13,laissées,laissés,11,M,laissées,-8.278132,laissés,-10.186137,1
1674,P_NOUN_8_PASS_b,F,P,les jupes avec les paniers que j' aime beaucoup ne sont probablement pas ouvertes <eos>,13,ouvertes,ouverts,11,M,ouvertes,-7.909031,ouverts,-8.940501,1
1675,P_NOUN_8_PASS_b,F,P,les jupes avec les paniers que j' aime beaucoup ne sont probablement pas perdues <eos>,13,perdues,perdus,11,M,perdues,-8.4292755,perdus,-8.737197,1
1676,P_NOUN_8_PASS_b,F,P,les jupes avec les paniers que j' aime beaucoup ne sont probablement pas réparées <eos>,13,réparées,réparés,11,M,réparées,-9.479412,réparés,-12.060614,1
1677,P_NOUN_8_PASS_b,F,P,les jupes avec les paniers que j' aime beaucoup ne sont probablement pas retirées <eos>,13,retirées,retirés,11,M,retirées,-8.401333,retirés,-10.218298,1
1678,P_NOUN_8_PASS_b,F,P,les jupes avec les paniers que j' aime beaucoup ne sont probablement pas tombées <eos>,13,tombées,tombés,11,M,tombées,-8.482502,tombés,-8.497062,1
1679,P_NOUN_8_PASS_b,F,P,les jupes avec les paniers que j' aime beaucoup ne sont probablement pas utilisées <eos>,13,utilisées,utilisés,11,M,utilisées,-5.573537,utilisés,-6.358283,1
1680,P_NOUN_8_PASS_b,F,P,les jupes avec les colliers que j' aime beaucoup ne sont probablement pas achetées <eos>,13,achetées,achetés,11,M,achetées,-10.824307,achetés,-10.588748,0
1681,P_NOUN_8_PASS_b,F,P,les jupes avec les colliers que j' aime beaucoup ne sont probablement pas brisées <eos>,13,brisées,brisés,11,M,brisées,-9.330886,brisés,-12.044736,1
1682,P_NOUN_8_PASS_b,F,P,les jupes avec les colliers que j' aime beaucoup ne sont probablement pas cachées <eos>,13,cachées,cachés,11,M,cachées,-8.552978,cachés,-9.511294,1
1683,P_NOUN_8_PASS_b,F,P,les jupes avec les colliers que j' aime beaucoup ne sont probablement pas cassées <eos>,13,cassées,cassés,11,M,cassées,-8.668636,cassés,-9.860675,1
1684,P_NOUN_8_PASS_b,F,P,les jupes avec les colliers que j' aime beaucoup ne sont probablement pas couvertes <eos>,13,couvertes,couverts,11,M,couvertes,-7.822492,couverts,-8.602498,1
1685,P_NOUN_8_PASS_b,F,P,les jupes avec les colliers que j' aime beaucoup ne sont probablement pas déformées <eos>,13,déformées,déformés,11,M,déformées,-8.044556,déformés,-12.432556,1
1686,P_NOUN_8_PASS_b,F,P,les jupes avec les colliers que j' aime beaucoup ne sont probablement pas fixées <eos>,13,fixées,fixés,11,M,fixées,-7.834957,fixés,-9.091306,1
1687,P_NOUN_8_PASS_b,F,P,les jupes avec les colliers que j' aime beaucoup ne sont probablement pas jetées <eos>,13,jetées,jetés,11,M,jetées,-9.225391,jetés,-9.735176,1
1688,P_NOUN_8_PASS_b,F,P,les jupes avec les colliers que j' aime beaucoup ne sont probablement pas laissées <eos>,13,laissées,laissés,11,M,laissées,-8.139151,laissés,-10.19716,1
1689,P_NOUN_8_PASS_b,F,P,les jupes avec les colliers que j' aime beaucoup ne sont probablement pas ouvertes <eos>,13,ouvertes,ouverts,11,M,ouvertes,-8.225119,ouverts,-9.3847275,1
1690,P_NOUN_8_PASS_b,F,P,les jupes avec les colliers que j' aime beaucoup ne sont probablement pas perdues <eos>,13,perdues,perdus,11,M,perdues,-8.14667,perdus,-8.662116,1
1691,P_NOUN_8_PASS_b,F,P,les jupes avec les colliers que j' aime beaucoup ne sont probablement pas réparées <eos>,13,réparées,réparés,11,M,réparées,-9.252368,réparés,-11.968742,1
1692,P_NOUN_8_PASS_b,F,P,les jupes avec les colliers que j' aime beaucoup ne sont probablement pas retirées <eos>,13,retirées,retirés,11,M,retirées,-8.113739,retirés,-9.956633,1
1693,P_NOUN_8_PASS_b,F,P,les jupes avec les colliers que j' aime beaucoup ne sont probablement pas tombées <eos>,13,tombées,tombés,11,M,tombées,-7.982519,tombés,-8.258324,1
1694,P_NOUN_8_PASS_b,F,P,les jupes avec les colliers que j' aime beaucoup ne sont probablement pas utilisées <eos>,13,utilisées,utilisés,11,M,utilisées,-5.356021,utilisés,-6.3689404,1
1695,P_NOUN_8_PASS_b,F,P,les jupes avec les chapeaux que j' aime beaucoup ne sont probablement pas achetées <eos>,13,achetées,achetés,11,M,achetées,-10.892619,achetés,-10.62993,0
1696,P_NOUN_8_PASS_b,F,P,les jupes avec les chapeaux que j' aime beaucoup ne sont probablement pas brisées <eos>,13,brisées,brisés,11,M,brisées,-9.634264,brisés,-12.654666,1
1697,P_NOUN_8_PASS_b,F,P,les jupes avec les chapeaux que j' aime beaucoup ne sont probablement pas cachées <eos>,13,cachées,cachés,11,M,cachées,-8.267743,cachés,-9.519536,1
1698,P_NOUN_8_PASS_b,F,P,les jupes avec les chapeaux que j' aime beaucoup ne sont probablement pas cassées <eos>,13,cassées,cassés,11,M,cassées,-8.821549,cassés,-10.659189,1
1699,P_NOUN_8_PASS_b,F,P,les jupes avec les chapeaux que j' aime beaucoup ne sont probablement pas couvertes <eos>,13,couvertes,couverts,11,M,couvertes,-7.844265,couverts,-8.603033,1
1700,P_NOUN_8_PASS_b,F,P,les jupes avec les chapeaux que j' aime beaucoup ne sont probablement pas déformées <eos>,13,déformées,déformés,11,M,déformées,-8.707643,déformés,-12.784152,1
1701,P_NOUN_8_PASS_b,F,P,les jupes avec les chapeaux que j' aime beaucoup ne sont probablement pas fixées <eos>,13,fixées,fixés,11,M,fixées,-8.190628,fixés,-9.289833,1
1702,P_NOUN_8_PASS_b,F,P,les jupes avec les chapeaux que j' aime beaucoup ne sont probablement pas jetées <eos>,13,jetées,jetés,11,M,jetées,-9.310576,jetés,-10.30143,1
1703,P_NOUN_8_PASS_b,F,P,les jupes avec les chapeaux que j' aime beaucoup ne sont probablement pas laissées <eos>,13,laissées,laissés,11,M,laissées,-8.276741,laissés,-10.400604,1
1704,P_NOUN_8_PASS_b,F,P,les jupes avec les chapeaux que j' aime beaucoup ne sont probablement pas ouvertes <eos>,13,ouvertes,ouverts,11,M,ouvertes,-7.964978,ouverts,-9.181428,1
1705,P_NOUN_8_PASS_b,F,P,les jupes avec les chapeaux que j' aime beaucoup ne sont probablement pas perdues <eos>,13,perdues,perdus,11,M,perdues,-8.448635,perdus,-9.143236,1
1706,P_NOUN_8_PASS_b,F,P,les jupes avec les chapeaux que j' aime beaucoup ne sont probablement pas réparées <eos>,13,réparées,réparés,11,M,réparées,-9.668123,réparés,-12.351524,1
1707,P_NOUN_8_PASS_b,F,P,les jupes avec les chapeaux que j' aime beaucoup ne sont probablement pas retirées <eos>,13,retirées,retirés,11,M,retirées,-8.487809,retirés,-10.513033,1
1708,P_NOUN_8_PASS_b,F,P,les jupes avec les chapeaux que j' aime beaucoup ne sont probablement pas tombées <eos>,13,tombées,tombés,11,M,tombées,-8.301405,tombés,-8.272896,0
1709,P_NOUN_8_PASS_b,F,P,les jupes avec les chapeaux que j' aime beaucoup ne sont probablement pas utilisées <eos>,13,utilisées,utilisés,11,M,utilisées,-5.731532,utilisés,-6.757498,1
1710,P_NOUN_8_PASS_b,F,P,les jupes avec les pots que j' aime beaucoup ne sont probablement pas achetées <eos>,13,achetées,achetés,11,M,achetées,-10.61944,achetés,-9.890673,0
1711,P_NOUN_8_PASS_b,F,P,les jupes avec les pots que j' aime beaucoup ne sont probablement pas brisées <eos>,13,brisées,brisés,11,M,brisées,-9.464731,brisés,-11.757383,1
1712,P_NOUN_8_PASS_b,F,P,les jupes avec les pots que j' aime beaucoup ne sont probablement pas cachées <eos>,13,cachées,cachés,11,M,cachées,-8.803048,cachés,-9.18578,1
1713,P_NOUN_8_PASS_b,F,P,les jupes avec les pots que j' aime beaucoup ne sont probablement pas cassées <eos>,13,cassées,cassés,11,M,cassées,-8.586732,cassés,-9.603357,1
1714,P_NOUN_8_PASS_b,F,P,les jupes avec les pots que j' aime beaucoup ne sont probablement pas couvertes <eos>,13,couvertes,couverts,11,M,couvertes,-7.577197,couverts,-7.721981,1
1715,P_NOUN_8_PASS_b,F,P,les jupes avec les pots que j' aime beaucoup ne sont probablement pas déformées <eos>,13,déformées,déformés,11,M,déformées,-8.377093,déformés,-12.652063,1
1716,P_NOUN_8_PASS_b,F,P,les jupes avec les pots que j' aime beaucoup ne sont probablement pas fixées <eos>,13,fixées,fixés,11,M,fixées,-8.1676655,fixés,-8.625721,1
1717,P_NOUN_8_PASS_b,F,P,les jupes avec les pots que j' aime beaucoup ne sont probablement pas jetées <eos>,13,jetées,jetés,11,M,jetées,-9.301392,jetés,-9.526377,1
1718,P_NOUN_8_PASS_b,F,P,les jupes avec les pots que j' aime beaucoup ne sont probablement pas laissées <eos>,13,laissées,laissés,11,M,laissées,-7.884595,laissés,-9.783752,1
1719,P_NOUN_8_PASS_b,F,P,les jupes avec les pots que j' aime beaucoup ne sont probablement pas ouvertes <eos>,13,ouvertes,ouverts,11,M,ouvertes,-7.9166617,ouverts,-8.41005,1
1720,P_NOUN_8_PASS_b,F,P,les jupes avec les pots que j' aime beaucoup ne sont probablement pas perdues <eos>,13,perdues,perdus,11,M,perdues,-8.462488,perdus,-8.320904,0
1721,P_NOUN_8_PASS_b,F,P,les jupes avec les pots que j' aime beaucoup ne sont probablement pas réparées <eos>,13,réparées,réparés,11,M,réparées,-9.135408,réparés,-11.40703,1
1722,P_NOUN_8_PASS_b,F,P,les jupes avec les pots que j' aime beaucoup ne sont probablement pas retirées <eos>,13,retirées,retirés,11,M,retirées,-8.24788,retirés,-9.716961,1
1723,P_NOUN_8_PASS_b,F,P,les jupes avec les pots que j' aime beaucoup ne sont probablement pas tombées <eos>,13,tombées,tombés,11,M,tombées,-8.369615,tombés,-8.085745,0
1724,P_NOUN_8_PASS_b,F,P,les jupes avec les pots que j' aime beaucoup ne sont probablement pas utilisées <eos>,13,utilisées,utilisés,11,M,utilisées,-5.445474,utilisés,-5.921805,1
1725,P_NOUN_8_PASS_b,F,P,les jupes avec les coussins que j' aime beaucoup ne sont probablement pas achetées <eos>,13,achetées,achetés,11,M,achetées,-10.665615,achetés,-10.66362,0
1726,P_NOUN_8_PASS_b,F,P,les jupes avec les coussins que j' aime beaucoup ne sont probablement pas brisées <eos>,13,brisées,brisés,11,M,brisées,-9.1955385,brisés,-12.257153,1
1727,P_NOUN_8_PASS_b,F,P,les jupes avec les coussins que j' aime beaucoup ne sont probablement pas cachées <eos>,13,cachées,cachés,11,M,cachées,-8.388624,cachés,-9.622155,1
1728,P_NOUN_8_PASS_b,F,P,les jupes avec les coussins que j' aime beaucoup ne sont probablement pas cassées <eos>,13,cassées,cassés,11,M,cassées,-8.315155,cassés,-10.543213,1
1729,P_NOUN_8_PASS_b,F,P,les jupes avec les coussins que j' aime beaucoup ne sont probablement pas couvertes <eos>,13,couvertes,couverts,11,M,couvertes,-7.4070187,couverts,-8.7215,1
1730,P_NOUN_8_PASS_b,F,P,les jupes avec les coussins que j' aime beaucoup ne sont probablement pas déformées <eos>,13,déformées,déformés,11,M,déformées,-8.077357,déformés,-12.529036,1
1731,P_NOUN_8_PASS_b,F,P,les jupes avec les coussins que j' aime beaucoup ne sont probablement pas fixées <eos>,13,fixées,fixés,11,M,fixées,-7.7819595,fixés,-9.065471,1
1732,P_NOUN_8_PASS_b,F,P,les jupes avec les coussins que j' aime beaucoup ne sont probablement pas jetées <eos>,13,jetées,jetés,11,M,jetées,-8.718528,jetés,-10.122942,1
1733,P_NOUN_8_PASS_b,F,P,les jupes avec les coussins que j' aime beaucoup ne sont probablement pas laissées <eos>,13,laissées,laissés,11,M,laissées,-7.740734,laissés,-10.385225,1
1734,P_NOUN_8_PASS_b,F,P,les jupes avec les coussins que j' aime beaucoup ne sont probablement pas ouvertes <eos>,13,ouvertes,ouverts,11,M,ouvertes,-7.422274,ouverts,-8.606499,1
1735,P_NOUN_8_PASS_b,F,P,les jupes avec les coussins que j' aime beaucoup ne sont probablement pas perdues <eos>,13,perdues,perdus,11,M,perdues,-8.305719,perdus,-8.848949,1
1736,P_NOUN_8_PASS_b,F,P,les jupes avec les coussins que j' aime beaucoup ne sont probablement pas réparées <eos>,13,réparées,réparés,11,M,réparées,-8.786874,réparés,-11.839601,1
1737,P_NOUN_8_PASS_b,F,P,les jupes avec les coussins que j' aime beaucoup ne sont probablement pas retirées <eos>,13,retirées,retirés,11,M,retirées,-8.117495,retirés,-10.424435,1
1738,P_NOUN_8_PASS_b,F,P,les jupes avec les coussins que j' aime beaucoup ne sont probablement pas tombées <eos>,13,tombées,tombés,11,M,tombées,-8.469632,tombés,-9.030535,1
1739,P_NOUN_8_PASS_b,F,P,les jupes avec les coussins que j' aime beaucoup ne sont probablement pas utilisées <eos>,13,utilisées,utilisés,11,M,utilisées,-5.4088516,utilisés,-6.7661133,1
1740,P_NOUN_8_PASS_b,F,P,les jupes avec les jouets que j' aime beaucoup ne sont probablement pas achetées <eos>,13,achetées,achetés,11,M,achetées,-11.013269,achetés,-10.087427,0
1741,P_NOUN_8_PASS_b,F,P,les jupes avec les jouets que j' aime beaucoup ne sont probablement pas brisées <eos>,13,brisées,brisés,11,M,brisées,-9.84119,brisés,-12.110157,1
1742,P_NOUN_8_PASS_b,F,P,les jupes avec les jouets que j' aime beaucoup ne sont probablement pas cachées <eos>,13,cachées,cachés,11,M,cachées,-8.539358,cachés,-8.915444,1
1743,P_NOUN_8_PASS_b,F,P,les jupes avec les jouets que j' aime beaucoup ne sont probablement pas cassées <eos>,13,cassées,cassés,11,M,cassées,-9.60584,cassés,-10.323176,1
1744,P_NOUN_8_PASS_b,F,P,les jupes avec les jouets que j' aime beaucoup ne sont probablement pas couvertes <eos>,13,couvertes,couverts,11,M,couvertes,-8.587502,couverts,-8.818917,1
1745,P_NOUN_8_PASS_b,F,P,les jupes avec les jouets que j' aime beaucoup ne sont probablement pas déformées <eos>,13,déformées,déformés,11,M,déformées,-9.038505,déformés,-12.272392,1
1746,P_NOUN_8_PASS_b,F,P,les jupes avec les jouets que j' aime beaucoup ne sont probablement pas fixées <eos>,13,fixées,fixés,11,M,fixées,-8.919661,fixés,-8.994518,1
1747,P_NOUN_8_PASS_b,F,P,les jupes avec les jouets que j' aime beaucoup ne sont probablement pas jetées <eos>,13,jetées,jetés,11,M,jetées,-9.891848,jetés,-9.961989,1
1748,P_NOUN_8_PASS_b,F,P,les jupes avec les jouets que j' aime beaucoup ne sont probablement pas laissées <eos>,13,laissées,laissés,11,M,laissées,-8.548729,laissés,-9.831614,1
1749,P_NOUN_8_PASS_b,F,P,les jupes avec les jouets que j' aime beaucoup ne sont probablement pas ouvertes <eos>,13,ouvertes,ouverts,11,M,ouvertes,-8.428677,ouverts,-8.815601,1
1750,P_NOUN_8_PASS_b,F,P,les jupes avec les jouets que j' aime beaucoup ne sont probablement pas perdues <eos>,13,perdues,perdus,11,M,perdues,-8.867275,perdus,-8.482576,0
1751,P_NOUN_8_PASS_b,F,P,les jupes avec les jouets que j' aime beaucoup ne sont probablement pas réparées <eos>,13,réparées,réparés,11,M,réparées,-9.764397,réparés,-11.977949,1
1752,P_NOUN_8_PASS_b,F,P,les jupes avec les jouets que j' aime beaucoup ne sont probablement pas retirées <eos>,13,retirées,retirés,11,M,retirées,-8.807644,retirés,-10.360794,1
1753,P_NOUN_8_PASS_b,F,P,les jupes avec les jouets que j' aime beaucoup ne sont probablement pas tombées <eos>,13,tombées,tombés,11,M,tombées,-8.863629,tombés,-8.425858,0
1754,P_NOUN_8_PASS_b,F,P,les jupes avec les jouets que j' aime beaucoup ne sont probablement pas utilisées <eos>,13,utilisées,utilisés,11,M,utilisées,-6.4350767,utilisés,-6.8829594,1
1755,P_NOUN_8_PASS_b,F,P,les jupes avec les clous que j' aime beaucoup ne sont probablement pas achetées <eos>,13,achetées,achetés,11,M,achetées,-10.721878,achetés,-10.643553,0
1756,P_NOUN_8_PASS_b,F,P,les jupes avec les clous que j' aime beaucoup ne sont probablement pas brisées <eos>,13,brisées,brisés,11,M,brisées,-9.205363,brisés,-12.080265,1
1757,P_NOUN_8_PASS_b,F,P,les jupes avec les clous que j' aime beaucoup ne sont probablement pas cachées <eos>,13,cachées,cachés,11,M,cachées,-8.280225,cachés,-9.2939625,1
1758,P_NOUN_8_PASS_b,F,P,les jupes avec les clous que j' aime beaucoup ne sont probablement pas cassées <eos>,13,cassées,cassés,11,M,cassées,-8.492748,cassés,-9.987695,1
1759,P_NOUN_8_PASS_b,F,P,les jupes avec les clous que j' aime beaucoup ne sont probablement pas couvertes <eos>,13,couvertes,couverts,11,M,couvertes,-7.5199175,couverts,-8.415168,1
1760,P_NOUN_8_PASS_b,F,P,les jupes avec les clous que j' aime beaucoup ne sont probablement pas déformées <eos>,13,déformées,déformés,11,M,déformées,-8.507683,déformés,-12.657981,1
1761,P_NOUN_8_PASS_b,F,P,les jupes avec les clous que j' aime beaucoup ne sont probablement pas fixées <eos>,13,fixées,fixés,11,M,fixées,-7.794463,fixés,-8.989028,1
1762,P_NOUN_8_PASS_b,F,P,les jupes avec les clous que j' aime beaucoup ne sont probablement pas jetées <eos>,13,jetées,jetés,11,M,jetées,-8.912337,jetés,-9.629671,1
1763,P_NOUN_8_PASS_b,F,P,les jupes avec les clous que j' aime beaucoup ne sont probablement pas laissées <eos>,13,laissées,laissés,11,M,laissées,-7.895815,laissés,-9.9691,1
1764,P_NOUN_8_PASS_b,F,P,les jupes avec les clous que j' aime beaucoup ne sont probablement pas ouvertes <eos>,13,ouvertes,ouverts,11,M,ouvertes,-7.8027444,ouverts,-9.321819,1
1765,P_NOUN_8_PASS_b,F,P,les jupes avec les clous que j' aime beaucoup ne sont probablement pas perdues <eos>,13,perdues,perdus,11,M,perdues,-8.04945,perdus,-8.775235,1
1766,P_NOUN_8_PASS_b,F,P,les jupes avec les clous que j' aime beaucoup ne sont probablement pas réparées <eos>,13,réparées,réparés,11,M,réparées,-8.823703,réparés,-11.508531,1
1767,P_NOUN_8_PASS_b,F,P,les jupes avec les clous que j' aime beaucoup ne sont probablement pas retirées <eos>,13,retirées,retirés,11,M,retirées,-7.8977375,retirés,-10.025452,1
1768,P_NOUN_8_PASS_b,F,P,les jupes avec les clous que j' aime beaucoup ne sont probablement pas tombées <eos>,13,tombées,tombés,11,M,tombées,-7.9114113,tombés,-8.269107,1
1769,P_NOUN_8_PASS_b,F,P,les jupes avec les clous que j' aime beaucoup ne sont probablement pas utilisées <eos>,13,utilisées,utilisés,11,M,utilisées,-5.315044,utilisés,-6.4385085,1
1770,P_NOUN_8_PASS_b,F,P,les jupes avec les billets que j' aime beaucoup ne sont probablement pas achetées <eos>,13,achetées,achetés,11,M,achetées,-9.654173,achetés,-9.700504,1
1771,P_NOUN_8_PASS_b,F,P,les jupes avec les billets que j' aime beaucoup ne sont probablement pas brisées <eos>,13,brisées,brisés,11,M,brisées,-9.633274,brisés,-12.874577,1
1772,P_NOUN_8_PASS_b,F,P,les jupes avec les billets que j' aime beaucoup ne sont probablement pas cachées <eos>,13,cachées,cachés,11,M,cachées,-9.360992,cachés,-9.056402,0
1773,P_NOUN_8_PASS_b,F,P,les jupes avec les billets que j' aime beaucoup ne sont probablement pas cassées <eos>,13,cassées,cassés,11,M,cassées,-9.676481,cassés,-10.672906,1
1774,P_NOUN_8_PASS_b,F,P,les jupes avec les billets que j' aime beaucoup ne sont probablement pas couvertes <eos>,13,couvertes,couverts,11,M,couvertes,-8.704001,couverts,-8.719466,1
1775,P_NOUN_8_PASS_b,F,P,les jupes avec les billets que j' aime beaucoup ne sont probablement pas déformées <eos>,13,déformées,déformés,11,M,déformées,-9.283846,déformés,-13.574444,1
1776,P_NOUN_8_PASS_b,F,P,les jupes avec les billets que j' aime beaucoup ne sont probablement pas fixées <eos>,13,fixées,fixés,11,M,fixées,-8.066673,fixés,-8.441655,1
1777,P_NOUN_8_PASS_b,F,P,les jupes avec les billets que j' aime beaucoup ne sont probablement pas jetées <eos>,13,jetées,jetés,11,M,jetées,-9.581473,jetés,-9.584354,1
1778,P_NOUN_8_PASS_b,F,P,les jupes avec les billets que j' aime beaucoup ne sont probablement pas laissées <eos>,13,laissées,laissés,11,M,laissées,-8.242716,laissés,-10.482234,1
1779,P_NOUN_8_PASS_b,F,P,les jupes avec les billets que j' aime beaucoup ne sont probablement pas ouvertes <eos>,13,ouvertes,ouverts,11,M,ouvertes,-8.795368,ouverts,-9.048497,1
1780,P_NOUN_8_PASS_b,F,P,les jupes avec les billets que j' aime beaucoup ne sont probablement pas perdues <eos>,13,perdues,perdus,11,M,perdues,-7.7292824,perdus,-8.234955,1
1781,P_NOUN_8_PASS_b,F,P,les jupes avec les billets que j' aime beaucoup ne sont probablement pas réparées <eos>,13,réparées,réparés,11,M,réparées,-10.058846,réparés,-12.143428,1
1782,P_NOUN_8_PASS_b,F,P,les jupes avec les billets que j' aime beaucoup ne sont probablement pas retirées <eos>,13,retirées,retirés,11,M,retirées,-8.226587,retirés,-9.482269,1
1783,P_NOUN_8_PASS_b,F,P,les jupes avec les billets que j' aime beaucoup ne sont probablement pas tombées <eos>,13,tombées,tombés,11,M,tombées,-8.712528,tombés,-8.400618,0
1784,P_NOUN_8_PASS_b,F,P,les jupes avec les billets que j' aime beaucoup ne sont probablement pas utilisées <eos>,13,utilisées,utilisés,11,M,utilisées,-5.8554773,utilisés,-6.5226593,1
1785,P_NOUN_8_PASS_b,F,P,les jupes avec les légumes que j' aime beaucoup ne sont probablement pas achetées <eos>,13,achetées,achetés,11,M,achetées,-10.450394,achetés,-9.934745,0
1786,P_NOUN_8_PASS_b,F,P,les jupes avec les légumes que j' aime beaucoup ne sont probablement pas brisées <eos>,13,brisées,brisés,11,M,brisées,-9.616852,brisés,-12.530703,1
1787,P_NOUN_8_PASS_b,F,P,les jupes avec les légumes que j' aime beaucoup ne sont probablement pas cachées <eos>,13,cachées,cachés,11,M,cachées,-8.5936,cachés,-9.525523,1
1788,P_NOUN_8_PASS_b,F,P,les jupes avec les légumes que j' aime beaucoup ne sont probablement pas cassées <eos>,13,cassées,cassés,11,M,cassées,-8.981572,cassés,-9.742688,1
1789,P_NOUN_8_PASS_b,F,P,les jupes avec les légumes que j' aime beaucoup ne sont probablement pas couvertes <eos>,13,couvertes,couverts,11,M,couvertes,-7.6342344,couverts,-8.214864,1
1790,P_NOUN_8_PASS_b,F,P,les jupes avec les légumes que j' aime beaucoup ne sont probablement pas déformées <eos>,13,déformées,déformés,11,M,déformées,-8.942858,déformés,-13.191972,1
1791,P_NOUN_8_PASS_b,F,P,les jupes avec les légumes que j' aime beaucoup ne sont probablement pas fixées <eos>,13,fixées,fixés,11,M,fixées,-8.757784,fixés,-9.3749,1
1792,P_NOUN_8_PASS_b,F,P,les jupes avec les légumes que j' aime beaucoup ne sont probablement pas jetées <eos>,13,jetées,jetés,11,M,jetées,-9.299593,jetés,-10.446886,1
1793,P_NOUN_8_PASS_b,F,P,les jupes avec les légumes que j' aime beaucoup ne sont probablement pas laissées <eos>,13,laissées,laissés,11,M,laissées,-7.9342966,laissés,-9.796089,1
1794,P_NOUN_8_PASS_b,F,P,les jupes avec les légumes que j' aime beaucoup ne sont probablement pas ouvertes <eos>,13,ouvertes,ouverts,11,M,ouvertes,-8.090497,ouverts,-8.95814,1
1795,P_NOUN_8_PASS_b,F,P,les jupes avec les légumes que j' aime beaucoup ne sont probablement pas perdues <eos>,13,perdues,perdus,11,M,perdues,-8.509665,perdus,-9.003382,1
1796,P_NOUN_8_PASS_b,F,P,les jupes avec les légumes que j' aime beaucoup ne sont probablement pas réparées <eos>,13,réparées,réparés,11,M,réparées,-9.610874,réparés,-11.874464,1
1797,P_NOUN_8_PASS_b,F,P,les jupes avec les légumes que j' aime beaucoup ne sont probablement pas retirées <eos>,13,retirées,retirés,11,M,retirées,-8.721828,retirés,-10.097228,1
1798,P_NOUN_8_PASS_b,F,P,les jupes avec les légumes que j' aime beaucoup ne sont probablement pas tombées <eos>,13,tombées,tombés,11,M,tombées,-8.104504,tombés,-8.317478,1
1799,P_NOUN_8_PASS_b,F,P,les jupes avec les légumes que j' aime beaucoup ne sont probablement pas utilisées <eos>,13,utilisées,utilisés,11,M,utilisées,-5.629414,utilisés,-6.623057,1
1800,P_NOUN_8_PASS_b,F,P,les colles avec les bracelets que j' aime beaucoup ne sont probablement pas achetées <eos>,13,achetées,achetés,11,M,achetées,-11.295852,achetés,-10.256375,0
1801,P_NOUN_8_PASS_b,F,P,les colles avec les bracelets que j' aime beaucoup ne sont probablement pas brisées <eos>,13,brisées,brisés,11,M,brisées,-9.61565,brisés,-12.504722,1
1802,P_NOUN_8_PASS_b,F,P,les colles avec les bracelets que j' aime beaucoup ne sont probablement pas cachées <eos>,13,cachées,cachés,11,M,cachées,-8.694075,cachés,-9.281712,1
1803,P_NOUN_8_PASS_b,F,P,les colles avec les bracelets que j' aime beaucoup ne sont probablement pas cassées <eos>,13,cassées,cassés,11,M,cassées,-8.433904,cassés,-9.977513,1
1804,P_NOUN_8_PASS_b,F,P,les colles avec les bracelets que j' aime beaucoup ne sont probablement pas couvertes <eos>,13,couvertes,couverts,11,M,couvertes,-8.264666,couverts,-8.676772,1
1805,P_NOUN_8_PASS_b,F,P,les colles avec les bracelets que j' aime beaucoup ne sont probablement pas déformées <eos>,13,déformées,déformés,11,M,déformées,-7.7701926,déformés,-12.959146,1
1806,P_NOUN_8_PASS_b,F,P,les colles avec les bracelets que j' aime beaucoup ne sont probablement pas fixées <eos>,13,fixées,fixés,11,M,fixées,-8.202014,fixés,-9.561923,1
1807,P_NOUN_8_PASS_b,F,P,les colles avec les bracelets que j' aime beaucoup ne sont probablement pas jetées <eos>,13,jetées,jetés,11,M,jetées,-9.112985,jetés,-9.600022,1
1808,P_NOUN_8_PASS_b,F,P,les colles avec les bracelets que j' aime beaucoup ne sont probablement pas laissées <eos>,13,laissées,laissés,11,M,laissées,-8.167755,laissés,-10.380329,1
1809,P_NOUN_8_PASS_b,F,P,les colles avec les bracelets que j' aime beaucoup ne sont probablement pas ouvertes <eos>,13,ouvertes,ouverts,11,M,ouvertes,-8.57594,ouverts,-9.523951,1
1810,P_NOUN_8_PASS_b,F,P,les colles avec les bracelets que j' aime beaucoup ne sont probablement pas perdues <eos>,13,perdues,perdus,11,M,perdues,-8.042608,perdus,-8.691767,1
1811,P_NOUN_8_PASS_b,F,P,les colles avec les bracelets que j' aime beaucoup ne sont probablement pas réparées <eos>,13,réparées,réparés,11,M,réparées,-9.864623,réparés,-12.599316,1
1812,P_NOUN_8_PASS_b,F,P,les colles avec les bracelets que j' aime beaucoup ne sont probablement pas retirées <eos>,13,retirées,retirés,11,M,retirées,-8.800123,retirés,-9.728391,1
1813,P_NOUN_8_PASS_b,F,P,les colles avec les bracelets que j' aime beaucoup ne sont probablement pas tombées <eos>,13,tombées,tombés,11,M,tombées,-8.338795,tombés,-8.412033,1
1814,P_NOUN_8_PASS_b,F,P,les colles avec les bracelets que j' aime beaucoup ne sont probablement pas utilisées <eos>,13,utilisées,utilisés,11,M,utilisées,-4.8371944,utilisés,-5.613267,1
1815,P_NOUN_8_PASS_b,F,P,les colles avec les miroirs que j' aime beaucoup ne sont probablement pas achetées <eos>,13,achetées,achetés,11,M,achetées,-11.850729,achetés,-10.539944,0
1816,P_NOUN_8_PASS_b,F,P,les colles avec les miroirs que j' aime beaucoup ne sont probablement pas brisées <eos>,13,brisées,brisés,11,M,brisées,-9.402358,brisés,-12.15615,1
1817,P_NOUN_8_PASS_b,F,P,les colles avec les miroirs que j' aime beaucoup ne sont probablement pas cachées <eos>,13,cachées,cachés,11,M,cachées,-8.682492,cachés,-9.336617,1
1818,P_NOUN_8_PASS_b,F,P,les colles avec les miroirs que j' aime beaucoup ne sont probablement pas cassées <eos>,13,cassées,cassés,11,M,cassées,-9.0823555,cassés,-10.179769,1
1819,P_NOUN_8_PASS_b,F,P,les colles avec les miroirs que j' aime beaucoup ne sont probablement pas couvertes <eos>,13,couvertes,couverts,11,M,couvertes,-7.8033376,couverts,-8.5276165,1
1820,P_NOUN_8_PASS_b,F,P,les colles avec les miroirs que j' aime beaucoup ne sont probablement pas déformées <eos>,13,déformées,déformés,11,M,déformées,-7.1967826,déformés,-12.447039,1
1821,P_NOUN_8_PASS_b,F,P,les colles avec les miroirs que j' aime beaucoup ne sont probablement pas fixées <eos>,13,fixées,fixés,11,M,fixées,-8.257338,fixés,-9.376193,1
1822,P_NOUN_8_PASS_b,F,P,les colles avec les miroirs que j' aime beaucoup ne sont probablement pas jetées <eos>,13,jetées,jetés,11,M,jetées,-9.311728,jetés,-9.914261,1
1823,P_NOUN_8_PASS_b,F,P,les colles avec les miroirs que j' aime beaucoup ne sont probablement pas laissées <eos>,13,laissées,laissés,11,M,laissées,-7.9727526,laissés,-10.6296015,1
1824,P_NOUN_8_PASS_b,F,P,les colles avec les miroirs que j' aime beaucoup ne sont probablement pas ouvertes <eos>,13,ouvertes,ouverts,11,M,ouvertes,-7.8043833,ouverts,-8.789037,1
1825,P_NOUN_8_PASS_b,F,P,les colles avec les miroirs que j' aime beaucoup ne sont probablement pas perdues <eos>,13,perdues,perdus,11,M,perdues,-7.8826303,perdus,-8.17168,1
1826,P_NOUN_8_PASS_b,F,P,les colles avec les miroirs que j' aime beaucoup ne sont probablement pas réparées <eos>,13,réparées,réparés,11,M,réparées,-9.08378,réparés,-11.772386,1
1827,P_NOUN_8_PASS_b,F,P,les colles avec les miroirs que j' aime beaucoup ne sont probablement pas retirées <eos>,13,retirées,retirés,11,M,retirées,-8.490896,retirés,-9.840195,1
1828,P_NOUN_8_PASS_b,F,P,les colles avec les miroirs que j' aime beaucoup ne sont probablement pas tombées <eos>,13,tombées,tombés,11,M,tombées,-8.472618,tombés,-9.56875,1
1829,P_NOUN_8_PASS_b,F,P,les colles avec les miroirs que j' aime beaucoup ne sont probablement pas utilisées <eos>,13,utilisées,utilisés,11,M,utilisées,-4.72989,utilisés,-5.587694,1
1830,P_NOUN_8_PASS_b,F,P,les colles avec les crayons que j' aime beaucoup ne sont probablement pas achetées <eos>,13,achetées,achetés,11,M,achetées,-11.526458,achetés,-9.921477,0
1831,P_NOUN_8_PASS_b,F,P,les colles avec les crayons que j' aime beaucoup ne sont probablement pas brisées <eos>,13,brisées,brisés,11,M,brisées,-10.061371,brisés,-12.69245,1
1832,P_NOUN_8_PASS_b,F,P,les colles avec les crayons que j' aime beaucoup ne sont probablement pas cachées <eos>,13,cachées,cachés,11,M,cachées,-9.184584,cachés,-9.271025,1
1833,P_NOUN_8_PASS_b,F,P,les colles avec les crayons que j' aime beaucoup ne sont probablement pas cassées <eos>,13,cassées,cassés,11,M,cassées,-9.278997,cassés,-9.578817,1
1834,P_NOUN_8_PASS_b,F,P,les colles avec les crayons que j' aime beaucoup ne sont probablement pas couvertes <eos>,13,couvertes,couverts,11,M,couvertes,-8.323021,couverts,-8.338532,1
1835,P_NOUN_8_PASS_b,F,P,les colles avec les crayons que j' aime beaucoup ne sont probablement pas déformées <eos>,13,déformées,déformés,11,M,déformées,-8.156603,déformés,-13.098587,1
1836,P_NOUN_8_PASS_b,F,P,les colles avec les crayons que j' aime beaucoup ne sont probablement pas fixées <eos>,13,fixées,fixés,11,M,fixées,-8.807943,fixés,-9.596798,1
1837,P_NOUN_8_PASS_b,F,P,les colles avec les crayons que j' aime beaucoup ne sont probablement pas jetées <eos>,13,jetées,jetés,11,M,jetées,-9.935569,jetés,-10.095439,1
1838,P_NOUN_8_PASS_b,F,P,les colles avec les crayons que j' aime beaucoup ne sont probablement pas laissées <eos>,13,laissées,laissés,11,M,laissées,-8.107948,laissés,-10.132146,1
1839,P_NOUN_8_PASS_b,F,P,les colles avec les crayons que j' aime beaucoup ne sont probablement pas ouvertes <eos>,13,ouvertes,ouverts,11,M,ouvertes,-8.575602,ouverts,-9.530015,1
1840,P_NOUN_8_PASS_b,F,P,les colles avec les crayons que j' aime beaucoup ne sont probablement pas perdues <eos>,13,perdues,perdus,11,M,perdues,-8.109422,perdus,-8.583596,1
1841,P_NOUN_8_PASS_b,F,P,les colles avec les crayons que j' aime beaucoup ne sont probablement pas réparées <eos>,13,réparées,réparés,11,M,réparées,-9.396268,réparés,-11.709427,1
1842,P_NOUN_8_PASS_b,F,P,les colles avec les crayons que j' aime beaucoup ne sont probablement pas retirées <eos>,13,retirées,retirés,11,M,retirées,-8.6388855,retirés,-9.69818,1
1843,P_NOUN_8_PASS_b,F,P,les colles avec les crayons que j' aime beaucoup ne sont probablement pas tombées <eos>,13,tombées,tombés,11,M,tombées,-8.475972,tombés,-8.89947,1
1844,P_NOUN_8_PASS_b,F,P,les colles avec les crayons que j' aime beaucoup ne sont probablement pas utilisées <eos>,13,utilisées,utilisés,11,M,utilisées,-4.862875,utilisés,-5.467808,1
1845,P_NOUN_8_PASS_b,F,P,les colles avec les rideaux que j' aime beaucoup ne sont probablement pas achetées <eos>,13,achetées,achetés,11,M,achetées,-11.032609,achetés,-10.299323,0
1846,P_NOUN_8_PASS_b,F,P,les colles avec les rideaux que j' aime beaucoup ne sont probablement pas brisées <eos>,13,brisées,brisés,11,M,brisées,-9.422853,brisés,-12.531556,1
1847,P_NOUN_8_PASS_b,F,P,les colles avec les rideaux que j' aime beaucoup ne sont probablement pas cachées <eos>,13,cachées,cachés,11,M,cachées,-8.417568,cachés,-9.379892,1
1848,P_NOUN_8_PASS_b,F,P,les colles avec les rideaux que j' aime beaucoup ne sont probablement pas cassées <eos>,13,cassées,cassés,11,M,cassées,-8.529604,cassés,-9.937948,1
1849,P_NOUN_8_PASS_b,F,P,les colles avec les rideaux que j' aime beaucoup ne sont probablement pas couvertes <eos>,13,couvertes,couverts,11,M,couvertes,-7.515728,couverts,-8.389528,1
1850,P_NOUN_8_PASS_b,F,P,les colles avec les rideaux que j' aime beaucoup ne sont probablement pas déformées <eos>,13,déformées,déformés,11,M,déformées,-7.816073,déformés,-13.0999,1
1851,P_NOUN_8_PASS_b,F,P,les colles avec les rideaux que j' aime beaucoup ne sont probablement pas fixées <eos>,13,fixées,fixés,11,M,fixées,-8.197418,fixés,-9.506751,1
1852,P_NOUN_8_PASS_b,F,P,les colles avec les rideaux que j' aime beaucoup ne sont probablement pas jetées <eos>,13,jetées,jetés,11,M,jetées,-9.02992,jetés,-10.016956,1
1853,P_NOUN_8_PASS_b,F,P,les colles avec les rideaux que j' aime beaucoup ne sont probablement pas laissées <eos>,13,laissées,laissés,11,M,laissées,-7.572174,laissés,-10.143144,1
1854,P_NOUN_8_PASS_b,F,P,les colles avec les rideaux que j' aime beaucoup ne sont probablement pas ouvertes <eos>,13,ouvertes,ouverts,11,M,ouvertes,-7.896282,ouverts,-9.278397,1
1855,P_NOUN_8_PASS_b,F,P,les colles avec les rideaux que j' aime beaucoup ne sont probablement pas perdues <eos>,13,perdues,perdus,11,M,perdues,-7.814231,perdus,-8.706032,1
1856,P_NOUN_8_PASS_b,F,P,les colles avec les rideaux que j' aime beaucoup ne sont probablement pas réparées <eos>,13,réparées,réparés,11,M,réparées,-8.801482,réparés,-11.849399,1
1857,P_NOUN_8_PASS_b,F,P,les colles avec les rideaux que j' aime beaucoup ne sont probablement pas retirées <eos>,13,retirées,retirés,11,M,retirées,-8.107386,retirés,-10.17823,1
1858,P_NOUN_8_PASS_b,F,P,les colles avec les rideaux que j' aime beaucoup ne sont probablement pas tombées <eos>,13,tombées,tombés,11,M,tombées,-7.926736,tombés,-8.837919,1
1859,P_NOUN_8_PASS_b,F,P,les colles avec les rideaux que j' aime beaucoup ne sont probablement pas utilisées <eos>,13,utilisées,utilisés,11,M,utilisées,-4.799585,utilisés,-6.0775256,1
1860,P_NOUN_8_PASS_b,F,P,les colles avec les cahiers que j' aime beaucoup ne sont probablement pas achetées <eos>,13,achetées,achetés,11,M,achetées,-11.436153,achetés,-10.264167,0
1861,P_NOUN_8_PASS_b,F,P,les colles avec les cahiers que j' aime beaucoup ne sont probablement pas brisées <eos>,13,brisées,brisés,11,M,brisées,-10.40469,brisés,-13.256493,1
1862,P_NOUN_8_PASS_b,F,P,les colles avec les cahiers que j' aime beaucoup ne sont probablement pas cachées <eos>,13,cachées,cachés,11,M,cachées,-9.168655,cachés,-9.788965,1
1863,P_NOUN_8_PASS_b,F,P,les colles avec les cahiers que j' aime beaucoup ne sont probablement pas cassées <eos>,13,cassées,cassés,11,M,cassées,-9.897553,cassés,-10.784094,1
1864,P_NOUN_8_PASS_b,F,P,les colles avec les cahiers que j' aime beaucoup ne sont probablement pas couvertes <eos>,13,couvertes,couverts,11,M,couvertes,-8.34941,couverts,-8.759564,1
1865,P_NOUN_8_PASS_b,F,P,les colles avec les cahiers que j' aime beaucoup ne sont probablement pas déformées <eos>,13,déformées,déformés,11,M,déformées,-8.207403,déformés,-13.513094,1
1866,P_NOUN_8_PASS_b,F,P,les colles avec les cahiers que j' aime beaucoup ne sont probablement pas fixées <eos>,13,fixées,fixés,11,M,fixées,-9.003384,fixés,-10.27722,1
1867,P_NOUN_8_PASS_b,F,P,les colles avec les cahiers que j' aime beaucoup ne sont probablement pas jetées <eos>,13,jetées,jetés,11,M,jetées,-10.538511,jetés,-10.964462,1
1868,P_NOUN_8_PASS_b,F,P,les colles avec les cahiers que j' aime beaucoup ne sont probablement pas laissées <eos>,13,laissées,laissés,11,M,laissées,-8.221309,laissés,-10.623129,1
1869,P_NOUN_8_PASS_b,F,P,les colles avec les cahiers que j' aime beaucoup ne sont probablement pas ouvertes <eos>,13,ouvertes,ouverts,11,M,ouvertes,-7.8174376,ouverts,-9.15559,1
1870,P_NOUN_8_PASS_b,F,P,les colles avec les cahiers que j' aime beaucoup ne sont probablement pas perdues <eos>,13,perdues,perdus,11,M,perdues,-7.662527,perdus,-8.37095,1
1871,P_NOUN_8_PASS_b,F,P,les colles avec les cahiers que j' aime beaucoup ne sont probablement pas réparées <eos>,13,réparées,réparés,11,M,réparées,-9.794261,réparés,-12.438605,1
1872,P_NOUN_8_PASS_b,F,P,les colles avec les cahiers que j' aime beaucoup ne sont probablement pas retirées <eos>,13,retirées,retirés,11,M,retirées,-8.698705,retirés,-10.363091,1
1873,P_NOUN_8_PASS_b,F,P,les colles avec les cahiers que j' aime beaucoup ne sont probablement pas tombées <eos>,13,tombées,tombés,11,M,tombées,-8.754472,tombés,-9.459421,1
1874,P_NOUN_8_PASS_b,F,P,les colles avec les cahiers que j' aime beaucoup ne sont probablement pas utilisées <eos>,13,utilisées,utilisés,11,M,utilisées,-5.109011,utilisés,-6.1870484,1
1875,P_NOUN_8_PASS_b,F,P,les colles avec les micros que j' aime beaucoup ne sont probablement pas achetées <eos>,13,achetées,achetés,11,M,achetées,-11.357336,achetés,-10.6510725,0
1876,P_NOUN_8_PASS_b,F,P,les colles avec les micros que j' aime beaucoup ne sont probablement pas brisées <eos>,13,brisées,brisés,11,M,brisées,-9.556855,brisés,-12.560978,1
1877,P_NOUN_8_PASS_b,F,P,les colles avec les micros que j' aime beaucoup ne sont probablement pas cachées <eos>,13,cachées,cachés,11,M,cachées,-9.158834,cachés,-9.919584,1
1878,P_NOUN_8_PASS_b,F,P,les colles avec les micros que j' aime beaucoup ne sont probablement pas cassées <eos>,13,cassées,cassés,11,M,cassées,-9.120072,cassés,-10.383296,1
1879,P_NOUN_8_PASS_b,F,P,les colles avec les micros que j' aime beaucoup ne sont probablement pas couvertes <eos>,13,couvertes,couverts,11,M,couvertes,-7.9621987,couverts,-8.526968,1
1880,P_NOUN_8_PASS_b,F,P,les colles avec les micros que j' aime beaucoup ne sont probablement pas déformées <eos>,13,déformées,déformés,11,M,déformées,-7.830398,déformés,-13.24272,1
1881,P_NOUN_8_PASS_b,F,P,les colles avec les micros que j' aime beaucoup ne sont probablement pas fixées <eos>,13,fixées,fixés,11,M,fixées,-8.06488,fixés,-8.875301,1
1882,P_NOUN_8_PASS_b,F,P,les colles avec les micros que j' aime beaucoup ne sont probablement pas jetées <eos>,13,jetées,jetés,11,M,jetées,-9.75256,jetés,-10.592209,1
1883,P_NOUN_8_PASS_b,F,P,les colles avec les micros que j' aime beaucoup ne sont probablement pas laissées <eos>,13,laissées,laissés,11,M,laissées,-7.659027,laissés,-10.797782,1
1884,P_NOUN_8_PASS_b,F,P,les colles avec les micros que j' aime beaucoup ne sont probablement pas ouvertes <eos>,13,ouvertes,ouverts,11,M,ouvertes,-8.154495,ouverts,-9.254305,1
1885,P_NOUN_8_PASS_b,F,P,les colles avec les micros que j' aime beaucoup ne sont probablement pas perdues <eos>,13,perdues,perdus,11,M,perdues,-8.296338,perdus,-8.725169,1
1886,P_NOUN_8_PASS_b,F,P,les colles avec les micros que j' aime beaucoup ne sont probablement pas réparées <eos>,13,réparées,réparés,11,M,réparées,-9.634146,réparés,-12.385742,1
1887,P_NOUN_8_PASS_b,F,P,les colles avec les micros que j' aime beaucoup ne sont probablement pas retirées <eos>,13,retirées,retirés,11,M,retirées,-8.551632,retirés,-10.307604,1
1888,P_NOUN_8_PASS_b,F,P,les colles avec les micros que j' aime beaucoup ne sont probablement pas tombées <eos>,13,tombées,tombés,11,M,tombées,-8.737699,tombés,-9.47068,1
1889,P_NOUN_8_PASS_b,F,P,les colles avec les micros que j' aime beaucoup ne sont probablement pas utilisées <eos>,13,utilisées,utilisés,11,M,utilisées,-4.6010523,utilisés,-5.531576,1
1890,P_NOUN_8_PASS_b,F,P,les colles avec les sacs que j' aime beaucoup ne sont probablement pas achetées <eos>,13,achetées,achetés,11,M,achetées,-11.608768,achetés,-9.872568,0
1891,P_NOUN_8_PASS_b,F,P,les colles avec les sacs que j' aime beaucoup ne sont probablement pas brisées <eos>,13,brisées,brisés,11,M,brisées,-10.057642,brisés,-12.40133,1
1892,P_NOUN_8_PASS_b,F,P,les colles avec les sacs que j' aime beaucoup ne sont probablement pas cachées <eos>,13,cachées,cachés,11,M,cachées,-9.161359,cachés,-9.2335615,1
1893,P_NOUN_8_PASS_b,F,P,les colles avec les sacs que j' aime beaucoup ne sont probablement pas cassées <eos>,13,cassées,cassés,11,M,cassées,-9.122773,cassés,-9.721307,1
1894,P_NOUN_8_PASS_b,F,P,les colles avec les sacs que j' aime beaucoup ne sont probablement pas couvertes <eos>,13,couvertes,couverts,11,M,couvertes,-7.9346833,couverts,-8.007811,1
1895,P_NOUN_8_PASS_b,F,P,les colles avec les sacs que j' aime beaucoup ne sont probablement pas déformées <eos>,13,déformées,déformés,11,M,déformées,-8.59745,déformés,-13.244858,1
1896,P_NOUN_8_PASS_b,F,P,les colles avec les sacs que j' aime beaucoup ne sont probablement pas fixées <eos>,13,fixées,fixés,11,M,fixées,-8.695879,fixés,-9.09447,1
1897,P_NOUN_8_PASS_b,F,P,les colles avec les sacs que j' aime beaucoup ne sont probablement pas jetées <eos>,13,jetées,jetés,11,M,jetées,-9.62039,jetés,-9.643501,1
1898,P_NOUN_8_PASS_b,F,P,les colles avec les sacs que j' aime beaucoup ne sont probablement pas laissées <eos>,13,laissées,laissés,11,M,laissées,-8.283157,laissés,-10.161901,1
1899,P_NOUN_8_PASS_b,F,P,les colles avec les sacs que j' aime beaucoup ne sont probablement pas ouvertes <eos>,13,ouvertes,ouverts,11,M,ouvertes,-8.310453,ouverts,-8.997095,1
1900,P_NOUN_8_PASS_b,F,P,les colles avec les sacs que j' aime beaucoup ne sont probablement pas perdues <eos>,13,perdues,perdus,11,M,perdues,-8.501977,perdus,-8.662971,1
1901,P_NOUN_8_PASS_b,F,P,les colles avec les sacs que j' aime beaucoup ne sont probablement pas réparées <eos>,13,réparées,réparés,11,M,réparées,-9.623414,réparés,-11.726859,1
1902,P_NOUN_8_PASS_b,F,P,les colles avec les sacs que j' aime beaucoup ne sont probablement pas retirées <eos>,13,retirées,retirés,11,M,retirées,-8.814732,retirés,-9.59643,1
1903,P_NOUN_8_PASS_b,F,P,les colles avec les sacs que j' aime beaucoup ne sont probablement pas tombées <eos>,13,tombées,tombés,11,M,tombées,-8.692845,tombés,-8.782713,1
1904,P_NOUN_8_PASS_b,F,P,les colles avec les sacs que j' aime beaucoup ne sont probablement pas utilisées <eos>,13,utilisées,utilisés,11,M,utilisées,-4.9536986,utilisés,-5.461984,1
1905,P_NOUN_8_PASS_b,F,P,les colles avec les claviers que j' aime beaucoup ne sont probablement pas achetées <eos>,13,achetées,achetés,11,M,achetées,-11.171178,achetés,-10.966456,0
1906,P_NOUN_8_PASS_b,F,P,les colles avec les claviers que j' aime beaucoup ne sont probablement pas brisées <eos>,13,brisées,brisés,11,M,brisées,-9.35737,brisés,-12.506275,1
1907,P_NOUN_8_PASS_b,F,P,les colles avec les claviers que j' aime beaucoup ne sont probablement pas cachées <eos>,13,cachées,cachés,11,M,cachées,-8.736405,cachés,-10.09251,1
1908,P_NOUN_8_PASS_b,F,P,les colles avec les claviers que j' aime beaucoup ne sont probablement pas cassées <eos>,13,cassées,cassés,11,M,cassées,-9.400866,cassés,-10.933494,1
1909,P_NOUN_8_PASS_b,F,P,les colles avec les claviers que j' aime beaucoup ne sont probablement pas couvertes <eos>,13,couvertes,couverts,11,M,couvertes,-8.121332,couverts,-9.158199,1
1910,P_NOUN_8_PASS_b,F,P,les colles avec les claviers que j' aime beaucoup ne sont probablement pas déformées <eos>,13,déformées,déformés,11,M,déformées,-7.726244,déformés,-13.158024,1
1911,P_NOUN_8_PASS_b,F,P,les colles avec les claviers que j' aime beaucoup ne sont probablement pas fixées <eos>,13,fixées,fixés,11,M,fixées,-8.451966,fixés,-9.34566,1
1912,P_NOUN_8_PASS_b,F,P,les colles avec les claviers que j' aime beaucoup ne sont probablement pas jetées <eos>,13,jetées,jetés,11,M,jetées,-10.088848,jetés,-10.982062,1
1913,P_NOUN_8_PASS_b,F,P,les colles avec les claviers que j' aime beaucoup ne sont probablement pas laissées <eos>,13,laissées,laissés,11,M,laissées,-7.7401752,laissés,-10.668782,1
1914,P_NOUN_8_PASS_b,F,P,les colles avec les claviers que j' aime beaucoup ne sont probablement pas ouvertes <eos>,13,ouvertes,ouverts,11,M,ouvertes,-7.745898,ouverts,-9.415299,1
1915,P_NOUN_8_PASS_b,F,P,les colles avec les claviers que j' aime beaucoup ne sont probablement pas perdues <eos>,13,perdues,perdus,11,M,perdues,-7.9661245,perdus,-8.978735,1
1916,P_NOUN_8_PASS_b,F,P,les colles avec les claviers que j' aime beaucoup ne sont probablement pas réparées <eos>,13,réparées,réparés,11,M,réparées,-9.55658,réparés,-12.579942,1
1917,P_NOUN_8_PASS_b,F,P,les colles avec les claviers que j' aime beaucoup ne sont probablement pas retirées <eos>,13,retirées,retirés,11,M,retirées,-8.666581,retirés,-10.690598,1
1918,P_NOUN_8_PASS_b,F,P,les colles avec les claviers que j' aime beaucoup ne sont probablement pas tombées <eos>,13,tombées,tombés,11,M,tombées,-8.874236,tombés,-10.158439,1
1919,P_NOUN_8_PASS_b,F,P,les colles avec les claviers que j' aime beaucoup ne sont probablement pas utilisées <eos>,13,utilisées,utilisés,11,M,utilisées,-4.841426,utilisés,-6.2404222,1
1920,P_NOUN_8_PASS_b,F,P,les colles avec les raisins que j' aime beaucoup ne sont probablement pas achetées <eos>,13,achetées,achetés,11,M,achetées,-10.650575,achetés,-9.423094,0
1921,P_NOUN_8_PASS_b,F,P,les colles avec les raisins que j' aime beaucoup ne sont probablement pas brisées <eos>,13,brisées,brisés,11,M,brisées,-10.040697,brisés,-13.022179,1
1922,P_NOUN_8_PASS_b,F,P,les colles avec les raisins que j' aime beaucoup ne sont probablement pas cachées <eos>,13,cachées,cachés,11,M,cachées,-9.003348,cachés,-9.683484,1
1923,P_NOUN_8_PASS_b,F,P,les colles avec les raisins que j' aime beaucoup ne sont probablement pas cassées <eos>,13,cassées,cassés,11,M,cassées,-9.301967,cassés,-9.227558,0
1924,P_NOUN_8_PASS_b,F,P,les colles avec les raisins que j' aime beaucoup ne sont probablement pas couvertes <eos>,13,couvertes,couverts,11,M,couvertes,-7.668867,couverts,-7.720601,1
1925,P_NOUN_8_PASS_b,F,P,les colles avec les raisins que j' aime beaucoup ne sont probablement pas déformées <eos>,13,déformées,déformés,11,M,déformées,-8.757065,déformés,-14.093593,1
1926,P_NOUN_8_PASS_b,F,P,les colles avec les raisins que j' aime beaucoup ne sont probablement pas fixées <eos>,13,fixées,fixés,11,M,fixées,-8.658405,fixés,-9.29641,1
1927,P_NOUN_8_PASS_b,F,P,les colles avec les raisins que j' aime beaucoup ne sont probablement pas jetées <eos>,13,jetées,jetés,11,M,jetées,-10.566029,jetés,-10.902969,1
1928,P_NOUN_8_PASS_b,F,P,les colles avec les raisins que j' aime beaucoup ne sont probablement pas laissées <eos>,13,laissées,laissés,11,M,laissées,-7.652954,laissés,-10.107996,1
1929,P_NOUN_8_PASS_b,F,P,les colles avec les raisins que j' aime beaucoup ne sont probablement pas ouvertes <eos>,13,ouvertes,ouverts,11,M,ouvertes,-8.212736,ouverts,-9.6213665,1
1930,P_NOUN_8_PASS_b,F,P,les colles avec les raisins que j' aime beaucoup ne sont probablement pas perdues <eos>,13,perdues,perdus,11,M,perdues,-8.44363,perdus,-9.089425,1
1931,P_NOUN_8_PASS_b,F,P,les colles avec les raisins que j' aime beaucoup ne sont probablement pas réparées <eos>,13,réparées,réparés,11,M,réparées,-9.7825365,réparés,-12.282215,1
1932,P_NOUN_8_PASS_b,F,P,les colles avec les raisins que j' aime beaucoup ne sont probablement pas retirées <eos>,13,retirées,retirés,11,M,retirées,-8.542967,retirés,-9.842887,1
1933,P_NOUN_8_PASS_b,F,P,les colles avec les raisins que j' aime beaucoup ne sont probablement pas tombées <eos>,13,tombées,tombés,11,M,tombées,-7.984929,tombés,-8.785574,1
1934,P_NOUN_8_PASS_b,F,P,les colles avec les raisins que j' aime beaucoup ne sont probablement pas utilisées <eos>,13,utilisées,utilisés,11,M,utilisées,-4.6844826,utilisés,-5.63124,1
1935,P_NOUN_8_PASS_b,F,P,les colles avec les chargeurs que j' aime beaucoup ne sont probablement pas achetées <eos>,13,achetées,achetés,11,M,achetées,-10.825296,achetés,-10.191133,0
1936,P_NOUN_8_PASS_b,F,P,les colles avec les chargeurs que j' aime beaucoup ne sont probablement pas brisées <eos>,13,brisées,brisés,11,M,brisées,-9.864204,brisés,-12.865241,1
1937,P_NOUN_8_PASS_b,F,P,les colles avec les chargeurs que j' aime beaucoup ne sont probablement pas cachées <eos>,13,cachées,cachés,11,M,cachées,-9.388824,cachés,-9.303535,0
1938,P_NOUN_8_PASS_b,F,P,les colles avec les chargeurs que j' aime beaucoup ne sont probablement pas cassées <eos>,13,cassées,cassés,11,M,cassées,-9.332346,cassés,-9.913968,1
1939,P_NOUN_8_PASS_b,F,P,les colles avec les chargeurs que j' aime beaucoup ne sont probablement pas couvertes <eos>,13,couvertes,couverts,11,M,couvertes,-7.8558073,couverts,-8.381716,1
1940,P_NOUN_8_PASS_b,F,P,les colles avec les chargeurs que j' aime beaucoup ne sont probablement pas déformées <eos>,13,déformées,déformés,11,M,déformées,-8.380352,déformés,-13.732852,1
1941,P_NOUN_8_PASS_b,F,P,les colles avec les chargeurs que j' aime beaucoup ne sont probablement pas fixées <eos>,13,fixées,fixés,11,M,fixées,-8.008631,fixés,-8.862462,1
1942,P_NOUN_8_PASS_b,F,P,les colles avec les chargeurs que j' aime beaucoup ne sont probablement pas jetées <eos>,13,jetées,jetés,11,M,jetées,-9.933336,jetés,-10.260143,1
1943,P_NOUN_8_PASS_b,F,P,les colles avec les chargeurs que j' aime beaucoup ne sont probablement pas laissées <eos>,13,laissées,laissés,11,M,laissées,-7.790504,laissés,-10.721395,1
1944,P_NOUN_8_PASS_b,F,P,les colles avec les chargeurs que j' aime beaucoup ne sont probablement pas ouvertes <eos>,13,ouvertes,ouverts,11,M,ouvertes,-8.493943,ouverts,-9.37363,1
1945,P_NOUN_8_PASS_b,F,P,les colles avec les chargeurs que j' aime beaucoup ne sont probablement pas perdues <eos>,13,perdues,perdus,11,M,perdues,-7.886631,perdus,-8.659278,1
1946,P_NOUN_8_PASS_b,F,P,les colles avec les chargeurs que j' aime beaucoup ne sont probablement pas réparées <eos>,13,réparées,réparés,11,M,réparées,-9.430853,réparés,-11.695822,1
1947,P_NOUN_8_PASS_b,F,P,les colles avec les chargeurs que j' aime beaucoup ne sont probablement pas retirées <eos>,13,retirées,retirés,11,M,retirées,-8.354025,retirés,-9.161536,1
1948,P_NOUN_8_PASS_b,F,P,les colles avec les chargeurs que j' aime beaucoup ne sont probablement pas tombées <eos>,13,tombées,tombés,11,M,tombées,-8.673518,tombés,-8.949262,1
1949,P_NOUN_8_PASS_b,F,P,les colles avec les chargeurs que j' aime beaucoup ne sont probablement pas utilisées <eos>,13,utilisées,utilisés,11,M,utilisées,-4.3447943,utilisés,-5.342909,1
1950,P_NOUN_8_PASS_b,F,P,les colles avec les vases que j' aime beaucoup ne sont probablement pas achetées <eos>,13,achetées,achetés,11,M,achetées,-11.5578165,achetés,-10.289753,0
1951,P_NOUN_8_PASS_b,F,P,les colles avec les vases que j' aime beaucoup ne sont probablement pas brisées <eos>,13,brisées,brisés,11,M,brisées,-9.630983,brisés,-12.2874775,1
1952,P_NOUN_8_PASS_b,F,P,les colles avec les vases que j' aime beaucoup ne sont probablement pas cachées <eos>,13,cachées,cachés,11,M,cachées,-8.668822,cachés,-9.644563,1
1953,P_NOUN_8_PASS_b,F,P,les colles avec les vases que j' aime beaucoup ne sont probablement pas cassées <eos>,13,cassées,cassés,11,M,cassées,-8.673846,cassés,-9.586932,1
1954,P_NOUN_8_PASS_b,F,P,les colles avec les vases que j' aime beaucoup ne sont probablement pas couvertes <eos>,13,couvertes,couverts,11,M,couvertes,-7.8389726,couverts,-8.077484,1
1955,P_NOUN_8_PASS_b,F,P,les colles avec les vases que j' aime beaucoup ne sont probablement pas déformées <eos>,13,déformées,déformés,11,M,déformées,-7.7762566,déformés,-12.630887,1
1956,P_NOUN_8_PASS_b,F,P,les colles avec les vases que j' aime beaucoup ne sont probablement pas fixées <eos>,13,fixées,fixés,11,M,fixées,-8.298161,fixés,-9.395935,1
1957,P_NOUN_8_PASS_b,F,P,les colles avec les vases que j' aime beaucoup ne sont probablement pas jetées <eos>,13,jetées,jetés,11,M,jetées,-9.622072,jetés,-9.86316,1
1958,P_NOUN_8_PASS_b,F,P,les colles avec les vases que j' aime beaucoup ne sont probablement pas laissées <eos>,13,laissées,laissés,11,M,laissées,-7.890789,laissés,-10.056143,1
1959,P_NOUN_8_PASS_b,F,P,les colles avec les vases que j' aime beaucoup ne sont probablement pas ouvertes <eos>,13,ouvertes,ouverts,11,M,ouvertes,-8.390391,ouverts,-9.48878,1
1960,P_NOUN_8_PASS_b,F,P,les colles avec les vases que j' aime beaucoup ne sont probablement pas perdues <eos>,13,perdues,perdus,11,M,perdues,-8.292713,perdus,-8.760756,1
1961,P_NOUN_8_PASS_b,F,P,les colles avec les vases que j' aime beaucoup ne sont probablement pas réparées <eos>,13,réparées,réparés,11,M,réparées,-9.528436,réparés,-12.029424,1
1962,P_NOUN_8_PASS_b,F,P,les colles avec les vases que j' aime beaucoup ne sont probablement pas retirées <eos>,13,retirées,retirés,11,M,retirées,-8.684494,retirés,-9.98006,1
1963,P_NOUN_8_PASS_b,F,P,les colles avec les vases que j' aime beaucoup ne sont probablement pas tombées <eos>,13,tombées,tombés,11,M,tombées,-8.111989,tombés,-8.696619,1
1964,P_NOUN_8_PASS_b,F,P,les colles avec les vases que j' aime beaucoup ne sont probablement pas utilisées <eos>,13,utilisées,utilisés,11,M,utilisées,-5.0476847,utilisés,-5.833886,1
1965,P_NOUN_8_PASS_b,F,P,les colles avec les paniers que j' aime beaucoup ne sont probablement pas achetées <eos>,13,achetées,achetés,11,M,achetées,-11.385852,achetés,-9.890607,0
1966,P_NOUN_8_PASS_b,F,P,les colles avec les paniers que j' aime beaucoup ne sont probablement pas brisées <eos>,13,brisées,brisés,11,M,brisées,-9.726047,brisés,-12.464661,1
1967,P_NOUN_8_PASS_b,F,P,les colles avec les paniers que j' aime beaucoup ne sont probablement pas cachées <eos>,13,cachées,cachés,11,M,cachées,-9.128896,cachés,-9.365454,1
1968,P_NOUN_8_PASS_b,F,P,les colles avec les paniers que j' aime beaucoup ne sont probablement pas cassées <eos>,13,cassées,cassés,11,M,cassées,-8.796862,cassés,-9.679811,1
1969,P_NOUN_8_PASS_b,F,P,les colles avec les paniers que j' aime beaucoup ne sont probablement pas couvertes <eos>,13,couvertes,couverts,11,M,couvertes,-7.957891,couverts,-8.192933,1
1970,P_NOUN_8_PASS_b,F,P,les colles avec les paniers que j' aime beaucoup ne sont probablement pas déformées <eos>,13,déformées,déformés,11,M,déformées,-8.163132,déformés,-13.348496,1
1971,P_NOUN_8_PASS_b,F,P,les colles avec les paniers que j' aime beaucoup ne sont probablement pas fixées <eos>,13,fixées,fixés,11,M,fixées,-8.134193,fixés,-9.02326,1
1972,P_NOUN_8_PASS_b,F,P,les colles avec les paniers que j' aime beaucoup ne sont probablement pas jetées <eos>,13,jetées,jetés,11,M,jetées,-9.300181,jetés,-9.808723,1
1973,P_NOUN_8_PASS_b,F,P,les colles avec les paniers que j' aime beaucoup ne sont probablement pas laissées <eos>,13,laissées,laissés,11,M,laissées,-8.202982,laissés,-10.322532,1
1974,P_NOUN_8_PASS_b,F,P,les colles avec les paniers que j' aime beaucoup ne sont probablement pas ouvertes <eos>,13,ouvertes,ouverts,11,M,ouvertes,-8.355923,ouverts,-9.404451,1
1975,P_NOUN_8_PASS_b,F,P,les colles avec les paniers que j' aime beaucoup ne sont probablement pas perdues <eos>,13,perdues,perdus,11,M,perdues,-8.275622,perdus,-8.681697,1
1976,P_NOUN_8_PASS_b,F,P,les colles avec les paniers que j' aime beaucoup ne sont probablement pas réparées <eos>,13,réparées,réparés,11,M,réparées,-9.603296,réparés,-12.1715145,1
1977,P_NOUN_8_PASS_b,F,P,les colles avec les paniers que j' aime beaucoup ne sont probablement pas retirées <eos>,13,retirées,retirés,11,M,retirées,-8.492783,retirés,-9.614844,1
1978,P_NOUN_8_PASS_b,F,P,les colles avec les paniers que j' aime beaucoup ne sont probablement pas tombées <eos>,13,tombées,tombés,11,M,tombées,-8.458914,tombés,-8.887705,1
1979,P_NOUN_8_PASS_b,F,P,les colles avec les paniers que j' aime beaucoup ne sont probablement pas utilisées <eos>,13,utilisées,utilisés,11,M,utilisées,-4.540928,utilisés,-5.2251015,1
1980,P_NOUN_8_PASS_b,F,P,les colles avec les colliers que j' aime beaucoup ne sont probablement pas achetées <eos>,13,achetées,achetés,11,M,achetées,-11.394367,achetés,-10.355894,0
1981,P_NOUN_8_PASS_b,F,P,les colles avec les colliers que j' aime beaucoup ne sont probablement pas brisées <eos>,13,brisées,brisés,11,M,brisées,-9.503582,brisés,-12.298502,1
1982,P_NOUN_8_PASS_b,F,P,les colles avec les colliers que j' aime beaucoup ne sont probablement pas cachées <eos>,13,cachées,cachés,11,M,cachées,-9.130788,cachés,-9.638551,1
1983,P_NOUN_8_PASS_b,F,P,les colles avec les colliers que j' aime beaucoup ne sont probablement pas cassées <eos>,13,cassées,cassés,11,M,cassées,-8.785359,cassés,-9.450797,1
1984,P_NOUN_8_PASS_b,F,P,les colles avec les colliers que j' aime beaucoup ne sont probablement pas couvertes <eos>,13,couvertes,couverts,11,M,couvertes,-7.933462,couverts,-8.576783,1
1985,P_NOUN_8_PASS_b,F,P,les colles avec les colliers que j' aime beaucoup ne sont probablement pas déformées <eos>,13,déformées,déformés,11,M,déformées,-7.739568,déformés,-13.112663,1
1986,P_NOUN_8_PASS_b,F,P,les colles avec les colliers que j' aime beaucoup ne sont probablement pas fixées <eos>,13,fixées,fixés,11,M,fixées,-7.947811,fixés,-9.265139,1
1987,P_NOUN_8_PASS_b,F,P,les colles avec les colliers que j' aime beaucoup ne sont probablement pas jetées <eos>,13,jetées,jetés,11,M,jetées,-9.359619,jetés,-9.743127,1
1988,P_NOUN_8_PASS_b,F,P,les colles avec les colliers que j' aime beaucoup ne sont probablement pas laissées <eos>,13,laissées,laissés,11,M,laissées,-8.047244,laissés,-10.456655,1
1989,P_NOUN_8_PASS_b,F,P,les colles avec les colliers que j' aime beaucoup ne sont probablement pas ouvertes <eos>,13,ouvertes,ouverts,11,M,ouvertes,-8.500096,ouverts,-9.837726,1
1990,P_NOUN_8_PASS_b,F,P,les colles avec les colliers que j' aime beaucoup ne sont probablement pas perdues <eos>,13,perdues,perdus,11,M,perdues,-7.913641,perdus,-8.678056,1
1991,P_NOUN_8_PASS_b,F,P,les colles avec les colliers que j' aime beaucoup ne sont probablement pas réparées <eos>,13,réparées,réparés,11,M,réparées,-9.469907,réparés,-12.215393,1
1992,P_NOUN_8_PASS_b,F,P,les colles avec les colliers que j' aime beaucoup ne sont probablement pas retirées <eos>,13,retirées,retirés,11,M,retirées,-8.278429,retirés,-9.576551,1
1993,P_NOUN_8_PASS_b,F,P,les colles avec les colliers que j' aime beaucoup ne sont probablement pas tombées <eos>,13,tombées,tombés,11,M,tombées,-8.071146,tombés,-8.818984,1
1994,P_NOUN_8_PASS_b,F,P,les colles avec les colliers que j' aime beaucoup ne sont probablement pas utilisées <eos>,13,utilisées,utilisés,11,M,utilisées,-4.459912,utilisés,-5.4594693,1
1995,P_NOUN_8_PASS_b,F,P,les colles avec les chapeaux que j' aime beaucoup ne sont probablement pas achetées <eos>,13,achetées,achetés,11,M,achetées,-11.167992,achetés,-10.24258,0
1996,P_NOUN_8_PASS_b,F,P,les colles avec les chapeaux que j' aime beaucoup ne sont probablement pas brisées <eos>,13,brisées,brisés,11,M,brisées,-9.811175,brisés,-12.989613,1
1997,P_NOUN_8_PASS_b,F,P,les colles avec les chapeaux que j' aime beaucoup ne sont probablement pas cachées <eos>,13,cachées,cachés,11,M,cachées,-8.777922,cachés,-9.644691,1
1998,P_NOUN_8_PASS_b,F,P,les colles avec les chapeaux que j' aime beaucoup ne sont probablement pas cassées <eos>,13,cassées,cassés,11,M,cassées,-8.735773,cassés,-10.213639,1
1999,P_NOUN_8_PASS_b,F,P,les colles avec les chapeaux que j' aime beaucoup ne sont probablement pas couvertes <eos>,13,couvertes,couverts,11,M,couvertes,-7.8525248,couverts,-8.445089,1
2000,P_NOUN_8_PASS_b,F,P,les colles avec les chapeaux que j' aime beaucoup ne sont probablement pas déformées <eos>,13,déformées,déformés,11,M,déformées,-8.190841,déformés,-13.406438,1
2001,P_NOUN_8_PASS_b,F,P,les colles avec les chapeaux que j' aime beaucoup ne sont probablement pas fixées <eos>,13,fixées,fixés,11,M,fixées,-8.248124,fixés,-9.530387,1
2002,P_NOUN_8_PASS_b,F,P,les colles avec les chapeaux que j' aime beaucoup ne sont probablement pas jetées <eos>,13,jetées,jetés,11,M,jetées,-9.437536,jetés,-10.250505,1
2003,P_NOUN_8_PASS_b,F,P,les colles avec les chapeaux que j' aime beaucoup ne sont probablement pas laissées <eos>,13,laissées,laissés,11,M,laissées,-8.103003,laissés,-10.636838,1
2004,P_NOUN_8_PASS_b,F,P,les colles avec les chapeaux que j' aime beaucoup ne sont probablement pas ouvertes <eos>,13,ouvertes,ouverts,11,M,ouvertes,-8.232969,ouverts,-9.580572,1
2005,P_NOUN_8_PASS_b,F,P,les colles avec les chapeaux que j' aime beaucoup ne sont probablement pas perdues <eos>,13,perdues,perdus,11,M,perdues,-8.111086,perdus,-9.138714,1
2006,P_NOUN_8_PASS_b,F,P,les colles avec les chapeaux que j' aime beaucoup ne sont probablement pas réparées <eos>,13,réparées,réparés,11,M,réparées,-9.6262,réparés,-12.518337,1
2007,P_NOUN_8_PASS_b,F,P,les colles avec les chapeaux que j' aime beaucoup ne sont probablement pas retirées <eos>,13,retirées,retirés,11,M,retirées,-8.475131,retirés,-10.067843,1
2008,P_NOUN_8_PASS_b,F,P,les colles avec les chapeaux que j' aime beaucoup ne sont probablement pas tombées <eos>,13,tombées,tombés,11,M,tombées,-8.186614,tombés,-8.710909,1
2009,P_NOUN_8_PASS_b,F,P,les colles avec les chapeaux que j' aime beaucoup ne sont probablement pas utilisées <eos>,13,utilisées,utilisés,11,M,utilisées,-4.7179303,utilisés,-5.825649,1
2010,P_NOUN_8_PASS_b,F,P,les colles avec les pots que j' aime beaucoup ne sont probablement pas achetées <eos>,13,achetées,achetés,11,M,achetées,-11.108135,achetés,-9.697671,0
2011,P_NOUN_8_PASS_b,F,P,les colles avec les pots que j' aime beaucoup ne sont probablement pas brisées <eos>,13,brisées,brisés,11,M,brisées,-9.655415,brisés,-12.207171,1
2012,P_NOUN_8_PASS_b,F,P,les colles avec les pots que j' aime beaucoup ne sont probablement pas cachées <eos>,13,cachées,cachés,11,M,cachées,-9.211361,cachés,-9.288015,1
2013,P_NOUN_8_PASS_b,F,P,les colles avec les pots que j' aime beaucoup ne sont probablement pas cassées <eos>,13,cassées,cassés,11,M,cassées,-8.7449045,cassés,-9.418937,1
2014,P_NOUN_8_PASS_b,F,P,les colles avec les pots que j' aime beaucoup ne sont probablement pas couvertes <eos>,13,couvertes,couverts,11,M,couvertes,-7.746964,couverts,-7.752831,1
2015,P_NOUN_8_PASS_b,F,P,les colles avec les pots que j' aime beaucoup ne sont probablement pas déformées <eos>,13,déformées,déformés,11,M,déformées,-7.983549,déformés,-13.219758,1
2016,P_NOUN_8_PASS_b,F,P,les colles avec les pots que j' aime beaucoup ne sont probablement pas fixées <eos>,13,fixées,fixés,11,M,fixées,-8.338452,fixés,-9.024965,1
2017,P_NOUN_8_PASS_b,F,P,les colles avec les pots que j' aime beaucoup ne sont probablement pas jetées <eos>,13,jetées,jetés,11,M,jetées,-9.491573,jetés,-9.689337,1
2018,P_NOUN_8_PASS_b,F,P,les colles avec les pots que j' aime beaucoup ne sont probablement pas laissées <eos>,13,laissées,laissés,11,M,laissées,-7.756418,laissés,-10.153466,1
2019,P_NOUN_8_PASS_b,F,P,les colles avec les pots que j' aime beaucoup ne sont probablement pas ouvertes <eos>,13,ouvertes,ouverts,11,M,ouvertes,-8.186833,ouverts,-8.95717,1
2020,P_NOUN_8_PASS_b,F,P,les colles avec les pots que j' aime beaucoup ne sont probablement pas perdues <eos>,13,perdues,perdus,11,M,perdues,-8.237861,perdus,-8.430596,1
2021,P_NOUN_8_PASS_b,F,P,les colles avec les pots que j' aime beaucoup ne sont probablement pas réparées <eos>,13,réparées,réparés,11,M,réparées,-9.328024,réparés,-11.667573,1
2022,P_NOUN_8_PASS_b,F,P,les colles avec les pots que j' aime beaucoup ne sont probablement pas retirées <eos>,13,retirées,retirés,11,M,retirées,-8.375298,retirés,-9.380505,1
2023,P_NOUN_8_PASS_b,F,P,les colles avec les pots que j' aime beaucoup ne sont probablement pas tombées <eos>,13,tombées,tombés,11,M,tombées,-8.365806,tombés,-8.543691,1
2024,P_NOUN_8_PASS_b,F,P,les colles avec les pots que j' aime beaucoup ne sont probablement pas utilisées <eos>,13,utilisées,utilisés,11,M,utilisées,-4.52662,utilisés,-5.0987005,1
2025,P_NOUN_8_PASS_b,F,P,les colles avec les coussins que j' aime beaucoup ne sont probablement pas achetées <eos>,13,achetées,achetés,11,M,achetées,-10.953912,achetés,-10.41032,0
2026,P_NOUN_8_PASS_b,F,P,les colles avec les coussins que j' aime beaucoup ne sont probablement pas brisées <eos>,13,brisées,brisés,11,M,brisées,-9.382196,brisés,-12.513779,1
2027,P_NOUN_8_PASS_b,F,P,les colles avec les coussins que j' aime beaucoup ne sont probablement pas cachées <eos>,13,cachées,cachés,11,M,cachées,-8.872393,cachés,-9.785387,1
2028,P_NOUN_8_PASS_b,F,P,les colles avec les coussins que j' aime beaucoup ne sont probablement pas cassées <eos>,13,cassées,cassés,11,M,cassées,-8.246272,cassés,-10.138136,1
2029,P_NOUN_8_PASS_b,F,P,les colles avec les coussins que j' aime beaucoup ne sont probablement pas couvertes <eos>,13,couvertes,couverts,11,M,couvertes,-7.4308195,couverts,-8.661483,1
2030,P_NOUN_8_PASS_b,F,P,les colles avec les coussins que j' aime beaucoup ne sont probablement pas déformées <eos>,13,déformées,déformés,11,M,déformées,-7.656064,déformés,-13.341269,1
2031,P_NOUN_8_PASS_b,F,P,les colles avec les coussins que j' aime beaucoup ne sont probablement pas fixées <eos>,13,fixées,fixés,11,M,fixées,-7.785675,fixés,-9.195128,1
2032,P_NOUN_8_PASS_b,F,P,les colles avec les coussins que j' aime beaucoup ne sont probablement pas jetées <eos>,13,jetées,jetés,11,M,jetées,-8.603403,jetés,-10.10011,1
2033,P_NOUN_8_PASS_b,F,P,les colles avec les coussins que j' aime beaucoup ne sont probablement pas laissées <eos>,13,laissées,laissés,11,M,laissées,-7.536465,laissés,-10.590895,1
2034,P_NOUN_8_PASS_b,F,P,les colles avec les coussins que j' aime beaucoup ne sont probablement pas ouvertes <eos>,13,ouvertes,ouverts,11,M,ouvertes,-7.6471677,ouverts,-9.084699,1
2035,P_NOUN_8_PASS_b,F,P,les colles avec les coussins que j' aime beaucoup ne sont probablement pas perdues <eos>,13,perdues,perdus,11,M,perdues,-7.9386353,perdus,-8.748127,1
2036,P_NOUN_8_PASS_b,F,P,les colles avec les coussins que j' aime beaucoup ne sont probablement pas réparées <eos>,13,réparées,réparés,11,M,réparées,-8.838514,réparés,-11.94479,1
2037,P_NOUN_8_PASS_b,F,P,les colles avec les coussins que j' aime beaucoup ne sont probablement pas retirées <eos>,13,retirées,retirés,11,M,retirées,-8.121056,retirés,-9.882196,1
2038,P_NOUN_8_PASS_b,F,P,les colles avec les coussins que j' aime beaucoup ne sont probablement pas tombées <eos>,13,tombées,tombés,11,M,tombées,-8.429556,tombés,-9.440511,1
2039,P_NOUN_8_PASS_b,F,P,les colles avec les coussins que j' aime beaucoup ne sont probablement pas utilisées <eos>,13,utilisées,utilisés,11,M,utilisées,-4.3498735,utilisés,-5.7341623,1
2040,P_NOUN_8_PASS_b,F,P,les colles avec les jouets que j' aime beaucoup ne sont probablement pas achetées <eos>,13,achetées,achetés,11,M,achetées,-11.359595,achetés,-9.91373,0
2041,P_NOUN_8_PASS_b,F,P,les colles avec les jouets que j' aime beaucoup ne sont probablement pas brisées <eos>,13,brisées,brisés,11,M,brisées,-10.022711,brisés,-12.49448,1
2042,P_NOUN_8_PASS_b,F,P,les colles avec les jouets que j' aime beaucoup ne sont probablement pas cachées <eos>,13,cachées,cachés,11,M,cachées,-8.695105,cachés,-9.14765,1
2043,P_NOUN_8_PASS_b,F,P,les colles avec les jouets que j' aime beaucoup ne sont probablement pas cassées <eos>,13,cassées,cassés,11,M,cassées,-9.528824,cassés,-10.207476,1
2044,P_NOUN_8_PASS_b,F,P,les colles avec les jouets que j' aime beaucoup ne sont probablement pas couvertes <eos>,13,couvertes,couverts,11,M,couvertes,-8.585979,couverts,-8.766798,1
2045,P_NOUN_8_PASS_b,F,P,les colles avec les jouets que j' aime beaucoup ne sont probablement pas déformées <eos>,13,déformées,déformés,11,M,déformées,-8.621877,déformés,-12.666921,1
2046,P_NOUN_8_PASS_b,F,P,les colles avec les jouets que j' aime beaucoup ne sont probablement pas fixées <eos>,13,fixées,fixés,11,M,fixées,-9.1317215,fixés,-9.357809,1
2047,P_NOUN_8_PASS_b,F,P,les colles avec les jouets que j' aime beaucoup ne sont probablement pas jetées <eos>,13,jetées,jetés,11,M,jetées,-10.105022,jetés,-10.096298,0
2048,P_NOUN_8_PASS_b,F,P,les colles avec les jouets que j' aime beaucoup ne sont probablement pas laissées <eos>,13,laissées,laissés,11,M,laissées,-8.463825,laissés,-10.067841,1
2049,P_NOUN_8_PASS_b,F,P,les colles avec les jouets que j' aime beaucoup ne sont probablement pas ouvertes <eos>,13,ouvertes,ouverts,11,M,ouvertes,-8.607912,ouverts,-9.229482,1
2050,P_NOUN_8_PASS_b,F,P,les colles avec les jouets que j' aime beaucoup ne sont probablement pas perdues <eos>,13,perdues,perdus,11,M,perdues,-8.572865,perdus,-8.551121,0
2051,P_NOUN_8_PASS_b,F,P,les colles avec les jouets que j' aime beaucoup ne sont probablement pas réparées <eos>,13,réparées,réparés,11,M,réparées,-9.843239,réparés,-12.198473,1
2052,P_NOUN_8_PASS_b,F,P,les colles avec les jouets que j' aime beaucoup ne sont probablement pas retirées <eos>,13,retirées,retirés,11,M,retirées,-8.926628,retirés,-10.332895,1
2053,P_NOUN_8_PASS_b,F,P,les colles avec les jouets que j' aime beaucoup ne sont probablement pas tombées <eos>,13,tombées,tombés,11,M,tombées,-8.713437,tombés,-9.009541,1
2054,P_NOUN_8_PASS_b,F,P,les colles avec les jouets que j' aime beaucoup ne sont probablement pas utilisées <eos>,13,utilisées,utilisés,11,M,utilisées,-5.579987,utilisés,-6.184483,1
2055,P_NOUN_8_PASS_b,F,P,les colles avec les clous que j' aime beaucoup ne sont probablement pas achetées <eos>,13,achetées,achetés,11,M,achetées,-11.036027,achetés,-10.198862,0
2056,P_NOUN_8_PASS_b,F,P,les colles avec les clous que j' aime beaucoup ne sont probablement pas brisées <eos>,13,brisées,brisés,11,M,brisées,-9.502417,brisés,-12.412087,1
2057,P_NOUN_8_PASS_b,F,P,les colles avec les clous que j' aime beaucoup ne sont probablement pas cachées <eos>,13,cachées,cachés,11,M,cachées,-8.904468,cachés,-9.429769,1
2058,P_NOUN_8_PASS_b,F,P,les colles avec les clous que j' aime beaucoup ne sont probablement pas cassées <eos>,13,cassées,cassés,11,M,cassées,-8.63624,cassés,-9.592562,1
2059,P_NOUN_8_PASS_b,F,P,les colles avec les clous que j' aime beaucoup ne sont probablement pas couvertes <eos>,13,couvertes,couverts,11,M,couvertes,-7.602575,couverts,-8.300467,1
2060,P_NOUN_8_PASS_b,F,P,les colles avec les clous que j' aime beaucoup ne sont probablement pas déformées <eos>,13,déformées,déformés,11,M,déformées,-8.095814,déformés,-13.438929,1
2061,P_NOUN_8_PASS_b,F,P,les colles avec les clous que j' aime beaucoup ne sont probablement pas fixées <eos>,13,fixées,fixés,11,M,fixées,-7.958665,fixés,-9.195049,1
2062,P_NOUN_8_PASS_b,F,P,les colles avec les clous que j' aime beaucoup ne sont probablement pas jetées <eos>,13,jetées,jetés,11,M,jetées,-9.08768,jetés,-9.605148,1
2063,P_NOUN_8_PASS_b,F,P,les colles avec les clous que j' aime beaucoup ne sont probablement pas laissées <eos>,13,laissées,laissés,11,M,laissées,-7.7427397,laissés,-10.16797,1
2064,P_NOUN_8_PASS_b,F,P,les colles avec les clous que j' aime beaucoup ne sont probablement pas ouvertes <eos>,13,ouvertes,ouverts,11,M,ouvertes,-8.092941,ouverts,-9.775125,1
2065,P_NOUN_8_PASS_b,F,P,les colles avec les clous que j' aime beaucoup ne sont probablement pas perdues <eos>,13,perdues,perdus,11,M,perdues,-7.724262,perdus,-8.688449,1
2066,P_NOUN_8_PASS_b,F,P,les colles avec les clous que j' aime beaucoup ne sont probablement pas réparées <eos>,13,réparées,réparés,11,M,réparées,-8.867932,réparés,-11.655113,1
2067,P_NOUN_8_PASS_b,F,P,les colles avec les clous que j' aime beaucoup ne sont probablement pas retirées <eos>,13,retirées,retirés,11,M,retirées,-7.921132,retirés,-9.609546,1
2068,P_NOUN_8_PASS_b,F,P,les colles avec les clous que j' aime beaucoup ne sont probablement pas tombées <eos>,13,tombées,tombés,11,M,tombées,-7.890223,tombés,-8.66554,1
2069,P_NOUN_8_PASS_b,F,P,les colles avec les clous que j' aime beaucoup ne sont probablement pas utilisées <eos>,13,utilisées,utilisés,11,M,utilisées,-4.4049554,utilisés,-5.45241,1
2070,P_NOUN_8_PASS_b,F,P,les colles avec les billets que j' aime beaucoup ne sont probablement pas achetées <eos>,13,achetées,achetés,11,M,achetées,-10.045701,achetés,-9.418101,0
2071,P_NOUN_8_PASS_b,F,P,les colles avec les billets que j' aime beaucoup ne sont probablement pas brisées <eos>,13,brisées,brisés,11,M,brisées,-9.851456,brisés,-13.157089,1
2072,P_NOUN_8_PASS_b,F,P,les colles avec les billets que j' aime beaucoup ne sont probablement pas cachées <eos>,13,cachées,cachés,11,M,cachées,-9.653742,cachés,-9.10611,0
2073,P_NOUN_8_PASS_b,F,P,les colles avec les billets que j' aime beaucoup ne sont probablement pas cassées <eos>,13,cassées,cassés,11,M,cassées,-9.726892,cassés,-10.322731,1
2074,P_NOUN_8_PASS_b,F,P,les colles avec les billets que j' aime beaucoup ne sont probablement pas couvertes <eos>,13,couvertes,couverts,11,M,couvertes,-8.794893,couverts,-8.59763,0
2075,P_NOUN_8_PASS_b,F,P,les colles avec les billets que j' aime beaucoup ne sont probablement pas déformées <eos>,13,déformées,déformés,11,M,déformées,-8.937905,déformés,-13.974495,1
2076,P_NOUN_8_PASS_b,F,P,les colles avec les billets que j' aime beaucoup ne sont probablement pas fixées <eos>,13,fixées,fixés,11,M,fixées,-8.174806,fixés,-8.722422,1
2077,P_NOUN_8_PASS_b,F,P,les colles avec les billets que j' aime beaucoup ne sont probablement pas jetées <eos>,13,jetées,jetés,11,M,jetées,-9.611511,jetés,-9.471281,0
2078,P_NOUN_8_PASS_b,F,P,les colles avec les billets que j' aime beaucoup ne sont probablement pas laissées <eos>,13,laissées,laissés,11,M,laissées,-8.166933,laissés,-10.581217,1
2079,P_NOUN_8_PASS_b,F,P,les colles avec les billets que j' aime beaucoup ne sont probablement pas ouvertes <eos>,13,ouvertes,ouverts,11,M,ouvertes,-9.111911,ouverts,-9.576107,1
2080,P_NOUN_8_PASS_b,F,P,les colles avec les billets que j' aime beaucoup ne sont probablement pas perdues <eos>,13,perdues,perdus,11,M,perdues,-7.5600815,perdus,-8.24813,1
2081,P_NOUN_8_PASS_b,F,P,les colles avec les billets que j' aime beaucoup ne sont probablement pas réparées <eos>,13,réparées,réparés,11,M,réparées,-10.141549,réparés,-12.3583,1
2082,P_NOUN_8_PASS_b,F,P,les colles avec les billets que j' aime beaucoup ne sont probablement pas retirées <eos>,13,retirées,retirés,11,M,retirées,-8.443422,retirés,-9.155336,1
2083,P_NOUN_8_PASS_b,F,P,les colles avec les billets que j' aime beaucoup ne sont probablement pas tombées <eos>,13,tombées,tombés,11,M,tombées,-8.662202,tombés,-8.77071,1
2084,P_NOUN_8_PASS_b,F,P,les colles avec les billets que j' aime beaucoup ne sont probablement pas utilisées <eos>,13,utilisées,utilisés,11,M,utilisées,-5.0124493,utilisés,-5.713228,1
2085,P_NOUN_8_PASS_b,F,P,les colles avec les légumes que j' aime beaucoup ne sont probablement pas achetées <eos>,13,achetées,achetés,11,M,achetées,-11.044811,achetés,-9.756592,0
2086,P_NOUN_8_PASS_b,F,P,les colles avec les légumes que j' aime beaucoup ne sont probablement pas brisées <eos>,13,brisées,brisés,11,M,brisées,-9.836849,brisés,-12.747697,1
2087,P_NOUN_8_PASS_b,F,P,les colles avec les légumes que j' aime beaucoup ne sont probablement pas cachées <eos>,13,cachées,cachés,11,M,cachées,-9.126328,cachés,-9.638472,1
2088,P_NOUN_8_PASS_b,F,P,les colles avec les légumes que j' aime beaucoup ne sont probablement pas cassées <eos>,13,cassées,cassés,11,M,cassées,-9.269133,cassés,-9.541234,1
2089,P_NOUN_8_PASS_b,F,P,les colles avec les légumes que j' aime beaucoup ne sont probablement pas couvertes <eos>,13,couvertes,couverts,11,M,couvertes,-7.830719,couverts,-8.125942,1
2090,P_NOUN_8_PASS_b,F,P,les colles avec les légumes que j' aime beaucoup ne sont probablement pas déformées <eos>,13,déformées,déformés,11,M,déformées,-8.762717,déformés,-13.711425,1
2091,P_NOUN_8_PASS_b,F,P,les colles avec les légumes que j' aime beaucoup ne sont probablement pas fixées <eos>,13,fixées,fixés,11,M,fixées,-8.783132,fixés,-9.472733,1
2092,P_NOUN_8_PASS_b,F,P,les colles avec les légumes que j' aime beaucoup ne sont probablement pas jetées <eos>,13,jetées,jetés,11,M,jetées,-9.545902,jetés,-10.557724,1
2093,P_NOUN_8_PASS_b,F,P,les colles avec les légumes que j' aime beaucoup ne sont probablement pas laissées <eos>,13,laissées,laissés,11,M,laissées,-7.991951,laissés,-10.051087,1
2094,P_NOUN_8_PASS_b,F,P,les colles avec les légumes que j' aime beaucoup ne sont probablement pas ouvertes <eos>,13,ouvertes,ouverts,11,M,ouvertes,-8.385344,ouverts,-9.392918,1
2095,P_NOUN_8_PASS_b,F,P,les colles avec les légumes que j' aime beaucoup ne sont probablement pas perdues <eos>,13,perdues,perdus,11,M,perdues,-8.214548,perdus,-8.899298,1
2096,P_NOUN_8_PASS_b,F,P,les colles avec les légumes que j' aime beaucoup ne sont probablement pas réparées <eos>,13,réparées,réparés,11,M,réparées,-9.967741,réparés,-12.233601,1
2097,P_NOUN_8_PASS_b,F,P,les colles avec les légumes que j' aime beaucoup ne sont probablement pas retirées <eos>,13,retirées,retirés,11,M,retirées,-8.857825,retirés,-9.71092,1
2098,P_NOUN_8_PASS_b,F,P,les colles avec les légumes que j' aime beaucoup ne sont probablement pas tombées <eos>,13,tombées,tombés,11,M,tombées,-8.035969,tombés,-8.665214,1
2099,P_NOUN_8_PASS_b,F,P,les colles avec les légumes que j' aime beaucoup ne sont probablement pas utilisées <eos>,13,utilisées,utilisés,11,M,utilisées,-4.8493767,utilisés,-5.8503933,1
2100,P_NOUN_8_PASS_b,F,P,les lampes avec les bracelets que j' aime beaucoup ne sont probablement pas achetées <eos>,13,achetées,achetés,11,M,achetées,-11.168652,achetés,-10.250801,0
2101,P_NOUN_8_PASS_b,F,P,les lampes avec les bracelets que j' aime beaucoup ne sont probablement pas brisées <eos>,13,brisées,brisés,11,M,brisées,-9.56048,brisés,-12.106173,1
2102,P_NOUN_8_PASS_b,F,P,les lampes avec les bracelets que j' aime beaucoup ne sont probablement pas cachées <eos>,13,cachées,cachés,11,M,cachées,-7.8690934,cachés,-8.307022,1
2103,P_NOUN_8_PASS_b,F,P,les lampes avec les bracelets que j' aime beaucoup ne sont probablement pas cassées <eos>,13,cassées,cassés,11,M,cassées,-8.809198,cassés,-10.152088,1
2104,P_NOUN_8_PASS_b,F,P,les lampes avec les bracelets que j' aime beaucoup ne sont probablement pas couvertes <eos>,13,couvertes,couverts,11,M,couvertes,-8.583359,couverts,-8.924394,1
2105,P_NOUN_8_PASS_b,F,P,les lampes avec les bracelets que j' aime beaucoup ne sont probablement pas déformées <eos>,13,déformées,déformés,11,M,déformées,-7.8018665,déformés,-12.295393,1
2106,P_NOUN_8_PASS_b,F,P,les lampes avec les bracelets que j' aime beaucoup ne sont probablement pas fixées <eos>,13,fixées,fixés,11,M,fixées,-8.116762,fixés,-9.3308,1
2107,P_NOUN_8_PASS_b,F,P,les lampes avec les bracelets que j' aime beaucoup ne sont probablement pas jetées <eos>,13,jetées,jetés,11,M,jetées,-8.769051,jetés,-8.889758,1
2108,P_NOUN_8_PASS_b,F,P,les lampes avec les bracelets que j' aime beaucoup ne sont probablement pas laissées <eos>,13,laissées,laissés,11,M,laissées,-8.664192,laissés,-9.802118,1
2109,P_NOUN_8_PASS_b,F,P,les lampes avec les bracelets que j' aime beaucoup ne sont probablement pas ouvertes <eos>,13,ouvertes,ouverts,11,M,ouvertes,-8.37874,ouverts,-9.253842,1
2110,P_NOUN_8_PASS_b,F,P,les lampes avec les bracelets que j' aime beaucoup ne sont probablement pas perdues <eos>,13,perdues,perdus,11,M,perdues,-7.745385,perdus,-8.148685,1
2111,P_NOUN_8_PASS_b,F,P,les lampes avec les bracelets que j' aime beaucoup ne sont probablement pas réparées <eos>,13,réparées,réparés,11,M,réparées,-9.605692,réparés,-12.254763,1
2112,P_NOUN_8_PASS_b,F,P,les lampes avec les bracelets que j' aime beaucoup ne sont probablement pas retirées <eos>,13,retirées,retirés,11,M,retirées,-8.444964,retirés,-9.620336,1
2113,P_NOUN_8_PASS_b,F,P,les lampes avec les bracelets que j' aime beaucoup ne sont probablement pas tombées <eos>,13,tombées,tombés,11,M,tombées,-8.122012,tombés,-7.698202,0
2114,P_NOUN_8_PASS_b,F,P,les lampes avec les bracelets que j' aime beaucoup ne sont probablement pas utilisées <eos>,13,utilisées,utilisés,11,M,utilisées,-5.34308,utilisés,-5.8302684,1
2115,P_NOUN_8_PASS_b,F,P,les lampes avec les miroirs que j' aime beaucoup ne sont probablement pas achetées <eos>,13,achetées,achetés,11,M,achetées,-11.65626,achetés,-10.590316,0
2116,P_NOUN_8_PASS_b,F,P,les lampes avec les miroirs que j' aime beaucoup ne sont probablement pas brisées <eos>,13,brisées,brisés,11,M,brisées,-9.478863,brisés,-11.887457,1
2117,P_NOUN_8_PASS_b,F,P,les lampes avec les miroirs que j' aime beaucoup ne sont probablement pas cachées <eos>,13,cachées,cachés,11,M,cachées,-7.8246765,cachés,-8.472008,1
2118,P_NOUN_8_PASS_b,F,P,les lampes avec les miroirs que j' aime beaucoup ne sont probablement pas cassées <eos>,13,cassées,cassés,11,M,cassées,-8.982975,cassés,-10.336306,1
2119,P_NOUN_8_PASS_b,F,P,les lampes avec les miroirs que j' aime beaucoup ne sont probablement pas couvertes <eos>,13,couvertes,couverts,11,M,couvertes,-7.9962254,couverts,-8.714237,1
2120,P_NOUN_8_PASS_b,F,P,les lampes avec les miroirs que j' aime beaucoup ne sont probablement pas déformées <eos>,13,déformées,déformés,11,M,déformées,-7.0345554,déformés,-11.669405,1
2121,P_NOUN_8_PASS_b,F,P,les lampes avec les miroirs que j' aime beaucoup ne sont probablement pas fixées <eos>,13,fixées,fixés,11,M,fixées,-8.179737,fixés,-9.21108,1
2122,P_NOUN_8_PASS_b,F,P,les lampes avec les miroirs que j' aime beaucoup ne sont probablement pas jetées <eos>,13,jetées,jetés,11,M,jetées,-9.029391,jetés,-9.159193,1
2123,P_NOUN_8_PASS_b,F,P,les lampes avec les miroirs que j' aime beaucoup ne sont probablement pas laissées <eos>,13,laissées,laissés,11,M,laissées,-8.596338,laissés,-10.111205,1
2124,P_NOUN_8_PASS_b,F,P,les lampes avec les miroirs que j' aime beaucoup ne sont probablement pas ouvertes <eos>,13,ouvertes,ouverts,11,M,ouvertes,-7.74724,ouverts,-8.447894,1
2125,P_NOUN_8_PASS_b,F,P,les lampes avec les miroirs que j' aime beaucoup ne sont probablement pas perdues <eos>,13,perdues,perdus,11,M,perdues,-7.6413965,perdus,-7.89137,1
2126,P_NOUN_8_PASS_b,F,P,les lampes avec les miroirs que j' aime beaucoup ne sont probablement pas réparées <eos>,13,réparées,réparés,11,M,réparées,-9.019519,réparés,-11.91184,1
2127,P_NOUN_8_PASS_b,F,P,les lampes avec les miroirs que j' aime beaucoup ne sont probablement pas retirées <eos>,13,retirées,retirés,11,M,retirées,-8.2145605,retirés,-9.9050255,1
2128,P_NOUN_8_PASS_b,F,P,les lampes avec les miroirs que j' aime beaucoup ne sont probablement pas tombées <eos>,13,tombées,tombés,11,M,tombées,-8.003304,tombés,-8.647692,1
2129,P_NOUN_8_PASS_b,F,P,les lampes avec les miroirs que j' aime beaucoup ne sont probablement pas utilisées <eos>,13,utilisées,utilisés,11,M,utilisées,-5.3030977,utilisés,-5.9517794,1
2130,P_NOUN_8_PASS_b,F,P,les lampes avec les crayons que j' aime beaucoup ne sont probablement pas achetées <eos>,13,achetées,achetés,11,M,achetées,-11.325853,achetés,-9.902664,0
2131,P_NOUN_8_PASS_b,F,P,les lampes avec les crayons que j' aime beaucoup ne sont probablement pas brisées <eos>,13,brisées,brisés,11,M,brisées,-9.967031,brisés,-12.284923,1
2132,P_NOUN_8_PASS_b,F,P,les lampes avec les crayons que j' aime beaucoup ne sont probablement pas cachées <eos>,13,cachées,cachés,11,M,cachées,-8.275972,cachés,-8.391682,1
2133,P_NOUN_8_PASS_b,F,P,les lampes avec les crayons que j' aime beaucoup ne sont probablement pas cassées <eos>,13,cassées,cassés,11,M,cassées,-9.238184,cassés,-9.816976,1
2134,P_NOUN_8_PASS_b,F,P,les lampes avec les crayons que j' aime beaucoup ne sont probablement pas couvertes <eos>,13,couvertes,couverts,11,M,couvertes,-8.565281,couverts,-8.596155,1
2135,P_NOUN_8_PASS_b,F,P,les lampes avec les crayons que j' aime beaucoup ne sont probablement pas déformées <eos>,13,déformées,déformés,11,M,déformées,-7.9036713,déformés,-12.156204,1
2136,P_NOUN_8_PASS_b,F,P,les lampes avec les crayons que j' aime beaucoup ne sont probablement pas fixées <eos>,13,fixées,fixés,11,M,fixées,-8.849789,fixés,-9.488872,1
2137,P_NOUN_8_PASS_b,F,P,les lampes avec les crayons que j' aime beaucoup ne sont probablement pas jetées <eos>,13,jetées,jetés,11,M,jetées,-9.3942585,jetés,-9.078095,0
2138,P_NOUN_8_PASS_b,F,P,les lampes avec les crayons que j' aime beaucoup ne sont probablement pas laissées <eos>,13,laissées,laissés,11,M,laissées,-8.739076,laissés,-9.61287,1
2139,P_NOUN_8_PASS_b,F,P,les lampes avec les crayons que j' aime beaucoup ne sont probablement pas ouvertes <eos>,13,ouvertes,ouverts,11,M,ouvertes,-8.494961,ouverts,-9.098887,1
2140,P_NOUN_8_PASS_b,F,P,les lampes avec les crayons que j' aime beaucoup ne sont probablement pas perdues <eos>,13,perdues,perdus,11,M,perdues,-7.8109736,perdus,-8.088409,1
2141,P_NOUN_8_PASS_b,F,P,les lampes avec les crayons que j' aime beaucoup ne sont probablement pas réparées <eos>,13,réparées,réparés,11,M,réparées,-9.241217,réparés,-11.72525,1
2142,P_NOUN_8_PASS_b,F,P,les lampes avec les crayons que j' aime beaucoup ne sont probablement pas retirées <eos>,13,retirées,retirés,11,M,retirées,-8.334663,retirés,-9.674057,1
2143,P_NOUN_8_PASS_b,F,P,les lampes avec les crayons que j' aime beaucoup ne sont probablement pas tombées <eos>,13,tombées,tombés,11,M,tombées,-8.026493,tombés,-8.0546875,1
2144,P_NOUN_8_PASS_b,F,P,les lampes avec les crayons que j' aime beaucoup ne sont probablement pas utilisées <eos>,13,utilisées,utilisés,11,M,utilisées,-5.52514,utilisés,-5.9340067,1
2145,P_NOUN_8_PASS_b,F,P,les lampes avec les rideaux que j' aime beaucoup ne sont probablement pas achetées <eos>,13,achetées,achetés,11,M,achetées,-10.86606,achetés,-10.415014,0
2146,P_NOUN_8_PASS_b,F,P,les lampes avec les rideaux que j' aime beaucoup ne sont probablement pas brisées <eos>,13,brisées,brisés,11,M,brisées,-9.382126,brisés,-12.203402,1
2147,P_NOUN_8_PASS_b,F,P,les lampes avec les rideaux que j' aime beaucoup ne sont probablement pas cachées <eos>,13,cachées,cachés,11,M,cachées,-7.5824027,cachés,-8.54196,1
2148,P_NOUN_8_PASS_b,F,P,les lampes avec les rideaux que j' aime beaucoup ne sont probablement pas cassées <eos>,13,cassées,cassés,11,M,cassées,-8.6982355,cassés,-10.311839,1
2149,P_NOUN_8_PASS_b,F,P,les lampes avec les rideaux que j' aime beaucoup ne sont probablement pas couvertes <eos>,13,couvertes,couverts,11,M,couvertes,-7.838519,couverts,-8.74737,1
2150,P_NOUN_8_PASS_b,F,P,les lampes avec les rideaux que j' aime beaucoup ne sont probablement pas déformées <eos>,13,déformées,déformés,11,M,déformées,-7.7054315,déformés,-12.275766,1
2151,P_NOUN_8_PASS_b,F,P,les lampes avec les rideaux que j' aime beaucoup ne sont probablement pas fixées <eos>,13,fixées,fixés,11,M,fixées,-8.070357,fixés,-9.454061,1
2152,P_NOUN_8_PASS_b,F,P,les lampes avec les rideaux que j' aime beaucoup ne sont probablement pas jetées <eos>,13,jetées,jetés,11,M,jetées,-8.63913,jetés,-9.308899,1
2153,P_NOUN_8_PASS_b,F,P,les lampes avec les rideaux que j' aime beaucoup ne sont probablement pas laissées <eos>,13,laissées,laissés,11,M,laissées,-8.124477,laissés,-9.85849,1
2154,P_NOUN_8_PASS_b,F,P,les lampes avec les rideaux que j' aime beaucoup ne sont probablement pas ouvertes <eos>,13,ouvertes,ouverts,11,M,ouvertes,-7.649268,ouverts,-8.939001,1
2155,P_NOUN_8_PASS_b,F,P,les lampes avec les rideaux que j' aime beaucoup ne sont probablement pas perdues <eos>,13,perdues,perdus,11,M,perdues,-7.4584675,perdus,-8.345103,1
2156,P_NOUN_8_PASS_b,F,P,les lampes avec les rideaux que j' aime beaucoup ne sont probablement pas réparées <eos>,13,réparées,réparés,11,M,réparées,-8.758286,réparés,-11.945173,1
2157,P_NOUN_8_PASS_b,F,P,les lampes avec les rideaux que j' aime beaucoup ne sont probablement pas retirées <eos>,13,retirées,retirés,11,M,retirées,-7.869584,retirés,-10.217953,1
2158,P_NOUN_8_PASS_b,F,P,les lampes avec les rideaux que j' aime beaucoup ne sont probablement pas tombées <eos>,13,tombées,tombés,11,M,tombées,-7.661749,tombés,-8.255496,1
2159,P_NOUN_8_PASS_b,F,P,les lampes avec les rideaux que j' aime beaucoup ne sont probablement pas utilisées <eos>,13,utilisées,utilisés,11,M,utilisées,-5.454322,utilisés,-6.547368,1
2160,P_NOUN_8_PASS_b,F,P,les lampes avec les cahiers que j' aime beaucoup ne sont probablement pas achetées <eos>,13,achetées,achetés,11,M,achetées,-11.316038,achetés,-10.294441,0
2161,P_NOUN_8_PASS_b,F,P,les lampes avec les cahiers que j' aime beaucoup ne sont probablement pas brisées <eos>,13,brisées,brisés,11,M,brisées,-10.108653,brisés,-12.669865,1
2162,P_NOUN_8_PASS_b,F,P,les lampes avec les cahiers que j' aime beaucoup ne sont probablement pas cachées <eos>,13,cachées,cachés,11,M,cachées,-8.12326,cachés,-8.630064,1
2163,P_NOUN_8_PASS_b,F,P,les lampes avec les cahiers que j' aime beaucoup ne sont probablement pas cassées <eos>,13,cassées,cassés,11,M,cassées,-9.638716,cassés,-10.942123,1
2164,P_NOUN_8_PASS_b,F,P,les lampes avec les cahiers que j' aime beaucoup ne sont probablement pas couvertes <eos>,13,couvertes,couverts,11,M,couvertes,-8.556229,couverts,-9.028694,1
2165,P_NOUN_8_PASS_b,F,P,les lampes avec les cahiers que j' aime beaucoup ne sont probablement pas déformées <eos>,13,déformées,déformés,11,M,déformées,-7.833563,déformés,-12.410824,1
2166,P_NOUN_8_PASS_b,F,P,les lampes avec les cahiers que j' aime beaucoup ne sont probablement pas fixées <eos>,13,fixées,fixés,11,M,fixées,-8.908544,fixés,-10.097237,1
2167,P_NOUN_8_PASS_b,F,P,les lampes avec les cahiers que j' aime beaucoup ne sont probablement pas jetées <eos>,13,jetées,jetés,11,M,jetées,-9.79018,jetés,-9.848318,1
2168,P_NOUN_8_PASS_b,F,P,les lampes avec les cahiers que j' aime beaucoup ne sont probablement pas laissées <eos>,13,laissées,laissés,11,M,laissées,-8.791398,laissés,-10.069057,1
2169,P_NOUN_8_PASS_b,F,P,les lampes avec les cahiers que j' aime beaucoup ne sont probablement pas ouvertes <eos>,13,ouvertes,ouverts,11,M,ouvertes,-7.685297,ouverts,-8.767556,1
2170,P_NOUN_8_PASS_b,F,P,les lampes avec les cahiers que j' aime beaucoup ne sont probablement pas perdues <eos>,13,perdues,perdus,11,M,perdues,-7.2633696,perdus,-7.8888893,1
2171,P_NOUN_8_PASS_b,F,P,les lampes avec les cahiers que j' aime beaucoup ne sont probablement pas réparées <eos>,13,réparées,réparés,11,M,réparées,-9.662081,réparés,-12.409807,1
2172,P_NOUN_8_PASS_b,F,P,les lampes avec les cahiers que j' aime beaucoup ne sont probablement pas retirées <eos>,13,retirées,retirés,11,M,retirées,-8.381233,retirés,-10.303328,1
2173,P_NOUN_8_PASS_b,F,P,les lampes avec les cahiers que j' aime beaucoup ne sont probablement pas tombées <eos>,13,tombées,tombés,11,M,tombées,-8.282215,tombés,-8.70853,1
2174,P_NOUN_8_PASS_b,F,P,les lampes avec les cahiers que j' aime beaucoup ne sont probablement pas utilisées <eos>,13,utilisées,utilisés,11,M,utilisées,-5.7060785,utilisés,-6.5692205,1
2175,P_NOUN_8_PASS_b,F,P,les lampes avec les micros que j' aime beaucoup ne sont probablement pas achetées <eos>,13,achetées,achetés,11,M,achetées,-11.253706,achetés,-10.63242,0
2176,P_NOUN_8_PASS_b,F,P,les lampes avec les micros que j' aime beaucoup ne sont probablement pas brisées <eos>,13,brisées,brisés,11,M,brisées,-9.355869,brisés,-12.154112,1
2177,P_NOUN_8_PASS_b,F,P,les lampes avec les micros que j' aime beaucoup ne sont probablement pas cachées <eos>,13,cachées,cachés,11,M,cachées,-8.368513,cachés,-9.09912,1
2178,P_NOUN_8_PASS_b,F,P,les lampes avec les micros que j' aime beaucoup ne sont probablement pas cassées <eos>,13,cassées,cassés,11,M,cassées,-9.018262,cassés,-10.596932,1
2179,P_NOUN_8_PASS_b,F,P,les lampes avec les micros que j' aime beaucoup ne sont probablement pas couvertes <eos>,13,couvertes,couverts,11,M,couvertes,-8.122361,couverts,-8.725494,1
2180,P_NOUN_8_PASS_b,F,P,les lampes avec les micros que j' aime beaucoup ne sont probablement pas déformées <eos>,13,déformées,déformés,11,M,déformées,-7.6318293,déformés,-12.535615,1
2181,P_NOUN_8_PASS_b,F,P,les lampes avec les micros que j' aime beaucoup ne sont probablement pas fixées <eos>,13,fixées,fixés,11,M,fixées,-7.853647,fixés,-8.730162,1
2182,P_NOUN_8_PASS_b,F,P,les lampes avec les micros que j' aime beaucoup ne sont probablement pas jetées <eos>,13,jetées,jetés,11,M,jetées,-9.176043,jetés,-9.702589,1
2183,P_NOUN_8_PASS_b,F,P,les lampes avec les micros que j' aime beaucoup ne sont probablement pas laissées <eos>,13,laissées,laissés,11,M,laissées,-8.340059,laissés,-10.523812,1
2184,P_NOUN_8_PASS_b,F,P,les lampes avec les micros que j' aime beaucoup ne sont probablement pas ouvertes <eos>,13,ouvertes,ouverts,11,M,ouvertes,-7.900563,ouverts,-8.72202,1
2185,P_NOUN_8_PASS_b,F,P,les lampes avec les micros que j' aime beaucoup ne sont probablement pas perdues <eos>,13,perdues,perdus,11,M,perdues,-8.086527,perdus,-8.488004,1
2186,P_NOUN_8_PASS_b,F,P,les lampes avec les micros que j' aime beaucoup ne sont probablement pas réparées <eos>,13,réparées,réparés,11,M,réparées,-9.561163,réparés,-12.531338,1
2187,P_NOUN_8_PASS_b,F,P,les lampes avec les micros que j' aime beaucoup ne sont probablement pas retirées <eos>,13,retirées,retirés,11,M,retirées,-8.22117,retirés,-10.181044,1
2188,P_NOUN_8_PASS_b,F,P,les lampes avec les micros que j' aime beaucoup ne sont probablement pas tombées <eos>,13,tombées,tombés,11,M,tombées,-8.457958,tombés,-8.939201,1
2189,P_NOUN_8_PASS_b,F,P,les lampes avec les micros que j' aime beaucoup ne sont probablement pas utilisées <eos>,13,utilisées,utilisés,11,M,utilisées,-5.1355743,utilisés,-5.864172,1
2190,P_NOUN_8_PASS_b,F,P,les lampes avec les sacs que j' aime beaucoup ne sont probablement pas achetées <eos>,13,achetées,achetés,11,M,achetées,-11.429542,achetés,-9.770698,0
2191,P_NOUN_8_PASS_b,F,P,les lampes avec les sacs que j' aime beaucoup ne sont probablement pas brisées <eos>,13,brisées,brisés,11,M,brisées,-9.896929,brisés,-11.910696,1
2192,P_NOUN_8_PASS_b,F,P,les lampes avec les sacs que j' aime beaucoup ne sont probablement pas cachées <eos>,13,cachées,cachés,11,M,cachées,-8.233562,cachés,-8.198338,0
2193,P_NOUN_8_PASS_b,F,P,les lampes avec les sacs que j' aime beaucoup ne sont probablement pas cassées <eos>,13,cassées,cassés,11,M,cassées,-9.216542,cassés,-9.925174,1
2194,P_NOUN_8_PASS_b,F,P,les lampes avec les sacs que j' aime beaucoup ne sont probablement pas couvertes <eos>,13,couvertes,couverts,11,M,couvertes,-8.337791,couverts,-8.237993,0
2195,P_NOUN_8_PASS_b,F,P,les lampes avec les sacs que j' aime beaucoup ne sont probablement pas déformées <eos>,13,déformées,déformés,11,M,déformées,-8.505026,déformés,-12.352692,1
2196,P_NOUN_8_PASS_b,F,P,les lampes avec les sacs que j' aime beaucoup ne sont probablement pas fixées <eos>,13,fixées,fixés,11,M,fixées,-8.513208,fixés,-8.770258,1
2197,P_NOUN_8_PASS_b,F,P,les lampes avec les sacs que j' aime beaucoup ne sont probablement pas jetées <eos>,13,jetées,jetés,11,M,jetées,-9.083506,jetés,-8.721691,0
2198,P_NOUN_8_PASS_b,F,P,les lampes avec les sacs que j' aime beaucoup ne sont probablement pas laissées <eos>,13,laissées,laissés,11,M,laissées,-8.847793,laissés,-9.5646715,1
2199,P_NOUN_8_PASS_b,F,P,les lampes avec les sacs que j' aime beaucoup ne sont probablement pas ouvertes <eos>,13,ouvertes,ouverts,11,M,ouvertes,-8.300768,ouverts,-8.769792,1
2200,P_NOUN_8_PASS_b,F,P,les lampes avec les sacs que j' aime beaucoup ne sont probablement pas perdues <eos>,13,perdues,perdus,11,M,perdues,-8.175991,perdus,-8.041285,0
2201,P_NOUN_8_PASS_b,F,P,les lampes avec les sacs que j' aime beaucoup ne sont probablement pas réparées <eos>,13,réparées,réparés,11,M,réparées,-9.384672,réparés,-11.535925,1
2202,P_NOUN_8_PASS_b,F,P,les lampes avec les sacs que j' aime beaucoup ne sont probablement pas retirées <eos>,13,retirées,retirés,11,M,retirées,-8.390855,retirés,-9.485651,1
2203,P_NOUN_8_PASS_b,F,P,les lampes avec les sacs que j' aime beaucoup ne sont probablement pas tombées <eos>,13,tombées,tombés,11,M,tombées,-8.318197,tombés,-8.056284,0
2204,P_NOUN_8_PASS_b,F,P,les lampes avec les sacs que j' aime beaucoup ne sont probablement pas utilisées <eos>,13,utilisées,utilisés,11,M,utilisées,-5.560028,utilisés,-5.7054157,1
2205,P_NOUN_8_PASS_b,F,P,les lampes avec les claviers que j' aime beaucoup ne sont probablement pas achetées <eos>,13,achetées,achetés,11,M,achetées,-11.019465,achetés,-10.805439,0
2206,P_NOUN_8_PASS_b,F,P,les lampes avec les claviers que j' aime beaucoup ne sont probablement pas brisées <eos>,13,brisées,brisés,11,M,brisées,-9.26931,brisés,-12.195408,1
2207,P_NOUN_8_PASS_b,F,P,les lampes avec les claviers que j' aime beaucoup ne sont probablement pas cachées <eos>,13,cachées,cachés,11,M,cachées,-8.041735,cachés,-9.11354,1
2208,P_NOUN_8_PASS_b,F,P,les lampes avec les claviers que j' aime beaucoup ne sont probablement pas cassées <eos>,13,cassées,cassés,11,M,cassées,-9.256909,cassés,-10.944694,1
2209,P_NOUN_8_PASS_b,F,P,les lampes avec les claviers que j' aime beaucoup ne sont probablement pas couvertes <eos>,13,couvertes,couverts,11,M,couvertes,-8.284569,couverts,-9.286491,1
2210,P_NOUN_8_PASS_b,F,P,les lampes avec les claviers que j' aime beaucoup ne sont probablement pas déformées <eos>,13,déformées,déformés,11,M,déformées,-7.5947666,déformés,-12.683948,1
2211,P_NOUN_8_PASS_b,F,P,les lampes avec les claviers que j' aime beaucoup ne sont probablement pas fixées <eos>,13,fixées,fixés,11,M,fixées,-8.366491,fixés,-9.184472,1
2212,P_NOUN_8_PASS_b,F,P,les lampes avec les claviers que j' aime beaucoup ne sont probablement pas jetées <eos>,13,jetées,jetés,11,M,jetées,-9.558666,jetés,-10.055215,1
2213,P_NOUN_8_PASS_b,F,P,les lampes avec les claviers que j' aime beaucoup ne sont probablement pas laissées <eos>,13,laissées,laissés,11,M,laissées,-8.326572,laissés,-10.29365,1
2214,P_NOUN_8_PASS_b,F,P,les lampes avec les claviers que j' aime beaucoup ne sont probablement pas ouvertes <eos>,13,ouvertes,ouverts,11,M,ouvertes,-7.57839,ouverts,-9.040164,1
2215,P_NOUN_8_PASS_b,F,P,les lampes avec les claviers que j' aime beaucoup ne sont probablement pas perdues <eos>,13,perdues,perdus,11,M,perdues,-7.8101053,perdus,-8.682088,1
2216,P_NOUN_8_PASS_b,F,P,les lampes avec les claviers que j' aime beaucoup ne sont probablement pas réparées <eos>,13,réparées,réparés,11,M,réparées,-9.399065,réparés,-12.551474,1
2217,P_NOUN_8_PASS_b,F,P,les lampes avec les claviers que j' aime beaucoup ne sont probablement pas retirées <eos>,13,retirées,retirés,11,M,retirées,-8.307752,retirés,-10.477862,1
2218,P_NOUN_8_PASS_b,F,P,les lampes avec les claviers que j' aime beaucoup ne sont probablement pas tombées <eos>,13,tombées,tombés,11,M,tombées,-8.644507,tombés,-9.559685,1
2219,P_NOUN_8_PASS_b,F,P,les lampes avec les claviers que j' aime beaucoup ne sont probablement pas utilisées <eos>,13,utilisées,utilisés,11,M,utilisées,-5.1984825,utilisés,-6.316845,1
2220,P_NOUN_8_PASS_b,F,P,les lampes avec les raisins que j' aime beaucoup ne sont probablement pas achetées <eos>,13,achetées,achetés,11,M,achetées,-10.304832,achetés,-9.162317,0
2221,P_NOUN_8_PASS_b,F,P,les lampes avec les raisins que j' aime beaucoup ne sont probablement pas brisées <eos>,13,brisées,brisés,11,M,brisées,-9.727769,brisés,-12.625487,1
2222,P_NOUN_8_PASS_b,F,P,les lampes avec les raisins que j' aime beaucoup ne sont probablement pas cachées <eos>,13,cachées,cachés,11,M,cachées,-8.134263,cachés,-8.730555,1
2223,P_NOUN_8_PASS_b,F,P,les lampes avec les raisins que j' aime beaucoup ne sont probablement pas cassées <eos>,13,cassées,cassés,11,M,cassées,-9.230131,cassés,-9.163411,0
2224,P_NOUN_8_PASS_b,F,P,les lampes avec les raisins que j' aime beaucoup ne sont probablement pas couvertes <eos>,13,couvertes,couverts,11,M,couvertes,-7.924999,couverts,-7.8953,0
2225,P_NOUN_8_PASS_b,F,P,les lampes avec les raisins que j' aime beaucoup ne sont probablement pas déformées <eos>,13,déformées,déformés,11,M,déformées,-8.728308,déformés,-13.454113,1
2226,P_NOUN_8_PASS_b,F,P,les lampes avec les raisins que j' aime beaucoup ne sont probablement pas fixées <eos>,13,fixées,fixés,11,M,fixées,-8.629484,fixés,-9.14281,1
2227,P_NOUN_8_PASS_b,F,P,les lampes avec les raisins que j' aime beaucoup ne sont probablement pas jetées <eos>,13,jetées,jetés,11,M,jetées,-10.026298,jetés,-9.917092,0
2228,P_NOUN_8_PASS_b,F,P,les lampes avec les raisins que j' aime beaucoup ne sont probablement pas laissées <eos>,13,laissées,laissés,11,M,laissées,-7.9756584,laissés,-9.542395,1
2229,P_NOUN_8_PASS_b,F,P,les lampes avec les raisins que j' aime beaucoup ne sont probablement pas ouvertes <eos>,13,ouvertes,ouverts,11,M,ouvertes,-8.157776,ouverts,-9.372988,1
2230,P_NOUN_8_PASS_b,F,P,les lampes avec les raisins que j' aime beaucoup ne sont probablement pas perdues <eos>,13,perdues,perdus,11,M,perdues,-8.105935,perdus,-8.579246,1
2231,P_NOUN_8_PASS_b,F,P,les lampes avec les raisins que j' aime beaucoup ne sont probablement pas réparées <eos>,13,réparées,réparés,11,M,réparées,-9.336463,réparés,-12.116425,1
2232,P_NOUN_8_PASS_b,F,P,les lampes avec les raisins que j' aime beaucoup ne sont probablement pas retirées <eos>,13,retirées,retirés,11,M,retirées,-8.043162,retirés,-9.73162,1
2233,P_NOUN_8_PASS_b,F,P,les lampes avec les raisins que j' aime beaucoup ne sont probablement pas tombées <eos>,13,tombées,tombés,11,M,tombées,-7.699286,tombés,-8.247249,1
2234,P_NOUN_8_PASS_b,F,P,les lampes avec les raisins que j' aime beaucoup ne sont probablement pas utilisées <eos>,13,utilisées,utilisés,11,M,utilisées,-5.233932,utilisés,-5.892365,1
2235,P_NOUN_8_PASS_b,F,P,les lampes avec les chargeurs que j' aime beaucoup ne sont probablement pas achetées <eos>,13,achetées,achetés,11,M,achetées,-11.011629,achetés,-10.391348,0
2236,P_NOUN_8_PASS_b,F,P,les lampes avec les chargeurs que j' aime beaucoup ne sont probablement pas brisées <eos>,13,brisées,brisés,11,M,brisées,-9.550455,brisés,-12.253775,1
2237,P_NOUN_8_PASS_b,F,P,les lampes avec les chargeurs que j' aime beaucoup ne sont probablement pas cachées <eos>,13,cachées,cachés,11,M,cachées,-8.285352,cachés,-8.346868,1
2238,P_NOUN_8_PASS_b,F,P,les lampes avec les chargeurs que j' aime beaucoup ne sont probablement pas cassées <eos>,13,cassées,cassés,11,M,cassées,-9.256832,cassés,-10.1353855,1
2239,P_NOUN_8_PASS_b,F,P,les lampes avec les chargeurs que j' aime beaucoup ne sont probablement pas couvertes <eos>,13,couvertes,couverts,11,M,couvertes,-8.010738,couverts,-8.672845,1
2240,P_NOUN_8_PASS_b,F,P,les lampes avec les chargeurs que j' aime beaucoup ne sont probablement pas déformées <eos>,13,déformées,déformés,11,M,déformées,-8.263376,déformés,-12.932564,1
2241,P_NOUN_8_PASS_b,F,P,les lampes avec les chargeurs que j' aime beaucoup ne sont probablement pas fixées <eos>,13,fixées,fixés,11,M,fixées,-7.8846693,fixés,-8.741122,1
2242,P_NOUN_8_PASS_b,F,P,les lampes avec les chargeurs que j' aime beaucoup ne sont probablement pas jetées <eos>,13,jetées,jetés,11,M,jetées,-9.315968,jetés,-9.297649,0
2243,P_NOUN_8_PASS_b,F,P,les lampes avec les chargeurs que j' aime beaucoup ne sont probablement pas laissées <eos>,13,laissées,laissés,11,M,laissées,-8.537459,laissés,-10.246555,1
2244,P_NOUN_8_PASS_b,F,P,les lampes avec les chargeurs que j' aime beaucoup ne sont probablement pas ouvertes <eos>,13,ouvertes,ouverts,11,M,ouvertes,-8.179249,ouverts,-8.961432,1
2245,P_NOUN_8_PASS_b,F,P,les lampes avec les chargeurs que j' aime beaucoup ne sont probablement pas perdues <eos>,13,perdues,perdus,11,M,perdues,-7.639138,perdus,-8.186052,1
2246,P_NOUN_8_PASS_b,F,P,les lampes avec les chargeurs que j' aime beaucoup ne sont probablement pas réparées <eos>,13,réparées,réparés,11,M,réparées,-9.226396,réparés,-11.489487,1
2247,P_NOUN_8_PASS_b,F,P,les lampes avec les chargeurs que j' aime beaucoup ne sont probablement pas retirées <eos>,13,retirées,retirés,11,M,retirées,-7.9786673,retirés,-8.97061,1
2248,P_NOUN_8_PASS_b,F,P,les lampes avec les chargeurs que j' aime beaucoup ne sont probablement pas tombées <eos>,13,tombées,tombés,11,M,tombées,-8.35291,tombés,-8.1399355,0
2249,P_NOUN_8_PASS_b,F,P,les lampes avec les chargeurs que j' aime beaucoup ne sont probablement pas utilisées <eos>,13,utilisées,utilisés,11,M,utilisées,-4.866598,utilisés,-5.5175447,1
2250,P_NOUN_8_PASS_b,F,P,les lampes avec les vases que j' aime beaucoup ne sont probablement pas achetées <eos>,13,achetées,achetés,11,M,achetées,-11.489888,achetés,-10.290712,0
2251,P_NOUN_8_PASS_b,F,P,les lampes avec les vases que j' aime beaucoup ne sont probablement pas brisées <eos>,13,brisées,brisés,11,M,brisées,-9.514049,brisés,-11.711523,1
2252,P_NOUN_8_PASS_b,F,P,les lampes avec les vases que j' aime beaucoup ne sont probablement pas cachées <eos>,13,cachées,cachés,11,M,cachées,-7.9835854,cachés,-8.745472,1
2253,P_NOUN_8_PASS_b,F,P,les lampes avec les vases que j' aime beaucoup ne sont probablement pas cassées <eos>,13,cassées,cassés,11,M,cassées,-8.875547,cassés,-9.698925,1
2254,P_NOUN_8_PASS_b,F,P,les lampes avec les vases que j' aime beaucoup ne sont probablement pas couvertes <eos>,13,couvertes,couverts,11,M,couvertes,-8.183831,couverts,-8.339912,1
2255,P_NOUN_8_PASS_b,F,P,les lampes avec les vases que j' aime beaucoup ne sont probablement pas déformées <eos>,13,déformées,déformés,11,M,déformées,-7.6777163,déformés,-11.877633,1
2256,P_NOUN_8_PASS_b,F,P,les lampes avec les vases que j' aime beaucoup ne sont probablement pas fixées <eos>,13,fixées,fixés,11,M,fixées,-8.178734,fixés,-9.150462,1
2257,P_NOUN_8_PASS_b,F,P,les lampes avec les vases que j' aime beaucoup ne sont probablement pas jetées <eos>,13,jetées,jetés,11,M,jetées,-9.168256,jetés,-9.075941,0
2258,P_NOUN_8_PASS_b,F,P,les lampes avec les vases que j' aime beaucoup ne sont probablement pas laissées <eos>,13,laissées,laissés,11,M,laissées,-8.362096,laissés,-9.564909,1
2259,P_NOUN_8_PASS_b,F,P,les lampes avec les vases que j' aime beaucoup ne sont probablement pas ouvertes <eos>,13,ouvertes,ouverts,11,M,ouvertes,-8.294126,ouverts,-9.172794,1
2260,P_NOUN_8_PASS_b,F,P,les lampes avec les vases que j' aime beaucoup ne sont probablement pas perdues <eos>,13,perdues,perdus,11,M,perdues,-8.016157,perdus,-8.178512,1
2261,P_NOUN_8_PASS_b,F,P,les lampes avec les vases que j' aime beaucoup ne sont probablement pas réparées <eos>,13,réparées,réparés,11,M,réparées,-9.288502,réparés,-11.887951,1
2262,P_NOUN_8_PASS_b,F,P,les lampes avec les vases que j' aime beaucoup ne sont probablement pas retirées <eos>,13,retirées,retirés,11,M,retirées,-8.320357,retirés,-9.836305,1
2263,P_NOUN_8_PASS_b,F,P,les lampes avec les vases que j' aime beaucoup ne sont probablement pas tombées <eos>,13,tombées,tombés,11,M,tombées,-7.951321,tombés,-8.033493,1
2264,P_NOUN_8_PASS_b,F,P,les lampes avec les vases que j' aime beaucoup ne sont probablement pas utilisées <eos>,13,utilisées,utilisés,11,M,utilisées,-5.5433083,utilisés,-6.0115204,1
2265,P_NOUN_8_PASS_b,F,P,les lampes avec les paniers que j' aime beaucoup ne sont probablement pas achetées <eos>,13,achetées,achetés,11,M,achetées,-11.34511,achetés,-9.963499,0
2266,P_NOUN_8_PASS_b,F,P,les lampes avec les paniers que j' aime beaucoup ne sont probablement pas brisées <eos>,13,brisées,brisés,11,M,brisées,-9.623316,brisés,-12.00161,1
2267,P_NOUN_8_PASS_b,F,P,les lampes avec les paniers que j' aime beaucoup ne sont probablement pas cachées <eos>,13,cachées,cachés,11,M,cachées,-8.1511965,cachés,-8.508879,1
2268,P_NOUN_8_PASS_b,F,P,les lampes avec les paniers que j' aime beaucoup ne sont probablement pas cassées <eos>,13,cassées,cassés,11,M,cassées,-8.7842,cassés,-9.98814,1
2269,P_NOUN_8_PASS_b,F,P,les lampes avec les paniers que j' aime beaucoup ne sont probablement pas couvertes <eos>,13,couvertes,couverts,11,M,couvertes,-8.234617,couverts,-8.487445,1
2270,P_NOUN_8_PASS_b,F,P,les lampes avec les paniers que j' aime beaucoup ne sont probablement pas déformées <eos>,13,déformées,déformés,11,M,déformées,-7.9840293,déformés,-12.426369,1
2271,P_NOUN_8_PASS_b,F,P,les lampes avec les paniers que j' aime beaucoup ne sont probablement pas fixées <eos>,13,fixées,fixés,11,M,fixées,-8.04174,fixés,-8.817972,1
2272,P_NOUN_8_PASS_b,F,P,les lampes avec les paniers que j' aime beaucoup ne sont probablement pas jetées <eos>,13,jetées,jetés,11,M,jetées,-8.783836,jetés,-9.019295,1
2273,P_NOUN_8_PASS_b,F,P,les lampes avec les paniers que j' aime beaucoup ne sont probablement pas laissées <eos>,13,laissées,laissés,11,M,laissées,-8.830317,laissés,-9.949872,1
2274,P_NOUN_8_PASS_b,F,P,les lampes avec les paniers que j' aime beaucoup ne sont probablement pas ouvertes <eos>,13,ouvertes,ouverts,11,M,ouvertes,-8.175052,ouverts,-9.027245,1
2275,P_NOUN_8_PASS_b,F,P,les lampes avec les paniers que j' aime beaucoup ne sont probablement pas perdues <eos>,13,perdues,perdus,11,M,perdues,-7.9456077,perdus,-8.183031,1
2276,P_NOUN_8_PASS_b,F,P,les lampes avec les paniers que j' aime beaucoup ne sont probablement pas réparées <eos>,13,réparées,réparés,11,M,réparées,-9.471687,réparés,-12.163569,1
2277,P_NOUN_8_PASS_b,F,P,les lampes avec les paniers que j' aime beaucoup ne sont probablement pas retirées <eos>,13,retirées,retirés,11,M,retirées,-8.173968,retirés,-9.648413,1
2278,P_NOUN_8_PASS_b,F,P,les lampes avec les paniers que j' aime beaucoup ne sont probablement pas tombées <eos>,13,tombées,tombés,11,M,tombées,-8.104711,tombés,-8.159671,1
2279,P_NOUN_8_PASS_b,F,P,les lampes avec les paniers que j' aime beaucoup ne sont probablement pas utilisées <eos>,13,utilisées,utilisés,11,M,utilisées,-5.145996,utilisés,-5.645443,1
2280,P_NOUN_8_PASS_b,F,P,les lampes avec les colliers que j' aime beaucoup ne sont probablement pas achetées <eos>,13,achetées,achetés,11,M,achetées,-11.223168,achetés,-10.36526,0
2281,P_NOUN_8_PASS_b,F,P,les lampes avec les colliers que j' aime beaucoup ne sont probablement pas brisées <eos>,13,brisées,brisés,11,M,brisées,-9.425087,brisés,-11.848344,1
2282,P_NOUN_8_PASS_b,F,P,les lampes avec les colliers que j' aime beaucoup ne sont probablement pas cachées <eos>,13,cachées,cachés,11,M,cachées,-8.430972,cachés,-8.9148445,1
2283,P_NOUN_8_PASS_b,F,P,les lampes avec les colliers que j' aime beaucoup ne sont probablement pas cassées <eos>,13,cassées,cassés,11,M,cassées,-8.684319,cassés,-9.603659,1
2284,P_NOUN_8_PASS_b,F,P,les lampes avec les colliers que j' aime beaucoup ne sont probablement pas couvertes <eos>,13,couvertes,couverts,11,M,couvertes,-8.172622,couverts,-8.722691,1
2285,P_NOUN_8_PASS_b,F,P,les lampes avec les colliers que j' aime beaucoup ne sont probablement pas déformées <eos>,13,déformées,déformés,11,M,déformées,-7.610018,déformés,-12.219111,1
2286,P_NOUN_8_PASS_b,F,P,les lampes avec les colliers que j' aime beaucoup ne sont probablement pas fixées <eos>,13,fixées,fixés,11,M,fixées,-7.947068,fixés,-9.127878,1
2287,P_NOUN_8_PASS_b,F,P,les lampes avec les colliers que j' aime beaucoup ne sont probablement pas jetées <eos>,13,jetées,jetés,11,M,jetées,-8.886824,jetés,-8.99648,1
2288,P_NOUN_8_PASS_b,F,P,les lampes avec les colliers que j' aime beaucoup ne sont probablement pas laissées <eos>,13,laissées,laissés,11,M,laissées,-8.470284,laissés,-9.994918,1
2289,P_NOUN_8_PASS_b,F,P,les lampes avec les colliers que j' aime beaucoup ne sont probablement pas ouvertes <eos>,13,ouvertes,ouverts,11,M,ouvertes,-8.411236,ouverts,-9.44031,1
2290,P_NOUN_8_PASS_b,F,P,les lampes avec les colliers que j' aime beaucoup ne sont probablement pas perdues <eos>,13,perdues,perdus,11,M,perdues,-7.6805425,perdus,-8.187376,1
2291,P_NOUN_8_PASS_b,F,P,les lampes avec les colliers que j' aime beaucoup ne sont probablement pas réparées <eos>,13,réparées,réparés,11,M,réparées,-9.233047,réparés,-12.018967,1
2292,P_NOUN_8_PASS_b,F,P,les lampes avec les colliers que j' aime beaucoup ne sont probablement pas retirées <eos>,13,retirées,retirés,11,M,retirées,-7.983712,retirés,-9.540598,1
2293,P_NOUN_8_PASS_b,F,P,les lampes avec les colliers que j' aime beaucoup ne sont probablement pas tombées <eos>,13,tombées,tombés,11,M,tombées,-7.8622274,tombés,-8.131986,1
2294,P_NOUN_8_PASS_b,F,P,les lampes avec les colliers que j' aime beaucoup ne sont probablement pas utilisées <eos>,13,utilisées,utilisés,11,M,utilisées,-5.1050653,utilisés,-5.8608932,1
2295,P_NOUN_8_PASS_b,F,P,les lampes avec les chapeaux que j' aime beaucoup ne sont probablement pas achetées <eos>,13,achetées,achetés,11,M,achetées,-11.004229,achetés,-10.235672,0
2296,P_NOUN_8_PASS_b,F,P,les lampes avec les chapeaux que j' aime beaucoup ne sont probablement pas brisées <eos>,13,brisées,brisés,11,M,brisées,-9.620621,brisés,-12.516958,1
2297,P_NOUN_8_PASS_b,F,P,les lampes avec les chapeaux que j' aime beaucoup ne sont probablement pas cachées <eos>,13,cachées,cachés,11,M,cachées,-7.865876,cachés,-8.65295,1
2298,P_NOUN_8_PASS_b,F,P,les lampes avec les chapeaux que j' aime beaucoup ne sont probablement pas cassées <eos>,13,cassées,cassés,11,M,cassées,-8.82039,cassés,-10.494515,1
2299,P_NOUN_8_PASS_b,F,P,les lampes avec les chapeaux que j' aime beaucoup ne sont probablement pas couvertes <eos>,13,couvertes,couverts,11,M,couvertes,-8.219174,couverts,-8.903282,1
2300,P_NOUN_8_PASS_b,F,P,les lampes avec les chapeaux que j' aime beaucoup ne sont probablement pas déformées <eos>,13,déformées,déformés,11,M,déformées,-8.0694275,déformés,-12.616217,1
2301,P_NOUN_8_PASS_b,F,P,les lampes avec les chapeaux que j' aime beaucoup ne sont probablement pas fixées <eos>,13,fixées,fixés,11,M,fixées,-8.133497,fixés,-9.326042,1
2302,P_NOUN_8_PASS_b,F,P,les lampes avec les chapeaux que j' aime beaucoup ne sont probablement pas jetées <eos>,13,jetées,jetés,11,M,jetées,-8.756447,jetés,-9.350035,1
2303,P_NOUN_8_PASS_b,F,P,les lampes avec les chapeaux que j' aime beaucoup ne sont probablement pas laissées <eos>,13,laissées,laissés,11,M,laissées,-8.605415,laissés,-10.188857,1
2304,P_NOUN_8_PASS_b,F,P,les lampes avec les chapeaux que j' aime beaucoup ne sont probablement pas ouvertes <eos>,13,ouvertes,ouverts,11,M,ouvertes,-8.1048765,ouverts,-9.279837,1
2305,P_NOUN_8_PASS_b,F,P,les lampes avec les chapeaux que j' aime beaucoup ne sont probablement pas perdues <eos>,13,perdues,perdus,11,M,perdues,-7.7475977,perdus,-8.575862,1
2306,P_NOUN_8_PASS_b,F,P,les lampes avec les chapeaux que j' aime beaucoup ne sont probablement pas réparées <eos>,13,réparées,réparés,11,M,réparées,-9.483664,réparés,-12.491156,1
2307,P_NOUN_8_PASS_b,F,P,les lampes avec les chapeaux que j' aime beaucoup ne sont probablement pas retirées <eos>,13,retirées,retirés,11,M,retirées,-8.133394,retirés,-10.020805,1
2308,P_NOUN_8_PASS_b,F,P,les lampes avec les chapeaux que j' aime beaucoup ne sont probablement pas tombées <eos>,13,tombées,tombés,11,M,tombées,-7.9676695,tombés,-8.0870495,1
2309,P_NOUN_8_PASS_b,F,P,les lampes avec les chapeaux que j' aime beaucoup ne sont probablement pas utilisées <eos>,13,utilisées,utilisés,11,M,utilisées,-5.337963,utilisés,-6.205181,1
2310,P_NOUN_8_PASS_b,F,P,les lampes avec les pots que j' aime beaucoup ne sont probablement pas achetées <eos>,13,achetées,achetés,11,M,achetées,-10.994613,achetés,-9.667994,0
2311,P_NOUN_8_PASS_b,F,P,les lampes avec les pots que j' aime beaucoup ne sont probablement pas brisées <eos>,13,brisées,brisés,11,M,brisées,-9.584201,brisés,-11.588276,1
2312,P_NOUN_8_PASS_b,F,P,les lampes avec les pots que j' aime beaucoup ne sont probablement pas cachées <eos>,13,cachées,cachés,11,M,cachées,-8.506233,cachés,-8.43966,0
2313,P_NOUN_8_PASS_b,F,P,les lampes avec les pots que j' aime beaucoup ne sont probablement pas cassées <eos>,13,cassées,cassés,11,M,cassées,-8.720014,cassés,-9.544162,1
2314,P_NOUN_8_PASS_b,F,P,les lampes avec les pots que j' aime beaucoup ne sont probablement pas couvertes <eos>,13,couvertes,couverts,11,M,couvertes,-8.074647,couverts,-7.9039516,0
2315,P_NOUN_8_PASS_b,F,P,les lampes avec les pots que j' aime beaucoup ne sont probablement pas déformées <eos>,13,déformées,déformés,11,M,déformées,-7.939146,déformés,-12.337501,1
2316,P_NOUN_8_PASS_b,F,P,les lampes avec les pots que j' aime beaucoup ne sont probablement pas fixées <eos>,13,fixées,fixés,11,M,fixées,-8.126363,fixés,-8.682816,1
2317,P_NOUN_8_PASS_b,F,P,les lampes avec les pots que j' aime beaucoup ne sont probablement pas jetées <eos>,13,jetées,jetés,11,M,jetées,-8.961256,jetés,-8.633838,0
2318,P_NOUN_8_PASS_b,F,P,les lampes avec les pots que j' aime beaucoup ne sont probablement pas laissées <eos>,13,laissées,laissés,11,M,laissées,-8.287234,laissés,-9.530523,1
2319,P_NOUN_8_PASS_b,F,P,les lampes avec les pots que j' aime beaucoup ne sont probablement pas ouvertes <eos>,13,ouvertes,ouverts,11,M,ouvertes,-8.137754,ouverts,-8.563404,1
2320,P_NOUN_8_PASS_b,F,P,les lampes avec les pots que j' aime beaucoup ne sont probablement pas perdues <eos>,13,perdues,perdus,11,M,perdues,-7.9883823,perdus,-7.8184147,0
2321,P_NOUN_8_PASS_b,F,P,les lampes avec les pots que j' aime beaucoup ne sont probablement pas réparées <eos>,13,réparées,réparés,11,M,réparées,-9.022699,réparés,-11.423808,1
2322,P_NOUN_8_PASS_b,F,P,les lampes avec les pots que j' aime beaucoup ne sont probablement pas retirées <eos>,13,retirées,retirés,11,M,retirées,-8.013848,retirés,-9.22662,1
2323,P_NOUN_8_PASS_b,F,P,les lampes avec les pots que j' aime beaucoup ne sont probablement pas tombées <eos>,13,tombées,tombés,11,M,tombées,-8.046179,tombés,-7.754365,0
2324,P_NOUN_8_PASS_b,F,P,les lampes avec les pots que j' aime beaucoup ne sont probablement pas utilisées <eos>,13,utilisées,utilisés,11,M,utilisées,-5.2205315,utilisés,-5.420658,1
2325,P_NOUN_8_PASS_b,F,P,les lampes avec les coussins que j' aime beaucoup ne sont probablement pas achetées <eos>,13,achetées,achetés,11,M,achetées,-10.875858,achetés,-10.470896,0
2326,P_NOUN_8_PASS_b,F,P,les lampes avec les coussins que j' aime beaucoup ne sont probablement pas brisées <eos>,13,brisées,brisés,11,M,brisées,-9.088298,brisés,-12.053072,1
2327,P_NOUN_8_PASS_b,F,P,les lampes avec les coussins que j' aime beaucoup ne sont probablement pas cachées <eos>,13,cachées,cachés,11,M,cachées,-7.8775253,cachés,-8.94597,1
2328,P_NOUN_8_PASS_b,F,P,les lampes avec les coussins que j' aime beaucoup ne sont probablement pas cassées <eos>,13,cassées,cassés,11,M,cassées,-8.293465,cassés,-10.357225,1
2329,P_NOUN_8_PASS_b,F,P,les lampes avec les coussins que j' aime beaucoup ne sont probablement pas couvertes <eos>,13,couvertes,couverts,11,M,couvertes,-7.707673,couverts,-8.911667,1
2330,P_NOUN_8_PASS_b,F,P,les lampes avec les coussins que j' aime beaucoup ne sont probablement pas déformées <eos>,13,déformées,déformés,11,M,déformées,-7.4327645,déformés,-12.401804,1
2331,P_NOUN_8_PASS_b,F,P,les lampes avec les coussins que j' aime beaucoup ne sont probablement pas fixées <eos>,13,fixées,fixés,11,M,fixées,-7.655719,fixés,-9.135987,1
2332,P_NOUN_8_PASS_b,F,P,les lampes avec les coussins que j' aime beaucoup ne sont probablement pas jetées <eos>,13,jetées,jetés,11,M,jetées,-8.105389,jetés,-9.257501,1
2333,P_NOUN_8_PASS_b,F,P,les lampes avec les coussins que j' aime beaucoup ne sont probablement pas laissées <eos>,13,laissées,laissés,11,M,laissées,-8.124188,laissés,-10.200245,1
2334,P_NOUN_8_PASS_b,F,P,les lampes avec les coussins que j' aime beaucoup ne sont probablement pas ouvertes <eos>,13,ouvertes,ouverts,11,M,ouvertes,-7.4677963,ouverts,-8.873007,1
2335,P_NOUN_8_PASS_b,F,P,les lampes avec les coussins que j' aime beaucoup ne sont probablement pas perdues <eos>,13,perdues,perdus,11,M,perdues,-7.632228,perdus,-8.402667,1
2336,P_NOUN_8_PASS_b,F,P,les lampes avec les coussins que j' aime beaucoup ne sont probablement pas réparées <eos>,13,réparées,réparés,11,M,réparées,-8.587798,réparés,-11.906788,1
2337,P_NOUN_8_PASS_b,F,P,les lampes avec les coussins que j' aime beaucoup ne sont probablement pas retirées <eos>,13,retirées,retirés,11,M,retirées,-7.726491,retirés,-9.955919,1
2338,P_NOUN_8_PASS_b,F,P,les lampes avec les coussins que j' aime beaucoup ne sont probablement pas tombées <eos>,13,tombées,tombés,11,M,tombées,-7.9768357,tombés,-8.824975,1
2339,P_NOUN_8_PASS_b,F,P,les lampes avec les coussins que j' aime beaucoup ne sont probablement pas utilisées <eos>,13,utilisées,utilisés,11,M,utilisées,-4.9380302,utilisés,-6.165435,1
2340,P_NOUN_8_PASS_b,F,P,les lampes avec les jouets que j' aime beaucoup ne sont probablement pas achetées <eos>,13,achetées,achetés,11,M,achetées,-11.196784,achetés,-9.834933,0
2341,P_NOUN_8_PASS_b,F,P,les lampes avec les jouets que j' aime beaucoup ne sont probablement pas brisées <eos>,13,brisées,brisés,11,M,brisées,-10.140267,brisés,-12.318312,1
2342,P_NOUN_8_PASS_b,F,P,les lampes avec les jouets que j' aime beaucoup ne sont probablement pas cachées <eos>,13,cachées,cachés,11,M,cachées,-8.088405,cachés,-8.177436,1
2343,P_NOUN_8_PASS_b,F,P,les lampes avec les jouets que j' aime beaucoup ne sont probablement pas cassées <eos>,13,cassées,cassés,11,M,cassées,-9.702079,cassés,-10.267461,1
2344,P_NOUN_8_PASS_b,F,P,les lampes avec les jouets que j' aime beaucoup ne sont probablement pas couvertes <eos>,13,couvertes,couverts,11,M,couvertes,-8.895298,couverts,-8.912444,1
2345,P_NOUN_8_PASS_b,F,P,les lampes avec les jouets que j' aime beaucoup ne sont probablement pas déformées <eos>,13,déformées,déformés,11,M,déformées,-8.643579,déformés,-12.201751,1
2346,P_NOUN_8_PASS_b,F,P,les lampes avec les jouets que j' aime beaucoup ne sont probablement pas fixées <eos>,13,fixées,fixés,11,M,fixées,-9.06087,fixés,-9.152905,1
2347,P_NOUN_8_PASS_b,F,P,les lampes avec les jouets que j' aime beaucoup ne sont probablement pas jetées <eos>,13,jetées,jetés,11,M,jetées,-9.527755,jetés,-9.280299,0
2348,P_NOUN_8_PASS_b,F,P,les lampes avec les jouets que j' aime beaucoup ne sont probablement pas laissées <eos>,13,laissées,laissés,11,M,laissées,-9.115996,laissés,-9.62729,1
2349,P_NOUN_8_PASS_b,F,P,les lampes avec les jouets que j' aime beaucoup ne sont probablement pas ouvertes <eos>,13,ouvertes,ouverts,11,M,ouvertes,-8.451212,ouverts,-8.7351,1
2350,P_NOUN_8_PASS_b,F,P,les lampes avec les jouets que j' aime beaucoup ne sont probablement pas perdues <eos>,13,perdues,perdus,11,M,perdues,-8.348778,perdus,-8.15587,0
2351,P_NOUN_8_PASS_b,F,P,les lampes avec les jouets que j' aime beaucoup ne sont probablement pas réparées <eos>,13,réparées,réparés,11,M,réparées,-9.789126,réparés,-12.133829,1
2352,P_NOUN_8_PASS_b,F,P,les lampes avec les jouets que j' aime beaucoup ne sont probablement pas retirées <eos>,13,retirées,retirés,11,M,retirées,-8.752204,retirés,-10.132318,1
2353,P_NOUN_8_PASS_b,F,P,les lampes avec les jouets que j' aime beaucoup ne sont probablement pas tombées <eos>,13,tombées,tombés,11,M,tombées,-8.546391,tombés,-8.28424,0
2354,P_NOUN_8_PASS_b,F,P,les lampes avec les jouets que j' aime beaucoup ne sont probablement pas utilisées <eos>,13,utilisées,utilisés,11,M,utilisées,-6.079047,utilisés,-6.3608036,1
2355,P_NOUN_8_PASS_b,F,P,les lampes avec les clous que j' aime beaucoup ne sont probablement pas achetées <eos>,13,achetées,achetés,11,M,achetées,-11.049084,achetés,-10.344744,0
2356,P_NOUN_8_PASS_b,F,P,les lampes avec les clous que j' aime beaucoup ne sont probablement pas brisées <eos>,13,brisées,brisés,11,M,brisées,-9.276616,brisés,-11.902973,1
2357,P_NOUN_8_PASS_b,F,P,les lampes avec les clous que j' aime beaucoup ne sont probablement pas cachées <eos>,13,cachées,cachés,11,M,cachées,-7.861152,cachés,-8.568146,1
2358,P_NOUN_8_PASS_b,F,P,les lampes avec les clous que j' aime beaucoup ne sont probablement pas cassées <eos>,13,cassées,cassés,11,M,cassées,-8.627455,cassés,-9.908216,1
2359,P_NOUN_8_PASS_b,F,P,les lampes avec les clous que j' aime beaucoup ne sont probablement pas couvertes <eos>,13,couvertes,couverts,11,M,couvertes,-7.8322163,couverts,-8.625253,1
2360,P_NOUN_8_PASS_b,F,P,les lampes avec les clous que j' aime beaucoup ne sont probablement pas déformées <eos>,13,déformées,déformés,11,M,déformées,-7.849266,déformés,-12.579462,1
2361,P_NOUN_8_PASS_b,F,P,les lampes avec les clous que j' aime beaucoup ne sont probablement pas fixées <eos>,13,fixées,fixés,11,M,fixées,-7.842327,fixés,-9.065534,1
2362,P_NOUN_8_PASS_b,F,P,les lampes avec les clous que j' aime beaucoup ne sont probablement pas jetées <eos>,13,jetées,jetés,11,M,jetées,-8.503788,jetés,-8.840653,1
2363,P_NOUN_8_PASS_b,F,P,les lampes avec les clous que j' aime beaucoup ne sont probablement pas laissées <eos>,13,laissées,laissés,11,M,laissées,-8.37719,laissés,-9.802477,1
2364,P_NOUN_8_PASS_b,F,P,les lampes avec les clous que j' aime beaucoup ne sont probablement pas ouvertes <eos>,13,ouvertes,ouverts,11,M,ouvertes,-7.9139843,ouverts,-9.371327,1
2365,P_NOUN_8_PASS_b,F,P,les lampes avec les clous que j' aime beaucoup ne sont probablement pas perdues <eos>,13,perdues,perdus,11,M,perdues,-7.4722304,perdus,-8.295565,1
2366,P_NOUN_8_PASS_b,F,P,les lampes avec les clous que j' aime beaucoup ne sont probablement pas réparées <eos>,13,réparées,réparés,11,M,réparées,-8.751866,réparés,-11.642219,1
2367,P_NOUN_8_PASS_b,F,P,les lampes avec les clous que j' aime beaucoup ne sont probablement pas retirées <eos>,13,retirées,retirés,11,M,retirées,-7.642956,retirés,-9.6448,1
2368,P_NOUN_8_PASS_b,F,P,les lampes avec les clous que j' aime beaucoup ne sont probablement pas tombées <eos>,13,tombées,tombés,11,M,tombées,-7.60004,tombés,-8.048051,1
2369,P_NOUN_8_PASS_b,F,P,les lampes avec les clous que j' aime beaucoup ne sont probablement pas utilisées <eos>,13,utilisées,utilisés,11,M,utilisées,-4.9601717,utilisés,-5.8552904,1
2370,P_NOUN_8_PASS_b,F,P,les lampes avec les billets que j' aime beaucoup ne sont probablement pas achetées <eos>,13,achetées,achetés,11,M,achetées,-10.185808,achetés,-9.477861,0
2371,P_NOUN_8_PASS_b,F,P,les lampes avec les billets que j' aime beaucoup ne sont probablement pas brisées <eos>,13,brisées,brisés,11,M,brisées,-9.629436,brisés,-12.713705,1
2372,P_NOUN_8_PASS_b,F,P,les lampes avec les billets que j' aime beaucoup ne sont probablement pas cachées <eos>,13,cachées,cachés,11,M,cachées,-8.763832,cachés,-8.127701,0
2373,P_NOUN_8_PASS_b,F,P,les lampes avec les billets que j' aime beaucoup ne sont probablement pas cassées <eos>,13,cassées,cassés,11,M,cassées,-9.661943,cassés,-10.42573,1
2374,P_NOUN_8_PASS_b,F,P,les lampes avec les billets que j' aime beaucoup ne sont probablement pas couvertes <eos>,13,couvertes,couverts,11,M,couvertes,-9.01145,couverts,-8.824345,0
2375,P_NOUN_8_PASS_b,F,P,les lampes avec les billets que j' aime beaucoup ne sont probablement pas déformées <eos>,13,déformées,déformés,11,M,déformées,-8.6820545,déformés,-13.290959,1
2376,P_NOUN_8_PASS_b,F,P,les lampes avec les billets que j' aime beaucoup ne sont probablement pas fixées <eos>,13,fixées,fixés,11,M,fixées,-8.14894,fixés,-8.56087,1
2377,P_NOUN_8_PASS_b,F,P,les lampes avec les billets que j' aime beaucoup ne sont probablement pas jetées <eos>,13,jetées,jetés,11,M,jetées,-8.936623,jetés,-8.68931,0
2378,P_NOUN_8_PASS_b,F,P,les lampes avec les billets que j' aime beaucoup ne sont probablement pas laissées <eos>,13,laissées,laissés,11,M,laissées,-8.8105345,laissés,-10.1289,1
2379,P_NOUN_8_PASS_b,F,P,les lampes avec les billets que j' aime beaucoup ne sont probablement pas ouvertes <eos>,13,ouvertes,ouverts,11,M,ouvertes,-8.814586,ouverts,-9.03918,1
2380,P_NOUN_8_PASS_b,F,P,les lampes avec les billets que j' aime beaucoup ne sont probablement pas perdues <eos>,13,perdues,perdus,11,M,perdues,-7.411002,perdus,-7.838169,1
2381,P_NOUN_8_PASS_b,F,P,les lampes avec les billets que j' aime beaucoup ne sont probablement pas réparées <eos>,13,réparées,réparés,11,M,réparées,-10.0446615,réparés,-12.296659,1
2382,P_NOUN_8_PASS_b,F,P,les lampes avec les billets que j' aime beaucoup ne sont probablement pas retirées <eos>,13,retirées,retirés,11,M,retirées,-8.187513,retirés,-9.147354,1
2383,P_NOUN_8_PASS_b,F,P,les lampes avec les billets que j' aime beaucoup ne sont probablement pas tombées <eos>,13,tombées,tombés,11,M,tombées,-8.400073,tombés,-8.0570965,0
2384,P_NOUN_8_PASS_b,F,P,les lampes avec les billets que j' aime beaucoup ne sont probablement pas utilisées <eos>,13,utilisées,utilisés,11,M,utilisées,-5.52794,utilisés,-5.8792,1
2385,P_NOUN_8_PASS_b,F,P,les lampes avec les légumes que j' aime beaucoup ne sont probablement pas achetées <eos>,13,achetées,achetés,11,M,achetées,-10.58902,achetés,-9.614188,0
2386,P_NOUN_8_PASS_b,F,P,les lampes avec les légumes que j' aime beaucoup ne sont probablement pas brisées <eos>,13,brisées,brisés,11,M,brisées,-9.659339,brisés,-12.406786,1
2387,P_NOUN_8_PASS_b,F,P,les lampes avec les légumes que j' aime beaucoup ne sont probablement pas cachées <eos>,13,cachées,cachés,11,M,cachées,-8.306908,cachés,-8.760062,1
2388,P_NOUN_8_PASS_b,F,P,les lampes avec les légumes que j' aime beaucoup ne sont probablement pas cassées <eos>,13,cassées,cassés,11,M,cassées,-9.021293,cassés,-9.475132,1
2389,P_NOUN_8_PASS_b,F,P,les lampes avec les légumes que j' aime beaucoup ne sont probablement pas couvertes <eos>,13,couvertes,couverts,11,M,couvertes,-8.092514,couverts,-8.357904,1
2390,P_NOUN_8_PASS_b,F,P,les lampes avec les légumes que j' aime beaucoup ne sont probablement pas déformées <eos>,13,déformées,déformés,11,M,déformées,-8.629254,déformés,-13.059517,1
2391,P_NOUN_8_PASS_b,F,P,les lampes avec les légumes que j' aime beaucoup ne sont probablement pas fixées <eos>,13,fixées,fixés,11,M,fixées,-8.686488,fixés,-9.318808,1
2392,P_NOUN_8_PASS_b,F,P,les lampes avec les légumes que j' aime beaucoup ne sont probablement pas jetées <eos>,13,jetées,jetés,11,M,jetées,-8.875084,jetés,-9.549702,1
2393,P_NOUN_8_PASS_b,F,P,les lampes avec les légumes que j' aime beaucoup ne sont probablement pas laissées <eos>,13,laissées,laissés,11,M,laissées,-8.177085,laissés,-9.478933,1
2394,P_NOUN_8_PASS_b,F,P,les lampes avec les légumes que j' aime beaucoup ne sont probablement pas ouvertes <eos>,13,ouvertes,ouverts,11,M,ouvertes,-8.252579,ouverts,-9.162534,1
2395,P_NOUN_8_PASS_b,F,P,les lampes avec les légumes que j' aime beaucoup ne sont probablement pas perdues <eos>,13,perdues,perdus,11,M,perdues,-7.988831,perdus,-8.519579,1
2396,P_NOUN_8_PASS_b,F,P,les lampes avec les légumes que j' aime beaucoup ne sont probablement pas réparées <eos>,13,réparées,réparés,11,M,réparées,-9.507505,réparés,-12.052652,1
2397,P_NOUN_8_PASS_b,F,P,les lampes avec les légumes que j' aime beaucoup ne sont probablement pas retirées <eos>,13,retirées,retirés,11,M,retirées,-8.3886175,retirés,-9.635842,1
2398,P_NOUN_8_PASS_b,F,P,les lampes avec les légumes que j' aime beaucoup ne sont probablement pas tombées <eos>,13,tombées,tombés,11,M,tombées,-7.873941,tombés,-8.158903,1
2399,P_NOUN_8_PASS_b,F,P,les lampes avec les légumes que j' aime beaucoup ne sont probablement pas utilisées <eos>,13,utilisées,utilisés,11,M,utilisées,-5.3568974,utilisés,-6.164301,1
2400,P_NOUN_8_PASS_b,F,P,les bouteilles avec les bracelets que j' aime beaucoup ne sont probablement pas achetées <eos>,13,achetées,achetés,11,M,achetées,-9.28205,achetés,-9.725103,1
2401,P_NOUN_8_PASS_b,F,P,les bouteilles avec les bracelets que j' aime beaucoup ne sont probablement pas brisées <eos>,13,brisées,brisés,11,M,brisées,-9.306726,brisés,-12.532704,1
2402,P_NOUN_8_PASS_b,F,P,les bouteilles avec les bracelets que j' aime beaucoup ne sont probablement pas cachées <eos>,13,cachées,cachés,11,M,cachées,-7.825944,cachés,-8.442281,1
2403,P_NOUN_8_PASS_b,F,P,les bouteilles avec les bracelets que j' aime beaucoup ne sont probablement pas cassées <eos>,13,cassées,cassés,11,M,cassées,-8.017339,cassés,-9.886339,1
2404,P_NOUN_8_PASS_b,F,P,les bouteilles avec les bracelets que j' aime beaucoup ne sont probablement pas couvertes <eos>,13,couvertes,couverts,11,M,couvertes,-8.530803,couverts,-9.129414,1
2405,P_NOUN_8_PASS_b,F,P,les bouteilles avec les bracelets que j' aime beaucoup ne sont probablement pas déformées <eos>,13,déformées,déformés,11,M,déformées,-7.9233007,déformés,-13.315108,1
2406,P_NOUN_8_PASS_b,F,P,les bouteilles avec les bracelets que j' aime beaucoup ne sont probablement pas fixées <eos>,13,fixées,fixés,11,M,fixées,-8.0901985,fixés,-9.616871,1
2407,P_NOUN_8_PASS_b,F,P,les bouteilles avec les bracelets que j' aime beaucoup ne sont probablement pas jetées <eos>,13,jetées,jetés,11,M,jetées,-8.797665,jetés,-9.036913,1
2408,P_NOUN_8_PASS_b,F,P,les bouteilles avec les bracelets que j' aime beaucoup ne sont probablement pas laissées <eos>,13,laissées,laissés,11,M,laissées,-8.067921,laissés,-10.108606,1
2409,P_NOUN_8_PASS_b,F,P,les bouteilles avec les bracelets que j' aime beaucoup ne sont probablement pas ouvertes <eos>,13,ouvertes,ouverts,11,M,ouvertes,-8.194767,ouverts,-9.512791,1
2410,P_NOUN_8_PASS_b,F,P,les bouteilles avec les bracelets que j' aime beaucoup ne sont probablement pas perdues <eos>,13,perdues,perdus,11,M,perdues,-7.335048,perdus,-8.271576,1
2411,P_NOUN_8_PASS_b,F,P,les bouteilles avec les bracelets que j' aime beaucoup ne sont probablement pas réparées <eos>,13,réparées,réparés,11,M,réparées,-9.531173,réparés,-13.251678,1
2412,P_NOUN_8_PASS_b,F,P,les bouteilles avec les bracelets que j' aime beaucoup ne sont probablement pas retirées <eos>,13,retirées,retirés,11,M,retirées,-8.057648,retirés,-9.49037,1
2413,P_NOUN_8_PASS_b,F,P,les bouteilles avec les bracelets que j' aime beaucoup ne sont probablement pas tombées <eos>,13,tombées,tombés,11,M,tombées,-8.02801,tombés,-7.753351,0
2414,P_NOUN_8_PASS_b,F,P,les bouteilles avec les bracelets que j' aime beaucoup ne sont probablement pas utilisées <eos>,13,utilisées,utilisés,11,M,utilisées,-5.2416058,utilisés,-6.41195,1
2415,P_NOUN_8_PASS_b,F,P,les bouteilles avec les miroirs que j' aime beaucoup ne sont probablement pas achetées <eos>,13,achetées,achetés,11,M,achetées,-9.771734,achetés,-9.859891,1
2416,P_NOUN_8_PASS_b,F,P,les bouteilles avec les miroirs que j' aime beaucoup ne sont probablement pas brisées <eos>,13,brisées,brisés,11,M,brisées,-9.19452,brisés,-12.282514,1
2417,P_NOUN_8_PASS_b,F,P,les bouteilles avec les miroirs que j' aime beaucoup ne sont probablement pas cachées <eos>,13,cachées,cachés,11,M,cachées,-7.577631,cachés,-8.382642,1
2418,P_NOUN_8_PASS_b,F,P,les bouteilles avec les miroirs que j' aime beaucoup ne sont probablement pas cassées <eos>,13,cassées,cassés,11,M,cassées,-8.447242,cassés,-9.997836,1
2419,P_NOUN_8_PASS_b,F,P,les bouteilles avec les miroirs que j' aime beaucoup ne sont probablement pas couvertes <eos>,13,couvertes,couverts,11,M,couvertes,-7.8827553,couverts,-8.820981,1
2420,P_NOUN_8_PASS_b,F,P,les bouteilles avec les miroirs que j' aime beaucoup ne sont probablement pas déformées <eos>,13,déformées,déformés,11,M,déformées,-7.2344255,déformés,-12.544048,1
2421,P_NOUN_8_PASS_b,F,P,les bouteilles avec les miroirs que j' aime beaucoup ne sont probablement pas fixées <eos>,13,fixées,fixés,11,M,fixées,-8.305777,fixés,-9.5222,1
2422,P_NOUN_8_PASS_b,F,P,les bouteilles avec les miroirs que j' aime beaucoup ne sont probablement pas jetées <eos>,13,jetées,jetés,11,M,jetées,-9.116039,jetés,-9.170616,1
2423,P_NOUN_8_PASS_b,F,P,les bouteilles avec les miroirs que j' aime beaucoup ne sont probablement pas laissées <eos>,13,laissées,laissés,11,M,laissées,-7.959093,laissés,-10.286091,1
2424,P_NOUN_8_PASS_b,F,P,les bouteilles avec les miroirs que j' aime beaucoup ne sont probablement pas ouvertes <eos>,13,ouvertes,ouverts,11,M,ouvertes,-7.462368,ouverts,-8.593644,1
2425,P_NOUN_8_PASS_b,F,P,les bouteilles avec les miroirs que j' aime beaucoup ne sont probablement pas perdues <eos>,13,perdues,perdus,11,M,perdues,-7.2113976,perdus,-7.8795047,1
2426,P_NOUN_8_PASS_b,F,P,les bouteilles avec les miroirs que j' aime beaucoup ne sont probablement pas réparées <eos>,13,réparées,réparés,11,M,réparées,-8.878442,réparés,-12.625674,1
2427,P_NOUN_8_PASS_b,F,P,les bouteilles avec les miroirs que j' aime beaucoup ne sont probablement pas retirées <eos>,13,retirées,retirés,11,M,retirées,-7.8372974,retirés,-9.720535,1
2428,P_NOUN_8_PASS_b,F,P,les bouteilles avec les miroirs que j' aime beaucoup ne sont probablement pas tombées <eos>,13,tombées,tombés,11,M,tombées,-7.8812866,tombés,-8.718726,1
2429,P_NOUN_8_PASS_b,F,P,les bouteilles avec les miroirs que j' aime beaucoup ne sont probablement pas utilisées <eos>,13,utilisées,utilisés,11,M,utilisées,-5.2085733,utilisés,-6.5309343,1
2430,P_NOUN_8_PASS_b,F,P,les bouteilles avec les crayons que j' aime beaucoup ne sont probablement pas achetées <eos>,13,achetées,achetés,11,M,achetées,-9.256842,achetés,-9.18424,0
2431,P_NOUN_8_PASS_b,F,P,les bouteilles avec les crayons que j' aime beaucoup ne sont probablement pas brisées <eos>,13,brisées,brisés,11,M,brisées,-9.794486,brisés,-12.732937,1
2432,P_NOUN_8_PASS_b,F,P,les bouteilles avec les crayons que j' aime beaucoup ne sont probablement pas cachées <eos>,13,cachées,cachés,11,M,cachées,-8.22254,cachés,-8.553862,1
2433,P_NOUN_8_PASS_b,F,P,les bouteilles avec les crayons que j' aime beaucoup ne sont probablement pas cassées <eos>,13,cassées,cassés,11,M,cassées,-8.573426,cassés,-9.350231,1
2434,P_NOUN_8_PASS_b,F,P,les bouteilles avec les crayons que j' aime beaucoup ne sont probablement pas couvertes <eos>,13,couvertes,couverts,11,M,couvertes,-8.262291,couverts,-8.635208,1
2435,P_NOUN_8_PASS_b,F,P,les bouteilles avec les crayons que j' aime beaucoup ne sont probablement pas déformées <eos>,13,déformées,déformés,11,M,déformées,-8.197345,déformés,-13.156145,1
2436,P_NOUN_8_PASS_b,F,P,les bouteilles avec les crayons que j' aime beaucoup ne sont probablement pas fixées <eos>,13,fixées,fixés,11,M,fixées,-8.852352,fixés,-9.830994,1
2437,P_NOUN_8_PASS_b,F,P,les bouteilles avec les crayons que j' aime beaucoup ne sont probablement pas jetées <eos>,13,jetées,jetés,11,M,jetées,-9.613003,jetés,-9.339722,0
2438,P_NOUN_8_PASS_b,F,P,les bouteilles avec les crayons que j' aime beaucoup ne sont probablement pas laissées <eos>,13,laissées,laissés,11,M,laissées,-7.8486357,laissés,-9.709402,1
2439,P_NOUN_8_PASS_b,F,P,les bouteilles avec les crayons que j' aime beaucoup ne sont probablement pas ouvertes <eos>,13,ouvertes,ouverts,11,M,ouvertes,-8.1246805,ouverts,-9.287901,1
2440,P_NOUN_8_PASS_b,F,P,les bouteilles avec les crayons que j' aime beaucoup ne sont probablement pas perdues <eos>,13,perdues,perdus,11,M,perdues,-7.3935914,perdus,-8.171195,1
2441,P_NOUN_8_PASS_b,F,P,les bouteilles avec les crayons que j' aime beaucoup ne sont probablement pas réparées <eos>,13,réparées,réparés,11,M,réparées,-8.888112,réparés,-12.350424,1
2442,P_NOUN_8_PASS_b,F,P,les bouteilles avec les crayons que j' aime beaucoup ne sont probablement pas retirées <eos>,13,retirées,retirés,11,M,retirées,-7.850101,retirés,-9.564359,1
2443,P_NOUN_8_PASS_b,F,P,les bouteilles avec les crayons que j' aime beaucoup ne sont probablement pas tombées <eos>,13,tombées,tombés,11,M,tombées,-7.913393,tombés,-8.078249,1
2444,P_NOUN_8_PASS_b,F,P,les bouteilles avec les crayons que j' aime beaucoup ne sont probablement pas utilisées <eos>,13,utilisées,utilisés,11,M,utilisées,-5.417569,utilisés,-6.533866,1
2445,P_NOUN_8_PASS_b,F,P,les bouteilles avec les rideaux que j' aime beaucoup ne sont probablement pas achetées <eos>,13,achetées,achetés,11,M,achetées,-9.055668,achetés,-9.739581,1
2446,P_NOUN_8_PASS_b,F,P,les bouteilles avec les rideaux que j' aime beaucoup ne sont probablement pas brisées <eos>,13,brisées,brisés,11,M,brisées,-9.294962,brisés,-12.70038,1
2447,P_NOUN_8_PASS_b,F,P,les bouteilles avec les rideaux que j' aime beaucoup ne sont probablement pas cachées <eos>,13,cachées,cachés,11,M,cachées,-7.648392,cachés,-8.635112,1
2448,P_NOUN_8_PASS_b,F,P,les bouteilles avec les rideaux que j' aime beaucoup ne sont probablement pas cassées <eos>,13,cassées,cassés,11,M,cassées,-8.076065,cassés,-9.921633,1
2449,P_NOUN_8_PASS_b,F,P,les bouteilles avec les rideaux que j' aime beaucoup ne sont probablement pas couvertes <eos>,13,couvertes,couverts,11,M,couvertes,-7.7545786,couverts,-8.881838,1
2450,P_NOUN_8_PASS_b,F,P,les bouteilles avec les rideaux que j' aime beaucoup ne sont probablement pas déformées <eos>,13,déformées,déformés,11,M,déformées,-8.030152,déformés,-13.298389,1
2451,P_NOUN_8_PASS_b,F,P,les bouteilles avec les rideaux que j' aime beaucoup ne sont probablement pas fixées <eos>,13,fixées,fixés,11,M,fixées,-8.309037,fixés,-9.863421,1
2452,P_NOUN_8_PASS_b,F,P,les bouteilles avec les rideaux que j' aime beaucoup ne sont probablement pas jetées <eos>,13,jetées,jetés,11,M,jetées,-9.060278,jetés,-9.62522,1
2453,P_NOUN_8_PASS_b,F,P,les bouteilles avec les rideaux que j' aime beaucoup ne sont probablement pas laissées <eos>,13,laissées,laissés,11,M,laissées,-7.4565787,laissés,-10.054836,1
2454,P_NOUN_8_PASS_b,F,P,les bouteilles avec les rideaux que j' aime beaucoup ne sont probablement pas ouvertes <eos>,13,ouvertes,ouverts,11,M,ouvertes,-7.544734,ouverts,-9.237764,1
2455,P_NOUN_8_PASS_b,F,P,les bouteilles avec les rideaux que j' aime beaucoup ne sont probablement pas perdues <eos>,13,perdues,perdus,11,M,perdues,-7.1423817,perdus,-8.46834,1
2456,P_NOUN_8_PASS_b,F,P,les bouteilles avec les rideaux que j' aime beaucoup ne sont probablement pas réparées <eos>,13,réparées,réparés,11,M,réparées,-8.582594,réparés,-12.679068,1
2457,P_NOUN_8_PASS_b,F,P,les bouteilles avec les rideaux que j' aime beaucoup ne sont probablement pas retirées <eos>,13,retirées,retirés,11,M,retirées,-7.492072,retirés,-10.035977,1
2458,P_NOUN_8_PASS_b,F,P,les bouteilles avec les rideaux que j' aime beaucoup ne sont probablement pas tombées <eos>,13,tombées,tombés,11,M,tombées,-7.653222,tombés,-8.36471,1
2459,P_NOUN_8_PASS_b,F,P,les bouteilles avec les rideaux que j' aime beaucoup ne sont probablement pas utilisées <eos>,13,utilisées,utilisés,11,M,utilisées,-5.433747,utilisés,-7.13742,1
2460,P_NOUN_8_PASS_b,F,P,les bouteilles avec les cahiers que j' aime beaucoup ne sont probablement pas achetées <eos>,13,achetées,achetés,11,M,achetées,-9.336882,achetés,-9.713337,1
2461,P_NOUN_8_PASS_b,F,P,les bouteilles avec les cahiers que j' aime beaucoup ne sont probablement pas brisées <eos>,13,brisées,brisés,11,M,brisées,-10.056766,brisés,-13.19837,1
2462,P_NOUN_8_PASS_b,F,P,les bouteilles avec les cahiers que j' aime beaucoup ne sont probablement pas cachées <eos>,13,cachées,cachés,11,M,cachées,-8.205173,cachés,-9.0317955,1
2463,P_NOUN_8_PASS_b,F,P,les bouteilles avec les cahiers que j' aime beaucoup ne sont probablement pas cassées <eos>,13,cassées,cassés,11,M,cassées,-9.140306,cassés,-10.70941,1
2464,P_NOUN_8_PASS_b,F,P,les bouteilles avec les cahiers que j' aime beaucoup ne sont probablement pas couvertes <eos>,13,couvertes,couverts,11,M,couvertes,-8.411599,couverts,-9.255821,1
2465,P_NOUN_8_PASS_b,F,P,les bouteilles avec les cahiers que j' aime beaucoup ne sont probablement pas déformées <eos>,13,déformées,déformés,11,M,déformées,-8.278539,déformés,-13.553203,1
2466,P_NOUN_8_PASS_b,F,P,les bouteilles avec les cahiers que j' aime beaucoup ne sont probablement pas fixées <eos>,13,fixées,fixés,11,M,fixées,-9.12204,fixés,-10.659691,1
2467,P_NOUN_8_PASS_b,F,P,les bouteilles avec les cahiers que j' aime beaucoup ne sont probablement pas jetées <eos>,13,jetées,jetés,11,M,jetées,-10.269296,jetés,-10.446208,1
2468,P_NOUN_8_PASS_b,F,P,les bouteilles avec les cahiers que j' aime beaucoup ne sont probablement pas laissées <eos>,13,laissées,laissés,11,M,laissées,-7.9962225,laissés,-10.338656,1
2469,P_NOUN_8_PASS_b,F,P,les bouteilles avec les cahiers que j' aime beaucoup ne sont probablement pas ouvertes <eos>,13,ouvertes,ouverts,11,M,ouvertes,-7.2365894,ouverts,-9.008821,1
2470,P_NOUN_8_PASS_b,F,P,les bouteilles avec les cahiers que j' aime beaucoup ne sont probablement pas perdues <eos>,13,perdues,perdus,11,M,perdues,-6.974573,perdus,-8.07923,1
2471,P_NOUN_8_PASS_b,F,P,les bouteilles avec les cahiers que j' aime beaucoup ne sont probablement pas réparées <eos>,13,réparées,réparés,11,M,réparées,-9.352641,réparés,-13.061888,1
2472,P_NOUN_8_PASS_b,F,P,les bouteilles avec les cahiers que j' aime beaucoup ne sont probablement pas retirées <eos>,13,retirées,retirés,11,M,retirées,-7.9517055,retirés,-10.405413,1
2473,P_NOUN_8_PASS_b,F,P,les bouteilles avec les cahiers que j' aime beaucoup ne sont probablement pas tombées <eos>,13,tombées,tombés,11,M,tombées,-8.212459,tombés,-8.862549,1
2474,P_NOUN_8_PASS_b,F,P,les bouteilles avec les cahiers que j' aime beaucoup ne sont probablement pas utilisées <eos>,13,utilisées,utilisés,11,M,utilisées,-5.768998,utilisés,-7.3891373,1
2475,P_NOUN_8_PASS_b,F,P,les bouteilles avec les micros que j' aime beaucoup ne sont probablement pas achetées <eos>,13,achetées,achetés,11,M,achetées,-9.364709,achetés,-9.851089,1
2476,P_NOUN_8_PASS_b,F,P,les bouteilles avec les micros que j' aime beaucoup ne sont probablement pas brisées <eos>,13,brisées,brisés,11,M,brisées,-9.356892,brisés,-12.678881,1
2477,P_NOUN_8_PASS_b,F,P,les bouteilles avec les micros que j' aime beaucoup ne sont probablement pas cachées <eos>,13,cachées,cachés,11,M,cachées,-8.331139,cachés,-9.014454,1
2478,P_NOUN_8_PASS_b,F,P,les bouteilles avec les micros que j' aime beaucoup ne sont probablement pas cassées <eos>,13,cassées,cassés,11,M,cassées,-8.513577,cassés,-10.220887,1
2479,P_NOUN_8_PASS_b,F,P,les bouteilles avec les micros que j' aime beaucoup ne sont probablement pas couvertes <eos>,13,couvertes,couverts,11,M,couvertes,-8.022606,couverts,-8.719725,1
2480,P_NOUN_8_PASS_b,F,P,les bouteilles avec les micros que j' aime beaucoup ne sont probablement pas déformées <eos>,13,déformées,déformés,11,M,déformées,-8.013431,déformés,-13.3639765,1
2481,P_NOUN_8_PASS_b,F,P,les bouteilles avec les micros que j' aime beaucoup ne sont probablement pas fixées <eos>,13,fixées,fixés,11,M,fixées,-8.198065,fixés,-9.188456,1
2482,P_NOUN_8_PASS_b,F,P,les bouteilles avec les micros que j' aime beaucoup ne sont probablement pas jetées <eos>,13,jetées,jetés,11,M,jetées,-9.512782,jetés,-9.790526,1
2483,P_NOUN_8_PASS_b,F,P,les bouteilles avec les micros que j' aime beaucoup ne sont probablement pas laissées <eos>,13,laissées,laissés,11,M,laissées,-7.57444,laissés,-10.537495,1
2484,P_NOUN_8_PASS_b,F,P,les bouteilles avec les micros que j' aime beaucoup ne sont probablement pas ouvertes <eos>,13,ouvertes,ouverts,11,M,ouvertes,-7.73287,ouverts,-9.027051,1
2485,P_NOUN_8_PASS_b,F,P,les bouteilles avec les micros que j' aime beaucoup ne sont probablement pas perdues <eos>,13,perdues,perdus,11,M,perdues,-7.6880198,perdus,-8.529134,1
2486,P_NOUN_8_PASS_b,F,P,les bouteilles avec les micros que j' aime beaucoup ne sont probablement pas réparées <eos>,13,réparées,réparés,11,M,réparées,-9.171139,réparés,-12.982681,1
2487,P_NOUN_8_PASS_b,F,P,les bouteilles avec les micros que j' aime beaucoup ne sont probablement pas retirées <eos>,13,retirées,retirés,11,M,retirées,-7.8650603,retirés,-10.049467,1
2488,P_NOUN_8_PASS_b,F,P,les bouteilles avec les micros que j' aime beaucoup ne sont probablement pas tombées <eos>,13,tombées,tombés,11,M,tombées,-8.385536,tombés,-8.933867,1
2489,P_NOUN_8_PASS_b,F,P,les bouteilles avec les micros que j' aime beaucoup ne sont probablement pas utilisées <eos>,13,utilisées,utilisés,11,M,utilisées,-5.106352,utilisés,-6.471245,1
2490,P_NOUN_8_PASS_b,F,P,les bouteilles avec les sacs que j' aime beaucoup ne sont probablement pas achetées <eos>,13,achetées,achetés,11,M,achetées,-9.218663,achetés,-9.040326,0
2491,P_NOUN_8_PASS_b,F,P,les bouteilles avec les sacs que j' aime beaucoup ne sont probablement pas brisées <eos>,13,brisées,brisés,11,M,brisées,-9.54263,brisés,-12.365845,1
2492,P_NOUN_8_PASS_b,F,P,les bouteilles avec les sacs que j' aime beaucoup ne sont probablement pas cachées <eos>,13,cachées,cachés,11,M,cachées,-8.098991,cachés,-8.264807,1
2493,P_NOUN_8_PASS_b,F,P,les bouteilles avec les sacs que j' aime beaucoup ne sont probablement pas cassées <eos>,13,cassées,cassés,11,M,cassées,-8.44455,cassés,-9.561603,1
2494,P_NOUN_8_PASS_b,F,P,les bouteilles avec les sacs que j' aime beaucoup ne sont probablement pas couvertes <eos>,13,couvertes,couverts,11,M,couvertes,-8.02189,couverts,-8.303517,1
2495,P_NOUN_8_PASS_b,F,P,les bouteilles avec les sacs que j' aime beaucoup ne sont probablement pas déformées <eos>,13,déformées,déformés,11,M,déformées,-8.687252,déformés,-13.411577,1
2496,P_NOUN_8_PASS_b,F,P,les bouteilles avec les sacs que j' aime beaucoup ne sont probablement pas fixées <eos>,13,fixées,fixés,11,M,fixées,-8.50965,fixés,-9.163583,1
2497,P_NOUN_8_PASS_b,F,P,les bouteilles avec les sacs que j' aime beaucoup ne sont probablement pas jetées <eos>,13,jetées,jetés,11,M,jetées,-9.206652,jetés,-8.973537,0
2498,P_NOUN_8_PASS_b,F,P,les bouteilles avec les sacs que j' aime beaucoup ne sont probablement pas laissées <eos>,13,laissées,laissés,11,M,laissées,-7.916929,laissés,-9.76465,1
2499,P_NOUN_8_PASS_b,F,P,les bouteilles avec les sacs que j' aime beaucoup ne sont probablement pas ouvertes <eos>,13,ouvertes,ouverts,11,M,ouvertes,-7.9292593,ouverts,-8.950792,1
2500,P_NOUN_8_PASS_b,F,P,les bouteilles avec les sacs que j' aime beaucoup ne sont probablement pas perdues <eos>,13,perdues,perdus,11,M,perdues,-7.6424274,perdus,-8.093994,1
2501,P_NOUN_8_PASS_b,F,P,les bouteilles avec les sacs que j' aime beaucoup ne sont probablement pas réparées <eos>,13,réparées,réparés,11,M,réparées,-9.008541,réparés,-12.249789,1
2502,P_NOUN_8_PASS_b,F,P,les bouteilles avec les sacs que j' aime beaucoup ne sont probablement pas retirées <eos>,13,retirées,retirés,11,M,retirées,-7.8983474,retirés,-9.326747,1
2503,P_NOUN_8_PASS_b,F,P,les bouteilles avec les sacs que j' aime beaucoup ne sont probablement pas tombées <eos>,13,tombées,tombés,11,M,tombées,-8.191631,tombés,-8.202302,1
2504,P_NOUN_8_PASS_b,F,P,les bouteilles avec les sacs que j' aime beaucoup ne sont probablement pas utilisées <eos>,13,utilisées,utilisés,11,M,utilisées,-5.3802156,utilisés,-6.3746815,1
2505,P_NOUN_8_PASS_b,F,P,les bouteilles avec les claviers que j' aime beaucoup ne sont probablement pas achetées <eos>,13,achetées,achetés,11,M,achetées,-9.477334,achetés,-10.242157,1
2506,P_NOUN_8_PASS_b,F,P,les bouteilles avec les claviers que j' aime beaucoup ne sont probablement pas brisées <eos>,13,brisées,brisés,11,M,brisées,-9.293486,brisés,-12.691141,1
2507,P_NOUN_8_PASS_b,F,P,les bouteilles avec les claviers que j' aime beaucoup ne sont probablement pas cachées <eos>,13,cachées,cachés,11,M,cachées,-7.984812,cachés,-9.203384,1
2508,P_NOUN_8_PASS_b,F,P,les bouteilles avec les claviers que j' aime beaucoup ne sont probablement pas cassées <eos>,13,cassées,cassés,11,M,cassées,-8.871035,cassés,-10.747919,1
2509,P_NOUN_8_PASS_b,F,P,les bouteilles avec les claviers que j' aime beaucoup ne sont probablement pas couvertes <eos>,13,couvertes,couverts,11,M,couvertes,-8.221087,couverts,-9.289937,1
2510,P_NOUN_8_PASS_b,F,P,les bouteilles avec les claviers que j' aime beaucoup ne sont probablement pas déformées <eos>,13,déformées,déformés,11,M,déformées,-7.831653,déformés,-13.404778,1
2511,P_NOUN_8_PASS_b,F,P,les bouteilles avec les claviers que j' aime beaucoup ne sont probablement pas fixées <eos>,13,fixées,fixés,11,M,fixées,-8.518378,fixés,-9.701769,1
2512,P_NOUN_8_PASS_b,F,P,les bouteilles avec les claviers que j' aime beaucoup ne sont probablement pas jetées <eos>,13,jetées,jetés,11,M,jetées,-9.798397,jetés,-10.178715,1
2513,P_NOUN_8_PASS_b,F,P,les bouteilles avec les claviers que j' aime beaucoup ne sont probablement pas laissées <eos>,13,laissées,laissés,11,M,laissées,-7.8688636,laissés,-10.437832,1
2514,P_NOUN_8_PASS_b,F,P,les bouteilles avec les claviers que j' aime beaucoup ne sont probablement pas ouvertes <eos>,13,ouvertes,ouverts,11,M,ouvertes,-7.263625,ouverts,-9.2649,1
2515,P_NOUN_8_PASS_b,F,P,les bouteilles avec les claviers que j' aime beaucoup ne sont probablement pas perdues <eos>,13,perdues,perdus,11,M,perdues,-7.3520803,perdus,-8.676972,1
2516,P_NOUN_8_PASS_b,F,P,les bouteilles avec les claviers que j' aime beaucoup ne sont probablement pas réparées <eos>,13,réparées,réparés,11,M,réparées,-9.148953,réparés,-13.159201,1
2517,P_NOUN_8_PASS_b,F,P,les bouteilles avec les claviers que j' aime beaucoup ne sont probablement pas retirées <eos>,13,retirées,retirés,11,M,retirées,-7.959562,retirés,-10.436905,1
2518,P_NOUN_8_PASS_b,F,P,les bouteilles avec les claviers que j' aime beaucoup ne sont probablement pas tombées <eos>,13,tombées,tombés,11,M,tombées,-8.484288,tombés,-9.4472275,1
2519,P_NOUN_8_PASS_b,F,P,les bouteilles avec les claviers que j' aime beaucoup ne sont probablement pas utilisées <eos>,13,utilisées,utilisés,11,M,utilisées,-5.26009,utilisés,-6.9116936,1
2520,P_NOUN_8_PASS_b,F,P,les bouteilles avec les raisins que j' aime beaucoup ne sont probablement pas achetées <eos>,13,achetées,achetés,11,M,achetées,-8.541501,achetés,-8.596028,1
2521,P_NOUN_8_PASS_b,F,P,les bouteilles avec les raisins que j' aime beaucoup ne sont probablement pas brisées <eos>,13,brisées,brisés,11,M,brisées,-9.558666,brisés,-13.007461,1
2522,P_NOUN_8_PASS_b,F,P,les bouteilles avec les raisins que j' aime beaucoup ne sont probablement pas cachées <eos>,13,cachées,cachés,11,M,cachées,-8.225265,cachés,-8.854814,1
2523,P_NOUN_8_PASS_b,F,P,les bouteilles avec les raisins que j' aime beaucoup ne sont probablement pas cassées <eos>,13,cassées,cassés,11,M,cassées,-8.796453,cassés,-9.038466,1
2524,P_NOUN_8_PASS_b,F,P,les bouteilles avec les raisins que j' aime beaucoup ne sont probablement pas couvertes <eos>,13,couvertes,couverts,11,M,couvertes,-7.7940493,couverts,-8.03741,1
2525,P_NOUN_8_PASS_b,F,P,les bouteilles avec les raisins que j' aime beaucoup ne sont probablement pas déformées <eos>,13,déformées,déformés,11,M,déformées,-8.870192,déformés,-14.270974,1
2526,P_NOUN_8_PASS_b,F,P,les bouteilles avec les raisins que j' aime beaucoup ne sont probablement pas fixées <eos>,13,fixées,fixés,11,M,fixées,-8.50523,fixés,-9.43988,1
2527,P_NOUN_8_PASS_b,F,P,les bouteilles avec les raisins que j' aime beaucoup ne sont probablement pas jetées <eos>,13,jetées,jetés,11,M,jetées,-10.189304,jetés,-10.165289,0
2528,P_NOUN_8_PASS_b,F,P,les bouteilles avec les raisins que j' aime beaucoup ne sont probablement pas laissées <eos>,13,laissées,laissés,11,M,laissées,-7.3104067,laissés,-9.748392,1
2529,P_NOUN_8_PASS_b,F,P,les bouteilles avec les raisins que j' aime beaucoup ne sont probablement pas ouvertes <eos>,13,ouvertes,ouverts,11,M,ouvertes,-7.917373,ouverts,-9.593503,1
2530,P_NOUN_8_PASS_b,F,P,les bouteilles avec les raisins que j' aime beaucoup ne sont probablement pas perdues <eos>,13,perdues,perdus,11,M,perdues,-7.7076545,perdus,-8.5069065,1
2531,P_NOUN_8_PASS_b,F,P,les bouteilles avec les raisins que j' aime beaucoup ne sont probablement pas réparées <eos>,13,réparées,réparés,11,M,réparées,-9.116381,réparés,-12.626053,1
2532,P_NOUN_8_PASS_b,F,P,les bouteilles avec les raisins que j' aime beaucoup ne sont probablement pas retirées <eos>,13,retirées,retirés,11,M,retirées,-7.6917048,retirés,-9.533657,1
2533,P_NOUN_8_PASS_b,F,P,les bouteilles avec les raisins que j' aime beaucoup ne sont probablement pas tombées <eos>,13,tombées,tombés,11,M,tombées,-7.644593,tombés,-8.201185,1
2534,P_NOUN_8_PASS_b,F,P,les bouteilles avec les raisins que j' aime beaucoup ne sont probablement pas utilisées <eos>,13,utilisées,utilisés,11,M,utilisées,-5.144095,utilisés,-6.419273,1
2535,P_NOUN_8_PASS_b,F,P,les bouteilles avec les chargeurs que j' aime beaucoup ne sont probablement pas achetées <eos>,13,achetées,achetés,11,M,achetées,-8.7576275,achetés,-9.652476,1
2536,P_NOUN_8_PASS_b,F,P,les bouteilles avec les chargeurs que j' aime beaucoup ne sont probablement pas brisées <eos>,13,brisées,brisés,11,M,brisées,-9.434771,brisés,-12.818734,1
2537,P_NOUN_8_PASS_b,F,P,les bouteilles avec les chargeurs que j' aime beaucoup ne sont probablement pas cachées <eos>,13,cachées,cachés,11,M,cachées,-8.159931,cachés,-8.168889,1
2538,P_NOUN_8_PASS_b,F,P,les bouteilles avec les chargeurs que j' aime beaucoup ne sont probablement pas cassées <eos>,13,cassées,cassés,11,M,cassées,-8.63454,cassés,-9.777182,1
2539,P_NOUN_8_PASS_b,F,P,les bouteilles avec les chargeurs que j' aime beaucoup ne sont probablement pas couvertes <eos>,13,couvertes,couverts,11,M,couvertes,-7.939521,couverts,-8.694811,1
2540,P_NOUN_8_PASS_b,F,P,les bouteilles avec les chargeurs que j' aime beaucoup ne sont probablement pas déformées <eos>,13,déformées,déformés,11,M,déformées,-8.6413145,déformés,-14.0067425,1
2541,P_NOUN_8_PASS_b,F,P,les bouteilles avec les chargeurs que j' aime beaucoup ne sont probablement pas fixées <eos>,13,fixées,fixés,11,M,fixées,-7.9984274,fixés,-9.080575,1
2542,P_NOUN_8_PASS_b,F,P,les bouteilles avec les chargeurs que j' aime beaucoup ne sont probablement pas jetées <eos>,13,jetées,jetés,11,M,jetées,-9.497505,jetés,-9.361977,0
2543,P_NOUN_8_PASS_b,F,P,les bouteilles avec les chargeurs que j' aime beaucoup ne sont probablement pas laissées <eos>,13,laissées,laissés,11,M,laissées,-7.7804623,laissés,-10.323582,1
2544,P_NOUN_8_PASS_b,F,P,les bouteilles avec les chargeurs que j' aime beaucoup ne sont probablement pas ouvertes <eos>,13,ouvertes,ouverts,11,M,ouvertes,-7.9635906,ouverts,-9.178076,1
2545,P_NOUN_8_PASS_b,F,P,les bouteilles avec les chargeurs que j' aime beaucoup ne sont probablement pas perdues <eos>,13,perdues,perdus,11,M,perdues,-7.0877037,perdus,-8.119512,1
2546,P_NOUN_8_PASS_b,F,P,les bouteilles avec les chargeurs que j' aime beaucoup ne sont probablement pas réparées <eos>,13,réparées,réparés,11,M,réparées,-9.019765,réparés,-12.162703,1
2547,P_NOUN_8_PASS_b,F,P,les bouteilles avec les chargeurs que j' aime beaucoup ne sont probablement pas retirées <eos>,13,retirées,retirés,11,M,retirées,-7.563164,retirés,-8.788054,1
2548,P_NOUN_8_PASS_b,F,P,les bouteilles avec les chargeurs que j' aime beaucoup ne sont probablement pas tombées <eos>,13,tombées,tombés,11,M,tombées,-8.132728,tombés,-7.8961625,0
2549,P_NOUN_8_PASS_b,F,P,les bouteilles avec les chargeurs que j' aime beaucoup ne sont probablement pas utilisées <eos>,13,utilisées,utilisés,11,M,utilisées,-4.7245483,utilisés,-6.08638,1
2550,P_NOUN_8_PASS_b,F,P,les bouteilles avec les vases que j' aime beaucoup ne sont probablement pas achetées <eos>,13,achetées,achetés,11,M,achetées,-9.687536,achetés,-9.7792845,1
2551,P_NOUN_8_PASS_b,F,P,les bouteilles avec les vases que j' aime beaucoup ne sont probablement pas brisées <eos>,13,brisées,brisés,11,M,brisées,-9.259195,brisés,-12.173617,1
2552,P_NOUN_8_PASS_b,F,P,les bouteilles avec les vases que j' aime beaucoup ne sont probablement pas cachées <eos>,13,cachées,cachés,11,M,cachées,-7.7926354,cachés,-8.876047,1
2553,P_NOUN_8_PASS_b,F,P,les bouteilles avec les vases que j' aime beaucoup ne sont probablement pas cassées <eos>,13,cassées,cassés,11,M,cassées,-8.20216,cassés,-9.500851,1
2554,P_NOUN_8_PASS_b,F,P,les bouteilles avec les vases que j' aime beaucoup ne sont probablement pas couvertes <eos>,13,couvertes,couverts,11,M,couvertes,-8.128671,couverts,-8.564987,1
2555,P_NOUN_8_PASS_b,F,P,les bouteilles avec les vases que j' aime beaucoup ne sont probablement pas déformées <eos>,13,déformées,déformés,11,M,déformées,-7.767355,déformés,-12.815675,1
2556,P_NOUN_8_PASS_b,F,P,les bouteilles avec les vases que j' aime beaucoup ne sont probablement pas fixées <eos>,13,fixées,fixés,11,M,fixées,-8.135359,fixés,-9.526512,1
2557,P_NOUN_8_PASS_b,F,P,les bouteilles avec les vases que j' aime beaucoup ne sont probablement pas jetées <eos>,13,jetées,jetés,11,M,jetées,-9.278642,jetés,-9.314049,1
2558,P_NOUN_8_PASS_b,F,P,les bouteilles avec les vases que j' aime beaucoup ne sont probablement pas laissées <eos>,13,laissées,laissés,11,M,laissées,-7.699961,laissés,-9.838966,1
2559,P_NOUN_8_PASS_b,F,P,les bouteilles avec les vases que j' aime beaucoup ne sont probablement pas ouvertes <eos>,13,ouvertes,ouverts,11,M,ouvertes,-8.053892,ouverts,-9.482781,1
2560,P_NOUN_8_PASS_b,F,P,les bouteilles avec les vases que j' aime beaucoup ne sont probablement pas perdues <eos>,13,perdues,perdus,11,M,perdues,-7.5304756,perdus,-8.321807,1
2561,P_NOUN_8_PASS_b,F,P,les bouteilles avec les vases que j' aime beaucoup ne sont probablement pas réparées <eos>,13,réparées,réparés,11,M,réparées,-9.238108,réparés,-12.879349,1
2562,P_NOUN_8_PASS_b,F,P,les bouteilles avec les vases que j' aime beaucoup ne sont probablement pas retirées <eos>,13,retirées,retirés,11,M,retirées,-8.003779,retirés,-9.816839,1
2563,P_NOUN_8_PASS_b,F,P,les bouteilles avec les vases que j' aime beaucoup ne sont probablement pas tombées <eos>,13,tombées,tombés,11,M,tombées,-7.860691,tombés,-8.1514635,1
2564,P_NOUN_8_PASS_b,F,P,les bouteilles avec les vases que j' aime beaucoup ne sont probablement pas utilisées <eos>,13,utilisées,utilisés,11,M,utilisées,-5.453131,utilisés,-6.67277,1
2565,P_NOUN_8_PASS_b,F,P,les bouteilles avec les paniers que j' aime beaucoup ne sont probablement pas achetées <eos>,13,achetées,achetés,11,M,achetées,-9.314999,achetés,-9.335259,1
2566,P_NOUN_8_PASS_b,F,P,les bouteilles avec les paniers que j' aime beaucoup ne sont probablement pas brisées <eos>,13,brisées,brisés,11,M,brisées,-9.402342,brisés,-12.557475,1
2567,P_NOUN_8_PASS_b,F,P,les bouteilles avec les paniers que j' aime beaucoup ne sont probablement pas cachées <eos>,13,cachées,cachés,11,M,cachées,-8.070196,cachés,-8.585323,1
2568,P_NOUN_8_PASS_b,F,P,les bouteilles avec les paniers que j' aime beaucoup ne sont probablement pas cassées <eos>,13,cassées,cassés,11,M,cassées,-8.10463,cassés,-9.682694,1
2569,P_NOUN_8_PASS_b,F,P,les bouteilles avec les paniers que j' aime beaucoup ne sont probablement pas couvertes <eos>,13,couvertes,couverts,11,M,couvertes,-8.079902,couverts,-8.573454,1
2570,P_NOUN_8_PASS_b,F,P,les bouteilles avec les paniers que j' aime beaucoup ne sont probablement pas déformées <eos>,13,déformées,déformés,11,M,déformées,-8.295149,déformés,-13.54109,1
2571,P_NOUN_8_PASS_b,F,P,les bouteilles avec les paniers que j' aime beaucoup ne sont probablement pas fixées <eos>,13,fixées,fixés,11,M,fixées,-8.034873,fixés,-9.21645,1
2572,P_NOUN_8_PASS_b,F,P,les bouteilles avec les paniers que j' aime beaucoup ne sont probablement pas jetées <eos>,13,jetées,jetés,11,M,jetées,-8.951641,jetés,-9.264049,1
2573,P_NOUN_8_PASS_b,F,P,les bouteilles avec les paniers que j' aime beaucoup ne sont probablement pas laissées <eos>,13,laissées,laissés,11,M,laissées,-8.0053625,laissés,-10.118074,1
2574,P_NOUN_8_PASS_b,F,P,les bouteilles avec les paniers que j' aime beaucoup ne sont probablement pas ouvertes <eos>,13,ouvertes,ouverts,11,M,ouvertes,-7.9203215,ouverts,-9.283422,1
2575,P_NOUN_8_PASS_b,F,P,les bouteilles avec les paniers que j' aime beaucoup ne sont probablement pas perdues <eos>,13,perdues,perdus,11,M,perdues,-7.50311,perdus,-8.291969,1
2576,P_NOUN_8_PASS_b,F,P,les bouteilles avec les paniers que j' aime beaucoup ne sont probablement pas réparées <eos>,13,réparées,réparés,11,M,réparées,-9.173613,réparés,-12.86865,1
2577,P_NOUN_8_PASS_b,F,P,les bouteilles avec les paniers que j' aime beaucoup ne sont probablement pas retirées <eos>,13,retirées,retirés,11,M,retirées,-7.6982164,retirés,-9.479194,1
2578,P_NOUN_8_PASS_b,F,P,les bouteilles avec les paniers que j' aime beaucoup ne sont probablement pas tombées <eos>,13,tombées,tombés,11,M,tombées,-7.978545,tombés,-8.15703,1
2579,P_NOUN_8_PASS_b,F,P,les bouteilles avec les paniers que j' aime beaucoup ne sont probablement pas utilisées <eos>,13,utilisées,utilisés,11,M,utilisées,-5.054922,utilisés,-6.2707644,1
2580,P_NOUN_8_PASS_b,F,P,les bouteilles avec les colliers que j' aime beaucoup ne sont probablement pas achetées <eos>,13,achetées,achetés,11,M,achetées,-9.352807,achetés,-9.79302,1
2581,P_NOUN_8_PASS_b,F,P,les bouteilles avec les colliers que j' aime beaucoup ne sont probablement pas brisées <eos>,13,brisées,brisés,11,M,brisées,-9.214084,brisés,-12.294836,1
2582,P_NOUN_8_PASS_b,F,P,les bouteilles avec les colliers que j' aime beaucoup ne sont probablement pas cachées <eos>,13,cachées,cachés,11,M,cachées,-8.358865,cachés,-9.016976,1
2583,P_NOUN_8_PASS_b,F,P,les bouteilles avec les colliers que j' aime beaucoup ne sont probablement pas cassées <eos>,13,cassées,cassés,11,M,cassées,-8.10781,cassés,-9.327722,1
2584,P_NOUN_8_PASS_b,F,P,les bouteilles avec les colliers que j' aime beaucoup ne sont probablement pas couvertes <eos>,13,couvertes,couverts,11,M,couvertes,-8.103585,couverts,-8.952617,1
2585,P_NOUN_8_PASS_b,F,P,les bouteilles avec les colliers que j' aime beaucoup ne sont probablement pas déformées <eos>,13,déformées,déformés,11,M,déformées,-7.789553,déformés,-13.232078,1
2586,P_NOUN_8_PASS_b,F,P,les bouteilles avec les colliers que j' aime beaucoup ne sont probablement pas fixées <eos>,13,fixées,fixés,11,M,fixées,-7.9067364,fixés,-9.480608,1
2587,P_NOUN_8_PASS_b,F,P,les bouteilles avec les colliers que j' aime beaucoup ne sont probablement pas jetées <eos>,13,jetées,jetés,11,M,jetées,-9.115246,jetés,-9.198693,1
2588,P_NOUN_8_PASS_b,F,P,les bouteilles avec les colliers que j' aime beaucoup ne sont probablement pas laissées <eos>,13,laissées,laissés,11,M,laissées,-7.8481526,laissés,-10.246418,1
2589,P_NOUN_8_PASS_b,F,P,les bouteilles avec les colliers que j' aime beaucoup ne sont probablement pas ouvertes <eos>,13,ouvertes,ouverts,11,M,ouvertes,-8.242356,ouverts,-9.8204365,1
2590,P_NOUN_8_PASS_b,F,P,les bouteilles avec les colliers que j' aime beaucoup ne sont probablement pas perdues <eos>,13,perdues,perdus,11,M,perdues,-7.272079,perdus,-8.315922,1
2591,P_NOUN_8_PASS_b,F,P,les bouteilles avec les colliers que j' aime beaucoup ne sont probablement pas réparées <eos>,13,réparées,réparés,11,M,réparées,-9.052269,réparés,-12.87695,1
2592,P_NOUN_8_PASS_b,F,P,les bouteilles avec les colliers que j' aime beaucoup ne sont probablement pas retirées <eos>,13,retirées,retirés,11,M,retirées,-7.526108,retirés,-9.385357,1
2593,P_NOUN_8_PASS_b,F,P,les bouteilles avec les colliers que j' aime beaucoup ne sont probablement pas tombées <eos>,13,tombées,tombés,11,M,tombées,-7.65399,tombés,-8.172121,1
2594,P_NOUN_8_PASS_b,F,P,les bouteilles avec les colliers que j' aime beaucoup ne sont probablement pas utilisées <eos>,13,utilisées,utilisés,11,M,utilisées,-4.9542136,utilisés,-6.4467826,1
2595,P_NOUN_8_PASS_b,F,P,les bouteilles avec les chapeaux que j' aime beaucoup ne sont probablement pas achetées <eos>,13,achetées,achetés,11,M,achetées,-9.146941,achetés,-9.603082,1
2596,P_NOUN_8_PASS_b,F,P,les bouteilles avec les chapeaux que j' aime beaucoup ne sont probablement pas brisées <eos>,13,brisées,brisés,11,M,brisées,-9.5411415,brisés,-12.911835,1
2597,P_NOUN_8_PASS_b,F,P,les bouteilles avec les chapeaux que j' aime beaucoup ne sont probablement pas cachées <eos>,13,cachées,cachés,11,M,cachées,-7.841503,cachés,-8.724213,1
2598,P_NOUN_8_PASS_b,F,P,les bouteilles avec les chapeaux que j' aime beaucoup ne sont probablement pas cassées <eos>,13,cassées,cassés,11,M,cassées,-8.196043,cassés,-10.11178,1
2599,P_NOUN_8_PASS_b,F,P,les bouteilles avec les chapeaux que j' aime beaucoup ne sont probablement pas couvertes <eos>,13,couvertes,couverts,11,M,couvertes,-8.155113,couverts,-8.926484,1
2600,P_NOUN_8_PASS_b,F,P,les bouteilles avec les chapeaux que j' aime beaucoup ne sont probablement pas déformées <eos>,13,déformées,déformés,11,M,déformées,-8.442619,déformés,-13.588481,1
2601,P_NOUN_8_PASS_b,F,P,les bouteilles avec les chapeaux que j' aime beaucoup ne sont probablement pas fixées <eos>,13,fixées,fixés,11,M,fixées,-8.305069,fixés,-9.655136,1
2602,P_NOUN_8_PASS_b,F,P,les bouteilles avec les chapeaux que j' aime beaucoup ne sont probablement pas jetées <eos>,13,jetées,jetés,11,M,jetées,-9.080946,jetés,-9.500285,1
2603,P_NOUN_8_PASS_b,F,P,les bouteilles avec les chapeaux que j' aime beaucoup ne sont probablement pas laissées <eos>,13,laissées,laissés,11,M,laissées,-7.9880133,laissés,-10.26422,1
2604,P_NOUN_8_PASS_b,F,P,les bouteilles avec les chapeaux que j' aime beaucoup ne sont probablement pas ouvertes <eos>,13,ouvertes,ouverts,11,M,ouvertes,-7.9462905,ouverts,-9.501819,1
2605,P_NOUN_8_PASS_b,F,P,les bouteilles avec les chapeaux que j' aime beaucoup ne sont probablement pas perdues <eos>,13,perdues,perdus,11,M,perdues,-7.5269575,perdus,-8.710883,1
2606,P_NOUN_8_PASS_b,F,P,les bouteilles avec les chapeaux que j' aime beaucoup ne sont probablement pas réparées <eos>,13,réparées,réparés,11,M,réparées,-9.292543,réparés,-13.148615,1
2607,P_NOUN_8_PASS_b,F,P,les bouteilles avec les chapeaux que j' aime beaucoup ne sont probablement pas retirées <eos>,13,retirées,retirés,11,M,retirées,-7.749836,retirés,-9.804307,1
2608,P_NOUN_8_PASS_b,F,P,les bouteilles avec les chapeaux que j' aime beaucoup ne sont probablement pas tombées <eos>,13,tombées,tombés,11,M,tombées,-7.9818087,tombés,-8.032068,1
2609,P_NOUN_8_PASS_b,F,P,les bouteilles avec les chapeaux que j' aime beaucoup ne sont probablement pas utilisées <eos>,13,utilisées,utilisés,11,M,utilisées,-5.347971,utilisés,-6.769967,1
2610,P_NOUN_8_PASS_b,F,P,les bouteilles avec les pots que j' aime beaucoup ne sont probablement pas achetées <eos>,13,achetées,achetés,11,M,achetées,-9.014814,achetés,-9.074127,1
2611,P_NOUN_8_PASS_b,F,P,les bouteilles avec les pots que j' aime beaucoup ne sont probablement pas brisées <eos>,13,brisées,brisés,11,M,brisées,-9.201348,brisés,-12.005064,1
2612,P_NOUN_8_PASS_b,F,P,les bouteilles avec les pots que j' aime beaucoup ne sont probablement pas cachées <eos>,13,cachées,cachés,11,M,cachées,-8.340148,cachés,-8.586725,1
2613,P_NOUN_8_PASS_b,F,P,les bouteilles avec les pots que j' aime beaucoup ne sont probablement pas cassées <eos>,13,cassées,cassés,11,M,cassées,-7.9872346,cassés,-9.123644,1
2614,P_NOUN_8_PASS_b,F,P,les bouteilles avec les pots que j' aime beaucoup ne sont probablement pas couvertes <eos>,13,couvertes,couverts,11,M,couvertes,-7.8089085,couverts,-8.008398,1
2615,P_NOUN_8_PASS_b,F,P,les bouteilles avec les pots que j' aime beaucoup ne sont probablement pas déformées <eos>,13,déformées,déformés,11,M,déformées,-8.062967,déformés,-13.30511,1
2616,P_NOUN_8_PASS_b,F,P,les bouteilles avec les pots que j' aime beaucoup ne sont probablement pas fixées <eos>,13,fixées,fixés,11,M,fixées,-8.119509,fixés,-9.074997,1
2617,P_NOUN_8_PASS_b,F,P,les bouteilles avec les pots que j' aime beaucoup ne sont probablement pas jetées <eos>,13,jetées,jetés,11,M,jetées,-9.175149,jetés,-9.001666,0
2618,P_NOUN_8_PASS_b,F,P,les bouteilles avec les pots que j' aime beaucoup ne sont probablement pas laissées <eos>,13,laissées,laissés,11,M,laissées,-7.4003143,laissés,-9.833037,1
2619,P_NOUN_8_PASS_b,F,P,les bouteilles avec les pots que j' aime beaucoup ne sont probablement pas ouvertes <eos>,13,ouvertes,ouverts,11,M,ouvertes,-7.672307,ouverts,-8.788029,1
2620,P_NOUN_8_PASS_b,F,P,les bouteilles avec les pots que j' aime beaucoup ne sont probablement pas perdues <eos>,13,perdues,perdus,11,M,perdues,-7.5585246,perdus,-7.872396,1
2621,P_NOUN_8_PASS_b,F,P,les bouteilles avec les pots que j' aime beaucoup ne sont probablement pas réparées <eos>,13,réparées,réparés,11,M,réparées,-8.770557,réparés,-12.235074,1
2622,P_NOUN_8_PASS_b,F,P,les bouteilles avec les pots que j' aime beaucoup ne sont probablement pas retirées <eos>,13,retirées,retirés,11,M,retirées,-7.61977,retirés,-9.16949,1
2623,P_NOUN_8_PASS_b,F,P,les bouteilles avec les pots que j' aime beaucoup ne sont probablement pas tombées <eos>,13,tombées,tombés,11,M,tombées,-7.9556026,tombés,-7.972952,1
2624,P_NOUN_8_PASS_b,F,P,les bouteilles avec les pots que j' aime beaucoup ne sont probablement pas utilisées <eos>,13,utilisées,utilisés,11,M,utilisées,-5.043884,utilisés,-6.0756803,1
2625,P_NOUN_8_PASS_b,F,P,les bouteilles avec les coussins que j' aime beaucoup ne sont probablement pas achetées <eos>,13,achetées,achetés,11,M,achetées,-8.912238,achetés,-9.7427,1
2626,P_NOUN_8_PASS_b,F,P,les bouteilles avec les coussins que j' aime beaucoup ne sont probablement pas brisées <eos>,13,brisées,brisés,11,M,brisées,-9.016178,brisés,-12.498934,1
2627,P_NOUN_8_PASS_b,F,P,les bouteilles avec les coussins que j' aime beaucoup ne sont probablement pas cachées <eos>,13,cachées,cachés,11,M,cachées,-7.9493303,cachés,-8.929397,1
2628,P_NOUN_8_PASS_b,F,P,les bouteilles avec les coussins que j' aime beaucoup ne sont probablement pas cassées <eos>,13,cassées,cassés,11,M,cassées,-7.6576366,cassés,-10.035013,1
2629,P_NOUN_8_PASS_b,F,P,les bouteilles avec les coussins que j' aime beaucoup ne sont probablement pas couvertes <eos>,13,couvertes,couverts,11,M,couvertes,-7.649825,couverts,-8.983916,1
2630,P_NOUN_8_PASS_b,F,P,les bouteilles avec les coussins que j' aime beaucoup ne sont probablement pas déformées <eos>,13,déformées,déformés,11,M,déformées,-7.8238983,déformés,-13.419889,1
2631,P_NOUN_8_PASS_b,F,P,les bouteilles avec les coussins que j' aime beaucoup ne sont probablement pas fixées <eos>,13,fixées,fixés,11,M,fixées,-7.8602505,fixés,-9.525336,1
2632,P_NOUN_8_PASS_b,F,P,les bouteilles avec les coussins que j' aime beaucoup ne sont probablement pas jetées <eos>,13,jetées,jetés,11,M,jetées,-8.371743,jetés,-9.384193,1
2633,P_NOUN_8_PASS_b,F,P,les bouteilles avec les coussins que j' aime beaucoup ne sont probablement pas laissées <eos>,13,laissées,laissés,11,M,laissées,-7.4120464,laissés,-10.339986,1
2634,P_NOUN_8_PASS_b,F,P,les bouteilles avec les coussins que j' aime beaucoup ne sont probablement pas ouvertes <eos>,13,ouvertes,ouverts,11,M,ouvertes,-7.33996,ouverts,-8.980334,1
2635,P_NOUN_8_PASS_b,F,P,les bouteilles avec les coussins que j' aime beaucoup ne sont probablement pas perdues <eos>,13,perdues,perdus,11,M,perdues,-7.3367853,perdus,-8.449658,1
2636,P_NOUN_8_PASS_b,F,P,les bouteilles avec les coussins que j' aime beaucoup ne sont probablement pas réparées <eos>,13,réparées,réparés,11,M,réparées,-8.424219,réparés,-12.624352,1
2637,P_NOUN_8_PASS_b,F,P,les bouteilles avec les coussins que j' aime beaucoup ne sont probablement pas retirées <eos>,13,retirées,retirés,11,M,retirées,-7.407342,retirés,-9.750892,1
2638,P_NOUN_8_PASS_b,F,P,les bouteilles avec les coussins que j' aime beaucoup ne sont probablement pas tombées <eos>,13,tombées,tombés,11,M,tombées,-7.964323,tombés,-8.855231,1
2639,P_NOUN_8_PASS_b,F,P,les bouteilles avec les coussins que j' aime beaucoup ne sont probablement pas utilisées <eos>,13,utilisées,utilisés,11,M,utilisées,-5.0214105,utilisés,-6.8382115,1
2640,P_NOUN_8_PASS_b,F,P,les bouteilles avec les jouets que j' aime beaucoup ne sont probablement pas achetées <eos>,13,achetées,achetés,11,M,achetées,-9.525797,achetés,-9.304291,0
2641,P_NOUN_8_PASS_b,F,P,les bouteilles avec les jouets que j' aime beaucoup ne sont probablement pas brisées <eos>,13,brisées,brisés,11,M,brisées,-9.85199,brisés,-12.582586,1
2642,P_NOUN_8_PASS_b,F,P,les bouteilles avec les jouets que j' aime beaucoup ne sont probablement pas cachées <eos>,13,cachées,cachés,11,M,cachées,-7.983445,cachés,-8.242268,1
2643,P_NOUN_8_PASS_b,F,P,les bouteilles avec les jouets que j' aime beaucoup ne sont probablement pas cassées <eos>,13,cassées,cassés,11,M,cassées,-9.100749,cassés,-9.987275,1
2644,P_NOUN_8_PASS_b,F,P,les bouteilles avec les jouets que j' aime beaucoup ne sont probablement pas couvertes <eos>,13,couvertes,couverts,11,M,couvertes,-8.782932,couverts,-9.014494,1
2645,P_NOUN_8_PASS_b,F,P,les bouteilles avec les jouets que j' aime beaucoup ne sont probablement pas déformées <eos>,13,déformées,déformés,11,M,déformées,-8.71176,déformés,-12.942037,1
2646,P_NOUN_8_PASS_b,F,P,les bouteilles avec les jouets que j' aime beaucoup ne sont probablement pas fixées <eos>,13,fixées,fixés,11,M,fixées,-9.210659,fixés,-9.504197,1
2647,P_NOUN_8_PASS_b,F,P,les bouteilles avec les jouets que j' aime beaucoup ne sont probablement pas jetées <eos>,13,jetées,jetés,11,M,jetées,-9.838376,jetés,-9.413258,0
2648,P_NOUN_8_PASS_b,F,P,les bouteilles avec les jouets que j' aime beaucoup ne sont probablement pas laissées <eos>,13,laissées,laissés,11,M,laissées,-8.439335,laissés,-9.84836,1
2649,P_NOUN_8_PASS_b,F,P,les bouteilles avec les jouets que j' aime beaucoup ne sont probablement pas ouvertes <eos>,13,ouvertes,ouverts,11,M,ouvertes,-8.221919,ouverts,-8.93765,1
2650,P_NOUN_8_PASS_b,F,P,les bouteilles avec les jouets que j' aime beaucoup ne sont probablement pas perdues <eos>,13,perdues,perdus,11,M,perdues,-8.065606,perdus,-8.155306,1
2651,P_NOUN_8_PASS_b,F,P,les bouteilles avec les jouets que j' aime beaucoup ne sont probablement pas réparées <eos>,13,réparées,réparés,11,M,réparées,-9.673681,réparés,-12.905092,1
2652,P_NOUN_8_PASS_b,F,P,les bouteilles avec les jouets que j' aime beaucoup ne sont probablement pas retirées <eos>,13,retirées,retirés,11,M,retirées,-8.32533,retirés,-10.084548,1
2653,P_NOUN_8_PASS_b,F,P,les bouteilles avec les jouets que j' aime beaucoup ne sont probablement pas tombées <eos>,13,tombées,tombés,11,M,tombées,-8.468295,tombés,-8.236404,0
2654,P_NOUN_8_PASS_b,F,P,les bouteilles avec les jouets que j' aime beaucoup ne sont probablement pas utilisées <eos>,13,utilisées,utilisés,11,M,utilisées,-6.13348,utilisés,-6.988124,1
2655,P_NOUN_8_PASS_b,F,P,les bouteilles avec les clous que j' aime beaucoup ne sont probablement pas achetées <eos>,13,achetées,achetés,11,M,achetées,-9.034849,achetés,-9.5510435,1
2656,P_NOUN_8_PASS_b,F,P,les bouteilles avec les clous que j' aime beaucoup ne sont probablement pas brisées <eos>,13,brisées,brisés,11,M,brisées,-9.148494,brisés,-12.316501,1
2657,P_NOUN_8_PASS_b,F,P,les bouteilles avec les clous que j' aime beaucoup ne sont probablement pas cachées <eos>,13,cachées,cachés,11,M,cachées,-7.9611397,cachés,-8.574019,1
2658,P_NOUN_8_PASS_b,F,P,les bouteilles avec les clous que j' aime beaucoup ne sont probablement pas cassées <eos>,13,cassées,cassés,11,M,cassées,-8.02854,cassés,-9.469446,1
2659,P_NOUN_8_PASS_b,F,P,les bouteilles avec les clous que j' aime beaucoup ne sont probablement pas couvertes <eos>,13,couvertes,couverts,11,M,couvertes,-7.767631,couverts,-8.643343,1
2660,P_NOUN_8_PASS_b,F,P,les bouteilles avec les clous que j' aime beaucoup ne sont probablement pas déformées <eos>,13,déformées,déformés,11,M,déformées,-8.282478,déformés,-13.565489,1
2661,P_NOUN_8_PASS_b,F,P,les bouteilles avec les clous que j' aime beaucoup ne sont probablement pas fixées <eos>,13,fixées,fixés,11,M,fixées,-7.9619303,fixés,-9.340181,1
2662,P_NOUN_8_PASS_b,F,P,les bouteilles avec les clous que j' aime beaucoup ne sont probablement pas jetées <eos>,13,jetées,jetés,11,M,jetées,-8.762152,jetés,-8.95015,1
2663,P_NOUN_8_PASS_b,F,P,les bouteilles avec les clous que j' aime beaucoup ne sont probablement pas laissées <eos>,13,laissées,laissés,11,M,laissées,-7.6633034,laissés,-9.864289,1
2664,P_NOUN_8_PASS_b,F,P,les bouteilles avec les clous que j' aime beaucoup ne sont probablement pas ouvertes <eos>,13,ouvertes,ouverts,11,M,ouvertes,-7.8021173,ouverts,-9.584366,1
2665,P_NOUN_8_PASS_b,F,P,les bouteilles avec les clous que j' aime beaucoup ne sont probablement pas perdues <eos>,13,perdues,perdus,11,M,perdues,-7.1353483,perdus,-8.314728,1
2666,P_NOUN_8_PASS_b,F,P,les bouteilles avec les clous que j' aime beaucoup ne sont probablement pas réparées <eos>,13,réparées,réparés,11,M,réparées,-8.557922,réparés,-12.288502,1
2667,P_NOUN_8_PASS_b,F,P,les bouteilles avec les clous que j' aime beaucoup ne sont probablement pas retirées <eos>,13,retirées,retirés,11,M,retirées,-7.2836084,retirés,-9.467976,1
2668,P_NOUN_8_PASS_b,F,P,les bouteilles avec les clous que j' aime beaucoup ne sont probablement pas tombées <eos>,13,tombées,tombés,11,M,tombées,-7.5284514,tombés,-8.1276,1
2669,P_NOUN_8_PASS_b,F,P,les bouteilles avec les clous que j' aime beaucoup ne sont probablement pas utilisées <eos>,13,utilisées,utilisés,11,M,utilisées,-4.955484,utilisés,-6.450106,1
2670,P_NOUN_8_PASS_b,F,P,les bouteilles avec les billets que j' aime beaucoup ne sont probablement pas achetées <eos>,13,achetées,achetés,11,M,achetées,-8.298455,achetés,-9.095267,1
2671,P_NOUN_8_PASS_b,F,P,les bouteilles avec les billets que j' aime beaucoup ne sont probablement pas brisées <eos>,13,brisées,brisés,11,M,brisées,-9.4488535,brisés,-13.069134,1
2672,P_NOUN_8_PASS_b,F,P,les bouteilles avec les billets que j' aime beaucoup ne sont probablement pas cachées <eos>,13,cachées,cachés,11,M,cachées,-8.682301,cachés,-8.277552,0
2673,P_NOUN_8_PASS_b,F,P,les bouteilles avec les billets que j' aime beaucoup ne sont probablement pas cassées <eos>,13,cassées,cassés,11,M,cassées,-8.9678545,cassés,-10.150636,1
2674,P_NOUN_8_PASS_b,F,P,les bouteilles avec les billets que j' aime beaucoup ne sont probablement pas couvertes <eos>,13,couvertes,couverts,11,M,couvertes,-8.767898,couverts,-8.926498,1
2675,P_NOUN_8_PASS_b,F,P,les bouteilles avec les billets que j' aime beaucoup ne sont probablement pas déformées <eos>,13,déformées,déformés,11,M,déformées,-8.796889,déformés,-14.169555,1
2676,P_NOUN_8_PASS_b,F,P,les bouteilles avec les billets que j' aime beaucoup ne sont probablement pas fixées <eos>,13,fixées,fixés,11,M,fixées,-8.246483,fixés,-8.877691,1
2677,P_NOUN_8_PASS_b,F,P,les bouteilles avec les billets que j' aime beaucoup ne sont probablement pas jetées <eos>,13,jetées,jetés,11,M,jetées,-9.231955,jetés,-8.954889,0
2678,P_NOUN_8_PASS_b,F,P,les bouteilles avec les billets que j' aime beaucoup ne sont probablement pas laissées <eos>,13,laissées,laissés,11,M,laissées,-7.9421206,laissés,-10.384252,1
2679,P_NOUN_8_PASS_b,F,P,les bouteilles avec les billets que j' aime beaucoup ne sont probablement pas ouvertes <eos>,13,ouvertes,ouverts,11,M,ouvertes,-8.494525,ouverts,-9.179012,1
2680,P_NOUN_8_PASS_b,F,P,les bouteilles avec les billets que j' aime beaucoup ne sont probablement pas perdues <eos>,13,perdues,perdus,11,M,perdues,-7.174942,perdus,-8.066586,1
2681,P_NOUN_8_PASS_b,F,P,les bouteilles avec les billets que j' aime beaucoup ne sont probablement pas réparées <eos>,13,réparées,réparés,11,M,réparées,-9.716466,réparés,-13.069379,1
2682,P_NOUN_8_PASS_b,F,P,les bouteilles avec les billets que j' aime beaucoup ne sont probablement pas retirées <eos>,13,retirées,retirés,11,M,retirées,-7.7891536,retirés,-9.290621,1
2683,P_NOUN_8_PASS_b,F,P,les bouteilles avec les billets que j' aime beaucoup ne sont probablement pas tombées <eos>,13,tombées,tombés,11,M,tombées,-8.368023,tombés,-8.272371,0
2684,P_NOUN_8_PASS_b,F,P,les bouteilles avec les billets que j' aime beaucoup ne sont probablement pas utilisées <eos>,13,utilisées,utilisés,11,M,utilisées,-5.4313564,utilisés,-6.611229,1
2685,P_NOUN_8_PASS_b,F,P,les bouteilles avec les légumes que j' aime beaucoup ne sont probablement pas achetées <eos>,13,achetées,achetés,11,M,achetées,-8.989672,achetés,-9.167816,1
2686,P_NOUN_8_PASS_b,F,P,les bouteilles avec les légumes que j' aime beaucoup ne sont probablement pas brisées <eos>,13,brisées,brisés,11,M,brisées,-9.475239,brisés,-12.721401,1
2687,P_NOUN_8_PASS_b,F,P,les bouteilles avec les légumes que j' aime beaucoup ne sont probablement pas cachées <eos>,13,cachées,cachés,11,M,cachées,-8.265543,cachés,-8.880057,1
2688,P_NOUN_8_PASS_b,F,P,les bouteilles avec les légumes que j' aime beaucoup ne sont probablement pas cassées <eos>,13,cassées,cassés,11,M,cassées,-8.580975,cassés,-9.348506,1
2689,P_NOUN_8_PASS_b,F,P,les bouteilles avec les légumes que j' aime beaucoup ne sont probablement pas couvertes <eos>,13,couvertes,couverts,11,M,couvertes,-7.950842,couverts,-8.438496,1
2690,P_NOUN_8_PASS_b,F,P,les bouteilles avec les légumes que j' aime beaucoup ne sont probablement pas déformées <eos>,13,déformées,déformés,11,M,déformées,-8.741932,déformés,-13.728345,1
2691,P_NOUN_8_PASS_b,F,P,les bouteilles avec les légumes que j' aime beaucoup ne sont probablement pas fixées <eos>,13,fixées,fixés,11,M,fixées,-8.652322,fixés,-9.664718,1
2692,P_NOUN_8_PASS_b,F,P,les bouteilles avec les légumes que j' aime beaucoup ne sont probablement pas jetées <eos>,13,jetées,jetés,11,M,jetées,-9.159985,jetés,-9.807757,1
2693,P_NOUN_8_PASS_b,F,P,les bouteilles avec les légumes que j' aime beaucoup ne sont probablement pas laissées <eos>,13,laissées,laissés,11,M,laissées,-7.59536,laissés,-9.714573,1
2694,P_NOUN_8_PASS_b,F,P,les bouteilles avec les légumes que j' aime beaucoup ne sont probablement pas ouvertes <eos>,13,ouvertes,ouverts,11,M,ouvertes,-8.027336,ouverts,-9.346935,1
2695,P_NOUN_8_PASS_b,F,P,les bouteilles avec les légumes que j' aime beaucoup ne sont probablement pas perdues <eos>,13,perdues,perdus,11,M,perdues,-7.57223,perdus,-8.398947,1
2696,P_NOUN_8_PASS_b,F,P,les bouteilles avec les légumes que j' aime beaucoup ne sont probablement pas réparées <eos>,13,réparées,réparés,11,M,réparées,-9.315876,réparés,-12.656223,1
2697,P_NOUN_8_PASS_b,F,P,les bouteilles avec les légumes que j' aime beaucoup ne sont probablement pas retirées <eos>,13,retirées,retirés,11,M,retirées,-7.988137,retirés,-9.520262,1
2698,P_NOUN_8_PASS_b,F,P,les bouteilles avec les légumes que j' aime beaucoup ne sont probablement pas tombées <eos>,13,tombées,tombés,11,M,tombées,-7.715433,tombés,-8.032357,1
2699,P_NOUN_8_PASS_b,F,P,les bouteilles avec les légumes que j' aime beaucoup ne sont probablement pas utilisées <eos>,13,utilisées,utilisés,11,M,utilisées,-5.35906,utilisés,-6.782225,1
2700,P_NOUN_8_PASS_b,F,P,les boissons avec les bracelets que j' aime beaucoup ne sont probablement pas achetées <eos>,13,achetées,achetés,11,M,achetées,-10.004122,achetés,-9.463623,0
2701,P_NOUN_8_PASS_b,F,P,les boissons avec les bracelets que j' aime beaucoup ne sont probablement pas brisées <eos>,13,brisées,brisés,11,M,brisées,-9.8096285,brisés,-13.107802,1
2702,P_NOUN_8_PASS_b,F,P,les boissons avec les bracelets que j' aime beaucoup ne sont probablement pas cachées <eos>,13,cachées,cachés,11,M,cachées,-8.404283,cachés,-8.763715,1
2703,P_NOUN_8_PASS_b,F,P,les boissons avec les bracelets que j' aime beaucoup ne sont probablement pas cassées <eos>,13,cassées,cassés,11,M,cassées,-8.499524,cassés,-10.280793,1
2704,P_NOUN_8_PASS_b,F,P,les boissons avec les bracelets que j' aime beaucoup ne sont probablement pas couvertes <eos>,13,couvertes,couverts,11,M,couvertes,-8.350954,couverts,-8.643584,1
2705,P_NOUN_8_PASS_b,F,P,les boissons avec les bracelets que j' aime beaucoup ne sont probablement pas déformées <eos>,13,déformées,déformés,11,M,déformées,-8.714864,déformés,-13.691738,1
2706,P_NOUN_8_PASS_b,F,P,les boissons avec les bracelets que j' aime beaucoup ne sont probablement pas fixées <eos>,13,fixées,fixés,11,M,fixées,-8.619501,fixés,-9.814125,1
2707,P_NOUN_8_PASS_b,F,P,les boissons avec les bracelets que j' aime beaucoup ne sont probablement pas jetées <eos>,13,jetées,jetés,11,M,jetées,-8.45613,jetés,-9.21663,1
2708,P_NOUN_8_PASS_b,F,P,les boissons avec les bracelets que j' aime beaucoup ne sont probablement pas laissées <eos>,13,laissées,laissés,11,M,laissées,-8.132352,laissés,-9.98219,1
2709,P_NOUN_8_PASS_b,F,P,les boissons avec les bracelets que j' aime beaucoup ne sont probablement pas ouvertes <eos>,13,ouvertes,ouverts,11,M,ouvertes,-8.534329,ouverts,-9.607273,1
2710,P_NOUN_8_PASS_b,F,P,les boissons avec les bracelets que j' aime beaucoup ne sont probablement pas perdues <eos>,13,perdues,perdus,11,M,perdues,-8.094016,perdus,-9.030929,1
2711,P_NOUN_8_PASS_b,F,P,les boissons avec les bracelets que j' aime beaucoup ne sont probablement pas réparées <eos>,13,réparées,réparés,11,M,réparées,-10.242277,réparés,-13.14039,1
2712,P_NOUN_8_PASS_b,F,P,les boissons avec les bracelets que j' aime beaucoup ne sont probablement pas retirées <eos>,13,retirées,retirés,11,M,retirées,-8.875396,retirés,-9.66569,1
2713,P_NOUN_8_PASS_b,F,P,les boissons avec les bracelets que j' aime beaucoup ne sont probablement pas tombées <eos>,13,tombées,tombés,11,M,tombées,-8.471622,tombés,-8.143473,0
2714,P_NOUN_8_PASS_b,F,P,les boissons avec les bracelets que j' aime beaucoup ne sont probablement pas utilisées <eos>,13,utilisées,utilisés,11,M,utilisées,-4.900327,utilisés,-5.8483253,1
2715,P_NOUN_8_PASS_b,F,P,les boissons avec les miroirs que j' aime beaucoup ne sont probablement pas achetées <eos>,13,achetées,achetés,11,M,achetées,-10.557905,achetés,-9.553996,0
2716,P_NOUN_8_PASS_b,F,P,les boissons avec les miroirs que j' aime beaucoup ne sont probablement pas brisées <eos>,13,brisées,brisés,11,M,brisées,-9.686179,brisés,-12.5779,1
2717,P_NOUN_8_PASS_b,F,P,les boissons avec les miroirs que j' aime beaucoup ne sont probablement pas cachées <eos>,13,cachées,cachés,11,M,cachées,-8.162384,cachés,-8.587645,1
2718,P_NOUN_8_PASS_b,F,P,les boissons avec les miroirs que j' aime beaucoup ne sont probablement pas cassées <eos>,13,cassées,cassés,11,M,cassées,-9.028832,cassés,-10.165748,1
2719,P_NOUN_8_PASS_b,F,P,les boissons avec les miroirs que j' aime beaucoup ne sont probablement pas couvertes <eos>,13,couvertes,couverts,11,M,couvertes,-7.782529,couverts,-8.199944,1
2720,P_NOUN_8_PASS_b,F,P,les boissons avec les miroirs que j' aime beaucoup ne sont probablement pas déformées <eos>,13,déformées,déformés,11,M,déformées,-8.030342,déformés,-12.863784,1
2721,P_NOUN_8_PASS_b,F,P,les boissons avec les miroirs que j' aime beaucoup ne sont probablement pas fixées <eos>,13,fixées,fixés,11,M,fixées,-8.797362,fixés,-9.5783415,1
2722,P_NOUN_8_PASS_b,F,P,les boissons avec les miroirs que j' aime beaucoup ne sont probablement pas jetées <eos>,13,jetées,jetés,11,M,jetées,-8.800681,jetés,-9.2210655,1
2723,P_NOUN_8_PASS_b,F,P,les boissons avec les miroirs que j' aime beaucoup ne sont probablement pas laissées <eos>,13,laissées,laissés,11,M,laissées,-7.8985753,laissés,-10.00927,1
2724,P_NOUN_8_PASS_b,F,P,les boissons avec les miroirs que j' aime beaucoup ne sont probablement pas ouvertes <eos>,13,ouvertes,ouverts,11,M,ouvertes,-7.8321557,ouverts,-8.71877,1
2725,P_NOUN_8_PASS_b,F,P,les boissons avec les miroirs que j' aime beaucoup ne sont probablement pas perdues <eos>,13,perdues,perdus,11,M,perdues,-7.920579,perdus,-8.343813,1
2726,P_NOUN_8_PASS_b,F,P,les boissons avec les miroirs que j' aime beaucoup ne sont probablement pas réparées <eos>,13,réparées,réparés,11,M,réparées,-9.38302,réparés,-12.137525,1
2727,P_NOUN_8_PASS_b,F,P,les boissons avec les miroirs que j' aime beaucoup ne sont probablement pas retirées <eos>,13,retirées,retirés,11,M,retirées,-8.510965,retirés,-9.748954,1
2728,P_NOUN_8_PASS_b,F,P,les boissons avec les miroirs que j' aime beaucoup ne sont probablement pas tombées <eos>,13,tombées,tombés,11,M,tombées,-8.32773,tombés,-8.963314,1
2729,P_NOUN_8_PASS_b,F,P,les boissons avec les miroirs que j' aime beaucoup ne sont probablement pas utilisées <eos>,13,utilisées,utilisés,11,M,utilisées,-4.872447,utilisés,-5.803482,1
2730,P_NOUN_8_PASS_b,F,P,les boissons avec les crayons que j' aime beaucoup ne sont probablement pas achetées <eos>,13,achetées,achetés,11,M,achetées,-10.1533985,achetés,-9.206542,0
2731,P_NOUN_8_PASS_b,F,P,les boissons avec les crayons que j' aime beaucoup ne sont probablement pas brisées <eos>,13,brisées,brisés,11,M,brisées,-10.341142,brisés,-13.241192,1
2732,P_NOUN_8_PASS_b,F,P,les boissons avec les crayons que j' aime beaucoup ne sont probablement pas cachées <eos>,13,cachées,cachés,11,M,cachées,-8.754417,cachés,-8.820951,1
2733,P_NOUN_8_PASS_b,F,P,les boissons avec les crayons que j' aime beaucoup ne sont probablement pas cassées <eos>,13,cassées,cassés,11,M,cassées,-9.270446,cassés,-9.632651,1
2734,P_NOUN_8_PASS_b,F,P,les boissons avec les crayons que j' aime beaucoup ne sont probablement pas couvertes <eos>,13,couvertes,couverts,11,M,couvertes,-8.141896,couverts,-8.237821,1
2735,P_NOUN_8_PASS_b,F,P,les boissons avec les crayons que j' aime beaucoup ne sont probablement pas déformées <eos>,13,déformées,déformés,11,M,déformées,-8.87989,déformés,-13.607123,1
2736,P_NOUN_8_PASS_b,F,P,les boissons avec les crayons que j' aime beaucoup ne sont probablement pas fixées <eos>,13,fixées,fixés,11,M,fixées,-9.3707075,fixés,-10.026775,1
2737,P_NOUN_8_PASS_b,F,P,les boissons avec les crayons que j' aime beaucoup ne sont probablement pas jetées <eos>,13,jetées,jetés,11,M,jetées,-9.478367,jetés,-9.754517,1
2738,P_NOUN_8_PASS_b,F,P,les boissons avec les crayons que j' aime beaucoup ne sont probablement pas laissées <eos>,13,laissées,laissés,11,M,laissées,-7.8637953,laissés,-9.484526,1
2739,P_NOUN_8_PASS_b,F,P,les boissons avec les crayons que j' aime beaucoup ne sont probablement pas ouvertes <eos>,13,ouvertes,ouverts,11,M,ouvertes,-8.391794,ouverts,-9.5652685,1
2740,P_NOUN_8_PASS_b,F,P,les boissons avec les crayons que j' aime beaucoup ne sont probablement pas perdues <eos>,13,perdues,perdus,11,M,perdues,-8.104587,perdus,-8.946731,1
2741,P_NOUN_8_PASS_b,F,P,les boissons avec les crayons que j' aime beaucoup ne sont probablement pas réparées <eos>,13,réparées,réparés,11,M,réparées,-9.520494,réparés,-12.091987,1
2742,P_NOUN_8_PASS_b,F,P,les boissons avec les crayons que j' aime beaucoup ne sont probablement pas retirées <eos>,13,retirées,retirés,11,M,retirées,-8.643392,retirés,-9.7916355,1
2743,P_NOUN_8_PASS_b,F,P,les boissons avec les crayons que j' aime beaucoup ne sont probablement pas tombées <eos>,13,tombées,tombés,11,M,tombées,-8.316767,tombés,-8.399515,1
2744,P_NOUN_8_PASS_b,F,P,les boissons avec les crayons que j' aime beaucoup ne sont probablement pas utilisées <eos>,13,utilisées,utilisés,11,M,utilisées,-5.027149,utilisés,-5.948494,1
2745,P_NOUN_8_PASS_b,F,P,les boissons avec les rideaux que j' aime beaucoup ne sont probablement pas achetées <eos>,13,achetées,achetés,11,M,achetées,-9.987018,achetés,-9.4683075,0
2746,P_NOUN_8_PASS_b,F,P,les boissons avec les rideaux que j' aime beaucoup ne sont probablement pas brisées <eos>,13,brisées,brisés,11,M,brisées,-9.83325,brisés,-13.091152,1
2747,P_NOUN_8_PASS_b,F,P,les boissons avec les rideaux que j' aime beaucoup ne sont probablement pas cachées <eos>,13,cachées,cachés,11,M,cachées,-8.182322,cachés,-8.735273,1
2748,P_NOUN_8_PASS_b,F,P,les boissons avec les rideaux que j' aime beaucoup ne sont probablement pas cassées <eos>,13,cassées,cassés,11,M,cassées,-8.829115,cassés,-10.148545,1
2749,P_NOUN_8_PASS_b,F,P,les boissons avec les rideaux que j' aime beaucoup ne sont probablement pas couvertes <eos>,13,couvertes,couverts,11,M,couvertes,-7.6717906,couverts,-8.214241,1
2750,P_NOUN_8_PASS_b,F,P,les boissons avec les rideaux que j' aime beaucoup ne sont probablement pas déformées <eos>,13,déformées,déformés,11,M,déformées,-8.903896,déformés,-13.611781,1
2751,P_NOUN_8_PASS_b,F,P,les boissons avec les rideaux que j' aime beaucoup ne sont probablement pas fixées <eos>,13,fixées,fixés,11,M,fixées,-8.810243,fixés,-9.866184,1
2752,P_NOUN_8_PASS_b,F,P,les boissons avec les rideaux que j' aime beaucoup ne sont probablement pas jetées <eos>,13,jetées,jetés,11,M,jetées,-8.814484,jetés,-9.595605,1
2753,P_NOUN_8_PASS_b,F,P,les boissons avec les rideaux que j' aime beaucoup ne sont probablement pas laissées <eos>,13,laissées,laissés,11,M,laissées,-7.5906935,laissés,-9.643056,1
2754,P_NOUN_8_PASS_b,F,P,les boissons avec les rideaux que j' aime beaucoup ne sont probablement pas ouvertes <eos>,13,ouvertes,ouverts,11,M,ouvertes,-7.99059,ouverts,-9.3649435,1
2755,P_NOUN_8_PASS_b,F,P,les boissons avec les rideaux que j' aime beaucoup ne sont probablement pas perdues <eos>,13,perdues,perdus,11,M,perdues,-7.9451685,perdus,-9.041876,1
2756,P_NOUN_8_PASS_b,F,P,les boissons avec les rideaux que j' aime beaucoup ne sont probablement pas réparées <eos>,13,réparées,réparés,11,M,réparées,-9.407616,réparés,-12.40185,1
2757,P_NOUN_8_PASS_b,F,P,les boissons avec les rideaux que j' aime beaucoup ne sont probablement pas retirées <eos>,13,retirées,retirés,11,M,retirées,-8.3840475,retirés,-10.133614,1
2758,P_NOUN_8_PASS_b,F,P,les boissons avec les rideaux que j' aime beaucoup ne sont probablement pas tombées <eos>,13,tombées,tombés,11,M,tombées,-8.130004,tombés,-8.388769,1
2759,P_NOUN_8_PASS_b,F,P,les boissons avec les rideaux que j' aime beaucoup ne sont probablement pas utilisées <eos>,13,utilisées,utilisés,11,M,utilisées,-5.1019573,utilisés,-6.3542395,1
2760,P_NOUN_8_PASS_b,F,P,les boissons avec les cahiers que j' aime beaucoup ne sont probablement pas achetées <eos>,13,achetées,achetés,11,M,achetées,-10.225249,achetés,-9.474216,0
2761,P_NOUN_8_PASS_b,F,P,les boissons avec les cahiers que j' aime beaucoup ne sont probablement pas brisées <eos>,13,brisées,brisés,11,M,brisées,-10.67057,brisés,-13.798046,1
2762,P_NOUN_8_PASS_b,F,P,les boissons avec les cahiers que j' aime beaucoup ne sont probablement pas cachées <eos>,13,cachées,cachés,11,M,cachées,-8.8961315,cachés,-9.32619,1
2763,P_NOUN_8_PASS_b,F,P,les boissons avec les cahiers que j' aime beaucoup ne sont probablement pas cassées <eos>,13,cassées,cassés,11,M,cassées,-10.12625,cassés,-11.08775,1
2764,P_NOUN_8_PASS_b,F,P,les boissons avec les cahiers que j' aime beaucoup ne sont probablement pas couvertes <eos>,13,couvertes,couverts,11,M,couvertes,-8.264314,couverts,-8.595933,1
2765,P_NOUN_8_PASS_b,F,P,les boissons avec les cahiers que j' aime beaucoup ne sont probablement pas déformées <eos>,13,déformées,déformés,11,M,déformées,-9.316144,déformés,-13.997784,1
2766,P_NOUN_8_PASS_b,F,P,les boissons avec les cahiers que j' aime beaucoup ne sont probablement pas fixées <eos>,13,fixées,fixés,11,M,fixées,-9.689505,fixés,-10.74584,1
2767,P_NOUN_8_PASS_b,F,P,les boissons avec les cahiers que j' aime beaucoup ne sont probablement pas jetées <eos>,13,jetées,jetés,11,M,jetées,-10.156601,jetés,-10.677338,1
2768,P_NOUN_8_PASS_b,F,P,les boissons avec les cahiers que j' aime beaucoup ne sont probablement pas laissées <eos>,13,laissées,laissés,11,M,laissées,-8.068723,laissés,-9.927426,1
2769,P_NOUN_8_PASS_b,F,P,les boissons avec les cahiers que j' aime beaucoup ne sont probablement pas ouvertes <eos>,13,ouvertes,ouverts,11,M,ouvertes,-7.5165124,ouverts,-9.055857,1
2770,P_NOUN_8_PASS_b,F,P,les boissons avec les cahiers que j' aime beaucoup ne sont probablement pas perdues <eos>,13,perdues,perdus,11,M,perdues,-7.7866797,perdus,-8.667889,1
2771,P_NOUN_8_PASS_b,F,P,les boissons avec les cahiers que j' aime beaucoup ne sont probablement pas réparées <eos>,13,réparées,réparés,11,M,réparées,-10.139497,réparés,-12.74989,1
2772,P_NOUN_8_PASS_b,F,P,les boissons avec les cahiers que j' aime beaucoup ne sont probablement pas retirées <eos>,13,retirées,retirés,11,M,retirées,-8.83379,retirés,-10.58193,1
2773,P_NOUN_8_PASS_b,F,P,les boissons avec les cahiers que j' aime beaucoup ne sont probablement pas tombées <eos>,13,tombées,tombés,11,M,tombées,-8.746314,tombés,-9.139706,1
2774,P_NOUN_8_PASS_b,F,P,les boissons avec les cahiers que j' aime beaucoup ne sont probablement pas utilisées <eos>,13,utilisées,utilisés,11,M,utilisées,-5.581623,utilisés,-6.83113,1
2775,P_NOUN_8_PASS_b,F,P,les boissons avec les micros que j' aime beaucoup ne sont probablement pas achetées <eos>,13,achetées,achetés,11,M,achetées,-10.304535,achetés,-9.73867,0
2776,P_NOUN_8_PASS_b,F,P,les boissons avec les micros que j' aime beaucoup ne sont probablement pas brisées <eos>,13,brisées,brisés,11,M,brisées,-9.79998,brisés,-13.02243,1
2777,P_NOUN_8_PASS_b,F,P,les boissons avec les micros que j' aime beaucoup ne sont probablement pas cachées <eos>,13,cachées,cachés,11,M,cachées,-9.035252,cachés,-9.414606,1
2778,P_NOUN_8_PASS_b,F,P,les boissons avec les micros que j' aime beaucoup ne sont probablement pas cassées <eos>,13,cassées,cassés,11,M,cassées,-9.425776,cassés,-10.567201,1
2779,P_NOUN_8_PASS_b,F,P,les boissons avec les micros que j' aime beaucoup ne sont probablement pas couvertes <eos>,13,couvertes,couverts,11,M,couvertes,-7.8854256,couverts,-8.150661,1
2780,P_NOUN_8_PASS_b,F,P,les boissons avec les micros que j' aime beaucoup ne sont probablement pas déformées <eos>,13,déformées,déformés,11,M,déformées,-9.053801,déformés,-13.77201,1
2781,P_NOUN_8_PASS_b,F,P,les boissons avec les micros que j' aime beaucoup ne sont probablement pas fixées <eos>,13,fixées,fixés,11,M,fixées,-8.713215,fixés,-9.083717,1
2782,P_NOUN_8_PASS_b,F,P,les boissons avec les micros que j' aime beaucoup ne sont probablement pas jetées <eos>,13,jetées,jetés,11,M,jetées,-9.450718,jetés,-10.116467,1
2783,P_NOUN_8_PASS_b,F,P,les boissons avec les micros que j' aime beaucoup ne sont probablement pas laissées <eos>,13,laissées,laissés,11,M,laissées,-7.606621,laissés,-10.292162,1
2784,P_NOUN_8_PASS_b,F,P,les boissons avec les micros que j' aime beaucoup ne sont probablement pas ouvertes <eos>,13,ouvertes,ouverts,11,M,ouvertes,-8.092987,ouverts,-9.173185,1
2785,P_NOUN_8_PASS_b,F,P,les boissons avec les micros que j' aime beaucoup ne sont probablement pas perdues <eos>,13,perdues,perdus,11,M,perdues,-8.493453,perdus,-9.041569,1
2786,P_NOUN_8_PASS_b,F,P,les boissons avec les micros que j' aime beaucoup ne sont probablement pas réparées <eos>,13,réparées,réparés,11,M,réparées,-10.055888,réparés,-12.614673,1
2787,P_NOUN_8_PASS_b,F,P,les boissons avec les micros que j' aime beaucoup ne sont probablement pas retirées <eos>,13,retirées,retirés,11,M,retirées,-8.760719,retirés,-10.261408,1
2788,P_NOUN_8_PASS_b,F,P,les boissons avec les micros que j' aime beaucoup ne sont probablement pas tombées <eos>,13,tombées,tombés,11,M,tombées,-8.95298,tombés,-9.111688,1
2789,P_NOUN_8_PASS_b,F,P,les boissons avec les micros que j' aime beaucoup ne sont probablement pas utilisées <eos>,13,utilisées,utilisés,11,M,utilisées,-4.8630853,utilisés,-5.8967624,1
2790,P_NOUN_8_PASS_b,F,P,les boissons avec les sacs que j' aime beaucoup ne sont probablement pas achetées <eos>,13,achetées,achetés,11,M,achetées,-10.229334,achetés,-8.895907,0
2791,P_NOUN_8_PASS_b,F,P,les boissons avec les sacs que j' aime beaucoup ne sont probablement pas brisées <eos>,13,brisées,brisés,11,M,brisées,-10.153489,brisés,-12.88454,1
2792,P_NOUN_8_PASS_b,F,P,les boissons avec les sacs que j' aime beaucoup ne sont probablement pas cachées <eos>,13,cachées,cachés,11,M,cachées,-8.816791,cachés,-8.675344,0
2793,P_NOUN_8_PASS_b,F,P,les boissons avec les sacs que j' aime beaucoup ne sont probablement pas cassées <eos>,13,cassées,cassés,11,M,cassées,-9.280767,cassés,-9.893769,1
2794,P_NOUN_8_PASS_b,F,P,les boissons avec les sacs que j' aime beaucoup ne sont probablement pas couvertes <eos>,13,couvertes,couverts,11,M,couvertes,-7.9414873,couverts,-7.842453,0
2795,P_NOUN_8_PASS_b,F,P,les boissons avec les sacs que j' aime beaucoup ne sont probablement pas déformées <eos>,13,déformées,déformés,11,M,déformées,-9.529639,déformés,-13.793519,1
2796,P_NOUN_8_PASS_b,F,P,les boissons avec les sacs que j' aime beaucoup ne sont probablement pas fixées <eos>,13,fixées,fixés,11,M,fixées,-9.123014,fixés,-9.309444,1
2797,P_NOUN_8_PASS_b,F,P,les boissons avec les sacs que j' aime beaucoup ne sont probablement pas jetées <eos>,13,jetées,jetés,11,M,jetées,-9.0504675,jetés,-9.311834,1
2798,P_NOUN_8_PASS_b,F,P,les boissons avec les sacs que j' aime beaucoup ne sont probablement pas laissées <eos>,13,laissées,laissés,11,M,laissées,-8.077467,laissés,-9.538649,1
2799,P_NOUN_8_PASS_b,F,P,les boissons avec les sacs que j' aime beaucoup ne sont probablement pas ouvertes <eos>,13,ouvertes,ouverts,11,M,ouvertes,-8.316613,ouverts,-9.278355,1
2800,P_NOUN_8_PASS_b,F,P,les boissons avec les sacs que j' aime beaucoup ne sont probablement pas perdues <eos>,13,perdues,perdus,11,M,perdues,-8.319096,perdus,-8.799942,1
2801,P_NOUN_8_PASS_b,F,P,les boissons avec les sacs que j' aime beaucoup ne sont probablement pas réparées <eos>,13,réparées,réparés,11,M,réparées,-9.846985,réparés,-12.060886,1
2802,P_NOUN_8_PASS_b,F,P,les boissons avec les sacs que j' aime beaucoup ne sont probablement pas retirées <eos>,13,retirées,retirés,11,M,retirées,-8.793003,retirés,-9.578645,1
2803,P_NOUN_8_PASS_b,F,P,les boissons avec les sacs que j' aime beaucoup ne sont probablement pas tombées <eos>,13,tombées,tombés,11,M,tombées,-8.697068,tombés,-8.5265665,0
2804,P_NOUN_8_PASS_b,F,P,les boissons avec les sacs que j' aime beaucoup ne sont probablement pas utilisées <eos>,13,utilisées,utilisés,11,M,utilisées,-5.0447435,utilisés,-5.79309,1
2805,P_NOUN_8_PASS_b,F,P,les boissons avec les claviers que j' aime beaucoup ne sont probablement pas achetées <eos>,13,achetées,achetés,11,M,achetées,-10.439376,achetés,-10.344541,0
2806,P_NOUN_8_PASS_b,F,P,les boissons avec les claviers que j' aime beaucoup ne sont probablement pas brisées <eos>,13,brisées,brisés,11,M,brisées,-9.638316,brisés,-12.915213,1
2807,P_NOUN_8_PASS_b,F,P,les boissons avec les claviers que j' aime beaucoup ne sont probablement pas cachées <eos>,13,cachées,cachés,11,M,cachées,-8.558552,cachés,-9.712133,1
2808,P_NOUN_8_PASS_b,F,P,les boissons avec les claviers que j' aime beaucoup ne sont probablement pas cassées <eos>,13,cassées,cassés,11,M,cassées,-9.654684,cassés,-11.069767,1
2809,P_NOUN_8_PASS_b,F,P,les boissons avec les claviers que j' aime beaucoup ne sont probablement pas couvertes <eos>,13,couvertes,couverts,11,M,couvertes,-7.930417,couverts,-8.657099,1
2810,P_NOUN_8_PASS_b,F,P,les boissons avec les claviers que j' aime beaucoup ne sont probablement pas déformées <eos>,13,déformées,déformés,11,M,déformées,-8.51455,déformés,-13.5818,1
2811,P_NOUN_8_PASS_b,F,P,les boissons avec les claviers que j' aime beaucoup ne sont probablement pas fixées <eos>,13,fixées,fixés,11,M,fixées,-8.810578,fixés,-9.6227665,1
2812,P_NOUN_8_PASS_b,F,P,les boissons avec les claviers que j' aime beaucoup ne sont probablement pas jetées <eos>,13,jetées,jetés,11,M,jetées,-9.81068,jetés,-10.484367,1
2813,P_NOUN_8_PASS_b,F,P,les boissons avec les claviers que j' aime beaucoup ne sont probablement pas laissées <eos>,13,laissées,laissés,11,M,laissées,-7.7797766,laissés,-10.262579,1
2814,P_NOUN_8_PASS_b,F,P,les boissons avec les claviers que j' aime beaucoup ne sont probablement pas ouvertes <eos>,13,ouvertes,ouverts,11,M,ouvertes,-7.5463996,ouverts,-9.237139,1
2815,P_NOUN_8_PASS_b,F,P,les boissons avec les claviers que j' aime beaucoup ne sont probablement pas perdues <eos>,13,perdues,perdus,11,M,perdues,-8.093342,perdus,-9.128088,1
2816,P_NOUN_8_PASS_b,F,P,les boissons avec les claviers que j' aime beaucoup ne sont probablement pas réparées <eos>,13,réparées,réparés,11,M,réparées,-9.942131,réparés,-12.961922,1
2817,P_NOUN_8_PASS_b,F,P,les boissons avec les claviers que j' aime beaucoup ne sont probablement pas retirées <eos>,13,retirées,retirés,11,M,retirées,-8.770341,retirés,-10.765941,1
2818,P_NOUN_8_PASS_b,F,P,les boissons avec les claviers que j' aime beaucoup ne sont probablement pas tombées <eos>,13,tombées,tombés,11,M,tombées,-8.8749485,tombés,-9.6437,1
2819,P_NOUN_8_PASS_b,F,P,les boissons avec les claviers que j' aime beaucoup ne sont probablement pas utilisées <eos>,13,utilisées,utilisés,11,M,utilisées,-4.9900084,utilisés,-6.4116707,1
2820,P_NOUN_8_PASS_b,F,P,les boissons avec les raisins que j' aime beaucoup ne sont probablement pas achetées <eos>,13,achetées,achetés,11,M,achetées,-9.729838,achetés,-8.93021,0
2821,P_NOUN_8_PASS_b,F,P,les boissons avec les raisins que j' aime beaucoup ne sont probablement pas brisées <eos>,13,brisées,brisés,11,M,brisées,-10.300415,brisés,-13.548708,1
2822,P_NOUN_8_PASS_b,F,P,les boissons avec les raisins que j' aime beaucoup ne sont probablement pas cachées <eos>,13,cachées,cachés,11,M,cachées,-8.661972,cachés,-9.221991,1
2823,P_NOUN_8_PASS_b,F,P,les boissons avec les raisins que j' aime beaucoup ne sont probablement pas cassées <eos>,13,cassées,cassés,11,M,cassées,-9.582498,cassés,-9.575365,0
2824,P_NOUN_8_PASS_b,F,P,les boissons avec les raisins que j' aime beaucoup ne sont probablement pas couvertes <eos>,13,couvertes,couverts,11,M,couvertes,-7.605385,couverts,-7.629552,1
2825,P_NOUN_8_PASS_b,F,P,les boissons avec les raisins que j' aime beaucoup ne sont probablement pas déformées <eos>,13,déformées,déformés,11,M,déformées,-9.348107,déformés,-14.430522,1
2826,P_NOUN_8_PASS_b,F,P,les boissons avec les raisins que j' aime beaucoup ne sont probablement pas fixées <eos>,13,fixées,fixés,11,M,fixées,-9.046798,fixés,-9.703092,1
2827,P_NOUN_8_PASS_b,F,P,les boissons avec les raisins que j' aime beaucoup ne sont probablement pas jetées <eos>,13,jetées,jetés,11,M,jetées,-10.162493,jetés,-10.751432,1
2828,P_NOUN_8_PASS_b,F,P,les boissons avec les raisins que j' aime beaucoup ne sont probablement pas laissées <eos>,13,laissées,laissés,11,M,laissées,-7.555724,laissés,-9.653877,1
2829,P_NOUN_8_PASS_b,F,P,les boissons avec les raisins que j' aime beaucoup ne sont probablement pas ouvertes <eos>,13,ouvertes,ouverts,11,M,ouvertes,-8.2486725,ouverts,-9.860615,1
2830,P_NOUN_8_PASS_b,F,P,les boissons avec les raisins que j' aime beaucoup ne sont probablement pas perdues <eos>,13,perdues,perdus,11,M,perdues,-8.32733,perdus,-9.237658,1
2831,P_NOUN_8_PASS_b,F,P,les boissons avec les raisins que j' aime beaucoup ne sont probablement pas réparées <eos>,13,réparées,réparés,11,M,réparées,-9.89934,réparés,-12.571224,1
2832,P_NOUN_8_PASS_b,F,P,les boissons avec les raisins que j' aime beaucoup ne sont probablement pas retirées <eos>,13,retirées,retirés,11,M,retirées,-8.536478,retirés,-9.924341,1
2833,P_NOUN_8_PASS_b,F,P,les boissons avec les raisins que j' aime beaucoup ne sont probablement pas tombées <eos>,13,tombées,tombés,11,M,tombées,-7.9203367,tombés,-8.472539,1
2834,P_NOUN_8_PASS_b,F,P,les boissons avec les raisins que j' aime beaucoup ne sont probablement pas utilisées <eos>,13,utilisées,utilisés,11,M,utilisées,-4.803375,utilisés,-5.9366927,1
2835,P_NOUN_8_PASS_b,F,P,les boissons avec les chargeurs que j' aime beaucoup ne sont probablement pas achetées <eos>,13,achetées,achetés,11,M,achetées,-9.616888,achetés,-9.376611,0
2836,P_NOUN_8_PASS_b,F,P,les boissons avec les chargeurs que j' aime beaucoup ne sont probablement pas brisées <eos>,13,brisées,brisés,11,M,brisées,-9.937401,brisés,-13.358108,1
2837,P_NOUN_8_PASS_b,F,P,les boissons avec les chargeurs que j' aime beaucoup ne sont probablement pas cachées <eos>,13,cachées,cachés,11,M,cachées,-9.130489,cachés,-8.773975,0
2838,P_NOUN_8_PASS_b,F,P,les boissons avec les chargeurs que j' aime beaucoup ne sont probablement pas cassées <eos>,13,cassées,cassés,11,M,cassées,-9.549093,cassés,-10.131206,1
2839,P_NOUN_8_PASS_b,F,P,les boissons avec les chargeurs que j' aime beaucoup ne sont probablement pas couvertes <eos>,13,couvertes,couverts,11,M,couvertes,-7.7554007,couverts,-8.168182,1
2840,P_NOUN_8_PASS_b,F,P,les boissons avec les chargeurs que j' aime beaucoup ne sont probablement pas déformées <eos>,13,déformées,déformés,11,M,déformées,-9.537477,déformés,-14.3608885,1
2841,P_NOUN_8_PASS_b,F,P,les boissons avec les chargeurs que j' aime beaucoup ne sont probablement pas fixées <eos>,13,fixées,fixés,11,M,fixées,-8.433353,fixés,-9.135377,1
2842,P_NOUN_8_PASS_b,F,P,les boissons avec les chargeurs que j' aime beaucoup ne sont probablement pas jetées <eos>,13,jetées,jetés,11,M,jetées,-9.452823,jetés,-9.777551,1
2843,P_NOUN_8_PASS_b,F,P,les boissons avec les chargeurs que j' aime beaucoup ne sont probablement pas laissées <eos>,13,laissées,laissés,11,M,laissées,-7.6686497,laissés,-10.215128,1
2844,P_NOUN_8_PASS_b,F,P,les boissons avec les chargeurs que j' aime beaucoup ne sont probablement pas ouvertes <eos>,13,ouvertes,ouverts,11,M,ouvertes,-8.360575,ouverts,-9.513343,1
2845,P_NOUN_8_PASS_b,F,P,les boissons avec les chargeurs que j' aime beaucoup ne sont probablement pas perdues <eos>,13,perdues,perdus,11,M,perdues,-7.832389,perdus,-8.909013,1
2846,P_NOUN_8_PASS_b,F,P,les boissons avec les chargeurs que j' aime beaucoup ne sont probablement pas réparées <eos>,13,réparées,réparés,11,M,réparées,-9.839898,réparés,-12.047436,1
2847,P_NOUN_8_PASS_b,F,P,les boissons avec les chargeurs que j' aime beaucoup ne sont probablement pas retirées <eos>,13,retirées,retirés,11,M,retirées,-8.354133,retirés,-9.024297,1
2848,P_NOUN_8_PASS_b,F,P,les boissons avec les chargeurs que j' aime beaucoup ne sont probablement pas tombées <eos>,13,tombées,tombés,11,M,tombées,-8.848536,tombés,-8.687845,0
2849,P_NOUN_8_PASS_b,F,P,les boissons avec les chargeurs que j' aime beaucoup ne sont probablement pas utilisées <eos>,13,utilisées,utilisés,11,M,utilisées,-4.3969445,utilisés,-5.6242995,1
2850,P_NOUN_8_PASS_b,F,P,les boissons avec les vases que j' aime beaucoup ne sont probablement pas achetées <eos>,13,achetées,achetés,11,M,achetées,-10.448938,achetés,-9.62745,0
2851,P_NOUN_8_PASS_b,F,P,les boissons avec les vases que j' aime beaucoup ne sont probablement pas brisées <eos>,13,brisées,brisés,11,M,brisées,-9.73245,brisés,-12.665317,1
2852,P_NOUN_8_PASS_b,F,P,les boissons avec les vases que j' aime beaucoup ne sont probablement pas cachées <eos>,13,cachées,cachés,11,M,cachées,-8.306045,cachés,-9.16995,1
2853,P_NOUN_8_PASS_b,F,P,les boissons avec les vases que j' aime beaucoup ne sont probablement pas cassées <eos>,13,cassées,cassés,11,M,cassées,-8.67995,cassés,-9.724552,1
2854,P_NOUN_8_PASS_b,F,P,les boissons avec les vases que j' aime beaucoup ne sont probablement pas couvertes <eos>,13,couvertes,couverts,11,M,couvertes,-7.87436,couverts,-8.047879,1
2855,P_NOUN_8_PASS_b,F,P,les boissons avec les vases que j' aime beaucoup ne sont probablement pas déformées <eos>,13,déformées,déformés,11,M,déformées,-8.376003,déformés,-13.204685,1
2856,P_NOUN_8_PASS_b,F,P,les boissons avec les vases que j' aime beaucoup ne sont probablement pas fixées <eos>,13,fixées,fixés,11,M,fixées,-8.49628,fixés,-9.576372,1
2857,P_NOUN_8_PASS_b,F,P,les boissons avec les vases que j' aime beaucoup ne sont probablement pas jetées <eos>,13,jetées,jetés,11,M,jetées,-8.950735,jetés,-9.458388,1
2858,P_NOUN_8_PASS_b,F,P,les boissons avec les vases que j' aime beaucoup ne sont probablement pas laissées <eos>,13,laissées,laissés,11,M,laissées,-7.8012533,laissés,-9.629229,1
2859,P_NOUN_8_PASS_b,F,P,les boissons avec les vases que j' aime beaucoup ne sont probablement pas ouvertes <eos>,13,ouvertes,ouverts,11,M,ouvertes,-8.398178,ouverts,-9.716051,1
2860,P_NOUN_8_PASS_b,F,P,les boissons avec les vases que j' aime beaucoup ne sont probablement pas perdues <eos>,13,perdues,perdus,11,M,perdues,-8.178071,perdus,-9.040826,1
2861,P_NOUN_8_PASS_b,F,P,les boissons avec les vases que j' aime beaucoup ne sont probablement pas réparées <eos>,13,réparées,réparés,11,M,réparées,-9.867117,réparés,-12.708729,1
2862,P_NOUN_8_PASS_b,F,P,les boissons avec les vases que j' aime beaucoup ne sont probablement pas retirées <eos>,13,retirées,retirés,11,M,retirées,-8.669504,retirés,-9.964404,1
2863,P_NOUN_8_PASS_b,F,P,les boissons avec les vases que j' aime beaucoup ne sont probablement pas tombées <eos>,13,tombées,tombés,11,M,tombées,-8.082897,tombés,-8.426101,1
2864,P_NOUN_8_PASS_b,F,P,les boissons avec les vases que j' aime beaucoup ne sont probablement pas utilisées <eos>,13,utilisées,utilisés,11,M,utilisées,-4.9873543,utilisés,-6.02009,1
2865,P_NOUN_8_PASS_b,F,P,les boissons avec les paniers que j' aime beaucoup ne sont probablement pas achetées <eos>,13,achetées,achetés,11,M,achetées,-10.17334,achetés,-9.11401,0
2866,P_NOUN_8_PASS_b,F,P,les boissons avec les paniers que j' aime beaucoup ne sont probablement pas brisées <eos>,13,brisées,brisés,11,M,brisées,-9.8756895,brisés,-13.036205,1
2867,P_NOUN_8_PASS_b,F,P,les boissons avec les paniers que j' aime beaucoup ne sont probablement pas cachées <eos>,13,cachées,cachés,11,M,cachées,-8.771652,cachés,-8.958931,1
2868,P_NOUN_8_PASS_b,F,P,les boissons avec les paniers que j' aime beaucoup ne sont probablement pas cassées <eos>,13,cassées,cassés,11,M,cassées,-8.964278,cassés,-10.019342,1
2869,P_NOUN_8_PASS_b,F,P,les boissons avec les paniers que j' aime beaucoup ne sont probablement pas couvertes <eos>,13,couvertes,couverts,11,M,couvertes,-7.871205,couverts,-8.060607,1
2870,P_NOUN_8_PASS_b,F,P,les boissons avec les paniers que j' aime beaucoup ne sont probablement pas déformées <eos>,13,déformées,déformés,11,M,déformées,-9.173516,déformés,-13.969363,1
2871,P_NOUN_8_PASS_b,F,P,les boissons avec les paniers que j' aime beaucoup ne sont probablement pas fixées <eos>,13,fixées,fixés,11,M,fixées,-8.592392,fixés,-9.336392,1
2872,P_NOUN_8_PASS_b,F,P,les boissons avec les paniers que j' aime beaucoup ne sont probablement pas jetées <eos>,13,jetées,jetés,11,M,jetées,-8.78779,jetés,-9.541245,1
2873,P_NOUN_8_PASS_b,F,P,les boissons avec les paniers que j' aime beaucoup ne sont probablement pas laissées <eos>,13,laissées,laissés,11,M,laissées,-8.024725,laissés,-9.827545,1
2874,P_NOUN_8_PASS_b,F,P,les boissons avec les paniers que j' aime beaucoup ne sont probablement pas ouvertes <eos>,13,ouvertes,ouverts,11,M,ouvertes,-8.217377,ouverts,-9.598439,1
2875,P_NOUN_8_PASS_b,F,P,les boissons avec les paniers que j' aime beaucoup ne sont probablement pas perdues <eos>,13,perdues,perdus,11,M,perdues,-8.200064,perdus,-9.025629,1
2876,P_NOUN_8_PASS_b,F,P,les boissons avec les paniers que j' aime beaucoup ne sont probablement pas réparées <eos>,13,réparées,réparés,11,M,réparées,-9.944507,réparés,-12.591521,1
2877,P_NOUN_8_PASS_b,F,P,les boissons avec les paniers que j' aime beaucoup ne sont probablement pas retirées <eos>,13,retirées,retirés,11,M,retirées,-8.581081,retirés,-9.702262,1
2878,P_NOUN_8_PASS_b,F,P,les boissons avec les paniers que j' aime beaucoup ne sont probablement pas tombées <eos>,13,tombées,tombés,11,M,tombées,-8.444892,tombés,-8.612432,1
2879,P_NOUN_8_PASS_b,F,P,les boissons avec les paniers que j' aime beaucoup ne sont probablement pas utilisées <eos>,13,utilisées,utilisés,11,M,utilisées,-4.6666636,utilisés,-5.652535,1
2880,P_NOUN_8_PASS_b,F,P,les boissons avec les colliers que j' aime beaucoup ne sont probablement pas achetées <eos>,13,achetées,achetés,11,M,achetées,-10.2489195,achetés,-9.581503,0
2881,P_NOUN_8_PASS_b,F,P,les boissons avec les colliers que j' aime beaucoup ne sont probablement pas brisées <eos>,13,brisées,brisés,11,M,brisées,-9.752811,brisés,-12.786076,1
2882,P_NOUN_8_PASS_b,F,P,les boissons avec les colliers que j' aime beaucoup ne sont probablement pas cachées <eos>,13,cachées,cachés,11,M,cachées,-8.829496,cachés,-9.191576,1
2883,P_NOUN_8_PASS_b,F,P,les boissons avec les colliers que j' aime beaucoup ne sont probablement pas cassées <eos>,13,cassées,cassés,11,M,cassées,-8.88888,cassés,-9.505493,1
2884,P_NOUN_8_PASS_b,F,P,les boissons avec les colliers que j' aime beaucoup ne sont probablement pas couvertes <eos>,13,couvertes,couverts,11,M,couvertes,-7.870298,couverts,-8.409697,1
2885,P_NOUN_8_PASS_b,F,P,les boissons avec les colliers que j' aime beaucoup ne sont probablement pas déformées <eos>,13,déformées,déformés,11,M,déformées,-8.532808,déformés,-13.694689,1
2886,P_NOUN_8_PASS_b,F,P,les boissons avec les colliers que j' aime beaucoup ne sont probablement pas fixées <eos>,13,fixées,fixés,11,M,fixées,-8.449394,fixés,-9.539255,1
2887,P_NOUN_8_PASS_b,F,P,les boissons avec les colliers que j' aime beaucoup ne sont probablement pas jetées <eos>,13,jetées,jetés,11,M,jetées,-8.950625,jetés,-9.404831,1
2888,P_NOUN_8_PASS_b,F,P,les boissons avec les colliers que j' aime beaucoup ne sont probablement pas laissées <eos>,13,laissées,laissés,11,M,laissées,-8.004342,laissés,-9.967716,1
2889,P_NOUN_8_PASS_b,F,P,les boissons avec les colliers que j' aime beaucoup ne sont probablement pas ouvertes <eos>,13,ouvertes,ouverts,11,M,ouvertes,-8.509766,ouverts,-9.927487,1
2890,P_NOUN_8_PASS_b,F,P,les boissons avec les colliers que j' aime beaucoup ne sont probablement pas perdues <eos>,13,perdues,perdus,11,M,perdues,-7.9595776,perdus,-8.969881,1
2891,P_NOUN_8_PASS_b,F,P,les boissons avec les colliers que j' aime beaucoup ne sont probablement pas réparées <eos>,13,réparées,réparés,11,M,réparées,-9.686912,réparés,-12.581572,1
2892,P_NOUN_8_PASS_b,F,P,les boissons avec les colliers que j' aime beaucoup ne sont probablement pas retirées <eos>,13,retirées,retirés,11,M,retirées,-8.32592,retirés,-9.558776,1
2893,P_NOUN_8_PASS_b,F,P,les boissons avec les colliers que j' aime beaucoup ne sont probablement pas tombées <eos>,13,tombées,tombés,11,M,tombées,-8.055944,tombés,-8.436104,1
2894,P_NOUN_8_PASS_b,F,P,les boissons avec les colliers que j' aime beaucoup ne sont probablement pas utilisées <eos>,13,utilisées,utilisés,11,M,utilisées,-4.551124,utilisés,-5.7189717,1
2895,P_NOUN_8_PASS_b,F,P,les boissons avec les chapeaux que j' aime beaucoup ne sont probablement pas achetées <eos>,13,achetées,achetés,11,M,achetées,-10.060409,achetés,-9.3195305,0
2896,P_NOUN_8_PASS_b,F,P,les boissons avec les chapeaux que j' aime beaucoup ne sont probablement pas brisées <eos>,13,brisées,brisés,11,M,brisées,-10.089019,brisés,-13.439225,1
2897,P_NOUN_8_PASS_b,F,P,les boissons avec les chapeaux que j' aime beaucoup ne sont probablement pas cachées <eos>,13,cachées,cachés,11,M,cachées,-8.553403,cachés,-8.978616,1
2898,P_NOUN_8_PASS_b,F,P,les boissons avec les chapeaux que j' aime beaucoup ne sont probablement pas cassées <eos>,13,cassées,cassés,11,M,cassées,-9.109616,cassés,-10.415287,1
2899,P_NOUN_8_PASS_b,F,P,les boissons avec les chapeaux que j' aime beaucoup ne sont probablement pas couvertes <eos>,13,couvertes,couverts,11,M,couvertes,-8.020739,couverts,-8.374926,1
2900,P_NOUN_8_PASS_b,F,P,les boissons avec les chapeaux que j' aime beaucoup ne sont probablement pas déformées <eos>,13,déformées,déformés,11,M,déformées,-9.385803,déformés,-13.980756,1
2901,P_NOUN_8_PASS_b,F,P,les boissons avec les chapeaux que j' aime beaucoup ne sont probablement pas fixées <eos>,13,fixées,fixés,11,M,fixées,-8.89933,fixés,-9.812984,1
2902,P_NOUN_8_PASS_b,F,P,les boissons avec les chapeaux que j' aime beaucoup ne sont probablement pas jetées <eos>,13,jetées,jetés,11,M,jetées,-9.031382,jetés,-9.775948,1
2903,P_NOUN_8_PASS_b,F,P,les boissons avec les chapeaux que j' aime beaucoup ne sont probablement pas laissées <eos>,13,laissées,laissés,11,M,laissées,-8.114765,laissés,-9.970373,1
2904,P_NOUN_8_PASS_b,F,P,les boissons avec les chapeaux que j' aime beaucoup ne sont probablement pas ouvertes <eos>,13,ouvertes,ouverts,11,M,ouvertes,-8.322549,ouverts,-9.6942425,1
2905,P_NOUN_8_PASS_b,F,P,les boissons avec les chapeaux que j' aime beaucoup ne sont probablement pas perdues <eos>,13,perdues,perdus,11,M,perdues,-8.197503,perdus,-9.335536,1
2906,P_NOUN_8_PASS_b,F,P,les boissons avec les chapeaux que j' aime beaucoup ne sont probablement pas réparées <eos>,13,réparées,réparés,11,M,réparées,-10.144769,réparés,-12.8885975,1
2907,P_NOUN_8_PASS_b,F,P,les boissons avec les chapeaux que j' aime beaucoup ne sont probablement pas retirées <eos>,13,retirées,retirés,11,M,retirées,-8.724539,retirés,-9.956951,1
2908,P_NOUN_8_PASS_b,F,P,les boissons avec les chapeaux que j' aime beaucoup ne sont probablement pas tombées <eos>,13,tombées,tombés,11,M,tombées,-8.423172,tombés,-8.316021,0
2909,P_NOUN_8_PASS_b,F,P,les boissons avec les chapeaux que j' aime beaucoup ne sont probablement pas utilisées <eos>,13,utilisées,utilisés,11,M,utilisées,-4.9931083,utilisés,-6.1287236,1
2910,P_NOUN_8_PASS_b,F,P,les boissons avec les pots que j' aime beaucoup ne sont probablement pas achetées <eos>,13,achetées,achetés,11,M,achetées,-9.894278,achetés,-8.835269,0
2911,P_NOUN_8_PASS_b,F,P,les boissons avec les pots que j' aime beaucoup ne sont probablement pas brisées <eos>,13,brisées,brisés,11,M,brisées,-9.808081,brisés,-12.625816,1
2912,P_NOUN_8_PASS_b,F,P,les boissons avec les pots que j' aime beaucoup ne sont probablement pas cachées <eos>,13,cachées,cachés,11,M,cachées,-8.893244,cachés,-8.796787,0
2913,P_NOUN_8_PASS_b,F,P,les boissons avec les pots que j' aime beaucoup ne sont probablement pas cassées <eos>,13,cassées,cassés,11,M,cassées,-8.8164015,cassés,-9.484535,1
2914,P_NOUN_8_PASS_b,F,P,les boissons avec les pots que j' aime beaucoup ne sont probablement pas couvertes <eos>,13,couvertes,couverts,11,M,couvertes,-7.688674,couverts,-7.503351,0
2915,P_NOUN_8_PASS_b,F,P,les boissons avec les pots que j' aime beaucoup ne sont probablement pas déformées <eos>,13,déformées,déformés,11,M,déformées,-8.868659,déformés,-13.696731,1
2916,P_NOUN_8_PASS_b,F,P,les boissons avec les pots que j' aime beaucoup ne sont probablement pas fixées <eos>,13,fixées,fixés,11,M,fixées,-8.842049,fixés,-9.254087,1
2917,P_NOUN_8_PASS_b,F,P,les boissons avec les pots que j' aime beaucoup ne sont probablement pas jetées <eos>,13,jetées,jetés,11,M,jetées,-9.039028,jetés,-9.380284,1
2918,P_NOUN_8_PASS_b,F,P,les boissons avec les pots que j' aime beaucoup ne sont probablement pas laissées <eos>,13,laissées,laissés,11,M,laissées,-7.5951934,laissés,-9.621115,1
2919,P_NOUN_8_PASS_b,F,P,les boissons avec les pots que j' aime beaucoup ne sont probablement pas ouvertes <eos>,13,ouvertes,ouverts,11,M,ouvertes,-8.153139,ouverts,-9.099356,1
2920,P_NOUN_8_PASS_b,F,P,les boissons avec les pots que j' aime beaucoup ne sont probablement pas perdues <eos>,13,perdues,perdus,11,M,perdues,-8.177785,perdus,-8.532707,1
2921,P_NOUN_8_PASS_b,F,P,les boissons avec les pots que j' aime beaucoup ne sont probablement pas réparées <eos>,13,réparées,réparés,11,M,réparées,-9.495079,réparés,-11.934168,1
2922,P_NOUN_8_PASS_b,F,P,les boissons avec les pots que j' aime beaucoup ne sont probablement pas retirées <eos>,13,retirées,retirés,11,M,retirées,-8.433149,retirés,-9.459274,1
2923,P_NOUN_8_PASS_b,F,P,les boissons avec les pots que j' aime beaucoup ne sont probablement pas tombées <eos>,13,tombées,tombés,11,M,tombées,-8.353399,tombés,-8.168932,0
2924,P_NOUN_8_PASS_b,F,P,les boissons avec les pots que j' aime beaucoup ne sont probablement pas utilisées <eos>,13,utilisées,utilisés,11,M,utilisées,-4.6597667,utilisés,-5.3800225,1
2925,P_NOUN_8_PASS_b,F,P,les boissons avec les coussins que j' aime beaucoup ne sont probablement pas achetées <eos>,13,achetées,achetés,11,M,achetées,-9.782207,achetés,-9.403662,0
2926,P_NOUN_8_PASS_b,F,P,les boissons avec les coussins que j' aime beaucoup ne sont probablement pas brisées <eos>,13,brisées,brisés,11,M,brisées,-9.482159,brisés,-12.847919,1
2927,P_NOUN_8_PASS_b,F,P,les boissons avec les coussins que j' aime beaucoup ne sont probablement pas cachées <eos>,13,cachées,cachés,11,M,cachées,-8.552914,cachés,-9.101662,1
2928,P_NOUN_8_PASS_b,F,P,les boissons avec les coussins que j' aime beaucoup ne sont probablement pas cassées <eos>,13,cassées,cassés,11,M,cassées,-8.472043,cassés,-10.194751,1
2929,P_NOUN_8_PASS_b,F,P,les boissons avec les coussins que j' aime beaucoup ne sont probablement pas couvertes <eos>,13,couvertes,couverts,11,M,couvertes,-7.423255,couverts,-8.295468,1
2930,P_NOUN_8_PASS_b,F,P,les boissons avec les coussins que j' aime beaucoup ne sont probablement pas déformées <eos>,13,déformées,déformés,11,M,déformées,-8.690293,déformés,-13.820147,1
2931,P_NOUN_8_PASS_b,F,P,les boissons avec les coussins que j' aime beaucoup ne sont probablement pas fixées <eos>,13,fixées,fixés,11,M,fixées,-8.333532,fixés,-9.457354,1
2932,P_NOUN_8_PASS_b,F,P,les boissons avec les coussins que j' aime beaucoup ne sont probablement pas jetées <eos>,13,jetées,jetés,11,M,jetées,-8.151688,jetés,-9.462661,1
2933,P_NOUN_8_PASS_b,F,P,les boissons avec les coussins que j' aime beaucoup ne sont probablement pas laissées <eos>,13,laissées,laissés,11,M,laissées,-7.4252167,laissés,-9.933696,1
2934,P_NOUN_8_PASS_b,F,P,les boissons avec les coussins que j' aime beaucoup ne sont probablement pas ouvertes <eos>,13,ouvertes,ouverts,11,M,ouvertes,-7.664411,ouverts,-9.15999,1
2935,P_NOUN_8_PASS_b,F,P,les boissons avec les coussins que j' aime beaucoup ne sont probablement pas perdues <eos>,13,perdues,perdus,11,M,perdues,-7.983984,perdus,-8.944691,1
2936,P_NOUN_8_PASS_b,F,P,les boissons avec les coussins que j' aime beaucoup ne sont probablement pas réparées <eos>,13,réparées,réparés,11,M,réparées,-9.205023,réparés,-12.216891,1
2937,P_NOUN_8_PASS_b,F,P,les boissons avec les coussins que j' aime beaucoup ne sont probablement pas retirées <eos>,13,retirées,retirés,11,M,retirées,-8.23349,retirés,-9.821113,1
2938,P_NOUN_8_PASS_b,F,P,les boissons avec les coussins que j' aime beaucoup ne sont probablement pas tombées <eos>,13,tombées,tombés,11,M,tombées,-8.441251,tombés,-8.993856,1
2939,P_NOUN_8_PASS_b,F,P,les boissons avec les coussins que j' aime beaucoup ne sont probablement pas utilisées <eos>,13,utilisées,utilisés,11,M,utilisées,-4.5366697,utilisés,-5.995388,1
2940,P_NOUN_8_PASS_b,F,P,les boissons avec les jouets que j' aime beaucoup ne sont probablement pas achetées <eos>,13,achetées,achetés,11,M,achetées,-10.624119,achetés,-9.357227,0
2941,P_NOUN_8_PASS_b,F,P,les boissons avec les jouets que j' aime beaucoup ne sont probablement pas brisées <eos>,13,brisées,brisés,11,M,brisées,-10.395101,brisés,-12.819727,1
2942,P_NOUN_8_PASS_b,F,P,les boissons avec les jouets que j' aime beaucoup ne sont probablement pas cachées <eos>,13,cachées,cachés,11,M,cachées,-8.618922,cachés,-8.633394,1
2943,P_NOUN_8_PASS_b,F,P,les boissons avec les jouets que j' aime beaucoup ne sont probablement pas cassées <eos>,13,cassées,cassés,11,M,cassées,-9.728883,cassés,-10.340701,1
2944,P_NOUN_8_PASS_b,F,P,les boissons avec les jouets que j' aime beaucoup ne sont probablement pas couvertes <eos>,13,couvertes,couverts,11,M,couvertes,-8.668381,couverts,-8.613239,0
2945,P_NOUN_8_PASS_b,F,P,les boissons avec les jouets que j' aime beaucoup ne sont probablement pas déformées <eos>,13,déformées,déformés,11,M,déformées,-9.422536,déformés,-13.003262,1
2946,P_NOUN_8_PASS_b,F,P,les boissons avec les jouets que j' aime beaucoup ne sont probablement pas fixées <eos>,13,fixées,fixés,11,M,fixées,-9.733616,fixés,-9.642801,0
2947,P_NOUN_8_PASS_b,F,P,les boissons avec les jouets que j' aime beaucoup ne sont probablement pas jetées <eos>,13,jetées,jetés,11,M,jetées,-9.826032,jetés,-9.730487,0
2948,P_NOUN_8_PASS_b,F,P,les boissons avec les jouets que j' aime beaucoup ne sont probablement pas laissées <eos>,13,laissées,laissés,11,M,laissées,-8.486092,laissés,-9.593735,1
2949,P_NOUN_8_PASS_b,F,P,les boissons avec les jouets que j' aime beaucoup ne sont probablement pas ouvertes <eos>,13,ouvertes,ouverts,11,M,ouvertes,-8.587576,ouverts,-9.0528555,1
2950,P_NOUN_8_PASS_b,F,P,les boissons avec les jouets que j' aime beaucoup ne sont probablement pas perdues <eos>,13,perdues,perdus,11,M,perdues,-8.947483,perdus,-8.778824,0
2951,P_NOUN_8_PASS_b,F,P,les boissons avec les jouets que j' aime beaucoup ne sont probablement pas réparées <eos>,13,réparées,réparés,11,M,réparées,-10.341238,réparés,-12.603241,1
2952,P_NOUN_8_PASS_b,F,P,les boissons avec les jouets que j' aime beaucoup ne sont probablement pas retirées <eos>,13,retirées,retirés,11,M,retirées,-9.228651,retirés,-10.293608,1
2953,P_NOUN_8_PASS_b,F,P,les boissons avec les jouets que j' aime beaucoup ne sont probablement pas tombées <eos>,13,tombées,tombés,11,M,tombées,-8.890107,tombés,-8.570642,0
2954,P_NOUN_8_PASS_b,F,P,les boissons avec les jouets que j' aime beaucoup ne sont probablement pas utilisées <eos>,13,utilisées,utilisés,11,M,utilisées,-5.8994684,utilisés,-6.4617167,1
2955,P_NOUN_8_PASS_b,F,P,les boissons avec les clous que j' aime beaucoup ne sont probablement pas achetées <eos>,13,achetées,achetés,11,M,achetées,-9.918227,achetés,-9.363615,0
2956,P_NOUN_8_PASS_b,F,P,les boissons avec les clous que j' aime beaucoup ne sont probablement pas brisées <eos>,13,brisées,brisés,11,M,brisées,-9.664495,brisés,-12.844539,1
2957,P_NOUN_8_PASS_b,F,P,les boissons avec les clous que j' aime beaucoup ne sont probablement pas cachées <eos>,13,cachées,cachés,11,M,cachées,-8.566594,cachés,-8.774113,1
2958,P_NOUN_8_PASS_b,F,P,les boissons avec les clous que j' aime beaucoup ne sont probablement pas cassées <eos>,13,cassées,cassés,11,M,cassées,-8.803529,cassés,-9.728094,1
2959,P_NOUN_8_PASS_b,F,P,les boissons avec les clous que j' aime beaucoup ne sont probablement pas couvertes <eos>,13,couvertes,couverts,11,M,couvertes,-7.6807404,couverts,-8.147758,1
2960,P_NOUN_8_PASS_b,F,P,les boissons avec les clous que j' aime beaucoup ne sont probablement pas déformées <eos>,13,déformées,déformés,11,M,déformées,-9.16887,déformés,-13.951593,1
2961,P_NOUN_8_PASS_b,F,P,les boissons avec les clous que j' aime beaucoup ne sont probablement pas fixées <eos>,13,fixées,fixés,11,M,fixées,-8.507135,fixés,-9.423617,1
2962,P_NOUN_8_PASS_b,F,P,les boissons avec les clous que j' aime beaucoup ne sont probablement pas jetées <eos>,13,jetées,jetés,11,M,jetées,-8.55726,jetés,-9.051969,1
2963,P_NOUN_8_PASS_b,F,P,les boissons avec les clous que j' aime beaucoup ne sont probablement pas laissées <eos>,13,laissées,laissés,11,M,laissées,-7.767223,laissés,-9.575127,1
2964,P_NOUN_8_PASS_b,F,P,les boissons avec les clous que j' aime beaucoup ne sont probablement pas ouvertes <eos>,13,ouvertes,ouverts,11,M,ouvertes,-8.198857,ouverts,-9.987233,1
2965,P_NOUN_8_PASS_b,F,P,les boissons avec les clous que j' aime beaucoup ne sont probablement pas perdues <eos>,13,perdues,perdus,11,M,perdues,-7.7728753,perdus,-8.966584,1
2966,P_NOUN_8_PASS_b,F,P,les boissons avec les clous que j' aime beaucoup ne sont probablement pas réparées <eos>,13,réparées,réparés,11,M,réparées,-9.32859,réparés,-12.108902,1
2967,P_NOUN_8_PASS_b,F,P,les boissons avec les clous que j' aime beaucoup ne sont probablement pas retirées <eos>,13,retirées,retirés,11,M,retirées,-8.085568,retirés,-9.612359,1
2968,P_NOUN_8_PASS_b,F,P,les boissons avec les clous que j' aime beaucoup ne sont probablement pas tombées <eos>,13,tombées,tombés,11,M,tombées,-7.993818,tombés,-8.395448,1
2969,P_NOUN_8_PASS_b,F,P,les boissons avec les clous que j' aime beaucoup ne sont probablement pas utilisées <eos>,13,utilisées,utilisés,11,M,utilisées,-4.697548,utilisés,-5.8658466,1
2970,P_NOUN_8_PASS_b,F,P,les boissons avec les billets que j' aime beaucoup ne sont probablement pas achetées <eos>,13,achetées,achetés,11,M,achetées,-9.117731,achetés,-8.823678,0
2971,P_NOUN_8_PASS_b,F,P,les boissons avec les billets que j' aime beaucoup ne sont probablement pas brisées <eos>,13,brisées,brisés,11,M,brisées,-9.951319,brisés,-13.569189,1
2972,P_NOUN_8_PASS_b,F,P,les boissons avec les billets que j' aime beaucoup ne sont probablement pas cachées <eos>,13,cachées,cachés,11,M,cachées,-9.497604,cachés,-8.675008,0
2973,P_NOUN_8_PASS_b,F,P,les boissons avec les billets que j' aime beaucoup ne sont probablement pas cassées <eos>,13,cassées,cassés,11,M,cassées,-9.909,cassés,-10.535257,1
2974,P_NOUN_8_PASS_b,F,P,les boissons avec les billets que j' aime beaucoup ne sont probablement pas couvertes <eos>,13,couvertes,couverts,11,M,couvertes,-8.660342,couverts,-8.430983,0
2975,P_NOUN_8_PASS_b,F,P,les boissons avec les billets que j' aime beaucoup ne sont probablement pas déformées <eos>,13,déformées,déformés,11,M,déformées,-9.749355,déformés,-14.414025,1
2976,P_NOUN_8_PASS_b,F,P,les boissons avec les billets que j' aime beaucoup ne sont probablement pas fixées <eos>,13,fixées,fixés,11,M,fixées,-8.62704,fixés,-8.934601,1
2977,P_NOUN_8_PASS_b,F,P,les boissons avec les billets que j' aime beaucoup ne sont probablement pas jetées <eos>,13,jetées,jetés,11,M,jetées,-9.192491,jetés,-9.1634445,0
2978,P_NOUN_8_PASS_b,F,P,les boissons avec les billets que j' aime beaucoup ne sont probablement pas laissées <eos>,13,laissées,laissés,11,M,laissées,-8.01328,laissés,-10.133417,1
2979,P_NOUN_8_PASS_b,F,P,les boissons avec les billets que j' aime beaucoup ne sont probablement pas ouvertes <eos>,13,ouvertes,ouverts,11,M,ouvertes,-8.942171,ouverts,-9.527197,1
2980,P_NOUN_8_PASS_b,F,P,les boissons avec les billets que j' aime beaucoup ne sont probablement pas perdues <eos>,13,perdues,perdus,11,M,perdues,-7.8278084,perdus,-8.620982,1
2981,P_NOUN_8_PASS_b,F,P,les boissons avec les billets que j' aime beaucoup ne sont probablement pas réparées <eos>,13,réparées,réparés,11,M,réparées,-10.309927,réparés,-12.622897,1
2982,P_NOUN_8_PASS_b,F,P,les boissons avec les billets que j' aime beaucoup ne sont probablement pas retirées <eos>,13,retirées,retirés,11,M,retirées,-8.494896,retirés,-9.331143,1
2983,P_NOUN_8_PASS_b,F,P,les boissons avec les billets que j' aime beaucoup ne sont probablement pas tombées <eos>,13,tombées,tombés,11,M,tombées,-8.828717,tombés,-8.783649,0
2984,P_NOUN_8_PASS_b,F,P,les boissons avec les billets que j' aime beaucoup ne sont probablement pas utilisées <eos>,13,utilisées,utilisés,11,M,utilisées,-5.136876,utilisés,-5.9970856,1
2985,P_NOUN_8_PASS_b,F,P,les boissons avec les légumes que j' aime beaucoup ne sont probablement pas achetées <eos>,13,achetées,achetés,11,M,achetées,-10.141932,achetés,-9.232918,0
2986,P_NOUN_8_PASS_b,F,P,les boissons avec les légumes que j' aime beaucoup ne sont probablement pas brisées <eos>,13,brisées,brisés,11,M,brisées,-10.103376,brisés,-13.24939,1
2987,P_NOUN_8_PASS_b,F,P,les boissons avec les légumes que j' aime beaucoup ne sont probablement pas cachées <eos>,13,cachées,cachés,11,M,cachées,-8.850248,cachés,-9.208916,1
2988,P_NOUN_8_PASS_b,F,P,les boissons avec les légumes que j' aime beaucoup ne sont probablement pas cassées <eos>,13,cassées,cassés,11,M,cassées,-9.499464,cassés,-9.879911,1
2989,P_NOUN_8_PASS_b,F,P,les boissons avec les légumes que j' aime beaucoup ne sont probablement pas couvertes <eos>,13,couvertes,couverts,11,M,couvertes,-7.7893744,couverts,-8.06095,1
2990,P_NOUN_8_PASS_b,F,P,les boissons avec les légumes que j' aime beaucoup ne sont probablement pas déformées <eos>,13,déformées,déformés,11,M,déformées,-9.407515,déformés,-14.062603,1
2991,P_NOUN_8_PASS_b,F,P,les boissons avec les légumes que j' aime beaucoup ne sont probablement pas fixées <eos>,13,fixées,fixés,11,M,fixées,-9.18546,fixés,-9.81163,1
2992,P_NOUN_8_PASS_b,F,P,les boissons avec les légumes que j' aime beaucoup ne sont probablement pas jetées <eos>,13,jetées,jetés,11,M,jetées,-9.1804,jetés,-10.250245,1
2993,P_NOUN_8_PASS_b,F,P,les boissons avec les légumes que j' aime beaucoup ne sont probablement pas laissées <eos>,13,laissées,laissés,11,M,laissées,-7.848588,laissés,-9.624184,1
2994,P_NOUN_8_PASS_b,F,P,les boissons avec les légumes que j' aime beaucoup ne sont probablement pas ouvertes <eos>,13,ouvertes,ouverts,11,M,ouvertes,-8.338487,ouverts,-9.583595,1
2995,P_NOUN_8_PASS_b,F,P,les boissons avec les légumes que j' aime beaucoup ne sont probablement pas perdues <eos>,13,perdues,perdus,11,M,perdues,-8.182654,perdus,-9.044928,1
2996,P_NOUN_8_PASS_b,F,P,les boissons avec les légumes que j' aime beaucoup ne sont probablement pas réparées <eos>,13,réparées,réparés,11,M,réparées,-10.092448,réparés,-12.410942,1
2997,P_NOUN_8_PASS_b,F,P,les boissons avec les légumes que j' aime beaucoup ne sont probablement pas retirées <eos>,13,retirées,retirés,11,M,retirées,-8.903758,retirés,-9.855235,1
2998,P_NOUN_8_PASS_b,F,P,les boissons avec les légumes que j' aime beaucoup ne sont probablement pas tombées <eos>,13,tombées,tombés,11,M,tombées,-8.092884,tombés,-8.310274,1
2999,P_NOUN_8_PASS_b,F,P,les boissons avec les légumes que j' aime beaucoup ne sont probablement pas utilisées <eos>,13,utilisées,utilisés,11,M,utilisées,-5.042828,utilisés,-6.1997027,1
3000,P_NOUN_8_PASS_b,F,P,les pommes avec les bracelets que j' aime beaucoup ne sont probablement pas achetées <eos>,13,achetées,achetés,11,M,achetées,-10.105837,achetés,-9.410265,0
3001,P_NOUN_8_PASS_b,F,P,les pommes avec les bracelets que j' aime beaucoup ne sont probablement pas brisées <eos>,13,brisées,brisés,11,M,brisées,-9.54805,brisés,-12.333627,1
3002,P_NOUN_8_PASS_b,F,P,les pommes avec les bracelets que j' aime beaucoup ne sont probablement pas cachées <eos>,13,cachées,cachés,11,M,cachées,-8.03987,cachés,-8.711703,1
3003,P_NOUN_8_PASS_b,F,P,les pommes avec les bracelets que j' aime beaucoup ne sont probablement pas cassées <eos>,13,cassées,cassés,11,M,cassées,-8.367263,cassés,-9.719615,1
3004,P_NOUN_8_PASS_b,F,P,les pommes avec les bracelets que j' aime beaucoup ne sont probablement pas couvertes <eos>,13,couvertes,couverts,11,M,couvertes,-8.12269,couverts,-8.1380205,1
3005,P_NOUN_8_PASS_b,F,P,les pommes avec les bracelets que j' aime beaucoup ne sont probablement pas déformées <eos>,13,déformées,déformés,11,M,déformées,-8.778925,déformés,-13.270843,1
3006,P_NOUN_8_PASS_b,F,P,les pommes avec les bracelets que j' aime beaucoup ne sont probablement pas fixées <eos>,13,fixées,fixés,11,M,fixées,-8.912935,fixés,-9.576393,1
3007,P_NOUN_8_PASS_b,F,P,les pommes avec les bracelets que j' aime beaucoup ne sont probablement pas jetées <eos>,13,jetées,jetés,11,M,jetées,-8.492012,jetés,-9.190708,1
3008,P_NOUN_8_PASS_b,F,P,les pommes avec les bracelets que j' aime beaucoup ne sont probablement pas laissées <eos>,13,laissées,laissés,11,M,laissées,-8.424137,laissés,-9.467047,1
3009,P_NOUN_8_PASS_b,F,P,les pommes avec les bracelets que j' aime beaucoup ne sont probablement pas ouvertes <eos>,13,ouvertes,ouverts,11,M,ouvertes,-8.536944,ouverts,-9.113562,1
3010,P_NOUN_8_PASS_b,F,P,les pommes avec les bracelets que j' aime beaucoup ne sont probablement pas perdues <eos>,13,perdues,perdus,11,M,perdues,-8.081331,perdus,-8.748093,1
3011,P_NOUN_8_PASS_b,F,P,les pommes avec les bracelets que j' aime beaucoup ne sont probablement pas réparées <eos>,13,réparées,réparés,11,M,réparées,-10.370652,réparés,-12.686836,1
3012,P_NOUN_8_PASS_b,F,P,les pommes avec les bracelets que j' aime beaucoup ne sont probablement pas retirées <eos>,13,retirées,retirés,11,M,retirées,-9.156503,retirés,-9.714599,1
3013,P_NOUN_8_PASS_b,F,P,les pommes avec les bracelets que j' aime beaucoup ne sont probablement pas tombées <eos>,13,tombées,tombés,11,M,tombées,-8.1042795,tombés,-7.6288977,0
3014,P_NOUN_8_PASS_b,F,P,les pommes avec les bracelets que j' aime beaucoup ne sont probablement pas utilisées <eos>,13,utilisées,utilisés,11,M,utilisées,-5.3855724,utilisés,-6.136344,1
3015,P_NOUN_8_PASS_b,F,P,les pommes avec les miroirs que j' aime beaucoup ne sont probablement pas achetées <eos>,13,achetées,achetés,11,M,achetées,-10.631401,achetés,-9.45811,0
3016,P_NOUN_8_PASS_b,F,P,les pommes avec les miroirs que j' aime beaucoup ne sont probablement pas brisées <eos>,13,brisées,brisés,11,M,brisées,-9.458686,brisés,-11.979325,1
3017,P_NOUN_8_PASS_b,F,P,les pommes avec les miroirs que j' aime beaucoup ne sont probablement pas cachées <eos>,13,cachées,cachés,11,M,cachées,-7.6324854,cachés,-8.2930155,1
3018,P_NOUN_8_PASS_b,F,P,les pommes avec les miroirs que j' aime beaucoup ne sont probablement pas cassées <eos>,13,cassées,cassés,11,M,cassées,-8.832848,cassés,-9.765694,1
3019,P_NOUN_8_PASS_b,F,P,les pommes avec les miroirs que j' aime beaucoup ne sont probablement pas couvertes <eos>,13,couvertes,couverts,11,M,couvertes,-7.6143565,couverts,-7.823936,1
3020,P_NOUN_8_PASS_b,F,P,les pommes avec les miroirs que j' aime beaucoup ne sont probablement pas déformées <eos>,13,déformées,déformés,11,M,déformées,-7.9354954,déformés,-12.243652,1
3021,P_NOUN_8_PASS_b,F,P,les pommes avec les miroirs que j' aime beaucoup ne sont probablement pas fixées <eos>,13,fixées,fixés,11,M,fixées,-9.042746,fixés,-9.41028,1
3022,P_NOUN_8_PASS_b,F,P,les pommes avec les miroirs que j' aime beaucoup ne sont probablement pas jetées <eos>,13,jetées,jetés,11,M,jetées,-8.89442,jetés,-8.996257,1
3023,P_NOUN_8_PASS_b,F,P,les pommes avec les miroirs que j' aime beaucoup ne sont probablement pas laissées <eos>,13,laissées,laissés,11,M,laissées,-8.185563,laissés,-9.582504,1
3024,P_NOUN_8_PASS_b,F,P,les pommes avec les miroirs que j' aime beaucoup ne sont probablement pas ouvertes <eos>,13,ouvertes,ouverts,11,M,ouvertes,-7.9419165,ouverts,-8.323363,1
3025,P_NOUN_8_PASS_b,F,P,les pommes avec les miroirs que j' aime beaucoup ne sont probablement pas perdues <eos>,13,perdues,perdus,11,M,perdues,-7.7407494,perdus,-8.054473,1
3026,P_NOUN_8_PASS_b,F,P,les pommes avec les miroirs que j' aime beaucoup ne sont probablement pas réparées <eos>,13,réparées,réparés,11,M,réparées,-9.57564,réparés,-11.823695,1
3027,P_NOUN_8_PASS_b,F,P,les pommes avec les miroirs que j' aime beaucoup ne sont probablement pas retirées <eos>,13,retirées,retirés,11,M,retirées,-8.794953,retirés,-9.860197,1
3028,P_NOUN_8_PASS_b,F,P,les pommes avec les miroirs que j' aime beaucoup ne sont probablement pas tombées <eos>,13,tombées,tombés,11,M,tombées,-7.9401197,tombés,-8.703061,1
3029,P_NOUN_8_PASS_b,F,P,les pommes avec les miroirs que j' aime beaucoup ne sont probablement pas utilisées <eos>,13,utilisées,utilisés,11,M,utilisées,-5.2985263,utilisés,-6.027841,1
3030,P_NOUN_8_PASS_b,F,P,les pommes avec les crayons que j' aime beaucoup ne sont probablement pas achetées <eos>,13,achetées,achetés,11,M,achetées,-10.313565,achetés,-8.987454,0
3031,P_NOUN_8_PASS_b,F,P,les pommes avec les crayons que j' aime beaucoup ne sont probablement pas brisées <eos>,13,brisées,brisés,11,M,brisées,-10.257489,brisés,-12.574506,1
3032,P_NOUN_8_PASS_b,F,P,les pommes avec les crayons que j' aime beaucoup ne sont probablement pas cachées <eos>,13,cachées,cachés,11,M,cachées,-8.461526,cachés,-8.780985,1
3033,P_NOUN_8_PASS_b,F,P,les pommes avec les crayons que j' aime beaucoup ne sont probablement pas cassées <eos>,13,cassées,cassés,11,M,cassées,-9.177201,cassés,-9.193995,1
3034,P_NOUN_8_PASS_b,F,P,les pommes avec les crayons que j' aime beaucoup ne sont probablement pas couvertes <eos>,13,couvertes,couverts,11,M,couvertes,-8.229714,couverts,-7.7847376,0
3035,P_NOUN_8_PASS_b,F,P,les pommes avec les crayons que j' aime beaucoup ne sont probablement pas déformées <eos>,13,déformées,déformés,11,M,déformées,-8.809859,déformés,-13.032456,1
3036,P_NOUN_8_PASS_b,F,P,les pommes avec les crayons que j' aime beaucoup ne sont probablement pas fixées <eos>,13,fixées,fixés,11,M,fixées,-9.694823,fixés,-9.913895,1
3037,P_NOUN_8_PASS_b,F,P,les pommes avec les crayons que j' aime beaucoup ne sont probablement pas jetées <eos>,13,jetées,jetés,11,M,jetées,-9.78433,jetés,-9.609141,0
3038,P_NOUN_8_PASS_b,F,P,les pommes avec les crayons que j' aime beaucoup ne sont probablement pas laissées <eos>,13,laissées,laissés,11,M,laissées,-8.244153,laissés,-9.013915,1
3039,P_NOUN_8_PASS_b,F,P,les pommes avec les crayons que j' aime beaucoup ne sont probablement pas ouvertes <eos>,13,ouvertes,ouverts,11,M,ouvertes,-8.553989,ouverts,-9.108151,1
3040,P_NOUN_8_PASS_b,F,P,les pommes avec les crayons que j' aime beaucoup ne sont probablement pas perdues <eos>,13,perdues,perdus,11,M,perdues,-8.066671,perdus,-8.66637,1
3041,P_NOUN_8_PASS_b,F,P,les pommes avec les crayons que j' aime beaucoup ne sont probablement pas réparées <eos>,13,réparées,réparés,11,M,réparées,-9.909446,réparés,-11.876454,1
3042,P_NOUN_8_PASS_b,F,P,les pommes avec les crayons que j' aime beaucoup ne sont probablement pas retirées <eos>,13,retirées,retirés,11,M,retirées,-9.025659,retirés,-9.678378,1
3043,P_NOUN_8_PASS_b,F,P,les pommes avec les crayons que j' aime beaucoup ne sont probablement pas tombées <eos>,13,tombées,tombés,11,M,tombées,-8.078072,tombés,-8.05839,0
3044,P_NOUN_8_PASS_b,F,P,les pommes avec les crayons que j' aime beaucoup ne sont probablement pas utilisées <eos>,13,utilisées,utilisés,11,M,utilisées,-5.528104,utilisés,-6.1413355,1
3045,P_NOUN_8_PASS_b,F,P,les pommes avec les rideaux que j' aime beaucoup ne sont probablement pas achetées <eos>,13,achetées,achetés,11,M,achetées,-10.059799,achetés,-9.422462,0
3046,P_NOUN_8_PASS_b,F,P,les pommes avec les rideaux que j' aime beaucoup ne sont probablement pas brisées <eos>,13,brisées,brisés,11,M,brisées,-9.487912,brisés,-12.393952,1
3047,P_NOUN_8_PASS_b,F,P,les pommes avec les rideaux que j' aime beaucoup ne sont probablement pas cachées <eos>,13,cachées,cachés,11,M,cachées,-7.568433,cachés,-8.749794,1
3048,P_NOUN_8_PASS_b,F,P,les pommes avec les rideaux que j' aime beaucoup ne sont probablement pas cassées <eos>,13,cassées,cassés,11,M,cassées,-8.546561,cassés,-9.680432,1
3049,P_NOUN_8_PASS_b,F,P,les pommes avec les rideaux que j' aime beaucoup ne sont probablement pas couvertes <eos>,13,couvertes,couverts,11,M,couvertes,-7.308381,couverts,-7.744151,1
3050,P_NOUN_8_PASS_b,F,P,les pommes avec les rideaux que j' aime beaucoup ne sont probablement pas déformées <eos>,13,déformées,déformés,11,M,déformées,-8.78521,déformés,-13.22999,1
3051,P_NOUN_8_PASS_b,F,P,les pommes avec les rideaux que j' aime beaucoup ne sont probablement pas fixées <eos>,13,fixées,fixés,11,M,fixées,-9.052379,fixés,-9.775247,1
3052,P_NOUN_8_PASS_b,F,P,les pommes avec les rideaux que j' aime beaucoup ne sont probablement pas jetées <eos>,13,jetées,jetés,11,M,jetées,-8.803298,jetés,-9.718851,1
3053,P_NOUN_8_PASS_b,F,P,les pommes avec les rideaux que j' aime beaucoup ne sont probablement pas laissées <eos>,13,laissées,laissés,11,M,laissées,-7.7372475,laissés,-9.2002535,1
3054,P_NOUN_8_PASS_b,F,P,les pommes avec les rideaux que j' aime beaucoup ne sont probablement pas ouvertes <eos>,13,ouvertes,ouverts,11,M,ouvertes,-7.8743286,ouverts,-8.874326,1
3055,P_NOUN_8_PASS_b,F,P,les pommes avec les rideaux que j' aime beaucoup ne sont probablement pas perdues <eos>,13,perdues,perdus,11,M,perdues,-7.79716,perdus,-8.786499,1
3056,P_NOUN_8_PASS_b,F,P,les pommes avec les rideaux que j' aime beaucoup ne sont probablement pas réparées <eos>,13,réparées,réparés,11,M,réparées,-9.488131,réparés,-12.057646,1
3057,P_NOUN_8_PASS_b,F,P,les pommes avec les rideaux que j' aime beaucoup ne sont probablement pas retirées <eos>,13,retirées,retirés,11,M,retirées,-8.544437,retirés,-10.310219,1
3058,P_NOUN_8_PASS_b,F,P,les pommes avec les rideaux que j' aime beaucoup ne sont probablement pas tombées <eos>,13,tombées,tombés,11,M,tombées,-7.5707035,tombés,-7.98207,1
3059,P_NOUN_8_PASS_b,F,P,les pommes avec les rideaux que j' aime beaucoup ne sont probablement pas utilisées <eos>,13,utilisées,utilisés,11,M,utilisées,-5.4506693,utilisés,-6.665223,1
3060,P_NOUN_8_PASS_b,F,P,les pommes avec les cahiers que j' aime beaucoup ne sont probablement pas achetées <eos>,13,achetées,achetés,11,M,achetées,-10.233318,achetés,-9.121154,0
3061,P_NOUN_8_PASS_b,F,P,les pommes avec les cahiers que j' aime beaucoup ne sont probablement pas brisées <eos>,13,brisées,brisés,11,M,brisées,-10.389617,brisés,-13.009036,1
3062,P_NOUN_8_PASS_b,F,P,les pommes avec les cahiers que j' aime beaucoup ne sont probablement pas cachées <eos>,13,cachées,cachés,11,M,cachées,-8.361399,cachés,-8.965711,1
3063,P_NOUN_8_PASS_b,F,P,les pommes avec les cahiers que j' aime beaucoup ne sont probablement pas cassées <eos>,13,cassées,cassés,11,M,cassées,-9.836076,cassés,-10.527976,1
3064,P_NOUN_8_PASS_b,F,P,les pommes avec les cahiers que j' aime beaucoup ne sont probablement pas couvertes <eos>,13,couvertes,couverts,11,M,couvertes,-8.40379,couverts,-8.222266,0
3065,P_NOUN_8_PASS_b,F,P,les pommes avec les cahiers que j' aime beaucoup ne sont probablement pas déformées <eos>,13,déformées,déformés,11,M,déformées,-9.222291,déformés,-13.538985,1
3066,P_NOUN_8_PASS_b,F,P,les pommes avec les cahiers que j' aime beaucoup ne sont probablement pas fixées <eos>,13,fixées,fixés,11,M,fixées,-10.021414,fixés,-10.577017,1
3067,P_NOUN_8_PASS_b,F,P,les pommes avec les cahiers que j' aime beaucoup ne sont probablement pas jetées <eos>,13,jetées,jetés,11,M,jetées,-10.127889,jetés,-10.415927,1
3068,P_NOUN_8_PASS_b,F,P,les pommes avec les cahiers que j' aime beaucoup ne sont probablement pas laissées <eos>,13,laissées,laissés,11,M,laissées,-8.36322,laissés,-9.437427,1
3069,P_NOUN_8_PASS_b,F,P,les pommes avec les cahiers que j' aime beaucoup ne sont probablement pas ouvertes <eos>,13,ouvertes,ouverts,11,M,ouvertes,-7.91171,ouverts,-8.820072,1
3070,P_NOUN_8_PASS_b,F,P,les pommes avec les cahiers que j' aime beaucoup ne sont probablement pas perdues <eos>,13,perdues,perdus,11,M,perdues,-7.479788,perdus,-8.153725,1
3071,P_NOUN_8_PASS_b,F,P,les pommes avec les cahiers que j' aime beaucoup ne sont probablement pas réparées <eos>,13,réparées,réparés,11,M,réparées,-10.474363,réparés,-12.6397915,1
3072,P_NOUN_8_PASS_b,F,P,les pommes avec les cahiers que j' aime beaucoup ne sont probablement pas retirées <eos>,13,retirées,retirés,11,M,retirées,-9.183664,retirés,-10.419436,1
3073,P_NOUN_8_PASS_b,F,P,les pommes avec les cahiers que j' aime beaucoup ne sont probablement pas tombées <eos>,13,tombées,tombés,11,M,tombées,-8.288061,tombés,-8.422666,1
3074,P_NOUN_8_PASS_b,F,P,les pommes avec les cahiers que j' aime beaucoup ne sont probablement pas utilisées <eos>,13,utilisées,utilisés,11,M,utilisées,-5.9452105,utilisés,-6.9600554,1
3075,P_NOUN_8_PASS_b,F,P,les pommes avec les micros que j' aime beaucoup ne sont probablement pas achetées <eos>,13,achetées,achetés,11,M,achetées,-10.013033,achetés,-9.507814,0
3076,P_NOUN_8_PASS_b,F,P,les pommes avec les micros que j' aime beaucoup ne sont probablement pas brisées <eos>,13,brisées,brisés,11,M,brisées,-9.511976,brisés,-12.369406,1
3077,P_NOUN_8_PASS_b,F,P,les pommes avec les micros que j' aime beaucoup ne sont probablement pas cachées <eos>,13,cachées,cachés,11,M,cachées,-8.66162,cachés,-9.202993,1
3078,P_NOUN_8_PASS_b,F,P,les pommes avec les micros que j' aime beaucoup ne sont probablement pas cassées <eos>,13,cassées,cassés,11,M,cassées,-8.899526,cassés,-9.935295,1
3079,P_NOUN_8_PASS_b,F,P,les pommes avec les micros que j' aime beaucoup ne sont probablement pas couvertes <eos>,13,couvertes,couverts,11,M,couvertes,-7.650412,couverts,-7.7312684,1
3080,P_NOUN_8_PASS_b,F,P,les pommes avec les micros que j' aime beaucoup ne sont probablement pas déformées <eos>,13,déformées,déformés,11,M,déformées,-8.966461,déformés,-13.427406,1
3081,P_NOUN_8_PASS_b,F,P,les pommes avec les micros que j' aime beaucoup ne sont probablement pas fixées <eos>,13,fixées,fixés,11,M,fixées,-8.879635,fixés,-8.9101095,1
3082,P_NOUN_8_PASS_b,F,P,les pommes avec les micros que j' aime beaucoup ne sont probablement pas jetées <eos>,13,jetées,jetés,11,M,jetées,-9.18039,jetés,-9.954383,1
3083,P_NOUN_8_PASS_b,F,P,les pommes avec les micros que j' aime beaucoup ne sont probablement pas laissées <eos>,13,laissées,laissés,11,M,laissées,-7.7012405,laissés,-9.675956,1
3084,P_NOUN_8_PASS_b,F,P,les pommes avec les micros que j' aime beaucoup ne sont probablement pas ouvertes <eos>,13,ouvertes,ouverts,11,M,ouvertes,-8.256876,ouverts,-8.843384,1
3085,P_NOUN_8_PASS_b,F,P,les pommes avec les micros que j' aime beaucoup ne sont probablement pas perdues <eos>,13,perdues,perdus,11,M,perdues,-8.300561,perdus,-8.785527,1
3086,P_NOUN_8_PASS_b,F,P,les pommes avec les micros que j' aime beaucoup ne sont probablement pas réparées <eos>,13,réparées,réparés,11,M,réparées,-9.994219,réparés,-12.287567,1
3087,P_NOUN_8_PASS_b,F,P,les pommes avec les micros que j' aime beaucoup ne sont probablement pas retirées <eos>,13,retirées,retirés,11,M,retirées,-8.82124,retirés,-10.072447,1
3088,P_NOUN_8_PASS_b,F,P,les pommes avec les micros que j' aime beaucoup ne sont probablement pas tombées <eos>,13,tombées,tombés,11,M,tombées,-8.429681,tombés,-8.678445,1
3089,P_NOUN_8_PASS_b,F,P,les pommes avec les micros que j' aime beaucoup ne sont probablement pas utilisées <eos>,13,utilisées,utilisés,11,M,utilisées,-5.0944624,utilisés,-5.964671,1
3090,P_NOUN_8_PASS_b,F,P,les pommes avec les sacs que j' aime beaucoup ne sont probablement pas achetées <eos>,13,achetées,achetés,11,M,achetées,-10.316701,achetés,-8.778001,0
3091,P_NOUN_8_PASS_b,F,P,les pommes avec les sacs que j' aime beaucoup ne sont probablement pas brisées <eos>,13,brisées,brisés,11,M,brisées,-10.001065,brisés,-12.102822,1
3092,P_NOUN_8_PASS_b,F,P,les pommes avec les sacs que j' aime beaucoup ne sont probablement pas cachées <eos>,13,cachées,cachés,11,M,cachées,-8.469553,cachés,-8.650386,1
3093,P_NOUN_8_PASS_b,F,P,les pommes avec les sacs que j' aime beaucoup ne sont probablement pas cassées <eos>,13,cassées,cassés,11,M,cassées,-9.082546,cassés,-9.372017,1
3094,P_NOUN_8_PASS_b,F,P,les pommes avec les sacs que j' aime beaucoup ne sont probablement pas couvertes <eos>,13,couvertes,couverts,11,M,couvertes,-7.789478,couverts,-7.3183656,0
3095,P_NOUN_8_PASS_b,F,P,les pommes avec les sacs que j' aime beaucoup ne sont probablement pas déformées <eos>,13,déformées,déformés,11,M,déformées,-9.468563,déformés,-13.306885,1
3096,P_NOUN_8_PASS_b,F,P,les pommes avec les sacs que j' aime beaucoup ne sont probablement pas fixées <eos>,13,fixées,fixés,11,M,fixées,-9.482849,fixés,-9.0956,0
3097,P_NOUN_8_PASS_b,F,P,les pommes avec les sacs que j' aime beaucoup ne sont probablement pas jetées <eos>,13,jetées,jetés,11,M,jetées,-9.143465,jetés,-9.312156,1
3098,P_NOUN_8_PASS_b,F,P,les pommes avec les sacs que j' aime beaucoup ne sont probablement pas laissées <eos>,13,laissées,laissés,11,M,laissées,-8.3937435,laissés,-8.972494,1
3099,P_NOUN_8_PASS_b,F,P,les pommes avec les sacs que j' aime beaucoup ne sont probablement pas ouvertes <eos>,13,ouvertes,ouverts,11,M,ouvertes,-8.419288,ouverts,-8.676783,1
3100,P_NOUN_8_PASS_b,F,P,les pommes avec les sacs que j' aime beaucoup ne sont probablement pas perdues <eos>,13,perdues,perdus,11,M,perdues,-8.36445,perdus,-8.503833,1
3101,P_NOUN_8_PASS_b,F,P,les pommes avec les sacs que j' aime beaucoup ne sont probablement pas réparées <eos>,13,réparées,réparés,11,M,réparées,-10.161764,réparés,-11.780075,1
3102,P_NOUN_8_PASS_b,F,P,les pommes avec les sacs que j' aime beaucoup ne sont probablement pas retirées <eos>,13,retirées,retirés,11,M,retirées,-9.234121,retirés,-9.659974,1
3103,P_NOUN_8_PASS_b,F,P,les pommes avec les sacs que j' aime beaucoup ne sont probablement pas tombées <eos>,13,tombées,tombés,11,M,tombées,-8.336851,tombés,-7.922997,0
3104,P_NOUN_8_PASS_b,F,P,les pommes avec les sacs que j' aime beaucoup ne sont probablement pas utilisées <eos>,13,utilisées,utilisés,11,M,utilisées,-5.5098777,utilisés,-5.9959188,1
3105,P_NOUN_8_PASS_b,F,P,les pommes avec les claviers que j' aime beaucoup ne sont probablement pas achetées <eos>,13,achetées,achetés,11,M,achetées,-10.312544,achetés,-10.084047,0
3106,P_NOUN_8_PASS_b,F,P,les pommes avec les claviers que j' aime beaucoup ne sont probablement pas brisées <eos>,13,brisées,brisés,11,M,brisées,-9.303457,brisés,-12.306414,1
3107,P_NOUN_8_PASS_b,F,P,les pommes avec les claviers que j' aime beaucoup ne sont probablement pas cachées <eos>,13,cachées,cachés,11,M,cachées,-7.921605,cachés,-9.229884,1
3108,P_NOUN_8_PASS_b,F,P,les pommes avec les claviers que j' aime beaucoup ne sont probablement pas cassées <eos>,13,cassées,cassés,11,M,cassées,-9.254739,cassés,-10.597178,1
3109,P_NOUN_8_PASS_b,F,P,les pommes avec les claviers que j' aime beaucoup ne sont probablement pas couvertes <eos>,13,couvertes,couverts,11,M,couvertes,-7.9380465,couverts,-8.401513,1
3110,P_NOUN_8_PASS_b,F,P,les pommes avec les claviers que j' aime beaucoup ne sont probablement pas déformées <eos>,13,déformées,déformés,11,M,déformées,-8.431194,déformés,-13.157661,1
3111,P_NOUN_8_PASS_b,F,P,les pommes avec les claviers que j' aime beaucoup ne sont probablement pas fixées <eos>,13,fixées,fixés,11,M,fixées,-9.05265,fixés,-9.4791765,1
3112,P_NOUN_8_PASS_b,F,P,les pommes avec les claviers que j' aime beaucoup ne sont probablement pas jetées <eos>,13,jetées,jetés,11,M,jetées,-9.670677,jetés,-10.027977,1
3113,P_NOUN_8_PASS_b,F,P,les pommes avec les claviers que j' aime beaucoup ne sont probablement pas laissées <eos>,13,laissées,laissés,11,M,laissées,-7.999572,laissés,-9.744249,1
3114,P_NOUN_8_PASS_b,F,P,les pommes avec les claviers que j' aime beaucoup ne sont probablement pas ouvertes <eos>,13,ouvertes,ouverts,11,M,ouvertes,-7.8580046,ouverts,-9.049973,1
3115,P_NOUN_8_PASS_b,F,P,les pommes avec les claviers que j' aime beaucoup ne sont probablement pas perdues <eos>,13,perdues,perdus,11,M,perdues,-7.8892336,perdus,-8.898142,1
3116,P_NOUN_8_PASS_b,F,P,les pommes avec les claviers que j' aime beaucoup ne sont probablement pas réparées <eos>,13,réparées,réparés,11,M,réparées,-9.964048,réparés,-12.656868,1
3117,P_NOUN_8_PASS_b,F,P,les pommes avec les claviers que j' aime beaucoup ne sont probablement pas retirées <eos>,13,retirées,retirés,11,M,retirées,-8.825517,retirés,-10.569969,1
3118,P_NOUN_8_PASS_b,F,P,les pommes avec les claviers que j' aime beaucoup ne sont probablement pas tombées <eos>,13,tombées,tombés,11,M,tombées,-8.564956,tombés,-9.225912,1
3119,P_NOUN_8_PASS_b,F,P,les pommes avec les claviers que j' aime beaucoup ne sont probablement pas utilisées <eos>,13,utilisées,utilisés,11,M,utilisées,-5.270097,utilisés,-6.4785843,1
3120,P_NOUN_8_PASS_b,F,P,les pommes avec les raisins que j' aime beaucoup ne sont probablement pas achetées <eos>,13,achetées,achetés,11,M,achetées,-9.62922,achetés,-8.58967,0
3121,P_NOUN_8_PASS_b,F,P,les pommes avec les raisins que j' aime beaucoup ne sont probablement pas brisées <eos>,13,brisées,brisés,11,M,brisées,-10.113143,brisés,-12.8489485,1
3122,P_NOUN_8_PASS_b,F,P,les pommes avec les raisins que j' aime beaucoup ne sont probablement pas cachées <eos>,13,cachées,cachés,11,M,cachées,-8.499512,cachés,-9.28936,1
3123,P_NOUN_8_PASS_b,F,P,les pommes avec les raisins que j' aime beaucoup ne sont probablement pas cassées <eos>,13,cassées,cassés,11,M,cassées,-9.390425,cassés,-9.117495,0
3124,P_NOUN_8_PASS_b,F,P,les pommes avec les raisins que j' aime beaucoup ne sont probablement pas couvertes <eos>,13,couvertes,couverts,11,M,couvertes,-7.495802,couverts,-7.1659117,0
3125,P_NOUN_8_PASS_b,F,P,les pommes avec les raisins que j' aime beaucoup ne sont probablement pas déformées <eos>,13,déformées,déformés,11,M,déformées,-9.238608,déformés,-14.134374,1
3126,P_NOUN_8_PASS_b,F,P,les pommes avec les raisins que j' aime beaucoup ne sont probablement pas fixées <eos>,13,fixées,fixés,11,M,fixées,-9.357933,fixés,-9.497757,1
3127,P_NOUN_8_PASS_b,F,P,les pommes avec les raisins que j' aime beaucoup ne sont probablement pas jetées <eos>,13,jetées,jetés,11,M,jetées,-10.209165,jetés,-10.685191,1
3128,P_NOUN_8_PASS_b,F,P,les pommes avec les raisins que j' aime beaucoup ne sont probablement pas laissées <eos>,13,laissées,laissés,11,M,laissées,-7.774851,laissés,-9.113421,1
3129,P_NOUN_8_PASS_b,F,P,les pommes avec les raisins que j' aime beaucoup ne sont probablement pas ouvertes <eos>,13,ouvertes,ouverts,11,M,ouvertes,-8.282919,ouverts,-9.315974,1
3130,P_NOUN_8_PASS_b,F,P,les pommes avec les raisins que j' aime beaucoup ne sont probablement pas perdues <eos>,13,perdues,perdus,11,M,perdues,-8.163708,perdus,-8.837208,1
3131,P_NOUN_8_PASS_b,F,P,les pommes avec les raisins que j' aime beaucoup ne sont probablement pas réparées <eos>,13,réparées,réparés,11,M,réparées,-10.181778,réparés,-12.170467,1
3132,P_NOUN_8_PASS_b,F,P,les pommes avec les raisins que j' aime beaucoup ne sont probablement pas retirées <eos>,13,retirées,retirés,11,M,retirées,-8.755828,retirés,-9.930504,1
3133,P_NOUN_8_PASS_b,F,P,les pommes avec les raisins que j' aime beaucoup ne sont probablement pas tombées <eos>,13,tombées,tombés,11,M,tombées,-7.5636415,tombés,-7.873295,1
3134,P_NOUN_8_PASS_b,F,P,les pommes avec les raisins que j' aime beaucoup ne sont probablement pas utilisées <eos>,13,utilisées,utilisés,11,M,utilisées,-5.156484,utilisés,-6.0994573,1
3135,P_NOUN_8_PASS_b,F,P,les pommes avec les chargeurs que j' aime beaucoup ne sont probablement pas achetées <eos>,13,achetées,achetés,11,M,achetées,-9.608626,achetés,-9.290581,0
3136,P_NOUN_8_PASS_b,F,P,les pommes avec les chargeurs que j' aime beaucoup ne sont probablement pas brisées <eos>,13,brisées,brisés,11,M,brisées,-9.693939,brisés,-12.569155,1
3137,P_NOUN_8_PASS_b,F,P,les pommes avec les chargeurs que j' aime beaucoup ne sont probablement pas cachées <eos>,13,cachées,cachés,11,M,cachées,-8.44132,cachés,-8.338436,0
3138,P_NOUN_8_PASS_b,F,P,les pommes avec les chargeurs que j' aime beaucoup ne sont probablement pas cassées <eos>,13,cassées,cassés,11,M,cassées,-9.199709,cassés,-9.497304,1
3139,P_NOUN_8_PASS_b,F,P,les pommes avec les chargeurs que j' aime beaucoup ne sont probablement pas couvertes <eos>,13,couvertes,couverts,11,M,couvertes,-7.500681,couverts,-7.5422716,1
3140,P_NOUN_8_PASS_b,F,P,les pommes avec les chargeurs que j' aime beaucoup ne sont probablement pas déformées <eos>,13,déformées,déformés,11,M,déformées,-9.551145,déformés,-13.869623,1
3141,P_NOUN_8_PASS_b,F,P,les pommes avec les chargeurs que j' aime beaucoup ne sont probablement pas fixées <eos>,13,fixées,fixés,11,M,fixées,-8.7558775,fixés,-8.869547,1
3142,P_NOUN_8_PASS_b,F,P,les pommes avec les chargeurs que j' aime beaucoup ne sont probablement pas jetées <eos>,13,jetées,jetés,11,M,jetées,-9.30918,jetés,-9.4548235,1
3143,P_NOUN_8_PASS_b,F,P,les pommes avec les chargeurs que j' aime beaucoup ne sont probablement pas laissées <eos>,13,laissées,laissés,11,M,laissées,-8.064144,laissés,-9.524616,1
3144,P_NOUN_8_PASS_b,F,P,les pommes avec les chargeurs que j' aime beaucoup ne sont probablement pas ouvertes <eos>,13,ouvertes,ouverts,11,M,ouvertes,-8.419296,ouverts,-8.967068,1
3145,P_NOUN_8_PASS_b,F,P,les pommes avec les chargeurs que j' aime beaucoup ne sont probablement pas perdues <eos>,13,perdues,perdus,11,M,perdues,-7.7497597,perdus,-8.576781,1
3146,P_NOUN_8_PASS_b,F,P,les pommes avec les chargeurs que j' aime beaucoup ne sont probablement pas réparées <eos>,13,réparées,réparés,11,M,réparées,-9.892446,réparés,-11.527924,1
3147,P_NOUN_8_PASS_b,F,P,les pommes avec les chargeurs que j' aime beaucoup ne sont probablement pas retirées <eos>,13,retirées,retirés,11,M,retirées,-8.568804,retirés,-8.936432,1
3148,P_NOUN_8_PASS_b,F,P,les pommes avec les chargeurs que j' aime beaucoup ne sont probablement pas tombées <eos>,13,tombées,tombés,11,M,tombées,-8.310062,tombés,-7.8184624,0
3149,P_NOUN_8_PASS_b,F,P,les pommes avec les chargeurs que j' aime beaucoup ne sont probablement pas utilisées <eos>,13,utilisées,utilisés,11,M,utilisées,-4.803543,utilisés,-5.7468824,1
3150,P_NOUN_8_PASS_b,F,P,les pommes avec les vases que j' aime beaucoup ne sont probablement pas achetées <eos>,13,achetées,achetés,11,M,achetées,-10.586243,achetés,-9.376287,0
3151,P_NOUN_8_PASS_b,F,P,les pommes avec les vases que j' aime beaucoup ne sont probablement pas brisées <eos>,13,brisées,brisés,11,M,brisées,-9.768659,brisés,-11.993301,1
3152,P_NOUN_8_PASS_b,F,P,les pommes avec les vases que j' aime beaucoup ne sont probablement pas cachées <eos>,13,cachées,cachés,11,M,cachées,-8.202183,cachés,-9.208515,1
3153,P_NOUN_8_PASS_b,F,P,les pommes avec les vases que j' aime beaucoup ne sont probablement pas cassées <eos>,13,cassées,cassés,11,M,cassées,-8.628288,cassés,-9.24242,1
3154,P_NOUN_8_PASS_b,F,P,les pommes avec les vases que j' aime beaucoup ne sont probablement pas couvertes <eos>,13,couvertes,couverts,11,M,couvertes,-7.8533587,couverts,-7.4513535,0
3155,P_NOUN_8_PASS_b,F,P,les pommes avec les vases que j' aime beaucoup ne sont probablement pas déformées <eos>,13,déformées,déformés,11,M,déformées,-8.5157,déformés,-12.769318,1
3156,P_NOUN_8_PASS_b,F,P,les pommes avec les vases que j' aime beaucoup ne sont probablement pas fixées <eos>,13,fixées,fixés,11,M,fixées,-8.929796,fixés,-9.348208,1
3157,P_NOUN_8_PASS_b,F,P,les pommes avec les vases que j' aime beaucoup ne sont probablement pas jetées <eos>,13,jetées,jetés,11,M,jetées,-9.229027,jetés,-9.557724,1
3158,P_NOUN_8_PASS_b,F,P,les pommes avec les vases que j' aime beaucoup ne sont probablement pas laissées <eos>,13,laissées,laissés,11,M,laissées,-8.110337,laissés,-9.099678,1
3159,P_NOUN_8_PASS_b,F,P,les pommes avec les vases que j' aime beaucoup ne sont probablement pas ouvertes <eos>,13,ouvertes,ouverts,11,M,ouvertes,-8.456798,ouverts,-8.954218,1
3160,P_NOUN_8_PASS_b,F,P,les pommes avec les vases que j' aime beaucoup ne sont probablement pas perdues <eos>,13,perdues,perdus,11,M,perdues,-8.369179,perdus,-8.674051,1
3161,P_NOUN_8_PASS_b,F,P,les pommes avec les vases que j' aime beaucoup ne sont probablement pas réparées <eos>,13,réparées,réparés,11,M,réparées,-10.176159,réparés,-12.208758,1
3162,P_NOUN_8_PASS_b,F,P,les pommes avec les vases que j' aime beaucoup ne sont probablement pas retirées <eos>,13,retirées,retirés,11,M,retirées,-9.063439,retirés,-9.86665,1
3163,P_NOUN_8_PASS_b,F,P,les pommes avec les vases que j' aime beaucoup ne sont probablement pas tombées <eos>,13,tombées,tombés,11,M,tombées,-8.000709,tombés,-7.933075,0
3164,P_NOUN_8_PASS_b,F,P,les pommes avec les vases que j' aime beaucoup ne sont probablement pas utilisées <eos>,13,utilisées,utilisés,11,M,utilisées,-5.503389,utilisés,-6.0719132,1
3165,P_NOUN_8_PASS_b,F,P,les pommes avec les paniers que j' aime beaucoup ne sont probablement pas achetées <eos>,13,achetées,achetés,11,M,achetées,-10.131304,achetés,-8.960783,0
3166,P_NOUN_8_PASS_b,F,P,les pommes avec les paniers que j' aime beaucoup ne sont probablement pas brisées <eos>,13,brisées,brisés,11,M,brisées,-9.6350975,brisés,-12.2189865,1
3167,P_NOUN_8_PASS_b,F,P,les pommes avec les paniers que j' aime beaucoup ne sont probablement pas cachées <eos>,13,cachées,cachés,11,M,cachées,-8.28349,cachés,-8.876344,1
3168,P_NOUN_8_PASS_b,F,P,les pommes avec les paniers que j' aime beaucoup ne sont probablement pas cassées <eos>,13,cassées,cassés,11,M,cassées,-8.744149,cassés,-9.473138,1
3169,P_NOUN_8_PASS_b,F,P,les pommes avec les paniers que j' aime beaucoup ne sont probablement pas couvertes <eos>,13,couvertes,couverts,11,M,couvertes,-7.6615715,couverts,-7.4995136,0
3170,P_NOUN_8_PASS_b,F,P,les pommes avec les paniers que j' aime beaucoup ne sont probablement pas déformées <eos>,13,déformées,déformés,11,M,déformées,-9.140065,déformés,-13.538522,1
3171,P_NOUN_8_PASS_b,F,P,les pommes avec les paniers que j' aime beaucoup ne sont probablement pas fixées <eos>,13,fixées,fixés,11,M,fixées,-8.898025,fixés,-9.090873,1
3172,P_NOUN_8_PASS_b,F,P,les pommes avec les paniers que j' aime beaucoup ne sont probablement pas jetées <eos>,13,jetées,jetés,11,M,jetées,-8.746842,jetés,-9.566538,1
3173,P_NOUN_8_PASS_b,F,P,les pommes avec les paniers que j' aime beaucoup ne sont probablement pas laissées <eos>,13,laissées,laissés,11,M,laissées,-8.291745,laissés,-9.256128,1
3174,P_NOUN_8_PASS_b,F,P,les pommes avec les paniers que j' aime beaucoup ne sont probablement pas ouvertes <eos>,13,ouvertes,ouverts,11,M,ouvertes,-8.25001,ouverts,-9.157391,1
3175,P_NOUN_8_PASS_b,F,P,les pommes avec les paniers que j' aime beaucoup ne sont probablement pas perdues <eos>,13,perdues,perdus,11,M,perdues,-8.200705,perdus,-8.715589,1
3176,P_NOUN_8_PASS_b,F,P,les pommes avec les paniers que j' aime beaucoup ne sont probablement pas réparées <eos>,13,réparées,réparés,11,M,réparées,-10.187449,réparés,-12.212586,1
3177,P_NOUN_8_PASS_b,F,P,les pommes avec les paniers que j' aime beaucoup ne sont probablement pas retirées <eos>,13,retirées,retirés,11,M,retirées,-8.852089,retirés,-9.706456,1
3178,P_NOUN_8_PASS_b,F,P,les pommes avec les paniers que j' aime beaucoup ne sont probablement pas tombées <eos>,13,tombées,tombés,11,M,tombées,-7.913742,tombés,-7.909665,0
3179,P_NOUN_8_PASS_b,F,P,les pommes avec les paniers que j' aime beaucoup ne sont probablement pas utilisées <eos>,13,utilisées,utilisés,11,M,utilisées,-5.0438967,utilisés,-5.844742,1
3180,P_NOUN_8_PASS_b,F,P,les pommes avec les colliers que j' aime beaucoup ne sont probablement pas achetées <eos>,13,achetées,achetés,11,M,achetées,-10.316986,achetés,-9.505332,0
3181,P_NOUN_8_PASS_b,F,P,les pommes avec les colliers que j' aime beaucoup ne sont probablement pas brisées <eos>,13,brisées,brisés,11,M,brisées,-9.525227,brisés,-12.016198,1
3182,P_NOUN_8_PASS_b,F,P,les pommes avec les colliers que j' aime beaucoup ne sont probablement pas cachées <eos>,13,cachées,cachés,11,M,cachées,-8.4386425,cachés,-9.147315,1
3183,P_NOUN_8_PASS_b,F,P,les pommes avec les colliers que j' aime beaucoup ne sont probablement pas cassées <eos>,13,cassées,cassés,11,M,cassées,-8.613831,cassés,-9.016449,1
3184,P_NOUN_8_PASS_b,F,P,les pommes avec les colliers que j' aime beaucoup ne sont probablement pas couvertes <eos>,13,couvertes,couverts,11,M,couvertes,-7.7284803,couverts,-7.8409595,1
3185,P_NOUN_8_PASS_b,F,P,les pommes avec les colliers que j' aime beaucoup ne sont probablement pas déformées <eos>,13,déformées,déformés,11,M,déformées,-8.598058,déformés,-13.24868,1
3186,P_NOUN_8_PASS_b,F,P,les pommes avec les colliers que j' aime beaucoup ne sont probablement pas fixées <eos>,13,fixées,fixés,11,M,fixées,-8.699879,fixés,-9.38191,1
3187,P_NOUN_8_PASS_b,F,P,les pommes avec les colliers que j' aime beaucoup ne sont probablement pas jetées <eos>,13,jetées,jetés,11,M,jetées,-8.958787,jetés,-9.309371,1
3188,P_NOUN_8_PASS_b,F,P,les pommes avec les colliers que j' aime beaucoup ne sont probablement pas laissées <eos>,13,laissées,laissés,11,M,laissées,-8.234335,laissés,-9.443718,1
3189,P_NOUN_8_PASS_b,F,P,les pommes avec les colliers que j' aime beaucoup ne sont probablement pas ouvertes <eos>,13,ouvertes,ouverts,11,M,ouvertes,-8.57302,ouverts,-9.496231,1
3190,P_NOUN_8_PASS_b,F,P,les pommes avec les colliers que j' aime beaucoup ne sont probablement pas perdues <eos>,13,perdues,perdus,11,M,perdues,-7.892797,perdus,-8.603762,1
3191,P_NOUN_8_PASS_b,F,P,les pommes avec les colliers que j' aime beaucoup ne sont probablement pas réparées <eos>,13,réparées,réparés,11,M,réparées,-9.879259,réparés,-12.119366,1
3192,P_NOUN_8_PASS_b,F,P,les pommes avec les colliers que j' aime beaucoup ne sont probablement pas retirées <eos>,13,retirées,retirés,11,M,retirées,-8.521059,retirés,-9.472475,1
3193,P_NOUN_8_PASS_b,F,P,les pommes avec les colliers que j' aime beaucoup ne sont probablement pas tombées <eos>,13,tombées,tombés,11,M,tombées,-7.590439,tombés,-7.7356215,1
3194,P_NOUN_8_PASS_b,F,P,les pommes avec les colliers que j' aime beaucoup ne sont probablement pas utilisées <eos>,13,utilisées,utilisés,11,M,utilisées,-4.9329977,utilisés,-5.850442,1
3195,P_NOUN_8_PASS_b,F,P,les pommes avec les chapeaux que j' aime beaucoup ne sont probablement pas achetées <eos>,13,achetées,achetés,11,M,achetées,-10.061885,achetés,-9.311664,0
3196,P_NOUN_8_PASS_b,F,P,les pommes avec les chapeaux que j' aime beaucoup ne sont probablement pas brisées <eos>,13,brisées,brisés,11,M,brisées,-9.813139,brisés,-12.687771,1
3197,P_NOUN_8_PASS_b,F,P,les pommes avec les chapeaux que j' aime beaucoup ne sont probablement pas cachées <eos>,13,cachées,cachés,11,M,cachées,-8.001539,cachés,-9.105499,1
3198,P_NOUN_8_PASS_b,F,P,les pommes avec les chapeaux que j' aime beaucoup ne sont probablement pas cassées <eos>,13,cassées,cassés,11,M,cassées,-8.872309,cassés,-9.948409,1
3199,P_NOUN_8_PASS_b,F,P,les pommes avec les chapeaux que j' aime beaucoup ne sont probablement pas couvertes <eos>,13,couvertes,couverts,11,M,couvertes,-7.6707335,couverts,-7.6724396,1
3200,P_NOUN_8_PASS_b,F,P,les pommes avec les chapeaux que j' aime beaucoup ne sont probablement pas déformées <eos>,13,déformées,déformés,11,M,déformées,-9.270539,déformés,-13.540102,1
3201,P_NOUN_8_PASS_b,F,P,les pommes avec les chapeaux que j' aime beaucoup ne sont probablement pas fixées <eos>,13,fixées,fixés,11,M,fixées,-9.090752,fixés,-9.708862,1
3202,P_NOUN_8_PASS_b,F,P,les pommes avec les chapeaux que j' aime beaucoup ne sont probablement pas jetées <eos>,13,jetées,jetés,11,M,jetées,-9.079035,jetés,-10.068953,1
3203,P_NOUN_8_PASS_b,F,P,les pommes avec les chapeaux que j' aime beaucoup ne sont probablement pas laissées <eos>,13,laissées,laissés,11,M,laissées,-8.332703,laissés,-9.532448,1
3204,P_NOUN_8_PASS_b,F,P,les pommes avec les chapeaux que j' aime beaucoup ne sont probablement pas ouvertes <eos>,13,ouvertes,ouverts,11,M,ouvertes,-8.178672,ouverts,-9.152109,1
3205,P_NOUN_8_PASS_b,F,P,les pommes avec les chapeaux que j' aime beaucoup ne sont probablement pas perdues <eos>,13,perdues,perdus,11,M,perdues,-8.0562525,perdus,-9.0625305,1
3206,P_NOUN_8_PASS_b,F,P,les pommes avec les chapeaux que j' aime beaucoup ne sont probablement pas réparées <eos>,13,réparées,réparés,11,M,réparées,-10.259068,réparés,-12.482002,1
3207,P_NOUN_8_PASS_b,F,P,les pommes avec les chapeaux que j' aime beaucoup ne sont probablement pas retirées <eos>,13,retirées,retirés,11,M,retirées,-8.88051,retirés,-10.020264,1
3208,P_NOUN_8_PASS_b,F,P,les pommes avec les chapeaux que j' aime beaucoup ne sont probablement pas tombées <eos>,13,tombées,tombés,11,M,tombées,-7.8286657,tombés,-7.6740713,0
3209,P_NOUN_8_PASS_b,F,P,les pommes avec les chapeaux que j' aime beaucoup ne sont probablement pas utilisées <eos>,13,utilisées,utilisés,11,M,utilisées,-5.3406916,utilisés,-6.4181976,1
3210,P_NOUN_8_PASS_b,F,P,les pommes avec les pots que j' aime beaucoup ne sont probablement pas achetées <eos>,13,achetées,achetés,11,M,achetées,-9.954919,achetés,-8.61817,0
3211,P_NOUN_8_PASS_b,F,P,les pommes avec les pots que j' aime beaucoup ne sont probablement pas brisées <eos>,13,brisées,brisés,11,M,brisées,-9.663178,brisés,-11.833041,1
3212,P_NOUN_8_PASS_b,F,P,les pommes avec les pots que j' aime beaucoup ne sont probablement pas cachées <eos>,13,cachées,cachés,11,M,cachées,-8.710933,cachés,-8.8379545,1
3213,P_NOUN_8_PASS_b,F,P,les pommes avec les pots que j' aime beaucoup ne sont probablement pas cassées <eos>,13,cassées,cassés,11,M,cassées,-8.671459,cassés,-8.911752,1
3214,P_NOUN_8_PASS_b,F,P,les pommes avec les pots que j' aime beaucoup ne sont probablement pas couvertes <eos>,13,couvertes,couverts,11,M,couvertes,-7.53045,couverts,-6.855216,0
3215,P_NOUN_8_PASS_b,F,P,les pommes avec les pots que j' aime beaucoup ne sont probablement pas déformées <eos>,13,déformées,déformés,11,M,déformées,-8.826344,déformés,-13.25095,1
3216,P_NOUN_8_PASS_b,F,P,les pommes avec les pots que j' aime beaucoup ne sont probablement pas fixées <eos>,13,fixées,fixés,11,M,fixées,-9.186025,fixés,-9.02491,0
3217,P_NOUN_8_PASS_b,F,P,les pommes avec les pots que j' aime beaucoup ne sont probablement pas jetées <eos>,13,jetées,jetés,11,M,jetées,-9.118953,jetés,-9.330037,1
3218,P_NOUN_8_PASS_b,F,P,les pommes avec les pots que j' aime beaucoup ne sont probablement pas laissées <eos>,13,laissées,laissés,11,M,laissées,-7.833151,laissés,-8.985094,1
3219,P_NOUN_8_PASS_b,F,P,les pommes avec les pots que j' aime beaucoup ne sont probablement pas ouvertes <eos>,13,ouvertes,ouverts,11,M,ouvertes,-8.112744,ouverts,-8.3595,1
3220,P_NOUN_8_PASS_b,F,P,les pommes avec les pots que j' aime beaucoup ne sont probablement pas perdues <eos>,13,perdues,perdus,11,M,perdues,-8.253065,perdus,-8.123977,0
3221,P_NOUN_8_PASS_b,F,P,les pommes avec les pots que j' aime beaucoup ne sont probablement pas réparées <eos>,13,réparées,réparés,11,M,réparées,-9.832351,réparés,-11.589537,1
3222,P_NOUN_8_PASS_b,F,P,les pommes avec les pots que j' aime beaucoup ne sont probablement pas retirées <eos>,13,retirées,retirés,11,M,retirées,-8.768209,retirés,-9.36976,1
3223,P_NOUN_8_PASS_b,F,P,les pommes avec les pots que j' aime beaucoup ne sont probablement pas tombées <eos>,13,tombées,tombés,11,M,tombées,-8.102257,tombés,-7.645206,0
3224,P_NOUN_8_PASS_b,F,P,les pommes avec les pots que j' aime beaucoup ne sont probablement pas utilisées <eos>,13,utilisées,utilisés,11,M,utilisées,-5.141638,utilisés,-5.5591736,1
3225,P_NOUN_8_PASS_b,F,P,les pommes avec les coussins que j' aime beaucoup ne sont probablement pas achetées <eos>,13,achetées,achetés,11,M,achetées,-9.7846775,achetés,-9.331728,0
3226,P_NOUN_8_PASS_b,F,P,les pommes avec les coussins que j' aime beaucoup ne sont probablement pas brisées <eos>,13,brisées,brisés,11,M,brisées,-9.075648,brisés,-12.115789,1
3227,P_NOUN_8_PASS_b,F,P,les pommes avec les coussins que j' aime beaucoup ne sont probablement pas cachées <eos>,13,cachées,cachés,11,M,cachées,-7.893482,cachés,-9.02916,1
3228,P_NOUN_8_PASS_b,F,P,les pommes avec les coussins que j' aime beaucoup ne sont probablement pas cassées <eos>,13,cassées,cassés,11,M,cassées,-8.099541,cassés,-9.69417,1
3229,P_NOUN_8_PASS_b,F,P,les pommes avec les coussins que j' aime beaucoup ne sont probablement pas couvertes <eos>,13,couvertes,couverts,11,M,couvertes,-7.0109944,couverts,-7.8125644,1
3230,P_NOUN_8_PASS_b,F,P,les pommes avec les coussins que j' aime beaucoup ne sont probablement pas déformées <eos>,13,déformées,déformés,11,M,déformées,-8.411147,déformés,-13.323553,1
3231,P_NOUN_8_PASS_b,F,P,les pommes avec les coussins que j' aime beaucoup ne sont probablement pas fixées <eos>,13,fixées,fixés,11,M,fixées,-8.477151,fixés,-9.26488,1
3232,P_NOUN_8_PASS_b,F,P,les pommes avec les coussins que j' aime beaucoup ne sont probablement pas jetées <eos>,13,jetées,jetés,11,M,jetées,-7.8398767,jetés,-9.313374,1
3233,P_NOUN_8_PASS_b,F,P,les pommes avec les coussins que j' aime beaucoup ne sont probablement pas laissées <eos>,13,laissées,laissés,11,M,laissées,-7.4748697,laissés,-9.351614,1
3234,P_NOUN_8_PASS_b,F,P,les pommes avec les coussins que j' aime beaucoup ne sont probablement pas ouvertes <eos>,13,ouvertes,ouverts,11,M,ouvertes,-7.5238276,ouverts,-8.581521,1
3235,P_NOUN_8_PASS_b,F,P,les pommes avec les coussins que j' aime beaucoup ne sont probablement pas perdues <eos>,13,perdues,perdus,11,M,perdues,-7.748632,perdus,-8.527527,1
3236,P_NOUN_8_PASS_b,F,P,les pommes avec les coussins que j' aime beaucoup ne sont probablement pas réparées <eos>,13,réparées,réparés,11,M,réparées,-9.199592,réparés,-11.791128,1
3237,P_NOUN_8_PASS_b,F,P,les pommes avec les coussins que j' aime beaucoup ne sont probablement pas retirées <eos>,13,retirées,retirés,11,M,retirées,-8.318196,retirés,-9.866765,1
3238,P_NOUN_8_PASS_b,F,P,les pommes avec les coussins que j' aime beaucoup ne sont probablement pas tombées <eos>,13,tombées,tombés,11,M,tombées,-7.7592473,tombés,-8.363336,1
3239,P_NOUN_8_PASS_b,F,P,les pommes avec les coussins que j' aime beaucoup ne sont probablement pas utilisées <eos>,13,utilisées,utilisés,11,M,utilisées,-4.803043,utilisés,-6.2440104,1
3240,P_NOUN_8_PASS_b,F,P,les pommes avec les jouets que j' aime beaucoup ne sont probablement pas achetées <eos>,13,achetées,achetés,11,M,achetées,-10.590758,achetés,-9.032976,0
3241,P_NOUN_8_PASS_b,F,P,les pommes avec les jouets que j' aime beaucoup ne sont probablement pas brisées <eos>,13,brisées,brisés,11,M,brisées,-10.117735,brisés,-12.193697,1
3242,P_NOUN_8_PASS_b,F,P,les pommes avec les jouets que j' aime beaucoup ne sont probablement pas cachées <eos>,13,cachées,cachés,11,M,cachées,-8.491426,cachés,-8.599898,1
3243,P_NOUN_8_PASS_b,F,P,les pommes avec les jouets que j' aime beaucoup ne sont probablement pas cassées <eos>,13,cassées,cassés,11,M,cassées,-9.549057,cassés,-9.764412,1
3244,P_NOUN_8_PASS_b,F,P,les pommes avec les jouets que j' aime beaucoup ne sont probablement pas couvertes <eos>,13,couvertes,couverts,11,M,couvertes,-8.562148,couverts,-8.214426,0
3245,P_NOUN_8_PASS_b,F,P,les pommes avec les jouets que j' aime beaucoup ne sont probablement pas déformées <eos>,13,déformées,déformés,11,M,déformées,-9.517267,déformés,-12.918377,1
3246,P_NOUN_8_PASS_b,F,P,les pommes avec les jouets que j' aime beaucoup ne sont probablement pas fixées <eos>,13,fixées,fixés,11,M,fixées,-9.9725,fixés,-9.358725,0
3247,P_NOUN_8_PASS_b,F,P,les pommes avec les jouets que j' aime beaucoup ne sont probablement pas jetées <eos>,13,jetées,jetés,11,M,jetées,-9.735364,jetés,-9.584971,0
3248,P_NOUN_8_PASS_b,F,P,les pommes avec les jouets que j' aime beaucoup ne sont probablement pas laissées <eos>,13,laissées,laissés,11,M,laissées,-8.685165,laissés,-9.176735,1
3249,P_NOUN_8_PASS_b,F,P,les pommes avec les jouets que j' aime beaucoup ne sont probablement pas ouvertes <eos>,13,ouvertes,ouverts,11,M,ouvertes,-8.761494,ouverts,-8.758571,0
3250,P_NOUN_8_PASS_b,F,P,les pommes avec les jouets que j' aime beaucoup ne sont probablement pas perdues <eos>,13,perdues,perdus,11,M,perdues,-8.908808,perdus,-8.540043,0
3251,P_NOUN_8_PASS_b,F,P,les pommes avec les jouets que j' aime beaucoup ne sont probablement pas réparées <eos>,13,réparées,réparés,11,M,réparées,-10.418482,réparés,-12.238308,1
3252,P_NOUN_8_PASS_b,F,P,les pommes avec les jouets que j' aime beaucoup ne sont probablement pas retirées <eos>,13,retirées,retirés,11,M,retirées,-9.390131,retirés,-10.132443,1
3253,P_NOUN_8_PASS_b,F,P,les pommes avec les jouets que j' aime beaucoup ne sont probablement pas tombées <eos>,13,tombées,tombés,11,M,tombées,-8.695602,tombés,-8.170765,0
3254,P_NOUN_8_PASS_b,F,P,les pommes avec les jouets que j' aime beaucoup ne sont probablement pas utilisées <eos>,13,utilisées,utilisés,11,M,utilisées,-6.2552323,utilisés,-6.5207887,1
3255,P_NOUN_8_PASS_b,F,P,les pommes avec les clous que j' aime beaucoup ne sont probablement pas achetées <eos>,13,achetées,achetés,11,M,achetées,-9.969095,achetés,-9.3503475,0
3256,P_NOUN_8_PASS_b,F,P,les pommes avec les clous que j' aime beaucoup ne sont probablement pas brisées <eos>,13,brisées,brisés,11,M,brisées,-9.3739395,brisés,-12.320022,1
3257,P_NOUN_8_PASS_b,F,P,les pommes avec les clous que j' aime beaucoup ne sont probablement pas cachées <eos>,13,cachées,cachés,11,M,cachées,-8.059241,cachés,-8.836908,1
3258,P_NOUN_8_PASS_b,F,P,les pommes avec les clous que j' aime beaucoup ne sont probablement pas cassées <eos>,13,cassées,cassés,11,M,cassées,-8.601762,cassés,-9.413832,1
3259,P_NOUN_8_PASS_b,F,P,les pommes avec les clous que j' aime beaucoup ne sont probablement pas couvertes <eos>,13,couvertes,couverts,11,M,couvertes,-7.363327,couverts,-7.644046,1
3260,P_NOUN_8_PASS_b,F,P,les pommes avec les clous que j' aime beaucoup ne sont probablement pas déformées <eos>,13,déformées,déformés,11,M,déformées,-9.141112,déformés,-13.576127,1
3261,P_NOUN_8_PASS_b,F,P,les pommes avec les clous que j' aime beaucoup ne sont probablement pas fixées <eos>,13,fixées,fixés,11,M,fixées,-8.696839,fixés,-9.2914915,1
3262,P_NOUN_8_PASS_b,F,P,les pommes avec les clous que j' aime beaucoup ne sont probablement pas jetées <eos>,13,jetées,jetés,11,M,jetées,-8.553417,jetés,-9.218097,1
3263,P_NOUN_8_PASS_b,F,P,les pommes avec les clous que j' aime beaucoup ne sont probablement pas laissées <eos>,13,laissées,laissés,11,M,laissées,-7.907854,laissés,-9.124101,1
3264,P_NOUN_8_PASS_b,F,P,les pommes avec les clous que j' aime beaucoup ne sont probablement pas ouvertes <eos>,13,ouvertes,ouverts,11,M,ouvertes,-8.132322,ouverts,-9.5461035,1
3265,P_NOUN_8_PASS_b,F,P,les pommes avec les clous que j' aime beaucoup ne sont probablement pas perdues <eos>,13,perdues,perdus,11,M,perdues,-7.748159,perdus,-8.73637,1
3266,P_NOUN_8_PASS_b,F,P,les pommes avec les clous que j' aime beaucoup ne sont probablement pas réparées <eos>,13,réparées,réparés,11,M,réparées,-9.488422,réparés,-11.71353,1
3267,P_NOUN_8_PASS_b,F,P,les pommes avec les clous que j' aime beaucoup ne sont probablement pas retirées <eos>,13,retirées,retirés,11,M,retirées,-8.352997,retirés,-9.745058,1
3268,P_NOUN_8_PASS_b,F,P,les pommes avec les clous que j' aime beaucoup ne sont probablement pas tombées <eos>,13,tombées,tombés,11,M,tombées,-7.4937687,tombés,-7.813339,1
3269,P_NOUN_8_PASS_b,F,P,les pommes avec les clous que j' aime beaucoup ne sont probablement pas utilisées <eos>,13,utilisées,utilisés,11,M,utilisées,-4.923089,utilisés,-5.9867563,1
3270,P_NOUN_8_PASS_b,F,P,les pommes avec les billets que j' aime beaucoup ne sont probablement pas achetées <eos>,13,achetées,achetés,11,M,achetées,-8.880109,achetés,-8.374626,0
3271,P_NOUN_8_PASS_b,F,P,les pommes avec les billets que j' aime beaucoup ne sont probablement pas brisées <eos>,13,brisées,brisés,11,M,brisées,-9.792602,brisés,-12.833996,1
3272,P_NOUN_8_PASS_b,F,P,les pommes avec les billets que j' aime beaucoup ne sont probablement pas cachées <eos>,13,cachées,cachés,11,M,cachées,-9.132996,cachés,-8.409837,0
3273,P_NOUN_8_PASS_b,F,P,les pommes avec les billets que j' aime beaucoup ne sont probablement pas cassées <eos>,13,cassées,cassés,11,M,cassées,-9.75337,cassés,-10.00304,1
3274,P_NOUN_8_PASS_b,F,P,les pommes avec les billets que j' aime beaucoup ne sont probablement pas couvertes <eos>,13,couvertes,couverts,11,M,couvertes,-8.786899,couverts,-8.076231,0
3275,P_NOUN_8_PASS_b,F,P,les pommes avec les billets que j' aime beaucoup ne sont probablement pas déformées <eos>,13,déformées,déformés,11,M,déformées,-9.722243,déformés,-13.977322,1
3276,P_NOUN_8_PASS_b,F,P,les pommes avec les billets que j' aime beaucoup ne sont probablement pas fixées <eos>,13,fixées,fixés,11,M,fixées,-9.032568,fixés,-8.766235,0
3277,P_NOUN_8_PASS_b,F,P,les pommes avec les billets que j' aime beaucoup ne sont probablement pas jetées <eos>,13,jetées,jetés,11,M,jetées,-9.2507,jetés,-8.927887,0
3278,P_NOUN_8_PASS_b,F,P,les pommes avec les billets que j' aime beaucoup ne sont probablement pas laissées <eos>,13,laissées,laissés,11,M,laissées,-8.287098,laissés,-9.64669,1
3279,P_NOUN_8_PASS_b,F,P,les pommes avec les billets que j' aime beaucoup ne sont probablement pas ouvertes <eos>,13,ouvertes,ouverts,11,M,ouvertes,-9.233995,ouverts,-9.081849,0
3280,P_NOUN_8_PASS_b,F,P,les pommes avec les billets que j' aime beaucoup ne sont probablement pas perdues <eos>,13,perdues,perdus,11,M,perdues,-7.6430483,perdus,-8.156025,1
3281,P_NOUN_8_PASS_b,F,P,les pommes avec les billets que j' aime beaucoup ne sont probablement pas réparées <eos>,13,réparées,réparés,11,M,réparées,-10.566096,réparés,-12.402367,1
3282,P_NOUN_8_PASS_b,F,P,les pommes avec les billets que j' aime beaucoup ne sont probablement pas retirées <eos>,13,retirées,retirés,11,M,retirées,-8.708101,retirés,-9.101159,1
3283,P_NOUN_8_PASS_b,F,P,les pommes avec les billets que j' aime beaucoup ne sont probablement pas tombées <eos>,13,tombées,tombés,11,M,tombées,-8.647422,tombés,-8.312499,0
3284,P_NOUN_8_PASS_b,F,P,les pommes avec les billets que j' aime beaucoup ne sont probablement pas utilisées <eos>,13,utilisées,utilisés,11,M,utilisées,-5.685402,utilisés,-6.1543894,1
3285,P_NOUN_8_PASS_b,F,P,les pommes avec les légumes que j' aime beaucoup ne sont probablement pas achetées <eos>,13,achetées,achetés,11,M,achetées,-10.078904,achetés,-8.940854,0
3286,P_NOUN_8_PASS_b,F,P,les pommes avec les légumes que j' aime beaucoup ne sont probablement pas brisées <eos>,13,brisées,brisés,11,M,brisées,-10.013015,brisés,-12.589274,1
3287,P_NOUN_8_PASS_b,F,P,les pommes avec les légumes que j' aime beaucoup ne sont probablement pas cachées <eos>,13,cachées,cachés,11,M,cachées,-8.7320595,cachés,-9.324976,1
3288,P_NOUN_8_PASS_b,F,P,les pommes avec les légumes que j' aime beaucoup ne sont probablement pas cassées <eos>,13,cassées,cassés,11,M,cassées,-9.272065,cassés,-9.389149,1
3289,P_NOUN_8_PASS_b,F,P,les pommes avec les légumes que j' aime beaucoup ne sont probablement pas couvertes <eos>,13,couvertes,couverts,11,M,couvertes,-7.715342,couverts,-7.557799,0
3290,P_NOUN_8_PASS_b,F,P,les pommes avec les légumes que j' aime beaucoup ne sont probablement pas déformées <eos>,13,déformées,déformés,11,M,déformées,-9.371271,déformés,-13.744282,1
3291,P_NOUN_8_PASS_b,F,P,les pommes avec les légumes que j' aime beaucoup ne sont probablement pas fixées <eos>,13,fixées,fixés,11,M,fixées,-9.471952,fixés,-9.651949,1
3292,P_NOUN_8_PASS_b,F,P,les pommes avec les légumes que j' aime beaucoup ne sont probablement pas jetées <eos>,13,jetées,jetés,11,M,jetées,-9.364334,jetés,-10.174843,1
3293,P_NOUN_8_PASS_b,F,P,les pommes avec les légumes que j' aime beaucoup ne sont probablement pas laissées <eos>,13,laissées,laissés,11,M,laissées,-8.059463,laissés,-9.1816025,1
3294,P_NOUN_8_PASS_b,F,P,les pommes avec les légumes que j' aime beaucoup ne sont probablement pas ouvertes <eos>,13,ouvertes,ouverts,11,M,ouvertes,-8.423225,ouverts,-9.051093,1
3295,P_NOUN_8_PASS_b,F,P,les pommes avec les légumes que j' aime beaucoup ne sont probablement pas perdues <eos>,13,perdues,perdus,11,M,perdues,-8.1176195,perdus,-8.727667,1
3296,P_NOUN_8_PASS_b,F,P,les pommes avec les légumes que j' aime beaucoup ne sont probablement pas réparées <eos>,13,réparées,réparés,11,M,réparées,-10.326129,réparés,-12.046682,1
3297,P_NOUN_8_PASS_b,F,P,les pommes avec les légumes que j' aime beaucoup ne sont probablement pas retirées <eos>,13,retirées,retirés,11,M,retirées,-9.124248,retirés,-9.799154,1
3298,P_NOUN_8_PASS_b,F,P,les pommes avec les légumes que j' aime beaucoup ne sont probablement pas tombées <eos>,13,tombées,tombés,11,M,tombées,-7.894689,tombés,-7.9212337,1
3299,P_NOUN_8_PASS_b,F,P,les pommes avec les légumes que j' aime beaucoup ne sont probablement pas utilisées <eos>,13,utilisées,utilisés,11,M,utilisées,-5.3387356,utilisés,-6.264282,1
3300,P_NOUN_8_PASS_b,F,P,les tasses avec les bracelets que j' aime beaucoup ne sont probablement pas achetées <eos>,13,achetées,achetés,11,M,achetées,-10.035071,achetés,-10.009957,0
3301,P_NOUN_8_PASS_b,F,P,les tasses avec les bracelets que j' aime beaucoup ne sont probablement pas brisées <eos>,13,brisées,brisés,11,M,brisées,-9.314719,brisés,-12.012335,1
3302,P_NOUN_8_PASS_b,F,P,les tasses avec les bracelets que j' aime beaucoup ne sont probablement pas cachées <eos>,13,cachées,cachés,11,M,cachées,-8.300053,cachés,-9.08666,1
3303,P_NOUN_8_PASS_b,F,P,les tasses avec les bracelets que j' aime beaucoup ne sont probablement pas cassées <eos>,13,cassées,cassés,11,M,cassées,-8.141137,cassés,-9.60137,1
3304,P_NOUN_8_PASS_b,F,P,les tasses avec les bracelets que j' aime beaucoup ne sont probablement pas couvertes <eos>,13,couvertes,couverts,11,M,couvertes,-8.28125,couverts,-8.294161,1
3305,P_NOUN_8_PASS_b,F,P,les tasses avec les bracelets que j' aime beaucoup ne sont probablement pas déformées <eos>,13,déformées,déformés,11,M,déformées,-8.266554,déformés,-12.882172,1
3306,P_NOUN_8_PASS_b,F,P,les tasses avec les bracelets que j' aime beaucoup ne sont probablement pas fixées <eos>,13,fixées,fixés,11,M,fixées,-8.109097,fixés,-9.380237,1
3307,P_NOUN_8_PASS_b,F,P,les tasses avec les bracelets que j' aime beaucoup ne sont probablement pas jetées <eos>,13,jetées,jetés,11,M,jetées,-9.023396,jetés,-9.28375,1
3308,P_NOUN_8_PASS_b,F,P,les tasses avec les bracelets que j' aime beaucoup ne sont probablement pas laissées <eos>,13,laissées,laissés,11,M,laissées,-7.9812374,laissés,-10.032515,1
3309,P_NOUN_8_PASS_b,F,P,les tasses avec les bracelets que j' aime beaucoup ne sont probablement pas ouvertes <eos>,13,ouvertes,ouverts,11,M,ouvertes,-8.5925865,ouverts,-9.377434,1
3310,P_NOUN_8_PASS_b,F,P,les tasses avec les bracelets que j' aime beaucoup ne sont probablement pas perdues <eos>,13,perdues,perdus,11,M,perdues,-7.716264,perdus,-8.240418,1
3311,P_NOUN_8_PASS_b,F,P,les tasses avec les bracelets que j' aime beaucoup ne sont probablement pas réparées <eos>,13,réparées,réparés,11,M,réparées,-9.84124,réparés,-12.763099,1
3312,P_NOUN_8_PASS_b,F,P,les tasses avec les bracelets que j' aime beaucoup ne sont probablement pas retirées <eos>,13,retirées,retirés,11,M,retirées,-8.386115,retirés,-9.392458,1
3313,P_NOUN_8_PASS_b,F,P,les tasses avec les bracelets que j' aime beaucoup ne sont probablement pas tombées <eos>,13,tombées,tombés,11,M,tombées,-7.961027,tombés,-7.63025,0
3314,P_NOUN_8_PASS_b,F,P,les tasses avec les bracelets que j' aime beaucoup ne sont probablement pas utilisées <eos>,13,utilisées,utilisés,11,M,utilisées,-5.3441067,utilisés,-6.166376,1
3315,P_NOUN_8_PASS_b,F,P,les tasses avec les miroirs que j' aime beaucoup ne sont probablement pas achetées <eos>,13,achetées,achetés,11,M,achetées,-10.6245165,achetés,-10.21305,0
3316,P_NOUN_8_PASS_b,F,P,les tasses avec les miroirs que j' aime beaucoup ne sont probablement pas brisées <eos>,13,brisées,brisés,11,M,brisées,-9.137439,brisés,-11.622645,1
3317,P_NOUN_8_PASS_b,F,P,les tasses avec les miroirs que j' aime beaucoup ne sont probablement pas cachées <eos>,13,cachées,cachés,11,M,cachées,-8.088946,cachés,-8.995485,1
3318,P_NOUN_8_PASS_b,F,P,les tasses avec les miroirs que j' aime beaucoup ne sont probablement pas cassées <eos>,13,cassées,cassés,11,M,cassées,-8.527782,cassés,-9.771225,1
3319,P_NOUN_8_PASS_b,F,P,les tasses avec les miroirs que j' aime beaucoup ne sont probablement pas couvertes <eos>,13,couvertes,couverts,11,M,couvertes,-7.6412783,couverts,-8.001471,1
3320,P_NOUN_8_PASS_b,F,P,les tasses avec les miroirs que j' aime beaucoup ne sont probablement pas déformées <eos>,13,déformées,déformés,11,M,déformées,-7.5084195,déformés,-12.149971,1
3321,P_NOUN_8_PASS_b,F,P,les tasses avec les miroirs que j' aime beaucoup ne sont probablement pas fixées <eos>,13,fixées,fixés,11,M,fixées,-8.193064,fixés,-9.157285,1
3322,P_NOUN_8_PASS_b,F,P,les tasses avec les miroirs que j' aime beaucoup ne sont probablement pas jetées <eos>,13,jetées,jetés,11,M,jetées,-9.230045,jetés,-9.240051,1
3323,P_NOUN_8_PASS_b,F,P,les tasses avec les miroirs que j' aime beaucoup ne sont probablement pas laissées <eos>,13,laissées,laissés,11,M,laissées,-7.867536,laissés,-10.258678,1
3324,P_NOUN_8_PASS_b,F,P,les tasses avec les miroirs que j' aime beaucoup ne sont probablement pas ouvertes <eos>,13,ouvertes,ouverts,11,M,ouvertes,-7.762241,ouverts,-8.392391,1
3325,P_NOUN_8_PASS_b,F,P,les tasses avec les miroirs que j' aime beaucoup ne sont probablement pas perdues <eos>,13,perdues,perdus,11,M,perdues,-7.5213065,perdus,-7.763534,1
3326,P_NOUN_8_PASS_b,F,P,les tasses avec les miroirs que j' aime beaucoup ne sont probablement pas réparées <eos>,13,réparées,réparés,11,M,réparées,-9.088604,réparés,-11.999458,1
3327,P_NOUN_8_PASS_b,F,P,les tasses avec les miroirs que j' aime beaucoup ne sont probablement pas retirées <eos>,13,retirées,retirés,11,M,retirées,-8.075439,retirés,-9.544823,1
3328,P_NOUN_8_PASS_b,F,P,les tasses avec les miroirs que j' aime beaucoup ne sont probablement pas tombées <eos>,13,tombées,tombés,11,M,tombées,-7.8807096,tombés,-8.691482,1
3329,P_NOUN_8_PASS_b,F,P,les tasses avec les miroirs que j' aime beaucoup ne sont probablement pas utilisées <eos>,13,utilisées,utilisés,11,M,utilisées,-5.257181,utilisés,-6.1716566,1
3330,P_NOUN_8_PASS_b,F,P,les tasses avec les crayons que j' aime beaucoup ne sont probablement pas achetées <eos>,13,achetées,achetés,11,M,achetées,-10.107373,achetés,-9.496542,0
3331,P_NOUN_8_PASS_b,F,P,les tasses avec les crayons que j' aime beaucoup ne sont probablement pas brisées <eos>,13,brisées,brisés,11,M,brisées,-9.812474,brisés,-12.189531,1
3332,P_NOUN_8_PASS_b,F,P,les tasses avec les crayons que j' aime beaucoup ne sont probablement pas cachées <eos>,13,cachées,cachés,11,M,cachées,-8.653349,cachés,-9.021432,1
3333,P_NOUN_8_PASS_b,F,P,les tasses avec les crayons que j' aime beaucoup ne sont probablement pas cassées <eos>,13,cassées,cassés,11,M,cassées,-8.753331,cassés,-9.099073,1
3334,P_NOUN_8_PASS_b,F,P,les tasses avec les crayons que j' aime beaucoup ne sont probablement pas couvertes <eos>,13,couvertes,couverts,11,M,couvertes,-8.262627,couverts,-7.763784,0
3335,P_NOUN_8_PASS_b,F,P,les tasses avec les crayons que j' aime beaucoup ne sont probablement pas déformées <eos>,13,déformées,déformés,11,M,déformées,-8.557152,déformés,-12.837145,1
3336,P_NOUN_8_PASS_b,F,P,les tasses avec les crayons que j' aime beaucoup ne sont probablement pas fixées <eos>,13,fixées,fixés,11,M,fixées,-8.875289,fixés,-9.568094,1
3337,P_NOUN_8_PASS_b,F,P,les tasses avec les crayons que j' aime beaucoup ne sont probablement pas jetées <eos>,13,jetées,jetés,11,M,jetées,-9.783002,jetés,-9.474928,0
3338,P_NOUN_8_PASS_b,F,P,les tasses avec les crayons que j' aime beaucoup ne sont probablement pas laissées <eos>,13,laissées,laissés,11,M,laissées,-8.016622,laissés,-9.6658745,1
3339,P_NOUN_8_PASS_b,F,P,les tasses avec les crayons que j' aime beaucoup ne sont probablement pas ouvertes <eos>,13,ouvertes,ouverts,11,M,ouvertes,-8.603089,ouverts,-9.20002,1
3340,P_NOUN_8_PASS_b,F,P,les tasses avec les crayons que j' aime beaucoup ne sont probablement pas perdues <eos>,13,perdues,perdus,11,M,perdues,-7.7301226,perdus,-8.135632,1
3341,P_NOUN_8_PASS_b,F,P,les tasses avec les crayons que j' aime beaucoup ne sont probablement pas réparées <eos>,13,réparées,réparés,11,M,réparées,-9.46994,réparés,-12.083123,1
3342,P_NOUN_8_PASS_b,F,P,les tasses avec les crayons que j' aime beaucoup ne sont probablement pas retirées <eos>,13,retirées,retirés,11,M,retirées,-8.2419615,retirés,-9.368269,1
3343,P_NOUN_8_PASS_b,F,P,les tasses avec les crayons que j' aime beaucoup ne sont probablement pas tombées <eos>,13,tombées,tombés,11,M,tombées,-7.84884,tombés,-7.8653874,1
3344,P_NOUN_8_PASS_b,F,P,les tasses avec les crayons que j' aime beaucoup ne sont probablement pas utilisées <eos>,13,utilisées,utilisés,11,M,utilisées,-5.5631256,utilisés,-6.2661295,1
3345,P_NOUN_8_PASS_b,F,P,les tasses avec les rideaux que j' aime beaucoup ne sont probablement pas achetées <eos>,13,achetées,achetés,11,M,achetées,-9.733139,achetés,-10.062215,1
3346,P_NOUN_8_PASS_b,F,P,les tasses avec les rideaux que j' aime beaucoup ne sont probablement pas brisées <eos>,13,brisées,brisés,11,M,brisées,-9.201128,brisés,-12.031062,1
3347,P_NOUN_8_PASS_b,F,P,les tasses avec les rideaux que j' aime beaucoup ne sont probablement pas cachées <eos>,13,cachées,cachés,11,M,cachées,-8.02293,cachés,-9.27694,1
3348,P_NOUN_8_PASS_b,F,P,les tasses avec les rideaux que j' aime beaucoup ne sont probablement pas cassées <eos>,13,cassées,cassés,11,M,cassées,-8.186703,cassés,-9.579427,1
3349,P_NOUN_8_PASS_b,F,P,les tasses avec les rideaux que j' aime beaucoup ne sont probablement pas couvertes <eos>,13,couvertes,couverts,11,M,couvertes,-7.495542,couverts,-7.926186,1
3350,P_NOUN_8_PASS_b,F,P,les tasses avec les rideaux que j' aime beaucoup ne sont probablement pas déformées <eos>,13,déformées,déformés,11,M,déformées,-8.339357,déformés,-12.970136,1
3351,P_NOUN_8_PASS_b,F,P,les tasses avec les rideaux que j' aime beaucoup ne sont probablement pas fixées <eos>,13,fixées,fixés,11,M,fixées,-8.122584,fixés,-9.433269,1
3352,P_NOUN_8_PASS_b,F,P,les tasses avec les rideaux que j' aime beaucoup ne sont probablement pas jetées <eos>,13,jetées,jetés,11,M,jetées,-9.1107,jetés,-9.709897,1
3353,P_NOUN_8_PASS_b,F,P,les tasses avec les rideaux que j' aime beaucoup ne sont probablement pas laissées <eos>,13,laissées,laissés,11,M,laissées,-7.429926,laissés,-9.96531,1
3354,P_NOUN_8_PASS_b,F,P,les tasses avec les rideaux que j' aime beaucoup ne sont probablement pas ouvertes <eos>,13,ouvertes,ouverts,11,M,ouvertes,-7.9247622,ouverts,-9.119344,1
3355,P_NOUN_8_PASS_b,F,P,les tasses avec les rideaux que j' aime beaucoup ne sont probablement pas perdues <eos>,13,perdues,perdus,11,M,perdues,-7.415538,perdus,-8.323196,1
3356,P_NOUN_8_PASS_b,F,P,les tasses avec les rideaux que j' aime beaucoup ne sont probablement pas réparées <eos>,13,réparées,réparés,11,M,réparées,-8.955867,réparés,-12.262845,1
3357,P_NOUN_8_PASS_b,F,P,les tasses avec les rideaux que j' aime beaucoup ne sont probablement pas retirées <eos>,13,retirées,retirés,11,M,retirées,-7.7058077,retirés,-9.88736,1
3358,P_NOUN_8_PASS_b,F,P,les tasses avec les rideaux que j' aime beaucoup ne sont probablement pas tombées <eos>,13,tombées,tombés,11,M,tombées,-7.5321126,tombés,-8.015844,1
3359,P_NOUN_8_PASS_b,F,P,les tasses avec les rideaux que j' aime beaucoup ne sont probablement pas utilisées <eos>,13,utilisées,utilisés,11,M,utilisées,-5.4326715,utilisés,-6.763324,1
3360,P_NOUN_8_PASS_b,F,P,les tasses avec les cahiers que j' aime beaucoup ne sont probablement pas achetées <eos>,13,achetées,achetés,11,M,achetées,-10.057616,achetés,-9.880585,0
3361,P_NOUN_8_PASS_b,F,P,les tasses avec les cahiers que j' aime beaucoup ne sont probablement pas brisées <eos>,13,brisées,brisés,11,M,brisées,-9.947592,brisés,-12.494902,1
3362,P_NOUN_8_PASS_b,F,P,les tasses avec les cahiers que j' aime beaucoup ne sont probablement pas cachées <eos>,13,cachées,cachés,11,M,cachées,-8.553706,cachés,-9.490864,1
3363,P_NOUN_8_PASS_b,F,P,les tasses avec les cahiers que j' aime beaucoup ne sont probablement pas cassées <eos>,13,cassées,cassés,11,M,cassées,-9.290532,cassés,-10.383898,1
3364,P_NOUN_8_PASS_b,F,P,les tasses avec les cahiers que j' aime beaucoup ne sont probablement pas couvertes <eos>,13,couvertes,couverts,11,M,couvertes,-8.32765,couverts,-8.21033,0
3365,P_NOUN_8_PASS_b,F,P,les tasses avec les cahiers que j' aime beaucoup ne sont probablement pas déformées <eos>,13,déformées,déformés,11,M,déformées,-8.55845,déformés,-13.219716,1
3366,P_NOUN_8_PASS_b,F,P,les tasses avec les cahiers que j' aime beaucoup ne sont probablement pas fixées <eos>,13,fixées,fixés,11,M,fixées,-9.041398,fixés,-10.300943,1
3367,P_NOUN_8_PASS_b,F,P,les tasses avec les cahiers que j' aime beaucoup ne sont probablement pas jetées <eos>,13,jetées,jetés,11,M,jetées,-10.28258,jetés,-10.3710985,1
3368,P_NOUN_8_PASS_b,F,P,les tasses avec les cahiers que j' aime beaucoup ne sont probablement pas laissées <eos>,13,laissées,laissés,11,M,laissées,-8.0262375,laissés,-10.149175,1
3369,P_NOUN_8_PASS_b,F,P,les tasses avec les cahiers que j' aime beaucoup ne sont probablement pas ouvertes <eos>,13,ouvertes,ouverts,11,M,ouvertes,-7.79416,ouverts,-8.879167,1
3370,P_NOUN_8_PASS_b,F,P,les tasses avec les cahiers que j' aime beaucoup ne sont probablement pas perdues <eos>,13,perdues,perdus,11,M,perdues,-7.0581408,perdus,-7.744488,1
3371,P_NOUN_8_PASS_b,F,P,les tasses avec les cahiers que j' aime beaucoup ne sont probablement pas réparées <eos>,13,réparées,réparés,11,M,réparées,-9.883124,réparés,-12.849252,1
3372,P_NOUN_8_PASS_b,F,P,les tasses avec les cahiers que j' aime beaucoup ne sont probablement pas retirées <eos>,13,retirées,retirés,11,M,retirées,-8.277356,retirés,-10.012562,1
3373,P_NOUN_8_PASS_b,F,P,les tasses avec les cahiers que j' aime beaucoup ne sont probablement pas tombées <eos>,13,tombées,tombés,11,M,tombées,-8.080373,tombés,-8.381221,1
3374,P_NOUN_8_PASS_b,F,P,les tasses avec les cahiers que j' aime beaucoup ne sont probablement pas utilisées <eos>,13,utilisées,utilisés,11,M,utilisées,-5.8058715,utilisés,-7.041866,1
3375,P_NOUN_8_PASS_b,F,P,les tasses avec les micros que j' aime beaucoup ne sont probablement pas achetées <eos>,13,achetées,achetés,11,M,achetées,-10.093196,achetés,-10.234577,1
3376,P_NOUN_8_PASS_b,F,P,les tasses avec les micros que j' aime beaucoup ne sont probablement pas brisées <eos>,13,brisées,brisés,11,M,brisées,-9.433665,brisés,-12.271994,1
3377,P_NOUN_8_PASS_b,F,P,les tasses avec les micros que j' aime beaucoup ne sont probablement pas cachées <eos>,13,cachées,cachés,11,M,cachées,-8.833665,cachés,-9.806005,1
3378,P_NOUN_8_PASS_b,F,P,les tasses avec les micros que j' aime beaucoup ne sont probablement pas cassées <eos>,13,cassées,cassés,11,M,cassées,-8.749679,cassés,-10.1120205,1
3379,P_NOUN_8_PASS_b,F,P,les tasses avec les micros que j' aime beaucoup ne sont probablement pas couvertes <eos>,13,couvertes,couverts,11,M,couvertes,-7.8018613,couverts,-7.8956323,1
3380,P_NOUN_8_PASS_b,F,P,les tasses avec les micros que j' aime beaucoup ne sont probablement pas déformées <eos>,13,déformées,déformés,11,M,déformées,-8.212545,déformés,-13.137978,1
3381,P_NOUN_8_PASS_b,F,P,les tasses avec les micros que j' aime beaucoup ne sont probablement pas fixées <eos>,13,fixées,fixés,11,M,fixées,-8.0521755,fixés,-8.890796,1
3382,P_NOUN_8_PASS_b,F,P,les tasses avec les micros que j' aime beaucoup ne sont probablement pas jetées <eos>,13,jetées,jetés,11,M,jetées,-9.689533,jetés,-10.205277,1
3383,P_NOUN_8_PASS_b,F,P,les tasses avec les micros que j' aime beaucoup ne sont probablement pas laissées <eos>,13,laissées,laissés,11,M,laissées,-7.5081797,laissés,-10.513508,1
3384,P_NOUN_8_PASS_b,F,P,les tasses avec les micros que j' aime beaucoup ne sont probablement pas ouvertes <eos>,13,ouvertes,ouverts,11,M,ouvertes,-8.047265,ouverts,-8.9263315,1
3385,P_NOUN_8_PASS_b,F,P,les tasses avec les micros que j' aime beaucoup ne sont probablement pas perdues <eos>,13,perdues,perdus,11,M,perdues,-7.905287,perdus,-8.467702,1
3386,P_NOUN_8_PASS_b,F,P,les tasses avec les micros que j' aime beaucoup ne sont probablement pas réparées <eos>,13,réparées,réparés,11,M,réparées,-9.616479,réparés,-12.674202,1
3387,P_NOUN_8_PASS_b,F,P,les tasses avec les micros que j' aime beaucoup ne sont probablement pas retirées <eos>,13,retirées,retirés,11,M,retirées,-8.161907,retirés,-10.037688,1
3388,P_NOUN_8_PASS_b,F,P,les tasses avec les micros que j' aime beaucoup ne sont probablement pas tombées <eos>,13,tombées,tombés,11,M,tombées,-8.345884,tombés,-8.793111,1
3389,P_NOUN_8_PASS_b,F,P,les tasses avec les micros que j' aime beaucoup ne sont probablement pas utilisées <eos>,13,utilisées,utilisés,11,M,utilisées,-5.1195264,utilisés,-6.161712,1
3390,P_NOUN_8_PASS_b,F,P,les tasses avec les sacs que j' aime beaucoup ne sont probablement pas achetées <eos>,13,achetées,achetés,11,M,achetées,-10.11405,achetés,-9.385468,0
3391,P_NOUN_8_PASS_b,F,P,les tasses avec les sacs que j' aime beaucoup ne sont probablement pas brisées <eos>,13,brisées,brisés,11,M,brisées,-9.668186,brisés,-11.802119,1
3392,P_NOUN_8_PASS_b,F,P,les tasses avec les sacs que j' aime beaucoup ne sont probablement pas cachées <eos>,13,cachées,cachés,11,M,cachées,-8.685155,cachés,-8.918456,1
3393,P_NOUN_8_PASS_b,F,P,les tasses avec les sacs que j' aime beaucoup ne sont probablement pas cassées <eos>,13,cassées,cassés,11,M,cassées,-8.736986,cassés,-9.333532,1
3394,P_NOUN_8_PASS_b,F,P,les tasses avec les sacs que j' aime beaucoup ne sont probablement pas couvertes <eos>,13,couvertes,couverts,11,M,couvertes,-7.896741,couverts,-7.335086,0
3395,P_NOUN_8_PASS_b,F,P,les tasses avec les sacs que j' aime beaucoup ne sont probablement pas déformées <eos>,13,déformées,déformés,11,M,déformées,-9.155298,déformés,-13.061298,1
3396,P_NOUN_8_PASS_b,F,P,les tasses avec les sacs que j' aime beaucoup ne sont probablement pas fixées <eos>,13,fixées,fixés,11,M,fixées,-8.598639,fixés,-8.887414,1
3397,P_NOUN_8_PASS_b,F,P,les tasses avec les sacs que j' aime beaucoup ne sont probablement pas jetées <eos>,13,jetées,jetés,11,M,jetées,-9.489681,jetés,-9.193369,0
3398,P_NOUN_8_PASS_b,F,P,les tasses avec les sacs que j' aime beaucoup ne sont probablement pas laissées <eos>,13,laissées,laissés,11,M,laissées,-7.9900913,laissés,-9.690403,1
3399,P_NOUN_8_PASS_b,F,P,les tasses avec les sacs que j' aime beaucoup ne sont probablement pas ouvertes <eos>,13,ouvertes,ouverts,11,M,ouvertes,-8.339792,ouverts,-8.727564,1
3400,P_NOUN_8_PASS_b,F,P,les tasses avec les sacs que j' aime beaucoup ne sont probablement pas perdues <eos>,13,perdues,perdus,11,M,perdues,-7.970717,perdus,-7.939015,0
3401,P_NOUN_8_PASS_b,F,P,les tasses avec les sacs que j' aime beaucoup ne sont probablement pas réparées <eos>,13,réparées,réparés,11,M,réparées,-9.604316,réparés,-11.905956,1
3402,P_NOUN_8_PASS_b,F,P,les tasses avec les sacs que j' aime beaucoup ne sont probablement pas retirées <eos>,13,retirées,retirés,11,M,retirées,-8.358076,retirés,-9.209518,1
3403,P_NOUN_8_PASS_b,F,P,les tasses avec les sacs que j' aime beaucoup ne sont probablement pas tombées <eos>,13,tombées,tombés,11,M,tombées,-8.163318,tombés,-7.883343,0
3404,P_NOUN_8_PASS_b,F,P,les tasses avec les sacs que j' aime beaucoup ne sont probablement pas utilisées <eos>,13,utilisées,utilisés,11,M,utilisées,-5.5787187,utilisés,-6.125093,1
3405,P_NOUN_8_PASS_b,F,P,les tasses avec les claviers que j' aime beaucoup ne sont probablement pas achetées <eos>,13,achetées,achetés,11,M,achetées,-10.031442,achetés,-10.420736,1
3406,P_NOUN_8_PASS_b,F,P,les tasses avec les claviers que j' aime beaucoup ne sont probablement pas brisées <eos>,13,brisées,brisés,11,M,brisées,-9.407981,brisés,-12.402185,1
3407,P_NOUN_8_PASS_b,F,P,les tasses avec les claviers que j' aime beaucoup ne sont probablement pas cachées <eos>,13,cachées,cachés,11,M,cachées,-8.386957,cachés,-9.73802,1
3408,P_NOUN_8_PASS_b,F,P,les tasses avec les claviers que j' aime beaucoup ne sont probablement pas cassées <eos>,13,cassées,cassés,11,M,cassées,-9.143862,cassés,-10.639952,1
3409,P_NOUN_8_PASS_b,F,P,les tasses avec les claviers que j' aime beaucoup ne sont probablement pas couvertes <eos>,13,couvertes,couverts,11,M,couvertes,-8.076893,couverts,-8.597479,1
3410,P_NOUN_8_PASS_b,F,P,les tasses avec les claviers que j' aime beaucoup ne sont probablement pas déformées <eos>,13,déformées,déformés,11,M,déformées,-8.220442,déformés,-13.130483,1
3411,P_NOUN_8_PASS_b,F,P,les tasses avec les claviers que j' aime beaucoup ne sont probablement pas fixées <eos>,13,fixées,fixés,11,M,fixées,-8.481587,fixés,-9.418428,1
3412,P_NOUN_8_PASS_b,F,P,les tasses avec les claviers que j' aime beaucoup ne sont probablement pas jetées <eos>,13,jetées,jetés,11,M,jetées,-10.024754,jetés,-10.43044,1
3413,P_NOUN_8_PASS_b,F,P,les tasses avec les claviers que j' aime beaucoup ne sont probablement pas laissées <eos>,13,laissées,laissés,11,M,laissées,-7.85124,laissés,-10.353904,1
3414,P_NOUN_8_PASS_b,F,P,les tasses avec les claviers que j' aime beaucoup ne sont probablement pas ouvertes <eos>,13,ouvertes,ouverts,11,M,ouvertes,-7.6589394,ouverts,-9.160168,1
3415,P_NOUN_8_PASS_b,F,P,les tasses avec les claviers que j' aime beaucoup ne sont probablement pas perdues <eos>,13,perdues,perdus,11,M,perdues,-7.504883,perdus,-8.628169,1
3416,P_NOUN_8_PASS_b,F,P,les tasses avec les claviers que j' aime beaucoup ne sont probablement pas réparées <eos>,13,réparées,réparés,11,M,réparées,-9.435134,réparés,-12.760776,1
3417,P_NOUN_8_PASS_b,F,P,les tasses avec les claviers que j' aime beaucoup ne sont probablement pas retirées <eos>,13,retirées,retirés,11,M,retirées,-8.221662,retirés,-10.347526,1
3418,P_NOUN_8_PASS_b,F,P,les tasses avec les claviers que j' aime beaucoup ne sont probablement pas tombées <eos>,13,tombées,tombés,11,M,tombées,-8.541678,tombés,-9.406672,1
3419,P_NOUN_8_PASS_b,F,P,les tasses avec les claviers que j' aime beaucoup ne sont probablement pas utilisées <eos>,13,utilisées,utilisés,11,M,utilisées,-5.320728,utilisés,-6.716885,1
3420,P_NOUN_8_PASS_b,F,P,les tasses avec les raisins que j' aime beaucoup ne sont probablement pas achetées <eos>,13,achetées,achetés,11,M,achetées,-9.235385,achetés,-8.966358,0
3421,P_NOUN_8_PASS_b,F,P,les tasses avec les raisins que j' aime beaucoup ne sont probablement pas brisées <eos>,13,brisées,brisés,11,M,brisées,-9.884066,brisés,-12.741131,1
3422,P_NOUN_8_PASS_b,F,P,les tasses avec les raisins que j' aime beaucoup ne sont probablement pas cachées <eos>,13,cachées,cachés,11,M,cachées,-8.674905,cachés,-9.501186,1
3423,P_NOUN_8_PASS_b,F,P,les tasses avec les raisins que j' aime beaucoup ne sont probablement pas cassées <eos>,13,cassées,cassés,11,M,cassées,-9.175832,cassés,-8.916042,0
3424,P_NOUN_8_PASS_b,F,P,les tasses avec les raisins que j' aime beaucoup ne sont probablement pas couvertes <eos>,13,couvertes,couverts,11,M,couvertes,-7.569972,couverts,-7.0423737,0
3425,P_NOUN_8_PASS_b,F,P,les tasses avec les raisins que j' aime beaucoup ne sont probablement pas déformées <eos>,13,déformées,déformés,11,M,déformées,-9.234499,déformés,-14.027915,1
3426,P_NOUN_8_PASS_b,F,P,les tasses avec les raisins que j' aime beaucoup ne sont probablement pas fixées <eos>,13,fixées,fixés,11,M,fixées,-8.511751,fixés,-9.151138,1
3427,P_NOUN_8_PASS_b,F,P,les tasses avec les raisins que j' aime beaucoup ne sont probablement pas jetées <eos>,13,jetées,jetés,11,M,jetées,-10.4962225,jetés,-10.540461,1
3428,P_NOUN_8_PASS_b,F,P,les tasses avec les raisins que j' aime beaucoup ne sont probablement pas laissées <eos>,13,laissées,laissés,11,M,laissées,-7.419018,laissés,-9.645478,1
3429,P_NOUN_8_PASS_b,F,P,les tasses avec les raisins que j' aime beaucoup ne sont probablement pas ouvertes <eos>,13,ouvertes,ouverts,11,M,ouvertes,-8.067718,ouverts,-9.335291,1
3430,P_NOUN_8_PASS_b,F,P,les tasses avec les raisins que j' aime beaucoup ne sont probablement pas perdues <eos>,13,perdues,perdus,11,M,perdues,-8.001796,perdus,-8.466738,1
3431,P_NOUN_8_PASS_b,F,P,les tasses avec les raisins que j' aime beaucoup ne sont probablement pas réparées <eos>,13,réparées,réparés,11,M,réparées,-9.546518,réparés,-12.309342,1
3432,P_NOUN_8_PASS_b,F,P,les tasses avec les raisins que j' aime beaucoup ne sont probablement pas retirées <eos>,13,retirées,retirés,11,M,retirées,-8.034823,retirés,-9.547922,1
3433,P_NOUN_8_PASS_b,F,P,les tasses avec les raisins que j' aime beaucoup ne sont probablement pas tombées <eos>,13,tombées,tombés,11,M,tombées,-7.5919156,tombés,-7.9125323,1
3434,P_NOUN_8_PASS_b,F,P,les tasses avec les raisins que j' aime beaucoup ne sont probablement pas utilisées <eos>,13,utilisées,utilisés,11,M,utilisées,-5.134259,utilisés,-6.117812,1
3435,P_NOUN_8_PASS_b,F,P,les tasses avec les chargeurs que j' aime beaucoup ne sont probablement pas achetées <eos>,13,achetées,achetés,11,M,achetées,-9.578973,achetés,-9.853928,1
3436,P_NOUN_8_PASS_b,F,P,les tasses avec les chargeurs que j' aime beaucoup ne sont probablement pas brisées <eos>,13,brisées,brisés,11,M,brisées,-9.524134,brisés,-12.416117,1
3437,P_NOUN_8_PASS_b,F,P,les tasses avec les chargeurs que j' aime beaucoup ne sont probablement pas cachées <eos>,13,cachées,cachés,11,M,cachées,-8.797937,cachés,-8.995922,1
3438,P_NOUN_8_PASS_b,F,P,les tasses avec les chargeurs que j' aime beaucoup ne sont probablement pas cassées <eos>,13,cassées,cassés,11,M,cassées,-8.854944,cassés,-9.526592,1
3439,P_NOUN_8_PASS_b,F,P,les tasses avec les chargeurs que j' aime beaucoup ne sont probablement pas couvertes <eos>,13,couvertes,couverts,11,M,couvertes,-7.6369085,couverts,-7.6997766,1
3440,P_NOUN_8_PASS_b,F,P,les tasses avec les chargeurs que j' aime beaucoup ne sont probablement pas déformées <eos>,13,déformées,déformés,11,M,déformées,-8.835735,déformés,-13.623774,1
3441,P_NOUN_8_PASS_b,F,P,les tasses avec les chargeurs que j' aime beaucoup ne sont probablement pas fixées <eos>,13,fixées,fixés,11,M,fixées,-7.9001074,fixés,-8.79363,1
3442,P_NOUN_8_PASS_b,F,P,les tasses avec les chargeurs que j' aime beaucoup ne sont probablement pas jetées <eos>,13,jetées,jetés,11,M,jetées,-9.792822,jetés,-9.808342,1
3443,P_NOUN_8_PASS_b,F,P,les tasses avec les chargeurs que j' aime beaucoup ne sont probablement pas laissées <eos>,13,laissées,laissés,11,M,laissées,-7.597974,laissés,-10.273607,1
3444,P_NOUN_8_PASS_b,F,P,les tasses avec les chargeurs que j' aime beaucoup ne sont probablement pas ouvertes <eos>,13,ouvertes,ouverts,11,M,ouvertes,-8.266878,ouverts,-9.034808,1
3445,P_NOUN_8_PASS_b,F,P,les tasses avec les chargeurs que j' aime beaucoup ne sont probablement pas perdues <eos>,13,perdues,perdus,11,M,perdues,-7.451432,perdus,-8.182366,1
3446,P_NOUN_8_PASS_b,F,P,les tasses avec les chargeurs que j' aime beaucoup ne sont probablement pas réparées <eos>,13,réparées,réparés,11,M,réparées,-9.259344,réparés,-11.76363,1
3447,P_NOUN_8_PASS_b,F,P,les tasses avec les chargeurs que j' aime beaucoup ne sont probablement pas retirées <eos>,13,retirées,retirés,11,M,retirées,-7.8774533,retirés,-8.7336035,1
3448,P_NOUN_8_PASS_b,F,P,les tasses avec les chargeurs que j' aime beaucoup ne sont probablement pas tombées <eos>,13,tombées,tombés,11,M,tombées,-8.177631,tombés,-8.023052,0
3449,P_NOUN_8_PASS_b,F,P,les tasses avec les chargeurs que j' aime beaucoup ne sont probablement pas utilisées <eos>,13,utilisées,utilisés,11,M,utilisées,-4.801557,utilisés,-5.840092,1
3450,P_NOUN_8_PASS_b,F,P,les tasses avec les vases que j' aime beaucoup ne sont probablement pas achetées <eos>,13,achetées,achetés,11,M,achetées,-10.3505745,achetés,-10.060978,0
3451,P_NOUN_8_PASS_b,F,P,les tasses avec les vases que j' aime beaucoup ne sont probablement pas brisées <eos>,13,brisées,brisés,11,M,brisées,-9.333242,brisés,-11.777879,1
3452,P_NOUN_8_PASS_b,F,P,les tasses avec les vases que j' aime beaucoup ne sont probablement pas cachées <eos>,13,cachées,cachés,11,M,cachées,-8.246666,cachés,-9.464107,1
3453,P_NOUN_8_PASS_b,F,P,les tasses avec les vases que j' aime beaucoup ne sont probablement pas cassées <eos>,13,cassées,cassés,11,M,cassées,-8.306475,cassés,-9.238714,1
3454,P_NOUN_8_PASS_b,F,P,les tasses avec les vases que j' aime beaucoup ne sont probablement pas couvertes <eos>,13,couvertes,couverts,11,M,couvertes,-7.8684883,couverts,-7.595748,0
3455,P_NOUN_8_PASS_b,F,P,les tasses avec les vases que j' aime beaucoup ne sont probablement pas déformées <eos>,13,déformées,déformés,11,M,déformées,-8.1655445,déformés,-12.597356,1
3456,P_NOUN_8_PASS_b,F,P,les tasses avec les vases que j' aime beaucoup ne sont probablement pas fixées <eos>,13,fixées,fixés,11,M,fixées,-8.182886,fixés,-9.2729,1
3457,P_NOUN_8_PASS_b,F,P,les tasses avec les vases que j' aime beaucoup ne sont probablement pas jetées <eos>,13,jetées,jetés,11,M,jetées,-9.474783,jetés,-9.510666,1
3458,P_NOUN_8_PASS_b,F,P,les tasses avec les vases que j' aime beaucoup ne sont probablement pas laissées <eos>,13,laissées,laissés,11,M,laissées,-7.6935678,laissés,-9.776045,1
3459,P_NOUN_8_PASS_b,F,P,les tasses avec les vases que j' aime beaucoup ne sont probablement pas ouvertes <eos>,13,ouvertes,ouverts,11,M,ouvertes,-8.43571,ouverts,-9.309139,1
3460,P_NOUN_8_PASS_b,F,P,les tasses avec les vases que j' aime beaucoup ne sont probablement pas perdues <eos>,13,perdues,perdus,11,M,perdues,-7.889662,perdus,-8.300357,1
3461,P_NOUN_8_PASS_b,F,P,les tasses avec les vases que j' aime beaucoup ne sont probablement pas réparées <eos>,13,réparées,réparés,11,M,réparées,-9.638061,réparés,-12.418922,1
3462,P_NOUN_8_PASS_b,F,P,les tasses avec les vases que j' aime beaucoup ne sont probablement pas retirées <eos>,13,retirées,retirés,11,M,retirées,-8.293331,retirés,-9.658357,1
3463,P_NOUN_8_PASS_b,F,P,les tasses avec les vases que j' aime beaucoup ne sont probablement pas tombées <eos>,13,tombées,tombés,11,M,tombées,-7.7535534,tombés,-7.9675465,1
3464,P_NOUN_8_PASS_b,F,P,les tasses avec les vases que j' aime beaucoup ne sont probablement pas utilisées <eos>,13,utilisées,utilisés,11,M,utilisées,-5.470157,utilisés,-6.3282437,1
3465,P_NOUN_8_PASS_b,F,P,les tasses avec les paniers que j' aime beaucoup ne sont probablement pas achetées <eos>,13,achetées,achetés,11,M,achetées,-10.140712,achetés,-9.6263685,0
3466,P_NOUN_8_PASS_b,F,P,les tasses avec les paniers que j' aime beaucoup ne sont probablement pas brisées <eos>,13,brisées,brisés,11,M,brisées,-9.448655,brisés,-11.996098,1
3467,P_NOUN_8_PASS_b,F,P,les tasses avec les paniers que j' aime beaucoup ne sont probablement pas cachées <eos>,13,cachées,cachés,11,M,cachées,-8.668062,cachés,-9.287731,1
3468,P_NOUN_8_PASS_b,F,P,les tasses avec les paniers que j' aime beaucoup ne sont probablement pas cassées <eos>,13,cassées,cassés,11,M,cassées,-8.319415,cassés,-9.42152,1
3469,P_NOUN_8_PASS_b,F,P,les tasses avec les paniers que j' aime beaucoup ne sont probablement pas couvertes <eos>,13,couvertes,couverts,11,M,couvertes,-7.8467093,couverts,-7.508836,0
3470,P_NOUN_8_PASS_b,F,P,les tasses avec les paniers que j' aime beaucoup ne sont probablement pas déformées <eos>,13,déformées,déformés,11,M,déformées,-8.672545,déformés,-13.234213,1
3471,P_NOUN_8_PASS_b,F,P,les tasses avec les paniers que j' aime beaucoup ne sont probablement pas fixées <eos>,13,fixées,fixés,11,M,fixées,-7.99897,fixés,-8.844675,1
3472,P_NOUN_8_PASS_b,F,P,les tasses avec les paniers que j' aime beaucoup ne sont probablement pas jetées <eos>,13,jetées,jetés,11,M,jetées,-9.2505245,jetés,-9.576469,1
3473,P_NOUN_8_PASS_b,F,P,les tasses avec les paniers que j' aime beaucoup ne sont probablement pas laissées <eos>,13,laissées,laissés,11,M,laissées,-8.026667,laissés,-10.100445,1
3474,P_NOUN_8_PASS_b,F,P,les tasses avec les paniers que j' aime beaucoup ne sont probablement pas ouvertes <eos>,13,ouvertes,ouverts,11,M,ouvertes,-8.303429,ouverts,-9.0682,1
3475,P_NOUN_8_PASS_b,F,P,les tasses avec les paniers que j' aime beaucoup ne sont probablement pas perdues <eos>,13,perdues,perdus,11,M,perdues,-7.8840075,perdus,-8.198631,1
3476,P_NOUN_8_PASS_b,F,P,les tasses avec les paniers que j' aime beaucoup ne sont probablement pas réparées <eos>,13,réparées,réparés,11,M,réparées,-9.680233,réparés,-12.525131,1
3477,P_NOUN_8_PASS_b,F,P,les tasses avec les paniers que j' aime beaucoup ne sont probablement pas retirées <eos>,13,retirées,retirés,11,M,retirées,-8.131504,retirés,-9.435339,1
3478,P_NOUN_8_PASS_b,F,P,les tasses avec les paniers que j' aime beaucoup ne sont probablement pas tombées <eos>,13,tombées,tombés,11,M,tombées,-7.9412165,tombés,-8.084434,1
3479,P_NOUN_8_PASS_b,F,P,les tasses avec les paniers que j' aime beaucoup ne sont probablement pas utilisées <eos>,13,utilisées,utilisés,11,M,utilisées,-5.163176,utilisés,-5.9613605,1
3480,P_NOUN_8_PASS_b,F,P,les tasses avec les colliers que j' aime beaucoup ne sont probablement pas achetées <eos>,13,achetées,achetés,11,M,achetées,-10.046485,achetés,-10.120841,1
3481,P_NOUN_8_PASS_b,F,P,les tasses avec les colliers que j' aime beaucoup ne sont probablement pas brisées <eos>,13,brisées,brisés,11,M,brisées,-9.275667,brisés,-11.826541,1
3482,P_NOUN_8_PASS_b,F,P,les tasses avec les colliers que j' aime beaucoup ne sont probablement pas cachées <eos>,13,cachées,cachés,11,M,cachées,-8.676172,cachés,-9.505265,1
3483,P_NOUN_8_PASS_b,F,P,les tasses avec les colliers que j' aime beaucoup ne sont probablement pas cassées <eos>,13,cassées,cassés,11,M,cassées,-8.254563,cassés,-9.059386,1
3484,P_NOUN_8_PASS_b,F,P,les tasses avec les colliers que j' aime beaucoup ne sont probablement pas couvertes <eos>,13,couvertes,couverts,11,M,couvertes,-7.881044,couverts,-8.094745,1
3485,P_NOUN_8_PASS_b,F,P,les tasses avec les colliers que j' aime beaucoup ne sont probablement pas déformées <eos>,13,déformées,déformés,11,M,déformées,-8.133807,déformés,-12.919993,1
3486,P_NOUN_8_PASS_b,F,P,les tasses avec les colliers que j' aime beaucoup ne sont probablement pas fixées <eos>,13,fixées,fixés,11,M,fixées,-7.8996887,fixés,-9.167494,1
3487,P_NOUN_8_PASS_b,F,P,les tasses avec les colliers que j' aime beaucoup ne sont probablement pas jetées <eos>,13,jetées,jetés,11,M,jetées,-9.265785,jetés,-9.364011,1
3488,P_NOUN_8_PASS_b,F,P,les tasses avec les colliers que j' aime beaucoup ne sont probablement pas laissées <eos>,13,laissées,laissés,11,M,laissées,-7.8715878,laissés,-10.1768675,1
3489,P_NOUN_8_PASS_b,F,P,les tasses avec les colliers que j' aime beaucoup ne sont probablement pas ouvertes <eos>,13,ouvertes,ouverts,11,M,ouvertes,-8.515316,ouverts,-9.575896,1
3490,P_NOUN_8_PASS_b,F,P,les tasses avec les colliers que j' aime beaucoup ne sont probablement pas perdues <eos>,13,perdues,perdus,11,M,perdues,-7.589184,perdus,-8.295714,1
3491,P_NOUN_8_PASS_b,F,P,les tasses avec les colliers que j' aime beaucoup ne sont probablement pas réparées <eos>,13,réparées,réparés,11,M,réparées,-9.369707,réparés,-12.416993,1
3492,P_NOUN_8_PASS_b,F,P,les tasses avec les colliers que j' aime beaucoup ne sont probablement pas retirées <eos>,13,retirées,retirés,11,M,retirées,-7.8454466,retirés,-9.284382,1
3493,P_NOUN_8_PASS_b,F,P,les tasses avec les colliers que j' aime beaucoup ne sont probablement pas tombées <eos>,13,tombées,tombés,11,M,tombées,-7.58691,tombés,-7.9265428,1
3494,P_NOUN_8_PASS_b,F,P,les tasses avec les colliers que j' aime beaucoup ne sont probablement pas utilisées <eos>,13,utilisées,utilisés,11,M,utilisées,-5.0183554,utilisés,-6.151823,1
3495,P_NOUN_8_PASS_b,F,P,les tasses avec les chapeaux que j' aime beaucoup ne sont probablement pas achetées <eos>,13,achetées,achetés,11,M,achetées,-9.80109,achetés,-9.912205,1
3496,P_NOUN_8_PASS_b,F,P,les tasses avec les chapeaux que j' aime beaucoup ne sont probablement pas brisées <eos>,13,brisées,brisés,11,M,brisées,-9.52708,brisés,-12.424907,1
3497,P_NOUN_8_PASS_b,F,P,les tasses avec les chapeaux que j' aime beaucoup ne sont probablement pas cachées <eos>,13,cachées,cachés,11,M,cachées,-8.284119,cachés,-9.383488,1
3498,P_NOUN_8_PASS_b,F,P,les tasses avec les chapeaux que j' aime beaucoup ne sont probablement pas cassées <eos>,13,cassées,cassés,11,M,cassées,-8.337016,cassés,-9.829353,1
3499,P_NOUN_8_PASS_b,F,P,les tasses avec les chapeaux que j' aime beaucoup ne sont probablement pas couvertes <eos>,13,couvertes,couverts,11,M,couvertes,-7.8223834,couverts,-7.9701324,1
3500,P_NOUN_8_PASS_b,F,P,les tasses avec les chapeaux que j' aime beaucoup ne sont probablement pas déformées <eos>,13,déformées,déformés,11,M,déformées,-8.770441,déformés,-13.306187,1
3501,P_NOUN_8_PASS_b,F,P,les tasses avec les chapeaux que j' aime beaucoup ne sont probablement pas fixées <eos>,13,fixées,fixés,11,M,fixées,-8.159813,fixés,-9.366282,1
3502,P_NOUN_8_PASS_b,F,P,les tasses avec les chapeaux que j' aime beaucoup ne sont probablement pas jetées <eos>,13,jetées,jetés,11,M,jetées,-9.201239,jetés,-9.837489,1
3503,P_NOUN_8_PASS_b,F,P,les tasses avec les chapeaux que j' aime beaucoup ne sont probablement pas laissées <eos>,13,laissées,laissés,11,M,laissées,-7.904708,laissés,-10.198048,1
3504,P_NOUN_8_PASS_b,F,P,les tasses avec les chapeaux que j' aime beaucoup ne sont probablement pas ouvertes <eos>,13,ouvertes,ouverts,11,M,ouvertes,-8.21629,ouverts,-9.370132,1
3505,P_NOUN_8_PASS_b,F,P,les tasses avec les chapeaux que j' aime beaucoup ne sont probablement pas perdues <eos>,13,perdues,perdus,11,M,perdues,-7.7937574,perdus,-8.615868,1
3506,P_NOUN_8_PASS_b,F,P,les tasses avec les chapeaux que j' aime beaucoup ne sont probablement pas réparées <eos>,13,réparées,réparés,11,M,réparées,-9.544121,réparés,-12.61771,1
3507,P_NOUN_8_PASS_b,F,P,les tasses avec les chapeaux que j' aime beaucoup ne sont probablement pas retirées <eos>,13,retirées,retirés,11,M,retirées,-8.001959,retirés,-9.66618,1
3508,P_NOUN_8_PASS_b,F,P,les tasses avec les chapeaux que j' aime beaucoup ne sont probablement pas tombées <eos>,13,tombées,tombés,11,M,tombées,-7.7684197,tombés,-7.808761,1
3509,P_NOUN_8_PASS_b,F,P,les tasses avec les chapeaux que j' aime beaucoup ne sont probablement pas utilisées <eos>,13,utilisées,utilisés,11,M,utilisées,-5.304796,utilisés,-6.457856,1
3510,P_NOUN_8_PASS_b,F,P,les tasses avec les pots que j' aime beaucoup ne sont probablement pas achetées <eos>,13,achetées,achetés,11,M,achetées,-9.891978,achetés,-9.366726,0
3511,P_NOUN_8_PASS_b,F,P,les tasses avec les pots que j' aime beaucoup ne sont probablement pas brisées <eos>,13,brisées,brisés,11,M,brisées,-9.308294,brisés,-11.650427,1
3512,P_NOUN_8_PASS_b,F,P,les tasses avec les pots que j' aime beaucoup ne sont probablement pas cachées <eos>,13,cachées,cachés,11,M,cachées,-8.814276,cachés,-9.112523,1
3513,P_NOUN_8_PASS_b,F,P,les tasses avec les pots que j' aime beaucoup ne sont probablement pas cassées <eos>,13,cassées,cassés,11,M,cassées,-8.33226,cassés,-8.977244,1
3514,P_NOUN_8_PASS_b,F,P,les tasses avec les pots que j' aime beaucoup ne sont probablement pas couvertes <eos>,13,couvertes,couverts,11,M,couvertes,-7.738589,couverts,-7.1553864,0
3515,P_NOUN_8_PASS_b,F,P,les tasses avec les pots que j' aime beaucoup ne sont probablement pas déformées <eos>,13,déformées,déformés,11,M,déformées,-8.46135,déformés,-13.04052,1
3516,P_NOUN_8_PASS_b,F,P,les tasses avec les pots que j' aime beaucoup ne sont probablement pas fixées <eos>,13,fixées,fixés,11,M,fixées,-8.2146845,fixés,-8.800976,1
3517,P_NOUN_8_PASS_b,F,P,les tasses avec les pots que j' aime beaucoup ne sont probablement pas jetées <eos>,13,jetées,jetés,11,M,jetées,-9.509866,jetés,-9.321767,0
3518,P_NOUN_8_PASS_b,F,P,les tasses avec les pots que j' aime beaucoup ne sont probablement pas laissées <eos>,13,laissées,laissés,11,M,laissées,-7.603015,laissés,-9.858965,1
3519,P_NOUN_8_PASS_b,F,P,les tasses avec les pots que j' aime beaucoup ne sont probablement pas ouvertes <eos>,13,ouvertes,ouverts,11,M,ouvertes,-8.248005,ouverts,-8.708899,1
3520,P_NOUN_8_PASS_b,F,P,les tasses avec les pots que j' aime beaucoup ne sont probablement pas perdues <eos>,13,perdues,perdus,11,M,perdues,-7.865127,perdus,-7.8336253,0
3521,P_NOUN_8_PASS_b,F,P,les tasses avec les pots que j' aime beaucoup ne sont probablement pas réparées <eos>,13,réparées,réparés,11,M,réparées,-9.434954,réparés,-11.979729,1
3522,P_NOUN_8_PASS_b,F,P,les tasses avec les pots que j' aime beaucoup ne sont probablement pas retirées <eos>,13,retirées,retirés,11,M,retirées,-8.031764,retirés,-9.090746,1
3523,P_NOUN_8_PASS_b,F,P,les tasses avec les pots que j' aime beaucoup ne sont probablement pas tombées <eos>,13,tombées,tombés,11,M,tombées,-7.9256434,tombés,-7.744947,0
3524,P_NOUN_8_PASS_b,F,P,les tasses avec les pots que j' aime beaucoup ne sont probablement pas utilisées <eos>,13,utilisées,utilisés,11,M,utilisées,-5.162994,utilisés,-5.7345214,1
3525,P_NOUN_8_PASS_b,F,P,les tasses avec les coussins que j' aime beaucoup ne sont probablement pas achetées <eos>,13,achetées,achetés,11,M,achetées,-9.608871,achetés,-10.083418,1
3526,P_NOUN_8_PASS_b,F,P,les tasses avec les coussins que j' aime beaucoup ne sont probablement pas brisées <eos>,13,brisées,brisés,11,M,brisées,-8.9867935,brisés,-11.926502,1
3527,P_NOUN_8_PASS_b,F,P,les tasses avec les coussins que j' aime beaucoup ne sont probablement pas cachées <eos>,13,cachées,cachés,11,M,cachées,-8.414862,cachés,-9.576641,1
3528,P_NOUN_8_PASS_b,F,P,les tasses avec les coussins que j' aime beaucoup ne sont probablement pas cassées <eos>,13,cassées,cassés,11,M,cassées,-7.7758665,cassés,-9.792704,1
3529,P_NOUN_8_PASS_b,F,P,les tasses avec les coussins que j' aime beaucoup ne sont probablement pas couvertes <eos>,13,couvertes,couverts,11,M,couvertes,-7.4229994,couverts,-8.111129,1
3530,P_NOUN_8_PASS_b,F,P,les tasses avec les coussins que j' aime beaucoup ne sont probablement pas déformées <eos>,13,déformées,déformés,11,M,déformées,-8.149426,déformés,-13.156114,1
3531,P_NOUN_8_PASS_b,F,P,les tasses avec les coussins que j' aime beaucoup ne sont probablement pas fixées <eos>,13,fixées,fixés,11,M,fixées,-7.695986,fixés,-9.092547,1
3532,P_NOUN_8_PASS_b,F,P,les tasses avec les coussins que j' aime beaucoup ne sont probablement pas jetées <eos>,13,jetées,jetés,11,M,jetées,-8.481211,jetés,-9.608407,1
3533,P_NOUN_8_PASS_b,F,P,les tasses avec les coussins que j' aime beaucoup ne sont probablement pas laissées <eos>,13,laissées,laissés,11,M,laissées,-7.356848,laissés,-10.28758,1
3534,P_NOUN_8_PASS_b,F,P,les tasses avec les coussins que j' aime beaucoup ne sont probablement pas ouvertes <eos>,13,ouvertes,ouverts,11,M,ouvertes,-7.683244,ouverts,-8.845354,1
3535,P_NOUN_8_PASS_b,F,P,les tasses avec les coussins que j' aime beaucoup ne sont probablement pas perdues <eos>,13,perdues,perdus,11,M,perdues,-7.5242453,perdus,-8.234787,1
3536,P_NOUN_8_PASS_b,F,P,les tasses avec les coussins que j' aime beaucoup ne sont probablement pas réparées <eos>,13,réparées,réparés,11,M,réparées,-8.801682,réparés,-12.200424,1
3537,P_NOUN_8_PASS_b,F,P,les tasses avec les coussins que j' aime beaucoup ne sont probablement pas retirées <eos>,13,retirées,retirés,11,M,retirées,-7.635048,retirés,-9.563628,1
3538,P_NOUN_8_PASS_b,F,P,les tasses avec les coussins que j' aime beaucoup ne sont probablement pas tombées <eos>,13,tombées,tombés,11,M,tombées,-7.8947964,tombés,-8.554952,1
3539,P_NOUN_8_PASS_b,F,P,les tasses avec les coussins que j' aime beaucoup ne sont probablement pas utilisées <eos>,13,utilisées,utilisés,11,M,utilisées,-4.9740114,utilisés,-6.4746027,1
3540,P_NOUN_8_PASS_b,F,P,les tasses avec les jouets que j' aime beaucoup ne sont probablement pas achetées <eos>,13,achetées,achetés,11,M,achetées,-10.106199,achetés,-9.433147,0
3541,P_NOUN_8_PASS_b,F,P,les tasses avec les jouets que j' aime beaucoup ne sont probablement pas brisées <eos>,13,brisées,brisés,11,M,brisées,-9.833895,brisés,-11.987167,1
3542,P_NOUN_8_PASS_b,F,P,les tasses avec les jouets que j' aime beaucoup ne sont probablement pas cachées <eos>,13,cachées,cachés,11,M,cachées,-8.542189,cachés,-8.84832,1
3543,P_NOUN_8_PASS_b,F,P,les tasses avec les jouets que j' aime beaucoup ne sont probablement pas cassées <eos>,13,cassées,cassés,11,M,cassées,-9.179578,cassés,-9.634747,1
3544,P_NOUN_8_PASS_b,F,P,les tasses avec les jouets que j' aime beaucoup ne sont probablement pas couvertes <eos>,13,couvertes,couverts,11,M,couvertes,-8.642534,couverts,-8.251772,0
3545,P_NOUN_8_PASS_b,F,P,les tasses avec les jouets que j' aime beaucoup ne sont probablement pas déformées <eos>,13,déformées,déformés,11,M,déformées,-9.097823,déformés,-12.685334,1
3546,P_NOUN_8_PASS_b,F,P,les tasses avec les jouets que j' aime beaucoup ne sont probablement pas fixées <eos>,13,fixées,fixés,11,M,fixées,-9.178901,fixés,-9.146494,0
3547,P_NOUN_8_PASS_b,F,P,les tasses avec les jouets que j' aime beaucoup ne sont probablement pas jetées <eos>,13,jetées,jetés,11,M,jetées,-9.93667,jetés,-9.531822,0
3548,P_NOUN_8_PASS_b,F,P,les tasses avec les jouets que j' aime beaucoup ne sont probablement pas laissées <eos>,13,laissées,laissés,11,M,laissées,-8.424326,laissés,-9.7952,1
3549,P_NOUN_8_PASS_b,F,P,les tasses avec les jouets que j' aime beaucoup ne sont probablement pas ouvertes <eos>,13,ouvertes,ouverts,11,M,ouvertes,-8.658405,ouverts,-8.822435,1
3550,P_NOUN_8_PASS_b,F,P,les tasses avec les jouets que j' aime beaucoup ne sont probablement pas perdues <eos>,13,perdues,perdus,11,M,perdues,-8.394224,perdus,-8.0489235,0
3551,P_NOUN_8_PASS_b,F,P,les tasses avec les jouets que j' aime beaucoup ne sont probablement pas réparées <eos>,13,réparées,réparés,11,M,réparées,-9.919495,réparés,-12.41177,1
3552,P_NOUN_8_PASS_b,F,P,les tasses avec les jouets que j' aime beaucoup ne sont probablement pas retirées <eos>,13,retirées,retirés,11,M,retirées,-8.647146,retirés,-9.845777,1
3553,P_NOUN_8_PASS_b,F,P,les tasses avec les jouets que j' aime beaucoup ne sont probablement pas tombées <eos>,13,tombées,tombés,11,M,tombées,-8.440248,tombés,-8.077871,0
3554,P_NOUN_8_PASS_b,F,P,les tasses avec les jouets que j' aime beaucoup ne sont probablement pas utilisées <eos>,13,utilisées,utilisés,11,M,utilisées,-6.1619954,utilisés,-6.6561894,1
3555,P_NOUN_8_PASS_b,F,P,les tasses avec les clous que j' aime beaucoup ne sont probablement pas achetées <eos>,13,achetées,achetés,11,M,achetées,-9.648587,achetés,-9.907406,1
3556,P_NOUN_8_PASS_b,F,P,les tasses avec les clous que j' aime beaucoup ne sont probablement pas brisées <eos>,13,brisées,brisés,11,M,brisées,-9.111858,brisés,-11.869178,1
3557,P_NOUN_8_PASS_b,F,P,les tasses avec les clous que j' aime beaucoup ne sont probablement pas cachées <eos>,13,cachées,cachés,11,M,cachées,-8.371452,cachés,-9.204854,1
3558,P_NOUN_8_PASS_b,F,P,les tasses avec les clous que j' aime beaucoup ne sont probablement pas cassées <eos>,13,cassées,cassés,11,M,cassées,-8.102467,cassés,-9.17887,1
3559,P_NOUN_8_PASS_b,F,P,les tasses avec les clous que j' aime beaucoup ne sont probablement pas couvertes <eos>,13,couvertes,couverts,11,M,couvertes,-7.557811,couverts,-7.8224974,1
3560,P_NOUN_8_PASS_b,F,P,les tasses avec les clous que j' aime beaucoup ne sont probablement pas déformées <eos>,13,déformées,déformés,11,M,déformées,-8.452028,déformés,-13.285986,1
3561,P_NOUN_8_PASS_b,F,P,les tasses avec les clous que j' aime beaucoup ne sont probablement pas fixées <eos>,13,fixées,fixés,11,M,fixées,-7.88336,fixés,-9.114149,1
3562,P_NOUN_8_PASS_b,F,P,les tasses avec les clous que j' aime beaucoup ne sont probablement pas jetées <eos>,13,jetées,jetés,11,M,jetées,-8.877364,jetés,-9.209646,1
3563,P_NOUN_8_PASS_b,F,P,les tasses avec les clous que j' aime beaucoup ne sont probablement pas laissées <eos>,13,laissées,laissés,11,M,laissées,-7.5456147,laissés,-9.870374,1
3564,P_NOUN_8_PASS_b,F,P,les tasses avec les clous que j' aime beaucoup ne sont probablement pas ouvertes <eos>,13,ouvertes,ouverts,11,M,ouvertes,-8.126069,ouverts,-9.555905,1
3565,P_NOUN_8_PASS_b,F,P,les tasses avec les clous que j' aime beaucoup ne sont probablement pas perdues <eos>,13,perdues,perdus,11,M,perdues,-7.3430634,perdus,-8.242215,1
3566,P_NOUN_8_PASS_b,F,P,les tasses avec les clous que j' aime beaucoup ne sont probablement pas réparées <eos>,13,réparées,réparés,11,M,réparées,-8.924515,réparés,-12.031417,1
3567,P_NOUN_8_PASS_b,F,P,les tasses avec les clous que j' aime beaucoup ne sont probablement pas retirées <eos>,13,retirées,retirés,11,M,retirées,-7.50784,retirés,-9.357711,1
3568,P_NOUN_8_PASS_b,F,P,les tasses avec les clous que j' aime beaucoup ne sont probablement pas tombées <eos>,13,tombées,tombés,11,M,tombées,-7.380123,tombés,-7.9257145,1
3569,P_NOUN_8_PASS_b,F,P,les tasses avec les clous que j' aime beaucoup ne sont probablement pas utilisées <eos>,13,utilisées,utilisés,11,M,utilisées,-4.9807625,utilisés,-6.1830263,1
3570,P_NOUN_8_PASS_b,F,P,les tasses avec les billets que j' aime beaucoup ne sont probablement pas achetées <eos>,13,achetées,achetés,11,M,achetées,-8.788731,achetés,-9.116276,1
3571,P_NOUN_8_PASS_b,F,P,les tasses avec les billets que j' aime beaucoup ne sont probablement pas brisées <eos>,13,brisées,brisés,11,M,brisées,-9.412696,brisés,-12.563671,1
3572,P_NOUN_8_PASS_b,F,P,les tasses avec les billets que j' aime beaucoup ne sont probablement pas cachées <eos>,13,cachées,cachés,11,M,cachées,-9.175703,cachés,-8.90642,0
3573,P_NOUN_8_PASS_b,F,P,les tasses avec les billets que j' aime beaucoup ne sont probablement pas cassées <eos>,13,cassées,cassés,11,M,cassées,-9.144412,cassés,-9.874625,1
3574,P_NOUN_8_PASS_b,F,P,les tasses avec les billets que j' aime beaucoup ne sont probablement pas couvertes <eos>,13,couvertes,couverts,11,M,couvertes,-8.5584135,couverts,-8.138121,0
3575,P_NOUN_8_PASS_b,F,P,les tasses avec les billets que j' aime beaucoup ne sont probablement pas déformées <eos>,13,déformées,déformés,11,M,déformées,-9.200863,déformés,-13.931049,1
3576,P_NOUN_8_PASS_b,F,P,les tasses avec les billets que j' aime beaucoup ne sont probablement pas fixées <eos>,13,fixées,fixés,11,M,fixées,-8.204374,fixés,-8.661286,1
3577,P_NOUN_8_PASS_b,F,P,les tasses avec les billets que j' aime beaucoup ne sont probablement pas jetées <eos>,13,jetées,jetés,11,M,jetées,-9.335903,jetés,-9.086933,0
3578,P_NOUN_8_PASS_b,F,P,les tasses avec les billets que j' aime beaucoup ne sont probablement pas laissées <eos>,13,laissées,laissés,11,M,laissées,-7.8637676,laissés,-10.271166,1
3579,P_NOUN_8_PASS_b,F,P,les tasses avec les billets que j' aime beaucoup ne sont probablement pas ouvertes <eos>,13,ouvertes,ouverts,11,M,ouvertes,-8.8578005,ouverts,-9.13844,1
3580,P_NOUN_8_PASS_b,F,P,les tasses avec les billets que j' aime beaucoup ne sont probablement pas perdues <eos>,13,perdues,perdus,11,M,perdues,-7.389571,perdus,-7.9239054,1
3581,P_NOUN_8_PASS_b,F,P,les tasses avec les billets que j' aime beaucoup ne sont probablement pas réparées <eos>,13,réparées,réparés,11,M,réparées,-9.888418,réparés,-12.489504,1
3582,P_NOUN_8_PASS_b,F,P,les tasses avec les billets que j' aime beaucoup ne sont probablement pas retirées <eos>,13,retirées,retirés,11,M,retirées,-8.070974,retirés,-9.005165,1
3583,P_NOUN_8_PASS_b,F,P,les tasses avec les billets que j' aime beaucoup ne sont probablement pas tombées <eos>,13,tombées,tombés,11,M,tombées,-8.301765,tombés,-8.088415,0
3584,P_NOUN_8_PASS_b,F,P,les tasses avec les billets que j' aime beaucoup ne sont probablement pas utilisées <eos>,13,utilisées,utilisés,11,M,utilisées,-5.4783564,utilisés,-6.2449055,1
3585,P_NOUN_8_PASS_b,F,P,les tasses avec les légumes que j' aime beaucoup ne sont probablement pas achetées <eos>,13,achetées,achetés,11,M,achetées,-9.731971,achetés,-9.464182,0
3586,P_NOUN_8_PASS_b,F,P,les tasses avec les légumes que j' aime beaucoup ne sont probablement pas brisées <eos>,13,brisées,brisés,11,M,brisées,-9.711202,brisés,-12.345247,1
3587,P_NOUN_8_PASS_b,F,P,les tasses avec les légumes que j' aime beaucoup ne sont probablement pas cachées <eos>,13,cachées,cachés,11,M,cachées,-8.751472,cachés,-9.469071,1
3588,P_NOUN_8_PASS_b,F,P,les tasses avec les légumes que j' aime beaucoup ne sont probablement pas cassées <eos>,13,cassées,cassés,11,M,cassées,-9.070668,cassés,-9.331432,1
3589,P_NOUN_8_PASS_b,F,P,les tasses avec les légumes que j' aime beaucoup ne sont probablement pas couvertes <eos>,13,couvertes,couverts,11,M,couvertes,-7.8794355,couverts,-7.71375,0
3590,P_NOUN_8_PASS_b,F,P,les tasses avec les légumes que j' aime beaucoup ne sont probablement pas déformées <eos>,13,déformées,déformés,11,M,déformées,-9.126926,déformés,-13.56061,1
3591,P_NOUN_8_PASS_b,F,P,les tasses avec les légumes que j' aime beaucoup ne sont probablement pas fixées <eos>,13,fixées,fixés,11,M,fixées,-8.687024,fixés,-9.393592,1
3592,P_NOUN_8_PASS_b,F,P,les tasses avec les légumes que j' aime beaucoup ne sont probablement pas jetées <eos>,13,jetées,jetés,11,M,jetées,-9.479741,jetés,-10.183988,1
3593,P_NOUN_8_PASS_b,F,P,les tasses avec les légumes que j' aime beaucoup ne sont probablement pas laissées <eos>,13,laissées,laissés,11,M,laissées,-7.819813,laissés,-9.7392025,1
3594,P_NOUN_8_PASS_b,F,P,les tasses avec les légumes que j' aime beaucoup ne sont probablement pas ouvertes <eos>,13,ouvertes,ouverts,11,M,ouvertes,-8.348094,ouverts,-9.142765,1
3595,P_NOUN_8_PASS_b,F,P,les tasses avec les légumes que j' aime beaucoup ne sont probablement pas perdues <eos>,13,perdues,perdus,11,M,perdues,-7.800068,perdus,-8.285665,1
3596,P_NOUN_8_PASS_b,F,P,les tasses avec les légumes que j' aime beaucoup ne sont probablement pas réparées <eos>,13,réparées,réparés,11,M,réparées,-9.93149,réparés,-12.442415,1
3597,P_NOUN_8_PASS_b,F,P,les tasses avec les légumes que j' aime beaucoup ne sont probablement pas retirées <eos>,13,retirées,retirés,11,M,retirées,-8.439571,retirés,-9.453934,1
3598,P_NOUN_8_PASS_b,F,P,les tasses avec les légumes que j' aime beaucoup ne sont probablement pas tombées <eos>,13,tombées,tombés,11,M,tombées,-7.712885,tombés,-7.7191124,1
3599,P_NOUN_8_PASS_b,F,P,les tasses avec les légumes que j' aime beaucoup ne sont probablement pas utilisées <eos>,13,utilisées,utilisés,11,M,utilisées,-5.36424,utilisés,-6.432876,1
3600,P_NOUN_8_PASS_b,F,P,les bougies avec les bracelets que j' aime beaucoup ne sont probablement pas achetées <eos>,13,achetées,achetés,11,M,achetées,-10.59466,achetés,-10.499987,0
3601,P_NOUN_8_PASS_b,F,P,les bougies avec les bracelets que j' aime beaucoup ne sont probablement pas brisées <eos>,13,brisées,brisés,11,M,brisées,-9.38604,brisés,-12.235506,1
3602,P_NOUN_8_PASS_b,F,P,les bougies avec les bracelets que j' aime beaucoup ne sont probablement pas cachées <eos>,13,cachées,cachés,11,M,cachées,-7.70397,cachés,-8.532646,1
3603,P_NOUN_8_PASS_b,F,P,les bougies avec les bracelets que j' aime beaucoup ne sont probablement pas cassées <eos>,13,cassées,cassés,11,M,cassées,-8.424016,cassés,-10.14401,1
3604,P_NOUN_8_PASS_b,F,P,les bougies avec les bracelets que j' aime beaucoup ne sont probablement pas couvertes <eos>,13,couvertes,couverts,11,M,couvertes,-8.467527,couverts,-8.759766,1
3605,P_NOUN_8_PASS_b,F,P,les bougies avec les bracelets que j' aime beaucoup ne sont probablement pas déformées <eos>,13,déformées,déformés,11,M,déformées,-8.241566,déformés,-12.738617,1
3606,P_NOUN_8_PASS_b,F,P,les bougies avec les bracelets que j' aime beaucoup ne sont probablement pas fixées <eos>,13,fixées,fixés,11,M,fixées,-8.09768,fixés,-9.567614,1
3607,P_NOUN_8_PASS_b,F,P,les bougies avec les bracelets que j' aime beaucoup ne sont probablement pas jetées <eos>,13,jetées,jetés,11,M,jetées,-8.541178,jetés,-8.805887,1
3608,P_NOUN_8_PASS_b,F,P,les bougies avec les bracelets que j' aime beaucoup ne sont probablement pas laissées <eos>,13,laissées,laissés,11,M,laissées,-8.488464,laissés,-9.839805,1
3609,P_NOUN_8_PASS_b,F,P,les bougies avec les bracelets que j' aime beaucoup ne sont probablement pas ouvertes <eos>,13,ouvertes,ouverts,11,M,ouvertes,-8.409977,ouverts,-9.428601,1
3610,P_NOUN_8_PASS_b,F,P,les bougies avec les bracelets que j' aime beaucoup ne sont probablement pas perdues <eos>,13,perdues,perdus,11,M,perdues,-7.724291,perdus,-8.307583,1
3611,P_NOUN_8_PASS_b,F,P,les bougies avec les bracelets que j' aime beaucoup ne sont probablement pas réparées <eos>,13,réparées,réparés,11,M,réparées,-9.838401,réparés,-12.598885,1
3612,P_NOUN_8_PASS_b,F,P,les bougies avec les bracelets que j' aime beaucoup ne sont probablement pas retirées <eos>,13,retirées,retirés,11,M,retirées,-8.615397,retirés,-9.836891,1
3613,P_NOUN_8_PASS_b,F,P,les bougies avec les bracelets que j' aime beaucoup ne sont probablement pas tombées <eos>,13,tombées,tombés,11,M,tombées,-7.8147306,tombés,-6.721593,0
3614,P_NOUN_8_PASS_b,F,P,les bougies avec les bracelets que j' aime beaucoup ne sont probablement pas utilisées <eos>,13,utilisées,utilisés,11,M,utilisées,-5.527121,utilisés,-6.3063264,1
3615,P_NOUN_8_PASS_b,F,P,les bougies avec les miroirs que j' aime beaucoup ne sont probablement pas achetées <eos>,13,achetées,achetés,11,M,achetées,-11.110569,achetés,-10.664545,0
3616,P_NOUN_8_PASS_b,F,P,les bougies avec les miroirs que j' aime beaucoup ne sont probablement pas brisées <eos>,13,brisées,brisés,11,M,brisées,-9.31257,brisés,-11.956443,1
3617,P_NOUN_8_PASS_b,F,P,les bougies avec les miroirs que j' aime beaucoup ne sont probablement pas cachées <eos>,13,cachées,cachés,11,M,cachées,-7.455659,cachés,-8.442737,1
3618,P_NOUN_8_PASS_b,F,P,les bougies avec les miroirs que j' aime beaucoup ne sont probablement pas cassées <eos>,13,cassées,cassés,11,M,cassées,-8.7273655,cassés,-10.3660755,1
3619,P_NOUN_8_PASS_b,F,P,les bougies avec les miroirs que j' aime beaucoup ne sont probablement pas couvertes <eos>,13,couvertes,couverts,11,M,couvertes,-7.9739866,couverts,-8.583779,1
3620,P_NOUN_8_PASS_b,F,P,les bougies avec les miroirs que j' aime beaucoup ne sont probablement pas déformées <eos>,13,déformées,déformés,11,M,déformées,-7.5008745,déformés,-11.952111,1
3621,P_NOUN_8_PASS_b,F,P,les bougies avec les miroirs que j' aime beaucoup ne sont probablement pas fixées <eos>,13,fixées,fixés,11,M,fixées,-8.207544,fixés,-9.399178,1
3622,P_NOUN_8_PASS_b,F,P,les bougies avec les miroirs que j' aime beaucoup ne sont probablement pas jetées <eos>,13,jetées,jetés,11,M,jetées,-8.810343,jetés,-8.837722,1
3623,P_NOUN_8_PASS_b,F,P,les bougies avec les miroirs que j' aime beaucoup ne sont probablement pas laissées <eos>,13,laissées,laissés,11,M,laissées,-8.497982,laissés,-10.014247,1
3624,P_NOUN_8_PASS_b,F,P,les bougies avec les miroirs que j' aime beaucoup ne sont probablement pas ouvertes <eos>,13,ouvertes,ouverts,11,M,ouvertes,-7.818865,ouverts,-8.621421,1
3625,P_NOUN_8_PASS_b,F,P,les bougies avec les miroirs que j' aime beaucoup ne sont probablement pas perdues <eos>,13,perdues,perdus,11,M,perdues,-7.593188,perdus,-7.948529,1
3626,P_NOUN_8_PASS_b,F,P,les bougies avec les miroirs que j' aime beaucoup ne sont probablement pas réparées <eos>,13,réparées,réparés,11,M,réparées,-9.227903,réparés,-12.099024,1
3627,P_NOUN_8_PASS_b,F,P,les bougies avec les miroirs que j' aime beaucoup ne sont probablement pas retirées <eos>,13,retirées,retirés,11,M,retirées,-8.329418,retirés,-10.092052,1
3628,P_NOUN_8_PASS_b,F,P,les bougies avec les miroirs que j' aime beaucoup ne sont probablement pas tombées <eos>,13,tombées,tombés,11,M,tombées,-7.7563953,tombés,-7.718528,0
3629,P_NOUN_8_PASS_b,F,P,les bougies avec les miroirs que j' aime beaucoup ne sont probablement pas utilisées <eos>,13,utilisées,utilisés,11,M,utilisées,-5.4999495,utilisés,-6.3489904,1
3630,P_NOUN_8_PASS_b,F,P,les bougies avec les crayons que j' aime beaucoup ne sont probablement pas achetées <eos>,13,achetées,achetés,11,M,achetées,-10.650832,achetés,-10.035391,0
3631,P_NOUN_8_PASS_b,F,P,les bougies avec les crayons que j' aime beaucoup ne sont probablement pas brisées <eos>,13,brisées,brisés,11,M,brisées,-9.764644,brisés,-12.392894,1
3632,P_NOUN_8_PASS_b,F,P,les bougies avec les crayons que j' aime beaucoup ne sont probablement pas cachées <eos>,13,cachées,cachés,11,M,cachées,-7.966893,cachés,-8.563766,1
3633,P_NOUN_8_PASS_b,F,P,les bougies avec les crayons que j' aime beaucoup ne sont probablement pas cassées <eos>,13,cassées,cassés,11,M,cassées,-9.007734,cassés,-9.826497,1
3634,P_NOUN_8_PASS_b,F,P,les bougies avec les crayons que j' aime beaucoup ne sont probablement pas couvertes <eos>,13,couvertes,couverts,11,M,couvertes,-8.454962,couverts,-8.406055,0
3635,P_NOUN_8_PASS_b,F,P,les bougies avec les crayons que j' aime beaucoup ne sont probablement pas déformées <eos>,13,déformées,déformés,11,M,déformées,-8.374926,déformés,-12.541353,1
3636,P_NOUN_8_PASS_b,F,P,les bougies avec les crayons que j' aime beaucoup ne sont probablement pas fixées <eos>,13,fixées,fixés,11,M,fixées,-8.859986,fixés,-9.788721,1
3637,P_NOUN_8_PASS_b,F,P,les bougies avec les crayons que j' aime beaucoup ne sont probablement pas jetées <eos>,13,jetées,jetés,11,M,jetées,-9.255792,jetés,-8.992754,0
3638,P_NOUN_8_PASS_b,F,P,les bougies avec les crayons que j' aime beaucoup ne sont probablement pas laissées <eos>,13,laissées,laissés,11,M,laissées,-8.4489975,laissés,-9.497688,1
3639,P_NOUN_8_PASS_b,F,P,les bougies avec les crayons que j' aime beaucoup ne sont probablement pas ouvertes <eos>,13,ouvertes,ouverts,11,M,ouvertes,-8.517776,ouverts,-9.358553,1
3640,P_NOUN_8_PASS_b,F,P,les bougies avec les crayons que j' aime beaucoup ne sont probablement pas perdues <eos>,13,perdues,perdus,11,M,perdues,-7.6932387,perdus,-8.189272,1
3641,P_NOUN_8_PASS_b,F,P,les bougies avec les crayons que j' aime beaucoup ne sont probablement pas réparées <eos>,13,réparées,réparés,11,M,réparées,-9.418044,réparés,-12.029393,1
3642,P_NOUN_8_PASS_b,F,P,les bougies avec les crayons que j' aime beaucoup ne sont probablement pas retirées <eos>,13,retirées,retirés,11,M,retirées,-8.487556,retirés,-9.882774,1
3643,P_NOUN_8_PASS_b,F,P,les bougies avec les crayons que j' aime beaucoup ne sont probablement pas tombées <eos>,13,tombées,tombés,11,M,tombées,-7.750849,tombés,-7.1084146,0
3644,P_NOUN_8_PASS_b,F,P,les bougies avec les crayons que j' aime beaucoup ne sont probablement pas utilisées <eos>,13,utilisées,utilisés,11,M,utilisées,-5.7501006,utilisés,-6.4502854,1
3645,P_NOUN_8_PASS_b,F,P,les bougies avec les rideaux que j' aime beaucoup ne sont probablement pas achetées <eos>,13,achetées,achetés,11,M,achetées,-10.493538,achetés,-10.562309,1
3646,P_NOUN_8_PASS_b,F,P,les bougies avec les rideaux que j' aime beaucoup ne sont probablement pas brisées <eos>,13,brisées,brisés,11,M,brisées,-9.376919,brisés,-12.298169,1
3647,P_NOUN_8_PASS_b,F,P,les bougies avec les rideaux que j' aime beaucoup ne sont probablement pas cachées <eos>,13,cachées,cachés,11,M,cachées,-7.4933295,cachés,-8.664659,1
3648,P_NOUN_8_PASS_b,F,P,les bougies avec les rideaux que j' aime beaucoup ne sont probablement pas cassées <eos>,13,cassées,cassés,11,M,cassées,-8.530112,cassés,-10.274742,1
3649,P_NOUN_8_PASS_b,F,P,les bougies avec les rideaux que j' aime beaucoup ne sont probablement pas couvertes <eos>,13,couvertes,couverts,11,M,couvertes,-7.892105,couverts,-8.4961815,1
3650,P_NOUN_8_PASS_b,F,P,les bougies avec les rideaux que j' aime beaucoup ne sont probablement pas déformées <eos>,13,déformées,déformés,11,M,déformées,-8.294841,déformés,-12.670785,1
3651,P_NOUN_8_PASS_b,F,P,les bougies avec les rideaux que j' aime beaucoup ne sont probablement pas fixées <eos>,13,fixées,fixés,11,M,fixées,-8.186606,fixés,-9.632996,1
3652,P_NOUN_8_PASS_b,F,P,les bougies avec les rideaux que j' aime beaucoup ne sont probablement pas jetées <eos>,13,jetées,jetés,11,M,jetées,-8.672427,jetés,-9.223591,1
3653,P_NOUN_8_PASS_b,F,P,les bougies avec les rideaux que j' aime beaucoup ne sont probablement pas laissées <eos>,13,laissées,laissés,11,M,laissées,-8.088377,laissés,-9.778507,1
3654,P_NOUN_8_PASS_b,F,P,les bougies avec les rideaux que j' aime beaucoup ne sont probablement pas ouvertes <eos>,13,ouvertes,ouverts,11,M,ouvertes,-7.9137964,ouverts,-9.115061,1
3655,P_NOUN_8_PASS_b,F,P,les bougies avec les rideaux que j' aime beaucoup ne sont probablement pas perdues <eos>,13,perdues,perdus,11,M,perdues,-7.545336,perdus,-8.362831,1
3656,P_NOUN_8_PASS_b,F,P,les bougies avec les rideaux que j' aime beaucoup ne sont probablement pas réparées <eos>,13,réparées,réparés,11,M,réparées,-9.201294,réparés,-12.236313,1
3657,P_NOUN_8_PASS_b,F,P,les bougies avec les rideaux que j' aime beaucoup ne sont probablement pas retirées <eos>,13,retirées,retirés,11,M,retirées,-8.177992,retirés,-10.348679,1
3658,P_NOUN_8_PASS_b,F,P,les bougies avec les rideaux que j' aime beaucoup ne sont probablement pas tombées <eos>,13,tombées,tombés,11,M,tombées,-7.5016375,tombés,-7.1668034,0
3659,P_NOUN_8_PASS_b,F,P,les bougies avec les rideaux que j' aime beaucoup ne sont probablement pas utilisées <eos>,13,utilisées,utilisés,11,M,utilisées,-5.6869955,utilisés,-6.837531,1
3660,P_NOUN_8_PASS_b,F,P,les bougies avec les cahiers que j' aime beaucoup ne sont probablement pas achetées <eos>,13,achetées,achetés,11,M,achetées,-10.682567,achetés,-10.421681,0
3661,P_NOUN_8_PASS_b,F,P,les bougies avec les cahiers que j' aime beaucoup ne sont probablement pas brisées <eos>,13,brisées,brisés,11,M,brisées,-9.827335,brisés,-12.589746,1
3662,P_NOUN_8_PASS_b,F,P,les bougies avec les cahiers que j' aime beaucoup ne sont probablement pas cachées <eos>,13,cachées,cachés,11,M,cachées,-7.812067,cachés,-8.7405815,1
3663,P_NOUN_8_PASS_b,F,P,les bougies avec les cahiers que j' aime beaucoup ne sont probablement pas cassées <eos>,13,cassées,cassés,11,M,cassées,-9.348862,cassés,-10.872061,1
3664,P_NOUN_8_PASS_b,F,P,les bougies avec les cahiers que j' aime beaucoup ne sont probablement pas couvertes <eos>,13,couvertes,couverts,11,M,couvertes,-8.608832,couverts,-8.776791,1
3665,P_NOUN_8_PASS_b,F,P,les bougies avec les cahiers que j' aime beaucoup ne sont probablement pas déformées <eos>,13,déformées,déformés,11,M,déformées,-8.392138,déformés,-12.680902,1
3666,P_NOUN_8_PASS_b,F,P,les bougies avec les cahiers que j' aime beaucoup ne sont probablement pas fixées <eos>,13,fixées,fixés,11,M,fixées,-8.861433,fixés,-10.2462435,1
3667,P_NOUN_8_PASS_b,F,P,les bougies avec les cahiers que j' aime beaucoup ne sont probablement pas jetées <eos>,13,jetées,jetés,11,M,jetées,-9.591724,jetés,-9.632853,1
3668,P_NOUN_8_PASS_b,F,P,les bougies avec les cahiers que j' aime beaucoup ne sont probablement pas laissées <eos>,13,laissées,laissés,11,M,laissées,-8.580102,laissés,-9.905188,1
3669,P_NOUN_8_PASS_b,F,P,les bougies avec les cahiers que j' aime beaucoup ne sont probablement pas ouvertes <eos>,13,ouvertes,ouverts,11,M,ouvertes,-7.866125,ouverts,-9.055106,1
3670,P_NOUN_8_PASS_b,F,P,les bougies avec les cahiers que j' aime beaucoup ne sont probablement pas perdues <eos>,13,perdues,perdus,11,M,perdues,-7.2170863,perdus,-7.9236283,1
3671,P_NOUN_8_PASS_b,F,P,les bougies avec les cahiers que j' aime beaucoup ne sont probablement pas réparées <eos>,13,réparées,réparés,11,M,réparées,-9.828674,réparés,-12.649433,1
3672,P_NOUN_8_PASS_b,F,P,les bougies avec les cahiers que j' aime beaucoup ne sont probablement pas retirées <eos>,13,retirées,retirés,11,M,retirées,-8.479494,retirés,-10.394116,1
3673,P_NOUN_8_PASS_b,F,P,les bougies avec les cahiers que j' aime beaucoup ne sont probablement pas tombées <eos>,13,tombées,tombés,11,M,tombées,-7.9380074,tombés,-7.469532,0
3674,P_NOUN_8_PASS_b,F,P,les bougies avec les cahiers que j' aime beaucoup ne sont probablement pas utilisées <eos>,13,utilisées,utilisés,11,M,utilisées,-5.929447,utilisés,-7.0444202,1
3675,P_NOUN_8_PASS_b,F,P,les bougies avec les micros que j' aime beaucoup ne sont probablement pas achetées <eos>,13,achetées,achetés,11,M,achetées,-10.703073,achetés,-10.635456,0
3676,P_NOUN_8_PASS_b,F,P,les bougies avec les micros que j' aime beaucoup ne sont probablement pas brisées <eos>,13,brisées,brisés,11,M,brisées,-9.299741,brisés,-12.246396,1
3677,P_NOUN_8_PASS_b,F,P,les bougies avec les micros que j' aime beaucoup ne sont probablement pas cachées <eos>,13,cachées,cachés,11,M,cachées,-8.197614,cachés,-9.149771,1
3678,P_NOUN_8_PASS_b,F,P,les bougies avec les micros que j' aime beaucoup ne sont probablement pas cassées <eos>,13,cassées,cassés,11,M,cassées,-8.772293,cassés,-10.518544,1
3679,P_NOUN_8_PASS_b,F,P,les bougies avec les micros que j' aime beaucoup ne sont probablement pas couvertes <eos>,13,couvertes,couverts,11,M,couvertes,-8.1008835,couverts,-8.463064,1
3680,P_NOUN_8_PASS_b,F,P,les bougies avec les micros que j' aime beaucoup ne sont probablement pas déformées <eos>,13,déformées,déformés,11,M,déformées,-8.219469,déformés,-12.894431,1
3681,P_NOUN_8_PASS_b,F,P,les bougies avec les micros que j' aime beaucoup ne sont probablement pas fixées <eos>,13,fixées,fixés,11,M,fixées,-7.9868994,fixés,-9.005449,1
3682,P_NOUN_8_PASS_b,F,P,les bougies avec les micros que j' aime beaucoup ne sont probablement pas jetées <eos>,13,jetées,jetés,11,M,jetées,-8.974077,jetés,-9.431007,1
3683,P_NOUN_8_PASS_b,F,P,les bougies avec les micros que j' aime beaucoup ne sont probablement pas laissées <eos>,13,laissées,laissés,11,M,laissées,-8.122132,laissés,-10.205278,1
3684,P_NOUN_8_PASS_b,F,P,les bougies avec les micros que j' aime beaucoup ne sont probablement pas ouvertes <eos>,13,ouvertes,ouverts,11,M,ouvertes,-8.055979,ouverts,-8.959635,1
3685,P_NOUN_8_PASS_b,F,P,les bougies avec les micros que j' aime beaucoup ne sont probablement pas perdues <eos>,13,perdues,perdus,11,M,perdues,-8.015193,perdus,-8.496232,1
3686,P_NOUN_8_PASS_b,F,P,les bougies avec les micros que j' aime beaucoup ne sont probablement pas réparées <eos>,13,réparées,réparés,11,M,réparées,-9.716345,réparés,-12.625195,1
3687,P_NOUN_8_PASS_b,F,P,les bougies avec les micros que j' aime beaucoup ne sont probablement pas retirées <eos>,13,retirées,retirés,11,M,retirées,-8.365181,retirés,-10.291021,1
3688,P_NOUN_8_PASS_b,F,P,les bougies avec les micros que j' aime beaucoup ne sont probablement pas tombées <eos>,13,tombées,tombés,11,M,tombées,-8.2214985,tombés,-7.83765,0
3689,P_NOUN_8_PASS_b,F,P,les bougies avec les micros que j' aime beaucoup ne sont probablement pas utilisées <eos>,13,utilisées,utilisés,11,M,utilisées,-5.355209,utilisés,-6.2603135,1
3690,P_NOUN_8_PASS_b,F,P,les bougies avec les sacs que j' aime beaucoup ne sont probablement pas achetées <eos>,13,achetées,achetés,11,M,achetées,-10.729533,achetés,-9.985605,0
3691,P_NOUN_8_PASS_b,F,P,les bougies avec les sacs que j' aime beaucoup ne sont probablement pas brisées <eos>,13,brisées,brisés,11,M,brisées,-9.618088,brisés,-12.036161,1
3692,P_NOUN_8_PASS_b,F,P,les bougies avec les sacs que j' aime beaucoup ne sont probablement pas cachées <eos>,13,cachées,cachés,11,M,cachées,-7.9430757,cachés,-8.431494,1
3693,P_NOUN_8_PASS_b,F,P,les bougies avec les sacs que j' aime beaucoup ne sont probablement pas cassées <eos>,13,cassées,cassés,11,M,cassées,-8.819571,cassés,-9.938332,1
3694,P_NOUN_8_PASS_b,F,P,les bougies avec les sacs que j' aime beaucoup ne sont probablement pas couvertes <eos>,13,couvertes,couverts,11,M,couvertes,-8.19354,couverts,-8.142009,0
3695,P_NOUN_8_PASS_b,F,P,les bougies avec les sacs que j' aime beaucoup ne sont probablement pas déformées <eos>,13,déformées,déformés,11,M,déformées,-8.863701,déformés,-12.78147,1
3696,P_NOUN_8_PASS_b,F,P,les bougies avec les sacs que j' aime beaucoup ne sont probablement pas fixées <eos>,13,fixées,fixés,11,M,fixées,-8.542948,fixés,-9.192696,1
3697,P_NOUN_8_PASS_b,F,P,les bougies avec les sacs que j' aime beaucoup ne sont probablement pas jetées <eos>,13,jetées,jetés,11,M,jetées,-8.870072,jetés,-8.732484,0
3698,P_NOUN_8_PASS_b,F,P,les bougies avec les sacs que j' aime beaucoup ne sont probablement pas laissées <eos>,13,laissées,laissés,11,M,laissées,-8.569714,laissés,-9.551651,1
3699,P_NOUN_8_PASS_b,F,P,les bougies avec les sacs que j' aime beaucoup ne sont probablement pas ouvertes <eos>,13,ouvertes,ouverts,11,M,ouvertes,-8.265169,ouverts,-8.920889,1
3700,P_NOUN_8_PASS_b,F,P,les bougies avec les sacs que j' aime beaucoup ne sont probablement pas perdues <eos>,13,perdues,perdus,11,M,perdues,-8.077419,perdus,-8.2169895,1
3701,P_NOUN_8_PASS_b,F,P,les bougies avec les sacs que j' aime beaucoup ne sont probablement pas réparées <eos>,13,réparées,réparés,11,M,réparées,-9.582087,réparés,-11.931347,1
3702,P_NOUN_8_PASS_b,F,P,les bougies avec les sacs que j' aime beaucoup ne sont probablement pas retirées <eos>,13,retirées,retirés,11,M,retirées,-8.620536,retirés,-9.789948,1
3703,P_NOUN_8_PASS_b,F,P,les bougies avec les sacs que j' aime beaucoup ne sont probablement pas tombées <eos>,13,tombées,tombés,11,M,tombées,-8.01972,tombés,-7.1039314,0
3704,P_NOUN_8_PASS_b,F,P,les bougies avec les sacs que j' aime beaucoup ne sont probablement pas utilisées <eos>,13,utilisées,utilisés,11,M,utilisées,-5.7457924,utilisés,-6.323902,1
3705,P_NOUN_8_PASS_b,F,P,les bougies avec les claviers que j' aime beaucoup ne sont probablement pas achetées <eos>,13,achetées,achetés,11,M,achetées,-10.657784,achetés,-10.877606,1
3706,P_NOUN_8_PASS_b,F,P,les bougies avec les claviers que j' aime beaucoup ne sont probablement pas brisées <eos>,13,brisées,brisés,11,M,brisées,-9.240426,brisés,-12.244426,1
3707,P_NOUN_8_PASS_b,F,P,les bougies avec les claviers que j' aime beaucoup ne sont probablement pas cachées <eos>,13,cachées,cachés,11,M,cachées,-7.7005816,cachés,-9.087322,1
3708,P_NOUN_8_PASS_b,F,P,les bougies avec les claviers que j' aime beaucoup ne sont probablement pas cassées <eos>,13,cassées,cassés,11,M,cassées,-9.078447,cassés,-10.893079,1
3709,P_NOUN_8_PASS_b,F,P,les bougies avec les claviers que j' aime beaucoup ne sont probablement pas couvertes <eos>,13,couvertes,couverts,11,M,couvertes,-8.2300825,couverts,-8.864778,1
3710,P_NOUN_8_PASS_b,F,P,les bougies avec les claviers que j' aime beaucoup ne sont probablement pas déformées <eos>,13,déformées,déformés,11,M,déformées,-8.054441,déformés,-12.777929,1
3711,P_NOUN_8_PASS_b,F,P,les bougies avec les claviers que j' aime beaucoup ne sont probablement pas fixées <eos>,13,fixées,fixés,11,M,fixées,-8.379104,fixés,-9.377986,1
3712,P_NOUN_8_PASS_b,F,P,les bougies avec les claviers que j' aime beaucoup ne sont probablement pas jetées <eos>,13,jetées,jetés,11,M,jetées,-9.390348,jetés,-9.694078,1
3713,P_NOUN_8_PASS_b,F,P,les bougies avec les claviers que j' aime beaucoup ne sont probablement pas laissées <eos>,13,laissées,laissés,11,M,laissées,-8.207702,laissés,-10.028401,1
3714,P_NOUN_8_PASS_b,F,P,les bougies avec les claviers que j' aime beaucoup ne sont probablement pas ouvertes <eos>,13,ouvertes,ouverts,11,M,ouvertes,-7.720687,ouverts,-9.13908,1
3715,P_NOUN_8_PASS_b,F,P,les bougies avec les claviers que j' aime beaucoup ne sont probablement pas perdues <eos>,13,perdues,perdus,11,M,perdues,-7.689784,perdus,-8.651794,1
3716,P_NOUN_8_PASS_b,F,P,les bougies avec les claviers que j' aime beaucoup ne sont probablement pas réparées <eos>,13,réparées,réparés,11,M,réparées,-9.565197,réparés,-12.643257,1
3717,P_NOUN_8_PASS_b,F,P,les bougies avec les claviers que j' aime beaucoup ne sont probablement pas retirées <eos>,13,retirées,retirés,11,M,retirées,-8.455697,retirés,-10.603899,1
3718,P_NOUN_8_PASS_b,F,P,les bougies avec les claviers que j' aime beaucoup ne sont probablement pas tombées <eos>,13,tombées,tombés,11,M,tombées,-8.395888,tombés,-8.50703,1
3719,P_NOUN_8_PASS_b,F,P,les bougies avec les claviers que j' aime beaucoup ne sont probablement pas utilisées <eos>,13,utilisées,utilisés,11,M,utilisées,-5.505125,utilisés,-6.671297,1
3720,P_NOUN_8_PASS_b,F,P,les bougies avec les raisins que j' aime beaucoup ne sont probablement pas achetées <eos>,13,achetées,achetés,11,M,achetées,-9.895574,achetés,-9.52149,0
3721,P_NOUN_8_PASS_b,F,P,les bougies avec les raisins que j' aime beaucoup ne sont probablement pas brisées <eos>,13,brisées,brisés,11,M,brisées,-9.6316185,brisés,-12.713349,1
3722,P_NOUN_8_PASS_b,F,P,les bougies avec les raisins que j' aime beaucoup ne sont probablement pas cachées <eos>,13,cachées,cachés,11,M,cachées,-7.8581376,cachés,-8.958457,1
3723,P_NOUN_8_PASS_b,F,P,les bougies avec les raisins que j' aime beaucoup ne sont probablement pas cassées <eos>,13,cassées,cassés,11,M,cassées,-8.967606,cassés,-9.230221,1
3724,P_NOUN_8_PASS_b,F,P,les bougies avec les raisins que j' aime beaucoup ne sont probablement pas couvertes <eos>,13,couvertes,couverts,11,M,couvertes,-7.8304844,couverts,-7.7230644,0
3725,P_NOUN_8_PASS_b,F,P,les bougies avec les raisins que j' aime beaucoup ne sont probablement pas déformées <eos>,13,déformées,déformés,11,M,déformées,-9.024821,déformés,-13.688806,1
3726,P_NOUN_8_PASS_b,F,P,les bougies avec les raisins que j' aime beaucoup ne sont probablement pas fixées <eos>,13,fixées,fixés,11,M,fixées,-8.724621,fixés,-9.601704,1
3727,P_NOUN_8_PASS_b,F,P,les bougies avec les raisins que j' aime beaucoup ne sont probablement pas jetées <eos>,13,jetées,jetés,11,M,jetées,-9.887018,jetés,-9.92328,1
3728,P_NOUN_8_PASS_b,F,P,les bougies avec les raisins que j' aime beaucoup ne sont probablement pas laissées <eos>,13,laissées,laissés,11,M,laissées,-7.9762635,laissés,-9.502178,1
3729,P_NOUN_8_PASS_b,F,P,les bougies avec les raisins que j' aime beaucoup ne sont probablement pas ouvertes <eos>,13,ouvertes,ouverts,11,M,ouvertes,-8.231087,ouverts,-9.502765,1
3730,P_NOUN_8_PASS_b,F,P,les bougies avec les raisins que j' aime beaucoup ne sont probablement pas perdues <eos>,13,perdues,perdus,11,M,perdues,-8.084523,perdus,-8.715954,1
3731,P_NOUN_8_PASS_b,F,P,les bougies avec les raisins que j' aime beaucoup ne sont probablement pas réparées <eos>,13,réparées,réparés,11,M,réparées,-9.540735,réparés,-12.334849,1
3732,P_NOUN_8_PASS_b,F,P,les bougies avec les raisins que j' aime beaucoup ne sont probablement pas retirées <eos>,13,retirées,retirés,11,M,retirées,-8.346484,retirés,-9.940073,1
3733,P_NOUN_8_PASS_b,F,P,les bougies avec les raisins que j' aime beaucoup ne sont probablement pas tombées <eos>,13,tombées,tombés,11,M,tombées,-7.444173,tombés,-7.129613,0
3734,P_NOUN_8_PASS_b,F,P,les bougies avec les raisins que j' aime beaucoup ne sont probablement pas utilisées <eos>,13,utilisées,utilisés,11,M,utilisées,-5.5415735,utilisés,-6.4325466,1
3735,P_NOUN_8_PASS_b,F,P,les bougies avec les chargeurs que j' aime beaucoup ne sont probablement pas achetées <eos>,13,achetées,achetés,11,M,achetées,-10.302377,achetés,-10.504945,1
3736,P_NOUN_8_PASS_b,F,P,les bougies avec les chargeurs que j' aime beaucoup ne sont probablement pas brisées <eos>,13,brisées,brisés,11,M,brisées,-9.424397,brisés,-12.448896,1
3737,P_NOUN_8_PASS_b,F,P,les bougies avec les chargeurs que j' aime beaucoup ne sont probablement pas cachées <eos>,13,cachées,cachés,11,M,cachées,-8.057603,cachés,-8.409742,1
3738,P_NOUN_8_PASS_b,F,P,les bougies avec les chargeurs que j' aime beaucoup ne sont probablement pas cassées <eos>,13,cassées,cassés,11,M,cassées,-8.966359,cassés,-10.051895,1
3739,P_NOUN_8_PASS_b,F,P,les bougies avec les chargeurs que j' aime beaucoup ne sont probablement pas couvertes <eos>,13,couvertes,couverts,11,M,couvertes,-7.9391747,couverts,-8.365929,1
3740,P_NOUN_8_PASS_b,F,P,les bougies avec les chargeurs que j' aime beaucoup ne sont probablement pas déformées <eos>,13,déformées,déformés,11,M,déformées,-8.811216,déformés,-13.408423,1
3741,P_NOUN_8_PASS_b,F,P,les bougies avec les chargeurs que j' aime beaucoup ne sont probablement pas fixées <eos>,13,fixées,fixés,11,M,fixées,-7.8963184,fixés,-8.975999,1
3742,P_NOUN_8_PASS_b,F,P,les bougies avec les chargeurs que j' aime beaucoup ne sont probablement pas jetées <eos>,13,jetées,jetés,11,M,jetées,-9.130323,jetés,-9.118378,0
3743,P_NOUN_8_PASS_b,F,P,les bougies avec les chargeurs que j' aime beaucoup ne sont probablement pas laissées <eos>,13,laissées,laissés,11,M,laissées,-8.338789,laissés,-10.160041,1
3744,P_NOUN_8_PASS_b,F,P,les bougies avec les chargeurs que j' aime beaucoup ne sont probablement pas ouvertes <eos>,13,ouvertes,ouverts,11,M,ouvertes,-8.214048,ouverts,-9.076027,1
3745,P_NOUN_8_PASS_b,F,P,les bougies avec les chargeurs que j' aime beaucoup ne sont probablement pas perdues <eos>,13,perdues,perdus,11,M,perdues,-7.6138144,perdus,-8.317966,1
3746,P_NOUN_8_PASS_b,F,P,les bougies avec les chargeurs que j' aime beaucoup ne sont probablement pas réparées <eos>,13,réparées,réparés,11,M,réparées,-9.470997,réparés,-11.797362,1
3747,P_NOUN_8_PASS_b,F,P,les bougies avec les chargeurs que j' aime beaucoup ne sont probablement pas retirées <eos>,13,retirées,retirés,11,M,retirées,-8.203707,retirés,-9.225481,1
3748,P_NOUN_8_PASS_b,F,P,les bougies avec les chargeurs que j' aime beaucoup ne sont probablement pas tombées <eos>,13,tombées,tombés,11,M,tombées,-8.101492,tombés,-7.0342455,0
3749,P_NOUN_8_PASS_b,F,P,les bougies avec les chargeurs que j' aime beaucoup ne sont probablement pas utilisées <eos>,13,utilisées,utilisés,11,M,utilisées,-5.119138,utilisés,-6.038802,1
3750,P_NOUN_8_PASS_b,F,P,les bougies avec les vases que j' aime beaucoup ne sont probablement pas achetées <eos>,13,achetées,achetés,11,M,achetées,-10.829298,achetés,-10.42853,0
3751,P_NOUN_8_PASS_b,F,P,les bougies avec les vases que j' aime beaucoup ne sont probablement pas brisées <eos>,13,brisées,brisés,11,M,brisées,-9.362785,brisés,-11.937447,1
3752,P_NOUN_8_PASS_b,F,P,les bougies avec les vases que j' aime beaucoup ne sont probablement pas cachées <eos>,13,cachées,cachés,11,M,cachées,-7.7480097,cachés,-8.954062,1
3753,P_NOUN_8_PASS_b,F,P,les bougies avec les vases que j' aime beaucoup ne sont probablement pas cassées <eos>,13,cassées,cassés,11,M,cassées,-8.496179,cassés,-9.744744,1
3754,P_NOUN_8_PASS_b,F,P,les bougies avec les vases que j' aime beaucoup ne sont probablement pas couvertes <eos>,13,couvertes,couverts,11,M,couvertes,-8.102744,couverts,-8.205567,1
3755,P_NOUN_8_PASS_b,F,P,les bougies avec les vases que j' aime beaucoup ne sont probablement pas déformées <eos>,13,déformées,déformés,11,M,déformées,-8.109745,déformés,-12.381836,1
3756,P_NOUN_8_PASS_b,F,P,les bougies avec les vases que j' aime beaucoup ne sont probablement pas fixées <eos>,13,fixées,fixés,11,M,fixées,-8.1831045,fixés,-9.455399,1
3757,P_NOUN_8_PASS_b,F,P,les bougies avec les vases que j' aime beaucoup ne sont probablement pas jetées <eos>,13,jetées,jetés,11,M,jetées,-9.001041,jetés,-9.069717,1
3758,P_NOUN_8_PASS_b,F,P,les bougies avec les vases que j' aime beaucoup ne sont probablement pas laissées <eos>,13,laissées,laissés,11,M,laissées,-8.230879,laissés,-9.624186,1
3759,P_NOUN_8_PASS_b,F,P,les bougies avec les vases que j' aime beaucoup ne sont probablement pas ouvertes <eos>,13,ouvertes,ouverts,11,M,ouvertes,-8.3111925,ouverts,-9.333028,1
3760,P_NOUN_8_PASS_b,F,P,les bougies avec les vases que j' aime beaucoup ne sont probablement pas perdues <eos>,13,perdues,perdus,11,M,perdues,-7.967853,perdus,-8.341053,1
3761,P_NOUN_8_PASS_b,F,P,les bougies avec les vases que j' aime beaucoup ne sont probablement pas réparées <eos>,13,réparées,réparés,11,M,réparées,-9.533307,réparés,-12.25514,1
3762,P_NOUN_8_PASS_b,F,P,les bougies avec les vases que j' aime beaucoup ne sont probablement pas retirées <eos>,13,retirées,retirés,11,M,retirées,-8.482889,retirés,-10.058636,1
3763,P_NOUN_8_PASS_b,F,P,les bougies avec les vases que j' aime beaucoup ne sont probablement pas tombées <eos>,13,tombées,tombés,11,M,tombées,-7.668831,tombés,-7.173957,0
3764,P_NOUN_8_PASS_b,F,P,les bougies avec les vases que j' aime beaucoup ne sont probablement pas utilisées <eos>,13,utilisées,utilisés,11,M,utilisées,-5.6801977,utilisés,-6.450446,1
3765,P_NOUN_8_PASS_b,F,P,les bougies avec les paniers que j' aime beaucoup ne sont probablement pas achetées <eos>,13,achetées,achetés,11,M,achetées,-10.648364,achetés,-10.17578,0
3766,P_NOUN_8_PASS_b,F,P,les bougies avec les paniers que j' aime beaucoup ne sont probablement pas brisées <eos>,13,brisées,brisés,11,M,brisées,-9.305065,brisés,-12.110301,1
3767,P_NOUN_8_PASS_b,F,P,les bougies avec les paniers que j' aime beaucoup ne sont probablement pas cachées <eos>,13,cachées,cachés,11,M,cachées,-7.8531246,cachés,-8.717279,1
3768,P_NOUN_8_PASS_b,F,P,les bougies avec les paniers que j' aime beaucoup ne sont probablement pas cassées <eos>,13,cassées,cassés,11,M,cassées,-8.433747,cassés,-10.003151,1
3769,P_NOUN_8_PASS_b,F,P,les bougies avec les paniers que j' aime beaucoup ne sont probablement pas couvertes <eos>,13,couvertes,couverts,11,M,couvertes,-8.103089,couverts,-8.301309,1
3770,P_NOUN_8_PASS_b,F,P,les bougies avec les paniers que j' aime beaucoup ne sont probablement pas déformées <eos>,13,déformées,déformés,11,M,déformées,-8.430651,déformés,-12.915031,1
3771,P_NOUN_8_PASS_b,F,P,les bougies avec les paniers que j' aime beaucoup ne sont probablement pas fixées <eos>,13,fixées,fixés,11,M,fixées,-7.9665246,fixés,-9.189529,1
3772,P_NOUN_8_PASS_b,F,P,les bougies avec les paniers que j' aime beaucoup ne sont probablement pas jetées <eos>,13,jetées,jetés,11,M,jetées,-8.555489,jetés,-8.977344,1
3773,P_NOUN_8_PASS_b,F,P,les bougies avec les paniers que j' aime beaucoup ne sont probablement pas laissées <eos>,13,laissées,laissés,11,M,laissées,-8.541256,laissés,-9.874876,1
3774,P_NOUN_8_PASS_b,F,P,les bougies avec les paniers que j' aime beaucoup ne sont probablement pas ouvertes <eos>,13,ouvertes,ouverts,11,M,ouvertes,-8.141831,ouverts,-9.286701,1
3775,P_NOUN_8_PASS_b,F,P,les bougies avec les paniers que j' aime beaucoup ne sont probablement pas perdues <eos>,13,perdues,perdus,11,M,perdues,-7.831357,perdus,-8.335891,1
3776,P_NOUN_8_PASS_b,F,P,les bougies avec les paniers que j' aime beaucoup ne sont probablement pas réparées <eos>,13,réparées,réparés,11,M,réparées,-9.68273,réparés,-12.5233345,1
3777,P_NOUN_8_PASS_b,F,P,les bougies avec les paniers que j' aime beaucoup ne sont probablement pas retirées <eos>,13,retirées,retirés,11,M,retirées,-8.308775,retirés,-9.9049425,1
3778,P_NOUN_8_PASS_b,F,P,les bougies avec les paniers que j' aime beaucoup ne sont probablement pas tombées <eos>,13,tombées,tombés,11,M,tombées,-7.74428,tombés,-7.169915,0
3779,P_NOUN_8_PASS_b,F,P,les bougies avec les paniers que j' aime beaucoup ne sont probablement pas utilisées <eos>,13,utilisées,utilisés,11,M,utilisées,-5.305438,utilisés,-6.170863,1
3780,P_NOUN_8_PASS_b,F,P,les bougies avec les colliers que j' aime beaucoup ne sont probablement pas achetées <eos>,13,achetées,achetés,11,M,achetées,-10.688389,achetés,-10.551318,0
3781,P_NOUN_8_PASS_b,F,P,les bougies avec les colliers que j' aime beaucoup ne sont probablement pas brisées <eos>,13,brisées,brisés,11,M,brisées,-9.208277,brisés,-11.916242,1
3782,P_NOUN_8_PASS_b,F,P,les bougies avec les colliers que j' aime beaucoup ne sont probablement pas cachées <eos>,13,cachées,cachés,11,M,cachées,-8.092898,cachés,-8.979887,1
3783,P_NOUN_8_PASS_b,F,P,les bougies avec les colliers que j' aime beaucoup ne sont probablement pas cassées <eos>,13,cassées,cassés,11,M,cassées,-8.389647,cassés,-9.561543,1
3784,P_NOUN_8_PASS_b,F,P,les bougies avec les colliers que j' aime beaucoup ne sont probablement pas couvertes <eos>,13,couvertes,couverts,11,M,couvertes,-8.073724,couverts,-8.521899,1
3785,P_NOUN_8_PASS_b,F,P,les bougies avec les colliers que j' aime beaucoup ne sont probablement pas déformées <eos>,13,déformées,déformés,11,M,déformées,-8.061781,déformés,-12.631997,1
3786,P_NOUN_8_PASS_b,F,P,les bougies avec les colliers que j' aime beaucoup ne sont probablement pas fixées <eos>,13,fixées,fixés,11,M,fixées,-7.896777,fixés,-9.384625,1
3787,P_NOUN_8_PASS_b,F,P,les bougies avec les colliers que j' aime beaucoup ne sont probablement pas jetées <eos>,13,jetées,jetés,11,M,jetées,-8.727445,jetés,-8.853936,1
3788,P_NOUN_8_PASS_b,F,P,les bougies avec les colliers que j' aime beaucoup ne sont probablement pas laissées <eos>,13,laissées,laissés,11,M,laissées,-8.328141,laissés,-9.907688,1
3789,P_NOUN_8_PASS_b,F,P,les bougies avec les colliers que j' aime beaucoup ne sont probablement pas ouvertes <eos>,13,ouvertes,ouverts,11,M,ouvertes,-8.42509,ouverts,-9.663797,1
3790,P_NOUN_8_PASS_b,F,P,les bougies avec les colliers que j' aime beaucoup ne sont probablement pas perdues <eos>,13,perdues,perdus,11,M,perdues,-7.6492558,perdus,-8.272331,1
3791,P_NOUN_8_PASS_b,F,P,les bougies avec les colliers que j' aime beaucoup ne sont probablement pas réparées <eos>,13,réparées,réparés,11,M,réparées,-9.387508,réparés,-12.274549,1
3792,P_NOUN_8_PASS_b,F,P,les bougies avec les colliers que j' aime beaucoup ne sont probablement pas retirées <eos>,13,retirées,retirés,11,M,retirées,-8.084927,retirés,-9.697401,1
3793,P_NOUN_8_PASS_b,F,P,les bougies avec les colliers que j' aime beaucoup ne sont probablement pas tombées <eos>,13,tombées,tombés,11,M,tombées,-7.5133533,tombés,-7.08949,0
3794,P_NOUN_8_PASS_b,F,P,les bougies avec les colliers que j' aime beaucoup ne sont probablement pas utilisées <eos>,13,utilisées,utilisés,11,M,utilisées,-5.2749276,utilisés,-6.2614465,1
3795,P_NOUN_8_PASS_b,F,P,les bougies avec les chapeaux que j' aime beaucoup ne sont probablement pas achetées <eos>,13,achetées,achetés,11,M,achetées,-10.54341,achetés,-10.452693,0
3796,P_NOUN_8_PASS_b,F,P,les bougies avec les chapeaux que j' aime beaucoup ne sont probablement pas brisées <eos>,13,brisées,brisés,11,M,brisées,-9.486955,brisés,-12.520547,1
3797,P_NOUN_8_PASS_b,F,P,les bougies avec les chapeaux que j' aime beaucoup ne sont probablement pas cachées <eos>,13,cachées,cachés,11,M,cachées,-7.664819,cachés,-8.782095,1
3798,P_NOUN_8_PASS_b,F,P,les bougies avec les chapeaux que j' aime beaucoup ne sont probablement pas cassées <eos>,13,cassées,cassés,11,M,cassées,-8.620269,cassés,-10.414818,1
3799,P_NOUN_8_PASS_b,F,P,les bougies avec les chapeaux que j' aime beaucoup ne sont probablement pas couvertes <eos>,13,couvertes,couverts,11,M,couvertes,-8.174024,couverts,-8.577037,1
3800,P_NOUN_8_PASS_b,F,P,les bougies avec les chapeaux que j' aime beaucoup ne sont probablement pas déformées <eos>,13,déformées,déformés,11,M,déformées,-8.631871,déformés,-12.965638,1
3801,P_NOUN_8_PASS_b,F,P,les bougies avec les chapeaux que j' aime beaucoup ne sont probablement pas fixées <eos>,13,fixées,fixés,11,M,fixées,-8.185387,fixés,-9.579971,1
3802,P_NOUN_8_PASS_b,F,P,les bougies avec les chapeaux que j' aime beaucoup ne sont probablement pas jetées <eos>,13,jetées,jetés,11,M,jetées,-8.648021,jetés,-9.249228,1
3803,P_NOUN_8_PASS_b,F,P,les bougies avec les chapeaux que j' aime beaucoup ne sont probablement pas laissées <eos>,13,laissées,laissés,11,M,laissées,-8.485834,laissés,-10.007447,1
3804,P_NOUN_8_PASS_b,F,P,les bougies avec les chapeaux que j' aime beaucoup ne sont probablement pas ouvertes <eos>,13,ouvertes,ouverts,11,M,ouvertes,-8.14928,ouverts,-9.431483,1
3805,P_NOUN_8_PASS_b,F,P,les bougies avec les chapeaux que j' aime beaucoup ne sont probablement pas perdues <eos>,13,perdues,perdus,11,M,perdues,-7.808711,perdus,-8.623406,1
3806,P_NOUN_8_PASS_b,F,P,les bougies avec les chapeaux que j' aime beaucoup ne sont probablement pas réparées <eos>,13,réparées,réparés,11,M,réparées,-9.795051,réparés,-12.679166,1
3807,P_NOUN_8_PASS_b,F,P,les bougies avec les chapeaux que j' aime beaucoup ne sont probablement pas retirées <eos>,13,retirées,retirés,11,M,retirées,-8.412609,retirés,-10.197428,1
3808,P_NOUN_8_PASS_b,F,P,les bougies avec les chapeaux que j' aime beaucoup ne sont probablement pas tombées <eos>,13,tombées,tombés,11,M,tombées,-7.7102566,tombés,-6.9961224,0
3809,P_NOUN_8_PASS_b,F,P,les bougies avec les chapeaux que j' aime beaucoup ne sont probablement pas utilisées <eos>,13,utilisées,utilisés,11,M,utilisées,-5.588562,utilisés,-6.6057186,1
3810,P_NOUN_8_PASS_b,F,P,les bougies avec les pots que j' aime beaucoup ne sont probablement pas achetées <eos>,13,achetées,achetés,11,M,achetées,-10.38655,achetés,-9.882846,0
3811,P_NOUN_8_PASS_b,F,P,les bougies avec les pots que j' aime beaucoup ne sont probablement pas brisées <eos>,13,brisées,brisés,11,M,brisées,-9.339855,brisés,-11.816042,1
3812,P_NOUN_8_PASS_b,F,P,les bougies avec les pots que j' aime beaucoup ne sont probablement pas cachées <eos>,13,cachées,cachés,11,M,cachées,-8.207674,cachés,-8.665724,1
3813,P_NOUN_8_PASS_b,F,P,les bougies avec les pots que j' aime beaucoup ne sont probablement pas cassées <eos>,13,cassées,cassés,11,M,cassées,-8.385449,cassés,-9.520385,1
3814,P_NOUN_8_PASS_b,F,P,les bougies avec les pots que j' aime beaucoup ne sont probablement pas couvertes <eos>,13,couvertes,couverts,11,M,couvertes,-7.973204,couverts,-7.7877812,0
3815,P_NOUN_8_PASS_b,F,P,les bougies avec les pots que j' aime beaucoup ne sont probablement pas déformées <eos>,13,déformées,déformés,11,M,déformées,-8.367403,déformés,-12.832124,1
3816,P_NOUN_8_PASS_b,F,P,les bougies avec les pots que j' aime beaucoup ne sont probablement pas fixées <eos>,13,fixées,fixés,11,M,fixées,-8.231518,fixés,-9.062521,1
3817,P_NOUN_8_PASS_b,F,P,les bougies avec les pots que j' aime beaucoup ne sont probablement pas jetées <eos>,13,jetées,jetés,11,M,jetées,-8.90354,jetés,-8.719483,0
3818,P_NOUN_8_PASS_b,F,P,les bougies avec les pots que j' aime beaucoup ne sont probablement pas laissées <eos>,13,laissées,laissés,11,M,laissées,-8.12445,laissés,-9.619008,1
3819,P_NOUN_8_PASS_b,F,P,les bougies avec les pots que j' aime beaucoup ne sont probablement pas ouvertes <eos>,13,ouvertes,ouverts,11,M,ouvertes,-8.126709,ouverts,-8.792969,1
3820,P_NOUN_8_PASS_b,F,P,les bougies avec les pots que j' aime beaucoup ne sont probablement pas perdues <eos>,13,perdues,perdus,11,M,perdues,-7.9752455,perdus,-8.018798,1
3821,P_NOUN_8_PASS_b,F,P,les bougies avec les pots que j' aime beaucoup ne sont probablement pas réparées <eos>,13,réparées,réparés,11,M,réparées,-9.280669,réparés,-11.844214,1
3822,P_NOUN_8_PASS_b,F,P,les bougies avec les pots que j' aime beaucoup ne sont probablement pas retirées <eos>,13,retirées,retirés,11,M,retirées,-8.279669,retirés,-9.556767,1
3823,P_NOUN_8_PASS_b,F,P,les bougies avec les pots que j' aime beaucoup ne sont probablement pas tombées <eos>,13,tombées,tombés,11,M,tombées,-7.8230505,tombés,-6.886307,0
3824,P_NOUN_8_PASS_b,F,P,les bougies avec les pots que j' aime beaucoup ne sont probablement pas utilisées <eos>,13,utilisées,utilisés,11,M,utilisées,-5.4014664,utilisés,-5.9404707,1
3825,P_NOUN_8_PASS_b,F,P,les bougies avec les coussins que j' aime beaucoup ne sont probablement pas achetées <eos>,13,achetées,achetés,11,M,achetées,-10.385275,achetés,-10.583815,1
3826,P_NOUN_8_PASS_b,F,P,les bougies avec les coussins que j' aime beaucoup ne sont probablement pas brisées <eos>,13,brisées,brisés,11,M,brisées,-8.919879,brisés,-11.977267,1
3827,P_NOUN_8_PASS_b,F,P,les bougies avec les coussins que j' aime beaucoup ne sont probablement pas cachées <eos>,13,cachées,cachés,11,M,cachées,-7.697423,cachés,-8.895921,1
3828,P_NOUN_8_PASS_b,F,P,les bougies avec les coussins que j' aime beaucoup ne sont probablement pas cassées <eos>,13,cassées,cassés,11,M,cassées,-7.9594164,cassés,-10.255092,1
3829,P_NOUN_8_PASS_b,F,P,les bougies avec les coussins que j' aime beaucoup ne sont probablement pas couvertes <eos>,13,couvertes,couverts,11,M,couvertes,-7.7071285,couverts,-8.614091,1
3830,P_NOUN_8_PASS_b,F,P,les bougies avec les coussins que j' aime beaucoup ne sont probablement pas déformées <eos>,13,déformées,déformés,11,M,déformées,-7.9528913,déformés,-12.709815,1
3831,P_NOUN_8_PASS_b,F,P,les bougies avec les coussins que j' aime beaucoup ne sont probablement pas fixées <eos>,13,fixées,fixés,11,M,fixées,-7.7416306,fixés,-9.351295,1
3832,P_NOUN_8_PASS_b,F,P,les bougies avec les coussins que j' aime beaucoup ne sont probablement pas jetées <eos>,13,jetées,jetés,11,M,jetées,-7.9302115,jetés,-8.935628,1
3833,P_NOUN_8_PASS_b,F,P,les bougies avec les coussins que j' aime beaucoup ne sont probablement pas laissées <eos>,13,laissées,laissés,11,M,laissées,-7.9860153,laissés,-10.009045,1
3834,P_NOUN_8_PASS_b,F,P,les bougies avec les coussins que j' aime beaucoup ne sont probablement pas ouvertes <eos>,13,ouvertes,ouverts,11,M,ouvertes,-7.646682,ouverts,-8.932539,1
3835,P_NOUN_8_PASS_b,F,P,les bougies avec les coussins que j' aime beaucoup ne sont probablement pas perdues <eos>,13,perdues,perdus,11,M,perdues,-7.6439524,perdus,-8.328552,1
3836,P_NOUN_8_PASS_b,F,P,les bougies avec les coussins que j' aime beaucoup ne sont probablement pas réparées <eos>,13,réparées,réparés,11,M,réparées,-8.933933,réparés,-12.138538,1
3837,P_NOUN_8_PASS_b,F,P,les bougies avec les coussins que j' aime beaucoup ne sont probablement pas retirées <eos>,13,retirées,retirés,11,M,retirées,-8.016265,retirés,-10.065629,1
3838,P_NOUN_8_PASS_b,F,P,les bougies avec les coussins que j' aime beaucoup ne sont probablement pas tombées <eos>,13,tombées,tombés,11,M,tombées,-7.7630625,tombés,-7.6238575,0
3839,P_NOUN_8_PASS_b,F,P,les bougies avec les coussins que j' aime beaucoup ne sont probablement pas utilisées <eos>,13,utilisées,utilisés,11,M,utilisées,-5.255762,utilisés,-6.569582,1
3840,P_NOUN_8_PASS_b,F,P,les bougies avec les jouets que j' aime beaucoup ne sont probablement pas achetées <eos>,13,achetées,achetés,11,M,achetées,-10.664154,achetés,-9.92003,0
3841,P_NOUN_8_PASS_b,F,P,les bougies avec les jouets que j' aime beaucoup ne sont probablement pas brisées <eos>,13,brisées,brisés,11,M,brisées,-9.937754,brisés,-12.296179,1
3842,P_NOUN_8_PASS_b,F,P,les bougies avec les jouets que j' aime beaucoup ne sont probablement pas cachées <eos>,13,cachées,cachés,11,M,cachées,-7.999539,cachés,-8.32547,1
3843,P_NOUN_8_PASS_b,F,P,les bougies avec les jouets que j' aime beaucoup ne sont probablement pas cassées <eos>,13,cassées,cassés,11,M,cassées,-9.446711,cassés,-10.237337,1
3844,P_NOUN_8_PASS_b,F,P,les bougies avec les jouets que j' aime beaucoup ne sont probablement pas couvertes <eos>,13,couvertes,couverts,11,M,couvertes,-8.852949,couverts,-8.70679,0
3845,P_NOUN_8_PASS_b,F,P,les bougies avec les jouets que j' aime beaucoup ne sont probablement pas déformées <eos>,13,déformées,déformés,11,M,déformées,-9.03237,déformés,-12.497597,1
3846,P_NOUN_8_PASS_b,F,P,les bougies avec les jouets que j' aime beaucoup ne sont probablement pas fixées <eos>,13,fixées,fixés,11,M,fixées,-9.051827,fixés,-9.287336,1
3847,P_NOUN_8_PASS_b,F,P,les bougies avec les jouets que j' aime beaucoup ne sont probablement pas jetées <eos>,13,jetées,jetés,11,M,jetées,-9.4753475,jetés,-9.170863,0
3848,P_NOUN_8_PASS_b,F,P,les bougies avec les jouets que j' aime beaucoup ne sont probablement pas laissées <eos>,13,laissées,laissés,11,M,laissées,-8.841314,laissés,-9.585227,1
3849,P_NOUN_8_PASS_b,F,P,les bougies avec les jouets que j' aime beaucoup ne sont probablement pas ouvertes <eos>,13,ouvertes,ouverts,11,M,ouvertes,-8.59552,ouverts,-8.948815,1
3850,P_NOUN_8_PASS_b,F,P,les bougies avec les jouets que j' aime beaucoup ne sont probablement pas perdues <eos>,13,perdues,perdus,11,M,perdues,-8.397153,perdus,-8.238176,0
3851,P_NOUN_8_PASS_b,F,P,les bougies avec les jouets que j' aime beaucoup ne sont probablement pas réparées <eos>,13,réparées,réparés,11,M,réparées,-10.006237,réparés,-12.386525,1
3852,P_NOUN_8_PASS_b,F,P,les bougies avec les jouets que j' aime beaucoup ne sont probablement pas retirées <eos>,13,retirées,retirés,11,M,retirées,-8.864914,retirés,-10.263132,1
3853,P_NOUN_8_PASS_b,F,P,les bougies avec les jouets que j' aime beaucoup ne sont probablement pas tombées <eos>,13,tombées,tombés,11,M,tombées,-8.333303,tombés,-7.3997083,0
3854,P_NOUN_8_PASS_b,F,P,les bougies avec les jouets que j' aime beaucoup ne sont probablement pas utilisées <eos>,13,utilisées,utilisés,11,M,utilisées,-6.267206,utilisés,-6.759055,1
3855,P_NOUN_8_PASS_b,F,P,les bougies avec les clous que j' aime beaucoup ne sont probablement pas achetées <eos>,13,achetées,achetés,11,M,achetées,-10.462976,achetés,-10.457212,0
3856,P_NOUN_8_PASS_b,F,P,les bougies avec les clous que j' aime beaucoup ne sont probablement pas brisées <eos>,13,brisées,brisés,11,M,brisées,-9.078705,brisés,-11.956807,1
3857,P_NOUN_8_PASS_b,F,P,les bougies avec les clous que j' aime beaucoup ne sont probablement pas cachées <eos>,13,cachées,cachés,11,M,cachées,-7.6171556,cachés,-8.652352,1
3858,P_NOUN_8_PASS_b,F,P,les bougies avec les clous que j' aime beaucoup ne sont probablement pas cassées <eos>,13,cassées,cassés,11,M,cassées,-8.320932,cassés,-9.811879,1
3859,P_NOUN_8_PASS_b,F,P,les bougies avec les clous que j' aime beaucoup ne sont probablement pas couvertes <eos>,13,couvertes,couverts,11,M,couvertes,-7.825598,couverts,-8.368576,1
3860,P_NOUN_8_PASS_b,F,P,les bougies avec les clous que j' aime beaucoup ne sont probablement pas déformées <eos>,13,déformées,déformés,11,M,déformées,-8.385637,déformés,-12.904587,1
3861,P_NOUN_8_PASS_b,F,P,les bougies avec les clous que j' aime beaucoup ne sont probablement pas fixées <eos>,13,fixées,fixés,11,M,fixées,-7.874116,fixés,-9.333899,1
3862,P_NOUN_8_PASS_b,F,P,les bougies avec les clous que j' aime beaucoup ne sont probablement pas jetées <eos>,13,jetées,jetés,11,M,jetées,-8.397651,jetés,-8.7004795,1
3863,P_NOUN_8_PASS_b,F,P,les bougies avec les clous que j' aime beaucoup ne sont probablement pas laissées <eos>,13,laissées,laissés,11,M,laissées,-8.177764,laissés,-9.657585,1
3864,P_NOUN_8_PASS_b,F,P,les bougies avec les clous que j' aime beaucoup ne sont probablement pas ouvertes <eos>,13,ouvertes,ouverts,11,M,ouvertes,-7.9814363,ouverts,-9.530388,1
3865,P_NOUN_8_PASS_b,F,P,les bougies avec les clous que j' aime beaucoup ne sont probablement pas perdues <eos>,13,perdues,perdus,11,M,perdues,-7.467547,perdus,-8.30414,1
3866,P_NOUN_8_PASS_b,F,P,les bougies avec les clous que j' aime beaucoup ne sont probablement pas réparées <eos>,13,réparées,réparés,11,M,réparées,-9.034515,réparés,-11.937266,1
3867,P_NOUN_8_PASS_b,F,P,les bougies avec les clous que j' aime beaucoup ne sont probablement pas retirées <eos>,13,retirées,retirés,11,M,retirées,-7.869526,retirés,-9.832028,1
3868,P_NOUN_8_PASS_b,F,P,les bougies avec les clous que j' aime beaucoup ne sont probablement pas tombées <eos>,13,tombées,tombés,11,M,tombées,-7.32779,tombés,-7.023892,0
3869,P_NOUN_8_PASS_b,F,P,les bougies avec les clous que j' aime beaucoup ne sont probablement pas utilisées <eos>,13,utilisées,utilisés,11,M,utilisées,-5.2691994,utilisés,-6.3491364,1
3870,P_NOUN_8_PASS_b,F,P,les bougies avec les billets que j' aime beaucoup ne sont probablement pas achetées <eos>,13,achetées,achetés,11,M,achetées,-9.460137,achetés,-9.630514,1
3871,P_NOUN_8_PASS_b,F,P,les bougies avec les billets que j' aime beaucoup ne sont probablement pas brisées <eos>,13,brisées,brisés,11,M,brisées,-9.512201,brisés,-12.785536,1
3872,P_NOUN_8_PASS_b,F,P,les bougies avec les billets que j' aime beaucoup ne sont probablement pas cachées <eos>,13,cachées,cachés,11,M,cachées,-8.589777,cachés,-8.316876,0
3873,P_NOUN_8_PASS_b,F,P,les bougies avec les billets que j' aime beaucoup ne sont probablement pas cassées <eos>,13,cassées,cassés,11,M,cassées,-9.377032,cassés,-10.370725,1
3874,P_NOUN_8_PASS_b,F,P,les bougies avec les billets que j' aime beaucoup ne sont probablement pas couvertes <eos>,13,couvertes,couverts,11,M,couvertes,-8.987419,couverts,-8.763638,0
3875,P_NOUN_8_PASS_b,F,P,les bougies avec les billets que j' aime beaucoup ne sont probablement pas déformées <eos>,13,déformées,déformés,11,M,déformées,-9.082127,déformés,-13.600533,1
3876,P_NOUN_8_PASS_b,F,P,les bougies avec les billets que j' aime beaucoup ne sont probablement pas fixées <eos>,13,fixées,fixés,11,M,fixées,-8.150715,fixés,-8.77729,1
3877,P_NOUN_8_PASS_b,F,P,les bougies avec les billets que j' aime beaucoup ne sont probablement pas jetées <eos>,13,jetées,jetés,11,M,jetées,-8.90043,jetés,-8.635956,0
3878,P_NOUN_8_PASS_b,F,P,les bougies avec les billets que j' aime beaucoup ne sont probablement pas laissées <eos>,13,laissées,laissés,11,M,laissées,-8.470947,laissés,-10.045921,1
3879,P_NOUN_8_PASS_b,F,P,les bougies avec les billets que j' aime beaucoup ne sont probablement pas ouvertes <eos>,13,ouvertes,ouverts,11,M,ouvertes,-8.880813,ouverts,-9.2583475,1
3880,P_NOUN_8_PASS_b,F,P,les bougies avec les billets que j' aime beaucoup ne sont probablement pas perdues <eos>,13,perdues,perdus,11,M,perdues,-7.325716,perdus,-7.935191,1
3881,P_NOUN_8_PASS_b,F,P,les bougies avec les billets que j' aime beaucoup ne sont probablement pas réparées <eos>,13,réparées,réparés,11,M,réparées,-10.047762,réparés,-12.552223,1
3882,P_NOUN_8_PASS_b,F,P,les bougies avec les billets que j' aime beaucoup ne sont probablement pas retirées <eos>,13,retirées,retirés,11,M,retirées,-8.300489,retirés,-9.456715,1
3883,P_NOUN_8_PASS_b,F,P,les bougies avec les billets que j' aime beaucoup ne sont probablement pas tombées <eos>,13,tombées,tombés,11,M,tombées,-8.145747,tombés,-7.283001,0
3884,P_NOUN_8_PASS_b,F,P,les bougies avec les billets que j' aime beaucoup ne sont probablement pas utilisées <eos>,13,utilisées,utilisés,11,M,utilisées,-5.7321916,utilisés,-6.446737,1
3885,P_NOUN_8_PASS_b,F,P,les bougies avec les légumes que j' aime beaucoup ne sont probablement pas achetées <eos>,13,achetées,achetés,11,M,achetées,-10.09414,achetés,-9.822196,0
3886,P_NOUN_8_PASS_b,F,P,les bougies avec les légumes que j' aime beaucoup ne sont probablement pas brisées <eos>,13,brisées,brisés,11,M,brisées,-9.581664,brisés,-12.508506,1
3887,P_NOUN_8_PASS_b,F,P,les bougies avec les légumes que j' aime beaucoup ne sont probablement pas cachées <eos>,13,cachées,cachés,11,M,cachées,-8.027771,cachés,-8.857118,1
3888,P_NOUN_8_PASS_b,F,P,les bougies avec les légumes que j' aime beaucoup ne sont probablement pas cassées <eos>,13,cassées,cassés,11,M,cassées,-8.818029,cassés,-9.551856,1
3889,P_NOUN_8_PASS_b,F,P,les bougies avec les légumes que j' aime beaucoup ne sont probablement pas couvertes <eos>,13,couvertes,couverts,11,M,couvertes,-8.017225,couverts,-8.204873,1
3890,P_NOUN_8_PASS_b,F,P,les bougies avec les légumes que j' aime beaucoup ne sont probablement pas déformées <eos>,13,déformées,déformés,11,M,déformées,-8.994069,déformés,-13.347893,1
3891,P_NOUN_8_PASS_b,F,P,les bougies avec les légumes que j' aime beaucoup ne sont probablement pas fixées <eos>,13,fixées,fixés,11,M,fixées,-8.753946,fixés,-9.667513,1
3892,P_NOUN_8_PASS_b,F,P,les bougies avec les légumes que j' aime beaucoup ne sont probablement pas jetées <eos>,13,jetées,jetés,11,M,jetées,-8.895173,jetés,-9.525311,1
3893,P_NOUN_8_PASS_b,F,P,les bougies avec les légumes que j' aime beaucoup ne sont probablement pas laissées <eos>,13,laissées,laissés,11,M,laissées,-8.148289,laissés,-9.513858,1
3894,P_NOUN_8_PASS_b,F,P,les bougies avec les légumes que j' aime beaucoup ne sont probablement pas ouvertes <eos>,13,ouvertes,ouverts,11,M,ouvertes,-8.329573,ouverts,-9.339037,1
3895,P_NOUN_8_PASS_b,F,P,les bougies avec les légumes que j' aime beaucoup ne sont probablement pas perdues <eos>,13,perdues,perdus,11,M,perdues,-7.9742656,perdus,-8.606704,1
3896,P_NOUN_8_PASS_b,F,P,les bougies avec les légumes que j' aime beaucoup ne sont probablement pas réparées <eos>,13,réparées,réparés,11,M,réparées,-9.7914295,réparés,-12.331516,1
3897,P_NOUN_8_PASS_b,F,P,les bougies avec les légumes que j' aime beaucoup ne sont probablement pas retirées <eos>,13,retirées,retirés,11,M,retirées,-8.594653,retirés,-9.843438,1
3898,P_NOUN_8_PASS_b,F,P,les bougies avec les légumes que j' aime beaucoup ne sont probablement pas tombées <eos>,13,tombées,tombés,11,M,tombées,-7.6039205,tombés,-7.1248927,0
3899,P_NOUN_8_PASS_b,F,P,les bougies avec les légumes que j' aime beaucoup ne sont probablement pas utilisées <eos>,13,utilisées,utilisés,11,M,utilisées,-5.6071167,utilisés,-6.598833,1
3900,P_NOUN_8_PASS_b,F,P,les pochettes avec les bracelets que j' aime beaucoup ne sont probablement pas achetées <eos>,13,achetées,achetés,11,M,achetées,-9.581022,achetés,-10.669536,1
3901,P_NOUN_8_PASS_b,F,P,les pochettes avec les bracelets que j' aime beaucoup ne sont probablement pas brisées <eos>,13,brisées,brisés,11,M,brisées,-9.67702,brisés,-12.908884,1
3902,P_NOUN_8_PASS_b,F,P,les pochettes avec les bracelets que j' aime beaucoup ne sont probablement pas cachées <eos>,13,cachées,cachés,11,M,cachées,-8.4164295,cachés,-9.87637,1
3903,P_NOUN_8_PASS_b,F,P,les pochettes avec les bracelets que j' aime beaucoup ne sont probablement pas cassées <eos>,13,cassées,cassés,11,M,cassées,-9.005826,cassés,-11.105384,1
3904,P_NOUN_8_PASS_b,F,P,les pochettes avec les bracelets que j' aime beaucoup ne sont probablement pas couvertes <eos>,13,couvertes,couverts,11,M,couvertes,-8.960523,couverts,-10.324118,1
3905,P_NOUN_8_PASS_b,F,P,les pochettes avec les bracelets que j' aime beaucoup ne sont probablement pas déformées <eos>,13,déformées,déformés,11,M,déformées,-8.06737,déformés,-13.118513,1
3906,P_NOUN_8_PASS_b,F,P,les pochettes avec les bracelets que j' aime beaucoup ne sont probablement pas fixées <eos>,13,fixées,fixés,11,M,fixées,-8.75755,fixés,-10.598756,1
3907,P_NOUN_8_PASS_b,F,P,les pochettes avec les bracelets que j' aime beaucoup ne sont probablement pas jetées <eos>,13,jetées,jetés,11,M,jetées,-9.76399,jetés,-10.382363,1
3908,P_NOUN_8_PASS_b,F,P,les pochettes avec les bracelets que j' aime beaucoup ne sont probablement pas laissées <eos>,13,laissées,laissés,11,M,laissées,-8.167834,laissés,-10.866184,1
3909,P_NOUN_8_PASS_b,F,P,les pochettes avec les bracelets que j' aime beaucoup ne sont probablement pas ouvertes <eos>,13,ouvertes,ouverts,11,M,ouvertes,-7.920393,ouverts,-10.2146015,1
3910,P_NOUN_8_PASS_b,F,P,les pochettes avec les bracelets que j' aime beaucoup ne sont probablement pas perdues <eos>,13,perdues,perdus,11,M,perdues,-7.4511747,perdus,-8.941444,1
3911,P_NOUN_8_PASS_b,F,P,les pochettes avec les bracelets que j' aime beaucoup ne sont probablement pas réparées <eos>,13,réparées,réparés,11,M,réparées,-9.987564,réparés,-13.689546,1
3912,P_NOUN_8_PASS_b,F,P,les pochettes avec les bracelets que j' aime beaucoup ne sont probablement pas retirées <eos>,13,retirées,retirés,11,M,retirées,-8.328613,retirés,-10.494308,1
3913,P_NOUN_8_PASS_b,F,P,les pochettes avec les bracelets que j' aime beaucoup ne sont probablement pas tombées <eos>,13,tombées,tombés,11,M,tombées,-8.471958,tombés,-8.64089,1
3914,P_NOUN_8_PASS_b,F,P,les pochettes avec les bracelets que j' aime beaucoup ne sont probablement pas utilisées <eos>,13,utilisées,utilisés,11,M,utilisées,-5.532849,utilisés,-6.9846044,1
3915,P_NOUN_8_PASS_b,F,P,les pochettes avec les miroirs que j' aime beaucoup ne sont probablement pas achetées <eos>,13,achetées,achetés,11,M,achetées,-10.473204,achetés,-11.154745,1
3916,P_NOUN_8_PASS_b,F,P,les pochettes avec les miroirs que j' aime beaucoup ne sont probablement pas brisées <eos>,13,brisées,brisés,11,M,brisées,-9.7689705,brisés,-12.786518,1
3917,P_NOUN_8_PASS_b,F,P,les pochettes avec les miroirs que j' aime beaucoup ne sont probablement pas cachées <eos>,13,cachées,cachés,11,M,cachées,-8.213369,cachés,-10.202965,1
3918,P_NOUN_8_PASS_b,F,P,les pochettes avec les miroirs que j' aime beaucoup ne sont probablement pas cassées <eos>,13,cassées,cassés,11,M,cassées,-9.723039,cassés,-11.666444,1
3919,P_NOUN_8_PASS_b,F,P,les pochettes avec les miroirs que j' aime beaucoup ne sont probablement pas couvertes <eos>,13,couvertes,couverts,11,M,couvertes,-8.388761,couverts,-10.15215,1
3920,P_NOUN_8_PASS_b,F,P,les pochettes avec les miroirs que j' aime beaucoup ne sont probablement pas déformées <eos>,13,déformées,déformés,11,M,déformées,-7.314099,déformés,-12.284538,1
3921,P_NOUN_8_PASS_b,F,P,les pochettes avec les miroirs que j' aime beaucoup ne sont probablement pas fixées <eos>,13,fixées,fixés,11,M,fixées,-9.169069,fixés,-10.823387,1
3922,P_NOUN_8_PASS_b,F,P,les pochettes avec les miroirs que j' aime beaucoup ne sont probablement pas jetées <eos>,13,jetées,jetés,11,M,jetées,-10.561817,jetés,-10.973984,1
3923,P_NOUN_8_PASS_b,F,P,les pochettes avec les miroirs que j' aime beaucoup ne sont probablement pas laissées <eos>,13,laissées,laissés,11,M,laissées,-8.235194,laissés,-11.253174,1
3924,P_NOUN_8_PASS_b,F,P,les pochettes avec les miroirs que j' aime beaucoup ne sont probablement pas ouvertes <eos>,13,ouvertes,ouverts,11,M,ouvertes,-7.015625,ouverts,-9.125658,1
3925,P_NOUN_8_PASS_b,F,P,les pochettes avec les miroirs que j' aime beaucoup ne sont probablement pas perdues <eos>,13,perdues,perdus,11,M,perdues,-7.3322573,perdus,-8.662296,1
3926,P_NOUN_8_PASS_b,F,P,les pochettes avec les miroirs que j' aime beaucoup ne sont probablement pas réparées <eos>,13,réparées,réparés,11,M,réparées,-9.582571,réparés,-13.442234,1
3927,P_NOUN_8_PASS_b,F,P,les pochettes avec les miroirs que j' aime beaucoup ne sont probablement pas retirées <eos>,13,retirées,retirés,11,M,retirées,-8.486134,retirés,-11.305885,1
3928,P_NOUN_8_PASS_b,F,P,les pochettes avec les miroirs que j' aime beaucoup ne sont probablement pas tombées <eos>,13,tombées,tombés,11,M,tombées,-8.577729,tombés,-10.029415,1
3929,P_NOUN_8_PASS_b,F,P,les pochettes avec les miroirs que j' aime beaucoup ne sont probablement pas utilisées <eos>,13,utilisées,utilisés,11,M,utilisées,-5.765781,utilisés,-7.476273,1
3930,P_NOUN_8_PASS_b,F,P,les pochettes avec les crayons que j' aime beaucoup ne sont probablement pas achetées <eos>,13,achetées,achetés,11,M,achetées,-9.843105,achetés,-10.42095,1
3931,P_NOUN_8_PASS_b,F,P,les pochettes avec les crayons que j' aime beaucoup ne sont probablement pas brisées <eos>,13,brisées,brisés,11,M,brisées,-10.351524,brisés,-13.256237,1
3932,P_NOUN_8_PASS_b,F,P,les pochettes avec les crayons que j' aime beaucoup ne sont probablement pas cachées <eos>,13,cachées,cachés,11,M,cachées,-8.875299,cachés,-10.191269,1
3933,P_NOUN_8_PASS_b,F,P,les pochettes avec les crayons que j' aime beaucoup ne sont probablement pas cassées <eos>,13,cassées,cassés,11,M,cassées,-9.958057,cassés,-10.954359,1
3934,P_NOUN_8_PASS_b,F,P,les pochettes avec les crayons que j' aime beaucoup ne sont probablement pas couvertes <eos>,13,couvertes,couverts,11,M,couvertes,-8.9108305,couverts,-10.10501,1
3935,P_NOUN_8_PASS_b,F,P,les pochettes avec les crayons que j' aime beaucoup ne sont probablement pas déformées <eos>,13,déformées,déformés,11,M,déformées,-8.395413,déformés,-12.958158,1
3936,P_NOUN_8_PASS_b,F,P,les pochettes avec les crayons que j' aime beaucoup ne sont probablement pas fixées <eos>,13,fixées,fixés,11,M,fixées,-9.779759,fixés,-11.052636,1
3937,P_NOUN_8_PASS_b,F,P,les pochettes avec les crayons que j' aime beaucoup ne sont probablement pas jetées <eos>,13,jetées,jetés,11,M,jetées,-10.871548,jetés,-10.968576,1
3938,P_NOUN_8_PASS_b,F,P,les pochettes avec les crayons que j' aime beaucoup ne sont probablement pas laissées <eos>,13,laissées,laissés,11,M,laissées,-8.1966505,laissés,-10.612137,1
3939,P_NOUN_8_PASS_b,F,P,les pochettes avec les crayons que j' aime beaucoup ne sont probablement pas ouvertes <eos>,13,ouvertes,ouverts,11,M,ouvertes,-7.7821016,ouverts,-9.742131,1
3940,P_NOUN_8_PASS_b,F,P,les pochettes avec les crayons que j' aime beaucoup ne sont probablement pas perdues <eos>,13,perdues,perdus,11,M,perdues,-7.6521754,perdus,-8.901337,1
3941,P_NOUN_8_PASS_b,F,P,les pochettes avec les crayons que j' aime beaucoup ne sont probablement pas réparées <eos>,13,réparées,réparés,11,M,réparées,-9.56156,réparés,-12.929901,1
3942,P_NOUN_8_PASS_b,F,P,les pochettes avec les crayons que j' aime beaucoup ne sont probablement pas retirées <eos>,13,retirées,retirés,11,M,retirées,-8.591139,retirés,-11.027792,1
3943,P_NOUN_8_PASS_b,F,P,les pochettes avec les crayons que j' aime beaucoup ne sont probablement pas tombées <eos>,13,tombées,tombés,11,M,tombées,-8.567878,tombés,-9.137334,1
3944,P_NOUN_8_PASS_b,F,P,les pochettes avec les crayons que j' aime beaucoup ne sont probablement pas utilisées <eos>,13,utilisées,utilisés,11,M,utilisées,-6.131773,utilisés,-7.4775467,1
3945,P_NOUN_8_PASS_b,F,P,les pochettes avec les rideaux que j' aime beaucoup ne sont probablement pas achetées <eos>,13,achetées,achetés,11,M,achetées,-9.802085,achetés,-11.051161,1
3946,P_NOUN_8_PASS_b,F,P,les pochettes avec les rideaux que j' aime beaucoup ne sont probablement pas brisées <eos>,13,brisées,brisés,11,M,brisées,-9.711767,brisés,-13.140746,1
3947,P_NOUN_8_PASS_b,F,P,les pochettes avec les rideaux que j' aime beaucoup ne sont probablement pas cachées <eos>,13,cachées,cachés,11,M,cachées,-8.2575245,cachés,-10.457781,1
3948,P_NOUN_8_PASS_b,F,P,les pochettes avec les rideaux que j' aime beaucoup ne sont probablement pas cassées <eos>,13,cassées,cassés,11,M,cassées,-9.493709,cassés,-11.677121,1
3949,P_NOUN_8_PASS_b,F,P,les pochettes avec les rideaux que j' aime beaucoup ne sont probablement pas couvertes <eos>,13,couvertes,couverts,11,M,couvertes,-8.321598,couverts,-10.215341,1
3950,P_NOUN_8_PASS_b,F,P,les pochettes avec les rideaux que j' aime beaucoup ne sont probablement pas déformées <eos>,13,déformées,déformés,11,M,déformées,-8.066242,déformés,-13.067262,1
3951,P_NOUN_8_PASS_b,F,P,les pochettes avec les rideaux que j' aime beaucoup ne sont probablement pas fixées <eos>,13,fixées,fixés,11,M,fixées,-9.095455,fixés,-11.018136,1
3952,P_NOUN_8_PASS_b,F,P,les pochettes avec les rideaux que j' aime beaucoup ne sont probablement pas jetées <eos>,13,jetées,jetés,11,M,jetées,-10.324047,jetés,-11.298126,1
3953,P_NOUN_8_PASS_b,F,P,les pochettes avec les rideaux que j' aime beaucoup ne sont probablement pas laissées <eos>,13,laissées,laissés,11,M,laissées,-7.839593,laissés,-11.051188,1
3954,P_NOUN_8_PASS_b,F,P,les pochettes avec les rideaux que j' aime beaucoup ne sont probablement pas ouvertes <eos>,13,ouvertes,ouverts,11,M,ouvertes,-7.165637,ouverts,-9.820546,1
3955,P_NOUN_8_PASS_b,F,P,les pochettes avec les rideaux que j' aime beaucoup ne sont probablement pas perdues <eos>,13,perdues,perdus,11,M,perdues,-7.327281,perdus,-9.179736,1
3956,P_NOUN_8_PASS_b,F,P,les pochettes avec les rideaux que j' aime beaucoup ne sont probablement pas réparées <eos>,13,réparées,réparés,11,M,réparées,-9.478085,réparés,-13.477308,1
3957,P_NOUN_8_PASS_b,F,P,les pochettes avec les rideaux que j' aime beaucoup ne sont probablement pas retirées <eos>,13,retirées,retirés,11,M,retirées,-8.157388,retirés,-11.499462,1
3958,P_NOUN_8_PASS_b,F,P,les pochettes avec les rideaux que j' aime beaucoup ne sont probablement pas tombées <eos>,13,tombées,tombés,11,M,tombées,-8.299472,tombés,-9.608784,1
3959,P_NOUN_8_PASS_b,F,P,les pochettes avec les rideaux que j' aime beaucoup ne sont probablement pas utilisées <eos>,13,utilisées,utilisés,11,M,utilisées,-5.968048,utilisés,-7.9886494,1
3960,P_NOUN_8_PASS_b,F,P,les pochettes avec les cahiers que j' aime beaucoup ne sont probablement pas achetées <eos>,13,achetées,achetés,11,M,achetées,-10.166412,achetés,-11.1757,1
3961,P_NOUN_8_PASS_b,F,P,les pochettes avec les cahiers que j' aime beaucoup ne sont probablement pas brisées <eos>,13,brisées,brisés,11,M,brisées,-10.696489,brisés,-13.800715,1
3962,P_NOUN_8_PASS_b,F,P,les pochettes avec les cahiers que j' aime beaucoup ne sont probablement pas cachées <eos>,13,cachées,cachés,11,M,cachées,-8.963052,cachés,-10.989666,1
3963,P_NOUN_8_PASS_b,F,P,les pochettes avec les cahiers que j' aime beaucoup ne sont probablement pas cassées <eos>,13,cassées,cassés,11,M,cassées,-10.674734,cassés,-12.516022,1
3964,P_NOUN_8_PASS_b,F,P,les pochettes avec les cahiers que j' aime beaucoup ne sont probablement pas couvertes <eos>,13,couvertes,couverts,11,M,couvertes,-8.681866,couverts,-10.671287,1
3965,P_NOUN_8_PASS_b,F,P,les pochettes avec les cahiers que j' aime beaucoup ne sont probablement pas déformées <eos>,13,déformées,déformés,11,M,déformées,-8.484912,déformés,-13.396903,1
3966,P_NOUN_8_PASS_b,F,P,les pochettes avec les cahiers que j' aime beaucoup ne sont probablement pas fixées <eos>,13,fixées,fixés,11,M,fixées,-9.896339,fixés,-11.841074,1
3967,P_NOUN_8_PASS_b,F,P,les pochettes avec les cahiers que j' aime beaucoup ne sont probablement pas jetées <eos>,13,jetées,jetés,11,M,jetées,-11.563829,jetés,-12.139327,1
3968,P_NOUN_8_PASS_b,F,P,les pochettes avec les cahiers que j' aime beaucoup ne sont probablement pas laissées <eos>,13,laissées,laissés,11,M,laissées,-8.344272,laissés,-11.311343,1
3969,P_NOUN_8_PASS_b,F,P,les pochettes avec les cahiers que j' aime beaucoup ne sont probablement pas ouvertes <eos>,13,ouvertes,ouverts,11,M,ouvertes,-6.696795,ouverts,-9.415126,1
3970,P_NOUN_8_PASS_b,F,P,les pochettes avec les cahiers que j' aime beaucoup ne sont probablement pas perdues <eos>,13,perdues,perdus,11,M,perdues,-7.219854,perdus,-8.964973,1
3971,P_NOUN_8_PASS_b,F,P,les pochettes avec les cahiers que j' aime beaucoup ne sont probablement pas réparées <eos>,13,réparées,réparés,11,M,réparées,-9.928957,réparés,-13.748297,1
3972,P_NOUN_8_PASS_b,F,P,les pochettes avec les cahiers que j' aime beaucoup ne sont probablement pas retirées <eos>,13,retirées,retirés,11,M,retirées,-8.583644,retirés,-11.907937,1
3973,P_NOUN_8_PASS_b,F,P,les pochettes avec les cahiers que j' aime beaucoup ne sont probablement pas tombées <eos>,13,tombées,tombés,11,M,tombées,-8.854473,tombés,-9.987732,1
3974,P_NOUN_8_PASS_b,F,P,les pochettes avec les cahiers que j' aime beaucoup ne sont probablement pas utilisées <eos>,13,utilisées,utilisés,11,M,utilisées,-6.319081,utilisés,-8.326521,1
3975,P_NOUN_8_PASS_b,F,P,les pochettes avec les micros que j' aime beaucoup ne sont probablement pas achetées <eos>,13,achetées,achetés,11,M,achetées,-10.162784,achetés,-11.079423,1
3976,P_NOUN_8_PASS_b,F,P,les pochettes avec les micros que j' aime beaucoup ne sont probablement pas brisées <eos>,13,brisées,brisés,11,M,brisées,-9.951128,brisés,-13.4481945,1
3977,P_NOUN_8_PASS_b,F,P,les pochettes avec les micros que j' aime beaucoup ne sont probablement pas cachées <eos>,13,cachées,cachés,11,M,cachées,-8.946461,cachés,-10.908512,1
3978,P_NOUN_8_PASS_b,F,P,les pochettes avec les micros que j' aime beaucoup ne sont probablement pas cassées <eos>,13,cassées,cassés,11,M,cassées,-10.005255,cassés,-12.146606,1
3979,P_NOUN_8_PASS_b,F,P,les pochettes avec les micros que j' aime beaucoup ne sont probablement pas couvertes <eos>,13,couvertes,couverts,11,M,couvertes,-8.484869,couverts,-10.104366,1
3980,P_NOUN_8_PASS_b,F,P,les pochettes avec les micros que j' aime beaucoup ne sont probablement pas déformées <eos>,13,déformées,déformés,11,M,déformées,-8.1469555,déformés,-13.349937,1
3981,P_NOUN_8_PASS_b,F,P,les pochettes avec les micros que j' aime beaucoup ne sont probablement pas fixées <eos>,13,fixées,fixés,11,M,fixées,-9.055975,fixés,-10.644575,1
3982,P_NOUN_8_PASS_b,F,P,les pochettes avec les micros que j' aime beaucoup ne sont probablement pas jetées <eos>,13,jetées,jetés,11,M,jetées,-10.949457,jetés,-11.696844,1
3983,P_NOUN_8_PASS_b,F,P,les pochettes avec les micros que j' aime beaucoup ne sont probablement pas laissées <eos>,13,laissées,laissés,11,M,laissées,-8.082536,laissés,-11.662998,1
3984,P_NOUN_8_PASS_b,F,P,les pochettes avec les micros que j' aime beaucoup ne sont probablement pas ouvertes <eos>,13,ouvertes,ouverts,11,M,ouvertes,-7.1830873,ouverts,-9.623838,1
3985,P_NOUN_8_PASS_b,F,P,les pochettes avec les micros que j' aime beaucoup ne sont probablement pas perdues <eos>,13,perdues,perdus,11,M,perdues,-7.84741,perdus,-9.478014,1
3986,P_NOUN_8_PASS_b,F,P,les pochettes avec les micros que j' aime beaucoup ne sont probablement pas réparées <eos>,13,réparées,réparés,11,M,réparées,-9.975309,réparés,-13.878152,1
3987,P_NOUN_8_PASS_b,F,P,les pochettes avec les micros que j' aime beaucoup ne sont probablement pas retirées <eos>,13,retirées,retirés,11,M,retirées,-8.541652,retirés,-11.526929,1
3988,P_NOUN_8_PASS_b,F,P,les pochettes avec les micros que j' aime beaucoup ne sont probablement pas tombées <eos>,13,tombées,tombés,11,M,tombées,-8.977377,tombés,-10.181236,1
3989,P_NOUN_8_PASS_b,F,P,les pochettes avec les micros que j' aime beaucoup ne sont probablement pas utilisées <eos>,13,utilisées,utilisés,11,M,utilisées,-5.644561,utilisés,-7.408594,1
3990,P_NOUN_8_PASS_b,F,P,les pochettes avec les sacs que j' aime beaucoup ne sont probablement pas achetées <eos>,13,achetées,achetés,11,M,achetées,-10.052473,achetés,-10.247633,1
3991,P_NOUN_8_PASS_b,F,P,les pochettes avec les sacs que j' aime beaucoup ne sont probablement pas brisées <eos>,13,brisées,brisés,11,M,brisées,-10.158794,brisés,-12.8750725,1
3992,P_NOUN_8_PASS_b,F,P,les pochettes avec les sacs que j' aime beaucoup ne sont probablement pas cachées <eos>,13,cachées,cachés,11,M,cachées,-8.760844,cachés,-10.040294,1
3993,P_NOUN_8_PASS_b,F,P,les pochettes avec les sacs que j' aime beaucoup ne sont probablement pas cassées <eos>,13,cassées,cassés,11,M,cassées,-9.986304,cassés,-11.279312,1
3994,P_NOUN_8_PASS_b,F,P,les pochettes avec les sacs que j' aime beaucoup ne sont probablement pas couvertes <eos>,13,couvertes,couverts,11,M,couvertes,-8.496579,couverts,-9.403151,1
3995,P_NOUN_8_PASS_b,F,P,les pochettes avec les sacs que j' aime beaucoup ne sont probablement pas déformées <eos>,13,déformées,déformés,11,M,déformées,-8.805176,déformés,-13.2372265,1
3996,P_NOUN_8_PASS_b,F,P,les pochettes avec les sacs que j' aime beaucoup ne sont probablement pas fixées <eos>,13,fixées,fixés,11,M,fixées,-9.301254,fixés,-10.352368,1
3997,P_NOUN_8_PASS_b,F,P,les pochettes avec les sacs que j' aime beaucoup ne sont probablement pas jetées <eos>,13,jetées,jetés,11,M,jetées,-10.52348,jetés,-10.515562,0
3998,P_NOUN_8_PASS_b,F,P,les pochettes avec les sacs que j' aime beaucoup ne sont probablement pas laissées <eos>,13,laissées,laissés,11,M,laissées,-8.359839,laissés,-10.529674,1
3999,P_NOUN_8_PASS_b,F,P,les pochettes avec les sacs que j' aime beaucoup ne sont probablement pas ouvertes <eos>,13,ouvertes,ouverts,11,M,ouvertes,-7.4180965,ouverts,-9.203146,1
4000,P_NOUN_8_PASS_b,F,P,les pochettes avec les sacs que j' aime beaucoup ne sont probablement pas perdues <eos>,13,perdues,perdus,11,M,perdues,-7.8845844,perdus,-8.757355,1
4001,P_NOUN_8_PASS_b,F,P,les pochettes avec les sacs que j' aime beaucoup ne sont probablement pas réparées <eos>,13,réparées,réparés,11,M,réparées,-9.796673,réparés,-12.934929,1
4002,P_NOUN_8_PASS_b,F,P,les pochettes avec les sacs que j' aime beaucoup ne sont probablement pas retirées <eos>,13,retirées,retirés,11,M,retirées,-8.655604,retirés,-10.682592,1
4003,P_NOUN_8_PASS_b,F,P,les pochettes avec les sacs que j' aime beaucoup ne sont probablement pas tombées <eos>,13,tombées,tombés,11,M,tombées,-8.74922,tombés,-9.251759,1
4004,P_NOUN_8_PASS_b,F,P,les pochettes avec les sacs que j' aime beaucoup ne sont probablement pas utilisées <eos>,13,utilisées,utilisés,11,M,utilisées,-5.9596786,utilisés,-7.1326876,1
4005,P_NOUN_8_PASS_b,F,P,les pochettes avec les claviers que j' aime beaucoup ne sont probablement pas achetées <eos>,13,achetées,achetés,11,M,achetées,-9.995701,achetés,-11.10914,1
4006,P_NOUN_8_PASS_b,F,P,les pochettes avec les claviers que j' aime beaucoup ne sont probablement pas brisées <eos>,13,brisées,brisés,11,M,brisées,-9.743553,brisés,-13.259102,1
4007,P_NOUN_8_PASS_b,F,P,les pochettes avec les claviers que j' aime beaucoup ne sont probablement pas cachées <eos>,13,cachées,cachés,11,M,cachées,-8.801728,cachés,-10.925972,1
4008,P_NOUN_8_PASS_b,F,P,les pochettes avec les claviers que j' aime beaucoup ne sont probablement pas cassées <eos>,13,cassées,cassés,11,M,cassées,-10.284267,cassés,-12.204599,1
4009,P_NOUN_8_PASS_b,F,P,les pochettes avec les claviers que j' aime beaucoup ne sont probablement pas couvertes <eos>,13,couvertes,couverts,11,M,couvertes,-8.303237,couverts,-10.444809,1
4010,P_NOUN_8_PASS_b,F,P,les pochettes avec les claviers que j' aime beaucoup ne sont probablement pas déformées <eos>,13,déformées,déformés,11,M,déformées,-8.052959,déformés,-13.62529,1
4011,P_NOUN_8_PASS_b,F,P,les pochettes avec les claviers que j' aime beaucoup ne sont probablement pas fixées <eos>,13,fixées,fixés,11,M,fixées,-9.1246195,fixés,-10.887829,1
4012,P_NOUN_8_PASS_b,F,P,les pochettes avec les claviers que j' aime beaucoup ne sont probablement pas jetées <eos>,13,jetées,jetés,11,M,jetées,-10.896337,jetés,-11.8177,1
4013,P_NOUN_8_PASS_b,F,P,les pochettes avec les claviers que j' aime beaucoup ne sont probablement pas laissées <eos>,13,laissées,laissés,11,M,laissées,-8.315496,laissés,-11.541535,1
4014,P_NOUN_8_PASS_b,F,P,les pochettes avec les claviers que j' aime beaucoup ne sont probablement pas ouvertes <eos>,13,ouvertes,ouverts,11,M,ouvertes,-6.671138,ouverts,-9.678423,1
4015,P_NOUN_8_PASS_b,F,P,les pochettes avec les claviers que j' aime beaucoup ne sont probablement pas perdues <eos>,13,perdues,perdus,11,M,perdues,-7.3247356,perdus,-9.3622055,1
4016,P_NOUN_8_PASS_b,F,P,les pochettes avec les claviers que j' aime beaucoup ne sont probablement pas réparées <eos>,13,réparées,réparés,11,M,réparées,-9.6672945,réparés,-13.663795,1
4017,P_NOUN_8_PASS_b,F,P,les pochettes avec les claviers que j' aime beaucoup ne sont probablement pas retirées <eos>,13,retirées,retirés,11,M,retirées,-8.415499,retirés,-11.530796,1
4018,P_NOUN_8_PASS_b,F,P,les pochettes avec les claviers que j' aime beaucoup ne sont probablement pas tombées <eos>,13,tombées,tombés,11,M,tombées,-8.822963,tombés,-10.6079235,1
4019,P_NOUN_8_PASS_b,F,P,les pochettes avec les claviers que j' aime beaucoup ne sont probablement pas utilisées <eos>,13,utilisées,utilisés,11,M,utilisées,-5.4589996,utilisés,-7.5454445,1
4020,P_NOUN_8_PASS_b,F,P,les pochettes avec les raisins que j' aime beaucoup ne sont probablement pas achetées <eos>,13,achetées,achetés,11,M,achetées,-9.234478,achetés,-9.814428,1
4021,P_NOUN_8_PASS_b,F,P,les pochettes avec les raisins que j' aime beaucoup ne sont probablement pas brisées <eos>,13,brisées,brisés,11,M,brisées,-10.036,brisés,-13.388767,1
4022,P_NOUN_8_PASS_b,F,P,les pochettes avec les raisins que j' aime beaucoup ne sont probablement pas cachées <eos>,13,cachées,cachés,11,M,cachées,-8.738651,cachés,-10.731734,1
4023,P_NOUN_8_PASS_b,F,P,les pochettes avec les raisins que j' aime beaucoup ne sont probablement pas cassées <eos>,13,cassées,cassés,11,M,cassées,-9.844997,cassés,-10.535951,1
4024,P_NOUN_8_PASS_b,F,P,les pochettes avec les raisins que j' aime beaucoup ne sont probablement pas couvertes <eos>,13,couvertes,couverts,11,M,couvertes,-8.107955,couverts,-9.1033125,1
4025,P_NOUN_8_PASS_b,F,P,les pochettes avec les raisins que j' aime beaucoup ne sont probablement pas déformées <eos>,13,déformées,déformés,11,M,déformées,-9.11949,déformés,-14.104422,1
4026,P_NOUN_8_PASS_b,F,P,les pochettes avec les raisins que j' aime beaucoup ne sont probablement pas fixées <eos>,13,fixées,fixés,11,M,fixées,-9.407586,fixés,-10.742046,1
4027,P_NOUN_8_PASS_b,F,P,les pochettes avec les raisins que j' aime beaucoup ne sont probablement pas jetées <eos>,13,jetées,jetés,11,M,jetées,-11.393827,jetés,-11.667475,1
4028,P_NOUN_8_PASS_b,F,P,les pochettes avec les raisins que j' aime beaucoup ne sont probablement pas laissées <eos>,13,laissées,laissés,11,M,laissées,-7.5890694,laissés,-10.555447,1
4029,P_NOUN_8_PASS_b,F,P,les pochettes avec les raisins que j' aime beaucoup ne sont probablement pas ouvertes <eos>,13,ouvertes,ouverts,11,M,ouvertes,-7.49072,ouverts,-9.864988,1
4030,P_NOUN_8_PASS_b,F,P,les pochettes avec les raisins que j' aime beaucoup ne sont probablement pas perdues <eos>,13,perdues,perdus,11,M,perdues,-7.9555655,perdus,-9.437242,1
4031,P_NOUN_8_PASS_b,F,P,les pochettes avec les raisins que j' aime beaucoup ne sont probablement pas réparées <eos>,13,réparées,réparés,11,M,réparées,-9.61678,réparés,-13.231225,1
4032,P_NOUN_8_PASS_b,F,P,les pochettes avec les raisins que j' aime beaucoup ne sont probablement pas retirées <eos>,13,retirées,retirés,11,M,retirées,-8.54898,retirés,-10.903626,1
4033,P_NOUN_8_PASS_b,F,P,les pochettes avec les raisins que j' aime beaucoup ne sont probablement pas tombées <eos>,13,tombées,tombés,11,M,tombées,-8.335693,tombés,-9.559622,1
4034,P_NOUN_8_PASS_b,F,P,les pochettes avec les raisins que j' aime beaucoup ne sont probablement pas utilisées <eos>,13,utilisées,utilisés,11,M,utilisées,-5.915989,utilisés,-7.4791384,1
4035,P_NOUN_8_PASS_b,F,P,les pochettes avec les chargeurs que j' aime beaucoup ne sont probablement pas achetées <eos>,13,achetées,achetés,11,M,achetées,-9.532616,achetés,-10.90217,1
4036,P_NOUN_8_PASS_b,F,P,les pochettes avec les chargeurs que j' aime beaucoup ne sont probablement pas brisées <eos>,13,brisées,brisés,11,M,brisées,-9.795378,brisés,-13.160779,1
4037,P_NOUN_8_PASS_b,F,P,les pochettes avec les chargeurs que j' aime beaucoup ne sont probablement pas cachées <eos>,13,cachées,cachés,11,M,cachées,-8.722092,cachés,-9.889193,1
4038,P_NOUN_8_PASS_b,F,P,les pochettes avec les chargeurs que j' aime beaucoup ne sont probablement pas cassées <eos>,13,cassées,cassés,11,M,cassées,-10.111754,cassés,-11.357662,1
4039,P_NOUN_8_PASS_b,F,P,les pochettes avec les chargeurs que j' aime beaucoup ne sont probablement pas couvertes <eos>,13,couvertes,couverts,11,M,couvertes,-8.19997,couverts,-9.650024,1
4040,P_NOUN_8_PASS_b,F,P,les pochettes avec les chargeurs que j' aime beaucoup ne sont probablement pas déformées <eos>,13,déformées,déformés,11,M,déformées,-8.59691,déformés,-13.928024,1
4041,P_NOUN_8_PASS_b,F,P,les pochettes avec les chargeurs que j' aime beaucoup ne sont probablement pas fixées <eos>,13,fixées,fixés,11,M,fixées,-8.519738,fixés,-10.167276,1
4042,P_NOUN_8_PASS_b,F,P,les pochettes avec les chargeurs que j' aime beaucoup ne sont probablement pas jetées <eos>,13,jetées,jetés,11,M,jetées,-10.569313,jetés,-10.867414,1
4043,P_NOUN_8_PASS_b,F,P,les pochettes avec les chargeurs que j' aime beaucoup ne sont probablement pas laissées <eos>,13,laissées,laissés,11,M,laissées,-8.202333,laissés,-11.217791,1
4044,P_NOUN_8_PASS_b,F,P,les pochettes avec les chargeurs que j' aime beaucoup ne sont probablement pas ouvertes <eos>,13,ouvertes,ouverts,11,M,ouvertes,-7.4387956,ouverts,-9.651332,1
4045,P_NOUN_8_PASS_b,F,P,les pochettes avec les chargeurs que j' aime beaucoup ne sont probablement pas perdues <eos>,13,perdues,perdus,11,M,perdues,-6.914336,perdus,-8.79027,1
4046,P_NOUN_8_PASS_b,F,P,les pochettes avec les chargeurs que j' aime beaucoup ne sont probablement pas réparées <eos>,13,réparées,réparés,11,M,réparées,-9.782848,réparés,-12.805321,1
4047,P_NOUN_8_PASS_b,F,P,les pochettes avec les chargeurs que j' aime beaucoup ne sont probablement pas retirées <eos>,13,retirées,retirés,11,M,retirées,-8.150383,retirés,-10.00768,1
4048,P_NOUN_8_PASS_b,F,P,les pochettes avec les chargeurs que j' aime beaucoup ne sont probablement pas tombées <eos>,13,tombées,tombés,11,M,tombées,-8.405563,tombés,-9.127764,1
4049,P_NOUN_8_PASS_b,F,P,les pochettes avec les chargeurs que j' aime beaucoup ne sont probablement pas utilisées <eos>,13,utilisées,utilisés,11,M,utilisées,-5.211224,utilisés,-6.943667,1
4050,P_NOUN_8_PASS_b,F,P,les pochettes avec les vases que j' aime beaucoup ne sont probablement pas achetées <eos>,13,achetées,achetés,11,M,achetées,-10.205053,achetés,-10.798592,1
4051,P_NOUN_8_PASS_b,F,P,les pochettes avec les vases que j' aime beaucoup ne sont probablement pas brisées <eos>,13,brisées,brisés,11,M,brisées,-9.582604,brisés,-12.5897255,1
4052,P_NOUN_8_PASS_b,F,P,les pochettes avec les vases que j' aime beaucoup ne sont probablement pas cachées <eos>,13,cachées,cachés,11,M,cachées,-8.446235,cachés,-10.2442045,1
4053,P_NOUN_8_PASS_b,F,P,les pochettes avec les vases que j' aime beaucoup ne sont probablement pas cassées <eos>,13,cassées,cassés,11,M,cassées,-9.193434,cassés,-10.75069,1
4054,P_NOUN_8_PASS_b,F,P,les pochettes avec les vases que j' aime beaucoup ne sont probablement pas couvertes <eos>,13,couvertes,couverts,11,M,couvertes,-8.531921,couverts,-9.669773,1
4055,P_NOUN_8_PASS_b,F,P,les pochettes avec les vases que j' aime beaucoup ne sont probablement pas déformées <eos>,13,déformées,déformés,11,M,déformées,-7.7347684,déformés,-12.598377,1
4056,P_NOUN_8_PASS_b,F,P,les pochettes avec les vases que j' aime beaucoup ne sont probablement pas fixées <eos>,13,fixées,fixés,11,M,fixées,-8.629349,fixés,-10.53631,1
4057,P_NOUN_8_PASS_b,F,P,les pochettes avec les vases que j' aime beaucoup ne sont probablement pas jetées <eos>,13,jetées,jetés,11,M,jetées,-10.082198,jetés,-10.5266485,1
4058,P_NOUN_8_PASS_b,F,P,les pochettes avec les vases que j' aime beaucoup ne sont probablement pas laissées <eos>,13,laissées,laissés,11,M,laissées,-7.936236,laissés,-10.481543,1
4059,P_NOUN_8_PASS_b,F,P,les pochettes avec les vases que j' aime beaucoup ne sont probablement pas ouvertes <eos>,13,ouvertes,ouverts,11,M,ouvertes,-7.8251534,ouverts,-10.076393,1
4060,P_NOUN_8_PASS_b,F,P,les pochettes avec les vases que j' aime beaucoup ne sont probablement pas perdues <eos>,13,perdues,perdus,11,M,perdues,-7.507575,perdus,-8.763403,1
4061,P_NOUN_8_PASS_b,F,P,les pochettes avec les vases que j' aime beaucoup ne sont probablement pas réparées <eos>,13,réparées,réparés,11,M,réparées,-9.687328,réparés,-13.354191,1
4062,P_NOUN_8_PASS_b,F,P,les pochettes avec les vases que j' aime beaucoup ne sont probablement pas retirées <eos>,13,retirées,retirés,11,M,retirées,-8.452125,retirés,-10.833926,1
4063,P_NOUN_8_PASS_b,F,P,les pochettes avec les vases que j' aime beaucoup ne sont probablement pas tombées <eos>,13,tombées,tombés,11,M,tombées,-8.127324,tombés,-9.079149,1
4064,P_NOUN_8_PASS_b,F,P,les pochettes avec les vases que j' aime beaucoup ne sont probablement pas utilisées <eos>,13,utilisées,utilisés,11,M,utilisées,-5.8111687,utilisés,-7.2411795,1
4065,P_NOUN_8_PASS_b,F,P,les pochettes avec les paniers que j' aime beaucoup ne sont probablement pas achetées <eos>,13,achetées,achetés,11,M,achetées,-9.9880905,achetés,-10.580881,1
4066,P_NOUN_8_PASS_b,F,P,les pochettes avec les paniers que j' aime beaucoup ne sont probablement pas brisées <eos>,13,brisées,brisés,11,M,brisées,-9.872152,brisés,-13.076464,1
4067,P_NOUN_8_PASS_b,F,P,les pochettes avec les paniers que j' aime beaucoup ne sont probablement pas cachées <eos>,13,cachées,cachés,11,M,cachées,-8.671322,cachés,-10.514847,1
4068,P_NOUN_8_PASS_b,F,P,les pochettes avec les paniers que j' aime beaucoup ne sont probablement pas cassées <eos>,13,cassées,cassés,11,M,cassées,-9.482026,cassés,-11.57777,1
4069,P_NOUN_8_PASS_b,F,P,les pochettes avec les paniers que j' aime beaucoup ne sont probablement pas couvertes <eos>,13,couvertes,couverts,11,M,couvertes,-8.582825,couverts,-9.952284,1
4070,P_NOUN_8_PASS_b,F,P,les pochettes avec les paniers que j' aime beaucoup ne sont probablement pas déformées <eos>,13,déformées,déformés,11,M,déformées,-8.298344,déformés,-13.287754,1
4071,P_NOUN_8_PASS_b,F,P,les pochettes avec les paniers que j' aime beaucoup ne sont probablement pas fixées <eos>,13,fixées,fixés,11,M,fixées,-8.880518,fixés,-10.568448,1
4072,P_NOUN_8_PASS_b,F,P,les pochettes avec les paniers que j' aime beaucoup ne sont probablement pas jetées <eos>,13,jetées,jetés,11,M,jetées,-10.333794,jetés,-10.96533,1
4073,P_NOUN_8_PASS_b,F,P,les pochettes avec les paniers que j' aime beaucoup ne sont probablement pas laissées <eos>,13,laissées,laissés,11,M,laissées,-8.418457,laissés,-11.200708,1
4074,P_NOUN_8_PASS_b,F,P,les pochettes avec les paniers que j' aime beaucoup ne sont probablement pas ouvertes <eos>,13,ouvertes,ouverts,11,M,ouvertes,-7.5230007,ouverts,-9.801685,1
4075,P_NOUN_8_PASS_b,F,P,les pochettes avec les paniers que j' aime beaucoup ne sont probablement pas perdues <eos>,13,perdues,perdus,11,M,perdues,-7.731574,perdus,-9.23888,1
4076,P_NOUN_8_PASS_b,F,P,les pochettes avec les paniers que j' aime beaucoup ne sont probablement pas réparées <eos>,13,réparées,réparés,11,M,réparées,-10.090424,réparés,-13.821781,1
4077,P_NOUN_8_PASS_b,F,P,les pochettes avec les paniers que j' aime beaucoup ne sont probablement pas retirées <eos>,13,retirées,retirés,11,M,retirées,-8.402952,retirés,-10.951933,1
4078,P_NOUN_8_PASS_b,F,P,les pochettes avec les paniers que j' aime beaucoup ne sont probablement pas tombées <eos>,13,tombées,tombés,11,M,tombées,-8.605665,tombés,-9.5262165,1
4079,P_NOUN_8_PASS_b,F,P,les pochettes avec les paniers que j' aime beaucoup ne sont probablement pas utilisées <eos>,13,utilisées,utilisés,11,M,utilisées,-5.5465755,utilisés,-7.137883,1
4080,P_NOUN_8_PASS_b,F,P,les pochettes avec les colliers que j' aime beaucoup ne sont probablement pas achetées <eos>,13,achetées,achetés,11,M,achetées,-9.557059,achetés,-10.859728,1
4081,P_NOUN_8_PASS_b,F,P,les pochettes avec les colliers que j' aime beaucoup ne sont probablement pas brisées <eos>,13,brisées,brisés,11,M,brisées,-9.69754,brisés,-12.597654,1
4082,P_NOUN_8_PASS_b,F,P,les pochettes avec les colliers que j' aime beaucoup ne sont probablement pas cachées <eos>,13,cachées,cachés,11,M,cachées,-8.828853,cachés,-10.495907,1
4083,P_NOUN_8_PASS_b,F,P,les pochettes avec les colliers que j' aime beaucoup ne sont probablement pas cassées <eos>,13,cassées,cassés,11,M,cassées,-9.189877,cassés,-10.790985,1
4084,P_NOUN_8_PASS_b,F,P,les pochettes avec les colliers que j' aime beaucoup ne sont probablement pas couvertes <eos>,13,couvertes,couverts,11,M,couvertes,-8.590743,couverts,-10.188391,1
4085,P_NOUN_8_PASS_b,F,P,les pochettes avec les colliers que j' aime beaucoup ne sont probablement pas déformées <eos>,13,déformées,déformés,11,M,déformées,-7.9075594,déformés,-12.881352,1
4086,P_NOUN_8_PASS_b,F,P,les pochettes avec les colliers que j' aime beaucoup ne sont probablement pas fixées <eos>,13,fixées,fixés,11,M,fixées,-8.710814,fixés,-10.654079,1
4087,P_NOUN_8_PASS_b,F,P,les pochettes avec les colliers que j' aime beaucoup ne sont probablement pas jetées <eos>,13,jetées,jetés,11,M,jetées,-10.12235,jetés,-10.553891,1
4088,P_NOUN_8_PASS_b,F,P,les pochettes avec les colliers que j' aime beaucoup ne sont probablement pas laissées <eos>,13,laissées,laissés,11,M,laissées,-8.05216,laissés,-10.93409,1
4089,P_NOUN_8_PASS_b,F,P,les pochettes avec les colliers que j' aime beaucoup ne sont probablement pas ouvertes <eos>,13,ouvertes,ouverts,11,M,ouvertes,-7.793051,ouverts,-10.260423,1
4090,P_NOUN_8_PASS_b,F,P,les pochettes avec les colliers que j' aime beaucoup ne sont probablement pas perdues <eos>,13,perdues,perdus,11,M,perdues,-7.3846235,perdus,-8.982304,1
4091,P_NOUN_8_PASS_b,F,P,les pochettes avec les colliers que j' aime beaucoup ne sont probablement pas réparées <eos>,13,réparées,réparés,11,M,réparées,-9.508794,réparés,-13.4248295,1
4092,P_NOUN_8_PASS_b,F,P,les pochettes avec les colliers que j' aime beaucoup ne sont probablement pas retirées <eos>,13,retirées,retirés,11,M,retirées,-8.014177,retirés,-10.513223,1
4093,P_NOUN_8_PASS_b,F,P,les pochettes avec les colliers que j' aime beaucoup ne sont probablement pas tombées <eos>,13,tombées,tombés,11,M,tombées,-8.2508545,tombés,-9.198151,1
4094,P_NOUN_8_PASS_b,F,P,les pochettes avec les colliers que j' aime beaucoup ne sont probablement pas utilisées <eos>,13,utilisées,utilisés,11,M,utilisées,-5.49446,utilisés,-7.32203,1
4095,P_NOUN_8_PASS_b,F,P,les pochettes avec les chapeaux que j' aime beaucoup ne sont probablement pas achetées <eos>,13,achetées,achetés,11,M,achetées,-9.787273,achetés,-10.869861,1
4096,P_NOUN_8_PASS_b,F,P,les pochettes avec les chapeaux que j' aime beaucoup ne sont probablement pas brisées <eos>,13,brisées,brisés,11,M,brisées,-10.012243,brisés,-13.427475,1
4097,P_NOUN_8_PASS_b,F,P,les pochettes avec les chapeaux que j' aime beaucoup ne sont probablement pas cachées <eos>,13,cachées,cachés,11,M,cachées,-8.529976,cachés,-10.586779,1
4098,P_NOUN_8_PASS_b,F,P,les pochettes avec les chapeaux que j' aime beaucoup ne sont probablement pas cassées <eos>,13,cassées,cassés,11,M,cassées,-9.69811,cassés,-11.877086,1
4099,P_NOUN_8_PASS_b,F,P,les pochettes avec les chapeaux que j' aime beaucoup ne sont probablement pas couvertes <eos>,13,couvertes,couverts,11,M,couvertes,-8.694744,couverts,-10.317768,1
4100,P_NOUN_8_PASS_b,F,P,les pochettes avec les chapeaux que j' aime beaucoup ne sont probablement pas déformées <eos>,13,déformées,déformés,11,M,déformées,-8.597055,déformés,-13.492945,1
4101,P_NOUN_8_PASS_b,F,P,les pochettes avec les chapeaux que j' aime beaucoup ne sont probablement pas fixées <eos>,13,fixées,fixés,11,M,fixées,-9.138437,fixés,-10.94939,1
4102,P_NOUN_8_PASS_b,F,P,les pochettes avec les chapeaux que j' aime beaucoup ne sont probablement pas jetées <eos>,13,jetées,jetés,11,M,jetées,-10.390762,jetés,-11.230501,1
4103,P_NOUN_8_PASS_b,F,P,les pochettes avec les chapeaux que j' aime beaucoup ne sont probablement pas laissées <eos>,13,laissées,laissés,11,M,laissées,-8.430956,laissés,-11.420868,1
4104,P_NOUN_8_PASS_b,F,P,les pochettes avec les chapeaux que j' aime beaucoup ne sont probablement pas ouvertes <eos>,13,ouvertes,ouverts,11,M,ouvertes,-7.6411552,ouverts,-10.237295,1
4105,P_NOUN_8_PASS_b,F,P,les pochettes avec les chapeaux que j' aime beaucoup ne sont probablement pas perdues <eos>,13,perdues,perdus,11,M,perdues,-7.772337,perdus,-9.607898,1
4106,P_NOUN_8_PASS_b,F,P,les pochettes avec les chapeaux que j' aime beaucoup ne sont probablement pas réparées <eos>,13,réparées,réparés,11,M,réparées,-10.076144,réparés,-13.857197,1
4107,P_NOUN_8_PASS_b,F,P,les pochettes avec les chapeaux que j' aime beaucoup ne sont probablement pas retirées <eos>,13,retirées,retirés,11,M,retirées,-8.338577,retirés,-11.070029,1
4108,P_NOUN_8_PASS_b,F,P,les pochettes avec les chapeaux que j' aime beaucoup ne sont probablement pas tombées <eos>,13,tombées,tombés,11,M,tombées,-8.620415,tombés,-9.2347555,1
4109,P_NOUN_8_PASS_b,F,P,les pochettes avec les chapeaux que j' aime beaucoup ne sont probablement pas utilisées <eos>,13,utilisées,utilisés,11,M,utilisées,-5.763868,utilisés,-7.4980006,1
4110,P_NOUN_8_PASS_b,F,P,les pochettes avec les pots que j' aime beaucoup ne sont probablement pas achetées <eos>,13,achetées,achetés,11,M,achetées,-9.635335,achetés,-9.965903,1
4111,P_NOUN_8_PASS_b,F,P,les pochettes avec les pots que j' aime beaucoup ne sont probablement pas brisées <eos>,13,brisées,brisés,11,M,brisées,-9.486458,brisés,-12.480299,1
4112,P_NOUN_8_PASS_b,F,P,les pochettes avec les pots que j' aime beaucoup ne sont probablement pas cachées <eos>,13,cachées,cachés,11,M,cachées,-8.853651,cachés,-10.165045,1
4113,P_NOUN_8_PASS_b,F,P,les pochettes avec les pots que j' aime beaucoup ne sont probablement pas cassées <eos>,13,cassées,cassés,11,M,cassées,-9.167072,cassés,-10.605434,1
4114,P_NOUN_8_PASS_b,F,P,les pochettes avec les pots que j' aime beaucoup ne sont probablement pas couvertes <eos>,13,couvertes,couverts,11,M,couvertes,-8.301961,couverts,-9.0019455,1
4115,P_NOUN_8_PASS_b,F,P,les pochettes avec les pots que j' aime beaucoup ne sont probablement pas déformées <eos>,13,déformées,déformés,11,M,déformées,-8.172124,déformés,-13.088383,1
4116,P_NOUN_8_PASS_b,F,P,les pochettes avec les pots que j' aime beaucoup ne sont probablement pas fixées <eos>,13,fixées,fixés,11,M,fixées,-8.900684,fixés,-10.267208,1
4117,P_NOUN_8_PASS_b,F,P,les pochettes avec les pots que j' aime beaucoup ne sont probablement pas jetées <eos>,13,jetées,jetés,11,M,jetées,-10.26971,jetés,-10.417077,1
4118,P_NOUN_8_PASS_b,F,P,les pochettes avec les pots que j' aime beaucoup ne sont probablement pas laissées <eos>,13,laissées,laissés,11,M,laissées,-7.7002664,laissés,-10.599838,1
4119,P_NOUN_8_PASS_b,F,P,les pochettes avec les pots que j' aime beaucoup ne sont probablement pas ouvertes <eos>,13,ouvertes,ouverts,11,M,ouvertes,-7.479151,ouverts,-9.336578,1
4120,P_NOUN_8_PASS_b,F,P,les pochettes avec les pots que j' aime beaucoup ne sont probablement pas perdues <eos>,13,perdues,perdus,11,M,perdues,-7.6338415,perdus,-8.50476,1
4121,P_NOUN_8_PASS_b,F,P,les pochettes avec les pots que j' aime beaucoup ne sont probablement pas réparées <eos>,13,réparées,réparés,11,M,réparées,-9.552071,réparés,-12.9327345,1
4122,P_NOUN_8_PASS_b,F,P,les pochettes avec les pots que j' aime beaucoup ne sont probablement pas retirées <eos>,13,retirées,retirés,11,M,retirées,-8.3113365,retirés,-10.398127,1
4123,P_NOUN_8_PASS_b,F,P,les pochettes avec les pots que j' aime beaucoup ne sont probablement pas tombées <eos>,13,tombées,tombés,11,M,tombées,-8.505491,tombés,-9.004977,1
4124,P_NOUN_8_PASS_b,F,P,les pochettes avec les pots que j' aime beaucoup ne sont probablement pas utilisées <eos>,13,utilisées,utilisés,11,M,utilisées,-5.573552,utilisés,-6.781581,1
4125,P_NOUN_8_PASS_b,F,P,les pochettes avec les coussins que j' aime beaucoup ne sont probablement pas achetées <eos>,13,achetées,achetés,11,M,achetées,-9.605424,achetés,-10.954114,1
4126,P_NOUN_8_PASS_b,F,P,les pochettes avec les coussins que j' aime beaucoup ne sont probablement pas brisées <eos>,13,brisées,brisés,11,M,brisées,-9.535877,brisés,-13.020283,1
4127,P_NOUN_8_PASS_b,F,P,les pochettes avec les coussins que j' aime beaucoup ne sont probablement pas cachées <eos>,13,cachées,cachés,11,M,cachées,-8.498639,cachés,-10.815407,1
4128,P_NOUN_8_PASS_b,F,P,les pochettes avec les coussins que j' aime beaucoup ne sont probablement pas cassées <eos>,13,cassées,cassés,11,M,cassées,-9.126954,cassés,-11.85534,1
4129,P_NOUN_8_PASS_b,F,P,les pochettes avec les coussins que j' aime beaucoup ne sont probablement pas couvertes <eos>,13,couvertes,couverts,11,M,couvertes,-8.190087,couverts,-10.220049,1
4130,P_NOUN_8_PASS_b,F,P,les pochettes avec les coussins que j' aime beaucoup ne sont probablement pas déformées <eos>,13,déformées,déformés,11,M,déformées,-7.8110914,déformés,-13.122153,1
4131,P_NOUN_8_PASS_b,F,P,les pochettes avec les coussins que j' aime beaucoup ne sont probablement pas fixées <eos>,13,fixées,fixés,11,M,fixées,-8.595345,fixés,-10.675987,1
4132,P_NOUN_8_PASS_b,F,P,les pochettes avec les coussins que j' aime beaucoup ne sont probablement pas jetées <eos>,13,jetées,jetés,11,M,jetées,-9.91577,jetés,-11.179221,1
4133,P_NOUN_8_PASS_b,F,P,les pochettes avec les coussins que j' aime beaucoup ne sont probablement pas laissées <eos>,13,laissées,laissés,11,M,laissées,-7.8301735,laissés,-11.422126,1
4134,P_NOUN_8_PASS_b,F,P,les pochettes avec les coussins que j' aime beaucoup ne sont probablement pas ouvertes <eos>,13,ouvertes,ouverts,11,M,ouvertes,-6.946373,ouverts,-9.645013,1
4135,P_NOUN_8_PASS_b,F,P,les pochettes avec les coussins que j' aime beaucoup ne sont probablement pas perdues <eos>,13,perdues,perdus,11,M,perdues,-7.5179133,perdus,-9.302028,1
4136,P_NOUN_8_PASS_b,F,P,les pochettes avec les coussins que j' aime beaucoup ne sont probablement pas réparées <eos>,13,réparées,réparés,11,M,réparées,-9.321817,réparés,-13.661066,1
4137,P_NOUN_8_PASS_b,F,P,les pochettes avec les coussins que j' aime beaucoup ne sont probablement pas retirées <eos>,13,retirées,retirés,11,M,retirées,-8.081633,retirés,-11.152429,1
4138,P_NOUN_8_PASS_b,F,P,les pochettes avec les coussins que j' aime beaucoup ne sont probablement pas tombées <eos>,13,tombées,tombés,11,M,tombées,-8.6720295,tombés,-10.18922,1
4139,P_NOUN_8_PASS_b,F,P,les pochettes avec les coussins que j' aime beaucoup ne sont probablement pas utilisées <eos>,13,utilisées,utilisés,11,M,utilisées,-5.455107,utilisés,-7.6212735,1
4140,P_NOUN_8_PASS_b,F,P,les pochettes avec les jouets que j' aime beaucoup ne sont probablement pas achetées <eos>,13,achetées,achetés,11,M,achetées,-9.957018,achetés,-10.439031,1
4141,P_NOUN_8_PASS_b,F,P,les pochettes avec les jouets que j' aime beaucoup ne sont probablement pas brisées <eos>,13,brisées,brisés,11,M,brisées,-10.106299,brisés,-12.804519,1
4142,P_NOUN_8_PASS_b,F,P,les pochettes avec les jouets que j' aime beaucoup ne sont probablement pas cachées <eos>,13,cachées,cachés,11,M,cachées,-8.55607,cachés,-9.907885,1
4143,P_NOUN_8_PASS_b,F,P,les pochettes avec les jouets que j' aime beaucoup ne sont probablement pas cassées <eos>,13,cassées,cassés,11,M,cassées,-10.255017,cassés,-11.290492,1
4144,P_NOUN_8_PASS_b,F,P,les pochettes avec les jouets que j' aime beaucoup ne sont probablement pas couvertes <eos>,13,couvertes,couverts,11,M,couvertes,-8.981336,couverts,-10.117397,1
4145,P_NOUN_8_PASS_b,F,P,les pochettes avec les jouets que j' aime beaucoup ne sont probablement pas déformées <eos>,13,déformées,déformés,11,M,déformées,-8.613853,déformés,-12.802563,1
4146,P_NOUN_8_PASS_b,F,P,les pochettes avec les jouets que j' aime beaucoup ne sont probablement pas fixées <eos>,13,fixées,fixés,11,M,fixées,-9.711689,fixés,-10.608017,1
4147,P_NOUN_8_PASS_b,F,P,les pochettes avec les jouets que j' aime beaucoup ne sont probablement pas jetées <eos>,13,jetées,jetés,11,M,jetées,-10.803051,jetés,-10.931864,1
4148,P_NOUN_8_PASS_b,F,P,les pochettes avec les jouets que j' aime beaucoup ne sont probablement pas laissées <eos>,13,laissées,laissés,11,M,laissées,-8.606617,laissés,-10.666662,1
4149,P_NOUN_8_PASS_b,F,P,les pochettes avec les jouets que j' aime beaucoup ne sont probablement pas ouvertes <eos>,13,ouvertes,ouverts,11,M,ouvertes,-7.6473103,ouverts,-9.310347,1
4150,P_NOUN_8_PASS_b,F,P,les pochettes avec les jouets que j' aime beaucoup ne sont probablement pas perdues <eos>,13,perdues,perdus,11,M,perdues,-7.9434032,perdus,-8.635506,1
4151,P_NOUN_8_PASS_b,F,P,les pochettes avec les jouets que j' aime beaucoup ne sont probablement pas réparées <eos>,13,réparées,réparés,11,M,réparées,-10.02597,réparés,-13.2196455,1
4152,P_NOUN_8_PASS_b,F,P,les pochettes avec les jouets que j' aime beaucoup ne sont probablement pas retirées <eos>,13,retirées,retirés,11,M,retirées,-8.781686,retirés,-11.129558,1
4153,P_NOUN_8_PASS_b,F,P,les pochettes avec les jouets que j' aime beaucoup ne sont probablement pas tombées <eos>,13,tombées,tombés,11,M,tombées,-8.772493,tombés,-9.314843,1
4154,P_NOUN_8_PASS_b,F,P,les pochettes avec les jouets que j' aime beaucoup ne sont probablement pas utilisées <eos>,13,utilisées,utilisés,11,M,utilisées,-6.187711,utilisés,-7.4136286,1
4155,P_NOUN_8_PASS_b,F,P,les pochettes avec les clous que j' aime beaucoup ne sont probablement pas achetées <eos>,13,achetées,achetés,11,M,achetées,-9.605149,achetés,-10.878364,1
4156,P_NOUN_8_PASS_b,F,P,les pochettes avec les clous que j' aime beaucoup ne sont probablement pas brisées <eos>,13,brisées,brisés,11,M,brisées,-9.604678,brisés,-12.9247875,1
4157,P_NOUN_8_PASS_b,F,P,les pochettes avec les clous que j' aime beaucoup ne sont probablement pas cachées <eos>,13,cachées,cachés,11,M,cachées,-8.336515,cachés,-10.184475,1
4158,P_NOUN_8_PASS_b,F,P,les pochettes avec les clous que j' aime beaucoup ne sont probablement pas cassées <eos>,13,cassées,cassés,11,M,cassées,-9.189266,cassés,-11.086255,1
4159,P_NOUN_8_PASS_b,F,P,les pochettes avec les clous que j' aime beaucoup ne sont probablement pas couvertes <eos>,13,couvertes,couverts,11,M,couvertes,-8.436787,couverts,-10.165477,1
4160,P_NOUN_8_PASS_b,F,P,les pochettes avec les clous que j' aime beaucoup ne sont probablement pas déformées <eos>,13,déformées,déformés,11,M,déformées,-8.194781,déformés,-13.158647,1
4161,P_NOUN_8_PASS_b,F,P,les pochettes avec les clous que j' aime beaucoup ne sont probablement pas fixées <eos>,13,fixées,fixés,11,M,fixées,-8.830781,fixés,-10.727722,1
4162,P_NOUN_8_PASS_b,F,P,les pochettes avec les clous que j' aime beaucoup ne sont probablement pas jetées <eos>,13,jetées,jetés,11,M,jetées,-9.881326,jetés,-10.46378,1
4163,P_NOUN_8_PASS_b,F,P,les pochettes avec les clous que j' aime beaucoup ne sont probablement pas laissées <eos>,13,laissées,laissés,11,M,laissées,-8.0682125,laissés,-10.78122,1
4164,P_NOUN_8_PASS_b,F,P,les pochettes avec les clous que j' aime beaucoup ne sont probablement pas ouvertes <eos>,13,ouvertes,ouverts,11,M,ouvertes,-7.6630707,ouverts,-10.41502,1
4165,P_NOUN_8_PASS_b,F,P,les pochettes avec les clous que j' aime beaucoup ne sont probablement pas perdues <eos>,13,perdues,perdus,11,M,perdues,-7.263814,perdus,-9.198066,1
4166,P_NOUN_8_PASS_b,F,P,les pochettes avec les clous que j' aime beaucoup ne sont probablement pas réparées <eos>,13,réparées,réparés,11,M,réparées,-9.339569,réparés,-13.196581,1
4167,P_NOUN_8_PASS_b,F,P,les pochettes avec les clous que j' aime beaucoup ne sont probablement pas retirées <eos>,13,retirées,retirés,11,M,retirées,-7.9070277,retirés,-10.7477,1
4168,P_NOUN_8_PASS_b,F,P,les pochettes avec les clous que j' aime beaucoup ne sont probablement pas tombées <eos>,13,tombées,tombés,11,M,tombées,-8.089821,tombés,-9.260226,1
4169,P_NOUN_8_PASS_b,F,P,les pochettes avec les clous que j' aime beaucoup ne sont probablement pas utilisées <eos>,13,utilisées,utilisés,11,M,utilisées,-5.5431614,utilisés,-7.4608727,1
4170,P_NOUN_8_PASS_b,F,P,les pochettes avec les billets que j' aime beaucoup ne sont probablement pas achetées <eos>,13,achetées,achetés,11,M,achetées,-8.762013,achetés,-9.871657,1
4171,P_NOUN_8_PASS_b,F,P,les pochettes avec les billets que j' aime beaucoup ne sont probablement pas brisées <eos>,13,brisées,brisés,11,M,brisées,-10.154671,brisés,-13.735734,1
4172,P_NOUN_8_PASS_b,F,P,les pochettes avec les billets que j' aime beaucoup ne sont probablement pas cachées <eos>,13,cachées,cachés,11,M,cachées,-9.374471,cachés,-10.012972,1
4173,P_NOUN_8_PASS_b,F,P,les pochettes avec les billets que j' aime beaucoup ne sont probablement pas cassées <eos>,13,cassées,cassés,11,M,cassées,-10.479939,cassés,-11.632175,1
4174,P_NOUN_8_PASS_b,F,P,les pochettes avec les billets que j' aime beaucoup ne sont probablement pas couvertes <eos>,13,couvertes,couverts,11,M,couvertes,-9.111075,couverts,-9.954523,1
4175,P_NOUN_8_PASS_b,F,P,les pochettes avec les billets que j' aime beaucoup ne sont probablement pas déformées <eos>,13,déformées,déformés,11,M,déformées,-9.215702,déformés,-14.514366,1
4176,P_NOUN_8_PASS_b,F,P,les pochettes avec les billets que j' aime beaucoup ne sont probablement pas fixées <eos>,13,fixées,fixés,11,M,fixées,-8.944115,fixés,-10.029556,1
4177,P_NOUN_8_PASS_b,F,P,les pochettes avec les billets que j' aime beaucoup ne sont probablement pas jetées <eos>,13,jetées,jetés,11,M,jetées,-10.742809,jetés,-10.814177,1
4178,P_NOUN_8_PASS_b,F,P,les pochettes avec les billets que j' aime beaucoup ne sont probablement pas laissées <eos>,13,laissées,laissés,11,M,laissées,-8.286612,laissés,-11.309504,1
4179,P_NOUN_8_PASS_b,F,P,les pochettes avec les billets que j' aime beaucoup ne sont probablement pas ouvertes <eos>,13,ouvertes,ouverts,11,M,ouvertes,-7.8859367,ouverts,-9.351141,1
4180,P_NOUN_8_PASS_b,F,P,les pochettes avec les billets que j' aime beaucoup ne sont probablement pas perdues <eos>,13,perdues,perdus,11,M,perdues,-7.3769226,perdus,-8.77805,1
4181,P_NOUN_8_PASS_b,F,P,les pochettes avec les billets que j' aime beaucoup ne sont probablement pas réparées <eos>,13,réparées,réparés,11,M,réparées,-10.381696,réparés,-13.351507,1
4182,P_NOUN_8_PASS_b,F,P,les pochettes avec les billets que j' aime beaucoup ne sont probablement pas retirées <eos>,13,retirées,retirés,11,M,retirées,-8.270905,retirés,-10.1199665,1
4183,P_NOUN_8_PASS_b,F,P,les pochettes avec les billets que j' aime beaucoup ne sont probablement pas tombées <eos>,13,tombées,tombés,11,M,tombées,-9.014403,tombés,-9.249769,1
4184,P_NOUN_8_PASS_b,F,P,les pochettes avec les billets que j' aime beaucoup ne sont probablement pas utilisées <eos>,13,utilisées,utilisés,11,M,utilisées,-5.879194,utilisés,-7.1929545,1
4185,P_NOUN_8_PASS_b,F,P,les pochettes avec les légumes que j' aime beaucoup ne sont probablement pas achetées <eos>,13,achetées,achetés,11,M,achetées,-9.198996,achetés,-10.132611,1
4186,P_NOUN_8_PASS_b,F,P,les pochettes avec les légumes que j' aime beaucoup ne sont probablement pas brisées <eos>,13,brisées,brisés,11,M,brisées,-9.998728,brisés,-13.050948,1
4187,P_NOUN_8_PASS_b,F,P,les pochettes avec les légumes que j' aime beaucoup ne sont probablement pas cachées <eos>,13,cachées,cachés,11,M,cachées,-9.005159,cachés,-10.539214,1
4188,P_NOUN_8_PASS_b,F,P,les pochettes avec les légumes que j' aime beaucoup ne sont probablement pas cassées <eos>,13,cassées,cassés,11,M,cassées,-9.586427,cassés,-10.587579,1
4189,P_NOUN_8_PASS_b,F,P,les pochettes avec les légumes que j' aime beaucoup ne sont probablement pas couvertes <eos>,13,couvertes,couverts,11,M,couvertes,-8.310893,couverts,-9.701379,1
4190,P_NOUN_8_PASS_b,F,P,les pochettes avec les légumes que j' aime beaucoup ne sont probablement pas déformées <eos>,13,déformées,déformés,11,M,déformées,-8.9235,déformés,-13.556181,1
4191,P_NOUN_8_PASS_b,F,P,les pochettes avec les légumes que j' aime beaucoup ne sont probablement pas fixées <eos>,13,fixées,fixés,11,M,fixées,-9.605978,fixés,-11.047053,1
4192,P_NOUN_8_PASS_b,F,P,les pochettes avec les légumes que j' aime beaucoup ne sont probablement pas jetées <eos>,13,jetées,jetés,11,M,jetées,-10.523151,jetés,-11.190992,1
4193,P_NOUN_8_PASS_b,F,P,les pochettes avec les légumes que j' aime beaucoup ne sont probablement pas laissées <eos>,13,laissées,laissés,11,M,laissées,-7.89266,laissés,-10.579725,1
4194,P_NOUN_8_PASS_b,F,P,les pochettes avec les légumes que j' aime beaucoup ne sont probablement pas ouvertes <eos>,13,ouvertes,ouverts,11,M,ouvertes,-7.6321344,ouverts,-9.811647,1
4195,P_NOUN_8_PASS_b,F,P,les pochettes avec les légumes que j' aime beaucoup ne sont probablement pas perdues <eos>,13,perdues,perdus,11,M,perdues,-7.7383294,perdus,-9.146193,1
4196,P_NOUN_8_PASS_b,F,P,les pochettes avec les légumes que j' aime beaucoup ne sont probablement pas réparées <eos>,13,réparées,réparés,11,M,réparées,-9.660732,réparés,-13.002114,1
4197,P_NOUN_8_PASS_b,F,P,les pochettes avec les légumes que j' aime beaucoup ne sont probablement pas retirées <eos>,13,retirées,retirés,11,M,retirées,-8.455353,retirés,-10.538199,1
4198,P_NOUN_8_PASS_b,F,P,les pochettes avec les légumes que j' aime beaucoup ne sont probablement pas tombées <eos>,13,tombées,tombés,11,M,tombées,-8.299883,tombés,-9.254311,1
4199,P_NOUN_8_PASS_b,F,P,les pochettes avec les légumes que j' aime beaucoup ne sont probablement pas utilisées <eos>,13,utilisées,utilisés,11,M,utilisées,-5.851763,utilisés,-7.51388,1
4200,P_NOUN_8_PASS_b,F,P,les bananes avec les bracelets que j' aime beaucoup ne sont probablement pas achetées <eos>,13,achetées,achetés,11,M,achetées,-10.492859,achetés,-9.555229,0
4201,P_NOUN_8_PASS_b,F,P,les bananes avec les bracelets que j' aime beaucoup ne sont probablement pas brisées <eos>,13,brisées,brisés,11,M,brisées,-9.810251,brisés,-12.38701,1
4202,P_NOUN_8_PASS_b,F,P,les bananes avec les bracelets que j' aime beaucoup ne sont probablement pas cachées <eos>,13,cachées,cachés,11,M,cachées,-8.59722,cachés,-9.190184,1
4203,P_NOUN_8_PASS_b,F,P,les bananes avec les bracelets que j' aime beaucoup ne sont probablement pas cassées <eos>,13,cassées,cassés,11,M,cassées,-8.8854475,cassés,-9.817684,1
4204,P_NOUN_8_PASS_b,F,P,les bananes avec les bracelets que j' aime beaucoup ne sont probablement pas couvertes <eos>,13,couvertes,couverts,11,M,couvertes,-8.500382,couverts,-8.464313,0
4205,P_NOUN_8_PASS_b,F,P,les bananes avec les bracelets que j' aime beaucoup ne sont probablement pas déformées <eos>,13,déformées,déformés,11,M,déformées,-8.6436405,déformés,-13.357588,1
4206,P_NOUN_8_PASS_b,F,P,les bananes avec les bracelets que j' aime beaucoup ne sont probablement pas fixées <eos>,13,fixées,fixés,11,M,fixées,-8.923706,fixés,-9.380413,1
4207,P_NOUN_8_PASS_b,F,P,les bananes avec les bracelets que j' aime beaucoup ne sont probablement pas jetées <eos>,13,jetées,jetés,11,M,jetées,-8.353331,jetés,-9.621381,1
4208,P_NOUN_8_PASS_b,F,P,les bananes avec les bracelets que j' aime beaucoup ne sont probablement pas laissées <eos>,13,laissées,laissés,11,M,laissées,-8.328889,laissés,-9.384604,1
4209,P_NOUN_8_PASS_b,F,P,les bananes avec les bracelets que j' aime beaucoup ne sont probablement pas ouvertes <eos>,13,ouvertes,ouverts,11,M,ouvertes,-8.9635105,ouverts,-9.271646,1
4210,P_NOUN_8_PASS_b,F,P,les bananes avec les bracelets que j' aime beaucoup ne sont probablement pas perdues <eos>,13,perdues,perdus,11,M,perdues,-8.162927,perdus,-8.382767,1
4211,P_NOUN_8_PASS_b,F,P,les bananes avec les bracelets que j' aime beaucoup ne sont probablement pas réparées <eos>,13,réparées,réparés,11,M,réparées,-10.890209,réparés,-12.836127,1
4212,P_NOUN_8_PASS_b,F,P,les bananes avec les bracelets que j' aime beaucoup ne sont probablement pas retirées <eos>,13,retirées,retirés,11,M,retirées,-9.557967,retirés,-9.844461,1
4213,P_NOUN_8_PASS_b,F,P,les bananes avec les bracelets que j' aime beaucoup ne sont probablement pas tombées <eos>,13,tombées,tombés,11,M,tombées,-8.2337,tombés,-7.7140102,0
4214,P_NOUN_8_PASS_b,F,P,les bananes avec les bracelets que j' aime beaucoup ne sont probablement pas utilisées <eos>,13,utilisées,utilisés,11,M,utilisées,-5.4573336,utilisés,-5.9319696,1
4215,P_NOUN_8_PASS_b,F,P,les bananes avec les miroirs que j' aime beaucoup ne sont probablement pas achetées <eos>,13,achetées,achetés,11,M,achetées,-11.16847,achetés,-9.614044,0
4216,P_NOUN_8_PASS_b,F,P,les bananes avec les miroirs que j' aime beaucoup ne sont probablement pas brisées <eos>,13,brisées,brisés,11,M,brisées,-9.698176,brisés,-12.092408,1
4217,P_NOUN_8_PASS_b,F,P,les bananes avec les miroirs que j' aime beaucoup ne sont probablement pas cachées <eos>,13,cachées,cachés,11,M,cachées,-8.460279,cachés,-9.113791,1
4218,P_NOUN_8_PASS_b,F,P,les bananes avec les miroirs que j' aime beaucoup ne sont probablement pas cassées <eos>,13,cassées,cassés,11,M,cassées,-9.248681,cassés,-9.909797,1
4219,P_NOUN_8_PASS_b,F,P,les bananes avec les miroirs que j' aime beaucoup ne sont probablement pas couvertes <eos>,13,couvertes,couverts,11,M,couvertes,-8.041157,couverts,-8.087528,1
4220,P_NOUN_8_PASS_b,F,P,les bananes avec les miroirs que j' aime beaucoup ne sont probablement pas déformées <eos>,13,déformées,déformés,11,M,déformées,-7.982149,déformés,-12.495123,1
4221,P_NOUN_8_PASS_b,F,P,les bananes avec les miroirs que j' aime beaucoup ne sont probablement pas fixées <eos>,13,fixées,fixés,11,M,fixées,-9.023037,fixés,-9.269516,1
4222,P_NOUN_8_PASS_b,F,P,les bananes avec les miroirs que j' aime beaucoup ne sont probablement pas jetées <eos>,13,jetées,jetés,11,M,jetées,-8.742749,jetés,-9.752733,1
4223,P_NOUN_8_PASS_b,F,P,les bananes avec les miroirs que j' aime beaucoup ne sont probablement pas laissées <eos>,13,laissées,laissés,11,M,laissées,-8.100338,laissés,-9.580359,1
4224,P_NOUN_8_PASS_b,F,P,les bananes avec les miroirs que j' aime beaucoup ne sont probablement pas ouvertes <eos>,13,ouvertes,ouverts,11,M,ouvertes,-8.419445,ouverts,-8.55501,1
4225,P_NOUN_8_PASS_b,F,P,les bananes avec les miroirs que j' aime beaucoup ne sont probablement pas perdues <eos>,13,perdues,perdus,11,M,perdues,-7.9596834,perdus,-7.7767982,0
4226,P_NOUN_8_PASS_b,F,P,les bananes avec les miroirs que j' aime beaucoup ne sont probablement pas réparées <eos>,13,réparées,réparés,11,M,réparées,-10.279849,réparés,-12.173495,1
4227,P_NOUN_8_PASS_b,F,P,les bananes avec les miroirs que j' aime beaucoup ne sont probablement pas retirées <eos>,13,retirées,retirés,11,M,retirées,-9.21553,retirés,-9.984686,1
4228,P_NOUN_8_PASS_b,F,P,les bananes avec les miroirs que j' aime beaucoup ne sont probablement pas tombées <eos>,13,tombées,tombés,11,M,tombées,-8.048017,tombés,-8.673362,1
4229,P_NOUN_8_PASS_b,F,P,les bananes avec les miroirs que j' aime beaucoup ne sont probablement pas utilisées <eos>,13,utilisées,utilisés,11,M,utilisées,-5.4215527,utilisés,-5.892785,1
4230,P_NOUN_8_PASS_b,F,P,les bananes avec les crayons que j' aime beaucoup ne sont probablement pas achetées <eos>,13,achetées,achetés,11,M,achetées,-10.7783165,achetés,-9.068664,0
4231,P_NOUN_8_PASS_b,F,P,les bananes avec les crayons que j' aime beaucoup ne sont probablement pas brisées <eos>,13,brisées,brisés,11,M,brisées,-10.5152445,brisés,-12.6079,1
4232,P_NOUN_8_PASS_b,F,P,les bananes avec les crayons que j' aime beaucoup ne sont probablement pas cachées <eos>,13,cachées,cachés,11,M,cachées,-9.18174,cachés,-9.266091,1
4233,P_NOUN_8_PASS_b,F,P,les bananes avec les crayons que j' aime beaucoup ne sont probablement pas cassées <eos>,13,cassées,cassés,11,M,cassées,-9.684671,cassés,-9.396269,0
4234,P_NOUN_8_PASS_b,F,P,les bananes avec les crayons que j' aime beaucoup ne sont probablement pas couvertes <eos>,13,couvertes,couverts,11,M,couvertes,-8.580492,couverts,-8.106595,0
4235,P_NOUN_8_PASS_b,F,P,les bananes avec les crayons que j' aime beaucoup ne sont probablement pas déformées <eos>,13,déformées,déformés,11,M,déformées,-8.91009,déformés,-13.260104,1
4236,P_NOUN_8_PASS_b,F,P,les bananes avec les crayons que j' aime beaucoup ne sont probablement pas fixées <eos>,13,fixées,fixés,11,M,fixées,-9.838692,fixés,-9.707511,0
4237,P_NOUN_8_PASS_b,F,P,les bananes avec les crayons que j' aime beaucoup ne sont probablement pas jetées <eos>,13,jetées,jetés,11,M,jetées,-9.570814,jetés,-9.995967,1
4238,P_NOUN_8_PASS_b,F,P,les bananes avec les crayons que j' aime beaucoup ne sont probablement pas laissées <eos>,13,laissées,laissés,11,M,laissées,-8.310375,laissés,-8.986556,1
4239,P_NOUN_8_PASS_b,F,P,les bananes avec les crayons que j' aime beaucoup ne sont probablement pas ouvertes <eos>,13,ouvertes,ouverts,11,M,ouvertes,-8.951073,ouverts,-9.079171,1
4240,P_NOUN_8_PASS_b,F,P,les bananes avec les crayons que j' aime beaucoup ne sont probablement pas perdues <eos>,13,perdues,perdus,11,M,perdues,-8.244154,perdus,-8.307137,1
4241,P_NOUN_8_PASS_b,F,P,les bananes avec les crayons que j' aime beaucoup ne sont probablement pas réparées <eos>,13,réparées,réparés,11,M,réparées,-10.544891,réparés,-11.971123,1
4242,P_NOUN_8_PASS_b,F,P,les bananes avec les crayons que j' aime beaucoup ne sont probablement pas retirées <eos>,13,retirées,retirés,11,M,retirées,-9.522259,retirés,-9.766526,1
4243,P_NOUN_8_PASS_b,F,P,les bananes avec les crayons que j' aime beaucoup ne sont probablement pas tombées <eos>,13,tombées,tombés,11,M,tombées,-8.2667055,tombés,-8.167305,0
4244,P_NOUN_8_PASS_b,F,P,les bananes avec les crayons que j' aime beaucoup ne sont probablement pas utilisées <eos>,13,utilisées,utilisés,11,M,utilisées,-5.6926084,utilisés,-5.9575324,1
4245,P_NOUN_8_PASS_b,F,P,les bananes avec les rideaux que j' aime beaucoup ne sont probablement pas achetées <eos>,13,achetées,achetés,11,M,achetées,-10.433332,achetés,-9.56389,0
4246,P_NOUN_8_PASS_b,F,P,les bananes avec les rideaux que j' aime beaucoup ne sont probablement pas brisées <eos>,13,brisées,brisés,11,M,brisées,-9.808896,brisés,-12.529753,1
4247,P_NOUN_8_PASS_b,F,P,les bananes avec les rideaux que j' aime beaucoup ne sont probablement pas cachées <eos>,13,cachées,cachés,11,M,cachées,-8.254279,cachés,-9.313299,1
4248,P_NOUN_8_PASS_b,F,P,les bananes avec les rideaux que j' aime beaucoup ne sont probablement pas cassées <eos>,13,cassées,cassés,11,M,cassées,-9.04656,cassés,-9.868954,1
4249,P_NOUN_8_PASS_b,F,P,les bananes avec les rideaux que j' aime beaucoup ne sont probablement pas couvertes <eos>,13,couvertes,couverts,11,M,couvertes,-7.7261887,couverts,-8.093132,1
4250,P_NOUN_8_PASS_b,F,P,les bananes avec les rideaux que j' aime beaucoup ne sont probablement pas déformées <eos>,13,déformées,déformés,11,M,déformées,-8.781374,déformés,-13.345593,1
4251,P_NOUN_8_PASS_b,F,P,les bananes avec les rideaux que j' aime beaucoup ne sont probablement pas fixées <eos>,13,fixées,fixés,11,M,fixées,-9.018276,fixés,-9.653353,1
4252,P_NOUN_8_PASS_b,F,P,les bananes avec les rideaux que j' aime beaucoup ne sont probablement pas jetées <eos>,13,jetées,jetés,11,M,jetées,-8.576357,jetés,-10.104587,1
4253,P_NOUN_8_PASS_b,F,P,les bananes avec les rideaux que j' aime beaucoup ne sont probablement pas laissées <eos>,13,laissées,laissés,11,M,laissées,-7.742543,laissés,-9.102121,1
4254,P_NOUN_8_PASS_b,F,P,les bananes avec les rideaux que j' aime beaucoup ne sont probablement pas ouvertes <eos>,13,ouvertes,ouverts,11,M,ouvertes,-8.328464,ouverts,-9.032796,1
4255,P_NOUN_8_PASS_b,F,P,les bananes avec les rideaux que j' aime beaucoup ne sont probablement pas perdues <eos>,13,perdues,perdus,11,M,perdues,-7.8821383,perdus,-8.464034,1
4256,P_NOUN_8_PASS_b,F,P,les bananes avec les rideaux que j' aime beaucoup ne sont probablement pas réparées <eos>,13,réparées,réparés,11,M,réparées,-9.978987,réparés,-12.183546,1
4257,P_NOUN_8_PASS_b,F,P,les bananes avec les rideaux que j' aime beaucoup ne sont probablement pas retirées <eos>,13,retirées,retirés,11,M,retirées,-8.921557,retirés,-10.472022,1
4258,P_NOUN_8_PASS_b,F,P,les bananes avec les rideaux que j' aime beaucoup ne sont probablement pas tombées <eos>,13,tombées,tombés,11,M,tombées,-7.6855,tombés,-7.989709,1
4259,P_NOUN_8_PASS_b,F,P,les bananes avec les rideaux que j' aime beaucoup ne sont probablement pas utilisées <eos>,13,utilisées,utilisés,11,M,utilisées,-5.6665154,utilisés,-6.5770855,1
4260,P_NOUN_8_PASS_b,F,P,les bananes avec les cahiers que j' aime beaucoup ne sont probablement pas achetées <eos>,13,achetées,achetés,11,M,achetées,-10.8258095,achetés,-9.427212,0
4261,P_NOUN_8_PASS_b,F,P,les bananes avec les cahiers que j' aime beaucoup ne sont probablement pas brisées <eos>,13,brisées,brisés,11,M,brisées,-10.643917,brisés,-13.207014,1
4262,P_NOUN_8_PASS_b,F,P,les bananes avec les cahiers que j' aime beaucoup ne sont probablement pas cachées <eos>,13,cachées,cachés,11,M,cachées,-9.223195,cachés,-9.711077,1
4263,P_NOUN_8_PASS_b,F,P,les bananes avec les cahiers que j' aime beaucoup ne sont probablement pas cassées <eos>,13,cassées,cassés,11,M,cassées,-10.281146,cassés,-10.617177,1
4264,P_NOUN_8_PASS_b,F,P,les bananes avec les cahiers que j' aime beaucoup ne sont probablement pas couvertes <eos>,13,couvertes,couverts,11,M,couvertes,-8.707098,couverts,-8.378676,0
4265,P_NOUN_8_PASS_b,F,P,les bananes avec les cahiers que j' aime beaucoup ne sont probablement pas déformées <eos>,13,déformées,déformés,11,M,déformées,-9.103975,déformés,-13.637117,1
4266,P_NOUN_8_PASS_b,F,P,les bananes avec les cahiers que j' aime beaucoup ne sont probablement pas fixées <eos>,13,fixées,fixés,11,M,fixées,-9.891395,fixés,-10.221469,1
4267,P_NOUN_8_PASS_b,F,P,les bananes avec les cahiers que j' aime beaucoup ne sont probablement pas jetées <eos>,13,jetées,jetés,11,M,jetées,-9.818079,jetés,-10.966631,1
4268,P_NOUN_8_PASS_b,F,P,les bananes avec les cahiers que j' aime beaucoup ne sont probablement pas laissées <eos>,13,laissées,laissés,11,M,laissées,-8.305334,laissés,-9.473868,1
4269,P_NOUN_8_PASS_b,F,P,les bananes avec les cahiers que j' aime beaucoup ne sont probablement pas ouvertes <eos>,13,ouvertes,ouverts,11,M,ouvertes,-8.442612,ouverts,-8.960262,1
4270,P_NOUN_8_PASS_b,F,P,les bananes avec les cahiers que j' aime beaucoup ne sont probablement pas perdues <eos>,13,perdues,perdus,11,M,perdues,-7.7091455,perdus,-7.8992453,1
4271,P_NOUN_8_PASS_b,F,P,les bananes avec les cahiers que j' aime beaucoup ne sont probablement pas réparées <eos>,13,réparées,réparés,11,M,réparées,-11.034993,réparés,-12.718233,1
4272,P_NOUN_8_PASS_b,F,P,les bananes avec les cahiers que j' aime beaucoup ne sont probablement pas retirées <eos>,13,retirées,retirés,11,M,retirées,-9.6179085,retirés,-10.490383,1
4273,P_NOUN_8_PASS_b,F,P,les bananes avec les cahiers que j' aime beaucoup ne sont probablement pas tombées <eos>,13,tombées,tombés,11,M,tombées,-8.326598,tombés,-8.47925,1
4274,P_NOUN_8_PASS_b,F,P,les bananes avec les cahiers que j' aime beaucoup ne sont probablement pas utilisées <eos>,13,utilisées,utilisés,11,M,utilisées,-6.100256,utilisés,-6.777426,1
4275,P_NOUN_8_PASS_b,F,P,les bananes avec les micros que j' aime beaucoup ne sont probablement pas achetées <eos>,13,achetées,achetés,11,M,achetées,-10.611425,achetés,-9.724507,0
4276,P_NOUN_8_PASS_b,F,P,les bananes avec les micros que j' aime beaucoup ne sont probablement pas brisées <eos>,13,brisées,brisés,11,M,brisées,-9.824627,brisés,-12.5654545,1
4277,P_NOUN_8_PASS_b,F,P,les bananes avec les micros que j' aime beaucoup ne sont probablement pas cachées <eos>,13,cachées,cachés,11,M,cachées,-9.245024,cachés,-9.880051,1
4278,P_NOUN_8_PASS_b,F,P,les bananes avec les micros que j' aime beaucoup ne sont probablement pas cassées <eos>,13,cassées,cassés,11,M,cassées,-9.497024,cassés,-10.211549,1
4279,P_NOUN_8_PASS_b,F,P,les bananes avec les micros que j' aime beaucoup ne sont probablement pas couvertes <eos>,13,couvertes,couverts,11,M,couvertes,-8.112347,couverts,-8.045347,0
4280,P_NOUN_8_PASS_b,F,P,les bananes avec les micros que j' aime beaucoup ne sont probablement pas déformées <eos>,13,déformées,déformés,11,M,déformées,-8.8469095,déformés,-13.561012,1
4281,P_NOUN_8_PASS_b,F,P,les bananes avec les micros que j' aime beaucoup ne sont probablement pas fixées <eos>,13,fixées,fixés,11,M,fixées,-8.934268,fixés,-8.811979,0
4282,P_NOUN_8_PASS_b,F,P,les bananes avec les micros que j' aime beaucoup ne sont probablement pas jetées <eos>,13,jetées,jetés,11,M,jetées,-9.134868,jetés,-10.563283,1
4283,P_NOUN_8_PASS_b,F,P,les bananes avec les micros que j' aime beaucoup ne sont probablement pas laissées <eos>,13,laissées,laissés,11,M,laissées,-7.7837734,laissés,-9.799517,1
4284,P_NOUN_8_PASS_b,F,P,les bananes avec les micros que j' aime beaucoup ne sont probablement pas ouvertes <eos>,13,ouvertes,ouverts,11,M,ouvertes,-8.732753,ouverts,-8.989554,1
4285,P_NOUN_8_PASS_b,F,P,les bananes avec les micros que j' aime beaucoup ne sont probablement pas perdues <eos>,13,perdues,perdus,11,M,perdues,-8.45574,perdus,-8.417242,0
4286,P_NOUN_8_PASS_b,F,P,les bananes avec les micros que j' aime beaucoup ne sont probablement pas réparées <eos>,13,réparées,réparés,11,M,réparées,-10.782576,réparés,-12.597303,1
4287,P_NOUN_8_PASS_b,F,P,les bananes avec les micros que j' aime beaucoup ne sont probablement pas retirées <eos>,13,retirées,retirés,11,M,retirées,-9.269981,retirés,-10.370275,1
4288,P_NOUN_8_PASS_b,F,P,les bananes avec les micros que j' aime beaucoup ne sont probablement pas tombées <eos>,13,tombées,tombés,11,M,tombées,-8.474298,tombés,-8.578246,1
4289,P_NOUN_8_PASS_b,F,P,les bananes avec les micros que j' aime beaucoup ne sont probablement pas utilisées <eos>,13,utilisées,utilisés,11,M,utilisées,-5.3465586,utilisés,-5.8704653,1
4290,P_NOUN_8_PASS_b,F,P,les bananes avec les sacs que j' aime beaucoup ne sont probablement pas achetées <eos>,13,achetées,achetés,11,M,achetées,-10.847618,achetés,-8.86203,0
4291,P_NOUN_8_PASS_b,F,P,les bananes avec les sacs que j' aime beaucoup ne sont probablement pas brisées <eos>,13,brisées,brisés,11,M,brisées,-10.260627,brisés,-12.161115,1
4292,P_NOUN_8_PASS_b,F,P,les bananes avec les sacs que j' aime beaucoup ne sont probablement pas cachées <eos>,13,cachées,cachés,11,M,cachées,-9.154715,cachés,-9.190307,1
4293,P_NOUN_8_PASS_b,F,P,les bananes avec les sacs que j' aime beaucoup ne sont probablement pas cassées <eos>,13,cassées,cassés,11,M,cassées,-9.620586,cassés,-9.527697,0
4294,P_NOUN_8_PASS_b,F,P,les bananes avec les sacs que j' aime beaucoup ne sont probablement pas couvertes <eos>,13,couvertes,couverts,11,M,couvertes,-8.211055,couverts,-7.6449428,0
4295,P_NOUN_8_PASS_b,F,P,les bananes avec les sacs que j' aime beaucoup ne sont probablement pas déformées <eos>,13,déformées,déformés,11,M,déformées,-9.470066,déformés,-13.433572,1
4296,P_NOUN_8_PASS_b,F,P,les bananes avec les sacs que j' aime beaucoup ne sont probablement pas fixées <eos>,13,fixées,fixés,11,M,fixées,-9.5246315,fixés,-8.791732,0
4297,P_NOUN_8_PASS_b,F,P,les bananes avec les sacs que j' aime beaucoup ne sont probablement pas jetées <eos>,13,jetées,jetés,11,M,jetées,-8.931062,jetés,-9.754796,1
4298,P_NOUN_8_PASS_b,F,P,les bananes avec les sacs que j' aime beaucoup ne sont probablement pas laissées <eos>,13,laissées,laissés,11,M,laissées,-8.384697,laissés,-8.953587,1
4299,P_NOUN_8_PASS_b,F,P,les bananes avec les sacs que j' aime beaucoup ne sont probablement pas ouvertes <eos>,13,ouvertes,ouverts,11,M,ouvertes,-8.9006195,ouverts,-8.889759,0
4300,P_NOUN_8_PASS_b,F,P,les bananes avec les sacs que j' aime beaucoup ne sont probablement pas perdues <eos>,13,perdues,perdus,11,M,perdues,-8.466972,perdus,-8.053156,0
4301,P_NOUN_8_PASS_b,F,P,les bananes avec les sacs que j' aime beaucoup ne sont probablement pas réparées <eos>,13,réparées,réparés,11,M,réparées,-10.762408,réparés,-11.866727,1
4302,P_NOUN_8_PASS_b,F,P,les bananes avec les sacs que j' aime beaucoup ne sont probablement pas retirées <eos>,13,retirées,retirés,11,M,retirées,-9.5924,retirés,-9.770318,1
4303,P_NOUN_8_PASS_b,F,P,les bananes avec les sacs que j' aime beaucoup ne sont probablement pas tombées <eos>,13,tombées,tombés,11,M,tombées,-8.427529,tombés,-8.048618,0
4304,P_NOUN_8_PASS_b,F,P,les bananes avec les sacs que j' aime beaucoup ne sont probablement pas utilisées <eos>,13,utilisées,utilisés,11,M,utilisées,-5.6389256,utilisés,-5.722846,1
4305,P_NOUN_8_PASS_b,F,P,les bananes avec les claviers que j' aime beaucoup ne sont probablement pas achetées <eos>,13,achetées,achetés,11,M,achetées,-10.781357,achetés,-10.160606,0
4306,P_NOUN_8_PASS_b,F,P,les bananes avec les claviers que j' aime beaucoup ne sont probablement pas brisées <eos>,13,brisées,brisés,11,M,brisées,-9.437624,brisés,-12.317415,1
4307,P_NOUN_8_PASS_b,F,P,les bananes avec les claviers que j' aime beaucoup ne sont probablement pas cachées <eos>,13,cachées,cachés,11,M,cachées,-8.536095,cachés,-9.68568,1
4308,P_NOUN_8_PASS_b,F,P,les bananes avec les claviers que j' aime beaucoup ne sont probablement pas cassées <eos>,13,cassées,cassés,11,M,cassées,-9.587341,cassés,-10.6532755,1
4309,P_NOUN_8_PASS_b,F,P,les bananes avec les claviers que j' aime beaucoup ne sont probablement pas couvertes <eos>,13,couvertes,couverts,11,M,couvertes,-8.300058,couverts,-8.595379,1
4310,P_NOUN_8_PASS_b,F,P,les bananes avec les claviers que j' aime beaucoup ne sont probablement pas déformées <eos>,13,déformées,déformés,11,M,déformées,-8.415911,déformés,-13.314707,1
4311,P_NOUN_8_PASS_b,F,P,les bananes avec les claviers que j' aime beaucoup ne sont probablement pas fixées <eos>,13,fixées,fixés,11,M,fixées,-9.072766,fixés,-9.265082,1
4312,P_NOUN_8_PASS_b,F,P,les bananes avec les claviers que j' aime beaucoup ne sont probablement pas jetées <eos>,13,jetées,jetés,11,M,jetées,-9.282384,jetés,-10.319334,1
4313,P_NOUN_8_PASS_b,F,P,les bananes avec les claviers que j' aime beaucoup ne sont probablement pas laissées <eos>,13,laissées,laissés,11,M,laissées,-7.9729824,laissés,-9.662539,1
4314,P_NOUN_8_PASS_b,F,P,les bananes avec les claviers que j' aime beaucoup ne sont probablement pas ouvertes <eos>,13,ouvertes,ouverts,11,M,ouvertes,-8.266544,ouverts,-9.026899,1
4315,P_NOUN_8_PASS_b,F,P,les bananes avec les claviers que j' aime beaucoup ne sont probablement pas perdues <eos>,13,perdues,perdus,11,M,perdues,-8.117453,perdus,-8.526851,1
4316,P_NOUN_8_PASS_b,F,P,les bananes avec les claviers que j' aime beaucoup ne sont probablement pas réparées <eos>,13,réparées,réparés,11,M,réparées,-10.55287,réparés,-12.765024,1
4317,P_NOUN_8_PASS_b,F,P,les bananes avec les claviers que j' aime beaucoup ne sont probablement pas retirées <eos>,13,retirées,retirés,11,M,retirées,-9.205523,retirés,-10.701467,1
4318,P_NOUN_8_PASS_b,F,P,les bananes avec les claviers que j' aime beaucoup ne sont probablement pas tombées <eos>,13,tombées,tombés,11,M,tombées,-8.5905485,tombés,-9.011141,1
4319,P_NOUN_8_PASS_b,F,P,les bananes avec les claviers que j' aime beaucoup ne sont probablement pas utilisées <eos>,13,utilisées,utilisés,11,M,utilisées,-5.397616,utilisés,-6.2904124,1
4320,P_NOUN_8_PASS_b,F,P,les bananes avec les raisins que j' aime beaucoup ne sont probablement pas achetées <eos>,13,achetées,achetés,11,M,achetées,-10.162508,achetés,-8.666893,0
4321,P_NOUN_8_PASS_b,F,P,les bananes avec les raisins que j' aime beaucoup ne sont probablement pas brisées <eos>,13,brisées,brisés,11,M,brisées,-10.38232,brisés,-12.920158,1
4322,P_NOUN_8_PASS_b,F,P,les bananes avec les raisins que j' aime beaucoup ne sont probablement pas cachées <eos>,13,cachées,cachés,11,M,cachées,-9.120372,cachés,-9.587727,1
4323,P_NOUN_8_PASS_b,F,P,les bananes avec les raisins que j' aime beaucoup ne sont probablement pas cassées <eos>,13,cassées,cassés,11,M,cassées,-10.002693,cassés,-9.212705,0
4324,P_NOUN_8_PASS_b,F,P,les bananes avec les raisins que j' aime beaucoup ne sont probablement pas couvertes <eos>,13,couvertes,couverts,11,M,couvertes,-7.9572005,couverts,-7.4658113,0
4325,P_NOUN_8_PASS_b,F,P,les bananes avec les raisins que j' aime beaucoup ne sont probablement pas déformées <eos>,13,déformées,déformés,11,M,déformées,-9.45469,déformés,-14.262948,1
4326,P_NOUN_8_PASS_b,F,P,les bananes avec les raisins que j' aime beaucoup ne sont probablement pas fixées <eos>,13,fixées,fixés,11,M,fixées,-9.449819,fixés,-9.262838,0
4327,P_NOUN_8_PASS_b,F,P,les bananes avec les raisins que j' aime beaucoup ne sont probablement pas jetées <eos>,13,jetées,jetés,11,M,jetées,-10.14496,jetés,-10.977463,1
4328,P_NOUN_8_PASS_b,F,P,les bananes avec les raisins que j' aime beaucoup ne sont probablement pas laissées <eos>,13,laissées,laissés,11,M,laissées,-7.8980293,laissés,-8.958441,1
4329,P_NOUN_8_PASS_b,F,P,les bananes avec les raisins que j' aime beaucoup ne sont probablement pas ouvertes <eos>,13,ouvertes,ouverts,11,M,ouvertes,-8.766087,ouverts,-9.41553,1
4330,P_NOUN_8_PASS_b,F,P,les bananes avec les raisins que j' aime beaucoup ne sont probablement pas perdues <eos>,13,perdues,perdus,11,M,perdues,-8.314869,perdus,-8.446288,1
4331,P_NOUN_8_PASS_b,F,P,les bananes avec les raisins que j' aime beaucoup ne sont probablement pas réparées <eos>,13,réparées,réparés,11,M,réparées,-10.826282,réparés,-12.319613,1
4332,P_NOUN_8_PASS_b,F,P,les bananes avec les raisins que j' aime beaucoup ne sont probablement pas retirées <eos>,13,retirées,retirés,11,M,retirées,-9.182207,retirés,-9.954599,1
4333,P_NOUN_8_PASS_b,F,P,les bananes avec les raisins que j' aime beaucoup ne sont probablement pas tombées <eos>,13,tombées,tombés,11,M,tombées,-7.744598,tombés,-7.9556365,1
4334,P_NOUN_8_PASS_b,F,P,les bananes avec les raisins que j' aime beaucoup ne sont probablement pas utilisées <eos>,13,utilisées,utilisés,11,M,utilisées,-5.39261,utilisés,-5.862573,1
4335,P_NOUN_8_PASS_b,F,P,les bananes avec les chargeurs que j' aime beaucoup ne sont probablement pas achetées <eos>,13,achetées,achetés,11,M,achetées,-10.164252,achetés,-9.450622,0
4336,P_NOUN_8_PASS_b,F,P,les bananes avec les chargeurs que j' aime beaucoup ne sont probablement pas brisées <eos>,13,brisées,brisés,11,M,brisées,-9.89045,brisés,-12.657754,1
4337,P_NOUN_8_PASS_b,F,P,les bananes avec les chargeurs que j' aime beaucoup ne sont probablement pas cachées <eos>,13,cachées,cachés,11,M,cachées,-9.226059,cachés,-9.075852,0
4338,P_NOUN_8_PASS_b,F,P,les bananes avec les chargeurs que j' aime beaucoup ne sont probablement pas cassées <eos>,13,cassées,cassés,11,M,cassées,-9.640585,cassés,-9.635297,0
4339,P_NOUN_8_PASS_b,F,P,les bananes avec les chargeurs que j' aime beaucoup ne sont probablement pas couvertes <eos>,13,couvertes,couverts,11,M,couvertes,-7.8912163,couverts,-7.9149,1
4340,P_NOUN_8_PASS_b,F,P,les bananes avec les chargeurs que j' aime beaucoup ne sont probablement pas déformées <eos>,13,déformées,déformés,11,M,déformées,-9.40332,déformés,-14.005438,1
4341,P_NOUN_8_PASS_b,F,P,les bananes avec les chargeurs que j' aime beaucoup ne sont probablement pas fixées <eos>,13,fixées,fixés,11,M,fixées,-8.725157,fixés,-8.707018,0
4342,P_NOUN_8_PASS_b,F,P,les bananes avec les chargeurs que j' aime beaucoup ne sont probablement pas jetées <eos>,13,jetées,jetés,11,M,jetées,-9.158354,jetés,-9.983548,1
4343,P_NOUN_8_PASS_b,F,P,les bananes avec les chargeurs que j' aime beaucoup ne sont probablement pas laissées <eos>,13,laissées,laissés,11,M,laissées,-7.9540596,laissés,-9.598008,1
4344,P_NOUN_8_PASS_b,F,P,les bananes avec les chargeurs que j' aime beaucoup ne sont probablement pas ouvertes <eos>,13,ouvertes,ouverts,11,M,ouvertes,-8.83351,ouverts,-9.078033,1
4345,P_NOUN_8_PASS_b,F,P,les bananes avec les chargeurs que j' aime beaucoup ne sont probablement pas perdues <eos>,13,perdues,perdus,11,M,perdues,-7.79318,perdus,-8.089895,1
4346,P_NOUN_8_PASS_b,F,P,les bananes avec les chargeurs que j' aime beaucoup ne sont probablement pas réparées <eos>,13,réparées,réparés,11,M,réparées,-10.454672,réparés,-11.7027025,1
4347,P_NOUN_8_PASS_b,F,P,les bananes avec les chargeurs que j' aime beaucoup ne sont probablement pas retirées <eos>,13,retirées,retirés,11,M,retirées,-8.86491,retirés,-9.031994,1
4348,P_NOUN_8_PASS_b,F,P,les bananes avec les chargeurs que j' aime beaucoup ne sont probablement pas tombées <eos>,13,tombées,tombés,11,M,tombées,-8.361898,tombés,-7.8906975,0
4349,P_NOUN_8_PASS_b,F,P,les bananes avec les chargeurs que j' aime beaucoup ne sont probablement pas utilisées <eos>,13,utilisées,utilisés,11,M,utilisées,-4.911567,utilisés,-5.5477147,1
4350,P_NOUN_8_PASS_b,F,P,les bananes avec les vases que j' aime beaucoup ne sont probablement pas achetées <eos>,13,achetées,achetés,11,M,achetées,-10.968309,achetés,-9.555803,0
4351,P_NOUN_8_PASS_b,F,P,les bananes avec les vases que j' aime beaucoup ne sont probablement pas brisées <eos>,13,brisées,brisés,11,M,brisées,-9.952863,brisés,-12.056566,1
4352,P_NOUN_8_PASS_b,F,P,les bananes avec les vases que j' aime beaucoup ne sont probablement pas cachées <eos>,13,cachées,cachés,11,M,cachées,-8.741849,cachés,-9.62971,1
4353,P_NOUN_8_PASS_b,F,P,les bananes avec les vases que j' aime beaucoup ne sont probablement pas cassées <eos>,13,cassées,cassés,11,M,cassées,-9.129357,cassés,-9.365479,1
4354,P_NOUN_8_PASS_b,F,P,les bananes avec les vases que j' aime beaucoup ne sont probablement pas couvertes <eos>,13,couvertes,couverts,11,M,couvertes,-8.132725,couverts,-7.8638506,0
4355,P_NOUN_8_PASS_b,F,P,les bananes avec les vases que j' aime beaucoup ne sont probablement pas déformées <eos>,13,déformées,déformés,11,M,déformées,-8.491325,déformés,-12.981489,1
4356,P_NOUN_8_PASS_b,F,P,les bananes avec les vases que j' aime beaucoup ne sont probablement pas fixées <eos>,13,fixées,fixés,11,M,fixées,-8.892932,fixés,-9.104511,1
4357,P_NOUN_8_PASS_b,F,P,les bananes avec les vases que j' aime beaucoup ne sont probablement pas jetées <eos>,13,jetées,jetés,11,M,jetées,-8.966702,jetés,-9.932649,1
4358,P_NOUN_8_PASS_b,F,P,les bananes avec les vases que j' aime beaucoup ne sont probablement pas laissées <eos>,13,laissées,laissés,11,M,laissées,-8.04655,laissés,-9.021681,1
4359,P_NOUN_8_PASS_b,F,P,les bananes avec les vases que j' aime beaucoup ne sont probablement pas ouvertes <eos>,13,ouvertes,ouverts,11,M,ouvertes,-8.819428,ouverts,-9.109246,1
4360,P_NOUN_8_PASS_b,F,P,les bananes avec les vases que j' aime beaucoup ne sont probablement pas perdues <eos>,13,perdues,perdus,11,M,perdues,-8.421553,perdus,-8.356284,0
4361,P_NOUN_8_PASS_b,F,P,les bananes avec les vases que j' aime beaucoup ne sont probablement pas réparées <eos>,13,réparées,réparés,11,M,réparées,-10.624944,réparés,-12.295501,1
4362,P_NOUN_8_PASS_b,F,P,les bananes avec les vases que j' aime beaucoup ne sont probablement pas retirées <eos>,13,retirées,retirés,11,M,retirées,-9.418849,retirés,-9.9721155,1
4363,P_NOUN_8_PASS_b,F,P,les bananes avec les vases que j' aime beaucoup ne sont probablement pas tombées <eos>,13,tombées,tombés,11,M,tombées,-8.035561,tombés,-8.034631,0
4364,P_NOUN_8_PASS_b,F,P,les bananes avec les vases que j' aime beaucoup ne sont probablement pas utilisées <eos>,13,utilisées,utilisés,11,M,utilisées,-5.516569,utilisés,-5.877942,1
4365,P_NOUN_8_PASS_b,F,P,les bananes avec les paniers que j' aime beaucoup ne sont probablement pas achetées <eos>,13,achetées,achetés,11,M,achetées,-10.739595,achetés,-9.119126,0
4366,P_NOUN_8_PASS_b,F,P,les bananes avec les paniers que j' aime beaucoup ne sont probablement pas brisées <eos>,13,brisées,brisés,11,M,brisées,-9.965644,brisés,-12.226289,1
4367,P_NOUN_8_PASS_b,F,P,les bananes avec les paniers que j' aime beaucoup ne sont probablement pas cachées <eos>,13,cachées,cachés,11,M,cachées,-9.030103,cachés,-9.4056225,1
4368,P_NOUN_8_PASS_b,F,P,les bananes avec les paniers que j' aime beaucoup ne sont probablement pas cassées <eos>,13,cassées,cassés,11,M,cassées,-9.238112,cassés,-9.53218,1
4369,P_NOUN_8_PASS_b,F,P,les bananes avec les paniers que j' aime beaucoup ne sont probablement pas couvertes <eos>,13,couvertes,couverts,11,M,couvertes,-8.10669,couverts,-7.8301344,0
4370,P_NOUN_8_PASS_b,F,P,les bananes avec les paniers que j' aime beaucoup ne sont probablement pas déformées <eos>,13,déformées,déformés,11,M,déformées,-9.079805,déformés,-13.575991,1
4371,P_NOUN_8_PASS_b,F,P,les bananes avec les paniers que j' aime beaucoup ne sont probablement pas fixées <eos>,13,fixées,fixés,11,M,fixées,-9.017979,fixés,-8.797954,0
4372,P_NOUN_8_PASS_b,F,P,les bananes avec les paniers que j' aime beaucoup ne sont probablement pas jetées <eos>,13,jetées,jetés,11,M,jetées,-8.621164,jetés,-9.923866,1
4373,P_NOUN_8_PASS_b,F,P,les bananes avec les paniers que j' aime beaucoup ne sont probablement pas laissées <eos>,13,laissées,laissés,11,M,laissées,-8.295603,laissés,-9.169369,1
4374,P_NOUN_8_PASS_b,F,P,les bananes avec les paniers que j' aime beaucoup ne sont probablement pas ouvertes <eos>,13,ouvertes,ouverts,11,M,ouvertes,-8.7703085,ouverts,-9.229562,1
4375,P_NOUN_8_PASS_b,F,P,les bananes avec les paniers que j' aime beaucoup ne sont probablement pas perdues <eos>,13,perdues,perdus,11,M,perdues,-8.335578,perdus,-8.211759,0
4376,P_NOUN_8_PASS_b,F,P,les bananes avec les paniers que j' aime beaucoup ne sont probablement pas réparées <eos>,13,réparées,réparés,11,M,réparées,-10.767652,réparés,-12.242959,1
4377,P_NOUN_8_PASS_b,F,P,les bananes avec les paniers que j' aime beaucoup ne sont probablement pas retirées <eos>,13,retirées,retirés,11,M,retirées,-9.309759,retirés,-9.822029,1
4378,P_NOUN_8_PASS_b,F,P,les bananes avec les paniers que j' aime beaucoup ne sont probablement pas tombées <eos>,13,tombées,tombés,11,M,tombées,-8.108858,tombés,-7.9727693,0
4379,P_NOUN_8_PASS_b,F,P,les bananes avec les paniers que j' aime beaucoup ne sont probablement pas utilisées <eos>,13,utilisées,utilisés,11,M,utilisées,-5.2030716,utilisés,-5.530794,1
4380,P_NOUN_8_PASS_b,F,P,les bananes avec les colliers que j' aime beaucoup ne sont probablement pas achetées <eos>,13,achetées,achetés,11,M,achetées,-10.821272,achetés,-9.697173,0
4381,P_NOUN_8_PASS_b,F,P,les bananes avec les colliers que j' aime beaucoup ne sont probablement pas brisées <eos>,13,brisées,brisés,11,M,brisées,-9.798549,brisés,-12.091487,1
4382,P_NOUN_8_PASS_b,F,P,les bananes avec les colliers que j' aime beaucoup ne sont probablement pas cachées <eos>,13,cachées,cachés,11,M,cachées,-9.021018,cachés,-9.618714,1
4383,P_NOUN_8_PASS_b,F,P,les bananes avec les colliers que j' aime beaucoup ne sont probablement pas cassées <eos>,13,cassées,cassés,11,M,cassées,-9.148857,cassés,-9.238271,1
4384,P_NOUN_8_PASS_b,F,P,les bananes avec les colliers que j' aime beaucoup ne sont probablement pas couvertes <eos>,13,couvertes,couverts,11,M,couvertes,-8.163159,couverts,-8.264678,1
4385,P_NOUN_8_PASS_b,F,P,les bananes avec les colliers que j' aime beaucoup ne sont probablement pas déformées <eos>,13,déformées,déformés,11,M,déformées,-8.499584,déformés,-13.219,1
4386,P_NOUN_8_PASS_b,F,P,les bananes avec les colliers que j' aime beaucoup ne sont probablement pas fixées <eos>,13,fixées,fixés,11,M,fixées,-8.700039,fixés,-9.146281,1
4387,P_NOUN_8_PASS_b,F,P,les bananes avec les colliers que j' aime beaucoup ne sont probablement pas jetées <eos>,13,jetées,jetés,11,M,jetées,-8.808638,jetés,-9.699354,1
4388,P_NOUN_8_PASS_b,F,P,les bananes avec les colliers que j' aime beaucoup ne sont probablement pas laissées <eos>,13,laissées,laissés,11,M,laissées,-8.257983,laissés,-9.415225,1
4389,P_NOUN_8_PASS_b,F,P,les bananes avec les colliers que j' aime beaucoup ne sont probablement pas ouvertes <eos>,13,ouvertes,ouverts,11,M,ouvertes,-9.049208,ouverts,-9.631465,1
4390,P_NOUN_8_PASS_b,F,P,les bananes avec les colliers que j' aime beaucoup ne sont probablement pas perdues <eos>,13,perdues,perdus,11,M,perdues,-7.9908247,perdus,-8.2991295,1
4391,P_NOUN_8_PASS_b,F,P,les bananes avec les colliers que j' aime beaucoup ne sont probablement pas réparées <eos>,13,réparées,réparés,11,M,réparées,-10.5663,réparés,-12.343384,1
4392,P_NOUN_8_PASS_b,F,P,les bananes avec les colliers que j' aime beaucoup ne sont probablement pas retirées <eos>,13,retirées,retirés,11,M,retirées,-9.018318,retirés,-9.66072,1
4393,P_NOUN_8_PASS_b,F,P,les bananes avec les colliers que j' aime beaucoup ne sont probablement pas tombées <eos>,13,tombées,tombés,11,M,tombées,-7.771199,tombés,-7.920847,1
4394,P_NOUN_8_PASS_b,F,P,les bananes avec les colliers que j' aime beaucoup ne sont probablement pas utilisées <eos>,13,utilisées,utilisés,11,M,utilisées,-5.1200323,utilisés,-5.6973066,1
4395,P_NOUN_8_PASS_b,F,P,les bananes avec les chapeaux que j' aime beaucoup ne sont probablement pas achetées <eos>,13,achetées,achetés,11,M,achetées,-10.509282,achetés,-9.357735,0
4396,P_NOUN_8_PASS_b,F,P,les bananes avec les chapeaux que j' aime beaucoup ne sont probablement pas brisées <eos>,13,brisées,brisés,11,M,brisées,-10.210948,brisés,-12.820307,1
4397,P_NOUN_8_PASS_b,F,P,les bananes avec les chapeaux que j' aime beaucoup ne sont probablement pas cachées <eos>,13,cachées,cachés,11,M,cachées,-8.845395,cachés,-9.637083,1
4398,P_NOUN_8_PASS_b,F,P,les bananes avec les chapeaux que j' aime beaucoup ne sont probablement pas cassées <eos>,13,cassées,cassés,11,M,cassées,-9.51829,cassés,-10.104703,1
4399,P_NOUN_8_PASS_b,F,P,les bananes avec les chapeaux que j' aime beaucoup ne sont probablement pas couvertes <eos>,13,couvertes,couverts,11,M,couvertes,-8.096696,couverts,-7.982353,0
4400,P_NOUN_8_PASS_b,F,P,les bananes avec les chapeaux que j' aime beaucoup ne sont probablement pas déformées <eos>,13,déformées,déformés,11,M,déformées,-9.253071,déformés,-13.620244,1
4401,P_NOUN_8_PASS_b,F,P,les bananes avec les chapeaux que j' aime beaucoup ne sont probablement pas fixées <eos>,13,fixées,fixés,11,M,fixées,-9.107495,fixés,-9.470051,1
4402,P_NOUN_8_PASS_b,F,P,les bananes avec les chapeaux que j' aime beaucoup ne sont probablement pas jetées <eos>,13,jetées,jetés,11,M,jetées,-8.996082,jetés,-10.495363,1
4403,P_NOUN_8_PASS_b,F,P,les bananes avec les chapeaux que j' aime beaucoup ne sont probablement pas laissées <eos>,13,laissées,laissés,11,M,laissées,-8.372694,laissés,-9.446785,1
4404,P_NOUN_8_PASS_b,F,P,les bananes avec les chapeaux que j' aime beaucoup ne sont probablement pas ouvertes <eos>,13,ouvertes,ouverts,11,M,ouvertes,-8.7134495,ouverts,-9.214449,1
4405,P_NOUN_8_PASS_b,F,P,les bananes avec les chapeaux que j' aime beaucoup ne sont probablement pas perdues <eos>,13,perdues,perdus,11,M,perdues,-8.019617,perdus,-8.463667,1
4406,P_NOUN_8_PASS_b,F,P,les bananes avec les chapeaux que j' aime beaucoup ne sont probablement pas réparées <eos>,13,réparées,réparés,11,M,réparées,-10.81175,réparés,-12.568282,1
4407,P_NOUN_8_PASS_b,F,P,les bananes avec les chapeaux que j' aime beaucoup ne sont probablement pas retirées <eos>,13,retirées,retirés,11,M,retirées,-9.273682,retirés,-10.123544,1
4408,P_NOUN_8_PASS_b,F,P,les bananes avec les chapeaux que j' aime beaucoup ne sont probablement pas tombées <eos>,13,tombées,tombés,11,M,tombées,-7.9348264,tombés,-7.7666,0
4409,P_NOUN_8_PASS_b,F,P,les bananes avec les chapeaux que j' aime beaucoup ne sont probablement pas utilisées <eos>,13,utilisées,utilisés,11,M,utilisées,-5.471402,utilisés,-6.2582235,1
4410,P_NOUN_8_PASS_b,F,P,les bananes avec les pots que j' aime beaucoup ne sont probablement pas achetées <eos>,13,achetées,achetés,11,M,achetées,-10.386655,achetés,-8.7397995,0
4411,P_NOUN_8_PASS_b,F,P,les bananes avec les pots que j' aime beaucoup ne sont probablement pas brisées <eos>,13,brisées,brisés,11,M,brisées,-9.870994,brisés,-11.88965,1
4412,P_NOUN_8_PASS_b,F,P,les bananes avec les pots que j' aime beaucoup ne sont probablement pas cachées <eos>,13,cachées,cachés,11,M,cachées,-9.181956,cachés,-9.264108,1
4413,P_NOUN_8_PASS_b,F,P,les bananes avec les pots que j' aime beaucoup ne sont probablement pas cassées <eos>,13,cassées,cassés,11,M,cassées,-9.142399,cassés,-9.076225,0
4414,P_NOUN_8_PASS_b,F,P,les bananes avec les pots que j' aime beaucoup ne sont probablement pas couvertes <eos>,13,couvertes,couverts,11,M,couvertes,-7.8526826,couverts,-7.257467,0
4415,P_NOUN_8_PASS_b,F,P,les bananes avec les pots que j' aime beaucoup ne sont probablement pas déformées <eos>,13,déformées,déformés,11,M,déformées,-8.817091,déformés,-13.405449,1
4416,P_NOUN_8_PASS_b,F,P,les bananes avec les pots que j' aime beaucoup ne sont probablement pas fixées <eos>,13,fixées,fixés,11,M,fixées,-9.247238,fixés,-8.804012,0
4417,P_NOUN_8_PASS_b,F,P,les bananes avec les pots que j' aime beaucoup ne sont probablement pas jetées <eos>,13,jetées,jetés,11,M,jetées,-8.917751,jetés,-9.715485,1
4418,P_NOUN_8_PASS_b,F,P,les bananes avec les pots que j' aime beaucoup ne sont probablement pas laissées <eos>,13,laissées,laissés,11,M,laissées,-7.8422184,laissés,-8.969415,1
4419,P_NOUN_8_PASS_b,F,P,les bananes avec les pots que j' aime beaucoup ne sont probablement pas ouvertes <eos>,13,ouvertes,ouverts,11,M,ouvertes,-8.548378,ouverts,-8.577129,1
4420,P_NOUN_8_PASS_b,F,P,les bananes avec les pots que j' aime beaucoup ne sont probablement pas perdues <eos>,13,perdues,perdus,11,M,perdues,-8.312178,perdus,-7.8033667,0
4421,P_NOUN_8_PASS_b,F,P,les bananes avec les pots que j' aime beaucoup ne sont probablement pas réparées <eos>,13,réparées,réparés,11,M,réparées,-10.362856,réparés,-11.785158,1
4422,P_NOUN_8_PASS_b,F,P,les bananes avec les pots que j' aime beaucoup ne sont probablement pas retirées <eos>,13,retirées,retirés,11,M,retirées,-9.163614,retirés,-9.524149,1
4423,P_NOUN_8_PASS_b,F,P,les bananes avec les pots que j' aime beaucoup ne sont probablement pas tombées <eos>,13,tombées,tombés,11,M,tombées,-8.173999,tombés,-7.753675,0
4424,P_NOUN_8_PASS_b,F,P,les bananes avec les pots que j' aime beaucoup ne sont probablement pas utilisées <eos>,13,utilisées,utilisés,11,M,utilisées,-5.2497797,utilisés,-5.371604,1
4425,P_NOUN_8_PASS_b,F,P,les bananes avec les coussins que j' aime beaucoup ne sont probablement pas achetées <eos>,13,achetées,achetés,11,M,achetées,-10.296647,achetés,-9.547494,0
4426,P_NOUN_8_PASS_b,F,P,les bananes avec les coussins que j' aime beaucoup ne sont probablement pas brisées <eos>,13,brisées,brisés,11,M,brisées,-9.395366,brisés,-12.249204,1
4427,P_NOUN_8_PASS_b,F,P,les bananes avec les coussins que j' aime beaucoup ne sont probablement pas cachées <eos>,13,cachées,cachés,11,M,cachées,-8.610611,cachés,-9.69912,1
4428,P_NOUN_8_PASS_b,F,P,les bananes avec les coussins que j' aime beaucoup ne sont probablement pas cassées <eos>,13,cassées,cassés,11,M,cassées,-8.661631,cassés,-9.862565,1
4429,P_NOUN_8_PASS_b,F,P,les bananes avec les coussins que j' aime beaucoup ne sont probablement pas couvertes <eos>,13,couvertes,couverts,11,M,couvertes,-7.4366274,couverts,-8.124574,1
4430,P_NOUN_8_PASS_b,F,P,les bananes avec les coussins que j' aime beaucoup ne sont probablement pas déformées <eos>,13,déformées,déformés,11,M,déformées,-8.495875,déformés,-13.4217005,1
4431,P_NOUN_8_PASS_b,F,P,les bananes avec les coussins que j' aime beaucoup ne sont probablement pas fixées <eos>,13,fixées,fixés,11,M,fixées,-8.495794,fixés,-9.003513,1
4432,P_NOUN_8_PASS_b,F,P,les bananes avec les coussins que j' aime beaucoup ne sont probablement pas jetées <eos>,13,jetées,jetés,11,M,jetées,-7.8120246,jetés,-9.909065,1
4433,P_NOUN_8_PASS_b,F,P,les bananes avec les coussins que j' aime beaucoup ne sont probablement pas laissées <eos>,13,laissées,laissés,11,M,laissées,-7.5009756,laissés,-9.349817,1
4434,P_NOUN_8_PASS_b,F,P,les bananes avec les coussins que j' aime beaucoup ne sont probablement pas ouvertes <eos>,13,ouvertes,ouverts,11,M,ouvertes,-8.069856,ouverts,-8.85127,1
4435,P_NOUN_8_PASS_b,F,P,les bananes avec les coussins que j' aime beaucoup ne sont probablement pas perdues <eos>,13,perdues,perdus,11,M,perdues,-7.9582906,perdus,-8.26148,1
4436,P_NOUN_8_PASS_b,F,P,les bananes avec les coussins que j' aime beaucoup ne sont probablement pas réparées <eos>,13,réparées,réparés,11,M,réparées,-9.823363,réparés,-11.944261,1
4437,P_NOUN_8_PASS_b,F,P,les bananes avec les coussins que j' aime beaucoup ne sont probablement pas retirées <eos>,13,retirées,retirés,11,M,retirées,-8.791685,retirés,-10.092127,1
4438,P_NOUN_8_PASS_b,F,P,les bananes avec les coussins que j' aime beaucoup ne sont probablement pas tombées <eos>,13,tombées,tombés,11,M,tombées,-7.8904724,tombés,-8.437192,1
4439,P_NOUN_8_PASS_b,F,P,les bananes avec les coussins que j' aime beaucoup ne sont probablement pas utilisées <eos>,13,utilisées,utilisés,11,M,utilisées,-5.0051985,utilisés,-6.047492,1
4440,P_NOUN_8_PASS_b,F,P,les bananes avec les jouets que j' aime beaucoup ne sont probablement pas achetées <eos>,13,achetées,achetés,11,M,achetées,-11.087795,achetés,-9.2663145,0
4441,P_NOUN_8_PASS_b,F,P,les bananes avec les jouets que j' aime beaucoup ne sont probablement pas brisées <eos>,13,brisées,brisés,11,M,brisées,-10.43144,brisés,-12.304083,1
4442,P_NOUN_8_PASS_b,F,P,les bananes avec les jouets que j' aime beaucoup ne sont probablement pas cachées <eos>,13,cachées,cachés,11,M,cachées,-9.161422,cachés,-9.100496,0
4443,P_NOUN_8_PASS_b,F,P,les bananes avec les jouets que j' aime beaucoup ne sont probablement pas cassées <eos>,13,cassées,cassés,11,M,cassées,-10.02422,cassés,-9.82517,0
4444,P_NOUN_8_PASS_b,F,P,les bananes avec les jouets que j' aime beaucoup ne sont probablement pas couvertes <eos>,13,couvertes,couverts,11,M,couvertes,-9.013269,couverts,-8.43053,0
4445,P_NOUN_8_PASS_b,F,P,les bananes avec les jouets que j' aime beaucoup ne sont probablement pas déformées <eos>,13,déformées,déformés,11,M,déformées,-9.500929,déformés,-13.092389,1
4446,P_NOUN_8_PASS_b,F,P,les bananes avec les jouets que j' aime beaucoup ne sont probablement pas fixées <eos>,13,fixées,fixés,11,M,fixées,-10.019156,fixés,-9.191777,0
4447,P_NOUN_8_PASS_b,F,P,les bananes avec les jouets que j' aime beaucoup ne sont probablement pas jetées <eos>,13,jetées,jetés,11,M,jetées,-9.607816,jetés,-9.947023,1
4448,P_NOUN_8_PASS_b,F,P,les bananes avec les jouets que j' aime beaucoup ne sont probablement pas laissées <eos>,13,laissées,laissés,11,M,laissées,-8.755934,laissés,-9.090924,1
4449,P_NOUN_8_PASS_b,F,P,les bananes avec les jouets que j' aime beaucoup ne sont probablement pas ouvertes <eos>,13,ouvertes,ouverts,11,M,ouvertes,-9.23264,ouverts,-8.836924,0
4450,P_NOUN_8_PASS_b,F,P,les bananes avec les jouets que j' aime beaucoup ne sont probablement pas perdues <eos>,13,perdues,perdus,11,M,perdues,-9.07967,perdus,-8.21884,0
4451,P_NOUN_8_PASS_b,F,P,les bananes avec les jouets que j' aime beaucoup ne sont probablement pas réparées <eos>,13,réparées,réparés,11,M,réparées,-11.003601,réparés,-12.331654,1
4452,P_NOUN_8_PASS_b,F,P,les bananes avec les jouets que j' aime beaucoup ne sont probablement pas retirées <eos>,13,retirées,retirés,11,M,retirées,-9.895061,retirés,-10.223982,1
4453,P_NOUN_8_PASS_b,F,P,les bananes avec les jouets que j' aime beaucoup ne sont probablement pas tombées <eos>,13,tombées,tombés,11,M,tombées,-8.830664,tombés,-8.1334915,0
4454,P_NOUN_8_PASS_b,F,P,les bananes avec les jouets que j' aime beaucoup ne sont probablement pas utilisées <eos>,13,utilisées,utilisés,11,M,utilisées,-6.414139,utilisés,-6.3277607,0
4455,P_NOUN_8_PASS_b,F,P,les bananes avec les clous que j' aime beaucoup ne sont probablement pas achetées <eos>,13,achetées,achetés,11,M,achetées,-10.396566,achetés,-9.430601,0
4456,P_NOUN_8_PASS_b,F,P,les bananes avec les clous que j' aime beaucoup ne sont probablement pas brisées <eos>,13,brisées,brisés,11,M,brisées,-9.612774,brisés,-12.353498,1
4457,P_NOUN_8_PASS_b,F,P,les bananes avec les clous que j' aime beaucoup ne sont probablement pas cachées <eos>,13,cachées,cachés,11,M,cachées,-8.706062,cachés,-9.359662,1
4458,P_NOUN_8_PASS_b,F,P,les bananes avec les clous que j' aime beaucoup ne sont probablement pas cassées <eos>,13,cassées,cassés,11,M,cassées,-8.990145,cassés,-9.428589,1
4459,P_NOUN_8_PASS_b,F,P,les bananes avec les clous que j' aime beaucoup ne sont probablement pas couvertes <eos>,13,couvertes,couverts,11,M,couvertes,-7.71624,couverts,-7.973565,1
4460,P_NOUN_8_PASS_b,F,P,les bananes avec les clous que j' aime beaucoup ne sont probablement pas déformées <eos>,13,déformées,déformés,11,M,déformées,-8.986443,déformés,-13.685007,1
4461,P_NOUN_8_PASS_b,F,P,les bananes avec les clous que j' aime beaucoup ne sont probablement pas fixées <eos>,13,fixées,fixés,11,M,fixées,-8.65833,fixés,-8.974209,1
4462,P_NOUN_8_PASS_b,F,P,les bananes avec les clous que j' aime beaucoup ne sont probablement pas jetées <eos>,13,jetées,jetés,11,M,jetées,-8.206712,jetés,-9.605419,1
4463,P_NOUN_8_PASS_b,F,P,les bananes avec les clous que j' aime beaucoup ne sont probablement pas laissées <eos>,13,laissées,laissés,11,M,laissées,-7.850987,laissés,-9.023893,1
4464,P_NOUN_8_PASS_b,F,P,les bananes avec les clous que j' aime beaucoup ne sont probablement pas ouvertes <eos>,13,ouvertes,ouverts,11,M,ouvertes,-8.593915,ouverts,-9.63863,1
4465,P_NOUN_8_PASS_b,F,P,les bananes avec les clous que j' aime beaucoup ne sont probablement pas perdues <eos>,13,perdues,perdus,11,M,perdues,-7.8328867,perdus,-8.322243,1
4466,P_NOUN_8_PASS_b,F,P,les bananes avec les clous que j' aime beaucoup ne sont probablement pas réparées <eos>,13,réparées,réparés,11,M,réparées,-9.9566145,réparés,-11.801049,1
4467,P_NOUN_8_PASS_b,F,P,les bananes avec les clous que j' aime beaucoup ne sont probablement pas retirées <eos>,13,retirées,retirés,11,M,retirées,-8.699864,retirés,-9.831637,1
4468,P_NOUN_8_PASS_b,F,P,les bananes avec les clous que j' aime beaucoup ne sont probablement pas tombées <eos>,13,tombées,tombés,11,M,tombées,-7.540075,tombés,-7.8837037,1
4469,P_NOUN_8_PASS_b,F,P,les bananes avec les clous que j' aime beaucoup ne sont probablement pas utilisées <eos>,13,utilisées,utilisés,11,M,utilisées,-4.9833093,utilisés,-5.74982,1
4470,P_NOUN_8_PASS_b,F,P,les bananes avec les billets que j' aime beaucoup ne sont probablement pas achetées <eos>,13,achetées,achetés,11,M,achetées,-9.449581,achetés,-8.677071,0
4471,P_NOUN_8_PASS_b,F,P,les bananes avec les billets que j' aime beaucoup ne sont probablement pas brisées <eos>,13,brisées,brisés,11,M,brisées,-10.026327,brisés,-12.98426,1
4472,P_NOUN_8_PASS_b,F,P,les bananes avec les billets que j' aime beaucoup ne sont probablement pas cachées <eos>,13,cachées,cachés,11,M,cachées,-9.870491,cachés,-8.98021,0
4473,P_NOUN_8_PASS_b,F,P,les bananes avec les billets que j' aime beaucoup ne sont probablement pas cassées <eos>,13,cassées,cassés,11,M,cassées,-10.183224,cassés,-10.112244,0
4474,P_NOUN_8_PASS_b,F,P,les bananes avec les billets que j' aime beaucoup ne sont probablement pas couvertes <eos>,13,couvertes,couverts,11,M,couvertes,-9.083416,couverts,-8.292194,0
4475,P_NOUN_8_PASS_b,F,P,les bananes avec les billets que j' aime beaucoup ne sont probablement pas déformées <eos>,13,déformées,déformés,11,M,déformées,-9.636371,déformés,-14.0686035,1
4476,P_NOUN_8_PASS_b,F,P,les bananes avec les billets que j' aime beaucoup ne sont probablement pas fixées <eos>,13,fixées,fixés,11,M,fixées,-8.931627,fixés,-8.54999,0
4477,P_NOUN_8_PASS_b,F,P,les bananes avec les billets que j' aime beaucoup ne sont probablement pas jetées <eos>,13,jetées,jetés,11,M,jetées,-9.158286,jetés,-9.432973,1
4478,P_NOUN_8_PASS_b,F,P,les bananes avec les billets que j' aime beaucoup ne sont probablement pas laissées <eos>,13,laissées,laissés,11,M,laissées,-8.231228,laissés,-9.679361,1
4479,P_NOUN_8_PASS_b,F,P,les bananes avec les billets que j' aime beaucoup ne sont probablement pas ouvertes <eos>,13,ouvertes,ouverts,11,M,ouvertes,-9.6015,ouverts,-9.083185,0
4480,P_NOUN_8_PASS_b,F,P,les bananes avec les billets que j' aime beaucoup ne sont probablement pas perdues <eos>,13,perdues,perdus,11,M,perdues,-7.767179,perdus,-7.741919,0
4481,P_NOUN_8_PASS_b,F,P,les bananes avec les billets que j' aime beaucoup ne sont probablement pas réparées <eos>,13,réparées,réparés,11,M,réparées,-11.073942,réparés,-12.478641,1
4482,P_NOUN_8_PASS_b,F,P,les bananes avec les billets que j' aime beaucoup ne sont probablement pas retirées <eos>,13,retirées,retirés,11,M,retirées,-9.008871,retirés,-9.187645,1
4483,P_NOUN_8_PASS_b,F,P,les bananes avec les billets que j' aime beaucoup ne sont probablement pas tombées <eos>,13,tombées,tombés,11,M,tombées,-8.714046,tombés,-8.301921,0
4484,P_NOUN_8_PASS_b,F,P,les bananes avec les billets que j' aime beaucoup ne sont probablement pas utilisées <eos>,13,utilisées,utilisés,11,M,utilisées,-5.7559204,utilisés,-5.9494696,1
4485,P_NOUN_8_PASS_b,F,P,les bananes avec les légumes que j' aime beaucoup ne sont probablement pas achetées <eos>,13,achetées,achetés,11,M,achetées,-10.684421,achetés,-9.105515,0
4486,P_NOUN_8_PASS_b,F,P,les bananes avec les légumes que j' aime beaucoup ne sont probablement pas brisées <eos>,13,brisées,brisés,11,M,brisées,-10.349528,brisés,-12.653861,1
4487,P_NOUN_8_PASS_b,F,P,les bananes avec les légumes que j' aime beaucoup ne sont probablement pas cachées <eos>,13,cachées,cachés,11,M,cachées,-9.297183,cachés,-9.658705,1
4488,P_NOUN_8_PASS_b,F,P,les bananes avec les légumes que j' aime beaucoup ne sont probablement pas cassées <eos>,13,cassées,cassés,11,M,cassées,-9.864084,cassés,-9.519658,0
4489,P_NOUN_8_PASS_b,F,P,les bananes avec les légumes que j' aime beaucoup ne sont probablement pas couvertes <eos>,13,couvertes,couverts,11,M,couvertes,-8.105,couverts,-7.819925,0
4490,P_NOUN_8_PASS_b,F,P,les bananes avec les légumes que j' aime beaucoup ne sont probablement pas déformées <eos>,13,déformées,déformés,11,M,déformées,-9.4722595,déformés,-13.809215,1
4491,P_NOUN_8_PASS_b,F,P,les bananes avec les légumes que j' aime beaucoup ne sont probablement pas fixées <eos>,13,fixées,fixés,11,M,fixées,-9.553095,fixés,-9.396757,0
4492,P_NOUN_8_PASS_b,F,P,les bananes avec les légumes que j' aime beaucoup ne sont probablement pas jetées <eos>,13,jetées,jetés,11,M,jetées,-9.322476,jetés,-10.48743,1
4493,P_NOUN_8_PASS_b,F,P,les bananes avec les légumes que j' aime beaucoup ne sont probablement pas laissées <eos>,13,laissées,laissés,11,M,laissées,-8.2333975,laissés,-9.049774,1
4494,P_NOUN_8_PASS_b,F,P,les bananes avec les légumes que j' aime beaucoup ne sont probablement pas ouvertes <eos>,13,ouvertes,ouverts,11,M,ouvertes,-8.866132,ouverts,-9.23024,1
4495,P_NOUN_8_PASS_b,F,P,les bananes avec les légumes que j' aime beaucoup ne sont probablement pas perdues <eos>,13,perdues,perdus,11,M,perdues,-8.235268,perdus,-8.339624,1
4496,P_NOUN_8_PASS_b,F,P,les bananes avec les légumes que j' aime beaucoup ne sont probablement pas réparées <eos>,13,réparées,réparés,11,M,réparées,-10.928646,réparés,-12.132614,1
4497,P_NOUN_8_PASS_b,F,P,les bananes avec les légumes que j' aime beaucoup ne sont probablement pas retirées <eos>,13,retirées,retirés,11,M,retirées,-9.560744,retirés,-9.929879,1
4498,P_NOUN_8_PASS_b,F,P,les bananes avec les légumes que j' aime beaucoup ne sont probablement pas tombées <eos>,13,tombées,tombés,11,M,tombées,-7.9689474,tombés,-8.036133,1
4499,P_NOUN_8_PASS_b,F,P,les bananes avec les légumes que j' aime beaucoup ne sont probablement pas utilisées <eos>,13,utilisées,utilisés,11,M,utilisées,-5.5707827,utilisés,-6.0517044,1
4500,P_NOUN_8_PASS_b,F,P,les robes avec les bracelets que j' aime beaucoup ne sont probablement pas achetées <eos>,13,achetées,achetés,11,M,achetées,-11.976027,achetés,-11.163038,0
4501,P_NOUN_8_PASS_b,F,P,les robes avec les bracelets que j' aime beaucoup ne sont probablement pas brisées <eos>,13,brisées,brisés,11,M,brisées,-9.973816,brisés,-13.166598,1
4502,P_NOUN_8_PASS_b,F,P,les robes avec les bracelets que j' aime beaucoup ne sont probablement pas cachées <eos>,13,cachées,cachés,11,M,cachées,-8.75907,cachés,-9.552402,1
4503,P_NOUN_8_PASS_b,F,P,les robes avec les bracelets que j' aime beaucoup ne sont probablement pas cassées <eos>,13,cassées,cassés,11,M,cassées,-9.143003,cassés,-11.44669,1
4504,P_NOUN_8_PASS_b,F,P,les robes avec les bracelets que j' aime beaucoup ne sont probablement pas couvertes <eos>,13,couvertes,couverts,11,M,couvertes,-8.696407,couverts,-8.999495,1
4505,P_NOUN_8_PASS_b,F,P,les robes avec les bracelets que j' aime beaucoup ne sont probablement pas déformées <eos>,13,déformées,déformés,11,M,déformées,-9.006914,déformés,-12.862363,1
4506,P_NOUN_8_PASS_b,F,P,les robes avec les bracelets que j' aime beaucoup ne sont probablement pas fixées <eos>,13,fixées,fixés,11,M,fixées,-8.127586,fixés,-9.913801,1
4507,P_NOUN_8_PASS_b,F,P,les robes avec les bracelets que j' aime beaucoup ne sont probablement pas jetées <eos>,13,jetées,jetés,11,M,jetées,-8.992648,jetés,-10.37532,1
4508,P_NOUN_8_PASS_b,F,P,les robes avec les bracelets que j' aime beaucoup ne sont probablement pas laissées <eos>,13,laissées,laissés,11,M,laissées,-8.740112,laissés,-10.802186,1
4509,P_NOUN_8_PASS_b,F,P,les robes avec les bracelets que j' aime beaucoup ne sont probablement pas ouvertes <eos>,13,ouvertes,ouverts,11,M,ouvertes,-8.590595,ouverts,-9.999735,1
4510,P_NOUN_8_PASS_b,F,P,les robes avec les bracelets que j' aime beaucoup ne sont probablement pas perdues <eos>,13,perdues,perdus,11,M,perdues,-8.549183,perdus,-9.442698,1
4511,P_NOUN_8_PASS_b,F,P,les robes avec les bracelets que j' aime beaucoup ne sont probablement pas réparées <eos>,13,réparées,réparés,11,M,réparées,-10.819153,réparés,-12.934051,1
4512,P_NOUN_8_PASS_b,F,P,les robes avec les bracelets que j' aime beaucoup ne sont probablement pas retirées <eos>,13,retirées,retirés,11,M,retirées,-9.468551,retirés,-10.335616,1
4513,P_NOUN_8_PASS_b,F,P,les robes avec les bracelets que j' aime beaucoup ne sont probablement pas tombées <eos>,13,tombées,tombés,11,M,tombées,-8.18704,tombés,-7.6292677,0
4514,P_NOUN_8_PASS_b,F,P,les robes avec les bracelets que j' aime beaucoup ne sont probablement pas utilisées <eos>,13,utilisées,utilisés,11,M,utilisées,-5.410014,utilisés,-6.1360617,1
4515,P_NOUN_8_PASS_b,F,P,les robes avec les miroirs que j' aime beaucoup ne sont probablement pas achetées <eos>,13,achetées,achetés,11,M,achetées,-12.520815,achetés,-11.415003,0
4516,P_NOUN_8_PASS_b,F,P,les robes avec les miroirs que j' aime beaucoup ne sont probablement pas brisées <eos>,13,brisées,brisés,11,M,brisées,-9.776827,brisés,-12.75372,1
4517,P_NOUN_8_PASS_b,F,P,les robes avec les miroirs que j' aime beaucoup ne sont probablement pas cachées <eos>,13,cachées,cachés,11,M,cachées,-8.579591,cachés,-9.74875,1
4518,P_NOUN_8_PASS_b,F,P,les robes avec les miroirs que j' aime beaucoup ne sont probablement pas cassées <eos>,13,cassées,cassés,11,M,cassées,-9.412483,cassés,-11.533095,1
4519,P_NOUN_8_PASS_b,F,P,les robes avec les miroirs que j' aime beaucoup ne sont probablement pas couvertes <eos>,13,couvertes,couverts,11,M,couvertes,-8.291785,couverts,-8.783076,1
4520,P_NOUN_8_PASS_b,F,P,les robes avec les miroirs que j' aime beaucoup ne sont probablement pas déformées <eos>,13,déformées,déformés,11,M,déformées,-8.215501,déformés,-11.762406,1
4521,P_NOUN_8_PASS_b,F,P,les robes avec les miroirs que j' aime beaucoup ne sont probablement pas fixées <eos>,13,fixées,fixés,11,M,fixées,-8.197684,fixés,-9.808814,1
4522,P_NOUN_8_PASS_b,F,P,les robes avec les miroirs que j' aime beaucoup ne sont probablement pas jetées <eos>,13,jetées,jetés,11,M,jetées,-9.449616,jetés,-10.48686,1
4523,P_NOUN_8_PASS_b,F,P,les robes avec les miroirs que j' aime beaucoup ne sont probablement pas laissées <eos>,13,laissées,laissés,11,M,laissées,-8.510092,laissés,-10.925356,1
4524,P_NOUN_8_PASS_b,F,P,les robes avec les miroirs que j' aime beaucoup ne sont probablement pas ouvertes <eos>,13,ouvertes,ouverts,11,M,ouvertes,-8.070568,ouverts,-9.411892,1
4525,P_NOUN_8_PASS_b,F,P,les robes avec les miroirs que j' aime beaucoup ne sont probablement pas perdues <eos>,13,perdues,perdus,11,M,perdues,-8.430103,perdus,-8.960442,1
4526,P_NOUN_8_PASS_b,F,P,les robes avec les miroirs que j' aime beaucoup ne sont probablement pas réparées <eos>,13,réparées,réparés,11,M,réparées,-9.9509325,réparés,-12.23751,1
4527,P_NOUN_8_PASS_b,F,P,les robes avec les miroirs que j' aime beaucoup ne sont probablement pas retirées <eos>,13,retirées,retirés,11,M,retirées,-9.112585,retirés,-10.65651,1
4528,P_NOUN_8_PASS_b,F,P,les robes avec les miroirs que j' aime beaucoup ne sont probablement pas tombées <eos>,13,tombées,tombés,11,M,tombées,-8.18645,tombés,-8.681189,1
4529,P_NOUN_8_PASS_b,F,P,les robes avec les miroirs que j' aime beaucoup ne sont probablement pas utilisées <eos>,13,utilisées,utilisés,11,M,utilisées,-5.526307,utilisés,-6.2972536,1
4530,P_NOUN_8_PASS_b,F,P,les robes avec les crayons que j' aime beaucoup ne sont probablement pas achetées <eos>,13,achetées,achetés,11,M,achetées,-11.838614,achetés,-10.694683,0
4531,P_NOUN_8_PASS_b,F,P,les robes avec les crayons que j' aime beaucoup ne sont probablement pas brisées <eos>,13,brisées,brisés,11,M,brisées,-10.258642,brisés,-13.287218,1
4532,P_NOUN_8_PASS_b,F,P,les robes avec les crayons que j' aime beaucoup ne sont probablement pas cachées <eos>,13,cachées,cachés,11,M,cachées,-8.891074,cachés,-9.580049,1
4533,P_NOUN_8_PASS_b,F,P,les robes avec les crayons que j' aime beaucoup ne sont probablement pas cassées <eos>,13,cassées,cassés,11,M,cassées,-9.711344,cassés,-10.921977,1
4534,P_NOUN_8_PASS_b,F,P,les robes avec les crayons que j' aime beaucoup ne sont probablement pas couvertes <eos>,13,couvertes,couverts,11,M,couvertes,-8.660495,couverts,-8.629366,0
4535,P_NOUN_8_PASS_b,F,P,les robes avec les crayons que j' aime beaucoup ne sont probablement pas déformées <eos>,13,déformées,déformés,11,M,déformées,-9.016439,déformés,-12.541752,1
4536,P_NOUN_8_PASS_b,F,P,les robes avec les crayons que j' aime beaucoup ne sont probablement pas fixées <eos>,13,fixées,fixés,11,M,fixées,-8.7636385,fixés,-10.132721,1
4537,P_NOUN_8_PASS_b,F,P,les robes avec les crayons que j' aime beaucoup ne sont probablement pas jetées <eos>,13,jetées,jetés,11,M,jetées,-9.852878,jetés,-10.647186,1
4538,P_NOUN_8_PASS_b,F,P,les robes avec les crayons que j' aime beaucoup ne sont probablement pas laissées <eos>,13,laissées,laissés,11,M,laissées,-8.41697,laissés,-10.313486,1
4539,P_NOUN_8_PASS_b,F,P,les robes avec les crayons que j' aime beaucoup ne sont probablement pas ouvertes <eos>,13,ouvertes,ouverts,11,M,ouvertes,-8.606593,ouverts,-10.018288,1
4540,P_NOUN_8_PASS_b,F,P,les robes avec les crayons que j' aime beaucoup ne sont probablement pas perdues <eos>,13,perdues,perdus,11,M,perdues,-8.559633,perdus,-9.305252,1
4541,P_NOUN_8_PASS_b,F,P,les robes avec les crayons que j' aime beaucoup ne sont probablement pas réparées <eos>,13,réparées,réparés,11,M,réparées,-10.101418,réparés,-12.210474,1
4542,P_NOUN_8_PASS_b,F,P,les robes avec les crayons que j' aime beaucoup ne sont probablement pas retirées <eos>,13,retirées,retirés,11,M,retirées,-9.300154,retirés,-10.418398,1
4543,P_NOUN_8_PASS_b,F,P,les robes avec les crayons que j' aime beaucoup ne sont probablement pas tombées <eos>,13,tombées,tombés,11,M,tombées,-8.137038,tombés,-8.072038,0
4544,P_NOUN_8_PASS_b,F,P,les robes avec les crayons que j' aime beaucoup ne sont probablement pas utilisées <eos>,13,utilisées,utilisés,11,M,utilisées,-5.6085134,utilisés,-6.250008,1
4545,P_NOUN_8_PASS_b,F,P,les robes avec les rideaux que j' aime beaucoup ne sont probablement pas achetées <eos>,13,achetées,achetés,11,M,achetées,-11.923138,achetés,-11.221652,0
4546,P_NOUN_8_PASS_b,F,P,les robes avec les rideaux que j' aime beaucoup ne sont probablement pas brisées <eos>,13,brisées,brisés,11,M,brisées,-9.995548,brisés,-13.193106,1
4547,P_NOUN_8_PASS_b,F,P,les robes avec les rideaux que j' aime beaucoup ne sont probablement pas cachées <eos>,13,cachées,cachés,11,M,cachées,-8.556643,cachés,-9.68863,1
4548,P_NOUN_8_PASS_b,F,P,les robes avec les rideaux que j' aime beaucoup ne sont probablement pas cassées <eos>,13,cassées,cassés,11,M,cassées,-9.39457,cassés,-11.539199,1
4549,P_NOUN_8_PASS_b,F,P,les robes avec les rideaux que j' aime beaucoup ne sont probablement pas couvertes <eos>,13,couvertes,couverts,11,M,couvertes,-8.237156,couverts,-8.824349,1
4550,P_NOUN_8_PASS_b,F,P,les robes avec les rideaux que j' aime beaucoup ne sont probablement pas déformées <eos>,13,déformées,déformés,11,M,déformées,-9.176364,déformés,-12.628468,1
4551,P_NOUN_8_PASS_b,F,P,les robes avec les rideaux que j' aime beaucoup ne sont probablement pas fixées <eos>,13,fixées,fixés,11,M,fixées,-8.315751,fixés,-9.94757,1
4552,P_NOUN_8_PASS_b,F,P,les robes avec les rideaux que j' aime beaucoup ne sont probablement pas jetées <eos>,13,jetées,jetés,11,M,jetées,-9.403819,jetés,-10.884674,1
4553,P_NOUN_8_PASS_b,F,P,les robes avec les rideaux que j' aime beaucoup ne sont probablement pas laissées <eos>,13,laissées,laissés,11,M,laissées,-8.332146,laissés,-10.68311,1
4554,P_NOUN_8_PASS_b,F,P,les robes avec les rideaux que j' aime beaucoup ne sont probablement pas ouvertes <eos>,13,ouvertes,ouverts,11,M,ouvertes,-8.205368,ouverts,-9.841167,1
4555,P_NOUN_8_PASS_b,F,P,les robes avec les rideaux que j' aime beaucoup ne sont probablement pas perdues <eos>,13,perdues,perdus,11,M,perdues,-8.543324,perdus,-9.53121,1
4556,P_NOUN_8_PASS_b,F,P,les robes avec les rideaux que j' aime beaucoup ne sont probablement pas réparées <eos>,13,réparées,réparés,11,M,réparées,-10.175539,réparés,-12.4447565,1
4557,P_NOUN_8_PASS_b,F,P,les robes avec les rideaux que j' aime beaucoup ne sont probablement pas retirées <eos>,13,retirées,retirés,11,M,retirées,-9.1191025,retirés,-10.887153,1
4558,P_NOUN_8_PASS_b,F,P,les robes avec les rideaux que j' aime beaucoup ne sont probablement pas tombées <eos>,13,tombées,tombés,11,M,tombées,-8.0109215,tombés,-8.108995,1
4559,P_NOUN_8_PASS_b,F,P,les robes avec les rideaux que j' aime beaucoup ne sont probablement pas utilisées <eos>,13,utilisées,utilisés,11,M,utilisées,-5.661954,utilisés,-6.6695414,1
4560,P_NOUN_8_PASS_b,F,P,les robes avec les cahiers que j' aime beaucoup ne sont probablement pas achetées <eos>,13,achetées,achetés,11,M,achetées,-12.168646,achetés,-11.104844,0
4561,P_NOUN_8_PASS_b,F,P,les robes avec les cahiers que j' aime beaucoup ne sont probablement pas brisées <eos>,13,brisées,brisés,11,M,brisées,-10.462228,brisés,-13.504459,1
4562,P_NOUN_8_PASS_b,F,P,les robes avec les cahiers que j' aime beaucoup ne sont probablement pas cachées <eos>,13,cachées,cachés,11,M,cachées,-8.908959,cachés,-9.843308,1
4563,P_NOUN_8_PASS_b,F,P,les robes avec les cahiers que j' aime beaucoup ne sont probablement pas cassées <eos>,13,cassées,cassés,11,M,cassées,-10.346696,cassés,-12.215409,1
4564,P_NOUN_8_PASS_b,F,P,les robes avec les cahiers que j' aime beaucoup ne sont probablement pas couvertes <eos>,13,couvertes,couverts,11,M,couvertes,-8.934425,couverts,-9.106302,1
4565,P_NOUN_8_PASS_b,F,P,les robes avec les cahiers que j' aime beaucoup ne sont probablement pas déformées <eos>,13,déformées,déformés,11,M,déformées,-9.39637,déformés,-12.642578,1
4566,P_NOUN_8_PASS_b,F,P,les robes avec les cahiers que j' aime beaucoup ne sont probablement pas fixées <eos>,13,fixées,fixés,11,M,fixées,-8.857303,fixés,-10.543684,1
4567,P_NOUN_8_PASS_b,F,P,les robes avec les cahiers que j' aime beaucoup ne sont probablement pas jetées <eos>,13,jetées,jetés,11,M,jetées,-10.305775,jetés,-11.454746,1
4568,P_NOUN_8_PASS_b,F,P,les robes avec les cahiers que j' aime beaucoup ne sont probablement pas laissées <eos>,13,laissées,laissés,11,M,laissées,-8.795994,laissés,-10.802127,1
4569,P_NOUN_8_PASS_b,F,P,les robes avec les cahiers que j' aime beaucoup ne sont probablement pas ouvertes <eos>,13,ouvertes,ouverts,11,M,ouvertes,-8.200554,ouverts,-9.804899,1
4570,P_NOUN_8_PASS_b,F,P,les robes avec les cahiers que j' aime beaucoup ne sont probablement pas perdues <eos>,13,perdues,perdus,11,M,perdues,-8.036394,perdus,-9.077749,1
4571,P_NOUN_8_PASS_b,F,P,les robes avec les cahiers que j' aime beaucoup ne sont probablement pas réparées <eos>,13,réparées,réparés,11,M,réparées,-10.676547,réparés,-12.790864,1
4572,P_NOUN_8_PASS_b,F,P,les robes avec les cahiers que j' aime beaucoup ne sont probablement pas retirées <eos>,13,retirées,retirés,11,M,retirées,-9.361113,retirés,-10.913805,1
4573,P_NOUN_8_PASS_b,F,P,les robes avec les cahiers que j' aime beaucoup ne sont probablement pas tombées <eos>,13,tombées,tombés,11,M,tombées,-8.391121,tombés,-8.358474,0
4574,P_NOUN_8_PASS_b,F,P,les robes avec les cahiers que j' aime beaucoup ne sont probablement pas utilisées <eos>,13,utilisées,utilisés,11,M,utilisées,-5.946453,utilisés,-6.999194,1
4575,P_NOUN_8_PASS_b,F,P,les robes avec les micros que j' aime beaucoup ne sont probablement pas achetées <eos>,13,achetées,achetés,11,M,achetées,-12.186992,achetés,-11.340589,0
4576,P_NOUN_8_PASS_b,F,P,les robes avec les micros que j' aime beaucoup ne sont probablement pas brisées <eos>,13,brisées,brisés,11,M,brisées,-9.942331,brisés,-13.198873,1
4577,P_NOUN_8_PASS_b,F,P,les robes avec les micros que j' aime beaucoup ne sont probablement pas cachées <eos>,13,cachées,cachés,11,M,cachées,-9.223211,cachés,-10.219789,1
4578,P_NOUN_8_PASS_b,F,P,les robes avec les micros que j' aime beaucoup ne sont probablement pas cassées <eos>,13,cassées,cassés,11,M,cassées,-9.741514,cassés,-11.919352,1
4579,P_NOUN_8_PASS_b,F,P,les robes avec les micros que j' aime beaucoup ne sont probablement pas couvertes <eos>,13,couvertes,couverts,11,M,couvertes,-8.409537,couverts,-8.821208,1
4580,P_NOUN_8_PASS_b,F,P,les robes avec les micros que j' aime beaucoup ne sont probablement pas déformées <eos>,13,déformées,déformés,11,M,déformées,-9.228425,déformés,-12.983783,1
4581,P_NOUN_8_PASS_b,F,P,les robes avec les micros que j' aime beaucoup ne sont probablement pas fixées <eos>,13,fixées,fixés,11,M,fixées,-8.184452,fixés,-9.393364,1
4582,P_NOUN_8_PASS_b,F,P,les robes avec les micros que j' aime beaucoup ne sont probablement pas jetées <eos>,13,jetées,jetés,11,M,jetées,-9.7194195,jetés,-11.138749,1
4583,P_NOUN_8_PASS_b,F,P,les robes avec les micros que j' aime beaucoup ne sont probablement pas laissées <eos>,13,laissées,laissés,11,M,laissées,-8.358881,laissés,-11.11497,1
4584,P_NOUN_8_PASS_b,F,P,les robes avec les micros que j' aime beaucoup ne sont probablement pas ouvertes <eos>,13,ouvertes,ouverts,11,M,ouvertes,-8.338292,ouverts,-9.677678,1
4585,P_NOUN_8_PASS_b,F,P,les robes avec les micros que j' aime beaucoup ne sont probablement pas perdues <eos>,13,perdues,perdus,11,M,perdues,-9.012594,perdus,-9.653616,1
4586,P_NOUN_8_PASS_b,F,P,les robes avec les micros que j' aime beaucoup ne sont probablement pas réparées <eos>,13,réparées,réparés,11,M,réparées,-10.721902,réparés,-12.807521,1
4587,P_NOUN_8_PASS_b,F,P,les robes avec les micros que j' aime beaucoup ne sont probablement pas retirées <eos>,13,retirées,retirés,11,M,retirées,-9.428167,retirés,-10.897259,1
4588,P_NOUN_8_PASS_b,F,P,les robes avec les micros que j' aime beaucoup ne sont probablement pas tombées <eos>,13,tombées,tombés,11,M,tombées,-8.793197,tombés,-8.748904,0
4589,P_NOUN_8_PASS_b,F,P,les robes avec les micros que j' aime beaucoup ne sont probablement pas utilisées <eos>,13,utilisées,utilisés,11,M,utilisées,-5.461346,utilisés,-6.200705,1
4590,P_NOUN_8_PASS_b,F,P,les robes avec les sacs que j' aime beaucoup ne sont probablement pas achetées <eos>,13,achetées,achetés,11,M,achetées,-12.122728,achetés,-10.648214,0
4591,P_NOUN_8_PASS_b,F,P,les robes avec les sacs que j' aime beaucoup ne sont probablement pas brisées <eos>,13,brisées,brisés,11,M,brisées,-10.294931,brisés,-13.014112,1
4592,P_NOUN_8_PASS_b,F,P,les robes avec les sacs que j' aime beaucoup ne sont probablement pas cachées <eos>,13,cachées,cachés,11,M,cachées,-9.026203,cachés,-9.550405,1
4593,P_NOUN_8_PASS_b,F,P,les robes avec les sacs que j' aime beaucoup ne sont probablement pas cassées <eos>,13,cassées,cassés,11,M,cassées,-9.551735,cassés,-11.124875,1
4594,P_NOUN_8_PASS_b,F,P,les robes avec les sacs que j' aime beaucoup ne sont probablement pas couvertes <eos>,13,couvertes,couverts,11,M,couvertes,-8.305553,couverts,-8.299167,0
4595,P_NOUN_8_PASS_b,F,P,les robes avec les sacs que j' aime beaucoup ne sont probablement pas déformées <eos>,13,déformées,déformés,11,M,déformées,-9.577116,déformés,-12.890942,1
4596,P_NOUN_8_PASS_b,F,P,les robes avec les sacs que j' aime beaucoup ne sont probablement pas fixées <eos>,13,fixées,fixés,11,M,fixées,-8.637295,fixés,-9.578763,1
4597,P_NOUN_8_PASS_b,F,P,les robes avec les sacs que j' aime beaucoup ne sont probablement pas jetées <eos>,13,jetées,jetés,11,M,jetées,-9.4893055,jetés,-10.450586,1
4598,P_NOUN_8_PASS_b,F,P,les robes avec les sacs que j' aime beaucoup ne sont probablement pas laissées <eos>,13,laissées,laissés,11,M,laissées,-8.684201,laissés,-10.450098,1
4599,P_NOUN_8_PASS_b,F,P,les robes avec les sacs que j' aime beaucoup ne sont probablement pas ouvertes <eos>,13,ouvertes,ouverts,11,M,ouvertes,-8.426283,ouverts,-9.476447,1
4600,P_NOUN_8_PASS_b,F,P,les robes avec les sacs que j' aime beaucoup ne sont probablement pas perdues <eos>,13,perdues,perdus,11,M,perdues,-9.046267,perdus,-9.472838,1
4601,P_NOUN_8_PASS_b,F,P,les robes avec les sacs que j' aime beaucoup ne sont probablement pas réparées <eos>,13,réparées,réparés,11,M,réparées,-10.503392,réparés,-12.185579,1
4602,P_NOUN_8_PASS_b,F,P,les robes avec les sacs que j' aime beaucoup ne sont probablement pas retirées <eos>,13,retirées,retirés,11,M,retirées,-9.594945,retirés,-10.406495,1
4603,P_NOUN_8_PASS_b,F,P,les robes avec les sacs que j' aime beaucoup ne sont probablement pas tombées <eos>,13,tombées,tombés,11,M,tombées,-8.424123,tombés,-7.958892,0
4604,P_NOUN_8_PASS_b,F,P,les robes avec les sacs que j' aime beaucoup ne sont probablement pas utilisées <eos>,13,utilisées,utilisés,11,M,utilisées,-5.555086,utilisés,-6.0518246,1
4605,P_NOUN_8_PASS_b,F,P,les robes avec les claviers que j' aime beaucoup ne sont probablement pas achetées <eos>,13,achetées,achetés,11,M,achetées,-12.168686,achetés,-11.756357,0
4606,P_NOUN_8_PASS_b,F,P,les robes avec les claviers que j' aime beaucoup ne sont probablement pas brisées <eos>,13,brisées,brisés,11,M,brisées,-9.607052,brisés,-12.928675,1
4607,P_NOUN_8_PASS_b,F,P,les robes avec les claviers que j' aime beaucoup ne sont probablement pas cachées <eos>,13,cachées,cachés,11,M,cachées,-8.749636,cachés,-10.385656,1
4608,P_NOUN_8_PASS_b,F,P,les robes avec les claviers que j' aime beaucoup ne sont probablement pas cassées <eos>,13,cassées,cassés,11,M,cassées,-9.820222,cassés,-12.098321,1
4609,P_NOUN_8_PASS_b,F,P,les robes avec les claviers que j' aime beaucoup ne sont probablement pas couvertes <eos>,13,couvertes,couverts,11,M,couvertes,-8.479953,couverts,-9.133213,1
4610,P_NOUN_8_PASS_b,F,P,les robes avec les claviers que j' aime beaucoup ne sont probablement pas déformées <eos>,13,déformées,déformés,11,M,déformées,-8.74662,déformés,-12.790968,1
4611,P_NOUN_8_PASS_b,F,P,les robes avec les claviers que j' aime beaucoup ne sont probablement pas fixées <eos>,13,fixées,fixés,11,M,fixées,-8.392521,fixés,-9.620839,1
4612,P_NOUN_8_PASS_b,F,P,les robes avec les claviers que j' aime beaucoup ne sont probablement pas jetées <eos>,13,jetées,jetés,11,M,jetées,-9.990402,jetés,-11.327493,1
4613,P_NOUN_8_PASS_b,F,P,les robes avec les claviers que j' aime beaucoup ne sont probablement pas laissées <eos>,13,laissées,laissés,11,M,laissées,-8.297737,laissés,-11.075204,1
4614,P_NOUN_8_PASS_b,F,P,les robes avec les claviers que j' aime beaucoup ne sont probablement pas ouvertes <eos>,13,ouvertes,ouverts,11,M,ouvertes,-8.004347,ouverts,-9.895047,1
4615,P_NOUN_8_PASS_b,F,P,les robes avec les claviers que j' aime beaucoup ne sont probablement pas perdues <eos>,13,perdues,perdus,11,M,perdues,-8.637549,perdus,-9.642662,1
4616,P_NOUN_8_PASS_b,F,P,les robes avec les claviers que j' aime beaucoup ne sont probablement pas réparées <eos>,13,réparées,réparés,11,M,réparées,-10.3810005,réparés,-12.841524,1
4617,P_NOUN_8_PASS_b,F,P,les robes avec les claviers que j' aime beaucoup ne sont probablement pas retirées <eos>,13,retirées,retirés,11,M,retirées,-9.373713,retirés,-11.257015,1
4618,P_NOUN_8_PASS_b,F,P,les robes avec les claviers que j' aime beaucoup ne sont probablement pas tombées <eos>,13,tombées,tombés,11,M,tombées,-8.730984,tombés,-9.300623,1
4619,P_NOUN_8_PASS_b,F,P,les robes avec les claviers que j' aime beaucoup ne sont probablement pas utilisées <eos>,13,utilisées,utilisés,11,M,utilisées,-5.5409503,utilisés,-6.633287,1
4620,P_NOUN_8_PASS_b,F,P,les robes avec les raisins que j' aime beaucoup ne sont probablement pas achetées <eos>,13,achetées,achetés,11,M,achetées,-11.2214985,achetés,-10.254806,0
4621,P_NOUN_8_PASS_b,F,P,les robes avec les raisins que j' aime beaucoup ne sont probablement pas brisées <eos>,13,brisées,brisés,11,M,brisées,-10.330147,brisés,-13.745811,1
4622,P_NOUN_8_PASS_b,F,P,les robes avec les raisins que j' aime beaucoup ne sont probablement pas cachées <eos>,13,cachées,cachés,11,M,cachées,-8.852442,cachés,-10.00977,1
4623,P_NOUN_8_PASS_b,F,P,les robes avec les raisins que j' aime beaucoup ne sont probablement pas cassées <eos>,13,cassées,cassés,11,M,cassées,-9.63377,cassés,-10.490763,1
4624,P_NOUN_8_PASS_b,F,P,les robes avec les raisins que j' aime beaucoup ne sont probablement pas couvertes <eos>,13,couvertes,couverts,11,M,couvertes,-7.9820313,couverts,-7.906486,0
4625,P_NOUN_8_PASS_b,F,P,les robes avec les raisins que j' aime beaucoup ne sont probablement pas déformées <eos>,13,déformées,déformés,11,M,déformées,-9.472492,déformés,-13.801865,1
4626,P_NOUN_8_PASS_b,F,P,les robes avec les raisins que j' aime beaucoup ne sont probablement pas fixées <eos>,13,fixées,fixés,11,M,fixées,-8.779798,fixés,-9.945327,1
4627,P_NOUN_8_PASS_b,F,P,les robes avec les raisins que j' aime beaucoup ne sont probablement pas jetées <eos>,13,jetées,jetés,11,M,jetées,-10.407506,jetés,-11.502662,1
4628,P_NOUN_8_PASS_b,F,P,les robes avec les raisins que j' aime beaucoup ne sont probablement pas laissées <eos>,13,laissées,laissés,11,M,laissées,-8.142818,laissés,-10.378254,1
4629,P_NOUN_8_PASS_b,F,P,les robes avec les raisins que j' aime beaucoup ne sont probablement pas ouvertes <eos>,13,ouvertes,ouverts,11,M,ouvertes,-8.314209,ouverts,-9.892762,1
4630,P_NOUN_8_PASS_b,F,P,les robes avec les raisins que j' aime beaucoup ne sont probablement pas perdues <eos>,13,perdues,perdus,11,M,perdues,-9.023763,perdus,-9.942008,1
4631,P_NOUN_8_PASS_b,F,P,les robes avec les raisins que j' aime beaucoup ne sont probablement pas réparées <eos>,13,réparées,réparés,11,M,réparées,-10.426428,réparés,-12.630431,1
4632,P_NOUN_8_PASS_b,F,P,les robes avec les raisins que j' aime beaucoup ne sont probablement pas retirées <eos>,13,retirées,retirés,11,M,retirées,-9.304265,retirés,-10.619816,1
4633,P_NOUN_8_PASS_b,F,P,les robes avec les raisins que j' aime beaucoup ne sont probablement pas tombées <eos>,13,tombées,tombés,11,M,tombées,-7.872729,tombés,-8.009411,1
4634,P_NOUN_8_PASS_b,F,P,les robes avec les raisins que j' aime beaucoup ne sont probablement pas utilisées <eos>,13,utilisées,utilisés,11,M,utilisées,-5.202177,utilisés,-6.053919,1
4635,P_NOUN_8_PASS_b,F,P,les robes avec les chargeurs que j' aime beaucoup ne sont probablement pas achetées <eos>,13,achetées,achetés,11,M,achetées,-11.707459,achetés,-11.1742325,0
4636,P_NOUN_8_PASS_b,F,P,les robes avec les chargeurs que j' aime beaucoup ne sont probablement pas brisées <eos>,13,brisées,brisés,11,M,brisées,-10.074501,brisés,-13.4593115,1
4637,P_NOUN_8_PASS_b,F,P,les robes avec les chargeurs que j' aime beaucoup ne sont probablement pas cachées <eos>,13,cachées,cachés,11,M,cachées,-9.226259,cachés,-9.621558,1
4638,P_NOUN_8_PASS_b,F,P,les robes avec les chargeurs que j' aime beaucoup ne sont probablement pas cassées <eos>,13,cassées,cassés,11,M,cassées,-9.902883,cassés,-11.41184,1
4639,P_NOUN_8_PASS_b,F,P,les robes avec les chargeurs que j' aime beaucoup ne sont probablement pas couvertes <eos>,13,couvertes,couverts,11,M,couvertes,-8.223377,couverts,-8.57305,1
4640,P_NOUN_8_PASS_b,F,P,les robes avec les chargeurs que j' aime beaucoup ne sont probablement pas déformées <eos>,13,déformées,déformés,11,M,déformées,-9.787732,déformés,-13.549278,1
4641,P_NOUN_8_PASS_b,F,P,les robes avec les chargeurs que j' aime beaucoup ne sont probablement pas fixées <eos>,13,fixées,fixés,11,M,fixées,-7.9582205,fixés,-9.39939,1
4642,P_NOUN_8_PASS_b,F,P,les robes avec les chargeurs que j' aime beaucoup ne sont probablement pas jetées <eos>,13,jetées,jetés,11,M,jetées,-9.847727,jetés,-10.924445,1
4643,P_NOUN_8_PASS_b,F,P,les robes avec les chargeurs que j' aime beaucoup ne sont probablement pas laissées <eos>,13,laissées,laissés,11,M,laissées,-8.50889,laissés,-11.23988,1
4644,P_NOUN_8_PASS_b,F,P,les robes avec les chargeurs que j' aime beaucoup ne sont probablement pas ouvertes <eos>,13,ouvertes,ouverts,11,M,ouvertes,-8.505,ouverts,-9.850063,1
4645,P_NOUN_8_PASS_b,F,P,les robes avec les chargeurs que j' aime beaucoup ne sont probablement pas perdues <eos>,13,perdues,perdus,11,M,perdues,-8.571053,perdus,-9.624236,1
4646,P_NOUN_8_PASS_b,F,P,les robes avec les chargeurs que j' aime beaucoup ne sont probablement pas réparées <eos>,13,réparées,réparés,11,M,réparées,-10.509965,réparés,-12.060284,1
4647,P_NOUN_8_PASS_b,F,P,les robes avec les chargeurs que j' aime beaucoup ne sont probablement pas retirées <eos>,13,retirées,retirés,11,M,retirées,-9.21429,retirés,-9.84906,1
4648,P_NOUN_8_PASS_b,F,P,les robes avec les chargeurs que j' aime beaucoup ne sont probablement pas tombées <eos>,13,tombées,tombés,11,M,tombées,-8.579308,tombés,-8.106215,0
4649,P_NOUN_8_PASS_b,F,P,les robes avec les chargeurs que j' aime beaucoup ne sont probablement pas utilisées <eos>,13,utilisées,utilisés,11,M,utilisées,-5.109395,utilisés,-6.02728,1
4650,P_NOUN_8_PASS_b,F,P,les robes avec les vases que j' aime beaucoup ne sont probablement pas achetées <eos>,13,achetées,achetés,11,M,achetées,-12.106211,achetés,-11.011655,0
4651,P_NOUN_8_PASS_b,F,P,les robes avec les vases que j' aime beaucoup ne sont probablement pas brisées <eos>,13,brisées,brisés,11,M,brisées,-9.955671,brisés,-12.913932,1
4652,P_NOUN_8_PASS_b,F,P,les robes avec les vases que j' aime beaucoup ne sont probablement pas cachées <eos>,13,cachées,cachés,11,M,cachées,-8.755941,cachés,-9.914802,1
4653,P_NOUN_8_PASS_b,F,P,les robes avec les vases que j' aime beaucoup ne sont probablement pas cassées <eos>,13,cassées,cassés,11,M,cassées,-9.227962,cassés,-10.902816,1
4654,P_NOUN_8_PASS_b,F,P,les robes avec les vases que j' aime beaucoup ne sont probablement pas couvertes <eos>,13,couvertes,couverts,11,M,couvertes,-8.232498,couverts,-8.354191,1
4655,P_NOUN_8_PASS_b,F,P,les robes avec les vases que j' aime beaucoup ne sont probablement pas déformées <eos>,13,déformées,déformés,11,M,déformées,-8.792915,déformés,-12.447283,1
4656,P_NOUN_8_PASS_b,F,P,les robes avec les vases que j' aime beaucoup ne sont probablement pas fixées <eos>,13,fixées,fixés,11,M,fixées,-8.246845,fixés,-9.772029,1
4657,P_NOUN_8_PASS_b,F,P,les robes avec les vases que j' aime beaucoup ne sont probablement pas jetées <eos>,13,jetées,jetés,11,M,jetées,-9.527222,jetés,-10.581397,1
4658,P_NOUN_8_PASS_b,F,P,les robes avec les vases que j' aime beaucoup ne sont probablement pas laissées <eos>,13,laissées,laissés,11,M,laissées,-8.44435,laissés,-10.489959,1
4659,P_NOUN_8_PASS_b,F,P,les robes avec les vases que j' aime beaucoup ne sont probablement pas ouvertes <eos>,13,ouvertes,ouverts,11,M,ouvertes,-8.457356,ouverts,-9.836428,1
4660,P_NOUN_8_PASS_b,F,P,les robes avec les vases que j' aime beaucoup ne sont probablement pas perdues <eos>,13,perdues,perdus,11,M,perdues,-8.87115,perdus,-9.508926,1
4661,P_NOUN_8_PASS_b,F,P,les robes avec les vases que j' aime beaucoup ne sont probablement pas réparées <eos>,13,réparées,réparés,11,M,réparées,-10.339991,réparés,-12.423515,1
4662,P_NOUN_8_PASS_b,F,P,les robes avec les vases que j' aime beaucoup ne sont probablement pas retirées <eos>,13,retirées,retirés,11,M,retirées,-9.34761,retirés,-10.559861,1
4663,P_NOUN_8_PASS_b,F,P,les robes avec les vases que j' aime beaucoup ne sont probablement pas tombées <eos>,13,tombées,tombés,11,M,tombées,-8.037401,tombés,-8.08388,1
4664,P_NOUN_8_PASS_b,F,P,les robes avec les vases que j' aime beaucoup ne sont probablement pas utilisées <eos>,13,utilisées,utilisés,11,M,utilisées,-5.513286,utilisés,-6.1944804,1
4665,P_NOUN_8_PASS_b,F,P,les robes avec les paniers que j' aime beaucoup ne sont probablement pas achetées <eos>,13,achetées,achetés,11,M,achetées,-12.037167,achetés,-10.796575,0
4666,P_NOUN_8_PASS_b,F,P,les robes avec les paniers que j' aime beaucoup ne sont probablement pas brisées <eos>,13,brisées,brisés,11,M,brisées,-9.89789,brisés,-13.120762,1
4667,P_NOUN_8_PASS_b,F,P,les robes avec les paniers que j' aime beaucoup ne sont probablement pas cachées <eos>,13,cachées,cachés,11,M,cachées,-8.925922,cachés,-9.853711,1
4668,P_NOUN_8_PASS_b,F,P,les robes avec les paniers que j' aime beaucoup ne sont probablement pas cassées <eos>,13,cassées,cassés,11,M,cassées,-9.303768,cassés,-11.369675,1
4669,P_NOUN_8_PASS_b,F,P,les robes avec les paniers que j' aime beaucoup ne sont probablement pas couvertes <eos>,13,couvertes,couverts,11,M,couvertes,-8.296446,couverts,-8.53742,1
4670,P_NOUN_8_PASS_b,F,P,les robes avec les paniers que j' aime beaucoup ne sont probablement pas déformées <eos>,13,déformées,déformés,11,M,déformées,-9.316517,déformés,-12.992667,1
4671,P_NOUN_8_PASS_b,F,P,les robes avec les paniers que j' aime beaucoup ne sont probablement pas fixées <eos>,13,fixées,fixés,11,M,fixées,-8.067748,fixés,-9.586565,1
4672,P_NOUN_8_PASS_b,F,P,les robes avec les paniers que j' aime beaucoup ne sont probablement pas jetées <eos>,13,jetées,jetés,11,M,jetées,-9.348541,jetés,-10.705072,1
4673,P_NOUN_8_PASS_b,F,P,les robes avec les paniers que j' aime beaucoup ne sont probablement pas laissées <eos>,13,laissées,laissés,11,M,laissées,-8.702532,laissés,-10.827473,1
4674,P_NOUN_8_PASS_b,F,P,les robes avec les paniers que j' aime beaucoup ne sont probablement pas ouvertes <eos>,13,ouvertes,ouverts,11,M,ouvertes,-8.296894,ouverts,-9.875876,1
4675,P_NOUN_8_PASS_b,F,P,les robes avec les paniers que j' aime beaucoup ne sont probablement pas perdues <eos>,13,perdues,perdus,11,M,perdues,-8.802413,perdus,-9.591417,1
4676,P_NOUN_8_PASS_b,F,P,les robes avec les paniers que j' aime beaucoup ne sont probablement pas réparées <eos>,13,réparées,réparés,11,M,réparées,-10.599629,réparés,-12.769854,1
4677,P_NOUN_8_PASS_b,F,P,les robes avec les paniers que j' aime beaucoup ne sont probablement pas retirées <eos>,13,retirées,retirés,11,M,retirées,-9.276794,retirés,-10.503132,1
4678,P_NOUN_8_PASS_b,F,P,les robes avec les paniers que j' aime beaucoup ne sont probablement pas tombées <eos>,13,tombées,tombés,11,M,tombées,-8.334969,tombés,-8.332874,0
4679,P_NOUN_8_PASS_b,F,P,les robes avec les paniers que j' aime beaucoup ne sont probablement pas utilisées <eos>,13,utilisées,utilisés,11,M,utilisées,-5.2772436,utilisés,-6.050042,1
4680,P_NOUN_8_PASS_b,F,P,les robes avec les colliers que j' aime beaucoup ne sont probablement pas achetées <eos>,13,achetées,achetés,11,M,achetées,-11.903451,achetés,-11.148492,0
4681,P_NOUN_8_PASS_b,F,P,les robes avec les colliers que j' aime beaucoup ne sont probablement pas brisées <eos>,13,brisées,brisés,11,M,brisées,-9.845555,brisés,-12.829346,1
4682,P_NOUN_8_PASS_b,F,P,les robes avec les colliers que j' aime beaucoup ne sont probablement pas cachées <eos>,13,cachées,cachés,11,M,cachées,-8.967753,cachés,-9.9083805,1
4683,P_NOUN_8_PASS_b,F,P,les robes avec les colliers que j' aime beaucoup ne sont probablement pas cassées <eos>,13,cassées,cassés,11,M,cassées,-9.235428,cassés,-10.804901,1
4684,P_NOUN_8_PASS_b,F,P,les robes avec les colliers que j' aime beaucoup ne sont probablement pas couvertes <eos>,13,couvertes,couverts,11,M,couvertes,-8.324969,couverts,-8.829115,1
4685,P_NOUN_8_PASS_b,F,P,les robes avec les colliers que j' aime beaucoup ne sont probablement pas déformées <eos>,13,déformées,déformés,11,M,déformées,-8.762558,déformés,-12.592539,1
4686,P_NOUN_8_PASS_b,F,P,les robes avec les colliers que j' aime beaucoup ne sont probablement pas fixées <eos>,13,fixées,fixés,11,M,fixées,-7.909328,fixés,-9.711471,1
4687,P_NOUN_8_PASS_b,F,P,les robes avec les colliers que j' aime beaucoup ne sont probablement pas jetées <eos>,13,jetées,jetés,11,M,jetées,-9.337362,jetés,-10.38853,1
4688,P_NOUN_8_PASS_b,F,P,les robes avec les colliers que j' aime beaucoup ne sont probablement pas laissées <eos>,13,laissées,laissés,11,M,laissées,-8.511709,laissés,-10.722032,1
4689,P_NOUN_8_PASS_b,F,P,les robes avec les colliers que j' aime beaucoup ne sont probablement pas ouvertes <eos>,13,ouvertes,ouverts,11,M,ouvertes,-8.575506,ouverts,-10.27442,1
4690,P_NOUN_8_PASS_b,F,P,les robes avec les colliers que j' aime beaucoup ne sont probablement pas perdues <eos>,13,perdues,perdus,11,M,perdues,-8.530571,perdus,-9.40541,1
4691,P_NOUN_8_PASS_b,F,P,les robes avec les colliers que j' aime beaucoup ne sont probablement pas réparées <eos>,13,réparées,réparés,11,M,réparées,-10.152783,réparés,-12.476503,1
4692,P_NOUN_8_PASS_b,F,P,les robes avec les colliers que j' aime beaucoup ne sont probablement pas retirées <eos>,13,retirées,retirés,11,M,retirées,-8.914893,retirés,-10.274251,1
4693,P_NOUN_8_PASS_b,F,P,les robes avec les colliers que j' aime beaucoup ne sont probablement pas tombées <eos>,13,tombées,tombés,11,M,tombées,-7.9402556,tombés,-7.998409,1
4694,P_NOUN_8_PASS_b,F,P,les robes avec les colliers que j' aime beaucoup ne sont probablement pas utilisées <eos>,13,utilisées,utilisés,11,M,utilisées,-5.161271,utilisés,-6.04136,1
4695,P_NOUN_8_PASS_b,F,P,les robes avec les chapeaux que j' aime beaucoup ne sont probablement pas achetées <eos>,13,achetées,achetés,11,M,achetées,-12.0653,achetés,-11.25,0
4696,P_NOUN_8_PASS_b,F,P,les robes avec les chapeaux que j' aime beaucoup ne sont probablement pas brisées <eos>,13,brisées,brisés,11,M,brisées,-10.1449995,brisés,-13.468869,1
4697,P_NOUN_8_PASS_b,F,P,les robes avec les chapeaux que j' aime beaucoup ne sont probablement pas cachées <eos>,13,cachées,cachés,11,M,cachées,-8.808043,cachés,-9.867889,1
4698,P_NOUN_8_PASS_b,F,P,les robes avec les chapeaux que j' aime beaucoup ne sont probablement pas cassées <eos>,13,cassées,cassés,11,M,cassées,-9.506459,cassés,-11.727819,1
4699,P_NOUN_8_PASS_b,F,P,les robes avec les chapeaux que j' aime beaucoup ne sont probablement pas couvertes <eos>,13,couvertes,couverts,11,M,couvertes,-8.442831,couverts,-8.895058,1
4700,P_NOUN_8_PASS_b,F,P,les robes avec les chapeaux que j' aime beaucoup ne sont probablement pas déformées <eos>,13,déformées,déformés,11,M,déformées,-9.474306,déformés,-13.008524,1
4701,P_NOUN_8_PASS_b,F,P,les robes avec les chapeaux que j' aime beaucoup ne sont probablement pas fixées <eos>,13,fixées,fixés,11,M,fixées,-8.240661,fixés,-9.943897,1
4702,P_NOUN_8_PASS_b,F,P,les robes avec les chapeaux que j' aime beaucoup ne sont probablement pas jetées <eos>,13,jetées,jetés,11,M,jetées,-9.394871,jetés,-11.064119,1
4703,P_NOUN_8_PASS_b,F,P,les robes avec les chapeaux que j' aime beaucoup ne sont probablement pas laissées <eos>,13,laissées,laissés,11,M,laissées,-8.7573805,laissés,-11.003365,1
4704,P_NOUN_8_PASS_b,F,P,les robes avec les chapeaux que j' aime beaucoup ne sont probablement pas ouvertes <eos>,13,ouvertes,ouverts,11,M,ouvertes,-8.385374,ouverts,-10.137095,1
4705,P_NOUN_8_PASS_b,F,P,les robes avec les chapeaux que j' aime beaucoup ne sont probablement pas perdues <eos>,13,perdues,perdus,11,M,perdues,-8.755527,perdus,-9.872968,1
4706,P_NOUN_8_PASS_b,F,P,les robes avec les chapeaux que j' aime beaucoup ne sont probablement pas réparées <eos>,13,réparées,réparés,11,M,réparées,-10.743795,réparés,-12.90891,1
4707,P_NOUN_8_PASS_b,F,P,les robes avec les chapeaux que j' aime beaucoup ne sont probablement pas retirées <eos>,13,retirées,retirés,11,M,retirées,-9.365618,retirés,-10.739197,1
4708,P_NOUN_8_PASS_b,F,P,les robes avec les chapeaux que j' aime beaucoup ne sont probablement pas tombées <eos>,13,tombées,tombés,11,M,tombées,-8.170982,tombés,-7.9793034,0
4709,P_NOUN_8_PASS_b,F,P,les robes avec les chapeaux que j' aime beaucoup ne sont probablement pas utilisées <eos>,13,utilisées,utilisés,11,M,utilisées,-5.505451,utilisés,-6.4173193,1
4710,P_NOUN_8_PASS_b,F,P,les robes avec les pots que j' aime beaucoup ne sont probablement pas achetées <eos>,13,achetées,achetés,11,M,achetées,-11.681929,achetés,-10.376373,0
4711,P_NOUN_8_PASS_b,F,P,les robes avec les pots que j' aime beaucoup ne sont probablement pas brisées <eos>,13,brisées,brisés,11,M,brisées,-9.972574,brisés,-12.824713,1
4712,P_NOUN_8_PASS_b,F,P,les robes avec les pots que j' aime beaucoup ne sont probablement pas cachées <eos>,13,cachées,cachés,11,M,cachées,-9.17471,cachés,-9.621998,1
4713,P_NOUN_8_PASS_b,F,P,les robes avec les pots que j' aime beaucoup ne sont probablement pas cassées <eos>,13,cassées,cassés,11,M,cassées,-9.282184,cassés,-10.768908,1
4714,P_NOUN_8_PASS_b,F,P,les robes avec les pots que j' aime beaucoup ne sont probablement pas couvertes <eos>,13,couvertes,couverts,11,M,couvertes,-8.151601,couverts,-7.9268007,0
4715,P_NOUN_8_PASS_b,F,P,les robes avec les pots que j' aime beaucoup ne sont probablement pas déformées <eos>,13,déformées,déformés,11,M,déformées,-9.137342,déformés,-12.923308,1
4716,P_NOUN_8_PASS_b,F,P,les robes avec les pots que j' aime beaucoup ne sont probablement pas fixées <eos>,13,fixées,fixés,11,M,fixées,-8.451676,fixés,-9.439101,1
4717,P_NOUN_8_PASS_b,F,P,les robes avec les pots que j' aime beaucoup ne sont probablement pas jetées <eos>,13,jetées,jetés,11,M,jetées,-9.484205,jetés,-10.321492,1
4718,P_NOUN_8_PASS_b,F,P,les robes avec les pots que j' aime beaucoup ne sont probablement pas laissées <eos>,13,laissées,laissés,11,M,laissées,-8.300599,laissés,-10.372105,1
4719,P_NOUN_8_PASS_b,F,P,les robes avec les pots que j' aime beaucoup ne sont probablement pas ouvertes <eos>,13,ouvertes,ouverts,11,M,ouvertes,-8.337458,ouverts,-9.317015,1
4720,P_NOUN_8_PASS_b,F,P,les robes avec les pots que j' aime beaucoup ne sont probablement pas perdues <eos>,13,perdues,perdus,11,M,perdues,-8.970421,perdus,-9.2633915,1
4721,P_NOUN_8_PASS_b,F,P,les robes avec les pots que j' aime beaucoup ne sont probablement pas réparées <eos>,13,réparées,réparés,11,M,réparées,-10.275988,réparés,-12.038001,1
4722,P_NOUN_8_PASS_b,F,P,les robes avec les pots que j' aime beaucoup ne sont probablement pas retirées <eos>,13,retirées,retirés,11,M,retirées,-9.264261,retirés,-10.108068,1
4723,P_NOUN_8_PASS_b,F,P,les robes avec les pots que j' aime beaucoup ne sont probablement pas tombées <eos>,13,tombées,tombés,11,M,tombées,-8.376244,tombés,-7.8486385,0
4724,P_NOUN_8_PASS_b,F,P,les robes avec les pots que j' aime beaucoup ne sont probablement pas utilisées <eos>,13,utilisées,utilisés,11,M,utilisées,-5.1828613,utilisés,-5.5656576,1
4725,P_NOUN_8_PASS_b,F,P,les robes avec les coussins que j' aime beaucoup ne sont probablement pas achetées <eos>,13,achetées,achetés,11,M,achetées,-11.796543,achetés,-11.20986,0
4726,P_NOUN_8_PASS_b,F,P,les robes avec les coussins que j' aime beaucoup ne sont probablement pas brisées <eos>,13,brisées,brisés,11,M,brisées,-9.627542,brisés,-12.994839,1
4727,P_NOUN_8_PASS_b,F,P,les robes avec les coussins que j' aime beaucoup ne sont probablement pas cachées <eos>,13,cachées,cachés,11,M,cachées,-8.743345,cachés,-10.065128,1
4728,P_NOUN_8_PASS_b,F,P,les robes avec les coussins que j' aime beaucoup ne sont probablement pas cassées <eos>,13,cassées,cassés,11,M,cassées,-8.867706,cassés,-11.600714,1
4729,P_NOUN_8_PASS_b,F,P,les robes avec les coussins que j' aime beaucoup ne sont probablement pas couvertes <eos>,13,couvertes,couverts,11,M,couvertes,-8.000867,couverts,-8.939085,1
4730,P_NOUN_8_PASS_b,F,P,les robes avec les coussins que j' aime beaucoup ne sont probablement pas déformées <eos>,13,déformées,déformés,11,M,déformées,-8.867713,déformés,-12.754599,1
4731,P_NOUN_8_PASS_b,F,P,les robes avec les coussins que j' aime beaucoup ne sont probablement pas fixées <eos>,13,fixées,fixés,11,M,fixées,-7.8460007,fixés,-9.704077,1
4732,P_NOUN_8_PASS_b,F,P,les robes avec les coussins que j' aime beaucoup ne sont probablement pas jetées <eos>,13,jetées,jetés,11,M,jetées,-8.782832,jetés,-10.730312,1
4733,P_NOUN_8_PASS_b,F,P,les robes avec les coussins que j' aime beaucoup ne sont probablement pas laissées <eos>,13,laissées,laissés,11,M,laissées,-8.269453,laissés,-10.984802,1
4734,P_NOUN_8_PASS_b,F,P,les robes avec les coussins que j' aime beaucoup ne sont probablement pas ouvertes <eos>,13,ouvertes,ouverts,11,M,ouvertes,-7.8967466,ouverts,-9.645741,1
4735,P_NOUN_8_PASS_b,F,P,les robes avec les coussins que j' aime beaucoup ne sont probablement pas perdues <eos>,13,perdues,perdus,11,M,perdues,-8.657063,perdus,-9.601745,1
4736,P_NOUN_8_PASS_b,F,P,les robes avec les coussins que j' aime beaucoup ne sont probablement pas réparées <eos>,13,réparées,réparés,11,M,réparées,-9.967943,réparés,-12.495903,1
4737,P_NOUN_8_PASS_b,F,P,les robes avec les coussins que j' aime beaucoup ne sont probablement pas retirées <eos>,13,retirées,retirés,11,M,retirées,-9.048068,retirés,-10.693764,1
4738,P_NOUN_8_PASS_b,F,P,les robes avec les coussins que j' aime beaucoup ne sont probablement pas tombées <eos>,13,tombées,tombés,11,M,tombées,-8.326437,tombés,-8.636044,1
4739,P_NOUN_8_PASS_b,F,P,les robes avec les coussins que j' aime beaucoup ne sont probablement pas utilisées <eos>,13,utilisées,utilisés,11,M,utilisées,-5.2445183,utilisés,-6.459688,1
4740,P_NOUN_8_PASS_b,F,P,les robes avec les jouets que j' aime beaucoup ne sont probablement pas achetées <eos>,13,achetées,achetés,11,M,achetées,-12.164365,achetés,-10.668464,0
4741,P_NOUN_8_PASS_b,F,P,les robes avec les jouets que j' aime beaucoup ne sont probablement pas brisées <eos>,13,brisées,brisés,11,M,brisées,-10.409398,brisés,-12.948216,1
4742,P_NOUN_8_PASS_b,F,P,les robes avec les jouets que j' aime beaucoup ne sont probablement pas cachées <eos>,13,cachées,cachés,11,M,cachées,-8.93762,cachés,-9.332451,1
4743,P_NOUN_8_PASS_b,F,P,les robes avec les jouets que j' aime beaucoup ne sont probablement pas cassées <eos>,13,cassées,cassés,11,M,cassées,-10.287482,cassés,-11.483859,1
4744,P_NOUN_8_PASS_b,F,P,les robes avec les jouets que j' aime beaucoup ne sont probablement pas couvertes <eos>,13,couvertes,couverts,11,M,couvertes,-9.125868,couverts,-8.976252,0
4745,P_NOUN_8_PASS_b,F,P,les robes avec les jouets que j' aime beaucoup ne sont probablement pas déformées <eos>,13,déformées,déformés,11,M,déformées,-9.71474,déformés,-12.306255,1
4746,P_NOUN_8_PASS_b,F,P,les robes avec les jouets que j' aime beaucoup ne sont probablement pas fixées <eos>,13,fixées,fixés,11,M,fixées,-9.113698,fixés,-9.640804,1
4747,P_NOUN_8_PASS_b,F,P,les robes avec les jouets que j' aime beaucoup ne sont probablement pas jetées <eos>,13,jetées,jetés,11,M,jetées,-10.203524,jetés,-10.73081,1
4748,P_NOUN_8_PASS_b,F,P,les robes avec les jouets que j' aime beaucoup ne sont probablement pas laissées <eos>,13,laissées,laissés,11,M,laissées,-8.984477,laissés,-10.398008,1
4749,P_NOUN_8_PASS_b,F,P,les robes avec les jouets que j' aime beaucoup ne sont probablement pas ouvertes <eos>,13,ouvertes,ouverts,11,M,ouvertes,-8.806847,ouverts,-9.541529,1
4750,P_NOUN_8_PASS_b,F,P,les robes avec les jouets que j' aime beaucoup ne sont probablement pas perdues <eos>,13,perdues,perdus,11,M,perdues,-9.176044,perdus,-9.065377,0
4751,P_NOUN_8_PASS_b,F,P,les robes avec les jouets que j' aime beaucoup ne sont probablement pas réparées <eos>,13,réparées,réparés,11,M,réparées,-10.7292385,réparés,-12.453938,1
4752,P_NOUN_8_PASS_b,F,P,les robes avec les jouets que j' aime beaucoup ne sont probablement pas retirées <eos>,13,retirées,retirés,11,M,retirées,-9.710212,retirés,-10.783159,1
4753,P_NOUN_8_PASS_b,F,P,les robes avec les jouets que j' aime beaucoup ne sont probablement pas tombées <eos>,13,tombées,tombés,11,M,tombées,-8.711866,tombés,-8.152351,0
4754,P_NOUN_8_PASS_b,F,P,les robes avec les jouets que j' aime beaucoup ne sont probablement pas utilisées <eos>,13,utilisées,utilisés,11,M,utilisées,-6.274936,utilisés,-6.622442,1
4755,P_NOUN_8_PASS_b,F,P,les robes avec les clous que j' aime beaucoup ne sont probablement pas achetées <eos>,13,achetées,achetés,11,M,achetées,-11.796264,achetés,-11.119222,0
4756,P_NOUN_8_PASS_b,F,P,les robes avec les clous que j' aime beaucoup ne sont probablement pas brisées <eos>,13,brisées,brisés,11,M,brisées,-9.705294,brisés,-13.040007,1
4757,P_NOUN_8_PASS_b,F,P,les robes avec les clous que j' aime beaucoup ne sont probablement pas cachées <eos>,13,cachées,cachés,11,M,cachées,-8.724617,cachés,-9.702328,1
4758,P_NOUN_8_PASS_b,F,P,les robes avec les clous que j' aime beaucoup ne sont probablement pas cassées <eos>,13,cassées,cassés,11,M,cassées,-9.198082,cassés,-11.125464,1
4759,P_NOUN_8_PASS_b,F,P,les robes avec les clous que j' aime beaucoup ne sont probablement pas couvertes <eos>,13,couvertes,couverts,11,M,couvertes,-8.200111,couverts,-8.688857,1
4760,P_NOUN_8_PASS_b,F,P,les robes avec les clous que j' aime beaucoup ne sont probablement pas déformées <eos>,13,déformées,déformés,11,M,déformées,-9.302988,déformés,-12.968031,1
4761,P_NOUN_8_PASS_b,F,P,les robes avec les clous que j' aime beaucoup ne sont probablement pas fixées <eos>,13,fixées,fixés,11,M,fixées,-7.9543915,fixés,-9.775825,1
4762,P_NOUN_8_PASS_b,F,P,les robes avec les clous que j' aime beaucoup ne sont probablement pas jetées <eos>,13,jetées,jetés,11,M,jetées,-9.044824,jetés,-10.342884,1
4763,P_NOUN_8_PASS_b,F,P,les robes avec les clous que j' aime beaucoup ne sont probablement pas laissées <eos>,13,laissées,laissés,11,M,laissées,-8.36892,laissés,-10.567485,1
4764,P_NOUN_8_PASS_b,F,P,les robes avec les clous que j' aime beaucoup ne sont probablement pas ouvertes <eos>,13,ouvertes,ouverts,11,M,ouvertes,-8.2775545,ouverts,-10.391251,1
4765,P_NOUN_8_PASS_b,F,P,les robes avec les clous que j' aime beaucoup ne sont probablement pas perdues <eos>,13,perdues,perdus,11,M,perdues,-8.366458,perdus,-9.557746,1
4766,P_NOUN_8_PASS_b,F,P,les robes avec les clous que j' aime beaucoup ne sont probablement pas réparées <eos>,13,réparées,réparés,11,M,réparées,-10.013223,réparés,-12.254654,1
4767,P_NOUN_8_PASS_b,F,P,les robes avec les clous que j' aime beaucoup ne sont probablement pas retirées <eos>,13,retirées,retirés,11,M,retirées,-8.753033,retirés,-10.284454,1
4768,P_NOUN_8_PASS_b,F,P,les robes avec les clous que j' aime beaucoup ne sont probablement pas tombées <eos>,13,tombées,tombés,11,M,tombées,-7.8589454,tombés,-8.08143,1
4769,P_NOUN_8_PASS_b,F,P,les robes avec les clous que j' aime beaucoup ne sont probablement pas utilisées <eos>,13,utilisées,utilisés,11,M,utilisées,-5.212014,utilisés,-6.214243,1
4770,P_NOUN_8_PASS_b,F,P,les robes avec les billets que j' aime beaucoup ne sont probablement pas achetées <eos>,13,achetées,achetés,11,M,achetées,-10.775569,achetés,-10.178742,0
4771,P_NOUN_8_PASS_b,F,P,les robes avec les billets que j' aime beaucoup ne sont probablement pas brisées <eos>,13,brisées,brisés,11,M,brisées,-10.226697,brisés,-13.756642,1
4772,P_NOUN_8_PASS_b,F,P,les robes avec les billets que j' aime beaucoup ne sont probablement pas cachées <eos>,13,cachées,cachés,11,M,cachées,-9.785641,cachés,-9.48069,0
4773,P_NOUN_8_PASS_b,F,P,les robes avec les billets que j' aime beaucoup ne sont probablement pas cassées <eos>,13,cassées,cassés,11,M,cassées,-10.579006,cassés,-11.822433,1
4774,P_NOUN_8_PASS_b,F,P,les robes avec les billets que j' aime beaucoup ne sont probablement pas couvertes <eos>,13,couvertes,couverts,11,M,couvertes,-9.274682,couverts,-8.922495,0
4775,P_NOUN_8_PASS_b,F,P,les robes avec les billets que j' aime beaucoup ne sont probablement pas déformées <eos>,13,déformées,déformés,11,M,déformées,-10.076825,déformés,-13.707317,1
4776,P_NOUN_8_PASS_b,F,P,les robes avec les billets que j' aime beaucoup ne sont probablement pas fixées <eos>,13,fixées,fixés,11,M,fixées,-8.168504,fixés,-9.185892,1
4777,P_NOUN_8_PASS_b,F,P,les robes avec les billets que j' aime beaucoup ne sont probablement pas jetées <eos>,13,jetées,jetés,11,M,jetées,-9.867346,jetés,-10.4466715,1
4778,P_NOUN_8_PASS_b,F,P,les robes avec les billets que j' aime beaucoup ne sont probablement pas laissées <eos>,13,laissées,laissés,11,M,laissées,-8.690404,laissés,-11.0155,1
4779,P_NOUN_8_PASS_b,F,P,les robes avec les billets que j' aime beaucoup ne sont probablement pas ouvertes <eos>,13,ouvertes,ouverts,11,M,ouvertes,-9.140121,ouverts,-9.877517,1
4780,P_NOUN_8_PASS_b,F,P,les robes avec les billets que j' aime beaucoup ne sont probablement pas perdues <eos>,13,perdues,perdus,11,M,perdues,-8.105494,perdus,-8.918538,1
4781,P_NOUN_8_PASS_b,F,P,les robes avec les billets que j' aime beaucoup ne sont probablement pas réparées <eos>,13,réparées,réparés,11,M,réparées,-10.958374,réparés,-12.591593,1
4782,P_NOUN_8_PASS_b,F,P,les robes avec les billets que j' aime beaucoup ne sont probablement pas retirées <eos>,13,retirées,retirés,11,M,retirées,-9.201922,retirés,-9.866896,1
4783,P_NOUN_8_PASS_b,F,P,les robes avec les billets que j' aime beaucoup ne sont probablement pas tombées <eos>,13,tombées,tombés,11,M,tombées,-8.62943,tombés,-8.217012,0
4784,P_NOUN_8_PASS_b,F,P,les robes avec les billets que j' aime beaucoup ne sont probablement pas utilisées <eos>,13,utilisées,utilisés,11,M,utilisées,-5.734247,utilisés,-6.354767,1
4785,P_NOUN_8_PASS_b,F,P,les robes avec les légumes que j' aime beaucoup ne sont probablement pas achetées <eos>,13,achetées,achetés,11,M,achetées,-11.554447,achetés,-10.535718,0
4786,P_NOUN_8_PASS_b,F,P,les robes avec les légumes que j' aime beaucoup ne sont probablement pas brisées <eos>,13,brisées,brisés,11,M,brisées,-10.232744,brisés,-13.48757,1
4787,P_NOUN_8_PASS_b,F,P,les robes avec les légumes que j' aime beaucoup ne sont probablement pas cachées <eos>,13,cachées,cachés,11,M,cachées,-9.085899,cachés,-9.862874,1
4788,P_NOUN_8_PASS_b,F,P,les robes avec les légumes que j' aime beaucoup ne sont probablement pas cassées <eos>,13,cassées,cassés,11,M,cassées,-9.553281,cassés,-10.891746,1
4789,P_NOUN_8_PASS_b,F,P,les robes avec les légumes que j' aime beaucoup ne sont probablement pas couvertes <eos>,13,couvertes,couverts,11,M,couvertes,-8.096526,couverts,-8.397994,1
4790,P_NOUN_8_PASS_b,F,P,les robes avec les légumes que j' aime beaucoup ne sont probablement pas déformées <eos>,13,déformées,déformés,11,M,déformées,-9.522352,déformés,-13.4017315,1
4791,P_NOUN_8_PASS_b,F,P,les robes avec les légumes que j' aime beaucoup ne sont probablement pas fixées <eos>,13,fixées,fixés,11,M,fixées,-8.838423,fixés,-10.032155,1
4792,P_NOUN_8_PASS_b,F,P,les robes avec les légumes que j' aime beaucoup ne sont probablement pas jetées <eos>,13,jetées,jetés,11,M,jetées,-9.49177,jetés,-11.063939,1
4793,P_NOUN_8_PASS_b,F,P,les robes avec les légumes que j' aime beaucoup ne sont probablement pas laissées <eos>,13,laissées,laissés,11,M,laissées,-8.391938,laissés,-10.474368,1
4794,P_NOUN_8_PASS_b,F,P,les robes avec les légumes que j' aime beaucoup ne sont probablement pas ouvertes <eos>,13,ouvertes,ouverts,11,M,ouvertes,-8.413842,ouverts,-9.698172,1
4795,P_NOUN_8_PASS_b,F,P,les robes avec les légumes que j' aime beaucoup ne sont probablement pas perdues <eos>,13,perdues,perdus,11,M,perdues,-8.832956,perdus,-9.735857,1
4796,P_NOUN_8_PASS_b,F,P,les robes avec les légumes que j' aime beaucoup ne sont probablement pas réparées <eos>,13,réparées,réparés,11,M,réparées,-10.610755,réparés,-12.459786,1
4797,P_NOUN_8_PASS_b,F,P,les robes avec les légumes que j' aime beaucoup ne sont probablement pas retirées <eos>,13,retirées,retirés,11,M,retirées,-9.490054,retirés,-10.414237,1
4798,P_NOUN_8_PASS_b,F,P,les robes avec les légumes que j' aime beaucoup ne sont probablement pas tombées <eos>,13,tombées,tombés,11,M,tombées,-8.0704,tombés,-8.038742,0
4799,P_NOUN_8_PASS_b,F,P,les robes avec les légumes que j' aime beaucoup ne sont probablement pas utilisées <eos>,13,utilisées,utilisés,11,M,utilisées,-5.299043,utilisés,-6.157985,1
4800,P_NOUN_8_PASS_b,F,P,les valises avec les bracelets que j' aime beaucoup ne sont probablement pas achetées <eos>,13,achetées,achetés,11,M,achetées,-10.140325,achetés,-10.12742,0
4801,P_NOUN_8_PASS_b,F,P,les valises avec les bracelets que j' aime beaucoup ne sont probablement pas brisées <eos>,13,brisées,brisés,11,M,brisées,-9.241675,brisés,-12.454716,1
4802,P_NOUN_8_PASS_b,F,P,les valises avec les bracelets que j' aime beaucoup ne sont probablement pas cachées <eos>,13,cachées,cachés,11,M,cachées,-7.066025,cachés,-8.20794,1
4803,P_NOUN_8_PASS_b,F,P,les valises avec les bracelets que j' aime beaucoup ne sont probablement pas cassées <eos>,13,cassées,cassés,11,M,cassées,-8.744443,cassés,-10.294486,1
4804,P_NOUN_8_PASS_b,F,P,les valises avec les bracelets que j' aime beaucoup ne sont probablement pas couvertes <eos>,13,couvertes,couverts,11,M,couvertes,-7.8330603,couverts,-8.691111,1
4805,P_NOUN_8_PASS_b,F,P,les valises avec les bracelets que j' aime beaucoup ne sont probablement pas déformées <eos>,13,déformées,déformés,11,M,déformées,-8.237293,déformés,-13.20359,1
4806,P_NOUN_8_PASS_b,F,P,les valises avec les bracelets que j' aime beaucoup ne sont probablement pas fixées <eos>,13,fixées,fixés,11,M,fixées,-7.869593,fixés,-9.44641,1
4807,P_NOUN_8_PASS_b,F,P,les valises avec les bracelets que j' aime beaucoup ne sont probablement pas jetées <eos>,13,jetées,jetés,11,M,jetées,-7.9972267,jetés,-8.7244835,1
4808,P_NOUN_8_PASS_b,F,P,les valises avec les bracelets que j' aime beaucoup ne sont probablement pas laissées <eos>,13,laissées,laissés,11,M,laissées,-8.143785,laissés,-9.637595,1
4809,P_NOUN_8_PASS_b,F,P,les valises avec les bracelets que j' aime beaucoup ne sont probablement pas ouvertes <eos>,13,ouvertes,ouverts,11,M,ouvertes,-7.7898865,ouverts,-9.149906,1
4810,P_NOUN_8_PASS_b,F,P,les valises avec les bracelets que j' aime beaucoup ne sont probablement pas perdues <eos>,13,perdues,perdus,11,M,perdues,-7.573457,perdus,-8.537283,1
4811,P_NOUN_8_PASS_b,F,P,les valises avec les bracelets que j' aime beaucoup ne sont probablement pas réparées <eos>,13,réparées,réparés,11,M,réparées,-9.581679,réparés,-12.847174,1
4812,P_NOUN_8_PASS_b,F,P,les valises avec les bracelets que j' aime beaucoup ne sont probablement pas retirées <eos>,13,retirées,retirés,11,M,retirées,-8.434748,retirés,-9.917191,1
4813,P_NOUN_8_PASS_b,F,P,les valises avec les bracelets que j' aime beaucoup ne sont probablement pas tombées <eos>,13,tombées,tombés,11,M,tombées,-7.755126,tombés,-7.676325,0
4814,P_NOUN_8_PASS_b,F,P,les valises avec les bracelets que j' aime beaucoup ne sont probablement pas utilisées <eos>,13,utilisées,utilisés,11,M,utilisées,-5.2660866,utilisés,-6.437973,1
4815,P_NOUN_8_PASS_b,F,P,les valises avec les miroirs que j' aime beaucoup ne sont probablement pas achetées <eos>,13,achetées,achetés,11,M,achetées,-10.769653,achetés,-10.385126,0
4816,P_NOUN_8_PASS_b,F,P,les valises avec les miroirs que j' aime beaucoup ne sont probablement pas brisées <eos>,13,brisées,brisés,11,M,brisées,-9.401765,brisés,-12.211669,1
4817,P_NOUN_8_PASS_b,F,P,les valises avec les miroirs que j' aime beaucoup ne sont probablement pas cachées <eos>,13,cachées,cachés,11,M,cachées,-6.8671846,cachés,-8.073266,1
4818,P_NOUN_8_PASS_b,F,P,les valises avec les miroirs que j' aime beaucoup ne sont probablement pas cassées <eos>,13,cassées,cassés,11,M,cassées,-9.179198,cassés,-10.515827,1
4819,P_NOUN_8_PASS_b,F,P,les valises avec les miroirs que j' aime beaucoup ne sont probablement pas couvertes <eos>,13,couvertes,couverts,11,M,couvertes,-7.2528076,couverts,-8.573537,1
4820,P_NOUN_8_PASS_b,F,P,les valises avec les miroirs que j' aime beaucoup ne sont probablement pas déformées <eos>,13,déformées,déformés,11,M,déformées,-7.25865,déformés,-12.253695,1
4821,P_NOUN_8_PASS_b,F,P,les valises avec les miroirs que j' aime beaucoup ne sont probablement pas fixées <eos>,13,fixées,fixés,11,M,fixées,-8.085325,fixés,-9.293532,1
4822,P_NOUN_8_PASS_b,F,P,les valises avec les miroirs que j' aime beaucoup ne sont probablement pas jetées <eos>,13,jetées,jetés,11,M,jetées,-8.397642,jetés,-8.784279,1
4823,P_NOUN_8_PASS_b,F,P,les valises avec les miroirs que j' aime beaucoup ne sont probablement pas laissées <eos>,13,laissées,laissés,11,M,laissées,-8.118276,laissés,-9.960023,1
4824,P_NOUN_8_PASS_b,F,P,les valises avec les miroirs que j' aime beaucoup ne sont probablement pas ouvertes <eos>,13,ouvertes,ouverts,11,M,ouvertes,-6.950763,ouverts,-8.023273,1
4825,P_NOUN_8_PASS_b,F,P,les valises avec les miroirs que j' aime beaucoup ne sont probablement pas perdues <eos>,13,perdues,perdus,11,M,perdues,-7.395974,perdus,-8.028301,1
4826,P_NOUN_8_PASS_b,F,P,les valises avec les miroirs que j' aime beaucoup ne sont probablement pas réparées <eos>,13,réparées,réparés,11,M,réparées,-8.738745,réparés,-12.000277,1
4827,P_NOUN_8_PASS_b,F,P,les valises avec les miroirs que j' aime beaucoup ne sont probablement pas retirées <eos>,13,retirées,retirés,11,M,retirées,-8.263356,retirés,-10.122809,1
4828,P_NOUN_8_PASS_b,F,P,les valises avec les miroirs que j' aime beaucoup ne sont probablement pas tombées <eos>,13,tombées,tombés,11,M,tombées,-7.8330793,tombés,-8.733114,1
4829,P_NOUN_8_PASS_b,F,P,les valises avec les miroirs que j' aime beaucoup ne sont probablement pas utilisées <eos>,13,utilisées,utilisés,11,M,utilisées,-5.1428823,utilisés,-6.3912,1
4830,P_NOUN_8_PASS_b,F,P,les valises avec les crayons que j' aime beaucoup ne sont probablement pas achetées <eos>,13,achetées,achetés,11,M,achetées,-9.953491,achetés,-9.533096,0
4831,P_NOUN_8_PASS_b,F,P,les valises avec les crayons que j' aime beaucoup ne sont probablement pas brisées <eos>,13,brisées,brisés,11,M,brisées,-9.857987,brisés,-12.92295,1
4832,P_NOUN_8_PASS_b,F,P,les valises avec les crayons que j' aime beaucoup ne sont probablement pas cachées <eos>,13,cachées,cachés,11,M,cachées,-7.428213,cachés,-8.141823,1
4833,P_NOUN_8_PASS_b,F,P,les valises avec les crayons que j' aime beaucoup ne sont probablement pas cassées <eos>,13,cassées,cassés,11,M,cassées,-9.200629,cassés,-9.801156,1
4834,P_NOUN_8_PASS_b,F,P,les valises avec les crayons que j' aime beaucoup ne sont probablement pas couvertes <eos>,13,couvertes,couverts,11,M,couvertes,-7.8681836,couverts,-8.513684,1
4835,P_NOUN_8_PASS_b,F,P,les valises avec les crayons que j' aime beaucoup ne sont probablement pas déformées <eos>,13,déformées,déformés,11,M,déformées,-8.255776,déformés,-13.130899,1
4836,P_NOUN_8_PASS_b,F,P,les valises avec les crayons que j' aime beaucoup ne sont probablement pas fixées <eos>,13,fixées,fixés,11,M,fixées,-8.744789,fixés,-9.872871,1
4837,P_NOUN_8_PASS_b,F,P,les valises avec les crayons que j' aime beaucoup ne sont probablement pas jetées <eos>,13,jetées,jetés,11,M,jetées,-8.693594,jetés,-8.9562,1
4838,P_NOUN_8_PASS_b,F,P,les valises avec les crayons que j' aime beaucoup ne sont probablement pas laissées <eos>,13,laissées,laissés,11,M,laissées,-7.9655104,laissés,-9.213113,1
4839,P_NOUN_8_PASS_b,F,P,les valises avec les crayons que j' aime beaucoup ne sont probablement pas ouvertes <eos>,13,ouvertes,ouverts,11,M,ouvertes,-7.865841,ouverts,-9.089622,1
4840,P_NOUN_8_PASS_b,F,P,les valises avec les crayons que j' aime beaucoup ne sont probablement pas perdues <eos>,13,perdues,perdus,11,M,perdues,-7.451982,perdus,-8.506862,1
4841,P_NOUN_8_PASS_b,F,P,les valises avec les crayons que j' aime beaucoup ne sont probablement pas réparées <eos>,13,réparées,réparés,11,M,réparées,-9.029867,réparés,-12.194056,1
4842,P_NOUN_8_PASS_b,F,P,les valises avec les crayons que j' aime beaucoup ne sont probablement pas retirées <eos>,13,retirées,retirés,11,M,retirées,-8.238798,retirés,-9.943752,1
4843,P_NOUN_8_PASS_b,F,P,les valises avec les crayons que j' aime beaucoup ne sont probablement pas tombées <eos>,13,tombées,tombés,11,M,tombées,-7.733985,tombés,-8.155031,1
4844,P_NOUN_8_PASS_b,F,P,les valises avec les crayons que j' aime beaucoup ne sont probablement pas utilisées <eos>,13,utilisées,utilisés,11,M,utilisées,-5.363994,utilisés,-6.581616,1
4845,P_NOUN_8_PASS_b,F,P,les valises avec les rideaux que j' aime beaucoup ne sont probablement pas achetées <eos>,13,achetées,achetés,11,M,achetées,-10.005859,achetés,-10.095986,1
4846,P_NOUN_8_PASS_b,F,P,les valises avec les rideaux que j' aime beaucoup ne sont probablement pas brisées <eos>,13,brisées,brisés,11,M,brisées,-9.456443,brisés,-12.517634,1
4847,P_NOUN_8_PASS_b,F,P,les valises avec les rideaux que j' aime beaucoup ne sont probablement pas cachées <eos>,13,cachées,cachés,11,M,cachées,-6.934833,cachés,-8.197216,1
4848,P_NOUN_8_PASS_b,F,P,les valises avec les rideaux que j' aime beaucoup ne sont probablement pas cassées <eos>,13,cassées,cassés,11,M,cassées,-8.924528,cassés,-10.265969,1
4849,P_NOUN_8_PASS_b,F,P,les valises avec les rideaux que j' aime beaucoup ne sont probablement pas couvertes <eos>,13,couvertes,couverts,11,M,couvertes,-7.1665115,couverts,-8.369324,1
4850,P_NOUN_8_PASS_b,F,P,les valises avec les rideaux que j' aime beaucoup ne sont probablement pas déformées <eos>,13,déformées,déformés,11,M,déformées,-8.320821,déformés,-12.968599,1
4851,P_NOUN_8_PASS_b,F,P,les valises avec les rideaux que j' aime beaucoup ne sont probablement pas fixées <eos>,13,fixées,fixés,11,M,fixées,-8.145721,fixés,-9.391249,1
4852,P_NOUN_8_PASS_b,F,P,les valises avec les rideaux que j' aime beaucoup ne sont probablement pas jetées <eos>,13,jetées,jetés,11,M,jetées,-8.299172,jetés,-9.087244,1
4853,P_NOUN_8_PASS_b,F,P,les valises avec les rideaux que j' aime beaucoup ne sont probablement pas laissées <eos>,13,laissées,laissés,11,M,laissées,-7.632208,laissés,-9.430864,1
4854,P_NOUN_8_PASS_b,F,P,les valises avec les rideaux que j' aime beaucoup ne sont probablement pas ouvertes <eos>,13,ouvertes,ouverts,11,M,ouvertes,-7.181532,ouverts,-8.554932,1
4855,P_NOUN_8_PASS_b,F,P,les valises avec les rideaux que j' aime beaucoup ne sont probablement pas perdues <eos>,13,perdues,perdus,11,M,perdues,-7.573497,perdus,-8.528081,1
4856,P_NOUN_8_PASS_b,F,P,les valises avec les rideaux que j' aime beaucoup ne sont probablement pas réparées <eos>,13,réparées,réparés,11,M,réparées,-8.621001,réparés,-12.092581,1
4857,P_NOUN_8_PASS_b,F,P,les valises avec les rideaux que j' aime beaucoup ne sont probablement pas retirées <eos>,13,retirées,retirés,11,M,retirées,-8.100581,retirés,-10.463182,1
4858,P_NOUN_8_PASS_b,F,P,les valises avec les rideaux que j' aime beaucoup ne sont probablement pas tombées <eos>,13,tombées,tombés,11,M,tombées,-7.6755943,tombés,-8.082933,1
4859,P_NOUN_8_PASS_b,F,P,les valises avec les rideaux que j' aime beaucoup ne sont probablement pas utilisées <eos>,13,utilisées,utilisés,11,M,utilisées,-5.492706,utilisés,-6.953996,1
4860,P_NOUN_8_PASS_b,F,P,les valises avec les cahiers que j' aime beaucoup ne sont probablement pas achetées <eos>,13,achetées,achetés,11,M,achetées,-10.24703,achetés,-10.034759,0
4861,P_NOUN_8_PASS_b,F,P,les valises avec les cahiers que j' aime beaucoup ne sont probablement pas brisées <eos>,13,brisées,brisés,11,M,brisées,-10.214122,brisés,-13.389337,1
4862,P_NOUN_8_PASS_b,F,P,les valises avec les cahiers que j' aime beaucoup ne sont probablement pas cachées <eos>,13,cachées,cachés,11,M,cachées,-7.38535,cachés,-8.719623,1
4863,P_NOUN_8_PASS_b,F,P,les valises avec les cahiers que j' aime beaucoup ne sont probablement pas cassées <eos>,13,cassées,cassés,11,M,cassées,-10.157534,cassés,-11.429749,1
4864,P_NOUN_8_PASS_b,F,P,les valises avec les cahiers que j' aime beaucoup ne sont probablement pas couvertes <eos>,13,couvertes,couverts,11,M,couvertes,-7.896169,couverts,-8.822276,1
4865,P_NOUN_8_PASS_b,F,P,les valises avec les cahiers que j' aime beaucoup ne sont probablement pas déformées <eos>,13,déformées,déformés,11,M,déformées,-8.350279,déformés,-13.357525,1
4866,P_NOUN_8_PASS_b,F,P,les valises avec les cahiers que j' aime beaucoup ne sont probablement pas fixées <eos>,13,fixées,fixés,11,M,fixées,-9.025719,fixés,-10.620609,1
4867,P_NOUN_8_PASS_b,F,P,les valises avec les cahiers que j' aime beaucoup ne sont probablement pas jetées <eos>,13,jetées,jetés,11,M,jetées,-9.722786,jetés,-10.105412,1
4868,P_NOUN_8_PASS_b,F,P,les valises avec les cahiers que j' aime beaucoup ne sont probablement pas laissées <eos>,13,laissées,laissés,11,M,laissées,-8.069782,laissés,-9.790287,1
4869,P_NOUN_8_PASS_b,F,P,les valises avec les cahiers que j' aime beaucoup ne sont probablement pas ouvertes <eos>,13,ouvertes,ouverts,11,M,ouvertes,-6.583526,ouverts,-8.270752,1
4870,P_NOUN_8_PASS_b,F,P,les valises avec les cahiers que j' aime beaucoup ne sont probablement pas perdues <eos>,13,perdues,perdus,11,M,perdues,-7.0504255,perdus,-8.023097,1
4871,P_NOUN_8_PASS_b,F,P,les valises avec les cahiers que j' aime beaucoup ne sont probablement pas réparées <eos>,13,réparées,réparés,11,M,réparées,-9.707789,réparés,-12.929615,1
4872,P_NOUN_8_PASS_b,F,P,les valises avec les cahiers que j' aime beaucoup ne sont probablement pas retirées <eos>,13,retirées,retirés,11,M,retirées,-8.645194,retirés,-10.971157,1
4873,P_NOUN_8_PASS_b,F,P,les valises avec les cahiers que j' aime beaucoup ne sont probablement pas tombées <eos>,13,tombées,tombés,11,M,tombées,-8.281261,tombés,-8.993151,1
4874,P_NOUN_8_PASS_b,F,P,les valises avec les cahiers que j' aime beaucoup ne sont probablement pas utilisées <eos>,13,utilisées,utilisés,11,M,utilisées,-5.7901855,utilisés,-7.3088956,1
4875,P_NOUN_8_PASS_b,F,P,les valises avec les micros que j' aime beaucoup ne sont probablement pas achetées <eos>,13,achetées,achetés,11,M,achetées,-10.322992,achetés,-10.334262,1
4876,P_NOUN_8_PASS_b,F,P,les valises avec les micros que j' aime beaucoup ne sont probablement pas brisées <eos>,13,brisées,brisés,11,M,brisées,-9.323762,brisés,-12.600845,1
4877,P_NOUN_8_PASS_b,F,P,les valises avec les micros que j' aime beaucoup ne sont probablement pas cachées <eos>,13,cachées,cachés,11,M,cachées,-7.6639757,cachés,-8.842901,1
4878,P_NOUN_8_PASS_b,F,P,les valises avec les micros que j' aime beaucoup ne sont probablement pas cassées <eos>,13,cassées,cassés,11,M,cassées,-9.384592,cassés,-10.771928,1
4879,P_NOUN_8_PASS_b,F,P,les valises avec les micros que j' aime beaucoup ne sont probablement pas couvertes <eos>,13,couvertes,couverts,11,M,couvertes,-7.3862915,couverts,-8.3818655,1
4880,P_NOUN_8_PASS_b,F,P,les valises avec les micros que j' aime beaucoup ne sont probablement pas déformées <eos>,13,déformées,déformés,11,M,déformées,-8.096017,déformés,-13.341654,1
4881,P_NOUN_8_PASS_b,F,P,les valises avec les micros que j' aime beaucoup ne sont probablement pas fixées <eos>,13,fixées,fixés,11,M,fixées,-8.023147,fixés,-8.724832,1
4882,P_NOUN_8_PASS_b,F,P,les valises avec les micros que j' aime beaucoup ne sont probablement pas jetées <eos>,13,jetées,jetés,11,M,jetées,-8.915588,jetés,-9.664196,1
4883,P_NOUN_8_PASS_b,F,P,les valises avec les micros que j' aime beaucoup ne sont probablement pas laissées <eos>,13,laissées,laissés,11,M,laissées,-7.584957,laissés,-10.170964,1
4884,P_NOUN_8_PASS_b,F,P,les valises avec les micros que j' aime beaucoup ne sont probablement pas ouvertes <eos>,13,ouvertes,ouverts,11,M,ouvertes,-7.165703,ouverts,-8.314953,1
4885,P_NOUN_8_PASS_b,F,P,les valises avec les micros que j' aime beaucoup ne sont probablement pas perdues <eos>,13,perdues,perdus,11,M,perdues,-7.9751196,perdus,-8.719727,1
4886,P_NOUN_8_PASS_b,F,P,les valises avec les micros que j' aime beaucoup ne sont probablement pas réparées <eos>,13,réparées,réparés,11,M,réparées,-9.375172,réparés,-12.66986,1
4887,P_NOUN_8_PASS_b,F,P,les valises avec les micros que j' aime beaucoup ne sont probablement pas retirées <eos>,13,retirées,retirés,11,M,retirées,-8.459399,retirés,-10.545991,1
4888,P_NOUN_8_PASS_b,F,P,les valises avec les micros que j' aime beaucoup ne sont probablement pas tombées <eos>,13,tombées,tombés,11,M,tombées,-8.631835,tombés,-9.250296,1
4889,P_NOUN_8_PASS_b,F,P,les valises avec les micros que j' aime beaucoup ne sont probablement pas utilisées <eos>,13,utilisées,utilisés,11,M,utilisées,-4.9713964,utilisés,-6.2619896,1
4890,P_NOUN_8_PASS_b,F,P,les valises avec les sacs que j' aime beaucoup ne sont probablement pas achetées <eos>,13,achetées,achetés,11,M,achetées,-10.061833,achetés,-9.491747,0
4891,P_NOUN_8_PASS_b,F,P,les valises avec les sacs que j' aime beaucoup ne sont probablement pas brisées <eos>,13,brisées,brisés,11,M,brisées,-9.464771,brisés,-12.395661,1
4892,P_NOUN_8_PASS_b,F,P,les valises avec les sacs que j' aime beaucoup ne sont probablement pas cachées <eos>,13,cachées,cachés,11,M,cachées,-7.207141,cachés,-8.038638,1
4893,P_NOUN_8_PASS_b,F,P,les valises avec les sacs que j' aime beaucoup ne sont probablement pas cassées <eos>,13,cassées,cassés,11,M,cassées,-9.067171,cassés,-10.068919,1
4894,P_NOUN_8_PASS_b,F,P,les valises avec les sacs que j' aime beaucoup ne sont probablement pas couvertes <eos>,13,couvertes,couverts,11,M,couvertes,-7.1814947,couverts,-7.9198475,1
4895,P_NOUN_8_PASS_b,F,P,les valises avec les sacs que j' aime beaucoup ne sont probablement pas déformées <eos>,13,déformées,déformés,11,M,déformées,-8.767021,déformés,-13.389138,1
4896,P_NOUN_8_PASS_b,F,P,les valises avec les sacs que j' aime beaucoup ne sont probablement pas fixées <eos>,13,fixées,fixés,11,M,fixées,-8.135693,fixés,-8.858196,1
4897,P_NOUN_8_PASS_b,F,P,les valises avec les sacs que j' aime beaucoup ne sont probablement pas jetées <eos>,13,jetées,jetés,11,M,jetées,-8.099326,jetés,-8.735305,1
4898,P_NOUN_8_PASS_b,F,P,les valises avec les sacs que j' aime beaucoup ne sont probablement pas laissées <eos>,13,laissées,laissés,11,M,laissées,-7.820153,laissés,-9.405687,1
4899,P_NOUN_8_PASS_b,F,P,les valises avec les sacs que j' aime beaucoup ne sont probablement pas ouvertes <eos>,13,ouvertes,ouverts,11,M,ouvertes,-7.394926,ouverts,-8.670622,1
4900,P_NOUN_8_PASS_b,F,P,les valises avec les sacs que j' aime beaucoup ne sont probablement pas perdues <eos>,13,perdues,perdus,11,M,perdues,-7.83187,perdus,-8.490309,1
4901,P_NOUN_8_PASS_b,F,P,les valises avec les sacs que j' aime beaucoup ne sont probablement pas réparées <eos>,13,réparées,réparés,11,M,réparées,-9.092512,réparés,-12.002972,1
4902,P_NOUN_8_PASS_b,F,P,les valises avec les sacs que j' aime beaucoup ne sont probablement pas retirées <eos>,13,retirées,retirés,11,M,retirées,-8.284643,retirés,-9.902316,1
4903,P_NOUN_8_PASS_b,F,P,les valises avec les sacs que j' aime beaucoup ne sont probablement pas tombées <eos>,13,tombées,tombés,11,M,tombées,-8.022149,tombés,-8.238504,1
4904,P_NOUN_8_PASS_b,F,P,les valises avec les sacs que j' aime beaucoup ne sont probablement pas utilisées <eos>,13,utilisées,utilisés,11,M,utilisées,-5.1290894,utilisés,-6.2281437,1
4905,P_NOUN_8_PASS_b,F,P,les valises avec les claviers que j' aime beaucoup ne sont probablement pas achetées <eos>,13,achetées,achetés,11,M,achetées,-10.250351,achetés,-10.605585,1
4906,P_NOUN_8_PASS_b,F,P,les valises avec les claviers que j' aime beaucoup ne sont probablement pas brisées <eos>,13,brisées,brisés,11,M,brisées,-9.442659,brisés,-12.769728,1
4907,P_NOUN_8_PASS_b,F,P,les valises avec les claviers que j' aime beaucoup ne sont probablement pas cachées <eos>,13,cachées,cachés,11,M,cachées,-7.512175,cachés,-9.183546,1
4908,P_NOUN_8_PASS_b,F,P,les valises avec les claviers que j' aime beaucoup ne sont probablement pas cassées <eos>,13,cassées,cassés,11,M,cassées,-9.645649,cassés,-11.31057,1
4909,P_NOUN_8_PASS_b,F,P,les valises avec les claviers que j' aime beaucoup ne sont probablement pas couvertes <eos>,13,couvertes,couverts,11,M,couvertes,-7.624666,couverts,-8.945684,1
4910,P_NOUN_8_PASS_b,F,P,les valises avec les claviers que j' aime beaucoup ne sont probablement pas déformées <eos>,13,déformées,déformés,11,M,déformées,-8.027737,déformés,-13.516062,1
4911,P_NOUN_8_PASS_b,F,P,les valises avec les claviers que j' aime beaucoup ne sont probablement pas fixées <eos>,13,fixées,fixés,11,M,fixées,-8.466024,fixés,-9.422339,1
4912,P_NOUN_8_PASS_b,F,P,les valises avec les claviers que j' aime beaucoup ne sont probablement pas jetées <eos>,13,jetées,jetés,11,M,jetées,-9.468851,jetés,-10.068714,1
4913,P_NOUN_8_PASS_b,F,P,les valises avec les claviers que j' aime beaucoup ne sont probablement pas laissées <eos>,13,laissées,laissés,11,M,laissées,-7.901183,laissés,-10.053038,1
4914,P_NOUN_8_PASS_b,F,P,les valises avec les claviers que j' aime beaucoup ne sont probablement pas ouvertes <eos>,13,ouvertes,ouverts,11,M,ouvertes,-6.693755,ouverts,-8.477637,1
4915,P_NOUN_8_PASS_b,F,P,les valises avec les claviers que j' aime beaucoup ne sont probablement pas perdues <eos>,13,perdues,perdus,11,M,perdues,-7.6073904,perdus,-8.797128,1
4916,P_NOUN_8_PASS_b,F,P,les valises avec les claviers que j' aime beaucoup ne sont probablement pas réparées <eos>,13,réparées,réparés,11,M,réparées,-9.245598,réparés,-12.847496,1
4917,P_NOUN_8_PASS_b,F,P,les valises avec les claviers que j' aime beaucoup ne sont probablement pas retirées <eos>,13,retirées,retirés,11,M,retirées,-8.452864,retirés,-10.988646,1
4918,P_NOUN_8_PASS_b,F,P,les valises avec les claviers que j' aime beaucoup ne sont probablement pas tombées <eos>,13,tombées,tombés,11,M,tombées,-8.743237,tombés,-9.72934,1
4919,P_NOUN_8_PASS_b,F,P,les valises avec les claviers que j' aime beaucoup ne sont probablement pas utilisées <eos>,13,utilisées,utilisés,11,M,utilisées,-5.2267523,utilisés,-6.830736,1
4920,P_NOUN_8_PASS_b,F,P,les valises avec les raisins que j' aime beaucoup ne sont probablement pas achetées <eos>,13,achetées,achetés,11,M,achetées,-9.104873,achetés,-8.861956,0
4921,P_NOUN_8_PASS_b,F,P,les valises avec les raisins que j' aime beaucoup ne sont probablement pas brisées <eos>,13,brisées,brisés,11,M,brisées,-9.645767,brisés,-12.98774,1
4922,P_NOUN_8_PASS_b,F,P,les valises avec les raisins que j' aime beaucoup ne sont probablement pas cachées <eos>,13,cachées,cachés,11,M,cachées,-7.6897902,cachés,-8.789753,1
4923,P_NOUN_8_PASS_b,F,P,les valises avec les raisins que j' aime beaucoup ne sont probablement pas cassées <eos>,13,cassées,cassés,11,M,cassées,-9.28704,cassés,-9.150749,0
4924,P_NOUN_8_PASS_b,F,P,les valises avec les raisins que j' aime beaucoup ne sont probablement pas couvertes <eos>,13,couvertes,couverts,11,M,couvertes,-7.051331,couverts,-7.4392962,1
4925,P_NOUN_8_PASS_b,F,P,les valises avec les raisins que j' aime beaucoup ne sont probablement pas déformées <eos>,13,déformées,déformés,11,M,déformées,-9.014007,déformés,-14.2837515,1
4926,P_NOUN_8_PASS_b,F,P,les valises avec les raisins que j' aime beaucoup ne sont probablement pas fixées <eos>,13,fixées,fixés,11,M,fixées,-8.364518,fixés,-9.065011,1
4927,P_NOUN_8_PASS_b,F,P,les valises avec les raisins que j' aime beaucoup ne sont probablement pas jetées <eos>,13,jetées,jetés,11,M,jetées,-9.573607,jetés,-10.075243,1
4928,P_NOUN_8_PASS_b,F,P,les valises avec les raisins que j' aime beaucoup ne sont probablement pas laissées <eos>,13,laissées,laissés,11,M,laissées,-7.132163,laissés,-9.362639,1
4929,P_NOUN_8_PASS_b,F,P,les valises avec les raisins que j' aime beaucoup ne sont probablement pas ouvertes <eos>,13,ouvertes,ouverts,11,M,ouvertes,-7.5313115,ouverts,-9.245809,1
4930,P_NOUN_8_PASS_b,F,P,les valises avec les raisins que j' aime beaucoup ne sont probablement pas perdues <eos>,13,perdues,perdus,11,M,perdues,-8.053991,perdus,-8.775877,1
4931,P_NOUN_8_PASS_b,F,P,les valises avec les raisins que j' aime beaucoup ne sont probablement pas réparées <eos>,13,réparées,réparés,11,M,réparées,-9.079466,réparés,-12.3939295,1
4932,P_NOUN_8_PASS_b,F,P,les valises avec les raisins que j' aime beaucoup ne sont probablement pas retirées <eos>,13,retirées,retirés,11,M,retirées,-8.132784,retirés,-10.007387,1
4933,P_NOUN_8_PASS_b,F,P,les valises avec les raisins que j' aime beaucoup ne sont probablement pas tombées <eos>,13,tombées,tombés,11,M,tombées,-7.6083174,tombés,-8.420481,1
4934,P_NOUN_8_PASS_b,F,P,les valises avec les raisins que j' aime beaucoup ne sont probablement pas utilisées <eos>,13,utilisées,utilisés,11,M,utilisées,-5.0009847,utilisés,-6.291515,1
4935,P_NOUN_8_PASS_b,F,P,les valises avec les chargeurs que j' aime beaucoup ne sont probablement pas achetées <eos>,13,achetées,achetés,11,M,achetées,-9.834091,achetés,-10.175387,1
4936,P_NOUN_8_PASS_b,F,P,les valises avec les chargeurs que j' aime beaucoup ne sont probablement pas brisées <eos>,13,brisées,brisés,11,M,brisées,-9.433509,brisés,-12.701463,1
4937,P_NOUN_8_PASS_b,F,P,les valises avec les chargeurs que j' aime beaucoup ne sont probablement pas cachées <eos>,13,cachées,cachés,11,M,cachées,-7.3479314,cachés,-7.9414105,1
4938,P_NOUN_8_PASS_b,F,P,les valises avec les chargeurs que j' aime beaucoup ne sont probablement pas cassées <eos>,13,cassées,cassés,11,M,cassées,-9.380065,cassés,-10.292163,1
4939,P_NOUN_8_PASS_b,F,P,les valises avec les chargeurs que j' aime beaucoup ne sont probablement pas couvertes <eos>,13,couvertes,couverts,11,M,couvertes,-7.098617,couverts,-8.387093,1
4940,P_NOUN_8_PASS_b,F,P,les valises avec les chargeurs que j' aime beaucoup ne sont probablement pas déformées <eos>,13,déformées,déformés,11,M,déformées,-8.885677,déformés,-13.895067,1
4941,P_NOUN_8_PASS_b,F,P,les valises avec les chargeurs que j' aime beaucoup ne sont probablement pas fixées <eos>,13,fixées,fixés,11,M,fixées,-7.722582,fixés,-8.847769,1
4942,P_NOUN_8_PASS_b,F,P,les valises avec les chargeurs que j' aime beaucoup ne sont probablement pas jetées <eos>,13,jetées,jetés,11,M,jetées,-8.714856,jetés,-9.225997,1
4943,P_NOUN_8_PASS_b,F,P,les valises avec les chargeurs que j' aime beaucoup ne sont probablement pas laissées <eos>,13,laissées,laissés,11,M,laissées,-7.81658,laissés,-9.863757,1
4944,P_NOUN_8_PASS_b,F,P,les valises avec les chargeurs que j' aime beaucoup ne sont probablement pas ouvertes <eos>,13,ouvertes,ouverts,11,M,ouvertes,-7.3734026,ouverts,-8.81448,1
4945,P_NOUN_8_PASS_b,F,P,les valises avec les chargeurs que j' aime beaucoup ne sont probablement pas perdues <eos>,13,perdues,perdus,11,M,perdues,-7.349985,perdus,-8.500287,1
4946,P_NOUN_8_PASS_b,F,P,les valises avec les chargeurs que j' aime beaucoup ne sont probablement pas réparées <eos>,13,réparées,réparés,11,M,réparées,-9.01944,réparés,-11.686392,1
4947,P_NOUN_8_PASS_b,F,P,les valises avec les chargeurs que j' aime beaucoup ne sont probablement pas retirées <eos>,13,retirées,retirés,11,M,retirées,-7.9393034,retirés,-9.118475,1
4948,P_NOUN_8_PASS_b,F,P,les valises avec les chargeurs que j' aime beaucoup ne sont probablement pas tombées <eos>,13,tombées,tombés,11,M,tombées,-8.319063,tombés,-8.156786,0
4949,P_NOUN_8_PASS_b,F,P,les valises avec les chargeurs que j' aime beaucoup ne sont probablement pas utilisées <eos>,13,utilisées,utilisés,11,M,utilisées,-4.66474,utilisés,-5.932736,1
4950,P_NOUN_8_PASS_b,F,P,les valises avec les vases que j' aime beaucoup ne sont probablement pas achetées <eos>,13,achetées,achetés,11,M,achetées,-10.221735,achetés,-9.995289,0
4951,P_NOUN_8_PASS_b,F,P,les valises avec les vases que j' aime beaucoup ne sont probablement pas brisées <eos>,13,brisées,brisés,11,M,brisées,-9.226816,brisés,-12.1727,1
4952,P_NOUN_8_PASS_b,F,P,les valises avec les vases que j' aime beaucoup ne sont probablement pas cachées <eos>,13,cachées,cachés,11,M,cachées,-7.2404413,cachés,-8.641442,1
4953,P_NOUN_8_PASS_b,F,P,les valises avec les vases que j' aime beaucoup ne sont probablement pas cassées <eos>,13,cassées,cassés,11,M,cassées,-8.623598,cassés,-9.6725235,1
4954,P_NOUN_8_PASS_b,F,P,les valises avec les vases que j' aime beaucoup ne sont probablement pas couvertes <eos>,13,couvertes,couverts,11,M,couvertes,-7.403963,couverts,-8.152619,1
4955,P_NOUN_8_PASS_b,F,P,les valises avec les vases que j' aime beaucoup ne sont probablement pas déformées <eos>,13,déformées,déformés,11,M,déformées,-7.9913735,déformés,-12.864613,1
4956,P_NOUN_8_PASS_b,F,P,les valises avec les vases que j' aime beaucoup ne sont probablement pas fixées <eos>,13,fixées,fixés,11,M,fixées,-7.8963947,fixés,-9.286711,1
4957,P_NOUN_8_PASS_b,F,P,les valises avec les vases que j' aime beaucoup ne sont probablement pas jetées <eos>,13,jetées,jetés,11,M,jetées,-8.301741,jetés,-8.928638,1
4958,P_NOUN_8_PASS_b,F,P,les valises avec les vases que j' aime beaucoup ne sont probablement pas laissées <eos>,13,laissées,laissés,11,M,laissées,-7.6404505,laissés,-9.389895,1
4959,P_NOUN_8_PASS_b,F,P,les valises avec les vases que j' aime beaucoup ne sont probablement pas ouvertes <eos>,13,ouvertes,ouverts,11,M,ouvertes,-7.700655,ouverts,-9.231605,1
4960,P_NOUN_8_PASS_b,F,P,les valises avec les vases que j' aime beaucoup ne sont probablement pas perdues <eos>,13,perdues,perdus,11,M,perdues,-7.6849,perdus,-8.521821,1
4961,P_NOUN_8_PASS_b,F,P,les valises avec les vases que j' aime beaucoup ne sont probablement pas réparées <eos>,13,réparées,réparés,11,M,réparées,-9.100935,réparés,-12.415403,1
4962,P_NOUN_8_PASS_b,F,P,les valises avec les vases que j' aime beaucoup ne sont probablement pas retirées <eos>,13,retirées,retirés,11,M,retirées,-8.218713,retirés,-10.077665,1
4963,P_NOUN_8_PASS_b,F,P,les valises avec les vases que j' aime beaucoup ne sont probablement pas tombées <eos>,13,tombées,tombés,11,M,tombées,-7.536538,tombés,-8.032242,1
4964,P_NOUN_8_PASS_b,F,P,les valises avec les vases que j' aime beaucoup ne sont probablement pas utilisées <eos>,13,utilisées,utilisés,11,M,utilisées,-5.2209854,utilisés,-6.5337963,1
4965,P_NOUN_8_PASS_b,F,P,les valises avec les paniers que j' aime beaucoup ne sont probablement pas achetées <eos>,13,achetées,achetés,11,M,achetées,-10.333445,achetés,-9.875814,0
4966,P_NOUN_8_PASS_b,F,P,les valises avec les paniers que j' aime beaucoup ne sont probablement pas brisées <eos>,13,brisées,brisés,11,M,brisées,-9.241905,brisés,-12.466863,1
4967,P_NOUN_8_PASS_b,F,P,les valises avec les paniers que j' aime beaucoup ne sont probablement pas cachées <eos>,13,cachées,cachés,11,M,cachées,-7.321885,cachés,-8.584291,1
4968,P_NOUN_8_PASS_b,F,P,les valises avec les paniers que j' aime beaucoup ne sont probablement pas cassées <eos>,13,cassées,cassés,11,M,cassées,-8.672767,cassés,-10.243007,1
4969,P_NOUN_8_PASS_b,F,P,les valises avec les paniers que j' aime beaucoup ne sont probablement pas couvertes <eos>,13,couvertes,couverts,11,M,couvertes,-7.1307993,couverts,-8.02282,1
4970,P_NOUN_8_PASS_b,F,P,les valises avec les paniers que j' aime beaucoup ne sont probablement pas déformées <eos>,13,déformées,déformés,11,M,déformées,-8.421664,déformés,-13.418258,1
4971,P_NOUN_8_PASS_b,F,P,les valises avec les paniers que j' aime beaucoup ne sont probablement pas fixées <eos>,13,fixées,fixés,11,M,fixées,-7.729806,fixés,-8.862493,1
4972,P_NOUN_8_PASS_b,F,P,les valises avec les paniers que j' aime beaucoup ne sont probablement pas jetées <eos>,13,jetées,jetés,11,M,jetées,-8.131221,jetés,-9.174248,1
4973,P_NOUN_8_PASS_b,F,P,les valises avec les paniers que j' aime beaucoup ne sont probablement pas laissées <eos>,13,laissées,laissés,11,M,laissées,-7.8405447,laissés,-9.830489,1
4974,P_NOUN_8_PASS_b,F,P,les valises avec les paniers que j' aime beaucoup ne sont probablement pas ouvertes <eos>,13,ouvertes,ouverts,11,M,ouvertes,-7.218302,ouverts,-8.746833,1
4975,P_NOUN_8_PASS_b,F,P,les valises avec les paniers que j' aime beaucoup ne sont probablement pas perdues <eos>,13,perdues,perdus,11,M,perdues,-7.7957582,perdus,-8.6255455,1
4976,P_NOUN_8_PASS_b,F,P,les valises avec les paniers que j' aime beaucoup ne sont probablement pas réparées <eos>,13,réparées,réparés,11,M,réparées,-9.197817,réparés,-12.581559,1
4977,P_NOUN_8_PASS_b,F,P,les valises avec les paniers que j' aime beaucoup ne sont probablement pas retirées <eos>,13,retirées,retirés,11,M,retirées,-8.264937,retirés,-10.279979,1
4978,P_NOUN_8_PASS_b,F,P,les valises avec les paniers que j' aime beaucoup ne sont probablement pas tombées <eos>,13,tombées,tombés,11,M,tombées,-7.944141,tombés,-8.529446,1
4979,P_NOUN_8_PASS_b,F,P,les valises avec les paniers que j' aime beaucoup ne sont probablement pas utilisées <eos>,13,utilisées,utilisés,11,M,utilisées,-4.962574,utilisés,-6.298359,1
4980,P_NOUN_8_PASS_b,F,P,les valises avec les colliers que j' aime beaucoup ne sont probablement pas achetées <eos>,13,achetées,achetés,11,M,achetées,-10.147754,achetés,-10.038217,0
4981,P_NOUN_8_PASS_b,F,P,les valises avec les colliers que j' aime beaucoup ne sont probablement pas brisées <eos>,13,brisées,brisés,11,M,brisées,-9.035518,brisés,-12.046061,1
4982,P_NOUN_8_PASS_b,F,P,les valises avec les colliers que j' aime beaucoup ne sont probablement pas cachées <eos>,13,cachées,cachés,11,M,cachées,-7.744455,cachés,-8.696029,1
4983,P_NOUN_8_PASS_b,F,P,les valises avec les colliers que j' aime beaucoup ne sont probablement pas cassées <eos>,13,cassées,cassés,11,M,cassées,-8.623119,cassés,-9.32388,1
4984,P_NOUN_8_PASS_b,F,P,les valises avec les colliers que j' aime beaucoup ne sont probablement pas couvertes <eos>,13,couvertes,couverts,11,M,couvertes,-7.4432354,couverts,-8.459771,1
4985,P_NOUN_8_PASS_b,F,P,les valises avec les colliers que j' aime beaucoup ne sont probablement pas déformées <eos>,13,déformées,déformés,11,M,déformées,-7.870657,déformés,-13.031794,1
4986,P_NOUN_8_PASS_b,F,P,les valises avec les colliers que j' aime beaucoup ne sont probablement pas fixées <eos>,13,fixées,fixés,11,M,fixées,-7.6441126,fixés,-9.147161,1
4987,P_NOUN_8_PASS_b,F,P,les valises avec les colliers que j' aime beaucoup ne sont probablement pas jetées <eos>,13,jetées,jetés,11,M,jetées,-8.322018,jetés,-8.786732,1
4988,P_NOUN_8_PASS_b,F,P,les valises avec les colliers que j' aime beaucoup ne sont probablement pas laissées <eos>,13,laissées,laissés,11,M,laissées,-7.806899,laissés,-9.785373,1
4989,P_NOUN_8_PASS_b,F,P,les valises avec les colliers que j' aime beaucoup ne sont probablement pas ouvertes <eos>,13,ouvertes,ouverts,11,M,ouvertes,-7.807917,ouverts,-9.383274,1
4990,P_NOUN_8_PASS_b,F,P,les valises avec les colliers que j' aime beaucoup ne sont probablement pas perdues <eos>,13,perdues,perdus,11,M,perdues,-7.552827,perdus,-8.368965,1
4991,P_NOUN_8_PASS_b,F,P,les valises avec les colliers que j' aime beaucoup ne sont probablement pas réparées <eos>,13,réparées,réparés,11,M,réparées,-8.844791,réparés,-12.328024,1
4992,P_NOUN_8_PASS_b,F,P,les valises avec les colliers que j' aime beaucoup ne sont probablement pas retirées <eos>,13,retirées,retirés,11,M,retirées,-7.8582683,retirés,-9.622277,1
4993,P_NOUN_8_PASS_b,F,P,les valises avec les colliers que j' aime beaucoup ne sont probablement pas tombées <eos>,13,tombées,tombés,11,M,tombées,-7.6048446,tombés,-8.192249,1
4994,P_NOUN_8_PASS_b,F,P,les valises avec les colliers que j' aime beaucoup ne sont probablement pas utilisées <eos>,13,utilisées,utilisés,11,M,utilisées,-4.826492,utilisés,-6.2227254,1
4995,P_NOUN_8_PASS_b,F,P,les valises avec les chapeaux que j' aime beaucoup ne sont probablement pas achetées <eos>,13,achetées,achetés,11,M,achetées,-9.94589,achetés,-10.052801,1
4996,P_NOUN_8_PASS_b,F,P,les valises avec les chapeaux que j' aime beaucoup ne sont probablement pas brisées <eos>,13,brisées,brisés,11,M,brisées,-9.507434,brisés,-12.727348,1
4997,P_NOUN_8_PASS_b,F,P,les valises avec les chapeaux que j' aime beaucoup ne sont probablement pas cachées <eos>,13,cachées,cachés,11,M,cachées,-7.02944,cachés,-8.338964,1
4998,P_NOUN_8_PASS_b,F,P,les valises avec les chapeaux que j' aime beaucoup ne sont probablement pas cassées <eos>,13,cassées,cassés,11,M,cassées,-8.830984,cassés,-10.437571,1
4999,P_NOUN_8_PASS_b,F,P,les valises avec les chapeaux que j' aime beaucoup ne sont probablement pas couvertes <eos>,13,couvertes,couverts,11,M,couvertes,-7.568906,couverts,-8.624678,1
5000,P_NOUN_8_PASS_b,F,P,les valises avec les chapeaux que j' aime beaucoup ne sont probablement pas déformées <eos>,13,déformées,déformés,11,M,déformées,-8.766846,déformés,-13.414738,1
5001,P_NOUN_8_PASS_b,F,P,les valises avec les chapeaux que j' aime beaucoup ne sont probablement pas fixées <eos>,13,fixées,fixés,11,M,fixées,-8.044739,fixés,-9.364445,1
5002,P_NOUN_8_PASS_b,F,P,les valises avec les chapeaux que j' aime beaucoup ne sont probablement pas jetées <eos>,13,jetées,jetés,11,M,jetées,-8.16711,jetés,-9.201538,1
5003,P_NOUN_8_PASS_b,F,P,les valises avec les chapeaux que j' aime beaucoup ne sont probablement pas laissées <eos>,13,laissées,laissés,11,M,laissées,-7.9991283,laissés,-9.616732,1
5004,P_NOUN_8_PASS_b,F,P,les valises avec les chapeaux que j' aime beaucoup ne sont probablement pas ouvertes <eos>,13,ouvertes,ouverts,11,M,ouvertes,-7.529584,ouverts,-8.995221,1
5005,P_NOUN_8_PASS_b,F,P,les valises avec les chapeaux que j' aime beaucoup ne sont probablement pas perdues <eos>,13,perdues,perdus,11,M,perdues,-7.755657,perdus,-8.7449255,1
5006,P_NOUN_8_PASS_b,F,P,les valises avec les chapeaux que j' aime beaucoup ne sont probablement pas réparées <eos>,13,réparées,réparés,11,M,réparées,-9.274694,réparés,-12.617261,1
5007,P_NOUN_8_PASS_b,F,P,les valises avec les chapeaux que j' aime beaucoup ne sont probablement pas retirées <eos>,13,retirées,retirés,11,M,retirées,-8.300699,retirés,-10.247887,1
5008,P_NOUN_8_PASS_b,F,P,les valises avec les chapeaux que j' aime beaucoup ne sont probablement pas tombées <eos>,13,tombées,tombés,11,M,tombées,-7.827627,tombés,-7.7763443,0
5009,P_NOUN_8_PASS_b,F,P,les valises avec les chapeaux que j' aime beaucoup ne sont probablement pas utilisées <eos>,13,utilisées,utilisés,11,M,utilisées,-5.319418,utilisés,-6.7286453,1
5010,P_NOUN_8_PASS_b,F,P,les valises avec les pots que j' aime beaucoup ne sont probablement pas achetées <eos>,13,achetées,achetés,11,M,achetées,-9.661612,achetés,-9.361788,0
5011,P_NOUN_8_PASS_b,F,P,les valises avec les pots que j' aime beaucoup ne sont probablement pas brisées <eos>,13,brisées,brisés,11,M,brisées,-9.176664,brisés,-12.03056,1
5012,P_NOUN_8_PASS_b,F,P,les valises avec les pots que j' aime beaucoup ne sont probablement pas cachées <eos>,13,cachées,cachés,11,M,cachées,-7.631707,cachés,-8.3784685,1
5013,P_NOUN_8_PASS_b,F,P,les valises avec les pots que j' aime beaucoup ne sont probablement pas cassées <eos>,13,cassées,cassés,11,M,cassées,-8.53885,cassés,-9.506082,1
5014,P_NOUN_8_PASS_b,F,P,les valises avec les pots que j' aime beaucoup ne sont probablement pas couvertes <eos>,13,couvertes,couverts,11,M,couvertes,-6.979776,couverts,-7.5810513,1
5015,P_NOUN_8_PASS_b,F,P,les valises avec les pots que j' aime beaucoup ne sont probablement pas déformées <eos>,13,déformées,déformés,11,M,déformées,-8.146252,déformés,-13.384321,1
5016,P_NOUN_8_PASS_b,F,P,les valises avec les pots que j' aime beaucoup ne sont probablement pas fixées <eos>,13,fixées,fixés,11,M,fixées,-7.8502035,fixés,-8.906062,1
5017,P_NOUN_8_PASS_b,F,P,les valises avec les pots que j' aime beaucoup ne sont probablement pas jetées <eos>,13,jetées,jetés,11,M,jetées,-8.20087,jetés,-8.694397,1
5018,P_NOUN_8_PASS_b,F,P,les valises avec les pots que j' aime beaucoup ne sont probablement pas laissées <eos>,13,laissées,laissés,11,M,laissées,-7.3256183,laissés,-9.483382,1
5019,P_NOUN_8_PASS_b,F,P,les valises avec les pots que j' aime beaucoup ne sont probablement pas ouvertes <eos>,13,ouvertes,ouverts,11,M,ouvertes,-7.273943,ouverts,-8.585349,1
5020,P_NOUN_8_PASS_b,F,P,les valises avec les pots que j' aime beaucoup ne sont probablement pas perdues <eos>,13,perdues,perdus,11,M,perdues,-7.625047,perdus,-8.146322,1
5021,P_NOUN_8_PASS_b,F,P,les valises avec les pots que j' aime beaucoup ne sont probablement pas réparées <eos>,13,réparées,réparés,11,M,réparées,-8.701512,réparés,-11.921305,1
5022,P_NOUN_8_PASS_b,F,P,les valises avec les pots que j' aime beaucoup ne sont probablement pas retirées <eos>,13,retirées,retirés,11,M,retirées,-7.887912,retirés,-9.574569,1
5023,P_NOUN_8_PASS_b,F,P,les valises avec les pots que j' aime beaucoup ne sont probablement pas tombées <eos>,13,tombées,tombés,11,M,tombées,-7.630967,tombés,-7.8657894,1
5024,P_NOUN_8_PASS_b,F,P,les valises avec les pots que j' aime beaucoup ne sont probablement pas utilisées <eos>,13,utilisées,utilisés,11,M,utilisées,-4.8042326,utilisés,-5.9372587,1
5025,P_NOUN_8_PASS_b,F,P,les valises avec les coussins que j' aime beaucoup ne sont probablement pas achetées <eos>,13,achetées,achetés,11,M,achetées,-9.969763,achetés,-10.201431,1
5026,P_NOUN_8_PASS_b,F,P,les valises avec les coussins que j' aime beaucoup ne sont probablement pas brisées <eos>,13,brisées,brisés,11,M,brisées,-9.058613,brisés,-12.146477,1
5027,P_NOUN_8_PASS_b,F,P,les valises avec les coussins que j' aime beaucoup ne sont probablement pas cachées <eos>,13,cachées,cachés,11,M,cachées,-7.379836,cachés,-8.599773,1
5028,P_NOUN_8_PASS_b,F,P,les valises avec les coussins que j' aime beaucoup ne sont probablement pas cassées <eos>,13,cassées,cassés,11,M,cassées,-8.2630625,cassés,-10.288793,1
5029,P_NOUN_8_PASS_b,F,P,les valises avec les coussins que j' aime beaucoup ne sont probablement pas couvertes <eos>,13,couvertes,couverts,11,M,couvertes,-6.9256988,couverts,-8.412575,1
5030,P_NOUN_8_PASS_b,F,P,les valises avec les coussins que j' aime beaucoup ne sont probablement pas déformées <eos>,13,déformées,déformés,11,M,déformées,-8.086009,déformés,-13.051208,1
5031,P_NOUN_8_PASS_b,F,P,les valises avec les coussins que j' aime beaucoup ne sont probablement pas fixées <eos>,13,fixées,fixés,11,M,fixées,-7.5863285,fixés,-8.878513,1
5032,P_NOUN_8_PASS_b,F,P,les valises avec les coussins que j' aime beaucoup ne sont probablement pas jetées <eos>,13,jetées,jetés,11,M,jetées,-7.3875237,jetés,-8.833179,1
5033,P_NOUN_8_PASS_b,F,P,les valises avec les coussins que j' aime beaucoup ne sont probablement pas laissées <eos>,13,laissées,laissés,11,M,laissées,-7.4384556,laissés,-9.73603,1
5034,P_NOUN_8_PASS_b,F,P,les valises avec les coussins que j' aime beaucoup ne sont probablement pas ouvertes <eos>,13,ouvertes,ouverts,11,M,ouvertes,-6.844769,ouverts,-8.209293,1
5035,P_NOUN_8_PASS_b,F,P,les valises avec les coussins que j' aime beaucoup ne sont probablement pas perdues <eos>,13,perdues,perdus,11,M,perdues,-7.764792,perdus,-8.43799,1
5036,P_NOUN_8_PASS_b,F,P,les valises avec les coussins que j' aime beaucoup ne sont probablement pas réparées <eos>,13,réparées,réparés,11,M,réparées,-8.361244,réparés,-11.849294,1
5037,P_NOUN_8_PASS_b,F,P,les valises avec les coussins que j' aime beaucoup ne sont probablement pas retirées <eos>,13,retirées,retirés,11,M,retirées,-7.876634,retirés,-10.072037,1
5038,P_NOUN_8_PASS_b,F,P,les valises avec les coussins que j' aime beaucoup ne sont probablement pas tombées <eos>,13,tombées,tombés,11,M,tombées,-8.087679,tombés,-8.769951,1
5039,P_NOUN_8_PASS_b,F,P,les valises avec les coussins que j' aime beaucoup ne sont probablement pas utilisées <eos>,13,utilisées,utilisés,11,M,utilisées,-4.971693,utilisés,-6.512329,1
5040,P_NOUN_8_PASS_b,F,P,les valises avec les jouets que j' aime beaucoup ne sont probablement pas achetées <eos>,13,achetées,achetés,11,M,achetées,-10.21345,achetés,-9.901926,0
5041,P_NOUN_8_PASS_b,F,P,les valises avec les jouets que j' aime beaucoup ne sont probablement pas brisées <eos>,13,brisées,brisés,11,M,brisées,-9.957558,brisés,-12.715641,1
5042,P_NOUN_8_PASS_b,F,P,les valises avec les jouets que j' aime beaucoup ne sont probablement pas cachées <eos>,13,cachées,cachés,11,M,cachées,-7.2046638,cachés,-8.026024,1
5043,P_NOUN_8_PASS_b,F,P,les valises avec les jouets que j' aime beaucoup ne sont probablement pas cassées <eos>,13,cassées,cassés,11,M,cassées,-9.817116,cassés,-10.464038,1
5044,P_NOUN_8_PASS_b,F,P,les valises avec les jouets que j' aime beaucoup ne sont probablement pas couvertes <eos>,13,couvertes,couverts,11,M,couvertes,-8.287076,couverts,-9.0344,1
5045,P_NOUN_8_PASS_b,F,P,les valises avec les jouets que j' aime beaucoup ne sont probablement pas déformées <eos>,13,déformées,déformés,11,M,déformées,-8.871227,déformés,-12.893563,1
5046,P_NOUN_8_PASS_b,F,P,les valises avec les jouets que j' aime beaucoup ne sont probablement pas fixées <eos>,13,fixées,fixés,11,M,fixées,-8.93319,fixés,-9.278101,1
5047,P_NOUN_8_PASS_b,F,P,les valises avec les jouets que j' aime beaucoup ne sont probablement pas jetées <eos>,13,jetées,jetés,11,M,jetées,-9.19261,jetés,-9.318974,1
5048,P_NOUN_8_PASS_b,F,P,les valises avec les jouets que j' aime beaucoup ne sont probablement pas laissées <eos>,13,laissées,laissés,11,M,laissées,-8.564798,laissés,-9.473175,1
5049,P_NOUN_8_PASS_b,F,P,les valises avec les jouets que j' aime beaucoup ne sont probablement pas ouvertes <eos>,13,ouvertes,ouverts,11,M,ouvertes,-7.8242683,ouverts,-8.613022,1
5050,P_NOUN_8_PASS_b,F,P,les valises avec les jouets que j' aime beaucoup ne sont probablement pas perdues <eos>,13,perdues,perdus,11,M,perdues,-8.244532,perdus,-8.487446,1
5051,P_NOUN_8_PASS_b,F,P,les valises avec les jouets que j' aime beaucoup ne sont probablement pas réparées <eos>,13,réparées,réparés,11,M,réparées,-9.640654,réparés,-12.661869,1
5052,P_NOUN_8_PASS_b,F,P,les valises avec les jouets que j' aime beaucoup ne sont probablement pas retirées <eos>,13,retirées,retirés,11,M,retirées,-8.701853,retirés,-10.586297,1
5053,P_NOUN_8_PASS_b,F,P,les valises avec les jouets que j' aime beaucoup ne sont probablement pas tombées <eos>,13,tombées,tombés,11,M,tombées,-8.372345,tombés,-8.402666,1
5054,P_NOUN_8_PASS_b,F,P,les valises avec les jouets que j' aime beaucoup ne sont probablement pas utilisées <eos>,13,utilisées,utilisés,11,M,utilisées,-6.0360103,utilisés,-7.035131,1
5055,P_NOUN_8_PASS_b,F,P,les valises avec les clous que j' aime beaucoup ne sont probablement pas achetées <eos>,13,achetées,achetés,11,M,achetées,-9.82162,achetés,-9.947748,1
5056,P_NOUN_8_PASS_b,F,P,les valises avec les clous que j' aime beaucoup ne sont probablement pas brisées <eos>,13,brisées,brisés,11,M,brisées,-9.187656,brisés,-12.076544,1
5057,P_NOUN_8_PASS_b,F,P,les valises avec les clous que j' aime beaucoup ne sont probablement pas cachées <eos>,13,cachées,cachés,11,M,cachées,-7.159708,cachés,-8.140967,1
5058,P_NOUN_8_PASS_b,F,P,les valises avec les clous que j' aime beaucoup ne sont probablement pas cassées <eos>,13,cassées,cassés,11,M,cassées,-8.671442,cassés,-9.70687,1
5059,P_NOUN_8_PASS_b,F,P,les valises avec les clous que j' aime beaucoup ne sont probablement pas couvertes <eos>,13,couvertes,couverts,11,M,couvertes,-7.0713806,couverts,-8.206402,1
5060,P_NOUN_8_PASS_b,F,P,les valises avec les clous que j' aime beaucoup ne sont probablement pas déformées <eos>,13,déformées,déformés,11,M,déformées,-8.42499,déformés,-13.304623,1
5061,P_NOUN_8_PASS_b,F,P,les valises avec les clous que j' aime beaucoup ne sont probablement pas fixées <eos>,13,fixées,fixés,11,M,fixées,-7.7782717,fixés,-8.994857,1
5062,P_NOUN_8_PASS_b,F,P,les valises avec les clous que j' aime beaucoup ne sont probablement pas jetées <eos>,13,jetées,jetés,11,M,jetées,-7.8716545,jetés,-8.42721,1
5063,P_NOUN_8_PASS_b,F,P,les valises avec les clous que j' aime beaucoup ne sont probablement pas laissées <eos>,13,laissées,laissés,11,M,laissées,-7.7434344,laissés,-9.29641,1
5064,P_NOUN_8_PASS_b,F,P,les valises avec les clous que j' aime beaucoup ne sont probablement pas ouvertes <eos>,13,ouvertes,ouverts,11,M,ouvertes,-7.2836547,ouverts,-9.057417,1
5065,P_NOUN_8_PASS_b,F,P,les valises avec les clous que j' aime beaucoup ne sont probablement pas perdues <eos>,13,perdues,perdus,11,M,perdues,-7.358402,perdus,-8.445452,1
5066,P_NOUN_8_PASS_b,F,P,les valises avec les clous que j' aime beaucoup ne sont probablement pas réparées <eos>,13,réparées,réparés,11,M,réparées,-8.399716,réparés,-11.742897,1
5067,P_NOUN_8_PASS_b,F,P,les valises avec les clous que j' aime beaucoup ne sont probablement pas retirées <eos>,13,retirées,retirés,11,M,retirées,-7.698716,retirés,-9.745072,1
5068,P_NOUN_8_PASS_b,F,P,les valises avec les clous que j' aime beaucoup ne sont probablement pas tombées <eos>,13,tombées,tombés,11,M,tombées,-7.4519644,tombés,-7.932575,1
5069,P_NOUN_8_PASS_b,F,P,les valises avec les clous que j' aime beaucoup ne sont probablement pas utilisées <eos>,13,utilisées,utilisés,11,M,utilisées,-4.8693724,utilisés,-6.2936373,1
5070,P_NOUN_8_PASS_b,F,P,les valises avec les billets que j' aime beaucoup ne sont probablement pas achetées <eos>,13,achetées,achetés,11,M,achetées,-9.076762,achetés,-9.332963,1
5071,P_NOUN_8_PASS_b,F,P,les valises avec les billets que j' aime beaucoup ne sont probablement pas brisées <eos>,13,brisées,brisés,11,M,brisées,-9.476513,brisés,-13.182463,1
5072,P_NOUN_8_PASS_b,F,P,les valises avec les billets que j' aime beaucoup ne sont probablement pas cachées <eos>,13,cachées,cachés,11,M,cachées,-8.083993,cachés,-8.163876,1
5073,P_NOUN_8_PASS_b,F,P,les valises avec les billets que j' aime beaucoup ne sont probablement pas cassées <eos>,13,cassées,cassés,11,M,cassées,-9.726571,cassés,-10.682701,1
5074,P_NOUN_8_PASS_b,F,P,les valises avec les billets que j' aime beaucoup ne sont probablement pas couvertes <eos>,13,couvertes,couverts,11,M,couvertes,-7.9766293,couverts,-8.486412,1
5075,P_NOUN_8_PASS_b,F,P,les valises avec les billets que j' aime beaucoup ne sont probablement pas déformées <eos>,13,déformées,déformés,11,M,déformées,-9.068867,déformés,-14.07326,1
5076,P_NOUN_8_PASS_b,F,P,les valises avec les billets que j' aime beaucoup ne sont probablement pas fixées <eos>,13,fixées,fixés,11,M,fixées,-7.90224,fixés,-8.692742,1
5077,P_NOUN_8_PASS_b,F,P,les valises avec les billets que j' aime beaucoup ne sont probablement pas jetées <eos>,13,jetées,jetés,11,M,jetées,-8.432114,jetés,-8.8007345,1
5078,P_NOUN_8_PASS_b,F,P,les valises avec les billets que j' aime beaucoup ne sont probablement pas laissées <eos>,13,laissées,laissés,11,M,laissées,-7.919016,laissés,-9.891045,1
5079,P_NOUN_8_PASS_b,F,P,les valises avec les billets que j' aime beaucoup ne sont probablement pas ouvertes <eos>,13,ouvertes,ouverts,11,M,ouvertes,-7.9485607,ouverts,-8.739277,1
5080,P_NOUN_8_PASS_b,F,P,les valises avec les billets que j' aime beaucoup ne sont probablement pas perdues <eos>,13,perdues,perdus,11,M,perdues,-7.22484,perdus,-8.2111435,1
5081,P_NOUN_8_PASS_b,F,P,les valises avec les billets que j' aime beaucoup ne sont probablement pas réparées <eos>,13,réparées,réparés,11,M,réparées,-9.713867,réparés,-12.675239,1
5082,P_NOUN_8_PASS_b,F,P,les valises avec les billets que j' aime beaucoup ne sont probablement pas retirées <eos>,13,retirées,retirés,11,M,retirées,-8.025366,retirés,-9.638708,1
5083,P_NOUN_8_PASS_b,F,P,les valises avec les billets que j' aime beaucoup ne sont probablement pas tombées <eos>,13,tombées,tombés,11,M,tombées,-8.194622,tombés,-8.587627,1
5084,P_NOUN_8_PASS_b,F,P,les valises avec les billets que j' aime beaucoup ne sont probablement pas utilisées <eos>,13,utilisées,utilisés,11,M,utilisées,-5.3039765,utilisés,-6.497358,1
5085,P_NOUN_8_PASS_b,F,P,les valises avec les légumes que j' aime beaucoup ne sont probablement pas achetées <eos>,13,achetées,achetés,11,M,achetées,-9.582043,achetés,-9.375954,0
5086,P_NOUN_8_PASS_b,F,P,les valises avec les légumes que j' aime beaucoup ne sont probablement pas brisées <eos>,13,brisées,brisés,11,M,brisées,-9.560399,brisés,-12.7296715,1
5087,P_NOUN_8_PASS_b,F,P,les valises avec les légumes que j' aime beaucoup ne sont probablement pas cachées <eos>,13,cachées,cachés,11,M,cachées,-7.777404,cachés,-8.811745,1
5088,P_NOUN_8_PASS_b,F,P,les valises avec les légumes que j' aime beaucoup ne sont probablement pas cassées <eos>,13,cassées,cassés,11,M,cassées,-9.286324,cassés,-9.492947,1
5089,P_NOUN_8_PASS_b,F,P,les valises avec les légumes que j' aime beaucoup ne sont probablement pas couvertes <eos>,13,couvertes,couverts,11,M,couvertes,-7.225696,couverts,-8.011765,1
5090,P_NOUN_8_PASS_b,F,P,les valises avec les légumes que j' aime beaucoup ne sont probablement pas déformées <eos>,13,déformées,déformés,11,M,déformées,-8.858168,déformés,-13.968787,1
5091,P_NOUN_8_PASS_b,F,P,les valises avec les légumes que j' aime beaucoup ne sont probablement pas fixées <eos>,13,fixées,fixés,11,M,fixées,-8.401382,fixés,-9.316572,1
5092,P_NOUN_8_PASS_b,F,P,les valises avec les légumes que j' aime beaucoup ne sont probablement pas jetées <eos>,13,jetées,jetés,11,M,jetées,-8.469034,jetés,-9.684837,1
5093,P_NOUN_8_PASS_b,F,P,les valises avec les légumes que j' aime beaucoup ne sont probablement pas laissées <eos>,13,laissées,laissés,11,M,laissées,-7.464157,laissés,-9.264856,1
5094,P_NOUN_8_PASS_b,F,P,les valises avec les légumes que j' aime beaucoup ne sont probablement pas ouvertes <eos>,13,ouvertes,ouverts,11,M,ouvertes,-7.501792,ouverts,-8.925884,1
5095,P_NOUN_8_PASS_b,F,P,les valises avec les légumes que j' aime beaucoup ne sont probablement pas perdues <eos>,13,perdues,perdus,11,M,perdues,-7.9035373,perdus,-8.631024,1
5096,P_NOUN_8_PASS_b,F,P,les valises avec les légumes que j' aime beaucoup ne sont probablement pas réparées <eos>,13,réparées,réparés,11,M,réparées,-9.444438,réparés,-12.413225,1
5097,P_NOUN_8_PASS_b,F,P,les valises avec les légumes que j' aime beaucoup ne sont probablement pas retirées <eos>,13,retirées,retirés,11,M,retirées,-8.499158,retirés,-9.876766,1
5098,P_NOUN_8_PASS_b,F,P,les valises avec les légumes que j' aime beaucoup ne sont probablement pas tombées <eos>,13,tombées,tombés,11,M,tombées,-7.667019,tombés,-8.02591,1
5099,P_NOUN_8_PASS_b,F,P,les valises avec les légumes que j' aime beaucoup ne sont probablement pas utilisées <eos>,13,utilisées,utilisés,11,M,utilisées,-5.081784,utilisés,-6.487416,1
5100,P_NOUN_8_PASS_b,F,P,les pendules avec les bracelets que j' aime beaucoup ne sont probablement pas achetées <eos>,13,achetées,achetés,11,M,achetées,-10.642167,achetés,-10.353857,0
5101,P_NOUN_8_PASS_b,F,P,les pendules avec les bracelets que j' aime beaucoup ne sont probablement pas brisées <eos>,13,brisées,brisés,11,M,brisées,-9.265748,brisés,-12.359528,1
5102,P_NOUN_8_PASS_b,F,P,les pendules avec les bracelets que j' aime beaucoup ne sont probablement pas cachées <eos>,13,cachées,cachés,11,M,cachées,-7.614497,cachés,-8.348641,1
5103,P_NOUN_8_PASS_b,F,P,les pendules avec les bracelets que j' aime beaucoup ne sont probablement pas cassées <eos>,13,cassées,cassés,11,M,cassées,-8.320693,cassés,-9.947404,1
5104,P_NOUN_8_PASS_b,F,P,les pendules avec les bracelets que j' aime beaucoup ne sont probablement pas couvertes <eos>,13,couvertes,couverts,11,M,couvertes,-8.190705,couverts,-9.098282,1
5105,P_NOUN_8_PASS_b,F,P,les pendules avec les bracelets que j' aime beaucoup ne sont probablement pas déformées <eos>,13,déformées,déformés,11,M,déformées,-7.7205524,déformés,-12.755295,1
5106,P_NOUN_8_PASS_b,F,P,les pendules avec les bracelets que j' aime beaucoup ne sont probablement pas fixées <eos>,13,fixées,fixés,11,M,fixées,-7.687903,fixés,-9.375504,1
5107,P_NOUN_8_PASS_b,F,P,les pendules avec les bracelets que j' aime beaucoup ne sont probablement pas jetées <eos>,13,jetées,jetés,11,M,jetées,-8.68819,jetés,-8.934174,1
5108,P_NOUN_8_PASS_b,F,P,les pendules avec les bracelets que j' aime beaucoup ne sont probablement pas laissées <eos>,13,laissées,laissés,11,M,laissées,-8.4134865,laissés,-10.203031,1
5109,P_NOUN_8_PASS_b,F,P,les pendules avec les bracelets que j' aime beaucoup ne sont probablement pas ouvertes <eos>,13,ouvertes,ouverts,11,M,ouvertes,-8.066914,ouverts,-9.349401,1
5110,P_NOUN_8_PASS_b,F,P,les pendules avec les bracelets que j' aime beaucoup ne sont probablement pas perdues <eos>,13,perdues,perdus,11,M,perdues,-7.6981816,perdus,-8.547601,1
5111,P_NOUN_8_PASS_b,F,P,les pendules avec les bracelets que j' aime beaucoup ne sont probablement pas réparées <eos>,13,réparées,réparés,11,M,réparées,-9.164194,réparés,-12.544696,1
5112,P_NOUN_8_PASS_b,F,P,les pendules avec les bracelets que j' aime beaucoup ne sont probablement pas retirées <eos>,13,retirées,retirés,11,M,retirées,-7.9020863,retirés,-9.667128,1
5113,P_NOUN_8_PASS_b,F,P,les pendules avec les bracelets que j' aime beaucoup ne sont probablement pas tombées <eos>,13,tombées,tombés,11,M,tombées,-7.815235,tombés,-8.0803385,1
5114,P_NOUN_8_PASS_b,F,P,les pendules avec les bracelets que j' aime beaucoup ne sont probablement pas utilisées <eos>,13,utilisées,utilisés,11,M,utilisées,-5.0254593,utilisés,-6.0944386,1
5115,P_NOUN_8_PASS_b,F,P,les pendules avec les miroirs que j' aime beaucoup ne sont probablement pas achetées <eos>,13,achetées,achetés,11,M,achetées,-10.995577,achetés,-10.604473,0
5116,P_NOUN_8_PASS_b,F,P,les pendules avec les miroirs que j' aime beaucoup ne sont probablement pas brisées <eos>,13,brisées,brisés,11,M,brisées,-9.110096,brisés,-12.152218,1
5117,P_NOUN_8_PASS_b,F,P,les pendules avec les miroirs que j' aime beaucoup ne sont probablement pas cachées <eos>,13,cachées,cachés,11,M,cachées,-7.432363,cachés,-8.404293,1
5118,P_NOUN_8_PASS_b,F,P,les pendules avec les miroirs que j' aime beaucoup ne sont probablement pas cassées <eos>,13,cassées,cassés,11,M,cassées,-8.539465,cassés,-10.148488,1
5119,P_NOUN_8_PASS_b,F,P,les pendules avec les miroirs que j' aime beaucoup ne sont probablement pas couvertes <eos>,13,couvertes,couverts,11,M,couvertes,-7.5328846,couverts,-8.883613,1
5120,P_NOUN_8_PASS_b,F,P,les pendules avec les miroirs que j' aime beaucoup ne sont probablement pas déformées <eos>,13,déformées,déformés,11,M,déformées,-6.9070897,déformés,-12.162762,1
5121,P_NOUN_8_PASS_b,F,P,les pendules avec les miroirs que j' aime beaucoup ne sont probablement pas fixées <eos>,13,fixées,fixés,11,M,fixées,-7.846997,fixés,-9.289003,1
5122,P_NOUN_8_PASS_b,F,P,les pendules avec les miroirs que j' aime beaucoup ne sont probablement pas jetées <eos>,13,jetées,jetés,11,M,jetées,-8.853692,jetés,-9.204623,1
5123,P_NOUN_8_PASS_b,F,P,les pendules avec les miroirs que j' aime beaucoup ne sont probablement pas laissées <eos>,13,laissées,laissés,11,M,laissées,-8.35189,laissés,-10.542024,1
5124,P_NOUN_8_PASS_b,F,P,les pendules avec les miroirs que j' aime beaucoup ne sont probablement pas ouvertes <eos>,13,ouvertes,ouverts,11,M,ouvertes,-7.371893,ouverts,-8.523818,1
5125,P_NOUN_8_PASS_b,F,P,les pendules avec les miroirs que j' aime beaucoup ne sont probablement pas perdues <eos>,13,perdues,perdus,11,M,perdues,-7.5013604,perdus,-8.292118,1
5126,P_NOUN_8_PASS_b,F,P,les pendules avec les miroirs que j' aime beaucoup ne sont probablement pas réparées <eos>,13,réparées,réparés,11,M,réparées,-8.453461,réparés,-11.970735,1
5127,P_NOUN_8_PASS_b,F,P,les pendules avec les miroirs que j' aime beaucoup ne sont probablement pas retirées <eos>,13,retirées,retirés,11,M,retirées,-7.6492276,retirés,-9.988864,1
5128,P_NOUN_8_PASS_b,F,P,les pendules avec les miroirs que j' aime beaucoup ne sont probablement pas tombées <eos>,13,tombées,tombés,11,M,tombées,-7.6614327,tombés,-9.131781,1
5129,P_NOUN_8_PASS_b,F,P,les pendules avec les miroirs que j' aime beaucoup ne sont probablement pas utilisées <eos>,13,utilisées,utilisés,11,M,utilisées,-4.848325,utilisés,-6.1060505,1
5130,P_NOUN_8_PASS_b,F,P,les pendules avec les crayons que j' aime beaucoup ne sont probablement pas achetées <eos>,13,achetées,achetés,11,M,achetées,-10.671167,achetés,-9.870027,0
5131,P_NOUN_8_PASS_b,F,P,les pendules avec les crayons que j' aime beaucoup ne sont probablement pas brisées <eos>,13,brisées,brisés,11,M,brisées,-9.723276,brisés,-12.589545,1
5132,P_NOUN_8_PASS_b,F,P,les pendules avec les crayons que j' aime beaucoup ne sont probablement pas cachées <eos>,13,cachées,cachés,11,M,cachées,-7.9748096,cachés,-8.476228,1
5133,P_NOUN_8_PASS_b,F,P,les pendules avec les crayons que j' aime beaucoup ne sont probablement pas cassées <eos>,13,cassées,cassés,11,M,cassées,-8.857541,cassés,-9.56095,1
5134,P_NOUN_8_PASS_b,F,P,les pendules avec les crayons que j' aime beaucoup ne sont probablement pas couvertes <eos>,13,couvertes,couverts,11,M,couvertes,-8.029128,couverts,-8.686764,1
5135,P_NOUN_8_PASS_b,F,P,les pendules avec les crayons que j' aime beaucoup ne sont probablement pas déformées <eos>,13,déformées,déformés,11,M,déformées,-7.8529787,déformés,-12.738611,1
5136,P_NOUN_8_PASS_b,F,P,les pendules avec les crayons que j' aime beaucoup ne sont probablement pas fixées <eos>,13,fixées,fixés,11,M,fixées,-8.422481,fixés,-9.508817,1
5137,P_NOUN_8_PASS_b,F,P,les pendules avec les crayons que j' aime beaucoup ne sont probablement pas jetées <eos>,13,jetées,jetés,11,M,jetées,-9.40002,jetés,-9.325938,0
5138,P_NOUN_8_PASS_b,F,P,les pendules avec les crayons que j' aime beaucoup ne sont probablement pas laissées <eos>,13,laissées,laissés,11,M,laissées,-8.326305,laissés,-9.950748,1
5139,P_NOUN_8_PASS_b,F,P,les pendules avec les crayons que j' aime beaucoup ne sont probablement pas ouvertes <eos>,13,ouvertes,ouverts,11,M,ouvertes,-8.099925,ouverts,-9.2156315,1
5140,P_NOUN_8_PASS_b,F,P,les pendules avec les crayons que j' aime beaucoup ne sont probablement pas perdues <eos>,13,perdues,perdus,11,M,perdues,-7.716795,perdus,-8.479026,1
5141,P_NOUN_8_PASS_b,F,P,les pendules avec les crayons que j' aime beaucoup ne sont probablement pas réparées <eos>,13,réparées,réparés,11,M,réparées,-8.702537,réparés,-11.842953,1
5142,P_NOUN_8_PASS_b,F,P,les pendules avec les crayons que j' aime beaucoup ne sont probablement pas retirées <eos>,13,retirées,retirés,11,M,retirées,-7.7392387,retirés,-9.74457,1
5143,P_NOUN_8_PASS_b,F,P,les pendules avec les crayons que j' aime beaucoup ne sont probablement pas tombées <eos>,13,tombées,tombés,11,M,tombées,-7.7408776,tombés,-8.495872,1
5144,P_NOUN_8_PASS_b,F,P,les pendules avec les crayons que j' aime beaucoup ne sont probablement pas utilisées <eos>,13,utilisées,utilisés,11,M,utilisées,-5.0159163,utilisés,-6.0239663,1
5145,P_NOUN_8_PASS_b,F,P,les pendules avec les rideaux que j' aime beaucoup ne sont probablement pas achetées <eos>,13,achetées,achetés,11,M,achetées,-10.387402,achetés,-10.387295,0
5146,P_NOUN_8_PASS_b,F,P,les pendules avec les rideaux que j' aime beaucoup ne sont probablement pas brisées <eos>,13,brisées,brisés,11,M,brisées,-9.123948,brisés,-12.475602,1
5147,P_NOUN_8_PASS_b,F,P,les pendules avec les rideaux que j' aime beaucoup ne sont probablement pas cachées <eos>,13,cachées,cachés,11,M,cachées,-7.3819094,cachés,-8.447134,1
5148,P_NOUN_8_PASS_b,F,P,les pendules avec les rideaux que j' aime beaucoup ne sont probablement pas cassées <eos>,13,cassées,cassés,11,M,cassées,-8.245379,cassés,-10.02454,1
5149,P_NOUN_8_PASS_b,F,P,les pendules avec les rideaux que j' aime beaucoup ne sont probablement pas couvertes <eos>,13,couvertes,couverts,11,M,couvertes,-7.465659,couverts,-8.91321,1
5150,P_NOUN_8_PASS_b,F,P,les pendules avec les rideaux que j' aime beaucoup ne sont probablement pas déformées <eos>,13,déformées,déformés,11,M,déformées,-7.6238394,déformés,-12.767706,1
5151,P_NOUN_8_PASS_b,F,P,les pendules avec les rideaux que j' aime beaucoup ne sont probablement pas fixées <eos>,13,fixées,fixés,11,M,fixées,-7.7221093,fixés,-9.50126,1
5152,P_NOUN_8_PASS_b,F,P,les pendules avec les rideaux que j' aime beaucoup ne sont probablement pas jetées <eos>,13,jetées,jetés,11,M,jetées,-8.570915,jetés,-9.347071,1
5153,P_NOUN_8_PASS_b,F,P,les pendules avec les rideaux que j' aime beaucoup ne sont probablement pas laissées <eos>,13,laissées,laissés,11,M,laissées,-7.876914,laissés,-10.120897,1
5154,P_NOUN_8_PASS_b,F,P,les pendules avec les rideaux que j' aime beaucoup ne sont probablement pas ouvertes <eos>,13,ouvertes,ouverts,11,M,ouvertes,-7.3778734,ouverts,-9.067948,1
5155,P_NOUN_8_PASS_b,F,P,les pendules avec les rideaux que j' aime beaucoup ne sont probablement pas perdues <eos>,13,perdues,perdus,11,M,perdues,-7.4594717,perdus,-8.733154,1
5156,P_NOUN_8_PASS_b,F,P,les pendules avec les rideaux que j' aime beaucoup ne sont probablement pas réparées <eos>,13,réparées,réparés,11,M,réparées,-8.246339,réparés,-12.078578,1
5157,P_NOUN_8_PASS_b,F,P,les pendules avec les rideaux que j' aime beaucoup ne sont probablement pas retirées <eos>,13,retirées,retirés,11,M,retirées,-7.3328476,retirés,-10.155138,1
5158,P_NOUN_8_PASS_b,F,P,les pendules avec les rideaux que j' aime beaucoup ne sont probablement pas tombées <eos>,13,tombées,tombés,11,M,tombées,-7.4025073,tombés,-8.788081,1
5159,P_NOUN_8_PASS_b,F,P,les pendules avec les rideaux que j' aime beaucoup ne sont probablement pas utilisées <eos>,13,utilisées,utilisés,11,M,utilisées,-4.981246,utilisés,-6.6113234,1
5160,P_NOUN_8_PASS_b,F,P,les pendules avec les cahiers que j' aime beaucoup ne sont probablement pas achetées <eos>,13,achetées,achetés,11,M,achetées,-10.675828,achetés,-10.365575,0
5161,P_NOUN_8_PASS_b,F,P,les pendules avec les cahiers que j' aime beaucoup ne sont probablement pas brisées <eos>,13,brisées,brisés,11,M,brisées,-9.826606,brisés,-13.005351,1
5162,P_NOUN_8_PASS_b,F,P,les pendules avec les cahiers que j' aime beaucoup ne sont probablement pas cachées <eos>,13,cachées,cachés,11,M,cachées,-7.8833904,cachés,-8.776761,1
5163,P_NOUN_8_PASS_b,F,P,les pendules avec les cahiers que j' aime beaucoup ne sont probablement pas cassées <eos>,13,cassées,cassés,11,M,cassées,-9.200118,cassés,-10.697592,1
5164,P_NOUN_8_PASS_b,F,P,les pendules avec les cahiers que j' aime beaucoup ne sont probablement pas couvertes <eos>,13,couvertes,couverts,11,M,couvertes,-8.117977,couverts,-9.276247,1
5165,P_NOUN_8_PASS_b,F,P,les pendules avec les cahiers que j' aime beaucoup ne sont probablement pas déformées <eos>,13,déformées,déformés,11,M,déformées,-7.8043623,déformés,-13.04221,1
5166,P_NOUN_8_PASS_b,F,P,les pendules avec les cahiers que j' aime beaucoup ne sont probablement pas fixées <eos>,13,fixées,fixés,11,M,fixées,-8.500721,fixés,-10.183107,1
5167,P_NOUN_8_PASS_b,F,P,les pendules avec les cahiers que j' aime beaucoup ne sont probablement pas jetées <eos>,13,jetées,jetés,11,M,jetées,-9.862249,jetés,-10.083998,1
5168,P_NOUN_8_PASS_b,F,P,les pendules avec les cahiers que j' aime beaucoup ne sont probablement pas laissées <eos>,13,laissées,laissés,11,M,laissées,-8.548002,laissés,-10.60022,1
5169,P_NOUN_8_PASS_b,F,P,les pendules avec les cahiers que j' aime beaucoup ne sont probablement pas ouvertes <eos>,13,ouvertes,ouverts,11,M,ouvertes,-7.29389,ouverts,-8.9721985,1
5170,P_NOUN_8_PASS_b,F,P,les pendules avec les cahiers que j' aime beaucoup ne sont probablement pas perdues <eos>,13,perdues,perdus,11,M,perdues,-7.3362074,perdus,-8.482381,1
5171,P_NOUN_8_PASS_b,F,P,les pendules avec les cahiers que j' aime beaucoup ne sont probablement pas réparées <eos>,13,réparées,réparés,11,M,réparées,-9.160929,réparés,-12.666055,1
5172,P_NOUN_8_PASS_b,F,P,les pendules avec les cahiers que j' aime beaucoup ne sont probablement pas retirées <eos>,13,retirées,retirés,11,M,retirées,-7.8207645,retirés,-10.459444,1
5173,P_NOUN_8_PASS_b,F,P,les pendules avec les cahiers que j' aime beaucoup ne sont probablement pas tombées <eos>,13,tombées,tombés,11,M,tombées,-8.076374,tombés,-9.36278,1
5174,P_NOUN_8_PASS_b,F,P,les pendules avec les cahiers que j' aime beaucoup ne sont probablement pas utilisées <eos>,13,utilisées,utilisés,11,M,utilisées,-5.277176,utilisés,-6.760951,1
5175,P_NOUN_8_PASS_b,F,P,les pendules avec les micros que j' aime beaucoup ne sont probablement pas achetées <eos>,13,achetées,achetés,11,M,achetées,-10.665252,achetés,-10.641281,0
5176,P_NOUN_8_PASS_b,F,P,les pendules avec les micros que j' aime beaucoup ne sont probablement pas brisées <eos>,13,brisées,brisés,11,M,brisées,-9.00437,brisés,-12.355738,1
5177,P_NOUN_8_PASS_b,F,P,les pendules avec les micros que j' aime beaucoup ne sont probablement pas cachées <eos>,13,cachées,cachés,11,M,cachées,-8.033663,cachés,-8.924195,1
5178,P_NOUN_8_PASS_b,F,P,les pendules avec les micros que j' aime beaucoup ne sont probablement pas cassées <eos>,13,cassées,cassés,11,M,cassées,-8.540404,cassés,-10.223866,1
5179,P_NOUN_8_PASS_b,F,P,les pendules avec les micros que j' aime beaucoup ne sont probablement pas couvertes <eos>,13,couvertes,couverts,11,M,couvertes,-7.7575674,couverts,-8.887025,1
5180,P_NOUN_8_PASS_b,F,P,les pendules avec les micros que j' aime beaucoup ne sont probablement pas déformées <eos>,13,déformées,déformés,11,M,déformées,-7.54296,déformés,-13.00503,1
5181,P_NOUN_8_PASS_b,F,P,les pendules avec les micros que j' aime beaucoup ne sont probablement pas fixées <eos>,13,fixées,fixés,11,M,fixées,-7.410885,fixés,-8.771444,1
5182,P_NOUN_8_PASS_b,F,P,les pendules avec les micros que j' aime beaucoup ne sont probablement pas jetées <eos>,13,jetées,jetés,11,M,jetées,-9.082443,jetés,-9.629237,1
5183,P_NOUN_8_PASS_b,F,P,les pendules avec les micros que j' aime beaucoup ne sont probablement pas laissées <eos>,13,laissées,laissés,11,M,laissées,-8.047135,laissés,-10.8169155,1
5184,P_NOUN_8_PASS_b,F,P,les pendules avec les micros que j' aime beaucoup ne sont probablement pas ouvertes <eos>,13,ouvertes,ouverts,11,M,ouvertes,-7.583607,ouverts,-8.952272,1
5185,P_NOUN_8_PASS_b,F,P,les pendules avec les micros que j' aime beaucoup ne sont probablement pas perdues <eos>,13,perdues,perdus,11,M,perdues,-7.942955,perdus,-8.8551235,1
5186,P_NOUN_8_PASS_b,F,P,les pendules avec les micros que j' aime beaucoup ne sont probablement pas réparées <eos>,13,réparées,réparés,11,M,réparées,-9.015718,réparés,-12.651012,1
5187,P_NOUN_8_PASS_b,F,P,les pendules avec les micros que j' aime beaucoup ne sont probablement pas retirées <eos>,13,retirées,retirés,11,M,retirées,-7.644844,retirés,-10.163811,1
5188,P_NOUN_8_PASS_b,F,P,les pendules avec les micros que j' aime beaucoup ne sont probablement pas tombées <eos>,13,tombées,tombés,11,M,tombées,-8.076116,tombés,-9.402285,1
5189,P_NOUN_8_PASS_b,F,P,les pendules avec les micros que j' aime beaucoup ne sont probablement pas utilisées <eos>,13,utilisées,utilisés,11,M,utilisées,-4.649397,utilisés,-5.9893,1
5190,P_NOUN_8_PASS_b,F,P,les pendules avec les sacs que j' aime beaucoup ne sont probablement pas achetées <eos>,13,achetées,achetés,11,M,achetées,-10.728025,achetés,-9.8639965,0
5191,P_NOUN_8_PASS_b,F,P,les pendules avec les sacs que j' aime beaucoup ne sont probablement pas brisées <eos>,13,brisées,brisés,11,M,brisées,-9.519517,brisés,-12.230387,1
5192,P_NOUN_8_PASS_b,F,P,les pendules avec les sacs que j' aime beaucoup ne sont probablement pas cachées <eos>,13,cachées,cachés,11,M,cachées,-7.9076753,cachés,-8.2471485,1
5193,P_NOUN_8_PASS_b,F,P,les pendules avec les sacs que j' aime beaucoup ne sont probablement pas cassées <eos>,13,cassées,cassés,11,M,cassées,-8.677375,cassés,-9.70308,1
5194,P_NOUN_8_PASS_b,F,P,les pendules avec les sacs que j' aime beaucoup ne sont probablement pas couvertes <eos>,13,couvertes,couverts,11,M,couvertes,-7.7938824,couverts,-8.49219,1
5195,P_NOUN_8_PASS_b,F,P,les pendules avec les sacs que j' aime beaucoup ne sont probablement pas déformées <eos>,13,déformées,déformés,11,M,déformées,-8.322639,déformés,-12.892081,1
5196,P_NOUN_8_PASS_b,F,P,les pendules avec les sacs que j' aime beaucoup ne sont probablement pas fixées <eos>,13,fixées,fixés,11,M,fixées,-8.012605,fixés,-8.911049,1
5197,P_NOUN_8_PASS_b,F,P,les pendules avec les sacs que j' aime beaucoup ne sont probablement pas jetées <eos>,13,jetées,jetés,11,M,jetées,-9.028337,jetés,-8.880663,0
5198,P_NOUN_8_PASS_b,F,P,les pendules avec les sacs que j' aime beaucoup ne sont probablement pas laissées <eos>,13,laissées,laissés,11,M,laissées,-8.412638,laissés,-10.022674,1
5199,P_NOUN_8_PASS_b,F,P,les pendules avec les sacs que j' aime beaucoup ne sont probablement pas ouvertes <eos>,13,ouvertes,ouverts,11,M,ouvertes,-7.8537903,ouverts,-8.916613,1
5200,P_NOUN_8_PASS_b,F,P,les pendules avec les sacs que j' aime beaucoup ne sont probablement pas perdues <eos>,13,perdues,perdus,11,M,perdues,-8.027462,perdus,-8.543961,1
5201,P_NOUN_8_PASS_b,F,P,les pendules avec les sacs que j' aime beaucoup ne sont probablement pas réparées <eos>,13,réparées,réparés,11,M,réparées,-8.841743,réparés,-11.827576,1
5202,P_NOUN_8_PASS_b,F,P,les pendules avec les sacs que j' aime beaucoup ne sont probablement pas retirées <eos>,13,retirées,retirés,11,M,retirées,-7.7265825,retirés,-9.559669,1
5203,P_NOUN_8_PASS_b,F,P,les pendules avec les sacs que j' aime beaucoup ne sont probablement pas tombées <eos>,13,tombées,tombés,11,M,tombées,-7.9618897,tombés,-8.580281,1
5204,P_NOUN_8_PASS_b,F,P,les pendules avec les sacs que j' aime beaucoup ne sont probablement pas utilisées <eos>,13,utilisées,utilisés,11,M,utilisées,-5.071156,utilisés,-5.9742293,1
5205,P_NOUN_8_PASS_b,F,P,les pendules avec les claviers que j' aime beaucoup ne sont probablement pas achetées <eos>,13,achetées,achetés,11,M,achetées,-10.444149,achetés,-10.898935,1
5206,P_NOUN_8_PASS_b,F,P,les pendules avec les claviers que j' aime beaucoup ne sont probablement pas brisées <eos>,13,brisées,brisés,11,M,brisées,-9.071019,brisés,-12.43178,1
5207,P_NOUN_8_PASS_b,F,P,les pendules avec les claviers que j' aime beaucoup ne sont probablement pas cachées <eos>,13,cachées,cachés,11,M,cachées,-7.6997886,cachés,-9.052425,1
5208,P_NOUN_8_PASS_b,F,P,les pendules avec les claviers que j' aime beaucoup ne sont probablement pas cassées <eos>,13,cassées,cassés,11,M,cassées,-8.872659,cassés,-10.69766,1
5209,P_NOUN_8_PASS_b,F,P,les pendules avec les claviers que j' aime beaucoup ne sont probablement pas couvertes <eos>,13,couvertes,couverts,11,M,couvertes,-7.9553156,couverts,-9.401365,1
5210,P_NOUN_8_PASS_b,F,P,les pendules avec les claviers que j' aime beaucoup ne sont probablement pas déformées <eos>,13,déformées,déformés,11,M,déformées,-7.491545,déformés,-12.990723,1
5211,P_NOUN_8_PASS_b,F,P,les pendules avec les claviers que j' aime beaucoup ne sont probablement pas fixées <eos>,13,fixées,fixés,11,M,fixées,-7.9700994,fixés,-9.314909,1
5212,P_NOUN_8_PASS_b,F,P,les pendules avec les claviers que j' aime beaucoup ne sont probablement pas jetées <eos>,13,jetées,jetés,11,M,jetées,-9.447661,jetés,-10.099607,1
5213,P_NOUN_8_PASS_b,F,P,les pendules avec les claviers que j' aime beaucoup ne sont probablement pas laissées <eos>,13,laissées,laissés,11,M,laissées,-8.075338,laissés,-10.501606,1
5214,P_NOUN_8_PASS_b,F,P,les pendules avec les claviers que j' aime beaucoup ne sont probablement pas ouvertes <eos>,13,ouvertes,ouverts,11,M,ouvertes,-7.249823,ouverts,-9.261507,1
5215,P_NOUN_8_PASS_b,F,P,les pendules avec les claviers que j' aime beaucoup ne sont probablement pas perdues <eos>,13,perdues,perdus,11,M,perdues,-7.634794,perdus,-9.012323,1
5216,P_NOUN_8_PASS_b,F,P,les pendules avec les claviers que j' aime beaucoup ne sont probablement pas réparées <eos>,13,réparées,réparés,11,M,réparées,-8.880945,réparés,-12.700356,1
5217,P_NOUN_8_PASS_b,F,P,les pendules avec les claviers que j' aime beaucoup ne sont probablement pas retirées <eos>,13,retirées,retirés,11,M,retirées,-7.7944574,retirés,-10.544823,1
5218,P_NOUN_8_PASS_b,F,P,les pendules avec les claviers que j' aime beaucoup ne sont probablement pas tombées <eos>,13,tombées,tombés,11,M,tombées,-8.23475,tombés,-9.790625,1
5219,P_NOUN_8_PASS_b,F,P,les pendules avec les claviers que j' aime beaucoup ne sont probablement pas utilisées <eos>,13,utilisées,utilisés,11,M,utilisées,-4.92095,utilisés,-6.587927,1
5220,P_NOUN_8_PASS_b,F,P,les pendules avec les raisins que j' aime beaucoup ne sont probablement pas achetées <eos>,13,achetées,achetés,11,M,achetées,-9.743904,achetés,-9.135476,0
5221,P_NOUN_8_PASS_b,F,P,les pendules avec les raisins que j' aime beaucoup ne sont probablement pas brisées <eos>,13,brisées,brisés,11,M,brisées,-9.512182,brisés,-12.764833,1
5222,P_NOUN_8_PASS_b,F,P,les pendules avec les raisins que j' aime beaucoup ne sont probablement pas cachées <eos>,13,cachées,cachés,11,M,cachées,-8.053944,cachés,-8.847343,1
5223,P_NOUN_8_PASS_b,F,P,les pendules avec les raisins que j' aime beaucoup ne sont probablement pas cassées <eos>,13,cassées,cassés,11,M,cassées,-8.763874,cassés,-8.875273,1
5224,P_NOUN_8_PASS_b,F,P,les pendules avec les raisins que j' aime beaucoup ne sont probablement pas couvertes <eos>,13,couvertes,couverts,11,M,couvertes,-7.4510555,couverts,-7.9987,1
5225,P_NOUN_8_PASS_b,F,P,les pendules avec les raisins que j' aime beaucoup ne sont probablement pas déformées <eos>,13,déformées,déformés,11,M,déformées,-8.593799,déformés,-13.854901,1
5226,P_NOUN_8_PASS_b,F,P,les pendules avec les raisins que j' aime beaucoup ne sont probablement pas fixées <eos>,13,fixées,fixés,11,M,fixées,-8.266307,fixés,-9.186153,1
5227,P_NOUN_8_PASS_b,F,P,les pendules avec les raisins que j' aime beaucoup ne sont probablement pas jetées <eos>,13,jetées,jetés,11,M,jetées,-10.068456,jetés,-10.09996,1
5228,P_NOUN_8_PASS_b,F,P,les pendules avec les raisins que j' aime beaucoup ne sont probablement pas laissées <eos>,13,laissées,laissés,11,M,laissées,-7.5894814,laissés,-9.870019,1
5229,P_NOUN_8_PASS_b,F,P,les pendules avec les raisins que j' aime beaucoup ne sont probablement pas ouvertes <eos>,13,ouvertes,ouverts,11,M,ouvertes,-7.915271,ouverts,-9.5628195,1
5230,P_NOUN_8_PASS_b,F,P,les pendules avec les raisins que j' aime beaucoup ne sont probablement pas perdues <eos>,13,perdues,perdus,11,M,perdues,-8.10613,perdus,-8.909151,1
5231,P_NOUN_8_PASS_b,F,P,les pendules avec les raisins que j' aime beaucoup ne sont probablement pas réparées <eos>,13,réparées,réparés,11,M,réparées,-8.966176,réparés,-12.282329,1
5232,P_NOUN_8_PASS_b,F,P,les pendules avec les raisins que j' aime beaucoup ne sont probablement pas retirées <eos>,13,retirées,retirés,11,M,retirées,-7.5119267,retirés,-9.748479,1
5233,P_NOUN_8_PASS_b,F,P,les pendules avec les raisins que j' aime beaucoup ne sont probablement pas tombées <eos>,13,tombées,tombés,11,M,tombées,-7.4113345,tombés,-8.644099,1
5234,P_NOUN_8_PASS_b,F,P,les pendules avec les raisins que j' aime beaucoup ne sont probablement pas utilisées <eos>,13,utilisées,utilisés,11,M,utilisées,-4.8717365,utilisés,-6.069953,1
5235,P_NOUN_8_PASS_b,F,P,les pendules avec les chargeurs que j' aime beaucoup ne sont probablement pas achetées <eos>,13,achetées,achetés,11,M,achetées,-10.409026,achetés,-10.529105,1
5236,P_NOUN_8_PASS_b,F,P,les pendules avec les chargeurs que j' aime beaucoup ne sont probablement pas brisées <eos>,13,brisées,brisés,11,M,brisées,-9.281378,brisés,-12.584498,1
5237,P_NOUN_8_PASS_b,F,P,les pendules avec les chargeurs que j' aime beaucoup ne sont probablement pas cachées <eos>,13,cachées,cachés,11,M,cachées,-7.9183025,cachés,-8.243149,1
5238,P_NOUN_8_PASS_b,F,P,les pendules avec les chargeurs que j' aime beaucoup ne sont probablement pas cassées <eos>,13,cassées,cassés,11,M,cassées,-8.824264,cassés,-10.004794,1
5239,P_NOUN_8_PASS_b,F,P,les pendules avec les chargeurs que j' aime beaucoup ne sont probablement pas couvertes <eos>,13,couvertes,couverts,11,M,couvertes,-7.6449666,couverts,-8.875903,1
5240,P_NOUN_8_PASS_b,F,P,les pendules avec les chargeurs que j' aime beaucoup ne sont probablement pas déformées <eos>,13,déformées,déformés,11,M,déformées,-8.212169,déformés,-13.4259205,1
5241,P_NOUN_8_PASS_b,F,P,les pendules avec les chargeurs que j' aime beaucoup ne sont probablement pas fixées <eos>,13,fixées,fixés,11,M,fixées,-7.4222307,fixés,-8.829037,1
5242,P_NOUN_8_PASS_b,F,P,les pendules avec les chargeurs que j' aime beaucoup ne sont probablement pas jetées <eos>,13,jetées,jetés,11,M,jetées,-9.300814,jetés,-9.300343,0
5243,P_NOUN_8_PASS_b,F,P,les pendules avec les chargeurs que j' aime beaucoup ne sont probablement pas laissées <eos>,13,laissées,laissés,11,M,laissées,-8.276953,laissés,-10.662176,1
5244,P_NOUN_8_PASS_b,F,P,les pendules avec les chargeurs que j' aime beaucoup ne sont probablement pas ouvertes <eos>,13,ouvertes,ouverts,11,M,ouvertes,-7.9072514,ouverts,-9.179394,1
5245,P_NOUN_8_PASS_b,F,P,les pendules avec les chargeurs que j' aime beaucoup ne sont probablement pas perdues <eos>,13,perdues,perdus,11,M,perdues,-7.511746,perdus,-8.673307,1
5246,P_NOUN_8_PASS_b,F,P,les pendules avec les chargeurs que j' aime beaucoup ne sont probablement pas réparées <eos>,13,réparées,réparés,11,M,réparées,-8.863072,réparés,-11.815485,1
5247,P_NOUN_8_PASS_b,F,P,les pendules avec les chargeurs que j' aime beaucoup ne sont probablement pas retirées <eos>,13,retirées,retirés,11,M,retirées,-7.4002733,retirés,-9.068283,1
5248,P_NOUN_8_PASS_b,F,P,les pendules avec les chargeurs que j' aime beaucoup ne sont probablement pas tombées <eos>,13,tombées,tombés,11,M,tombées,-7.9418793,tombés,-8.449723,1
5249,P_NOUN_8_PASS_b,F,P,les pendules avec les chargeurs que j' aime beaucoup ne sont probablement pas utilisées <eos>,13,utilisées,utilisés,11,M,utilisées,-4.470658,utilisés,-5.775887,1
5250,P_NOUN_8_PASS_b,F,P,les pendules avec les vases que j' aime beaucoup ne sont probablement pas achetées <eos>,13,achetées,achetés,11,M,achetées,-10.849605,achetés,-10.311429,0
5251,P_NOUN_8_PASS_b,F,P,les pendules avec les vases que j' aime beaucoup ne sont probablement pas brisées <eos>,13,brisées,brisés,11,M,brisées,-9.226413,brisés,-12.014328,1
5252,P_NOUN_8_PASS_b,F,P,les pendules avec les vases que j' aime beaucoup ne sont probablement pas cachées <eos>,13,cachées,cachés,11,M,cachées,-7.66272,cachés,-8.866785,1
5253,P_NOUN_8_PASS_b,F,P,les pendules avec les vases que j' aime beaucoup ne sont probablement pas cassées <eos>,13,cassées,cassés,11,M,cassées,-8.429544,cassés,-9.551489,1
5254,P_NOUN_8_PASS_b,F,P,les pendules avec les vases que j' aime beaucoup ne sont probablement pas couvertes <eos>,13,couvertes,couverts,11,M,couvertes,-7.745357,couverts,-8.521313,1
5255,P_NOUN_8_PASS_b,F,P,les pendules avec les vases que j' aime beaucoup ne sont probablement pas déformées <eos>,13,déformées,déformés,11,M,déformées,-7.5266004,déformés,-12.3281555,1
5256,P_NOUN_8_PASS_b,F,P,les pendules avec les vases que j' aime beaucoup ne sont probablement pas fixées <eos>,13,fixées,fixés,11,M,fixées,-7.8026037,fixés,-9.281476,1
5257,P_NOUN_8_PASS_b,F,P,les pendules avec les vases que j' aime beaucoup ne sont probablement pas jetées <eos>,13,jetées,jetés,11,M,jetées,-9.107492,jetés,-9.225048,1
5258,P_NOUN_8_PASS_b,F,P,les pendules avec les vases que j' aime beaucoup ne sont probablement pas laissées <eos>,13,laissées,laissés,11,M,laissées,-8.057861,laissés,-9.961004,1
5259,P_NOUN_8_PASS_b,F,P,les pendules avec les vases que j' aime beaucoup ne sont probablement pas ouvertes <eos>,13,ouvertes,ouverts,11,M,ouvertes,-7.9339685,ouverts,-9.342991,1
5260,P_NOUN_8_PASS_b,F,P,les pendules avec les vases que j' aime beaucoup ne sont probablement pas perdues <eos>,13,perdues,perdus,11,M,perdues,-7.8575997,perdus,-8.556744,1
5261,P_NOUN_8_PASS_b,F,P,les pendules avec les vases que j' aime beaucoup ne sont probablement pas réparées <eos>,13,réparées,réparés,11,M,réparées,-8.805131,réparés,-12.184462,1
5262,P_NOUN_8_PASS_b,F,P,les pendules avec les vases que j' aime beaucoup ne sont probablement pas retirées <eos>,13,retirées,retirés,11,M,retirées,-7.731747,retirés,-9.932138,1
5263,P_NOUN_8_PASS_b,F,P,les pendules avec les vases que j' aime beaucoup ne sont probablement pas tombées <eos>,13,tombées,tombés,11,M,tombées,-7.5783997,tombés,-8.425846,1
5264,P_NOUN_8_PASS_b,F,P,les pendules avec les vases que j' aime beaucoup ne sont probablement pas utilisées <eos>,13,utilisées,utilisés,11,M,utilisées,-5.2022,utilisés,-6.3553333,1
5265,P_NOUN_8_PASS_b,F,P,les pendules avec les paniers que j' aime beaucoup ne sont probablement pas achetées <eos>,13,achetées,achetés,11,M,achetées,-10.723327,achetés,-10.017155,0
5266,P_NOUN_8_PASS_b,F,P,les pendules avec les paniers que j' aime beaucoup ne sont probablement pas brisées <eos>,13,brisées,brisés,11,M,brisées,-9.313228,brisés,-12.276817,1
5267,P_NOUN_8_PASS_b,F,P,les pendules avec les paniers que j' aime beaucoup ne sont probablement pas cachées <eos>,13,cachées,cachés,11,M,cachées,-7.829339,cachés,-8.442667,1
5268,P_NOUN_8_PASS_b,F,P,les pendules avec les paniers que j' aime beaucoup ne sont probablement pas cassées <eos>,13,cassées,cassés,11,M,cassées,-8.279032,cassés,-9.729046,1
5269,P_NOUN_8_PASS_b,F,P,les pendules avec les paniers que j' aime beaucoup ne sont probablement pas couvertes <eos>,13,couvertes,couverts,11,M,couvertes,-7.8248987,couverts,-8.679749,1
5270,P_NOUN_8_PASS_b,F,P,les pendules avec les paniers que j' aime beaucoup ne sont probablement pas déformées <eos>,13,déformées,déformés,11,M,déformées,-7.875024,déformés,-12.952202,1
5271,P_NOUN_8_PASS_b,F,P,les pendules avec les paniers que j' aime beaucoup ne sont probablement pas fixées <eos>,13,fixées,fixés,11,M,fixées,-7.546162,fixés,-8.893618,1
5272,P_NOUN_8_PASS_b,F,P,les pendules avec les paniers que j' aime beaucoup ne sont probablement pas jetées <eos>,13,jetées,jetés,11,M,jetées,-8.702326,jetés,-9.022934,1
5273,P_NOUN_8_PASS_b,F,P,les pendules avec les paniers que j' aime beaucoup ne sont probablement pas laissées <eos>,13,laissées,laissés,11,M,laissées,-8.491165,laissés,-10.276606,1
5274,P_NOUN_8_PASS_b,F,P,les pendules avec les paniers que j' aime beaucoup ne sont probablement pas ouvertes <eos>,13,ouvertes,ouverts,11,M,ouvertes,-7.844807,ouverts,-9.14683,1
5275,P_NOUN_8_PASS_b,F,P,les pendules avec les paniers que j' aime beaucoup ne sont probablement pas perdues <eos>,13,perdues,perdus,11,M,perdues,-7.84854,perdus,-8.616082,1
5276,P_NOUN_8_PASS_b,F,P,les pendules avec les paniers que j' aime beaucoup ne sont probablement pas réparées <eos>,13,réparées,réparés,11,M,réparées,-9.007669,réparés,-12.467594,1
5277,P_NOUN_8_PASS_b,F,P,les pendules avec les paniers que j' aime beaucoup ne sont probablement pas retirées <eos>,13,retirées,retirés,11,M,retirées,-7.5698686,retirés,-9.647473,1
5278,P_NOUN_8_PASS_b,F,P,les pendules avec les paniers que j' aime beaucoup ne sont probablement pas tombées <eos>,13,tombées,tombés,11,M,tombées,-7.809171,tombés,-8.587528,1
5279,P_NOUN_8_PASS_b,F,P,les pendules avec les paniers que j' aime beaucoup ne sont probablement pas utilisées <eos>,13,utilisées,utilisés,11,M,utilisées,-4.7484035,utilisés,-5.8566628,1
5280,P_NOUN_8_PASS_b,F,P,les pendules avec les colliers que j' aime beaucoup ne sont probablement pas achetées <eos>,13,achetées,achetés,11,M,achetées,-10.725002,achetés,-10.429295,0
5281,P_NOUN_8_PASS_b,F,P,les pendules avec les colliers que j' aime beaucoup ne sont probablement pas brisées <eos>,13,brisées,brisés,11,M,brisées,-9.096527,brisés,-12.10008,1
5282,P_NOUN_8_PASS_b,F,P,les pendules avec les colliers que j' aime beaucoup ne sont probablement pas cachées <eos>,13,cachées,cachés,11,M,cachées,-8.172165,cachés,-8.93977,1
5283,P_NOUN_8_PASS_b,F,P,les pendules avec les colliers que j' aime beaucoup ne sont probablement pas cassées <eos>,13,cassées,cassés,11,M,cassées,-8.208722,cassés,-9.396644,1
5284,P_NOUN_8_PASS_b,F,P,les pendules avec les colliers que j' aime beaucoup ne sont probablement pas couvertes <eos>,13,couvertes,couverts,11,M,couvertes,-7.6814275,couverts,-8.855476,1
5285,P_NOUN_8_PASS_b,F,P,les pendules avec les colliers que j' aime beaucoup ne sont probablement pas déformées <eos>,13,déformées,déformés,11,M,déformées,-7.509295,déformés,-12.827572,1
5286,P_NOUN_8_PASS_b,F,P,les pendules avec les colliers que j' aime beaucoup ne sont probablement pas fixées <eos>,13,fixées,fixés,11,M,fixées,-7.498864,fixés,-9.221642,1
5287,P_NOUN_8_PASS_b,F,P,les pendules avec les colliers que j' aime beaucoup ne sont probablement pas jetées <eos>,13,jetées,jetés,11,M,jetées,-8.787082,jetés,-9.143612,1
5288,P_NOUN_8_PASS_b,F,P,les pendules avec les colliers que j' aime beaucoup ne sont probablement pas laissées <eos>,13,laissées,laissés,11,M,laissées,-8.128898,laissés,-10.320171,1
5289,P_NOUN_8_PASS_b,F,P,les pendules avec les colliers que j' aime beaucoup ne sont probablement pas ouvertes <eos>,13,ouvertes,ouverts,11,M,ouvertes,-8.044313,ouverts,-9.569721,1
5290,P_NOUN_8_PASS_b,F,P,les pendules avec les colliers que j' aime beaucoup ne sont probablement pas perdues <eos>,13,perdues,perdus,11,M,perdues,-7.631792,perdus,-8.620643,1
5291,P_NOUN_8_PASS_b,F,P,les pendules avec les colliers que j' aime beaucoup ne sont probablement pas réparées <eos>,13,réparées,réparés,11,M,réparées,-8.700531,réparés,-12.245464,1
5292,P_NOUN_8_PASS_b,F,P,les pendules avec les colliers que j' aime beaucoup ne sont probablement pas retirées <eos>,13,retirées,retirés,11,M,retirées,-7.364609,retirés,-9.555404,1
5293,P_NOUN_8_PASS_b,F,P,les pendules avec les colliers que j' aime beaucoup ne sont probablement pas tombées <eos>,13,tombées,tombés,11,M,tombées,-7.497107,tombés,-8.567501,1
5294,P_NOUN_8_PASS_b,F,P,les pendules avec les colliers que j' aime beaucoup ne sont probablement pas utilisées <eos>,13,utilisées,utilisés,11,M,utilisées,-4.67245,utilisés,-6.066139,1
5295,P_NOUN_8_PASS_b,F,P,les pendules avec les chapeaux que j' aime beaucoup ne sont probablement pas achetées <eos>,13,achetées,achetés,11,M,achetées,-10.473331,achetés,-10.25897,0
5296,P_NOUN_8_PASS_b,F,P,les pendules avec les chapeaux que j' aime beaucoup ne sont probablement pas brisées <eos>,13,brisées,brisés,11,M,brisées,-9.373869,brisés,-12.737201,1
5297,P_NOUN_8_PASS_b,F,P,les pendules avec les chapeaux que j' aime beaucoup ne sont probablement pas cachées <eos>,13,cachées,cachés,11,M,cachées,-7.589456,cachés,-8.620192,1
5298,P_NOUN_8_PASS_b,F,P,les pendules avec les chapeaux que j' aime beaucoup ne sont probablement pas cassées <eos>,13,cassées,cassés,11,M,cassées,-8.395181,cassés,-10.239038,1
5299,P_NOUN_8_PASS_b,F,P,les pendules avec les chapeaux que j' aime beaucoup ne sont probablement pas couvertes <eos>,13,couvertes,couverts,11,M,couvertes,-7.8374443,couverts,-9.021314,1
5300,P_NOUN_8_PASS_b,F,P,les pendules avec les chapeaux que j' aime beaucoup ne sont probablement pas déformées <eos>,13,déformées,déformés,11,M,déformées,-8.05086,déformés,-13.03052,1
5301,P_NOUN_8_PASS_b,F,P,les pendules avec les chapeaux que j' aime beaucoup ne sont probablement pas fixées <eos>,13,fixées,fixés,11,M,fixées,-7.7676735,fixés,-9.389456,1
5302,P_NOUN_8_PASS_b,F,P,les pendules avec les chapeaux que j' aime beaucoup ne sont probablement pas jetées <eos>,13,jetées,jetés,11,M,jetées,-8.779745,jetés,-9.328346,1
5303,P_NOUN_8_PASS_b,F,P,les pendules avec les chapeaux que j' aime beaucoup ne sont probablement pas laissées <eos>,13,laissées,laissés,11,M,laissées,-8.372451,laissés,-10.476595,1
5304,P_NOUN_8_PASS_b,F,P,les pendules avec les chapeaux que j' aime beaucoup ne sont probablement pas ouvertes <eos>,13,ouvertes,ouverts,11,M,ouvertes,-7.8252,ouverts,-9.412319,1
5305,P_NOUN_8_PASS_b,F,P,les pendules avec les chapeaux que j' aime beaucoup ne sont probablement pas perdues <eos>,13,perdues,perdus,11,M,perdues,-7.7435064,perdus,-9.001198,1
5306,P_NOUN_8_PASS_b,F,P,les pendules avec les chapeaux que j' aime beaucoup ne sont probablement pas réparées <eos>,13,réparées,réparés,11,M,réparées,-9.118389,réparés,-12.789061,1
5307,P_NOUN_8_PASS_b,F,P,les pendules avec les chapeaux que j' aime beaucoup ne sont probablement pas retirées <eos>,13,retirées,retirés,11,M,retirées,-7.6420126,retirés,-10.067317,1
5308,P_NOUN_8_PASS_b,F,P,les pendules avec les chapeaux que j' aime beaucoup ne sont probablement pas tombées <eos>,13,tombées,tombés,11,M,tombées,-7.7411995,tombés,-8.474167,1
5309,P_NOUN_8_PASS_b,F,P,les pendules avec les chapeaux que j' aime beaucoup ne sont probablement pas utilisées <eos>,13,utilisées,utilisés,11,M,utilisées,-5.010937,utilisés,-6.396748,1
5310,P_NOUN_8_PASS_b,F,P,les pendules avec les pots que j' aime beaucoup ne sont probablement pas achetées <eos>,13,achetées,achetés,11,M,achetées,-10.3414,achetés,-9.735343,0
5311,P_NOUN_8_PASS_b,F,P,les pendules avec les pots que j' aime beaucoup ne sont probablement pas brisées <eos>,13,brisées,brisés,11,M,brisées,-9.213617,brisés,-11.80643,1
5312,P_NOUN_8_PASS_b,F,P,les pendules avec les pots que j' aime beaucoup ne sont probablement pas cachées <eos>,13,cachées,cachés,11,M,cachées,-8.278006,cachés,-8.491199,1
5313,P_NOUN_8_PASS_b,F,P,les pendules avec les pots que j' aime beaucoup ne sont probablement pas cassées <eos>,13,cassées,cassés,11,M,cassées,-8.121944,cassés,-9.204207,1
5314,P_NOUN_8_PASS_b,F,P,les pendules avec les pots que j' aime beaucoup ne sont probablement pas couvertes <eos>,13,couvertes,couverts,11,M,couvertes,-7.626988,couverts,-8.117531,1
5315,P_NOUN_8_PASS_b,F,P,les pendules avec les pots que j' aime beaucoup ne sont probablement pas déformées <eos>,13,déformées,déformés,11,M,déformées,-7.7210946,déformés,-12.833222,1
5316,P_NOUN_8_PASS_b,F,P,les pendules avec les pots que j' aime beaucoup ne sont probablement pas fixées <eos>,13,fixées,fixés,11,M,fixées,-7.639723,fixés,-8.768323,1
5317,P_NOUN_8_PASS_b,F,P,les pendules avec les pots que j' aime beaucoup ne sont probablement pas jetées <eos>,13,jetées,jetés,11,M,jetées,-8.909761,jetés,-8.815241,0
5318,P_NOUN_8_PASS_b,F,P,les pendules avec les pots que j' aime beaucoup ne sont probablement pas laissées <eos>,13,laissées,laissés,11,M,laissées,-7.8271184,laissés,-9.968964,1
5319,P_NOUN_8_PASS_b,F,P,les pendules avec les pots que j' aime beaucoup ne sont probablement pas ouvertes <eos>,13,ouvertes,ouverts,11,M,ouvertes,-7.7076445,ouverts,-8.718372,1
5320,P_NOUN_8_PASS_b,F,P,les pendules avec les pots que j' aime beaucoup ne sont probablement pas perdues <eos>,13,perdues,perdus,11,M,perdues,-7.8643227,perdus,-8.196454,1
5321,P_NOUN_8_PASS_b,F,P,les pendules avec les pots que j' aime beaucoup ne sont probablement pas réparées <eos>,13,réparées,réparés,11,M,réparées,-8.510093,réparés,-11.712718,1
5322,P_NOUN_8_PASS_b,F,P,les pendules avec les pots que j' aime beaucoup ne sont probablement pas retirées <eos>,13,retirées,retirés,11,M,retirées,-7.366828,retirés,-9.248223,1
5323,P_NOUN_8_PASS_b,F,P,les pendules avec les pots que j' aime beaucoup ne sont probablement pas tombées <eos>,13,tombées,tombés,11,M,tombées,-7.7333665,tombés,-8.181594,1
5324,P_NOUN_8_PASS_b,F,P,les pendules avec les pots que j' aime beaucoup ne sont probablement pas utilisées <eos>,13,utilisées,utilisés,11,M,utilisées,-4.779974,utilisés,-5.6560993,1
5325,P_NOUN_8_PASS_b,F,P,les pendules avec les coussins que j' aime beaucoup ne sont probablement pas achetées <eos>,13,achetées,achetés,11,M,achetées,-10.41958,achetés,-10.535829,1
5326,P_NOUN_8_PASS_b,F,P,les pendules avec les coussins que j' aime beaucoup ne sont probablement pas brisées <eos>,13,brisées,brisés,11,M,brisées,-8.828065,brisés,-12.216835,1
5327,P_NOUN_8_PASS_b,F,P,les pendules avec les coussins que j' aime beaucoup ne sont probablement pas cachées <eos>,13,cachées,cachés,11,M,cachées,-7.7421875,cachés,-8.888314,1
5328,P_NOUN_8_PASS_b,F,P,les pendules avec les coussins que j' aime beaucoup ne sont probablement pas cassées <eos>,13,cassées,cassés,11,M,cassées,-7.797494,cassés,-10.062735,1
5329,P_NOUN_8_PASS_b,F,P,les pendules avec les coussins que j' aime beaucoup ne sont probablement pas couvertes <eos>,13,couvertes,couverts,11,M,couvertes,-7.3896847,couverts,-9.064795,1
5330,P_NOUN_8_PASS_b,F,P,les pendules avec les coussins que j' aime beaucoup ne sont probablement pas déformées <eos>,13,déformées,déformés,11,M,déformées,-7.381027,déformés,-12.861835,1
5331,P_NOUN_8_PASS_b,F,P,les pendules avec les coussins que j' aime beaucoup ne sont probablement pas fixées <eos>,13,fixées,fixés,11,M,fixées,-7.2876835,fixés,-9.152105,1
5332,P_NOUN_8_PASS_b,F,P,les pendules avec les coussins que j' aime beaucoup ne sont probablement pas jetées <eos>,13,jetées,jetés,11,M,jetées,-8.121121,jetés,-9.269428,1
5333,P_NOUN_8_PASS_b,F,P,les pendules avec les coussins que j' aime beaucoup ne sont probablement pas laissées <eos>,13,laissées,laissés,11,M,laissées,-7.847578,laissés,-10.553549,1
5334,P_NOUN_8_PASS_b,F,P,les pendules avec les coussins que j' aime beaucoup ne sont probablement pas ouvertes <eos>,13,ouvertes,ouverts,11,M,ouvertes,-7.248699,ouverts,-8.945926,1
5335,P_NOUN_8_PASS_b,F,P,les pendules avec les coussins que j' aime beaucoup ne sont probablement pas perdues <eos>,13,perdues,perdus,11,M,perdues,-7.5855684,perdus,-8.735292,1
5336,P_NOUN_8_PASS_b,F,P,les pendules avec les coussins que j' aime beaucoup ne sont probablement pas réparées <eos>,13,réparées,réparés,11,M,réparées,-8.212882,réparés,-12.119182,1
5337,P_NOUN_8_PASS_b,F,P,les pendules avec les coussins que j' aime beaucoup ne sont probablement pas retirées <eos>,13,retirées,retirés,11,M,retirées,-7.227369,retirés,-9.908731,1
5338,P_NOUN_8_PASS_b,F,P,les pendules avec les coussins que j' aime beaucoup ne sont probablement pas tombées <eos>,13,tombées,tombés,11,M,tombées,-7.6967406,tombés,-9.220844,1
5339,P_NOUN_8_PASS_b,F,P,les pendules avec les coussins que j' aime beaucoup ne sont probablement pas utilisées <eos>,13,utilisées,utilisés,11,M,utilisées,-4.6131115,utilisés,-6.3375998,1
5340,P_NOUN_8_PASS_b,F,P,les pendules avec les jouets que j' aime beaucoup ne sont probablement pas achetées <eos>,13,achetées,achetés,11,M,achetées,-10.587049,achetés,-9.86125,0
5341,P_NOUN_8_PASS_b,F,P,les pendules avec les jouets que j' aime beaucoup ne sont probablement pas brisées <eos>,13,brisées,brisés,11,M,brisées,-9.74811,brisés,-12.535756,1
5342,P_NOUN_8_PASS_b,F,P,les pendules avec les jouets que j' aime beaucoup ne sont probablement pas cachées <eos>,13,cachées,cachés,11,M,cachées,-7.6222777,cachés,-8.171875,1
5343,P_NOUN_8_PASS_b,F,P,les pendules avec les jouets que j' aime beaucoup ne sont probablement pas cassées <eos>,13,cassées,cassés,11,M,cassées,-9.260059,cassés,-10.152283,1
5344,P_NOUN_8_PASS_b,F,P,les pendules avec les jouets que j' aime beaucoup ne sont probablement pas couvertes <eos>,13,couvertes,couverts,11,M,couvertes,-8.348993,couverts,-9.039667,1
5345,P_NOUN_8_PASS_b,F,P,les pendules avec les jouets que j' aime beaucoup ne sont probablement pas déformées <eos>,13,déformées,déformés,11,M,déformées,-8.434986,déformés,-12.534128,1
5346,P_NOUN_8_PASS_b,F,P,les pendules avec les jouets que j' aime beaucoup ne sont probablement pas fixées <eos>,13,fixées,fixés,11,M,fixées,-8.630968,fixés,-9.237887,1
5347,P_NOUN_8_PASS_b,F,P,les pendules avec les jouets que j' aime beaucoup ne sont probablement pas jetées <eos>,13,jetées,jetés,11,M,jetées,-9.420693,jetés,-9.34007,0
5348,P_NOUN_8_PASS_b,F,P,les pendules avec les jouets que j' aime beaucoup ne sont probablement pas laissées <eos>,13,laissées,laissés,11,M,laissées,-8.786556,laissés,-9.969986,1
5349,P_NOUN_8_PASS_b,F,P,les pendules avec les jouets que j' aime beaucoup ne sont probablement pas ouvertes <eos>,13,ouvertes,ouverts,11,M,ouvertes,-8.053823,ouverts,-8.8993225,1
5350,P_NOUN_8_PASS_b,F,P,les pendules avec les jouets que j' aime beaucoup ne sont probablement pas perdues <eos>,13,perdues,perdus,11,M,perdues,-8.229533,perdus,-8.582595,1
5351,P_NOUN_8_PASS_b,F,P,les pendules avec les jouets que j' aime beaucoup ne sont probablement pas réparées <eos>,13,réparées,réparés,11,M,réparées,-9.350968,réparés,-12.435382,1
5352,P_NOUN_8_PASS_b,F,P,les pendules avec les jouets que j' aime beaucoup ne sont probablement pas retirées <eos>,13,retirées,retirés,11,M,retirées,-8.159611,retirés,-10.294743,1
5353,P_NOUN_8_PASS_b,F,P,les pendules avec les jouets que j' aime beaucoup ne sont probablement pas tombées <eos>,13,tombées,tombés,11,M,tombées,-8.158881,tombés,-8.725989,1
5354,P_NOUN_8_PASS_b,F,P,les pendules avec les jouets que j' aime beaucoup ne sont probablement pas utilisées <eos>,13,utilisées,utilisés,11,M,utilisées,-5.6636915,utilisés,-6.6194754,1
5355,P_NOUN_8_PASS_b,F,P,les pendules avec les clous que j' aime beaucoup ne sont probablement pas achetées <eos>,13,achetées,achetés,11,M,achetées,-10.516241,achetés,-10.3209915,0
5356,P_NOUN_8_PASS_b,F,P,les pendules avec les clous que j' aime beaucoup ne sont probablement pas brisées <eos>,13,brisées,brisés,11,M,brisées,-9.062738,brisés,-12.148385,1
5357,P_NOUN_8_PASS_b,F,P,les pendules avec les clous que j' aime beaucoup ne sont probablement pas cachées <eos>,13,cachées,cachés,11,M,cachées,-7.66179,cachés,-8.530972,1
5358,P_NOUN_8_PASS_b,F,P,les pendules avec les clous que j' aime beaucoup ne sont probablement pas cassées <eos>,13,cassées,cassés,11,M,cassées,-8.297241,cassés,-9.66975,1
5359,P_NOUN_8_PASS_b,F,P,les pendules avec les clous que j' aime beaucoup ne sont probablement pas couvertes <eos>,13,couvertes,couverts,11,M,couvertes,-7.486269,couverts,-8.722599,1
5360,P_NOUN_8_PASS_b,F,P,les pendules avec les clous que j' aime beaucoup ne sont probablement pas déformées <eos>,13,déformées,déformés,11,M,déformées,-7.9143357,déformés,-13.051212,1
5361,P_NOUN_8_PASS_b,F,P,les pendules avec les clous que j' aime beaucoup ne sont probablement pas fixées <eos>,13,fixées,fixés,11,M,fixées,-7.545012,fixés,-9.127208,1
5362,P_NOUN_8_PASS_b,F,P,les pendules avec les clous que j' aime beaucoup ne sont probablement pas jetées <eos>,13,jetées,jetés,11,M,jetées,-8.629734,jetés,-8.872068,1
5363,P_NOUN_8_PASS_b,F,P,les pendules avec les clous que j' aime beaucoup ne sont probablement pas laissées <eos>,13,laissées,laissés,11,M,laissées,-8.180802,laissés,-10.1354685,1
5364,P_NOUN_8_PASS_b,F,P,les pendules avec les clous que j' aime beaucoup ne sont probablement pas ouvertes <eos>,13,ouvertes,ouverts,11,M,ouvertes,-7.6267414,ouverts,-9.420195,1
5365,P_NOUN_8_PASS_b,F,P,les pendules avec les clous que j' aime beaucoup ne sont probablement pas perdues <eos>,13,perdues,perdus,11,M,perdues,-7.4498034,perdus,-8.664399,1
5366,P_NOUN_8_PASS_b,F,P,les pendules avec les clous que j' aime beaucoup ne sont probablement pas réparées <eos>,13,réparées,réparés,11,M,réparées,-8.381216,réparés,-11.83852,1
5367,P_NOUN_8_PASS_b,F,P,les pendules avec les clous que j' aime beaucoup ne sont probablement pas retirées <eos>,13,retirées,retirés,11,M,retirées,-7.1649075,retirés,-9.687955,1
5368,P_NOUN_8_PASS_b,F,P,les pendules avec les clous que j' aime beaucoup ne sont probablement pas tombées <eos>,13,tombées,tombés,11,M,tombées,-7.358944,tombés,-8.454924,1
5369,P_NOUN_8_PASS_b,F,P,les pendules avec les clous que j' aime beaucoup ne sont probablement pas utilisées <eos>,13,utilisées,utilisés,11,M,utilisées,-4.680956,utilisés,-6.0601683,1
5370,P_NOUN_8_PASS_b,F,P,les pendules avec les billets que j' aime beaucoup ne sont probablement pas achetées <eos>,13,achetées,achetés,11,M,achetées,-9.558506,achetés,-9.626565,1
5371,P_NOUN_8_PASS_b,F,P,les pendules avec les billets que j' aime beaucoup ne sont probablement pas brisées <eos>,13,brisées,brisés,11,M,brisées,-9.245079,brisés,-12.916649,1
5372,P_NOUN_8_PASS_b,F,P,les pendules avec les billets que j' aime beaucoup ne sont probablement pas cachées <eos>,13,cachées,cachés,11,M,cachées,-8.4477415,cachés,-8.1763525,0
5373,P_NOUN_8_PASS_b,F,P,les pendules avec les billets que j' aime beaucoup ne sont probablement pas cassées <eos>,13,cassées,cassés,11,M,cassées,-9.150757,cassés,-10.218813,1
5374,P_NOUN_8_PASS_b,F,P,les pendules avec les billets que j' aime beaucoup ne sont probablement pas couvertes <eos>,13,couvertes,couverts,11,M,couvertes,-8.554948,couverts,-9.105146,1
5375,P_NOUN_8_PASS_b,F,P,les pendules avec les billets que j' aime beaucoup ne sont probablement pas déformées <eos>,13,déformées,déformés,11,M,déformées,-8.484833,déformés,-13.69959,1
5376,P_NOUN_8_PASS_b,F,P,les pendules avec les billets que j' aime beaucoup ne sont probablement pas fixées <eos>,13,fixées,fixés,11,M,fixées,-7.704523,fixés,-8.614193,1
5377,P_NOUN_8_PASS_b,F,P,les pendules avec les billets que j' aime beaucoup ne sont probablement pas jetées <eos>,13,jetées,jetés,11,M,jetées,-8.8541155,jetés,-8.735966,0
5378,P_NOUN_8_PASS_b,F,P,les pendules avec les billets que j' aime beaucoup ne sont probablement pas laissées <eos>,13,laissées,laissés,11,M,laissées,-8.4405985,laissés,-10.499934,1
5379,P_NOUN_8_PASS_b,F,P,les pendules avec les billets que j' aime beaucoup ne sont probablement pas ouvertes <eos>,13,ouvertes,ouverts,11,M,ouvertes,-8.496248,ouverts,-9.306987,1
5380,P_NOUN_8_PASS_b,F,P,les pendules avec les billets que j' aime beaucoup ne sont probablement pas perdues <eos>,13,perdues,perdus,11,M,perdues,-7.3142977,perdus,-8.312029,1
5381,P_NOUN_8_PASS_b,F,P,les pendules avec les billets que j' aime beaucoup ne sont probablement pas réparées <eos>,13,réparées,réparés,11,M,réparées,-9.5486965,réparés,-12.64082,1
5382,P_NOUN_8_PASS_b,F,P,les pendules avec les billets que j' aime beaucoup ne sont probablement pas retirées <eos>,13,retirées,retirés,11,M,retirées,-7.616765,retirés,-9.375359,1
5383,P_NOUN_8_PASS_b,F,P,les pendules avec les billets que j' aime beaucoup ne sont probablement pas tombées <eos>,13,tombées,tombés,11,M,tombées,-8.026494,tombés,-8.557849,1
5384,P_NOUN_8_PASS_b,F,P,les pendules avec les billets que j' aime beaucoup ne sont probablement pas utilisées <eos>,13,utilisées,utilisés,11,M,utilisées,-5.185804,utilisés,-6.2699313,1
5385,P_NOUN_8_PASS_b,F,P,les pendules avec les légumes que j' aime beaucoup ne sont probablement pas achetées <eos>,13,achetées,achetés,11,M,achetées,-10.126326,achetés,-9.623525,0
5386,P_NOUN_8_PASS_b,F,P,les pendules avec les légumes que j' aime beaucoup ne sont probablement pas brisées <eos>,13,brisées,brisés,11,M,brisées,-9.372644,brisés,-12.547581,1
5387,P_NOUN_8_PASS_b,F,P,les pendules avec les légumes que j' aime beaucoup ne sont probablement pas cachées <eos>,13,cachées,cachés,11,M,cachées,-8.138866,cachés,-8.849291,1
5388,P_NOUN_8_PASS_b,F,P,les pendules avec les légumes que j' aime beaucoup ne sont probablement pas cassées <eos>,13,cassées,cassés,11,M,cassées,-8.639975,cassés,-9.289015,1
5389,P_NOUN_8_PASS_b,F,P,les pendules avec les légumes que j' aime beaucoup ne sont probablement pas couvertes <eos>,13,couvertes,couverts,11,M,couvertes,-7.6185036,couverts,-8.435146,1
5390,P_NOUN_8_PASS_b,F,P,les pendules avec les légumes que j' aime beaucoup ne sont probablement pas déformées <eos>,13,déformées,déformés,11,M,déformées,-8.542616,déformés,-13.487297,1
5391,P_NOUN_8_PASS_b,F,P,les pendules avec les légumes que j' aime beaucoup ne sont probablement pas fixées <eos>,13,fixées,fixés,11,M,fixées,-8.348079,fixés,-9.400552,1
5392,P_NOUN_8_PASS_b,F,P,les pendules avec les légumes que j' aime beaucoup ne sont probablement pas jetées <eos>,13,jetées,jetés,11,M,jetées,-8.854551,jetés,-9.64201,1
5393,P_NOUN_8_PASS_b,F,P,les pendules avec les légumes que j' aime beaucoup ne sont probablement pas laissées <eos>,13,laissées,laissés,11,M,laissées,-7.858603,laissés,-9.792942,1
5394,P_NOUN_8_PASS_b,F,P,les pendules avec les légumes que j' aime beaucoup ne sont probablement pas ouvertes <eos>,13,ouvertes,ouverts,11,M,ouvertes,-7.9551563,ouverts,-9.280887,1
5395,P_NOUN_8_PASS_b,F,P,les pendules avec les légumes que j' aime beaucoup ne sont probablement pas perdues <eos>,13,perdues,perdus,11,M,perdues,-7.9874372,perdus,-8.864746,1
5396,P_NOUN_8_PASS_b,F,P,les pendules avec les légumes que j' aime beaucoup ne sont probablement pas réparées <eos>,13,réparées,réparés,11,M,réparées,-9.134209,réparés,-12.279317,1
5397,P_NOUN_8_PASS_b,F,P,les pendules avec les légumes que j' aime beaucoup ne sont probablement pas retirées <eos>,13,retirées,retirés,11,M,retirées,-7.9103274,retirés,-9.670517,1
5398,P_NOUN_8_PASS_b,F,P,les pendules avec les légumes que j' aime beaucoup ne sont probablement pas tombées <eos>,13,tombées,tombés,11,M,tombées,-7.5952644,tombés,-8.473395,1
5399,P_NOUN_8_PASS_b,F,P,les pendules avec les légumes que j' aime beaucoup ne sont probablement pas utilisées <eos>,13,utilisées,utilisés,11,M,utilisées,-5.0313516,utilisés,-6.3766503,1
5400,P_NOUN_8_PASS_b,F,P,les cloches avec les bracelets que j' aime beaucoup ne sont probablement pas achetées <eos>,13,achetées,achetés,11,M,achetées,-10.115398,achetés,-10.393179,1
5401,P_NOUN_8_PASS_b,F,P,les cloches avec les bracelets que j' aime beaucoup ne sont probablement pas brisées <eos>,13,brisées,brisés,11,M,brisées,-9.003811,brisés,-12.028254,1
5402,P_NOUN_8_PASS_b,F,P,les cloches avec les bracelets que j' aime beaucoup ne sont probablement pas cachées <eos>,13,cachées,cachés,11,M,cachées,-7.646968,cachés,-8.983192,1
5403,P_NOUN_8_PASS_b,F,P,les cloches avec les bracelets que j' aime beaucoup ne sont probablement pas cassées <eos>,13,cassées,cassés,11,M,cassées,-8.350504,cassés,-9.82045,1
5404,P_NOUN_8_PASS_b,F,P,les cloches avec les bracelets que j' aime beaucoup ne sont probablement pas couvertes <eos>,13,couvertes,couverts,11,M,couvertes,-8.009386,couverts,-8.4588785,1
5405,P_NOUN_8_PASS_b,F,P,les cloches avec les bracelets que j' aime beaucoup ne sont probablement pas déformées <eos>,13,déformées,déformés,11,M,déformées,-8.761213,déformés,-13.230084,1
5406,P_NOUN_8_PASS_b,F,P,les cloches avec les bracelets que j' aime beaucoup ne sont probablement pas fixées <eos>,13,fixées,fixés,11,M,fixées,-8.2783375,fixés,-9.907102,1
5407,P_NOUN_8_PASS_b,F,P,les cloches avec les bracelets que j' aime beaucoup ne sont probablement pas jetées <eos>,13,jetées,jetés,11,M,jetées,-8.332779,jetés,-8.820003,1
5408,P_NOUN_8_PASS_b,F,P,les cloches avec les bracelets que j' aime beaucoup ne sont probablement pas laissées <eos>,13,laissées,laissés,11,M,laissées,-8.614967,laissés,-9.673387,1
5409,P_NOUN_8_PASS_b,F,P,les cloches avec les bracelets que j' aime beaucoup ne sont probablement pas ouvertes <eos>,13,ouvertes,ouverts,11,M,ouvertes,-7.8817797,ouverts,-9.682765,1
5410,P_NOUN_8_PASS_b,F,P,les cloches avec les bracelets que j' aime beaucoup ne sont probablement pas perdues <eos>,13,perdues,perdus,11,M,perdues,-7.1556606,perdus,-8.279008,1
5411,P_NOUN_8_PASS_b,F,P,les cloches avec les bracelets que j' aime beaucoup ne sont probablement pas réparées <eos>,13,réparées,réparés,11,M,réparées,-8.832216,réparés,-11.6151,1
5412,P_NOUN_8_PASS_b,F,P,les cloches avec les bracelets que j' aime beaucoup ne sont probablement pas retirées <eos>,13,retirées,retirés,11,M,retirées,-7.8802743,retirés,-9.460783,1
5413,P_NOUN_8_PASS_b,F,P,les cloches avec les bracelets que j' aime beaucoup ne sont probablement pas tombées <eos>,13,tombées,tombés,11,M,tombées,-7.4073744,tombés,-6.5023546,0
5414,P_NOUN_8_PASS_b,F,P,les cloches avec les bracelets que j' aime beaucoup ne sont probablement pas utilisées <eos>,13,utilisées,utilisés,11,M,utilisées,-5.2527137,utilisés,-6.376184,1
5415,P_NOUN_8_PASS_b,F,P,les cloches avec les miroirs que j' aime beaucoup ne sont probablement pas achetées <eos>,13,achetées,achetés,11,M,achetées,-10.855812,achetés,-10.704234,0
5416,P_NOUN_8_PASS_b,F,P,les cloches avec les miroirs que j' aime beaucoup ne sont probablement pas brisées <eos>,13,brisées,brisés,11,M,brisées,-8.971422,brisés,-11.644918,1
5417,P_NOUN_8_PASS_b,F,P,les cloches avec les miroirs que j' aime beaucoup ne sont probablement pas cachées <eos>,13,cachées,cachés,11,M,cachées,-7.5160017,cachés,-8.970826,1
5418,P_NOUN_8_PASS_b,F,P,les cloches avec les miroirs que j' aime beaucoup ne sont probablement pas cassées <eos>,13,cassées,cassés,11,M,cassées,-8.542751,cassés,-10.006126,1
5419,P_NOUN_8_PASS_b,F,P,les cloches avec les miroirs que j' aime beaucoup ne sont probablement pas couvertes <eos>,13,couvertes,couverts,11,M,couvertes,-7.621995,couverts,-8.296858,1
5420,P_NOUN_8_PASS_b,F,P,les cloches avec les miroirs que j' aime beaucoup ne sont probablement pas déformées <eos>,13,déformées,déformés,11,M,déformées,-8.015702,déformés,-12.3722105,1
5421,P_NOUN_8_PASS_b,F,P,les cloches avec les miroirs que j' aime beaucoup ne sont probablement pas fixées <eos>,13,fixées,fixés,11,M,fixées,-8.442919,fixés,-9.798959,1
5422,P_NOUN_8_PASS_b,F,P,les cloches avec les miroirs que j' aime beaucoup ne sont probablement pas jetées <eos>,13,jetées,jetés,11,M,jetées,-8.655377,jetés,-8.920033,1
5423,P_NOUN_8_PASS_b,F,P,les cloches avec les miroirs que j' aime beaucoup ne sont probablement pas laissées <eos>,13,laissées,laissés,11,M,laissées,-8.539994,laissés,-9.895958,1
5424,P_NOUN_8_PASS_b,F,P,les cloches avec les miroirs que j' aime beaucoup ne sont probablement pas ouvertes <eos>,13,ouvertes,ouverts,11,M,ouvertes,-7.4734106,ouverts,-8.958006,1
5425,P_NOUN_8_PASS_b,F,P,les cloches avec les miroirs que j' aime beaucoup ne sont probablement pas perdues <eos>,13,perdues,perdus,11,M,perdues,-7.1079206,perdus,-7.868615,1
5426,P_NOUN_8_PASS_b,F,P,les cloches avec les miroirs que j' aime beaucoup ne sont probablement pas réparées <eos>,13,réparées,réparés,11,M,réparées,-8.347866,réparés,-11.159105,1
5427,P_NOUN_8_PASS_b,F,P,les cloches avec les miroirs que j' aime beaucoup ne sont probablement pas retirées <eos>,13,retirées,retirés,11,M,retirées,-7.634032,retirés,-9.651882,1
5428,P_NOUN_8_PASS_b,F,P,les cloches avec les miroirs que j' aime beaucoup ne sont probablement pas tombées <eos>,13,tombées,tombés,11,M,tombées,-7.374954,tombés,-7.4080257,1
5429,P_NOUN_8_PASS_b,F,P,les cloches avec les miroirs que j' aime beaucoup ne sont probablement pas utilisées <eos>,13,utilisées,utilisés,11,M,utilisées,-5.276005,utilisés,-6.4296923,1
5430,P_NOUN_8_PASS_b,F,P,les cloches avec les crayons que j' aime beaucoup ne sont probablement pas achetées <eos>,13,achetées,achetés,11,M,achetées,-10.083838,achetés,-10.092759,1
5431,P_NOUN_8_PASS_b,F,P,les cloches avec les crayons que j' aime beaucoup ne sont probablement pas brisées <eos>,13,brisées,brisés,11,M,brisées,-9.439211,brisés,-12.318409,1
5432,P_NOUN_8_PASS_b,F,P,les cloches avec les crayons que j' aime beaucoup ne sont probablement pas cachées <eos>,13,cachées,cachés,11,M,cachées,-7.8469257,cachés,-8.969562,1
5433,P_NOUN_8_PASS_b,F,P,les cloches avec les crayons que j' aime beaucoup ne sont probablement pas cassées <eos>,13,cassées,cassés,11,M,cassées,-8.735603,cassés,-9.496257,1
5434,P_NOUN_8_PASS_b,F,P,les cloches avec les crayons que j' aime beaucoup ne sont probablement pas couvertes <eos>,13,couvertes,couverts,11,M,couvertes,-7.9973545,couverts,-8.045198,1
5435,P_NOUN_8_PASS_b,F,P,les cloches avec les crayons que j' aime beaucoup ne sont probablement pas déformées <eos>,13,déformées,déformés,11,M,déformées,-8.778583,déformés,-13.078833,1
5436,P_NOUN_8_PASS_b,F,P,les cloches avec les crayons que j' aime beaucoup ne sont probablement pas fixées <eos>,13,fixées,fixés,11,M,fixées,-8.853722,fixés,-10.108053,1
5437,P_NOUN_8_PASS_b,F,P,les cloches avec les crayons que j' aime beaucoup ne sont probablement pas jetées <eos>,13,jetées,jetés,11,M,jetées,-8.979172,jetés,-8.956276,0
5438,P_NOUN_8_PASS_b,F,P,les cloches avec les crayons que j' aime beaucoup ne sont probablement pas laissées <eos>,13,laissées,laissés,11,M,laissées,-8.607378,laissés,-9.518908,1
5439,P_NOUN_8_PASS_b,F,P,les cloches avec les crayons que j' aime beaucoup ne sont probablement pas ouvertes <eos>,13,ouvertes,ouverts,11,M,ouvertes,-7.960596,ouverts,-9.565619,1
5440,P_NOUN_8_PASS_b,F,P,les cloches avec les crayons que j' aime beaucoup ne sont probablement pas perdues <eos>,13,perdues,perdus,11,M,perdues,-7.1217403,perdus,-8.314492,1
5441,P_NOUN_8_PASS_b,F,P,les cloches avec les crayons que j' aime beaucoup ne sont probablement pas réparées <eos>,13,réparées,réparés,11,M,réparées,-8.526188,réparés,-11.35103,1
5442,P_NOUN_8_PASS_b,F,P,les cloches avec les crayons que j' aime beaucoup ne sont probablement pas retirées <eos>,13,retirées,retirés,11,M,retirées,-7.728711,retirés,-9.531623,1
5443,P_NOUN_8_PASS_b,F,P,les cloches avec les crayons que j' aime beaucoup ne sont probablement pas tombées <eos>,13,tombées,tombés,11,M,tombées,-7.2281523,tombés,-6.87973,0
5444,P_NOUN_8_PASS_b,F,P,les cloches avec les crayons que j' aime beaucoup ne sont probablement pas utilisées <eos>,13,utilisées,utilisés,11,M,utilisées,-5.4530697,utilisés,-6.6231394,1
5445,P_NOUN_8_PASS_b,F,P,les cloches avec les rideaux que j' aime beaucoup ne sont probablement pas achetées <eos>,13,achetées,achetés,11,M,achetées,-10.236873,achetés,-10.544209,1
5446,P_NOUN_8_PASS_b,F,P,les cloches avec les rideaux que j' aime beaucoup ne sont probablement pas brisées <eos>,13,brisées,brisés,11,M,brisées,-9.040102,brisés,-11.9870615,1
5447,P_NOUN_8_PASS_b,F,P,les cloches avec les rideaux que j' aime beaucoup ne sont probablement pas cachées <eos>,13,cachées,cachés,11,M,cachées,-7.486795,cachés,-9.137117,1
5448,P_NOUN_8_PASS_b,F,P,les cloches avec les rideaux que j' aime beaucoup ne sont probablement pas cassées <eos>,13,cassées,cassés,11,M,cassées,-8.525301,cassés,-10.001873,1
5449,P_NOUN_8_PASS_b,F,P,les cloches avec les rideaux que j' aime beaucoup ne sont probablement pas couvertes <eos>,13,couvertes,couverts,11,M,couvertes,-7.565421,couverts,-8.238429,1
5450,P_NOUN_8_PASS_b,F,P,les cloches avec les rideaux que j' aime beaucoup ne sont probablement pas déformées <eos>,13,déformées,déformés,11,M,déformées,-8.885156,déformés,-13.076261,1
5451,P_NOUN_8_PASS_b,F,P,les cloches avec les rideaux que j' aime beaucoup ne sont probablement pas fixées <eos>,13,fixées,fixés,11,M,fixées,-8.533306,fixés,-10.06939,1
5452,P_NOUN_8_PASS_b,F,P,les cloches avec les rideaux que j' aime beaucoup ne sont probablement pas jetées <eos>,13,jetées,jetés,11,M,jetées,-8.626674,jetés,-9.299771,1
5453,P_NOUN_8_PASS_b,F,P,les cloches avec les rideaux que j' aime beaucoup ne sont probablement pas laissées <eos>,13,laissées,laissés,11,M,laissées,-8.32341,laissés,-9.693863,1
5454,P_NOUN_8_PASS_b,F,P,les cloches avec les rideaux que j' aime beaucoup ne sont probablement pas ouvertes <eos>,13,ouvertes,ouverts,11,M,ouvertes,-7.4909983,ouverts,-9.415212,1
5455,P_NOUN_8_PASS_b,F,P,les cloches avec les rideaux que j' aime beaucoup ne sont probablement pas perdues <eos>,13,perdues,perdus,11,M,perdues,-7.067976,perdus,-8.301588,1
5456,P_NOUN_8_PASS_b,F,P,les cloches avec les rideaux que j' aime beaucoup ne sont probablement pas réparées <eos>,13,réparées,réparés,11,M,réparées,-8.39114,réparés,-11.304104,1
5457,P_NOUN_8_PASS_b,F,P,les cloches avec les rideaux que j' aime beaucoup ne sont probablement pas retirées <eos>,13,retirées,retirés,11,M,retirées,-7.5546694,retirés,-10.066739,1
5458,P_NOUN_8_PASS_b,F,P,les cloches avec les rideaux que j' aime beaucoup ne sont probablement pas tombées <eos>,13,tombées,tombés,11,M,tombées,-7.131094,tombés,-6.964575,0
5459,P_NOUN_8_PASS_b,F,P,les cloches avec les rideaux que j' aime beaucoup ne sont probablement pas utilisées <eos>,13,utilisées,utilisés,11,M,utilisées,-5.6380415,utilisés,-7.0525064,1
5460,P_NOUN_8_PASS_b,F,P,les cloches avec les cahiers que j' aime beaucoup ne sont probablement pas achetées <eos>,13,achetées,achetés,11,M,achetées,-10.344672,achetés,-10.501274,1
5461,P_NOUN_8_PASS_b,F,P,les cloches avec les cahiers que j' aime beaucoup ne sont probablement pas brisées <eos>,13,brisées,brisés,11,M,brisées,-9.60024,brisés,-12.468647,1
5462,P_NOUN_8_PASS_b,F,P,les cloches avec les cahiers que j' aime beaucoup ne sont probablement pas cachées <eos>,13,cachées,cachés,11,M,cachées,-7.8483257,cachés,-9.302678,1
5463,P_NOUN_8_PASS_b,F,P,les cloches avec les cahiers que j' aime beaucoup ne sont probablement pas cassées <eos>,13,cassées,cassés,11,M,cassées,-9.284102,cassés,-10.709181,1
5464,P_NOUN_8_PASS_b,F,P,les cloches avec les cahiers que j' aime beaucoup ne sont probablement pas couvertes <eos>,13,couvertes,couverts,11,M,couvertes,-8.235136,couverts,-8.665877,1
5465,P_NOUN_8_PASS_b,F,P,les cloches avec les cahiers que j' aime beaucoup ne sont probablement pas déformées <eos>,13,déformées,déformés,11,M,déformées,-8.987878,déformés,-13.387056,1
5466,P_NOUN_8_PASS_b,F,P,les cloches avec les cahiers que j' aime beaucoup ne sont probablement pas fixées <eos>,13,fixées,fixés,11,M,fixées,-9.10662,fixés,-10.828752,1
5467,P_NOUN_8_PASS_b,F,P,les cloches avec les cahiers que j' aime beaucoup ne sont probablement pas jetées <eos>,13,jetées,jetés,11,M,jetées,-9.497841,jetés,-9.916014,1
5468,P_NOUN_8_PASS_b,F,P,les cloches avec les cahiers que j' aime beaucoup ne sont probablement pas laissées <eos>,13,laissées,laissés,11,M,laissées,-8.783197,laissés,-9.924786,1
5469,P_NOUN_8_PASS_b,F,P,les cloches avec les cahiers que j' aime beaucoup ne sont probablement pas ouvertes <eos>,13,ouvertes,ouverts,11,M,ouvertes,-7.328559,ouverts,-9.327703,1
5470,P_NOUN_8_PASS_b,F,P,les cloches avec les cahiers que j' aime beaucoup ne sont probablement pas perdues <eos>,13,perdues,perdus,11,M,perdues,-6.5777445,perdus,-7.9497843,1
5471,P_NOUN_8_PASS_b,F,P,les cloches avec les cahiers que j' aime beaucoup ne sont probablement pas réparées <eos>,13,réparées,réparés,11,M,réparées,-9.049229,réparés,-11.870316,1
5472,P_NOUN_8_PASS_b,F,P,les cloches avec les cahiers que j' aime beaucoup ne sont probablement pas retirées <eos>,13,retirées,retirés,11,M,retirées,-7.8123245,retirés,-10.103967,1
5473,P_NOUN_8_PASS_b,F,P,les cloches avec les cahiers que j' aime beaucoup ne sont probablement pas tombées <eos>,13,tombées,tombés,11,M,tombées,-7.5543756,tombés,-7.295141,0
5474,P_NOUN_8_PASS_b,F,P,les cloches avec les cahiers que j' aime beaucoup ne sont probablement pas utilisées <eos>,13,utilisées,utilisés,11,M,utilisées,-5.748584,utilisés,-7.2831764,1
5475,P_NOUN_8_PASS_b,F,P,les cloches avec les micros que j' aime beaucoup ne sont probablement pas achetées <eos>,13,achetées,achetés,11,M,achetées,-10.494351,achetés,-10.7580595,1
5476,P_NOUN_8_PASS_b,F,P,les cloches avec les micros que j' aime beaucoup ne sont probablement pas brisées <eos>,13,brisées,brisés,11,M,brisées,-8.871548,brisés,-11.846173,1
5477,P_NOUN_8_PASS_b,F,P,les cloches avec les micros que j' aime beaucoup ne sont probablement pas cachées <eos>,13,cachées,cachés,11,M,cachées,-8.03442,cachés,-9.558635,1
5478,P_NOUN_8_PASS_b,F,P,les cloches avec les micros que j' aime beaucoup ne sont probablement pas cassées <eos>,13,cassées,cassés,11,M,cassées,-8.603229,cassés,-10.246383,1
5479,P_NOUN_8_PASS_b,F,P,les cloches avec les micros que j' aime beaucoup ne sont probablement pas couvertes <eos>,13,couvertes,couverts,11,M,couvertes,-7.553689,couverts,-8.053682,1
5480,P_NOUN_8_PASS_b,F,P,les cloches avec les micros que j' aime beaucoup ne sont probablement pas déformées <eos>,13,déformées,déformés,11,M,déformées,-8.828255,déformés,-13.297138,1
5481,P_NOUN_8_PASS_b,F,P,les cloches avec les micros que j' aime beaucoup ne sont probablement pas fixées <eos>,13,fixées,fixés,11,M,fixées,-8.257076,fixés,-9.327041,1
5482,P_NOUN_8_PASS_b,F,P,les cloches avec les micros que j' aime beaucoup ne sont probablement pas jetées <eos>,13,jetées,jetés,11,M,jetées,-8.9164505,jetés,-9.478049,1
5483,P_NOUN_8_PASS_b,F,P,les cloches avec les micros que j' aime beaucoup ne sont probablement pas laissées <eos>,13,laissées,laissés,11,M,laissées,-8.413197,laissés,-10.213629,1
5484,P_NOUN_8_PASS_b,F,P,les cloches avec les micros que j' aime beaucoup ne sont probablement pas ouvertes <eos>,13,ouvertes,ouverts,11,M,ouvertes,-7.6376157,ouverts,-9.299779,1
5485,P_NOUN_8_PASS_b,F,P,les cloches avec les micros que j' aime beaucoup ne sont probablement pas perdues <eos>,13,perdues,perdus,11,M,perdues,-7.524446,perdus,-8.4778385,1
5486,P_NOUN_8_PASS_b,F,P,les cloches avec les micros que j' aime beaucoup ne sont probablement pas réparées <eos>,13,réparées,réparés,11,M,réparées,-8.96176,réparés,-11.70459,1
5487,P_NOUN_8_PASS_b,F,P,les cloches avec les micros que j' aime beaucoup ne sont probablement pas retirées <eos>,13,retirées,retirés,11,M,retirées,-7.798792,retirés,-10.057262,1
5488,P_NOUN_8_PASS_b,F,P,les cloches avec les micros que j' aime beaucoup ne sont probablement pas tombées <eos>,13,tombées,tombés,11,M,tombées,-7.737178,tombés,-7.544239,0
5489,P_NOUN_8_PASS_b,F,P,les cloches avec les micros que j' aime beaucoup ne sont probablement pas utilisées <eos>,13,utilisées,utilisés,11,M,utilisées,-5.204594,utilisés,-6.420853,1
5490,P_NOUN_8_PASS_b,F,P,les cloches avec les sacs que j' aime beaucoup ne sont probablement pas achetées <eos>,13,achetées,achetés,11,M,achetées,-10.115798,achetés,-9.7435465,0
5491,P_NOUN_8_PASS_b,F,P,les cloches avec les sacs que j' aime beaucoup ne sont probablement pas brisées <eos>,13,brisées,brisés,11,M,brisées,-9.130341,brisés,-11.761103,1
5492,P_NOUN_8_PASS_b,F,P,les cloches avec les sacs que j' aime beaucoup ne sont probablement pas cachées <eos>,13,cachées,cachés,11,M,cachées,-7.853779,cachés,-8.729599,1
5493,P_NOUN_8_PASS_b,F,P,les cloches avec les sacs que j' aime beaucoup ne sont probablement pas cassées <eos>,13,cassées,cassés,11,M,cassées,-8.73762,cassés,-9.515102,1
5494,P_NOUN_8_PASS_b,F,P,les cloches avec les sacs que j' aime beaucoup ne sont probablement pas couvertes <eos>,13,couvertes,couverts,11,M,couvertes,-7.7223835,couverts,-7.6536484,0
5495,P_NOUN_8_PASS_b,F,P,les cloches avec les sacs que j' aime beaucoup ne sont probablement pas déformées <eos>,13,déformées,déformés,11,M,déformées,-9.438739,déformés,-13.255594,1
5496,P_NOUN_8_PASS_b,F,P,les cloches avec les sacs que j' aime beaucoup ne sont probablement pas fixées <eos>,13,fixées,fixés,11,M,fixées,-8.815951,fixés,-9.497719,1
5497,P_NOUN_8_PASS_b,F,P,les cloches avec les sacs que j' aime beaucoup ne sont probablement pas jetées <eos>,13,jetées,jetés,11,M,jetées,-8.612271,jetés,-8.525638,0
5498,P_NOUN_8_PASS_b,F,P,les cloches avec les sacs que j' aime beaucoup ne sont probablement pas laissées <eos>,13,laissées,laissés,11,M,laissées,-8.696642,laissés,-9.305359,1
5499,P_NOUN_8_PASS_b,F,P,les cloches avec les sacs que j' aime beaucoup ne sont probablement pas ouvertes <eos>,13,ouvertes,ouverts,11,M,ouvertes,-7.726809,ouverts,-9.108732,1
5500,P_NOUN_8_PASS_b,F,P,les cloches avec les sacs que j' aime beaucoup ne sont probablement pas perdues <eos>,13,perdues,perdus,11,M,perdues,-7.454468,perdus,-8.088001,1
5501,P_NOUN_8_PASS_b,F,P,les cloches avec les sacs que j' aime beaucoup ne sont probablement pas réparées <eos>,13,réparées,réparés,11,M,réparées,-8.595648,réparés,-10.937464,1
5502,P_NOUN_8_PASS_b,F,P,les cloches avec les sacs que j' aime beaucoup ne sont probablement pas retirées <eos>,13,retirées,retirés,11,M,retirées,-7.8748426,retirés,-9.363988,1
5503,P_NOUN_8_PASS_b,F,P,les cloches avec les sacs que j' aime beaucoup ne sont probablement pas tombées <eos>,13,tombées,tombés,11,M,tombées,-7.663252,tombés,-6.8049784,0
5504,P_NOUN_8_PASS_b,F,P,les cloches avec les sacs que j' aime beaucoup ne sont probablement pas utilisées <eos>,13,utilisées,utilisés,11,M,utilisées,-5.487072,utilisés,-6.363001,1
5505,P_NOUN_8_PASS_b,F,P,les cloches avec les claviers que j' aime beaucoup ne sont probablement pas achetées <eos>,13,achetées,achetés,11,M,achetées,-10.218479,achetés,-10.84436,1
5506,P_NOUN_8_PASS_b,F,P,les cloches avec les claviers que j' aime beaucoup ne sont probablement pas brisées <eos>,13,brisées,brisés,11,M,brisées,-8.711873,brisés,-11.938616,1
5507,P_NOUN_8_PASS_b,F,P,les cloches avec les claviers que j' aime beaucoup ne sont probablement pas cachées <eos>,13,cachées,cachés,11,M,cachées,-7.8461924,cachés,-9.579677,1
5508,P_NOUN_8_PASS_b,F,P,les cloches avec les claviers que j' aime beaucoup ne sont probablement pas cassées <eos>,13,cassées,cassés,11,M,cassées,-8.7709875,cassés,-10.578964,1
5509,P_NOUN_8_PASS_b,F,P,les cloches avec les claviers que j' aime beaucoup ne sont probablement pas couvertes <eos>,13,couvertes,couverts,11,M,couvertes,-7.8551636,couverts,-8.789238,1
5510,P_NOUN_8_PASS_b,F,P,les cloches avec les claviers que j' aime beaucoup ne sont probablement pas déformées <eos>,13,déformées,déformés,11,M,déformées,-8.45153,déformés,-13.222574,1
5511,P_NOUN_8_PASS_b,F,P,les cloches avec les claviers que j' aime beaucoup ne sont probablement pas fixées <eos>,13,fixées,fixés,11,M,fixées,-8.583225,fixés,-9.660971,1
5512,P_NOUN_8_PASS_b,F,P,les cloches avec les claviers que j' aime beaucoup ne sont probablement pas jetées <eos>,13,jetées,jetés,11,M,jetées,-9.268814,jetés,-9.808395,1
5513,P_NOUN_8_PASS_b,F,P,les cloches avec les claviers que j' aime beaucoup ne sont probablement pas laissées <eos>,13,laissées,laissés,11,M,laissées,-8.356197,laissés,-10.179121,1
5514,P_NOUN_8_PASS_b,F,P,les cloches avec les claviers que j' aime beaucoup ne sont probablement pas ouvertes <eos>,13,ouvertes,ouverts,11,M,ouvertes,-7.45222,ouverts,-9.566673,1
5515,P_NOUN_8_PASS_b,F,P,les cloches avec les claviers que j' aime beaucoup ne sont probablement pas perdues <eos>,13,perdues,perdus,11,M,perdues,-7.244005,perdus,-8.534834,1
5516,P_NOUN_8_PASS_b,F,P,les cloches avec les claviers que j' aime beaucoup ne sont probablement pas réparées <eos>,13,réparées,réparés,11,M,réparées,-8.828336,réparés,-11.820478,1
5517,P_NOUN_8_PASS_b,F,P,les cloches avec les claviers que j' aime beaucoup ne sont probablement pas retirées <eos>,13,retirées,retirés,11,M,retirées,-7.8485594,retirés,-10.272245,1
5518,P_NOUN_8_PASS_b,F,P,les cloches avec les claviers que j' aime beaucoup ne sont probablement pas tombées <eos>,13,tombées,tombés,11,M,tombées,-7.9817085,tombés,-8.265531,1
5519,P_NOUN_8_PASS_b,F,P,les cloches avec les claviers que j' aime beaucoup ne sont probablement pas utilisées <eos>,13,utilisées,utilisés,11,M,utilisées,-5.136491,utilisés,-6.6835546,1
5520,P_NOUN_8_PASS_b,F,P,les cloches avec les raisins que j' aime beaucoup ne sont probablement pas achetées <eos>,13,achetées,achetés,11,M,achetées,-9.206146,achetés,-9.527017,1
5521,P_NOUN_8_PASS_b,F,P,les cloches avec les raisins que j' aime beaucoup ne sont probablement pas brisées <eos>,13,brisées,brisés,11,M,brisées,-9.270523,brisés,-12.847926,1
5522,P_NOUN_8_PASS_b,F,P,les cloches avec les raisins que j' aime beaucoup ne sont probablement pas cachées <eos>,13,cachées,cachés,11,M,cachées,-7.9108047,cachés,-9.2905655,1
5523,P_NOUN_8_PASS_b,F,P,les cloches avec les raisins que j' aime beaucoup ne sont probablement pas cassées <eos>,13,cassées,cassés,11,M,cassées,-9.020391,cassés,-8.922567,0
5524,P_NOUN_8_PASS_b,F,P,les cloches avec les raisins que j' aime beaucoup ne sont probablement pas couvertes <eos>,13,couvertes,couverts,11,M,couvertes,-7.8133407,couverts,-7.571754,0
5525,P_NOUN_8_PASS_b,F,P,les cloches avec les raisins que j' aime beaucoup ne sont probablement pas déformées <eos>,13,déformées,déformés,11,M,déformées,-9.724793,déformés,-14.424843,1
5526,P_NOUN_8_PASS_b,F,P,les cloches avec les raisins que j' aime beaucoup ne sont probablement pas fixées <eos>,13,fixées,fixés,11,M,fixées,-8.7411585,fixés,-9.805153,1
5527,P_NOUN_8_PASS_b,F,P,les cloches avec les raisins que j' aime beaucoup ne sont probablement pas jetées <eos>,13,jetées,jetés,11,M,jetées,-9.711344,jetés,-9.769783,1
5528,P_NOUN_8_PASS_b,F,P,les cloches avec les raisins que j' aime beaucoup ne sont probablement pas laissées <eos>,13,laissées,laissés,11,M,laissées,-8.138538,laissés,-9.465422,1
5529,P_NOUN_8_PASS_b,F,P,les cloches avec les raisins que j' aime beaucoup ne sont probablement pas ouvertes <eos>,13,ouvertes,ouverts,11,M,ouvertes,-7.9289455,ouverts,-9.882965,1
5530,P_NOUN_8_PASS_b,F,P,les cloches avec les raisins que j' aime beaucoup ne sont probablement pas perdues <eos>,13,perdues,perdus,11,M,perdues,-7.611641,perdus,-8.894313,1
5531,P_NOUN_8_PASS_b,F,P,les cloches avec les raisins que j' aime beaucoup ne sont probablement pas réparées <eos>,13,réparées,réparés,11,M,réparées,-8.91765,réparés,-11.916493,1
5532,P_NOUN_8_PASS_b,F,P,les cloches avec les raisins que j' aime beaucoup ne sont probablement pas retirées <eos>,13,retirées,retirés,11,M,retirées,-7.789112,retirés,-9.740211,1
5533,P_NOUN_8_PASS_b,F,P,les cloches avec les raisins que j' aime beaucoup ne sont probablement pas tombées <eos>,13,tombées,tombés,11,M,tombées,-7.284794,tombés,-7.128211,0
5534,P_NOUN_8_PASS_b,F,P,les cloches avec les raisins que j' aime beaucoup ne sont probablement pas utilisées <eos>,13,utilisées,utilisés,11,M,utilisées,-5.556737,utilisés,-6.8139668,1
5535,P_NOUN_8_PASS_b,F,P,les cloches avec les chargeurs que j' aime beaucoup ne sont probablement pas achetées <eos>,13,achetées,achetés,11,M,achetées,-9.529992,achetés,-10.339602,1
5536,P_NOUN_8_PASS_b,F,P,les cloches avec les chargeurs que j' aime beaucoup ne sont probablement pas brisées <eos>,13,brisées,brisés,11,M,brisées,-8.755794,brisés,-12.07883,1
5537,P_NOUN_8_PASS_b,F,P,les cloches avec les chargeurs que j' aime beaucoup ne sont probablement pas cachées <eos>,13,cachées,cachés,11,M,cachées,-8.09122,cachés,-8.968084,1
5538,P_NOUN_8_PASS_b,F,P,les cloches avec les chargeurs que j' aime beaucoup ne sont probablement pas cassées <eos>,13,cassées,cassés,11,M,cassées,-8.816684,cassés,-9.505487,1
5539,P_NOUN_8_PASS_b,F,P,les cloches avec les chargeurs que j' aime beaucoup ne sont probablement pas couvertes <eos>,13,couvertes,couverts,11,M,couvertes,-7.4847064,couverts,-8.047178,1
5540,P_NOUN_8_PASS_b,F,P,les cloches avec les chargeurs que j' aime beaucoup ne sont probablement pas déformées <eos>,13,déformées,déformés,11,M,déformées,-9.345882,déformés,-13.959114,1
5541,P_NOUN_8_PASS_b,F,P,les cloches avec les chargeurs que j' aime beaucoup ne sont probablement pas fixées <eos>,13,fixées,fixés,11,M,fixées,-8.187099,fixés,-9.390212,1
5542,P_NOUN_8_PASS_b,F,P,les cloches avec les chargeurs que j' aime beaucoup ne sont probablement pas jetées <eos>,13,jetées,jetés,11,M,jetées,-8.862008,jetés,-8.981526,1
5543,P_NOUN_8_PASS_b,F,P,les cloches avec les chargeurs que j' aime beaucoup ne sont probablement pas laissées <eos>,13,laissées,laissés,11,M,laissées,-8.39525,laissés,-9.964098,1
5544,P_NOUN_8_PASS_b,F,P,les cloches avec les chargeurs que j' aime beaucoup ne sont probablement pas ouvertes <eos>,13,ouvertes,ouverts,11,M,ouvertes,-7.728093,ouverts,-9.374154,1
5545,P_NOUN_8_PASS_b,F,P,les cloches avec les chargeurs que j' aime beaucoup ne sont probablement pas perdues <eos>,13,perdues,perdus,11,M,perdues,-6.8268604,perdus,-8.28308,1
5546,P_NOUN_8_PASS_b,F,P,les cloches avec les chargeurs que j' aime beaucoup ne sont probablement pas réparées <eos>,13,réparées,réparés,11,M,réparées,-8.367508,réparés,-10.7551985,1
5547,P_NOUN_8_PASS_b,F,P,les cloches avec les chargeurs que j' aime beaucoup ne sont probablement pas retirées <eos>,13,retirées,retirés,11,M,retirées,-7.432265,retirés,-8.842601,1
5548,P_NOUN_8_PASS_b,F,P,les cloches avec les chargeurs que j' aime beaucoup ne sont probablement pas tombées <eos>,13,tombées,tombés,11,M,tombées,-7.7319098,tombés,-6.900592,0
5549,P_NOUN_8_PASS_b,F,P,les cloches avec les chargeurs que j' aime beaucoup ne sont probablement pas utilisées <eos>,13,utilisées,utilisés,11,M,utilisées,-4.904947,utilisés,-6.3293624,1
5550,P_NOUN_8_PASS_b,F,P,les cloches avec les vases que j' aime beaucoup ne sont probablement pas achetées <eos>,13,achetées,achetés,11,M,achetées,-10.386378,achetés,-10.43791,1
5551,P_NOUN_8_PASS_b,F,P,les cloches avec les vases que j' aime beaucoup ne sont probablement pas brisées <eos>,13,brisées,brisés,11,M,brisées,-9.000529,brisés,-11.896882,1
5552,P_NOUN_8_PASS_b,F,P,les cloches avec les vases que j' aime beaucoup ne sont probablement pas cachées <eos>,13,cachées,cachés,11,M,cachées,-7.6759906,cachés,-9.329916,1
5553,P_NOUN_8_PASS_b,F,P,les cloches avec les vases que j' aime beaucoup ne sont probablement pas cassées <eos>,13,cassées,cassés,11,M,cassées,-8.654675,cassés,-9.502981,1
5554,P_NOUN_8_PASS_b,F,P,les cloches avec les vases que j' aime beaucoup ne sont probablement pas couvertes <eos>,13,couvertes,couverts,11,M,couvertes,-7.8771086,couverts,-8.099576,1
5555,P_NOUN_8_PASS_b,F,P,les cloches avec les vases que j' aime beaucoup ne sont probablement pas déformées <eos>,13,déformées,déformés,11,M,déformées,-8.655147,déformés,-12.859503,1
5556,P_NOUN_8_PASS_b,F,P,les cloches avec les vases que j' aime beaucoup ne sont probablement pas fixées <eos>,13,fixées,fixés,11,M,fixées,-8.595152,fixés,-10.08242,1
5557,P_NOUN_8_PASS_b,F,P,les cloches avec les vases que j' aime beaucoup ne sont probablement pas jetées <eos>,13,jetées,jetés,11,M,jetées,-9.039946,jetés,-9.152731,1
5558,P_NOUN_8_PASS_b,F,P,les cloches avec les vases que j' aime beaucoup ne sont probablement pas laissées <eos>,13,laissées,laissés,11,M,laissées,-8.294443,laissés,-9.428469,1
5559,P_NOUN_8_PASS_b,F,P,les cloches avec les vases que j' aime beaucoup ne sont probablement pas ouvertes <eos>,13,ouvertes,ouverts,11,M,ouvertes,-7.90119,ouverts,-9.769829,1
5560,P_NOUN_8_PASS_b,F,P,les cloches avec les vases que j' aime beaucoup ne sont probablement pas perdues <eos>,13,perdues,perdus,11,M,perdues,-7.3644133,perdus,-8.329002,1
5561,P_NOUN_8_PASS_b,F,P,les cloches avec les vases que j' aime beaucoup ne sont probablement pas réparées <eos>,13,réparées,réparés,11,M,réparées,-8.833037,réparés,-11.51642,1
5562,P_NOUN_8_PASS_b,F,P,les cloches avec les vases que j' aime beaucoup ne sont probablement pas retirées <eos>,13,retirées,retirés,11,M,retirées,-7.990959,retirés,-9.733579,1
5563,P_NOUN_8_PASS_b,F,P,les cloches avec les vases que j' aime beaucoup ne sont probablement pas tombées <eos>,13,tombées,tombés,11,M,tombées,-7.479857,tombés,-7.1368546,0
5564,P_NOUN_8_PASS_b,F,P,les cloches avec les vases que j' aime beaucoup ne sont probablement pas utilisées <eos>,13,utilisées,utilisés,11,M,utilisées,-5.4972725,utilisés,-6.6154556,1
5565,P_NOUN_8_PASS_b,F,P,les cloches avec les paniers que j' aime beaucoup ne sont probablement pas achetées <eos>,13,achetées,achetés,11,M,achetées,-10.235315,achetés,-10.234144,0
5566,P_NOUN_8_PASS_b,F,P,les cloches avec les paniers que j' aime beaucoup ne sont probablement pas brisées <eos>,13,brisées,brisés,11,M,brisées,-8.861835,brisés,-12.015739,1
5567,P_NOUN_8_PASS_b,F,P,les cloches avec les paniers que j' aime beaucoup ne sont probablement pas cachées <eos>,13,cachées,cachés,11,M,cachées,-7.840682,cachés,-9.180554,1
5568,P_NOUN_8_PASS_b,F,P,les cloches avec les paniers que j' aime beaucoup ne sont probablement pas cassées <eos>,13,cassées,cassés,11,M,cassées,-8.225648,cassés,-9.647413,1
5569,P_NOUN_8_PASS_b,F,P,les cloches avec les paniers que j' aime beaucoup ne sont probablement pas couvertes <eos>,13,couvertes,couverts,11,M,couvertes,-7.633783,couverts,-7.967137,1
5570,P_NOUN_8_PASS_b,F,P,les cloches avec les paniers que j' aime beaucoup ne sont probablement pas déformées <eos>,13,déformées,déformés,11,M,déformées,-8.906128,déformés,-13.463788,1
5571,P_NOUN_8_PASS_b,F,P,les cloches avec les paniers que j' aime beaucoup ne sont probablement pas fixées <eos>,13,fixées,fixés,11,M,fixées,-8.068506,fixés,-9.502079,1
5572,P_NOUN_8_PASS_b,F,P,les cloches avec les paniers que j' aime beaucoup ne sont probablement pas jetées <eos>,13,jetées,jetés,11,M,jetées,-8.327673,jetés,-8.944933,1
5573,P_NOUN_8_PASS_b,F,P,les cloches avec les paniers que j' aime beaucoup ne sont probablement pas laissées <eos>,13,laissées,laissés,11,M,laissées,-8.641335,laissés,-9.862528,1
5574,P_NOUN_8_PASS_b,F,P,les cloches avec les paniers que j' aime beaucoup ne sont probablement pas ouvertes <eos>,13,ouvertes,ouverts,11,M,ouvertes,-7.6289635,ouverts,-9.538333,1
5575,P_NOUN_8_PASS_b,F,P,les cloches avec les paniers que j' aime beaucoup ne sont probablement pas perdues <eos>,13,perdues,perdus,11,M,perdues,-7.1844687,perdus,-8.423464,1
5576,P_NOUN_8_PASS_b,F,P,les cloches avec les paniers que j' aime beaucoup ne sont probablement pas réparées <eos>,13,réparées,réparés,11,M,réparées,-8.7309675,réparés,-11.660959,1
5577,P_NOUN_8_PASS_b,F,P,les cloches avec les paniers que j' aime beaucoup ne sont probablement pas retirées <eos>,13,retirées,retirés,11,M,retirées,-7.575636,retirés,-9.593269,1
5578,P_NOUN_8_PASS_b,F,P,les cloches avec les paniers que j' aime beaucoup ne sont probablement pas tombées <eos>,13,tombées,tombés,11,M,tombées,-7.369231,tombés,-7.024989,0
5579,P_NOUN_8_PASS_b,F,P,les cloches avec les paniers que j' aime beaucoup ne sont probablement pas utilisées <eos>,13,utilisées,utilisés,11,M,utilisées,-5.0593495,utilisés,-6.3249764,1
5580,P_NOUN_8_PASS_b,F,P,les cloches avec les colliers que j' aime beaucoup ne sont probablement pas achetées <eos>,13,achetées,achetés,11,M,achetées,-10.185087,achetés,-10.668625,1
5581,P_NOUN_8_PASS_b,F,P,les cloches avec les colliers que j' aime beaucoup ne sont probablement pas brisées <eos>,13,brisées,brisés,11,M,brisées,-9.018346,brisés,-11.843235,1
5582,P_NOUN_8_PASS_b,F,P,les cloches avec les colliers que j' aime beaucoup ne sont probablement pas cachées <eos>,13,cachées,cachés,11,M,cachées,-7.9764752,cachés,-9.415325,1
5583,P_NOUN_8_PASS_b,F,P,les cloches avec les colliers que j' aime beaucoup ne sont probablement pas cassées <eos>,13,cassées,cassés,11,M,cassées,-8.196936,cassés,-9.366867,1
5584,P_NOUN_8_PASS_b,F,P,les cloches avec les colliers que j' aime beaucoup ne sont probablement pas couvertes <eos>,13,couvertes,couverts,11,M,couvertes,-7.759695,couverts,-8.348635,1
5585,P_NOUN_8_PASS_b,F,P,les cloches avec les colliers que j' aime beaucoup ne sont probablement pas déformées <eos>,13,déformées,déformés,11,M,déformées,-8.5799675,déformés,-13.11913,1
5586,P_NOUN_8_PASS_b,F,P,les cloches avec les colliers que j' aime beaucoup ne sont probablement pas fixées <eos>,13,fixées,fixés,11,M,fixées,-7.9947305,fixés,-9.710303,1
5587,P_NOUN_8_PASS_b,F,P,les cloches avec les colliers que j' aime beaucoup ne sont probablement pas jetées <eos>,13,jetées,jetés,11,M,jetées,-8.436545,jetés,-8.841631,1
5588,P_NOUN_8_PASS_b,F,P,les cloches avec les colliers que j' aime beaucoup ne sont probablement pas laissées <eos>,13,laissées,laissés,11,M,laissées,-8.474119,laissés,-9.847752,1
5589,P_NOUN_8_PASS_b,F,P,les cloches avec les colliers que j' aime beaucoup ne sont probablement pas ouvertes <eos>,13,ouvertes,ouverts,11,M,ouvertes,-8.014896,ouverts,-9.966648,1
5590,P_NOUN_8_PASS_b,F,P,les cloches avec les colliers que j' aime beaucoup ne sont probablement pas perdues <eos>,13,perdues,perdus,11,M,perdues,-7.1059284,perdus,-8.48174,1
5591,P_NOUN_8_PASS_b,F,P,les cloches avec les colliers que j' aime beaucoup ne sont probablement pas réparées <eos>,13,réparées,réparés,11,M,réparées,-8.585211,réparés,-11.598617,1
5592,P_NOUN_8_PASS_b,F,P,les cloches avec les colliers que j' aime beaucoup ne sont probablement pas retirées <eos>,13,retirées,retirés,11,M,retirées,-7.4010344,retirés,-9.442116,1
5593,P_NOUN_8_PASS_b,F,P,les cloches avec les colliers que j' aime beaucoup ne sont probablement pas tombées <eos>,13,tombées,tombés,11,M,tombées,-7.1536474,tombés,-6.937788,0
5594,P_NOUN_8_PASS_b,F,P,les cloches avec les colliers que j' aime beaucoup ne sont probablement pas utilisées <eos>,13,utilisées,utilisés,11,M,utilisées,-5.114436,utilisés,-6.5705824,1
5595,P_NOUN_8_PASS_b,F,P,les cloches avec les chapeaux que j' aime beaucoup ne sont probablement pas achetées <eos>,13,achetées,achetés,11,M,achetées,-10.213398,achetés,-10.533072,1
5596,P_NOUN_8_PASS_b,F,P,les cloches avec les chapeaux que j' aime beaucoup ne sont probablement pas brisées <eos>,13,brisées,brisés,11,M,brisées,-9.023447,brisés,-12.192951,1
5597,P_NOUN_8_PASS_b,F,P,les cloches avec les chapeaux que j' aime beaucoup ne sont probablement pas cachées <eos>,13,cachées,cachés,11,M,cachées,-7.6919336,cachés,-9.285242,1
5598,P_NOUN_8_PASS_b,F,P,les cloches avec les chapeaux que j' aime beaucoup ne sont probablement pas cassées <eos>,13,cassées,cassés,11,M,cassées,-8.426014,cassés,-9.986519,1
5599,P_NOUN_8_PASS_b,F,P,les cloches avec les chapeaux que j' aime beaucoup ne sont probablement pas couvertes <eos>,13,couvertes,couverts,11,M,couvertes,-7.6607647,couverts,-8.181585,1
5600,P_NOUN_8_PASS_b,F,P,les cloches avec les chapeaux que j' aime beaucoup ne sont probablement pas déformées <eos>,13,déformées,déformés,11,M,déformées,-9.0101385,déformés,-13.433318,1
5601,P_NOUN_8_PASS_b,F,P,les cloches avec les chapeaux que j' aime beaucoup ne sont probablement pas fixées <eos>,13,fixées,fixés,11,M,fixées,-8.178013,fixés,-9.866252,1
5602,P_NOUN_8_PASS_b,F,P,les cloches avec les chapeaux que j' aime beaucoup ne sont probablement pas jetées <eos>,13,jetées,jetés,11,M,jetées,-8.450338,jetés,-9.266396,1
5603,P_NOUN_8_PASS_b,F,P,les cloches avec les chapeaux que j' aime beaucoup ne sont probablement pas laissées <eos>,13,laissées,laissés,11,M,laissées,-8.676271,laissés,-10.009767,1
5604,P_NOUN_8_PASS_b,F,P,les cloches avec les chapeaux que j' aime beaucoup ne sont probablement pas ouvertes <eos>,13,ouvertes,ouverts,11,M,ouvertes,-7.6439486,ouverts,-9.808762,1
5605,P_NOUN_8_PASS_b,F,P,les cloches avec les chapeaux que j' aime beaucoup ne sont probablement pas perdues <eos>,13,perdues,perdus,11,M,perdues,-7.1673384,perdus,-8.587343,1
5606,P_NOUN_8_PASS_b,F,P,les cloches avec les chapeaux que j' aime beaucoup ne sont probablement pas réparées <eos>,13,réparées,réparés,11,M,réparées,-8.780312,réparés,-11.717167,1
5607,P_NOUN_8_PASS_b,F,P,les cloches avec les chapeaux que j' aime beaucoup ne sont probablement pas retirées <eos>,13,retirées,retirés,11,M,retirées,-7.6186786,retirés,-9.800522,1
5608,P_NOUN_8_PASS_b,F,P,les cloches avec les chapeaux que j' aime beaucoup ne sont probablement pas tombées <eos>,13,tombées,tombés,11,M,tombées,-7.2216454,tombés,-6.8980675,0
5609,P_NOUN_8_PASS_b,F,P,les cloches avec les chapeaux que j' aime beaucoup ne sont probablement pas utilisées <eos>,13,utilisées,utilisés,11,M,utilisées,-5.3323183,utilisés,-6.6892185,1
5610,P_NOUN_8_PASS_b,F,P,les cloches avec les pots que j' aime beaucoup ne sont probablement pas achetées <eos>,13,achetées,achetés,11,M,achetées,-9.807804,achetés,-9.688223,0
5611,P_NOUN_8_PASS_b,F,P,les cloches avec les pots que j' aime beaucoup ne sont probablement pas brisées <eos>,13,brisées,brisés,11,M,brisées,-8.830591,brisés,-11.63814,1
5612,P_NOUN_8_PASS_b,F,P,les cloches avec les pots que j' aime beaucoup ne sont probablement pas cachées <eos>,13,cachées,cachés,11,M,cachées,-8.065927,cachés,-9.05121,1
5613,P_NOUN_8_PASS_b,F,P,les cloches avec les pots que j' aime beaucoup ne sont probablement pas cassées <eos>,13,cassées,cassés,11,M,cassées,-8.327925,cassés,-9.204989,1
5614,P_NOUN_8_PASS_b,F,P,les cloches avec les pots que j' aime beaucoup ne sont probablement pas couvertes <eos>,13,couvertes,couverts,11,M,couvertes,-7.4236207,couverts,-7.2616534,0
5615,P_NOUN_8_PASS_b,F,P,les cloches avec les pots que j' aime beaucoup ne sont probablement pas déformées <eos>,13,déformées,déformés,11,M,déformées,-8.810602,déformés,-13.3084,1
5616,P_NOUN_8_PASS_b,F,P,les cloches avec les pots que j' aime beaucoup ne sont probablement pas fixées <eos>,13,fixées,fixés,11,M,fixées,-8.52525,fixés,-9.504145,1
5617,P_NOUN_8_PASS_b,F,P,les cloches avec les pots que j' aime beaucoup ne sont probablement pas jetées <eos>,13,jetées,jetés,11,M,jetées,-8.762703,jetés,-8.580755,0
5618,P_NOUN_8_PASS_b,F,P,les cloches avec les pots que j' aime beaucoup ne sont probablement pas laissées <eos>,13,laissées,laissés,11,M,laissées,-8.248524,laissés,-9.439023,1
5619,P_NOUN_8_PASS_b,F,P,les cloches avec les pots que j' aime beaucoup ne sont probablement pas ouvertes <eos>,13,ouvertes,ouverts,11,M,ouvertes,-7.632294,ouverts,-9.042456,1
5620,P_NOUN_8_PASS_b,F,P,les cloches avec les pots que j' aime beaucoup ne sont probablement pas perdues <eos>,13,perdues,perdus,11,M,perdues,-7.301594,perdus,-7.9766016,1
5621,P_NOUN_8_PASS_b,F,P,les cloches avec les pots que j' aime beaucoup ne sont probablement pas réparées <eos>,13,réparées,réparés,11,M,réparées,-8.451976,réparés,-11.002361,1
5622,P_NOUN_8_PASS_b,F,P,les cloches avec les pots que j' aime beaucoup ne sont probablement pas retirées <eos>,13,retirées,retirés,11,M,retirées,-7.595149,retirés,-9.214937,1
5623,P_NOUN_8_PASS_b,F,P,les cloches avec les pots que j' aime beaucoup ne sont probablement pas tombées <eos>,13,tombées,tombés,11,M,tombées,-7.447404,tombés,-6.735319,0
5624,P_NOUN_8_PASS_b,F,P,les cloches avec les pots que j' aime beaucoup ne sont probablement pas utilisées <eos>,13,utilisées,utilisés,11,M,utilisées,-5.0364304,utilisés,-5.94281,1
5625,P_NOUN_8_PASS_b,F,P,les cloches avec les coussins que j' aime beaucoup ne sont probablement pas achetées <eos>,13,achetées,achetés,11,M,achetées,-9.906563,achetés,-10.55657,1
5626,P_NOUN_8_PASS_b,F,P,les cloches avec les coussins que j' aime beaucoup ne sont probablement pas brisées <eos>,13,brisées,brisés,11,M,brisées,-8.614382,brisés,-11.918909,1
5627,P_NOUN_8_PASS_b,F,P,les cloches avec les coussins que j' aime beaucoup ne sont probablement pas cachées <eos>,13,cachées,cachés,11,M,cachées,-7.6734905,cachés,-9.432122,1
5628,P_NOUN_8_PASS_b,F,P,les cloches avec les coussins que j' aime beaucoup ne sont probablement pas cassées <eos>,13,cassées,cassés,11,M,cassées,-7.9261866,cassés,-10.115917,1
5629,P_NOUN_8_PASS_b,F,P,les cloches avec les coussins que j' aime beaucoup ne sont probablement pas couvertes <eos>,13,couvertes,couverts,11,M,couvertes,-7.337413,couverts,-8.448746,1
5630,P_NOUN_8_PASS_b,F,P,les cloches avec les coussins que j' aime beaucoup ne sont probablement pas déformées <eos>,13,déformées,déformés,11,M,déformées,-8.56536,déformés,-13.199549,1
5631,P_NOUN_8_PASS_b,F,P,les cloches avec les coussins que j' aime beaucoup ne sont probablement pas fixées <eos>,13,fixées,fixés,11,M,fixées,-8.034512,fixés,-9.827923,1
5632,P_NOUN_8_PASS_b,F,P,les cloches avec les coussins que j' aime beaucoup ne sont probablement pas jetées <eos>,13,jetées,jetés,11,M,jetées,-7.843914,jetés,-9.056995,1
5633,P_NOUN_8_PASS_b,F,P,les cloches avec les coussins que j' aime beaucoup ne sont probablement pas laissées <eos>,13,laissées,laissés,11,M,laissées,-8.254671,laissés,-10.031151,1
5634,P_NOUN_8_PASS_b,F,P,les cloches avec les coussins que j' aime beaucoup ne sont probablement pas ouvertes <eos>,13,ouvertes,ouverts,11,M,ouvertes,-7.2051544,ouverts,-9.300735,1
5635,P_NOUN_8_PASS_b,F,P,les cloches avec les coussins que j' aime beaucoup ne sont probablement pas perdues <eos>,13,perdues,perdus,11,M,perdues,-7.097247,perdus,-8.432014,1
5636,P_NOUN_8_PASS_b,F,P,les cloches avec les coussins que j' aime beaucoup ne sont probablement pas réparées <eos>,13,réparées,réparés,11,M,réparées,-8.0012865,réparés,-11.300076,1
5637,P_NOUN_8_PASS_b,F,P,les cloches avec les coussins que j' aime beaucoup ne sont probablement pas retirées <eos>,13,retirées,retirés,11,M,retirées,-7.364785,retirés,-9.831827,1
5638,P_NOUN_8_PASS_b,F,P,les cloches avec les coussins que j' aime beaucoup ne sont probablement pas tombées <eos>,13,tombées,tombés,11,M,tombées,-7.408859,tombés,-7.5060763,1
5639,P_NOUN_8_PASS_b,F,P,les cloches avec les coussins que j' aime beaucoup ne sont probablement pas utilisées <eos>,13,utilisées,utilisés,11,M,utilisées,-5.0653515,utilisés,-6.7995625,1
5640,P_NOUN_8_PASS_b,F,P,les cloches avec les jouets que j' aime beaucoup ne sont probablement pas achetées <eos>,13,achetées,achetés,11,M,achetées,-10.436882,achetés,-9.918138,0
5641,P_NOUN_8_PASS_b,F,P,les cloches avec les jouets que j' aime beaucoup ne sont probablement pas brisées <eos>,13,brisées,brisés,11,M,brisées,-9.649341,brisés,-11.97161,1
5642,P_NOUN_8_PASS_b,F,P,les cloches avec les jouets que j' aime beaucoup ne sont probablement pas cachées <eos>,13,cachées,cachés,11,M,cachées,-7.9470215,cachés,-8.582548,1
5643,P_NOUN_8_PASS_b,F,P,les cloches avec les jouets que j' aime beaucoup ne sont probablement pas cassées <eos>,13,cassées,cassés,11,M,cassées,-9.398326,cassés,-9.929103,1
5644,P_NOUN_8_PASS_b,F,P,les cloches avec les jouets que j' aime beaucoup ne sont probablement pas couvertes <eos>,13,couvertes,couverts,11,M,couvertes,-8.76346,couverts,-8.521715,0
5645,P_NOUN_8_PASS_b,F,P,les cloches avec les jouets que j' aime beaucoup ne sont probablement pas déformées <eos>,13,déformées,déformés,11,M,déformées,-9.499864,déformés,-12.874442,1
5646,P_NOUN_8_PASS_b,F,P,les cloches avec les jouets que j' aime beaucoup ne sont probablement pas fixées <eos>,13,fixées,fixés,11,M,fixées,-9.235966,fixés,-9.530642,1
5647,P_NOUN_8_PASS_b,F,P,les cloches avec les jouets que j' aime beaucoup ne sont probablement pas jetées <eos>,13,jetées,jetés,11,M,jetées,-9.319356,jetés,-9.055686,0
5648,P_NOUN_8_PASS_b,F,P,les cloches avec les jouets que j' aime beaucoup ne sont probablement pas laissées <eos>,13,laissées,laissés,11,M,laissées,-9.082525,laissés,-9.487041,1
5649,P_NOUN_8_PASS_b,F,P,les cloches avec les jouets que j' aime beaucoup ne sont probablement pas ouvertes <eos>,13,ouvertes,ouverts,11,M,ouvertes,-8.310602,ouverts,-9.030659,1
5650,P_NOUN_8_PASS_b,F,P,les cloches avec les jouets que j' aime beaucoup ne sont probablement pas perdues <eos>,13,perdues,perdus,11,M,perdues,-7.912532,perdus,-7.965645,1
5651,P_NOUN_8_PASS_b,F,P,les cloches avec les jouets que j' aime beaucoup ne sont probablement pas réparées <eos>,13,réparées,réparés,11,M,réparées,-9.465271,réparés,-11.672216,1
5652,P_NOUN_8_PASS_b,F,P,les cloches avec les jouets que j' aime beaucoup ne sont probablement pas retirées <eos>,13,retirées,retirés,11,M,retirées,-8.388754,retirés,-9.854107,1
5653,P_NOUN_8_PASS_b,F,P,les cloches avec les jouets que j' aime beaucoup ne sont probablement pas tombées <eos>,13,tombées,tombés,11,M,tombées,-7.9802246,tombés,-6.967348,0
5654,P_NOUN_8_PASS_b,F,P,les cloches avec les jouets que j' aime beaucoup ne sont probablement pas utilisées <eos>,13,utilisées,utilisés,11,M,utilisées,-6.2608767,utilisés,-6.831995,1
5655,P_NOUN_8_PASS_b,F,P,les cloches avec les clous que j' aime beaucoup ne sont probablement pas achetées <eos>,13,achetées,achetés,11,M,achetées,-10.049145,achetés,-10.396394,1
5656,P_NOUN_8_PASS_b,F,P,les cloches avec les clous que j' aime beaucoup ne sont probablement pas brisées <eos>,13,brisées,brisés,11,M,brisées,-8.693531,brisés,-11.873158,1
5657,P_NOUN_8_PASS_b,F,P,les cloches avec les clous que j' aime beaucoup ne sont probablement pas cachées <eos>,13,cachées,cachés,11,M,cachées,-7.685222,cachés,-9.203604,1
5658,P_NOUN_8_PASS_b,F,P,les cloches avec les clous que j' aime beaucoup ne sont probablement pas cassées <eos>,13,cassées,cassés,11,M,cassées,-8.26166,cassés,-9.531234,1
5659,P_NOUN_8_PASS_b,F,P,les cloches avec les clous que j' aime beaucoup ne sont probablement pas couvertes <eos>,13,couvertes,couverts,11,M,couvertes,-7.4394145,couverts,-8.140867,1
5660,P_NOUN_8_PASS_b,F,P,les cloches avec les clous que j' aime beaucoup ne sont probablement pas déformées <eos>,13,déformées,déformés,11,M,déformées,-9.020744,déformés,-13.418384,1
5661,P_NOUN_8_PASS_b,F,P,les cloches avec les clous que j' aime beaucoup ne sont probablement pas fixées <eos>,13,fixées,fixés,11,M,fixées,-8.226176,fixés,-9.892594,1
5662,P_NOUN_8_PASS_b,F,P,les cloches avec les clous que j' aime beaucoup ne sont probablement pas jetées <eos>,13,jetées,jetés,11,M,jetées,-8.257175,jetés,-8.821289,1
5663,P_NOUN_8_PASS_b,F,P,les cloches avec les clous que j' aime beaucoup ne sont probablement pas laissées <eos>,13,laissées,laissés,11,M,laissées,-8.388203,laissés,-9.566391,1
5664,P_NOUN_8_PASS_b,F,P,les cloches avec les clous que j' aime beaucoup ne sont probablement pas ouvertes <eos>,13,ouvertes,ouverts,11,M,ouvertes,-7.613103,ouverts,-9.910603,1
5665,P_NOUN_8_PASS_b,F,P,les cloches avec les clous que j' aime beaucoup ne sont probablement pas perdues <eos>,13,perdues,perdus,11,M,perdues,-6.9086614,perdus,-8.35531,1
5666,P_NOUN_8_PASS_b,F,P,les cloches avec les clous que j' aime beaucoup ne sont probablement pas réparées <eos>,13,réparées,réparés,11,M,réparées,-8.134062,réparés,-10.978853,1
5667,P_NOUN_8_PASS_b,F,P,les cloches avec les clous que j' aime beaucoup ne sont probablement pas retirées <eos>,13,retirées,retirés,11,M,retirées,-7.263409,retirés,-9.464432,1
5668,P_NOUN_8_PASS_b,F,P,les cloches avec les clous que j' aime beaucoup ne sont probablement pas tombées <eos>,13,tombées,tombés,11,M,tombées,-6.926937,tombés,-6.9104424,0
5669,P_NOUN_8_PASS_b,F,P,les cloches avec les clous que j' aime beaucoup ne sont probablement pas utilisées <eos>,13,utilisées,utilisés,11,M,utilisées,-5.0391283,utilisés,-6.547284,1
5670,P_NOUN_8_PASS_b,F,P,les cloches avec les billets que j' aime beaucoup ne sont probablement pas achetées <eos>,13,achetées,achetés,11,M,achetées,-9.17639,achetés,-9.706443,1
5671,P_NOUN_8_PASS_b,F,P,les cloches avec les billets que j' aime beaucoup ne sont probablement pas brisées <eos>,13,brisées,brisés,11,M,brisées,-9.18647,brisés,-12.517365,1
5672,P_NOUN_8_PASS_b,F,P,les cloches avec les billets que j' aime beaucoup ne sont probablement pas cachées <eos>,13,cachées,cachés,11,M,cachées,-8.607315,cachés,-8.79618,1
5673,P_NOUN_8_PASS_b,F,P,les cloches avec les billets que j' aime beaucoup ne sont probablement pas cassées <eos>,13,cassées,cassés,11,M,cassées,-9.346224,cassés,-9.991348,1
5674,P_NOUN_8_PASS_b,F,P,les cloches avec les billets que j' aime beaucoup ne sont probablement pas couvertes <eos>,13,couvertes,couverts,11,M,couvertes,-8.4688425,couverts,-8.193118,0
5675,P_NOUN_8_PASS_b,F,P,les cloches avec les billets que j' aime beaucoup ne sont probablement pas déformées <eos>,13,déformées,déformés,11,M,déformées,-9.611885,déformés,-13.952805,1
5676,P_NOUN_8_PASS_b,F,P,les cloches avec les billets que j' aime beaucoup ne sont probablement pas fixées <eos>,13,fixées,fixés,11,M,fixées,-8.283321,fixés,-9.168774,1
5677,P_NOUN_8_PASS_b,F,P,les cloches avec les billets que j' aime beaucoup ne sont probablement pas jetées <eos>,13,jetées,jetés,11,M,jetées,-9.001918,jetés,-8.64266,0
5678,P_NOUN_8_PASS_b,F,P,les cloches avec les billets que j' aime beaucoup ne sont probablement pas laissées <eos>,13,laissées,laissés,11,M,laissées,-8.675823,laissés,-9.987271,1
5679,P_NOUN_8_PASS_b,F,P,les cloches avec les billets que j' aime beaucoup ne sont probablement pas ouvertes <eos>,13,ouvertes,ouverts,11,M,ouvertes,-8.347148,ouverts,-9.280914,1
5680,P_NOUN_8_PASS_b,F,P,les cloches avec les billets que j' aime beaucoup ne sont probablement pas perdues <eos>,13,perdues,perdus,11,M,perdues,-6.8220863,perdus,-7.917363,1
5681,P_NOUN_8_PASS_b,F,P,les cloches avec les billets que j' aime beaucoup ne sont probablement pas réparées <eos>,13,réparées,réparés,11,M,réparées,-9.247501,réparés,-11.568994,1
5682,P_NOUN_8_PASS_b,F,P,les cloches avec les billets que j' aime beaucoup ne sont probablement pas retirées <eos>,13,retirées,retirés,11,M,retirées,-7.7371864,retirés,-8.970138,1
5683,P_NOUN_8_PASS_b,F,P,les cloches avec les billets que j' aime beaucoup ne sont probablement pas tombées <eos>,13,tombées,tombés,11,M,tombées,-7.853425,tombés,-7.054476,0
5684,P_NOUN_8_PASS_b,F,P,les cloches avec les billets que j' aime beaucoup ne sont probablement pas utilisées <eos>,13,utilisées,utilisés,11,M,utilisées,-5.6311207,utilisés,-6.5716944,1
5685,P_NOUN_8_PASS_b,F,P,les cloches avec les légumes que j' aime beaucoup ne sont probablement pas achetées <eos>,13,achetées,achetés,11,M,achetées,-9.774021,achetés,-9.90942,1
5686,P_NOUN_8_PASS_b,F,P,les cloches avec les légumes que j' aime beaucoup ne sont probablement pas brisées <eos>,13,brisées,brisés,11,M,brisées,-9.271446,brisés,-12.432638,1
5687,P_NOUN_8_PASS_b,F,P,les cloches avec les légumes que j' aime beaucoup ne sont probablement pas cachées <eos>,13,cachées,cachés,11,M,cachées,-8.050824,cachés,-9.3276005,1
5688,P_NOUN_8_PASS_b,F,P,les cloches avec les légumes que j' aime beaucoup ne sont probablement pas cassées <eos>,13,cassées,cassés,11,M,cassées,-8.646177,cassés,-9.303257,1
5689,P_NOUN_8_PASS_b,F,P,les cloches avec les légumes que j' aime beaucoup ne sont probablement pas couvertes <eos>,13,couvertes,couverts,11,M,couvertes,-7.7496967,couverts,-7.9278116,1
5690,P_NOUN_8_PASS_b,F,P,les cloches avec les légumes que j' aime beaucoup ne sont probablement pas déformées <eos>,13,déformées,déformés,11,M,déformées,-9.42422,déformés,-13.705166,1
5691,P_NOUN_8_PASS_b,F,P,les cloches avec les légumes que j' aime beaucoup ne sont probablement pas fixées <eos>,13,fixées,fixés,11,M,fixées,-8.931559,fixés,-10.055199,1
5692,P_NOUN_8_PASS_b,F,P,les cloches avec les légumes que j' aime beaucoup ne sont probablement pas jetées <eos>,13,jetées,jetés,11,M,jetées,-8.711618,jetés,-9.511146,1
5693,P_NOUN_8_PASS_b,F,P,les cloches avec les légumes que j' aime beaucoup ne sont probablement pas laissées <eos>,13,laissées,laissés,11,M,laissées,-8.330559,laissés,-9.475506,1
5694,P_NOUN_8_PASS_b,F,P,les cloches avec les légumes que j' aime beaucoup ne sont probablement pas ouvertes <eos>,13,ouvertes,ouverts,11,M,ouvertes,-7.977334,ouverts,-9.588669,1
5695,P_NOUN_8_PASS_b,F,P,les cloches avec les légumes que j' aime beaucoup ne sont probablement pas perdues <eos>,13,perdues,perdus,11,M,perdues,-7.40979,perdus,-8.684188,1
5696,P_NOUN_8_PASS_b,F,P,les cloches avec les légumes que j' aime beaucoup ne sont probablement pas réparées <eos>,13,réparées,réparés,11,M,réparées,-9.111421,réparés,-11.722237,1
5697,P_NOUN_8_PASS_b,F,P,les cloches avec les légumes que j' aime beaucoup ne sont probablement pas retirées <eos>,13,retirées,retirés,11,M,retirées,-7.9885964,retirés,-9.623413,1
5698,P_NOUN_8_PASS_b,F,P,les cloches avec les légumes que j' aime beaucoup ne sont probablement pas tombées <eos>,13,tombées,tombés,11,M,tombées,-7.348357,tombés,-7.2075043,0
5699,P_NOUN_8_PASS_b,F,P,les cloches avec les légumes que j' aime beaucoup ne sont probablement pas utilisées <eos>,13,utilisées,utilisés,11,M,utilisées,-5.4253597,utilisés,-6.8117504,1
5700,P_NOUN_8_PASS_b,F,P,les cerises avec les bracelets que j' aime beaucoup ne sont probablement pas achetées <eos>,13,achetées,achetés,11,M,achetées,-10.150573,achetés,-9.974355,0
5701,P_NOUN_8_PASS_b,F,P,les cerises avec les bracelets que j' aime beaucoup ne sont probablement pas brisées <eos>,13,brisées,brisés,11,M,brisées,-9.557343,brisés,-12.443683,1
5702,P_NOUN_8_PASS_b,F,P,les cerises avec les bracelets que j' aime beaucoup ne sont probablement pas cachées <eos>,13,cachées,cachés,11,M,cachées,-8.022757,cachés,-9.13222,1
5703,P_NOUN_8_PASS_b,F,P,les cerises avec les bracelets que j' aime beaucoup ne sont probablement pas cassées <eos>,13,cassées,cassés,11,M,cassées,-7.953895,cassés,-9.910135,1
5704,P_NOUN_8_PASS_b,F,P,les cerises avec les bracelets que j' aime beaucoup ne sont probablement pas couvertes <eos>,13,couvertes,couverts,11,M,couvertes,-8.119549,couverts,-8.3634815,1
5705,P_NOUN_8_PASS_b,F,P,les cerises avec les bracelets que j' aime beaucoup ne sont probablement pas déformées <eos>,13,déformées,déformés,11,M,déformées,-8.354263,déformés,-13.1446905,1
5706,P_NOUN_8_PASS_b,F,P,les cerises avec les bracelets que j' aime beaucoup ne sont probablement pas fixées <eos>,13,fixées,fixés,11,M,fixées,-8.382492,fixés,-9.701056,1
5707,P_NOUN_8_PASS_b,F,P,les cerises avec les bracelets que j' aime beaucoup ne sont probablement pas jetées <eos>,13,jetées,jetés,11,M,jetées,-8.637087,jetés,-9.100894,1
5708,P_NOUN_8_PASS_b,F,P,les cerises avec les bracelets que j' aime beaucoup ne sont probablement pas laissées <eos>,13,laissées,laissés,11,M,laissées,-8.148836,laissés,-9.808004,1
5709,P_NOUN_8_PASS_b,F,P,les cerises avec les bracelets que j' aime beaucoup ne sont probablement pas ouvertes <eos>,13,ouvertes,ouverts,11,M,ouvertes,-8.370922,ouverts,-9.35601,1
5710,P_NOUN_8_PASS_b,F,P,les cerises avec les bracelets que j' aime beaucoup ne sont probablement pas perdues <eos>,13,perdues,perdus,11,M,perdues,-7.9045525,perdus,-8.909354,1
5711,P_NOUN_8_PASS_b,F,P,les cerises avec les bracelets que j' aime beaucoup ne sont probablement pas réparées <eos>,13,réparées,réparés,11,M,réparées,-9.810995,réparés,-12.728047,1
5712,P_NOUN_8_PASS_b,F,P,les cerises avec les bracelets que j' aime beaucoup ne sont probablement pas retirées <eos>,13,retirées,retirés,11,M,retirées,-8.808986,retirés,-9.930397,1
5713,P_NOUN_8_PASS_b,F,P,les cerises avec les bracelets que j' aime beaucoup ne sont probablement pas tombées <eos>,13,tombées,tombés,11,M,tombées,-8.045417,tombés,-7.683277,0
5714,P_NOUN_8_PASS_b,F,P,les cerises avec les bracelets que j' aime beaucoup ne sont probablement pas utilisées <eos>,13,utilisées,utilisés,11,M,utilisées,-5.2657814,utilisés,-6.4325695,1
5715,P_NOUN_8_PASS_b,F,P,les cerises avec les miroirs que j' aime beaucoup ne sont probablement pas achetées <eos>,13,achetées,achetés,11,M,achetées,-10.820697,achetés,-10.060203,0
5716,P_NOUN_8_PASS_b,F,P,les cerises avec les miroirs que j' aime beaucoup ne sont probablement pas brisées <eos>,13,brisées,brisés,11,M,brisées,-9.424887,brisés,-11.961384,1
5717,P_NOUN_8_PASS_b,F,P,les cerises avec les miroirs que j' aime beaucoup ne sont probablement pas cachées <eos>,13,cachées,cachés,11,M,cachées,-7.883558,cachés,-8.98711,1
5718,P_NOUN_8_PASS_b,F,P,les cerises avec les miroirs que j' aime beaucoup ne sont probablement pas cassées <eos>,13,cassées,cassés,11,M,cassées,-8.331412,cassés,-9.860486,1
5719,P_NOUN_8_PASS_b,F,P,les cerises avec les miroirs que j' aime beaucoup ne sont probablement pas couvertes <eos>,13,couvertes,couverts,11,M,couvertes,-7.542095,couverts,-7.9654236,1
5720,P_NOUN_8_PASS_b,F,P,les cerises avec les miroirs que j' aime beaucoup ne sont probablement pas déformées <eos>,13,déformées,déformés,11,M,déformées,-7.5300684,déformés,-12.121219,1
5721,P_NOUN_8_PASS_b,F,P,les cerises avec les miroirs que j' aime beaucoup ne sont probablement pas fixées <eos>,13,fixées,fixés,11,M,fixées,-8.570522,fixés,-9.531688,1
5722,P_NOUN_8_PASS_b,F,P,les cerises avec les miroirs que j' aime beaucoup ne sont probablement pas jetées <eos>,13,jetées,jetés,11,M,jetées,-8.952753,jetés,-9.071167,1
5723,P_NOUN_8_PASS_b,F,P,les cerises avec les miroirs que j' aime beaucoup ne sont probablement pas laissées <eos>,13,laissées,laissés,11,M,laissées,-7.7377625,laissés,-9.861803,1
5724,P_NOUN_8_PASS_b,F,P,les cerises avec les miroirs que j' aime beaucoup ne sont probablement pas ouvertes <eos>,13,ouvertes,ouverts,11,M,ouvertes,-7.668186,ouverts,-8.449035,1
5725,P_NOUN_8_PASS_b,F,P,les cerises avec les miroirs que j' aime beaucoup ne sont probablement pas perdues <eos>,13,perdues,perdus,11,M,perdues,-7.6725645,perdus,-8.206129,1
5726,P_NOUN_8_PASS_b,F,P,les cerises avec les miroirs que j' aime beaucoup ne sont probablement pas réparées <eos>,13,réparées,réparés,11,M,réparées,-8.97146,réparés,-11.742431,1
5727,P_NOUN_8_PASS_b,F,P,les cerises avec les miroirs que j' aime beaucoup ne sont probablement pas retirées <eos>,13,retirées,retirés,11,M,retirées,-8.460276,retirés,-10.041262,1
5728,P_NOUN_8_PASS_b,F,P,les cerises avec les miroirs que j' aime beaucoup ne sont probablement pas tombées <eos>,13,tombées,tombés,11,M,tombées,-7.999302,tombés,-8.721941,1
5729,P_NOUN_8_PASS_b,F,P,les cerises avec les miroirs que j' aime beaucoup ne sont probablement pas utilisées <eos>,13,utilisées,utilisés,11,M,utilisées,-5.224805,utilisés,-6.356925,1
5730,P_NOUN_8_PASS_b,F,P,les cerises avec les crayons que j' aime beaucoup ne sont probablement pas achetées <eos>,13,achetées,achetés,11,M,achetées,-10.229071,achetés,-9.487679,0
5731,P_NOUN_8_PASS_b,F,P,les cerises avec les crayons que j' aime beaucoup ne sont probablement pas brisées <eos>,13,brisées,brisés,11,M,brisées,-10.160025,brisés,-12.688383,1
5732,P_NOUN_8_PASS_b,F,P,les cerises avec les crayons que j' aime beaucoup ne sont probablement pas cachées <eos>,13,cachées,cachés,11,M,cachées,-8.282853,cachés,-9.147705,1
5733,P_NOUN_8_PASS_b,F,P,les cerises avec les crayons que j' aime beaucoup ne sont probablement pas cassées <eos>,13,cassées,cassés,11,M,cassées,-8.729977,cassés,-9.4611435,1
5734,P_NOUN_8_PASS_b,F,P,les cerises avec les crayons que j' aime beaucoup ne sont probablement pas couvertes <eos>,13,couvertes,couverts,11,M,couvertes,-8.035109,couverts,-7.93457,0
5735,P_NOUN_8_PASS_b,F,P,les cerises avec les crayons que j' aime beaucoup ne sont probablement pas déformées <eos>,13,déformées,déformés,11,M,déformées,-8.46349,déformés,-13.049241,1
5736,P_NOUN_8_PASS_b,F,P,les cerises avec les crayons que j' aime beaucoup ne sont probablement pas fixées <eos>,13,fixées,fixés,11,M,fixées,-9.1143,fixés,-9.991932,1
5737,P_NOUN_8_PASS_b,F,P,les cerises avec les crayons que j' aime beaucoup ne sont probablement pas jetées <eos>,13,jetées,jetés,11,M,jetées,-9.6869,jetés,-9.526475,0
5738,P_NOUN_8_PASS_b,F,P,les cerises avec les crayons que j' aime beaucoup ne sont probablement pas laissées <eos>,13,laissées,laissés,11,M,laissées,-7.8534055,laissés,-9.355093,1
5739,P_NOUN_8_PASS_b,F,P,les cerises avec les crayons que j' aime beaucoup ne sont probablement pas ouvertes <eos>,13,ouvertes,ouverts,11,M,ouvertes,-8.279857,ouverts,-9.339586,1
5740,P_NOUN_8_PASS_b,F,P,les cerises avec les crayons que j' aime beaucoup ne sont probablement pas perdues <eos>,13,perdues,perdus,11,M,perdues,-7.772839,perdus,-8.818082,1
5741,P_NOUN_8_PASS_b,F,P,les cerises avec les crayons que j' aime beaucoup ne sont probablement pas réparées <eos>,13,réparées,réparés,11,M,réparées,-9.299939,réparés,-11.838717,1
5742,P_NOUN_8_PASS_b,F,P,les cerises avec les crayons que j' aime beaucoup ne sont probablement pas retirées <eos>,13,retirées,retirés,11,M,retirées,-8.6202135,retirés,-9.9766245,1
5743,P_NOUN_8_PASS_b,F,P,les cerises avec les crayons que j' aime beaucoup ne sont probablement pas tombées <eos>,13,tombées,tombés,11,M,tombées,-7.8806896,tombés,-8.067863,1
5744,P_NOUN_8_PASS_b,F,P,les cerises avec les crayons que j' aime beaucoup ne sont probablement pas utilisées <eos>,13,utilisées,utilisés,11,M,utilisées,-5.343135,utilisés,-6.478158,1
5745,P_NOUN_8_PASS_b,F,P,les cerises avec les rideaux que j' aime beaucoup ne sont probablement pas achetées <eos>,13,achetées,achetés,11,M,achetées,-10.156161,achetés,-9.892406,0
5746,P_NOUN_8_PASS_b,F,P,les cerises avec les rideaux que j' aime beaucoup ne sont probablement pas brisées <eos>,13,brisées,brisés,11,M,brisées,-9.512554,brisés,-12.317815,1
5747,P_NOUN_8_PASS_b,F,P,les cerises avec les rideaux que j' aime beaucoup ne sont probablement pas cachées <eos>,13,cachées,cachés,11,M,cachées,-7.7315474,cachés,-9.06868,1
5748,P_NOUN_8_PASS_b,F,P,les cerises avec les rideaux que j' aime beaucoup ne sont probablement pas cassées <eos>,13,cassées,cassés,11,M,cassées,-8.135199,cassés,-9.72055,1
5749,P_NOUN_8_PASS_b,F,P,les cerises avec les rideaux que j' aime beaucoup ne sont probablement pas couvertes <eos>,13,couvertes,couverts,11,M,couvertes,-7.3896184,couverts,-7.87857,1
5750,P_NOUN_8_PASS_b,F,P,les cerises avec les rideaux que j' aime beaucoup ne sont probablement pas déformées <eos>,13,déformées,déformés,11,M,déformées,-8.423134,déformés,-13.000454,1
5751,P_NOUN_8_PASS_b,F,P,les cerises avec les rideaux que j' aime beaucoup ne sont probablement pas fixées <eos>,13,fixées,fixés,11,M,fixées,-8.650319,fixés,-9.699769,1
5752,P_NOUN_8_PASS_b,F,P,les cerises avec les rideaux que j' aime beaucoup ne sont probablement pas jetées <eos>,13,jetées,jetés,11,M,jetées,-8.975,jetés,-9.492471,1
5753,P_NOUN_8_PASS_b,F,P,les cerises avec les rideaux que j' aime beaucoup ne sont probablement pas laissées <eos>,13,laissées,laissés,11,M,laissées,-7.5184917,laissés,-9.4873905,1
5754,P_NOUN_8_PASS_b,F,P,les cerises avec les rideaux que j' aime beaucoup ne sont probablement pas ouvertes <eos>,13,ouvertes,ouverts,11,M,ouvertes,-7.8222656,ouverts,-8.924676,1
5755,P_NOUN_8_PASS_b,F,P,les cerises avec les rideaux que j' aime beaucoup ne sont probablement pas perdues <eos>,13,perdues,perdus,11,M,perdues,-7.8470354,perdus,-8.862845,1
5756,P_NOUN_8_PASS_b,F,P,les cerises avec les rideaux que j' aime beaucoup ne sont probablement pas réparées <eos>,13,réparées,réparés,11,M,réparées,-9.023311,réparés,-12.0114565,1
5757,P_NOUN_8_PASS_b,F,P,les cerises avec les rideaux que j' aime beaucoup ne sont probablement pas retirées <eos>,13,retirées,retirés,11,M,retirées,-8.287602,retirés,-10.40191,1
5758,P_NOUN_8_PASS_b,F,P,les cerises avec les rideaux que j' aime beaucoup ne sont probablement pas tombées <eos>,13,tombées,tombés,11,M,tombées,-7.6920867,tombés,-8.01321,1
5759,P_NOUN_8_PASS_b,F,P,les cerises avec les rideaux que j' aime beaucoup ne sont probablement pas utilisées <eos>,13,utilisées,utilisés,11,M,utilisées,-5.470514,utilisés,-6.897631,1
5760,P_NOUN_8_PASS_b,F,P,les cerises avec les cahiers que j' aime beaucoup ne sont probablement pas achetées <eos>,13,achetées,achetés,11,M,achetées,-10.345142,achetés,-9.723041,0
5761,P_NOUN_8_PASS_b,F,P,les cerises avec les cahiers que j' aime beaucoup ne sont probablement pas brisées <eos>,13,brisées,brisés,11,M,brisées,-10.507317,brisés,-13.009912,1
5762,P_NOUN_8_PASS_b,F,P,les cerises avec les cahiers que j' aime beaucoup ne sont probablement pas cachées <eos>,13,cachées,cachés,11,M,cachées,-8.434955,cachés,-9.464898,1
5763,P_NOUN_8_PASS_b,F,P,les cerises avec les cahiers que j' aime beaucoup ne sont probablement pas cassées <eos>,13,cassées,cassés,11,M,cassées,-9.406311,cassés,-10.733837,1
5764,P_NOUN_8_PASS_b,F,P,les cerises avec les cahiers que j' aime beaucoup ne sont probablement pas couvertes <eos>,13,couvertes,couverts,11,M,couvertes,-8.367316,couverts,-8.282117,0
5765,P_NOUN_8_PASS_b,F,P,les cerises avec les cahiers que j' aime beaucoup ne sont probablement pas déformées <eos>,13,déformées,déformés,11,M,déformées,-8.864966,déformés,-13.331712,1
5766,P_NOUN_8_PASS_b,F,P,les cerises avec les cahiers que j' aime beaucoup ne sont probablement pas fixées <eos>,13,fixées,fixés,11,M,fixées,-9.595585,fixés,-10.60516,1
5767,P_NOUN_8_PASS_b,F,P,les cerises avec les cahiers que j' aime beaucoup ne sont probablement pas jetées <eos>,13,jetées,jetés,11,M,jetées,-10.327905,jetés,-10.360571,1
5768,P_NOUN_8_PASS_b,F,P,les cerises avec les cahiers que j' aime beaucoup ne sont probablement pas laissées <eos>,13,laissées,laissés,11,M,laissées,-8.066173,laissés,-9.745778,1
5769,P_NOUN_8_PASS_b,F,P,les cerises avec les cahiers que j' aime beaucoup ne sont probablement pas ouvertes <eos>,13,ouvertes,ouverts,11,M,ouvertes,-7.7396727,ouverts,-8.864824,1
5770,P_NOUN_8_PASS_b,F,P,les cerises avec les cahiers que j' aime beaucoup ne sont probablement pas perdues <eos>,13,perdues,perdus,11,M,perdues,-7.5108633,perdus,-8.377253,1
5771,P_NOUN_8_PASS_b,F,P,les cerises avec les cahiers que j' aime beaucoup ne sont probablement pas réparées <eos>,13,réparées,réparés,11,M,réparées,-9.927366,réparés,-12.485908,1
5772,P_NOUN_8_PASS_b,F,P,les cerises avec les cahiers que j' aime beaucoup ne sont probablement pas retirées <eos>,13,retirées,retirés,11,M,retirées,-8.907695,retirés,-10.607503,1
5773,P_NOUN_8_PASS_b,F,P,les cerises avec les cahiers que j' aime beaucoup ne sont probablement pas tombées <eos>,13,tombées,tombés,11,M,tombées,-8.350773,tombés,-8.509114,1
5774,P_NOUN_8_PASS_b,F,P,les cerises avec les cahiers que j' aime beaucoup ne sont probablement pas utilisées <eos>,13,utilisées,utilisés,11,M,utilisées,-5.946276,utilisés,-7.2630553,1
5775,P_NOUN_8_PASS_b,F,P,les cerises avec les micros que j' aime beaucoup ne sont probablement pas achetées <eos>,13,achetées,achetés,11,M,achetées,-10.233591,achetés,-10.053691,0
5776,P_NOUN_8_PASS_b,F,P,les cerises avec les micros que j' aime beaucoup ne sont probablement pas brisées <eos>,13,brisées,brisés,11,M,brisées,-9.685638,brisés,-12.437336,1
5777,P_NOUN_8_PASS_b,F,P,les cerises avec les micros que j' aime beaucoup ne sont probablement pas cachées <eos>,13,cachées,cachés,11,M,cachées,-8.766656,cachés,-9.693657,1
5778,P_NOUN_8_PASS_b,F,P,les cerises avec les micros que j' aime beaucoup ne sont probablement pas cassées <eos>,13,cassées,cassés,11,M,cassées,-8.700192,cassés,-10.191316,1
5779,P_NOUN_8_PASS_b,F,P,les cerises avec les micros que j' aime beaucoup ne sont probablement pas couvertes <eos>,13,couvertes,couverts,11,M,couvertes,-7.7005177,couverts,-7.8718863,1
5780,P_NOUN_8_PASS_b,F,P,les cerises avec les micros que j' aime beaucoup ne sont probablement pas déformées <eos>,13,déformées,déformés,11,M,déformées,-8.681015,déformés,-13.277208,1
5781,P_NOUN_8_PASS_b,F,P,les cerises avec les micros que j' aime beaucoup ne sont probablement pas fixées <eos>,13,fixées,fixés,11,M,fixées,-8.5317955,fixés,-8.9003725,1
5782,P_NOUN_8_PASS_b,F,P,les cerises avec les micros que j' aime beaucoup ne sont probablement pas jetées <eos>,13,jetées,jetés,11,M,jetées,-9.511332,jetés,-9.923779,1
5783,P_NOUN_8_PASS_b,F,P,les cerises avec les micros que j' aime beaucoup ne sont probablement pas laissées <eos>,13,laissées,laissés,11,M,laissées,-7.461746,laissés,-10.01009,1
5784,P_NOUN_8_PASS_b,F,P,les cerises avec les micros que j' aime beaucoup ne sont probablement pas ouvertes <eos>,13,ouvertes,ouverts,11,M,ouvertes,-8.087858,ouverts,-8.874092,1
5785,P_NOUN_8_PASS_b,F,P,les cerises avec les micros que j' aime beaucoup ne sont probablement pas perdues <eos>,13,perdues,perdus,11,M,perdues,-8.326608,perdus,-8.902843,1
5786,P_NOUN_8_PASS_b,F,P,les cerises avec les micros que j' aime beaucoup ne sont probablement pas réparées <eos>,13,réparées,réparés,11,M,réparées,-9.52554,réparés,-12.086223,1
5787,P_NOUN_8_PASS_b,F,P,les cerises avec les micros que j' aime beaucoup ne sont probablement pas retirées <eos>,13,retirées,retirés,11,M,retirées,-8.615423,retirés,-10.401184,1
5788,P_NOUN_8_PASS_b,F,P,les cerises avec les micros que j' aime beaucoup ne sont probablement pas tombées <eos>,13,tombées,tombés,11,M,tombées,-8.554952,tombés,-8.708543,1
5789,P_NOUN_8_PASS_b,F,P,les cerises avec les micros que j' aime beaucoup ne sont probablement pas utilisées <eos>,13,utilisées,utilisés,11,M,utilisées,-5.159224,utilisés,-6.2494264,1
5790,P_NOUN_8_PASS_b,F,P,les cerises avec les sacs que j' aime beaucoup ne sont probablement pas achetées <eos>,13,achetées,achetés,11,M,achetées,-10.246771,achetés,-9.330051,0
5791,P_NOUN_8_PASS_b,F,P,les cerises avec les sacs que j' aime beaucoup ne sont probablement pas brisées <eos>,13,brisées,brisés,11,M,brisées,-10.044808,brisés,-12.310128,1
5792,P_NOUN_8_PASS_b,F,P,les cerises avec les sacs que j' aime beaucoup ne sont probablement pas cachées <eos>,13,cachées,cachés,11,M,cachées,-8.388882,cachés,-9.095948,1
5793,P_NOUN_8_PASS_b,F,P,les cerises avec les sacs que j' aime beaucoup ne sont probablement pas cassées <eos>,13,cassées,cassés,11,M,cassées,-8.565045,cassés,-9.678503,1
5794,P_NOUN_8_PASS_b,F,P,les cerises avec les sacs que j' aime beaucoup ne sont probablement pas couvertes <eos>,13,couvertes,couverts,11,M,couvertes,-7.6580215,couverts,-7.570455,0
5795,P_NOUN_8_PASS_b,F,P,les cerises avec les sacs que j' aime beaucoup ne sont probablement pas déformées <eos>,13,déformées,déformés,11,M,déformées,-9.095206,déformés,-13.32304,1
5796,P_NOUN_8_PASS_b,F,P,les cerises avec les sacs que j' aime beaucoup ne sont probablement pas fixées <eos>,13,fixées,fixés,11,M,fixées,-8.895179,fixés,-9.222115,1
5797,P_NOUN_8_PASS_b,F,P,les cerises avec les sacs que j' aime beaucoup ne sont probablement pas jetées <eos>,13,jetées,jetés,11,M,jetées,-9.222538,jetés,-9.30607,1
5798,P_NOUN_8_PASS_b,F,P,les cerises avec les sacs que j' aime beaucoup ne sont probablement pas laissées <eos>,13,laissées,laissés,11,M,laissées,-8.00081,laissés,-9.41737,1
5799,P_NOUN_8_PASS_b,F,P,les cerises avec les sacs que j' aime beaucoup ne sont probablement pas ouvertes <eos>,13,ouvertes,ouverts,11,M,ouvertes,-8.112397,ouverts,-8.83983,1
5800,P_NOUN_8_PASS_b,F,P,les cerises avec les sacs que j' aime beaucoup ne sont probablement pas perdues <eos>,13,perdues,perdus,11,M,perdues,-8.19253,perdus,-8.794674,1
5801,P_NOUN_8_PASS_b,F,P,les cerises avec les sacs que j' aime beaucoup ne sont probablement pas réparées <eos>,13,réparées,réparés,11,M,réparées,-9.506854,réparés,-11.72423,1
5802,P_NOUN_8_PASS_b,F,P,les cerises avec les sacs que j' aime beaucoup ne sont probablement pas retirées <eos>,13,retirées,retirés,11,M,retirées,-8.79641,retirés,-9.835269,1
5803,P_NOUN_8_PASS_b,F,P,les cerises avec les sacs que j' aime beaucoup ne sont probablement pas tombées <eos>,13,tombées,tombés,11,M,tombées,-8.215994,tombés,-8.013372,0
5804,P_NOUN_8_PASS_b,F,P,les cerises avec les sacs que j' aime beaucoup ne sont probablement pas utilisées <eos>,13,utilisées,utilisés,11,M,utilisées,-5.369203,utilisés,-6.3550744,1
5805,P_NOUN_8_PASS_b,F,P,les cerises avec les claviers que j' aime beaucoup ne sont probablement pas achetées <eos>,13,achetées,achetés,11,M,achetées,-10.441564,achetés,-10.511395,1
5806,P_NOUN_8_PASS_b,F,P,les cerises avec les claviers que j' aime beaucoup ne sont probablement pas brisées <eos>,13,brisées,brisés,11,M,brisées,-9.398342,brisés,-12.304966,1
5807,P_NOUN_8_PASS_b,F,P,les cerises avec les claviers que j' aime beaucoup ne sont probablement pas cachées <eos>,13,cachées,cachés,11,M,cachées,-8.1686325,cachés,-9.697586,1
5808,P_NOUN_8_PASS_b,F,P,les cerises avec les claviers que j' aime beaucoup ne sont probablement pas cassées <eos>,13,cassées,cassés,11,M,cassées,-9.015371,cassés,-10.66587,1
5809,P_NOUN_8_PASS_b,F,P,les cerises avec les claviers que j' aime beaucoup ne sont probablement pas couvertes <eos>,13,couvertes,couverts,11,M,couvertes,-7.9448395,couverts,-8.540981,1
5810,P_NOUN_8_PASS_b,F,P,les cerises avec les claviers que j' aime beaucoup ne sont probablement pas déformées <eos>,13,déformées,déformés,11,M,déformées,-8.256788,déformés,-13.098103,1
5811,P_NOUN_8_PASS_b,F,P,les cerises avec les claviers que j' aime beaucoup ne sont probablement pas fixées <eos>,13,fixées,fixés,11,M,fixées,-8.675142,fixés,-9.401691,1
5812,P_NOUN_8_PASS_b,F,P,les cerises avec les claviers que j' aime beaucoup ne sont probablement pas jetées <eos>,13,jetées,jetés,11,M,jetées,-9.84045,jetés,-10.058117,1
5813,P_NOUN_8_PASS_b,F,P,les cerises avec les claviers que j' aime beaucoup ne sont probablement pas laissées <eos>,13,laissées,laissés,11,M,laissées,-7.7967606,laissés,-10.014799,1
5814,P_NOUN_8_PASS_b,F,P,les cerises avec les claviers que j' aime beaucoup ne sont probablement pas ouvertes <eos>,13,ouvertes,ouverts,11,M,ouvertes,-7.681531,ouverts,-9.058891,1
5815,P_NOUN_8_PASS_b,F,P,les cerises avec les claviers que j' aime beaucoup ne sont probablement pas perdues <eos>,13,perdues,perdus,11,M,perdues,-8.031134,perdus,-9.029505,1
5816,P_NOUN_8_PASS_b,F,P,les cerises avec les claviers que j' aime beaucoup ne sont probablement pas réparées <eos>,13,réparées,réparés,11,M,réparées,-9.628812,réparés,-12.634377,1
5817,P_NOUN_8_PASS_b,F,P,les cerises avec les claviers que j' aime beaucoup ne sont probablement pas retirées <eos>,13,retirées,retirés,11,M,retirées,-8.608357,retirés,-10.68157,1
5818,P_NOUN_8_PASS_b,F,P,les cerises avec les claviers que j' aime beaucoup ne sont probablement pas tombées <eos>,13,tombées,tombés,11,M,tombées,-8.700829,tombés,-9.259124,1
5819,P_NOUN_8_PASS_b,F,P,les cerises avec les claviers que j' aime beaucoup ne sont probablement pas utilisées <eos>,13,utilisées,utilisés,11,M,utilisées,-5.265304,utilisés,-6.6734786,1
5820,P_NOUN_8_PASS_b,F,P,les cerises avec les raisins que j' aime beaucoup ne sont probablement pas achetées <eos>,13,achetées,achetés,11,M,achetées,-9.619729,achetés,-9.108254,0
5821,P_NOUN_8_PASS_b,F,P,les cerises avec les raisins que j' aime beaucoup ne sont probablement pas brisées <eos>,13,brisées,brisés,11,M,brisées,-10.29735,brisés,-13.133104,1
5822,P_NOUN_8_PASS_b,F,P,les cerises avec les raisins que j' aime beaucoup ne sont probablement pas cachées <eos>,13,cachées,cachés,11,M,cachées,-8.347179,cachés,-9.662675,1
5823,P_NOUN_8_PASS_b,F,P,les cerises avec les raisins que j' aime beaucoup ne sont probablement pas cassées <eos>,13,cassées,cassés,11,M,cassées,-9.1126795,cassés,-9.390569,1
5824,P_NOUN_8_PASS_b,F,P,les cerises avec les raisins que j' aime beaucoup ne sont probablement pas couvertes <eos>,13,couvertes,couverts,11,M,couvertes,-7.4311614,couverts,-7.3441863,0
5825,P_NOUN_8_PASS_b,F,P,les cerises avec les raisins que j' aime beaucoup ne sont probablement pas déformées <eos>,13,déformées,déformés,11,M,déformées,-9.0445385,déformés,-14.2015915,1
5826,P_NOUN_8_PASS_b,F,P,les cerises avec les raisins que j' aime beaucoup ne sont probablement pas fixées <eos>,13,fixées,fixés,11,M,fixées,-8.819057,fixés,-9.491334,1
5827,P_NOUN_8_PASS_b,F,P,les cerises avec les raisins que j' aime beaucoup ne sont probablement pas jetées <eos>,13,jetées,jetés,11,M,jetées,-10.445128,jetés,-10.715629,1
5828,P_NOUN_8_PASS_b,F,P,les cerises avec les raisins que j' aime beaucoup ne sont probablement pas laissées <eos>,13,laissées,laissés,11,M,laissées,-7.599672,laissés,-9.466793,1
5829,P_NOUN_8_PASS_b,F,P,les cerises avec les raisins que j' aime beaucoup ne sont probablement pas ouvertes <eos>,13,ouvertes,ouverts,11,M,ouvertes,-8.037229,ouverts,-9.499876,1
5830,P_NOUN_8_PASS_b,F,P,les cerises avec les raisins que j' aime beaucoup ne sont probablement pas perdues <eos>,13,perdues,perdus,11,M,perdues,-8.189997,perdus,-9.239504,1
5831,P_NOUN_8_PASS_b,F,P,les cerises avec les raisins que j' aime beaucoup ne sont probablement pas réparées <eos>,13,réparées,réparés,11,M,réparées,-9.71846,réparés,-12.22984,1
5832,P_NOUN_8_PASS_b,F,P,les cerises avec les raisins que j' aime beaucoup ne sont probablement pas retirées <eos>,13,retirées,retirés,11,M,retirées,-8.542364,retirés,-10.140812,1
5833,P_NOUN_8_PASS_b,F,P,les cerises avec les raisins que j' aime beaucoup ne sont probablement pas tombées <eos>,13,tombées,tombés,11,M,tombées,-7.566023,tombés,-7.9721584,1
5834,P_NOUN_8_PASS_b,F,P,les cerises avec les raisins que j' aime beaucoup ne sont probablement pas utilisées <eos>,13,utilisées,utilisés,11,M,utilisées,-5.023251,utilisés,-6.3647704,1
5835,P_NOUN_8_PASS_b,F,P,les cerises avec les chargeurs que j' aime beaucoup ne sont probablement pas achetées <eos>,13,achetées,achetés,11,M,achetées,-9.663551,achetés,-9.845536,1
5836,P_NOUN_8_PASS_b,F,P,les cerises avec les chargeurs que j' aime beaucoup ne sont probablement pas brisées <eos>,13,brisées,brisés,11,M,brisées,-9.726934,brisés,-12.659342,1
5837,P_NOUN_8_PASS_b,F,P,les cerises avec les chargeurs que j' aime beaucoup ne sont probablement pas cachées <eos>,13,cachées,cachés,11,M,cachées,-8.55163,cachés,-8.956402,1
5838,P_NOUN_8_PASS_b,F,P,les cerises avec les chargeurs que j' aime beaucoup ne sont probablement pas cassées <eos>,13,cassées,cassés,11,M,cassées,-8.6756115,cassés,-9.676637,1
5839,P_NOUN_8_PASS_b,F,P,les cerises avec les chargeurs que j' aime beaucoup ne sont probablement pas couvertes <eos>,13,couvertes,couverts,11,M,couvertes,-7.474393,couverts,-7.7468243,1
5840,P_NOUN_8_PASS_b,F,P,les cerises avec les chargeurs que j' aime beaucoup ne sont probablement pas déformées <eos>,13,déformées,déformés,11,M,déformées,-9.2252655,déformés,-13.8947315,1
5841,P_NOUN_8_PASS_b,F,P,les cerises avec les chargeurs que j' aime beaucoup ne sont probablement pas fixées <eos>,13,fixées,fixés,11,M,fixées,-8.307412,fixés,-9.0232,1
5842,P_NOUN_8_PASS_b,F,P,les cerises avec les chargeurs que j' aime beaucoup ne sont probablement pas jetées <eos>,13,jetées,jetés,11,M,jetées,-9.488581,jetés,-9.470183,0
5843,P_NOUN_8_PASS_b,F,P,les cerises avec les chargeurs que j' aime beaucoup ne sont probablement pas laissées <eos>,13,laissées,laissés,11,M,laissées,-7.6820292,laissés,-9.872777,1
5844,P_NOUN_8_PASS_b,F,P,les cerises avec les chargeurs que j' aime beaucoup ne sont probablement pas ouvertes <eos>,13,ouvertes,ouverts,11,M,ouvertes,-8.18179,ouverts,-9.044631,1
5845,P_NOUN_8_PASS_b,F,P,les cerises avec les chargeurs que j' aime beaucoup ne sont probablement pas perdues <eos>,13,perdues,perdus,11,M,perdues,-7.6144385,perdus,-8.737213,1
5846,P_NOUN_8_PASS_b,F,P,les cerises avec les chargeurs que j' aime beaucoup ne sont probablement pas réparées <eos>,13,réparées,réparés,11,M,réparées,-9.395948,réparés,-11.539564,1
5847,P_NOUN_8_PASS_b,F,P,les cerises avec les chargeurs que j' aime beaucoup ne sont probablement pas retirées <eos>,13,retirées,retirés,11,M,retirées,-8.302356,retirés,-9.153729,1
5848,P_NOUN_8_PASS_b,F,P,les cerises avec les chargeurs que j' aime beaucoup ne sont probablement pas tombées <eos>,13,tombées,tombés,11,M,tombées,-8.286146,tombés,-7.7633476,0
5849,P_NOUN_8_PASS_b,F,P,les cerises avec les chargeurs que j' aime beaucoup ne sont probablement pas utilisées <eos>,13,utilisées,utilisés,11,M,utilisées,-4.8197308,utilisés,-6.129944,1
5850,P_NOUN_8_PASS_b,F,P,les cerises avec les vases que j' aime beaucoup ne sont probablement pas achetées <eos>,13,achetées,achetés,11,M,achetées,-10.442728,achetés,-9.90771,0
5851,P_NOUN_8_PASS_b,F,P,les cerises avec les vases que j' aime beaucoup ne sont probablement pas brisées <eos>,13,brisées,brisés,11,M,brisées,-9.695079,brisés,-12.170394,1
5852,P_NOUN_8_PASS_b,F,P,les cerises avec les vases que j' aime beaucoup ne sont probablement pas cachées <eos>,13,cachées,cachés,11,M,cachées,-7.997736,cachés,-9.510402,1
5853,P_NOUN_8_PASS_b,F,P,les cerises avec les vases que j' aime beaucoup ne sont probablement pas cassées <eos>,13,cassées,cassés,11,M,cassées,-8.178468,cassés,-9.483394,1
5854,P_NOUN_8_PASS_b,F,P,les cerises avec les vases que j' aime beaucoup ne sont probablement pas couvertes <eos>,13,couvertes,couverts,11,M,couvertes,-7.6965346,couverts,-7.6929946,0
5855,P_NOUN_8_PASS_b,F,P,les cerises avec les vases que j' aime beaucoup ne sont probablement pas déformées <eos>,13,déformées,déformés,11,M,déformées,-8.110182,déformés,-12.781745,1
5856,P_NOUN_8_PASS_b,F,P,les cerises avec les vases que j' aime beaucoup ne sont probablement pas fixées <eos>,13,fixées,fixés,11,M,fixées,-8.391118,fixés,-9.520209,1
5857,P_NOUN_8_PASS_b,F,P,les cerises avec les vases que j' aime beaucoup ne sont probablement pas jetées <eos>,13,jetées,jetés,11,M,jetées,-9.233091,jetés,-9.451275,1
5858,P_NOUN_8_PASS_b,F,P,les cerises avec les vases que j' aime beaucoup ne sont probablement pas laissées <eos>,13,laissées,laissés,11,M,laissées,-7.7603583,laissés,-9.441824,1
5859,P_NOUN_8_PASS_b,F,P,les cerises avec les vases que j' aime beaucoup ne sont probablement pas ouvertes <eos>,13,ouvertes,ouverts,11,M,ouvertes,-8.1796055,ouverts,-9.189406,1
5860,P_NOUN_8_PASS_b,F,P,les cerises avec les vases que j' aime beaucoup ne sont probablement pas perdues <eos>,13,perdues,perdus,11,M,perdues,-8.117256,perdus,-8.918893,1
5861,P_NOUN_8_PASS_b,F,P,les cerises avec les vases que j' aime beaucoup ne sont probablement pas réparées <eos>,13,réparées,réparés,11,M,réparées,-9.564291,réparés,-12.274731,1
5862,P_NOUN_8_PASS_b,F,P,les cerises avec les vases que j' aime beaucoup ne sont probablement pas retirées <eos>,13,retirées,retirés,11,M,retirées,-8.6508875,retirés,-10.108361,1
5863,P_NOUN_8_PASS_b,F,P,les cerises avec les vases que j' aime beaucoup ne sont probablement pas tombées <eos>,13,tombées,tombés,11,M,tombées,-7.8271937,tombés,-8.001545,1
5864,P_NOUN_8_PASS_b,F,P,les cerises avec les vases que j' aime beaucoup ne sont probablement pas utilisées <eos>,13,utilisées,utilisés,11,M,utilisées,-5.3296604,utilisés,-6.468608,1
5865,P_NOUN_8_PASS_b,F,P,les cerises avec les paniers que j' aime beaucoup ne sont probablement pas achetées <eos>,13,achetées,achetés,11,M,achetées,-10.17177,achetés,-9.564894,0
5866,P_NOUN_8_PASS_b,F,P,les cerises avec les paniers que j' aime beaucoup ne sont probablement pas brisées <eos>,13,brisées,brisés,11,M,brisées,-9.6688,brisés,-12.36894,1
5867,P_NOUN_8_PASS_b,F,P,les cerises avec les paniers que j' aime beaucoup ne sont probablement pas cachées <eos>,13,cachées,cachés,11,M,cachées,-8.193442,cachés,-9.267943,1
5868,P_NOUN_8_PASS_b,F,P,les cerises avec les paniers que j' aime beaucoup ne sont probablement pas cassées <eos>,13,cassées,cassés,11,M,cassées,-8.242574,cassés,-9.6667595,1
5869,P_NOUN_8_PASS_b,F,P,les cerises avec les paniers que j' aime beaucoup ne sont probablement pas couvertes <eos>,13,couvertes,couverts,11,M,couvertes,-7.599244,couverts,-7.718955,1
5870,P_NOUN_8_PASS_b,F,P,les cerises avec les paniers que j' aime beaucoup ne sont probablement pas déformées <eos>,13,déformées,déformés,11,M,déformées,-8.74281,déformés,-13.409549,1
5871,P_NOUN_8_PASS_b,F,P,les cerises avec les paniers que j' aime beaucoup ne sont probablement pas fixées <eos>,13,fixées,fixés,11,M,fixées,-8.355422,fixés,-9.219155,1
5872,P_NOUN_8_PASS_b,F,P,les cerises avec les paniers que j' aime beaucoup ne sont probablement pas jetées <eos>,13,jetées,jetés,11,M,jetées,-8.865597,jetés,-9.3934765,1
5873,P_NOUN_8_PASS_b,F,P,les cerises avec les paniers que j' aime beaucoup ne sont probablement pas laissées <eos>,13,laissées,laissés,11,M,laissées,-7.942624,laissés,-9.583493,1
5874,P_NOUN_8_PASS_b,F,P,les cerises avec les paniers que j' aime beaucoup ne sont probablement pas ouvertes <eos>,13,ouvertes,ouverts,11,M,ouvertes,-8.03655,ouverts,-9.282303,1
5875,P_NOUN_8_PASS_b,F,P,les cerises avec les paniers que j' aime beaucoup ne sont probablement pas perdues <eos>,13,perdues,perdus,11,M,perdues,-7.989437,perdus,-8.908033,1
5876,P_NOUN_8_PASS_b,F,P,les cerises avec les paniers que j' aime beaucoup ne sont probablement pas réparées <eos>,13,réparées,réparés,11,M,réparées,-9.473624,réparés,-12.144195,1
5877,P_NOUN_8_PASS_b,F,P,les cerises avec les paniers que j' aime beaucoup ne sont probablement pas retirées <eos>,13,retirées,retirés,11,M,retirées,-8.474167,retirés,-9.9675255,1
5878,P_NOUN_8_PASS_b,F,P,les cerises avec les paniers que j' aime beaucoup ne sont probablement pas tombées <eos>,13,tombées,tombés,11,M,tombées,-7.878331,tombés,-7.968293,1
5879,P_NOUN_8_PASS_b,F,P,les cerises avec les paniers que j' aime beaucoup ne sont probablement pas utilisées <eos>,13,utilisées,utilisés,11,M,utilisées,-4.9929,utilisés,-6.222925,1
5880,P_NOUN_8_PASS_b,F,P,les cerises avec les colliers que j' aime beaucoup ne sont probablement pas achetées <eos>,13,achetées,achetés,11,M,achetées,-10.342358,achetés,-10.024307,0
5881,P_NOUN_8_PASS_b,F,P,les cerises avec les colliers que j' aime beaucoup ne sont probablement pas brisées <eos>,13,brisées,brisés,11,M,brisées,-9.5936985,brisés,-12.219889,1
5882,P_NOUN_8_PASS_b,F,P,les cerises avec les colliers que j' aime beaucoup ne sont probablement pas cachées <eos>,13,cachées,cachés,11,M,cachées,-8.450486,cachés,-9.508967,1
5883,P_NOUN_8_PASS_b,F,P,les cerises avec les colliers que j' aime beaucoup ne sont probablement pas cassées <eos>,13,cassées,cassés,11,M,cassées,-8.287565,cassés,-9.253628,1
5884,P_NOUN_8_PASS_b,F,P,les cerises avec les colliers que j' aime beaucoup ne sont probablement pas couvertes <eos>,13,couvertes,couverts,11,M,couvertes,-7.719104,couverts,-8.153868,1
5885,P_NOUN_8_PASS_b,F,P,les cerises avec les colliers que j' aime beaucoup ne sont probablement pas déformées <eos>,13,déformées,déformés,11,M,déformées,-8.19297,déformés,-13.128071,1
5886,P_NOUN_8_PASS_b,F,P,les cerises avec les colliers que j' aime beaucoup ne sont probablement pas fixées <eos>,13,fixées,fixés,11,M,fixées,-8.151872,fixés,-9.4098,1
5887,P_NOUN_8_PASS_b,F,P,les cerises avec les colliers que j' aime beaucoup ne sont probablement pas jetées <eos>,13,jetées,jetés,11,M,jetées,-9.155978,jetés,-9.260731,1
5888,P_NOUN_8_PASS_b,F,P,les cerises avec les colliers que j' aime beaucoup ne sont probablement pas laissées <eos>,13,laissées,laissés,11,M,laissées,-7.9257593,laissés,-9.803327,1
5889,P_NOUN_8_PASS_b,F,P,les cerises avec les colliers que j' aime beaucoup ne sont probablement pas ouvertes <eos>,13,ouvertes,ouverts,11,M,ouvertes,-8.449408,ouverts,-9.691985,1
5890,P_NOUN_8_PASS_b,F,P,les cerises avec les colliers que j' aime beaucoup ne sont probablement pas perdues <eos>,13,perdues,perdus,11,M,perdues,-7.8026648,perdus,-8.868956,1
5891,P_NOUN_8_PASS_b,F,P,les cerises avec les colliers que j' aime beaucoup ne sont probablement pas réparées <eos>,13,réparées,réparés,11,M,réparées,-9.384197,réparés,-12.1989355,1
5892,P_NOUN_8_PASS_b,F,P,les cerises avec les colliers que j' aime beaucoup ne sont probablement pas retirées <eos>,13,retirées,retirés,11,M,retirées,-8.274184,retirés,-9.74745,1
5893,P_NOUN_8_PASS_b,F,P,les cerises avec les colliers que j' aime beaucoup ne sont probablement pas tombées <eos>,13,tombées,tombés,11,M,tombées,-7.647702,tombés,-7.9821243,1
5894,P_NOUN_8_PASS_b,F,P,les cerises avec les colliers que j' aime beaucoup ne sont probablement pas utilisées <eos>,13,utilisées,utilisés,11,M,utilisées,-4.8423915,utilisés,-6.1803565,1
5895,P_NOUN_8_PASS_b,F,P,les cerises avec les chapeaux que j' aime beaucoup ne sont probablement pas achetées <eos>,13,achetées,achetés,11,M,achetées,-10.126252,achetés,-9.859586,0
5896,P_NOUN_8_PASS_b,F,P,les cerises avec les chapeaux que j' aime beaucoup ne sont probablement pas brisées <eos>,13,brisées,brisés,11,M,brisées,-9.925251,brisés,-12.78916,1
5897,P_NOUN_8_PASS_b,F,P,les cerises avec les chapeaux que j' aime beaucoup ne sont probablement pas cachées <eos>,13,cachées,cachés,11,M,cachées,-8.046469,cachés,-9.374058,1
5898,P_NOUN_8_PASS_b,F,P,les cerises avec les chapeaux que j' aime beaucoup ne sont probablement pas cassées <eos>,13,cassées,cassés,11,M,cassées,-8.414877,cassés,-10.059772,1
5899,P_NOUN_8_PASS_b,F,P,les cerises avec les chapeaux que j' aime beaucoup ne sont probablement pas couvertes <eos>,13,couvertes,couverts,11,M,couvertes,-7.7765365,couverts,-7.9732337,1
5900,P_NOUN_8_PASS_b,F,P,les cerises avec les chapeaux que j' aime beaucoup ne sont probablement pas déformées <eos>,13,déformées,déformés,11,M,déformées,-8.952279,déformés,-13.430324,1
5901,P_NOUN_8_PASS_b,F,P,les cerises avec les chapeaux que j' aime beaucoup ne sont probablement pas fixées <eos>,13,fixées,fixés,11,M,fixées,-8.648987,fixés,-9.753191,1
5902,P_NOUN_8_PASS_b,F,P,les cerises avec les chapeaux que j' aime beaucoup ne sont probablement pas jetées <eos>,13,jetées,jetés,11,M,jetées,-9.170088,jetés,-9.7866335,1
5903,P_NOUN_8_PASS_b,F,P,les cerises avec les chapeaux que j' aime beaucoup ne sont probablement pas laissées <eos>,13,laissées,laissés,11,M,laissées,-8.075633,laissés,-9.758093,1
5904,P_NOUN_8_PASS_b,F,P,les cerises avec les chapeaux que j' aime beaucoup ne sont probablement pas ouvertes <eos>,13,ouvertes,ouverts,11,M,ouvertes,-8.08201,ouverts,-9.316328,1
5905,P_NOUN_8_PASS_b,F,P,les cerises avec les chapeaux que j' aime beaucoup ne sont probablement pas perdues <eos>,13,perdues,perdus,11,M,perdues,-8.014737,perdus,-9.198811,1
5906,P_NOUN_8_PASS_b,F,P,les cerises avec les chapeaux que j' aime beaucoup ne sont probablement pas réparées <eos>,13,réparées,réparés,11,M,réparées,-9.74415,réparés,-12.477606,1
5907,P_NOUN_8_PASS_b,F,P,les cerises avec les chapeaux que j' aime beaucoup ne sont probablement pas retirées <eos>,13,retirées,retirés,11,M,retirées,-8.6040945,retirés,-10.184816,1
5908,P_NOUN_8_PASS_b,F,P,les cerises avec les chapeaux que j' aime beaucoup ne sont probablement pas tombées <eos>,13,tombées,tombés,11,M,tombées,-7.8596773,tombés,-7.6580095,0
5909,P_NOUN_8_PASS_b,F,P,les cerises avec les chapeaux que j' aime beaucoup ne sont probablement pas utilisées <eos>,13,utilisées,utilisés,11,M,utilisées,-5.4004374,utilisés,-6.717945,1
5910,P_NOUN_8_PASS_b,F,P,les cerises avec les pots que j' aime beaucoup ne sont probablement pas achetées <eos>,13,achetées,achetés,11,M,achetées,-9.884163,achetés,-9.121466,0
5911,P_NOUN_8_PASS_b,F,P,les cerises avec les pots que j' aime beaucoup ne sont probablement pas brisées <eos>,13,brisées,brisés,11,M,brisées,-9.687284,brisés,-12.030809,1
5912,P_NOUN_8_PASS_b,F,P,les cerises avec les pots que j' aime beaucoup ne sont probablement pas cachées <eos>,13,cachées,cachés,11,M,cachées,-8.48303,cachés,-9.112633,1
5913,P_NOUN_8_PASS_b,F,P,les cerises avec les pots que j' aime beaucoup ne sont probablement pas cassées <eos>,13,cassées,cassés,11,M,cassées,-8.210719,cassés,-9.122019,1
5914,P_NOUN_8_PASS_b,F,P,les cerises avec les pots que j' aime beaucoup ne sont probablement pas couvertes <eos>,13,couvertes,couverts,11,M,couvertes,-7.425982,couverts,-7.1203237,0
5915,P_NOUN_8_PASS_b,F,P,les cerises avec les pots que j' aime beaucoup ne sont probablement pas déformées <eos>,13,déformées,déformés,11,M,déformées,-8.458094,déformés,-13.24987,1
5916,P_NOUN_8_PASS_b,F,P,les cerises avec les pots que j' aime beaucoup ne sont probablement pas fixées <eos>,13,fixées,fixés,11,M,fixées,-8.649366,fixés,-9.090378,1
5917,P_NOUN_8_PASS_b,F,P,les cerises avec les pots que j' aime beaucoup ne sont probablement pas jetées <eos>,13,jetées,jetés,11,M,jetées,-9.196555,jetés,-9.246037,1
5918,P_NOUN_8_PASS_b,F,P,les cerises avec les pots que j' aime beaucoup ne sont probablement pas laissées <eos>,13,laissées,laissés,11,M,laissées,-7.5314283,laissés,-9.328994,1
5919,P_NOUN_8_PASS_b,F,P,les cerises avec les pots que j' aime beaucoup ne sont probablement pas ouvertes <eos>,13,ouvertes,ouverts,11,M,ouvertes,-7.8951902,ouverts,-8.569129,1
5920,P_NOUN_8_PASS_b,F,P,les cerises avec les pots que j' aime beaucoup ne sont probablement pas perdues <eos>,13,perdues,perdus,11,M,perdues,-8.0428295,perdus,-8.383377,1
5921,P_NOUN_8_PASS_b,F,P,les cerises avec les pots que j' aime beaucoup ne sont probablement pas réparées <eos>,13,réparées,réparés,11,M,réparées,-9.193757,réparés,-11.525757,1
5922,P_NOUN_8_PASS_b,F,P,les cerises avec les pots que j' aime beaucoup ne sont probablement pas retirées <eos>,13,retirées,retirés,11,M,retirées,-8.370362,retirés,-9.582439,1
5923,P_NOUN_8_PASS_b,F,P,les cerises avec les pots que j' aime beaucoup ne sont probablement pas tombées <eos>,13,tombées,tombés,11,M,tombées,-8.019801,tombés,-7.721566,0
5924,P_NOUN_8_PASS_b,F,P,les cerises avec les pots que j' aime beaucoup ne sont probablement pas utilisées <eos>,13,utilisées,utilisés,11,M,utilisées,-4.9907393,utilisés,-5.8270698,1
5925,P_NOUN_8_PASS_b,F,P,les cerises avec les coussins que j' aime beaucoup ne sont probablement pas achetées <eos>,13,achetées,achetés,11,M,achetées,-9.95266,achetés,-9.894631,0
5926,P_NOUN_8_PASS_b,F,P,les cerises avec les coussins que j' aime beaucoup ne sont probablement pas brisées <eos>,13,brisées,brisés,11,M,brisées,-9.28225,brisés,-12.11717,1
5927,P_NOUN_8_PASS_b,F,P,les cerises avec les coussins que j' aime beaucoup ne sont probablement pas cachées <eos>,13,cachées,cachés,11,M,cachées,-8.090654,cachés,-9.449414,1
5928,P_NOUN_8_PASS_b,F,P,les cerises avec les coussins que j' aime beaucoup ne sont probablement pas cassées <eos>,13,cassées,cassés,11,M,cassées,-7.729963,cassés,-9.817626,1
5929,P_NOUN_8_PASS_b,F,P,les cerises avec les coussins que j' aime beaucoup ne sont probablement pas couvertes <eos>,13,couvertes,couverts,11,M,couvertes,-7.141916,couverts,-8.021793,1
5930,P_NOUN_8_PASS_b,F,P,les cerises avec les coussins que j' aime beaucoup ne sont probablement pas déformées <eos>,13,déformées,déformés,11,M,déformées,-8.206864,déformés,-13.150255,1
5931,P_NOUN_8_PASS_b,F,P,les cerises avec les coussins que j' aime beaucoup ne sont probablement pas fixées <eos>,13,fixées,fixés,11,M,fixées,-8.151563,fixés,-9.300022,1
5932,P_NOUN_8_PASS_b,F,P,les cerises avec les coussins que j' aime beaucoup ne sont probablement pas jetées <eos>,13,jetées,jetés,11,M,jetées,-8.273744,jetés,-9.30583,1
5933,P_NOUN_8_PASS_b,F,P,les cerises avec les coussins que j' aime beaucoup ne sont probablement pas laissées <eos>,13,laissées,laissés,11,M,laissées,-7.3238087,laissés,-9.772614,1
5934,P_NOUN_8_PASS_b,F,P,les cerises avec les coussins que j' aime beaucoup ne sont probablement pas ouvertes <eos>,13,ouvertes,ouverts,11,M,ouvertes,-7.4777827,ouverts,-8.68184,1
5935,P_NOUN_8_PASS_b,F,P,les cerises avec les coussins que j' aime beaucoup ne sont probablement pas perdues <eos>,13,perdues,perdus,11,M,perdues,-7.861328,perdus,-8.767149,1
5936,P_NOUN_8_PASS_b,F,P,les cerises avec les coussins que j' aime beaucoup ne sont probablement pas réparées <eos>,13,réparées,réparés,11,M,réparées,-8.822672,réparés,-11.763315,1
5937,P_NOUN_8_PASS_b,F,P,les cerises avec les coussins que j' aime beaucoup ne sont probablement pas retirées <eos>,13,retirées,retirés,11,M,retirées,-8.177659,retirés,-10.102402,1
5938,P_NOUN_8_PASS_b,F,P,les cerises avec les coussins que j' aime beaucoup ne sont probablement pas tombées <eos>,13,tombées,tombés,11,M,tombées,-7.9598513,tombés,-8.427624,1
5939,P_NOUN_8_PASS_b,F,P,les cerises avec les coussins que j' aime beaucoup ne sont probablement pas utilisées <eos>,13,utilisées,utilisés,11,M,utilisées,-4.884038,utilisés,-6.5278845,1
5940,P_NOUN_8_PASS_b,F,P,les cerises avec les jouets que j' aime beaucoup ne sont probablement pas achetées <eos>,13,achetées,achetés,11,M,achetées,-10.596666,achetés,-9.604086,0
5941,P_NOUN_8_PASS_b,F,P,les cerises avec les jouets que j' aime beaucoup ne sont probablement pas brisées <eos>,13,brisées,brisés,11,M,brisées,-10.125349,brisés,-12.294231,1
5942,P_NOUN_8_PASS_b,F,P,les cerises avec les jouets que j' aime beaucoup ne sont probablement pas cachées <eos>,13,cachées,cachés,11,M,cachées,-8.374561,cachés,-8.945827,1
5943,P_NOUN_8_PASS_b,F,P,les cerises avec les jouets que j' aime beaucoup ne sont probablement pas cassées <eos>,13,cassées,cassés,11,M,cassées,-9.142362,cassés,-9.950393,1
5944,P_NOUN_8_PASS_b,F,P,les cerises avec les jouets que j' aime beaucoup ne sont probablement pas couvertes <eos>,13,couvertes,couverts,11,M,couvertes,-8.502923,couverts,-8.374554,0
5945,P_NOUN_8_PASS_b,F,P,les cerises avec les jouets que j' aime beaucoup ne sont probablement pas déformées <eos>,13,déformées,déformés,11,M,déformées,-9.200955,déformés,-12.7959585,1
5946,P_NOUN_8_PASS_b,F,P,les cerises avec les jouets que j' aime beaucoup ne sont probablement pas fixées <eos>,13,fixées,fixés,11,M,fixées,-9.508072,fixés,-9.489992,0
5947,P_NOUN_8_PASS_b,F,P,les cerises avec les jouets que j' aime beaucoup ne sont probablement pas jetées <eos>,13,jetées,jetés,11,M,jetées,-9.799723,jetés,-9.466377,0
5948,P_NOUN_8_PASS_b,F,P,les cerises avec les jouets que j' aime beaucoup ne sont probablement pas laissées <eos>,13,laissées,laissés,11,M,laissées,-8.41756,laissés,-9.4804125,1
5949,P_NOUN_8_PASS_b,F,P,les cerises avec les jouets que j' aime beaucoup ne sont probablement pas ouvertes <eos>,13,ouvertes,ouverts,11,M,ouvertes,-8.585817,ouverts,-8.903026,1
5950,P_NOUN_8_PASS_b,F,P,les cerises avec les jouets que j' aime beaucoup ne sont probablement pas perdues <eos>,13,perdues,perdus,11,M,perdues,-8.802871,perdus,-8.754973,0
5951,P_NOUN_8_PASS_b,F,P,les cerises avec les jouets que j' aime beaucoup ne sont probablement pas réparées <eos>,13,réparées,réparés,11,M,réparées,-9.880714,réparés,-12.304667,1
5952,P_NOUN_8_PASS_b,F,P,les cerises avec les jouets que j' aime beaucoup ne sont probablement pas retirées <eos>,13,retirées,retirés,11,M,retirées,-9.08645,retirés,-10.351532,1
5953,P_NOUN_8_PASS_b,F,P,les cerises avec les jouets que j' aime beaucoup ne sont probablement pas tombées <eos>,13,tombées,tombés,11,M,tombées,-8.656684,tombés,-8.221392,0
5954,P_NOUN_8_PASS_b,F,P,les cerises avec les jouets que j' aime beaucoup ne sont probablement pas utilisées <eos>,13,utilisées,utilisés,11,M,utilisées,-6.1532125,utilisés,-6.832961,1
5955,P_NOUN_8_PASS_b,F,P,les cerises avec les clous que j' aime beaucoup ne sont probablement pas achetées <eos>,13,achetées,achetés,11,M,achetées,-10.049463,achetés,-9.829588,0
5956,P_NOUN_8_PASS_b,F,P,les cerises avec les clous que j' aime beaucoup ne sont probablement pas brisées <eos>,13,brisées,brisés,11,M,brisées,-9.48889,brisés,-12.276921,1
5957,P_NOUN_8_PASS_b,F,P,les cerises avec les clous que j' aime beaucoup ne sont probablement pas cachées <eos>,13,cachées,cachés,11,M,cachées,-8.0554695,cachés,-9.233571,1
5958,P_NOUN_8_PASS_b,F,P,les cerises avec les clous que j' aime beaucoup ne sont probablement pas cassées <eos>,13,cassées,cassés,11,M,cassées,-8.129651,cassés,-9.518207,1
5959,P_NOUN_8_PASS_b,F,P,les cerises avec les clous que j' aime beaucoup ne sont probablement pas couvertes <eos>,13,couvertes,couverts,11,M,couvertes,-7.4292045,couverts,-7.8105254,1
5960,P_NOUN_8_PASS_b,F,P,les cerises avec les clous que j' aime beaucoup ne sont probablement pas déformées <eos>,13,déformées,déformés,11,M,déformées,-8.771549,déformés,-13.418115,1
5961,P_NOUN_8_PASS_b,F,P,les cerises avec les clous que j' aime beaucoup ne sont probablement pas fixées <eos>,13,fixées,fixés,11,M,fixées,-8.275464,fixés,-9.375389,1
5962,P_NOUN_8_PASS_b,F,P,les cerises avec les clous que j' aime beaucoup ne sont probablement pas jetées <eos>,13,jetées,jetés,11,M,jetées,-8.765776,jetés,-9.067686,1
5963,P_NOUN_8_PASS_b,F,P,les cerises avec les clous que j' aime beaucoup ne sont probablement pas laissées <eos>,13,laissées,laissés,11,M,laissées,-7.670072,laissés,-9.391445,1
5964,P_NOUN_8_PASS_b,F,P,les cerises avec les clous que j' aime beaucoup ne sont probablement pas ouvertes <eos>,13,ouvertes,ouverts,11,M,ouvertes,-7.986932,ouverts,-9.547129,1
5965,P_NOUN_8_PASS_b,F,P,les cerises avec les clous que j' aime beaucoup ne sont probablement pas perdues <eos>,13,perdues,perdus,11,M,perdues,-7.66386,perdus,-8.876657,1
5966,P_NOUN_8_PASS_b,F,P,les cerises avec les clous que j' aime beaucoup ne sont probablement pas réparées <eos>,13,réparées,réparés,11,M,réparées,-8.955755,réparés,-11.689444,1
5967,P_NOUN_8_PASS_b,F,P,les cerises avec les clous que j' aime beaucoup ne sont probablement pas retirées <eos>,13,retirées,retirés,11,M,retirées,-8.100799,retirés,-9.926919,1
5968,P_NOUN_8_PASS_b,F,P,les cerises avec les clous que j' aime beaucoup ne sont probablement pas tombées <eos>,13,tombées,tombés,11,M,tombées,-7.538801,tombés,-7.8583317,1
5969,P_NOUN_8_PASS_b,F,P,les cerises avec les clous que j' aime beaucoup ne sont probablement pas utilisées <eos>,13,utilisées,utilisés,11,M,utilisées,-5.0027423,utilisés,-6.3952394,1
5970,P_NOUN_8_PASS_b,F,P,les cerises avec les billets que j' aime beaucoup ne sont probablement pas achetées <eos>,13,achetées,achetés,11,M,achetées,-8.769964,achetés,-8.837812,1
5971,P_NOUN_8_PASS_b,F,P,les cerises avec les billets que j' aime beaucoup ne sont probablement pas brisées <eos>,13,brisées,brisés,11,M,brisées,-9.868694,brisés,-13.03103,1
5972,P_NOUN_8_PASS_b,F,P,les cerises avec les billets que j' aime beaucoup ne sont probablement pas cachées <eos>,13,cachées,cachés,11,M,cachées,-9.118955,cachés,-8.7345085,0
5973,P_NOUN_8_PASS_b,F,P,les cerises avec les billets que j' aime beaucoup ne sont probablement pas cassées <eos>,13,cassées,cassés,11,M,cassées,-9.26285,cassés,-10.300941,1
5974,P_NOUN_8_PASS_b,F,P,les cerises avec les billets que j' aime beaucoup ne sont probablement pas couvertes <eos>,13,couvertes,couverts,11,M,couvertes,-8.676173,couverts,-8.2638855,0
5975,P_NOUN_8_PASS_b,F,P,les cerises avec les billets que j' aime beaucoup ne sont probablement pas déformées <eos>,13,déformées,déformés,11,M,déformées,-9.512585,déformés,-14.0650215,1
5976,P_NOUN_8_PASS_b,F,P,les cerises avec les billets que j' aime beaucoup ne sont probablement pas fixées <eos>,13,fixées,fixés,11,M,fixées,-8.6016035,fixés,-8.881234,1
5977,P_NOUN_8_PASS_b,F,P,les cerises avec les billets que j' aime beaucoup ne sont probablement pas jetées <eos>,13,jetées,jetés,11,M,jetées,-9.220531,jetés,-8.8304615,0
5978,P_NOUN_8_PASS_b,F,P,les cerises avec les billets que j' aime beaucoup ne sont probablement pas laissées <eos>,13,laissées,laissés,11,M,laissées,-7.8840675,laissés,-9.8433895,1
5979,P_NOUN_8_PASS_b,F,P,les cerises avec les billets que j' aime beaucoup ne sont probablement pas ouvertes <eos>,13,ouvertes,ouverts,11,M,ouvertes,-8.958214,ouverts,-9.231577,1
5980,P_NOUN_8_PASS_b,F,P,les cerises avec les billets que j' aime beaucoup ne sont probablement pas perdues <eos>,13,perdues,perdus,11,M,perdues,-7.4975348,perdus,-8.342693,1
5981,P_NOUN_8_PASS_b,F,P,les cerises avec les billets que j' aime beaucoup ne sont probablement pas réparées <eos>,13,réparées,réparés,11,M,réparées,-9.909698,réparés,-12.310202,1
5982,P_NOUN_8_PASS_b,F,P,les cerises avec les billets que j' aime beaucoup ne sont probablement pas retirées <eos>,13,retirées,retirés,11,M,retirées,-8.458557,retirés,-9.363529,1
5983,P_NOUN_8_PASS_b,F,P,les cerises avec les billets que j' aime beaucoup ne sont probablement pas tombées <eos>,13,tombées,tombés,11,M,tombées,-8.535735,tombés,-8.298485,0
5984,P_NOUN_8_PASS_b,F,P,les cerises avec les billets que j' aime beaucoup ne sont probablement pas utilisées <eos>,13,utilisées,utilisés,11,M,utilisées,-5.5946198,utilisés,-6.543913,1
5985,P_NOUN_8_PASS_b,F,P,les cerises avec les légumes que j' aime beaucoup ne sont probablement pas achetées <eos>,13,achetées,achetés,11,M,achetées,-10.058126,achetés,-9.448885,0
5986,P_NOUN_8_PASS_b,F,P,les cerises avec les légumes que j' aime beaucoup ne sont probablement pas brisées <eos>,13,brisées,brisés,11,M,brisées,-10.071554,brisés,-12.830025,1
5987,P_NOUN_8_PASS_b,F,P,les cerises avec les légumes que j' aime beaucoup ne sont probablement pas cachées <eos>,13,cachées,cachés,11,M,cachées,-8.499246,cachés,-9.622703,1
5988,P_NOUN_8_PASS_b,F,P,les cerises avec les légumes que j' aime beaucoup ne sont probablement pas cassées <eos>,13,cassées,cassés,11,M,cassées,-9.032594,cassés,-9.666548,1
5989,P_NOUN_8_PASS_b,F,P,les cerises avec les légumes que j' aime beaucoup ne sont probablement pas couvertes <eos>,13,couvertes,couverts,11,M,couvertes,-7.640421,couverts,-7.8035603,1
5990,P_NOUN_8_PASS_b,F,P,les cerises avec les légumes que j' aime beaucoup ne sont probablement pas déformées <eos>,13,déformées,déformés,11,M,déformées,-9.128248,déformés,-13.774925,1
5991,P_NOUN_8_PASS_b,F,P,les cerises avec les légumes que j' aime beaucoup ne sont probablement pas fixées <eos>,13,fixées,fixés,11,M,fixées,-8.943122,fixés,-9.673563,1
5992,P_NOUN_8_PASS_b,F,P,les cerises avec les légumes que j' aime beaucoup ne sont probablement pas jetées <eos>,13,jetées,jetés,11,M,jetées,-9.369045,jetés,-10.19864,1
5993,P_NOUN_8_PASS_b,F,P,les cerises avec les légumes que j' aime beaucoup ne sont probablement pas laissées <eos>,13,laissées,laissés,11,M,laissées,-7.8539963,laissés,-9.4385395,1
5994,P_NOUN_8_PASS_b,F,P,les cerises avec les légumes que j' aime beaucoup ne sont probablement pas ouvertes <eos>,13,ouvertes,ouverts,11,M,ouvertes,-8.178612,ouverts,-9.277532,1
5995,P_NOUN_8_PASS_b,F,P,les cerises avec les légumes que j' aime beaucoup ne sont probablement pas perdues <eos>,13,perdues,perdus,11,M,perdues,-8.036128,perdus,-9.0357,1
5996,P_NOUN_8_PASS_b,F,P,les cerises avec les légumes que j' aime beaucoup ne sont probablement pas réparées <eos>,13,réparées,réparés,11,M,réparées,-9.878203,réparés,-12.168529,1
5997,P_NOUN_8_PASS_b,F,P,les cerises avec les légumes que j' aime beaucoup ne sont probablement pas retirées <eos>,13,retirées,retirés,11,M,retirées,-8.887139,retirés,-10.031098,1
5998,P_NOUN_8_PASS_b,F,P,les cerises avec les légumes que j' aime beaucoup ne sont probablement pas tombées <eos>,13,tombées,tombés,11,M,tombées,-7.738983,tombés,-7.8930473,1
5999,P_NOUN_8_PASS_b,F,P,les cerises avec les légumes que j' aime beaucoup ne sont probablement pas utilisées <eos>,13,utilisées,utilisés,11,M,utilisées,-5.250671,utilisés,-6.610698,1
6000,P_NOUN_8_PASS_b,M,P,les bracelets avec les gemmes que j' aime beaucoup ne sont probablement pas achetés <eos>,13,achetés,achetées,11,F,achetés,-9.2270775,achetées,-12.753668,1
6001,P_NOUN_8_PASS_b,M,P,les bracelets avec les gemmes que j' aime beaucoup ne sont probablement pas brisés <eos>,13,brisés,brisées,11,F,brisés,-10.716158,brisées,-11.064871,1
6002,P_NOUN_8_PASS_b,M,P,les bracelets avec les gemmes que j' aime beaucoup ne sont probablement pas cachés <eos>,13,cachés,cachées,11,F,cachés,-7.06443,cachées,-9.959505,1
6003,P_NOUN_8_PASS_b,M,P,les bracelets avec les gemmes que j' aime beaucoup ne sont probablement pas cassés <eos>,13,cassés,cassées,11,F,cassés,-9.467351,cassées,-10.85585,1
6004,P_NOUN_8_PASS_b,M,P,les bracelets avec les gemmes que j' aime beaucoup ne sont probablement pas couverts <eos>,13,couverts,couvertes,11,F,couverts,-7.877969,couvertes,-11.117929,1
6005,P_NOUN_8_PASS_b,M,P,les bracelets avec les gemmes que j' aime beaucoup ne sont probablement pas déformés <eos>,13,déformés,déformées,11,F,déformés,-11.400313,déformées,-10.443693,0
6006,P_NOUN_8_PASS_b,M,P,les bracelets avec les gemmes que j' aime beaucoup ne sont probablement pas fixés <eos>,13,fixés,fixées,11,F,fixés,-8.722655,fixées,-10.640082,1
6007,P_NOUN_8_PASS_b,M,P,les bracelets avec les gemmes que j' aime beaucoup ne sont probablement pas jetés <eos>,13,jetés,jetées,11,F,jetés,-7.826851,jetées,-10.810083,1
6008,P_NOUN_8_PASS_b,M,P,les bracelets avec les gemmes que j' aime beaucoup ne sont probablement pas laissés <eos>,13,laissés,laissées,11,F,laissés,-8.03097,laissées,-10.664806,1
6009,P_NOUN_8_PASS_b,M,P,les bracelets avec les gemmes que j' aime beaucoup ne sont probablement pas ouverts <eos>,13,ouverts,ouvertes,11,F,ouverts,-8.460852,ouvertes,-11.244816,1
6010,P_NOUN_8_PASS_b,M,P,les bracelets avec les gemmes que j' aime beaucoup ne sont probablement pas perdus <eos>,13,perdus,perdues,11,F,perdus,-6.5457926,perdues,-9.256747,1
6011,P_NOUN_8_PASS_b,M,P,les bracelets avec les gemmes que j' aime beaucoup ne sont probablement pas réparés <eos>,13,réparés,réparées,11,F,réparés,-11.008408,réparées,-12.045401,1
6012,P_NOUN_8_PASS_b,M,P,les bracelets avec les gemmes que j' aime beaucoup ne sont probablement pas retirés <eos>,13,retirés,retirées,11,F,retirés,-8.882552,retirées,-10.801576,1
6013,P_NOUN_8_PASS_b,M,P,les bracelets avec les gemmes que j' aime beaucoup ne sont probablement pas tombés <eos>,13,tombés,tombées,11,F,tombés,-6.305774,tombées,-9.919701,1
6014,P_NOUN_8_PASS_b,M,P,les bracelets avec les gemmes que j' aime beaucoup ne sont probablement pas utilisés <eos>,13,utilisés,utilisées,11,F,utilisés,-5.334078,utilisées,-8.18179,1
6015,P_NOUN_8_PASS_b,M,P,les bracelets avec les chaises que j' aime beaucoup ne sont probablement pas achetés <eos>,13,achetés,achetées,11,F,achetés,-9.600091,achetées,-12.841909,1
6016,P_NOUN_8_PASS_b,M,P,les bracelets avec les chaises que j' aime beaucoup ne sont probablement pas brisés <eos>,13,brisés,brisées,11,F,brisés,-10.338366,brisées,-10.740831,1
6017,P_NOUN_8_PASS_b,M,P,les bracelets avec les chaises que j' aime beaucoup ne sont probablement pas cachés <eos>,13,cachés,cachées,11,F,cachés,-7.7338076,cachées,-9.624783,1
6018,P_NOUN_8_PASS_b,M,P,les bracelets avec les chaises que j' aime beaucoup ne sont probablement pas cassés <eos>,13,cassés,cassées,11,F,cassés,-9.867165,cassées,-10.147505,1
6019,P_NOUN_8_PASS_b,M,P,les bracelets avec les chaises que j' aime beaucoup ne sont probablement pas couverts <eos>,13,couverts,couvertes,11,F,couverts,-6.952402,couvertes,-10.082405,1
6020,P_NOUN_8_PASS_b,M,P,les bracelets avec les chaises que j' aime beaucoup ne sont probablement pas déformés <eos>,13,déformés,déformées,11,F,déformés,-11.431955,déformées,-10.227935,0
6021,P_NOUN_8_PASS_b,M,P,les bracelets avec les chaises que j' aime beaucoup ne sont probablement pas fixés <eos>,13,fixés,fixées,11,F,fixés,-8.842979,fixées,-10.045222,1
6022,P_NOUN_8_PASS_b,M,P,les bracelets avec les chaises que j' aime beaucoup ne sont probablement pas jetés <eos>,13,jetés,jetées,11,F,jetés,-7.744586,jetées,-10.742284,1
6023,P_NOUN_8_PASS_b,M,P,les bracelets avec les chaises que j' aime beaucoup ne sont probablement pas laissés <eos>,13,laissés,laissées,11,F,laissés,-8.208919,laissées,-10.157447,1
6024,P_NOUN_8_PASS_b,M,P,les bracelets avec les chaises que j' aime beaucoup ne sont probablement pas ouverts <eos>,13,ouverts,ouvertes,11,F,ouverts,-7.5537424,ouvertes,-9.943886,1
6025,P_NOUN_8_PASS_b,M,P,les bracelets avec les chaises que j' aime beaucoup ne sont probablement pas perdus <eos>,13,perdus,perdues,11,F,perdus,-6.781993,perdues,-9.358359,1
6026,P_NOUN_8_PASS_b,M,P,les bracelets avec les chaises que j' aime beaucoup ne sont probablement pas réparés <eos>,13,réparés,réparées,11,F,réparés,-11.167251,réparées,-11.441799,1
6027,P_NOUN_8_PASS_b,M,P,les bracelets avec les chaises que j' aime beaucoup ne sont probablement pas retirés <eos>,13,retirés,retirées,11,F,retirés,-9.143629,retirées,-10.4049835,1
6028,P_NOUN_8_PASS_b,M,P,les bracelets avec les chaises que j' aime beaucoup ne sont probablement pas tombés <eos>,13,tombés,tombées,11,F,tombés,-6.520156,tombées,-9.857741,1
6029,P_NOUN_8_PASS_b,M,P,les bracelets avec les chaises que j' aime beaucoup ne sont probablement pas utilisés <eos>,13,utilisés,utilisées,11,F,utilisés,-5.580508,utilisées,-8.163376,1
6030,P_NOUN_8_PASS_b,M,P,les bracelets avec les poubelles que j' aime beaucoup ne sont probablement pas achetés <eos>,13,achetés,achetées,11,F,achetés,-9.22855,achetées,-12.676556,1
6031,P_NOUN_8_PASS_b,M,P,les bracelets avec les poubelles que j' aime beaucoup ne sont probablement pas brisés <eos>,13,brisés,brisées,11,F,brisés,-10.585762,brisées,-11.118813,1
6032,P_NOUN_8_PASS_b,M,P,les bracelets avec les poubelles que j' aime beaucoup ne sont probablement pas cachés <eos>,13,cachés,cachées,11,F,cachés,-7.2344065,cachées,-9.915376,1
6033,P_NOUN_8_PASS_b,M,P,les bracelets avec les poubelles que j' aime beaucoup ne sont probablement pas cassés <eos>,13,cassés,cassées,11,F,cassés,-9.650754,cassées,-10.529749,1
6034,P_NOUN_8_PASS_b,M,P,les bracelets avec les poubelles que j' aime beaucoup ne sont probablement pas couverts <eos>,13,couverts,couvertes,11,F,couverts,-7.234772,couvertes,-10.33264,1
6035,P_NOUN_8_PASS_b,M,P,les bracelets avec les poubelles que j' aime beaucoup ne sont probablement pas déformés <eos>,13,déformés,déformées,11,F,déformés,-11.648768,déformées,-10.459554,0
6036,P_NOUN_8_PASS_b,M,P,les bracelets avec les poubelles que j' aime beaucoup ne sont probablement pas fixés <eos>,13,fixés,fixées,11,F,fixés,-8.75806,fixées,-10.376941,1
6037,P_NOUN_8_PASS_b,M,P,les bracelets avec les poubelles que j' aime beaucoup ne sont probablement pas jetés <eos>,13,jetés,jetées,11,F,jetés,-7.3102236,jetées,-10.465029,1
6038,P_NOUN_8_PASS_b,M,P,les bracelets avec les poubelles que j' aime beaucoup ne sont probablement pas laissés <eos>,13,laissés,laissées,11,F,laissés,-7.9935584,laissées,-10.4305935,1
6039,P_NOUN_8_PASS_b,M,P,les bracelets avec les poubelles que j' aime beaucoup ne sont probablement pas ouverts <eos>,13,ouverts,ouvertes,11,F,ouverts,-7.5179214,ouvertes,-10.151023,1
6040,P_NOUN_8_PASS_b,M,P,les bracelets avec les poubelles que j' aime beaucoup ne sont probablement pas perdus <eos>,13,perdus,perdues,11,F,perdus,-6.6816635,perdues,-9.349698,1
6041,P_NOUN_8_PASS_b,M,P,les bracelets avec les poubelles que j' aime beaucoup ne sont probablement pas réparés <eos>,13,réparés,réparées,11,F,réparés,-11.058039,réparées,-11.487916,1
6042,P_NOUN_8_PASS_b,M,P,les bracelets avec les poubelles que j' aime beaucoup ne sont probablement pas retirés <eos>,13,retirés,retirées,11,F,retirés,-8.7260475,retirées,-10.566075,1
6043,P_NOUN_8_PASS_b,M,P,les bracelets avec les poubelles que j' aime beaucoup ne sont probablement pas tombés <eos>,13,tombés,tombées,11,F,tombés,-6.3970633,tombées,-10.182601,1
6044,P_NOUN_8_PASS_b,M,P,les bracelets avec les poubelles que j' aime beaucoup ne sont probablement pas utilisés <eos>,13,utilisés,utilisées,11,F,utilisés,-5.422997,utilisées,-8.117079,1
6045,P_NOUN_8_PASS_b,M,P,les bracelets avec les chemises que j' aime beaucoup ne sont probablement pas achetés <eos>,13,achetés,achetées,11,F,achetés,-9.463463,achetées,-12.529857,1
6046,P_NOUN_8_PASS_b,M,P,les bracelets avec les chemises que j' aime beaucoup ne sont probablement pas brisés <eos>,13,brisés,brisées,11,F,brisés,-10.545992,brisées,-10.669891,1
6047,P_NOUN_8_PASS_b,M,P,les bracelets avec les chemises que j' aime beaucoup ne sont probablement pas cachés <eos>,13,cachés,cachées,11,F,cachés,-7.4988213,cachées,-9.72979,1
6048,P_NOUN_8_PASS_b,M,P,les bracelets avec les chemises que j' aime beaucoup ne sont probablement pas cassés <eos>,13,cassés,cassées,11,F,cassés,-9.7969475,cassées,-9.704264,0
6049,P_NOUN_8_PASS_b,M,P,les bracelets avec les chemises que j' aime beaucoup ne sont probablement pas couverts <eos>,13,couverts,couvertes,11,F,couverts,-7.68027,couvertes,-10.337894,1
6050,P_NOUN_8_PASS_b,M,P,les bracelets avec les chemises que j' aime beaucoup ne sont probablement pas déformés <eos>,13,déformés,déformées,11,F,déformés,-11.533771,déformées,-9.97394,0
6051,P_NOUN_8_PASS_b,M,P,les bracelets avec les chemises que j' aime beaucoup ne sont probablement pas fixés <eos>,13,fixés,fixées,11,F,fixés,-8.91751,fixées,-9.810074,1
6052,P_NOUN_8_PASS_b,M,P,les bracelets avec les chemises que j' aime beaucoup ne sont probablement pas jetés <eos>,13,jetés,jetées,11,F,jetés,-7.544902,jetées,-9.803709,1
6053,P_NOUN_8_PASS_b,M,P,les bracelets avec les chemises que j' aime beaucoup ne sont probablement pas laissés <eos>,13,laissés,laissées,11,F,laissés,-8.226829,laissées,-10.278374,1
6054,P_NOUN_8_PASS_b,M,P,les bracelets avec les chemises que j' aime beaucoup ne sont probablement pas ouverts <eos>,13,ouverts,ouvertes,11,F,ouverts,-8.491988,ouvertes,-10.6868925,1
6055,P_NOUN_8_PASS_b,M,P,les bracelets avec les chemises que j' aime beaucoup ne sont probablement pas perdus <eos>,13,perdus,perdues,11,F,perdus,-6.925871,perdues,-9.042728,1
6056,P_NOUN_8_PASS_b,M,P,les bracelets avec les chemises que j' aime beaucoup ne sont probablement pas réparés <eos>,13,réparés,réparées,11,F,réparés,-11.397629,réparées,-11.649637,1
6057,P_NOUN_8_PASS_b,M,P,les bracelets avec les chemises que j' aime beaucoup ne sont probablement pas retirés <eos>,13,retirés,retirées,11,F,retirés,-8.814982,retirées,-10.129625,1
6058,P_NOUN_8_PASS_b,M,P,les bracelets avec les chemises que j' aime beaucoup ne sont probablement pas tombés <eos>,13,tombés,tombées,11,F,tombés,-5.9762707,tombées,-9.475218,1
6059,P_NOUN_8_PASS_b,M,P,les bracelets avec les chemises que j' aime beaucoup ne sont probablement pas utilisés <eos>,13,utilisés,utilisées,11,F,utilisés,-5.234332,utilisées,-7.604066,1
6060,P_NOUN_8_PASS_b,M,P,les bracelets avec les recettes que j' aime beaucoup ne sont probablement pas achetés <eos>,13,achetés,achetées,11,F,achetés,-8.807105,achetées,-12.319341,1
6061,P_NOUN_8_PASS_b,M,P,les bracelets avec les recettes que j' aime beaucoup ne sont probablement pas brisés <eos>,13,brisés,brisées,11,F,brisés,-11.171596,brisées,-11.444947,1
6062,P_NOUN_8_PASS_b,M,P,les bracelets avec les recettes que j' aime beaucoup ne sont probablement pas cachés <eos>,13,cachés,cachées,11,F,cachés,-7.6137357,cachées,-10.833649,1
6063,P_NOUN_8_PASS_b,M,P,les bracelets avec les recettes que j' aime beaucoup ne sont probablement pas cassés <eos>,13,cassés,cassées,11,F,cassés,-9.768328,cassées,-11.20519,1
6064,P_NOUN_8_PASS_b,M,P,les bracelets avec les recettes que j' aime beaucoup ne sont probablement pas couverts <eos>,13,couverts,couvertes,11,F,couverts,-7.490856,couvertes,-11.093178,1
6065,P_NOUN_8_PASS_b,M,P,les bracelets avec les recettes que j' aime beaucoup ne sont probablement pas déformés <eos>,13,déformés,déformées,11,F,déformés,-12.2634735,déformées,-11.094631,0
6066,P_NOUN_8_PASS_b,M,P,les bracelets avec les recettes que j' aime beaucoup ne sont probablement pas fixés <eos>,13,fixés,fixées,11,F,fixés,-8.365969,fixées,-10.907843,1
6067,P_NOUN_8_PASS_b,M,P,les bracelets avec les recettes que j' aime beaucoup ne sont probablement pas jetés <eos>,13,jetés,jetées,11,F,jetés,-8.082465,jetées,-11.332114,1
6068,P_NOUN_8_PASS_b,M,P,les bracelets avec les recettes que j' aime beaucoup ne sont probablement pas laissés <eos>,13,laissés,laissées,11,F,laissés,-8.585556,laissées,-10.5254135,1
6069,P_NOUN_8_PASS_b,M,P,les bracelets avec les recettes que j' aime beaucoup ne sont probablement pas ouverts <eos>,13,ouverts,ouvertes,11,F,ouverts,-8.263798,ouvertes,-11.267696,1
6070,P_NOUN_8_PASS_b,M,P,les bracelets avec les recettes que j' aime beaucoup ne sont probablement pas perdus <eos>,13,perdus,perdues,11,F,perdus,-6.7687016,perdues,-9.615848,1
6071,P_NOUN_8_PASS_b,M,P,les bracelets avec les recettes que j' aime beaucoup ne sont probablement pas réparés <eos>,13,réparés,réparées,11,F,réparés,-11.324953,réparées,-12.209158,1
6072,P_NOUN_8_PASS_b,M,P,les bracelets avec les recettes que j' aime beaucoup ne sont probablement pas retirés <eos>,13,retirés,retirées,11,F,retirés,-8.886102,retirées,-10.841537,1
6073,P_NOUN_8_PASS_b,M,P,les bracelets avec les recettes que j' aime beaucoup ne sont probablement pas tombés <eos>,13,tombés,tombées,11,F,tombés,-6.61234,tombées,-10.532865,1
6074,P_NOUN_8_PASS_b,M,P,les bracelets avec les recettes que j' aime beaucoup ne sont probablement pas utilisés <eos>,13,utilisés,utilisées,11,F,utilisés,-5.5514455,utilisées,-8.443413,1
6075,P_NOUN_8_PASS_b,M,P,les bracelets avec les jupes que j' aime beaucoup ne sont probablement pas achetés <eos>,13,achetés,achetées,11,F,achetés,-9.382634,achetées,-12.596266,1
6076,P_NOUN_8_PASS_b,M,P,les bracelets avec les jupes que j' aime beaucoup ne sont probablement pas brisés <eos>,13,brisés,brisées,11,F,brisés,-10.503651,brisées,-11.046873,1
6077,P_NOUN_8_PASS_b,M,P,les bracelets avec les jupes que j' aime beaucoup ne sont probablement pas cachés <eos>,13,cachés,cachées,11,F,cachés,-7.580908,cachées,-10.25444,1
6078,P_NOUN_8_PASS_b,M,P,les bracelets avec les jupes que j' aime beaucoup ne sont probablement pas cassés <eos>,13,cassés,cassées,11,F,cassés,-9.552387,cassées,-9.790255,1
6079,P_NOUN_8_PASS_b,M,P,les bracelets avec les jupes que j' aime beaucoup ne sont probablement pas couverts <eos>,13,couverts,couvertes,11,F,couverts,-7.597844,couvertes,-10.464549,1
6080,P_NOUN_8_PASS_b,M,P,les bracelets avec les jupes que j' aime beaucoup ne sont probablement pas déformés <eos>,13,déformés,déformées,11,F,déformés,-11.469385,déformées,-10.232273,0
6081,P_NOUN_8_PASS_b,M,P,les bracelets avec les jupes que j' aime beaucoup ne sont probablement pas fixés <eos>,13,fixés,fixées,11,F,fixés,-8.52179,fixées,-10.150484,1
6082,P_NOUN_8_PASS_b,M,P,les bracelets avec les jupes que j' aime beaucoup ne sont probablement pas jetés <eos>,13,jetés,jetées,11,F,jetés,-7.9799023,jetées,-10.777616,1
6083,P_NOUN_8_PASS_b,M,P,les bracelets avec les jupes que j' aime beaucoup ne sont probablement pas laissés <eos>,13,laissés,laissées,11,F,laissés,-8.684129,laissées,-10.708309,1
6084,P_NOUN_8_PASS_b,M,P,les bracelets avec les jupes que j' aime beaucoup ne sont probablement pas ouverts <eos>,13,ouverts,ouvertes,11,F,ouverts,-7.8310843,ouvertes,-10.646736,1
6085,P_NOUN_8_PASS_b,M,P,les bracelets avec les jupes que j' aime beaucoup ne sont probablement pas perdus <eos>,13,perdus,perdues,11,F,perdus,-7.006698,perdues,-9.915613,1
6086,P_NOUN_8_PASS_b,M,P,les bracelets avec les jupes que j' aime beaucoup ne sont probablement pas réparés <eos>,13,réparés,réparées,11,F,réparés,-11.436753,réparées,-11.748062,1
6087,P_NOUN_8_PASS_b,M,P,les bracelets avec les jupes que j' aime beaucoup ne sont probablement pas retirés <eos>,13,retirés,retirées,11,F,retirés,-8.940039,retirées,-10.424847,1
6088,P_NOUN_8_PASS_b,M,P,les bracelets avec les jupes que j' aime beaucoup ne sont probablement pas tombés <eos>,13,tombés,tombées,11,F,tombés,-6.5326886,tombées,-10.198071,1
6089,P_NOUN_8_PASS_b,M,P,les bracelets avec les jupes que j' aime beaucoup ne sont probablement pas utilisés <eos>,13,utilisés,utilisées,11,F,utilisés,-5.266096,utilisées,-8.059061,1
6090,P_NOUN_8_PASS_b,M,P,les bracelets avec les colles que j' aime beaucoup ne sont probablement pas achetés <eos>,13,achetés,achetées,11,F,achetés,-9.597111,achetées,-12.708471,1
6091,P_NOUN_8_PASS_b,M,P,les bracelets avec les colles que j' aime beaucoup ne sont probablement pas brisés <eos>,13,brisés,brisées,11,F,brisés,-10.809669,brisées,-11.095517,1
6092,P_NOUN_8_PASS_b,M,P,les bracelets avec les colles que j' aime beaucoup ne sont probablement pas cachés <eos>,13,cachés,cachées,11,F,cachés,-8.111979,cachées,-10.219955,1
6093,P_NOUN_8_PASS_b,M,P,les bracelets avec les colles que j' aime beaucoup ne sont probablement pas cassés <eos>,13,cassés,cassées,11,F,cassés,-9.427946,cassées,-10.104078,1
6094,P_NOUN_8_PASS_b,M,P,les bracelets avec les colles que j' aime beaucoup ne sont probablement pas couverts <eos>,13,couverts,couvertes,11,F,couverts,-7.628516,couvertes,-10.237496,1
6095,P_NOUN_8_PASS_b,M,P,les bracelets avec les colles que j' aime beaucoup ne sont probablement pas déformés <eos>,13,déformés,déformées,11,F,déformés,-11.712241,déformées,-9.724315,0
6096,P_NOUN_8_PASS_b,M,P,les bracelets avec les colles que j' aime beaucoup ne sont probablement pas fixés <eos>,13,fixés,fixées,11,F,fixés,-8.951775,fixées,-10.41267,1
6097,P_NOUN_8_PASS_b,M,P,les bracelets avec les colles que j' aime beaucoup ne sont probablement pas jetés <eos>,13,jetés,jetées,11,F,jetés,-8.402369,jetées,-11.052569,1
6098,P_NOUN_8_PASS_b,M,P,les bracelets avec les colles que j' aime beaucoup ne sont probablement pas laissés <eos>,13,laissés,laissées,11,F,laissés,-8.654337,laissées,-9.988283,1
6099,P_NOUN_8_PASS_b,M,P,les bracelets avec les colles que j' aime beaucoup ne sont probablement pas ouverts <eos>,13,ouverts,ouvertes,11,F,ouverts,-8.02412,ouvertes,-10.337713,1
6100,P_NOUN_8_PASS_b,M,P,les bracelets avec les colles que j' aime beaucoup ne sont probablement pas perdus <eos>,13,perdus,perdues,11,F,perdus,-7.173179,perdues,-9.469046,1
6101,P_NOUN_8_PASS_b,M,P,les bracelets avec les colles que j' aime beaucoup ne sont probablement pas réparés <eos>,13,réparés,réparées,11,F,réparés,-11.209407,réparées,-11.313045,1
6102,P_NOUN_8_PASS_b,M,P,les bracelets avec les colles que j' aime beaucoup ne sont probablement pas retirés <eos>,13,retirés,retirées,11,F,retirés,-8.896242,retirées,-10.450785,1
6103,P_NOUN_8_PASS_b,M,P,les bracelets avec les colles que j' aime beaucoup ne sont probablement pas tombés <eos>,13,tombés,tombées,11,F,tombés,-7.1351414,tombées,-10.215479,1
6104,P_NOUN_8_PASS_b,M,P,les bracelets avec les colles que j' aime beaucoup ne sont probablement pas utilisés <eos>,13,utilisés,utilisées,11,F,utilisés,-5.1415415,utilisées,-7.385664,1
6105,P_NOUN_8_PASS_b,M,P,les bracelets avec les lampes que j' aime beaucoup ne sont probablement pas achetés <eos>,13,achetés,achetées,11,F,achetés,-9.334327,achetées,-12.950764,1
6106,P_NOUN_8_PASS_b,M,P,les bracelets avec les lampes que j' aime beaucoup ne sont probablement pas brisés <eos>,13,brisés,brisées,11,F,brisés,-10.421626,brisées,-10.960956,1
6107,P_NOUN_8_PASS_b,M,P,les bracelets avec les lampes que j' aime beaucoup ne sont probablement pas cachés <eos>,13,cachés,cachées,11,F,cachés,-7.233794,cachées,-10.068798,1
6108,P_NOUN_8_PASS_b,M,P,les bracelets avec les lampes que j' aime beaucoup ne sont probablement pas cassés <eos>,13,cassés,cassées,11,F,cassés,-9.678329,cassées,-10.108175,1
6109,P_NOUN_8_PASS_b,M,P,les bracelets avec les lampes que j' aime beaucoup ne sont probablement pas couverts <eos>,13,couverts,couvertes,11,F,couverts,-7.703929,couvertes,-10.769243,1
6110,P_NOUN_8_PASS_b,M,P,les bracelets avec les lampes que j' aime beaucoup ne sont probablement pas déformés <eos>,13,déformés,déformées,11,F,déformés,-11.11783,déformées,-9.574234,0
6111,P_NOUN_8_PASS_b,M,P,les bracelets avec les lampes que j' aime beaucoup ne sont probablement pas fixés <eos>,13,fixés,fixées,11,F,fixés,-8.558593,fixées,-10.003756,1
6112,P_NOUN_8_PASS_b,M,P,les bracelets avec les lampes que j' aime beaucoup ne sont probablement pas jetés <eos>,13,jetés,jetées,11,F,jetés,-7.4828224,jetées,-10.462942,1
6113,P_NOUN_8_PASS_b,M,P,les bracelets avec les lampes que j' aime beaucoup ne sont probablement pas laissés <eos>,13,laissés,laissées,11,F,laissés,-8.442917,laissées,-10.727922,1
6114,P_NOUN_8_PASS_b,M,P,les bracelets avec les lampes que j' aime beaucoup ne sont probablement pas ouverts <eos>,13,ouverts,ouvertes,11,F,ouverts,-8.102829,ouvertes,-10.774337,1
6115,P_NOUN_8_PASS_b,M,P,les bracelets avec les lampes que j' aime beaucoup ne sont probablement pas perdus <eos>,13,perdus,perdues,11,F,perdus,-6.770713,perdues,-9.340665,1
6116,P_NOUN_8_PASS_b,M,P,les bracelets avec les lampes que j' aime beaucoup ne sont probablement pas réparés <eos>,13,réparés,réparées,11,F,réparés,-11.525675,réparées,-11.633989,1
6117,P_NOUN_8_PASS_b,M,P,les bracelets avec les lampes que j' aime beaucoup ne sont probablement pas retirés <eos>,13,retirés,retirées,11,F,retirés,-8.733331,retirées,-10.227392,1
6118,P_NOUN_8_PASS_b,M,P,les bracelets avec les lampes que j' aime beaucoup ne sont probablement pas tombés <eos>,13,tombés,tombées,11,F,tombés,-6.7171173,tombées,-10.025312,1
6119,P_NOUN_8_PASS_b,M,P,les bracelets avec les lampes que j' aime beaucoup ne sont probablement pas utilisés <eos>,13,utilisés,utilisées,11,F,utilisés,-4.935037,utilisées,-7.8154063,1
6120,P_NOUN_8_PASS_b,M,P,les bracelets avec les bouteilles que j' aime beaucoup ne sont probablement pas achetés <eos>,13,achetés,achetées,11,F,achetés,-8.855919,achetées,-12.034024,1
6121,P_NOUN_8_PASS_b,M,P,les bracelets avec les bouteilles que j' aime beaucoup ne sont probablement pas brisés <eos>,13,brisés,brisées,11,F,brisés,-10.918987,brisées,-11.169531,1
6122,P_NOUN_8_PASS_b,M,P,les bracelets avec les bouteilles que j' aime beaucoup ne sont probablement pas cachés <eos>,13,cachés,cachées,11,F,cachés,-7.313453,cachées,-10.352526,1
6123,P_NOUN_8_PASS_b,M,P,les bracelets avec les bouteilles que j' aime beaucoup ne sont probablement pas cassés <eos>,13,cassés,cassées,11,F,cassés,-9.446547,cassées,-10.239315,1
6124,P_NOUN_8_PASS_b,M,P,les bracelets avec les bouteilles que j' aime beaucoup ne sont probablement pas couverts <eos>,13,couverts,couvertes,11,F,couverts,-7.5508547,couvertes,-10.91025,1
6125,P_NOUN_8_PASS_b,M,P,les bracelets avec les bouteilles que j' aime beaucoup ne sont probablement pas déformés <eos>,13,déformés,déformées,11,F,déformés,-11.736139,déformées,-10.297255,0
6126,P_NOUN_8_PASS_b,M,P,les bracelets avec les bouteilles que j' aime beaucoup ne sont probablement pas fixés <eos>,13,fixés,fixées,11,F,fixés,-8.725966,fixées,-10.784059,1
6127,P_NOUN_8_PASS_b,M,P,les bracelets avec les bouteilles que j' aime beaucoup ne sont probablement pas jetés <eos>,13,jetés,jetées,11,F,jetés,-7.734399,jetées,-11.198439,1
6128,P_NOUN_8_PASS_b,M,P,les bracelets avec les bouteilles que j' aime beaucoup ne sont probablement pas laissés <eos>,13,laissés,laissées,11,F,laissés,-8.385491,laissées,-10.336408,1
6129,P_NOUN_8_PASS_b,M,P,les bracelets avec les bouteilles que j' aime beaucoup ne sont probablement pas ouverts <eos>,13,ouverts,ouvertes,11,F,ouverts,-7.905816,ouvertes,-10.737741,1
6130,P_NOUN_8_PASS_b,M,P,les bracelets avec les bouteilles que j' aime beaucoup ne sont probablement pas perdus <eos>,13,perdus,perdues,11,F,perdus,-6.70681,perdues,-9.566621,1
6131,P_NOUN_8_PASS_b,M,P,les bracelets avec les bouteilles que j' aime beaucoup ne sont probablement pas réparés <eos>,13,réparés,réparées,11,F,réparés,-11.633003,réparées,-11.876601,1
6132,P_NOUN_8_PASS_b,M,P,les bracelets avec les bouteilles que j' aime beaucoup ne sont probablement pas retirés <eos>,13,retirés,retirées,11,F,retirés,-8.976596,retirées,-10.689389,1
6133,P_NOUN_8_PASS_b,M,P,les bracelets avec les bouteilles que j' aime beaucoup ne sont probablement pas tombés <eos>,13,tombés,tombées,11,F,tombés,-6.8777847,tombées,-10.415011,1
6134,P_NOUN_8_PASS_b,M,P,les bracelets avec les bouteilles que j' aime beaucoup ne sont probablement pas utilisés <eos>,13,utilisés,utilisées,11,F,utilisés,-5.5734634,utilisées,-8.274385,1
6135,P_NOUN_8_PASS_b,M,P,les bracelets avec les boissons que j' aime beaucoup ne sont probablement pas achetés <eos>,13,achetés,achetées,11,F,achetés,-8.9334345,achetées,-11.369721,1
6136,P_NOUN_8_PASS_b,M,P,les bracelets avec les boissons que j' aime beaucoup ne sont probablement pas brisés <eos>,13,brisés,brisées,11,F,brisés,-11.5705595,brisées,-10.583512,0
6137,P_NOUN_8_PASS_b,M,P,les bracelets avec les boissons que j' aime beaucoup ne sont probablement pas cachés <eos>,13,cachés,cachées,11,F,cachés,-7.795372,cachées,-9.61926,1
6138,P_NOUN_8_PASS_b,M,P,les bracelets avec les boissons que j' aime beaucoup ne sont probablement pas cassés <eos>,13,cassés,cassées,11,F,cassés,-9.709574,cassées,-9.821576,1
6139,P_NOUN_8_PASS_b,M,P,les bracelets avec les boissons que j' aime beaucoup ne sont probablement pas couverts <eos>,13,couverts,couvertes,11,F,couverts,-7.3686085,couvertes,-9.595559,1
6140,P_NOUN_8_PASS_b,M,P,les bracelets avec les boissons que j' aime beaucoup ne sont probablement pas déformés <eos>,13,déformés,déformées,11,F,déformés,-12.557014,déformées,-9.982994,0
6141,P_NOUN_8_PASS_b,M,P,les bracelets avec les boissons que j' aime beaucoup ne sont probablement pas fixés <eos>,13,fixés,fixées,11,F,fixés,-9.061375,fixées,-10.115161,1
6142,P_NOUN_8_PASS_b,M,P,les bracelets avec les boissons que j' aime beaucoup ne sont probablement pas jetés <eos>,13,jetés,jetées,11,F,jetés,-8.185719,jetées,-9.844025,1
6143,P_NOUN_8_PASS_b,M,P,les bracelets avec les boissons que j' aime beaucoup ne sont probablement pas laissés <eos>,13,laissés,laissées,11,F,laissés,-8.376606,laissées,-9.039431,1
6144,P_NOUN_8_PASS_b,M,P,les bracelets avec les boissons que j' aime beaucoup ne sont probablement pas ouverts <eos>,13,ouverts,ouvertes,11,F,ouverts,-8.425855,ouvertes,-9.795251,1
6145,P_NOUN_8_PASS_b,M,P,les bracelets avec les boissons que j' aime beaucoup ne sont probablement pas perdus <eos>,13,perdus,perdues,11,F,perdus,-7.3406057,perdues,-8.672399,1
6146,P_NOUN_8_PASS_b,M,P,les bracelets avec les boissons que j' aime beaucoup ne sont probablement pas réparés <eos>,13,réparés,réparées,11,F,réparés,-11.463803,réparées,-11.215517,0
6147,P_NOUN_8_PASS_b,M,P,les bracelets avec les boissons que j' aime beaucoup ne sont probablement pas retirés <eos>,13,retirés,retirées,11,F,retirés,-9.085773,retirées,-9.799845,1
6148,P_NOUN_8_PASS_b,M,P,les bracelets avec les boissons que j' aime beaucoup ne sont probablement pas tombés <eos>,13,tombés,tombées,11,F,tombés,-6.8732395,tombées,-9.548358,1
6149,P_NOUN_8_PASS_b,M,P,les bracelets avec les boissons que j' aime beaucoup ne sont probablement pas utilisés <eos>,13,utilisés,utilisées,11,F,utilisés,-5.3010707,utilisées,-6.8259683,1
6150,P_NOUN_8_PASS_b,M,P,les bracelets avec les pommes que j' aime beaucoup ne sont probablement pas achetés <eos>,13,achetés,achetées,11,F,achetés,-8.754297,achetées,-10.932161,1
6151,P_NOUN_8_PASS_b,M,P,les bracelets avec les pommes que j' aime beaucoup ne sont probablement pas brisés <eos>,13,brisés,brisées,11,F,brisés,-11.130766,brisées,-10.304346,0
6152,P_NOUN_8_PASS_b,M,P,les bracelets avec les pommes que j' aime beaucoup ne sont probablement pas cachés <eos>,13,cachés,cachées,11,F,cachés,-7.570616,cachées,-9.144146,1
6153,P_NOUN_8_PASS_b,M,P,les bracelets avec les pommes que j' aime beaucoup ne sont probablement pas cassés <eos>,13,cassés,cassées,11,F,cassés,-9.1901045,cassées,-9.598513,1
6154,P_NOUN_8_PASS_b,M,P,les bracelets avec les pommes que j' aime beaucoup ne sont probablement pas couverts <eos>,13,couverts,couvertes,11,F,couverts,-7.4601536,couvertes,-9.549961,1
6155,P_NOUN_8_PASS_b,M,P,les bracelets avec les pommes que j' aime beaucoup ne sont probablement pas déformés <eos>,13,déformés,déformées,11,F,déformés,-12.420292,déformées,-9.868141,0
6156,P_NOUN_8_PASS_b,M,P,les bracelets avec les pommes que j' aime beaucoup ne sont probablement pas fixés <eos>,13,fixés,fixées,11,F,fixés,-9.161413,fixées,-10.052038,1
6157,P_NOUN_8_PASS_b,M,P,les bracelets avec les pommes que j' aime beaucoup ne sont probablement pas jetés <eos>,13,jetés,jetées,11,F,jetés,-8.280141,jetées,-9.54126,1
6158,P_NOUN_8_PASS_b,M,P,les bracelets avec les pommes que j' aime beaucoup ne sont probablement pas laissés <eos>,13,laissés,laissées,11,F,laissés,-8.008849,laissées,-9.146423,1
6159,P_NOUN_8_PASS_b,M,P,les bracelets avec les pommes que j' aime beaucoup ne sont probablement pas ouverts <eos>,13,ouverts,ouvertes,11,F,ouverts,-8.480472,ouvertes,-9.918839,1
6160,P_NOUN_8_PASS_b,M,P,les bracelets avec les pommes que j' aime beaucoup ne sont probablement pas perdus <eos>,13,perdus,perdues,11,F,perdus,-7.2080913,perdues,-8.396412,1
6161,P_NOUN_8_PASS_b,M,P,les bracelets avec les pommes que j' aime beaucoup ne sont probablement pas réparés <eos>,13,réparés,réparées,11,F,réparés,-11.619349,réparées,-11.342546,0
6162,P_NOUN_8_PASS_b,M,P,les bracelets avec les pommes que j' aime beaucoup ne sont probablement pas retirés <eos>,13,retirés,retirées,11,F,retirés,-8.91528,retirées,-9.779029,1
6163,P_NOUN_8_PASS_b,M,P,les bracelets avec les pommes que j' aime beaucoup ne sont probablement pas tombés <eos>,13,tombés,tombées,11,F,tombés,-6.4675107,tombées,-8.856503,1
6164,P_NOUN_8_PASS_b,M,P,les bracelets avec les pommes que j' aime beaucoup ne sont probablement pas utilisés <eos>,13,utilisés,utilisées,11,F,utilisés,-5.530306,utilisées,-6.9474735,1
6165,P_NOUN_8_PASS_b,M,P,les bracelets avec les tasses que j' aime beaucoup ne sont probablement pas achetés <eos>,13,achetés,achetées,11,F,achetés,-9.34094,achetées,-12.064861,1
6166,P_NOUN_8_PASS_b,M,P,les bracelets avec les tasses que j' aime beaucoup ne sont probablement pas brisés <eos>,13,brisés,brisées,11,F,brisés,-10.4125395,brisées,-10.618837,1
6167,P_NOUN_8_PASS_b,M,P,les bracelets avec les tasses que j' aime beaucoup ne sont probablement pas cachés <eos>,13,cachés,cachées,11,F,cachés,-7.8526974,cachées,-10.097426,1
6168,P_NOUN_8_PASS_b,M,P,les bracelets avec les tasses que j' aime beaucoup ne sont probablement pas cassés <eos>,13,cassés,cassées,11,F,cassés,-9.365579,cassées,-9.98208,1
6169,P_NOUN_8_PASS_b,M,P,les bracelets avec les tasses que j' aime beaucoup ne sont probablement pas couverts <eos>,13,couverts,couvertes,11,F,couverts,-7.2737827,couvertes,-10.260213,1
6170,P_NOUN_8_PASS_b,M,P,les bracelets avec les tasses que j' aime beaucoup ne sont probablement pas déformés <eos>,13,déformés,déformées,11,F,déformés,-11.717979,déformées,-9.986406,0
6171,P_NOUN_8_PASS_b,M,P,les bracelets avec les tasses que j' aime beaucoup ne sont probablement pas fixés <eos>,13,fixés,fixées,11,F,fixés,-8.796444,fixées,-10.200258,1
6172,P_NOUN_8_PASS_b,M,P,les bracelets avec les tasses que j' aime beaucoup ne sont probablement pas jetés <eos>,13,jetés,jetées,11,F,jetés,-7.859569,jetées,-10.67288,1
6173,P_NOUN_8_PASS_b,M,P,les bracelets avec les tasses que j' aime beaucoup ne sont probablement pas laissés <eos>,13,laissés,laissées,11,F,laissés,-8.363846,laissées,-9.760967,1
6174,P_NOUN_8_PASS_b,M,P,les bracelets avec les tasses que j' aime beaucoup ne sont probablement pas ouverts <eos>,13,ouverts,ouvertes,11,F,ouverts,-8.006739,ouvertes,-10.316469,1
6175,P_NOUN_8_PASS_b,M,P,les bracelets avec les tasses que j' aime beaucoup ne sont probablement pas perdus <eos>,13,perdus,perdues,11,F,perdus,-6.6178484,perdues,-9.082387,1
6176,P_NOUN_8_PASS_b,M,P,les bracelets avec les tasses que j' aime beaucoup ne sont probablement pas réparés <eos>,13,réparés,réparées,11,F,réparés,-11.295242,réparées,-11.402093,1
6177,P_NOUN_8_PASS_b,M,P,les bracelets avec les tasses que j' aime beaucoup ne sont probablement pas retirés <eos>,13,retirés,retirées,11,F,retirés,-8.657023,retirées,-10.248669,1
6178,P_NOUN_8_PASS_b,M,P,les bracelets avec les tasses que j' aime beaucoup ne sont probablement pas tombés <eos>,13,tombés,tombées,11,F,tombés,-6.555944,tombées,-9.824562,1
6179,P_NOUN_8_PASS_b,M,P,les bracelets avec les tasses que j' aime beaucoup ne sont probablement pas utilisés <eos>,13,utilisés,utilisées,11,F,utilisés,-5.2935915,utilisées,-7.652606,1
6180,P_NOUN_8_PASS_b,M,P,les bracelets avec les bougies que j' aime beaucoup ne sont probablement pas achetés <eos>,13,achetés,achetées,11,F,achetés,-9.344814,achetées,-12.264317,1
6181,P_NOUN_8_PASS_b,M,P,les bracelets avec les bougies que j' aime beaucoup ne sont probablement pas brisés <eos>,13,brisés,brisées,11,F,brisés,-10.481944,brisées,-11.188851,1
6182,P_NOUN_8_PASS_b,M,P,les bracelets avec les bougies que j' aime beaucoup ne sont probablement pas cachés <eos>,13,cachés,cachées,11,F,cachés,-7.200366,cachées,-10.15734,1
6183,P_NOUN_8_PASS_b,M,P,les bracelets avec les bougies que j' aime beaucoup ne sont probablement pas cassés <eos>,13,cassés,cassées,11,F,cassés,-9.493464,cassées,-10.422711,1
6184,P_NOUN_8_PASS_b,M,P,les bracelets avec les bougies que j' aime beaucoup ne sont probablement pas couverts <eos>,13,couverts,couvertes,11,F,couverts,-7.6024127,couvertes,-10.965326,1
6185,P_NOUN_8_PASS_b,M,P,les bracelets avec les bougies que j' aime beaucoup ne sont probablement pas déformés <eos>,13,déformés,déformées,11,F,déformés,-11.392459,déformées,-10.465529,0
6186,P_NOUN_8_PASS_b,M,P,les bracelets avec les bougies que j' aime beaucoup ne sont probablement pas fixés <eos>,13,fixés,fixées,11,F,fixés,-8.567646,fixées,-10.400799,1
6187,P_NOUN_8_PASS_b,M,P,les bracelets avec les bougies que j' aime beaucoup ne sont probablement pas jetés <eos>,13,jetés,jetées,11,F,jetés,-7.4244556,jetées,-10.677343,1
6188,P_NOUN_8_PASS_b,M,P,les bracelets avec les bougies que j' aime beaucoup ne sont probablement pas laissés <eos>,13,laissés,laissées,11,F,laissés,-8.107388,laissées,-10.7354145,1
6189,P_NOUN_8_PASS_b,M,P,les bracelets avec les bougies que j' aime beaucoup ne sont probablement pas ouverts <eos>,13,ouverts,ouvertes,11,F,ouverts,-8.062176,ouvertes,-10.761012,1
6190,P_NOUN_8_PASS_b,M,P,les bracelets avec les bougies que j' aime beaucoup ne sont probablement pas perdus <eos>,13,perdus,perdues,11,F,perdus,-6.6558,perdues,-9.537846,1
6191,P_NOUN_8_PASS_b,M,P,les bracelets avec les bougies que j' aime beaucoup ne sont probablement pas réparés <eos>,13,réparés,réparées,11,F,réparés,-11.201157,réparées,-11.723193,1
6192,P_NOUN_8_PASS_b,M,P,les bracelets avec les bougies que j' aime beaucoup ne sont probablement pas retirés <eos>,13,retirés,retirées,11,F,retirés,-8.87577,retirées,-10.470936,1
6193,P_NOUN_8_PASS_b,M,P,les bracelets avec les bougies que j' aime beaucoup ne sont probablement pas tombés <eos>,13,tombés,tombées,11,F,tombés,-5.7069254,tombées,-9.862838,1
6194,P_NOUN_8_PASS_b,M,P,les bracelets avec les bougies que j' aime beaucoup ne sont probablement pas utilisés <eos>,13,utilisés,utilisées,11,F,utilisés,-5.5493345,utilisées,-8.29488,1
6195,P_NOUN_8_PASS_b,M,P,les bracelets avec les pochettes que j' aime beaucoup ne sont probablement pas achetés <eos>,13,achetés,achetées,11,F,achetés,-9.227294,achetées,-11.292107,1
6196,P_NOUN_8_PASS_b,M,P,les bracelets avec les pochettes que j' aime beaucoup ne sont probablement pas brisés <eos>,13,brisés,brisées,11,F,brisés,-10.957178,brisées,-10.797804,0
6197,P_NOUN_8_PASS_b,M,P,les bracelets avec les pochettes que j' aime beaucoup ne sont probablement pas cachés <eos>,13,cachés,cachées,11,F,cachés,-8.132669,cachées,-9.766115,1
6198,P_NOUN_8_PASS_b,M,P,les bracelets avec les pochettes que j' aime beaucoup ne sont probablement pas cassés <eos>,13,cassés,cassées,11,F,cassés,-10.448524,cassées,-10.385122,0
6199,P_NOUN_8_PASS_b,M,P,les bracelets avec les pochettes que j' aime beaucoup ne sont probablement pas couverts <eos>,13,couverts,couvertes,11,F,couverts,-8.456941,couvertes,-10.424661,1
6200,P_NOUN_8_PASS_b,M,P,les bracelets avec les pochettes que j' aime beaucoup ne sont probablement pas déformés <eos>,13,déformés,déformées,11,F,déformés,-11.6918545,déformées,-9.62332,0
6201,P_NOUN_8_PASS_b,M,P,les bracelets avec les pochettes que j' aime beaucoup ne sont probablement pas fixés <eos>,13,fixés,fixées,11,F,fixés,-9.480351,fixées,-10.721162,1
6202,P_NOUN_8_PASS_b,M,P,les bracelets avec les pochettes que j' aime beaucoup ne sont probablement pas jetés <eos>,13,jetés,jetées,11,F,jetés,-8.572636,jetées,-11.362654,1
6203,P_NOUN_8_PASS_b,M,P,les bracelets avec les pochettes que j' aime beaucoup ne sont probablement pas laissés <eos>,13,laissés,laissées,11,F,laissés,-8.673267,laissées,-9.236504,1
6204,P_NOUN_8_PASS_b,M,P,les bracelets avec les pochettes que j' aime beaucoup ne sont probablement pas ouverts <eos>,13,ouverts,ouvertes,11,F,ouverts,-7.8142567,ouvertes,-9.3934145,1
6205,P_NOUN_8_PASS_b,M,P,les bracelets avec les pochettes que j' aime beaucoup ne sont probablement pas perdus <eos>,13,perdus,perdues,11,F,perdus,-6.8303404,perdues,-8.67862,1
6206,P_NOUN_8_PASS_b,M,P,les bracelets avec les pochettes que j' aime beaucoup ne sont probablement pas réparés <eos>,13,réparés,réparées,11,F,réparés,-11.70821,réparées,-11.015941,0
6207,P_NOUN_8_PASS_b,M,P,les bracelets avec les pochettes que j' aime beaucoup ne sont probablement pas retirés <eos>,13,retirés,retirées,11,F,retirés,-9.365985,retirées,-9.885203,1
6208,P_NOUN_8_PASS_b,M,P,les bracelets avec les pochettes que j' aime beaucoup ne sont probablement pas tombés <eos>,13,tombés,tombées,11,F,tombés,-7.8158426,tombées,-10.336701,1
6209,P_NOUN_8_PASS_b,M,P,les bracelets avec les pochettes que j' aime beaucoup ne sont probablement pas utilisés <eos>,13,utilisés,utilisées,11,F,utilisés,-5.995171,utilisées,-7.79596,1
6210,P_NOUN_8_PASS_b,M,P,les bracelets avec les bananes que j' aime beaucoup ne sont probablement pas achetés <eos>,13,achetés,achetées,11,F,achetés,-8.826221,achetées,-12.459978,1
6211,P_NOUN_8_PASS_b,M,P,les bracelets avec les bananes que j' aime beaucoup ne sont probablement pas brisés <eos>,13,brisés,brisées,11,F,brisés,-10.832218,brisées,-11.251102,1
6212,P_NOUN_8_PASS_b,M,P,les bracelets avec les bananes que j' aime beaucoup ne sont probablement pas cachés <eos>,13,cachés,cachées,11,F,cachés,-7.7084436,cachées,-10.771924,1
6213,P_NOUN_8_PASS_b,M,P,les bracelets avec les bananes que j' aime beaucoup ne sont probablement pas cassés <eos>,13,cassés,cassées,11,F,cassés,-9.381334,cassées,-10.419467,1
6214,P_NOUN_8_PASS_b,M,P,les bracelets avec les bananes que j' aime beaucoup ne sont probablement pas couverts <eos>,13,couverts,couvertes,11,F,couverts,-7.401121,couvertes,-10.913983,1
6215,P_NOUN_8_PASS_b,M,P,les bracelets avec les bananes que j' aime beaucoup ne sont probablement pas déformés <eos>,13,déformés,déformées,11,F,déformés,-12.025814,déformées,-10.7578945,0
6216,P_NOUN_8_PASS_b,M,P,les bracelets avec les bananes que j' aime beaucoup ne sont probablement pas fixés <eos>,13,fixés,fixées,11,F,fixés,-8.63826,fixées,-10.843471,1
6217,P_NOUN_8_PASS_b,M,P,les bracelets avec les bananes que j' aime beaucoup ne sont probablement pas jetés <eos>,13,jetés,jetées,11,F,jetés,-8.141616,jetées,-10.302484,1
6218,P_NOUN_8_PASS_b,M,P,les bracelets avec les bananes que j' aime beaucoup ne sont probablement pas laissés <eos>,13,laissés,laissées,11,F,laissés,-7.9734907,laissées,-10.44703,1
6219,P_NOUN_8_PASS_b,M,P,les bracelets avec les bananes que j' aime beaucoup ne sont probablement pas ouverts <eos>,13,ouverts,ouvertes,11,F,ouverts,-8.501215,ouvertes,-11.364628,1
6220,P_NOUN_8_PASS_b,M,P,les bracelets avec les bananes que j' aime beaucoup ne sont probablement pas perdus <eos>,13,perdus,perdues,11,F,perdus,-6.876159,perdues,-9.746595,1
6221,P_NOUN_8_PASS_b,M,P,les bracelets avec les bananes que j' aime beaucoup ne sont probablement pas réparés <eos>,13,réparés,réparées,11,F,réparés,-11.677521,réparées,-12.486741,1
6222,P_NOUN_8_PASS_b,M,P,les bracelets avec les bananes que j' aime beaucoup ne sont probablement pas retirés <eos>,13,retirés,retirées,11,F,retirés,-8.893475,retirées,-11.017792,1
6223,P_NOUN_8_PASS_b,M,P,les bracelets avec les bananes que j' aime beaucoup ne sont probablement pas tombés <eos>,13,tombés,tombées,11,F,tombés,-6.36377,tombées,-10.125046,1
6224,P_NOUN_8_PASS_b,M,P,les bracelets avec les bananes que j' aime beaucoup ne sont probablement pas utilisés <eos>,13,utilisés,utilisées,11,F,utilisés,-5.2298927,utilisées,-8.106223,1
6225,P_NOUN_8_PASS_b,M,P,les bracelets avec les robes que j' aime beaucoup ne sont probablement pas achetés <eos>,13,achetés,achetées,11,F,achetés,-9.482462,achetées,-12.88972,1
6226,P_NOUN_8_PASS_b,M,P,les bracelets avec les robes que j' aime beaucoup ne sont probablement pas brisés <eos>,13,brisés,brisées,11,F,brisés,-11.111275,brisées,-11.426632,1
6227,P_NOUN_8_PASS_b,M,P,les bracelets avec les robes que j' aime beaucoup ne sont probablement pas cachés <eos>,13,cachés,cachées,11,F,cachés,-7.6238747,cachées,-10.448739,1
6228,P_NOUN_8_PASS_b,M,P,les bracelets avec les robes que j' aime beaucoup ne sont probablement pas cassés <eos>,13,cassés,cassées,11,F,cassés,-10.067621,cassées,-10.334276,1
6229,P_NOUN_8_PASS_b,M,P,les bracelets avec les robes que j' aime beaucoup ne sont probablement pas couverts <eos>,13,couverts,couvertes,11,F,couverts,-7.6195507,couvertes,-10.611971,1
6230,P_NOUN_8_PASS_b,M,P,les bracelets avec les robes que j' aime beaucoup ne sont probablement pas déformés <eos>,13,déformés,déformées,11,F,déformés,-11.47142,déformées,-10.536676,0
6231,P_NOUN_8_PASS_b,M,P,les bracelets avec les robes que j' aime beaucoup ne sont probablement pas fixés <eos>,13,fixés,fixées,11,F,fixés,-9.041432,fixées,-10.513161,1
6232,P_NOUN_8_PASS_b,M,P,les bracelets avec les robes que j' aime beaucoup ne sont probablement pas jetés <eos>,13,jetés,jetées,11,F,jetés,-8.143715,jetées,-10.8148775,1
6233,P_NOUN_8_PASS_b,M,P,les bracelets avec les robes que j' aime beaucoup ne sont probablement pas laissés <eos>,13,laissés,laissées,11,F,laissés,-8.709614,laissées,-10.528944,1
6234,P_NOUN_8_PASS_b,M,P,les bracelets avec les robes que j' aime beaucoup ne sont probablement pas ouverts <eos>,13,ouverts,ouvertes,11,F,ouverts,-8.387412,ouvertes,-10.840606,1
6235,P_NOUN_8_PASS_b,M,P,les bracelets avec les robes que j' aime beaucoup ne sont probablement pas perdus <eos>,13,perdus,perdues,11,F,perdus,-7.376743,perdues,-9.737904,1
6236,P_NOUN_8_PASS_b,M,P,les bracelets avec les robes que j' aime beaucoup ne sont probablement pas réparés <eos>,13,réparés,réparées,11,F,réparés,-11.358977,réparées,-12.0455065,1
6237,P_NOUN_8_PASS_b,M,P,les bracelets avec les robes que j' aime beaucoup ne sont probablement pas retirés <eos>,13,retirés,retirées,11,F,retirés,-9.104264,retirées,-10.704153,1
6238,P_NOUN_8_PASS_b,M,P,les bracelets avec les robes que j' aime beaucoup ne sont probablement pas tombés <eos>,13,tombés,tombées,11,F,tombés,-6.335131,tombées,-10.13093,1
6239,P_NOUN_8_PASS_b,M,P,les bracelets avec les robes que j' aime beaucoup ne sont probablement pas utilisés <eos>,13,utilisés,utilisées,11,F,utilisés,-5.3186197,utilisées,-7.9799395,1
6240,P_NOUN_8_PASS_b,M,P,les bracelets avec les valises que j' aime beaucoup ne sont probablement pas achetés <eos>,13,achetés,achetées,11,F,achetés,-9.339296,achetées,-12.51145,1
6241,P_NOUN_8_PASS_b,M,P,les bracelets avec les valises que j' aime beaucoup ne sont probablement pas brisés <eos>,13,brisés,brisées,11,F,brisés,-10.781731,brisées,-11.02054,1
6242,P_NOUN_8_PASS_b,M,P,les bracelets avec les valises que j' aime beaucoup ne sont probablement pas cachés <eos>,13,cachés,cachées,11,F,cachés,-7.3809648,cachées,-9.741359,1
6243,P_NOUN_8_PASS_b,M,P,les bracelets avec les valises que j' aime beaucoup ne sont probablement pas cassés <eos>,13,cassés,cassées,11,F,cassés,-9.961771,cassées,-10.741304,1
6244,P_NOUN_8_PASS_b,M,P,les bracelets avec les valises que j' aime beaucoup ne sont probablement pas couverts <eos>,13,couverts,couvertes,11,F,couverts,-7.3179593,couvertes,-10.265638,1
6245,P_NOUN_8_PASS_b,M,P,les bracelets avec les valises que j' aime beaucoup ne sont probablement pas déformés <eos>,13,déformés,déformées,11,F,déformés,-11.7809105,déformées,-10.368671,0
6246,P_NOUN_8_PASS_b,M,P,les bracelets avec les valises que j' aime beaucoup ne sont probablement pas fixés <eos>,13,fixés,fixées,11,F,fixés,-8.690444,fixées,-10.191435,1
6247,P_NOUN_8_PASS_b,M,P,les bracelets avec les valises que j' aime beaucoup ne sont probablement pas jetés <eos>,13,jetés,jetées,11,F,jetés,-7.9270015,jetées,-10.583778,1
6248,P_NOUN_8_PASS_b,M,P,les bracelets avec les valises que j' aime beaucoup ne sont probablement pas laissés <eos>,13,laissés,laissées,11,F,laissés,-8.272094,laissées,-10.108523,1
6249,P_NOUN_8_PASS_b,M,P,les bracelets avec les valises que j' aime beaucoup ne sont probablement pas ouverts <eos>,13,ouverts,ouvertes,11,F,ouverts,-7.6046495,ouvertes,-10.012288,1
6250,P_NOUN_8_PASS_b,M,P,les bracelets avec les valises que j' aime beaucoup ne sont probablement pas perdus <eos>,13,perdus,perdues,11,F,perdus,-6.766902,perdues,-9.21952,1
6251,P_NOUN_8_PASS_b,M,P,les bracelets avec les valises que j' aime beaucoup ne sont probablement pas réparés <eos>,13,réparés,réparées,11,F,réparés,-11.449955,réparées,-11.646193,1
6252,P_NOUN_8_PASS_b,M,P,les bracelets avec les valises que j' aime beaucoup ne sont probablement pas retirés <eos>,13,retirés,retirées,11,F,retirés,-9.075152,retirées,-10.535698,1
6253,P_NOUN_8_PASS_b,M,P,les bracelets avec les valises que j' aime beaucoup ne sont probablement pas tombés <eos>,13,tombés,tombées,11,F,tombés,-6.794404,tombées,-10.102439,1
6254,P_NOUN_8_PASS_b,M,P,les bracelets avec les valises que j' aime beaucoup ne sont probablement pas utilisés <eos>,13,utilisés,utilisées,11,F,utilisés,-5.703991,utilisées,-8.141342,1
6255,P_NOUN_8_PASS_b,M,P,les bracelets avec les pendules que j' aime beaucoup ne sont probablement pas achetés <eos>,13,achetés,achetées,11,F,achetés,-9.320234,achetées,-12.369488,1
6256,P_NOUN_8_PASS_b,M,P,les bracelets avec les pendules que j' aime beaucoup ne sont probablement pas brisés <eos>,13,brisés,brisées,11,F,brisés,-10.418503,brisées,-10.627544,1
6257,P_NOUN_8_PASS_b,M,P,les bracelets avec les pendules que j' aime beaucoup ne sont probablement pas cachés <eos>,13,cachés,cachées,11,F,cachés,-7.2475486,cachées,-9.8279,1
6258,P_NOUN_8_PASS_b,M,P,les bracelets avec les pendules que j' aime beaucoup ne sont probablement pas cassés <eos>,13,cassés,cassées,11,F,cassés,-9.410254,cassées,-9.710543,1
6259,P_NOUN_8_PASS_b,M,P,les bracelets avec les pendules que j' aime beaucoup ne sont probablement pas couverts <eos>,13,couverts,couvertes,11,F,couverts,-7.7226667,couvertes,-10.514308,1
6260,P_NOUN_8_PASS_b,M,P,les bracelets avec les pendules que j' aime beaucoup ne sont probablement pas déformés <eos>,13,déformés,déformées,11,F,déformés,-11.242952,déformées,-9.580982,0
6261,P_NOUN_8_PASS_b,M,P,les bracelets avec les pendules que j' aime beaucoup ne sont probablement pas fixés <eos>,13,fixés,fixées,11,F,fixés,-8.539629,fixées,-9.724434,1
6262,P_NOUN_8_PASS_b,M,P,les bracelets avec les pendules que j' aime beaucoup ne sont probablement pas jetés <eos>,13,jetés,jetées,11,F,jetés,-7.486759,jetées,-10.352164,1
6263,P_NOUN_8_PASS_b,M,P,les bracelets avec les pendules que j' aime beaucoup ne sont probablement pas laissés <eos>,13,laissés,laissées,11,F,laissés,-8.415796,laissées,-10.300366,1
6264,P_NOUN_8_PASS_b,M,P,les bracelets avec les pendules que j' aime beaucoup ne sont probablement pas ouverts <eos>,13,ouverts,ouvertes,11,F,ouverts,-8.010251,ouvertes,-10.403466,1
6265,P_NOUN_8_PASS_b,M,P,les bracelets avec les pendules que j' aime beaucoup ne sont probablement pas perdus <eos>,13,perdus,perdues,11,F,perdus,-6.9155602,perdues,-9.257977,1
6266,P_NOUN_8_PASS_b,M,P,les bracelets avec les pendules que j' aime beaucoup ne sont probablement pas réparés <eos>,13,réparés,réparées,11,F,réparés,-11.686739,réparées,-11.314228,0
6267,P_NOUN_8_PASS_b,M,P,les bracelets avec les pendules que j' aime beaucoup ne sont probablement pas retirés <eos>,13,retirés,retirées,11,F,retirés,-8.792086,retirées,-9.840319,1
6268,P_NOUN_8_PASS_b,M,P,les bracelets avec les pendules que j' aime beaucoup ne sont probablement pas tombés <eos>,13,tombés,tombées,11,F,tombés,-6.958507,tombées,-9.85219,1
6269,P_NOUN_8_PASS_b,M,P,les bracelets avec les pendules que j' aime beaucoup ne sont probablement pas utilisés <eos>,13,utilisés,utilisées,11,F,utilisés,-5.208337,utilisées,-7.6862917,1
6270,P_NOUN_8_PASS_b,M,P,les bracelets avec les cloches que j' aime beaucoup ne sont probablement pas achetés <eos>,13,achetés,achetées,11,F,achetés,-9.530542,achetées,-13.033085,1
6271,P_NOUN_8_PASS_b,M,P,les bracelets avec les cloches que j' aime beaucoup ne sont probablement pas brisés <eos>,13,brisés,brisées,11,F,brisés,-10.157769,brisées,-11.129726,1
6272,P_NOUN_8_PASS_b,M,P,les bracelets avec les cloches que j' aime beaucoup ne sont probablement pas cachés <eos>,13,cachés,cachées,11,F,cachés,-7.2494116,cachées,-10.282432,1
6273,P_NOUN_8_PASS_b,M,P,les bracelets avec les cloches que j' aime beaucoup ne sont probablement pas cassés <eos>,13,cassés,cassées,11,F,cassés,-9.440489,cassées,-10.795532,1
6274,P_NOUN_8_PASS_b,M,P,les bracelets avec les cloches que j' aime beaucoup ne sont probablement pas couverts <eos>,13,couverts,couvertes,11,F,couverts,-7.119395,couvertes,-10.70904,1
6275,P_NOUN_8_PASS_b,M,P,les bracelets avec les cloches que j' aime beaucoup ne sont probablement pas déformés <eos>,13,déformés,déformées,11,F,déformés,-11.529337,déformées,-10.921997,0
6276,P_NOUN_8_PASS_b,M,P,les bracelets avec les cloches que j' aime beaucoup ne sont probablement pas fixés <eos>,13,fixés,fixées,11,F,fixés,-8.729057,fixées,-10.612101,1
6277,P_NOUN_8_PASS_b,M,P,les bracelets avec les cloches que j' aime beaucoup ne sont probablement pas jetés <eos>,13,jetés,jetées,11,F,jetés,-7.3832183,jetées,-10.816973,1
6278,P_NOUN_8_PASS_b,M,P,les bracelets avec les cloches que j' aime beaucoup ne sont probablement pas laissés <eos>,13,laissés,laissées,11,F,laissés,-7.9528313,laissées,-10.938716,1
6279,P_NOUN_8_PASS_b,M,P,les bracelets avec les cloches que j' aime beaucoup ne sont probablement pas ouverts <eos>,13,ouverts,ouvertes,11,F,ouverts,-8.048552,ouvertes,-10.600382,1
6280,P_NOUN_8_PASS_b,M,P,les bracelets avec les cloches que j' aime beaucoup ne sont probablement pas perdus <eos>,13,perdus,perdues,11,F,perdus,-6.507765,perdues,-9.322033,1
6281,P_NOUN_8_PASS_b,M,P,les bracelets avec les cloches que j' aime beaucoup ne sont probablement pas réparés <eos>,13,réparés,réparées,11,F,réparés,-10.584103,réparées,-11.464793,1
6282,P_NOUN_8_PASS_b,M,P,les bracelets avec les cloches que j' aime beaucoup ne sont probablement pas retirés <eos>,13,retirés,retirées,11,F,retirés,-8.616978,retirées,-10.324114,1
6283,P_NOUN_8_PASS_b,M,P,les bracelets avec les cloches que j' aime beaucoup ne sont probablement pas tombés <eos>,13,tombés,tombées,11,F,tombés,-5.832482,tombées,-9.772455,1
6284,P_NOUN_8_PASS_b,M,P,les bracelets avec les cloches que j' aime beaucoup ne sont probablement pas utilisés <eos>,13,utilisés,utilisées,11,F,utilisés,-5.481537,utilisées,-8.472182,1
6285,P_NOUN_8_PASS_b,M,P,les bracelets avec les cerises que j' aime beaucoup ne sont probablement pas achetés <eos>,13,achetés,achetées,11,F,achetés,-8.832369,achetées,-12.390322,1
6286,P_NOUN_8_PASS_b,M,P,les bracelets avec les cerises que j' aime beaucoup ne sont probablement pas brisés <eos>,13,brisés,brisées,11,F,brisés,-10.68653,brisées,-11.490287,1
6287,P_NOUN_8_PASS_b,M,P,les bracelets avec les cerises que j' aime beaucoup ne sont probablement pas cachés <eos>,13,cachés,cachées,11,F,cachés,-7.9602137,cachées,-10.771936,1
6288,P_NOUN_8_PASS_b,M,P,les bracelets avec les cerises que j' aime beaucoup ne sont probablement pas cassés <eos>,13,cassés,cassées,11,F,cassés,-9.578979,cassées,-10.615226,1
6289,P_NOUN_8_PASS_b,M,P,les bracelets avec les cerises que j' aime beaucoup ne sont probablement pas couverts <eos>,13,couverts,couvertes,11,F,couverts,-7.2136374,couvertes,-10.934476,1
6290,P_NOUN_8_PASS_b,M,P,les bracelets avec les cerises que j' aime beaucoup ne sont probablement pas déformés <eos>,13,déformés,déformées,11,F,déformés,-11.900556,déformées,-10.960522,0
6291,P_NOUN_8_PASS_b,M,P,les bracelets avec les cerises que j' aime beaucoup ne sont probablement pas fixés <eos>,13,fixés,fixées,11,F,fixés,-8.695345,fixées,-11.095311,1
6292,P_NOUN_8_PASS_b,M,P,les bracelets avec les cerises que j' aime beaucoup ne sont probablement pas jetés <eos>,13,jetés,jetées,11,F,jetés,-8.038136,jetées,-11.075417,1
6293,P_NOUN_8_PASS_b,M,P,les bracelets avec les cerises que j' aime beaucoup ne sont probablement pas laissés <eos>,13,laissés,laissées,11,F,laissés,-7.9722195,laissées,-10.546766,1
6294,P_NOUN_8_PASS_b,M,P,les bracelets avec les cerises que j' aime beaucoup ne sont probablement pas ouverts <eos>,13,ouverts,ouvertes,11,F,ouverts,-8.095009,ouvertes,-10.971134,1
6295,P_NOUN_8_PASS_b,M,P,les bracelets avec les cerises que j' aime beaucoup ne sont probablement pas perdus <eos>,13,perdus,perdues,11,F,perdus,-7.0539184,perdues,-9.826525,1
6296,P_NOUN_8_PASS_b,M,P,les bracelets avec les cerises que j' aime beaucoup ne sont probablement pas réparés <eos>,13,réparés,réparées,11,F,réparés,-11.330489,réparées,-12.151277,1
6297,P_NOUN_8_PASS_b,M,P,les bracelets avec les cerises que j' aime beaucoup ne sont probablement pas retirés <eos>,13,retirés,retirées,11,F,retirés,-9.000098,retirées,-11.1448965,1
6298,P_NOUN_8_PASS_b,M,P,les bracelets avec les cerises que j' aime beaucoup ne sont probablement pas tombés <eos>,13,tombés,tombées,11,F,tombés,-6.3991995,tombées,-10.261002,1
6299,P_NOUN_8_PASS_b,M,P,les bracelets avec les cerises que j' aime beaucoup ne sont probablement pas utilisés <eos>,13,utilisés,utilisées,11,F,utilisés,-5.6295547,utilisées,-8.391125,1
6300,P_NOUN_8_PASS_b,M,P,les miroirs avec les gemmes que j' aime beaucoup ne sont probablement pas achetés <eos>,13,achetés,achetées,11,F,achetés,-9.770461,achetées,-13.902805,1
6301,P_NOUN_8_PASS_b,M,P,les miroirs avec les gemmes que j' aime beaucoup ne sont probablement pas brisés <eos>,13,brisés,brisées,11,F,brisés,-10.093602,brisées,-11.063795,1
6302,P_NOUN_8_PASS_b,M,P,les miroirs avec les gemmes que j' aime beaucoup ne sont probablement pas cachés <eos>,13,cachés,cachées,11,F,cachés,-7.34374,cachées,-10.05298,1
6303,P_NOUN_8_PASS_b,M,P,les miroirs avec les gemmes que j' aime beaucoup ne sont probablement pas cassés <eos>,13,cassés,cassées,11,F,cassés,-9.810007,cassées,-11.126773,1
6304,P_NOUN_8_PASS_b,M,P,les miroirs avec les gemmes que j' aime beaucoup ne sont probablement pas couverts <eos>,13,couverts,couvertes,11,F,couverts,-7.607178,couvertes,-10.471924,1
6305,P_NOUN_8_PASS_b,M,P,les miroirs avec les gemmes que j' aime beaucoup ne sont probablement pas déformés <eos>,13,déformés,déformées,11,F,déformés,-10.072272,déformées,-9.092032,0
6306,P_NOUN_8_PASS_b,M,P,les miroirs avec les gemmes que j' aime beaucoup ne sont probablement pas fixés <eos>,13,fixés,fixées,11,F,fixés,-8.308489,fixées,-10.416664,1
6307,P_NOUN_8_PASS_b,M,P,les miroirs avec les gemmes que j' aime beaucoup ne sont probablement pas jetés <eos>,13,jetés,jetées,11,F,jetés,-8.159125,jetées,-11.053467,1
6308,P_NOUN_8_PASS_b,M,P,les miroirs avec les gemmes que j' aime beaucoup ne sont probablement pas laissés <eos>,13,laissés,laissées,11,F,laissés,-8.383037,laissées,-10.745907,1
6309,P_NOUN_8_PASS_b,M,P,les miroirs avec les gemmes que j' aime beaucoup ne sont probablement pas ouverts <eos>,13,ouverts,ouvertes,11,F,ouverts,-7.3827524,ouvertes,-10.756978,1
6310,P_NOUN_8_PASS_b,M,P,les miroirs avec les gemmes que j' aime beaucoup ne sont probablement pas perdus <eos>,13,perdus,perdues,11,F,perdus,-6.439414,perdues,-9.568287,1
6311,P_NOUN_8_PASS_b,M,P,les miroirs avec les gemmes que j' aime beaucoup ne sont probablement pas réparés <eos>,13,réparés,réparées,11,F,réparés,-10.389763,réparées,-11.226186,1
6312,P_NOUN_8_PASS_b,M,P,les miroirs avec les gemmes que j' aime beaucoup ne sont probablement pas retirés <eos>,13,retirés,retirées,11,F,retirés,-8.9633465,retirées,-10.609614,1
6313,P_NOUN_8_PASS_b,M,P,les miroirs avec les gemmes que j' aime beaucoup ne sont probablement pas tombés <eos>,13,tombés,tombées,11,F,tombés,-7.8251944,tombées,-10.397779,1
6314,P_NOUN_8_PASS_b,M,P,les miroirs avec les gemmes que j' aime beaucoup ne sont probablement pas utilisés <eos>,13,utilisés,utilisées,11,F,utilisés,-4.718084,utilisées,-7.671469,1
6315,P_NOUN_8_PASS_b,M,P,les miroirs avec les chaises que j' aime beaucoup ne sont probablement pas achetés <eos>,13,achetés,achetées,11,F,achetés,-10.029957,achetées,-13.826722,1
6316,P_NOUN_8_PASS_b,M,P,les miroirs avec les chaises que j' aime beaucoup ne sont probablement pas brisés <eos>,13,brisés,brisées,11,F,brisés,-9.853639,brisées,-10.677084,1
6317,P_NOUN_8_PASS_b,M,P,les miroirs avec les chaises que j' aime beaucoup ne sont probablement pas cachés <eos>,13,cachés,cachées,11,F,cachés,-7.9614706,cachées,-9.535981,1
6318,P_NOUN_8_PASS_b,M,P,les miroirs avec les chaises que j' aime beaucoup ne sont probablement pas cassés <eos>,13,cassés,cassées,11,F,cassés,-10.081874,cassées,-10.372463,1
6319,P_NOUN_8_PASS_b,M,P,les miroirs avec les chaises que j' aime beaucoup ne sont probablement pas couverts <eos>,13,couverts,couvertes,11,F,couverts,-6.6229362,couvertes,-9.342048,1
6320,P_NOUN_8_PASS_b,M,P,les miroirs avec les chaises que j' aime beaucoup ne sont probablement pas déformés <eos>,13,déformés,déformées,11,F,déformés,-10.251746,déformées,-9.104809,0
6321,P_NOUN_8_PASS_b,M,P,les miroirs avec les chaises que j' aime beaucoup ne sont probablement pas fixés <eos>,13,fixés,fixées,11,F,fixés,-8.454535,fixées,-9.936708,1
6322,P_NOUN_8_PASS_b,M,P,les miroirs avec les chaises que j' aime beaucoup ne sont probablement pas jetés <eos>,13,jetés,jetées,11,F,jetés,-7.8178844,jetées,-10.983826,1
6323,P_NOUN_8_PASS_b,M,P,les miroirs avec les chaises que j' aime beaucoup ne sont probablement pas laissés <eos>,13,laissés,laissées,11,F,laissés,-8.5133,laissées,-10.141224,1
6324,P_NOUN_8_PASS_b,M,P,les miroirs avec les chaises que j' aime beaucoup ne sont probablement pas ouverts <eos>,13,ouverts,ouvertes,11,F,ouverts,-6.4498854,ouvertes,-9.25187,1
6325,P_NOUN_8_PASS_b,M,P,les miroirs avec les chaises que j' aime beaucoup ne sont probablement pas perdus <eos>,13,perdus,perdues,11,F,perdus,-6.613822,perdues,-9.582854,1
6326,P_NOUN_8_PASS_b,M,P,les miroirs avec les chaises que j' aime beaucoup ne sont probablement pas réparés <eos>,13,réparés,réparées,11,F,réparés,-10.362625,réparées,-10.539886,1
6327,P_NOUN_8_PASS_b,M,P,les miroirs avec les chaises que j' aime beaucoup ne sont probablement pas retirés <eos>,13,retirés,retirées,11,F,retirés,-9.329742,retirées,-10.259121,1
6328,P_NOUN_8_PASS_b,M,P,les miroirs avec les chaises que j' aime beaucoup ne sont probablement pas tombés <eos>,13,tombés,tombées,11,F,tombés,-7.969124,tombées,-10.24414,1
6329,P_NOUN_8_PASS_b,M,P,les miroirs avec les chaises que j' aime beaucoup ne sont probablement pas utilisés <eos>,13,utilisés,utilisées,11,F,utilisés,-5.1814995,utilisées,-7.736418,1
6330,P_NOUN_8_PASS_b,M,P,les miroirs avec les poubelles que j' aime beaucoup ne sont probablement pas achetés <eos>,13,achetés,achetées,11,F,achetés,-9.762283,achetées,-13.860778,1
6331,P_NOUN_8_PASS_b,M,P,les miroirs avec les poubelles que j' aime beaucoup ne sont probablement pas brisés <eos>,13,brisés,brisées,11,F,brisés,-10.01865,brisées,-11.136087,1
6332,P_NOUN_8_PASS_b,M,P,les miroirs avec les poubelles que j' aime beaucoup ne sont probablement pas cachés <eos>,13,cachés,cachées,11,F,cachés,-7.5531573,cachées,-9.827171,1
6333,P_NOUN_8_PASS_b,M,P,les miroirs avec les poubelles que j' aime beaucoup ne sont probablement pas cassés <eos>,13,cassés,cassées,11,F,cassés,-9.817928,cassées,-10.804409,1
6334,P_NOUN_8_PASS_b,M,P,les miroirs avec les poubelles que j' aime beaucoup ne sont probablement pas couverts <eos>,13,couverts,couvertes,11,F,couverts,-6.996349,couvertes,-9.488714,1
6335,P_NOUN_8_PASS_b,M,P,les miroirs avec les poubelles que j' aime beaucoup ne sont probablement pas déformés <eos>,13,déformés,déformées,11,F,déformés,-10.347711,déformées,-8.978335,0
6336,P_NOUN_8_PASS_b,M,P,les miroirs avec les poubelles que j' aime beaucoup ne sont probablement pas fixés <eos>,13,fixés,fixées,11,F,fixés,-8.3140135,fixées,-10.165118,1
6337,P_NOUN_8_PASS_b,M,P,les miroirs avec les poubelles que j' aime beaucoup ne sont probablement pas jetés <eos>,13,jetés,jetées,11,F,jetés,-7.6438184,jetées,-10.74387,1
6338,P_NOUN_8_PASS_b,M,P,les miroirs avec les poubelles que j' aime beaucoup ne sont probablement pas laissés <eos>,13,laissés,laissées,11,F,laissés,-8.313826,laissées,-10.406057,1
6339,P_NOUN_8_PASS_b,M,P,les miroirs avec les poubelles que j' aime beaucoup ne sont probablement pas ouverts <eos>,13,ouverts,ouvertes,11,F,ouverts,-6.3422966,ouvertes,-9.413947,1
6340,P_NOUN_8_PASS_b,M,P,les miroirs avec les poubelles que j' aime beaucoup ne sont probablement pas perdus <eos>,13,perdus,perdues,11,F,perdus,-6.5132685,perdues,-9.674955,1
6341,P_NOUN_8_PASS_b,M,P,les miroirs avec les poubelles que j' aime beaucoup ne sont probablement pas réparés <eos>,13,réparés,réparées,11,F,réparés,-10.382399,réparées,-10.530148,1
6342,P_NOUN_8_PASS_b,M,P,les miroirs avec les poubelles que j' aime beaucoup ne sont probablement pas retirés <eos>,13,retirés,retirées,11,F,retirés,-8.849173,retirées,-10.445633,1
6343,P_NOUN_8_PASS_b,M,P,les miroirs avec les poubelles que j' aime beaucoup ne sont probablement pas tombés <eos>,13,tombés,tombées,11,F,tombés,-7.9646883,tombées,-10.675027,1
6344,P_NOUN_8_PASS_b,M,P,les miroirs avec les poubelles que j' aime beaucoup ne sont probablement pas utilisés <eos>,13,utilisés,utilisées,11,F,utilisés,-4.8775516,utilisées,-7.6174684,1
6345,P_NOUN_8_PASS_b,M,P,les miroirs avec les chemises que j' aime beaucoup ne sont probablement pas achetés <eos>,13,achetés,achetées,11,F,achetés,-9.973852,achetées,-13.724958,1
6346,P_NOUN_8_PASS_b,M,P,les miroirs avec les chemises que j' aime beaucoup ne sont probablement pas brisés <eos>,13,brisés,brisées,11,F,brisés,-9.998885,brisées,-10.635525,1
6347,P_NOUN_8_PASS_b,M,P,les miroirs avec les chemises que j' aime beaucoup ne sont probablement pas cachés <eos>,13,cachés,cachées,11,F,cachés,-7.752441,cachées,-9.733755,1
6348,P_NOUN_8_PASS_b,M,P,les miroirs avec les chemises que j' aime beaucoup ne sont probablement pas cassés <eos>,13,cassés,cassées,11,F,cassés,-10.064716,cassées,-9.67947,0
6349,P_NOUN_8_PASS_b,M,P,les miroirs avec les chemises que j' aime beaucoup ne sont probablement pas couverts <eos>,13,couverts,couvertes,11,F,couverts,-7.442569,couvertes,-9.799093,1
6350,P_NOUN_8_PASS_b,M,P,les miroirs avec les chemises que j' aime beaucoup ne sont probablement pas déformés <eos>,13,déformés,déformées,11,F,déformés,-10.113096,déformées,-8.584276,0
6351,P_NOUN_8_PASS_b,M,P,les miroirs avec les chemises que j' aime beaucoup ne sont probablement pas fixés <eos>,13,fixés,fixées,11,F,fixés,-8.600499,fixées,-9.541007,1
6352,P_NOUN_8_PASS_b,M,P,les miroirs avec les chemises que j' aime beaucoup ne sont probablement pas jetés <eos>,13,jetés,jetées,11,F,jetés,-7.7026467,jetées,-10.115351,1
6353,P_NOUN_8_PASS_b,M,P,les miroirs avec les chemises que j' aime beaucoup ne sont probablement pas laissés <eos>,13,laissés,laissées,11,F,laissés,-8.570032,laissées,-10.210638,1
6354,P_NOUN_8_PASS_b,M,P,les miroirs avec les chemises que j' aime beaucoup ne sont probablement pas ouverts <eos>,13,ouverts,ouvertes,11,F,ouverts,-7.5761356,ouvertes,-10.217447,1
6355,P_NOUN_8_PASS_b,M,P,les miroirs avec les chemises que j' aime beaucoup ne sont probablement pas perdus <eos>,13,perdus,perdues,11,F,perdus,-6.6387854,perdues,-9.188704,1
6356,P_NOUN_8_PASS_b,M,P,les miroirs avec les chemises que j' aime beaucoup ne sont probablement pas réparés <eos>,13,réparés,réparées,11,F,réparés,-10.607844,réparées,-10.765899,1
6357,P_NOUN_8_PASS_b,M,P,les miroirs avec les chemises que j' aime beaucoup ne sont probablement pas retirés <eos>,13,retirés,retirées,11,F,retirés,-8.84363,retirées,-9.857507,1
6358,P_NOUN_8_PASS_b,M,P,les miroirs avec les chemises que j' aime beaucoup ne sont probablement pas tombés <eos>,13,tombés,tombées,11,F,tombés,-7.3683147,tombées,-9.752094,1
6359,P_NOUN_8_PASS_b,M,P,les miroirs avec les chemises que j' aime beaucoup ne sont probablement pas utilisés <eos>,13,utilisés,utilisées,11,F,utilisés,-4.717542,utilisées,-7.15535,1
6360,P_NOUN_8_PASS_b,M,P,les miroirs avec les recettes que j' aime beaucoup ne sont probablement pas achetés <eos>,13,achetés,achetées,11,F,achetés,-9.377358,achetées,-13.327977,1
6361,P_NOUN_8_PASS_b,M,P,les miroirs avec les recettes que j' aime beaucoup ne sont probablement pas brisés <eos>,13,brisés,brisées,11,F,brisés,-10.506622,brisées,-11.382271,1
6362,P_NOUN_8_PASS_b,M,P,les miroirs avec les recettes que j' aime beaucoup ne sont probablement pas cachés <eos>,13,cachés,cachées,11,F,cachés,-7.6642075,cachées,-10.706679,1
6363,P_NOUN_8_PASS_b,M,P,les miroirs avec les recettes que j' aime beaucoup ne sont probablement pas cassés <eos>,13,cassés,cassées,11,F,cassés,-9.953014,cassées,-11.364786,1
6364,P_NOUN_8_PASS_b,M,P,les miroirs avec les recettes que j' aime beaucoup ne sont probablement pas couverts <eos>,13,couverts,couvertes,11,F,couverts,-7.2872586,couvertes,-10.325178,1
6365,P_NOUN_8_PASS_b,M,P,les miroirs avec les recettes que j' aime beaucoup ne sont probablement pas déformés <eos>,13,déformés,déformées,11,F,déformés,-10.905833,déformées,-9.695796,0
6366,P_NOUN_8_PASS_b,M,P,les miroirs avec les recettes que j' aime beaucoup ne sont probablement pas fixés <eos>,13,fixés,fixées,11,F,fixés,-7.8348436,fixées,-10.43279,1
6367,P_NOUN_8_PASS_b,M,P,les miroirs avec les recettes que j' aime beaucoup ne sont probablement pas jetés <eos>,13,jetés,jetées,11,F,jetés,-8.165686,jetées,-11.409103,1
6368,P_NOUN_8_PASS_b,M,P,les miroirs avec les recettes que j' aime beaucoup ne sont probablement pas laissés <eos>,13,laissés,laissées,11,F,laissés,-8.910423,laissées,-10.568143,1
6369,P_NOUN_8_PASS_b,M,P,les miroirs avec les recettes que j' aime beaucoup ne sont probablement pas ouverts <eos>,13,ouverts,ouvertes,11,F,ouverts,-7.120795,ouvertes,-10.595352,1
6370,P_NOUN_8_PASS_b,M,P,les miroirs avec les recettes que j' aime beaucoup ne sont probablement pas perdus <eos>,13,perdus,perdues,11,F,perdus,-6.4947023,perdues,-9.610386,1
6371,P_NOUN_8_PASS_b,M,P,les miroirs avec les recettes que j' aime beaucoup ne sont probablement pas réparés <eos>,13,réparés,réparées,11,F,réparés,-10.510562,réparées,-11.250701,1
6372,P_NOUN_8_PASS_b,M,P,les miroirs avec les recettes que j' aime beaucoup ne sont probablement pas retirés <eos>,13,retirés,retirées,11,F,retirés,-8.801004,retirées,-10.452705,1
6373,P_NOUN_8_PASS_b,M,P,les miroirs avec les recettes que j' aime beaucoup ne sont probablement pas tombés <eos>,13,tombés,tombées,11,F,tombés,-8.101097,tombées,-10.763394,1
6374,P_NOUN_8_PASS_b,M,P,les miroirs avec les recettes que j' aime beaucoup ne sont probablement pas utilisés <eos>,13,utilisés,utilisées,11,F,utilisés,-4.7738647,utilisées,-7.705596,1
6375,P_NOUN_8_PASS_b,M,P,les miroirs avec les jupes que j' aime beaucoup ne sont probablement pas achetés <eos>,13,achetés,achetées,11,F,achetés,-9.948397,achetées,-13.858566,1
6376,P_NOUN_8_PASS_b,M,P,les miroirs avec les jupes que j' aime beaucoup ne sont probablement pas brisés <eos>,13,brisés,brisées,11,F,brisés,-10.068529,brisées,-10.95709,1
6377,P_NOUN_8_PASS_b,M,P,les miroirs avec les jupes que j' aime beaucoup ne sont probablement pas cachés <eos>,13,cachés,cachées,11,F,cachés,-7.8062997,cachées,-10.327744,1
6378,P_NOUN_8_PASS_b,M,P,les miroirs avec les jupes que j' aime beaucoup ne sont probablement pas cassés <eos>,13,cassés,cassées,11,F,cassés,-9.554918,cassées,-9.951915,1
6379,P_NOUN_8_PASS_b,M,P,les miroirs avec les jupes que j' aime beaucoup ne sont probablement pas couverts <eos>,13,couverts,couvertes,11,F,couverts,-7.513126,couvertes,-9.9208975,1
6380,P_NOUN_8_PASS_b,M,P,les miroirs avec les jupes que j' aime beaucoup ne sont probablement pas déformés <eos>,13,déformés,déformées,11,F,déformés,-10.0510435,déformées,-8.675187,0
6381,P_NOUN_8_PASS_b,M,P,les miroirs avec les jupes que j' aime beaucoup ne sont probablement pas fixés <eos>,13,fixés,fixées,11,F,fixés,-7.9784374,fixées,-9.701698,1
6382,P_NOUN_8_PASS_b,M,P,les miroirs avec les jupes que j' aime beaucoup ne sont probablement pas jetés <eos>,13,jetés,jetées,11,F,jetés,-8.449747,jetées,-11.038708,1
6383,P_NOUN_8_PASS_b,M,P,les miroirs avec les jupes que j' aime beaucoup ne sont probablement pas laissés <eos>,13,laissés,laissées,11,F,laissés,-9.121015,laissées,-10.701209,1
6384,P_NOUN_8_PASS_b,M,P,les miroirs avec les jupes que j' aime beaucoup ne sont probablement pas ouverts <eos>,13,ouverts,ouvertes,11,F,ouverts,-6.9670305,ouvertes,-10.170411,1
6385,P_NOUN_8_PASS_b,M,P,les miroirs avec les jupes que j' aime beaucoup ne sont probablement pas perdus <eos>,13,perdus,perdues,11,F,perdus,-6.812207,perdues,-10.219027,1
6386,P_NOUN_8_PASS_b,M,P,les miroirs avec les jupes que j' aime beaucoup ne sont probablement pas réparés <eos>,13,réparés,réparées,11,F,réparés,-10.744059,réparées,-10.919765,1
6387,P_NOUN_8_PASS_b,M,P,les miroirs avec les jupes que j' aime beaucoup ne sont probablement pas retirés <eos>,13,retirés,retirées,11,F,retirés,-9.138245,retirées,-10.353983,1
6388,P_NOUN_8_PASS_b,M,P,les miroirs avec les jupes que j' aime beaucoup ne sont probablement pas tombés <eos>,13,tombés,tombées,11,F,tombés,-8.223294,tombées,-10.594934,1
6389,P_NOUN_8_PASS_b,M,P,les miroirs avec les jupes que j' aime beaucoup ne sont probablement pas utilisés <eos>,13,utilisés,utilisées,11,F,utilisés,-4.6583815,utilisées,-7.58216,1
6390,P_NOUN_8_PASS_b,M,P,les miroirs avec les colles que j' aime beaucoup ne sont probablement pas achetés <eos>,13,achetés,achetées,11,F,achetés,-10.104923,achetées,-13.796364,1
6391,P_NOUN_8_PASS_b,M,P,les miroirs avec les colles que j' aime beaucoup ne sont probablement pas brisés <eos>,13,brisés,brisées,11,F,brisés,-10.193745,brisées,-10.961566,1
6392,P_NOUN_8_PASS_b,M,P,les miroirs avec les colles que j' aime beaucoup ne sont probablement pas cachés <eos>,13,cachés,cachées,11,F,cachés,-8.360074,cachées,-10.605149,1
6393,P_NOUN_8_PASS_b,M,P,les miroirs avec les colles que j' aime beaucoup ne sont probablement pas cassés <eos>,13,cassés,cassées,11,F,cassés,-9.476339,cassées,-10.332363,1
6394,P_NOUN_8_PASS_b,M,P,les miroirs avec les colles que j' aime beaucoup ne sont probablement pas couverts <eos>,13,couverts,couvertes,11,F,couverts,-7.4406624,couvertes,-9.773935,1
6395,P_NOUN_8_PASS_b,M,P,les miroirs avec les colles que j' aime beaucoup ne sont probablement pas déformés <eos>,13,déformés,déformées,11,F,déformés,-10.672676,déformées,-8.746992,0
6396,P_NOUN_8_PASS_b,M,P,les miroirs avec les colles que j' aime beaucoup ne sont probablement pas fixés <eos>,13,fixés,fixées,11,F,fixés,-8.426068,fixées,-10.082861,1
6397,P_NOUN_8_PASS_b,M,P,les miroirs avec les colles que j' aime beaucoup ne sont probablement pas jetés <eos>,13,jetés,jetées,11,F,jetés,-8.772296,jetées,-11.226082,1
6398,P_NOUN_8_PASS_b,M,P,les miroirs avec les colles que j' aime beaucoup ne sont probablement pas laissés <eos>,13,laissés,laissées,11,F,laissés,-8.959904,laissées,-9.756278,1
6399,P_NOUN_8_PASS_b,M,P,les miroirs avec les colles que j' aime beaucoup ne sont probablement pas ouverts <eos>,13,ouverts,ouvertes,11,F,ouverts,-7.144083,ouvertes,-9.846465,1
6400,P_NOUN_8_PASS_b,M,P,les miroirs avec les colles que j' aime beaucoup ne sont probablement pas perdus <eos>,13,perdus,perdues,11,F,perdus,-6.957245,perdues,-9.845752,1
6401,P_NOUN_8_PASS_b,M,P,les miroirs avec les colles que j' aime beaucoup ne sont probablement pas réparés <eos>,13,réparés,réparées,11,F,réparés,-10.349703,réparées,-10.398403,1
6402,P_NOUN_8_PASS_b,M,P,les miroirs avec les colles que j' aime beaucoup ne sont probablement pas retirés <eos>,13,retirés,retirées,11,F,retirés,-8.924732,retirées,-10.287927,1
6403,P_NOUN_8_PASS_b,M,P,les miroirs avec les colles que j' aime beaucoup ne sont probablement pas tombés <eos>,13,tombés,tombées,11,F,tombés,-8.585953,tombées,-10.735897,1
6404,P_NOUN_8_PASS_b,M,P,les miroirs avec les colles que j' aime beaucoup ne sont probablement pas utilisés <eos>,13,utilisés,utilisées,11,F,utilisés,-4.651243,utilisées,-7.0887337,1
6405,P_NOUN_8_PASS_b,M,P,les miroirs avec les lampes que j' aime beaucoup ne sont probablement pas achetés <eos>,13,achetés,achetées,11,F,achetés,-9.892803,achetées,-14.102644,1
6406,P_NOUN_8_PASS_b,M,P,les miroirs avec les lampes que j' aime beaucoup ne sont probablement pas brisés <eos>,13,brisés,brisées,11,F,brisés,-10.031176,brisées,-11.064285,1
6407,P_NOUN_8_PASS_b,M,P,les miroirs avec les lampes que j' aime beaucoup ne sont probablement pas cachés <eos>,13,cachés,cachées,11,F,cachés,-7.6079483,cachées,-10.252464,1
6408,P_NOUN_8_PASS_b,M,P,les miroirs avec les lampes que j' aime beaucoup ne sont probablement pas cassés <eos>,13,cassés,cassées,11,F,cassés,-9.989867,cassées,-10.573185,1
6409,P_NOUN_8_PASS_b,M,P,les miroirs avec les lampes que j' aime beaucoup ne sont probablement pas couverts <eos>,13,couverts,couvertes,11,F,couverts,-7.5122986,couvertes,-10.194044,1
6410,P_NOUN_8_PASS_b,M,P,les miroirs avec les lampes que j' aime beaucoup ne sont probablement pas déformés <eos>,13,déformés,déformées,11,F,déformés,-9.963064,déformées,-8.339335,0
6411,P_NOUN_8_PASS_b,M,P,les miroirs avec les lampes que j' aime beaucoup ne sont probablement pas fixés <eos>,13,fixés,fixées,11,F,fixés,-8.084116,fixées,-9.849387,1
6412,P_NOUN_8_PASS_b,M,P,les miroirs avec les lampes que j' aime beaucoup ne sont probablement pas jetés <eos>,13,jetés,jetées,11,F,jetés,-8.129874,jetées,-11.071643,1
6413,P_NOUN_8_PASS_b,M,P,les miroirs avec les lampes que j' aime beaucoup ne sont probablement pas laissés <eos>,13,laissés,laissées,11,F,laissés,-8.830451,laissées,-10.829594,1
6414,P_NOUN_8_PASS_b,M,P,les miroirs avec les lampes que j' aime beaucoup ne sont probablement pas ouverts <eos>,13,ouverts,ouvertes,11,F,ouverts,-7.1072626,ouvertes,-10.321694,1
6415,P_NOUN_8_PASS_b,M,P,les miroirs avec les lampes que j' aime beaucoup ne sont probablement pas perdus <eos>,13,perdus,perdues,11,F,perdus,-6.7565217,perdues,-9.758842,1
6416,P_NOUN_8_PASS_b,M,P,les miroirs avec les lampes que j' aime beaucoup ne sont probablement pas réparés <eos>,13,réparés,réparées,11,F,réparés,-10.846013,réparées,-10.833589,0
6417,P_NOUN_8_PASS_b,M,P,les miroirs avec les lampes que j' aime beaucoup ne sont probablement pas retirés <eos>,13,retirés,retirées,11,F,retirés,-8.838196,retirées,-10.119831,1
6418,P_NOUN_8_PASS_b,M,P,les miroirs avec les lampes que j' aime beaucoup ne sont probablement pas tombés <eos>,13,tombés,tombées,11,F,tombés,-8.174449,tombées,-10.545983,1
6419,P_NOUN_8_PASS_b,M,P,les miroirs avec les lampes que j' aime beaucoup ne sont probablement pas utilisés <eos>,13,utilisés,utilisées,11,F,utilisés,-4.2395763,utilisées,-7.2341213,1
6420,P_NOUN_8_PASS_b,M,P,les miroirs avec les bouteilles que j' aime beaucoup ne sont probablement pas achetés <eos>,13,achetés,achetées,11,F,achetés,-9.578785,achetées,-13.297897,1
6421,P_NOUN_8_PASS_b,M,P,les miroirs avec les bouteilles que j' aime beaucoup ne sont probablement pas brisés <eos>,13,brisés,brisées,11,F,brisés,-10.301248,brisées,-11.063834,1
6422,P_NOUN_8_PASS_b,M,P,les miroirs avec les bouteilles que j' aime beaucoup ne sont probablement pas cachés <eos>,13,cachés,cachées,11,F,cachés,-7.657628,cachées,-10.391744,1
6423,P_NOUN_8_PASS_b,M,P,les miroirs avec les bouteilles que j' aime beaucoup ne sont probablement pas cassés <eos>,13,cassés,cassées,11,F,cassés,-9.654139,cassées,-10.497989,1
6424,P_NOUN_8_PASS_b,M,P,les miroirs avec les bouteilles que j' aime beaucoup ne sont probablement pas couverts <eos>,13,couverts,couvertes,11,F,couverts,-7.35297,couvertes,-10.126888,1
6425,P_NOUN_8_PASS_b,M,P,les miroirs avec les bouteilles que j' aime beaucoup ne sont probablement pas déformés <eos>,13,déformés,déformées,11,F,déformés,-10.342421,déformées,-8.803524,0
6426,P_NOUN_8_PASS_b,M,P,les miroirs avec les bouteilles que j' aime beaucoup ne sont probablement pas fixés <eos>,13,fixés,fixées,11,F,fixés,-8.178976,fixées,-10.395999,1
6427,P_NOUN_8_PASS_b,M,P,les miroirs avec les bouteilles que j' aime beaucoup ne sont probablement pas jetés <eos>,13,jetés,jetées,11,F,jetés,-8.22073,jetées,-11.45655,1
6428,P_NOUN_8_PASS_b,M,P,les miroirs avec les bouteilles que j' aime beaucoup ne sont probablement pas laissés <eos>,13,laissés,laissées,11,F,laissés,-8.846621,laissées,-10.345015,1
6429,P_NOUN_8_PASS_b,M,P,les miroirs avec les bouteilles que j' aime beaucoup ne sont probablement pas ouverts <eos>,13,ouverts,ouvertes,11,F,ouverts,-6.945467,ouvertes,-10.146805,1
6430,P_NOUN_8_PASS_b,M,P,les miroirs avec les bouteilles que j' aime beaucoup ne sont probablement pas perdus <eos>,13,perdus,perdues,11,F,perdus,-6.5933657,perdues,-9.822419,1
6431,P_NOUN_8_PASS_b,M,P,les miroirs avec les bouteilles que j' aime beaucoup ne sont probablement pas réparés <eos>,13,réparés,réparées,11,F,réparés,-10.825215,réparées,-10.967256,1
6432,P_NOUN_8_PASS_b,M,P,les miroirs avec les bouteilles que j' aime beaucoup ne sont probablement pas retirés <eos>,13,retirés,retirées,11,F,retirés,-8.9600935,retirées,-10.427852,1
6433,P_NOUN_8_PASS_b,M,P,les miroirs avec les bouteilles que j' aime beaucoup ne sont probablement pas tombés <eos>,13,tombés,tombées,11,F,tombés,-8.206812,tombées,-10.621101,1
6434,P_NOUN_8_PASS_b,M,P,les miroirs avec les bouteilles que j' aime beaucoup ne sont probablement pas utilisés <eos>,13,utilisés,utilisées,11,F,utilisés,-4.7516303,utilisées,-7.5317683,1
6435,P_NOUN_8_PASS_b,M,P,les miroirs avec les boissons que j' aime beaucoup ne sont probablement pas achetés <eos>,13,achetés,achetées,11,F,achetés,-9.446945,achetées,-12.292204,1
6436,P_NOUN_8_PASS_b,M,P,les miroirs avec les boissons que j' aime beaucoup ne sont probablement pas brisés <eos>,13,brisés,brisées,11,F,brisés,-11.096129,brisées,-10.464879,0
6437,P_NOUN_8_PASS_b,M,P,les miroirs avec les boissons que j' aime beaucoup ne sont probablement pas cachés <eos>,13,cachés,cachées,11,F,cachés,-8.196246,cachées,-9.882846,1
6438,P_NOUN_8_PASS_b,M,P,les miroirs avec les boissons que j' aime beaucoup ne sont probablement pas cassés <eos>,13,cassés,cassées,11,F,cassés,-9.888892,cassées,-10.024292,1
6439,P_NOUN_8_PASS_b,M,P,les miroirs avec les boissons que j' aime beaucoup ne sont probablement pas couverts <eos>,13,couverts,couvertes,11,F,couverts,-7.198245,couvertes,-8.728939,1
6440,P_NOUN_8_PASS_b,M,P,les miroirs avec les boissons que j' aime beaucoup ne sont probablement pas déformés <eos>,13,déformés,déformées,11,F,déformés,-11.467783,déformées,-8.574059,0
6441,P_NOUN_8_PASS_b,M,P,les miroirs avec les boissons que j' aime beaucoup ne sont probablement pas fixés <eos>,13,fixés,fixées,11,F,fixés,-8.371509,fixées,-9.55171,1
6442,P_NOUN_8_PASS_b,M,P,les miroirs avec les boissons que j' aime beaucoup ne sont probablement pas jetés <eos>,13,jetés,jetées,11,F,jetés,-8.661976,jetées,-9.803435,1
6443,P_NOUN_8_PASS_b,M,P,les miroirs avec les boissons que j' aime beaucoup ne sont probablement pas laissés <eos>,13,laissés,laissées,11,F,laissés,-8.760082,laissées,-8.706084,0
6444,P_NOUN_8_PASS_b,M,P,les miroirs avec les boissons que j' aime beaucoup ne sont probablement pas ouverts <eos>,13,ouverts,ouvertes,11,F,ouverts,-7.437068,ouvertes,-8.991842,1
6445,P_NOUN_8_PASS_b,M,P,les miroirs avec les boissons que j' aime beaucoup ne sont probablement pas perdus <eos>,13,perdus,perdues,11,F,perdus,-7.317416,perdues,-8.925142,1
6446,P_NOUN_8_PASS_b,M,P,les miroirs avec les boissons que j' aime beaucoup ne sont probablement pas réparés <eos>,13,réparés,réparées,11,F,réparés,-10.7488575,réparées,-10.318991,0
6447,P_NOUN_8_PASS_b,M,P,les miroirs avec les boissons que j' aime beaucoup ne sont probablement pas retirés <eos>,13,retirés,retirées,11,F,retirés,-9.048265,retirées,-9.4686985,1
6448,P_NOUN_8_PASS_b,M,P,les miroirs avec les boissons que j' aime beaucoup ne sont probablement pas tombés <eos>,13,tombés,tombées,11,F,tombés,-8.183123,tombées,-9.760713,1
6449,P_NOUN_8_PASS_b,M,P,les miroirs avec les boissons que j' aime beaucoup ne sont probablement pas utilisés <eos>,13,utilisés,utilisées,11,F,utilisés,-4.4599066,utilisées,-5.9367495,1
6450,P_NOUN_8_PASS_b,M,P,les miroirs avec les pommes que j' aime beaucoup ne sont probablement pas achetés <eos>,13,achetés,achetées,11,F,achetés,-8.924021,achetées,-11.506573,1
6451,P_NOUN_8_PASS_b,M,P,les miroirs avec les pommes que j' aime beaucoup ne sont probablement pas brisés <eos>,13,brisés,brisées,11,F,brisés,-10.635688,brisées,-10.101641,0
6452,P_NOUN_8_PASS_b,M,P,les miroirs avec les pommes que j' aime beaucoup ne sont probablement pas cachés <eos>,13,cachés,cachées,11,F,cachés,-7.617103,cachées,-9.065767,1
6453,P_NOUN_8_PASS_b,M,P,les miroirs avec les pommes que j' aime beaucoup ne sont probablement pas cassés <eos>,13,cassés,cassées,11,F,cassés,-9.272982,cassées,-9.870428,1
6454,P_NOUN_8_PASS_b,M,P,les miroirs avec les pommes que j' aime beaucoup ne sont probablement pas couverts <eos>,13,couverts,couvertes,11,F,couverts,-7.33066,couvertes,-8.825267,1
6455,P_NOUN_8_PASS_b,M,P,les miroirs avec les pommes que j' aime beaucoup ne sont probablement pas déformés <eos>,13,déformés,déformées,11,F,déformés,-11.365696,déformées,-8.535032,0
6456,P_NOUN_8_PASS_b,M,P,les miroirs avec les pommes que j' aime beaucoup ne sont probablement pas fixés <eos>,13,fixés,fixées,11,F,fixés,-8.394867,fixées,-9.527329,1
6457,P_NOUN_8_PASS_b,M,P,les miroirs avec les pommes que j' aime beaucoup ne sont probablement pas jetés <eos>,13,jetés,jetées,11,F,jetés,-8.502707,jetées,-9.428038,1
6458,P_NOUN_8_PASS_b,M,P,les miroirs avec les pommes que j' aime beaucoup ne sont probablement pas laissés <eos>,13,laissés,laissées,11,F,laissés,-8.293031,laissées,-9.017634,1
6459,P_NOUN_8_PASS_b,M,P,les miroirs avec les pommes que j' aime beaucoup ne sont probablement pas ouverts <eos>,13,ouverts,ouvertes,11,F,ouverts,-7.6152215,ouvertes,-9.2146,1
6460,P_NOUN_8_PASS_b,M,P,les miroirs avec les pommes que j' aime beaucoup ne sont probablement pas perdus <eos>,13,perdus,perdues,11,F,perdus,-6.9800477,perdues,-8.320002,1
6461,P_NOUN_8_PASS_b,M,P,les miroirs avec les pommes que j' aime beaucoup ne sont probablement pas réparés <eos>,13,réparés,réparées,11,F,réparés,-10.948187,réparées,-10.391811,0
6462,P_NOUN_8_PASS_b,M,P,les miroirs avec les pommes que j' aime beaucoup ne sont probablement pas retirés <eos>,13,retirés,retirées,11,F,retirés,-8.766314,retirées,-9.315099,1
6463,P_NOUN_8_PASS_b,M,P,les miroirs avec les pommes que j' aime beaucoup ne sont probablement pas tombés <eos>,13,tombés,tombées,11,F,tombés,-7.7472534,tombées,-8.952794,1
6464,P_NOUN_8_PASS_b,M,P,les miroirs avec les pommes que j' aime beaucoup ne sont probablement pas utilisés <eos>,13,utilisés,utilisées,11,F,utilisés,-4.761562,utilisées,-6.044022,1
6465,P_NOUN_8_PASS_b,M,P,les miroirs avec les tasses que j' aime beaucoup ne sont probablement pas achetés <eos>,13,achetés,achetées,11,F,achetés,-9.842828,achetées,-13.2008295,1
6466,P_NOUN_8_PASS_b,M,P,les miroirs avec les tasses que j' aime beaucoup ne sont probablement pas brisés <eos>,13,brisés,brisées,11,F,brisés,-9.7640085,brisées,-10.528214,1
6467,P_NOUN_8_PASS_b,M,P,les miroirs avec les tasses que j' aime beaucoup ne sont probablement pas cachés <eos>,13,cachés,cachées,11,F,cachés,-8.199407,cachées,-10.262226,1
6468,P_NOUN_8_PASS_b,M,P,les miroirs avec les tasses que j' aime beaucoup ne sont probablement pas cassés <eos>,13,cassés,cassées,11,F,cassés,-9.494069,cassées,-10.17113,1
6469,P_NOUN_8_PASS_b,M,P,les miroirs avec les tasses que j' aime beaucoup ne sont probablement pas couverts <eos>,13,couverts,couvertes,11,F,couverts,-6.9474297,couvertes,-9.414803,1
6470,P_NOUN_8_PASS_b,M,P,les miroirs avec les tasses que j' aime beaucoup ne sont probablement pas déformés <eos>,13,déformés,déformées,11,F,déformés,-10.384421,déformées,-8.447751,0
6471,P_NOUN_8_PASS_b,M,P,les miroirs avec les tasses que j' aime beaucoup ne sont probablement pas fixés <eos>,13,fixés,fixées,11,F,fixés,-8.202351,fixées,-9.751419,1
6472,P_NOUN_8_PASS_b,M,P,les miroirs avec les tasses que j' aime beaucoup ne sont probablement pas jetés <eos>,13,jetés,jetées,11,F,jetés,-8.189289,jetées,-10.798732,1
6473,P_NOUN_8_PASS_b,M,P,les miroirs avec les tasses que j' aime beaucoup ne sont probablement pas laissés <eos>,13,laissés,laissées,11,F,laissés,-8.680215,laissées,-9.514163,1
6474,P_NOUN_8_PASS_b,M,P,les miroirs avec les tasses que j' aime beaucoup ne sont probablement pas ouverts <eos>,13,ouverts,ouvertes,11,F,ouverts,-6.778922,ouvertes,-9.525963,1
6475,P_NOUN_8_PASS_b,M,P,les miroirs avec les tasses que j' aime beaucoup ne sont probablement pas perdus <eos>,13,perdus,perdues,11,F,perdus,-6.420491,perdues,-9.34269,1
6476,P_NOUN_8_PASS_b,M,P,les miroirs avec les tasses que j' aime beaucoup ne sont probablement pas réparés <eos>,13,réparés,réparées,11,F,réparés,-10.5418215,réparées,-10.423425,0
6477,P_NOUN_8_PASS_b,M,P,les miroirs avec les tasses que j' aime beaucoup ne sont probablement pas retirés <eos>,13,retirés,retirées,11,F,retirés,-8.720106,retirées,-9.9379015,1
6478,P_NOUN_8_PASS_b,M,P,les miroirs avec les tasses que j' aime beaucoup ne sont probablement pas tombés <eos>,13,tombés,tombées,11,F,tombés,-8.273613,tombées,-10.326159,1
6479,P_NOUN_8_PASS_b,M,P,les miroirs avec les tasses que j' aime beaucoup ne sont probablement pas utilisés <eos>,13,utilisés,utilisées,11,F,utilisés,-4.70422,utilisées,-7.0771475,1
6480,P_NOUN_8_PASS_b,M,P,les miroirs avec les bougies que j' aime beaucoup ne sont probablement pas achetés <eos>,13,achetés,achetées,11,F,achetés,-9.920181,achetées,-13.268969,1
6481,P_NOUN_8_PASS_b,M,P,les miroirs avec les bougies que j' aime beaucoup ne sont probablement pas brisés <eos>,13,brisés,brisées,11,F,brisés,-10.106131,brisées,-11.273252,1
6482,P_NOUN_8_PASS_b,M,P,les miroirs avec les bougies que j' aime beaucoup ne sont probablement pas cachés <eos>,13,cachés,cachées,11,F,cachés,-7.5296364,cachées,-10.049711,1
6483,P_NOUN_8_PASS_b,M,P,les miroirs avec les bougies que j' aime beaucoup ne sont probablement pas cassés <eos>,13,cassés,cassées,11,F,cassés,-9.761699,cassées,-10.75223,1
6484,P_NOUN_8_PASS_b,M,P,les miroirs avec les bougies que j' aime beaucoup ne sont probablement pas couverts <eos>,13,couverts,couvertes,11,F,couverts,-7.3280163,couvertes,-10.335721,1
6485,P_NOUN_8_PASS_b,M,P,les miroirs avec les bougies que j' aime beaucoup ne sont probablement pas déformés <eos>,13,déformés,déformées,11,F,déformés,-10.339273,déformées,-9.409306,0
6486,P_NOUN_8_PASS_b,M,P,les miroirs avec les bougies que j' aime beaucoup ne sont probablement pas fixés <eos>,13,fixés,fixées,11,F,fixés,-8.230608,fixées,-10.17824,1
6487,P_NOUN_8_PASS_b,M,P,les miroirs avec les bougies que j' aime beaucoup ne sont probablement pas jetés <eos>,13,jetés,jetées,11,F,jetés,-7.8426886,jetées,-11.106432,1
6488,P_NOUN_8_PASS_b,M,P,les miroirs avec les bougies que j' aime beaucoup ne sont probablement pas laissés <eos>,13,laissés,laissées,11,F,laissés,-8.357929,laissées,-10.786737,1
6489,P_NOUN_8_PASS_b,M,P,les miroirs avec les bougies que j' aime beaucoup ne sont probablement pas ouverts <eos>,13,ouverts,ouvertes,11,F,ouverts,-7.3280044,ouvertes,-10.35568,1
6490,P_NOUN_8_PASS_b,M,P,les miroirs avec les bougies que j' aime beaucoup ne sont probablement pas perdus <eos>,13,perdus,perdues,11,F,perdus,-6.6949778,perdues,-9.838555,1
6491,P_NOUN_8_PASS_b,M,P,les miroirs avec les bougies que j' aime beaucoup ne sont probablement pas réparés <eos>,13,réparés,réparées,11,F,réparés,-10.590264,réparées,-11.003951,1
6492,P_NOUN_8_PASS_b,M,P,les miroirs avec les bougies que j' aime beaucoup ne sont probablement pas retirés <eos>,13,retirés,retirées,11,F,retirés,-8.949411,retirées,-10.280136,1
6493,P_NOUN_8_PASS_b,M,P,les miroirs avec les bougies que j' aime beaucoup ne sont probablement pas tombés <eos>,13,tombés,tombées,11,F,tombés,-6.656537,tombées,-10.033249,1
6494,P_NOUN_8_PASS_b,M,P,les miroirs avec les bougies que j' aime beaucoup ne sont probablement pas utilisés <eos>,13,utilisés,utilisées,11,F,utilisés,-4.8906455,utilisées,-7.7454867,1
6495,P_NOUN_8_PASS_b,M,P,les miroirs avec les pochettes que j' aime beaucoup ne sont probablement pas achetés <eos>,13,achetés,achetées,11,F,achetés,-9.930889,achetées,-12.188364,1
6496,P_NOUN_8_PASS_b,M,P,les miroirs avec les pochettes que j' aime beaucoup ne sont probablement pas brisés <eos>,13,brisés,brisées,11,F,brisés,-11.039104,brisées,-10.965183,0
6497,P_NOUN_8_PASS_b,M,P,les miroirs avec les pochettes que j' aime beaucoup ne sont probablement pas cachés <eos>,13,cachés,cachées,11,F,cachés,-8.535074,cachées,-9.62717,1
6498,P_NOUN_8_PASS_b,M,P,les miroirs avec les pochettes que j' aime beaucoup ne sont probablement pas cassés <eos>,13,cassés,cassées,11,F,cassés,-10.979076,cassées,-10.762787,0
6499,P_NOUN_8_PASS_b,M,P,les miroirs avec les pochettes que j' aime beaucoup ne sont probablement pas couverts <eos>,13,couverts,couvertes,11,F,couverts,-8.533382,couvertes,-9.544222,1
6500,P_NOUN_8_PASS_b,M,P,les miroirs avec les pochettes que j' aime beaucoup ne sont probablement pas déformés <eos>,13,déformés,déformées,11,F,déformés,-10.875053,déformées,-8.464371,0
6501,P_NOUN_8_PASS_b,M,P,les miroirs avec les pochettes que j' aime beaucoup ne sont probablement pas fixés <eos>,13,fixés,fixées,11,F,fixés,-9.339693,fixées,-10.411049,1
6502,P_NOUN_8_PASS_b,M,P,les miroirs avec les pochettes que j' aime beaucoup ne sont probablement pas jetés <eos>,13,jetés,jetées,11,F,jetés,-9.22551,jetées,-11.442263,1
6503,P_NOUN_8_PASS_b,M,P,les miroirs avec les pochettes que j' aime beaucoup ne sont probablement pas laissés <eos>,13,laissés,laissées,11,F,laissés,-9.229222,laissées,-9.515803,1
6504,P_NOUN_8_PASS_b,M,P,les miroirs avec les pochettes que j' aime beaucoup ne sont probablement pas ouverts <eos>,13,ouverts,ouvertes,11,F,ouverts,-6.8864985,ouvertes,-8.394547,1
6505,P_NOUN_8_PASS_b,M,P,les miroirs avec les pochettes que j' aime beaucoup ne sont probablement pas perdus <eos>,13,perdus,perdues,11,F,perdus,-6.985731,perdues,-8.833351,1
6506,P_NOUN_8_PASS_b,M,P,les miroirs avec les pochettes que j' aime beaucoup ne sont probablement pas réparés <eos>,13,réparés,réparées,11,F,réparés,-11.457649,réparées,-10.435347,0
6507,P_NOUN_8_PASS_b,M,P,les miroirs avec les pochettes que j' aime beaucoup ne sont probablement pas retirés <eos>,13,retirés,retirées,11,F,retirés,-9.945031,retirées,-9.850326,0
6508,P_NOUN_8_PASS_b,M,P,les miroirs avec les pochettes que j' aime beaucoup ne sont probablement pas tombés <eos>,13,tombés,tombées,11,F,tombés,-9.272156,tombées,-10.468852,1
6509,P_NOUN_8_PASS_b,M,P,les miroirs avec les pochettes que j' aime beaucoup ne sont probablement pas utilisés <eos>,13,utilisés,utilisées,11,F,utilisés,-5.594824,utilisées,-7.1095085,1
6510,P_NOUN_8_PASS_b,M,P,les miroirs avec les bananes que j' aime beaucoup ne sont probablement pas achetés <eos>,13,achetés,achetées,11,F,achetés,-8.978859,achetées,-13.354843,1
6511,P_NOUN_8_PASS_b,M,P,les miroirs avec les bananes que j' aime beaucoup ne sont probablement pas brisés <eos>,13,brisés,brisées,11,F,brisés,-10.2760725,brisées,-11.112018,1
6512,P_NOUN_8_PASS_b,M,P,les miroirs avec les bananes que j' aime beaucoup ne sont probablement pas cachés <eos>,13,cachés,cachées,11,F,cachés,-8.054216,cachées,-10.966653,1
6513,P_NOUN_8_PASS_b,M,P,les miroirs avec les bananes que j' aime beaucoup ne sont probablement pas cassés <eos>,13,cassés,cassées,11,F,cassés,-9.5224495,cassées,-10.806896,1
6514,P_NOUN_8_PASS_b,M,P,les miroirs avec les bananes que j' aime beaucoup ne sont probablement pas couverts <eos>,13,couverts,couvertes,11,F,couverts,-7.1501136,couvertes,-10.338022,1
6515,P_NOUN_8_PASS_b,M,P,les miroirs avec les bananes que j' aime beaucoup ne sont probablement pas déformés <eos>,13,déformés,déformées,11,F,déformés,-10.863012,déformées,-9.477631,0
6516,P_NOUN_8_PASS_b,M,P,les miroirs avec les bananes que j' aime beaucoup ne sont probablement pas fixés <eos>,13,fixés,fixées,11,F,fixés,-7.9987392,fixées,-10.436547,1
6517,P_NOUN_8_PASS_b,M,P,les miroirs avec les bananes que j' aime beaucoup ne sont probablement pas jetés <eos>,13,jetés,jetées,11,F,jetés,-8.67478,jetées,-10.482695,1
6518,P_NOUN_8_PASS_b,M,P,les miroirs avec les bananes que j' aime beaucoup ne sont probablement pas laissés <eos>,13,laissés,laissées,11,F,laissés,-8.225929,laissées,-10.408773,1
6519,P_NOUN_8_PASS_b,M,P,les miroirs avec les bananes que j' aime beaucoup ne sont probablement pas ouverts <eos>,13,ouverts,ouvertes,11,F,ouverts,-7.4156194,ouvertes,-10.728228,1
6520,P_NOUN_8_PASS_b,M,P,les miroirs avec les bananes que j' aime beaucoup ne sont probablement pas perdus <eos>,13,perdus,perdues,11,F,perdus,-6.5952086,perdues,-9.940628,1
6521,P_NOUN_8_PASS_b,M,P,les miroirs avec les bananes que j' aime beaucoup ne sont probablement pas réparés <eos>,13,réparés,réparées,11,F,réparés,-10.98926,réparées,-11.638954,1
6522,P_NOUN_8_PASS_b,M,P,les miroirs avec les bananes que j' aime beaucoup ne sont probablement pas retirés <eos>,13,retirés,retirées,11,F,retirés,-8.840657,retirées,-10.799021,1
6523,P_NOUN_8_PASS_b,M,P,les miroirs avec les bananes que j' aime beaucoup ne sont probablement pas tombés <eos>,13,tombés,tombées,11,F,tombés,-7.9520016,tombées,-10.496611,1
6524,P_NOUN_8_PASS_b,M,P,les miroirs avec les bananes que j' aime beaucoup ne sont probablement pas utilisés <eos>,13,utilisés,utilisées,11,F,utilisés,-4.621689,utilisées,-7.5086813,1
6525,P_NOUN_8_PASS_b,M,P,les miroirs avec les robes que j' aime beaucoup ne sont probablement pas achetés <eos>,13,achetés,achetées,11,F,achetés,-9.987325,achetées,-13.912787,1
6526,P_NOUN_8_PASS_b,M,P,les miroirs avec les robes que j' aime beaucoup ne sont probablement pas brisés <eos>,13,brisés,brisées,11,F,brisés,-10.68478,brisées,-11.32976,1
6527,P_NOUN_8_PASS_b,M,P,les miroirs avec les robes que j' aime beaucoup ne sont probablement pas cachés <eos>,13,cachés,cachées,11,F,cachés,-7.9744425,cachées,-10.591628,1
6528,P_NOUN_8_PASS_b,M,P,les miroirs avec les robes que j' aime beaucoup ne sont probablement pas cassés <eos>,13,cassés,cassées,11,F,cassés,-10.2305975,cassées,-10.395567,1
6529,P_NOUN_8_PASS_b,M,P,les miroirs avec les robes que j' aime beaucoup ne sont probablement pas couverts <eos>,13,couverts,couvertes,11,F,couverts,-7.513154,couvertes,-10.140437,1
6530,P_NOUN_8_PASS_b,M,P,les miroirs avec les robes que j' aime beaucoup ne sont probablement pas déformés <eos>,13,déformés,déformées,11,F,déformés,-10.125982,déformées,-9.211643,0
6531,P_NOUN_8_PASS_b,M,P,les miroirs avec les robes que j' aime beaucoup ne sont probablement pas fixés <eos>,13,fixés,fixées,11,F,fixés,-8.492425,fixées,-10.077593,1
6532,P_NOUN_8_PASS_b,M,P,les miroirs avec les robes que j' aime beaucoup ne sont probablement pas jetés <eos>,13,jetés,jetées,11,F,jetés,-8.438841,jetées,-10.899137,1
6533,P_NOUN_8_PASS_b,M,P,les miroirs avec les robes que j' aime beaucoup ne sont probablement pas laissés <eos>,13,laissés,laissées,11,F,laissés,-9.029445,laissées,-10.366996,1
6534,P_NOUN_8_PASS_b,M,P,les miroirs avec les robes que j' aime beaucoup ne sont probablement pas ouverts <eos>,13,ouverts,ouvertes,11,F,ouverts,-7.5379853,ouvertes,-10.340515,1
6535,P_NOUN_8_PASS_b,M,P,les miroirs avec les robes que j' aime beaucoup ne sont probablement pas perdus <eos>,13,perdus,perdues,11,F,perdus,-7.280491,perdues,-10.072177,1
6536,P_NOUN_8_PASS_b,M,P,les miroirs avec les robes que j' aime beaucoup ne sont probablement pas réparés <eos>,13,réparés,réparées,11,F,réparés,-10.620132,réparées,-11.150646,1
6537,P_NOUN_8_PASS_b,M,P,les miroirs avec les robes que j' aime beaucoup ne sont probablement pas retirés <eos>,13,retirés,retirées,11,F,retirés,-9.251826,retirées,-10.482023,1
6538,P_NOUN_8_PASS_b,M,P,les miroirs avec les robes que j' aime beaucoup ne sont probablement pas tombés <eos>,13,tombés,tombées,11,F,tombés,-7.7698307,tombées,-10.497602,1
6539,P_NOUN_8_PASS_b,M,P,les miroirs avec les robes que j' aime beaucoup ne sont probablement pas utilisés <eos>,13,utilisés,utilisées,11,F,utilisés,-4.7218385,utilisées,-7.448543,1
6540,P_NOUN_8_PASS_b,M,P,les miroirs avec les valises que j' aime beaucoup ne sont probablement pas achetés <eos>,13,achetés,achetées,11,F,achetés,-9.816082,achetées,-13.5186825,1
6541,P_NOUN_8_PASS_b,M,P,les miroirs avec les valises que j' aime beaucoup ne sont probablement pas brisés <eos>,13,brisés,brisées,11,F,brisés,-10.387439,brisées,-11.104276,1
6542,P_NOUN_8_PASS_b,M,P,les miroirs avec les valises que j' aime beaucoup ne sont probablement pas cachés <eos>,13,cachés,cachées,11,F,cachés,-7.489979,cachées,-9.567654,1
6543,P_NOUN_8_PASS_b,M,P,les miroirs avec les valises que j' aime beaucoup ne sont probablement pas cassés <eos>,13,cassés,cassées,11,F,cassés,-10.165041,cassées,-10.922106,1
6544,P_NOUN_8_PASS_b,M,P,les miroirs avec les valises que j' aime beaucoup ne sont probablement pas couverts <eos>,13,couverts,couvertes,11,F,couverts,-7.2984705,couvertes,-9.645653,1
6545,P_NOUN_8_PASS_b,M,P,les miroirs avec les valises que j' aime beaucoup ne sont probablement pas déformés <eos>,13,déformés,déformées,11,F,déformés,-10.530749,déformées,-8.92877,0
6546,P_NOUN_8_PASS_b,M,P,les miroirs avec les valises que j' aime beaucoup ne sont probablement pas fixés <eos>,13,fixés,fixées,11,F,fixés,-8.311115,fixées,-10.070692,1
6547,P_NOUN_8_PASS_b,M,P,les miroirs avec les valises que j' aime beaucoup ne sont probablement pas jetés <eos>,13,jetés,jetées,11,F,jetés,-8.145273,jetées,-10.950037,1
6548,P_NOUN_8_PASS_b,M,P,les miroirs avec les valises que j' aime beaucoup ne sont probablement pas laissés <eos>,13,laissés,laissées,11,F,laissés,-8.621472,laissées,-10.2039,1
6549,P_NOUN_8_PASS_b,M,P,les miroirs avec les valises que j' aime beaucoup ne sont probablement pas ouverts <eos>,13,ouverts,ouvertes,11,F,ouverts,-6.610285,ouvertes,-9.415405,1
6550,P_NOUN_8_PASS_b,M,P,les miroirs avec les valises que j' aime beaucoup ne sont probablement pas perdus <eos>,13,perdus,perdues,11,F,perdus,-6.6589346,perdues,-9.459822,1
6551,P_NOUN_8_PASS_b,M,P,les miroirs avec les valises que j' aime beaucoup ne sont probablement pas réparés <eos>,13,réparés,réparées,11,F,réparés,-10.767883,réparées,-10.674418,0
6552,P_NOUN_8_PASS_b,M,P,les miroirs avec les valises que j' aime beaucoup ne sont probablement pas retirés <eos>,13,retirés,retirées,11,F,retirés,-9.2568035,retirées,-10.462816,1
6553,P_NOUN_8_PASS_b,M,P,les miroirs avec les valises que j' aime beaucoup ne sont probablement pas tombés <eos>,13,tombés,tombées,11,F,tombés,-8.349468,tombées,-10.58025,1
6554,P_NOUN_8_PASS_b,M,P,les miroirs avec les valises que j' aime beaucoup ne sont probablement pas utilisés <eos>,13,utilisés,utilisées,11,F,utilisés,-5.0626435,utilisées,-7.5054994,1
6555,P_NOUN_8_PASS_b,M,P,les miroirs avec les pendules que j' aime beaucoup ne sont probablement pas achetés <eos>,13,achetés,achetées,11,F,achetés,-9.789125,achetées,-13.374136,1
6556,P_NOUN_8_PASS_b,M,P,les miroirs avec les pendules que j' aime beaucoup ne sont probablement pas brisés <eos>,13,brisés,brisées,11,F,brisés,-10.097816,brisées,-10.680397,1
6557,P_NOUN_8_PASS_b,M,P,les miroirs avec les pendules que j' aime beaucoup ne sont probablement pas cachés <eos>,13,cachés,cachées,11,F,cachés,-7.5332727,cachées,-9.900031,1
6558,P_NOUN_8_PASS_b,M,P,les miroirs avec les pendules que j' aime beaucoup ne sont probablement pas cassés <eos>,13,cassés,cassées,11,F,cassés,-9.571877,cassées,-10.1425495,1
6559,P_NOUN_8_PASS_b,M,P,les miroirs avec les pendules que j' aime beaucoup ne sont probablement pas couverts <eos>,13,couverts,couvertes,11,F,couverts,-7.6102715,couvertes,-9.92945,1
6560,P_NOUN_8_PASS_b,M,P,les miroirs avec les pendules que j' aime beaucoup ne sont probablement pas déformés <eos>,13,déformés,déformées,11,F,déformés,-10.228742,déformées,-8.297998,0
6561,P_NOUN_8_PASS_b,M,P,les miroirs avec les pendules que j' aime beaucoup ne sont probablement pas fixés <eos>,13,fixés,fixées,11,F,fixés,-8.078365,fixées,-9.493,1
6562,P_NOUN_8_PASS_b,M,P,les miroirs avec les pendules que j' aime beaucoup ne sont probablement pas jetés <eos>,13,jetés,jetées,11,F,jetés,-8.112573,jetées,-10.777569,1
6563,P_NOUN_8_PASS_b,M,P,les miroirs avec les pendules que j' aime beaucoup ne sont probablement pas laissés <eos>,13,laissés,laissées,11,F,laissés,-8.894349,laissées,-10.426633,1
6564,P_NOUN_8_PASS_b,M,P,les miroirs avec les pendules que j' aime beaucoup ne sont probablement pas ouverts <eos>,13,ouverts,ouvertes,11,F,ouverts,-7.166852,ouvertes,-9.937939,1
6565,P_NOUN_8_PASS_b,M,P,les miroirs avec les pendules que j' aime beaucoup ne sont probablement pas perdus <eos>,13,perdus,perdues,11,F,perdus,-6.9335575,perdues,-9.557852,1
6566,P_NOUN_8_PASS_b,M,P,les miroirs avec les pendules que j' aime beaucoup ne sont probablement pas réparés <eos>,13,réparés,réparées,11,F,réparés,-11.002542,réparées,-10.519774,0
6567,P_NOUN_8_PASS_b,M,P,les miroirs avec les pendules que j' aime beaucoup ne sont probablement pas retirés <eos>,13,retirés,retirées,11,F,retirés,-8.906351,retirées,-9.737804,1
6568,P_NOUN_8_PASS_b,M,P,les miroirs avec les pendules que j' aime beaucoup ne sont probablement pas tombés <eos>,13,tombés,tombées,11,F,tombés,-8.340516,tombées,-10.247095,1
6569,P_NOUN_8_PASS_b,M,P,les miroirs avec les pendules que j' aime beaucoup ne sont probablement pas utilisés <eos>,13,utilisés,utilisées,11,F,utilisés,-4.4174523,utilisées,-6.938474,1
6570,P_NOUN_8_PASS_b,M,P,les miroirs avec les cloches que j' aime beaucoup ne sont probablement pas achetés <eos>,13,achetés,achetées,11,F,achetés,-10.08928,achetées,-13.970006,1
6571,P_NOUN_8_PASS_b,M,P,les miroirs avec les cloches que j' aime beaucoup ne sont probablement pas brisés <eos>,13,brisés,brisées,11,F,brisés,-9.806726,brisées,-11.171974,1
6572,P_NOUN_8_PASS_b,M,P,les miroirs avec les cloches que j' aime beaucoup ne sont probablement pas cachés <eos>,13,cachés,cachées,11,F,cachés,-7.6167946,cachées,-10.117867,1
6573,P_NOUN_8_PASS_b,M,P,les miroirs avec les cloches que j' aime beaucoup ne sont probablement pas cassés <eos>,13,cassés,cassées,11,F,cassés,-9.7293,cassées,-10.816784,1
6574,P_NOUN_8_PASS_b,M,P,les miroirs avec les cloches que j' aime beaucoup ne sont probablement pas couverts <eos>,13,couverts,couvertes,11,F,couverts,-6.970939,couvertes,-10.058502,1
6575,P_NOUN_8_PASS_b,M,P,les miroirs avec les cloches que j' aime beaucoup ne sont probablement pas déformés <eos>,13,déformés,déformées,11,F,déformés,-10.448916,déformées,-9.749326,0
6576,P_NOUN_8_PASS_b,M,P,les miroirs avec les cloches que j' aime beaucoup ne sont probablement pas fixés <eos>,13,fixés,fixées,11,F,fixés,-8.353004,fixées,-10.431638,1
6577,P_NOUN_8_PASS_b,M,P,les miroirs avec les cloches que j' aime beaucoup ne sont probablement pas jetés <eos>,13,jetés,jetées,11,F,jetés,-7.7689695,jetées,-11.157186,1
6578,P_NOUN_8_PASS_b,M,P,les miroirs avec les cloches que j' aime beaucoup ne sont probablement pas laissés <eos>,13,laissés,laissées,11,F,laissés,-8.317133,laissées,-10.907744,1
6579,P_NOUN_8_PASS_b,M,P,les miroirs avec les cloches que j' aime beaucoup ne sont probablement pas ouverts <eos>,13,ouverts,ouvertes,11,F,ouverts,-7.4124174,ouvertes,-10.224119,1
6580,P_NOUN_8_PASS_b,M,P,les miroirs avec les cloches que j' aime beaucoup ne sont probablement pas perdus <eos>,13,perdus,perdues,11,F,perdus,-6.6420984,perdues,-9.671242,1
6581,P_NOUN_8_PASS_b,M,P,les miroirs avec les cloches que j' aime beaucoup ne sont probablement pas réparés <eos>,13,réparés,réparées,11,F,réparés,-10.02894,réparées,-10.771864,1
6582,P_NOUN_8_PASS_b,M,P,les miroirs avec les cloches que j' aime beaucoup ne sont probablement pas retirés <eos>,13,retirés,retirées,11,F,retirés,-8.778768,retirées,-10.088911,1
6583,P_NOUN_8_PASS_b,M,P,les miroirs avec les cloches que j' aime beaucoup ne sont probablement pas tombés <eos>,13,tombés,tombées,11,F,tombés,-6.96875,tombées,-10.024255,1
6584,P_NOUN_8_PASS_b,M,P,les miroirs avec les cloches que j' aime beaucoup ne sont probablement pas utilisés <eos>,13,utilisés,utilisées,11,F,utilisés,-4.8626957,utilisées,-7.859951,1
6585,P_NOUN_8_PASS_b,M,P,les miroirs avec les cerises que j' aime beaucoup ne sont probablement pas achetés <eos>,13,achetés,achetées,11,F,achetés,-9.221232,achetées,-13.413956,1
6586,P_NOUN_8_PASS_b,M,P,les miroirs avec les cerises que j' aime beaucoup ne sont probablement pas brisés <eos>,13,brisés,brisées,11,F,brisés,-10.128715,brisées,-11.446538,1
6587,P_NOUN_8_PASS_b,M,P,les miroirs avec les cerises que j' aime beaucoup ne sont probablement pas cachés <eos>,13,cachés,cachées,11,F,cachés,-8.255049,cachées,-10.922842,1
6588,P_NOUN_8_PASS_b,M,P,les miroirs avec les cerises que j' aime beaucoup ne sont probablement pas cassés <eos>,13,cassés,cassées,11,F,cassés,-9.713323,cassées,-10.845848,1
6589,P_NOUN_8_PASS_b,M,P,les miroirs avec les cerises que j' aime beaucoup ne sont probablement pas couverts <eos>,13,couverts,couvertes,11,F,couverts,-6.918231,couvertes,-10.350098,1
6590,P_NOUN_8_PASS_b,M,P,les miroirs avec les cerises que j' aime beaucoup ne sont probablement pas déformés <eos>,13,déformés,déformées,11,F,déformés,-10.737688,déformées,-9.598724,0
6591,P_NOUN_8_PASS_b,M,P,les miroirs avec les cerises que j' aime beaucoup ne sont probablement pas fixés <eos>,13,fixés,fixées,11,F,fixés,-8.084589,fixées,-10.612114,1
6592,P_NOUN_8_PASS_b,M,P,les miroirs avec les cerises que j' aime beaucoup ne sont probablement pas jetés <eos>,13,jetés,jetées,11,F,jetés,-8.439775,jetées,-11.390223,1
6593,P_NOUN_8_PASS_b,M,P,les miroirs avec les cerises que j' aime beaucoup ne sont probablement pas laissés <eos>,13,laissés,laissées,11,F,laissés,-8.342462,laissées,-10.478727,1
6594,P_NOUN_8_PASS_b,M,P,les miroirs avec les cerises que j' aime beaucoup ne sont probablement pas ouverts <eos>,13,ouverts,ouvertes,11,F,ouverts,-7.0622225,ouvertes,-10.351041,1
6595,P_NOUN_8_PASS_b,M,P,les miroirs avec les cerises que j' aime beaucoup ne sont probablement pas perdus <eos>,13,perdus,perdues,11,F,perdus,-6.7734213,perdues,-9.97776,1
6596,P_NOUN_8_PASS_b,M,P,les miroirs avec les cerises que j' aime beaucoup ne sont probablement pas réparés <eos>,13,réparés,réparées,11,F,réparés,-10.711705,réparées,-11.259894,1
6597,P_NOUN_8_PASS_b,M,P,les miroirs avec les cerises que j' aime beaucoup ne sont probablement pas retirés <eos>,13,retirés,retirées,11,F,retirés,-8.94803,retirées,-10.811462,1
6598,P_NOUN_8_PASS_b,M,P,les miroirs avec les cerises que j' aime beaucoup ne sont probablement pas tombés <eos>,13,tombés,tombées,11,F,tombés,-7.801182,tombées,-10.62553,1
6599,P_NOUN_8_PASS_b,M,P,les miroirs avec les cerises que j' aime beaucoup ne sont probablement pas utilisés <eos>,13,utilisés,utilisées,11,F,utilisés,-4.937381,utilisées,-7.7488813,1
6600,P_NOUN_8_PASS_b,M,P,les crayons avec les gemmes que j' aime beaucoup ne sont probablement pas achetés <eos>,13,achetés,achetées,11,F,achetés,-8.38453,achetées,-12.898653,1
6601,P_NOUN_8_PASS_b,M,P,les crayons avec les gemmes que j' aime beaucoup ne sont probablement pas brisés <eos>,13,brisés,brisées,11,F,brisés,-10.784777,brisées,-11.508442,1
6602,P_NOUN_8_PASS_b,M,P,les crayons avec les gemmes que j' aime beaucoup ne sont probablement pas cachés <eos>,13,cachés,cachées,11,F,cachés,-7.3034277,cachées,-10.662794,1
6603,P_NOUN_8_PASS_b,M,P,les crayons avec les gemmes que j' aime beaucoup ne sont probablement pas cassés <eos>,13,cassés,cassées,11,F,cassés,-9.1343155,cassées,-11.160391,1
6604,P_NOUN_8_PASS_b,M,P,les crayons avec les gemmes que j' aime beaucoup ne sont probablement pas couverts <eos>,13,couverts,couvertes,11,F,couverts,-7.3812847,couvertes,-11.067918,1
6605,P_NOUN_8_PASS_b,M,P,les crayons avec les gemmes que j' aime beaucoup ne sont probablement pas déformés <eos>,13,déformés,déformées,11,F,déformés,-11.084366,déformées,-10.6338005,0
6606,P_NOUN_8_PASS_b,M,P,les crayons avec les gemmes que j' aime beaucoup ne sont probablement pas fixés <eos>,13,fixés,fixées,11,F,fixés,-8.878935,fixées,-11.388101,1
6607,P_NOUN_8_PASS_b,M,P,les crayons avec les gemmes que j' aime beaucoup ne sont probablement pas jetés <eos>,13,jetés,jetées,11,F,jetés,-8.283232,jetées,-11.7223,1
6608,P_NOUN_8_PASS_b,M,P,les crayons avec les gemmes que j' aime beaucoup ne sont probablement pas laissés <eos>,13,laissés,laissées,11,F,laissés,-7.8626146,laissées,-10.812024,1
6609,P_NOUN_8_PASS_b,M,P,les crayons avec les gemmes que j' aime beaucoup ne sont probablement pas ouverts <eos>,13,ouverts,ouvertes,11,F,ouverts,-8.080136,ouvertes,-11.428007,1
6610,P_NOUN_8_PASS_b,M,P,les crayons avec les gemmes que j' aime beaucoup ne sont probablement pas perdus <eos>,13,perdus,perdues,11,F,perdus,-6.7888365,perdues,-9.778845,1
6611,P_NOUN_8_PASS_b,M,P,les crayons avec les gemmes que j' aime beaucoup ne sont probablement pas réparés <eos>,13,réparés,réparées,11,F,réparés,-10.43141,réparées,-11.673707,1
6612,P_NOUN_8_PASS_b,M,P,les crayons avec les gemmes que j' aime beaucoup ne sont probablement pas retirés <eos>,13,retirés,retirées,11,F,retirés,-8.802031,retirées,-10.742097,1
6613,P_NOUN_8_PASS_b,M,P,les crayons avec les gemmes que j' aime beaucoup ne sont probablement pas tombés <eos>,13,tombés,tombées,11,F,tombés,-7.5052843,tombées,-10.387808,1
6614,P_NOUN_8_PASS_b,M,P,les crayons avec les gemmes que j' aime beaucoup ne sont probablement pas utilisés <eos>,13,utilisés,utilisées,11,F,utilisés,-5.0616956,utilisées,-8.232317,1
6615,P_NOUN_8_PASS_b,M,P,les crayons avec les chaises que j' aime beaucoup ne sont probablement pas achetés <eos>,13,achetés,achetées,11,F,achetés,-8.640755,achetées,-12.851973,1
6616,P_NOUN_8_PASS_b,M,P,les crayons avec les chaises que j' aime beaucoup ne sont probablement pas brisés <eos>,13,brisés,brisées,11,F,brisés,-10.484596,brisées,-11.161501,1
6617,P_NOUN_8_PASS_b,M,P,les crayons avec les chaises que j' aime beaucoup ne sont probablement pas cachés <eos>,13,cachés,cachées,11,F,cachés,-8.138864,cachées,-10.51275,1
6618,P_NOUN_8_PASS_b,M,P,les crayons avec les chaises que j' aime beaucoup ne sont probablement pas cassés <eos>,13,cassés,cassées,11,F,cassés,-9.478582,cassées,-10.293025,1
6619,P_NOUN_8_PASS_b,M,P,les crayons avec les chaises que j' aime beaucoup ne sont probablement pas couverts <eos>,13,couverts,couvertes,11,F,couverts,-6.439456,couvertes,-10.179608,1
6620,P_NOUN_8_PASS_b,M,P,les crayons avec les chaises que j' aime beaucoup ne sont probablement pas déformés <eos>,13,déformés,déformées,11,F,déformés,-11.09947,déformées,-10.327756,0
6621,P_NOUN_8_PASS_b,M,P,les crayons avec les chaises que j' aime beaucoup ne sont probablement pas fixés <eos>,13,fixés,fixées,11,F,fixés,-8.856792,fixées,-10.739502,1
6622,P_NOUN_8_PASS_b,M,P,les crayons avec les chaises que j' aime beaucoup ne sont probablement pas jetés <eos>,13,jetés,jetées,11,F,jetés,-8.1962185,jetées,-11.63364,1
6623,P_NOUN_8_PASS_b,M,P,les crayons avec les chaises que j' aime beaucoup ne sont probablement pas laissés <eos>,13,laissés,laissées,11,F,laissés,-8.109283,laissées,-10.168764,1
6624,P_NOUN_8_PASS_b,M,P,les crayons avec les chaises que j' aime beaucoup ne sont probablement pas ouverts <eos>,13,ouverts,ouvertes,11,F,ouverts,-7.280326,ouvertes,-10.251762,1
6625,P_NOUN_8_PASS_b,M,P,les crayons avec les chaises que j' aime beaucoup ne sont probablement pas perdus <eos>,13,perdus,perdues,11,F,perdus,-6.980541,perdues,-9.829147,1
6626,P_NOUN_8_PASS_b,M,P,les crayons avec les chaises que j' aime beaucoup ne sont probablement pas réparés <eos>,13,réparés,réparées,11,F,réparés,-10.860748,réparées,-11.235914,1
6627,P_NOUN_8_PASS_b,M,P,les crayons avec les chaises que j' aime beaucoup ne sont probablement pas retirés <eos>,13,retirés,retirées,11,F,retirés,-9.110027,retirées,-10.369796,1
6628,P_NOUN_8_PASS_b,M,P,les crayons avec les chaises que j' aime beaucoup ne sont probablement pas tombés <eos>,13,tombés,tombées,11,F,tombés,-7.7669897,tombées,-10.282374,1
6629,P_NOUN_8_PASS_b,M,P,les crayons avec les chaises que j' aime beaucoup ne sont probablement pas utilisés <eos>,13,utilisés,utilisées,11,F,utilisés,-5.39073,utilisées,-8.283206,1
6630,P_NOUN_8_PASS_b,M,P,les crayons avec les poubelles que j' aime beaucoup ne sont probablement pas achetés <eos>,13,achetés,achetées,11,F,achetés,-8.328215,achetées,-12.608114,1
6631,P_NOUN_8_PASS_b,M,P,les crayons avec les poubelles que j' aime beaucoup ne sont probablement pas brisés <eos>,13,brisés,brisées,11,F,brisés,-10.717039,brisées,-11.571182,1
6632,P_NOUN_8_PASS_b,M,P,les crayons avec les poubelles que j' aime beaucoup ne sont probablement pas cachés <eos>,13,cachés,cachées,11,F,cachés,-7.691617,cachées,-10.628341,1
6633,P_NOUN_8_PASS_b,M,P,les crayons avec les poubelles que j' aime beaucoup ne sont probablement pas cassés <eos>,13,cassés,cassées,11,F,cassés,-9.283734,cassées,-10.746435,1
6634,P_NOUN_8_PASS_b,M,P,les crayons avec les poubelles que j' aime beaucoup ne sont probablement pas couverts <eos>,13,couverts,couvertes,11,F,couverts,-6.782283,couvertes,-10.1495285,1
6635,P_NOUN_8_PASS_b,M,P,les crayons avec les poubelles que j' aime beaucoup ne sont probablement pas déformés <eos>,13,déformés,déformées,11,F,déformés,-11.347707,déformées,-10.44044,0
6636,P_NOUN_8_PASS_b,M,P,les crayons avec les poubelles que j' aime beaucoup ne sont probablement pas fixés <eos>,13,fixés,fixées,11,F,fixés,-8.8166485,fixées,-11.130751,1
6637,P_NOUN_8_PASS_b,M,P,les crayons avec les poubelles que j' aime beaucoup ne sont probablement pas jetés <eos>,13,jetés,jetées,11,F,jetés,-7.874761,jetées,-11.389286,1
6638,P_NOUN_8_PASS_b,M,P,les crayons avec les poubelles que j' aime beaucoup ne sont probablement pas laissés <eos>,13,laissés,laissées,11,F,laissés,-7.867412,laissées,-10.279831,1
6639,P_NOUN_8_PASS_b,M,P,les crayons avec les poubelles que j' aime beaucoup ne sont probablement pas ouverts <eos>,13,ouverts,ouvertes,11,F,ouverts,-7.0002346,ouvertes,-10.190682,1
6640,P_NOUN_8_PASS_b,M,P,les crayons avec les poubelles que j' aime beaucoup ne sont probablement pas perdus <eos>,13,perdus,perdues,11,F,perdus,-6.8865337,perdues,-9.914042,1
6641,P_NOUN_8_PASS_b,M,P,les crayons avec les poubelles que j' aime beaucoup ne sont probablement pas réparés <eos>,13,réparés,réparées,11,F,réparés,-10.542062,réparées,-11.074332,1
6642,P_NOUN_8_PASS_b,M,P,les crayons avec les poubelles que j' aime beaucoup ne sont probablement pas retirés <eos>,13,retirés,retirées,11,F,retirés,-8.655752,retirées,-10.609478,1
6643,P_NOUN_8_PASS_b,M,P,les crayons avec les poubelles que j' aime beaucoup ne sont probablement pas tombés <eos>,13,tombés,tombées,11,F,tombés,-7.759845,tombées,-10.697197,1
6644,P_NOUN_8_PASS_b,M,P,les crayons avec les poubelles que j' aime beaucoup ne sont probablement pas utilisés <eos>,13,utilisés,utilisées,11,F,utilisés,-5.228916,utilisées,-8.094258,1
6645,P_NOUN_8_PASS_b,M,P,les crayons avec les chemises que j' aime beaucoup ne sont probablement pas achetés <eos>,13,achetés,achetées,11,F,achetés,-8.658244,achetées,-12.770211,1
6646,P_NOUN_8_PASS_b,M,P,les crayons avec les chemises que j' aime beaucoup ne sont probablement pas brisés <eos>,13,brisés,brisées,11,F,brisés,-10.673522,brisées,-11.322728,1
6647,P_NOUN_8_PASS_b,M,P,les crayons avec les chemises que j' aime beaucoup ne sont probablement pas cachés <eos>,13,cachés,cachées,11,F,cachés,-7.9940624,cachées,-10.6956415,1
6648,P_NOUN_8_PASS_b,M,P,les crayons avec les chemises que j' aime beaucoup ne sont probablement pas cassés <eos>,13,cassés,cassées,11,F,cassés,-9.496635,cassées,-9.976473,1
6649,P_NOUN_8_PASS_b,M,P,les crayons avec les chemises que j' aime beaucoup ne sont probablement pas couverts <eos>,13,couverts,couvertes,11,F,couverts,-7.182868,couvertes,-10.528175,1
6650,P_NOUN_8_PASS_b,M,P,les crayons avec les chemises que j' aime beaucoup ne sont probablement pas déformés <eos>,13,déformés,déformées,11,F,déformés,-11.19532,déformées,-10.167688,0
6651,P_NOUN_8_PASS_b,M,P,les crayons avec les chemises que j' aime beaucoup ne sont probablement pas fixés <eos>,13,fixés,fixées,11,F,fixés,-8.920029,fixées,-10.670492,1
6652,P_NOUN_8_PASS_b,M,P,les crayons avec les chemises que j' aime beaucoup ne sont probablement pas jetés <eos>,13,jetés,jetées,11,F,jetés,-8.209272,jetées,-10.9540825,1
6653,P_NOUN_8_PASS_b,M,P,les crayons avec les chemises que j' aime beaucoup ne sont probablement pas laissés <eos>,13,laissés,laissées,11,F,laissés,-8.172052,laissées,-10.571117,1
6654,P_NOUN_8_PASS_b,M,P,les crayons avec les chemises que j' aime beaucoup ne sont probablement pas ouverts <eos>,13,ouverts,ouvertes,11,F,ouverts,-8.086515,ouvertes,-11.04254,1
6655,P_NOUN_8_PASS_b,M,P,les crayons avec les chemises que j' aime beaucoup ne sont probablement pas perdus <eos>,13,perdus,perdues,11,F,perdus,-7.138753,perdues,-9.751799,1
6656,P_NOUN_8_PASS_b,M,P,les crayons avec les chemises que j' aime beaucoup ne sont probablement pas réparés <eos>,13,réparés,réparées,11,F,réparés,-10.946329,réparées,-11.666031,1
6657,P_NOUN_8_PASS_b,M,P,les crayons avec les chemises que j' aime beaucoup ne sont probablement pas retirés <eos>,13,retirés,retirées,11,F,retirés,-8.771891,retirées,-10.3501425,1
6658,P_NOUN_8_PASS_b,M,P,les crayons avec les chemises que j' aime beaucoup ne sont probablement pas tombés <eos>,13,tombés,tombées,11,F,tombés,-7.0073586,tombées,-9.949761,1
6659,P_NOUN_8_PASS_b,M,P,les crayons avec les chemises que j' aime beaucoup ne sont probablement pas utilisés <eos>,13,utilisés,utilisées,11,F,utilisés,-4.996024,utilisées,-7.752572,1
6660,P_NOUN_8_PASS_b,M,P,les crayons avec les recettes que j' aime beaucoup ne sont probablement pas achetés <eos>,13,achetés,achetées,11,F,achetés,-7.9177685,achetées,-12.230329,1
6661,P_NOUN_8_PASS_b,M,P,les crayons avec les recettes que j' aime beaucoup ne sont probablement pas brisés <eos>,13,brisés,brisées,11,F,brisés,-11.376278,brisées,-12.053028,1
6662,P_NOUN_8_PASS_b,M,P,les crayons avec les recettes que j' aime beaucoup ne sont probablement pas cachés <eos>,13,cachés,cachées,11,F,cachés,-8.023082,cachées,-11.635283,1
6663,P_NOUN_8_PASS_b,M,P,les crayons avec les recettes que j' aime beaucoup ne sont probablement pas cassés <eos>,13,cassés,cassées,11,F,cassés,-9.491152,cassées,-11.499189,1
6664,P_NOUN_8_PASS_b,M,P,les crayons avec les recettes que j' aime beaucoup ne sont probablement pas couverts <eos>,13,couverts,couvertes,11,F,couverts,-7.0589495,couvertes,-10.881186,1
6665,P_NOUN_8_PASS_b,M,P,les crayons avec les recettes que j' aime beaucoup ne sont probablement pas déformés <eos>,13,déformés,déformées,11,F,déformés,-12.178761,déformées,-11.302244,0
6666,P_NOUN_8_PASS_b,M,P,les crayons avec les recettes que j' aime beaucoup ne sont probablement pas fixés <eos>,13,fixés,fixées,11,F,fixés,-8.440474,fixées,-11.554845,1
6667,P_NOUN_8_PASS_b,M,P,les crayons avec les recettes que j' aime beaucoup ne sont probablement pas jetés <eos>,13,jetés,jetées,11,F,jetés,-8.665645,jetées,-12.250277,1
6668,P_NOUN_8_PASS_b,M,P,les crayons avec les recettes que j' aime beaucoup ne sont probablement pas laissés <eos>,13,laissés,laissées,11,F,laissés,-8.439675,laissées,-10.54055,1
6669,P_NOUN_8_PASS_b,M,P,les crayons avec les recettes que j' aime beaucoup ne sont probablement pas ouverts <eos>,13,ouverts,ouvertes,11,F,ouverts,-7.7819166,ouvertes,-11.349759,1
6670,P_NOUN_8_PASS_b,M,P,les crayons avec les recettes que j' aime beaucoup ne sont probablement pas perdus <eos>,13,perdus,perdues,11,F,perdus,-6.983344,perdues,-10.030143,1
6671,P_NOUN_8_PASS_b,M,P,les crayons avec les recettes que j' aime beaucoup ne sont probablement pas réparés <eos>,13,réparés,réparées,11,F,réparés,-10.676631,réparées,-11.747691,1
6672,P_NOUN_8_PASS_b,M,P,les crayons avec les recettes que j' aime beaucoup ne sont probablement pas retirés <eos>,13,retirés,retirées,11,F,retirés,-8.764702,retirées,-10.666415,1
6673,P_NOUN_8_PASS_b,M,P,les crayons avec les recettes que j' aime beaucoup ne sont probablement pas tombés <eos>,13,tombés,tombées,11,F,tombés,-7.6532283,tombées,-10.7723255,1
6674,P_NOUN_8_PASS_b,M,P,les crayons avec les recettes que j' aime beaucoup ne sont probablement pas utilisés <eos>,13,utilisés,utilisées,11,F,utilisés,-5.2403183,utilisées,-8.335733,1
6675,P_NOUN_8_PASS_b,M,P,les crayons avec les jupes que j' aime beaucoup ne sont probablement pas achetés <eos>,13,achetés,achetées,11,F,achetés,-8.763043,achetées,-12.805183,1
6676,P_NOUN_8_PASS_b,M,P,les crayons avec les jupes que j' aime beaucoup ne sont probablement pas brisés <eos>,13,brisés,brisées,11,F,brisés,-10.694979,brisées,-11.5810585,1
6677,P_NOUN_8_PASS_b,M,P,les crayons avec les jupes que j' aime beaucoup ne sont probablement pas cachés <eos>,13,cachés,cachées,11,F,cachés,-8.152224,cachées,-11.028966,1
6678,P_NOUN_8_PASS_b,M,P,les crayons avec les jupes que j' aime beaucoup ne sont probablement pas cassés <eos>,13,cassés,cassées,11,F,cassés,-9.214613,cassées,-10.076067,1
6679,P_NOUN_8_PASS_b,M,P,les crayons avec les jupes que j' aime beaucoup ne sont probablement pas couverts <eos>,13,couverts,couvertes,11,F,couverts,-7.1841726,couvertes,-10.405112,1
6680,P_NOUN_8_PASS_b,M,P,les crayons avec les jupes que j' aime beaucoup ne sont probablement pas déformés <eos>,13,déformés,déformées,11,F,déformés,-11.194337,déformées,-10.260334,0
6681,P_NOUN_8_PASS_b,M,P,les crayons avec les jupes que j' aime beaucoup ne sont probablement pas fixés <eos>,13,fixés,fixées,11,F,fixés,-8.467825,fixées,-10.751558,1
6682,P_NOUN_8_PASS_b,M,P,les crayons avec les jupes que j' aime beaucoup ne sont probablement pas jetés <eos>,13,jetés,jetées,11,F,jetés,-8.856913,jetées,-11.837281,1
6683,P_NOUN_8_PASS_b,M,P,les crayons avec les jupes que j' aime beaucoup ne sont probablement pas laissés <eos>,13,laissés,laissées,11,F,laissés,-8.755589,laissées,-10.751198,1
6684,P_NOUN_8_PASS_b,M,P,les crayons avec les jupes que j' aime beaucoup ne sont probablement pas ouverts <eos>,13,ouverts,ouvertes,11,F,ouverts,-7.5116634,ouvertes,-10.869815,1
6685,P_NOUN_8_PASS_b,M,P,les crayons avec les jupes que j' aime beaucoup ne sont probablement pas perdus <eos>,13,perdus,perdues,11,F,perdus,-7.345401,perdues,-10.539807,1
6686,P_NOUN_8_PASS_b,M,P,les crayons avec les jupes que j' aime beaucoup ne sont probablement pas réparés <eos>,13,réparés,réparées,11,F,réparés,-10.963745,réparées,-11.591335,1
6687,P_NOUN_8_PASS_b,M,P,les crayons avec les jupes que j' aime beaucoup ne sont probablement pas retirés <eos>,13,retirés,retirées,11,F,retirés,-9.067385,retirées,-10.592836,1
6688,P_NOUN_8_PASS_b,M,P,les crayons avec les jupes que j' aime beaucoup ne sont probablement pas tombés <eos>,13,tombés,tombées,11,F,tombés,-7.703061,tombées,-10.518073,1
6689,P_NOUN_8_PASS_b,M,P,les crayons avec les jupes que j' aime beaucoup ne sont probablement pas utilisés <eos>,13,utilisés,utilisées,11,F,utilisés,-4.992776,utilisées,-8.025,1
6690,P_NOUN_8_PASS_b,M,P,les crayons avec les colles que j' aime beaucoup ne sont probablement pas achetés <eos>,13,achetés,achetées,11,F,achetés,-8.940152,achetées,-13.176672,1
6691,P_NOUN_8_PASS_b,M,P,les crayons avec les colles que j' aime beaucoup ne sont probablement pas brisés <eos>,13,brisés,brisées,11,F,brisés,-11.0627,brisées,-11.791726,1
6692,P_NOUN_8_PASS_b,M,P,les crayons avec les colles que j' aime beaucoup ne sont probablement pas cachés <eos>,13,cachés,cachées,11,F,cachés,-8.474501,cachées,-11.362812,1
6693,P_NOUN_8_PASS_b,M,P,les crayons avec les colles que j' aime beaucoup ne sont probablement pas cassés <eos>,13,cassés,cassées,11,F,cassés,-9.169766,cassées,-10.504017,1
6694,P_NOUN_8_PASS_b,M,P,les crayons avec les colles que j' aime beaucoup ne sont probablement pas couverts <eos>,13,couverts,couvertes,11,F,couverts,-7.2499437,couvertes,-10.4277115,1
6695,P_NOUN_8_PASS_b,M,P,les crayons avec les colles que j' aime beaucoup ne sont probablement pas déformés <eos>,13,déformés,déformées,11,F,déformés,-11.701068,déformées,-10.071129,0
6696,P_NOUN_8_PASS_b,M,P,les crayons avec les colles que j' aime beaucoup ne sont probablement pas fixés <eos>,13,fixés,fixées,11,F,fixés,-8.941894,fixées,-11.108713,1
6697,P_NOUN_8_PASS_b,M,P,les crayons avec les colles que j' aime beaucoup ne sont probablement pas jetés <eos>,13,jetés,jetées,11,F,jetés,-9.061841,jetées,-12.038711,1
6698,P_NOUN_8_PASS_b,M,P,les crayons avec les colles que j' aime beaucoup ne sont probablement pas laissés <eos>,13,laissés,laissées,11,F,laissés,-8.772004,laissées,-10.312805,1
6699,P_NOUN_8_PASS_b,M,P,les crayons avec les colles que j' aime beaucoup ne sont probablement pas ouverts <eos>,13,ouverts,ouvertes,11,F,ouverts,-7.634858,ouvertes,-10.670071,1
6700,P_NOUN_8_PASS_b,M,P,les crayons avec les colles que j' aime beaucoup ne sont probablement pas perdus <eos>,13,perdus,perdues,11,F,perdus,-7.4804535,perdues,-10.255125,1
6701,P_NOUN_8_PASS_b,M,P,les crayons avec les colles que j' aime beaucoup ne sont probablement pas réparés <eos>,13,réparés,réparées,11,F,réparés,-10.748747,réparées,-11.262598,1
6702,P_NOUN_8_PASS_b,M,P,les crayons avec les colles que j' aime beaucoup ne sont probablement pas retirés <eos>,13,retirés,retirées,11,F,retirés,-8.897813,retirées,-10.666796,1
6703,P_NOUN_8_PASS_b,M,P,les crayons avec les colles que j' aime beaucoup ne sont probablement pas tombés <eos>,13,tombés,tombées,11,F,tombés,-8.334799,tombées,-10.826,1
6704,P_NOUN_8_PASS_b,M,P,les crayons avec les colles que j' aime beaucoup ne sont probablement pas utilisés <eos>,13,utilisés,utilisées,11,F,utilisés,-4.811247,utilisées,-7.478816,1
6705,P_NOUN_8_PASS_b,M,P,les crayons avec les lampes que j' aime beaucoup ne sont probablement pas achetés <eos>,13,achetés,achetées,11,F,achetés,-8.497288,achetées,-13.155898,1
6706,P_NOUN_8_PASS_b,M,P,les crayons avec les lampes que j' aime beaucoup ne sont probablement pas brisés <eos>,13,brisés,brisées,11,F,brisés,-10.451831,brisées,-11.373454,1
6707,P_NOUN_8_PASS_b,M,P,les crayons avec les lampes que j' aime beaucoup ne sont probablement pas cachés <eos>,13,cachés,cachées,11,F,cachés,-7.723284,cachées,-10.973656,1
6708,P_NOUN_8_PASS_b,M,P,les crayons avec les lampes que j' aime beaucoup ne sont probablement pas cassés <eos>,13,cassés,cassées,11,F,cassés,-9.2739525,cassées,-10.430903,1
6709,P_NOUN_8_PASS_b,M,P,les crayons avec les lampes que j' aime beaucoup ne sont probablement pas couverts <eos>,13,couverts,couvertes,11,F,couverts,-7.226391,couvertes,-10.764509,1
6710,P_NOUN_8_PASS_b,M,P,les crayons avec les lampes que j' aime beaucoup ne sont probablement pas déformés <eos>,13,déformés,déformées,11,F,déformés,-10.798642,déformées,-9.668686,0
6711,P_NOUN_8_PASS_b,M,P,les crayons avec les lampes que j' aime beaucoup ne sont probablement pas fixés <eos>,13,fixés,fixées,11,F,fixés,-8.581116,fixées,-10.744458,1
6712,P_NOUN_8_PASS_b,M,P,les crayons avec les lampes que j' aime beaucoup ne sont probablement pas jetés <eos>,13,jetés,jetées,11,F,jetés,-8.144903,jetées,-11.530069,1
6713,P_NOUN_8_PASS_b,M,P,les crayons avec les lampes que j' aime beaucoup ne sont probablement pas laissés <eos>,13,laissés,laissées,11,F,laissés,-8.383179,laissées,-10.76333,1
6714,P_NOUN_8_PASS_b,M,P,les crayons avec les lampes que j' aime beaucoup ne sont probablement pas ouverts <eos>,13,ouverts,ouvertes,11,F,ouverts,-7.7459307,ouvertes,-10.986151,1
6715,P_NOUN_8_PASS_b,M,P,les crayons avec les lampes que j' aime beaucoup ne sont probablement pas perdus <eos>,13,perdus,perdues,11,F,perdus,-6.8810434,perdues,-9.89317,1
6716,P_NOUN_8_PASS_b,M,P,les crayons avec les lampes que j' aime beaucoup ne sont probablement pas réparés <eos>,13,réparés,réparées,11,F,réparés,-10.820632,réparées,-11.309971,1
6717,P_NOUN_8_PASS_b,M,P,les crayons avec les lampes que j' aime beaucoup ne sont probablement pas retirés <eos>,13,retirés,retirées,11,F,retirés,-8.621712,retirées,-10.220278,1
6718,P_NOUN_8_PASS_b,M,P,les crayons avec les lampes que j' aime beaucoup ne sont probablement pas tombés <eos>,13,tombés,tombées,11,F,tombés,-7.876002,tombées,-10.457752,1
6719,P_NOUN_8_PASS_b,M,P,les crayons avec les lampes que j' aime beaucoup ne sont probablement pas utilisés <eos>,13,utilisés,utilisées,11,F,utilisés,-4.523655,utilisées,-7.72106,1
6720,P_NOUN_8_PASS_b,M,P,les crayons avec les bouteilles que j' aime beaucoup ne sont probablement pas achetés <eos>,13,achetés,achetées,11,F,achetés,-8.074588,achetées,-12.080827,1
6721,P_NOUN_8_PASS_b,M,P,les crayons avec les bouteilles que j' aime beaucoup ne sont probablement pas brisés <eos>,13,brisés,brisées,11,F,brisés,-10.838796,brisées,-11.600371,1
6722,P_NOUN_8_PASS_b,M,P,les crayons avec les bouteilles que j' aime beaucoup ne sont probablement pas cachés <eos>,13,cachés,cachées,11,F,cachés,-7.7744646,cachées,-11.065265,1
6723,P_NOUN_8_PASS_b,M,P,les crayons avec les bouteilles que j' aime beaucoup ne sont probablement pas cassés <eos>,13,cassés,cassées,11,F,cassés,-9.034872,cassées,-10.455813,1
6724,P_NOUN_8_PASS_b,M,P,les crayons avec les bouteilles que j' aime beaucoup ne sont probablement pas couverts <eos>,13,couverts,couvertes,11,F,couverts,-7.082574,couvertes,-10.726294,1
6725,P_NOUN_8_PASS_b,M,P,les crayons avec les bouteilles que j' aime beaucoup ne sont probablement pas déformés <eos>,13,déformés,déformées,11,F,déformés,-11.42642,déformées,-10.483619,0
6726,P_NOUN_8_PASS_b,M,P,les crayons avec les bouteilles que j' aime beaucoup ne sont probablement pas fixés <eos>,13,fixés,fixées,11,F,fixés,-8.696864,fixées,-11.36718,1
6727,P_NOUN_8_PASS_b,M,P,les crayons avec les bouteilles que j' aime beaucoup ne sont probablement pas jetés <eos>,13,jetés,jetées,11,F,jetés,-8.375286,jetées,-12.065165,1
6728,P_NOUN_8_PASS_b,M,P,les crayons avec les bouteilles que j' aime beaucoup ne sont probablement pas laissés <eos>,13,laissés,laissées,11,F,laissés,-8.339545,laissées,-10.29664,1
6729,P_NOUN_8_PASS_b,M,P,les crayons avec les bouteilles que j' aime beaucoup ne sont probablement pas ouverts <eos>,13,ouverts,ouvertes,11,F,ouverts,-7.649803,ouvertes,-10.902465,1
6730,P_NOUN_8_PASS_b,M,P,les crayons avec les bouteilles que j' aime beaucoup ne sont probablement pas perdus <eos>,13,perdus,perdues,11,F,perdus,-6.8506207,perdues,-9.984387,1
6731,P_NOUN_8_PASS_b,M,P,les crayons avec les bouteilles que j' aime beaucoup ne sont probablement pas réparés <eos>,13,réparés,réparées,11,F,réparés,-10.899664,réparées,-11.451999,1
6732,P_NOUN_8_PASS_b,M,P,les crayons avec les bouteilles que j' aime beaucoup ne sont probablement pas retirés <eos>,13,retirés,retirées,11,F,retirés,-8.780056,retirées,-10.585959,1
6733,P_NOUN_8_PASS_b,M,P,les crayons avec les bouteilles que j' aime beaucoup ne sont probablement pas tombés <eos>,13,tombés,tombées,11,F,tombés,-7.877613,tombées,-10.666767,1
6734,P_NOUN_8_PASS_b,M,P,les crayons avec les bouteilles que j' aime beaucoup ne sont probablement pas utilisés <eos>,13,utilisés,utilisées,11,F,utilisés,-5.193213,utilisées,-8.149246,1
6735,P_NOUN_8_PASS_b,M,P,les crayons avec les boissons que j' aime beaucoup ne sont probablement pas achetés <eos>,13,achetés,achetées,11,F,achetés,-8.117237,achetées,-11.573331,1
6736,P_NOUN_8_PASS_b,M,P,les crayons avec les boissons que j' aime beaucoup ne sont probablement pas brisés <eos>,13,brisés,brisées,11,F,brisés,-11.569934,brisées,-11.138328,0
6737,P_NOUN_8_PASS_b,M,P,les crayons avec les boissons que j' aime beaucoup ne sont probablement pas cachés <eos>,13,cachés,cachées,11,F,cachés,-8.133688,cachées,-10.505428,1
6738,P_NOUN_8_PASS_b,M,P,les crayons avec les boissons que j' aime beaucoup ne sont probablement pas cassés <eos>,13,cassés,cassées,11,F,cassés,-9.380831,cassées,-10.178849,1
6739,P_NOUN_8_PASS_b,M,P,les crayons avec les boissons que j' aime beaucoup ne sont probablement pas couverts <eos>,13,couverts,couvertes,11,F,couverts,-6.934579,couvertes,-9.538216,1
6740,P_NOUN_8_PASS_b,M,P,les crayons avec les boissons que j' aime beaucoup ne sont probablement pas déformés <eos>,13,déformés,déformées,11,F,déformés,-12.329075,déformées,-10.222408,0
6741,P_NOUN_8_PASS_b,M,P,les crayons avec les boissons que j' aime beaucoup ne sont probablement pas fixés <eos>,13,fixés,fixées,11,F,fixés,-9.009187,fixées,-10.665332,1
6742,P_NOUN_8_PASS_b,M,P,les crayons avec les boissons que j' aime beaucoup ne sont probablement pas jetés <eos>,13,jetés,jetées,11,F,jetés,-8.775547,jetées,-10.689659,1
6743,P_NOUN_8_PASS_b,M,P,les crayons avec les boissons que j' aime beaucoup ne sont probablement pas laissés <eos>,13,laissés,laissées,11,F,laissés,-8.189705,laissées,-9.146227,1
6744,P_NOUN_8_PASS_b,M,P,les crayons avec les boissons que j' aime beaucoup ne sont probablement pas ouverts <eos>,13,ouverts,ouvertes,11,F,ouverts,-7.9183426,ouvertes,-9.86987,1
6745,P_NOUN_8_PASS_b,M,P,les crayons avec les boissons que j' aime beaucoup ne sont probablement pas perdus <eos>,13,perdus,perdues,11,F,perdus,-7.5221043,perdues,-9.283409,1
6746,P_NOUN_8_PASS_b,M,P,les crayons avec les boissons que j' aime beaucoup ne sont probablement pas réparés <eos>,13,réparés,réparées,11,F,réparés,-10.733946,réparées,-10.851018,1
6747,P_NOUN_8_PASS_b,M,P,les crayons avec les boissons que j' aime beaucoup ne sont probablement pas retirés <eos>,13,retirés,retirées,11,F,retirés,-8.845489,retirées,-9.831257,1
6748,P_NOUN_8_PASS_b,M,P,les crayons avec les boissons que j' aime beaucoup ne sont probablement pas tombés <eos>,13,tombés,tombées,11,F,tombés,-7.8027835,tombées,-10.037329,1
6749,P_NOUN_8_PASS_b,M,P,les crayons avec les boissons que j' aime beaucoup ne sont probablement pas utilisés <eos>,13,utilisés,utilisées,11,F,utilisés,-4.8575335,utilisées,-6.758752,1
6750,P_NOUN_8_PASS_b,M,P,les crayons avec les pommes que j' aime beaucoup ne sont probablement pas achetés <eos>,13,achetés,achetées,11,F,achetés,-7.967165,achetées,-11.115374,1
6751,P_NOUN_8_PASS_b,M,P,les crayons avec les pommes que j' aime beaucoup ne sont probablement pas brisés <eos>,13,brisés,brisées,11,F,brisés,-11.109276,brisées,-10.864002,0
6752,P_NOUN_8_PASS_b,M,P,les crayons avec les pommes que j' aime beaucoup ne sont probablement pas cachés <eos>,13,cachés,cachées,11,F,cachés,-7.9431825,cachées,-10.083002,1
6753,P_NOUN_8_PASS_b,M,P,les crayons avec les pommes que j' aime beaucoup ne sont probablement pas cassés <eos>,13,cassés,cassées,11,F,cassés,-8.948826,cassées,-10.004721,1
6754,P_NOUN_8_PASS_b,M,P,les crayons avec les pommes que j' aime beaucoup ne sont probablement pas couverts <eos>,13,couverts,couvertes,11,F,couverts,-6.891466,couvertes,-9.47338,1
6755,P_NOUN_8_PASS_b,M,P,les crayons avec les pommes que j' aime beaucoup ne sont probablement pas déformés <eos>,13,déformés,déformées,11,F,déformés,-12.142245,déformées,-10.039554,0
6756,P_NOUN_8_PASS_b,M,P,les crayons avec les pommes que j' aime beaucoup ne sont probablement pas fixés <eos>,13,fixés,fixées,11,F,fixés,-8.97205,fixées,-10.654216,1
6757,P_NOUN_8_PASS_b,M,P,les crayons avec les pommes que j' aime beaucoup ne sont probablement pas jetés <eos>,13,jetés,jetées,11,F,jetés,-8.78279,jetées,-10.3887,1
6758,P_NOUN_8_PASS_b,M,P,les crayons avec les pommes que j' aime beaucoup ne sont probablement pas laissés <eos>,13,laissés,laissées,11,F,laissés,-7.847578,laissées,-9.326935,1
6759,P_NOUN_8_PASS_b,M,P,les crayons avec les pommes que j' aime beaucoup ne sont probablement pas ouverts <eos>,13,ouverts,ouvertes,11,F,ouverts,-8.039987,ouvertes,-10.02098,1
6760,P_NOUN_8_PASS_b,M,P,les crayons avec les pommes que j' aime beaucoup ne sont probablement pas perdus <eos>,13,perdus,perdues,11,F,perdus,-7.309767,perdues,-8.832102,1
6761,P_NOUN_8_PASS_b,M,P,les crayons avec les pommes que j' aime beaucoup ne sont probablement pas réparés <eos>,13,réparés,réparées,11,F,réparés,-10.86105,réparées,-11.13593,1
6762,P_NOUN_8_PASS_b,M,P,les crayons avec les pommes que j' aime beaucoup ne sont probablement pas retirés <eos>,13,retirés,retirées,11,F,retirés,-8.668334,retirées,-9.71977,1
6763,P_NOUN_8_PASS_b,M,P,les crayons avec les pommes que j' aime beaucoup ne sont probablement pas tombés <eos>,13,tombés,tombées,11,F,tombés,-7.3589435,tombées,-9.223461,1
6764,P_NOUN_8_PASS_b,M,P,les crayons avec les pommes que j' aime beaucoup ne sont probablement pas utilisés <eos>,13,utilisés,utilisées,11,F,utilisés,-5.0769453,utilisées,-6.8400927,1
6765,P_NOUN_8_PASS_b,M,P,les crayons avec les tasses que j' aime beaucoup ne sont probablement pas achetés <eos>,13,achetés,achetées,11,F,achetés,-8.332638,achetées,-11.939499,1
6766,P_NOUN_8_PASS_b,M,P,les crayons avec les tasses que j' aime beaucoup ne sont probablement pas brisés <eos>,13,brisés,brisées,11,F,brisés,-10.548053,brisées,-11.174036,1
6767,P_NOUN_8_PASS_b,M,P,les crayons avec les tasses que j' aime beaucoup ne sont probablement pas cachés <eos>,13,cachés,cachées,11,F,cachés,-8.313099,cachées,-11.015024,1
6768,P_NOUN_8_PASS_b,M,P,les crayons avec les tasses que j' aime beaucoup ne sont probablement pas cassés <eos>,13,cassés,cassées,11,F,cassés,-8.938176,cassées,-10.351604,1
6769,P_NOUN_8_PASS_b,M,P,les crayons avec les tasses que j' aime beaucoup ne sont probablement pas couverts <eos>,13,couverts,couvertes,11,F,couverts,-6.6478467,couvertes,-10.182707,1
6770,P_NOUN_8_PASS_b,M,P,les crayons avec les tasses que j' aime beaucoup ne sont probablement pas déformés <eos>,13,déformés,déformées,11,F,déformés,-11.451587,déformées,-10.198524,0
6771,P_NOUN_8_PASS_b,M,P,les crayons avec les tasses que j' aime beaucoup ne sont probablement pas fixés <eos>,13,fixés,fixées,11,F,fixés,-8.763373,fixées,-10.798808,1
6772,P_NOUN_8_PASS_b,M,P,les crayons avec les tasses que j' aime beaucoup ne sont probablement pas jetés <eos>,13,jetés,jetées,11,F,jetés,-8.528141,jetées,-11.68535,1
6773,P_NOUN_8_PASS_b,M,P,les crayons avec les tasses que j' aime beaucoup ne sont probablement pas laissés <eos>,13,laissés,laissées,11,F,laissés,-8.17475,laissées,-9.739338,1
6774,P_NOUN_8_PASS_b,M,P,les crayons avec les tasses que j' aime beaucoup ne sont probablement pas ouverts <eos>,13,ouverts,ouvertes,11,F,ouverts,-7.5393476,ouvertes,-10.497332,1
6775,P_NOUN_8_PASS_b,M,P,les crayons avec les tasses que j' aime beaucoup ne sont probablement pas perdus <eos>,13,perdus,perdues,11,F,perdus,-6.707589,perdues,-9.3999605,1
6776,P_NOUN_8_PASS_b,M,P,les crayons avec les tasses que j' aime beaucoup ne sont probablement pas réparés <eos>,13,réparés,réparées,11,F,réparés,-10.785095,réparées,-11.056774,1
6777,P_NOUN_8_PASS_b,M,P,les crayons avec les tasses que j' aime beaucoup ne sont probablement pas retirés <eos>,13,retirés,retirées,11,F,retirés,-8.550015,retirées,-10.106264,1
6778,P_NOUN_8_PASS_b,M,P,les crayons avec les tasses que j' aime beaucoup ne sont probablement pas tombés <eos>,13,tombés,tombées,11,F,tombés,-7.678795,tombées,-10.159542,1
6779,P_NOUN_8_PASS_b,M,P,les crayons avec les tasses que j' aime beaucoup ne sont probablement pas utilisés <eos>,13,utilisés,utilisées,11,F,utilisés,-5.150134,utilisées,-7.683525,1
6780,P_NOUN_8_PASS_b,M,P,les crayons avec les bougies que j' aime beaucoup ne sont probablement pas achetés <eos>,13,achetés,achetées,11,F,achetés,-8.498957,achetées,-12.373444,1
6781,P_NOUN_8_PASS_b,M,P,les crayons avec les bougies que j' aime beaucoup ne sont probablement pas brisés <eos>,13,brisés,brisées,11,F,brisés,-10.76525,brisées,-11.586022,1
6782,P_NOUN_8_PASS_b,M,P,les crayons avec les bougies que j' aime beaucoup ne sont probablement pas cachés <eos>,13,cachés,cachées,11,F,cachés,-7.726068,cachées,-10.962561,1
6783,P_NOUN_8_PASS_b,M,P,les crayons avec les bougies que j' aime beaucoup ne sont probablement pas cassés <eos>,13,cassés,cassées,11,F,cassés,-9.261776,cassées,-10.601999,1
6784,P_NOUN_8_PASS_b,M,P,les crayons avec les bougies que j' aime beaucoup ne sont probablement pas couverts <eos>,13,couverts,couvertes,11,F,couverts,-7.1915317,couvertes,-10.905397,1
6785,P_NOUN_8_PASS_b,M,P,les crayons avec les bougies que j' aime beaucoup ne sont probablement pas déformés <eos>,13,déformés,déformées,11,F,déformés,-11.044109,déformées,-10.426098,0
6786,P_NOUN_8_PASS_b,M,P,les crayons avec les bougies que j' aime beaucoup ne sont probablement pas fixés <eos>,13,fixés,fixées,11,F,fixés,-8.639413,fixées,-11.038329,1
6787,P_NOUN_8_PASS_b,M,P,les crayons avec les bougies que j' aime beaucoup ne sont probablement pas jetés <eos>,13,jetés,jetées,11,F,jetés,-8.169794,jetées,-11.521605,1
6788,P_NOUN_8_PASS_b,M,P,les crayons avec les bougies que j' aime beaucoup ne sont probablement pas laissés <eos>,13,laissés,laissées,11,F,laissés,-8.199583,laissées,-10.741421,1
6789,P_NOUN_8_PASS_b,M,P,les crayons avec les bougies que j' aime beaucoup ne sont probablement pas ouverts <eos>,13,ouverts,ouvertes,11,F,ouverts,-7.867057,ouvertes,-11.046452,1
6790,P_NOUN_8_PASS_b,M,P,les crayons avec les bougies que j' aime beaucoup ne sont probablement pas perdus <eos>,13,perdus,perdues,11,F,perdus,-6.9504423,perdues,-10.012987,1
6791,P_NOUN_8_PASS_b,M,P,les crayons avec les bougies que j' aime beaucoup ne sont probablement pas réparés <eos>,13,réparés,réparées,11,F,réparés,-10.900591,réparées,-11.47555,1
6792,P_NOUN_8_PASS_b,M,P,les crayons avec les bougies que j' aime beaucoup ne sont probablement pas retirés <eos>,13,retirés,retirées,11,F,retirés,-8.876513,retirées,-10.447731,1
6793,P_NOUN_8_PASS_b,M,P,les crayons avec les bougies que j' aime beaucoup ne sont probablement pas tombés <eos>,13,tombés,tombées,11,F,tombés,-6.931344,tombées,-10.219713,1
6794,P_NOUN_8_PASS_b,M,P,les crayons avec les bougies que j' aime beaucoup ne sont probablement pas utilisés <eos>,13,utilisés,utilisées,11,F,utilisés,-5.2178097,utilisées,-8.209732,1
6795,P_NOUN_8_PASS_b,M,P,les crayons avec les pochettes que j' aime beaucoup ne sont probablement pas achetés <eos>,13,achetés,achetées,11,F,achetés,-8.628935,achetées,-11.191112,1
6796,P_NOUN_8_PASS_b,M,P,les crayons avec les pochettes que j' aime beaucoup ne sont probablement pas brisés <eos>,13,brisés,brisées,11,F,brisés,-11.448651,brisées,-11.527465,1
6797,P_NOUN_8_PASS_b,M,P,les crayons avec les pochettes que j' aime beaucoup ne sont probablement pas cachés <eos>,13,cachés,cachées,11,F,cachés,-8.751669,cachées,-10.610153,1
6798,P_NOUN_8_PASS_b,M,P,les crayons avec les pochettes que j' aime beaucoup ne sont probablement pas cassés <eos>,13,cassés,cassées,11,F,cassés,-10.339405,cassées,-10.897245,1
6799,P_NOUN_8_PASS_b,M,P,les crayons avec les pochettes que j' aime beaucoup ne sont probablement pas couverts <eos>,13,couverts,couvertes,11,F,couverts,-8.036478,couvertes,-10.151651,1
6800,P_NOUN_8_PASS_b,M,P,les crayons avec les pochettes que j' aime beaucoup ne sont probablement pas déformés <eos>,13,déformés,déformées,11,F,déformés,-11.604174,déformées,-9.896471,0
6801,P_NOUN_8_PASS_b,M,P,les crayons avec les pochettes que j' aime beaucoup ne sont probablement pas fixés <eos>,13,fixés,fixées,11,F,fixés,-9.506405,fixées,-11.126406,1
6802,P_NOUN_8_PASS_b,M,P,les crayons avec les pochettes que j' aime beaucoup ne sont probablement pas jetés <eos>,13,jetés,jetées,11,F,jetés,-9.323037,jetées,-12.414389,1
6803,P_NOUN_8_PASS_b,M,P,les crayons avec les pochettes que j' aime beaucoup ne sont probablement pas laissés <eos>,13,laissés,laissées,11,F,laissés,-8.795589,laissées,-9.350381,1
6804,P_NOUN_8_PASS_b,M,P,les crayons avec les pochettes que j' aime beaucoup ne sont probablement pas ouverts <eos>,13,ouverts,ouvertes,11,F,ouverts,-7.3170795,ouvertes,-9.206462,1
6805,P_NOUN_8_PASS_b,M,P,les crayons avec les pochettes que j' aime beaucoup ne sont probablement pas perdus <eos>,13,perdus,perdues,11,F,perdus,-7.052247,perdues,-9.260877,1
6806,P_NOUN_8_PASS_b,M,P,les crayons avec les pochettes que j' aime beaucoup ne sont probablement pas réparés <eos>,13,réparés,réparées,11,F,réparés,-11.404952,réparées,-10.721236,0
6807,P_NOUN_8_PASS_b,M,P,les crayons avec les pochettes que j' aime beaucoup ne sont probablement pas retirés <eos>,13,retirés,retirées,11,F,retirés,-9.689829,retirées,-10.016388,1
6808,P_NOUN_8_PASS_b,M,P,les crayons avec les pochettes que j' aime beaucoup ne sont probablement pas tombés <eos>,13,tombés,tombées,11,F,tombés,-8.724218,tombées,-10.59112,1
6809,P_NOUN_8_PASS_b,M,P,les crayons avec les pochettes que j' aime beaucoup ne sont probablement pas utilisés <eos>,13,utilisés,utilisées,11,F,utilisés,-5.8534365,utilisées,-7.7182636,1
6810,P_NOUN_8_PASS_b,M,P,les crayons avec les bananes que j' aime beaucoup ne sont probablement pas achetés <eos>,13,achetés,achetées,11,F,achetés,-8.030437,achetées,-12.554003,1
6811,P_NOUN_8_PASS_b,M,P,les crayons avec les bananes que j' aime beaucoup ne sont probablement pas brisés <eos>,13,brisés,brisées,11,F,brisés,-10.914959,brisées,-11.780878,1
6812,P_NOUN_8_PASS_b,M,P,les crayons avec les bananes que j' aime beaucoup ne sont probablement pas cachés <eos>,13,cachés,cachées,11,F,cachés,-8.241032,cachées,-11.627457,1
6813,P_NOUN_8_PASS_b,M,P,les crayons avec les bananes que j' aime beaucoup ne sont probablement pas cassés <eos>,13,cassés,cassées,11,F,cassés,-9.048145,cassées,-10.694178,1
6814,P_NOUN_8_PASS_b,M,P,les crayons avec les bananes que j' aime beaucoup ne sont probablement pas couverts <eos>,13,couverts,couvertes,11,F,couverts,-6.9280944,couvertes,-10.734476,1
6815,P_NOUN_8_PASS_b,M,P,les crayons avec les bananes que j' aime beaucoup ne sont probablement pas déformés <eos>,13,déformés,déformées,11,F,déformés,-11.789687,déformées,-10.896893,0
6816,P_NOUN_8_PASS_b,M,P,les crayons avec les bananes que j' aime beaucoup ne sont probablement pas fixés <eos>,13,fixés,fixées,11,F,fixés,-8.649879,fixées,-11.532076,1
6817,P_NOUN_8_PASS_b,M,P,les crayons avec les bananes que j' aime beaucoup ne sont probablement pas jetés <eos>,13,jetés,jetées,11,F,jetés,-8.89659,jetées,-11.28211,1
6818,P_NOUN_8_PASS_b,M,P,les crayons avec les bananes que j' aime beaucoup ne sont probablement pas laissés <eos>,13,laissés,laissées,11,F,laissés,-7.8314714,laissées,-10.505486,1
6819,P_NOUN_8_PASS_b,M,P,les crayons avec les bananes que j' aime beaucoup ne sont probablement pas ouverts <eos>,13,ouverts,ouvertes,11,F,ouverts,-7.917549,ouvertes,-11.453173,1
6820,P_NOUN_8_PASS_b,M,P,les crayons avec les bananes que j' aime beaucoup ne sont probablement pas perdus <eos>,13,perdus,perdues,11,F,perdus,-7.0873327,perdues,-10.27666,1
6821,P_NOUN_8_PASS_b,M,P,les crayons avec les bananes que j' aime beaucoup ne sont probablement pas réparés <eos>,13,réparés,réparées,11,F,réparés,-10.908164,réparées,-12.102681,1
6822,P_NOUN_8_PASS_b,M,P,les crayons avec les bananes que j' aime beaucoup ne sont probablement pas retirés <eos>,13,retirés,retirées,11,F,retirés,-8.752026,retirées,-10.972029,1
6823,P_NOUN_8_PASS_b,M,P,les crayons avec les bananes que j' aime beaucoup ne sont probablement pas tombés <eos>,13,tombés,tombées,11,F,tombés,-7.432303,tombées,-10.448357,1
6824,P_NOUN_8_PASS_b,M,P,les crayons avec les bananes que j' aime beaucoup ne sont probablement pas utilisés <eos>,13,utilisés,utilisées,11,F,utilisés,-5.0153418,utilisées,-8.114588,1
6825,P_NOUN_8_PASS_b,M,P,les crayons avec les robes que j' aime beaucoup ne sont probablement pas achetés <eos>,13,achetés,achetées,11,F,achetés,-8.748766,achetées,-13.096102,1
6826,P_NOUN_8_PASS_b,M,P,les crayons avec les robes que j' aime beaucoup ne sont probablement pas brisés <eos>,13,brisés,brisées,11,F,brisés,-11.194117,brisées,-11.987833,1
6827,P_NOUN_8_PASS_b,M,P,les crayons avec les robes que j' aime beaucoup ne sont probablement pas cachés <eos>,13,cachés,cachées,11,F,cachés,-8.191181,cachées,-11.3482685,1
6828,P_NOUN_8_PASS_b,M,P,les crayons avec les robes que j' aime beaucoup ne sont probablement pas cassés <eos>,13,cassés,cassées,11,F,cassés,-9.697392,cassées,-10.668369,1
6829,P_NOUN_8_PASS_b,M,P,les crayons avec les robes que j' aime beaucoup ne sont probablement pas couverts <eos>,13,couverts,couvertes,11,F,couverts,-7.1477213,couvertes,-10.6923685,1
6830,P_NOUN_8_PASS_b,M,P,les crayons avec les robes que j' aime beaucoup ne sont probablement pas déformés <eos>,13,déformés,déformées,11,F,déformés,-11.115522,déformées,-10.64189,0
6831,P_NOUN_8_PASS_b,M,P,les crayons avec les robes que j' aime beaucoup ne sont probablement pas fixés <eos>,13,fixés,fixées,11,F,fixés,-9.023537,fixées,-11.204763,1
6832,P_NOUN_8_PASS_b,M,P,les crayons avec les robes que j' aime beaucoup ne sont probablement pas jetés <eos>,13,jetés,jetées,11,F,jetés,-8.994351,jetées,-11.962192,1
6833,P_NOUN_8_PASS_b,M,P,les crayons avec les robes que j' aime beaucoup ne sont probablement pas laissés <eos>,13,laissés,laissées,11,F,laissés,-8.663503,laissées,-10.678244,1
6834,P_NOUN_8_PASS_b,M,P,les crayons avec les robes que j' aime beaucoup ne sont probablement pas ouverts <eos>,13,ouverts,ouvertes,11,F,ouverts,-7.8285384,ouvertes,-10.999521,1
6835,P_NOUN_8_PASS_b,M,P,les crayons avec les robes que j' aime beaucoup ne sont probablement pas perdus <eos>,13,perdus,perdues,11,F,perdus,-7.6985455,perdues,-10.476379,1
6836,P_NOUN_8_PASS_b,M,P,les crayons avec les robes que j' aime beaucoup ne sont probablement pas réparés <eos>,13,réparés,réparées,11,F,réparés,-10.897784,réparées,-11.884746,1
6837,P_NOUN_8_PASS_b,M,P,les crayons avec les robes que j' aime beaucoup ne sont probablement pas retirés <eos>,13,retirés,retirées,11,F,retirés,-9.171562,retirées,-10.955135,1
6838,P_NOUN_8_PASS_b,M,P,les crayons avec les robes que j' aime beaucoup ne sont probablement pas tombés <eos>,13,tombés,tombées,11,F,tombés,-7.543505,tombées,-10.619396,1
6839,P_NOUN_8_PASS_b,M,P,les crayons avec les robes que j' aime beaucoup ne sont probablement pas utilisés <eos>,13,utilisés,utilisées,11,F,utilisés,-5.1322947,utilisées,-8.101836,1
6840,P_NOUN_8_PASS_b,M,P,les crayons avec les valises que j' aime beaucoup ne sont probablement pas achetés <eos>,13,achetés,achetées,11,F,achetés,-8.366791,achetées,-12.533896,1
6841,P_NOUN_8_PASS_b,M,P,les crayons avec les valises que j' aime beaucoup ne sont probablement pas brisés <eos>,13,brisés,brisées,11,F,brisés,-10.893316,brisées,-11.531261,1
6842,P_NOUN_8_PASS_b,M,P,les crayons avec les valises que j' aime beaucoup ne sont probablement pas cachés <eos>,13,cachés,cachées,11,F,cachés,-7.80868,cachées,-10.492334,1
6843,P_NOUN_8_PASS_b,M,P,les crayons avec les valises que j' aime beaucoup ne sont probablement pas cassés <eos>,13,cassés,cassées,11,F,cassés,-9.548205,cassées,-10.943344,1
6844,P_NOUN_8_PASS_b,M,P,les crayons avec les valises que j' aime beaucoup ne sont probablement pas couverts <eos>,13,couverts,couvertes,11,F,couverts,-6.8751554,couvertes,-10.135171,1
6845,P_NOUN_8_PASS_b,M,P,les crayons avec les valises que j' aime beaucoup ne sont probablement pas déformés <eos>,13,déformés,déformées,11,F,déformés,-11.568859,déformées,-10.473195,0
6846,P_NOUN_8_PASS_b,M,P,les crayons avec les valises que j' aime beaucoup ne sont probablement pas fixés <eos>,13,fixés,fixées,11,F,fixés,-8.76332,fixées,-11.012951,1
6847,P_NOUN_8_PASS_b,M,P,les crayons avec les valises que j' aime beaucoup ne sont probablement pas jetés <eos>,13,jetés,jetées,11,F,jetés,-8.347285,jetées,-11.519845,1
6848,P_NOUN_8_PASS_b,M,P,les crayons avec les valises que j' aime beaucoup ne sont probablement pas laissés <eos>,13,laissés,laissées,11,F,laissés,-8.120092,laissées,-10.105281,1
6849,P_NOUN_8_PASS_b,M,P,les crayons avec les valises que j' aime beaucoup ne sont probablement pas ouverts <eos>,13,ouverts,ouvertes,11,F,ouverts,-7.214593,ouvertes,-10.217867,1
6850,P_NOUN_8_PASS_b,M,P,les crayons avec les valises que j' aime beaucoup ne sont probablement pas perdus <eos>,13,perdus,perdues,11,F,perdus,-6.956526,perdues,-9.855395,1
6851,P_NOUN_8_PASS_b,M,P,les crayons avec les valises que j' aime beaucoup ne sont probablement pas réparés <eos>,13,réparés,réparées,11,F,réparés,-10.843227,réparées,-11.236303,1
6852,P_NOUN_8_PASS_b,M,P,les crayons avec les valises que j' aime beaucoup ne sont probablement pas retirés <eos>,13,retirés,retirées,11,F,retirés,-9.00388,retirées,-10.575258,1
6853,P_NOUN_8_PASS_b,M,P,les crayons avec les valises que j' aime beaucoup ne sont probablement pas tombés <eos>,13,tombés,tombées,11,F,tombés,-7.986316,tombées,-10.605873,1
6854,P_NOUN_8_PASS_b,M,P,les crayons avec les valises que j' aime beaucoup ne sont probablement pas utilisés <eos>,13,utilisés,utilisées,11,F,utilisés,-5.3602757,utilisées,-8.05405,1
6855,P_NOUN_8_PASS_b,M,P,les crayons avec les pendules que j' aime beaucoup ne sont probablement pas achetés <eos>,13,achetés,achetées,11,F,achetés,-8.329157,achetées,-12.478086,1
6856,P_NOUN_8_PASS_b,M,P,les crayons avec les pendules que j' aime beaucoup ne sont probablement pas brisés <eos>,13,brisés,brisées,11,F,brisés,-10.503834,brisées,-11.105493,1
6857,P_NOUN_8_PASS_b,M,P,les crayons avec les pendules que j' aime beaucoup ne sont probablement pas cachés <eos>,13,cachés,cachées,11,F,cachés,-7.7540064,cachées,-10.845931,1
6858,P_NOUN_8_PASS_b,M,P,les crayons avec les pendules que j' aime beaucoup ne sont probablement pas cassés <eos>,13,cassés,cassées,11,F,cassés,-8.975832,cassées,-10.055045,1
6859,P_NOUN_8_PASS_b,M,P,les crayons avec les pendules que j' aime beaucoup ne sont probablement pas couverts <eos>,13,couverts,couvertes,11,F,couverts,-7.233446,couvertes,-10.544212,1
6860,P_NOUN_8_PASS_b,M,P,les crayons avec les pendules que j' aime beaucoup ne sont probablement pas déformés <eos>,13,déformés,déformées,11,F,déformés,-11.061534,déformées,-9.823799,0
6861,P_NOUN_8_PASS_b,M,P,les crayons avec les pendules que j' aime beaucoup ne sont probablement pas fixés <eos>,13,fixés,fixées,11,F,fixés,-8.433947,fixées,-10.388565,1
6862,P_NOUN_8_PASS_b,M,P,les crayons avec les pendules que j' aime beaucoup ne sont probablement pas jetés <eos>,13,jetés,jetées,11,F,jetés,-8.08801,jetées,-11.392227,1
6863,P_NOUN_8_PASS_b,M,P,les crayons avec les pendules que j' aime beaucoup ne sont probablement pas laissés <eos>,13,laissés,laissées,11,F,laissés,-8.442831,laissées,-10.404382,1
6864,P_NOUN_8_PASS_b,M,P,les crayons avec les pendules que j' aime beaucoup ne sont probablement pas ouverts <eos>,13,ouverts,ouvertes,11,F,ouverts,-7.8245792,ouvertes,-10.756152,1
6865,P_NOUN_8_PASS_b,M,P,les crayons avec les pendules que j' aime beaucoup ne sont probablement pas perdus <eos>,13,perdus,perdues,11,F,perdus,-7.073087,perdues,-9.853436,1
6866,P_NOUN_8_PASS_b,M,P,les crayons avec les pendules que j' aime beaucoup ne sont probablement pas réparés <eos>,13,réparés,réparées,11,F,réparés,-10.947808,réparées,-11.027411,1
6867,P_NOUN_8_PASS_b,M,P,les crayons avec les pendules que j' aime beaucoup ne sont probablement pas retirés <eos>,13,retirés,retirées,11,F,retirés,-8.575356,retirées,-9.847368,1
6868,P_NOUN_8_PASS_b,M,P,les crayons avec les pendules que j' aime beaucoup ne sont probablement pas tombés <eos>,13,tombés,tombées,11,F,tombés,-8.124262,tombées,-10.329613,1
6869,P_NOUN_8_PASS_b,M,P,les crayons avec les pendules que j' aime beaucoup ne sont probablement pas utilisés <eos>,13,utilisés,utilisées,11,F,utilisés,-4.6003876,utilisées,-7.46791,1
6870,P_NOUN_8_PASS_b,M,P,les crayons avec les cloches que j' aime beaucoup ne sont probablement pas achetés <eos>,13,achetés,achetées,11,F,achetés,-8.971212,achetées,-13.065544,1
6871,P_NOUN_8_PASS_b,M,P,les crayons avec les cloches que j' aime beaucoup ne sont probablement pas brisés <eos>,13,brisés,brisées,11,F,brisés,-10.383338,brisées,-11.626876,1
6872,P_NOUN_8_PASS_b,M,P,les crayons avec les cloches que j' aime beaucoup ne sont probablement pas cachés <eos>,13,cachés,cachées,11,F,cachés,-7.5686855,cachées,-10.728041,1
6873,P_NOUN_8_PASS_b,M,P,les crayons avec les cloches que j' aime beaucoup ne sont probablement pas cassés <eos>,13,cassés,cassées,11,F,cassés,-9.250682,cassées,-10.876438,1
6874,P_NOUN_8_PASS_b,M,P,les crayons avec les cloches que j' aime beaucoup ne sont probablement pas couverts <eos>,13,couverts,couvertes,11,F,couverts,-6.7075663,couvertes,-10.690626,1
6875,P_NOUN_8_PASS_b,M,P,les crayons avec les cloches que j' aime beaucoup ne sont probablement pas déformés <eos>,13,déformés,déformées,11,F,déformés,-11.4193535,déformées,-11.056389,0
6876,P_NOUN_8_PASS_b,M,P,les crayons avec les cloches que j' aime beaucoup ne sont probablement pas fixés <eos>,13,fixés,fixées,11,F,fixés,-8.922352,fixées,-11.287094,1
6877,P_NOUN_8_PASS_b,M,P,les crayons avec les cloches que j' aime beaucoup ne sont probablement pas jetés <eos>,13,jetés,jetées,11,F,jetés,-7.8816314,jetées,-11.587379,1
6878,P_NOUN_8_PASS_b,M,P,les crayons avec les cloches que j' aime beaucoup ne sont probablement pas laissés <eos>,13,laissés,laissées,11,F,laissés,-7.845209,laissées,-11.021077,1
6879,P_NOUN_8_PASS_b,M,P,les crayons avec les cloches que j' aime beaucoup ne sont probablement pas ouverts <eos>,13,ouverts,ouvertes,11,F,ouverts,-7.8940372,ouvertes,-10.861744,1
6880,P_NOUN_8_PASS_b,M,P,les crayons avec les cloches que j' aime beaucoup ne sont probablement pas perdus <eos>,13,perdus,perdues,11,F,perdus,-6.7726116,perdues,-9.719494,1
6881,P_NOUN_8_PASS_b,M,P,les crayons avec les cloches que j' aime beaucoup ne sont probablement pas réparés <eos>,13,réparés,réparées,11,F,réparés,-10.375701,réparées,-11.403877,1
6882,P_NOUN_8_PASS_b,M,P,les crayons avec les cloches que j' aime beaucoup ne sont probablement pas retirés <eos>,13,retirés,retirées,11,F,retirés,-8.626488,retirées,-10.39036,1
6883,P_NOUN_8_PASS_b,M,P,les crayons avec les cloches que j' aime beaucoup ne sont probablement pas tombés <eos>,13,tombés,tombées,11,F,tombés,-6.5491624,tombées,-9.948275,1
6884,P_NOUN_8_PASS_b,M,P,les crayons avec les cloches que j' aime beaucoup ne sont probablement pas utilisés <eos>,13,utilisés,utilisées,11,F,utilisés,-5.318777,utilisées,-8.486878,1
6885,P_NOUN_8_PASS_b,M,P,les crayons avec les cerises que j' aime beaucoup ne sont probablement pas achetés <eos>,13,achetés,achetées,11,F,achetés,-8.030204,achetées,-12.479434,1
6886,P_NOUN_8_PASS_b,M,P,les crayons avec les cerises que j' aime beaucoup ne sont probablement pas brisés <eos>,13,brisés,brisées,11,F,brisés,-10.756213,brisées,-11.981775,1
6887,P_NOUN_8_PASS_b,M,P,les crayons avec les cerises que j' aime beaucoup ne sont probablement pas cachés <eos>,13,cachés,cachées,11,F,cachés,-8.380112,cachées,-11.60225,1
6888,P_NOUN_8_PASS_b,M,P,les crayons avec les cerises que j' aime beaucoup ne sont probablement pas cassés <eos>,13,cassés,cassées,11,F,cassés,-9.293734,cassées,-10.752983,1
6889,P_NOUN_8_PASS_b,M,P,les crayons avec les cerises que j' aime beaucoup ne sont probablement pas couverts <eos>,13,couverts,couvertes,11,F,couverts,-6.642908,couvertes,-10.78228,1
6890,P_NOUN_8_PASS_b,M,P,les crayons avec les cerises que j' aime beaucoup ne sont probablement pas déformés <eos>,13,déformés,déformées,11,F,déformés,-11.711014,déformées,-11.084427,0
6891,P_NOUN_8_PASS_b,M,P,les crayons avec les cerises que j' aime beaucoup ne sont probablement pas fixés <eos>,13,fixés,fixées,11,F,fixés,-8.6496725,fixées,-11.637806,1
6892,P_NOUN_8_PASS_b,M,P,les crayons avec les cerises que j' aime beaucoup ne sont probablement pas jetés <eos>,13,jetés,jetées,11,F,jetés,-8.709774,jetées,-11.886854,1
6893,P_NOUN_8_PASS_b,M,P,les crayons avec les cerises que j' aime beaucoup ne sont probablement pas laissés <eos>,13,laissés,laissées,11,F,laissés,-7.901863,laissées,-10.6101055,1
6894,P_NOUN_8_PASS_b,M,P,les crayons avec les cerises que j' aime beaucoup ne sont probablement pas ouverts <eos>,13,ouverts,ouvertes,11,F,ouverts,-7.719731,ouvertes,-11.12042,1
6895,P_NOUN_8_PASS_b,M,P,les crayons avec les cerises que j' aime beaucoup ne sont probablement pas perdus <eos>,13,perdus,perdues,11,F,perdus,-7.27285,perdues,-10.269812,1
6896,P_NOUN_8_PASS_b,M,P,les crayons avec les cerises que j' aime beaucoup ne sont probablement pas réparés <eos>,13,réparés,réparées,11,F,réparés,-10.688328,réparées,-11.883131,1
6897,P_NOUN_8_PASS_b,M,P,les crayons avec les cerises que j' aime beaucoup ne sont probablement pas retirés <eos>,13,retirés,retirées,11,F,retirés,-8.852334,retirées,-11.064451,1
6898,P_NOUN_8_PASS_b,M,P,les crayons avec les cerises que j' aime beaucoup ne sont probablement pas tombés <eos>,13,tombés,tombées,11,F,tombés,-7.293212,tombées,-10.4592705,1
6899,P_NOUN_8_PASS_b,M,P,les crayons avec les cerises que j' aime beaucoup ne sont probablement pas utilisés <eos>,13,utilisés,utilisées,11,F,utilisés,-5.3231287,utilisées,-8.336886,1
6900,P_NOUN_8_PASS_b,M,P,les rideaux avec les gemmes que j' aime beaucoup ne sont probablement pas achetés <eos>,13,achetés,achetées,11,F,achetés,-9.304975,achetées,-13.166609,1
6901,P_NOUN_8_PASS_b,M,P,les rideaux avec les gemmes que j' aime beaucoup ne sont probablement pas brisés <eos>,13,brisés,brisées,11,F,brisés,-10.191732,brisées,-11.465494,1
6902,P_NOUN_8_PASS_b,M,P,les rideaux avec les gemmes que j' aime beaucoup ne sont probablement pas cachés <eos>,13,cachés,cachées,11,F,cachés,-7.0350666,cachées,-10.040629,1
6903,P_NOUN_8_PASS_b,M,P,les rideaux avec les gemmes que j' aime beaucoup ne sont probablement pas cassés <eos>,13,cassés,cassées,11,F,cassés,-9.2928295,cassées,-10.913489,1
6904,P_NOUN_8_PASS_b,M,P,les rideaux avec les gemmes que j' aime beaucoup ne sont probablement pas couverts <eos>,13,couverts,couvertes,11,F,couverts,-7.4799175,couvertes,-10.958641,1
6905,P_NOUN_8_PASS_b,M,P,les rideaux avec les gemmes que j' aime beaucoup ne sont probablement pas déformés <eos>,13,déformés,déformées,11,F,déformés,-10.774704,déformées,-10.531759,0
6906,P_NOUN_8_PASS_b,M,P,les rideaux avec les gemmes que j' aime beaucoup ne sont probablement pas fixés <eos>,13,fixés,fixées,11,F,fixés,-8.490496,fixées,-10.904163,1
6907,P_NOUN_8_PASS_b,M,P,les rideaux avec les gemmes que j' aime beaucoup ne sont probablement pas jetés <eos>,13,jetés,jetées,11,F,jetés,-7.7840805,jetées,-11.178346,1
6908,P_NOUN_8_PASS_b,M,P,les rideaux avec les gemmes que j' aime beaucoup ne sont probablement pas laissés <eos>,13,laissés,laissées,11,F,laissés,-7.690793,laissées,-10.973825,1
6909,P_NOUN_8_PASS_b,M,P,les rideaux avec les gemmes que j' aime beaucoup ne sont probablement pas ouverts <eos>,13,ouverts,ouvertes,11,F,ouverts,-7.7931013,ouvertes,-11.242074,1
6910,P_NOUN_8_PASS_b,M,P,les rideaux avec les gemmes que j' aime beaucoup ne sont probablement pas perdus <eos>,13,perdus,perdues,11,F,perdus,-6.668442,perdues,-9.929012,1
6911,P_NOUN_8_PASS_b,M,P,les rideaux avec les gemmes que j' aime beaucoup ne sont probablement pas réparés <eos>,13,réparés,réparées,11,F,réparés,-10.511713,réparées,-11.55216,1
6912,P_NOUN_8_PASS_b,M,P,les rideaux avec les gemmes que j' aime beaucoup ne sont probablement pas retirés <eos>,13,retirés,retirées,11,F,retirés,-9.252839,retirées,-10.710688,1
6913,P_NOUN_8_PASS_b,M,P,les rideaux avec les gemmes que j' aime beaucoup ne sont probablement pas tombés <eos>,13,tombés,tombées,11,F,tombés,-6.560269,tombées,-10.167812,1
6914,P_NOUN_8_PASS_b,M,P,les rideaux avec les gemmes que j' aime beaucoup ne sont probablement pas utilisés <eos>,13,utilisés,utilisées,11,F,utilisés,-5.4522476,utilisées,-8.628849,1
6915,P_NOUN_8_PASS_b,M,P,les rideaux avec les chaises que j' aime beaucoup ne sont probablement pas achetés <eos>,13,achetés,achetées,11,F,achetés,-9.640924,achetées,-13.305589,1
6916,P_NOUN_8_PASS_b,M,P,les rideaux avec les chaises que j' aime beaucoup ne sont probablement pas brisés <eos>,13,brisés,brisées,11,F,brisés,-9.886051,brisées,-11.221256,1
6917,P_NOUN_8_PASS_b,M,P,les rideaux avec les chaises que j' aime beaucoup ne sont probablement pas cachés <eos>,13,cachés,cachées,11,F,cachés,-7.706832,cachées,-9.788568,1
6918,P_NOUN_8_PASS_b,M,P,les rideaux avec les chaises que j' aime beaucoup ne sont probablement pas cassés <eos>,13,cassés,cassées,11,F,cassés,-9.744855,cassées,-10.320224,1
6919,P_NOUN_8_PASS_b,M,P,les rideaux avec les chaises que j' aime beaucoup ne sont probablement pas couverts <eos>,13,couverts,couvertes,11,F,couverts,-6.3877106,couvertes,-9.982147,1
6920,P_NOUN_8_PASS_b,M,P,les rideaux avec les chaises que j' aime beaucoup ne sont probablement pas déformés <eos>,13,déformés,déformées,11,F,déformés,-10.837389,déformées,-10.4484825,0
6921,P_NOUN_8_PASS_b,M,P,les rideaux avec les chaises que j' aime beaucoup ne sont probablement pas fixés <eos>,13,fixés,fixées,11,F,fixés,-8.650087,fixées,-10.36053,1
6922,P_NOUN_8_PASS_b,M,P,les rideaux avec les chaises que j' aime beaucoup ne sont probablement pas jetés <eos>,13,jetés,jetées,11,F,jetés,-7.724862,jetées,-11.242988,1
6923,P_NOUN_8_PASS_b,M,P,les rideaux avec les chaises que j' aime beaucoup ne sont probablement pas laissés <eos>,13,laissés,laissées,11,F,laissés,-7.8569536,laissées,-10.449146,1
6924,P_NOUN_8_PASS_b,M,P,les rideaux avec les chaises que j' aime beaucoup ne sont probablement pas ouverts <eos>,13,ouverts,ouvertes,11,F,ouverts,-6.764052,ouvertes,-9.894072,1
6925,P_NOUN_8_PASS_b,M,P,les rideaux avec les chaises que j' aime beaucoup ne sont probablement pas perdus <eos>,13,perdus,perdues,11,F,perdus,-6.694174,perdues,-10.002788,1
6926,P_NOUN_8_PASS_b,M,P,les rideaux avec les chaises que j' aime beaucoup ne sont probablement pas réparés <eos>,13,réparés,réparées,11,F,réparés,-10.730389,réparées,-11.108991,1
6927,P_NOUN_8_PASS_b,M,P,les rideaux avec les chaises que j' aime beaucoup ne sont probablement pas retirés <eos>,13,retirés,retirées,11,F,retirés,-9.478405,retirées,-10.489327,1
6928,P_NOUN_8_PASS_b,M,P,les rideaux avec les chaises que j' aime beaucoup ne sont probablement pas tombés <eos>,13,tombés,tombées,11,F,tombés,-6.6838937,tombées,-10.193714,1
6929,P_NOUN_8_PASS_b,M,P,les rideaux avec les chaises que j' aime beaucoup ne sont probablement pas utilisés <eos>,13,utilisés,utilisées,11,F,utilisés,-5.763682,utilisées,-8.735727,1
6930,P_NOUN_8_PASS_b,M,P,les rideaux avec les poubelles que j' aime beaucoup ne sont probablement pas achetés <eos>,13,achetés,achetées,11,F,achetés,-9.223315,achetées,-13.025596,1
6931,P_NOUN_8_PASS_b,M,P,les rideaux avec les poubelles que j' aime beaucoup ne sont probablement pas brisés <eos>,13,brisés,brisées,11,F,brisés,-10.115183,brisées,-11.49947,1
6932,P_NOUN_8_PASS_b,M,P,les rideaux avec les poubelles que j' aime beaucoup ne sont probablement pas cachés <eos>,13,cachés,cachées,11,F,cachés,-7.186949,cachées,-9.927679,1
6933,P_NOUN_8_PASS_b,M,P,les rideaux avec les poubelles que j' aime beaucoup ne sont probablement pas cassés <eos>,13,cassés,cassées,11,F,cassés,-9.482726,cassées,-10.628296,1
6934,P_NOUN_8_PASS_b,M,P,les rideaux avec les poubelles que j' aime beaucoup ne sont probablement pas couverts <eos>,13,couverts,couvertes,11,F,couverts,-6.7605553,couvertes,-10.032788,1
6935,P_NOUN_8_PASS_b,M,P,les rideaux avec les poubelles que j' aime beaucoup ne sont probablement pas déformés <eos>,13,déformés,déformées,11,F,déformés,-10.97833,déformées,-10.494693,0
6936,P_NOUN_8_PASS_b,M,P,les rideaux avec les poubelles que j' aime beaucoup ne sont probablement pas fixés <eos>,13,fixés,fixées,11,F,fixés,-8.542007,fixées,-10.626316,1
6937,P_NOUN_8_PASS_b,M,P,les rideaux avec les poubelles que j' aime beaucoup ne sont probablement pas jetés <eos>,13,jetés,jetées,11,F,jetés,-7.2920084,jetées,-10.819265,1
6938,P_NOUN_8_PASS_b,M,P,les rideaux avec les poubelles que j' aime beaucoup ne sont probablement pas laissés <eos>,13,laissés,laissées,11,F,laissés,-7.630067,laissées,-10.567406,1
6939,P_NOUN_8_PASS_b,M,P,les rideaux avec les poubelles que j' aime beaucoup ne sont probablement pas ouverts <eos>,13,ouverts,ouvertes,11,F,ouverts,-6.7549973,ouvertes,-9.969701,1
6940,P_NOUN_8_PASS_b,M,P,les rideaux avec les poubelles que j' aime beaucoup ne sont probablement pas perdus <eos>,13,perdus,perdues,11,F,perdus,-6.6810036,perdues,-9.962938,1
6941,P_NOUN_8_PASS_b,M,P,les rideaux avec les poubelles que j' aime beaucoup ne sont probablement pas réparés <eos>,13,réparés,réparées,11,F,réparés,-10.545955,réparées,-10.955121,1
6942,P_NOUN_8_PASS_b,M,P,les rideaux avec les poubelles que j' aime beaucoup ne sont probablement pas retirés <eos>,13,retirés,retirées,11,F,retirés,-9.13448,retirées,-10.514745,1
6943,P_NOUN_8_PASS_b,M,P,les rideaux avec les poubelles que j' aime beaucoup ne sont probablement pas tombés <eos>,13,tombés,tombées,11,F,tombés,-6.6839447,tombées,-10.4391365,1
6944,P_NOUN_8_PASS_b,M,P,les rideaux avec les poubelles que j' aime beaucoup ne sont probablement pas utilisés <eos>,13,utilisés,utilisées,11,F,utilisés,-5.600835,utilisées,-8.554341,1
6945,P_NOUN_8_PASS_b,M,P,les rideaux avec les chemises que j' aime beaucoup ne sont probablement pas achetés <eos>,13,achetés,achetées,11,F,achetés,-9.373627,achetées,-13.004663,1
6946,P_NOUN_8_PASS_b,M,P,les rideaux avec les chemises que j' aime beaucoup ne sont probablement pas brisés <eos>,13,brisés,brisées,11,F,brisés,-10.06618,brisées,-11.275268,1
6947,P_NOUN_8_PASS_b,M,P,les rideaux avec les chemises que j' aime beaucoup ne sont probablement pas cachés <eos>,13,cachés,cachées,11,F,cachés,-7.556421,cachées,-10.105583,1
6948,P_NOUN_8_PASS_b,M,P,les rideaux avec les chemises que j' aime beaucoup ne sont probablement pas cassés <eos>,13,cassés,cassées,11,F,cassés,-9.759449,cassées,-10.018712,1
6949,P_NOUN_8_PASS_b,M,P,les rideaux avec les chemises que j' aime beaucoup ne sont probablement pas couverts <eos>,13,couverts,couvertes,11,F,couverts,-7.209114,couvertes,-10.495246,1
6950,P_NOUN_8_PASS_b,M,P,les rideaux avec les chemises que j' aime beaucoup ne sont probablement pas déformés <eos>,13,déformés,déformées,11,F,déformés,-10.84733,déformées,-10.372399,0
6951,P_NOUN_8_PASS_b,M,P,les rideaux avec les chemises que j' aime beaucoup ne sont probablement pas fixés <eos>,13,fixés,fixées,11,F,fixés,-8.6701145,fixées,-10.307594,1
6952,P_NOUN_8_PASS_b,M,P,les rideaux avec les chemises que j' aime beaucoup ne sont probablement pas jetés <eos>,13,jetés,jetées,11,F,jetés,-7.611143,jetées,-10.376142,1
6953,P_NOUN_8_PASS_b,M,P,les rideaux avec les chemises que j' aime beaucoup ne sont probablement pas laissés <eos>,13,laissés,laissées,11,F,laissés,-7.8073654,laissées,-10.722354,1
6954,P_NOUN_8_PASS_b,M,P,les rideaux avec les chemises que j' aime beaucoup ne sont probablement pas ouverts <eos>,13,ouverts,ouvertes,11,F,ouverts,-7.792118,ouvertes,-10.838373,1
6955,P_NOUN_8_PASS_b,M,P,les rideaux avec les chemises que j' aime beaucoup ne sont probablement pas perdus <eos>,13,perdus,perdues,11,F,perdus,-6.834629,perdues,-9.795845,1
6956,P_NOUN_8_PASS_b,M,P,les rideaux avec les chemises que j' aime beaucoup ne sont probablement pas réparés <eos>,13,réparés,réparées,11,F,réparés,-10.918325,réparées,-11.439266,1
6957,P_NOUN_8_PASS_b,M,P,les rideaux avec les chemises que j' aime beaucoup ne sont probablement pas retirés <eos>,13,retirés,retirées,11,F,retirés,-9.216413,retirées,-10.285757,1
6958,P_NOUN_8_PASS_b,M,P,les rideaux avec les chemises que j' aime beaucoup ne sont probablement pas tombés <eos>,13,tombés,tombées,11,F,tombés,-6.177368,tombées,-9.878902,1
6959,P_NOUN_8_PASS_b,M,P,les rideaux avec les chemises que j' aime beaucoup ne sont probablement pas utilisés <eos>,13,utilisés,utilisées,11,F,utilisés,-5.50811,utilisées,-8.357352,1
6960,P_NOUN_8_PASS_b,M,P,les rideaux avec les recettes que j' aime beaucoup ne sont probablement pas achetés <eos>,13,achetés,achetées,11,F,achetés,-8.706823,achetées,-12.494476,1
6961,P_NOUN_8_PASS_b,M,P,les rideaux avec les recettes que j' aime beaucoup ne sont probablement pas brisés <eos>,13,brisés,brisées,11,F,brisés,-10.6569805,brisées,-11.757162,1
6962,P_NOUN_8_PASS_b,M,P,les rideaux avec les recettes que j' aime beaucoup ne sont probablement pas cachés <eos>,13,cachés,cachées,11,F,cachés,-7.564307,cachées,-10.923381,1
6963,P_NOUN_8_PASS_b,M,P,les rideaux avec les recettes que j' aime beaucoup ne sont probablement pas cassés <eos>,13,cassés,cassées,11,F,cassés,-9.590168,cassées,-11.184014,1
6964,P_NOUN_8_PASS_b,M,P,les rideaux avec les recettes que j' aime beaucoup ne sont probablement pas couverts <eos>,13,couverts,couvertes,11,F,couverts,-7.0101643,couvertes,-10.825401,1
6965,P_NOUN_8_PASS_b,M,P,les rideaux avec les recettes que j' aime beaucoup ne sont probablement pas déformés <eos>,13,déformés,déformées,11,F,déformés,-11.710266,déformées,-11.236979,0
6966,P_NOUN_8_PASS_b,M,P,les rideaux avec les recettes que j' aime beaucoup ne sont probablement pas fixés <eos>,13,fixés,fixées,11,F,fixés,-8.092335,fixées,-11.156231,1
6967,P_NOUN_8_PASS_b,M,P,les rideaux avec les recettes que j' aime beaucoup ne sont probablement pas jetés <eos>,13,jetés,jetées,11,F,jetés,-7.9201403,jetées,-11.621835,1
6968,P_NOUN_8_PASS_b,M,P,les rideaux avec les recettes que j' aime beaucoup ne sont probablement pas laissés <eos>,13,laissés,laissées,11,F,laissés,-8.191643,laissées,-10.672625,1
6969,P_NOUN_8_PASS_b,M,P,les rideaux avec les recettes que j' aime beaucoup ne sont probablement pas ouverts <eos>,13,ouverts,ouvertes,11,F,ouverts,-7.489794,ouvertes,-11.146682,1
6970,P_NOUN_8_PASS_b,M,P,les rideaux avec les recettes que j' aime beaucoup ne sont probablement pas perdus <eos>,13,perdus,perdues,11,F,perdus,-6.809693,perdues,-10.186214,1
6971,P_NOUN_8_PASS_b,M,P,les rideaux avec les recettes que j' aime beaucoup ne sont probablement pas réparés <eos>,13,réparés,réparées,11,F,réparés,-10.724502,réparées,-11.565925,1
6972,P_NOUN_8_PASS_b,M,P,les rideaux avec les recettes que j' aime beaucoup ne sont probablement pas retirés <eos>,13,retirés,retirées,11,F,retirés,-9.267958,retirées,-10.66458,1
6973,P_NOUN_8_PASS_b,M,P,les rideaux avec les recettes que j' aime beaucoup ne sont probablement pas tombés <eos>,13,tombés,tombées,11,F,tombés,-6.865198,tombées,-10.775231,1
6974,P_NOUN_8_PASS_b,M,P,les rideaux avec les recettes que j' aime beaucoup ne sont probablement pas utilisés <eos>,13,utilisés,utilisées,11,F,utilisés,-5.634431,utilisées,-8.824371,1
6975,P_NOUN_8_PASS_b,M,P,les rideaux avec les jupes que j' aime beaucoup ne sont probablement pas achetés <eos>,13,achetés,achetées,11,F,achetés,-9.333618,achetées,-12.953249,1
6976,P_NOUN_8_PASS_b,M,P,les rideaux avec les jupes que j' aime beaucoup ne sont probablement pas brisés <eos>,13,brisés,brisées,11,F,brisés,-10.113958,brisées,-11.518719,1
6977,P_NOUN_8_PASS_b,M,P,les rideaux avec les jupes que j' aime beaucoup ne sont probablement pas cachés <eos>,13,cachés,cachées,11,F,cachés,-7.6363335,cachées,-10.489434,1
6978,P_NOUN_8_PASS_b,M,P,les rideaux avec les jupes que j' aime beaucoup ne sont probablement pas cassés <eos>,13,cassés,cassées,11,F,cassés,-9.457207,cassées,-10.038003,1
6979,P_NOUN_8_PASS_b,M,P,les rideaux avec les jupes que j' aime beaucoup ne sont probablement pas couverts <eos>,13,couverts,couvertes,11,F,couverts,-7.1547337,couvertes,-10.418952,1
6980,P_NOUN_8_PASS_b,M,P,les rideaux avec les jupes que j' aime beaucoup ne sont probablement pas déformés <eos>,13,déformés,déformées,11,F,déformés,-10.740919,déformées,-10.335707,0
6981,P_NOUN_8_PASS_b,M,P,les rideaux avec les jupes que j' aime beaucoup ne sont probablement pas fixés <eos>,13,fixés,fixées,11,F,fixés,-8.279152,fixées,-10.496401,1
6982,P_NOUN_8_PASS_b,M,P,les rideaux avec les jupes que j' aime beaucoup ne sont probablement pas jetés <eos>,13,jetés,jetées,11,F,jetés,-8.054982,jetées,-11.2973175,1
6983,P_NOUN_8_PASS_b,M,P,les rideaux avec les jupes que j' aime beaucoup ne sont probablement pas laissés <eos>,13,laissés,laissées,11,F,laissés,-8.36784,laissées,-10.944295,1
6984,P_NOUN_8_PASS_b,M,P,les rideaux avec les jupes que j' aime beaucoup ne sont probablement pas ouverts <eos>,13,ouverts,ouvertes,11,F,ouverts,-7.148584,ouvertes,-10.595844,1
6985,P_NOUN_8_PASS_b,M,P,les rideaux avec les jupes que j' aime beaucoup ne sont probablement pas perdus <eos>,13,perdus,perdues,11,F,perdus,-6.99428,perdues,-10.519819,1
6986,P_NOUN_8_PASS_b,M,P,les rideaux avec les jupes que j' aime beaucoup ne sont probablement pas réparés <eos>,13,réparés,réparées,11,F,réparés,-10.996225,réparées,-11.372205,1
6987,P_NOUN_8_PASS_b,M,P,les rideaux avec les jupes que j' aime beaucoup ne sont probablement pas retirés <eos>,13,retirés,retirées,11,F,retirés,-9.408699,retirées,-10.466298,1
6988,P_NOUN_8_PASS_b,M,P,les rideaux avec les jupes que j' aime beaucoup ne sont probablement pas tombés <eos>,13,tombés,tombées,11,F,tombés,-6.905092,tombées,-10.525919,1
6989,P_NOUN_8_PASS_b,M,P,les rideaux avec les jupes que j' aime beaucoup ne sont probablement pas utilisés <eos>,13,utilisés,utilisées,11,F,utilisés,-5.495377,utilisées,-8.585062,1
6990,P_NOUN_8_PASS_b,M,P,les rideaux avec les colles que j' aime beaucoup ne sont probablement pas achetés <eos>,13,achetés,achetées,11,F,achetés,-9.501137,achetées,-13.126743,1
6991,P_NOUN_8_PASS_b,M,P,les rideaux avec les colles que j' aime beaucoup ne sont probablement pas brisés <eos>,13,brisés,brisées,11,F,brisés,-10.2165165,brisées,-11.476346,1
6992,P_NOUN_8_PASS_b,M,P,les rideaux avec les colles que j' aime beaucoup ne sont probablement pas cachés <eos>,13,cachés,cachées,11,F,cachés,-8.174985,cachées,-10.682493,1
6993,P_NOUN_8_PASS_b,M,P,les rideaux avec les colles que j' aime beaucoup ne sont probablement pas cassés <eos>,13,cassés,cassées,11,F,cassés,-9.122514,cassées,-10.239452,1
6994,P_NOUN_8_PASS_b,M,P,les rideaux avec les colles que j' aime beaucoup ne sont probablement pas couverts <eos>,13,couverts,couvertes,11,F,couverts,-7.1487713,couvertes,-10.215253,1
6995,P_NOUN_8_PASS_b,M,P,les rideaux avec les colles que j' aime beaucoup ne sont probablement pas déformés <eos>,13,déformés,déformées,11,F,déformés,-11.145988,déformées,-9.882368,0
6996,P_NOUN_8_PASS_b,M,P,les rideaux avec les colles que j' aime beaucoup ne sont probablement pas fixés <eos>,13,fixés,fixées,11,F,fixés,-8.577684,fixées,-10.746846,1
6997,P_NOUN_8_PASS_b,M,P,les rideaux avec les colles que j' aime beaucoup ne sont probablement pas jetés <eos>,13,jetés,jetées,11,F,jetés,-8.38273,jetées,-11.574771,1
6998,P_NOUN_8_PASS_b,M,P,les rideaux avec les colles que j' aime beaucoup ne sont probablement pas laissés <eos>,13,laissés,laissées,11,F,laissés,-8.366333,laissées,-10.233816,1
6999,P_NOUN_8_PASS_b,M,P,les rideaux avec les colles que j' aime beaucoup ne sont probablement pas ouverts <eos>,13,ouverts,ouvertes,11,F,ouverts,-7.305997,ouvertes,-10.383116,1
7000,P_NOUN_8_PASS_b,M,P,les rideaux avec les colles que j' aime beaucoup ne sont probablement pas perdus <eos>,13,perdus,perdues,11,F,perdus,-7.1390696,perdues,-10.2380295,1
7001,P_NOUN_8_PASS_b,M,P,les rideaux avec les colles que j' aime beaucoup ne sont probablement pas réparés <eos>,13,réparés,réparées,11,F,réparés,-10.603922,réparées,-10.868988,1
7002,P_NOUN_8_PASS_b,M,P,les rideaux avec les colles que j' aime beaucoup ne sont probablement pas retirés <eos>,13,retirés,retirées,11,F,retirés,-9.1740465,retirées,-10.4543,1
7003,P_NOUN_8_PASS_b,M,P,les rideaux avec les colles que j' aime beaucoup ne sont probablement pas tombés <eos>,13,tombés,tombées,11,F,tombés,-7.4928226,tombées,-10.694642,1
7004,P_NOUN_8_PASS_b,M,P,les rideaux avec les colles que j' aime beaucoup ne sont probablement pas utilisés <eos>,13,utilisés,utilisées,11,F,utilisés,-5.1608686,utilisées,-7.9118996,1
7005,P_NOUN_8_PASS_b,M,P,les rideaux avec les lampes que j' aime beaucoup ne sont probablement pas achetés <eos>,13,achetés,achetées,11,F,achetés,-9.303094,achetées,-13.355272,1
7006,P_NOUN_8_PASS_b,M,P,les rideaux avec les lampes que j' aime beaucoup ne sont probablement pas brisés <eos>,13,brisés,brisées,11,F,brisés,-9.979335,brisées,-11.460339,1
7007,P_NOUN_8_PASS_b,M,P,les rideaux avec les lampes que j' aime beaucoup ne sont probablement pas cachés <eos>,13,cachés,cachées,11,F,cachés,-7.2418656,cachées,-10.311441,1
7008,P_NOUN_8_PASS_b,M,P,les rideaux avec les lampes que j' aime beaucoup ne sont probablement pas cassés <eos>,13,cassés,cassées,11,F,cassés,-9.612712,cassées,-10.312278,1
7009,P_NOUN_8_PASS_b,M,P,les rideaux avec les lampes que j' aime beaucoup ne sont probablement pas couverts <eos>,13,couverts,couvertes,11,F,couverts,-7.271301,couvertes,-10.685308,1
7010,P_NOUN_8_PASS_b,M,P,les rideaux avec les lampes que j' aime beaucoup ne sont probablement pas déformés <eos>,13,déformés,déformées,11,F,déformés,-10.450202,déformées,-9.734829,0
7011,P_NOUN_8_PASS_b,M,P,les rideaux avec les lampes que j' aime beaucoup ne sont probablement pas fixés <eos>,13,fixés,fixées,11,F,fixés,-8.258703,fixées,-10.3524065,1
7012,P_NOUN_8_PASS_b,M,P,les rideaux avec les lampes que j' aime beaucoup ne sont probablement pas jetés <eos>,13,jetés,jetées,11,F,jetés,-7.512125,jetées,-10.967346,1
7013,P_NOUN_8_PASS_b,M,P,les rideaux avec les lampes que j' aime beaucoup ne sont probablement pas laissés <eos>,13,laissés,laissées,11,F,laissés,-8.144251,laissées,-11.094584,1
7014,P_NOUN_8_PASS_b,M,P,les rideaux avec les lampes que j' aime beaucoup ne sont probablement pas ouverts <eos>,13,ouverts,ouvertes,11,F,ouverts,-7.3140206,ouvertes,-10.753616,1
7015,P_NOUN_8_PASS_b,M,P,les rideaux avec les lampes que j' aime beaucoup ne sont probablement pas perdus <eos>,13,perdus,perdues,11,F,perdus,-6.7319336,perdues,-10.022855,1
7016,P_NOUN_8_PASS_b,M,P,les rideaux avec les lampes que j' aime beaucoup ne sont probablement pas réparés <eos>,13,réparés,réparées,11,F,réparés,-10.949207,réparées,-11.208176,1
7017,P_NOUN_8_PASS_b,M,P,les rideaux avec les lampes que j' aime beaucoup ne sont probablement pas retirés <eos>,13,retirés,retirées,11,F,retirés,-9.1507,retirées,-10.235855,1
7018,P_NOUN_8_PASS_b,M,P,les rideaux avec les lampes que j' aime beaucoup ne sont probablement pas tombés <eos>,13,tombés,tombées,11,F,tombés,-6.9353223,tombées,-10.310822,1
7019,P_NOUN_8_PASS_b,M,P,les rideaux avec les lampes que j' aime beaucoup ne sont probablement pas utilisés <eos>,13,utilisés,utilisées,11,F,utilisés,-5.0598125,utilisées,-8.321087,1
7020,P_NOUN_8_PASS_b,M,P,les rideaux avec les bouteilles que j' aime beaucoup ne sont probablement pas achetés <eos>,13,achetés,achetées,11,F,achetés,-8.895398,achetées,-12.460721,1
7021,P_NOUN_8_PASS_b,M,P,les rideaux avec les bouteilles que j' aime beaucoup ne sont probablement pas brisés <eos>,13,brisés,brisées,11,F,brisés,-10.425106,brisées,-11.5785885,1
7022,P_NOUN_8_PASS_b,M,P,les rideaux avec les bouteilles que j' aime beaucoup ne sont probablement pas cachés <eos>,13,cachés,cachées,11,F,cachés,-7.308645,cachées,-10.515795,1
7023,P_NOUN_8_PASS_b,M,P,les rideaux avec les bouteilles que j' aime beaucoup ne sont probablement pas cassés <eos>,13,cassés,cassées,11,F,cassés,-9.277654,cassées,-10.3183,1
7024,P_NOUN_8_PASS_b,M,P,les rideaux avec les bouteilles que j' aime beaucoup ne sont probablement pas couverts <eos>,13,couverts,couvertes,11,F,couverts,-7.0795193,couvertes,-10.671482,1
7025,P_NOUN_8_PASS_b,M,P,les rideaux avec les bouteilles que j' aime beaucoup ne sont probablement pas déformés <eos>,13,déformés,déformées,11,F,déformés,-11.072866,déformées,-10.379631,0
7026,P_NOUN_8_PASS_b,M,P,les rideaux avec les bouteilles que j' aime beaucoup ne sont probablement pas fixés <eos>,13,fixés,fixées,11,F,fixés,-8.500807,fixées,-11.050819,1
7027,P_NOUN_8_PASS_b,M,P,les rideaux avec les bouteilles que j' aime beaucoup ne sont probablement pas jetés <eos>,13,jetés,jetées,11,F,jetés,-7.742733,jetées,-11.623333,1
7028,P_NOUN_8_PASS_b,M,P,les rideaux avec les bouteilles que j' aime beaucoup ne sont probablement pas laissés <eos>,13,laissés,laissées,11,F,laissés,-8.095945,laissées,-10.579063,1
7029,P_NOUN_8_PASS_b,M,P,les rideaux avec les bouteilles que j' aime beaucoup ne sont probablement pas ouverts <eos>,13,ouverts,ouvertes,11,F,ouverts,-7.1850796,ouvertes,-10.699333,1
7030,P_NOUN_8_PASS_b,M,P,les rideaux avec les bouteilles que j' aime beaucoup ne sont probablement pas perdus <eos>,13,perdus,perdues,11,F,perdus,-6.700159,perdues,-10.144086,1
7031,P_NOUN_8_PASS_b,M,P,les rideaux avec les bouteilles que j' aime beaucoup ne sont probablement pas réparés <eos>,13,réparés,réparées,11,F,réparés,-11.087805,réparées,-11.390551,1
7032,P_NOUN_8_PASS_b,M,P,les rideaux avec les bouteilles que j' aime beaucoup ne sont probablement pas retirés <eos>,13,retirés,retirées,11,F,retirés,-9.284604,retirées,-10.602277,1
7033,P_NOUN_8_PASS_b,M,P,les rideaux avec les bouteilles que j' aime beaucoup ne sont probablement pas tombés <eos>,13,tombés,tombées,11,F,tombés,-7.052837,tombées,-10.597294,1
7034,P_NOUN_8_PASS_b,M,P,les rideaux avec les bouteilles que j' aime beaucoup ne sont probablement pas utilisés <eos>,13,utilisés,utilisées,11,F,utilisés,-5.6201687,utilisées,-8.668161,1
7035,P_NOUN_8_PASS_b,M,P,les rideaux avec les boissons que j' aime beaucoup ne sont probablement pas achetés <eos>,13,achetés,achetées,11,F,achetés,-8.916785,achetées,-11.838776,1
7036,P_NOUN_8_PASS_b,M,P,les rideaux avec les boissons que j' aime beaucoup ne sont probablement pas brisés <eos>,13,brisés,brisées,11,F,brisés,-11.029118,brisées,-11.010756,0
7037,P_NOUN_8_PASS_b,M,P,les rideaux avec les boissons que j' aime beaucoup ne sont probablement pas cachés <eos>,13,cachés,cachées,11,F,cachés,-7.713242,cachées,-9.957853,1
7038,P_NOUN_8_PASS_b,M,P,les rideaux avec les boissons que j' aime beaucoup ne sont probablement pas cassés <eos>,13,cassés,cassées,11,F,cassés,-9.518126,cassées,-9.94919,1
7039,P_NOUN_8_PASS_b,M,P,les rideaux avec les boissons que j' aime beaucoup ne sont probablement pas couverts <eos>,13,couverts,couvertes,11,F,couverts,-6.9455605,couvertes,-9.514673,1
7040,P_NOUN_8_PASS_b,M,P,les rideaux avec les boissons que j' aime beaucoup ne sont probablement pas déformés <eos>,13,déformés,déformées,11,F,déformés,-11.875334,déformées,-10.124851,0
7041,P_NOUN_8_PASS_b,M,P,les rideaux avec les boissons que j' aime beaucoup ne sont probablement pas fixés <eos>,13,fixés,fixées,11,F,fixés,-8.728837,fixées,-10.357096,1
7042,P_NOUN_8_PASS_b,M,P,les rideaux avec les boissons que j' aime beaucoup ne sont probablement pas jetés <eos>,13,jetés,jetées,11,F,jetés,-8.083774,jetées,-10.268715,1
7043,P_NOUN_8_PASS_b,M,P,les rideaux avec les boissons que j' aime beaucoup ne sont probablement pas laissés <eos>,13,laissés,laissées,11,F,laissés,-8.018658,laissées,-9.276815,1
7044,P_NOUN_8_PASS_b,M,P,les rideaux avec les boissons que j' aime beaucoup ne sont probablement pas ouverts <eos>,13,ouverts,ouvertes,11,F,ouverts,-7.7202044,ouvertes,-9.878699,1
7045,P_NOUN_8_PASS_b,M,P,les rideaux avec les boissons que j' aime beaucoup ne sont probablement pas perdus <eos>,13,perdus,perdues,11,F,perdus,-7.2889833,perdues,-9.335415,1
7046,P_NOUN_8_PASS_b,M,P,les rideaux avec les boissons que j' aime beaucoup ne sont probablement pas réparés <eos>,13,réparés,réparées,11,F,réparés,-10.90191,réparées,-10.854571,0
7047,P_NOUN_8_PASS_b,M,P,les rideaux avec les boissons que j' aime beaucoup ne sont probablement pas retirés <eos>,13,retirés,retirées,11,F,retirés,-9.308479,retirées,-9.823532,1
7048,P_NOUN_8_PASS_b,M,P,les rideaux avec les boissons que j' aime beaucoup ne sont probablement pas tombés <eos>,13,tombés,tombées,11,F,tombés,-6.976695,tombées,-9.908306,1
7049,P_NOUN_8_PASS_b,M,P,les rideaux avec les boissons que j' aime beaucoup ne sont probablement pas utilisés <eos>,13,utilisés,utilisées,11,F,utilisés,-5.2233725,utilisées,-7.226719,1
7050,P_NOUN_8_PASS_b,M,P,les rideaux avec les pommes que j' aime beaucoup ne sont probablement pas achetés <eos>,13,achetés,achetées,11,F,achetés,-8.622506,achetées,-11.495412,1
7051,P_NOUN_8_PASS_b,M,P,les rideaux avec les pommes que j' aime beaucoup ne sont probablement pas brisés <eos>,13,brisés,brisées,11,F,brisés,-10.521203,brisées,-10.911078,1
7052,P_NOUN_8_PASS_b,M,P,les rideaux avec les pommes que j' aime beaucoup ne sont probablement pas cachés <eos>,13,cachés,cachées,11,F,cachés,-7.4729543,cachées,-9.5491905,1
7053,P_NOUN_8_PASS_b,M,P,les rideaux avec les pommes que j' aime beaucoup ne sont probablement pas cassés <eos>,13,cassés,cassées,11,F,cassés,-8.97458,cassées,-9.919685,1
7054,P_NOUN_8_PASS_b,M,P,les rideaux avec les pommes que j' aime beaucoup ne sont probablement pas couverts <eos>,13,couverts,couvertes,11,F,couverts,-6.9957194,couvertes,-9.717945,1
7055,P_NOUN_8_PASS_b,M,P,les rideaux avec les pommes que j' aime beaucoup ne sont probablement pas déformés <eos>,13,déformés,déformées,11,F,déformés,-11.692194,déformées,-10.276156,0
7056,P_NOUN_8_PASS_b,M,P,les rideaux avec les pommes que j' aime beaucoup ne sont probablement pas fixés <eos>,13,fixés,fixées,11,F,fixés,-8.759974,fixées,-10.564749,1
7057,P_NOUN_8_PASS_b,M,P,les rideaux avec les pommes que j' aime beaucoup ne sont probablement pas jetés <eos>,13,jetés,jetées,11,F,jetés,-8.140543,jetées,-10.094393,1
7058,P_NOUN_8_PASS_b,M,P,les rideaux avec les pommes que j' aime beaucoup ne sont probablement pas laissés <eos>,13,laissés,laissées,11,F,laissés,-7.53201,laissées,-9.709373,1
7059,P_NOUN_8_PASS_b,M,P,les rideaux avec les pommes que j' aime beaucoup ne sont probablement pas ouverts <eos>,13,ouverts,ouvertes,11,F,ouverts,-7.789262,ouvertes,-10.218505,1
7060,P_NOUN_8_PASS_b,M,P,les rideaux avec les pommes que j' aime beaucoup ne sont probablement pas perdus <eos>,13,perdus,perdues,11,F,perdus,-7.1341515,perdues,-9.22629,1
7061,P_NOUN_8_PASS_b,M,P,les rideaux avec les pommes que j' aime beaucoup ne sont probablement pas réparés <eos>,13,réparés,réparées,11,F,réparés,-11.03967,réparées,-11.110506,1
7062,P_NOUN_8_PASS_b,M,P,les rideaux avec les pommes que j' aime beaucoup ne sont probablement pas retirés <eos>,13,retirés,retirées,11,F,retirés,-9.185751,retirées,-9.970122,1
7063,P_NOUN_8_PASS_b,M,P,les rideaux avec les pommes que j' aime beaucoup ne sont probablement pas tombés <eos>,13,tombés,tombées,11,F,tombés,-6.5788093,tombées,-9.337999,1
7064,P_NOUN_8_PASS_b,M,P,les rideaux avec les pommes que j' aime beaucoup ne sont probablement pas utilisés <eos>,13,utilisés,utilisées,11,F,utilisés,-5.6143017,utilisées,-7.6443005,1
7065,P_NOUN_8_PASS_b,M,P,les rideaux avec les tasses que j' aime beaucoup ne sont probablement pas achetés <eos>,13,achetés,achetées,11,F,achetés,-9.214134,achetées,-12.49886,1
7066,P_NOUN_8_PASS_b,M,P,les rideaux avec les tasses que j' aime beaucoup ne sont probablement pas brisés <eos>,13,brisés,brisées,11,F,brisés,-9.89791,brisées,-11.121197,1
7067,P_NOUN_8_PASS_b,M,P,les rideaux avec les tasses que j' aime beaucoup ne sont probablement pas cachés <eos>,13,cachés,cachées,11,F,cachés,-7.932105,cachées,-10.3565645,1
7068,P_NOUN_8_PASS_b,M,P,les rideaux avec les tasses que j' aime beaucoup ne sont probablement pas cassés <eos>,13,cassés,cassées,11,F,cassés,-9.138025,cassées,-10.124471,1
7069,P_NOUN_8_PASS_b,M,P,les rideaux avec les tasses que j' aime beaucoup ne sont probablement pas couverts <eos>,13,couverts,couvertes,11,F,couverts,-6.64282,couvertes,-10.082927,1
7070,P_NOUN_8_PASS_b,M,P,les rideaux avec les tasses que j' aime beaucoup ne sont probablement pas déformés <eos>,13,déformés,déformées,11,F,déformés,-11.056383,déformées,-10.155481,0
7071,P_NOUN_8_PASS_b,M,P,les rideaux avec les tasses que j' aime beaucoup ne sont probablement pas fixés <eos>,13,fixés,fixées,11,F,fixés,-8.531806,fixées,-10.613379,1
7072,P_NOUN_8_PASS_b,M,P,les rideaux avec les tasses que j' aime beaucoup ne sont probablement pas jetés <eos>,13,jetés,jetées,11,F,jetés,-7.8111963,jetées,-11.204387,1
7073,P_NOUN_8_PASS_b,M,P,les rideaux avec les tasses que j' aime beaucoup ne sont probablement pas laissés <eos>,13,laissés,laissées,11,F,laissés,-7.936694,laissées,-9.971972,1
7074,P_NOUN_8_PASS_b,M,P,les rideaux avec les tasses que j' aime beaucoup ne sont probablement pas ouverts <eos>,13,ouverts,ouvertes,11,F,ouverts,-7.145047,ouvertes,-10.280445,1
7075,P_NOUN_8_PASS_b,M,P,les rideaux avec les tasses que j' aime beaucoup ne sont probablement pas perdus <eos>,13,perdus,perdues,11,F,perdus,-6.600375,perdues,-9.809891,1
7076,P_NOUN_8_PASS_b,M,P,les rideaux avec les tasses que j' aime beaucoup ne sont probablement pas réparés <eos>,13,réparés,réparées,11,F,réparés,-10.756451,réparées,-10.920643,1
7077,P_NOUN_8_PASS_b,M,P,les rideaux avec les tasses que j' aime beaucoup ne sont probablement pas retirés <eos>,13,retirés,retirées,11,F,retirés,-9.130524,retirées,-10.282205,1
7078,P_NOUN_8_PASS_b,M,P,les rideaux avec les tasses que j' aime beaucoup ne sont probablement pas tombés <eos>,13,tombés,tombées,11,F,tombés,-6.921629,tombées,-10.25558,1
7079,P_NOUN_8_PASS_b,M,P,les rideaux avec les tasses que j' aime beaucoup ne sont probablement pas utilisés <eos>,13,utilisés,utilisées,11,F,utilisés,-5.491436,utilisées,-8.259679,1
7080,P_NOUN_8_PASS_b,M,P,les rideaux avec les bougies que j' aime beaucoup ne sont probablement pas achetés <eos>,13,achetés,achetées,11,F,achetés,-9.505486,achetées,-12.714444,1
7081,P_NOUN_8_PASS_b,M,P,les rideaux avec les bougies que j' aime beaucoup ne sont probablement pas brisés <eos>,13,brisés,brisées,11,F,brisés,-10.096413,brisées,-11.5666065,1
7082,P_NOUN_8_PASS_b,M,P,les rideaux avec les bougies que j' aime beaucoup ne sont probablement pas cachés <eos>,13,cachés,cachées,11,F,cachés,-7.193473,cachées,-10.202007,1
7083,P_NOUN_8_PASS_b,M,P,les rideaux avec les bougies que j' aime beaucoup ne sont probablement pas cassés <eos>,13,cassés,cassées,11,F,cassés,-9.444998,cassées,-10.567657,1
7084,P_NOUN_8_PASS_b,M,P,les rideaux avec les bougies que j' aime beaucoup ne sont probablement pas couverts <eos>,13,couverts,couvertes,11,F,couverts,-7.233917,couvertes,-10.791101,1
7085,P_NOUN_8_PASS_b,M,P,les rideaux avec les bougies que j' aime beaucoup ne sont probablement pas déformés <eos>,13,déformés,déformées,11,F,déformés,-10.917359,déformées,-10.526833,0
7086,P_NOUN_8_PASS_b,M,P,les rideaux avec les bougies que j' aime beaucoup ne sont probablement pas fixés <eos>,13,fixés,fixées,11,F,fixés,-8.359031,fixées,-10.557076,1
7087,P_NOUN_8_PASS_b,M,P,les rideaux avec les bougies que j' aime beaucoup ne sont probablement pas jetés <eos>,13,jetés,jetées,11,F,jetés,-7.4658995,jetées,-10.973831,1
7088,P_NOUN_8_PASS_b,M,P,les rideaux avec les bougies que j' aime beaucoup ne sont probablement pas laissés <eos>,13,laissés,laissées,11,F,laissés,-7.89327,laissées,-10.987001,1
7089,P_NOUN_8_PASS_b,M,P,les rideaux avec les bougies que j' aime beaucoup ne sont probablement pas ouverts <eos>,13,ouverts,ouvertes,11,F,ouverts,-7.519561,ouvertes,-10.739147,1
7090,P_NOUN_8_PASS_b,M,P,les rideaux avec les bougies que j' aime beaucoup ne sont probablement pas perdus <eos>,13,perdus,perdues,11,F,perdus,-6.6830025,perdues,-10.064192,1
7091,P_NOUN_8_PASS_b,M,P,les rideaux avec les bougies que j' aime beaucoup ne sont probablement pas réparés <eos>,13,réparés,réparées,11,F,réparés,-10.820459,réparées,-11.431793,1
7092,P_NOUN_8_PASS_b,M,P,les rideaux avec les bougies que j' aime beaucoup ne sont probablement pas retirés <eos>,13,retirés,retirées,11,F,retirés,-9.106814,retirées,-10.503811,1
7093,P_NOUN_8_PASS_b,M,P,les rideaux avec les bougies que j' aime beaucoup ne sont probablement pas tombés <eos>,13,tombés,tombées,11,F,tombés,-5.8203154,tombées,-10.073062,1
7094,P_NOUN_8_PASS_b,M,P,les rideaux avec les bougies que j' aime beaucoup ne sont probablement pas utilisés <eos>,13,utilisés,utilisées,11,F,utilisés,-5.520027,utilisées,-8.547721,1
7095,P_NOUN_8_PASS_b,M,P,les rideaux avec les pochettes que j' aime beaucoup ne sont probablement pas achetés <eos>,13,achetés,achetées,11,F,achetés,-9.192421,achetées,-11.916531,1
7096,P_NOUN_8_PASS_b,M,P,les rideaux avec les pochettes que j' aime beaucoup ne sont probablement pas brisés <eos>,13,brisés,brisées,11,F,brisés,-10.58097,brisées,-11.520022,1
7097,P_NOUN_8_PASS_b,M,P,les rideaux avec les pochettes que j' aime beaucoup ne sont probablement pas cachés <eos>,13,cachés,cachées,11,F,cachés,-8.025382,cachées,-10.183324,1
7098,P_NOUN_8_PASS_b,M,P,les rideaux avec les pochettes que j' aime beaucoup ne sont probablement pas cassés <eos>,13,cassés,cassées,11,F,cassés,-10.332349,cassées,-10.825948,1
7099,P_NOUN_8_PASS_b,M,P,les rideaux avec les pochettes que j' aime beaucoup ne sont probablement pas couverts <eos>,13,couverts,couvertes,11,F,couverts,-7.9691324,couvertes,-10.508134,1
7100,P_NOUN_8_PASS_b,M,P,les rideaux avec les pochettes que j' aime beaucoup ne sont probablement pas déformés <eos>,13,déformés,déformées,11,F,déformés,-11.087455,déformées,-9.909634,0
7101,P_NOUN_8_PASS_b,M,P,les rideaux avec les pochettes que j' aime beaucoup ne sont probablement pas fixés <eos>,13,fixés,fixées,11,F,fixés,-9.181339,fixées,-11.169135,1
7102,P_NOUN_8_PASS_b,M,P,les rideaux avec les pochettes que j' aime beaucoup ne sont probablement pas jetés <eos>,13,jetés,jetées,11,F,jetés,-8.556722,jetées,-12.135438,1
7103,P_NOUN_8_PASS_b,M,P,les rideaux avec les pochettes que j' aime beaucoup ne sont probablement pas laissés <eos>,13,laissés,laissées,11,F,laissés,-8.410181,laissées,-9.862202,1
7104,P_NOUN_8_PASS_b,M,P,les rideaux avec les pochettes que j' aime beaucoup ne sont probablement pas ouverts <eos>,13,ouverts,ouvertes,11,F,ouverts,-7.035916,ouvertes,-9.583046,1
7105,P_NOUN_8_PASS_b,M,P,les rideaux avec les pochettes que j' aime beaucoup ne sont probablement pas perdus <eos>,13,perdus,perdues,11,F,perdus,-6.795394,perdues,-9.603157,1
7106,P_NOUN_8_PASS_b,M,P,les rideaux avec les pochettes que j' aime beaucoup ne sont probablement pas réparés <eos>,13,réparés,réparées,11,F,réparés,-11.4158745,réparées,-10.9168,0
7107,P_NOUN_8_PASS_b,M,P,les rideaux avec les pochettes que j' aime beaucoup ne sont probablement pas retirés <eos>,13,retirés,retirées,11,F,retirés,-9.652066,retirées,-10.172839,1
7108,P_NOUN_8_PASS_b,M,P,les rideaux avec les pochettes que j' aime beaucoup ne sont probablement pas tombés <eos>,13,tombés,tombées,11,F,tombés,-8.213552,tombées,-10.9688225,1
7109,P_NOUN_8_PASS_b,M,P,les rideaux avec les pochettes que j' aime beaucoup ne sont probablement pas utilisés <eos>,13,utilisés,utilisées,11,F,utilisés,-5.929855,utilisées,-8.3780575,1
7110,P_NOUN_8_PASS_b,M,P,les rideaux avec les bananes que j' aime beaucoup ne sont probablement pas achetés <eos>,13,achetés,achetées,11,F,achetés,-8.748078,achetées,-12.7177105,1
7111,P_NOUN_8_PASS_b,M,P,les rideaux avec les bananes que j' aime beaucoup ne sont probablement pas brisés <eos>,13,brisés,brisées,11,F,brisés,-10.361171,brisées,-11.654872,1
7112,P_NOUN_8_PASS_b,M,P,les rideaux avec les bananes que j' aime beaucoup ne sont probablement pas cachés <eos>,13,cachés,cachées,11,F,cachés,-7.731656,cachées,-10.905771,1
7113,P_NOUN_8_PASS_b,M,P,les rideaux avec les bananes que j' aime beaucoup ne sont probablement pas cassés <eos>,13,cassés,cassées,11,F,cassés,-9.242301,cassées,-10.526796,1
7114,P_NOUN_8_PASS_b,M,P,les rideaux avec les bananes que j' aime beaucoup ne sont probablement pas couverts <eos>,13,couverts,couvertes,11,F,couverts,-6.9680796,couvertes,-10.7368555,1
7115,P_NOUN_8_PASS_b,M,P,les rideaux avec les bananes que j' aime beaucoup ne sont probablement pas déformés <eos>,13,déformés,déformées,11,F,déformés,-11.406504,déformées,-10.884779,0
7116,P_NOUN_8_PASS_b,M,P,les rideaux avec les bananes que j' aime beaucoup ne sont probablement pas fixés <eos>,13,fixés,fixées,11,F,fixés,-8.430921,fixées,-11.099583,1
7117,P_NOUN_8_PASS_b,M,P,les rideaux avec les bananes que j' aime beaucoup ne sont probablement pas jetés <eos>,13,jetés,jetées,11,F,jetés,-8.166367,jetées,-10.640144,1
7118,P_NOUN_8_PASS_b,M,P,les rideaux avec les bananes que j' aime beaucoup ne sont probablement pas laissés <eos>,13,laissés,laissées,11,F,laissés,-7.5374227,laissées,-10.662668,1
7119,P_NOUN_8_PASS_b,M,P,les rideaux avec les bananes que j' aime beaucoup ne sont probablement pas ouverts <eos>,13,ouverts,ouvertes,11,F,ouverts,-7.720298,ouvertes,-11.26884,1
7120,P_NOUN_8_PASS_b,M,P,les rideaux avec les bananes que j' aime beaucoup ne sont probablement pas perdus <eos>,13,perdus,perdues,11,F,perdus,-6.8350744,perdues,-10.246186,1
7121,P_NOUN_8_PASS_b,M,P,les rideaux avec les bananes que j' aime beaucoup ne sont probablement pas réparés <eos>,13,réparés,réparées,11,F,réparés,-11.1222,réparées,-11.928057,1
7122,P_NOUN_8_PASS_b,M,P,les rideaux avec les bananes que j' aime beaucoup ne sont probablement pas retirés <eos>,13,retirés,retirées,11,F,retirés,-9.275766,retirées,-10.897745,1
7123,P_NOUN_8_PASS_b,M,P,les rideaux avec les bananes que j' aime beaucoup ne sont probablement pas tombés <eos>,13,tombés,tombées,11,F,tombés,-6.5535717,tombées,-10.29906,1
7124,P_NOUN_8_PASS_b,M,P,les rideaux avec les bananes que j' aime beaucoup ne sont probablement pas utilisés <eos>,13,utilisés,utilisées,11,F,utilisés,-5.475906,utilisées,-8.575008,1
7125,P_NOUN_8_PASS_b,M,P,les rideaux avec les robes que j' aime beaucoup ne sont probablement pas achetés <eos>,13,achetés,achetées,11,F,achetés,-9.509348,achetées,-13.326077,1
7126,P_NOUN_8_PASS_b,M,P,les rideaux avec les robes que j' aime beaucoup ne sont probablement pas brisés <eos>,13,brisés,brisées,11,F,brisés,-10.678379,brisées,-11.895066,1
7127,P_NOUN_8_PASS_b,M,P,les rideaux avec les robes que j' aime beaucoup ne sont probablement pas cachés <eos>,13,cachés,cachées,11,F,cachés,-7.6900635,cachées,-10.731151,1
7128,P_NOUN_8_PASS_b,M,P,les rideaux avec les robes que j' aime beaucoup ne sont probablement pas cassés <eos>,13,cassés,cassées,11,F,cassés,-10.012039,cassées,-10.568976,1
7129,P_NOUN_8_PASS_b,M,P,les rideaux avec les robes que j' aime beaucoup ne sont probablement pas couverts <eos>,13,couverts,couvertes,11,F,couverts,-7.294036,couvertes,-10.747977,1
7130,P_NOUN_8_PASS_b,M,P,les rideaux avec les robes que j' aime beaucoup ne sont probablement pas déformés <eos>,13,déformés,déformées,11,F,déformés,-10.854687,déformées,-10.817231,0
7131,P_NOUN_8_PASS_b,M,P,les rideaux avec les robes que j' aime beaucoup ne sont probablement pas fixés <eos>,13,fixés,fixées,11,F,fixés,-8.794861,fixées,-10.830179,1
7132,P_NOUN_8_PASS_b,M,P,les rideaux avec les robes que j' aime beaucoup ne sont probablement pas jetés <eos>,13,jetés,jetées,11,F,jetés,-8.258377,jetées,-11.286789,1
7133,P_NOUN_8_PASS_b,M,P,les rideaux avec les robes que j' aime beaucoup ne sont probablement pas laissés <eos>,13,laissés,laissées,11,F,laissés,-8.390654,laissées,-10.902372,1
7134,P_NOUN_8_PASS_b,M,P,les rideaux avec les robes que j' aime beaucoup ne sont probablement pas ouverts <eos>,13,ouverts,ouvertes,11,F,ouverts,-7.79976,ouvertes,-10.910618,1
7135,P_NOUN_8_PASS_b,M,P,les rideaux avec les robes que j' aime beaucoup ne sont probablement pas perdus <eos>,13,perdus,perdues,11,F,perdus,-7.402681,perdues,-10.489746,1
7136,P_NOUN_8_PASS_b,M,P,les rideaux avec les robes que j' aime beaucoup ne sont probablement pas réparés <eos>,13,réparés,réparées,11,F,réparés,-10.989786,réparées,-11.85177,1
7137,P_NOUN_8_PASS_b,M,P,les rideaux avec les robes que j' aime beaucoup ne sont probablement pas retirés <eos>,13,retirés,retirées,11,F,retirés,-9.487122,retirées,-10.850417,1
7138,P_NOUN_8_PASS_b,M,P,les rideaux avec les robes que j' aime beaucoup ne sont probablement pas tombés <eos>,13,tombés,tombées,11,F,tombés,-6.589736,tombées,-10.530047,1
7139,P_NOUN_8_PASS_b,M,P,les rideaux avec les robes que j' aime beaucoup ne sont probablement pas utilisés <eos>,13,utilisés,utilisées,11,F,utilisés,-5.5217,utilisées,-8.594689,1
7140,P_NOUN_8_PASS_b,M,P,les rideaux avec les valises que j' aime beaucoup ne sont probablement pas achetés <eos>,13,achetés,achetées,11,F,achetés,-9.3112135,achetées,-12.930938,1
7141,P_NOUN_8_PASS_b,M,P,les rideaux avec les valises que j' aime beaucoup ne sont probablement pas brisés <eos>,13,brisés,brisées,11,F,brisés,-10.296383,brisées,-11.54036,1
7142,P_NOUN_8_PASS_b,M,P,les rideaux avec les valises que j' aime beaucoup ne sont probablement pas cachés <eos>,13,cachés,cachées,11,F,cachés,-7.3444843,cachées,-10.0085335,1
7143,P_NOUN_8_PASS_b,M,P,les rideaux avec les valises que j' aime beaucoup ne sont probablement pas cassés <eos>,13,cassés,cassées,11,F,cassés,-9.806491,cassées,-10.857454,1
7144,P_NOUN_8_PASS_b,M,P,les rideaux avec les valises que j' aime beaucoup ne sont probablement pas couverts <eos>,13,couverts,couvertes,11,F,couverts,-6.9176836,couvertes,-10.207477,1
7145,P_NOUN_8_PASS_b,M,P,les rideaux avec les valises que j' aime beaucoup ne sont probablement pas déformés <eos>,13,déformés,déformées,11,F,déformés,-11.134741,déformées,-10.618475,0
7146,P_NOUN_8_PASS_b,M,P,les rideaux avec les valises que j' aime beaucoup ne sont probablement pas fixés <eos>,13,fixés,fixées,11,F,fixés,-8.462852,fixées,-10.631279,1
7147,P_NOUN_8_PASS_b,M,P,les rideaux avec les valises que j' aime beaucoup ne sont probablement pas jetés <eos>,13,jetés,jetées,11,F,jetés,-7.809565,jetées,-11.097038,1
7148,P_NOUN_8_PASS_b,M,P,les rideaux avec les valises que j' aime beaucoup ne sont probablement pas laissés <eos>,13,laissés,laissées,11,F,laissés,-7.8443084,laissées,-10.416107,1
7149,P_NOUN_8_PASS_b,M,P,les rideaux avec les valises que j' aime beaucoup ne sont probablement pas ouverts <eos>,13,ouverts,ouvertes,11,F,ouverts,-6.8265867,ouvertes,-10.073451,1
7150,P_NOUN_8_PASS_b,M,P,les rideaux avec les valises que j' aime beaucoup ne sont probablement pas perdus <eos>,13,perdus,perdues,11,F,perdus,-6.807541,perdues,-10.040025,1
7151,P_NOUN_8_PASS_b,M,P,les rideaux avec les valises que j' aime beaucoup ne sont probablement pas réparés <eos>,13,réparés,réparées,11,F,réparés,-10.898579,réparées,-11.173204,1
7152,P_NOUN_8_PASS_b,M,P,les rideaux avec les valises que j' aime beaucoup ne sont probablement pas retirés <eos>,13,retirés,retirées,11,F,retirés,-9.510054,retirées,-10.624594,1
7153,P_NOUN_8_PASS_b,M,P,les rideaux avec les valises que j' aime beaucoup ne sont probablement pas tombés <eos>,13,tombés,tombées,11,F,tombés,-7.0684624,tombées,-10.545867,1
7154,P_NOUN_8_PASS_b,M,P,les rideaux avec les valises que j' aime beaucoup ne sont probablement pas utilisés <eos>,13,utilisés,utilisées,11,F,utilisés,-5.8945074,utilisées,-8.768281,1
7155,P_NOUN_8_PASS_b,M,P,les rideaux avec les pendules que j' aime beaucoup ne sont probablement pas achetés <eos>,13,achetés,achetées,11,F,achetés,-9.261288,achetées,-12.85363,1
7156,P_NOUN_8_PASS_b,M,P,les rideaux avec les pendules que j' aime beaucoup ne sont probablement pas brisés <eos>,13,brisés,brisées,11,F,brisés,-9.989857,brisées,-11.157108,1
7157,P_NOUN_8_PASS_b,M,P,les rideaux avec les pendules que j' aime beaucoup ne sont probablement pas cachés <eos>,13,cachés,cachées,11,F,cachés,-7.2442093,cachées,-10.218165,1
7158,P_NOUN_8_PASS_b,M,P,les rideaux avec les pendules que j' aime beaucoup ne sont probablement pas cassés <eos>,13,cassés,cassées,11,F,cassés,-9.272751,cassées,-9.9604435,1
7159,P_NOUN_8_PASS_b,M,P,les rideaux avec les pendules que j' aime beaucoup ne sont probablement pas couverts <eos>,13,couverts,couvertes,11,F,couverts,-7.299856,couvertes,-10.513764,1
7160,P_NOUN_8_PASS_b,M,P,les rideaux avec les pendules que j' aime beaucoup ne sont probablement pas déformés <eos>,13,déformés,déformées,11,F,déformés,-10.596261,déformées,-9.784452,0
7161,P_NOUN_8_PASS_b,M,P,les rideaux avec les pendules que j' aime beaucoup ne sont probablement pas fixés <eos>,13,fixés,fixées,11,F,fixés,-8.26458,fixées,-10.109857,1
7162,P_NOUN_8_PASS_b,M,P,les rideaux avec les pendules que j' aime beaucoup ne sont probablement pas jetés <eos>,13,jetés,jetées,11,F,jetés,-7.495859,jetées,-10.930849,1
7163,P_NOUN_8_PASS_b,M,P,les rideaux avec les pendules que j' aime beaucoup ne sont probablement pas laissés <eos>,13,laissés,laissées,11,F,laissés,-8.179037,laissées,-10.730232,1
7164,P_NOUN_8_PASS_b,M,P,les rideaux avec les pendules que j' aime beaucoup ne sont probablement pas ouverts <eos>,13,ouverts,ouvertes,11,F,ouverts,-7.3497276,ouvertes,-10.495512,1
7165,P_NOUN_8_PASS_b,M,P,les rideaux avec les pendules que j' aime beaucoup ne sont probablement pas perdus <eos>,13,perdus,perdues,11,F,perdus,-6.9141455,perdues,-10.033511,1
7166,P_NOUN_8_PASS_b,M,P,les rideaux avec les pendules que j' aime beaucoup ne sont probablement pas réparés <eos>,13,réparés,réparées,11,F,réparés,-11.168528,réparées,-11.013937,0
7167,P_NOUN_8_PASS_b,M,P,les rideaux avec les pendules que j' aime beaucoup ne sont probablement pas retirés <eos>,13,retirés,retirées,11,F,retirés,-9.09939,retirées,-9.926293,1
7168,P_NOUN_8_PASS_b,M,P,les rideaux avec les pendules que j' aime beaucoup ne sont probablement pas tombés <eos>,13,tombés,tombées,11,F,tombés,-7.2073827,tombées,-10.217524,1
7169,P_NOUN_8_PASS_b,M,P,les rideaux avec les pendules que j' aime beaucoup ne sont probablement pas utilisés <eos>,13,utilisés,utilisées,11,F,utilisés,-5.234846,utilisées,-8.190343,1
7170,P_NOUN_8_PASS_b,M,P,les rideaux avec les cloches que j' aime beaucoup ne sont probablement pas achetés <eos>,13,achetés,achetées,11,F,achetés,-9.651536,achetées,-13.416003,1
7171,P_NOUN_8_PASS_b,M,P,les rideaux avec les cloches que j' aime beaucoup ne sont probablement pas brisés <eos>,13,brisés,brisées,11,F,brisés,-9.768991,brisées,-11.5534725,1
7172,P_NOUN_8_PASS_b,M,P,les rideaux avec les cloches que j' aime beaucoup ne sont probablement pas cachés <eos>,13,cachés,cachées,11,F,cachés,-7.206319,cachées,-10.298613,1
7173,P_NOUN_8_PASS_b,M,P,les rideaux avec les cloches que j' aime beaucoup ne sont probablement pas cassés <eos>,13,cassés,cassées,11,F,cassés,-9.468194,cassées,-10.831883,1
7174,P_NOUN_8_PASS_b,M,P,les rideaux avec les cloches que j' aime beaucoup ne sont probablement pas couverts <eos>,13,couverts,couvertes,11,F,couverts,-6.7745767,couvertes,-10.650406,1
7175,P_NOUN_8_PASS_b,M,P,les rideaux avec les cloches que j' aime beaucoup ne sont probablement pas déformés <eos>,13,déformés,déformées,11,F,déformés,-10.999542,déformées,-11.067856,1
7176,P_NOUN_8_PASS_b,M,P,les rideaux avec les cloches que j' aime beaucoup ne sont probablement pas fixés <eos>,13,fixés,fixées,11,F,fixés,-8.646554,fixées,-10.975576,1
7177,P_NOUN_8_PASS_b,M,P,les rideaux avec les cloches que j' aime beaucoup ne sont probablement pas jetés <eos>,13,jetés,jetées,11,F,jetés,-7.3350716,jetées,-11.137065,1
7178,P_NOUN_8_PASS_b,M,P,les rideaux avec les cloches que j' aime beaucoup ne sont probablement pas laissés <eos>,13,laissés,laissées,11,F,laissés,-7.6407843,laissées,-11.22657,1
7179,P_NOUN_8_PASS_b,M,P,les rideaux avec les cloches que j' aime beaucoup ne sont probablement pas ouverts <eos>,13,ouverts,ouvertes,11,F,ouverts,-7.5016737,ouvertes,-10.652917,1
7180,P_NOUN_8_PASS_b,M,P,les rideaux avec les cloches que j' aime beaucoup ne sont probablement pas perdus <eos>,13,perdus,perdues,11,F,perdus,-6.5425997,perdues,-9.899246,1
7181,P_NOUN_8_PASS_b,M,P,les rideaux avec les cloches que j' aime beaucoup ne sont probablement pas réparés <eos>,13,réparés,réparées,11,F,réparés,-10.19511,réparées,-11.150906,1
7182,P_NOUN_8_PASS_b,M,P,les rideaux avec les cloches que j' aime beaucoup ne sont probablement pas retirés <eos>,13,retirés,retirées,11,F,retirés,-9.043864,retirées,-10.366069,1
7183,P_NOUN_8_PASS_b,M,P,les rideaux avec les cloches que j' aime beaucoup ne sont probablement pas tombés <eos>,13,tombés,tombées,11,F,tombés,-5.8740582,tombées,-9.971382,1
7184,P_NOUN_8_PASS_b,M,P,les rideaux avec les cloches que j' aime beaucoup ne sont probablement pas utilisés <eos>,13,utilisés,utilisées,11,F,utilisés,-5.664216,utilisées,-8.957382,1
7185,P_NOUN_8_PASS_b,M,P,les rideaux avec les cerises que j' aime beaucoup ne sont probablement pas achetés <eos>,13,achetés,achetées,11,F,achetés,-8.811237,achetées,-12.6917,1
7186,P_NOUN_8_PASS_b,M,P,les rideaux avec les cerises que j' aime beaucoup ne sont probablement pas brisés <eos>,13,brisés,brisées,11,F,brisés,-10.207493,brisées,-11.823007,1
7187,P_NOUN_8_PASS_b,M,P,les rideaux avec les cerises que j' aime beaucoup ne sont probablement pas cachés <eos>,13,cachés,cachées,11,F,cachés,-7.9789104,cachées,-10.826381,1
7188,P_NOUN_8_PASS_b,M,P,les rideaux avec les cerises que j' aime beaucoup ne sont probablement pas cassés <eos>,13,cassés,cassées,11,F,cassés,-9.564625,cassées,-10.722692,1
7189,P_NOUN_8_PASS_b,M,P,les rideaux avec les cerises que j' aime beaucoup ne sont probablement pas couverts <eos>,13,couverts,couvertes,11,F,couverts,-6.780205,couvertes,-10.747463,1
7190,P_NOUN_8_PASS_b,M,P,les rideaux avec les cerises que j' aime beaucoup ne sont probablement pas déformés <eos>,13,déformés,déformées,11,F,déformés,-11.300637,déformées,-11.001442,0
7191,P_NOUN_8_PASS_b,M,P,les rideaux avec les cerises que j' aime beaucoup ne sont probablement pas fixés <eos>,13,fixés,fixées,11,F,fixés,-8.497797,fixées,-11.305016,1
7192,P_NOUN_8_PASS_b,M,P,les rideaux avec les cerises que j' aime beaucoup ne sont probablement pas jetés <eos>,13,jetés,jetées,11,F,jetés,-8.071893,jetées,-11.314277,1
7193,P_NOUN_8_PASS_b,M,P,les rideaux avec les cerises que j' aime beaucoup ne sont probablement pas laissés <eos>,13,laissés,laissées,11,F,laissés,-7.6085057,laissées,-10.6912155,1
7194,P_NOUN_8_PASS_b,M,P,les rideaux avec les cerises que j' aime beaucoup ne sont probablement pas ouverts <eos>,13,ouverts,ouvertes,11,F,ouverts,-7.390668,ouvertes,-10.872709,1
7195,P_NOUN_8_PASS_b,M,P,les rideaux avec les cerises que j' aime beaucoup ne sont probablement pas perdus <eos>,13,perdus,perdues,11,F,perdus,-7.008596,perdues,-10.230183,1
7196,P_NOUN_8_PASS_b,M,P,les rideaux avec les cerises que j' aime beaucoup ne sont probablement pas réparés <eos>,13,réparés,réparées,11,F,réparés,-10.849669,réparées,-11.644887,1
7197,P_NOUN_8_PASS_b,M,P,les rideaux avec les cerises que j' aime beaucoup ne sont probablement pas retirés <eos>,13,retirés,retirées,11,F,retirés,-9.347583,retirées,-11.047949,1
7198,P_NOUN_8_PASS_b,M,P,les rideaux avec les cerises que j' aime beaucoup ne sont probablement pas tombés <eos>,13,tombés,tombées,11,F,tombés,-6.5697517,tombées,-10.413726,1
7199,P_NOUN_8_PASS_b,M,P,les rideaux avec les cerises que j' aime beaucoup ne sont probablement pas utilisés <eos>,13,utilisés,utilisées,11,F,utilisés,-5.8275504,utilisées,-8.785643,1
7200,P_NOUN_8_PASS_b,M,P,les cahiers avec les gemmes que j' aime beaucoup ne sont probablement pas achetés <eos>,13,achetés,achetées,11,F,achetés,-9.073471,achetées,-12.585998,1
7201,P_NOUN_8_PASS_b,M,P,les cahiers avec les gemmes que j' aime beaucoup ne sont probablement pas brisés <eos>,13,brisés,brisées,11,F,brisés,-11.588646,brisées,-12.196323,1
7202,P_NOUN_8_PASS_b,M,P,les cahiers avec les gemmes que j' aime beaucoup ne sont probablement pas cachés <eos>,13,cachés,cachées,11,F,cachés,-8.070485,cachées,-10.853683,1
7203,P_NOUN_8_PASS_b,M,P,les cahiers avec les gemmes que j' aime beaucoup ne sont probablement pas cassés <eos>,13,cassés,cassées,11,F,cassés,-10.606337,cassées,-12.160571,1
7204,P_NOUN_8_PASS_b,M,P,les cahiers avec les gemmes que j' aime beaucoup ne sont probablement pas couverts <eos>,13,couverts,couvertes,11,F,couverts,-8.130096,couvertes,-11.550627,1
7205,P_NOUN_8_PASS_b,M,P,les cahiers avec les gemmes que j' aime beaucoup ne sont probablement pas déformés <eos>,13,déformés,déformées,11,F,déformés,-11.617557,déformées,-10.662561,0
7206,P_NOUN_8_PASS_b,M,P,les cahiers avec les gemmes que j' aime beaucoup ne sont probablement pas fixés <eos>,13,fixés,fixées,11,F,fixés,-9.746346,fixées,-11.336266,1
7207,P_NOUN_8_PASS_b,M,P,les cahiers avec les gemmes que j' aime beaucoup ne sont probablement pas jetés <eos>,13,jetés,jetées,11,F,jetés,-9.181978,jetées,-12.134301,1
7208,P_NOUN_8_PASS_b,M,P,les cahiers avec les gemmes que j' aime beaucoup ne sont probablement pas laissés <eos>,13,laissés,laissées,11,F,laissés,-7.930209,laissées,-11.000939,1
7209,P_NOUN_8_PASS_b,M,P,les cahiers avec les gemmes que j' aime beaucoup ne sont probablement pas ouverts <eos>,13,ouverts,ouvertes,11,F,ouverts,-7.7527065,ouvertes,-10.707145,1
7210,P_NOUN_8_PASS_b,M,P,les cahiers avec les gemmes que j' aime beaucoup ne sont probablement pas perdus <eos>,13,perdus,perdues,11,F,perdus,-6.0565825,perdues,-8.794396,1
7211,P_NOUN_8_PASS_b,M,P,les cahiers avec les gemmes que j' aime beaucoup ne sont probablement pas réparés <eos>,13,réparés,réparées,11,F,réparés,-11.543964,réparées,-12.475405,1
7212,P_NOUN_8_PASS_b,M,P,les cahiers avec les gemmes que j' aime beaucoup ne sont probablement pas retirés <eos>,13,retirés,retirées,11,F,retirés,-9.29994,retirées,-10.754465,1
7213,P_NOUN_8_PASS_b,M,P,les cahiers avec les gemmes que j' aime beaucoup ne sont probablement pas tombés <eos>,13,tombés,tombées,11,F,tombés,-7.325743,tombées,-10.560213,1
7214,P_NOUN_8_PASS_b,M,P,les cahiers avec les gemmes que j' aime beaucoup ne sont probablement pas utilisés <eos>,13,utilisés,utilisées,11,F,utilisés,-5.789382,utilisées,-8.883724,1
7215,P_NOUN_8_PASS_b,M,P,les cahiers avec les chaises que j' aime beaucoup ne sont probablement pas achetés <eos>,13,achetés,achetées,11,F,achetés,-9.432161,achetées,-12.8986225,1
7216,P_NOUN_8_PASS_b,M,P,les cahiers avec les chaises que j' aime beaucoup ne sont probablement pas brisés <eos>,13,brisés,brisées,11,F,brisés,-11.430523,brisées,-12.035514,1
7217,P_NOUN_8_PASS_b,M,P,les cahiers avec les chaises que j' aime beaucoup ne sont probablement pas cachés <eos>,13,cachés,cachées,11,F,cachés,-8.90221,cachées,-10.485879,1
7218,P_NOUN_8_PASS_b,M,P,les cahiers avec les chaises que j' aime beaucoup ne sont probablement pas cassés <eos>,13,cassés,cassées,11,F,cassés,-11.447548,cassées,-11.511102,1
7219,P_NOUN_8_PASS_b,M,P,les cahiers avec les chaises que j' aime beaucoup ne sont probablement pas couverts <eos>,13,couverts,couvertes,11,F,couverts,-6.910327,couvertes,-10.43409,1
7220,P_NOUN_8_PASS_b,M,P,les cahiers avec les chaises que j' aime beaucoup ne sont probablement pas déformés <eos>,13,déformés,déformées,11,F,déformés,-11.630817,déformées,-10.503166,0
7221,P_NOUN_8_PASS_b,M,P,les cahiers avec les chaises que j' aime beaucoup ne sont probablement pas fixés <eos>,13,fixés,fixées,11,F,fixés,-9.940197,fixées,-10.701969,1
7222,P_NOUN_8_PASS_b,M,P,les cahiers avec les chaises que j' aime beaucoup ne sont probablement pas jetés <eos>,13,jetés,jetées,11,F,jetés,-9.225945,jetées,-12.35003,1
7223,P_NOUN_8_PASS_b,M,P,les cahiers avec les chaises que j' aime beaucoup ne sont probablement pas laissés <eos>,13,laissés,laissées,11,F,laissés,-8.262441,laissées,-10.762876,1
7224,P_NOUN_8_PASS_b,M,P,les cahiers avec les chaises que j' aime beaucoup ne sont probablement pas ouverts <eos>,13,ouverts,ouvertes,11,F,ouverts,-6.7712855,ouvertes,-9.229983,1
7225,P_NOUN_8_PASS_b,M,P,les cahiers avec les chaises que j' aime beaucoup ne sont probablement pas perdus <eos>,13,perdus,perdues,11,F,perdus,-6.1752834,perdues,-8.846732,1
7226,P_NOUN_8_PASS_b,M,P,les cahiers avec les chaises que j' aime beaucoup ne sont probablement pas réparés <eos>,13,réparés,réparées,11,F,réparés,-11.795256,réparées,-11.900578,1
7227,P_NOUN_8_PASS_b,M,P,les cahiers avec les chaises que j' aime beaucoup ne sont probablement pas retirés <eos>,13,retirés,retirées,11,F,retirés,-9.605782,retirées,-10.224134,1
7228,P_NOUN_8_PASS_b,M,P,les cahiers avec les chaises que j' aime beaucoup ne sont probablement pas tombés <eos>,13,tombés,tombées,11,F,tombés,-7.3156404,tombées,-10.493929,1
7229,P_NOUN_8_PASS_b,M,P,les cahiers avec les chaises que j' aime beaucoup ne sont probablement pas utilisés <eos>,13,utilisés,utilisées,11,F,utilisés,-5.9820337,utilisées,-8.869772,1
7230,P_NOUN_8_PASS_b,M,P,les cahiers avec les poubelles que j' aime beaucoup ne sont probablement pas achetés <eos>,13,achetés,achetées,11,F,achetés,-9.134606,achetées,-12.631777,1
7231,P_NOUN_8_PASS_b,M,P,les cahiers avec les poubelles que j' aime beaucoup ne sont probablement pas brisés <eos>,13,brisés,brisées,11,F,brisés,-11.663198,brisées,-12.440065,1
7232,P_NOUN_8_PASS_b,M,P,les cahiers avec les poubelles que j' aime beaucoup ne sont probablement pas cachés <eos>,13,cachés,cachées,11,F,cachés,-8.382765,cachées,-10.886564,1
7233,P_NOUN_8_PASS_b,M,P,les cahiers avec les poubelles que j' aime beaucoup ne sont probablement pas cassés <eos>,13,cassés,cassées,11,F,cassés,-10.999285,cassées,-11.998985,1
7234,P_NOUN_8_PASS_b,M,P,les cahiers avec les poubelles que j' aime beaucoup ne sont probablement pas couverts <eos>,13,couverts,couvertes,11,F,couverts,-7.1792564,couvertes,-10.530516,1
7235,P_NOUN_8_PASS_b,M,P,les cahiers avec les poubelles que j' aime beaucoup ne sont probablement pas déformés <eos>,13,déformés,déformées,11,F,déformés,-11.799986,déformées,-10.581242,0
7236,P_NOUN_8_PASS_b,M,P,les cahiers avec les poubelles que j' aime beaucoup ne sont probablement pas fixés <eos>,13,fixés,fixées,11,F,fixés,-9.66861,fixées,-11.035553,1
7237,P_NOUN_8_PASS_b,M,P,les cahiers avec les poubelles que j' aime beaucoup ne sont probablement pas jetés <eos>,13,jetés,jetées,11,F,jetés,-8.892023,jetées,-12.112766,1
7238,P_NOUN_8_PASS_b,M,P,les cahiers avec les poubelles que j' aime beaucoup ne sont probablement pas laissés <eos>,13,laissés,laissées,11,F,laissés,-7.9294033,laissées,-10.730121,1
7239,P_NOUN_8_PASS_b,M,P,les cahiers avec les poubelles que j' aime beaucoup ne sont probablement pas ouverts <eos>,13,ouverts,ouvertes,11,F,ouverts,-6.538877,ouvertes,-9.325515,1
7240,P_NOUN_8_PASS_b,M,P,les cahiers avec les poubelles que j' aime beaucoup ne sont probablement pas perdus <eos>,13,perdus,perdues,11,F,perdus,-6.2100506,perdues,-9.000326,1
7241,P_NOUN_8_PASS_b,M,P,les cahiers avec les poubelles que j' aime beaucoup ne sont probablement pas réparés <eos>,13,réparés,réparées,11,F,réparés,-11.416973,réparées,-11.816076,1
7242,P_NOUN_8_PASS_b,M,P,les cahiers avec les poubelles que j' aime beaucoup ne sont probablement pas retirés <eos>,13,retirés,retirées,11,F,retirés,-9.278751,retirées,-10.512494,1
7243,P_NOUN_8_PASS_b,M,P,les cahiers avec les poubelles que j' aime beaucoup ne sont probablement pas tombés <eos>,13,tombés,tombées,11,F,tombés,-7.540406,tombées,-10.8318405,1
7244,P_NOUN_8_PASS_b,M,P,les cahiers avec les poubelles que j' aime beaucoup ne sont probablement pas utilisés <eos>,13,utilisés,utilisées,11,F,utilisés,-5.9214797,utilisées,-8.825842,1
7245,P_NOUN_8_PASS_b,M,P,les cahiers avec les chemises que j' aime beaucoup ne sont probablement pas achetés <eos>,13,achetés,achetées,11,F,achetés,-9.222117,achetées,-12.320407,1
7246,P_NOUN_8_PASS_b,M,P,les cahiers avec les chemises que j' aime beaucoup ne sont probablement pas brisés <eos>,13,brisés,brisées,11,F,brisés,-11.419386,brisées,-11.810762,1
7247,P_NOUN_8_PASS_b,M,P,les cahiers avec les chemises que j' aime beaucoup ne sont probablement pas cachés <eos>,13,cachés,cachées,11,F,cachés,-8.429253,cachées,-10.541927,1
7248,P_NOUN_8_PASS_b,M,P,les cahiers avec les chemises que j' aime beaucoup ne sont probablement pas cassés <eos>,13,cassés,cassées,11,F,cassés,-11.1004095,cassées,-10.849236,0
7249,P_NOUN_8_PASS_b,M,P,les cahiers avec les chemises que j' aime beaucoup ne sont probablement pas couverts <eos>,13,couverts,couvertes,11,F,couverts,-7.8647165,couvertes,-10.891761,1
7250,P_NOUN_8_PASS_b,M,P,les cahiers avec les chemises que j' aime beaucoup ne sont probablement pas déformés <eos>,13,déformés,déformées,11,F,déformés,-11.434344,déformées,-10.034099,0
7251,P_NOUN_8_PASS_b,M,P,les cahiers avec les chemises que j' aime beaucoup ne sont probablement pas fixés <eos>,13,fixés,fixées,11,F,fixés,-9.877966,fixées,-10.502082,1
7252,P_NOUN_8_PASS_b,M,P,les cahiers avec les chemises que j' aime beaucoup ne sont probablement pas jetés <eos>,13,jetés,jetées,11,F,jetés,-8.851013,jetées,-11.361588,1
7253,P_NOUN_8_PASS_b,M,P,les cahiers avec les chemises que j' aime beaucoup ne sont probablement pas laissés <eos>,13,laissés,laissées,11,F,laissés,-8.197395,laissées,-10.642507,1
7254,P_NOUN_8_PASS_b,M,P,les cahiers avec les chemises que j' aime beaucoup ne sont probablement pas ouverts <eos>,13,ouverts,ouvertes,11,F,ouverts,-7.8616323,ouvertes,-10.16043,1
7255,P_NOUN_8_PASS_b,M,P,les cahiers avec les chemises que j' aime beaucoup ne sont probablement pas perdus <eos>,13,perdus,perdues,11,F,perdus,-6.2625294,perdues,-8.36485,1
7256,P_NOUN_8_PASS_b,M,P,les cahiers avec les chemises que j' aime beaucoup ne sont probablement pas réparés <eos>,13,réparés,réparées,11,F,réparés,-11.889894,réparées,-11.957916,1
7257,P_NOUN_8_PASS_b,M,P,les cahiers avec les chemises que j' aime beaucoup ne sont probablement pas retirés <eos>,13,retirés,retirées,11,F,retirés,-9.266915,retirées,-9.837266,1
7258,P_NOUN_8_PASS_b,M,P,les cahiers avec les chemises que j' aime beaucoup ne sont probablement pas tombés <eos>,13,tombés,tombées,11,F,tombés,-7.0170226,tombées,-10.116583,1
7259,P_NOUN_8_PASS_b,M,P,les cahiers avec les chemises que j' aime beaucoup ne sont probablement pas utilisés <eos>,13,utilisés,utilisées,11,F,utilisés,-5.7997866,utilisées,-8.266365,1
7260,P_NOUN_8_PASS_b,M,P,les cahiers avec les recettes que j' aime beaucoup ne sont probablement pas achetés <eos>,13,achetés,achetées,11,F,achetés,-8.690557,achetées,-12.370358,1
7261,P_NOUN_8_PASS_b,M,P,les cahiers avec les recettes que j' aime beaucoup ne sont probablement pas brisés <eos>,13,brisés,brisées,11,F,brisés,-12.263432,brisées,-12.972971,1
7262,P_NOUN_8_PASS_b,M,P,les cahiers avec les recettes que j' aime beaucoup ne sont probablement pas cachés <eos>,13,cachés,cachées,11,F,cachés,-8.823523,cachées,-12.050227,1
7263,P_NOUN_8_PASS_b,M,P,les cahiers avec les recettes que j' aime beaucoup ne sont probablement pas cassés <eos>,13,cassés,cassées,11,F,cassés,-11.305995,cassées,-12.906109,1
7264,P_NOUN_8_PASS_b,M,P,les cahiers avec les recettes que j' aime beaucoup ne sont probablement pas couverts <eos>,13,couverts,couvertes,11,F,couverts,-7.5966606,couvertes,-11.631238,1
7265,P_NOUN_8_PASS_b,M,P,les cahiers avec les recettes que j' aime beaucoup ne sont probablement pas déformés <eos>,13,déformés,déformées,11,F,déformés,-12.464294,déformées,-11.453236,0
7266,P_NOUN_8_PASS_b,M,P,les cahiers avec les recettes que j' aime beaucoup ne sont probablement pas fixés <eos>,13,fixés,fixées,11,F,fixés,-9.482504,fixées,-11.669134,1
7267,P_NOUN_8_PASS_b,M,P,les cahiers avec les recettes que j' aime beaucoup ne sont probablement pas jetés <eos>,13,jetés,jetées,11,F,jetés,-9.586315,jetées,-13.192089,1
7268,P_NOUN_8_PASS_b,M,P,les cahiers avec les recettes que j' aime beaucoup ne sont probablement pas laissés <eos>,13,laissés,laissées,11,F,laissés,-8.61779,laissées,-11.049814,1
7269,P_NOUN_8_PASS_b,M,P,les cahiers avec les recettes que j' aime beaucoup ne sont probablement pas ouverts <eos>,13,ouverts,ouvertes,11,F,ouverts,-7.1914883,ouvertes,-10.534812,1
7270,P_NOUN_8_PASS_b,M,P,les cahiers avec les recettes que j' aime beaucoup ne sont probablement pas perdus <eos>,13,perdus,perdues,11,F,perdus,-6.1204624,perdues,-9.261355,1
7271,P_NOUN_8_PASS_b,M,P,les cahiers avec les recettes que j' aime beaucoup ne sont probablement pas réparés <eos>,13,réparés,réparées,11,F,réparés,-11.795443,réparées,-12.748301,1
7272,P_NOUN_8_PASS_b,M,P,les cahiers avec les recettes que j' aime beaucoup ne sont probablement pas retirés <eos>,13,retirés,retirées,11,F,retirés,-9.410799,retirées,-10.814555,1
7273,P_NOUN_8_PASS_b,M,P,les cahiers avec les recettes que j' aime beaucoup ne sont probablement pas tombés <eos>,13,tombés,tombées,11,F,tombés,-7.3758855,tombées,-11.121176,1
7274,P_NOUN_8_PASS_b,M,P,les cahiers avec les recettes que j' aime beaucoup ne sont probablement pas utilisés <eos>,13,utilisés,utilisées,11,F,utilisés,-6.1589046,utilisées,-9.381166,1
7275,P_NOUN_8_PASS_b,M,P,les cahiers avec les jupes que j' aime beaucoup ne sont probablement pas achetés <eos>,13,achetés,achetées,11,F,achetés,-9.122865,achetées,-12.543481,1
7276,P_NOUN_8_PASS_b,M,P,les cahiers avec les jupes que j' aime beaucoup ne sont probablement pas brisés <eos>,13,brisés,brisées,11,F,brisés,-11.669735,brisées,-12.377512,1
7277,P_NOUN_8_PASS_b,M,P,les cahiers avec les jupes que j' aime beaucoup ne sont probablement pas cachés <eos>,13,cachés,cachées,11,F,cachés,-8.440697,cachées,-11.167965,1
7278,P_NOUN_8_PASS_b,M,P,les cahiers avec les jupes que j' aime beaucoup ne sont probablement pas cassés <eos>,13,cassés,cassées,11,F,cassés,-11.029909,cassées,-11.4210615,1
7279,P_NOUN_8_PASS_b,M,P,les cahiers avec les jupes que j' aime beaucoup ne sont probablement pas couverts <eos>,13,couverts,couvertes,11,F,couverts,-7.888015,couvertes,-11.096392,1
7280,P_NOUN_8_PASS_b,M,P,les cahiers avec les jupes que j' aime beaucoup ne sont probablement pas déformés <eos>,13,déformés,déformées,11,F,déformés,-11.557941,déformées,-10.621172,0
7281,P_NOUN_8_PASS_b,M,P,les cahiers avec les jupes que j' aime beaucoup ne sont probablement pas fixés <eos>,13,fixés,fixées,11,F,fixés,-9.534954,fixées,-11.153927,1
7282,P_NOUN_8_PASS_b,M,P,les cahiers avec les jupes que j' aime beaucoup ne sont probablement pas jetés <eos>,13,jetés,jetées,11,F,jetés,-9.35057,jetées,-12.5407505,1
7283,P_NOUN_8_PASS_b,M,P,les cahiers avec les jupes que j' aime beaucoup ne sont probablement pas laissés <eos>,13,laissés,laissées,11,F,laissés,-8.608938,laissées,-11.097012,1
7284,P_NOUN_8_PASS_b,M,P,les cahiers avec les jupes que j' aime beaucoup ne sont probablement pas ouverts <eos>,13,ouverts,ouvertes,11,F,ouverts,-7.3163724,ouvertes,-10.253901,1
7285,P_NOUN_8_PASS_b,M,P,les cahiers avec les jupes que j' aime beaucoup ne sont probablement pas perdus <eos>,13,perdus,perdues,11,F,perdus,-6.4218655,perdues,-9.45875,1
7286,P_NOUN_8_PASS_b,M,P,les cahiers avec les jupes que j' aime beaucoup ne sont probablement pas réparés <eos>,13,réparés,réparées,11,F,réparés,-11.825567,réparées,-12.192215,1
7287,P_NOUN_8_PASS_b,M,P,les cahiers avec les jupes que j' aime beaucoup ne sont probablement pas retirés <eos>,13,retirés,retirées,11,F,retirés,-9.540043,retirées,-10.323712,1
7288,P_NOUN_8_PASS_b,M,P,les cahiers avec les jupes que j' aime beaucoup ne sont probablement pas tombés <eos>,13,tombés,tombées,11,F,tombés,-7.4483843,tombées,-10.868378,1
7289,P_NOUN_8_PASS_b,M,P,les cahiers avec les jupes que j' aime beaucoup ne sont probablement pas utilisés <eos>,13,utilisés,utilisées,11,F,utilisés,-5.8070526,utilisées,-8.877804,1
7290,P_NOUN_8_PASS_b,M,P,les cahiers avec les colles que j' aime beaucoup ne sont probablement pas achetés <eos>,13,achetés,achetées,11,F,achetés,-9.572098,achetées,-12.652812,1
7291,P_NOUN_8_PASS_b,M,P,les cahiers avec les colles que j' aime beaucoup ne sont probablement pas brisés <eos>,13,brisés,brisées,11,F,brisés,-11.804153,brisées,-12.282218,1
7292,P_NOUN_8_PASS_b,M,P,les cahiers avec les colles que j' aime beaucoup ne sont probablement pas cachés <eos>,13,cachés,cachées,11,F,cachés,-9.187202,cachées,-11.05264,1
7293,P_NOUN_8_PASS_b,M,P,les cahiers avec les colles que j' aime beaucoup ne sont probablement pas cassés <eos>,13,cassés,cassées,11,F,cassés,-10.769056,cassées,-11.28845,1
7294,P_NOUN_8_PASS_b,M,P,les cahiers avec les colles que j' aime beaucoup ne sont probablement pas couverts <eos>,13,couverts,couvertes,11,F,couverts,-7.9176035,couvertes,-10.633874,1
7295,P_NOUN_8_PASS_b,M,P,les cahiers avec les colles que j' aime beaucoup ne sont probablement pas déformés <eos>,13,déformés,déformées,11,F,déformés,-12.062702,déformées,-9.876763,0
7296,P_NOUN_8_PASS_b,M,P,les cahiers avec les colles que j' aime beaucoup ne sont probablement pas fixés <eos>,13,fixés,fixées,11,F,fixés,-9.941023,fixées,-10.862265,1
7297,P_NOUN_8_PASS_b,M,P,les cahiers avec les colles que j' aime beaucoup ne sont probablement pas jetés <eos>,13,jetés,jetées,11,F,jetés,-9.823507,jetées,-12.315872,1
7298,P_NOUN_8_PASS_b,M,P,les cahiers avec les colles que j' aime beaucoup ne sont probablement pas laissés <eos>,13,laissés,laissées,11,F,laissés,-8.669837,laissées,-10.345533,1
7299,P_NOUN_8_PASS_b,M,P,les cahiers avec les colles que j' aime beaucoup ne sont probablement pas ouverts <eos>,13,ouverts,ouvertes,11,F,ouverts,-7.392411,ouvertes,-9.718962,1
7300,P_NOUN_8_PASS_b,M,P,les cahiers avec les colles que j' aime beaucoup ne sont probablement pas perdus <eos>,13,perdus,perdues,11,F,perdus,-6.9009557,perdues,-9.11931,1
7301,P_NOUN_8_PASS_b,M,P,les cahiers avec les colles que j' aime beaucoup ne sont probablement pas réparés <eos>,13,réparés,réparées,11,F,réparés,-11.882902,réparées,-11.823458,0
7302,P_NOUN_8_PASS_b,M,P,les cahiers avec les colles que j' aime beaucoup ne sont probablement pas retirés <eos>,13,retirés,retirées,11,F,retirés,-9.483033,retirées,-10.360693,1
7303,P_NOUN_8_PASS_b,M,P,les cahiers avec les colles que j' aime beaucoup ne sont probablement pas tombés <eos>,13,tombés,tombées,11,F,tombés,-8.157876,tombées,-10.730784,1
7304,P_NOUN_8_PASS_b,M,P,les cahiers avec les colles que j' aime beaucoup ne sont probablement pas utilisés <eos>,13,utilisés,utilisées,11,F,utilisés,-5.5872316,utilisées,-7.9419374,1
7305,P_NOUN_8_PASS_b,M,P,les cahiers avec les lampes que j' aime beaucoup ne sont probablement pas achetés <eos>,13,achetés,achetées,11,F,achetés,-9.277535,achetées,-13.176946,1
7306,P_NOUN_8_PASS_b,M,P,les cahiers avec les lampes que j' aime beaucoup ne sont probablement pas brisés <eos>,13,brisés,brisées,11,F,brisés,-11.581463,brisées,-12.474377,1
7307,P_NOUN_8_PASS_b,M,P,les cahiers avec les lampes que j' aime beaucoup ne sont probablement pas cachés <eos>,13,cachés,cachées,11,F,cachés,-8.362759,cachées,-11.170395,1
7308,P_NOUN_8_PASS_b,M,P,les cahiers avec les lampes que j' aime beaucoup ne sont probablement pas cassés <eos>,13,cassés,cassées,11,F,cassés,-11.274253,cassées,-11.740787,1
7309,P_NOUN_8_PASS_b,M,P,les cahiers avec les lampes que j' aime beaucoup ne sont probablement pas couverts <eos>,13,couverts,couvertes,11,F,couverts,-7.9413786,couvertes,-11.274818,1
7310,P_NOUN_8_PASS_b,M,P,les cahiers avec les lampes que j' aime beaucoup ne sont probablement pas déformés <eos>,13,déformés,déformées,11,F,déformés,-11.301664,déformées,-9.9964075,0
7311,P_NOUN_8_PASS_b,M,P,les cahiers avec les lampes que j' aime beaucoup ne sont probablement pas fixés <eos>,13,fixés,fixées,11,F,fixés,-9.759747,fixées,-11.101455,1
7312,P_NOUN_8_PASS_b,M,P,les cahiers avec les lampes que j' aime beaucoup ne sont probablement pas jetés <eos>,13,jetés,jetées,11,F,jetés,-9.106287,jetées,-12.247309,1
7313,P_NOUN_8_PASS_b,M,P,les cahiers avec les lampes que j' aime beaucoup ne sont probablement pas laissés <eos>,13,laissés,laissées,11,F,laissés,-8.442622,laissées,-11.299202,1
7314,P_NOUN_8_PASS_b,M,P,les cahiers avec les lampes que j' aime beaucoup ne sont probablement pas ouverts <eos>,13,ouverts,ouvertes,11,F,ouverts,-7.217968,ouvertes,-10.163621,1
7315,P_NOUN_8_PASS_b,M,P,les cahiers avec les lampes que j' aime beaucoup ne sont probablement pas perdus <eos>,13,perdus,perdues,11,F,perdus,-6.2208147,perdues,-8.934283,1
7316,P_NOUN_8_PASS_b,M,P,les cahiers avec les lampes que j' aime beaucoup ne sont probablement pas réparés <eos>,13,réparés,réparées,11,F,réparés,-11.949038,réparées,-12.21025,1
7317,P_NOUN_8_PASS_b,M,P,les cahiers avec les lampes que j' aime beaucoup ne sont probablement pas retirés <eos>,13,retirés,retirées,11,F,retirés,-9.408563,retirées,-10.364663,1
7318,P_NOUN_8_PASS_b,M,P,les cahiers avec les lampes que j' aime beaucoup ne sont probablement pas tombés <eos>,13,tombés,tombées,11,F,tombés,-7.716199,tombées,-10.759441,1
7319,P_NOUN_8_PASS_b,M,P,les cahiers avec les lampes que j' aime beaucoup ne sont probablement pas utilisés <eos>,13,utilisés,utilisées,11,F,utilisés,-5.5544453,utilisées,-8.72348,1
7320,P_NOUN_8_PASS_b,M,P,les cahiers avec les bouteilles que j' aime beaucoup ne sont probablement pas achetés <eos>,13,achetés,achetées,11,F,achetés,-8.693011,achetées,-11.910389,1
7321,P_NOUN_8_PASS_b,M,P,les cahiers avec les bouteilles que j' aime beaucoup ne sont probablement pas brisés <eos>,13,brisés,brisées,11,F,brisés,-11.853329,brisées,-12.496749,1
7322,P_NOUN_8_PASS_b,M,P,les cahiers avec les bouteilles que j' aime beaucoup ne sont probablement pas cachés <eos>,13,cachés,cachées,11,F,cachés,-8.315461,cachées,-11.215535,1
7323,P_NOUN_8_PASS_b,M,P,les cahiers avec les bouteilles que j' aime beaucoup ne sont probablement pas cassés <eos>,13,cassés,cassées,11,F,cassés,-10.814454,cassées,-11.543375,1
7324,P_NOUN_8_PASS_b,M,P,les cahiers avec les bouteilles que j' aime beaucoup ne sont probablement pas couverts <eos>,13,couverts,couvertes,11,F,couverts,-7.633667,couvertes,-11.306243,1
7325,P_NOUN_8_PASS_b,M,P,les cahiers avec les bouteilles que j' aime beaucoup ne sont probablement pas déformés <eos>,13,déformés,déformées,11,F,déformés,-11.902958,déformées,-10.668768,0
7326,P_NOUN_8_PASS_b,M,P,les cahiers avec les bouteilles que j' aime beaucoup ne sont probablement pas fixés <eos>,13,fixés,fixées,11,F,fixés,-9.598948,fixées,-11.487119,1
7327,P_NOUN_8_PASS_b,M,P,les cahiers avec les bouteilles que j' aime beaucoup ne sont probablement pas jetés <eos>,13,jetés,jetées,11,F,jetés,-9.176782,jetées,-12.766196,1
7328,P_NOUN_8_PASS_b,M,P,les cahiers avec les bouteilles que j' aime beaucoup ne sont probablement pas laissés <eos>,13,laissés,laissées,11,F,laissés,-8.456465,laissées,-10.723476,1
7329,P_NOUN_8_PASS_b,M,P,les cahiers avec les bouteilles que j' aime beaucoup ne sont probablement pas ouverts <eos>,13,ouverts,ouvertes,11,F,ouverts,-7.171481,ouvertes,-10.243111,1
7330,P_NOUN_8_PASS_b,M,P,les cahiers avec les bouteilles que j' aime beaucoup ne sont probablement pas perdus <eos>,13,perdus,perdues,11,F,perdus,-6.314461,perdues,-9.193896,1
7331,P_NOUN_8_PASS_b,M,P,les cahiers avec les bouteilles que j' aime beaucoup ne sont probablement pas réparés <eos>,13,réparés,réparées,11,F,réparés,-12.064061,réparées,-12.229521,1
7332,P_NOUN_8_PASS_b,M,P,les cahiers avec les bouteilles que j' aime beaucoup ne sont probablement pas retirés <eos>,13,retirés,retirées,11,F,retirés,-9.237305,retirées,-10.482361,1
7333,P_NOUN_8_PASS_b,M,P,les cahiers avec les bouteilles que j' aime beaucoup ne sont probablement pas tombés <eos>,13,tombés,tombées,11,F,tombés,-7.772466,tombées,-11.005966,1
7334,P_NOUN_8_PASS_b,M,P,les cahiers avec les bouteilles que j' aime beaucoup ne sont probablement pas utilisés <eos>,13,utilisés,utilisées,11,F,utilisés,-6.0096893,utilisées,-8.922369,1
7335,P_NOUN_8_PASS_b,M,P,les cahiers avec les boissons que j' aime beaucoup ne sont probablement pas achetés <eos>,13,achetés,achetées,11,F,achetés,-8.898644,achetées,-11.316186,1
7336,P_NOUN_8_PASS_b,M,P,les cahiers avec les boissons que j' aime beaucoup ne sont probablement pas brisés <eos>,13,brisés,brisées,11,F,brisés,-12.370606,brisées,-11.820733,0
7337,P_NOUN_8_PASS_b,M,P,les cahiers avec les boissons que j' aime beaucoup ne sont probablement pas cachés <eos>,13,cachés,cachées,11,F,cachés,-8.965078,cachées,-10.489919,1
7338,P_NOUN_8_PASS_b,M,P,les cahiers avec les boissons que j' aime beaucoup ne sont probablement pas cassés <eos>,13,cassés,cassées,11,F,cassés,-10.889387,cassées,-11.100109,1
7339,P_NOUN_8_PASS_b,M,P,les cahiers avec les boissons que j' aime beaucoup ne sont probablement pas couverts <eos>,13,couverts,couvertes,11,F,couverts,-7.5381174,couvertes,-9.875637,1
7340,P_NOUN_8_PASS_b,M,P,les cahiers avec les boissons que j' aime beaucoup ne sont probablement pas déformés <eos>,13,déformés,déformées,11,F,déformés,-12.732019,déformées,-10.112723,0
7341,P_NOUN_8_PASS_b,M,P,les cahiers avec les boissons que j' aime beaucoup ne sont probablement pas fixés <eos>,13,fixés,fixées,11,F,fixés,-9.884284,fixées,-10.4523945,1
7342,P_NOUN_8_PASS_b,M,P,les cahiers avec les boissons que j' aime beaucoup ne sont probablement pas jetés <eos>,13,jetés,jetées,11,F,jetés,-9.723659,jetées,-11.230534,1
7343,P_NOUN_8_PASS_b,M,P,les cahiers avec les boissons que j' aime beaucoup ne sont probablement pas laissés <eos>,13,laissés,laissées,11,F,laissés,-8.381035,laissées,-9.491871,1
7344,P_NOUN_8_PASS_b,M,P,les cahiers avec les boissons que j' aime beaucoup ne sont probablement pas ouverts <eos>,13,ouverts,ouvertes,11,F,ouverts,-7.6176987,ouvertes,-9.058857,1
7345,P_NOUN_8_PASS_b,M,P,les cahiers avec les boissons que j' aime beaucoup ne sont probablement pas perdus <eos>,13,perdus,perdues,11,F,perdus,-7.015424,perdues,-8.395396,1
7346,P_NOUN_8_PASS_b,M,P,les cahiers avec les boissons que j' aime beaucoup ne sont probablement pas réparés <eos>,13,réparés,réparées,11,F,réparés,-12.026464,réparées,-11.572117,0
7347,P_NOUN_8_PASS_b,M,P,les cahiers avec les boissons que j' aime beaucoup ne sont probablement pas retirés <eos>,13,retirés,retirées,11,F,retirés,-9.412932,retirées,-9.707534,1
7348,P_NOUN_8_PASS_b,M,P,les cahiers avec les boissons que j' aime beaucoup ne sont probablement pas tombés <eos>,13,tombés,tombées,11,F,tombés,-7.9160123,tombées,-10.083717,1
7349,P_NOUN_8_PASS_b,M,P,les cahiers avec les boissons que j' aime beaucoup ne sont probablement pas utilisés <eos>,13,utilisés,utilisées,11,F,utilisés,-5.819398,utilisées,-7.465868,1
7350,P_NOUN_8_PASS_b,M,P,les cahiers avec les pommes que j' aime beaucoup ne sont probablement pas achetés <eos>,13,achetés,achetées,11,F,achetés,-8.534412,achetées,-10.876738,1
7351,P_NOUN_8_PASS_b,M,P,les cahiers avec les pommes que j' aime beaucoup ne sont probablement pas brisés <eos>,13,brisés,brisées,11,F,brisés,-11.983186,brisées,-11.747161,0
7352,P_NOUN_8_PASS_b,M,P,les cahiers avec les pommes que j' aime beaucoup ne sont probablement pas cachés <eos>,13,cachés,cachées,11,F,cachés,-8.467597,cachées,-10.058578,1
7353,P_NOUN_8_PASS_b,M,P,les cahiers avec les pommes que j' aime beaucoup ne sont probablement pas cassés <eos>,13,cassés,cassées,11,F,cassés,-10.537944,cassées,-11.136554,1
7354,P_NOUN_8_PASS_b,M,P,les cahiers avec les pommes que j' aime beaucoup ne sont probablement pas couverts <eos>,13,couverts,couvertes,11,F,couverts,-7.787593,couvertes,-10.334928,1
7355,P_NOUN_8_PASS_b,M,P,les cahiers avec les pommes que j' aime beaucoup ne sont probablement pas déformés <eos>,13,déformés,déformées,11,F,déformés,-12.30188,déformées,-10.09886,0
7356,P_NOUN_8_PASS_b,M,P,les cahiers avec les pommes que j' aime beaucoup ne sont probablement pas fixés <eos>,13,fixés,fixées,11,F,fixés,-10.086096,fixées,-10.851538,1
7357,P_NOUN_8_PASS_b,M,P,les cahiers avec les pommes que j' aime beaucoup ne sont probablement pas jetés <eos>,13,jetés,jetées,11,F,jetés,-9.731506,jetées,-11.134881,1
7358,P_NOUN_8_PASS_b,M,P,les cahiers avec les pommes que j' aime beaucoup ne sont probablement pas laissés <eos>,13,laissés,laissées,11,F,laissés,-8.022362,laissées,-9.839448,1
7359,P_NOUN_8_PASS_b,M,P,les cahiers avec les pommes que j' aime beaucoup ne sont probablement pas ouverts <eos>,13,ouverts,ouvertes,11,F,ouverts,-7.8785534,ouvertes,-9.664131,1
7360,P_NOUN_8_PASS_b,M,P,les cahiers avec les pommes que j' aime beaucoup ne sont probablement pas perdus <eos>,13,perdus,perdues,11,F,perdus,-6.5484405,perdues,-7.904163,1
7361,P_NOUN_8_PASS_b,M,P,les cahiers avec les pommes que j' aime beaucoup ne sont probablement pas réparés <eos>,13,réparés,réparées,11,F,réparés,-12.282888,réparées,-11.888634,0
7362,P_NOUN_8_PASS_b,M,P,les cahiers avec les pommes que j' aime beaucoup ne sont probablement pas retirés <eos>,13,retirés,retirées,11,F,retirés,-9.208226,retirées,-9.788285,1
7363,P_NOUN_8_PASS_b,M,P,les cahiers avec les pommes que j' aime beaucoup ne sont probablement pas tombés <eos>,13,tombés,tombées,11,F,tombés,-7.403104,tombées,-9.471944,1
7364,P_NOUN_8_PASS_b,M,P,les cahiers avec les pommes que j' aime beaucoup ne sont probablement pas utilisés <eos>,13,utilisés,utilisées,11,F,utilisés,-6.145212,utilisées,-7.8466053,1
7365,P_NOUN_8_PASS_b,M,P,les cahiers avec les tasses que j' aime beaucoup ne sont probablement pas achetés <eos>,13,achetés,achetées,11,F,achetés,-9.067227,achetées,-12.029049,1
7366,P_NOUN_8_PASS_b,M,P,les cahiers avec les tasses que j' aime beaucoup ne sont probablement pas brisés <eos>,13,brisés,brisées,11,F,brisés,-11.748002,brisées,-12.302381,1
7367,P_NOUN_8_PASS_b,M,P,les cahiers avec les tasses que j' aime beaucoup ne sont probablement pas cachés <eos>,13,cachés,cachées,11,F,cachés,-9.228075,cachées,-11.323294,1
7368,P_NOUN_8_PASS_b,M,P,les cahiers avec les tasses que j' aime beaucoup ne sont probablement pas cassés <eos>,13,cassés,cassées,11,F,cassés,-10.97261,cassées,-11.761742,1
7369,P_NOUN_8_PASS_b,M,P,les cahiers avec les tasses que j' aime beaucoup ne sont probablement pas couverts <eos>,13,couverts,couvertes,11,F,couverts,-7.3176355,couvertes,-10.845532,1
7370,P_NOUN_8_PASS_b,M,P,les cahiers avec les tasses que j' aime beaucoup ne sont probablement pas déformés <eos>,13,déformés,déformées,11,F,déformés,-11.964165,déformées,-10.349115,0
7371,P_NOUN_8_PASS_b,M,P,les cahiers avec les tasses que j' aime beaucoup ne sont probablement pas fixés <eos>,13,fixés,fixées,11,F,fixés,-9.916401,fixées,-11.060984,1
7372,P_NOUN_8_PASS_b,M,P,les cahiers avec les tasses que j' aime beaucoup ne sont probablement pas jetés <eos>,13,jetés,jetées,11,F,jetés,-9.584198,jetées,-12.560091,1
7373,P_NOUN_8_PASS_b,M,P,les cahiers avec les tasses que j' aime beaucoup ne sont probablement pas laissés <eos>,13,laissés,laissées,11,F,laissés,-8.387966,laissées,-10.284428,1
7374,P_NOUN_8_PASS_b,M,P,les cahiers avec les tasses que j' aime beaucoup ne sont probablement pas ouverts <eos>,13,ouverts,ouvertes,11,F,ouverts,-7.1634445,ouvertes,-9.841614,1
7375,P_NOUN_8_PASS_b,M,P,les cahiers avec les tasses que j' aime beaucoup ne sont probablement pas perdus <eos>,13,perdus,perdues,11,F,perdus,-5.874506,perdues,-8.441244,1
7376,P_NOUN_8_PASS_b,M,P,les cahiers avec les tasses que j' aime beaucoup ne sont probablement pas réparés <eos>,13,réparés,réparées,11,F,réparés,-12.058227,réparées,-12.028887,0
7377,P_NOUN_8_PASS_b,M,P,les cahiers avec les tasses que j' aime beaucoup ne sont probablement pas retirés <eos>,13,retirés,retirées,11,F,retirés,-9.211172,retirées,-10.2155285,1
7378,P_NOUN_8_PASS_b,M,P,les cahiers avec les tasses que j' aime beaucoup ne sont probablement pas tombés <eos>,13,tombés,tombées,11,F,tombés,-7.5910835,tombées,-10.476944,1
7379,P_NOUN_8_PASS_b,M,P,les cahiers avec les tasses que j' aime beaucoup ne sont probablement pas utilisés <eos>,13,utilisés,utilisées,11,F,utilisés,-6.015774,utilisées,-8.573668,1
7380,P_NOUN_8_PASS_b,M,P,les cahiers avec les bougies que j' aime beaucoup ne sont probablement pas achetés <eos>,13,achetés,achetées,11,F,achetés,-9.3382,achetées,-12.26372,1
7381,P_NOUN_8_PASS_b,M,P,les cahiers avec les bougies que j' aime beaucoup ne sont probablement pas brisés <eos>,13,brisés,brisées,11,F,brisés,-11.149167,brisées,-12.210824,1
7382,P_NOUN_8_PASS_b,M,P,les cahiers avec les bougies que j' aime beaucoup ne sont probablement pas cachés <eos>,13,cachés,cachées,11,F,cachés,-7.839575,cachées,-10.645271,1
7383,P_NOUN_8_PASS_b,M,P,les cahiers avec les bougies que j' aime beaucoup ne sont probablement pas cassés <eos>,13,cassés,cassées,11,F,cassés,-10.533266,cassées,-11.306448,1
7384,P_NOUN_8_PASS_b,M,P,les cahiers avec les bougies que j' aime beaucoup ne sont probablement pas couverts <eos>,13,couverts,couvertes,11,F,couverts,-7.7256393,couvertes,-11.348721,1
7385,P_NOUN_8_PASS_b,M,P,les cahiers avec les bougies que j' aime beaucoup ne sont probablement pas déformés <eos>,13,déformés,déformées,11,F,déformés,-11.404398,déformées,-10.780102,0
7386,P_NOUN_8_PASS_b,M,P,les cahiers avec les bougies que j' aime beaucoup ne sont probablement pas fixés <eos>,13,fixés,fixées,11,F,fixés,-9.528837,fixées,-11.107427,1
7387,P_NOUN_8_PASS_b,M,P,les cahiers avec les bougies que j' aime beaucoup ne sont probablement pas jetés <eos>,13,jetés,jetées,11,F,jetés,-8.367667,jetées,-11.795853,1
7388,P_NOUN_8_PASS_b,M,P,les cahiers avec les bougies que j' aime beaucoup ne sont probablement pas laissés <eos>,13,laissés,laissées,11,F,laissés,-8.024931,laissées,-11.362935,1
7389,P_NOUN_8_PASS_b,M,P,les cahiers avec les bougies que j' aime beaucoup ne sont probablement pas ouverts <eos>,13,ouverts,ouvertes,11,F,ouverts,-7.547933,ouvertes,-10.351685,1
7390,P_NOUN_8_PASS_b,M,P,les cahiers avec les bougies que j' aime beaucoup ne sont probablement pas perdus <eos>,13,perdus,perdues,11,F,perdus,-6.208371,perdues,-9.209086,1
7391,P_NOUN_8_PASS_b,M,P,les cahiers avec les bougies que j' aime beaucoup ne sont probablement pas réparés <eos>,13,réparés,réparées,11,F,réparés,-11.553429,réparées,-11.976127,1
7392,P_NOUN_8_PASS_b,M,P,les cahiers avec les bougies que j' aime beaucoup ne sont probablement pas retirés <eos>,13,retirés,retirées,11,F,retirés,-8.941248,retirées,-10.233554,1
7393,P_NOUN_8_PASS_b,M,P,les cahiers avec les bougies que j' aime beaucoup ne sont probablement pas tombés <eos>,13,tombés,tombées,11,F,tombés,-6.0544186,tombées,-10.3455305,1
7394,P_NOUN_8_PASS_b,M,P,les cahiers avec les bougies que j' aime beaucoup ne sont probablement pas utilisés <eos>,13,utilisés,utilisées,11,F,utilisés,-5.780227,utilisées,-8.899693,1
7395,P_NOUN_8_PASS_b,M,P,les cahiers avec les pochettes que j' aime beaucoup ne sont probablement pas achetés <eos>,13,achetés,achetées,11,F,achetés,-9.61059,achetées,-11.293072,1
7396,P_NOUN_8_PASS_b,M,P,les cahiers avec les pochettes que j' aime beaucoup ne sont probablement pas brisés <eos>,13,brisés,brisées,11,F,brisés,-12.29838,brisées,-12.131985,0
7397,P_NOUN_8_PASS_b,M,P,les cahiers avec les pochettes que j' aime beaucoup ne sont probablement pas cachés <eos>,13,cachés,cachées,11,F,cachés,-9.56364,cachées,-10.481176,1
7398,P_NOUN_8_PASS_b,M,P,les cahiers avec les pochettes que j' aime beaucoup ne sont probablement pas cassés <eos>,13,cassés,cassées,11,F,cassés,-11.904392,cassées,-11.54212,0
7399,P_NOUN_8_PASS_b,M,P,les cahiers avec les pochettes que j' aime beaucoup ne sont probablement pas couverts <eos>,13,couverts,couvertes,11,F,couverts,-8.919149,couvertes,-10.384857,1
7400,P_NOUN_8_PASS_b,M,P,les cahiers avec les pochettes que j' aime beaucoup ne sont probablement pas déformés <eos>,13,déformés,déformées,11,F,déformés,-12.307727,déformées,-9.987746,0
7401,P_NOUN_8_PASS_b,M,P,les cahiers avec les pochettes que j' aime beaucoup ne sont probablement pas fixés <eos>,13,fixés,fixées,11,F,fixés,-10.408213,fixées,-11.138449,1
7402,P_NOUN_8_PASS_b,M,P,les cahiers avec les pochettes que j' aime beaucoup ne sont probablement pas jetés <eos>,13,jetés,jetées,11,F,jetés,-10.402067,jetées,-12.718952,1
7403,P_NOUN_8_PASS_b,M,P,les cahiers avec les pochettes que j' aime beaucoup ne sont probablement pas laissés <eos>,13,laissés,laissées,11,F,laissés,-9.30168,laissées,-9.645251,1
7404,P_NOUN_8_PASS_b,M,P,les cahiers avec les pochettes que j' aime beaucoup ne sont probablement pas ouverts <eos>,13,ouverts,ouvertes,11,F,ouverts,-7.2796364,ouvertes,-8.66964,1
7405,P_NOUN_8_PASS_b,M,P,les cahiers avec les pochettes que j' aime beaucoup ne sont probablement pas perdus <eos>,13,perdus,perdues,11,F,perdus,-7.096782,perdues,-8.645716,1
7406,P_NOUN_8_PASS_b,M,P,les cahiers avec les pochettes que j' aime beaucoup ne sont probablement pas réparés <eos>,13,réparés,réparées,11,F,réparés,-12.444184,réparées,-11.369658,0
7407,P_NOUN_8_PASS_b,M,P,les cahiers avec les pochettes que j' aime beaucoup ne sont probablement pas retirés <eos>,13,retirés,retirées,11,F,retirés,-9.964448,retirées,-9.571317,0
7408,P_NOUN_8_PASS_b,M,P,les cahiers avec les pochettes que j' aime beaucoup ne sont probablement pas tombés <eos>,13,tombés,tombées,11,F,tombés,-8.670694,tombées,-10.582403,1
7409,P_NOUN_8_PASS_b,M,P,les cahiers avec les pochettes que j' aime beaucoup ne sont probablement pas utilisés <eos>,13,utilisés,utilisées,11,F,utilisés,-6.649598,utilisées,-8.162877,1
7410,P_NOUN_8_PASS_b,M,P,les cahiers avec les bananes que j' aime beaucoup ne sont probablement pas achetés <eos>,13,achetés,achetées,11,F,achetés,-8.733753,achetées,-12.752098,1
7411,P_NOUN_8_PASS_b,M,P,les cahiers avec les bananes que j' aime beaucoup ne sont probablement pas brisés <eos>,13,brisés,brisées,11,F,brisés,-11.927055,brisées,-12.810924,1
7412,P_NOUN_8_PASS_b,M,P,les cahiers avec les bananes que j' aime beaucoup ne sont probablement pas cachés <eos>,13,cachés,cachées,11,F,cachés,-9.069405,cachées,-12.187503,1
7413,P_NOUN_8_PASS_b,M,P,les cahiers avec les bananes que j' aime beaucoup ne sont probablement pas cassés <eos>,13,cassés,cassées,11,F,cassés,-10.936736,cassées,-12.337581,1
7414,P_NOUN_8_PASS_b,M,P,les cahiers avec les bananes que j' aime beaucoup ne sont probablement pas couverts <eos>,13,couverts,couvertes,11,F,couverts,-7.5389814,couvertes,-11.590376,1
7415,P_NOUN_8_PASS_b,M,P,les cahiers avec les bananes que j' aime beaucoup ne sont probablement pas déformés <eos>,13,déformés,déformées,11,F,déformés,-12.083445,déformées,-11.185492,0
7416,P_NOUN_8_PASS_b,M,P,les cahiers avec les bananes que j' aime beaucoup ne sont probablement pas fixés <eos>,13,fixés,fixées,11,F,fixés,-9.724594,fixées,-11.709919,1
7417,P_NOUN_8_PASS_b,M,P,les cahiers avec les bananes que j' aime beaucoup ne sont probablement pas jetés <eos>,13,jetés,jetées,11,F,jetés,-9.923121,jetées,-12.309772,1
7418,P_NOUN_8_PASS_b,M,P,les cahiers avec les bananes que j' aime beaucoup ne sont probablement pas laissés <eos>,13,laissés,laissées,11,F,laissés,-8.000812,laissées,-11.02095,1
7419,P_NOUN_8_PASS_b,M,P,les cahiers avec les bananes que j' aime beaucoup ne sont probablement pas ouverts <eos>,13,ouverts,ouvertes,11,F,ouverts,-7.684678,ouvertes,-11.039304,1
7420,P_NOUN_8_PASS_b,M,P,les cahiers avec les bananes que j' aime beaucoup ne sont probablement pas perdus <eos>,13,perdus,perdues,11,F,perdus,-6.277149,perdues,-9.494445,1
7421,P_NOUN_8_PASS_b,M,P,les cahiers avec les bananes que j' aime beaucoup ne sont probablement pas réparés <eos>,13,réparés,réparées,11,F,réparés,-12.195387,réparées,-13.156956,1
7422,P_NOUN_8_PASS_b,M,P,les cahiers avec les bananes que j' aime beaucoup ne sont probablement pas retirés <eos>,13,retirés,retirées,11,F,retirés,-9.3787365,retirées,-11.238297,1
7423,P_NOUN_8_PASS_b,M,P,les cahiers avec les bananes que j' aime beaucoup ne sont probablement pas tombés <eos>,13,tombés,tombées,11,F,tombés,-7.6239376,tombées,-10.88988,1
7424,P_NOUN_8_PASS_b,M,P,les cahiers avec les bananes que j' aime beaucoup ne sont probablement pas utilisés <eos>,13,utilisés,utilisées,11,F,utilisés,-5.9982147,utilisées,-9.250982,1
7425,P_NOUN_8_PASS_b,M,P,les cahiers avec les robes que j' aime beaucoup ne sont probablement pas achetés <eos>,13,achetés,achetées,11,F,achetés,-9.437953,achetées,-12.893428,1
7426,P_NOUN_8_PASS_b,M,P,les cahiers avec les robes que j' aime beaucoup ne sont probablement pas brisés <eos>,13,brisés,brisées,11,F,brisés,-11.850307,brisées,-12.493075,1
7427,P_NOUN_8_PASS_b,M,P,les cahiers avec les robes que j' aime beaucoup ne sont probablement pas cachés <eos>,13,cachés,cachées,11,F,cachés,-8.532232,cachées,-11.101028,1
7428,P_NOUN_8_PASS_b,M,P,les cahiers avec les robes que j' aime beaucoup ne sont probablement pas cassés <eos>,13,cassés,cassées,11,F,cassés,-11.287599,cassées,-11.52082,1
7429,P_NOUN_8_PASS_b,M,P,les cahiers avec les robes que j' aime beaucoup ne sont probablement pas couverts <eos>,13,couverts,couvertes,11,F,couverts,-7.793148,couvertes,-11.075218,1
7430,P_NOUN_8_PASS_b,M,P,les cahiers avec les robes que j' aime beaucoup ne sont probablement pas déformés <eos>,13,déformés,déformées,11,F,déformés,-11.641249,déformées,-10.816399,0
7431,P_NOUN_8_PASS_b,M,P,les cahiers avec les robes que j' aime beaucoup ne sont probablement pas fixés <eos>,13,fixés,fixées,11,F,fixés,-9.914007,fixées,-11.104135,1
7432,P_NOUN_8_PASS_b,M,P,les cahiers avec les robes que j' aime beaucoup ne sont probablement pas jetés <eos>,13,jetés,jetées,11,F,jetés,-9.447347,jetées,-12.193076,1
7433,P_NOUN_8_PASS_b,M,P,les cahiers avec les robes que j' aime beaucoup ne sont probablement pas laissés <eos>,13,laissés,laissées,11,F,laissés,-8.663761,laissées,-11.06049,1
7434,P_NOUN_8_PASS_b,M,P,les cahiers avec les robes que j' aime beaucoup ne sont probablement pas ouverts <eos>,13,ouverts,ouvertes,11,F,ouverts,-7.7738934,ouvertes,-10.279928,1
7435,P_NOUN_8_PASS_b,M,P,les cahiers avec les robes que j' aime beaucoup ne sont probablement pas perdus <eos>,13,perdus,perdues,11,F,perdus,-6.9749374,perdues,-9.357133,1
7436,P_NOUN_8_PASS_b,M,P,les cahiers avec les robes que j' aime beaucoup ne sont probablement pas réparés <eos>,13,réparés,réparées,11,F,réparés,-11.826195,réparées,-12.424828,1
7437,P_NOUN_8_PASS_b,M,P,les cahiers avec les robes que j' aime beaucoup ne sont probablement pas retirés <eos>,13,retirés,retirées,11,F,retirés,-9.455228,retirées,-10.533794,1
7438,P_NOUN_8_PASS_b,M,P,les cahiers avec les robes que j' aime beaucoup ne sont probablement pas tombés <eos>,13,tombés,tombées,11,F,tombés,-7.078122,tombées,-10.665002,1
7439,P_NOUN_8_PASS_b,M,P,les cahiers avec les robes que j' aime beaucoup ne sont probablement pas utilisés <eos>,13,utilisés,utilisées,11,F,utilisés,-5.8076987,utilisées,-8.746126,1
7440,P_NOUN_8_PASS_b,M,P,les cahiers avec les valises que j' aime beaucoup ne sont probablement pas achetés <eos>,13,achetés,achetées,11,F,achetés,-9.370288,achetées,-12.552832,1
7441,P_NOUN_8_PASS_b,M,P,les cahiers avec les valises que j' aime beaucoup ne sont probablement pas brisés <eos>,13,brisés,brisées,11,F,brisés,-12.058084,brisées,-12.35914,1
7442,P_NOUN_8_PASS_b,M,P,les cahiers avec les valises que j' aime beaucoup ne sont probablement pas cachés <eos>,13,cachés,cachées,11,F,cachés,-8.434264,cachées,-10.55743,1
7443,P_NOUN_8_PASS_b,M,P,les cahiers avec les valises que j' aime beaucoup ne sont probablement pas cassés <eos>,13,cassés,cassées,11,F,cassés,-11.536755,cassées,-12.145182,1
7444,P_NOUN_8_PASS_b,M,P,les cahiers avec les valises que j' aime beaucoup ne sont probablement pas couverts <eos>,13,couverts,couvertes,11,F,couverts,-7.550384,couvertes,-10.69644,1
7445,P_NOUN_8_PASS_b,M,P,les cahiers avec les valises que j' aime beaucoup ne sont probablement pas déformés <eos>,13,déformés,déformées,11,F,déformés,-12.190629,déformées,-10.582017,0
7446,P_NOUN_8_PASS_b,M,P,les cahiers avec les valises que j' aime beaucoup ne sont probablement pas fixés <eos>,13,fixés,fixées,11,F,fixés,-9.87858,fixées,-11.014895,1
7447,P_NOUN_8_PASS_b,M,P,les cahiers avec les valises que j' aime beaucoup ne sont probablement pas jetés <eos>,13,jetés,jetées,11,F,jetés,-9.399323,jetées,-12.042974,1
7448,P_NOUN_8_PASS_b,M,P,les cahiers avec les valises que j' aime beaucoup ne sont probablement pas laissés <eos>,13,laissés,laissées,11,F,laissés,-8.357954,laissées,-10.442888,1
7449,P_NOUN_8_PASS_b,M,P,les cahiers avec les valises que j' aime beaucoup ne sont probablement pas ouverts <eos>,13,ouverts,ouvertes,11,F,ouverts,-6.9579954,ouvertes,-9.346476,1
7450,P_NOUN_8_PASS_b,M,P,les cahiers avec les valises que j' aime beaucoup ne sont probablement pas perdus <eos>,13,perdus,perdues,11,F,perdus,-6.433778,perdues,-8.823814,1
7451,P_NOUN_8_PASS_b,M,P,les cahiers avec les valises que j' aime beaucoup ne sont probablement pas réparés <eos>,13,réparés,réparées,11,F,réparés,-12.080284,réparées,-12.078739,0
7452,P_NOUN_8_PASS_b,M,P,les cahiers avec les valises que j' aime beaucoup ne sont probablement pas retirés <eos>,13,retirés,retirées,11,F,retirés,-9.805409,retirées,-10.429274,1
7453,P_NOUN_8_PASS_b,M,P,les cahiers avec les valises que j' aime beaucoup ne sont probablement pas tombés <eos>,13,tombés,tombées,11,F,tombés,-7.8572626,tombées,-10.632937,1
7454,P_NOUN_8_PASS_b,M,P,les cahiers avec les valises que j' aime beaucoup ne sont probablement pas utilisés <eos>,13,utilisés,utilisées,11,F,utilisés,-6.272766,utilisées,-8.802799,1
7455,P_NOUN_8_PASS_b,M,P,les cahiers avec les pendules que j' aime beaucoup ne sont probablement pas achetés <eos>,13,achetés,achetées,11,F,achetés,-9.128676,achetées,-12.313903,1
7456,P_NOUN_8_PASS_b,M,P,les cahiers avec les pendules que j' aime beaucoup ne sont probablement pas brisés <eos>,13,brisés,brisées,11,F,brisés,-11.448651,brisées,-11.945895,1
7457,P_NOUN_8_PASS_b,M,P,les cahiers avec les pendules que j' aime beaucoup ne sont probablement pas cachés <eos>,13,cachés,cachées,11,F,cachés,-8.085489,cachées,-10.599787,1
7458,P_NOUN_8_PASS_b,M,P,les cahiers avec les pendules que j' aime beaucoup ne sont probablement pas cassés <eos>,13,cassés,cassées,11,F,cassés,-10.668691,cassées,-11.099708,1
7459,P_NOUN_8_PASS_b,M,P,les cahiers avec les pendules que j' aime beaucoup ne sont probablement pas couverts <eos>,13,couverts,couvertes,11,F,couverts,-7.889311,couvertes,-10.851845,1
7460,P_NOUN_8_PASS_b,M,P,les cahiers avec les pendules que j' aime beaucoup ne sont probablement pas déformés <eos>,13,déformés,déformées,11,F,déformés,-11.368413,déformées,-9.869076,0
7461,P_NOUN_8_PASS_b,M,P,les cahiers avec les pendules que j' aime beaucoup ne sont probablement pas fixés <eos>,13,fixés,fixées,11,F,fixés,-9.524554,fixées,-10.630029,1
7462,P_NOUN_8_PASS_b,M,P,les cahiers avec les pendules que j' aime beaucoup ne sont probablement pas jetés <eos>,13,jetés,jetées,11,F,jetés,-8.842459,jetées,-11.910662,1
7463,P_NOUN_8_PASS_b,M,P,les cahiers avec les pendules que j' aime beaucoup ne sont probablement pas laissés <eos>,13,laissés,laissées,11,F,laissés,-8.472774,laissées,-10.865132,1
7464,P_NOUN_8_PASS_b,M,P,les cahiers avec les pendules que j' aime beaucoup ne sont probablement pas ouverts <eos>,13,ouverts,ouvertes,11,F,ouverts,-7.285098,ouvertes,-9.88352,1
7465,P_NOUN_8_PASS_b,M,P,les cahiers avec les pendules que j' aime beaucoup ne sont probablement pas perdus <eos>,13,perdus,perdues,11,F,perdus,-6.571959,perdues,-8.975655,1
7466,P_NOUN_8_PASS_b,M,P,les cahiers avec les pendules que j' aime beaucoup ne sont probablement pas réparés <eos>,13,réparés,réparées,11,F,réparés,-11.95186,réparées,-11.652781,0
7467,P_NOUN_8_PASS_b,M,P,les cahiers avec les pendules que j' aime beaucoup ne sont probablement pas retirés <eos>,13,retirés,retirées,11,F,retirés,-9.286285,retirées,-9.797436,1
7468,P_NOUN_8_PASS_b,M,P,les cahiers avec les pendules que j' aime beaucoup ne sont probablement pas tombés <eos>,13,tombés,tombées,11,F,tombés,-7.9324875,tombées,-10.466805,1
7469,P_NOUN_8_PASS_b,M,P,les cahiers avec les pendules que j' aime beaucoup ne sont probablement pas utilisés <eos>,13,utilisés,utilisées,11,F,utilisés,-5.5892506,utilisées,-8.271613,1
7470,P_NOUN_8_PASS_b,M,P,les cahiers avec les cloches que j' aime beaucoup ne sont probablement pas achetés <eos>,13,achetés,achetées,11,F,achetés,-9.497784,achetées,-12.871681,1
7471,P_NOUN_8_PASS_b,M,P,les cahiers avec les cloches que j' aime beaucoup ne sont probablement pas brisés <eos>,13,brisés,brisées,11,F,brisés,-11.128428,brisées,-12.244503,1
7472,P_NOUN_8_PASS_b,M,P,les cahiers avec les cloches que j' aime beaucoup ne sont probablement pas cachés <eos>,13,cachés,cachées,11,F,cachés,-8.060864,cachées,-10.836495,1
7473,P_NOUN_8_PASS_b,M,P,les cahiers avec les cloches que j' aime beaucoup ne sont probablement pas cassés <eos>,13,cassés,cassées,11,F,cassés,-10.718966,cassées,-11.813535,1
7474,P_NOUN_8_PASS_b,M,P,les cahiers avec les cloches que j' aime beaucoup ne sont probablement pas couverts <eos>,13,couverts,couvertes,11,F,couverts,-7.394433,couvertes,-11.149705,1
7475,P_NOUN_8_PASS_b,M,P,les cahiers avec les cloches que j' aime beaucoup ne sont probablement pas déformés <eos>,13,déformés,déformées,11,F,déformés,-11.781147,déformées,-11.169956,0
7476,P_NOUN_8_PASS_b,M,P,les cahiers avec les cloches que j' aime beaucoup ne sont probablement pas fixés <eos>,13,fixés,fixées,11,F,fixés,-9.794119,fixées,-11.293447,1
7477,P_NOUN_8_PASS_b,M,P,les cahiers avec les cloches que j' aime beaucoup ne sont probablement pas jetés <eos>,13,jetés,jetées,11,F,jetés,-8.631931,jetées,-12.1148205,1
7478,P_NOUN_8_PASS_b,M,P,les cahiers avec les cloches que j' aime beaucoup ne sont probablement pas laissés <eos>,13,laissés,laissées,11,F,laissés,-7.899106,laissées,-11.325185,1
7479,P_NOUN_8_PASS_b,M,P,les cahiers avec les cloches que j' aime beaucoup ne sont probablement pas ouverts <eos>,13,ouverts,ouvertes,11,F,ouverts,-7.4451313,ouvertes,-10.020864,1
7480,P_NOUN_8_PASS_b,M,P,les cahiers avec les cloches que j' aime beaucoup ne sont probablement pas perdus <eos>,13,perdus,perdues,11,F,perdus,-6.0007777,perdues,-8.853674,1
7481,P_NOUN_8_PASS_b,M,P,les cahiers avec les cloches que j' aime beaucoup ne sont probablement pas réparés <eos>,13,réparés,réparées,11,F,réparés,-11.15903,réparées,-11.933733,1
7482,P_NOUN_8_PASS_b,M,P,les cahiers avec les cloches que j' aime beaucoup ne sont probablement pas retirés <eos>,13,retirés,retirées,11,F,retirés,-9.029523,retirées,-10.291014,1
7483,P_NOUN_8_PASS_b,M,P,les cahiers avec les cloches que j' aime beaucoup ne sont probablement pas tombés <eos>,13,tombés,tombées,11,F,tombés,-6.5140505,tombées,-10.337241,1
7484,P_NOUN_8_PASS_b,M,P,les cahiers avec les cloches que j' aime beaucoup ne sont probablement pas utilisés <eos>,13,utilisés,utilisées,11,F,utilisés,-5.943536,utilisées,-9.106706,1
7485,P_NOUN_8_PASS_b,M,P,les cahiers avec les cerises que j' aime beaucoup ne sont probablement pas achetés <eos>,13,achetés,achetées,11,F,achetés,-8.66558,achetées,-12.400589,1
7486,P_NOUN_8_PASS_b,M,P,les cahiers avec les cerises que j' aime beaucoup ne sont probablement pas brisés <eos>,13,brisés,brisées,11,F,brisés,-11.62167,brisées,-12.960902,1
7487,P_NOUN_8_PASS_b,M,P,les cahiers avec les cerises que j' aime beaucoup ne sont probablement pas cachés <eos>,13,cachés,cachées,11,F,cachés,-9.078117,cachées,-11.841669,1
7488,P_NOUN_8_PASS_b,M,P,les cahiers avec les cerises que j' aime beaucoup ne sont probablement pas cassés <eos>,13,cassés,cassées,11,F,cassés,-10.982621,cassées,-12.175269,1
7489,P_NOUN_8_PASS_b,M,P,les cahiers avec les cerises que j' aime beaucoup ne sont probablement pas couverts <eos>,13,couverts,couvertes,11,F,couverts,-7.406701,couvertes,-11.554083,1
7490,P_NOUN_8_PASS_b,M,P,les cahiers avec les cerises que j' aime beaucoup ne sont probablement pas déformés <eos>,13,déformés,déformées,11,F,déformés,-11.950352,déformées,-11.304438,0
7491,P_NOUN_8_PASS_b,M,P,les cahiers avec les cerises que j' aime beaucoup ne sont probablement pas fixés <eos>,13,fixés,fixées,11,F,fixés,-9.696891,fixées,-11.809988,1
7492,P_NOUN_8_PASS_b,M,P,les cahiers avec les cerises que j' aime beaucoup ne sont probablement pas jetés <eos>,13,jetés,jetées,11,F,jetés,-9.467142,jetées,-12.826091,1
7493,P_NOUN_8_PASS_b,M,P,les cahiers avec les cerises que j' aime beaucoup ne sont probablement pas laissés <eos>,13,laissés,laissées,11,F,laissés,-7.8819885,laissées,-11.220497,1
7494,P_NOUN_8_PASS_b,M,P,les cahiers avec les cerises que j' aime beaucoup ne sont probablement pas ouverts <eos>,13,ouverts,ouvertes,11,F,ouverts,-7.252528,ouvertes,-10.477217,1
7495,P_NOUN_8_PASS_b,M,P,les cahiers avec les cerises que j' aime beaucoup ne sont probablement pas perdus <eos>,13,perdus,perdues,11,F,perdus,-6.5038786,perdues,-9.520857,1
7496,P_NOUN_8_PASS_b,M,P,les cahiers avec les cerises que j' aime beaucoup ne sont probablement pas réparés <eos>,13,réparés,réparées,11,F,réparés,-11.903048,réparées,-12.668091,1
7497,P_NOUN_8_PASS_b,M,P,les cahiers avec les cerises que j' aime beaucoup ne sont probablement pas retirés <eos>,13,retirés,retirées,11,F,retirés,-9.353431,retirées,-11.120034,1
7498,P_NOUN_8_PASS_b,M,P,les cahiers avec les cerises que j' aime beaucoup ne sont probablement pas tombés <eos>,13,tombés,tombées,11,F,tombés,-7.3742085,tombées,-10.934301,1
7499,P_NOUN_8_PASS_b,M,P,les cahiers avec les cerises que j' aime beaucoup ne sont probablement pas utilisés <eos>,13,utilisés,utilisées,11,F,utilisés,-6.3169503,utilisées,-9.349606,1
7500,P_NOUN_8_PASS_b,M,P,les micros avec les gemmes que j' aime beaucoup ne sont probablement pas achetés <eos>,13,achetés,achetées,11,F,achetés,-9.621038,achetées,-13.602306,1
7501,P_NOUN_8_PASS_b,M,P,les micros avec les gemmes que j' aime beaucoup ne sont probablement pas brisés <eos>,13,brisés,brisées,11,F,brisés,-10.52354,brisées,-11.612697,1
7502,P_NOUN_8_PASS_b,M,P,les micros avec les gemmes que j' aime beaucoup ne sont probablement pas cachés <eos>,13,cachés,cachées,11,F,cachés,-8.053858,cachées,-11.174875,1
7503,P_NOUN_8_PASS_b,M,P,les micros avec les gemmes que j' aime beaucoup ne sont probablement pas cassés <eos>,13,cassés,cassées,11,F,cassés,-10.003359,cassées,-11.477957,1
7504,P_NOUN_8_PASS_b,M,P,les micros avec les gemmes que j' aime beaucoup ne sont probablement pas couverts <eos>,13,couverts,couvertes,11,F,couverts,-7.4072294,couvertes,-11.312348,1
7505,P_NOUN_8_PASS_b,M,P,les micros avec les gemmes que j' aime beaucoup ne sont probablement pas déformés <eos>,13,déformés,déformées,11,F,déformés,-10.923532,déformées,-10.638241,0
7506,P_NOUN_8_PASS_b,M,P,les micros avec les gemmes que j' aime beaucoup ne sont probablement pas fixés <eos>,13,fixés,fixées,11,F,fixés,-7.925643,fixées,-10.934069,1
7507,P_NOUN_8_PASS_b,M,P,les micros avec les gemmes que j' aime beaucoup ne sont probablement pas jetés <eos>,13,jetés,jetées,11,F,jetés,-8.953293,jetées,-12.09342,1
7508,P_NOUN_8_PASS_b,M,P,les micros avec les gemmes que j' aime beaucoup ne sont probablement pas laissés <eos>,13,laissés,laissées,11,F,laissés,-8.708165,laissées,-11.250973,1
7509,P_NOUN_8_PASS_b,M,P,les micros avec les gemmes que j' aime beaucoup ne sont probablement pas ouverts <eos>,13,ouverts,ouvertes,11,F,ouverts,-8.000206,ouvertes,-11.818228,1
7510,P_NOUN_8_PASS_b,M,P,les micros avec les gemmes que j' aime beaucoup ne sont probablement pas perdus <eos>,13,perdus,perdues,11,F,perdus,-6.991675,perdues,-10.54327,1
7511,P_NOUN_8_PASS_b,M,P,les micros avec les gemmes que j' aime beaucoup ne sont probablement pas réparés <eos>,13,réparés,réparées,11,F,réparés,-10.904059,réparées,-12.28848,1
7512,P_NOUN_8_PASS_b,M,P,les micros avec les gemmes que j' aime beaucoup ne sont probablement pas retirés <eos>,13,retirés,retirées,11,F,retirés,-9.213613,retirées,-10.981307,1
7513,P_NOUN_8_PASS_b,M,P,les micros avec les gemmes que j' aime beaucoup ne sont probablement pas tombés <eos>,13,tombés,tombées,11,F,tombés,-7.573372,tombées,-11.073941,1
7514,P_NOUN_8_PASS_b,M,P,les micros avec les gemmes que j' aime beaucoup ne sont probablement pas utilisés <eos>,13,utilisés,utilisées,11,F,utilisés,-4.7194676,utilisées,-8.418097,1
7515,P_NOUN_8_PASS_b,M,P,les micros avec les chaises que j' aime beaucoup ne sont probablement pas achetés <eos>,13,achetés,achetées,11,F,achetés,-9.959463,achetées,-13.902191,1
7516,P_NOUN_8_PASS_b,M,P,les micros avec les chaises que j' aime beaucoup ne sont probablement pas brisés <eos>,13,brisés,brisées,11,F,brisés,-10.537425,brisées,-11.552966,1
7517,P_NOUN_8_PASS_b,M,P,les micros avec les chaises que j' aime beaucoup ne sont probablement pas cachés <eos>,13,cachés,cachées,11,F,cachés,-8.807596,cachées,-11.0367775,1
7518,P_NOUN_8_PASS_b,M,P,les micros avec les chaises que j' aime beaucoup ne sont probablement pas cassés <eos>,13,cassés,cassées,11,F,cassés,-10.653456,cassées,-11.055328,1
7519,P_NOUN_8_PASS_b,M,P,les micros avec les chaises que j' aime beaucoup ne sont probablement pas couverts <eos>,13,couverts,couvertes,11,F,couverts,-6.5352287,couvertes,-10.698062,1
7520,P_NOUN_8_PASS_b,M,P,les micros avec les chaises que j' aime beaucoup ne sont probablement pas déformés <eos>,13,déformés,déformées,11,F,déformés,-11.006363,déformées,-10.778868,0
7521,P_NOUN_8_PASS_b,M,P,les micros avec les chaises que j' aime beaucoup ne sont probablement pas fixés <eos>,13,fixés,fixées,11,F,fixés,-8.151449,fixées,-10.686375,1
7522,P_NOUN_8_PASS_b,M,P,les micros avec les chaises que j' aime beaucoup ne sont probablement pas jetés <eos>,13,jetés,jetées,11,F,jetés,-8.654205,jetées,-12.224218,1
7523,P_NOUN_8_PASS_b,M,P,les micros avec les chaises que j' aime beaucoup ne sont probablement pas laissés <eos>,13,laissés,laissées,11,F,laissés,-8.832173,laissées,-10.937552,1
7524,P_NOUN_8_PASS_b,M,P,les micros avec les chaises que j' aime beaucoup ne sont probablement pas ouverts <eos>,13,ouverts,ouvertes,11,F,ouverts,-7.232031,ouvertes,-10.753242,1
7525,P_NOUN_8_PASS_b,M,P,les micros avec les chaises que j' aime beaucoup ne sont probablement pas perdus <eos>,13,perdus,perdues,11,F,perdus,-7.220947,perdues,-10.682167,1
7526,P_NOUN_8_PASS_b,M,P,les micros avec les chaises que j' aime beaucoup ne sont probablement pas réparés <eos>,13,réparés,réparées,11,F,réparés,-11.15031,réparées,-12.030162,1
7527,P_NOUN_8_PASS_b,M,P,les micros avec les chaises que j' aime beaucoup ne sont probablement pas retirés <eos>,13,retirés,retirées,11,F,retirés,-9.696117,retirées,-10.704033,1
7528,P_NOUN_8_PASS_b,M,P,les micros avec les chaises que j' aime beaucoup ne sont probablement pas tombés <eos>,13,tombés,tombées,11,F,tombés,-7.6601815,tombées,-11.182989,1
7529,P_NOUN_8_PASS_b,M,P,les micros avec les chaises que j' aime beaucoup ne sont probablement pas utilisés <eos>,13,utilisés,utilisées,11,F,utilisés,-5.233963,utilisées,-8.770514,1
7530,P_NOUN_8_PASS_b,M,P,les micros avec les poubelles que j' aime beaucoup ne sont probablement pas achetés <eos>,13,achetés,achetées,11,F,achetés,-9.479855,achetées,-13.574228,1
7531,P_NOUN_8_PASS_b,M,P,les micros avec les poubelles que j' aime beaucoup ne sont probablement pas brisés <eos>,13,brisés,brisées,11,F,brisés,-10.657535,brisées,-11.802915,1
7532,P_NOUN_8_PASS_b,M,P,les micros avec les poubelles que j' aime beaucoup ne sont probablement pas cachés <eos>,13,cachés,cachées,11,F,cachés,-8.41119,cachées,-11.1975,1
7533,P_NOUN_8_PASS_b,M,P,les micros avec les poubelles que j' aime beaucoup ne sont probablement pas cassés <eos>,13,cassés,cassées,11,F,cassés,-10.447584,cassées,-11.398423,1
7534,P_NOUN_8_PASS_b,M,P,les micros avec les poubelles que j' aime beaucoup ne sont probablement pas couverts <eos>,13,couverts,couvertes,11,F,couverts,-6.896183,couvertes,-10.543978,1
7535,P_NOUN_8_PASS_b,M,P,les micros avec les poubelles que j' aime beaucoup ne sont probablement pas déformés <eos>,13,déformés,déformées,11,F,déformés,-11.37525,déformées,-10.611233,0
7536,P_NOUN_8_PASS_b,M,P,les micros avec les poubelles que j' aime beaucoup ne sont probablement pas fixés <eos>,13,fixés,fixées,11,F,fixés,-7.9617143,fixées,-10.809061,1
7537,P_NOUN_8_PASS_b,M,P,les micros avec les poubelles que j' aime beaucoup ne sont probablement pas jetés <eos>,13,jetés,jetées,11,F,jetés,-8.555461,jetées,-11.864641,1
7538,P_NOUN_8_PASS_b,M,P,les micros avec les poubelles que j' aime beaucoup ne sont probablement pas laissés <eos>,13,laissés,laissées,11,F,laissés,-8.712736,laissées,-10.9242735,1
7539,P_NOUN_8_PASS_b,M,P,les micros avec les poubelles que j' aime beaucoup ne sont probablement pas ouverts <eos>,13,ouverts,ouvertes,11,F,ouverts,-6.885946,ouvertes,-10.550264,1
7540,P_NOUN_8_PASS_b,M,P,les micros avec les poubelles que j' aime beaucoup ne sont probablement pas perdus <eos>,13,perdus,perdues,11,F,perdus,-7.0494146,perdues,-10.572889,1
7541,P_NOUN_8_PASS_b,M,P,les micros avec les poubelles que j' aime beaucoup ne sont probablement pas réparés <eos>,13,réparés,réparées,11,F,réparés,-11.034019,réparées,-11.852998,1
7542,P_NOUN_8_PASS_b,M,P,les micros avec les poubelles que j' aime beaucoup ne sont probablement pas retirés <eos>,13,retirés,retirées,11,F,retirés,-9.128968,retirées,-10.910495,1
7543,P_NOUN_8_PASS_b,M,P,les micros avec les poubelles que j' aime beaucoup ne sont probablement pas tombés <eos>,13,tombés,tombées,11,F,tombés,-7.872772,tombées,-11.646696,1
7544,P_NOUN_8_PASS_b,M,P,les micros avec les poubelles que j' aime beaucoup ne sont probablement pas utilisés <eos>,13,utilisés,utilisées,11,F,utilisés,-4.8239717,utilisées,-8.328979,1
7545,P_NOUN_8_PASS_b,M,P,les micros avec les chemises que j' aime beaucoup ne sont probablement pas achetés <eos>,13,achetés,achetées,11,F,achetés,-9.678226,achetées,-13.537247,1
7546,P_NOUN_8_PASS_b,M,P,les micros avec les chemises que j' aime beaucoup ne sont probablement pas brisés <eos>,13,brisés,brisées,11,F,brisés,-10.662598,brisées,-11.632772,1
7547,P_NOUN_8_PASS_b,M,P,les micros avec les chemises que j' aime beaucoup ne sont probablement pas cachés <eos>,13,cachés,cachées,11,F,cachés,-8.663523,cachées,-11.380285,1
7548,P_NOUN_8_PASS_b,M,P,les micros avec les chemises que j' aime beaucoup ne sont probablement pas cassés <eos>,13,cassés,cassées,11,F,cassés,-10.646703,cassées,-10.595492,0
7549,P_NOUN_8_PASS_b,M,P,les micros avec les chemises que j' aime beaucoup ne sont probablement pas couverts <eos>,13,couverts,couvertes,11,F,couverts,-7.270494,couvertes,-10.982454,1
7550,P_NOUN_8_PASS_b,M,P,les micros avec les chemises que j' aime beaucoup ne sont probablement pas déformés <eos>,13,déformés,déformées,11,F,déformés,-11.189831,déformées,-10.577972,0
7551,P_NOUN_8_PASS_b,M,P,les micros avec les chemises que j' aime beaucoup ne sont probablement pas fixés <eos>,13,fixés,fixées,11,F,fixés,-8.183209,fixées,-10.43377,1
7552,P_NOUN_8_PASS_b,M,P,les micros avec les chemises que j' aime beaucoup ne sont probablement pas jetés <eos>,13,jetés,jetées,11,F,jetés,-8.605141,jetées,-11.440878,1
7553,P_NOUN_8_PASS_b,M,P,les micros avec les chemises que j' aime beaucoup ne sont probablement pas laissés <eos>,13,laissés,laissées,11,F,laissés,-8.923145,laissées,-11.108028,1
7554,P_NOUN_8_PASS_b,M,P,les micros avec les chemises que j' aime beaucoup ne sont probablement pas ouverts <eos>,13,ouverts,ouvertes,11,F,ouverts,-7.919565,ouvertes,-11.425454,1
7555,P_NOUN_8_PASS_b,M,P,les micros avec les chemises que j' aime beaucoup ne sont probablement pas perdus <eos>,13,perdus,perdues,11,F,perdus,-7.3044796,perdues,-10.506578,1
7556,P_NOUN_8_PASS_b,M,P,les micros avec les chemises que j' aime beaucoup ne sont probablement pas réparés <eos>,13,réparés,réparées,11,F,réparés,-11.308622,réparées,-12.240854,1
7557,P_NOUN_8_PASS_b,M,P,les micros avec les chemises que j' aime beaucoup ne sont probablement pas retirés <eos>,13,retirés,retirées,11,F,retirés,-9.135302,retirées,-10.581512,1
7558,P_NOUN_8_PASS_b,M,P,les micros avec les chemises que j' aime beaucoup ne sont probablement pas tombés <eos>,13,tombés,tombées,11,F,tombés,-7.229541,tombées,-11.042002,1
7559,P_NOUN_8_PASS_b,M,P,les micros avec les chemises que j' aime beaucoup ne sont probablement pas utilisés <eos>,13,utilisés,utilisées,11,F,utilisés,-4.69488,utilisées,-8.139364,1
7560,P_NOUN_8_PASS_b,M,P,les micros avec les recettes que j' aime beaucoup ne sont probablement pas achetés <eos>,13,achetés,achetées,11,F,achetés,-9.051603,achetées,-13.039735,1
7561,P_NOUN_8_PASS_b,M,P,les micros avec les recettes que j' aime beaucoup ne sont probablement pas brisés <eos>,13,brisés,brisées,11,F,brisés,-11.546235,brisées,-12.366389,1
7562,P_NOUN_8_PASS_b,M,P,les micros avec les recettes que j' aime beaucoup ne sont probablement pas cachés <eos>,13,cachés,cachées,11,F,cachés,-8.675531,cachées,-12.2045765,1
7563,P_NOUN_8_PASS_b,M,P,les micros avec les recettes que j' aime beaucoup ne sont probablement pas cassés <eos>,13,cassés,cassées,11,F,cassés,-10.77094,cassées,-12.267619,1
7564,P_NOUN_8_PASS_b,M,P,les micros avec les recettes que j' aime beaucoup ne sont probablement pas couverts <eos>,13,couverts,couvertes,11,F,couverts,-7.085791,couvertes,-11.424545,1
7565,P_NOUN_8_PASS_b,M,P,les micros avec les recettes que j' aime beaucoup ne sont probablement pas déformés <eos>,13,déformés,déformées,11,F,déformés,-12.085219,déformées,-11.360069,0
7566,P_NOUN_8_PASS_b,M,P,les micros avec les recettes que j' aime beaucoup ne sont probablement pas fixés <eos>,13,fixés,fixées,11,F,fixés,-7.591173,fixées,-11.161315,1
7567,P_NOUN_8_PASS_b,M,P,les micros avec les recettes que j' aime beaucoup ne sont probablement pas jetés <eos>,13,jetés,jetées,11,F,jetés,-9.207046,jetées,-12.792619,1
7568,P_NOUN_8_PASS_b,M,P,les micros avec les recettes que j' aime beaucoup ne sont probablement pas laissés <eos>,13,laissés,laissées,11,F,laissés,-9.359707,laissées,-11.130555,1
7569,P_NOUN_8_PASS_b,M,P,les micros avec les recettes que j' aime beaucoup ne sont probablement pas ouverts <eos>,13,ouverts,ouvertes,11,F,ouverts,-7.786456,ouvertes,-11.798569,1
7570,P_NOUN_8_PASS_b,M,P,les micros avec les recettes que j' aime beaucoup ne sont probablement pas perdus <eos>,13,perdus,perdues,11,F,perdus,-7.224422,perdues,-10.657282,1
7571,P_NOUN_8_PASS_b,M,P,les micros avec les recettes que j' aime beaucoup ne sont probablement pas réparés <eos>,13,réparés,réparées,11,F,réparés,-11.303827,réparées,-12.686716,1
7572,P_NOUN_8_PASS_b,M,P,les micros avec les recettes que j' aime beaucoup ne sont probablement pas retirés <eos>,13,retirés,retirées,11,F,retirés,-9.163719,retirées,-11.008657,1
7573,P_NOUN_8_PASS_b,M,P,les micros avec les recettes que j' aime beaucoup ne sont probablement pas tombés <eos>,13,tombés,tombées,11,F,tombés,-7.7988205,tombées,-11.809006,1
7574,P_NOUN_8_PASS_b,M,P,les micros avec les recettes que j' aime beaucoup ne sont probablement pas utilisés <eos>,13,utilisés,utilisées,11,F,utilisés,-4.734104,utilisées,-8.415925,1
7575,P_NOUN_8_PASS_b,M,P,les micros avec les jupes que j' aime beaucoup ne sont probablement pas achetés <eos>,13,achetés,achetées,11,F,achetés,-9.547774,achetées,-13.535553,1
7576,P_NOUN_8_PASS_b,M,P,les micros avec les jupes que j' aime beaucoup ne sont probablement pas brisés <eos>,13,brisés,brisées,11,F,brisés,-11.0286665,brisées,-11.980762,1
7577,P_NOUN_8_PASS_b,M,P,les micros avec les jupes que j' aime beaucoup ne sont probablement pas cachés <eos>,13,cachés,cachées,11,F,cachés,-8.651962,cachées,-11.710088,1
7578,P_NOUN_8_PASS_b,M,P,les micros avec les jupes que j' aime beaucoup ne sont probablement pas cassés <eos>,13,cassés,cassées,11,F,cassés,-10.493807,cassées,-10.905752,1
7579,P_NOUN_8_PASS_b,M,P,les micros avec les jupes que j' aime beaucoup ne sont probablement pas couverts <eos>,13,couverts,couvertes,11,F,couverts,-7.392232,couvertes,-10.982556,1
7580,P_NOUN_8_PASS_b,M,P,les micros avec les jupes que j' aime beaucoup ne sont probablement pas déformés <eos>,13,déformés,déformées,11,F,déformés,-11.244431,déformées,-10.431504,0
7581,P_NOUN_8_PASS_b,M,P,les micros avec les jupes que j' aime beaucoup ne sont probablement pas fixés <eos>,13,fixés,fixées,11,F,fixés,-7.8816643,fixées,-10.544649,1
7582,P_NOUN_8_PASS_b,M,P,les micros avec les jupes que j' aime beaucoup ne sont probablement pas jetés <eos>,13,jetés,jetées,11,F,jetés,-9.105177,jetées,-12.218744,1
7583,P_NOUN_8_PASS_b,M,P,les micros avec les jupes que j' aime beaucoup ne sont probablement pas laissés <eos>,13,laissés,laissées,11,F,laissés,-9.364603,laissées,-11.339947,1
7584,P_NOUN_8_PASS_b,M,P,les micros avec les jupes que j' aime beaucoup ne sont probablement pas ouverts <eos>,13,ouverts,ouvertes,11,F,ouverts,-7.3871183,ouvertes,-11.121206,1
7585,P_NOUN_8_PASS_b,M,P,les micros avec les jupes que j' aime beaucoup ne sont probablement pas perdus <eos>,13,perdus,perdues,11,F,perdus,-7.61954,perdues,-11.17737,1
7586,P_NOUN_8_PASS_b,M,P,les micros avec les jupes que j' aime beaucoup ne sont probablement pas réparés <eos>,13,réparés,réparées,11,F,réparés,-11.470788,réparées,-12.2304125,1
7587,P_NOUN_8_PASS_b,M,P,les micros avec les jupes que j' aime beaucoup ne sont probablement pas retirés <eos>,13,retirés,retirées,11,F,retirés,-9.398611,retirées,-10.814548,1
7588,P_NOUN_8_PASS_b,M,P,les micros avec les jupes que j' aime beaucoup ne sont probablement pas tombés <eos>,13,tombés,tombées,11,F,tombés,-7.9554224,tombées,-11.682472,1
7589,P_NOUN_8_PASS_b,M,P,les micros avec les jupes que j' aime beaucoup ne sont probablement pas utilisés <eos>,13,utilisés,utilisées,11,F,utilisés,-4.617021,utilisées,-8.244255,1
7590,P_NOUN_8_PASS_b,M,P,les micros avec les colles que j' aime beaucoup ne sont probablement pas achetés <eos>,13,achetés,achetées,11,F,achetés,-10.086896,achetées,-13.873771,1
7591,P_NOUN_8_PASS_b,M,P,les micros avec les colles que j' aime beaucoup ne sont probablement pas brisés <eos>,13,brisés,brisées,11,F,brisés,-10.799879,brisées,-11.880502,1
7592,P_NOUN_8_PASS_b,M,P,les micros avec les colles que j' aime beaucoup ne sont probablement pas cachés <eos>,13,cachés,cachées,11,F,cachés,-9.241911,cachées,-11.77829,1
7593,P_NOUN_8_PASS_b,M,P,les micros avec les colles que j' aime beaucoup ne sont probablement pas cassés <eos>,13,cassés,cassées,11,F,cassés,-10.112645,cassées,-10.962184,1
7594,P_NOUN_8_PASS_b,M,P,les micros avec les colles que j' aime beaucoup ne sont probablement pas couverts <eos>,13,couverts,couvertes,11,F,couverts,-7.268086,couvertes,-10.845364,1
7595,P_NOUN_8_PASS_b,M,P,les micros avec les colles que j' aime beaucoup ne sont probablement pas déformés <eos>,13,déformés,déformées,11,F,déformés,-11.234334,déformées,-10.163918,0
7596,P_NOUN_8_PASS_b,M,P,les micros avec les colles que j' aime beaucoup ne sont probablement pas fixés <eos>,13,fixés,fixées,11,F,fixés,-8.147348,fixées,-10.9748,1
7597,P_NOUN_8_PASS_b,M,P,les micros avec les colles que j' aime beaucoup ne sont probablement pas jetés <eos>,13,jetés,jetées,11,F,jetés,-9.539424,jetées,-12.612067,1
7598,P_NOUN_8_PASS_b,M,P,les micros avec les colles que j' aime beaucoup ne sont probablement pas laissés <eos>,13,laissés,laissées,11,F,laissés,-9.288151,laissées,-10.615326,1
7599,P_NOUN_8_PASS_b,M,P,les micros avec les colles que j' aime beaucoup ne sont probablement pas ouverts <eos>,13,ouverts,ouvertes,11,F,ouverts,-7.517739,ouvertes,-11.073433,1
7600,P_NOUN_8_PASS_b,M,P,les micros avec les colles que j' aime beaucoup ne sont probablement pas perdus <eos>,13,perdus,perdues,11,F,perdus,-7.5066395,perdues,-10.986993,1
7601,P_NOUN_8_PASS_b,M,P,les micros avec les colles que j' aime beaucoup ne sont probablement pas réparés <eos>,13,réparés,réparées,11,F,réparés,-11.135292,réparées,-11.932659,1
7602,P_NOUN_8_PASS_b,M,P,les micros avec les colles que j' aime beaucoup ne sont probablement pas retirés <eos>,13,retirés,retirées,11,F,retirés,-9.5503,retirées,-10.983104,1
7603,P_NOUN_8_PASS_b,M,P,les micros avec les colles que j' aime beaucoup ne sont probablement pas tombés <eos>,13,tombés,tombées,11,F,tombés,-8.281734,tombées,-11.525736,1
7604,P_NOUN_8_PASS_b,M,P,les micros avec les colles que j' aime beaucoup ne sont probablement pas utilisés <eos>,13,utilisés,utilisées,11,F,utilisés,-4.740918,utilisées,-8.003933,1
7605,P_NOUN_8_PASS_b,M,P,les micros avec les lampes que j' aime beaucoup ne sont probablement pas achetés <eos>,13,achetés,achetées,11,F,achetés,-9.61392,achetées,-14.014177,1
7606,P_NOUN_8_PASS_b,M,P,les micros avec les lampes que j' aime beaucoup ne sont probablement pas brisés <eos>,13,brisés,brisées,11,F,brisés,-10.523782,brisées,-11.665451,1
7607,P_NOUN_8_PASS_b,M,P,les micros avec les lampes que j' aime beaucoup ne sont probablement pas cachés <eos>,13,cachés,cachées,11,F,cachés,-8.402794,cachées,-11.617201,1
7608,P_NOUN_8_PASS_b,M,P,les micros avec les lampes que j' aime beaucoup ne sont probablement pas cassés <eos>,13,cassés,cassées,11,F,cassés,-10.453146,cassées,-11.150375,1
7609,P_NOUN_8_PASS_b,M,P,les micros avec les lampes que j' aime beaucoup ne sont probablement pas couverts <eos>,13,couverts,couvertes,11,F,couverts,-7.3092546,couvertes,-11.147077,1
7610,P_NOUN_8_PASS_b,M,P,les micros avec les lampes que j' aime beaucoup ne sont probablement pas déformés <eos>,13,déformés,déformées,11,F,déformés,-10.848904,déformées,-9.953388,0
7611,P_NOUN_8_PASS_b,M,P,les micros avec les lampes que j' aime beaucoup ne sont probablement pas fixés <eos>,13,fixés,fixées,11,F,fixés,-7.682149,fixées,-10.405881,1
7612,P_NOUN_8_PASS_b,M,P,les micros avec les lampes que j' aime beaucoup ne sont probablement pas jetés <eos>,13,jetés,jetées,11,F,jetés,-8.78639,jetées,-12.026892,1
7613,P_NOUN_8_PASS_b,M,P,les micros avec les lampes que j' aime beaucoup ne sont probablement pas laissés <eos>,13,laissés,laissées,11,F,laissés,-9.315329,laissées,-11.475583,1
7614,P_NOUN_8_PASS_b,M,P,les micros avec les lampes que j' aime beaucoup ne sont probablement pas ouverts <eos>,13,ouverts,ouvertes,11,F,ouverts,-7.4565783,ouvertes,-11.306738,1
7615,P_NOUN_8_PASS_b,M,P,les micros avec les lampes que j' aime beaucoup ne sont probablement pas perdus <eos>,13,perdus,perdues,11,F,perdus,-7.275164,perdues,-10.902735,1
7616,P_NOUN_8_PASS_b,M,P,les micros avec les lampes que j' aime beaucoup ne sont probablement pas réparés <eos>,13,réparés,réparées,11,F,réparés,-11.458244,réparées,-12.190096,1
7617,P_NOUN_8_PASS_b,M,P,les micros avec les lampes que j' aime beaucoup ne sont probablement pas retirés <eos>,13,retirés,retirées,11,F,retirés,-9.112048,retirées,-10.620825,1
7618,P_NOUN_8_PASS_b,M,P,les micros avec les lampes que j' aime beaucoup ne sont probablement pas tombés <eos>,13,tombés,tombées,11,F,tombés,-8.125135,tombées,-11.471896,1
7619,P_NOUN_8_PASS_b,M,P,les micros avec les lampes que j' aime beaucoup ne sont probablement pas utilisés <eos>,13,utilisés,utilisées,11,F,utilisés,-4.1801186,utilisées,-8.024517,1
7620,P_NOUN_8_PASS_b,M,P,les micros avec les bouteilles que j' aime beaucoup ne sont probablement pas achetés <eos>,13,achetés,achetées,11,F,achetés,-9.1529045,achetées,-12.995486,1
7621,P_NOUN_8_PASS_b,M,P,les micros avec les bouteilles que j' aime beaucoup ne sont probablement pas brisés <eos>,13,brisés,brisées,11,F,brisés,-11.050152,brisées,-12.045916,1
7622,P_NOUN_8_PASS_b,M,P,les micros avec les bouteilles que j' aime beaucoup ne sont probablement pas cachés <eos>,13,cachés,cachées,11,F,cachés,-8.393387,cachées,-11.651472,1
7623,P_NOUN_8_PASS_b,M,P,les micros avec les bouteilles que j' aime beaucoup ne sont probablement pas cassés <eos>,13,cassés,cassées,11,F,cassés,-10.331712,cassées,-11.329545,1
7624,P_NOUN_8_PASS_b,M,P,les micros avec les bouteilles que j' aime beaucoup ne sont probablement pas couverts <eos>,13,couverts,couvertes,11,F,couverts,-7.198877,couvertes,-11.277046,1
7625,P_NOUN_8_PASS_b,M,P,les micros avec les bouteilles que j' aime beaucoup ne sont probablement pas déformés <eos>,13,déformés,déformées,11,F,déformés,-11.298582,déformées,-10.625946,0
7626,P_NOUN_8_PASS_b,M,P,les micros avec les bouteilles que j' aime beaucoup ne sont probablement pas fixés <eos>,13,fixés,fixées,11,F,fixés,-8.001029,fixées,-11.170898,1
7627,P_NOUN_8_PASS_b,M,P,les micros avec les bouteilles que j' aime beaucoup ne sont probablement pas jetés <eos>,13,jetés,jetées,11,F,jetés,-8.89875,jetées,-12.591631,1
7628,P_NOUN_8_PASS_b,M,P,les micros avec les bouteilles que j' aime beaucoup ne sont probablement pas laissés <eos>,13,laissés,laissées,11,F,laissés,-9.106846,laissées,-11.048264,1
7629,P_NOUN_8_PASS_b,M,P,les micros avec les bouteilles que j' aime beaucoup ne sont probablement pas ouverts <eos>,13,ouverts,ouvertes,11,F,ouverts,-7.4528875,ouvertes,-11.186402,1
7630,P_NOUN_8_PASS_b,M,P,les micros avec les bouteilles que j' aime beaucoup ne sont probablement pas perdus <eos>,13,perdus,perdues,11,F,perdus,-7.0720387,perdues,-10.686417,1
7631,P_NOUN_8_PASS_b,M,P,les micros avec les bouteilles que j' aime beaucoup ne sont probablement pas réparés <eos>,13,réparés,réparées,11,F,réparés,-11.454042,réparées,-12.213065,1
7632,P_NOUN_8_PASS_b,M,P,les micros avec les bouteilles que j' aime beaucoup ne sont probablement pas retirés <eos>,13,retirés,retirées,11,F,retirés,-9.302428,retirées,-10.939363,1
7633,P_NOUN_8_PASS_b,M,P,les micros avec les bouteilles que j' aime beaucoup ne sont probablement pas tombés <eos>,13,tombés,tombées,11,F,tombés,-7.9474034,tombées,-11.669413,1
7634,P_NOUN_8_PASS_b,M,P,les micros avec les bouteilles que j' aime beaucoup ne sont probablement pas utilisés <eos>,13,utilisés,utilisées,11,F,utilisés,-4.864817,utilisées,-8.436106,1
7635,P_NOUN_8_PASS_b,M,P,les micros avec les boissons que j' aime beaucoup ne sont probablement pas achetés <eos>,13,achetés,achetées,11,F,achetés,-9.019892,achetées,-12.175619,1
7636,P_NOUN_8_PASS_b,M,P,les micros avec les boissons que j' aime beaucoup ne sont probablement pas brisés <eos>,13,brisés,brisées,11,F,brisés,-11.316032,brisées,-11.241132,0
7637,P_NOUN_8_PASS_b,M,P,les micros avec les boissons que j' aime beaucoup ne sont probablement pas cachés <eos>,13,cachés,cachées,11,F,cachés,-8.772456,cachées,-11.133367,1
7638,P_NOUN_8_PASS_b,M,P,les micros avec les boissons que j' aime beaucoup ne sont probablement pas cassés <eos>,13,cassés,cassées,11,F,cassés,-10.071077,cassées,-10.571937,1
7639,P_NOUN_8_PASS_b,M,P,les micros avec les boissons que j' aime beaucoup ne sont probablement pas couverts <eos>,13,couverts,couvertes,11,F,couverts,-6.8495235,couvertes,-9.816345,1
7640,P_NOUN_8_PASS_b,M,P,les micros avec les boissons que j' aime beaucoup ne sont probablement pas déformés <eos>,13,déformés,déformées,11,F,déformés,-12.214891,déformées,-10.473895,0
7641,P_NOUN_8_PASS_b,M,P,les micros avec les boissons que j' aime beaucoup ne sont probablement pas fixés <eos>,13,fixés,fixées,11,F,fixés,-8.011938,fixées,-10.287718,1
7642,P_NOUN_8_PASS_b,M,P,les micros avec les boissons que j' aime beaucoup ne sont probablement pas jetés <eos>,13,jetés,jetées,11,F,jetés,-9.301453,jetées,-11.135224,1
7643,P_NOUN_8_PASS_b,M,P,les micros avec les boissons que j' aime beaucoup ne sont probablement pas laissés <eos>,13,laissés,laissées,11,F,laissés,-8.918306,laissées,-9.6215515,1
7644,P_NOUN_8_PASS_b,M,P,les micros avec les boissons que j' aime beaucoup ne sont probablement pas ouverts <eos>,13,ouverts,ouvertes,11,F,ouverts,-7.969532,ouvertes,-10.389114,1
7645,P_NOUN_8_PASS_b,M,P,les micros avec les boissons que j' aime beaucoup ne sont probablement pas perdus <eos>,13,perdus,perdues,11,F,perdus,-7.616226,perdues,-10.007362,1
7646,P_NOUN_8_PASS_b,M,P,les micros avec les boissons que j' aime beaucoup ne sont probablement pas réparés <eos>,13,réparés,réparées,11,F,réparés,-11.044951,réparées,-11.505746,1
7647,P_NOUN_8_PASS_b,M,P,les micros avec les boissons que j' aime beaucoup ne sont probablement pas retirés <eos>,13,retirés,retirées,11,F,retirés,-9.088659,retirées,-10.032271,1
7648,P_NOUN_8_PASS_b,M,P,les micros avec les boissons que j' aime beaucoup ne sont probablement pas tombés <eos>,13,tombés,tombées,11,F,tombés,-7.914323,tombées,-10.760284,1
7649,P_NOUN_8_PASS_b,M,P,les micros avec les boissons que j' aime beaucoup ne sont probablement pas utilisés <eos>,13,utilisés,utilisées,11,F,utilisés,-4.4124026,utilisées,-6.969766,1
7650,P_NOUN_8_PASS_b,M,P,les micros avec les pommes que j' aime beaucoup ne sont probablement pas achetés <eos>,13,achetés,achetées,11,F,achetés,-8.757045,achetées,-11.415856,1
7651,P_NOUN_8_PASS_b,M,P,les micros avec les pommes que j' aime beaucoup ne sont probablement pas brisés <eos>,13,brisés,brisées,11,F,brisés,-11.028722,brisées,-11.109521,1
7652,P_NOUN_8_PASS_b,M,P,les micros avec les pommes que j' aime beaucoup ne sont probablement pas cachés <eos>,13,cachés,cachées,11,F,cachés,-8.325555,cachées,-10.704853,1
7653,P_NOUN_8_PASS_b,M,P,les micros avec les pommes que j' aime beaucoup ne sont probablement pas cassés <eos>,13,cassés,cassées,11,F,cassés,-9.604265,cassées,-10.418037,1
7654,P_NOUN_8_PASS_b,M,P,les micros avec les pommes que j' aime beaucoup ne sont probablement pas couverts <eos>,13,couverts,couvertes,11,F,couverts,-6.9827747,couvertes,-10.0270815,1
7655,P_NOUN_8_PASS_b,M,P,les micros avec les pommes que j' aime beaucoup ne sont probablement pas déformés <eos>,13,déformés,déformées,11,F,déformés,-12.047256,déformées,-10.452343,0
7656,P_NOUN_8_PASS_b,M,P,les micros avec les pommes que j' aime beaucoup ne sont probablement pas fixés <eos>,13,fixés,fixées,11,F,fixés,-8.139618,fixées,-10.395905,1
7657,P_NOUN_8_PASS_b,M,P,les micros avec les pommes que j' aime beaucoup ne sont probablement pas jetés <eos>,13,jetés,jetées,11,F,jetés,-9.122349,jetées,-10.771866,1
7658,P_NOUN_8_PASS_b,M,P,les micros avec les pommes que j' aime beaucoup ne sont probablement pas laissés <eos>,13,laissés,laissées,11,F,laissés,-8.499698,laissées,-9.949807,1
7659,P_NOUN_8_PASS_b,M,P,les micros avec les pommes que j' aime beaucoup ne sont probablement pas ouverts <eos>,13,ouverts,ouvertes,11,F,ouverts,-8.157047,ouvertes,-10.7197075,1
7660,P_NOUN_8_PASS_b,M,P,les micros avec les pommes que j' aime beaucoup ne sont probablement pas perdus <eos>,13,perdus,perdues,11,F,perdus,-7.437974,perdues,-9.589777,1
7661,P_NOUN_8_PASS_b,M,P,les micros avec les pommes que j' aime beaucoup ne sont probablement pas réparés <eos>,13,réparés,réparées,11,F,réparés,-11.30553,réparées,-11.624012,1
7662,P_NOUN_8_PASS_b,M,P,les micros avec les pommes que j' aime beaucoup ne sont probablement pas retirés <eos>,13,retirés,retirées,11,F,retirés,-8.786196,retirées,-9.901979,1
7663,P_NOUN_8_PASS_b,M,P,les micros avec les pommes que j' aime beaucoup ne sont probablement pas tombés <eos>,13,tombés,tombées,11,F,tombés,-7.415433,tombées,-10.0408945,1
7664,P_NOUN_8_PASS_b,M,P,les micros avec les pommes que j' aime beaucoup ne sont probablement pas utilisés <eos>,13,utilisés,utilisées,11,F,utilisés,-4.6773486,utilisées,-7.143004,1
7665,P_NOUN_8_PASS_b,M,P,les micros avec les tasses que j' aime beaucoup ne sont probablement pas achetés <eos>,13,achetés,achetées,11,F,achetés,-9.47211,achetées,-13.128632,1
7666,P_NOUN_8_PASS_b,M,P,les micros avec les tasses que j' aime beaucoup ne sont probablement pas brisés <eos>,13,brisés,brisées,11,F,brisés,-10.804775,brisées,-11.79794,1
7667,P_NOUN_8_PASS_b,M,P,les micros avec les tasses que j' aime beaucoup ne sont probablement pas cachés <eos>,13,cachés,cachées,11,F,cachés,-9.202419,cachées,-11.898193,1
7668,P_NOUN_8_PASS_b,M,P,les micros avec les tasses que j' aime beaucoup ne sont probablement pas cassés <eos>,13,cassés,cassées,11,F,cassés,-10.411148,cassées,-11.349951,1
7669,P_NOUN_8_PASS_b,M,P,les micros avec les tasses que j' aime beaucoup ne sont probablement pas couverts <eos>,13,couverts,couvertes,11,F,couverts,-6.739972,couvertes,-10.831074,1
7670,P_NOUN_8_PASS_b,M,P,les micros avec les tasses que j' aime beaucoup ne sont probablement pas déformés <eos>,13,déformés,déformées,11,F,déformés,-11.29245,déformées,-10.361534,0
7671,P_NOUN_8_PASS_b,M,P,les micros avec les tasses que j' aime beaucoup ne sont probablement pas fixés <eos>,13,fixés,fixées,11,F,fixés,-8.039557,fixées,-10.725394,1
7672,P_NOUN_8_PASS_b,M,P,les micros avec les tasses que j' aime beaucoup ne sont probablement pas jetés <eos>,13,jetés,jetées,11,F,jetés,-9.316151,jetées,-12.442406,1
7673,P_NOUN_8_PASS_b,M,P,les micros avec les tasses que j' aime beaucoup ne sont probablement pas laissés <eos>,13,laissés,laissées,11,F,laissés,-8.996016,laissées,-10.535433,1
7674,P_NOUN_8_PASS_b,M,P,les micros avec les tasses que j' aime beaucoup ne sont probablement pas ouverts <eos>,13,ouverts,ouvertes,11,F,ouverts,-7.2821975,ouvertes,-10.947643,1
7675,P_NOUN_8_PASS_b,M,P,les micros avec les tasses que j' aime beaucoup ne sont probablement pas perdus <eos>,13,perdus,perdues,11,F,perdus,-6.841944,perdues,-10.197762,1
7676,P_NOUN_8_PASS_b,M,P,les micros avec les tasses que j' aime beaucoup ne sont probablement pas réparés <eos>,13,réparés,réparées,11,F,réparés,-11.299506,réparées,-11.9882145,1
7677,P_NOUN_8_PASS_b,M,P,les micros avec les tasses que j' aime beaucoup ne sont probablement pas retirés <eos>,13,retirés,retirées,11,F,retirés,-9.175779,retirées,-10.662048,1
7678,P_NOUN_8_PASS_b,M,P,les micros avec les tasses que j' aime beaucoup ne sont probablement pas tombés <eos>,13,tombés,tombées,11,F,tombés,-7.910736,tombées,-11.327102,1
7679,P_NOUN_8_PASS_b,M,P,les micros avec les tasses que j' aime beaucoup ne sont probablement pas utilisés <eos>,13,utilisés,utilisées,11,F,utilisés,-4.773883,utilisées,-8.087099,1
7680,P_NOUN_8_PASS_b,M,P,les micros avec les bougies que j' aime beaucoup ne sont probablement pas achetés <eos>,13,achetés,achetées,11,F,achetés,-9.721462,achetées,-13.057932,1
7681,P_NOUN_8_PASS_b,M,P,les micros avec les bougies que j' aime beaucoup ne sont probablement pas brisés <eos>,13,brisés,brisées,11,F,brisés,-10.501907,brisées,-11.850477,1
7682,P_NOUN_8_PASS_b,M,P,les micros avec les bougies que j' aime beaucoup ne sont probablement pas cachés <eos>,13,cachés,cachées,11,F,cachés,-8.048481,cachées,-11.14975,1
7683,P_NOUN_8_PASS_b,M,P,les micros avec les bougies que j' aime beaucoup ne sont probablement pas cassés <eos>,13,cassés,cassées,11,F,cassés,-10.060999,cassées,-10.916279,1
7684,P_NOUN_8_PASS_b,M,P,les micros avec les bougies que j' aime beaucoup ne sont probablement pas couverts <eos>,13,couverts,couvertes,11,F,couverts,-7.3383846,couvertes,-11.276109,1
7685,P_NOUN_8_PASS_b,M,P,les micros avec les bougies que j' aime beaucoup ne sont probablement pas déformés <eos>,13,déformés,déformées,11,F,déformés,-10.876902,déformées,-10.857238,0
7686,P_NOUN_8_PASS_b,M,P,les micros avec les bougies que j' aime beaucoup ne sont probablement pas fixés <eos>,13,fixés,fixées,11,F,fixés,-8.12218,fixées,-10.843866,1
7687,P_NOUN_8_PASS_b,M,P,les micros avec les bougies que j' aime beaucoup ne sont probablement pas jetés <eos>,13,jetés,jetées,11,F,jetés,-8.454236,jetées,-11.833707,1
7688,P_NOUN_8_PASS_b,M,P,les micros avec les bougies que j' aime beaucoup ne sont probablement pas laissés <eos>,13,laissés,laissées,11,F,laissés,-8.666544,laissées,-11.347299,1
7689,P_NOUN_8_PASS_b,M,P,les micros avec les bougies que j' aime beaucoup ne sont probablement pas ouverts <eos>,13,ouverts,ouvertes,11,F,ouverts,-7.900283,ouvertes,-11.485305,1
7690,P_NOUN_8_PASS_b,M,P,les micros avec les bougies que j' aime beaucoup ne sont probablement pas perdus <eos>,13,perdus,perdues,11,F,perdus,-7.176529,perdues,-10.70353,1
7691,P_NOUN_8_PASS_b,M,P,les micros avec les bougies que j' aime beaucoup ne sont probablement pas réparés <eos>,13,réparés,réparées,11,F,réparés,-10.995777,réparées,-12.001682,1
7692,P_NOUN_8_PASS_b,M,P,les micros avec les bougies que j' aime beaucoup ne sont probablement pas retirés <eos>,13,retirés,retirées,11,F,retirés,-9.099682,retirées,-10.680098,1
7693,P_NOUN_8_PASS_b,M,P,les micros avec les bougies que j' aime beaucoup ne sont probablement pas tombés <eos>,13,tombés,tombées,11,F,tombés,-6.6142926,tombées,-10.8423,1
7694,P_NOUN_8_PASS_b,M,P,les micros avec les bougies que j' aime beaucoup ne sont probablement pas utilisés <eos>,13,utilisés,utilisées,11,F,utilisés,-4.9923162,utilisées,-8.549408,1
7695,P_NOUN_8_PASS_b,M,P,les micros avec les pochettes que j' aime beaucoup ne sont probablement pas achetés <eos>,13,achetés,achetées,11,F,achetés,-9.245657,achetées,-12.110947,1
7696,P_NOUN_8_PASS_b,M,P,les micros avec les pochettes que j' aime beaucoup ne sont probablement pas brisés <eos>,13,brisés,brisées,11,F,brisés,-11.627716,brisées,-12.16149,1
7697,P_NOUN_8_PASS_b,M,P,les micros avec les pochettes que j' aime beaucoup ne sont probablement pas cachés <eos>,13,cachés,cachées,11,F,cachés,-8.985584,cachées,-11.168664,1
7698,P_NOUN_8_PASS_b,M,P,les micros avec les pochettes que j' aime beaucoup ne sont probablement pas cassés <eos>,13,cassés,cassées,11,F,cassés,-11.398189,cassées,-11.860845,1
7699,P_NOUN_8_PASS_b,M,P,les micros avec les pochettes que j' aime beaucoup ne sont probablement pas couverts <eos>,13,couverts,couvertes,11,F,couverts,-8.212219,couvertes,-10.861076,1
7700,P_NOUN_8_PASS_b,M,P,les micros avec les pochettes que j' aime beaucoup ne sont probablement pas déformés <eos>,13,déformés,déformées,11,F,déformés,-11.587236,déformées,-10.277355,0
7701,P_NOUN_8_PASS_b,M,P,les micros avec les pochettes que j' aime beaucoup ne sont probablement pas fixés <eos>,13,fixés,fixées,11,F,fixés,-9.090084,fixées,-11.464693,1
7702,P_NOUN_8_PASS_b,M,P,les micros avec les pochettes que j' aime beaucoup ne sont probablement pas jetés <eos>,13,jetés,jetées,11,F,jetés,-9.850774,jetées,-13.040174,1
7703,P_NOUN_8_PASS_b,M,P,les micros avec les pochettes que j' aime beaucoup ne sont probablement pas laissés <eos>,13,laissés,laissées,11,F,laissés,-9.373165,laissées,-10.329015,1
7704,P_NOUN_8_PASS_b,M,P,les micros avec les pochettes que j' aime beaucoup ne sont probablement pas ouverts <eos>,13,ouverts,ouvertes,11,F,ouverts,-7.262918,ouvertes,-9.711207,1
7705,P_NOUN_8_PASS_b,M,P,les micros avec les pochettes que j' aime beaucoup ne sont probablement pas perdus <eos>,13,perdus,perdues,11,F,perdus,-7.3657746,perdues,-10.0126915,1
7706,P_NOUN_8_PASS_b,M,P,les micros avec les pochettes que j' aime beaucoup ne sont probablement pas réparés <eos>,13,réparés,réparées,11,F,réparés,-11.862978,réparées,-11.6421585,0
7707,P_NOUN_8_PASS_b,M,P,les micros avec les pochettes que j' aime beaucoup ne sont probablement pas retirés <eos>,13,retirés,retirées,11,F,retirés,-9.701514,retirées,-10.353182,1
7708,P_NOUN_8_PASS_b,M,P,les micros avec les pochettes que j' aime beaucoup ne sont probablement pas tombés <eos>,13,tombés,tombées,11,F,tombés,-8.923878,tombées,-11.694092,1
7709,P_NOUN_8_PASS_b,M,P,les micros avec les pochettes que j' aime beaucoup ne sont probablement pas utilisés <eos>,13,utilisés,utilisées,11,F,utilisés,-5.3337545,utilisées,-7.997798,1
7710,P_NOUN_8_PASS_b,M,P,les micros avec les bananes que j' aime beaucoup ne sont probablement pas achetés <eos>,13,achetés,achetées,11,F,achetés,-8.977401,achetées,-13.386813,1
7711,P_NOUN_8_PASS_b,M,P,les micros avec les bananes que j' aime beaucoup ne sont probablement pas brisés <eos>,13,brisés,brisées,11,F,brisés,-11.012632,brisées,-11.887412,1
7712,P_NOUN_8_PASS_b,M,P,les micros avec les bananes que j' aime beaucoup ne sont probablement pas cachés <eos>,13,cachés,cachées,11,F,cachés,-8.984108,cachées,-12.268841,1
7713,P_NOUN_8_PASS_b,M,P,les micros avec les bananes que j' aime beaucoup ne sont probablement pas cassés <eos>,13,cassés,cassées,11,F,cassés,-10.275881,cassées,-11.32383,1
7714,P_NOUN_8_PASS_b,M,P,les micros avec les bananes que j' aime beaucoup ne sont probablement pas couverts <eos>,13,couverts,couvertes,11,F,couverts,-6.9255457,couvertes,-11.135268,1
7715,P_NOUN_8_PASS_b,M,P,les micros avec les bananes que j' aime beaucoup ne sont probablement pas déformés <eos>,13,déformés,déformées,11,F,déformés,-11.6907425,déformées,-11.024417,0
7716,P_NOUN_8_PASS_b,M,P,les micros avec les bananes que j' aime beaucoup ne sont probablement pas fixés <eos>,13,fixés,fixées,11,F,fixés,-7.8265886,fixées,-11.067536,1
7717,P_NOUN_8_PASS_b,M,P,les micros avec les bananes que j' aime beaucoup ne sont probablement pas jetés <eos>,13,jetés,jetées,11,F,jetés,-9.526459,jetées,-11.664291,1
7718,P_NOUN_8_PASS_b,M,P,les micros avec les bananes que j' aime beaucoup ne sont probablement pas laissés <eos>,13,laissés,laissées,11,F,laissés,-8.699295,laissées,-11.009436,1
7719,P_NOUN_8_PASS_b,M,P,les micros avec les bananes que j' aime beaucoup ne sont probablement pas ouverts <eos>,13,ouverts,ouvertes,11,F,ouverts,-7.9188395,ouvertes,-11.8054695,1
7720,P_NOUN_8_PASS_b,M,P,les micros avec les bananes que j' aime beaucoup ne sont probablement pas perdus <eos>,13,perdus,perdues,11,F,perdus,-7.2796707,perdues,-10.975183,1
7721,P_NOUN_8_PASS_b,M,P,les micros avec les bananes que j' aime beaucoup ne sont probablement pas réparés <eos>,13,réparés,réparées,11,F,réparés,-11.527906,réparées,-12.838242,1
7722,P_NOUN_8_PASS_b,M,P,les micros avec les bananes que j' aime beaucoup ne sont probablement pas retirés <eos>,13,retirés,retirées,11,F,retirés,-9.266005,retirées,-11.272655,1
7723,P_NOUN_8_PASS_b,M,P,les micros avec les bananes que j' aime beaucoup ne sont probablement pas tombés <eos>,13,tombés,tombées,11,F,tombés,-7.7480702,tombées,-11.30298,1
7724,P_NOUN_8_PASS_b,M,P,les micros avec les bananes que j' aime beaucoup ne sont probablement pas utilisés <eos>,13,utilisés,utilisées,11,F,utilisés,-4.613453,utilisées,-8.27939,1
7725,P_NOUN_8_PASS_b,M,P,les micros avec les robes que j' aime beaucoup ne sont probablement pas achetés <eos>,13,achetés,achetées,11,F,achetés,-9.746891,achetées,-13.71829,1
7726,P_NOUN_8_PASS_b,M,P,les micros avec les robes que j' aime beaucoup ne sont probablement pas brisés <eos>,13,brisés,brisées,11,F,brisés,-11.097684,brisées,-12.212697,1
7727,P_NOUN_8_PASS_b,M,P,les micros avec les robes que j' aime beaucoup ne sont probablement pas cachés <eos>,13,cachés,cachées,11,F,cachés,-8.744205,cachées,-11.94919,1
7728,P_NOUN_8_PASS_b,M,P,les micros avec les robes que j' aime beaucoup ne sont probablement pas cassés <eos>,13,cassés,cassées,11,F,cassés,-10.705071,cassées,-11.180276,1
7729,P_NOUN_8_PASS_b,M,P,les micros avec les robes que j' aime beaucoup ne sont probablement pas couverts <eos>,13,couverts,couvertes,11,F,couverts,-7.3312783,couvertes,-11.116093,1
7730,P_NOUN_8_PASS_b,M,P,les micros avec les robes que j' aime beaucoup ne sont probablement pas déformés <eos>,13,déformés,déformées,11,F,déformés,-11.143028,déformées,-11.1422,0
7731,P_NOUN_8_PASS_b,M,P,les micros avec les robes que j' aime beaucoup ne sont probablement pas fixés <eos>,13,fixés,fixées,11,F,fixés,-8.296501,fixées,-10.994338,1
7732,P_NOUN_8_PASS_b,M,P,les micros avec les robes que j' aime beaucoup ne sont probablement pas jetés <eos>,13,jetés,jetées,11,F,jetés,-9.313957,jetées,-12.257158,1
7733,P_NOUN_8_PASS_b,M,P,les micros avec les robes que j' aime beaucoup ne sont probablement pas laissés <eos>,13,laissés,laissées,11,F,laissés,-9.26357,laissées,-11.188036,1
7734,P_NOUN_8_PASS_b,M,P,les micros avec les robes que j' aime beaucoup ne sont probablement pas ouverts <eos>,13,ouverts,ouvertes,11,F,ouverts,-7.877199,ouvertes,-11.380985,1
7735,P_NOUN_8_PASS_b,M,P,les micros avec les robes que j' aime beaucoup ne sont probablement pas perdus <eos>,13,perdus,perdues,11,F,perdus,-7.875735,perdues,-11.25741,1
7736,P_NOUN_8_PASS_b,M,P,les micros avec les robes que j' aime beaucoup ne sont probablement pas réparés <eos>,13,réparés,réparées,11,F,réparés,-11.125939,réparées,-12.379971,1
7737,P_NOUN_8_PASS_b,M,P,les micros avec les robes que j' aime beaucoup ne sont probablement pas retirés <eos>,13,retirés,retirées,11,F,retirés,-9.399782,retirées,-11.065072,1
7738,P_NOUN_8_PASS_b,M,P,les micros avec les robes que j' aime beaucoup ne sont probablement pas tombés <eos>,13,tombés,tombées,11,F,tombés,-7.5739937,tombées,-11.559788,1
7739,P_NOUN_8_PASS_b,M,P,les micros avec les robes que j' aime beaucoup ne sont probablement pas utilisés <eos>,13,utilisés,utilisées,11,F,utilisés,-4.827006,utilisées,-8.461437,1
7740,P_NOUN_8_PASS_b,M,P,les micros avec les valises que j' aime beaucoup ne sont probablement pas achetés <eos>,13,achetés,achetées,11,F,achetés,-9.474941,achetées,-13.427469,1
7741,P_NOUN_8_PASS_b,M,P,les micros avec les valises que j' aime beaucoup ne sont probablement pas brisés <eos>,13,brisés,brisées,11,F,brisés,-11.031781,brisées,-11.946505,1
7742,P_NOUN_8_PASS_b,M,P,les micros avec les valises que j' aime beaucoup ne sont probablement pas cachés <eos>,13,cachés,cachées,11,F,cachés,-8.46442,cachées,-11.239292,1
7743,P_NOUN_8_PASS_b,M,P,les micros avec les valises que j' aime beaucoup ne sont probablement pas cassés <eos>,13,cassés,cassées,11,F,cassés,-10.842402,cassées,-11.786083,1
7744,P_NOUN_8_PASS_b,M,P,les micros avec les valises que j' aime beaucoup ne sont probablement pas couverts <eos>,13,couverts,couvertes,11,F,couverts,-7.059081,couvertes,-10.809649,1
7745,P_NOUN_8_PASS_b,M,P,les micros avec les valises que j' aime beaucoup ne sont probablement pas déformés <eos>,13,déformés,déformées,11,F,déformés,-11.551115,déformées,-10.727278,0
7746,P_NOUN_8_PASS_b,M,P,les micros avec les valises que j' aime beaucoup ne sont probablement pas fixés <eos>,13,fixés,fixées,11,F,fixés,-7.9806004,fixées,-10.899661,1
7747,P_NOUN_8_PASS_b,M,P,les micros avec les valises que j' aime beaucoup ne sont probablement pas jetés <eos>,13,jetés,jetées,11,F,jetés,-8.891624,jetées,-12.052962,1
7748,P_NOUN_8_PASS_b,M,P,les micros avec les valises que j' aime beaucoup ne sont probablement pas laissés <eos>,13,laissés,laissées,11,F,laissés,-8.900656,laissées,-10.80091,1
7749,P_NOUN_8_PASS_b,M,P,les micros avec les valises que j' aime beaucoup ne sont probablement pas ouverts <eos>,13,ouverts,ouvertes,11,F,ouverts,-7.0069857,ouvertes,-10.650327,1
7750,P_NOUN_8_PASS_b,M,P,les micros avec les valises que j' aime beaucoup ne sont probablement pas perdus <eos>,13,perdus,perdues,11,F,perdus,-7.0925775,perdues,-10.520643,1
7751,P_NOUN_8_PASS_b,M,P,les micros avec les valises que j' aime beaucoup ne sont probablement pas réparés <eos>,13,réparés,réparées,11,F,réparés,-11.387901,réparées,-12.142719,1
7752,P_NOUN_8_PASS_b,M,P,les micros avec les valises que j' aime beaucoup ne sont probablement pas retirés <eos>,13,retirés,retirées,11,F,retirés,-9.464105,retirées,-11.034001,1
7753,P_NOUN_8_PASS_b,M,P,les micros avec les valises que j' aime beaucoup ne sont probablement pas tombés <eos>,13,tombés,tombées,11,F,tombés,-8.082775,tombées,-11.689937,1
7754,P_NOUN_8_PASS_b,M,P,les micros avec les valises que j' aime beaucoup ne sont probablement pas utilisés <eos>,13,utilisés,utilisées,11,F,utilisés,-5.00648,utilisées,-8.358869,1
7755,P_NOUN_8_PASS_b,M,P,les micros avec les pendules que j' aime beaucoup ne sont probablement pas achetés <eos>,13,achetés,achetées,11,F,achetés,-9.41391,achetées,-13.335761,1
7756,P_NOUN_8_PASS_b,M,P,les micros avec les pendules que j' aime beaucoup ne sont probablement pas brisés <eos>,13,brisés,brisées,11,F,brisés,-10.561308,brisées,-11.466545,1
7757,P_NOUN_8_PASS_b,M,P,les micros avec les pendules que j' aime beaucoup ne sont probablement pas cachés <eos>,13,cachés,cachées,11,F,cachés,-8.271027,cachées,-11.328848,1
7758,P_NOUN_8_PASS_b,M,P,les micros avec les pendules que j' aime beaucoup ne sont probablement pas cassés <eos>,13,cassés,cassées,11,F,cassés,-10.089701,cassées,-10.775785,1
7759,P_NOUN_8_PASS_b,M,P,les micros avec les pendules que j' aime beaucoup ne sont probablement pas couverts <eos>,13,couverts,couvertes,11,F,couverts,-7.3564844,couvertes,-10.960321,1
7760,P_NOUN_8_PASS_b,M,P,les micros avec les pendules que j' aime beaucoup ne sont probablement pas déformés <eos>,13,déformés,déformées,11,F,déformés,-10.95709,déformées,-10.019751,0
7761,P_NOUN_8_PASS_b,M,P,les micros avec les pendules que j' aime beaucoup ne sont probablement pas fixés <eos>,13,fixés,fixées,11,F,fixés,-7.706071,fixées,-10.166251,1
7762,P_NOUN_8_PASS_b,M,P,les micros avec les pendules que j' aime beaucoup ne sont probablement pas jetés <eos>,13,jetés,jetées,11,F,jetés,-8.556236,jetées,-11.882367,1
7763,P_NOUN_8_PASS_b,M,P,les micros avec les pendules que j' aime beaucoup ne sont probablement pas laissés <eos>,13,laissés,laissées,11,F,laissés,-9.235176,laissées,-11.23307,1
7764,P_NOUN_8_PASS_b,M,P,les micros avec les pendules que j' aime beaucoup ne sont probablement pas ouverts <eos>,13,ouverts,ouvertes,11,F,ouverts,-7.4784403,ouvertes,-11.014982,1
7765,P_NOUN_8_PASS_b,M,P,les micros avec les pendules que j' aime beaucoup ne sont probablement pas perdus <eos>,13,perdus,perdues,11,F,perdus,-7.40436,perdues,-10.716619,1
7766,P_NOUN_8_PASS_b,M,P,les micros avec les pendules que j' aime beaucoup ne sont probablement pas réparés <eos>,13,réparés,réparées,11,F,réparés,-11.505121,réparées,-11.799892,1
7767,P_NOUN_8_PASS_b,M,P,les micros avec les pendules que j' aime beaucoup ne sont probablement pas retirés <eos>,13,retirés,retirées,11,F,retirés,-9.051473,retirées,-10.244591,1
7768,P_NOUN_8_PASS_b,M,P,les micros avec les pendules que j' aime beaucoup ne sont probablement pas tombés <eos>,13,tombés,tombées,11,F,tombés,-8.203211,tombées,-11.235279,1
7769,P_NOUN_8_PASS_b,M,P,les micros avec les pendules que j' aime beaucoup ne sont probablement pas utilisés <eos>,13,utilisés,utilisées,11,F,utilisés,-4.3646336,utilisées,-7.826209,1
7770,P_NOUN_8_PASS_b,M,P,les micros avec les cloches que j' aime beaucoup ne sont probablement pas achetés <eos>,13,achetés,achetées,11,F,achetés,-10.066219,achetées,-13.94331,1
7771,P_NOUN_8_PASS_b,M,P,les micros avec les cloches que j' aime beaucoup ne sont probablement pas brisés <eos>,13,brisés,brisées,11,F,brisés,-10.369137,brisées,-11.887985,1
7772,P_NOUN_8_PASS_b,M,P,les micros avec les cloches que j' aime beaucoup ne sont probablement pas cachés <eos>,13,cachés,cachées,11,F,cachés,-8.19726,cachées,-11.353073,1
7773,P_NOUN_8_PASS_b,M,P,les micros avec les cloches que j' aime beaucoup ne sont probablement pas cassés <eos>,13,cassés,cassées,11,F,cassés,-10.374897,cassées,-11.592655,1
7774,P_NOUN_8_PASS_b,M,P,les micros avec les cloches que j' aime beaucoup ne sont probablement pas couverts <eos>,13,couverts,couvertes,11,F,couverts,-6.7722197,couvertes,-11.15815,1
7775,P_NOUN_8_PASS_b,M,P,les micros avec les cloches que j' aime beaucoup ne sont probablement pas déformés <eos>,13,déformés,déformées,11,F,déformés,-11.256888,déformées,-11.360086,1
7776,P_NOUN_8_PASS_b,M,P,les micros avec les cloches que j' aime beaucoup ne sont probablement pas fixés <eos>,13,fixés,fixées,11,F,fixés,-8.168285,fixées,-11.181751,1
7777,P_NOUN_8_PASS_b,M,P,les micros avec les cloches que j' aime beaucoup ne sont probablement pas jetés <eos>,13,jetés,jetées,11,F,jetés,-8.311654,jetées,-12.058939,1
7778,P_NOUN_8_PASS_b,M,P,les micros avec les cloches que j' aime beaucoup ne sont probablement pas laissés <eos>,13,laissés,laissées,11,F,laissés,-8.556712,laissées,-11.617057,1
7779,P_NOUN_8_PASS_b,M,P,les micros avec les cloches que j' aime beaucoup ne sont probablement pas ouverts <eos>,13,ouverts,ouvertes,11,F,ouverts,-7.7605877,ouvertes,-11.178377,1
7780,P_NOUN_8_PASS_b,M,P,les micros avec les cloches que j' aime beaucoup ne sont probablement pas perdus <eos>,13,perdus,perdues,11,F,perdus,-6.9152746,perdues,-10.39081,1
7781,P_NOUN_8_PASS_b,M,P,les micros avec les cloches que j' aime beaucoup ne sont probablement pas réparés <eos>,13,réparés,réparées,11,F,réparés,-10.701245,réparées,-12.148469,1
7782,P_NOUN_8_PASS_b,M,P,les micros avec les cloches que j' aime beaucoup ne sont probablement pas retirés <eos>,13,retirés,retirées,11,F,retirés,-9.053377,retirées,-10.76799,1
7783,P_NOUN_8_PASS_b,M,P,les micros avec les cloches que j' aime beaucoup ne sont probablement pas tombés <eos>,13,tombés,tombées,11,F,tombés,-6.7829776,tombées,-11.001781,1
7784,P_NOUN_8_PASS_b,M,P,les micros avec les cloches que j' aime beaucoup ne sont probablement pas utilisés <eos>,13,utilisés,utilisées,11,F,utilisés,-5.0531225,utilisées,-8.834023,1
7785,P_NOUN_8_PASS_b,M,P,les micros avec les cerises que j' aime beaucoup ne sont probablement pas achetés <eos>,13,achetés,achetées,11,F,achetés,-9.123433,achetées,-13.238423,1
7786,P_NOUN_8_PASS_b,M,P,les micros avec les cerises que j' aime beaucoup ne sont probablement pas brisés <eos>,13,brisés,brisées,11,F,brisés,-10.691005,brisées,-12.039409,1
7787,P_NOUN_8_PASS_b,M,P,les micros avec les cerises que j' aime beaucoup ne sont probablement pas cachés <eos>,13,cachés,cachées,11,F,cachés,-9.04155,cachées,-12.126483,1
7788,P_NOUN_8_PASS_b,M,P,les micros avec les cerises que j' aime beaucoup ne sont probablement pas cassés <eos>,13,cassés,cassées,11,F,cassés,-10.190521,cassées,-11.1341,1
7789,P_NOUN_8_PASS_b,M,P,les micros avec les cerises que j' aime beaucoup ne sont probablement pas couverts <eos>,13,couverts,couvertes,11,F,couverts,-6.7616286,couvertes,-11.175493,1
7790,P_NOUN_8_PASS_b,M,P,les micros avec les cerises que j' aime beaucoup ne sont probablement pas déformés <eos>,13,déformés,déformées,11,F,déformés,-11.539088,déformées,-11.208203,0
7791,P_NOUN_8_PASS_b,M,P,les micros avec les cerises que j' aime beaucoup ne sont probablement pas fixés <eos>,13,fixés,fixées,11,F,fixés,-7.7850385,fixées,-11.119146,1
7792,P_NOUN_8_PASS_b,M,P,les micros avec les cerises que j' aime beaucoup ne sont probablement pas jetés <eos>,13,jetés,jetées,11,F,jetés,-9.227218,jetées,-12.086237,1
7793,P_NOUN_8_PASS_b,M,P,les micros avec les cerises que j' aime beaucoup ne sont probablement pas laissés <eos>,13,laissés,laissées,11,F,laissés,-8.628212,laissées,-11.104996,1
7794,P_NOUN_8_PASS_b,M,P,les micros avec les cerises que j' aime beaucoup ne sont probablement pas ouverts <eos>,13,ouverts,ouvertes,11,F,ouverts,-7.8360014,ouvertes,-11.606981,1
7795,P_NOUN_8_PASS_b,M,P,les micros avec les cerises que j' aime beaucoup ne sont probablement pas perdus <eos>,13,perdus,perdues,11,F,perdus,-7.48579,perdues,-10.939449,1
7796,P_NOUN_8_PASS_b,M,P,les micros avec les cerises que j' aime beaucoup ne sont probablement pas réparés <eos>,13,réparés,réparées,11,F,réparés,-11.1639595,réparées,-12.454231,1
7797,P_NOUN_8_PASS_b,M,P,les micros avec les cerises que j' aime beaucoup ne sont probablement pas retirés <eos>,13,retirés,retirées,11,F,retirés,-9.215499,retirées,-11.211411,1
7798,P_NOUN_8_PASS_b,M,P,les micros avec les cerises que j' aime beaucoup ne sont probablement pas tombés <eos>,13,tombés,tombées,11,F,tombés,-7.41692,tombées,-11.231863,1
7799,P_NOUN_8_PASS_b,M,P,les micros avec les cerises que j' aime beaucoup ne sont probablement pas utilisés <eos>,13,utilisés,utilisées,11,F,utilisés,-4.9406857,utilisées,-8.492195,1
7800,P_NOUN_8_PASS_b,M,P,les sacs avec les gemmes que j' aime beaucoup ne sont probablement pas achetés <eos>,13,achetés,achetées,11,F,achetés,-8.41241,achetées,-12.651734,1
7801,P_NOUN_8_PASS_b,M,P,les sacs avec les gemmes que j' aime beaucoup ne sont probablement pas brisés <eos>,13,brisés,brisées,11,F,brisés,-10.546518,brisées,-11.545292,1
7802,P_NOUN_8_PASS_b,M,P,les sacs avec les gemmes que j' aime beaucoup ne sont probablement pas cachés <eos>,13,cachés,cachées,11,F,cachés,-6.8490973,cachées,-10.396601,1
7803,P_NOUN_8_PASS_b,M,P,les sacs avec les gemmes que j' aime beaucoup ne sont probablement pas cassés <eos>,13,cassés,cassées,11,F,cassés,-9.241459,cassées,-11.0235615,1
7804,P_NOUN_8_PASS_b,M,P,les sacs avec les gemmes que j' aime beaucoup ne sont probablement pas couverts <eos>,13,couverts,couvertes,11,F,couverts,-6.98514,couvertes,-10.634351,1
7805,P_NOUN_8_PASS_b,M,P,les sacs avec les gemmes que j' aime beaucoup ne sont probablement pas déformés <eos>,13,déformés,déformées,11,F,déformés,-11.648645,déformées,-10.942077,0
7806,P_NOUN_8_PASS_b,M,P,les sacs avec les gemmes que j' aime beaucoup ne sont probablement pas fixés <eos>,13,fixés,fixées,11,F,fixés,-8.064305,fixées,-11.038383,1
7807,P_NOUN_8_PASS_b,M,P,les sacs avec les gemmes que j' aime beaucoup ne sont probablement pas jetés <eos>,13,jetés,jetées,11,F,jetés,-7.4840956,jetées,-10.747977,1
7808,P_NOUN_8_PASS_b,M,P,les sacs avec les gemmes que j' aime beaucoup ne sont probablement pas laissés <eos>,13,laissés,laissées,11,F,laissés,-7.754037,laissées,-10.99243,1
7809,P_NOUN_8_PASS_b,M,P,les sacs avec les gemmes que j' aime beaucoup ne sont probablement pas ouverts <eos>,13,ouverts,ouvertes,11,F,ouverts,-8.060165,ouvertes,-11.339772,1
7810,P_NOUN_8_PASS_b,M,P,les sacs avec les gemmes que j' aime beaucoup ne sont probablement pas perdus <eos>,13,perdus,perdues,11,F,perdus,-6.7756767,perdues,-9.904703,1
7811,P_NOUN_8_PASS_b,M,P,les sacs avec les gemmes que j' aime beaucoup ne sont probablement pas réparés <eos>,13,réparés,réparées,11,F,réparés,-10.542316,réparées,-11.88318,1
7812,P_NOUN_8_PASS_b,M,P,les sacs avec les gemmes que j' aime beaucoup ne sont probablement pas retirés <eos>,13,retirés,retirées,11,F,retirés,-8.577308,retirées,-10.736656,1
7813,P_NOUN_8_PASS_b,M,P,les sacs avec les gemmes que j' aime beaucoup ne sont probablement pas tombés <eos>,13,tombés,tombées,11,F,tombés,-6.814499,tombées,-10.24471,1
7814,P_NOUN_8_PASS_b,M,P,les sacs avec les gemmes que j' aime beaucoup ne sont probablement pas utilisés <eos>,13,utilisés,utilisées,11,F,utilisés,-4.618833,utilisées,-7.8956513,1
7815,P_NOUN_8_PASS_b,M,P,les sacs avec les chaises que j' aime beaucoup ne sont probablement pas achetés <eos>,13,achetés,achetées,11,F,achetés,-8.85227,achetées,-12.913818,1
7816,P_NOUN_8_PASS_b,M,P,les sacs avec les chaises que j' aime beaucoup ne sont probablement pas brisés <eos>,13,brisés,brisées,11,F,brisés,-10.173494,brisées,-11.193295,1
7817,P_NOUN_8_PASS_b,M,P,les sacs avec les chaises que j' aime beaucoup ne sont probablement pas cachés <eos>,13,cachés,cachées,11,F,cachés,-7.790479,cachées,-10.29978,1
7818,P_NOUN_8_PASS_b,M,P,les sacs avec les chaises que j' aime beaucoup ne sont probablement pas cassés <eos>,13,cassés,cassées,11,F,cassés,-9.5911255,cassées,-10.30401,1
7819,P_NOUN_8_PASS_b,M,P,les sacs avec les chaises que j' aime beaucoup ne sont probablement pas couverts <eos>,13,couverts,couvertes,11,F,couverts,-5.9165306,couvertes,-9.601489,1
7820,P_NOUN_8_PASS_b,M,P,les sacs avec les chaises que j' aime beaucoup ne sont probablement pas déformés <eos>,13,déformés,déformées,11,F,déformés,-11.643198,déformées,-10.970379,0
7821,P_NOUN_8_PASS_b,M,P,les sacs avec les chaises que j' aime beaucoup ne sont probablement pas fixés <eos>,13,fixés,fixées,11,F,fixés,-8.210409,fixées,-10.449836,1
7822,P_NOUN_8_PASS_b,M,P,les sacs avec les chaises que j' aime beaucoup ne sont probablement pas jetés <eos>,13,jetés,jetées,11,F,jetés,-7.5279894,jetées,-10.988706,1
7823,P_NOUN_8_PASS_b,M,P,les sacs avec les chaises que j' aime beaucoup ne sont probablement pas laissés <eos>,13,laissés,laissées,11,F,laissés,-7.893136,laissées,-10.373741,1
7824,P_NOUN_8_PASS_b,M,P,les sacs avec les chaises que j' aime beaucoup ne sont probablement pas ouverts <eos>,13,ouverts,ouvertes,11,F,ouverts,-6.756954,ouvertes,-9.872605,1
7825,P_NOUN_8_PASS_b,M,P,les sacs avec les chaises que j' aime beaucoup ne sont probablement pas perdus <eos>,13,perdus,perdues,11,F,perdus,-7.0627966,perdues,-10.177269,1
7826,P_NOUN_8_PASS_b,M,P,les sacs avec les chaises que j' aime beaucoup ne sont probablement pas réparés <eos>,13,réparés,réparées,11,F,réparés,-10.705305,réparées,-11.2938,1
7827,P_NOUN_8_PASS_b,M,P,les sacs avec les chaises que j' aime beaucoup ne sont probablement pas retirés <eos>,13,retirés,retirées,11,F,retirés,-8.956023,retirées,-10.464836,1
7828,P_NOUN_8_PASS_b,M,P,les sacs avec les chaises que j' aime beaucoup ne sont probablement pas tombés <eos>,13,tombés,tombées,11,F,tombés,-7.3421755,tombées,-10.43443,1
7829,P_NOUN_8_PASS_b,M,P,les sacs avec les chaises que j' aime beaucoup ne sont probablement pas utilisés <eos>,13,utilisés,utilisées,11,F,utilisés,-5.1910205,utilisées,-8.216028,1
7830,P_NOUN_8_PASS_b,M,P,les sacs avec les poubelles que j' aime beaucoup ne sont probablement pas achetés <eos>,13,achetés,achetées,11,F,achetés,-8.372089,achetées,-12.629202,1
7831,P_NOUN_8_PASS_b,M,P,les sacs avec les poubelles que j' aime beaucoup ne sont probablement pas brisés <eos>,13,brisés,brisées,11,F,brisés,-10.430176,brisées,-11.564171,1
7832,P_NOUN_8_PASS_b,M,P,les sacs avec les poubelles que j' aime beaucoup ne sont probablement pas cachés <eos>,13,cachés,cachées,11,F,cachés,-7.2863503,cachées,-10.477595,1
7833,P_NOUN_8_PASS_b,M,P,les sacs avec les poubelles que j' aime beaucoup ne sont probablement pas cassés <eos>,13,cassés,cassées,11,F,cassés,-9.38676,cassées,-10.647518,1
7834,P_NOUN_8_PASS_b,M,P,les sacs avec les poubelles que j' aime beaucoup ne sont probablement pas couverts <eos>,13,couverts,couvertes,11,F,couverts,-6.221172,couvertes,-9.498787,1
7835,P_NOUN_8_PASS_b,M,P,les sacs avec les poubelles que j' aime beaucoup ne sont probablement pas déformés <eos>,13,déformés,déformées,11,F,déformés,-11.9060955,déformées,-11.022848,0
7836,P_NOUN_8_PASS_b,M,P,les sacs avec les poubelles que j' aime beaucoup ne sont probablement pas fixés <eos>,13,fixés,fixées,11,F,fixés,-8.023262,fixées,-10.680538,1
7837,P_NOUN_8_PASS_b,M,P,les sacs avec les poubelles que j' aime beaucoup ne sont probablement pas jetés <eos>,13,jetés,jetées,11,F,jetés,-7.208417,jetées,-10.485092,1
7838,P_NOUN_8_PASS_b,M,P,les sacs avec les poubelles que j' aime beaucoup ne sont probablement pas laissés <eos>,13,laissés,laissées,11,F,laissés,-7.729559,laissées,-10.421638,1
7839,P_NOUN_8_PASS_b,M,P,les sacs avec les poubelles que j' aime beaucoup ne sont probablement pas ouverts <eos>,13,ouverts,ouvertes,11,F,ouverts,-6.7569456,ouvertes,-9.88344,1
7840,P_NOUN_8_PASS_b,M,P,les sacs avec les poubelles que j' aime beaucoup ne sont probablement pas perdus <eos>,13,perdus,perdues,11,F,perdus,-6.9378757,perdues,-10.198101,1
7841,P_NOUN_8_PASS_b,M,P,les sacs avec les poubelles que j' aime beaucoup ne sont probablement pas réparés <eos>,13,réparés,réparées,11,F,réparés,-10.450035,réparées,-11.139776,1
7842,P_NOUN_8_PASS_b,M,P,les sacs avec les poubelles que j' aime beaucoup ne sont probablement pas retirés <eos>,13,retirés,retirées,11,F,retirés,-8.502505,retirées,-10.5994625,1
7843,P_NOUN_8_PASS_b,M,P,les sacs avec les poubelles que j' aime beaucoup ne sont probablement pas tombés <eos>,13,tombés,tombées,11,F,tombés,-7.2837057,tombées,-10.807477,1
7844,P_NOUN_8_PASS_b,M,P,les sacs avec les poubelles que j' aime beaucoup ne sont probablement pas utilisés <eos>,13,utilisés,utilisées,11,F,utilisés,-4.781027,utilisées,-7.848526,1
7845,P_NOUN_8_PASS_b,M,P,les sacs avec les chemises que j' aime beaucoup ne sont probablement pas achetés <eos>,13,achetés,achetées,11,F,achetés,-8.51589,achetées,-12.480228,1
7846,P_NOUN_8_PASS_b,M,P,les sacs avec les chemises que j' aime beaucoup ne sont probablement pas brisés <eos>,13,brisés,brisées,11,F,brisés,-10.440421,brisées,-11.307578,1
7847,P_NOUN_8_PASS_b,M,P,les sacs avec les chemises que j' aime beaucoup ne sont probablement pas cachés <eos>,13,cachés,cachées,11,F,cachés,-7.5269685,cachées,-10.544855,1
7848,P_NOUN_8_PASS_b,M,P,les sacs avec les chemises que j' aime beaucoup ne sont probablement pas cassés <eos>,13,cassés,cassées,11,F,cassés,-9.577591,cassées,-9.758822,1
7849,P_NOUN_8_PASS_b,M,P,les sacs avec les chemises que j' aime beaucoup ne sont probablement pas couverts <eos>,13,couverts,couvertes,11,F,couverts,-6.8148456,couvertes,-10.092684,1
7850,P_NOUN_8_PASS_b,M,P,les sacs avec les chemises que j' aime beaucoup ne sont probablement pas déformés <eos>,13,déformés,déformées,11,F,déformés,-11.809179,déformées,-10.823698,0
7851,P_NOUN_8_PASS_b,M,P,les sacs avec les chemises que j' aime beaucoup ne sont probablement pas fixés <eos>,13,fixés,fixées,11,F,fixés,-8.217339,fixées,-10.347983,1
7852,P_NOUN_8_PASS_b,M,P,les sacs avec les chemises que j' aime beaucoup ne sont probablement pas jetés <eos>,13,jetés,jetées,11,F,jetés,-7.422885,jetées,-9.968567,1
7853,P_NOUN_8_PASS_b,M,P,les sacs avec les chemises que j' aime beaucoup ne sont probablement pas laissés <eos>,13,laissés,laissées,11,F,laissés,-7.9380293,laissées,-10.6783085,1
7854,P_NOUN_8_PASS_b,M,P,les sacs avec les chemises que j' aime beaucoup ne sont probablement pas ouverts <eos>,13,ouverts,ouvertes,11,F,ouverts,-7.8775053,ouvertes,-10.861866,1
7855,P_NOUN_8_PASS_b,M,P,les sacs avec les chemises que j' aime beaucoup ne sont probablement pas perdus <eos>,13,perdus,perdues,11,F,perdus,-7.1884947,perdues,-9.969743,1
7856,P_NOUN_8_PASS_b,M,P,les sacs avec les chemises que j' aime beaucoup ne sont probablement pas réparés <eos>,13,réparés,réparées,11,F,réparés,-10.922838,réparées,-11.699104,1
7857,P_NOUN_8_PASS_b,M,P,les sacs avec les chemises que j' aime beaucoup ne sont probablement pas retirés <eos>,13,retirés,retirées,11,F,retirés,-8.533814,retirées,-10.2728615,1
7858,P_NOUN_8_PASS_b,M,P,les sacs avec les chemises que j' aime beaucoup ne sont probablement pas tombés <eos>,13,tombés,tombées,11,F,tombés,-6.5862226,tombées,-10.087548,1
7859,P_NOUN_8_PASS_b,M,P,les sacs avec les chemises que j' aime beaucoup ne sont probablement pas utilisés <eos>,13,utilisés,utilisées,11,F,utilisés,-4.64197,utilisées,-7.55687,1
7860,P_NOUN_8_PASS_b,M,P,les sacs avec les recettes que j' aime beaucoup ne sont probablement pas achetés <eos>,13,achetés,achetées,11,F,achetés,-7.9108567,achetées,-12.09486,1
7861,P_NOUN_8_PASS_b,M,P,les sacs avec les recettes que j' aime beaucoup ne sont probablement pas brisés <eos>,13,brisés,brisées,11,F,brisés,-10.941046,brisées,-11.869253,1
7862,P_NOUN_8_PASS_b,M,P,les sacs avec les recettes que j' aime beaucoup ne sont probablement pas cachés <eos>,13,cachés,cachées,11,F,cachés,-7.553162,cachées,-11.53153,1
7863,P_NOUN_8_PASS_b,M,P,les sacs avec les recettes que j' aime beaucoup ne sont probablement pas cassés <eos>,13,cassés,cassées,11,F,cassés,-9.529107,cassées,-11.305375,1
7864,P_NOUN_8_PASS_b,M,P,les sacs avec les recettes que j' aime beaucoup ne sont probablement pas couverts <eos>,13,couverts,couvertes,11,F,couverts,-6.539855,couvertes,-10.349165,1
7865,P_NOUN_8_PASS_b,M,P,les sacs avec les recettes que j' aime beaucoup ne sont probablement pas déformés <eos>,13,déformés,déformées,11,F,déformés,-12.611751,déformées,-11.803334,0
7866,P_NOUN_8_PASS_b,M,P,les sacs avec les recettes que j' aime beaucoup ne sont probablement pas fixés <eos>,13,fixés,fixées,11,F,fixés,-7.5209875,fixées,-11.015353,1
7867,P_NOUN_8_PASS_b,M,P,les sacs avec les recettes que j' aime beaucoup ne sont probablement pas jetés <eos>,13,jetés,jetées,11,F,jetés,-7.779964,jetées,-11.199692,1
7868,P_NOUN_8_PASS_b,M,P,les sacs avec les recettes que j' aime beaucoup ne sont probablement pas laissés <eos>,13,laissés,laissées,11,F,laissés,-8.326733,laissées,-10.68649,1
7869,P_NOUN_8_PASS_b,M,P,les sacs avec les recettes que j' aime beaucoup ne sont probablement pas ouverts <eos>,13,ouverts,ouvertes,11,F,ouverts,-7.7610703,ouvertes,-11.151556,1
7870,P_NOUN_8_PASS_b,M,P,les sacs avec les recettes que j' aime beaucoup ne sont probablement pas perdus <eos>,13,perdus,perdues,11,F,perdus,-6.919527,perdues,-10.25963,1
7871,P_NOUN_8_PASS_b,M,P,les sacs avec les recettes que j' aime beaucoup ne sont probablement pas réparés <eos>,13,réparés,réparées,11,F,réparés,-10.62502,réparées,-11.910874,1
7872,P_NOUN_8_PASS_b,M,P,les sacs avec les recettes que j' aime beaucoup ne sont probablement pas retirés <eos>,13,retirés,retirées,11,F,retirés,-8.421749,retirées,-10.603869,1
7873,P_NOUN_8_PASS_b,M,P,les sacs avec les recettes que j' aime beaucoup ne sont probablement pas tombés <eos>,13,tombés,tombées,11,F,tombés,-7.3088484,tombées,-10.924961,1
7874,P_NOUN_8_PASS_b,M,P,les sacs avec les recettes que j' aime beaucoup ne sont probablement pas utilisés <eos>,13,utilisés,utilisées,11,F,utilisés,-4.6655045,utilisées,-7.9681883,1
7875,P_NOUN_8_PASS_b,M,P,les sacs avec les jupes que j' aime beaucoup ne sont probablement pas achetés <eos>,13,achetés,achetées,11,F,achetés,-8.651134,achetées,-12.610585,1
7876,P_NOUN_8_PASS_b,M,P,les sacs avec les jupes que j' aime beaucoup ne sont probablement pas brisés <eos>,13,brisés,brisées,11,F,brisés,-10.458104,brisées,-11.579282,1
7877,P_NOUN_8_PASS_b,M,P,les sacs avec les jupes que j' aime beaucoup ne sont probablement pas cachés <eos>,13,cachés,cachées,11,F,cachés,-7.6791983,cachées,-10.962253,1
7878,P_NOUN_8_PASS_b,M,P,les sacs avec les jupes que j' aime beaucoup ne sont probablement pas cassés <eos>,13,cassés,cassées,11,F,cassés,-9.287084,cassées,-9.844998,1
7879,P_NOUN_8_PASS_b,M,P,les sacs avec les jupes que j' aime beaucoup ne sont probablement pas couverts <eos>,13,couverts,couvertes,11,F,couverts,-6.850359,couvertes,-9.995178,1
7880,P_NOUN_8_PASS_b,M,P,les sacs avec les jupes que j' aime beaucoup ne sont probablement pas déformés <eos>,13,déformés,déformées,11,F,déformés,-11.848644,déformées,-10.969551,0
7881,P_NOUN_8_PASS_b,M,P,les sacs avec les jupes que j' aime beaucoup ne sont probablement pas fixés <eos>,13,fixés,fixées,11,F,fixés,-7.8317223,fixées,-10.385619,1
7882,P_NOUN_8_PASS_b,M,P,les sacs avec les jupes que j' aime beaucoup ne sont probablement pas jetés <eos>,13,jetés,jetées,11,F,jetés,-7.924038,jetées,-10.832287,1
7883,P_NOUN_8_PASS_b,M,P,les sacs avec les jupes que j' aime beaucoup ne sont probablement pas laissés <eos>,13,laissés,laissées,11,F,laissés,-8.508997,laissées,-10.940008,1
7884,P_NOUN_8_PASS_b,M,P,les sacs avec les jupes que j' aime beaucoup ne sont probablement pas ouverts <eos>,13,ouverts,ouvertes,11,F,ouverts,-7.3526754,ouvertes,-10.645653,1
7885,P_NOUN_8_PASS_b,M,P,les sacs avec les jupes que j' aime beaucoup ne sont probablement pas perdus <eos>,13,perdus,perdues,11,F,perdus,-7.3779736,perdues,-10.7181635,1
7886,P_NOUN_8_PASS_b,M,P,les sacs avec les jupes que j' aime beaucoup ne sont probablement pas réparés <eos>,13,réparés,réparées,11,F,réparés,-10.978493,réparées,-11.708172,1
7887,P_NOUN_8_PASS_b,M,P,les sacs avec les jupes que j' aime beaucoup ne sont probablement pas retirés <eos>,13,retirés,retirées,11,F,retirés,-8.685704,retirées,-10.502359,1
7888,P_NOUN_8_PASS_b,M,P,les sacs avec les jupes que j' aime beaucoup ne sont probablement pas tombés <eos>,13,tombés,tombées,11,F,tombés,-7.195323,tombées,-10.712658,1
7889,P_NOUN_8_PASS_b,M,P,les sacs avec les jupes que j' aime beaucoup ne sont probablement pas utilisés <eos>,13,utilisés,utilisées,11,F,utilisés,-4.6442094,utilisées,-7.844853,1
7890,P_NOUN_8_PASS_b,M,P,les sacs avec les colles que j' aime beaucoup ne sont probablement pas achetés <eos>,13,achetés,achetées,11,F,achetés,-8.675822,achetées,-12.670399,1
7891,P_NOUN_8_PASS_b,M,P,les sacs avec les colles que j' aime beaucoup ne sont probablement pas brisés <eos>,13,brisés,brisées,11,F,brisés,-10.685479,brisées,-11.6590395,1
7892,P_NOUN_8_PASS_b,M,P,les sacs avec les colles que j' aime beaucoup ne sont probablement pas cachés <eos>,13,cachés,cachées,11,F,cachés,-8.041754,cachées,-11.260765,1
7893,P_NOUN_8_PASS_b,M,P,les sacs avec les colles que j' aime beaucoup ne sont probablement pas cassés <eos>,13,cassés,cassées,11,F,cassés,-8.992007,cassées,-10.282688,1
7894,P_NOUN_8_PASS_b,M,P,les sacs avec les colles que j' aime beaucoup ne sont probablement pas couverts <eos>,13,couverts,couvertes,11,F,couverts,-6.779462,couvertes,-9.8332815,1
7895,P_NOUN_8_PASS_b,M,P,les sacs avec les colles que j' aime beaucoup ne sont probablement pas déformés <eos>,13,déformés,déformées,11,F,déformés,-12.218656,déformées,-10.478332,0
7896,P_NOUN_8_PASS_b,M,P,les sacs avec les colles que j' aime beaucoup ne sont probablement pas fixés <eos>,13,fixés,fixées,11,F,fixés,-8.201577,fixées,-10.742885,1
7897,P_NOUN_8_PASS_b,M,P,les sacs avec les colles que j' aime beaucoup ne sont probablement pas jetés <eos>,13,jetés,jetées,11,F,jetés,-8.169486,jetées,-11.025397,1
7898,P_NOUN_8_PASS_b,M,P,les sacs avec les colles que j' aime beaucoup ne sont probablement pas laissés <eos>,13,laissés,laissées,11,F,laissés,-8.393616,laissées,-10.18692,1
7899,P_NOUN_8_PASS_b,M,P,les sacs avec les colles que j' aime beaucoup ne sont probablement pas ouverts <eos>,13,ouverts,ouvertes,11,F,ouverts,-7.6262693,ouvertes,-10.46325,1
7900,P_NOUN_8_PASS_b,M,P,les sacs avec les colles que j' aime beaucoup ne sont probablement pas perdus <eos>,13,perdus,perdues,11,F,perdus,-7.3277473,perdues,-10.291328,1
7901,P_NOUN_8_PASS_b,M,P,les sacs avec les colles que j' aime beaucoup ne sont probablement pas réparés <eos>,13,réparés,réparées,11,F,réparés,-10.526869,réparées,-11.125817,1
7902,P_NOUN_8_PASS_b,M,P,les sacs avec les colles que j' aime beaucoup ne sont probablement pas retirés <eos>,13,retirés,retirées,11,F,retirés,-8.350371,retirées,-10.332732,1
7903,P_NOUN_8_PASS_b,M,P,les sacs avec les colles que j' aime beaucoup ne sont probablement pas tombés <eos>,13,tombés,tombées,11,F,tombés,-7.7719774,tombées,-10.758913,1
7904,P_NOUN_8_PASS_b,M,P,les sacs avec les colles que j' aime beaucoup ne sont probablement pas utilisés <eos>,13,utilisés,utilisées,11,F,utilisés,-4.3403673,utilisées,-7.170765,1
7905,P_NOUN_8_PASS_b,M,P,les sacs avec les lampes que j' aime beaucoup ne sont probablement pas achetés <eos>,13,achetés,achetées,11,F,achetés,-8.257846,achetées,-12.78772,1
7906,P_NOUN_8_PASS_b,M,P,les sacs avec les lampes que j' aime beaucoup ne sont probablement pas brisés <eos>,13,brisés,brisées,11,F,brisés,-10.165365,brisées,-11.397465,1
7907,P_NOUN_8_PASS_b,M,P,les sacs avec les lampes que j' aime beaucoup ne sont probablement pas cachés <eos>,13,cachés,cachées,11,F,cachés,-7.125338,cachées,-10.765045,1
7908,P_NOUN_8_PASS_b,M,P,les sacs avec les lampes que j' aime beaucoup ne sont probablement pas cassés <eos>,13,cassés,cassées,11,F,cassés,-9.35795,cassées,-10.351259,1
7909,P_NOUN_8_PASS_b,M,P,les sacs avec les lampes que j' aime beaucoup ne sont probablement pas couverts <eos>,13,couverts,couvertes,11,F,couverts,-6.8012943,couvertes,-10.303061,1
7910,P_NOUN_8_PASS_b,M,P,les sacs avec les lampes que j' aime beaucoup ne sont probablement pas déformés <eos>,13,déformés,déformées,11,F,déformés,-11.4778595,déformées,-10.361689,0
7911,P_NOUN_8_PASS_b,M,P,les sacs avec les lampes que j' aime beaucoup ne sont probablement pas fixés <eos>,13,fixés,fixées,11,F,fixés,-7.713339,fixées,-10.35392,1
7912,P_NOUN_8_PASS_b,M,P,les sacs avec les lampes que j' aime beaucoup ne sont probablement pas jetés <eos>,13,jetés,jetées,11,F,jetés,-7.1798515,jetées,-10.4747,1
7913,P_NOUN_8_PASS_b,M,P,les sacs avec les lampes que j' aime beaucoup ne sont probablement pas laissés <eos>,13,laissés,laissées,11,F,laissés,-8.087244,laissées,-10.984114,1
7914,P_NOUN_8_PASS_b,M,P,les sacs avec les lampes que j' aime beaucoup ne sont probablement pas ouverts <eos>,13,ouverts,ouvertes,11,F,ouverts,-7.619733,ouvertes,-10.728123,1
7915,P_NOUN_8_PASS_b,M,P,les sacs avec les lampes que j' aime beaucoup ne sont probablement pas perdus <eos>,13,perdus,perdues,11,F,perdus,-6.9665537,perdues,-10.156198,1
7916,P_NOUN_8_PASS_b,M,P,les sacs avec les lampes que j' aime beaucoup ne sont probablement pas réparés <eos>,13,réparés,réparées,11,F,réparés,-10.847754,réparées,-11.505692,1
7917,P_NOUN_8_PASS_b,M,P,les sacs avec les lampes que j' aime beaucoup ne sont probablement pas retirés <eos>,13,retirés,retirées,11,F,retirés,-8.228942,retirées,-10.055425,1
7918,P_NOUN_8_PASS_b,M,P,les sacs avec les lampes que j' aime beaucoup ne sont probablement pas tombés <eos>,13,tombés,tombées,11,F,tombés,-7.252921,tombées,-10.449112,1
7919,P_NOUN_8_PASS_b,M,P,les sacs avec les lampes que j' aime beaucoup ne sont probablement pas utilisés <eos>,13,utilisés,utilisées,11,F,utilisés,-4.0716763,utilisées,-7.459016,1
7920,P_NOUN_8_PASS_b,M,P,les sacs avec les bouteilles que j' aime beaucoup ne sont probablement pas achetés <eos>,13,achetés,achetées,11,F,achetés,-8.077412,achetées,-11.916124,1
7921,P_NOUN_8_PASS_b,M,P,les sacs avec les bouteilles que j' aime beaucoup ne sont probablement pas brisés <eos>,13,brisés,brisées,11,F,brisés,-10.652462,brisées,-11.613045,1
7922,P_NOUN_8_PASS_b,M,P,les sacs avec les bouteilles que j' aime beaucoup ne sont probablement pas cachés <eos>,13,cachés,cachées,11,F,cachés,-7.2841516,cachées,-11.021557,1
7923,P_NOUN_8_PASS_b,M,P,les sacs avec les bouteilles que j' aime beaucoup ne sont probablement pas cassés <eos>,13,cassés,cassées,11,F,cassés,-9.205928,cassées,-10.302037,1
7924,P_NOUN_8_PASS_b,M,P,les sacs avec les bouteilles que j' aime beaucoup ne sont probablement pas couverts <eos>,13,couverts,couvertes,11,F,couverts,-6.776537,couvertes,-10.335165,1
7925,P_NOUN_8_PASS_b,M,P,les sacs avec les bouteilles que j' aime beaucoup ne sont probablement pas déformés <eos>,13,déformés,déformées,11,F,déformés,-11.9142,déformées,-10.969503,0
7926,P_NOUN_8_PASS_b,M,P,les sacs avec les bouteilles que j' aime beaucoup ne sont probablement pas fixés <eos>,13,fixés,fixées,11,F,fixés,-7.9572477,fixées,-10.973902,1
7927,P_NOUN_8_PASS_b,M,P,les sacs avec les bouteilles que j' aime beaucoup ne sont probablement pas jetés <eos>,13,jetés,jetées,11,F,jetés,-7.598295,jetées,-11.153944,1
7928,P_NOUN_8_PASS_b,M,P,les sacs avec les bouteilles que j' aime beaucoup ne sont probablement pas laissés <eos>,13,laissés,laissées,11,F,laissés,-8.181645,laissées,-10.481894,1
7929,P_NOUN_8_PASS_b,M,P,les sacs avec les bouteilles que j' aime beaucoup ne sont probablement pas ouverts <eos>,13,ouverts,ouvertes,11,F,ouverts,-7.5089374,ouvertes,-10.734655,1
7930,P_NOUN_8_PASS_b,M,P,les sacs avec les bouteilles que j' aime beaucoup ne sont probablement pas perdus <eos>,13,perdus,perdues,11,F,perdus,-6.86121,perdues,-10.215037,1
7931,P_NOUN_8_PASS_b,M,P,les sacs avec les bouteilles que j' aime beaucoup ne sont probablement pas réparés <eos>,13,réparés,réparées,11,F,réparés,-10.968952,réparées,-11.610628,1
7932,P_NOUN_8_PASS_b,M,P,les sacs avec les bouteilles que j' aime beaucoup ne sont probablement pas retirés <eos>,13,retirés,retirées,11,F,retirés,-8.47247,retirées,-10.48654,1
7933,P_NOUN_8_PASS_b,M,P,les sacs avec les bouteilles que j' aime beaucoup ne sont probablement pas tombés <eos>,13,tombés,tombées,11,F,tombés,-7.4389234,tombées,-10.746227,1
7934,P_NOUN_8_PASS_b,M,P,les sacs avec les bouteilles que j' aime beaucoup ne sont probablement pas utilisés <eos>,13,utilisés,utilisées,11,F,utilisés,-4.765404,utilisées,-7.880318,1
7935,P_NOUN_8_PASS_b,M,P,les sacs avec les boissons que j' aime beaucoup ne sont probablement pas achetés <eos>,13,achetés,achetées,11,F,achetés,-8.080615,achetées,-11.295964,1
7936,P_NOUN_8_PASS_b,M,P,les sacs avec les boissons que j' aime beaucoup ne sont probablement pas brisés <eos>,13,brisés,brisées,11,F,brisés,-11.30509,brisées,-11.089521,0
7937,P_NOUN_8_PASS_b,M,P,les sacs avec les boissons que j' aime beaucoup ne sont probablement pas cachés <eos>,13,cachés,cachées,11,F,cachés,-7.7597613,cachées,-10.475559,1
7938,P_NOUN_8_PASS_b,M,P,les sacs avec les boissons que j' aime beaucoup ne sont probablement pas cassés <eos>,13,cassés,cassées,11,F,cassés,-9.427389,cassées,-10.032727,1
7939,P_NOUN_8_PASS_b,M,P,les sacs avec les boissons que j' aime beaucoup ne sont probablement pas couverts <eos>,13,couverts,couvertes,11,F,couverts,-6.583896,couvertes,-9.130164,1
7940,P_NOUN_8_PASS_b,M,P,les sacs avec les boissons que j' aime beaucoup ne sont probablement pas déformés <eos>,13,déformés,déformées,11,F,déformés,-12.667225,déformées,-10.565763,0
7941,P_NOUN_8_PASS_b,M,P,les sacs avec les boissons que j' aime beaucoup ne sont probablement pas fixés <eos>,13,fixés,fixées,11,F,fixés,-8.236405,fixées,-10.3525,1
7942,P_NOUN_8_PASS_b,M,P,les sacs avec les boissons que j' aime beaucoup ne sont probablement pas jetés <eos>,13,jetés,jetées,11,F,jetés,-8.070419,jetées,-9.903964,1
7943,P_NOUN_8_PASS_b,M,P,les sacs avec les boissons que j' aime beaucoup ne sont probablement pas laissés <eos>,13,laissés,laissées,11,F,laissés,-8.137158,laissées,-9.201534,1
7944,P_NOUN_8_PASS_b,M,P,les sacs avec les boissons que j' aime beaucoup ne sont probablement pas ouverts <eos>,13,ouverts,ouvertes,11,F,ouverts,-7.953494,ouvertes,-9.856989,1
7945,P_NOUN_8_PASS_b,M,P,les sacs avec les boissons que j' aime beaucoup ne sont probablement pas perdus <eos>,13,perdus,perdues,11,F,perdus,-7.3556757,perdues,-9.351964,1
7946,P_NOUN_8_PASS_b,M,P,les sacs avec les boissons que j' aime beaucoup ne sont probablement pas réparés <eos>,13,réparés,réparées,11,F,réparés,-10.711916,réparées,-11.00009,1
7947,P_NOUN_8_PASS_b,M,P,les sacs avec les boissons que j' aime beaucoup ne sont probablement pas retirés <eos>,13,retirés,retirées,11,F,retirés,-8.540258,retirées,-9.718871,1
7948,P_NOUN_8_PASS_b,M,P,les sacs avec les boissons que j' aime beaucoup ne sont probablement pas tombés <eos>,13,tombés,tombées,11,F,tombés,-7.399584,tombées,-10.133913,1
7949,P_NOUN_8_PASS_b,M,P,les sacs avec les boissons que j' aime beaucoup ne sont probablement pas utilisés <eos>,13,utilisés,utilisées,11,F,utilisés,-4.3823214,utilisées,-6.4669123,1
7950,P_NOUN_8_PASS_b,M,P,les sacs avec les pommes que j' aime beaucoup ne sont probablement pas achetés <eos>,13,achetés,achetées,11,F,achetés,-7.9921856,achetées,-10.871852,1
7951,P_NOUN_8_PASS_b,M,P,les sacs avec les pommes que j' aime beaucoup ne sont probablement pas brisés <eos>,13,brisés,brisées,11,F,brisés,-10.883612,brisées,-10.87145,0
7952,P_NOUN_8_PASS_b,M,P,les sacs avec les pommes que j' aime beaucoup ne sont probablement pas cachés <eos>,13,cachés,cachées,11,F,cachés,-7.542292,cachées,-9.956592,1
7953,P_NOUN_8_PASS_b,M,P,les sacs avec les pommes que j' aime beaucoup ne sont probablement pas cassés <eos>,13,cassés,cassées,11,F,cassés,-8.958179,cassées,-9.894906,1
7954,P_NOUN_8_PASS_b,M,P,les sacs avec les pommes que j' aime beaucoup ne sont probablement pas couverts <eos>,13,couverts,couvertes,11,F,couverts,-6.5519953,couvertes,-9.044191,1
7955,P_NOUN_8_PASS_b,M,P,les sacs avec les pommes que j' aime beaucoup ne sont probablement pas déformés <eos>,13,déformés,déformées,11,F,déformés,-12.563276,déformées,-10.469599,0
7956,P_NOUN_8_PASS_b,M,P,les sacs avec les pommes que j' aime beaucoup ne sont probablement pas fixés <eos>,13,fixés,fixées,11,F,fixés,-8.19605,fixées,-10.268006,1
7957,P_NOUN_8_PASS_b,M,P,les sacs avec les pommes que j' aime beaucoup ne sont probablement pas jetés <eos>,13,jetés,jetées,11,F,jetés,-8.108494,jetées,-9.533467,1
7958,P_NOUN_8_PASS_b,M,P,les sacs avec les pommes que j' aime beaucoup ne sont probablement pas laissés <eos>,13,laissés,laissées,11,F,laissés,-7.6642,laissées,-9.410303,1
7959,P_NOUN_8_PASS_b,M,P,les sacs avec les pommes que j' aime beaucoup ne sont probablement pas ouverts <eos>,13,ouverts,ouvertes,11,F,ouverts,-7.8986053,ouvertes,-9.896671,1
7960,P_NOUN_8_PASS_b,M,P,les sacs avec les pommes que j' aime beaucoup ne sont probablement pas perdus <eos>,13,perdus,perdues,11,F,perdus,-7.261858,perdues,-9.073968,1
7961,P_NOUN_8_PASS_b,M,P,les sacs avec les pommes que j' aime beaucoup ne sont probablement pas réparés <eos>,13,réparés,réparées,11,F,réparés,-10.882408,réparées,-11.191914,1
7962,P_NOUN_8_PASS_b,M,P,les sacs avec les pommes que j' aime beaucoup ne sont probablement pas retirés <eos>,13,retirés,retirées,11,F,retirés,-8.489431,retirées,-9.697882,1
7963,P_NOUN_8_PASS_b,M,P,les sacs avec les pommes que j' aime beaucoup ne sont probablement pas tombés <eos>,13,tombés,tombées,11,F,tombés,-6.8914747,tombées,-9.308049,1
7964,P_NOUN_8_PASS_b,M,P,les sacs avec les pommes que j' aime beaucoup ne sont probablement pas utilisés <eos>,13,utilisés,utilisées,11,F,utilisés,-4.709525,utilisées,-6.5956316,1
7965,P_NOUN_8_PASS_b,M,P,les sacs avec les tasses que j' aime beaucoup ne sont probablement pas achetés <eos>,13,achetés,achetées,11,F,achetés,-8.419845,achetées,-11.9717455,1
7966,P_NOUN_8_PASS_b,M,P,les sacs avec les tasses que j' aime beaucoup ne sont probablement pas brisés <eos>,13,brisés,brisées,11,F,brisés,-10.237857,brisées,-11.158484,1
7967,P_NOUN_8_PASS_b,M,P,les sacs avec les tasses que j' aime beaucoup ne sont probablement pas cachés <eos>,13,cachés,cachées,11,F,cachés,-7.9486017,cachées,-10.86989,1
7968,P_NOUN_8_PASS_b,M,P,les sacs avec les tasses que j' aime beaucoup ne sont probablement pas cassés <eos>,13,cassés,cassées,11,F,cassés,-9.091517,cassées,-10.184283,1
7969,P_NOUN_8_PASS_b,M,P,les sacs avec les tasses que j' aime beaucoup ne sont probablement pas couverts <eos>,13,couverts,couvertes,11,F,couverts,-6.0830584,couvertes,-9.546834,1
7970,P_NOUN_8_PASS_b,M,P,les sacs avec les tasses que j' aime beaucoup ne sont probablement pas déformés <eos>,13,déformés,déformées,11,F,déformés,-12.088472,déformées,-10.731926,0
7971,P_NOUN_8_PASS_b,M,P,les sacs avec les tasses que j' aime beaucoup ne sont probablement pas fixés <eos>,13,fixés,fixées,11,F,fixés,-8.016145,fixées,-10.439047,1
7972,P_NOUN_8_PASS_b,M,P,les sacs avec les tasses que j' aime beaucoup ne sont probablement pas jetés <eos>,13,jetés,jetées,11,F,jetés,-7.7689238,jetées,-10.831435,1
7973,P_NOUN_8_PASS_b,M,P,les sacs avec les tasses que j' aime beaucoup ne sont probablement pas laissés <eos>,13,laissés,laissées,11,F,laissés,-7.984742,laissées,-9.843361,1
7974,P_NOUN_8_PASS_b,M,P,les sacs avec les tasses que j' aime beaucoup ne sont probablement pas ouverts <eos>,13,ouverts,ouvertes,11,F,ouverts,-7.14151,ouvertes,-10.105644,1
7975,P_NOUN_8_PASS_b,M,P,les sacs avec les tasses que j' aime beaucoup ne sont probablement pas perdus <eos>,13,perdus,perdues,11,F,perdus,-6.802366,perdues,-9.802683,1
7976,P_NOUN_8_PASS_b,M,P,les sacs avec les tasses que j' aime beaucoup ne sont probablement pas réparés <eos>,13,réparés,réparées,11,F,réparés,-10.734159,réparées,-11.172005,1
7977,P_NOUN_8_PASS_b,M,P,les sacs avec les tasses que j' aime beaucoup ne sont probablement pas retirés <eos>,13,retirés,retirées,11,F,retirés,-8.283226,retirées,-10.1784,1
7978,P_NOUN_8_PASS_b,M,P,les sacs avec les tasses que j' aime beaucoup ne sont probablement pas tombés <eos>,13,tombés,tombées,11,F,tombés,-7.279002,tombées,-10.346707,1
7979,P_NOUN_8_PASS_b,M,P,les sacs avec les tasses que j' aime beaucoup ne sont probablement pas utilisés <eos>,13,utilisés,utilisées,11,F,utilisés,-4.664449,utilisées,-7.448437,1
7980,P_NOUN_8_PASS_b,M,P,les sacs avec les bougies que j' aime beaucoup ne sont probablement pas achetés <eos>,13,achetés,achetées,11,F,achetés,-8.753046,achetées,-12.301256,1
7981,P_NOUN_8_PASS_b,M,P,les sacs avec les bougies que j' aime beaucoup ne sont probablement pas brisés <eos>,13,brisés,brisées,11,F,brisés,-10.441267,brisées,-11.681725,1
7982,P_NOUN_8_PASS_b,M,P,les sacs avec les bougies que j' aime beaucoup ne sont probablement pas cachés <eos>,13,cachés,cachées,11,F,cachés,-7.2662287,cachées,-10.749529,1
7983,P_NOUN_8_PASS_b,M,P,les sacs avec les bougies que j' aime beaucoup ne sont probablement pas cassés <eos>,13,cassés,cassées,11,F,cassés,-9.419733,cassées,-10.51936,1
7984,P_NOUN_8_PASS_b,M,P,les sacs avec les bougies que j' aime beaucoup ne sont probablement pas couverts <eos>,13,couverts,couvertes,11,F,couverts,-6.960243,couvertes,-10.533506,1
7985,P_NOUN_8_PASS_b,M,P,les sacs avec les bougies que j' aime beaucoup ne sont probablement pas déformés <eos>,13,déformés,déformées,11,F,déformés,-11.482392,déformées,-10.97464,0
7986,P_NOUN_8_PASS_b,M,P,les sacs avec les bougies que j' aime beaucoup ne sont probablement pas fixés <eos>,13,fixés,fixées,11,F,fixés,-8.035673,fixées,-10.703409,1
7987,P_NOUN_8_PASS_b,M,P,les sacs avec les bougies que j' aime beaucoup ne sont probablement pas jetés <eos>,13,jetés,jetées,11,F,jetés,-7.322999,jetées,-10.751603,1
7988,P_NOUN_8_PASS_b,M,P,les sacs avec les bougies que j' aime beaucoup ne sont probablement pas laissés <eos>,13,laissés,laissées,11,F,laissés,-7.8790765,laissées,-10.976494,1
7989,P_NOUN_8_PASS_b,M,P,les sacs avec les bougies que j' aime beaucoup ne sont probablement pas ouverts <eos>,13,ouverts,ouvertes,11,F,ouverts,-7.5716047,ouvertes,-10.817793,1
7990,P_NOUN_8_PASS_b,M,P,les sacs avec les bougies que j' aime beaucoup ne sont probablement pas perdus <eos>,13,perdus,perdues,11,F,perdus,-7.0068755,perdues,-10.350531,1
7991,P_NOUN_8_PASS_b,M,P,les sacs avec les bougies que j' aime beaucoup ne sont probablement pas réparés <eos>,13,réparés,réparées,11,F,réparés,-10.799928,réparées,-11.614767,1
7992,P_NOUN_8_PASS_b,M,P,les sacs avec les bougies que j' aime beaucoup ne sont probablement pas retirés <eos>,13,retirés,retirées,11,F,retirés,-8.609904,retirées,-10.471616,1
7993,P_NOUN_8_PASS_b,M,P,les sacs avec les bougies que j' aime beaucoup ne sont probablement pas tombés <eos>,13,tombés,tombées,11,F,tombés,-6.282773,tombées,-10.261453,1
7994,P_NOUN_8_PASS_b,M,P,les sacs avec les bougies que j' aime beaucoup ne sont probablement pas utilisés <eos>,13,utilisés,utilisées,11,F,utilisés,-4.9766455,utilisées,-8.116905,1
7995,P_NOUN_8_PASS_b,M,P,les sacs avec les pochettes que j' aime beaucoup ne sont probablement pas achetés <eos>,13,achetés,achetées,11,F,achetés,-8.525779,achetées,-11.4004345,1
7996,P_NOUN_8_PASS_b,M,P,les sacs avec les pochettes que j' aime beaucoup ne sont probablement pas brisés <eos>,13,brisés,brisées,11,F,brisés,-11.027667,brisées,-11.576323,1
7997,P_NOUN_8_PASS_b,M,P,les sacs avec les pochettes que j' aime beaucoup ne sont probablement pas cachés <eos>,13,cachés,cachées,11,F,cachés,-8.13513,cachées,-10.424166,1
7998,P_NOUN_8_PASS_b,M,P,les sacs avec les pochettes que j' aime beaucoup ne sont probablement pas cassés <eos>,13,cassés,cassées,11,F,cassés,-10.461107,cassées,-10.831078,1
7999,P_NOUN_8_PASS_b,M,P,les sacs avec les pochettes que j' aime beaucoup ne sont probablement pas couverts <eos>,13,couverts,couvertes,11,F,couverts,-7.5727835,couvertes,-9.897422,1
8000,P_NOUN_8_PASS_b,M,P,les sacs avec les pochettes que j' aime beaucoup ne sont probablement pas déformés <eos>,13,déformés,déformées,11,F,déformés,-11.792967,déformées,-10.238491,0
8001,P_NOUN_8_PASS_b,M,P,les sacs avec les pochettes que j' aime beaucoup ne sont probablement pas fixés <eos>,13,fixés,fixées,11,F,fixés,-8.951314,fixées,-11.029911,1
8002,P_NOUN_8_PASS_b,M,P,les sacs avec les pochettes que j' aime beaucoup ne sont probablement pas jetés <eos>,13,jetés,jetées,11,F,jetés,-8.6183605,jetées,-11.893883,1
8003,P_NOUN_8_PASS_b,M,P,les sacs avec les pochettes que j' aime beaucoup ne sont probablement pas laissés <eos>,13,laissés,laissées,11,F,laissés,-8.531122,laissées,-9.667892,1
8004,P_NOUN_8_PASS_b,M,P,les sacs avec les pochettes que j' aime beaucoup ne sont probablement pas ouverts <eos>,13,ouverts,ouvertes,11,F,ouverts,-7.1030884,ouvertes,-9.222235,1
8005,P_NOUN_8_PASS_b,M,P,les sacs avec les pochettes que j' aime beaucoup ne sont probablement pas perdus <eos>,13,perdus,perdues,11,F,perdus,-6.9224024,perdues,-9.540825,1
8006,P_NOUN_8_PASS_b,M,P,les sacs avec les pochettes que j' aime beaucoup ne sont probablement pas réparés <eos>,13,réparés,réparées,11,F,réparés,-11.315743,réparées,-11.054333,0
8007,P_NOUN_8_PASS_b,M,P,les sacs avec les pochettes que j' aime beaucoup ne sont probablement pas retirés <eos>,13,retirés,retirées,11,F,retirés,-9.253421,retirées,-10.081069,1
8008,P_NOUN_8_PASS_b,M,P,les sacs avec les pochettes que j' aime beaucoup ne sont probablement pas tombés <eos>,13,tombés,tombées,11,F,tombés,-8.574911,tombées,-10.935982,1
8009,P_NOUN_8_PASS_b,M,P,les sacs avec les pochettes que j' aime beaucoup ne sont probablement pas utilisés <eos>,13,utilisés,utilisées,11,F,utilisés,-5.2937937,utilisées,-7.6331053,1
8010,P_NOUN_8_PASS_b,M,P,les sacs avec les bananes que j' aime beaucoup ne sont probablement pas achetés <eos>,13,achetés,achetées,11,F,achetés,-8.031985,achetées,-12.5342655,1
8011,P_NOUN_8_PASS_b,M,P,les sacs avec les bananes que j' aime beaucoup ne sont probablement pas brisés <eos>,13,brisés,brisées,11,F,brisés,-10.712083,brisées,-11.768014,1
8012,P_NOUN_8_PASS_b,M,P,les sacs avec les bananes que j' aime beaucoup ne sont probablement pas cachés <eos>,13,cachés,cachées,11,F,cachés,-7.875657,cachées,-11.4702215,1
8013,P_NOUN_8_PASS_b,M,P,les sacs avec les bananes que j' aime beaucoup ne sont probablement pas cassés <eos>,13,cassés,cassées,11,F,cassés,-9.291929,cassées,-10.618446,1
8014,P_NOUN_8_PASS_b,M,P,les sacs avec les bananes que j' aime beaucoup ne sont probablement pas couverts <eos>,13,couverts,couvertes,11,F,couverts,-6.4967546,couvertes,-10.338086,1
8015,P_NOUN_8_PASS_b,M,P,les sacs avec les bananes que j' aime beaucoup ne sont probablement pas déformés <eos>,13,déformés,déformées,11,F,déformés,-12.225431,déformées,-11.40125,0
8016,P_NOUN_8_PASS_b,M,P,les sacs avec les bananes que j' aime beaucoup ne sont probablement pas fixés <eos>,13,fixés,fixées,11,F,fixés,-7.9553814,fixées,-11.187308,1
8017,P_NOUN_8_PASS_b,M,P,les sacs avec les bananes que j' aime beaucoup ne sont probablement pas jetés <eos>,13,jetés,jetées,11,F,jetés,-8.172562,jetées,-10.404312,1
8018,P_NOUN_8_PASS_b,M,P,les sacs avec les bananes que j' aime beaucoup ne sont probablement pas laissés <eos>,13,laissés,laissées,11,F,laissés,-7.705778,laissées,-10.679581,1
8019,P_NOUN_8_PASS_b,M,P,les sacs avec les bananes que j' aime beaucoup ne sont probablement pas ouverts <eos>,13,ouverts,ouvertes,11,F,ouverts,-7.8342366,ouvertes,-11.300943,1
8020,P_NOUN_8_PASS_b,M,P,les sacs avec les bananes que j' aime beaucoup ne sont probablement pas perdus <eos>,13,perdus,perdues,11,F,perdus,-7.072752,perdues,-10.458211,1
8021,P_NOUN_8_PASS_b,M,P,les sacs avec les bananes que j' aime beaucoup ne sont probablement pas réparés <eos>,13,réparés,réparées,11,F,réparés,-11.059285,réparées,-12.323359,1
8022,P_NOUN_8_PASS_b,M,P,les sacs avec les bananes que j' aime beaucoup ne sont probablement pas retirés <eos>,13,retirés,retirées,11,F,retirés,-8.66187,retirées,-11.052037,1
8023,P_NOUN_8_PASS_b,M,P,les sacs avec les bananes que j' aime beaucoup ne sont probablement pas tombés <eos>,13,tombés,tombées,11,F,tombés,-7.0599146,tombées,-10.617367,1
8024,P_NOUN_8_PASS_b,M,P,les sacs avec les bananes que j' aime beaucoup ne sont probablement pas utilisés <eos>,13,utilisés,utilisées,11,F,utilisés,-4.645587,utilisées,-7.9151354,1
8025,P_NOUN_8_PASS_b,M,P,les sacs avec les robes que j' aime beaucoup ne sont probablement pas achetés <eos>,13,achetés,achetées,11,F,achetés,-8.654839,achetées,-12.818779,1
8026,P_NOUN_8_PASS_b,M,P,les sacs avec les robes que j' aime beaucoup ne sont probablement pas brisés <eos>,13,brisés,brisées,11,F,brisés,-10.928499,brisées,-11.889816,1
8027,P_NOUN_8_PASS_b,M,P,les sacs avec les robes que j' aime beaucoup ne sont probablement pas cachés <eos>,13,cachés,cachées,11,F,cachés,-7.674283,cachées,-11.110769,1
8028,P_NOUN_8_PASS_b,M,P,les sacs avec les robes que j' aime beaucoup ne sont probablement pas cassés <eos>,13,cassés,cassées,11,F,cassés,-9.807328,cassées,-10.388654,1
8029,P_NOUN_8_PASS_b,M,P,les sacs avec les robes que j' aime beaucoup ne sont probablement pas couverts <eos>,13,couverts,couvertes,11,F,couverts,-6.8177776,couvertes,-10.279736,1
8030,P_NOUN_8_PASS_b,M,P,les sacs avec les robes que j' aime beaucoup ne sont probablement pas déformés <eos>,13,déformés,déformées,11,F,déformés,-11.645504,déformées,-11.182581,0
8031,P_NOUN_8_PASS_b,M,P,les sacs avec les robes que j' aime beaucoup ne sont probablement pas fixés <eos>,13,fixés,fixées,11,F,fixés,-8.418933,fixées,-10.82405,1
8032,P_NOUN_8_PASS_b,M,P,les sacs avec les robes que j' aime beaucoup ne sont probablement pas jetés <eos>,13,jetés,jetées,11,F,jetés,-8.007579,jetées,-10.874987,1
8033,P_NOUN_8_PASS_b,M,P,les sacs avec les robes que j' aime beaucoup ne sont probablement pas laissés <eos>,13,laissés,laissées,11,F,laissés,-8.41299,laissées,-10.794879,1
8034,P_NOUN_8_PASS_b,M,P,les sacs avec les robes que j' aime beaucoup ne sont probablement pas ouverts <eos>,13,ouverts,ouvertes,11,F,ouverts,-7.872369,ouvertes,-10.847165,1
8035,P_NOUN_8_PASS_b,M,P,les sacs avec les robes que j' aime beaucoup ne sont probablement pas perdus <eos>,13,perdus,perdues,11,F,perdus,-7.7155266,perdues,-10.649553,1
8036,P_NOUN_8_PASS_b,M,P,les sacs avec les robes que j' aime beaucoup ne sont probablement pas réparés <eos>,13,réparés,réparées,11,F,réparés,-10.880587,réparées,-12.006287,1
8037,P_NOUN_8_PASS_b,M,P,les sacs avec les robes que j' aime beaucoup ne sont probablement pas retirés <eos>,13,retirés,retirées,11,F,retirés,-8.780777,retirées,-10.781185,1
8038,P_NOUN_8_PASS_b,M,P,les sacs avec les robes que j' aime beaucoup ne sont probablement pas tombés <eos>,13,tombés,tombées,11,F,tombés,-6.975164,tombées,-10.710182,1
8039,P_NOUN_8_PASS_b,M,P,les sacs avec les robes que j' aime beaucoup ne sont probablement pas utilisés <eos>,13,utilisés,utilisées,11,F,utilisés,-4.7045307,utilisées,-7.831522,1
8040,P_NOUN_8_PASS_b,M,P,les sacs avec les valises que j' aime beaucoup ne sont probablement pas achetés <eos>,13,achetés,achetées,11,F,achetés,-8.462302,achetées,-12.442584,1
8041,P_NOUN_8_PASS_b,M,P,les sacs avec les valises que j' aime beaucoup ne sont probablement pas brisés <eos>,13,brisés,brisées,11,F,brisés,-10.57899,brisées,-11.471654,1
8042,P_NOUN_8_PASS_b,M,P,les sacs avec les valises que j' aime beaucoup ne sont probablement pas cachés <eos>,13,cachés,cachées,11,F,cachés,-7.384055,cachées,-10.459502,1
8043,P_NOUN_8_PASS_b,M,P,les sacs avec les valises que j' aime beaucoup ne sont probablement pas cassés <eos>,13,cassés,cassées,11,F,cassés,-9.62925,cassées,-10.75234,1
8044,P_NOUN_8_PASS_b,M,P,les sacs avec les valises que j' aime beaucoup ne sont probablement pas couverts <eos>,13,couverts,couvertes,11,F,couverts,-6.41098,couvertes,-9.674413,1
8045,P_NOUN_8_PASS_b,M,P,les sacs avec les valises que j' aime beaucoup ne sont probablement pas déformés <eos>,13,déformés,déformées,11,F,déformés,-12.133821,déformées,-11.119026,0
8046,P_NOUN_8_PASS_b,M,P,les sacs avec les valises que j' aime beaucoup ne sont probablement pas fixés <eos>,13,fixés,fixées,11,F,fixés,-7.984971,fixées,-10.530347,1
8047,P_NOUN_8_PASS_b,M,P,les sacs avec les valises que j' aime beaucoup ne sont probablement pas jetés <eos>,13,jetés,jetées,11,F,jetés,-7.575097,jetées,-10.587245,1
8048,P_NOUN_8_PASS_b,M,P,les sacs avec les valises que j' aime beaucoup ne sont probablement pas laissés <eos>,13,laissés,laissées,11,F,laissés,-7.9260178,laissées,-10.239189,1
8049,P_NOUN_8_PASS_b,M,P,les sacs avec les valises que j' aime beaucoup ne sont probablement pas ouverts <eos>,13,ouverts,ouvertes,11,F,ouverts,-6.9575396,ouvertes,-9.964525,1
8050,P_NOUN_8_PASS_b,M,P,les sacs avec les valises que j' aime beaucoup ne sont probablement pas perdus <eos>,13,perdus,perdues,11,F,perdus,-7.0057216,perdues,-10.143071,1
8051,P_NOUN_8_PASS_b,M,P,les sacs avec les valises que j' aime beaucoup ne sont probablement pas réparés <eos>,13,réparés,réparées,11,F,réparés,-10.858948,réparées,-11.402192,1
8052,P_NOUN_8_PASS_b,M,P,les sacs avec les valises que j' aime beaucoup ne sont probablement pas retirés <eos>,13,retirés,retirées,11,F,retirés,-8.702307,retirées,-10.609939,1
8053,P_NOUN_8_PASS_b,M,P,les sacs avec les valises que j' aime beaucoup ne sont probablement pas tombés <eos>,13,tombés,tombées,11,F,tombés,-7.532958,tombées,-10.7346735,1
8054,P_NOUN_8_PASS_b,M,P,les sacs avec les valises que j' aime beaucoup ne sont probablement pas utilisés <eos>,13,utilisés,utilisées,11,F,utilisés,-4.9922404,utilisées,-7.919583,1
8055,P_NOUN_8_PASS_b,M,P,les sacs avec les pendules que j' aime beaucoup ne sont probablement pas achetés <eos>,13,achetés,achetées,11,F,achetés,-8.346859,achetées,-12.303504,1
8056,P_NOUN_8_PASS_b,M,P,les sacs avec les pendules que j' aime beaucoup ne sont probablement pas brisés <eos>,13,brisés,brisées,11,F,brisés,-10.222204,brisées,-11.121393,1
8057,P_NOUN_8_PASS_b,M,P,les sacs avec les pendules que j' aime beaucoup ne sont probablement pas cachés <eos>,13,cachés,cachées,11,F,cachés,-7.2057786,cachées,-10.686676,1
8058,P_NOUN_8_PASS_b,M,P,les sacs avec les pendules que j' aime beaucoup ne sont probablement pas cassés <eos>,13,cassés,cassées,11,F,cassés,-9.061495,cassées,-9.8910265,1
8059,P_NOUN_8_PASS_b,M,P,les sacs avec les pendules que j' aime beaucoup ne sont probablement pas couverts <eos>,13,couverts,couvertes,11,F,couverts,-6.958435,couvertes,-10.117446,1
8060,P_NOUN_8_PASS_b,M,P,les sacs avec les pendules que j' aime beaucoup ne sont probablement pas déformés <eos>,13,déformés,déformées,11,F,déformés,-11.571226,déformées,-10.393495,0
8061,P_NOUN_8_PASS_b,M,P,les sacs avec les pendules que j' aime beaucoup ne sont probablement pas fixés <eos>,13,fixés,fixées,11,F,fixés,-7.7572193,fixées,-10.075278,1
8062,P_NOUN_8_PASS_b,M,P,les sacs avec les pendules que j' aime beaucoup ne sont probablement pas jetés <eos>,13,jetés,jetées,11,F,jetés,-7.2127028,jetées,-10.442805,1
8063,P_NOUN_8_PASS_b,M,P,les sacs avec les pendules que j' aime beaucoup ne sont probablement pas laissés <eos>,13,laissés,laissées,11,F,laissés,-8.18845,laissées,-10.597275,1
8064,P_NOUN_8_PASS_b,M,P,les sacs avec les pendules que j' aime beaucoup ne sont probablement pas ouverts <eos>,13,ouverts,ouvertes,11,F,ouverts,-7.6162424,ouvertes,-10.501123,1
8065,P_NOUN_8_PASS_b,M,P,les sacs avec les pendules que j' aime beaucoup ne sont probablement pas perdus <eos>,13,perdus,perdues,11,F,perdus,-7.17041,perdues,-10.145698,1
8066,P_NOUN_8_PASS_b,M,P,les sacs avec les pendules que j' aime beaucoup ne sont probablement pas réparés <eos>,13,réparés,réparées,11,F,réparés,-11.079862,réparées,-11.251213,1
8067,P_NOUN_8_PASS_b,M,P,les sacs avec les pendules que j' aime beaucoup ne sont probablement pas retirés <eos>,13,retirés,retirées,11,F,retirés,-8.295337,retirées,-9.761703,1
8068,P_NOUN_8_PASS_b,M,P,les sacs avec les pendules que j' aime beaucoup ne sont probablement pas tombés <eos>,13,tombés,tombées,11,F,tombés,-7.5434837,tombées,-10.35212,1
8069,P_NOUN_8_PASS_b,M,P,les sacs avec les pendules que j' aime beaucoup ne sont probablement pas utilisés <eos>,13,utilisés,utilisées,11,F,utilisés,-4.325535,utilisées,-7.35419,1
8070,P_NOUN_8_PASS_b,M,P,les sacs avec les cloches que j' aime beaucoup ne sont probablement pas achetés <eos>,13,achetés,achetées,11,F,achetés,-8.779843,achetées,-12.918416,1
8071,P_NOUN_8_PASS_b,M,P,les sacs avec les cloches que j' aime beaucoup ne sont probablement pas brisés <eos>,13,brisés,brisées,11,F,brisés,-10.058171,brisées,-11.54987,1
8072,P_NOUN_8_PASS_b,M,P,les sacs avec les cloches que j' aime beaucoup ne sont probablement pas cachés <eos>,13,cachés,cachées,11,F,cachés,-7.1306086,cachées,-10.781876,1
8073,P_NOUN_8_PASS_b,M,P,les sacs avec les cloches que j' aime beaucoup ne sont probablement pas cassés <eos>,13,cassés,cassées,11,F,cassés,-9.215937,cassées,-10.775893,1
8074,P_NOUN_8_PASS_b,M,P,les sacs avec les cloches que j' aime beaucoup ne sont probablement pas couverts <eos>,13,couverts,couvertes,11,F,couverts,-6.2815695,couvertes,-10.252737,1
8075,P_NOUN_8_PASS_b,M,P,les sacs avec les cloches que j' aime beaucoup ne sont probablement pas déformés <eos>,13,déformés,déformées,11,F,déformés,-11.885115,déformées,-11.652219,0
8076,P_NOUN_8_PASS_b,M,P,les sacs avec les cloches que j' aime beaucoup ne sont probablement pas fixés <eos>,13,fixés,fixées,11,F,fixés,-8.1533985,fixées,-10.963478,1
8077,P_NOUN_8_PASS_b,M,P,les sacs avec les cloches que j' aime beaucoup ne sont probablement pas jetés <eos>,13,jetés,jetées,11,F,jetés,-7.0941124,jetées,-10.729293,1
8078,P_NOUN_8_PASS_b,M,P,les sacs avec les cloches que j' aime beaucoup ne sont probablement pas laissés <eos>,13,laissés,laissées,11,F,laissés,-7.6144023,laissées,-11.118843,1
8079,P_NOUN_8_PASS_b,M,P,les sacs avec les cloches que j' aime beaucoup ne sont probablement pas ouverts <eos>,13,ouverts,ouvertes,11,F,ouverts,-7.7271404,ouvertes,-10.716493,1
8080,P_NOUN_8_PASS_b,M,P,les sacs avec les cloches que j' aime beaucoup ne sont probablement pas perdus <eos>,13,perdus,perdues,11,F,perdus,-6.7994237,perdues,-9.957472,1
8081,P_NOUN_8_PASS_b,M,P,les sacs avec les cloches que j' aime beaucoup ne sont probablement pas réparés <eos>,13,réparés,réparées,11,F,réparés,-10.147085,réparées,-11.363522,1
8082,P_NOUN_8_PASS_b,M,P,les sacs avec les cloches que j' aime beaucoup ne sont probablement pas retirés <eos>,13,retirés,retirées,11,F,retirés,-8.384015,retirées,-10.270042,1
8083,P_NOUN_8_PASS_b,M,P,les sacs avec les cloches que j' aime beaucoup ne sont probablement pas tombés <eos>,13,tombés,tombées,11,F,tombés,-6.17494,tombées,-10.115355,1
8084,P_NOUN_8_PASS_b,M,P,les sacs avec les cloches que j' aime beaucoup ne sont probablement pas utilisés <eos>,13,utilisés,utilisées,11,F,utilisés,-4.883868,utilisées,-8.284193,1
8085,P_NOUN_8_PASS_b,M,P,les sacs avec les cerises que j' aime beaucoup ne sont probablement pas achetés <eos>,13,achetés,achetées,11,F,achetés,-8.001247,achetées,-12.251473,1
8086,P_NOUN_8_PASS_b,M,P,les sacs avec les cerises que j' aime beaucoup ne sont probablement pas brisés <eos>,13,brisés,brisées,11,F,brisés,-10.451326,brisées,-11.909866,1
8087,P_NOUN_8_PASS_b,M,P,les sacs avec les cerises que j' aime beaucoup ne sont probablement pas cachés <eos>,13,cachés,cachées,11,F,cachés,-7.910143,cachées,-11.37789,1
8088,P_NOUN_8_PASS_b,M,P,les sacs avec les cerises que j' aime beaucoup ne sont probablement pas cassés <eos>,13,cassés,cassées,11,F,cassés,-9.374897,cassées,-10.69938,1
8089,P_NOUN_8_PASS_b,M,P,les sacs avec les cerises que j' aime beaucoup ne sont probablement pas couverts <eos>,13,couverts,couvertes,11,F,couverts,-6.303283,couvertes,-10.292862,1
8090,P_NOUN_8_PASS_b,M,P,les sacs avec les cerises que j' aime beaucoup ne sont probablement pas déformés <eos>,13,déformés,déformées,11,F,déformés,-12.133856,déformées,-11.455712,0
8091,P_NOUN_8_PASS_b,M,P,les sacs avec les cerises que j' aime beaucoup ne sont probablement pas fixés <eos>,13,fixés,fixées,11,F,fixés,-7.944393,fixées,-11.225272,1
8092,P_NOUN_8_PASS_b,M,P,les sacs avec les cerises que j' aime beaucoup ne sont probablement pas jetés <eos>,13,jetés,jetées,11,F,jetés,-7.890176,jetées,-10.905068,1
8093,P_NOUN_8_PASS_b,M,P,les sacs avec les cerises que j' aime beaucoup ne sont probablement pas laissés <eos>,13,laissés,laissées,11,F,laissés,-7.6572275,laissées,-10.696182,1
8094,P_NOUN_8_PASS_b,M,P,les sacs avec les cerises que j' aime beaucoup ne sont probablement pas ouverts <eos>,13,ouverts,ouvertes,11,F,ouverts,-7.535769,ouvertes,-10.832733,1
8095,P_NOUN_8_PASS_b,M,P,les sacs avec les cerises que j' aime beaucoup ne sont probablement pas perdus <eos>,13,perdus,perdues,11,F,perdus,-7.2300706,perdues,-10.426325,1
8096,P_NOUN_8_PASS_b,M,P,les sacs avec les cerises que j' aime beaucoup ne sont probablement pas réparés <eos>,13,réparés,réparées,11,F,réparés,-10.728365,réparées,-11.894403,1
8097,P_NOUN_8_PASS_b,M,P,les sacs avec les cerises que j' aime beaucoup ne sont probablement pas retirés <eos>,13,retirés,retirées,11,F,retirés,-8.60305,retirées,-11.004381,1
8098,P_NOUN_8_PASS_b,M,P,les sacs avec les cerises que j' aime beaucoup ne sont probablement pas tombés <eos>,13,tombés,tombées,11,F,tombés,-6.857881,tombées,-10.56876,1
8099,P_NOUN_8_PASS_b,M,P,les sacs avec les cerises que j' aime beaucoup ne sont probablement pas utilisés <eos>,13,utilisés,utilisées,11,F,utilisés,-4.948945,utilisées,-8.0291,1
8100,P_NOUN_8_PASS_b,M,P,les claviers avec les gemmes que j' aime beaucoup ne sont probablement pas achetés <eos>,13,achetés,achetées,11,F,achetés,-9.239598,achetées,-12.785842,1
8101,P_NOUN_8_PASS_b,M,P,les claviers avec les gemmes que j' aime beaucoup ne sont probablement pas brisés <eos>,13,brisés,brisées,11,F,brisés,-10.667271,brisées,-11.513006,1
8102,P_NOUN_8_PASS_b,M,P,les claviers avec les gemmes que j' aime beaucoup ne sont probablement pas cachés <eos>,13,cachés,cachées,11,F,cachés,-7.8333063,cachées,-10.881225,1
8103,P_NOUN_8_PASS_b,M,P,les claviers avec les gemmes que j' aime beaucoup ne sont probablement pas cassés <eos>,13,cassés,cassées,11,F,cassés,-10.089088,cassées,-11.54698,1
8104,P_NOUN_8_PASS_b,M,P,les claviers avec les gemmes que j' aime beaucoup ne sont probablement pas couverts <eos>,13,couverts,couvertes,11,F,couverts,-8.102955,couvertes,-11.496687,1
8105,P_NOUN_8_PASS_b,M,P,les claviers avec les gemmes que j' aime beaucoup ne sont probablement pas déformés <eos>,13,déformés,déformées,11,F,déformés,-11.706092,déformées,-10.634135,0
8106,P_NOUN_8_PASS_b,M,P,les claviers avec les gemmes que j' aime beaucoup ne sont probablement pas fixés <eos>,13,fixés,fixées,11,F,fixés,-8.222549,fixées,-11.105553,1
8107,P_NOUN_8_PASS_b,M,P,les claviers avec les gemmes que j' aime beaucoup ne sont probablement pas jetés <eos>,13,jetés,jetées,11,F,jetés,-8.774103,jetées,-12.049886,1
8108,P_NOUN_8_PASS_b,M,P,les claviers avec les gemmes que j' aime beaucoup ne sont probablement pas laissés <eos>,13,laissés,laissées,11,F,laissés,-8.413563,laissées,-11.307808,1
8109,P_NOUN_8_PASS_b,M,P,les claviers avec les gemmes que j' aime beaucoup ne sont probablement pas ouverts <eos>,13,ouverts,ouvertes,11,F,ouverts,-7.807804,ouvertes,-11.120689,1
8110,P_NOUN_8_PASS_b,M,P,les claviers avec les gemmes que j' aime beaucoup ne sont probablement pas perdus <eos>,13,perdus,perdues,11,F,perdus,-6.61615,perdues,-9.753658,1
8111,P_NOUN_8_PASS_b,M,P,les claviers avec les gemmes que j' aime beaucoup ne sont probablement pas réparés <eos>,13,réparés,réparées,11,F,réparés,-11.162926,réparées,-12.183805,1
8112,P_NOUN_8_PASS_b,M,P,les claviers avec les gemmes que j' aime beaucoup ne sont probablement pas retirés <eos>,13,retirés,retirées,11,F,retirés,-9.012758,retirées,-10.593561,1
8113,P_NOUN_8_PASS_b,M,P,les claviers avec les gemmes que j' aime beaucoup ne sont probablement pas tombés <eos>,13,tombés,tombées,11,F,tombés,-7.954589,tombées,-11.013779,1
8114,P_NOUN_8_PASS_b,M,P,les claviers avec les gemmes que j' aime beaucoup ne sont probablement pas utilisés <eos>,13,utilisés,utilisées,11,F,utilisés,-5.0036526,utilisées,-8.236271,1
8115,P_NOUN_8_PASS_b,M,P,les claviers avec les chaises que j' aime beaucoup ne sont probablement pas achetés <eos>,13,achetés,achetées,11,F,achetés,-9.708477,achetées,-13.309852,1
8116,P_NOUN_8_PASS_b,M,P,les claviers avec les chaises que j' aime beaucoup ne sont probablement pas brisés <eos>,13,brisés,brisées,11,F,brisés,-10.738815,brisées,-11.339878,1
8117,P_NOUN_8_PASS_b,M,P,les claviers avec les chaises que j' aime beaucoup ne sont probablement pas cachés <eos>,13,cachés,cachées,11,F,cachés,-8.7229805,cachées,-10.657955,1
8118,P_NOUN_8_PASS_b,M,P,les claviers avec les chaises que j' aime beaucoup ne sont probablement pas cassés <eos>,13,cassés,cassées,11,F,cassés,-10.898216,cassées,-11.076862,1
8119,P_NOUN_8_PASS_b,M,P,les claviers avec les chaises que j' aime beaucoup ne sont probablement pas couverts <eos>,13,couverts,couvertes,11,F,couverts,-7.110485,couvertes,-10.544685,1
8120,P_NOUN_8_PASS_b,M,P,les claviers avec les chaises que j' aime beaucoup ne sont probablement pas déformés <eos>,13,déformés,déformées,11,F,déformés,-11.788123,déformées,-10.654152,0
8121,P_NOUN_8_PASS_b,M,P,les claviers avec les chaises que j' aime beaucoup ne sont probablement pas fixés <eos>,13,fixés,fixées,11,F,fixés,-8.39768,fixées,-10.688101,1
8122,P_NOUN_8_PASS_b,M,P,les claviers avec les chaises que j' aime beaucoup ne sont probablement pas jetés <eos>,13,jetés,jetées,11,F,jetés,-8.800331,jetées,-12.199171,1
8123,P_NOUN_8_PASS_b,M,P,les claviers avec les chaises que j' aime beaucoup ne sont probablement pas laissés <eos>,13,laissés,laissées,11,F,laissés,-8.739872,laissées,-10.819161,1
8124,P_NOUN_8_PASS_b,M,P,les claviers avec les chaises que j' aime beaucoup ne sont probablement pas ouverts <eos>,13,ouverts,ouvertes,11,F,ouverts,-7.134501,ouvertes,-9.937572,1
8125,P_NOUN_8_PASS_b,M,P,les claviers avec les chaises que j' aime beaucoup ne sont probablement pas perdus <eos>,13,perdus,perdues,11,F,perdus,-6.901778,perdues,-9.964123,1
8126,P_NOUN_8_PASS_b,M,P,les claviers avec les chaises que j' aime beaucoup ne sont probablement pas réparés <eos>,13,réparés,réparées,11,F,réparés,-11.268988,réparées,-11.79468,1
8127,P_NOUN_8_PASS_b,M,P,les claviers avec les chaises que j' aime beaucoup ne sont probablement pas retirés <eos>,13,retirés,retirées,11,F,retirés,-9.644352,retirées,-10.407095,1
8128,P_NOUN_8_PASS_b,M,P,les claviers avec les chaises que j' aime beaucoup ne sont probablement pas tombés <eos>,13,tombés,tombées,11,F,tombés,-8.094569,tombées,-11.088279,1
8129,P_NOUN_8_PASS_b,M,P,les claviers avec les chaises que j' aime beaucoup ne sont probablement pas utilisés <eos>,13,utilisés,utilisées,11,F,utilisés,-5.3602667,utilisées,-8.3450985,1
8130,P_NOUN_8_PASS_b,M,P,les claviers avec les poubelles que j' aime beaucoup ne sont probablement pas achetés <eos>,13,achetés,achetées,11,F,achetés,-9.382587,achetées,-13.025365,1
8131,P_NOUN_8_PASS_b,M,P,les claviers avec les poubelles que j' aime beaucoup ne sont probablement pas brisés <eos>,13,brisés,brisées,11,F,brisés,-10.823073,brisées,-11.700387,1
8132,P_NOUN_8_PASS_b,M,P,les claviers avec les poubelles que j' aime beaucoup ne sont probablement pas cachés <eos>,13,cachés,cachées,11,F,cachés,-8.286205,cachées,-10.941023,1
8133,P_NOUN_8_PASS_b,M,P,les claviers avec les poubelles que j' aime beaucoup ne sont probablement pas cassés <eos>,13,cassés,cassées,11,F,cassés,-10.702558,cassées,-11.466028,1
8134,P_NOUN_8_PASS_b,M,P,les claviers avec les poubelles que j' aime beaucoup ne sont probablement pas couverts <eos>,13,couverts,couvertes,11,F,couverts,-7.5259695,couvertes,-10.649852,1
8135,P_NOUN_8_PASS_b,M,P,les claviers avec les poubelles que j' aime beaucoup ne sont probablement pas déformés <eos>,13,déformés,déformées,11,F,déformés,-11.991632,déformées,-10.523904,0
8136,P_NOUN_8_PASS_b,M,P,les claviers avec les poubelles que j' aime beaucoup ne sont probablement pas fixés <eos>,13,fixés,fixées,11,F,fixés,-8.180532,fixées,-10.876092,1
8137,P_NOUN_8_PASS_b,M,P,les claviers avec les poubelles que j' aime beaucoup ne sont probablement pas jetés <eos>,13,jetés,jetées,11,F,jetés,-8.667157,jetées,-12.000487,1
8138,P_NOUN_8_PASS_b,M,P,les claviers avec les poubelles que j' aime beaucoup ne sont probablement pas laissés <eos>,13,laissés,laissées,11,F,laissés,-8.537142,laissées,-10.982372,1
8139,P_NOUN_8_PASS_b,M,P,les claviers avec les poubelles que j' aime beaucoup ne sont probablement pas ouverts <eos>,13,ouverts,ouvertes,11,F,ouverts,-6.846025,ouvertes,-9.952578,1
8140,P_NOUN_8_PASS_b,M,P,les claviers avec les poubelles que j' aime beaucoup ne sont probablement pas perdus <eos>,13,perdus,perdues,11,F,perdus,-6.792963,perdues,-9.922432,1
8141,P_NOUN_8_PASS_b,M,P,les claviers avec les poubelles que j' aime beaucoup ne sont probablement pas réparés <eos>,13,réparés,réparées,11,F,réparés,-11.27511,réparées,-11.762963,1
8142,P_NOUN_8_PASS_b,M,P,les claviers avec les poubelles que j' aime beaucoup ne sont probablement pas retirés <eos>,13,retirés,retirées,11,F,retirés,-9.110095,retirées,-10.661524,1
8143,P_NOUN_8_PASS_b,M,P,les claviers avec les poubelles que j' aime beaucoup ne sont probablement pas tombés <eos>,13,tombés,tombées,11,F,tombés,-8.320647,tombées,-11.573358,1
8144,P_NOUN_8_PASS_b,M,P,les claviers avec les poubelles que j' aime beaucoup ne sont probablement pas utilisés <eos>,13,utilisés,utilisées,11,F,utilisés,-5.0339203,utilisées,-8.0992565,1
8145,P_NOUN_8_PASS_b,M,P,les claviers avec les chemises que j' aime beaucoup ne sont probablement pas achetés <eos>,13,achetés,achetées,11,F,achetés,-9.399226,achetées,-12.669099,1
8146,P_NOUN_8_PASS_b,M,P,les claviers avec les chemises que j' aime beaucoup ne sont probablement pas brisés <eos>,13,brisés,brisées,11,F,brisés,-10.734212,brisées,-11.229775,1
8147,P_NOUN_8_PASS_b,M,P,les claviers avec les chemises que j' aime beaucoup ne sont probablement pas cachés <eos>,13,cachés,cachées,11,F,cachés,-8.412184,cachées,-10.875004,1
8148,P_NOUN_8_PASS_b,M,P,les claviers avec les chemises que j' aime beaucoup ne sont probablement pas cassés <eos>,13,cassés,cassées,11,F,cassés,-10.538504,cassées,-10.297359,0
8149,P_NOUN_8_PASS_b,M,P,les claviers avec les chemises que j' aime beaucoup ne sont probablement pas couverts <eos>,13,couverts,couvertes,11,F,couverts,-7.880134,couvertes,-10.983154,1
8150,P_NOUN_8_PASS_b,M,P,les claviers avec les chemises que j' aime beaucoup ne sont probablement pas déformés <eos>,13,déformés,déformées,11,F,déformés,-11.791755,déformées,-10.30716,0
8151,P_NOUN_8_PASS_b,M,P,les claviers avec les chemises que j' aime beaucoup ne sont probablement pas fixés <eos>,13,fixés,fixées,11,F,fixés,-8.335573,fixées,-10.366314,1
8152,P_NOUN_8_PASS_b,M,P,les claviers avec les chemises que j' aime beaucoup ne sont probablement pas jetés <eos>,13,jetés,jetées,11,F,jetés,-8.503929,jetées,-11.128079,1
8153,P_NOUN_8_PASS_b,M,P,les claviers avec les chemises que j' aime beaucoup ne sont probablement pas laissés <eos>,13,laissés,laissées,11,F,laissés,-8.710379,laissées,-10.763647,1
8154,P_NOUN_8_PASS_b,M,P,les claviers avec les chemises que j' aime beaucoup ne sont probablement pas ouverts <eos>,13,ouverts,ouvertes,11,F,ouverts,-8.08754,ouvertes,-10.833531,1
8155,P_NOUN_8_PASS_b,M,P,les claviers avec les chemises que j' aime beaucoup ne sont probablement pas perdus <eos>,13,perdus,perdues,11,F,perdus,-6.9705048,perdues,-9.605049,1
8156,P_NOUN_8_PASS_b,M,P,les claviers avec les chemises que j' aime beaucoup ne sont probablement pas réparés <eos>,13,réparés,réparées,11,F,réparés,-11.499195,réparées,-11.878687,1
8157,P_NOUN_8_PASS_b,M,P,les claviers avec les chemises que j' aime beaucoup ne sont probablement pas retirés <eos>,13,retirés,retirées,11,F,retirés,-9.000118,retirées,-10.073131,1
8158,P_NOUN_8_PASS_b,M,P,les claviers avec les chemises que j' aime beaucoup ne sont probablement pas tombés <eos>,13,tombés,tombées,11,F,tombés,-7.585025,tombées,-10.765355,1
8159,P_NOUN_8_PASS_b,M,P,les claviers avec les chemises que j' aime beaucoup ne sont probablement pas utilisés <eos>,13,utilisés,utilisées,11,F,utilisés,-4.917263,utilisées,-7.714428,1
8160,P_NOUN_8_PASS_b,M,P,les claviers avec les recettes que j' aime beaucoup ne sont probablement pas achetés <eos>,13,achetés,achetées,11,F,achetés,-8.921803,achetées,-12.485781,1
8161,P_NOUN_8_PASS_b,M,P,les claviers avec les recettes que j' aime beaucoup ne sont probablement pas brisés <eos>,13,brisés,brisées,11,F,brisés,-11.556534,brisées,-12.164364,1
8162,P_NOUN_8_PASS_b,M,P,les claviers avec les recettes que j' aime beaucoup ne sont probablement pas cachés <eos>,13,cachés,cachées,11,F,cachés,-8.533331,cachées,-11.818447,1
8163,P_NOUN_8_PASS_b,M,P,les claviers avec les recettes que j' aime beaucoup ne sont probablement pas cassés <eos>,13,cassés,cassées,11,F,cassés,-10.880538,cassées,-12.237423,1
8164,P_NOUN_8_PASS_b,M,P,les claviers avec les recettes que j' aime beaucoup ne sont probablement pas couverts <eos>,13,couverts,couvertes,11,F,couverts,-7.736701,couvertes,-11.431136,1
8165,P_NOUN_8_PASS_b,M,P,les claviers avec les recettes que j' aime beaucoup ne sont probablement pas déformés <eos>,13,déformés,déformées,11,F,déformés,-12.605288,déformées,-11.115553,0
8166,P_NOUN_8_PASS_b,M,P,les claviers avec les recettes que j' aime beaucoup ne sont probablement pas fixés <eos>,13,fixés,fixées,11,F,fixés,-7.893518,fixées,-11.159525,1
8167,P_NOUN_8_PASS_b,M,P,les claviers avec les recettes que j' aime beaucoup ne sont probablement pas jetés <eos>,13,jetés,jetées,11,F,jetés,-9.16915,jetées,-12.738778,1
8168,P_NOUN_8_PASS_b,M,P,les claviers avec les recettes que j' aime beaucoup ne sont probablement pas laissés <eos>,13,laissés,laissées,11,F,laissés,-9.039919,laissées,-11.092564,1
8169,P_NOUN_8_PASS_b,M,P,les claviers avec les recettes que j' aime beaucoup ne sont probablement pas ouverts <eos>,13,ouverts,ouvertes,11,F,ouverts,-7.5241356,ouvertes,-10.914365,1
8170,P_NOUN_8_PASS_b,M,P,les claviers avec les recettes que j' aime beaucoup ne sont probablement pas perdus <eos>,13,perdus,perdues,11,F,perdus,-6.8961353,perdues,-10.023165,1
8171,P_NOUN_8_PASS_b,M,P,les claviers avec les recettes que j' aime beaucoup ne sont probablement pas réparés <eos>,13,réparés,réparées,11,F,réparés,-11.471169,réparées,-12.3882885,1
8172,P_NOUN_8_PASS_b,M,P,les claviers avec les recettes que j' aime beaucoup ne sont probablement pas retirés <eos>,13,retirés,retirées,11,F,retirés,-9.124424,retirées,-10.660232,1
8173,P_NOUN_8_PASS_b,M,P,les claviers avec les recettes que j' aime beaucoup ne sont probablement pas tombés <eos>,13,tombés,tombées,11,F,tombés,-8.23918,tombées,-11.662027,1
8174,P_NOUN_8_PASS_b,M,P,les claviers avec les recettes que j' aime beaucoup ne sont probablement pas utilisés <eos>,13,utilisés,utilisées,11,F,utilisés,-5.0449133,utilisées,-8.224883,1
8175,P_NOUN_8_PASS_b,M,P,les claviers avec les jupes que j' aime beaucoup ne sont probablement pas achetés <eos>,13,achetés,achetées,11,F,achetés,-9.266718,achetées,-12.889435,1
8176,P_NOUN_8_PASS_b,M,P,les claviers avec les jupes que j' aime beaucoup ne sont probablement pas brisés <eos>,13,brisés,brisées,11,F,brisés,-11.07025,brisées,-11.704124,1
8177,P_NOUN_8_PASS_b,M,P,les claviers avec les jupes que j' aime beaucoup ne sont probablement pas cachés <eos>,13,cachés,cachées,11,F,cachés,-8.410207,cachées,-11.36818,1
8178,P_NOUN_8_PASS_b,M,P,les claviers avec les jupes que j' aime beaucoup ne sont probablement pas cassés <eos>,13,cassés,cassées,11,F,cassés,-10.481436,cassées,-10.73682,1
8179,P_NOUN_8_PASS_b,M,P,les claviers avec les jupes que j' aime beaucoup ne sont probablement pas couverts <eos>,13,couverts,couvertes,11,F,couverts,-7.9564734,couvertes,-11.068038,1
8180,P_NOUN_8_PASS_b,M,P,les claviers avec les jupes que j' aime beaucoup ne sont probablement pas déformés <eos>,13,déformés,déformées,11,F,déformés,-11.876799,déformées,-10.365856,0
8181,P_NOUN_8_PASS_b,M,P,les claviers avec les jupes que j' aime beaucoup ne sont probablement pas fixés <eos>,13,fixés,fixées,11,F,fixés,-8.123562,fixées,-10.6558,1
8182,P_NOUN_8_PASS_b,M,P,les claviers avec les jupes que j' aime beaucoup ne sont probablement pas jetés <eos>,13,jetés,jetées,11,F,jetés,-9.013944,jetées,-12.065651,1
8183,P_NOUN_8_PASS_b,M,P,les claviers avec les jupes que j' aime beaucoup ne sont probablement pas laissés <eos>,13,laissés,laissées,11,F,laissés,-9.139801,laissées,-11.247313,1
8184,P_NOUN_8_PASS_b,M,P,les claviers avec les jupes que j' aime beaucoup ne sont probablement pas ouverts <eos>,13,ouverts,ouvertes,11,F,ouverts,-7.5258718,ouvertes,-10.707352,1
8185,P_NOUN_8_PASS_b,M,P,les claviers avec les jupes que j' aime beaucoup ne sont probablement pas perdus <eos>,13,perdus,perdues,11,F,perdus,-7.3021994,perdues,-10.373601,1
8186,P_NOUN_8_PASS_b,M,P,les claviers avec les jupes que j' aime beaucoup ne sont probablement pas réparés <eos>,13,réparés,réparées,11,F,réparés,-11.666783,réparées,-12.063367,1
8187,P_NOUN_8_PASS_b,M,P,les claviers avec les jupes que j' aime beaucoup ne sont probablement pas retirés <eos>,13,retirés,retirées,11,F,retirés,-9.1665,retirées,-10.423784,1
8188,P_NOUN_8_PASS_b,M,P,les claviers avec les jupes que j' aime beaucoup ne sont probablement pas tombés <eos>,13,tombés,tombées,11,F,tombés,-8.295151,tombées,-11.534086,1
8189,P_NOUN_8_PASS_b,M,P,les claviers avec les jupes que j' aime beaucoup ne sont probablement pas utilisés <eos>,13,utilisés,utilisées,11,F,utilisés,-4.805179,utilisées,-7.968126,1
8190,P_NOUN_8_PASS_b,M,P,les claviers avec les colles que j' aime beaucoup ne sont probablement pas achetés <eos>,13,achetés,achetées,11,F,achetés,-9.7266,achetées,-12.954617,1
8191,P_NOUN_8_PASS_b,M,P,les claviers avec les colles que j' aime beaucoup ne sont probablement pas brisés <eos>,13,brisés,brisées,11,F,brisés,-10.887223,brisées,-11.634086,1
8192,P_NOUN_8_PASS_b,M,P,les claviers avec les colles que j' aime beaucoup ne sont probablement pas cachés <eos>,13,cachés,cachées,11,F,cachés,-9.028168,cachées,-11.377235,1
8193,P_NOUN_8_PASS_b,M,P,les claviers avec les colles que j' aime beaucoup ne sont probablement pas cassés <eos>,13,cassés,cassées,11,F,cassés,-10.219933,cassées,-10.880144,1
8194,P_NOUN_8_PASS_b,M,P,les claviers avec les colles que j' aime beaucoup ne sont probablement pas couverts <eos>,13,couverts,couvertes,11,F,couverts,-7.939245,couvertes,-10.901825,1
8195,P_NOUN_8_PASS_b,M,P,les claviers avec les colles que j' aime beaucoup ne sont probablement pas déformés <eos>,13,déformés,déformées,11,F,déformés,-11.851456,déformées,-10.096863,0
8196,P_NOUN_8_PASS_b,M,P,les claviers avec les colles que j' aime beaucoup ne sont probablement pas fixés <eos>,13,fixés,fixées,11,F,fixés,-8.408572,fixées,-10.986864,1
8197,P_NOUN_8_PASS_b,M,P,les claviers avec les colles que j' aime beaucoup ne sont probablement pas jetés <eos>,13,jetés,jetées,11,F,jetés,-9.4416275,jetées,-12.466044,1
8198,P_NOUN_8_PASS_b,M,P,les claviers avec les colles que j' aime beaucoup ne sont probablement pas laissés <eos>,13,laissés,laissées,11,F,laissés,-9.044486,laissées,-10.449569,1
8199,P_NOUN_8_PASS_b,M,P,les claviers avec les colles que j' aime beaucoup ne sont probablement pas ouverts <eos>,13,ouverts,ouvertes,11,F,ouverts,-7.526512,ouvertes,-10.454282,1
8200,P_NOUN_8_PASS_b,M,P,les claviers avec les colles que j' aime beaucoup ne sont probablement pas perdus <eos>,13,perdus,perdues,11,F,perdus,-7.1393967,perdues,-10.10809,1
8201,P_NOUN_8_PASS_b,M,P,les claviers avec les colles que j' aime beaucoup ne sont probablement pas réparés <eos>,13,réparés,réparées,11,F,réparés,-11.30348,réparées,-11.717798,1
8202,P_NOUN_8_PASS_b,M,P,les claviers avec les colles que j' aime beaucoup ne sont probablement pas retirés <eos>,13,retirés,retirées,11,F,retirés,-9.334965,retirées,-10.498979,1
8203,P_NOUN_8_PASS_b,M,P,les claviers avec les colles que j' aime beaucoup ne sont probablement pas tombés <eos>,13,tombés,tombées,11,F,tombés,-8.558317,tombées,-11.363173,1
8204,P_NOUN_8_PASS_b,M,P,les claviers avec les colles que j' aime beaucoup ne sont probablement pas utilisés <eos>,13,utilisés,utilisées,11,F,utilisés,-5.053627,utilisées,-7.76645,1
8205,P_NOUN_8_PASS_b,M,P,les claviers avec les lampes que j' aime beaucoup ne sont probablement pas achetés <eos>,13,achetés,achetées,11,F,achetés,-9.3012905,achetées,-13.207548,1
8206,P_NOUN_8_PASS_b,M,P,les claviers avec les lampes que j' aime beaucoup ne sont probablement pas brisés <eos>,13,brisés,brisées,11,F,brisés,-10.714907,brisées,-11.50177,1
8207,P_NOUN_8_PASS_b,M,P,les claviers avec les lampes que j' aime beaucoup ne sont probablement pas cachés <eos>,13,cachés,cachées,11,F,cachés,-8.177176,cachées,-11.226179,1
8208,P_NOUN_8_PASS_b,M,P,les claviers avec les lampes que j' aime beaucoup ne sont probablement pas cassés <eos>,13,cassés,cassées,11,F,cassés,-10.543924,cassées,-11.213213,1
8209,P_NOUN_8_PASS_b,M,P,les claviers avec les lampes que j' aime beaucoup ne sont probablement pas couverts <eos>,13,couverts,couvertes,11,F,couverts,-7.9286327,couvertes,-11.136454,1
8210,P_NOUN_8_PASS_b,M,P,les claviers avec les lampes que j' aime beaucoup ne sont probablement pas déformés <eos>,13,déformés,déformées,11,F,déformés,-11.639412,déformées,-9.885353,0
8211,P_NOUN_8_PASS_b,M,P,les claviers avec les lampes que j' aime beaucoup ne sont probablement pas fixés <eos>,13,fixés,fixées,11,F,fixés,-7.923051,fixées,-10.473876,1
8212,P_NOUN_8_PASS_b,M,P,les claviers avec les lampes que j' aime beaucoup ne sont probablement pas jetés <eos>,13,jetés,jetées,11,F,jetés,-8.67346,jetées,-11.861813,1
8213,P_NOUN_8_PASS_b,M,P,les claviers avec les lampes que j' aime beaucoup ne sont probablement pas laissés <eos>,13,laissés,laissées,11,F,laissés,-9.059369,laissées,-11.40868,1
8214,P_NOUN_8_PASS_b,M,P,les claviers avec les lampes que j' aime beaucoup ne sont probablement pas ouverts <eos>,13,ouverts,ouvertes,11,F,ouverts,-7.3601933,ouvertes,-10.604883,1
8215,P_NOUN_8_PASS_b,M,P,les claviers avec les lampes que j' aime beaucoup ne sont probablement pas perdus <eos>,13,perdus,perdues,11,F,perdus,-6.9725747,perdues,-10.004262,1
8216,P_NOUN_8_PASS_b,M,P,les claviers avec les lampes que j' aime beaucoup ne sont probablement pas réparés <eos>,13,réparés,réparées,11,F,réparés,-11.689087,réparées,-11.990456,1
8217,P_NOUN_8_PASS_b,M,P,les claviers avec les lampes que j' aime beaucoup ne sont probablement pas retirés <eos>,13,retirés,retirées,11,F,retirés,-8.924863,retirées,-10.234822,1
8218,P_NOUN_8_PASS_b,M,P,les claviers avec les lampes que j' aime beaucoup ne sont probablement pas tombés <eos>,13,tombés,tombées,11,F,tombés,-8.534953,tombées,-11.310804,1
8219,P_NOUN_8_PASS_b,M,P,les claviers avec les lampes que j' aime beaucoup ne sont probablement pas utilisés <eos>,13,utilisés,utilisées,11,F,utilisés,-4.4511986,utilisées,-7.7098475,1
8220,P_NOUN_8_PASS_b,M,P,les claviers avec les bouteilles que j' aime beaucoup ne sont probablement pas achetés <eos>,13,achetés,achetées,11,F,achetés,-9.053843,achetées,-12.450052,1
8221,P_NOUN_8_PASS_b,M,P,les claviers avec les bouteilles que j' aime beaucoup ne sont probablement pas brisés <eos>,13,brisés,brisées,11,F,brisés,-11.168369,brisées,-11.82571,1
8222,P_NOUN_8_PASS_b,M,P,les claviers avec les bouteilles que j' aime beaucoup ne sont probablement pas cachés <eos>,13,cachés,cachées,11,F,cachés,-8.232056,cachées,-11.2867565,1
8223,P_NOUN_8_PASS_b,M,P,les claviers avec les bouteilles que j' aime beaucoup ne sont probablement pas cassés <eos>,13,cassés,cassées,11,F,cassés,-10.474491,cassées,-11.336677,1
8224,P_NOUN_8_PASS_b,M,P,les claviers avec les bouteilles que j' aime beaucoup ne sont probablement pas couverts <eos>,13,couverts,couvertes,11,F,couverts,-7.792053,couvertes,-11.270259,1
8225,P_NOUN_8_PASS_b,M,P,les claviers avec les bouteilles que j' aime beaucoup ne sont probablement pas déformés <eos>,13,déformés,déformées,11,F,déformés,-11.9425745,déformées,-10.465031,0
8226,P_NOUN_8_PASS_b,M,P,les claviers avec les bouteilles que j' aime beaucoup ne sont probablement pas fixés <eos>,13,fixés,fixées,11,F,fixés,-8.154487,fixées,-11.105502,1
8227,P_NOUN_8_PASS_b,M,P,les claviers avec les bouteilles que j' aime beaucoup ne sont probablement pas jetés <eos>,13,jetés,jetées,11,F,jetés,-8.867259,jetées,-12.409053,1
8228,P_NOUN_8_PASS_b,M,P,les claviers avec les bouteilles que j' aime beaucoup ne sont probablement pas laissés <eos>,13,laissés,laissées,11,F,laissés,-8.850735,laissées,-10.980061,1
8229,P_NOUN_8_PASS_b,M,P,les claviers avec les bouteilles que j' aime beaucoup ne sont probablement pas ouverts <eos>,13,ouverts,ouvertes,11,F,ouverts,-7.392227,ouvertes,-10.572693,1
8230,P_NOUN_8_PASS_b,M,P,les claviers avec les bouteilles que j' aime beaucoup ne sont probablement pas perdus <eos>,13,perdus,perdues,11,F,perdus,-6.8818655,perdues,-9.984322,1
8231,P_NOUN_8_PASS_b,M,P,les claviers avec les bouteilles que j' aime beaucoup ne sont probablement pas réparés <eos>,13,réparés,réparées,11,F,réparés,-11.586474,réparées,-11.9978075,1
8232,P_NOUN_8_PASS_b,M,P,les claviers avec les bouteilles que j' aime beaucoup ne sont probablement pas retirés <eos>,13,retirés,retirées,11,F,retirés,-9.19968,retirées,-10.578226,1
8233,P_NOUN_8_PASS_b,M,P,les claviers avec les bouteilles que j' aime beaucoup ne sont probablement pas tombés <eos>,13,tombés,tombées,11,F,tombés,-8.393703,tombées,-11.535013,1
8234,P_NOUN_8_PASS_b,M,P,les claviers avec les bouteilles que j' aime beaucoup ne sont probablement pas utilisés <eos>,13,utilisés,utilisées,11,F,utilisés,-5.129579,utilisées,-8.209986,1
8235,P_NOUN_8_PASS_b,M,P,les claviers avec les boissons que j' aime beaucoup ne sont probablement pas achetés <eos>,13,achetés,achetées,11,F,achetés,-8.933653,achetées,-11.4626255,1
8236,P_NOUN_8_PASS_b,M,P,les claviers avec les boissons que j' aime beaucoup ne sont probablement pas brisés <eos>,13,brisés,brisées,11,F,brisés,-11.450248,brisées,-11.061612,0
8237,P_NOUN_8_PASS_b,M,P,les claviers avec les boissons que j' aime beaucoup ne sont probablement pas cachés <eos>,13,cachés,cachées,11,F,cachés,-8.719825,cachées,-10.721077,1
8238,P_NOUN_8_PASS_b,M,P,les claviers avec les boissons que j' aime beaucoup ne sont probablement pas cassés <eos>,13,cassés,cassées,11,F,cassés,-10.281468,cassées,-10.59145,1
8239,P_NOUN_8_PASS_b,M,P,les claviers avec les boissons que j' aime beaucoup ne sont probablement pas couverts <eos>,13,couverts,couvertes,11,F,couverts,-7.5314093,couvertes,-9.805479,1
8240,P_NOUN_8_PASS_b,M,P,les claviers avec les boissons que j' aime beaucoup ne sont probablement pas déformés <eos>,13,déformés,déformées,11,F,déformés,-12.851246,déformées,-10.346082,0
8241,P_NOUN_8_PASS_b,M,P,les claviers avec les boissons que j' aime beaucoup ne sont probablement pas fixés <eos>,13,fixés,fixées,11,F,fixés,-8.369787,fixées,-10.336337,1
8242,P_NOUN_8_PASS_b,M,P,les claviers avec les boissons que j' aime beaucoup ne sont probablement pas jetés <eos>,13,jetés,jetées,11,F,jetés,-9.252453,jetées,-11.058234,1
8243,P_NOUN_8_PASS_b,M,P,les claviers avec les boissons que j' aime beaucoup ne sont probablement pas laissés <eos>,13,laissés,laissées,11,F,laissés,-8.740359,laissées,-9.495285,1
8244,P_NOUN_8_PASS_b,M,P,les claviers avec les boissons que j' aime beaucoup ne sont probablement pas ouverts <eos>,13,ouverts,ouvertes,11,F,ouverts,-7.8562307,ouvertes,-9.633625,1
8245,P_NOUN_8_PASS_b,M,P,les claviers avec les boissons que j' aime beaucoup ne sont probablement pas perdus <eos>,13,perdus,perdues,11,F,perdus,-7.3414955,perdues,-9.269337,1
8246,P_NOUN_8_PASS_b,M,P,les claviers avec les boissons que j' aime beaucoup ne sont probablement pas réparés <eos>,13,réparés,réparées,11,F,réparés,-11.135303,réparées,-11.149119,1
8247,P_NOUN_8_PASS_b,M,P,les claviers avec les boissons que j' aime beaucoup ne sont probablement pas retirés <eos>,13,retirés,retirées,11,F,retirés,-8.966663,retirées,-9.640709,1
8248,P_NOUN_8_PASS_b,M,P,les claviers avec les boissons que j' aime beaucoup ne sont probablement pas tombés <eos>,13,tombés,tombées,11,F,tombés,-8.262064,tombées,-10.618227,1
8249,P_NOUN_8_PASS_b,M,P,les claviers avec les boissons que j' aime beaucoup ne sont probablement pas utilisés <eos>,13,utilisés,utilisées,11,F,utilisés,-4.848214,utilisées,-6.8013315,1
8250,P_NOUN_8_PASS_b,M,P,les claviers avec les pommes que j' aime beaucoup ne sont probablement pas achetés <eos>,13,achetés,achetées,11,F,achetés,-8.763364,achetées,-10.723088,1
8251,P_NOUN_8_PASS_b,M,P,les claviers avec les pommes que j' aime beaucoup ne sont probablement pas brisés <eos>,13,brisés,brisées,11,F,brisés,-11.082778,brisées,-10.682462,0
8252,P_NOUN_8_PASS_b,M,P,les claviers avec les pommes que j' aime beaucoup ne sont probablement pas cachés <eos>,13,cachés,cachées,11,F,cachés,-8.006573,cachées,-9.980044,1
8253,P_NOUN_8_PASS_b,M,P,les claviers avec les pommes que j' aime beaucoup ne sont probablement pas cassés <eos>,13,cassés,cassées,11,F,cassés,-9.730517,cassées,-10.252245,1
8254,P_NOUN_8_PASS_b,M,P,les claviers avec les pommes que j' aime beaucoup ne sont probablement pas couverts <eos>,13,couverts,couvertes,11,F,couverts,-7.894158,couvertes,-9.988848,1
8255,P_NOUN_8_PASS_b,M,P,les claviers avec les pommes que j' aime beaucoup ne sont probablement pas déformés <eos>,13,déformés,déformées,11,F,déformés,-12.675632,déformées,-10.11067,0
8256,P_NOUN_8_PASS_b,M,P,les claviers avec les pommes que j' aime beaucoup ne sont probablement pas fixés <eos>,13,fixés,fixées,11,F,fixés,-8.413715,fixées,-10.284931,1
8257,P_NOUN_8_PASS_b,M,P,les claviers avec les pommes que j' aime beaucoup ne sont probablement pas jetés <eos>,13,jetés,jetées,11,F,jetés,-9.012191,jetées,-10.381219,1
8258,P_NOUN_8_PASS_b,M,P,les claviers avec les pommes que j' aime beaucoup ne sont probablement pas laissés <eos>,13,laissés,laissées,11,F,laissés,-8.389786,laissées,-9.789735,1
8259,P_NOUN_8_PASS_b,M,P,les claviers avec les pommes que j' aime beaucoup ne sont probablement pas ouverts <eos>,13,ouverts,ouvertes,11,F,ouverts,-8.272617,ouvertes,-10.002289,1
8260,P_NOUN_8_PASS_b,M,P,les claviers avec les pommes que j' aime beaucoup ne sont probablement pas perdus <eos>,13,perdus,perdues,11,F,perdus,-7.2704077,perdues,-8.721786,1
8261,P_NOUN_8_PASS_b,M,P,les claviers avec les pommes que j' aime beaucoup ne sont probablement pas réparés <eos>,13,réparés,réparées,11,F,réparés,-11.460749,réparées,-11.162268,0
8262,P_NOUN_8_PASS_b,M,P,les claviers avec les pommes que j' aime beaucoup ne sont probablement pas retirés <eos>,13,retirés,retirées,11,F,retirés,-8.64587,retirées,-9.400597,1
8263,P_NOUN_8_PASS_b,M,P,les claviers avec les pommes que j' aime beaucoup ne sont probablement pas tombés <eos>,13,tombés,tombées,11,F,tombés,-7.812235,tombées,-9.821351,1
8264,P_NOUN_8_PASS_b,M,P,les claviers avec les pommes que j' aime beaucoup ne sont probablement pas utilisés <eos>,13,utilisés,utilisées,11,F,utilisés,-5.018376,utilisées,-6.75483,1
8265,P_NOUN_8_PASS_b,M,P,les claviers avec les tasses que j' aime beaucoup ne sont probablement pas achetés <eos>,13,achetés,achetées,11,F,achetés,-9.288822,achetées,-12.45717,1
8266,P_NOUN_8_PASS_b,M,P,les claviers avec les tasses que j' aime beaucoup ne sont probablement pas brisés <eos>,13,brisés,brisées,11,F,brisés,-10.819046,brisées,-11.494309,1
8267,P_NOUN_8_PASS_b,M,P,les claviers avec les tasses que j' aime beaucoup ne sont probablement pas cachés <eos>,13,cachés,cachées,11,F,cachés,-8.950688,cachées,-11.503187,1
8268,P_NOUN_8_PASS_b,M,P,les claviers avec les tasses que j' aime beaucoup ne sont probablement pas cassés <eos>,13,cassés,cassées,11,F,cassés,-10.503637,cassées,-11.221281,1
8269,P_NOUN_8_PASS_b,M,P,les claviers avec les tasses que j' aime beaucoup ne sont probablement pas couverts <eos>,13,couverts,couvertes,11,F,couverts,-7.35662,couvertes,-10.710748,1
8270,P_NOUN_8_PASS_b,M,P,les claviers avec les tasses que j' aime beaucoup ne sont probablement pas déformés <eos>,13,déformés,déformées,11,F,déformés,-12.004434,déformées,-10.2129545,0
8271,P_NOUN_8_PASS_b,M,P,les claviers avec les tasses que j' aime beaucoup ne sont probablement pas fixés <eos>,13,fixés,fixées,11,F,fixés,-8.230183,fixées,-10.665466,1
8272,P_NOUN_8_PASS_b,M,P,les claviers avec les tasses que j' aime beaucoup ne sont probablement pas jetés <eos>,13,jetés,jetées,11,F,jetés,-9.115937,jetées,-12.206871,1
8273,P_NOUN_8_PASS_b,M,P,les claviers avec les tasses que j' aime beaucoup ne sont probablement pas laissés <eos>,13,laissés,laissées,11,F,laissés,-8.814563,laissées,-10.398942,1
8274,P_NOUN_8_PASS_b,M,P,les claviers avec les tasses que j' aime beaucoup ne sont probablement pas ouverts <eos>,13,ouverts,ouvertes,11,F,ouverts,-7.2591715,ouvertes,-10.140854,1
8275,P_NOUN_8_PASS_b,M,P,les claviers avec les tasses que j' aime beaucoup ne sont probablement pas perdus <eos>,13,perdus,perdues,11,F,perdus,-6.557328,perdues,-9.490978,1
8276,P_NOUN_8_PASS_b,M,P,les claviers avec les tasses que j' aime beaucoup ne sont probablement pas réparés <eos>,13,réparés,réparées,11,F,réparés,-11.347814,réparées,-11.592302,1
8277,P_NOUN_8_PASS_b,M,P,les claviers avec les tasses que j' aime beaucoup ne sont probablement pas retirés <eos>,13,retirés,retirées,11,F,retirés,-8.961651,retirées,-10.226887,1
8278,P_NOUN_8_PASS_b,M,P,les claviers avec les tasses que j' aime beaucoup ne sont probablement pas tombés <eos>,13,tombés,tombées,11,F,tombés,-8.347294,tombées,-11.249895,1
8279,P_NOUN_8_PASS_b,M,P,les claviers avec les tasses que j' aime beaucoup ne sont probablement pas utilisés <eos>,13,utilisés,utilisées,11,F,utilisés,-4.940562,utilisées,-7.7213597,1
8280,P_NOUN_8_PASS_b,M,P,les claviers avec les bougies que j' aime beaucoup ne sont probablement pas achetés <eos>,13,achetés,achetées,11,F,achetés,-9.485146,achetées,-12.4815645,1
8281,P_NOUN_8_PASS_b,M,P,les claviers avec les bougies que j' aime beaucoup ne sont probablement pas brisés <eos>,13,brisés,brisées,11,F,brisés,-10.592007,brisées,-11.637762,1
8282,P_NOUN_8_PASS_b,M,P,les claviers avec les bougies que j' aime beaucoup ne sont probablement pas cachés <eos>,13,cachés,cachées,11,F,cachés,-7.772914,cachées,-10.751147,1
8283,P_NOUN_8_PASS_b,M,P,les claviers avec les bougies que j' aime beaucoup ne sont probablement pas cassés <eos>,13,cassés,cassées,11,F,cassés,-10.112116,cassées,-10.936909,1
8284,P_NOUN_8_PASS_b,M,P,les claviers avec les bougies que j' aime beaucoup ne sont probablement pas couverts <eos>,13,couverts,couvertes,11,F,couverts,-7.890565,couvertes,-11.373197,1
8285,P_NOUN_8_PASS_b,M,P,les claviers avec les bougies que j' aime beaucoup ne sont probablement pas déformés <eos>,13,déformés,déformées,11,F,déformés,-11.437377,déformées,-10.774128,0
8286,P_NOUN_8_PASS_b,M,P,les claviers avec les bougies que j' aime beaucoup ne sont probablement pas fixés <eos>,13,fixés,fixées,11,F,fixés,-8.259493,fixées,-10.907128,1
8287,P_NOUN_8_PASS_b,M,P,les claviers avec les bougies que j' aime beaucoup ne sont probablement pas jetés <eos>,13,jetés,jetées,11,F,jetés,-8.3605,jetées,-11.694826,1
8288,P_NOUN_8_PASS_b,M,P,les claviers avec les bougies que j' aime beaucoup ne sont probablement pas laissés <eos>,13,laissés,laissées,11,F,laissés,-8.437463,laissées,-11.317633,1
8289,P_NOUN_8_PASS_b,M,P,les claviers avec les bougies que j' aime beaucoup ne sont probablement pas ouverts <eos>,13,ouverts,ouvertes,11,F,ouverts,-7.9944515,ouvertes,-11.030993,1
8290,P_NOUN_8_PASS_b,M,P,les claviers avec les bougies que j' aime beaucoup ne sont probablement pas perdus <eos>,13,perdus,perdues,11,F,perdus,-6.816951,perdues,-9.941205,1
8291,P_NOUN_8_PASS_b,M,P,les claviers avec les bougies que j' aime beaucoup ne sont probablement pas réparés <eos>,13,réparés,réparées,11,F,réparés,-11.107003,réparées,-11.87795,1
8292,P_NOUN_8_PASS_b,M,P,les claviers avec les bougies que j' aime beaucoup ne sont probablement pas retirés <eos>,13,retirés,retirées,11,F,retirés,-8.910967,retirées,-10.299487,1
8293,P_NOUN_8_PASS_b,M,P,les claviers avec les bougies que j' aime beaucoup ne sont probablement pas tombés <eos>,13,tombés,tombées,11,F,tombés,-6.841673,tombées,-10.692741,1
8294,P_NOUN_8_PASS_b,M,P,les claviers avec les bougies que j' aime beaucoup ne sont probablement pas utilisés <eos>,13,utilisés,utilisées,11,F,utilisés,-5.152601,utilisées,-8.289133,1
8295,P_NOUN_8_PASS_b,M,P,les claviers avec les pochettes que j' aime beaucoup ne sont probablement pas achetés <eos>,13,achetés,achetées,11,F,achetés,-9.118357,achetées,-11.582806,1
8296,P_NOUN_8_PASS_b,M,P,les claviers avec les pochettes que j' aime beaucoup ne sont probablement pas brisés <eos>,13,brisés,brisées,11,F,brisés,-12.033663,brisées,-12.001968,0
8297,P_NOUN_8_PASS_b,M,P,les claviers avec les pochettes que j' aime beaucoup ne sont probablement pas cachés <eos>,13,cachés,cachées,11,F,cachés,-9.066169,cachées,-10.9216,1
8298,P_NOUN_8_PASS_b,M,P,les claviers avec les pochettes que j' aime beaucoup ne sont probablement pas cassés <eos>,13,cassés,cassées,11,F,cassés,-11.706943,cassées,-11.8344345,1
8299,P_NOUN_8_PASS_b,M,P,les claviers avec les pochettes que j' aime beaucoup ne sont probablement pas couverts <eos>,13,couverts,couvertes,11,F,couverts,-8.884243,couvertes,-10.824329,1
8300,P_NOUN_8_PASS_b,M,P,les claviers avec les pochettes que j' aime beaucoup ne sont probablement pas déformés <eos>,13,déformés,déformées,11,F,déformés,-12.373882,déformées,-10.138578,0
8301,P_NOUN_8_PASS_b,M,P,les claviers avec les pochettes que j' aime beaucoup ne sont probablement pas fixés <eos>,13,fixés,fixées,11,F,fixés,-9.377361,fixées,-11.426699,1
8302,P_NOUN_8_PASS_b,M,P,les claviers avec les pochettes que j' aime beaucoup ne sont probablement pas jetés <eos>,13,jetés,jetées,11,F,jetés,-10.084284,jetées,-12.95884,1
8303,P_NOUN_8_PASS_b,M,P,les claviers avec les pochettes que j' aime beaucoup ne sont probablement pas laissés <eos>,13,laissés,laissées,11,F,laissés,-9.345264,laissées,-10.260775,1
8304,P_NOUN_8_PASS_b,M,P,les claviers avec les pochettes que j' aime beaucoup ne sont probablement pas ouverts <eos>,13,ouverts,ouvertes,11,F,ouverts,-7.2688026,ouvertes,-9.156008,1
8305,P_NOUN_8_PASS_b,M,P,les claviers avec les pochettes que j' aime beaucoup ne sont probablement pas perdus <eos>,13,perdus,perdues,11,F,perdus,-7.301139,perdues,-9.444912,1
8306,P_NOUN_8_PASS_b,M,P,les claviers avec les pochettes que j' aime beaucoup ne sont probablement pas réparés <eos>,13,réparés,réparées,11,F,réparés,-12.116652,réparées,-11.511652,0
8307,P_NOUN_8_PASS_b,M,P,les claviers avec les pochettes que j' aime beaucoup ne sont probablement pas retirés <eos>,13,retirés,retirées,11,F,retirés,-9.732355,retirées,-9.98608,1
8308,P_NOUN_8_PASS_b,M,P,les claviers avec les pochettes que j' aime beaucoup ne sont probablement pas tombés <eos>,13,tombés,tombées,11,F,tombés,-9.351154,tombées,-11.513821,1
8309,P_NOUN_8_PASS_b,M,P,les claviers avec les pochettes que j' aime beaucoup ne sont probablement pas utilisés <eos>,13,utilisés,utilisées,11,F,utilisés,-5.5993147,utilisées,-7.6889744,1
8310,P_NOUN_8_PASS_b,M,P,les claviers avec les bananes que j' aime beaucoup ne sont probablement pas achetés <eos>,13,achetés,achetées,11,F,achetés,-8.898014,achetées,-12.808727,1
8311,P_NOUN_8_PASS_b,M,P,les claviers avec les bananes que j' aime beaucoup ne sont probablement pas brisés <eos>,13,brisés,brisées,11,F,brisés,-11.079065,brisées,-11.711441,1
8312,P_NOUN_8_PASS_b,M,P,les claviers avec les bananes que j' aime beaucoup ne sont probablement pas cachés <eos>,13,cachés,cachées,11,F,cachés,-8.725673,cachées,-11.917907,1
8313,P_NOUN_8_PASS_b,M,P,les claviers avec les bananes que j' aime beaucoup ne sont probablement pas cassés <eos>,13,cassés,cassées,11,F,cassés,-10.388177,cassées,-11.277105,1
8314,P_NOUN_8_PASS_b,M,P,les claviers avec les bananes que j' aime beaucoup ne sont probablement pas couverts <eos>,13,couverts,couvertes,11,F,couverts,-7.6790724,couvertes,-11.272876,1
8315,P_NOUN_8_PASS_b,M,P,les claviers avec les bananes que j' aime beaucoup ne sont probablement pas déformés <eos>,13,déformés,déformées,11,F,déformés,-12.273701,déformées,-10.877672,0
8316,P_NOUN_8_PASS_b,M,P,les claviers avec les bananes que j' aime beaucoup ne sont probablement pas fixés <eos>,13,fixés,fixées,11,F,fixés,-8.154999,fixées,-11.155579,1
8317,P_NOUN_8_PASS_b,M,P,les claviers avec les bananes que j' aime beaucoup ne sont probablement pas jetés <eos>,13,jetés,jetées,11,F,jetés,-9.395996,jetées,-11.635714,1
8318,P_NOUN_8_PASS_b,M,P,les claviers avec les bananes que j' aime beaucoup ne sont probablement pas laissés <eos>,13,laissés,laissées,11,F,laissés,-8.528063,laissées,-10.953451,1
8319,P_NOUN_8_PASS_b,M,P,les claviers avec les bananes que j' aime beaucoup ne sont probablement pas ouverts <eos>,13,ouverts,ouvertes,11,F,ouverts,-7.795191,ouvertes,-11.140695,1
8320,P_NOUN_8_PASS_b,M,P,les claviers avec les bananes que j' aime beaucoup ne sont probablement pas perdus <eos>,13,perdus,perdues,11,F,perdus,-6.9729037,perdues,-10.294241,1
8321,P_NOUN_8_PASS_b,M,P,les claviers avec les bananes que j' aime beaucoup ne sont probablement pas réparés <eos>,13,réparés,réparées,11,F,réparés,-11.626092,réparées,-12.530761,1
8322,P_NOUN_8_PASS_b,M,P,les claviers avec les bananes que j' aime beaucoup ne sont probablement pas retirés <eos>,13,retirés,retirées,11,F,retirés,-9.073166,retirées,-10.903768,1
8323,P_NOUN_8_PASS_b,M,P,les claviers avec les bananes que j' aime beaucoup ne sont probablement pas tombés <eos>,13,tombés,tombées,11,F,tombés,-8.166533,tombées,-11.31702,1
8324,P_NOUN_8_PASS_b,M,P,les claviers avec les bananes que j' aime beaucoup ne sont probablement pas utilisés <eos>,13,utilisés,utilisées,11,F,utilisés,-4.8648305,utilisées,-8.0521965,1
8325,P_NOUN_8_PASS_b,M,P,les claviers avec les robes que j' aime beaucoup ne sont probablement pas achetés <eos>,13,achetés,achetées,11,F,achetés,-9.551234,achetées,-13.07381,1
8326,P_NOUN_8_PASS_b,M,P,les claviers avec les robes que j' aime beaucoup ne sont probablement pas brisés <eos>,13,brisés,brisées,11,F,brisés,-11.015998,brisées,-11.795718,1
8327,P_NOUN_8_PASS_b,M,P,les claviers avec les robes que j' aime beaucoup ne sont probablement pas cachés <eos>,13,cachés,cachées,11,F,cachés,-8.612304,cachées,-11.431153,1
8328,P_NOUN_8_PASS_b,M,P,les claviers avec les robes que j' aime beaucoup ne sont probablement pas cassés <eos>,13,cassés,cassées,11,F,cassés,-10.701637,cassées,-10.978157,1
8329,P_NOUN_8_PASS_b,M,P,les claviers avec les robes que j' aime beaucoup ne sont probablement pas couverts <eos>,13,couverts,couvertes,11,F,couverts,-7.835644,couvertes,-11.086585,1
8330,P_NOUN_8_PASS_b,M,P,les claviers avec les robes que j' aime beaucoup ne sont probablement pas déformés <eos>,13,déformés,déformées,11,F,déformés,-11.714994,déformées,-10.955748,0
8331,P_NOUN_8_PASS_b,M,P,les claviers avec les robes que j' aime beaucoup ne sont probablement pas fixés <eos>,13,fixés,fixées,11,F,fixés,-8.477089,fixées,-10.957142,1
8332,P_NOUN_8_PASS_b,M,P,les claviers avec les robes que j' aime beaucoup ne sont probablement pas jetés <eos>,13,jetés,jetées,11,F,jetés,-9.200565,jetées,-12.010986,1
8333,P_NOUN_8_PASS_b,M,P,les claviers avec les robes que j' aime beaucoup ne sont probablement pas laissés <eos>,13,laissés,laissées,11,F,laissés,-9.028879,laissées,-11.028669,1
8334,P_NOUN_8_PASS_b,M,P,les claviers avec les robes que j' aime beaucoup ne sont probablement pas ouverts <eos>,13,ouverts,ouvertes,11,F,ouverts,-7.9381776,ouvertes,-10.841843,1
8335,P_NOUN_8_PASS_b,M,P,les claviers avec les robes que j' aime beaucoup ne sont probablement pas perdus <eos>,13,perdus,perdues,11,F,perdus,-7.417875,perdues,-10.328878,1
8336,P_NOUN_8_PASS_b,M,P,les claviers avec les robes que j' aime beaucoup ne sont probablement pas réparés <eos>,13,réparés,réparées,11,F,réparés,-11.262431,réparées,-12.125732,1
8337,P_NOUN_8_PASS_b,M,P,les claviers avec les robes que j' aime beaucoup ne sont probablement pas retirés <eos>,13,retirés,retirées,11,F,retirés,-9.240153,retirées,-10.609666,1
8338,P_NOUN_8_PASS_b,M,P,les claviers avec les robes que j' aime beaucoup ne sont probablement pas tombés <eos>,13,tombés,tombées,11,F,tombés,-7.6780205,tombées,-11.212623,1
8339,P_NOUN_8_PASS_b,M,P,les claviers avec les robes que j' aime beaucoup ne sont probablement pas utilisés <eos>,13,utilisés,utilisées,11,F,utilisés,-5.0748444,utilisées,-8.149747,1
8340,P_NOUN_8_PASS_b,M,P,les claviers avec les valises que j' aime beaucoup ne sont probablement pas achetés <eos>,13,achetés,achetées,11,F,achetés,-9.365731,achetées,-12.843324,1
8341,P_NOUN_8_PASS_b,M,P,les claviers avec les valises que j' aime beaucoup ne sont probablement pas brisés <eos>,13,brisés,brisées,11,F,brisés,-11.157086,brisées,-11.821055,1
8342,P_NOUN_8_PASS_b,M,P,les claviers avec les valises que j' aime beaucoup ne sont probablement pas cachés <eos>,13,cachés,cachées,11,F,cachés,-8.440969,cachées,-10.991222,1
8343,P_NOUN_8_PASS_b,M,P,les claviers avec les valises que j' aime beaucoup ne sont probablement pas cassés <eos>,13,cassés,cassées,11,F,cassés,-11.066982,cassées,-11.733487,1
8344,P_NOUN_8_PASS_b,M,P,les claviers avec les valises que j' aime beaucoup ne sont probablement pas couverts <eos>,13,couverts,couvertes,11,F,couverts,-7.65471,couvertes,-10.884917,1
8345,P_NOUN_8_PASS_b,M,P,les claviers avec les valises que j' aime beaucoup ne sont probablement pas déformés <eos>,13,déformés,déformées,11,F,déformés,-12.163885,déformées,-10.636465,0
8346,P_NOUN_8_PASS_b,M,P,les claviers avec les valises que j' aime beaucoup ne sont probablement pas fixés <eos>,13,fixés,fixées,11,F,fixés,-8.190508,fixées,-10.8659115,1
8347,P_NOUN_8_PASS_b,M,P,les claviers avec les valises que j' aime beaucoup ne sont probablement pas jetés <eos>,13,jetés,jetées,11,F,jetés,-9.041157,jetées,-12.129544,1
8348,P_NOUN_8_PASS_b,M,P,les claviers avec les valises que j' aime beaucoup ne sont probablement pas laissés <eos>,13,laissés,laissées,11,F,laissés,-8.684423,laissées,-10.8215475,1
8349,P_NOUN_8_PASS_b,M,P,les claviers avec les valises que j' aime beaucoup ne sont probablement pas ouverts <eos>,13,ouverts,ouvertes,11,F,ouverts,-6.8877134,ouvertes,-10.00435,1
8350,P_NOUN_8_PASS_b,M,P,les claviers avec les valises que j' aime beaucoup ne sont probablement pas perdus <eos>,13,perdus,perdues,11,F,perdus,-6.7792044,perdues,-9.7895775,1
8351,P_NOUN_8_PASS_b,M,P,les claviers avec les valises que j' aime beaucoup ne sont probablement pas réparés <eos>,13,réparés,réparées,11,F,réparés,-11.562497,réparées,-11.963979,1
8352,P_NOUN_8_PASS_b,M,P,les claviers avec les valises que j' aime beaucoup ne sont probablement pas retirés <eos>,13,retirés,retirées,11,F,retirés,-9.476836,retirées,-10.756375,1
8353,P_NOUN_8_PASS_b,M,P,les claviers avec les valises que j' aime beaucoup ne sont probablement pas tombés <eos>,13,tombés,tombées,11,F,tombés,-8.515903,tombées,-11.577597,1
8354,P_NOUN_8_PASS_b,M,P,les claviers avec les valises que j' aime beaucoup ne sont probablement pas utilisés <eos>,13,utilisés,utilisées,11,F,utilisés,-5.2813177,utilisées,-8.219989,1
8355,P_NOUN_8_PASS_b,M,P,les claviers avec les pendules que j' aime beaucoup ne sont probablement pas achetés <eos>,13,achetés,achetées,11,F,achetés,-9.158303,achetées,-12.582659,1
8356,P_NOUN_8_PASS_b,M,P,les claviers avec les pendules que j' aime beaucoup ne sont probablement pas brisés <eos>,13,brisés,brisées,11,F,brisés,-10.780237,brisées,-11.282913,1
8357,P_NOUN_8_PASS_b,M,P,les claviers avec les pendules que j' aime beaucoup ne sont probablement pas cachés <eos>,13,cachés,cachées,11,F,cachés,-8.1050415,cachées,-10.836309,1
8358,P_NOUN_8_PASS_b,M,P,les claviers avec les pendules que j' aime beaucoup ne sont probablement pas cassés <eos>,13,cassés,cassées,11,F,cassés,-10.261817,cassées,-10.7977705,1
8359,P_NOUN_8_PASS_b,M,P,les claviers avec les pendules que j' aime beaucoup ne sont probablement pas couverts <eos>,13,couverts,couvertes,11,F,couverts,-7.916342,couvertes,-10.861951,1
8360,P_NOUN_8_PASS_b,M,P,les claviers avec les pendules que j' aime beaucoup ne sont probablement pas déformés <eos>,13,déformés,déformées,11,F,déformés,-11.681766,déformées,-9.923081,0
8361,P_NOUN_8_PASS_b,M,P,les claviers avec les pendules que j' aime beaucoup ne sont probablement pas fixés <eos>,13,fixés,fixées,11,F,fixés,-7.9880924,fixées,-10.211279,1
8362,P_NOUN_8_PASS_b,M,P,les claviers avec les pendules que j' aime beaucoup ne sont probablement pas jetés <eos>,13,jetés,jetées,11,F,jetés,-8.5329895,jetées,-11.664362,1
8363,P_NOUN_8_PASS_b,M,P,les claviers avec les pendules que j' aime beaucoup ne sont probablement pas laissés <eos>,13,laissés,laissées,11,F,laissés,-9.049919,laissées,-11.071372,1
8364,P_NOUN_8_PASS_b,M,P,les claviers avec les pendules que j' aime beaucoup ne sont probablement pas ouverts <eos>,13,ouverts,ouvertes,11,F,ouverts,-7.454101,ouvertes,-10.375874,1
8365,P_NOUN_8_PASS_b,M,P,les claviers avec les pendules que j' aime beaucoup ne sont probablement pas perdus <eos>,13,perdus,perdues,11,F,perdus,-7.1397524,perdues,-9.841842,1
8366,P_NOUN_8_PASS_b,M,P,les claviers avec les pendules que j' aime beaucoup ne sont probablement pas réparés <eos>,13,réparés,réparées,11,F,réparés,-11.811329,réparées,-11.691923,0
8367,P_NOUN_8_PASS_b,M,P,les claviers avec les pendules que j' aime beaucoup ne sont probablement pas retirés <eos>,13,retirés,retirées,11,F,retirés,-8.983563,retirées,-9.879252,1
8368,P_NOUN_8_PASS_b,M,P,les claviers avec les pendules que j' aime beaucoup ne sont probablement pas tombés <eos>,13,tombés,tombées,11,F,tombés,-8.514568,tombées,-11.0019455,1
8369,P_NOUN_8_PASS_b,M,P,les claviers avec les pendules que j' aime beaucoup ne sont probablement pas utilisés <eos>,13,utilisés,utilisées,11,F,utilisés,-4.710557,utilisées,-7.5859203,1
8370,P_NOUN_8_PASS_b,M,P,les claviers avec les cloches que j' aime beaucoup ne sont probablement pas achetés <eos>,13,achetés,achetées,11,F,achetés,-9.710834,achetées,-13.202149,1
8371,P_NOUN_8_PASS_b,M,P,les claviers avec les cloches que j' aime beaucoup ne sont probablement pas brisés <eos>,13,brisés,brisées,11,F,brisés,-10.578963,brisées,-11.716632,1
8372,P_NOUN_8_PASS_b,M,P,les claviers avec les cloches que j' aime beaucoup ne sont probablement pas cachés <eos>,13,cachés,cachées,11,F,cachés,-8.039223,cachées,-11.109234,1
8373,P_NOUN_8_PASS_b,M,P,les claviers avec les cloches que j' aime beaucoup ne sont probablement pas cassés <eos>,13,cassés,cassées,11,F,cassés,-10.447918,cassées,-11.534611,1
8374,P_NOUN_8_PASS_b,M,P,les claviers avec les cloches que j' aime beaucoup ne sont probablement pas couverts <eos>,13,couverts,couvertes,11,F,couverts,-7.5197315,couvertes,-11.202705,1
8375,P_NOUN_8_PASS_b,M,P,les claviers avec les cloches que j' aime beaucoup ne sont probablement pas déformés <eos>,13,déformés,déformées,11,F,déformés,-11.877235,déformées,-11.104077,0
8376,P_NOUN_8_PASS_b,M,P,les claviers avec les cloches que j' aime beaucoup ne sont probablement pas fixés <eos>,13,fixés,fixées,11,F,fixés,-8.294617,fixées,-11.083263,1
8377,P_NOUN_8_PASS_b,M,P,les claviers avec les cloches que j' aime beaucoup ne sont probablement pas jetés <eos>,13,jetés,jetées,11,F,jetés,-8.434188,jetées,-11.945175,1
8378,P_NOUN_8_PASS_b,M,P,les claviers avec les cloches que j' aime beaucoup ne sont probablement pas laissés <eos>,13,laissés,laissées,11,F,laissés,-8.369465,laissées,-11.484993,1
8379,P_NOUN_8_PASS_b,M,P,les claviers avec les cloches que j' aime beaucoup ne sont probablement pas ouverts <eos>,13,ouverts,ouvertes,11,F,ouverts,-7.66903,ouvertes,-10.618576,1
8380,P_NOUN_8_PASS_b,M,P,les claviers avec les cloches que j' aime beaucoup ne sont probablement pas perdus <eos>,13,perdus,perdues,11,F,perdus,-6.5129814,perdues,-9.681769,1
8381,P_NOUN_8_PASS_b,M,P,les claviers avec les cloches que j' aime beaucoup ne sont probablement pas réparés <eos>,13,réparés,réparées,11,F,réparés,-10.90248,réparées,-11.9532795,1
8382,P_NOUN_8_PASS_b,M,P,les claviers avec les cloches que j' aime beaucoup ne sont probablement pas retirés <eos>,13,retirés,retirées,11,F,retirés,-8.99258,retirées,-10.437671,1
8383,P_NOUN_8_PASS_b,M,P,les claviers avec les cloches que j' aime beaucoup ne sont probablement pas tombés <eos>,13,tombés,tombées,11,F,tombés,-7.1479216,tombées,-10.815317,1
8384,P_NOUN_8_PASS_b,M,P,les claviers avec les cloches que j' aime beaucoup ne sont probablement pas utilisés <eos>,13,utilisés,utilisées,11,F,utilisés,-5.2021956,utilisées,-8.485144,1
8385,P_NOUN_8_PASS_b,M,P,les claviers avec les cerises que j' aime beaucoup ne sont probablement pas achetés <eos>,13,achetés,achetées,11,F,achetés,-8.997139,achetées,-12.696518,1
8386,P_NOUN_8_PASS_b,M,P,les claviers avec les cerises que j' aime beaucoup ne sont probablement pas brisés <eos>,13,brisés,brisées,11,F,brisés,-10.672986,brisées,-11.798123,1
8387,P_NOUN_8_PASS_b,M,P,les claviers avec les cerises que j' aime beaucoup ne sont probablement pas cachés <eos>,13,cachés,cachées,11,F,cachés,-8.742968,cachées,-11.752677,1
8388,P_NOUN_8_PASS_b,M,P,les claviers avec les cerises que j' aime beaucoup ne sont probablement pas cassés <eos>,13,cassés,cassées,11,F,cassés,-10.254526,cassées,-11.173876,1
8389,P_NOUN_8_PASS_b,M,P,les claviers avec les cerises que j' aime beaucoup ne sont probablement pas couverts <eos>,13,couverts,couvertes,11,F,couverts,-7.5350285,couvertes,-11.304422,1
8390,P_NOUN_8_PASS_b,M,P,les claviers avec les cerises que j' aime beaucoup ne sont probablement pas déformés <eos>,13,déformés,déformées,11,F,déformés,-12.119054,déformées,-11.072661,0
8391,P_NOUN_8_PASS_b,M,P,les claviers avec les cerises que j' aime beaucoup ne sont probablement pas fixés <eos>,13,fixés,fixées,11,F,fixés,-8.056072,fixées,-11.206127,1
8392,P_NOUN_8_PASS_b,M,P,les claviers avec les cerises que j' aime beaucoup ne sont probablement pas jetés <eos>,13,jetés,jetées,11,F,jetés,-9.04826,jetées,-12.004197,1
8393,P_NOUN_8_PASS_b,M,P,les claviers avec les cerises que j' aime beaucoup ne sont probablement pas laissés <eos>,13,laissés,laissées,11,F,laissés,-8.417926,laissées,-11.073501,1
8394,P_NOUN_8_PASS_b,M,P,les claviers avec les cerises que j' aime beaucoup ne sont probablement pas ouverts <eos>,13,ouverts,ouvertes,11,F,ouverts,-7.6998315,ouvertes,-11.010963,1
8395,P_NOUN_8_PASS_b,M,P,les claviers avec les cerises que j' aime beaucoup ne sont probablement pas perdus <eos>,13,perdus,perdues,11,F,perdus,-7.0334635,perdues,-10.245388,1
8396,P_NOUN_8_PASS_b,M,P,les claviers avec les cerises que j' aime beaucoup ne sont probablement pas réparés <eos>,13,réparés,réparées,11,F,réparés,-11.293272,réparées,-12.215002,1
8397,P_NOUN_8_PASS_b,M,P,les claviers avec les cerises que j' aime beaucoup ne sont probablement pas retirés <eos>,13,retirés,retirées,11,F,retirés,-9.0606365,retirées,-10.882156,1
8398,P_NOUN_8_PASS_b,M,P,les claviers avec les cerises que j' aime beaucoup ne sont probablement pas tombés <eos>,13,tombés,tombées,11,F,tombés,-7.8369904,tombées,-11.22665,1
8399,P_NOUN_8_PASS_b,M,P,les claviers avec les cerises que j' aime beaucoup ne sont probablement pas utilisés <eos>,13,utilisés,utilisées,11,F,utilisés,-5.213251,utilisées,-8.333406,1
8400,P_NOUN_8_PASS_b,M,P,les raisins avec les gemmes que j' aime beaucoup ne sont probablement pas achetés <eos>,13,achetés,achetées,11,F,achetés,-7.7117014,achetées,-11.957916,1
8401,P_NOUN_8_PASS_b,M,P,les raisins avec les gemmes que j' aime beaucoup ne sont probablement pas brisés <eos>,13,brisés,brisées,11,F,brisés,-10.886841,brisées,-11.747105,1
8402,P_NOUN_8_PASS_b,M,P,les raisins avec les gemmes que j' aime beaucoup ne sont probablement pas cachés <eos>,13,cachés,cachées,11,F,cachés,-7.634514,cachées,-11.259443,1
8403,P_NOUN_8_PASS_b,M,P,les raisins avec les gemmes que j' aime beaucoup ne sont probablement pas cassés <eos>,13,cassés,cassées,11,F,cassés,-8.604559,cassées,-11.55216,1
8404,P_NOUN_8_PASS_b,M,P,les raisins avec les gemmes que j' aime beaucoup ne sont probablement pas couverts <eos>,13,couverts,couvertes,11,F,couverts,-6.7012224,couvertes,-11.050353,1
8405,P_NOUN_8_PASS_b,M,P,les raisins avec les gemmes que j' aime beaucoup ne sont probablement pas déformés <eos>,13,déformés,déformées,11,F,déformés,-12.285538,déformées,-11.319925,0
8406,P_NOUN_8_PASS_b,M,P,les raisins avec les gemmes que j' aime beaucoup ne sont probablement pas fixés <eos>,13,fixés,fixées,11,F,fixés,-8.327949,fixées,-11.550581,1
8407,P_NOUN_8_PASS_b,M,P,les raisins avec les gemmes que j' aime beaucoup ne sont probablement pas jetés <eos>,13,jetés,jetées,11,F,jetés,-8.720093,jetées,-12.448302,1
8408,P_NOUN_8_PASS_b,M,P,les raisins avec les gemmes que j' aime beaucoup ne sont probablement pas laissés <eos>,13,laissés,laissées,11,F,laissés,-7.60642,laissées,-10.450382,1
8409,P_NOUN_8_PASS_b,M,P,les raisins avec les gemmes que j' aime beaucoup ne sont probablement pas ouverts <eos>,13,ouverts,ouvertes,11,F,ouverts,-8.396269,ouvertes,-11.625647,1
8410,P_NOUN_8_PASS_b,M,P,les raisins avec les gemmes que j' aime beaucoup ne sont probablement pas perdus <eos>,13,perdus,perdues,11,F,perdus,-6.8699827,perdues,-10.451611,1
8411,P_NOUN_8_PASS_b,M,P,les raisins avec les gemmes que j' aime beaucoup ne sont probablement pas réparés <eos>,13,réparés,réparées,11,F,réparés,-10.766394,réparées,-12.367588,1
8412,P_NOUN_8_PASS_b,M,P,les raisins avec les gemmes que j' aime beaucoup ne sont probablement pas retirés <eos>,13,retirés,retirées,11,F,retirés,-8.606157,retirées,-10.990837,1
8413,P_NOUN_8_PASS_b,M,P,les raisins avec les gemmes que j' aime beaucoup ne sont probablement pas tombés <eos>,13,tombés,tombées,11,F,tombés,-7.0078635,tombées,-10.3048935,1
8414,P_NOUN_8_PASS_b,M,P,les raisins avec les gemmes que j' aime beaucoup ne sont probablement pas utilisés <eos>,13,utilisés,utilisées,11,F,utilisés,-4.79919,utilisées,-8.097746,1
8415,P_NOUN_8_PASS_b,M,P,les raisins avec les chaises que j' aime beaucoup ne sont probablement pas achetés <eos>,13,achetés,achetées,11,F,achetés,-8.015033,achetées,-11.916356,1
8416,P_NOUN_8_PASS_b,M,P,les raisins avec les chaises que j' aime beaucoup ne sont probablement pas brisés <eos>,13,brisés,brisées,11,F,brisés,-10.697271,brisées,-11.2893505,1
8417,P_NOUN_8_PASS_b,M,P,les raisins avec les chaises que j' aime beaucoup ne sont probablement pas cachés <eos>,13,cachés,cachées,11,F,cachés,-8.2972,cachées,-10.769645,1
8418,P_NOUN_8_PASS_b,M,P,les raisins avec les chaises que j' aime beaucoup ne sont probablement pas cassés <eos>,13,cassés,cassées,11,F,cassés,-8.781708,cassées,-10.5456915,1
8419,P_NOUN_8_PASS_b,M,P,les raisins avec les chaises que j' aime beaucoup ne sont probablement pas couverts <eos>,13,couverts,couvertes,11,F,couverts,-5.647765,couvertes,-10.043535,1
8420,P_NOUN_8_PASS_b,M,P,les raisins avec les chaises que j' aime beaucoup ne sont probablement pas déformés <eos>,13,déformés,déformées,11,F,déformés,-12.362279,déformées,-11.091983,0
8421,P_NOUN_8_PASS_b,M,P,les raisins avec les chaises que j' aime beaucoup ne sont probablement pas fixés <eos>,13,fixés,fixées,11,F,fixés,-8.3847475,fixées,-10.686574,1
8422,P_NOUN_8_PASS_b,M,P,les raisins avec les chaises que j' aime beaucoup ne sont probablement pas jetés <eos>,13,jetés,jetées,11,F,jetés,-8.773408,jetées,-12.171186,1
8423,P_NOUN_8_PASS_b,M,P,les raisins avec les chaises que j' aime beaucoup ne sont probablement pas laissés <eos>,13,laissés,laissées,11,F,laissés,-7.7907925,laissées,-9.992715,1
8424,P_NOUN_8_PASS_b,M,P,les raisins avec les chaises que j' aime beaucoup ne sont probablement pas ouverts <eos>,13,ouverts,ouvertes,11,F,ouverts,-7.5860243,ouvertes,-10.471836,1
8425,P_NOUN_8_PASS_b,M,P,les raisins avec les chaises que j' aime beaucoup ne sont probablement pas perdus <eos>,13,perdus,perdues,11,F,perdus,-7.331794,perdues,-10.56379,1
8426,P_NOUN_8_PASS_b,M,P,les raisins avec les chaises que j' aime beaucoup ne sont probablement pas réparés <eos>,13,réparés,réparées,11,F,réparés,-11.18889,réparées,-11.726767,1
8427,P_NOUN_8_PASS_b,M,P,les raisins avec les chaises que j' aime beaucoup ne sont probablement pas retirés <eos>,13,retirés,retirées,11,F,retirés,-9.030609,retirées,-10.499485,1
8428,P_NOUN_8_PASS_b,M,P,les raisins avec les chaises que j' aime beaucoup ne sont probablement pas tombés <eos>,13,tombés,tombées,11,F,tombés,-7.1352816,tombées,-10.081512,1
8429,P_NOUN_8_PASS_b,M,P,les raisins avec les chaises que j' aime beaucoup ne sont probablement pas utilisés <eos>,13,utilisés,utilisées,11,F,utilisés,-5.0832033,utilisées,-8.129966,1
8430,P_NOUN_8_PASS_b,M,P,les raisins avec les poubelles que j' aime beaucoup ne sont probablement pas achetés <eos>,13,achetés,achetées,11,F,achetés,-7.5923977,achetées,-11.607775,1
8431,P_NOUN_8_PASS_b,M,P,les raisins avec les poubelles que j' aime beaucoup ne sont probablement pas brisés <eos>,13,brisés,brisées,11,F,brisés,-10.837429,brisées,-11.757419,1
8432,P_NOUN_8_PASS_b,M,P,les raisins avec les poubelles que j' aime beaucoup ne sont probablement pas cachés <eos>,13,cachés,cachées,11,F,cachés,-7.8548408,cachées,-11.038296,1
8433,P_NOUN_8_PASS_b,M,P,les raisins avec les poubelles que j' aime beaucoup ne sont probablement pas cassés <eos>,13,cassés,cassées,11,F,cassés,-8.631498,cassées,-11.136291,1
8434,P_NOUN_8_PASS_b,M,P,les raisins avec les poubelles que j' aime beaucoup ne sont probablement pas couverts <eos>,13,couverts,couvertes,11,F,couverts,-5.970436,couvertes,-9.901328,1
8435,P_NOUN_8_PASS_b,M,P,les raisins avec les poubelles que j' aime beaucoup ne sont probablement pas déformés <eos>,13,déformés,déformées,11,F,déformés,-12.48968,déformées,-11.264741,0
8436,P_NOUN_8_PASS_b,M,P,les raisins avec les poubelles que j' aime beaucoup ne sont probablement pas fixés <eos>,13,fixés,fixées,11,F,fixés,-8.261597,fixées,-11.274974,1
8437,P_NOUN_8_PASS_b,M,P,les raisins avec les poubelles que j' aime beaucoup ne sont probablement pas jetés <eos>,13,jetés,jetées,11,F,jetés,-8.546223,jetées,-12.176256,1
8438,P_NOUN_8_PASS_b,M,P,les raisins avec les poubelles que j' aime beaucoup ne sont probablement pas laissés <eos>,13,laissés,laissées,11,F,laissés,-7.50366,laissées,-9.852417,1
8439,P_NOUN_8_PASS_b,M,P,les raisins avec les poubelles que j' aime beaucoup ne sont probablement pas ouverts <eos>,13,ouverts,ouvertes,11,F,ouverts,-7.095085,ouvertes,-10.2408285,1
8440,P_NOUN_8_PASS_b,M,P,les raisins avec les poubelles que j' aime beaucoup ne sont probablement pas perdus <eos>,13,perdus,perdues,11,F,perdus,-7.0095267,perdues,-10.7348175,1
8441,P_NOUN_8_PASS_b,M,P,les raisins avec les poubelles que j' aime beaucoup ne sont probablement pas réparés <eos>,13,réparés,réparées,11,F,réparés,-10.585195,réparées,-11.393842,1
8442,P_NOUN_8_PASS_b,M,P,les raisins avec les poubelles que j' aime beaucoup ne sont probablement pas retirés <eos>,13,retirés,retirées,11,F,retirés,-8.661253,retirées,-10.8352165,1
8443,P_NOUN_8_PASS_b,M,P,les raisins avec les poubelles que j' aime beaucoup ne sont probablement pas tombés <eos>,13,tombés,tombées,11,F,tombés,-7.340913,tombées,-10.655667,1
8444,P_NOUN_8_PASS_b,M,P,les raisins avec les poubelles que j' aime beaucoup ne sont probablement pas utilisés <eos>,13,utilisés,utilisées,11,F,utilisés,-5.0898557,utilisées,-8.061588,1
8445,P_NOUN_8_PASS_b,M,P,les raisins avec les chemises que j' aime beaucoup ne sont probablement pas achetés <eos>,13,achetés,achetées,11,F,achetés,-7.8834176,achetées,-11.474245,1
8446,P_NOUN_8_PASS_b,M,P,les raisins avec les chemises que j' aime beaucoup ne sont probablement pas brisés <eos>,13,brisés,brisées,11,F,brisés,-10.960284,brisées,-11.559804,1
8447,P_NOUN_8_PASS_b,M,P,les raisins avec les chemises que j' aime beaucoup ne sont probablement pas cachés <eos>,13,cachés,cachées,11,F,cachés,-8.08945,cachées,-10.821298,1
8448,P_NOUN_8_PASS_b,M,P,les raisins avec les chemises que j' aime beaucoup ne sont probablement pas cassés <eos>,13,cassés,cassées,11,F,cassés,-8.904663,cassées,-10.27388,1
8449,P_NOUN_8_PASS_b,M,P,les raisins avec les chemises que j' aime beaucoup ne sont probablement pas couverts <eos>,13,couverts,couvertes,11,F,couverts,-6.487206,couvertes,-10.330313,1
8450,P_NOUN_8_PASS_b,M,P,les raisins avec les chemises que j' aime beaucoup ne sont probablement pas déformés <eos>,13,déformés,déformées,11,F,déformés,-12.576313,déformées,-10.872917,0
8451,P_NOUN_8_PASS_b,M,P,les raisins avec les chemises que j' aime beaucoup ne sont probablement pas fixés <eos>,13,fixés,fixées,11,F,fixés,-8.387755,fixées,-10.590821,1
8452,P_NOUN_8_PASS_b,M,P,les raisins avec les chemises que j' aime beaucoup ne sont probablement pas jetés <eos>,13,jetés,jetées,11,F,jetés,-8.731988,jetées,-11.571159,1
8453,P_NOUN_8_PASS_b,M,P,les raisins avec les chemises que j' aime beaucoup ne sont probablement pas laissés <eos>,13,laissés,laissées,11,F,laissés,-7.8213816,laissées,-10.293262,1
8454,P_NOUN_8_PASS_b,M,P,les raisins avec les chemises que j' aime beaucoup ne sont probablement pas ouverts <eos>,13,ouverts,ouvertes,11,F,ouverts,-8.216234,ouvertes,-11.016459,1
8455,P_NOUN_8_PASS_b,M,P,les raisins avec les chemises que j' aime beaucoup ne sont probablement pas perdus <eos>,13,perdus,perdues,11,F,perdus,-7.451954,perdues,-10.251753,1
8456,P_NOUN_8_PASS_b,M,P,les raisins avec les chemises que j' aime beaucoup ne sont probablement pas réparés <eos>,13,réparés,réparées,11,F,réparés,-11.285081,réparées,-12.002805,1
8457,P_NOUN_8_PASS_b,M,P,les raisins avec les chemises que j' aime beaucoup ne sont probablement pas retirés <eos>,13,retirés,retirées,11,F,retirés,-8.667578,retirées,-10.413362,1
8458,P_NOUN_8_PASS_b,M,P,les raisins avec les chemises que j' aime beaucoup ne sont probablement pas tombés <eos>,13,tombés,tombées,11,F,tombés,-6.59221,tombées,-9.819606,1
8459,P_NOUN_8_PASS_b,M,P,les raisins avec les chemises que j' aime beaucoup ne sont probablement pas utilisés <eos>,13,utilisés,utilisées,11,F,utilisés,-4.6503053,utilisées,-7.429627,1
8460,P_NOUN_8_PASS_b,M,P,les raisins avec les recettes que j' aime beaucoup ne sont probablement pas achetés <eos>,13,achetés,achetées,11,F,achetés,-7.346799,achetées,-11.210025,1
8461,P_NOUN_8_PASS_b,M,P,les raisins avec les recettes que j' aime beaucoup ne sont probablement pas brisés <eos>,13,brisés,brisées,11,F,brisés,-11.305765,brisées,-12.239258,1
8462,P_NOUN_8_PASS_b,M,P,les raisins avec les recettes que j' aime beaucoup ne sont probablement pas cachés <eos>,13,cachés,cachées,11,F,cachés,-8.095208,cachées,-12.112663,1
8463,P_NOUN_8_PASS_b,M,P,les raisins avec les recettes que j' aime beaucoup ne sont probablement pas cassés <eos>,13,cassés,cassées,11,F,cassés,-8.801645,cassées,-11.896094,1
8464,P_NOUN_8_PASS_b,M,P,les raisins avec les recettes que j' aime beaucoup ne sont probablement pas couverts <eos>,13,couverts,couvertes,11,F,couverts,-6.266103,couvertes,-10.814652,1
8465,P_NOUN_8_PASS_b,M,P,les raisins avec les recettes que j' aime beaucoup ne sont probablement pas déformés <eos>,13,déformés,déformées,11,F,déformés,-13.118507,déformées,-12.158685,0
8466,P_NOUN_8_PASS_b,M,P,les raisins avec les recettes que j' aime beaucoup ne sont probablement pas fixés <eos>,13,fixés,fixées,11,F,fixés,-7.7720623,fixées,-11.550567,1
8467,P_NOUN_8_PASS_b,M,P,les raisins avec les recettes que j' aime beaucoup ne sont probablement pas jetés <eos>,13,jetés,jetées,11,F,jetés,-9.116235,jetées,-13.072059,1
8468,P_NOUN_8_PASS_b,M,P,les raisins avec les recettes que j' aime beaucoup ne sont probablement pas laissés <eos>,13,laissés,laissées,11,F,laissés,-8.062251,laissées,-10.242034,1
8469,P_NOUN_8_PASS_b,M,P,les raisins avec les recettes que j' aime beaucoup ne sont probablement pas ouverts <eos>,13,ouverts,ouvertes,11,F,ouverts,-8.212284,ouvertes,-11.570293,1
8470,P_NOUN_8_PASS_b,M,P,les raisins avec les recettes que j' aime beaucoup ne sont probablement pas perdus <eos>,13,perdus,perdues,11,F,perdus,-6.980222,perdues,-10.678816,1
8471,P_NOUN_8_PASS_b,M,P,les raisins avec les recettes que j' aime beaucoup ne sont probablement pas réparés <eos>,13,réparés,réparées,11,F,réparés,-10.766398,réparées,-12.174989,1
8472,P_NOUN_8_PASS_b,M,P,les raisins avec les recettes que j' aime beaucoup ne sont probablement pas retirés <eos>,13,retirés,retirées,11,F,retirés,-8.551284,retirées,-10.803526,1
8473,P_NOUN_8_PASS_b,M,P,les raisins avec les recettes que j' aime beaucoup ne sont probablement pas tombés <eos>,13,tombés,tombées,11,F,tombés,-7.2114744,tombées,-10.565576,1
8474,P_NOUN_8_PASS_b,M,P,les raisins avec les recettes que j' aime beaucoup ne sont probablement pas utilisés <eos>,13,utilisés,utilisées,11,F,utilisés,-5.010786,utilisées,-8.214423,1
8475,P_NOUN_8_PASS_b,M,P,les raisins avec les jupes que j' aime beaucoup ne sont probablement pas achetés <eos>,13,achetés,achetées,11,F,achetés,-7.808772,achetées,-11.60779,1
8476,P_NOUN_8_PASS_b,M,P,les raisins avec les jupes que j' aime beaucoup ne sont probablement pas brisés <eos>,13,brisés,brisées,11,F,brisés,-10.903645,brisées,-11.920326,1
8477,P_NOUN_8_PASS_b,M,P,les raisins avec les jupes que j' aime beaucoup ne sont probablement pas cachés <eos>,13,cachés,cachées,11,F,cachés,-8.188073,cachées,-11.405766,1
8478,P_NOUN_8_PASS_b,M,P,les raisins avec les jupes que j' aime beaucoup ne sont probablement pas cassés <eos>,13,cassés,cassées,11,F,cassés,-8.588684,cassées,-10.5780735,1
8479,P_NOUN_8_PASS_b,M,P,les raisins avec les jupes que j' aime beaucoup ne sont probablement pas couverts <eos>,13,couverts,couvertes,11,F,couverts,-6.4197307,couvertes,-10.182812,1
8480,P_NOUN_8_PASS_b,M,P,les raisins avec les jupes que j' aime beaucoup ne sont probablement pas déformés <eos>,13,déformés,déformées,11,F,déformés,-12.659654,déformées,-11.220959,0
8481,P_NOUN_8_PASS_b,M,P,les raisins avec les jupes que j' aime beaucoup ne sont probablement pas fixés <eos>,13,fixés,fixées,11,F,fixés,-7.972555,fixées,-10.854659,1
8482,P_NOUN_8_PASS_b,M,P,les raisins avec les jupes que j' aime beaucoup ne sont probablement pas jetés <eos>,13,jetés,jetées,11,F,jetés,-9.347771,jetées,-12.547445,1
8483,P_NOUN_8_PASS_b,M,P,les raisins avec les jupes que j' aime beaucoup ne sont probablement pas laissés <eos>,13,laissés,laissées,11,F,laissés,-8.244929,laissées,-10.490233,1
8484,P_NOUN_8_PASS_b,M,P,les raisins avec les jupes que j' aime beaucoup ne sont probablement pas ouverts <eos>,13,ouverts,ouvertes,11,F,ouverts,-7.681645,ouvertes,-10.890414,1
8485,P_NOUN_8_PASS_b,M,P,les raisins avec les jupes que j' aime beaucoup ne sont probablement pas perdus <eos>,13,perdus,perdues,11,F,perdus,-7.565798,perdues,-11.175457,1
8486,P_NOUN_8_PASS_b,M,P,les raisins avec les jupes que j' aime beaucoup ne sont probablement pas réparés <eos>,13,réparés,réparées,11,F,réparés,-11.092897,réparées,-11.981846,1
8487,P_NOUN_8_PASS_b,M,P,les raisins avec les jupes que j' aime beaucoup ne sont probablement pas retirés <eos>,13,retirés,retirées,11,F,retirés,-8.7967,retirées,-10.661117,1
8488,P_NOUN_8_PASS_b,M,P,les raisins avec les jupes que j' aime beaucoup ne sont probablement pas tombés <eos>,13,tombés,tombées,11,F,tombés,-7.1353235,tombées,-10.383484,1
8489,P_NOUN_8_PASS_b,M,P,les raisins avec les jupes que j' aime beaucoup ne sont probablement pas utilisés <eos>,13,utilisés,utilisées,11,F,utilisés,-4.6085033,utilisées,-7.7901573,1
8490,P_NOUN_8_PASS_b,M,P,les raisins avec les colles que j' aime beaucoup ne sont probablement pas achetés <eos>,13,achetés,achetées,11,F,achetés,-8.028416,achetées,-11.879686,1
8491,P_NOUN_8_PASS_b,M,P,les raisins avec les colles que j' aime beaucoup ne sont probablement pas brisés <eos>,13,brisés,brisées,11,F,brisés,-11.105163,brisées,-11.748488,1
8492,P_NOUN_8_PASS_b,M,P,les raisins avec les colles que j' aime beaucoup ne sont probablement pas cachés <eos>,13,cachés,cachées,11,F,cachés,-8.330719,cachées,-11.428328,1
8493,P_NOUN_8_PASS_b,M,P,les raisins avec les colles que j' aime beaucoup ne sont probablement pas cassés <eos>,13,cassés,cassées,11,F,cassés,-8.422383,cassées,-10.543579,1
8494,P_NOUN_8_PASS_b,M,P,les raisins avec les colles que j' aime beaucoup ne sont probablement pas couverts <eos>,13,couverts,couvertes,11,F,couverts,-6.6852694,couvertes,-10.260049,1
8495,P_NOUN_8_PASS_b,M,P,les raisins avec les colles que j' aime beaucoup ne sont probablement pas déformés <eos>,13,déformés,déformées,11,F,déformés,-12.705288,déformées,-10.5790615,0
8496,P_NOUN_8_PASS_b,M,P,les raisins avec les colles que j' aime beaucoup ne sont probablement pas fixés <eos>,13,fixés,fixées,11,F,fixés,-8.380885,fixées,-10.908905,1
8497,P_NOUN_8_PASS_b,M,P,les raisins avec les colles que j' aime beaucoup ne sont probablement pas jetés <eos>,13,jetés,jetées,11,F,jetés,-9.197149,jetées,-12.300798,1
8498,P_NOUN_8_PASS_b,M,P,les raisins avec les colles que j' aime beaucoup ne sont probablement pas laissés <eos>,13,laissés,laissées,11,F,laissés,-8.391304,laissées,-9.926688,1
8499,P_NOUN_8_PASS_b,M,P,les raisins avec les colles que j' aime beaucoup ne sont probablement pas ouverts <eos>,13,ouverts,ouvertes,11,F,ouverts,-8.227575,ouvertes,-10.930902,1
8500,P_NOUN_8_PASS_b,M,P,les raisins avec les colles que j' aime beaucoup ne sont probablement pas perdus <eos>,13,perdus,perdues,11,F,perdus,-7.5323477,perdues,-10.505323,1
8501,P_NOUN_8_PASS_b,M,P,les raisins avec les colles que j' aime beaucoup ne sont probablement pas réparés <eos>,13,réparés,réparées,11,F,réparés,-11.138872,réparées,-11.689762,1
8502,P_NOUN_8_PASS_b,M,P,les raisins avec les colles que j' aime beaucoup ne sont probablement pas retirés <eos>,13,retirés,retirées,11,F,retirés,-8.637028,retirées,-10.4852495,1
8503,P_NOUN_8_PASS_b,M,P,les raisins avec les colles que j' aime beaucoup ne sont probablement pas tombés <eos>,13,tombés,tombées,11,F,tombés,-7.739976,tombées,-10.296831,1
8504,P_NOUN_8_PASS_b,M,P,les raisins avec les colles que j' aime beaucoup ne sont probablement pas utilisés <eos>,13,utilisés,utilisées,11,F,utilisés,-4.4818883,utilisées,-7.154864,1
8505,P_NOUN_8_PASS_b,M,P,les raisins avec les lampes que j' aime beaucoup ne sont probablement pas achetés <eos>,13,achetés,achetées,11,F,achetés,-7.496777,achetées,-11.8639145,1
8506,P_NOUN_8_PASS_b,M,P,les raisins avec les lampes que j' aime beaucoup ne sont probablement pas brisés <eos>,13,brisés,brisées,11,F,brisés,-10.401606,brisées,-11.422212,1
8507,P_NOUN_8_PASS_b,M,P,les raisins avec les lampes que j' aime beaucoup ne sont probablement pas cachés <eos>,13,cachés,cachées,11,F,cachés,-7.6554127,cachées,-11.40415,1
8508,P_NOUN_8_PASS_b,M,P,les raisins avec les lampes que j' aime beaucoup ne sont probablement pas cassés <eos>,13,cassés,cassées,11,F,cassés,-8.486246,cassées,-10.709554,1
8509,P_NOUN_8_PASS_b,M,P,les raisins avec les lampes que j' aime beaucoup ne sont probablement pas couverts <eos>,13,couverts,couvertes,11,F,couverts,-6.429181,couvertes,-10.527552,1
8510,P_NOUN_8_PASS_b,M,P,les raisins avec les lampes que j' aime beaucoup ne sont probablement pas déformés <eos>,13,déformés,déformées,11,F,déformés,-12.057046,déformées,-10.57083,0
8511,P_NOUN_8_PASS_b,M,P,les raisins avec les lampes que j' aime beaucoup ne sont probablement pas fixés <eos>,13,fixés,fixées,11,F,fixés,-7.9626303,fixées,-10.807283,1
8512,P_NOUN_8_PASS_b,M,P,les raisins avec les lampes que j' aime beaucoup ne sont probablement pas jetés <eos>,13,jetés,jetées,11,F,jetés,-8.348465,jetées,-11.958614,1
8513,P_NOUN_8_PASS_b,M,P,les raisins avec les lampes que j' aime beaucoup ne sont probablement pas laissés <eos>,13,laissés,laissées,11,F,laissés,-7.779023,laissées,-10.29474,1
8514,P_NOUN_8_PASS_b,M,P,les raisins avec les lampes que j' aime beaucoup ne sont probablement pas ouverts <eos>,13,ouverts,ouvertes,11,F,ouverts,-8.014258,ouvertes,-11.041934,1
8515,P_NOUN_8_PASS_b,M,P,les raisins avec les lampes que j' aime beaucoup ne sont probablement pas perdus <eos>,13,perdus,perdues,11,F,perdus,-6.916603,perdues,-10.509233,1
8516,P_NOUN_8_PASS_b,M,P,les raisins avec les lampes que j' aime beaucoup ne sont probablement pas réparés <eos>,13,réparés,réparées,11,F,réparés,-10.864036,réparées,-11.723186,1
8517,P_NOUN_8_PASS_b,M,P,les raisins avec les lampes que j' aime beaucoup ne sont probablement pas retirés <eos>,13,retirés,retirées,11,F,retirés,-8.347931,retirées,-10.177858,1
8518,P_NOUN_8_PASS_b,M,P,les raisins avec les lampes que j' aime beaucoup ne sont probablement pas tombés <eos>,13,tombés,tombées,11,F,tombés,-7.1937037,tombées,-10.1279545,1
8519,P_NOUN_8_PASS_b,M,P,les raisins avec les lampes que j' aime beaucoup ne sont probablement pas utilisés <eos>,13,utilisés,utilisées,11,F,utilisés,-4.223624,utilisées,-7.548911,1
8520,P_NOUN_8_PASS_b,M,P,les raisins avec les bouteilles que j' aime beaucoup ne sont probablement pas achetés <eos>,13,achetés,achetées,11,F,achetés,-7.1908445,achetées,-10.780137,1
8521,P_NOUN_8_PASS_b,M,P,les raisins avec les bouteilles que j' aime beaucoup ne sont probablement pas brisés <eos>,13,brisés,brisées,11,F,brisés,-10.976287,brisées,-11.828696,1
8522,P_NOUN_8_PASS_b,M,P,les raisins avec les bouteilles que j' aime beaucoup ne sont probablement pas cachés <eos>,13,cachés,cachées,11,F,cachés,-7.7556753,cachées,-11.514019,1
8523,P_NOUN_8_PASS_b,M,P,les raisins avec les bouteilles que j' aime beaucoup ne sont probablement pas cassés <eos>,13,cassés,cassées,11,F,cassés,-8.537401,cassées,-11.008429,1
8524,P_NOUN_8_PASS_b,M,P,les raisins avec les bouteilles que j' aime beaucoup ne sont probablement pas couverts <eos>,13,couverts,couvertes,11,F,couverts,-6.478463,couvertes,-10.600986,1
8525,P_NOUN_8_PASS_b,M,P,les raisins avec les bouteilles que j' aime beaucoup ne sont probablement pas déformés <eos>,13,déformés,déformées,11,F,déformés,-12.640086,déformées,-11.295335,0
8526,P_NOUN_8_PASS_b,M,P,les raisins avec les bouteilles que j' aime beaucoup ne sont probablement pas fixés <eos>,13,fixés,fixées,11,F,fixés,-8.11396,fixées,-11.354391,1
8527,P_NOUN_8_PASS_b,M,P,les raisins avec les bouteilles que j' aime beaucoup ne sont probablement pas jetés <eos>,13,jetés,jetées,11,F,jetés,-8.829652,jetées,-12.722188,1
8528,P_NOUN_8_PASS_b,M,P,les raisins avec les bouteilles que j' aime beaucoup ne sont probablement pas laissés <eos>,13,laissés,laissées,11,F,laissés,-7.8846107,laissées,-9.872813,1
8529,P_NOUN_8_PASS_b,M,P,les raisins avec les bouteilles que j' aime beaucoup ne sont probablement pas ouverts <eos>,13,ouverts,ouvertes,11,F,ouverts,-8.038548,ouvertes,-11.031678,1
8530,P_NOUN_8_PASS_b,M,P,les raisins avec les bouteilles que j' aime beaucoup ne sont probablement pas perdus <eos>,13,perdus,perdues,11,F,perdus,-6.806418,perdues,-10.507018,1
8531,P_NOUN_8_PASS_b,M,P,les raisins avec les bouteilles que j' aime beaucoup ne sont probablement pas réparés <eos>,13,réparés,réparées,11,F,réparés,-11.005112,réparées,-11.875183,1
8532,P_NOUN_8_PASS_b,M,P,les raisins avec les bouteilles que j' aime beaucoup ne sont probablement pas retirés <eos>,13,retirés,retirées,11,F,retirés,-8.571366,retirées,-10.56496,1
8533,P_NOUN_8_PASS_b,M,P,les raisins avec les bouteilles que j' aime beaucoup ne sont probablement pas tombés <eos>,13,tombés,tombées,11,F,tombés,-7.3676972,tombées,-10.397647,1
8534,P_NOUN_8_PASS_b,M,P,les raisins avec les bouteilles que j' aime beaucoup ne sont probablement pas utilisés <eos>,13,utilisés,utilisées,11,F,utilisés,-4.894038,utilisées,-7.886039,1
8535,P_NOUN_8_PASS_b,M,P,les raisins avec les boissons que j' aime beaucoup ne sont probablement pas achetés <eos>,13,achetés,achetées,11,F,achetés,-7.5028667,achetées,-10.55315,1
8536,P_NOUN_8_PASS_b,M,P,les raisins avec les boissons que j' aime beaucoup ne sont probablement pas brisés <eos>,13,brisés,brisées,11,F,brisés,-11.621466,brisées,-11.318274,0
8537,P_NOUN_8_PASS_b,M,P,les raisins avec les boissons que j' aime beaucoup ne sont probablement pas cachés <eos>,13,cachés,cachées,11,F,cachés,-8.201504,cachées,-10.828568,1
8538,P_NOUN_8_PASS_b,M,P,les raisins avec les boissons que j' aime beaucoup ne sont probablement pas cassés <eos>,13,cassés,cassées,11,F,cassés,-8.909239,cassées,-10.749625,1
8539,P_NOUN_8_PASS_b,M,P,les raisins avec les boissons que j' aime beaucoup ne sont probablement pas couverts <eos>,13,couverts,couvertes,11,F,couverts,-6.4700775,couvertes,-9.563956,1
8540,P_NOUN_8_PASS_b,M,P,les raisins avec les boissons que j' aime beaucoup ne sont probablement pas déformés <eos>,13,déformés,déformées,11,F,déformés,-13.209325,déformées,-10.746241,0
8541,P_NOUN_8_PASS_b,M,P,les raisins avec les boissons que j' aime beaucoup ne sont probablement pas fixés <eos>,13,fixés,fixées,11,F,fixés,-8.393851,fixées,-10.45067,1
8542,P_NOUN_8_PASS_b,M,P,les raisins avec les boissons que j' aime beaucoup ne sont probablement pas jetés <eos>,13,jetés,jetées,11,F,jetés,-9.32995,jetées,-11.459722,1
8543,P_NOUN_8_PASS_b,M,P,les raisins avec les boissons que j' aime beaucoup ne sont probablement pas laissés <eos>,13,laissés,laissées,11,F,laissés,-7.9261675,laissées,-8.923095,1
8544,P_NOUN_8_PASS_b,M,P,les raisins avec les boissons que j' aime beaucoup ne sont probablement pas ouverts <eos>,13,ouverts,ouvertes,11,F,ouverts,-8.339296,ouvertes,-10.152524,1
8545,P_NOUN_8_PASS_b,M,P,les raisins avec les boissons que j' aime beaucoup ne sont probablement pas perdus <eos>,13,perdus,perdues,11,F,perdus,-7.32539,perdues,-9.55042,1
8546,P_NOUN_8_PASS_b,M,P,les raisins avec les boissons que j' aime beaucoup ne sont probablement pas réparés <eos>,13,réparés,réparées,11,F,réparés,-10.898483,réparées,-11.354756,1
8547,P_NOUN_8_PASS_b,M,P,les raisins avec les boissons que j' aime beaucoup ne sont probablement pas retirés <eos>,13,retirés,retirées,11,F,retirés,-8.740547,retirées,-9.871636,1
8548,P_NOUN_8_PASS_b,M,P,les raisins avec les boissons que j' aime beaucoup ne sont probablement pas tombés <eos>,13,tombés,tombées,11,F,tombés,-7.325033,tombées,-9.758002,1
8549,P_NOUN_8_PASS_b,M,P,les raisins avec les boissons que j' aime beaucoup ne sont probablement pas utilisés <eos>,13,utilisés,utilisées,11,F,utilisés,-4.615334,utilisées,-6.6283336,1
8550,P_NOUN_8_PASS_b,M,P,les raisins avec les pommes que j' aime beaucoup ne sont probablement pas achetés <eos>,13,achetés,achetées,11,F,achetés,-7.5580654,achetées,-10.165379,1
8551,P_NOUN_8_PASS_b,M,P,les raisins avec les pommes que j' aime beaucoup ne sont probablement pas brisés <eos>,13,brisés,brisées,11,F,brisés,-11.3167,brisées,-11.197916,0
8552,P_NOUN_8_PASS_b,M,P,les raisins avec les pommes que j' aime beaucoup ne sont probablement pas cachés <eos>,13,cachés,cachées,11,F,cachés,-8.195194,cachées,-10.503257,1
8553,P_NOUN_8_PASS_b,M,P,les raisins avec les pommes que j' aime beaucoup ne sont probablement pas cassés <eos>,13,cassés,cassées,11,F,cassés,-8.735248,cassées,-10.610635,1
8554,P_NOUN_8_PASS_b,M,P,les raisins avec les pommes que j' aime beaucoup ne sont probablement pas couverts <eos>,13,couverts,couvertes,11,F,couverts,-6.3400674,couvertes,-9.23719,1
8555,P_NOUN_8_PASS_b,M,P,les raisins avec les pommes que j' aime beaucoup ne sont probablement pas déformés <eos>,13,déformés,déformées,11,F,déformés,-13.15629,déformées,-10.504486,0
8556,P_NOUN_8_PASS_b,M,P,les raisins avec les pommes que j' aime beaucoup ne sont probablement pas fixés <eos>,13,fixés,fixées,11,F,fixés,-8.295622,fixées,-10.373228,1
8557,P_NOUN_8_PASS_b,M,P,les raisins avec les pommes que j' aime beaucoup ne sont probablement pas jetés <eos>,13,jetés,jetées,11,F,jetés,-9.460226,jetées,-10.99219,1
8558,P_NOUN_8_PASS_b,M,P,les raisins avec les pommes que j' aime beaucoup ne sont probablement pas laissés <eos>,13,laissés,laissées,11,F,laissés,-7.558511,laissées,-8.931126,1
8559,P_NOUN_8_PASS_b,M,P,les raisins avec les pommes que j' aime beaucoup ne sont probablement pas ouverts <eos>,13,ouverts,ouvertes,11,F,ouverts,-8.285398,ouvertes,-9.936433,1
8560,P_NOUN_8_PASS_b,M,P,les raisins avec les pommes que j' aime beaucoup ne sont probablement pas perdus <eos>,13,perdus,perdues,11,F,perdus,-7.245411,perdues,-9.194189,1
8561,P_NOUN_8_PASS_b,M,P,les raisins avec les pommes que j' aime beaucoup ne sont probablement pas réparés <eos>,13,réparés,réparées,11,F,réparés,-10.987745,réparées,-11.64097,1
8562,P_NOUN_8_PASS_b,M,P,les raisins avec les pommes que j' aime beaucoup ne sont probablement pas retirés <eos>,13,retirés,retirées,11,F,retirés,-8.704286,retirées,-9.733619,1
8563,P_NOUN_8_PASS_b,M,P,les raisins avec les pommes que j' aime beaucoup ne sont probablement pas tombés <eos>,13,tombés,tombées,11,F,tombés,-6.85534,tombées,-8.914377,1
8564,P_NOUN_8_PASS_b,M,P,les raisins avec les pommes que j' aime beaucoup ne sont probablement pas utilisés <eos>,13,utilisés,utilisées,11,F,utilisés,-4.845685,utilisées,-6.572343,1
8565,P_NOUN_8_PASS_b,M,P,les raisins avec les tasses que j' aime beaucoup ne sont probablement pas achetés <eos>,13,achetés,achetées,11,F,achetés,-7.5376062,achetées,-10.855725,1
8566,P_NOUN_8_PASS_b,M,P,les raisins avec les tasses que j' aime beaucoup ne sont probablement pas brisés <eos>,13,brisés,brisées,11,F,brisés,-10.786163,brisées,-11.4446125,1
8567,P_NOUN_8_PASS_b,M,P,les raisins avec les tasses que j' aime beaucoup ne sont probablement pas cachés <eos>,13,cachés,cachées,11,F,cachés,-8.3654375,cachées,-11.281159,1
8568,P_NOUN_8_PASS_b,M,P,les raisins avec les tasses que j' aime beaucoup ne sont probablement pas cassés <eos>,13,cassés,cassées,11,F,cassés,-8.579356,cassées,-11.059438,1
8569,P_NOUN_8_PASS_b,M,P,les raisins avec les tasses que j' aime beaucoup ne sont probablement pas couverts <eos>,13,couverts,couvertes,11,F,couverts,-5.787938,couvertes,-10.029926,1
8570,P_NOUN_8_PASS_b,M,P,les raisins avec les tasses que j' aime beaucoup ne sont probablement pas déformés <eos>,13,déformés,déformées,11,F,déformés,-12.700816,déformées,-11.067586,0
8571,P_NOUN_8_PASS_b,M,P,les raisins avec les tasses que j' aime beaucoup ne sont probablement pas fixés <eos>,13,fixés,fixées,11,F,fixés,-8.260974,fixées,-10.9024935,1
8572,P_NOUN_8_PASS_b,M,P,les raisins avec les tasses que j' aime beaucoup ne sont probablement pas jetés <eos>,13,jetés,jetées,11,F,jetés,-9.029197,jetées,-12.497133,1
8573,P_NOUN_8_PASS_b,M,P,les raisins avec les tasses que j' aime beaucoup ne sont probablement pas laissés <eos>,13,laissés,laissées,11,F,laissés,-7.693767,laissées,-9.45623,1
8574,P_NOUN_8_PASS_b,M,P,les raisins avec les tasses que j' aime beaucoup ne sont probablement pas ouverts <eos>,13,ouverts,ouvertes,11,F,ouverts,-7.61845,ouvertes,-10.438866,1
8575,P_NOUN_8_PASS_b,M,P,les raisins avec les tasses que j' aime beaucoup ne sont probablement pas perdus <eos>,13,perdus,perdues,11,F,perdus,-6.7214713,perdues,-9.953922,1
8576,P_NOUN_8_PASS_b,M,P,les raisins avec les tasses que j' aime beaucoup ne sont probablement pas réparés <eos>,13,réparés,réparées,11,F,réparés,-11.000832,réparées,-11.599697,1
8577,P_NOUN_8_PASS_b,M,P,les raisins avec les tasses que j' aime beaucoup ne sont probablement pas retirés <eos>,13,retirés,retirées,11,F,retirés,-8.554691,retirées,-10.326342,1
8578,P_NOUN_8_PASS_b,M,P,les raisins avec les tasses que j' aime beaucoup ne sont probablement pas tombés <eos>,13,tombés,tombées,11,F,tombés,-7.0556993,tombées,-9.934703,1
8579,P_NOUN_8_PASS_b,M,P,les raisins avec les tasses que j' aime beaucoup ne sont probablement pas utilisés <eos>,13,utilisés,utilisées,11,F,utilisés,-4.9383087,utilisées,-7.570285,1
8580,P_NOUN_8_PASS_b,M,P,les raisins avec les bougies que j' aime beaucoup ne sont probablement pas achetés <eos>,13,achetés,achetées,11,F,achetés,-7.9178367,achetées,-11.532328,1
8581,P_NOUN_8_PASS_b,M,P,les raisins avec les bougies que j' aime beaucoup ne sont probablement pas brisés <eos>,13,brisés,brisées,11,F,brisés,-10.618412,brisées,-11.691391,1
8582,P_NOUN_8_PASS_b,M,P,les raisins avec les bougies que j' aime beaucoup ne sont probablement pas cachés <eos>,13,cachés,cachées,11,F,cachés,-7.8072033,cachées,-11.369456,1
8583,P_NOUN_8_PASS_b,M,P,les raisins avec les bougies que j' aime beaucoup ne sont probablement pas cassés <eos>,13,cassés,cassées,11,F,cassés,-8.581458,cassées,-10.718897,1
8584,P_NOUN_8_PASS_b,M,P,les raisins avec les bougies que j' aime beaucoup ne sont probablement pas couverts <eos>,13,couverts,couvertes,11,F,couverts,-6.5040565,couvertes,-10.803896,1
8585,P_NOUN_8_PASS_b,M,P,les raisins avec les bougies que j' aime beaucoup ne sont probablement pas déformés <eos>,13,déformés,déformées,11,F,déformés,-12.025135,déformées,-11.184259,0
8586,P_NOUN_8_PASS_b,M,P,les raisins avec les bougies que j' aime beaucoup ne sont probablement pas fixés <eos>,13,fixés,fixées,11,F,fixés,-8.0668955,fixées,-11.027818,1
8587,P_NOUN_8_PASS_b,M,P,les raisins avec les bougies que j' aime beaucoup ne sont probablement pas jetés <eos>,13,jetés,jetées,11,F,jetés,-8.288965,jetées,-11.818096,1
8588,P_NOUN_8_PASS_b,M,P,les raisins avec les bougies que j' aime beaucoup ne sont probablement pas laissés <eos>,13,laissés,laissées,11,F,laissés,-7.768493,laissées,-10.68079,1
8589,P_NOUN_8_PASS_b,M,P,les raisins avec les bougies que j' aime beaucoup ne sont probablement pas ouverts <eos>,13,ouverts,ouvertes,11,F,ouverts,-7.9937773,ouvertes,-11.2835655,1
8590,P_NOUN_8_PASS_b,M,P,les raisins avec les bougies que j' aime beaucoup ne sont probablement pas perdus <eos>,13,perdus,perdues,11,F,perdus,-7.076235,perdues,-10.67673,1
8591,P_NOUN_8_PASS_b,M,P,les raisins avec les bougies que j' aime beaucoup ne sont probablement pas réparés <eos>,13,réparés,réparées,11,F,réparés,-10.864203,réparées,-11.767137,1
8592,P_NOUN_8_PASS_b,M,P,les raisins avec les bougies que j' aime beaucoup ne sont probablement pas retirés <eos>,13,retirés,retirées,11,F,retirés,-8.589546,retirées,-10.510386,1
8593,P_NOUN_8_PASS_b,M,P,les raisins avec les bougies que j' aime beaucoup ne sont probablement pas tombés <eos>,13,tombés,tombées,11,F,tombés,-6.2730007,tombées,-10.055194,1
8594,P_NOUN_8_PASS_b,M,P,les raisins avec les bougies que j' aime beaucoup ne sont probablement pas utilisés <eos>,13,utilisés,utilisées,11,F,utilisés,-4.89566,utilisées,-8.182634,1
8595,P_NOUN_8_PASS_b,M,P,les raisins avec les pochettes que j' aime beaucoup ne sont probablement pas achetés <eos>,13,achetés,achetées,11,F,achetés,-7.5413923,achetées,-9.829287,1
8596,P_NOUN_8_PASS_b,M,P,les raisins avec les pochettes que j' aime beaucoup ne sont probablement pas brisés <eos>,13,brisés,brisées,11,F,brisés,-11.16654,brisées,-11.52186,1
8597,P_NOUN_8_PASS_b,M,P,les raisins avec les pochettes que j' aime beaucoup ne sont probablement pas cachés <eos>,13,cachés,cachées,11,F,cachés,-8.5050335,cachées,-10.778212,1
8598,P_NOUN_8_PASS_b,M,P,les raisins avec les pochettes que j' aime beaucoup ne sont probablement pas cassés <eos>,13,cassés,cassées,11,F,cassés,-9.140297,cassées,-11.012422,1
8599,P_NOUN_8_PASS_b,M,P,les raisins avec les pochettes que j' aime beaucoup ne sont probablement pas couverts <eos>,13,couverts,couvertes,11,F,couverts,-6.952234,couvertes,-9.865683,1
8600,P_NOUN_8_PASS_b,M,P,les raisins avec les pochettes que j' aime beaucoup ne sont probablement pas déformés <eos>,13,déformés,déformées,11,F,déformés,-12.762132,déformées,-10.503789,0
8601,P_NOUN_8_PASS_b,M,P,les raisins avec les pochettes que j' aime beaucoup ne sont probablement pas fixés <eos>,13,fixés,fixées,11,F,fixés,-8.692167,fixées,-10.766554,1
8602,P_NOUN_8_PASS_b,M,P,les raisins avec les pochettes que j' aime beaucoup ne sont probablement pas jetés <eos>,13,jetés,jetées,11,F,jetés,-9.273437,jetées,-12.801029,1
8603,P_NOUN_8_PASS_b,M,P,les raisins avec les pochettes que j' aime beaucoup ne sont probablement pas laissés <eos>,13,laissés,laissées,11,F,laissés,-8.216583,laissées,-8.800311,1
8604,P_NOUN_8_PASS_b,M,P,les raisins avec les pochettes que j' aime beaucoup ne sont probablement pas ouverts <eos>,13,ouverts,ouvertes,11,F,ouverts,-7.4714165,ouvertes,-9.4786825,1
8605,P_NOUN_8_PASS_b,M,P,les raisins avec les pochettes que j' aime beaucoup ne sont probablement pas perdus <eos>,13,perdus,perdues,11,F,perdus,-7.0488377,perdues,-9.756272,1
8606,P_NOUN_8_PASS_b,M,P,les raisins avec les pochettes que j' aime beaucoup ne sont probablement pas réparés <eos>,13,réparés,réparées,11,F,réparés,-11.512901,réparées,-11.006266,0
8607,P_NOUN_8_PASS_b,M,P,les raisins avec les pochettes que j' aime beaucoup ne sont probablement pas retirés <eos>,13,retirés,retirées,11,F,retirés,-9.037313,retirées,-9.941374,1
8608,P_NOUN_8_PASS_b,M,P,les raisins avec les pochettes que j' aime beaucoup ne sont probablement pas tombés <eos>,13,tombés,tombées,11,F,tombés,-8.305915,tombées,-10.481945,1
8609,P_NOUN_8_PASS_b,M,P,les raisins avec les pochettes que j' aime beaucoup ne sont probablement pas utilisés <eos>,13,utilisés,utilisées,11,F,utilisés,-5.398913,utilisées,-7.462935,1
8610,P_NOUN_8_PASS_b,M,P,les raisins avec les bananes que j' aime beaucoup ne sont probablement pas achetés <eos>,13,achetés,achetées,11,F,achetés,-7.5761576,achetées,-12.035096,1
8611,P_NOUN_8_PASS_b,M,P,les raisins avec les bananes que j' aime beaucoup ne sont probablement pas brisés <eos>,13,brisés,brisées,11,F,brisés,-11.135776,brisées,-12.293789,1
8612,P_NOUN_8_PASS_b,M,P,les raisins avec les bananes que j' aime beaucoup ne sont probablement pas cachés <eos>,13,cachés,cachées,11,F,cachés,-8.474371,cachées,-12.160706,1
8613,P_NOUN_8_PASS_b,M,P,les raisins avec les bananes que j' aime beaucoup ne sont probablement pas cassés <eos>,13,cassés,cassées,11,F,cassés,-8.946547,cassées,-11.519013,1
8614,P_NOUN_8_PASS_b,M,P,les raisins avec les bananes que j' aime beaucoup ne sont probablement pas couverts <eos>,13,couverts,couvertes,11,F,couverts,-6.3827367,couvertes,-10.784352,1
8615,P_NOUN_8_PASS_b,M,P,les raisins avec les bananes que j' aime beaucoup ne sont probablement pas déformés <eos>,13,déformés,déformées,11,F,déformés,-12.682953,déformées,-11.716308,0
8616,P_NOUN_8_PASS_b,M,P,les raisins avec les bananes que j' aime beaucoup ne sont probablement pas fixés <eos>,13,fixés,fixées,11,F,fixés,-8.148049,fixées,-11.815234,1
8617,P_NOUN_8_PASS_b,M,P,les raisins avec les bananes que j' aime beaucoup ne sont probablement pas jetés <eos>,13,jetés,jetées,11,F,jetés,-9.54122,jetées,-12.388697,1
8618,P_NOUN_8_PASS_b,M,P,les raisins avec les bananes que j' aime beaucoup ne sont probablement pas laissés <eos>,13,laissés,laissées,11,F,laissés,-7.5340405,laissées,-10.452546,1
8619,P_NOUN_8_PASS_b,M,P,les raisins avec les bananes que j' aime beaucoup ne sont probablement pas ouverts <eos>,13,ouverts,ouvertes,11,F,ouverts,-7.9532185,ouvertes,-11.613623,1
8620,P_NOUN_8_PASS_b,M,P,les raisins avec les bananes que j' aime beaucoup ne sont probablement pas perdus <eos>,13,perdus,perdues,11,F,perdus,-7.140068,perdues,-11.045649,1
8621,P_NOUN_8_PASS_b,M,P,les raisins avec les bananes que j' aime beaucoup ne sont probablement pas réparés <eos>,13,réparés,réparées,11,F,réparés,-10.882304,réparées,-12.783435,1
8622,P_NOUN_8_PASS_b,M,P,les raisins avec les bananes que j' aime beaucoup ne sont probablement pas retirés <eos>,13,retirés,retirées,11,F,retirés,-8.8938055,retirées,-11.457049,1
8623,P_NOUN_8_PASS_b,M,P,les raisins avec les bananes que j' aime beaucoup ne sont probablement pas tombés <eos>,13,tombés,tombées,11,F,tombés,-7.0691776,tombées,-10.5471,1
8624,P_NOUN_8_PASS_b,M,P,les raisins avec les bananes que j' aime beaucoup ne sont probablement pas utilisés <eos>,13,utilisés,utilisées,11,F,utilisés,-4.871561,utilisées,-8.245793,1
8625,P_NOUN_8_PASS_b,M,P,les raisins avec les robes que j' aime beaucoup ne sont probablement pas achetés <eos>,13,achetés,achetées,11,F,achetés,-7.913019,achetées,-11.769919,1
8626,P_NOUN_8_PASS_b,M,P,les raisins avec les robes que j' aime beaucoup ne sont probablement pas brisés <eos>,13,brisés,brisées,11,F,brisés,-11.262268,brisées,-12.071411,1
8627,P_NOUN_8_PASS_b,M,P,les raisins avec les robes que j' aime beaucoup ne sont probablement pas cachés <eos>,13,cachés,cachées,11,F,cachés,-8.200818,cachées,-11.364072,1
8628,P_NOUN_8_PASS_b,M,P,les raisins avec les robes que j' aime beaucoup ne sont probablement pas cassés <eos>,13,cassés,cassées,11,F,cassés,-8.955597,cassées,-10.9404,1
8629,P_NOUN_8_PASS_b,M,P,les raisins avec les robes que j' aime beaucoup ne sont probablement pas couverts <eos>,13,couverts,couvertes,11,F,couverts,-6.3567147,couvertes,-10.422486,1
8630,P_NOUN_8_PASS_b,M,P,les raisins avec les robes que j' aime beaucoup ne sont probablement pas déformés <eos>,13,déformés,déformées,11,F,déformés,-12.375044,déformées,-11.147669,0
8631,P_NOUN_8_PASS_b,M,P,les raisins avec les robes que j' aime beaucoup ne sont probablement pas fixés <eos>,13,fixés,fixées,11,F,fixés,-8.549148,fixées,-11.121647,1
8632,P_NOUN_8_PASS_b,M,P,les raisins avec les robes que j' aime beaucoup ne sont probablement pas jetés <eos>,13,jetés,jetées,11,F,jetés,-9.25531,jetées,-12.47767,1
8633,P_NOUN_8_PASS_b,M,P,les raisins avec les robes que j' aime beaucoup ne sont probablement pas laissés <eos>,13,laissés,laissées,11,F,laissés,-8.208253,laissées,-10.406409,1
8634,P_NOUN_8_PASS_b,M,P,les raisins avec les robes que j' aime beaucoup ne sont probablement pas ouverts <eos>,13,ouverts,ouvertes,11,F,ouverts,-8.020742,ouvertes,-10.956564,1
8635,P_NOUN_8_PASS_b,M,P,les raisins avec les robes que j' aime beaucoup ne sont probablement pas perdus <eos>,13,perdus,perdues,11,F,perdus,-7.931642,perdues,-10.948858,1
8636,P_NOUN_8_PASS_b,M,P,les raisins avec les robes que j' aime beaucoup ne sont probablement pas réparés <eos>,13,réparés,réparées,11,F,réparés,-11.18458,réparées,-12.235942,1
8637,P_NOUN_8_PASS_b,M,P,les raisins avec les robes que j' aime beaucoup ne sont probablement pas retirés <eos>,13,retirés,retirées,11,F,retirés,-8.953721,retirées,-10.944097,1
8638,P_NOUN_8_PASS_b,M,P,les raisins avec les robes que j' aime beaucoup ne sont probablement pas tombés <eos>,13,tombés,tombées,11,F,tombés,-6.9988623,tombées,-10.385602,1
8639,P_NOUN_8_PASS_b,M,P,les raisins avec les robes que j' aime beaucoup ne sont probablement pas utilisés <eos>,13,utilisés,utilisées,11,F,utilisés,-4.80824,utilisées,-7.791703,1
8640,P_NOUN_8_PASS_b,M,P,les raisins avec les valises que j' aime beaucoup ne sont probablement pas achetés <eos>,13,achetés,achetées,11,F,achetés,-7.660471,achetées,-11.412479,1
8641,P_NOUN_8_PASS_b,M,P,les raisins avec les valises que j' aime beaucoup ne sont probablement pas brisés <eos>,13,brisés,brisées,11,F,brisés,-10.887351,brisées,-11.620619,1
8642,P_NOUN_8_PASS_b,M,P,les raisins avec les valises que j' aime beaucoup ne sont probablement pas cachés <eos>,13,cachés,cachées,11,F,cachés,-7.9216733,cachées,-11.052816,1
8643,P_NOUN_8_PASS_b,M,P,les raisins avec les valises que j' aime beaucoup ne sont probablement pas cassés <eos>,13,cassés,cassées,11,F,cassés,-8.916396,cassées,-11.318781,1
8644,P_NOUN_8_PASS_b,M,P,les raisins avec les valises que j' aime beaucoup ne sont probablement pas couverts <eos>,13,couverts,couvertes,11,F,couverts,-6.1978517,couvertes,-10.204906,1
8645,P_NOUN_8_PASS_b,M,P,les raisins avec les valises que j' aime beaucoup ne sont probablement pas déformés <eos>,13,déformés,déformées,11,F,déformés,-12.763498,déformées,-11.389486,0
8646,P_NOUN_8_PASS_b,M,P,les raisins avec les valises que j' aime beaucoup ne sont probablement pas fixés <eos>,13,fixés,fixées,11,F,fixés,-8.098471,fixées,-10.974846,1
8647,P_NOUN_8_PASS_b,M,P,les raisins avec les valises que j' aime beaucoup ne sont probablement pas jetés <eos>,13,jetés,jetées,11,F,jetés,-8.823963,jetées,-12.135343,1
8648,P_NOUN_8_PASS_b,M,P,les raisins avec les valises que j' aime beaucoup ne sont probablement pas laissés <eos>,13,laissés,laissées,11,F,laissés,-7.694706,laissées,-9.774289,1
8649,P_NOUN_8_PASS_b,M,P,les raisins avec les valises que j' aime beaucoup ne sont probablement pas ouverts <eos>,13,ouverts,ouvertes,11,F,ouverts,-7.3885784,ouvertes,-10.399682,1
8650,P_NOUN_8_PASS_b,M,P,les raisins avec les valises que j' aime beaucoup ne sont probablement pas perdus <eos>,13,perdus,perdues,11,F,perdus,-6.9269958,perdues,-10.506121,1
8651,P_NOUN_8_PASS_b,M,P,les raisins avec les valises que j' aime beaucoup ne sont probablement pas réparés <eos>,13,réparés,réparées,11,F,réparés,-11.017783,réparées,-11.649329,1
8652,P_NOUN_8_PASS_b,M,P,les raisins avec les valises que j' aime beaucoup ne sont probablement pas retirés <eos>,13,retirés,retirées,11,F,retirés,-8.73102,retirées,-10.813816,1
8653,P_NOUN_8_PASS_b,M,P,les raisins avec les valises que j' aime beaucoup ne sont probablement pas tombés <eos>,13,tombés,tombées,11,F,tombés,-7.5541086,tombées,-10.571713,1
8654,P_NOUN_8_PASS_b,M,P,les raisins avec les valises que j' aime beaucoup ne sont probablement pas utilisés <eos>,13,utilisés,utilisées,11,F,utilisés,-5.135873,utilisées,-8.081115,1
8655,P_NOUN_8_PASS_b,M,P,les raisins avec les pendules que j' aime beaucoup ne sont probablement pas achetés <eos>,13,achetés,achetées,11,F,achetés,-7.449241,achetées,-11.2795315,1
8656,P_NOUN_8_PASS_b,M,P,les raisins avec les pendules que j' aime beaucoup ne sont probablement pas brisés <eos>,13,brisés,brisées,11,F,brisés,-10.453392,brisées,-11.134592,1
8657,P_NOUN_8_PASS_b,M,P,les raisins avec les pendules que j' aime beaucoup ne sont probablement pas cachés <eos>,13,cachés,cachées,11,F,cachés,-7.67651,cachées,-11.228503,1
8658,P_NOUN_8_PASS_b,M,P,les raisins avec les pendules que j' aime beaucoup ne sont probablement pas cassés <eos>,13,cassés,cassées,11,F,cassés,-8.340761,cassées,-10.360317,1
8659,P_NOUN_8_PASS_b,M,P,les raisins avec les pendules que j' aime beaucoup ne sont probablement pas couverts <eos>,13,couverts,couvertes,11,F,couverts,-6.649803,couvertes,-10.264239,1
8660,P_NOUN_8_PASS_b,M,P,les raisins avec les pendules que j' aime beaucoup ne sont probablement pas déformés <eos>,13,déformés,déformées,11,F,déformés,-12.1912775,déformées,-10.552379,0
8661,P_NOUN_8_PASS_b,M,P,les raisins avec les pendules que j' aime beaucoup ne sont probablement pas fixés <eos>,13,fixés,fixées,11,F,fixés,-7.920396,fixées,-10.446126,1
8662,P_NOUN_8_PASS_b,M,P,les raisins avec les pendules que j' aime beaucoup ne sont probablement pas jetés <eos>,13,jetés,jetées,11,F,jetés,-8.322046,jetées,-11.815928,1
8663,P_NOUN_8_PASS_b,M,P,les raisins avec les pendules que j' aime beaucoup ne sont probablement pas laissés <eos>,13,laissés,laissées,11,F,laissés,-7.9462233,laissées,-9.884241,1
8664,P_NOUN_8_PASS_b,M,P,les raisins avec les pendules que j' aime beaucoup ne sont probablement pas ouverts <eos>,13,ouverts,ouvertes,11,F,ouverts,-8.046203,ouvertes,-10.735052,1
8665,P_NOUN_8_PASS_b,M,P,les raisins avec les pendules que j' aime beaucoup ne sont probablement pas perdus <eos>,13,perdus,perdues,11,F,perdus,-7.099004,perdues,-10.395751,1
8666,P_NOUN_8_PASS_b,M,P,les raisins avec les pendules que j' aime beaucoup ne sont probablement pas réparés <eos>,13,réparés,réparées,11,F,réparés,-11.016542,réparées,-11.414209,1
8667,P_NOUN_8_PASS_b,M,P,les raisins avec les pendules que j' aime beaucoup ne sont probablement pas retirés <eos>,13,retirés,retirées,11,F,retirés,-8.320332,retirées,-9.712601,1
8668,P_NOUN_8_PASS_b,M,P,les raisins avec les pendules que j' aime beaucoup ne sont probablement pas tombés <eos>,13,tombés,tombées,11,F,tombés,-7.530416,tombées,-10.010364,1
8669,P_NOUN_8_PASS_b,M,P,les raisins avec les pendules que j' aime beaucoup ne sont probablement pas utilisés <eos>,13,utilisés,utilisées,11,F,utilisés,-4.317692,utilisées,-7.2802067,1
8670,P_NOUN_8_PASS_b,M,P,les raisins avec les cloches que j' aime beaucoup ne sont probablement pas achetés <eos>,13,achetés,achetées,11,F,achetés,-8.214709,achetées,-11.924468,1
8671,P_NOUN_8_PASS_b,M,P,les raisins avec les cloches que j' aime beaucoup ne sont probablement pas brisés <eos>,13,brisés,brisées,11,F,brisés,-10.472809,brisées,-11.855331,1
8672,P_NOUN_8_PASS_b,M,P,les raisins avec les cloches que j' aime beaucoup ne sont probablement pas cachés <eos>,13,cachés,cachées,11,F,cachés,-7.5988655,cachées,-11.194776,1
8673,P_NOUN_8_PASS_b,M,P,les raisins avec les cloches que j' aime beaucoup ne sont probablement pas cassés <eos>,13,cassés,cassées,11,F,cassés,-8.471543,cassées,-11.214891,1
8674,P_NOUN_8_PASS_b,M,P,les raisins avec les cloches que j' aime beaucoup ne sont probablement pas couverts <eos>,13,couverts,couvertes,11,F,couverts,-6.082449,couvertes,-10.623682,1
8675,P_NOUN_8_PASS_b,M,P,les raisins avec les cloches que j' aime beaucoup ne sont probablement pas déformés <eos>,13,déformés,déformées,11,F,déformés,-12.6541395,déformées,-11.852476,0
8676,P_NOUN_8_PASS_b,M,P,les raisins avec les cloches que j' aime beaucoup ne sont probablement pas fixés <eos>,13,fixés,fixées,11,F,fixés,-8.254358,fixées,-11.15811,1
8677,P_NOUN_8_PASS_b,M,P,les raisins avec les cloches que j' aime beaucoup ne sont probablement pas jetés <eos>,13,jetés,jetées,11,F,jetés,-8.202251,jetées,-11.963764,1
8678,P_NOUN_8_PASS_b,M,P,les raisins avec les cloches que j' aime beaucoup ne sont probablement pas laissés <eos>,13,laissés,laissées,11,F,laissés,-7.4393096,laissées,-10.708843,1
8679,P_NOUN_8_PASS_b,M,P,les raisins avec les cloches que j' aime beaucoup ne sont probablement pas ouverts <eos>,13,ouverts,ouvertes,11,F,ouverts,-8.081015,ouvertes,-10.991654,1
8680,P_NOUN_8_PASS_b,M,P,les raisins avec les cloches que j' aime beaucoup ne sont probablement pas perdus <eos>,13,perdus,perdues,11,F,perdus,-6.945661,perdues,-10.233568,1
8681,P_NOUN_8_PASS_b,M,P,les raisins avec les cloches que j' aime beaucoup ne sont probablement pas réparés <eos>,13,réparés,réparées,11,F,réparés,-10.524949,réparées,-11.690213,1
8682,P_NOUN_8_PASS_b,M,P,les raisins avec les cloches que j' aime beaucoup ne sont probablement pas retirés <eos>,13,retirés,retirées,11,F,retirés,-8.523575,retirées,-10.491788,1
8683,P_NOUN_8_PASS_b,M,P,les raisins avec les cloches que j' aime beaucoup ne sont probablement pas tombés <eos>,13,tombés,tombées,11,F,tombés,-6.103773,tombées,-9.965679,1
8684,P_NOUN_8_PASS_b,M,P,les raisins avec les cloches que j' aime beaucoup ne sont probablement pas utilisés <eos>,13,utilisés,utilisées,11,F,utilisés,-5.0575523,utilisées,-8.416417,1
8685,P_NOUN_8_PASS_b,M,P,les raisins avec les cerises que j' aime beaucoup ne sont probablement pas achetés <eos>,13,achetés,achetées,11,F,achetés,-7.5468116,achetées,-11.859792,1
8686,P_NOUN_8_PASS_b,M,P,les raisins avec les cerises que j' aime beaucoup ne sont probablement pas brisés <eos>,13,brisés,brisées,11,F,brisés,-11.00503,brisées,-12.360166,1
8687,P_NOUN_8_PASS_b,M,P,les raisins avec les cerises que j' aime beaucoup ne sont probablement pas cachés <eos>,13,cachés,cachées,11,F,cachés,-8.380676,cachées,-12.088239,1
8688,P_NOUN_8_PASS_b,M,P,les raisins avec les cerises que j' aime beaucoup ne sont probablement pas cassés <eos>,13,cassés,cassées,11,F,cassés,-8.999244,cassées,-11.387321,1
8689,P_NOUN_8_PASS_b,M,P,les raisins avec les cerises que j' aime beaucoup ne sont probablement pas couverts <eos>,13,couverts,couvertes,11,F,couverts,-6.091269,couvertes,-10.952042,1
8690,P_NOUN_8_PASS_b,M,P,les raisins avec les cerises que j' aime beaucoup ne sont probablement pas déformés <eos>,13,déformés,déformées,11,F,déformés,-12.708492,déformées,-11.9287195,0
8691,P_NOUN_8_PASS_b,M,P,les raisins avec les cerises que j' aime beaucoup ne sont probablement pas fixés <eos>,13,fixés,fixées,11,F,fixés,-8.158535,fixées,-11.678917,1
8692,P_NOUN_8_PASS_b,M,P,les raisins avec les cerises que j' aime beaucoup ne sont probablement pas jetés <eos>,13,jetés,jetées,11,F,jetés,-9.086997,jetées,-12.587316,1
8693,P_NOUN_8_PASS_b,M,P,les raisins avec les cerises que j' aime beaucoup ne sont probablement pas laissés <eos>,13,laissés,laissées,11,F,laissés,-7.495629,laissées,-10.658787,1
8694,P_NOUN_8_PASS_b,M,P,les raisins avec les cerises que j' aime beaucoup ne sont probablement pas ouverts <eos>,13,ouverts,ouvertes,11,F,ouverts,-7.9520226,ouvertes,-11.450921,1
8695,P_NOUN_8_PASS_b,M,P,les raisins avec les cerises que j' aime beaucoup ne sont probablement pas perdus <eos>,13,perdus,perdues,11,F,perdus,-7.360829,perdues,-10.973382,1
8696,P_NOUN_8_PASS_b,M,P,les raisins avec les cerises que j' aime beaucoup ne sont probablement pas réparés <eos>,13,réparés,réparées,11,F,réparés,-10.852112,réparées,-12.606038,1
8697,P_NOUN_8_PASS_b,M,P,les raisins avec les cerises que j' aime beaucoup ne sont probablement pas retirés <eos>,13,retirés,retirées,11,F,retirés,-8.75089,retirées,-11.363973,1
8698,P_NOUN_8_PASS_b,M,P,les raisins avec les cerises que j' aime beaucoup ne sont probablement pas tombés <eos>,13,tombés,tombées,11,F,tombés,-6.729736,tombées,-10.369762,1
8699,P_NOUN_8_PASS_b,M,P,les raisins avec les cerises que j' aime beaucoup ne sont probablement pas utilisés <eos>,13,utilisés,utilisées,11,F,utilisés,-5.066392,utilisées,-8.418859,1
8700,P_NOUN_8_PASS_b,M,P,les chargeurs avec les gemmes que j' aime beaucoup ne sont probablement pas achetés <eos>,13,achetés,achetées,11,F,achetés,-9.323903,achetées,-12.864151,1
8701,P_NOUN_8_PASS_b,M,P,les chargeurs avec les gemmes que j' aime beaucoup ne sont probablement pas brisés <eos>,13,brisés,brisées,11,F,brisés,-11.056238,brisées,-11.914892,1
8702,P_NOUN_8_PASS_b,M,P,les chargeurs avec les gemmes que j' aime beaucoup ne sont probablement pas cachés <eos>,13,cachés,cachées,11,F,cachés,-6.856103,cachées,-11.023575,1
8703,P_NOUN_8_PASS_b,M,P,les chargeurs avec les gemmes que j' aime beaucoup ne sont probablement pas cassés <eos>,13,cassés,cassées,11,F,cassés,-9.856964,cassées,-11.678331,1
8704,P_NOUN_8_PASS_b,M,P,les chargeurs avec les gemmes que j' aime beaucoup ne sont probablement pas couverts <eos>,13,couverts,couvertes,11,F,couverts,-7.472519,couvertes,-11.062159,1
8705,P_NOUN_8_PASS_b,M,P,les chargeurs avec les gemmes que j' aime beaucoup ne sont probablement pas déformés <eos>,13,déformés,déformées,11,F,déformés,-11.98772,déformées,-11.1938305,0
8706,P_NOUN_8_PASS_b,M,P,les chargeurs avec les gemmes que j' aime beaucoup ne sont probablement pas fixés <eos>,13,fixés,fixées,11,F,fixés,-7.490666,fixées,-10.270889,1
8707,P_NOUN_8_PASS_b,M,P,les chargeurs avec les gemmes que j' aime beaucoup ne sont probablement pas jetés <eos>,13,jetés,jetées,11,F,jetés,-8.265026,jetées,-11.778884,1
8708,P_NOUN_8_PASS_b,M,P,les chargeurs avec les gemmes que j' aime beaucoup ne sont probablement pas laissés <eos>,13,laissés,laissées,11,F,laissés,-8.272815,laissées,-11.383704,1
8709,P_NOUN_8_PASS_b,M,P,les chargeurs avec les gemmes que j' aime beaucoup ne sont probablement pas ouverts <eos>,13,ouverts,ouvertes,11,F,ouverts,-8.200355,ouvertes,-12.064025,1
8710,P_NOUN_8_PASS_b,M,P,les chargeurs avec les gemmes que j' aime beaucoup ne sont probablement pas perdus <eos>,13,perdus,perdues,11,F,perdus,-6.705793,perdues,-9.85329,1
8711,P_NOUN_8_PASS_b,M,P,les chargeurs avec les gemmes que j' aime beaucoup ne sont probablement pas réparés <eos>,13,réparés,réparées,11,F,réparés,-10.025246,réparées,-12.013391,1
8712,P_NOUN_8_PASS_b,M,P,les chargeurs avec les gemmes que j' aime beaucoup ne sont probablement pas retirés <eos>,13,retirés,retirées,11,F,retirés,-7.4075165,retirées,-10.237918,1
8713,P_NOUN_8_PASS_b,M,P,les chargeurs avec les gemmes que j' aime beaucoup ne sont probablement pas tombés <eos>,13,tombés,tombées,11,F,tombés,-6.6762104,tombées,-10.73369,1
8714,P_NOUN_8_PASS_b,M,P,les chargeurs avec les gemmes que j' aime beaucoup ne sont probablement pas utilisés <eos>,13,utilisés,utilisées,11,F,utilisés,-3.9312825,utilisées,-7.4240174,1
8715,P_NOUN_8_PASS_b,M,P,les chargeurs avec les chaises que j' aime beaucoup ne sont probablement pas achetés <eos>,13,achetés,achetées,11,F,achetés,-9.64698,achetées,-13.047739,1
8716,P_NOUN_8_PASS_b,M,P,les chargeurs avec les chaises que j' aime beaucoup ne sont probablement pas brisés <eos>,13,brisés,brisées,11,F,brisés,-10.795337,brisées,-11.560222,1
8717,P_NOUN_8_PASS_b,M,P,les chargeurs avec les chaises que j' aime beaucoup ne sont probablement pas cachés <eos>,13,cachés,cachées,11,F,cachés,-7.6750164,cachées,-10.815525,1
8718,P_NOUN_8_PASS_b,M,P,les chargeurs avec les chaises que j' aime beaucoup ne sont probablement pas cassés <eos>,13,cassés,cassées,11,F,cassés,-10.286016,cassées,-11.1538315,1
8719,P_NOUN_8_PASS_b,M,P,les chargeurs avec les chaises que j' aime beaucoup ne sont probablement pas couverts <eos>,13,couverts,couvertes,11,F,couverts,-6.5613503,couvertes,-10.002644,1
8720,P_NOUN_8_PASS_b,M,P,les chargeurs avec les chaises que j' aime beaucoup ne sont probablement pas déformés <eos>,13,déformés,déformées,11,F,déformés,-12.279791,déformées,-11.410175,0
8721,P_NOUN_8_PASS_b,M,P,les chargeurs avec les chaises que j' aime beaucoup ne sont probablement pas fixés <eos>,13,fixés,fixées,11,F,fixés,-7.5973206,fixées,-9.829488,1
8722,P_NOUN_8_PASS_b,M,P,les chargeurs avec les chaises que j' aime beaucoup ne sont probablement pas jetés <eos>,13,jetés,jetées,11,F,jetés,-8.278826,jetées,-11.795,1
8723,P_NOUN_8_PASS_b,M,P,les chargeurs avec les chaises que j' aime beaucoup ne sont probablement pas laissés <eos>,13,laissés,laissées,11,F,laissés,-8.313965,laissées,-10.721749,1
8724,P_NOUN_8_PASS_b,M,P,les chargeurs avec les chaises que j' aime beaucoup ne sont probablement pas ouverts <eos>,13,ouverts,ouvertes,11,F,ouverts,-6.932905,ouvertes,-10.527839,1
8725,P_NOUN_8_PASS_b,M,P,les chargeurs avec les chaises que j' aime beaucoup ne sont probablement pas perdus <eos>,13,perdus,perdues,11,F,perdus,-6.9940443,perdues,-10.136046,1
8726,P_NOUN_8_PASS_b,M,P,les chargeurs avec les chaises que j' aime beaucoup ne sont probablement pas réparés <eos>,13,réparés,réparées,11,F,réparés,-9.952276,réparées,-11.380497,1
8727,P_NOUN_8_PASS_b,M,P,les chargeurs avec les chaises que j' aime beaucoup ne sont probablement pas retirés <eos>,13,retirés,retirées,11,F,retirés,-7.90325,retirées,-10.169479,1
8728,P_NOUN_8_PASS_b,M,P,les chargeurs avec les chaises que j' aime beaucoup ne sont probablement pas tombés <eos>,13,tombés,tombées,11,F,tombés,-7.203026,tombées,-11.070104,1
8729,P_NOUN_8_PASS_b,M,P,les chargeurs avec les chaises que j' aime beaucoup ne sont probablement pas utilisés <eos>,13,utilisés,utilisées,11,F,utilisés,-4.377531,utilisées,-7.6634502,1
8730,P_NOUN_8_PASS_b,M,P,les chargeurs avec les poubelles que j' aime beaucoup ne sont probablement pas achetés <eos>,13,achetés,achetées,11,F,achetés,-9.36771,achetées,-13.044219,1
8731,P_NOUN_8_PASS_b,M,P,les chargeurs avec les poubelles que j' aime beaucoup ne sont probablement pas brisés <eos>,13,brisés,brisées,11,F,brisés,-11.028454,brisées,-12.032129,1
8732,P_NOUN_8_PASS_b,M,P,les chargeurs avec les poubelles que j' aime beaucoup ne sont probablement pas cachés <eos>,13,cachés,cachées,11,F,cachés,-7.495347,cachées,-11.302124,1
8733,P_NOUN_8_PASS_b,M,P,les chargeurs avec les poubelles que j' aime beaucoup ne sont probablement pas cassés <eos>,13,cassés,cassées,11,F,cassés,-10.249567,cassées,-11.664431,1
8734,P_NOUN_8_PASS_b,M,P,les chargeurs avec les poubelles que j' aime beaucoup ne sont probablement pas couverts <eos>,13,couverts,couvertes,11,F,couverts,-6.8142004,couvertes,-10.0900955,1
8735,P_NOUN_8_PASS_b,M,P,les chargeurs avec les poubelles que j' aime beaucoup ne sont probablement pas déformés <eos>,13,déformés,déformées,11,F,déformés,-12.530729,déformées,-11.789441,0
8736,P_NOUN_8_PASS_b,M,P,les chargeurs avec les poubelles que j' aime beaucoup ne sont probablement pas fixés <eos>,13,fixés,fixées,11,F,fixés,-7.444811,fixées,-10.142647,1
8737,P_NOUN_8_PASS_b,M,P,les chargeurs avec les poubelles que j' aime beaucoup ne sont probablement pas jetés <eos>,13,jetés,jetées,11,F,jetés,-8.15856,jetées,-11.771486,1
8738,P_NOUN_8_PASS_b,M,P,les chargeurs avec les poubelles que j' aime beaucoup ne sont probablement pas laissés <eos>,13,laissés,laissées,11,F,laissés,-8.369345,laissées,-11.064796,1
8739,P_NOUN_8_PASS_b,M,P,les chargeurs avec les poubelles que j' aime beaucoup ne sont probablement pas ouverts <eos>,13,ouverts,ouvertes,11,F,ouverts,-6.9199295,ouvertes,-10.776696,1
8740,P_NOUN_8_PASS_b,M,P,les chargeurs avec les poubelles que j' aime beaucoup ne sont probablement pas perdus <eos>,13,perdus,perdues,11,F,perdus,-6.9665456,perdues,-10.23525,1
8741,P_NOUN_8_PASS_b,M,P,les chargeurs avec les poubelles que j' aime beaucoup ne sont probablement pas réparés <eos>,13,réparés,réparées,11,F,réparés,-9.844165,réparées,-11.513047,1
8742,P_NOUN_8_PASS_b,M,P,les chargeurs avec les poubelles que j' aime beaucoup ne sont probablement pas retirés <eos>,13,retirés,retirées,11,F,retirés,-7.414118,retirées,-10.329111,1
8743,P_NOUN_8_PASS_b,M,P,les chargeurs avec les poubelles que j' aime beaucoup ne sont probablement pas tombés <eos>,13,tombés,tombées,11,F,tombés,-7.2013702,tombées,-11.551264,1
8744,P_NOUN_8_PASS_b,M,P,les chargeurs avec les poubelles que j' aime beaucoup ne sont probablement pas utilisés <eos>,13,utilisés,utilisées,11,F,utilisés,-4.13076,utilisées,-7.6077194,1
8745,P_NOUN_8_PASS_b,M,P,les chargeurs avec les chemises que j' aime beaucoup ne sont probablement pas achetés <eos>,13,achetés,achetées,11,F,achetés,-9.486913,achetées,-12.835595,1
8746,P_NOUN_8_PASS_b,M,P,les chargeurs avec les chemises que j' aime beaucoup ne sont probablement pas brisés <eos>,13,brisés,brisées,11,F,brisés,-10.929766,brisées,-11.626102,1
8747,P_NOUN_8_PASS_b,M,P,les chargeurs avec les chemises que j' aime beaucoup ne sont probablement pas cachés <eos>,13,cachés,cachées,11,F,cachés,-7.403131,cachées,-11.213377,1
8748,P_NOUN_8_PASS_b,M,P,les chargeurs avec les chemises que j' aime beaucoup ne sont probablement pas cassés <eos>,13,cassés,cassées,11,F,cassés,-10.050436,cassées,-10.476762,1
8749,P_NOUN_8_PASS_b,M,P,les chargeurs avec les chemises que j' aime beaucoup ne sont probablement pas couverts <eos>,13,couverts,couvertes,11,F,couverts,-7.3257527,couvertes,-10.415251,1
8750,P_NOUN_8_PASS_b,M,P,les chargeurs avec les chemises que j' aime beaucoup ne sont probablement pas déformés <eos>,13,déformés,déformées,11,F,déformés,-12.482758,déformées,-11.422032,0
8751,P_NOUN_8_PASS_b,M,P,les chargeurs avec les chemises que j' aime beaucoup ne sont probablement pas fixés <eos>,13,fixés,fixées,11,F,fixés,-7.607776,fixées,-9.5429,1
8752,P_NOUN_8_PASS_b,M,P,les chargeurs avec les chemises que j' aime beaucoup ne sont probablement pas jetés <eos>,13,jetés,jetées,11,F,jetés,-7.9798465,jetées,-10.873333,1
8753,P_NOUN_8_PASS_b,M,P,les chargeurs avec les chemises que j' aime beaucoup ne sont probablement pas laissés <eos>,13,laissés,laissées,11,F,laissés,-8.39822,laissées,-11.020763,1
8754,P_NOUN_8_PASS_b,M,P,les chargeurs avec les chemises que j' aime beaucoup ne sont probablement pas ouverts <eos>,13,ouverts,ouvertes,11,F,ouverts,-8.08721,ouvertes,-11.570639,1
8755,P_NOUN_8_PASS_b,M,P,les chargeurs avec les chemises que j' aime beaucoup ne sont probablement pas perdus <eos>,13,perdus,perdues,11,F,perdus,-7.204878,perdues,-9.953036,1
8756,P_NOUN_8_PASS_b,M,P,les chargeurs avec les chemises que j' aime beaucoup ne sont probablement pas réparés <eos>,13,réparés,réparées,11,F,réparés,-9.997711,réparées,-11.55405,1
8757,P_NOUN_8_PASS_b,M,P,les chargeurs avec les chemises que j' aime beaucoup ne sont probablement pas retirés <eos>,13,retirés,retirées,11,F,retirés,-7.2123556,retirées,-9.8149185,1
8758,P_NOUN_8_PASS_b,M,P,les chargeurs avec les chemises que j' aime beaucoup ne sont probablement pas tombés <eos>,13,tombés,tombées,11,F,tombés,-6.544447,tombées,-10.756066,1
8759,P_NOUN_8_PASS_b,M,P,les chargeurs avec les chemises que j' aime beaucoup ne sont probablement pas utilisés <eos>,13,utilisés,utilisées,11,F,utilisés,-3.8597991,utilisées,-7.0914354,1
8760,P_NOUN_8_PASS_b,M,P,les chargeurs avec les recettes que j' aime beaucoup ne sont probablement pas achetés <eos>,13,achetés,achetées,11,F,achetés,-9.030258,achetées,-12.56791,1
8761,P_NOUN_8_PASS_b,M,P,les chargeurs avec les recettes que j' aime beaucoup ne sont probablement pas brisés <eos>,13,brisés,brisées,11,F,brisés,-11.6275015,brisées,-12.418868,1
8762,P_NOUN_8_PASS_b,M,P,les chargeurs avec les recettes que j' aime beaucoup ne sont probablement pas cachés <eos>,13,cachés,cachées,11,F,cachés,-7.7200584,cachées,-12.189945,1
8763,P_NOUN_8_PASS_b,M,P,les chargeurs avec les recettes que j' aime beaucoup ne sont probablement pas cassés <eos>,13,cassés,cassées,11,F,cassés,-10.342756,cassées,-12.2909355,1
8764,P_NOUN_8_PASS_b,M,P,les chargeurs avec les recettes que j' aime beaucoup ne sont probablement pas couverts <eos>,13,couverts,couvertes,11,F,couverts,-7.1671104,couvertes,-10.693653,1
8765,P_NOUN_8_PASS_b,M,P,les chargeurs avec les recettes que j' aime beaucoup ne sont probablement pas déformés <eos>,13,déformés,déformées,11,F,déformés,-13.047092,déformées,-12.242807,0
8766,P_NOUN_8_PASS_b,M,P,les chargeurs avec les recettes que j' aime beaucoup ne sont probablement pas fixés <eos>,13,fixés,fixées,11,F,fixés,-6.981374,fixées,-10.172927,1
8767,P_NOUN_8_PASS_b,M,P,les chargeurs avec les recettes que j' aime beaucoup ne sont probablement pas jetés <eos>,13,jetés,jetées,11,F,jetés,-8.870711,jetées,-12.472381,1
8768,P_NOUN_8_PASS_b,M,P,les chargeurs avec les recettes que j' aime beaucoup ne sont probablement pas laissés <eos>,13,laissés,laissées,11,F,laissés,-8.915401,laissées,-11.288258,1
8769,P_NOUN_8_PASS_b,M,P,les chargeurs avec les recettes que j' aime beaucoup ne sont probablement pas ouverts <eos>,13,ouverts,ouvertes,11,F,ouverts,-7.94403,ouvertes,-11.753174,1
8770,P_NOUN_8_PASS_b,M,P,les chargeurs avec les recettes que j' aime beaucoup ne sont probablement pas perdus <eos>,13,perdus,perdues,11,F,perdus,-7.103862,perdues,-10.3708515,1
8771,P_NOUN_8_PASS_b,M,P,les chargeurs avec les recettes que j' aime beaucoup ne sont probablement pas réparés <eos>,13,réparés,réparées,11,F,réparés,-10.000534,réparées,-11.9955635,1
8772,P_NOUN_8_PASS_b,M,P,les chargeurs avec les recettes que j' aime beaucoup ne sont probablement pas retirés <eos>,13,retirés,retirées,11,F,retirés,-7.419999,retirées,-10.336283,1
8773,P_NOUN_8_PASS_b,M,P,les chargeurs avec les recettes que j' aime beaucoup ne sont probablement pas tombés <eos>,13,tombés,tombées,11,F,tombés,-7.4913216,tombées,-11.685121,1
8774,P_NOUN_8_PASS_b,M,P,les chargeurs avec les recettes que j' aime beaucoup ne sont probablement pas utilisés <eos>,13,utilisés,utilisées,11,F,utilisés,-4.019433,utilisées,-7.5268717,1
8775,P_NOUN_8_PASS_b,M,P,les chargeurs avec les jupes que j' aime beaucoup ne sont probablement pas achetés <eos>,13,achetés,achetées,11,F,achetés,-9.545416,achetées,-12.974949,1
8776,P_NOUN_8_PASS_b,M,P,les chargeurs avec les jupes que j' aime beaucoup ne sont probablement pas brisés <eos>,13,brisés,brisées,11,F,brisés,-11.108746,brisées,-11.972366,1
8777,P_NOUN_8_PASS_b,M,P,les chargeurs avec les jupes que j' aime beaucoup ne sont probablement pas cachés <eos>,13,cachés,cachées,11,F,cachés,-7.5425453,cachées,-11.568661,1
8778,P_NOUN_8_PASS_b,M,P,les chargeurs avec les jupes que j' aime beaucoup ne sont probablement pas cassés <eos>,13,cassés,cassées,11,F,cassés,-9.915295,cassées,-10.741944,1
8779,P_NOUN_8_PASS_b,M,P,les chargeurs avec les jupes que j' aime beaucoup ne sont probablement pas couverts <eos>,13,couverts,couvertes,11,F,couverts,-7.4439106,couvertes,-10.38224,1
8780,P_NOUN_8_PASS_b,M,P,les chargeurs avec les jupes que j' aime beaucoup ne sont probablement pas déformés <eos>,13,déformés,déformées,11,F,déformés,-12.518327,déformées,-11.576072,0
8781,P_NOUN_8_PASS_b,M,P,les chargeurs avec les jupes que j' aime beaucoup ne sont probablement pas fixés <eos>,13,fixés,fixées,11,F,fixés,-7.1890535,fixées,-9.736763,1
8782,P_NOUN_8_PASS_b,M,P,les chargeurs avec les jupes que j' aime beaucoup ne sont probablement pas jetés <eos>,13,jetés,jetées,11,F,jetés,-8.767545,jetées,-11.881045,1
8783,P_NOUN_8_PASS_b,M,P,les chargeurs avec les jupes que j' aime beaucoup ne sont probablement pas laissés <eos>,13,laissés,laissées,11,F,laissés,-9.00909,laissées,-11.459753,1
8784,P_NOUN_8_PASS_b,M,P,les chargeurs avec les jupes que j' aime beaucoup ne sont probablement pas ouverts <eos>,13,ouverts,ouvertes,11,F,ouverts,-7.425945,ouvertes,-11.282763,1
8785,P_NOUN_8_PASS_b,M,P,les chargeurs avec les jupes que j' aime beaucoup ne sont probablement pas perdus <eos>,13,perdus,perdues,11,F,perdus,-7.382095,perdues,-10.856825,1
8786,P_NOUN_8_PASS_b,M,P,les chargeurs avec les jupes que j' aime beaucoup ne sont probablement pas réparés <eos>,13,réparés,réparées,11,F,réparés,-10.192068,réparées,-11.8142605,1
8787,P_NOUN_8_PASS_b,M,P,les chargeurs avec les jupes que j' aime beaucoup ne sont probablement pas retirés <eos>,13,retirés,retirées,11,F,retirés,-7.6030445,retirées,-10.333353,1
8788,P_NOUN_8_PASS_b,M,P,les chargeurs avec les jupes que j' aime beaucoup ne sont probablement pas tombés <eos>,13,tombés,tombées,11,F,tombés,-7.3062143,tombées,-11.46224,1
8789,P_NOUN_8_PASS_b,M,P,les chargeurs avec les jupes que j' aime beaucoup ne sont probablement pas utilisés <eos>,13,utilisés,utilisées,11,F,utilisés,-3.922305,utilisées,-7.4428988,1
8790,P_NOUN_8_PASS_b,M,P,les chargeurs avec les colles que j' aime beaucoup ne sont probablement pas achetés <eos>,13,achetés,achetées,11,F,achetés,-9.695368,achetées,-12.8618145,1
8791,P_NOUN_8_PASS_b,M,P,les chargeurs avec les colles que j' aime beaucoup ne sont probablement pas brisés <eos>,13,brisés,brisées,11,F,brisés,-11.059061,brisées,-11.985821,1
8792,P_NOUN_8_PASS_b,M,P,les chargeurs avec les colles que j' aime beaucoup ne sont probablement pas cachés <eos>,13,cachés,cachées,11,F,cachés,-8.073514,cachées,-11.732412,1
8793,P_NOUN_8_PASS_b,M,P,les chargeurs avec les colles que j' aime beaucoup ne sont probablement pas cassés <eos>,13,cassés,cassées,11,F,cassés,-9.6154585,cassées,-11.141246,1
8794,P_NOUN_8_PASS_b,M,P,les chargeurs avec les colles que j' aime beaucoup ne sont probablement pas couverts <eos>,13,couverts,couvertes,11,F,couverts,-7.273987,couvertes,-10.387048,1
8795,P_NOUN_8_PASS_b,M,P,les chargeurs avec les colles que j' aime beaucoup ne sont probablement pas déformés <eos>,13,déformés,déformées,11,F,déformés,-12.437294,déformées,-10.998507,0
8796,P_NOUN_8_PASS_b,M,P,les chargeurs avec les colles que j' aime beaucoup ne sont probablement pas fixés <eos>,13,fixés,fixées,11,F,fixés,-7.697272,fixées,-10.124926,1
8797,P_NOUN_8_PASS_b,M,P,les chargeurs avec les colles que j' aime beaucoup ne sont probablement pas jetés <eos>,13,jetés,jetées,11,F,jetés,-8.763003,jetées,-12.088987,1
8798,P_NOUN_8_PASS_b,M,P,les chargeurs avec les colles que j' aime beaucoup ne sont probablement pas laissés <eos>,13,laissés,laissées,11,F,laissés,-8.690405,laissées,-10.498045,1
8799,P_NOUN_8_PASS_b,M,P,les chargeurs avec les colles que j' aime beaucoup ne sont probablement pas ouverts <eos>,13,ouverts,ouvertes,11,F,ouverts,-7.804721,ouvertes,-11.0813675,1
8800,P_NOUN_8_PASS_b,M,P,les chargeurs avec les colles que j' aime beaucoup ne sont probablement pas perdus <eos>,13,perdus,perdues,11,F,perdus,-7.0747247,perdues,-10.210999,1
8801,P_NOUN_8_PASS_b,M,P,les chargeurs avec les colles que j' aime beaucoup ne sont probablement pas réparés <eos>,13,réparés,réparées,11,F,réparés,-10.029058,réparées,-11.428616,1
8802,P_NOUN_8_PASS_b,M,P,les chargeurs avec les colles que j' aime beaucoup ne sont probablement pas retirés <eos>,13,retirés,retirées,11,F,retirés,-7.458967,retirées,-10.185918,1
8803,P_NOUN_8_PASS_b,M,P,les chargeurs avec les colles que j' aime beaucoup ne sont probablement pas tombés <eos>,13,tombés,tombées,11,F,tombés,-7.305983,tombées,-11.304247,1
8804,P_NOUN_8_PASS_b,M,P,les chargeurs avec les colles que j' aime beaucoup ne sont probablement pas utilisés <eos>,13,utilisés,utilisées,11,F,utilisés,-4.0041504,utilisées,-7.100813,1
8805,P_NOUN_8_PASS_b,M,P,les chargeurs avec les lampes que j' aime beaucoup ne sont probablement pas achetés <eos>,13,achetés,achetées,11,F,achetés,-9.334198,achetées,-13.114382,1
8806,P_NOUN_8_PASS_b,M,P,les chargeurs avec les lampes que j' aime beaucoup ne sont probablement pas brisés <eos>,13,brisés,brisées,11,F,brisés,-10.700253,brisées,-11.741495,1
8807,P_NOUN_8_PASS_b,M,P,les chargeurs avec les lampes que j' aime beaucoup ne sont probablement pas cachés <eos>,13,cachés,cachées,11,F,cachés,-7.2815294,cachées,-11.462295,1
8808,P_NOUN_8_PASS_b,M,P,les chargeurs avec les lampes que j' aime beaucoup ne sont probablement pas cassés <eos>,13,cassés,cassées,11,F,cassés,-10.080051,cassées,-11.251311,1
8809,P_NOUN_8_PASS_b,M,P,les chargeurs avec les lampes que j' aime beaucoup ne sont probablement pas couverts <eos>,13,couverts,couvertes,11,F,couverts,-7.3787355,couvertes,-10.784095,1
8810,P_NOUN_8_PASS_b,M,P,les chargeurs avec les lampes que j' aime beaucoup ne sont probablement pas déformés <eos>,13,déformés,déformées,11,F,déformés,-11.843302,déformées,-10.946094,0
8811,P_NOUN_8_PASS_b,M,P,les chargeurs avec les lampes que j' aime beaucoup ne sont probablement pas fixés <eos>,13,fixés,fixées,11,F,fixés,-7.157,fixées,-9.796146,1
8812,P_NOUN_8_PASS_b,M,P,les chargeurs avec les lampes que j' aime beaucoup ne sont probablement pas jetés <eos>,13,jetés,jetées,11,F,jetés,-8.148655,jetées,-11.811325,1
8813,P_NOUN_8_PASS_b,M,P,les chargeurs avec les lampes que j' aime beaucoup ne sont probablement pas laissés <eos>,13,laissés,laissées,11,F,laissés,-8.78602,laissées,-11.466618,1
8814,P_NOUN_8_PASS_b,M,P,les chargeurs avec les lampes que j' aime beaucoup ne sont probablement pas ouverts <eos>,13,ouverts,ouvertes,11,F,ouverts,-7.6407986,ouvertes,-11.467752,1
8815,P_NOUN_8_PASS_b,M,P,les chargeurs avec les lampes que j' aime beaucoup ne sont probablement pas perdus <eos>,13,perdus,perdues,11,F,perdus,-7.078866,perdues,-10.44425,1
8816,P_NOUN_8_PASS_b,M,P,les chargeurs avec les lampes que j' aime beaucoup ne sont probablement pas réparés <eos>,13,réparés,réparées,11,F,réparés,-10.251303,réparées,-11.827157,1
8817,P_NOUN_8_PASS_b,M,P,les chargeurs avec les lampes que j' aime beaucoup ne sont probablement pas retirés <eos>,13,retirés,retirées,11,F,retirés,-7.223489,retirées,-9.895667,1
8818,P_NOUN_8_PASS_b,M,P,les chargeurs avec les lampes que j' aime beaucoup ne sont probablement pas tombés <eos>,13,tombés,tombées,11,F,tombés,-7.481428,tombées,-11.322088,1
8819,P_NOUN_8_PASS_b,M,P,les chargeurs avec les lampes que j' aime beaucoup ne sont probablement pas utilisés <eos>,13,utilisés,utilisées,11,F,utilisés,-3.7022324,utilisées,-7.403925,1
8820,P_NOUN_8_PASS_b,M,P,les chargeurs avec les bouteilles que j' aime beaucoup ne sont probablement pas achetés <eos>,13,achetés,achetées,11,F,achetés,-8.92999,achetées,-12.075803,1
8821,P_NOUN_8_PASS_b,M,P,les chargeurs avec les bouteilles que j' aime beaucoup ne sont probablement pas brisés <eos>,13,brisés,brisées,11,F,brisés,-11.323579,brisées,-12.043704,1
8822,P_NOUN_8_PASS_b,M,P,les chargeurs avec les bouteilles que j' aime beaucoup ne sont probablement pas cachés <eos>,13,cachés,cachées,11,F,cachés,-7.3243685,cachées,-11.811904,1
8823,P_NOUN_8_PASS_b,M,P,les chargeurs avec les bouteilles que j' aime beaucoup ne sont probablement pas cassés <eos>,13,cassés,cassées,11,F,cassés,-10.031172,cassées,-11.157731,1
8824,P_NOUN_8_PASS_b,M,P,les chargeurs avec les bouteilles que j' aime beaucoup ne sont probablement pas couverts <eos>,13,couverts,couvertes,11,F,couverts,-7.4444838,couvertes,-11.057853,1
8825,P_NOUN_8_PASS_b,M,P,les chargeurs avec les bouteilles que j' aime beaucoup ne sont probablement pas déformés <eos>,13,déformés,déformées,11,F,déformés,-12.295542,déformées,-11.284369,0
8826,P_NOUN_8_PASS_b,M,P,les chargeurs avec les bouteilles que j' aime beaucoup ne sont probablement pas fixés <eos>,13,fixés,fixées,11,F,fixés,-7.2927256,fixées,-10.366752,1
8827,P_NOUN_8_PASS_b,M,P,les chargeurs avec les bouteilles que j' aime beaucoup ne sont probablement pas jetés <eos>,13,jetés,jetées,11,F,jetés,-8.429466,jetées,-12.3108425,1
8828,P_NOUN_8_PASS_b,M,P,les chargeurs avec les bouteilles que j' aime beaucoup ne sont probablement pas laissés <eos>,13,laissés,laissées,11,F,laissés,-8.808363,laissées,-11.017493,1
8829,P_NOUN_8_PASS_b,M,P,les chargeurs avec les bouteilles que j' aime beaucoup ne sont probablement pas ouverts <eos>,13,ouverts,ouvertes,11,F,ouverts,-7.6815124,ouvertes,-11.588268,1
8830,P_NOUN_8_PASS_b,M,P,les chargeurs avec les bouteilles que j' aime beaucoup ne sont probablement pas perdus <eos>,13,perdus,perdues,11,F,perdus,-6.8276014,perdues,-10.19339,1
8831,P_NOUN_8_PASS_b,M,P,les chargeurs avec les bouteilles que j' aime beaucoup ne sont probablement pas réparés <eos>,13,réparés,réparées,11,F,réparés,-10.531807,réparées,-11.909651,1
8832,P_NOUN_8_PASS_b,M,P,les chargeurs avec les bouteilles que j' aime beaucoup ne sont probablement pas retirés <eos>,13,retirés,retirées,11,F,retirés,-7.411461,retirées,-10.171133,1
8833,P_NOUN_8_PASS_b,M,P,les chargeurs avec les bouteilles que j' aime beaucoup ne sont probablement pas tombés <eos>,13,tombés,tombées,11,F,tombés,-7.659128,tombées,-11.413996,1
8834,P_NOUN_8_PASS_b,M,P,les chargeurs avec les bouteilles que j' aime beaucoup ne sont probablement pas utilisés <eos>,13,utilisés,utilisées,11,F,utilisés,-4.1190214,utilisées,-7.5050936,1
8835,P_NOUN_8_PASS_b,M,P,les chargeurs avec les boissons que j' aime beaucoup ne sont probablement pas achetés <eos>,13,achetés,achetées,11,F,achetés,-9.094013,achetées,-11.386456,1
8836,P_NOUN_8_PASS_b,M,P,les chargeurs avec les boissons que j' aime beaucoup ne sont probablement pas brisés <eos>,13,brisés,brisées,11,F,brisés,-11.838898,brisées,-11.386169,0
8837,P_NOUN_8_PASS_b,M,P,les chargeurs avec les boissons que j' aime beaucoup ne sont probablement pas cachés <eos>,13,cachés,cachées,11,F,cachés,-7.8476367,cachées,-11.218033,1
8838,P_NOUN_8_PASS_b,M,P,les chargeurs avec les boissons que j' aime beaucoup ne sont probablement pas cassés <eos>,13,cassés,cassées,11,F,cassés,-9.915358,cassées,-10.701982,1
8839,P_NOUN_8_PASS_b,M,P,les chargeurs avec les boissons que j' aime beaucoup ne sont probablement pas couverts <eos>,13,couverts,couvertes,11,F,couverts,-7.069425,couvertes,-9.773529,1
8840,P_NOUN_8_PASS_b,M,P,les chargeurs avec les boissons que j' aime beaucoup ne sont probablement pas déformés <eos>,13,déformés,déformées,11,F,déformés,-13.1325245,déformées,-10.975819,0
8841,P_NOUN_8_PASS_b,M,P,les chargeurs avec les boissons que j' aime beaucoup ne sont probablement pas fixés <eos>,13,fixés,fixées,11,F,fixés,-7.4325304,fixées,-9.529133,1
8842,P_NOUN_8_PASS_b,M,P,les chargeurs avec les boissons que j' aime beaucoup ne sont probablement pas jetés <eos>,13,jetés,jetées,11,F,jetés,-8.69614,jetées,-10.910108,1
8843,P_NOUN_8_PASS_b,M,P,les chargeurs avec les boissons que j' aime beaucoup ne sont probablement pas laissés <eos>,13,laissés,laissées,11,F,laissés,-8.590163,laissées,-9.502787,1
8844,P_NOUN_8_PASS_b,M,P,les chargeurs avec les boissons que j' aime beaucoup ne sont probablement pas ouverts <eos>,13,ouverts,ouvertes,11,F,ouverts,-8.228996,ouvertes,-10.621655,1
8845,P_NOUN_8_PASS_b,M,P,les chargeurs avec les boissons que j' aime beaucoup ne sont probablement pas perdus <eos>,13,perdus,perdues,11,F,perdus,-7.198165,perdues,-9.271436,1
8846,P_NOUN_8_PASS_b,M,P,les chargeurs avec les boissons que j' aime beaucoup ne sont probablement pas réparés <eos>,13,réparés,réparées,11,F,réparés,-10.476811,réparées,-11.467015,1
8847,P_NOUN_8_PASS_b,M,P,les chargeurs avec les boissons que j' aime beaucoup ne sont probablement pas retirés <eos>,13,retirés,retirées,11,F,retirés,-7.5573254,retirées,-9.41219,1
8848,P_NOUN_8_PASS_b,M,P,les chargeurs avec les boissons que j' aime beaucoup ne sont probablement pas tombés <eos>,13,tombés,tombées,11,F,tombés,-7.386658,tombées,-10.650225,1
8849,P_NOUN_8_PASS_b,M,P,les chargeurs avec les boissons que j' aime beaucoup ne sont probablement pas utilisés <eos>,13,utilisés,utilisées,11,F,utilisés,-3.849991,utilisées,-6.085556,1
8850,P_NOUN_8_PASS_b,M,P,les chargeurs avec les pommes que j' aime beaucoup ne sont probablement pas achetés <eos>,13,achetés,achetées,11,F,achetés,-8.992571,achetées,-10.746354,1
8851,P_NOUN_8_PASS_b,M,P,les chargeurs avec les pommes que j' aime beaucoup ne sont probablement pas brisés <eos>,13,brisés,brisées,11,F,brisés,-11.460747,brisées,-11.059116,0
8852,P_NOUN_8_PASS_b,M,P,les chargeurs avec les pommes que j' aime beaucoup ne sont probablement pas cachés <eos>,13,cachés,cachées,11,F,cachés,-7.227352,cachées,-10.373958,1
8853,P_NOUN_8_PASS_b,M,P,les chargeurs avec les pommes que j' aime beaucoup ne sont probablement pas cassés <eos>,13,cassés,cassées,11,F,cassés,-9.299243,cassées,-10.402192,1
8854,P_NOUN_8_PASS_b,M,P,les chargeurs avec les pommes que j' aime beaucoup ne sont probablement pas couverts <eos>,13,couverts,couvertes,11,F,couverts,-6.9616013,couvertes,-9.290561,1
8855,P_NOUN_8_PASS_b,M,P,les chargeurs avec les pommes que j' aime beaucoup ne sont probablement pas déformés <eos>,13,déformés,déformées,11,F,déformés,-13.1072,déformées,-10.76989,0
8856,P_NOUN_8_PASS_b,M,P,les chargeurs avec les pommes que j' aime beaucoup ne sont probablement pas fixés <eos>,13,fixés,fixées,11,F,fixés,-7.416687,fixées,-9.314044,1
8857,P_NOUN_8_PASS_b,M,P,les chargeurs avec les pommes que j' aime beaucoup ne sont probablement pas jetés <eos>,13,jetés,jetées,11,F,jetés,-8.702618,jetées,-10.249216,1
8858,P_NOUN_8_PASS_b,M,P,les chargeurs avec les pommes que j' aime beaucoup ne sont probablement pas laissés <eos>,13,laissés,laissées,11,F,laissés,-8.176319,laissées,-9.632457,1
8859,P_NOUN_8_PASS_b,M,P,les chargeurs avec les pommes que j' aime beaucoup ne sont probablement pas ouverts <eos>,13,ouverts,ouvertes,11,F,ouverts,-8.1824045,ouvertes,-10.453788,1
8860,P_NOUN_8_PASS_b,M,P,les chargeurs avec les pommes que j' aime beaucoup ne sont probablement pas perdus <eos>,13,perdus,perdues,11,F,perdus,-7.2210336,perdues,-8.837901,1
8861,P_NOUN_8_PASS_b,M,P,les chargeurs avec les pommes que j' aime beaucoup ne sont probablement pas réparés <eos>,13,réparés,réparées,11,F,réparés,-10.313319,réparées,-11.128402,1
8862,P_NOUN_8_PASS_b,M,P,les chargeurs avec les pommes que j' aime beaucoup ne sont probablement pas retirés <eos>,13,retirés,retirées,11,F,retirés,-7.3783493,retirées,-9.086602,1
8863,P_NOUN_8_PASS_b,M,P,les chargeurs avec les pommes que j' aime beaucoup ne sont probablement pas tombés <eos>,13,tombés,tombées,11,F,tombés,-6.85664,tombées,-9.693987,1
8864,P_NOUN_8_PASS_b,M,P,les chargeurs avec les pommes que j' aime beaucoup ne sont probablement pas utilisés <eos>,13,utilisés,utilisées,11,F,utilisés,-3.9316587,utilisées,-5.8499346,1
8865,P_NOUN_8_PASS_b,M,P,les chargeurs avec les tasses que j' aime beaucoup ne sont probablement pas achetés <eos>,13,achetés,achetées,11,F,achetés,-9.532135,achetées,-12.279633,1
8866,P_NOUN_8_PASS_b,M,P,les chargeurs avec les tasses que j' aime beaucoup ne sont probablement pas brisés <eos>,13,brisés,brisées,11,F,brisés,-10.712158,brisées,-11.515932,1
8867,P_NOUN_8_PASS_b,M,P,les chargeurs avec les tasses que j' aime beaucoup ne sont probablement pas cachés <eos>,13,cachés,cachées,11,F,cachés,-7.9127245,cachées,-11.567833,1
8868,P_NOUN_8_PASS_b,M,P,les chargeurs avec les tasses que j' aime beaucoup ne sont probablement pas cassés <eos>,13,cassés,cassées,11,F,cassés,-9.88028,cassées,-10.994142,1
8869,P_NOUN_8_PASS_b,M,P,les chargeurs avec les tasses que j' aime beaucoup ne sont probablement pas couverts <eos>,13,couverts,couvertes,11,F,couverts,-6.771538,couvertes,-9.975732,1
8870,P_NOUN_8_PASS_b,M,P,les chargeurs avec les tasses que j' aime beaucoup ne sont probablement pas déformés <eos>,13,déformés,déformées,11,F,déformés,-12.603793,déformées,-11.244517,0
8871,P_NOUN_8_PASS_b,M,P,les chargeurs avec les tasses que j' aime beaucoup ne sont probablement pas fixés <eos>,13,fixés,fixées,11,F,fixés,-7.453744,fixées,-9.802347,1
8872,P_NOUN_8_PASS_b,M,P,les chargeurs avec les tasses que j' aime beaucoup ne sont probablement pas jetés <eos>,13,jetés,jetées,11,F,jetés,-8.5514965,jetées,-11.825489,1
8873,P_NOUN_8_PASS_b,M,P,les chargeurs avec les tasses que j' aime beaucoup ne sont probablement pas laissés <eos>,13,laissés,laissées,11,F,laissés,-8.491244,laissées,-10.242955,1
8874,P_NOUN_8_PASS_b,M,P,les chargeurs avec les tasses que j' aime beaucoup ne sont probablement pas ouverts <eos>,13,ouverts,ouvertes,11,F,ouverts,-7.1890574,ouvertes,-10.722364,1
8875,P_NOUN_8_PASS_b,M,P,les chargeurs avec les tasses que j' aime beaucoup ne sont probablement pas perdus <eos>,13,perdus,perdues,11,F,perdus,-6.774688,perdues,-9.881455,1
8876,P_NOUN_8_PASS_b,M,P,les chargeurs avec les tasses que j' aime beaucoup ne sont probablement pas réparés <eos>,13,réparés,réparées,11,F,réparés,-9.832228,réparées,-11.165944,1
8877,P_NOUN_8_PASS_b,M,P,les chargeurs avec les tasses que j' aime beaucoup ne sont probablement pas retirés <eos>,13,retirés,retirées,11,F,retirés,-7.0751543,retirées,-9.844133,1
8878,P_NOUN_8_PASS_b,M,P,les chargeurs avec les tasses que j' aime beaucoup ne sont probablement pas tombés <eos>,13,tombés,tombées,11,F,tombés,-7.14761,tombées,-11.069164,1
8879,P_NOUN_8_PASS_b,M,P,les chargeurs avec les tasses que j' aime beaucoup ne sont probablement pas utilisés <eos>,13,utilisés,utilisées,11,F,utilisés,-3.968431,utilisées,-7.1049495,1
8880,P_NOUN_8_PASS_b,M,P,les chargeurs avec les bougies que j' aime beaucoup ne sont probablement pas achetés <eos>,13,achetés,achetées,11,F,achetés,-9.690393,achetées,-12.5404215,1
8881,P_NOUN_8_PASS_b,M,P,les chargeurs avec les bougies que j' aime beaucoup ne sont probablement pas brisés <eos>,13,brisés,brisées,11,F,brisés,-10.60513,brisées,-11.805753,1
8882,P_NOUN_8_PASS_b,M,P,les chargeurs avec les bougies que j' aime beaucoup ne sont probablement pas cachés <eos>,13,cachés,cachées,11,F,cachés,-7.125292,cachées,-11.122051,1
8883,P_NOUN_8_PASS_b,M,P,les chargeurs avec les bougies que j' aime beaucoup ne sont probablement pas cassés <eos>,13,cassés,cassées,11,F,cassés,-10.000467,cassées,-10.994688,1
8884,P_NOUN_8_PASS_b,M,P,les chargeurs avec les bougies que j' aime beaucoup ne sont probablement pas couverts <eos>,13,couverts,couvertes,11,F,couverts,-7.4212074,couvertes,-11.00607,1
8885,P_NOUN_8_PASS_b,M,P,les chargeurs avec les bougies que j' aime beaucoup ne sont probablement pas déformés <eos>,13,déformés,déformées,11,F,déformés,-11.570187,déformées,-11.163283,0
8886,P_NOUN_8_PASS_b,M,P,les chargeurs avec les bougies que j' aime beaucoup ne sont probablement pas fixés <eos>,13,fixés,fixées,11,F,fixés,-7.4396815,fixées,-10.216729,1
8887,P_NOUN_8_PASS_b,M,P,les chargeurs avec les bougies que j' aime beaucoup ne sont probablement pas jetés <eos>,13,jetés,jetées,11,F,jetés,-7.832779,jetées,-11.5652075,1
8888,P_NOUN_8_PASS_b,M,P,les chargeurs avec les bougies que j' aime beaucoup ne sont probablement pas laissés <eos>,13,laissés,laissées,11,F,laissés,-8.244484,laissées,-11.220141,1
8889,P_NOUN_8_PASS_b,M,P,les chargeurs avec les bougies que j' aime beaucoup ne sont probablement pas ouverts <eos>,13,ouverts,ouvertes,11,F,ouverts,-7.692505,ouvertes,-11.504472,1
8890,P_NOUN_8_PASS_b,M,P,les chargeurs avec les bougies que j' aime beaucoup ne sont probablement pas perdus <eos>,13,perdus,perdues,11,F,perdus,-6.736676,perdues,-10.239205,1
8891,P_NOUN_8_PASS_b,M,P,les chargeurs avec les bougies que j' aime beaucoup ne sont probablement pas réparés <eos>,13,réparés,réparées,11,F,réparés,-10.069195,réparées,-11.65557,1
8892,P_NOUN_8_PASS_b,M,P,les chargeurs avec les bougies que j' aime beaucoup ne sont probablement pas retirés <eos>,13,retirés,retirées,11,F,retirés,-7.686865,retirées,-10.138714,1
8893,P_NOUN_8_PASS_b,M,P,les chargeurs avec les bougies que j' aime beaucoup ne sont probablement pas tombés <eos>,13,tombés,tombées,11,F,tombés,-6.1748247,tombées,-10.716194,1
8894,P_NOUN_8_PASS_b,M,P,les chargeurs avec les bougies que j' aime beaucoup ne sont probablement pas utilisés <eos>,13,utilisés,utilisées,11,F,utilisés,-4.3440056,utilisées,-7.736702,1
8895,P_NOUN_8_PASS_b,M,P,les chargeurs avec les pochettes que j' aime beaucoup ne sont probablement pas achetés <eos>,13,achetés,achetées,11,F,achetés,-9.209713,achetées,-11.797817,1
8896,P_NOUN_8_PASS_b,M,P,les chargeurs avec les pochettes que j' aime beaucoup ne sont probablement pas brisés <eos>,13,brisés,brisées,11,F,brisés,-11.757233,brisées,-12.079355,1
8897,P_NOUN_8_PASS_b,M,P,les chargeurs avec les pochettes que j' aime beaucoup ne sont probablement pas cachés <eos>,13,cachés,cachées,11,F,cachés,-7.931546,cachées,-10.946847,1
8898,P_NOUN_8_PASS_b,M,P,les chargeurs avec les pochettes que j' aime beaucoup ne sont probablement pas cassés <eos>,13,cassés,cassées,11,F,cassés,-11.295763,cassées,-11.71208,1
8899,P_NOUN_8_PASS_b,M,P,les chargeurs avec les pochettes que j' aime beaucoup ne sont probablement pas couverts <eos>,13,couverts,couvertes,11,F,couverts,-8.07737,couvertes,-10.573364,1
8900,P_NOUN_8_PASS_b,M,P,les chargeurs avec les pochettes que j' aime beaucoup ne sont probablement pas déformés <eos>,13,déformés,déformées,11,F,déformés,-12.404383,déformées,-10.758773,0
8901,P_NOUN_8_PASS_b,M,P,les chargeurs avec les pochettes que j' aime beaucoup ne sont probablement pas fixés <eos>,13,fixés,fixées,11,F,fixés,-8.515835,fixées,-10.662957,1
8902,P_NOUN_8_PASS_b,M,P,les chargeurs avec les pochettes que j' aime beaucoup ne sont probablement pas jetés <eos>,13,jetés,jetées,11,F,jetés,-9.239015,jetées,-12.8582,1
8903,P_NOUN_8_PASS_b,M,P,les chargeurs avec les pochettes que j' aime beaucoup ne sont probablement pas laissés <eos>,13,laissés,laissées,11,F,laissés,-8.952507,laissées,-10.447933,1
8904,P_NOUN_8_PASS_b,M,P,les chargeurs avec les pochettes que j' aime beaucoup ne sont probablement pas ouverts <eos>,13,ouverts,ouvertes,11,F,ouverts,-7.1315193,ouvertes,-9.840336,1
8905,P_NOUN_8_PASS_b,M,P,les chargeurs avec les pochettes que j' aime beaucoup ne sont probablement pas perdus <eos>,13,perdus,perdues,11,F,perdus,-7.0037317,perdues,-9.531161,1
8906,P_NOUN_8_PASS_b,M,P,les chargeurs avec les pochettes que j' aime beaucoup ne sont probablement pas réparés <eos>,13,réparés,réparées,11,F,réparés,-11.143637,réparées,-11.756027,1
8907,P_NOUN_8_PASS_b,M,P,les chargeurs avec les pochettes que j' aime beaucoup ne sont probablement pas retirés <eos>,13,retirés,retirées,11,F,retirés,-8.279993,retirées,-9.995634,1
8908,P_NOUN_8_PASS_b,M,P,les chargeurs avec les pochettes que j' aime beaucoup ne sont probablement pas tombés <eos>,13,tombés,tombées,11,F,tombés,-8.544753,tombées,-11.509918,1
8909,P_NOUN_8_PASS_b,M,P,les chargeurs avec les pochettes que j' aime beaucoup ne sont probablement pas utilisés <eos>,13,utilisés,utilisées,11,F,utilisés,-4.640021,utilisées,-7.319222,1
8910,P_NOUN_8_PASS_b,M,P,les chargeurs avec les bananes que j' aime beaucoup ne sont probablement pas achetés <eos>,13,achetés,achetées,11,F,achetés,-9.110048,achetées,-12.79805,1
8911,P_NOUN_8_PASS_b,M,P,les chargeurs avec les bananes que j' aime beaucoup ne sont probablement pas brisés <eos>,13,brisés,brisées,11,F,brisés,-11.067495,brisées,-11.868582,1
8912,P_NOUN_8_PASS_b,M,P,les chargeurs avec les bananes que j' aime beaucoup ne sont probablement pas cachés <eos>,13,cachés,cachées,11,F,cachés,-7.8988676,cachées,-11.950437,1
8913,P_NOUN_8_PASS_b,M,P,les chargeurs avec les bananes que j' aime beaucoup ne sont probablement pas cassés <eos>,13,cassés,cassées,11,F,cassés,-9.72099,cassées,-11.182719,1
8914,P_NOUN_8_PASS_b,M,P,les chargeurs avec les bananes que j' aime beaucoup ne sont probablement pas couverts <eos>,13,couverts,couvertes,11,F,couverts,-6.958688,couvertes,-10.712357,1
8915,P_NOUN_8_PASS_b,M,P,les chargeurs avec les bananes que j' aime beaucoup ne sont probablement pas déformés <eos>,13,déformés,déformées,11,F,déformés,-12.552362,déformées,-11.762964,0
8916,P_NOUN_8_PASS_b,M,P,les chargeurs avec les bananes que j' aime beaucoup ne sont probablement pas fixés <eos>,13,fixés,fixées,11,F,fixés,-7.317959,fixées,-10.358277,1
8917,P_NOUN_8_PASS_b,M,P,les chargeurs avec les bananes que j' aime beaucoup ne sont probablement pas jetés <eos>,13,jetés,jetées,11,F,jetés,-8.744524,jetées,-11.345451,1
8918,P_NOUN_8_PASS_b,M,P,les chargeurs avec les bananes que j' aime beaucoup ne sont probablement pas laissés <eos>,13,laissés,laissées,11,F,laissés,-8.212948,laissées,-10.895304,1
8919,P_NOUN_8_PASS_b,M,P,les chargeurs avec les bananes que j' aime beaucoup ne sont probablement pas ouverts <eos>,13,ouverts,ouvertes,11,F,ouverts,-7.86419,ouvertes,-11.783809,1
8920,P_NOUN_8_PASS_b,M,P,les chargeurs avec les bananes que j' aime beaucoup ne sont probablement pas perdus <eos>,13,perdus,perdues,11,F,perdus,-6.961533,perdues,-10.371771,1
8921,P_NOUN_8_PASS_b,M,P,les chargeurs avec les bananes que j' aime beaucoup ne sont probablement pas réparés <eos>,13,réparés,réparées,11,F,réparés,-10.287209,réparées,-12.283704,1
8922,P_NOUN_8_PASS_b,M,P,les chargeurs avec les bananes que j' aime beaucoup ne sont probablement pas retirés <eos>,13,retirés,retirées,11,F,retirés,-7.5266647,retirées,-10.586782,1
8923,P_NOUN_8_PASS_b,M,P,les chargeurs avec les bananes que j' aime beaucoup ne sont probablement pas tombés <eos>,13,tombés,tombées,11,F,tombés,-7.120454,tombées,-11.251482,1
8924,P_NOUN_8_PASS_b,M,P,les chargeurs avec les bananes que j' aime beaucoup ne sont probablement pas utilisés <eos>,13,utilisés,utilisées,11,F,utilisés,-4.033061,utilisées,-7.499283,1
8925,P_NOUN_8_PASS_b,M,P,les chargeurs avec les robes que j' aime beaucoup ne sont probablement pas achetés <eos>,13,achetés,achetées,11,F,achetés,-9.639866,achetées,-13.199348,1
8926,P_NOUN_8_PASS_b,M,P,les chargeurs avec les robes que j' aime beaucoup ne sont probablement pas brisés <eos>,13,brisés,brisées,11,F,brisés,-11.403109,brisées,-12.213303,1
8927,P_NOUN_8_PASS_b,M,P,les chargeurs avec les robes que j' aime beaucoup ne sont probablement pas cachés <eos>,13,cachés,cachées,11,F,cachés,-7.540453,cachées,-11.714096,1
8928,P_NOUN_8_PASS_b,M,P,les chargeurs avec les robes que j' aime beaucoup ne sont probablement pas cassés <eos>,13,cassés,cassées,11,F,cassés,-10.38986,cassées,-11.102654,1
8929,P_NOUN_8_PASS_b,M,P,les chargeurs avec les robes que j' aime beaucoup ne sont probablement pas couverts <eos>,13,couverts,couvertes,11,F,couverts,-7.354058,couvertes,-10.831169,1
8930,P_NOUN_8_PASS_b,M,P,les chargeurs avec les robes que j' aime beaucoup ne sont probablement pas déformés <eos>,13,déformés,déformées,11,F,déformés,-12.143186,déformées,-11.729121,0
8931,P_NOUN_8_PASS_b,M,P,les chargeurs avec les robes que j' aime beaucoup ne sont probablement pas fixés <eos>,13,fixés,fixées,11,F,fixés,-7.7710037,fixées,-10.131811,1
8932,P_NOUN_8_PASS_b,M,P,les chargeurs avec les robes que j' aime beaucoup ne sont probablement pas jetés <eos>,13,jetés,jetées,11,F,jetés,-8.596651,jetées,-11.772848,1
8933,P_NOUN_8_PASS_b,M,P,les chargeurs avec les robes que j' aime beaucoup ne sont probablement pas laissés <eos>,13,laissés,laissées,11,F,laissés,-8.770558,laissées,-11.179209,1
8934,P_NOUN_8_PASS_b,M,P,les chargeurs avec les robes que j' aime beaucoup ne sont probablement pas ouverts <eos>,13,ouverts,ouvertes,11,F,ouverts,-8.128195,ouvertes,-11.687342,1
8935,P_NOUN_8_PASS_b,M,P,les chargeurs avec les robes que j' aime beaucoup ne sont probablement pas perdus <eos>,13,perdus,perdues,11,F,perdus,-7.503415,perdues,-10.5905075,1
8936,P_NOUN_8_PASS_b,M,P,les chargeurs avec les robes que j' aime beaucoup ne sont probablement pas réparés <eos>,13,réparés,réparées,11,F,réparés,-10.173323,réparées,-12.129114,1
8937,P_NOUN_8_PASS_b,M,P,les chargeurs avec les robes que j' aime beaucoup ne sont probablement pas retirés <eos>,13,retirés,retirées,11,F,retirés,-7.6229835,retirées,-10.406656,1
8938,P_NOUN_8_PASS_b,M,P,les chargeurs avec les robes que j' aime beaucoup ne sont probablement pas tombés <eos>,13,tombés,tombées,11,F,tombés,-6.792345,tombées,-11.294675,1
8939,P_NOUN_8_PASS_b,M,P,les chargeurs avec les robes que j' aime beaucoup ne sont probablement pas utilisés <eos>,13,utilisés,utilisées,11,F,utilisés,-3.966201,utilisées,-7.40508,1
8940,P_NOUN_8_PASS_b,M,P,les chargeurs avec les valises que j' aime beaucoup ne sont probablement pas achetés <eos>,13,achetés,achetées,11,F,achetés,-9.241408,achetées,-12.715926,1
8941,P_NOUN_8_PASS_b,M,P,les chargeurs avec les valises que j' aime beaucoup ne sont probablement pas brisés <eos>,13,brisés,brisées,11,F,brisés,-11.281036,brisées,-12.012075,1
8942,P_NOUN_8_PASS_b,M,P,les chargeurs avec les valises que j' aime beaucoup ne sont probablement pas cachés <eos>,13,cachés,cachées,11,F,cachés,-7.41125,cachées,-11.200858,1
8943,P_NOUN_8_PASS_b,M,P,les chargeurs avec les valises que j' aime beaucoup ne sont probablement pas cassés <eos>,13,cassés,cassées,11,F,cassés,-10.4649725,cassées,-11.714587,1
8944,P_NOUN_8_PASS_b,M,P,les chargeurs avec les valises que j' aime beaucoup ne sont probablement pas couverts <eos>,13,couverts,couvertes,11,F,couverts,-6.9561872,couvertes,-10.07645,1
8945,P_NOUN_8_PASS_b,M,P,les chargeurs avec les valises que j' aime beaucoup ne sont probablement pas déformés <eos>,13,déformés,déformées,11,F,déformés,-12.674644,déformées,-11.690544,0
8946,P_NOUN_8_PASS_b,M,P,les chargeurs avec les valises que j' aime beaucoup ne sont probablement pas fixés <eos>,13,fixés,fixées,11,F,fixés,-7.3549542,fixées,-9.904114,1
8947,P_NOUN_8_PASS_b,M,P,les chargeurs avec les valises que j' aime beaucoup ne sont probablement pas jetés <eos>,13,jetés,jetées,11,F,jetés,-8.526657,jetées,-11.811762,1
8948,P_NOUN_8_PASS_b,M,P,les chargeurs avec les valises que j' aime beaucoup ne sont probablement pas laissés <eos>,13,laissés,laissées,11,F,laissés,-8.509594,laissées,-10.946999,1
8949,P_NOUN_8_PASS_b,M,P,les chargeurs avec les valises que j' aime beaucoup ne sont probablement pas ouverts <eos>,13,ouverts,ouvertes,11,F,ouverts,-6.9578214,ouvertes,-10.655701,1
8950,P_NOUN_8_PASS_b,M,P,les chargeurs avec les valises que j' aime beaucoup ne sont probablement pas perdus <eos>,13,perdus,perdues,11,F,perdus,-6.969348,perdues,-10.03801,1
8951,P_NOUN_8_PASS_b,M,P,les chargeurs avec les valises que j' aime beaucoup ne sont probablement pas réparés <eos>,13,réparés,réparées,11,F,réparés,-9.984152,réparées,-11.526795,1
8952,P_NOUN_8_PASS_b,M,P,les chargeurs avec les valises que j' aime beaucoup ne sont probablement pas retirés <eos>,13,retirés,retirées,11,F,retirés,-7.4952583,retirées,-10.279478,1
8953,P_NOUN_8_PASS_b,M,P,les chargeurs avec les valises que j' aime beaucoup ne sont probablement pas tombés <eos>,13,tombés,tombées,11,F,tombés,-7.5906115,tombées,-11.5023575,1
8954,P_NOUN_8_PASS_b,M,P,les chargeurs avec les valises que j' aime beaucoup ne sont probablement pas utilisés <eos>,13,utilisés,utilisées,11,F,utilisés,-4.1518173,utilisées,-7.486931,1
8955,P_NOUN_8_PASS_b,M,P,les chargeurs avec les pendules que j' aime beaucoup ne sont probablement pas achetés <eos>,13,achetés,achetées,11,F,achetés,-9.344102,achetées,-12.702295,1
8956,P_NOUN_8_PASS_b,M,P,les chargeurs avec les pendules que j' aime beaucoup ne sont probablement pas brisés <eos>,13,brisés,brisées,11,F,brisés,-10.634894,brisées,-11.309334,1
8957,P_NOUN_8_PASS_b,M,P,les chargeurs avec les pendules que j' aime beaucoup ne sont probablement pas cachés <eos>,13,cachés,cachées,11,F,cachés,-7.301385,cachées,-11.175692,1
8958,P_NOUN_8_PASS_b,M,P,les chargeurs avec les pendules que j' aime beaucoup ne sont probablement pas cassés <eos>,13,cassés,cassées,11,F,cassés,-9.887692,cassées,-10.744075,1
8959,P_NOUN_8_PASS_b,M,P,les chargeurs avec les pendules que j' aime beaucoup ne sont probablement pas couverts <eos>,13,couverts,couvertes,11,F,couverts,-7.4472895,couvertes,-10.668546,1
8960,P_NOUN_8_PASS_b,M,P,les chargeurs avec les pendules que j' aime beaucoup ne sont probablement pas déformés <eos>,13,déformés,déformées,11,F,déformés,-11.776084,déformées,-10.779396,0
8961,P_NOUN_8_PASS_b,M,P,les chargeurs avec les pendules que j' aime beaucoup ne sont probablement pas fixés <eos>,13,fixés,fixées,11,F,fixés,-7.1773715,fixées,-9.539981,1
8962,P_NOUN_8_PASS_b,M,P,les chargeurs avec les pendules que j' aime beaucoup ne sont probablement pas jetés <eos>,13,jetés,jetées,11,F,jetés,-7.9500084,jetées,-11.503401,1
8963,P_NOUN_8_PASS_b,M,P,les chargeurs avec les pendules que j' aime beaucoup ne sont probablement pas laissés <eos>,13,laissés,laissées,11,F,laissés,-8.833446,laissées,-11.136811,1
8964,P_NOUN_8_PASS_b,M,P,les chargeurs avec les pendules que j' aime beaucoup ne sont probablement pas ouverts <eos>,13,ouverts,ouvertes,11,F,ouverts,-7.6225348,ouvertes,-11.282,1
8965,P_NOUN_8_PASS_b,M,P,les chargeurs avec les pendules que j' aime beaucoup ne sont probablement pas perdus <eos>,13,perdus,perdues,11,F,perdus,-7.161638,perdues,-10.202442,1
8966,P_NOUN_8_PASS_b,M,P,les chargeurs avec les pendules que j' aime beaucoup ne sont probablement pas réparés <eos>,13,réparés,réparées,11,F,réparés,-10.6009865,réparées,-11.687602,1
8967,P_NOUN_8_PASS_b,M,P,les chargeurs avec les pendules que j' aime beaucoup ne sont probablement pas retirés <eos>,13,retirés,retirées,11,F,retirés,-7.4879994,retirées,-9.655052,1
8968,P_NOUN_8_PASS_b,M,P,les chargeurs avec les pendules que j' aime beaucoup ne sont probablement pas tombés <eos>,13,tombés,tombées,11,F,tombés,-7.55573,tombées,-10.950667,1
8969,P_NOUN_8_PASS_b,M,P,les chargeurs avec les pendules que j' aime beaucoup ne sont probablement pas utilisés <eos>,13,utilisés,utilisées,11,F,utilisés,-3.9657562,utilisées,-7.271983,1
8970,P_NOUN_8_PASS_b,M,P,les chargeurs avec les cloches que j' aime beaucoup ne sont probablement pas achetés <eos>,13,achetés,achetées,11,F,achetés,-9.709119,achetées,-13.416097,1
8971,P_NOUN_8_PASS_b,M,P,les chargeurs avec les cloches que j' aime beaucoup ne sont probablement pas brisés <eos>,13,brisés,brisées,11,F,brisés,-10.588813,brisées,-11.9912195,1
8972,P_NOUN_8_PASS_b,M,P,les chargeurs avec les cloches que j' aime beaucoup ne sont probablement pas cachés <eos>,13,cachés,cachées,11,F,cachés,-7.23623,cachées,-11.624879,1
8973,P_NOUN_8_PASS_b,M,P,les chargeurs avec les cloches que j' aime beaucoup ne sont probablement pas cassés <eos>,13,cassés,cassées,11,F,cassés,-9.77638,cassées,-11.536577,1
8974,P_NOUN_8_PASS_b,M,P,les chargeurs avec les cloches que j' aime beaucoup ne sont probablement pas couverts <eos>,13,couverts,couvertes,11,F,couverts,-6.9466476,couvertes,-10.719503,1
8975,P_NOUN_8_PASS_b,M,P,les chargeurs avec les cloches que j' aime beaucoup ne sont probablement pas déformés <eos>,13,déformés,déformées,11,F,déformés,-12.1700115,déformées,-12.099123,0
8976,P_NOUN_8_PASS_b,M,P,les chargeurs avec les cloches que j' aime beaucoup ne sont probablement pas fixés <eos>,13,fixés,fixées,11,F,fixés,-7.552012,fixées,-10.409836,1
8977,P_NOUN_8_PASS_b,M,P,les chargeurs avec les cloches que j' aime beaucoup ne sont probablement pas jetés <eos>,13,jetés,jetées,11,F,jetés,-7.8612757,jetées,-11.702911,1
8978,P_NOUN_8_PASS_b,M,P,les chargeurs avec les cloches que j' aime beaucoup ne sont probablement pas laissés <eos>,13,laissés,laissées,11,F,laissés,-8.054206,laissées,-11.592047,1
8979,P_NOUN_8_PASS_b,M,P,les chargeurs avec les cloches que j' aime beaucoup ne sont probablement pas ouverts <eos>,13,ouverts,ouvertes,11,F,ouverts,-7.719364,ouvertes,-11.353229,1
8980,P_NOUN_8_PASS_b,M,P,les chargeurs avec les cloches que j' aime beaucoup ne sont probablement pas perdus <eos>,13,perdus,perdues,11,F,perdus,-6.9147234,perdues,-10.154269,1
8981,P_NOUN_8_PASS_b,M,P,les chargeurs avec les cloches que j' aime beaucoup ne sont probablement pas réparés <eos>,13,réparés,réparées,11,F,réparés,-9.486814,réparées,-11.510383,1
8982,P_NOUN_8_PASS_b,M,P,les chargeurs avec les cloches que j' aime beaucoup ne sont probablement pas retirés <eos>,13,retirés,retirées,11,F,retirés,-7.3646817,retirées,-10.142555,1
8983,P_NOUN_8_PASS_b,M,P,les chargeurs avec les cloches que j' aime beaucoup ne sont probablement pas tombés <eos>,13,tombés,tombées,11,F,tombés,-6.5219126,tombées,-10.998618,1
8984,P_NOUN_8_PASS_b,M,P,les chargeurs avec les cloches que j' aime beaucoup ne sont probablement pas utilisés <eos>,13,utilisés,utilisées,11,F,utilisés,-4.3565226,utilisées,-8.02937,1
8985,P_NOUN_8_PASS_b,M,P,les chargeurs avec les cerises que j' aime beaucoup ne sont probablement pas achetés <eos>,13,achetés,achetées,11,F,achetés,-9.171614,achetées,-12.584041,1
8986,P_NOUN_8_PASS_b,M,P,les chargeurs avec les cerises que j' aime beaucoup ne sont probablement pas brisés <eos>,13,brisés,brisées,11,F,brisés,-10.922411,brisées,-12.118586,1
8987,P_NOUN_8_PASS_b,M,P,les chargeurs avec les cerises que j' aime beaucoup ne sont probablement pas cachés <eos>,13,cachés,cachées,11,F,cachés,-7.9458666,cachées,-12.0364685,1
8988,P_NOUN_8_PASS_b,M,P,les chargeurs avec les cerises que j' aime beaucoup ne sont probablement pas cassés <eos>,13,cassés,cassées,11,F,cassés,-9.782112,cassées,-11.180026,1
8989,P_NOUN_8_PASS_b,M,P,les chargeurs avec les cerises que j' aime beaucoup ne sont probablement pas couverts <eos>,13,couverts,couvertes,11,F,couverts,-6.914204,couvertes,-10.782103,1
8990,P_NOUN_8_PASS_b,M,P,les chargeurs avec les cerises que j' aime beaucoup ne sont probablement pas déformés <eos>,13,déformés,déformées,11,F,déformés,-12.509478,déformées,-11.81892,0
8991,P_NOUN_8_PASS_b,M,P,les chargeurs avec les cerises que j' aime beaucoup ne sont probablement pas fixés <eos>,13,fixés,fixées,11,F,fixés,-7.2235413,fixées,-10.370253,1
8992,P_NOUN_8_PASS_b,M,P,les chargeurs avec les cerises que j' aime beaucoup ne sont probablement pas jetés <eos>,13,jetés,jetées,11,F,jetés,-8.469127,jetées,-11.851103,1
8993,P_NOUN_8_PASS_b,M,P,les chargeurs avec les cerises que j' aime beaucoup ne sont probablement pas laissés <eos>,13,laissés,laissées,11,F,laissés,-8.21347,laissées,-10.961451,1
8994,P_NOUN_8_PASS_b,M,P,les chargeurs avec les cerises que j' aime beaucoup ne sont probablement pas ouverts <eos>,13,ouverts,ouvertes,11,F,ouverts,-7.576297,ouvertes,-11.365004,1
8995,P_NOUN_8_PASS_b,M,P,les chargeurs avec les cerises que j' aime beaucoup ne sont probablement pas perdus <eos>,13,perdus,perdues,11,F,perdus,-7.157726,perdues,-10.4544735,1
8996,P_NOUN_8_PASS_b,M,P,les chargeurs avec les cerises que j' aime beaucoup ne sont probablement pas réparés <eos>,13,réparés,réparées,11,F,réparés,-10.089235,réparées,-11.875658,1
8997,P_NOUN_8_PASS_b,M,P,les chargeurs avec les cerises que j' aime beaucoup ne sont probablement pas retirés <eos>,13,retirés,retirées,11,F,retirés,-7.5311337,retirées,-10.60831,1
8998,P_NOUN_8_PASS_b,M,P,les chargeurs avec les cerises que j' aime beaucoup ne sont probablement pas tombés <eos>,13,tombés,tombées,11,F,tombés,-7.03695,tombées,-11.388391,1
8999,P_NOUN_8_PASS_b,M,P,les chargeurs avec les cerises que j' aime beaucoup ne sont probablement pas utilisés <eos>,13,utilisés,utilisées,11,F,utilisés,-4.3128,utilisées,-7.580876,1
9000,P_NOUN_8_PASS_b,M,P,les vases avec les gemmes que j' aime beaucoup ne sont probablement pas achetés <eos>,13,achetés,achetées,11,F,achetés,-8.73289,achetées,-13.058218,1
9001,P_NOUN_8_PASS_b,M,P,les vases avec les gemmes que j' aime beaucoup ne sont probablement pas brisés <eos>,13,brisés,brisées,11,F,brisés,-10.1501465,brisées,-11.242821,1
9002,P_NOUN_8_PASS_b,M,P,les vases avec les gemmes que j' aime beaucoup ne sont probablement pas cachés <eos>,13,cachés,cachées,11,F,cachés,-7.7414107,cachées,-10.907749,1
9003,P_NOUN_8_PASS_b,M,P,les vases avec les gemmes que j' aime beaucoup ne sont probablement pas cassés <eos>,13,cassés,cassées,11,F,cassés,-8.858614,cassées,-10.892394,1
9004,P_NOUN_8_PASS_b,M,P,les vases avec les gemmes que j' aime beaucoup ne sont probablement pas couverts <eos>,13,couverts,couvertes,11,F,couverts,-6.869506,couvertes,-10.97299,1
9005,P_NOUN_8_PASS_b,M,P,les vases avec les gemmes que j' aime beaucoup ne sont probablement pas déformés <eos>,13,déformés,déformées,11,F,déformés,-10.792589,déformées,-10.598042,0
9006,P_NOUN_8_PASS_b,M,P,les vases avec les gemmes que j' aime beaucoup ne sont probablement pas fixés <eos>,13,fixés,fixées,11,F,fixés,-8.623114,fixées,-11.077225,1
9007,P_NOUN_8_PASS_b,M,P,les vases avec les gemmes que j' aime beaucoup ne sont probablement pas jetés <eos>,13,jetés,jetées,11,F,jetés,-7.7734575,jetées,-11.491463,1
9008,P_NOUN_8_PASS_b,M,P,les vases avec les gemmes que j' aime beaucoup ne sont probablement pas laissés <eos>,13,laissés,laissées,11,F,laissés,-7.578357,laissées,-10.768494,1
9009,P_NOUN_8_PASS_b,M,P,les vases avec les gemmes que j' aime beaucoup ne sont probablement pas ouverts <eos>,13,ouverts,ouvertes,11,F,ouverts,-8.0843,ouvertes,-11.495431,1
9010,P_NOUN_8_PASS_b,M,P,les vases avec les gemmes que j' aime beaucoup ne sont probablement pas perdus <eos>,13,perdus,perdues,11,F,perdus,-6.514559,perdues,-10.019388,1
9011,P_NOUN_8_PASS_b,M,P,les vases avec les gemmes que j' aime beaucoup ne sont probablement pas réparés <eos>,13,réparés,réparées,11,F,réparés,-10.380944,réparées,-11.801879,1
9012,P_NOUN_8_PASS_b,M,P,les vases avec les gemmes que j' aime beaucoup ne sont probablement pas retirés <eos>,13,retirés,retirées,11,F,retirés,-8.670204,retirées,-10.924715,1
9013,P_NOUN_8_PASS_b,M,P,les vases avec les gemmes que j' aime beaucoup ne sont probablement pas tombés <eos>,13,tombés,tombées,11,F,tombés,-6.853705,tombées,-10.551851,1
9014,P_NOUN_8_PASS_b,M,P,les vases avec les gemmes que j' aime beaucoup ne sont probablement pas utilisés <eos>,13,utilisés,utilisées,11,F,utilisés,-4.8791056,utilisées,-8.395169,1
9015,P_NOUN_8_PASS_b,M,P,les vases avec les chaises que j' aime beaucoup ne sont probablement pas achetés <eos>,13,achetés,achetées,11,F,achetés,-8.970077,achetées,-13.177111,1
9016,P_NOUN_8_PASS_b,M,P,les vases avec les chaises que j' aime beaucoup ne sont probablement pas brisés <eos>,13,brisés,brisées,11,F,brisés,-9.931358,brisées,-11.021107,1
9017,P_NOUN_8_PASS_b,M,P,les vases avec les chaises que j' aime beaucoup ne sont probablement pas cachés <eos>,13,cachés,cachées,11,F,cachés,-8.534268,cachées,-10.730035,1
9018,P_NOUN_8_PASS_b,M,P,les vases avec les chaises que j' aime beaucoup ne sont probablement pas cassés <eos>,13,cassés,cassées,11,F,cassés,-9.272951,cassées,-10.36237,1
9019,P_NOUN_8_PASS_b,M,P,les vases avec les chaises que j' aime beaucoup ne sont probablement pas couverts <eos>,13,couverts,couvertes,11,F,couverts,-6.047061,couvertes,-10.16263,1
9020,P_NOUN_8_PASS_b,M,P,les vases avec les chaises que j' aime beaucoup ne sont probablement pas déformés <eos>,13,déformés,déformées,11,F,déformés,-10.890671,déformées,-10.528995,0
9021,P_NOUN_8_PASS_b,M,P,les vases avec les chaises que j' aime beaucoup ne sont probablement pas fixés <eos>,13,fixés,fixées,11,F,fixés,-8.6189165,fixées,-10.629615,1
9022,P_NOUN_8_PASS_b,M,P,les vases avec les chaises que j' aime beaucoup ne sont probablement pas jetés <eos>,13,jetés,jetées,11,F,jetés,-8.092449,jetées,-11.763747,1
9023,P_NOUN_8_PASS_b,M,P,les vases avec les chaises que j' aime beaucoup ne sont probablement pas laissés <eos>,13,laissés,laissées,11,F,laissés,-7.84515,laissées,-10.354115,1
9024,P_NOUN_8_PASS_b,M,P,les vases avec les chaises que j' aime beaucoup ne sont probablement pas ouverts <eos>,13,ouverts,ouvertes,11,F,ouverts,-7.084382,ouvertes,-10.316565,1
9025,P_NOUN_8_PASS_b,M,P,les vases avec les chaises que j' aime beaucoup ne sont probablement pas perdus <eos>,13,perdus,perdues,11,F,perdus,-6.7611637,perdues,-10.314272,1
9026,P_NOUN_8_PASS_b,M,P,les vases avec les chaises que j' aime beaucoup ne sont probablement pas réparés <eos>,13,réparés,réparées,11,F,réparés,-10.476768,réparées,-11.2210865,1
9027,P_NOUN_8_PASS_b,M,P,les vases avec les chaises que j' aime beaucoup ne sont probablement pas retirés <eos>,13,retirés,retirées,11,F,retirés,-9.082938,retirées,-10.760859,1
9028,P_NOUN_8_PASS_b,M,P,les vases avec les chaises que j' aime beaucoup ne sont probablement pas tombés <eos>,13,tombés,tombées,11,F,tombés,-7.364019,tombées,-10.592455,1
9029,P_NOUN_8_PASS_b,M,P,les vases avec les chaises que j' aime beaucoup ne sont probablement pas utilisés <eos>,13,utilisés,utilisées,11,F,utilisés,-5.208846,utilisées,-8.564835,1
9030,P_NOUN_8_PASS_b,M,P,les vases avec les poubelles que j' aime beaucoup ne sont probablement pas achetés <eos>,13,achetés,achetées,11,F,achetés,-8.899064,achetées,-13.108412,1
9031,P_NOUN_8_PASS_b,M,P,les vases avec les poubelles que j' aime beaucoup ne sont probablement pas brisés <eos>,13,brisés,brisées,11,F,brisés,-9.930002,brisées,-11.238396,1
9032,P_NOUN_8_PASS_b,M,P,les vases avec les poubelles que j' aime beaucoup ne sont probablement pas cachés <eos>,13,cachés,cachées,11,F,cachés,-8.121876,cachées,-10.739264,1
9033,P_NOUN_8_PASS_b,M,P,les vases avec les poubelles que j' aime beaucoup ne sont probablement pas cassés <eos>,13,cassés,cassées,11,F,cassés,-9.059468,cassées,-10.737055,1
9034,P_NOUN_8_PASS_b,M,P,les vases avec les poubelles que j' aime beaucoup ne sont probablement pas couverts <eos>,13,couverts,couvertes,11,F,couverts,-6.35398,couvertes,-10.140989,1
9035,P_NOUN_8_PASS_b,M,P,les vases avec les poubelles que j' aime beaucoup ne sont probablement pas déformés <eos>,13,déformés,déformées,11,F,déformés,-10.938167,déformées,-10.446101,0
9036,P_NOUN_8_PASS_b,M,P,les vases avec les poubelles que j' aime beaucoup ne sont probablement pas fixés <eos>,13,fixés,fixées,11,F,fixés,-8.505772,fixées,-10.836616,1
9037,P_NOUN_8_PASS_b,M,P,les vases avec les poubelles que j' aime beaucoup ne sont probablement pas jetés <eos>,13,jetés,jetées,11,F,jetés,-7.7086725,jetées,-11.486688,1
9038,P_NOUN_8_PASS_b,M,P,les vases avec les poubelles que j' aime beaucoup ne sont probablement pas laissés <eos>,13,laissés,laissées,11,F,laissés,-7.6112494,laissées,-10.364698,1
9039,P_NOUN_8_PASS_b,M,P,les vases avec les poubelles que j' aime beaucoup ne sont probablement pas ouverts <eos>,13,ouverts,ouvertes,11,F,ouverts,-6.9423523,ouvertes,-10.26943,1
9040,P_NOUN_8_PASS_b,M,P,les vases avec les poubelles que j' aime beaucoup ne sont probablement pas perdus <eos>,13,perdus,perdues,11,F,perdus,-6.634014,perdues,-10.254432,1
9041,P_NOUN_8_PASS_b,M,P,les vases avec les poubelles que j' aime beaucoup ne sont probablement pas réparés <eos>,13,réparés,réparées,11,F,réparés,-10.385256,réparées,-11.250979,1
9042,P_NOUN_8_PASS_b,M,P,les vases avec les poubelles que j' aime beaucoup ne sont probablement pas retirés <eos>,13,retirés,retirées,11,F,retirés,-8.675471,retirées,-10.971965,1
9043,P_NOUN_8_PASS_b,M,P,les vases avec les poubelles que j' aime beaucoup ne sont probablement pas tombés <eos>,13,tombés,tombées,11,F,tombés,-7.3417535,tombées,-10.924637,1
9044,P_NOUN_8_PASS_b,M,P,les vases avec les poubelles que j' aime beaucoup ne sont probablement pas utilisés <eos>,13,utilisés,utilisées,11,F,utilisés,-5.0853114,utilisées,-8.356689,1
9045,P_NOUN_8_PASS_b,M,P,les vases avec les chemises que j' aime beaucoup ne sont probablement pas achetés <eos>,13,achetés,achetées,11,F,achetés,-9.182856,achetées,-13.04607,1
9046,P_NOUN_8_PASS_b,M,P,les vases avec les chemises que j' aime beaucoup ne sont probablement pas brisés <eos>,13,brisés,brisées,11,F,brisés,-10.055448,brisées,-11.033277,1
9047,P_NOUN_8_PASS_b,M,P,les vases avec les chemises que j' aime beaucoup ne sont probablement pas cachés <eos>,13,cachés,cachées,11,F,cachés,-8.258719,cachées,-10.645063,1
9048,P_NOUN_8_PASS_b,M,P,les vases avec les chemises que j' aime beaucoup ne sont probablement pas cassés <eos>,13,cassés,cassées,11,F,cassés,-9.232942,cassées,-9.923906,1
9049,P_NOUN_8_PASS_b,M,P,les vases avec les chemises que j' aime beaucoup ne sont probablement pas couverts <eos>,13,couverts,couvertes,11,F,couverts,-6.85582,couvertes,-10.488905,1
9050,P_NOUN_8_PASS_b,M,P,les vases avec les chemises que j' aime beaucoup ne sont probablement pas déformés <eos>,13,déformés,déformées,11,F,déformés,-10.87402,déformées,-10.235229,0
9051,P_NOUN_8_PASS_b,M,P,les vases avec les chemises que j' aime beaucoup ne sont probablement pas fixés <eos>,13,fixés,fixées,11,F,fixés,-8.726176,fixées,-10.312469,1
9052,P_NOUN_8_PASS_b,M,P,les vases avec les chemises que j' aime beaucoup ne sont probablement pas jetés <eos>,13,jetés,jetées,11,F,jetés,-7.7673283,jetées,-10.887743,1
9053,P_NOUN_8_PASS_b,M,P,les vases avec les chemises que j' aime beaucoup ne sont probablement pas laissés <eos>,13,laissés,laissées,11,F,laissés,-7.7958145,laissées,-10.527053,1
9054,P_NOUN_8_PASS_b,M,P,les vases avec les chemises que j' aime beaucoup ne sont probablement pas ouverts <eos>,13,ouverts,ouvertes,11,F,ouverts,-8.102072,ouvertes,-11.042314,1
9055,P_NOUN_8_PASS_b,M,P,les vases avec les chemises que j' aime beaucoup ne sont probablement pas perdus <eos>,13,perdus,perdues,11,F,perdus,-6.991761,perdues,-9.958925,1
9056,P_NOUN_8_PASS_b,M,P,les vases avec les chemises que j' aime beaucoup ne sont probablement pas réparés <eos>,13,réparés,réparées,11,F,réparés,-10.77993,réparées,-11.6578865,1
9057,P_NOUN_8_PASS_b,M,P,les vases avec les chemises que j' aime beaucoup ne sont probablement pas retirés <eos>,13,retirés,retirées,11,F,retirés,-8.628961,retirées,-10.512458,1
9058,P_NOUN_8_PASS_b,M,P,les vases avec les chemises que j' aime beaucoup ne sont probablement pas tombés <eos>,13,tombés,tombées,11,F,tombés,-6.648469,tombées,-10.206257,1
9059,P_NOUN_8_PASS_b,M,P,les vases avec les chemises que j' aime beaucoup ne sont probablement pas utilisés <eos>,13,utilisés,utilisées,11,F,utilisés,-4.86787,utilisées,-8.003212,1
9060,P_NOUN_8_PASS_b,M,P,les vases avec les recettes que j' aime beaucoup ne sont probablement pas achetés <eos>,13,achetés,achetées,11,F,achetés,-8.467705,achetées,-12.613396,1
9061,P_NOUN_8_PASS_b,M,P,les vases avec les recettes que j' aime beaucoup ne sont probablement pas brisés <eos>,13,brisés,brisées,11,F,brisés,-10.326771,brisées,-11.40642,1
9062,P_NOUN_8_PASS_b,M,P,les vases avec les recettes que j' aime beaucoup ne sont probablement pas cachés <eos>,13,cachés,cachées,11,F,cachés,-8.159975,cachées,-11.423206,1
9063,P_NOUN_8_PASS_b,M,P,les vases avec les recettes que j' aime beaucoup ne sont probablement pas cassés <eos>,13,cassés,cassées,11,F,cassés,-8.9172535,cassées,-11.1505995,1
9064,P_NOUN_8_PASS_b,M,P,les vases avec les recettes que j' aime beaucoup ne sont probablement pas couverts <eos>,13,couverts,couvertes,11,F,couverts,-6.5965533,couvertes,-10.975624,1
9065,P_NOUN_8_PASS_b,M,P,les vases avec les recettes que j' aime beaucoup ne sont probablement pas déformés <eos>,13,déformés,déformées,11,F,déformés,-11.454041,déformées,-11.035417,0
9066,P_NOUN_8_PASS_b,M,P,les vases avec les recettes que j' aime beaucoup ne sont probablement pas fixés <eos>,13,fixés,fixées,11,F,fixés,-8.226111,fixées,-11.108154,1
9067,P_NOUN_8_PASS_b,M,P,les vases avec les recettes que j' aime beaucoup ne sont probablement pas jetés <eos>,13,jetés,jetées,11,F,jetés,-8.071079,jetées,-11.987995,1
9068,P_NOUN_8_PASS_b,M,P,les vases avec les recettes que j' aime beaucoup ne sont probablement pas laissés <eos>,13,laissés,laissées,11,F,laissés,-7.962656,laissées,-10.543283,1
9069,P_NOUN_8_PASS_b,M,P,les vases avec les recettes que j' aime beaucoup ne sont probablement pas ouverts <eos>,13,ouverts,ouvertes,11,F,ouverts,-7.8901453,ouvertes,-11.469198,1
9070,P_NOUN_8_PASS_b,M,P,les vases avec les recettes que j' aime beaucoup ne sont probablement pas perdus <eos>,13,perdus,perdues,11,F,perdus,-6.4963446,perdues,-10.076529,1
9071,P_NOUN_8_PASS_b,M,P,les vases avec les recettes que j' aime beaucoup ne sont probablement pas réparés <eos>,13,réparés,réparées,11,F,réparés,-10.568134,réparées,-11.822872,1
9072,P_NOUN_8_PASS_b,M,P,les vases avec les recettes que j' aime beaucoup ne sont probablement pas retirés <eos>,13,retirés,retirées,11,F,retirés,-8.548015,retirées,-11.029335,1
9073,P_NOUN_8_PASS_b,M,P,les vases avec les recettes que j' aime beaucoup ne sont probablement pas tombés <eos>,13,tombés,tombées,11,F,tombés,-7.0527496,tombées,-10.898053,1
9074,P_NOUN_8_PASS_b,M,P,les vases avec les recettes que j' aime beaucoup ne sont probablement pas utilisés <eos>,13,utilisés,utilisées,11,F,utilisés,-5.066762,utilisées,-8.507965,1
9075,P_NOUN_8_PASS_b,M,P,les vases avec les jupes que j' aime beaucoup ne sont probablement pas achetés <eos>,13,achetés,achetées,11,F,achetés,-9.164354,achetées,-13.107468,1
9076,P_NOUN_8_PASS_b,M,P,les vases avec les jupes que j' aime beaucoup ne sont probablement pas brisés <eos>,13,brisés,brisées,11,F,brisés,-9.952845,brisées,-11.237289,1
9077,P_NOUN_8_PASS_b,M,P,les vases avec les jupes que j' aime beaucoup ne sont probablement pas cachés <eos>,13,cachés,cachées,11,F,cachés,-8.332985,cachées,-11.015592,1
9078,P_NOUN_8_PASS_b,M,P,les vases avec les jupes que j' aime beaucoup ne sont probablement pas cassés <eos>,13,cassés,cassées,11,F,cassés,-8.894888,cassées,-9.952747,1
9079,P_NOUN_8_PASS_b,M,P,les vases avec les jupes que j' aime beaucoup ne sont probablement pas couverts <eos>,13,couverts,couvertes,11,F,couverts,-6.683367,couvertes,-10.4643755,1
9080,P_NOUN_8_PASS_b,M,P,les vases avec les jupes que j' aime beaucoup ne sont probablement pas déformés <eos>,13,déformés,déformées,11,F,déformés,-10.752862,déformées,-10.2289,0
9081,P_NOUN_8_PASS_b,M,P,les vases avec les jupes que j' aime beaucoup ne sont probablement pas fixés <eos>,13,fixés,fixées,11,F,fixés,-8.2692375,fixées,-10.465485,1
9082,P_NOUN_8_PASS_b,M,P,les vases avec les jupes que j' aime beaucoup ne sont probablement pas jetés <eos>,13,jetés,jetées,11,F,jetés,-8.21891,jetées,-11.650984,1
9083,P_NOUN_8_PASS_b,M,P,les vases avec les jupes que j' aime beaucoup ne sont probablement pas laissés <eos>,13,laissés,laissées,11,F,laissés,-8.258832,laissées,-10.807072,1
9084,P_NOUN_8_PASS_b,M,P,les vases avec les jupes que j' aime beaucoup ne sont probablement pas ouverts <eos>,13,ouverts,ouvertes,11,F,ouverts,-7.4567223,ouvertes,-10.906007,1
9085,P_NOUN_8_PASS_b,M,P,les vases avec les jupes que j' aime beaucoup ne sont probablement pas perdus <eos>,13,perdus,perdues,11,F,perdus,-7.03973,perdues,-10.698822,1
9086,P_NOUN_8_PASS_b,M,P,les vases avec les jupes que j' aime beaucoup ne sont probablement pas réparés <eos>,13,réparés,réparées,11,F,réparés,-10.785827,réparées,-11.576689,1
9087,P_NOUN_8_PASS_b,M,P,les vases avec les jupes que j' aime beaucoup ne sont probablement pas retirés <eos>,13,retirés,retirées,11,F,retirés,-8.929474,retirées,-10.831705,1
9088,P_NOUN_8_PASS_b,M,P,les vases avec les jupes que j' aime beaucoup ne sont probablement pas tombés <eos>,13,tombés,tombées,11,F,tombés,-7.2563515,tombées,-10.704862,1
9089,P_NOUN_8_PASS_b,M,P,les vases avec les jupes que j' aime beaucoup ne sont probablement pas utilisés <eos>,13,utilisés,utilisées,11,F,utilisés,-4.9151235,utilisées,-8.3261795,1
9090,P_NOUN_8_PASS_b,M,P,les vases avec les colles que j' aime beaucoup ne sont probablement pas achetés <eos>,13,achetés,achetées,11,F,achetés,-9.259699,achetées,-13.1642,1
9091,P_NOUN_8_PASS_b,M,P,les vases avec les colles que j' aime beaucoup ne sont probablement pas brisés <eos>,13,brisés,brisées,11,F,brisés,-10.201311,brisées,-11.285988,1
9092,P_NOUN_8_PASS_b,M,P,les vases avec les colles que j' aime beaucoup ne sont probablement pas cachés <eos>,13,cachés,cachées,11,F,cachés,-8.608593,cachées,-11.106738,1
9093,P_NOUN_8_PASS_b,M,P,les vases avec les colles que j' aime beaucoup ne sont probablement pas cassés <eos>,13,cassés,cassées,11,F,cassés,-8.734545,cassées,-10.199413,1
9094,P_NOUN_8_PASS_b,M,P,les vases avec les colles que j' aime beaucoup ne sont probablement pas couverts <eos>,13,couverts,couvertes,11,F,couverts,-6.871417,couvertes,-10.261018,1
9095,P_NOUN_8_PASS_b,M,P,les vases avec les colles que j' aime beaucoup ne sont probablement pas déformés <eos>,13,déformés,déformées,11,F,déformés,-11.144335,déformées,-9.979361,0
9096,P_NOUN_8_PASS_b,M,P,les vases avec les colles que j' aime beaucoup ne sont probablement pas fixés <eos>,13,fixés,fixées,11,F,fixés,-8.660985,fixées,-10.782865,1
9097,P_NOUN_8_PASS_b,M,P,les vases avec les colles que j' aime beaucoup ne sont probablement pas jetés <eos>,13,jetés,jetées,11,F,jetés,-8.380629,jetées,-11.764673,1
9098,P_NOUN_8_PASS_b,M,P,les vases avec les colles que j' aime beaucoup ne sont probablement pas laissés <eos>,13,laissés,laissées,11,F,laissés,-8.246595,laissées,-10.110332,1
9099,P_NOUN_8_PASS_b,M,P,les vases avec les colles que j' aime beaucoup ne sont probablement pas ouverts <eos>,13,ouverts,ouvertes,11,F,ouverts,-7.778021,ouvertes,-10.738076,1
9100,P_NOUN_8_PASS_b,M,P,les vases avec les colles que j' aime beaucoup ne sont probablement pas perdus <eos>,13,perdus,perdues,11,F,perdus,-7.168253,perdues,-10.282692,1
9101,P_NOUN_8_PASS_b,M,P,les vases avec les colles que j' aime beaucoup ne sont probablement pas réparés <eos>,13,réparés,réparées,11,F,réparés,-10.663021,réparées,-11.27158,1
9102,P_NOUN_8_PASS_b,M,P,les vases avec les colles que j' aime beaucoup ne sont probablement pas retirés <eos>,13,retirés,retirées,11,F,retirés,-8.744681,retirées,-10.724276,1
9103,P_NOUN_8_PASS_b,M,P,les vases avec les colles que j' aime beaucoup ne sont probablement pas tombés <eos>,13,tombés,tombées,11,F,tombés,-7.6079607,tombées,-10.761391,1
9104,P_NOUN_8_PASS_b,M,P,les vases avec les colles que j' aime beaucoup ne sont probablement pas utilisés <eos>,13,utilisés,utilisées,11,F,utilisés,-4.827113,utilisées,-7.736595,1
9105,P_NOUN_8_PASS_b,M,P,les vases avec les lampes que j' aime beaucoup ne sont probablement pas achetés <eos>,13,achetés,achetées,11,F,achetés,-9.069709,achetées,-13.554336,1
9106,P_NOUN_8_PASS_b,M,P,les vases avec les lampes que j' aime beaucoup ne sont probablement pas brisés <eos>,13,brisés,brisées,11,F,brisés,-9.656373,brisées,-11.032058,1
9107,P_NOUN_8_PASS_b,M,P,les vases avec les lampes que j' aime beaucoup ne sont probablement pas cachés <eos>,13,cachés,cachées,11,F,cachés,-8.118036,cachées,-11.011165,1
9108,P_NOUN_8_PASS_b,M,P,les vases avec les lampes que j' aime beaucoup ne sont probablement pas cassés <eos>,13,cassés,cassées,11,F,cassés,-8.9916525,cassées,-10.249904,1
9109,P_NOUN_8_PASS_b,M,P,les vases avec les lampes que j' aime beaucoup ne sont probablement pas couverts <eos>,13,couverts,couvertes,11,F,couverts,-6.8687153,couvertes,-10.79981,1
9110,P_NOUN_8_PASS_b,M,P,les vases avec les lampes que j' aime beaucoup ne sont probablement pas déformés <eos>,13,déformés,déformées,11,F,déformés,-10.393808,déformées,-9.677403,0
9111,P_NOUN_8_PASS_b,M,P,les vases avec les lampes que j' aime beaucoup ne sont probablement pas fixés <eos>,13,fixés,fixées,11,F,fixés,-8.4282,fixées,-10.497619,1
9112,P_NOUN_8_PASS_b,M,P,les vases avec les lampes que j' aime beaucoup ne sont probablement pas jetés <eos>,13,jetés,jetées,11,F,jetés,-7.7251344,jetées,-11.436567,1
9113,P_NOUN_8_PASS_b,M,P,les vases avec les lampes que j' aime beaucoup ne sont probablement pas laissés <eos>,13,laissés,laissées,11,F,laissés,-7.946893,laissées,-10.794758,1
9114,P_NOUN_8_PASS_b,M,P,les vases avec les lampes que j' aime beaucoup ne sont probablement pas ouverts <eos>,13,ouverts,ouvertes,11,F,ouverts,-7.7265525,ouvertes,-11.111502,1
9115,P_NOUN_8_PASS_b,M,P,les vases avec les lampes que j' aime beaucoup ne sont probablement pas perdus <eos>,13,perdus,perdues,11,F,perdus,-6.772845,perdues,-10.2662735,1
9116,P_NOUN_8_PASS_b,M,P,les vases avec les lampes que j' aime beaucoup ne sont probablement pas réparés <eos>,13,réparés,réparées,11,F,réparés,-10.869751,réparées,-11.6014595,1
9117,P_NOUN_8_PASS_b,M,P,les vases avec les lampes que j' aime beaucoup ne sont probablement pas retirés <eos>,13,retirés,retirées,11,F,retirés,-8.572647,retirées,-10.604921,1
9118,P_NOUN_8_PASS_b,M,P,les vases avec les lampes que j' aime beaucoup ne sont probablement pas tombés <eos>,13,tombés,tombées,11,F,tombés,-7.351635,tombées,-10.7420225,1
9119,P_NOUN_8_PASS_b,M,P,les vases avec les lampes que j' aime beaucoup ne sont probablement pas utilisés <eos>,13,utilisés,utilisées,11,F,utilisés,-4.5099955,utilisées,-8.084561,1
9120,P_NOUN_8_PASS_b,M,P,les vases avec les bouteilles que j' aime beaucoup ne sont probablement pas achetés <eos>,13,achetés,achetées,11,F,achetés,-8.478874,achetées,-12.391594,1
9121,P_NOUN_8_PASS_b,M,P,les vases avec les bouteilles que j' aime beaucoup ne sont probablement pas brisés <eos>,13,brisés,brisées,11,F,brisés,-10.185807,brisées,-11.3312645,1
9122,P_NOUN_8_PASS_b,M,P,les vases avec les bouteilles que j' aime beaucoup ne sont probablement pas cachés <eos>,13,cachés,cachées,11,F,cachés,-8.030345,cachées,-11.056735,1
9123,P_NOUN_8_PASS_b,M,P,les vases avec les bouteilles que j' aime beaucoup ne sont probablement pas cassés <eos>,13,cassés,cassées,11,F,cassés,-8.864571,cassées,-10.442313,1
9124,P_NOUN_8_PASS_b,M,P,les vases avec les bouteilles que j' aime beaucoup ne sont probablement pas couverts <eos>,13,couverts,couvertes,11,F,couverts,-6.704789,couvertes,-10.84296,1
9125,P_NOUN_8_PASS_b,M,P,les vases avec les bouteilles que j' aime beaucoup ne sont probablement pas déformés <eos>,13,déformés,déformées,11,F,déformés,-11.01654,déformées,-10.521355,0
9126,P_NOUN_8_PASS_b,M,P,les vases avec les bouteilles que j' aime beaucoup ne sont probablement pas fixés <eos>,13,fixés,fixées,11,F,fixés,-8.567482,fixées,-11.284986,1
9127,P_NOUN_8_PASS_b,M,P,les vases avec les bouteilles que j' aime beaucoup ne sont probablement pas jetés <eos>,13,jetés,jetées,11,F,jetés,-7.9758835,jetées,-12.004399,1
9128,P_NOUN_8_PASS_b,M,P,les vases avec les bouteilles que j' aime beaucoup ne sont probablement pas laissés <eos>,13,laissés,laissées,11,F,laissés,-7.9164596,laissées,-10.446741,1
9129,P_NOUN_8_PASS_b,M,P,les vases avec les bouteilles que j' aime beaucoup ne sont probablement pas ouverts <eos>,13,ouverts,ouvertes,11,F,ouverts,-7.4529986,ouvertes,-10.953989,1
9130,P_NOUN_8_PASS_b,M,P,les vases avec les bouteilles que j' aime beaucoup ne sont probablement pas perdus <eos>,13,perdus,perdues,11,F,perdus,-6.544136,perdues,-10.261637,1
9131,P_NOUN_8_PASS_b,M,P,les vases avec les bouteilles que j' aime beaucoup ne sont probablement pas réparés <eos>,13,réparés,réparées,11,F,réparés,-10.7973,réparées,-11.565664,1
9132,P_NOUN_8_PASS_b,M,P,les vases avec les bouteilles que j' aime beaucoup ne sont probablement pas retirés <eos>,13,retirés,retirées,11,F,retirés,-8.767633,retirées,-10.989546,1
9133,P_NOUN_8_PASS_b,M,P,les vases avec les bouteilles que j' aime beaucoup ne sont probablement pas tombés <eos>,13,tombés,tombées,11,F,tombés,-7.276803,tombées,-10.986513,1
9134,P_NOUN_8_PASS_b,M,P,les vases avec les bouteilles que j' aime beaucoup ne sont probablement pas utilisés <eos>,13,utilisés,utilisées,11,F,utilisés,-5.1239643,utilisées,-8.459168,1
9135,P_NOUN_8_PASS_b,M,P,les vases avec les boissons que j' aime beaucoup ne sont probablement pas achetés <eos>,13,achetés,achetées,11,F,achetés,-8.599758,achetées,-11.825411,1
9136,P_NOUN_8_PASS_b,M,P,les vases avec les boissons que j' aime beaucoup ne sont probablement pas brisés <eos>,13,brisés,brisées,11,F,brisés,-10.935316,brisées,-10.768181,0
9137,P_NOUN_8_PASS_b,M,P,les vases avec les boissons que j' aime beaucoup ne sont probablement pas cachés <eos>,13,cachés,cachées,11,F,cachés,-8.292383,cachées,-10.521707,1
9138,P_NOUN_8_PASS_b,M,P,les vases avec les boissons que j' aime beaucoup ne sont probablement pas cassés <eos>,13,cassés,cassées,11,F,cassés,-9.233053,cassées,-10.134206,1
9139,P_NOUN_8_PASS_b,M,P,les vases avec les boissons que j' aime beaucoup ne sont probablement pas couverts <eos>,13,couverts,couvertes,11,F,couverts,-6.573948,couvertes,-9.589188,1
9140,P_NOUN_8_PASS_b,M,P,les vases avec les boissons que j' aime beaucoup ne sont probablement pas déformés <eos>,13,déformés,déformées,11,F,déformés,-11.894957,déformées,-10.045888,0
9141,P_NOUN_8_PASS_b,M,P,les vases avec les boissons que j' aime beaucoup ne sont probablement pas fixés <eos>,13,fixés,fixées,11,F,fixés,-8.635621,fixées,-10.223721,1
9142,P_NOUN_8_PASS_b,M,P,les vases avec les boissons que j' aime beaucoup ne sont probablement pas jetés <eos>,13,jetés,jetées,11,F,jetés,-8.309323,jetées,-10.574779,1
9143,P_NOUN_8_PASS_b,M,P,les vases avec les boissons que j' aime beaucoup ne sont probablement pas laissés <eos>,13,laissés,laissées,11,F,laissés,-8.0347595,laissées,-9.19561,1
9144,P_NOUN_8_PASS_b,M,P,les vases avec les boissons que j' aime beaucoup ne sont probablement pas ouverts <eos>,13,ouverts,ouvertes,11,F,ouverts,-7.9838963,ouvertes,-10.037214,1
9145,P_NOUN_8_PASS_b,M,P,les vases avec les boissons que j' aime beaucoup ne sont probablement pas perdus <eos>,13,perdus,perdues,11,F,perdus,-7.21175,perdues,-9.356838,1
9146,P_NOUN_8_PASS_b,M,P,les vases avec les boissons que j' aime beaucoup ne sont probablement pas réparés <eos>,13,réparés,réparées,11,F,réparés,-10.834841,réparées,-11.182119,1
9147,P_NOUN_8_PASS_b,M,P,les vases avec les boissons que j' aime beaucoup ne sont probablement pas retirés <eos>,13,retirés,retirées,11,F,retirés,-8.842817,retirées,-10.029801,1
9148,P_NOUN_8_PASS_b,M,P,les vases avec les boissons que j' aime beaucoup ne sont probablement pas tombés <eos>,13,tombés,tombées,11,F,tombés,-7.2498484,tombées,-10.096572,1
9149,P_NOUN_8_PASS_b,M,P,les vases avec les boissons que j' aime beaucoup ne sont probablement pas utilisés <eos>,13,utilisés,utilisées,11,F,utilisés,-4.6458387,utilisées,-6.8983974,1
9150,P_NOUN_8_PASS_b,M,P,les vases avec les pommes que j' aime beaucoup ne sont probablement pas achetés <eos>,13,achetés,achetées,11,F,achetés,-8.372934,achetées,-11.408364,1
9151,P_NOUN_8_PASS_b,M,P,les vases avec les pommes que j' aime beaucoup ne sont probablement pas brisés <eos>,13,brisés,brisées,11,F,brisés,-10.570116,brisées,-10.703796,1
9152,P_NOUN_8_PASS_b,M,P,les vases avec les pommes que j' aime beaucoup ne sont probablement pas cachés <eos>,13,cachés,cachées,11,F,cachés,-8.200914,cachées,-10.163921,1
9153,P_NOUN_8_PASS_b,M,P,les vases avec les pommes que j' aime beaucoup ne sont probablement pas cassés <eos>,13,cassés,cassées,11,F,cassés,-8.803226,cassées,-10.050904,1
9154,P_NOUN_8_PASS_b,M,P,les vases avec les pommes que j' aime beaucoup ne sont probablement pas couverts <eos>,13,couverts,couvertes,11,F,couverts,-6.613224,couvertes,-9.7542515,1
9155,P_NOUN_8_PASS_b,M,P,les vases avec les pommes que j' aime beaucoup ne sont probablement pas déformés <eos>,13,déformés,déformées,11,F,déformés,-11.822529,déformées,-10.199279,0
9156,P_NOUN_8_PASS_b,M,P,les vases avec les pommes que j' aime beaucoup ne sont probablement pas fixés <eos>,13,fixés,fixées,11,F,fixés,-8.693119,fixées,-10.44042,1
9157,P_NOUN_8_PASS_b,M,P,les vases avec les pommes que j' aime beaucoup ne sont probablement pas jetés <eos>,13,jetés,jetées,11,F,jetés,-8.388133,jetées,-10.37825,1
9158,P_NOUN_8_PASS_b,M,P,les vases avec les pommes que j' aime beaucoup ne sont probablement pas laissés <eos>,13,laissés,laissées,11,F,laissés,-7.625533,laissées,-9.571817,1
9159,P_NOUN_8_PASS_b,M,P,les vases avec les pommes que j' aime beaucoup ne sont probablement pas ouverts <eos>,13,ouverts,ouvertes,11,F,ouverts,-7.932419,ouvertes,-10.2712755,1
9160,P_NOUN_8_PASS_b,M,P,les vases avec les pommes que j' aime beaucoup ne sont probablement pas perdus <eos>,13,perdus,perdues,11,F,perdus,-7.046813,perdues,-9.221019,1
9161,P_NOUN_8_PASS_b,M,P,les vases avec les pommes que j' aime beaucoup ne sont probablement pas réparés <eos>,13,réparés,réparées,11,F,réparés,-10.841799,réparées,-11.269873,1
9162,P_NOUN_8_PASS_b,M,P,les vases avec les pommes que j' aime beaucoup ne sont probablement pas retirés <eos>,13,retirés,retirées,11,F,retirés,-8.689343,retirées,-10.035915,1
9163,P_NOUN_8_PASS_b,M,P,les vases avec les pommes que j' aime beaucoup ne sont probablement pas tombés <eos>,13,tombés,tombées,11,F,tombés,-6.8235345,tombées,-9.532097,1
9164,P_NOUN_8_PASS_b,M,P,les vases avec les pommes que j' aime beaucoup ne sont probablement pas utilisés <eos>,13,utilisés,utilisées,11,F,utilisés,-5.0466933,utilisées,-7.309917,1
9165,P_NOUN_8_PASS_b,M,P,les vases avec les tasses que j' aime beaucoup ne sont probablement pas achetés <eos>,13,achetés,achetées,11,F,achetés,-8.845702,achetées,-12.488295,1
9166,P_NOUN_8_PASS_b,M,P,les vases avec les tasses que j' aime beaucoup ne sont probablement pas brisés <eos>,13,brisés,brisées,11,F,brisés,-9.861112,brisées,-10.905959,1
9167,P_NOUN_8_PASS_b,M,P,les vases avec les tasses que j' aime beaucoup ne sont probablement pas cachés <eos>,13,cachés,cachées,11,F,cachés,-8.581975,cachées,-10.935559,1
9168,P_NOUN_8_PASS_b,M,P,les vases avec les tasses que j' aime beaucoup ne sont probablement pas cassés <eos>,13,cassés,cassées,11,F,cassés,-8.774188,cassées,-10.308578,1
9169,P_NOUN_8_PASS_b,M,P,les vases avec les tasses que j' aime beaucoup ne sont probablement pas couverts <eos>,13,couverts,couvertes,11,F,couverts,-6.217381,couvertes,-10.110969,1
9170,P_NOUN_8_PASS_b,M,P,les vases avec les tasses que j' aime beaucoup ne sont probablement pas déformés <eos>,13,déformés,déformées,11,F,déformés,-11.132832,déformées,-10.232834,0
9171,P_NOUN_8_PASS_b,M,P,les vases avec les tasses que j' aime beaucoup ne sont probablement pas fixés <eos>,13,fixés,fixées,11,F,fixés,-8.517632,fixées,-10.670352,1
9172,P_NOUN_8_PASS_b,M,P,les vases avec les tasses que j' aime beaucoup ne sont probablement pas jetés <eos>,13,jetés,jetées,11,F,jetés,-8.060911,jetées,-11.59507,1
9173,P_NOUN_8_PASS_b,M,P,les vases avec les tasses que j' aime beaucoup ne sont probablement pas laissés <eos>,13,laissés,laissées,11,F,laissés,-7.813105,laissées,-9.895189,1
9174,P_NOUN_8_PASS_b,M,P,les vases avec les tasses que j' aime beaucoup ne sont probablement pas ouverts <eos>,13,ouverts,ouvertes,11,F,ouverts,-7.374437,ouvertes,-10.456522,1
9175,P_NOUN_8_PASS_b,M,P,les vases avec les tasses que j' aime beaucoup ne sont probablement pas perdus <eos>,13,perdus,perdues,11,F,perdus,-6.5867233,perdues,-9.954769,1
9176,P_NOUN_8_PASS_b,M,P,les vases avec les tasses que j' aime beaucoup ne sont probablement pas réparés <eos>,13,réparés,réparées,11,F,réparés,-10.517046,réparées,-11.197473,1
9177,P_NOUN_8_PASS_b,M,P,les vases avec les tasses que j' aime beaucoup ne sont probablement pas retirés <eos>,13,retirés,retirées,11,F,retirés,-8.636752,retirées,-10.552287,1
9178,P_NOUN_8_PASS_b,M,P,les vases avec les tasses que j' aime beaucoup ne sont probablement pas tombés <eos>,13,tombés,tombées,11,F,tombés,-7.26581,tombées,-10.483175,1
9179,P_NOUN_8_PASS_b,M,P,les vases avec les tasses que j' aime beaucoup ne sont probablement pas utilisés <eos>,13,utilisés,utilisées,11,F,utilisés,-4.917074,utilisées,-7.995596,1
9180,P_NOUN_8_PASS_b,M,P,les vases avec les bougies que j' aime beaucoup ne sont probablement pas achetés <eos>,13,achetés,achetées,11,F,achetés,-8.815821,achetées,-12.616576,1
9181,P_NOUN_8_PASS_b,M,P,les vases avec les bougies que j' aime beaucoup ne sont probablement pas brisés <eos>,13,brisés,brisées,11,F,brisés,-10.10436,brisées,-11.430213,1
9182,P_NOUN_8_PASS_b,M,P,les vases avec les bougies que j' aime beaucoup ne sont probablement pas cachés <eos>,13,cachés,cachées,11,F,cachés,-7.96514,cachées,-11.186983,1
9183,P_NOUN_8_PASS_b,M,P,les vases avec les bougies que j' aime beaucoup ne sont probablement pas cassés <eos>,13,cassés,cassées,11,F,cassés,-8.99534,cassées,-10.646387,1
9184,P_NOUN_8_PASS_b,M,P,les vases avec les bougies que j' aime beaucoup ne sont probablement pas couverts <eos>,13,couverts,couvertes,11,F,couverts,-6.7726326,couvertes,-11.053963,1
9185,P_NOUN_8_PASS_b,M,P,les vases avec les bougies que j' aime beaucoup ne sont probablement pas déformés <eos>,13,déformés,déformées,11,F,déformés,-10.755446,déformées,-10.5709095,0
9186,P_NOUN_8_PASS_b,M,P,les vases avec les bougies que j' aime beaucoup ne sont probablement pas fixés <eos>,13,fixés,fixées,11,F,fixés,-8.353975,fixées,-10.84408,1
9187,P_NOUN_8_PASS_b,M,P,les vases avec les bougies que j' aime beaucoup ne sont probablement pas jetés <eos>,13,jetés,jetées,11,F,jetés,-7.7140565,jetées,-11.526403,1
9188,P_NOUN_8_PASS_b,M,P,les vases avec les bougies que j' aime beaucoup ne sont probablement pas laissés <eos>,13,laissés,laissées,11,F,laissés,-7.7922063,laissées,-10.896217,1
9189,P_NOUN_8_PASS_b,M,P,les vases avec les bougies que j' aime beaucoup ne sont probablement pas ouverts <eos>,13,ouverts,ouvertes,11,F,ouverts,-7.75749,ouvertes,-11.222576,1
9190,P_NOUN_8_PASS_b,M,P,les vases avec les bougies que j' aime beaucoup ne sont probablement pas perdus <eos>,13,perdus,perdues,11,F,perdus,-6.688597,perdues,-10.351273,1
9191,P_NOUN_8_PASS_b,M,P,les vases avec les bougies que j' aime beaucoup ne sont probablement pas réparés <eos>,13,réparés,réparées,11,F,réparés,-10.649648,réparées,-11.574446,1
9192,P_NOUN_8_PASS_b,M,P,les vases avec les bougies que j' aime beaucoup ne sont probablement pas retirés <eos>,13,retirés,retirées,11,F,retirés,-8.759042,retirées,-10.714051,1
9193,P_NOUN_8_PASS_b,M,P,les vases avec les bougies que j' aime beaucoup ne sont probablement pas tombés <eos>,13,tombés,tombées,11,F,tombés,-6.465852,tombées,-10.501704,1
9194,P_NOUN_8_PASS_b,M,P,les vases avec les bougies que j' aime beaucoup ne sont probablement pas utilisés <eos>,13,utilisés,utilisées,11,F,utilisés,-5.075594,utilisées,-8.545782,1
9195,P_NOUN_8_PASS_b,M,P,les vases avec les pochettes que j' aime beaucoup ne sont probablement pas achetés <eos>,13,achetés,achetées,11,F,achetés,-8.736534,achetées,-11.529974,1
9196,P_NOUN_8_PASS_b,M,P,les vases avec les pochettes que j' aime beaucoup ne sont probablement pas brisés <eos>,13,brisés,brisées,11,F,brisés,-10.19185,brisées,-10.935955,1
9197,P_NOUN_8_PASS_b,M,P,les vases avec les pochettes que j' aime beaucoup ne sont probablement pas cachés <eos>,13,cachés,cachées,11,F,cachés,-8.564495,cachées,-10.370008,1
9198,P_NOUN_8_PASS_b,M,P,les vases avec les pochettes que j' aime beaucoup ne sont probablement pas cassés <eos>,13,cassés,cassées,11,F,cassés,-9.534968,cassées,-10.668425,1
9199,P_NOUN_8_PASS_b,M,P,les vases avec les pochettes que j' aime beaucoup ne sont probablement pas couverts <eos>,13,couverts,couvertes,11,F,couverts,-7.098852,couvertes,-10.010034,1
9200,P_NOUN_8_PASS_b,M,P,les vases avec les pochettes que j' aime beaucoup ne sont probablement pas déformés <eos>,13,déformés,déformées,11,F,déformés,-10.896133,déformées,-9.545397,0
9201,P_NOUN_8_PASS_b,M,P,les vases avec les pochettes que j' aime beaucoup ne sont probablement pas fixés <eos>,13,fixés,fixées,11,F,fixés,-8.983782,fixées,-10.687268,1
9202,P_NOUN_8_PASS_b,M,P,les vases avec les pochettes que j' aime beaucoup ne sont probablement pas jetés <eos>,13,jetés,jetées,11,F,jetés,-8.434276,jetées,-12.087451,1
9203,P_NOUN_8_PASS_b,M,P,les vases avec les pochettes que j' aime beaucoup ne sont probablement pas laissés <eos>,13,laissés,laissées,11,F,laissés,-8.226234,laissées,-9.473293,1
9204,P_NOUN_8_PASS_b,M,P,les vases avec les pochettes que j' aime beaucoup ne sont probablement pas ouverts <eos>,13,ouverts,ouvertes,11,F,ouverts,-7.089473,ouvertes,-9.452413,1
9205,P_NOUN_8_PASS_b,M,P,les vases avec les pochettes que j' aime beaucoup ne sont probablement pas perdus <eos>,13,perdus,perdues,11,F,perdus,-6.4789925,perdues,-9.242037,1
9206,P_NOUN_8_PASS_b,M,P,les vases avec les pochettes que j' aime beaucoup ne sont probablement pas réparés <eos>,13,réparés,réparées,11,F,réparés,-11.04468,réparées,-10.827618,0
9207,P_NOUN_8_PASS_b,M,P,les vases avec les pochettes que j' aime beaucoup ne sont probablement pas retirés <eos>,13,retirés,retirées,11,F,retirés,-9.156959,retirées,-10.290209,1
9208,P_NOUN_8_PASS_b,M,P,les vases avec les pochettes que j' aime beaucoup ne sont probablement pas tombés <eos>,13,tombés,tombées,11,F,tombés,-8.144191,tombées,-10.629174,1
9209,P_NOUN_8_PASS_b,M,P,les vases avec les pochettes que j' aime beaucoup ne sont probablement pas utilisés <eos>,13,utilisés,utilisées,11,F,utilisés,-5.4473476,utilisées,-7.870125,1
9210,P_NOUN_8_PASS_b,M,P,les vases avec les bananes que j' aime beaucoup ne sont probablement pas achetés <eos>,13,achetés,achetées,11,F,achetés,-8.378667,achetées,-12.88969,1
9211,P_NOUN_8_PASS_b,M,P,les vases avec les bananes que j' aime beaucoup ne sont probablement pas brisés <eos>,13,brisés,brisées,11,F,brisés,-10.296013,brisées,-11.407674,1
9212,P_NOUN_8_PASS_b,M,P,les vases avec les bananes que j' aime beaucoup ne sont probablement pas cachés <eos>,13,cachés,cachées,11,F,cachés,-8.471119,cachées,-11.687445,1
9213,P_NOUN_8_PASS_b,M,P,les vases avec les bananes que j' aime beaucoup ne sont probablement pas cassés <eos>,13,cassés,cassées,11,F,cassés,-8.971525,cassées,-10.595132,1
9214,P_NOUN_8_PASS_b,M,P,les vases avec les bananes que j' aime beaucoup ne sont probablement pas couverts <eos>,13,couverts,couvertes,11,F,couverts,-6.566574,couvertes,-10.872716,1
9215,P_NOUN_8_PASS_b,M,P,les vases avec les bananes que j' aime beaucoup ne sont probablement pas déformés <eos>,13,déformés,déformées,11,F,déformés,-11.522874,déformées,-10.908072,0
9216,P_NOUN_8_PASS_b,M,P,les vases avec les bananes que j' aime beaucoup ne sont probablement pas fixés <eos>,13,fixés,fixées,11,F,fixés,-8.387369,fixées,-11.180339,1
9217,P_NOUN_8_PASS_b,M,P,les vases avec les bananes que j' aime beaucoup ne sont probablement pas jetés <eos>,13,jetés,jetées,11,F,jetés,-8.427519,jetées,-11.09882,1
9218,P_NOUN_8_PASS_b,M,P,les vases avec les bananes que j' aime beaucoup ne sont probablement pas laissés <eos>,13,laissés,laissées,11,F,laissés,-7.562072,laissées,-10.693854,1
9219,P_NOUN_8_PASS_b,M,P,les vases avec les bananes que j' aime beaucoup ne sont probablement pas ouverts <eos>,13,ouverts,ouvertes,11,F,ouverts,-7.96542,ouvertes,-11.608692,1
9220,P_NOUN_8_PASS_b,M,P,les vases avec les bananes que j' aime beaucoup ne sont probablement pas perdus <eos>,13,perdus,perdues,11,F,perdus,-6.856578,perdues,-10.519973,1
9221,P_NOUN_8_PASS_b,M,P,les vases avec les bananes que j' aime beaucoup ne sont probablement pas réparés <eos>,13,réparés,réparées,11,F,réparés,-10.948267,réparées,-12.308477,1
9222,P_NOUN_8_PASS_b,M,P,les vases avec les bananes que j' aime beaucoup ne sont probablement pas retirés <eos>,13,retirés,retirées,11,F,retirés,-8.776141,retirées,-11.306208,1
9223,P_NOUN_8_PASS_b,M,P,les vases avec les bananes que j' aime beaucoup ne sont probablement pas tombés <eos>,13,tombés,tombées,11,F,tombés,-6.94751,tombées,-10.719494,1
9224,P_NOUN_8_PASS_b,M,P,les vases avec les bananes que j' aime beaucoup ne sont probablement pas utilisés <eos>,13,utilisés,utilisées,11,F,utilisés,-4.7284546,utilisées,-8.283269,1
9225,P_NOUN_8_PASS_b,M,P,les vases avec les robes que j' aime beaucoup ne sont probablement pas achetés <eos>,13,achetés,achetées,11,F,achetés,-9.190705,achetées,-13.29494,1
9226,P_NOUN_8_PASS_b,M,P,les vases avec les robes que j' aime beaucoup ne sont probablement pas brisés <eos>,13,brisés,brisées,11,F,brisés,-10.587733,brisées,-11.665622,1
9227,P_NOUN_8_PASS_b,M,P,les vases avec les robes que j' aime beaucoup ne sont probablement pas cachés <eos>,13,cachés,cachées,11,F,cachés,-8.307865,cachées,-11.312924,1
9228,P_NOUN_8_PASS_b,M,P,les vases avec les robes que j' aime beaucoup ne sont probablement pas cassés <eos>,13,cassés,cassées,11,F,cassés,-9.437836,cassées,-10.54678,1
9229,P_NOUN_8_PASS_b,M,P,les vases avec les robes que j' aime beaucoup ne sont probablement pas couverts <eos>,13,couverts,couvertes,11,F,couverts,-6.72136,couvertes,-10.696772,1
9230,P_NOUN_8_PASS_b,M,P,les vases avec les robes que j' aime beaucoup ne sont probablement pas déformés <eos>,13,déformés,déformées,11,F,déformés,-10.779071,déformées,-10.590942,0
9231,P_NOUN_8_PASS_b,M,P,les vases avec les robes que j' aime beaucoup ne sont probablement pas fixés <eos>,13,fixés,fixées,11,F,fixés,-8.765184,fixées,-10.846845,1
9232,P_NOUN_8_PASS_b,M,P,les vases avec les robes que j' aime beaucoup ne sont probablement pas jetés <eos>,13,jetés,jetées,11,F,jetés,-8.301211,jetées,-11.752717,1
9233,P_NOUN_8_PASS_b,M,P,les vases avec les robes que j' aime beaucoup ne sont probablement pas laissés <eos>,13,laissés,laissées,11,F,laissés,-8.274364,laissées,-10.708767,1
9234,P_NOUN_8_PASS_b,M,P,les vases avec les robes que j' aime beaucoup ne sont probablement pas ouverts <eos>,13,ouverts,ouvertes,11,F,ouverts,-7.864224,ouvertes,-11.038124,1
9235,P_NOUN_8_PASS_b,M,P,les vases avec les robes que j' aime beaucoup ne sont probablement pas perdus <eos>,13,perdus,perdues,11,F,perdus,-7.418278,perdues,-10.614065,1
9236,P_NOUN_8_PASS_b,M,P,les vases avec les robes que j' aime beaucoup ne sont probablement pas réparés <eos>,13,réparés,réparées,11,F,réparés,-10.836499,réparées,-11.97453,1
9237,P_NOUN_8_PASS_b,M,P,les vases avec les robes que j' aime beaucoup ne sont probablement pas retirés <eos>,13,retirés,retirées,11,F,retirés,-9.017666,retirées,-11.071871,1
9238,P_NOUN_8_PASS_b,M,P,les vases avec les robes que j' aime beaucoup ne sont probablement pas tombés <eos>,13,tombés,tombées,11,F,tombés,-7.059294,tombées,-10.790226,1
9239,P_NOUN_8_PASS_b,M,P,les vases avec les robes que j' aime beaucoup ne sont probablement pas utilisés <eos>,13,utilisés,utilisées,11,F,utilisés,-4.9560137,utilisées,-8.301108,1
9240,P_NOUN_8_PASS_b,M,P,les vases avec les valises que j' aime beaucoup ne sont probablement pas achetés <eos>,13,achetés,achetées,11,F,achetés,-8.993254,achetées,-12.943428,1
9241,P_NOUN_8_PASS_b,M,P,les vases avec les valises que j' aime beaucoup ne sont probablement pas brisés <eos>,13,brisés,brisées,11,F,brisés,-10.120199,brisées,-11.212455,1
9242,P_NOUN_8_PASS_b,M,P,les vases avec les valises que j' aime beaucoup ne sont probablement pas cachés <eos>,13,cachés,cachées,11,F,cachés,-8.123041,cachées,-10.584398,1
9243,P_NOUN_8_PASS_b,M,P,les vases avec les valises que j' aime beaucoup ne sont probablement pas cassés <eos>,13,cassés,cassées,11,F,cassés,-9.248493,cassées,-10.792364,1
9244,P_NOUN_8_PASS_b,M,P,les vases avec les valises que j' aime beaucoup ne sont probablement pas couverts <eos>,13,couverts,couvertes,11,F,couverts,-6.348127,couvertes,-10.173727,1
9245,P_NOUN_8_PASS_b,M,P,les vases avec les valises que j' aime beaucoup ne sont probablement pas déformés <eos>,13,déformés,déformées,11,F,déformés,-11.044176,déformées,-10.468572,0
9246,P_NOUN_8_PASS_b,M,P,les vases avec les valises que j' aime beaucoup ne sont probablement pas fixés <eos>,13,fixés,fixées,11,F,fixés,-8.485984,fixées,-10.576672,1
9247,P_NOUN_8_PASS_b,M,P,les vases avec les valises que j' aime beaucoup ne sont probablement pas jetés <eos>,13,jetés,jetées,11,F,jetés,-7.9805775,jetées,-11.410194,1
9248,P_NOUN_8_PASS_b,M,P,les vases avec les valises que j' aime beaucoup ne sont probablement pas laissés <eos>,13,laissés,laissées,11,F,laissés,-7.792451,laissées,-10.123556,1
9249,P_NOUN_8_PASS_b,M,P,les vases avec les valises que j' aime beaucoup ne sont probablement pas ouverts <eos>,13,ouverts,ouvertes,11,F,ouverts,-7.263921,ouvertes,-10.288898,1
9250,P_NOUN_8_PASS_b,M,P,les vases avec les valises que j' aime beaucoup ne sont probablement pas perdus <eos>,13,perdus,perdues,11,F,perdus,-6.591134,perdues,-9.931176,1
9251,P_NOUN_8_PASS_b,M,P,les vases avec les valises que j' aime beaucoup ne sont probablement pas réparés <eos>,13,réparés,réparées,11,F,réparés,-10.621424,réparées,-11.185322,1
9252,P_NOUN_8_PASS_b,M,P,les vases avec les valises que j' aime beaucoup ne sont probablement pas retirés <eos>,13,retirés,retirées,11,F,retirés,-8.832597,retirées,-10.83968,1
9253,P_NOUN_8_PASS_b,M,P,les vases avec les valises que j' aime beaucoup ne sont probablement pas tombés <eos>,13,tombés,tombées,11,F,tombés,-7.3781424,tombées,-10.650401,1
9254,P_NOUN_8_PASS_b,M,P,les vases avec les valises que j' aime beaucoup ne sont probablement pas utilisés <eos>,13,utilisés,utilisées,11,F,utilisés,-5.2561283,utilisées,-8.328867,1
9255,P_NOUN_8_PASS_b,M,P,les vases avec les pendules que j' aime beaucoup ne sont probablement pas achetés <eos>,13,achetés,achetées,11,F,achetés,-8.867696,achetées,-12.819861,1
9256,P_NOUN_8_PASS_b,M,P,les vases avec les pendules que j' aime beaucoup ne sont probablement pas brisés <eos>,13,brisés,brisées,11,F,brisés,-9.78705,brisées,-10.859609,1
9257,P_NOUN_8_PASS_b,M,P,les vases avec les pendules que j' aime beaucoup ne sont probablement pas cachés <eos>,13,cachés,cachées,11,F,cachés,-8.019928,cachées,-10.859347,1
9258,P_NOUN_8_PASS_b,M,P,les vases avec les pendules que j' aime beaucoup ne sont probablement pas cassés <eos>,13,cassés,cassées,11,F,cassés,-8.737213,cassées,-9.97151,1
9259,P_NOUN_8_PASS_b,M,P,les vases avec les pendules que j' aime beaucoup ne sont probablement pas couverts <eos>,13,couverts,couvertes,11,F,couverts,-6.9468575,couvertes,-10.659912,1
9260,P_NOUN_8_PASS_b,M,P,les vases avec les pendules que j' aime beaucoup ne sont probablement pas déformés <eos>,13,déformés,déformées,11,F,déformés,-10.617583,déformées,-9.795499,0
9261,P_NOUN_8_PASS_b,M,P,les vases avec les pendules que j' aime beaucoup ne sont probablement pas fixés <eos>,13,fixés,fixées,11,F,fixés,-8.279361,fixées,-10.190075,1
9262,P_NOUN_8_PASS_b,M,P,les vases avec les pendules que j' aime beaucoup ne sont probablement pas jetés <eos>,13,jetés,jetées,11,F,jetés,-7.680685,jetées,-11.269994,1
9263,P_NOUN_8_PASS_b,M,P,les vases avec les pendules que j' aime beaucoup ne sont probablement pas laissés <eos>,13,laissés,laissées,11,F,laissés,-7.9590735,laissées,-10.471865,1
9264,P_NOUN_8_PASS_b,M,P,les vases avec les pendules que j' aime beaucoup ne sont probablement pas ouverts <eos>,13,ouverts,ouvertes,11,F,ouverts,-7.7311225,ouvertes,-10.828558,1
9265,P_NOUN_8_PASS_b,M,P,les vases avec les pendules que j' aime beaucoup ne sont probablement pas perdus <eos>,13,perdus,perdues,11,F,perdus,-6.853411,perdues,-10.140924,1
9266,P_NOUN_8_PASS_b,M,P,les vases avec les pendules que j' aime beaucoup ne sont probablement pas réparés <eos>,13,réparés,réparées,11,F,réparés,-10.925877,réparées,-11.26238,1
9267,P_NOUN_8_PASS_b,M,P,les vases avec les pendules que j' aime beaucoup ne sont probablement pas retirés <eos>,13,retirés,retirées,11,F,retirés,-8.535139,retirées,-10.244437,1
9268,P_NOUN_8_PASS_b,M,P,les vases avec les pendules que j' aime beaucoup ne sont probablement pas tombés <eos>,13,tombés,tombées,11,F,tombés,-7.4106016,tombées,-10.553904,1
9269,P_NOUN_8_PASS_b,M,P,les vases avec les pendules que j' aime beaucoup ne sont probablement pas utilisés <eos>,13,utilisés,utilisées,11,F,utilisés,-4.662362,utilisées,-7.9193935,1
9270,P_NOUN_8_PASS_b,M,P,les vases avec les cloches que j' aime beaucoup ne sont probablement pas achetés <eos>,13,achetés,achetées,11,F,achetés,-9.201952,achetées,-13.304141,1
9271,P_NOUN_8_PASS_b,M,P,les vases avec les cloches que j' aime beaucoup ne sont probablement pas brisés <eos>,13,brisés,brisées,11,F,brisés,-9.897888,brisées,-11.504639,1
9272,P_NOUN_8_PASS_b,M,P,les vases avec les cloches que j' aime beaucoup ne sont probablement pas cachés <eos>,13,cachés,cachées,11,F,cachés,-7.968202,cachées,-11.014975,1
9273,P_NOUN_8_PASS_b,M,P,les vases avec les cloches que j' aime beaucoup ne sont probablement pas cassés <eos>,13,cassés,cassées,11,F,cassés,-9.017422,cassées,-11.08821,1
9274,P_NOUN_8_PASS_b,M,P,les vases avec les cloches que j' aime beaucoup ne sont probablement pas couverts <eos>,13,couverts,couvertes,11,F,couverts,-6.4409533,couvertes,-10.761562,1
9275,P_NOUN_8_PASS_b,M,P,les vases avec les cloches que j' aime beaucoup ne sont probablement pas déformés <eos>,13,déformés,déformées,11,F,déformés,-11.076164,déformées,-11.21089,1
9276,P_NOUN_8_PASS_b,M,P,les vases avec les cloches que j' aime beaucoup ne sont probablement pas fixés <eos>,13,fixés,fixées,11,F,fixés,-8.844699,fixées,-11.275982,1
9277,P_NOUN_8_PASS_b,M,P,les vases avec les cloches que j' aime beaucoup ne sont probablement pas jetés <eos>,13,jetés,jetées,11,F,jetés,-7.8284273,jetées,-11.811236,1
9278,P_NOUN_8_PASS_b,M,P,les vases avec les cloches que j' aime beaucoup ne sont probablement pas laissés <eos>,13,laissés,laissées,11,F,laissés,-7.481901,laissées,-11.089647,1
9279,P_NOUN_8_PASS_b,M,P,les vases avec les cloches que j' aime beaucoup ne sont probablement pas ouverts <eos>,13,ouverts,ouvertes,11,F,ouverts,-7.9018135,ouvertes,-10.956934,1
9280,P_NOUN_8_PASS_b,M,P,les vases avec les cloches que j' aime beaucoup ne sont probablement pas perdus <eos>,13,perdus,perdues,11,F,perdus,-6.4549303,perdues,-10.000025,1
9281,P_NOUN_8_PASS_b,M,P,les vases avec les cloches que j' aime beaucoup ne sont probablement pas réparés <eos>,13,réparés,réparées,11,F,réparés,-10.156172,réparées,-11.485455,1
9282,P_NOUN_8_PASS_b,M,P,les vases avec les cloches que j' aime beaucoup ne sont probablement pas retirés <eos>,13,retirés,retirées,11,F,retirés,-8.5563135,retirées,-10.701708,1
9283,P_NOUN_8_PASS_b,M,P,les vases avec les cloches que j' aime beaucoup ne sont probablement pas tombés <eos>,13,tombés,tombées,11,F,tombés,-6.3369055,tombées,-10.427347,1
9284,P_NOUN_8_PASS_b,M,P,les vases avec les cloches que j' aime beaucoup ne sont probablement pas utilisés <eos>,13,utilisés,utilisées,11,F,utilisés,-5.136316,utilisées,-8.740219,1
9285,P_NOUN_8_PASS_b,M,P,les vases avec les cerises que j' aime beaucoup ne sont probablement pas achetés <eos>,13,achetés,achetées,11,F,achetés,-8.433245,achetées,-12.689095,1
9286,P_NOUN_8_PASS_b,M,P,les vases avec les cerises que j' aime beaucoup ne sont probablement pas brisés <eos>,13,brisés,brisées,11,F,brisés,-10.226833,brisées,-11.692593,1
9287,P_NOUN_8_PASS_b,M,P,les vases avec les cerises que j' aime beaucoup ne sont probablement pas cachés <eos>,13,cachés,cachées,11,F,cachés,-8.543997,cachées,-11.639064,1
9288,P_NOUN_8_PASS_b,M,P,les vases avec les cerises que j' aime beaucoup ne sont probablement pas cassés <eos>,13,cassés,cassées,11,F,cassés,-9.131195,cassées,-10.72717,1
9289,P_NOUN_8_PASS_b,M,P,les vases avec les cerises que j' aime beaucoup ne sont probablement pas couverts <eos>,13,couverts,couvertes,11,F,couverts,-6.441271,couvertes,-11.052151,1
9290,P_NOUN_8_PASS_b,M,P,les vases avec les cerises que j' aime beaucoup ne sont probablement pas déformés <eos>,13,déformés,déformées,11,F,déformés,-11.440024,déformées,-11.187351,0
9291,P_NOUN_8_PASS_b,M,P,les vases avec les cerises que j' aime beaucoup ne sont probablement pas fixés <eos>,13,fixés,fixées,11,F,fixés,-8.418928,fixées,-11.432618,1
9292,P_NOUN_8_PASS_b,M,P,les vases avec les cerises que j' aime beaucoup ne sont probablement pas jetés <eos>,13,jetés,jetées,11,F,jetés,-8.23765,jetées,-11.807298,1
9293,P_NOUN_8_PASS_b,M,P,les vases avec les cerises que j' aime beaucoup ne sont probablement pas laissés <eos>,13,laissés,laissées,11,F,laissés,-7.6437073,laissées,-10.840938,1
9294,P_NOUN_8_PASS_b,M,P,les vases avec les cerises que j' aime beaucoup ne sont probablement pas ouverts <eos>,13,ouverts,ouvertes,11,F,ouverts,-7.7095895,ouvertes,-11.364107,1
9295,P_NOUN_8_PASS_b,M,P,les vases avec les cerises que j' aime beaucoup ne sont probablement pas perdus <eos>,13,perdus,perdues,11,F,perdus,-7.0282335,perdues,-10.548876,1
9296,P_NOUN_8_PASS_b,M,P,les vases avec les cerises que j' aime beaucoup ne sont probablement pas réparés <eos>,13,réparés,réparées,11,F,réparés,-10.735975,réparées,-12.101429,1
9297,P_NOUN_8_PASS_b,M,P,les vases avec les cerises que j' aime beaucoup ne sont probablement pas retirés <eos>,13,retirés,retirées,11,F,retirés,-8.793538,retirées,-11.341799,1
9298,P_NOUN_8_PASS_b,M,P,les vases avec les cerises que j' aime beaucoup ne sont probablement pas tombés <eos>,13,tombés,tombées,11,F,tombés,-6.851454,tombées,-10.811438,1
9299,P_NOUN_8_PASS_b,M,P,les vases avec les cerises que j' aime beaucoup ne sont probablement pas utilisés <eos>,13,utilisés,utilisées,11,F,utilisés,-5.123994,utilisées,-8.606703,1
9300,P_NOUN_8_PASS_b,M,P,les paniers avec les gemmes que j' aime beaucoup ne sont probablement pas achetés <eos>,13,achetés,achetées,11,F,achetés,-9.013807,achetées,-13.136713,1
9301,P_NOUN_8_PASS_b,M,P,les paniers avec les gemmes que j' aime beaucoup ne sont probablement pas brisés <eos>,13,brisés,brisées,11,F,brisés,-10.622593,brisées,-11.502356,1
9302,P_NOUN_8_PASS_b,M,P,les paniers avec les gemmes que j' aime beaucoup ne sont probablement pas cachés <eos>,13,cachés,cachées,11,F,cachés,-7.5111113,cachées,-10.524545,1
9303,P_NOUN_8_PASS_b,M,P,les paniers avec les gemmes que j' aime beaucoup ne sont probablement pas cassés <eos>,13,cassés,cassées,11,F,cassés,-9.264795,cassées,-11.116542,1
9304,P_NOUN_8_PASS_b,M,P,les paniers avec les gemmes que j' aime beaucoup ne sont probablement pas couverts <eos>,13,couverts,couvertes,11,F,couverts,-7.274973,couvertes,-10.778212,1
9305,P_NOUN_8_PASS_b,M,P,les paniers avec les gemmes que j' aime beaucoup ne sont probablement pas déformés <eos>,13,déformés,déformées,11,F,déformés,-11.474844,déformées,-10.966579,0
9306,P_NOUN_8_PASS_b,M,P,les paniers avec les gemmes que j' aime beaucoup ne sont probablement pas fixés <eos>,13,fixés,fixées,11,F,fixés,-8.234976,fixées,-11.113602,1
9307,P_NOUN_8_PASS_b,M,P,les paniers avec les gemmes que j' aime beaucoup ne sont probablement pas jetés <eos>,13,jetés,jetées,11,F,jetés,-8.237976,jetées,-11.213955,1
9308,P_NOUN_8_PASS_b,M,P,les paniers avec les gemmes que j' aime beaucoup ne sont probablement pas laissés <eos>,13,laissés,laissées,11,F,laissés,-8.095582,laissées,-11.066511,1
9309,P_NOUN_8_PASS_b,M,P,les paniers avec les gemmes que j' aime beaucoup ne sont probablement pas ouverts <eos>,13,ouverts,ouvertes,11,F,ouverts,-8.222267,ouvertes,-11.376263,1
9310,P_NOUN_8_PASS_b,M,P,les paniers avec les gemmes que j' aime beaucoup ne sont probablement pas perdus <eos>,13,perdus,perdues,11,F,perdus,-6.869311,perdues,-9.977121,1
9311,P_NOUN_8_PASS_b,M,P,les paniers avec les gemmes que j' aime beaucoup ne sont probablement pas réparés <eos>,13,réparés,réparées,11,F,réparés,-10.513719,réparées,-11.974635,1
9312,P_NOUN_8_PASS_b,M,P,les paniers avec les gemmes que j' aime beaucoup ne sont probablement pas retirés <eos>,13,retirés,retirées,11,F,retirés,-8.945677,retirées,-10.953354,1
9313,P_NOUN_8_PASS_b,M,P,les paniers avec les gemmes que j' aime beaucoup ne sont probablement pas tombés <eos>,13,tombés,tombées,11,F,tombés,-6.9524946,tombées,-10.259272,1
9314,P_NOUN_8_PASS_b,M,P,les paniers avec les gemmes que j' aime beaucoup ne sont probablement pas utilisés <eos>,13,utilisés,utilisées,11,F,utilisés,-4.8614616,utilisées,-7.984894,1
9315,P_NOUN_8_PASS_b,M,P,les paniers avec les chaises que j' aime beaucoup ne sont probablement pas achetés <eos>,13,achetés,achetées,11,F,achetés,-9.554277,achetées,-13.317372,1
9316,P_NOUN_8_PASS_b,M,P,les paniers avec les chaises que j' aime beaucoup ne sont probablement pas brisés <eos>,13,brisés,brisées,11,F,brisés,-10.383744,brisées,-11.228011,1
9317,P_NOUN_8_PASS_b,M,P,les paniers avec les chaises que j' aime beaucoup ne sont probablement pas cachés <eos>,13,cachés,cachées,11,F,cachés,-8.322763,cachées,-10.254492,1
9318,P_NOUN_8_PASS_b,M,P,les paniers avec les chaises que j' aime beaucoup ne sont probablement pas cassés <eos>,13,cassés,cassées,11,F,cassés,-9.692268,cassées,-10.428273,1
9319,P_NOUN_8_PASS_b,M,P,les paniers avec les chaises que j' aime beaucoup ne sont probablement pas couverts <eos>,13,couverts,couvertes,11,F,couverts,-6.1637306,couvertes,-9.672775,1
9320,P_NOUN_8_PASS_b,M,P,les paniers avec les chaises que j' aime beaucoup ne sont probablement pas déformés <eos>,13,déformés,déformées,11,F,déformés,-11.628591,déformées,-10.9370165,0
9321,P_NOUN_8_PASS_b,M,P,les paniers avec les chaises que j' aime beaucoup ne sont probablement pas fixés <eos>,13,fixés,fixées,11,F,fixés,-8.359179,fixées,-10.540588,1
9322,P_NOUN_8_PASS_b,M,P,les paniers avec les chaises que j' aime beaucoup ne sont probablement pas jetés <eos>,13,jetés,jetées,11,F,jetés,-8.17117,jetées,-11.301127,1
9323,P_NOUN_8_PASS_b,M,P,les paniers avec les chaises que j' aime beaucoup ne sont probablement pas laissés <eos>,13,laissés,laissées,11,F,laissés,-8.334658,laissées,-10.567317,1
9324,P_NOUN_8_PASS_b,M,P,les paniers avec les chaises que j' aime beaucoup ne sont probablement pas ouverts <eos>,13,ouverts,ouvertes,11,F,ouverts,-7.070009,ouvertes,-9.888521,1
9325,P_NOUN_8_PASS_b,M,P,les paniers avec les chaises que j' aime beaucoup ne sont probablement pas perdus <eos>,13,perdus,perdues,11,F,perdus,-7.2930374,perdues,-10.287907,1
9326,P_NOUN_8_PASS_b,M,P,les paniers avec les chaises que j' aime beaucoup ne sont probablement pas réparés <eos>,13,réparés,réparées,11,F,réparés,-10.813863,réparées,-11.517878,1
9327,P_NOUN_8_PASS_b,M,P,les paniers avec les chaises que j' aime beaucoup ne sont probablement pas retirés <eos>,13,retirés,retirées,11,F,retirés,-9.469917,retirées,-10.749425,1
9328,P_NOUN_8_PASS_b,M,P,les paniers avec les chaises que j' aime beaucoup ne sont probablement pas tombés <eos>,13,tombés,tombées,11,F,tombés,-7.2503843,tombées,-10.346157,1
9329,P_NOUN_8_PASS_b,M,P,les paniers avec les chaises que j' aime beaucoup ne sont probablement pas utilisés <eos>,13,utilisés,utilisées,11,F,utilisés,-5.35326,utilisées,-8.143009,1
9330,P_NOUN_8_PASS_b,M,P,les paniers avec les poubelles que j' aime beaucoup ne sont probablement pas achetés <eos>,13,achetés,achetées,11,F,achetés,-9.138704,achetées,-13.096668,1
9331,P_NOUN_8_PASS_b,M,P,les paniers avec les poubelles que j' aime beaucoup ne sont probablement pas brisés <eos>,13,brisés,brisées,11,F,brisés,-10.487,brisées,-11.467679,1
9332,P_NOUN_8_PASS_b,M,P,les paniers avec les poubelles que j' aime beaucoup ne sont probablement pas cachés <eos>,13,cachés,cachées,11,F,cachés,-7.996896,cachées,-10.562366,1
9333,P_NOUN_8_PASS_b,M,P,les paniers avec les poubelles que j' aime beaucoup ne sont probablement pas cassés <eos>,13,cassés,cassées,11,F,cassés,-9.407181,cassées,-10.564154,1
9334,P_NOUN_8_PASS_b,M,P,les paniers avec les poubelles que j' aime beaucoup ne sont probablement pas couverts <eos>,13,couverts,couvertes,11,F,couverts,-6.5570517,couvertes,-9.652659,1
9335,P_NOUN_8_PASS_b,M,P,les paniers avec les poubelles que j' aime beaucoup ne sont probablement pas déformés <eos>,13,déformés,déformées,11,F,déformés,-11.822486,déformées,-10.880808,0
9336,P_NOUN_8_PASS_b,M,P,les paniers avec les poubelles que j' aime beaucoup ne sont probablement pas fixés <eos>,13,fixés,fixées,11,F,fixés,-8.083673,fixées,-10.643352,1
9337,P_NOUN_8_PASS_b,M,P,les paniers avec les poubelles que j' aime beaucoup ne sont probablement pas jetés <eos>,13,jetés,jetées,11,F,jetés,-7.893055,jetées,-10.777183,1
9338,P_NOUN_8_PASS_b,M,P,les paniers avec les poubelles que j' aime beaucoup ne sont probablement pas laissés <eos>,13,laissés,laissées,11,F,laissés,-8.185232,laissées,-10.561522,1
9339,P_NOUN_8_PASS_b,M,P,les paniers avec les poubelles que j' aime beaucoup ne sont probablement pas ouverts <eos>,13,ouverts,ouvertes,11,F,ouverts,-7.079714,ouvertes,-9.966375,1
9340,P_NOUN_8_PASS_b,M,P,les paniers avec les poubelles que j' aime beaucoup ne sont probablement pas perdus <eos>,13,perdus,perdues,11,F,perdus,-7.0950294,perdues,-10.192244,1
9341,P_NOUN_8_PASS_b,M,P,les paniers avec les poubelles que j' aime beaucoup ne sont probablement pas réparés <eos>,13,réparés,réparées,11,F,réparés,-10.621796,réparées,-11.29598,1
9342,P_NOUN_8_PASS_b,M,P,les paniers avec les poubelles que j' aime beaucoup ne sont probablement pas retirés <eos>,13,retirés,retirées,11,F,retirés,-8.92399,retirées,-10.767151,1
9343,P_NOUN_8_PASS_b,M,P,les paniers avec les poubelles que j' aime beaucoup ne sont probablement pas tombés <eos>,13,tombés,tombées,11,F,tombés,-7.3113976,tombées,-10.739197,1
9344,P_NOUN_8_PASS_b,M,P,les paniers avec les poubelles que j' aime beaucoup ne sont probablement pas utilisés <eos>,13,utilisés,utilisées,11,F,utilisés,-4.9561872,utilisées,-7.7858753,1
9345,P_NOUN_8_PASS_b,M,P,les paniers avec les chemises que j' aime beaucoup ne sont probablement pas achetés <eos>,13,achetés,achetées,11,F,achetés,-9.169686,achetées,-12.962786,1
9346,P_NOUN_8_PASS_b,M,P,les paniers avec les chemises que j' aime beaucoup ne sont probablement pas brisés <eos>,13,brisés,brisées,11,F,brisés,-10.585121,brisées,-11.334469,1
9347,P_NOUN_8_PASS_b,M,P,les paniers avec les chemises que j' aime beaucoup ne sont probablement pas cachés <eos>,13,cachés,cachées,11,F,cachés,-8.090253,cachées,-10.48363,1
9348,P_NOUN_8_PASS_b,M,P,les paniers avec les chemises que j' aime beaucoup ne sont probablement pas cassés <eos>,13,cassés,cassées,11,F,cassés,-9.714905,cassées,-10.0393915,1
9349,P_NOUN_8_PASS_b,M,P,les paniers avec les chemises que j' aime beaucoup ne sont probablement pas couverts <eos>,13,couverts,couvertes,11,F,couverts,-6.990655,couvertes,-10.168407,1
9350,P_NOUN_8_PASS_b,M,P,les paniers avec les chemises que j' aime beaucoup ne sont probablement pas déformés <eos>,13,déformés,déformées,11,F,déformés,-11.66935,déformées,-10.812098,0
9351,P_NOUN_8_PASS_b,M,P,les paniers avec les chemises que j' aime beaucoup ne sont probablement pas fixés <eos>,13,fixés,fixées,11,F,fixés,-8.373882,fixées,-10.519369,1
9352,P_NOUN_8_PASS_b,M,P,les paniers avec les chemises que j' aime beaucoup ne sont probablement pas jetés <eos>,13,jetés,jetées,11,F,jetés,-8.103074,jetées,-10.410243,1
9353,P_NOUN_8_PASS_b,M,P,les paniers avec les chemises que j' aime beaucoup ne sont probablement pas laissés <eos>,13,laissés,laissées,11,F,laissés,-8.267985,laissées,-10.864908,1
9354,P_NOUN_8_PASS_b,M,P,les paniers avec les chemises que j' aime beaucoup ne sont probablement pas ouverts <eos>,13,ouverts,ouvertes,11,F,ouverts,-8.0208645,ouvertes,-10.805777,1
9355,P_NOUN_8_PASS_b,M,P,les paniers avec les chemises que j' aime beaucoup ne sont probablement pas perdus <eos>,13,perdus,perdues,11,F,perdus,-7.31299,perdues,-10.044573,1
9356,P_NOUN_8_PASS_b,M,P,les paniers avec les chemises que j' aime beaucoup ne sont probablement pas réparés <eos>,13,réparés,réparées,11,F,réparés,-10.928718,réparées,-11.778217,1
9357,P_NOUN_8_PASS_b,M,P,les paniers avec les chemises que j' aime beaucoup ne sont probablement pas retirés <eos>,13,retirés,retirées,11,F,retirés,-9.075687,retirées,-10.555519,1
9358,P_NOUN_8_PASS_b,M,P,les paniers avec les chemises que j' aime beaucoup ne sont probablement pas tombés <eos>,13,tombés,tombées,11,F,tombés,-6.62737,tombées,-10.050665,1
9359,P_NOUN_8_PASS_b,M,P,les paniers avec les chemises que j' aime beaucoup ne sont probablement pas utilisés <eos>,13,utilisés,utilisées,11,F,utilisés,-4.936503,utilisées,-7.662088,1
9360,P_NOUN_8_PASS_b,M,P,les paniers avec les recettes que j' aime beaucoup ne sont probablement pas achetés <eos>,13,achetés,achetées,11,F,achetés,-8.657196,achetées,-12.569671,1
9361,P_NOUN_8_PASS_b,M,P,les paniers avec les recettes que j' aime beaucoup ne sont probablement pas brisés <eos>,13,brisés,brisées,11,F,brisés,-11.151714,brisées,-11.873791,1
9362,P_NOUN_8_PASS_b,M,P,les paniers avec les recettes que j' aime beaucoup ne sont probablement pas cachés <eos>,13,cachés,cachées,11,F,cachés,-8.144495,cachées,-11.442098,1
9363,P_NOUN_8_PASS_b,M,P,les paniers avec les recettes que j' aime beaucoup ne sont probablement pas cassés <eos>,13,cassés,cassées,11,F,cassés,-9.605123,cassées,-11.344221,1
9364,P_NOUN_8_PASS_b,M,P,les paniers avec les recettes que j' aime beaucoup ne sont probablement pas couverts <eos>,13,couverts,couvertes,11,F,couverts,-6.917742,couvertes,-10.569291,1
9365,P_NOUN_8_PASS_b,M,P,les paniers avec les recettes que j' aime beaucoup ne sont probablement pas déformés <eos>,13,déformés,déformées,11,F,déformés,-12.379161,déformées,-11.601337,0
9366,P_NOUN_8_PASS_b,M,P,les paniers avec les recettes que j' aime beaucoup ne sont probablement pas fixés <eos>,13,fixés,fixées,11,F,fixés,-7.661274,fixées,-11.045973,1
9367,P_NOUN_8_PASS_b,M,P,les paniers avec les recettes que j' aime beaucoup ne sont probablement pas jetés <eos>,13,jetés,jetées,11,F,jetés,-8.49671,jetées,-11.603603,1
9368,P_NOUN_8_PASS_b,M,P,les paniers avec les recettes que j' aime beaucoup ne sont probablement pas laissés <eos>,13,laissés,laissées,11,F,laissés,-8.767982,laissées,-10.799045,1
9369,P_NOUN_8_PASS_b,M,P,les paniers avec les recettes que j' aime beaucoup ne sont probablement pas ouverts <eos>,13,ouverts,ouvertes,11,F,ouverts,-7.9971538,ouvertes,-11.255186,1
9370,P_NOUN_8_PASS_b,M,P,les paniers avec les recettes que j' aime beaucoup ne sont probablement pas perdus <eos>,13,perdus,perdues,11,F,perdus,-7.0184,perdues,-10.191862,1
9371,P_NOUN_8_PASS_b,M,P,les paniers avec les recettes que j' aime beaucoup ne sont probablement pas réparés <eos>,13,réparés,réparées,11,F,réparés,-10.837193,réparées,-12.052296,1
9372,P_NOUN_8_PASS_b,M,P,les paniers avec les recettes que j' aime beaucoup ne sont probablement pas retirés <eos>,13,retirés,retirées,11,F,retirés,-8.926237,retirées,-10.842525,1
9373,P_NOUN_8_PASS_b,M,P,les paniers avec les recettes que j' aime beaucoup ne sont probablement pas tombés <eos>,13,tombés,tombées,11,F,tombés,-7.2633815,tombées,-10.768909,1
9374,P_NOUN_8_PASS_b,M,P,les paniers avec les recettes que j' aime beaucoup ne sont probablement pas utilisés <eos>,13,utilisés,utilisées,11,F,utilisés,-5.0033426,utilisées,-7.9918184,1
9375,P_NOUN_8_PASS_b,M,P,les paniers avec les jupes que j' aime beaucoup ne sont probablement pas achetés <eos>,13,achetés,achetées,11,F,achetés,-9.254761,achetées,-12.985821,1
9376,P_NOUN_8_PASS_b,M,P,les paniers avec les jupes que j' aime beaucoup ne sont probablement pas brisés <eos>,13,brisés,brisées,11,F,brisés,-10.645589,brisées,-11.586881,1
9377,P_NOUN_8_PASS_b,M,P,les paniers avec les jupes que j' aime beaucoup ne sont probablement pas cachés <eos>,13,cachés,cachées,11,F,cachés,-8.178473,cachées,-10.836061,1
9378,P_NOUN_8_PASS_b,M,P,les paniers avec les jupes que j' aime beaucoup ne sont probablement pas cassés <eos>,13,cassés,cassées,11,F,cassés,-9.419975,cassées,-9.9952965,1
9379,P_NOUN_8_PASS_b,M,P,les paniers avec les jupes que j' aime beaucoup ne sont probablement pas couverts <eos>,13,couverts,couvertes,11,F,couverts,-7.045266,couvertes,-10.053205,1
9380,P_NOUN_8_PASS_b,M,P,les paniers avec les jupes que j' aime beaucoup ne sont probablement pas déformés <eos>,13,déformés,déformées,11,F,déformés,-11.745742,déformées,-10.81968,0
9381,P_NOUN_8_PASS_b,M,P,les paniers avec les jupes que j' aime beaucoup ne sont probablement pas fixés <eos>,13,fixés,fixées,11,F,fixés,-7.950409,fixées,-10.517255,1
9382,P_NOUN_8_PASS_b,M,P,les paniers avec les jupes que j' aime beaucoup ne sont probablement pas jetés <eos>,13,jetés,jetées,11,F,jetés,-8.572142,jetées,-11.173546,1
9383,P_NOUN_8_PASS_b,M,P,les paniers avec les jupes que j' aime beaucoup ne sont probablement pas laissés <eos>,13,laissés,laissées,11,F,laissés,-8.879729,laissées,-11.1261215,1
9384,P_NOUN_8_PASS_b,M,P,les paniers avec les jupes que j' aime beaucoup ne sont probablement pas ouverts <eos>,13,ouverts,ouvertes,11,F,ouverts,-7.5239806,ouvertes,-10.582254,1
9385,P_NOUN_8_PASS_b,M,P,les paniers avec les jupes que j' aime beaucoup ne sont probablement pas perdus <eos>,13,perdus,perdues,11,F,perdus,-7.5372744,perdues,-10.751784,1
9386,P_NOUN_8_PASS_b,M,P,les paniers avec les jupes que j' aime beaucoup ne sont probablement pas réparés <eos>,13,réparés,réparées,11,F,réparés,-11.138893,réparées,-11.845928,1
9387,P_NOUN_8_PASS_b,M,P,les paniers avec les jupes que j' aime beaucoup ne sont probablement pas retirés <eos>,13,retirés,retirées,11,F,retirés,-9.243223,retirées,-10.696339,1
9388,P_NOUN_8_PASS_b,M,P,les paniers avec les jupes que j' aime beaucoup ne sont probablement pas tombés <eos>,13,tombés,tombées,11,F,tombés,-7.214534,tombées,-10.646777,1
9389,P_NOUN_8_PASS_b,M,P,les paniers avec les jupes que j' aime beaucoup ne sont probablement pas utilisés <eos>,13,utilisés,utilisées,11,F,utilisés,-4.88461,utilisées,-7.8091154,1
9390,P_NOUN_8_PASS_b,M,P,les paniers avec les colles que j' aime beaucoup ne sont probablement pas achetés <eos>,13,achetés,achetées,11,F,achetés,-9.337355,achetées,-13.161391,1
9391,P_NOUN_8_PASS_b,M,P,les paniers avec les colles que j' aime beaucoup ne sont probablement pas brisés <eos>,13,brisés,brisées,11,F,brisés,-10.8583975,brisées,-11.711833,1
9392,P_NOUN_8_PASS_b,M,P,les paniers avec les colles que j' aime beaucoup ne sont probablement pas cachés <eos>,13,cachés,cachées,11,F,cachés,-8.51827,cachées,-11.186876,1
9393,P_NOUN_8_PASS_b,M,P,les paniers avec les colles que j' aime beaucoup ne sont probablement pas cassés <eos>,13,cassés,cassées,11,F,cassés,-9.051533,cassées,-10.508063,1
9394,P_NOUN_8_PASS_b,M,P,les paniers avec les colles que j' aime beaucoup ne sont probablement pas couverts <eos>,13,couverts,couvertes,11,F,couverts,-7.055597,couvertes,-9.98708,1
9395,P_NOUN_8_PASS_b,M,P,les paniers avec les colles que j' aime beaucoup ne sont probablement pas déformés <eos>,13,déformés,déformées,11,F,déformés,-12.059581,déformées,-10.459817,0
9396,P_NOUN_8_PASS_b,M,P,les paniers avec les colles que j' aime beaucoup ne sont probablement pas fixés <eos>,13,fixés,fixées,11,F,fixés,-8.384619,fixées,-10.981109,1
9397,P_NOUN_8_PASS_b,M,P,les paniers avec les colles que j' aime beaucoup ne sont probablement pas jetés <eos>,13,jetés,jetées,11,F,jetés,-8.790919,jetées,-11.552438,1
9398,P_NOUN_8_PASS_b,M,P,les paniers avec les colles que j' aime beaucoup ne sont probablement pas laissés <eos>,13,laissés,laissées,11,F,laissés,-8.733255,laissées,-10.390275,1
9399,P_NOUN_8_PASS_b,M,P,les paniers avec les colles que j' aime beaucoup ne sont probablement pas ouverts <eos>,13,ouverts,ouvertes,11,F,ouverts,-7.7258744,ouvertes,-10.442409,1
9400,P_NOUN_8_PASS_b,M,P,les paniers avec les colles que j' aime beaucoup ne sont probablement pas perdus <eos>,13,perdus,perdues,11,F,perdus,-7.410704,perdues,-10.351051,1
9401,P_NOUN_8_PASS_b,M,P,les paniers avec les colles que j' aime beaucoup ne sont probablement pas réparés <eos>,13,réparés,réparées,11,F,réparés,-10.596135,réparées,-11.241315,1
9402,P_NOUN_8_PASS_b,M,P,les paniers avec les colles que j' aime beaucoup ne sont probablement pas retirés <eos>,13,retirés,retirées,11,F,retirés,-8.90481,retirées,-10.673759,1
9403,P_NOUN_8_PASS_b,M,P,les paniers avec les colles que j' aime beaucoup ne sont probablement pas tombés <eos>,13,tombés,tombées,11,F,tombés,-7.714239,tombées,-10.75827,1
9404,P_NOUN_8_PASS_b,M,P,les paniers avec les colles que j' aime beaucoup ne sont probablement pas utilisés <eos>,13,utilisés,utilisées,11,F,utilisés,-4.680436,utilisées,-7.3239174,1
9405,P_NOUN_8_PASS_b,M,P,les paniers avec les lampes que j' aime beaucoup ne sont probablement pas achetés <eos>,13,achetés,achetées,11,F,achetés,-8.975191,achetées,-13.313185,1
9406,P_NOUN_8_PASS_b,M,P,les paniers avec les lampes que j' aime beaucoup ne sont probablement pas brisés <eos>,13,brisés,brisées,11,F,brisés,-10.208967,brisées,-11.294489,1
9407,P_NOUN_8_PASS_b,M,P,les paniers avec les lampes que j' aime beaucoup ne sont probablement pas cachés <eos>,13,cachés,cachées,11,F,cachés,-7.8675146,cachées,-10.835872,1
9408,P_NOUN_8_PASS_b,M,P,les paniers avec les lampes que j' aime beaucoup ne sont probablement pas cassés <eos>,13,cassés,cassées,11,F,cassés,-9.351637,cassées,-10.318733,1
9409,P_NOUN_8_PASS_b,M,P,les paniers avec les lampes que j' aime beaucoup ne sont probablement pas couverts <eos>,13,couverts,couvertes,11,F,couverts,-7.0245705,couvertes,-10.348196,1
9410,P_NOUN_8_PASS_b,M,P,les paniers avec les lampes que j' aime beaucoup ne sont probablement pas déformés <eos>,13,déformés,déformées,11,F,déformés,-11.263624,déformées,-10.135736,0
9411,P_NOUN_8_PASS_b,M,P,les paniers avec les lampes que j' aime beaucoup ne sont probablement pas fixés <eos>,13,fixés,fixées,11,F,fixés,-7.8269205,fixées,-10.404151,1
9412,P_NOUN_8_PASS_b,M,P,les paniers avec les lampes que j' aime beaucoup ne sont probablement pas jetés <eos>,13,jetés,jetées,11,F,jetés,-7.914839,jetées,-10.885974,1
9413,P_NOUN_8_PASS_b,M,P,les paniers avec les lampes que j' aime beaucoup ne sont probablement pas laissés <eos>,13,laissés,laissées,11,F,laissés,-8.594211,laissées,-11.020825,1
9414,P_NOUN_8_PASS_b,M,P,les paniers avec les lampes que j' aime beaucoup ne sont probablement pas ouverts <eos>,13,ouverts,ouvertes,11,F,ouverts,-7.845728,ouvertes,-10.812516,1
9415,P_NOUN_8_PASS_b,M,P,les paniers avec les lampes que j' aime beaucoup ne sont probablement pas perdus <eos>,13,perdus,perdues,11,F,perdus,-7.1291256,perdues,-10.275824,1
9416,P_NOUN_8_PASS_b,M,P,les paniers avec les lampes que j' aime beaucoup ne sont probablement pas réparés <eos>,13,réparés,réparées,11,F,réparés,-10.956476,réparées,-11.578462,1
9417,P_NOUN_8_PASS_b,M,P,les paniers avec les lampes que j' aime beaucoup ne sont probablement pas retirés <eos>,13,retirés,retirées,11,F,retirés,-8.77021,retirées,-10.287497,1
9418,P_NOUN_8_PASS_b,M,P,les paniers avec les lampes que j' aime beaucoup ne sont probablement pas tombés <eos>,13,tombés,tombées,11,F,tombés,-7.484083,tombées,-10.485865,1
9419,P_NOUN_8_PASS_b,M,P,les paniers avec les lampes que j' aime beaucoup ne sont probablement pas utilisés <eos>,13,utilisés,utilisées,11,F,utilisés,-4.29033,utilisées,-7.4732122,1
9420,P_NOUN_8_PASS_b,M,P,les paniers avec les bouteilles que j' aime beaucoup ne sont probablement pas achetés <eos>,13,achetés,achetées,11,F,achetés,-8.730915,achetées,-12.396814,1
9421,P_NOUN_8_PASS_b,M,P,les paniers avec les bouteilles que j' aime beaucoup ne sont probablement pas brisés <eos>,13,brisés,brisées,11,F,brisés,-10.785124,brisées,-11.588743,1
9422,P_NOUN_8_PASS_b,M,P,les paniers avec les bouteilles que j' aime beaucoup ne sont probablement pas cachés <eos>,13,cachés,cachées,11,F,cachés,-7.908676,cachées,-11.0120125,1
9423,P_NOUN_8_PASS_b,M,P,les paniers avec les bouteilles que j' aime beaucoup ne sont probablement pas cassés <eos>,13,cassés,cassées,11,F,cassés,-9.273439,cassées,-10.357765,1
9424,P_NOUN_8_PASS_b,M,P,les paniers avec les bouteilles que j' aime beaucoup ne sont probablement pas couverts <eos>,13,couverts,couvertes,11,F,couverts,-6.9269505,couvertes,-10.395221,1
9425,P_NOUN_8_PASS_b,M,P,les paniers avec les bouteilles que j' aime beaucoup ne sont probablement pas déformés <eos>,13,déformés,déformées,11,F,déformés,-11.744595,déformées,-10.762862,0
9426,P_NOUN_8_PASS_b,M,P,les paniers avec les bouteilles que j' aime beaucoup ne sont probablement pas fixés <eos>,13,fixés,fixées,11,F,fixés,-8.029486,fixées,-10.964288,1
9427,P_NOUN_8_PASS_b,M,P,les paniers avec les bouteilles que j' aime beaucoup ne sont probablement pas jetés <eos>,13,jetés,jetées,11,F,jetés,-8.260455,jetées,-11.471328,1
9428,P_NOUN_8_PASS_b,M,P,les paniers avec les bouteilles que j' aime beaucoup ne sont probablement pas laissés <eos>,13,laissés,laissées,11,F,laissés,-8.61253,laissées,-10.584235,1
9429,P_NOUN_8_PASS_b,M,P,les paniers avec les bouteilles que j' aime beaucoup ne sont probablement pas ouverts <eos>,13,ouverts,ouvertes,11,F,ouverts,-7.6679974,ouvertes,-10.707468,1
9430,P_NOUN_8_PASS_b,M,P,les paniers avec les bouteilles que j' aime beaucoup ne sont probablement pas perdus <eos>,13,perdus,perdues,11,F,perdus,-7.0287867,perdues,-10.264326,1
9431,P_NOUN_8_PASS_b,M,P,les paniers avec les bouteilles que j' aime beaucoup ne sont probablement pas réparés <eos>,13,réparés,réparées,11,F,réparés,-11.05748,réparées,-11.654808,1
9432,P_NOUN_8_PASS_b,M,P,les paniers avec les bouteilles que j' aime beaucoup ne sont probablement pas retirés <eos>,13,retirés,retirées,11,F,retirés,-8.947331,retirées,-10.679553,1
9433,P_NOUN_8_PASS_b,M,P,les paniers avec les bouteilles que j' aime beaucoup ne sont probablement pas tombés <eos>,13,tombés,tombées,11,F,tombés,-7.5052767,tombées,-10.722343,1
9434,P_NOUN_8_PASS_b,M,P,les paniers avec les bouteilles que j' aime beaucoup ne sont probablement pas utilisés <eos>,13,utilisés,utilisées,11,F,utilisés,-4.945874,utilisées,-7.881299,1
9435,P_NOUN_8_PASS_b,M,P,les paniers avec les boissons que j' aime beaucoup ne sont probablement pas achetés <eos>,13,achetés,achetées,11,F,achetés,-8.678968,achetées,-11.890209,1
9436,P_NOUN_8_PASS_b,M,P,les paniers avec les boissons que j' aime beaucoup ne sont probablement pas brisés <eos>,13,brisés,brisées,11,F,brisés,-11.377651,brisées,-11.100428,0
9437,P_NOUN_8_PASS_b,M,P,les paniers avec les boissons que j' aime beaucoup ne sont probablement pas cachés <eos>,13,cachés,cachées,11,F,cachés,-8.31187,cachées,-10.559755,1
9438,P_NOUN_8_PASS_b,M,P,les paniers avec les boissons que j' aime beaucoup ne sont probablement pas cassés <eos>,13,cassés,cassées,11,F,cassés,-9.471596,cassées,-10.304046,1
9439,P_NOUN_8_PASS_b,M,P,les paniers avec les boissons que j' aime beaucoup ne sont probablement pas couverts <eos>,13,couverts,couvertes,11,F,couverts,-6.753742,couvertes,-9.336983,1
9440,P_NOUN_8_PASS_b,M,P,les paniers avec les boissons que j' aime beaucoup ne sont probablement pas déformés <eos>,13,déformés,déformées,11,F,déformés,-12.5489645,déformées,-10.631804,0
9441,P_NOUN_8_PASS_b,M,P,les paniers avec les boissons que j' aime beaucoup ne sont probablement pas fixés <eos>,13,fixés,fixées,11,F,fixés,-8.419322,fixées,-10.574742,1
9442,P_NOUN_8_PASS_b,M,P,les paniers avec les boissons que j' aime beaucoup ne sont probablement pas jetés <eos>,13,jetés,jetées,11,F,jetés,-8.702064,jetées,-10.377871,1
9443,P_NOUN_8_PASS_b,M,P,les paniers avec les boissons que j' aime beaucoup ne sont probablement pas laissés <eos>,13,laissés,laissées,11,F,laissés,-8.414062,laissées,-9.523092,1
9444,P_NOUN_8_PASS_b,M,P,les paniers avec les boissons que j' aime beaucoup ne sont probablement pas ouverts <eos>,13,ouverts,ouvertes,11,F,ouverts,-8.087152,ouvertes,-9.95019,1
9445,P_NOUN_8_PASS_b,M,P,les paniers avec les boissons que j' aime beaucoup ne sont probablement pas perdus <eos>,13,perdus,perdues,11,F,perdus,-7.4033413,perdues,-9.41963,1
9446,P_NOUN_8_PASS_b,M,P,les paniers avec les boissons que j' aime beaucoup ne sont probablement pas réparés <eos>,13,réparés,réparées,11,F,réparés,-10.650277,réparées,-11.147353,1
9447,P_NOUN_8_PASS_b,M,P,les paniers avec les boissons que j' aime beaucoup ne sont probablement pas retirés <eos>,13,retirés,retirées,11,F,retirés,-8.939324,retirées,-10.025021,1
9448,P_NOUN_8_PASS_b,M,P,les paniers avec les boissons que j' aime beaucoup ne sont probablement pas tombés <eos>,13,tombés,tombées,11,F,tombés,-7.407778,tombées,-10.099022,1
9449,P_NOUN_8_PASS_b,M,P,les paniers avec les boissons que j' aime beaucoup ne sont probablement pas utilisés <eos>,13,utilisés,utilisées,11,F,utilisés,-4.613755,utilisées,-6.6489477,1
9450,P_NOUN_8_PASS_b,M,P,les paniers avec les pommes que j' aime beaucoup ne sont probablement pas achetés <eos>,13,achetés,achetées,11,F,achetés,-8.645051,achetées,-11.513661,1
9451,P_NOUN_8_PASS_b,M,P,les paniers avec les pommes que j' aime beaucoup ne sont probablement pas brisés <eos>,13,brisés,brisées,11,F,brisés,-10.875433,brisées,-10.933702,1
9452,P_NOUN_8_PASS_b,M,P,les paniers avec les pommes que j' aime beaucoup ne sont probablement pas cachés <eos>,13,cachés,cachées,11,F,cachés,-8.035447,cachées,-10.091545,1
9453,P_NOUN_8_PASS_b,M,P,les paniers avec les pommes que j' aime beaucoup ne sont probablement pas cassés <eos>,13,cassés,cassées,11,F,cassés,-8.94861,cassées,-10.027355,1
9454,P_NOUN_8_PASS_b,M,P,les paniers avec les pommes que j' aime beaucoup ne sont probablement pas couverts <eos>,13,couverts,couvertes,11,F,couverts,-6.7032175,couvertes,-9.330731,1
9455,P_NOUN_8_PASS_b,M,P,les paniers avec les pommes que j' aime beaucoup ne sont probablement pas déformés <eos>,13,déformés,déformées,11,F,déformés,-12.375463,déformées,-10.582507,0
9456,P_NOUN_8_PASS_b,M,P,les paniers avec les pommes que j' aime beaucoup ne sont probablement pas fixés <eos>,13,fixés,fixées,11,F,fixés,-8.306929,fixées,-10.498071,1
9457,P_NOUN_8_PASS_b,M,P,les paniers avec les pommes que j' aime beaucoup ne sont probablement pas jetés <eos>,13,jetés,jetées,11,F,jetés,-8.719283,jetées,-9.99054,1
9458,P_NOUN_8_PASS_b,M,P,les paniers avec les pommes que j' aime beaucoup ne sont probablement pas laissés <eos>,13,laissés,laissées,11,F,laissés,-8.003768,laissées,-9.851245,1
9459,P_NOUN_8_PASS_b,M,P,les paniers avec les pommes que j' aime beaucoup ne sont probablement pas ouverts <eos>,13,ouverts,ouvertes,11,F,ouverts,-8.039389,ouvertes,-10.0944195,1
9460,P_NOUN_8_PASS_b,M,P,les paniers avec les pommes que j' aime beaucoup ne sont probablement pas perdus <eos>,13,perdus,perdues,11,F,perdus,-7.37385,perdues,-9.273526,1
9461,P_NOUN_8_PASS_b,M,P,les paniers avec les pommes que j' aime beaucoup ne sont probablement pas réparés <eos>,13,réparés,réparées,11,F,réparés,-10.889358,réparées,-11.414017,1
9462,P_NOUN_8_PASS_b,M,P,les paniers avec les pommes que j' aime beaucoup ne sont probablement pas retirés <eos>,13,retirés,retirées,11,F,retirés,-8.8266325,retirées,-9.990981,1
9463,P_NOUN_8_PASS_b,M,P,les paniers avec les pommes que j' aime beaucoup ne sont probablement pas tombés <eos>,13,tombés,tombées,11,F,tombés,-6.8196936,tombées,-9.342203,1
9464,P_NOUN_8_PASS_b,M,P,les paniers avec les pommes que j' aime beaucoup ne sont probablement pas utilisés <eos>,13,utilisés,utilisées,11,F,utilisés,-4.921706,utilisées,-6.829767,1
9465,P_NOUN_8_PASS_b,M,P,les paniers avec les tasses que j' aime beaucoup ne sont probablement pas achetés <eos>,13,achetés,achetées,11,F,achetés,-9.087815,achetées,-12.429653,1
9466,P_NOUN_8_PASS_b,M,P,les paniers avec les tasses que j' aime beaucoup ne sont probablement pas brisés <eos>,13,brisés,brisées,11,F,brisés,-10.486877,brisées,-11.189259,1
9467,P_NOUN_8_PASS_b,M,P,les paniers avec les tasses que j' aime beaucoup ne sont probablement pas cachés <eos>,13,cachés,cachées,11,F,cachés,-8.498603,cachées,-10.907184,1
9468,P_NOUN_8_PASS_b,M,P,les paniers avec les tasses que j' aime beaucoup ne sont probablement pas cassés <eos>,13,cassés,cassées,11,F,cassés,-9.176474,cassées,-10.333193,1
9469,P_NOUN_8_PASS_b,M,P,les paniers avec les tasses que j' aime beaucoup ne sont probablement pas couverts <eos>,13,couverts,couvertes,11,F,couverts,-6.3758354,couvertes,-9.756931,1
9470,P_NOUN_8_PASS_b,M,P,les paniers avec les tasses que j' aime beaucoup ne sont probablement pas déformés <eos>,13,déformés,déformées,11,F,déformés,-11.902918,déformées,-10.596535,0
9471,P_NOUN_8_PASS_b,M,P,les paniers avec les tasses que j' aime beaucoup ne sont probablement pas fixés <eos>,13,fixés,fixées,11,F,fixés,-8.110059,fixées,-10.446339,1
9472,P_NOUN_8_PASS_b,M,P,les paniers avec les tasses que j' aime beaucoup ne sont probablement pas jetés <eos>,13,jetés,jetées,11,F,jetés,-8.553526,jetées,-11.192415,1
9473,P_NOUN_8_PASS_b,M,P,les paniers avec les tasses que j' aime beaucoup ne sont probablement pas laissés <eos>,13,laissés,laissées,11,F,laissés,-8.444752,laissées,-10.081507,1
9474,P_NOUN_8_PASS_b,M,P,les paniers avec les tasses que j' aime beaucoup ne sont probablement pas ouverts <eos>,13,ouverts,ouvertes,11,F,ouverts,-7.524676,ouvertes,-10.264988,1
9475,P_NOUN_8_PASS_b,M,P,les paniers avec les tasses que j' aime beaucoup ne sont probablement pas perdus <eos>,13,perdus,perdues,11,F,perdus,-6.9144745,perdues,-9.760811,1
9476,P_NOUN_8_PASS_b,M,P,les paniers avec les tasses que j' aime beaucoup ne sont probablement pas réparés <eos>,13,réparés,réparées,11,F,réparés,-10.8189945,réparées,-11.332266,1
9477,P_NOUN_8_PASS_b,M,P,les paniers avec les tasses que j' aime beaucoup ne sont probablement pas retirés <eos>,13,retirés,retirées,11,F,retirés,-8.838464,retirées,-10.3701,1
9478,P_NOUN_8_PASS_b,M,P,les paniers avec les tasses que j' aime beaucoup ne sont probablement pas tombés <eos>,13,tombés,tombées,11,F,tombés,-7.286496,tombées,-10.17433,1
9479,P_NOUN_8_PASS_b,M,P,les paniers avec les tasses que j' aime beaucoup ne sont probablement pas utilisés <eos>,13,utilisés,utilisées,11,F,utilisés,-4.890288,utilisées,-7.4226613,1
9480,P_NOUN_8_PASS_b,M,P,les paniers avec les bougies que j' aime beaucoup ne sont probablement pas achetés <eos>,13,achetés,achetées,11,F,achetés,-9.397898,achetées,-12.616635,1
9481,P_NOUN_8_PASS_b,M,P,les paniers avec les bougies que j' aime beaucoup ne sont probablement pas brisés <eos>,13,brisés,brisées,11,F,brisés,-10.577758,brisées,-11.648194,1
9482,P_NOUN_8_PASS_b,M,P,les paniers avec les bougies que j' aime beaucoup ne sont probablement pas cachés <eos>,13,cachés,cachées,11,F,cachés,-7.7935038,cachées,-10.615242,1
9483,P_NOUN_8_PASS_b,M,P,les paniers avec les bougies que j' aime beaucoup ne sont probablement pas cassés <eos>,13,cassés,cassées,11,F,cassés,-9.456663,cassées,-10.643979,1
9484,P_NOUN_8_PASS_b,M,P,les paniers avec les bougies que j' aime beaucoup ne sont probablement pas couverts <eos>,13,couverts,couvertes,11,F,couverts,-7.0618286,couvertes,-10.523803,1
9485,P_NOUN_8_PASS_b,M,P,les paniers avec les bougies que j' aime beaucoup ne sont probablement pas déformés <eos>,13,déformés,déformées,11,F,déformés,-11.525286,déformées,-10.9832,0
9486,P_NOUN_8_PASS_b,M,P,les paniers avec les bougies que j' aime beaucoup ne sont probablement pas fixés <eos>,13,fixés,fixées,11,F,fixés,-8.196902,fixées,-10.747958,1
9487,P_NOUN_8_PASS_b,M,P,les paniers avec les bougies que j' aime beaucoup ne sont probablement pas jetés <eos>,13,jetés,jetées,11,F,jetés,-7.899242,jetées,-11.035961,1
9488,P_NOUN_8_PASS_b,M,P,les paniers avec les bougies que j' aime beaucoup ne sont probablement pas laissés <eos>,13,laissés,laissées,11,F,laissés,-8.235865,laissées,-11.078453,1
9489,P_NOUN_8_PASS_b,M,P,les paniers avec les bougies que j' aime beaucoup ne sont probablement pas ouverts <eos>,13,ouverts,ouvertes,11,F,ouverts,-7.7707376,ouvertes,-10.751785,1
9490,P_NOUN_8_PASS_b,M,P,les paniers avec les bougies que j' aime beaucoup ne sont probablement pas perdus <eos>,13,perdus,perdues,11,F,perdus,-7.1817374,perdues,-10.318779,1
9491,P_NOUN_8_PASS_b,M,P,les paniers avec les bougies que j' aime beaucoup ne sont probablement pas réparés <eos>,13,réparés,réparées,11,F,réparés,-10.843798,réparées,-11.763817,1
9492,P_NOUN_8_PASS_b,M,P,les paniers avec les bougies que j' aime beaucoup ne sont probablement pas retirés <eos>,13,retirés,retirées,11,F,retirés,-9.005198,retirées,-10.668798,1
9493,P_NOUN_8_PASS_b,M,P,les paniers avec les bougies que j' aime beaucoup ne sont probablement pas tombés <eos>,13,tombés,tombées,11,F,tombés,-6.205434,tombées,-10.1880455,1
9494,P_NOUN_8_PASS_b,M,P,les paniers avec les bougies que j' aime beaucoup ne sont probablement pas utilisés <eos>,13,utilisés,utilisées,11,F,utilisés,-5.156046,utilisées,-8.050225,1
9495,P_NOUN_8_PASS_b,M,P,les paniers avec les pochettes que j' aime beaucoup ne sont probablement pas achetés <eos>,13,achetés,achetées,11,F,achetés,-9.125179,achetées,-11.628444,1
9496,P_NOUN_8_PASS_b,M,P,les paniers avec les pochettes que j' aime beaucoup ne sont probablement pas brisés <eos>,13,brisés,brisées,11,F,brisés,-11.344006,brisées,-11.487661,1
9497,P_NOUN_8_PASS_b,M,P,les paniers avec les pochettes que j' aime beaucoup ne sont probablement pas cachés <eos>,13,cachés,cachées,11,F,cachés,-8.684624,cachées,-10.4057665,1
9498,P_NOUN_8_PASS_b,M,P,les paniers avec les pochettes que j' aime beaucoup ne sont probablement pas cassés <eos>,13,cassés,cassées,11,F,cassés,-10.430483,cassées,-10.814583,1
9499,P_NOUN_8_PASS_b,M,P,les paniers avec les pochettes que j' aime beaucoup ne sont probablement pas couverts <eos>,13,couverts,couvertes,11,F,couverts,-7.8983855,couvertes,-10.025169,1
9500,P_NOUN_8_PASS_b,M,P,les paniers avec les pochettes que j' aime beaucoup ne sont probablement pas déformés <eos>,13,déformés,déformées,11,F,déformés,-11.784508,déformées,-9.974644,0
9501,P_NOUN_8_PASS_b,M,P,les paniers avec les pochettes que j' aime beaucoup ne sont probablement pas fixés <eos>,13,fixés,fixées,11,F,fixés,-9.077978,fixées,-10.964196,1
9502,P_NOUN_8_PASS_b,M,P,les paniers avec les pochettes que j' aime beaucoup ne sont probablement pas jetés <eos>,13,jetés,jetées,11,F,jetés,-9.144222,jetées,-12.129204,1
9503,P_NOUN_8_PASS_b,M,P,les paniers avec les pochettes que j' aime beaucoup ne sont probablement pas laissés <eos>,13,laissés,laissées,11,F,laissés,-9.026878,laissées,-9.667202,1
9504,P_NOUN_8_PASS_b,M,P,les paniers avec les pochettes que j' aime beaucoup ne sont probablement pas ouverts <eos>,13,ouverts,ouvertes,11,F,ouverts,-7.5376334,ouvertes,-9.217371,1
9505,P_NOUN_8_PASS_b,M,P,les paniers avec les pochettes que j' aime beaucoup ne sont probablement pas perdus <eos>,13,perdus,perdues,11,F,perdus,-7.291568,perdues,-9.548306,1
9506,P_NOUN_8_PASS_b,M,P,les paniers avec les pochettes que j' aime beaucoup ne sont probablement pas réparés <eos>,13,réparés,réparées,11,F,réparés,-11.675499,réparées,-11.10379,0
9507,P_NOUN_8_PASS_b,M,P,les paniers avec les pochettes que j' aime beaucoup ne sont probablement pas retirés <eos>,13,retirés,retirées,11,F,retirés,-9.638768,retirées,-10.216424,1
9508,P_NOUN_8_PASS_b,M,P,les paniers avec les pochettes que j' aime beaucoup ne sont probablement pas tombés <eos>,13,tombés,tombées,11,F,tombés,-8.6732235,tombées,-10.876374,1
9509,P_NOUN_8_PASS_b,M,P,les paniers avec les pochettes que j' aime beaucoup ne sont probablement pas utilisés <eos>,13,utilisés,utilisées,11,F,utilisés,-5.550568,utilisées,-7.4713597,1
9510,P_NOUN_8_PASS_b,M,P,les paniers avec les bananes que j' aime beaucoup ne sont probablement pas achetés <eos>,13,achetés,achetées,11,F,achetés,-8.778414,achetées,-13.038301,1
9511,P_NOUN_8_PASS_b,M,P,les paniers avec les bananes que j' aime beaucoup ne sont probablement pas brisés <eos>,13,brisés,brisées,11,F,brisés,-10.7163105,brisées,-11.579218,1
9512,P_NOUN_8_PASS_b,M,P,les paniers avec les bananes que j' aime beaucoup ne sont probablement pas cachés <eos>,13,cachés,cachées,11,F,cachés,-8.500446,cachées,-11.350075,1
9513,P_NOUN_8_PASS_b,M,P,les paniers avec les bananes que j' aime beaucoup ne sont probablement pas cassés <eos>,13,cassés,cassées,11,F,cassés,-9.355016,cassées,-10.573794,1
9514,P_NOUN_8_PASS_b,M,P,les paniers avec les bananes que j' aime beaucoup ne sont probablement pas couverts <eos>,13,couverts,couvertes,11,F,couverts,-6.7544928,couvertes,-10.383824,1
9515,P_NOUN_8_PASS_b,M,P,les paniers avec les bananes que j' aime beaucoup ne sont probablement pas déformés <eos>,13,déformés,déformées,11,F,déformés,-12.071692,déformées,-11.18192,0
9516,P_NOUN_8_PASS_b,M,P,les paniers avec les bananes que j' aime beaucoup ne sont probablement pas fixés <eos>,13,fixés,fixées,11,F,fixés,-8.006902,fixées,-11.064055,1
9517,P_NOUN_8_PASS_b,M,P,les paniers avec les bananes que j' aime beaucoup ne sont probablement pas jetés <eos>,13,jetés,jetées,11,F,jetés,-8.8573675,jetées,-10.602148,1
9518,P_NOUN_8_PASS_b,M,P,les paniers avec les bananes que j' aime beaucoup ne sont probablement pas laissés <eos>,13,laissés,laissées,11,F,laissés,-8.137991,laissées,-10.789624,1
9519,P_NOUN_8_PASS_b,M,P,les paniers avec les bananes que j' aime beaucoup ne sont probablement pas ouverts <eos>,13,ouverts,ouvertes,11,F,ouverts,-8.019534,ouvertes,-11.265648,1
9520,P_NOUN_8_PASS_b,M,P,les paniers avec les bananes que j' aime beaucoup ne sont probablement pas perdus <eos>,13,perdus,perdues,11,F,perdus,-7.2555065,perdues,-10.411546,1
9521,P_NOUN_8_PASS_b,M,P,les paniers avec les bananes que j' aime beaucoup ne sont probablement pas réparés <eos>,13,réparés,réparées,11,F,réparés,-11.216839,réparées,-12.434288,1
9522,P_NOUN_8_PASS_b,M,P,les paniers avec les bananes que j' aime beaucoup ne sont probablement pas retirés <eos>,13,retirés,retirées,11,F,retirés,-9.119815,retirées,-11.179668,1
9523,P_NOUN_8_PASS_b,M,P,les paniers avec les bananes que j' aime beaucoup ne sont probablement pas tombés <eos>,13,tombés,tombées,11,F,tombés,-7.224369,tombées,-10.499631,1
9524,P_NOUN_8_PASS_b,M,P,les paniers avec les bananes que j' aime beaucoup ne sont probablement pas utilisés <eos>,13,utilisés,utilisées,11,F,utilisés,-4.821581,utilisées,-7.858015,1
9525,P_NOUN_8_PASS_b,M,P,les paniers avec les robes que j' aime beaucoup ne sont probablement pas achetés <eos>,13,achetés,achetées,11,F,achetés,-9.326368,achetées,-13.263462,1
9526,P_NOUN_8_PASS_b,M,P,les paniers avec les robes que j' aime beaucoup ne sont probablement pas brisés <eos>,13,brisés,brisées,11,F,brisés,-11.057531,brisées,-11.905526,1
9527,P_NOUN_8_PASS_b,M,P,les paniers avec les robes que j' aime beaucoup ne sont probablement pas cachés <eos>,13,cachés,cachées,11,F,cachés,-8.208219,cachées,-11.027576,1
9528,P_NOUN_8_PASS_b,M,P,les paniers avec les robes que j' aime beaucoup ne sont probablement pas cassés <eos>,13,cassés,cassées,11,F,cassés,-9.867562,cassées,-10.638196,1
9529,P_NOUN_8_PASS_b,M,P,les paniers avec les robes que j' aime beaucoup ne sont probablement pas couverts <eos>,13,couverts,couvertes,11,F,couverts,-7.005456,couvertes,-10.38463,1
9530,P_NOUN_8_PASS_b,M,P,les paniers avec les robes que j' aime beaucoup ne sont probablement pas déformés <eos>,13,déformés,déformées,11,F,déformés,-11.550943,déformées,-11.1619005,0
9531,P_NOUN_8_PASS_b,M,P,les paniers avec les robes que j' aime beaucoup ne sont probablement pas fixés <eos>,13,fixés,fixées,11,F,fixés,-8.585033,fixées,-11.047241,1
9532,P_NOUN_8_PASS_b,M,P,les paniers avec les robes que j' aime beaucoup ne sont probablement pas jetés <eos>,13,jetés,jetées,11,F,jetés,-8.692481,jetées,-11.393162,1
9533,P_NOUN_8_PASS_b,M,P,les paniers avec les robes que j' aime beaucoup ne sont probablement pas laissés <eos>,13,laissés,laissées,11,F,laissés,-8.743966,laissées,-11.017525,1
9534,P_NOUN_8_PASS_b,M,P,les paniers avec les robes que j' aime beaucoup ne sont probablement pas ouverts <eos>,13,ouverts,ouvertes,11,F,ouverts,-7.9077206,ouvertes,-10.8332615,1
9535,P_NOUN_8_PASS_b,M,P,les paniers avec les robes que j' aime beaucoup ne sont probablement pas perdus <eos>,13,perdus,perdues,11,F,perdus,-7.8513937,perdues,-10.7306,1
9536,P_NOUN_8_PASS_b,M,P,les paniers avec les robes que j' aime beaucoup ne sont probablement pas réparés <eos>,13,réparés,réparées,11,F,réparés,-10.960176,réparées,-12.120302,1
9537,P_NOUN_8_PASS_b,M,P,les paniers avec les robes que j' aime beaucoup ne sont probablement pas retirés <eos>,13,retirés,retirées,11,F,retirés,-9.336115,retirées,-11.104528,1
9538,P_NOUN_8_PASS_b,M,P,les paniers avec les robes que j' aime beaucoup ne sont probablement pas tombés <eos>,13,tombés,tombées,11,F,tombés,-7.0429077,tombées,-10.684243,1
9539,P_NOUN_8_PASS_b,M,P,les paniers avec les robes que j' aime beaucoup ne sont probablement pas utilisés <eos>,13,utilisés,utilisées,11,F,utilisés,-5.0499153,utilisées,-7.982627,1
9540,P_NOUN_8_PASS_b,M,P,les paniers avec les valises que j' aime beaucoup ne sont probablement pas achetés <eos>,13,achetés,achetées,11,F,achetés,-9.184964,achetées,-12.888121,1
9541,P_NOUN_8_PASS_b,M,P,les paniers avec les valises que j' aime beaucoup ne sont probablement pas brisés <eos>,13,brisés,brisées,11,F,brisés,-10.802375,brisées,-11.549808,1
9542,P_NOUN_8_PASS_b,M,P,les paniers avec les valises que j' aime beaucoup ne sont probablement pas cachés <eos>,13,cachés,cachées,11,F,cachés,-8.020773,cachées,-10.482908,1
9543,P_NOUN_8_PASS_b,M,P,les paniers avec les valises que j' aime beaucoup ne sont probablement pas cassés <eos>,13,cassés,cassées,11,F,cassés,-9.7987,cassées,-10.859913,1
9544,P_NOUN_8_PASS_b,M,P,les paniers avec les valises que j' aime beaucoup ne sont probablement pas couverts <eos>,13,couverts,couvertes,11,F,couverts,-6.7681932,couvertes,-9.89427,1
9545,P_NOUN_8_PASS_b,M,P,les paniers avec les valises que j' aime beaucoup ne sont probablement pas déformés <eos>,13,déformés,déformées,11,F,déformés,-11.973431,déformées,-11.052834,0
9546,P_NOUN_8_PASS_b,M,P,les paniers avec les valises que j' aime beaucoup ne sont probablement pas fixés <eos>,13,fixés,fixées,11,F,fixés,-8.068074,fixées,-10.626906,1
9547,P_NOUN_8_PASS_b,M,P,les paniers avec les valises que j' aime beaucoup ne sont probablement pas jetés <eos>,13,jetés,jetées,11,F,jetés,-8.351648,jetées,-11.009534,1
9548,P_NOUN_8_PASS_b,M,P,les paniers avec les valises que j' aime beaucoup ne sont probablement pas laissés <eos>,13,laissés,laissées,11,F,laissés,-8.3041935,laissées,-10.414968,1
9549,P_NOUN_8_PASS_b,M,P,les paniers avec les valises que j' aime beaucoup ne sont probablement pas ouverts <eos>,13,ouverts,ouvertes,11,F,ouverts,-7.332966,ouvertes,-10.095203,1
9550,P_NOUN_8_PASS_b,M,P,les paniers avec les valises que j' aime beaucoup ne sont probablement pas perdus <eos>,13,perdus,perdues,11,F,perdus,-7.1760054,perdues,-10.099948,1
9551,P_NOUN_8_PASS_b,M,P,les paniers avec les valises que j' aime beaucoup ne sont probablement pas réparés <eos>,13,réparés,réparées,11,F,réparés,-10.94212,réparées,-11.513459,1
9552,P_NOUN_8_PASS_b,M,P,les paniers avec les valises que j' aime beaucoup ne sont probablement pas retirés <eos>,13,retirés,retirées,11,F,retirés,-9.277926,retirées,-10.830945,1
9553,P_NOUN_8_PASS_b,M,P,les paniers avec les valises que j' aime beaucoup ne sont probablement pas tombés <eos>,13,tombés,tombées,11,F,tombés,-7.5238075,tombées,-10.6666765,1
9554,P_NOUN_8_PASS_b,M,P,les paniers avec les valises que j' aime beaucoup ne sont probablement pas utilisés <eos>,13,utilisés,utilisées,11,F,utilisés,-5.2713037,utilisées,-7.938294,1
9555,P_NOUN_8_PASS_b,M,P,les paniers avec les pendules que j' aime beaucoup ne sont probablement pas achetés <eos>,13,achetés,achetées,11,F,achetés,-8.981073,achetées,-12.734912,1
9556,P_NOUN_8_PASS_b,M,P,les paniers avec les pendules que j' aime beaucoup ne sont probablement pas brisés <eos>,13,brisés,brisées,11,F,brisés,-10.249524,brisées,-10.953898,1
9557,P_NOUN_8_PASS_b,M,P,les paniers avec les pendules que j' aime beaucoup ne sont probablement pas cachés <eos>,13,cachés,cachées,11,F,cachés,-7.8512487,cachées,-10.603789,1
9558,P_NOUN_8_PASS_b,M,P,les paniers avec les pendules que j' aime beaucoup ne sont probablement pas cassés <eos>,13,cassés,cassées,11,F,cassés,-9.019938,cassées,-9.916112,1
9559,P_NOUN_8_PASS_b,M,P,les paniers avec les pendules que j' aime beaucoup ne sont probablement pas couverts <eos>,13,couverts,couvertes,11,F,couverts,-7.1381454,couvertes,-10.141783,1
9560,P_NOUN_8_PASS_b,M,P,les paniers avec les pendules que j' aime beaucoup ne sont probablement pas déformés <eos>,13,déformés,déformées,11,F,déformés,-11.356434,déformées,-10.100363,0
9561,P_NOUN_8_PASS_b,M,P,les paniers avec les pendules que j' aime beaucoup ne sont probablement pas fixés <eos>,13,fixés,fixées,11,F,fixés,-7.9301815,fixées,-10.133581,1
9562,P_NOUN_8_PASS_b,M,P,les paniers avec les pendules que j' aime beaucoup ne sont probablement pas jetés <eos>,13,jetés,jetées,11,F,jetés,-7.837743,jetées,-10.784978,1
9563,P_NOUN_8_PASS_b,M,P,les paniers avec les pendules que j' aime beaucoup ne sont probablement pas laissés <eos>,13,laissés,laissées,11,F,laissés,-8.555875,laissées,-10.566183,1
9564,P_NOUN_8_PASS_b,M,P,les paniers avec les pendules que j' aime beaucoup ne sont probablement pas ouverts <eos>,13,ouverts,ouvertes,11,F,ouverts,-7.838888,ouvertes,-10.449889,1
9565,P_NOUN_8_PASS_b,M,P,les paniers avec les pendules que j' aime beaucoup ne sont probablement pas perdus <eos>,13,perdus,perdues,11,F,perdus,-7.268038,perdues,-10.126574,1
9566,P_NOUN_8_PASS_b,M,P,les paniers avec les pendules que j' aime beaucoup ne sont probablement pas réparés <eos>,13,réparés,réparées,11,F,réparés,-11.233651,réparées,-11.3136635,1
9567,P_NOUN_8_PASS_b,M,P,les paniers avec les pendules que j' aime beaucoup ne sont probablement pas retirés <eos>,13,retirés,retirées,11,F,retirés,-8.815251,retirées,-9.978094,1
9568,P_NOUN_8_PASS_b,M,P,les paniers avec les pendules que j' aime beaucoup ne sont probablement pas tombés <eos>,13,tombés,tombées,11,F,tombés,-7.6484275,tombées,-10.325266,1
9569,P_NOUN_8_PASS_b,M,P,les paniers avec les pendules que j' aime beaucoup ne sont probablement pas utilisés <eos>,13,utilisés,utilisées,11,F,utilisés,-4.576466,utilisées,-7.3433566,1
9570,P_NOUN_8_PASS_b,M,P,les paniers avec les cloches que j' aime beaucoup ne sont probablement pas achetés <eos>,13,achetés,achetées,11,F,achetés,-9.374273,achetées,-13.258647,1
9571,P_NOUN_8_PASS_b,M,P,les paniers avec les cloches que j' aime beaucoup ne sont probablement pas brisés <eos>,13,brisés,brisées,11,F,brisés,-10.294973,brisées,-11.599468,1
9572,P_NOUN_8_PASS_b,M,P,les paniers avec les cloches que j' aime beaucoup ne sont probablement pas cachés <eos>,13,cachés,cachées,11,F,cachés,-7.8240423,cachées,-10.788093,1
9573,P_NOUN_8_PASS_b,M,P,les paniers avec les cloches que j' aime beaucoup ne sont probablement pas cassés <eos>,13,cassés,cassées,11,F,cassés,-9.280972,cassées,-10.954298,1
9574,P_NOUN_8_PASS_b,M,P,les paniers avec les cloches que j' aime beaucoup ne sont probablement pas couverts <eos>,13,couverts,couvertes,11,F,couverts,-6.46974,couvertes,-10.32151,1
9575,P_NOUN_8_PASS_b,M,P,les paniers avec les cloches que j' aime beaucoup ne sont probablement pas déformés <eos>,13,déformés,déformées,11,F,déformés,-11.755642,déformées,-11.502323,0
9576,P_NOUN_8_PASS_b,M,P,les paniers avec les cloches que j' aime beaucoup ne sont probablement pas fixés <eos>,13,fixés,fixées,11,F,fixés,-8.261261,fixées,-11.046194,1
9577,P_NOUN_8_PASS_b,M,P,les paniers avec les cloches que j' aime beaucoup ne sont probablement pas jetés <eos>,13,jetés,jetées,11,F,jetés,-7.8811975,jetées,-11.17761,1
9578,P_NOUN_8_PASS_b,M,P,les paniers avec les cloches que j' aime beaucoup ne sont probablement pas laissés <eos>,13,laissés,laissées,11,F,laissés,-8.05871,laissées,-11.2540655,1
9579,P_NOUN_8_PASS_b,M,P,les paniers avec les cloches que j' aime beaucoup ne sont probablement pas ouverts <eos>,13,ouverts,ouvertes,11,F,ouverts,-7.867215,ouvertes,-10.651387,1
9580,P_NOUN_8_PASS_b,M,P,les paniers avec les cloches que j' aime beaucoup ne sont probablement pas perdus <eos>,13,perdus,perdues,11,F,perdus,-6.9730783,perdues,-9.980694,1
9581,P_NOUN_8_PASS_b,M,P,les paniers avec les cloches que j' aime beaucoup ne sont probablement pas réparés <eos>,13,réparés,réparées,11,F,réparés,-10.299025,réparées,-11.4846115,1
9582,P_NOUN_8_PASS_b,M,P,les paniers avec les cloches que j' aime beaucoup ne sont probablement pas retirés <eos>,13,retirés,retirées,11,F,retirés,-8.85858,retirées,-10.51656,1
9583,P_NOUN_8_PASS_b,M,P,les paniers avec les cloches que j' aime beaucoup ne sont probablement pas tombés <eos>,13,tombés,tombées,11,F,tombés,-6.441848,tombées,-10.116375,1
9584,P_NOUN_8_PASS_b,M,P,les paniers avec les cloches que j' aime beaucoup ne sont probablement pas utilisés <eos>,13,utilisés,utilisées,11,F,utilisés,-5.158972,utilisées,-8.28558,1
9585,P_NOUN_8_PASS_b,M,P,les paniers avec les cerises que j' aime beaucoup ne sont probablement pas achetés <eos>,13,achetés,achetées,11,F,achetés,-8.678462,achetées,-12.718783,1
9586,P_NOUN_8_PASS_b,M,P,les paniers avec les cerises que j' aime beaucoup ne sont probablement pas brisés <eos>,13,brisés,brisées,11,F,brisés,-10.523759,brisées,-11.795659,1
9587,P_NOUN_8_PASS_b,M,P,les paniers avec les cerises que j' aime beaucoup ne sont probablement pas cachés <eos>,13,cachés,cachées,11,F,cachés,-8.472784,cachées,-11.291101,1
9588,P_NOUN_8_PASS_b,M,P,les paniers avec les cerises que j' aime beaucoup ne sont probablement pas cassés <eos>,13,cassés,cassées,11,F,cassés,-9.427046,cassées,-10.76579,1
9589,P_NOUN_8_PASS_b,M,P,les paniers avec les cerises que j' aime beaucoup ne sont probablement pas couverts <eos>,13,couverts,couvertes,11,F,couverts,-6.515414,couvertes,-10.378924,1
9590,P_NOUN_8_PASS_b,M,P,les paniers avec les cerises que j' aime beaucoup ne sont probablement pas déformés <eos>,13,déformés,déformées,11,F,déformés,-12.002375,déformées,-11.34409,0
9591,P_NOUN_8_PASS_b,M,P,les paniers avec les cerises que j' aime beaucoup ne sont probablement pas fixés <eos>,13,fixés,fixées,11,F,fixés,-8.031172,fixées,-11.252429,1
9592,P_NOUN_8_PASS_b,M,P,les paniers avec les cerises que j' aime beaucoup ne sont probablement pas jetés <eos>,13,jetés,jetées,11,F,jetés,-8.5818615,jetées,-11.226967,1
9593,P_NOUN_8_PASS_b,M,P,les paniers avec les cerises que j' aime beaucoup ne sont probablement pas laissés <eos>,13,laissés,laissées,11,F,laissés,-8.058033,laissées,-10.880371,1
9594,P_NOUN_8_PASS_b,M,P,les paniers avec les cerises que j' aime beaucoup ne sont probablement pas ouverts <eos>,13,ouverts,ouvertes,11,F,ouverts,-7.7248545,ouvertes,-10.802737,1
9595,P_NOUN_8_PASS_b,M,P,les paniers avec les cerises que j' aime beaucoup ne sont probablement pas perdus <eos>,13,perdus,perdues,11,F,perdus,-7.362415,perdues,-10.41868,1
9596,P_NOUN_8_PASS_b,M,P,les paniers avec les cerises que j' aime beaucoup ne sont probablement pas réparés <eos>,13,réparés,réparées,11,F,réparés,-10.779487,réparées,-12.007457,1
9597,P_NOUN_8_PASS_b,M,P,les paniers avec les cerises que j' aime beaucoup ne sont probablement pas retirés <eos>,13,retirés,retirées,11,F,retirés,-9.026427,retirées,-11.158525,1
9598,P_NOUN_8_PASS_b,M,P,les paniers avec les cerises que j' aime beaucoup ne sont probablement pas tombés <eos>,13,tombés,tombées,11,F,tombés,-6.9004917,tombées,-10.478114,1
9599,P_NOUN_8_PASS_b,M,P,les paniers avec les cerises que j' aime beaucoup ne sont probablement pas utilisés <eos>,13,utilisés,utilisées,11,F,utilisés,-5.1152387,utilisées,-8.023216,1
9600,P_NOUN_8_PASS_b,M,P,les colliers avec les gemmes que j' aime beaucoup ne sont probablement pas achetés <eos>,13,achetés,achetées,11,F,achetés,-9.109115,achetées,-13.151848,1
9601,P_NOUN_8_PASS_b,M,P,les colliers avec les gemmes que j' aime beaucoup ne sont probablement pas brisés <eos>,13,brisés,brisées,11,F,brisés,-10.065164,brisées,-11.032707,1
9602,P_NOUN_8_PASS_b,M,P,les colliers avec les gemmes que j' aime beaucoup ne sont probablement pas cachés <eos>,13,cachés,cachées,11,F,cachés,-7.586497,cachées,-10.862173,1
9603,P_NOUN_8_PASS_b,M,P,les colliers avec les gemmes que j' aime beaucoup ne sont probablement pas cassés <eos>,13,cassés,cassées,11,F,cassés,-8.782563,cassées,-10.934404,1
9604,P_NOUN_8_PASS_b,M,P,les colliers avec les gemmes que j' aime beaucoup ne sont probablement pas couverts <eos>,13,couverts,couvertes,11,F,couverts,-7.313797,couvertes,-10.747904,1
9605,P_NOUN_8_PASS_b,M,P,les colliers avec les gemmes que j' aime beaucoup ne sont probablement pas déformés <eos>,13,déformés,déformées,11,F,déformés,-10.673563,déformées,-10.242233,0
9606,P_NOUN_8_PASS_b,M,P,les colliers avec les gemmes que j' aime beaucoup ne sont probablement pas fixés <eos>,13,fixés,fixées,11,F,fixés,-8.203766,fixées,-10.456036,1
9607,P_NOUN_8_PASS_b,M,P,les colliers avec les gemmes que j' aime beaucoup ne sont probablement pas jetés <eos>,13,jetés,jetées,11,F,jetés,-7.953296,jetées,-11.487843,1
9608,P_NOUN_8_PASS_b,M,P,les colliers avec les gemmes que j' aime beaucoup ne sont probablement pas laissés <eos>,13,laissés,laissées,11,F,laissés,-8.051546,laissées,-10.539995,1
9609,P_NOUN_8_PASS_b,M,P,les colliers avec les gemmes que j' aime beaucoup ne sont probablement pas ouverts <eos>,13,ouverts,ouvertes,11,F,ouverts,-8.427044,ouvertes,-11.539692,1
9610,P_NOUN_8_PASS_b,M,P,les colliers avec les gemmes que j' aime beaucoup ne sont probablement pas perdus <eos>,13,perdus,perdues,11,F,perdus,-6.54021,perdues,-9.792416,1
9611,P_NOUN_8_PASS_b,M,P,les colliers avec les gemmes que j' aime beaucoup ne sont probablement pas réparés <eos>,13,réparés,réparées,11,F,réparés,-10.2440605,réparées,-11.6139965,1
9612,P_NOUN_8_PASS_b,M,P,les colliers avec les gemmes que j' aime beaucoup ne sont probablement pas retirés <eos>,13,retirés,retirées,11,F,retirés,-8.4646225,retirées,-10.448069,1
9613,P_NOUN_8_PASS_b,M,P,les colliers avec les gemmes que j' aime beaucoup ne sont probablement pas tombés <eos>,13,tombés,tombées,11,F,tombés,-7.099146,tombées,-10.143561,1
9614,P_NOUN_8_PASS_b,M,P,les colliers avec les gemmes que j' aime beaucoup ne sont probablement pas utilisés <eos>,13,utilisés,utilisées,11,F,utilisés,-4.820058,utilisées,-7.9321823,1
9615,P_NOUN_8_PASS_b,M,P,les colliers avec les chaises que j' aime beaucoup ne sont probablement pas achetés <eos>,13,achetés,achetées,11,F,achetés,-9.400459,achetées,-13.101184,1
9616,P_NOUN_8_PASS_b,M,P,les colliers avec les chaises que j' aime beaucoup ne sont probablement pas brisés <eos>,13,brisés,brisées,11,F,brisés,-9.8062,brisées,-10.72265,1
9617,P_NOUN_8_PASS_b,M,P,les colliers avec les chaises que j' aime beaucoup ne sont probablement pas cachés <eos>,13,cachés,cachées,11,F,cachés,-8.347127,cachées,-10.670499,1
9618,P_NOUN_8_PASS_b,M,P,les colliers avec les chaises que j' aime beaucoup ne sont probablement pas cassés <eos>,13,cassés,cassées,11,F,cassés,-8.993039,cassées,-10.285531,1
9619,P_NOUN_8_PASS_b,M,P,les colliers avec les chaises que j' aime beaucoup ne sont probablement pas couverts <eos>,13,couverts,couvertes,11,F,couverts,-6.426794,couvertes,-9.82451,1
9620,P_NOUN_8_PASS_b,M,P,les colliers avec les chaises que j' aime beaucoup ne sont probablement pas déformés <eos>,13,déformés,déformées,11,F,déformés,-10.697259,déformées,-9.805394,0
9621,P_NOUN_8_PASS_b,M,P,les colliers avec les chaises que j' aime beaucoup ne sont probablement pas fixés <eos>,13,fixés,fixées,11,F,fixés,-8.145624,fixées,-9.790836,1
9622,P_NOUN_8_PASS_b,M,P,les colliers avec les chaises que j' aime beaucoup ne sont probablement pas jetés <eos>,13,jetés,jetées,11,F,jetés,-7.909151,jetées,-11.545711,1
9623,P_NOUN_8_PASS_b,M,P,les colliers avec les chaises que j' aime beaucoup ne sont probablement pas laissés <eos>,13,laissés,laissées,11,F,laissés,-8.364189,laissées,-9.973602,1
9624,P_NOUN_8_PASS_b,M,P,les colliers avec les chaises que j' aime beaucoup ne sont probablement pas ouverts <eos>,13,ouverts,ouvertes,11,F,ouverts,-7.3565464,ouvertes,-10.164685,1
9625,P_NOUN_8_PASS_b,M,P,les colliers avec les chaises que j' aime beaucoup ne sont probablement pas perdus <eos>,13,perdus,perdues,11,F,perdus,-6.7616687,perdues,-9.854282,1
9626,P_NOUN_8_PASS_b,M,P,les colliers avec les chaises que j' aime beaucoup ne sont probablement pas réparés <eos>,13,réparés,réparées,11,F,réparés,-10.650613,réparées,-11.015199,1
9627,P_NOUN_8_PASS_b,M,P,les colliers avec les chaises que j' aime beaucoup ne sont probablement pas retirés <eos>,13,retirés,retirées,11,F,retirés,-8.838154,retirées,-10.074338,1
9628,P_NOUN_8_PASS_b,M,P,les colliers avec les chaises que j' aime beaucoup ne sont probablement pas tombés <eos>,13,tombés,tombées,11,F,tombés,-7.7050242,tombées,-10.133778,1
9629,P_NOUN_8_PASS_b,M,P,les colliers avec les chaises que j' aime beaucoup ne sont probablement pas utilisés <eos>,13,utilisés,utilisées,11,F,utilisés,-5.2119865,utilisées,-8.000635,1
9630,P_NOUN_8_PASS_b,M,P,les colliers avec les poubelles que j' aime beaucoup ne sont probablement pas achetés <eos>,13,achetés,achetées,11,F,achetés,-9.210479,achetées,-13.047888,1
9631,P_NOUN_8_PASS_b,M,P,les colliers avec les poubelles que j' aime beaucoup ne sont probablement pas brisés <eos>,13,brisés,brisées,11,F,brisés,-9.941626,brisées,-11.006849,1
9632,P_NOUN_8_PASS_b,M,P,les colliers avec les poubelles que j' aime beaucoup ne sont probablement pas cachés <eos>,13,cachés,cachées,11,F,cachés,-8.007782,cachées,-10.828514,1
9633,P_NOUN_8_PASS_b,M,P,les colliers avec les poubelles que j' aime beaucoup ne sont probablement pas cassés <eos>,13,cassés,cassées,11,F,cassés,-8.739203,cassées,-10.613085,1
9634,P_NOUN_8_PASS_b,M,P,les colliers avec les poubelles que j' aime beaucoup ne sont probablement pas couverts <eos>,13,couverts,couvertes,11,F,couverts,-6.7286854,couvertes,-9.707101,1
9635,P_NOUN_8_PASS_b,M,P,les colliers avec les poubelles que j' aime beaucoup ne sont probablement pas déformés <eos>,13,déformés,déformées,11,F,déformés,-10.939748,déformées,-9.867593,0
9636,P_NOUN_8_PASS_b,M,P,les colliers avec les poubelles que j' aime beaucoup ne sont probablement pas fixés <eos>,13,fixés,fixées,11,F,fixés,-8.146207,fixées,-10.111528,1
9637,P_NOUN_8_PASS_b,M,P,les colliers avec les poubelles que j' aime beaucoup ne sont probablement pas jetés <eos>,13,jetés,jetées,11,F,jetés,-7.756502,jetées,-11.272582,1
9638,P_NOUN_8_PASS_b,M,P,les colliers avec les poubelles que j' aime beaucoup ne sont probablement pas laissés <eos>,13,laissés,laissées,11,F,laissés,-8.197242,laissées,-9.992699,1
9639,P_NOUN_8_PASS_b,M,P,les colliers avec les poubelles que j' aime beaucoup ne sont probablement pas ouverts <eos>,13,ouverts,ouvertes,11,F,ouverts,-7.181745,ouvertes,-10.101376,1
9640,P_NOUN_8_PASS_b,M,P,les colliers avec les poubelles que j' aime beaucoup ne sont probablement pas perdus <eos>,13,perdus,perdues,11,F,perdus,-6.633461,perdues,-9.941597,1
9641,P_NOUN_8_PASS_b,M,P,les colliers avec les poubelles que j' aime beaucoup ne sont probablement pas réparés <eos>,13,réparés,réparées,11,F,réparés,-10.398663,réparées,-10.9685335,1
9642,P_NOUN_8_PASS_b,M,P,les colliers avec les poubelles que j' aime beaucoup ne sont probablement pas retirés <eos>,13,retirés,retirées,11,F,retirés,-8.377826,retirées,-10.351586,1
9643,P_NOUN_8_PASS_b,M,P,les colliers avec les poubelles que j' aime beaucoup ne sont probablement pas tombés <eos>,13,tombés,tombées,11,F,tombés,-7.626746,tombées,-10.5783205,1
9644,P_NOUN_8_PASS_b,M,P,les colliers avec les poubelles que j' aime beaucoup ne sont probablement pas utilisés <eos>,13,utilisés,utilisées,11,F,utilisés,-4.9719462,utilisées,-7.7400613,1
9645,P_NOUN_8_PASS_b,M,P,les colliers avec les chemises que j' aime beaucoup ne sont probablement pas achetés <eos>,13,achetés,achetées,11,F,achetés,-9.481884,achetées,-12.938009,1
9646,P_NOUN_8_PASS_b,M,P,les colliers avec les chemises que j' aime beaucoup ne sont probablement pas brisés <eos>,13,brisés,brisées,11,F,brisés,-10.082745,brisées,-10.764687,1
9647,P_NOUN_8_PASS_b,M,P,les colliers avec les chemises que j' aime beaucoup ne sont probablement pas cachés <eos>,13,cachés,cachées,11,F,cachés,-8.082322,cachées,-10.581108,1
9648,P_NOUN_8_PASS_b,M,P,les colliers avec les chemises que j' aime beaucoup ne sont probablement pas cassés <eos>,13,cassés,cassées,11,F,cassés,-9.0455065,cassées,-9.794406,1
9649,P_NOUN_8_PASS_b,M,P,les colliers avec les chemises que j' aime beaucoup ne sont probablement pas couverts <eos>,13,couverts,couvertes,11,F,couverts,-7.2884417,couvertes,-10.183754,1
9650,P_NOUN_8_PASS_b,M,P,les colliers avec les chemises que j' aime beaucoup ne sont probablement pas déformés <eos>,13,déformés,déformées,11,F,déformés,-10.826655,déformées,-9.725548,0
9651,P_NOUN_8_PASS_b,M,P,les colliers avec les chemises que j' aime beaucoup ne sont probablement pas fixés <eos>,13,fixés,fixées,11,F,fixés,-8.357947,fixées,-9.696281,1
9652,P_NOUN_8_PASS_b,M,P,les colliers avec les chemises que j' aime beaucoup ne sont probablement pas jetés <eos>,13,jetés,jetées,11,F,jetés,-7.8439493,jetées,-10.648346,1
9653,P_NOUN_8_PASS_b,M,P,les colliers avec les chemises que j' aime beaucoup ne sont probablement pas laissés <eos>,13,laissés,laissées,11,F,laissés,-8.390846,laissées,-10.37764,1
9654,P_NOUN_8_PASS_b,M,P,les colliers avec les chemises que j' aime beaucoup ne sont probablement pas ouverts <eos>,13,ouverts,ouvertes,11,F,ouverts,-8.379435,ouvertes,-11.107239,1
9655,P_NOUN_8_PASS_b,M,P,les colliers avec les chemises que j' aime beaucoup ne sont probablement pas perdus <eos>,13,perdus,perdues,11,F,perdus,-7.0161657,perdues,-9.705755,1
9656,P_NOUN_8_PASS_b,M,P,les colliers avec les chemises que j' aime beaucoup ne sont probablement pas réparés <eos>,13,réparés,réparées,11,F,réparés,-10.791072,réparées,-11.444043,1
9657,P_NOUN_8_PASS_b,M,P,les colliers avec les chemises que j' aime beaucoup ne sont probablement pas retirés <eos>,13,retirés,retirées,11,F,retirés,-8.524689,retirées,-9.997374,1
9658,P_NOUN_8_PASS_b,M,P,les colliers avec les chemises que j' aime beaucoup ne sont probablement pas tombés <eos>,13,tombés,tombées,11,F,tombés,-6.794874,tombées,-9.70695,1
9659,P_NOUN_8_PASS_b,M,P,les colliers avec les chemises que j' aime beaucoup ne sont probablement pas utilisés <eos>,13,utilisés,utilisées,11,F,utilisés,-4.7742167,utilisées,-7.399251,1
9660,P_NOUN_8_PASS_b,M,P,les colliers avec les recettes que j' aime beaucoup ne sont probablement pas achetés <eos>,13,achetés,achetées,11,F,achetés,-8.753087,achetées,-12.572287,1
9661,P_NOUN_8_PASS_b,M,P,les colliers avec les recettes que j' aime beaucoup ne sont probablement pas brisés <eos>,13,brisés,brisées,11,F,brisés,-10.535329,brisées,-11.431836,1
9662,P_NOUN_8_PASS_b,M,P,les colliers avec les recettes que j' aime beaucoup ne sont probablement pas cachés <eos>,13,cachés,cachées,11,F,cachés,-8.107794,cachées,-11.636475,1
9663,P_NOUN_8_PASS_b,M,P,les colliers avec les recettes que j' aime beaucoup ne sont probablement pas cassés <eos>,13,cassés,cassées,11,F,cassés,-8.873293,cassées,-11.270522,1
9664,P_NOUN_8_PASS_b,M,P,les colliers avec les recettes que j' aime beaucoup ne sont probablement pas couverts <eos>,13,couverts,couvertes,11,F,couverts,-6.9671946,couvertes,-10.586952,1
9665,P_NOUN_8_PASS_b,M,P,les colliers avec les recettes que j' aime beaucoup ne sont probablement pas déformés <eos>,13,déformés,déformées,11,F,déformés,-11.53553,déformées,-10.661081,0
9666,P_NOUN_8_PASS_b,M,P,les colliers avec les recettes que j' aime beaucoup ne sont probablement pas fixés <eos>,13,fixés,fixées,11,F,fixés,-7.8207045,fixées,-10.545469,1
9667,P_NOUN_8_PASS_b,M,P,les colliers avec les recettes que j' aime beaucoup ne sont probablement pas jetés <eos>,13,jetés,jetées,11,F,jetés,-8.353517,jetées,-12.042565,1
9668,P_NOUN_8_PASS_b,M,P,les colliers avec les recettes que j' aime beaucoup ne sont probablement pas laissés <eos>,13,laissés,laissées,11,F,laissés,-8.650022,laissées,-10.314676,1
9669,P_NOUN_8_PASS_b,M,P,les colliers avec les recettes que j' aime beaucoup ne sont probablement pas ouverts <eos>,13,ouverts,ouvertes,11,F,ouverts,-8.154415,ouvertes,-11.367501,1
9670,P_NOUN_8_PASS_b,M,P,les colliers avec les recettes que j' aime beaucoup ne sont probablement pas perdus <eos>,13,perdus,perdues,11,F,perdus,-6.674428,perdues,-9.9524555,1
9671,P_NOUN_8_PASS_b,M,P,les colliers avec les recettes que j' aime beaucoup ne sont probablement pas réparés <eos>,13,réparés,réparées,11,F,réparés,-10.55975,réparées,-11.653631,1
9672,P_NOUN_8_PASS_b,M,P,les colliers avec les recettes que j' aime beaucoup ne sont probablement pas retirés <eos>,13,retirés,retirées,11,F,retirés,-8.42572,retirées,-10.436279,1
9673,P_NOUN_8_PASS_b,M,P,les colliers avec les recettes que j' aime beaucoup ne sont probablement pas tombés <eos>,13,tombés,tombées,11,F,tombés,-7.354634,tombées,-10.5554695,1
9674,P_NOUN_8_PASS_b,M,P,les colliers avec les recettes que j' aime beaucoup ne sont probablement pas utilisés <eos>,13,utilisés,utilisées,11,F,utilisés,-5.0020695,utilisées,-7.979063,1
9675,P_NOUN_8_PASS_b,M,P,les colliers avec les jupes que j' aime beaucoup ne sont probablement pas achetés <eos>,13,achetés,achetées,11,F,achetés,-9.509369,achetées,-13.0927925,1
9676,P_NOUN_8_PASS_b,M,P,les colliers avec les jupes que j' aime beaucoup ne sont probablement pas brisés <eos>,13,brisés,brisées,11,F,brisés,-10.071921,brisées,-11.093858,1
9677,P_NOUN_8_PASS_b,M,P,les colliers avec les jupes que j' aime beaucoup ne sont probablement pas cachés <eos>,13,cachés,cachées,11,F,cachés,-8.222957,cachées,-11.050318,1
9678,P_NOUN_8_PASS_b,M,P,les colliers avec les jupes que j' aime beaucoup ne sont probablement pas cassés <eos>,13,cassés,cassées,11,F,cassés,-8.725322,cassées,-9.869455,1
9679,P_NOUN_8_PASS_b,M,P,les colliers avec les jupes que j' aime beaucoup ne sont probablement pas couverts <eos>,13,couverts,couvertes,11,F,couverts,-7.1847315,couvertes,-10.054625,1
9680,P_NOUN_8_PASS_b,M,P,les colliers avec les jupes que j' aime beaucoup ne sont probablement pas déformés <eos>,13,déformés,déformées,11,F,déformés,-10.927834,déformées,-9.780491,0
9681,P_NOUN_8_PASS_b,M,P,les colliers avec les jupes que j' aime beaucoup ne sont probablement pas fixés <eos>,13,fixés,fixées,11,F,fixés,-7.8859224,fixées,-9.755746,1
9682,P_NOUN_8_PASS_b,M,P,les colliers avec les jupes que j' aime beaucoup ne sont probablement pas jetés <eos>,13,jetés,jetées,11,F,jetés,-8.450907,jetées,-11.509853,1
9683,P_NOUN_8_PASS_b,M,P,les colliers avec les jupes que j' aime beaucoup ne sont probablement pas laissés <eos>,13,laissés,laissées,11,F,laissés,-9.02351,laissées,-10.693403,1
9684,P_NOUN_8_PASS_b,M,P,les colliers avec les jupes que j' aime beaucoup ne sont probablement pas ouverts <eos>,13,ouverts,ouvertes,11,F,ouverts,-7.771251,ouvertes,-10.902029,1
9685,P_NOUN_8_PASS_b,M,P,les colliers avec les jupes que j' aime beaucoup ne sont probablement pas perdus <eos>,13,perdus,perdues,11,F,perdus,-7.149322,perdues,-10.493294,1
9686,P_NOUN_8_PASS_b,M,P,les colliers avec les jupes que j' aime beaucoup ne sont probablement pas réparés <eos>,13,réparés,réparées,11,F,réparés,-10.887062,réparées,-11.4874325,1
9687,P_NOUN_8_PASS_b,M,P,les colliers avec les jupes que j' aime beaucoup ne sont probablement pas retirés <eos>,13,retirés,retirées,11,F,retirés,-8.766687,retirées,-10.278468,1
9688,P_NOUN_8_PASS_b,M,P,les colliers avec les jupes que j' aime beaucoup ne sont probablement pas tombés <eos>,13,tombés,tombées,11,F,tombés,-7.3615246,tombées,-10.261509,1
9689,P_NOUN_8_PASS_b,M,P,les colliers avec les jupes que j' aime beaucoup ne sont probablement pas utilisés <eos>,13,utilisés,utilisées,11,F,utilisés,-4.7471437,utilisées,-7.6826277,1
9690,P_NOUN_8_PASS_b,M,P,les colliers avec les colles que j' aime beaucoup ne sont probablement pas achetés <eos>,13,achetés,achetées,11,F,achetés,-9.564201,achetées,-13.160651,1
9691,P_NOUN_8_PASS_b,M,P,les colliers avec les colles que j' aime beaucoup ne sont probablement pas brisés <eos>,13,brisés,brisées,11,F,brisés,-10.295516,brisées,-11.170657,1
9692,P_NOUN_8_PASS_b,M,P,les colliers avec les colles que j' aime beaucoup ne sont probablement pas cachés <eos>,13,cachés,cachées,11,F,cachés,-8.570376,cachées,-11.205871,1
9693,P_NOUN_8_PASS_b,M,P,les colliers avec les colles que j' aime beaucoup ne sont probablement pas cassés <eos>,13,cassés,cassées,11,F,cassés,-8.666258,cassées,-10.379366,1
9694,P_NOUN_8_PASS_b,M,P,les colliers avec les colles que j' aime beaucoup ne sont probablement pas couverts <eos>,13,couverts,couvertes,11,F,couverts,-7.2847676,couvertes,-9.974285,1
9695,P_NOUN_8_PASS_b,M,P,les colliers avec les colles que j' aime beaucoup ne sont probablement pas déformés <eos>,13,déformés,déformées,11,F,déformés,-11.2651005,déformées,-9.560966,0
9696,P_NOUN_8_PASS_b,M,P,les colliers avec les colles que j' aime beaucoup ne sont probablement pas fixés <eos>,13,fixés,fixées,11,F,fixés,-8.356462,fixées,-10.203101,1
9697,P_NOUN_8_PASS_b,M,P,les colliers avec les colles que j' aime beaucoup ne sont probablement pas jetés <eos>,13,jetés,jetées,11,F,jetés,-8.577071,jetées,-11.716145,1
9698,P_NOUN_8_PASS_b,M,P,les colliers avec les colles que j' aime beaucoup ne sont probablement pas laissés <eos>,13,laissés,laissées,11,F,laissés,-8.869101,laissées,-10.010098,1
9699,P_NOUN_8_PASS_b,M,P,les colliers avec les colles que j' aime beaucoup ne sont probablement pas ouverts <eos>,13,ouverts,ouvertes,11,F,ouverts,-7.943572,ouvertes,-10.589737,1
9700,P_NOUN_8_PASS_b,M,P,les colliers avec les colles que j' aime beaucoup ne sont probablement pas perdus <eos>,13,perdus,perdues,11,F,perdus,-7.1730337,perdues,-9.969376,1
9701,P_NOUN_8_PASS_b,M,P,les colliers avec les colles que j' aime beaucoup ne sont probablement pas réparés <eos>,13,réparés,réparées,11,F,réparés,-10.678791,réparées,-11.126723,1
9702,P_NOUN_8_PASS_b,M,P,les colliers avec les colles que j' aime beaucoup ne sont probablement pas retirés <eos>,13,retirés,retirées,11,F,retirés,-8.648973,retirées,-10.323129,1
9703,P_NOUN_8_PASS_b,M,P,les colliers avec les colles que j' aime beaucoup ne sont probablement pas tombés <eos>,13,tombés,tombées,11,F,tombés,-7.9376144,tombées,-10.483997,1
9704,P_NOUN_8_PASS_b,M,P,les colliers avec les colles que j' aime beaucoup ne sont probablement pas utilisés <eos>,13,utilisés,utilisées,11,F,utilisés,-4.6984625,utilisées,-7.1437473,1
9705,P_NOUN_8_PASS_b,M,P,les colliers avec les lampes que j' aime beaucoup ne sont probablement pas achetés <eos>,13,achetés,achetées,11,F,achetés,-9.364902,achetées,-13.41184,1
9706,P_NOUN_8_PASS_b,M,P,les colliers avec les lampes que j' aime beaucoup ne sont probablement pas brisés <eos>,13,brisés,brisées,11,F,brisés,-9.554441,brisées,-10.740053,1
9707,P_NOUN_8_PASS_b,M,P,les colliers avec les lampes que j' aime beaucoup ne sont probablement pas cachés <eos>,13,cachés,cachées,11,F,cachés,-7.9946203,cachées,-11.153677,1
9708,P_NOUN_8_PASS_b,M,P,les colliers avec les lampes que j' aime beaucoup ne sont probablement pas cassés <eos>,13,cassés,cassées,11,F,cassés,-8.693188,cassées,-10.123507,1
9709,P_NOUN_8_PASS_b,M,P,les colliers avec les lampes que j' aime beaucoup ne sont probablement pas couverts <eos>,13,couverts,couvertes,11,F,couverts,-7.166691,couvertes,-10.389185,1
9710,P_NOUN_8_PASS_b,M,P,les colliers avec les lampes que j' aime beaucoup ne sont probablement pas déformés <eos>,13,déformés,déformées,11,F,déformés,-10.290129,déformées,-9.168468,0
9711,P_NOUN_8_PASS_b,M,P,les colliers avec les lampes que j' aime beaucoup ne sont probablement pas fixés <eos>,13,fixés,fixées,11,F,fixés,-7.8917065,fixées,-9.715346,1
9712,P_NOUN_8_PASS_b,M,P,les colliers avec les lampes que j' aime beaucoup ne sont probablement pas jetés <eos>,13,jetés,jetées,11,F,jetés,-7.7166333,jetées,-11.276674,1
9713,P_NOUN_8_PASS_b,M,P,les colliers avec les lampes que j' aime beaucoup ne sont probablement pas laissés <eos>,13,laissés,laissées,11,F,laissés,-8.518225,laissées,-10.459,1
9714,P_NOUN_8_PASS_b,M,P,les colliers avec les lampes que j' aime beaucoup ne sont probablement pas ouverts <eos>,13,ouverts,ouvertes,11,F,ouverts,-8.016591,ouvertes,-11.066204,1
9715,P_NOUN_8_PASS_b,M,P,les colliers avec les lampes que j' aime beaucoup ne sont probablement pas perdus <eos>,13,perdus,perdues,11,F,perdus,-6.6526937,perdues,-9.902389,1
9716,P_NOUN_8_PASS_b,M,P,les colliers avec les lampes que j' aime beaucoup ne sont probablement pas réparés <eos>,13,réparés,réparées,11,F,réparés,-10.673637,réparées,-11.1457815,1
9717,P_NOUN_8_PASS_b,M,P,les colliers avec les lampes que j' aime beaucoup ne sont probablement pas retirés <eos>,13,retirés,retirées,11,F,retirés,-8.327964,retirées,-9.876329,1
9718,P_NOUN_8_PASS_b,M,P,les colliers avec les lampes que j' aime beaucoup ne sont probablement pas tombés <eos>,13,tombés,tombées,11,F,tombés,-7.6283965,tombées,-10.307575,1
9719,P_NOUN_8_PASS_b,M,P,les colliers avec les lampes que j' aime beaucoup ne sont probablement pas utilisés <eos>,13,utilisés,utilisées,11,F,utilisés,-4.341596,utilisées,-7.507878,1
9720,P_NOUN_8_PASS_b,M,P,les colliers avec les bouteilles que j' aime beaucoup ne sont probablement pas achetés <eos>,13,achetés,achetées,11,F,achetés,-8.890488,achetées,-12.3824625,1
9721,P_NOUN_8_PASS_b,M,P,les colliers avec les bouteilles que j' aime beaucoup ne sont probablement pas brisés <eos>,13,brisés,brisées,11,F,brisés,-10.230659,brisées,-11.08668,1
9722,P_NOUN_8_PASS_b,M,P,les colliers avec les bouteilles que j' aime beaucoup ne sont probablement pas cachés <eos>,13,cachés,cachées,11,F,cachés,-8.083206,cachées,-11.242094,1
9723,P_NOUN_8_PASS_b,M,P,les colliers avec les bouteilles que j' aime beaucoup ne sont probablement pas cassés <eos>,13,cassés,cassées,11,F,cassés,-8.614197,cassées,-10.254496,1
9724,P_NOUN_8_PASS_b,M,P,les colliers avec les bouteilles que j' aime beaucoup ne sont probablement pas couverts <eos>,13,couverts,couvertes,11,F,couverts,-7.04068,couvertes,-10.414241,1
9725,P_NOUN_8_PASS_b,M,P,les colliers avec les bouteilles que j' aime beaucoup ne sont probablement pas déformés <eos>,13,déformés,déformées,11,F,déformés,-10.965,déformées,-9.804096,0
9726,P_NOUN_8_PASS_b,M,P,les colliers avec les bouteilles que j' aime beaucoup ne sont probablement pas fixés <eos>,13,fixés,fixées,11,F,fixés,-8.095738,fixées,-10.47572,1
9727,P_NOUN_8_PASS_b,M,P,les colliers avec les bouteilles que j' aime beaucoup ne sont probablement pas jetés <eos>,13,jetés,jetées,11,F,jetés,-8.160419,jetées,-11.969576,1
9728,P_NOUN_8_PASS_b,M,P,les colliers avec les bouteilles que j' aime beaucoup ne sont probablement pas laissés <eos>,13,laissés,laissées,11,F,laissés,-8.648395,laissées,-9.977082,1
9729,P_NOUN_8_PASS_b,M,P,les colliers avec les bouteilles que j' aime beaucoup ne sont probablement pas ouverts <eos>,13,ouverts,ouvertes,11,F,ouverts,-7.7750435,ouvertes,-10.891085,1
9730,P_NOUN_8_PASS_b,M,P,les colliers avec les bouteilles que j' aime beaucoup ne sont probablement pas perdus <eos>,13,perdus,perdues,11,F,perdus,-6.6658206,perdues,-10.037178,1
9731,P_NOUN_8_PASS_b,M,P,les colliers avec les bouteilles que j' aime beaucoup ne sont probablement pas réparés <eos>,13,réparés,réparées,11,F,réparés,-10.911961,réparées,-11.432277,1
9732,P_NOUN_8_PASS_b,M,P,les colliers avec les bouteilles que j' aime beaucoup ne sont probablement pas retirés <eos>,13,retirés,retirées,11,F,retirés,-8.591716,retirées,-10.381955,1
9733,P_NOUN_8_PASS_b,M,P,les colliers avec les bouteilles que j' aime beaucoup ne sont probablement pas tombés <eos>,13,tombés,tombées,11,F,tombés,-7.688261,tombées,-10.512659,1
9734,P_NOUN_8_PASS_b,M,P,les colliers avec les bouteilles que j' aime beaucoup ne sont probablement pas utilisés <eos>,13,utilisés,utilisées,11,F,utilisés,-4.923317,utilisées,-7.7321873,1
9735,P_NOUN_8_PASS_b,M,P,les colliers avec les boissons que j' aime beaucoup ne sont probablement pas achetés <eos>,13,achetés,achetées,11,F,achetés,-8.762044,achetées,-11.631479,1
9736,P_NOUN_8_PASS_b,M,P,les colliers avec les boissons que j' aime beaucoup ne sont probablement pas brisés <eos>,13,brisés,brisées,11,F,brisés,-11.047701,brisées,-10.617773,0
9737,P_NOUN_8_PASS_b,M,P,les colliers avec les boissons que j' aime beaucoup ne sont probablement pas cachés <eos>,13,cachés,cachées,11,F,cachés,-8.271328,cachées,-10.537656,1
9738,P_NOUN_8_PASS_b,M,P,les colliers avec les boissons que j' aime beaucoup ne sont probablement pas cassés <eos>,13,cassés,cassées,11,F,cassés,-8.984766,cassées,-10.13099,1
9739,P_NOUN_8_PASS_b,M,P,les colliers avec les boissons que j' aime beaucoup ne sont probablement pas couverts <eos>,13,couverts,couvertes,11,F,couverts,-6.9173403,couvertes,-9.163397,1
9740,P_NOUN_8_PASS_b,M,P,les colliers avec les boissons que j' aime beaucoup ne sont probablement pas déformés <eos>,13,déformés,déformées,11,F,déformés,-12.066647,déformées,-9.712266,0
9741,P_NOUN_8_PASS_b,M,P,les colliers avec les boissons que j' aime beaucoup ne sont probablement pas fixés <eos>,13,fixés,fixées,11,F,fixés,-8.440592,fixées,-9.870134,1
9742,P_NOUN_8_PASS_b,M,P,les colliers avec les boissons que j' aime beaucoup ne sont probablement pas jetés <eos>,13,jetés,jetées,11,F,jetés,-8.525793,jetées,-10.543467,1
9743,P_NOUN_8_PASS_b,M,P,les colliers avec les boissons que j' aime beaucoup ne sont probablement pas laissés <eos>,13,laissés,laissées,11,F,laissés,-8.457956,laissées,-8.903513,1
9744,P_NOUN_8_PASS_b,M,P,les colliers avec les boissons que j' aime beaucoup ne sont probablement pas ouverts <eos>,13,ouverts,ouvertes,11,F,ouverts,-8.126465,ouvertes,-9.850545,1
9745,P_NOUN_8_PASS_b,M,P,les colliers avec les boissons que j' aime beaucoup ne sont probablement pas perdus <eos>,13,perdus,perdues,11,F,perdus,-7.2959433,perdues,-9.152002,1
9746,P_NOUN_8_PASS_b,M,P,les colliers avec les boissons que j' aime beaucoup ne sont probablement pas réparés <eos>,13,réparés,réparées,11,F,réparés,-10.773216,réparées,-10.923005,1
9747,P_NOUN_8_PASS_b,M,P,les colliers avec les boissons que j' aime beaucoup ne sont probablement pas retirés <eos>,13,retirés,retirées,11,F,retirés,-8.652186,retirées,-9.540538,1
9748,P_NOUN_8_PASS_b,M,P,les colliers avec les boissons que j' aime beaucoup ne sont probablement pas tombés <eos>,13,tombés,tombées,11,F,tombés,-7.573919,tombées,-9.755056,1
9749,P_NOUN_8_PASS_b,M,P,les colliers avec les boissons que j' aime beaucoup ne sont probablement pas utilisés <eos>,13,utilisés,utilisées,11,F,utilisés,-4.6547832,utilisées,-6.363508,1
9750,P_NOUN_8_PASS_b,M,P,les colliers avec les pommes que j' aime beaucoup ne sont probablement pas achetés <eos>,13,achetés,achetées,11,F,achetés,-8.767493,achetées,-11.308748,1
9751,P_NOUN_8_PASS_b,M,P,les colliers avec les pommes que j' aime beaucoup ne sont probablement pas brisés <eos>,13,brisés,brisées,11,F,brisés,-10.475935,brisées,-10.376219,0
9752,P_NOUN_8_PASS_b,M,P,les colliers avec les pommes que j' aime beaucoup ne sont probablement pas cachés <eos>,13,cachés,cachées,11,F,cachés,-8.133821,cachées,-10.274407,1
9753,P_NOUN_8_PASS_b,M,P,les colliers avec les pommes que j' aime beaucoup ne sont probablement pas cassés <eos>,13,cassés,cassées,11,F,cassés,-8.398584,cassées,-9.793208,1
9754,P_NOUN_8_PASS_b,M,P,les colliers avec les pommes que j' aime beaucoup ne sont probablement pas couverts <eos>,13,couverts,couvertes,11,F,couverts,-6.8198833,couvertes,-9.119438,1
9755,P_NOUN_8_PASS_b,M,P,les colliers avec les pommes que j' aime beaucoup ne sont probablement pas déformés <eos>,13,déformés,déformées,11,F,déformés,-11.824903,déformées,-9.601402,0
9756,P_NOUN_8_PASS_b,M,P,les colliers avec les pommes que j' aime beaucoup ne sont probablement pas fixés <eos>,13,fixés,fixées,11,F,fixés,-8.360434,fixées,-9.773793,1
9757,P_NOUN_8_PASS_b,M,P,les colliers avec les pommes que j' aime beaucoup ne sont probablement pas jetés <eos>,13,jetés,jetées,11,F,jetés,-8.471161,jetées,-10.222055,1
9758,P_NOUN_8_PASS_b,M,P,les colliers avec les pommes que j' aime beaucoup ne sont probablement pas laissés <eos>,13,laissés,laissées,11,F,laissés,-8.177771,laissées,-9.114823,1
9759,P_NOUN_8_PASS_b,M,P,les colliers avec les pommes que j' aime beaucoup ne sont probablement pas ouverts <eos>,13,ouverts,ouvertes,11,F,ouverts,-8.200886,ouvertes,-10.076958,1
9760,P_NOUN_8_PASS_b,M,P,les colliers avec les pommes que j' aime beaucoup ne sont probablement pas perdus <eos>,13,perdus,perdues,11,F,perdus,-7.1271677,perdues,-8.849079,1
9761,P_NOUN_8_PASS_b,M,P,les colliers avec les pommes que j' aime beaucoup ne sont probablement pas réparés <eos>,13,réparés,réparées,11,F,réparés,-10.795339,réparées,-11.08949,1
9762,P_NOUN_8_PASS_b,M,P,les colliers avec les pommes que j' aime beaucoup ne sont probablement pas retirés <eos>,13,retirés,retirées,11,F,retirés,-8.42988,retirées,-9.44368,1
9763,P_NOUN_8_PASS_b,M,P,les colliers avec les pommes que j' aime beaucoup ne sont probablement pas tombés <eos>,13,tombés,tombées,11,F,tombés,-7.0532107,tombées,-8.990235,1
9764,P_NOUN_8_PASS_b,M,P,les colliers avec les pommes que j' aime beaucoup ne sont probablement pas utilisés <eos>,13,utilisés,utilisées,11,F,utilisés,-4.825103,utilisées,-6.460367,1
9765,P_NOUN_8_PASS_b,M,P,les colliers avec les tasses que j' aime beaucoup ne sont probablement pas achetés <eos>,13,achetés,achetées,11,F,achetés,-9.27557,achetées,-12.458391,1
9766,P_NOUN_8_PASS_b,M,P,les colliers avec les tasses que j' aime beaucoup ne sont probablement pas brisés <eos>,13,brisés,brisées,11,F,brisés,-9.908048,brisées,-10.674592,1
9767,P_NOUN_8_PASS_b,M,P,les colliers avec les tasses que j' aime beaucoup ne sont probablement pas cachés <eos>,13,cachés,cachées,11,F,cachés,-8.494017,cachées,-11.030143,1
9768,P_NOUN_8_PASS_b,M,P,les colliers avec les tasses que j' aime beaucoup ne sont probablement pas cassés <eos>,13,cassés,cassées,11,F,cassés,-8.61199,cassées,-10.38135,1
9769,P_NOUN_8_PASS_b,M,P,les colliers avec les tasses que j' aime beaucoup ne sont probablement pas couverts <eos>,13,couverts,couvertes,11,F,couverts,-6.5997605,couvertes,-9.764653,1
9770,P_NOUN_8_PASS_b,M,P,les colliers avec les tasses que j' aime beaucoup ne sont probablement pas déformés <eos>,13,déformés,déformées,11,F,déformés,-10.984648,déformées,-9.622057,0
9771,P_NOUN_8_PASS_b,M,P,les colliers avec les tasses que j' aime beaucoup ne sont probablement pas fixés <eos>,13,fixés,fixées,11,F,fixés,-8.082352,fixées,-9.802468,1
9772,P_NOUN_8_PASS_b,M,P,les colliers avec les tasses que j' aime beaucoup ne sont probablement pas jetés <eos>,13,jetés,jetées,11,F,jetés,-8.278486,jetées,-11.581137,1
9773,P_NOUN_8_PASS_b,M,P,les colliers avec les tasses que j' aime beaucoup ne sont probablement pas laissés <eos>,13,laissés,laissées,11,F,laissés,-8.441266,laissées,-9.63819,1
9774,P_NOUN_8_PASS_b,M,P,les colliers avec les tasses que j' aime beaucoup ne sont probablement pas ouverts <eos>,13,ouverts,ouvertes,11,F,ouverts,-7.7116838,ouvertes,-10.417711,1
9775,P_NOUN_8_PASS_b,M,P,les colliers avec les tasses que j' aime beaucoup ne sont probablement pas perdus <eos>,13,perdus,perdues,11,F,perdus,-6.5491524,perdues,-9.501797,1
9776,P_NOUN_8_PASS_b,M,P,les colliers avec les tasses que j' aime beaucoup ne sont probablement pas réparés <eos>,13,réparés,réparées,11,F,réparés,-10.556686,réparées,-10.981409,1
9777,P_NOUN_8_PASS_b,M,P,les colliers avec les tasses que j' aime beaucoup ne sont probablement pas retirés <eos>,13,retirés,retirées,11,F,retirés,-8.403068,retirées,-9.926758,1
9778,P_NOUN_8_PASS_b,M,P,les colliers avec les tasses que j' aime beaucoup ne sont probablement pas tombés <eos>,13,tombés,tombées,11,F,tombés,-7.4873056,tombées,-9.983457,1
9779,P_NOUN_8_PASS_b,M,P,les colliers avec les tasses que j' aime beaucoup ne sont probablement pas utilisés <eos>,13,utilisés,utilisées,11,F,utilisés,-4.8014855,utilisées,-7.3261037,1
9780,P_NOUN_8_PASS_b,M,P,les colliers avec les bougies que j' aime beaucoup ne sont probablement pas achetés <eos>,13,achetés,achetées,11,F,achetés,-9.191355,achetées,-12.565157,1
9781,P_NOUN_8_PASS_b,M,P,les colliers avec les bougies que j' aime beaucoup ne sont probablement pas brisés <eos>,13,brisés,brisées,11,F,brisés,-9.906582,brisées,-11.115013,1
9782,P_NOUN_8_PASS_b,M,P,les colliers avec les bougies que j' aime beaucoup ne sont probablement pas cachés <eos>,13,cachés,cachées,11,F,cachés,-7.850037,cachées,-11.057295,1
9783,P_NOUN_8_PASS_b,M,P,les colliers avec les bougies que j' aime beaucoup ne sont probablement pas cassés <eos>,13,cassés,cassées,11,F,cassés,-8.772481,cassées,-10.389147,1
9784,P_NOUN_8_PASS_b,M,P,les colliers avec les bougies que j' aime beaucoup ne sont probablement pas couverts <eos>,13,couverts,couvertes,11,F,couverts,-7.102851,couvertes,-10.628659,1
9785,P_NOUN_8_PASS_b,M,P,les colliers avec les bougies que j' aime beaucoup ne sont probablement pas déformés <eos>,13,déformés,déformées,11,F,déformés,-10.531889,déformées,-9.9316435,0
9786,P_NOUN_8_PASS_b,M,P,les colliers avec les bougies que j' aime beaucoup ne sont probablement pas fixés <eos>,13,fixés,fixées,11,F,fixés,-8.026802,fixées,-10.170448,1
9787,P_NOUN_8_PASS_b,M,P,les colliers avec les bougies que j' aime beaucoup ne sont probablement pas jetés <eos>,13,jetés,jetées,11,F,jetés,-7.7034945,jetées,-11.320074,1
9788,P_NOUN_8_PASS_b,M,P,les colliers avec les bougies que j' aime beaucoup ne sont probablement pas laissés <eos>,13,laissés,laissées,11,F,laissés,-8.279312,laissées,-10.522276,1
9789,P_NOUN_8_PASS_b,M,P,les colliers avec les bougies que j' aime beaucoup ne sont probablement pas ouverts <eos>,13,ouverts,ouvertes,11,F,ouverts,-7.923483,ouvertes,-11.012677,1
9790,P_NOUN_8_PASS_b,M,P,les colliers avec les bougies que j' aime beaucoup ne sont probablement pas perdus <eos>,13,perdus,perdues,11,F,perdus,-6.6457043,perdues,-9.990957,1
9791,P_NOUN_8_PASS_b,M,P,les colliers avec les bougies que j' aime beaucoup ne sont probablement pas réparés <eos>,13,réparés,réparées,11,F,réparés,-10.648885,réparées,-11.24559,1
9792,P_NOUN_8_PASS_b,M,P,les colliers avec les bougies que j' aime beaucoup ne sont probablement pas retirés <eos>,13,retirés,retirées,11,F,retirés,-8.593039,retirées,-10.114695,1
9793,P_NOUN_8_PASS_b,M,P,les colliers avec les bougies que j' aime beaucoup ne sont probablement pas tombés <eos>,13,tombés,tombées,11,F,tombés,-6.6734967,tombées,-10.047667,1
9794,P_NOUN_8_PASS_b,M,P,les colliers avec les bougies que j' aime beaucoup ne sont probablement pas utilisés <eos>,13,utilisés,utilisées,11,F,utilisés,-5.012228,utilisées,-7.9905214,1
9795,P_NOUN_8_PASS_b,M,P,les colliers avec les pochettes que j' aime beaucoup ne sont probablement pas achetés <eos>,13,achetés,achetées,11,F,achetés,-9.27612,achetées,-11.359363,1
9796,P_NOUN_8_PASS_b,M,P,les colliers avec les pochettes que j' aime beaucoup ne sont probablement pas brisés <eos>,13,brisés,brisées,11,F,brisés,-10.410841,brisées,-10.727604,1
9797,P_NOUN_8_PASS_b,M,P,les colliers avec les pochettes que j' aime beaucoup ne sont probablement pas cachés <eos>,13,cachés,cachées,11,F,cachés,-8.610557,cachées,-10.274029,1
9798,P_NOUN_8_PASS_b,M,P,les colliers avec les pochettes que j' aime beaucoup ne sont probablement pas cassés <eos>,13,cassés,cassées,11,F,cassés,-9.556551,cassées,-10.392453,1
9799,P_NOUN_8_PASS_b,M,P,les colliers avec les pochettes que j' aime beaucoup ne sont probablement pas couverts <eos>,13,couverts,couvertes,11,F,couverts,-7.825977,couvertes,-9.677774,1
9800,P_NOUN_8_PASS_b,M,P,les colliers avec les pochettes que j' aime beaucoup ne sont probablement pas déformés <eos>,13,déformés,déformées,11,F,déformés,-10.957733,déformées,-9.03993,0
9801,P_NOUN_8_PASS_b,M,P,les colliers avec les pochettes que j' aime beaucoup ne sont probablement pas fixés <eos>,13,fixés,fixées,11,F,fixés,-8.774656,fixées,-9.967691,1
9802,P_NOUN_8_PASS_b,M,P,les colliers avec les pochettes que j' aime beaucoup ne sont probablement pas jetés <eos>,13,jetés,jetées,11,F,jetés,-8.727657,jetées,-11.895832,1
9803,P_NOUN_8_PASS_b,M,P,les colliers avec les pochettes que j' aime beaucoup ne sont probablement pas laissés <eos>,13,laissés,laissées,11,F,laissés,-8.841607,laissées,-8.947502,1
9804,P_NOUN_8_PASS_b,M,P,les colliers avec les pochettes que j' aime beaucoup ne sont probablement pas ouverts <eos>,13,ouverts,ouvertes,11,F,ouverts,-7.6199465,ouvertes,-9.2181635,1
9805,P_NOUN_8_PASS_b,M,P,les colliers avec les pochettes que j' aime beaucoup ne sont probablement pas perdus <eos>,13,perdus,perdues,11,F,perdus,-6.853197,perdues,-9.0554695,1
9806,P_NOUN_8_PASS_b,M,P,les colliers avec les pochettes que j' aime beaucoup ne sont probablement pas réparés <eos>,13,réparés,réparées,11,F,réparés,-11.2277155,réparées,-10.510731,0
9807,P_NOUN_8_PASS_b,M,P,les colliers avec les pochettes que j' aime beaucoup ne sont probablement pas retirés <eos>,13,retirés,retirées,11,F,retirés,-9.231394,retirées,-9.622111,1
9808,P_NOUN_8_PASS_b,M,P,les colliers avec les pochettes que j' aime beaucoup ne sont probablement pas tombés <eos>,13,tombés,tombées,11,F,tombés,-8.567789,tombées,-10.243,1
9809,P_NOUN_8_PASS_b,M,P,les colliers avec les pochettes que j' aime beaucoup ne sont probablement pas utilisés <eos>,13,utilisés,utilisées,11,F,utilisés,-5.5291715,utilisées,-7.2156215,1
9810,P_NOUN_8_PASS_b,M,P,les colliers avec les bananes que j' aime beaucoup ne sont probablement pas achetés <eos>,13,achetés,achetées,11,F,achetés,-8.876458,achetées,-12.993155,1
9811,P_NOUN_8_PASS_b,M,P,les colliers avec les bananes que j' aime beaucoup ne sont probablement pas brisés <eos>,13,brisés,brisées,11,F,brisés,-10.205505,brisées,-11.166565,1
9812,P_NOUN_8_PASS_b,M,P,les colliers avec les bananes que j' aime beaucoup ne sont probablement pas cachés <eos>,13,cachés,cachées,11,F,cachés,-8.399888,cachées,-11.685672,1
9813,P_NOUN_8_PASS_b,M,P,les colliers avec les bananes que j' aime beaucoup ne sont probablement pas cassés <eos>,13,cassés,cassées,11,F,cassés,-8.705175,cassées,-10.475686,1
9814,P_NOUN_8_PASS_b,M,P,les colliers avec les bananes que j' aime beaucoup ne sont probablement pas couverts <eos>,13,couverts,couvertes,11,F,couverts,-6.867633,couvertes,-10.439755,1
9815,P_NOUN_8_PASS_b,M,P,les colliers avec les bananes que j' aime beaucoup ne sont probablement pas déformés <eos>,13,déformés,déformées,11,F,déformés,-11.307821,déformées,-10.395105,0
9816,P_NOUN_8_PASS_b,M,P,les colliers avec les bananes que j' aime beaucoup ne sont probablement pas fixés <eos>,13,fixés,fixées,11,F,fixés,-7.966094,fixées,-10.485623,1
9817,P_NOUN_8_PASS_b,M,P,les colliers avec les bananes que j' aime beaucoup ne sont probablement pas jetés <eos>,13,jetés,jetées,11,F,jetés,-8.486439,jetées,-10.991538,1
9818,P_NOUN_8_PASS_b,M,P,les colliers avec les bananes que j' aime beaucoup ne sont probablement pas laissés <eos>,13,laissés,laissées,11,F,laissés,-8.104066,laissées,-10.36523,1
9819,P_NOUN_8_PASS_b,M,P,les colliers avec les bananes que j' aime beaucoup ne sont probablement pas ouverts <eos>,13,ouverts,ouvertes,11,F,ouverts,-8.229511,ouvertes,-11.54939,1
9820,P_NOUN_8_PASS_b,M,P,les colliers avec les bananes que j' aime beaucoup ne sont probablement pas perdus <eos>,13,perdus,perdues,11,F,perdus,-6.9230475,perdues,-10.22967,1
9821,P_NOUN_8_PASS_b,M,P,les colliers avec les bananes que j' aime beaucoup ne sont probablement pas réparés <eos>,13,réparés,réparées,11,F,réparés,-10.814797,réparées,-12.050275,1
9822,P_NOUN_8_PASS_b,M,P,les colliers avec les bananes que j' aime beaucoup ne sont probablement pas retirés <eos>,13,retirés,retirées,11,F,retirés,-8.536926,retirées,-10.722918,1
9823,P_NOUN_8_PASS_b,M,P,les colliers avec les bananes que j' aime beaucoup ne sont probablement pas tombés <eos>,13,tombés,tombées,11,F,tombés,-7.2770224,tombées,-10.298829,1
9824,P_NOUN_8_PASS_b,M,P,les colliers avec les bananes que j' aime beaucoup ne sont probablement pas utilisés <eos>,13,utilisés,utilisées,11,F,utilisés,-4.689435,utilisées,-7.755534,1
9825,P_NOUN_8_PASS_b,M,P,les colliers avec les robes que j' aime beaucoup ne sont probablement pas achetés <eos>,13,achetés,achetées,11,F,achetés,-9.510196,achetées,-13.284412,1
9826,P_NOUN_8_PASS_b,M,P,les colliers avec les robes que j' aime beaucoup ne sont probablement pas brisés <eos>,13,brisés,brisées,11,F,brisés,-10.59429,brisées,-11.483616,1
9827,P_NOUN_8_PASS_b,M,P,les colliers avec les robes que j' aime beaucoup ne sont probablement pas cachés <eos>,13,cachés,cachées,11,F,cachés,-8.204664,cachées,-11.184736,1
9828,P_NOUN_8_PASS_b,M,P,les colliers avec les robes que j' aime beaucoup ne sont probablement pas cassés <eos>,13,cassés,cassées,11,F,cassés,-9.275385,cassées,-10.446525,1
9829,P_NOUN_8_PASS_b,M,P,les colliers avec les robes que j' aime beaucoup ne sont probablement pas couverts <eos>,13,couverts,couvertes,11,F,couverts,-7.1605844,couvertes,-10.362416,1
9830,P_NOUN_8_PASS_b,M,P,les colliers avec les robes que j' aime beaucoup ne sont probablement pas déformés <eos>,13,déformés,déformées,11,F,déformés,-10.7535715,déformées,-10.161197,0
9831,P_NOUN_8_PASS_b,M,P,les colliers avec les robes que j' aime beaucoup ne sont probablement pas fixés <eos>,13,fixés,fixées,11,F,fixés,-8.452347,fixées,-10.240398,1
9832,P_NOUN_8_PASS_b,M,P,les colliers avec les robes que j' aime beaucoup ne sont probablement pas jetés <eos>,13,jetés,jetées,11,F,jetés,-8.429903,jetées,-11.6034355,1
9833,P_NOUN_8_PASS_b,M,P,les colliers avec les robes que j' aime beaucoup ne sont probablement pas laissés <eos>,13,laissés,laissées,11,F,laissés,-8.857498,laissées,-10.577372,1
9834,P_NOUN_8_PASS_b,M,P,les colliers avec les robes que j' aime beaucoup ne sont probablement pas ouverts <eos>,13,ouverts,ouvertes,11,F,ouverts,-8.202847,ouvertes,-11.077281,1
9835,P_NOUN_8_PASS_b,M,P,les colliers avec les robes que j' aime beaucoup ne sont probablement pas perdus <eos>,13,perdus,perdues,11,F,perdus,-7.503625,perdues,-10.392565,1
9836,P_NOUN_8_PASS_b,M,P,les colliers avec les robes que j' aime beaucoup ne sont probablement pas réparés <eos>,13,réparés,réparées,11,F,réparés,-10.802152,réparées,-11.755242,1
9837,P_NOUN_8_PASS_b,M,P,les colliers avec les robes que j' aime beaucoup ne sont probablement pas retirés <eos>,13,retirés,retirées,11,F,retirés,-8.905945,retirées,-10.529214,1
9838,P_NOUN_8_PASS_b,M,P,les colliers avec les robes que j' aime beaucoup ne sont probablement pas tombés <eos>,13,tombés,tombées,11,F,tombés,-7.196345,tombées,-10.297543,1
9839,P_NOUN_8_PASS_b,M,P,les colliers avec les robes que j' aime beaucoup ne sont probablement pas utilisés <eos>,13,utilisés,utilisées,11,F,utilisés,-4.886236,utilisées,-7.7643023,1
9840,P_NOUN_8_PASS_b,M,P,les colliers avec les valises que j' aime beaucoup ne sont probablement pas achetés <eos>,13,achetés,achetées,11,F,achetés,-9.340918,achetées,-12.868533,1
9841,P_NOUN_8_PASS_b,M,P,les colliers avec les valises que j' aime beaucoup ne sont probablement pas brisés <eos>,13,brisés,brisées,11,F,brisés,-10.016899,brisées,-10.780575,1
9842,P_NOUN_8_PASS_b,M,P,les colliers avec les valises que j' aime beaucoup ne sont probablement pas cachés <eos>,13,cachés,cachées,11,F,cachés,-7.9060936,cachées,-10.430077,1
9843,P_NOUN_8_PASS_b,M,P,les colliers avec les valises que j' aime beaucoup ne sont probablement pas cassés <eos>,13,cassés,cassées,11,F,cassés,-8.930981,cassées,-10.61502,1
9844,P_NOUN_8_PASS_b,M,P,les colliers avec les valises que j' aime beaucoup ne sont probablement pas couverts <eos>,13,couverts,couvertes,11,F,couverts,-6.86533,couvertes,-9.808958,1
9845,P_NOUN_8_PASS_b,M,P,les colliers avec les valises que j' aime beaucoup ne sont probablement pas déformés <eos>,13,déformés,déformées,11,F,déformés,-10.948805,déformées,-9.792736,0
9846,P_NOUN_8_PASS_b,M,P,les colliers avec les valises que j' aime beaucoup ne sont probablement pas fixés <eos>,13,fixés,fixées,11,F,fixés,-8.106306,fixées,-9.897321,1
9847,P_NOUN_8_PASS_b,M,P,les colliers avec les valises que j' aime beaucoup ne sont probablement pas jetés <eos>,13,jetés,jetées,11,F,jetés,-8.03191,jetées,-11.27024,1
9848,P_NOUN_8_PASS_b,M,P,les colliers avec les valises que j' aime beaucoup ne sont probablement pas laissés <eos>,13,laissés,laissées,11,F,laissés,-8.30336,laissées,-9.746531,1
9849,P_NOUN_8_PASS_b,M,P,les colliers avec les valises que j' aime beaucoup ne sont probablement pas ouverts <eos>,13,ouverts,ouvertes,11,F,ouverts,-7.590073,ouvertes,-10.10486,1
9850,P_NOUN_8_PASS_b,M,P,les colliers avec les valises que j' aime beaucoup ne sont probablement pas perdus <eos>,13,perdus,perdues,11,F,perdus,-6.595805,perdues,-9.685788,1
9851,P_NOUN_8_PASS_b,M,P,les colliers avec les valises que j' aime beaucoup ne sont probablement pas réparés <eos>,13,réparés,réparées,11,F,réparés,-10.630383,réparées,-10.940488,1
9852,P_NOUN_8_PASS_b,M,P,les colliers avec les valises que j' aime beaucoup ne sont probablement pas retirés <eos>,13,retirés,retirées,11,F,retirés,-8.624936,retirées,-10.18932,1
9853,P_NOUN_8_PASS_b,M,P,les colliers avec les valises que j' aime beaucoup ne sont probablement pas tombés <eos>,13,tombés,tombées,11,F,tombés,-7.6983824,tombées,-10.270733,1
9854,P_NOUN_8_PASS_b,M,P,les colliers avec les valises que j' aime beaucoup ne sont probablement pas utilisés <eos>,13,utilisés,utilisées,11,F,utilisés,-5.0990543,utilisées,-7.674698,1
9855,P_NOUN_8_PASS_b,M,P,les colliers avec les pendules que j' aime beaucoup ne sont probablement pas achetés <eos>,13,achetés,achetées,11,F,achetés,-9.181531,achetées,-12.689569,1
9856,P_NOUN_8_PASS_b,M,P,les colliers avec les pendules que j' aime beaucoup ne sont probablement pas brisés <eos>,13,brisés,brisées,11,F,brisés,-9.692116,brisées,-10.476166,1
9857,P_NOUN_8_PASS_b,M,P,les colliers avec les pendules que j' aime beaucoup ne sont probablement pas cachés <eos>,13,cachés,cachées,11,F,cachés,-7.9540224,cachées,-10.911586,1
9858,P_NOUN_8_PASS_b,M,P,les colliers avec les pendules que j' aime beaucoup ne sont probablement pas cassés <eos>,13,cassés,cassées,11,F,cassés,-8.455167,cassées,-9.742583,1
9859,P_NOUN_8_PASS_b,M,P,les colliers avec les pendules que j' aime beaucoup ne sont probablement pas couverts <eos>,13,couverts,couvertes,11,F,couverts,-7.2393827,couvertes,-10.227996,1
9860,P_NOUN_8_PASS_b,M,P,les colliers avec les pendules que j' aime beaucoup ne sont probablement pas déformés <eos>,13,déformés,déformées,11,F,déformés,-10.567119,déformées,-9.268353,0
9861,P_NOUN_8_PASS_b,M,P,les colliers avec les pendules que j' aime beaucoup ne sont probablement pas fixés <eos>,13,fixés,fixées,11,F,fixés,-7.888136,fixées,-9.453268,1
9862,P_NOUN_8_PASS_b,M,P,les colliers avec les pendules que j' aime beaucoup ne sont probablement pas jetés <eos>,13,jetés,jetées,11,F,jetés,-7.673589,jetées,-11.033352,1
9863,P_NOUN_8_PASS_b,M,P,les colliers avec les pendules que j' aime beaucoup ne sont probablement pas laissés <eos>,13,laissés,laissées,11,F,laissés,-8.495935,laissées,-10.023817,1
9864,P_NOUN_8_PASS_b,M,P,les colliers avec les pendules que j' aime beaucoup ne sont probablement pas ouverts <eos>,13,ouverts,ouvertes,11,F,ouverts,-8.066235,ouvertes,-10.781308,1
9865,P_NOUN_8_PASS_b,M,P,les colliers avec les pendules que j' aime beaucoup ne sont probablement pas perdus <eos>,13,perdus,perdues,11,F,perdus,-6.775674,perdues,-9.696373,1
9866,P_NOUN_8_PASS_b,M,P,les colliers avec les pendules que j' aime beaucoup ne sont probablement pas réparés <eos>,13,réparés,réparées,11,F,réparés,-10.812571,réparées,-10.85253,1
9867,P_NOUN_8_PASS_b,M,P,les colliers avec les pendules que j' aime beaucoup ne sont probablement pas retirés <eos>,13,retirés,retirées,11,F,retirés,-8.368814,retirées,-9.536091,1
9868,P_NOUN_8_PASS_b,M,P,les colliers avec les pendules que j' aime beaucoup ne sont probablement pas tombés <eos>,13,tombés,tombées,11,F,tombés,-7.752358,tombées,-10.075653,1
9869,P_NOUN_8_PASS_b,M,P,les colliers avec les pendules que j' aime beaucoup ne sont probablement pas utilisés <eos>,13,utilisés,utilisées,11,F,utilisés,-4.513151,utilisées,-7.2647943,1
9870,P_NOUN_8_PASS_b,M,P,les colliers avec les cloches que j' aime beaucoup ne sont probablement pas achetés <eos>,13,achetés,achetées,11,F,achetés,-9.774075,achetées,-13.427419,1
9871,P_NOUN_8_PASS_b,M,P,les colliers avec les cloches que j' aime beaucoup ne sont probablement pas brisés <eos>,13,brisés,brisées,11,F,brisés,-9.744487,brisées,-11.220315,1
9872,P_NOUN_8_PASS_b,M,P,les colliers avec les cloches que j' aime beaucoup ne sont probablement pas cachés <eos>,13,cachés,cachées,11,F,cachés,-7.7996655,cachées,-10.93048,1
9873,P_NOUN_8_PASS_b,M,P,les colliers avec les cloches que j' aime beaucoup ne sont probablement pas cassés <eos>,13,cassés,cassées,11,F,cassés,-8.723074,cassées,-10.758272,1
9874,P_NOUN_8_PASS_b,M,P,les colliers avec les cloches que j' aime beaucoup ne sont probablement pas couverts <eos>,13,couverts,couvertes,11,F,couverts,-6.765558,couvertes,-10.459339,1
9875,P_NOUN_8_PASS_b,M,P,les colliers avec les cloches que j' aime beaucoup ne sont probablement pas déformés <eos>,13,déformés,déformées,11,F,déformés,-10.89555,déformées,-10.541824,0
9876,P_NOUN_8_PASS_b,M,P,les colliers avec les cloches que j' aime beaucoup ne sont probablement pas fixés <eos>,13,fixés,fixées,11,F,fixés,-8.229342,fixées,-10.223556,1
9877,P_NOUN_8_PASS_b,M,P,les colliers avec les cloches que j' aime beaucoup ne sont probablement pas jetés <eos>,13,jetés,jetées,11,F,jetés,-7.666195,jetées,-11.48917,1
9878,P_NOUN_8_PASS_b,M,P,les colliers avec les cloches que j' aime beaucoup ne sont probablement pas laissés <eos>,13,laissés,laissées,11,F,laissés,-8.129122,laissées,-10.807747,1
9879,P_NOUN_8_PASS_b,M,P,les colliers avec les cloches que j' aime beaucoup ne sont probablement pas ouverts <eos>,13,ouverts,ouvertes,11,F,ouverts,-8.213174,ouvertes,-10.865924,1
9880,P_NOUN_8_PASS_b,M,P,les colliers avec les cloches que j' aime beaucoup ne sont probablement pas perdus <eos>,13,perdus,perdues,11,F,perdus,-6.6787987,perdues,-9.815327,1
9881,P_NOUN_8_PASS_b,M,P,les colliers avec les cloches que j' aime beaucoup ne sont probablement pas réparés <eos>,13,réparés,réparées,11,F,réparés,-10.273446,réparées,-11.299653,1
9882,P_NOUN_8_PASS_b,M,P,les colliers avec les cloches que j' aime beaucoup ne sont probablement pas retirés <eos>,13,retirés,retirées,11,F,retirés,-8.360876,retirées,-10.051731,1
9883,P_NOUN_8_PASS_b,M,P,les colliers avec les cloches que j' aime beaucoup ne sont probablement pas tombés <eos>,13,tombés,tombées,11,F,tombés,-6.5828333,tombées,-9.920322,1
9884,P_NOUN_8_PASS_b,M,P,les colliers avec les cloches que j' aime beaucoup ne sont probablement pas utilisés <eos>,13,utilisés,utilisées,11,F,utilisés,-5.0758133,utilisées,-8.24671,1
9885,P_NOUN_8_PASS_b,M,P,les colliers avec les cerises que j' aime beaucoup ne sont probablement pas achetés <eos>,13,achetés,achetées,11,F,achetés,-8.77857,achetées,-12.653407,1
9886,P_NOUN_8_PASS_b,M,P,les colliers avec les cerises que j' aime beaucoup ne sont probablement pas brisés <eos>,13,brisés,brisées,11,F,brisés,-10.137114,brisées,-11.493559,1
9887,P_NOUN_8_PASS_b,M,P,les colliers avec les cerises que j' aime beaucoup ne sont probablement pas cachés <eos>,13,cachés,cachées,11,F,cachés,-8.501851,cachées,-11.6927595,1
9888,P_NOUN_8_PASS_b,M,P,les colliers avec les cerises que j' aime beaucoup ne sont probablement pas cassés <eos>,13,cassés,cassées,11,F,cassés,-8.798974,cassées,-10.767698,1
9889,P_NOUN_8_PASS_b,M,P,les colliers avec les cerises que j' aime beaucoup ne sont probablement pas couverts <eos>,13,couverts,couvertes,11,F,couverts,-6.641603,couvertes,-10.4399605,1
9890,P_NOUN_8_PASS_b,M,P,les colliers avec les cerises que j' aime beaucoup ne sont probablement pas déformés <eos>,13,déformés,déformées,11,F,déformés,-11.284328,déformées,-10.557727,0
9891,P_NOUN_8_PASS_b,M,P,les colliers avec les cerises que j' aime beaucoup ne sont probablement pas fixés <eos>,13,fixés,fixées,11,F,fixés,-8.015352,fixées,-10.7413645,1
9892,P_NOUN_8_PASS_b,M,P,les colliers avec les cerises que j' aime beaucoup ne sont probablement pas jetés <eos>,13,jetés,jetées,11,F,jetés,-8.36692,jetées,-11.761442,1
9893,P_NOUN_8_PASS_b,M,P,les colliers avec les cerises que j' aime beaucoup ne sont probablement pas laissés <eos>,13,laissés,laissées,11,F,laissés,-8.119591,laissées,-10.405367,1
9894,P_NOUN_8_PASS_b,M,P,les colliers avec les cerises que j' aime beaucoup ne sont probablement pas ouverts <eos>,13,ouverts,ouvertes,11,F,ouverts,-7.8152623,ouvertes,-11.067419,1
9895,P_NOUN_8_PASS_b,M,P,les colliers avec les cerises que j' aime beaucoup ne sont probablement pas perdus <eos>,13,perdus,perdues,11,F,perdus,-6.9564323,perdues,-10.202222,1
9896,P_NOUN_8_PASS_b,M,P,les colliers avec les cerises que j' aime beaucoup ne sont probablement pas réparés <eos>,13,réparés,réparées,11,F,réparés,-10.546499,réparées,-11.766203,1
9897,P_NOUN_8_PASS_b,M,P,les colliers avec les cerises que j' aime beaucoup ne sont probablement pas retirés <eos>,13,retirés,retirées,11,F,retirés,-8.6048565,retirées,-10.834742,1
9898,P_NOUN_8_PASS_b,M,P,les colliers avec les cerises que j' aime beaucoup ne sont probablement pas tombés <eos>,13,tombés,tombées,11,F,tombés,-7.123252,tombées,-10.397781,1
9899,P_NOUN_8_PASS_b,M,P,les colliers avec les cerises que j' aime beaucoup ne sont probablement pas utilisés <eos>,13,utilisés,utilisées,11,F,utilisés,-5.0114136,utilisées,-7.908245,1
9900,P_NOUN_8_PASS_b,M,P,les chapeaux avec les gemmes que j' aime beaucoup ne sont probablement pas achetés <eos>,13,achetés,achetées,11,F,achetés,-9.26967,achetées,-12.912416,1
9901,P_NOUN_8_PASS_b,M,P,les chapeaux avec les gemmes que j' aime beaucoup ne sont probablement pas brisés <eos>,13,brisés,brisées,11,F,brisés,-11.081526,brisées,-11.593773,1
9902,P_NOUN_8_PASS_b,M,P,les chapeaux avec les gemmes que j' aime beaucoup ne sont probablement pas cachés <eos>,13,cachés,cachées,11,F,cachés,-7.5801945,cachées,-10.334959,1
9903,P_NOUN_8_PASS_b,M,P,les chapeaux avec les gemmes que j' aime beaucoup ne sont probablement pas cassés <eos>,13,cassés,cassées,11,F,cassés,-9.872276,cassées,-11.486288,1
9904,P_NOUN_8_PASS_b,M,P,les chapeaux avec les gemmes que j' aime beaucoup ne sont probablement pas couverts <eos>,13,couverts,couvertes,11,F,couverts,-7.807074,couvertes,-11.208742,1
9905,P_NOUN_8_PASS_b,M,P,les chapeaux avec les gemmes que j' aime beaucoup ne sont probablement pas déformés <eos>,13,déformés,déformées,11,F,déformés,-11.532696,déformées,-11.4453535,0
9906,P_NOUN_8_PASS_b,M,P,les chapeaux avec les gemmes que j' aime beaucoup ne sont probablement pas fixés <eos>,13,fixés,fixées,11,F,fixés,-8.475673,fixées,-11.025217,1
9907,P_NOUN_8_PASS_b,M,P,les chapeaux avec les gemmes que j' aime beaucoup ne sont probablement pas jetés <eos>,13,jetés,jetées,11,F,jetés,-8.9200325,jetées,-11.504382,1
9908,P_NOUN_8_PASS_b,M,P,les chapeaux avec les gemmes que j' aime beaucoup ne sont probablement pas laissés <eos>,13,laissés,laissées,11,F,laissés,-8.359352,laissées,-10.937424,1
9909,P_NOUN_8_PASS_b,M,P,les chapeaux avec les gemmes que j' aime beaucoup ne sont probablement pas ouverts <eos>,13,ouverts,ouvertes,11,F,ouverts,-8.416479,ouvertes,-11.4805975,1
9910,P_NOUN_8_PASS_b,M,P,les chapeaux avec les gemmes que j' aime beaucoup ne sont probablement pas perdus <eos>,13,perdus,perdues,11,F,perdus,-7.090435,perdues,-9.974293,1
9911,P_NOUN_8_PASS_b,M,P,les chapeaux avec les gemmes que j' aime beaucoup ne sont probablement pas réparés <eos>,13,réparés,réparées,11,F,réparés,-10.575449,réparées,-12.059304,1
9912,P_NOUN_8_PASS_b,M,P,les chapeaux avec les gemmes que j' aime beaucoup ne sont probablement pas retirés <eos>,13,retirés,retirées,11,F,retirés,-8.990606,retirées,-10.978493,1
9913,P_NOUN_8_PASS_b,M,P,les chapeaux avec les gemmes que j' aime beaucoup ne sont probablement pas tombés <eos>,13,tombés,tombées,11,F,tombés,-6.7120996,tombées,-10.380415,1
9914,P_NOUN_8_PASS_b,M,P,les chapeaux avec les gemmes que j' aime beaucoup ne sont probablement pas utilisés <eos>,13,utilisés,utilisées,11,F,utilisés,-5.425517,utilisées,-8.371057,1
9915,P_NOUN_8_PASS_b,M,P,les chapeaux avec les chaises que j' aime beaucoup ne sont probablement pas achetés <eos>,13,achetés,achetées,11,F,achetés,-9.782663,achetées,-13.274569,1
9916,P_NOUN_8_PASS_b,M,P,les chapeaux avec les chaises que j' aime beaucoup ne sont probablement pas brisés <eos>,13,brisés,brisées,11,F,brisés,-10.872801,brisées,-11.284056,1
9917,P_NOUN_8_PASS_b,M,P,les chapeaux avec les chaises que j' aime beaucoup ne sont probablement pas cachés <eos>,13,cachés,cachées,11,F,cachés,-8.465084,cachées,-9.987688,1
9918,P_NOUN_8_PASS_b,M,P,les chapeaux avec les chaises que j' aime beaucoup ne sont probablement pas cassés <eos>,13,cassés,cassées,11,F,cassés,-10.582182,cassées,-10.626835,1
9919,P_NOUN_8_PASS_b,M,P,les chapeaux avec les chaises que j' aime beaucoup ne sont probablement pas couverts <eos>,13,couverts,couvertes,11,F,couverts,-6.7058134,couvertes,-10.163824,1
9920,P_NOUN_8_PASS_b,M,P,les chapeaux avec les chaises que j' aime beaucoup ne sont probablement pas déformés <eos>,13,déformés,déformées,11,F,déformés,-11.578619,déformées,-11.393876,0
9921,P_NOUN_8_PASS_b,M,P,les chapeaux avec les chaises que j' aime beaucoup ne sont probablement pas fixés <eos>,13,fixés,fixées,11,F,fixés,-8.742228,fixées,-10.506929,1
9922,P_NOUN_8_PASS_b,M,P,les chapeaux avec les chaises que j' aime beaucoup ne sont probablement pas jetés <eos>,13,jetés,jetées,11,F,jetés,-8.938689,jetées,-11.5534115,1
9923,P_NOUN_8_PASS_b,M,P,les chapeaux avec les chaises que j' aime beaucoup ne sont probablement pas laissés <eos>,13,laissés,laissées,11,F,laissés,-8.713669,laissées,-10.513725,1
9924,P_NOUN_8_PASS_b,M,P,les chapeaux avec les chaises que j' aime beaucoup ne sont probablement pas ouverts <eos>,13,ouverts,ouvertes,11,F,ouverts,-7.5408297,ouvertes,-10.151106,1
9925,P_NOUN_8_PASS_b,M,P,les chapeaux avec les chaises que j' aime beaucoup ne sont probablement pas perdus <eos>,13,perdus,perdues,11,F,perdus,-7.4085374,perdues,-10.251944,1
9926,P_NOUN_8_PASS_b,M,P,les chapeaux avec les chaises que j' aime beaucoup ne sont probablement pas réparés <eos>,13,réparés,réparées,11,F,réparés,-10.996038,réparées,-11.73708,1
9927,P_NOUN_8_PASS_b,M,P,les chapeaux avec les chaises que j' aime beaucoup ne sont probablement pas retirés <eos>,13,retirés,retirées,11,F,retirés,-9.552576,retirées,-10.751019,1
9928,P_NOUN_8_PASS_b,M,P,les chapeaux avec les chaises que j' aime beaucoup ne sont probablement pas tombés <eos>,13,tombés,tombées,11,F,tombés,-6.9013877,tombées,-10.39246,1
9929,P_NOUN_8_PASS_b,M,P,les chapeaux avec les chaises que j' aime beaucoup ne sont probablement pas utilisés <eos>,13,utilisés,utilisées,11,F,utilisés,-5.6916842,utilisées,-8.426521,1
9930,P_NOUN_8_PASS_b,M,P,les chapeaux avec les poubelles que j' aime beaucoup ne sont probablement pas achetés <eos>,13,achetés,achetées,11,F,achetés,-9.346549,achetées,-13.016311,1
9931,P_NOUN_8_PASS_b,M,P,les chapeaux avec les poubelles que j' aime beaucoup ne sont probablement pas brisés <eos>,13,brisés,brisées,11,F,brisés,-10.928618,brisées,-11.506606,1
9932,P_NOUN_8_PASS_b,M,P,les chapeaux avec les poubelles que j' aime beaucoup ne sont probablement pas cachés <eos>,13,cachés,cachées,11,F,cachés,-8.03533,cachées,-10.257929,1
9933,P_NOUN_8_PASS_b,M,P,les chapeaux avec les poubelles que j' aime beaucoup ne sont probablement pas cassés <eos>,13,cassés,cassées,11,F,cassés,-10.188135,cassées,-10.964483,1
9934,P_NOUN_8_PASS_b,M,P,les chapeaux avec les poubelles que j' aime beaucoup ne sont probablement pas couverts <eos>,13,couverts,couvertes,11,F,couverts,-6.976609,couvertes,-10.051467,1
9935,P_NOUN_8_PASS_b,M,P,les chapeaux avec les poubelles que j' aime beaucoup ne sont probablement pas déformés <eos>,13,déformés,déformées,11,F,déformés,-11.76417,déformées,-11.327366,0
9936,P_NOUN_8_PASS_b,M,P,les chapeaux avec les poubelles que j' aime beaucoup ne sont probablement pas fixés <eos>,13,fixés,fixées,11,F,fixés,-8.483747,fixées,-10.668988,1
9937,P_NOUN_8_PASS_b,M,P,les chapeaux avec les poubelles que j' aime beaucoup ne sont probablement pas jetés <eos>,13,jetés,jetées,11,F,jetés,-8.525114,jetées,-11.090715,1
9938,P_NOUN_8_PASS_b,M,P,les chapeaux avec les poubelles que j' aime beaucoup ne sont probablement pas laissés <eos>,13,laissés,laissées,11,F,laissés,-8.395516,laissées,-10.513143,1
9939,P_NOUN_8_PASS_b,M,P,les chapeaux avec les poubelles que j' aime beaucoup ne sont probablement pas ouverts <eos>,13,ouverts,ouvertes,11,F,ouverts,-7.215195,ouvertes,-9.997765,1
9940,P_NOUN_8_PASS_b,M,P,les chapeaux avec les poubelles que j' aime beaucoup ne sont probablement pas perdus <eos>,13,perdus,perdues,11,F,perdus,-7.2504234,perdues,-10.10023,1
9941,P_NOUN_8_PASS_b,M,P,les chapeaux avec les poubelles que j' aime beaucoup ne sont probablement pas réparés <eos>,13,réparés,réparées,11,F,réparés,-10.652534,réparées,-11.407419,1
9942,P_NOUN_8_PASS_b,M,P,les chapeaux avec les poubelles que j' aime beaucoup ne sont probablement pas retirés <eos>,13,retirés,retirées,11,F,retirés,-9.037572,retirées,-10.870751,1
9943,P_NOUN_8_PASS_b,M,P,les chapeaux avec les poubelles que j' aime beaucoup ne sont probablement pas tombés <eos>,13,tombés,tombées,11,F,tombés,-7.055336,tombées,-10.776342,1
9944,P_NOUN_8_PASS_b,M,P,les chapeaux avec les poubelles que j' aime beaucoup ne sont probablement pas utilisés <eos>,13,utilisés,utilisées,11,F,utilisés,-5.4588985,utilisées,-8.166447,1
9945,P_NOUN_8_PASS_b,M,P,les chapeaux avec les chemises que j' aime beaucoup ne sont probablement pas achetés <eos>,13,achetés,achetées,11,F,achetés,-9.449165,achetées,-12.677317,1
9946,P_NOUN_8_PASS_b,M,P,les chapeaux avec les chemises que j' aime beaucoup ne sont probablement pas brisés <eos>,13,brisés,brisées,11,F,brisés,-11.074522,brisées,-11.4171295,1
9947,P_NOUN_8_PASS_b,M,P,les chapeaux avec les chemises que j' aime beaucoup ne sont probablement pas cachés <eos>,13,cachés,cachées,11,F,cachés,-8.17842,cachées,-10.217101,1
9948,P_NOUN_8_PASS_b,M,P,les chapeaux avec les chemises que j' aime beaucoup ne sont probablement pas cassés <eos>,13,cassés,cassées,11,F,cassés,-10.444314,cassées,-10.357665,0
9949,P_NOUN_8_PASS_b,M,P,les chapeaux avec les chemises que j' aime beaucoup ne sont probablement pas couverts <eos>,13,couverts,couvertes,11,F,couverts,-7.5907106,couvertes,-10.590928,1
9950,P_NOUN_8_PASS_b,M,P,les chapeaux avec les chemises que j' aime beaucoup ne sont probablement pas déformés <eos>,13,déformés,déformées,11,F,déformés,-11.733271,déformées,-11.1929,0
9951,P_NOUN_8_PASS_b,M,P,les chapeaux avec les chemises que j' aime beaucoup ne sont probablement pas fixés <eos>,13,fixés,fixées,11,F,fixés,-8.719507,fixées,-10.415025,1
9952,P_NOUN_8_PASS_b,M,P,les chapeaux avec les chemises que j' aime beaucoup ne sont probablement pas jetés <eos>,13,jetés,jetées,11,F,jetés,-8.731371,jetées,-10.633656,1
9953,P_NOUN_8_PASS_b,M,P,les chapeaux avec les chemises que j' aime beaucoup ne sont probablement pas laissés <eos>,13,laissés,laissées,11,F,laissés,-8.59984,laissées,-10.706182,1
9954,P_NOUN_8_PASS_b,M,P,les chapeaux avec les chemises que j' aime beaucoup ne sont probablement pas ouverts <eos>,13,ouverts,ouvertes,11,F,ouverts,-8.355356,ouvertes,-10.890597,1
9955,P_NOUN_8_PASS_b,M,P,les chapeaux avec les chemises que j' aime beaucoup ne sont probablement pas perdus <eos>,13,perdus,perdues,11,F,perdus,-7.516451,perdues,-9.909477,1
9956,P_NOUN_8_PASS_b,M,P,les chapeaux avec les chemises que j' aime beaucoup ne sont probablement pas réparés <eos>,13,réparés,réparées,11,F,réparés,-11.143594,réparées,-11.862623,1
9957,P_NOUN_8_PASS_b,M,P,les chapeaux avec les chemises que j' aime beaucoup ne sont probablement pas retirés <eos>,13,retirés,retirées,11,F,retirés,-9.080793,retirées,-10.485761,1
9958,P_NOUN_8_PASS_b,M,P,les chapeaux avec les chemises que j' aime beaucoup ne sont probablement pas tombés <eos>,13,tombés,tombées,11,F,tombés,-6.3549285,tombées,-10.1319065,1
9959,P_NOUN_8_PASS_b,M,P,les chapeaux avec les chemises que j' aime beaucoup ne sont probablement pas utilisés <eos>,13,utilisés,utilisées,11,F,utilisés,-5.4379344,utilisées,-7.929273,1
9960,P_NOUN_8_PASS_b,M,P,les chapeaux avec les recettes que j' aime beaucoup ne sont probablement pas achetés <eos>,13,achetés,achetées,11,F,achetés,-8.719454,achetées,-12.345573,1
9961,P_NOUN_8_PASS_b,M,P,les chapeaux avec les recettes que j' aime beaucoup ne sont probablement pas brisés <eos>,13,brisés,brisées,11,F,brisés,-11.787069,brisées,-12.123592,1
9962,P_NOUN_8_PASS_b,M,P,les chapeaux avec les recettes que j' aime beaucoup ne sont probablement pas cachés <eos>,13,cachés,cachées,11,F,cachés,-8.344028,cachées,-11.449478,1
9963,P_NOUN_8_PASS_b,M,P,les chapeaux avec les recettes que j' aime beaucoup ne sont probablement pas cassés <eos>,13,cassés,cassées,11,F,cassés,-10.378927,cassées,-11.97271,1
9964,P_NOUN_8_PASS_b,M,P,les chapeaux avec les recettes que j' aime beaucoup ne sont probablement pas couverts <eos>,13,couverts,couvertes,11,F,couverts,-7.466815,couvertes,-11.112324,1
9965,P_NOUN_8_PASS_b,M,P,les chapeaux avec les recettes que j' aime beaucoup ne sont probablement pas déformés <eos>,13,déformés,déformées,11,F,déformés,-12.616574,déformées,-12.259577,0
9966,P_NOUN_8_PASS_b,M,P,les chapeaux avec les recettes que j' aime beaucoup ne sont probablement pas fixés <eos>,13,fixés,fixées,11,F,fixés,-8.050111,fixées,-11.24076,1
9967,P_NOUN_8_PASS_b,M,P,les chapeaux avec les recettes que j' aime beaucoup ne sont probablement pas jetés <eos>,13,jetés,jetées,11,F,jetés,-9.324247,jetées,-12.242767,1
9968,P_NOUN_8_PASS_b,M,P,les chapeaux avec les recettes que j' aime beaucoup ne sont probablement pas laissés <eos>,13,laissés,laissées,11,F,laissés,-9.132267,laissées,-10.744263,1
9969,P_NOUN_8_PASS_b,M,P,les chapeaux avec les recettes que j' aime beaucoup ne sont probablement pas ouverts <eos>,13,ouverts,ouvertes,11,F,ouverts,-8.10215,ouvertes,-11.438189,1
9970,P_NOUN_8_PASS_b,M,P,les chapeaux avec les recettes que j' aime beaucoup ne sont probablement pas perdus <eos>,13,perdus,perdues,11,F,perdus,-7.269601,perdues,-10.287297,1
9971,P_NOUN_8_PASS_b,M,P,les chapeaux avec les recettes que j' aime beaucoup ne sont probablement pas réparés <eos>,13,réparés,réparées,11,F,réparés,-10.92264,réparées,-12.2583065,1
9972,P_NOUN_8_PASS_b,M,P,les chapeaux avec les recettes que j' aime beaucoup ne sont probablement pas retirés <eos>,13,retirés,retirées,11,F,retirés,-9.001713,retirées,-11.020587,1
9973,P_NOUN_8_PASS_b,M,P,les chapeaux avec les recettes que j' aime beaucoup ne sont probablement pas tombés <eos>,13,tombés,tombées,11,F,tombés,-7.0452147,tombées,-11.077859,1
9974,P_NOUN_8_PASS_b,M,P,les chapeaux avec les recettes que j' aime beaucoup ne sont probablement pas utilisés <eos>,13,utilisés,utilisées,11,F,utilisés,-5.6073136,utilisées,-8.5275955,1
9975,P_NOUN_8_PASS_b,M,P,les chapeaux avec les jupes que j' aime beaucoup ne sont probablement pas achetés <eos>,13,achetés,achetées,11,F,achetés,-9.521543,achetées,-12.865227,1
9976,P_NOUN_8_PASS_b,M,P,les chapeaux avec les jupes que j' aime beaucoup ne sont probablement pas brisés <eos>,13,brisés,brisées,11,F,brisés,-11.185962,brisées,-11.71412,1
9977,P_NOUN_8_PASS_b,M,P,les chapeaux avec les jupes que j' aime beaucoup ne sont probablement pas cachés <eos>,13,cachés,cachées,11,F,cachés,-8.436934,cachées,-10.692686,1
9978,P_NOUN_8_PASS_b,M,P,les chapeaux avec les jupes que j' aime beaucoup ne sont probablement pas cassés <eos>,13,cassés,cassées,11,F,cassés,-10.259257,cassées,-10.419936,1
9979,P_NOUN_8_PASS_b,M,P,les chapeaux avec les jupes que j' aime beaucoup ne sont probablement pas couverts <eos>,13,couverts,couvertes,11,F,couverts,-7.5396624,couvertes,-10.499898,1
9980,P_NOUN_8_PASS_b,M,P,les chapeaux avec les jupes que j' aime beaucoup ne sont probablement pas déformés <eos>,13,déformés,déformées,11,F,déformés,-11.752069,déformées,-11.310495,0
9981,P_NOUN_8_PASS_b,M,P,les chapeaux avec les jupes que j' aime beaucoup ne sont probablement pas fixés <eos>,13,fixés,fixées,11,F,fixés,-8.38184,fixées,-10.641508,1
9982,P_NOUN_8_PASS_b,M,P,les chapeaux avec les jupes que j' aime beaucoup ne sont probablement pas jetés <eos>,13,jetés,jetées,11,F,jetés,-9.383313,jetées,-11.689495,1
9983,P_NOUN_8_PASS_b,M,P,les chapeaux avec les jupes que j' aime beaucoup ne sont probablement pas laissés <eos>,13,laissés,laissées,11,F,laissés,-9.310629,laissées,-10.984865,1
9984,P_NOUN_8_PASS_b,M,P,les chapeaux avec les jupes que j' aime beaucoup ne sont probablement pas ouverts <eos>,13,ouverts,ouvertes,11,F,ouverts,-7.7618513,ouvertes,-10.668468,1
9985,P_NOUN_8_PASS_b,M,P,les chapeaux avec les jupes que j' aime beaucoup ne sont probablement pas perdus <eos>,13,perdus,perdues,11,F,perdus,-7.851183,perdues,-10.83264,1
9986,P_NOUN_8_PASS_b,M,P,les chapeaux avec les jupes que j' aime beaucoup ne sont probablement pas réparés <eos>,13,réparés,réparées,11,F,réparés,-11.304285,réparées,-11.95022,1
9987,P_NOUN_8_PASS_b,M,P,les chapeaux avec les jupes que j' aime beaucoup ne sont probablement pas retirés <eos>,13,retirés,retirées,11,F,retirés,-9.342245,retirées,-10.763425,1
9988,P_NOUN_8_PASS_b,M,P,les chapeaux avec les jupes que j' aime beaucoup ne sont probablement pas tombés <eos>,13,tombés,tombées,11,F,tombés,-7.21299,tombées,-10.882107,1
9989,P_NOUN_8_PASS_b,M,P,les chapeaux avec les jupes que j' aime beaucoup ne sont probablement pas utilisés <eos>,13,utilisés,utilisées,11,F,utilisés,-5.4145126,utilisées,-8.182628,1
9990,P_NOUN_8_PASS_b,M,P,les chapeaux avec les colles que j' aime beaucoup ne sont probablement pas achetés <eos>,13,achetés,achetées,11,F,achetés,-9.584585,achetées,-13.0320835,1
9991,P_NOUN_8_PASS_b,M,P,les chapeaux avec les colles que j' aime beaucoup ne sont probablement pas brisés <eos>,13,brisés,brisées,11,F,brisés,-11.301615,brisées,-11.714666,1
9992,P_NOUN_8_PASS_b,M,P,les chapeaux avec les colles que j' aime beaucoup ne sont probablement pas cachés <eos>,13,cachés,cachées,11,F,cachés,-8.762083,cachées,-10.846838,1
9993,P_NOUN_8_PASS_b,M,P,les chapeaux avec les colles que j' aime beaucoup ne sont probablement pas cassés <eos>,13,cassés,cassées,11,F,cassés,-9.812277,cassées,-10.556551,1
9994,P_NOUN_8_PASS_b,M,P,les chapeaux avec les colles que j' aime beaucoup ne sont probablement pas couverts <eos>,13,couverts,couvertes,11,F,couverts,-7.5051985,couvertes,-10.412573,1
9995,P_NOUN_8_PASS_b,M,P,les chapeaux avec les colles que j' aime beaucoup ne sont probablement pas déformés <eos>,13,déformés,déformées,11,F,déformés,-11.886196,déformées,-10.800676,0
9996,P_NOUN_8_PASS_b,M,P,les chapeaux avec les colles que j' aime beaucoup ne sont probablement pas fixés <eos>,13,fixés,fixées,11,F,fixés,-8.720928,fixées,-10.847253,1
9997,P_NOUN_8_PASS_b,M,P,les chapeaux avec les colles que j' aime beaucoup ne sont probablement pas jetés <eos>,13,jetés,jetées,11,F,jetés,-9.571769,jetées,-11.894152,1
9998,P_NOUN_8_PASS_b,M,P,les chapeaux avec les colles que j' aime beaucoup ne sont probablement pas laissés <eos>,13,laissés,laissées,11,F,laissés,-9.179043,laissées,-10.390037,1
9999,P_NOUN_8_PASS_b,M,P,les chapeaux avec les colles que j' aime beaucoup ne sont probablement pas ouverts <eos>,13,ouverts,ouvertes,11,F,ouverts,-7.97396,ouvertes,-10.676103,1
10000,P_NOUN_8_PASS_b,M,P,les chapeaux avec les colles que j' aime beaucoup ne sont probablement pas perdus <eos>,13,perdus,perdues,11,F,perdus,-7.800964,perdues,-10.359772,1
10001,P_NOUN_8_PASS_b,M,P,les chapeaux avec les colles que j' aime beaucoup ne sont probablement pas réparés <eos>,13,réparés,réparées,11,F,réparés,-10.877045,réparées,-11.490719,1
10002,P_NOUN_8_PASS_b,M,P,les chapeaux avec les colles que j' aime beaucoup ne sont probablement pas retirés <eos>,13,retirés,retirées,11,F,retirés,-9.137217,retirées,-10.709675,1
10003,P_NOUN_8_PASS_b,M,P,les chapeaux avec les colles que j' aime beaucoup ne sont probablement pas tombés <eos>,13,tombés,tombées,11,F,tombés,-7.589318,tombées,-10.780434,1
10004,P_NOUN_8_PASS_b,M,P,les chapeaux avec les colles que j' aime beaucoup ne sont probablement pas utilisés <eos>,13,utilisés,utilisées,11,F,utilisés,-5.1879573,utilisées,-7.638225,1
10005,P_NOUN_8_PASS_b,M,P,les chapeaux avec les lampes que j' aime beaucoup ne sont probablement pas achetés <eos>,13,achetés,achetées,11,F,achetés,-9.249637,achetées,-13.21495,1
10006,P_NOUN_8_PASS_b,M,P,les chapeaux avec les lampes que j' aime beaucoup ne sont probablement pas brisés <eos>,13,brisés,brisées,11,F,brisés,-10.801842,brisées,-11.497564,1
10007,P_NOUN_8_PASS_b,M,P,les chapeaux avec les lampes que j' aime beaucoup ne sont probablement pas cachés <eos>,13,cachés,cachées,11,F,cachés,-7.925414,cachées,-10.583618,1
10008,P_NOUN_8_PASS_b,M,P,les chapeaux avec les lampes que j' aime beaucoup ne sont probablement pas cassés <eos>,13,cassés,cassées,11,F,cassés,-10.233167,cassées,-10.751908,1
10009,P_NOUN_8_PASS_b,M,P,les chapeaux avec les lampes que j' aime beaucoup ne sont probablement pas couverts <eos>,13,couverts,couvertes,11,F,couverts,-7.524542,couvertes,-10.845921,1
10010,P_NOUN_8_PASS_b,M,P,les chapeaux avec les lampes que j' aime beaucoup ne sont probablement pas déformés <eos>,13,déformés,déformées,11,F,déformés,-11.25023,déformées,-10.598366,0
10011,P_NOUN_8_PASS_b,M,P,les chapeaux avec les lampes que j' aime beaucoup ne sont probablement pas fixés <eos>,13,fixés,fixées,11,F,fixés,-8.210651,fixées,-10.438953,1
10012,P_NOUN_8_PASS_b,M,P,les chapeaux avec les lampes que j' aime beaucoup ne sont probablement pas jetés <eos>,13,jetés,jetées,11,F,jetés,-8.684825,jetées,-11.231141,1
10013,P_NOUN_8_PASS_b,M,P,les chapeaux avec les lampes que j' aime beaucoup ne sont probablement pas laissés <eos>,13,laissés,laissées,11,F,laissés,-8.942062,laissées,-11.062873,1
10014,P_NOUN_8_PASS_b,M,P,les chapeaux avec les lampes que j' aime beaucoup ne sont probablement pas ouverts <eos>,13,ouverts,ouvertes,11,F,ouverts,-7.8827553,ouvertes,-10.939369,1
10015,P_NOUN_8_PASS_b,M,P,les chapeaux avec les lampes que j' aime beaucoup ne sont probablement pas perdus <eos>,13,perdus,perdues,11,F,perdus,-7.2947526,perdues,-10.161037,1
10016,P_NOUN_8_PASS_b,M,P,les chapeaux avec les lampes que j' aime beaucoup ne sont probablement pas réparés <eos>,13,réparés,réparées,11,F,réparés,-11.137349,réparées,-11.731076,1
10017,P_NOUN_8_PASS_b,M,P,les chapeaux avec les lampes que j' aime beaucoup ne sont probablement pas retirés <eos>,13,retirés,retirées,11,F,retirés,-8.910371,retirées,-10.440247,1
10018,P_NOUN_8_PASS_b,M,P,les chapeaux avec les lampes que j' aime beaucoup ne sont probablement pas tombés <eos>,13,tombés,tombées,11,F,tombés,-7.3399944,tombées,-10.615926,1
10019,P_NOUN_8_PASS_b,M,P,les chapeaux avec les lampes que j' aime beaucoup ne sont probablement pas utilisés <eos>,13,utilisés,utilisées,11,F,utilisés,-4.9348764,utilisées,-7.9835176,1
10020,P_NOUN_8_PASS_b,M,P,les chapeaux avec les bouteilles que j' aime beaucoup ne sont probablement pas achetés <eos>,13,achetés,achetées,11,F,achetés,-8.689763,achetées,-11.980618,1
10021,P_NOUN_8_PASS_b,M,P,les chapeaux avec les bouteilles que j' aime beaucoup ne sont probablement pas brisés <eos>,13,brisés,brisées,11,F,brisés,-11.392455,brisées,-11.766278,1
10022,P_NOUN_8_PASS_b,M,P,les chapeaux avec les bouteilles que j' aime beaucoup ne sont probablement pas cachés <eos>,13,cachés,cachées,11,F,cachés,-7.985519,cachées,-10.864311,1
10023,P_NOUN_8_PASS_b,M,P,les chapeaux avec les bouteilles que j' aime beaucoup ne sont probablement pas cassés <eos>,13,cassés,cassées,11,F,cassés,-9.943495,cassées,-10.758665,1
10024,P_NOUN_8_PASS_b,M,P,les chapeaux avec les bouteilles que j' aime beaucoup ne sont probablement pas couverts <eos>,13,couverts,couvertes,11,F,couverts,-7.4019175,couvertes,-10.862528,1
10025,P_NOUN_8_PASS_b,M,P,les chapeaux avec les bouteilles que j' aime beaucoup ne sont probablement pas déformés <eos>,13,déformés,déformées,11,F,déformés,-11.919212,déformées,-11.239355,0
10026,P_NOUN_8_PASS_b,M,P,les chapeaux avec les bouteilles que j' aime beaucoup ne sont probablement pas fixés <eos>,13,fixés,fixées,11,F,fixés,-8.432142,fixées,-11.073888,1
10027,P_NOUN_8_PASS_b,M,P,les chapeaux avec les bouteilles que j' aime beaucoup ne sont probablement pas jetés <eos>,13,jetés,jetées,11,F,jetés,-8.8618355,jetées,-11.926719,1
10028,P_NOUN_8_PASS_b,M,P,les chapeaux avec les bouteilles que j' aime beaucoup ne sont probablement pas laissés <eos>,13,laissés,laissées,11,F,laissés,-8.933729,laissées,-10.4722805,1
10029,P_NOUN_8_PASS_b,M,P,les chapeaux avec les bouteilles que j' aime beaucoup ne sont probablement pas ouverts <eos>,13,ouverts,ouvertes,11,F,ouverts,-7.8199244,ouvertes,-10.78938,1
10030,P_NOUN_8_PASS_b,M,P,les chapeaux avec les bouteilles que j' aime beaucoup ne sont probablement pas perdus <eos>,13,perdus,perdues,11,F,perdus,-7.2348285,perdues,-10.232429,1
10031,P_NOUN_8_PASS_b,M,P,les chapeaux avec les bouteilles que j' aime beaucoup ne sont probablement pas réparés <eos>,13,réparés,réparées,11,F,réparés,-11.301352,réparées,-11.744034,1
10032,P_NOUN_8_PASS_b,M,P,les chapeaux avec les bouteilles que j' aime beaucoup ne sont probablement pas retirés <eos>,13,retirés,retirées,11,F,retirés,-8.978634,retirées,-10.72856,1
10033,P_NOUN_8_PASS_b,M,P,les chapeaux avec les bouteilles que j' aime beaucoup ne sont probablement pas tombés <eos>,13,tombés,tombées,11,F,tombés,-7.3956575,tombées,-10.9485855,1
10034,P_NOUN_8_PASS_b,M,P,les chapeaux avec les bouteilles que j' aime beaucoup ne sont probablement pas utilisés <eos>,13,utilisés,utilisées,11,F,utilisés,-5.5183506,utilisées,-8.293103,1
10035,P_NOUN_8_PASS_b,M,P,les chapeaux avec les boissons que j' aime beaucoup ne sont probablement pas achetés <eos>,13,achetés,achetées,11,F,achetés,-8.891275,achetées,-11.677481,1
10036,P_NOUN_8_PASS_b,M,P,les chapeaux avec les boissons que j' aime beaucoup ne sont probablement pas brisés <eos>,13,brisés,brisées,11,F,brisés,-11.896061,brisées,-11.149594,0
10037,P_NOUN_8_PASS_b,M,P,les chapeaux avec les boissons que j' aime beaucoup ne sont probablement pas cachés <eos>,13,cachés,cachées,11,F,cachés,-8.505982,cachées,-10.31635,1
10038,P_NOUN_8_PASS_b,M,P,les chapeaux avec les boissons que j' aime beaucoup ne sont probablement pas cassés <eos>,13,cassés,cassées,11,F,cassés,-10.156552,cassées,-10.460152,1
10039,P_NOUN_8_PASS_b,M,P,les chapeaux avec les boissons que j' aime beaucoup ne sont probablement pas couverts <eos>,13,couverts,couvertes,11,F,couverts,-7.1882267,couvertes,-9.6050825,1
10040,P_NOUN_8_PASS_b,M,P,les chapeaux avec les boissons que j' aime beaucoup ne sont probablement pas déformés <eos>,13,déformés,déformées,11,F,déformés,-12.6796,déformées,-11.079749,0
10041,P_NOUN_8_PASS_b,M,P,les chapeaux avec les boissons que j' aime beaucoup ne sont probablement pas fixés <eos>,13,fixés,fixées,11,F,fixés,-8.730718,fixées,-10.502422,1
10042,P_NOUN_8_PASS_b,M,P,les chapeaux avec les boissons que j' aime beaucoup ne sont probablement pas jetés <eos>,13,jetés,jetées,11,F,jetés,-9.301794,jetées,-10.681931,1
10043,P_NOUN_8_PASS_b,M,P,les chapeaux avec les boissons que j' aime beaucoup ne sont probablement pas laissés <eos>,13,laissés,laissées,11,F,laissés,-8.733031,laissées,-9.353021,1
10044,P_NOUN_8_PASS_b,M,P,les chapeaux avec les boissons que j' aime beaucoup ne sont probablement pas ouverts <eos>,13,ouverts,ouvertes,11,F,ouverts,-8.215191,ouvertes,-9.969568,1
10045,P_NOUN_8_PASS_b,M,P,les chapeaux avec les boissons que j' aime beaucoup ne sont probablement pas perdus <eos>,13,perdus,perdues,11,F,perdus,-7.7787867,perdues,-9.474787,1
10046,P_NOUN_8_PASS_b,M,P,les chapeaux avec les boissons que j' aime beaucoup ne sont probablement pas réparés <eos>,13,réparés,réparées,11,F,réparés,-10.90601,réparées,-11.220363,1
10047,P_NOUN_8_PASS_b,M,P,les chapeaux avec les boissons que j' aime beaucoup ne sont probablement pas retirés <eos>,13,retirés,retirées,11,F,retirés,-9.062703,retirées,-9.999167,1
10048,P_NOUN_8_PASS_b,M,P,les chapeaux avec les boissons que j' aime beaucoup ne sont probablement pas tombés <eos>,13,tombés,tombées,11,F,tombés,-7.251979,tombées,-10.12962,1
10049,P_NOUN_8_PASS_b,M,P,les chapeaux avec les boissons que j' aime beaucoup ne sont probablement pas utilisés <eos>,13,utilisés,utilisées,11,F,utilisés,-5.158214,utilisées,-6.917457,1
10050,P_NOUN_8_PASS_b,M,P,les chapeaux avec les pommes que j' aime beaucoup ne sont probablement pas achetés <eos>,13,achetés,achetées,11,F,achetés,-8.81056,achetées,-11.210162,1
10051,P_NOUN_8_PASS_b,M,P,les chapeaux avec les pommes que j' aime beaucoup ne sont probablement pas brisés <eos>,13,brisés,brisées,11,F,brisés,-11.489103,brisées,-11.134193,0
10052,P_NOUN_8_PASS_b,M,P,les chapeaux avec les pommes que j' aime beaucoup ne sont probablement pas cachés <eos>,13,cachés,cachées,11,F,cachés,-8.086168,cachées,-9.71494,1
10053,P_NOUN_8_PASS_b,M,P,les chapeaux avec les pommes que j' aime beaucoup ne sont probablement pas cassés <eos>,13,cassés,cassées,11,F,cassés,-9.649965,cassées,-10.266506,1
10054,P_NOUN_8_PASS_b,M,P,les chapeaux avec les pommes que j' aime beaucoup ne sont probablement pas couverts <eos>,13,couverts,couvertes,11,F,couverts,-7.263276,couvertes,-9.751719,1
10055,P_NOUN_8_PASS_b,M,P,les chapeaux avec les pommes que j' aime beaucoup ne sont probablement pas déformés <eos>,13,déformés,déformées,11,F,déformés,-12.41143,déformées,-11.035759,0
10056,P_NOUN_8_PASS_b,M,P,les chapeaux avec les pommes que j' aime beaucoup ne sont probablement pas fixés <eos>,13,fixés,fixées,11,F,fixés,-8.897634,fixées,-10.696848,1
10057,P_NOUN_8_PASS_b,M,P,les chapeaux avec les pommes que j' aime beaucoup ne sont probablement pas jetés <eos>,13,jetés,jetées,11,F,jetés,-9.331683,jetées,-10.429733,1
10058,P_NOUN_8_PASS_b,M,P,les chapeaux avec les pommes que j' aime beaucoup ne sont probablement pas laissés <eos>,13,laissés,laissées,11,F,laissés,-8.373052,laissées,-9.7314825,1
10059,P_NOUN_8_PASS_b,M,P,les chapeaux avec les pommes que j' aime beaucoup ne sont probablement pas ouverts <eos>,13,ouverts,ouvertes,11,F,ouverts,-8.273715,ouvertes,-10.258125,1
10060,P_NOUN_8_PASS_b,M,P,les chapeaux avec les pommes que j' aime beaucoup ne sont probablement pas perdus <eos>,13,perdus,perdues,11,F,perdus,-7.7180433,perdues,-9.283331,1
10061,P_NOUN_8_PASS_b,M,P,les chapeaux avec les pommes que j' aime beaucoup ne sont probablement pas réparés <eos>,13,réparés,réparées,11,F,réparés,-11.257324,réparées,-11.491749,1
10062,P_NOUN_8_PASS_b,M,P,les chapeaux avec les pommes que j' aime beaucoup ne sont probablement pas retirés <eos>,13,retirés,retirées,11,F,retirés,-8.930973,retirées,-10.059013,1
10063,P_NOUN_8_PASS_b,M,P,les chapeaux avec les pommes que j' aime beaucoup ne sont probablement pas tombés <eos>,13,tombés,tombées,11,F,tombés,-6.7635,tombées,-9.578372,1
10064,P_NOUN_8_PASS_b,M,P,les chapeaux avec les pommes que j' aime beaucoup ne sont probablement pas utilisés <eos>,13,utilisés,utilisées,11,F,utilisés,-5.595209,utilisées,-7.248621,1
10065,P_NOUN_8_PASS_b,M,P,les chapeaux avec les tasses que j' aime beaucoup ne sont probablement pas achetés <eos>,13,achetés,achetées,11,F,achetés,-9.204906,achetées,-12.2997675,1
10066,P_NOUN_8_PASS_b,M,P,les chapeaux avec les tasses que j' aime beaucoup ne sont probablement pas brisés <eos>,13,brisés,brisées,11,F,brisés,-11.004126,brisées,-11.339987,1
10067,P_NOUN_8_PASS_b,M,P,les chapeaux avec les tasses que j' aime beaucoup ne sont probablement pas cachés <eos>,13,cachés,cachées,11,F,cachés,-8.734348,cachées,-10.790504,1
10068,P_NOUN_8_PASS_b,M,P,les chapeaux avec les tasses que j' aime beaucoup ne sont probablement pas cassés <eos>,13,cassés,cassées,11,F,cassés,-10.005241,cassées,-10.706898,1
10069,P_NOUN_8_PASS_b,M,P,les chapeaux avec les tasses que j' aime beaucoup ne sont probablement pas couverts <eos>,13,couverts,couvertes,11,F,couverts,-6.794403,couvertes,-10.241248,1
10070,P_NOUN_8_PASS_b,M,P,les chapeaux avec les tasses que j' aime beaucoup ne sont probablement pas déformés <eos>,13,déformés,déformées,11,F,déformés,-11.964404,déformées,-11.213362,0
10071,P_NOUN_8_PASS_b,M,P,les chapeaux avec les tasses que j' aime beaucoup ne sont probablement pas fixés <eos>,13,fixés,fixées,11,F,fixés,-8.522363,fixées,-10.574481,1
10072,P_NOUN_8_PASS_b,M,P,les chapeaux avec les tasses que j' aime beaucoup ne sont probablement pas jetés <eos>,13,jetés,jetées,11,F,jetés,-9.278242,jetées,-11.6911545,1
10073,P_NOUN_8_PASS_b,M,P,les chapeaux avec les tasses que j' aime beaucoup ne sont probablement pas laissés <eos>,13,laissés,laissées,11,F,laissés,-8.824619,laissées,-10.101489,1
10074,P_NOUN_8_PASS_b,M,P,les chapeaux avec les tasses que j' aime beaucoup ne sont probablement pas ouverts <eos>,13,ouverts,ouvertes,11,F,ouverts,-7.697303,ouvertes,-10.456862,1
10075,P_NOUN_8_PASS_b,M,P,les chapeaux avec les tasses que j' aime beaucoup ne sont probablement pas perdus <eos>,13,perdus,perdues,11,F,perdus,-7.0739527,perdues,-9.763051,1
10076,P_NOUN_8_PASS_b,M,P,les chapeaux avec les tasses que j' aime beaucoup ne sont probablement pas réparés <eos>,13,réparés,réparées,11,F,réparés,-10.980578,réparées,-11.476427,1
10077,P_NOUN_8_PASS_b,M,P,les chapeaux avec les tasses que j' aime beaucoup ne sont probablement pas retirés <eos>,13,retirés,retirées,11,F,retirés,-8.891486,retirées,-10.407597,1
10078,P_NOUN_8_PASS_b,M,P,les chapeaux avec les tasses que j' aime beaucoup ne sont probablement pas tombés <eos>,13,tombés,tombées,11,F,tombés,-7.1498966,tombées,-10.39323,1
10079,P_NOUN_8_PASS_b,M,P,les chapeaux avec les tasses que j' aime beaucoup ne sont probablement pas utilisés <eos>,13,utilisés,utilisées,11,F,utilisés,-5.429466,utilisées,-7.8599124,1
10080,P_NOUN_8_PASS_b,M,P,les chapeaux avec les bougies que j' aime beaucoup ne sont probablement pas achetés <eos>,13,achetés,achetées,11,F,achetés,-9.735006,achetées,-12.566298,1
10081,P_NOUN_8_PASS_b,M,P,les chapeaux avec les bougies que j' aime beaucoup ne sont probablement pas brisés <eos>,13,brisés,brisées,11,F,brisés,-10.977722,brisées,-11.679951,1
10082,P_NOUN_8_PASS_b,M,P,les chapeaux avec les bougies que j' aime beaucoup ne sont probablement pas cachés <eos>,13,cachés,cachées,11,F,cachés,-7.8269076,cachées,-10.335312,1
10083,P_NOUN_8_PASS_b,M,P,les chapeaux avec les bougies que j' aime beaucoup ne sont probablement pas cassés <eos>,13,cassés,cassées,11,F,cassés,-10.114865,cassées,-10.810072,1
10084,P_NOUN_8_PASS_b,M,P,les chapeaux avec les bougies que j' aime beaucoup ne sont probablement pas couverts <eos>,13,couverts,couvertes,11,F,couverts,-7.536524,couvertes,-11.011916,1
10085,P_NOUN_8_PASS_b,M,P,les chapeaux avec les bougies que j' aime beaucoup ne sont probablement pas déformés <eos>,13,déformés,déformées,11,F,déformés,-11.4816475,déformées,-11.368956,0
10086,P_NOUN_8_PASS_b,M,P,les chapeaux avec les bougies que j' aime beaucoup ne sont probablement pas fixés <eos>,13,fixés,fixées,11,F,fixés,-8.49143,fixées,-10.718573,1
10087,P_NOUN_8_PASS_b,M,P,les chapeaux avec les bougies que j' aime beaucoup ne sont probablement pas jetés <eos>,13,jetés,jetées,11,F,jetés,-8.528173,jetées,-11.18645,1
10088,P_NOUN_8_PASS_b,M,P,les chapeaux avec les bougies que j' aime beaucoup ne sont probablement pas laissés <eos>,13,laissés,laissées,11,F,laissés,-8.585964,laissées,-11.039299,1
10089,P_NOUN_8_PASS_b,M,P,les chapeaux avec les bougies que j' aime beaucoup ne sont probablement pas ouverts <eos>,13,ouverts,ouvertes,11,F,ouverts,-8.119425,ouvertes,-10.957328,1
10090,P_NOUN_8_PASS_b,M,P,les chapeaux avec les bougies que j' aime beaucoup ne sont probablement pas perdus <eos>,13,perdus,perdues,11,F,perdus,-7.2226934,perdues,-10.233956,1
10091,P_NOUN_8_PASS_b,M,P,les chapeaux avec les bougies que j' aime beaucoup ne sont probablement pas réparés <eos>,13,réparés,réparées,11,F,réparés,-11.005944,réparées,-11.956095,1
10092,P_NOUN_8_PASS_b,M,P,les chapeaux avec les bougies que j' aime beaucoup ne sont probablement pas retirés <eos>,13,retirés,retirées,11,F,retirés,-9.078881,retirées,-10.714766,1
10093,P_NOUN_8_PASS_b,M,P,les chapeaux avec les bougies que j' aime beaucoup ne sont probablement pas tombés <eos>,13,tombés,tombées,11,F,tombés,-5.725693,tombées,-10.193981,1
10094,P_NOUN_8_PASS_b,M,P,les chapeaux avec les bougies que j' aime beaucoup ne sont probablement pas utilisés <eos>,13,utilisés,utilisées,11,F,utilisés,-5.576688,utilisées,-8.333843,1
10095,P_NOUN_8_PASS_b,M,P,les chapeaux avec les pochettes que j' aime beaucoup ne sont probablement pas achetés <eos>,13,achetés,achetées,11,F,achetés,-9.225949,achetées,-11.439878,1
10096,P_NOUN_8_PASS_b,M,P,les chapeaux avec les pochettes que j' aime beaucoup ne sont probablement pas brisés <eos>,13,brisés,brisées,11,F,brisés,-12.023105,brisées,-11.675136,0
10097,P_NOUN_8_PASS_b,M,P,les chapeaux avec les pochettes que j' aime beaucoup ne sont probablement pas cachés <eos>,13,cachés,cachées,11,F,cachés,-9.081738,cachées,-10.378669,1
10098,P_NOUN_8_PASS_b,M,P,les chapeaux avec les pochettes que j' aime beaucoup ne sont probablement pas cassés <eos>,13,cassés,cassées,11,F,cassés,-11.365627,cassées,-11.264978,0
10099,P_NOUN_8_PASS_b,M,P,les chapeaux avec les pochettes que j' aime beaucoup ne sont probablement pas couverts <eos>,13,couverts,couvertes,11,F,couverts,-8.476712,couvertes,-10.312854,1
10100,P_NOUN_8_PASS_b,M,P,les chapeaux avec les pochettes que j' aime beaucoup ne sont probablement pas déformés <eos>,13,déformés,déformées,11,F,déformés,-12.073637,déformées,-10.536069,0
10101,P_NOUN_8_PASS_b,M,P,les chapeaux avec les pochettes que j' aime beaucoup ne sont probablement pas fixés <eos>,13,fixés,fixées,11,F,fixés,-9.555773,fixées,-11.147083,1
10102,P_NOUN_8_PASS_b,M,P,les chapeaux avec les pochettes que j' aime beaucoup ne sont probablement pas jetés <eos>,13,jetés,jetées,11,F,jetés,-10.135484,jetées,-12.454922,1
10103,P_NOUN_8_PASS_b,M,P,les chapeaux avec les pochettes que j' aime beaucoup ne sont probablement pas laissés <eos>,13,laissés,laissées,11,F,laissés,-9.469435,laissées,-9.521053,1
10104,P_NOUN_8_PASS_b,M,P,les chapeaux avec les pochettes que j' aime beaucoup ne sont probablement pas ouverts <eos>,13,ouverts,ouvertes,11,F,ouverts,-7.6945343,ouvertes,-9.111076,1
10105,P_NOUN_8_PASS_b,M,P,les chapeaux avec les pochettes que j' aime beaucoup ne sont probablement pas perdus <eos>,13,perdus,perdues,11,F,perdus,-7.5672073,perdues,-9.511563,1
10106,P_NOUN_8_PASS_b,M,P,les chapeaux avec les pochettes que j' aime beaucoup ne sont probablement pas réparés <eos>,13,réparés,réparées,11,F,réparés,-11.784674,réparées,-11.178752,0
10107,P_NOUN_8_PASS_b,M,P,les chapeaux avec les pochettes que j' aime beaucoup ne sont probablement pas retirés <eos>,13,retirés,retirées,11,F,retirés,-9.719048,retirées,-10.060804,1
10108,P_NOUN_8_PASS_b,M,P,les chapeaux avec les pochettes que j' aime beaucoup ne sont probablement pas tombés <eos>,13,tombés,tombées,11,F,tombés,-8.505807,tombées,-10.963558,1
10109,P_NOUN_8_PASS_b,M,P,les chapeaux avec les pochettes que j' aime beaucoup ne sont probablement pas utilisés <eos>,13,utilisés,utilisées,11,F,utilisés,-6.01154,utilisées,-7.700503,1
10110,P_NOUN_8_PASS_b,M,P,les chapeaux avec les bananes que j' aime beaucoup ne sont probablement pas achetés <eos>,13,achetés,achetées,11,F,achetés,-8.959317,achetées,-12.868447,1
10111,P_NOUN_8_PASS_b,M,P,les chapeaux avec les bananes que j' aime beaucoup ne sont probablement pas brisés <eos>,13,brisés,brisées,11,F,brisés,-11.219639,brisées,-11.803114,1
10112,P_NOUN_8_PASS_b,M,P,les chapeaux avec les bananes que j' aime beaucoup ne sont probablement pas cachés <eos>,13,cachés,cachées,11,F,cachés,-8.612165,cachées,-11.243831,1
10113,P_NOUN_8_PASS_b,M,P,les chapeaux avec les bananes que j' aime beaucoup ne sont probablement pas cassés <eos>,13,cassés,cassées,11,F,cassés,-10.053869,cassées,-10.927428,1
10114,P_NOUN_8_PASS_b,M,P,les chapeaux avec les bananes que j' aime beaucoup ne sont probablement pas couverts <eos>,13,couverts,couvertes,11,F,couverts,-7.13351,couvertes,-10.751974,1
10115,P_NOUN_8_PASS_b,M,P,les chapeaux avec les bananes que j' aime beaucoup ne sont probablement pas déformés <eos>,13,déformés,déformées,11,F,déformés,-12.113114,déformées,-11.70099,0
10116,P_NOUN_8_PASS_b,M,P,les chapeaux avec les bananes que j' aime beaucoup ne sont probablement pas fixés <eos>,13,fixés,fixées,11,F,fixés,-8.39043,fixées,-11.141167,1
10117,P_NOUN_8_PASS_b,M,P,les chapeaux avec les bananes que j' aime beaucoup ne sont probablement pas jetés <eos>,13,jetés,jetées,11,F,jetés,-9.519878,jetées,-11.140703,1
10118,P_NOUN_8_PASS_b,M,P,les chapeaux avec les bananes que j' aime beaucoup ne sont probablement pas laissés <eos>,13,laissés,laissées,11,F,laissés,-8.524342,laissées,-10.716185,1
10119,P_NOUN_8_PASS_b,M,P,les chapeaux avec les bananes que j' aime beaucoup ne sont probablement pas ouverts <eos>,13,ouverts,ouvertes,11,F,ouverts,-8.126286,ouvertes,-11.320576,1
10120,P_NOUN_8_PASS_b,M,P,les chapeaux avec les bananes que j' aime beaucoup ne sont probablement pas perdus <eos>,13,perdus,perdues,11,F,perdus,-7.552842,perdues,-10.568271,1
10121,P_NOUN_8_PASS_b,M,P,les chapeaux avec les bananes que j' aime beaucoup ne sont probablement pas réparés <eos>,13,réparés,réparées,11,F,réparés,-11.282839,réparées,-12.5506935,1
10122,P_NOUN_8_PASS_b,M,P,les chapeaux avec les bananes que j' aime beaucoup ne sont probablement pas retirés <eos>,13,retirés,retirées,11,F,retirés,-9.163391,retirées,-11.244316,1
10123,P_NOUN_8_PASS_b,M,P,les chapeaux avec les bananes que j' aime beaucoup ne sont probablement pas tombés <eos>,13,tombés,tombées,11,F,tombés,-7.003193,tombées,-10.67056,1
10124,P_NOUN_8_PASS_b,M,P,les chapeaux avec les bananes que j' aime beaucoup ne sont probablement pas utilisés <eos>,13,utilisés,utilisées,11,F,utilisés,-5.321471,utilisées,-8.233082,1
10125,P_NOUN_8_PASS_b,M,P,les chapeaux avec les robes que j' aime beaucoup ne sont probablement pas achetés <eos>,13,achetés,achetées,11,F,achetés,-9.727936,achetées,-13.265659,1
10126,P_NOUN_8_PASS_b,M,P,les chapeaux avec les robes que j' aime beaucoup ne sont probablement pas brisés <eos>,13,brisés,brisées,11,F,brisés,-11.56617,brisées,-12.081856,1
10127,P_NOUN_8_PASS_b,M,P,les chapeaux avec les robes que j' aime beaucoup ne sont probablement pas cachés <eos>,13,cachés,cachées,11,F,cachés,-8.414274,cachées,-10.916983,1
10128,P_NOUN_8_PASS_b,M,P,les chapeaux avec les robes que j' aime beaucoup ne sont probablement pas cassés <eos>,13,cassés,cassées,11,F,cassés,-10.790223,cassées,-11.066089,1
10129,P_NOUN_8_PASS_b,M,P,les chapeaux avec les robes que j' aime beaucoup ne sont probablement pas couverts <eos>,13,couverts,couvertes,11,F,couverts,-7.5962186,couvertes,-10.818087,1
10130,P_NOUN_8_PASS_b,M,P,les chapeaux avec les robes que j' aime beaucoup ne sont probablement pas déformés <eos>,13,déformés,déformées,11,F,déformés,-11.645808,déformées,-11.685354,1
10131,P_NOUN_8_PASS_b,M,P,les chapeaux avec les robes que j' aime beaucoup ne sont probablement pas fixés <eos>,13,fixés,fixées,11,F,fixés,-8.894629,fixées,-11.05945,1
10132,P_NOUN_8_PASS_b,M,P,les chapeaux avec les robes que j' aime beaucoup ne sont probablement pas jetés <eos>,13,jetés,jetées,11,F,jetés,-9.515561,jetées,-11.72681,1
10133,P_NOUN_8_PASS_b,M,P,les chapeaux avec les robes que j' aime beaucoup ne sont probablement pas laissés <eos>,13,laissés,laissées,11,F,laissés,-9.134434,laissées,-10.954704,1
10134,P_NOUN_8_PASS_b,M,P,les chapeaux avec les robes que j' aime beaucoup ne sont probablement pas ouverts <eos>,13,ouverts,ouvertes,11,F,ouverts,-8.172964,ouvertes,-10.911142,1
10135,P_NOUN_8_PASS_b,M,P,les chapeaux avec les robes que j' aime beaucoup ne sont probablement pas perdus <eos>,13,perdus,perdues,11,F,perdus,-8.042011,perdues,-10.709949,1
10136,P_NOUN_8_PASS_b,M,P,les chapeaux avec les robes que j' aime beaucoup ne sont probablement pas réparés <eos>,13,réparés,réparées,11,F,réparés,-11.076855,réparées,-12.2733,1
10137,P_NOUN_8_PASS_b,M,P,les chapeaux avec les robes que j' aime beaucoup ne sont probablement pas retirés <eos>,13,retirés,retirées,11,F,retirés,-9.402094,retirées,-11.138561,1
10138,P_NOUN_8_PASS_b,M,P,les chapeaux avec les robes que j' aime beaucoup ne sont probablement pas tombés <eos>,13,tombés,tombées,11,F,tombés,-6.801489,tombées,-10.808673,1
10139,P_NOUN_8_PASS_b,M,P,les chapeaux avec les robes que j' aime beaucoup ne sont probablement pas utilisés <eos>,13,utilisés,utilisées,11,F,utilisés,-5.507013,utilisées,-8.291662,1
10140,P_NOUN_8_PASS_b,M,P,les chapeaux avec les valises que j' aime beaucoup ne sont probablement pas achetés <eos>,13,achetés,achetées,11,F,achetés,-9.337852,achetées,-12.639626,1
10141,P_NOUN_8_PASS_b,M,P,les chapeaux avec les valises que j' aime beaucoup ne sont probablement pas brisés <eos>,13,brisés,brisées,11,F,brisés,-11.359283,brisées,-11.629206,1
10142,P_NOUN_8_PASS_b,M,P,les chapeaux avec les valises que j' aime beaucoup ne sont probablement pas cachés <eos>,13,cachés,cachées,11,F,cachés,-7.996967,cachées,-10.1194935,1
10143,P_NOUN_8_PASS_b,M,P,les chapeaux avec les valises que j' aime beaucoup ne sont probablement pas cassés <eos>,13,cassés,cassées,11,F,cassés,-10.58441,cassées,-11.30855,1
10144,P_NOUN_8_PASS_b,M,P,les chapeaux avec les valises que j' aime beaucoup ne sont probablement pas couverts <eos>,13,couverts,couvertes,11,F,couverts,-7.215394,couvertes,-10.215873,1
10145,P_NOUN_8_PASS_b,M,P,les chapeaux avec les valises que j' aime beaucoup ne sont probablement pas déformés <eos>,13,déformés,déformées,11,F,déformés,-12.084949,déformées,-11.515816,0
10146,P_NOUN_8_PASS_b,M,P,les chapeaux avec les valises que j' aime beaucoup ne sont probablement pas fixés <eos>,13,fixés,fixées,11,F,fixés,-8.50771,fixées,-10.714197,1
10147,P_NOUN_8_PASS_b,M,P,les chapeaux avec les valises que j' aime beaucoup ne sont probablement pas jetés <eos>,13,jetés,jetées,11,F,jetés,-9.021509,jetées,-11.30596,1
10148,P_NOUN_8_PASS_b,M,P,les chapeaux avec les valises que j' aime beaucoup ne sont probablement pas laissés <eos>,13,laissés,laissées,11,F,laissés,-8.610433,laissées,-10.217208,1
10149,P_NOUN_8_PASS_b,M,P,les chapeaux avec les valises que j' aime beaucoup ne sont probablement pas ouverts <eos>,13,ouverts,ouvertes,11,F,ouverts,-7.3625116,ouvertes,-10.0127945,1
10150,P_NOUN_8_PASS_b,M,P,les chapeaux avec les valises que j' aime beaucoup ne sont probablement pas perdus <eos>,13,perdus,perdues,11,F,perdus,-7.265962,perdues,-9.928234,1
10151,P_NOUN_8_PASS_b,M,P,les chapeaux avec les valises que j' aime beaucoup ne sont probablement pas réparés <eos>,13,réparés,réparées,11,F,réparés,-11.1169405,réparées,-11.607274,1
10152,P_NOUN_8_PASS_b,M,P,les chapeaux avec les valises que j' aime beaucoup ne sont probablement pas retirés <eos>,13,retirés,retirées,11,F,retirés,-9.4377775,retirées,-10.836066,1
10153,P_NOUN_8_PASS_b,M,P,les chapeaux avec les valises que j' aime beaucoup ne sont probablement pas tombés <eos>,13,tombés,tombées,11,F,tombés,-7.2940626,tombées,-10.749059,1
10154,P_NOUN_8_PASS_b,M,P,les chapeaux avec les valises que j' aime beaucoup ne sont probablement pas utilisés <eos>,13,utilisés,utilisées,11,F,utilisés,-5.9275355,utilisées,-8.346003,1
10155,P_NOUN_8_PASS_b,M,P,les chapeaux avec les pendules que j' aime beaucoup ne sont probablement pas achetés <eos>,13,achetés,achetées,11,F,achetés,-9.168285,achetées,-12.541943,1
10156,P_NOUN_8_PASS_b,M,P,les chapeaux avec les pendules que j' aime beaucoup ne sont probablement pas brisés <eos>,13,brisés,brisées,11,F,brisés,-10.828185,brisées,-11.201476,1
10157,P_NOUN_8_PASS_b,M,P,les chapeaux avec les pendules que j' aime beaucoup ne sont probablement pas cachés <eos>,13,cachés,cachées,11,F,cachés,-7.9014173,cachées,-10.325256,1
10158,P_NOUN_8_PASS_b,M,P,les chapeaux avec les pendules que j' aime beaucoup ne sont probablement pas cassés <eos>,13,cassés,cassées,11,F,cassés,-9.824672,cassées,-10.292739,1
10159,P_NOUN_8_PASS_b,M,P,les chapeaux avec les pendules que j' aime beaucoup ne sont probablement pas couverts <eos>,13,couverts,couvertes,11,F,couverts,-7.585869,couvertes,-10.55844,1
10160,P_NOUN_8_PASS_b,M,P,les chapeaux avec les pendules que j' aime beaucoup ne sont probablement pas déformés <eos>,13,déformés,déformées,11,F,déformés,-11.316335,déformées,-10.506202,0
10161,P_NOUN_8_PASS_b,M,P,les chapeaux avec les pendules que j' aime beaucoup ne sont probablement pas fixés <eos>,13,fixés,fixées,11,F,fixés,-8.270025,fixées,-10.166216,1
10162,P_NOUN_8_PASS_b,M,P,les chapeaux avec les pendules que j' aime beaucoup ne sont probablement pas jetés <eos>,13,jetés,jetées,11,F,jetés,-8.506958,jetées,-11.128788,1
10163,P_NOUN_8_PASS_b,M,P,les chapeaux avec les pendules que j' aime beaucoup ne sont probablement pas laissés <eos>,13,laissés,laissées,11,F,laissés,-8.933649,laissées,-10.60839,1
10164,P_NOUN_8_PASS_b,M,P,les chapeaux avec les pendules que j' aime beaucoup ne sont probablement pas ouverts <eos>,13,ouverts,ouvertes,11,F,ouverts,-7.9917974,ouvertes,-10.565678,1
10165,P_NOUN_8_PASS_b,M,P,les chapeaux avec les pendules que j' aime beaucoup ne sont probablement pas perdus <eos>,13,perdus,perdues,11,F,perdus,-7.481357,perdues,-10.06654,1
10166,P_NOUN_8_PASS_b,M,P,les chapeaux avec les pendules que j' aime beaucoup ne sont probablement pas réparés <eos>,13,réparés,réparées,11,F,réparés,-11.382869,réparées,-11.385631,1
10167,P_NOUN_8_PASS_b,M,P,les chapeaux avec les pendules que j' aime beaucoup ne sont probablement pas retirés <eos>,13,retirés,retirées,11,F,retirés,-8.865587,retirées,-10.019564,1
10168,P_NOUN_8_PASS_b,M,P,les chapeaux avec les pendules que j' aime beaucoup ne sont probablement pas tombés <eos>,13,tombés,tombées,11,F,tombés,-7.5302258,tombées,-10.437853,1
10169,P_NOUN_8_PASS_b,M,P,les chapeaux avec les pendules que j' aime beaucoup ne sont probablement pas utilisés <eos>,13,utilisés,utilisées,11,F,utilisés,-5.113862,utilisées,-7.707835,1
10170,P_NOUN_8_PASS_b,M,P,les chapeaux avec les cloches que j' aime beaucoup ne sont probablement pas achetés <eos>,13,achetés,achetées,11,F,achetés,-9.545317,achetées,-13.0494585,1
10171,P_NOUN_8_PASS_b,M,P,les chapeaux avec les cloches que j' aime beaucoup ne sont probablement pas brisés <eos>,13,brisés,brisées,11,F,brisés,-10.611834,brisées,-11.633621,1
10172,P_NOUN_8_PASS_b,M,P,les chapeaux avec les cloches que j' aime beaucoup ne sont probablement pas cachés <eos>,13,cachés,cachées,11,F,cachés,-7.770834,cachées,-10.627097,1
10173,P_NOUN_8_PASS_b,M,P,les chapeaux avec les cloches que j' aime beaucoup ne sont probablement pas cassés <eos>,13,cassés,cassées,11,F,cassés,-9.896795,cassées,-11.3372555,1
10174,P_NOUN_8_PASS_b,M,P,les chapeaux avec les cloches que j' aime beaucoup ne sont probablement pas couverts <eos>,13,couverts,couvertes,11,F,couverts,-6.9299793,couvertes,-10.841997,1
10175,P_NOUN_8_PASS_b,M,P,les chapeaux avec les cloches que j' aime beaucoup ne sont probablement pas déformés <eos>,13,déformés,déformées,11,F,déformés,-11.738071,déformées,-11.963156,1
10176,P_NOUN_8_PASS_b,M,P,les chapeaux avec les cloches que j' aime beaucoup ne sont probablement pas fixés <eos>,13,fixés,fixées,11,F,fixés,-8.666684,fixées,-11.077634,1
10177,P_NOUN_8_PASS_b,M,P,les chapeaux avec les cloches que j' aime beaucoup ne sont probablement pas jetés <eos>,13,jetés,jetées,11,F,jetés,-8.389372,jetées,-11.351893,1
10178,P_NOUN_8_PASS_b,M,P,les chapeaux avec les cloches que j' aime beaucoup ne sont probablement pas laissés <eos>,13,laissés,laissées,11,F,laissés,-8.181873,laissées,-11.260202,1
10179,P_NOUN_8_PASS_b,M,P,les chapeaux avec les cloches que j' aime beaucoup ne sont probablement pas ouverts <eos>,13,ouverts,ouvertes,11,F,ouverts,-8.007383,ouvertes,-10.724435,1
10180,P_NOUN_8_PASS_b,M,P,les chapeaux avec les cloches que j' aime beaucoup ne sont probablement pas perdus <eos>,13,perdus,perdues,11,F,perdus,-6.8216867,perdues,-9.655654,1
10181,P_NOUN_8_PASS_b,M,P,les chapeaux avec les cloches que j' aime beaucoup ne sont probablement pas réparés <eos>,13,réparés,réparées,11,F,réparés,-10.188796,réparées,-11.459065,1
10182,P_NOUN_8_PASS_b,M,P,les chapeaux avec les cloches que j' aime beaucoup ne sont probablement pas retirés <eos>,13,retirés,retirées,11,F,retirés,-8.702799,retirées,-10.527023,1
10183,P_NOUN_8_PASS_b,M,P,les chapeaux avec les cloches que j' aime beaucoup ne sont probablement pas tombés <eos>,13,tombés,tombées,11,F,tombés,-6.0803404,tombées,-10.098107,1
10184,P_NOUN_8_PASS_b,M,P,les chapeaux avec les cloches que j' aime beaucoup ne sont probablement pas utilisés <eos>,13,utilisés,utilisées,11,F,utilisés,-5.6121254,utilisées,-8.643951,1
10185,P_NOUN_8_PASS_b,M,P,les chapeaux avec les cerises que j' aime beaucoup ne sont probablement pas achetés <eos>,13,achetés,achetées,11,F,achetés,-9.005988,achetées,-12.771402,1
10186,P_NOUN_8_PASS_b,M,P,les chapeaux avec les cerises que j' aime beaucoup ne sont probablement pas brisés <eos>,13,brisés,brisées,11,F,brisés,-11.052366,brisées,-11.952317,1
10187,P_NOUN_8_PASS_b,M,P,les chapeaux avec les cerises que j' aime beaucoup ne sont probablement pas cachés <eos>,13,cachés,cachées,11,F,cachés,-8.56841,cachées,-11.129967,1
10188,P_NOUN_8_PASS_b,M,P,les chapeaux avec les cerises que j' aime beaucoup ne sont probablement pas cassés <eos>,13,cassés,cassées,11,F,cassés,-10.062238,cassées,-10.982557,1
10189,P_NOUN_8_PASS_b,M,P,les chapeaux avec les cerises que j' aime beaucoup ne sont probablement pas couverts <eos>,13,couverts,couvertes,11,F,couverts,-7.0266266,couvertes,-10.92927,1
10190,P_NOUN_8_PASS_b,M,P,les chapeaux avec les cerises que j' aime beaucoup ne sont probablement pas déformés <eos>,13,déformés,déformées,11,F,déformés,-11.94028,déformées,-11.85957,0
10191,P_NOUN_8_PASS_b,M,P,les chapeaux avec les cerises que j' aime beaucoup ne sont probablement pas fixés <eos>,13,fixés,fixées,11,F,fixés,-8.464872,fixées,-11.312084,1
10192,P_NOUN_8_PASS_b,M,P,les chapeaux avec les cerises que j' aime beaucoup ne sont probablement pas jetés <eos>,13,jetés,jetées,11,F,jetés,-9.2134905,jetées,-11.576845,1
10193,P_NOUN_8_PASS_b,M,P,les chapeaux avec les cerises que j' aime beaucoup ne sont probablement pas laissés <eos>,13,laissés,laissées,11,F,laissés,-8.351659,laissées,-10.91401,1
10194,P_NOUN_8_PASS_b,M,P,les chapeaux avec les cerises que j' aime beaucoup ne sont probablement pas ouverts <eos>,13,ouverts,ouvertes,11,F,ouverts,-7.980944,ouvertes,-11.14938,1
10195,P_NOUN_8_PASS_b,M,P,les chapeaux avec les cerises que j' aime beaucoup ne sont probablement pas perdus <eos>,13,perdus,perdues,11,F,perdus,-7.63779,perdues,-10.46484,1
10196,P_NOUN_8_PASS_b,M,P,les chapeaux avec les cerises que j' aime beaucoup ne sont probablement pas réparés <eos>,13,réparés,réparées,11,F,réparés,-11.005034,réparées,-12.268323,1
10197,P_NOUN_8_PASS_b,M,P,les chapeaux avec les cerises que j' aime beaucoup ne sont probablement pas retirés <eos>,13,retirés,retirées,11,F,retirés,-9.190848,retirées,-11.27735,1
10198,P_NOUN_8_PASS_b,M,P,les chapeaux avec les cerises que j' aime beaucoup ne sont probablement pas tombés <eos>,13,tombés,tombées,11,F,tombés,-6.6795883,tombées,-10.533172,1
10199,P_NOUN_8_PASS_b,M,P,les chapeaux avec les cerises que j' aime beaucoup ne sont probablement pas utilisés <eos>,13,utilisés,utilisées,11,F,utilisés,-5.718937,utilisées,-8.493294,1
10200,P_NOUN_8_PASS_b,M,P,les pots avec les gemmes que j' aime beaucoup ne sont probablement pas achetés <eos>,13,achetés,achetées,11,F,achetés,-8.492189,achetées,-12.875113,1
10201,P_NOUN_8_PASS_b,M,P,les pots avec les gemmes que j' aime beaucoup ne sont probablement pas brisés <eos>,13,brisés,brisées,11,F,brisés,-10.285129,brisées,-11.378763,1
10202,P_NOUN_8_PASS_b,M,P,les pots avec les gemmes que j' aime beaucoup ne sont probablement pas cachés <eos>,13,cachés,cachées,11,F,cachés,-7.5599337,cachées,-10.864807,1
10203,P_NOUN_8_PASS_b,M,P,les pots avec les gemmes que j' aime beaucoup ne sont probablement pas cassés <eos>,13,cassés,cassées,11,F,cassés,-9.100077,cassées,-10.807289,1
10204,P_NOUN_8_PASS_b,M,P,les pots avec les gemmes que j' aime beaucoup ne sont probablement pas couverts <eos>,13,couverts,couvertes,11,F,couverts,-6.911931,couvertes,-10.73561,1
10205,P_NOUN_8_PASS_b,M,P,les pots avec les gemmes que j' aime beaucoup ne sont probablement pas déformés <eos>,13,déformés,déformées,11,F,déformés,-11.435038,déformées,-10.689687,0
10206,P_NOUN_8_PASS_b,M,P,les pots avec les gemmes que j' aime beaucoup ne sont probablement pas fixés <eos>,13,fixés,fixées,11,F,fixés,-8.184731,fixées,-11.055246,1
10207,P_NOUN_8_PASS_b,M,P,les pots avec les gemmes que j' aime beaucoup ne sont probablement pas jetés <eos>,13,jetés,jetées,11,F,jetés,-7.9204082,jetées,-11.27812,1
10208,P_NOUN_8_PASS_b,M,P,les pots avec les gemmes que j' aime beaucoup ne sont probablement pas laissés <eos>,13,laissés,laissées,11,F,laissés,-7.9039288,laissées,-10.64864,1
10209,P_NOUN_8_PASS_b,M,P,les pots avec les gemmes que j' aime beaucoup ne sont probablement pas ouverts <eos>,13,ouverts,ouvertes,11,F,ouverts,-8.019705,ouvertes,-11.457144,1
10210,P_NOUN_8_PASS_b,M,P,les pots avec les gemmes que j' aime beaucoup ne sont probablement pas perdus <eos>,13,perdus,perdues,11,F,perdus,-6.5740705,perdues,-9.892813,1
10211,P_NOUN_8_PASS_b,M,P,les pots avec les gemmes que j' aime beaucoup ne sont probablement pas réparés <eos>,13,réparés,réparées,11,F,réparés,-10.357577,réparées,-11.801288,1
10212,P_NOUN_8_PASS_b,M,P,les pots avec les gemmes que j' aime beaucoup ne sont probablement pas retirés <eos>,13,retirés,retirées,11,F,retirés,-8.4333935,retirées,-10.666513,1
10213,P_NOUN_8_PASS_b,M,P,les pots avec les gemmes que j' aime beaucoup ne sont probablement pas tombés <eos>,13,tombés,tombées,11,F,tombés,-6.7834973,tombées,-10.285385,1
10214,P_NOUN_8_PASS_b,M,P,les pots avec les gemmes que j' aime beaucoup ne sont probablement pas utilisés <eos>,13,utilisés,utilisées,11,F,utilisés,-4.573061,utilisées,-7.9245605,1
10215,P_NOUN_8_PASS_b,M,P,les pots avec les chaises que j' aime beaucoup ne sont probablement pas achetés <eos>,13,achetés,achetées,11,F,achetés,-8.944161,achetées,-12.861851,1
10216,P_NOUN_8_PASS_b,M,P,les pots avec les chaises que j' aime beaucoup ne sont probablement pas brisés <eos>,13,brisés,brisées,11,F,brisés,-9.955563,brisées,-10.940321,1
10217,P_NOUN_8_PASS_b,M,P,les pots avec les chaises que j' aime beaucoup ne sont probablement pas cachés <eos>,13,cachés,cachées,11,F,cachés,-8.344767,cachées,-10.413045,1
10218,P_NOUN_8_PASS_b,M,P,les pots avec les chaises que j' aime beaucoup ne sont probablement pas cassés <eos>,13,cassés,cassées,11,F,cassés,-9.32587,cassées,-9.959096,1
10219,P_NOUN_8_PASS_b,M,P,les pots avec les chaises que j' aime beaucoup ne sont probablement pas couverts <eos>,13,couverts,couvertes,11,F,couverts,-5.8419952,couvertes,-9.513122,1
10220,P_NOUN_8_PASS_b,M,P,les pots avec les chaises que j' aime beaucoup ne sont probablement pas déformés <eos>,13,déformés,déformées,11,F,déformés,-11.523701,déformées,-10.584914,0
10221,P_NOUN_8_PASS_b,M,P,les pots avec les chaises que j' aime beaucoup ne sont probablement pas fixés <eos>,13,fixés,fixées,11,F,fixés,-8.315505,fixées,-10.435938,1
10222,P_NOUN_8_PASS_b,M,P,les pots avec les chaises que j' aime beaucoup ne sont probablement pas jetés <eos>,13,jetés,jetées,11,F,jetés,-7.8437366,jetées,-11.34993,1
10223,P_NOUN_8_PASS_b,M,P,les pots avec les chaises que j' aime beaucoup ne sont probablement pas laissés <eos>,13,laissés,laissées,11,F,laissés,-8.0649185,laissées,-10.01041,1
10224,P_NOUN_8_PASS_b,M,P,les pots avec les chaises que j' aime beaucoup ne sont probablement pas ouverts <eos>,13,ouverts,ouvertes,11,F,ouverts,-6.806246,ouvertes,-9.863911,1
10225,P_NOUN_8_PASS_b,M,P,les pots avec les chaises que j' aime beaucoup ne sont probablement pas perdus <eos>,13,perdus,perdues,11,F,perdus,-7.014901,perdues,-10.108156,1
10226,P_NOUN_8_PASS_b,M,P,les pots avec les chaises que j' aime beaucoup ne sont probablement pas réparés <eos>,13,réparés,réparées,11,F,réparés,-10.5686245,réparées,-11.067816,1
10227,P_NOUN_8_PASS_b,M,P,les pots avec les chaises que j' aime beaucoup ne sont probablement pas retirés <eos>,13,retirés,retirées,11,F,retirés,-8.881742,retirées,-10.25452,1
10228,P_NOUN_8_PASS_b,M,P,les pots avec les chaises que j' aime beaucoup ne sont probablement pas tombés <eos>,13,tombés,tombées,11,F,tombés,-7.246773,tombées,-10.298395,1
10229,P_NOUN_8_PASS_b,M,P,les pots avec les chaises que j' aime beaucoup ne sont probablement pas utilisés <eos>,13,utilisés,utilisées,11,F,utilisés,-5.1434307,utilisées,-8.087952,1
10230,P_NOUN_8_PASS_b,M,P,les pots avec les poubelles que j' aime beaucoup ne sont probablement pas achetés <eos>,13,achetés,achetées,11,F,achetés,-8.500433,achetées,-12.655889,1
10231,P_NOUN_8_PASS_b,M,P,les pots avec les poubelles que j' aime beaucoup ne sont probablement pas brisés <eos>,13,brisés,brisées,11,F,brisés,-10.22818,brisées,-11.412506,1
10232,P_NOUN_8_PASS_b,M,P,les pots avec les poubelles que j' aime beaucoup ne sont probablement pas cachés <eos>,13,cachés,cachées,11,F,cachés,-7.84842,cachées,-10.674192,1
10233,P_NOUN_8_PASS_b,M,P,les pots avec les poubelles que j' aime beaucoup ne sont probablement pas cassés <eos>,13,cassés,cassées,11,F,cassés,-9.076989,cassées,-10.302421,1
10234,P_NOUN_8_PASS_b,M,P,les pots avec les poubelles que j' aime beaucoup ne sont probablement pas couverts <eos>,13,couverts,couvertes,11,F,couverts,-6.215493,couvertes,-9.567234,1
10235,P_NOUN_8_PASS_b,M,P,les pots avec les poubelles que j' aime beaucoup ne sont probablement pas déformés <eos>,13,déformés,déformées,11,F,déformés,-11.709682,déformées,-10.502157,0
10236,P_NOUN_8_PASS_b,M,P,les pots avec les poubelles que j' aime beaucoup ne sont probablement pas fixés <eos>,13,fixés,fixées,11,F,fixés,-8.182614,fixées,-10.691615,1
10237,P_NOUN_8_PASS_b,M,P,les pots avec les poubelles que j' aime beaucoup ne sont probablement pas jetés <eos>,13,jetés,jetées,11,F,jetés,-7.6075964,jetées,-10.945602,1
10238,P_NOUN_8_PASS_b,M,P,les pots avec les poubelles que j' aime beaucoup ne sont probablement pas laissés <eos>,13,laissés,laissées,11,F,laissés,-7.833128,laissées,-10.062077,1
10239,P_NOUN_8_PASS_b,M,P,les pots avec les poubelles que j' aime beaucoup ne sont probablement pas ouverts <eos>,13,ouverts,ouvertes,11,F,ouverts,-6.7192087,ouvertes,-9.929882,1
10240,P_NOUN_8_PASS_b,M,P,les pots avec les poubelles que j' aime beaucoup ne sont probablement pas perdus <eos>,13,perdus,perdues,11,F,perdus,-6.7724066,perdues,-10.09599,1
10241,P_NOUN_8_PASS_b,M,P,les pots avec les poubelles que j' aime beaucoup ne sont probablement pas réparés <eos>,13,réparés,réparées,11,F,réparés,-10.30371,réparées,-10.861766,1
10242,P_NOUN_8_PASS_b,M,P,les pots avec les poubelles que j' aime beaucoup ne sont probablement pas retirés <eos>,13,retirés,retirées,11,F,retirés,-8.312746,retirées,-10.483064,1
10243,P_NOUN_8_PASS_b,M,P,les pots avec les poubelles que j' aime beaucoup ne sont probablement pas tombés <eos>,13,tombés,tombées,11,F,tombés,-7.138978,tombées,-10.710626,1
10244,P_NOUN_8_PASS_b,M,P,les pots avec les poubelles que j' aime beaucoup ne sont probablement pas utilisés <eos>,13,utilisés,utilisées,11,F,utilisés,-4.7063823,utilisées,-7.727653,1
10245,P_NOUN_8_PASS_b,M,P,les pots avec les chemises que j' aime beaucoup ne sont probablement pas achetés <eos>,13,achetés,achetées,11,F,achetés,-8.716455,achetées,-12.462326,1
10246,P_NOUN_8_PASS_b,M,P,les pots avec les chemises que j' aime beaucoup ne sont probablement pas brisés <eos>,13,brisés,brisées,11,F,brisés,-10.356491,brisées,-11.118546,1
10247,P_NOUN_8_PASS_b,M,P,les pots avec les chemises que j' aime beaucoup ne sont probablement pas cachés <eos>,13,cachés,cachées,11,F,cachés,-8.037185,cachées,-10.419007,1
10248,P_NOUN_8_PASS_b,M,P,les pots avec les chemises que j' aime beaucoup ne sont probablement pas cassés <eos>,13,cassés,cassées,11,F,cassés,-9.390142,cassées,-9.44315,1
10249,P_NOUN_8_PASS_b,M,P,les pots avec les chemises que j' aime beaucoup ne sont probablement pas couverts <eos>,13,couverts,couvertes,11,F,couverts,-6.7647786,couvertes,-9.890146,1
10250,P_NOUN_8_PASS_b,M,P,les pots avec les chemises que j' aime beaucoup ne sont probablement pas déformés <eos>,13,déformés,déformées,11,F,déformés,-11.735997,déformées,-10.251999,0
10251,P_NOUN_8_PASS_b,M,P,les pots avec les chemises que j' aime beaucoup ne sont probablement pas fixés <eos>,13,fixés,fixées,11,F,fixés,-8.385612,fixées,-10.239784,1
10252,P_NOUN_8_PASS_b,M,P,les pots avec les chemises que j' aime beaucoup ne sont probablement pas jetés <eos>,13,jetés,jetées,11,F,jetés,-7.883486,jetées,-10.357964,1
10253,P_NOUN_8_PASS_b,M,P,les pots avec les chemises que j' aime beaucoup ne sont probablement pas laissés <eos>,13,laissés,laissées,11,F,laissés,-8.134508,laissées,-10.299428,1
10254,P_NOUN_8_PASS_b,M,P,les pots avec les chemises que j' aime beaucoup ne sont probablement pas ouverts <eos>,13,ouverts,ouvertes,11,F,ouverts,-7.7990246,ouvertes,-10.712102,1
10255,P_NOUN_8_PASS_b,M,P,les pots avec les chemises que j' aime beaucoup ne sont probablement pas perdus <eos>,13,perdus,perdues,11,F,perdus,-7.1811786,perdues,-9.790057,1
10256,P_NOUN_8_PASS_b,M,P,les pots avec les chemises que j' aime beaucoup ne sont probablement pas réparés <eos>,13,réparés,réparées,11,F,réparés,-10.806414,réparées,-11.41798,1
10257,P_NOUN_8_PASS_b,M,P,les pots avec les chemises que j' aime beaucoup ne sont probablement pas retirés <eos>,13,retirés,retirées,11,F,retirés,-8.468479,retirées,-10.088363,1
10258,P_NOUN_8_PASS_b,M,P,les pots avec les chemises que j' aime beaucoup ne sont probablement pas tombés <eos>,13,tombés,tombées,11,F,tombés,-6.406702,tombées,-9.845669,1
10259,P_NOUN_8_PASS_b,M,P,les pots avec les chemises que j' aime beaucoup ne sont probablement pas utilisés <eos>,13,utilisés,utilisées,11,F,utilisés,-4.527424,utilisées,-7.2992992,1
10260,P_NOUN_8_PASS_b,M,P,les pots avec les recettes que j' aime beaucoup ne sont probablement pas achetés <eos>,13,achetés,achetées,11,F,achetés,-8.141361,achetées,-12.295279,1
10261,P_NOUN_8_PASS_b,M,P,les pots avec les recettes que j' aime beaucoup ne sont probablement pas brisés <eos>,13,brisés,brisées,11,F,brisés,-10.624262,brisées,-11.756408,1
10262,P_NOUN_8_PASS_b,M,P,les pots avec les recettes que j' aime beaucoup ne sont probablement pas cachés <eos>,13,cachés,cachées,11,F,cachés,-8.153356,cachées,-11.764781,1
10263,P_NOUN_8_PASS_b,M,P,les pots avec les recettes que j' aime beaucoup ne sont probablement pas cassés <eos>,13,cassés,cassées,11,F,cassés,-9.2602215,cassées,-11.004129,1
10264,P_NOUN_8_PASS_b,M,P,les pots avec les recettes que j' aime beaucoup ne sont probablement pas couverts <eos>,13,couverts,couvertes,11,F,couverts,-6.5047903,couvertes,-10.412647,1
10265,P_NOUN_8_PASS_b,M,P,les pots avec les recettes que j' aime beaucoup ne sont probablement pas déformés <eos>,13,déformés,déformées,11,F,déformés,-12.301279,déformées,-11.356649,0
10266,P_NOUN_8_PASS_b,M,P,les pots avec les recettes que j' aime beaucoup ne sont probablement pas fixés <eos>,13,fixés,fixées,11,F,fixés,-7.5132723,fixées,-10.941205,1
10267,P_NOUN_8_PASS_b,M,P,les pots avec les recettes que j' aime beaucoup ne sont probablement pas jetés <eos>,13,jetés,jetées,11,F,jetés,-8.236247,jetées,-11.773125,1
10268,P_NOUN_8_PASS_b,M,P,les pots avec les recettes que j' aime beaucoup ne sont probablement pas laissés <eos>,13,laissés,laissées,11,F,laissés,-8.511127,laissées,-10.357992,1
10269,P_NOUN_8_PASS_b,M,P,les pots avec les recettes que j' aime beaucoup ne sont probablement pas ouverts <eos>,13,ouverts,ouvertes,11,F,ouverts,-7.7754025,ouvertes,-11.365234,1
10270,P_NOUN_8_PASS_b,M,P,les pots avec les recettes que j' aime beaucoup ne sont probablement pas perdus <eos>,13,perdus,perdues,11,F,perdus,-6.7732363,perdues,-10.213393,1
10271,P_NOUN_8_PASS_b,M,P,les pots avec les recettes que j' aime beaucoup ne sont probablement pas réparés <eos>,13,réparés,réparées,11,F,réparés,-10.418286,réparées,-11.679248,1
10272,P_NOUN_8_PASS_b,M,P,les pots avec les recettes que j' aime beaucoup ne sont probablement pas retirés <eos>,13,retirés,retirées,11,F,retirés,-8.269667,retirées,-10.477814,1
10273,P_NOUN_8_PASS_b,M,P,les pots avec les recettes que j' aime beaucoup ne sont probablement pas tombés <eos>,13,tombés,tombées,11,F,tombés,-7.084865,tombées,-10.732649,1
10274,P_NOUN_8_PASS_b,M,P,les pots avec les recettes que j' aime beaucoup ne sont probablement pas utilisés <eos>,13,utilisés,utilisées,11,F,utilisés,-4.587053,utilisées,-7.8938746,1
10275,P_NOUN_8_PASS_b,M,P,les pots avec les jupes que j' aime beaucoup ne sont probablement pas achetés <eos>,13,achetés,achetées,11,F,achetés,-8.853286,achetées,-12.714108,1
10276,P_NOUN_8_PASS_b,M,P,les pots avec les jupes que j' aime beaucoup ne sont probablement pas brisés <eos>,13,brisés,brisées,11,F,brisés,-10.252646,brisées,-11.451464,1
10277,P_NOUN_8_PASS_b,M,P,les pots avec les jupes que j' aime beaucoup ne sont probablement pas cachés <eos>,13,cachés,cachées,11,F,cachés,-8.263277,cachées,-11.092758,1
10278,P_NOUN_8_PASS_b,M,P,les pots avec les jupes que j' aime beaucoup ne sont probablement pas cassés <eos>,13,cassés,cassées,11,F,cassés,-8.993612,cassées,-9.561714,1
10279,P_NOUN_8_PASS_b,M,P,les pots avec les jupes que j' aime beaucoup ne sont probablement pas couverts <eos>,13,couverts,couvertes,11,F,couverts,-6.7481003,couvertes,-9.887419,1
10280,P_NOUN_8_PASS_b,M,P,les pots avec les jupes que j' aime beaucoup ne sont probablement pas déformés <eos>,13,déformés,déformées,11,F,déformés,-11.721074,déformées,-10.430142,0
10281,P_NOUN_8_PASS_b,M,P,les pots avec les jupes que j' aime beaucoup ne sont probablement pas fixés <eos>,13,fixés,fixées,11,F,fixés,-7.895456,fixées,-10.368555,1
10282,P_NOUN_8_PASS_b,M,P,les pots avec les jupes que j' aime beaucoup ne sont probablement pas jetés <eos>,13,jetés,jetées,11,F,jetés,-8.491808,jetées,-11.34179,1
10283,P_NOUN_8_PASS_b,M,P,les pots avec les jupes que j' aime beaucoup ne sont probablement pas laissés <eos>,13,laissés,laissées,11,F,laissés,-8.74724,laissées,-10.643658,1
10284,P_NOUN_8_PASS_b,M,P,les pots avec les jupes que j' aime beaucoup ne sont probablement pas ouverts <eos>,13,ouverts,ouvertes,11,F,ouverts,-7.2774463,ouvertes,-10.643461,1
10285,P_NOUN_8_PASS_b,M,P,les pots avec les jupes que j' aime beaucoup ne sont probablement pas perdus <eos>,13,perdus,perdues,11,F,perdus,-7.3855724,perdues,-10.739901,1
10286,P_NOUN_8_PASS_b,M,P,les pots avec les jupes que j' aime beaucoup ne sont probablement pas réparés <eos>,13,réparés,réparées,11,F,réparés,-10.870345,réparées,-11.516553,1
10287,P_NOUN_8_PASS_b,M,P,les pots avec les jupes que j' aime beaucoup ne sont probablement pas retirés <eos>,13,retirés,retirées,11,F,retirés,-8.669743,retirées,-10.386192,1
10288,P_NOUN_8_PASS_b,M,P,les pots avec les jupes que j' aime beaucoup ne sont probablement pas tombés <eos>,13,tombés,tombées,11,F,tombés,-7.116371,tombées,-10.528928,1
10289,P_NOUN_8_PASS_b,M,P,les pots avec les jupes que j' aime beaucoup ne sont probablement pas utilisés <eos>,13,utilisés,utilisées,11,F,utilisés,-4.522478,utilisées,-7.644226,1
10290,P_NOUN_8_PASS_b,M,P,les pots avec les colles que j' aime beaucoup ne sont probablement pas achetés <eos>,13,achetés,achetées,11,F,achetés,-8.989974,achetées,-12.9282055,1
10291,P_NOUN_8_PASS_b,M,P,les pots avec les colles que j' aime beaucoup ne sont probablement pas brisés <eos>,13,brisés,brisées,11,F,brisés,-10.59383,brisées,-11.532385,1
10292,P_NOUN_8_PASS_b,M,P,les pots avec les colles que j' aime beaucoup ne sont probablement pas cachés <eos>,13,cachés,cachées,11,F,cachés,-8.467381,cachées,-11.184515,1
10293,P_NOUN_8_PASS_b,M,P,les pots avec les colles que j' aime beaucoup ne sont probablement pas cassés <eos>,13,cassés,cassées,11,F,cassés,-8.990854,cassées,-10.158218,1
10294,P_NOUN_8_PASS_b,M,P,les pots avec les colles que j' aime beaucoup ne sont probablement pas couverts <eos>,13,couverts,couvertes,11,F,couverts,-6.8594046,couvertes,-9.866956,1
10295,P_NOUN_8_PASS_b,M,P,les pots avec les colles que j' aime beaucoup ne sont probablement pas déformés <eos>,13,déformés,déformées,11,F,déformés,-12.000422,déformées,-10.076948,0
10296,P_NOUN_8_PASS_b,M,P,les pots avec les colles que j' aime beaucoup ne sont probablement pas fixés <eos>,13,fixés,fixées,11,F,fixés,-8.376793,fixées,-10.713391,1
10297,P_NOUN_8_PASS_b,M,P,les pots avec les colles que j' aime beaucoup ne sont probablement pas jetés <eos>,13,jetés,jetées,11,F,jetés,-8.637169,jetées,-11.45162,1
10298,P_NOUN_8_PASS_b,M,P,les pots avec les colles que j' aime beaucoup ne sont probablement pas laissés <eos>,13,laissés,laissées,11,F,laissés,-8.608732,laissées,-9.964403,1
10299,P_NOUN_8_PASS_b,M,P,les pots avec les colles que j' aime beaucoup ne sont probablement pas ouverts <eos>,13,ouverts,ouvertes,11,F,ouverts,-7.5512986,ouvertes,-10.439976,1
10300,P_NOUN_8_PASS_b,M,P,les pots avec les colles que j' aime beaucoup ne sont probablement pas perdus <eos>,13,perdus,perdues,11,F,perdus,-7.3196664,perdues,-10.184067,1
10301,P_NOUN_8_PASS_b,M,P,les pots avec les colles que j' aime beaucoup ne sont probablement pas réparés <eos>,13,réparés,réparées,11,F,réparés,-10.476624,réparées,-10.987107,1
10302,P_NOUN_8_PASS_b,M,P,les pots avec les colles que j' aime beaucoup ne sont probablement pas retirés <eos>,13,retirés,retirées,11,F,retirés,-8.486391,retirées,-10.320031,1
10303,P_NOUN_8_PASS_b,M,P,les pots avec les colles que j' aime beaucoup ne sont probablement pas tombés <eos>,13,tombés,tombées,11,F,tombés,-7.722697,tombées,-10.607261,1
10304,P_NOUN_8_PASS_b,M,P,les pots avec les colles que j' aime beaucoup ne sont probablement pas utilisés <eos>,13,utilisés,utilisées,11,F,utilisés,-4.3820047,utilisées,-7.076583,1
10305,P_NOUN_8_PASS_b,M,P,les pots avec les lampes que j' aime beaucoup ne sont probablement pas achetés <eos>,13,achetés,achetées,11,F,achetés,-8.45943,achetées,-12.921007,1
10306,P_NOUN_8_PASS_b,M,P,les pots avec les lampes que j' aime beaucoup ne sont probablement pas brisés <eos>,13,brisés,brisées,11,F,brisés,-9.870899,brisées,-11.213741,1
10307,P_NOUN_8_PASS_b,M,P,les pots avec les lampes que j' aime beaucoup ne sont probablement pas cachés <eos>,13,cachés,cachées,11,F,cachés,-7.7717905,cachées,-11.03456,1
10308,P_NOUN_8_PASS_b,M,P,les pots avec les lampes que j' aime beaucoup ne sont probablement pas cassés <eos>,13,cassés,cassées,11,F,cassés,-9.112995,cassées,-10.021219,1
10309,P_NOUN_8_PASS_b,M,P,les pots avec les lampes que j' aime beaucoup ne sont probablement pas couverts <eos>,13,couverts,couvertes,11,F,couverts,-6.756011,couvertes,-10.291841,1
10310,P_NOUN_8_PASS_b,M,P,les pots avec les lampes que j' aime beaucoup ne sont probablement pas déformés <eos>,13,déformés,déformées,11,F,déformés,-11.222234,déformées,-9.806907,0
10311,P_NOUN_8_PASS_b,M,P,les pots avec les lampes que j' aime beaucoup ne sont probablement pas fixés <eos>,13,fixés,fixées,11,F,fixés,-7.817033,fixées,-10.305734,1
10312,P_NOUN_8_PASS_b,M,P,les pots avec les lampes que j' aime beaucoup ne sont probablement pas jetés <eos>,13,jetés,jetées,11,F,jetés,-7.6457872,jetées,-10.973657,1
10313,P_NOUN_8_PASS_b,M,P,les pots avec les lampes que j' aime beaucoup ne sont probablement pas laissés <eos>,13,laissés,laissées,11,F,laissés,-8.228355,laissées,-10.518196,1
10314,P_NOUN_8_PASS_b,M,P,les pots avec les lampes que j' aime beaucoup ne sont probablement pas ouverts <eos>,13,ouverts,ouvertes,11,F,ouverts,-7.6501627,ouvertes,-10.861094,1
10315,P_NOUN_8_PASS_b,M,P,les pots avec les lampes que j' aime beaucoup ne sont probablement pas perdus <eos>,13,perdus,perdues,11,F,perdus,-6.7869263,perdues,-10.0917015,1
10316,P_NOUN_8_PASS_b,M,P,les pots avec les lampes que j' aime beaucoup ne sont probablement pas réparés <eos>,13,réparés,réparées,11,F,réparés,-10.628535,réparées,-11.206069,1
10317,P_NOUN_8_PASS_b,M,P,les pots avec les lampes que j' aime beaucoup ne sont probablement pas retirés <eos>,13,retirés,retirées,11,F,retirés,-8.119282,retirées,-9.90736,1
10318,P_NOUN_8_PASS_b,M,P,les pots avec les lampes que j' aime beaucoup ne sont probablement pas tombés <eos>,13,tombés,tombées,11,F,tombés,-7.1433907,tombées,-10.380929,1
10319,P_NOUN_8_PASS_b,M,P,les pots avec les lampes que j' aime beaucoup ne sont probablement pas utilisés <eos>,13,utilisés,utilisées,11,F,utilisés,-3.923992,utilisées,-7.306942,1
10320,P_NOUN_8_PASS_b,M,P,les pots avec les bouteilles que j' aime beaucoup ne sont probablement pas achetés <eos>,13,achetés,achetées,11,F,achetés,-8.284239,achetées,-11.977312,1
10321,P_NOUN_8_PASS_b,M,P,les pots avec les bouteilles que j' aime beaucoup ne sont probablement pas brisés <eos>,13,brisés,brisées,11,F,brisés,-10.299086,brisées,-11.371916,1
10322,P_NOUN_8_PASS_b,M,P,les pots avec les bouteilles que j' aime beaucoup ne sont probablement pas cachés <eos>,13,cachés,cachées,11,F,cachés,-7.915612,cachées,-11.193493,1
10323,P_NOUN_8_PASS_b,M,P,les pots avec les bouteilles que j' aime beaucoup ne sont probablement pas cassés <eos>,13,cassés,cassées,11,F,cassés,-8.92282,cassées,-10.014984,1
10324,P_NOUN_8_PASS_b,M,P,les pots avec les bouteilles que j' aime beaucoup ne sont probablement pas couverts <eos>,13,couverts,couvertes,11,F,couverts,-6.7352386,couvertes,-10.299355,1
10325,P_NOUN_8_PASS_b,M,P,les pots avec les bouteilles que j' aime beaucoup ne sont probablement pas déformés <eos>,13,déformés,déformées,11,F,déformés,-11.677907,déformées,-10.4073715,0
10326,P_NOUN_8_PASS_b,M,P,les pots avec les bouteilles que j' aime beaucoup ne sont probablement pas fixés <eos>,13,fixés,fixées,11,F,fixés,-7.94145,fixées,-10.814716,1
10327,P_NOUN_8_PASS_b,M,P,les pots avec les bouteilles que j' aime beaucoup ne sont probablement pas jetés <eos>,13,jetés,jetées,11,F,jetés,-8.09792,jetées,-11.652451,1
10328,P_NOUN_8_PASS_b,M,P,les pots avec les bouteilles que j' aime beaucoup ne sont probablement pas laissés <eos>,13,laissés,laissées,11,F,laissés,-8.382831,laissées,-10.060637,1
10329,P_NOUN_8_PASS_b,M,P,les pots avec les bouteilles que j' aime beaucoup ne sont probablement pas ouverts <eos>,13,ouverts,ouvertes,11,F,ouverts,-7.4663415,ouvertes,-10.719157,1
10330,P_NOUN_8_PASS_b,M,P,les pots avec les bouteilles que j' aime beaucoup ne sont probablement pas perdus <eos>,13,perdus,perdues,11,F,perdus,-6.6755075,perdues,-10.193973,1
10331,P_NOUN_8_PASS_b,M,P,les pots avec les bouteilles que j' aime beaucoup ne sont probablement pas réparés <eos>,13,réparés,réparées,11,F,réparés,-10.747761,réparées,-11.299813,1
10332,P_NOUN_8_PASS_b,M,P,les pots avec les bouteilles que j' aime beaucoup ne sont probablement pas retirés <eos>,13,retirés,retirées,11,F,retirés,-8.329037,retirées,-10.267147,1
10333,P_NOUN_8_PASS_b,M,P,les pots avec les bouteilles que j' aime beaucoup ne sont probablement pas tombés <eos>,13,tombés,tombées,11,F,tombés,-7.288926,tombées,-10.58854,1
10334,P_NOUN_8_PASS_b,M,P,les pots avec les bouteilles que j' aime beaucoup ne sont probablement pas utilisés <eos>,13,utilisés,utilisées,11,F,utilisés,-4.634646,utilisées,-7.71981,1
10335,P_NOUN_8_PASS_b,M,P,les pots avec les boissons que j' aime beaucoup ne sont probablement pas achetés <eos>,13,achetés,achetées,11,F,achetés,-8.32565,achetées,-11.474926,1
10336,P_NOUN_8_PASS_b,M,P,les pots avec les boissons que j' aime beaucoup ne sont probablement pas brisés <eos>,13,brisés,brisées,11,F,brisés,-11.147755,brisées,-10.894506,0
10337,P_NOUN_8_PASS_b,M,P,les pots avec les boissons que j' aime beaucoup ne sont probablement pas cachés <eos>,13,cachés,cachées,11,F,cachés,-8.203779,cachées,-10.464243,1
10338,P_NOUN_8_PASS_b,M,P,les pots avec les boissons que j' aime beaucoup ne sont probablement pas cassés <eos>,13,cassés,cassées,11,F,cassés,-9.338821,cassées,-9.88757,1
10339,P_NOUN_8_PASS_b,M,P,les pots avec les boissons que j' aime beaucoup ne sont probablement pas couverts <eos>,13,couverts,couvertes,11,F,couverts,-6.6237893,couvertes,-9.103344,1
10340,P_NOUN_8_PASS_b,M,P,les pots avec les boissons que j' aime beaucoup ne sont probablement pas déformés <eos>,13,déformés,déformées,11,F,déformés,-12.524479,déformées,-10.106739,0
10341,P_NOUN_8_PASS_b,M,P,les pots avec les boissons que j' aime beaucoup ne sont probablement pas fixés <eos>,13,fixés,fixées,11,F,fixés,-8.317106,fixées,-10.236985,1
10342,P_NOUN_8_PASS_b,M,P,les pots avec les boissons que j' aime beaucoup ne sont probablement pas jetés <eos>,13,jetés,jetées,11,F,jetés,-8.559628,jetées,-10.264864,1
10343,P_NOUN_8_PASS_b,M,P,les pots avec les boissons que j' aime beaucoup ne sont probablement pas laissés <eos>,13,laissés,laissées,11,F,laissés,-8.320731,laissées,-8.9078665,1
10344,P_NOUN_8_PASS_b,M,P,les pots avec les boissons que j' aime beaucoup ne sont probablement pas ouverts <eos>,13,ouverts,ouvertes,11,F,ouverts,-7.9579406,ouvertes,-9.793794,1
10345,P_NOUN_8_PASS_b,M,P,les pots avec les boissons que j' aime beaucoup ne sont probablement pas perdus <eos>,13,perdus,perdues,11,F,perdus,-7.2752976,perdues,-9.236554,1
10346,P_NOUN_8_PASS_b,M,P,les pots avec les boissons que j' aime beaucoup ne sont probablement pas réparés <eos>,13,réparés,réparées,11,F,réparés,-10.599615,réparées,-10.841517,1
10347,P_NOUN_8_PASS_b,M,P,les pots avec les boissons que j' aime beaucoup ne sont probablement pas retirés <eos>,13,retirés,retirées,11,F,retirés,-8.515848,retirées,-9.563665,1
10348,P_NOUN_8_PASS_b,M,P,les pots avec les boissons que j' aime beaucoup ne sont probablement pas tombés <eos>,13,tombés,tombées,11,F,tombés,-7.2572517,tombées,-9.855749,1
10349,P_NOUN_8_PASS_b,M,P,les pots avec les boissons que j' aime beaucoup ne sont probablement pas utilisés <eos>,13,utilisés,utilisées,11,F,utilisés,-4.28431,utilisées,-6.286857,1
10350,P_NOUN_8_PASS_b,M,P,les pots avec les pommes que j' aime beaucoup ne sont probablement pas achetés <eos>,13,achetés,achetées,11,F,achetés,-8.2829075,achetées,-10.889793,1
10351,P_NOUN_8_PASS_b,M,P,les pots avec les pommes que j' aime beaucoup ne sont probablement pas brisés <eos>,13,brisés,brisées,11,F,brisés,-10.709566,brisées,-10.554219,0
10352,P_NOUN_8_PASS_b,M,P,les pots avec les pommes que j' aime beaucoup ne sont probablement pas cachés <eos>,13,cachés,cachées,11,F,cachés,-8.152493,cachées,-9.980497,1
10353,P_NOUN_8_PASS_b,M,P,les pots avec les pommes que j' aime beaucoup ne sont probablement pas cassés <eos>,13,cassés,cassées,11,F,cassés,-8.895094,cassées,-9.548144,1
10354,P_NOUN_8_PASS_b,M,P,les pots avec les pommes que j' aime beaucoup ne sont probablement pas couverts <eos>,13,couverts,couvertes,11,F,couverts,-6.557415,couvertes,-8.780413,1
10355,P_NOUN_8_PASS_b,M,P,les pots avec les pommes que j' aime beaucoup ne sont probablement pas déformés <eos>,13,déformés,déformées,11,F,déformés,-12.553934,déformées,-9.931435,0
10356,P_NOUN_8_PASS_b,M,P,les pots avec les pommes que j' aime beaucoup ne sont probablement pas fixés <eos>,13,fixés,fixées,11,F,fixés,-8.262022,fixées,-9.971723,1
10357,P_NOUN_8_PASS_b,M,P,les pots avec les pommes que j' aime beaucoup ne sont probablement pas jetés <eos>,13,jetés,jetées,11,F,jetés,-8.577076,jetées,-9.709693,1
10358,P_NOUN_8_PASS_b,M,P,les pots avec les pommes que j' aime beaucoup ne sont probablement pas laissés <eos>,13,laissés,laissées,11,F,laissés,-7.925969,laissées,-8.903248,1
10359,P_NOUN_8_PASS_b,M,P,les pots avec les pommes que j' aime beaucoup ne sont probablement pas ouverts <eos>,13,ouverts,ouvertes,11,F,ouverts,-7.838751,ouvertes,-9.602728,1
10360,P_NOUN_8_PASS_b,M,P,les pots avec les pommes que j' aime beaucoup ne sont probablement pas perdus <eos>,13,perdus,perdues,11,F,perdus,-7.257967,perdues,-8.842672,1
10361,P_NOUN_8_PASS_b,M,P,les pots avec les pommes que j' aime beaucoup ne sont probablement pas réparés <eos>,13,réparés,réparées,11,F,réparés,-10.701949,réparées,-10.888307,1
10362,P_NOUN_8_PASS_b,M,P,les pots avec les pommes que j' aime beaucoup ne sont probablement pas retirés <eos>,13,retirés,retirées,11,F,retirés,-8.373373,retirées,-9.355402,1
10363,P_NOUN_8_PASS_b,M,P,les pots avec les pommes que j' aime beaucoup ne sont probablement pas tombés <eos>,13,tombés,tombées,11,F,tombés,-6.787669,tombées,-9.032206,1
10364,P_NOUN_8_PASS_b,M,P,les pots avec les pommes que j' aime beaucoup ne sont probablement pas utilisés <eos>,13,utilisés,utilisées,11,F,utilisés,-4.5966806,utilisées,-6.2424936,1
10365,P_NOUN_8_PASS_b,M,P,les pots avec les tasses que j' aime beaucoup ne sont probablement pas achetés <eos>,13,achetés,achetées,11,F,achetés,-8.585124,achetées,-11.884519,1
10366,P_NOUN_8_PASS_b,M,P,les pots avec les tasses que j' aime beaucoup ne sont probablement pas brisés <eos>,13,brisés,brisées,11,F,brisés,-10.089505,brisées,-10.952398,1
10367,P_NOUN_8_PASS_b,M,P,les pots avec les tasses que j' aime beaucoup ne sont probablement pas cachés <eos>,13,cachés,cachées,11,F,cachés,-8.426416,cachées,-10.92039,1
10368,P_NOUN_8_PASS_b,M,P,les pots avec les tasses que j' aime beaucoup ne sont probablement pas cassés <eos>,13,cassés,cassées,11,F,cassés,-8.928129,cassées,-10.00864,1
10369,P_NOUN_8_PASS_b,M,P,les pots avec les tasses que j' aime beaucoup ne sont probablement pas couverts <eos>,13,couverts,couvertes,11,F,couverts,-6.1346035,couvertes,-9.538649,1
10370,P_NOUN_8_PASS_b,M,P,les pots avec les tasses que j' aime beaucoup ne sont probablement pas déformés <eos>,13,déformés,déformées,11,F,déformés,-11.92883,déformées,-10.213954,0
10371,P_NOUN_8_PASS_b,M,P,les pots avec les tasses que j' aime beaucoup ne sont probablement pas fixés <eos>,13,fixés,fixées,11,F,fixés,-8.079067,fixées,-10.245129,1
10372,P_NOUN_8_PASS_b,M,P,les pots avec les tasses que j' aime beaucoup ne sont probablement pas jetés <eos>,13,jetés,jetées,11,F,jetés,-8.24276,jetées,-11.217077,1
10373,P_NOUN_8_PASS_b,M,P,les pots avec les tasses que j' aime beaucoup ne sont probablement pas laissés <eos>,13,laissés,laissées,11,F,laissés,-8.150458,laissées,-9.476544,1
10374,P_NOUN_8_PASS_b,M,P,les pots avec les tasses que j' aime beaucoup ne sont probablement pas ouverts <eos>,13,ouverts,ouvertes,11,F,ouverts,-7.150692,ouvertes,-10.1025715,1
10375,P_NOUN_8_PASS_b,M,P,les pots avec les tasses que j' aime beaucoup ne sont probablement pas perdus <eos>,13,perdus,perdues,11,F,perdus,-6.6154613,perdues,-9.520411,1
10376,P_NOUN_8_PASS_b,M,P,les pots avec les tasses que j' aime beaucoup ne sont probablement pas réparés <eos>,13,réparés,réparées,11,F,réparés,-10.601828,réparées,-10.892624,1
10377,P_NOUN_8_PASS_b,M,P,les pots avec les tasses que j' aime beaucoup ne sont probablement pas retirés <eos>,13,retirés,retirées,11,F,retirés,-8.170711,retirées,-9.888621,1
10378,P_NOUN_8_PASS_b,M,P,les pots avec les tasses que j' aime beaucoup ne sont probablement pas tombés <eos>,13,tombés,tombées,11,F,tombés,-7.118556,tombées,-10.127873,1
10379,P_NOUN_8_PASS_b,M,P,les pots avec les tasses que j' aime beaucoup ne sont probablement pas utilisés <eos>,13,utilisés,utilisées,11,F,utilisés,-4.585765,utilisées,-7.224991,1
10380,P_NOUN_8_PASS_b,M,P,les pots avec les bougies que j' aime beaucoup ne sont probablement pas achetés <eos>,13,achetés,achetées,11,F,achetés,-8.967772,achetées,-12.407806,1
10381,P_NOUN_8_PASS_b,M,P,les pots avec les bougies que j' aime beaucoup ne sont probablement pas brisés <eos>,13,brisés,brisées,11,F,brisés,-10.254304,brisées,-11.543788,1
10382,P_NOUN_8_PASS_b,M,P,les pots avec les bougies que j' aime beaucoup ne sont probablement pas cachés <eos>,13,cachés,cachées,11,F,cachés,-7.7662477,cachées,-10.854676,1
10383,P_NOUN_8_PASS_b,M,P,les pots avec les bougies que j' aime beaucoup ne sont probablement pas cassés <eos>,13,cassés,cassées,11,F,cassés,-9.284755,cassées,-10.297166,1
10384,P_NOUN_8_PASS_b,M,P,les pots avec les bougies que j' aime beaucoup ne sont probablement pas couverts <eos>,13,couverts,couvertes,11,F,couverts,-6.9136333,couvertes,-10.625636,1
10385,P_NOUN_8_PASS_b,M,P,les pots avec les bougies que j' aime beaucoup ne sont probablement pas déformés <eos>,13,déformés,déformées,11,F,déformés,-11.308141,déformées,-10.654802,0
10386,P_NOUN_8_PASS_b,M,P,les pots avec les bougies que j' aime beaucoup ne sont probablement pas fixés <eos>,13,fixés,fixées,11,F,fixés,-8.142345,fixées,-10.733648,1
10387,P_NOUN_8_PASS_b,M,P,les pots avec les bougies que j' aime beaucoup ne sont probablement pas jetés <eos>,13,jetés,jetées,11,F,jetés,-7.7040586,jetées,-11.187323,1
10388,P_NOUN_8_PASS_b,M,P,les pots avec les bougies que j' aime beaucoup ne sont probablement pas laissés <eos>,13,laissés,laissées,11,F,laissés,-8.078295,laissées,-10.793707,1
10389,P_NOUN_8_PASS_b,M,P,les pots avec les bougies que j' aime beaucoup ne sont probablement pas ouverts <eos>,13,ouverts,ouvertes,11,F,ouverts,-7.580433,ouvertes,-10.939936,1
10390,P_NOUN_8_PASS_b,M,P,les pots avec les bougies que j' aime beaucoup ne sont probablement pas perdus <eos>,13,perdus,perdues,11,F,perdus,-6.8907776,perdues,-10.3160095,1
10391,P_NOUN_8_PASS_b,M,P,les pots avec les bougies que j' aime beaucoup ne sont probablement pas réparés <eos>,13,réparés,réparées,11,F,réparés,-10.696204,réparées,-11.56187,1
10392,P_NOUN_8_PASS_b,M,P,les pots avec les bougies que j' aime beaucoup ne sont probablement pas retirés <eos>,13,retirés,retirées,11,F,retirés,-8.562153,retirées,-10.405283,1
10393,P_NOUN_8_PASS_b,M,P,les pots avec les bougies que j' aime beaucoup ne sont probablement pas tombés <eos>,13,tombés,tombées,11,F,tombés,-5.9412766,tombées,-10.134763,1
10394,P_NOUN_8_PASS_b,M,P,les pots avec les bougies que j' aime beaucoup ne sont probablement pas utilisés <eos>,13,utilisés,utilisées,11,F,utilisés,-4.9252987,utilisées,-8.070268,1
10395,P_NOUN_8_PASS_b,M,P,les pots avec les pochettes que j' aime beaucoup ne sont probablement pas achetés <eos>,13,achetés,achetées,11,F,achetés,-8.604232,achetées,-11.032349,1
10396,P_NOUN_8_PASS_b,M,P,les pots avec les pochettes que j' aime beaucoup ne sont probablement pas brisés <eos>,13,brisés,brisées,11,F,brisés,-10.871463,brisées,-11.236257,1
10397,P_NOUN_8_PASS_b,M,P,les pots avec les pochettes que j' aime beaucoup ne sont probablement pas cachés <eos>,13,cachés,cachées,11,F,cachés,-8.726901,cachées,-10.463177,1
10398,P_NOUN_8_PASS_b,M,P,les pots avec les pochettes que j' aime beaucoup ne sont probablement pas cassés <eos>,13,cassés,cassées,11,F,cassés,-10.150711,cassées,-10.374023,1
10399,P_NOUN_8_PASS_b,M,P,les pots avec les pochettes que j' aime beaucoup ne sont probablement pas couverts <eos>,13,couverts,couvertes,11,F,couverts,-7.6260653,couvertes,-9.700598,1
10400,P_NOUN_8_PASS_b,M,P,les pots avec les pochettes que j' aime beaucoup ne sont probablement pas déformés <eos>,13,déformés,déformées,11,F,déformés,-11.707395,déformées,-9.701466,0
10401,P_NOUN_8_PASS_b,M,P,les pots avec les pochettes que j' aime beaucoup ne sont probablement pas fixés <eos>,13,fixés,fixées,11,F,fixés,-9.04248,fixées,-10.74275,1
10402,P_NOUN_8_PASS_b,M,P,les pots avec les pochettes que j' aime beaucoup ne sont probablement pas jetés <eos>,13,jetés,jetées,11,F,jetés,-8.9843445,jetées,-12.117174,1
10403,P_NOUN_8_PASS_b,M,P,les pots avec les pochettes que j' aime beaucoup ne sont probablement pas laissés <eos>,13,laissés,laissées,11,F,laissés,-8.780579,laissées,-9.106273,1
10404,P_NOUN_8_PASS_b,M,P,les pots avec les pochettes que j' aime beaucoup ne sont probablement pas ouverts <eos>,13,ouverts,ouvertes,11,F,ouverts,-7.225316,ouvertes,-9.106583,1
10405,P_NOUN_8_PASS_b,M,P,les pots avec les pochettes que j' aime beaucoup ne sont probablement pas perdus <eos>,13,perdus,perdues,11,F,perdus,-6.937398,perdues,-9.321606,1
10406,P_NOUN_8_PASS_b,M,P,les pots avec les pochettes que j' aime beaucoup ne sont probablement pas réparés <eos>,13,réparés,réparées,11,F,réparés,-11.340563,réparées,-10.702444,0
10407,P_NOUN_8_PASS_b,M,P,les pots avec les pochettes que j' aime beaucoup ne sont probablement pas retirés <eos>,13,retirés,retirées,11,F,retirés,-9.159465,retirées,-9.75189,1
10408,P_NOUN_8_PASS_b,M,P,les pots avec les pochettes que j' aime beaucoup ne sont probablement pas tombés <eos>,13,tombés,tombées,11,F,tombés,-8.474106,tombées,-10.721319,1
10409,P_NOUN_8_PASS_b,M,P,les pots avec les pochettes que j' aime beaucoup ne sont probablement pas utilisés <eos>,13,utilisés,utilisées,11,F,utilisés,-5.3519163,utilisées,-7.3575153,1
10410,P_NOUN_8_PASS_b,M,P,les pots avec les bananes que j' aime beaucoup ne sont probablement pas achetés <eos>,13,achetés,achetées,11,F,achetés,-8.177077,achetées,-12.705434,1
10411,P_NOUN_8_PASS_b,M,P,les pots avec les bananes que j' aime beaucoup ne sont probablement pas brisés <eos>,13,brisés,brisées,11,F,brisés,-10.4671135,brisées,-11.679413,1
10412,P_NOUN_8_PASS_b,M,P,les pots avec les bananes que j' aime beaucoup ne sont probablement pas cachés <eos>,13,cachés,cachées,11,F,cachés,-8.387179,cachées,-11.7026825,1
10413,P_NOUN_8_PASS_b,M,P,les pots avec les bananes que j' aime beaucoup ne sont probablement pas cassés <eos>,13,cassés,cassées,11,F,cassés,-9.086761,cassées,-10.389398,1
10414,P_NOUN_8_PASS_b,M,P,les pots avec les bananes que j' aime beaucoup ne sont probablement pas couverts <eos>,13,couverts,couvertes,11,F,couverts,-6.4845376,couvertes,-10.368759,1
10415,P_NOUN_8_PASS_b,M,P,les pots avec les bananes que j' aime beaucoup ne sont probablement pas déformés <eos>,13,déformés,déformées,11,F,déformés,-12.077608,déformées,-10.978332,0
10416,P_NOUN_8_PASS_b,M,P,les pots avec les bananes que j' aime beaucoup ne sont probablement pas fixés <eos>,13,fixés,fixées,11,F,fixés,-7.9530797,fixées,-11.185888,1
10417,P_NOUN_8_PASS_b,M,P,les pots avec les bananes que j' aime beaucoup ne sont probablement pas jetés <eos>,13,jetés,jetées,11,F,jetés,-8.614384,jetées,-10.823359,1
10418,P_NOUN_8_PASS_b,M,P,les pots avec les bananes que j' aime beaucoup ne sont probablement pas laissés <eos>,13,laissés,laissées,11,F,laissés,-7.849287,laissées,-10.483618,1
10419,P_NOUN_8_PASS_b,M,P,les pots avec les bananes que j' aime beaucoup ne sont probablement pas ouverts <eos>,13,ouverts,ouvertes,11,F,ouverts,-7.753333,ouvertes,-11.40466,1
10420,P_NOUN_8_PASS_b,M,P,les pots avec les bananes que j' aime beaucoup ne sont probablement pas perdus <eos>,13,perdus,perdues,11,F,perdus,-6.9968214,perdues,-10.482852,1
10421,P_NOUN_8_PASS_b,M,P,les pots avec les bananes que j' aime beaucoup ne sont probablement pas réparés <eos>,13,réparés,réparées,11,F,réparés,-10.845936,réparées,-12.207838,1
10422,P_NOUN_8_PASS_b,M,P,les pots avec les bananes que j' aime beaucoup ne sont probablement pas retirés <eos>,13,retirés,retirées,11,F,retirés,-8.478366,retirées,-10.965215,1
10423,P_NOUN_8_PASS_b,M,P,les pots avec les bananes que j' aime beaucoup ne sont probablement pas tombés <eos>,13,tombés,tombées,11,F,tombés,-6.9355307,tombées,-10.542254,1
10424,P_NOUN_8_PASS_b,M,P,les pots avec les bananes que j' aime beaucoup ne sont probablement pas utilisés <eos>,13,utilisés,utilisées,11,F,utilisés,-4.434535,utilisées,-7.7834454,1
10425,P_NOUN_8_PASS_b,M,P,les pots avec les robes que j' aime beaucoup ne sont probablement pas achetés <eos>,13,achetés,achetées,11,F,achetés,-8.852259,achetées,-12.93336,1
10426,P_NOUN_8_PASS_b,M,P,les pots avec les robes que j' aime beaucoup ne sont probablement pas brisés <eos>,13,brisés,brisées,11,F,brisés,-10.85619,brisées,-11.793825,1
10427,P_NOUN_8_PASS_b,M,P,les pots avec les robes que j' aime beaucoup ne sont probablement pas cachés <eos>,13,cachés,cachées,11,F,cachés,-8.229825,cachées,-11.152782,1
10428,P_NOUN_8_PASS_b,M,P,les pots avec les robes que j' aime beaucoup ne sont probablement pas cassés <eos>,13,cassés,cassées,11,F,cassés,-9.618339,cassées,-10.220776,1
10429,P_NOUN_8_PASS_b,M,P,les pots avec les robes que j' aime beaucoup ne sont probablement pas couverts <eos>,13,couverts,couvertes,11,F,couverts,-6.748095,couvertes,-10.195061,1
10430,P_NOUN_8_PASS_b,M,P,les pots avec les robes que j' aime beaucoup ne sont probablement pas déformés <eos>,13,déformés,déformées,11,F,déformés,-11.461285,déformées,-10.664451,0
10431,P_NOUN_8_PASS_b,M,P,les pots avec les robes que j' aime beaucoup ne sont probablement pas fixés <eos>,13,fixés,fixées,11,F,fixés,-8.52817,fixées,-10.806179,1
10432,P_NOUN_8_PASS_b,M,P,les pots avec les robes que j' aime beaucoup ne sont probablement pas jetés <eos>,13,jetés,jetées,11,F,jetés,-8.556544,jetées,-11.447521,1
10433,P_NOUN_8_PASS_b,M,P,les pots avec les robes que j' aime beaucoup ne sont probablement pas laissés <eos>,13,laissés,laissées,11,F,laissés,-8.65878,laissées,-10.541507,1
10434,P_NOUN_8_PASS_b,M,P,les pots avec les robes que j' aime beaucoup ne sont probablement pas ouverts <eos>,13,ouverts,ouvertes,11,F,ouverts,-7.7564793,ouvertes,-10.806059,1
10435,P_NOUN_8_PASS_b,M,P,les pots avec les robes que j' aime beaucoup ne sont probablement pas perdus <eos>,13,perdus,perdues,11,F,perdus,-7.75917,perdues,-10.626524,1
10436,P_NOUN_8_PASS_b,M,P,les pots avec les robes que j' aime beaucoup ne sont probablement pas réparés <eos>,13,réparés,réparées,11,F,réparés,-10.809015,réparées,-11.826056,1
10437,P_NOUN_8_PASS_b,M,P,les pots avec les robes que j' aime beaucoup ne sont probablement pas retirés <eos>,13,retirés,retirées,11,F,retirés,-8.846012,retirées,-10.686223,1
10438,P_NOUN_8_PASS_b,M,P,les pots avec les robes que j' aime beaucoup ne sont probablement pas tombés <eos>,13,tombés,tombées,11,F,tombés,-6.9267445,tombées,-10.524898,1
10439,P_NOUN_8_PASS_b,M,P,les pots avec les robes que j' aime beaucoup ne sont probablement pas utilisés <eos>,13,utilisés,utilisées,11,F,utilisés,-4.638502,utilisées,-7.657387,1
10440,P_NOUN_8_PASS_b,M,P,les pots avec les valises que j' aime beaucoup ne sont probablement pas achetés <eos>,13,achetés,achetées,11,F,achetés,-8.592147,achetées,-12.3200655,1
10441,P_NOUN_8_PASS_b,M,P,les pots avec les valises que j' aime beaucoup ne sont probablement pas brisés <eos>,13,brisés,brisées,11,F,brisés,-10.374124,brisées,-11.2155485,1
10442,P_NOUN_8_PASS_b,M,P,les pots avec les valises que j' aime beaucoup ne sont probablement pas cachés <eos>,13,cachés,cachées,11,F,cachés,-7.9117956,cachées,-10.46065,1
10443,P_NOUN_8_PASS_b,M,P,les pots avec les valises que j' aime beaucoup ne sont probablement pas cassés <eos>,13,cassés,cassées,11,F,cassés,-9.333758,cassées,-10.309819,1
10444,P_NOUN_8_PASS_b,M,P,les pots avec les valises que j' aime beaucoup ne sont probablement pas couverts <eos>,13,couverts,couvertes,11,F,couverts,-6.424755,couvertes,-9.537132,1
10445,P_NOUN_8_PASS_b,M,P,les pots avec les valises que j' aime beaucoup ne sont probablement pas déformés <eos>,13,déformés,déformées,11,F,déformés,-11.946322,déformées,-10.47005,0
10446,P_NOUN_8_PASS_b,M,P,les pots avec les valises que j' aime beaucoup ne sont probablement pas fixés <eos>,13,fixés,fixées,11,F,fixés,-8.100361,fixées,-10.431284,1
10447,P_NOUN_8_PASS_b,M,P,les pots avec les valises que j' aime beaucoup ne sont probablement pas jetés <eos>,13,jetés,jetées,11,F,jetés,-7.991008,jetées,-10.905272,1
10448,P_NOUN_8_PASS_b,M,P,les pots avec les valises que j' aime beaucoup ne sont probablement pas laissés <eos>,13,laissés,laissées,11,F,laissés,-8.063962,laissées,-9.705637,1
10449,P_NOUN_8_PASS_b,M,P,les pots avec les valises que j' aime beaucoup ne sont probablement pas ouverts <eos>,13,ouverts,ouvertes,11,F,ouverts,-7.022966,ouvertes,-9.856974,1
10450,P_NOUN_8_PASS_b,M,P,les pots avec les valises que j' aime beaucoup ne sont probablement pas perdus <eos>,13,perdus,perdues,11,F,perdus,-6.8388834,perdues,-9.849986,1
10451,P_NOUN_8_PASS_b,M,P,les pots avec les valises que j' aime beaucoup ne sont probablement pas réparés <eos>,13,réparés,réparées,11,F,réparés,-10.694387,réparées,-10.960297,1
10452,P_NOUN_8_PASS_b,M,P,les pots avec les valises que j' aime beaucoup ne sont probablement pas retirés <eos>,13,retirés,retirées,11,F,retirés,-8.648188,retirées,-10.345229,1
10453,P_NOUN_8_PASS_b,M,P,les pots avec les valises que j' aime beaucoup ne sont probablement pas tombés <eos>,13,tombés,tombées,11,F,tombés,-7.3612776,tombées,-10.447144,1
10454,P_NOUN_8_PASS_b,M,P,les pots avec les valises que j' aime beaucoup ne sont probablement pas utilisés <eos>,13,utilisés,utilisées,11,F,utilisés,-4.9494247,utilisées,-7.6111126,1
10455,P_NOUN_8_PASS_b,M,P,les pots avec les pendules que j' aime beaucoup ne sont probablement pas achetés <eos>,13,achetés,achetées,11,F,achetés,-8.519516,achetées,-12.179041,1
10456,P_NOUN_8_PASS_b,M,P,les pots avec les pendules que j' aime beaucoup ne sont probablement pas brisés <eos>,13,brisés,brisées,11,F,brisés,-9.962571,brisées,-10.777105,1
10457,P_NOUN_8_PASS_b,M,P,les pots avec les pendules que j' aime beaucoup ne sont probablement pas cachés <eos>,13,cachés,cachées,11,F,cachés,-7.7872357,cachées,-10.685982,1
10458,P_NOUN_8_PASS_b,M,P,les pots avec les pendules que j' aime beaucoup ne sont probablement pas cassés <eos>,13,cassés,cassées,11,F,cassés,-8.774465,cassées,-9.490274,1
10459,P_NOUN_8_PASS_b,M,P,les pots avec les pendules que j' aime beaucoup ne sont probablement pas couverts <eos>,13,couverts,couvertes,11,F,couverts,-6.9600816,couvertes,-9.942843,1
10460,P_NOUN_8_PASS_b,M,P,les pots avec les pendules que j' aime beaucoup ne sont probablement pas déformés <eos>,13,déformés,déformées,11,F,déformés,-11.413031,déformées,-9.685637,0
10461,P_NOUN_8_PASS_b,M,P,les pots avec les pendules que j' aime beaucoup ne sont probablement pas fixés <eos>,13,fixés,fixées,11,F,fixés,-7.8472095,fixées,-9.840387,1
10462,P_NOUN_8_PASS_b,M,P,les pots avec les pendules que j' aime beaucoup ne sont probablement pas jetés <eos>,13,jetés,jetées,11,F,jetés,-7.709228,jetées,-10.710302,1
10463,P_NOUN_8_PASS_b,M,P,les pots avec les pendules que j' aime beaucoup ne sont probablement pas laissés <eos>,13,laissés,laissées,11,F,laissés,-8.322975,laissées,-9.955767,1
10464,P_NOUN_8_PASS_b,M,P,les pots avec les pendules que j' aime beaucoup ne sont probablement pas ouverts <eos>,13,ouverts,ouvertes,11,F,ouverts,-7.6568813,ouvertes,-10.373918,1
10465,P_NOUN_8_PASS_b,M,P,les pots avec les pendules que j' aime beaucoup ne sont probablement pas perdus <eos>,13,perdus,perdues,11,F,perdus,-6.991247,perdues,-9.884952,1
10466,P_NOUN_8_PASS_b,M,P,les pots avec les pendules que j' aime beaucoup ne sont probablement pas réparés <eos>,13,réparés,réparées,11,F,réparés,-10.910389,réparées,-10.82504,0
10467,P_NOUN_8_PASS_b,M,P,les pots avec les pendules que j' aime beaucoup ne sont probablement pas retirés <eos>,13,retirés,retirées,11,F,retirés,-8.222704,retirées,-9.47288,1
10468,P_NOUN_8_PASS_b,M,P,les pots avec les pendules que j' aime beaucoup ne sont probablement pas tombés <eos>,13,tombés,tombées,11,F,tombés,-7.395464,tombées,-10.080212,1
10469,P_NOUN_8_PASS_b,M,P,les pots avec les pendules que j' aime beaucoup ne sont probablement pas utilisés <eos>,13,utilisés,utilisées,11,F,utilisés,-4.226998,utilisées,-7.033356,1
10470,P_NOUN_8_PASS_b,M,P,les pots avec les cloches que j' aime beaucoup ne sont probablement pas achetés <eos>,13,achetés,achetées,11,F,achetés,-8.938398,achetées,-12.888618,1
10471,P_NOUN_8_PASS_b,M,P,les pots avec les cloches que j' aime beaucoup ne sont probablement pas brisés <eos>,13,brisés,brisées,11,F,brisés,-9.930976,brisées,-11.449355,1
10472,P_NOUN_8_PASS_b,M,P,les pots avec les cloches que j' aime beaucoup ne sont probablement pas cachés <eos>,13,cachés,cachées,11,F,cachés,-7.727779,cachées,-10.938805,1
10473,P_NOUN_8_PASS_b,M,P,les pots avec les cloches que j' aime beaucoup ne sont probablement pas cassés <eos>,13,cassés,cassées,11,F,cassés,-9.00415,cassées,-10.470686,1
10474,P_NOUN_8_PASS_b,M,P,les pots avec les cloches que j' aime beaucoup ne sont probablement pas couverts <eos>,13,couverts,couvertes,11,F,couverts,-6.1274223,couvertes,-10.184578,1
10475,P_NOUN_8_PASS_b,M,P,les pots avec les cloches que j' aime beaucoup ne sont probablement pas déformés <eos>,13,déformés,déformées,11,F,déformés,-11.744457,déformées,-11.233126,0
10476,P_NOUN_8_PASS_b,M,P,les pots avec les cloches que j' aime beaucoup ne sont probablement pas fixés <eos>,13,fixés,fixées,11,F,fixés,-8.253937,fixées,-10.912811,1
10477,P_NOUN_8_PASS_b,M,P,les pots avec les cloches que j' aime beaucoup ne sont probablement pas jetés <eos>,13,jetés,jetées,11,F,jetés,-7.497888,jetées,-11.190733,1
10478,P_NOUN_8_PASS_b,M,P,les pots avec les cloches que j' aime beaucoup ne sont probablement pas laissés <eos>,13,laissés,laissées,11,F,laissés,-7.780954,laissées,-10.882254,1
10479,P_NOUN_8_PASS_b,M,P,les pots avec les cloches que j' aime beaucoup ne sont probablement pas ouverts <eos>,13,ouverts,ouvertes,11,F,ouverts,-7.714202,ouvertes,-10.779334,1
10480,P_NOUN_8_PASS_b,M,P,les pots avec les cloches que j' aime beaucoup ne sont probablement pas perdus <eos>,13,perdus,perdues,11,F,perdus,-6.707841,perdues,-9.8723545,1
10481,P_NOUN_8_PASS_b,M,P,les pots avec les cloches que j' aime beaucoup ne sont probablement pas réparés <eos>,13,réparés,réparées,11,F,réparés,-9.951273,réparées,-11.107227,1
10482,P_NOUN_8_PASS_b,M,P,les pots avec les cloches que j' aime beaucoup ne sont probablement pas retirés <eos>,13,retirés,retirées,11,F,retirés,-8.192145,retirées,-10.049572,1
10483,P_NOUN_8_PASS_b,M,P,les pots avec les cloches que j' aime beaucoup ne sont probablement pas tombés <eos>,13,tombés,tombées,11,F,tombés,-5.9741406,tombées,-9.951368,1
10484,P_NOUN_8_PASS_b,M,P,les pots avec les cloches que j' aime beaucoup ne sont probablement pas utilisés <eos>,13,utilisés,utilisées,11,F,utilisés,-4.678237,utilisées,-8.066974,1
10485,P_NOUN_8_PASS_b,M,P,les pots avec les cerises que j' aime beaucoup ne sont probablement pas achetés <eos>,13,achetés,achetées,11,F,achetés,-8.156955,achetées,-12.443758,1
10486,P_NOUN_8_PASS_b,M,P,les pots avec les cerises que j' aime beaucoup ne sont probablement pas brisés <eos>,13,brisés,brisées,11,F,brisés,-10.322235,brisées,-11.897522,1
10487,P_NOUN_8_PASS_b,M,P,les pots avec les cerises que j' aime beaucoup ne sont probablement pas cachés <eos>,13,cachés,cachées,11,F,cachés,-8.370729,cachées,-11.585998,1
10488,P_NOUN_8_PASS_b,M,P,les pots avec les cerises que j' aime beaucoup ne sont probablement pas cassés <eos>,13,cassés,cassées,11,F,cassés,-9.240965,cassées,-10.491003,1
10489,P_NOUN_8_PASS_b,M,P,les pots avec les cerises que j' aime beaucoup ne sont probablement pas couverts <eos>,13,couverts,couvertes,11,F,couverts,-6.2187347,couvertes,-10.382278,1
10490,P_NOUN_8_PASS_b,M,P,les pots avec les cerises que j' aime beaucoup ne sont probablement pas déformés <eos>,13,déformés,déformées,11,F,déformés,-12.014734,déformées,-11.163559,0
10491,P_NOUN_8_PASS_b,M,P,les pots avec les cerises que j' aime beaucoup ne sont probablement pas fixés <eos>,13,fixés,fixées,11,F,fixés,-8.005855,fixées,-11.280748,1
10492,P_NOUN_8_PASS_b,M,P,les pots avec les cerises que j' aime beaucoup ne sont probablement pas jetés <eos>,13,jetés,jetées,11,F,jetés,-8.275713,jetées,-11.39262,1
10493,P_NOUN_8_PASS_b,M,P,les pots avec les cerises que j' aime beaucoup ne sont probablement pas laissés <eos>,13,laissés,laissées,11,F,laissés,-7.7903376,laissées,-10.56797,1
10494,P_NOUN_8_PASS_b,M,P,les pots avec les cerises que j' aime beaucoup ne sont probablement pas ouverts <eos>,13,ouverts,ouvertes,11,F,ouverts,-7.4564257,ouvertes,-10.971904,1
10495,P_NOUN_8_PASS_b,M,P,les pots avec les cerises que j' aime beaucoup ne sont probablement pas perdus <eos>,13,perdus,perdues,11,F,perdus,-7.1634903,perdues,-10.475229,1
10496,P_NOUN_8_PASS_b,M,P,les pots avec les cerises que j' aime beaucoup ne sont probablement pas réparés <eos>,13,réparés,réparées,11,F,réparés,-10.553336,réparées,-11.805247,1
10497,P_NOUN_8_PASS_b,M,P,les pots avec les cerises que j' aime beaucoup ne sont probablement pas retirés <eos>,13,retirés,retirées,11,F,retirés,-8.509455,retirées,-10.959114,1
10498,P_NOUN_8_PASS_b,M,P,les pots avec les cerises que j' aime beaucoup ne sont probablement pas tombés <eos>,13,tombés,tombées,11,F,tombés,-6.694278,tombées,-10.540047,1
10499,P_NOUN_8_PASS_b,M,P,les pots avec les cerises que j' aime beaucoup ne sont probablement pas utilisés <eos>,13,utilisés,utilisées,11,F,utilisés,-4.790726,utilisées,-7.9992642,1
10500,P_NOUN_8_PASS_b,M,P,les coussins avec les gemmes que j' aime beaucoup ne sont probablement pas achetés <eos>,13,achetés,achetées,11,F,achetés,-9.226924,achetées,-12.928399,1
10501,P_NOUN_8_PASS_b,M,P,les coussins avec les gemmes que j' aime beaucoup ne sont probablement pas brisés <eos>,13,brisés,brisées,11,F,brisés,-10.042271,brisées,-11.107328,1
10502,P_NOUN_8_PASS_b,M,P,les coussins avec les gemmes que j' aime beaucoup ne sont probablement pas cachés <eos>,13,cachés,cachées,11,F,cachés,-7.370498,cachées,-10.382557,1
10503,P_NOUN_8_PASS_b,M,P,les coussins avec les gemmes que j' aime beaucoup ne sont probablement pas cassés <eos>,13,cassés,cassées,11,F,cassés,-9.376311,cassées,-10.497901,1
10504,P_NOUN_8_PASS_b,M,P,les coussins avec les gemmes que j' aime beaucoup ne sont probablement pas couverts <eos>,13,couverts,couvertes,11,F,couverts,-7.400771,couvertes,-10.266753,1
10505,P_NOUN_8_PASS_b,M,P,les coussins avec les gemmes que j' aime beaucoup ne sont probablement pas déformés <eos>,13,déformés,déformées,11,F,déformés,-10.805301,déformées,-10.296104,0
10506,P_NOUN_8_PASS_b,M,P,les coussins avec les gemmes que j' aime beaucoup ne sont probablement pas fixés <eos>,13,fixés,fixées,11,F,fixés,-8.004738,fixées,-10.484788,1
10507,P_NOUN_8_PASS_b,M,P,les coussins avec les gemmes que j' aime beaucoup ne sont probablement pas jetés <eos>,13,jetés,jetées,11,F,jetés,-7.6892586,jetées,-10.296034,1
10508,P_NOUN_8_PASS_b,M,P,les coussins avec les gemmes que j' aime beaucoup ne sont probablement pas laissés <eos>,13,laissés,laissées,11,F,laissés,-8.070174,laissées,-10.653715,1
10509,P_NOUN_8_PASS_b,M,P,les coussins avec les gemmes que j' aime beaucoup ne sont probablement pas ouverts <eos>,13,ouverts,ouvertes,11,F,ouverts,-7.4129987,ouvertes,-10.76745,1
10510,P_NOUN_8_PASS_b,M,P,les coussins avec les gemmes que j' aime beaucoup ne sont probablement pas perdus <eos>,13,perdus,perdues,11,F,perdus,-6.5068316,perdues,-9.962074,1
10511,P_NOUN_8_PASS_b,M,P,les coussins avec les gemmes que j' aime beaucoup ne sont probablement pas réparés <eos>,13,réparés,réparées,11,F,réparés,-9.808126,réparées,-11.050857,1
10512,P_NOUN_8_PASS_b,M,P,les coussins avec les gemmes que j' aime beaucoup ne sont probablement pas retirés <eos>,13,retirés,retirées,11,F,retirés,-8.832633,retirées,-10.39411,1
10513,P_NOUN_8_PASS_b,M,P,les coussins avec les gemmes que j' aime beaucoup ne sont probablement pas tombés <eos>,13,tombés,tombées,11,F,tombés,-6.9303293,tombées,-10.181522,1
10514,P_NOUN_8_PASS_b,M,P,les coussins avec les gemmes que j' aime beaucoup ne sont probablement pas utilisés <eos>,13,utilisés,utilisées,11,F,utilisés,-5.035479,utilisées,-7.9989266,1
10515,P_NOUN_8_PASS_b,M,P,les coussins avec les chaises que j' aime beaucoup ne sont probablement pas achetés <eos>,13,achetés,achetées,11,F,achetés,-9.599998,achetées,-12.988052,1
10516,P_NOUN_8_PASS_b,M,P,les coussins avec les chaises que j' aime beaucoup ne sont probablement pas brisés <eos>,13,brisés,brisées,11,F,brisés,-9.836079,brisées,-10.833904,1
10517,P_NOUN_8_PASS_b,M,P,les coussins avec les chaises que j' aime beaucoup ne sont probablement pas cachés <eos>,13,cachés,cachées,11,F,cachés,-8.153841,cachées,-10.079246,1
10518,P_NOUN_8_PASS_b,M,P,les coussins avec les chaises que j' aime beaucoup ne sont probablement pas cassés <eos>,13,cassés,cassées,11,F,cassés,-9.799849,cassées,-9.90923,1
10519,P_NOUN_8_PASS_b,M,P,les coussins avec les chaises que j' aime beaucoup ne sont probablement pas couverts <eos>,13,couverts,couvertes,11,F,couverts,-6.4744825,couvertes,-9.333678,1
10520,P_NOUN_8_PASS_b,M,P,les coussins avec les chaises que j' aime beaucoup ne sont probablement pas déformés <eos>,13,déformés,déformées,11,F,déformés,-10.961428,déformées,-10.267592,0
10521,P_NOUN_8_PASS_b,M,P,les coussins avec les chaises que j' aime beaucoup ne sont probablement pas fixés <eos>,13,fixés,fixées,11,F,fixés,-8.219645,fixées,-10.06408,1
10522,P_NOUN_8_PASS_b,M,P,les coussins avec les chaises que j' aime beaucoup ne sont probablement pas jetés <eos>,13,jetés,jetées,11,F,jetés,-7.718822,jetées,-10.40807,1
10523,P_NOUN_8_PASS_b,M,P,les coussins avec les chaises que j' aime beaucoup ne sont probablement pas laissés <eos>,13,laissés,laissées,11,F,laissés,-8.227701,laissées,-10.067746,1
10524,P_NOUN_8_PASS_b,M,P,les coussins avec les chaises que j' aime beaucoup ne sont probablement pas ouverts <eos>,13,ouverts,ouvertes,11,F,ouverts,-6.383752,ouvertes,-9.3487425,1
10525,P_NOUN_8_PASS_b,M,P,les coussins avec les chaises que j' aime beaucoup ne sont probablement pas perdus <eos>,13,perdus,perdues,11,F,perdus,-6.7099304,perdues,-10.052565,1
10526,P_NOUN_8_PASS_b,M,P,les coussins avec les chaises que j' aime beaucoup ne sont probablement pas réparés <eos>,13,réparés,réparées,11,F,réparés,-10.03793,réparées,-10.534906,1
10527,P_NOUN_8_PASS_b,M,P,les coussins avec les chaises que j' aime beaucoup ne sont probablement pas retirés <eos>,13,retirés,retirées,11,F,retirés,-9.241971,retirées,-10.162251,1
10528,P_NOUN_8_PASS_b,M,P,les coussins avec les chaises que j' aime beaucoup ne sont probablement pas tombés <eos>,13,tombés,tombées,11,F,tombés,-7.296961,tombées,-10.369052,1
10529,P_NOUN_8_PASS_b,M,P,les coussins avec les chaises que j' aime beaucoup ne sont probablement pas utilisés <eos>,13,utilisés,utilisées,11,F,utilisés,-5.496429,utilisées,-8.119308,1
10530,P_NOUN_8_PASS_b,M,P,les coussins avec les poubelles que j' aime beaucoup ne sont probablement pas achetés <eos>,13,achetés,achetées,11,F,achetés,-9.235833,achetées,-12.827569,1
10531,P_NOUN_8_PASS_b,M,P,les coussins avec les poubelles que j' aime beaucoup ne sont probablement pas brisés <eos>,13,brisés,brisées,11,F,brisés,-10.106091,brisées,-11.252504,1
10532,P_NOUN_8_PASS_b,M,P,les coussins avec les poubelles que j' aime beaucoup ne sont probablement pas cachés <eos>,13,cachés,cachées,11,F,cachés,-7.7763453,cachées,-10.370948,1
10533,P_NOUN_8_PASS_b,M,P,les coussins avec les poubelles que j' aime beaucoup ne sont probablement pas cassés <eos>,13,cassés,cassées,11,F,cassés,-9.590173,cassées,-10.232965,1
10534,P_NOUN_8_PASS_b,M,P,les coussins avec les poubelles que j' aime beaucoup ne sont probablement pas couverts <eos>,13,couverts,couvertes,11,F,couverts,-6.809934,couvertes,-9.365461,1
10535,P_NOUN_8_PASS_b,M,P,les coussins avec les poubelles que j' aime beaucoup ne sont probablement pas déformés <eos>,13,déformés,déformées,11,F,déformés,-11.219113,déformées,-10.307276,0
10536,P_NOUN_8_PASS_b,M,P,les coussins avec les poubelles que j' aime beaucoup ne sont probablement pas fixés <eos>,13,fixés,fixées,11,F,fixés,-8.01021,fixées,-10.163795,1
10537,P_NOUN_8_PASS_b,M,P,les coussins avec les poubelles que j' aime beaucoup ne sont probablement pas jetés <eos>,13,jetés,jetées,11,F,jetés,-7.4244623,jetées,-9.983466,1
10538,P_NOUN_8_PASS_b,M,P,les coussins avec les poubelles que j' aime beaucoup ne sont probablement pas laissés <eos>,13,laissés,laissées,11,F,laissés,-8.027017,laissées,-10.185507,1
10539,P_NOUN_8_PASS_b,M,P,les coussins avec les poubelles que j' aime beaucoup ne sont probablement pas ouverts <eos>,13,ouverts,ouvertes,11,F,ouverts,-6.312523,ouvertes,-9.410949,1
10540,P_NOUN_8_PASS_b,M,P,les coussins avec les poubelles que j' aime beaucoup ne sont probablement pas perdus <eos>,13,perdus,perdues,11,F,perdus,-6.697857,perdues,-10.06635,1
10541,P_NOUN_8_PASS_b,M,P,les coussins avec les poubelles que j' aime beaucoup ne sont probablement pas réparés <eos>,13,réparés,réparées,11,F,réparés,-9.851657,réparées,-10.3919935,1
10542,P_NOUN_8_PASS_b,M,P,les coussins avec les poubelles que j' aime beaucoup ne sont probablement pas retirés <eos>,13,retirés,retirées,11,F,retirés,-8.72469,retirées,-10.250155,1
10543,P_NOUN_8_PASS_b,M,P,les coussins avec les poubelles que j' aime beaucoup ne sont probablement pas tombés <eos>,13,tombés,tombées,11,F,tombés,-7.368288,tombées,-10.710209,1
10544,P_NOUN_8_PASS_b,M,P,les coussins avec les poubelles que j' aime beaucoup ne sont probablement pas utilisés <eos>,13,utilisés,utilisées,11,F,utilisés,-5.1468377,utilisées,-7.8479676,1
10545,P_NOUN_8_PASS_b,M,P,les coussins avec les chemises que j' aime beaucoup ne sont probablement pas achetés <eos>,13,achetés,achetées,11,F,achetés,-9.327307,achetées,-12.649069,1
10546,P_NOUN_8_PASS_b,M,P,les coussins avec les chemises que j' aime beaucoup ne sont probablement pas brisés <eos>,13,brisés,brisées,11,F,brisés,-10.078593,brisées,-10.966614,1
10547,P_NOUN_8_PASS_b,M,P,les coussins avec les chemises que j' aime beaucoup ne sont probablement pas cachés <eos>,13,cachés,cachées,11,F,cachés,-7.939228,cachées,-10.432773,1
10548,P_NOUN_8_PASS_b,M,P,les coussins avec les chemises que j' aime beaucoup ne sont probablement pas cassés <eos>,13,cassés,cassées,11,F,cassés,-9.7470455,cassées,-9.499365,0
10549,P_NOUN_8_PASS_b,M,P,les coussins avec les chemises que j' aime beaucoup ne sont probablement pas couverts <eos>,13,couverts,couvertes,11,F,couverts,-7.2875996,couvertes,-9.879062,1
10550,P_NOUN_8_PASS_b,M,P,les coussins avec les chemises que j' aime beaucoup ne sont probablement pas déformés <eos>,13,déformés,déformées,11,F,déformés,-11.049976,déformées,-10.177131,0
10551,P_NOUN_8_PASS_b,M,P,les coussins avec les chemises que j' aime beaucoup ne sont probablement pas fixés <eos>,13,fixés,fixées,11,F,fixés,-8.166731,fixées,-9.914167,1
10552,P_NOUN_8_PASS_b,M,P,les coussins avec les chemises que j' aime beaucoup ne sont probablement pas jetés <eos>,13,jetés,jetées,11,F,jetés,-7.6505537,jetées,-9.545708,1
10553,P_NOUN_8_PASS_b,M,P,les coussins avec les chemises que j' aime beaucoup ne sont probablement pas laissés <eos>,13,laissés,laissées,11,F,laissés,-8.192928,laissées,-10.351283,1
10554,P_NOUN_8_PASS_b,M,P,les coussins avec les chemises que j' aime beaucoup ne sont probablement pas ouverts <eos>,13,ouverts,ouvertes,11,F,ouverts,-7.3765016,ouvertes,-10.370163,1
10555,P_NOUN_8_PASS_b,M,P,les coussins avec les chemises que j' aime beaucoup ne sont probablement pas perdus <eos>,13,perdus,perdues,11,F,perdus,-6.8694654,perdues,-9.919561,1
10556,P_NOUN_8_PASS_b,M,P,les coussins avec les chemises que j' aime beaucoup ne sont probablement pas réparés <eos>,13,réparés,réparées,11,F,réparés,-10.154936,réparées,-10.867864,1
10557,P_NOUN_8_PASS_b,M,P,les coussins avec les chemises que j' aime beaucoup ne sont probablement pas retirés <eos>,13,retirés,retirées,11,F,retirés,-8.84729,retirées,-10.005054,1
10558,P_NOUN_8_PASS_b,M,P,les coussins avec les chemises que j' aime beaucoup ne sont probablement pas tombés <eos>,13,tombés,tombées,11,F,tombés,-6.677108,tombées,-10.040772,1
10559,P_NOUN_8_PASS_b,M,P,les coussins avec les chemises que j' aime beaucoup ne sont probablement pas utilisés <eos>,13,utilisés,utilisées,11,F,utilisés,-5.0770893,utilisées,-7.6672916,1
10560,P_NOUN_8_PASS_b,M,P,les coussins avec les recettes que j' aime beaucoup ne sont probablement pas achetés <eos>,13,achetés,achetées,11,F,achetés,-8.775442,achetées,-12.173662,1
10561,P_NOUN_8_PASS_b,M,P,les coussins avec les recettes que j' aime beaucoup ne sont probablement pas brisés <eos>,13,brisés,brisées,11,F,brisés,-10.574796,brisées,-11.431943,1
10562,P_NOUN_8_PASS_b,M,P,les coussins avec les recettes que j' aime beaucoup ne sont probablement pas cachés <eos>,13,cachés,cachées,11,F,cachés,-8.057061,cachées,-11.368899,1
10563,P_NOUN_8_PASS_b,M,P,les coussins avec les recettes que j' aime beaucoup ne sont probablement pas cassés <eos>,13,cassés,cassées,11,F,cassés,-9.627955,cassées,-10.759684,1
10564,P_NOUN_8_PASS_b,M,P,les coussins avec les recettes que j' aime beaucoup ne sont probablement pas couverts <eos>,13,couverts,couvertes,11,F,couverts,-7.016767,couvertes,-10.091278,1
10565,P_NOUN_8_PASS_b,M,P,les coussins avec les recettes que j' aime beaucoup ne sont probablement pas déformés <eos>,13,déformés,déformées,11,F,déformés,-11.74773,déformées,-10.982733,0
10566,P_NOUN_8_PASS_b,M,P,les coussins avec les recettes que j' aime beaucoup ne sont probablement pas fixés <eos>,13,fixés,fixées,11,F,fixés,-7.3926563,fixées,-10.448484,1
10567,P_NOUN_8_PASS_b,M,P,les coussins avec les recettes que j' aime beaucoup ne sont probablement pas jetés <eos>,13,jetés,jetées,11,F,jetés,-7.907611,jetées,-10.703585,1
10568,P_NOUN_8_PASS_b,M,P,les coussins avec les recettes que j' aime beaucoup ne sont probablement pas laissés <eos>,13,laissés,laissées,11,F,laissés,-8.651035,laissées,-10.279335,1
10569,P_NOUN_8_PASS_b,M,P,les coussins avec les recettes que j' aime beaucoup ne sont probablement pas ouverts <eos>,13,ouverts,ouvertes,11,F,ouverts,-7.1171894,ouvertes,-10.631678,1
10570,P_NOUN_8_PASS_b,M,P,les coussins avec les recettes que j' aime beaucoup ne sont probablement pas perdus <eos>,13,perdus,perdues,11,F,perdus,-6.64454,perdues,-10.132583,1
10571,P_NOUN_8_PASS_b,M,P,les coussins avec les recettes que j' aime beaucoup ne sont probablement pas réparés <eos>,13,réparés,réparées,11,F,réparés,-9.863779,réparées,-11.008573,1
10572,P_NOUN_8_PASS_b,M,P,les coussins avec les recettes que j' aime beaucoup ne sont probablement pas retirés <eos>,13,retirés,retirées,11,F,retirés,-8.6443,retirées,-10.195795,1
10573,P_NOUN_8_PASS_b,M,P,les coussins avec les recettes que j' aime beaucoup ne sont probablement pas tombés <eos>,13,tombés,tombées,11,F,tombés,-7.3637857,tombées,-10.801235,1
10574,P_NOUN_8_PASS_b,M,P,les coussins avec les recettes que j' aime beaucoup ne sont probablement pas utilisés <eos>,13,utilisés,utilisées,11,F,utilisés,-5.0530314,utilisées,-7.946732,1
10575,P_NOUN_8_PASS_b,M,P,les coussins avec les jupes que j' aime beaucoup ne sont probablement pas achetés <eos>,13,achetés,achetées,11,F,achetés,-9.335968,achetées,-12.753948,1
10576,P_NOUN_8_PASS_b,M,P,les coussins avec les jupes que j' aime beaucoup ne sont probablement pas brisés <eos>,13,brisés,brisées,11,F,brisés,-10.160688,brisées,-11.231028,1
10577,P_NOUN_8_PASS_b,M,P,les coussins avec les jupes que j' aime beaucoup ne sont probablement pas cachés <eos>,13,cachés,cachées,11,F,cachés,-8.0825405,cachées,-10.824953,1
10578,P_NOUN_8_PASS_b,M,P,les coussins avec les jupes que j' aime beaucoup ne sont probablement pas cassés <eos>,13,cassés,cassées,11,F,cassés,-9.494237,cassées,-9.489821,0
10579,P_NOUN_8_PASS_b,M,P,les coussins avec les jupes que j' aime beaucoup ne sont probablement pas couverts <eos>,13,couverts,couvertes,11,F,couverts,-7.2867017,couvertes,-9.763586,1
10580,P_NOUN_8_PASS_b,M,P,les coussins avec les jupes que j' aime beaucoup ne sont probablement pas déformés <eos>,13,déformés,déformées,11,F,déformés,-11.0179825,déformées,-10.150876,0
10581,P_NOUN_8_PASS_b,M,P,les coussins avec les jupes que j' aime beaucoup ne sont probablement pas fixés <eos>,13,fixés,fixées,11,F,fixés,-7.802288,fixées,-9.980245,1
10582,P_NOUN_8_PASS_b,M,P,les coussins avec les jupes que j' aime beaucoup ne sont probablement pas jetés <eos>,13,jetés,jetées,11,F,jetés,-8.119917,jetées,-10.375604,1
10583,P_NOUN_8_PASS_b,M,P,les coussins avec les jupes que j' aime beaucoup ne sont probablement pas laissés <eos>,13,laissés,laissées,11,F,laissés,-8.816557,laissées,-10.596533,1
10584,P_NOUN_8_PASS_b,M,P,les coussins avec les jupes que j' aime beaucoup ne sont probablement pas ouverts <eos>,13,ouverts,ouvertes,11,F,ouverts,-6.829237,ouvertes,-10.133493,1
10585,P_NOUN_8_PASS_b,M,P,les coussins avec les jupes que j' aime beaucoup ne sont probablement pas perdus <eos>,13,perdus,perdues,11,F,perdus,-7.055458,perdues,-10.630649,1
10586,P_NOUN_8_PASS_b,M,P,les coussins avec les jupes que j' aime beaucoup ne sont probablement pas réparés <eos>,13,réparés,réparées,11,F,réparés,-10.315545,réparées,-10.920066,1
10587,P_NOUN_8_PASS_b,M,P,les coussins avec les jupes que j' aime beaucoup ne sont probablement pas retirés <eos>,13,retirés,retirées,11,F,retirés,-9.006019,retirées,-10.164058,1
10588,P_NOUN_8_PASS_b,M,P,les coussins avec les jupes que j' aime beaucoup ne sont probablement pas tombés <eos>,13,tombés,tombées,11,F,tombés,-7.3711085,tombées,-10.637255,1
10589,P_NOUN_8_PASS_b,M,P,les coussins avec les jupes que j' aime beaucoup ne sont probablement pas utilisés <eos>,13,utilisés,utilisées,11,F,utilisés,-5.0337625,utilisées,-7.868116,1
10590,P_NOUN_8_PASS_b,M,P,les coussins avec les colles que j' aime beaucoup ne sont probablement pas achetés <eos>,13,achetés,achetées,11,F,achetés,-9.461375,achetées,-12.8648615,1
10591,P_NOUN_8_PASS_b,M,P,les coussins avec les colles que j' aime beaucoup ne sont probablement pas brisés <eos>,13,brisés,brisées,11,F,brisés,-10.223524,brisées,-11.283171,1
10592,P_NOUN_8_PASS_b,M,P,les coussins avec les colles que j' aime beaucoup ne sont probablement pas cachés <eos>,13,cachés,cachées,11,F,cachés,-8.439073,cachées,-11.07655,1
10593,P_NOUN_8_PASS_b,M,P,les coussins avec les colles que j' aime beaucoup ne sont probablement pas cassés <eos>,13,cassés,cassées,11,F,cassés,-9.113357,cassées,-9.903528,1
10594,P_NOUN_8_PASS_b,M,P,les coussins avec les colles que j' aime beaucoup ne sont probablement pas couverts <eos>,13,couverts,couvertes,11,F,couverts,-7.1874766,couvertes,-9.661698,1
10595,P_NOUN_8_PASS_b,M,P,les coussins avec les colles que j' aime beaucoup ne sont probablement pas déformés <eos>,13,déformés,déformées,11,F,déformés,-11.358081,déformées,-9.817304,0
10596,P_NOUN_8_PASS_b,M,P,les coussins avec les colles que j' aime beaucoup ne sont probablement pas fixés <eos>,13,fixés,fixées,11,F,fixés,-8.083012,fixées,-10.271238,1
10597,P_NOUN_8_PASS_b,M,P,les coussins avec les colles que j' aime beaucoup ne sont probablement pas jetés <eos>,13,jetés,jetées,11,F,jetés,-8.342657,jetées,-10.768394,1
10598,P_NOUN_8_PASS_b,M,P,les coussins avec les colles que j' aime beaucoup ne sont probablement pas laissés <eos>,13,laissés,laissées,11,F,laissés,-8.669519,laissées,-9.893924,1
10599,P_NOUN_8_PASS_b,M,P,les coussins avec les colles que j' aime beaucoup ne sont probablement pas ouverts <eos>,13,ouverts,ouvertes,11,F,ouverts,-7.0111265,ouvertes,-9.91575,1
10600,P_NOUN_8_PASS_b,M,P,les coussins avec les colles que j' aime beaucoup ne sont probablement pas perdus <eos>,13,perdus,perdues,11,F,perdus,-7.017641,perdues,-10.323424,1
10601,P_NOUN_8_PASS_b,M,P,les coussins avec les colles que j' aime beaucoup ne sont probablement pas réparés <eos>,13,réparés,réparées,11,F,réparés,-9.915826,réparées,-10.398228,1
10602,P_NOUN_8_PASS_b,M,P,les coussins avec les colles que j' aime beaucoup ne sont probablement pas retirés <eos>,13,retirés,retirées,11,F,retirés,-8.699705,retirées,-10.1191,1
10603,P_NOUN_8_PASS_b,M,P,les coussins avec les colles que j' aime beaucoup ne sont probablement pas tombés <eos>,13,tombés,tombées,11,F,tombés,-7.881275,tombées,-10.799555,1
10604,P_NOUN_8_PASS_b,M,P,les coussins avec les colles que j' aime beaucoup ne sont probablement pas utilisés <eos>,13,utilisés,utilisées,11,F,utilisés,-4.750851,utilisées,-7.3404174,1
10605,P_NOUN_8_PASS_b,M,P,les coussins avec les lampes que j' aime beaucoup ne sont probablement pas achetés <eos>,13,achetés,achetées,11,F,achetés,-9.197412,achetées,-13.041188,1
10606,P_NOUN_8_PASS_b,M,P,les coussins avec les lampes que j' aime beaucoup ne sont probablement pas brisés <eos>,13,brisés,brisées,11,F,brisés,-9.82772,brisées,-11.086783,1
10607,P_NOUN_8_PASS_b,M,P,les coussins avec les lampes que j' aime beaucoup ne sont probablement pas cachés <eos>,13,cachés,cachées,11,F,cachés,-7.760863,cachées,-10.680523,1
10608,P_NOUN_8_PASS_b,M,P,les coussins avec les lampes que j' aime beaucoup ne sont probablement pas cassés <eos>,13,cassés,cassées,11,F,cassés,-9.486358,cassées,-9.944044,1
10609,P_NOUN_8_PASS_b,M,P,les coussins avec les lampes que j' aime beaucoup ne sont probablement pas couverts <eos>,13,couverts,couvertes,11,F,couverts,-7.212639,couvertes,-10.003497,1
10610,P_NOUN_8_PASS_b,M,P,les coussins avec les lampes que j' aime beaucoup ne sont probablement pas déformés <eos>,13,déformés,déformées,11,F,déformés,-10.722746,déformées,-9.59609,0
10611,P_NOUN_8_PASS_b,M,P,les coussins avec les lampes que j' aime beaucoup ne sont probablement pas fixés <eos>,13,fixés,fixées,11,F,fixés,-7.7160597,fixées,-9.8834715,1
10612,P_NOUN_8_PASS_b,M,P,les coussins avec les lampes que j' aime beaucoup ne sont probablement pas jetés <eos>,13,jetés,jetées,11,F,jetés,-7.601217,jetées,-10.288824,1
10613,P_NOUN_8_PASS_b,M,P,les coussins avec les lampes que j' aime beaucoup ne sont probablement pas laissés <eos>,13,laissés,laissées,11,F,laissés,-8.478149,laissées,-10.680691,1
10614,P_NOUN_8_PASS_b,M,P,les coussins avec les lampes que j' aime beaucoup ne sont probablement pas ouverts <eos>,13,ouverts,ouvertes,11,F,ouverts,-6.998932,ouvertes,-10.210471,1
10615,P_NOUN_8_PASS_b,M,P,les coussins avec les lampes que j' aime beaucoup ne sont probablement pas perdus <eos>,13,perdus,perdues,11,F,perdus,-6.797327,perdues,-10.237298,1
10616,P_NOUN_8_PASS_b,M,P,les coussins avec les lampes que j' aime beaucoup ne sont probablement pas réparés <eos>,13,réparés,réparées,11,F,réparés,-10.244309,réparées,-10.674546,1
10617,P_NOUN_8_PASS_b,M,P,les coussins avec les lampes que j' aime beaucoup ne sont probablement pas retirés <eos>,13,retirés,retirées,11,F,retirés,-8.630648,retirées,-9.806349,1
10618,P_NOUN_8_PASS_b,M,P,les coussins avec les lampes que j' aime beaucoup ne sont probablement pas tombés <eos>,13,tombés,tombées,11,F,tombés,-7.431285,tombées,-10.405283,1
10619,P_NOUN_8_PASS_b,M,P,les coussins avec les lampes que j' aime beaucoup ne sont probablement pas utilisés <eos>,13,utilisés,utilisées,11,F,utilisés,-4.51252,utilisées,-7.5625,1
10620,P_NOUN_8_PASS_b,M,P,les coussins avec les bouteilles que j' aime beaucoup ne sont probablement pas achetés <eos>,13,achetés,achetées,11,F,achetés,-8.947636,achetées,-12.218782,1
10621,P_NOUN_8_PASS_b,M,P,les coussins avec les bouteilles que j' aime beaucoup ne sont probablement pas brisés <eos>,13,brisés,brisées,11,F,brisés,-10.312518,brisées,-11.214954,1
10622,P_NOUN_8_PASS_b,M,P,les coussins avec les bouteilles que j' aime beaucoup ne sont probablement pas cachés <eos>,13,cachés,cachées,11,F,cachés,-7.8135448,cachées,-10.842255,1
10623,P_NOUN_8_PASS_b,M,P,les coussins avec les bouteilles que j' aime beaucoup ne sont probablement pas cassés <eos>,13,cassés,cassées,11,F,cassés,-9.303619,cassées,-9.900556,1
10624,P_NOUN_8_PASS_b,M,P,les coussins avec les bouteilles que j' aime beaucoup ne sont probablement pas couverts <eos>,13,couverts,couvertes,11,F,couverts,-7.122992,couvertes,-9.988977,1
10625,P_NOUN_8_PASS_b,M,P,les coussins avec les bouteilles que j' aime beaucoup ne sont probablement pas déformés <eos>,13,déformés,déformées,11,F,déformés,-11.167052,déformées,-10.079492,0
10626,P_NOUN_8_PASS_b,M,P,les coussins avec les bouteilles que j' aime beaucoup ne sont probablement pas fixés <eos>,13,fixés,fixées,11,F,fixés,-8.001047,fixées,-10.538026,1
10627,P_NOUN_8_PASS_b,M,P,les coussins avec les bouteilles que j' aime beaucoup ne sont probablement pas jetés <eos>,13,jetés,jetées,11,F,jetés,-7.8318987,jetées,-10.841957,1
10628,P_NOUN_8_PASS_b,M,P,les coussins avec les bouteilles que j' aime beaucoup ne sont probablement pas laissés <eos>,13,laissés,laissées,11,F,laissés,-8.5207,laissées,-10.148901,1
10629,P_NOUN_8_PASS_b,M,P,les coussins avec les bouteilles que j' aime beaucoup ne sont probablement pas ouverts <eos>,13,ouverts,ouvertes,11,F,ouverts,-6.907781,ouvertes,-10.172876,1
10630,P_NOUN_8_PASS_b,M,P,les coussins avec les bouteilles que j' aime beaucoup ne sont probablement pas perdus <eos>,13,perdus,perdues,11,F,perdus,-6.680433,perdues,-10.239208,1
10631,P_NOUN_8_PASS_b,M,P,les coussins avec les bouteilles que j' aime beaucoup ne sont probablement pas réparés <eos>,13,réparés,réparées,11,F,réparés,-10.394973,réparées,-10.841462,1
10632,P_NOUN_8_PASS_b,M,P,les coussins avec les bouteilles que j' aime beaucoup ne sont probablement pas retirés <eos>,13,retirés,retirées,11,F,retirés,-8.807554,retirées,-10.2113,1
10633,P_NOUN_8_PASS_b,M,P,les coussins avec les bouteilles que j' aime beaucoup ne sont probablement pas tombés <eos>,13,tombés,tombées,11,F,tombés,-7.537986,tombées,-10.579145,1
10634,P_NOUN_8_PASS_b,M,P,les coussins avec les bouteilles que j' aime beaucoup ne sont probablement pas utilisés <eos>,13,utilisés,utilisées,11,F,utilisés,-5.1394577,utilisées,-7.903756,1
10635,P_NOUN_8_PASS_b,M,P,les coussins avec les boissons que j' aime beaucoup ne sont probablement pas achetés <eos>,13,achetés,achetées,11,F,achetés,-8.893862,achetées,-11.592988,1
10636,P_NOUN_8_PASS_b,M,P,les coussins avec les boissons que j' aime beaucoup ne sont probablement pas brisés <eos>,13,brisés,brisées,11,F,brisés,-10.97306,brisées,-10.709384,0
10637,P_NOUN_8_PASS_b,M,P,les coussins avec les boissons que j' aime beaucoup ne sont probablement pas cachés <eos>,13,cachés,cachées,11,F,cachés,-8.1676445,cachées,-10.439859,1
10638,P_NOUN_8_PASS_b,M,P,les coussins avec les boissons que j' aime beaucoup ne sont probablement pas cassés <eos>,13,cassés,cassées,11,F,cassés,-9.513912,cassées,-9.634792,1
10639,P_NOUN_8_PASS_b,M,P,les coussins avec les boissons que j' aime beaucoup ne sont probablement pas couverts <eos>,13,couverts,couvertes,11,F,couverts,-6.980282,couvertes,-8.822351,1
10640,P_NOUN_8_PASS_b,M,P,les coussins avec les boissons que j' aime beaucoup ne sont probablement pas déformés <eos>,13,déformés,déformées,11,F,déformés,-12.133501,déformées,-9.878012,0
10641,P_NOUN_8_PASS_b,M,P,les coussins avec les boissons que j' aime beaucoup ne sont probablement pas fixés <eos>,13,fixés,fixées,11,F,fixés,-8.157051,fixées,-9.858114,1
10642,P_NOUN_8_PASS_b,M,P,les coussins avec les boissons que j' aime beaucoup ne sont probablement pas jetés <eos>,13,jetés,jetées,11,F,jetés,-8.197928,jetées,-9.42679,1
10643,P_NOUN_8_PASS_b,M,P,les coussins avec les boissons que j' aime beaucoup ne sont probablement pas laissés <eos>,13,laissés,laissées,11,F,laissés,-8.384983,laissées,-8.88926,1
10644,P_NOUN_8_PASS_b,M,P,les coussins avec les boissons que j' aime beaucoup ne sont probablement pas ouverts <eos>,13,ouverts,ouvertes,11,F,ouverts,-7.4146833,ouvertes,-9.355648,1
10645,P_NOUN_8_PASS_b,M,P,les coussins avec les boissons que j' aime beaucoup ne sont probablement pas perdus <eos>,13,perdus,perdues,11,F,perdus,-7.195208,perdues,-9.393389,1
10646,P_NOUN_8_PASS_b,M,P,les coussins avec les boissons que j' aime beaucoup ne sont probablement pas réparés <eos>,13,réparés,réparées,11,F,réparés,-10.112864,réparées,-10.371199,1
10647,P_NOUN_8_PASS_b,M,P,les coussins avec les boissons que j' aime beaucoup ne sont probablement pas retirés <eos>,13,retirés,retirées,11,F,retirés,-8.749348,retirées,-9.412462,1
10648,P_NOUN_8_PASS_b,M,P,les coussins avec les boissons que j' aime beaucoup ne sont probablement pas tombés <eos>,13,tombés,tombées,11,F,tombés,-7.464001,tombées,-9.925411,1
10649,P_NOUN_8_PASS_b,M,P,les coussins avec les boissons que j' aime beaucoup ne sont probablement pas utilisés <eos>,13,utilisés,utilisées,11,F,utilisés,-4.667761,utilisées,-6.4781313,1
10650,P_NOUN_8_PASS_b,M,P,les coussins avec les pommes que j' aime beaucoup ne sont probablement pas achetés <eos>,13,achetés,achetées,11,F,achetés,-8.533808,achetées,-11.042089,1
10651,P_NOUN_8_PASS_b,M,P,les coussins avec les pommes que j' aime beaucoup ne sont probablement pas brisés <eos>,13,brisés,brisées,11,F,brisés,-10.417878,brisées,-10.488252,1
10652,P_NOUN_8_PASS_b,M,P,les coussins avec les pommes que j' aime beaucoup ne sont probablement pas cachés <eos>,13,cachés,cachées,11,F,cachés,-7.8300323,cachées,-9.932205,1
10653,P_NOUN_8_PASS_b,M,P,les coussins avec les pommes que j' aime beaucoup ne sont probablement pas cassés <eos>,13,cassés,cassées,11,F,cassés,-8.898223,cassées,-9.516749,1
10654,P_NOUN_8_PASS_b,M,P,les coussins avec les pommes que j' aime beaucoup ne sont probablement pas couverts <eos>,13,couverts,couvertes,11,F,couverts,-6.9700828,couvertes,-8.965679,1
10655,P_NOUN_8_PASS_b,M,P,les coussins avec les pommes que j' aime beaucoup ne sont probablement pas déformés <eos>,13,déformés,déformées,11,F,déformés,-11.960024,déformées,-10.032219,0
10656,P_NOUN_8_PASS_b,M,P,les coussins avec les pommes que j' aime beaucoup ne sont probablement pas fixés <eos>,13,fixés,fixées,11,F,fixés,-8.160095,fixées,-9.979863,1
10657,P_NOUN_8_PASS_b,M,P,les coussins avec les pommes que j' aime beaucoup ne sont probablement pas jetés <eos>,13,jetés,jetées,11,F,jetés,-8.137677,jetées,-9.167928,1
10658,P_NOUN_8_PASS_b,M,P,les coussins avec les pommes que j' aime beaucoup ne sont probablement pas laissés <eos>,13,laissés,laissées,11,F,laissés,-7.8830338,laissées,-9.200008,1
10659,P_NOUN_8_PASS_b,M,P,les coussins avec les pommes que j' aime beaucoup ne sont probablement pas ouverts <eos>,13,ouverts,ouvertes,11,F,ouverts,-7.4632425,ouvertes,-9.632295,1
10660,P_NOUN_8_PASS_b,M,P,les coussins avec les pommes que j' aime beaucoup ne sont probablement pas perdus <eos>,13,perdus,perdues,11,F,perdus,-7.0059495,perdues,-9.180307,1
10661,P_NOUN_8_PASS_b,M,P,les coussins avec les pommes que j' aime beaucoup ne sont probablement pas réparés <eos>,13,réparés,réparées,11,F,réparés,-10.256622,réparées,-10.513168,1
10662,P_NOUN_8_PASS_b,M,P,les coussins avec les pommes que j' aime beaucoup ne sont probablement pas retirés <eos>,13,retirés,retirées,11,F,retirés,-8.649373,retirées,-9.492504,1
10663,P_NOUN_8_PASS_b,M,P,les coussins avec les pommes que j' aime beaucoup ne sont probablement pas tombés <eos>,13,tombés,tombées,11,F,tombés,-6.978738,tombées,-9.334858,1
10664,P_NOUN_8_PASS_b,M,P,les coussins avec les pommes que j' aime beaucoup ne sont probablement pas utilisés <eos>,13,utilisés,utilisées,11,F,utilisés,-5.04869,utilisées,-6.7779837,1
10665,P_NOUN_8_PASS_b,M,P,les coussins avec les tasses que j' aime beaucoup ne sont probablement pas achetés <eos>,13,achetés,achetées,11,F,achetés,-9.318723,achetées,-12.160065,1
10666,P_NOUN_8_PASS_b,M,P,les coussins avec les tasses que j' aime beaucoup ne sont probablement pas brisés <eos>,13,brisés,brisées,11,F,brisés,-9.877925,brisées,-10.809398,1
10667,P_NOUN_8_PASS_b,M,P,les coussins avec les tasses que j' aime beaucoup ne sont probablement pas cachés <eos>,13,cachés,cachées,11,F,cachés,-8.38957,cachées,-10.739899,1
10668,P_NOUN_8_PASS_b,M,P,les coussins avec les tasses que j' aime beaucoup ne sont probablement pas cassés <eos>,13,cassés,cassées,11,F,cassés,-9.239254,cassées,-9.705177,1
10669,P_NOUN_8_PASS_b,M,P,les coussins avec les tasses que j' aime beaucoup ne sont probablement pas couverts <eos>,13,couverts,couvertes,11,F,couverts,-6.646343,couvertes,-9.269706,1
10670,P_NOUN_8_PASS_b,M,P,les coussins avec les tasses que j' aime beaucoup ne sont probablement pas déformés <eos>,13,déformés,déformées,11,F,déformés,-11.307329,déformées,-9.905889,0
10671,P_NOUN_8_PASS_b,M,P,les coussins avec les tasses que j' aime beaucoup ne sont probablement pas fixés <eos>,13,fixés,fixées,11,F,fixés,-7.9387703,fixées,-9.914973,1
10672,P_NOUN_8_PASS_b,M,P,les coussins avec les tasses que j' aime beaucoup ne sont probablement pas jetés <eos>,13,jetés,jetées,11,F,jetés,-7.9780855,jetées,-10.332991,1
10673,P_NOUN_8_PASS_b,M,P,les coussins avec les tasses que j' aime beaucoup ne sont probablement pas laissés <eos>,13,laissés,laissées,11,F,laissés,-8.351429,laissées,-9.542532,1
10674,P_NOUN_8_PASS_b,M,P,les coussins avec les tasses que j' aime beaucoup ne sont probablement pas ouverts <eos>,13,ouverts,ouvertes,11,F,ouverts,-6.600583,ouvertes,-9.574564,1
10675,P_NOUN_8_PASS_b,M,P,les coussins avec les tasses que j' aime beaucoup ne sont probablement pas perdus <eos>,13,perdus,perdues,11,F,perdus,-6.5417376,perdues,-9.8118515,1
10676,P_NOUN_8_PASS_b,M,P,les coussins avec les tasses que j' aime beaucoup ne sont probablement pas réparés <eos>,13,réparés,réparées,11,F,réparés,-9.98112,réparées,-10.234199,1
10677,P_NOUN_8_PASS_b,M,P,les coussins avec les tasses que j' aime beaucoup ne sont probablement pas retirés <eos>,13,retirés,retirées,11,F,retirés,-8.524589,retirées,-9.781761,1
10678,P_NOUN_8_PASS_b,M,P,les coussins avec les tasses que j' aime beaucoup ne sont probablement pas tombés <eos>,13,tombés,tombées,11,F,tombés,-7.413417,tombées,-10.249667,1
10679,P_NOUN_8_PASS_b,M,P,les coussins avec les tasses que j' aime beaucoup ne sont probablement pas utilisés <eos>,13,utilisés,utilisées,11,F,utilisés,-5.016702,utilisées,-7.4408174,1
10680,P_NOUN_8_PASS_b,M,P,les coussins avec les bougies que j' aime beaucoup ne sont probablement pas achetés <eos>,13,achetés,achetées,11,F,achetés,-9.642355,achetées,-12.465614,1
10681,P_NOUN_8_PASS_b,M,P,les coussins avec les bougies que j' aime beaucoup ne sont probablement pas brisés <eos>,13,brisés,brisées,11,F,brisés,-10.063146,brisées,-11.254654,1
10682,P_NOUN_8_PASS_b,M,P,les coussins avec les bougies que j' aime beaucoup ne sont probablement pas cachés <eos>,13,cachés,cachées,11,F,cachés,-7.619809,cachées,-10.239687,1
10683,P_NOUN_8_PASS_b,M,P,les coussins avec les bougies que j' aime beaucoup ne sont probablement pas cassés <eos>,13,cassés,cassées,11,F,cassés,-9.530305,cassées,-10.258497,1
10684,P_NOUN_8_PASS_b,M,P,les coussins avec les bougies que j' aime beaucoup ne sont probablement pas couverts <eos>,13,couverts,couvertes,11,F,couverts,-7.3221273,couvertes,-10.249808,1
10685,P_NOUN_8_PASS_b,M,P,les coussins avec les bougies que j' aime beaucoup ne sont probablement pas déformés <eos>,13,déformés,déformées,11,F,déformés,-11.010546,déformées,-10.34795,0
10686,P_NOUN_8_PASS_b,M,P,les coussins avec les bougies que j' aime beaucoup ne sont probablement pas fixés <eos>,13,fixés,fixées,11,F,fixés,-8.09688,fixées,-10.243693,1
10687,P_NOUN_8_PASS_b,M,P,les coussins avec les bougies que j' aime beaucoup ne sont probablement pas jetés <eos>,13,jetés,jetées,11,F,jetés,-7.669669,jetées,-10.458458,1
10688,P_NOUN_8_PASS_b,M,P,les coussins avec les bougies que j' aime beaucoup ne sont probablement pas laissés <eos>,13,laissés,laissées,11,F,laissés,-8.190124,laissées,-10.675347,1
10689,P_NOUN_8_PASS_b,M,P,les coussins avec les bougies que j' aime beaucoup ne sont probablement pas ouverts <eos>,13,ouverts,ouvertes,11,F,ouverts,-7.373657,ouvertes,-10.292973,1
10690,P_NOUN_8_PASS_b,M,P,les coussins avec les bougies que j' aime beaucoup ne sont probablement pas perdus <eos>,13,perdus,perdues,11,F,perdus,-6.7569246,perdues,-10.122588,1
10691,P_NOUN_8_PASS_b,M,P,les coussins avec les bougies que j' aime beaucoup ne sont probablement pas réparés <eos>,13,réparés,réparées,11,F,réparés,-10.430067,réparées,-11.066243,1
10692,P_NOUN_8_PASS_b,M,P,les coussins avec les bougies que j' aime beaucoup ne sont probablement pas retirés <eos>,13,retirés,retirées,11,F,retirés,-8.848911,retirées,-10.156116,1
10693,P_NOUN_8_PASS_b,M,P,les coussins avec les bougies que j' aime beaucoup ne sont probablement pas tombés <eos>,13,tombés,tombées,11,F,tombés,-5.9975624,tombées,-10.018999,1
10694,P_NOUN_8_PASS_b,M,P,les coussins avec les bougies que j' aime beaucoup ne sont probablement pas utilisés <eos>,13,utilisés,utilisées,11,F,utilisés,-5.2034926,utilisées,-7.943665,1
10695,P_NOUN_8_PASS_b,M,P,les coussins avec les pochettes que j' aime beaucoup ne sont probablement pas achetés <eos>,13,achetés,achetées,11,F,achetés,-9.32122,achetées,-11.537405,1
10696,P_NOUN_8_PASS_b,M,P,les coussins avec les pochettes que j' aime beaucoup ne sont probablement pas brisés <eos>,13,brisés,brisées,11,F,brisés,-10.898894,brisées,-11.161273,1
10697,P_NOUN_8_PASS_b,M,P,les coussins avec les pochettes que j' aime beaucoup ne sont probablement pas cachés <eos>,13,cachés,cachées,11,F,cachés,-8.650294,cachées,-10.313681,1
10698,P_NOUN_8_PASS_b,M,P,les coussins avec les pochettes que j' aime beaucoup ne sont probablement pas cassés <eos>,13,cassés,cassées,11,F,cassés,-10.693063,cassées,-10.422264,0
10699,P_NOUN_8_PASS_b,M,P,les coussins avec les pochettes que j' aime beaucoup ne sont probablement pas couverts <eos>,13,couverts,couvertes,11,F,couverts,-8.226905,couvertes,-9.736103,1
10700,P_NOUN_8_PASS_b,M,P,les coussins avec les pochettes que j' aime beaucoup ne sont probablement pas déformés <eos>,13,déformés,déformées,11,F,déformés,-11.23553,déformées,-9.529321,0
10701,P_NOUN_8_PASS_b,M,P,les coussins avec les pochettes que j' aime beaucoup ne sont probablement pas fixés <eos>,13,fixés,fixées,11,F,fixés,-9.003679,fixées,-10.655749,1
10702,P_NOUN_8_PASS_b,M,P,les coussins avec les pochettes que j' aime beaucoup ne sont probablement pas jetés <eos>,13,jetés,jetées,11,F,jetés,-8.836793,jetées,-11.282502,1
10703,P_NOUN_8_PASS_b,M,P,les coussins avec les pochettes que j' aime beaucoup ne sont probablement pas laissés <eos>,13,laissés,laissées,11,F,laissés,-9.033108,laissées,-9.390232,1
10704,P_NOUN_8_PASS_b,M,P,les coussins avec les pochettes que j' aime beaucoup ne sont probablement pas ouverts <eos>,13,ouverts,ouvertes,11,F,ouverts,-6.9441233,ouvertes,-8.834141,1
10705,P_NOUN_8_PASS_b,M,P,les coussins avec les pochettes que j' aime beaucoup ne sont probablement pas perdus <eos>,13,perdus,perdues,11,F,perdus,-7.009287,perdues,-9.538815,1
10706,P_NOUN_8_PASS_b,M,P,les coussins avec les pochettes que j' aime beaucoup ne sont probablement pas réparés <eos>,13,réparés,réparées,11,F,réparés,-11.050818,réparées,-10.403125,0
10707,P_NOUN_8_PASS_b,M,P,les coussins avec les pochettes que j' aime beaucoup ne sont probablement pas retirés <eos>,13,retirés,retirées,11,F,retirés,-9.555606,retirées,-9.80785,1
10708,P_NOUN_8_PASS_b,M,P,les coussins avec les pochettes que j' aime beaucoup ne sont probablement pas tombés <eos>,13,tombés,tombées,11,F,tombés,-8.837233,tombées,-10.902528,1
10709,P_NOUN_8_PASS_b,M,P,les coussins avec les pochettes que j' aime beaucoup ne sont probablement pas utilisés <eos>,13,utilisés,utilisées,11,F,utilisés,-5.782707,utilisées,-7.4969625,1
10710,P_NOUN_8_PASS_b,M,P,les coussins avec les bananes que j' aime beaucoup ne sont probablement pas achetés <eos>,13,achetés,achetées,11,F,achetés,-8.730102,achetées,-12.553122,1
10711,P_NOUN_8_PASS_b,M,P,les coussins avec les bananes que j' aime beaucoup ne sont probablement pas brisés <eos>,13,brisés,brisées,11,F,brisés,-10.282519,brisées,-11.276679,1
10712,P_NOUN_8_PASS_b,M,P,les coussins avec les bananes que j' aime beaucoup ne sont probablement pas cachés <eos>,13,cachés,cachées,11,F,cachés,-8.301544,cachées,-11.21862,1
10713,P_NOUN_8_PASS_b,M,P,les coussins avec les bananes que j' aime beaucoup ne sont probablement pas cassés <eos>,13,cassés,cassées,11,F,cassés,-9.272631,cassées,-10.2213335,1
10714,P_NOUN_8_PASS_b,M,P,les coussins avec les bananes que j' aime beaucoup ne sont probablement pas couverts <eos>,13,couverts,couvertes,11,F,couverts,-6.861925,couvertes,-9.952264,1
10715,P_NOUN_8_PASS_b,M,P,les coussins avec les bananes que j' aime beaucoup ne sont probablement pas déformés <eos>,13,déformés,déformées,11,F,déformés,-11.602593,déformées,-10.656634,0
10716,P_NOUN_8_PASS_b,M,P,les coussins avec les bananes que j' aime beaucoup ne sont probablement pas fixés <eos>,13,fixés,fixées,11,F,fixés,-7.7901974,fixées,-10.466094,1
10717,P_NOUN_8_PASS_b,M,P,les coussins avec les bananes que j' aime beaucoup ne sont probablement pas jetés <eos>,13,jetés,jetées,11,F,jetés,-8.393809,jetées,-9.903778,1
10718,P_NOUN_8_PASS_b,M,P,les coussins avec les bananes que j' aime beaucoup ne sont probablement pas laissés <eos>,13,laissés,laissées,11,F,laissés,-7.9384065,laissées,-10.272612,1
10719,P_NOUN_8_PASS_b,M,P,les coussins avec les bananes que j' aime beaucoup ne sont probablement pas ouverts <eos>,13,ouverts,ouvertes,11,F,ouverts,-7.3292227,ouvertes,-10.660903,1
10720,P_NOUN_8_PASS_b,M,P,les coussins avec les bananes que j' aime beaucoup ne sont probablement pas perdus <eos>,13,perdus,perdues,11,F,perdus,-6.876878,perdues,-10.363782,1
10721,P_NOUN_8_PASS_b,M,P,les coussins avec les bananes que j' aime beaucoup ne sont probablement pas réparés <eos>,13,réparés,réparées,11,F,réparés,-10.424578,réparées,-11.48066,1
10722,P_NOUN_8_PASS_b,M,P,les coussins avec les bananes que j' aime beaucoup ne sont probablement pas retirés <eos>,13,retirés,retirées,11,F,retirés,-8.867098,retirées,-10.572349,1
10723,P_NOUN_8_PASS_b,M,P,les coussins avec les bananes que j' aime beaucoup ne sont probablement pas tombés <eos>,13,tombés,tombées,11,F,tombés,-7.1423655,tombées,-10.350649,1
10724,P_NOUN_8_PASS_b,M,P,les coussins avec les bananes que j' aime beaucoup ne sont probablement pas utilisés <eos>,13,utilisés,utilisées,11,F,utilisés,-4.951454,utilisées,-7.8078384,1
10725,P_NOUN_8_PASS_b,M,P,les coussins avec les robes que j' aime beaucoup ne sont probablement pas achetés <eos>,13,achetés,achetées,11,F,achetés,-9.436001,achetées,-12.986462,1
10726,P_NOUN_8_PASS_b,M,P,les coussins avec les robes que j' aime beaucoup ne sont probablement pas brisés <eos>,13,brisés,brisées,11,F,brisés,-10.568843,brisées,-11.54843,1
10727,P_NOUN_8_PASS_b,M,P,les coussins avec les robes que j' aime beaucoup ne sont probablement pas cachés <eos>,13,cachés,cachées,11,F,cachés,-8.087907,cachées,-11.052999,1
10728,P_NOUN_8_PASS_b,M,P,les coussins avec les robes que j' aime beaucoup ne sont probablement pas cassés <eos>,13,cassés,cassées,11,F,cassés,-9.958847,cassées,-10.016777,1
10729,P_NOUN_8_PASS_b,M,P,les coussins avec les robes que j' aime beaucoup ne sont probablement pas couverts <eos>,13,couverts,couvertes,11,F,couverts,-7.35365,couvertes,-10.131588,1
10730,P_NOUN_8_PASS_b,M,P,les coussins avec les robes que j' aime beaucoup ne sont probablement pas déformés <eos>,13,déformés,déformées,11,F,déformés,-10.884735,déformées,-10.518848,0
10731,P_NOUN_8_PASS_b,M,P,les coussins avec les robes que j' aime beaucoup ne sont probablement pas fixés <eos>,13,fixés,fixées,11,F,fixés,-8.229494,fixées,-10.340342,1
10732,P_NOUN_8_PASS_b,M,P,les coussins avec les robes que j' aime beaucoup ne sont probablement pas jetés <eos>,13,jetés,jetées,11,F,jetés,-8.175133,jetées,-10.4301405,1
10733,P_NOUN_8_PASS_b,M,P,les coussins avec les robes que j' aime beaucoup ne sont probablement pas laissés <eos>,13,laissés,laissées,11,F,laissés,-8.757988,laissées,-10.496178,1
10734,P_NOUN_8_PASS_b,M,P,les coussins avec les robes que j' aime beaucoup ne sont probablement pas ouverts <eos>,13,ouverts,ouvertes,11,F,ouverts,-7.4100275,ouvertes,-10.431424,1
10735,P_NOUN_8_PASS_b,M,P,les coussins avec les robes que j' aime beaucoup ne sont probablement pas perdus <eos>,13,perdus,perdues,11,F,perdus,-7.388631,perdues,-10.659065,1
10736,P_NOUN_8_PASS_b,M,P,les coussins avec les robes que j' aime beaucoup ne sont probablement pas réparés <eos>,13,réparés,réparées,11,F,réparés,-10.234458,réparées,-11.252544,1
10737,P_NOUN_8_PASS_b,M,P,les coussins avec les robes que j' aime beaucoup ne sont probablement pas retirés <eos>,13,retirés,retirées,11,F,retirés,-9.094481,retirées,-10.476276,1
10738,P_NOUN_8_PASS_b,M,P,les coussins avec les robes que j' aime beaucoup ne sont probablement pas tombés <eos>,13,tombés,tombées,11,F,tombés,-7.148766,tombées,-10.705324,1
10739,P_NOUN_8_PASS_b,M,P,les coussins avec les robes que j' aime beaucoup ne sont probablement pas utilisés <eos>,13,utilisés,utilisées,11,F,utilisés,-5.0445924,utilisées,-7.8883243,1
10740,P_NOUN_8_PASS_b,M,P,les coussins avec les valises que j' aime beaucoup ne sont probablement pas achetés <eos>,13,achetés,achetées,11,F,achetés,-9.161396,achetées,-12.470362,1
10741,P_NOUN_8_PASS_b,M,P,les coussins avec les valises que j' aime beaucoup ne sont probablement pas brisés <eos>,13,brisés,brisées,11,F,brisés,-10.313386,brisées,-11.211382,1
10742,P_NOUN_8_PASS_b,M,P,les coussins avec les valises que j' aime beaucoup ne sont probablement pas cachés <eos>,13,cachés,cachées,11,F,cachés,-7.7958922,cachées,-10.301355,1
10743,P_NOUN_8_PASS_b,M,P,les coussins avec les valises que j' aime beaucoup ne sont probablement pas cassés <eos>,13,cassés,cassées,11,F,cassés,-9.776894,cassées,-10.339537,1
10744,P_NOUN_8_PASS_b,M,P,les coussins avec les valises que j' aime beaucoup ne sont probablement pas couverts <eos>,13,couverts,couvertes,11,F,couverts,-6.9144845,couvertes,-9.417297,1
10745,P_NOUN_8_PASS_b,M,P,les coussins avec les valises que j' aime beaucoup ne sont probablement pas déformés <eos>,13,déformés,déformées,11,F,déformés,-11.384362,déformées,-10.340149,0
10746,P_NOUN_8_PASS_b,M,P,les coussins avec les valises que j' aime beaucoup ne sont probablement pas fixés <eos>,13,fixés,fixées,11,F,fixés,-7.9969516,fixées,-10.18159,1
10747,P_NOUN_8_PASS_b,M,P,les coussins avec les valises que j' aime beaucoup ne sont probablement pas jetés <eos>,13,jetés,jetées,11,F,jetés,-7.774481,jetées,-10.126804,1
10748,P_NOUN_8_PASS_b,M,P,les coussins avec les valises que j' aime beaucoup ne sont probablement pas laissés <eos>,13,laissés,laissées,11,F,laissés,-8.186421,laissées,-9.905232,1
10749,P_NOUN_8_PASS_b,M,P,les coussins avec les valises que j' aime beaucoup ne sont probablement pas ouverts <eos>,13,ouverts,ouvertes,11,F,ouverts,-6.480686,ouvertes,-9.434575,1
10750,P_NOUN_8_PASS_b,M,P,les coussins avec les valises que j' aime beaucoup ne sont probablement pas perdus <eos>,13,perdus,perdues,11,F,perdus,-6.753517,perdues,-9.995968,1
10751,P_NOUN_8_PASS_b,M,P,les coussins avec les valises que j' aime beaucoup ne sont probablement pas réparés <eos>,13,réparés,réparées,11,F,réparés,-10.171407,réparées,-10.490179,1
10752,P_NOUN_8_PASS_b,M,P,les coussins avec les valises que j' aime beaucoup ne sont probablement pas retirés <eos>,13,retirés,retirées,11,F,retirés,-9.062984,retirées,-10.216368,1
10753,P_NOUN_8_PASS_b,M,P,les coussins avec les valises que j' aime beaucoup ne sont probablement pas tombés <eos>,13,tombés,tombées,11,F,tombés,-7.5773706,tombées,-10.635325,1
10754,P_NOUN_8_PASS_b,M,P,les coussins avec les valises que j' aime beaucoup ne sont probablement pas utilisés <eos>,13,utilisés,utilisées,11,F,utilisés,-5.4067435,utilisées,-7.893418,1
10755,P_NOUN_8_PASS_b,M,P,les coussins avec les pendules que j' aime beaucoup ne sont probablement pas achetés <eos>,13,achetés,achetées,11,F,achetés,-9.2205925,achetées,-12.617813,1
10756,P_NOUN_8_PASS_b,M,P,les coussins avec les pendules que j' aime beaucoup ne sont probablement pas brisés <eos>,13,brisés,brisées,11,F,brisés,-9.928726,brisées,-10.820997,1
10757,P_NOUN_8_PASS_b,M,P,les coussins avec les pendules que j' aime beaucoup ne sont probablement pas cachés <eos>,13,cachés,cachées,11,F,cachés,-7.7371664,cachées,-10.506486,1
10758,P_NOUN_8_PASS_b,M,P,les coussins avec les pendules que j' aime beaucoup ne sont probablement pas cassés <eos>,13,cassés,cassées,11,F,cassés,-9.200594,cassées,-9.573721,1
10759,P_NOUN_8_PASS_b,M,P,les coussins avec les pendules que j' aime beaucoup ne sont probablement pas couverts <eos>,13,couverts,couvertes,11,F,couverts,-7.320819,couvertes,-9.826245,1
10760,P_NOUN_8_PASS_b,M,P,les coussins avec les pendules que j' aime beaucoup ne sont probablement pas déformés <eos>,13,déformés,déformées,11,F,déformés,-10.86669,déformées,-9.583777,0
10761,P_NOUN_8_PASS_b,M,P,les coussins avec les pendules que j' aime beaucoup ne sont probablement pas fixés <eos>,13,fixés,fixées,11,F,fixés,-7.764632,fixées,-9.64847,1
10762,P_NOUN_8_PASS_b,M,P,les coussins avec les pendules que j' aime beaucoup ne sont probablement pas jetés <eos>,13,jetés,jetées,11,F,jetés,-7.630451,jetées,-10.234211,1
10763,P_NOUN_8_PASS_b,M,P,les coussins avec les pendules que j' aime beaucoup ne sont probablement pas laissés <eos>,13,laissés,laissées,11,F,laissés,-8.5769615,laissées,-10.341479,1
10764,P_NOUN_8_PASS_b,M,P,les coussins avec les pendules que j' aime beaucoup ne sont probablement pas ouverts <eos>,13,ouverts,ouvertes,11,F,ouverts,-7.089974,ouvertes,-9.997517,1
10765,P_NOUN_8_PASS_b,M,P,les coussins avec les pendules que j' aime beaucoup ne sont probablement pas perdus <eos>,13,perdus,perdues,11,F,perdus,-7.001749,perdues,-10.126181,1
10766,P_NOUN_8_PASS_b,M,P,les coussins avec les pendules que j' aime beaucoup ne sont probablement pas réparés <eos>,13,réparés,réparées,11,F,réparés,-10.520964,réparées,-10.558722,1
10767,P_NOUN_8_PASS_b,M,P,les coussins avec les pendules que j' aime beaucoup ne sont probablement pas retirés <eos>,13,retirés,retirées,11,F,retirés,-8.66579,retirées,-9.555092,1
10768,P_NOUN_8_PASS_b,M,P,les coussins avec les pendules que j' aime beaucoup ne sont probablement pas tombés <eos>,13,tombés,tombées,11,F,tombés,-7.647288,tombées,-10.228962,1
10769,P_NOUN_8_PASS_b,M,P,les coussins avec les pendules que j' aime beaucoup ne sont probablement pas utilisés <eos>,13,utilisés,utilisées,11,F,utilisés,-4.716205,utilisées,-7.3907924,1
10770,P_NOUN_8_PASS_b,M,P,les coussins avec les cloches que j' aime beaucoup ne sont probablement pas achetés <eos>,13,achetés,achetées,11,F,achetés,-9.584368,achetées,-13.108297,1
10771,P_NOUN_8_PASS_b,M,P,les coussins avec les cloches que j' aime beaucoup ne sont probablement pas brisés <eos>,13,brisés,brisées,11,F,brisés,-9.830097,brisées,-11.292635,1
10772,P_NOUN_8_PASS_b,M,P,les coussins avec les cloches que j' aime beaucoup ne sont probablement pas cachés <eos>,13,cachés,cachées,11,F,cachés,-7.66396,cachées,-10.493349,1
10773,P_NOUN_8_PASS_b,M,P,les coussins avec les cloches que j' aime beaucoup ne sont probablement pas cassés <eos>,13,cassés,cassées,11,F,cassés,-9.459271,cassées,-10.502378,1
10774,P_NOUN_8_PASS_b,M,P,les coussins avec les cloches que j' aime beaucoup ne sont probablement pas couverts <eos>,13,couverts,couvertes,11,F,couverts,-6.76982,couvertes,-10.029819,1
10775,P_NOUN_8_PASS_b,M,P,les coussins avec les cloches que j' aime beaucoup ne sont probablement pas déformés <eos>,13,déformés,déformées,11,F,déformés,-11.259972,déformées,-11.008725,0
10776,P_NOUN_8_PASS_b,M,P,les coussins avec les cloches que j' aime beaucoup ne sont probablement pas fixés <eos>,13,fixés,fixées,11,F,fixés,-8.226389,fixées,-10.571772,1
10777,P_NOUN_8_PASS_b,M,P,les coussins avec les cloches que j' aime beaucoup ne sont probablement pas jetés <eos>,13,jetés,jetées,11,F,jetés,-7.4176335,jetées,-10.490681,1
10778,P_NOUN_8_PASS_b,M,P,les coussins avec les cloches que j' aime beaucoup ne sont probablement pas laissés <eos>,13,laissés,laissées,11,F,laissés,-7.931402,laissées,-10.956596,1
10779,P_NOUN_8_PASS_b,M,P,les coussins avec les cloches que j' aime beaucoup ne sont probablement pas ouverts <eos>,13,ouverts,ouvertes,11,F,ouverts,-7.282048,ouvertes,-10.154748,1
10780,P_NOUN_8_PASS_b,M,P,les coussins avec les cloches que j' aime beaucoup ne sont probablement pas perdus <eos>,13,perdus,perdues,11,F,perdus,-6.7117233,perdues,-10.003245,1
10781,P_NOUN_8_PASS_b,M,P,les coussins avec les cloches que j' aime beaucoup ne sont probablement pas réparés <eos>,13,réparés,réparées,11,F,réparés,-9.646553,réparées,-10.689571,1
10782,P_NOUN_8_PASS_b,M,P,les coussins avec les cloches que j' aime beaucoup ne sont probablement pas retirés <eos>,13,retirés,retirées,11,F,retirés,-8.726925,retirées,-10.065876,1
10783,P_NOUN_8_PASS_b,M,P,les coussins avec les cloches que j' aime beaucoup ne sont probablement pas tombés <eos>,13,tombés,tombées,11,F,tombés,-6.2507496,tombées,-10.013546,1
10784,P_NOUN_8_PASS_b,M,P,les coussins avec les cloches que j' aime beaucoup ne sont probablement pas utilisés <eos>,13,utilisés,utilisées,11,F,utilisés,-5.276917,utilisées,-8.265871,1
10785,P_NOUN_8_PASS_b,M,P,les coussins avec les cerises que j' aime beaucoup ne sont probablement pas achetés <eos>,13,achetés,achetées,11,F,achetés,-8.691231,achetées,-12.350157,1
10786,P_NOUN_8_PASS_b,M,P,les coussins avec les cerises que j' aime beaucoup ne sont probablement pas brisés <eos>,13,brisés,brisées,11,F,brisés,-10.116779,brisées,-11.49386,1
10787,P_NOUN_8_PASS_b,M,P,les coussins avec les cerises que j' aime beaucoup ne sont probablement pas cachés <eos>,13,cachés,cachées,11,F,cachés,-8.317571,cachées,-11.160704,1
10788,P_NOUN_8_PASS_b,M,P,les coussins avec les cerises que j' aime beaucoup ne sont probablement pas cassés <eos>,13,cassés,cassées,11,F,cassés,-9.478296,cassées,-10.42625,1
10789,P_NOUN_8_PASS_b,M,P,les coussins avec les cerises que j' aime beaucoup ne sont probablement pas couverts <eos>,13,couverts,couvertes,11,F,couverts,-6.7131805,couvertes,-9.964845,1
10790,P_NOUN_8_PASS_b,M,P,les coussins avec les cerises que j' aime beaucoup ne sont probablement pas déformés <eos>,13,déformés,déformées,11,F,déformés,-11.525005,déformées,-10.758305,0
10791,P_NOUN_8_PASS_b,M,P,les coussins avec les cerises que j' aime beaucoup ne sont probablement pas fixés <eos>,13,fixés,fixées,11,F,fixés,-7.884592,fixées,-10.729166,1
10792,P_NOUN_8_PASS_b,M,P,les coussins avec les cerises que j' aime beaucoup ne sont probablement pas jetés <eos>,13,jetés,jetées,11,F,jetés,-8.148942,jetées,-10.534265,1
10793,P_NOUN_8_PASS_b,M,P,les coussins avec les cerises que j' aime beaucoup ne sont probablement pas laissés <eos>,13,laissés,laissées,11,F,laissés,-7.948704,laissées,-10.3043165,1
10794,P_NOUN_8_PASS_b,M,P,les coussins avec les cerises que j' aime beaucoup ne sont probablement pas ouverts <eos>,13,ouverts,ouvertes,11,F,ouverts,-7.0192575,ouvertes,-10.255216,1
10795,P_NOUN_8_PASS_b,M,P,les coussins avec les cerises que j' aime beaucoup ne sont probablement pas perdus <eos>,13,perdus,perdues,11,F,perdus,-6.9618735,perdues,-10.304863,1
10796,P_NOUN_8_PASS_b,M,P,les coussins avec les cerises que j' aime beaucoup ne sont probablement pas réparés <eos>,13,réparés,réparées,11,F,réparés,-10.130246,réparées,-11.127579,1
10797,P_NOUN_8_PASS_b,M,P,les coussins avec les cerises que j' aime beaucoup ne sont probablement pas retirés <eos>,13,retirés,retirées,11,F,retirés,-8.801455,retirées,-10.621429,1
10798,P_NOUN_8_PASS_b,M,P,les coussins avec les cerises que j' aime beaucoup ne sont probablement pas tombés <eos>,13,tombés,tombées,11,F,tombés,-6.990135,tombées,-10.453692,1
10799,P_NOUN_8_PASS_b,M,P,les coussins avec les cerises que j' aime beaucoup ne sont probablement pas utilisés <eos>,13,utilisés,utilisées,11,F,utilisés,-5.2575912,utilisées,-7.9714823,1
10800,P_NOUN_8_PASS_b,M,P,les jouets avec les gemmes que j' aime beaucoup ne sont probablement pas achetés <eos>,13,achetés,achetées,11,F,achetés,-8.921068,achetées,-12.555722,1
10801,P_NOUN_8_PASS_b,M,P,les jouets avec les gemmes que j' aime beaucoup ne sont probablement pas brisés <eos>,13,brisés,brisées,11,F,brisés,-11.056164,brisées,-11.554029,1
10802,P_NOUN_8_PASS_b,M,P,les jouets avec les gemmes que j' aime beaucoup ne sont probablement pas cachés <eos>,13,cachés,cachées,11,F,cachés,-7.3320756,cachées,-10.034721,1
10803,P_NOUN_8_PASS_b,M,P,les jouets avec les gemmes que j' aime beaucoup ne sont probablement pas cassés <eos>,13,cassés,cassées,11,F,cassés,-9.717853,cassées,-11.477667,1
10804,P_NOUN_8_PASS_b,M,P,les jouets avec les gemmes que j' aime beaucoup ne sont probablement pas couverts <eos>,13,couverts,couvertes,11,F,couverts,-8.215937,couvertes,-11.194397,1
10805,P_NOUN_8_PASS_b,M,P,les jouets avec les gemmes que j' aime beaucoup ne sont probablement pas déformés <eos>,13,déformés,déformées,11,F,déformés,-11.60183,déformées,-10.902746,0
10806,P_NOUN_8_PASS_b,M,P,les jouets avec les gemmes que j' aime beaucoup ne sont probablement pas fixés <eos>,13,fixés,fixées,11,F,fixés,-8.687745,fixées,-11.314926,1
10807,P_NOUN_8_PASS_b,M,P,les jouets avec les gemmes que j' aime beaucoup ne sont probablement pas jetés <eos>,13,jetés,jetées,11,F,jetés,-8.687135,jetées,-11.525581,1
10808,P_NOUN_8_PASS_b,M,P,les jouets avec les gemmes que j' aime beaucoup ne sont probablement pas laissés <eos>,13,laissés,laissées,11,F,laissés,-8.274143,laissées,-11.153513,1
10809,P_NOUN_8_PASS_b,M,P,les jouets avec les gemmes que j' aime beaucoup ne sont probablement pas ouverts <eos>,13,ouverts,ouvertes,11,F,ouverts,-8.076211,ouvertes,-11.117727,1
10810,P_NOUN_8_PASS_b,M,P,les jouets avec les gemmes que j' aime beaucoup ne sont probablement pas perdus <eos>,13,perdus,perdues,11,F,perdus,-7.1147146,perdues,-10.066447,1
10811,P_NOUN_8_PASS_b,M,P,les jouets avec les gemmes que j' aime beaucoup ne sont probablement pas réparés <eos>,13,réparés,réparées,11,F,réparés,-11.24729,réparées,-12.016311,1
10812,P_NOUN_8_PASS_b,M,P,les jouets avec les gemmes que j' aime beaucoup ne sont probablement pas retirés <eos>,13,retirés,retirées,11,F,retirés,-9.566707,retirées,-10.934069,1
10813,P_NOUN_8_PASS_b,M,P,les jouets avec les gemmes que j' aime beaucoup ne sont probablement pas tombés <eos>,13,tombés,tombées,11,F,tombés,-7.278963,tombées,-10.618558,1
10814,P_NOUN_8_PASS_b,M,P,les jouets avec les gemmes que j' aime beaucoup ne sont probablement pas utilisés <eos>,13,utilisés,utilisées,11,F,utilisés,-5.674079,utilisées,-8.526967,1
10815,P_NOUN_8_PASS_b,M,P,les jouets avec les chaises que j' aime beaucoup ne sont probablement pas achetés <eos>,13,achetés,achetées,11,F,achetés,-9.19064,achetées,-12.770312,1
10816,P_NOUN_8_PASS_b,M,P,les jouets avec les chaises que j' aime beaucoup ne sont probablement pas brisés <eos>,13,brisés,brisées,11,F,brisés,-10.900099,brisées,-11.317596,1
10817,P_NOUN_8_PASS_b,M,P,les jouets avec les chaises que j' aime beaucoup ne sont probablement pas cachés <eos>,13,cachés,cachées,11,F,cachés,-8.175971,cachées,-9.854258,1
10818,P_NOUN_8_PASS_b,M,P,les jouets avec les chaises que j' aime beaucoup ne sont probablement pas cassés <eos>,13,cassés,cassées,11,F,cassés,-10.3646755,cassées,-10.89015,1
10819,P_NOUN_8_PASS_b,M,P,les jouets avec les chaises que j' aime beaucoup ne sont probablement pas couverts <eos>,13,couverts,couvertes,11,F,couverts,-7.1037984,couvertes,-10.143589,1
10820,P_NOUN_8_PASS_b,M,P,les jouets avec les chaises que j' aime beaucoup ne sont probablement pas déformés <eos>,13,déformés,déformées,11,F,déformés,-11.670268,déformées,-10.813693,0
10821,P_NOUN_8_PASS_b,M,P,les jouets avec les chaises que j' aime beaucoup ne sont probablement pas fixés <eos>,13,fixés,fixées,11,F,fixés,-8.881691,fixées,-10.788258,1
10822,P_NOUN_8_PASS_b,M,P,les jouets avec les chaises que j' aime beaucoup ne sont probablement pas jetés <eos>,13,jetés,jetées,11,F,jetés,-8.67789,jetées,-11.558676,1
10823,P_NOUN_8_PASS_b,M,P,les jouets avec les chaises que j' aime beaucoup ne sont probablement pas laissés <eos>,13,laissés,laissées,11,F,laissés,-8.545145,laissées,-10.674507,1
10824,P_NOUN_8_PASS_b,M,P,les jouets avec les chaises que j' aime beaucoup ne sont probablement pas ouverts <eos>,13,ouverts,ouvertes,11,F,ouverts,-7.185948,ouvertes,-9.873654,1
10825,P_NOUN_8_PASS_b,M,P,les jouets avec les chaises que j' aime beaucoup ne sont probablement pas perdus <eos>,13,perdus,perdues,11,F,perdus,-7.3166084,perdues,-10.16919,1
10826,P_NOUN_8_PASS_b,M,P,les jouets avec les chaises que j' aime beaucoup ne sont probablement pas réparés <eos>,13,réparés,réparées,11,F,réparés,-11.540817,réparées,-11.581985,1
10827,P_NOUN_8_PASS_b,M,P,les jouets avec les chaises que j' aime beaucoup ne sont probablement pas retirés <eos>,13,retirés,retirées,11,F,retirés,-9.902623,retirées,-10.564575,1
10828,P_NOUN_8_PASS_b,M,P,les jouets avec les chaises que j' aime beaucoup ne sont probablement pas tombés <eos>,13,tombés,tombées,11,F,tombés,-7.589019,tombées,-10.598368,1
10829,P_NOUN_8_PASS_b,M,P,les jouets avec les chaises que j' aime beaucoup ne sont probablement pas utilisés <eos>,13,utilisés,utilisées,11,F,utilisés,-5.8989515,utilisées,-8.5177765,1
10830,P_NOUN_8_PASS_b,M,P,les jouets avec les poubelles que j' aime beaucoup ne sont probablement pas achetés <eos>,13,achetés,achetées,11,F,achetés,-8.924133,achetées,-12.695954,1
10831,P_NOUN_8_PASS_b,M,P,les jouets avec les poubelles que j' aime beaucoup ne sont probablement pas brisés <eos>,13,brisés,brisées,11,F,brisés,-11.077574,brisées,-11.62122,1
10832,P_NOUN_8_PASS_b,M,P,les jouets avec les poubelles que j' aime beaucoup ne sont probablement pas cachés <eos>,13,cachés,cachées,11,F,cachés,-7.640868,cachées,-10.047569,1
10833,P_NOUN_8_PASS_b,M,P,les jouets avec les poubelles que j' aime beaucoup ne sont probablement pas cassés <eos>,13,cassés,cassées,11,F,cassés,-10.087753,cassées,-11.201795,1
10834,P_NOUN_8_PASS_b,M,P,les jouets avec les poubelles que j' aime beaucoup ne sont probablement pas couverts <eos>,13,couverts,couvertes,11,F,couverts,-7.368436,couvertes,-10.285529,1
10835,P_NOUN_8_PASS_b,M,P,les jouets avec les poubelles que j' aime beaucoup ne sont probablement pas déformés <eos>,13,déformés,déformées,11,F,déformés,-11.794744,déformées,-10.832767,0
10836,P_NOUN_8_PASS_b,M,P,les jouets avec les poubelles que j' aime beaucoup ne sont probablement pas fixés <eos>,13,fixés,fixées,11,F,fixés,-8.652893,fixées,-10.989589,1
10837,P_NOUN_8_PASS_b,M,P,les jouets avec les poubelles que j' aime beaucoup ne sont probablement pas jetés <eos>,13,jetés,jetées,11,F,jetés,-8.279691,jetées,-11.214765,1
10838,P_NOUN_8_PASS_b,M,P,les jouets avec les poubelles que j' aime beaucoup ne sont probablement pas laissés <eos>,13,laissés,laissées,11,F,laissés,-8.29898,laissées,-10.88074,1
10839,P_NOUN_8_PASS_b,M,P,les jouets avec les poubelles que j' aime beaucoup ne sont probablement pas ouverts <eos>,13,ouverts,ouvertes,11,F,ouverts,-7.022852,ouvertes,-9.927391,1
10840,P_NOUN_8_PASS_b,M,P,les jouets avec les poubelles que j' aime beaucoup ne sont probablement pas perdus <eos>,13,perdus,perdues,11,F,perdus,-7.3062706,perdues,-10.24961,1
10841,P_NOUN_8_PASS_b,M,P,les jouets avec les poubelles que j' aime beaucoup ne sont probablement pas réparés <eos>,13,réparés,réparées,11,F,réparés,-11.403845,réparées,-11.582205,1
10842,P_NOUN_8_PASS_b,M,P,les jouets avec les poubelles que j' aime beaucoup ne sont probablement pas retirés <eos>,13,retirés,retirées,11,F,retirés,-9.620003,retirées,-10.797724,1
10843,P_NOUN_8_PASS_b,M,P,les jouets avec les poubelles que j' aime beaucoup ne sont probablement pas tombés <eos>,13,tombés,tombées,11,F,tombés,-7.5885725,tombées,-10.91898,1
10844,P_NOUN_8_PASS_b,M,P,les jouets avec les poubelles que j' aime beaucoup ne sont probablement pas utilisés <eos>,13,utilisés,utilisées,11,F,utilisés,-5.6902695,utilisées,-8.398239,1
10845,P_NOUN_8_PASS_b,M,P,les jouets avec les chemises que j' aime beaucoup ne sont probablement pas achetés <eos>,13,achetés,achetées,11,F,achetés,-9.012526,achetées,-12.226772,1
10846,P_NOUN_8_PASS_b,M,P,les jouets avec les chemises que j' aime beaucoup ne sont probablement pas brisés <eos>,13,brisés,brisées,11,F,brisés,-11.110934,brisées,-11.280096,1
10847,P_NOUN_8_PASS_b,M,P,les jouets avec les chemises que j' aime beaucoup ne sont probablement pas cachés <eos>,13,cachés,cachées,11,F,cachés,-7.89793,cachées,-9.952028,1
10848,P_NOUN_8_PASS_b,M,P,les jouets avec les chemises que j' aime beaucoup ne sont probablement pas cassés <eos>,13,cassés,cassées,11,F,cassés,-10.198172,cassées,-10.426027,1
10849,P_NOUN_8_PASS_b,M,P,les jouets avec les chemises que j' aime beaucoup ne sont probablement pas couverts <eos>,13,couverts,couvertes,11,F,couverts,-7.8812056,couvertes,-10.435529,1
10850,P_NOUN_8_PASS_b,M,P,les jouets avec les chemises que j' aime beaucoup ne sont probablement pas déformés <eos>,13,déformés,déformées,11,F,déformés,-11.720376,déformées,-10.558155,0
10851,P_NOUN_8_PASS_b,M,P,les jouets avec les chemises que j' aime beaucoup ne sont probablement pas fixés <eos>,13,fixés,fixées,11,F,fixés,-8.887935,fixées,-10.564858,1
10852,P_NOUN_8_PASS_b,M,P,les jouets avec les chemises que j' aime beaucoup ne sont probablement pas jetés <eos>,13,jetés,jetées,11,F,jetés,-8.511379,jetées,-10.588879,1
10853,P_NOUN_8_PASS_b,M,P,les jouets avec les chemises que j' aime beaucoup ne sont probablement pas laissés <eos>,13,laissés,laissées,11,F,laissés,-8.51195,laissées,-10.6716385,1
10854,P_NOUN_8_PASS_b,M,P,les jouets avec les chemises que j' aime beaucoup ne sont probablement pas ouverts <eos>,13,ouverts,ouvertes,11,F,ouverts,-8.18252,ouvertes,-10.636574,1
10855,P_NOUN_8_PASS_b,M,P,les jouets avec les chemises que j' aime beaucoup ne sont probablement pas perdus <eos>,13,perdus,perdues,11,F,perdus,-7.433813,perdues,-9.793406,1
10856,P_NOUN_8_PASS_b,M,P,les jouets avec les chemises que j' aime beaucoup ne sont probablement pas réparés <eos>,13,réparés,réparées,11,F,réparés,-11.702816,réparées,-11.706389,1
10857,P_NOUN_8_PASS_b,M,P,les jouets avec les chemises que j' aime beaucoup ne sont probablement pas retirés <eos>,13,retirés,retirées,11,F,retirés,-9.575254,retirées,-10.261194,1
10858,P_NOUN_8_PASS_b,M,P,les jouets avec les chemises que j' aime beaucoup ne sont probablement pas tombés <eos>,13,tombés,tombées,11,F,tombés,-6.980773,tombées,-10.166508,1
10859,P_NOUN_8_PASS_b,M,P,les jouets avec les chemises que j' aime beaucoup ne sont probablement pas utilisés <eos>,13,utilisés,utilisées,11,F,utilisés,-5.6795864,utilisées,-7.9971256,1
10860,P_NOUN_8_PASS_b,M,P,les jouets avec les recettes que j' aime beaucoup ne sont probablement pas achetés <eos>,13,achetés,achetées,11,F,achetés,-8.45677,achetées,-12.133973,1
10861,P_NOUN_8_PASS_b,M,P,les jouets avec les recettes que j' aime beaucoup ne sont probablement pas brisés <eos>,13,brisés,brisées,11,F,brisés,-11.711761,brisées,-12.122025,1
10862,P_NOUN_8_PASS_b,M,P,les jouets avec les recettes que j' aime beaucoup ne sont probablement pas cachés <eos>,13,cachés,cachées,11,F,cachés,-7.9735956,cachées,-11.069422,1
10863,P_NOUN_8_PASS_b,M,P,les jouets avec les recettes que j' aime beaucoup ne sont probablement pas cassés <eos>,13,cassés,cassées,11,F,cassés,-10.204151,cassées,-12.087063,1
10864,P_NOUN_8_PASS_b,M,P,les jouets avec les recettes que j' aime beaucoup ne sont probablement pas couverts <eos>,13,couverts,couvertes,11,F,couverts,-7.723501,couvertes,-11.13081,1
10865,P_NOUN_8_PASS_b,M,P,les jouets avec les recettes que j' aime beaucoup ne sont probablement pas déformés <eos>,13,déformés,déformées,11,F,déformés,-12.553102,déformées,-11.699022,0
10866,P_NOUN_8_PASS_b,M,P,les jouets avec les recettes que j' aime beaucoup ne sont probablement pas fixés <eos>,13,fixés,fixées,11,F,fixés,-8.343693,fixées,-11.572312,1
10867,P_NOUN_8_PASS_b,M,P,les jouets avec les recettes que j' aime beaucoup ne sont probablement pas jetés <eos>,13,jetés,jetées,11,F,jetés,-9.009075,jetées,-12.228369,1
10868,P_NOUN_8_PASS_b,M,P,les jouets avec les recettes que j' aime beaucoup ne sont probablement pas laissés <eos>,13,laissés,laissées,11,F,laissés,-8.859086,laissées,-11.059651,1
10869,P_NOUN_8_PASS_b,M,P,les jouets avec les recettes que j' aime beaucoup ne sont probablement pas ouverts <eos>,13,ouverts,ouvertes,11,F,ouverts,-7.735939,ouvertes,-11.094822,1
10870,P_NOUN_8_PASS_b,M,P,les jouets avec les recettes que j' aime beaucoup ne sont probablement pas perdus <eos>,13,perdus,perdues,11,F,perdus,-7.30851,perdues,-10.473958,1
10871,P_NOUN_8_PASS_b,M,P,les jouets avec les recettes que j' aime beaucoup ne sont probablement pas réparés <eos>,13,réparés,réparées,11,F,réparés,-11.498201,réparées,-12.243018,1
10872,P_NOUN_8_PASS_b,M,P,les jouets avec les recettes que j' aime beaucoup ne sont probablement pas retirés <eos>,13,retirés,retirées,11,F,retirés,-9.554683,retirées,-10.897392,1
10873,P_NOUN_8_PASS_b,M,P,les jouets avec les recettes que j' aime beaucoup ne sont probablement pas tombés <eos>,13,tombés,tombées,11,F,tombés,-7.500766,tombées,-11.19975,1
10874,P_NOUN_8_PASS_b,M,P,les jouets avec les recettes que j' aime beaucoup ne sont probablement pas utilisés <eos>,13,utilisés,utilisées,11,F,utilisés,-5.788608,utilisées,-8.737291,1
10875,P_NOUN_8_PASS_b,M,P,les jouets avec les jupes que j' aime beaucoup ne sont probablement pas achetés <eos>,13,achetés,achetées,11,F,achetés,-8.960564,achetées,-12.575999,1
10876,P_NOUN_8_PASS_b,M,P,les jouets avec les jupes que j' aime beaucoup ne sont probablement pas brisés <eos>,13,brisés,brisées,11,F,brisés,-11.169532,brisées,-11.732236,1
10877,P_NOUN_8_PASS_b,M,P,les jouets avec les jupes que j' aime beaucoup ne sont probablement pas cachés <eos>,13,cachés,cachées,11,F,cachés,-7.990471,cachées,-10.547504,1
10878,P_NOUN_8_PASS_b,M,P,les jouets avec les jupes que j' aime beaucoup ne sont probablement pas cassés <eos>,13,cassés,cassées,11,F,cassés,-10.09214,cassées,-10.692051,1
10879,P_NOUN_8_PASS_b,M,P,les jouets avec les jupes que j' aime beaucoup ne sont probablement pas couverts <eos>,13,couverts,couvertes,11,F,couverts,-7.9094467,couvertes,-10.678188,1
10880,P_NOUN_8_PASS_b,M,P,les jouets avec les jupes que j' aime beaucoup ne sont probablement pas déformés <eos>,13,déformés,déformées,11,F,déformés,-11.641201,déformées,-10.797787,0
10881,P_NOUN_8_PASS_b,M,P,les jouets avec les jupes que j' aime beaucoup ne sont probablement pas fixés <eos>,13,fixés,fixées,11,F,fixés,-8.549114,fixées,-10.956461,1
10882,P_NOUN_8_PASS_b,M,P,les jouets avec les jupes que j' aime beaucoup ne sont probablement pas jetés <eos>,13,jetés,jetées,11,F,jetés,-8.995849,jetées,-11.680801,1
10883,P_NOUN_8_PASS_b,M,P,les jouets avec les jupes que j' aime beaucoup ne sont probablement pas laissés <eos>,13,laissés,laissées,11,F,laissés,-9.034396,laissées,-11.203792,1
10884,P_NOUN_8_PASS_b,M,P,les jouets avec les jupes que j' aime beaucoup ne sont probablement pas ouverts <eos>,13,ouverts,ouvertes,11,F,ouverts,-7.547757,ouvertes,-10.668499,1
10885,P_NOUN_8_PASS_b,M,P,les jouets avec les jupes que j' aime beaucoup ne sont probablement pas perdus <eos>,13,perdus,perdues,11,F,perdus,-7.680482,perdues,-10.791403,1
10886,P_NOUN_8_PASS_b,M,P,les jouets avec les jupes que j' aime beaucoup ne sont probablement pas réparés <eos>,13,réparés,réparées,11,F,réparés,-11.799934,réparées,-11.902548,1
10887,P_NOUN_8_PASS_b,M,P,les jouets avec les jupes que j' aime beaucoup ne sont probablement pas retirés <eos>,13,retirés,retirées,11,F,retirés,-9.720597,retirées,-10.61899,1
10888,P_NOUN_8_PASS_b,M,P,les jouets avec les jupes que j' aime beaucoup ne sont probablement pas tombés <eos>,13,tombés,tombées,11,F,tombés,-7.685217,tombées,-10.96873,1
10889,P_NOUN_8_PASS_b,M,P,les jouets avec les jupes que j' aime beaucoup ne sont probablement pas utilisés <eos>,13,utilisés,utilisées,11,F,utilisés,-5.600935,utilisées,-8.420313,1
10890,P_NOUN_8_PASS_b,M,P,les jouets avec les colles que j' aime beaucoup ne sont probablement pas achetés <eos>,13,achetés,achetées,11,F,achetés,-9.147032,achetées,-12.442081,1
10891,P_NOUN_8_PASS_b,M,P,les jouets avec les colles que j' aime beaucoup ne sont probablement pas brisés <eos>,13,brisés,brisées,11,F,brisés,-11.2645035,brisées,-11.658747,1
10892,P_NOUN_8_PASS_b,M,P,les jouets avec les colles que j' aime beaucoup ne sont probablement pas cachés <eos>,13,cachés,cachées,11,F,cachés,-8.48486,cachées,-10.522146,1
10893,P_NOUN_8_PASS_b,M,P,les jouets avec les colles que j' aime beaucoup ne sont probablement pas cassés <eos>,13,cassés,cassées,11,F,cassés,-9.739734,cassées,-10.735365,1
10894,P_NOUN_8_PASS_b,M,P,les jouets avec les colles que j' aime beaucoup ne sont probablement pas couverts <eos>,13,couverts,couvertes,11,F,couverts,-7.839422,couvertes,-10.398669,1
10895,P_NOUN_8_PASS_b,M,P,les jouets avec les colles que j' aime beaucoup ne sont probablement pas déformés <eos>,13,déformés,déformées,11,F,déformés,-12.002866,déformées,-10.282339,0
10896,P_NOUN_8_PASS_b,M,P,les jouets avec les colles que j' aime beaucoup ne sont probablement pas fixés <eos>,13,fixés,fixées,11,F,fixés,-8.875746,fixées,-11.00013,1
10897,P_NOUN_8_PASS_b,M,P,les jouets avec les colles que j' aime beaucoup ne sont probablement pas jetés <eos>,13,jetés,jetées,11,F,jetés,-9.281267,jetées,-11.75588,1
10898,P_NOUN_8_PASS_b,M,P,les jouets avec les colles que j' aime beaucoup ne sont probablement pas laissés <eos>,13,laissés,laissées,11,F,laissés,-8.948664,laissées,-10.410271,1
10899,P_NOUN_8_PASS_b,M,P,les jouets avec les colles que j' aime beaucoup ne sont probablement pas ouverts <eos>,13,ouverts,ouvertes,11,F,ouverts,-7.6406946,ouvertes,-10.30621,1
10900,P_NOUN_8_PASS_b,M,P,les jouets avec les colles que j' aime beaucoup ne sont probablement pas perdus <eos>,13,perdus,perdues,11,F,perdus,-7.667398,perdues,-10.237658,1
10901,P_NOUN_8_PASS_b,M,P,les jouets avec les colles que j' aime beaucoup ne sont probablement pas réparés <eos>,13,réparés,réparées,11,F,réparés,-11.412249,réparées,-11.299704,0
10902,P_NOUN_8_PASS_b,M,P,les jouets avec les colles que j' aime beaucoup ne sont probablement pas retirés <eos>,13,retirés,retirées,11,F,retirés,-9.494915,retirées,-10.489859,1
10903,P_NOUN_8_PASS_b,M,P,les jouets avec les colles que j' aime beaucoup ne sont probablement pas tombés <eos>,13,tombés,tombées,11,F,tombés,-8.117584,tombées,-10.869678,1
10904,P_NOUN_8_PASS_b,M,P,les jouets avec les colles que j' aime beaucoup ne sont probablement pas utilisés <eos>,13,utilisés,utilisées,11,F,utilisés,-5.373122,utilisées,-7.6955233,1
10905,P_NOUN_8_PASS_b,M,P,les jouets avec les lampes que j' aime beaucoup ne sont probablement pas achetés <eos>,13,achetés,achetées,11,F,achetés,-8.967134,achetées,-12.83468,1
10906,P_NOUN_8_PASS_b,M,P,les jouets avec les lampes que j' aime beaucoup ne sont probablement pas brisés <eos>,13,brisés,brisées,11,F,brisés,-11.002137,brisées,-11.6352625,1
10907,P_NOUN_8_PASS_b,M,P,les jouets avec les lampes que j' aime beaucoup ne sont probablement pas cachés <eos>,13,cachés,cachées,11,F,cachés,-7.6488957,cachées,-10.313927,1
10908,P_NOUN_8_PASS_b,M,P,les jouets avec les lampes que j' aime beaucoup ne sont probablement pas cassés <eos>,13,cassés,cassées,11,F,cassés,-10.191718,cassées,-10.907041,1
10909,P_NOUN_8_PASS_b,M,P,les jouets avec les lampes que j' aime beaucoup ne sont probablement pas couverts <eos>,13,couverts,couvertes,11,F,couverts,-7.852645,couvertes,-10.7951975,1
10910,P_NOUN_8_PASS_b,M,P,les jouets avec les lampes que j' aime beaucoup ne sont probablement pas déformés <eos>,13,déformés,déformées,11,F,déformés,-11.411366,déformées,-10.269887,0
10911,P_NOUN_8_PASS_b,M,P,les jouets avec les lampes que j' aime beaucoup ne sont probablement pas fixés <eos>,13,fixés,fixées,11,F,fixés,-8.549443,fixées,-10.840978,1
10912,P_NOUN_8_PASS_b,M,P,les jouets avec les lampes que j' aime beaucoup ne sont probablement pas jetés <eos>,13,jetés,jetées,11,F,jetés,-8.491934,jetées,-11.1939945,1
10913,P_NOUN_8_PASS_b,M,P,les jouets avec les lampes que j' aime beaucoup ne sont probablement pas laissés <eos>,13,laissés,laissées,11,F,laissés,-8.7727585,laissées,-11.330282,1
10914,P_NOUN_8_PASS_b,M,P,les jouets avec les lampes que j' aime beaucoup ne sont probablement pas ouverts <eos>,13,ouverts,ouvertes,11,F,ouverts,-7.6011486,ouvertes,-10.647979,1
10915,P_NOUN_8_PASS_b,M,P,les jouets avec les lampes que j' aime beaucoup ne sont probablement pas perdus <eos>,13,perdus,perdues,11,F,perdus,-7.322001,perdues,-10.121563,1
10916,P_NOUN_8_PASS_b,M,P,les jouets avec les lampes que j' aime beaucoup ne sont probablement pas réparés <eos>,13,réparés,réparées,11,F,réparés,-11.718435,réparées,-11.72213,1
10917,P_NOUN_8_PASS_b,M,P,les jouets avec les lampes que j' aime beaucoup ne sont probablement pas retirés <eos>,13,retirés,retirées,11,F,retirés,-9.558266,retirées,-10.477273,1
10918,P_NOUN_8_PASS_b,M,P,les jouets avec les lampes que j' aime beaucoup ne sont probablement pas tombés <eos>,13,tombés,tombées,11,F,tombés,-7.758536,tombées,-10.746994,1
10919,P_NOUN_8_PASS_b,M,P,les jouets avec les lampes que j' aime beaucoup ne sont probablement pas utilisés <eos>,13,utilisés,utilisées,11,F,utilisés,-5.281871,utilisées,-8.170951,1
10920,P_NOUN_8_PASS_b,M,P,les jouets avec les bouteilles que j' aime beaucoup ne sont probablement pas achetés <eos>,13,achetés,achetées,11,F,achetés,-8.656986,achetées,-12.07437,1
10921,P_NOUN_8_PASS_b,M,P,les jouets avec les bouteilles que j' aime beaucoup ne sont probablement pas brisés <eos>,13,brisés,brisées,11,F,brisés,-11.405622,brisées,-11.772756,1
10922,P_NOUN_8_PASS_b,M,P,les jouets avec les bouteilles que j' aime beaucoup ne sont probablement pas cachés <eos>,13,cachés,cachées,11,F,cachés,-7.673789,cachées,-10.435663,1
10923,P_NOUN_8_PASS_b,M,P,les jouets avec les bouteilles que j' aime beaucoup ne sont probablement pas cassés <eos>,13,cassés,cassées,11,F,cassés,-9.935682,cassées,-11.022531,1
10924,P_NOUN_8_PASS_b,M,P,les jouets avec les bouteilles que j' aime beaucoup ne sont probablement pas couverts <eos>,13,couverts,couvertes,11,F,couverts,-7.7620215,couvertes,-10.937111,1
10925,P_NOUN_8_PASS_b,M,P,les jouets avec les bouteilles que j' aime beaucoup ne sont probablement pas déformés <eos>,13,déformés,déformées,11,F,déformés,-11.900827,déformées,-10.863416,0
10926,P_NOUN_8_PASS_b,M,P,les jouets avec les bouteilles que j' aime beaucoup ne sont probablement pas fixés <eos>,13,fixés,fixées,11,F,fixés,-8.762476,fixées,-11.441614,1
10927,P_NOUN_8_PASS_b,M,P,les jouets avec les bouteilles que j' aime beaucoup ne sont probablement pas jetés <eos>,13,jetés,jetées,11,F,jetés,-8.66941,jetées,-11.930106,1
10928,P_NOUN_8_PASS_b,M,P,les jouets avec les bouteilles que j' aime beaucoup ne sont probablement pas laissés <eos>,13,laissés,laissées,11,F,laissés,-8.758501,laissées,-10.933258,1
10929,P_NOUN_8_PASS_b,M,P,les jouets avec les bouteilles que j' aime beaucoup ne sont probablement pas ouverts <eos>,13,ouverts,ouvertes,11,F,ouverts,-7.664459,ouvertes,-10.662336,1
10930,P_NOUN_8_PASS_b,M,P,les jouets avec les bouteilles que j' aime beaucoup ne sont probablement pas perdus <eos>,13,perdus,perdues,11,F,perdus,-7.327919,perdues,-10.342742,1
10931,P_NOUN_8_PASS_b,M,P,les jouets avec les bouteilles que j' aime beaucoup ne sont probablement pas réparés <eos>,13,réparés,réparées,11,F,réparés,-11.971302,réparées,-12.048084,1
10932,P_NOUN_8_PASS_b,M,P,les jouets avec les bouteilles que j' aime beaucoup ne sont probablement pas retirés <eos>,13,retirés,retirées,11,F,retirés,-9.652437,retirées,-10.822152,1
10933,P_NOUN_8_PASS_b,M,P,les jouets avec les bouteilles que j' aime beaucoup ne sont probablement pas tombés <eos>,13,tombés,tombées,11,F,tombés,-7.6855884,tombées,-10.964214,1
10934,P_NOUN_8_PASS_b,M,P,les jouets avec les bouteilles que j' aime beaucoup ne sont probablement pas utilisés <eos>,13,utilisés,utilisées,11,F,utilisés,-5.8333673,utilisées,-8.561807,1
10935,P_NOUN_8_PASS_b,M,P,les jouets avec les boissons que j' aime beaucoup ne sont probablement pas achetés <eos>,13,achetés,achetées,11,F,achetés,-8.718965,achetées,-11.328144,1
10936,P_NOUN_8_PASS_b,M,P,les jouets avec les boissons que j' aime beaucoup ne sont probablement pas brisés <eos>,13,brisés,brisées,11,F,brisés,-11.907462,brisées,-11.069559,0
10937,P_NOUN_8_PASS_b,M,P,les jouets avec les boissons que j' aime beaucoup ne sont probablement pas cachés <eos>,13,cachés,cachées,11,F,cachés,-8.180492,cachées,-9.8506155,1
10938,P_NOUN_8_PASS_b,M,P,les jouets avec les boissons que j' aime beaucoup ne sont probablement pas cassés <eos>,13,cassés,cassées,11,F,cassés,-10.017235,cassées,-10.494954,1
10939,P_NOUN_8_PASS_b,M,P,les jouets avec les boissons que j' aime beaucoup ne sont probablement pas couverts <eos>,13,couverts,couvertes,11,F,couverts,-7.5744886,couvertes,-9.545302,1
10940,P_NOUN_8_PASS_b,M,P,les jouets avec les boissons que j' aime beaucoup ne sont probablement pas déformés <eos>,13,déformés,déformées,11,F,déformés,-12.680304,déformées,-10.384293,0
10941,P_NOUN_8_PASS_b,M,P,les jouets avec les boissons que j' aime beaucoup ne sont probablement pas fixés <eos>,13,fixés,fixées,11,F,fixés,-9.015636,fixées,-10.6374855,1
10942,P_NOUN_8_PASS_b,M,P,les jouets avec les boissons que j' aime beaucoup ne sont probablement pas jetés <eos>,13,jetés,jetées,11,F,jetés,-9.073618,jetées,-10.5666065,1
10943,P_NOUN_8_PASS_b,M,P,les jouets avec les boissons que j' aime beaucoup ne sont probablement pas laissés <eos>,13,laissés,laissées,11,F,laissés,-8.669398,laissées,-9.442774,1
10944,P_NOUN_8_PASS_b,M,P,les jouets avec les boissons que j' aime beaucoup ne sont probablement pas ouverts <eos>,13,ouverts,ouvertes,11,F,ouverts,-8.128254,ouvertes,-9.6876335,1
10945,P_NOUN_8_PASS_b,M,P,les jouets avec les boissons que j' aime beaucoup ne sont probablement pas perdus <eos>,13,perdus,perdues,11,F,perdus,-7.887928,perdues,-9.472655,1
10946,P_NOUN_8_PASS_b,M,P,les jouets avec les boissons que j' aime beaucoup ne sont probablement pas réparés <eos>,13,réparés,réparées,11,F,réparés,-11.627399,réparées,-11.173687,0
10947,P_NOUN_8_PASS_b,M,P,les jouets avec les boissons que j' aime beaucoup ne sont probablement pas retirés <eos>,13,retirés,retirées,11,F,retirés,-9.608719,retirées,-9.821786,1
10948,P_NOUN_8_PASS_b,M,P,les jouets avec les boissons que j' aime beaucoup ne sont probablement pas tombés <eos>,13,tombés,tombées,11,F,tombés,-7.6797333,tombées,-10.13615,1
10949,P_NOUN_8_PASS_b,M,P,les jouets avec les boissons que j' aime beaucoup ne sont probablement pas utilisés <eos>,13,utilisés,utilisées,11,F,utilisés,-5.4256983,utilisées,-7.0001783,1
10950,P_NOUN_8_PASS_b,M,P,les jouets avec les pommes que j' aime beaucoup ne sont probablement pas achetés <eos>,13,achetés,achetées,11,F,achetés,-8.441761,achetées,-10.812091,1
10951,P_NOUN_8_PASS_b,M,P,les jouets avec les pommes que j' aime beaucoup ne sont probablement pas brisés <eos>,13,brisés,brisées,11,F,brisés,-11.547718,brisées,-10.920231,0
10952,P_NOUN_8_PASS_b,M,P,les jouets avec les pommes que j' aime beaucoup ne sont probablement pas cachés <eos>,13,cachés,cachées,11,F,cachés,-7.8032913,cachées,-9.264008,1
10953,P_NOUN_8_PASS_b,M,P,les jouets avec les pommes que j' aime beaucoup ne sont probablement pas cassés <eos>,13,cassés,cassées,11,F,cassés,-9.514967,cassées,-10.329385,1
10954,P_NOUN_8_PASS_b,M,P,les jouets avec les pommes que j' aime beaucoup ne sont probablement pas couverts <eos>,13,couverts,couvertes,11,F,couverts,-7.7838783,couvertes,-9.681451,1
10955,P_NOUN_8_PASS_b,M,P,les jouets avec les pommes que j' aime beaucoup ne sont probablement pas déformés <eos>,13,déformés,déformées,11,F,déformés,-12.512131,déformées,-10.409309,0
10956,P_NOUN_8_PASS_b,M,P,les jouets avec les pommes que j' aime beaucoup ne sont probablement pas fixés <eos>,13,fixés,fixées,11,F,fixés,-9.092825,fixées,-10.750492,1
10957,P_NOUN_8_PASS_b,M,P,les jouets avec les pommes que j' aime beaucoup ne sont probablement pas jetés <eos>,13,jetés,jetées,11,F,jetés,-9.130327,jetées,-10.304528,1
10958,P_NOUN_8_PASS_b,M,P,les jouets avec les pommes que j' aime beaucoup ne sont probablement pas laissés <eos>,13,laissés,laissées,11,F,laissés,-8.306313,laissées,-9.7425995,1
10959,P_NOUN_8_PASS_b,M,P,les jouets avec les pommes que j' aime beaucoup ne sont probablement pas ouverts <eos>,13,ouverts,ouvertes,11,F,ouverts,-8.194934,ouvertes,-9.97499,1
10960,P_NOUN_8_PASS_b,M,P,les jouets avec les pommes que j' aime beaucoup ne sont probablement pas perdus <eos>,13,perdus,perdues,11,F,perdus,-7.7613273,perdues,-9.202862,1
10961,P_NOUN_8_PASS_b,M,P,les jouets avec les pommes que j' aime beaucoup ne sont probablement pas réparés <eos>,13,réparés,réparées,11,F,réparés,-11.906698,réparées,-11.328018,0
10962,P_NOUN_8_PASS_b,M,P,les jouets avec les pommes que j' aime beaucoup ne sont probablement pas retirés <eos>,13,retirés,retirées,11,F,retirés,-9.520732,retirées,-9.8629265,1
10963,P_NOUN_8_PASS_b,M,P,les jouets avec les pommes que j' aime beaucoup ne sont probablement pas tombés <eos>,13,tombés,tombées,11,F,tombés,-7.367367,tombées,-9.526063,1
10964,P_NOUN_8_PASS_b,M,P,les jouets avec les pommes que j' aime beaucoup ne sont probablement pas utilisés <eos>,13,utilisés,utilisées,11,F,utilisés,-5.8723373,utilisées,-7.3186417,1
10965,P_NOUN_8_PASS_b,M,P,les jouets avec les tasses que j' aime beaucoup ne sont probablement pas achetés <eos>,13,achetés,achetées,11,F,achetés,-8.802808,achetées,-11.955735,1
10966,P_NOUN_8_PASS_b,M,P,les jouets avec les tasses que j' aime beaucoup ne sont probablement pas brisés <eos>,13,brisés,brisées,11,F,brisés,-11.003198,brisées,-11.291327,1
10967,P_NOUN_8_PASS_b,M,P,les jouets avec les tasses que j' aime beaucoup ne sont probablement pas cachés <eos>,13,cachés,cachées,11,F,cachés,-8.338236,cachées,-10.46611,1
10968,P_NOUN_8_PASS_b,M,P,les jouets avec les tasses que j' aime beaucoup ne sont probablement pas cassés <eos>,13,cassés,cassées,11,F,cassés,-9.814177,cassées,-10.723202,1
10969,P_NOUN_8_PASS_b,M,P,les jouets avec les tasses que j' aime beaucoup ne sont probablement pas couverts <eos>,13,couverts,couvertes,11,F,couverts,-7.323768,couvertes,-10.278414,1
10970,P_NOUN_8_PASS_b,M,P,les jouets avec les tasses que j' aime beaucoup ne sont probablement pas déformés <eos>,13,déformés,déformées,11,F,déformés,-11.944903,déformées,-10.569866,0
10971,P_NOUN_8_PASS_b,M,P,les jouets avec les tasses que j' aime beaucoup ne sont probablement pas fixés <eos>,13,fixés,fixées,11,F,fixés,-8.774535,fixées,-10.883333,1
10972,P_NOUN_8_PASS_b,M,P,les jouets avec les tasses que j' aime beaucoup ne sont probablement pas jetés <eos>,13,jetés,jetées,11,F,jetés,-8.909869,jetées,-11.557184,1
10973,P_NOUN_8_PASS_b,M,P,les jouets avec les tasses que j' aime beaucoup ne sont probablement pas laissés <eos>,13,laissés,laissées,11,F,laissés,-8.720642,laissées,-10.277345,1
10974,P_NOUN_8_PASS_b,M,P,les jouets avec les tasses que j' aime beaucoup ne sont probablement pas ouverts <eos>,13,ouverts,ouvertes,11,F,ouverts,-7.5387874,ouvertes,-10.239943,1
10975,P_NOUN_8_PASS_b,M,P,les jouets avec les tasses que j' aime beaucoup ne sont probablement pas perdus <eos>,13,perdus,perdues,11,F,perdus,-7.1957645,perdues,-9.927181,1
10976,P_NOUN_8_PASS_b,M,P,les jouets avec les tasses que j' aime beaucoup ne sont probablement pas réparés <eos>,13,réparés,réparées,11,F,réparés,-11.6308975,réparées,-11.428987,0
10977,P_NOUN_8_PASS_b,M,P,les jouets avec les tasses que j' aime beaucoup ne sont probablement pas retirés <eos>,13,retirés,retirées,11,F,retirés,-9.422321,retirées,-10.345266,1
10978,P_NOUN_8_PASS_b,M,P,les jouets avec les tasses que j' aime beaucoup ne sont probablement pas tombés <eos>,13,tombés,tombées,11,F,tombés,-7.8096027,tombées,-10.653914,1
10979,P_NOUN_8_PASS_b,M,P,les jouets avec les tasses que j' aime beaucoup ne sont probablement pas utilisés <eos>,13,utilisés,utilisées,11,F,utilisés,-5.581566,utilisées,-8.011418,1
10980,P_NOUN_8_PASS_b,M,P,les jouets avec les bougies que j' aime beaucoup ne sont probablement pas achetés <eos>,13,achetés,achetées,11,F,achetés,-9.171373,achetées,-12.251827,1
10981,P_NOUN_8_PASS_b,M,P,les jouets avec les bougies que j' aime beaucoup ne sont probablement pas brisés <eos>,13,brisés,brisées,11,F,brisés,-10.935136,brisées,-11.731952,1
10982,P_NOUN_8_PASS_b,M,P,les jouets avec les bougies que j' aime beaucoup ne sont probablement pas cachés <eos>,13,cachés,cachées,11,F,cachés,-7.55583,cachées,-10.227982,1
10983,P_NOUN_8_PASS_b,M,P,les jouets avec les bougies que j' aime beaucoup ne sont probablement pas cassés <eos>,13,cassés,cassées,11,F,cassés,-9.926605,cassées,-11.094021,1
10984,P_NOUN_8_PASS_b,M,P,les jouets avec les bougies que j' aime beaucoup ne sont probablement pas couverts <eos>,13,couverts,couvertes,11,F,couverts,-7.88381,couvertes,-11.06762,1
10985,P_NOUN_8_PASS_b,M,P,les jouets avec les bougies que j' aime beaucoup ne sont probablement pas déformés <eos>,13,déformés,déformées,11,F,déformés,-11.538827,déformées,-10.939447,0
10986,P_NOUN_8_PASS_b,M,P,les jouets avec les bougies que j' aime beaucoup ne sont probablement pas fixés <eos>,13,fixés,fixées,11,F,fixés,-8.645767,fixées,-11.1098,1
10987,P_NOUN_8_PASS_b,M,P,les jouets avec les bougies que j' aime beaucoup ne sont probablement pas jetés <eos>,13,jetés,jetées,11,F,jetés,-8.321929,jetées,-11.40367,1
10988,P_NOUN_8_PASS_b,M,P,les jouets avec les bougies que j' aime beaucoup ne sont probablement pas laissés <eos>,13,laissés,laissées,11,F,laissés,-8.428558,laissées,-11.251812,1
10989,P_NOUN_8_PASS_b,M,P,les jouets avec les bougies que j' aime beaucoup ne sont probablement pas ouverts <eos>,13,ouverts,ouvertes,11,F,ouverts,-7.808342,ouvertes,-10.746898,1
10990,P_NOUN_8_PASS_b,M,P,les jouets avec les bougies que j' aime beaucoup ne sont probablement pas perdus <eos>,13,perdus,perdues,11,F,perdus,-7.238531,perdues,-10.307604,1
10991,P_NOUN_8_PASS_b,M,P,les jouets avec les bougies que j' aime beaucoup ne sont probablement pas réparés <eos>,13,réparés,réparées,11,F,réparés,-11.596771,réparées,-11.937344,1
10992,P_NOUN_8_PASS_b,M,P,les jouets avec les bougies que j' aime beaucoup ne sont probablement pas retirés <eos>,13,retirés,retirées,11,F,retirés,-9.519355,retirées,-10.694011,1
10993,P_NOUN_8_PASS_b,M,P,les jouets avec les bougies que j' aime beaucoup ne sont probablement pas tombés <eos>,13,tombés,tombées,11,F,tombés,-6.5982,tombées,-10.559112,1
10994,P_NOUN_8_PASS_b,M,P,les jouets avec les bougies que j' aime beaucoup ne sont probablement pas utilisés <eos>,13,utilisés,utilisées,11,F,utilisés,-5.8197365,utilisées,-8.608053,1
10995,P_NOUN_8_PASS_b,M,P,les jouets avec les pochettes que j' aime beaucoup ne sont probablement pas achetés <eos>,13,achetés,achetées,11,F,achetés,-9.000189,achetées,-11.313599,1
10996,P_NOUN_8_PASS_b,M,P,les jouets avec les pochettes que j' aime beaucoup ne sont probablement pas brisés <eos>,13,brisés,brisées,11,F,brisés,-11.743637,brisées,-11.534632,0
10997,P_NOUN_8_PASS_b,M,P,les jouets avec les pochettes que j' aime beaucoup ne sont probablement pas cachés <eos>,13,cachés,cachées,11,F,cachés,-8.662606,cachées,-9.975046,1
10998,P_NOUN_8_PASS_b,M,P,les jouets avec les pochettes que j' aime beaucoup ne sont probablement pas cassés <eos>,13,cassés,cassées,11,F,cassés,-11.120399,cassées,-11.193386,1
10999,P_NOUN_8_PASS_b,M,P,les jouets avec les pochettes que j' aime beaucoup ne sont probablement pas couverts <eos>,13,couverts,couvertes,11,F,couverts,-8.755093,couvertes,-10.427996,1
11000,P_NOUN_8_PASS_b,M,P,les jouets avec les pochettes que j' aime beaucoup ne sont probablement pas déformés <eos>,13,déformés,déformées,11,F,déformés,-12.024246,déformées,-9.987001,0
11001,P_NOUN_8_PASS_b,M,P,les jouets avec les pochettes que j' aime beaucoup ne sont probablement pas fixés <eos>,13,fixés,fixées,11,F,fixés,-9.780196,fixées,-11.428179,1
11002,P_NOUN_8_PASS_b,M,P,les jouets avec les pochettes que j' aime beaucoup ne sont probablement pas jetés <eos>,13,jetés,jetées,11,F,jetés,-9.707233,jetées,-12.258574,1
11003,P_NOUN_8_PASS_b,M,P,les jouets avec les pochettes que j' aime beaucoup ne sont probablement pas laissés <eos>,13,laissés,laissées,11,F,laissés,-9.198304,laissées,-9.818314,1
11004,P_NOUN_8_PASS_b,M,P,les jouets avec les pochettes que j' aime beaucoup ne sont probablement pas ouverts <eos>,13,ouverts,ouvertes,11,F,ouverts,-7.477373,ouvertes,-9.178794,1
11005,P_NOUN_8_PASS_b,M,P,les jouets avec les pochettes que j' aime beaucoup ne sont probablement pas perdus <eos>,13,perdus,perdues,11,F,perdus,-7.5349045,perdues,-9.546041,1
11006,P_NOUN_8_PASS_b,M,P,les jouets avec les pochettes que j' aime beaucoup ne sont probablement pas réparés <eos>,13,réparés,réparées,11,F,réparés,-12.26717,réparées,-11.234148,0
11007,P_NOUN_8_PASS_b,M,P,les jouets avec les pochettes que j' aime beaucoup ne sont probablement pas retirés <eos>,13,retirés,retirées,11,F,retirés,-10.0736475,retirées,-9.992752,0
11008,P_NOUN_8_PASS_b,M,P,les jouets avec les pochettes que j' aime beaucoup ne sont probablement pas tombés <eos>,13,tombés,tombées,11,F,tombés,-8.892181,tombées,-11.004482,1
11009,P_NOUN_8_PASS_b,M,P,les jouets avec les pochettes que j' aime beaucoup ne sont probablement pas utilisés <eos>,13,utilisés,utilisées,11,F,utilisés,-6.078157,utilisées,-7.844072,1
11010,P_NOUN_8_PASS_b,M,P,les jouets avec les bananes que j' aime beaucoup ne sont probablement pas achetés <eos>,13,achetés,achetées,11,F,achetés,-8.623869,achetées,-12.600601,1
11011,P_NOUN_8_PASS_b,M,P,les jouets avec les bananes que j' aime beaucoup ne sont probablement pas brisés <eos>,13,brisés,brisées,11,F,brisés,-11.18078,brisées,-11.873564,1
11012,P_NOUN_8_PASS_b,M,P,les jouets avec les bananes que j' aime beaucoup ne sont probablement pas cachés <eos>,13,cachés,cachées,11,F,cachés,-8.256004,cachées,-11.047132,1
11013,P_NOUN_8_PASS_b,M,P,les jouets avec les bananes que j' aime beaucoup ne sont probablement pas cassés <eos>,13,cassés,cassées,11,F,cassés,-9.868778,cassées,-11.180803,1
11014,P_NOUN_8_PASS_b,M,P,les jouets avec les bananes que j' aime beaucoup ne sont probablement pas couverts <eos>,13,couverts,couvertes,11,F,couverts,-7.549366,couvertes,-10.978879,1
11015,P_NOUN_8_PASS_b,M,P,les jouets avec les bananes que j' aime beaucoup ne sont probablement pas déformés <eos>,13,déformés,déformées,11,F,déformés,-12.081491,déformées,-11.277464,0
11016,P_NOUN_8_PASS_b,M,P,les jouets avec les bananes que j' aime beaucoup ne sont probablement pas fixés <eos>,13,fixés,fixées,11,F,fixés,-8.59409,fixées,-11.494981,1
11017,P_NOUN_8_PASS_b,M,P,les jouets avec les bananes que j' aime beaucoup ne sont probablement pas jetés <eos>,13,jetés,jetées,11,F,jetés,-9.2047615,jetées,-11.301683,1
11018,P_NOUN_8_PASS_b,M,P,les jouets avec les bananes que j' aime beaucoup ne sont probablement pas laissés <eos>,13,laissés,laissées,11,F,laissés,-8.336065,laissées,-10.983376,1
11019,P_NOUN_8_PASS_b,M,P,les jouets avec les bananes que j' aime beaucoup ne sont probablement pas ouverts <eos>,13,ouverts,ouvertes,11,F,ouverts,-7.9116545,ouvertes,-11.23072,1
11020,P_NOUN_8_PASS_b,M,P,les jouets avec les bananes que j' aime beaucoup ne sont probablement pas perdus <eos>,13,perdus,perdues,11,F,perdus,-7.452916,perdues,-10.677945,1
11021,P_NOUN_8_PASS_b,M,P,les jouets avec les bananes que j' aime beaucoup ne sont probablement pas réparés <eos>,13,réparés,réparées,11,F,réparés,-11.864725,réparées,-12.512703,1
11022,P_NOUN_8_PASS_b,M,P,les jouets avec les bananes que j' aime beaucoup ne sont probablement pas retirés <eos>,13,retirés,retirées,11,F,retirés,-9.684837,retirées,-11.217449,1
11023,P_NOUN_8_PASS_b,M,P,les jouets avec les bananes que j' aime beaucoup ne sont probablement pas tombés <eos>,13,tombés,tombées,11,F,tombés,-7.528534,tombées,-10.83486,1
11024,P_NOUN_8_PASS_b,M,P,les jouets avec les bananes que j' aime beaucoup ne sont probablement pas utilisés <eos>,13,utilisés,utilisées,11,F,utilisés,-5.65498,utilisées,-8.583593,1
11025,P_NOUN_8_PASS_b,M,P,les jouets avec les robes que j' aime beaucoup ne sont probablement pas achetés <eos>,13,achetés,achetées,11,F,achetés,-9.202315,achetées,-12.802016,1
11026,P_NOUN_8_PASS_b,M,P,les jouets avec les robes que j' aime beaucoup ne sont probablement pas brisés <eos>,13,brisés,brisées,11,F,brisés,-11.551737,brisées,-11.987163,1
11027,P_NOUN_8_PASS_b,M,P,les jouets avec les robes que j' aime beaucoup ne sont probablement pas cachés <eos>,13,cachés,cachées,11,F,cachés,-8.1071005,cachées,-10.748974,1
11028,P_NOUN_8_PASS_b,M,P,les jouets avec les robes que j' aime beaucoup ne sont probablement pas cassés <eos>,13,cassés,cassées,11,F,cassés,-10.508592,cassées,-11.087859,1
11029,P_NOUN_8_PASS_b,M,P,les jouets avec les robes que j' aime beaucoup ne sont probablement pas couverts <eos>,13,couverts,couvertes,11,F,couverts,-8.022028,couvertes,-10.847887,1
11030,P_NOUN_8_PASS_b,M,P,les jouets avec les robes que j' aime beaucoup ne sont probablement pas déformés <eos>,13,déformés,déformées,11,F,déformés,-11.668559,déformées,-11.057432,0
11031,P_NOUN_8_PASS_b,M,P,les jouets avec les robes que j' aime beaucoup ne sont probablement pas fixés <eos>,13,fixés,fixées,11,F,fixés,-8.987893,fixées,-11.24674,1
11032,P_NOUN_8_PASS_b,M,P,les jouets avec les robes que j' aime beaucoup ne sont probablement pas jetés <eos>,13,jetés,jetées,11,F,jetés,-9.307489,jetées,-11.723976,1
11033,P_NOUN_8_PASS_b,M,P,les jouets avec les robes que j' aime beaucoup ne sont probablement pas laissés <eos>,13,laissés,laissées,11,F,laissés,-9.063284,laissées,-10.979963,1
11034,P_NOUN_8_PASS_b,M,P,les jouets avec les robes que j' aime beaucoup ne sont probablement pas ouverts <eos>,13,ouverts,ouvertes,11,F,ouverts,-7.9823303,ouvertes,-10.786692,1
11035,P_NOUN_8_PASS_b,M,P,les jouets avec les robes que j' aime beaucoup ne sont probablement pas perdus <eos>,13,perdus,perdues,11,F,perdus,-8.01038,perdues,-10.671064,1
11036,P_NOUN_8_PASS_b,M,P,les jouets avec les robes que j' aime beaucoup ne sont probablement pas réparés <eos>,13,réparés,réparées,11,F,réparés,-11.75011,réparées,-12.222353,1
11037,P_NOUN_8_PASS_b,M,P,les jouets avec les robes que j' aime beaucoup ne sont probablement pas retirés <eos>,13,retirés,retirées,11,F,retirés,-9.878007,retirées,-10.979362,1
11038,P_NOUN_8_PASS_b,M,P,les jouets avec les robes que j' aime beaucoup ne sont probablement pas tombés <eos>,13,tombés,tombées,11,F,tombés,-7.5113215,tombées,-10.995831,1
11039,P_NOUN_8_PASS_b,M,P,les jouets avec les robes que j' aime beaucoup ne sont probablement pas utilisés <eos>,13,utilisés,utilisées,11,F,utilisés,-5.663355,utilisées,-8.347448,1
11040,P_NOUN_8_PASS_b,M,P,les jouets avec les valises que j' aime beaucoup ne sont probablement pas achetés <eos>,13,achetés,achetées,11,F,achetés,-9.088382,achetées,-12.473359,1
11041,P_NOUN_8_PASS_b,M,P,les jouets avec les valises que j' aime beaucoup ne sont probablement pas brisés <eos>,13,brisés,brisées,11,F,brisés,-11.467018,brisées,-11.690874,1
11042,P_NOUN_8_PASS_b,M,P,les jouets avec les valises que j' aime beaucoup ne sont probablement pas cachés <eos>,13,cachés,cachées,11,F,cachés,-7.753292,cachées,-9.855636,1
11043,P_NOUN_8_PASS_b,M,P,les jouets avec les valises que j' aime beaucoup ne sont probablement pas cassés <eos>,13,cassés,cassées,11,F,cassés,-10.491702,cassées,-11.502429,1
11044,P_NOUN_8_PASS_b,M,P,les jouets avec les valises que j' aime beaucoup ne sont probablement pas couverts <eos>,13,couverts,couvertes,11,F,couverts,-7.637001,couvertes,-10.3559675,1
11045,P_NOUN_8_PASS_b,M,P,les jouets avec les valises que j' aime beaucoup ne sont probablement pas déformés <eos>,13,déformés,déformées,11,F,déformés,-12.085326,déformées,-10.871645,0
11046,P_NOUN_8_PASS_b,M,P,les jouets avec les valises que j' aime beaucoup ne sont probablement pas fixés <eos>,13,fixés,fixées,11,F,fixés,-8.740544,fixées,-10.965311,1
11047,P_NOUN_8_PASS_b,M,P,les jouets avec les valises que j' aime beaucoup ne sont probablement pas jetés <eos>,13,jetés,jetées,11,F,jetés,-8.918947,jetées,-11.397366,1
11048,P_NOUN_8_PASS_b,M,P,les jouets avec les valises que j' aime beaucoup ne sont probablement pas laissés <eos>,13,laissés,laissées,11,F,laissés,-8.561384,laissées,-10.581834,1
11049,P_NOUN_8_PASS_b,M,P,les jouets avec les valises que j' aime beaucoup ne sont probablement pas ouverts <eos>,13,ouverts,ouvertes,11,F,ouverts,-7.241555,ouvertes,-9.90461,1
11050,P_NOUN_8_PASS_b,M,P,les jouets avec les valises que j' aime beaucoup ne sont probablement pas perdus <eos>,13,perdus,perdues,11,F,perdus,-7.527782,perdues,-10.159567,1
11051,P_NOUN_8_PASS_b,M,P,les jouets avec les valises que j' aime beaucoup ne sont probablement pas réparés <eos>,13,réparés,réparées,11,F,réparés,-11.874855,réparées,-11.764553,0
11052,P_NOUN_8_PASS_b,M,P,les jouets avec les valises que j' aime beaucoup ne sont probablement pas retirés <eos>,13,retirés,retirées,11,F,retirés,-10.040432,retirées,-10.73939,1
11053,P_NOUN_8_PASS_b,M,P,les jouets avec les valises que j' aime beaucoup ne sont probablement pas tombés <eos>,13,tombés,tombées,11,F,tombés,-7.890897,tombées,-10.84964,1
11054,P_NOUN_8_PASS_b,M,P,les jouets avec les valises que j' aime beaucoup ne sont probablement pas utilisés <eos>,13,utilisés,utilisées,11,F,utilisés,-6.0815287,utilisées,-8.495279,1
11055,P_NOUN_8_PASS_b,M,P,les jouets avec les pendules que j' aime beaucoup ne sont probablement pas achetés <eos>,13,achetés,achetées,11,F,achetés,-8.983789,achetées,-12.259555,1
11056,P_NOUN_8_PASS_b,M,P,les jouets avec les pendules que j' aime beaucoup ne sont probablement pas brisés <eos>,13,brisés,brisées,11,F,brisés,-11.019349,brisées,-11.268796,1
11057,P_NOUN_8_PASS_b,M,P,les jouets avec les pendules que j' aime beaucoup ne sont probablement pas cachés <eos>,13,cachés,cachées,11,F,cachés,-7.6861086,cachées,-10.010447,1
11058,P_NOUN_8_PASS_b,M,P,les jouets avec les pendules que j' aime beaucoup ne sont probablement pas cassés <eos>,13,cassés,cassées,11,F,cassés,-9.910881,cassées,-10.47659,1
11059,P_NOUN_8_PASS_b,M,P,les jouets avec les pendules que j' aime beaucoup ne sont probablement pas couverts <eos>,13,couverts,couvertes,11,F,couverts,-7.943322,couvertes,-10.530803,1
11060,P_NOUN_8_PASS_b,M,P,les jouets avec les pendules que j' aime beaucoup ne sont probablement pas déformés <eos>,13,déformés,déformées,11,F,déformés,-11.490356,déformées,-10.130885,0
11061,P_NOUN_8_PASS_b,M,P,les jouets avec les pendules que j' aime beaucoup ne sont probablement pas fixés <eos>,13,fixés,fixées,11,F,fixés,-8.5979595,fixées,-10.528518,1
11062,P_NOUN_8_PASS_b,M,P,les jouets avec les pendules que j' aime beaucoup ne sont probablement pas jetés <eos>,13,jetés,jetées,11,F,jetés,-8.39015,jetées,-11.036477,1
11063,P_NOUN_8_PASS_b,M,P,les jouets avec les pendules que j' aime beaucoup ne sont probablement pas laissés <eos>,13,laissés,laissées,11,F,laissés,-8.760885,laissées,-10.803886,1
11064,P_NOUN_8_PASS_b,M,P,les jouets avec les pendules que j' aime beaucoup ne sont probablement pas ouverts <eos>,13,ouverts,ouvertes,11,F,ouverts,-7.7124567,ouvertes,-10.360246,1
11065,P_NOUN_8_PASS_b,M,P,les jouets avec les pendules que j' aime beaucoup ne sont probablement pas perdus <eos>,13,perdus,perdues,11,F,perdus,-7.5515723,perdues,-10.010011,1
11066,P_NOUN_8_PASS_b,M,P,les jouets avec les pendules que j' aime beaucoup ne sont probablement pas réparés <eos>,13,réparés,réparées,11,F,réparés,-11.949018,réparées,-11.438499,0
11067,P_NOUN_8_PASS_b,M,P,les jouets avec les pendules que j' aime beaucoup ne sont probablement pas retirés <eos>,13,retirés,retirées,11,F,retirés,-9.541374,retirées,-10.0452,1
11068,P_NOUN_8_PASS_b,M,P,les jouets avec les pendules que j' aime beaucoup ne sont probablement pas tombés <eos>,13,tombés,tombées,11,F,tombés,-7.946477,tombées,-10.49581,1
11069,P_NOUN_8_PASS_b,M,P,les jouets avec les pendules que j' aime beaucoup ne sont probablement pas utilisés <eos>,13,utilisés,utilisées,11,F,utilisés,-5.4614935,utilisées,-7.898409,1
11070,P_NOUN_8_PASS_b,M,P,les jouets avec les cloches que j' aime beaucoup ne sont probablement pas achetés <eos>,13,achetés,achetées,11,F,achetés,-9.262682,achetées,-12.982254,1
11071,P_NOUN_8_PASS_b,M,P,les jouets avec les cloches que j' aime beaucoup ne sont probablement pas brisés <eos>,13,brisés,brisées,11,F,brisés,-10.586263,brisées,-11.586576,1
11072,P_NOUN_8_PASS_b,M,P,les jouets avec les cloches que j' aime beaucoup ne sont probablement pas cachés <eos>,13,cachés,cachées,11,F,cachés,-7.479391,cachées,-10.296671,1
11073,P_NOUN_8_PASS_b,M,P,les jouets avec les cloches que j' aime beaucoup ne sont probablement pas cassés <eos>,13,cassés,cassées,11,F,cassés,-9.837694,cassées,-11.373962,1
11074,P_NOUN_8_PASS_b,M,P,les jouets avec les cloches que j' aime beaucoup ne sont probablement pas couverts <eos>,13,couverts,couvertes,11,F,couverts,-7.409583,couvertes,-10.850846,1
11075,P_NOUN_8_PASS_b,M,P,les jouets avec les cloches que j' aime beaucoup ne sont probablement pas déformés <eos>,13,déformés,déformées,11,F,déformés,-11.727814,déformées,-11.47069,0
11076,P_NOUN_8_PASS_b,M,P,les jouets avec les cloches que j' aime beaucoup ne sont probablement pas fixés <eos>,13,fixés,fixées,11,F,fixés,-8.830236,fixées,-11.40013,1
11077,P_NOUN_8_PASS_b,M,P,les jouets avec les cloches que j' aime beaucoup ne sont probablement pas jetés <eos>,13,jetés,jetées,11,F,jetés,-8.162044,jetées,-11.433651,1
11078,P_NOUN_8_PASS_b,M,P,les jouets avec les cloches que j' aime beaucoup ne sont probablement pas laissés <eos>,13,laissés,laissées,11,F,laissés,-8.218681,laissées,-11.49491,1
11079,P_NOUN_8_PASS_b,M,P,les jouets avec les cloches que j' aime beaucoup ne sont probablement pas ouverts <eos>,13,ouverts,ouvertes,11,F,ouverts,-7.8261337,ouvertes,-10.611051,1
11080,P_NOUN_8_PASS_b,M,P,les jouets avec les cloches que j' aime beaucoup ne sont probablement pas perdus <eos>,13,perdus,perdues,11,F,perdus,-6.9751835,perdues,-10.0276,1
11081,P_NOUN_8_PASS_b,M,P,les jouets avec les cloches que j' aime beaucoup ne sont probablement pas réparés <eos>,13,réparés,réparées,11,F,réparés,-10.934987,réparées,-11.684065,1
11082,P_NOUN_8_PASS_b,M,P,les jouets avec les cloches que j' aime beaucoup ne sont probablement pas retirés <eos>,13,retirés,retirées,11,F,retirés,-9.359552,retirées,-10.584604,1
11083,P_NOUN_8_PASS_b,M,P,les jouets avec les cloches que j' aime beaucoup ne sont probablement pas tombés <eos>,13,tombés,tombées,11,F,tombés,-6.6116734,tombées,-10.3706255,1
11084,P_NOUN_8_PASS_b,M,P,les jouets avec les cloches que j' aime beaucoup ne sont probablement pas utilisés <eos>,13,utilisés,utilisées,11,F,utilisés,-5.857335,utilisées,-8.884827,1
11085,P_NOUN_8_PASS_b,M,P,les jouets avec les cerises que j' aime beaucoup ne sont probablement pas achetés <eos>,13,achetés,achetées,11,F,achetés,-8.575107,achetées,-12.429786,1
11086,P_NOUN_8_PASS_b,M,P,les jouets avec les cerises que j' aime beaucoup ne sont probablement pas brisés <eos>,13,brisés,brisées,11,F,brisés,-11.00885,brisées,-12.046532,1
11087,P_NOUN_8_PASS_b,M,P,les jouets avec les cerises que j' aime beaucoup ne sont probablement pas cachés <eos>,13,cachés,cachées,11,F,cachés,-8.292707,cachées,-10.996866,1
11088,P_NOUN_8_PASS_b,M,P,les jouets avec les cerises que j' aime beaucoup ne sont probablement pas cassés <eos>,13,cassés,cassées,11,F,cassés,-9.948214,cassées,-11.371233,1
11089,P_NOUN_8_PASS_b,M,P,les jouets avec les cerises que j' aime beaucoup ne sont probablement pas couverts <eos>,13,couverts,couvertes,11,F,couverts,-7.409919,couvertes,-11.031399,1
11090,P_NOUN_8_PASS_b,M,P,les jouets avec les cerises que j' aime beaucoup ne sont probablement pas déformés <eos>,13,déformés,déformées,11,F,déformés,-11.952131,déformées,-11.425922,0
11091,P_NOUN_8_PASS_b,M,P,les jouets avec les cerises que j' aime beaucoup ne sont probablement pas fixés <eos>,13,fixés,fixées,11,F,fixés,-8.639807,fixées,-11.647138,1
11092,P_NOUN_8_PASS_b,M,P,les jouets avec les cerises que j' aime beaucoup ne sont probablement pas jetés <eos>,13,jetés,jetées,11,F,jetés,-8.931556,jetées,-11.833553,1
11093,P_NOUN_8_PASS_b,M,P,les jouets avec les cerises que j' aime beaucoup ne sont probablement pas laissés <eos>,13,laissés,laissées,11,F,laissés,-8.232578,laissées,-11.1011505,1
11094,P_NOUN_8_PASS_b,M,P,les jouets avec les cerises que j' aime beaucoup ne sont probablement pas ouverts <eos>,13,ouverts,ouvertes,11,F,ouverts,-7.7154675,ouvertes,-10.933022,1
11095,P_NOUN_8_PASS_b,M,P,les jouets avec les cerises que j' aime beaucoup ne sont probablement pas perdus <eos>,13,perdus,perdues,11,F,perdus,-7.5033298,perdues,-10.581593,1
11096,P_NOUN_8_PASS_b,M,P,les jouets avec les cerises que j' aime beaucoup ne sont probablement pas réparés <eos>,13,réparés,réparées,11,F,réparés,-11.515084,réparées,-12.1660185,1
11097,P_NOUN_8_PASS_b,M,P,les jouets avec les cerises que j' aime beaucoup ne sont probablement pas retirés <eos>,13,retirés,retirées,11,F,retirés,-9.605112,retirées,-11.263082,1
11098,P_NOUN_8_PASS_b,M,P,les jouets avec les cerises que j' aime beaucoup ne sont probablement pas tombés <eos>,13,tombés,tombées,11,F,tombés,-7.3477182,tombées,-10.877785,1
11099,P_NOUN_8_PASS_b,M,P,les jouets avec les cerises que j' aime beaucoup ne sont probablement pas utilisés <eos>,13,utilisés,utilisées,11,F,utilisés,-5.9468174,utilisées,-8.777194,1
11100,P_NOUN_8_PASS_b,M,P,les clous avec les gemmes que j' aime beaucoup ne sont probablement pas achetés <eos>,13,achetés,achetées,11,F,achetés,-9.095023,achetées,-12.890089,1
11101,P_NOUN_8_PASS_b,M,P,les clous avec les gemmes que j' aime beaucoup ne sont probablement pas brisés <eos>,13,brisés,brisées,11,F,brisés,-10.271553,brisées,-11.206936,1
11102,P_NOUN_8_PASS_b,M,P,les clous avec les gemmes que j' aime beaucoup ne sont probablement pas cachés <eos>,13,cachés,cachées,11,F,cachés,-7.233359,cachées,-10.336174,1
11103,P_NOUN_8_PASS_b,M,P,les clous avec les gemmes que j' aime beaucoup ne sont probablement pas cassés <eos>,13,cassés,cassées,11,F,cassés,-8.966885,cassées,-10.672521,1
11104,P_NOUN_8_PASS_b,M,P,les clous avec les gemmes que j' aime beaucoup ne sont probablement pas couverts <eos>,13,couverts,couvertes,11,F,couverts,-7.090788,couvertes,-10.427206,1
11105,P_NOUN_8_PASS_b,M,P,les clous avec les gemmes que j' aime beaucoup ne sont probablement pas déformés <eos>,13,déformés,déformées,11,F,déformés,-11.256658,déformées,-10.543231,0
11106,P_NOUN_8_PASS_b,M,P,les clous avec les gemmes que j' aime beaucoup ne sont probablement pas fixés <eos>,13,fixés,fixées,11,F,fixés,-8.09729,fixées,-10.44581,1
11107,P_NOUN_8_PASS_b,M,P,les clous avec les gemmes que j' aime beaucoup ne sont probablement pas jetés <eos>,13,jetés,jetées,11,F,jetés,-7.5738983,jetées,-10.778436,1
11108,P_NOUN_8_PASS_b,M,P,les clous avec les gemmes que j' aime beaucoup ne sont probablement pas laissés <eos>,13,laissés,laissées,11,F,laissés,-7.744089,laissées,-10.780821,1
11109,P_NOUN_8_PASS_b,M,P,les clous avec les gemmes que j' aime beaucoup ne sont probablement pas ouverts <eos>,13,ouverts,ouvertes,11,F,ouverts,-8.194868,ouvertes,-11.115974,1
11110,P_NOUN_8_PASS_b,M,P,les clous avec les gemmes que j' aime beaucoup ne sont probablement pas perdus <eos>,13,perdus,perdues,11,F,perdus,-6.7481194,perdues,-9.695855,1
11111,P_NOUN_8_PASS_b,M,P,les clous avec les gemmes que j' aime beaucoup ne sont probablement pas réparés <eos>,13,réparés,réparées,11,F,réparés,-10.199926,réparées,-11.280021,1
11112,P_NOUN_8_PASS_b,M,P,les clous avec les gemmes que j' aime beaucoup ne sont probablement pas retirés <eos>,13,retirés,retirées,11,F,retirés,-8.575066,retirées,-10.287568,1
11113,P_NOUN_8_PASS_b,M,P,les clous avec les gemmes que j' aime beaucoup ne sont probablement pas tombés <eos>,13,tombés,tombées,11,F,tombés,-6.639735,tombées,-9.903687,1
11114,P_NOUN_8_PASS_b,M,P,les clous avec les gemmes que j' aime beaucoup ne sont probablement pas utilisés <eos>,13,utilisés,utilisées,11,F,utilisés,-4.622619,utilisées,-7.645517,1
11115,P_NOUN_8_PASS_b,M,P,les clous avec les chaises que j' aime beaucoup ne sont probablement pas achetés <eos>,13,achetés,achetées,11,F,achetés,-9.384056,achetées,-13.057728,1
11116,P_NOUN_8_PASS_b,M,P,les clous avec les chaises que j' aime beaucoup ne sont probablement pas brisés <eos>,13,brisés,brisées,11,F,brisés,-9.995129,brisées,-10.839622,1
11117,P_NOUN_8_PASS_b,M,P,les clous avec les chaises que j' aime beaucoup ne sont probablement pas cachés <eos>,13,cachés,cachées,11,F,cachés,-8.08136,cachées,-10.09775,1
11118,P_NOUN_8_PASS_b,M,P,les clous avec les chaises que j' aime beaucoup ne sont probablement pas cassés <eos>,13,cassés,cassées,11,F,cassés,-9.321751,cassées,-10.138737,1
11119,P_NOUN_8_PASS_b,M,P,les clous avec les chaises que j' aime beaucoup ne sont probablement pas couverts <eos>,13,couverts,couvertes,11,F,couverts,-6.1119156,couvertes,-9.476736,1
11120,P_NOUN_8_PASS_b,M,P,les clous avec les chaises que j' aime beaucoup ne sont probablement pas déformés <eos>,13,déformés,déformées,11,F,déformés,-11.404381,déformées,-10.661194,0
11121,P_NOUN_8_PASS_b,M,P,les clous avec les chaises que j' aime beaucoup ne sont probablement pas fixés <eos>,13,fixés,fixées,11,F,fixés,-8.213935,fixées,-10.045378,1
11122,P_NOUN_8_PASS_b,M,P,les clous avec les chaises que j' aime beaucoup ne sont probablement pas jetés <eos>,13,jetés,jetées,11,F,jetés,-7.7401648,jetées,-11.077942,1
11123,P_NOUN_8_PASS_b,M,P,les clous avec les chaises que j' aime beaucoup ne sont probablement pas laissés <eos>,13,laissés,laissées,11,F,laissés,-7.984756,laissées,-10.270475,1
11124,P_NOUN_8_PASS_b,M,P,les clous avec les chaises que j' aime beaucoup ne sont probablement pas ouverts <eos>,13,ouverts,ouvertes,11,F,ouverts,-7.174713,ouvertes,-9.775528,1
11125,P_NOUN_8_PASS_b,M,P,les clous avec les chaises que j' aime beaucoup ne sont probablement pas perdus <eos>,13,perdus,perdues,11,F,perdus,-6.957917,perdues,-9.875087,1
11126,P_NOUN_8_PASS_b,M,P,les clous avec les chaises que j' aime beaucoup ne sont probablement pas réparés <eos>,13,réparés,réparées,11,F,réparés,-10.260729,réparées,-10.706512,1
11127,P_NOUN_8_PASS_b,M,P,les clous avec les chaises que j' aime beaucoup ne sont probablement pas retirés <eos>,13,retirés,retirées,11,F,retirés,-9.015302,retirées,-10.109486,1
11128,P_NOUN_8_PASS_b,M,P,les clous avec les chaises que j' aime beaucoup ne sont probablement pas tombés <eos>,13,tombés,tombées,11,F,tombés,-7.1467285,tombées,-9.983267,1
11129,P_NOUN_8_PASS_b,M,P,les clous avec les chaises que j' aime beaucoup ne sont probablement pas utilisés <eos>,13,utilisés,utilisées,11,F,utilisés,-5.143971,utilisées,-7.9137836,1
11130,P_NOUN_8_PASS_b,M,P,les clous avec les poubelles que j' aime beaucoup ne sont probablement pas achetés <eos>,13,achetés,achetées,11,F,achetés,-9.21132,achetées,-13.050402,1
11131,P_NOUN_8_PASS_b,M,P,les clous avec les poubelles que j' aime beaucoup ne sont probablement pas brisés <eos>,13,brisés,brisées,11,F,brisés,-10.114438,brisées,-11.193074,1
11132,P_NOUN_8_PASS_b,M,P,les clous avec les poubelles que j' aime beaucoup ne sont probablement pas cachés <eos>,13,cachés,cachées,11,F,cachés,-7.7523217,cachées,-10.374903,1
11133,P_NOUN_8_PASS_b,M,P,les clous avec les poubelles que j' aime beaucoup ne sont probablement pas cassés <eos>,13,cassés,cassées,11,F,cassés,-9.219543,cassées,-10.378125,1
11134,P_NOUN_8_PASS_b,M,P,les clous avec les poubelles que j' aime beaucoup ne sont probablement pas couverts <eos>,13,couverts,couvertes,11,F,couverts,-6.5376835,couvertes,-9.535093,1
11135,P_NOUN_8_PASS_b,M,P,les clous avec les poubelles que j' aime beaucoup ne sont probablement pas déformés <eos>,13,déformés,déformées,11,F,déformés,-11.549524,déformées,-10.68606,0
11136,P_NOUN_8_PASS_b,M,P,les clous avec les poubelles que j' aime beaucoup ne sont probablement pas fixés <eos>,13,fixés,fixées,11,F,fixés,-8.04044,fixées,-10.199052,1
11137,P_NOUN_8_PASS_b,M,P,les clous avec les poubelles que j' aime beaucoup ne sont probablement pas jetés <eos>,13,jetés,jetées,11,F,jetés,-7.4888268,jetées,-10.696683,1
11138,P_NOUN_8_PASS_b,M,P,les clous avec les poubelles que j' aime beaucoup ne sont probablement pas laissés <eos>,13,laissés,laissées,11,F,laissés,-7.86867,laissées,-10.438274,1
11139,P_NOUN_8_PASS_b,M,P,les clous avec les poubelles que j' aime beaucoup ne sont probablement pas ouverts <eos>,13,ouverts,ouvertes,11,F,ouverts,-7.1795464,ouvertes,-9.949165,1
11140,P_NOUN_8_PASS_b,M,P,les clous avec les poubelles que j' aime beaucoup ne sont probablement pas perdus <eos>,13,perdus,perdues,11,F,perdus,-6.9421597,perdues,-9.962255,1
11141,P_NOUN_8_PASS_b,M,P,les clous avec les poubelles que j' aime beaucoup ne sont probablement pas réparés <eos>,13,réparés,réparées,11,F,réparés,-10.184514,réparées,-10.715992,1
11142,P_NOUN_8_PASS_b,M,P,les clous avec les poubelles que j' aime beaucoup ne sont probablement pas retirés <eos>,13,retirés,retirées,11,F,retirés,-8.574803,retirées,-10.284582,1
11143,P_NOUN_8_PASS_b,M,P,les clous avec les poubelles que j' aime beaucoup ne sont probablement pas tombés <eos>,13,tombés,tombées,11,F,tombés,-7.1080465,tombées,-10.382932,1
11144,P_NOUN_8_PASS_b,M,P,les clous avec les poubelles que j' aime beaucoup ne sont probablement pas utilisés <eos>,13,utilisés,utilisées,11,F,utilisés,-4.816318,utilisées,-7.6920686,1
11145,P_NOUN_8_PASS_b,M,P,les clous avec les chemises que j' aime beaucoup ne sont probablement pas achetés <eos>,13,achetés,achetées,11,F,achetés,-9.238522,achetées,-12.666914,1
11146,P_NOUN_8_PASS_b,M,P,les clous avec les chemises que j' aime beaucoup ne sont probablement pas brisés <eos>,13,brisés,brisées,11,F,brisés,-10.210859,brisées,-10.933031,1
11147,P_NOUN_8_PASS_b,M,P,les clous avec les chemises que j' aime beaucoup ne sont probablement pas cachés <eos>,13,cachés,cachées,11,F,cachés,-7.8176594,cachées,-10.28989,1
11148,P_NOUN_8_PASS_b,M,P,les clous avec les chemises que j' aime beaucoup ne sont probablement pas cassés <eos>,13,cassés,cassées,11,F,cassés,-9.322726,cassées,-9.6306305,1
11149,P_NOUN_8_PASS_b,M,P,les clous avec les chemises que j' aime beaucoup ne sont probablement pas couverts <eos>,13,couverts,couvertes,11,F,couverts,-7.0429015,couvertes,-9.999966,1
11150,P_NOUN_8_PASS_b,M,P,les clous avec les chemises que j' aime beaucoup ne sont probablement pas déformés <eos>,13,déformés,déformées,11,F,déformés,-11.469757,déformées,-10.505627,0
11151,P_NOUN_8_PASS_b,M,P,les clous avec les chemises que j' aime beaucoup ne sont probablement pas fixés <eos>,13,fixés,fixées,11,F,fixés,-8.241732,fixées,-9.860701,1
11152,P_NOUN_8_PASS_b,M,P,les clous avec les chemises que j' aime beaucoup ne sont probablement pas jetés <eos>,13,jetés,jetées,11,F,jetés,-7.5249515,jetées,-10.115368,1
11153,P_NOUN_8_PASS_b,M,P,les clous avec les chemises que j' aime beaucoup ne sont probablement pas laissés <eos>,13,laissés,laissées,11,F,laissés,-7.955469,laissées,-10.49235,1
11154,P_NOUN_8_PASS_b,M,P,les clous avec les chemises que j' aime beaucoup ne sont probablement pas ouverts <eos>,13,ouverts,ouvertes,11,F,ouverts,-8.157106,ouvertes,-10.703033,1
11155,P_NOUN_8_PASS_b,M,P,les clous avec les chemises que j' aime beaucoup ne sont probablement pas perdus <eos>,13,perdus,perdues,11,F,perdus,-7.1173325,perdues,-9.655904,1
11156,P_NOUN_8_PASS_b,M,P,les clous avec les chemises que j' aime beaucoup ne sont probablement pas réparés <eos>,13,réparés,réparées,11,F,réparés,-10.478163,réparées,-10.998037,1
11157,P_NOUN_8_PASS_b,M,P,les clous avec les chemises que j' aime beaucoup ne sont probablement pas retirés <eos>,13,retirés,retirées,11,F,retirés,-8.576136,retirées,-9.888927,1
11158,P_NOUN_8_PASS_b,M,P,les clous avec les chemises que j' aime beaucoup ne sont probablement pas tombés <eos>,13,tombés,tombées,11,F,tombés,-6.462804,tombées,-9.688086,1
11159,P_NOUN_8_PASS_b,M,P,les clous avec les chemises que j' aime beaucoup ne sont probablement pas utilisés <eos>,13,utilisés,utilisées,11,F,utilisés,-4.737365,utilisées,-7.403517,1
11160,P_NOUN_8_PASS_b,M,P,les clous avec les recettes que j' aime beaucoup ne sont probablement pas achetés <eos>,13,achetés,achetées,11,F,achetés,-8.716145,achetées,-12.3547735,1
11161,P_NOUN_8_PASS_b,M,P,les clous avec les recettes que j' aime beaucoup ne sont probablement pas brisés <eos>,13,brisés,brisées,11,F,brisés,-10.596228,brisées,-11.414823,1
11162,P_NOUN_8_PASS_b,M,P,les clous avec les recettes que j' aime beaucoup ne sont probablement pas cachés <eos>,13,cachés,cachées,11,F,cachés,-7.734498,cachées,-11.084446,1
11163,P_NOUN_8_PASS_b,M,P,les clous avec les recettes que j' aime beaucoup ne sont probablement pas cassés <eos>,13,cassés,cassées,11,F,cassés,-9.12952,cassées,-10.835691,1
11164,P_NOUN_8_PASS_b,M,P,les clous avec les recettes que j' aime beaucoup ne sont probablement pas couverts <eos>,13,couverts,couvertes,11,F,couverts,-6.74636,couvertes,-10.229256,1
11165,P_NOUN_8_PASS_b,M,P,les clous avec les recettes que j' aime beaucoup ne sont probablement pas déformés <eos>,13,déformés,déformées,11,F,déformés,-12.085098,déformées,-11.225009,0
11166,P_NOUN_8_PASS_b,M,P,les clous avec les recettes que j' aime beaucoup ne sont probablement pas fixés <eos>,13,fixés,fixées,11,F,fixés,-7.6168146,fixées,-10.47648,1
11167,P_NOUN_8_PASS_b,M,P,les clous avec les recettes que j' aime beaucoup ne sont probablement pas jetés <eos>,13,jetés,jetées,11,F,jetés,-7.796013,jetées,-11.218326,1
11168,P_NOUN_8_PASS_b,M,P,les clous avec les recettes que j' aime beaucoup ne sont probablement pas laissés <eos>,13,laissés,laissées,11,F,laissés,-8.312567,laissées,-10.577448,1
11169,P_NOUN_8_PASS_b,M,P,les clous avec les recettes que j' aime beaucoup ne sont probablement pas ouverts <eos>,13,ouverts,ouvertes,11,F,ouverts,-8.0031185,ouvertes,-11.029915,1
11170,P_NOUN_8_PASS_b,M,P,les clous avec les recettes que j' aime beaucoup ne sont probablement pas perdus <eos>,13,perdus,perdues,11,F,perdus,-6.9392886,perdues,-9.867115,1
11171,P_NOUN_8_PASS_b,M,P,les clous avec les recettes que j' aime beaucoup ne sont probablement pas réparés <eos>,13,réparés,réparées,11,F,réparés,-10.314526,réparées,-11.253498,1
11172,P_NOUN_8_PASS_b,M,P,les clous avec les recettes que j' aime beaucoup ne sont probablement pas retirés <eos>,13,retirés,retirées,11,F,retirés,-8.462504,retirées,-10.2197275,1
11173,P_NOUN_8_PASS_b,M,P,les clous avec les recettes que j' aime beaucoup ne sont probablement pas tombés <eos>,13,tombés,tombées,11,F,tombés,-7.0472527,tombées,-10.398424,1
11174,P_NOUN_8_PASS_b,M,P,les clous avec les recettes que j' aime beaucoup ne sont probablement pas utilisés <eos>,13,utilisés,utilisées,11,F,utilisés,-4.734852,utilisées,-7.708128,1
11175,P_NOUN_8_PASS_b,M,P,les clous avec les jupes que j' aime beaucoup ne sont probablement pas achetés <eos>,13,achetés,achetées,11,F,achetés,-9.251003,achetées,-12.746099,1
11176,P_NOUN_8_PASS_b,M,P,les clous avec les jupes que j' aime beaucoup ne sont probablement pas brisés <eos>,13,brisés,brisées,11,F,brisés,-10.216991,brisées,-11.172689,1
11177,P_NOUN_8_PASS_b,M,P,les clous avec les jupes que j' aime beaucoup ne sont probablement pas cachés <eos>,13,cachés,cachées,11,F,cachés,-7.9259243,cachées,-10.70427,1
11178,P_NOUN_8_PASS_b,M,P,les clous avec les jupes que j' aime beaucoup ne sont probablement pas cassés <eos>,13,cassés,cassées,11,F,cassés,-9.0647,cassées,-9.685192,1
11179,P_NOUN_8_PASS_b,M,P,les clous avec les jupes que j' aime beaucoup ne sont probablement pas couverts <eos>,13,couverts,couvertes,11,F,couverts,-7.025543,couvertes,-9.944479,1
11180,P_NOUN_8_PASS_b,M,P,les clous avec les jupes que j' aime beaucoup ne sont probablement pas déformés <eos>,13,déformés,déformées,11,F,déformés,-11.491774,déformées,-10.589554,0
11181,P_NOUN_8_PASS_b,M,P,les clous avec les jupes que j' aime beaucoup ne sont probablement pas fixés <eos>,13,fixés,fixées,11,F,fixés,-7.832175,fixées,-9.9303,1
11182,P_NOUN_8_PASS_b,M,P,les clous avec les jupes que j' aime beaucoup ne sont probablement pas jetés <eos>,13,jetés,jetées,11,F,jetés,-8.02416,jetées,-10.924751,1
11183,P_NOUN_8_PASS_b,M,P,les clous avec les jupes que j' aime beaucoup ne sont probablement pas laissés <eos>,13,laissés,laissées,11,F,laissés,-8.494784,laissées,-10.83476,1
11184,P_NOUN_8_PASS_b,M,P,les clous avec les jupes que j' aime beaucoup ne sont probablement pas ouverts <eos>,13,ouverts,ouvertes,11,F,ouverts,-7.62988,ouvertes,-10.536563,1
11185,P_NOUN_8_PASS_b,M,P,les clous avec les jupes que j' aime beaucoup ne sont probablement pas perdus <eos>,13,perdus,perdues,11,F,perdus,-7.211684,perdues,-10.338504,1
11186,P_NOUN_8_PASS_b,M,P,les clous avec les jupes que j' aime beaucoup ne sont probablement pas réparés <eos>,13,réparés,réparées,11,F,réparés,-10.5760975,réparées,-11.0567665,1
11187,P_NOUN_8_PASS_b,M,P,les clous avec les jupes que j' aime beaucoup ne sont probablement pas retirés <eos>,13,retirés,retirées,11,F,retirés,-8.7558,retirées,-10.130462,1
11188,P_NOUN_8_PASS_b,M,P,les clous avec les jupes que j' aime beaucoup ne sont probablement pas tombés <eos>,13,tombés,tombées,11,F,tombés,-7.061913,tombées,-10.26107,1
11189,P_NOUN_8_PASS_b,M,P,les clous avec les jupes que j' aime beaucoup ne sont probablement pas utilisés <eos>,13,utilisés,utilisées,11,F,utilisés,-4.7177777,utilisées,-7.673118,1
11190,P_NOUN_8_PASS_b,M,P,les clous avec les colles que j' aime beaucoup ne sont probablement pas achetés <eos>,13,achetés,achetées,11,F,achetés,-9.300984,achetées,-12.699324,1
11191,P_NOUN_8_PASS_b,M,P,les clous avec les colles que j' aime beaucoup ne sont probablement pas brisés <eos>,13,brisés,brisées,11,F,brisés,-10.298551,brisées,-11.116818,1
11192,P_NOUN_8_PASS_b,M,P,les clous avec les colles que j' aime beaucoup ne sont probablement pas cachés <eos>,13,cachés,cachées,11,F,cachés,-8.184338,cachées,-10.893189,1
11193,P_NOUN_8_PASS_b,M,P,les clous avec les colles que j' aime beaucoup ne sont probablement pas cassés <eos>,13,cassés,cassées,11,F,cassés,-8.630238,cassées,-9.920112,1
11194,P_NOUN_8_PASS_b,M,P,les clous avec les colles que j' aime beaucoup ne sont probablement pas couverts <eos>,13,couverts,couvertes,11,F,couverts,-6.917219,couvertes,-9.650007,1
11195,P_NOUN_8_PASS_b,M,P,les clous avec les colles que j' aime beaucoup ne sont probablement pas déformés <eos>,13,déformés,déformées,11,F,déformés,-11.775125,déformées,-10.040541,0
11196,P_NOUN_8_PASS_b,M,P,les clous avec les colles que j' aime beaucoup ne sont probablement pas fixés <eos>,13,fixés,fixées,11,F,fixés,-8.127602,fixées,-10.085471,1
11197,P_NOUN_8_PASS_b,M,P,les clous avec les colles que j' aime beaucoup ne sont probablement pas jetés <eos>,13,jetés,jetées,11,F,jetés,-8.027204,jetées,-10.92557,1
11198,P_NOUN_8_PASS_b,M,P,les clous avec les colles que j' aime beaucoup ne sont probablement pas laissés <eos>,13,laissés,laissées,11,F,laissés,-8.367507,laissées,-9.924236,1
11199,P_NOUN_8_PASS_b,M,P,les clous avec les colles que j' aime beaucoup ne sont probablement pas ouverts <eos>,13,ouverts,ouvertes,11,F,ouverts,-7.9323006,ouvertes,-10.236708,1
11200,P_NOUN_8_PASS_b,M,P,les clous avec les colles que j' aime beaucoup ne sont probablement pas perdus <eos>,13,perdus,perdues,11,F,perdus,-7.091494,perdues,-9.787193,1
11201,P_NOUN_8_PASS_b,M,P,les clous avec les colles que j' aime beaucoup ne sont probablement pas réparés <eos>,13,réparés,réparées,11,F,réparés,-10.234263,réparées,-10.492065,1
11202,P_NOUN_8_PASS_b,M,P,les clous avec les colles que j' aime beaucoup ne sont probablement pas retirés <eos>,13,retirés,retirées,11,F,retirés,-8.412132,retirées,-9.890012,1
11203,P_NOUN_8_PASS_b,M,P,les clous avec les colles que j' aime beaucoup ne sont probablement pas tombés <eos>,13,tombés,tombées,11,F,tombés,-7.2765684,tombées,-10.192475,1
11204,P_NOUN_8_PASS_b,M,P,les clous avec les colles que j' aime beaucoup ne sont probablement pas utilisés <eos>,13,utilisés,utilisées,11,F,utilisés,-4.4885015,utilisées,-7.0215454,1
11205,P_NOUN_8_PASS_b,M,P,les clous avec les lampes que j' aime beaucoup ne sont probablement pas achetés <eos>,13,achetés,achetées,11,F,achetés,-9.0826645,achetées,-13.052124,1
11206,P_NOUN_8_PASS_b,M,P,les clous avec les lampes que j' aime beaucoup ne sont probablement pas brisés <eos>,13,brisés,brisées,11,F,brisés,-9.867054,brisées,-10.952467,1
11207,P_NOUN_8_PASS_b,M,P,les clous avec les lampes que j' aime beaucoup ne sont probablement pas cachés <eos>,13,cachés,cachées,11,F,cachés,-7.5671463,cachées,-10.632769,1
11208,P_NOUN_8_PASS_b,M,P,les clous avec les lampes que j' aime beaucoup ne sont probablement pas cassés <eos>,13,cassés,cassées,11,F,cassés,-9.030514,cassées,-9.9977665,1
11209,P_NOUN_8_PASS_b,M,P,les clous avec les lampes que j' aime beaucoup ne sont probablement pas couverts <eos>,13,couverts,couvertes,11,F,couverts,-7.0150714,couvertes,-10.1288185,1
11210,P_NOUN_8_PASS_b,M,P,les clous avec les lampes que j' aime beaucoup ne sont probablement pas déformés <eos>,13,déformés,déformées,11,F,déformés,-11.100049,déformées,-9.872727,0
11211,P_NOUN_8_PASS_b,M,P,les clous avec les lampes que j' aime beaucoup ne sont probablement pas fixés <eos>,13,fixés,fixées,11,F,fixés,-7.758662,fixées,-9.836095,1
11212,P_NOUN_8_PASS_b,M,P,les clous avec les lampes que j' aime beaucoup ne sont probablement pas jetés <eos>,13,jetés,jetées,11,F,jetés,-7.3697195,jetées,-10.563772,1
11213,P_NOUN_8_PASS_b,M,P,les clous avec les lampes que j' aime beaucoup ne sont probablement pas laissés <eos>,13,laissés,laissées,11,F,laissés,-8.203098,laissées,-10.781607,1
11214,P_NOUN_8_PASS_b,M,P,les clous avec les lampes que j' aime beaucoup ne sont probablement pas ouverts <eos>,13,ouverts,ouvertes,11,F,ouverts,-7.849413,ouvertes,-10.645377,1
11215,P_NOUN_8_PASS_b,M,P,les clous avec les lampes que j' aime beaucoup ne sont probablement pas perdus <eos>,13,perdus,perdues,11,F,perdus,-6.9319544,perdues,-9.922462,1
11216,P_NOUN_8_PASS_b,M,P,les clous avec les lampes que j' aime beaucoup ne sont probablement pas réparés <eos>,13,réparés,réparées,11,F,réparés,-10.4785,réparées,-10.85001,1
11217,P_NOUN_8_PASS_b,M,P,les clous avec les lampes que j' aime beaucoup ne sont probablement pas retirés <eos>,13,retirés,retirées,11,F,retirés,-8.372343,retirées,-9.727381,1
11218,P_NOUN_8_PASS_b,M,P,les clous avec les lampes que j' aime beaucoup ne sont probablement pas tombés <eos>,13,tombés,tombées,11,F,tombés,-7.1136713,tombées,-10.020507,1
11219,P_NOUN_8_PASS_b,M,P,les clous avec les lampes que j' aime beaucoup ne sont probablement pas utilisés <eos>,13,utilisés,utilisées,11,F,utilisés,-4.1922474,utilisées,-7.283823,1
11220,P_NOUN_8_PASS_b,M,P,les clous avec les bouteilles que j' aime beaucoup ne sont probablement pas achetés <eos>,13,achetés,achetées,11,F,achetés,-8.76019,achetées,-12.1737385,1
11221,P_NOUN_8_PASS_b,M,P,les clous avec les bouteilles que j' aime beaucoup ne sont probablement pas brisés <eos>,13,brisés,brisées,11,F,brisés,-10.432015,brisées,-11.225244,1
11222,P_NOUN_8_PASS_b,M,P,les clous avec les bouteilles que j' aime beaucoup ne sont probablement pas cachés <eos>,13,cachés,cachées,11,F,cachés,-7.6795864,cachées,-10.769154,1
11223,P_NOUN_8_PASS_b,M,P,les clous avec les bouteilles que j' aime beaucoup ne sont probablement pas cassés <eos>,13,cassés,cassées,11,F,cassés,-8.957518,cassées,-10.075384,1
11224,P_NOUN_8_PASS_b,M,P,les clous avec les bouteilles que j' aime beaucoup ne sont probablement pas couverts <eos>,13,couverts,couvertes,11,F,couverts,-6.8772974,couvertes,-10.169305,1
11225,P_NOUN_8_PASS_b,M,P,les clous avec les bouteilles que j' aime beaucoup ne sont probablement pas déformés <eos>,13,déformés,déformées,11,F,déformés,-11.560782,déformées,-10.490834,0
11226,P_NOUN_8_PASS_b,M,P,les clous avec les bouteilles que j' aime beaucoup ne sont probablement pas fixés <eos>,13,fixés,fixées,11,F,fixés,-7.9922543,fixées,-10.566101,1
11227,P_NOUN_8_PASS_b,M,P,les clous avec les bouteilles que j' aime beaucoup ne sont probablement pas jetés <eos>,13,jetés,jetées,11,F,jetés,-7.7393136,jetées,-11.20672,1
11228,P_NOUN_8_PASS_b,M,P,les clous avec les bouteilles que j' aime beaucoup ne sont probablement pas laissés <eos>,13,laissés,laissées,11,F,laissés,-8.204351,laissées,-10.336971,1
11229,P_NOUN_8_PASS_b,M,P,les clous avec les bouteilles que j' aime beaucoup ne sont probablement pas ouverts <eos>,13,ouverts,ouvertes,11,F,ouverts,-7.6050925,ouvertes,-10.552105,1
11230,P_NOUN_8_PASS_b,M,P,les clous avec les bouteilles que j' aime beaucoup ne sont probablement pas perdus <eos>,13,perdus,perdues,11,F,perdus,-6.8734875,perdues,-9.96451,1
11231,P_NOUN_8_PASS_b,M,P,les clous avec les bouteilles que j' aime beaucoup ne sont probablement pas réparés <eos>,13,réparés,réparées,11,F,réparés,-10.554185,réparées,-10.94251,1
11232,P_NOUN_8_PASS_b,M,P,les clous avec les bouteilles que j' aime beaucoup ne sont probablement pas retirés <eos>,13,retirés,retirées,11,F,retirés,-8.663975,retirées,-10.2336235,1
11233,P_NOUN_8_PASS_b,M,P,les clous avec les bouteilles que j' aime beaucoup ne sont probablement pas tombés <eos>,13,tombés,tombées,11,F,tombés,-7.305119,tombées,-10.375715,1
11234,P_NOUN_8_PASS_b,M,P,les clous avec les bouteilles que j' aime beaucoup ne sont probablement pas utilisés <eos>,13,utilisés,utilisées,11,F,utilisés,-4.8217034,utilisées,-7.666021,1
11235,P_NOUN_8_PASS_b,M,P,les clous avec les boissons que j' aime beaucoup ne sont probablement pas achetés <eos>,13,achetés,achetées,11,F,achetés,-8.784746,achetées,-11.504294,1
11236,P_NOUN_8_PASS_b,M,P,les clous avec les boissons que j' aime beaucoup ne sont probablement pas brisés <eos>,13,brisés,brisées,11,F,brisés,-11.198138,brisées,-10.741269,0
11237,P_NOUN_8_PASS_b,M,P,les clous avec les boissons que j' aime beaucoup ne sont probablement pas cachés <eos>,13,cachés,cachées,11,F,cachés,-8.07155,cachées,-10.246228,1
11238,P_NOUN_8_PASS_b,M,P,les clous avec les boissons que j' aime beaucoup ne sont probablement pas cassés <eos>,13,cassés,cassées,11,F,cassés,-9.246721,cassées,-9.857344,1
11239,P_NOUN_8_PASS_b,M,P,les clous avec les boissons que j' aime beaucoup ne sont probablement pas couverts <eos>,13,couverts,couvertes,11,F,couverts,-6.8000555,couvertes,-9.121513,1
11240,P_NOUN_8_PASS_b,M,P,les clous avec les boissons que j' aime beaucoup ne sont probablement pas déformés <eos>,13,déformés,déformées,11,F,déformés,-12.387342,déformées,-10.270092,0
11241,P_NOUN_8_PASS_b,M,P,les clous avec les boissons que j' aime beaucoup ne sont probablement pas fixés <eos>,13,fixés,fixées,11,F,fixés,-8.323757,fixées,-9.982669,1
11242,P_NOUN_8_PASS_b,M,P,les clous avec les boissons que j' aime beaucoup ne sont probablement pas jetés <eos>,13,jetés,jetées,11,F,jetés,-8.205862,jetées,-10.040491,1
11243,P_NOUN_8_PASS_b,M,P,les clous avec les boissons que j' aime beaucoup ne sont probablement pas laissés <eos>,13,laissés,laissées,11,F,laissés,-8.174135,laissées,-9.135774,1
11244,P_NOUN_8_PASS_b,M,P,les clous avec les boissons que j' aime beaucoup ne sont probablement pas ouverts <eos>,13,ouverts,ouvertes,11,F,ouverts,-8.077514,ouvertes,-9.715887,1
11245,P_NOUN_8_PASS_b,M,P,les clous avec les boissons que j' aime beaucoup ne sont probablement pas perdus <eos>,13,perdus,perdues,11,F,perdus,-7.45275,perdues,-9.195169,1
11246,P_NOUN_8_PASS_b,M,P,les clous avec les boissons que j' aime beaucoup ne sont probablement pas réparés <eos>,13,réparés,réparées,11,F,réparés,-10.502041,réparées,-10.5787735,1
11247,P_NOUN_8_PASS_b,M,P,les clous avec les boissons que j' aime beaucoup ne sont probablement pas retirés <eos>,13,retirés,retirées,11,F,retirés,-8.734131,retirées,-9.519411,1
11248,P_NOUN_8_PASS_b,M,P,les clous avec les boissons que j' aime beaucoup ne sont probablement pas tombés <eos>,13,tombés,tombées,11,F,tombés,-7.3081346,tombées,-9.808411,1
11249,P_NOUN_8_PASS_b,M,P,les clous avec les boissons que j' aime beaucoup ne sont probablement pas utilisés <eos>,13,utilisés,utilisées,11,F,utilisés,-4.6130676,utilisées,-6.4271317,1
11250,P_NOUN_8_PASS_b,M,P,les clous avec les pommes que j' aime beaucoup ne sont probablement pas achetés <eos>,13,achetés,achetées,11,F,achetés,-8.660815,achetées,-11.034921,1
11251,P_NOUN_8_PASS_b,M,P,les clous avec les pommes que j' aime beaucoup ne sont probablement pas brisés <eos>,13,brisés,brisées,11,F,brisés,-10.686892,brisées,-10.391144,0
11252,P_NOUN_8_PASS_b,M,P,les clous avec les pommes que j' aime beaucoup ne sont probablement pas cachés <eos>,13,cachés,cachées,11,F,cachés,-7.7349663,cachées,-9.60387,1
11253,P_NOUN_8_PASS_b,M,P,les clous avec les pommes que j' aime beaucoup ne sont probablement pas cassés <eos>,13,cassés,cassées,11,F,cassés,-8.70635,cassées,-9.607364,1
11254,P_NOUN_8_PASS_b,M,P,les clous avec les pommes que j' aime beaucoup ne sont probablement pas couverts <eos>,13,couverts,couvertes,11,F,couverts,-6.8428154,couvertes,-9.052115,1
11255,P_NOUN_8_PASS_b,M,P,les clous avec les pommes que j' aime beaucoup ne sont probablement pas déformés <eos>,13,déformés,déformées,11,F,déformés,-12.221332,déformées,-10.118407,0
11256,P_NOUN_8_PASS_b,M,P,les clous avec les pommes que j' aime beaucoup ne sont probablement pas fixés <eos>,13,fixés,fixées,11,F,fixés,-8.263667,fixées,-9.8325615,1
11257,P_NOUN_8_PASS_b,M,P,les clous avec les pommes que j' aime beaucoup ne sont probablement pas jetés <eos>,13,jetés,jetées,11,F,jetés,-8.139982,jetées,-9.537845,1
11258,P_NOUN_8_PASS_b,M,P,les clous avec les pommes que j' aime beaucoup ne sont probablement pas laissés <eos>,13,laissés,laissées,11,F,laissés,-7.749668,laissées,-9.282575,1
11259,P_NOUN_8_PASS_b,M,P,les clous avec les pommes que j' aime beaucoup ne sont probablement pas ouverts <eos>,13,ouverts,ouvertes,11,F,ouverts,-8.16049,ouvertes,-9.816099,1
11260,P_NOUN_8_PASS_b,M,P,les clous avec les pommes que j' aime beaucoup ne sont probablement pas perdus <eos>,13,perdus,perdues,11,F,perdus,-7.2211866,perdues,-8.766578,1
11261,P_NOUN_8_PASS_b,M,P,les clous avec les pommes que j' aime beaucoup ne sont probablement pas réparés <eos>,13,réparés,réparées,11,F,réparés,-10.549772,réparées,-10.560713,1
11262,P_NOUN_8_PASS_b,M,P,les clous avec les pommes que j' aime beaucoup ne sont probablement pas retirés <eos>,13,retirés,retirées,11,F,retirés,-8.566293,retirées,-9.347694,1
11263,P_NOUN_8_PASS_b,M,P,les clous avec les pommes que j' aime beaucoup ne sont probablement pas tombés <eos>,13,tombés,tombées,11,F,tombés,-6.7840753,tombées,-8.966927,1
11264,P_NOUN_8_PASS_b,M,P,les clous avec les pommes que j' aime beaucoup ne sont probablement pas utilisés <eos>,13,utilisés,utilisées,11,F,utilisés,-4.8246837,utilisées,-6.466554,1
11265,P_NOUN_8_PASS_b,M,P,les clous avec les tasses que j' aime beaucoup ne sont probablement pas achetés <eos>,13,achetés,achetées,11,F,achetés,-9.178202,achetées,-12.300412,1
11266,P_NOUN_8_PASS_b,M,P,les clous avec les tasses que j' aime beaucoup ne sont probablement pas brisés <eos>,13,brisés,brisées,11,F,brisés,-9.9838,brisées,-10.749369,1
11267,P_NOUN_8_PASS_b,M,P,les clous avec les tasses que j' aime beaucoup ne sont probablement pas cachés <eos>,13,cachés,cachées,11,F,cachés,-8.164438,cachées,-10.535642,1
11268,P_NOUN_8_PASS_b,M,P,les clous avec les tasses que j' aime beaucoup ne sont probablement pas cassés <eos>,13,cassés,cassées,11,F,cassés,-8.782387,cassées,-9.874451,1
11269,P_NOUN_8_PASS_b,M,P,les clous avec les tasses que j' aime beaucoup ne sont probablement pas couverts <eos>,13,couverts,couvertes,11,F,couverts,-6.35077,couvertes,-9.452028,1
11270,P_NOUN_8_PASS_b,M,P,les clous avec les tasses que j' aime beaucoup ne sont probablement pas déformés <eos>,13,déformés,déformées,11,F,déformés,-11.734769,déformées,-10.273832,0
11271,P_NOUN_8_PASS_b,M,P,les clous avec les tasses que j' aime beaucoup ne sont probablement pas fixés <eos>,13,fixés,fixées,11,F,fixés,-7.9760394,fixées,-9.934095,1
11272,P_NOUN_8_PASS_b,M,P,les clous avec les tasses que j' aime beaucoup ne sont probablement pas jetés <eos>,13,jetés,jetées,11,F,jetés,-7.819724,jetées,-10.786923,1
11273,P_NOUN_8_PASS_b,M,P,les clous avec les tasses que j' aime beaucoup ne sont probablement pas laissés <eos>,13,laissés,laissées,11,F,laissés,-8.04075,laissées,-9.761233,1
11274,P_NOUN_8_PASS_b,M,P,les clous avec les tasses que j' aime beaucoup ne sont probablement pas ouverts <eos>,13,ouverts,ouvertes,11,F,ouverts,-7.485216,ouvertes,-9.982198,1
11275,P_NOUN_8_PASS_b,M,P,les clous avec les tasses que j' aime beaucoup ne sont probablement pas perdus <eos>,13,perdus,perdues,11,F,perdus,-6.8189526,perdues,-9.628509,1
11276,P_NOUN_8_PASS_b,M,P,les clous avec les tasses que j' aime beaucoup ne sont probablement pas réparés <eos>,13,réparés,réparées,11,F,réparés,-10.264852,réparées,-10.540166,1
11277,P_NOUN_8_PASS_b,M,P,les clous avec les tasses que j' aime beaucoup ne sont probablement pas retirés <eos>,13,retirés,retirées,11,F,retirés,-8.477739,retirées,-9.841601,1
11278,P_NOUN_8_PASS_b,M,P,les clous avec les tasses que j' aime beaucoup ne sont probablement pas tombés <eos>,13,tombés,tombées,11,F,tombés,-7.0724125,tombées,-9.878199,1
11279,P_NOUN_8_PASS_b,M,P,les clous avec les tasses que j' aime beaucoup ne sont probablement pas utilisés <eos>,13,utilisés,utilisées,11,F,utilisés,-4.6869845,utilisées,-7.2525373,1
11280,P_NOUN_8_PASS_b,M,P,les clous avec les bougies que j' aime beaucoup ne sont probablement pas achetés <eos>,13,achetés,achetées,11,F,achetés,-9.304463,achetées,-12.518792,1
11281,P_NOUN_8_PASS_b,M,P,les clous avec les bougies que j' aime beaucoup ne sont probablement pas brisés <eos>,13,brisés,brisées,11,F,brisés,-10.247335,brisées,-11.371302,1
11282,P_NOUN_8_PASS_b,M,P,les clous avec les bougies que j' aime beaucoup ne sont probablement pas cachés <eos>,13,cachés,cachées,11,F,cachés,-7.584421,cachées,-10.535386,1
11283,P_NOUN_8_PASS_b,M,P,les clous avec les bougies que j' aime beaucoup ne sont probablement pas cassés <eos>,13,cassés,cassées,11,F,cassés,-9.207405,cassées,-10.389926,1
11284,P_NOUN_8_PASS_b,M,P,les clous avec les bougies que j' aime beaucoup ne sont probablement pas couverts <eos>,13,couverts,couvertes,11,F,couverts,-7.0175905,couvertes,-10.492306,1
11285,P_NOUN_8_PASS_b,M,P,les clous avec les bougies que j' aime beaucoup ne sont probablement pas déformés <eos>,13,déformés,déformées,11,F,déformés,-11.19476,déformées,-10.693761,0
11286,P_NOUN_8_PASS_b,M,P,les clous avec les bougies que j' aime beaucoup ne sont probablement pas fixés <eos>,13,fixés,fixées,11,F,fixés,-8.064259,fixées,-10.315097,1
11287,P_NOUN_8_PASS_b,M,P,les clous avec les bougies que j' aime beaucoup ne sont probablement pas jetés <eos>,13,jetés,jetées,11,F,jetés,-7.501886,jetées,-10.888315,1
11288,P_NOUN_8_PASS_b,M,P,les clous avec les bougies que j' aime beaucoup ne sont probablement pas laissés <eos>,13,laissés,laissées,11,F,laissés,-7.965151,laissées,-10.854866,1
11289,P_NOUN_8_PASS_b,M,P,les clous avec les bougies que j' aime beaucoup ne sont probablement pas ouverts <eos>,13,ouverts,ouvertes,11,F,ouverts,-7.839472,ouvertes,-10.73848,1
11290,P_NOUN_8_PASS_b,M,P,les clous avec les bougies que j' aime beaucoup ne sont probablement pas perdus <eos>,13,perdus,perdues,11,F,perdus,-6.855417,perdues,-9.957827,1
11291,P_NOUN_8_PASS_b,M,P,les clous avec les bougies que j' aime beaucoup ne sont probablement pas réparés <eos>,13,réparés,réparées,11,F,réparés,-10.415404,réparées,-11.111171,1
11292,P_NOUN_8_PASS_b,M,P,les clous avec les bougies que j' aime beaucoup ne sont probablement pas retirés <eos>,13,retirés,retirées,11,F,retirés,-8.697853,retirées,-10.158086,1
11293,P_NOUN_8_PASS_b,M,P,les clous avec les bougies que j' aime beaucoup ne sont probablement pas tombés <eos>,13,tombés,tombées,11,F,tombés,-6.137148,tombées,-9.952047,1
11294,P_NOUN_8_PASS_b,M,P,les clous avec les bougies que j' aime beaucoup ne sont probablement pas utilisés <eos>,13,utilisés,utilisées,11,F,utilisés,-4.9658747,utilisées,-7.923231,1
11295,P_NOUN_8_PASS_b,M,P,les clous avec les pochettes que j' aime beaucoup ne sont probablement pas achetés <eos>,13,achetés,achetées,11,F,achetés,-9.186523,achetées,-11.509124,1
11296,P_NOUN_8_PASS_b,M,P,les clous avec les pochettes que j' aime beaucoup ne sont probablement pas brisés <eos>,13,brisés,brisées,11,F,brisés,-10.745229,brisées,-10.962628,1
11297,P_NOUN_8_PASS_b,M,P,les clous avec les pochettes que j' aime beaucoup ne sont probablement pas cachés <eos>,13,cachés,cachées,11,F,cachés,-8.276643,cachées,-9.9999485,1
11298,P_NOUN_8_PASS_b,M,P,les clous avec les pochettes que j' aime beaucoup ne sont probablement pas cassés <eos>,13,cassés,cassées,11,F,cassés,-9.994501,cassées,-10.373088,1
11299,P_NOUN_8_PASS_b,M,P,les clous avec les pochettes que j' aime beaucoup ne sont probablement pas couverts <eos>,13,couverts,couvertes,11,F,couverts,-7.6819353,couvertes,-9.668486,1
11300,P_NOUN_8_PASS_b,M,P,les clous avec les pochettes que j' aime beaucoup ne sont probablement pas déformés <eos>,13,déformés,déformées,11,F,déformés,-11.455775,déformées,-9.601665,0
11301,P_NOUN_8_PASS_b,M,P,les clous avec les pochettes que j' aime beaucoup ne sont probablement pas fixés <eos>,13,fixés,fixées,11,F,fixés,-8.803316,fixées,-10.274644,1
11302,P_NOUN_8_PASS_b,M,P,les clous avec les pochettes que j' aime beaucoup ne sont probablement pas jetés <eos>,13,jetés,jetées,11,F,jetés,-8.526325,jetées,-11.562526,1
11303,P_NOUN_8_PASS_b,M,P,les clous avec les pochettes que j' aime beaucoup ne sont probablement pas laissés <eos>,13,laissés,laissées,11,F,laissés,-8.610031,laissées,-9.438597,1
11304,P_NOUN_8_PASS_b,M,P,les clous avec les pochettes que j' aime beaucoup ne sont probablement pas ouverts <eos>,13,ouverts,ouvertes,11,F,ouverts,-7.5029035,ouvertes,-9.124188,1
11305,P_NOUN_8_PASS_b,M,P,les clous avec les pochettes que j' aime beaucoup ne sont probablement pas perdus <eos>,13,perdus,perdues,11,F,perdus,-7.0510225,perdues,-9.045307,1
11306,P_NOUN_8_PASS_b,M,P,les clous avec les pochettes que j' aime beaucoup ne sont probablement pas réparés <eos>,13,réparés,réparées,11,F,réparés,-11.20166,réparées,-10.45941,0
11307,P_NOUN_8_PASS_b,M,P,les clous avec les pochettes que j' aime beaucoup ne sont probablement pas retirés <eos>,13,retirés,retirées,11,F,retirés,-9.2467575,retirées,-9.73353,1
11308,P_NOUN_8_PASS_b,M,P,les clous avec les pochettes que j' aime beaucoup ne sont probablement pas tombés <eos>,13,tombés,tombées,11,F,tombés,-8.469151,tombées,-10.337423,1
11309,P_NOUN_8_PASS_b,M,P,les clous avec les pochettes que j' aime beaucoup ne sont probablement pas utilisés <eos>,13,utilisés,utilisées,11,F,utilisés,-5.4281783,utilisées,-7.2383704,1
11310,P_NOUN_8_PASS_b,M,P,les clous avec les bananes que j' aime beaucoup ne sont probablement pas achetés <eos>,13,achetés,achetées,11,F,achetés,-8.716236,achetées,-12.702814,1
11311,P_NOUN_8_PASS_b,M,P,les clous avec les bananes que j' aime beaucoup ne sont probablement pas brisés <eos>,13,brisés,brisées,11,F,brisés,-10.479463,brisées,-11.280681,1
11312,P_NOUN_8_PASS_b,M,P,les clous avec les bananes que j' aime beaucoup ne sont probablement pas cachés <eos>,13,cachés,cachées,11,F,cachés,-8.114499,cachées,-11.189545,1
11313,P_NOUN_8_PASS_b,M,P,les clous avec les bananes que j' aime beaucoup ne sont probablement pas cassés <eos>,13,cassés,cassées,11,F,cassés,-8.981647,cassées,-10.302958,1
11314,P_NOUN_8_PASS_b,M,P,les clous avec les bananes que j' aime beaucoup ne sont probablement pas couverts <eos>,13,couverts,couvertes,11,F,couverts,-6.779682,couvertes,-10.245537,1
11315,P_NOUN_8_PASS_b,M,P,les clous avec les bananes que j' aime beaucoup ne sont probablement pas déformés <eos>,13,déformés,déformées,11,F,déformés,-11.911774,déformées,-10.983792,0
11316,P_NOUN_8_PASS_b,M,P,les clous avec les bananes que j' aime beaucoup ne sont probablement pas fixés <eos>,13,fixés,fixées,11,F,fixés,-7.9702907,fixées,-10.640688,1
11317,P_NOUN_8_PASS_b,M,P,les clous avec les bananes que j' aime beaucoup ne sont probablement pas jetés <eos>,13,jetés,jetées,11,F,jetés,-8.216219,jetées,-10.325719,1
11318,P_NOUN_8_PASS_b,M,P,les clous avec les bananes que j' aime beaucoup ne sont probablement pas laissés <eos>,13,laissés,laissées,11,F,laissés,-7.7174973,laissées,-10.52821,1
11319,P_NOUN_8_PASS_b,M,P,les clous avec les bananes que j' aime beaucoup ne sont probablement pas ouverts <eos>,13,ouverts,ouvertes,11,F,ouverts,-8.05759,ouvertes,-11.115076,1
11320,P_NOUN_8_PASS_b,M,P,les clous avec les bananes que j' aime beaucoup ne sont probablement pas perdus <eos>,13,perdus,perdues,11,F,perdus,-7.085164,perdues,-10.182019,1
11321,P_NOUN_8_PASS_b,M,P,les clous avec les bananes que j' aime beaucoup ne sont probablement pas réparés <eos>,13,réparés,réparées,11,F,réparés,-10.68834,réparées,-11.666162,1
11322,P_NOUN_8_PASS_b,M,P,les clous avec les bananes que j' aime beaucoup ne sont probablement pas retirés <eos>,13,retirés,retirées,11,F,retirés,-8.713747,retirées,-10.675503,1
11323,P_NOUN_8_PASS_b,M,P,les clous avec les bananes que j' aime beaucoup ne sont probablement pas tombés <eos>,13,tombés,tombées,11,F,tombés,-7.007307,tombées,-10.217872,1
11324,P_NOUN_8_PASS_b,M,P,les clous avec les bananes que j' aime beaucoup ne sont probablement pas utilisés <eos>,13,utilisés,utilisées,11,F,utilisés,-4.712481,utilisées,-7.682138,1
11325,P_NOUN_8_PASS_b,M,P,les clous avec les robes que j' aime beaucoup ne sont probablement pas achetés <eos>,13,achetés,achetées,11,F,achetés,-9.337069,achetées,-12.921392,1
11326,P_NOUN_8_PASS_b,M,P,les clous avec les robes que j' aime beaucoup ne sont probablement pas brisés <eos>,13,brisés,brisées,11,F,brisés,-10.657312,brisées,-11.467572,1
11327,P_NOUN_8_PASS_b,M,P,les clous avec les robes que j' aime beaucoup ne sont probablement pas cachés <eos>,13,cachés,cachées,11,F,cachés,-7.903759,cachées,-10.763594,1
11328,P_NOUN_8_PASS_b,M,P,les clous avec les robes que j' aime beaucoup ne sont probablement pas cassés <eos>,13,cassés,cassées,11,F,cassés,-9.5333805,cassées,-10.233496,1
11329,P_NOUN_8_PASS_b,M,P,les clous avec les robes que j' aime beaucoup ne sont probablement pas couverts <eos>,13,couverts,couvertes,11,F,couverts,-6.9288406,couvertes,-10.136933,1
11330,P_NOUN_8_PASS_b,M,P,les clous avec les robes que j' aime beaucoup ne sont probablement pas déformés <eos>,13,déformés,déformées,11,F,déformés,-11.318425,déformées,-10.83534,0
11331,P_NOUN_8_PASS_b,M,P,les clous avec les robes que j' aime beaucoup ne sont probablement pas fixés <eos>,13,fixés,fixées,11,F,fixés,-8.368899,fixées,-10.296815,1
11332,P_NOUN_8_PASS_b,M,P,les clous avec les robes que j' aime beaucoup ne sont probablement pas jetés <eos>,13,jetés,jetées,11,F,jetés,-7.999895,jetées,-10.956612,1
11333,P_NOUN_8_PASS_b,M,P,les clous avec les robes que j' aime beaucoup ne sont probablement pas laissés <eos>,13,laissés,laissées,11,F,laissés,-8.38656,laissées,-10.633749,1
11334,P_NOUN_8_PASS_b,M,P,les clous avec les robes que j' aime beaucoup ne sont probablement pas ouverts <eos>,13,ouverts,ouvertes,11,F,ouverts,-8.039362,ouvertes,-10.612627,1
11335,P_NOUN_8_PASS_b,M,P,les clous avec les robes que j' aime beaucoup ne sont probablement pas perdus <eos>,13,perdus,perdues,11,F,perdus,-7.5193357,perdues,-10.235264,1
11336,P_NOUN_8_PASS_b,M,P,les clous avec les robes que j' aime beaucoup ne sont probablement pas réparés <eos>,13,réparés,réparées,11,F,réparés,-10.519703,réparées,-11.33763,1
11337,P_NOUN_8_PASS_b,M,P,les clous avec les robes que j' aime beaucoup ne sont probablement pas retirés <eos>,13,retirés,retirées,11,F,retirés,-8.846664,retirées,-10.338024,1
11338,P_NOUN_8_PASS_b,M,P,les clous avec les robes que j' aime beaucoup ne sont probablement pas tombés <eos>,13,tombés,tombées,11,F,tombés,-6.7933598,tombées,-10.244891,1
11339,P_NOUN_8_PASS_b,M,P,les clous avec les robes que j' aime beaucoup ne sont probablement pas utilisés <eos>,13,utilisés,utilisées,11,F,utilisés,-4.8816986,utilisées,-7.736292,1
11340,P_NOUN_8_PASS_b,M,P,les clous avec les valises que j' aime beaucoup ne sont probablement pas achetés <eos>,13,achetés,achetées,11,F,achetés,-9.17114,achetées,-12.805368,1
11341,P_NOUN_8_PASS_b,M,P,les clous avec les valises que j' aime beaucoup ne sont probablement pas brisés <eos>,13,brisés,brisées,11,F,brisés,-10.274297,brisées,-11.120721,1
11342,P_NOUN_8_PASS_b,M,P,les clous avec les valises que j' aime beaucoup ne sont probablement pas cachés <eos>,13,cachés,cachées,11,F,cachés,-7.734208,cachées,-10.334184,1
11343,P_NOUN_8_PASS_b,M,P,les clous avec les valises que j' aime beaucoup ne sont probablement pas cassés <eos>,13,cassés,cassées,11,F,cassés,-9.405769,cassées,-10.419596,1
11344,P_NOUN_8_PASS_b,M,P,les clous avec les valises que j' aime beaucoup ne sont probablement pas couverts <eos>,13,couverts,couvertes,11,F,couverts,-6.5275946,couvertes,-9.562247,1
11345,P_NOUN_8_PASS_b,M,P,les clous avec les valises que j' aime beaucoup ne sont probablement pas déformés <eos>,13,déformés,déformées,11,F,déformés,-11.679976,déformées,-10.702953,0
11346,P_NOUN_8_PASS_b,M,P,les clous avec les valises que j' aime beaucoup ne sont probablement pas fixés <eos>,13,fixés,fixées,11,F,fixés,-7.97314,fixées,-10.048915,1
11347,P_NOUN_8_PASS_b,M,P,les clous avec les valises que j' aime beaucoup ne sont probablement pas jetés <eos>,13,jetés,jetées,11,F,jetés,-7.7190547,jetées,-10.732321,1
11348,P_NOUN_8_PASS_b,M,P,les clous avec les valises que j' aime beaucoup ne sont probablement pas laissés <eos>,13,laissés,laissées,11,F,laissés,-7.983705,laissées,-10.219507,1
11349,P_NOUN_8_PASS_b,M,P,les clous avec les valises que j' aime beaucoup ne sont probablement pas ouverts <eos>,13,ouverts,ouvertes,11,F,ouverts,-7.2038155,ouvertes,-9.90063,1
11350,P_NOUN_8_PASS_b,M,P,les clous avec les valises que j' aime beaucoup ne sont probablement pas perdus <eos>,13,perdus,perdues,11,F,perdus,-6.923052,perdues,-9.796686,1
11351,P_NOUN_8_PASS_b,M,P,les clous avec les valises que j' aime beaucoup ne sont probablement pas réparés <eos>,13,réparés,réparées,11,F,réparés,-10.382696,réparées,-10.760428,1
11352,P_NOUN_8_PASS_b,M,P,les clous avec les valises que j' aime beaucoup ne sont probablement pas retirés <eos>,13,retirés,retirées,11,F,retirés,-8.772963,retirées,-10.256254,1
11353,P_NOUN_8_PASS_b,M,P,les clous avec les valises que j' aime beaucoup ne sont probablement pas tombés <eos>,13,tombés,tombées,11,F,tombés,-7.3320904,tombées,-10.259692,1
11354,P_NOUN_8_PASS_b,M,P,les clous avec les valises que j' aime beaucoup ne sont probablement pas utilisés <eos>,13,utilisés,utilisées,11,F,utilisés,-4.9561315,utilisées,-7.6891236,1
11355,P_NOUN_8_PASS_b,M,P,les clous avec les pendules que j' aime beaucoup ne sont probablement pas achetés <eos>,13,achetés,achetées,11,F,achetés,-9.04176,achetées,-12.555895,1
11356,P_NOUN_8_PASS_b,M,P,les clous avec les pendules que j' aime beaucoup ne sont probablement pas brisés <eos>,13,brisés,brisées,11,F,brisés,-9.979479,brisées,-10.75874,1
11357,P_NOUN_8_PASS_b,M,P,les clous avec les pendules que j' aime beaucoup ne sont probablement pas cachés <eos>,13,cachés,cachées,11,F,cachés,-7.59593,cachées,-10.436051,1
11358,P_NOUN_8_PASS_b,M,P,les clous avec les pendules que j' aime beaucoup ne sont probablement pas cassés <eos>,13,cassés,cassées,11,F,cassés,-8.808334,cassées,-9.6862335,1
11359,P_NOUN_8_PASS_b,M,P,les clous avec les pendules que j' aime beaucoup ne sont probablement pas couverts <eos>,13,couverts,couvertes,11,F,couverts,-7.101159,couvertes,-9.963638,1
11360,P_NOUN_8_PASS_b,M,P,les clous avec les pendules que j' aime beaucoup ne sont probablement pas déformés <eos>,13,déformés,déformées,11,F,déformés,-11.201476,déformées,-9.910144,0
11361,P_NOUN_8_PASS_b,M,P,les clous avec les pendules que j' aime beaucoup ne sont probablement pas fixés <eos>,13,fixés,fixées,11,F,fixés,-7.759406,fixées,-9.589041,1
11362,P_NOUN_8_PASS_b,M,P,les clous avec les pendules que j' aime beaucoup ne sont probablement pas jetés <eos>,13,jetés,jetées,11,F,jetés,-7.408801,jetées,-10.487057,1
11363,P_NOUN_8_PASS_b,M,P,les clous avec les pendules que j' aime beaucoup ne sont probablement pas laissés <eos>,13,laissés,laissées,11,F,laissés,-8.240164,laissées,-10.419778,1
11364,P_NOUN_8_PASS_b,M,P,les clous avec les pendules que j' aime beaucoup ne sont probablement pas ouverts <eos>,13,ouverts,ouvertes,11,F,ouverts,-7.8046436,ouvertes,-10.335889,1
11365,P_NOUN_8_PASS_b,M,P,les clous avec les pendules que j' aime beaucoup ne sont probablement pas perdus <eos>,13,perdus,perdues,11,F,perdus,-7.093902,perdues,-9.833149,1
11366,P_NOUN_8_PASS_b,M,P,les clous avec les pendules que j' aime beaucoup ne sont probablement pas réparés <eos>,13,réparés,réparées,11,F,réparés,-10.71045,réparées,-10.650029,0
11367,P_NOUN_8_PASS_b,M,P,les clous avec les pendules que j' aime beaucoup ne sont probablement pas retirés <eos>,13,retirés,retirées,11,F,retirés,-8.489166,retirées,-9.499559,1
11368,P_NOUN_8_PASS_b,M,P,les clous avec les pendules que j' aime beaucoup ne sont probablement pas tombés <eos>,13,tombés,tombées,11,F,tombés,-7.3499374,tombées,-9.927204,1
11369,P_NOUN_8_PASS_b,M,P,les clous avec les pendules que j' aime beaucoup ne sont probablement pas utilisés <eos>,13,utilisés,utilisées,11,F,utilisés,-4.4820757,utilisées,-7.2098026,1
11370,P_NOUN_8_PASS_b,M,P,les clous avec les cloches que j' aime beaucoup ne sont probablement pas achetés <eos>,13,achetés,achetées,11,F,achetés,-9.357207,achetées,-13.084516,1
11371,P_NOUN_8_PASS_b,M,P,les clous avec les cloches que j' aime beaucoup ne sont probablement pas brisés <eos>,13,brisés,brisées,11,F,brisés,-10.003957,brisées,-11.331978,1
11372,P_NOUN_8_PASS_b,M,P,les clous avec les cloches que j' aime beaucoup ne sont probablement pas cachés <eos>,13,cachés,cachées,11,F,cachés,-7.5967245,cachées,-10.641227,1
11373,P_NOUN_8_PASS_b,M,P,les clous avec les cloches que j' aime beaucoup ne sont probablement pas cassés <eos>,13,cassés,cassées,11,F,cassés,-9.0645895,cassées,-10.698719,1
11374,P_NOUN_8_PASS_b,M,P,les clous avec les cloches que j' aime beaucoup ne sont probablement pas couverts <eos>,13,couverts,couvertes,11,F,couverts,-6.5342526,couvertes,-10.135078,1
11375,P_NOUN_8_PASS_b,M,P,les clous avec les cloches que j' aime beaucoup ne sont probablement pas déformés <eos>,13,déformés,déformées,11,F,déformés,-11.6080065,déformées,-11.274991,0
11376,P_NOUN_8_PASS_b,M,P,les clous avec les cloches que j' aime beaucoup ne sont probablement pas fixés <eos>,13,fixés,fixées,11,F,fixés,-8.287252,fixées,-10.618486,1
11377,P_NOUN_8_PASS_b,M,P,les clous avec les cloches que j' aime beaucoup ne sont probablement pas jetés <eos>,13,jetés,jetées,11,F,jetés,-7.5675507,jetées,-11.046796,1
11378,P_NOUN_8_PASS_b,M,P,les clous avec les cloches que j' aime beaucoup ne sont probablement pas laissés <eos>,13,laissés,laissées,11,F,laissés,-7.735383,laissées,-10.990883,1
11379,P_NOUN_8_PASS_b,M,P,les clous avec les cloches que j' aime beaucoup ne sont probablement pas ouverts <eos>,13,ouverts,ouvertes,11,F,ouverts,-7.8991323,ouvertes,-10.541103,1
11380,P_NOUN_8_PASS_b,M,P,les clous avec les cloches que j' aime beaucoup ne sont probablement pas perdus <eos>,13,perdus,perdues,11,F,perdus,-6.725691,perdues,-9.667163,1
11381,P_NOUN_8_PASS_b,M,P,les clous avec les cloches que j' aime beaucoup ne sont probablement pas réparés <eos>,13,réparés,réparées,11,F,réparés,-9.8464365,réparées,-10.915409,1
11382,P_NOUN_8_PASS_b,M,P,les clous avec les cloches que j' aime beaucoup ne sont probablement pas retirés <eos>,13,retirés,retirées,11,F,retirés,-8.418259,retirées,-10.023178,1
11383,P_NOUN_8_PASS_b,M,P,les clous avec les cloches que j' aime beaucoup ne sont probablement pas tombés <eos>,13,tombés,tombées,11,F,tombés,-6.2095814,tombées,-9.82785,1
11384,P_NOUN_8_PASS_b,M,P,les clous avec les cloches que j' aime beaucoup ne sont probablement pas utilisés <eos>,13,utilisés,utilisées,11,F,utilisés,-4.952817,utilisées,-8.058443,1
11385,P_NOUN_8_PASS_b,M,P,les clous avec les cerises que j' aime beaucoup ne sont probablement pas achetés <eos>,13,achetés,achetées,11,F,achetés,-8.730132,achetées,-12.488135,1
11386,P_NOUN_8_PASS_b,M,P,les clous avec les cerises que j' aime beaucoup ne sont probablement pas brisés <eos>,13,brisés,brisées,11,F,brisés,-10.25775,brisées,-11.462779,1
11387,P_NOUN_8_PASS_b,M,P,les clous avec les cerises que j' aime beaucoup ne sont probablement pas cachés <eos>,13,cachés,cachées,11,F,cachés,-8.1830435,cachées,-11.143116,1
11388,P_NOUN_8_PASS_b,M,P,les clous avec les cerises que j' aime beaucoup ne sont probablement pas cassés <eos>,13,cassés,cassées,11,F,cassés,-9.06109,cassées,-10.397974,1
11389,P_NOUN_8_PASS_b,M,P,les clous avec les cerises que j' aime beaucoup ne sont probablement pas couverts <eos>,13,couverts,couvertes,11,F,couverts,-6.597004,couvertes,-10.31516,1
11390,P_NOUN_8_PASS_b,M,P,les clous avec les cerises que j' aime beaucoup ne sont probablement pas déformés <eos>,13,déformés,déformées,11,F,déformés,-11.791527,déformées,-11.088588,0
11391,P_NOUN_8_PASS_b,M,P,les clous avec les cerises que j' aime beaucoup ne sont probablement pas fixés <eos>,13,fixés,fixées,11,F,fixés,-7.8909483,fixées,-10.733876,1
11392,P_NOUN_8_PASS_b,M,P,les clous avec les cerises que j' aime beaucoup ne sont probablement pas jetés <eos>,13,jetés,jetées,11,F,jetés,-7.995014,jetées,-10.915872,1
11393,P_NOUN_8_PASS_b,M,P,les clous avec les cerises que j' aime beaucoup ne sont probablement pas laissés <eos>,13,laissés,laissées,11,F,laissés,-7.7759085,laissées,-10.592438,1
11394,P_NOUN_8_PASS_b,M,P,les clous avec les cerises que j' aime beaucoup ne sont probablement pas ouverts <eos>,13,ouverts,ouvertes,11,F,ouverts,-7.900053,ouvertes,-10.813258,1
11395,P_NOUN_8_PASS_b,M,P,les clous avec les cerises que j' aime beaucoup ne sont probablement pas perdus <eos>,13,perdus,perdues,11,F,perdus,-7.2166767,perdues,-10.224438,1
11396,P_NOUN_8_PASS_b,M,P,les clous avec les cerises que j' aime beaucoup ne sont probablement pas réparés <eos>,13,réparés,réparées,11,F,réparés,-10.424522,réparées,-11.387381,1
11397,P_NOUN_8_PASS_b,M,P,les clous avec les cerises que j' aime beaucoup ne sont probablement pas retirés <eos>,13,retirés,retirées,11,F,retirés,-8.714425,retirées,-10.640779,1
11398,P_NOUN_8_PASS_b,M,P,les clous avec les cerises que j' aime beaucoup ne sont probablement pas tombés <eos>,13,tombés,tombées,11,F,tombés,-6.751308,tombées,-10.244207,1
11399,P_NOUN_8_PASS_b,M,P,les clous avec les cerises que j' aime beaucoup ne sont probablement pas utilisés <eos>,13,utilisés,utilisées,11,F,utilisés,-4.9559603,utilisées,-7.855962,1
11400,P_NOUN_8_PASS_b,M,P,les billets avec les gemmes que j' aime beaucoup ne sont probablement pas achetés <eos>,13,achetés,achetées,11,F,achetés,-8.003961,achetées,-11.445038,1
11401,P_NOUN_8_PASS_b,M,P,les billets avec les gemmes que j' aime beaucoup ne sont probablement pas brisés <eos>,13,brisés,brisées,11,F,brisés,-11.251787,brisées,-11.718371,1
11402,P_NOUN_8_PASS_b,M,P,les billets avec les gemmes que j' aime beaucoup ne sont probablement pas cachés <eos>,13,cachés,cachées,11,F,cachés,-6.929846,cachées,-11.6050415,1
11403,P_NOUN_8_PASS_b,M,P,les billets avec les gemmes que j' aime beaucoup ne sont probablement pas cassés <eos>,13,cassés,cassées,11,F,cassés,-9.760715,cassées,-11.888645,1
11404,P_NOUN_8_PASS_b,M,P,les billets avec les gemmes que j' aime beaucoup ne sont probablement pas couverts <eos>,13,couverts,couvertes,11,F,couverts,-7.3816676,couvertes,-11.520977,1
11405,P_NOUN_8_PASS_b,M,P,les billets avec les gemmes que j' aime beaucoup ne sont probablement pas déformés <eos>,13,déformés,déformées,11,F,déformés,-12.159237,déformées,-11.482017,0
11406,P_NOUN_8_PASS_b,M,P,les billets avec les gemmes que j' aime beaucoup ne sont probablement pas fixés <eos>,13,fixés,fixées,11,F,fixés,-7.647785,fixées,-10.4405,1
11407,P_NOUN_8_PASS_b,M,P,les billets avec les gemmes que j' aime beaucoup ne sont probablement pas jetés <eos>,13,jetés,jetées,11,F,jetés,-7.587868,jetées,-11.210657,1
11408,P_NOUN_8_PASS_b,M,P,les billets avec les gemmes que j' aime beaucoup ne sont probablement pas laissés <eos>,13,laissés,laissées,11,F,laissés,-8.254618,laissées,-11.100432,1
11409,P_NOUN_8_PASS_b,M,P,les billets avec les gemmes que j' aime beaucoup ne sont probablement pas ouverts <eos>,13,ouverts,ouvertes,11,F,ouverts,-8.164322,ouvertes,-12.191498,1
11410,P_NOUN_8_PASS_b,M,P,les billets avec les gemmes que j' aime beaucoup ne sont probablement pas perdus <eos>,13,perdus,perdues,11,F,perdus,-6.4426403,perdues,-9.535284,1
11411,P_NOUN_8_PASS_b,M,P,les billets avec les gemmes que j' aime beaucoup ne sont probablement pas réparés <eos>,13,réparés,réparées,11,F,réparés,-10.817854,réparées,-12.298983,1
11412,P_NOUN_8_PASS_b,M,P,les billets avec les gemmes que j' aime beaucoup ne sont probablement pas retirés <eos>,13,retirés,retirées,11,F,retirés,-7.7376366,retirées,-9.982976,1
11413,P_NOUN_8_PASS_b,M,P,les billets avec les gemmes que j' aime beaucoup ne sont probablement pas tombés <eos>,13,tombés,tombées,11,F,tombés,-7.2887735,tombées,-10.736683,1
11414,P_NOUN_8_PASS_b,M,P,les billets avec les gemmes que j' aime beaucoup ne sont probablement pas utilisés <eos>,13,utilisés,utilisées,11,F,utilisés,-4.599732,utilisées,-8.106157,1
11415,P_NOUN_8_PASS_b,M,P,les billets avec les chaises que j' aime beaucoup ne sont probablement pas achetés <eos>,13,achetés,achetées,11,F,achetés,-8.276293,achetées,-11.881691,1
11416,P_NOUN_8_PASS_b,M,P,les billets avec les chaises que j' aime beaucoup ne sont probablement pas brisés <eos>,13,brisés,brisées,11,F,brisés,-11.008805,brisées,-11.403402,1
11417,P_NOUN_8_PASS_b,M,P,les billets avec les chaises que j' aime beaucoup ne sont probablement pas cachés <eos>,13,cachés,cachées,11,F,cachés,-7.855138,cachées,-11.629741,1
11418,P_NOUN_8_PASS_b,M,P,les billets avec les chaises que j' aime beaucoup ne sont probablement pas cassés <eos>,13,cassés,cassées,11,F,cassés,-10.192452,cassées,-11.27599,1
11419,P_NOUN_8_PASS_b,M,P,les billets avec les chaises que j' aime beaucoup ne sont probablement pas couverts <eos>,13,couverts,couvertes,11,F,couverts,-6.4698453,couvertes,-10.85924,1
11420,P_NOUN_8_PASS_b,M,P,les billets avec les chaises que j' aime beaucoup ne sont probablement pas déformés <eos>,13,déformés,déformées,11,F,déformés,-12.221253,déformées,-11.603584,0
11421,P_NOUN_8_PASS_b,M,P,les billets avec les chaises que j' aime beaucoup ne sont probablement pas fixés <eos>,13,fixés,fixées,11,F,fixés,-7.770235,fixées,-10.252055,1
11422,P_NOUN_8_PASS_b,M,P,les billets avec les chaises que j' aime beaucoup ne sont probablement pas jetés <eos>,13,jetés,jetées,11,F,jetés,-7.709823,jetées,-11.524282,1
11423,P_NOUN_8_PASS_b,M,P,les billets avec les chaises que j' aime beaucoup ne sont probablement pas laissés <eos>,13,laissés,laissées,11,F,laissés,-8.375696,laissées,-10.802851,1
11424,P_NOUN_8_PASS_b,M,P,les billets avec les chaises que j' aime beaucoup ne sont probablement pas ouverts <eos>,13,ouverts,ouvertes,11,F,ouverts,-7.128321,ouvertes,-11.119226,1
11425,P_NOUN_8_PASS_b,M,P,les billets avec les chaises que j' aime beaucoup ne sont probablement pas perdus <eos>,13,perdus,perdues,11,F,perdus,-6.8491755,perdues,-9.983921,1
11426,P_NOUN_8_PASS_b,M,P,les billets avec les chaises que j' aime beaucoup ne sont probablement pas réparés <eos>,13,réparés,réparées,11,F,réparés,-10.919998,réparées,-11.926812,1
11427,P_NOUN_8_PASS_b,M,P,les billets avec les chaises que j' aime beaucoup ne sont probablement pas retirés <eos>,13,retirés,retirées,11,F,retirés,-8.396204,retirées,-9.990425,1
11428,P_NOUN_8_PASS_b,M,P,les billets avec les chaises que j' aime beaucoup ne sont probablement pas tombés <eos>,13,tombés,tombées,11,F,tombés,-7.645404,tombées,-11.095932,1
11429,P_NOUN_8_PASS_b,M,P,les billets avec les chaises que j' aime beaucoup ne sont probablement pas utilisés <eos>,13,utilisés,utilisées,11,F,utilisés,-5.008166,utilisées,-8.548281,1
11430,P_NOUN_8_PASS_b,M,P,les billets avec les poubelles que j' aime beaucoup ne sont probablement pas achetés <eos>,13,achetés,achetées,11,F,achetés,-7.970168,achetées,-11.503701,1
11431,P_NOUN_8_PASS_b,M,P,les billets avec les poubelles que j' aime beaucoup ne sont probablement pas brisés <eos>,13,brisés,brisées,11,F,brisés,-11.22488,brisées,-11.708906,1
11432,P_NOUN_8_PASS_b,M,P,les billets avec les poubelles que j' aime beaucoup ne sont probablement pas cachés <eos>,13,cachés,cachées,11,F,cachés,-7.382405,cachées,-11.766521,1
11433,P_NOUN_8_PASS_b,M,P,les billets avec les poubelles que j' aime beaucoup ne sont probablement pas cassés <eos>,13,cassés,cassées,11,F,cassés,-10.157583,cassées,-11.601483,1
11434,P_NOUN_8_PASS_b,M,P,les billets avec les poubelles que j' aime beaucoup ne sont probablement pas couverts <eos>,13,couverts,couvertes,11,F,couverts,-6.7739697,couvertes,-10.688663,1
11435,P_NOUN_8_PASS_b,M,P,les billets avec les poubelles que j' aime beaucoup ne sont probablement pas déformés <eos>,13,déformés,déformées,11,F,déformés,-12.425168,déformées,-11.449544,0
11436,P_NOUN_8_PASS_b,M,P,les billets avec les poubelles que j' aime beaucoup ne sont probablement pas fixés <eos>,13,fixés,fixées,11,F,fixés,-7.5787163,fixées,-10.253751,1
11437,P_NOUN_8_PASS_b,M,P,les billets avec les poubelles que j' aime beaucoup ne sont probablement pas jetés <eos>,13,jetés,jetées,11,F,jetés,-7.447109,jetées,-11.04459,1
11438,P_NOUN_8_PASS_b,M,P,les billets avec les poubelles que j' aime beaucoup ne sont probablement pas laissés <eos>,13,laissés,laissées,11,F,laissés,-8.267059,laissées,-10.821683,1
11439,P_NOUN_8_PASS_b,M,P,les billets avec les poubelles que j' aime beaucoup ne sont probablement pas ouverts <eos>,13,ouverts,ouvertes,11,F,ouverts,-6.8469324,ouvertes,-10.91917,1
11440,P_NOUN_8_PASS_b,M,P,les billets avec les poubelles que j' aime beaucoup ne sont probablement pas perdus <eos>,13,perdus,perdues,11,F,perdus,-6.693696,perdues,-9.881853,1
11441,P_NOUN_8_PASS_b,M,P,les billets avec les poubelles que j' aime beaucoup ne sont probablement pas réparés <eos>,13,réparés,réparées,11,F,réparés,-10.894689,réparées,-11.85064,1
11442,P_NOUN_8_PASS_b,M,P,les billets avec les poubelles que j' aime beaucoup ne sont probablement pas retirés <eos>,13,retirés,retirées,11,F,retirés,-7.799366,retirées,-10.016932,1
11443,P_NOUN_8_PASS_b,M,P,les billets avec les poubelles que j' aime beaucoup ne sont probablement pas tombés <eos>,13,tombés,tombées,11,F,tombés,-7.812032,tombées,-11.308607,1
11444,P_NOUN_8_PASS_b,M,P,les billets avec les poubelles que j' aime beaucoup ne sont probablement pas utilisés <eos>,13,utilisés,utilisées,11,F,utilisés,-4.7215586,utilisées,-8.136483,1
11445,P_NOUN_8_PASS_b,M,P,les billets avec les chemises que j' aime beaucoup ne sont probablement pas achetés <eos>,13,achetés,achetées,11,F,achetés,-8.0485115,achetées,-11.210878,1
11446,P_NOUN_8_PASS_b,M,P,les billets avec les chemises que j' aime beaucoup ne sont probablement pas brisés <eos>,13,brisés,brisées,11,F,brisés,-11.199366,brisées,-11.432442,1
11447,P_NOUN_8_PASS_b,M,P,les billets avec les chemises que j' aime beaucoup ne sont probablement pas cachés <eos>,13,cachés,cachées,11,F,cachés,-7.416898,cachées,-11.673975,1
11448,P_NOUN_8_PASS_b,M,P,les billets avec les chemises que j' aime beaucoup ne sont probablement pas cassés <eos>,13,cassés,cassées,11,F,cassés,-10.175816,cassées,-10.7731695,1
11449,P_NOUN_8_PASS_b,M,P,les billets avec les chemises que j' aime beaucoup ne sont probablement pas couverts <eos>,13,couverts,couvertes,11,F,couverts,-7.4390235,couvertes,-11.241343,1
11450,P_NOUN_8_PASS_b,M,P,les billets avec les chemises que j' aime beaucoup ne sont probablement pas déformés <eos>,13,déformés,déformées,11,F,déformés,-12.346155,déformées,-11.2872305,0
11451,P_NOUN_8_PASS_b,M,P,les billets avec les chemises que j' aime beaucoup ne sont probablement pas fixés <eos>,13,fixés,fixées,11,F,fixés,-7.7917223,fixées,-9.89914,1
11452,P_NOUN_8_PASS_b,M,P,les billets avec les chemises que j' aime beaucoup ne sont probablement pas jetés <eos>,13,jetés,jetées,11,F,jetés,-7.405699,jetées,-10.572421,1
11453,P_NOUN_8_PASS_b,M,P,les billets avec les chemises que j' aime beaucoup ne sont probablement pas laissés <eos>,13,laissés,laissées,11,F,laissés,-8.380754,laissées,-10.9657345,1
11454,P_NOUN_8_PASS_b,M,P,les billets avec les chemises que j' aime beaucoup ne sont probablement pas ouverts <eos>,13,ouverts,ouvertes,11,F,ouverts,-8.019203,ouvertes,-11.768068,1
11455,P_NOUN_8_PASS_b,M,P,les billets avec les chemises que j' aime beaucoup ne sont probablement pas perdus <eos>,13,perdus,perdues,11,F,perdus,-6.9424653,perdues,-9.638403,1
11456,P_NOUN_8_PASS_b,M,P,les billets avec les chemises que j' aime beaucoup ne sont probablement pas réparés <eos>,13,réparés,réparées,11,F,réparés,-11.196148,réparées,-12.052343,1
11457,P_NOUN_8_PASS_b,M,P,les billets avec les chemises que j' aime beaucoup ne sont probablement pas retirés <eos>,13,retirés,retirées,11,F,retirés,-7.7324696,retirées,-9.610327,1
11458,P_NOUN_8_PASS_b,M,P,les billets avec les chemises que j' aime beaucoup ne sont probablement pas tombés <eos>,13,tombés,tombées,11,F,tombés,-7.11012,tombées,-10.765552,1
11459,P_NOUN_8_PASS_b,M,P,les billets avec les chemises que j' aime beaucoup ne sont probablement pas utilisés <eos>,13,utilisés,utilisées,11,F,utilisés,-4.5607085,utilisées,-7.775945,1
11460,P_NOUN_8_PASS_b,M,P,les billets avec les recettes que j' aime beaucoup ne sont probablement pas achetés <eos>,13,achetés,achetées,11,F,achetés,-7.7268667,achetées,-11.308378,1
11461,P_NOUN_8_PASS_b,M,P,les billets avec les recettes que j' aime beaucoup ne sont probablement pas brisés <eos>,13,brisés,brisées,11,F,brisés,-11.807552,brisées,-12.2086735,1
11462,P_NOUN_8_PASS_b,M,P,les billets avec les recettes que j' aime beaucoup ne sont probablement pas cachés <eos>,13,cachés,cachées,11,F,cachés,-7.76932,cachées,-12.690296,1
11463,P_NOUN_8_PASS_b,M,P,les billets avec les recettes que j' aime beaucoup ne sont probablement pas cassés <eos>,13,cassés,cassées,11,F,cassés,-10.33028,cassées,-12.386497,1
11464,P_NOUN_8_PASS_b,M,P,les billets avec les recettes que j' aime beaucoup ne sont probablement pas couverts <eos>,13,couverts,couvertes,11,F,couverts,-7.095579,couvertes,-11.467686,1
11465,P_NOUN_8_PASS_b,M,P,les billets avec les recettes que j' aime beaucoup ne sont probablement pas déformés <eos>,13,déformés,déformées,11,F,déformés,-12.969318,déformées,-12.160053,0
11466,P_NOUN_8_PASS_b,M,P,les billets avec les recettes que j' aime beaucoup ne sont probablement pas fixés <eos>,13,fixés,fixées,11,F,fixés,-7.345289,fixées,-10.644086,1
11467,P_NOUN_8_PASS_b,M,P,les billets avec les recettes que j' aime beaucoup ne sont probablement pas jetés <eos>,13,jetés,jetées,11,F,jetés,-8.244318,jetées,-12.097628,1
11468,P_NOUN_8_PASS_b,M,P,les billets avec les recettes que j' aime beaucoup ne sont probablement pas laissés <eos>,13,laissés,laissées,11,F,laissés,-8.962862,laissées,-11.219057,1
11469,P_NOUN_8_PASS_b,M,P,les billets avec les recettes que j' aime beaucoup ne sont probablement pas ouverts <eos>,13,ouverts,ouvertes,11,F,ouverts,-7.6766067,ouvertes,-12.085598,1
11470,P_NOUN_8_PASS_b,M,P,les billets avec les recettes que j' aime beaucoup ne sont probablement pas perdus <eos>,13,perdus,perdues,11,F,perdus,-6.7802954,perdues,-10.03817,1
11471,P_NOUN_8_PASS_b,M,P,les billets avec les recettes que j' aime beaucoup ne sont probablement pas réparés <eos>,13,réparés,réparées,11,F,réparés,-11.224154,réparées,-12.639622,1
11472,P_NOUN_8_PASS_b,M,P,les billets avec les recettes que j' aime beaucoup ne sont probablement pas retirés <eos>,13,retirés,retirées,11,F,retirés,-7.904056,retirées,-10.179208,1
11473,P_NOUN_8_PASS_b,M,P,les billets avec les recettes que j' aime beaucoup ne sont probablement pas tombés <eos>,13,tombés,tombées,11,F,tombés,-7.8781977,tombées,-11.481554,1
11474,P_NOUN_8_PASS_b,M,P,les billets avec les recettes que j' aime beaucoup ne sont probablement pas utilisés <eos>,13,utilisés,utilisées,11,F,utilisés,-4.7958317,utilisées,-8.393994,1
11475,P_NOUN_8_PASS_b,M,P,les billets avec les jupes que j' aime beaucoup ne sont probablement pas achetés <eos>,13,achetés,achetées,11,F,achetés,-8.151247,achetées,-11.450815,1
11476,P_NOUN_8_PASS_b,M,P,les billets avec les jupes que j' aime beaucoup ne sont probablement pas brisés <eos>,13,brisés,brisées,11,F,brisés,-11.345993,brisées,-11.760159,1
11477,P_NOUN_8_PASS_b,M,P,les billets avec les jupes que j' aime beaucoup ne sont probablement pas cachés <eos>,13,cachés,cachées,11,F,cachés,-7.594798,cachées,-12.033254,1
11478,P_NOUN_8_PASS_b,M,P,les billets avec les jupes que j' aime beaucoup ne sont probablement pas cassés <eos>,13,cassés,cassées,11,F,cassés,-10.112584,cassées,-10.920468,1
11479,P_NOUN_8_PASS_b,M,P,les billets avec les jupes que j' aime beaucoup ne sont probablement pas couverts <eos>,13,couverts,couvertes,11,F,couverts,-7.3873863,couvertes,-11.210188,1
11480,P_NOUN_8_PASS_b,M,P,les billets avec les jupes que j' aime beaucoup ne sont probablement pas déformés <eos>,13,déformés,déformées,11,F,déformés,-12.359236,déformées,-11.382308,0
11481,P_NOUN_8_PASS_b,M,P,les billets avec les jupes que j' aime beaucoup ne sont probablement pas fixés <eos>,13,fixés,fixées,11,F,fixés,-7.497514,fixées,-10.173147,1
11482,P_NOUN_8_PASS_b,M,P,les billets avec les jupes que j' aime beaucoup ne sont probablement pas jetés <eos>,13,jetés,jetées,11,F,jetés,-7.9968457,jetées,-11.461693,1
11483,P_NOUN_8_PASS_b,M,P,les billets avec les jupes que j' aime beaucoup ne sont probablement pas laissés <eos>,13,laissés,laissées,11,F,laissés,-9.003595,laissées,-11.282657,1
11484,P_NOUN_8_PASS_b,M,P,les billets avec les jupes que j' aime beaucoup ne sont probablement pas ouverts <eos>,13,ouverts,ouvertes,11,F,ouverts,-7.474294,ouvertes,-11.622839,1
11485,P_NOUN_8_PASS_b,M,P,les billets avec les jupes que j' aime beaucoup ne sont probablement pas perdus <eos>,13,perdus,perdues,11,F,perdus,-7.2201786,perdues,-10.415972,1
11486,P_NOUN_8_PASS_b,M,P,les billets avec les jupes que j' aime beaucoup ne sont probablement pas réparés <eos>,13,réparés,réparées,11,F,réparés,-11.409921,réparées,-12.259679,1
11487,P_NOUN_8_PASS_b,M,P,les billets avec les jupes que j' aime beaucoup ne sont probablement pas retirés <eos>,13,retirés,retirées,11,F,retirés,-8.163968,retirées,-10.050619,1
11488,P_NOUN_8_PASS_b,M,P,les billets avec les jupes que j' aime beaucoup ne sont probablement pas tombés <eos>,13,tombés,tombées,11,F,tombés,-7.7163944,tombées,-11.353033,1
11489,P_NOUN_8_PASS_b,M,P,les billets avec les jupes que j' aime beaucoup ne sont probablement pas utilisés <eos>,13,utilisés,utilisées,11,F,utilisés,-4.6360717,utilisées,-8.099974,1
11490,P_NOUN_8_PASS_b,M,P,les billets avec les colles que j' aime beaucoup ne sont probablement pas achetés <eos>,13,achetés,achetées,11,F,achetés,-8.255722,achetées,-11.509456,1
11491,P_NOUN_8_PASS_b,M,P,les billets avec les colles que j' aime beaucoup ne sont probablement pas brisés <eos>,13,brisés,brisées,11,F,brisés,-11.49205,brisées,-11.823296,1
11492,P_NOUN_8_PASS_b,M,P,les billets avec les colles que j' aime beaucoup ne sont probablement pas cachés <eos>,13,cachés,cachées,11,F,cachés,-7.934138,cachées,-12.190807,1
11493,P_NOUN_8_PASS_b,M,P,les billets avec les colles que j' aime beaucoup ne sont probablement pas cassés <eos>,13,cassés,cassées,11,F,cassés,-9.588507,cassées,-11.091055,1
11494,P_NOUN_8_PASS_b,M,P,les billets avec les colles que j' aime beaucoup ne sont probablement pas couverts <eos>,13,couverts,couvertes,11,F,couverts,-7.181988,couvertes,-10.935575,1
11495,P_NOUN_8_PASS_b,M,P,les billets avec les colles que j' aime beaucoup ne sont probablement pas déformés <eos>,13,déformés,déformées,11,F,déformés,-12.557105,déformées,-11.073687,0
11496,P_NOUN_8_PASS_b,M,P,les billets avec les colles que j' aime beaucoup ne sont probablement pas fixés <eos>,13,fixés,fixées,11,F,fixés,-7.814497,fixées,-10.366222,1
11497,P_NOUN_8_PASS_b,M,P,les billets avec les colles que j' aime beaucoup ne sont probablement pas jetés <eos>,13,jetés,jetées,11,F,jetés,-8.092383,jetées,-11.450942,1
11498,P_NOUN_8_PASS_b,M,P,les billets avec les colles que j' aime beaucoup ne sont probablement pas laissés <eos>,13,laissés,laissées,11,F,laissés,-8.746119,laissées,-10.449532,1
11499,P_NOUN_8_PASS_b,M,P,les billets avec les colles que j' aime beaucoup ne sont probablement pas ouverts <eos>,13,ouverts,ouvertes,11,F,ouverts,-7.88516,ouvertes,-11.550125,1
11500,P_NOUN_8_PASS_b,M,P,les billets avec les colles que j' aime beaucoup ne sont probablement pas perdus <eos>,13,perdus,perdues,11,F,perdus,-7.16523,perdues,-10.098733,1
11501,P_NOUN_8_PASS_b,M,P,les billets avec les colles que j' aime beaucoup ne sont probablement pas réparés <eos>,13,réparés,réparées,11,F,réparés,-10.892757,réparées,-11.7453165,1
11502,P_NOUN_8_PASS_b,M,P,les billets avec les colles que j' aime beaucoup ne sont probablement pas retirés <eos>,13,retirés,retirées,11,F,retirés,-7.863476,retirées,-9.843073,1
11503,P_NOUN_8_PASS_b,M,P,les billets avec les colles que j' aime beaucoup ne sont probablement pas tombés <eos>,13,tombés,tombées,11,F,tombés,-8.038839,tombées,-11.235624,1
11504,P_NOUN_8_PASS_b,M,P,les billets avec les colles que j' aime beaucoup ne sont probablement pas utilisés <eos>,13,utilisés,utilisées,11,F,utilisés,-4.423708,utilisées,-7.531598,1
11505,P_NOUN_8_PASS_b,M,P,les billets avec les lampes que j' aime beaucoup ne sont probablement pas achetés <eos>,13,achetés,achetées,11,F,achetés,-8.057967,achetées,-11.803856,1
11506,P_NOUN_8_PASS_b,M,P,les billets avec les lampes que j' aime beaucoup ne sont probablement pas brisés <eos>,13,brisés,brisées,11,F,brisés,-10.995757,brisées,-11.553552,1
11507,P_NOUN_8_PASS_b,M,P,les billets avec les lampes que j' aime beaucoup ne sont probablement pas cachés <eos>,13,cachés,cachées,11,F,cachés,-7.191592,cachées,-11.938416,1
11508,P_NOUN_8_PASS_b,M,P,les billets avec les lampes que j' aime beaucoup ne sont probablement pas cassés <eos>,13,cassés,cassées,11,F,cassés,-10.105898,cassées,-11.346758,1
11509,P_NOUN_8_PASS_b,M,P,les billets avec les lampes que j' aime beaucoup ne sont probablement pas couverts <eos>,13,couverts,couvertes,11,F,couverts,-7.3655143,couvertes,-11.442005,1
11510,P_NOUN_8_PASS_b,M,P,les billets avec les lampes que j' aime beaucoup ne sont probablement pas déformés <eos>,13,déformés,déformées,11,F,déformés,-11.913134,déformées,-10.83284,0
11511,P_NOUN_8_PASS_b,M,P,les billets avec les lampes que j' aime beaucoup ne sont probablement pas fixés <eos>,13,fixés,fixées,11,F,fixés,-7.4277887,fixées,-10.03602,1
11512,P_NOUN_8_PASS_b,M,P,les billets avec les lampes que j' aime beaucoup ne sont probablement pas jetés <eos>,13,jetés,jetées,11,F,jetés,-7.4732065,jetées,-11.115173,1
11513,P_NOUN_8_PASS_b,M,P,les billets avec les lampes que j' aime beaucoup ne sont probablement pas laissés <eos>,13,laissés,laissées,11,F,laissés,-8.731163,laissées,-11.443699,1
11514,P_NOUN_8_PASS_b,M,P,les billets avec les lampes que j' aime beaucoup ne sont probablement pas ouverts <eos>,13,ouverts,ouvertes,11,F,ouverts,-7.5053153,ouvertes,-11.736042,1
11515,P_NOUN_8_PASS_b,M,P,les billets avec les lampes que j' aime beaucoup ne sont probablement pas perdus <eos>,13,perdus,perdues,11,F,perdus,-6.776082,perdues,-9.920991,1
11516,P_NOUN_8_PASS_b,M,P,les billets avec les lampes que j' aime beaucoup ne sont probablement pas réparés <eos>,13,réparés,réparées,11,F,réparés,-11.292341,réparées,-12.21567,1
11517,P_NOUN_8_PASS_b,M,P,les billets avec les lampes que j' aime beaucoup ne sont probablement pas retirés <eos>,13,retirés,retirées,11,F,retirés,-7.570367,retirées,-9.6535425,1
11518,P_NOUN_8_PASS_b,M,P,les billets avec les lampes que j' aime beaucoup ne sont probablement pas tombés <eos>,13,tombés,tombées,11,F,tombés,-7.8210096,tombées,-11.15119,1
11519,P_NOUN_8_PASS_b,M,P,les billets avec les lampes que j' aime beaucoup ne sont probablement pas utilisés <eos>,13,utilisés,utilisées,11,F,utilisés,-4.1819334,utilisées,-7.9167414,1
11520,P_NOUN_8_PASS_b,M,P,les billets avec les bouteilles que j' aime beaucoup ne sont probablement pas achetés <eos>,13,achetés,achetées,11,F,achetés,-7.703101,achetées,-10.868531,1
11521,P_NOUN_8_PASS_b,M,P,les billets avec les bouteilles que j' aime beaucoup ne sont probablement pas brisés <eos>,13,brisés,brisées,11,F,brisés,-11.444323,brisées,-11.860831,1
11522,P_NOUN_8_PASS_b,M,P,les billets avec les bouteilles que j' aime beaucoup ne sont probablement pas cachés <eos>,13,cachés,cachées,11,F,cachés,-7.3247967,cachées,-12.107534,1
11523,P_NOUN_8_PASS_b,M,P,les billets avec les bouteilles que j' aime beaucoup ne sont probablement pas cassés <eos>,13,cassés,cassées,11,F,cassés,-9.909666,cassées,-11.324533,1
11524,P_NOUN_8_PASS_b,M,P,les billets avec les bouteilles que j' aime beaucoup ne sont probablement pas couverts <eos>,13,couverts,couvertes,11,F,couverts,-7.1789885,couvertes,-11.467831,1
11525,P_NOUN_8_PASS_b,M,P,les billets avec les bouteilles que j' aime beaucoup ne sont probablement pas déformés <eos>,13,déformés,déformées,11,F,déformés,-12.524868,déformées,-11.506909,0
11526,P_NOUN_8_PASS_b,M,P,les billets avec les bouteilles que j' aime beaucoup ne sont probablement pas fixés <eos>,13,fixés,fixées,11,F,fixés,-7.6043253,fixées,-10.740035,1
11527,P_NOUN_8_PASS_b,M,P,les billets avec les bouteilles que j' aime beaucoup ne sont probablement pas jetés <eos>,13,jetés,jetées,11,F,jetés,-7.7701654,jetées,-11.7409,1
11528,P_NOUN_8_PASS_b,M,P,les billets avec les bouteilles que j' aime beaucoup ne sont probablement pas laissés <eos>,13,laissés,laissées,11,F,laissés,-8.75388,laissées,-10.979296,1
11529,P_NOUN_8_PASS_b,M,P,les billets avec les bouteilles que j' aime beaucoup ne sont probablement pas ouverts <eos>,13,ouverts,ouvertes,11,F,ouverts,-7.4983635,ouvertes,-11.690866,1
11530,P_NOUN_8_PASS_b,M,P,les billets avec les bouteilles que j' aime beaucoup ne sont probablement pas perdus <eos>,13,perdus,perdues,11,F,perdus,-6.7557793,perdues,-10.0311985,1
11531,P_NOUN_8_PASS_b,M,P,les billets avec les bouteilles que j' aime beaucoup ne sont probablement pas réparés <eos>,13,réparés,réparées,11,F,réparés,-11.443174,réparées,-12.327103,1
11532,P_NOUN_8_PASS_b,M,P,les billets avec les bouteilles que j' aime beaucoup ne sont probablement pas retirés <eos>,13,retirés,retirées,11,F,retirés,-7.9390407,retirées,-10.159684,1
11533,P_NOUN_8_PASS_b,M,P,les billets avec les bouteilles que j' aime beaucoup ne sont probablement pas tombés <eos>,13,tombés,tombées,11,F,tombés,-7.8117504,tombées,-11.398978,1
11534,P_NOUN_8_PASS_b,M,P,les billets avec les bouteilles que j' aime beaucoup ne sont probablement pas utilisés <eos>,13,utilisés,utilisées,11,F,utilisés,-4.76851,utilisées,-8.234961,1
11535,P_NOUN_8_PASS_b,M,P,les billets avec les boissons que j' aime beaucoup ne sont probablement pas achetés <eos>,13,achetés,achetées,11,F,achetés,-7.860796,achetées,-10.338574,1
11536,P_NOUN_8_PASS_b,M,P,les billets avec les boissons que j' aime beaucoup ne sont probablement pas brisés <eos>,13,brisés,brisées,11,F,brisés,-11.956608,brisées,-11.362396,0
11537,P_NOUN_8_PASS_b,M,P,les billets avec les boissons que j' aime beaucoup ne sont probablement pas cachés <eos>,13,cachés,cachées,11,F,cachés,-7.8910847,cachées,-11.762443,1
11538,P_NOUN_8_PASS_b,M,P,les billets avec les boissons que j' aime beaucoup ne sont probablement pas cassés <eos>,13,cassés,cassées,11,F,cassés,-9.856257,cassées,-10.933912,1
11539,P_NOUN_8_PASS_b,M,P,les billets avec les boissons que j' aime beaucoup ne sont probablement pas couverts <eos>,13,couverts,couvertes,11,F,couverts,-6.980154,couvertes,-10.045826,1
11540,P_NOUN_8_PASS_b,M,P,les billets avec les boissons que j' aime beaucoup ne sont probablement pas déformés <eos>,13,déformés,déformées,11,F,déformés,-13.191315,déformées,-11.203667,0
11541,P_NOUN_8_PASS_b,M,P,les billets avec les boissons que j' aime beaucoup ne sont probablement pas fixés <eos>,13,fixés,fixées,11,F,fixés,-7.5437117,fixées,-9.811991,1
11542,P_NOUN_8_PASS_b,M,P,les billets avec les boissons que j' aime beaucoup ne sont probablement pas jetés <eos>,13,jetés,jetées,11,F,jetés,-8.1644535,jetées,-10.492891,1
11543,P_NOUN_8_PASS_b,M,P,les billets avec les boissons que j' aime beaucoup ne sont probablement pas laissés <eos>,13,laissés,laissées,11,F,laissés,-8.535648,laissées,-9.58009,1
11544,P_NOUN_8_PASS_b,M,P,les billets avec les boissons que j' aime beaucoup ne sont probablement pas ouverts <eos>,13,ouverts,ouvertes,11,F,ouverts,-7.8330956,ouvertes,-10.734233,1
11545,P_NOUN_8_PASS_b,M,P,les billets avec les boissons que j' aime beaucoup ne sont probablement pas perdus <eos>,13,perdus,perdues,11,F,perdus,-7.2877502,perdues,-9.391176,1
11546,P_NOUN_8_PASS_b,M,P,les billets avec les boissons que j' aime beaucoup ne sont probablement pas réparés <eos>,13,réparés,réparées,11,F,réparés,-10.980061,réparées,-11.518994,1
11547,P_NOUN_8_PASS_b,M,P,les billets avec les boissons que j' aime beaucoup ne sont probablement pas retirés <eos>,13,retirés,retirées,11,F,retirés,-7.960063,retirées,-9.236111,1
11548,P_NOUN_8_PASS_b,M,P,les billets avec les boissons que j' aime beaucoup ne sont probablement pas tombés <eos>,13,tombés,tombées,11,F,tombés,-7.8357954,tombées,-10.622957,1
11549,P_NOUN_8_PASS_b,M,P,les billets avec les boissons que j' aime beaucoup ne sont probablement pas utilisés <eos>,13,utilisés,utilisées,11,F,utilisés,-4.381013,utilisées,-6.8018208,1
11550,P_NOUN_8_PASS_b,M,P,les billets avec les pommes que j' aime beaucoup ne sont probablement pas achetés <eos>,13,achetés,achetées,11,F,achetés,-7.4419327,achetées,-9.849265,1
11551,P_NOUN_8_PASS_b,M,P,les billets avec les pommes que j' aime beaucoup ne sont probablement pas brisés <eos>,13,brisés,brisées,11,F,brisés,-11.557026,brisées,-11.320394,0
11552,P_NOUN_8_PASS_b,M,P,les billets avec les pommes que j' aime beaucoup ne sont probablement pas cachés <eos>,13,cachés,cachées,11,F,cachés,-7.247894,cachées,-11.419222,1
11553,P_NOUN_8_PASS_b,M,P,les billets avec les pommes que j' aime beaucoup ne sont probablement pas cassés <eos>,13,cassés,cassées,11,F,cassés,-9.297056,cassées,-10.919521,1
11554,P_NOUN_8_PASS_b,M,P,les billets avec les pommes que j' aime beaucoup ne sont probablement pas couverts <eos>,13,couverts,couvertes,11,F,couverts,-7.067379,couvertes,-10.5959015,1
11555,P_NOUN_8_PASS_b,M,P,les billets avec les pommes que j' aime beaucoup ne sont probablement pas déformés <eos>,13,déformés,déformées,11,F,déformés,-12.929815,déformées,-11.327196,0
11556,P_NOUN_8_PASS_b,M,P,les billets avec les pommes que j' aime beaucoup ne sont probablement pas fixés <eos>,13,fixés,fixées,11,F,fixés,-7.839696,fixées,-10.306187,1
11557,P_NOUN_8_PASS_b,M,P,les billets avec les pommes que j' aime beaucoup ne sont probablement pas jetés <eos>,13,jetés,jetées,11,F,jetés,-8.046711,jetées,-10.510283,1
11558,P_NOUN_8_PASS_b,M,P,les billets avec les pommes que j' aime beaucoup ne sont probablement pas laissés <eos>,13,laissés,laissées,11,F,laissés,-8.202823,laissées,-10.233698,1
11559,P_NOUN_8_PASS_b,M,P,les billets avec les pommes que j' aime beaucoup ne sont probablement pas ouverts <eos>,13,ouverts,ouvertes,11,F,ouverts,-8.008577,ouvertes,-11.401103,1
11560,P_NOUN_8_PASS_b,M,P,les billets avec les pommes que j' aime beaucoup ne sont probablement pas perdus <eos>,13,perdus,perdues,11,F,perdus,-7.01822,perdues,-9.192352,1
11561,P_NOUN_8_PASS_b,M,P,les billets avec les pommes que j' aime beaucoup ne sont probablement pas réparés <eos>,13,réparés,réparées,11,F,réparés,-11.2422285,réparées,-11.805266,1
11562,P_NOUN_8_PASS_b,M,P,les billets avec les pommes que j' aime beaucoup ne sont probablement pas retirés <eos>,13,retirés,retirées,11,F,retirés,-7.5677204,retirées,-9.30596,1
11563,P_NOUN_8_PASS_b,M,P,les billets avec les pommes que j' aime beaucoup ne sont probablement pas tombés <eos>,13,tombés,tombées,11,F,tombés,-7.485936,tombées,-10.232606,1
11564,P_NOUN_8_PASS_b,M,P,les billets avec les pommes que j' aime beaucoup ne sont probablement pas utilisés <eos>,13,utilisés,utilisées,11,F,utilisés,-4.637184,utilisées,-7.22311,1
11565,P_NOUN_8_PASS_b,M,P,les billets avec les tasses que j' aime beaucoup ne sont probablement pas achetés <eos>,13,achetés,achetées,11,F,achetés,-7.8023763,achetées,-10.843296,1
11566,P_NOUN_8_PASS_b,M,P,les billets avec les tasses que j' aime beaucoup ne sont probablement pas brisés <eos>,13,brisés,brisées,11,F,brisés,-11.223989,brisées,-11.644912,1
11567,P_NOUN_8_PASS_b,M,P,les billets avec les tasses que j' aime beaucoup ne sont probablement pas cachés <eos>,13,cachés,cachées,11,F,cachés,-8.015358,cachées,-12.414639,1
11568,P_NOUN_8_PASS_b,M,P,les billets avec les tasses que j' aime beaucoup ne sont probablement pas cassés <eos>,13,cassés,cassées,11,F,cassés,-9.82649,cassées,-11.384161,1
11569,P_NOUN_8_PASS_b,M,P,les billets avec les tasses que j' aime beaucoup ne sont probablement pas couverts <eos>,13,couverts,couvertes,11,F,couverts,-6.6603575,couvertes,-10.9897175,1
11570,P_NOUN_8_PASS_b,M,P,les billets avec les tasses que j' aime beaucoup ne sont probablement pas déformés <eos>,13,déformés,déformées,11,F,déformés,-12.528427,déformées,-11.371474,0
11571,P_NOUN_8_PASS_b,M,P,les billets avec les tasses que j' aime beaucoup ne sont probablement pas fixés <eos>,13,fixés,fixées,11,F,fixés,-7.6240063,fixées,-10.272521,1
11572,P_NOUN_8_PASS_b,M,P,les billets avec les tasses que j' aime beaucoup ne sont probablement pas jetés <eos>,13,jetés,jetées,11,F,jetés,-8.082204,jetées,-11.660236,1
11573,P_NOUN_8_PASS_b,M,P,les billets avec les tasses que j' aime beaucoup ne sont probablement pas laissés <eos>,13,laissés,laissées,11,F,laissés,-8.567313,laissées,-10.507665,1
11574,P_NOUN_8_PASS_b,M,P,les billets avec les tasses que j' aime beaucoup ne sont probablement pas ouverts <eos>,13,ouverts,ouvertes,11,F,ouverts,-7.231769,ouvertes,-11.455851,1
11575,P_NOUN_8_PASS_b,M,P,les billets avec les tasses que j' aime beaucoup ne sont probablement pas perdus <eos>,13,perdus,perdues,11,F,perdus,-6.556121,perdues,-9.595764,1
11576,P_NOUN_8_PASS_b,M,P,les billets avec les tasses que j' aime beaucoup ne sont probablement pas réparés <eos>,13,réparés,réparées,11,F,réparés,-11.154025,réparées,-11.986233,1
11577,P_NOUN_8_PASS_b,M,P,les billets avec les tasses que j' aime beaucoup ne sont probablement pas retirés <eos>,13,retirés,retirées,11,F,retirés,-7.575671,retirées,-9.723713,1
11578,P_NOUN_8_PASS_b,M,P,les billets avec les tasses que j' aime beaucoup ne sont probablement pas tombés <eos>,13,tombés,tombées,11,F,tombés,-7.75247,tombées,-11.094493,1
11579,P_NOUN_8_PASS_b,M,P,les billets avec les tasses que j' aime beaucoup ne sont probablement pas utilisés <eos>,13,utilisés,utilisées,11,F,utilisés,-4.5895567,utilisées,-7.871972,1
11580,P_NOUN_8_PASS_b,M,P,les billets avec les bougies que j' aime beaucoup ne sont probablement pas achetés <eos>,13,achetés,achetées,11,F,achetés,-8.216394,achetées,-11.094833,1
11581,P_NOUN_8_PASS_b,M,P,les billets avec les bougies que j' aime beaucoup ne sont probablement pas brisés <eos>,13,brisés,brisées,11,F,brisés,-11.053824,brisées,-11.797338,1
11582,P_NOUN_8_PASS_b,M,P,les billets avec les bougies que j' aime beaucoup ne sont probablement pas cachés <eos>,13,cachés,cachées,11,F,cachés,-7.1493526,cachées,-11.759363,1
11583,P_NOUN_8_PASS_b,M,P,les billets avec les bougies que j' aime beaucoup ne sont probablement pas cassés <eos>,13,cassés,cassées,11,F,cassés,-9.810386,cassées,-11.173336,1
11584,P_NOUN_8_PASS_b,M,P,les billets avec les bougies que j' aime beaucoup ne sont probablement pas couverts <eos>,13,couverts,couvertes,11,F,couverts,-7.357894,couvertes,-11.518018,1
11585,P_NOUN_8_PASS_b,M,P,les billets avec les bougies que j' aime beaucoup ne sont probablement pas déformés <eos>,13,déformés,déformées,11,F,déformés,-12.004715,déformées,-11.512686,0
11586,P_NOUN_8_PASS_b,M,P,les billets avec les bougies que j' aime beaucoup ne sont probablement pas fixés <eos>,13,fixés,fixées,11,F,fixés,-7.6198816,fixées,-10.521364,1
11587,P_NOUN_8_PASS_b,M,P,les billets avec les bougies que j' aime beaucoup ne sont probablement pas jetés <eos>,13,jetés,jetées,11,F,jetés,-7.312529,jetées,-11.069056,1
11588,P_NOUN_8_PASS_b,M,P,les billets avec les bougies que j' aime beaucoup ne sont probablement pas laissés <eos>,13,laissés,laissées,11,F,laissés,-8.256308,laissées,-11.12397,1
11589,P_NOUN_8_PASS_b,M,P,les billets avec les bougies que j' aime beaucoup ne sont probablement pas ouverts <eos>,13,ouverts,ouvertes,11,F,ouverts,-7.7200584,ouvertes,-11.764119,1
11590,P_NOUN_8_PASS_b,M,P,les billets avec les bougies que j' aime beaucoup ne sont probablement pas perdus <eos>,13,perdus,perdues,11,F,perdus,-6.741255,perdues,-10.061248,1
11591,P_NOUN_8_PASS_b,M,P,les billets avec les bougies que j' aime beaucoup ne sont probablement pas réparés <eos>,13,réparés,réparées,11,F,réparés,-10.885353,réparées,-11.925213,1
11592,P_NOUN_8_PASS_b,M,P,les billets avec les bougies que j' aime beaucoup ne sont probablement pas retirés <eos>,13,retirés,retirées,11,F,retirés,-8.0432,retirées,-9.966953,1
11593,P_NOUN_8_PASS_b,M,P,les billets avec les bougies que j' aime beaucoup ne sont probablement pas tombés <eos>,13,tombés,tombées,11,F,tombés,-6.5483418,tombées,-10.7915125,1
11594,P_NOUN_8_PASS_b,M,P,les billets avec les bougies que j' aime beaucoup ne sont probablement pas utilisés <eos>,13,utilisés,utilisées,11,F,utilisés,-4.914665,utilisées,-8.400885,1
11595,P_NOUN_8_PASS_b,M,P,les billets avec les pochettes que j' aime beaucoup ne sont probablement pas achetés <eos>,13,achetés,achetées,11,F,achetés,-8.319497,achetées,-10.6816025,1
11596,P_NOUN_8_PASS_b,M,P,les billets avec les pochettes que j' aime beaucoup ne sont probablement pas brisés <eos>,13,brisés,brisées,11,F,brisés,-11.686546,brisées,-11.953537,1
11597,P_NOUN_8_PASS_b,M,P,les billets avec les pochettes que j' aime beaucoup ne sont probablement pas cachés <eos>,13,cachés,cachées,11,F,cachés,-8.160118,cachées,-11.602826,1
11598,P_NOUN_8_PASS_b,M,P,les billets avec les pochettes que j' aime beaucoup ne sont probablement pas cassés <eos>,13,cassés,cassées,11,F,cassés,-10.73085,cassées,-11.757532,1
11599,P_NOUN_8_PASS_b,M,P,les billets avec les pochettes que j' aime beaucoup ne sont probablement pas couverts <eos>,13,couverts,couvertes,11,F,couverts,-7.852027,couvertes,-11.023377,1
11600,P_NOUN_8_PASS_b,M,P,les billets avec les pochettes que j' aime beaucoup ne sont probablement pas déformés <eos>,13,déformés,déformées,11,F,déformés,-12.535624,déformées,-10.962768,0
11601,P_NOUN_8_PASS_b,M,P,les billets avec les pochettes que j' aime beaucoup ne sont probablement pas fixés <eos>,13,fixés,fixées,11,F,fixés,-8.477955,fixées,-10.82587,1
11602,P_NOUN_8_PASS_b,M,P,les billets avec les pochettes que j' aime beaucoup ne sont probablement pas jetés <eos>,13,jetés,jetées,11,F,jetés,-8.703701,jetées,-12.387062,1
11603,P_NOUN_8_PASS_b,M,P,les billets avec les pochettes que j' aime beaucoup ne sont probablement pas laissés <eos>,13,laissés,laissées,11,F,laissés,-9.045582,laissées,-10.271897,1
11604,P_NOUN_8_PASS_b,M,P,les billets avec les pochettes que j' aime beaucoup ne sont probablement pas ouverts <eos>,13,ouverts,ouvertes,11,F,ouverts,-6.952463,ouvertes,-10.049625,1
11605,P_NOUN_8_PASS_b,M,P,les billets avec les pochettes que j' aime beaucoup ne sont probablement pas perdus <eos>,13,perdus,perdues,11,F,perdus,-6.8241525,perdues,-9.561637,1
11606,P_NOUN_8_PASS_b,M,P,les billets avec les pochettes que j' aime beaucoup ne sont probablement pas réparés <eos>,13,réparés,réparées,11,F,réparés,-11.608388,réparées,-11.790618,1
11607,P_NOUN_8_PASS_b,M,P,les billets avec les pochettes que j' aime beaucoup ne sont probablement pas retirés <eos>,13,retirés,retirées,11,F,retirés,-8.636574,retirées,-9.8688545,1
11608,P_NOUN_8_PASS_b,M,P,les billets avec les pochettes que j' aime beaucoup ne sont probablement pas tombés <eos>,13,tombés,tombées,11,F,tombés,-8.329318,tombées,-11.459911,1
11609,P_NOUN_8_PASS_b,M,P,les billets avec les pochettes que j' aime beaucoup ne sont probablement pas utilisés <eos>,13,utilisés,utilisées,11,F,utilisés,-5.300397,utilisées,-8.10058,1
11610,P_NOUN_8_PASS_b,M,P,les billets avec les bananes que j' aime beaucoup ne sont probablement pas achetés <eos>,13,achetés,achetées,11,F,achetés,-7.585702,achetées,-11.241188,1
11611,P_NOUN_8_PASS_b,M,P,les billets avec les bananes que j' aime beaucoup ne sont probablement pas brisés <eos>,13,brisés,brisées,11,F,brisés,-11.458699,brisées,-11.768071,1
11612,P_NOUN_8_PASS_b,M,P,les billets avec les bananes que j' aime beaucoup ne sont probablement pas cachés <eos>,13,cachés,cachées,11,F,cachés,-7.82275,cachées,-12.625693,1
11613,P_NOUN_8_PASS_b,M,P,les billets avec les bananes que j' aime beaucoup ne sont probablement pas cassés <eos>,13,cassés,cassées,11,F,cassés,-9.809103,cassées,-11.500401,1
11614,P_NOUN_8_PASS_b,M,P,les billets avec les bananes que j' aime beaucoup ne sont probablement pas couverts <eos>,13,couverts,couvertes,11,F,couverts,-6.985779,couvertes,-11.350416,1
11615,P_NOUN_8_PASS_b,M,P,les billets avec les bananes que j' aime beaucoup ne sont probablement pas déformés <eos>,13,déformés,déformées,11,F,déformés,-12.788008,déformées,-11.733558,0
11616,P_NOUN_8_PASS_b,M,P,les billets avec les bananes que j' aime beaucoup ne sont probablement pas fixés <eos>,13,fixés,fixées,11,F,fixés,-7.4651127,fixées,-10.50582,1
11617,P_NOUN_8_PASS_b,M,P,les billets avec les bananes que j' aime beaucoup ne sont probablement pas jetés <eos>,13,jetés,jetées,11,F,jetés,-8.185407,jetées,-10.927253,1
11618,P_NOUN_8_PASS_b,M,P,les billets avec les bananes que j' aime beaucoup ne sont probablement pas laissés <eos>,13,laissés,laissées,11,F,laissés,-8.328943,laissées,-10.898014,1
11619,P_NOUN_8_PASS_b,M,P,les billets avec les bananes que j' aime beaucoup ne sont probablement pas ouverts <eos>,13,ouverts,ouvertes,11,F,ouverts,-7.7690716,ouvertes,-12.13286,1
11620,P_NOUN_8_PASS_b,M,P,les billets avec les bananes que j' aime beaucoup ne sont probablement pas perdus <eos>,13,perdus,perdues,11,F,perdus,-6.8475595,perdues,-10.151081,1
11621,P_NOUN_8_PASS_b,M,P,les billets avec les bananes que j' aime beaucoup ne sont probablement pas réparés <eos>,13,réparés,réparées,11,F,réparés,-11.453255,réparées,-12.748049,1
11622,P_NOUN_8_PASS_b,M,P,les billets avec les bananes que j' aime beaucoup ne sont probablement pas retirés <eos>,13,retirés,retirées,11,F,retirés,-7.844469,retirées,-10.265535,1
11623,P_NOUN_8_PASS_b,M,P,les billets avec les bananes que j' aime beaucoup ne sont probablement pas tombés <eos>,13,tombés,tombées,11,F,tombés,-7.738553,tombées,-11.181258,1
11624,P_NOUN_8_PASS_b,M,P,les billets avec les bananes que j' aime beaucoup ne sont probablement pas utilisés <eos>,13,utilisés,utilisées,11,F,utilisés,-4.486973,utilisées,-8.009154,1
11625,P_NOUN_8_PASS_b,M,P,les billets avec les robes que j' aime beaucoup ne sont probablement pas achetés <eos>,13,achetés,achetées,11,F,achetés,-8.222206,achetées,-11.577974,1
11626,P_NOUN_8_PASS_b,M,P,les billets avec les robes que j' aime beaucoup ne sont probablement pas brisés <eos>,13,brisés,brisées,11,F,brisés,-11.812564,brisées,-12.211714,1
11627,P_NOUN_8_PASS_b,M,P,les billets avec les robes que j' aime beaucoup ne sont probablement pas cachés <eos>,13,cachés,cachées,11,F,cachés,-7.4759064,cachées,-12.401467,1
11628,P_NOUN_8_PASS_b,M,P,les billets avec les robes que j' aime beaucoup ne sont probablement pas cassés <eos>,13,cassés,cassées,11,F,cassés,-10.413392,cassées,-11.435744,1
11629,P_NOUN_8_PASS_b,M,P,les billets avec les robes que j' aime beaucoup ne sont probablement pas couverts <eos>,13,couverts,couvertes,11,F,couverts,-7.3569508,couvertes,-11.346899,1
11630,P_NOUN_8_PASS_b,M,P,les billets avec les robes que j' aime beaucoup ne sont probablement pas déformés <eos>,13,déformés,déformées,11,F,déformés,-12.323683,déformées,-11.803509,0
11631,P_NOUN_8_PASS_b,M,P,les billets avec les robes que j' aime beaucoup ne sont probablement pas fixés <eos>,13,fixés,fixées,11,F,fixés,-7.8609776,fixées,-10.463423,1
11632,P_NOUN_8_PASS_b,M,P,les billets avec les robes que j' aime beaucoup ne sont probablement pas jetés <eos>,13,jetés,jetées,11,F,jetés,-8.147601,jetées,-11.465377,1
11633,P_NOUN_8_PASS_b,M,P,les billets avec les robes que j' aime beaucoup ne sont probablement pas laissés <eos>,13,laissés,laissées,11,F,laissés,-8.858429,laissées,-11.032196,1
11634,P_NOUN_8_PASS_b,M,P,les billets avec les robes que j' aime beaucoup ne sont probablement pas ouverts <eos>,13,ouverts,ouvertes,11,F,ouverts,-7.9517775,ouvertes,-11.754923,1
11635,P_NOUN_8_PASS_b,M,P,les billets avec les robes que j' aime beaucoup ne sont probablement pas perdus <eos>,13,perdus,perdues,11,F,perdus,-7.4288597,perdues,-10.406208,1
11636,P_NOUN_8_PASS_b,M,P,les billets avec les robes que j' aime beaucoup ne sont probablement pas réparés <eos>,13,réparés,réparées,11,F,réparés,-10.999778,réparées,-12.36906,1
11637,P_NOUN_8_PASS_b,M,P,les billets avec les robes que j' aime beaucoup ne sont probablement pas retirés <eos>,13,retirés,retirées,11,F,retirés,-8.070952,retirées,-10.203624,1
11638,P_NOUN_8_PASS_b,M,P,les billets avec les robes que j' aime beaucoup ne sont probablement pas tombés <eos>,13,tombés,tombées,11,F,tombés,-7.3511395,tombées,-11.401449,1
11639,P_NOUN_8_PASS_b,M,P,les billets avec les robes que j' aime beaucoup ne sont probablement pas utilisés <eos>,13,utilisés,utilisées,11,F,utilisés,-4.5342817,utilisées,-8.02958,1
11640,P_NOUN_8_PASS_b,M,P,les billets avec les valises que j' aime beaucoup ne sont probablement pas achetés <eos>,13,achetés,achetées,11,F,achetés,-8.078389,achetées,-11.452409,1
11641,P_NOUN_8_PASS_b,M,P,les billets avec les valises que j' aime beaucoup ne sont probablement pas brisés <eos>,13,brisés,brisées,11,F,brisés,-11.471886,brisées,-11.73317,1
11642,P_NOUN_8_PASS_b,M,P,les billets avec les valises que j' aime beaucoup ne sont probablement pas cachés <eos>,13,cachés,cachées,11,F,cachés,-7.317932,cachées,-11.526143,1
11643,P_NOUN_8_PASS_b,M,P,les billets avec les valises que j' aime beaucoup ne sont probablement pas cassés <eos>,13,cassés,cassées,11,F,cassés,-10.456597,cassées,-11.79157,1
11644,P_NOUN_8_PASS_b,M,P,les billets avec les valises que j' aime beaucoup ne sont probablement pas couverts <eos>,13,couverts,couvertes,11,F,couverts,-6.9468746,couvertes,-10.883145,1
11645,P_NOUN_8_PASS_b,M,P,les billets avec les valises que j' aime beaucoup ne sont probablement pas déformés <eos>,13,déformés,déformées,11,F,déformés,-12.60079,déformées,-11.564437,0
11646,P_NOUN_8_PASS_b,M,P,les billets avec les valises que j' aime beaucoup ne sont probablement pas fixés <eos>,13,fixés,fixées,11,F,fixés,-7.7310915,fixées,-10.324854,1
11647,P_NOUN_8_PASS_b,M,P,les billets avec les valises que j' aime beaucoup ne sont probablement pas jetés <eos>,13,jetés,jetées,11,F,jetés,-7.7773323,jetées,-11.108804,1
11648,P_NOUN_8_PASS_b,M,P,les billets avec les valises que j' aime beaucoup ne sont probablement pas laissés <eos>,13,laissés,laissées,11,F,laissés,-8.459595,laissées,-10.655636,1
11649,P_NOUN_8_PASS_b,M,P,les billets avec les valises que j' aime beaucoup ne sont probablement pas ouverts <eos>,13,ouverts,ouvertes,11,F,ouverts,-7.052825,ouvertes,-10.986913,1
11650,P_NOUN_8_PASS_b,M,P,les billets avec les valises que j' aime beaucoup ne sont probablement pas perdus <eos>,13,perdus,perdues,11,F,perdus,-6.704423,perdues,-9.719086,1
11651,P_NOUN_8_PASS_b,M,P,les billets avec les valises que j' aime beaucoup ne sont probablement pas réparés <eos>,13,réparés,réparées,11,F,réparés,-11.274489,réparées,-12.071114,1
11652,P_NOUN_8_PASS_b,M,P,les billets avec les valises que j' aime beaucoup ne sont probablement pas retirés <eos>,13,retirés,retirées,11,F,retirés,-8.188595,retirées,-10.080724,1
11653,P_NOUN_8_PASS_b,M,P,les billets avec les valises que j' aime beaucoup ne sont probablement pas tombés <eos>,13,tombés,tombées,11,F,tombés,-7.927963,tombées,-11.222725,1
11654,P_NOUN_8_PASS_b,M,P,les billets avec les valises que j' aime beaucoup ne sont probablement pas utilisés <eos>,13,utilisés,utilisées,11,F,utilisés,-5.034501,utilisées,-8.234421,1
11655,P_NOUN_8_PASS_b,M,P,les billets avec les pendules que j' aime beaucoup ne sont probablement pas achetés <eos>,13,achetés,achetées,11,F,achetés,-8.0437565,achetées,-11.466174,1
11656,P_NOUN_8_PASS_b,M,P,les billets avec les pendules que j' aime beaucoup ne sont probablement pas brisés <eos>,13,brisés,brisées,11,F,brisés,-10.876659,brisées,-11.348524,1
11657,P_NOUN_8_PASS_b,M,P,les billets avec les pendules que j' aime beaucoup ne sont probablement pas cachés <eos>,13,cachés,cachées,11,F,cachés,-7.2322392,cachées,-11.737041,1
11658,P_NOUN_8_PASS_b,M,P,les billets avec les pendules que j' aime beaucoup ne sont probablement pas cassés <eos>,13,cassés,cassées,11,F,cassés,-9.779477,cassées,-10.898912,1
11659,P_NOUN_8_PASS_b,M,P,les billets avec les pendules que j' aime beaucoup ne sont probablement pas couverts <eos>,13,couverts,couvertes,11,F,couverts,-7.4388947,couvertes,-11.240494,1
11660,P_NOUN_8_PASS_b,M,P,les billets avec les pendules que j' aime beaucoup ne sont probablement pas déformés <eos>,13,déformés,déformées,11,F,déformés,-11.858816,déformées,-10.731533,0
11661,P_NOUN_8_PASS_b,M,P,les billets avec les pendules que j' aime beaucoup ne sont probablement pas fixés <eos>,13,fixés,fixées,11,F,fixés,-7.2970095,fixées,-9.777483,1
11662,P_NOUN_8_PASS_b,M,P,les billets avec les pendules que j' aime beaucoup ne sont probablement pas jetés <eos>,13,jetés,jetées,11,F,jetés,-7.5023866,jetées,-11.087486,1
11663,P_NOUN_8_PASS_b,M,P,les billets avec les pendules que j' aime beaucoup ne sont probablement pas laissés <eos>,13,laissés,laissées,11,F,laissés,-8.710737,laissées,-11.155994,1
11664,P_NOUN_8_PASS_b,M,P,les billets avec les pendules que j' aime beaucoup ne sont probablement pas ouverts <eos>,13,ouverts,ouvertes,11,F,ouverts,-7.517724,ouvertes,-11.502785,1
11665,P_NOUN_8_PASS_b,M,P,les billets avec les pendules que j' aime beaucoup ne sont probablement pas perdus <eos>,13,perdus,perdues,11,F,perdus,-7.0313854,perdues,-10.065784,1
11666,P_NOUN_8_PASS_b,M,P,les billets avec les pendules que j' aime beaucoup ne sont probablement pas réparés <eos>,13,réparés,réparées,11,F,réparés,-11.483214,réparées,-11.901514,1
11667,P_NOUN_8_PASS_b,M,P,les billets avec les pendules que j' aime beaucoup ne sont probablement pas retirés <eos>,13,retirés,retirées,11,F,retirés,-7.736908,retirées,-9.463918,1
11668,P_NOUN_8_PASS_b,M,P,les billets avec les pendules que j' aime beaucoup ne sont probablement pas tombés <eos>,13,tombés,tombées,11,F,tombés,-7.9330096,tombées,-10.971619,1
11669,P_NOUN_8_PASS_b,M,P,les billets avec les pendules que j' aime beaucoup ne sont probablement pas utilisés <eos>,13,utilisés,utilisées,11,F,utilisés,-4.364995,utilisées,-7.7841034,1
11670,P_NOUN_8_PASS_b,M,P,les billets avec les cloches que j' aime beaucoup ne sont probablement pas achetés <eos>,13,achetés,achetées,11,F,achetés,-8.704345,achetées,-11.962173,1
11671,P_NOUN_8_PASS_b,M,P,les billets avec les cloches que j' aime beaucoup ne sont probablement pas brisés <eos>,13,brisés,brisées,11,F,brisés,-10.841855,brisées,-11.787963,1
11672,P_NOUN_8_PASS_b,M,P,les billets avec les cloches que j' aime beaucoup ne sont probablement pas cachés <eos>,13,cachés,cachées,11,F,cachés,-7.164308,cachées,-11.745157,1
11673,P_NOUN_8_PASS_b,M,P,les billets avec les cloches que j' aime beaucoup ne sont probablement pas cassés <eos>,13,cassés,cassées,11,F,cassés,-9.975509,cassées,-11.774736,1
11674,P_NOUN_8_PASS_b,M,P,les billets avec les cloches que j' aime beaucoup ne sont probablement pas couverts <eos>,13,couverts,couvertes,11,F,couverts,-6.852214,couvertes,-11.375908,1
11675,P_NOUN_8_PASS_b,M,P,les billets avec les cloches que j' aime beaucoup ne sont probablement pas déformés <eos>,13,déformés,déformées,11,F,déformés,-12.453067,déformées,-12.259793,0
11676,P_NOUN_8_PASS_b,M,P,les billets avec les cloches que j' aime beaucoup ne sont probablement pas fixés <eos>,13,fixés,fixées,11,F,fixés,-7.931876,fixées,-10.694428,1
11677,P_NOUN_8_PASS_b,M,P,les billets avec les cloches que j' aime beaucoup ne sont probablement pas jetés <eos>,13,jetés,jetées,11,F,jetés,-7.248892,jetées,-11.282051,1
11678,P_NOUN_8_PASS_b,M,P,les billets avec les cloches que j' aime beaucoup ne sont probablement pas laissés <eos>,13,laissés,laissées,11,F,laissés,-8.09151,laissées,-11.588367,1
11679,P_NOUN_8_PASS_b,M,P,les billets avec les cloches que j' aime beaucoup ne sont probablement pas ouverts <eos>,13,ouverts,ouvertes,11,F,ouverts,-7.683958,ouvertes,-11.536475,1
11680,P_NOUN_8_PASS_b,M,P,les billets avec les cloches que j' aime beaucoup ne sont probablement pas perdus <eos>,13,perdus,perdues,11,F,perdus,-6.4946423,perdues,-9.555222,1
11681,P_NOUN_8_PASS_b,M,P,les billets avec les cloches que j' aime beaucoup ne sont probablement pas réparés <eos>,13,réparés,réparées,11,F,réparés,-10.328759,réparées,-11.988599,1
11682,P_NOUN_8_PASS_b,M,P,les billets avec les cloches que j' aime beaucoup ne sont probablement pas retirés <eos>,13,retirés,retirées,11,F,retirés,-7.6561375,retirées,-9.959646,1
11683,P_NOUN_8_PASS_b,M,P,les billets avec les cloches que j' aime beaucoup ne sont probablement pas tombés <eos>,13,tombés,tombées,11,F,tombés,-6.312353,tombées,-10.669705,1
11684,P_NOUN_8_PASS_b,M,P,les billets avec les cloches que j' aime beaucoup ne sont probablement pas utilisés <eos>,13,utilisés,utilisées,11,F,utilisés,-4.9315844,utilisées,-8.600811,1
11685,P_NOUN_8_PASS_b,M,P,les billets avec les cerises que j' aime beaucoup ne sont probablement pas achetés <eos>,13,achetés,achetées,11,F,achetés,-7.638937,achetées,-11.075061,1
11686,P_NOUN_8_PASS_b,M,P,les billets avec les cerises que j' aime beaucoup ne sont probablement pas brisés <eos>,13,brisés,brisées,11,F,brisés,-11.249987,brisées,-11.919649,1
11687,P_NOUN_8_PASS_b,M,P,les billets avec les cerises que j' aime beaucoup ne sont probablement pas cachés <eos>,13,cachés,cachées,11,F,cachés,-7.914028,cachées,-12.406161,1
11688,P_NOUN_8_PASS_b,M,P,les billets avec les cerises que j' aime beaucoup ne sont probablement pas cassés <eos>,13,cassés,cassées,11,F,cassés,-9.90411,cassées,-11.293515,1
11689,P_NOUN_8_PASS_b,M,P,les billets avec les cerises que j' aime beaucoup ne sont probablement pas couverts <eos>,13,couverts,couvertes,11,F,couverts,-6.8334684,couvertes,-11.379983,1
11690,P_NOUN_8_PASS_b,M,P,les billets avec les cerises que j' aime beaucoup ne sont probablement pas déformés <eos>,13,déformés,déformées,11,F,déformés,-12.58961,déformées,-11.858165,0
11691,P_NOUN_8_PASS_b,M,P,les billets avec les cerises que j' aime beaucoup ne sont probablement pas fixés <eos>,13,fixés,fixées,11,F,fixés,-7.4700994,fixées,-10.627298,1
11692,P_NOUN_8_PASS_b,M,P,les billets avec les cerises que j' aime beaucoup ne sont probablement pas jetés <eos>,13,jetés,jetées,11,F,jetés,-7.8831472,jetées,-11.373185,1
11693,P_NOUN_8_PASS_b,M,P,les billets avec les cerises que j' aime beaucoup ne sont probablement pas laissés <eos>,13,laissés,laissées,11,F,laissés,-8.264271,laissées,-11.025303,1
11694,P_NOUN_8_PASS_b,M,P,les billets avec les cerises que j' aime beaucoup ne sont probablement pas ouverts <eos>,13,ouverts,ouvertes,11,F,ouverts,-7.6395545,ouvertes,-11.823629,1
11695,P_NOUN_8_PASS_b,M,P,les billets avec les cerises que j' aime beaucoup ne sont probablement pas perdus <eos>,13,perdus,perdues,11,F,perdus,-7.173976,perdues,-10.250116,1
11696,P_NOUN_8_PASS_b,M,P,les billets avec les cerises que j' aime beaucoup ne sont probablement pas réparés <eos>,13,réparés,réparées,11,F,réparés,-11.137477,réparées,-12.306483,1
11697,P_NOUN_8_PASS_b,M,P,les billets avec les cerises que j' aime beaucoup ne sont probablement pas retirés <eos>,13,retirés,retirées,11,F,retirés,-7.9934797,retirées,-10.306386,1
11698,P_NOUN_8_PASS_b,M,P,les billets avec les cerises que j' aime beaucoup ne sont probablement pas tombés <eos>,13,tombés,tombées,11,F,tombés,-7.3787065,tombées,-11.090813,1
11699,P_NOUN_8_PASS_b,M,P,les billets avec les cerises que j' aime beaucoup ne sont probablement pas utilisés <eos>,13,utilisés,utilisées,11,F,utilisés,-4.918828,utilisées,-8.215945,1
11700,P_NOUN_8_PASS_b,M,P,les légumes avec les gemmes que j' aime beaucoup ne sont probablement pas achetés <eos>,13,achetés,achetées,11,F,achetés,-8.687134,achetées,-12.67008,1
11701,P_NOUN_8_PASS_b,M,P,les légumes avec les gemmes que j' aime beaucoup ne sont probablement pas brisés <eos>,13,brisés,brisées,11,F,brisés,-11.011011,brisées,-11.482906,1
11702,P_NOUN_8_PASS_b,M,P,les légumes avec les gemmes que j' aime beaucoup ne sont probablement pas cachés <eos>,13,cachés,cachées,11,F,cachés,-7.895301,cachées,-10.432969,1
11703,P_NOUN_8_PASS_b,M,P,les légumes avec les gemmes que j' aime beaucoup ne sont probablement pas cassés <eos>,13,cassés,cassées,11,F,cassés,-9.065648,cassées,-11.151332,1
11704,P_NOUN_8_PASS_b,M,P,les légumes avec les gemmes que j' aime beaucoup ne sont probablement pas couverts <eos>,13,couverts,couvertes,11,F,couverts,-7.01715,couvertes,-10.407273,1
11705,P_NOUN_8_PASS_b,M,P,les légumes avec les gemmes que j' aime beaucoup ne sont probablement pas déformés <eos>,13,déformés,déformées,11,F,déformés,-12.133294,déformées,-10.8800955,0
11706,P_NOUN_8_PASS_b,M,P,les légumes avec les gemmes que j' aime beaucoup ne sont probablement pas fixés <eos>,13,fixés,fixées,11,F,fixés,-8.821018,fixées,-11.325606,1
11707,P_NOUN_8_PASS_b,M,P,les légumes avec les gemmes que j' aime beaucoup ne sont probablement pas jetés <eos>,13,jetés,jetées,11,F,jetés,-8.8208885,jetées,-11.328056,1
11708,P_NOUN_8_PASS_b,M,P,les légumes avec les gemmes que j' aime beaucoup ne sont probablement pas laissés <eos>,13,laissés,laissées,11,F,laissés,-8.042389,laissées,-10.4263,1
11709,P_NOUN_8_PASS_b,M,P,les légumes avec les gemmes que j' aime beaucoup ne sont probablement pas ouverts <eos>,13,ouverts,ouvertes,11,F,ouverts,-8.124669,ouvertes,-11.033424,1
11710,P_NOUN_8_PASS_b,M,P,les légumes avec les gemmes que j' aime beaucoup ne sont probablement pas perdus <eos>,13,perdus,perdues,11,F,perdus,-7.3860474,perdues,-10.033442,1
11711,P_NOUN_8_PASS_b,M,P,les légumes avec les gemmes que j' aime beaucoup ne sont probablement pas réparés <eos>,13,réparés,réparées,11,F,réparés,-11.096244,réparées,-12.355836,1
11712,P_NOUN_8_PASS_b,M,P,les légumes avec les gemmes que j' aime beaucoup ne sont probablement pas retirés <eos>,13,retirés,retirées,11,F,retirés,-9.097492,retirées,-11.126448,1
11713,P_NOUN_8_PASS_b,M,P,les légumes avec les gemmes que j' aime beaucoup ne sont probablement pas tombés <eos>,13,tombés,tombées,11,F,tombés,-7.1976233,tombées,-9.997635,1
11714,P_NOUN_8_PASS_b,M,P,les légumes avec les gemmes que j' aime beaucoup ne sont probablement pas utilisés <eos>,13,utilisés,utilisées,11,F,utilisés,-5.0276613,utilisées,-7.726166,1
11715,P_NOUN_8_PASS_b,M,P,les légumes avec les chaises que j' aime beaucoup ne sont probablement pas achetés <eos>,13,achetés,achetées,11,F,achetés,-9.087723,achetées,-12.554895,1
11716,P_NOUN_8_PASS_b,M,P,les légumes avec les chaises que j' aime beaucoup ne sont probablement pas brisés <eos>,13,brisés,brisées,11,F,brisés,-10.785088,brisées,-10.845113,1
11717,P_NOUN_8_PASS_b,M,P,les légumes avec les chaises que j' aime beaucoup ne sont probablement pas cachés <eos>,13,cachés,cachées,11,F,cachés,-8.711262,cachées,-9.873931,1
11718,P_NOUN_8_PASS_b,M,P,les légumes avec les chaises que j' aime beaucoup ne sont probablement pas cassés <eos>,13,cassés,cassées,11,F,cassés,-9.287097,cassées,-10.226221,1
11719,P_NOUN_8_PASS_b,M,P,les légumes avec les chaises que j' aime beaucoup ne sont probablement pas couverts <eos>,13,couverts,couvertes,11,F,couverts,-6.0644274,couvertes,-9.126375,1
11720,P_NOUN_8_PASS_b,M,P,les légumes avec les chaises que j' aime beaucoup ne sont probablement pas déformés <eos>,13,déformés,déformées,11,F,déformés,-12.26118,déformées,-10.514787,0
11721,P_NOUN_8_PASS_b,M,P,les légumes avec les chaises que j' aime beaucoup ne sont probablement pas fixés <eos>,13,fixés,fixées,11,F,fixés,-8.834294,fixées,-10.268135,1
11722,P_NOUN_8_PASS_b,M,P,les légumes avec les chaises que j' aime beaucoup ne sont probablement pas jetés <eos>,13,jetés,jetées,11,F,jetés,-9.033489,jetées,-10.838276,1
11723,P_NOUN_8_PASS_b,M,P,les légumes avec les chaises que j' aime beaucoup ne sont probablement pas laissés <eos>,13,laissés,laissées,11,F,laissés,-8.292294,laissées,-9.687158,1
11724,P_NOUN_8_PASS_b,M,P,les légumes avec les chaises que j' aime beaucoup ne sont probablement pas ouverts <eos>,13,ouverts,ouvertes,11,F,ouverts,-7.490117,ouvertes,-9.653525,1
11725,P_NOUN_8_PASS_b,M,P,les légumes avec les chaises que j' aime beaucoup ne sont probablement pas perdus <eos>,13,perdus,perdues,11,F,perdus,-7.8470354,perdues,-10.00674,1
11726,P_NOUN_8_PASS_b,M,P,les légumes avec les chaises que j' aime beaucoup ne sont probablement pas réparés <eos>,13,réparés,réparées,11,F,réparés,-11.47905,réparées,-11.719635,1
11727,P_NOUN_8_PASS_b,M,P,les légumes avec les chaises que j' aime beaucoup ne sont probablement pas retirés <eos>,13,retirés,retirées,11,F,retirés,-9.535527,retirées,-10.501332,1
11728,P_NOUN_8_PASS_b,M,P,les légumes avec les chaises que j' aime beaucoup ne sont probablement pas tombés <eos>,13,tombés,tombées,11,F,tombés,-7.382287,tombées,-9.565666,1
11729,P_NOUN_8_PASS_b,M,P,les légumes avec les chaises que j' aime beaucoup ne sont probablement pas utilisés <eos>,13,utilisés,utilisées,11,F,utilisés,-5.3563385,utilisées,-7.4587708,1
11730,P_NOUN_8_PASS_b,M,P,les légumes avec les poubelles que j' aime beaucoup ne sont probablement pas achetés <eos>,13,achetés,achetées,11,F,achetés,-8.666927,achetées,-12.420538,1
11731,P_NOUN_8_PASS_b,M,P,les légumes avec les poubelles que j' aime beaucoup ne sont probablement pas brisés <eos>,13,brisés,brisées,11,F,brisés,-11.013578,brisées,-11.489252,1
11732,P_NOUN_8_PASS_b,M,P,les légumes avec les poubelles que j' aime beaucoup ne sont probablement pas cachés <eos>,13,cachés,cachées,11,F,cachés,-8.260355,cachées,-10.312626,1
11733,P_NOUN_8_PASS_b,M,P,les légumes avec les poubelles que j' aime beaucoup ne sont probablement pas cassés <eos>,13,cassés,cassées,11,F,cassés,-9.0793495,cassées,-10.860577,1
11734,P_NOUN_8_PASS_b,M,P,les légumes avec les poubelles que j' aime beaucoup ne sont probablement pas couverts <eos>,13,couverts,couvertes,11,F,couverts,-6.366807,couvertes,-9.292044,1
11735,P_NOUN_8_PASS_b,M,P,les légumes avec les poubelles que j' aime beaucoup ne sont probablement pas déformés <eos>,13,déformés,déformées,11,F,déformés,-12.3755455,déformées,-10.719219,0
11736,P_NOUN_8_PASS_b,M,P,les légumes avec les poubelles que j' aime beaucoup ne sont probablement pas fixés <eos>,13,fixés,fixées,11,F,fixés,-8.708063,fixées,-10.919054,1
11737,P_NOUN_8_PASS_b,M,P,les légumes avec les poubelles que j' aime beaucoup ne sont probablement pas jetés <eos>,13,jetés,jetées,11,F,jetés,-8.725718,jetées,-10.948296,1
11738,P_NOUN_8_PASS_b,M,P,les légumes avec les poubelles que j' aime beaucoup ne sont probablement pas laissés <eos>,13,laissés,laissées,11,F,laissés,-7.950341,laissées,-9.7615,1
11739,P_NOUN_8_PASS_b,M,P,les légumes avec les poubelles que j' aime beaucoup ne sont probablement pas ouverts <eos>,13,ouverts,ouvertes,11,F,ouverts,-6.9368153,ouvertes,-9.615141,1
11740,P_NOUN_8_PASS_b,M,P,les légumes avec les poubelles que j' aime beaucoup ne sont probablement pas perdus <eos>,13,perdus,perdues,11,F,perdus,-7.5411124,perdues,-10.24832,1
11741,P_NOUN_8_PASS_b,M,P,les légumes avec les poubelles que j' aime beaucoup ne sont probablement pas réparés <eos>,13,réparés,réparées,11,F,réparés,-10.966432,réparées,-11.491163,1
11742,P_NOUN_8_PASS_b,M,P,les légumes avec les poubelles que j' aime beaucoup ne sont probablement pas retirés <eos>,13,retirés,retirées,11,F,retirés,-8.982599,retirées,-10.990414,1
11743,P_NOUN_8_PASS_b,M,P,les légumes avec les poubelles que j' aime beaucoup ne sont probablement pas tombés <eos>,13,tombés,tombées,11,F,tombés,-7.566785,tombées,-10.381705,1
11744,P_NOUN_8_PASS_b,M,P,les légumes avec les poubelles que j' aime beaucoup ne sont probablement pas utilisés <eos>,13,utilisés,utilisées,11,F,utilisés,-5.1641808,utilisées,-7.493519,1
11745,P_NOUN_8_PASS_b,M,P,les légumes avec les chemises que j' aime beaucoup ne sont probablement pas achetés <eos>,13,achetés,achetées,11,F,achetés,-8.876228,achetées,-12.082479,1
11746,P_NOUN_8_PASS_b,M,P,les légumes avec les chemises que j' aime beaucoup ne sont probablement pas brisés <eos>,13,brisés,brisées,11,F,brisés,-11.047094,brisées,-11.104559,1
11747,P_NOUN_8_PASS_b,M,P,les légumes avec les chemises que j' aime beaucoup ne sont probablement pas cachés <eos>,13,cachés,cachées,11,F,cachés,-8.496408,cachées,-10.044924,1
11748,P_NOUN_8_PASS_b,M,P,les légumes avec les chemises que j' aime beaucoup ne sont probablement pas cassés <eos>,13,cassés,cassées,11,F,cassés,-9.370529,cassées,-9.969498,1
11749,P_NOUN_8_PASS_b,M,P,les légumes avec les chemises que j' aime beaucoup ne sont probablement pas couverts <eos>,13,couverts,couvertes,11,F,couverts,-6.849266,couvertes,-9.432606,1
11750,P_NOUN_8_PASS_b,M,P,les légumes avec les chemises que j' aime beaucoup ne sont probablement pas déformés <eos>,13,déformés,déformées,11,F,déformés,-12.413237,déformées,-10.296258,0
11751,P_NOUN_8_PASS_b,M,P,les légumes avec les chemises que j' aime beaucoup ne sont probablement pas fixés <eos>,13,fixés,fixées,11,F,fixés,-8.827216,fixées,-10.174353,1
11752,P_NOUN_8_PASS_b,M,P,les légumes avec les chemises que j' aime beaucoup ne sont probablement pas jetés <eos>,13,jetés,jetées,11,F,jetés,-8.942589,jetées,-10.1488,1
11753,P_NOUN_8_PASS_b,M,P,les légumes avec les chemises que j' aime beaucoup ne sont probablement pas laissés <eos>,13,laissés,laissées,11,F,laissés,-8.301263,laissées,-9.966881,1
11754,P_NOUN_8_PASS_b,M,P,les légumes avec les chemises que j' aime beaucoup ne sont probablement pas ouverts <eos>,13,ouverts,ouvertes,11,F,ouverts,-7.9501367,ouvertes,-10.22685,1
11755,P_NOUN_8_PASS_b,M,P,les légumes avec les chemises que j' aime beaucoup ne sont probablement pas perdus <eos>,13,perdus,perdues,11,F,perdus,-7.927603,perdues,-9.685474,1
11756,P_NOUN_8_PASS_b,M,P,les légumes avec les chemises que j' aime beaucoup ne sont probablement pas réparés <eos>,13,réparés,réparées,11,F,réparés,-11.59404,réparées,-11.977256,1
11757,P_NOUN_8_PASS_b,M,P,les légumes avec les chemises que j' aime beaucoup ne sont probablement pas retirés <eos>,13,retirés,retirées,11,F,retirés,-9.060775,retirées,-10.419369,1
11758,P_NOUN_8_PASS_b,M,P,les légumes avec les chemises que j' aime beaucoup ne sont probablement pas tombés <eos>,13,tombés,tombées,11,F,tombés,-6.8370724,tombées,-9.382195,1
11759,P_NOUN_8_PASS_b,M,P,les légumes avec les chemises que j' aime beaucoup ne sont probablement pas utilisés <eos>,13,utilisés,utilisées,11,F,utilisés,-4.923495,utilisées,-6.846026,1
11760,P_NOUN_8_PASS_b,M,P,les légumes avec les recettes que j' aime beaucoup ne sont probablement pas achetés <eos>,13,achetés,achetées,11,F,achetés,-8.280117,achetées,-12.066465,1
11761,P_NOUN_8_PASS_b,M,P,les légumes avec les recettes que j' aime beaucoup ne sont probablement pas brisés <eos>,13,brisés,brisées,11,F,brisés,-11.418285,brisées,-11.842409,1
11762,P_NOUN_8_PASS_b,M,P,les légumes avec les recettes que j' aime beaucoup ne sont probablement pas cachés <eos>,13,cachés,cachées,11,F,cachés,-8.465097,cachées,-11.327156,1
11763,P_NOUN_8_PASS_b,M,P,les légumes avec les recettes que j' aime beaucoup ne sont probablement pas cassés <eos>,13,cassés,cassées,11,F,cassés,-9.226336,cassées,-11.591553,1
11764,P_NOUN_8_PASS_b,M,P,les légumes avec les recettes que j' aime beaucoup ne sont probablement pas couverts <eos>,13,couverts,couvertes,11,F,couverts,-6.599404,couvertes,-10.153677,1
11765,P_NOUN_8_PASS_b,M,P,les légumes avec les recettes que j' aime beaucoup ne sont probablement pas déformés <eos>,13,déformés,déformées,11,F,déformés,-13.00037,déformées,-11.645967,0
11766,P_NOUN_8_PASS_b,M,P,les légumes avec les recettes que j' aime beaucoup ne sont probablement pas fixés <eos>,13,fixés,fixées,11,F,fixés,-8.255068,fixées,-11.258548,1
11767,P_NOUN_8_PASS_b,M,P,les légumes avec les recettes que j' aime beaucoup ne sont probablement pas jetés <eos>,13,jetés,jetées,11,F,jetés,-9.292891,jetées,-11.776085,1
11768,P_NOUN_8_PASS_b,M,P,les légumes avec les recettes que j' aime beaucoup ne sont probablement pas laissés <eos>,13,laissés,laissées,11,F,laissés,-8.501273,laissées,-10.128201,1
11769,P_NOUN_8_PASS_b,M,P,les légumes avec les recettes que j' aime beaucoup ne sont probablement pas ouverts <eos>,13,ouverts,ouvertes,11,F,ouverts,-7.863613,ouvertes,-10.932621,1
11770,P_NOUN_8_PASS_b,M,P,les légumes avec les recettes que j' aime beaucoup ne sont probablement pas perdus <eos>,13,perdus,perdues,11,F,perdus,-7.455289,perdues,-10.26386,1
11771,P_NOUN_8_PASS_b,M,P,les légumes avec les recettes que j' aime beaucoup ne sont probablement pas réparés <eos>,13,réparés,réparées,11,F,réparés,-11.209848,réparées,-12.3337755,1
11772,P_NOUN_8_PASS_b,M,P,les légumes avec les recettes que j' aime beaucoup ne sont probablement pas retirés <eos>,13,retirés,retirées,11,F,retirés,-8.966942,retirées,-11.022093,1
11773,P_NOUN_8_PASS_b,M,P,les légumes avec les recettes que j' aime beaucoup ne sont probablement pas tombés <eos>,13,tombés,tombées,11,F,tombés,-7.3487167,tombées,-10.345793,1
11774,P_NOUN_8_PASS_b,M,P,les légumes avec les recettes que j' aime beaucoup ne sont probablement pas utilisés <eos>,13,utilisés,utilisées,11,F,utilisés,-5.2233944,utilisées,-7.806838,1
11775,P_NOUN_8_PASS_b,M,P,les légumes avec les jupes que j' aime beaucoup ne sont probablement pas achetés <eos>,13,achetés,achetées,11,F,achetés,-8.814081,achetées,-12.383425,1
11776,P_NOUN_8_PASS_b,M,P,les légumes avec les jupes que j' aime beaucoup ne sont probablement pas brisés <eos>,13,brisés,brisées,11,F,brisés,-10.987749,brisées,-11.546916,1
11777,P_NOUN_8_PASS_b,M,P,les légumes avec les jupes que j' aime beaucoup ne sont probablement pas cachés <eos>,13,cachés,cachées,11,F,cachés,-8.611531,cachées,-10.727244,1
11778,P_NOUN_8_PASS_b,M,P,les légumes avec les jupes que j' aime beaucoup ne sont probablement pas cassés <eos>,13,cassés,cassées,11,F,cassés,-9.020441,cassées,-10.287035,1
11779,P_NOUN_8_PASS_b,M,P,les légumes avec les jupes que j' aime beaucoup ne sont probablement pas couverts <eos>,13,couverts,couvertes,11,F,couverts,-6.665388,couvertes,-9.441796,1
11780,P_NOUN_8_PASS_b,M,P,les légumes avec les jupes que j' aime beaucoup ne sont probablement pas déformés <eos>,13,déformés,déformées,11,F,déformés,-12.470699,déformées,-10.748677,0
11781,P_NOUN_8_PASS_b,M,P,les légumes avec les jupes que j' aime beaucoup ne sont probablement pas fixés <eos>,13,fixés,fixées,11,F,fixés,-8.443451,fixées,-10.65225,1
11782,P_NOUN_8_PASS_b,M,P,les légumes avec les jupes que j' aime beaucoup ne sont probablement pas jetés <eos>,13,jetés,jetées,11,F,jetés,-9.4311075,jetées,-11.285547,1
11783,P_NOUN_8_PASS_b,M,P,les légumes avec les jupes que j' aime beaucoup ne sont probablement pas laissés <eos>,13,laissés,laissées,11,F,laissés,-8.71385,laissées,-10.3584,1
11784,P_NOUN_8_PASS_b,M,P,les légumes avec les jupes que j' aime beaucoup ne sont probablement pas ouverts <eos>,13,ouverts,ouvertes,11,F,ouverts,-7.431209,ouvertes,-10.20368,1
11785,P_NOUN_8_PASS_b,M,P,les légumes avec les jupes que j' aime beaucoup ne sont probablement pas perdus <eos>,13,perdus,perdues,11,F,perdus,-8.1474905,perdues,-10.800203,1
11786,P_NOUN_8_PASS_b,M,P,les légumes avec les jupes que j' aime beaucoup ne sont probablement pas réparés <eos>,13,réparés,réparées,11,F,réparés,-11.432921,réparées,-12.063372,1
11787,P_NOUN_8_PASS_b,M,P,les légumes avec les jupes que j' aime beaucoup ne sont probablement pas retirés <eos>,13,retirés,retirées,11,F,retirés,-9.213244,retirées,-10.867258,1
11788,P_NOUN_8_PASS_b,M,P,les légumes avec les jupes que j' aime beaucoup ne sont probablement pas tombés <eos>,13,tombés,tombées,11,F,tombés,-7.331879,tombées,-10.148729,1
11789,P_NOUN_8_PASS_b,M,P,les légumes avec les jupes que j' aime beaucoup ne sont probablement pas utilisés <eos>,13,utilisés,utilisées,11,F,utilisés,-4.906595,utilisées,-7.352476,1
11790,P_NOUN_8_PASS_b,M,P,les légumes avec les colles que j' aime beaucoup ne sont probablement pas achetés <eos>,13,achetés,achetées,11,F,achetés,-9.105645,achetées,-12.618488,1
11791,P_NOUN_8_PASS_b,M,P,les légumes avec les colles que j' aime beaucoup ne sont probablement pas brisés <eos>,13,brisés,brisées,11,F,brisés,-11.217281,brisées,-11.403891,1
11792,P_NOUN_8_PASS_b,M,P,les légumes avec les colles que j' aime beaucoup ne sont probablement pas cachés <eos>,13,cachés,cachées,11,F,cachés,-8.788527,cachées,-10.571618,1
11793,P_NOUN_8_PASS_b,M,P,les légumes avec les colles que j' aime beaucoup ne sont probablement pas cassés <eos>,13,cassés,cassées,11,F,cassés,-8.824744,cassées,-10.0844,1
11794,P_NOUN_8_PASS_b,M,P,les légumes avec les colles que j' aime beaucoup ne sont probablement pas couverts <eos>,13,couverts,couvertes,11,F,couverts,-6.933103,couvertes,-9.467072,1
11795,P_NOUN_8_PASS_b,M,P,les légumes avec les colles que j' aime beaucoup ne sont probablement pas déformés <eos>,13,déformés,déformées,11,F,déformés,-12.5555725,déformées,-10.00608,0
11796,P_NOUN_8_PASS_b,M,P,les légumes avec les colles que j' aime beaucoup ne sont probablement pas fixés <eos>,13,fixés,fixées,11,F,fixés,-8.939537,fixées,-10.694022,1
11797,P_NOUN_8_PASS_b,M,P,les légumes avec les colles que j' aime beaucoup ne sont probablement pas jetés <eos>,13,jetés,jetées,11,F,jetés,-9.415814,jetées,-11.2578335,1
11798,P_NOUN_8_PASS_b,M,P,les légumes avec les colles que j' aime beaucoup ne sont probablement pas laissés <eos>,13,laissés,laissées,11,F,laissés,-8.877245,laissées,-9.791707,1
11799,P_NOUN_8_PASS_b,M,P,les légumes avec les colles que j' aime beaucoup ne sont probablement pas ouverts <eos>,13,ouverts,ouvertes,11,F,ouverts,-7.9066777,ouvertes,-10.231415,1
11800,P_NOUN_8_PASS_b,M,P,les légumes avec les colles que j' aime beaucoup ne sont probablement pas perdus <eos>,13,perdus,perdues,11,F,perdus,-8.048723,perdues,-9.983255,1
11801,P_NOUN_8_PASS_b,M,P,les légumes avec les colles que j' aime beaucoup ne sont probablement pas réparés <eos>,13,réparés,réparées,11,F,réparés,-11.421867,réparées,-11.610022,1
11802,P_NOUN_8_PASS_b,M,P,les légumes avec les colles que j' aime beaucoup ne sont probablement pas retirés <eos>,13,retirés,retirées,11,F,retirés,-9.124963,retirées,-10.518331,1
11803,P_NOUN_8_PASS_b,M,P,les légumes avec les colles que j' aime beaucoup ne sont probablement pas tombés <eos>,13,tombés,tombées,11,F,tombés,-7.8984165,tombées,-9.942539,1
11804,P_NOUN_8_PASS_b,M,P,les légumes avec les colles que j' aime beaucoup ne sont probablement pas utilisés <eos>,13,utilisés,utilisées,11,F,utilisés,-4.7641234,utilisées,-6.722197,1
11805,P_NOUN_8_PASS_b,M,P,les légumes avec les lampes que j' aime beaucoup ne sont probablement pas achetés <eos>,13,achetés,achetées,11,F,achetés,-8.588904,achetées,-12.635724,1
11806,P_NOUN_8_PASS_b,M,P,les légumes avec les lampes que j' aime beaucoup ne sont probablement pas brisés <eos>,13,brisés,brisées,11,F,brisés,-10.750641,brisées,-11.256176,1
11807,P_NOUN_8_PASS_b,M,P,les légumes avec les lampes que j' aime beaucoup ne sont probablement pas cachés <eos>,13,cachés,cachées,11,F,cachés,-8.196789,cachées,-10.679676,1
11808,P_NOUN_8_PASS_b,M,P,les légumes avec les lampes que j' aime beaucoup ne sont probablement pas cassés <eos>,13,cassés,cassées,11,F,cassés,-9.058043,cassées,-10.497021,1
11809,P_NOUN_8_PASS_b,M,P,les légumes avec les lampes que j' aime beaucoup ne sont probablement pas couverts <eos>,13,couverts,couvertes,11,F,couverts,-6.794668,couvertes,-9.852073,1
11810,P_NOUN_8_PASS_b,M,P,les légumes avec les lampes que j' aime beaucoup ne sont probablement pas déformés <eos>,13,déformés,déformées,11,F,déformés,-12.054094,déformées,-10.136406,0
11811,P_NOUN_8_PASS_b,M,P,les légumes avec les lampes que j' aime beaucoup ne sont probablement pas fixés <eos>,13,fixés,fixées,11,F,fixés,-8.447941,fixées,-10.524962,1
11812,P_NOUN_8_PASS_b,M,P,les légumes avec les lampes que j' aime beaucoup ne sont probablement pas jetés <eos>,13,jetés,jetées,11,F,jetés,-8.719663,jetées,-10.867971,1
11813,P_NOUN_8_PASS_b,M,P,les légumes avec les lampes que j' aime beaucoup ne sont probablement pas laissés <eos>,13,laissés,laissées,11,F,laissés,-8.367695,laissées,-10.182264,1
11814,P_NOUN_8_PASS_b,M,P,les légumes avec les lampes que j' aime beaucoup ne sont probablement pas ouverts <eos>,13,ouverts,ouvertes,11,F,ouverts,-7.8275547,ouvertes,-10.485767,1
11815,P_NOUN_8_PASS_b,M,P,les légumes avec les lampes que j' aime beaucoup ne sont probablement pas perdus <eos>,13,perdus,perdues,11,F,perdus,-7.5046616,perdues,-10.057382,1
11816,P_NOUN_8_PASS_b,M,P,les légumes avec les lampes que j' aime beaucoup ne sont probablement pas réparés <eos>,13,réparés,réparées,11,F,réparés,-11.311522,réparées,-11.7956295,1
11817,P_NOUN_8_PASS_b,M,P,les légumes avec les lampes que j' aime beaucoup ne sont probablement pas retirés <eos>,13,retirés,retirées,11,F,retirés,-8.806872,retirées,-10.39868,1
11818,P_NOUN_8_PASS_b,M,P,les légumes avec les lampes que j' aime beaucoup ne sont probablement pas tombés <eos>,13,tombés,tombées,11,F,tombés,-7.5139146,tombées,-9.911295,1
11819,P_NOUN_8_PASS_b,M,P,les légumes avec les lampes que j' aime beaucoup ne sont probablement pas utilisés <eos>,13,utilisés,utilisées,11,F,utilisés,-4.4473467,utilisées,-7.0476074,1
11820,P_NOUN_8_PASS_b,M,P,les légumes avec les bouteilles que j' aime beaucoup ne sont probablement pas achetés <eos>,13,achetés,achetées,11,F,achetés,-8.350763,achetées,-11.780554,1
11821,P_NOUN_8_PASS_b,M,P,les légumes avec les bouteilles que j' aime beaucoup ne sont probablement pas brisés <eos>,13,brisés,brisées,11,F,brisés,-11.168073,brisées,-11.513963,1
11822,P_NOUN_8_PASS_b,M,P,les légumes avec les bouteilles que j' aime beaucoup ne sont probablement pas cachés <eos>,13,cachés,cachées,11,F,cachés,-8.306271,cachées,-10.77689,1
11823,P_NOUN_8_PASS_b,M,P,les légumes avec les bouteilles que j' aime beaucoup ne sont probablement pas cassés <eos>,13,cassés,cassées,11,F,cassés,-9.0640135,cassées,-10.670718,1
11824,P_NOUN_8_PASS_b,M,P,les légumes avec les bouteilles que j' aime beaucoup ne sont probablement pas couverts <eos>,13,couverts,couvertes,11,F,couverts,-6.7658005,couvertes,-9.925087,1
11825,P_NOUN_8_PASS_b,M,P,les légumes avec les bouteilles que j' aime beaucoup ne sont probablement pas déformés <eos>,13,déformés,déformées,11,F,déformés,-12.441578,déformées,-10.693235,0
11826,P_NOUN_8_PASS_b,M,P,les légumes avec les bouteilles que j' aime beaucoup ne sont probablement pas fixés <eos>,13,fixés,fixées,11,F,fixés,-8.631582,fixées,-11.040752,1
11827,P_NOUN_8_PASS_b,M,P,les légumes avec les bouteilles que j' aime beaucoup ne sont probablement pas jetés <eos>,13,jetés,jetées,11,F,jetés,-9.1624975,jetées,-11.569998,1
11828,P_NOUN_8_PASS_b,M,P,les légumes avec les bouteilles que j' aime beaucoup ne sont probablement pas laissés <eos>,13,laissés,laissées,11,F,laissés,-8.512522,laissées,-9.830561,1
11829,P_NOUN_8_PASS_b,M,P,les légumes avec les bouteilles que j' aime beaucoup ne sont probablement pas ouverts <eos>,13,ouverts,ouvertes,11,F,ouverts,-7.704358,ouvertes,-10.350134,1
11830,P_NOUN_8_PASS_b,M,P,les légumes avec les bouteilles que j' aime beaucoup ne sont probablement pas perdus <eos>,13,perdus,perdues,11,F,perdus,-7.4177427,perdues,-10.098226,1
11831,P_NOUN_8_PASS_b,M,P,les légumes avec les bouteilles que j' aime beaucoup ne sont probablement pas réparés <eos>,13,réparés,réparées,11,F,réparés,-11.524172,réparées,-11.987242,1
11832,P_NOUN_8_PASS_b,M,P,les légumes avec les bouteilles que j' aime beaucoup ne sont probablement pas retirés <eos>,13,retirés,retirées,11,F,retirés,-9.050608,retirées,-10.795881,1
11833,P_NOUN_8_PASS_b,M,P,les légumes avec les bouteilles que j' aime beaucoup ne sont probablement pas tombés <eos>,13,tombés,tombées,11,F,tombés,-7.5930147,tombées,-10.173068,1
11834,P_NOUN_8_PASS_b,M,P,les légumes avec les bouteilles que j' aime beaucoup ne sont probablement pas utilisés <eos>,13,utilisés,utilisées,11,F,utilisés,-5.1461973,utilisées,-7.4628544,1
11835,P_NOUN_8_PASS_b,M,P,les légumes avec les boissons que j' aime beaucoup ne sont probablement pas achetés <eos>,13,achetés,achetées,11,F,achetés,-8.565973,achetées,-11.290702,1
11836,P_NOUN_8_PASS_b,M,P,les légumes avec les boissons que j' aime beaucoup ne sont probablement pas brisés <eos>,13,brisés,brisées,11,F,brisés,-11.850932,brisées,-10.873813,0
11837,P_NOUN_8_PASS_b,M,P,les légumes avec les boissons que j' aime beaucoup ne sont probablement pas cachés <eos>,13,cachés,cachées,11,F,cachés,-8.654896,cachées,-9.992145,1
11838,P_NOUN_8_PASS_b,M,P,les légumes avec les boissons que j' aime beaucoup ne sont probablement pas cassés <eos>,13,cassés,cassées,11,F,cassés,-9.41629,cassées,-10.326044,1
11839,P_NOUN_8_PASS_b,M,P,les légumes avec les boissons que j' aime beaucoup ne sont probablement pas couverts <eos>,13,couverts,couvertes,11,F,couverts,-6.861784,couvertes,-8.8639,1
11840,P_NOUN_8_PASS_b,M,P,les légumes avec les boissons que j' aime beaucoup ne sont probablement pas déformés <eos>,13,déformés,déformées,11,F,déformés,-13.184272,déformées,-10.212893,0
11841,P_NOUN_8_PASS_b,M,P,les légumes avec les boissons que j' aime beaucoup ne sont probablement pas fixés <eos>,13,fixés,fixées,11,F,fixés,-9.024964,fixées,-10.227692,1
11842,P_NOUN_8_PASS_b,M,P,les légumes avec les boissons que j' aime beaucoup ne sont probablement pas jetés <eos>,13,jetés,jetées,11,F,jetés,-9.527708,jetées,-10.26679,1
11843,P_NOUN_8_PASS_b,M,P,les légumes avec les boissons que j' aime beaucoup ne sont probablement pas laissés <eos>,13,laissés,laissées,11,F,laissés,-8.520007,laissées,-8.827927,1
11844,P_NOUN_8_PASS_b,M,P,les légumes avec les boissons que j' aime beaucoup ne sont probablement pas ouverts <eos>,13,ouverts,ouvertes,11,F,ouverts,-8.241189,ouvertes,-9.44827,1
11845,P_NOUN_8_PASS_b,M,P,les légumes avec les boissons que j' aime beaucoup ne sont probablement pas perdus <eos>,13,perdus,perdues,11,F,perdus,-7.9962506,perdues,-9.067059,1
11846,P_NOUN_8_PASS_b,M,P,les légumes avec les boissons que j' aime beaucoup ne sont probablement pas réparés <eos>,13,réparés,réparées,11,F,réparés,-11.478786,réparées,-11.410749,0
11847,P_NOUN_8_PASS_b,M,P,les légumes avec les boissons que j' aime beaucoup ne sont probablement pas retirés <eos>,13,retirés,retirées,11,F,retirés,-9.226935,retirées,-9.922835,1
11848,P_NOUN_8_PASS_b,M,P,les légumes avec les boissons que j' aime beaucoup ne sont probablement pas tombés <eos>,13,tombés,tombées,11,F,tombés,-7.669921,tombées,-9.414338,1
11849,P_NOUN_8_PASS_b,M,P,les légumes avec les boissons que j' aime beaucoup ne sont probablement pas utilisés <eos>,13,utilisés,utilisées,11,F,utilisés,-4.958568,utilisées,-6.1232533,1
11850,P_NOUN_8_PASS_b,M,P,les légumes avec les pommes que j' aime beaucoup ne sont probablement pas achetés <eos>,13,achetés,achetées,11,F,achetés,-8.556945,achetées,-10.812205,1
11851,P_NOUN_8_PASS_b,M,P,les légumes avec les pommes que j' aime beaucoup ne sont probablement pas brisés <eos>,13,brisés,brisées,11,F,brisés,-11.525541,brisées,-10.710944,0
11852,P_NOUN_8_PASS_b,M,P,les légumes avec les pommes que j' aime beaucoup ne sont probablement pas cachés <eos>,13,cachés,cachées,11,F,cachés,-8.714215,cachées,-9.764494,1
11853,P_NOUN_8_PASS_b,M,P,les légumes avec les pommes que j' aime beaucoup ne sont probablement pas cassés <eos>,13,cassés,cassées,11,F,cassés,-9.118511,cassées,-10.121679,1
11854,P_NOUN_8_PASS_b,M,P,les légumes avec les pommes que j' aime beaucoup ne sont probablement pas couverts <eos>,13,couverts,couvertes,11,F,couverts,-6.675732,couvertes,-8.44804,1
11855,P_NOUN_8_PASS_b,M,P,les légumes avec les pommes que j' aime beaucoup ne sont probablement pas déformés <eos>,13,déformés,déformées,11,F,déformés,-13.22642,déformées,-9.999345,0
11856,P_NOUN_8_PASS_b,M,P,les légumes avec les pommes que j' aime beaucoup ne sont probablement pas fixés <eos>,13,fixés,fixées,11,F,fixés,-8.964997,fixées,-10.075029,1
11857,P_NOUN_8_PASS_b,M,P,les légumes avec les pommes que j' aime beaucoup ne sont probablement pas jetés <eos>,13,jetés,jetées,11,F,jetés,-9.734257,jetées,-9.840871,1
11858,P_NOUN_8_PASS_b,M,P,les légumes avec les pommes que j' aime beaucoup ne sont probablement pas laissés <eos>,13,laissés,laissées,11,F,laissés,-8.221568,laissées,-8.76718,1
11859,P_NOUN_8_PASS_b,M,P,les légumes avec les pommes que j' aime beaucoup ne sont probablement pas ouverts <eos>,13,ouverts,ouvertes,11,F,ouverts,-8.163791,ouvertes,-9.254338,1
11860,P_NOUN_8_PASS_b,M,P,les légumes avec les pommes que j' aime beaucoup ne sont probablement pas perdus <eos>,13,perdus,perdues,11,F,perdus,-7.9363637,perdues,-8.658689,1
11861,P_NOUN_8_PASS_b,M,P,les légumes avec les pommes que j' aime beaucoup ne sont probablement pas réparés <eos>,13,réparés,réparées,11,F,réparés,-11.488734,réparées,-11.552272,1
11862,P_NOUN_8_PASS_b,M,P,les légumes avec les pommes que j' aime beaucoup ne sont probablement pas retirés <eos>,13,retirés,retirées,11,F,retirés,-9.142949,retirées,-9.745158,1
11863,P_NOUN_8_PASS_b,M,P,les légumes avec les pommes que j' aime beaucoup ne sont probablement pas tombés <eos>,13,tombés,tombées,11,F,tombés,-7.1721287,tombées,-8.611702,1
11864,P_NOUN_8_PASS_b,M,P,les légumes avec les pommes que j' aime beaucoup ne sont probablement pas utilisés <eos>,13,utilisés,utilisées,11,F,utilisés,-5.107417,utilisées,-5.9725513,1
11865,P_NOUN_8_PASS_b,M,P,les légumes avec les tasses que j' aime beaucoup ne sont probablement pas achetés <eos>,13,achetés,achetées,11,F,achetés,-8.702593,achetées,-11.612497,1
11866,P_NOUN_8_PASS_b,M,P,les légumes avec les tasses que j' aime beaucoup ne sont probablement pas brisés <eos>,13,brisés,brisées,11,F,brisés,-11.087538,brisées,-11.008581,0
11867,P_NOUN_8_PASS_b,M,P,les légumes avec les tasses que j' aime beaucoup ne sont probablement pas cachés <eos>,13,cachés,cachées,11,F,cachés,-8.924832,cachées,-10.428895,1
11868,P_NOUN_8_PASS_b,M,P,les légumes avec les tasses que j' aime beaucoup ne sont probablement pas cassés <eos>,13,cassés,cassées,11,F,cassés,-9.119743,cassées,-10.589907,1
11869,P_NOUN_8_PASS_b,M,P,les légumes avec les tasses que j' aime beaucoup ne sont probablement pas couverts <eos>,13,couverts,couvertes,11,F,couverts,-6.2575808,couvertes,-9.16751,1
11870,P_NOUN_8_PASS_b,M,P,les légumes avec les tasses que j' aime beaucoup ne sont probablement pas déformés <eos>,13,déformés,déformées,11,F,déformés,-12.645525,déformées,-10.334877,0
11871,P_NOUN_8_PASS_b,M,P,les légumes avec les tasses que j' aime beaucoup ne sont probablement pas fixés <eos>,13,fixés,fixées,11,F,fixés,-8.809957,fixées,-10.338226,1
11872,P_NOUN_8_PASS_b,M,P,les légumes avec les tasses que j' aime beaucoup ne sont probablement pas jetés <eos>,13,jetés,jetées,11,F,jetés,-9.4937725,jetées,-11.112528,1
11873,P_NOUN_8_PASS_b,M,P,les légumes avec les tasses que j' aime beaucoup ne sont probablement pas laissés <eos>,13,laissés,laissées,11,F,laissés,-8.409874,laissées,-9.181476,1
11874,P_NOUN_8_PASS_b,M,P,les légumes avec les tasses que j' aime beaucoup ne sont probablement pas ouverts <eos>,13,ouverts,ouvertes,11,F,ouverts,-7.596302,ouvertes,-9.689985,1
11875,P_NOUN_8_PASS_b,M,P,les légumes avec les tasses que j' aime beaucoup ne sont probablement pas perdus <eos>,13,perdus,perdues,11,F,perdus,-7.363701,perdues,-9.384872,1
11876,P_NOUN_8_PASS_b,M,P,les légumes avec les tasses que j' aime beaucoup ne sont probablement pas réparés <eos>,13,réparés,réparées,11,F,réparés,-11.509794,réparées,-11.574221,1
11877,P_NOUN_8_PASS_b,M,P,les légumes avec les tasses que j' aime beaucoup ne sont probablement pas retirés <eos>,13,retirés,retirées,11,F,retirés,-9.013567,retirées,-10.299301,1
11878,P_NOUN_8_PASS_b,M,P,les légumes avec les tasses que j' aime beaucoup ne sont probablement pas tombés <eos>,13,tombés,tombées,11,F,tombés,-7.411909,tombées,-9.476076,1
11879,P_NOUN_8_PASS_b,M,P,les légumes avec les tasses que j' aime beaucoup ne sont probablement pas utilisés <eos>,13,utilisés,utilisées,11,F,utilisés,-5.1450367,utilisées,-6.8535633,1
11880,P_NOUN_8_PASS_b,M,P,les légumes avec les bougies que j' aime beaucoup ne sont probablement pas achetés <eos>,13,achetés,achetées,11,F,achetés,-8.950231,achetées,-12.132243,1
11881,P_NOUN_8_PASS_b,M,P,les légumes avec les bougies que j' aime beaucoup ne sont probablement pas brisés <eos>,13,brisés,brisées,11,F,brisés,-10.853155,brisées,-11.463884,1
11882,P_NOUN_8_PASS_b,M,P,les légumes avec les bougies que j' aime beaucoup ne sont probablement pas cachés <eos>,13,cachés,cachées,11,F,cachés,-8.108797,cachées,-10.381824,1
11883,P_NOUN_8_PASS_b,M,P,les légumes avec les bougies que j' aime beaucoup ne sont probablement pas cassés <eos>,13,cassés,cassées,11,F,cassés,-9.171424,cassées,-10.485982,1
11884,P_NOUN_8_PASS_b,M,P,les légumes avec les bougies que j' aime beaucoup ne sont probablement pas couverts <eos>,13,couverts,couvertes,11,F,couverts,-6.8763113,couvertes,-10.118518,1
11885,P_NOUN_8_PASS_b,M,P,les légumes avec les bougies que j' aime beaucoup ne sont probablement pas déformés <eos>,13,déformés,déformées,11,F,déformés,-11.976128,déformées,-10.709528,0
11886,P_NOUN_8_PASS_b,M,P,les légumes avec les bougies que j' aime beaucoup ne sont probablement pas fixés <eos>,13,fixés,fixées,11,F,fixés,-8.649161,fixées,-10.813735,1
11887,P_NOUN_8_PASS_b,M,P,les légumes avec les bougies que j' aime beaucoup ne sont probablement pas jetés <eos>,13,jetés,jetées,11,F,jetés,-8.554979,jetées,-10.844027,1
11888,P_NOUN_8_PASS_b,M,P,les légumes avec les bougies que j' aime beaucoup ne sont probablement pas laissés <eos>,13,laissés,laissées,11,F,laissés,-8.257572,laissées,-10.508493,1
11889,P_NOUN_8_PASS_b,M,P,les légumes avec les bougies que j' aime beaucoup ne sont probablement pas ouverts <eos>,13,ouverts,ouvertes,11,F,ouverts,-7.9176435,ouvertes,-10.616174,1
11890,P_NOUN_8_PASS_b,M,P,les légumes avec les bougies que j' aime beaucoup ne sont probablement pas perdus <eos>,13,perdus,perdues,11,F,perdus,-7.645623,perdues,-10.243114,1
11891,P_NOUN_8_PASS_b,M,P,les légumes avec les bougies que j' aime beaucoup ne sont probablement pas réparés <eos>,13,réparés,réparées,11,F,réparés,-11.452245,réparées,-12.091068,1
11892,P_NOUN_8_PASS_b,M,P,les légumes avec les bougies que j' aime beaucoup ne sont probablement pas retirés <eos>,13,retirés,retirées,11,F,retirés,-9.16329,retirées,-10.705961,1
11893,P_NOUN_8_PASS_b,M,P,les légumes avec les bougies que j' aime beaucoup ne sont probablement pas tombés <eos>,13,tombés,tombées,11,F,tombés,-6.354889,tombées,-9.732611,1
11894,P_NOUN_8_PASS_b,M,P,les légumes avec les bougies que j' aime beaucoup ne sont probablement pas utilisés <eos>,13,utilisés,utilisées,11,F,utilisés,-5.17972,utilisées,-7.6476173,1
11895,P_NOUN_8_PASS_b,M,P,les légumes avec les pochettes que j' aime beaucoup ne sont probablement pas achetés <eos>,13,achetés,achetées,11,F,achetés,-8.810314,achetées,-10.538176,1
11896,P_NOUN_8_PASS_b,M,P,les légumes avec les pochettes que j' aime beaucoup ne sont probablement pas brisés <eos>,13,brisés,brisées,11,F,brisés,-11.736117,brisées,-10.95057,0
11897,P_NOUN_8_PASS_b,M,P,les légumes avec les pochettes que j' aime beaucoup ne sont probablement pas cachés <eos>,13,cachés,cachées,11,F,cachés,-9.225042,cachées,-9.825794,1
11898,P_NOUN_8_PASS_b,M,P,les légumes avec les pochettes que j' aime beaucoup ne sont probablement pas cassés <eos>,13,cassés,cassées,11,F,cassés,-10.18503,cassées,-10.584385,1
11899,P_NOUN_8_PASS_b,M,P,les légumes avec les pochettes que j' aime beaucoup ne sont probablement pas couverts <eos>,13,couverts,couvertes,11,F,couverts,-7.8049154,couvertes,-9.051563,1
11900,P_NOUN_8_PASS_b,M,P,les légumes avec les pochettes que j' aime beaucoup ne sont probablement pas déformés <eos>,13,déformés,déformées,11,F,déformés,-12.549249,déformées,-9.602849,0
11901,P_NOUN_8_PASS_b,M,P,les légumes avec les pochettes que j' aime beaucoup ne sont probablement pas fixés <eos>,13,fixés,fixées,11,F,fixés,-9.597994,fixées,-10.453537,1
11902,P_NOUN_8_PASS_b,M,P,les légumes avec les pochettes que j' aime beaucoup ne sont probablement pas jetés <eos>,13,jetés,jetées,11,F,jetés,-10.045429,jetées,-11.701103,1
11903,P_NOUN_8_PASS_b,M,P,les légumes avec les pochettes que j' aime beaucoup ne sont probablement pas laissés <eos>,13,laissés,laissées,11,F,laissés,-9.210993,laissées,-8.413853,0
11904,P_NOUN_8_PASS_b,M,P,les légumes avec les pochettes que j' aime beaucoup ne sont probablement pas ouverts <eos>,13,ouverts,ouvertes,11,F,ouverts,-7.6784525,ouvertes,-8.531241,1
11905,P_NOUN_8_PASS_b,M,P,les légumes avec les pochettes que j' aime beaucoup ne sont probablement pas perdus <eos>,13,perdus,perdues,11,F,perdus,-7.7685137,perdues,-8.926616,1
11906,P_NOUN_8_PASS_b,M,P,les légumes avec les pochettes que j' aime beaucoup ne sont probablement pas réparés <eos>,13,réparés,réparées,11,F,réparés,-12.16912,réparées,-10.855658,0
11907,P_NOUN_8_PASS_b,M,P,les légumes avec les pochettes que j' aime beaucoup ne sont probablement pas retirés <eos>,13,retirés,retirées,11,F,retirés,-9.765279,retirées,-9.799393,1
11908,P_NOUN_8_PASS_b,M,P,les légumes avec les pochettes que j' aime beaucoup ne sont probablement pas tombés <eos>,13,tombés,tombées,11,F,tombés,-8.850464,tombées,-9.879329,1
11909,P_NOUN_8_PASS_b,M,P,les légumes avec les pochettes que j' aime beaucoup ne sont probablement pas utilisés <eos>,13,utilisés,utilisées,11,F,utilisés,-5.9109488,utilisées,-6.6951056,1
11910,P_NOUN_8_PASS_b,M,P,les légumes avec les bananes que j' aime beaucoup ne sont probablement pas achetés <eos>,13,achetés,achetées,11,F,achetés,-8.499544,achetées,-12.805711,1
11911,P_NOUN_8_PASS_b,M,P,les légumes avec les bananes que j' aime beaucoup ne sont probablement pas brisés <eos>,13,brisés,brisées,11,F,brisés,-11.294549,brisées,-12.070462,1
11912,P_NOUN_8_PASS_b,M,P,les légumes avec les bananes que j' aime beaucoup ne sont probablement pas cachés <eos>,13,cachés,cachées,11,F,cachés,-8.873565,cachées,-11.588115,1
11913,P_NOUN_8_PASS_b,M,P,les légumes avec les bananes que j' aime beaucoup ne sont probablement pas cassés <eos>,13,cassés,cassées,11,F,cassés,-9.224181,cassées,-11.152952,1
11914,P_NOUN_8_PASS_b,M,P,les légumes avec les bananes que j' aime beaucoup ne sont probablement pas couverts <eos>,13,couverts,couvertes,11,F,couverts,-6.575109,couvertes,-10.086998,1
11915,P_NOUN_8_PASS_b,M,P,les légumes avec les bananes que j' aime beaucoup ne sont probablement pas déformés <eos>,13,déformés,déformées,11,F,déformés,-12.646711,déformées,-11.297089,0
11916,P_NOUN_8_PASS_b,M,P,les légumes avec les bananes que j' aime beaucoup ne sont probablement pas fixés <eos>,13,fixés,fixées,11,F,fixés,-8.709143,fixées,-11.532051,1
11917,P_NOUN_8_PASS_b,M,P,les légumes avec les bananes que j' aime beaucoup ne sont probablement pas jetés <eos>,13,jetés,jetées,11,F,jetés,-9.777453,jetées,-11.450854,1
11918,P_NOUN_8_PASS_b,M,P,les légumes avec les bananes que j' aime beaucoup ne sont probablement pas laissés <eos>,13,laissés,laissées,11,F,laissés,-8.133633,laissées,-10.463512,1
11919,P_NOUN_8_PASS_b,M,P,les légumes avec les bananes que j' aime beaucoup ne sont probablement pas ouverts <eos>,13,ouverts,ouvertes,11,F,ouverts,-7.802559,ouvertes,-11.021039,1
11920,P_NOUN_8_PASS_b,M,P,les légumes avec les bananes que j' aime beaucoup ne sont probablement pas perdus <eos>,13,perdus,perdues,11,F,perdus,-7.697337,perdues,-10.599011,1
11921,P_NOUN_8_PASS_b,M,P,les légumes avec les bananes que j' aime beaucoup ne sont probablement pas réparés <eos>,13,réparés,réparées,11,F,réparés,-11.337421,réparées,-12.837004,1
11922,P_NOUN_8_PASS_b,M,P,les légumes avec les bananes que j' aime beaucoup ne sont probablement pas retirés <eos>,13,retirés,retirées,11,F,retirés,-9.205776,retirées,-11.487135,1
11923,P_NOUN_8_PASS_b,M,P,les légumes avec les bananes que j' aime beaucoup ne sont probablement pas tombés <eos>,13,tombés,tombées,11,F,tombés,-7.372593,tombées,-10.325134,1
11924,P_NOUN_8_PASS_b,M,P,les légumes avec les bananes que j' aime beaucoup ne sont probablement pas utilisés <eos>,13,utilisés,utilisées,11,F,utilisés,-5.0290875,utilisées,-7.753714,1
11925,P_NOUN_8_PASS_b,M,P,les légumes avec les robes que j' aime beaucoup ne sont probablement pas achetés <eos>,13,achetés,achetées,11,F,achetés,-8.948821,achetées,-12.564205,1
11926,P_NOUN_8_PASS_b,M,P,les légumes avec les robes que j' aime beaucoup ne sont probablement pas brisés <eos>,13,brisés,brisées,11,F,brisés,-11.391906,brisées,-11.720334,1
11927,P_NOUN_8_PASS_b,M,P,les légumes avec les robes que j' aime beaucoup ne sont probablement pas cachés <eos>,13,cachés,cachées,11,F,cachés,-8.543021,cachées,-10.637472,1
11928,P_NOUN_8_PASS_b,M,P,les légumes avec les robes que j' aime beaucoup ne sont probablement pas cassés <eos>,13,cassés,cassées,11,F,cassés,-9.528358,cassées,-10.667271,1
11929,P_NOUN_8_PASS_b,M,P,les légumes avec les robes que j' aime beaucoup ne sont probablement pas couverts <eos>,13,couverts,couvertes,11,F,couverts,-6.84142,couvertes,-9.757856,1
11930,P_NOUN_8_PASS_b,M,P,les légumes avec les robes que j' aime beaucoup ne sont probablement pas déformés <eos>,13,déformés,déformées,11,F,déformés,-12.264442,déformées,-10.714743,0
11931,P_NOUN_8_PASS_b,M,P,les légumes avec les robes que j' aime beaucoup ne sont probablement pas fixés <eos>,13,fixés,fixées,11,F,fixés,-9.005909,fixées,-10.900555,1
11932,P_NOUN_8_PASS_b,M,P,les légumes avec les robes que j' aime beaucoup ne sont probablement pas jetés <eos>,13,jetés,jetées,11,F,jetés,-9.454846,jetées,-11.214084,1
11933,P_NOUN_8_PASS_b,M,P,les légumes avec les robes que j' aime beaucoup ne sont probablement pas laissés <eos>,13,laissés,laissées,11,F,laissés,-8.719238,laissées,-10.273191,1
11934,P_NOUN_8_PASS_b,M,P,les légumes avec les robes que j' aime beaucoup ne sont probablement pas ouverts <eos>,13,ouverts,ouvertes,11,F,ouverts,-7.7740602,ouvertes,-10.310819,1
11935,P_NOUN_8_PASS_b,M,P,les légumes avec les robes que j' aime beaucoup ne sont probablement pas perdus <eos>,13,perdus,perdues,11,F,perdus,-8.433701,perdues,-10.519673,1
11936,P_NOUN_8_PASS_b,M,P,les légumes avec les robes que j' aime beaucoup ne sont probablement pas réparés <eos>,13,réparés,réparées,11,F,réparés,-11.594328,réparées,-12.402683,1
11937,P_NOUN_8_PASS_b,M,P,les légumes avec les robes que j' aime beaucoup ne sont probablement pas retirés <eos>,13,retirés,retirées,11,F,retirés,-9.41387,retirées,-11.133801,1
11938,P_NOUN_8_PASS_b,M,P,les légumes avec les robes que j' aime beaucoup ne sont probablement pas tombés <eos>,13,tombés,tombées,11,F,tombés,-7.2592473,tombées,-10.107914,1
11939,P_NOUN_8_PASS_b,M,P,les légumes avec les robes que j' aime beaucoup ne sont probablement pas utilisés <eos>,13,utilisés,utilisées,11,F,utilisés,-5.041499,utilisées,-7.3283033,1
11940,P_NOUN_8_PASS_b,M,P,les légumes avec les valises que j' aime beaucoup ne sont probablement pas achetés <eos>,13,achetés,achetées,11,F,achetés,-8.785923,achetées,-12.167639,1
11941,P_NOUN_8_PASS_b,M,P,les légumes avec les valises que j' aime beaucoup ne sont probablement pas brisés <eos>,13,brisés,brisées,11,F,brisés,-11.220117,brisées,-11.25648,1
11942,P_NOUN_8_PASS_b,M,P,les légumes avec les valises que j' aime beaucoup ne sont probablement pas cachés <eos>,13,cachés,cachées,11,F,cachés,-8.351991,cachées,-10.04794,1
11943,P_NOUN_8_PASS_b,M,P,les légumes avec les valises que j' aime beaucoup ne sont probablement pas cassés <eos>,13,cassés,cassées,11,F,cassés,-9.439096,cassées,-10.869311,1
11944,P_NOUN_8_PASS_b,M,P,les légumes avec les valises que j' aime beaucoup ne sont probablement pas couverts <eos>,13,couverts,couvertes,11,F,couverts,-6.559191,couvertes,-9.270449,1
11945,P_NOUN_8_PASS_b,M,P,les légumes avec les valises que j' aime beaucoup ne sont probablement pas déformés <eos>,13,déformés,déformées,11,F,déformés,-12.7543335,déformées,-10.732019,0
11946,P_NOUN_8_PASS_b,M,P,les légumes avec les valises que j' aime beaucoup ne sont probablement pas fixés <eos>,13,fixés,fixées,11,F,fixés,-8.605668,fixées,-10.482634,1
11947,P_NOUN_8_PASS_b,M,P,les légumes avec les valises que j' aime beaucoup ne sont probablement pas jetés <eos>,13,jetés,jetées,11,F,jetés,-9.098122,jetées,-10.738199,1
11948,P_NOUN_8_PASS_b,M,P,les légumes avec les valises que j' aime beaucoup ne sont probablement pas laissés <eos>,13,laissés,laissées,11,F,laissés,-8.271284,laissées,-9.442234,1
11949,P_NOUN_8_PASS_b,M,P,les légumes avec les valises que j' aime beaucoup ne sont probablement pas ouverts <eos>,13,ouverts,ouvertes,11,F,ouverts,-7.380287,ouvertes,-9.605789,1
11950,P_NOUN_8_PASS_b,M,P,les légumes avec les valises que j' aime beaucoup ne sont probablement pas perdus <eos>,13,perdus,perdues,11,F,perdus,-7.73202,perdues,-10.007751,1
11951,P_NOUN_8_PASS_b,M,P,les légumes avec les valises que j' aime beaucoup ne sont probablement pas réparés <eos>,13,réparés,réparées,11,F,réparés,-11.519875,réparées,-11.655693,1
11952,P_NOUN_8_PASS_b,M,P,les légumes avec les valises que j' aime beaucoup ne sont probablement pas retirés <eos>,13,retirés,retirées,11,F,retirés,-9.286888,retirées,-10.754911,1
11953,P_NOUN_8_PASS_b,M,P,les légumes avec les valises que j' aime beaucoup ne sont probablement pas tombés <eos>,13,tombés,tombées,11,F,tombés,-7.7778854,tombées,-10.069649,1
11954,P_NOUN_8_PASS_b,M,P,les légumes avec les valises que j' aime beaucoup ne sont probablement pas utilisés <eos>,13,utilisés,utilisées,11,F,utilisés,-5.3552384,utilisées,-7.3828874,1
11955,P_NOUN_8_PASS_b,M,P,les légumes avec les pendules que j' aime beaucoup ne sont probablement pas achetés <eos>,13,achetés,achetées,11,F,achetés,-8.502784,achetées,-11.798201,1
11956,P_NOUN_8_PASS_b,M,P,les légumes avec les pendules que j' aime beaucoup ne sont probablement pas brisés <eos>,13,brisés,brisées,11,F,brisés,-10.776442,brisées,-10.746578,0
11957,P_NOUN_8_PASS_b,M,P,les légumes avec les pendules que j' aime beaucoup ne sont probablement pas cachés <eos>,13,cachés,cachées,11,F,cachés,-8.138674,cachées,-10.221279,1
11958,P_NOUN_8_PASS_b,M,P,les légumes avec les pendules que j' aime beaucoup ne sont probablement pas cassés <eos>,13,cassés,cassées,11,F,cassés,-8.765001,cassées,-9.932084,1
11959,P_NOUN_8_PASS_b,M,P,les légumes avec les pendules que j' aime beaucoup ne sont probablement pas couverts <eos>,13,couverts,couvertes,11,F,couverts,-6.98029,couvertes,-9.477151,1
11960,P_NOUN_8_PASS_b,M,P,les légumes avec les pendules que j' aime beaucoup ne sont probablement pas déformés <eos>,13,déformés,déformées,11,F,déformés,-12.203956,déformées,-9.927116,0
11961,P_NOUN_8_PASS_b,M,P,les légumes avec les pendules que j' aime beaucoup ne sont probablement pas fixés <eos>,13,fixés,fixées,11,F,fixés,-8.48138,fixées,-10.075505,1
11962,P_NOUN_8_PASS_b,M,P,les légumes avec les pendules que j' aime beaucoup ne sont probablement pas jetés <eos>,13,jetés,jetées,11,F,jetés,-8.555625,jetées,-10.497531,1
11963,P_NOUN_8_PASS_b,M,P,les légumes avec les pendules que j' aime beaucoup ne sont probablement pas laissés <eos>,13,laissés,laissées,11,F,laissés,-8.391761,laissées,-9.556523,1
11964,P_NOUN_8_PASS_b,M,P,les légumes avec les pendules que j' aime beaucoup ne sont probablement pas ouverts <eos>,13,ouverts,ouvertes,11,F,ouverts,-7.9436846,ouvertes,-9.983044,1
11965,P_NOUN_8_PASS_b,M,P,les légumes avec les pendules que j' aime beaucoup ne sont probablement pas perdus <eos>,13,perdus,perdues,11,F,perdus,-7.6633143,perdues,-9.724861,1
11966,P_NOUN_8_PASS_b,M,P,les légumes avec les pendules que j' aime beaucoup ne sont probablement pas réparés <eos>,13,réparés,réparées,11,F,réparés,-11.469154,réparées,-11.2593775,0
11967,P_NOUN_8_PASS_b,M,P,les légumes avec les pendules que j' aime beaucoup ne sont probablement pas retirés <eos>,13,retirés,retirées,11,F,retirés,-8.834066,retirées,-9.842924,1
11968,P_NOUN_8_PASS_b,M,P,les légumes avec les pendules que j' aime beaucoup ne sont probablement pas tombés <eos>,13,tombés,tombées,11,F,tombés,-7.7119713,tombées,-9.610918,1
11969,P_NOUN_8_PASS_b,M,P,les légumes avec les pendules que j' aime beaucoup ne sont probablement pas utilisés <eos>,13,utilisés,utilisées,11,F,utilisés,-4.6264477,utilisées,-6.6534214,1
11970,P_NOUN_8_PASS_b,M,P,les légumes avec les cloches que j' aime beaucoup ne sont probablement pas achetés <eos>,13,achetés,achetées,11,F,achetés,-9.040747,achetées,-12.599545,1
11971,P_NOUN_8_PASS_b,M,P,les légumes avec les cloches que j' aime beaucoup ne sont probablement pas brisés <eos>,13,brisés,brisées,11,F,brisés,-10.687593,brisées,-11.542309,1
11972,P_NOUN_8_PASS_b,M,P,les légumes avec les cloches que j' aime beaucoup ne sont probablement pas cachés <eos>,13,cachés,cachées,11,F,cachés,-8.071917,cachées,-10.610687,1
11973,P_NOUN_8_PASS_b,M,P,les légumes avec les cloches que j' aime beaucoup ne sont probablement pas cassés <eos>,13,cassés,cassées,11,F,cassés,-8.981534,cassées,-10.988387,1
11974,P_NOUN_8_PASS_b,M,P,les légumes avec les cloches que j' aime beaucoup ne sont probablement pas couverts <eos>,13,couverts,couvertes,11,F,couverts,-6.441937,couvertes,-9.923653,1
11975,P_NOUN_8_PASS_b,M,P,les légumes avec les cloches que j' aime beaucoup ne sont probablement pas déformés <eos>,13,déformés,déformées,11,F,déformés,-12.589011,déformées,-11.389571,0
11976,P_NOUN_8_PASS_b,M,P,les légumes avec les cloches que j' aime beaucoup ne sont probablement pas fixés <eos>,13,fixés,fixées,11,F,fixés,-8.582071,fixées,-10.857918,1
11977,P_NOUN_8_PASS_b,M,P,les légumes avec les cloches que j' aime beaucoup ne sont probablement pas jetés <eos>,13,jetés,jetées,11,F,jetés,-8.537786,jetées,-10.933848,1
11978,P_NOUN_8_PASS_b,M,P,les légumes avec les cloches que j' aime beaucoup ne sont probablement pas laissés <eos>,13,laissés,laissées,11,F,laissés,-8.019632,laissées,-10.543009,1
11979,P_NOUN_8_PASS_b,M,P,les légumes avec les cloches que j' aime beaucoup ne sont probablement pas ouverts <eos>,13,ouverts,ouvertes,11,F,ouverts,-7.9340577,ouvertes,-10.409239,1
11980,P_NOUN_8_PASS_b,M,P,les légumes avec les cloches que j' aime beaucoup ne sont probablement pas perdus <eos>,13,perdus,perdues,11,F,perdus,-7.5408354,perdues,-10.013228,1
11981,P_NOUN_8_PASS_b,M,P,les légumes avec les cloches que j' aime beaucoup ne sont probablement pas réparés <eos>,13,réparés,réparées,11,F,réparés,-10.949393,réparées,-11.868136,1
11982,P_NOUN_8_PASS_b,M,P,les légumes avec les cloches que j' aime beaucoup ne sont probablement pas retirés <eos>,13,retirés,retirées,11,F,retirés,-8.855636,retirées,-10.587149,1
11983,P_NOUN_8_PASS_b,M,P,les légumes avec les cloches que j' aime beaucoup ne sont probablement pas tombés <eos>,13,tombés,tombées,11,F,tombés,-6.602168,tombées,-9.702713,1
11984,P_NOUN_8_PASS_b,M,P,les légumes avec les cloches que j' aime beaucoup ne sont probablement pas utilisés <eos>,13,utilisés,utilisées,11,F,utilisés,-5.1939673,utilisées,-7.871238,1
11985,P_NOUN_8_PASS_b,M,P,les légumes avec les cerises que j' aime beaucoup ne sont probablement pas achetés <eos>,13,achetés,achetées,11,F,achetés,-8.492085,achetées,-12.679195,1
11986,P_NOUN_8_PASS_b,M,P,les légumes avec les cerises que j' aime beaucoup ne sont probablement pas brisés <eos>,13,brisés,brisées,11,F,brisés,-11.083841,brisées,-12.201559,1
11987,P_NOUN_8_PASS_b,M,P,les légumes avec les cerises que j' aime beaucoup ne sont probablement pas cachés <eos>,13,cachés,cachées,11,F,cachés,-8.809038,cachées,-11.584112,1
11988,P_NOUN_8_PASS_b,M,P,les légumes avec les cerises que j' aime beaucoup ne sont probablement pas cassés <eos>,13,cassés,cassées,11,F,cassés,-9.251944,cassées,-11.058266,1
11989,P_NOUN_8_PASS_b,M,P,les légumes avec les cerises que j' aime beaucoup ne sont probablement pas couverts <eos>,13,couverts,couvertes,11,F,couverts,-6.356291,couvertes,-10.339935,1
11990,P_NOUN_8_PASS_b,M,P,les légumes avec les cerises que j' aime beaucoup ne sont probablement pas déformés <eos>,13,déformés,déformées,11,F,déformés,-12.497314,déformées,-11.517986,0
11991,P_NOUN_8_PASS_b,M,P,les légumes avec les cerises que j' aime beaucoup ne sont probablement pas fixés <eos>,13,fixés,fixées,11,F,fixés,-8.5798435,fixées,-11.428963,1
11992,P_NOUN_8_PASS_b,M,P,les légumes avec les cerises que j' aime beaucoup ne sont probablement pas jetés <eos>,13,jetés,jetées,11,F,jetés,-9.344389,jetées,-11.836584,1
11993,P_NOUN_8_PASS_b,M,P,les légumes avec les cerises que j' aime beaucoup ne sont probablement pas laissés <eos>,13,laissés,laissées,11,F,laissés,-8.104532,laissées,-10.681701,1
11994,P_NOUN_8_PASS_b,M,P,les légumes avec les cerises que j' aime beaucoup ne sont probablement pas ouverts <eos>,13,ouverts,ouvertes,11,F,ouverts,-7.757265,ouvertes,-10.939255,1
11995,P_NOUN_8_PASS_b,M,P,les légumes avec les cerises que j' aime beaucoup ne sont probablement pas perdus <eos>,13,perdus,perdues,11,F,perdus,-7.833681,perdues,-10.6246805,1
11996,P_NOUN_8_PASS_b,M,P,les légumes avec les cerises que j' aime beaucoup ne sont probablement pas réparés <eos>,13,réparés,réparées,11,F,réparés,-11.293856,réparées,-12.749363,1
11997,P_NOUN_8_PASS_b,M,P,les légumes avec les cerises que j' aime beaucoup ne sont probablement pas retirés <eos>,13,retirés,retirées,11,F,retirés,-9.124901,retirées,-11.460545,1
11998,P_NOUN_8_PASS_b,M,P,les légumes avec les cerises que j' aime beaucoup ne sont probablement pas tombés <eos>,13,tombés,tombées,11,F,tombés,-7.021263,tombées,-10.230358,1
11999,P_NOUN_8_PASS_b,M,P,les légumes avec les cerises que j' aime beaucoup ne sont probablement pas utilisés <eos>,13,utilisés,utilisées,11,F,utilisés,-5.238245,utilisées,-8.004287,1
