,Paradigm,Gen,Num,Sent,Eval,Corr,Wrong,Dist,Attr_Gen,Attr_Num,corr_word,corr_prob,wrong_word,wrong_prob,answer
0,S_NOUN_7_ADJ_b,F,S,la gemme avec les gemmes que j' aime beaucoup n' est pas verte <eos>,12,verte,vert,10,F,P,verte,-9.063597,vert,-8.479665,0
1,S_NOUN_7_ADJ_b,F,S,la gemme avec les gemmes que j' aime beaucoup n' est pas bleue <eos>,12,bleue,bleu,10,F,P,bleue,-8.404345,bleu,-8.2932205,0
2,S_NOUN_7_ADJ_b,F,S,la gemme avec les gemmes que j' aime beaucoup n' est pas noire <eos>,12,noire,noir,10,F,P,noire,-7.2926817,noir,-7.3608055,1
3,S_NOUN_7_ADJ_b,F,S,la gemme avec les gemmes que j' aime beaucoup n' est pas délicate <eos>,12,délicate,délicat,10,F,P,délicate,-11.860382,délicat,-13.155891,1
4,S_NOUN_7_ADJ_b,F,S,la gemme avec les gemmes que j' aime beaucoup n' est pas pointue <eos>,12,pointue,pointu,10,F,P,pointue,-12.039379,pointu,-13.173675,1
5,S_NOUN_7_ADJ_b,F,S,la gemme avec les gemmes que j' aime beaucoup n' est pas ronde <eos>,12,ronde,rond,10,F,P,ronde,-9.8167,rond,-9.858087,1
6,S_NOUN_7_ADJ_b,F,S,la gemme avec les gemmes que j' aime beaucoup n' est pas froide <eos>,12,froide,froid,10,F,P,froide,-9.632137,froid,-12.594389,1
7,S_NOUN_7_ADJ_b,F,S,la gemme avec les gemmes que j' aime beaucoup n' est pas chaude <eos>,12,chaude,chaud,10,F,P,chaude,-9.670037,chaud,-12.704037,1
8,S_NOUN_7_ADJ_b,F,S,la gemme avec les gemmes que j' aime beaucoup n' est pas importante <eos>,12,importante,important,10,F,P,importante,-8.463847,important,-10.849811,1
9,S_NOUN_7_ADJ_b,F,S,la gemme avec les gemmes que j' aime beaucoup n' est pas courte <eos>,12,courte,court,10,F,P,courte,-10.090558,court,-12.594017,1
10,S_NOUN_7_ADJ_b,F,S,la gemme avec les gemmes que j' aime beaucoup n' est pas dure <eos>,12,dure,dur,10,F,P,dure,-10.051883,dur,-10.606883,1
11,S_NOUN_7_ADJ_b,F,S,la gemme avec les gemmes que j' aime beaucoup n' est pas claire <eos>,12,claire,clair,10,F,P,claire,-5.305446,clair,-6.781982,1
12,S_NOUN_7_ADJ_b,F,S,la gemme avec les gemmes que j' aime beaucoup n' est pas intéressante <eos>,12,intéressante,intéressant,10,F,P,intéressante,-9.654823,intéressant,-10.719625,1
13,S_NOUN_7_ADJ_b,F,S,la gemme avec les gemmes que j' aime beaucoup n' est pas brillante <eos>,12,brillante,brillant,10,F,P,brillante,-7.7345934,brillant,-9.705898,1
14,S_NOUN_7_ADJ_b,F,S,la gemme avec les gemmes que j' aime beaucoup n' est pas compliquée <eos>,12,compliquée,compliqué,10,F,P,compliquée,-11.346313,compliqué,-11.151861,0
15,S_NOUN_7_ADJ_b,F,S,la gemme avec les chaises que j' aime beaucoup n' est pas verte <eos>,12,verte,vert,10,F,P,verte,-8.659355,vert,-9.620457,1
16,S_NOUN_7_ADJ_b,F,S,la gemme avec les chaises que j' aime beaucoup n' est pas bleue <eos>,12,bleue,bleu,10,F,P,bleue,-9.192528,bleu,-9.355832,1
17,S_NOUN_7_ADJ_b,F,S,la gemme avec les chaises que j' aime beaucoup n' est pas noire <eos>,12,noire,noir,10,F,P,noire,-8.176083,noir,-8.235451,1
18,S_NOUN_7_ADJ_b,F,S,la gemme avec les chaises que j' aime beaucoup n' est pas délicate <eos>,12,délicate,délicat,10,F,P,délicate,-11.501564,délicat,-12.583588,1
19,S_NOUN_7_ADJ_b,F,S,la gemme avec les chaises que j' aime beaucoup n' est pas pointue <eos>,12,pointue,pointu,10,F,P,pointue,-11.824669,pointu,-12.980704,1
20,S_NOUN_7_ADJ_b,F,S,la gemme avec les chaises que j' aime beaucoup n' est pas ronde <eos>,12,ronde,rond,10,F,P,ronde,-9.600256,rond,-9.14168,0
21,S_NOUN_7_ADJ_b,F,S,la gemme avec les chaises que j' aime beaucoup n' est pas froide <eos>,12,froide,froid,10,F,P,froide,-10.483551,froid,-13.001747,1
22,S_NOUN_7_ADJ_b,F,S,la gemme avec les chaises que j' aime beaucoup n' est pas chaude <eos>,12,chaude,chaud,10,F,P,chaude,-9.795706,chaud,-13.1267605,1
23,S_NOUN_7_ADJ_b,F,S,la gemme avec les chaises que j' aime beaucoup n' est pas importante <eos>,12,importante,important,10,F,P,importante,-8.558673,important,-10.683681,1
24,S_NOUN_7_ADJ_b,F,S,la gemme avec les chaises que j' aime beaucoup n' est pas courte <eos>,12,courte,court,10,F,P,courte,-9.978042,court,-11.964978,1
25,S_NOUN_7_ADJ_b,F,S,la gemme avec les chaises que j' aime beaucoup n' est pas dure <eos>,12,dure,dur,10,F,P,dure,-9.624147,dur,-11.2126465,1
26,S_NOUN_7_ADJ_b,F,S,la gemme avec les chaises que j' aime beaucoup n' est pas claire <eos>,12,claire,clair,10,F,P,claire,-5.077249,clair,-7.1733956,1
27,S_NOUN_7_ADJ_b,F,S,la gemme avec les chaises que j' aime beaucoup n' est pas intéressante <eos>,12,intéressante,intéressant,10,F,P,intéressante,-9.733129,intéressant,-10.696269,1
28,S_NOUN_7_ADJ_b,F,S,la gemme avec les chaises que j' aime beaucoup n' est pas brillante <eos>,12,brillante,brillant,10,F,P,brillante,-8.565662,brillant,-10.56279,1
29,S_NOUN_7_ADJ_b,F,S,la gemme avec les chaises que j' aime beaucoup n' est pas compliquée <eos>,12,compliquée,compliqué,10,F,P,compliquée,-10.849631,compliqué,-11.066439,1
30,S_NOUN_7_ADJ_b,F,S,la gemme avec les poubelles que j' aime beaucoup n' est pas verte <eos>,12,verte,vert,10,F,P,verte,-8.373859,vert,-9.6478815,1
31,S_NOUN_7_ADJ_b,F,S,la gemme avec les poubelles que j' aime beaucoup n' est pas bleue <eos>,12,bleue,bleu,10,F,P,bleue,-9.675345,bleu,-9.958763,1
32,S_NOUN_7_ADJ_b,F,S,la gemme avec les poubelles que j' aime beaucoup n' est pas noire <eos>,12,noire,noir,10,F,P,noire,-8.38365,noir,-8.484524,1
33,S_NOUN_7_ADJ_b,F,S,la gemme avec les poubelles que j' aime beaucoup n' est pas délicate <eos>,12,délicate,délicat,10,F,P,délicate,-12.23192,délicat,-12.617798,1
34,S_NOUN_7_ADJ_b,F,S,la gemme avec les poubelles que j' aime beaucoup n' est pas pointue <eos>,12,pointue,pointu,10,F,P,pointue,-12.075148,pointu,-12.922428,1
35,S_NOUN_7_ADJ_b,F,S,la gemme avec les poubelles que j' aime beaucoup n' est pas ronde <eos>,12,ronde,rond,10,F,P,ronde,-10.356184,rond,-9.935472,0
36,S_NOUN_7_ADJ_b,F,S,la gemme avec les poubelles que j' aime beaucoup n' est pas froide <eos>,12,froide,froid,10,F,P,froide,-10.128109,froid,-12.277835,1
37,S_NOUN_7_ADJ_b,F,S,la gemme avec les poubelles que j' aime beaucoup n' est pas chaude <eos>,12,chaude,chaud,10,F,P,chaude,-9.907852,chaud,-12.804944,1
38,S_NOUN_7_ADJ_b,F,S,la gemme avec les poubelles que j' aime beaucoup n' est pas importante <eos>,12,importante,important,10,F,P,importante,-8.878891,important,-10.537439,1
39,S_NOUN_7_ADJ_b,F,S,la gemme avec les poubelles que j' aime beaucoup n' est pas courte <eos>,12,courte,court,10,F,P,courte,-10.419652,court,-12.20285,1
40,S_NOUN_7_ADJ_b,F,S,la gemme avec les poubelles que j' aime beaucoup n' est pas dure <eos>,12,dure,dur,10,F,P,dure,-9.850054,dur,-10.775823,1
41,S_NOUN_7_ADJ_b,F,S,la gemme avec les poubelles que j' aime beaucoup n' est pas claire <eos>,12,claire,clair,10,F,P,claire,-5.7363195,clair,-7.728487,1
42,S_NOUN_7_ADJ_b,F,S,la gemme avec les poubelles que j' aime beaucoup n' est pas intéressante <eos>,12,intéressante,intéressant,10,F,P,intéressante,-9.973204,intéressant,-10.433003,1
43,S_NOUN_7_ADJ_b,F,S,la gemme avec les poubelles que j' aime beaucoup n' est pas brillante <eos>,12,brillante,brillant,10,F,P,brillante,-9.41016,brillant,-10.802336,1
44,S_NOUN_7_ADJ_b,F,S,la gemme avec les poubelles que j' aime beaucoup n' est pas compliquée <eos>,12,compliquée,compliqué,10,F,P,compliquée,-11.092739,compliqué,-10.760942,0
45,S_NOUN_7_ADJ_b,F,S,la gemme avec les chemises que j' aime beaucoup n' est pas verte <eos>,12,verte,vert,10,F,P,verte,-7.916952,vert,-8.473269,1
46,S_NOUN_7_ADJ_b,F,S,la gemme avec les chemises que j' aime beaucoup n' est pas bleue <eos>,12,bleue,bleu,10,F,P,bleue,-8.615519,bleu,-8.498722,0
47,S_NOUN_7_ADJ_b,F,S,la gemme avec les chemises que j' aime beaucoup n' est pas noire <eos>,12,noire,noir,10,F,P,noire,-7.623534,noir,-7.2805805,0
48,S_NOUN_7_ADJ_b,F,S,la gemme avec les chemises que j' aime beaucoup n' est pas délicate <eos>,12,délicate,délicat,10,F,P,délicate,-11.885831,délicat,-12.709705,1
49,S_NOUN_7_ADJ_b,F,S,la gemme avec les chemises que j' aime beaucoup n' est pas pointue <eos>,12,pointue,pointu,10,F,P,pointue,-11.457861,pointu,-12.791866,1
50,S_NOUN_7_ADJ_b,F,S,la gemme avec les chemises que j' aime beaucoup n' est pas ronde <eos>,12,ronde,rond,10,F,P,ronde,-9.797315,rond,-9.359925,0
51,S_NOUN_7_ADJ_b,F,S,la gemme avec les chemises que j' aime beaucoup n' est pas froide <eos>,12,froide,froid,10,F,P,froide,-10.572836,froid,-12.54152,1
52,S_NOUN_7_ADJ_b,F,S,la gemme avec les chemises que j' aime beaucoup n' est pas chaude <eos>,12,chaude,chaud,10,F,P,chaude,-10.279368,chaud,-12.643293,1
53,S_NOUN_7_ADJ_b,F,S,la gemme avec les chemises que j' aime beaucoup n' est pas importante <eos>,12,importante,important,10,F,P,importante,-8.62825,important,-10.711161,1
54,S_NOUN_7_ADJ_b,F,S,la gemme avec les chemises que j' aime beaucoup n' est pas courte <eos>,12,courte,court,10,F,P,courte,-9.713888,court,-11.789395,1
55,S_NOUN_7_ADJ_b,F,S,la gemme avec les chemises que j' aime beaucoup n' est pas dure <eos>,12,dure,dur,10,F,P,dure,-9.255048,dur,-10.482931,1
56,S_NOUN_7_ADJ_b,F,S,la gemme avec les chemises que j' aime beaucoup n' est pas claire <eos>,12,claire,clair,10,F,P,claire,-4.9304786,clair,-6.7121654,1
57,S_NOUN_7_ADJ_b,F,S,la gemme avec les chemises que j' aime beaucoup n' est pas intéressante <eos>,12,intéressante,intéressant,10,F,P,intéressante,-10.32478,intéressant,-10.755356,1
58,S_NOUN_7_ADJ_b,F,S,la gemme avec les chemises que j' aime beaucoup n' est pas brillante <eos>,12,brillante,brillant,10,F,P,brillante,-7.8128567,brillant,-9.488187,1
59,S_NOUN_7_ADJ_b,F,S,la gemme avec les chemises que j' aime beaucoup n' est pas compliquée <eos>,12,compliquée,compliqué,10,F,P,compliquée,-11.392241,compliqué,-11.429229,1
60,S_NOUN_7_ADJ_b,F,S,la gemme avec les recettes que j' aime beaucoup n' est pas verte <eos>,12,verte,vert,10,F,P,verte,-8.32612,vert,-9.298256,1
61,S_NOUN_7_ADJ_b,F,S,la gemme avec les recettes que j' aime beaucoup n' est pas bleue <eos>,12,bleue,bleu,10,F,P,bleue,-9.5736475,bleu,-9.538702,0
62,S_NOUN_7_ADJ_b,F,S,la gemme avec les recettes que j' aime beaucoup n' est pas noire <eos>,12,noire,noir,10,F,P,noire,-7.949576,noir,-7.8416433,0
63,S_NOUN_7_ADJ_b,F,S,la gemme avec les recettes que j' aime beaucoup n' est pas délicate <eos>,12,délicate,délicat,10,F,P,délicate,-11.688117,délicat,-12.2746725,1
64,S_NOUN_7_ADJ_b,F,S,la gemme avec les recettes que j' aime beaucoup n' est pas pointue <eos>,12,pointue,pointu,10,F,P,pointue,-12.452797,pointu,-13.228825,1
65,S_NOUN_7_ADJ_b,F,S,la gemme avec les recettes que j' aime beaucoup n' est pas ronde <eos>,12,ronde,rond,10,F,P,ronde,-10.130892,rond,-10.033936,0
66,S_NOUN_7_ADJ_b,F,S,la gemme avec les recettes que j' aime beaucoup n' est pas froide <eos>,12,froide,froid,10,F,P,froide,-9.769569,froid,-12.265158,1
67,S_NOUN_7_ADJ_b,F,S,la gemme avec les recettes que j' aime beaucoup n' est pas chaude <eos>,12,chaude,chaud,10,F,P,chaude,-9.508959,chaud,-12.689743,1
68,S_NOUN_7_ADJ_b,F,S,la gemme avec les recettes que j' aime beaucoup n' est pas importante <eos>,12,importante,important,10,F,P,importante,-8.08911,important,-10.366464,1
69,S_NOUN_7_ADJ_b,F,S,la gemme avec les recettes que j' aime beaucoup n' est pas courte <eos>,12,courte,court,10,F,P,courte,-9.860224,court,-11.686348,1
70,S_NOUN_7_ADJ_b,F,S,la gemme avec les recettes que j' aime beaucoup n' est pas dure <eos>,12,dure,dur,10,F,P,dure,-9.831913,dur,-11.084703,1
71,S_NOUN_7_ADJ_b,F,S,la gemme avec les recettes que j' aime beaucoup n' est pas claire <eos>,12,claire,clair,10,F,P,claire,-5.430623,clair,-7.168088,1
72,S_NOUN_7_ADJ_b,F,S,la gemme avec les recettes que j' aime beaucoup n' est pas intéressante <eos>,12,intéressante,intéressant,10,F,P,intéressante,-9.47397,intéressant,-10.729443,1
73,S_NOUN_7_ADJ_b,F,S,la gemme avec les recettes que j' aime beaucoup n' est pas brillante <eos>,12,brillante,brillant,10,F,P,brillante,-8.467596,brillant,-10.268768,1
74,S_NOUN_7_ADJ_b,F,S,la gemme avec les recettes que j' aime beaucoup n' est pas compliquée <eos>,12,compliquée,compliqué,10,F,P,compliquée,-11.502087,compliqué,-11.005873,0
75,S_NOUN_7_ADJ_b,F,S,la gemme avec les jupes que j' aime beaucoup n' est pas verte <eos>,12,verte,vert,10,F,P,verte,-8.045116,vert,-8.935428,1
76,S_NOUN_7_ADJ_b,F,S,la gemme avec les jupes que j' aime beaucoup n' est pas bleue <eos>,12,bleue,bleu,10,F,P,bleue,-8.727222,bleu,-8.645389,0
77,S_NOUN_7_ADJ_b,F,S,la gemme avec les jupes que j' aime beaucoup n' est pas noire <eos>,12,noire,noir,10,F,P,noire,-7.520686,noir,-7.474023,0
78,S_NOUN_7_ADJ_b,F,S,la gemme avec les jupes que j' aime beaucoup n' est pas délicate <eos>,12,délicate,délicat,10,F,P,délicate,-11.279076,délicat,-12.3289585,1
79,S_NOUN_7_ADJ_b,F,S,la gemme avec les jupes que j' aime beaucoup n' est pas pointue <eos>,12,pointue,pointu,10,F,P,pointue,-11.073822,pointu,-12.595275,1
80,S_NOUN_7_ADJ_b,F,S,la gemme avec les jupes que j' aime beaucoup n' est pas ronde <eos>,12,ronde,rond,10,F,P,ronde,-9.654308,rond,-8.992379,0
81,S_NOUN_7_ADJ_b,F,S,la gemme avec les jupes que j' aime beaucoup n' est pas froide <eos>,12,froide,froid,10,F,P,froide,-10.753245,froid,-12.592275,1
82,S_NOUN_7_ADJ_b,F,S,la gemme avec les jupes que j' aime beaucoup n' est pas chaude <eos>,12,chaude,chaud,10,F,P,chaude,-10.51036,chaud,-12.631772,1
83,S_NOUN_7_ADJ_b,F,S,la gemme avec les jupes que j' aime beaucoup n' est pas importante <eos>,12,importante,important,10,F,P,importante,-8.646385,important,-11.041452,1
84,S_NOUN_7_ADJ_b,F,S,la gemme avec les jupes que j' aime beaucoup n' est pas courte <eos>,12,courte,court,10,F,P,courte,-9.224864,court,-11.372617,1
85,S_NOUN_7_ADJ_b,F,S,la gemme avec les jupes que j' aime beaucoup n' est pas dure <eos>,12,dure,dur,10,F,P,dure,-9.132012,dur,-10.915715,1
86,S_NOUN_7_ADJ_b,F,S,la gemme avec les jupes que j' aime beaucoup n' est pas claire <eos>,12,claire,clair,10,F,P,claire,-4.7184267,clair,-6.8528643,1
87,S_NOUN_7_ADJ_b,F,S,la gemme avec les jupes que j' aime beaucoup n' est pas intéressante <eos>,12,intéressante,intéressant,10,F,P,intéressante,-10.204226,intéressant,-10.873019,1
88,S_NOUN_7_ADJ_b,F,S,la gemme avec les jupes que j' aime beaucoup n' est pas brillante <eos>,12,brillante,brillant,10,F,P,brillante,-7.8572345,brillant,-9.4592,1
89,S_NOUN_7_ADJ_b,F,S,la gemme avec les jupes que j' aime beaucoup n' est pas compliquée <eos>,12,compliquée,compliqué,10,F,P,compliquée,-10.7569275,compliqué,-11.103815,1
90,S_NOUN_7_ADJ_b,F,S,la gemme avec les colles que j' aime beaucoup n' est pas verte <eos>,12,verte,vert,10,F,P,verte,-8.201187,vert,-9.162495,1
91,S_NOUN_7_ADJ_b,F,S,la gemme avec les colles que j' aime beaucoup n' est pas bleue <eos>,12,bleue,bleu,10,F,P,bleue,-9.232658,bleu,-8.997602,0
92,S_NOUN_7_ADJ_b,F,S,la gemme avec les colles que j' aime beaucoup n' est pas noire <eos>,12,noire,noir,10,F,P,noire,-7.9533653,noir,-7.809886,0
93,S_NOUN_7_ADJ_b,F,S,la gemme avec les colles que j' aime beaucoup n' est pas délicate <eos>,12,délicate,délicat,10,F,P,délicate,-11.380703,délicat,-12.381519,1
94,S_NOUN_7_ADJ_b,F,S,la gemme avec les colles que j' aime beaucoup n' est pas pointue <eos>,12,pointue,pointu,10,F,P,pointue,-12.149931,pointu,-13.457876,1
95,S_NOUN_7_ADJ_b,F,S,la gemme avec les colles que j' aime beaucoup n' est pas ronde <eos>,12,ronde,rond,10,F,P,ronde,-10.177989,rond,-9.995367,0
96,S_NOUN_7_ADJ_b,F,S,la gemme avec les colles que j' aime beaucoup n' est pas froide <eos>,12,froide,froid,10,F,P,froide,-10.095552,froid,-12.437839,1
97,S_NOUN_7_ADJ_b,F,S,la gemme avec les colles que j' aime beaucoup n' est pas chaude <eos>,12,chaude,chaud,10,F,P,chaude,-9.88672,chaud,-12.510097,1
98,S_NOUN_7_ADJ_b,F,S,la gemme avec les colles que j' aime beaucoup n' est pas importante <eos>,12,importante,important,10,F,P,importante,-8.626214,important,-10.624705,1
99,S_NOUN_7_ADJ_b,F,S,la gemme avec les colles que j' aime beaucoup n' est pas courte <eos>,12,courte,court,10,F,P,courte,-10.562906,court,-12.848085,1
100,S_NOUN_7_ADJ_b,F,S,la gemme avec les colles que j' aime beaucoup n' est pas dure <eos>,12,dure,dur,10,F,P,dure,-9.728814,dur,-10.919528,1
101,S_NOUN_7_ADJ_b,F,S,la gemme avec les colles que j' aime beaucoup n' est pas claire <eos>,12,claire,clair,10,F,P,claire,-5.02964,clair,-7.073352,1
102,S_NOUN_7_ADJ_b,F,S,la gemme avec les colles que j' aime beaucoup n' est pas intéressante <eos>,12,intéressante,intéressant,10,F,P,intéressante,-9.835636,intéressant,-10.552729,1
103,S_NOUN_7_ADJ_b,F,S,la gemme avec les colles que j' aime beaucoup n' est pas brillante <eos>,12,brillante,brillant,10,F,P,brillante,-8.203156,brillant,-9.697179,1
104,S_NOUN_7_ADJ_b,F,S,la gemme avec les colles que j' aime beaucoup n' est pas compliquée <eos>,12,compliquée,compliqué,10,F,P,compliquée,-11.031386,compliqué,-11.207032,1
105,S_NOUN_7_ADJ_b,F,S,la gemme avec les lampes que j' aime beaucoup n' est pas verte <eos>,12,verte,vert,10,F,P,verte,-7.99295,vert,-9.38475,1
106,S_NOUN_7_ADJ_b,F,S,la gemme avec les lampes que j' aime beaucoup n' est pas bleue <eos>,12,bleue,bleu,10,F,P,bleue,-8.966986,bleu,-8.9573345,0
107,S_NOUN_7_ADJ_b,F,S,la gemme avec les lampes que j' aime beaucoup n' est pas noire <eos>,12,noire,noir,10,F,P,noire,-7.991088,noir,-7.90145,0
108,S_NOUN_7_ADJ_b,F,S,la gemme avec les lampes que j' aime beaucoup n' est pas délicate <eos>,12,délicate,délicat,10,F,P,délicate,-11.841162,délicat,-12.663965,1
109,S_NOUN_7_ADJ_b,F,S,la gemme avec les lampes que j' aime beaucoup n' est pas pointue <eos>,12,pointue,pointu,10,F,P,pointue,-12.76453,pointu,-13.236344,1
110,S_NOUN_7_ADJ_b,F,S,la gemme avec les lampes que j' aime beaucoup n' est pas ronde <eos>,12,ronde,rond,10,F,P,ronde,-10.381764,rond,-9.608807,0
111,S_NOUN_7_ADJ_b,F,S,la gemme avec les lampes que j' aime beaucoup n' est pas froide <eos>,12,froide,froid,10,F,P,froide,-8.872511,froid,-12.015274,1
112,S_NOUN_7_ADJ_b,F,S,la gemme avec les lampes que j' aime beaucoup n' est pas chaude <eos>,12,chaude,chaud,10,F,P,chaude,-8.643011,chaud,-12.236206,1
113,S_NOUN_7_ADJ_b,F,S,la gemme avec les lampes que j' aime beaucoup n' est pas importante <eos>,12,importante,important,10,F,P,importante,-8.577554,important,-10.786882,1
114,S_NOUN_7_ADJ_b,F,S,la gemme avec les lampes que j' aime beaucoup n' est pas courte <eos>,12,courte,court,10,F,P,courte,-10.582125,court,-12.8279915,1
115,S_NOUN_7_ADJ_b,F,S,la gemme avec les lampes que j' aime beaucoup n' est pas dure <eos>,12,dure,dur,10,F,P,dure,-10.017015,dur,-11.350832,1
116,S_NOUN_7_ADJ_b,F,S,la gemme avec les lampes que j' aime beaucoup n' est pas claire <eos>,12,claire,clair,10,F,P,claire,-5.731219,clair,-7.338036,1
117,S_NOUN_7_ADJ_b,F,S,la gemme avec les lampes que j' aime beaucoup n' est pas intéressante <eos>,12,intéressante,intéressant,10,F,P,intéressante,-9.631013,intéressant,-10.512323,1
118,S_NOUN_7_ADJ_b,F,S,la gemme avec les lampes que j' aime beaucoup n' est pas brillante <eos>,12,brillante,brillant,10,F,P,brillante,-8.070845,brillant,-10.250369,1
119,S_NOUN_7_ADJ_b,F,S,la gemme avec les lampes que j' aime beaucoup n' est pas compliquée <eos>,12,compliquée,compliqué,10,F,P,compliquée,-11.654714,compliqué,-11.4712925,0
120,S_NOUN_7_ADJ_b,F,S,la gemme avec les bouteilles que j' aime beaucoup n' est pas verte <eos>,12,verte,vert,10,F,P,verte,-8.5128145,vert,-9.438167,1
121,S_NOUN_7_ADJ_b,F,S,la gemme avec les bouteilles que j' aime beaucoup n' est pas bleue <eos>,12,bleue,bleu,10,F,P,bleue,-9.273419,bleu,-9.6361885,1
122,S_NOUN_7_ADJ_b,F,S,la gemme avec les bouteilles que j' aime beaucoup n' est pas noire <eos>,12,noire,noir,10,F,P,noire,-8.590517,noir,-8.421131,0
123,S_NOUN_7_ADJ_b,F,S,la gemme avec les bouteilles que j' aime beaucoup n' est pas délicate <eos>,12,délicate,délicat,10,F,P,délicate,-11.924819,délicat,-12.659059,1
124,S_NOUN_7_ADJ_b,F,S,la gemme avec les bouteilles que j' aime beaucoup n' est pas pointue <eos>,12,pointue,pointu,10,F,P,pointue,-12.950563,pointu,-13.815474,1
125,S_NOUN_7_ADJ_b,F,S,la gemme avec les bouteilles que j' aime beaucoup n' est pas ronde <eos>,12,ronde,rond,10,F,P,ronde,-10.400958,rond,-9.424383,0
126,S_NOUN_7_ADJ_b,F,S,la gemme avec les bouteilles que j' aime beaucoup n' est pas froide <eos>,12,froide,froid,10,F,P,froide,-9.224709,froid,-11.510996,1
127,S_NOUN_7_ADJ_b,F,S,la gemme avec les bouteilles que j' aime beaucoup n' est pas chaude <eos>,12,chaude,chaud,10,F,P,chaude,-8.962476,chaud,-11.966429,1
128,S_NOUN_7_ADJ_b,F,S,la gemme avec les bouteilles que j' aime beaucoup n' est pas importante <eos>,12,importante,important,10,F,P,importante,-8.773387,important,-10.389375,1
129,S_NOUN_7_ADJ_b,F,S,la gemme avec les bouteilles que j' aime beaucoup n' est pas courte <eos>,12,courte,court,10,F,P,courte,-10.500866,court,-12.033241,1
130,S_NOUN_7_ADJ_b,F,S,la gemme avec les bouteilles que j' aime beaucoup n' est pas dure <eos>,12,dure,dur,10,F,P,dure,-9.486054,dur,-10.846179,1
131,S_NOUN_7_ADJ_b,F,S,la gemme avec les bouteilles que j' aime beaucoup n' est pas claire <eos>,12,claire,clair,10,F,P,claire,-5.31291,clair,-7.410757,1
132,S_NOUN_7_ADJ_b,F,S,la gemme avec les bouteilles que j' aime beaucoup n' est pas intéressante <eos>,12,intéressante,intéressant,10,F,P,intéressante,-9.300387,intéressant,-10.481977,1
133,S_NOUN_7_ADJ_b,F,S,la gemme avec les bouteilles que j' aime beaucoup n' est pas brillante <eos>,12,brillante,brillant,10,F,P,brillante,-9.351107,brillant,-10.857922,1
134,S_NOUN_7_ADJ_b,F,S,la gemme avec les bouteilles que j' aime beaucoup n' est pas compliquée <eos>,12,compliquée,compliqué,10,F,P,compliquée,-11.011908,compliqué,-10.932655,0
135,S_NOUN_7_ADJ_b,F,S,la gemme avec les boissons que j' aime beaucoup n' est pas verte <eos>,12,verte,vert,10,F,P,verte,-8.103368,vert,-9.04823,1
136,S_NOUN_7_ADJ_b,F,S,la gemme avec les boissons que j' aime beaucoup n' est pas bleue <eos>,12,bleue,bleu,10,F,P,bleue,-9.35161,bleu,-9.193708,0
137,S_NOUN_7_ADJ_b,F,S,la gemme avec les boissons que j' aime beaucoup n' est pas noire <eos>,12,noire,noir,10,F,P,noire,-7.789849,noir,-7.874569,1
138,S_NOUN_7_ADJ_b,F,S,la gemme avec les boissons que j' aime beaucoup n' est pas délicate <eos>,12,délicate,délicat,10,F,P,délicate,-11.2386,délicat,-12.311732,1
139,S_NOUN_7_ADJ_b,F,S,la gemme avec les boissons que j' aime beaucoup n' est pas pointue <eos>,12,pointue,pointu,10,F,P,pointue,-12.816856,pointu,-13.969376,1
140,S_NOUN_7_ADJ_b,F,S,la gemme avec les boissons que j' aime beaucoup n' est pas ronde <eos>,12,ronde,rond,10,F,P,ronde,-9.574709,rond,-9.923826,1
141,S_NOUN_7_ADJ_b,F,S,la gemme avec les boissons que j' aime beaucoup n' est pas froide <eos>,12,froide,froid,10,F,P,froide,-8.774063,froid,-11.896383,1
142,S_NOUN_7_ADJ_b,F,S,la gemme avec les boissons que j' aime beaucoup n' est pas chaude <eos>,12,chaude,chaud,10,F,P,chaude,-8.753233,chaud,-11.954998,1
143,S_NOUN_7_ADJ_b,F,S,la gemme avec les boissons que j' aime beaucoup n' est pas importante <eos>,12,importante,important,10,F,P,importante,-8.400943,important,-10.714343,1
144,S_NOUN_7_ADJ_b,F,S,la gemme avec les boissons que j' aime beaucoup n' est pas courte <eos>,12,courte,court,10,F,P,courte,-10.2444725,court,-12.56865,1
145,S_NOUN_7_ADJ_b,F,S,la gemme avec les boissons que j' aime beaucoup n' est pas dure <eos>,12,dure,dur,10,F,P,dure,-9.662082,dur,-10.913038,1
146,S_NOUN_7_ADJ_b,F,S,la gemme avec les boissons que j' aime beaucoup n' est pas claire <eos>,12,claire,clair,10,F,P,claire,-5.012615,clair,-7.2286825,1
147,S_NOUN_7_ADJ_b,F,S,la gemme avec les boissons que j' aime beaucoup n' est pas intéressante <eos>,12,intéressante,intéressant,10,F,P,intéressante,-9.616238,intéressant,-10.929321,1
148,S_NOUN_7_ADJ_b,F,S,la gemme avec les boissons que j' aime beaucoup n' est pas brillante <eos>,12,brillante,brillant,10,F,P,brillante,-8.709988,brillant,-10.598061,1
149,S_NOUN_7_ADJ_b,F,S,la gemme avec les boissons que j' aime beaucoup n' est pas compliquée <eos>,12,compliquée,compliqué,10,F,P,compliquée,-11.324205,compliqué,-11.245559,0
150,S_NOUN_7_ADJ_b,F,S,la gemme avec les pommes que j' aime beaucoup n' est pas verte <eos>,12,verte,vert,10,F,P,verte,-7.49603,vert,-8.604467,1
151,S_NOUN_7_ADJ_b,F,S,la gemme avec les pommes que j' aime beaucoup n' est pas bleue <eos>,12,bleue,bleu,10,F,P,bleue,-8.834129,bleu,-9.041538,1
152,S_NOUN_7_ADJ_b,F,S,la gemme avec les pommes que j' aime beaucoup n' est pas noire <eos>,12,noire,noir,10,F,P,noire,-7.5702972,noir,-7.982791,1
153,S_NOUN_7_ADJ_b,F,S,la gemme avec les pommes que j' aime beaucoup n' est pas délicate <eos>,12,délicate,délicat,10,F,P,délicate,-11.02385,délicat,-12.563014,1
154,S_NOUN_7_ADJ_b,F,S,la gemme avec les pommes que j' aime beaucoup n' est pas pointue <eos>,12,pointue,pointu,10,F,P,pointue,-11.156096,pointu,-13.432566,1
155,S_NOUN_7_ADJ_b,F,S,la gemme avec les pommes que j' aime beaucoup n' est pas ronde <eos>,12,ronde,rond,10,F,P,ronde,-9.532797,rond,-9.908503,1
156,S_NOUN_7_ADJ_b,F,S,la gemme avec les pommes que j' aime beaucoup n' est pas froide <eos>,12,froide,froid,10,F,P,froide,-9.18775,froid,-12.478796,1
157,S_NOUN_7_ADJ_b,F,S,la gemme avec les pommes que j' aime beaucoup n' est pas chaude <eos>,12,chaude,chaud,10,F,P,chaude,-9.191261,chaud,-12.338879,1
158,S_NOUN_7_ADJ_b,F,S,la gemme avec les pommes que j' aime beaucoup n' est pas importante <eos>,12,importante,important,10,F,P,importante,-8.110971,important,-10.997418,1
159,S_NOUN_7_ADJ_b,F,S,la gemme avec les pommes que j' aime beaucoup n' est pas courte <eos>,12,courte,court,10,F,P,courte,-9.549444,court,-12.114026,1
160,S_NOUN_7_ADJ_b,F,S,la gemme avec les pommes que j' aime beaucoup n' est pas dure <eos>,12,dure,dur,10,F,P,dure,-9.049791,dur,-10.141304,1
161,S_NOUN_7_ADJ_b,F,S,la gemme avec les pommes que j' aime beaucoup n' est pas claire <eos>,12,claire,clair,10,F,P,claire,-4.927518,clair,-7.138132,1
162,S_NOUN_7_ADJ_b,F,S,la gemme avec les pommes que j' aime beaucoup n' est pas intéressante <eos>,12,intéressante,intéressant,10,F,P,intéressante,-9.390759,intéressant,-11.060609,1
163,S_NOUN_7_ADJ_b,F,S,la gemme avec les pommes que j' aime beaucoup n' est pas brillante <eos>,12,brillante,brillant,10,F,P,brillante,-8.009544,brillant,-10.541481,1
164,S_NOUN_7_ADJ_b,F,S,la gemme avec les pommes que j' aime beaucoup n' est pas compliquée <eos>,12,compliquée,compliqué,10,F,P,compliquée,-10.896936,compliqué,-11.339399,1
165,S_NOUN_7_ADJ_b,F,S,la gemme avec les tasses que j' aime beaucoup n' est pas verte <eos>,12,verte,vert,10,F,P,verte,-8.594927,vert,-9.32283,1
166,S_NOUN_7_ADJ_b,F,S,la gemme avec les tasses que j' aime beaucoup n' est pas bleue <eos>,12,bleue,bleu,10,F,P,bleue,-9.634556,bleu,-9.813412,1
167,S_NOUN_7_ADJ_b,F,S,la gemme avec les tasses que j' aime beaucoup n' est pas noire <eos>,12,noire,noir,10,F,P,noire,-8.918846,noir,-9.01021,1
168,S_NOUN_7_ADJ_b,F,S,la gemme avec les tasses que j' aime beaucoup n' est pas délicate <eos>,12,délicate,délicat,10,F,P,délicate,-11.859753,délicat,-12.120847,1
169,S_NOUN_7_ADJ_b,F,S,la gemme avec les tasses que j' aime beaucoup n' est pas pointue <eos>,12,pointue,pointu,10,F,P,pointue,-11.66217,pointu,-12.825853,1
170,S_NOUN_7_ADJ_b,F,S,la gemme avec les tasses que j' aime beaucoup n' est pas ronde <eos>,12,ronde,rond,10,F,P,ronde,-9.142905,rond,-9.167538,1
171,S_NOUN_7_ADJ_b,F,S,la gemme avec les tasses que j' aime beaucoup n' est pas froide <eos>,12,froide,froid,10,F,P,froide,-9.168168,froid,-11.582401,1
172,S_NOUN_7_ADJ_b,F,S,la gemme avec les tasses que j' aime beaucoup n' est pas chaude <eos>,12,chaude,chaud,10,F,P,chaude,-8.542877,chaud,-11.675745,1
173,S_NOUN_7_ADJ_b,F,S,la gemme avec les tasses que j' aime beaucoup n' est pas importante <eos>,12,importante,important,10,F,P,importante,-8.782796,important,-10.694878,1
174,S_NOUN_7_ADJ_b,F,S,la gemme avec les tasses que j' aime beaucoup n' est pas courte <eos>,12,courte,court,10,F,P,courte,-10.385883,court,-12.215086,1
175,S_NOUN_7_ADJ_b,F,S,la gemme avec les tasses que j' aime beaucoup n' est pas dure <eos>,12,dure,dur,10,F,P,dure,-9.622009,dur,-10.908388,1
176,S_NOUN_7_ADJ_b,F,S,la gemme avec les tasses que j' aime beaucoup n' est pas claire <eos>,12,claire,clair,10,F,P,claire,-5.6752543,clair,-7.5385585,1
177,S_NOUN_7_ADJ_b,F,S,la gemme avec les tasses que j' aime beaucoup n' est pas intéressante <eos>,12,intéressante,intéressant,10,F,P,intéressante,-9.409228,intéressant,-10.650686,1
178,S_NOUN_7_ADJ_b,F,S,la gemme avec les tasses que j' aime beaucoup n' est pas brillante <eos>,12,brillante,brillant,10,F,P,brillante,-8.80913,brillant,-10.038294,1
179,S_NOUN_7_ADJ_b,F,S,la gemme avec les tasses que j' aime beaucoup n' est pas compliquée <eos>,12,compliquée,compliqué,10,F,P,compliquée,-11.208244,compliqué,-10.927963,0
180,S_NOUN_7_ADJ_b,F,S,la gemme avec les bougies que j' aime beaucoup n' est pas verte <eos>,12,verte,vert,10,F,P,verte,-8.1231785,vert,-8.894352,1
181,S_NOUN_7_ADJ_b,F,S,la gemme avec les bougies que j' aime beaucoup n' est pas bleue <eos>,12,bleue,bleu,10,F,P,bleue,-9.138569,bleu,-8.766338,0
182,S_NOUN_7_ADJ_b,F,S,la gemme avec les bougies que j' aime beaucoup n' est pas noire <eos>,12,noire,noir,10,F,P,noire,-7.9754124,noir,-7.9955783,1
183,S_NOUN_7_ADJ_b,F,S,la gemme avec les bougies que j' aime beaucoup n' est pas délicate <eos>,12,délicate,délicat,10,F,P,délicate,-11.754214,délicat,-12.584764,1
184,S_NOUN_7_ADJ_b,F,S,la gemme avec les bougies que j' aime beaucoup n' est pas pointue <eos>,12,pointue,pointu,10,F,P,pointue,-12.080534,pointu,-13.1857395,1
185,S_NOUN_7_ADJ_b,F,S,la gemme avec les bougies que j' aime beaucoup n' est pas ronde <eos>,12,ronde,rond,10,F,P,ronde,-9.769023,rond,-9.355967,0
186,S_NOUN_7_ADJ_b,F,S,la gemme avec les bougies que j' aime beaucoup n' est pas froide <eos>,12,froide,froid,10,F,P,froide,-9.757975,froid,-12.16134,1
187,S_NOUN_7_ADJ_b,F,S,la gemme avec les bougies que j' aime beaucoup n' est pas chaude <eos>,12,chaude,chaud,10,F,P,chaude,-9.460617,chaud,-12.307802,1
188,S_NOUN_7_ADJ_b,F,S,la gemme avec les bougies que j' aime beaucoup n' est pas importante <eos>,12,importante,important,10,F,P,importante,-8.769733,important,-10.854302,1
189,S_NOUN_7_ADJ_b,F,S,la gemme avec les bougies que j' aime beaucoup n' est pas courte <eos>,12,courte,court,10,F,P,courte,-10.107279,court,-12.359018,1
190,S_NOUN_7_ADJ_b,F,S,la gemme avec les bougies que j' aime beaucoup n' est pas dure <eos>,12,dure,dur,10,F,P,dure,-9.607187,dur,-10.746633,1
191,S_NOUN_7_ADJ_b,F,S,la gemme avec les bougies que j' aime beaucoup n' est pas claire <eos>,12,claire,clair,10,F,P,claire,-5.4644766,clair,-6.9222736,1
192,S_NOUN_7_ADJ_b,F,S,la gemme avec les bougies que j' aime beaucoup n' est pas intéressante <eos>,12,intéressante,intéressant,10,F,P,intéressante,-10.268631,intéressant,-10.876009,1
193,S_NOUN_7_ADJ_b,F,S,la gemme avec les bougies que j' aime beaucoup n' est pas brillante <eos>,12,brillante,brillant,10,F,P,brillante,-8.475823,brillant,-10.313519,1
194,S_NOUN_7_ADJ_b,F,S,la gemme avec les bougies que j' aime beaucoup n' est pas compliquée <eos>,12,compliquée,compliqué,10,F,P,compliquée,-11.736086,compliqué,-11.333517,0
195,S_NOUN_7_ADJ_b,F,S,la gemme avec les pochettes que j' aime beaucoup n' est pas verte <eos>,12,verte,vert,10,F,P,verte,-8.462241,vert,-9.017044,1
196,S_NOUN_7_ADJ_b,F,S,la gemme avec les pochettes que j' aime beaucoup n' est pas bleue <eos>,12,bleue,bleu,10,F,P,bleue,-8.153151,bleu,-8.898882,1
197,S_NOUN_7_ADJ_b,F,S,la gemme avec les pochettes que j' aime beaucoup n' est pas noire <eos>,12,noire,noir,10,F,P,noire,-7.6701765,noir,-7.4572315,0
198,S_NOUN_7_ADJ_b,F,S,la gemme avec les pochettes que j' aime beaucoup n' est pas délicate <eos>,12,délicate,délicat,10,F,P,délicate,-11.948531,délicat,-13.24673,1
199,S_NOUN_7_ADJ_b,F,S,la gemme avec les pochettes que j' aime beaucoup n' est pas pointue <eos>,12,pointue,pointu,10,F,P,pointue,-12.557928,pointu,-13.32673,1
200,S_NOUN_7_ADJ_b,F,S,la gemme avec les pochettes que j' aime beaucoup n' est pas ronde <eos>,12,ronde,rond,10,F,P,ronde,-10.169335,rond,-9.089974,0
201,S_NOUN_7_ADJ_b,F,S,la gemme avec les pochettes que j' aime beaucoup n' est pas froide <eos>,12,froide,froid,10,F,P,froide,-10.958952,froid,-13.34483,1
202,S_NOUN_7_ADJ_b,F,S,la gemme avec les pochettes que j' aime beaucoup n' est pas chaude <eos>,12,chaude,chaud,10,F,P,chaude,-10.28552,chaud,-13.636089,1
203,S_NOUN_7_ADJ_b,F,S,la gemme avec les pochettes que j' aime beaucoup n' est pas importante <eos>,12,importante,important,10,F,P,importante,-8.3721485,important,-10.467508,1
204,S_NOUN_7_ADJ_b,F,S,la gemme avec les pochettes que j' aime beaucoup n' est pas courte <eos>,12,courte,court,10,F,P,courte,-9.678655,court,-11.81912,1
205,S_NOUN_7_ADJ_b,F,S,la gemme avec les pochettes que j' aime beaucoup n' est pas dure <eos>,12,dure,dur,10,F,P,dure,-8.86034,dur,-9.670617,1
206,S_NOUN_7_ADJ_b,F,S,la gemme avec les pochettes que j' aime beaucoup n' est pas claire <eos>,12,claire,clair,10,F,P,claire,-4.87116,clair,-6.6318593,1
207,S_NOUN_7_ADJ_b,F,S,la gemme avec les pochettes que j' aime beaucoup n' est pas intéressante <eos>,12,intéressante,intéressant,10,F,P,intéressante,-9.009775,intéressant,-10.514513,1
208,S_NOUN_7_ADJ_b,F,S,la gemme avec les pochettes que j' aime beaucoup n' est pas brillante <eos>,12,brillante,brillant,10,F,P,brillante,-8.603731,brillant,-10.657573,1
209,S_NOUN_7_ADJ_b,F,S,la gemme avec les pochettes que j' aime beaucoup n' est pas compliquée <eos>,12,compliquée,compliqué,10,F,P,compliquée,-10.995355,compliqué,-11.230279,1
210,S_NOUN_7_ADJ_b,F,S,la gemme avec les bananes que j' aime beaucoup n' est pas verte <eos>,12,verte,vert,10,F,P,verte,-7.5846543,vert,-8.501827,1
211,S_NOUN_7_ADJ_b,F,S,la gemme avec les bananes que j' aime beaucoup n' est pas bleue <eos>,12,bleue,bleu,10,F,P,bleue,-8.762222,bleu,-8.968695,1
212,S_NOUN_7_ADJ_b,F,S,la gemme avec les bananes que j' aime beaucoup n' est pas noire <eos>,12,noire,noir,10,F,P,noire,-7.5725794,noir,-7.6981297,1
213,S_NOUN_7_ADJ_b,F,S,la gemme avec les bananes que j' aime beaucoup n' est pas délicate <eos>,12,délicate,délicat,10,F,P,délicate,-11.551533,délicat,-12.72187,1
214,S_NOUN_7_ADJ_b,F,S,la gemme avec les bananes que j' aime beaucoup n' est pas pointue <eos>,12,pointue,pointu,10,F,P,pointue,-11.258403,pointu,-12.832086,1
215,S_NOUN_7_ADJ_b,F,S,la gemme avec les bananes que j' aime beaucoup n' est pas ronde <eos>,12,ronde,rond,10,F,P,ronde,-9.388708,rond,-9.437586,1
216,S_NOUN_7_ADJ_b,F,S,la gemme avec les bananes que j' aime beaucoup n' est pas froide <eos>,12,froide,froid,10,F,P,froide,-9.703678,froid,-12.926244,1
217,S_NOUN_7_ADJ_b,F,S,la gemme avec les bananes que j' aime beaucoup n' est pas chaude <eos>,12,chaude,chaud,10,F,P,chaude,-9.632236,chaud,-12.529053,1
218,S_NOUN_7_ADJ_b,F,S,la gemme avec les bananes que j' aime beaucoup n' est pas importante <eos>,12,importante,important,10,F,P,importante,-8.508897,important,-11.014833,1
219,S_NOUN_7_ADJ_b,F,S,la gemme avec les bananes que j' aime beaucoup n' est pas courte <eos>,12,courte,court,10,F,P,courte,-9.673733,court,-12.155337,1
220,S_NOUN_7_ADJ_b,F,S,la gemme avec les bananes que j' aime beaucoup n' est pas dure <eos>,12,dure,dur,10,F,P,dure,-8.778725,dur,-9.736246,1
221,S_NOUN_7_ADJ_b,F,S,la gemme avec les bananes que j' aime beaucoup n' est pas claire <eos>,12,claire,clair,10,F,P,claire,-5.2100167,clair,-6.6576056,1
222,S_NOUN_7_ADJ_b,F,S,la gemme avec les bananes que j' aime beaucoup n' est pas intéressante <eos>,12,intéressante,intéressant,10,F,P,intéressante,-9.624189,intéressant,-11.008188,1
223,S_NOUN_7_ADJ_b,F,S,la gemme avec les bananes que j' aime beaucoup n' est pas brillante <eos>,12,brillante,brillant,10,F,P,brillante,-8.181076,brillant,-10.022244,1
224,S_NOUN_7_ADJ_b,F,S,la gemme avec les bananes que j' aime beaucoup n' est pas compliquée <eos>,12,compliquée,compliqué,10,F,P,compliquée,-10.99935,compliqué,-11.00075,1
225,S_NOUN_7_ADJ_b,F,S,la gemme avec les robes que j' aime beaucoup n' est pas verte <eos>,12,verte,vert,10,F,P,verte,-7.6761303,vert,-8.4487915,1
226,S_NOUN_7_ADJ_b,F,S,la gemme avec les robes que j' aime beaucoup n' est pas bleue <eos>,12,bleue,bleu,10,F,P,bleue,-8.485834,bleu,-8.182941,0
227,S_NOUN_7_ADJ_b,F,S,la gemme avec les robes que j' aime beaucoup n' est pas noire <eos>,12,noire,noir,10,F,P,noire,-7.1154222,noir,-7.045292,0
228,S_NOUN_7_ADJ_b,F,S,la gemme avec les robes que j' aime beaucoup n' est pas délicate <eos>,12,délicate,délicat,10,F,P,délicate,-11.314127,délicat,-12.084999,1
229,S_NOUN_7_ADJ_b,F,S,la gemme avec les robes que j' aime beaucoup n' est pas pointue <eos>,12,pointue,pointu,10,F,P,pointue,-11.801374,pointu,-12.551947,1
230,S_NOUN_7_ADJ_b,F,S,la gemme avec les robes que j' aime beaucoup n' est pas ronde <eos>,12,ronde,rond,10,F,P,ronde,-9.854396,rond,-9.366732,0
231,S_NOUN_7_ADJ_b,F,S,la gemme avec les robes que j' aime beaucoup n' est pas froide <eos>,12,froide,froid,10,F,P,froide,-10.841466,froid,-12.775835,1
232,S_NOUN_7_ADJ_b,F,S,la gemme avec les robes que j' aime beaucoup n' est pas chaude <eos>,12,chaude,chaud,10,F,P,chaude,-10.619144,chaud,-12.741112,1
233,S_NOUN_7_ADJ_b,F,S,la gemme avec les robes que j' aime beaucoup n' est pas importante <eos>,12,importante,important,10,F,P,importante,-8.417828,important,-10.562786,1
234,S_NOUN_7_ADJ_b,F,S,la gemme avec les robes que j' aime beaucoup n' est pas courte <eos>,12,courte,court,10,F,P,courte,-9.835039,court,-12.018014,1
235,S_NOUN_7_ADJ_b,F,S,la gemme avec les robes que j' aime beaucoup n' est pas dure <eos>,12,dure,dur,10,F,P,dure,-9.886593,dur,-10.963806,1
236,S_NOUN_7_ADJ_b,F,S,la gemme avec les robes que j' aime beaucoup n' est pas claire <eos>,12,claire,clair,10,F,P,claire,-4.518516,clair,-6.2141223,1
237,S_NOUN_7_ADJ_b,F,S,la gemme avec les robes que j' aime beaucoup n' est pas intéressante <eos>,12,intéressante,intéressant,10,F,P,intéressante,-10.243484,intéressant,-10.702775,1
238,S_NOUN_7_ADJ_b,F,S,la gemme avec les robes que j' aime beaucoup n' est pas brillante <eos>,12,brillante,brillant,10,F,P,brillante,-8.083198,brillant,-9.5908375,1
239,S_NOUN_7_ADJ_b,F,S,la gemme avec les robes que j' aime beaucoup n' est pas compliquée <eos>,12,compliquée,compliqué,10,F,P,compliquée,-11.34482,compliqué,-11.480562,1
240,S_NOUN_7_ADJ_b,F,S,la gemme avec les valises que j' aime beaucoup n' est pas verte <eos>,12,verte,vert,10,F,P,verte,-8.227299,vert,-9.629372,1
241,S_NOUN_7_ADJ_b,F,S,la gemme avec les valises que j' aime beaucoup n' est pas bleue <eos>,12,bleue,bleu,10,F,P,bleue,-8.605244,bleu,-9.546469,1
242,S_NOUN_7_ADJ_b,F,S,la gemme avec les valises que j' aime beaucoup n' est pas noire <eos>,12,noire,noir,10,F,P,noire,-8.00145,noir,-8.272459,1
243,S_NOUN_7_ADJ_b,F,S,la gemme avec les valises que j' aime beaucoup n' est pas délicate <eos>,12,délicate,délicat,10,F,P,délicate,-11.7211075,délicat,-13.397254,1
244,S_NOUN_7_ADJ_b,F,S,la gemme avec les valises que j' aime beaucoup n' est pas pointue <eos>,12,pointue,pointu,10,F,P,pointue,-11.4309635,pointu,-13.322561,1
245,S_NOUN_7_ADJ_b,F,S,la gemme avec les valises que j' aime beaucoup n' est pas ronde <eos>,12,ronde,rond,10,F,P,ronde,-9.737183,rond,-9.655711,0
246,S_NOUN_7_ADJ_b,F,S,la gemme avec les valises que j' aime beaucoup n' est pas froide <eos>,12,froide,froid,10,F,P,froide,-10.238743,froid,-12.839746,1
247,S_NOUN_7_ADJ_b,F,S,la gemme avec les valises que j' aime beaucoup n' est pas chaude <eos>,12,chaude,chaud,10,F,P,chaude,-9.37676,chaud,-12.576902,1
248,S_NOUN_7_ADJ_b,F,S,la gemme avec les valises que j' aime beaucoup n' est pas importante <eos>,12,importante,important,10,F,P,importante,-8.218403,important,-10.932751,1
249,S_NOUN_7_ADJ_b,F,S,la gemme avec les valises que j' aime beaucoup n' est pas courte <eos>,12,courte,court,10,F,P,courte,-10.052912,court,-12.412127,1
250,S_NOUN_7_ADJ_b,F,S,la gemme avec les valises que j' aime beaucoup n' est pas dure <eos>,12,dure,dur,10,F,P,dure,-9.358177,dur,-11.1649,1
251,S_NOUN_7_ADJ_b,F,S,la gemme avec les valises que j' aime beaucoup n' est pas claire <eos>,12,claire,clair,10,F,P,claire,-5.3294716,clair,-7.4620934,1
252,S_NOUN_7_ADJ_b,F,S,la gemme avec les valises que j' aime beaucoup n' est pas intéressante <eos>,12,intéressante,intéressant,10,F,P,intéressante,-9.2390785,intéressant,-10.78122,1
253,S_NOUN_7_ADJ_b,F,S,la gemme avec les valises que j' aime beaucoup n' est pas brillante <eos>,12,brillante,brillant,10,F,P,brillante,-8.150694,brillant,-10.367559,1
254,S_NOUN_7_ADJ_b,F,S,la gemme avec les valises que j' aime beaucoup n' est pas compliquée <eos>,12,compliquée,compliqué,10,F,P,compliquée,-10.64819,compliqué,-11.351927,1
255,S_NOUN_7_ADJ_b,F,S,la gemme avec les pendules que j' aime beaucoup n' est pas verte <eos>,12,verte,vert,10,F,P,verte,-9.043095,vert,-9.98887,1
256,S_NOUN_7_ADJ_b,F,S,la gemme avec les pendules que j' aime beaucoup n' est pas bleue <eos>,12,bleue,bleu,10,F,P,bleue,-9.659691,bleu,-9.610846,0
257,S_NOUN_7_ADJ_b,F,S,la gemme avec les pendules que j' aime beaucoup n' est pas noire <eos>,12,noire,noir,10,F,P,noire,-8.267739,noir,-8.044413,0
258,S_NOUN_7_ADJ_b,F,S,la gemme avec les pendules que j' aime beaucoup n' est pas délicate <eos>,12,délicate,délicat,10,F,P,délicate,-11.732596,délicat,-12.367762,1
259,S_NOUN_7_ADJ_b,F,S,la gemme avec les pendules que j' aime beaucoup n' est pas pointue <eos>,12,pointue,pointu,10,F,P,pointue,-13.169206,pointu,-13.591878,1
260,S_NOUN_7_ADJ_b,F,S,la gemme avec les pendules que j' aime beaucoup n' est pas ronde <eos>,12,ronde,rond,10,F,P,ronde,-10.826751,rond,-9.8484125,0
261,S_NOUN_7_ADJ_b,F,S,la gemme avec les pendules que j' aime beaucoup n' est pas froide <eos>,12,froide,froid,10,F,P,froide,-9.506817,froid,-12.111107,1
262,S_NOUN_7_ADJ_b,F,S,la gemme avec les pendules que j' aime beaucoup n' est pas chaude <eos>,12,chaude,chaud,10,F,P,chaude,-9.081009,chaud,-12.348949,1
263,S_NOUN_7_ADJ_b,F,S,la gemme avec les pendules que j' aime beaucoup n' est pas importante <eos>,12,importante,important,10,F,P,importante,-8.550246,important,-10.311452,1
264,S_NOUN_7_ADJ_b,F,S,la gemme avec les pendules que j' aime beaucoup n' est pas courte <eos>,12,courte,court,10,F,P,courte,-10.715094,court,-12.643679,1
265,S_NOUN_7_ADJ_b,F,S,la gemme avec les pendules que j' aime beaucoup n' est pas dure <eos>,12,dure,dur,10,F,P,dure,-9.82448,dur,-11.197461,1
266,S_NOUN_7_ADJ_b,F,S,la gemme avec les pendules que j' aime beaucoup n' est pas claire <eos>,12,claire,clair,10,F,P,claire,-5.736355,clair,-7.617943,1
267,S_NOUN_7_ADJ_b,F,S,la gemme avec les pendules que j' aime beaucoup n' est pas intéressante <eos>,12,intéressante,intéressant,10,F,P,intéressante,-9.803299,intéressant,-10.2852,1
268,S_NOUN_7_ADJ_b,F,S,la gemme avec les pendules que j' aime beaucoup n' est pas brillante <eos>,12,brillante,brillant,10,F,P,brillante,-8.486205,brillant,-10.337265,1
269,S_NOUN_7_ADJ_b,F,S,la gemme avec les pendules que j' aime beaucoup n' est pas compliquée <eos>,12,compliquée,compliqué,10,F,P,compliquée,-11.268435,compliqué,-10.936367,0
270,S_NOUN_7_ADJ_b,F,S,la gemme avec les cloches que j' aime beaucoup n' est pas verte <eos>,12,verte,vert,10,F,P,verte,-8.772267,vert,-9.42743,1
271,S_NOUN_7_ADJ_b,F,S,la gemme avec les cloches que j' aime beaucoup n' est pas bleue <eos>,12,bleue,bleu,10,F,P,bleue,-9.744277,bleu,-9.3922,0
272,S_NOUN_7_ADJ_b,F,S,la gemme avec les cloches que j' aime beaucoup n' est pas noire <eos>,12,noire,noir,10,F,P,noire,-8.335949,noir,-8.297657,0
273,S_NOUN_7_ADJ_b,F,S,la gemme avec les cloches que j' aime beaucoup n' est pas délicate <eos>,12,délicate,délicat,10,F,P,délicate,-11.714567,délicat,-12.325583,1
274,S_NOUN_7_ADJ_b,F,S,la gemme avec les cloches que j' aime beaucoup n' est pas pointue <eos>,12,pointue,pointu,10,F,P,pointue,-11.51543,pointu,-12.866344,1
275,S_NOUN_7_ADJ_b,F,S,la gemme avec les cloches que j' aime beaucoup n' est pas ronde <eos>,12,ronde,rond,10,F,P,ronde,-10.036727,rond,-9.470589,0
276,S_NOUN_7_ADJ_b,F,S,la gemme avec les cloches que j' aime beaucoup n' est pas froide <eos>,12,froide,froid,10,F,P,froide,-10.631056,froid,-12.76652,1
277,S_NOUN_7_ADJ_b,F,S,la gemme avec les cloches que j' aime beaucoup n' est pas chaude <eos>,12,chaude,chaud,10,F,P,chaude,-10.049218,chaud,-12.854969,1
278,S_NOUN_7_ADJ_b,F,S,la gemme avec les cloches que j' aime beaucoup n' est pas importante <eos>,12,importante,important,10,F,P,importante,-8.421151,important,-10.570768,1
279,S_NOUN_7_ADJ_b,F,S,la gemme avec les cloches que j' aime beaucoup n' est pas courte <eos>,12,courte,court,10,F,P,courte,-9.992225,court,-12.044571,1
280,S_NOUN_7_ADJ_b,F,S,la gemme avec les cloches que j' aime beaucoup n' est pas dure <eos>,12,dure,dur,10,F,P,dure,-9.949082,dur,-10.983136,1
281,S_NOUN_7_ADJ_b,F,S,la gemme avec les cloches que j' aime beaucoup n' est pas claire <eos>,12,claire,clair,10,F,P,claire,-5.684248,clair,-7.0587835,1
282,S_NOUN_7_ADJ_b,F,S,la gemme avec les cloches que j' aime beaucoup n' est pas intéressante <eos>,12,intéressante,intéressant,10,F,P,intéressante,-9.560942,intéressant,-10.108646,1
283,S_NOUN_7_ADJ_b,F,S,la gemme avec les cloches que j' aime beaucoup n' est pas brillante <eos>,12,brillante,brillant,10,F,P,brillante,-8.551718,brillant,-10.503599,1
284,S_NOUN_7_ADJ_b,F,S,la gemme avec les cloches que j' aime beaucoup n' est pas compliquée <eos>,12,compliquée,compliqué,10,F,P,compliquée,-11.390537,compliqué,-11.092768,0
285,S_NOUN_7_ADJ_b,F,S,la gemme avec les cerises que j' aime beaucoup n' est pas verte <eos>,12,verte,vert,10,F,P,verte,-7.9882193,vert,-8.492519,1
286,S_NOUN_7_ADJ_b,F,S,la gemme avec les cerises que j' aime beaucoup n' est pas bleue <eos>,12,bleue,bleu,10,F,P,bleue,-9.182091,bleu,-8.748375,0
287,S_NOUN_7_ADJ_b,F,S,la gemme avec les cerises que j' aime beaucoup n' est pas noire <eos>,12,noire,noir,10,F,P,noire,-8.011552,noir,-7.6683354,0
288,S_NOUN_7_ADJ_b,F,S,la gemme avec les cerises que j' aime beaucoup n' est pas délicate <eos>,12,délicate,délicat,10,F,P,délicate,-11.647237,délicat,-12.318042,1
289,S_NOUN_7_ADJ_b,F,S,la gemme avec les cerises que j' aime beaucoup n' est pas pointue <eos>,12,pointue,pointu,10,F,P,pointue,-12.00934,pointu,-12.852858,1
290,S_NOUN_7_ADJ_b,F,S,la gemme avec les cerises que j' aime beaucoup n' est pas ronde <eos>,12,ronde,rond,10,F,P,ronde,-9.858966,rond,-9.166025,0
291,S_NOUN_7_ADJ_b,F,S,la gemme avec les cerises que j' aime beaucoup n' est pas froide <eos>,12,froide,froid,10,F,P,froide,-9.883065,froid,-12.019874,1
292,S_NOUN_7_ADJ_b,F,S,la gemme avec les cerises que j' aime beaucoup n' est pas chaude <eos>,12,chaude,chaud,10,F,P,chaude,-10.0846615,chaud,-12.342237,1
293,S_NOUN_7_ADJ_b,F,S,la gemme avec les cerises que j' aime beaucoup n' est pas importante <eos>,12,importante,important,10,F,P,importante,-8.794288,important,-10.661996,1
294,S_NOUN_7_ADJ_b,F,S,la gemme avec les cerises que j' aime beaucoup n' est pas courte <eos>,12,courte,court,10,F,P,courte,-10.193384,court,-12.056106,1
295,S_NOUN_7_ADJ_b,F,S,la gemme avec les cerises que j' aime beaucoup n' est pas dure <eos>,12,dure,dur,10,F,P,dure,-9.773744,dur,-10.435376,1
296,S_NOUN_7_ADJ_b,F,S,la gemme avec les cerises que j' aime beaucoup n' est pas claire <eos>,12,claire,clair,10,F,P,claire,-5.198027,clair,-6.859181,1
297,S_NOUN_7_ADJ_b,F,S,la gemme avec les cerises que j' aime beaucoup n' est pas intéressante <eos>,12,intéressante,intéressant,10,F,P,intéressante,-9.770867,intéressant,-10.571426,1
298,S_NOUN_7_ADJ_b,F,S,la gemme avec les cerises que j' aime beaucoup n' est pas brillante <eos>,12,brillante,brillant,10,F,P,brillante,-8.507646,brillant,-10.019183,1
299,S_NOUN_7_ADJ_b,F,S,la gemme avec les cerises que j' aime beaucoup n' est pas compliquée <eos>,12,compliquée,compliqué,10,F,P,compliquée,-11.508596,compliqué,-11.276929,0
300,S_NOUN_7_ADJ_b,F,S,la chaise avec les gemmes que j' aime beaucoup n' est pas verte <eos>,12,verte,vert,10,F,P,verte,-8.279867,vert,-9.258791,1
301,S_NOUN_7_ADJ_b,F,S,la chaise avec les gemmes que j' aime beaucoup n' est pas bleue <eos>,12,bleue,bleu,10,F,P,bleue,-8.381552,bleu,-8.764061,1
302,S_NOUN_7_ADJ_b,F,S,la chaise avec les gemmes que j' aime beaucoup n' est pas noire <eos>,12,noire,noir,10,F,P,noire,-7.695509,noir,-7.844963,1
303,S_NOUN_7_ADJ_b,F,S,la chaise avec les gemmes que j' aime beaucoup n' est pas délicate <eos>,12,délicate,délicat,10,F,P,délicate,-11.124767,délicat,-12.77537,1
304,S_NOUN_7_ADJ_b,F,S,la chaise avec les gemmes que j' aime beaucoup n' est pas pointue <eos>,12,pointue,pointu,10,F,P,pointue,-12.080968,pointu,-13.18954,1
305,S_NOUN_7_ADJ_b,F,S,la chaise avec les gemmes que j' aime beaucoup n' est pas ronde <eos>,12,ronde,rond,10,F,P,ronde,-9.755104,rond,-9.411367,0
306,S_NOUN_7_ADJ_b,F,S,la chaise avec les gemmes que j' aime beaucoup n' est pas froide <eos>,12,froide,froid,10,F,P,froide,-9.444924,froid,-12.917467,1
307,S_NOUN_7_ADJ_b,F,S,la chaise avec les gemmes que j' aime beaucoup n' est pas chaude <eos>,12,chaude,chaud,10,F,P,chaude,-9.205574,chaud,-12.784775,1
308,S_NOUN_7_ADJ_b,F,S,la chaise avec les gemmes que j' aime beaucoup n' est pas importante <eos>,12,importante,important,10,F,P,importante,-8.33626,important,-11.011723,1
309,S_NOUN_7_ADJ_b,F,S,la chaise avec les gemmes que j' aime beaucoup n' est pas courte <eos>,12,courte,court,10,F,P,courte,-10.150358,court,-12.499098,1
310,S_NOUN_7_ADJ_b,F,S,la chaise avec les gemmes que j' aime beaucoup n' est pas dure <eos>,12,dure,dur,10,F,P,dure,-9.882982,dur,-10.520201,1
311,S_NOUN_7_ADJ_b,F,S,la chaise avec les gemmes que j' aime beaucoup n' est pas claire <eos>,12,claire,clair,10,F,P,claire,-5.3015003,clair,-7.12916,1
312,S_NOUN_7_ADJ_b,F,S,la chaise avec les gemmes que j' aime beaucoup n' est pas intéressante <eos>,12,intéressante,intéressant,10,F,P,intéressante,-9.160282,intéressant,-10.6307955,1
313,S_NOUN_7_ADJ_b,F,S,la chaise avec les gemmes que j' aime beaucoup n' est pas brillante <eos>,12,brillante,brillant,10,F,P,brillante,-7.4272785,brillant,-10.31273,1
314,S_NOUN_7_ADJ_b,F,S,la chaise avec les gemmes que j' aime beaucoup n' est pas compliquée <eos>,12,compliquée,compliqué,10,F,P,compliquée,-10.842737,compliqué,-11.469038,1
315,S_NOUN_7_ADJ_b,F,S,la chaise avec les chaises que j' aime beaucoup n' est pas verte <eos>,12,verte,vert,10,F,P,verte,-9.754706,vert,-10.68505,1
316,S_NOUN_7_ADJ_b,F,S,la chaise avec les chaises que j' aime beaucoup n' est pas bleue <eos>,12,bleue,bleu,10,F,P,bleue,-9.809217,bleu,-10.255058,1
317,S_NOUN_7_ADJ_b,F,S,la chaise avec les chaises que j' aime beaucoup n' est pas noire <eos>,12,noire,noir,10,F,P,noire,-8.962183,noir,-9.053885,1
318,S_NOUN_7_ADJ_b,F,S,la chaise avec les chaises que j' aime beaucoup n' est pas délicate <eos>,12,délicate,délicat,10,F,P,délicate,-11.18357,délicat,-12.203149,1
319,S_NOUN_7_ADJ_b,F,S,la chaise avec les chaises que j' aime beaucoup n' est pas pointue <eos>,12,pointue,pointu,10,F,P,pointue,-11.932203,pointu,-13.317738,1
320,S_NOUN_7_ADJ_b,F,S,la chaise avec les chaises que j' aime beaucoup n' est pas ronde <eos>,12,ronde,rond,10,F,P,ronde,-9.569638,rond,-8.938985,0
321,S_NOUN_7_ADJ_b,F,S,la chaise avec les chaises que j' aime beaucoup n' est pas froide <eos>,12,froide,froid,10,F,P,froide,-10.853487,froid,-13.410004,1
322,S_NOUN_7_ADJ_b,F,S,la chaise avec les chaises que j' aime beaucoup n' est pas chaude <eos>,12,chaude,chaud,10,F,P,chaude,-9.597125,chaud,-13.142132,1
323,S_NOUN_7_ADJ_b,F,S,la chaise avec les chaises que j' aime beaucoup n' est pas importante <eos>,12,importante,important,10,F,P,importante,-8.214172,important,-10.646681,1
324,S_NOUN_7_ADJ_b,F,S,la chaise avec les chaises que j' aime beaucoup n' est pas courte <eos>,12,courte,court,10,F,P,courte,-10.212479,court,-11.920177,1
325,S_NOUN_7_ADJ_b,F,S,la chaise avec les chaises que j' aime beaucoup n' est pas dure <eos>,12,dure,dur,10,F,P,dure,-9.698825,dur,-11.318543,1
326,S_NOUN_7_ADJ_b,F,S,la chaise avec les chaises que j' aime beaucoup n' est pas claire <eos>,12,claire,clair,10,F,P,claire,-5.420727,clair,-7.9427366,1
327,S_NOUN_7_ADJ_b,F,S,la chaise avec les chaises que j' aime beaucoup n' est pas intéressante <eos>,12,intéressante,intéressant,10,F,P,intéressante,-9.272406,intéressant,-10.702819,1
328,S_NOUN_7_ADJ_b,F,S,la chaise avec les chaises que j' aime beaucoup n' est pas brillante <eos>,12,brillante,brillant,10,F,P,brillante,-8.995058,brillant,-11.687052,1
329,S_NOUN_7_ADJ_b,F,S,la chaise avec les chaises que j' aime beaucoup n' est pas compliquée <eos>,12,compliquée,compliqué,10,F,P,compliquée,-10.440495,compliqué,-11.671886,1
330,S_NOUN_7_ADJ_b,F,S,la chaise avec les poubelles que j' aime beaucoup n' est pas verte <eos>,12,verte,vert,10,F,P,verte,-8.936813,vert,-10.319336,1
331,S_NOUN_7_ADJ_b,F,S,la chaise avec les poubelles que j' aime beaucoup n' est pas bleue <eos>,12,bleue,bleu,10,F,P,bleue,-9.765369,bleu,-10.600932,1
332,S_NOUN_7_ADJ_b,F,S,la chaise avec les poubelles que j' aime beaucoup n' est pas noire <eos>,12,noire,noir,10,F,P,noire,-8.817067,noir,-8.890659,1
333,S_NOUN_7_ADJ_b,F,S,la chaise avec les poubelles que j' aime beaucoup n' est pas délicate <eos>,12,délicate,délicat,10,F,P,délicate,-11.403886,délicat,-12.442362,1
334,S_NOUN_7_ADJ_b,F,S,la chaise avec les poubelles que j' aime beaucoup n' est pas pointue <eos>,12,pointue,pointu,10,F,P,pointue,-12.129605,pointu,-13.23459,1
335,S_NOUN_7_ADJ_b,F,S,la chaise avec les poubelles que j' aime beaucoup n' est pas ronde <eos>,12,ronde,rond,10,F,P,ronde,-10.386188,rond,-9.611853,0
336,S_NOUN_7_ADJ_b,F,S,la chaise avec les poubelles que j' aime beaucoup n' est pas froide <eos>,12,froide,froid,10,F,P,froide,-10.384088,froid,-12.82484,1
337,S_NOUN_7_ADJ_b,F,S,la chaise avec les poubelles que j' aime beaucoup n' est pas chaude <eos>,12,chaude,chaud,10,F,P,chaude,-9.723763,chaud,-13.106674,1
338,S_NOUN_7_ADJ_b,F,S,la chaise avec les poubelles que j' aime beaucoup n' est pas importante <eos>,12,importante,important,10,F,P,importante,-8.450569,important,-10.565891,1
339,S_NOUN_7_ADJ_b,F,S,la chaise avec les poubelles que j' aime beaucoup n' est pas courte <eos>,12,courte,court,10,F,P,courte,-10.429727,court,-12.017627,1
340,S_NOUN_7_ADJ_b,F,S,la chaise avec les poubelles que j' aime beaucoup n' est pas dure <eos>,12,dure,dur,10,F,P,dure,-9.710182,dur,-10.652527,1
341,S_NOUN_7_ADJ_b,F,S,la chaise avec les poubelles que j' aime beaucoup n' est pas claire <eos>,12,claire,clair,10,F,P,claire,-5.689691,clair,-8.115025,1
342,S_NOUN_7_ADJ_b,F,S,la chaise avec les poubelles que j' aime beaucoup n' est pas intéressante <eos>,12,intéressante,intéressant,10,F,P,intéressante,-9.449012,intéressant,-10.321389,1
343,S_NOUN_7_ADJ_b,F,S,la chaise avec les poubelles que j' aime beaucoup n' est pas brillante <eos>,12,brillante,brillant,10,F,P,brillante,-9.571182,brillant,-11.8320055,1
344,S_NOUN_7_ADJ_b,F,S,la chaise avec les poubelles que j' aime beaucoup n' est pas compliquée <eos>,12,compliquée,compliqué,10,F,P,compliquée,-10.578979,compliqué,-11.397949,1
345,S_NOUN_7_ADJ_b,F,S,la chaise avec les chemises que j' aime beaucoup n' est pas verte <eos>,12,verte,vert,10,F,P,verte,-9.086098,vert,-9.768614,1
346,S_NOUN_7_ADJ_b,F,S,la chaise avec les chemises que j' aime beaucoup n' est pas bleue <eos>,12,bleue,bleu,10,F,P,bleue,-9.047465,bleu,-9.443322,1
347,S_NOUN_7_ADJ_b,F,S,la chaise avec les chemises que j' aime beaucoup n' est pas noire <eos>,12,noire,noir,10,F,P,noire,-8.240034,noir,-7.9463687,0
348,S_NOUN_7_ADJ_b,F,S,la chaise avec les chemises que j' aime beaucoup n' est pas délicate <eos>,12,délicate,délicat,10,F,P,délicate,-11.240589,délicat,-12.213149,1
349,S_NOUN_7_ADJ_b,F,S,la chaise avec les chemises que j' aime beaucoup n' est pas pointue <eos>,12,pointue,pointu,10,F,P,pointue,-11.600981,pointu,-13.0215645,1
350,S_NOUN_7_ADJ_b,F,S,la chaise avec les chemises que j' aime beaucoup n' est pas ronde <eos>,12,ronde,rond,10,F,P,ronde,-9.957762,rond,-9.036171,0
351,S_NOUN_7_ADJ_b,F,S,la chaise avec les chemises que j' aime beaucoup n' est pas froide <eos>,12,froide,froid,10,F,P,froide,-10.582558,froid,-12.806351,1
352,S_NOUN_7_ADJ_b,F,S,la chaise avec les chemises que j' aime beaucoup n' est pas chaude <eos>,12,chaude,chaud,10,F,P,chaude,-10.0063305,chaud,-12.660936,1
353,S_NOUN_7_ADJ_b,F,S,la chaise avec les chemises que j' aime beaucoup n' est pas importante <eos>,12,importante,important,10,F,P,importante,-8.30637,important,-10.645607,1
354,S_NOUN_7_ADJ_b,F,S,la chaise avec les chemises que j' aime beaucoup n' est pas courte <eos>,12,courte,court,10,F,P,courte,-9.801732,court,-11.461049,1
355,S_NOUN_7_ADJ_b,F,S,la chaise avec les chemises que j' aime beaucoup n' est pas dure <eos>,12,dure,dur,10,F,P,dure,-9.279945,dur,-10.53772,1
356,S_NOUN_7_ADJ_b,F,S,la chaise avec les chemises que j' aime beaucoup n' est pas claire <eos>,12,claire,clair,10,F,P,claire,-5.1363907,clair,-7.405097,1
357,S_NOUN_7_ADJ_b,F,S,la chaise avec les chemises que j' aime beaucoup n' est pas intéressante <eos>,12,intéressante,intéressant,10,F,P,intéressante,-9.751141,intéressant,-10.658353,1
358,S_NOUN_7_ADJ_b,F,S,la chaise avec les chemises que j' aime beaucoup n' est pas brillante <eos>,12,brillante,brillant,10,F,P,brillante,-8.186487,brillant,-10.491789,1
359,S_NOUN_7_ADJ_b,F,S,la chaise avec les chemises que j' aime beaucoup n' est pas compliquée <eos>,12,compliquée,compliqué,10,F,P,compliquée,-10.632266,compliqué,-11.769048,1
360,S_NOUN_7_ADJ_b,F,S,la chaise avec les recettes que j' aime beaucoup n' est pas verte <eos>,12,verte,vert,10,F,P,verte,-9.70745,vert,-10.85058,1
361,S_NOUN_7_ADJ_b,F,S,la chaise avec les recettes que j' aime beaucoup n' est pas bleue <eos>,12,bleue,bleu,10,F,P,bleue,-10.3853,bleu,-11.028851,1
362,S_NOUN_7_ADJ_b,F,S,la chaise avec les recettes que j' aime beaucoup n' est pas noire <eos>,12,noire,noir,10,F,P,noire,-8.905248,noir,-9.001823,1
363,S_NOUN_7_ADJ_b,F,S,la chaise avec les recettes que j' aime beaucoup n' est pas délicate <eos>,12,délicate,délicat,10,F,P,délicate,-11.323017,délicat,-12.127174,1
364,S_NOUN_7_ADJ_b,F,S,la chaise avec les recettes que j' aime beaucoup n' est pas pointue <eos>,12,pointue,pointu,10,F,P,pointue,-12.8156805,pointu,-13.754133,1
365,S_NOUN_7_ADJ_b,F,S,la chaise avec les recettes que j' aime beaucoup n' est pas ronde <eos>,12,ronde,rond,10,F,P,ronde,-10.114304,rond,-9.745439,0
366,S_NOUN_7_ADJ_b,F,S,la chaise avec les recettes que j' aime beaucoup n' est pas froide <eos>,12,froide,froid,10,F,P,froide,-9.93486,froid,-12.593061,1
367,S_NOUN_7_ADJ_b,F,S,la chaise avec les recettes que j' aime beaucoup n' est pas chaude <eos>,12,chaude,chaud,10,F,P,chaude,-9.394348,chaud,-12.955729,1
368,S_NOUN_7_ADJ_b,F,S,la chaise avec les recettes que j' aime beaucoup n' est pas importante <eos>,12,importante,important,10,F,P,importante,-7.609589,important,-10.109533,1
369,S_NOUN_7_ADJ_b,F,S,la chaise avec les recettes que j' aime beaucoup n' est pas courte <eos>,12,courte,court,10,F,P,courte,-10.074898,court,-11.550177,1
370,S_NOUN_7_ADJ_b,F,S,la chaise avec les recettes que j' aime beaucoup n' est pas dure <eos>,12,dure,dur,10,F,P,dure,-9.649355,dur,-11.139688,1
371,S_NOUN_7_ADJ_b,F,S,la chaise avec les recettes que j' aime beaucoup n' est pas claire <eos>,12,claire,clair,10,F,P,claire,-5.668602,clair,-8.066119,1
372,S_NOUN_7_ADJ_b,F,S,la chaise avec les recettes que j' aime beaucoup n' est pas intéressante <eos>,12,intéressante,intéressant,10,F,P,intéressante,-8.714814,intéressant,-10.456772,1
373,S_NOUN_7_ADJ_b,F,S,la chaise avec les recettes que j' aime beaucoup n' est pas brillante <eos>,12,brillante,brillant,10,F,P,brillante,-9.235035,brillant,-11.7525625,1
374,S_NOUN_7_ADJ_b,F,S,la chaise avec les recettes que j' aime beaucoup n' est pas compliquée <eos>,12,compliquée,compliqué,10,F,P,compliquée,-10.871956,compliqué,-11.485476,1
375,S_NOUN_7_ADJ_b,F,S,la chaise avec les jupes que j' aime beaucoup n' est pas verte <eos>,12,verte,vert,10,F,P,verte,-9.372166,vert,-10.185697,1
376,S_NOUN_7_ADJ_b,F,S,la chaise avec les jupes que j' aime beaucoup n' est pas bleue <eos>,12,bleue,bleu,10,F,P,bleue,-9.344351,bleu,-9.789131,1
377,S_NOUN_7_ADJ_b,F,S,la chaise avec les jupes que j' aime beaucoup n' est pas noire <eos>,12,noire,noir,10,F,P,noire,-8.416172,noir,-8.367261,0
378,S_NOUN_7_ADJ_b,F,S,la chaise avec les jupes que j' aime beaucoup n' est pas délicate <eos>,12,délicate,délicat,10,F,P,délicate,-10.892057,délicat,-11.970903,1
379,S_NOUN_7_ADJ_b,F,S,la chaise avec les jupes que j' aime beaucoup n' est pas pointue <eos>,12,pointue,pointu,10,F,P,pointue,-11.408057,pointu,-12.799631,1
380,S_NOUN_7_ADJ_b,F,S,la chaise avec les jupes que j' aime beaucoup n' est pas ronde <eos>,12,ronde,rond,10,F,P,ronde,-9.898878,rond,-8.814875,0
381,S_NOUN_7_ADJ_b,F,S,la chaise avec les jupes que j' aime beaucoup n' est pas froide <eos>,12,froide,froid,10,F,P,froide,-11.039712,froid,-13.047717,1
382,S_NOUN_7_ADJ_b,F,S,la chaise avec les jupes que j' aime beaucoup n' est pas chaude <eos>,12,chaude,chaud,10,F,P,chaude,-10.48558,chaud,-12.838186,1
383,S_NOUN_7_ADJ_b,F,S,la chaise avec les jupes que j' aime beaucoup n' est pas importante <eos>,12,importante,important,10,F,P,importante,-8.330511,important,-10.8539095,1
384,S_NOUN_7_ADJ_b,F,S,la chaise avec les jupes que j' aime beaucoup n' est pas courte <eos>,12,courte,court,10,F,P,courte,-9.408504,court,-11.11084,1
385,S_NOUN_7_ADJ_b,F,S,la chaise avec les jupes que j' aime beaucoup n' est pas dure <eos>,12,dure,dur,10,F,P,dure,-9.25363,dur,-10.981861,1
386,S_NOUN_7_ADJ_b,F,S,la chaise avec les jupes que j' aime beaucoup n' est pas claire <eos>,12,claire,clair,10,F,P,claire,-5.1000586,clair,-7.552764,1
387,S_NOUN_7_ADJ_b,F,S,la chaise avec les jupes que j' aime beaucoup n' est pas intéressante <eos>,12,intéressante,intéressant,10,F,P,intéressante,-9.611543,intéressant,-10.572743,1
388,S_NOUN_7_ADJ_b,F,S,la chaise avec les jupes que j' aime beaucoup n' est pas brillante <eos>,12,brillante,brillant,10,F,P,brillante,-8.319861,brillant,-10.534636,1
389,S_NOUN_7_ADJ_b,F,S,la chaise avec les jupes que j' aime beaucoup n' est pas compliquée <eos>,12,compliquée,compliqué,10,F,P,compliquée,-10.05793,compliqué,-11.572704,1
390,S_NOUN_7_ADJ_b,F,S,la chaise avec les colles que j' aime beaucoup n' est pas verte <eos>,12,verte,vert,10,F,P,verte,-9.454488,vert,-10.479713,1
391,S_NOUN_7_ADJ_b,F,S,la chaise avec les colles que j' aime beaucoup n' est pas bleue <eos>,12,bleue,bleu,10,F,P,bleue,-9.788853,bleu,-10.108586,1
392,S_NOUN_7_ADJ_b,F,S,la chaise avec les colles que j' aime beaucoup n' est pas noire <eos>,12,noire,noir,10,F,P,noire,-8.580859,noir,-8.751399,1
393,S_NOUN_7_ADJ_b,F,S,la chaise avec les colles que j' aime beaucoup n' est pas délicate <eos>,12,délicate,délicat,10,F,P,délicate,-10.643246,délicat,-12.093468,1
394,S_NOUN_7_ADJ_b,F,S,la chaise avec les colles que j' aime beaucoup n' est pas pointue <eos>,12,pointue,pointu,10,F,P,pointue,-12.297327,pointu,-14.068361,1
395,S_NOUN_7_ADJ_b,F,S,la chaise avec les colles que j' aime beaucoup n' est pas ronde <eos>,12,ronde,rond,10,F,P,ronde,-10.123199,rond,-9.9106865,0
396,S_NOUN_7_ADJ_b,F,S,la chaise avec les colles que j' aime beaucoup n' est pas froide <eos>,12,froide,froid,10,F,P,froide,-10.163168,froid,-12.95529,1
397,S_NOUN_7_ADJ_b,F,S,la chaise avec les colles que j' aime beaucoup n' est pas chaude <eos>,12,chaude,chaud,10,F,P,chaude,-9.543502,chaud,-12.639047,1
398,S_NOUN_7_ADJ_b,F,S,la chaise avec les colles que j' aime beaucoup n' est pas importante <eos>,12,importante,important,10,F,P,importante,-8.094439,important,-10.6091385,1
399,S_NOUN_7_ADJ_b,F,S,la chaise avec les colles que j' aime beaucoup n' est pas courte <eos>,12,courte,court,10,F,P,courte,-10.420713,court,-12.552943,1
400,S_NOUN_7_ADJ_b,F,S,la chaise avec les colles que j' aime beaucoup n' est pas dure <eos>,12,dure,dur,10,F,P,dure,-9.641389,dur,-11.154472,1
401,S_NOUN_7_ADJ_b,F,S,la chaise avec les colles que j' aime beaucoup n' est pas claire <eos>,12,claire,clair,10,F,P,claire,-5.289968,clair,-7.9118056,1
402,S_NOUN_7_ADJ_b,F,S,la chaise avec les colles que j' aime beaucoup n' est pas intéressante <eos>,12,intéressante,intéressant,10,F,P,intéressante,-9.16718,intéressant,-10.462662,1
403,S_NOUN_7_ADJ_b,F,S,la chaise avec les colles que j' aime beaucoup n' est pas brillante <eos>,12,brillante,brillant,10,F,P,brillante,-8.336508,brillant,-10.79097,1
404,S_NOUN_7_ADJ_b,F,S,la chaise avec les colles que j' aime beaucoup n' est pas compliquée <eos>,12,compliquée,compliqué,10,F,P,compliquée,-10.210656,compliqué,-11.610255,1
405,S_NOUN_7_ADJ_b,F,S,la chaise avec les lampes que j' aime beaucoup n' est pas verte <eos>,12,verte,vert,10,F,P,verte,-8.834165,vert,-10.2031975,1
406,S_NOUN_7_ADJ_b,F,S,la chaise avec les lampes que j' aime beaucoup n' est pas bleue <eos>,12,bleue,bleu,10,F,P,bleue,-9.19205,bleu,-9.605675,1
407,S_NOUN_7_ADJ_b,F,S,la chaise avec les lampes que j' aime beaucoup n' est pas noire <eos>,12,noire,noir,10,F,P,noire,-8.468679,noir,-8.486287,1
408,S_NOUN_7_ADJ_b,F,S,la chaise avec les lampes que j' aime beaucoup n' est pas délicate <eos>,12,délicate,délicat,10,F,P,délicate,-11.203527,délicat,-12.508678,1
409,S_NOUN_7_ADJ_b,F,S,la chaise avec les lampes que j' aime beaucoup n' est pas pointue <eos>,12,pointue,pointu,10,F,P,pointue,-12.788884,pointu,-13.724196,1
410,S_NOUN_7_ADJ_b,F,S,la chaise avec les lampes que j' aime beaucoup n' est pas ronde <eos>,12,ronde,rond,10,F,P,ronde,-10.542862,rond,-9.400727,0
411,S_NOUN_7_ADJ_b,F,S,la chaise avec les lampes que j' aime beaucoup n' est pas froide <eos>,12,froide,froid,10,F,P,froide,-9.045359,froid,-12.408058,1
412,S_NOUN_7_ADJ_b,F,S,la chaise avec les lampes que j' aime beaucoup n' est pas chaude <eos>,12,chaude,chaud,10,F,P,chaude,-8.486468,chaud,-12.453485,1
413,S_NOUN_7_ADJ_b,F,S,la chaise avec les lampes que j' aime beaucoup n' est pas importante <eos>,12,importante,important,10,F,P,importante,-8.284685,important,-10.739431,1
414,S_NOUN_7_ADJ_b,F,S,la chaise avec les lampes que j' aime beaucoup n' est pas courte <eos>,12,courte,court,10,F,P,courte,-10.683159,court,-12.647879,1
415,S_NOUN_7_ADJ_b,F,S,la chaise avec les lampes que j' aime beaucoup n' est pas dure <eos>,12,dure,dur,10,F,P,dure,-9.938396,dur,-11.550222,1
416,S_NOUN_7_ADJ_b,F,S,la chaise avec les lampes que j' aime beaucoup n' est pas claire <eos>,12,claire,clair,10,F,P,claire,-5.777153,clair,-7.9399815,1
417,S_NOUN_7_ADJ_b,F,S,la chaise avec les lampes que j' aime beaucoup n' est pas intéressante <eos>,12,intéressante,intéressant,10,F,P,intéressante,-9.219338,intéressant,-10.495446,1
418,S_NOUN_7_ADJ_b,F,S,la chaise avec les lampes que j' aime beaucoup n' est pas brillante <eos>,12,brillante,brillant,10,F,P,brillante,-8.386461,brillant,-11.261967,1
419,S_NOUN_7_ADJ_b,F,S,la chaise avec les lampes que j' aime beaucoup n' est pas compliquée <eos>,12,compliquée,compliqué,10,F,P,compliquée,-10.853048,compliqué,-11.86933,1
420,S_NOUN_7_ADJ_b,F,S,la chaise avec les bouteilles que j' aime beaucoup n' est pas verte <eos>,12,verte,vert,10,F,P,verte,-9.353655,vert,-10.275559,1
421,S_NOUN_7_ADJ_b,F,S,la chaise avec les bouteilles que j' aime beaucoup n' est pas bleue <eos>,12,bleue,bleu,10,F,P,bleue,-9.559477,bleu,-10.3720665,1
422,S_NOUN_7_ADJ_b,F,S,la chaise avec les bouteilles que j' aime beaucoup n' est pas noire <eos>,12,noire,noir,10,F,P,noire,-9.151008,noir,-9.079935,0
423,S_NOUN_7_ADJ_b,F,S,la chaise avec les bouteilles que j' aime beaucoup n' est pas délicate <eos>,12,délicate,délicat,10,F,P,délicate,-11.576792,délicat,-12.275376,1
424,S_NOUN_7_ADJ_b,F,S,la chaise avec les bouteilles que j' aime beaucoup n' est pas pointue <eos>,12,pointue,pointu,10,F,P,pointue,-12.94989,pointu,-14.078788,1
425,S_NOUN_7_ADJ_b,F,S,la chaise avec les bouteilles que j' aime beaucoup n' est pas ronde <eos>,12,ronde,rond,10,F,P,ronde,-10.320721,rond,-9.241278,0
426,S_NOUN_7_ADJ_b,F,S,la chaise avec les bouteilles que j' aime beaucoup n' est pas froide <eos>,12,froide,froid,10,F,P,froide,-9.463187,froid,-11.892303,1
427,S_NOUN_7_ADJ_b,F,S,la chaise avec les bouteilles que j' aime beaucoup n' est pas chaude <eos>,12,chaude,chaud,10,F,P,chaude,-8.783016,chaud,-11.90897,1
428,S_NOUN_7_ADJ_b,F,S,la chaise avec les bouteilles que j' aime beaucoup n' est pas importante <eos>,12,importante,important,10,F,P,importante,-8.479231,important,-10.360658,1
429,S_NOUN_7_ADJ_b,F,S,la chaise avec les bouteilles que j' aime beaucoup n' est pas courte <eos>,12,courte,court,10,F,P,courte,-10.843779,court,-11.991484,1
430,S_NOUN_7_ADJ_b,F,S,la chaise avec les bouteilles que j' aime beaucoup n' est pas dure <eos>,12,dure,dur,10,F,P,dure,-9.44862,dur,-10.7378845,1
431,S_NOUN_7_ADJ_b,F,S,la chaise avec les bouteilles que j' aime beaucoup n' est pas claire <eos>,12,claire,clair,10,F,P,claire,-5.535219,clair,-8.028855,1
432,S_NOUN_7_ADJ_b,F,S,la chaise avec les bouteilles que j' aime beaucoup n' est pas intéressante <eos>,12,intéressante,intéressant,10,F,P,intéressante,-8.924046,intéressant,-10.399306,1
433,S_NOUN_7_ADJ_b,F,S,la chaise avec les bouteilles que j' aime beaucoup n' est pas brillante <eos>,12,brillante,brillant,10,F,P,brillante,-9.557026,brillant,-11.764626,1
434,S_NOUN_7_ADJ_b,F,S,la chaise avec les bouteilles que j' aime beaucoup n' est pas compliquée <eos>,12,compliquée,compliqué,10,F,P,compliquée,-10.530943,compliqué,-11.453737,1
435,S_NOUN_7_ADJ_b,F,S,la chaise avec les boissons que j' aime beaucoup n' est pas verte <eos>,12,verte,vert,10,F,P,verte,-9.581456,vert,-10.616424,1
436,S_NOUN_7_ADJ_b,F,S,la chaise avec les boissons que j' aime beaucoup n' est pas bleue <eos>,12,bleue,bleu,10,F,P,bleue,-9.974366,bleu,-10.571992,1
437,S_NOUN_7_ADJ_b,F,S,la chaise avec les boissons que j' aime beaucoup n' est pas noire <eos>,12,noire,noir,10,F,P,noire,-8.888337,noir,-8.904815,1
438,S_NOUN_7_ADJ_b,F,S,la chaise avec les boissons que j' aime beaucoup n' est pas délicate <eos>,12,délicate,délicat,10,F,P,délicate,-11.070648,délicat,-12.1255665,1
439,S_NOUN_7_ADJ_b,F,S,la chaise avec les boissons que j' aime beaucoup n' est pas pointue <eos>,12,pointue,pointu,10,F,P,pointue,-13.115299,pointu,-14.61389,1
440,S_NOUN_7_ADJ_b,F,S,la chaise avec les boissons que j' aime beaucoup n' est pas ronde <eos>,12,ronde,rond,10,F,P,ronde,-9.6096115,rond,-9.957524,1
441,S_NOUN_7_ADJ_b,F,S,la chaise avec les boissons que j' aime beaucoup n' est pas froide <eos>,12,froide,froid,10,F,P,froide,-9.31764,froid,-12.356459,1
442,S_NOUN_7_ADJ_b,F,S,la chaise avec les boissons que j' aime beaucoup n' est pas chaude <eos>,12,chaude,chaud,10,F,P,chaude,-8.699043,chaud,-12.239013,1
443,S_NOUN_7_ADJ_b,F,S,la chaise avec les boissons que j' aime beaucoup n' est pas importante <eos>,12,importante,important,10,F,P,importante,-8.092709,important,-10.699067,1
444,S_NOUN_7_ADJ_b,F,S,la chaise avec les boissons que j' aime beaucoup n' est pas courte <eos>,12,courte,court,10,F,P,courte,-10.430909,court,-12.483664,1
445,S_NOUN_7_ADJ_b,F,S,la chaise avec les boissons que j' aime beaucoup n' est pas dure <eos>,12,dure,dur,10,F,P,dure,-9.433879,dur,-11.133721,1
446,S_NOUN_7_ADJ_b,F,S,la chaise avec les boissons que j' aime beaucoup n' est pas claire <eos>,12,claire,clair,10,F,P,claire,-5.4528456,clair,-7.9926267,1
447,S_NOUN_7_ADJ_b,F,S,la chaise avec les boissons que j' aime beaucoup n' est pas intéressante <eos>,12,intéressante,intéressant,10,F,P,intéressante,-9.007912,intéressant,-10.884508,1
448,S_NOUN_7_ADJ_b,F,S,la chaise avec les boissons que j' aime beaucoup n' est pas brillante <eos>,12,brillante,brillant,10,F,P,brillante,-9.129457,brillant,-11.987055,1
449,S_NOUN_7_ADJ_b,F,S,la chaise avec les boissons que j' aime beaucoup n' est pas compliquée <eos>,12,compliquée,compliqué,10,F,P,compliquée,-10.655742,compliqué,-11.889412,1
450,S_NOUN_7_ADJ_b,F,S,la chaise avec les pommes que j' aime beaucoup n' est pas verte <eos>,12,verte,vert,10,F,P,verte,-8.97521,vert,-9.91922,1
451,S_NOUN_7_ADJ_b,F,S,la chaise avec les pommes que j' aime beaucoup n' est pas bleue <eos>,12,bleue,bleu,10,F,P,bleue,-9.36196,bleu,-9.808529,1
452,S_NOUN_7_ADJ_b,F,S,la chaise avec les pommes que j' aime beaucoup n' est pas noire <eos>,12,noire,noir,10,F,P,noire,-8.269133,noir,-8.458319,1
453,S_NOUN_7_ADJ_b,F,S,la chaise avec les pommes que j' aime beaucoup n' est pas délicate <eos>,12,délicate,délicat,10,F,P,délicate,-10.469079,délicat,-12.013727,1
454,S_NOUN_7_ADJ_b,F,S,la chaise avec les pommes que j' aime beaucoup n' est pas pointue <eos>,12,pointue,pointu,10,F,P,pointue,-11.711958,pointu,-13.453122,1
455,S_NOUN_7_ADJ_b,F,S,la chaise avec les pommes que j' aime beaucoup n' est pas ronde <eos>,12,ronde,rond,10,F,P,ronde,-9.390112,rond,-9.210911,0
456,S_NOUN_7_ADJ_b,F,S,la chaise avec les pommes que j' aime beaucoup n' est pas froide <eos>,12,froide,froid,10,F,P,froide,-9.129653,froid,-12.637835,1
457,S_NOUN_7_ADJ_b,F,S,la chaise avec les pommes que j' aime beaucoup n' est pas chaude <eos>,12,chaude,chaud,10,F,P,chaude,-8.79384,chaud,-12.326897,1
458,S_NOUN_7_ADJ_b,F,S,la chaise avec les pommes que j' aime beaucoup n' est pas importante <eos>,12,importante,important,10,F,P,importante,-8.113993,important,-11.015205,1
459,S_NOUN_7_ADJ_b,F,S,la chaise avec les pommes que j' aime beaucoup n' est pas courte <eos>,12,courte,court,10,F,P,courte,-9.779954,court,-11.772416,1
460,S_NOUN_7_ADJ_b,F,S,la chaise avec les pommes que j' aime beaucoup n' est pas dure <eos>,12,dure,dur,10,F,P,dure,-9.046205,dur,-10.467939,1
461,S_NOUN_7_ADJ_b,F,S,la chaise avec les pommes que j' aime beaucoup n' est pas claire <eos>,12,claire,clair,10,F,P,claire,-5.089305,clair,-7.7225637,1
462,S_NOUN_7_ADJ_b,F,S,la chaise avec les pommes que j' aime beaucoup n' est pas intéressante <eos>,12,intéressante,intéressant,10,F,P,intéressante,-8.983671,intéressant,-10.903753,1
463,S_NOUN_7_ADJ_b,F,S,la chaise avec les pommes que j' aime beaucoup n' est pas brillante <eos>,12,brillante,brillant,10,F,P,brillante,-8.276625,brillant,-11.411579,1
464,S_NOUN_7_ADJ_b,F,S,la chaise avec les pommes que j' aime beaucoup n' est pas compliquée <eos>,12,compliquée,compliqué,10,F,P,compliquée,-10.379997,compliqué,-11.517822,1
465,S_NOUN_7_ADJ_b,F,S,la chaise avec les tasses que j' aime beaucoup n' est pas verte <eos>,12,verte,vert,10,F,P,verte,-9.4345665,vert,-10.428839,1
466,S_NOUN_7_ADJ_b,F,S,la chaise avec les tasses que j' aime beaucoup n' est pas bleue <eos>,12,bleue,bleu,10,F,P,bleue,-9.956598,bleu,-10.555723,1
467,S_NOUN_7_ADJ_b,F,S,la chaise avec les tasses que j' aime beaucoup n' est pas noire <eos>,12,noire,noir,10,F,P,noire,-9.128372,noir,-9.627863,1
468,S_NOUN_7_ADJ_b,F,S,la chaise avec les tasses que j' aime beaucoup n' est pas délicate <eos>,12,délicate,délicat,10,F,P,délicate,-10.858093,délicat,-11.642557,1
469,S_NOUN_7_ADJ_b,F,S,la chaise avec les tasses que j' aime beaucoup n' est pas pointue <eos>,12,pointue,pointu,10,F,P,pointue,-11.532509,pointu,-13.259577,1
470,S_NOUN_7_ADJ_b,F,S,la chaise avec les tasses que j' aime beaucoup n' est pas ronde <eos>,12,ronde,rond,10,F,P,ronde,-9.245875,rond,-9.222691,0
471,S_NOUN_7_ADJ_b,F,S,la chaise avec les tasses que j' aime beaucoup n' est pas froide <eos>,12,froide,froid,10,F,P,froide,-9.563231,froid,-12.127117,1
472,S_NOUN_7_ADJ_b,F,S,la chaise avec les tasses que j' aime beaucoup n' est pas chaude <eos>,12,chaude,chaud,10,F,P,chaude,-8.366583,chaud,-11.540857,1
473,S_NOUN_7_ADJ_b,F,S,la chaise avec les tasses que j' aime beaucoup n' est pas importante <eos>,12,importante,important,10,F,P,importante,-8.182164,important,-10.709161,1
474,S_NOUN_7_ADJ_b,F,S,la chaise avec les tasses que j' aime beaucoup n' est pas courte <eos>,12,courte,court,10,F,P,courte,-10.299535,court,-12.227666,1
475,S_NOUN_7_ADJ_b,F,S,la chaise avec les tasses que j' aime beaucoup n' est pas dure <eos>,12,dure,dur,10,F,P,dure,-9.468867,dur,-11.083424,1
476,S_NOUN_7_ADJ_b,F,S,la chaise avec les tasses que j' aime beaucoup n' est pas claire <eos>,12,claire,clair,10,F,P,claire,-5.622135,clair,-8.198604,1
477,S_NOUN_7_ADJ_b,F,S,la chaise avec les tasses que j' aime beaucoup n' est pas intéressante <eos>,12,intéressante,intéressant,10,F,P,intéressante,-8.838939,intéressant,-10.455295,1
478,S_NOUN_7_ADJ_b,F,S,la chaise avec les tasses que j' aime beaucoup n' est pas brillante <eos>,12,brillante,brillant,10,F,P,brillante,-8.923595,brillant,-10.843399,1
479,S_NOUN_7_ADJ_b,F,S,la chaise avec les tasses que j' aime beaucoup n' est pas compliquée <eos>,12,compliquée,compliqué,10,F,P,compliquée,-10.372763,compliqué,-11.277012,1
480,S_NOUN_7_ADJ_b,F,S,la chaise avec les bougies que j' aime beaucoup n' est pas verte <eos>,12,verte,vert,10,F,P,verte,-9.10813,vert,-10.111626,1
481,S_NOUN_7_ADJ_b,F,S,la chaise avec les bougies que j' aime beaucoup n' est pas bleue <eos>,12,bleue,bleu,10,F,P,bleue,-9.615145,bleu,-9.617301,1
482,S_NOUN_7_ADJ_b,F,S,la chaise avec les bougies que j' aime beaucoup n' est pas noire <eos>,12,noire,noir,10,F,P,noire,-8.3888035,noir,-8.576642,1
483,S_NOUN_7_ADJ_b,F,S,la chaise avec les bougies que j' aime beaucoup n' est pas délicate <eos>,12,délicate,délicat,10,F,P,délicate,-10.957542,délicat,-12.17955,1
484,S_NOUN_7_ADJ_b,F,S,la chaise avec les bougies que j' aime beaucoup n' est pas pointue <eos>,12,pointue,pointu,10,F,P,pointue,-11.994192,pointu,-13.403466,1
485,S_NOUN_7_ADJ_b,F,S,la chaise avec les bougies que j' aime beaucoup n' est pas ronde <eos>,12,ronde,rond,10,F,P,ronde,-9.548944,rond,-8.909741,0
486,S_NOUN_7_ADJ_b,F,S,la chaise avec les bougies que j' aime beaucoup n' est pas froide <eos>,12,froide,froid,10,F,P,froide,-9.668216,froid,-12.502475,1
487,S_NOUN_7_ADJ_b,F,S,la chaise avec les bougies que j' aime beaucoup n' est pas chaude <eos>,12,chaude,chaud,10,F,P,chaude,-9.07029,chaud,-12.403489,1
488,S_NOUN_7_ADJ_b,F,S,la chaise avec les bougies que j' aime beaucoup n' est pas importante <eos>,12,importante,important,10,F,P,importante,-8.470056,important,-10.938021,1
489,S_NOUN_7_ADJ_b,F,S,la chaise avec les bougies que j' aime beaucoup n' est pas courte <eos>,12,courte,court,10,F,P,courte,-10.156731,court,-12.192259,1
490,S_NOUN_7_ADJ_b,F,S,la chaise avec les bougies que j' aime beaucoup n' est pas dure <eos>,12,dure,dur,10,F,P,dure,-9.606534,dur,-10.990665,1
491,S_NOUN_7_ADJ_b,F,S,la chaise avec les bougies que j' aime beaucoup n' est pas claire <eos>,12,claire,clair,10,F,P,claire,-5.597876,clair,-7.719583,1
492,S_NOUN_7_ADJ_b,F,S,la chaise avec les bougies que j' aime beaucoup n' est pas intéressante <eos>,12,intéressante,intéressant,10,F,P,intéressante,-9.862154,intéressant,-10.932746,1
493,S_NOUN_7_ADJ_b,F,S,la chaise avec les bougies que j' aime beaucoup n' est pas brillante <eos>,12,brillante,brillant,10,F,P,brillante,-8.747661,brillant,-11.225988,1
494,S_NOUN_7_ADJ_b,F,S,la chaise avec les bougies que j' aime beaucoup n' est pas compliquée <eos>,12,compliquée,compliqué,10,F,P,compliquée,-11.064208,compliqué,-11.671756,1
495,S_NOUN_7_ADJ_b,F,S,la chaise avec les pochettes que j' aime beaucoup n' est pas verte <eos>,12,verte,vert,10,F,P,verte,-9.692206,vert,-10.453291,1
496,S_NOUN_7_ADJ_b,F,S,la chaise avec les pochettes que j' aime beaucoup n' est pas bleue <eos>,12,bleue,bleu,10,F,P,bleue,-8.948167,bleu,-10.048685,1
497,S_NOUN_7_ADJ_b,F,S,la chaise avec les pochettes que j' aime beaucoup n' est pas noire <eos>,12,noire,noir,10,F,P,noire,-8.49847,noir,-8.375236,0
498,S_NOUN_7_ADJ_b,F,S,la chaise avec les pochettes que j' aime beaucoup n' est pas délicate <eos>,12,délicate,délicat,10,F,P,délicate,-12.162322,délicat,-13.489751,1
499,S_NOUN_7_ADJ_b,F,S,la chaise avec les pochettes que j' aime beaucoup n' est pas pointue <eos>,12,pointue,pointu,10,F,P,pointue,-12.6699705,pointu,-13.890021,1
500,S_NOUN_7_ADJ_b,F,S,la chaise avec les pochettes que j' aime beaucoup n' est pas ronde <eos>,12,ronde,rond,10,F,P,ronde,-10.14033,rond,-9.542395,0
501,S_NOUN_7_ADJ_b,F,S,la chaise avec les pochettes que j' aime beaucoup n' est pas froide <eos>,12,froide,froid,10,F,P,froide,-11.208643,froid,-13.790343,1
502,S_NOUN_7_ADJ_b,F,S,la chaise avec les pochettes que j' aime beaucoup n' est pas chaude <eos>,12,chaude,chaud,10,F,P,chaude,-10.0698185,chaud,-13.932996,1
503,S_NOUN_7_ADJ_b,F,S,la chaise avec les pochettes que j' aime beaucoup n' est pas importante <eos>,12,importante,important,10,F,P,importante,-7.8291864,important,-10.493159,1
504,S_NOUN_7_ADJ_b,F,S,la chaise avec les pochettes que j' aime beaucoup n' est pas courte <eos>,12,courte,court,10,F,P,courte,-9.645918,court,-11.786472,1
505,S_NOUN_7_ADJ_b,F,S,la chaise avec les pochettes que j' aime beaucoup n' est pas dure <eos>,12,dure,dur,10,F,P,dure,-8.748045,dur,-10.045532,1
506,S_NOUN_7_ADJ_b,F,S,la chaise avec les pochettes que j' aime beaucoup n' est pas claire <eos>,12,claire,clair,10,F,P,claire,-5.268856,clair,-7.58055,1
507,S_NOUN_7_ADJ_b,F,S,la chaise avec les pochettes que j' aime beaucoup n' est pas intéressante <eos>,12,intéressante,intéressant,10,F,P,intéressante,-8.520071,intéressant,-10.561121,1
508,S_NOUN_7_ADJ_b,F,S,la chaise avec les pochettes que j' aime beaucoup n' est pas brillante <eos>,12,brillante,brillant,10,F,P,brillante,-8.939436,brillant,-12.150845,1
509,S_NOUN_7_ADJ_b,F,S,la chaise avec les pochettes que j' aime beaucoup n' est pas compliquée <eos>,12,compliquée,compliqué,10,F,P,compliquée,-10.702519,compliqué,-12.063739,1
510,S_NOUN_7_ADJ_b,F,S,la chaise avec les bananes que j' aime beaucoup n' est pas verte <eos>,12,verte,vert,10,F,P,verte,-8.645467,vert,-9.817037,1
511,S_NOUN_7_ADJ_b,F,S,la chaise avec les bananes que j' aime beaucoup n' est pas bleue <eos>,12,bleue,bleu,10,F,P,bleue,-9.159391,bleu,-9.856394,1
512,S_NOUN_7_ADJ_b,F,S,la chaise avec les bananes que j' aime beaucoup n' est pas noire <eos>,12,noire,noir,10,F,P,noire,-8.093898,noir,-8.412605,1
513,S_NOUN_7_ADJ_b,F,S,la chaise avec les bananes que j' aime beaucoup n' est pas délicate <eos>,12,délicate,délicat,10,F,P,délicate,-11.19356,délicat,-12.496433,1
514,S_NOUN_7_ADJ_b,F,S,la chaise avec les bananes que j' aime beaucoup n' est pas pointue <eos>,12,pointue,pointu,10,F,P,pointue,-11.557934,pointu,-12.866613,1
515,S_NOUN_7_ADJ_b,F,S,la chaise avec les bananes que j' aime beaucoup n' est pas ronde <eos>,12,ronde,rond,10,F,P,ronde,-9.132837,rond,-9.063412,0
516,S_NOUN_7_ADJ_b,F,S,la chaise avec les bananes que j' aime beaucoup n' est pas froide <eos>,12,froide,froid,10,F,P,froide,-9.561064,froid,-13.251934,1
517,S_NOUN_7_ADJ_b,F,S,la chaise avec les bananes que j' aime beaucoup n' est pas chaude <eos>,12,chaude,chaud,10,F,P,chaude,-8.925005,chaud,-12.779104,1
518,S_NOUN_7_ADJ_b,F,S,la chaise avec les bananes que j' aime beaucoup n' est pas importante <eos>,12,importante,important,10,F,P,importante,-8.2537565,important,-11.044793,1
519,S_NOUN_7_ADJ_b,F,S,la chaise avec les bananes que j' aime beaucoup n' est pas courte <eos>,12,courte,court,10,F,P,courte,-9.597002,court,-11.8483,1
520,S_NOUN_7_ADJ_b,F,S,la chaise avec les bananes que j' aime beaucoup n' est pas dure <eos>,12,dure,dur,10,F,P,dure,-8.715076,dur,-9.92072,1
521,S_NOUN_7_ADJ_b,F,S,la chaise avec les bananes que j' aime beaucoup n' est pas claire <eos>,12,claire,clair,10,F,P,claire,-5.3084574,clair,-7.33346,1
522,S_NOUN_7_ADJ_b,F,S,la chaise avec les bananes que j' aime beaucoup n' est pas intéressante <eos>,12,intéressante,intéressant,10,F,P,intéressante,-8.990873,intéressant,-11.082403,1
523,S_NOUN_7_ADJ_b,F,S,la chaise avec les bananes que j' aime beaucoup n' est pas brillante <eos>,12,brillante,brillant,10,F,P,brillante,-8.311495,brillant,-11.034273,1
524,S_NOUN_7_ADJ_b,F,S,la chaise avec les bananes que j' aime beaucoup n' est pas compliquée <eos>,12,compliquée,compliqué,10,F,P,compliquée,-10.431167,compliqué,-11.451781,1
525,S_NOUN_7_ADJ_b,F,S,la chaise avec les robes que j' aime beaucoup n' est pas verte <eos>,12,verte,vert,10,F,P,verte,-9.002841,vert,-9.846405,1
526,S_NOUN_7_ADJ_b,F,S,la chaise avec les robes que j' aime beaucoup n' est pas bleue <eos>,12,bleue,bleu,10,F,P,bleue,-8.901783,bleu,-9.317373,1
527,S_NOUN_7_ADJ_b,F,S,la chaise avec les robes que j' aime beaucoup n' est pas noire <eos>,12,noire,noir,10,F,P,noire,-7.865817,noir,-7.9716835,1
528,S_NOUN_7_ADJ_b,F,S,la chaise avec les robes que j' aime beaucoup n' est pas délicate <eos>,12,délicate,délicat,10,F,P,délicate,-10.779129,délicat,-11.88475,1
529,S_NOUN_7_ADJ_b,F,S,la chaise avec les robes que j' aime beaucoup n' est pas pointue <eos>,12,pointue,pointu,10,F,P,pointue,-12.049792,pointu,-13.2592,1
530,S_NOUN_7_ADJ_b,F,S,la chaise avec les robes que j' aime beaucoup n' est pas ronde <eos>,12,ronde,rond,10,F,P,ronde,-9.749741,rond,-9.138781,0
531,S_NOUN_7_ADJ_b,F,S,la chaise avec les robes que j' aime beaucoup n' est pas froide <eos>,12,froide,froid,10,F,P,froide,-10.700093,froid,-13.238628,1
532,S_NOUN_7_ADJ_b,F,S,la chaise avec les robes que j' aime beaucoup n' est pas chaude <eos>,12,chaude,chaud,10,F,P,chaude,-10.312088,chaud,-12.930496,1
533,S_NOUN_7_ADJ_b,F,S,la chaise avec les robes que j' aime beaucoup n' est pas importante <eos>,12,importante,important,10,F,P,importante,-7.963463,important,-10.608887,1
534,S_NOUN_7_ADJ_b,F,S,la chaise avec les robes que j' aime beaucoup n' est pas courte <eos>,12,courte,court,10,F,P,courte,-9.82881,court,-11.8281975,1
535,S_NOUN_7_ADJ_b,F,S,la chaise avec les robes que j' aime beaucoup n' est pas dure <eos>,12,dure,dur,10,F,P,dure,-9.765701,dur,-11.1213455,1
536,S_NOUN_7_ADJ_b,F,S,la chaise avec les robes que j' aime beaucoup n' est pas claire <eos>,12,claire,clair,10,F,P,claire,-4.8245,clair,-7.031996,1
537,S_NOUN_7_ADJ_b,F,S,la chaise avec les robes que j' aime beaucoup n' est pas intéressante <eos>,12,intéressante,intéressant,10,F,P,intéressante,-9.566465,intéressant,-10.793953,1
538,S_NOUN_7_ADJ_b,F,S,la chaise avec les robes que j' aime beaucoup n' est pas brillante <eos>,12,brillante,brillant,10,F,P,brillante,-8.262004,brillant,-10.852494,1
539,S_NOUN_7_ADJ_b,F,S,la chaise avec les robes que j' aime beaucoup n' est pas compliquée <eos>,12,compliquée,compliqué,10,F,P,compliquée,-10.667492,compliqué,-12.053364,1
540,S_NOUN_7_ADJ_b,F,S,la chaise avec les valises que j' aime beaucoup n' est pas verte <eos>,12,verte,vert,10,F,P,verte,-9.679605,vert,-11.021685,1
541,S_NOUN_7_ADJ_b,F,S,la chaise avec les valises que j' aime beaucoup n' est pas bleue <eos>,12,bleue,bleu,10,F,P,bleue,-9.363121,bleu,-10.702791,1
542,S_NOUN_7_ADJ_b,F,S,la chaise avec les valises que j' aime beaucoup n' est pas noire <eos>,12,noire,noir,10,F,P,noire,-8.984517,noir,-9.307375,1
543,S_NOUN_7_ADJ_b,F,S,la chaise avec les valises que j' aime beaucoup n' est pas délicate <eos>,12,délicate,délicat,10,F,P,délicate,-11.235266,délicat,-13.097943,1
544,S_NOUN_7_ADJ_b,F,S,la chaise avec les valises que j' aime beaucoup n' est pas pointue <eos>,12,pointue,pointu,10,F,P,pointue,-12.100926,pointu,-13.895863,1
545,S_NOUN_7_ADJ_b,F,S,la chaise avec les valises que j' aime beaucoup n' est pas ronde <eos>,12,ronde,rond,10,F,P,ronde,-9.885682,rond,-9.341211,0
546,S_NOUN_7_ADJ_b,F,S,la chaise avec les valises que j' aime beaucoup n' est pas froide <eos>,12,froide,froid,10,F,P,froide,-10.27096,froid,-13.242628,1
547,S_NOUN_7_ADJ_b,F,S,la chaise avec les valises que j' aime beaucoup n' est pas chaude <eos>,12,chaude,chaud,10,F,P,chaude,-9.361404,chaud,-12.727394,1
548,S_NOUN_7_ADJ_b,F,S,la chaise avec les valises que j' aime beaucoup n' est pas importante <eos>,12,importante,important,10,F,P,importante,-7.871251,important,-10.631277,1
549,S_NOUN_7_ADJ_b,F,S,la chaise avec les valises que j' aime beaucoup n' est pas courte <eos>,12,courte,court,10,F,P,courte,-10.271352,court,-12.327235,1
550,S_NOUN_7_ADJ_b,F,S,la chaise avec les valises que j' aime beaucoup n' est pas dure <eos>,12,dure,dur,10,F,P,dure,-9.341093,dur,-11.295929,1
551,S_NOUN_7_ADJ_b,F,S,la chaise avec les valises que j' aime beaucoup n' est pas claire <eos>,12,claire,clair,10,F,P,claire,-5.821138,clair,-8.35977,1
552,S_NOUN_7_ADJ_b,F,S,la chaise avec les valises que j' aime beaucoup n' est pas intéressante <eos>,12,intéressante,intéressant,10,F,P,intéressante,-8.605191,intéressant,-10.571989,1
553,S_NOUN_7_ADJ_b,F,S,la chaise avec les valises que j' aime beaucoup n' est pas brillante <eos>,12,brillante,brillant,10,F,P,brillante,-8.672212,brillant,-11.400035,1
554,S_NOUN_7_ADJ_b,F,S,la chaise avec les valises que j' aime beaucoup n' est pas compliquée <eos>,12,compliquée,compliqué,10,F,P,compliquée,-9.874282,compliqué,-11.658577,1
555,S_NOUN_7_ADJ_b,F,S,la chaise avec les pendules que j' aime beaucoup n' est pas verte <eos>,12,verte,vert,10,F,P,verte,-9.709048,vert,-10.711373,1
556,S_NOUN_7_ADJ_b,F,S,la chaise avec les pendules que j' aime beaucoup n' est pas bleue <eos>,12,bleue,bleu,10,F,P,bleue,-9.805302,bleu,-10.188896,1
557,S_NOUN_7_ADJ_b,F,S,la chaise avec les pendules que j' aime beaucoup n' est pas noire <eos>,12,noire,noir,10,F,P,noire,-8.762352,noir,-8.597898,0
558,S_NOUN_7_ADJ_b,F,S,la chaise avec les pendules que j' aime beaucoup n' est pas délicate <eos>,12,délicate,délicat,10,F,P,délicate,-11.041284,délicat,-11.974978,1
559,S_NOUN_7_ADJ_b,F,S,la chaise avec les pendules que j' aime beaucoup n' est pas pointue <eos>,12,pointue,pointu,10,F,P,pointue,-13.070151,pointu,-13.981841,1
560,S_NOUN_7_ADJ_b,F,S,la chaise avec les pendules que j' aime beaucoup n' est pas ronde <eos>,12,ronde,rond,10,F,P,ronde,-10.846431,rond,-9.654669,0
561,S_NOUN_7_ADJ_b,F,S,la chaise avec les pendules que j' aime beaucoup n' est pas froide <eos>,12,froide,froid,10,F,P,froide,-9.66999,froid,-12.357247,1
562,S_NOUN_7_ADJ_b,F,S,la chaise avec les pendules que j' aime beaucoup n' est pas chaude <eos>,12,chaude,chaud,10,F,P,chaude,-8.763157,chaud,-12.27762,1
563,S_NOUN_7_ADJ_b,F,S,la chaise avec les pendules que j' aime beaucoup n' est pas importante <eos>,12,importante,important,10,F,P,importante,-8.227231,important,-10.329765,1
564,S_NOUN_7_ADJ_b,F,S,la chaise avec les pendules que j' aime beaucoup n' est pas courte <eos>,12,courte,court,10,F,P,courte,-10.786396,court,-12.408203,1
565,S_NOUN_7_ADJ_b,F,S,la chaise avec les pendules que j' aime beaucoup n' est pas dure <eos>,12,dure,dur,10,F,P,dure,-9.696048,dur,-11.244635,1
566,S_NOUN_7_ADJ_b,F,S,la chaise avec les pendules que j' aime beaucoup n' est pas claire <eos>,12,claire,clair,10,F,P,claire,-5.6967874,clair,-8.07406,1
567,S_NOUN_7_ADJ_b,F,S,la chaise avec les pendules que j' aime beaucoup n' est pas intéressante <eos>,12,intéressante,intéressant,10,F,P,intéressante,-9.215885,intéressant,-10.217849,1
568,S_NOUN_7_ADJ_b,F,S,la chaise avec les pendules que j' aime beaucoup n' est pas brillante <eos>,12,brillante,brillant,10,F,P,brillante,-8.625345,brillant,-11.169365,1
569,S_NOUN_7_ADJ_b,F,S,la chaise avec les pendules que j' aime beaucoup n' est pas compliquée <eos>,12,compliquée,compliqué,10,F,P,compliquée,-10.435301,compliqué,-11.365459,1
570,S_NOUN_7_ADJ_b,F,S,la chaise avec les cloches que j' aime beaucoup n' est pas verte <eos>,12,verte,vert,10,F,P,verte,-9.9244995,vert,-10.591836,1
571,S_NOUN_7_ADJ_b,F,S,la chaise avec les cloches que j' aime beaucoup n' est pas bleue <eos>,12,bleue,bleu,10,F,P,bleue,-10.210983,bleu,-10.192301,0
572,S_NOUN_7_ADJ_b,F,S,la chaise avec les cloches que j' aime beaucoup n' est pas noire <eos>,12,noire,noir,10,F,P,noire,-8.876177,noir,-8.963362,1
573,S_NOUN_7_ADJ_b,F,S,la chaise avec les cloches que j' aime beaucoup n' est pas délicate <eos>,12,délicate,délicat,10,F,P,délicate,-11.181582,délicat,-12.067107,1
574,S_NOUN_7_ADJ_b,F,S,la chaise avec les cloches que j' aime beaucoup n' est pas pointue <eos>,12,pointue,pointu,10,F,P,pointue,-11.653528,pointu,-13.274907,1
575,S_NOUN_7_ADJ_b,F,S,la chaise avec les cloches que j' aime beaucoup n' est pas ronde <eos>,12,ronde,rond,10,F,P,ronde,-10.00246,rond,-9.284382,0
576,S_NOUN_7_ADJ_b,F,S,la chaise avec les cloches que j' aime beaucoup n' est pas froide <eos>,12,froide,froid,10,F,P,froide,-10.563049,froid,-12.950547,1
577,S_NOUN_7_ADJ_b,F,S,la chaise avec les cloches que j' aime beaucoup n' est pas chaude <eos>,12,chaude,chaud,10,F,P,chaude,-9.80459,chaud,-12.893877,1
578,S_NOUN_7_ADJ_b,F,S,la chaise avec les cloches que j' aime beaucoup n' est pas importante <eos>,12,importante,important,10,F,P,importante,-8.112149,important,-10.565244,1
579,S_NOUN_7_ADJ_b,F,S,la chaise avec les cloches que j' aime beaucoup n' est pas courte <eos>,12,courte,court,10,F,P,courte,-10.088198,court,-11.953654,1
580,S_NOUN_7_ADJ_b,F,S,la chaise avec les cloches que j' aime beaucoup n' est pas dure <eos>,12,dure,dur,10,F,P,dure,-9.84112,dur,-11.143883,1
581,S_NOUN_7_ADJ_b,F,S,la chaise avec les cloches que j' aime beaucoup n' est pas claire <eos>,12,claire,clair,10,F,P,claire,-5.912704,clair,-7.9211206,1
582,S_NOUN_7_ADJ_b,F,S,la chaise avec les cloches que j' aime beaucoup n' est pas intéressante <eos>,12,intéressante,intéressant,10,F,P,intéressante,-9.120264,intéressant,-10.143393,1
583,S_NOUN_7_ADJ_b,F,S,la chaise avec les cloches que j' aime beaucoup n' est pas brillante <eos>,12,brillante,brillant,10,F,P,brillante,-8.711978,brillant,-11.333669,1
584,S_NOUN_7_ADJ_b,F,S,la chaise avec les cloches que j' aime beaucoup n' est pas compliquée <eos>,12,compliquée,compliqué,10,F,P,compliquée,-10.688091,compliqué,-11.482871,1
585,S_NOUN_7_ADJ_b,F,S,la chaise avec les cerises que j' aime beaucoup n' est pas verte <eos>,12,verte,vert,10,F,P,verte,-9.260707,vert,-9.910427,1
586,S_NOUN_7_ADJ_b,F,S,la chaise avec les cerises que j' aime beaucoup n' est pas bleue <eos>,12,bleue,bleu,10,F,P,bleue,-9.553671,bleu,-9.660742,1
587,S_NOUN_7_ADJ_b,F,S,la chaise avec les cerises que j' aime beaucoup n' est pas noire <eos>,12,noire,noir,10,F,P,noire,-8.521429,noir,-8.389166,0
588,S_NOUN_7_ADJ_b,F,S,la chaise avec les cerises que j' aime beaucoup n' est pas délicate <eos>,12,délicate,délicat,10,F,P,délicate,-10.890215,délicat,-11.946629,1
589,S_NOUN_7_ADJ_b,F,S,la chaise avec les cerises que j' aime beaucoup n' est pas pointue <eos>,12,pointue,pointu,10,F,P,pointue,-12.395327,pointu,-13.359648,1
590,S_NOUN_7_ADJ_b,F,S,la chaise avec les cerises que j' aime beaucoup n' est pas ronde <eos>,12,ronde,rond,10,F,P,ronde,-9.731735,rond,-8.708164,0
591,S_NOUN_7_ADJ_b,F,S,la chaise avec les cerises que j' aime beaucoup n' est pas froide <eos>,12,froide,froid,10,F,P,froide,-9.710836,froid,-12.343451,1
592,S_NOUN_7_ADJ_b,F,S,la chaise avec les cerises que j' aime beaucoup n' est pas chaude <eos>,12,chaude,chaud,10,F,P,chaude,-9.620741,chaud,-12.303183,1
593,S_NOUN_7_ADJ_b,F,S,la chaise avec les cerises que j' aime beaucoup n' est pas importante <eos>,12,importante,important,10,F,P,importante,-8.401174,important,-10.68902,1
594,S_NOUN_7_ADJ_b,F,S,la chaise avec les cerises que j' aime beaucoup n' est pas courte <eos>,12,courte,court,10,F,P,courte,-10.190847,court,-11.836081,1
595,S_NOUN_7_ADJ_b,F,S,la chaise avec les cerises que j' aime beaucoup n' est pas dure <eos>,12,dure,dur,10,F,P,dure,-9.709595,dur,-10.946165,1
596,S_NOUN_7_ADJ_b,F,S,la chaise avec les cerises que j' aime beaucoup n' est pas claire <eos>,12,claire,clair,10,F,P,claire,-5.297804,clair,-7.5823603,1
597,S_NOUN_7_ADJ_b,F,S,la chaise avec les cerises que j' aime beaucoup n' est pas intéressante <eos>,12,intéressante,intéressant,10,F,P,intéressante,-9.077546,intéressant,-10.476416,1
598,S_NOUN_7_ADJ_b,F,S,la chaise avec les cerises que j' aime beaucoup n' est pas brillante <eos>,12,brillante,brillant,10,F,P,brillante,-8.663967,brillant,-11.000625,1
599,S_NOUN_7_ADJ_b,F,S,la chaise avec les cerises que j' aime beaucoup n' est pas compliquée <eos>,12,compliquée,compliqué,10,F,P,compliquée,-10.622034,compliqué,-11.452204,1
600,S_NOUN_7_ADJ_b,F,S,la poubelle avec les gemmes que j' aime beaucoup n' est pas verte <eos>,12,verte,vert,10,F,P,verte,-7.8344154,vert,-9.184598,1
601,S_NOUN_7_ADJ_b,F,S,la poubelle avec les gemmes que j' aime beaucoup n' est pas bleue <eos>,12,bleue,bleu,10,F,P,bleue,-8.811957,bleu,-9.342199,1
602,S_NOUN_7_ADJ_b,F,S,la poubelle avec les gemmes que j' aime beaucoup n' est pas noire <eos>,12,noire,noir,10,F,P,noire,-8.078891,noir,-8.192608,1
603,S_NOUN_7_ADJ_b,F,S,la poubelle avec les gemmes que j' aime beaucoup n' est pas délicate <eos>,12,délicate,délicat,10,F,P,délicate,-11.053196,délicat,-12.503097,1
604,S_NOUN_7_ADJ_b,F,S,la poubelle avec les gemmes que j' aime beaucoup n' est pas pointue <eos>,12,pointue,pointu,10,F,P,pointue,-12.234365,pointu,-13.966253,1
605,S_NOUN_7_ADJ_b,F,S,la poubelle avec les gemmes que j' aime beaucoup n' est pas ronde <eos>,12,ronde,rond,10,F,P,ronde,-10.07976,rond,-10.238823,1
606,S_NOUN_7_ADJ_b,F,S,la poubelle avec les gemmes que j' aime beaucoup n' est pas froide <eos>,12,froide,froid,10,F,P,froide,-9.333351,froid,-12.908171,1
607,S_NOUN_7_ADJ_b,F,S,la poubelle avec les gemmes que j' aime beaucoup n' est pas chaude <eos>,12,chaude,chaud,10,F,P,chaude,-9.339407,chaud,-13.025958,1
608,S_NOUN_7_ADJ_b,F,S,la poubelle avec les gemmes que j' aime beaucoup n' est pas importante <eos>,12,importante,important,10,F,P,importante,-8.148202,important,-10.761108,1
609,S_NOUN_7_ADJ_b,F,S,la poubelle avec les gemmes que j' aime beaucoup n' est pas courte <eos>,12,courte,court,10,F,P,courte,-10.236278,court,-12.935287,1
610,S_NOUN_7_ADJ_b,F,S,la poubelle avec les gemmes que j' aime beaucoup n' est pas dure <eos>,12,dure,dur,10,F,P,dure,-9.39262,dur,-10.1453495,1
611,S_NOUN_7_ADJ_b,F,S,la poubelle avec les gemmes que j' aime beaucoup n' est pas claire <eos>,12,claire,clair,10,F,P,claire,-5.3924074,clair,-7.258445,1
612,S_NOUN_7_ADJ_b,F,S,la poubelle avec les gemmes que j' aime beaucoup n' est pas intéressante <eos>,12,intéressante,intéressant,10,F,P,intéressante,-8.684381,intéressant,-10.422416,1
613,S_NOUN_7_ADJ_b,F,S,la poubelle avec les gemmes que j' aime beaucoup n' est pas brillante <eos>,12,brillante,brillant,10,F,P,brillante,-7.8607492,brillant,-10.766827,1
614,S_NOUN_7_ADJ_b,F,S,la poubelle avec les gemmes que j' aime beaucoup n' est pas compliquée <eos>,12,compliquée,compliqué,10,F,P,compliquée,-10.721701,compliqué,-11.007023,1
615,S_NOUN_7_ADJ_b,F,S,la poubelle avec les chaises que j' aime beaucoup n' est pas verte <eos>,12,verte,vert,10,F,P,verte,-9.1291065,vert,-10.459147,1
616,S_NOUN_7_ADJ_b,F,S,la poubelle avec les chaises que j' aime beaucoup n' est pas bleue <eos>,12,bleue,bleu,10,F,P,bleue,-9.841768,bleu,-10.618156,1
617,S_NOUN_7_ADJ_b,F,S,la poubelle avec les chaises que j' aime beaucoup n' est pas noire <eos>,12,noire,noir,10,F,P,noire,-9.161867,noir,-9.268457,1
618,S_NOUN_7_ADJ_b,F,S,la poubelle avec les chaises que j' aime beaucoup n' est pas délicate <eos>,12,délicate,délicat,10,F,P,délicate,-11.020487,délicat,-12.082208,1
619,S_NOUN_7_ADJ_b,F,S,la poubelle avec les chaises que j' aime beaucoup n' est pas pointue <eos>,12,pointue,pointu,10,F,P,pointue,-12.392731,pointu,-14.331471,1
620,S_NOUN_7_ADJ_b,F,S,la poubelle avec les chaises que j' aime beaucoup n' est pas ronde <eos>,12,ronde,rond,10,F,P,ronde,-9.757868,rond,-9.661117,0
621,S_NOUN_7_ADJ_b,F,S,la poubelle avec les chaises que j' aime beaucoup n' est pas froide <eos>,12,froide,froid,10,F,P,froide,-10.051942,froid,-13.200785,1
622,S_NOUN_7_ADJ_b,F,S,la poubelle avec les chaises que j' aime beaucoup n' est pas chaude <eos>,12,chaude,chaud,10,F,P,chaude,-9.308271,chaud,-13.011764,1
623,S_NOUN_7_ADJ_b,F,S,la poubelle avec les chaises que j' aime beaucoup n' est pas importante <eos>,12,importante,important,10,F,P,importante,-8.110308,important,-10.498834,1
624,S_NOUN_7_ADJ_b,F,S,la poubelle avec les chaises que j' aime beaucoup n' est pas courte <eos>,12,courte,court,10,F,P,courte,-10.174371,court,-12.359684,1
625,S_NOUN_7_ADJ_b,F,S,la poubelle avec les chaises que j' aime beaucoup n' est pas dure <eos>,12,dure,dur,10,F,P,dure,-8.848038,dur,-10.649384,1
626,S_NOUN_7_ADJ_b,F,S,la poubelle avec les chaises que j' aime beaucoup n' est pas claire <eos>,12,claire,clair,10,F,P,claire,-5.349849,clair,-7.864758,1
627,S_NOUN_7_ADJ_b,F,S,la poubelle avec les chaises que j' aime beaucoup n' est pas intéressante <eos>,12,intéressante,intéressant,10,F,P,intéressante,-8.746388,intéressant,-10.558023,1
628,S_NOUN_7_ADJ_b,F,S,la poubelle avec les chaises que j' aime beaucoup n' est pas brillante <eos>,12,brillante,brillant,10,F,P,brillante,-8.966009,brillant,-11.94677,1
629,S_NOUN_7_ADJ_b,F,S,la poubelle avec les chaises que j' aime beaucoup n' est pas compliquée <eos>,12,compliquée,compliqué,10,F,P,compliquée,-10.21947,compliqué,-11.062687,1
630,S_NOUN_7_ADJ_b,F,S,la poubelle avec les poubelles que j' aime beaucoup n' est pas verte <eos>,12,verte,vert,10,F,P,verte,-8.402094,vert,-10.243042,1
631,S_NOUN_7_ADJ_b,F,S,la poubelle avec les poubelles que j' aime beaucoup n' est pas bleue <eos>,12,bleue,bleu,10,F,P,bleue,-9.843559,bleu,-10.908019,1
632,S_NOUN_7_ADJ_b,F,S,la poubelle avec les poubelles que j' aime beaucoup n' est pas noire <eos>,12,noire,noir,10,F,P,noire,-8.989014,noir,-9.221723,1
633,S_NOUN_7_ADJ_b,F,S,la poubelle avec les poubelles que j' aime beaucoup n' est pas délicate <eos>,12,délicate,délicat,10,F,P,délicate,-11.335593,délicat,-12.50224,1
634,S_NOUN_7_ADJ_b,F,S,la poubelle avec les poubelles que j' aime beaucoup n' est pas pointue <eos>,12,pointue,pointu,10,F,P,pointue,-12.463086,pointu,-14.494177,1
635,S_NOUN_7_ADJ_b,F,S,la poubelle avec les poubelles que j' aime beaucoup n' est pas ronde <eos>,12,ronde,rond,10,F,P,ronde,-10.408889,rond,-10.59416,1
636,S_NOUN_7_ADJ_b,F,S,la poubelle avec les poubelles que j' aime beaucoup n' est pas froide <eos>,12,froide,froid,10,F,P,froide,-9.775826,froid,-13.040168,1
637,S_NOUN_7_ADJ_b,F,S,la poubelle avec les poubelles que j' aime beaucoup n' est pas chaude <eos>,12,chaude,chaud,10,F,P,chaude,-9.419903,chaud,-13.261955,1
638,S_NOUN_7_ADJ_b,F,S,la poubelle avec les poubelles que j' aime beaucoup n' est pas importante <eos>,12,importante,important,10,F,P,importante,-8.032889,important,-10.556682,1
639,S_NOUN_7_ADJ_b,F,S,la poubelle avec les poubelles que j' aime beaucoup n' est pas courte <eos>,12,courte,court,10,F,P,courte,-10.372396,court,-12.665711,1
640,S_NOUN_7_ADJ_b,F,S,la poubelle avec les poubelles que j' aime beaucoup n' est pas dure <eos>,12,dure,dur,10,F,P,dure,-9.108098,dur,-10.49534,1
641,S_NOUN_7_ADJ_b,F,S,la poubelle avec les poubelles que j' aime beaucoup n' est pas claire <eos>,12,claire,clair,10,F,P,claire,-5.6666374,clair,-8.252544,1
642,S_NOUN_7_ADJ_b,F,S,la poubelle avec les poubelles que j' aime beaucoup n' est pas intéressante <eos>,12,intéressante,intéressant,10,F,P,intéressante,-8.650685,intéressant,-10.415377,1
643,S_NOUN_7_ADJ_b,F,S,la poubelle avec les poubelles que j' aime beaucoup n' est pas brillante <eos>,12,brillante,brillant,10,F,P,brillante,-9.480072,brillant,-12.34412,1
644,S_NOUN_7_ADJ_b,F,S,la poubelle avec les poubelles que j' aime beaucoup n' est pas compliquée <eos>,12,compliquée,compliqué,10,F,P,compliquée,-10.436419,compliqué,-11.11904,1
645,S_NOUN_7_ADJ_b,F,S,la poubelle avec les chemises que j' aime beaucoup n' est pas verte <eos>,12,verte,vert,10,F,P,verte,-8.548306,vert,-9.565719,1
646,S_NOUN_7_ADJ_b,F,S,la poubelle avec les chemises que j' aime beaucoup n' est pas bleue <eos>,12,bleue,bleu,10,F,P,bleue,-9.042235,bleu,-9.7680025,1
647,S_NOUN_7_ADJ_b,F,S,la poubelle avec les chemises que j' aime beaucoup n' est pas noire <eos>,12,noire,noir,10,F,P,noire,-8.535922,noir,-8.171785,0
648,S_NOUN_7_ADJ_b,F,S,la poubelle avec les chemises que j' aime beaucoup n' est pas délicate <eos>,12,délicate,délicat,10,F,P,délicate,-11.259626,délicat,-12.151367,1
649,S_NOUN_7_ADJ_b,F,S,la poubelle avec les chemises que j' aime beaucoup n' est pas pointue <eos>,12,pointue,pointu,10,F,P,pointue,-12.063996,pointu,-14.150697,1
650,S_NOUN_7_ADJ_b,F,S,la poubelle avec les chemises que j' aime beaucoup n' est pas ronde <eos>,12,ronde,rond,10,F,P,ronde,-10.016635,rond,-10.123192,1
651,S_NOUN_7_ADJ_b,F,S,la poubelle avec les chemises que j' aime beaucoup n' est pas froide <eos>,12,froide,froid,10,F,P,froide,-9.985668,froid,-12.814869,1
652,S_NOUN_7_ADJ_b,F,S,la poubelle avec les chemises que j' aime beaucoup n' est pas chaude <eos>,12,chaude,chaud,10,F,P,chaude,-9.803797,chaud,-12.876991,1
653,S_NOUN_7_ADJ_b,F,S,la poubelle avec les chemises que j' aime beaucoup n' est pas importante <eos>,12,importante,important,10,F,P,importante,-8.290886,important,-10.678469,1
654,S_NOUN_7_ADJ_b,F,S,la poubelle avec les chemises que j' aime beaucoup n' est pas courte <eos>,12,courte,court,10,F,P,courte,-9.712275,court,-12.1701145,1
655,S_NOUN_7_ADJ_b,F,S,la poubelle avec les chemises que j' aime beaucoup n' est pas dure <eos>,12,dure,dur,10,F,P,dure,-8.556646,dur,-10.023824,1
656,S_NOUN_7_ADJ_b,F,S,la poubelle avec les chemises que j' aime beaucoup n' est pas claire <eos>,12,claire,clair,10,F,P,claire,-5.1585064,clair,-7.3967505,1
657,S_NOUN_7_ADJ_b,F,S,la poubelle avec les chemises que j' aime beaucoup n' est pas intéressante <eos>,12,intéressante,intéressant,10,F,P,intéressante,-9.024811,intéressant,-10.563502,1
658,S_NOUN_7_ADJ_b,F,S,la poubelle avec les chemises que j' aime beaucoup n' est pas brillante <eos>,12,brillante,brillant,10,F,P,brillante,-8.161732,brillant,-10.993013,1
659,S_NOUN_7_ADJ_b,F,S,la poubelle avec les chemises que j' aime beaucoup n' est pas compliquée <eos>,12,compliquée,compliqué,10,F,P,compliquée,-10.367136,compliqué,-11.162443,1
660,S_NOUN_7_ADJ_b,F,S,la poubelle avec les recettes que j' aime beaucoup n' est pas verte <eos>,12,verte,vert,10,F,P,verte,-8.846571,vert,-10.264099,1
661,S_NOUN_7_ADJ_b,F,S,la poubelle avec les recettes que j' aime beaucoup n' est pas bleue <eos>,12,bleue,bleu,10,F,P,bleue,-10.183912,bleu,-10.934865,1
662,S_NOUN_7_ADJ_b,F,S,la poubelle avec les recettes que j' aime beaucoup n' est pas noire <eos>,12,noire,noir,10,F,P,noire,-9.10691,noir,-9.016472,0
663,S_NOUN_7_ADJ_b,F,S,la poubelle avec les recettes que j' aime beaucoup n' est pas délicate <eos>,12,délicate,délicat,10,F,P,délicate,-11.286585,délicat,-11.9220085,1
664,S_NOUN_7_ADJ_b,F,S,la poubelle avec les recettes que j' aime beaucoup n' est pas pointue <eos>,12,pointue,pointu,10,F,P,pointue,-12.869027,pointu,-14.259679,1
665,S_NOUN_7_ADJ_b,F,S,la poubelle avec les recettes que j' aime beaucoup n' est pas ronde <eos>,12,ronde,rond,10,F,P,ronde,-10.178902,rond,-10.468187,1
666,S_NOUN_7_ADJ_b,F,S,la poubelle avec les recettes que j' aime beaucoup n' est pas froide <eos>,12,froide,froid,10,F,P,froide,-9.6193,froid,-12.738393,1
667,S_NOUN_7_ADJ_b,F,S,la poubelle avec les recettes que j' aime beaucoup n' est pas chaude <eos>,12,chaude,chaud,10,F,P,chaude,-9.361722,chaud,-12.999394,1
668,S_NOUN_7_ADJ_b,F,S,la poubelle avec les recettes que j' aime beaucoup n' est pas importante <eos>,12,importante,important,10,F,P,importante,-7.565137,important,-10.023636,1
669,S_NOUN_7_ADJ_b,F,S,la poubelle avec les recettes que j' aime beaucoup n' est pas courte <eos>,12,courte,court,10,F,P,courte,-10.039242,court,-12.022092,1
670,S_NOUN_7_ADJ_b,F,S,la poubelle avec les recettes que j' aime beaucoup n' est pas dure <eos>,12,dure,dur,10,F,P,dure,-9.14422,dur,-10.59615,1
671,S_NOUN_7_ADJ_b,F,S,la poubelle avec les recettes que j' aime beaucoup n' est pas claire <eos>,12,claire,clair,10,F,P,claire,-5.7018867,clair,-7.891353,1
672,S_NOUN_7_ADJ_b,F,S,la poubelle avec les recettes que j' aime beaucoup n' est pas intéressante <eos>,12,intéressante,intéressant,10,F,P,intéressante,-8.265749,intéressant,-10.267933,1
673,S_NOUN_7_ADJ_b,F,S,la poubelle avec les recettes que j' aime beaucoup n' est pas brillante <eos>,12,brillante,brillant,10,F,P,brillante,-9.16453,brillant,-11.891422,1
674,S_NOUN_7_ADJ_b,F,S,la poubelle avec les recettes que j' aime beaucoup n' est pas compliquée <eos>,12,compliquée,compliqué,10,F,P,compliquée,-10.875538,compliqué,-10.928015,1
675,S_NOUN_7_ADJ_b,F,S,la poubelle avec les jupes que j' aime beaucoup n' est pas verte <eos>,12,verte,vert,10,F,P,verte,-8.655046,vert,-10.0503645,1
676,S_NOUN_7_ADJ_b,F,S,la poubelle avec les jupes que j' aime beaucoup n' est pas bleue <eos>,12,bleue,bleu,10,F,P,bleue,-9.445369,bleu,-10.410612,1
677,S_NOUN_7_ADJ_b,F,S,la poubelle avec les jupes que j' aime beaucoup n' est pas noire <eos>,12,noire,noir,10,F,P,noire,-8.773242,noir,-9.009209,1
678,S_NOUN_7_ADJ_b,F,S,la poubelle avec les jupes que j' aime beaucoup n' est pas délicate <eos>,12,délicate,délicat,10,F,P,délicate,-11.007852,délicat,-12.072498,1
679,S_NOUN_7_ADJ_b,F,S,la poubelle avec les jupes que j' aime beaucoup n' est pas pointue <eos>,12,pointue,pointu,10,F,P,pointue,-11.638294,pointu,-13.899937,1
680,S_NOUN_7_ADJ_b,F,S,la poubelle avec les jupes que j' aime beaucoup n' est pas ronde <eos>,12,ronde,rond,10,F,P,ronde,-10.037125,rond,-9.721012,0
681,S_NOUN_7_ADJ_b,F,S,la poubelle avec les jupes que j' aime beaucoup n' est pas froide <eos>,12,froide,froid,10,F,P,froide,-10.321064,froid,-13.1422825,1
682,S_NOUN_7_ADJ_b,F,S,la poubelle avec les jupes que j' aime beaucoup n' est pas chaude <eos>,12,chaude,chaud,10,F,P,chaude,-10.042153,chaud,-12.987568,1
683,S_NOUN_7_ADJ_b,F,S,la poubelle avec les jupes que j' aime beaucoup n' est pas importante <eos>,12,importante,important,10,F,P,importante,-8.151808,important,-10.663309,1
684,S_NOUN_7_ADJ_b,F,S,la poubelle avec les jupes que j' aime beaucoup n' est pas courte <eos>,12,courte,court,10,F,P,courte,-9.381332,court,-11.807316,1
685,S_NOUN_7_ADJ_b,F,S,la poubelle avec les jupes que j' aime beaucoup n' est pas dure <eos>,12,dure,dur,10,F,P,dure,-8.516634,dur,-10.355507,1
686,S_NOUN_7_ADJ_b,F,S,la poubelle avec les jupes que j' aime beaucoup n' est pas claire <eos>,12,claire,clair,10,F,P,claire,-5.21669,clair,-7.8317094,1
687,S_NOUN_7_ADJ_b,F,S,la poubelle avec les jupes que j' aime beaucoup n' est pas intéressante <eos>,12,intéressante,intéressant,10,F,P,intéressante,-8.837416,intéressant,-10.457081,1
688,S_NOUN_7_ADJ_b,F,S,la poubelle avec les jupes que j' aime beaucoup n' est pas brillante <eos>,12,brillante,brillant,10,F,P,brillante,-8.56444,brillant,-11.295535,1
689,S_NOUN_7_ADJ_b,F,S,la poubelle avec les jupes que j' aime beaucoup n' est pas compliquée <eos>,12,compliquée,compliqué,10,F,P,compliquée,-10.020647,compliqué,-10.98197,1
690,S_NOUN_7_ADJ_b,F,S,la poubelle avec les colles que j' aime beaucoup n' est pas verte <eos>,12,verte,vert,10,F,P,verte,-8.6330805,vert,-10.156883,1
691,S_NOUN_7_ADJ_b,F,S,la poubelle avec les colles que j' aime beaucoup n' est pas bleue <eos>,12,bleue,bleu,10,F,P,bleue,-9.635618,bleu,-10.240599,1
692,S_NOUN_7_ADJ_b,F,S,la poubelle avec les colles que j' aime beaucoup n' est pas noire <eos>,12,noire,noir,10,F,P,noire,-8.633299,noir,-8.731895,1
693,S_NOUN_7_ADJ_b,F,S,la poubelle avec les colles que j' aime beaucoup n' est pas délicate <eos>,12,délicate,délicat,10,F,P,délicate,-10.537306,délicat,-12.001776,1
694,S_NOUN_7_ADJ_b,F,S,la poubelle avec les colles que j' aime beaucoup n' est pas pointue <eos>,12,pointue,pointu,10,F,P,pointue,-12.528072,pointu,-14.813206,1
695,S_NOUN_7_ADJ_b,F,S,la poubelle avec les colles que j' aime beaucoup n' est pas ronde <eos>,12,ronde,rond,10,F,P,ronde,-10.321011,rond,-10.571049,1
696,S_NOUN_7_ADJ_b,F,S,la poubelle avec les colles que j' aime beaucoup n' est pas froide <eos>,12,froide,froid,10,F,P,froide,-9.667332,froid,-12.920027,1
697,S_NOUN_7_ADJ_b,F,S,la poubelle avec les colles que j' aime beaucoup n' est pas chaude <eos>,12,chaude,chaud,10,F,P,chaude,-9.443135,chaud,-12.877207,1
698,S_NOUN_7_ADJ_b,F,S,la poubelle avec les colles que j' aime beaucoup n' est pas importante <eos>,12,importante,important,10,F,P,importante,-8.040613,important,-10.639791,1
699,S_NOUN_7_ADJ_b,F,S,la poubelle avec les colles que j' aime beaucoup n' est pas courte <eos>,12,courte,court,10,F,P,courte,-10.22888,court,-12.975412,1
700,S_NOUN_7_ADJ_b,F,S,la poubelle avec les colles que j' aime beaucoup n' est pas dure <eos>,12,dure,dur,10,F,P,dure,-8.856522,dur,-10.390459,1
701,S_NOUN_7_ADJ_b,F,S,la poubelle avec les colles que j' aime beaucoup n' est pas claire <eos>,12,claire,clair,10,F,P,claire,-5.121615,clair,-7.699284,1
702,S_NOUN_7_ADJ_b,F,S,la poubelle avec les colles que j' aime beaucoup n' est pas intéressante <eos>,12,intéressante,intéressant,10,F,P,intéressante,-8.40972,intéressant,-10.26786,1
703,S_NOUN_7_ADJ_b,F,S,la poubelle avec les colles que j' aime beaucoup n' est pas brillante <eos>,12,brillante,brillant,10,F,P,brillante,-8.40294,brillant,-11.244923,1
704,S_NOUN_7_ADJ_b,F,S,la poubelle avec les colles que j' aime beaucoup n' est pas compliquée <eos>,12,compliquée,compliqué,10,F,P,compliquée,-10.026402,compliqué,-11.162347,1
705,S_NOUN_7_ADJ_b,F,S,la poubelle avec les lampes que j' aime beaucoup n' est pas verte <eos>,12,verte,vert,10,F,P,verte,-8.354658,vert,-10.051064,1
706,S_NOUN_7_ADJ_b,F,S,la poubelle avec les lampes que j' aime beaucoup n' est pas bleue <eos>,12,bleue,bleu,10,F,P,bleue,-9.294542,bleu,-9.955308,1
707,S_NOUN_7_ADJ_b,F,S,la poubelle avec les lampes que j' aime beaucoup n' est pas noire <eos>,12,noire,noir,10,F,P,noire,-8.645925,noir,-8.603092,0
708,S_NOUN_7_ADJ_b,F,S,la poubelle avec les lampes que j' aime beaucoup n' est pas délicate <eos>,12,délicate,délicat,10,F,P,délicate,-11.224281,délicat,-12.366721,1
709,S_NOUN_7_ADJ_b,F,S,la poubelle avec les lampes que j' aime beaucoup n' est pas pointue <eos>,12,pointue,pointu,10,F,P,pointue,-13.108977,pointu,-14.467832,1
710,S_NOUN_7_ADJ_b,F,S,la poubelle avec les lampes que j' aime beaucoup n' est pas ronde <eos>,12,ronde,rond,10,F,P,ronde,-10.824083,rond,-10.165167,0
711,S_NOUN_7_ADJ_b,F,S,la poubelle avec les lampes que j' aime beaucoup n' est pas froide <eos>,12,froide,froid,10,F,P,froide,-8.76273,froid,-12.456917,1
712,S_NOUN_7_ADJ_b,F,S,la poubelle avec les lampes que j' aime beaucoup n' est pas chaude <eos>,12,chaude,chaud,10,F,P,chaude,-8.689958,chaud,-12.743573,1
713,S_NOUN_7_ADJ_b,F,S,la poubelle avec les lampes que j' aime beaucoup n' est pas importante <eos>,12,importante,important,10,F,P,importante,-8.175454,important,-10.596665,1
714,S_NOUN_7_ADJ_b,F,S,la poubelle avec les lampes que j' aime beaucoup n' est pas courte <eos>,12,courte,court,10,F,P,courte,-10.53601,court,-13.0939245,1
715,S_NOUN_7_ADJ_b,F,S,la poubelle avec les lampes que j' aime beaucoup n' est pas dure <eos>,12,dure,dur,10,F,P,dure,-9.350328,dur,-10.817923,1
716,S_NOUN_7_ADJ_b,F,S,la poubelle avec les lampes que j' aime beaucoup n' est pas claire <eos>,12,claire,clair,10,F,P,claire,-5.7890873,clair,-7.893506,1
717,S_NOUN_7_ADJ_b,F,S,la poubelle avec les lampes que j' aime beaucoup n' est pas intéressante <eos>,12,intéressante,intéressant,10,F,P,intéressante,-8.61362,intéressant,-10.404307,1
718,S_NOUN_7_ADJ_b,F,S,la poubelle avec les lampes que j' aime beaucoup n' est pas brillante <eos>,12,brillante,brillant,10,F,P,brillante,-8.394846,brillant,-11.5301695,1
719,S_NOUN_7_ADJ_b,F,S,la poubelle avec les lampes que j' aime beaucoup n' est pas compliquée <eos>,12,compliquée,compliqué,10,F,P,compliquée,-10.757845,compliqué,-11.388958,1
720,S_NOUN_7_ADJ_b,F,S,la poubelle avec les bouteilles que j' aime beaucoup n' est pas verte <eos>,12,verte,vert,10,F,P,verte,-8.929088,vert,-10.336411,1
721,S_NOUN_7_ADJ_b,F,S,la poubelle avec les bouteilles que j' aime beaucoup n' est pas bleue <eos>,12,bleue,bleu,10,F,P,bleue,-9.731672,bleu,-10.836948,1
722,S_NOUN_7_ADJ_b,F,S,la poubelle avec les bouteilles que j' aime beaucoup n' est pas noire <eos>,12,noire,noir,10,F,P,noire,-9.25926,noir,-9.263618,1
723,S_NOUN_7_ADJ_b,F,S,la poubelle avec les bouteilles que j' aime beaucoup n' est pas délicate <eos>,12,délicate,délicat,10,F,P,délicate,-11.337875,délicat,-12.339855,1
724,S_NOUN_7_ADJ_b,F,S,la poubelle avec les bouteilles que j' aime beaucoup n' est pas pointue <eos>,12,pointue,pointu,10,F,P,pointue,-12.978187,pointu,-14.826567,1
725,S_NOUN_7_ADJ_b,F,S,la poubelle avec les bouteilles que j' aime beaucoup n' est pas ronde <eos>,12,ronde,rond,10,F,P,ronde,-10.364109,rond,-10.128248,0
726,S_NOUN_7_ADJ_b,F,S,la poubelle avec les bouteilles que j' aime beaucoup n' est pas froide <eos>,12,froide,froid,10,F,P,froide,-9.337091,froid,-12.221397,1
727,S_NOUN_7_ADJ_b,F,S,la poubelle avec les bouteilles que j' aime beaucoup n' est pas chaude <eos>,12,chaude,chaud,10,F,P,chaude,-8.813669,chaud,-12.3303795,1
728,S_NOUN_7_ADJ_b,F,S,la poubelle avec les bouteilles que j' aime beaucoup n' est pas importante <eos>,12,importante,important,10,F,P,importante,-8.184503,important,-10.4042635,1
729,S_NOUN_7_ADJ_b,F,S,la poubelle avec les bouteilles que j' aime beaucoup n' est pas courte <eos>,12,courte,court,10,F,P,courte,-10.360812,court,-12.2855425,1
730,S_NOUN_7_ADJ_b,F,S,la poubelle avec les bouteilles que j' aime beaucoup n' est pas dure <eos>,12,dure,dur,10,F,P,dure,-8.638786,dur,-10.32611,1
731,S_NOUN_7_ADJ_b,F,S,la poubelle avec les bouteilles que j' aime beaucoup n' est pas claire <eos>,12,claire,clair,10,F,P,claire,-5.4813576,clair,-8.075237,1
732,S_NOUN_7_ADJ_b,F,S,la poubelle avec les bouteilles que j' aime beaucoup n' est pas intéressante <eos>,12,intéressante,intéressant,10,F,P,intéressante,-8.35951,intéressant,-10.428231,1
733,S_NOUN_7_ADJ_b,F,S,la poubelle avec les bouteilles que j' aime beaucoup n' est pas brillante <eos>,12,brillante,brillant,10,F,P,brillante,-9.388325,brillant,-12.143446,1
734,S_NOUN_7_ADJ_b,F,S,la poubelle avec les bouteilles que j' aime beaucoup n' est pas compliquée <eos>,12,compliquée,compliqué,10,F,P,compliquée,-10.23599,compliqué,-11.02531,1
735,S_NOUN_7_ADJ_b,F,S,la poubelle avec les boissons que j' aime beaucoup n' est pas verte <eos>,12,verte,vert,10,F,P,verte,-8.803698,vert,-10.224247,1
736,S_NOUN_7_ADJ_b,F,S,la poubelle avec les boissons que j' aime beaucoup n' est pas bleue <eos>,12,bleue,bleu,10,F,P,bleue,-9.808481,bleu,-10.555437,1
737,S_NOUN_7_ADJ_b,F,S,la poubelle avec les boissons que j' aime beaucoup n' est pas noire <eos>,12,noire,noir,10,F,P,noire,-9.02823,noir,-8.945219,0
738,S_NOUN_7_ADJ_b,F,S,la poubelle avec les boissons que j' aime beaucoup n' est pas délicate <eos>,12,délicate,délicat,10,F,P,délicate,-11.069083,délicat,-12.033902,1
739,S_NOUN_7_ADJ_b,F,S,la poubelle avec les boissons que j' aime beaucoup n' est pas pointue <eos>,12,pointue,pointu,10,F,P,pointue,-13.184059,pointu,-15.016207,1
740,S_NOUN_7_ADJ_b,F,S,la poubelle avec les boissons que j' aime beaucoup n' est pas ronde <eos>,12,ronde,rond,10,F,P,ronde,-9.775191,rond,-10.417346,1
741,S_NOUN_7_ADJ_b,F,S,la poubelle avec les boissons que j' aime beaucoup n' est pas froide <eos>,12,froide,froid,10,F,P,froide,-9.052219,froid,-12.535223,1
742,S_NOUN_7_ADJ_b,F,S,la poubelle avec les boissons que j' aime beaucoup n' est pas chaude <eos>,12,chaude,chaud,10,F,P,chaude,-8.702027,chaud,-12.620602,1
743,S_NOUN_7_ADJ_b,F,S,la poubelle avec les boissons que j' aime beaucoup n' est pas importante <eos>,12,importante,important,10,F,P,importante,-8.003345,important,-10.58257,1
744,S_NOUN_7_ADJ_b,F,S,la poubelle avec les boissons que j' aime beaucoup n' est pas courte <eos>,12,courte,court,10,F,P,courte,-10.249371,court,-12.691653,1
745,S_NOUN_7_ADJ_b,F,S,la poubelle avec les boissons que j' aime beaucoup n' est pas dure <eos>,12,dure,dur,10,F,P,dure,-8.714146,dur,-10.430541,1
746,S_NOUN_7_ADJ_b,F,S,la poubelle avec les boissons que j' aime beaucoup n' est pas claire <eos>,12,claire,clair,10,F,P,claire,-5.403882,clair,-7.72834,1
747,S_NOUN_7_ADJ_b,F,S,la poubelle avec les boissons que j' aime beaucoup n' est pas intéressante <eos>,12,intéressante,intéressant,10,F,P,intéressante,-8.479315,intéressant,-10.608182,1
748,S_NOUN_7_ADJ_b,F,S,la poubelle avec les boissons que j' aime beaucoup n' est pas brillante <eos>,12,brillante,brillant,10,F,P,brillante,-9.002006,brillant,-12.097329,1
749,S_NOUN_7_ADJ_b,F,S,la poubelle avec les boissons que j' aime beaucoup n' est pas compliquée <eos>,12,compliquée,compliqué,10,F,P,compliquée,-10.458431,compliqué,-11.217557,1
750,S_NOUN_7_ADJ_b,F,S,la poubelle avec les pommes que j' aime beaucoup n' est pas verte <eos>,12,verte,vert,10,F,P,verte,-8.252693,vert,-9.734913,1
751,S_NOUN_7_ADJ_b,F,S,la poubelle avec les pommes que j' aime beaucoup n' est pas bleue <eos>,12,bleue,bleu,10,F,P,bleue,-9.446985,bleu,-10.377821,1
752,S_NOUN_7_ADJ_b,F,S,la poubelle avec les pommes que j' aime beaucoup n' est pas noire <eos>,12,noire,noir,10,F,P,noire,-8.612462,noir,-8.880207,1
753,S_NOUN_7_ADJ_b,F,S,la poubelle avec les pommes que j' aime beaucoup n' est pas délicate <eos>,12,délicate,délicat,10,F,P,délicate,-10.393613,délicat,-11.828138,1
754,S_NOUN_7_ADJ_b,F,S,la poubelle avec les pommes que j' aime beaucoup n' est pas pointue <eos>,12,pointue,pointu,10,F,P,pointue,-11.962118,pointu,-14.5346,1
755,S_NOUN_7_ADJ_b,F,S,la poubelle avec les pommes que j' aime beaucoup n' est pas ronde <eos>,12,ronde,rond,10,F,P,ronde,-9.694368,rond,-10.218486,1
756,S_NOUN_7_ADJ_b,F,S,la poubelle avec les pommes que j' aime beaucoup n' est pas froide <eos>,12,froide,froid,10,F,P,froide,-8.555909,froid,-12.593801,1
757,S_NOUN_7_ADJ_b,F,S,la poubelle avec les pommes que j' aime beaucoup n' est pas chaude <eos>,12,chaude,chaud,10,F,P,chaude,-8.612081,chaud,-12.377744,1
758,S_NOUN_7_ADJ_b,F,S,la poubelle avec les pommes que j' aime beaucoup n' est pas importante <eos>,12,importante,important,10,F,P,importante,-7.9281406,important,-10.931844,1
759,S_NOUN_7_ADJ_b,F,S,la poubelle avec les pommes que j' aime beaucoup n' est pas courte <eos>,12,courte,court,10,F,P,courte,-9.765517,court,-12.3516,1
760,S_NOUN_7_ADJ_b,F,S,la poubelle avec les pommes que j' aime beaucoup n' est pas dure <eos>,12,dure,dur,10,F,P,dure,-8.197067,dur,-9.569046,1
761,S_NOUN_7_ADJ_b,F,S,la poubelle avec les pommes que j' aime beaucoup n' est pas claire <eos>,12,claire,clair,10,F,P,claire,-5.1546593,clair,-7.7507706,1
762,S_NOUN_7_ADJ_b,F,S,la poubelle avec les pommes que j' aime beaucoup n' est pas intéressante <eos>,12,intéressante,intéressant,10,F,P,intéressante,-8.195631,intéressant,-10.738202,1
763,S_NOUN_7_ADJ_b,F,S,la poubelle avec les pommes que j' aime beaucoup n' est pas brillante <eos>,12,brillante,brillant,10,F,P,brillante,-8.4589,brillant,-11.820815,1
764,S_NOUN_7_ADJ_b,F,S,la poubelle avec les pommes que j' aime beaucoup n' est pas compliquée <eos>,12,compliquée,compliqué,10,F,P,compliquée,-10.03967,compliqué,-10.827695,1
765,S_NOUN_7_ADJ_b,F,S,la poubelle avec les tasses que j' aime beaucoup n' est pas verte <eos>,12,verte,vert,10,F,P,verte,-8.842463,vert,-10.3003845,1
766,S_NOUN_7_ADJ_b,F,S,la poubelle avec les tasses que j' aime beaucoup n' est pas bleue <eos>,12,bleue,bleu,10,F,P,bleue,-9.841948,bleu,-10.824519,1
767,S_NOUN_7_ADJ_b,F,S,la poubelle avec les tasses que j' aime beaucoup n' est pas noire <eos>,12,noire,noir,10,F,P,noire,-9.171461,noir,-9.611148,1
768,S_NOUN_7_ADJ_b,F,S,la poubelle avec les tasses que j' aime beaucoup n' est pas délicate <eos>,12,délicate,délicat,10,F,P,délicate,-10.8830595,délicat,-11.726379,1
769,S_NOUN_7_ADJ_b,F,S,la poubelle avec les tasses que j' aime beaucoup n' est pas pointue <eos>,12,pointue,pointu,10,F,P,pointue,-11.777483,pointu,-14.115761,1
770,S_NOUN_7_ADJ_b,F,S,la poubelle avec les tasses que j' aime beaucoup n' est pas ronde <eos>,12,ronde,rond,10,F,P,ronde,-9.508448,rond,-10.125385,1
771,S_NOUN_7_ADJ_b,F,S,la poubelle avec les tasses que j' aime beaucoup n' est pas froide <eos>,12,froide,froid,10,F,P,froide,-9.221384,froid,-12.190762,1
772,S_NOUN_7_ADJ_b,F,S,la poubelle avec les tasses que j' aime beaucoup n' est pas chaude <eos>,12,chaude,chaud,10,F,P,chaude,-8.333262,chaud,-11.9223175,1
773,S_NOUN_7_ADJ_b,F,S,la poubelle avec les tasses que j' aime beaucoup n' est pas importante <eos>,12,importante,important,10,F,P,importante,-7.9921,important,-10.683093,1
774,S_NOUN_7_ADJ_b,F,S,la poubelle avec les tasses que j' aime beaucoup n' est pas courte <eos>,12,courte,court,10,F,P,courte,-10.217508,court,-12.720005,1
775,S_NOUN_7_ADJ_b,F,S,la poubelle avec les tasses que j' aime beaucoup n' est pas dure <eos>,12,dure,dur,10,F,P,dure,-8.654963,dur,-10.145256,1
776,S_NOUN_7_ADJ_b,F,S,la poubelle avec les tasses que j' aime beaucoup n' est pas claire <eos>,12,claire,clair,10,F,P,claire,-5.620499,clair,-8.082571,1
777,S_NOUN_7_ADJ_b,F,S,la poubelle avec les tasses que j' aime beaucoup n' est pas intéressante <eos>,12,intéressante,intéressant,10,F,P,intéressante,-8.233273,intéressant,-10.507757,1
778,S_NOUN_7_ADJ_b,F,S,la poubelle avec les tasses que j' aime beaucoup n' est pas brillante <eos>,12,brillante,brillant,10,F,P,brillante,-8.553006,brillant,-11.102896,1
779,S_NOUN_7_ADJ_b,F,S,la poubelle avec les tasses que j' aime beaucoup n' est pas compliquée <eos>,12,compliquée,compliqué,10,F,P,compliquée,-10.258106,compliqué,-11.005804,1
780,S_NOUN_7_ADJ_b,F,S,la poubelle avec les bougies que j' aime beaucoup n' est pas verte <eos>,12,verte,vert,10,F,P,verte,-8.535313,vert,-9.881221,1
781,S_NOUN_7_ADJ_b,F,S,la poubelle avec les bougies que j' aime beaucoup n' est pas bleue <eos>,12,bleue,bleu,10,F,P,bleue,-9.675314,bleu,-9.998454,1
782,S_NOUN_7_ADJ_b,F,S,la poubelle avec les bougies que j' aime beaucoup n' est pas noire <eos>,12,noire,noir,10,F,P,noire,-8.663429,noir,-8.844125,1
783,S_NOUN_7_ADJ_b,F,S,la poubelle avec les bougies que j' aime beaucoup n' est pas délicate <eos>,12,délicate,délicat,10,F,P,délicate,-10.967002,délicat,-11.980557,1
784,S_NOUN_7_ADJ_b,F,S,la poubelle avec les bougies que j' aime beaucoup n' est pas pointue <eos>,12,pointue,pointu,10,F,P,pointue,-12.3361225,pointu,-14.355524,1
785,S_NOUN_7_ADJ_b,F,S,la poubelle avec les bougies que j' aime beaucoup n' est pas ronde <eos>,12,ronde,rond,10,F,P,ronde,-9.949775,rond,-9.82698,0
786,S_NOUN_7_ADJ_b,F,S,la poubelle avec les bougies que j' aime beaucoup n' est pas froide <eos>,12,froide,froid,10,F,P,froide,-9.055172,froid,-12.4652815,1
787,S_NOUN_7_ADJ_b,F,S,la poubelle avec les bougies que j' aime beaucoup n' est pas chaude <eos>,12,chaude,chaud,10,F,P,chaude,-8.912777,chaud,-12.455013,1
788,S_NOUN_7_ADJ_b,F,S,la poubelle avec les bougies que j' aime beaucoup n' est pas importante <eos>,12,importante,important,10,F,P,importante,-8.374466,important,-10.856955,1
789,S_NOUN_7_ADJ_b,F,S,la poubelle avec les bougies que j' aime beaucoup n' est pas courte <eos>,12,courte,court,10,F,P,courte,-10.175689,court,-12.747469,1
790,S_NOUN_7_ADJ_b,F,S,la poubelle avec les bougies que j' aime beaucoup n' est pas dure <eos>,12,dure,dur,10,F,P,dure,-8.848661,dur,-10.290762,1
791,S_NOUN_7_ADJ_b,F,S,la poubelle avec les bougies que j' aime beaucoup n' est pas claire <eos>,12,claire,clair,10,F,P,claire,-5.605646,clair,-7.733349,1
792,S_NOUN_7_ADJ_b,F,S,la poubelle avec les bougies que j' aime beaucoup n' est pas intéressante <eos>,12,intéressante,intéressant,10,F,P,intéressante,-9.083637,intéressant,-10.725473,1
793,S_NOUN_7_ADJ_b,F,S,la poubelle avec les bougies que j' aime beaucoup n' est pas brillante <eos>,12,brillante,brillant,10,F,P,brillante,-8.698818,brillant,-11.554461,1
794,S_NOUN_7_ADJ_b,F,S,la poubelle avec les bougies que j' aime beaucoup n' est pas compliquée <eos>,12,compliquée,compliqué,10,F,P,compliquée,-10.776387,compliqué,-11.061275,1
795,S_NOUN_7_ADJ_b,F,S,la poubelle avec les pochettes que j' aime beaucoup n' est pas verte <eos>,12,verte,vert,10,F,P,verte,-9.1742935,vert,-10.091497,1
796,S_NOUN_7_ADJ_b,F,S,la poubelle avec les pochettes que j' aime beaucoup n' est pas bleue <eos>,12,bleue,bleu,10,F,P,bleue,-8.939548,bleu,-10.249612,1
797,S_NOUN_7_ADJ_b,F,S,la poubelle avec les pochettes que j' aime beaucoup n' est pas noire <eos>,12,noire,noir,10,F,P,noire,-8.745495,noir,-8.395039,0
798,S_NOUN_7_ADJ_b,F,S,la poubelle avec les pochettes que j' aime beaucoup n' est pas délicate <eos>,12,délicate,délicat,10,F,P,délicate,-11.696164,délicat,-13.016467,1
799,S_NOUN_7_ADJ_b,F,S,la poubelle avec les pochettes que j' aime beaucoup n' est pas pointue <eos>,12,pointue,pointu,10,F,P,pointue,-13.013144,pointu,-14.609873,1
800,S_NOUN_7_ADJ_b,F,S,la poubelle avec les pochettes que j' aime beaucoup n' est pas ronde <eos>,12,ronde,rond,10,F,P,ronde,-10.376024,rond,-10.175147,0
801,S_NOUN_7_ADJ_b,F,S,la poubelle avec les pochettes que j' aime beaucoup n' est pas froide <eos>,12,froide,froid,10,F,P,froide,-10.848632,froid,-13.822786,1
802,S_NOUN_7_ADJ_b,F,S,la poubelle avec les pochettes que j' aime beaucoup n' est pas chaude <eos>,12,chaude,chaud,10,F,P,chaude,-10.2368965,chaud,-13.933408,1
803,S_NOUN_7_ADJ_b,F,S,la poubelle avec les pochettes que j' aime beaucoup n' est pas importante <eos>,12,importante,important,10,F,P,importante,-7.8850555,important,-10.321478,1
804,S_NOUN_7_ADJ_b,F,S,la poubelle avec les pochettes que j' aime beaucoup n' est pas courte <eos>,12,courte,court,10,F,P,courte,-9.943969,court,-12.223138,1
805,S_NOUN_7_ADJ_b,F,S,la poubelle avec les pochettes que j' aime beaucoup n' est pas dure <eos>,12,dure,dur,10,F,P,dure,-8.33824,dur,-9.730465,1
806,S_NOUN_7_ADJ_b,F,S,la poubelle avec les pochettes que j' aime beaucoup n' est pas claire <eos>,12,claire,clair,10,F,P,claire,-5.1994634,clair,-7.5046535,1
807,S_NOUN_7_ADJ_b,F,S,la poubelle avec les pochettes que j' aime beaucoup n' est pas intéressante <eos>,12,intéressante,intéressant,10,F,P,intéressante,-8.154218,intéressant,-10.344959,1
808,S_NOUN_7_ADJ_b,F,S,la poubelle avec les pochettes que j' aime beaucoup n' est pas brillante <eos>,12,brillante,brillant,10,F,P,brillante,-9.178631,brillant,-12.332237,1
809,S_NOUN_7_ADJ_b,F,S,la poubelle avec les pochettes que j' aime beaucoup n' est pas compliquée <eos>,12,compliquée,compliqué,10,F,P,compliquée,-10.374614,compliqué,-11.237864,1
810,S_NOUN_7_ADJ_b,F,S,la poubelle avec les bananes que j' aime beaucoup n' est pas verte <eos>,12,verte,vert,10,F,P,verte,-8.059613,vert,-9.57638,1
811,S_NOUN_7_ADJ_b,F,S,la poubelle avec les bananes que j' aime beaucoup n' est pas bleue <eos>,12,bleue,bleu,10,F,P,bleue,-9.229299,bleu,-10.302909,1
812,S_NOUN_7_ADJ_b,F,S,la poubelle avec les bananes que j' aime beaucoup n' est pas noire <eos>,12,noire,noir,10,F,P,noire,-8.470315,noir,-8.719966,1
813,S_NOUN_7_ADJ_b,F,S,la poubelle avec les bananes que j' aime beaucoup n' est pas délicate <eos>,12,délicate,délicat,10,F,P,délicate,-10.825027,délicat,-12.056429,1
814,S_NOUN_7_ADJ_b,F,S,la poubelle avec les bananes que j' aime beaucoup n' est pas pointue <eos>,12,pointue,pointu,10,F,P,pointue,-11.890697,pointu,-13.935123,1
815,S_NOUN_7_ADJ_b,F,S,la poubelle avec les bananes que j' aime beaucoup n' est pas ronde <eos>,12,ronde,rond,10,F,P,ronde,-9.594019,rond,-9.875057,1
816,S_NOUN_7_ADJ_b,F,S,la poubelle avec les bananes que j' aime beaucoup n' est pas froide <eos>,12,froide,froid,10,F,P,froide,-8.909337,froid,-12.980868,1
817,S_NOUN_7_ADJ_b,F,S,la poubelle avec les bananes que j' aime beaucoup n' est pas chaude <eos>,12,chaude,chaud,10,F,P,chaude,-8.826773,chaud,-12.551622,1
818,S_NOUN_7_ADJ_b,F,S,la poubelle avec les bananes que j' aime beaucoup n' est pas importante <eos>,12,importante,important,10,F,P,importante,-8.122574,important,-10.888102,1
819,S_NOUN_7_ADJ_b,F,S,la poubelle avec les bananes que j' aime beaucoup n' est pas courte <eos>,12,courte,court,10,F,P,courte,-9.828971,court,-12.328168,1
820,S_NOUN_7_ADJ_b,F,S,la poubelle avec les bananes que j' aime beaucoup n' est pas dure <eos>,12,dure,dur,10,F,P,dure,-8.04709,dur,-9.26466,1
821,S_NOUN_7_ADJ_b,F,S,la poubelle avec les bananes que j' aime beaucoup n' est pas claire <eos>,12,claire,clair,10,F,P,claire,-5.4612813,clair,-7.356814,1
822,S_NOUN_7_ADJ_b,F,S,la poubelle avec les bananes que j' aime beaucoup n' est pas intéressante <eos>,12,intéressante,intéressant,10,F,P,intéressante,-8.240763,intéressant,-10.706192,1
823,S_NOUN_7_ADJ_b,F,S,la poubelle avec les bananes que j' aime beaucoup n' est pas brillante <eos>,12,brillante,brillant,10,F,P,brillante,-8.397459,brillant,-11.253284,1
824,S_NOUN_7_ADJ_b,F,S,la poubelle avec les bananes que j' aime beaucoup n' est pas compliquée <eos>,12,compliquée,compliqué,10,F,P,compliquée,-10.022525,compliqué,-10.667646,1
825,S_NOUN_7_ADJ_b,F,S,la poubelle avec les robes que j' aime beaucoup n' est pas verte <eos>,12,verte,vert,10,F,P,verte,-8.461997,vert,-9.639237,1
826,S_NOUN_7_ADJ_b,F,S,la poubelle avec les robes que j' aime beaucoup n' est pas bleue <eos>,12,bleue,bleu,10,F,P,bleue,-9.045833,bleu,-9.6733675,1
827,S_NOUN_7_ADJ_b,F,S,la poubelle avec les robes que j' aime beaucoup n' est pas noire <eos>,12,noire,noir,10,F,P,noire,-8.1100025,noir,-8.067096,0
828,S_NOUN_7_ADJ_b,F,S,la poubelle avec les robes que j' aime beaucoup n' est pas délicate <eos>,12,délicate,délicat,10,F,P,délicate,-10.666858,délicat,-11.749171,1
829,S_NOUN_7_ADJ_b,F,S,la poubelle avec les robes que j' aime beaucoup n' est pas pointue <eos>,12,pointue,pointu,10,F,P,pointue,-12.461843,pointu,-14.075272,1
830,S_NOUN_7_ADJ_b,F,S,la poubelle avec les robes que j' aime beaucoup n' est pas ronde <eos>,12,ronde,rond,10,F,P,ronde,-9.897985,rond,-9.893065,0
831,S_NOUN_7_ADJ_b,F,S,la poubelle avec les robes que j' aime beaucoup n' est pas froide <eos>,12,froide,froid,10,F,P,froide,-10.210505,froid,-13.181969,1
832,S_NOUN_7_ADJ_b,F,S,la poubelle avec les robes que j' aime beaucoup n' est pas chaude <eos>,12,chaude,chaud,10,F,P,chaude,-10.174471,chaud,-12.964415,1
833,S_NOUN_7_ADJ_b,F,S,la poubelle avec les robes que j' aime beaucoup n' est pas importante <eos>,12,importante,important,10,F,P,importante,-7.903882,important,-10.380522,1
834,S_NOUN_7_ADJ_b,F,S,la poubelle avec les robes que j' aime beaucoup n' est pas courte <eos>,12,courte,court,10,F,P,courte,-9.988068,court,-12.380862,1
835,S_NOUN_7_ADJ_b,F,S,la poubelle avec les robes que j' aime beaucoup n' est pas dure <eos>,12,dure,dur,10,F,P,dure,-9.122692,dur,-10.554167,1
836,S_NOUN_7_ADJ_b,F,S,la poubelle avec les robes que j' aime beaucoup n' est pas claire <eos>,12,claire,clair,10,F,P,claire,-4.693746,clair,-7.003365,1
837,S_NOUN_7_ADJ_b,F,S,la poubelle avec les robes que j' aime beaucoup n' est pas intéressante <eos>,12,intéressante,intéressant,10,F,P,intéressante,-8.894939,intéressant,-10.433894,1
838,S_NOUN_7_ADJ_b,F,S,la poubelle avec les robes que j' aime beaucoup n' est pas brillante <eos>,12,brillante,brillant,10,F,P,brillante,-8.43538,brillant,-11.20873,1
839,S_NOUN_7_ADJ_b,F,S,la poubelle avec les robes que j' aime beaucoup n' est pas compliquée <eos>,12,compliquée,compliqué,10,F,P,compliquée,-10.299637,compliqué,-11.142683,1
840,S_NOUN_7_ADJ_b,F,S,la poubelle avec les valises que j' aime beaucoup n' est pas verte <eos>,12,verte,vert,10,F,P,verte,-8.844689,vert,-10.737202,1
841,S_NOUN_7_ADJ_b,F,S,la poubelle avec les valises que j' aime beaucoup n' est pas bleue <eos>,12,bleue,bleu,10,F,P,bleue,-9.193241,bleu,-10.910179,1
842,S_NOUN_7_ADJ_b,F,S,la poubelle avec les valises que j' aime beaucoup n' est pas noire <eos>,12,noire,noir,10,F,P,noire,-9.002114,noir,-9.389339,1
843,S_NOUN_7_ADJ_b,F,S,la poubelle avec les valises que j' aime beaucoup n' est pas délicate <eos>,12,délicate,délicat,10,F,P,délicate,-11.1548,délicat,-12.890947,1
844,S_NOUN_7_ADJ_b,F,S,la poubelle avec les valises que j' aime beaucoup n' est pas pointue <eos>,12,pointue,pointu,10,F,P,pointue,-12.26489,pointu,-14.944782,1
845,S_NOUN_7_ADJ_b,F,S,la poubelle avec les valises que j' aime beaucoup n' est pas ronde <eos>,12,ronde,rond,10,F,P,ronde,-10.204453,rond,-10.417224,1
846,S_NOUN_7_ADJ_b,F,S,la poubelle avec les valises que j' aime beaucoup n' est pas froide <eos>,12,froide,froid,10,F,P,froide,-9.781975,froid,-12.98262,1
847,S_NOUN_7_ADJ_b,F,S,la poubelle avec les valises que j' aime beaucoup n' est pas chaude <eos>,12,chaude,chaud,10,F,P,chaude,-8.994759,chaud,-12.695191,1
848,S_NOUN_7_ADJ_b,F,S,la poubelle avec les valises que j' aime beaucoup n' est pas importante <eos>,12,importante,important,10,F,P,importante,-7.717966,important,-10.727951,1
849,S_NOUN_7_ADJ_b,F,S,la poubelle avec les valises que j' aime beaucoup n' est pas courte <eos>,12,courte,court,10,F,P,courte,-10.020601,court,-12.71644,1
850,S_NOUN_7_ADJ_b,F,S,la poubelle avec les valises que j' aime beaucoup n' est pas dure <eos>,12,dure,dur,10,F,P,dure,-8.619282,dur,-10.657885,1
851,S_NOUN_7_ADJ_b,F,S,la poubelle avec les valises que j' aime beaucoup n' est pas claire <eos>,12,claire,clair,10,F,P,claire,-5.506027,clair,-8.125269,1
852,S_NOUN_7_ADJ_b,F,S,la poubelle avec les valises que j' aime beaucoup n' est pas intéressante <eos>,12,intéressante,intéressant,10,F,P,intéressante,-7.9373646,intéressant,-10.6385565,1
853,S_NOUN_7_ADJ_b,F,S,la poubelle avec les valises que j' aime beaucoup n' est pas brillante <eos>,12,brillante,brillant,10,F,P,brillante,-8.573734,brillant,-11.83618,1
854,S_NOUN_7_ADJ_b,F,S,la poubelle avec les valises que j' aime beaucoup n' est pas compliquée <eos>,12,compliquée,compliqué,10,F,P,compliquée,-9.818148,compliqué,-11.267768,1
855,S_NOUN_7_ADJ_b,F,S,la poubelle avec les pendules que j' aime beaucoup n' est pas verte <eos>,12,verte,vert,10,F,P,verte,-8.994538,vert,-10.431713,1
856,S_NOUN_7_ADJ_b,F,S,la poubelle avec les pendules que j' aime beaucoup n' est pas bleue <eos>,12,bleue,bleu,10,F,P,bleue,-9.731165,bleu,-10.376204,1
857,S_NOUN_7_ADJ_b,F,S,la poubelle avec les pendules que j' aime beaucoup n' est pas noire <eos>,12,noire,noir,10,F,P,noire,-8.941151,noir,-8.658756,0
858,S_NOUN_7_ADJ_b,F,S,la poubelle avec les pendules que j' aime beaucoup n' est pas délicate <eos>,12,délicate,délicat,10,F,P,délicate,-10.985259,délicat,-11.904472,1
859,S_NOUN_7_ADJ_b,F,S,la poubelle avec les pendules que j' aime beaucoup n' est pas pointue <eos>,12,pointue,pointu,10,F,P,pointue,-13.305454,pointu,-14.659135,1
860,S_NOUN_7_ADJ_b,F,S,la poubelle avec les pendules que j' aime beaucoup n' est pas ronde <eos>,12,ronde,rond,10,F,P,ronde,-10.97386,rond,-10.3446045,0
861,S_NOUN_7_ADJ_b,F,S,la poubelle avec les pendules que j' aime beaucoup n' est pas froide <eos>,12,froide,froid,10,F,P,froide,-9.370699,froid,-12.387093,1
862,S_NOUN_7_ADJ_b,F,S,la poubelle avec les pendules que j' aime beaucoup n' est pas chaude <eos>,12,chaude,chaud,10,F,P,chaude,-8.897414,chaud,-12.596727,1
863,S_NOUN_7_ADJ_b,F,S,la poubelle avec les pendules que j' aime beaucoup n' est pas importante <eos>,12,importante,important,10,F,P,importante,-8.120349,important,-10.261741,1
864,S_NOUN_7_ADJ_b,F,S,la poubelle avec les pendules que j' aime beaucoup n' est pas courte <eos>,12,courte,court,10,F,P,courte,-10.683957,court,-12.834127,1
865,S_NOUN_7_ADJ_b,F,S,la poubelle avec les pendules que j' aime beaucoup n' est pas dure <eos>,12,dure,dur,10,F,P,dure,-9.0703745,dur,-10.704671,1
866,S_NOUN_7_ADJ_b,F,S,la poubelle avec les pendules que j' aime beaucoup n' est pas claire <eos>,12,claire,clair,10,F,P,claire,-5.683032,clair,-7.9912686,1
867,S_NOUN_7_ADJ_b,F,S,la poubelle avec les pendules que j' aime beaucoup n' est pas intéressante <eos>,12,intéressante,intéressant,10,F,P,intéressante,-8.692707,intéressant,-10.138037,1
868,S_NOUN_7_ADJ_b,F,S,la poubelle avec les pendules que j' aime beaucoup n' est pas brillante <eos>,12,brillante,brillant,10,F,P,brillante,-8.641449,brillant,-11.382647,1
869,S_NOUN_7_ADJ_b,F,S,la poubelle avec les pendules que j' aime beaucoup n' est pas compliquée <eos>,12,compliquée,compliqué,10,F,P,compliquée,-10.415676,compliqué,-10.982359,1
870,S_NOUN_7_ADJ_b,F,S,la poubelle avec les cloches que j' aime beaucoup n' est pas verte <eos>,12,verte,vert,10,F,P,verte,-9.095031,vert,-10.363089,1
871,S_NOUN_7_ADJ_b,F,S,la poubelle avec les cloches que j' aime beaucoup n' est pas bleue <eos>,12,bleue,bleu,10,F,P,bleue,-10.151103,bleu,-10.617509,1
872,S_NOUN_7_ADJ_b,F,S,la poubelle avec les cloches que j' aime beaucoup n' est pas noire <eos>,12,noire,noir,10,F,P,noire,-9.062554,noir,-9.127568,1
873,S_NOUN_7_ADJ_b,F,S,la poubelle avec les cloches que j' aime beaucoup n' est pas délicate <eos>,12,délicate,délicat,10,F,P,délicate,-10.907967,délicat,-11.914995,1
874,S_NOUN_7_ADJ_b,F,S,la poubelle avec les cloches que j' aime beaucoup n' est pas pointue <eos>,12,pointue,pointu,10,F,P,pointue,-11.980684,pointu,-14.285788,1
875,S_NOUN_7_ADJ_b,F,S,la poubelle avec les cloches que j' aime beaucoup n' est pas ronde <eos>,12,ronde,rond,10,F,P,ronde,-10.150396,rond,-10.081679,0
876,S_NOUN_7_ADJ_b,F,S,la poubelle avec les cloches que j' aime beaucoup n' est pas froide <eos>,12,froide,froid,10,F,P,froide,-9.9150505,froid,-12.752358,1
877,S_NOUN_7_ADJ_b,F,S,la poubelle avec les cloches que j' aime beaucoup n' est pas chaude <eos>,12,chaude,chaud,10,F,P,chaude,-9.378086,chaud,-12.856533,1
878,S_NOUN_7_ADJ_b,F,S,la poubelle avec les cloches que j' aime beaucoup n' est pas importante <eos>,12,importante,important,10,F,P,importante,-7.929706,important,-10.480097,1
879,S_NOUN_7_ADJ_b,F,S,la poubelle avec les cloches que j' aime beaucoup n' est pas courte <eos>,12,courte,court,10,F,P,courte,-10.041143,court,-12.440755,1
880,S_NOUN_7_ADJ_b,F,S,la poubelle avec les cloches que j' aime beaucoup n' est pas dure <eos>,12,dure,dur,10,F,P,dure,-8.853507,dur,-10.407004,1
881,S_NOUN_7_ADJ_b,F,S,la poubelle avec les cloches que j' aime beaucoup n' est pas claire <eos>,12,claire,clair,10,F,P,claire,-5.6750317,clair,-7.694153,1
882,S_NOUN_7_ADJ_b,F,S,la poubelle avec les cloches que j' aime beaucoup n' est pas intéressante <eos>,12,intéressante,intéressant,10,F,P,intéressante,-8.405205,intéressant,-10.073992,1
883,S_NOUN_7_ADJ_b,F,S,la poubelle avec les cloches que j' aime beaucoup n' est pas brillante <eos>,12,brillante,brillant,10,F,P,brillante,-8.888454,brillant,-11.768068,1
884,S_NOUN_7_ADJ_b,F,S,la poubelle avec les cloches que j' aime beaucoup n' est pas compliquée <eos>,12,compliquée,compliqué,10,F,P,compliquée,-10.377725,compliqué,-10.863397,1
885,S_NOUN_7_ADJ_b,F,S,la poubelle avec les cerises que j' aime beaucoup n' est pas verte <eos>,12,verte,vert,10,F,P,verte,-8.719938,vert,-9.60209,1
886,S_NOUN_7_ADJ_b,F,S,la poubelle avec les cerises que j' aime beaucoup n' est pas bleue <eos>,12,bleue,bleu,10,F,P,bleue,-9.664624,bleu,-10.080487,1
887,S_NOUN_7_ADJ_b,F,S,la poubelle avec les cerises que j' aime beaucoup n' est pas noire <eos>,12,noire,noir,10,F,P,noire,-8.862772,noir,-8.553827,0
888,S_NOUN_7_ADJ_b,F,S,la poubelle avec les cerises que j' aime beaucoup n' est pas délicate <eos>,12,délicate,délicat,10,F,P,délicate,-10.877195,délicat,-11.686591,1
889,S_NOUN_7_ADJ_b,F,S,la poubelle avec les cerises que j' aime beaucoup n' est pas pointue <eos>,12,pointue,pointu,10,F,P,pointue,-12.498854,pointu,-14.112274,1
890,S_NOUN_7_ADJ_b,F,S,la poubelle avec les cerises que j' aime beaucoup n' est pas ronde <eos>,12,ronde,rond,10,F,P,ronde,-9.824714,rond,-9.532442,0
891,S_NOUN_7_ADJ_b,F,S,la poubelle avec les cerises que j' aime beaucoup n' est pas froide <eos>,12,froide,froid,10,F,P,froide,-9.278859,froid,-12.268473,1
892,S_NOUN_7_ADJ_b,F,S,la poubelle avec les cerises que j' aime beaucoup n' est pas chaude <eos>,12,chaude,chaud,10,F,P,chaude,-9.341267,chaud,-12.409152,1
893,S_NOUN_7_ADJ_b,F,S,la poubelle avec les cerises que j' aime beaucoup n' est pas importante <eos>,12,importante,important,10,F,P,importante,-8.353281,important,-10.664963,1
894,S_NOUN_7_ADJ_b,F,S,la poubelle avec les cerises que j' aime beaucoup n' est pas courte <eos>,12,courte,court,10,F,P,courte,-10.125385,court,-12.225557,1
895,S_NOUN_7_ADJ_b,F,S,la poubelle avec les cerises que j' aime beaucoup n' est pas dure <eos>,12,dure,dur,10,F,P,dure,-8.626787,dur,-9.992247,1
896,S_NOUN_7_ADJ_b,F,S,la poubelle avec les cerises que j' aime beaucoup n' est pas claire <eos>,12,claire,clair,10,F,P,claire,-5.359354,clair,-7.399523,1
897,S_NOUN_7_ADJ_b,F,S,la poubelle avec les cerises que j' aime beaucoup n' est pas intéressante <eos>,12,intéressante,intéressant,10,F,P,intéressante,-8.549144,intéressant,-10.425027,1
898,S_NOUN_7_ADJ_b,F,S,la poubelle avec les cerises que j' aime beaucoup n' est pas brillante <eos>,12,brillante,brillant,10,F,P,brillante,-8.718269,brillant,-11.408636,1
899,S_NOUN_7_ADJ_b,F,S,la poubelle avec les cerises que j' aime beaucoup n' est pas compliquée <eos>,12,compliquée,compliqué,10,F,P,compliquée,-10.424335,compliqué,-10.779377,1
900,S_NOUN_7_ADJ_b,F,S,la chemise avec les gemmes que j' aime beaucoup n' est pas verte <eos>,12,verte,vert,10,F,P,verte,-7.468766,vert,-8.089954,1
901,S_NOUN_7_ADJ_b,F,S,la chemise avec les gemmes que j' aime beaucoup n' est pas bleue <eos>,12,bleue,bleu,10,F,P,bleue,-7.454332,bleu,-7.3297486,0
902,S_NOUN_7_ADJ_b,F,S,la chemise avec les gemmes que j' aime beaucoup n' est pas noire <eos>,12,noire,noir,10,F,P,noire,-7.2786407,noir,-6.750181,0
903,S_NOUN_7_ADJ_b,F,S,la chemise avec les gemmes que j' aime beaucoup n' est pas délicate <eos>,12,délicate,délicat,10,F,P,délicate,-11.429541,délicat,-12.489301,1
904,S_NOUN_7_ADJ_b,F,S,la chemise avec les gemmes que j' aime beaucoup n' est pas pointue <eos>,12,pointue,pointu,10,F,P,pointue,-11.490753,pointu,-12.661789,1
905,S_NOUN_7_ADJ_b,F,S,la chemise avec les gemmes que j' aime beaucoup n' est pas ronde <eos>,12,ronde,rond,10,F,P,ronde,-9.949887,rond,-8.931568,0
906,S_NOUN_7_ADJ_b,F,S,la chemise avec les gemmes que j' aime beaucoup n' est pas froide <eos>,12,froide,froid,10,F,P,froide,-8.91554,froid,-12.167651,1
907,S_NOUN_7_ADJ_b,F,S,la chemise avec les gemmes que j' aime beaucoup n' est pas chaude <eos>,12,chaude,chaud,10,F,P,chaude,-8.811001,chaud,-11.673379,1
908,S_NOUN_7_ADJ_b,F,S,la chemise avec les gemmes que j' aime beaucoup n' est pas importante <eos>,12,importante,important,10,F,P,importante,-8.551987,important,-11.261637,1
909,S_NOUN_7_ADJ_b,F,S,la chemise avec les gemmes que j' aime beaucoup n' est pas courte <eos>,12,courte,court,10,F,P,courte,-9.507631,court,-11.610614,1
910,S_NOUN_7_ADJ_b,F,S,la chemise avec les gemmes que j' aime beaucoup n' est pas dure <eos>,12,dure,dur,10,F,P,dure,-9.411798,dur,-9.9392395,1
911,S_NOUN_7_ADJ_b,F,S,la chemise avec les gemmes que j' aime beaucoup n' est pas claire <eos>,12,claire,clair,10,F,P,claire,-5.2121706,clair,-6.5895777,1
912,S_NOUN_7_ADJ_b,F,S,la chemise avec les gemmes que j' aime beaucoup n' est pas intéressante <eos>,12,intéressante,intéressant,10,F,P,intéressante,-9.150184,intéressant,-10.493214,1
913,S_NOUN_7_ADJ_b,F,S,la chemise avec les gemmes que j' aime beaucoup n' est pas brillante <eos>,12,brillante,brillant,10,F,P,brillante,-6.256951,brillant,-9.058178,1
914,S_NOUN_7_ADJ_b,F,S,la chemise avec les gemmes que j' aime beaucoup n' est pas compliquée <eos>,12,compliquée,compliqué,10,F,P,compliquée,-11.109211,compliqué,-11.633138,1
915,S_NOUN_7_ADJ_b,F,S,la chemise avec les chaises que j' aime beaucoup n' est pas verte <eos>,12,verte,vert,10,F,P,verte,-8.391455,vert,-9.112791,1
916,S_NOUN_7_ADJ_b,F,S,la chemise avec les chaises que j' aime beaucoup n' est pas bleue <eos>,12,bleue,bleu,10,F,P,bleue,-8.311651,bleu,-8.370901,1
917,S_NOUN_7_ADJ_b,F,S,la chemise avec les chaises que j' aime beaucoup n' est pas noire <eos>,12,noire,noir,10,F,P,noire,-8.069711,noir,-7.495285,0
918,S_NOUN_7_ADJ_b,F,S,la chemise avec les chaises que j' aime beaucoup n' est pas délicate <eos>,12,délicate,délicat,10,F,P,délicate,-11.088727,délicat,-12.141742,1
919,S_NOUN_7_ADJ_b,F,S,la chemise avec les chaises que j' aime beaucoup n' est pas pointue <eos>,12,pointue,pointu,10,F,P,pointue,-11.288692,pointu,-12.737303,1
920,S_NOUN_7_ADJ_b,F,S,la chemise avec les chaises que j' aime beaucoup n' est pas ronde <eos>,12,ronde,rond,10,F,P,ronde,-9.841805,rond,-8.357723,0
921,S_NOUN_7_ADJ_b,F,S,la chemise avec les chaises que j' aime beaucoup n' est pas froide <eos>,12,froide,froid,10,F,P,froide,-9.959967,froid,-12.735088,1
922,S_NOUN_7_ADJ_b,F,S,la chemise avec les chaises que j' aime beaucoup n' est pas chaude <eos>,12,chaude,chaud,10,F,P,chaude,-9.288832,chaud,-12.171475,1
923,S_NOUN_7_ADJ_b,F,S,la chemise avec les chaises que j' aime beaucoup n' est pas importante <eos>,12,importante,important,10,F,P,importante,-8.320247,important,-11.007257,1
924,S_NOUN_7_ADJ_b,F,S,la chemise avec les chaises que j' aime beaucoup n' est pas courte <eos>,12,courte,court,10,F,P,courte,-9.25828,court,-11.07349,1
925,S_NOUN_7_ADJ_b,F,S,la chemise avec les chaises que j' aime beaucoup n' est pas dure <eos>,12,dure,dur,10,F,P,dure,-9.287028,dur,-10.569686,1
926,S_NOUN_7_ADJ_b,F,S,la chemise avec les chaises que j' aime beaucoup n' est pas claire <eos>,12,claire,clair,10,F,P,claire,-5.071635,clair,-6.928415,1
927,S_NOUN_7_ADJ_b,F,S,la chemise avec les chaises que j' aime beaucoup n' est pas intéressante <eos>,12,intéressante,intéressant,10,F,P,intéressante,-9.136824,intéressant,-10.667359,1
928,S_NOUN_7_ADJ_b,F,S,la chemise avec les chaises que j' aime beaucoup n' est pas brillante <eos>,12,brillante,brillant,10,F,P,brillante,-7.2218347,brillant,-10.058342,1
929,S_NOUN_7_ADJ_b,F,S,la chemise avec les chaises que j' aime beaucoup n' est pas compliquée <eos>,12,compliquée,compliqué,10,F,P,compliquée,-10.705879,compliqué,-11.975334,1
930,S_NOUN_7_ADJ_b,F,S,la chemise avec les poubelles que j' aime beaucoup n' est pas verte <eos>,12,verte,vert,10,F,P,verte,-8.024688,vert,-9.14222,1
931,S_NOUN_7_ADJ_b,F,S,la chemise avec les poubelles que j' aime beaucoup n' est pas bleue <eos>,12,bleue,bleu,10,F,P,bleue,-8.910996,bleu,-9.328624,1
932,S_NOUN_7_ADJ_b,F,S,la chemise avec les poubelles que j' aime beaucoup n' est pas noire <eos>,12,noire,noir,10,F,P,noire,-8.255676,noir,-7.7876835,0
933,S_NOUN_7_ADJ_b,F,S,la chemise avec les poubelles que j' aime beaucoup n' est pas délicate <eos>,12,délicate,délicat,10,F,P,délicate,-11.825516,délicat,-12.4019165,1
934,S_NOUN_7_ADJ_b,F,S,la chemise avec les poubelles que j' aime beaucoup n' est pas pointue <eos>,12,pointue,pointu,10,F,P,pointue,-11.678394,pointu,-12.538353,1
935,S_NOUN_7_ADJ_b,F,S,la chemise avec les poubelles que j' aime beaucoup n' est pas ronde <eos>,12,ronde,rond,10,F,P,ronde,-10.292089,rond,-9.099368,0
936,S_NOUN_7_ADJ_b,F,S,la chemise avec les poubelles que j' aime beaucoup n' est pas froide <eos>,12,froide,froid,10,F,P,froide,-9.777539,froid,-12.08228,1
937,S_NOUN_7_ADJ_b,F,S,la chemise avec les poubelles que j' aime beaucoup n' est pas chaude <eos>,12,chaude,chaud,10,F,P,chaude,-9.582259,chaud,-12.273402,1
938,S_NOUN_7_ADJ_b,F,S,la chemise avec les poubelles que j' aime beaucoup n' est pas importante <eos>,12,importante,important,10,F,P,importante,-8.637018,important,-10.717466,1
939,S_NOUN_7_ADJ_b,F,S,la chemise avec les poubelles que j' aime beaucoup n' est pas courte <eos>,12,courte,court,10,F,P,courte,-9.801853,court,-11.309498,1
940,S_NOUN_7_ADJ_b,F,S,la chemise avec les poubelles que j' aime beaucoup n' est pas dure <eos>,12,dure,dur,10,F,P,dure,-9.519612,dur,-10.295148,1
941,S_NOUN_7_ADJ_b,F,S,la chemise avec les poubelles que j' aime beaucoup n' est pas claire <eos>,12,claire,clair,10,F,P,claire,-5.6474643,clair,-7.5386243,1
942,S_NOUN_7_ADJ_b,F,S,la chemise avec les poubelles que j' aime beaucoup n' est pas intéressante <eos>,12,intéressante,intéressant,10,F,P,intéressante,-9.505809,intéressant,-10.324567,1
943,S_NOUN_7_ADJ_b,F,S,la chemise avec les poubelles que j' aime beaucoup n' est pas brillante <eos>,12,brillante,brillant,10,F,P,brillante,-8.481207,brillant,-10.515063,1
944,S_NOUN_7_ADJ_b,F,S,la chemise avec les poubelles que j' aime beaucoup n' est pas compliquée <eos>,12,compliquée,compliqué,10,F,P,compliquée,-10.843011,compliqué,-11.3722,1
945,S_NOUN_7_ADJ_b,F,S,la chemise avec les chemises que j' aime beaucoup n' est pas verte <eos>,12,verte,vert,10,F,P,verte,-7.810884,vert,-8.103622,1
946,S_NOUN_7_ADJ_b,F,S,la chemise avec les chemises que j' aime beaucoup n' est pas bleue <eos>,12,bleue,bleu,10,F,P,bleue,-7.747745,bleu,-7.6432242,0
947,S_NOUN_7_ADJ_b,F,S,la chemise avec les chemises que j' aime beaucoup n' est pas noire <eos>,12,noire,noir,10,F,P,noire,-7.566229,noir,-6.503972,0
948,S_NOUN_7_ADJ_b,F,S,la chemise avec les chemises que j' aime beaucoup n' est pas délicate <eos>,12,délicate,délicat,10,F,P,délicate,-11.595821,délicat,-12.320248,1
949,S_NOUN_7_ADJ_b,F,S,la chemise avec les chemises que j' aime beaucoup n' est pas pointue <eos>,12,pointue,pointu,10,F,P,pointue,-11.117934,pointu,-12.5171175,1
950,S_NOUN_7_ADJ_b,F,S,la chemise avec les chemises que j' aime beaucoup n' est pas ronde <eos>,12,ronde,rond,10,F,P,ronde,-10.058935,rond,-8.5561285,0
951,S_NOUN_7_ADJ_b,F,S,la chemise avec les chemises que j' aime beaucoup n' est pas froide <eos>,12,froide,froid,10,F,P,froide,-9.957859,froid,-12.216743,1
952,S_NOUN_7_ADJ_b,F,S,la chemise avec les chemises que j' aime beaucoup n' est pas chaude <eos>,12,chaude,chaud,10,F,P,chaude,-9.826631,chaud,-11.845765,1
953,S_NOUN_7_ADJ_b,F,S,la chemise avec les chemises que j' aime beaucoup n' est pas importante <eos>,12,importante,important,10,F,P,importante,-8.541208,important,-11.074306,1
954,S_NOUN_7_ADJ_b,F,S,la chemise avec les chemises que j' aime beaucoup n' est pas courte <eos>,12,courte,court,10,F,P,courte,-8.971179,court,-10.740173,1
955,S_NOUN_7_ADJ_b,F,S,la chemise avec les chemises que j' aime beaucoup n' est pas dure <eos>,12,dure,dur,10,F,P,dure,-8.921871,dur,-9.921308,1
956,S_NOUN_7_ADJ_b,F,S,la chemise avec les chemises que j' aime beaucoup n' est pas claire <eos>,12,claire,clair,10,F,P,claire,-5.0265455,clair,-6.4139175,1
957,S_NOUN_7_ADJ_b,F,S,la chemise avec les chemises que j' aime beaucoup n' est pas intéressante <eos>,12,intéressante,intéressant,10,F,P,intéressante,-9.755395,intéressant,-10.689404,1
958,S_NOUN_7_ADJ_b,F,S,la chemise avec les chemises que j' aime beaucoup n' est pas brillante <eos>,12,brillante,brillant,10,F,P,brillante,-6.5650444,brillant,-9.084253,1
959,S_NOUN_7_ADJ_b,F,S,la chemise avec les chemises que j' aime beaucoup n' est pas compliquée <eos>,12,compliquée,compliqué,10,F,P,compliquée,-11.037617,compliqué,-12.081454,1
960,S_NOUN_7_ADJ_b,F,S,la chemise avec les recettes que j' aime beaucoup n' est pas verte <eos>,12,verte,vert,10,F,P,verte,-8.3485985,vert,-9.095253,1
961,S_NOUN_7_ADJ_b,F,S,la chemise avec les recettes que j' aime beaucoup n' est pas bleue <eos>,12,bleue,bleu,10,F,P,bleue,-8.808736,bleu,-8.855818,1
962,S_NOUN_7_ADJ_b,F,S,la chemise avec les recettes que j' aime beaucoup n' est pas noire <eos>,12,noire,noir,10,F,P,noire,-7.9778323,noir,-7.34361,0
963,S_NOUN_7_ADJ_b,F,S,la chemise avec les recettes que j' aime beaucoup n' est pas délicate <eos>,12,délicate,délicat,10,F,P,délicate,-11.318193,délicat,-12.017359,1
964,S_NOUN_7_ADJ_b,F,S,la chemise avec les recettes que j' aime beaucoup n' est pas pointue <eos>,12,pointue,pointu,10,F,P,pointue,-12.027066,pointu,-13.082881,1
965,S_NOUN_7_ADJ_b,F,S,la chemise avec les recettes que j' aime beaucoup n' est pas ronde <eos>,12,ronde,rond,10,F,P,ronde,-10.394464,rond,-9.242111,0
966,S_NOUN_7_ADJ_b,F,S,la chemise avec les recettes que j' aime beaucoup n' est pas froide <eos>,12,froide,froid,10,F,P,froide,-9.054361,froid,-11.876599,1
967,S_NOUN_7_ADJ_b,F,S,la chemise avec les recettes que j' aime beaucoup n' est pas chaude <eos>,12,chaude,chaud,10,F,P,chaude,-8.914053,chaud,-11.844898,1
968,S_NOUN_7_ADJ_b,F,S,la chemise avec les recettes que j' aime beaucoup n' est pas importante <eos>,12,importante,important,10,F,P,importante,-7.8872805,important,-10.634746,1
969,S_NOUN_7_ADJ_b,F,S,la chemise avec les recettes que j' aime beaucoup n' est pas courte <eos>,12,courte,court,10,F,P,courte,-9.329533,court,-10.793641,1
970,S_NOUN_7_ADJ_b,F,S,la chemise avec les recettes que j' aime beaucoup n' est pas dure <eos>,12,dure,dur,10,F,P,dure,-9.252569,dur,-10.316386,1
971,S_NOUN_7_ADJ_b,F,S,la chemise avec les recettes que j' aime beaucoup n' est pas claire <eos>,12,claire,clair,10,F,P,claire,-5.4523263,clair,-7.078686,1
972,S_NOUN_7_ADJ_b,F,S,la chemise avec les recettes que j' aime beaucoup n' est pas intéressante <eos>,12,intéressante,intéressant,10,F,P,intéressante,-8.787454,intéressant,-10.496394,1
973,S_NOUN_7_ADJ_b,F,S,la chemise avec les recettes que j' aime beaucoup n' est pas brillante <eos>,12,brillante,brillant,10,F,P,brillante,-7.1583905,brillant,-9.973806,1
974,S_NOUN_7_ADJ_b,F,S,la chemise avec les recettes que j' aime beaucoup n' est pas compliquée <eos>,12,compliquée,compliqué,10,F,P,compliquée,-11.240882,compliqué,-11.817058,1
975,S_NOUN_7_ADJ_b,F,S,la chemise avec les jupes que j' aime beaucoup n' est pas verte <eos>,12,verte,vert,10,F,P,verte,-8.021287,vert,-8.489371,1
976,S_NOUN_7_ADJ_b,F,S,la chemise avec les jupes que j' aime beaucoup n' est pas bleue <eos>,12,bleue,bleu,10,F,P,bleue,-7.885993,bleu,-7.8073196,0
977,S_NOUN_7_ADJ_b,F,S,la chemise avec les jupes que j' aime beaucoup n' est pas noire <eos>,12,noire,noir,10,F,P,noire,-7.5327263,noir,-6.6713896,0
978,S_NOUN_7_ADJ_b,F,S,la chemise avec les jupes que j' aime beaucoup n' est pas délicate <eos>,12,délicate,délicat,10,F,P,délicate,-11.086204,délicat,-11.829925,1
979,S_NOUN_7_ADJ_b,F,S,la chemise avec les jupes que j' aime beaucoup n' est pas pointue <eos>,12,pointue,pointu,10,F,P,pointue,-10.899101,pointu,-12.203854,1
980,S_NOUN_7_ADJ_b,F,S,la chemise avec les jupes que j' aime beaucoup n' est pas ronde <eos>,12,ronde,rond,10,F,P,ronde,-10.087665,rond,-8.268456,0
981,S_NOUN_7_ADJ_b,F,S,la chemise avec les jupes que j' aime beaucoup n' est pas froide <eos>,12,froide,froid,10,F,P,froide,-10.156969,froid,-12.152245,1
982,S_NOUN_7_ADJ_b,F,S,la chemise avec les jupes que j' aime beaucoup n' est pas chaude <eos>,12,chaude,chaud,10,F,P,chaude,-10.230783,chaud,-11.744898,1
983,S_NOUN_7_ADJ_b,F,S,la chemise avec les jupes que j' aime beaucoup n' est pas importante <eos>,12,importante,important,10,F,P,importante,-8.732911,important,-11.3283615,1
984,S_NOUN_7_ADJ_b,F,S,la chemise avec les jupes que j' aime beaucoup n' est pas courte <eos>,12,courte,court,10,F,P,courte,-8.635148,court,-10.262439,1
985,S_NOUN_7_ADJ_b,F,S,la chemise avec les jupes que j' aime beaucoup n' est pas dure <eos>,12,dure,dur,10,F,P,dure,-8.826203,dur,-10.138059,1
986,S_NOUN_7_ADJ_b,F,S,la chemise avec les jupes que j' aime beaucoup n' est pas claire <eos>,12,claire,clair,10,F,P,claire,-4.898428,clair,-6.4220867,1
987,S_NOUN_7_ADJ_b,F,S,la chemise avec les jupes que j' aime beaucoup n' est pas intéressante <eos>,12,intéressante,intéressant,10,F,P,intéressante,-9.636398,intéressant,-10.561452,1
988,S_NOUN_7_ADJ_b,F,S,la chemise avec les jupes que j' aime beaucoup n' est pas brillante <eos>,12,brillante,brillant,10,F,P,brillante,-6.5933723,brillant,-8.7878685,1
989,S_NOUN_7_ADJ_b,F,S,la chemise avec les jupes que j' aime beaucoup n' est pas compliquée <eos>,12,compliquée,compliqué,10,F,P,compliquée,-10.372052,compliqué,-11.667734,1
990,S_NOUN_7_ADJ_b,F,S,la chemise avec les colles que j' aime beaucoup n' est pas verte <eos>,12,verte,vert,10,F,P,verte,-8.293524,vert,-8.80553,1
991,S_NOUN_7_ADJ_b,F,S,la chemise avec les colles que j' aime beaucoup n' est pas bleue <eos>,12,bleue,bleu,10,F,P,bleue,-8.452096,bleu,-8.277498,0
992,S_NOUN_7_ADJ_b,F,S,la chemise avec les colles que j' aime beaucoup n' est pas noire <eos>,12,noire,noir,10,F,P,noire,-7.8745575,noir,-7.122402,0
993,S_NOUN_7_ADJ_b,F,S,la chemise avec les colles que j' aime beaucoup n' est pas délicate <eos>,12,délicate,délicat,10,F,P,délicate,-11.00011,délicat,-12.12772,1
994,S_NOUN_7_ADJ_b,F,S,la chemise avec les colles que j' aime beaucoup n' est pas pointue <eos>,12,pointue,pointu,10,F,P,pointue,-11.759695,pointu,-13.172451,1
995,S_NOUN_7_ADJ_b,F,S,la chemise avec les colles que j' aime beaucoup n' est pas ronde <eos>,12,ronde,rond,10,F,P,ronde,-10.494579,rond,-9.178663,0
996,S_NOUN_7_ADJ_b,F,S,la chemise avec les colles que j' aime beaucoup n' est pas froide <eos>,12,froide,froid,10,F,P,froide,-9.483147,froid,-12.279427,1
997,S_NOUN_7_ADJ_b,F,S,la chemise avec les colles que j' aime beaucoup n' est pas chaude <eos>,12,chaude,chaud,10,F,P,chaude,-9.39468,chaud,-11.81402,1
998,S_NOUN_7_ADJ_b,F,S,la chemise avec les colles que j' aime beaucoup n' est pas importante <eos>,12,importante,important,10,F,P,importante,-8.466094,important,-10.943692,1
999,S_NOUN_7_ADJ_b,F,S,la chemise avec les colles que j' aime beaucoup n' est pas courte <eos>,12,courte,court,10,F,P,courte,-9.694594,court,-11.671226,1
1000,S_NOUN_7_ADJ_b,F,S,la chemise avec les colles que j' aime beaucoup n' est pas dure <eos>,12,dure,dur,10,F,P,dure,-9.412848,dur,-10.284708,1
1001,S_NOUN_7_ADJ_b,F,S,la chemise avec les colles que j' aime beaucoup n' est pas claire <eos>,12,claire,clair,10,F,P,claire,-5.1851864,clair,-6.9464064,1
1002,S_NOUN_7_ADJ_b,F,S,la chemise avec les colles que j' aime beaucoup n' est pas intéressante <eos>,12,intéressante,intéressant,10,F,P,intéressante,-9.217987,intéressant,-10.408533,1
1003,S_NOUN_7_ADJ_b,F,S,la chemise avec les colles que j' aime beaucoup n' est pas brillante <eos>,12,brillante,brillant,10,F,P,brillante,-6.7104073,brillant,-9.372606,1
1004,S_NOUN_7_ADJ_b,F,S,la chemise avec les colles que j' aime beaucoup n' est pas compliquée <eos>,12,compliquée,compliqué,10,F,P,compliquée,-10.638144,compliqué,-11.809719,1
1005,S_NOUN_7_ADJ_b,F,S,la chemise avec les lampes que j' aime beaucoup n' est pas verte <eos>,12,verte,vert,10,F,P,verte,-7.9397197,vert,-9.040411,1
1006,S_NOUN_7_ADJ_b,F,S,la chemise avec les lampes que j' aime beaucoup n' est pas bleue <eos>,12,bleue,bleu,10,F,P,bleue,-8.315976,bleu,-8.3015585,0
1007,S_NOUN_7_ADJ_b,F,S,la chemise avec les lampes que j' aime beaucoup n' est pas noire <eos>,12,noire,noir,10,F,P,noire,-7.95473,noir,-7.293701,0
1008,S_NOUN_7_ADJ_b,F,S,la chemise avec les lampes que j' aime beaucoup n' est pas délicate <eos>,12,délicate,délicat,10,F,P,délicate,-11.462967,délicat,-12.436657,1
1009,S_NOUN_7_ADJ_b,F,S,la chemise avec les lampes que j' aime beaucoup n' est pas pointue <eos>,12,pointue,pointu,10,F,P,pointue,-12.192825,pointu,-12.864435,1
1010,S_NOUN_7_ADJ_b,F,S,la chemise avec les lampes que j' aime beaucoup n' est pas ronde <eos>,12,ronde,rond,10,F,P,ronde,-10.387944,rond,-8.833721,0
1011,S_NOUN_7_ADJ_b,F,S,la chemise avec les lampes que j' aime beaucoup n' est pas froide <eos>,12,froide,froid,10,F,P,froide,-8.454823,froid,-11.831029,1
1012,S_NOUN_7_ADJ_b,F,S,la chemise avec les lampes que j' aime beaucoup n' est pas chaude <eos>,12,chaude,chaud,10,F,P,chaude,-8.318611,chaud,-11.524923,1
1013,S_NOUN_7_ADJ_b,F,S,la chemise avec les lampes que j' aime beaucoup n' est pas importante <eos>,12,importante,important,10,F,P,importante,-8.409714,important,-10.963001,1
1014,S_NOUN_7_ADJ_b,F,S,la chemise avec les lampes que j' aime beaucoup n' est pas courte <eos>,12,courte,court,10,F,P,courte,-9.8083515,court,-11.741289,1
1015,S_NOUN_7_ADJ_b,F,S,la chemise avec les lampes que j' aime beaucoup n' est pas dure <eos>,12,dure,dur,10,F,P,dure,-9.592661,dur,-10.905058,1
1016,S_NOUN_7_ADJ_b,F,S,la chemise avec les lampes que j' aime beaucoup n' est pas claire <eos>,12,claire,clair,10,F,P,claire,-5.6821613,clair,-7.249777,1
1017,S_NOUN_7_ADJ_b,F,S,la chemise avec les lampes que j' aime beaucoup n' est pas intéressante <eos>,12,intéressante,intéressant,10,F,P,intéressante,-9.03376,intéressant,-10.3533325,1
1018,S_NOUN_7_ADJ_b,F,S,la chemise avec les lampes que j' aime beaucoup n' est pas brillante <eos>,12,brillante,brillant,10,F,P,brillante,-7.0193872,brillant,-9.935692,1
1019,S_NOUN_7_ADJ_b,F,S,la chemise avec les lampes que j' aime beaucoup n' est pas compliquée <eos>,12,compliquée,compliqué,10,F,P,compliquée,-11.167227,compliqué,-11.899793,1
1020,S_NOUN_7_ADJ_b,F,S,la chemise avec les bouteilles que j' aime beaucoup n' est pas verte <eos>,12,verte,vert,10,F,P,verte,-8.175777,vert,-8.85741,1
1021,S_NOUN_7_ADJ_b,F,S,la chemise avec les bouteilles que j' aime beaucoup n' est pas bleue <eos>,12,bleue,bleu,10,F,P,bleue,-8.270759,bleu,-8.696914,1
1022,S_NOUN_7_ADJ_b,F,S,la chemise avec les bouteilles que j' aime beaucoup n' est pas noire <eos>,12,noire,noir,10,F,P,noire,-8.273589,noir,-7.5993876,0
1023,S_NOUN_7_ADJ_b,F,S,la chemise avec les bouteilles que j' aime beaucoup n' est pas délicate <eos>,12,délicate,délicat,10,F,P,délicate,-11.49835,délicat,-12.241204,1
1024,S_NOUN_7_ADJ_b,F,S,la chemise avec les bouteilles que j' aime beaucoup n' est pas pointue <eos>,12,pointue,pointu,10,F,P,pointue,-12.405666,pointu,-13.566935,1
1025,S_NOUN_7_ADJ_b,F,S,la chemise avec les bouteilles que j' aime beaucoup n' est pas ronde <eos>,12,ronde,rond,10,F,P,ronde,-10.525175,rond,-8.818048,0
1026,S_NOUN_7_ADJ_b,F,S,la chemise avec les bouteilles que j' aime beaucoup n' est pas froide <eos>,12,froide,froid,10,F,P,froide,-8.6643715,froid,-11.414552,1
1027,S_NOUN_7_ADJ_b,F,S,la chemise avec les bouteilles que j' aime beaucoup n' est pas chaude <eos>,12,chaude,chaud,10,F,P,chaude,-8.584864,chaud,-11.123808,1
1028,S_NOUN_7_ADJ_b,F,S,la chemise avec les bouteilles que j' aime beaucoup n' est pas importante <eos>,12,importante,important,10,F,P,importante,-8.581287,important,-10.713655,1
1029,S_NOUN_7_ADJ_b,F,S,la chemise avec les bouteilles que j' aime beaucoup n' est pas courte <eos>,12,courte,court,10,F,P,courte,-9.955604,court,-11.33824,1
1030,S_NOUN_7_ADJ_b,F,S,la chemise avec les bouteilles que j' aime beaucoup n' est pas dure <eos>,12,dure,dur,10,F,P,dure,-9.13374,dur,-10.066383,1
1031,S_NOUN_7_ADJ_b,F,S,la chemise avec les bouteilles que j' aime beaucoup n' est pas claire <eos>,12,claire,clair,10,F,P,claire,-5.3586597,clair,-7.230712,1
1032,S_NOUN_7_ADJ_b,F,S,la chemise avec les bouteilles que j' aime beaucoup n' est pas intéressante <eos>,12,intéressante,intéressant,10,F,P,intéressante,-8.649237,intéressant,-10.409447,1
1033,S_NOUN_7_ADJ_b,F,S,la chemise avec les bouteilles que j' aime beaucoup n' est pas brillante <eos>,12,brillante,brillant,10,F,P,brillante,-7.8563013,brillant,-10.346576,1
1034,S_NOUN_7_ADJ_b,F,S,la chemise avec les bouteilles que j' aime beaucoup n' est pas compliquée <eos>,12,compliquée,compliqué,10,F,P,compliquée,-10.79862,compliqué,-11.688791,1
1035,S_NOUN_7_ADJ_b,F,S,la chemise avec les boissons que j' aime beaucoup n' est pas verte <eos>,12,verte,vert,10,F,P,verte,-8.150597,vert,-8.863897,1
1036,S_NOUN_7_ADJ_b,F,S,la chemise avec les boissons que j' aime beaucoup n' est pas bleue <eos>,12,bleue,bleu,10,F,P,bleue,-8.396166,bleu,-8.491037,1
1037,S_NOUN_7_ADJ_b,F,S,la chemise avec les boissons que j' aime beaucoup n' est pas noire <eos>,12,noire,noir,10,F,P,noire,-7.9322405,noir,-7.274131,0
1038,S_NOUN_7_ADJ_b,F,S,la chemise avec les boissons que j' aime beaucoup n' est pas délicate <eos>,12,délicate,délicat,10,F,P,délicate,-11.177206,délicat,-12.113042,1
1039,S_NOUN_7_ADJ_b,F,S,la chemise avec les boissons que j' aime beaucoup n' est pas pointue <eos>,12,pointue,pointu,10,F,P,pointue,-12.374664,pointu,-13.682232,1
1040,S_NOUN_7_ADJ_b,F,S,la chemise avec les boissons que j' aime beaucoup n' est pas ronde <eos>,12,ronde,rond,10,F,P,ronde,-9.947724,rond,-9.215893,0
1041,S_NOUN_7_ADJ_b,F,S,la chemise avec les boissons que j' aime beaucoup n' est pas froide <eos>,12,froide,froid,10,F,P,froide,-8.397812,froid,-11.770012,1
1042,S_NOUN_7_ADJ_b,F,S,la chemise avec les boissons que j' aime beaucoup n' est pas chaude <eos>,12,chaude,chaud,10,F,P,chaude,-8.328487,chaud,-11.344691,1
1043,S_NOUN_7_ADJ_b,F,S,la chemise avec les boissons que j' aime beaucoup n' est pas importante <eos>,12,importante,important,10,F,P,importante,-8.329637,important,-11.0734825,1
1044,S_NOUN_7_ADJ_b,F,S,la chemise avec les boissons que j' aime beaucoup n' est pas courte <eos>,12,courte,court,10,F,P,courte,-9.6801195,court,-11.665734,1
1045,S_NOUN_7_ADJ_b,F,S,la chemise avec les boissons que j' aime beaucoup n' est pas dure <eos>,12,dure,dur,10,F,P,dure,-9.36055,dur,-10.354771,1
1046,S_NOUN_7_ADJ_b,F,S,la chemise avec les boissons que j' aime beaucoup n' est pas claire <eos>,12,claire,clair,10,F,P,claire,-5.38533,clair,-7.2355146,1
1047,S_NOUN_7_ADJ_b,F,S,la chemise avec les boissons que j' aime beaucoup n' est pas intéressante <eos>,12,intéressante,intéressant,10,F,P,intéressante,-8.905648,intéressant,-10.779099,1
1048,S_NOUN_7_ADJ_b,F,S,la chemise avec les boissons que j' aime beaucoup n' est pas brillante <eos>,12,brillante,brillant,10,F,P,brillante,-7.4049788,brillant,-10.415559,1
1049,S_NOUN_7_ADJ_b,F,S,la chemise avec les boissons que j' aime beaucoup n' est pas compliquée <eos>,12,compliquée,compliqué,10,F,P,compliquée,-11.027954,compliqué,-12.115246,1
1050,S_NOUN_7_ADJ_b,F,S,la chemise avec les pommes que j' aime beaucoup n' est pas verte <eos>,12,verte,vert,10,F,P,verte,-7.455658,vert,-8.093799,1
1051,S_NOUN_7_ADJ_b,F,S,la chemise avec les pommes que j' aime beaucoup n' est pas bleue <eos>,12,bleue,bleu,10,F,P,bleue,-7.9072757,bleu,-7.9983296,1
1052,S_NOUN_7_ADJ_b,F,S,la chemise avec les pommes que j' aime beaucoup n' est pas noire <eos>,12,noire,noir,10,F,P,noire,-7.525116,noir,-7.0465345,0
1053,S_NOUN_7_ADJ_b,F,S,la chemise avec les pommes que j' aime beaucoup n' est pas délicate <eos>,12,délicate,délicat,10,F,P,délicate,-10.643741,délicat,-12.037019,1
1054,S_NOUN_7_ADJ_b,F,S,la chemise avec les pommes que j' aime beaucoup n' est pas pointue <eos>,12,pointue,pointu,10,F,P,pointue,-10.925053,pointu,-12.916525,1
1055,S_NOUN_7_ADJ_b,F,S,la chemise avec les pommes que j' aime beaucoup n' est pas ronde <eos>,12,ronde,rond,10,F,P,ronde,-9.683475,rond,-8.540826,0
1056,S_NOUN_7_ADJ_b,F,S,la chemise avec les pommes que j' aime beaucoup n' est pas froide <eos>,12,froide,froid,10,F,P,froide,-8.563789,froid,-12.131184,1
1057,S_NOUN_7_ADJ_b,F,S,la chemise avec les pommes que j' aime beaucoup n' est pas chaude <eos>,12,chaude,chaud,10,F,P,chaude,-8.777662,chaud,-11.487087,1
1058,S_NOUN_7_ADJ_b,F,S,la chemise avec les pommes que j' aime beaucoup n' est pas importante <eos>,12,importante,important,10,F,P,importante,-8.35668,important,-11.401612,1
1059,S_NOUN_7_ADJ_b,F,S,la chemise avec les pommes que j' aime beaucoup n' est pas courte <eos>,12,courte,court,10,F,P,courte,-8.954821,court,-10.9040165,1
1060,S_NOUN_7_ADJ_b,F,S,la chemise avec les pommes que j' aime beaucoup n' est pas dure <eos>,12,dure,dur,10,F,P,dure,-8.798791,dur,-9.526958,1
1061,S_NOUN_7_ADJ_b,F,S,la chemise avec les pommes que j' aime beaucoup n' est pas claire <eos>,12,claire,clair,10,F,P,claire,-4.9654016,clair,-6.8166265,1
1062,S_NOUN_7_ADJ_b,F,S,la chemise avec les pommes que j' aime beaucoup n' est pas intéressante <eos>,12,intéressante,intéressant,10,F,P,intéressante,-8.995291,intéressant,-10.88863,1
1063,S_NOUN_7_ADJ_b,F,S,la chemise avec les pommes que j' aime beaucoup n' est pas brillante <eos>,12,brillante,brillant,10,F,P,brillante,-6.7653036,brillant,-10.0933695,1
1064,S_NOUN_7_ADJ_b,F,S,la chemise avec les pommes que j' aime beaucoup n' est pas compliquée <eos>,12,compliquée,compliqué,10,F,P,compliquée,-10.642979,compliqué,-11.669453,1
1065,S_NOUN_7_ADJ_b,F,S,la chemise avec les tasses que j' aime beaucoup n' est pas verte <eos>,12,verte,vert,10,F,P,verte,-8.274121,vert,-8.836969,1
1066,S_NOUN_7_ADJ_b,F,S,la chemise avec les tasses que j' aime beaucoup n' est pas bleue <eos>,12,bleue,bleu,10,F,P,bleue,-8.754301,bleu,-8.834729,1
1067,S_NOUN_7_ADJ_b,F,S,la chemise avec les tasses que j' aime beaucoup n' est pas noire <eos>,12,noire,noir,10,F,P,noire,-8.48885,noir,-8.1222,0
1068,S_NOUN_7_ADJ_b,F,S,la chemise avec les tasses que j' aime beaucoup n' est pas délicate <eos>,12,délicate,délicat,10,F,P,délicate,-11.326519,délicat,-11.642635,1
1069,S_NOUN_7_ADJ_b,F,S,la chemise avec les tasses que j' aime beaucoup n' est pas pointue <eos>,12,pointue,pointu,10,F,P,pointue,-11.254308,pointu,-12.491455,1
1070,S_NOUN_7_ADJ_b,F,S,la chemise avec les tasses que j' aime beaucoup n' est pas ronde <eos>,12,ronde,rond,10,F,P,ronde,-9.553808,rond,-8.554138,0
1071,S_NOUN_7_ADJ_b,F,S,la chemise avec les tasses que j' aime beaucoup n' est pas froide <eos>,12,froide,froid,10,F,P,froide,-8.776609,froid,-11.373347,1
1072,S_NOUN_7_ADJ_b,F,S,la chemise avec les tasses que j' aime beaucoup n' est pas chaude <eos>,12,chaude,chaud,10,F,P,chaude,-8.153535,chaud,-10.701126,1
1073,S_NOUN_7_ADJ_b,F,S,la chemise avec les tasses que j' aime beaucoup n' est pas importante <eos>,12,importante,important,10,F,P,importante,-8.6749115,important,-10.97599,1
1074,S_NOUN_7_ADJ_b,F,S,la chemise avec les tasses que j' aime beaucoup n' est pas courte <eos>,12,courte,court,10,F,P,courte,-9.8012495,court,-11.450117,1
1075,S_NOUN_7_ADJ_b,F,S,la chemise avec les tasses que j' aime beaucoup n' est pas dure <eos>,12,dure,dur,10,F,P,dure,-9.244684,dur,-10.263613,1
1076,S_NOUN_7_ADJ_b,F,S,la chemise avec les tasses que j' aime beaucoup n' est pas claire <eos>,12,claire,clair,10,F,P,claire,-5.6657004,clair,-7.375715,1
1077,S_NOUN_7_ADJ_b,F,S,la chemise avec les tasses que j' aime beaucoup n' est pas intéressante <eos>,12,intéressante,intéressant,10,F,P,intéressante,-8.9989395,intéressant,-10.363186,1
1078,S_NOUN_7_ADJ_b,F,S,la chemise avec les tasses que j' aime beaucoup n' est pas brillante <eos>,12,brillante,brillant,10,F,P,brillante,-7.5337944,brillant,-9.58112,1
1079,S_NOUN_7_ADJ_b,F,S,la chemise avec les tasses que j' aime beaucoup n' est pas compliquée <eos>,12,compliquée,compliqué,10,F,P,compliquée,-11.030894,compliqué,-11.492772,1
1080,S_NOUN_7_ADJ_b,F,S,la chemise avec les bougies que j' aime beaucoup n' est pas verte <eos>,12,verte,vert,10,F,P,verte,-7.8380876,vert,-8.428835,1
1081,S_NOUN_7_ADJ_b,F,S,la chemise avec les bougies que j' aime beaucoup n' est pas bleue <eos>,12,bleue,bleu,10,F,P,bleue,-8.158537,bleu,-7.864851,0
1082,S_NOUN_7_ADJ_b,F,S,la chemise avec les bougies que j' aime beaucoup n' est pas noire <eos>,12,noire,noir,10,F,P,noire,-7.543523,noir,-7.0889482,0
1083,S_NOUN_7_ADJ_b,F,S,la chemise avec les bougies que j' aime beaucoup n' est pas délicate <eos>,12,délicate,délicat,10,F,P,délicate,-11.307153,délicat,-12.229486,1
1084,S_NOUN_7_ADJ_b,F,S,la chemise avec les bougies que j' aime beaucoup n' est pas pointue <eos>,12,pointue,pointu,10,F,P,pointue,-11.493433,pointu,-12.716774,1
1085,S_NOUN_7_ADJ_b,F,S,la chemise avec les bougies que j' aime beaucoup n' est pas ronde <eos>,12,ronde,rond,10,F,P,ronde,-9.75337,rond,-8.387617,0
1086,S_NOUN_7_ADJ_b,F,S,la chemise avec les bougies que j' aime beaucoup n' est pas froide <eos>,12,froide,froid,10,F,P,froide,-9.300501,froid,-12.121474,1
1087,S_NOUN_7_ADJ_b,F,S,la chemise avec les bougies que j' aime beaucoup n' est pas chaude <eos>,12,chaude,chaud,10,F,P,chaude,-9.072814,chaud,-11.76606,1
1088,S_NOUN_7_ADJ_b,F,S,la chemise avec les bougies que j' aime beaucoup n' est pas importante <eos>,12,importante,important,10,F,P,importante,-8.62549,important,-11.195698,1
1089,S_NOUN_7_ADJ_b,F,S,la chemise avec les bougies que j' aime beaucoup n' est pas courte <eos>,12,courte,court,10,F,P,courte,-9.212714,court,-11.24086,1
1090,S_NOUN_7_ADJ_b,F,S,la chemise avec les bougies que j' aime beaucoup n' est pas dure <eos>,12,dure,dur,10,F,P,dure,-9.22245,dur,-10.190031,1
1091,S_NOUN_7_ADJ_b,F,S,la chemise avec les bougies que j' aime beaucoup n' est pas claire <eos>,12,claire,clair,10,F,P,claire,-5.3309956,clair,-6.7836103,1
1092,S_NOUN_7_ADJ_b,F,S,la chemise avec les bougies que j' aime beaucoup n' est pas intéressante <eos>,12,intéressante,intéressant,10,F,P,intéressante,-9.855179,intéressant,-10.836358,1
1093,S_NOUN_7_ADJ_b,F,S,la chemise avec les bougies que j' aime beaucoup n' est pas brillante <eos>,12,brillante,brillant,10,F,P,brillante,-7.163129,brillant,-9.91519,1
1094,S_NOUN_7_ADJ_b,F,S,la chemise avec les bougies que j' aime beaucoup n' est pas compliquée <eos>,12,compliquée,compliqué,10,F,P,compliquée,-11.379704,compliqué,-11.867679,1
1095,S_NOUN_7_ADJ_b,F,S,la chemise avec les pochettes que j' aime beaucoup n' est pas verte <eos>,12,verte,vert,10,F,P,verte,-8.640287,vert,-9.311043,1
1096,S_NOUN_7_ADJ_b,F,S,la chemise avec les pochettes que j' aime beaucoup n' est pas bleue <eos>,12,bleue,bleu,10,F,P,bleue,-8.151886,bleu,-8.707849,1
1097,S_NOUN_7_ADJ_b,F,S,la chemise avec les pochettes que j' aime beaucoup n' est pas noire <eos>,12,noire,noir,10,F,P,noire,-8.044874,noir,-7.3870816,0
1098,S_NOUN_7_ADJ_b,F,S,la chemise avec les pochettes que j' aime beaucoup n' est pas délicate <eos>,12,délicate,délicat,10,F,P,délicate,-12.244427,délicat,-13.364723,1
1099,S_NOUN_7_ADJ_b,F,S,la chemise avec les pochettes que j' aime beaucoup n' est pas pointue <eos>,12,pointue,pointu,10,F,P,pointue,-12.176175,pointu,-13.267548,1
1100,S_NOUN_7_ADJ_b,F,S,la chemise avec les pochettes que j' aime beaucoup n' est pas ronde <eos>,12,ronde,rond,10,F,P,ronde,-10.41784,rond,-8.993549,0
1101,S_NOUN_7_ADJ_b,F,S,la chemise avec les pochettes que j' aime beaucoup n' est pas froide <eos>,12,froide,froid,10,F,P,froide,-10.531607,froid,-12.980976,1
1102,S_NOUN_7_ADJ_b,F,S,la chemise avec les pochettes que j' aime beaucoup n' est pas chaude <eos>,12,chaude,chaud,10,F,P,chaude,-9.574822,chaud,-13.077686,1
1103,S_NOUN_7_ADJ_b,F,S,la chemise avec les pochettes que j' aime beaucoup n' est pas importante <eos>,12,importante,important,10,F,P,importante,-8.11057,important,-10.695084,1
1104,S_NOUN_7_ADJ_b,F,S,la chemise avec les pochettes que j' aime beaucoup n' est pas courte <eos>,12,courte,court,10,F,P,courte,-9.292374,court,-11.2083,1
1105,S_NOUN_7_ADJ_b,F,S,la chemise avec les pochettes que j' aime beaucoup n' est pas dure <eos>,12,dure,dur,10,F,P,dure,-8.6199665,dur,-9.388361,1
1106,S_NOUN_7_ADJ_b,F,S,la chemise avec les pochettes que j' aime beaucoup n' est pas claire <eos>,12,claire,clair,10,F,P,claire,-5.1010494,clair,-6.944687,1
1107,S_NOUN_7_ADJ_b,F,S,la chemise avec les pochettes que j' aime beaucoup n' est pas intéressante <eos>,12,intéressante,intéressant,10,F,P,intéressante,-8.452507,intéressant,-10.511187,1
1108,S_NOUN_7_ADJ_b,F,S,la chemise avec les pochettes que j' aime beaucoup n' est pas brillante <eos>,12,brillante,brillant,10,F,P,brillante,-7.9494424,brillant,-10.770132,1
1109,S_NOUN_7_ADJ_b,F,S,la chemise avec les pochettes que j' aime beaucoup n' est pas compliquée <eos>,12,compliquée,compliqué,10,F,P,compliquée,-10.803332,compliqué,-12.168774,1
1110,S_NOUN_7_ADJ_b,F,S,la chemise avec les bananes que j' aime beaucoup n' est pas verte <eos>,12,verte,vert,10,F,P,verte,-7.3497972,vert,-8.135767,1
1111,S_NOUN_7_ADJ_b,F,S,la chemise avec les bananes que j' aime beaucoup n' est pas bleue <eos>,12,bleue,bleu,10,F,P,bleue,-7.801391,bleu,-7.9111924,1
1112,S_NOUN_7_ADJ_b,F,S,la chemise avec les bananes que j' aime beaucoup n' est pas noire <eos>,12,noire,noir,10,F,P,noire,-7.3409705,noir,-6.9404645,0
1113,S_NOUN_7_ADJ_b,F,S,la chemise avec les bananes que j' aime beaucoup n' est pas délicate <eos>,12,délicate,délicat,10,F,P,délicate,-11.226891,délicat,-12.372707,1
1114,S_NOUN_7_ADJ_b,F,S,la chemise avec les bananes que j' aime beaucoup n' est pas pointue <eos>,12,pointue,pointu,10,F,P,pointue,-10.741177,pointu,-12.396551,1
1115,S_NOUN_7_ADJ_b,F,S,la chemise avec les bananes que j' aime beaucoup n' est pas ronde <eos>,12,ronde,rond,10,F,P,ronde,-9.543824,rond,-8.412546,0
1116,S_NOUN_7_ADJ_b,F,S,la chemise avec les bananes que j' aime beaucoup n' est pas froide <eos>,12,froide,froid,10,F,P,froide,-9.173528,froid,-12.646986,1
1117,S_NOUN_7_ADJ_b,F,S,la chemise avec les bananes que j' aime beaucoup n' est pas chaude <eos>,12,chaude,chaud,10,F,P,chaude,-9.002899,chaud,-11.857544,1
1118,S_NOUN_7_ADJ_b,F,S,la chemise avec les bananes que j' aime beaucoup n' est pas importante <eos>,12,importante,important,10,F,P,importante,-8.504803,important,-11.410012,1
1119,S_NOUN_7_ADJ_b,F,S,la chemise avec les bananes que j' aime beaucoup n' est pas courte <eos>,12,courte,court,10,F,P,courte,-8.994961,court,-11.035688,1
1120,S_NOUN_7_ADJ_b,F,S,la chemise avec les bananes que j' aime beaucoup n' est pas dure <eos>,12,dure,dur,10,F,P,dure,-8.664949,dur,-9.292732,1
1121,S_NOUN_7_ADJ_b,F,S,la chemise avec les bananes que j' aime beaucoup n' est pas claire <eos>,12,claire,clair,10,F,P,claire,-5.064504,clair,-6.569985,1
1122,S_NOUN_7_ADJ_b,F,S,la chemise avec les bananes que j' aime beaucoup n' est pas intéressante <eos>,12,intéressante,intéressant,10,F,P,intéressante,-9.000254,intéressant,-10.870869,1
1123,S_NOUN_7_ADJ_b,F,S,la chemise avec les bananes que j' aime beaucoup n' est pas brillante <eos>,12,brillante,brillant,10,F,P,brillante,-6.777957,brillant,-9.570216,1
1124,S_NOUN_7_ADJ_b,F,S,la chemise avec les bananes que j' aime beaucoup n' est pas compliquée <eos>,12,compliquée,compliqué,10,F,P,compliquée,-10.771657,compliqué,-11.777983,1
1125,S_NOUN_7_ADJ_b,F,S,la chemise avec les robes que j' aime beaucoup n' est pas verte <eos>,12,verte,vert,10,F,P,verte,-7.760316,vert,-8.402122,1
1126,S_NOUN_7_ADJ_b,F,S,la chemise avec les robes que j' aime beaucoup n' est pas bleue <eos>,12,bleue,bleu,10,F,P,bleue,-7.8079853,bleu,-7.790222,0
1127,S_NOUN_7_ADJ_b,F,S,la chemise avec les robes que j' aime beaucoup n' est pas noire <eos>,12,noire,noir,10,F,P,noire,-7.217472,noir,-6.7064667,0
1128,S_NOUN_7_ADJ_b,F,S,la chemise avec les robes que j' aime beaucoup n' est pas délicate <eos>,12,délicate,délicat,10,F,P,délicate,-11.211424,délicat,-11.940681,1
1129,S_NOUN_7_ADJ_b,F,S,la chemise avec les robes que j' aime beaucoup n' est pas pointue <eos>,12,pointue,pointu,10,F,P,pointue,-11.3710985,pointu,-12.348185,1
1130,S_NOUN_7_ADJ_b,F,S,la chemise avec les robes que j' aime beaucoup n' est pas ronde <eos>,12,ronde,rond,10,F,P,ronde,-9.942288,rond,-8.551794,0
1131,S_NOUN_7_ADJ_b,F,S,la chemise avec les robes que j' aime beaucoup n' est pas froide <eos>,12,froide,froid,10,F,P,froide,-10.199267,froid,-12.700135,1
1132,S_NOUN_7_ADJ_b,F,S,la chemise avec les robes que j' aime beaucoup n' est pas chaude <eos>,12,chaude,chaud,10,F,P,chaude,-10.151175,chaud,-12.337162,1
1133,S_NOUN_7_ADJ_b,F,S,la chemise avec les robes que j' aime beaucoup n' est pas importante <eos>,12,importante,important,10,F,P,importante,-8.264746,important,-10.8930025,1
1134,S_NOUN_7_ADJ_b,F,S,la chemise avec les robes que j' aime beaucoup n' est pas courte <eos>,12,courte,court,10,F,P,courte,-9.051186,court,-10.81764,1
1135,S_NOUN_7_ADJ_b,F,S,la chemise avec les robes que j' aime beaucoup n' est pas dure <eos>,12,dure,dur,10,F,P,dure,-9.488185,dur,-10.429191,1
1136,S_NOUN_7_ADJ_b,F,S,la chemise avec les robes que j' aime beaucoup n' est pas claire <eos>,12,claire,clair,10,F,P,claire,-4.7776814,clair,-6.261792,1
1137,S_NOUN_7_ADJ_b,F,S,la chemise avec les robes que j' aime beaucoup n' est pas intéressante <eos>,12,intéressante,intéressant,10,F,P,intéressante,-9.605886,intéressant,-10.661007,1
1138,S_NOUN_7_ADJ_b,F,S,la chemise avec les robes que j' aime beaucoup n' est pas brillante <eos>,12,brillante,brillant,10,F,P,brillante,-6.975216,brillant,-9.50173,1
1139,S_NOUN_7_ADJ_b,F,S,la chemise avec les robes que j' aime beaucoup n' est pas compliquée <eos>,12,compliquée,compliqué,10,F,P,compliquée,-10.860813,compliqué,-11.982723,1
1140,S_NOUN_7_ADJ_b,F,S,la chemise avec les valises que j' aime beaucoup n' est pas verte <eos>,12,verte,vert,10,F,P,verte,-8.026662,vert,-9.0361395,1
1141,S_NOUN_7_ADJ_b,F,S,la chemise avec les valises que j' aime beaucoup n' est pas bleue <eos>,12,bleue,bleu,10,F,P,bleue,-7.790391,bleu,-8.629042,1
1142,S_NOUN_7_ADJ_b,F,S,la chemise avec les valises que j' aime beaucoup n' est pas noire <eos>,12,noire,noir,10,F,P,noire,-7.9487267,noir,-7.4478445,0
1143,S_NOUN_7_ADJ_b,F,S,la chemise avec les valises que j' aime beaucoup n' est pas délicate <eos>,12,délicate,délicat,10,F,P,délicate,-11.4469185,délicat,-12.978198,1
1144,S_NOUN_7_ADJ_b,F,S,la chemise avec les valises que j' aime beaucoup n' est pas pointue <eos>,12,pointue,pointu,10,F,P,pointue,-11.181442,pointu,-12.880322,1
1145,S_NOUN_7_ADJ_b,F,S,la chemise avec les valises que j' aime beaucoup n' est pas ronde <eos>,12,ronde,rond,10,F,P,ronde,-9.899017,rond,-8.590628,0
1146,S_NOUN_7_ADJ_b,F,S,la chemise avec les valises que j' aime beaucoup n' est pas froide <eos>,12,froide,froid,10,F,P,froide,-9.727169,froid,-12.518211,1
1147,S_NOUN_7_ADJ_b,F,S,la chemise avec les valises que j' aime beaucoup n' est pas chaude <eos>,12,chaude,chaud,10,F,P,chaude,-9.151131,chaud,-11.81682,1
1148,S_NOUN_7_ADJ_b,F,S,la chemise avec les valises que j' aime beaucoup n' est pas importante <eos>,12,importante,important,10,F,P,importante,-8.252476,important,-11.127799,1
1149,S_NOUN_7_ADJ_b,F,S,la chemise avec les valises que j' aime beaucoup n' est pas courte <eos>,12,courte,court,10,F,P,courte,-9.463135,court,-11.351493,1
1150,S_NOUN_7_ADJ_b,F,S,la chemise avec les valises que j' aime beaucoup n' est pas dure <eos>,12,dure,dur,10,F,P,dure,-9.154725,dur,-10.499769,1
1151,S_NOUN_7_ADJ_b,F,S,la chemise avec les valises que j' aime beaucoup n' est pas claire <eos>,12,claire,clair,10,F,P,claire,-5.4388103,clair,-7.212425,1
1152,S_NOUN_7_ADJ_b,F,S,la chemise avec les valises que j' aime beaucoup n' est pas intéressante <eos>,12,intéressante,intéressant,10,F,P,intéressante,-8.779415,intéressant,-10.569174,1
1153,S_NOUN_7_ADJ_b,F,S,la chemise avec les valises que j' aime beaucoup n' est pas brillante <eos>,12,brillante,brillant,10,F,P,brillante,-7.002683,brillant,-9.912227,1
1154,S_NOUN_7_ADJ_b,F,S,la chemise avec les valises que j' aime beaucoup n' est pas compliquée <eos>,12,compliquée,compliqué,10,F,P,compliquée,-10.410826,compliqué,-11.949254,1
1155,S_NOUN_7_ADJ_b,F,S,la chemise avec les pendules que j' aime beaucoup n' est pas verte <eos>,12,verte,vert,10,F,P,verte,-8.759252,vert,-9.57716,1
1156,S_NOUN_7_ADJ_b,F,S,la chemise avec les pendules que j' aime beaucoup n' est pas bleue <eos>,12,bleue,bleu,10,F,P,bleue,-8.800614,bleu,-8.799157,0
1157,S_NOUN_7_ADJ_b,F,S,la chemise avec les pendules que j' aime beaucoup n' est pas noire <eos>,12,noire,noir,10,F,P,noire,-8.207052,noir,-7.4598355,0
1158,S_NOUN_7_ADJ_b,F,S,la chemise avec les pendules que j' aime beaucoup n' est pas délicate <eos>,12,délicate,délicat,10,F,P,délicate,-11.295074,délicat,-12.068493,1
1159,S_NOUN_7_ADJ_b,F,S,la chemise avec les pendules que j' aime beaucoup n' est pas pointue <eos>,12,pointue,pointu,10,F,P,pointue,-12.39639,pointu,-13.148803,1
1160,S_NOUN_7_ADJ_b,F,S,la chemise avec les pendules que j' aime beaucoup n' est pas ronde <eos>,12,ronde,rond,10,F,P,ronde,-10.795267,rond,-9.128832,0
1161,S_NOUN_7_ADJ_b,F,S,la chemise avec les pendules que j' aime beaucoup n' est pas froide <eos>,12,froide,froid,10,F,P,froide,-8.921419,froid,-11.842308,1
1162,S_NOUN_7_ADJ_b,F,S,la chemise avec les pendules que j' aime beaucoup n' est pas chaude <eos>,12,chaude,chaud,10,F,P,chaude,-8.447969,chaud,-11.4574,1
1163,S_NOUN_7_ADJ_b,F,S,la chemise avec les pendules que j' aime beaucoup n' est pas importante <eos>,12,importante,important,10,F,P,importante,-8.353371,important,-10.703416,1
1164,S_NOUN_7_ADJ_b,F,S,la chemise avec les pendules que j' aime beaucoup n' est pas courte <eos>,12,courte,court,10,F,P,courte,-9.791174,court,-11.62194,1
1165,S_NOUN_7_ADJ_b,F,S,la chemise avec les pendules que j' aime beaucoup n' est pas dure <eos>,12,dure,dur,10,F,P,dure,-9.395477,dur,-10.772327,1
1166,S_NOUN_7_ADJ_b,F,S,la chemise avec les pendules que j' aime beaucoup n' est pas claire <eos>,12,claire,clair,10,F,P,claire,-5.6468806,clair,-7.5072637,1
1167,S_NOUN_7_ADJ_b,F,S,la chemise avec les pendules que j' aime beaucoup n' est pas intéressante <eos>,12,intéressante,intéressant,10,F,P,intéressante,-9.079013,intéressant,-10.2464485,1
1168,S_NOUN_7_ADJ_b,F,S,la chemise avec les pendules que j' aime beaucoup n' est pas brillante <eos>,12,brillante,brillant,10,F,P,brillante,-7.1850896,brillant,-9.892834,1
1169,S_NOUN_7_ADJ_b,F,S,la chemise avec les pendules que j' aime beaucoup n' est pas compliquée <eos>,12,compliquée,compliqué,10,F,P,compliquée,-10.816288,compliqué,-11.596457,1
1170,S_NOUN_7_ADJ_b,F,S,la chemise avec les cloches que j' aime beaucoup n' est pas verte <eos>,12,verte,vert,10,F,P,verte,-8.670285,vert,-9.126675,1
1171,S_NOUN_7_ADJ_b,F,S,la chemise avec les cloches que j' aime beaucoup n' est pas bleue <eos>,12,bleue,bleu,10,F,P,bleue,-8.974378,bleu,-8.659031,0
1172,S_NOUN_7_ADJ_b,F,S,la chemise avec les cloches que j' aime beaucoup n' est pas noire <eos>,12,noire,noir,10,F,P,noire,-8.180065,noir,-7.684689,0
1173,S_NOUN_7_ADJ_b,F,S,la chemise avec les cloches que j' aime beaucoup n' est pas délicate <eos>,12,délicate,délicat,10,F,P,délicate,-11.548236,délicat,-12.141655,1
1174,S_NOUN_7_ADJ_b,F,S,la chemise avec les cloches que j' aime beaucoup n' est pas pointue <eos>,12,pointue,pointu,10,F,P,pointue,-11.2051935,pointu,-12.644313,1
1175,S_NOUN_7_ADJ_b,F,S,la chemise avec les cloches que j' aime beaucoup n' est pas ronde <eos>,12,ronde,rond,10,F,P,ronde,-10.170583,rond,-8.8683815,0
1176,S_NOUN_7_ADJ_b,F,S,la chemise avec les cloches que j' aime beaucoup n' est pas froide <eos>,12,froide,froid,10,F,P,froide,-9.949923,froid,-12.401276,1
1177,S_NOUN_7_ADJ_b,F,S,la chemise avec les cloches que j' aime beaucoup n' est pas chaude <eos>,12,chaude,chaud,10,F,P,chaude,-9.585619,chaud,-12.062088,1
1178,S_NOUN_7_ADJ_b,F,S,la chemise avec les cloches que j' aime beaucoup n' est pas importante <eos>,12,importante,important,10,F,P,importante,-8.235406,important,-10.776476,1
1179,S_NOUN_7_ADJ_b,F,S,la chemise avec les cloches que j' aime beaucoup n' est pas courte <eos>,12,courte,court,10,F,P,courte,-9.282116,court,-11.155756,1
1180,S_NOUN_7_ADJ_b,F,S,la chemise avec les cloches que j' aime beaucoup n' est pas dure <eos>,12,dure,dur,10,F,P,dure,-9.5413885,dur,-10.512848,1
1181,S_NOUN_7_ADJ_b,F,S,la chemise avec les cloches que j' aime beaucoup n' est pas claire <eos>,12,claire,clair,10,F,P,claire,-5.7891283,clair,-7.1862717,1
1182,S_NOUN_7_ADJ_b,F,S,la chemise avec les cloches que j' aime beaucoup n' est pas intéressante <eos>,12,intéressante,intéressant,10,F,P,intéressante,-9.181427,intéressant,-10.122018,1
1183,S_NOUN_7_ADJ_b,F,S,la chemise avec les cloches que j' aime beaucoup n' est pas brillante <eos>,12,brillante,brillant,10,F,P,brillante,-7.304042,brillant,-10.111283,1
1184,S_NOUN_7_ADJ_b,F,S,la chemise avec les cloches que j' aime beaucoup n' est pas compliquée <eos>,12,compliquée,compliqué,10,F,P,compliquée,-11.160244,compliqué,-11.76103,1
1185,S_NOUN_7_ADJ_b,F,S,la chemise avec les cerises que j' aime beaucoup n' est pas verte <eos>,12,verte,vert,10,F,P,verte,-7.720767,vert,-7.9832335,1
1186,S_NOUN_7_ADJ_b,F,S,la chemise avec les cerises que j' aime beaucoup n' est pas bleue <eos>,12,bleue,bleu,10,F,P,bleue,-8.034891,bleu,-7.659465,0
1187,S_NOUN_7_ADJ_b,F,S,la chemise avec les cerises que j' aime beaucoup n' est pas noire <eos>,12,noire,noir,10,F,P,noire,-7.5786724,noir,-6.7004967,0
1188,S_NOUN_7_ADJ_b,F,S,la chemise avec les cerises que j' aime beaucoup n' est pas délicate <eos>,12,délicate,délicat,10,F,P,délicate,-11.114318,délicat,-11.9671335,1
1189,S_NOUN_7_ADJ_b,F,S,la chemise avec les cerises que j' aime beaucoup n' est pas pointue <eos>,12,pointue,pointu,10,F,P,pointue,-11.622303,pointu,-12.535698,1
1190,S_NOUN_7_ADJ_b,F,S,la chemise avec les cerises que j' aime beaucoup n' est pas ronde <eos>,12,ronde,rond,10,F,P,ronde,-9.989456,rond,-8.022007,0
1191,S_NOUN_7_ADJ_b,F,S,la chemise avec les cerises que j' aime beaucoup n' est pas froide <eos>,12,froide,froid,10,F,P,froide,-9.237491,froid,-11.898281,1
1192,S_NOUN_7_ADJ_b,F,S,la chemise avec les cerises que j' aime beaucoup n' est pas chaude <eos>,12,chaude,chaud,10,F,P,chaude,-9.508074,chaud,-11.542534,1
1193,S_NOUN_7_ADJ_b,F,S,la chemise avec les cerises que j' aime beaucoup n' est pas importante <eos>,12,importante,important,10,F,P,importante,-8.811168,important,-11.143851,1
1194,S_NOUN_7_ADJ_b,F,S,la chemise avec les cerises que j' aime beaucoup n' est pas courte <eos>,12,courte,court,10,F,P,courte,-9.5007515,court,-10.970083,1
1195,S_NOUN_7_ADJ_b,F,S,la chemise avec les cerises que j' aime beaucoup n' est pas dure <eos>,12,dure,dur,10,F,P,dure,-9.363433,dur,-9.777386,1
1196,S_NOUN_7_ADJ_b,F,S,la chemise avec les cerises que j' aime beaucoup n' est pas claire <eos>,12,claire,clair,10,F,P,claire,-5.126867,clair,-6.6026187,1
1197,S_NOUN_7_ADJ_b,F,S,la chemise avec les cerises que j' aime beaucoup n' est pas intéressante <eos>,12,intéressante,intéressant,10,F,P,intéressante,-9.257118,intéressant,-10.4941845,1
1198,S_NOUN_7_ADJ_b,F,S,la chemise avec les cerises que j' aime beaucoup n' est pas brillante <eos>,12,brillante,brillant,10,F,P,brillante,-6.9773498,brillant,-9.530662,1
1199,S_NOUN_7_ADJ_b,F,S,la chemise avec les cerises que j' aime beaucoup n' est pas compliquée <eos>,12,compliquée,compliqué,10,F,P,compliquée,-11.147736,compliqué,-11.780476,1
1200,S_NOUN_7_ADJ_b,F,S,la recette avec les gemmes que j' aime beaucoup n' est pas verte <eos>,12,verte,vert,10,F,P,verte,-9.424247,vert,-10.568092,1
1201,S_NOUN_7_ADJ_b,F,S,la recette avec les gemmes que j' aime beaucoup n' est pas bleue <eos>,12,bleue,bleu,10,F,P,bleue,-9.39369,bleu,-9.972767,1
1202,S_NOUN_7_ADJ_b,F,S,la recette avec les gemmes que j' aime beaucoup n' est pas noire <eos>,12,noire,noir,10,F,P,noire,-8.8638935,noir,-8.919471,1
1203,S_NOUN_7_ADJ_b,F,S,la recette avec les gemmes que j' aime beaucoup n' est pas délicate <eos>,12,délicate,délicat,10,F,P,délicate,-10.688804,délicat,-12.797327,1
1204,S_NOUN_7_ADJ_b,F,S,la recette avec les gemmes que j' aime beaucoup n' est pas pointue <eos>,12,pointue,pointu,10,F,P,pointue,-12.653783,pointu,-14.595023,1
1205,S_NOUN_7_ADJ_b,F,S,la recette avec les gemmes que j' aime beaucoup n' est pas ronde <eos>,12,ronde,rond,10,F,P,ronde,-10.669348,rond,-10.38371,0
1206,S_NOUN_7_ADJ_b,F,S,la recette avec les gemmes que j' aime beaucoup n' est pas froide <eos>,12,froide,froid,10,F,P,froide,-9.324285,froid,-12.658178,1
1207,S_NOUN_7_ADJ_b,F,S,la recette avec les gemmes que j' aime beaucoup n' est pas chaude <eos>,12,chaude,chaud,10,F,P,chaude,-9.929053,chaud,-13.149821,1
1208,S_NOUN_7_ADJ_b,F,S,la recette avec les gemmes que j' aime beaucoup n' est pas importante <eos>,12,importante,important,10,F,P,importante,-7.997049,important,-11.063984,1
1209,S_NOUN_7_ADJ_b,F,S,la recette avec les gemmes que j' aime beaucoup n' est pas courte <eos>,12,courte,court,10,F,P,courte,-10.278215,court,-12.954189,1
1210,S_NOUN_7_ADJ_b,F,S,la recette avec les gemmes que j' aime beaucoup n' est pas dure <eos>,12,dure,dur,10,F,P,dure,-10.489246,dur,-11.914516,1
1211,S_NOUN_7_ADJ_b,F,S,la recette avec les gemmes que j' aime beaucoup n' est pas claire <eos>,12,claire,clair,10,F,P,claire,-4.2184467,clair,-6.305606,1
1212,S_NOUN_7_ADJ_b,F,S,la recette avec les gemmes que j' aime beaucoup n' est pas intéressante <eos>,12,intéressante,intéressant,10,F,P,intéressante,-7.2991276,intéressant,-10.585257,1
1213,S_NOUN_7_ADJ_b,F,S,la recette avec les gemmes que j' aime beaucoup n' est pas brillante <eos>,12,brillante,brillant,10,F,P,brillante,-8.128326,brillant,-11.670068,1
1214,S_NOUN_7_ADJ_b,F,S,la recette avec les gemmes que j' aime beaucoup n' est pas compliquée <eos>,12,compliquée,compliqué,10,F,P,compliquée,-9.527839,compliqué,-10.636261,1
1215,S_NOUN_7_ADJ_b,F,S,la recette avec les chaises que j' aime beaucoup n' est pas verte <eos>,12,verte,vert,10,F,P,verte,-10.546045,vert,-11.884878,1
1216,S_NOUN_7_ADJ_b,F,S,la recette avec les chaises que j' aime beaucoup n' est pas bleue <eos>,12,bleue,bleu,10,F,P,bleue,-10.255082,bleu,-11.171183,1
1217,S_NOUN_7_ADJ_b,F,S,la recette avec les chaises que j' aime beaucoup n' est pas noire <eos>,12,noire,noir,10,F,P,noire,-9.740013,noir,-9.92982,1
1218,S_NOUN_7_ADJ_b,F,S,la recette avec les chaises que j' aime beaucoup n' est pas délicate <eos>,12,délicate,délicat,10,F,P,délicate,-10.387815,délicat,-11.942103,1
1219,S_NOUN_7_ADJ_b,F,S,la recette avec les chaises que j' aime beaucoup n' est pas pointue <eos>,12,pointue,pointu,10,F,P,pointue,-12.456083,pointu,-14.759829,1
1220,S_NOUN_7_ADJ_b,F,S,la recette avec les chaises que j' aime beaucoup n' est pas ronde <eos>,12,ronde,rond,10,F,P,ronde,-10.042114,rond,-9.648957,0
1221,S_NOUN_7_ADJ_b,F,S,la recette avec les chaises que j' aime beaucoup n' est pas froide <eos>,12,froide,froid,10,F,P,froide,-9.850372,froid,-12.328855,1
1222,S_NOUN_7_ADJ_b,F,S,la recette avec les chaises que j' aime beaucoup n' est pas chaude <eos>,12,chaude,chaud,10,F,P,chaude,-9.706053,chaud,-12.634012,1
1223,S_NOUN_7_ADJ_b,F,S,la recette avec les chaises que j' aime beaucoup n' est pas importante <eos>,12,importante,important,10,F,P,importante,-7.7739573,important,-10.773544,1
1224,S_NOUN_7_ADJ_b,F,S,la recette avec les chaises que j' aime beaucoup n' est pas courte <eos>,12,courte,court,10,F,P,courte,-10.238808,court,-12.575478,1
1225,S_NOUN_7_ADJ_b,F,S,la recette avec les chaises que j' aime beaucoup n' est pas dure <eos>,12,dure,dur,10,F,P,dure,-9.795682,dur,-12.3345995,1
1226,S_NOUN_7_ADJ_b,F,S,la recette avec les chaises que j' aime beaucoup n' est pas claire <eos>,12,claire,clair,10,F,P,claire,-4.4831643,clair,-6.9632936,1
1227,S_NOUN_7_ADJ_b,F,S,la recette avec les chaises que j' aime beaucoup n' est pas intéressante <eos>,12,intéressante,intéressant,10,F,P,intéressante,-7.0960665,intéressant,-10.544853,1
1228,S_NOUN_7_ADJ_b,F,S,la recette avec les chaises que j' aime beaucoup n' est pas brillante <eos>,12,brillante,brillant,10,F,P,brillante,-8.922835,brillant,-12.643799,1
1229,S_NOUN_7_ADJ_b,F,S,la recette avec les chaises que j' aime beaucoup n' est pas compliquée <eos>,12,compliquée,compliqué,10,F,P,compliquée,-8.955024,compliqué,-10.630177,1
1230,S_NOUN_7_ADJ_b,F,S,la recette avec les poubelles que j' aime beaucoup n' est pas verte <eos>,12,verte,vert,10,F,P,verte,-9.839658,vert,-11.526832,1
1231,S_NOUN_7_ADJ_b,F,S,la recette avec les poubelles que j' aime beaucoup n' est pas bleue <eos>,12,bleue,bleu,10,F,P,bleue,-10.434072,bleu,-11.477129,1
1232,S_NOUN_7_ADJ_b,F,S,la recette avec les poubelles que j' aime beaucoup n' est pas noire <eos>,12,noire,noir,10,F,P,noire,-9.669833,noir,-9.76887,1
1233,S_NOUN_7_ADJ_b,F,S,la recette avec les poubelles que j' aime beaucoup n' est pas délicate <eos>,12,délicate,délicat,10,F,P,délicate,-10.607762,délicat,-11.996864,1
1234,S_NOUN_7_ADJ_b,F,S,la recette avec les poubelles que j' aime beaucoup n' est pas pointue <eos>,12,pointue,pointu,10,F,P,pointue,-12.420643,pointu,-14.753868,1
1235,S_NOUN_7_ADJ_b,F,S,la recette avec les poubelles que j' aime beaucoup n' est pas ronde <eos>,12,ronde,rond,10,F,P,ronde,-11.155907,rond,-10.546607,0
1236,S_NOUN_7_ADJ_b,F,S,la recette avec les poubelles que j' aime beaucoup n' est pas froide <eos>,12,froide,froid,10,F,P,froide,-9.856754,froid,-12.261926,1
1237,S_NOUN_7_ADJ_b,F,S,la recette avec les poubelles que j' aime beaucoup n' est pas chaude <eos>,12,chaude,chaud,10,F,P,chaude,-9.691683,chaud,-12.909641,1
1238,S_NOUN_7_ADJ_b,F,S,la recette avec les poubelles que j' aime beaucoup n' est pas importante <eos>,12,importante,important,10,F,P,importante,-7.775814,important,-10.590267,1
1239,S_NOUN_7_ADJ_b,F,S,la recette avec les poubelles que j' aime beaucoup n' est pas courte <eos>,12,courte,court,10,F,P,courte,-10.449846,court,-12.626631,1
1240,S_NOUN_7_ADJ_b,F,S,la recette avec les poubelles que j' aime beaucoup n' est pas dure <eos>,12,dure,dur,10,F,P,dure,-9.848412,dur,-11.593021,1
1241,S_NOUN_7_ADJ_b,F,S,la recette avec les poubelles que j' aime beaucoup n' est pas claire <eos>,12,claire,clair,10,F,P,claire,-4.953165,clair,-7.13107,1
1242,S_NOUN_7_ADJ_b,F,S,la recette avec les poubelles que j' aime beaucoup n' est pas intéressante <eos>,12,intéressante,intéressant,10,F,P,intéressante,-7.1348534,intéressant,-10.250231,1
1243,S_NOUN_7_ADJ_b,F,S,la recette avec les poubelles que j' aime beaucoup n' est pas brillante <eos>,12,brillante,brillant,10,F,P,brillante,-9.130287,brillant,-12.752016,1
1244,S_NOUN_7_ADJ_b,F,S,la recette avec les poubelles que j' aime beaucoup n' est pas compliquée <eos>,12,compliquée,compliqué,10,F,P,compliquée,-9.093968,compliqué,-10.52224,1
1245,S_NOUN_7_ADJ_b,F,S,la recette avec les chemises que j' aime beaucoup n' est pas verte <eos>,12,verte,vert,10,F,P,verte,-10.324116,vert,-10.791768,1
1246,S_NOUN_7_ADJ_b,F,S,la recette avec les chemises que j' aime beaucoup n' est pas bleue <eos>,12,bleue,bleu,10,F,P,bleue,-9.805492,bleu,-10.273941,1
1247,S_NOUN_7_ADJ_b,F,S,la recette avec les chemises que j' aime beaucoup n' est pas noire <eos>,12,noire,noir,10,F,P,noire,-9.320568,noir,-8.808428,0
1248,S_NOUN_7_ADJ_b,F,S,la recette avec les chemises que j' aime beaucoup n' est pas délicate <eos>,12,délicate,délicat,10,F,P,délicate,-10.805838,délicat,-11.823223,1
1249,S_NOUN_7_ADJ_b,F,S,la recette avec les chemises que j' aime beaucoup n' est pas pointue <eos>,12,pointue,pointu,10,F,P,pointue,-12.5096245,pointu,-14.717962,1
1250,S_NOUN_7_ADJ_b,F,S,la recette avec les chemises que j' aime beaucoup n' est pas ronde <eos>,12,ronde,rond,10,F,P,ronde,-10.736736,rond,-9.894781,0
1251,S_NOUN_7_ADJ_b,F,S,la recette avec les chemises que j' aime beaucoup n' est pas froide <eos>,12,froide,froid,10,F,P,froide,-9.568662,froid,-11.572677,1
1252,S_NOUN_7_ADJ_b,F,S,la recette avec les chemises que j' aime beaucoup n' est pas chaude <eos>,12,chaude,chaud,10,F,P,chaude,-9.924629,chaud,-12.09532,1
1253,S_NOUN_7_ADJ_b,F,S,la recette avec les chemises que j' aime beaucoup n' est pas importante <eos>,12,importante,important,10,F,P,importante,-7.9587436,important,-10.586834,1
1254,S_NOUN_7_ADJ_b,F,S,la recette avec les chemises que j' aime beaucoup n' est pas courte <eos>,12,courte,court,10,F,P,courte,-10.12913,court,-12.224164,1
1255,S_NOUN_7_ADJ_b,F,S,la recette avec les chemises que j' aime beaucoup n' est pas dure <eos>,12,dure,dur,10,F,P,dure,-9.268053,dur,-11.406034,1
1256,S_NOUN_7_ADJ_b,F,S,la recette avec les chemises que j' aime beaucoup n' est pas claire <eos>,12,claire,clair,10,F,P,claire,-4.421583,clair,-6.185961,1
1257,S_NOUN_7_ADJ_b,F,S,la recette avec les chemises que j' aime beaucoup n' est pas intéressante <eos>,12,intéressante,intéressant,10,F,P,intéressante,-7.740917,intéressant,-10.515427,1
1258,S_NOUN_7_ADJ_b,F,S,la recette avec les chemises que j' aime beaucoup n' est pas brillante <eos>,12,brillante,brillant,10,F,P,brillante,-8.302704,brillant,-11.69551,1
1259,S_NOUN_7_ADJ_b,F,S,la recette avec les chemises que j' aime beaucoup n' est pas compliquée <eos>,12,compliquée,compliqué,10,F,P,compliquée,-9.558264,compliqué,-10.855882,1
1260,S_NOUN_7_ADJ_b,F,S,la recette avec les recettes que j' aime beaucoup n' est pas verte <eos>,12,verte,vert,10,F,P,verte,-10.814402,vert,-11.78816,1
1261,S_NOUN_7_ADJ_b,F,S,la recette avec les recettes que j' aime beaucoup n' est pas bleue <eos>,12,bleue,bleu,10,F,P,bleue,-11.229693,bleu,-11.756033,1
1262,S_NOUN_7_ADJ_b,F,S,la recette avec les recettes que j' aime beaucoup n' est pas noire <eos>,12,noire,noir,10,F,P,noire,-10.1625805,noir,-9.898479,0
1263,S_NOUN_7_ADJ_b,F,S,la recette avec les recettes que j' aime beaucoup n' est pas délicate <eos>,12,délicate,délicat,10,F,P,délicate,-11.028527,délicat,-11.988531,1
1264,S_NOUN_7_ADJ_b,F,S,la recette avec les recettes que j' aime beaucoup n' est pas pointue <eos>,12,pointue,pointu,10,F,P,pointue,-13.152148,pointu,-15.013939,1
1265,S_NOUN_7_ADJ_b,F,S,la recette avec les recettes que j' aime beaucoup n' est pas ronde <eos>,12,ronde,rond,10,F,P,ronde,-10.806561,rond,-10.670749,0
1266,S_NOUN_7_ADJ_b,F,S,la recette avec les recettes que j' aime beaucoup n' est pas froide <eos>,12,froide,froid,10,F,P,froide,-9.92444,froid,-11.871858,1
1267,S_NOUN_7_ADJ_b,F,S,la recette avec les recettes que j' aime beaucoup n' est pas chaude <eos>,12,chaude,chaud,10,F,P,chaude,-10.053842,chaud,-12.877181,1
1268,S_NOUN_7_ADJ_b,F,S,la recette avec les recettes que j' aime beaucoup n' est pas importante <eos>,12,importante,important,10,F,P,importante,-7.1854916,important,-10.080311,1
1269,S_NOUN_7_ADJ_b,F,S,la recette avec les recettes que j' aime beaucoup n' est pas courte <eos>,12,courte,court,10,F,P,courte,-9.857299,court,-11.826394,1
1270,S_NOUN_7_ADJ_b,F,S,la recette avec les recettes que j' aime beaucoup n' est pas dure <eos>,12,dure,dur,10,F,P,dure,-9.900735,dur,-12.725021,1
1271,S_NOUN_7_ADJ_b,F,S,la recette avec les recettes que j' aime beaucoup n' est pas claire <eos>,12,claire,clair,10,F,P,claire,-4.472249,clair,-6.796692,1
1272,S_NOUN_7_ADJ_b,F,S,la recette avec les recettes que j' aime beaucoup n' est pas intéressante <eos>,12,intéressante,intéressant,10,F,P,intéressante,-7.111746,intéressant,-10.6506195,1
1273,S_NOUN_7_ADJ_b,F,S,la recette avec les recettes que j' aime beaucoup n' est pas brillante <eos>,12,brillante,brillant,10,F,P,brillante,-9.127547,brillant,-12.393336,1
1274,S_NOUN_7_ADJ_b,F,S,la recette avec les recettes que j' aime beaucoup n' est pas compliquée <eos>,12,compliquée,compliqué,10,F,P,compliquée,-9.87203,compliqué,-10.653162,1
1275,S_NOUN_7_ADJ_b,F,S,la recette avec les jupes que j' aime beaucoup n' est pas verte <eos>,12,verte,vert,10,F,P,verte,-10.102325,vert,-11.272498,1
1276,S_NOUN_7_ADJ_b,F,S,la recette avec les jupes que j' aime beaucoup n' est pas bleue <eos>,12,bleue,bleu,10,F,P,bleue,-9.972758,bleu,-10.642856,1
1277,S_NOUN_7_ADJ_b,F,S,la recette avec les jupes que j' aime beaucoup n' est pas noire <eos>,12,noire,noir,10,F,P,noire,-9.443057,noir,-9.306545,0
1278,S_NOUN_7_ADJ_b,F,S,la recette avec les jupes que j' aime beaucoup n' est pas délicate <eos>,12,délicate,délicat,10,F,P,délicate,-10.02327,délicat,-11.33763,1
1279,S_NOUN_7_ADJ_b,F,S,la recette avec les jupes que j' aime beaucoup n' est pas pointue <eos>,12,pointue,pointu,10,F,P,pointue,-11.578625,pointu,-14.27936,1
1280,S_NOUN_7_ADJ_b,F,S,la recette avec les jupes que j' aime beaucoup n' est pas ronde <eos>,12,ronde,rond,10,F,P,ronde,-10.798998,rond,-9.55628,0
1281,S_NOUN_7_ADJ_b,F,S,la recette avec les jupes que j' aime beaucoup n' est pas froide <eos>,12,froide,froid,10,F,P,froide,-10.397074,froid,-12.206776,1
1282,S_NOUN_7_ADJ_b,F,S,la recette avec les jupes que j' aime beaucoup n' est pas chaude <eos>,12,chaude,chaud,10,F,P,chaude,-10.685955,chaud,-12.5253315,1
1283,S_NOUN_7_ADJ_b,F,S,la recette avec les jupes que j' aime beaucoup n' est pas importante <eos>,12,importante,important,10,F,P,importante,-7.801749,important,-10.656566,1
1284,S_NOUN_7_ADJ_b,F,S,la recette avec les jupes que j' aime beaucoup n' est pas courte <eos>,12,courte,court,10,F,P,courte,-9.657132,court,-11.717391,1
1285,S_NOUN_7_ADJ_b,F,S,la recette avec les jupes que j' aime beaucoup n' est pas dure <eos>,12,dure,dur,10,F,P,dure,-9.042961,dur,-11.699938,1
1286,S_NOUN_7_ADJ_b,F,S,la recette avec les jupes que j' aime beaucoup n' est pas claire <eos>,12,claire,clair,10,F,P,claire,-4.1345606,clair,-6.476104,1
1287,S_NOUN_7_ADJ_b,F,S,la recette avec les jupes que j' aime beaucoup n' est pas intéressante <eos>,12,intéressante,intéressant,10,F,P,intéressante,-7.4420834,intéressant,-10.481519,1
1288,S_NOUN_7_ADJ_b,F,S,la recette avec les jupes que j' aime beaucoup n' est pas brillante <eos>,12,brillante,brillant,10,F,P,brillante,-8.164742,brillant,-11.481274,1
1289,S_NOUN_7_ADJ_b,F,S,la recette avec les jupes que j' aime beaucoup n' est pas compliquée <eos>,12,compliquée,compliqué,10,F,P,compliquée,-8.804319,compliqué,-10.584086,1
1290,S_NOUN_7_ADJ_b,F,S,la recette avec les colles que j' aime beaucoup n' est pas verte <eos>,12,verte,vert,10,F,P,verte,-10.582558,vert,-11.7339325,1
1291,S_NOUN_7_ADJ_b,F,S,la recette avec les colles que j' aime beaucoup n' est pas bleue <eos>,12,bleue,bleu,10,F,P,bleue,-10.656682,bleu,-11.191576,1
1292,S_NOUN_7_ADJ_b,F,S,la recette avec les colles que j' aime beaucoup n' est pas noire <eos>,12,noire,noir,10,F,P,noire,-9.738423,noir,-9.704181,0
1293,S_NOUN_7_ADJ_b,F,S,la recette avec les colles que j' aime beaucoup n' est pas délicate <eos>,12,délicate,délicat,10,F,P,délicate,-9.80197,délicat,-11.381037,1
1294,S_NOUN_7_ADJ_b,F,S,la recette avec les colles que j' aime beaucoup n' est pas pointue <eos>,12,pointue,pointu,10,F,P,pointue,-12.768057,pointu,-15.596635,1
1295,S_NOUN_7_ADJ_b,F,S,la recette avec les colles que j' aime beaucoup n' est pas ronde <eos>,12,ronde,rond,10,F,P,ronde,-10.902122,rond,-10.761622,0
1296,S_NOUN_7_ADJ_b,F,S,la recette avec les colles que j' aime beaucoup n' est pas froide <eos>,12,froide,froid,10,F,P,froide,-9.623291,froid,-11.890783,1
1297,S_NOUN_7_ADJ_b,F,S,la recette avec les colles que j' aime beaucoup n' est pas chaude <eos>,12,chaude,chaud,10,F,P,chaude,-9.856362,chaud,-12.321527,1
1298,S_NOUN_7_ADJ_b,F,S,la recette avec les colles que j' aime beaucoup n' est pas importante <eos>,12,importante,important,10,F,P,importante,-7.684512,important,-10.800126,1
1299,S_NOUN_7_ADJ_b,F,S,la recette avec les colles que j' aime beaucoup n' est pas courte <eos>,12,courte,court,10,F,P,courte,-10.638123,court,-13.017831,1
1300,S_NOUN_7_ADJ_b,F,S,la recette avec les colles que j' aime beaucoup n' est pas dure <eos>,12,dure,dur,10,F,P,dure,-9.682626,dur,-12.256447,1
1301,S_NOUN_7_ADJ_b,F,S,la recette avec les colles que j' aime beaucoup n' est pas claire <eos>,12,claire,clair,10,F,P,claire,-4.156312,clair,-6.7922373,1
1302,S_NOUN_7_ADJ_b,F,S,la recette avec les colles que j' aime beaucoup n' est pas intéressante <eos>,12,intéressante,intéressant,10,F,P,intéressante,-6.8751097,intéressant,-10.285415,1
1303,S_NOUN_7_ADJ_b,F,S,la recette avec les colles que j' aime beaucoup n' est pas brillante <eos>,12,brillante,brillant,10,F,P,brillante,-8.460405,brillant,-11.820216,1
1304,S_NOUN_7_ADJ_b,F,S,la recette avec les colles que j' aime beaucoup n' est pas compliquée <eos>,12,compliquée,compliqué,10,F,P,compliquée,-8.803186,compliqué,-10.611643,1
1305,S_NOUN_7_ADJ_b,F,S,la recette avec les lampes que j' aime beaucoup n' est pas verte <eos>,12,verte,vert,10,F,P,verte,-9.802286,vert,-11.409483,1
1306,S_NOUN_7_ADJ_b,F,S,la recette avec les lampes que j' aime beaucoup n' est pas bleue <eos>,12,bleue,bleu,10,F,P,bleue,-10.116379,bleu,-10.540894,1
1307,S_NOUN_7_ADJ_b,F,S,la recette avec les lampes que j' aime beaucoup n' est pas noire <eos>,12,noire,noir,10,F,P,noire,-9.458977,noir,-9.379955,0
1308,S_NOUN_7_ADJ_b,F,S,la recette avec les lampes que j' aime beaucoup n' est pas délicate <eos>,12,délicate,délicat,10,F,P,délicate,-10.910225,délicat,-12.210593,1
1309,S_NOUN_7_ADJ_b,F,S,la recette avec les lampes que j' aime beaucoup n' est pas pointue <eos>,12,pointue,pointu,10,F,P,pointue,-13.021477,pointu,-14.722102,1
1310,S_NOUN_7_ADJ_b,F,S,la recette avec les lampes que j' aime beaucoup n' est pas ronde <eos>,12,ronde,rond,10,F,P,ronde,-11.381462,rond,-9.968929,0
1311,S_NOUN_7_ADJ_b,F,S,la recette avec les lampes que j' aime beaucoup n' est pas froide <eos>,12,froide,froid,10,F,P,froide,-9.004318,froid,-11.928365,1
1312,S_NOUN_7_ADJ_b,F,S,la recette avec les lampes que j' aime beaucoup n' est pas chaude <eos>,12,chaude,chaud,10,F,P,chaude,-9.113579,chaud,-12.375481,1
1313,S_NOUN_7_ADJ_b,F,S,la recette avec les lampes que j' aime beaucoup n' est pas importante <eos>,12,importante,important,10,F,P,importante,-7.77985,important,-10.505557,1
1314,S_NOUN_7_ADJ_b,F,S,la recette avec les lampes que j' aime beaucoup n' est pas courte <eos>,12,courte,court,10,F,P,courte,-10.744159,court,-13.202449,1
1315,S_NOUN_7_ADJ_b,F,S,la recette avec les lampes que j' aime beaucoup n' est pas dure <eos>,12,dure,dur,10,F,P,dure,-10.422533,dur,-12.24624,1
1316,S_NOUN_7_ADJ_b,F,S,la recette avec les lampes que j' aime beaucoup n' est pas claire <eos>,12,claire,clair,10,F,P,claire,-5.021903,clair,-6.7176504,1
1317,S_NOUN_7_ADJ_b,F,S,la recette avec les lampes que j' aime beaucoup n' est pas intéressante <eos>,12,intéressante,intéressant,10,F,P,intéressante,-7.2807136,intéressant,-10.237394,1
1318,S_NOUN_7_ADJ_b,F,S,la recette avec les lampes que j' aime beaucoup n' est pas brillante <eos>,12,brillante,brillant,10,F,P,brillante,-8.711064,brillant,-12.230219,1
1319,S_NOUN_7_ADJ_b,F,S,la recette avec les lampes que j' aime beaucoup n' est pas compliquée <eos>,12,compliquée,compliqué,10,F,P,compliquée,-9.750776,compliqué,-10.936216,1
1320,S_NOUN_7_ADJ_b,F,S,la recette avec les bouteilles que j' aime beaucoup n' est pas verte <eos>,12,verte,vert,10,F,P,verte,-10.528024,vert,-11.48987,1
1321,S_NOUN_7_ADJ_b,F,S,la recette avec les bouteilles que j' aime beaucoup n' est pas bleue <eos>,12,bleue,bleu,10,F,P,bleue,-10.232642,bleu,-11.079438,1
1322,S_NOUN_7_ADJ_b,F,S,la recette avec les bouteilles que j' aime beaucoup n' est pas noire <eos>,12,noire,noir,10,F,P,noire,-9.895727,noir,-9.729078,0
1323,S_NOUN_7_ADJ_b,F,S,la recette avec les bouteilles que j' aime beaucoup n' est pas délicate <eos>,12,délicate,délicat,10,F,P,délicate,-11.054314,délicat,-12.14249,1
1324,S_NOUN_7_ADJ_b,F,S,la recette avec les bouteilles que j' aime beaucoup n' est pas pointue <eos>,12,pointue,pointu,10,F,P,pointue,-13.2095175,pointu,-15.129479,1
1325,S_NOUN_7_ADJ_b,F,S,la recette avec les bouteilles que j' aime beaucoup n' est pas ronde <eos>,12,ronde,rond,10,F,P,ronde,-11.154484,rond,-10.15828,0
1326,S_NOUN_7_ADJ_b,F,S,la recette avec les bouteilles que j' aime beaucoup n' est pas froide <eos>,12,froide,froid,10,F,P,froide,-9.546528,froid,-11.5409355,1
1327,S_NOUN_7_ADJ_b,F,S,la recette avec les bouteilles que j' aime beaucoup n' est pas chaude <eos>,12,chaude,chaud,10,F,P,chaude,-9.517834,chaud,-12.121357,1
1328,S_NOUN_7_ADJ_b,F,S,la recette avec les bouteilles que j' aime beaucoup n' est pas importante <eos>,12,importante,important,10,F,P,importante,-7.9445486,important,-10.419418,1
1329,S_NOUN_7_ADJ_b,F,S,la recette avec les bouteilles que j' aime beaucoup n' est pas courte <eos>,12,courte,court,10,F,P,courte,-10.4919615,court,-12.1660385,1
1330,S_NOUN_7_ADJ_b,F,S,la recette avec les bouteilles que j' aime beaucoup n' est pas dure <eos>,12,dure,dur,10,F,P,dure,-9.598382,dur,-11.85242,1
1331,S_NOUN_7_ADJ_b,F,S,la recette avec les bouteilles que j' aime beaucoup n' est pas claire <eos>,12,claire,clair,10,F,P,claire,-4.6041956,clair,-6.712285,1
1332,S_NOUN_7_ADJ_b,F,S,la recette avec les bouteilles que j' aime beaucoup n' est pas intéressante <eos>,12,intéressante,intéressant,10,F,P,intéressante,-7.0337954,intéressant,-10.216011,1
1333,S_NOUN_7_ADJ_b,F,S,la recette avec les bouteilles que j' aime beaucoup n' est pas brillante <eos>,12,brillante,brillant,10,F,P,brillante,-9.276076,brillant,-12.628262,1
1334,S_NOUN_7_ADJ_b,F,S,la recette avec les bouteilles que j' aime beaucoup n' est pas compliquée <eos>,12,compliquée,compliqué,10,F,P,compliquée,-9.274278,compliqué,-10.567403,1
1335,S_NOUN_7_ADJ_b,F,S,la recette avec les boissons que j' aime beaucoup n' est pas verte <eos>,12,verte,vert,10,F,P,verte,-10.470329,vert,-11.84449,1
1336,S_NOUN_7_ADJ_b,F,S,la recette avec les boissons que j' aime beaucoup n' est pas bleue <eos>,12,bleue,bleu,10,F,P,bleue,-10.855715,bleu,-11.621901,1
1337,S_NOUN_7_ADJ_b,F,S,la recette avec les boissons que j' aime beaucoup n' est pas noire <eos>,12,noire,noir,10,F,P,noire,-9.754417,noir,-9.942043,1
1338,S_NOUN_7_ADJ_b,F,S,la recette avec les boissons que j' aime beaucoup n' est pas délicate <eos>,12,délicate,délicat,10,F,P,délicate,-10.754256,délicat,-11.959096,1
1339,S_NOUN_7_ADJ_b,F,S,la recette avec les boissons que j' aime beaucoup n' est pas pointue <eos>,12,pointue,pointu,10,F,P,pointue,-13.246376,pointu,-15.613329,1
1340,S_NOUN_7_ADJ_b,F,S,la recette avec les boissons que j' aime beaucoup n' est pas ronde <eos>,12,ronde,rond,10,F,P,ronde,-10.279249,rond,-10.77056,1
1341,S_NOUN_7_ADJ_b,F,S,la recette avec les boissons que j' aime beaucoup n' est pas froide <eos>,12,froide,froid,10,F,P,froide,-9.546042,froid,-11.947465,1
1342,S_NOUN_7_ADJ_b,F,S,la recette avec les boissons que j' aime beaucoup n' est pas chaude <eos>,12,chaude,chaud,10,F,P,chaude,-9.579042,chaud,-12.588566,1
1343,S_NOUN_7_ADJ_b,F,S,la recette avec les boissons que j' aime beaucoup n' est pas importante <eos>,12,importante,important,10,F,P,importante,-7.7693267,important,-10.950756,1
1344,S_NOUN_7_ADJ_b,F,S,la recette avec les boissons que j' aime beaucoup n' est pas courte <eos>,12,courte,court,10,F,P,courte,-10.305975,court,-12.966854,1
1345,S_NOUN_7_ADJ_b,F,S,la recette avec les boissons que j' aime beaucoup n' est pas dure <eos>,12,dure,dur,10,F,P,dure,-9.799913,dur,-12.475052,1
1346,S_NOUN_7_ADJ_b,F,S,la recette avec les boissons que j' aime beaucoup n' est pas claire <eos>,12,claire,clair,10,F,P,claire,-4.4946547,clair,-6.914859,1
1347,S_NOUN_7_ADJ_b,F,S,la recette avec les boissons que j' aime beaucoup n' est pas intéressante <eos>,12,intéressante,intéressant,10,F,P,intéressante,-7.293277,intéressant,-10.693108,1
1348,S_NOUN_7_ADJ_b,F,S,la recette avec les boissons que j' aime beaucoup n' est pas brillante <eos>,12,brillante,brillant,10,F,P,brillante,-9.159372,brillant,-12.908171,1
1349,S_NOUN_7_ADJ_b,F,S,la recette avec les boissons que j' aime beaucoup n' est pas compliquée <eos>,12,compliquée,compliqué,10,F,P,compliquée,-9.509782,compliqué,-10.849806,1
1350,S_NOUN_7_ADJ_b,F,S,la recette avec les pommes que j' aime beaucoup n' est pas verte <eos>,12,verte,vert,10,F,P,verte,-9.980656,vert,-11.19958,1
1351,S_NOUN_7_ADJ_b,F,S,la recette avec les pommes que j' aime beaucoup n' est pas bleue <eos>,12,bleue,bleu,10,F,P,bleue,-10.187569,bleu,-10.903562,1
1352,S_NOUN_7_ADJ_b,F,S,la recette avec les pommes que j' aime beaucoup n' est pas noire <eos>,12,noire,noir,10,F,P,noire,-9.3668165,noir,-9.550811,1
1353,S_NOUN_7_ADJ_b,F,S,la recette avec les pommes que j' aime beaucoup n' est pas délicate <eos>,12,délicate,délicat,10,F,P,délicate,-9.972505,délicat,-11.722447,1
1354,S_NOUN_7_ADJ_b,F,S,la recette avec les pommes que j' aime beaucoup n' est pas pointue <eos>,12,pointue,pointu,10,F,P,pointue,-12.542621,pointu,-15.109399,1
1355,S_NOUN_7_ADJ_b,F,S,la recette avec les pommes que j' aime beaucoup n' est pas ronde <eos>,12,ronde,rond,10,F,P,ronde,-10.228992,rond,-10.272757,1
1356,S_NOUN_7_ADJ_b,F,S,la recette avec les pommes que j' aime beaucoup n' est pas froide <eos>,12,froide,froid,10,F,P,froide,-8.928686,froid,-12.086216,1
1357,S_NOUN_7_ADJ_b,F,S,la recette avec les pommes que j' aime beaucoup n' est pas chaude <eos>,12,chaude,chaud,10,F,P,chaude,-9.340542,chaud,-12.513952,1
1358,S_NOUN_7_ADJ_b,F,S,la recette avec les pommes que j' aime beaucoup n' est pas importante <eos>,12,importante,important,10,F,P,importante,-7.6063223,important,-11.04125,1
1359,S_NOUN_7_ADJ_b,F,S,la recette avec les pommes que j' aime beaucoup n' est pas courte <eos>,12,courte,court,10,F,P,courte,-10.050785,court,-12.631874,1
1360,S_NOUN_7_ADJ_b,F,S,la recette avec les pommes que j' aime beaucoup n' est pas dure <eos>,12,dure,dur,10,F,P,dure,-9.380601,dur,-12.024549,1
1361,S_NOUN_7_ADJ_b,F,S,la recette avec les pommes que j' aime beaucoup n' est pas claire <eos>,12,claire,clair,10,F,P,claire,-4.049679,clair,-6.5636587,1
1362,S_NOUN_7_ADJ_b,F,S,la recette avec les pommes que j' aime beaucoup n' est pas intéressante <eos>,12,intéressante,intéressant,10,F,P,intéressante,-6.8196898,intéressant,-10.517382,1
1363,S_NOUN_7_ADJ_b,F,S,la recette avec les pommes que j' aime beaucoup n' est pas brillante <eos>,12,brillante,brillant,10,F,P,brillante,-8.790762,brillant,-12.741917,1
1364,S_NOUN_7_ADJ_b,F,S,la recette avec les pommes que j' aime beaucoup n' est pas compliquée <eos>,12,compliquée,compliqué,10,F,P,compliquée,-9.102123,compliqué,-10.428938,1
1365,S_NOUN_7_ADJ_b,F,S,la recette avec les tasses que j' aime beaucoup n' est pas verte <eos>,12,verte,vert,10,F,P,verte,-11.071328,vert,-12.3596325,1
1366,S_NOUN_7_ADJ_b,F,S,la recette avec les tasses que j' aime beaucoup n' est pas bleue <eos>,12,bleue,bleu,10,F,P,bleue,-10.9636345,bleu,-11.913643,1
1367,S_NOUN_7_ADJ_b,F,S,la recette avec les tasses que j' aime beaucoup n' est pas noire <eos>,12,noire,noir,10,F,P,noire,-10.393301,noir,-10.839727,1
1368,S_NOUN_7_ADJ_b,F,S,la recette avec les tasses que j' aime beaucoup n' est pas délicate <eos>,12,délicate,délicat,10,F,P,délicate,-10.517704,délicat,-11.542109,1
1369,S_NOUN_7_ADJ_b,F,S,la recette avec les tasses que j' aime beaucoup n' est pas pointue <eos>,12,pointue,pointu,10,F,P,pointue,-12.412488,pointu,-15.184136,1
1370,S_NOUN_7_ADJ_b,F,S,la recette avec les tasses que j' aime beaucoup n' est pas ronde <eos>,12,ronde,rond,10,F,P,ronde,-10.472642,rond,-10.495726,1
1371,S_NOUN_7_ADJ_b,F,S,la recette avec les tasses que j' aime beaucoup n' est pas froide <eos>,12,froide,froid,10,F,P,froide,-9.789236,froid,-11.77609,1
1372,S_NOUN_7_ADJ_b,F,S,la recette avec les tasses que j' aime beaucoup n' est pas chaude <eos>,12,chaude,chaud,10,F,P,chaude,-9.2213745,chaud,-12.193159,1
1373,S_NOUN_7_ADJ_b,F,S,la recette avec les tasses que j' aime beaucoup n' est pas importante <eos>,12,importante,important,10,F,P,importante,-7.651735,important,-10.767584,1
1374,S_NOUN_7_ADJ_b,F,S,la recette avec les tasses que j' aime beaucoup n' est pas courte <eos>,12,courte,court,10,F,P,courte,-10.304076,court,-12.667213,1
1375,S_NOUN_7_ADJ_b,F,S,la recette avec les tasses que j' aime beaucoup n' est pas dure <eos>,12,dure,dur,10,F,P,dure,-9.858582,dur,-13.147847,1
1376,S_NOUN_7_ADJ_b,F,S,la recette avec les tasses que j' aime beaucoup n' est pas claire <eos>,12,claire,clair,10,F,P,claire,-4.727498,clair,-7.1617737,1
1377,S_NOUN_7_ADJ_b,F,S,la recette avec les tasses que j' aime beaucoup n' est pas intéressante <eos>,12,intéressante,intéressant,10,F,P,intéressante,-6.7800627,intéressant,-10.3584795,1
1378,S_NOUN_7_ADJ_b,F,S,la recette avec les tasses que j' aime beaucoup n' est pas brillante <eos>,12,brillante,brillant,10,F,P,brillante,-8.844043,brillant,-12.383172,1
1379,S_NOUN_7_ADJ_b,F,S,la recette avec les tasses que j' aime beaucoup n' est pas compliquée <eos>,12,compliquée,compliqué,10,F,P,compliquée,-8.827215,compliqué,-10.444645,1
1380,S_NOUN_7_ADJ_b,F,S,la recette avec les bougies que j' aime beaucoup n' est pas verte <eos>,12,verte,vert,10,F,P,verte,-10.244919,vert,-11.420497,1
1381,S_NOUN_7_ADJ_b,F,S,la recette avec les bougies que j' aime beaucoup n' est pas bleue <eos>,12,bleue,bleu,10,F,P,bleue,-10.45573,bleu,-10.844307,1
1382,S_NOUN_7_ADJ_b,F,S,la recette avec les bougies que j' aime beaucoup n' est pas noire <eos>,12,noire,noir,10,F,P,noire,-9.57345,noir,-9.640877,1
1383,S_NOUN_7_ADJ_b,F,S,la recette avec les bougies que j' aime beaucoup n' est pas délicate <eos>,12,délicate,délicat,10,F,P,délicate,-10.598602,délicat,-11.951099,1
1384,S_NOUN_7_ADJ_b,F,S,la recette avec les bougies que j' aime beaucoup n' est pas pointue <eos>,12,pointue,pointu,10,F,P,pointue,-12.578348,pointu,-15.124277,1
1385,S_NOUN_7_ADJ_b,F,S,la recette avec les bougies que j' aime beaucoup n' est pas ronde <eos>,12,ronde,rond,10,F,P,ronde,-10.508034,rond,-10.023304,0
1386,S_NOUN_7_ADJ_b,F,S,la recette avec les bougies que j' aime beaucoup n' est pas froide <eos>,12,froide,froid,10,F,P,froide,-9.327988,froid,-11.992949,1
1387,S_NOUN_7_ADJ_b,F,S,la recette avec les bougies que j' aime beaucoup n' est pas chaude <eos>,12,chaude,chaud,10,F,P,chaude,-9.391001,chaud,-12.397994,1
1388,S_NOUN_7_ADJ_b,F,S,la recette avec les bougies que j' aime beaucoup n' est pas importante <eos>,12,importante,important,10,F,P,importante,-7.9486694,important,-10.863647,1
1389,S_NOUN_7_ADJ_b,F,S,la recette avec les bougies que j' aime beaucoup n' est pas courte <eos>,12,courte,court,10,F,P,courte,-10.334761,court,-12.992542,1
1390,S_NOUN_7_ADJ_b,F,S,la recette avec les bougies que j' aime beaucoup n' est pas dure <eos>,12,dure,dur,10,F,P,dure,-9.911646,dur,-12.19036,1
1391,S_NOUN_7_ADJ_b,F,S,la recette avec les bougies que j' aime beaucoup n' est pas claire <eos>,12,claire,clair,10,F,P,claire,-4.869052,clair,-6.769123,1
1392,S_NOUN_7_ADJ_b,F,S,la recette avec les bougies que j' aime beaucoup n' est pas intéressante <eos>,12,intéressante,intéressant,10,F,P,intéressante,-7.6008215,intéressant,-10.663792,1
1393,S_NOUN_7_ADJ_b,F,S,la recette avec les bougies que j' aime beaucoup n' est pas brillante <eos>,12,brillante,brillant,10,F,P,brillante,-8.912419,brillant,-12.556424,1
1394,S_NOUN_7_ADJ_b,F,S,la recette avec les bougies que j' aime beaucoup n' est pas compliquée <eos>,12,compliquée,compliqué,10,F,P,compliquée,-9.676344,compliqué,-10.770129,1
1395,S_NOUN_7_ADJ_b,F,S,la recette avec les pochettes que j' aime beaucoup n' est pas verte <eos>,12,verte,vert,10,F,P,verte,-10.6876745,vert,-11.358,1
1396,S_NOUN_7_ADJ_b,F,S,la recette avec les pochettes que j' aime beaucoup n' est pas bleue <eos>,12,bleue,bleu,10,F,P,bleue,-9.657361,bleu,-10.6147785,1
1397,S_NOUN_7_ADJ_b,F,S,la recette avec les pochettes que j' aime beaucoup n' est pas noire <eos>,12,noire,noir,10,F,P,noire,-9.271914,noir,-8.9427,0
1398,S_NOUN_7_ADJ_b,F,S,la recette avec les pochettes que j' aime beaucoup n' est pas délicate <eos>,12,délicate,délicat,10,F,P,délicate,-11.139143,délicat,-13.021177,1
1399,S_NOUN_7_ADJ_b,F,S,la recette avec les pochettes que j' aime beaucoup n' est pas pointue <eos>,12,pointue,pointu,10,F,P,pointue,-12.847079,pointu,-14.90006,1
1400,S_NOUN_7_ADJ_b,F,S,la recette avec les pochettes que j' aime beaucoup n' est pas ronde <eos>,12,ronde,rond,10,F,P,ronde,-11.064958,rond,-9.77418,0
1401,S_NOUN_7_ADJ_b,F,S,la recette avec les pochettes que j' aime beaucoup n' est pas froide <eos>,12,froide,froid,10,F,P,froide,-10.437977,froid,-12.825802,1
1402,S_NOUN_7_ADJ_b,F,S,la recette avec les pochettes que j' aime beaucoup n' est pas chaude <eos>,12,chaude,chaud,10,F,P,chaude,-10.280363,chaud,-13.541193,1
1403,S_NOUN_7_ADJ_b,F,S,la recette avec les pochettes que j' aime beaucoup n' est pas importante <eos>,12,importante,important,10,F,P,importante,-7.6836176,important,-10.614297,1
1404,S_NOUN_7_ADJ_b,F,S,la recette avec les pochettes que j' aime beaucoup n' est pas courte <eos>,12,courte,court,10,F,P,courte,-9.995186,court,-12.086076,1
1405,S_NOUN_7_ADJ_b,F,S,la recette avec les pochettes que j' aime beaucoup n' est pas dure <eos>,12,dure,dur,10,F,P,dure,-8.908545,dur,-11.13547,1
1406,S_NOUN_7_ADJ_b,F,S,la recette avec les pochettes que j' aime beaucoup n' est pas claire <eos>,12,claire,clair,10,F,P,claire,-4.159732,clair,-6.26369,1
1407,S_NOUN_7_ADJ_b,F,S,la recette avec les pochettes que j' aime beaucoup n' est pas intéressante <eos>,12,intéressante,intéressant,10,F,P,intéressante,-6.832692,intéressant,-10.333933,1
1408,S_NOUN_7_ADJ_b,F,S,la recette avec les pochettes que j' aime beaucoup n' est pas brillante <eos>,12,brillante,brillant,10,F,P,brillante,-9.05271,brillant,-12.439114,1
1409,S_NOUN_7_ADJ_b,F,S,la recette avec les pochettes que j' aime beaucoup n' est pas compliquée <eos>,12,compliquée,compliqué,10,F,P,compliquée,-9.333267,compliqué,-10.618971,1
1410,S_NOUN_7_ADJ_b,F,S,la recette avec les bananes que j' aime beaucoup n' est pas verte <eos>,12,verte,vert,10,F,P,verte,-9.717041,vert,-11.15505,1
1411,S_NOUN_7_ADJ_b,F,S,la recette avec les bananes que j' aime beaucoup n' est pas bleue <eos>,12,bleue,bleu,10,F,P,bleue,-9.8856125,bleu,-10.765246,1
1412,S_NOUN_7_ADJ_b,F,S,la recette avec les bananes que j' aime beaucoup n' est pas noire <eos>,12,noire,noir,10,F,P,noire,-8.984339,noir,-9.47125,1
1413,S_NOUN_7_ADJ_b,F,S,la recette avec les bananes que j' aime beaucoup n' est pas délicate <eos>,12,délicate,délicat,10,F,P,délicate,-10.276932,délicat,-12.08277,1
1414,S_NOUN_7_ADJ_b,F,S,la recette avec les bananes que j' aime beaucoup n' est pas pointue <eos>,12,pointue,pointu,10,F,P,pointue,-12.47976,pointu,-14.828987,1
1415,S_NOUN_7_ADJ_b,F,S,la recette avec les bananes que j' aime beaucoup n' est pas ronde <eos>,12,ronde,rond,10,F,P,ronde,-10.687203,rond,-10.285347,0
1416,S_NOUN_7_ADJ_b,F,S,la recette avec les bananes que j' aime beaucoup n' est pas froide <eos>,12,froide,froid,10,F,P,froide,-8.731819,froid,-12.419016,1
1417,S_NOUN_7_ADJ_b,F,S,la recette avec les bananes que j' aime beaucoup n' est pas chaude <eos>,12,chaude,chaud,10,F,P,chaude,-9.282902,chaud,-12.623355,1
1418,S_NOUN_7_ADJ_b,F,S,la recette avec les bananes que j' aime beaucoup n' est pas importante <eos>,12,importante,important,10,F,P,importante,-7.8486004,important,-11.094788,1
1419,S_NOUN_7_ADJ_b,F,S,la recette avec les bananes que j' aime beaucoup n' est pas courte <eos>,12,courte,court,10,F,P,courte,-9.933768,court,-12.5919895,1
1420,S_NOUN_7_ADJ_b,F,S,la recette avec les bananes que j' aime beaucoup n' est pas dure <eos>,12,dure,dur,10,F,P,dure,-9.125725,dur,-11.417576,1
1421,S_NOUN_7_ADJ_b,F,S,la recette avec les bananes que j' aime beaucoup n' est pas claire <eos>,12,claire,clair,10,F,P,claire,-4.3303976,clair,-6.2577887,1
1422,S_NOUN_7_ADJ_b,F,S,la recette avec les bananes que j' aime beaucoup n' est pas intéressante <eos>,12,intéressante,intéressant,10,F,P,intéressante,-6.797309,intéressant,-10.593345,1
1423,S_NOUN_7_ADJ_b,F,S,la recette avec les bananes que j' aime beaucoup n' est pas brillante <eos>,12,brillante,brillant,10,F,P,brillante,-8.484715,brillant,-12.159359,1
1424,S_NOUN_7_ADJ_b,F,S,la recette avec les bananes que j' aime beaucoup n' est pas compliquée <eos>,12,compliquée,compliqué,10,F,P,compliquée,-8.837091,compliqué,-10.110081,1
1425,S_NOUN_7_ADJ_b,F,S,la recette avec les robes que j' aime beaucoup n' est pas verte <eos>,12,verte,vert,10,F,P,verte,-10.254866,vert,-11.101798,1
1426,S_NOUN_7_ADJ_b,F,S,la recette avec les robes que j' aime beaucoup n' est pas bleue <eos>,12,bleue,bleu,10,F,P,bleue,-9.918384,bleu,-10.575284,1
1427,S_NOUN_7_ADJ_b,F,S,la recette avec les robes que j' aime beaucoup n' est pas noire <eos>,12,noire,noir,10,F,P,noire,-9.180158,noir,-9.201069,1
1428,S_NOUN_7_ADJ_b,F,S,la recette avec les robes que j' aime beaucoup n' est pas délicate <eos>,12,délicate,délicat,10,F,P,délicate,-10.117509,délicat,-11.545436,1
1429,S_NOUN_7_ADJ_b,F,S,la recette avec les robes que j' aime beaucoup n' est pas pointue <eos>,12,pointue,pointu,10,F,P,pointue,-12.6184635,pointu,-14.759328,1
1430,S_NOUN_7_ADJ_b,F,S,la recette avec les robes que j' aime beaucoup n' est pas ronde <eos>,12,ronde,rond,10,F,P,ronde,-10.385579,rond,-10.200399,0
1431,S_NOUN_7_ADJ_b,F,S,la recette avec les robes que j' aime beaucoup n' est pas froide <eos>,12,froide,froid,10,F,P,froide,-10.154785,froid,-12.47827,1
1432,S_NOUN_7_ADJ_b,F,S,la recette avec les robes que j' aime beaucoup n' est pas chaude <eos>,12,chaude,chaud,10,F,P,chaude,-10.662663,chaud,-12.746155,1
1433,S_NOUN_7_ADJ_b,F,S,la recette avec les robes que j' aime beaucoup n' est pas importante <eos>,12,importante,important,10,F,P,importante,-7.629901,important,-10.608815,1
1434,S_NOUN_7_ADJ_b,F,S,la recette avec les robes que j' aime beaucoup n' est pas courte <eos>,12,courte,court,10,F,P,courte,-10.15657,court,-12.527124,1
1435,S_NOUN_7_ADJ_b,F,S,la recette avec les robes que j' aime beaucoup n' est pas dure <eos>,12,dure,dur,10,F,P,dure,-9.653566,dur,-12.209225,1
1436,S_NOUN_7_ADJ_b,F,S,la recette avec les robes que j' aime beaucoup n' est pas claire <eos>,12,claire,clair,10,F,P,claire,-3.7944584,clair,-6.0591173,1
1437,S_NOUN_7_ADJ_b,F,S,la recette avec les robes que j' aime beaucoup n' est pas intéressante <eos>,12,intéressante,intéressant,10,F,P,intéressante,-7.697777,intéressant,-10.735027,1
1438,S_NOUN_7_ADJ_b,F,S,la recette avec les robes que j' aime beaucoup n' est pas brillante <eos>,12,brillante,brillant,10,F,P,brillante,-8.557496,brillant,-11.806946,1
1439,S_NOUN_7_ADJ_b,F,S,la recette avec les robes que j' aime beaucoup n' est pas compliquée <eos>,12,compliquée,compliqué,10,F,P,compliquée,-9.233886,compliqué,-10.852908,1
1440,S_NOUN_7_ADJ_b,F,S,la recette avec les valises que j' aime beaucoup n' est pas verte <eos>,12,verte,vert,10,F,P,verte,-10.84125,vert,-12.341524,1
1441,S_NOUN_7_ADJ_b,F,S,la recette avec les valises que j' aime beaucoup n' est pas bleue <eos>,12,bleue,bleu,10,F,P,bleue,-10.069082,bleu,-11.517842,1
1442,S_NOUN_7_ADJ_b,F,S,la recette avec les valises que j' aime beaucoup n' est pas noire <eos>,12,noire,noir,10,F,P,noire,-9.956378,noir,-10.100749,1
1443,S_NOUN_7_ADJ_b,F,S,la recette avec les valises que j' aime beaucoup n' est pas délicate <eos>,12,délicate,délicat,10,F,P,délicate,-10.74681,délicat,-12.990516,1
1444,S_NOUN_7_ADJ_b,F,S,la recette avec les valises que j' aime beaucoup n' est pas pointue <eos>,12,pointue,pointu,10,F,P,pointue,-12.727535,pointu,-15.55598,1
1445,S_NOUN_7_ADJ_b,F,S,la recette avec les valises que j' aime beaucoup n' est pas ronde <eos>,12,ronde,rond,10,F,P,ronde,-10.62954,rond,-10.184991,0
1446,S_NOUN_7_ADJ_b,F,S,la recette avec les valises que j' aime beaucoup n' est pas froide <eos>,12,froide,froid,10,F,P,froide,-9.881218,froid,-12.384243,1
1447,S_NOUN_7_ADJ_b,F,S,la recette avec les valises que j' aime beaucoup n' est pas chaude <eos>,12,chaude,chaud,10,F,P,chaude,-9.2762375,chaud,-12.641081,1
1448,S_NOUN_7_ADJ_b,F,S,la recette avec les valises que j' aime beaucoup n' est pas importante <eos>,12,importante,important,10,F,P,importante,-7.462508,important,-10.80359,1
1449,S_NOUN_7_ADJ_b,F,S,la recette avec les valises que j' aime beaucoup n' est pas courte <eos>,12,courte,court,10,F,P,courte,-10.479432,court,-12.841138,1
1450,S_NOUN_7_ADJ_b,F,S,la recette avec les valises que j' aime beaucoup n' est pas dure <eos>,12,dure,dur,10,F,P,dure,-9.603092,dur,-12.547784,1
1451,S_NOUN_7_ADJ_b,F,S,la recette avec les valises que j' aime beaucoup n' est pas claire <eos>,12,claire,clair,10,F,P,claire,-4.829897,clair,-7.2257776,1
1452,S_NOUN_7_ADJ_b,F,S,la recette avec les valises que j' aime beaucoup n' est pas intéressante <eos>,12,intéressante,intéressant,10,F,P,intéressante,-6.5145235,intéressant,-10.866577,1
1453,S_NOUN_7_ADJ_b,F,S,la recette avec les valises que j' aime beaucoup n' est pas brillante <eos>,12,brillante,brillant,10,F,P,brillante,-8.858794,brillant,-12.821556,1
1454,S_NOUN_7_ADJ_b,F,S,la recette avec les valises que j' aime beaucoup n' est pas compliquée <eos>,12,compliquée,compliqué,10,F,P,compliquée,-8.658531,compliqué,-10.974856,1
1455,S_NOUN_7_ADJ_b,F,S,la recette avec les pendules que j' aime beaucoup n' est pas verte <eos>,12,verte,vert,10,F,P,verte,-10.447143,vert,-11.633636,1
1456,S_NOUN_7_ADJ_b,F,S,la recette avec les pendules que j' aime beaucoup n' est pas bleue <eos>,12,bleue,bleu,10,F,P,bleue,-10.433516,bleu,-10.812433,1
1457,S_NOUN_7_ADJ_b,F,S,la recette avec les pendules que j' aime beaucoup n' est pas noire <eos>,12,noire,noir,10,F,P,noire,-9.534636,noir,-9.2891,0
1458,S_NOUN_7_ADJ_b,F,S,la recette avec les pendules que j' aime beaucoup n' est pas délicate <eos>,12,délicate,délicat,10,F,P,délicate,-10.646233,délicat,-11.671815,1
1459,S_NOUN_7_ADJ_b,F,S,la recette avec les pendules que j' aime beaucoup n' est pas pointue <eos>,12,pointue,pointu,10,F,P,pointue,-13.309924,pointu,-14.784808,1
1460,S_NOUN_7_ADJ_b,F,S,la recette avec les pendules que j' aime beaucoup n' est pas ronde <eos>,12,ronde,rond,10,F,P,ronde,-11.559582,rond,-10.024045,0
1461,S_NOUN_7_ADJ_b,F,S,la recette avec les pendules que j' aime beaucoup n' est pas froide <eos>,12,froide,froid,10,F,P,froide,-9.585594,froid,-11.836668,1
1462,S_NOUN_7_ADJ_b,F,S,la recette avec les pendules que j' aime beaucoup n' est pas chaude <eos>,12,chaude,chaud,10,F,P,chaude,-9.364029,chaud,-12.160854,1
1463,S_NOUN_7_ADJ_b,F,S,la recette avec les pendules que j' aime beaucoup n' est pas importante <eos>,12,importante,important,10,F,P,importante,-7.778576,important,-10.177017,1
1464,S_NOUN_7_ADJ_b,F,S,la recette avec les pendules que j' aime beaucoup n' est pas courte <eos>,12,courte,court,10,F,P,courte,-10.720623,court,-12.725668,1
1465,S_NOUN_7_ADJ_b,F,S,la recette avec les pendules que j' aime beaucoup n' est pas dure <eos>,12,dure,dur,10,F,P,dure,-10.031868,dur,-12.084681,1
1466,S_NOUN_7_ADJ_b,F,S,la recette avec les pendules que j' aime beaucoup n' est pas claire <eos>,12,claire,clair,10,F,P,claire,-4.937352,clair,-6.795947,1
1467,S_NOUN_7_ADJ_b,F,S,la recette avec les pendules que j' aime beaucoup n' est pas intéressante <eos>,12,intéressante,intéressant,10,F,P,intéressante,-7.477202,intéressant,-9.87162,1
1468,S_NOUN_7_ADJ_b,F,S,la recette avec les pendules que j' aime beaucoup n' est pas brillante <eos>,12,brillante,brillant,10,F,P,brillante,-8.639558,brillant,-11.895182,1
1469,S_NOUN_7_ADJ_b,F,S,la recette avec les pendules que j' aime beaucoup n' est pas compliquée <eos>,12,compliquée,compliqué,10,F,P,compliquée,-9.493078,compliqué,-10.434076,1
1470,S_NOUN_7_ADJ_b,F,S,la recette avec les cloches que j' aime beaucoup n' est pas verte <eos>,12,verte,vert,10,F,P,verte,-11.11545,vert,-12.022397,1
1471,S_NOUN_7_ADJ_b,F,S,la recette avec les cloches que j' aime beaucoup n' est pas bleue <eos>,12,bleue,bleu,10,F,P,bleue,-10.944879,bleu,-11.393078,1
1472,S_NOUN_7_ADJ_b,F,S,la recette avec les cloches que j' aime beaucoup n' est pas noire <eos>,12,noire,noir,10,F,P,noire,-10.059967,noir,-9.899276,0
1473,S_NOUN_7_ADJ_b,F,S,la recette avec les cloches que j' aime beaucoup n' est pas délicate <eos>,12,délicate,délicat,10,F,P,délicate,-10.888889,délicat,-11.819601,1
1474,S_NOUN_7_ADJ_b,F,S,la recette avec les cloches que j' aime beaucoup n' est pas pointue <eos>,12,pointue,pointu,10,F,P,pointue,-12.485714,pointu,-15.132498,1
1475,S_NOUN_7_ADJ_b,F,S,la recette avec les cloches que j' aime beaucoup n' est pas ronde <eos>,12,ronde,rond,10,F,P,ronde,-10.961121,rond,-10.257118,0
1476,S_NOUN_7_ADJ_b,F,S,la recette avec les cloches que j' aime beaucoup n' est pas froide <eos>,12,froide,froid,10,F,P,froide,-10.259914,froid,-12.372388,1
1477,S_NOUN_7_ADJ_b,F,S,la recette avec les cloches que j' aime beaucoup n' est pas chaude <eos>,12,chaude,chaud,10,F,P,chaude,-10.1349945,chaud,-12.874207,1
1478,S_NOUN_7_ADJ_b,F,S,la recette avec les cloches que j' aime beaucoup n' est pas importante <eos>,12,importante,important,10,F,P,importante,-7.6097345,important,-10.448342,1
1479,S_NOUN_7_ADJ_b,F,S,la recette avec les cloches que j' aime beaucoup n' est pas courte <eos>,12,courte,court,10,F,P,courte,-10.326211,court,-12.843128,1
1480,S_NOUN_7_ADJ_b,F,S,la recette avec les cloches que j' aime beaucoup n' est pas dure <eos>,12,dure,dur,10,F,P,dure,-10.253192,dur,-12.409659,1
1481,S_NOUN_7_ADJ_b,F,S,la recette avec les cloches que j' aime beaucoup n' est pas claire <eos>,12,claire,clair,10,F,P,claire,-5.1109533,clair,-6.859742,1
1482,S_NOUN_7_ADJ_b,F,S,la recette avec les cloches que j' aime beaucoup n' est pas intéressante <eos>,12,intéressante,intéressant,10,F,P,intéressante,-7.095663,intéressant,-10.057169,1
1483,S_NOUN_7_ADJ_b,F,S,la recette avec les cloches que j' aime beaucoup n' est pas brillante <eos>,12,brillante,brillant,10,F,P,brillante,-8.873793,brillant,-12.651117,1
1484,S_NOUN_7_ADJ_b,F,S,la recette avec les cloches que j' aime beaucoup n' est pas compliquée <eos>,12,compliquée,compliqué,10,F,P,compliquée,-9.414086,compliqué,-10.632029,1
1485,S_NOUN_7_ADJ_b,F,S,la recette avec les cerises que j' aime beaucoup n' est pas verte <eos>,12,verte,vert,10,F,P,verte,-10.747913,vert,-11.581949,1
1486,S_NOUN_7_ADJ_b,F,S,la recette avec les cerises que j' aime beaucoup n' est pas bleue <eos>,12,bleue,bleu,10,F,P,bleue,-10.550406,bleu,-11.117668,1
1487,S_NOUN_7_ADJ_b,F,S,la recette avec les cerises que j' aime beaucoup n' est pas noire <eos>,12,noire,noir,10,F,P,noire,-9.814085,noir,-9.565767,0
1488,S_NOUN_7_ADJ_b,F,S,la recette avec les cerises que j' aime beaucoup n' est pas délicate <eos>,12,délicate,délicat,10,F,P,délicate,-10.589251,délicat,-11.686119,1
1489,S_NOUN_7_ADJ_b,F,S,la recette avec les cerises que j' aime beaucoup n' est pas pointue <eos>,12,pointue,pointu,10,F,P,pointue,-13.068802,pointu,-15.369672,1
1490,S_NOUN_7_ADJ_b,F,S,la recette avec les cerises que j' aime beaucoup n' est pas ronde <eos>,12,ronde,rond,10,F,P,ronde,-10.663425,rond,-10.264502,0
1491,S_NOUN_7_ADJ_b,F,S,la recette avec les cerises que j' aime beaucoup n' est pas froide <eos>,12,froide,froid,10,F,P,froide,-9.601179,froid,-11.786668,1
1492,S_NOUN_7_ADJ_b,F,S,la recette avec les cerises que j' aime beaucoup n' est pas chaude <eos>,12,chaude,chaud,10,F,P,chaude,-10.075432,chaud,-12.59654,1
1493,S_NOUN_7_ADJ_b,F,S,la recette avec les cerises que j' aime beaucoup n' est pas importante <eos>,12,importante,important,10,F,P,importante,-7.903124,important,-10.896239,1
1494,S_NOUN_7_ADJ_b,F,S,la recette avec les cerises que j' aime beaucoup n' est pas courte <eos>,12,courte,court,10,F,P,courte,-10.405352,court,-12.82337,1
1495,S_NOUN_7_ADJ_b,F,S,la recette avec les cerises que j' aime beaucoup n' est pas dure <eos>,12,dure,dur,10,F,P,dure,-9.722388,dur,-12.595056,1
1496,S_NOUN_7_ADJ_b,F,S,la recette avec les cerises que j' aime beaucoup n' est pas claire <eos>,12,claire,clair,10,F,P,claire,-4.282502,clair,-6.449973,1
1497,S_NOUN_7_ADJ_b,F,S,la recette avec les cerises que j' aime beaucoup n' est pas intéressante <eos>,12,intéressante,intéressant,10,F,P,intéressante,-6.9835863,intéressant,-10.47896,1
1498,S_NOUN_7_ADJ_b,F,S,la recette avec les cerises que j' aime beaucoup n' est pas brillante <eos>,12,brillante,brillant,10,F,P,brillante,-9.089995,brillant,-12.540043,1
1499,S_NOUN_7_ADJ_b,F,S,la recette avec les cerises que j' aime beaucoup n' est pas compliquée <eos>,12,compliquée,compliqué,10,F,P,compliquée,-9.288165,compliqué,-10.538289,1
1500,S_NOUN_7_ADJ_b,F,S,la jupe avec les gemmes que j' aime beaucoup n' est pas verte <eos>,12,verte,vert,10,F,P,verte,-7.5802107,vert,-8.852208,1
1501,S_NOUN_7_ADJ_b,F,S,la jupe avec les gemmes que j' aime beaucoup n' est pas bleue <eos>,12,bleue,bleu,10,F,P,bleue,-7.4537716,bleu,-8.005178,1
1502,S_NOUN_7_ADJ_b,F,S,la jupe avec les gemmes que j' aime beaucoup n' est pas noire <eos>,12,noire,noir,10,F,P,noire,-7.396761,noir,-7.3481426,0
1503,S_NOUN_7_ADJ_b,F,S,la jupe avec les gemmes que j' aime beaucoup n' est pas délicate <eos>,12,délicate,délicat,10,F,P,délicate,-10.475932,délicat,-11.907059,1
1504,S_NOUN_7_ADJ_b,F,S,la jupe avec les gemmes que j' aime beaucoup n' est pas pointue <eos>,12,pointue,pointu,10,F,P,pointue,-11.021999,pointu,-12.956204,1
1505,S_NOUN_7_ADJ_b,F,S,la jupe avec les gemmes que j' aime beaucoup n' est pas ronde <eos>,12,ronde,rond,10,F,P,ronde,-10.210839,rond,-9.389473,0
1506,S_NOUN_7_ADJ_b,F,S,la jupe avec les gemmes que j' aime beaucoup n' est pas froide <eos>,12,froide,froid,10,F,P,froide,-9.210275,froid,-12.646275,1
1507,S_NOUN_7_ADJ_b,F,S,la jupe avec les gemmes que j' aime beaucoup n' est pas chaude <eos>,12,chaude,chaud,10,F,P,chaude,-8.94628,chaud,-11.958722,1
1508,S_NOUN_7_ADJ_b,F,S,la jupe avec les gemmes que j' aime beaucoup n' est pas importante <eos>,12,importante,important,10,F,P,importante,-8.098465,important,-11.440017,1
1509,S_NOUN_7_ADJ_b,F,S,la jupe avec les gemmes que j' aime beaucoup n' est pas courte <eos>,12,courte,court,10,F,P,courte,-9.600575,court,-11.924771,1
1510,S_NOUN_7_ADJ_b,F,S,la jupe avec les gemmes que j' aime beaucoup n' est pas dure <eos>,12,dure,dur,10,F,P,dure,-9.091048,dur,-10.886863,1
1511,S_NOUN_7_ADJ_b,F,S,la jupe avec les gemmes que j' aime beaucoup n' est pas claire <eos>,12,claire,clair,10,F,P,claire,-4.3725967,clair,-6.4907684,1
1512,S_NOUN_7_ADJ_b,F,S,la jupe avec les gemmes que j' aime beaucoup n' est pas intéressante <eos>,12,intéressante,intéressant,10,F,P,intéressante,-8.820768,intéressant,-10.762524,1
1513,S_NOUN_7_ADJ_b,F,S,la jupe avec les gemmes que j' aime beaucoup n' est pas brillante <eos>,12,brillante,brillant,10,F,P,brillante,-6.67375,brillant,-9.248861,1
1514,S_NOUN_7_ADJ_b,F,S,la jupe avec les gemmes que j' aime beaucoup n' est pas compliquée <eos>,12,compliquée,compliqué,10,F,P,compliquée,-10.287648,compliqué,-11.521143,1
1515,S_NOUN_7_ADJ_b,F,S,la jupe avec les chaises que j' aime beaucoup n' est pas verte <eos>,12,verte,vert,10,F,P,verte,-8.7914715,vert,-9.805939,1
1516,S_NOUN_7_ADJ_b,F,S,la jupe avec les chaises que j' aime beaucoup n' est pas bleue <eos>,12,bleue,bleu,10,F,P,bleue,-8.455373,bleu,-8.949626,1
1517,S_NOUN_7_ADJ_b,F,S,la jupe avec les chaises que j' aime beaucoup n' est pas noire <eos>,12,noire,noir,10,F,P,noire,-8.37002,noir,-8.203283,0
1518,S_NOUN_7_ADJ_b,F,S,la jupe avec les chaises que j' aime beaucoup n' est pas délicate <eos>,12,délicate,délicat,10,F,P,délicate,-10.229358,délicat,-11.729068,1
1519,S_NOUN_7_ADJ_b,F,S,la jupe avec les chaises que j' aime beaucoup n' est pas pointue <eos>,12,pointue,pointu,10,F,P,pointue,-10.83728,pointu,-13.0569515,1
1520,S_NOUN_7_ADJ_b,F,S,la jupe avec les chaises que j' aime beaucoup n' est pas ronde <eos>,12,ronde,rond,10,F,P,ronde,-9.994231,rond,-8.620909,0
1521,S_NOUN_7_ADJ_b,F,S,la jupe avec les chaises que j' aime beaucoup n' est pas froide <eos>,12,froide,froid,10,F,P,froide,-10.444771,froid,-13.310096,1
1522,S_NOUN_7_ADJ_b,F,S,la jupe avec les chaises que j' aime beaucoup n' est pas chaude <eos>,12,chaude,chaud,10,F,P,chaude,-9.257014,chaud,-12.340554,1
1523,S_NOUN_7_ADJ_b,F,S,la jupe avec les chaises que j' aime beaucoup n' est pas importante <eos>,12,importante,important,10,F,P,importante,-7.907981,important,-11.199896,1
1524,S_NOUN_7_ADJ_b,F,S,la jupe avec les chaises que j' aime beaucoup n' est pas courte <eos>,12,courte,court,10,F,P,courte,-9.173882,court,-11.258047,1
1525,S_NOUN_7_ADJ_b,F,S,la jupe avec les chaises que j' aime beaucoup n' est pas dure <eos>,12,dure,dur,10,F,P,dure,-8.988474,dur,-11.888974,1
1526,S_NOUN_7_ADJ_b,F,S,la jupe avec les chaises que j' aime beaucoup n' est pas claire <eos>,12,claire,clair,10,F,P,claire,-4.397994,clair,-6.7303667,1
1527,S_NOUN_7_ADJ_b,F,S,la jupe avec les chaises que j' aime beaucoup n' est pas intéressante <eos>,12,intéressante,intéressant,10,F,P,intéressante,-8.902153,intéressant,-10.96623,1
1528,S_NOUN_7_ADJ_b,F,S,la jupe avec les chaises que j' aime beaucoup n' est pas brillante <eos>,12,brillante,brillant,10,F,P,brillante,-7.5638056,brillant,-10.220891,1
1529,S_NOUN_7_ADJ_b,F,S,la jupe avec les chaises que j' aime beaucoup n' est pas compliquée <eos>,12,compliquée,compliqué,10,F,P,compliquée,-10.031054,compliqué,-12.0035,1
1530,S_NOUN_7_ADJ_b,F,S,la jupe avec les poubelles que j' aime beaucoup n' est pas verte <eos>,12,verte,vert,10,F,P,verte,-8.234205,vert,-9.721315,1
1531,S_NOUN_7_ADJ_b,F,S,la jupe avec les poubelles que j' aime beaucoup n' est pas bleue <eos>,12,bleue,bleu,10,F,P,bleue,-8.739014,bleu,-9.647703,1
1532,S_NOUN_7_ADJ_b,F,S,la jupe avec les poubelles que j' aime beaucoup n' est pas noire <eos>,12,noire,noir,10,F,P,noire,-8.221243,noir,-8.292583,1
1533,S_NOUN_7_ADJ_b,F,S,la jupe avec les poubelles que j' aime beaucoup n' est pas délicate <eos>,12,délicate,délicat,10,F,P,délicate,-10.814038,délicat,-12.0919895,1
1534,S_NOUN_7_ADJ_b,F,S,la jupe avec les poubelles que j' aime beaucoup n' est pas pointue <eos>,12,pointue,pointu,10,F,P,pointue,-10.839876,pointu,-12.658565,1
1535,S_NOUN_7_ADJ_b,F,S,la jupe avec les poubelles que j' aime beaucoup n' est pas ronde <eos>,12,ronde,rond,10,F,P,ronde,-10.30572,rond,-9.292973,0
1536,S_NOUN_7_ADJ_b,F,S,la jupe avec les poubelles que j' aime beaucoup n' est pas froide <eos>,12,froide,froid,10,F,P,froide,-10.279002,froid,-12.89954,1
1537,S_NOUN_7_ADJ_b,F,S,la jupe avec les poubelles que j' aime beaucoup n' est pas chaude <eos>,12,chaude,chaud,10,F,P,chaude,-9.642778,chaud,-12.612337,1
1538,S_NOUN_7_ADJ_b,F,S,la jupe avec les poubelles que j' aime beaucoup n' est pas importante <eos>,12,importante,important,10,F,P,importante,-7.9842114,important,-10.953302,1
1539,S_NOUN_7_ADJ_b,F,S,la jupe avec les poubelles que j' aime beaucoup n' est pas courte <eos>,12,courte,court,10,F,P,courte,-9.434697,court,-11.382433,1
1540,S_NOUN_7_ADJ_b,F,S,la jupe avec les poubelles que j' aime beaucoup n' est pas dure <eos>,12,dure,dur,10,F,P,dure,-9.08396,dur,-11.371857,1
1541,S_NOUN_7_ADJ_b,F,S,la jupe avec les poubelles que j' aime beaucoup n' est pas claire <eos>,12,claire,clair,10,F,P,claire,-4.8823586,clair,-7.4260244,1
1542,S_NOUN_7_ADJ_b,F,S,la jupe avec les poubelles que j' aime beaucoup n' est pas intéressante <eos>,12,intéressante,intéressant,10,F,P,intéressante,-9.329556,intéressant,-10.811353,1
1543,S_NOUN_7_ADJ_b,F,S,la jupe avec les poubelles que j' aime beaucoup n' est pas brillante <eos>,12,brillante,brillant,10,F,P,brillante,-8.352599,brillant,-10.6723,1
1544,S_NOUN_7_ADJ_b,F,S,la jupe avec les poubelles que j' aime beaucoup n' est pas compliquée <eos>,12,compliquée,compliqué,10,F,P,compliquée,-10.178072,compliqué,-11.570833,1
1545,S_NOUN_7_ADJ_b,F,S,la jupe avec les chemises que j' aime beaucoup n' est pas verte <eos>,12,verte,vert,10,F,P,verte,-8.154574,vert,-8.948145,1
1546,S_NOUN_7_ADJ_b,F,S,la jupe avec les chemises que j' aime beaucoup n' est pas bleue <eos>,12,bleue,bleu,10,F,P,bleue,-7.8475738,bleu,-8.192238,1
1547,S_NOUN_7_ADJ_b,F,S,la jupe avec les chemises que j' aime beaucoup n' est pas noire <eos>,12,noire,noir,10,F,P,noire,-7.885315,noir,-7.3135567,0
1548,S_NOUN_7_ADJ_b,F,S,la jupe avec les chemises que j' aime beaucoup n' est pas délicate <eos>,12,délicate,délicat,10,F,P,délicate,-10.512377,délicat,-11.671354,1
1549,S_NOUN_7_ADJ_b,F,S,la jupe avec les chemises que j' aime beaucoup n' est pas pointue <eos>,12,pointue,pointu,10,F,P,pointue,-10.735571,pointu,-12.842926,1
1550,S_NOUN_7_ADJ_b,F,S,la jupe avec les chemises que j' aime beaucoup n' est pas ronde <eos>,12,ronde,rond,10,F,P,ronde,-10.357583,rond,-8.683841,0
1551,S_NOUN_7_ADJ_b,F,S,la jupe avec les chemises que j' aime beaucoup n' est pas froide <eos>,12,froide,froid,10,F,P,froide,-10.469629,froid,-12.67486,1
1552,S_NOUN_7_ADJ_b,F,S,la jupe avec les chemises que j' aime beaucoup n' est pas chaude <eos>,12,chaude,chaud,10,F,P,chaude,-9.612133,chaud,-11.946157,1
1553,S_NOUN_7_ADJ_b,F,S,la jupe avec les chemises que j' aime beaucoup n' est pas importante <eos>,12,importante,important,10,F,P,importante,-8.045443,important,-11.046633,1
1554,S_NOUN_7_ADJ_b,F,S,la jupe avec les chemises que j' aime beaucoup n' est pas courte <eos>,12,courte,court,10,F,P,courte,-8.941505,court,-10.91688,1
1555,S_NOUN_7_ADJ_b,F,S,la jupe avec les chemises que j' aime beaucoup n' est pas dure <eos>,12,dure,dur,10,F,P,dure,-8.49035,dur,-11.081406,1
1556,S_NOUN_7_ADJ_b,F,S,la jupe avec les chemises que j' aime beaucoup n' est pas claire <eos>,12,claire,clair,10,F,P,claire,-4.2081666,clair,-6.0909133,1
1557,S_NOUN_7_ADJ_b,F,S,la jupe avec les chemises que j' aime beaucoup n' est pas intéressante <eos>,12,intéressante,intéressant,10,F,P,intéressante,-9.367179,intéressant,-10.812218,1
1558,S_NOUN_7_ADJ_b,F,S,la jupe avec les chemises que j' aime beaucoup n' est pas brillante <eos>,12,brillante,brillant,10,F,P,brillante,-6.9327693,brillant,-9.306758,1
1559,S_NOUN_7_ADJ_b,F,S,la jupe avec les chemises que j' aime beaucoup n' est pas compliquée <eos>,12,compliquée,compliqué,10,F,P,compliquée,-10.155234,compliqué,-12.018883,1
1560,S_NOUN_7_ADJ_b,F,S,la jupe avec les recettes que j' aime beaucoup n' est pas verte <eos>,12,verte,vert,10,F,P,verte,-8.750834,vert,-9.776552,1
1561,S_NOUN_7_ADJ_b,F,S,la jupe avec les recettes que j' aime beaucoup n' est pas bleue <eos>,12,bleue,bleu,10,F,P,bleue,-8.73567,bleu,-9.314188,1
1562,S_NOUN_7_ADJ_b,F,S,la jupe avec les recettes que j' aime beaucoup n' est pas noire <eos>,12,noire,noir,10,F,P,noire,-8.3238125,noir,-8.054835,0
1563,S_NOUN_7_ADJ_b,F,S,la jupe avec les recettes que j' aime beaucoup n' est pas délicate <eos>,12,délicate,délicat,10,F,P,délicate,-10.074713,délicat,-11.191284,1
1564,S_NOUN_7_ADJ_b,F,S,la jupe avec les recettes que j' aime beaucoup n' est pas pointue <eos>,12,pointue,pointu,10,F,P,pointue,-11.124546,pointu,-13.128374,1
1565,S_NOUN_7_ADJ_b,F,S,la jupe avec les recettes que j' aime beaucoup n' est pas ronde <eos>,12,ronde,rond,10,F,P,ronde,-10.376424,rond,-9.214253,0
1566,S_NOUN_7_ADJ_b,F,S,la jupe avec les recettes que j' aime beaucoup n' est pas froide <eos>,12,froide,froid,10,F,P,froide,-9.942202,froid,-12.471371,1
1567,S_NOUN_7_ADJ_b,F,S,la jupe avec les recettes que j' aime beaucoup n' est pas chaude <eos>,12,chaude,chaud,10,F,P,chaude,-9.22781,chaud,-12.018674,1
1568,S_NOUN_7_ADJ_b,F,S,la jupe avec les recettes que j' aime beaucoup n' est pas importante <eos>,12,importante,important,10,F,P,importante,-7.4390574,important,-10.790499,1
1569,S_NOUN_7_ADJ_b,F,S,la jupe avec les recettes que j' aime beaucoup n' est pas courte <eos>,12,courte,court,10,F,P,courte,-9.131726,court,-11.0070305,1
1570,S_NOUN_7_ADJ_b,F,S,la jupe avec les recettes que j' aime beaucoup n' est pas dure <eos>,12,dure,dur,10,F,P,dure,-8.708323,dur,-11.5848465,1
1571,S_NOUN_7_ADJ_b,F,S,la jupe avec les recettes que j' aime beaucoup n' est pas claire <eos>,12,claire,clair,10,F,P,claire,-4.54518,clair,-6.777326,1
1572,S_NOUN_7_ADJ_b,F,S,la jupe avec les recettes que j' aime beaucoup n' est pas intéressante <eos>,12,intéressante,intéressant,10,F,P,intéressante,-8.519862,intéressant,-10.653023,1
1573,S_NOUN_7_ADJ_b,F,S,la jupe avec les recettes que j' aime beaucoup n' est pas brillante <eos>,12,brillante,brillant,10,F,P,brillante,-7.552478,brillant,-10.025136,1
1574,S_NOUN_7_ADJ_b,F,S,la jupe avec les recettes que j' aime beaucoup n' est pas compliquée <eos>,12,compliquée,compliqué,10,F,P,compliquée,-10.134544,compliqué,-11.74107,1
1575,S_NOUN_7_ADJ_b,F,S,la jupe avec les jupes que j' aime beaucoup n' est pas verte <eos>,12,verte,vert,10,F,P,verte,-8.09116,vert,-9.002407,1
1576,S_NOUN_7_ADJ_b,F,S,la jupe avec les jupes que j' aime beaucoup n' est pas bleue <eos>,12,bleue,bleu,10,F,P,bleue,-7.90246,bleu,-8.226879,1
1577,S_NOUN_7_ADJ_b,F,S,la jupe avec les jupes que j' aime beaucoup n' est pas noire <eos>,12,noire,noir,10,F,P,noire,-7.786727,noir,-7.4449425,0
1578,S_NOUN_7_ADJ_b,F,S,la jupe avec les jupes que j' aime beaucoup n' est pas délicate <eos>,12,délicate,délicat,10,F,P,délicate,-10.15897,délicat,-11.364645,1
1579,S_NOUN_7_ADJ_b,F,S,la jupe avec les jupes que j' aime beaucoup n' est pas pointue <eos>,12,pointue,pointu,10,F,P,pointue,-10.269109,pointu,-12.478582,1
1580,S_NOUN_7_ADJ_b,F,S,la jupe avec les jupes que j' aime beaucoup n' est pas ronde <eos>,12,ronde,rond,10,F,P,ronde,-10.143771,rond,-8.520068,0
1581,S_NOUN_7_ADJ_b,F,S,la jupe avec les jupes que j' aime beaucoup n' est pas froide <eos>,12,froide,froid,10,F,P,froide,-10.376552,froid,-12.565436,1
1582,S_NOUN_7_ADJ_b,F,S,la jupe avec les jupes que j' aime beaucoup n' est pas chaude <eos>,12,chaude,chaud,10,F,P,chaude,-9.485571,chaud,-11.734634,1
1583,S_NOUN_7_ADJ_b,F,S,la jupe avec les jupes que j' aime beaucoup n' est pas importante <eos>,12,importante,important,10,F,P,importante,-8.150424,important,-11.488376,1
1584,S_NOUN_7_ADJ_b,F,S,la jupe avec les jupes que j' aime beaucoup n' est pas courte <eos>,12,courte,court,10,F,P,courte,-8.361689,court,-10.375809,1
1585,S_NOUN_7_ADJ_b,F,S,la jupe avec les jupes que j' aime beaucoup n' est pas dure <eos>,12,dure,dur,10,F,P,dure,-8.281771,dur,-11.486099,1
1586,S_NOUN_7_ADJ_b,F,S,la jupe avec les jupes que j' aime beaucoup n' est pas claire <eos>,12,claire,clair,10,F,P,claire,-4.004472,clair,-6.0823116,1
1587,S_NOUN_7_ADJ_b,F,S,la jupe avec les jupes que j' aime beaucoup n' est pas intéressante <eos>,12,intéressante,intéressant,10,F,P,intéressante,-9.360935,intéressant,-10.912067,1
1588,S_NOUN_7_ADJ_b,F,S,la jupe avec les jupes que j' aime beaucoup n' est pas brillante <eos>,12,brillante,brillant,10,F,P,brillante,-6.738865,brillant,-9.041688,1
1589,S_NOUN_7_ADJ_b,F,S,la jupe avec les jupes que j' aime beaucoup n' est pas compliquée <eos>,12,compliquée,compliqué,10,F,P,compliquée,-9.751017,compliqué,-11.973576,1
1590,S_NOUN_7_ADJ_b,F,S,la jupe avec les colles que j' aime beaucoup n' est pas verte <eos>,12,verte,vert,10,F,P,verte,-8.598676,vert,-9.646019,1
1591,S_NOUN_7_ADJ_b,F,S,la jupe avec les colles que j' aime beaucoup n' est pas bleue <eos>,12,bleue,bleu,10,F,P,bleue,-8.500849,bleu,-8.746787,1
1592,S_NOUN_7_ADJ_b,F,S,la jupe avec les colles que j' aime beaucoup n' est pas noire <eos>,12,noire,noir,10,F,P,noire,-8.071725,noir,-7.87961,0
1593,S_NOUN_7_ADJ_b,F,S,la jupe avec les colles que j' aime beaucoup n' est pas délicate <eos>,12,délicate,délicat,10,F,P,délicate,-9.990767,délicat,-11.543764,1
1594,S_NOUN_7_ADJ_b,F,S,la jupe avec les colles que j' aime beaucoup n' est pas pointue <eos>,12,pointue,pointu,10,F,P,pointue,-11.063641,pointu,-13.420781,1
1595,S_NOUN_7_ADJ_b,F,S,la jupe avec les colles que j' aime beaucoup n' est pas ronde <eos>,12,ronde,rond,10,F,P,ronde,-10.619297,rond,-9.412298,0
1596,S_NOUN_7_ADJ_b,F,S,la jupe avec les colles que j' aime beaucoup n' est pas froide <eos>,12,froide,froid,10,F,P,froide,-10.189125,froid,-13.074648,1
1597,S_NOUN_7_ADJ_b,F,S,la jupe avec les colles que j' aime beaucoup n' est pas chaude <eos>,12,chaude,chaud,10,F,P,chaude,-9.350014,chaud,-12.047332,1
1598,S_NOUN_7_ADJ_b,F,S,la jupe avec les colles que j' aime beaucoup n' est pas importante <eos>,12,importante,important,10,F,P,importante,-7.881323,important,-11.015493,1
1599,S_NOUN_7_ADJ_b,F,S,la jupe avec les colles que j' aime beaucoup n' est pas courte <eos>,12,courte,court,10,F,P,courte,-9.466465,court,-11.776461,1
1600,S_NOUN_7_ADJ_b,F,S,la jupe avec les colles que j' aime beaucoup n' est pas dure <eos>,12,dure,dur,10,F,P,dure,-9.103899,dur,-11.718592,1
1601,S_NOUN_7_ADJ_b,F,S,la jupe avec les colles que j' aime beaucoup n' est pas claire <eos>,12,claire,clair,10,F,P,claire,-4.399378,clair,-6.8950586,1
1602,S_NOUN_7_ADJ_b,F,S,la jupe avec les colles que j' aime beaucoup n' est pas intéressante <eos>,12,intéressante,intéressant,10,F,P,intéressante,-8.899264,intéressant,-10.647976,1
1603,S_NOUN_7_ADJ_b,F,S,la jupe avec les colles que j' aime beaucoup n' est pas brillante <eos>,12,brillante,brillant,10,F,P,brillante,-7.0526667,brillant,-9.536783,1
1604,S_NOUN_7_ADJ_b,F,S,la jupe avec les colles que j' aime beaucoup n' est pas compliquée <eos>,12,compliquée,compliqué,10,F,P,compliquée,-9.748083,compliqué,-11.856174,1
1605,S_NOUN_7_ADJ_b,F,S,la jupe avec les lampes que j' aime beaucoup n' est pas verte <eos>,12,verte,vert,10,F,P,verte,-8.115189,vert,-9.645821,1
1606,S_NOUN_7_ADJ_b,F,S,la jupe avec les lampes que j' aime beaucoup n' est pas bleue <eos>,12,bleue,bleu,10,F,P,bleue,-8.276432,bleu,-8.7142935,1
1607,S_NOUN_7_ADJ_b,F,S,la jupe avec les lampes que j' aime beaucoup n' est pas noire <eos>,12,noire,noir,10,F,P,noire,-8.08592,noir,-7.9475746,0
1608,S_NOUN_7_ADJ_b,F,S,la jupe avec les lampes que j' aime beaucoup n' est pas délicate <eos>,12,délicate,délicat,10,F,P,délicate,-10.630312,délicat,-11.943254,1
1609,S_NOUN_7_ADJ_b,F,S,la jupe avec les lampes que j' aime beaucoup n' est pas pointue <eos>,12,pointue,pointu,10,F,P,pointue,-11.774811,pointu,-13.015978,1
1610,S_NOUN_7_ADJ_b,F,S,la jupe avec les lampes que j' aime beaucoup n' est pas ronde <eos>,12,ronde,rond,10,F,P,ronde,-10.388468,rond,-8.942576,0
1611,S_NOUN_7_ADJ_b,F,S,la jupe avec les lampes que j' aime beaucoup n' est pas froide <eos>,12,froide,froid,10,F,P,froide,-9.169046,froid,-12.353833,1
1612,S_NOUN_7_ADJ_b,F,S,la jupe avec les lampes que j' aime beaucoup n' est pas chaude <eos>,12,chaude,chaud,10,F,P,chaude,-8.20552,chaud,-11.668292,1
1613,S_NOUN_7_ADJ_b,F,S,la jupe avec les lampes que j' aime beaucoup n' est pas importante <eos>,12,importante,important,10,F,P,importante,-7.9620094,important,-11.061056,1
1614,S_NOUN_7_ADJ_b,F,S,la jupe avec les lampes que j' aime beaucoup n' est pas courte <eos>,12,courte,court,10,F,P,courte,-9.780855,court,-11.887199,1
1615,S_NOUN_7_ADJ_b,F,S,la jupe avec les lampes que j' aime beaucoup n' est pas dure <eos>,12,dure,dur,10,F,P,dure,-9.302066,dur,-12.195865,1
1616,S_NOUN_7_ADJ_b,F,S,la jupe avec les lampes que j' aime beaucoup n' est pas claire <eos>,12,claire,clair,10,F,P,claire,-4.8135796,clair,-6.9673586,1
1617,S_NOUN_7_ADJ_b,F,S,la jupe avec les lampes que j' aime beaucoup n' est pas intéressante <eos>,12,intéressante,intéressant,10,F,P,intéressante,-8.857009,intéressant,-10.614274,1
1618,S_NOUN_7_ADJ_b,F,S,la jupe avec les lampes que j' aime beaucoup n' est pas brillante <eos>,12,brillante,brillant,10,F,P,brillante,-7.4632115,brillant,-10.085944,1
1619,S_NOUN_7_ADJ_b,F,S,la jupe avec les lampes que j' aime beaucoup n' est pas compliquée <eos>,12,compliquée,compliqué,10,F,P,compliquée,-10.513558,compliqué,-11.947322,1
1620,S_NOUN_7_ADJ_b,F,S,la jupe avec les bouteilles que j' aime beaucoup n' est pas verte <eos>,12,verte,vert,10,F,P,verte,-8.472716,vert,-9.506025,1
1621,S_NOUN_7_ADJ_b,F,S,la jupe avec les bouteilles que j' aime beaucoup n' est pas bleue <eos>,12,bleue,bleu,10,F,P,bleue,-8.241407,bleu,-9.135653,1
1622,S_NOUN_7_ADJ_b,F,S,la jupe avec les bouteilles que j' aime beaucoup n' est pas noire <eos>,12,noire,noir,10,F,P,noire,-8.465925,noir,-8.328472,0
1623,S_NOUN_7_ADJ_b,F,S,la jupe avec les bouteilles que j' aime beaucoup n' est pas délicate <eos>,12,délicate,délicat,10,F,P,délicate,-10.469414,délicat,-11.565387,1
1624,S_NOUN_7_ADJ_b,F,S,la jupe avec les bouteilles que j' aime beaucoup n' est pas pointue <eos>,12,pointue,pointu,10,F,P,pointue,-11.495244,pointu,-13.747052,1
1625,S_NOUN_7_ADJ_b,F,S,la jupe avec les bouteilles que j' aime beaucoup n' est pas ronde <eos>,12,ronde,rond,10,F,P,ronde,-10.509506,rond,-9.013623,0
1626,S_NOUN_7_ADJ_b,F,S,la jupe avec les bouteilles que j' aime beaucoup n' est pas froide <eos>,12,froide,froid,10,F,P,froide,-9.36764,froid,-11.99929,1
1627,S_NOUN_7_ADJ_b,F,S,la jupe avec les bouteilles que j' aime beaucoup n' est pas chaude <eos>,12,chaude,chaud,10,F,P,chaude,-8.54768,chaud,-11.229744,1
1628,S_NOUN_7_ADJ_b,F,S,la jupe avec les bouteilles que j' aime beaucoup n' est pas importante <eos>,12,importante,important,10,F,P,importante,-7.9298706,important,-10.841818,1
1629,S_NOUN_7_ADJ_b,F,S,la jupe avec les bouteilles que j' aime beaucoup n' est pas courte <eos>,12,courte,court,10,F,P,courte,-9.815929,court,-11.53265,1
1630,S_NOUN_7_ADJ_b,F,S,la jupe avec les bouteilles que j' aime beaucoup n' est pas dure <eos>,12,dure,dur,10,F,P,dure,-8.630024,dur,-11.298745,1
1631,S_NOUN_7_ADJ_b,F,S,la jupe avec les bouteilles que j' aime beaucoup n' est pas claire <eos>,12,claire,clair,10,F,P,claire,-4.6689997,clair,-7.0639706,1
1632,S_NOUN_7_ADJ_b,F,S,la jupe avec les bouteilles que j' aime beaucoup n' est pas intéressante <eos>,12,intéressante,intéressant,10,F,P,intéressante,-8.406271,intéressant,-10.603089,1
1633,S_NOUN_7_ADJ_b,F,S,la jupe avec les bouteilles que j' aime beaucoup n' est pas brillante <eos>,12,brillante,brillant,10,F,P,brillante,-7.7821913,brillant,-10.311383,1
1634,S_NOUN_7_ADJ_b,F,S,la jupe avec les bouteilles que j' aime beaucoup n' est pas compliquée <eos>,12,compliquée,compliqué,10,F,P,compliquée,-10.019787,compliqué,-11.778194,1
1635,S_NOUN_7_ADJ_b,F,S,la jupe avec les boissons que j' aime beaucoup n' est pas verte <eos>,12,verte,vert,10,F,P,verte,-8.513138,vert,-9.540047,1
1636,S_NOUN_7_ADJ_b,F,S,la jupe avec les boissons que j' aime beaucoup n' est pas bleue <eos>,12,bleue,bleu,10,F,P,bleue,-8.473539,bleu,-8.945022,1
1637,S_NOUN_7_ADJ_b,F,S,la jupe avec les boissons que j' aime beaucoup n' est pas noire <eos>,12,noire,noir,10,F,P,noire,-8.061733,noir,-7.9391594,0
1638,S_NOUN_7_ADJ_b,F,S,la jupe avec les boissons que j' aime beaucoup n' est pas délicate <eos>,12,délicate,délicat,10,F,P,délicate,-10.183059,délicat,-11.42517,1
1639,S_NOUN_7_ADJ_b,F,S,la jupe avec les boissons que j' aime beaucoup n' est pas pointue <eos>,12,pointue,pointu,10,F,P,pointue,-11.745791,pointu,-13.828368,1
1640,S_NOUN_7_ADJ_b,F,S,la jupe avec les boissons que j' aime beaucoup n' est pas ronde <eos>,12,ronde,rond,10,F,P,ronde,-10.02171,rond,-9.365177,0
1641,S_NOUN_7_ADJ_b,F,S,la jupe avec les boissons que j' aime beaucoup n' est pas froide <eos>,12,froide,froid,10,F,P,froide,-9.079543,froid,-12.339746,1
1642,S_NOUN_7_ADJ_b,F,S,la jupe avec les boissons que j' aime beaucoup n' est pas chaude <eos>,12,chaude,chaud,10,F,P,chaude,-8.306246,chaud,-11.4124975,1
1643,S_NOUN_7_ADJ_b,F,S,la jupe avec les boissons que j' aime beaucoup n' est pas importante <eos>,12,importante,important,10,F,P,importante,-7.8959236,important,-11.209775,1
1644,S_NOUN_7_ADJ_b,F,S,la jupe avec les boissons que j' aime beaucoup n' est pas courte <eos>,12,courte,court,10,F,P,courte,-9.577556,court,-11.911577,1
1645,S_NOUN_7_ADJ_b,F,S,la jupe avec les boissons que j' aime beaucoup n' est pas dure <eos>,12,dure,dur,10,F,P,dure,-8.859959,dur,-11.466351,1
1646,S_NOUN_7_ADJ_b,F,S,la jupe avec les boissons que j' aime beaucoup n' est pas claire <eos>,12,claire,clair,10,F,P,claire,-4.6155357,clair,-7.0640173,1
1647,S_NOUN_7_ADJ_b,F,S,la jupe avec les boissons que j' aime beaucoup n' est pas intéressante <eos>,12,intéressante,intéressant,10,F,P,intéressante,-8.90648,intéressant,-10.957429,1
1648,S_NOUN_7_ADJ_b,F,S,la jupe avec les boissons que j' aime beaucoup n' est pas brillante <eos>,12,brillante,brillant,10,F,P,brillante,-7.59889,brillant,-10.379509,1
1649,S_NOUN_7_ADJ_b,F,S,la jupe avec les boissons que j' aime beaucoup n' est pas compliquée <eos>,12,compliquée,compliqué,10,F,P,compliquée,-10.085331,compliqué,-11.832772,1
1650,S_NOUN_7_ADJ_b,F,S,la jupe avec les pommes que j' aime beaucoup n' est pas verte <eos>,12,verte,vert,10,F,P,verte,-7.808586,vert,-8.858219,1
1651,S_NOUN_7_ADJ_b,F,S,la jupe avec les pommes que j' aime beaucoup n' est pas bleue <eos>,12,bleue,bleu,10,F,P,bleue,-8.002169,bleu,-8.523836,1
1652,S_NOUN_7_ADJ_b,F,S,la jupe avec les pommes que j' aime beaucoup n' est pas noire <eos>,12,noire,noir,10,F,P,noire,-7.8825617,noir,-7.845129,0
1653,S_NOUN_7_ADJ_b,F,S,la jupe avec les pommes que j' aime beaucoup n' est pas délicate <eos>,12,délicate,délicat,10,F,P,délicate,-9.613764,délicat,-11.478713,1
1654,S_NOUN_7_ADJ_b,F,S,la jupe avec les pommes que j' aime beaucoup n' est pas pointue <eos>,12,pointue,pointu,10,F,P,pointue,-10.078979,pointu,-12.986931,1
1655,S_NOUN_7_ADJ_b,F,S,la jupe avec les pommes que j' aime beaucoup n' est pas ronde <eos>,12,ronde,rond,10,F,P,ronde,-9.739748,rond,-8.759731,0
1656,S_NOUN_7_ADJ_b,F,S,la jupe avec les pommes que j' aime beaucoup n' est pas froide <eos>,12,froide,froid,10,F,P,froide,-9.287709,froid,-12.848195,1
1657,S_NOUN_7_ADJ_b,F,S,la jupe avec les pommes que j' aime beaucoup n' est pas chaude <eos>,12,chaude,chaud,10,F,P,chaude,-8.727866,chaud,-11.643911,1
1658,S_NOUN_7_ADJ_b,F,S,la jupe avec les pommes que j' aime beaucoup n' est pas importante <eos>,12,importante,important,10,F,P,importante,-7.9047146,important,-11.677608,1
1659,S_NOUN_7_ADJ_b,F,S,la jupe avec les pommes que j' aime beaucoup n' est pas courte <eos>,12,courte,court,10,F,P,courte,-8.869323,court,-11.057341,1
1660,S_NOUN_7_ADJ_b,F,S,la jupe avec les pommes que j' aime beaucoup n' est pas dure <eos>,12,dure,dur,10,F,P,dure,-8.321366,dur,-10.711272,1
1661,S_NOUN_7_ADJ_b,F,S,la jupe avec les pommes que j' aime beaucoup n' est pas claire <eos>,12,claire,clair,10,F,P,claire,-4.2467666,clair,-6.6630816,1
1662,S_NOUN_7_ADJ_b,F,S,la jupe avec les pommes que j' aime beaucoup n' est pas intéressante <eos>,12,intéressante,intéressant,10,F,P,intéressante,-8.912239,intéressant,-11.064735,1
1663,S_NOUN_7_ADJ_b,F,S,la jupe avec les pommes que j' aime beaucoup n' est pas brillante <eos>,12,brillante,brillant,10,F,P,brillante,-7.0932283,brillant,-10.110866,1
1664,S_NOUN_7_ADJ_b,F,S,la jupe avec les pommes que j' aime beaucoup n' est pas compliquée <eos>,12,compliquée,compliqué,10,F,P,compliquée,-9.694835,compliqué,-11.553856,1
1665,S_NOUN_7_ADJ_b,F,S,la jupe avec les tasses que j' aime beaucoup n' est pas verte <eos>,12,verte,vert,10,F,P,verte,-8.613474,vert,-9.631228,1
1666,S_NOUN_7_ADJ_b,F,S,la jupe avec les tasses que j' aime beaucoup n' est pas bleue <eos>,12,bleue,bleu,10,F,P,bleue,-8.835224,bleu,-9.38415,1
1667,S_NOUN_7_ADJ_b,F,S,la jupe avec les tasses que j' aime beaucoup n' est pas noire <eos>,12,noire,noir,10,F,P,noire,-8.595189,noir,-8.750139,1
1668,S_NOUN_7_ADJ_b,F,S,la jupe avec les tasses que j' aime beaucoup n' est pas délicate <eos>,12,délicate,délicat,10,F,P,délicate,-9.940876,délicat,-11.234407,1
1669,S_NOUN_7_ADJ_b,F,S,la jupe avec les tasses que j' aime beaucoup n' est pas pointue <eos>,12,pointue,pointu,10,F,P,pointue,-10.213061,pointu,-12.772338,1
1670,S_NOUN_7_ADJ_b,F,S,la jupe avec les tasses que j' aime beaucoup n' est pas ronde <eos>,12,ronde,rond,10,F,P,ronde,-9.574297,rond,-8.897337,0
1671,S_NOUN_7_ADJ_b,F,S,la jupe avec les tasses que j' aime beaucoup n' est pas froide <eos>,12,froide,froid,10,F,P,froide,-9.938206,froid,-12.6089945,1
1672,S_NOUN_7_ADJ_b,F,S,la jupe avec les tasses que j' aime beaucoup n' est pas chaude <eos>,12,chaude,chaud,10,F,P,chaude,-8.591975,chaud,-11.410857,1
1673,S_NOUN_7_ADJ_b,F,S,la jupe avec les tasses que j' aime beaucoup n' est pas importante <eos>,12,importante,important,10,F,P,importante,-7.9123645,important,-11.250118,1
1674,S_NOUN_7_ADJ_b,F,S,la jupe avec les tasses que j' aime beaucoup n' est pas courte <eos>,12,courte,court,10,F,P,courte,-9.342424,court,-11.524772,1
1675,S_NOUN_7_ADJ_b,F,S,la jupe avec les tasses que j' aime beaucoup n' est pas dure <eos>,12,dure,dur,10,F,P,dure,-8.830492,dur,-11.638897,1
1676,S_NOUN_7_ADJ_b,F,S,la jupe avec les tasses que j' aime beaucoup n' est pas claire <eos>,12,claire,clair,10,F,P,claire,-4.788194,clair,-7.2474494,1
1677,S_NOUN_7_ADJ_b,F,S,la jupe avec les tasses que j' aime beaucoup n' est pas intéressante <eos>,12,intéressante,intéressant,10,F,P,intéressante,-8.599913,intéressant,-10.698283,1
1678,S_NOUN_7_ADJ_b,F,S,la jupe avec les tasses que j' aime beaucoup n' est pas brillante <eos>,12,brillante,brillant,10,F,P,brillante,-7.609446,brillant,-9.770281,1
1679,S_NOUN_7_ADJ_b,F,S,la jupe avec les tasses que j' aime beaucoup n' est pas compliquée <eos>,12,compliquée,compliqué,10,F,P,compliquée,-9.950323,compliqué,-11.559344,1
1680,S_NOUN_7_ADJ_b,F,S,la jupe avec les bougies que j' aime beaucoup n' est pas verte <eos>,12,verte,vert,10,F,P,verte,-8.10998,vert,-9.261148,1
1681,S_NOUN_7_ADJ_b,F,S,la jupe avec les bougies que j' aime beaucoup n' est pas bleue <eos>,12,bleue,bleu,10,F,P,bleue,-8.240707,bleu,-8.468066,1
1682,S_NOUN_7_ADJ_b,F,S,la jupe avec les bougies que j' aime beaucoup n' est pas noire <eos>,12,noire,noir,10,F,P,noire,-7.9343004,noir,-7.8989277,0
1683,S_NOUN_7_ADJ_b,F,S,la jupe avec les bougies que j' aime beaucoup n' est pas délicate <eos>,12,délicate,délicat,10,F,P,délicate,-10.393723,délicat,-11.71732,1
1684,S_NOUN_7_ADJ_b,F,S,la jupe avec les bougies que j' aime beaucoup n' est pas pointue <eos>,12,pointue,pointu,10,F,P,pointue,-10.830992,pointu,-12.997547,1
1685,S_NOUN_7_ADJ_b,F,S,la jupe avec les bougies que j' aime beaucoup n' est pas ronde <eos>,12,ronde,rond,10,F,P,ronde,-9.8537655,rond,-8.672579,0
1686,S_NOUN_7_ADJ_b,F,S,la jupe avec les bougies que j' aime beaucoup n' est pas froide <eos>,12,froide,froid,10,F,P,froide,-9.88772,froid,-12.8439455,1
1687,S_NOUN_7_ADJ_b,F,S,la jupe avec les bougies que j' aime beaucoup n' est pas chaude <eos>,12,chaude,chaud,10,F,P,chaude,-8.906925,chaud,-12.006689,1
1688,S_NOUN_7_ADJ_b,F,S,la jupe avec les bougies que j' aime beaucoup n' est pas importante <eos>,12,importante,important,10,F,P,importante,-8.097984,important,-11.339634,1
1689,S_NOUN_7_ADJ_b,F,S,la jupe avec les bougies que j' aime beaucoup n' est pas courte <eos>,12,courte,court,10,F,P,courte,-9.08895,court,-11.374718,1
1690,S_NOUN_7_ADJ_b,F,S,la jupe avec les bougies que j' aime beaucoup n' est pas dure <eos>,12,dure,dur,10,F,P,dure,-8.824211,dur,-11.494773,1
1691,S_NOUN_7_ADJ_b,F,S,la jupe avec les bougies que j' aime beaucoup n' est pas claire <eos>,12,claire,clair,10,F,P,claire,-4.4780664,clair,-6.5625715,1
1692,S_NOUN_7_ADJ_b,F,S,la jupe avec les bougies que j' aime beaucoup n' est pas intéressante <eos>,12,intéressante,intéressant,10,F,P,intéressante,-9.488795,intéressant,-11.060114,1
1693,S_NOUN_7_ADJ_b,F,S,la jupe avec les bougies que j' aime beaucoup n' est pas brillante <eos>,12,brillante,brillant,10,F,P,brillante,-7.39666,brillant,-10.055908,1
1694,S_NOUN_7_ADJ_b,F,S,la jupe avec les bougies que j' aime beaucoup n' est pas compliquée <eos>,12,compliquée,compliqué,10,F,P,compliquée,-10.42844,compliqué,-11.812702,1
1695,S_NOUN_7_ADJ_b,F,S,la jupe avec les pochettes que j' aime beaucoup n' est pas verte <eos>,12,verte,vert,10,F,P,verte,-8.742824,vert,-9.736363,1
1696,S_NOUN_7_ADJ_b,F,S,la jupe avec les pochettes que j' aime beaucoup n' est pas bleue <eos>,12,bleue,bleu,10,F,P,bleue,-8.052771,bleu,-9.087513,1
1697,S_NOUN_7_ADJ_b,F,S,la jupe avec les pochettes que j' aime beaucoup n' est pas noire <eos>,12,noire,noir,10,F,P,noire,-8.088013,noir,-7.7921395,0
1698,S_NOUN_7_ADJ_b,F,S,la jupe avec les pochettes que j' aime beaucoup n' est pas délicate <eos>,12,délicate,délicat,10,F,P,délicate,-11.343799,délicat,-12.680827,1
1699,S_NOUN_7_ADJ_b,F,S,la jupe avec les pochettes que j' aime beaucoup n' est pas pointue <eos>,12,pointue,pointu,10,F,P,pointue,-11.497346,pointu,-13.147464,1
1700,S_NOUN_7_ADJ_b,F,S,la jupe avec les pochettes que j' aime beaucoup n' est pas ronde <eos>,12,ronde,rond,10,F,P,ronde,-10.447132,rond,-9.12068,0
1701,S_NOUN_7_ADJ_b,F,S,la jupe avec les pochettes que j' aime beaucoup n' est pas froide <eos>,12,froide,froid,10,F,P,froide,-10.891413,froid,-13.390625,1
1702,S_NOUN_7_ADJ_b,F,S,la jupe avec les pochettes que j' aime beaucoup n' est pas chaude <eos>,12,chaude,chaud,10,F,P,chaude,-9.724571,chaud,-13.331009,1
1703,S_NOUN_7_ADJ_b,F,S,la jupe avec les pochettes que j' aime beaucoup n' est pas importante <eos>,12,importante,important,10,F,P,importante,-7.924527,important,-10.891599,1
1704,S_NOUN_7_ADJ_b,F,S,la jupe avec les pochettes que j' aime beaucoup n' est pas courte <eos>,12,courte,court,10,F,P,courte,-9.242594,court,-11.402247,1
1705,S_NOUN_7_ADJ_b,F,S,la jupe avec les pochettes que j' aime beaucoup n' est pas dure <eos>,12,dure,dur,10,F,P,dure,-8.234058,dur,-10.080177,1
1706,S_NOUN_7_ADJ_b,F,S,la jupe avec les pochettes que j' aime beaucoup n' est pas claire <eos>,12,claire,clair,10,F,P,claire,-4.306181,clair,-6.5070763,1
1707,S_NOUN_7_ADJ_b,F,S,la jupe avec les pochettes que j' aime beaucoup n' est pas intéressante <eos>,12,intéressante,intéressant,10,F,P,intéressante,-8.354584,intéressant,-10.677673,1
1708,S_NOUN_7_ADJ_b,F,S,la jupe avec les pochettes que j' aime beaucoup n' est pas brillante <eos>,12,brillante,brillant,10,F,P,brillante,-8.245709,brillant,-10.713407,1
1709,S_NOUN_7_ADJ_b,F,S,la jupe avec les pochettes que j' aime beaucoup n' est pas compliquée <eos>,12,compliquée,compliqué,10,F,P,compliquée,-10.121262,compliqué,-11.979803,1
1710,S_NOUN_7_ADJ_b,F,S,la jupe avec les bananes que j' aime beaucoup n' est pas verte <eos>,12,verte,vert,10,F,P,verte,-7.429673,vert,-8.687946,1
1711,S_NOUN_7_ADJ_b,F,S,la jupe avec les bananes que j' aime beaucoup n' est pas bleue <eos>,12,bleue,bleu,10,F,P,bleue,-7.604115,bleu,-8.257776,1
1712,S_NOUN_7_ADJ_b,F,S,la jupe avec les bananes que j' aime beaucoup n' est pas noire <eos>,12,noire,noir,10,F,P,noire,-7.4131227,noir,-7.4117246,0
1713,S_NOUN_7_ADJ_b,F,S,la jupe avec les bananes que j' aime beaucoup n' est pas délicate <eos>,12,délicate,délicat,10,F,P,délicate,-9.955263,délicat,-11.706442,1
1714,S_NOUN_7_ADJ_b,F,S,la jupe avec les bananes que j' aime beaucoup n' est pas pointue <eos>,12,pointue,pointu,10,F,P,pointue,-9.912188,pointu,-12.4031,1
1715,S_NOUN_7_ADJ_b,F,S,la jupe avec les bananes que j' aime beaucoup n' est pas ronde <eos>,12,ronde,rond,10,F,P,ronde,-9.680527,rond,-8.599498,0
1716,S_NOUN_7_ADJ_b,F,S,la jupe avec les bananes que j' aime beaucoup n' est pas froide <eos>,12,froide,froid,10,F,P,froide,-9.696293,froid,-13.206875,1
1717,S_NOUN_7_ADJ_b,F,S,la jupe avec les bananes que j' aime beaucoup n' est pas chaude <eos>,12,chaude,chaud,10,F,P,chaude,-9.072318,chaud,-12.137478,1
1718,S_NOUN_7_ADJ_b,F,S,la jupe avec les bananes que j' aime beaucoup n' est pas importante <eos>,12,importante,important,10,F,P,importante,-8.063318,important,-11.735424,1
1719,S_NOUN_7_ADJ_b,F,S,la jupe avec les bananes que j' aime beaucoup n' est pas courte <eos>,12,courte,court,10,F,P,courte,-8.652434,court,-11.158487,1
1720,S_NOUN_7_ADJ_b,F,S,la jupe avec les bananes que j' aime beaucoup n' est pas dure <eos>,12,dure,dur,10,F,P,dure,-8.225821,dur,-10.380222,1
1721,S_NOUN_7_ADJ_b,F,S,la jupe avec les bananes que j' aime beaucoup n' est pas claire <eos>,12,claire,clair,10,F,P,claire,-4.2661724,clair,-6.3683662,1
1722,S_NOUN_7_ADJ_b,F,S,la jupe avec les bananes que j' aime beaucoup n' est pas intéressante <eos>,12,intéressante,intéressant,10,F,P,intéressante,-8.612375,intéressant,-11.072932,1
1723,S_NOUN_7_ADJ_b,F,S,la jupe avec les bananes que j' aime beaucoup n' est pas brillante <eos>,12,brillante,brillant,10,F,P,brillante,-6.81925,brillant,-9.5464525,1
1724,S_NOUN_7_ADJ_b,F,S,la jupe avec les bananes que j' aime beaucoup n' est pas compliquée <eos>,12,compliquée,compliqué,10,F,P,compliquée,-9.73518,compliqué,-11.666584,1
1725,S_NOUN_7_ADJ_b,F,S,la jupe avec les robes que j' aime beaucoup n' est pas verte <eos>,12,verte,vert,10,F,P,verte,-7.99951,vert,-8.985275,1
1726,S_NOUN_7_ADJ_b,F,S,la jupe avec les robes que j' aime beaucoup n' est pas bleue <eos>,12,bleue,bleu,10,F,P,bleue,-7.73965,bleu,-8.094268,1
1727,S_NOUN_7_ADJ_b,F,S,la jupe avec les robes que j' aime beaucoup n' est pas noire <eos>,12,noire,noir,10,F,P,noire,-7.4643207,noir,-7.060591,0
1728,S_NOUN_7_ADJ_b,F,S,la jupe avec les robes que j' aime beaucoup n' est pas délicate <eos>,12,délicate,délicat,10,F,P,délicate,-10.284968,délicat,-11.401807,1
1729,S_NOUN_7_ADJ_b,F,S,la jupe avec les robes que j' aime beaucoup n' est pas pointue <eos>,12,pointue,pointu,10,F,P,pointue,-11.046305,pointu,-12.477684,1
1730,S_NOUN_7_ADJ_b,F,S,la jupe avec les robes que j' aime beaucoup n' est pas ronde <eos>,12,ronde,rond,10,F,P,ronde,-10.170262,rond,-8.670515,0
1731,S_NOUN_7_ADJ_b,F,S,la jupe avec les robes que j' aime beaucoup n' est pas froide <eos>,12,froide,froid,10,F,P,froide,-10.561196,froid,-12.991259,1
1732,S_NOUN_7_ADJ_b,F,S,la jupe avec les robes que j' aime beaucoup n' est pas chaude <eos>,12,chaude,chaud,10,F,P,chaude,-9.916205,chaud,-12.284898,1
1733,S_NOUN_7_ADJ_b,F,S,la jupe avec les robes que j' aime beaucoup n' est pas importante <eos>,12,importante,important,10,F,P,importante,-8.087175,important,-11.125177,1
1734,S_NOUN_7_ADJ_b,F,S,la jupe avec les robes que j' aime beaucoup n' est pas courte <eos>,12,courte,court,10,F,P,courte,-9.16391,court,-10.992643,1
1735,S_NOUN_7_ADJ_b,F,S,la jupe avec les robes que j' aime beaucoup n' est pas dure <eos>,12,dure,dur,10,F,P,dure,-9.09844,dur,-11.682894,1
1736,S_NOUN_7_ADJ_b,F,S,la jupe avec les robes que j' aime beaucoup n' est pas claire <eos>,12,claire,clair,10,F,P,claire,-3.7825174,clair,-5.741805,1
1737,S_NOUN_7_ADJ_b,F,S,la jupe avec les robes que j' aime beaucoup n' est pas intéressante <eos>,12,intéressante,intéressant,10,F,P,intéressante,-9.310442,intéressant,-10.8038025,1
1738,S_NOUN_7_ADJ_b,F,S,la jupe avec les robes que j' aime beaucoup n' est pas brillante <eos>,12,brillante,brillant,10,F,P,brillante,-7.3043094,brillant,-9.509783,1
1739,S_NOUN_7_ADJ_b,F,S,la jupe avec les robes que j' aime beaucoup n' est pas compliquée <eos>,12,compliquée,compliqué,10,F,P,compliquée,-10.187453,compliqué,-11.8683195,1
1740,S_NOUN_7_ADJ_b,F,S,la jupe avec les valises que j' aime beaucoup n' est pas verte <eos>,12,verte,vert,10,F,P,verte,-8.366715,vert,-9.7703085,1
1741,S_NOUN_7_ADJ_b,F,S,la jupe avec les valises que j' aime beaucoup n' est pas bleue <eos>,12,bleue,bleu,10,F,P,bleue,-8.068272,bleu,-9.269867,1
1742,S_NOUN_7_ADJ_b,F,S,la jupe avec les valises que j' aime beaucoup n' est pas noire <eos>,12,noire,noir,10,F,P,noire,-8.332617,noir,-8.365609,1
1743,S_NOUN_7_ADJ_b,F,S,la jupe avec les valises que j' aime beaucoup n' est pas délicate <eos>,12,délicate,délicat,10,F,P,délicate,-10.485899,délicat,-12.418846,1
1744,S_NOUN_7_ADJ_b,F,S,la jupe avec les valises que j' aime beaucoup n' est pas pointue <eos>,12,pointue,pointu,10,F,P,pointue,-10.451843,pointu,-13.158207,1
1745,S_NOUN_7_ADJ_b,F,S,la jupe avec les valises que j' aime beaucoup n' est pas ronde <eos>,12,ronde,rond,10,F,P,ronde,-10.079073,rond,-8.982536,0
1746,S_NOUN_7_ADJ_b,F,S,la jupe avec les valises que j' aime beaucoup n' est pas froide <eos>,12,froide,froid,10,F,P,froide,-10.22139,froid,-13.093169,1
1747,S_NOUN_7_ADJ_b,F,S,la jupe avec les valises que j' aime beaucoup n' est pas chaude <eos>,12,chaude,chaud,10,F,P,chaude,-9.131232,chaud,-11.996628,1
1748,S_NOUN_7_ADJ_b,F,S,la jupe avec les valises que j' aime beaucoup n' est pas importante <eos>,12,importante,important,10,F,P,importante,-7.7390556,important,-11.321182,1
1749,S_NOUN_7_ADJ_b,F,S,la jupe avec les valises que j' aime beaucoup n' est pas courte <eos>,12,courte,court,10,F,P,courte,-9.352575,court,-11.458762,1
1750,S_NOUN_7_ADJ_b,F,S,la jupe avec les valises que j' aime beaucoup n' est pas dure <eos>,12,dure,dur,10,F,P,dure,-8.792611,dur,-11.7029915,1
1751,S_NOUN_7_ADJ_b,F,S,la jupe avec les valises que j' aime beaucoup n' est pas claire <eos>,12,claire,clair,10,F,P,claire,-4.832672,clair,-7.161519,1
1752,S_NOUN_7_ADJ_b,F,S,la jupe avec les valises que j' aime beaucoup n' est pas intéressante <eos>,12,intéressante,intéressant,10,F,P,intéressante,-8.538234,intéressant,-10.947604,1
1753,S_NOUN_7_ADJ_b,F,S,la jupe avec les valises que j' aime beaucoup n' est pas brillante <eos>,12,brillante,brillant,10,F,P,brillante,-7.317796,brillant,-10.143584,1
1754,S_NOUN_7_ADJ_b,F,S,la jupe avec les valises que j' aime beaucoup n' est pas compliquée <eos>,12,compliquée,compliqué,10,F,P,compliquée,-9.847843,compliqué,-12.0761795,1
1755,S_NOUN_7_ADJ_b,F,S,la jupe avec les pendules que j' aime beaucoup n' est pas verte <eos>,12,verte,vert,10,F,P,verte,-9.006765,vert,-10.250895,1
1756,S_NOUN_7_ADJ_b,F,S,la jupe avec les pendules que j' aime beaucoup n' est pas bleue <eos>,12,bleue,bleu,10,F,P,bleue,-8.796791,bleu,-9.2961645,1
1757,S_NOUN_7_ADJ_b,F,S,la jupe avec les pendules que j' aime beaucoup n' est pas noire <eos>,12,noire,noir,10,F,P,noire,-8.388002,noir,-8.120842,0
1758,S_NOUN_7_ADJ_b,F,S,la jupe avec les pendules que j' aime beaucoup n' est pas délicate <eos>,12,délicate,délicat,10,F,P,délicate,-10.550579,délicat,-11.625967,1
1759,S_NOUN_7_ADJ_b,F,S,la jupe avec les pendules que j' aime beaucoup n' est pas pointue <eos>,12,pointue,pointu,10,F,P,pointue,-12.068701,pointu,-13.430944,1
1760,S_NOUN_7_ADJ_b,F,S,la jupe avec les pendules que j' aime beaucoup n' est pas ronde <eos>,12,ronde,rond,10,F,P,ronde,-10.868732,rond,-9.24262,0
1761,S_NOUN_7_ADJ_b,F,S,la jupe avec les pendules que j' aime beaucoup n' est pas froide <eos>,12,froide,froid,10,F,P,froide,-9.469149,froid,-12.318937,1
1762,S_NOUN_7_ADJ_b,F,S,la jupe avec les pendules que j' aime beaucoup n' est pas chaude <eos>,12,chaude,chaud,10,F,P,chaude,-8.338991,chaud,-11.55938,1
1763,S_NOUN_7_ADJ_b,F,S,la jupe avec les pendules que j' aime beaucoup n' est pas importante <eos>,12,importante,important,10,F,P,importante,-7.923878,important,-10.781704,1
1764,S_NOUN_7_ADJ_b,F,S,la jupe avec les pendules que j' aime beaucoup n' est pas courte <eos>,12,courte,court,10,F,P,courte,-9.883559,court,-11.892418,1
1765,S_NOUN_7_ADJ_b,F,S,la jupe avec les pendules que j' aime beaucoup n' est pas dure <eos>,12,dure,dur,10,F,P,dure,-9.301012,dur,-12.048502,1
1766,S_NOUN_7_ADJ_b,F,S,la jupe avec les pendules que j' aime beaucoup n' est pas claire <eos>,12,claire,clair,10,F,P,claire,-4.908506,clair,-7.313356,1
1767,S_NOUN_7_ADJ_b,F,S,la jupe avec les pendules que j' aime beaucoup n' est pas intéressante <eos>,12,intéressante,intéressant,10,F,P,intéressante,-8.848295,intéressant,-10.482858,1
1768,S_NOUN_7_ADJ_b,F,S,la jupe avec les pendules que j' aime beaucoup n' est pas brillante <eos>,12,brillante,brillant,10,F,P,brillante,-7.742545,brillant,-10.23898,1
1769,S_NOUN_7_ADJ_b,F,S,la jupe avec les pendules que j' aime beaucoup n' est pas compliquée <eos>,12,compliquée,compliqué,10,F,P,compliquée,-10.258332,compliqué,-11.74873,1
1770,S_NOUN_7_ADJ_b,F,S,la jupe avec les cloches que j' aime beaucoup n' est pas verte <eos>,12,verte,vert,10,F,P,verte,-8.840096,vert,-9.95019,1
1771,S_NOUN_7_ADJ_b,F,S,la jupe avec les cloches que j' aime beaucoup n' est pas bleue <eos>,12,bleue,bleu,10,F,P,bleue,-8.8988495,bleu,-9.298332,1
1772,S_NOUN_7_ADJ_b,F,S,la jupe avec les cloches que j' aime beaucoup n' est pas noire <eos>,12,noire,noir,10,F,P,noire,-8.301337,noir,-8.451545,1
1773,S_NOUN_7_ADJ_b,F,S,la jupe avec les cloches que j' aime beaucoup n' est pas délicate <eos>,12,délicate,délicat,10,F,P,délicate,-10.58457,délicat,-11.70666,1
1774,S_NOUN_7_ADJ_b,F,S,la jupe avec les cloches que j' aime beaucoup n' est pas pointue <eos>,12,pointue,pointu,10,F,P,pointue,-10.533649,pointu,-12.940235,1
1775,S_NOUN_7_ADJ_b,F,S,la jupe avec les cloches que j' aime beaucoup n' est pas ronde <eos>,12,ronde,rond,10,F,P,ronde,-10.2957535,rond,-9.186355,0
1776,S_NOUN_7_ADJ_b,F,S,la jupe avec les cloches que j' aime beaucoup n' est pas froide <eos>,12,froide,froid,10,F,P,froide,-10.511736,froid,-13.250307,1
1777,S_NOUN_7_ADJ_b,F,S,la jupe avec les cloches que j' aime beaucoup n' est pas chaude <eos>,12,chaude,chaud,10,F,P,chaude,-9.60622,chaud,-12.537914,1
1778,S_NOUN_7_ADJ_b,F,S,la jupe avec les cloches que j' aime beaucoup n' est pas importante <eos>,12,importante,important,10,F,P,importante,-7.785422,important,-11.017378,1
1779,S_NOUN_7_ADJ_b,F,S,la jupe avec les cloches que j' aime beaucoup n' est pas courte <eos>,12,courte,court,10,F,P,courte,-9.157696,court,-11.311549,1
1780,S_NOUN_7_ADJ_b,F,S,la jupe avec les cloches que j' aime beaucoup n' est pas dure <eos>,12,dure,dur,10,F,P,dure,-9.167574,dur,-11.76442,1
1781,S_NOUN_7_ADJ_b,F,S,la jupe avec les cloches que j' aime beaucoup n' est pas claire <eos>,12,claire,clair,10,F,P,claire,-4.982757,clair,-7.205301,1
1782,S_NOUN_7_ADJ_b,F,S,la jupe avec les cloches que j' aime beaucoup n' est pas intéressante <eos>,12,intéressante,intéressant,10,F,P,intéressante,-8.804756,intéressant,-10.522883,1
1783,S_NOUN_7_ADJ_b,F,S,la jupe avec les cloches que j' aime beaucoup n' est pas brillante <eos>,12,brillante,brillant,10,F,P,brillante,-7.655907,brillant,-10.403461,1
1784,S_NOUN_7_ADJ_b,F,S,la jupe avec les cloches que j' aime beaucoup n' est pas compliquée <eos>,12,compliquée,compliqué,10,F,P,compliquée,-10.168571,compliqué,-11.700411,1
1785,S_NOUN_7_ADJ_b,F,S,la jupe avec les cerises que j' aime beaucoup n' est pas verte <eos>,12,verte,vert,10,F,P,verte,-7.8491583,vert,-8.721031,1
1786,S_NOUN_7_ADJ_b,F,S,la jupe avec les cerises que j' aime beaucoup n' est pas bleue <eos>,12,bleue,bleu,10,F,P,bleue,-8.05779,bleu,-8.180139,1
1787,S_NOUN_7_ADJ_b,F,S,la jupe avec les cerises que j' aime beaucoup n' est pas noire <eos>,12,noire,noir,10,F,P,noire,-7.8589554,noir,-7.602318,0
1788,S_NOUN_7_ADJ_b,F,S,la jupe avec les cerises que j' aime beaucoup n' est pas délicate <eos>,12,délicate,délicat,10,F,P,délicate,-9.921005,délicat,-11.276556,1
1789,S_NOUN_7_ADJ_b,F,S,la jupe avec les cerises que j' aime beaucoup n' est pas pointue <eos>,12,pointue,pointu,10,F,P,pointue,-10.692989,pointu,-12.723236,1
1790,S_NOUN_7_ADJ_b,F,S,la jupe avec les cerises que j' aime beaucoup n' est pas ronde <eos>,12,ronde,rond,10,F,P,ronde,-10.043542,rond,-8.342116,0
1791,S_NOUN_7_ADJ_b,F,S,la jupe avec les cerises que j' aime beaucoup n' est pas froide <eos>,12,froide,froid,10,F,P,froide,-9.965291,froid,-12.64821,1
1792,S_NOUN_7_ADJ_b,F,S,la jupe avec les cerises que j' aime beaucoup n' est pas chaude <eos>,12,chaude,chaud,10,F,P,chaude,-9.20898,chaud,-11.676468,1
1793,S_NOUN_7_ADJ_b,F,S,la jupe avec les cerises que j' aime beaucoup n' est pas importante <eos>,12,importante,important,10,F,P,importante,-8.10821,important,-11.295272,1
1794,S_NOUN_7_ADJ_b,F,S,la jupe avec les cerises que j' aime beaucoup n' est pas courte <eos>,12,courte,court,10,F,P,courte,-9.061272,court,-11.0370865,1
1795,S_NOUN_7_ADJ_b,F,S,la jupe avec les cerises que j' aime beaucoup n' est pas dure <eos>,12,dure,dur,10,F,P,dure,-8.8761215,dur,-11.146649,1
1796,S_NOUN_7_ADJ_b,F,S,la jupe avec les cerises que j' aime beaucoup n' est pas claire <eos>,12,claire,clair,10,F,P,claire,-4.266943,clair,-6.3674574,1
1797,S_NOUN_7_ADJ_b,F,S,la jupe avec les cerises que j' aime beaucoup n' est pas intéressante <eos>,12,intéressante,intéressant,10,F,P,intéressante,-8.922588,intéressant,-10.607607,1
1798,S_NOUN_7_ADJ_b,F,S,la jupe avec les cerises que j' aime beaucoup n' est pas brillante <eos>,12,brillante,brillant,10,F,P,brillante,-7.089994,brillant,-9.479898,1
1799,S_NOUN_7_ADJ_b,F,S,la jupe avec les cerises que j' aime beaucoup n' est pas compliquée <eos>,12,compliquée,compliqué,10,F,P,compliquée,-10.067918,compliqué,-11.653074,1
1800,S_NOUN_7_ADJ_b,F,S,la colle avec les gemmes que j' aime beaucoup n' est pas verte <eos>,12,verte,vert,10,F,P,verte,-7.843187,vert,-8.722975,1
1801,S_NOUN_7_ADJ_b,F,S,la colle avec les gemmes que j' aime beaucoup n' est pas bleue <eos>,12,bleue,bleu,10,F,P,bleue,-8.469218,bleu,-8.636853,1
1802,S_NOUN_7_ADJ_b,F,S,la colle avec les gemmes que j' aime beaucoup n' est pas noire <eos>,12,noire,noir,10,F,P,noire,-7.519879,noir,-7.7103686,1
1803,S_NOUN_7_ADJ_b,F,S,la colle avec les gemmes que j' aime beaucoup n' est pas délicate <eos>,12,délicate,délicat,10,F,P,délicate,-10.763191,délicat,-12.486187,1
1804,S_NOUN_7_ADJ_b,F,S,la colle avec les gemmes que j' aime beaucoup n' est pas pointue <eos>,12,pointue,pointu,10,F,P,pointue,-11.219282,pointu,-13.292957,1
1805,S_NOUN_7_ADJ_b,F,S,la colle avec les gemmes que j' aime beaucoup n' est pas ronde <eos>,12,ronde,rond,10,F,P,ronde,-9.985194,rond,-10.067881,1
1806,S_NOUN_7_ADJ_b,F,S,la colle avec les gemmes que j' aime beaucoup n' est pas froide <eos>,12,froide,froid,10,F,P,froide,-9.037593,froid,-12.761504,1
1807,S_NOUN_7_ADJ_b,F,S,la colle avec les gemmes que j' aime beaucoup n' est pas chaude <eos>,12,chaude,chaud,10,F,P,chaude,-9.242179,chaud,-12.599956,1
1808,S_NOUN_7_ADJ_b,F,S,la colle avec les gemmes que j' aime beaucoup n' est pas importante <eos>,12,importante,important,10,F,P,importante,-8.107778,important,-11.072241,1
1809,S_NOUN_7_ADJ_b,F,S,la colle avec les gemmes que j' aime beaucoup n' est pas courte <eos>,12,courte,court,10,F,P,courte,-10.279668,court,-12.954311,1
1810,S_NOUN_7_ADJ_b,F,S,la colle avec les gemmes que j' aime beaucoup n' est pas dure <eos>,12,dure,dur,10,F,P,dure,-9.561306,dur,-9.921346,1
1811,S_NOUN_7_ADJ_b,F,S,la colle avec les gemmes que j' aime beaucoup n' est pas claire <eos>,12,claire,clair,10,F,P,claire,-5.064233,clair,-7.0000124,1
1812,S_NOUN_7_ADJ_b,F,S,la colle avec les gemmes que j' aime beaucoup n' est pas intéressante <eos>,12,intéressante,intéressant,10,F,P,intéressante,-8.628006,intéressant,-10.480513,1
1813,S_NOUN_7_ADJ_b,F,S,la colle avec les gemmes que j' aime beaucoup n' est pas brillante <eos>,12,brillante,brillant,10,F,P,brillante,-7.36543,brillant,-9.815352,1
1814,S_NOUN_7_ADJ_b,F,S,la colle avec les gemmes que j' aime beaucoup n' est pas compliquée <eos>,12,compliquée,compliqué,10,F,P,compliquée,-10.70449,compliqué,-11.274702,1
1815,S_NOUN_7_ADJ_b,F,S,la colle avec les chaises que j' aime beaucoup n' est pas verte <eos>,12,verte,vert,10,F,P,verte,-9.196985,vert,-10.052929,1
1816,S_NOUN_7_ADJ_b,F,S,la colle avec les chaises que j' aime beaucoup n' est pas bleue <eos>,12,bleue,bleu,10,F,P,bleue,-9.632548,bleu,-9.9460745,1
1817,S_NOUN_7_ADJ_b,F,S,la colle avec les chaises que j' aime beaucoup n' est pas noire <eos>,12,noire,noir,10,F,P,noire,-8.657229,noir,-8.828966,1
1818,S_NOUN_7_ADJ_b,F,S,la colle avec les chaises que j' aime beaucoup n' est pas délicate <eos>,12,délicate,délicat,10,F,P,délicate,-10.378181,délicat,-11.7272415,1
1819,S_NOUN_7_ADJ_b,F,S,la colle avec les chaises que j' aime beaucoup n' est pas pointue <eos>,12,pointue,pointu,10,F,P,pointue,-11.390633,pointu,-13.641239,1
1820,S_NOUN_7_ADJ_b,F,S,la colle avec les chaises que j' aime beaucoup n' est pas ronde <eos>,12,ronde,rond,10,F,P,ronde,-9.736047,rond,-9.207328,0
1821,S_NOUN_7_ADJ_b,F,S,la colle avec les chaises que j' aime beaucoup n' est pas froide <eos>,12,froide,froid,10,F,P,froide,-9.8434725,froid,-12.795772,1
1822,S_NOUN_7_ADJ_b,F,S,la colle avec les chaises que j' aime beaucoup n' est pas chaude <eos>,12,chaude,chaud,10,F,P,chaude,-9.284165,chaud,-12.559714,1
1823,S_NOUN_7_ADJ_b,F,S,la colle avec les chaises que j' aime beaucoup n' est pas importante <eos>,12,importante,important,10,F,P,importante,-8.031337,important,-10.6966715,1
1824,S_NOUN_7_ADJ_b,F,S,la colle avec les chaises que j' aime beaucoup n' est pas courte <eos>,12,courte,court,10,F,P,courte,-10.159968,court,-12.353286,1
1825,S_NOUN_7_ADJ_b,F,S,la colle avec les chaises que j' aime beaucoup n' est pas dure <eos>,12,dure,dur,10,F,P,dure,-8.986015,dur,-10.200904,1
1826,S_NOUN_7_ADJ_b,F,S,la colle avec les chaises que j' aime beaucoup n' est pas claire <eos>,12,claire,clair,10,F,P,claire,-4.915778,clair,-7.4389534,1
1827,S_NOUN_7_ADJ_b,F,S,la colle avec les chaises que j' aime beaucoup n' est pas intéressante <eos>,12,intéressante,intéressant,10,F,P,intéressante,-8.635744,intéressant,-10.596842,1
1828,S_NOUN_7_ADJ_b,F,S,la colle avec les chaises que j' aime beaucoup n' est pas brillante <eos>,12,brillante,brillant,10,F,P,brillante,-8.619152,brillant,-10.998018,1
1829,S_NOUN_7_ADJ_b,F,S,la colle avec les chaises que j' aime beaucoup n' est pas compliquée <eos>,12,compliquée,compliqué,10,F,P,compliquée,-10.177926,compliqué,-11.340185,1
1830,S_NOUN_7_ADJ_b,F,S,la colle avec les poubelles que j' aime beaucoup n' est pas verte <eos>,12,verte,vert,10,F,P,verte,-8.576412,vert,-9.940814,1
1831,S_NOUN_7_ADJ_b,F,S,la colle avec les poubelles que j' aime beaucoup n' est pas bleue <eos>,12,bleue,bleu,10,F,P,bleue,-9.967408,bleu,-10.697365,1
1832,S_NOUN_7_ADJ_b,F,S,la colle avec les poubelles que j' aime beaucoup n' est pas noire <eos>,12,noire,noir,10,F,P,noire,-8.8239565,noir,-9.134617,1
1833,S_NOUN_7_ADJ_b,F,S,la colle avec les poubelles que j' aime beaucoup n' est pas délicate <eos>,12,délicate,délicat,10,F,P,délicate,-11.002157,délicat,-12.18119,1
1834,S_NOUN_7_ADJ_b,F,S,la colle avec les poubelles que j' aime beaucoup n' est pas pointue <eos>,12,pointue,pointu,10,F,P,pointue,-11.335294,pointu,-13.768075,1
1835,S_NOUN_7_ADJ_b,F,S,la colle avec les poubelles que j' aime beaucoup n' est pas ronde <eos>,12,ronde,rond,10,F,P,ronde,-10.596413,rond,-10.357973,0
1836,S_NOUN_7_ADJ_b,F,S,la colle avec les poubelles que j' aime beaucoup n' est pas froide <eos>,12,froide,froid,10,F,P,froide,-9.47266,froid,-12.603475,1
1837,S_NOUN_7_ADJ_b,F,S,la colle avec les poubelles que j' aime beaucoup n' est pas chaude <eos>,12,chaude,chaud,10,F,P,chaude,-9.331673,chaud,-12.690473,1
1838,S_NOUN_7_ADJ_b,F,S,la colle avec les poubelles que j' aime beaucoup n' est pas importante <eos>,12,importante,important,10,F,P,importante,-8.051631,important,-10.636618,1
1839,S_NOUN_7_ADJ_b,F,S,la colle avec les poubelles que j' aime beaucoup n' est pas courte <eos>,12,courte,court,10,F,P,courte,-10.474795,court,-12.555933,1
1840,S_NOUN_7_ADJ_b,F,S,la colle avec les poubelles que j' aime beaucoup n' est pas dure <eos>,12,dure,dur,10,F,P,dure,-9.21759,dur,-9.935294,1
1841,S_NOUN_7_ADJ_b,F,S,la colle avec les poubelles que j' aime beaucoup n' est pas claire <eos>,12,claire,clair,10,F,P,claire,-5.5284367,clair,-8.04899,1
1842,S_NOUN_7_ADJ_b,F,S,la colle avec les poubelles que j' aime beaucoup n' est pas intéressante <eos>,12,intéressante,intéressant,10,F,P,intéressante,-8.728494,intéressant,-10.341222,1
1843,S_NOUN_7_ADJ_b,F,S,la colle avec les poubelles que j' aime beaucoup n' est pas brillante <eos>,12,brillante,brillant,10,F,P,brillante,-9.40531,brillant,-11.487907,1
1844,S_NOUN_7_ADJ_b,F,S,la colle avec les poubelles que j' aime beaucoup n' est pas compliquée <eos>,12,compliquée,compliqué,10,F,P,compliquée,-10.291077,compliqué,-11.211906,1
1845,S_NOUN_7_ADJ_b,F,S,la colle avec les chemises que j' aime beaucoup n' est pas verte <eos>,12,verte,vert,10,F,P,verte,-8.417799,vert,-8.846037,1
1846,S_NOUN_7_ADJ_b,F,S,la colle avec les chemises que j' aime beaucoup n' est pas bleue <eos>,12,bleue,bleu,10,F,P,bleue,-8.890061,bleu,-9.047785,1
1847,S_NOUN_7_ADJ_b,F,S,la colle avec les chemises que j' aime beaucoup n' est pas noire <eos>,12,noire,noir,10,F,P,noire,-7.9729185,noir,-7.6632214,0
1848,S_NOUN_7_ADJ_b,F,S,la colle avec les chemises que j' aime beaucoup n' est pas délicate <eos>,12,délicate,délicat,10,F,P,délicate,-10.592282,délicat,-11.657052,1
1849,S_NOUN_7_ADJ_b,F,S,la colle avec les chemises que j' aime beaucoup n' est pas pointue <eos>,12,pointue,pointu,10,F,P,pointue,-10.811517,pointu,-13.199386,1
1850,S_NOUN_7_ADJ_b,F,S,la colle avec les chemises que j' aime beaucoup n' est pas ronde <eos>,12,ronde,rond,10,F,P,ronde,-10.135378,rond,-9.403208,0
1851,S_NOUN_7_ADJ_b,F,S,la colle avec les chemises que j' aime beaucoup n' est pas froide <eos>,12,froide,froid,10,F,P,froide,-9.68627,froid,-12.258345,1
1852,S_NOUN_7_ADJ_b,F,S,la colle avec les chemises que j' aime beaucoup n' est pas chaude <eos>,12,chaude,chaud,10,F,P,chaude,-9.786177,chaud,-12.138969,1
1853,S_NOUN_7_ADJ_b,F,S,la colle avec les chemises que j' aime beaucoup n' est pas importante <eos>,12,importante,important,10,F,P,importante,-8.143576,important,-10.726049,1
1854,S_NOUN_7_ADJ_b,F,S,la colle avec les chemises que j' aime beaucoup n' est pas courte <eos>,12,courte,court,10,F,P,courte,-9.7681055,court,-11.827272,1
1855,S_NOUN_7_ADJ_b,F,S,la colle avec les chemises que j' aime beaucoup n' est pas dure <eos>,12,dure,dur,10,F,P,dure,-8.588764,dur,-9.399429,1
1856,S_NOUN_7_ADJ_b,F,S,la colle avec les chemises que j' aime beaucoup n' est pas claire <eos>,12,claire,clair,10,F,P,claire,-4.667011,clair,-6.7813525,1
1857,S_NOUN_7_ADJ_b,F,S,la colle avec les chemises que j' aime beaucoup n' est pas intéressante <eos>,12,intéressante,intéressant,10,F,P,intéressante,-9.120268,intéressant,-10.459881,1
1858,S_NOUN_7_ADJ_b,F,S,la colle avec les chemises que j' aime beaucoup n' est pas brillante <eos>,12,brillante,brillant,10,F,P,brillante,-7.9262385,brillant,-9.754653,1
1859,S_NOUN_7_ADJ_b,F,S,la colle avec les chemises que j' aime beaucoup n' est pas compliquée <eos>,12,compliquée,compliqué,10,F,P,compliquée,-10.382415,compliqué,-11.32498,1
1860,S_NOUN_7_ADJ_b,F,S,la colle avec les recettes que j' aime beaucoup n' est pas verte <eos>,12,verte,vert,10,F,P,verte,-9.154247,vert,-10.096183,1
1861,S_NOUN_7_ADJ_b,F,S,la colle avec les recettes que j' aime beaucoup n' est pas bleue <eos>,12,bleue,bleu,10,F,P,bleue,-10.293313,bleu,-10.580445,1
1862,S_NOUN_7_ADJ_b,F,S,la colle avec les recettes que j' aime beaucoup n' est pas noire <eos>,12,noire,noir,10,F,P,noire,-8.816287,noir,-8.868059,1
1863,S_NOUN_7_ADJ_b,F,S,la colle avec les recettes que j' aime beaucoup n' est pas délicate <eos>,12,délicate,délicat,10,F,P,délicate,-10.6077385,délicat,-11.410316,1
1864,S_NOUN_7_ADJ_b,F,S,la colle avec les recettes que j' aime beaucoup n' est pas pointue <eos>,12,pointue,pointu,10,F,P,pointue,-11.612479,pointu,-13.64259,1
1865,S_NOUN_7_ADJ_b,F,S,la colle avec les recettes que j' aime beaucoup n' est pas ronde <eos>,12,ronde,rond,10,F,P,ronde,-10.209944,rond,-10.187461,0
1866,S_NOUN_7_ADJ_b,F,S,la colle avec les recettes que j' aime beaucoup n' est pas froide <eos>,12,froide,froid,10,F,P,froide,-9.602686,froid,-12.412523,1
1867,S_NOUN_7_ADJ_b,F,S,la colle avec les recettes que j' aime beaucoup n' est pas chaude <eos>,12,chaude,chaud,10,F,P,chaude,-9.374625,chaud,-12.565922,1
1868,S_NOUN_7_ADJ_b,F,S,la colle avec les recettes que j' aime beaucoup n' est pas importante <eos>,12,importante,important,10,F,P,importante,-7.348295,important,-10.268911,1
1869,S_NOUN_7_ADJ_b,F,S,la colle avec les recettes que j' aime beaucoup n' est pas courte <eos>,12,courte,court,10,F,P,courte,-9.845471,court,-11.721553,1
1870,S_NOUN_7_ADJ_b,F,S,la colle avec les recettes que j' aime beaucoup n' est pas dure <eos>,12,dure,dur,10,F,P,dure,-9.143799,dur,-10.2594185,1
1871,S_NOUN_7_ADJ_b,F,S,la colle avec les recettes que j' aime beaucoup n' est pas claire <eos>,12,claire,clair,10,F,P,claire,-5.2285843,clair,-7.532957,1
1872,S_NOUN_7_ADJ_b,F,S,la colle avec les recettes que j' aime beaucoup n' est pas intéressante <eos>,12,intéressante,intéressant,10,F,P,intéressante,-8.237299,intéressant,-10.378578,1
1873,S_NOUN_7_ADJ_b,F,S,la colle avec les recettes que j' aime beaucoup n' est pas brillante <eos>,12,brillante,brillant,10,F,P,brillante,-8.891667,brillant,-10.884672,1
1874,S_NOUN_7_ADJ_b,F,S,la colle avec les recettes que j' aime beaucoup n' est pas compliquée <eos>,12,compliquée,compliqué,10,F,P,compliquée,-10.626848,compliqué,-11.063255,1
1875,S_NOUN_7_ADJ_b,F,S,la colle avec les jupes que j' aime beaucoup n' est pas verte <eos>,12,verte,vert,10,F,P,verte,-8.716688,vert,-9.560083,1
1876,S_NOUN_7_ADJ_b,F,S,la colle avec les jupes que j' aime beaucoup n' est pas bleue <eos>,12,bleue,bleu,10,F,P,bleue,-9.292659,bleu,-9.550541,1
1877,S_NOUN_7_ADJ_b,F,S,la colle avec les jupes que j' aime beaucoup n' est pas noire <eos>,12,noire,noir,10,F,P,noire,-8.320425,noir,-8.342415,1
1878,S_NOUN_7_ADJ_b,F,S,la colle avec les jupes que j' aime beaucoup n' est pas délicate <eos>,12,délicate,délicat,10,F,P,délicate,-10.130081,délicat,-11.502949,1
1879,S_NOUN_7_ADJ_b,F,S,la colle avec les jupes que j' aime beaucoup n' est pas pointue <eos>,12,pointue,pointu,10,F,P,pointue,-10.168966,pointu,-12.981886,1
1880,S_NOUN_7_ADJ_b,F,S,la colle avec les jupes que j' aime beaucoup n' est pas ronde <eos>,12,ronde,rond,10,F,P,ronde,-10.059252,rond,-9.112883,0
1881,S_NOUN_7_ADJ_b,F,S,la colle avec les jupes que j' aime beaucoup n' est pas froide <eos>,12,froide,froid,10,F,P,froide,-10.281247,froid,-12.72679,1
1882,S_NOUN_7_ADJ_b,F,S,la colle avec les jupes que j' aime beaucoup n' est pas chaude <eos>,12,chaude,chaud,10,F,P,chaude,-10.228347,chaud,-12.421978,1
1883,S_NOUN_7_ADJ_b,F,S,la colle avec les jupes que j' aime beaucoup n' est pas importante <eos>,12,importante,important,10,F,P,importante,-7.967474,important,-10.911968,1
1884,S_NOUN_7_ADJ_b,F,S,la colle avec les jupes que j' aime beaucoup n' est pas courte <eos>,12,courte,court,10,F,P,courte,-9.245239,court,-11.500272,1
1885,S_NOUN_7_ADJ_b,F,S,la colle avec les jupes que j' aime beaucoup n' est pas dure <eos>,12,dure,dur,10,F,P,dure,-8.491356,dur,-9.854121,1
1886,S_NOUN_7_ADJ_b,F,S,la colle avec les jupes que j' aime beaucoup n' est pas claire <eos>,12,claire,clair,10,F,P,claire,-4.5914373,clair,-7.0160685,1
1887,S_NOUN_7_ADJ_b,F,S,la colle avec les jupes que j' aime beaucoup n' est pas intéressante <eos>,12,intéressante,intéressant,10,F,P,intéressante,-9.089442,intéressant,-10.616477,1
1888,S_NOUN_7_ADJ_b,F,S,la colle avec les jupes que j' aime beaucoup n' est pas brillante <eos>,12,brillante,brillant,10,F,P,brillante,-8.062463,brillant,-9.914045,1
1889,S_NOUN_7_ADJ_b,F,S,la colle avec les jupes que j' aime beaucoup n' est pas compliquée <eos>,12,compliquée,compliqué,10,F,P,compliquée,-9.755513,compliqué,-11.2422905,1
1890,S_NOUN_7_ADJ_b,F,S,la colle avec les colles que j' aime beaucoup n' est pas verte <eos>,12,verte,vert,10,F,P,verte,-8.874115,vert,-9.683658,1
1891,S_NOUN_7_ADJ_b,F,S,la colle avec les colles que j' aime beaucoup n' est pas bleue <eos>,12,bleue,bleu,10,F,P,bleue,-9.785405,bleu,-9.725727,0
1892,S_NOUN_7_ADJ_b,F,S,la colle avec les colles que j' aime beaucoup n' est pas noire <eos>,12,noire,noir,10,F,P,noire,-8.371958,noir,-8.479495,1
1893,S_NOUN_7_ADJ_b,F,S,la colle avec les colles que j' aime beaucoup n' est pas délicate <eos>,12,délicate,délicat,10,F,P,délicate,-9.776152,délicat,-11.373456,1
1894,S_NOUN_7_ADJ_b,F,S,la colle avec les colles que j' aime beaucoup n' est pas pointue <eos>,12,pointue,pointu,10,F,P,pointue,-11.31286,pointu,-14.083967,1
1895,S_NOUN_7_ADJ_b,F,S,la colle avec les colles que j' aime beaucoup n' est pas ronde <eos>,12,ronde,rond,10,F,P,ronde,-10.403434,rond,-10.163584,0
1896,S_NOUN_7_ADJ_b,F,S,la colle avec les colles que j' aime beaucoup n' est pas froide <eos>,12,froide,froid,10,F,P,froide,-9.487919,froid,-12.550032,1
1897,S_NOUN_7_ADJ_b,F,S,la colle avec les colles que j' aime beaucoup n' est pas chaude <eos>,12,chaude,chaud,10,F,P,chaude,-9.445562,chaud,-12.244654,1
1898,S_NOUN_7_ADJ_b,F,S,la colle avec les colles que j' aime beaucoup n' est pas importante <eos>,12,importante,important,10,F,P,importante,-7.985981,important,-10.721869,1
1899,S_NOUN_7_ADJ_b,F,S,la colle avec les colles que j' aime beaucoup n' est pas courte <eos>,12,courte,court,10,F,P,courte,-10.5235195,court,-13.008766,1
1900,S_NOUN_7_ADJ_b,F,S,la colle avec les colles que j' aime beaucoup n' est pas dure <eos>,12,dure,dur,10,F,P,dure,-8.986761,dur,-9.90481,1
1901,S_NOUN_7_ADJ_b,F,S,la colle avec les colles que j' aime beaucoup n' est pas claire <eos>,12,claire,clair,10,F,P,claire,-4.8927994,clair,-7.3967676,1
1902,S_NOUN_7_ADJ_b,F,S,la colle avec les colles que j' aime beaucoup n' est pas intéressante <eos>,12,intéressante,intéressant,10,F,P,intéressante,-8.405438,intéressant,-10.18395,1
1903,S_NOUN_7_ADJ_b,F,S,la colle avec les colles que j' aime beaucoup n' est pas brillante <eos>,12,brillante,brillant,10,F,P,brillante,-8.06708,brillant,-9.992751,1
1904,S_NOUN_7_ADJ_b,F,S,la colle avec les colles que j' aime beaucoup n' est pas compliquée <eos>,12,compliquée,compliqué,10,F,P,compliquée,-9.85548,compliqué,-11.07303,1
1905,S_NOUN_7_ADJ_b,F,S,la colle avec les lampes que j' aime beaucoup n' est pas verte <eos>,12,verte,vert,10,F,P,verte,-8.330952,vert,-9.691755,1
1906,S_NOUN_7_ADJ_b,F,S,la colle avec les lampes que j' aime beaucoup n' est pas bleue <eos>,12,bleue,bleu,10,F,P,bleue,-9.1623535,bleu,-9.410229,1
1907,S_NOUN_7_ADJ_b,F,S,la colle avec les lampes que j' aime beaucoup n' est pas noire <eos>,12,noire,noir,10,F,P,noire,-8.196896,noir,-8.351445,1
1908,S_NOUN_7_ADJ_b,F,S,la colle avec les lampes que j' aime beaucoup n' est pas délicate <eos>,12,délicate,délicat,10,F,P,délicate,-10.590436,délicat,-11.99604,1
1909,S_NOUN_7_ADJ_b,F,S,la colle avec les lampes que j' aime beaucoup n' est pas pointue <eos>,12,pointue,pointu,10,F,P,pointue,-11.871775,pointu,-13.688898,1
1910,S_NOUN_7_ADJ_b,F,S,la colle avec les lampes que j' aime beaucoup n' est pas ronde <eos>,12,ronde,rond,10,F,P,ronde,-10.700047,rond,-9.680129,0
1911,S_NOUN_7_ADJ_b,F,S,la colle avec les lampes que j' aime beaucoup n' est pas froide <eos>,12,froide,froid,10,F,P,froide,-8.557999,froid,-12.264797,1
1912,S_NOUN_7_ADJ_b,F,S,la colle avec les lampes que j' aime beaucoup n' est pas chaude <eos>,12,chaude,chaud,10,F,P,chaude,-8.4073,chaud,-12.188567,1
1913,S_NOUN_7_ADJ_b,F,S,la colle avec les lampes que j' aime beaucoup n' est pas importante <eos>,12,importante,important,10,F,P,importante,-7.9688272,important,-10.778434,1
1914,S_NOUN_7_ADJ_b,F,S,la colle avec les lampes que j' aime beaucoup n' est pas courte <eos>,12,courte,court,10,F,P,courte,-10.517077,court,-13.014299,1
1915,S_NOUN_7_ADJ_b,F,S,la colle avec les lampes que j' aime beaucoup n' est pas dure <eos>,12,dure,dur,10,F,P,dure,-9.399879,dur,-10.65411,1
1916,S_NOUN_7_ADJ_b,F,S,la colle avec les lampes que j' aime beaucoup n' est pas claire <eos>,12,claire,clair,10,F,P,claire,-5.31651,clair,-7.469736,1
1917,S_NOUN_7_ADJ_b,F,S,la colle avec les lampes que j' aime beaucoup n' est pas intéressante <eos>,12,intéressante,intéressant,10,F,P,intéressante,-8.549572,intéressant,-10.325268,1
1918,S_NOUN_7_ADJ_b,F,S,la colle avec les lampes que j' aime beaucoup n' est pas brillante <eos>,12,brillante,brillant,10,F,P,brillante,-8.021616,brillant,-10.556017,1
1919,S_NOUN_7_ADJ_b,F,S,la colle avec les lampes que j' aime beaucoup n' est pas compliquée <eos>,12,compliquée,compliqué,10,F,P,compliquée,-10.694395,compliqué,-11.579784,1
1920,S_NOUN_7_ADJ_b,F,S,la colle avec les bouteilles que j' aime beaucoup n' est pas verte <eos>,12,verte,vert,10,F,P,verte,-9.021738,vert,-9.812976,1
1921,S_NOUN_7_ADJ_b,F,S,la colle avec les bouteilles que j' aime beaucoup n' est pas bleue <eos>,12,bleue,bleu,10,F,P,bleue,-9.625837,bleu,-10.272576,1
1922,S_NOUN_7_ADJ_b,F,S,la colle avec les bouteilles que j' aime beaucoup n' est pas noire <eos>,12,noire,noir,10,F,P,noire,-9.03132,noir,-9.123987,1
1923,S_NOUN_7_ADJ_b,F,S,la colle avec les bouteilles que j' aime beaucoup n' est pas délicate <eos>,12,délicate,délicat,10,F,P,délicate,-10.9056015,délicat,-11.927715,1
1924,S_NOUN_7_ADJ_b,F,S,la colle avec les bouteilles que j' aime beaucoup n' est pas pointue <eos>,12,pointue,pointu,10,F,P,pointue,-11.969316,pointu,-14.249013,1
1925,S_NOUN_7_ADJ_b,F,S,la colle avec les bouteilles que j' aime beaucoup n' est pas ronde <eos>,12,ronde,rond,10,F,P,ronde,-10.474164,rond,-9.775549,0
1926,S_NOUN_7_ADJ_b,F,S,la colle avec les bouteilles que j' aime beaucoup n' est pas froide <eos>,12,froide,froid,10,F,P,froide,-8.955356,froid,-11.579917,1
1927,S_NOUN_7_ADJ_b,F,S,la colle avec les bouteilles que j' aime beaucoup n' est pas chaude <eos>,12,chaude,chaud,10,F,P,chaude,-8.683933,chaud,-11.646345,1
1928,S_NOUN_7_ADJ_b,F,S,la colle avec les bouteilles que j' aime beaucoup n' est pas importante <eos>,12,importante,important,10,F,P,importante,-8.114304,important,-10.463035,1
1929,S_NOUN_7_ADJ_b,F,S,la colle avec les bouteilles que j' aime beaucoup n' est pas courte <eos>,12,courte,court,10,F,P,courte,-10.568963,court,-12.401611,1
1930,S_NOUN_7_ADJ_b,F,S,la colle avec les bouteilles que j' aime beaucoup n' est pas dure <eos>,12,dure,dur,10,F,P,dure,-8.821312,dur,-9.928707,1
1931,S_NOUN_7_ADJ_b,F,S,la colle avec les bouteilles que j' aime beaucoup n' est pas claire <eos>,12,claire,clair,10,F,P,claire,-5.179358,clair,-7.761538,1
1932,S_NOUN_7_ADJ_b,F,S,la colle avec les bouteilles que j' aime beaucoup n' est pas intéressante <eos>,12,intéressante,intéressant,10,F,P,intéressante,-8.2876215,intéressant,-10.313212,1
1933,S_NOUN_7_ADJ_b,F,S,la colle avec les bouteilles que j' aime beaucoup n' est pas brillante <eos>,12,brillante,brillant,10,F,P,brillante,-9.25774,brillant,-11.111044,1
1934,S_NOUN_7_ADJ_b,F,S,la colle avec les bouteilles que j' aime beaucoup n' est pas compliquée <eos>,12,compliquée,compliqué,10,F,P,compliquée,-10.306493,compliqué,-11.242819,1
1935,S_NOUN_7_ADJ_b,F,S,la colle avec les boissons que j' aime beaucoup n' est pas verte <eos>,12,verte,vert,10,F,P,verte,-8.967092,vert,-9.78467,1
1936,S_NOUN_7_ADJ_b,F,S,la colle avec les boissons que j' aime beaucoup n' est pas bleue <eos>,12,bleue,bleu,10,F,P,bleue,-9.9877615,bleu,-10.140733,1
1937,S_NOUN_7_ADJ_b,F,S,la colle avec les boissons que j' aime beaucoup n' est pas noire <eos>,12,noire,noir,10,F,P,noire,-8.523337,noir,-8.66816,1
1938,S_NOUN_7_ADJ_b,F,S,la colle avec les boissons que j' aime beaucoup n' est pas délicate <eos>,12,délicate,délicat,10,F,P,délicate,-10.378713,délicat,-11.545998,1
1939,S_NOUN_7_ADJ_b,F,S,la colle avec les boissons que j' aime beaucoup n' est pas pointue <eos>,12,pointue,pointu,10,F,P,pointue,-11.8953285,pointu,-14.246566,1
1940,S_NOUN_7_ADJ_b,F,S,la colle avec les boissons que j' aime beaucoup n' est pas ronde <eos>,12,ronde,rond,10,F,P,ronde,-9.706167,rond,-10.110015,1
1941,S_NOUN_7_ADJ_b,F,S,la colle avec les boissons que j' aime beaucoup n' est pas froide <eos>,12,froide,froid,10,F,P,froide,-8.655865,froid,-12.215572,1
1942,S_NOUN_7_ADJ_b,F,S,la colle avec les boissons que j' aime beaucoup n' est pas chaude <eos>,12,chaude,chaud,10,F,P,chaude,-8.510355,chaud,-11.854902,1
1943,S_NOUN_7_ADJ_b,F,S,la colle avec les boissons que j' aime beaucoup n' est pas importante <eos>,12,importante,important,10,F,P,importante,-7.840502,important,-10.773556,1
1944,S_NOUN_7_ADJ_b,F,S,la colle avec les boissons que j' aime beaucoup n' est pas courte <eos>,12,courte,court,10,F,P,courte,-10.359219,court,-12.714067,1
1945,S_NOUN_7_ADJ_b,F,S,la colle avec les boissons que j' aime beaucoup n' est pas dure <eos>,12,dure,dur,10,F,P,dure,-9.008305,dur,-9.971033,1
1946,S_NOUN_7_ADJ_b,F,S,la colle avec les boissons que j' aime beaucoup n' est pas claire <eos>,12,claire,clair,10,F,P,claire,-5.1049576,clair,-7.636142,1
1947,S_NOUN_7_ADJ_b,F,S,la colle avec les boissons que j' aime beaucoup n' est pas intéressante <eos>,12,intéressante,intéressant,10,F,P,intéressante,-8.560835,intéressant,-10.69061,1
1948,S_NOUN_7_ADJ_b,F,S,la colle avec les boissons que j' aime beaucoup n' est pas brillante <eos>,12,brillante,brillant,10,F,P,brillante,-8.762503,brillant,-11.123856,1
1949,S_NOUN_7_ADJ_b,F,S,la colle avec les boissons que j' aime beaucoup n' est pas compliquée <eos>,12,compliquée,compliqué,10,F,P,compliquée,-10.505878,compliqué,-11.42719,1
1950,S_NOUN_7_ADJ_b,F,S,la colle avec les pommes que j' aime beaucoup n' est pas verte <eos>,12,verte,vert,10,F,P,verte,-8.392891,vert,-9.229836,1
1951,S_NOUN_7_ADJ_b,F,S,la colle avec les pommes que j' aime beaucoup n' est pas bleue <eos>,12,bleue,bleu,10,F,P,bleue,-9.453951,bleu,-9.8066025,1
1952,S_NOUN_7_ADJ_b,F,S,la colle avec les pommes que j' aime beaucoup n' est pas noire <eos>,12,noire,noir,10,F,P,noire,-8.2377615,noir,-8.615261,1
1953,S_NOUN_7_ADJ_b,F,S,la colle avec les pommes que j' aime beaucoup n' est pas délicate <eos>,12,délicate,délicat,10,F,P,délicate,-9.740217,délicat,-11.35562,1
1954,S_NOUN_7_ADJ_b,F,S,la colle avec les pommes que j' aime beaucoup n' est pas pointue <eos>,12,pointue,pointu,10,F,P,pointue,-10.731331,pointu,-13.743172,1
1955,S_NOUN_7_ADJ_b,F,S,la colle avec les pommes que j' aime beaucoup n' est pas ronde <eos>,12,ronde,rond,10,F,P,ronde,-9.595396,rond,-9.716511,1
1956,S_NOUN_7_ADJ_b,F,S,la colle avec les pommes que j' aime beaucoup n' est pas froide <eos>,12,froide,froid,10,F,P,froide,-8.215011,froid,-12.20094,1
1957,S_NOUN_7_ADJ_b,F,S,la colle avec les pommes que j' aime beaucoup n' est pas chaude <eos>,12,chaude,chaud,10,F,P,chaude,-8.695534,chaud,-11.764175,1
1958,S_NOUN_7_ADJ_b,F,S,la colle avec les pommes que j' aime beaucoup n' est pas importante <eos>,12,importante,important,10,F,P,importante,-7.8366823,important,-11.150839,1
1959,S_NOUN_7_ADJ_b,F,S,la colle avec les pommes que j' aime beaucoup n' est pas courte <eos>,12,courte,court,10,F,P,courte,-9.893956,court,-12.337029,1
1960,S_NOUN_7_ADJ_b,F,S,la colle avec les pommes que j' aime beaucoup n' est pas dure <eos>,12,dure,dur,10,F,P,dure,-8.434158,dur,-9.160104,1
1961,S_NOUN_7_ADJ_b,F,S,la colle avec les pommes que j' aime beaucoup n' est pas claire <eos>,12,claire,clair,10,F,P,claire,-4.9238763,clair,-7.4818063,1
1962,S_NOUN_7_ADJ_b,F,S,la colle avec les pommes que j' aime beaucoup n' est pas intéressante <eos>,12,intéressante,intéressant,10,F,P,intéressante,-8.3231945,intéressant,-10.75363,1
1963,S_NOUN_7_ADJ_b,F,S,la colle avec les pommes que j' aime beaucoup n' est pas brillante <eos>,12,brillante,brillant,10,F,P,brillante,-8.41923,brillant,-11.01173,1
1964,S_NOUN_7_ADJ_b,F,S,la colle avec les pommes que j' aime beaucoup n' est pas compliquée <eos>,12,compliquée,compliqué,10,F,P,compliquée,-10.000507,compliqué,-10.918556,1
1965,S_NOUN_7_ADJ_b,F,S,la colle avec les tasses que j' aime beaucoup n' est pas verte <eos>,12,verte,vert,10,F,P,verte,-9.19475,vert,-9.981237,1
1966,S_NOUN_7_ADJ_b,F,S,la colle avec les tasses que j' aime beaucoup n' est pas bleue <eos>,12,bleue,bleu,10,F,P,bleue,-10.020865,bleu,-10.460513,1
1967,S_NOUN_7_ADJ_b,F,S,la colle avec les tasses que j' aime beaucoup n' est pas noire <eos>,12,noire,noir,10,F,P,noire,-9.043393,noir,-9.6234,1
1968,S_NOUN_7_ADJ_b,F,S,la colle avec les tasses que j' aime beaucoup n' est pas délicate <eos>,12,délicate,délicat,10,F,P,délicate,-10.241525,délicat,-11.325733,1
1969,S_NOUN_7_ADJ_b,F,S,la colle avec les tasses que j' aime beaucoup n' est pas pointue <eos>,12,pointue,pointu,10,F,P,pointue,-10.7660265,pointu,-13.531141,1
1970,S_NOUN_7_ADJ_b,F,S,la colle avec les tasses que j' aime beaucoup n' est pas ronde <eos>,12,ronde,rond,10,F,P,ronde,-9.402002,rond,-9.630024,1
1971,S_NOUN_7_ADJ_b,F,S,la colle avec les tasses que j' aime beaucoup n' est pas froide <eos>,12,froide,froid,10,F,P,froide,-8.967379,froid,-11.82505,1
1972,S_NOUN_7_ADJ_b,F,S,la colle avec les tasses que j' aime beaucoup n' est pas chaude <eos>,12,chaude,chaud,10,F,P,chaude,-8.096411,chaud,-11.253786,1
1973,S_NOUN_7_ADJ_b,F,S,la colle avec les tasses que j' aime beaucoup n' est pas importante <eos>,12,importante,important,10,F,P,importante,-7.9816546,important,-10.853167,1
1974,S_NOUN_7_ADJ_b,F,S,la colle avec les tasses que j' aime beaucoup n' est pas courte <eos>,12,courte,court,10,F,P,courte,-10.372742,court,-12.662688,1
1975,S_NOUN_7_ADJ_b,F,S,la colle avec les tasses que j' aime beaucoup n' est pas dure <eos>,12,dure,dur,10,F,P,dure,-8.886375,dur,-10.284005,1
1976,S_NOUN_7_ADJ_b,F,S,la colle avec les tasses que j' aime beaucoup n' est pas claire <eos>,12,claire,clair,10,F,P,claire,-5.363554,clair,-7.890996,1
1977,S_NOUN_7_ADJ_b,F,S,la colle avec les tasses que j' aime beaucoup n' est pas intéressante <eos>,12,intéressante,intéressant,10,F,P,intéressante,-8.30076,intéressant,-10.5097,1
1978,S_NOUN_7_ADJ_b,F,S,la colle avec les tasses que j' aime beaucoup n' est pas brillante <eos>,12,brillante,brillant,10,F,P,brillante,-8.500239,brillant,-10.450777,1
1979,S_NOUN_7_ADJ_b,F,S,la colle avec les tasses que j' aime beaucoup n' est pas compliquée <eos>,12,compliquée,compliqué,10,F,P,compliquée,-10.200122,compliqué,-11.054765,1
1980,S_NOUN_7_ADJ_b,F,S,la colle avec les bougies que j' aime beaucoup n' est pas verte <eos>,12,verte,vert,10,F,P,verte,-8.698491,vert,-9.492434,1
1981,S_NOUN_7_ADJ_b,F,S,la colle avec les bougies que j' aime beaucoup n' est pas bleue <eos>,12,bleue,bleu,10,F,P,bleue,-9.667064,bleu,-9.546936,0
1982,S_NOUN_7_ADJ_b,F,S,la colle avec les bougies que j' aime beaucoup n' est pas noire <eos>,12,noire,noir,10,F,P,noire,-8.286338,noir,-8.594172,1
1983,S_NOUN_7_ADJ_b,F,S,la colle avec les bougies que j' aime beaucoup n' est pas délicate <eos>,12,délicate,délicat,10,F,P,délicate,-10.350933,délicat,-11.709291,1
1984,S_NOUN_7_ADJ_b,F,S,la colle avec les bougies que j' aime beaucoup n' est pas pointue <eos>,12,pointue,pointu,10,F,P,pointue,-11.197858,pointu,-13.658649,1
1985,S_NOUN_7_ADJ_b,F,S,la colle avec les bougies que j' aime beaucoup n' est pas ronde <eos>,12,ronde,rond,10,F,P,ronde,-9.752323,rond,-9.304846,0
1986,S_NOUN_7_ADJ_b,F,S,la colle avec les bougies que j' aime beaucoup n' est pas froide <eos>,12,froide,froid,10,F,P,froide,-8.921568,froid,-12.14324,1
1987,S_NOUN_7_ADJ_b,F,S,la colle avec les bougies que j' aime beaucoup n' est pas chaude <eos>,12,chaude,chaud,10,F,P,chaude,-8.8461075,chaud,-11.970034,1
1988,S_NOUN_7_ADJ_b,F,S,la colle avec les bougies que j' aime beaucoup n' est pas importante <eos>,12,importante,important,10,F,P,importante,-8.220212,important,-10.939437,1
1989,S_NOUN_7_ADJ_b,F,S,la colle avec les bougies que j' aime beaucoup n' est pas courte <eos>,12,courte,court,10,F,P,courte,-10.175837,court,-12.600498,1
1990,S_NOUN_7_ADJ_b,F,S,la colle avec les bougies que j' aime beaucoup n' est pas dure <eos>,12,dure,dur,10,F,P,dure,-8.922551,dur,-9.978295,1
1991,S_NOUN_7_ADJ_b,F,S,la colle avec les bougies que j' aime beaucoup n' est pas claire <eos>,12,claire,clair,10,F,P,claire,-5.183341,clair,-7.265999,1
1992,S_NOUN_7_ADJ_b,F,S,la colle avec les bougies que j' aime beaucoup n' est pas intéressante <eos>,12,intéressante,intéressant,10,F,P,intéressante,-9.159025,intéressant,-10.8369055,1
1993,S_NOUN_7_ADJ_b,F,S,la colle avec les bougies que j' aime beaucoup n' est pas brillante <eos>,12,brillante,brillant,10,F,P,brillante,-8.520841,brillant,-10.74232,1
1994,S_NOUN_7_ADJ_b,F,S,la colle avec les bougies que j' aime beaucoup n' est pas compliquée <eos>,12,compliquée,compliqué,10,F,P,compliquée,-10.747784,compliqué,-11.255572,1
1995,S_NOUN_7_ADJ_b,F,S,la colle avec les pochettes que j' aime beaucoup n' est pas verte <eos>,12,verte,vert,10,F,P,verte,-9.267193,vert,-9.739894,1
1996,S_NOUN_7_ADJ_b,F,S,la colle avec les pochettes que j' aime beaucoup n' est pas bleue <eos>,12,bleue,bleu,10,F,P,bleue,-8.720119,bleu,-9.708052,1
1997,S_NOUN_7_ADJ_b,F,S,la colle avec les pochettes que j' aime beaucoup n' est pas noire <eos>,12,noire,noir,10,F,P,noire,-8.3311615,noir,-8.081397,0
1998,S_NOUN_7_ADJ_b,F,S,la colle avec les pochettes que j' aime beaucoup n' est pas délicate <eos>,12,délicate,délicat,10,F,P,délicate,-11.462149,délicat,-12.984987,1
1999,S_NOUN_7_ADJ_b,F,S,la colle avec les pochettes que j' aime beaucoup n' est pas pointue <eos>,12,pointue,pointu,10,F,P,pointue,-12.041966,pointu,-13.904001,1
2000,S_NOUN_7_ADJ_b,F,S,la colle avec les pochettes que j' aime beaucoup n' est pas ronde <eos>,12,ronde,rond,10,F,P,ronde,-10.392515,rond,-9.76108,0
2001,S_NOUN_7_ADJ_b,F,S,la colle avec les pochettes que j' aime beaucoup n' est pas froide <eos>,12,froide,froid,10,F,P,froide,-10.475871,froid,-13.518303,1
2002,S_NOUN_7_ADJ_b,F,S,la colle avec les pochettes que j' aime beaucoup n' est pas chaude <eos>,12,chaude,chaud,10,F,P,chaude,-9.877352,chaud,-13.671245,1
2003,S_NOUN_7_ADJ_b,F,S,la colle avec les pochettes que j' aime beaucoup n' est pas importante <eos>,12,importante,important,10,F,P,importante,-7.889983,important,-10.61998,1
2004,S_NOUN_7_ADJ_b,F,S,la colle avec les pochettes que j' aime beaucoup n' est pas courte <eos>,12,courte,court,10,F,P,courte,-9.611723,court,-11.997855,1
2005,S_NOUN_7_ADJ_b,F,S,la colle avec les pochettes que j' aime beaucoup n' est pas dure <eos>,12,dure,dur,10,F,P,dure,-8.218218,dur,-9.468536,1
2006,S_NOUN_7_ADJ_b,F,S,la colle avec les pochettes que j' aime beaucoup n' est pas claire <eos>,12,claire,clair,10,F,P,claire,-4.7540064,clair,-6.9641066,1
2007,S_NOUN_7_ADJ_b,F,S,la colle avec les pochettes que j' aime beaucoup n' est pas intéressante <eos>,12,intéressante,intéressant,10,F,P,intéressante,-8.001871,intéressant,-10.430202,1
2008,S_NOUN_7_ADJ_b,F,S,la colle avec les pochettes que j' aime beaucoup n' est pas brillante <eos>,12,brillante,brillant,10,F,P,brillante,-8.786528,brillant,-11.340851,1
2009,S_NOUN_7_ADJ_b,F,S,la colle avec les pochettes que j' aime beaucoup n' est pas compliquée <eos>,12,compliquée,compliqué,10,F,P,compliquée,-10.321202,compliqué,-11.38473,1
2010,S_NOUN_7_ADJ_b,F,S,la colle avec les bananes que j' aime beaucoup n' est pas verte <eos>,12,verte,vert,10,F,P,verte,-7.983527,vert,-9.032211,1
2011,S_NOUN_7_ADJ_b,F,S,la colle avec les bananes que j' aime beaucoup n' est pas bleue <eos>,12,bleue,bleu,10,F,P,bleue,-9.049868,bleu,-9.531555,1
2012,S_NOUN_7_ADJ_b,F,S,la colle avec les bananes que j' aime beaucoup n' est pas noire <eos>,12,noire,noir,10,F,P,noire,-7.850051,noir,-8.295262,1
2013,S_NOUN_7_ADJ_b,F,S,la colle avec les bananes que j' aime beaucoup n' est pas délicate <eos>,12,délicate,délicat,10,F,P,délicate,-10.386664,délicat,-11.782806,1
2014,S_NOUN_7_ADJ_b,F,S,la colle avec les bananes que j' aime beaucoup n' est pas pointue <eos>,12,pointue,pointu,10,F,P,pointue,-10.698658,pointu,-13.221583,1
2015,S_NOUN_7_ADJ_b,F,S,la colle avec les bananes que j' aime beaucoup n' est pas ronde <eos>,12,ronde,rond,10,F,P,ronde,-9.729436,rond,-9.61063,0
2016,S_NOUN_7_ADJ_b,F,S,la colle avec les bananes que j' aime beaucoup n' est pas froide <eos>,12,froide,froid,10,F,P,froide,-8.750148,froid,-12.626932,1
2017,S_NOUN_7_ADJ_b,F,S,la colle avec les bananes que j' aime beaucoup n' est pas chaude <eos>,12,chaude,chaud,10,F,P,chaude,-8.67049,chaud,-12.1262045,1
2018,S_NOUN_7_ADJ_b,F,S,la colle avec les bananes que j' aime beaucoup n' est pas importante <eos>,12,importante,important,10,F,P,importante,-8.042746,important,-11.169973,1
2019,S_NOUN_7_ADJ_b,F,S,la colle avec les bananes que j' aime beaucoup n' est pas courte <eos>,12,courte,court,10,F,P,courte,-9.735118,court,-12.450599,1
2020,S_NOUN_7_ADJ_b,F,S,la colle avec les bananes que j' aime beaucoup n' est pas dure <eos>,12,dure,dur,10,F,P,dure,-8.167814,dur,-8.791539,1
2021,S_NOUN_7_ADJ_b,F,S,la colle avec les bananes que j' aime beaucoup n' est pas claire <eos>,12,claire,clair,10,F,P,claire,-5.0738773,clair,-6.988899,1
2022,S_NOUN_7_ADJ_b,F,S,la colle avec les bananes que j' aime beaucoup n' est pas intéressante <eos>,12,intéressante,intéressant,10,F,P,intéressante,-8.264116,intéressant,-10.841747,1
2023,S_NOUN_7_ADJ_b,F,S,la colle avec les bananes que j' aime beaucoup n' est pas brillante <eos>,12,brillante,brillant,10,F,P,brillante,-8.274193,brillant,-10.455846,1
2024,S_NOUN_7_ADJ_b,F,S,la colle avec les bananes que j' aime beaucoup n' est pas compliquée <eos>,12,compliquée,compliqué,10,F,P,compliquée,-10.098732,compliqué,-10.9483795,1
2025,S_NOUN_7_ADJ_b,F,S,la colle avec les robes que j' aime beaucoup n' est pas verte <eos>,12,verte,vert,10,F,P,verte,-8.54755,vert,-9.237889,1
2026,S_NOUN_7_ADJ_b,F,S,la colle avec les robes que j' aime beaucoup n' est pas bleue <eos>,12,bleue,bleu,10,F,P,bleue,-8.884518,bleu,-9.078271,1
2027,S_NOUN_7_ADJ_b,F,S,la colle avec les robes que j' aime beaucoup n' est pas noire <eos>,12,noire,noir,10,F,P,noire,-7.716049,noir,-7.7164907,1
2028,S_NOUN_7_ADJ_b,F,S,la colle avec les robes que j' aime beaucoup n' est pas délicate <eos>,12,délicate,délicat,10,F,P,délicate,-10.211159,délicat,-11.515739,1
2029,S_NOUN_7_ADJ_b,F,S,la colle avec les robes que j' aime beaucoup n' est pas pointue <eos>,12,pointue,pointu,10,F,P,pointue,-11.291664,pointu,-13.3285675,1
2030,S_NOUN_7_ADJ_b,F,S,la colle avec les robes que j' aime beaucoup n' est pas ronde <eos>,12,ronde,rond,10,F,P,ronde,-9.994528,rond,-9.577972,0
2031,S_NOUN_7_ADJ_b,F,S,la colle avec les robes que j' aime beaucoup n' est pas froide <eos>,12,froide,froid,10,F,P,froide,-9.944306,froid,-12.844677,1
2032,S_NOUN_7_ADJ_b,F,S,la colle avec les robes que j' aime beaucoup n' est pas chaude <eos>,12,chaude,chaud,10,F,P,chaude,-10.059353,chaud,-12.522556,1
2033,S_NOUN_7_ADJ_b,F,S,la colle avec les robes que j' aime beaucoup n' est pas importante <eos>,12,importante,important,10,F,P,importante,-7.788418,important,-10.664124,1
2034,S_NOUN_7_ADJ_b,F,S,la colle avec les robes que j' aime beaucoup n' est pas courte <eos>,12,courte,court,10,F,P,courte,-9.947041,court,-12.231195,1
2035,S_NOUN_7_ADJ_b,F,S,la colle avec les robes que j' aime beaucoup n' est pas dure <eos>,12,dure,dur,10,F,P,dure,-9.262902,dur,-10.39516,1
2036,S_NOUN_7_ADJ_b,F,S,la colle avec les robes que j' aime beaucoup n' est pas claire <eos>,12,claire,clair,10,F,P,claire,-4.3275447,clair,-6.5555234,1
2037,S_NOUN_7_ADJ_b,F,S,la colle avec les robes que j' aime beaucoup n' est pas intéressante <eos>,12,intéressante,intéressant,10,F,P,intéressante,-8.971743,intéressant,-10.620182,1
2038,S_NOUN_7_ADJ_b,F,S,la colle avec les robes que j' aime beaucoup n' est pas brillante <eos>,12,brillante,brillant,10,F,P,brillante,-8.0960455,brillant,-10.293466,1
2039,S_NOUN_7_ADJ_b,F,S,la colle avec les robes que j' aime beaucoup n' est pas compliquée <eos>,12,compliquée,compliqué,10,F,P,compliquée,-10.299341,compliqué,-11.450809,1
2040,S_NOUN_7_ADJ_b,F,S,la colle avec les valises que j' aime beaucoup n' est pas verte <eos>,12,verte,vert,10,F,P,verte,-9.014187,vert,-10.246052,1
2041,S_NOUN_7_ADJ_b,F,S,la colle avec les valises que j' aime beaucoup n' est pas bleue <eos>,12,bleue,bleu,10,F,P,bleue,-9.071939,bleu,-10.369025,1
2042,S_NOUN_7_ADJ_b,F,S,la colle avec les valises que j' aime beaucoup n' est pas noire <eos>,12,noire,noir,10,F,P,noire,-8.737247,noir,-9.070373,1
2043,S_NOUN_7_ADJ_b,F,S,la colle avec les valises que j' aime beaucoup n' est pas délicate <eos>,12,délicate,délicat,10,F,P,délicate,-10.677931,délicat,-12.723327,1
2044,S_NOUN_7_ADJ_b,F,S,la colle avec les valises que j' aime beaucoup n' est pas pointue <eos>,12,pointue,pointu,10,F,P,pointue,-11.060575,pointu,-14.076407,1
2045,S_NOUN_7_ADJ_b,F,S,la colle avec les valises que j' aime beaucoup n' est pas ronde <eos>,12,ronde,rond,10,F,P,ronde,-10.28554,rond,-10.043681,0
2046,S_NOUN_7_ADJ_b,F,S,la colle avec les valises que j' aime beaucoup n' est pas froide <eos>,12,froide,froid,10,F,P,froide,-9.546675,froid,-12.534298,1
2047,S_NOUN_7_ADJ_b,F,S,la colle avec les valises que j' aime beaucoup n' est pas chaude <eos>,12,chaude,chaud,10,F,P,chaude,-8.97881,chaud,-12.1296625,1
2048,S_NOUN_7_ADJ_b,F,S,la colle avec les valises que j' aime beaucoup n' est pas importante <eos>,12,importante,important,10,F,P,importante,-7.675425,important,-10.869591,1
2049,S_NOUN_7_ADJ_b,F,S,la colle avec les valises que j' aime beaucoup n' est pas courte <eos>,12,courte,court,10,F,P,courte,-10.216284,court,-12.678933,1
2050,S_NOUN_7_ADJ_b,F,S,la colle avec les valises que j' aime beaucoup n' est pas dure <eos>,12,dure,dur,10,F,P,dure,-8.661934,dur,-10.251639,1
2051,S_NOUN_7_ADJ_b,F,S,la colle avec les valises que j' aime beaucoup n' est pas claire <eos>,12,claire,clair,10,F,P,claire,-5.343912,clair,-7.8542624,1
2052,S_NOUN_7_ADJ_b,F,S,la colle avec les valises que j' aime beaucoup n' est pas intéressante <eos>,12,intéressante,intéressant,10,F,P,intéressante,-7.9964695,intéressant,-10.520065,1
2053,S_NOUN_7_ADJ_b,F,S,la colle avec les valises que j' aime beaucoup n' est pas brillante <eos>,12,brillante,brillant,10,F,P,brillante,-8.315577,brillant,-10.680607,1
2054,S_NOUN_7_ADJ_b,F,S,la colle avec les valises que j' aime beaucoup n' est pas compliquée <eos>,12,compliquée,compliqué,10,F,P,compliquée,-9.723764,compliqué,-11.390251,1
2055,S_NOUN_7_ADJ_b,F,S,la colle avec les pendules que j' aime beaucoup n' est pas verte <eos>,12,verte,vert,10,F,P,verte,-9.251263,vert,-10.10415,1
2056,S_NOUN_7_ADJ_b,F,S,la colle avec les pendules que j' aime beaucoup n' est pas bleue <eos>,12,bleue,bleu,10,F,P,bleue,-9.855147,bleu,-9.959042,1
2057,S_NOUN_7_ADJ_b,F,S,la colle avec les pendules que j' aime beaucoup n' est pas noire <eos>,12,noire,noir,10,F,P,noire,-8.564576,noir,-8.391916,0
2058,S_NOUN_7_ADJ_b,F,S,la colle avec les pendules que j' aime beaucoup n' est pas délicate <eos>,12,délicate,délicat,10,F,P,délicate,-10.52519,délicat,-11.524897,1
2059,S_NOUN_7_ADJ_b,F,S,la colle avec les pendules que j' aime beaucoup n' est pas pointue <eos>,12,pointue,pointu,10,F,P,pointue,-12.1577215,pointu,-13.893832,1
2060,S_NOUN_7_ADJ_b,F,S,la colle avec les pendules que j' aime beaucoup n' est pas ronde <eos>,12,ronde,rond,10,F,P,ronde,-11.022699,rond,-9.823301,0
2061,S_NOUN_7_ADJ_b,F,S,la colle avec les pendules que j' aime beaucoup n' est pas froide <eos>,12,froide,froid,10,F,P,froide,-9.219746,froid,-12.138616,1
2062,S_NOUN_7_ADJ_b,F,S,la colle avec les pendules que j' aime beaucoup n' est pas chaude <eos>,12,chaude,chaud,10,F,P,chaude,-8.714567,chaud,-11.993158,1
2063,S_NOUN_7_ADJ_b,F,S,la colle avec les pendules que j' aime beaucoup n' est pas importante <eos>,12,importante,important,10,F,P,importante,-8.044228,important,-10.345676,1
2064,S_NOUN_7_ADJ_b,F,S,la colle avec les pendules que j' aime beaucoup n' est pas courte <eos>,12,courte,court,10,F,P,courte,-10.746285,court,-12.788038,1
2065,S_NOUN_7_ADJ_b,F,S,la colle avec les pendules que j' aime beaucoup n' est pas dure <eos>,12,dure,dur,10,F,P,dure,-9.224664,dur,-10.375794,1
2066,S_NOUN_7_ADJ_b,F,S,la colle avec les pendules que j' aime beaucoup n' est pas claire <eos>,12,claire,clair,10,F,P,claire,-5.427661,clair,-7.6832476,1
2067,S_NOUN_7_ADJ_b,F,S,la colle avec les pendules que j' aime beaucoup n' est pas intéressante <eos>,12,intéressante,intéressant,10,F,P,intéressante,-8.771093,intéressant,-10.0806265,1
2068,S_NOUN_7_ADJ_b,F,S,la colle avec les pendules que j' aime beaucoup n' est pas brillante <eos>,12,brillante,brillant,10,F,P,brillante,-8.467459,brillant,-10.473266,1
2069,S_NOUN_7_ADJ_b,F,S,la colle avec les pendules que j' aime beaucoup n' est pas compliquée <eos>,12,compliquée,compliqué,10,F,P,compliquée,-10.445398,compliqué,-11.126417,1
2070,S_NOUN_7_ADJ_b,F,S,la colle avec les cloches que j' aime beaucoup n' est pas verte <eos>,12,verte,vert,10,F,P,verte,-9.46744,vert,-10.05751,1
2071,S_NOUN_7_ADJ_b,F,S,la colle avec les cloches que j' aime beaucoup n' est pas bleue <eos>,12,bleue,bleu,10,F,P,bleue,-10.265238,bleu,-10.188555,0
2072,S_NOUN_7_ADJ_b,F,S,la colle avec les cloches que j' aime beaucoup n' est pas noire <eos>,12,noire,noir,10,F,P,noire,-8.873604,noir,-9.012945,1
2073,S_NOUN_7_ADJ_b,F,S,la colle avec les cloches que j' aime beaucoup n' est pas délicate <eos>,12,délicate,délicat,10,F,P,délicate,-10.55903,délicat,-11.6511,1
2074,S_NOUN_7_ADJ_b,F,S,la colle avec les cloches que j' aime beaucoup n' est pas pointue <eos>,12,pointue,pointu,10,F,P,pointue,-10.807972,pointu,-13.556234,1
2075,S_NOUN_7_ADJ_b,F,S,la colle avec les cloches que j' aime beaucoup n' est pas ronde <eos>,12,ronde,rond,10,F,P,ronde,-10.193396,rond,-9.685833,0
2076,S_NOUN_7_ADJ_b,F,S,la colle avec les cloches que j' aime beaucoup n' est pas froide <eos>,12,froide,froid,10,F,P,froide,-9.816772,froid,-12.618549,1
2077,S_NOUN_7_ADJ_b,F,S,la colle avec les cloches que j' aime beaucoup n' est pas chaude <eos>,12,chaude,chaud,10,F,P,chaude,-9.428185,chaud,-12.524101,1
2078,S_NOUN_7_ADJ_b,F,S,la colle avec les cloches que j' aime beaucoup n' est pas importante <eos>,12,importante,important,10,F,P,importante,-7.965781,important,-10.686155,1
2079,S_NOUN_7_ADJ_b,F,S,la colle avec les cloches que j' aime beaucoup n' est pas courte <eos>,12,courte,court,10,F,P,courte,-10.137016,court,-12.348745,1
2080,S_NOUN_7_ADJ_b,F,S,la colle avec les cloches que j' aime beaucoup n' est pas dure <eos>,12,dure,dur,10,F,P,dure,-9.176253,dur,-10.179113,1
2081,S_NOUN_7_ADJ_b,F,S,la colle avec les cloches que j' aime beaucoup n' est pas claire <eos>,12,claire,clair,10,F,P,claire,-5.5866165,clair,-7.436001,1
2082,S_NOUN_7_ADJ_b,F,S,la colle avec les cloches que j' aime beaucoup n' est pas intéressante <eos>,12,intéressante,intéressant,10,F,P,intéressante,-8.468834,intéressant,-10.094798,1
2083,S_NOUN_7_ADJ_b,F,S,la colle avec les cloches que j' aime beaucoup n' est pas brillante <eos>,12,brillante,brillant,10,F,P,brillante,-8.67905,brillant,-10.991218,1
2084,S_NOUN_7_ADJ_b,F,S,la colle avec les cloches que j' aime beaucoup n' est pas compliquée <eos>,12,compliquée,compliqué,10,F,P,compliquée,-10.4812155,compliqué,-11.067983,1
2085,S_NOUN_7_ADJ_b,F,S,la colle avec les cerises que j' aime beaucoup n' est pas verte <eos>,12,verte,vert,10,F,P,verte,-8.820347,vert,-9.176979,1
2086,S_NOUN_7_ADJ_b,F,S,la colle avec les cerises que j' aime beaucoup n' est pas bleue <eos>,12,bleue,bleu,10,F,P,bleue,-9.697235,bleu,-9.607019,0
2087,S_NOUN_7_ADJ_b,F,S,la colle avec les cerises que j' aime beaucoup n' est pas noire <eos>,12,noire,noir,10,F,P,noire,-8.546478,noir,-8.39917,0
2088,S_NOUN_7_ADJ_b,F,S,la colle avec les cerises que j' aime beaucoup n' est pas délicate <eos>,12,délicate,délicat,10,F,P,délicate,-10.295048,délicat,-11.268873,1
2089,S_NOUN_7_ADJ_b,F,S,la colle avec les cerises que j' aime beaucoup n' est pas pointue <eos>,12,pointue,pointu,10,F,P,pointue,-11.504797,pointu,-13.622972,1
2090,S_NOUN_7_ADJ_b,F,S,la colle avec les cerises que j' aime beaucoup n' est pas ronde <eos>,12,ronde,rond,10,F,P,ronde,-9.8744335,rond,-9.31447,0
2091,S_NOUN_7_ADJ_b,F,S,la colle avec les cerises que j' aime beaucoup n' est pas froide <eos>,12,froide,froid,10,F,P,froide,-8.811602,froid,-11.7238865,1
2092,S_NOUN_7_ADJ_b,F,S,la colle avec les cerises que j' aime beaucoup n' est pas chaude <eos>,12,chaude,chaud,10,F,P,chaude,-9.156985,chaud,-11.673015,1
2093,S_NOUN_7_ADJ_b,F,S,la colle avec les cerises que j' aime beaucoup n' est pas importante <eos>,12,importante,important,10,F,P,importante,-8.134624,important,-10.773246,1
2094,S_NOUN_7_ADJ_b,F,S,la colle avec les cerises que j' aime beaucoup n' est pas courte <eos>,12,courte,court,10,F,P,courte,-10.283512,court,-12.371166,1
2095,S_NOUN_7_ADJ_b,F,S,la colle avec les cerises que j' aime beaucoup n' est pas dure <eos>,12,dure,dur,10,F,P,dure,-8.944355,dur,-9.655346,1
2096,S_NOUN_7_ADJ_b,F,S,la colle avec les cerises que j' aime beaucoup n' est pas claire <eos>,12,claire,clair,10,F,P,claire,-5.047456,clair,-7.1165543,1
2097,S_NOUN_7_ADJ_b,F,S,la colle avec les cerises que j' aime beaucoup n' est pas intéressante <eos>,12,intéressante,intéressant,10,F,P,intéressante,-8.416761,intéressant,-10.338134,1
2098,S_NOUN_7_ADJ_b,F,S,la colle avec les cerises que j' aime beaucoup n' est pas brillante <eos>,12,brillante,brillant,10,F,P,brillante,-8.595911,brillant,-10.534828,1
2099,S_NOUN_7_ADJ_b,F,S,la colle avec les cerises que j' aime beaucoup n' est pas compliquée <eos>,12,compliquée,compliqué,10,F,P,compliquée,-10.422823,compliqué,-11.002541,1
2100,S_NOUN_7_ADJ_b,F,S,la lampe avec les gemmes que j' aime beaucoup n' est pas verte <eos>,12,verte,vert,10,F,P,verte,-8.116284,vert,-9.148812,1
2101,S_NOUN_7_ADJ_b,F,S,la lampe avec les gemmes que j' aime beaucoup n' est pas bleue <eos>,12,bleue,bleu,10,F,P,bleue,-8.654397,bleu,-8.770339,1
2102,S_NOUN_7_ADJ_b,F,S,la lampe avec les gemmes que j' aime beaucoup n' est pas noire <eos>,12,noire,noir,10,F,P,noire,-7.7502065,noir,-8.054186,1
2103,S_NOUN_7_ADJ_b,F,S,la lampe avec les gemmes que j' aime beaucoup n' est pas délicate <eos>,12,délicate,délicat,10,F,P,délicate,-11.379423,délicat,-12.973437,1
2104,S_NOUN_7_ADJ_b,F,S,la lampe avec les gemmes que j' aime beaucoup n' est pas pointue <eos>,12,pointue,pointu,10,F,P,pointue,-11.92398,pointu,-13.573993,1
2105,S_NOUN_7_ADJ_b,F,S,la lampe avec les gemmes que j' aime beaucoup n' est pas ronde <eos>,12,ronde,rond,10,F,P,ronde,-10.482441,rond,-9.997971,0
2106,S_NOUN_7_ADJ_b,F,S,la lampe avec les gemmes que j' aime beaucoup n' est pas froide <eos>,12,froide,froid,10,F,P,froide,-8.143785,froid,-12.313025,1
2107,S_NOUN_7_ADJ_b,F,S,la lampe avec les gemmes que j' aime beaucoup n' est pas chaude <eos>,12,chaude,chaud,10,F,P,chaude,-7.791057,chaud,-12.053963,1
2108,S_NOUN_7_ADJ_b,F,S,la lampe avec les gemmes que j' aime beaucoup n' est pas importante <eos>,12,importante,important,10,F,P,importante,-8.514434,important,-11.420898,1
2109,S_NOUN_7_ADJ_b,F,S,la lampe avec les gemmes que j' aime beaucoup n' est pas courte <eos>,12,courte,court,10,F,P,courte,-10.316219,court,-12.747553,1
2110,S_NOUN_7_ADJ_b,F,S,la lampe avec les gemmes que j' aime beaucoup n' est pas dure <eos>,12,dure,dur,10,F,P,dure,-9.535211,dur,-10.584492,1
2111,S_NOUN_7_ADJ_b,F,S,la lampe avec les gemmes que j' aime beaucoup n' est pas claire <eos>,12,claire,clair,10,F,P,claire,-5.5047097,clair,-7.37149,1
2112,S_NOUN_7_ADJ_b,F,S,la lampe avec les gemmes que j' aime beaucoup n' est pas intéressante <eos>,12,intéressante,intéressant,10,F,P,intéressante,-9.252555,intéressant,-10.458284,1
2113,S_NOUN_7_ADJ_b,F,S,la lampe avec les gemmes que j' aime beaucoup n' est pas brillante <eos>,12,brillante,brillant,10,F,P,brillante,-6.9550333,brillant,-10.009856,1
2114,S_NOUN_7_ADJ_b,F,S,la lampe avec les gemmes que j' aime beaucoup n' est pas compliquée <eos>,12,compliquée,compliqué,10,F,P,compliquée,-11.067179,compliqué,-11.576947,1
2115,S_NOUN_7_ADJ_b,F,S,la lampe avec les chaises que j' aime beaucoup n' est pas verte <eos>,12,verte,vert,10,F,P,verte,-9.085748,vert,-10.21639,1
2116,S_NOUN_7_ADJ_b,F,S,la lampe avec les chaises que j' aime beaucoup n' est pas bleue <eos>,12,bleue,bleu,10,F,P,bleue,-9.6609,bleu,-9.721653,1
2117,S_NOUN_7_ADJ_b,F,S,la lampe avec les chaises que j' aime beaucoup n' est pas noire <eos>,12,noire,noir,10,F,P,noire,-8.575254,noir,-8.961849,1
2118,S_NOUN_7_ADJ_b,F,S,la lampe avec les chaises que j' aime beaucoup n' est pas délicate <eos>,12,délicate,délicat,10,F,P,délicate,-11.040349,délicat,-12.216565,1
2119,S_NOUN_7_ADJ_b,F,S,la lampe avec les chaises que j' aime beaucoup n' est pas pointue <eos>,12,pointue,pointu,10,F,P,pointue,-11.913757,pointu,-13.502104,1
2120,S_NOUN_7_ADJ_b,F,S,la lampe avec les chaises que j' aime beaucoup n' est pas ronde <eos>,12,ronde,rond,10,F,P,ronde,-10.2211685,rond,-9.281228,0
2121,S_NOUN_7_ADJ_b,F,S,la lampe avec les chaises que j' aime beaucoup n' est pas froide <eos>,12,froide,froid,10,F,P,froide,-8.700055,froid,-12.301587,1
2122,S_NOUN_7_ADJ_b,F,S,la lampe avec les chaises que j' aime beaucoup n' est pas chaude <eos>,12,chaude,chaud,10,F,P,chaude,-7.769308,chaud,-12.031792,1
2123,S_NOUN_7_ADJ_b,F,S,la lampe avec les chaises que j' aime beaucoup n' est pas importante <eos>,12,importante,important,10,F,P,importante,-8.635942,important,-11.1802845,1
2124,S_NOUN_7_ADJ_b,F,S,la lampe avec les chaises que j' aime beaucoup n' est pas courte <eos>,12,courte,court,10,F,P,courte,-10.389647,court,-12.152232,1
2125,S_NOUN_7_ADJ_b,F,S,la lampe avec les chaises que j' aime beaucoup n' est pas dure <eos>,12,dure,dur,10,F,P,dure,-9.441138,dur,-11.2280855,1
2126,S_NOUN_7_ADJ_b,F,S,la lampe avec les chaises que j' aime beaucoup n' est pas claire <eos>,12,claire,clair,10,F,P,claire,-5.383789,clair,-7.858102,1
2127,S_NOUN_7_ADJ_b,F,S,la lampe avec les chaises que j' aime beaucoup n' est pas intéressante <eos>,12,intéressante,intéressant,10,F,P,intéressante,-9.534294,intéressant,-10.62925,1
2128,S_NOUN_7_ADJ_b,F,S,la lampe avec les chaises que j' aime beaucoup n' est pas brillante <eos>,12,brillante,brillant,10,F,P,brillante,-8.034527,brillant,-10.860402,1
2129,S_NOUN_7_ADJ_b,F,S,la lampe avec les chaises que j' aime beaucoup n' est pas compliquée <eos>,12,compliquée,compliqué,10,F,P,compliquée,-10.659451,compliqué,-11.540315,1
2130,S_NOUN_7_ADJ_b,F,S,la lampe avec les poubelles que j' aime beaucoup n' est pas verte <eos>,12,verte,vert,10,F,P,verte,-8.558668,vert,-9.956308,1
2131,S_NOUN_7_ADJ_b,F,S,la lampe avec les poubelles que j' aime beaucoup n' est pas bleue <eos>,12,bleue,bleu,10,F,P,bleue,-9.6634655,bleu,-10.05831,1
2132,S_NOUN_7_ADJ_b,F,S,la lampe avec les poubelles que j' aime beaucoup n' est pas noire <eos>,12,noire,noir,10,F,P,noire,-8.686917,noir,-8.911629,1
2133,S_NOUN_7_ADJ_b,F,S,la lampe avec les poubelles que j' aime beaucoup n' est pas délicate <eos>,12,délicate,délicat,10,F,P,délicate,-11.63205,délicat,-12.309414,1
2134,S_NOUN_7_ADJ_b,F,S,la lampe avec les poubelles que j' aime beaucoup n' est pas pointue <eos>,12,pointue,pointu,10,F,P,pointue,-12.142049,pointu,-13.484131,1
2135,S_NOUN_7_ADJ_b,F,S,la lampe avec les poubelles que j' aime beaucoup n' est pas ronde <eos>,12,ronde,rond,10,F,P,ronde,-10.972904,rond,-9.962129,0
2136,S_NOUN_7_ADJ_b,F,S,la lampe avec les poubelles que j' aime beaucoup n' est pas froide <eos>,12,froide,froid,10,F,P,froide,-8.611639,froid,-11.852289,1
2137,S_NOUN_7_ADJ_b,F,S,la lampe avec les poubelles que j' aime beaucoup n' est pas chaude <eos>,12,chaude,chaud,10,F,P,chaude,-8.133568,chaud,-12.019566,1
2138,S_NOUN_7_ADJ_b,F,S,la lampe avec les poubelles que j' aime beaucoup n' est pas importante <eos>,12,importante,important,10,F,P,importante,-8.832886,important,-10.934146,1
2139,S_NOUN_7_ADJ_b,F,S,la lampe avec les poubelles que j' aime beaucoup n' est pas courte <eos>,12,courte,court,10,F,P,courte,-10.594751,court,-12.257494,1
2140,S_NOUN_7_ADJ_b,F,S,la lampe avec les poubelles que j' aime beaucoup n' est pas dure <eos>,12,dure,dur,10,F,P,dure,-9.296504,dur,-10.438649,1
2141,S_NOUN_7_ADJ_b,F,S,la lampe avec les poubelles que j' aime beaucoup n' est pas claire <eos>,12,claire,clair,10,F,P,claire,-5.775285,clair,-8.009058,1
2142,S_NOUN_7_ADJ_b,F,S,la lampe avec les poubelles que j' aime beaucoup n' est pas intéressante <eos>,12,intéressante,intéressant,10,F,P,intéressante,-9.64789,intéressant,-10.208638,1
2143,S_NOUN_7_ADJ_b,F,S,la lampe avec les poubelles que j' aime beaucoup n' est pas brillante <eos>,12,brillante,brillant,10,F,P,brillante,-8.661327,brillant,-10.838591,1
2144,S_NOUN_7_ADJ_b,F,S,la lampe avec les poubelles que j' aime beaucoup n' est pas compliquée <eos>,12,compliquée,compliqué,10,F,P,compliquée,-10.953403,compliqué,-11.358274,1
2145,S_NOUN_7_ADJ_b,F,S,la lampe avec les chemises que j' aime beaucoup n' est pas verte <eos>,12,verte,vert,10,F,P,verte,-8.753305,vert,-9.343861,1
2146,S_NOUN_7_ADJ_b,F,S,la lampe avec les chemises que j' aime beaucoup n' est pas bleue <eos>,12,bleue,bleu,10,F,P,bleue,-9.128154,bleu,-9.066268,0
2147,S_NOUN_7_ADJ_b,F,S,la lampe avec les chemises que j' aime beaucoup n' est pas noire <eos>,12,noire,noir,10,F,P,noire,-8.186233,noir,-8.068227,0
2148,S_NOUN_7_ADJ_b,F,S,la lampe avec les chemises que j' aime beaucoup n' est pas délicate <eos>,12,délicate,délicat,10,F,P,délicate,-11.419036,délicat,-12.186592,1
2149,S_NOUN_7_ADJ_b,F,S,la lampe avec les chemises que j' aime beaucoup n' est pas pointue <eos>,12,pointue,pointu,10,F,P,pointue,-11.704468,pointu,-13.2998085,1
2150,S_NOUN_7_ADJ_b,F,S,la lampe avec les chemises que j' aime beaucoup n' est pas ronde <eos>,12,ronde,rond,10,F,P,ronde,-10.613955,rond,-9.59023,0
2151,S_NOUN_7_ADJ_b,F,S,la lampe avec les chemises que j' aime beaucoup n' est pas froide <eos>,12,froide,froid,10,F,P,froide,-8.644673,froid,-11.831315,1
2152,S_NOUN_7_ADJ_b,F,S,la lampe avec les chemises que j' aime beaucoup n' est pas chaude <eos>,12,chaude,chaud,10,F,P,chaude,-8.005638,chaud,-11.464524,1
2153,S_NOUN_7_ADJ_b,F,S,la lampe avec les chemises que j' aime beaucoup n' est pas importante <eos>,12,importante,important,10,F,P,importante,-8.641419,important,-11.041358,1
2154,S_NOUN_7_ADJ_b,F,S,la lampe avec les chemises que j' aime beaucoup n' est pas courte <eos>,12,courte,court,10,F,P,courte,-10.132861,court,-11.873698,1
2155,S_NOUN_7_ADJ_b,F,S,la lampe avec les chemises que j' aime beaucoup n' est pas dure <eos>,12,dure,dur,10,F,P,dure,-8.91843,dur,-10.392534,1
2156,S_NOUN_7_ADJ_b,F,S,la lampe avec les chemises que j' aime beaucoup n' est pas claire <eos>,12,claire,clair,10,F,P,claire,-5.2116446,clair,-7.307793,1
2157,S_NOUN_7_ADJ_b,F,S,la lampe avec les chemises que j' aime beaucoup n' est pas intéressante <eos>,12,intéressante,intéressant,10,F,P,intéressante,-9.864861,intéressant,-10.350083,1
2158,S_NOUN_7_ADJ_b,F,S,la lampe avec les chemises que j' aime beaucoup n' est pas brillante <eos>,12,brillante,brillant,10,F,P,brillante,-7.240992,brillant,-9.6052265,1
2159,S_NOUN_7_ADJ_b,F,S,la lampe avec les chemises que j' aime beaucoup n' est pas compliquée <eos>,12,compliquée,compliqué,10,F,P,compliquée,-10.994386,compliqué,-11.641377,1
2160,S_NOUN_7_ADJ_b,F,S,la lampe avec les recettes que j' aime beaucoup n' est pas verte <eos>,12,verte,vert,10,F,P,verte,-8.697328,vert,-10.062576,1
2161,S_NOUN_7_ADJ_b,F,S,la lampe avec les recettes que j' aime beaucoup n' est pas bleue <eos>,12,bleue,bleu,10,F,P,bleue,-9.902557,bleu,-9.948104,1
2162,S_NOUN_7_ADJ_b,F,S,la lampe avec les recettes que j' aime beaucoup n' est pas noire <eos>,12,noire,noir,10,F,P,noire,-8.232594,noir,-8.719416,1
2163,S_NOUN_7_ADJ_b,F,S,la lampe avec les recettes que j' aime beaucoup n' est pas délicate <eos>,12,délicate,délicat,10,F,P,délicate,-11.276611,délicat,-12.089589,1
2164,S_NOUN_7_ADJ_b,F,S,la lampe avec les recettes que j' aime beaucoup n' est pas pointue <eos>,12,pointue,pointu,10,F,P,pointue,-12.330779,pointu,-13.784501,1
2165,S_NOUN_7_ADJ_b,F,S,la lampe avec les recettes que j' aime beaucoup n' est pas ronde <eos>,12,ronde,rond,10,F,P,ronde,-10.854355,rond,-10.052217,0
2166,S_NOUN_7_ADJ_b,F,S,la lampe avec les recettes que j' aime beaucoup n' est pas froide <eos>,12,froide,froid,10,F,P,froide,-7.7775803,froid,-11.638051,1
2167,S_NOUN_7_ADJ_b,F,S,la lampe avec les recettes que j' aime beaucoup n' est pas chaude <eos>,12,chaude,chaud,10,F,P,chaude,-7.349148,chaud,-11.635769,1
2168,S_NOUN_7_ADJ_b,F,S,la lampe avec les recettes que j' aime beaucoup n' est pas importante <eos>,12,importante,important,10,F,P,importante,-8.051273,important,-10.752867,1
2169,S_NOUN_7_ADJ_b,F,S,la lampe avec les recettes que j' aime beaucoup n' est pas courte <eos>,12,courte,court,10,F,P,courte,-10.349433,court,-11.972905,1
2170,S_NOUN_7_ADJ_b,F,S,la lampe avec les recettes que j' aime beaucoup n' est pas dure <eos>,12,dure,dur,10,F,P,dure,-9.426986,dur,-11.061308,1
2171,S_NOUN_7_ADJ_b,F,S,la lampe avec les recettes que j' aime beaucoup n' est pas claire <eos>,12,claire,clair,10,F,P,claire,-5.8026385,clair,-8.145304,1
2172,S_NOUN_7_ADJ_b,F,S,la lampe avec les recettes que j' aime beaucoup n' est pas intéressante <eos>,12,intéressante,intéressant,10,F,P,intéressante,-8.987515,intéressant,-10.176811,1
2173,S_NOUN_7_ADJ_b,F,S,la lampe avec les recettes que j' aime beaucoup n' est pas brillante <eos>,12,brillante,brillant,10,F,P,brillante,-7.8461123,brillant,-10.756841,1
2174,S_NOUN_7_ADJ_b,F,S,la lampe avec les recettes que j' aime beaucoup n' est pas compliquée <eos>,12,compliquée,compliqué,10,F,P,compliquée,-11.237784,compliqué,-11.556686,1
2175,S_NOUN_7_ADJ_b,F,S,la lampe avec les jupes que j' aime beaucoup n' est pas verte <eos>,12,verte,vert,10,F,P,verte,-9.019536,vert,-10.023013,1
2176,S_NOUN_7_ADJ_b,F,S,la lampe avec les jupes que j' aime beaucoup n' est pas bleue <eos>,12,bleue,bleu,10,F,P,bleue,-9.435782,bleu,-9.494284,1
2177,S_NOUN_7_ADJ_b,F,S,la lampe avec les jupes que j' aime beaucoup n' est pas noire <eos>,12,noire,noir,10,F,P,noire,-8.321774,noir,-8.651291,1
2178,S_NOUN_7_ADJ_b,F,S,la lampe avec les jupes que j' aime beaucoup n' est pas délicate <eos>,12,délicate,délicat,10,F,P,délicate,-11.000083,délicat,-12.063589,1
2179,S_NOUN_7_ADJ_b,F,S,la lampe avec les jupes que j' aime beaucoup n' est pas pointue <eos>,12,pointue,pointu,10,F,P,pointue,-11.281429,pointu,-12.952747,1
2180,S_NOUN_7_ADJ_b,F,S,la lampe avec les jupes que j' aime beaucoup n' est pas ronde <eos>,12,ronde,rond,10,F,P,ronde,-10.411021,rond,-9.443689,0
2181,S_NOUN_7_ADJ_b,F,S,la lampe avec les jupes que j' aime beaucoup n' est pas froide <eos>,12,froide,froid,10,F,P,froide,-9.206562,froid,-12.441777,1
2182,S_NOUN_7_ADJ_b,F,S,la lampe avec les jupes que j' aime beaucoup n' est pas chaude <eos>,12,chaude,chaud,10,F,P,chaude,-8.430807,chaud,-12.001551,1
2183,S_NOUN_7_ADJ_b,F,S,la lampe avec les jupes que j' aime beaucoup n' est pas importante <eos>,12,importante,important,10,F,P,importante,-8.649628,important,-11.353172,1
2184,S_NOUN_7_ADJ_b,F,S,la lampe avec les jupes que j' aime beaucoup n' est pas courte <eos>,12,courte,court,10,F,P,courte,-9.758131,court,-11.696171,1
2185,S_NOUN_7_ADJ_b,F,S,la lampe avec les jupes que j' aime beaucoup n' est pas dure <eos>,12,dure,dur,10,F,P,dure,-9.103816,dur,-11.092935,1
2186,S_NOUN_7_ADJ_b,F,S,la lampe avec les jupes que j' aime beaucoup n' est pas claire <eos>,12,claire,clair,10,F,P,claire,-5.1501603,clair,-7.6235995,1
2187,S_NOUN_7_ADJ_b,F,S,la lampe avec les jupes que j' aime beaucoup n' est pas intéressante <eos>,12,intéressante,intéressant,10,F,P,intéressante,-9.80465,intéressant,-10.49601,1
2188,S_NOUN_7_ADJ_b,F,S,la lampe avec les jupes que j' aime beaucoup n' est pas brillante <eos>,12,brillante,brillant,10,F,P,brillante,-7.5681105,brillant,-9.873315,1
2189,S_NOUN_7_ADJ_b,F,S,la lampe avec les jupes que j' aime beaucoup n' est pas compliquée <eos>,12,compliquée,compliqué,10,F,P,compliquée,-10.47394,compliqué,-11.47072,1
2190,S_NOUN_7_ADJ_b,F,S,la lampe avec les colles que j' aime beaucoup n' est pas verte <eos>,12,verte,vert,10,F,P,verte,-8.845444,vert,-9.981036,1
2191,S_NOUN_7_ADJ_b,F,S,la lampe avec les colles que j' aime beaucoup n' est pas bleue <eos>,12,bleue,bleu,10,F,P,bleue,-9.693887,bleu,-9.531205,0
2192,S_NOUN_7_ADJ_b,F,S,la lampe avec les colles que j' aime beaucoup n' est pas noire <eos>,12,noire,noir,10,F,P,noire,-8.40691,noir,-8.651831,1
2193,S_NOUN_7_ADJ_b,F,S,la lampe avec les colles que j' aime beaucoup n' est pas délicate <eos>,12,délicate,délicat,10,F,P,délicate,-10.838208,délicat,-12.117042,1
2194,S_NOUN_7_ADJ_b,F,S,la lampe avec les colles que j' aime beaucoup n' est pas pointue <eos>,12,pointue,pointu,10,F,P,pointue,-12.498444,pointu,-14.413086,1
2195,S_NOUN_7_ADJ_b,F,S,la lampe avec les colles que j' aime beaucoup n' est pas ronde <eos>,12,ronde,rond,10,F,P,ronde,-10.858717,rond,-10.421244,0
2196,S_NOUN_7_ADJ_b,F,S,la lampe avec les colles que j' aime beaucoup n' est pas froide <eos>,12,froide,froid,10,F,P,froide,-8.177179,froid,-12.036881,1
2197,S_NOUN_7_ADJ_b,F,S,la lampe avec les colles que j' aime beaucoup n' est pas chaude <eos>,12,chaude,chaud,10,F,P,chaude,-7.6782346,chaud,-11.620834,1
2198,S_NOUN_7_ADJ_b,F,S,la lampe avec les colles que j' aime beaucoup n' est pas importante <eos>,12,importante,important,10,F,P,importante,-8.5363655,important,-11.097639,1
2199,S_NOUN_7_ADJ_b,F,S,la lampe avec les colles que j' aime beaucoup n' est pas courte <eos>,12,courte,court,10,F,P,courte,-10.8075485,court,-12.993069,1
2200,S_NOUN_7_ADJ_b,F,S,la lampe avec les colles que j' aime beaucoup n' est pas dure <eos>,12,dure,dur,10,F,P,dure,-9.318459,dur,-10.99827,1
2201,S_NOUN_7_ADJ_b,F,S,la lampe avec les colles que j' aime beaucoup n' est pas claire <eos>,12,claire,clair,10,F,P,claire,-5.4429026,clair,-7.8542223,1
2202,S_NOUN_7_ADJ_b,F,S,la lampe avec les colles que j' aime beaucoup n' est pas intéressante <eos>,12,intéressante,intéressant,10,F,P,intéressante,-9.206835,intéressant,-10.2332115,1
2203,S_NOUN_7_ADJ_b,F,S,la lampe avec les colles que j' aime beaucoup n' est pas brillante <eos>,12,brillante,brillant,10,F,P,brillante,-7.4391403,brillant,-10.078371,1
2204,S_NOUN_7_ADJ_b,F,S,la lampe avec les colles que j' aime beaucoup n' est pas compliquée <eos>,12,compliquée,compliqué,10,F,P,compliquée,-10.512807,compliqué,-11.617535,1
2205,S_NOUN_7_ADJ_b,F,S,la lampe avec les lampes que j' aime beaucoup n' est pas verte <eos>,12,verte,vert,10,F,P,verte,-8.36525,vert,-9.818099,1
2206,S_NOUN_7_ADJ_b,F,S,la lampe avec les lampes que j' aime beaucoup n' est pas bleue <eos>,12,bleue,bleu,10,F,P,bleue,-9.304472,bleu,-9.319706,1
2207,S_NOUN_7_ADJ_b,F,S,la lampe avec les lampes que j' aime beaucoup n' est pas noire <eos>,12,noire,noir,10,F,P,noire,-8.30065,noir,-8.535416,1
2208,S_NOUN_7_ADJ_b,F,S,la lampe avec les lampes que j' aime beaucoup n' est pas délicate <eos>,12,délicate,délicat,10,F,P,délicate,-11.508232,délicat,-12.519976,1
2209,S_NOUN_7_ADJ_b,F,S,la lampe avec les lampes que j' aime beaucoup n' est pas pointue <eos>,12,pointue,pointu,10,F,P,pointue,-12.892801,pointu,-14.1072445,1
2210,S_NOUN_7_ADJ_b,F,S,la lampe avec les lampes que j' aime beaucoup n' est pas ronde <eos>,12,ronde,rond,10,F,P,ronde,-11.195225,rond,-9.914257,0
2211,S_NOUN_7_ADJ_b,F,S,la lampe avec les lampes que j' aime beaucoup n' est pas froide <eos>,12,froide,froid,10,F,P,froide,-7.2992783,froid,-11.501583,1
2212,S_NOUN_7_ADJ_b,F,S,la lampe avec les lampes que j' aime beaucoup n' est pas chaude <eos>,12,chaude,chaud,10,F,P,chaude,-6.9532547,chaud,-11.400892,1
2213,S_NOUN_7_ADJ_b,F,S,la lampe avec les lampes que j' aime beaucoup n' est pas importante <eos>,12,importante,important,10,F,P,importante,-8.560701,important,-11.15309,1
2214,S_NOUN_7_ADJ_b,F,S,la lampe avec les lampes que j' aime beaucoup n' est pas courte <eos>,12,courte,court,10,F,P,courte,-10.805294,court,-12.859158,1
2215,S_NOUN_7_ADJ_b,F,S,la lampe avec les lampes que j' aime beaucoup n' est pas dure <eos>,12,dure,dur,10,F,P,dure,-9.542047,dur,-11.274721,1
2216,S_NOUN_7_ADJ_b,F,S,la lampe avec les lampes que j' aime beaucoup n' est pas claire <eos>,12,claire,clair,10,F,P,claire,-5.9616084,clair,-8.053696,1
2217,S_NOUN_7_ADJ_b,F,S,la lampe avec les lampes que j' aime beaucoup n' est pas intéressante <eos>,12,intéressante,intéressant,10,F,P,intéressante,-9.3932,intéressant,-10.406641,1
2218,S_NOUN_7_ADJ_b,F,S,la lampe avec les lampes que j' aime beaucoup n' est pas brillante <eos>,12,brillante,brillant,10,F,P,brillante,-7.5501738,brillant,-10.689212,1
2219,S_NOUN_7_ADJ_b,F,S,la lampe avec les lampes que j' aime beaucoup n' est pas compliquée <eos>,12,compliquée,compliqué,10,F,P,compliquée,-11.314429,compliqué,-11.990459,1
2220,S_NOUN_7_ADJ_b,F,S,la lampe avec les bouteilles que j' aime beaucoup n' est pas verte <eos>,12,verte,vert,10,F,P,verte,-8.941333,vert,-10.081245,1
2221,S_NOUN_7_ADJ_b,F,S,la lampe avec les bouteilles que j' aime beaucoup n' est pas bleue <eos>,12,bleue,bleu,10,F,P,bleue,-9.755112,bleu,-10.111603,1
2222,S_NOUN_7_ADJ_b,F,S,la lampe avec les bouteilles que j' aime beaucoup n' est pas noire <eos>,12,noire,noir,10,F,P,noire,-8.939712,noir,-9.27359,1
2223,S_NOUN_7_ADJ_b,F,S,la lampe avec les bouteilles que j' aime beaucoup n' est pas délicate <eos>,12,délicate,délicat,10,F,P,délicate,-11.605433,délicat,-12.480671,1
2224,S_NOUN_7_ADJ_b,F,S,la lampe avec les bouteilles que j' aime beaucoup n' est pas pointue <eos>,12,pointue,pointu,10,F,P,pointue,-12.713288,pointu,-14.33352,1
2225,S_NOUN_7_ADJ_b,F,S,la lampe avec les bouteilles que j' aime beaucoup n' est pas ronde <eos>,12,ronde,rond,10,F,P,ronde,-10.894654,rond,-9.739841,0
2226,S_NOUN_7_ADJ_b,F,S,la lampe avec les bouteilles que j' aime beaucoup n' est pas froide <eos>,12,froide,froid,10,F,P,froide,-7.593466,froid,-11.190352,1
2227,S_NOUN_7_ADJ_b,F,S,la lampe avec les bouteilles que j' aime beaucoup n' est pas chaude <eos>,12,chaude,chaud,10,F,P,chaude,-7.1113596,chaud,-11.130614,1
2228,S_NOUN_7_ADJ_b,F,S,la lampe avec les bouteilles que j' aime beaucoup n' est pas importante <eos>,12,importante,important,10,F,P,importante,-8.717873,important,-10.928085,1
2229,S_NOUN_7_ADJ_b,F,S,la lampe avec les bouteilles que j' aime beaucoup n' est pas courte <eos>,12,courte,court,10,F,P,courte,-10.778469,court,-12.175169,1
2230,S_NOUN_7_ADJ_b,F,S,la lampe avec les bouteilles que j' aime beaucoup n' est pas dure <eos>,12,dure,dur,10,F,P,dure,-9.298593,dur,-10.905272,1
2231,S_NOUN_7_ADJ_b,F,S,la lampe avec les bouteilles que j' aime beaucoup n' est pas claire <eos>,12,claire,clair,10,F,P,claire,-5.636114,clair,-8.28332,1
2232,S_NOUN_7_ADJ_b,F,S,la lampe avec les bouteilles que j' aime beaucoup n' est pas intéressante <eos>,12,intéressante,intéressant,10,F,P,intéressante,-9.133965,intéressant,-10.428773,1
2233,S_NOUN_7_ADJ_b,F,S,la lampe avec les bouteilles que j' aime beaucoup n' est pas brillante <eos>,12,brillante,brillant,10,F,P,brillante,-8.582537,brillant,-11.1502,1
2234,S_NOUN_7_ADJ_b,F,S,la lampe avec les bouteilles que j' aime beaucoup n' est pas compliquée <eos>,12,compliquée,compliqué,10,F,P,compliquée,-10.879637,compliqué,-11.635568,1
2235,S_NOUN_7_ADJ_b,F,S,la lampe avec les boissons que j' aime beaucoup n' est pas verte <eos>,12,verte,vert,10,F,P,verte,-8.828764,vert,-9.998217,1
2236,S_NOUN_7_ADJ_b,F,S,la lampe avec les boissons que j' aime beaucoup n' est pas bleue <eos>,12,bleue,bleu,10,F,P,bleue,-9.749797,bleu,-9.712228,0
2237,S_NOUN_7_ADJ_b,F,S,la lampe avec les boissons que j' aime beaucoup n' est pas noire <eos>,12,noire,noir,10,F,P,noire,-8.297419,noir,-8.779296,1
2238,S_NOUN_7_ADJ_b,F,S,la lampe avec les boissons que j' aime beaucoup n' est pas délicate <eos>,12,délicate,délicat,10,F,P,délicate,-11.225111,délicat,-12.31197,1
2239,S_NOUN_7_ADJ_b,F,S,la lampe avec les boissons que j' aime beaucoup n' est pas pointue <eos>,12,pointue,pointu,10,F,P,pointue,-13.026285,pointu,-14.743378,1
2240,S_NOUN_7_ADJ_b,F,S,la lampe avec les boissons que j' aime beaucoup n' est pas ronde <eos>,12,ronde,rond,10,F,P,ronde,-10.376926,rond,-10.204371,0
2241,S_NOUN_7_ADJ_b,F,S,la lampe avec les boissons que j' aime beaucoup n' est pas froide <eos>,12,froide,froid,10,F,P,froide,-7.2361274,froid,-11.522081,1
2242,S_NOUN_7_ADJ_b,F,S,la lampe avec les boissons que j' aime beaucoup n' est pas chaude <eos>,12,chaude,chaud,10,F,P,chaude,-6.7984915,chaud,-11.291731,1
2243,S_NOUN_7_ADJ_b,F,S,la lampe avec les boissons que j' aime beaucoup n' est pas importante <eos>,12,importante,important,10,F,P,importante,-8.337732,important,-11.100315,1
2244,S_NOUN_7_ADJ_b,F,S,la lampe avec les boissons que j' aime beaucoup n' est pas courte <eos>,12,courte,court,10,F,P,courte,-10.483223,court,-12.747332,1
2245,S_NOUN_7_ADJ_b,F,S,la lampe avec les boissons que j' aime beaucoup n' est pas dure <eos>,12,dure,dur,10,F,P,dure,-9.177452,dur,-10.88019,1
2246,S_NOUN_7_ADJ_b,F,S,la lampe avec les boissons que j' aime beaucoup n' est pas claire <eos>,12,claire,clair,10,F,P,claire,-5.5194993,clair,-8.042923,1
2247,S_NOUN_7_ADJ_b,F,S,la lampe avec les boissons que j' aime beaucoup n' est pas intéressante <eos>,12,intéressante,intéressant,10,F,P,intéressante,-9.266497,intéressant,-10.787968,1
2248,S_NOUN_7_ADJ_b,F,S,la lampe avec les boissons que j' aime beaucoup n' est pas brillante <eos>,12,brillante,brillant,10,F,P,brillante,-8.0011425,brillant,-11.093867,1
2249,S_NOUN_7_ADJ_b,F,S,la lampe avec les boissons que j' aime beaucoup n' est pas compliquée <eos>,12,compliquée,compliqué,10,F,P,compliquée,-11.093088,compliqué,-11.958817,1
2250,S_NOUN_7_ADJ_b,F,S,la lampe avec les pommes que j' aime beaucoup n' est pas verte <eos>,12,verte,vert,10,F,P,verte,-8.526888,vert,-9.686596,1
2251,S_NOUN_7_ADJ_b,F,S,la lampe avec les pommes que j' aime beaucoup n' est pas bleue <eos>,12,bleue,bleu,10,F,P,bleue,-9.433685,bleu,-9.612907,1
2252,S_NOUN_7_ADJ_b,F,S,la lampe avec les pommes que j' aime beaucoup n' est pas noire <eos>,12,noire,noir,10,F,P,noire,-8.252428,noir,-8.749227,1
2253,S_NOUN_7_ADJ_b,F,S,la lampe avec les pommes que j' aime beaucoup n' est pas délicate <eos>,12,délicate,délicat,10,F,P,délicate,-10.565779,délicat,-11.822383,1
2254,S_NOUN_7_ADJ_b,F,S,la lampe avec les pommes que j' aime beaucoup n' est pas pointue <eos>,12,pointue,pointu,10,F,P,pointue,-11.815516,pointu,-13.951539,1
2255,S_NOUN_7_ADJ_b,F,S,la lampe avec les pommes que j' aime beaucoup n' est pas ronde <eos>,12,ronde,rond,10,F,P,ronde,-10.301937,rond,-9.918354,0
2256,S_NOUN_7_ADJ_b,F,S,la lampe avec les pommes que j' aime beaucoup n' est pas froide <eos>,12,froide,froid,10,F,P,froide,-7.0194244,froid,-11.486063,1
2257,S_NOUN_7_ADJ_b,F,S,la lampe avec les pommes que j' aime beaucoup n' est pas chaude <eos>,12,chaude,chaud,10,F,P,chaude,-6.883757,chaud,-11.025652,1
2258,S_NOUN_7_ADJ_b,F,S,la lampe avec les pommes que j' aime beaucoup n' est pas importante <eos>,12,importante,important,10,F,P,importante,-8.464256,important,-11.473533,1
2259,S_NOUN_7_ADJ_b,F,S,la lampe avec les pommes que j' aime beaucoup n' est pas courte <eos>,12,courte,court,10,F,P,courte,-10.208957,court,-12.205243,1
2260,S_NOUN_7_ADJ_b,F,S,la lampe avec les pommes que j' aime beaucoup n' est pas dure <eos>,12,dure,dur,10,F,P,dure,-8.694988,dur,-10.1686,1
2261,S_NOUN_7_ADJ_b,F,S,la lampe avec les pommes que j' aime beaucoup n' est pas claire <eos>,12,claire,clair,10,F,P,claire,-5.534236,clair,-7.795267,1
2262,S_NOUN_7_ADJ_b,F,S,la lampe avec les pommes que j' aime beaucoup n' est pas intéressante <eos>,12,intéressante,intéressant,10,F,P,intéressante,-8.997164,intéressant,-10.740938,1
2263,S_NOUN_7_ADJ_b,F,S,la lampe avec les pommes que j' aime beaucoup n' est pas brillante <eos>,12,brillante,brillant,10,F,P,brillante,-7.3634844,brillant,-10.62694,1
2264,S_NOUN_7_ADJ_b,F,S,la lampe avec les pommes que j' aime beaucoup n' est pas compliquée <eos>,12,compliquée,compliqué,10,F,P,compliquée,-10.616604,compliqué,-11.401056,1
2265,S_NOUN_7_ADJ_b,F,S,la lampe avec les tasses que j' aime beaucoup n' est pas verte <eos>,12,verte,vert,10,F,P,verte,-9.222084,vert,-9.925273,1
2266,S_NOUN_7_ADJ_b,F,S,la lampe avec les tasses que j' aime beaucoup n' est pas bleue <eos>,12,bleue,bleu,10,F,P,bleue,-10.071965,bleu,-10.210934,1
2267,S_NOUN_7_ADJ_b,F,S,la lampe avec les tasses que j' aime beaucoup n' est pas noire <eos>,12,noire,noir,10,F,P,noire,-9.221496,noir,-9.71571,1
2268,S_NOUN_7_ADJ_b,F,S,la lampe avec les tasses que j' aime beaucoup n' est pas délicate <eos>,12,délicate,délicat,10,F,P,délicate,-11.4015465,délicat,-11.733405,1
2269,S_NOUN_7_ADJ_b,F,S,la lampe avec les tasses que j' aime beaucoup n' est pas pointue <eos>,12,pointue,pointu,10,F,P,pointue,-11.846323,pointu,-13.562418,1
2270,S_NOUN_7_ADJ_b,F,S,la lampe avec les tasses que j' aime beaucoup n' est pas ronde <eos>,12,ronde,rond,10,F,P,ronde,-9.840261,rond,-9.410608,0
2271,S_NOUN_7_ADJ_b,F,S,la lampe avec les tasses que j' aime beaucoup n' est pas froide <eos>,12,froide,froid,10,F,P,froide,-7.523557,froid,-10.976326,1
2272,S_NOUN_7_ADJ_b,F,S,la lampe avec les tasses que j' aime beaucoup n' est pas chaude <eos>,12,chaude,chaud,10,F,P,chaude,-6.5475407,chaud,-10.285213,1
2273,S_NOUN_7_ADJ_b,F,S,la lampe avec les tasses que j' aime beaucoup n' est pas importante <eos>,12,importante,important,10,F,P,importante,-8.680311,important,-11.048008,1
2274,S_NOUN_7_ADJ_b,F,S,la lampe avec les tasses que j' aime beaucoup n' est pas courte <eos>,12,courte,court,10,F,P,courte,-10.763511,court,-12.421487,1
2275,S_NOUN_7_ADJ_b,F,S,la lampe avec les tasses que j' aime beaucoup n' est pas dure <eos>,12,dure,dur,10,F,P,dure,-9.062492,dur,-10.818455,1
2276,S_NOUN_7_ADJ_b,F,S,la lampe avec les tasses que j' aime beaucoup n' est pas claire <eos>,12,claire,clair,10,F,P,claire,-5.977837,clair,-8.157896,1
2277,S_NOUN_7_ADJ_b,F,S,la lampe avec les tasses que j' aime beaucoup n' est pas intéressante <eos>,12,intéressante,intéressant,10,F,P,intéressante,-9.20469,intéressant,-10.429092,1
2278,S_NOUN_7_ADJ_b,F,S,la lampe avec les tasses que j' aime beaucoup n' est pas brillante <eos>,12,brillante,brillant,10,F,P,brillante,-8.342932,brillant,-10.2858515,1
2279,S_NOUN_7_ADJ_b,F,S,la lampe avec les tasses que j' aime beaucoup n' est pas compliquée <eos>,12,compliquée,compliqué,10,F,P,compliquée,-10.928032,compliqué,-11.243166,1
2280,S_NOUN_7_ADJ_b,F,S,la lampe avec les bougies que j' aime beaucoup n' est pas verte <eos>,12,verte,vert,10,F,P,verte,-8.887778,vert,-9.856135,1
2281,S_NOUN_7_ADJ_b,F,S,la lampe avec les bougies que j' aime beaucoup n' est pas bleue <eos>,12,bleue,bleu,10,F,P,bleue,-9.803871,bleu,-9.492114,0
2282,S_NOUN_7_ADJ_b,F,S,la lampe avec les bougies que j' aime beaucoup n' est pas noire <eos>,12,noire,noir,10,F,P,noire,-8.352919,noir,-8.879012,1
2283,S_NOUN_7_ADJ_b,F,S,la lampe avec les bougies que j' aime beaucoup n' est pas délicate <eos>,12,délicate,délicat,10,F,P,délicate,-11.335913,délicat,-12.263838,1
2284,S_NOUN_7_ADJ_b,F,S,la lampe avec les bougies que j' aime beaucoup n' est pas pointue <eos>,12,pointue,pointu,10,F,P,pointue,-12.289299,pointu,-13.867628,1
2285,S_NOUN_7_ADJ_b,F,S,la lampe avec les bougies que j' aime beaucoup n' est pas ronde <eos>,12,ronde,rond,10,F,P,ronde,-10.375922,rond,-9.601932,0
2286,S_NOUN_7_ADJ_b,F,S,la lampe avec les bougies que j' aime beaucoup n' est pas froide <eos>,12,froide,froid,10,F,P,froide,-7.80744,froid,-11.556038,1
2287,S_NOUN_7_ADJ_b,F,S,la lampe avec les bougies que j' aime beaucoup n' est pas chaude <eos>,12,chaude,chaud,10,F,P,chaude,-7.1431117,chaud,-11.240412,1
2288,S_NOUN_7_ADJ_b,F,S,la lampe avec les bougies que j' aime beaucoup n' est pas importante <eos>,12,importante,important,10,F,P,importante,-8.718517,important,-11.276122,1
2289,S_NOUN_7_ADJ_b,F,S,la lampe avec les bougies que j' aime beaucoup n' est pas courte <eos>,12,courte,court,10,F,P,courte,-10.545166,court,-12.546909,1
2290,S_NOUN_7_ADJ_b,F,S,la lampe avec les bougies que j' aime beaucoup n' est pas dure <eos>,12,dure,dur,10,F,P,dure,-9.27863,dur,-10.9227,1
2291,S_NOUN_7_ADJ_b,F,S,la lampe avec les bougies que j' aime beaucoup n' est pas claire <eos>,12,claire,clair,10,F,P,claire,-5.871169,clair,-7.8342094,1
2292,S_NOUN_7_ADJ_b,F,S,la lampe avec les bougies que j' aime beaucoup n' est pas intéressante <eos>,12,intéressante,intéressant,10,F,P,intéressante,-9.921034,intéressant,-10.73011,1
2293,S_NOUN_7_ADJ_b,F,S,la lampe avec les bougies que j' aime beaucoup n' est pas brillante <eos>,12,brillante,brillant,10,F,P,brillante,-7.971599,brillant,-10.68232,1
2294,S_NOUN_7_ADJ_b,F,S,la lampe avec les bougies que j' aime beaucoup n' est pas compliquée <eos>,12,compliquée,compliqué,10,F,P,compliquée,-11.435771,compliqué,-11.70076,1
2295,S_NOUN_7_ADJ_b,F,S,la lampe avec les pochettes que j' aime beaucoup n' est pas verte <eos>,12,verte,vert,10,F,P,verte,-8.80156,vert,-9.652506,1
2296,S_NOUN_7_ADJ_b,F,S,la lampe avec les pochettes que j' aime beaucoup n' est pas bleue <eos>,12,bleue,bleu,10,F,P,bleue,-8.700367,bleu,-9.3428755,1
2297,S_NOUN_7_ADJ_b,F,S,la lampe avec les pochettes que j' aime beaucoup n' est pas noire <eos>,12,noire,noir,10,F,P,noire,-8.190366,noir,-8.075701,0
2298,S_NOUN_7_ADJ_b,F,S,la lampe avec les pochettes que j' aime beaucoup n' est pas délicate <eos>,12,délicate,délicat,10,F,P,délicate,-12.205694,délicat,-13.370209,1
2299,S_NOUN_7_ADJ_b,F,S,la lampe avec les pochettes que j' aime beaucoup n' est pas pointue <eos>,12,pointue,pointu,10,F,P,pointue,-12.5496235,pointu,-13.685492,1
2300,S_NOUN_7_ADJ_b,F,S,la lampe avec les pochettes que j' aime beaucoup n' est pas ronde <eos>,12,ronde,rond,10,F,P,ronde,-10.855754,rond,-9.61525,0
2301,S_NOUN_7_ADJ_b,F,S,la lampe avec les pochettes que j' aime beaucoup n' est pas froide <eos>,12,froide,froid,10,F,P,froide,-9.6759,froid,-12.848015,1
2302,S_NOUN_7_ADJ_b,F,S,la lampe avec les pochettes que j' aime beaucoup n' est pas chaude <eos>,12,chaude,chaud,10,F,P,chaude,-8.86517,chaud,-13.02222,1
2303,S_NOUN_7_ADJ_b,F,S,la lampe avec les pochettes que j' aime beaucoup n' est pas importante <eos>,12,importante,important,10,F,P,importante,-8.389728,important,-10.83735,1
2304,S_NOUN_7_ADJ_b,F,S,la lampe avec les pochettes que j' aime beaucoup n' est pas courte <eos>,12,courte,court,10,F,P,courte,-9.903059,court,-12.062599,1
2305,S_NOUN_7_ADJ_b,F,S,la lampe avec les pochettes que j' aime beaucoup n' est pas dure <eos>,12,dure,dur,10,F,P,dure,-8.70896,dur,-9.676083,1
2306,S_NOUN_7_ADJ_b,F,S,la lampe avec les pochettes que j' aime beaucoup n' est pas claire <eos>,12,claire,clair,10,F,P,claire,-5.221389,clair,-7.4328995,1
2307,S_NOUN_7_ADJ_b,F,S,la lampe avec les pochettes que j' aime beaucoup n' est pas intéressante <eos>,12,intéressante,intéressant,10,F,P,intéressante,-8.746455,intéressant,-10.395538,1
2308,S_NOUN_7_ADJ_b,F,S,la lampe avec les pochettes que j' aime beaucoup n' est pas brillante <eos>,12,brillante,brillant,10,F,P,brillante,-8.20588,brillant,-10.919619,1
2309,S_NOUN_7_ADJ_b,F,S,la lampe avec les pochettes que j' aime beaucoup n' est pas compliquée <eos>,12,compliquée,compliqué,10,F,P,compliquée,-10.800373,compliqué,-11.772406,1
2310,S_NOUN_7_ADJ_b,F,S,la lampe avec les bananes que j' aime beaucoup n' est pas verte <eos>,12,verte,vert,10,F,P,verte,-8.092491,vert,-9.348727,1
2311,S_NOUN_7_ADJ_b,F,S,la lampe avec les bananes que j' aime beaucoup n' est pas bleue <eos>,12,bleue,bleu,10,F,P,bleue,-8.995517,bleu,-9.381447,1
2312,S_NOUN_7_ADJ_b,F,S,la lampe avec les bananes que j' aime beaucoup n' est pas noire <eos>,12,noire,noir,10,F,P,noire,-7.8882446,noir,-8.4486265,1
2313,S_NOUN_7_ADJ_b,F,S,la lampe avec les bananes que j' aime beaucoup n' est pas délicate <eos>,12,délicate,délicat,10,F,P,délicate,-10.980473,délicat,-12.252617,1
2314,S_NOUN_7_ADJ_b,F,S,la lampe avec les bananes que j' aime beaucoup n' est pas pointue <eos>,12,pointue,pointu,10,F,P,pointue,-11.513105,pointu,-13.116871,1
2315,S_NOUN_7_ADJ_b,F,S,la lampe avec les bananes que j' aime beaucoup n' est pas ronde <eos>,12,ronde,rond,10,F,P,ronde,-10.069956,rond,-9.491579,0
2316,S_NOUN_7_ADJ_b,F,S,la lampe avec les bananes que j' aime beaucoup n' est pas froide <eos>,12,froide,froid,10,F,P,froide,-7.3557453,froid,-11.995493,1
2317,S_NOUN_7_ADJ_b,F,S,la lampe avec les bananes que j' aime beaucoup n' est pas chaude <eos>,12,chaude,chaud,10,F,P,chaude,-7.026389,chaud,-11.245496,1
2318,S_NOUN_7_ADJ_b,F,S,la lampe avec les bananes que j' aime beaucoup n' est pas importante <eos>,12,importante,important,10,F,P,importante,-8.486474,important,-11.408731,1
2319,S_NOUN_7_ADJ_b,F,S,la lampe avec les bananes que j' aime beaucoup n' est pas courte <eos>,12,courte,court,10,F,P,courte,-9.986448,court,-12.475001,1
2320,S_NOUN_7_ADJ_b,F,S,la lampe avec les bananes que j' aime beaucoup n' est pas dure <eos>,12,dure,dur,10,F,P,dure,-8.355076,dur,-9.679786,1
2321,S_NOUN_7_ADJ_b,F,S,la lampe avec les bananes que j' aime beaucoup n' est pas claire <eos>,12,claire,clair,10,F,P,claire,-5.619644,clair,-7.188511,1
2322,S_NOUN_7_ADJ_b,F,S,la lampe avec les bananes que j' aime beaucoup n' est pas intéressante <eos>,12,intéressante,intéressant,10,F,P,intéressante,-9.111778,intéressant,-10.842375,1
2323,S_NOUN_7_ADJ_b,F,S,la lampe avec les bananes que j' aime beaucoup n' est pas brillante <eos>,12,brillante,brillant,10,F,P,brillante,-7.2610483,brillant,-9.854658,1
2324,S_NOUN_7_ADJ_b,F,S,la lampe avec les bananes que j' aime beaucoup n' est pas compliquée <eos>,12,compliquée,compliqué,10,F,P,compliquée,-10.623384,compliqué,-11.250992,1
2325,S_NOUN_7_ADJ_b,F,S,la lampe avec les robes que j' aime beaucoup n' est pas verte <eos>,12,verte,vert,10,F,P,verte,-8.53222,vert,-9.386793,1
2326,S_NOUN_7_ADJ_b,F,S,la lampe avec les robes que j' aime beaucoup n' est pas bleue <eos>,12,bleue,bleu,10,F,P,bleue,-8.755324,bleu,-8.688553,0
2327,S_NOUN_7_ADJ_b,F,S,la lampe avec les robes que j' aime beaucoup n' est pas noire <eos>,12,noire,noir,10,F,P,noire,-7.5917187,noir,-7.725336,1
2328,S_NOUN_7_ADJ_b,F,S,la lampe avec les robes que j' aime beaucoup n' est pas délicate <eos>,12,délicate,délicat,10,F,P,délicate,-10.847303,délicat,-11.966174,1
2329,S_NOUN_7_ADJ_b,F,S,la lampe avec les robes que j' aime beaucoup n' est pas pointue <eos>,12,pointue,pointu,10,F,P,pointue,-12.151107,pointu,-13.306744,1
2330,S_NOUN_7_ADJ_b,F,S,la lampe avec les robes que j' aime beaucoup n' est pas ronde <eos>,12,ronde,rond,10,F,P,ronde,-10.491656,rond,-9.358862,0
2331,S_NOUN_7_ADJ_b,F,S,la lampe avec les robes que j' aime beaucoup n' est pas froide <eos>,12,froide,froid,10,F,P,froide,-9.100237,froid,-12.291591,1
2332,S_NOUN_7_ADJ_b,F,S,la lampe avec les robes que j' aime beaucoup n' est pas chaude <eos>,12,chaude,chaud,10,F,P,chaude,-8.581537,chaud,-11.875538,1
2333,S_NOUN_7_ADJ_b,F,S,la lampe avec les robes que j' aime beaucoup n' est pas importante <eos>,12,importante,important,10,F,P,importante,-8.29821,important,-10.955814,1
2334,S_NOUN_7_ADJ_b,F,S,la lampe avec les robes que j' aime beaucoup n' est pas courte <eos>,12,courte,court,10,F,P,courte,-10.00457,court,-11.996626,1
2335,S_NOUN_7_ADJ_b,F,S,la lampe avec les robes que j' aime beaucoup n' est pas dure <eos>,12,dure,dur,10,F,P,dure,-9.397427,dur,-10.8152275,1
2336,S_NOUN_7_ADJ_b,F,S,la lampe avec les robes que j' aime beaucoup n' est pas claire <eos>,12,claire,clair,10,F,P,claire,-4.636814,clair,-6.663499,1
2337,S_NOUN_7_ADJ_b,F,S,la lampe avec les robes que j' aime beaucoup n' est pas intéressante <eos>,12,intéressante,intéressant,10,F,P,intéressante,-9.772759,intéressant,-10.472975,1
2338,S_NOUN_7_ADJ_b,F,S,la lampe avec les robes que j' aime beaucoup n' est pas brillante <eos>,12,brillante,brillant,10,F,P,brillante,-7.334696,brillant,-9.917811,1
2339,S_NOUN_7_ADJ_b,F,S,la lampe avec les robes que j' aime beaucoup n' est pas compliquée <eos>,12,compliquée,compliqué,10,F,P,compliquée,-10.914182,compliqué,-11.880641,1
2340,S_NOUN_7_ADJ_b,F,S,la lampe avec les valises que j' aime beaucoup n' est pas verte <eos>,12,verte,vert,10,F,P,verte,-9.313342,vert,-10.567245,1
2341,S_NOUN_7_ADJ_b,F,S,la lampe avec les valises que j' aime beaucoup n' est pas bleue <eos>,12,bleue,bleu,10,F,P,bleue,-9.421085,bleu,-10.352516,1
2342,S_NOUN_7_ADJ_b,F,S,la lampe avec les valises que j' aime beaucoup n' est pas noire <eos>,12,noire,noir,10,F,P,noire,-8.84428,noir,-9.275767,1
2343,S_NOUN_7_ADJ_b,F,S,la lampe avec les valises que j' aime beaucoup n' est pas délicate <eos>,12,délicate,délicat,10,F,P,délicate,-11.44483,délicat,-13.190514,1
2344,S_NOUN_7_ADJ_b,F,S,la lampe avec les valises que j' aime beaucoup n' est pas pointue <eos>,12,pointue,pointu,10,F,P,pointue,-12.023433,pointu,-14.15404,1
2345,S_NOUN_7_ADJ_b,F,S,la lampe avec les valises que j' aime beaucoup n' est pas ronde <eos>,12,ronde,rond,10,F,P,ronde,-10.682636,rond,-10.006364,0
2346,S_NOUN_7_ADJ_b,F,S,la lampe avec les valises que j' aime beaucoup n' est pas froide <eos>,12,froide,froid,10,F,P,froide,-8.64713,froid,-12.218542,1
2347,S_NOUN_7_ADJ_b,F,S,la lampe avec les valises que j' aime beaucoup n' est pas chaude <eos>,12,chaude,chaud,10,F,P,chaude,-7.501384,chaud,-11.610952,1
2348,S_NOUN_7_ADJ_b,F,S,la lampe avec les valises que j' aime beaucoup n' est pas importante <eos>,12,importante,important,10,F,P,importante,-8.369518,important,-11.346857,1
2349,S_NOUN_7_ADJ_b,F,S,la lampe avec les valises que j' aime beaucoup n' est pas courte <eos>,12,courte,court,10,F,P,courte,-10.677126,court,-12.626779,1
2350,S_NOUN_7_ADJ_b,F,S,la lampe avec les valises que j' aime beaucoup n' est pas dure <eos>,12,dure,dur,10,F,P,dure,-8.996431,dur,-11.103343,1
2351,S_NOUN_7_ADJ_b,F,S,la lampe avec les valises que j' aime beaucoup n' est pas claire <eos>,12,claire,clair,10,F,P,claire,-5.785389,clair,-8.134914,1
2352,S_NOUN_7_ADJ_b,F,S,la lampe avec les valises que j' aime beaucoup n' est pas intéressante <eos>,12,intéressante,intéressant,10,F,P,intéressante,-9.006374,intéressant,-10.689379,1
2353,S_NOUN_7_ADJ_b,F,S,la lampe avec les valises que j' aime beaucoup n' est pas brillante <eos>,12,brillante,brillant,10,F,P,brillante,-7.8884096,brillant,-10.786644,1
2354,S_NOUN_7_ADJ_b,F,S,la lampe avec les valises que j' aime beaucoup n' est pas compliquée <eos>,12,compliquée,compliqué,10,F,P,compliquée,-10.556618,compliqué,-11.913734,1
2355,S_NOUN_7_ADJ_b,F,S,la lampe avec les pendules que j' aime beaucoup n' est pas verte <eos>,12,verte,vert,10,F,P,verte,-9.132558,vert,-10.327932,1
2356,S_NOUN_7_ADJ_b,F,S,la lampe avec les pendules que j' aime beaucoup n' est pas bleue <eos>,12,bleue,bleu,10,F,P,bleue,-9.84465,bleu,-9.851654,1
2357,S_NOUN_7_ADJ_b,F,S,la lampe avec les pendules que j' aime beaucoup n' est pas noire <eos>,12,noire,noir,10,F,P,noire,-8.562152,noir,-8.726173,1
2358,S_NOUN_7_ADJ_b,F,S,la lampe avec les pendules que j' aime beaucoup n' est pas délicate <eos>,12,délicate,délicat,10,F,P,délicate,-11.268328,délicat,-12.151524,1
2359,S_NOUN_7_ADJ_b,F,S,la lampe avec les pendules que j' aime beaucoup n' est pas pointue <eos>,12,pointue,pointu,10,F,P,pointue,-13.100235,pointu,-14.503028,1
2360,S_NOUN_7_ADJ_b,F,S,la lampe avec les pendules que j' aime beaucoup n' est pas ronde <eos>,12,ronde,rond,10,F,P,ronde,-11.378443,rond,-10.210508,0
2361,S_NOUN_7_ADJ_b,F,S,la lampe avec les pendules que j' aime beaucoup n' est pas froide <eos>,12,froide,froid,10,F,P,froide,-7.866029,froid,-11.552211,1
2362,S_NOUN_7_ADJ_b,F,S,la lampe avec les pendules que j' aime beaucoup n' est pas chaude <eos>,12,chaude,chaud,10,F,P,chaude,-7.176858,chaud,-11.430915,1
2363,S_NOUN_7_ADJ_b,F,S,la lampe avec les pendules que j' aime beaucoup n' est pas importante <eos>,12,importante,important,10,F,P,importante,-8.585596,important,-10.841364,1
2364,S_NOUN_7_ADJ_b,F,S,la lampe avec les pendules que j' aime beaucoup n' est pas courte <eos>,12,courte,court,10,F,P,courte,-10.957308,court,-12.760046,1
2365,S_NOUN_7_ADJ_b,F,S,la lampe avec les pendules que j' aime beaucoup n' est pas dure <eos>,12,dure,dur,10,F,P,dure,-9.389788,dur,-11.145645,1
2366,S_NOUN_7_ADJ_b,F,S,la lampe avec les pendules que j' aime beaucoup n' est pas claire <eos>,12,claire,clair,10,F,P,claire,-5.8350487,clair,-8.306949,1
2367,S_NOUN_7_ADJ_b,F,S,la lampe avec les pendules que j' aime beaucoup n' est pas intéressante <eos>,12,intéressante,intéressant,10,F,P,intéressante,-9.340976,intéressant,-10.192293,1
2368,S_NOUN_7_ADJ_b,F,S,la lampe avec les pendules que j' aime beaucoup n' est pas brillante <eos>,12,brillante,brillant,10,F,P,brillante,-7.887761,brillant,-10.67574,1
2369,S_NOUN_7_ADJ_b,F,S,la lampe avec les pendules que j' aime beaucoup n' est pas compliquée <eos>,12,compliquée,compliqué,10,F,P,compliquée,-10.852144,compliqué,-11.576157,1
2370,S_NOUN_7_ADJ_b,F,S,la lampe avec les cloches que j' aime beaucoup n' est pas verte <eos>,12,verte,vert,10,F,P,verte,-9.5605345,vert,-10.255437,1
2371,S_NOUN_7_ADJ_b,F,S,la lampe avec les cloches que j' aime beaucoup n' est pas bleue <eos>,12,bleue,bleu,10,F,P,bleue,-10.306456,bleu,-9.916285,0
2372,S_NOUN_7_ADJ_b,F,S,la lampe avec les cloches que j' aime beaucoup n' est pas noire <eos>,12,noire,noir,10,F,P,noire,-8.829075,noir,-9.090779,1
2373,S_NOUN_7_ADJ_b,F,S,la lampe avec les cloches que j' aime beaucoup n' est pas délicate <eos>,12,délicate,délicat,10,F,P,délicate,-11.562036,délicat,-12.189913,1
2374,S_NOUN_7_ADJ_b,F,S,la lampe avec les cloches que j' aime beaucoup n' est pas pointue <eos>,12,pointue,pointu,10,F,P,pointue,-11.895117,pointu,-13.662507,1
2375,S_NOUN_7_ADJ_b,F,S,la lampe avec les cloches que j' aime beaucoup n' est pas ronde <eos>,12,ronde,rond,10,F,P,ronde,-10.75042,rond,-9.764942,0
2376,S_NOUN_7_ADJ_b,F,S,la lampe avec les cloches que j' aime beaucoup n' est pas froide <eos>,12,froide,froid,10,F,P,froide,-8.839147,froid,-11.982953,1
2377,S_NOUN_7_ADJ_b,F,S,la lampe avec les cloches que j' aime beaucoup n' est pas chaude <eos>,12,chaude,chaud,10,F,P,chaude,-8.030472,chaud,-11.715636,1
2378,S_NOUN_7_ADJ_b,F,S,la lampe avec les cloches que j' aime beaucoup n' est pas importante <eos>,12,importante,important,10,F,P,importante,-8.50527,important,-10.952041,1
2379,S_NOUN_7_ADJ_b,F,S,la lampe avec les cloches que j' aime beaucoup n' est pas courte <eos>,12,courte,court,10,F,P,courte,-10.3745575,court,-12.168594,1
2380,S_NOUN_7_ADJ_b,F,S,la lampe avec les cloches que j' aime beaucoup n' est pas dure <eos>,12,dure,dur,10,F,P,dure,-9.550957,dur,-11.096839,1
2381,S_NOUN_7_ADJ_b,F,S,la lampe avec les cloches que j' aime beaucoup n' est pas claire <eos>,12,claire,clair,10,F,P,claire,-6.1608367,clair,-7.9302983,1
2382,S_NOUN_7_ADJ_b,F,S,la lampe avec les cloches que j' aime beaucoup n' est pas intéressante <eos>,12,intéressante,intéressant,10,F,P,intéressante,-9.328663,intéressant,-10.038105,1
2383,S_NOUN_7_ADJ_b,F,S,la lampe avec les cloches que j' aime beaucoup n' est pas brillante <eos>,12,brillante,brillant,10,F,P,brillante,-8.030163,brillant,-10.841467,1
2384,S_NOUN_7_ADJ_b,F,S,la lampe avec les cloches que j' aime beaucoup n' est pas compliquée <eos>,12,compliquée,compliqué,10,F,P,compliquée,-11.271364,compliqué,-11.59416,1
2385,S_NOUN_7_ADJ_b,F,S,la lampe avec les cerises que j' aime beaucoup n' est pas verte <eos>,12,verte,vert,10,F,P,verte,-8.85487,vert,-9.506153,1
2386,S_NOUN_7_ADJ_b,F,S,la lampe avec les cerises que j' aime beaucoup n' est pas bleue <eos>,12,bleue,bleu,10,F,P,bleue,-9.551044,bleu,-9.285383,0
2387,S_NOUN_7_ADJ_b,F,S,la lampe avec les cerises que j' aime beaucoup n' est pas noire <eos>,12,noire,noir,10,F,P,noire,-8.372299,noir,-8.374739,1
2388,S_NOUN_7_ADJ_b,F,S,la lampe avec les cerises que j' aime beaucoup n' est pas délicate <eos>,12,délicate,délicat,10,F,P,délicate,-11.203416,délicat,-11.883375,1
2389,S_NOUN_7_ADJ_b,F,S,la lampe avec les cerises que j' aime beaucoup n' est pas pointue <eos>,12,pointue,pointu,10,F,P,pointue,-12.567032,pointu,-13.600858,1
2390,S_NOUN_7_ADJ_b,F,S,la lampe avec les cerises que j' aime beaucoup n' est pas ronde <eos>,12,ronde,rond,10,F,P,ronde,-10.402745,rond,-9.127636,0
2391,S_NOUN_7_ADJ_b,F,S,la lampe avec les cerises que j' aime beaucoup n' est pas froide <eos>,12,froide,froid,10,F,P,froide,-7.7352476,froid,-11.279555,1
2392,S_NOUN_7_ADJ_b,F,S,la lampe avec les cerises que j' aime beaucoup n' est pas chaude <eos>,12,chaude,chaud,10,F,P,chaude,-7.6749144,chaud,-11.0694685,1
2393,S_NOUN_7_ADJ_b,F,S,la lampe avec les cerises que j' aime beaucoup n' est pas importante <eos>,12,importante,important,10,F,P,importante,-8.843088,important,-11.114727,1
2394,S_NOUN_7_ADJ_b,F,S,la lampe avec les cerises que j' aime beaucoup n' est pas courte <eos>,12,courte,court,10,F,P,courte,-10.692999,court,-12.216839,1
2395,S_NOUN_7_ADJ_b,F,S,la lampe avec les cerises que j' aime beaucoup n' est pas dure <eos>,12,dure,dur,10,F,P,dure,-9.250049,dur,-10.534597,1
2396,S_NOUN_7_ADJ_b,F,S,la lampe avec les cerises que j' aime beaucoup n' est pas claire <eos>,12,claire,clair,10,F,P,claire,-5.6126504,clair,-7.490189,1
2397,S_NOUN_7_ADJ_b,F,S,la lampe avec les cerises que j' aime beaucoup n' est pas intéressante <eos>,12,intéressante,intéressant,10,F,P,intéressante,-9.369435,intéressant,-10.375063,1
2398,S_NOUN_7_ADJ_b,F,S,la lampe avec les cerises que j' aime beaucoup n' est pas brillante <eos>,12,brillante,brillant,10,F,P,brillante,-7.757386,brillant,-10.271267,1
2399,S_NOUN_7_ADJ_b,F,S,la lampe avec les cerises que j' aime beaucoup n' est pas compliquée <eos>,12,compliquée,compliqué,10,F,P,compliquée,-11.027718,compliqué,-11.507611,1
2400,S_NOUN_7_ADJ_b,F,S,la bouteille avec les gemmes que j' aime beaucoup n' est pas verte <eos>,12,verte,vert,10,F,P,verte,-8.146088,vert,-9.36208,1
2401,S_NOUN_7_ADJ_b,F,S,la bouteille avec les gemmes que j' aime beaucoup n' est pas bleue <eos>,12,bleue,bleu,10,F,P,bleue,-8.298445,bleu,-9.065979,1
2402,S_NOUN_7_ADJ_b,F,S,la bouteille avec les gemmes que j' aime beaucoup n' est pas noire <eos>,12,noire,noir,10,F,P,noire,-8.065706,noir,-8.307681,1
2403,S_NOUN_7_ADJ_b,F,S,la bouteille avec les gemmes que j' aime beaucoup n' est pas délicate <eos>,12,délicate,délicat,10,F,P,délicate,-11.818821,délicat,-13.353494,1
2404,S_NOUN_7_ADJ_b,F,S,la bouteille avec les gemmes que j' aime beaucoup n' est pas pointue <eos>,12,pointue,pointu,10,F,P,pointue,-12.225477,pointu,-13.749516,1
2405,S_NOUN_7_ADJ_b,F,S,la bouteille avec les gemmes que j' aime beaucoup n' est pas ronde <eos>,12,ronde,rond,10,F,P,ronde,-9.439328,rond,-10.056563,1
2406,S_NOUN_7_ADJ_b,F,S,la bouteille avec les gemmes que j' aime beaucoup n' est pas froide <eos>,12,froide,froid,10,F,P,froide,-9.049572,froid,-12.428069,1
2407,S_NOUN_7_ADJ_b,F,S,la bouteille avec les gemmes que j' aime beaucoup n' est pas chaude <eos>,12,chaude,chaud,10,F,P,chaude,-8.478138,chaud,-12.44854,1
2408,S_NOUN_7_ADJ_b,F,S,la bouteille avec les gemmes que j' aime beaucoup n' est pas importante <eos>,12,importante,important,10,F,P,importante,-8.292034,important,-11.234827,1
2409,S_NOUN_7_ADJ_b,F,S,la bouteille avec les gemmes que j' aime beaucoup n' est pas courte <eos>,12,courte,court,10,F,P,courte,-10.2126,court,-12.823618,1
2410,S_NOUN_7_ADJ_b,F,S,la bouteille avec les gemmes que j' aime beaucoup n' est pas dure <eos>,12,dure,dur,10,F,P,dure,-10.01314,dur,-11.576382,1
2411,S_NOUN_7_ADJ_b,F,S,la bouteille avec les gemmes que j' aime beaucoup n' est pas claire <eos>,12,claire,clair,10,F,P,claire,-4.9849634,clair,-7.1235275,1
2412,S_NOUN_7_ADJ_b,F,S,la bouteille avec les gemmes que j' aime beaucoup n' est pas intéressante <eos>,12,intéressante,intéressant,10,F,P,intéressante,-8.582773,intéressant,-10.813868,1
2413,S_NOUN_7_ADJ_b,F,S,la bouteille avec les gemmes que j' aime beaucoup n' est pas brillante <eos>,12,brillante,brillant,10,F,P,brillante,-7.8661594,brillant,-10.909773,1
2414,S_NOUN_7_ADJ_b,F,S,la bouteille avec les gemmes que j' aime beaucoup n' est pas compliquée <eos>,12,compliquée,compliqué,10,F,P,compliquée,-10.909772,compliqué,-11.56877,1
2415,S_NOUN_7_ADJ_b,F,S,la bouteille avec les chaises que j' aime beaucoup n' est pas verte <eos>,12,verte,vert,10,F,P,verte,-9.277502,vert,-10.572123,1
2416,S_NOUN_7_ADJ_b,F,S,la bouteille avec les chaises que j' aime beaucoup n' est pas bleue <eos>,12,bleue,bleu,10,F,P,bleue,-9.269843,bleu,-10.31425,1
2417,S_NOUN_7_ADJ_b,F,S,la bouteille avec les chaises que j' aime beaucoup n' est pas noire <eos>,12,noire,noir,10,F,P,noire,-9.04766,noir,-9.505103,1
2418,S_NOUN_7_ADJ_b,F,S,la bouteille avec les chaises que j' aime beaucoup n' est pas délicate <eos>,12,délicate,délicat,10,F,P,délicate,-11.559786,délicat,-12.754887,1
2419,S_NOUN_7_ADJ_b,F,S,la bouteille avec les chaises que j' aime beaucoup n' est pas pointue <eos>,12,pointue,pointu,10,F,P,pointue,-12.173817,pointu,-13.913235,1
2420,S_NOUN_7_ADJ_b,F,S,la bouteille avec les chaises que j' aime beaucoup n' est pas ronde <eos>,12,ronde,rond,10,F,P,ronde,-8.987378,rond,-9.46523,1
2421,S_NOUN_7_ADJ_b,F,S,la bouteille avec les chaises que j' aime beaucoup n' est pas froide <eos>,12,froide,froid,10,F,P,froide,-9.458771,froid,-12.64076,1
2422,S_NOUN_7_ADJ_b,F,S,la bouteille avec les chaises que j' aime beaucoup n' est pas chaude <eos>,12,chaude,chaud,10,F,P,chaude,-8.156771,chaud,-12.282123,1
2423,S_NOUN_7_ADJ_b,F,S,la bouteille avec les chaises que j' aime beaucoup n' est pas importante <eos>,12,importante,important,10,F,P,importante,-8.378186,important,-11.141621,1
2424,S_NOUN_7_ADJ_b,F,S,la bouteille avec les chaises que j' aime beaucoup n' est pas courte <eos>,12,courte,court,10,F,P,courte,-10.29108,court,-12.399196,1
2425,S_NOUN_7_ADJ_b,F,S,la bouteille avec les chaises que j' aime beaucoup n' est pas dure <eos>,12,dure,dur,10,F,P,dure,-9.336693,dur,-12.136024,1
2426,S_NOUN_7_ADJ_b,F,S,la bouteille avec les chaises que j' aime beaucoup n' est pas claire <eos>,12,claire,clair,10,F,P,claire,-5.00955,clair,-7.940419,1
2427,S_NOUN_7_ADJ_b,F,S,la bouteille avec les chaises que j' aime beaucoup n' est pas intéressante <eos>,12,intéressante,intéressant,10,F,P,intéressante,-8.774051,intéressant,-10.896177,1
2428,S_NOUN_7_ADJ_b,F,S,la bouteille avec les chaises que j' aime beaucoup n' est pas brillante <eos>,12,brillante,brillant,10,F,P,brillante,-8.95572,brillant,-11.938658,1
2429,S_NOUN_7_ADJ_b,F,S,la bouteille avec les chaises que j' aime beaucoup n' est pas compliquée <eos>,12,compliquée,compliqué,10,F,P,compliquée,-10.222057,compliqué,-11.336847,1
2430,S_NOUN_7_ADJ_b,F,S,la bouteille avec les poubelles que j' aime beaucoup n' est pas verte <eos>,12,verte,vert,10,F,P,verte,-8.587608,vert,-10.402153,1
2431,S_NOUN_7_ADJ_b,F,S,la bouteille avec les poubelles que j' aime beaucoup n' est pas bleue <eos>,12,bleue,bleu,10,F,P,bleue,-9.274457,bleu,-10.574194,1
2432,S_NOUN_7_ADJ_b,F,S,la bouteille avec les poubelles que j' aime beaucoup n' est pas noire <eos>,12,noire,noir,10,F,P,noire,-8.872528,noir,-9.39801,1
2433,S_NOUN_7_ADJ_b,F,S,la bouteille avec les poubelles que j' aime beaucoup n' est pas délicate <eos>,12,délicate,délicat,10,F,P,délicate,-11.733742,délicat,-12.917278,1
2434,S_NOUN_7_ADJ_b,F,S,la bouteille avec les poubelles que j' aime beaucoup n' est pas pointue <eos>,12,pointue,pointu,10,F,P,pointue,-12.10681,pointu,-14.071806,1
2435,S_NOUN_7_ADJ_b,F,S,la bouteille avec les poubelles que j' aime beaucoup n' est pas ronde <eos>,12,ronde,rond,10,F,P,ronde,-9.92281,rond,-10.432696,1
2436,S_NOUN_7_ADJ_b,F,S,la bouteille avec les poubelles que j' aime beaucoup n' est pas froide <eos>,12,froide,froid,10,F,P,froide,-9.241408,froid,-12.367656,1
2437,S_NOUN_7_ADJ_b,F,S,la bouteille avec les poubelles que j' aime beaucoup n' est pas chaude <eos>,12,chaude,chaud,10,F,P,chaude,-8.206361,chaud,-12.409163,1
2438,S_NOUN_7_ADJ_b,F,S,la bouteille avec les poubelles que j' aime beaucoup n' est pas importante <eos>,12,importante,important,10,F,P,importante,-8.277939,important,-11.11677,1
2439,S_NOUN_7_ADJ_b,F,S,la bouteille avec les poubelles que j' aime beaucoup n' est pas courte <eos>,12,courte,court,10,F,P,courte,-10.331284,court,-12.542833,1
2440,S_NOUN_7_ADJ_b,F,S,la bouteille avec les poubelles que j' aime beaucoup n' est pas dure <eos>,12,dure,dur,10,F,P,dure,-9.303491,dur,-11.60068,1
2441,S_NOUN_7_ADJ_b,F,S,la bouteille avec les poubelles que j' aime beaucoup n' est pas claire <eos>,12,claire,clair,10,F,P,claire,-5.212208,clair,-8.054678,1
2442,S_NOUN_7_ADJ_b,F,S,la bouteille avec les poubelles que j' aime beaucoup n' est pas intéressante <eos>,12,intéressante,intéressant,10,F,P,intéressante,-8.698253,intéressant,-10.714781,1
2443,S_NOUN_7_ADJ_b,F,S,la bouteille avec les poubelles que j' aime beaucoup n' est pas brillante <eos>,12,brillante,brillant,10,F,P,brillante,-9.168961,brillant,-11.966355,1
2444,S_NOUN_7_ADJ_b,F,S,la bouteille avec les poubelles que j' aime beaucoup n' est pas compliquée <eos>,12,compliquée,compliqué,10,F,P,compliquée,-10.353526,compliqué,-11.311566,1
2445,S_NOUN_7_ADJ_b,F,S,la bouteille avec les chemises que j' aime beaucoup n' est pas verte <eos>,12,verte,vert,10,F,P,verte,-8.830891,vert,-9.738807,1
2446,S_NOUN_7_ADJ_b,F,S,la bouteille avec les chemises que j' aime beaucoup n' est pas bleue <eos>,12,bleue,bleu,10,F,P,bleue,-8.611121,bleu,-9.576582,1
2447,S_NOUN_7_ADJ_b,F,S,la bouteille avec les chemises que j' aime beaucoup n' est pas noire <eos>,12,noire,noir,10,F,P,noire,-8.599885,noir,-8.5915,0
2448,S_NOUN_7_ADJ_b,F,S,la bouteille avec les chemises que j' aime beaucoup n' est pas délicate <eos>,12,délicate,délicat,10,F,P,délicate,-11.907654,délicat,-12.802317,1
2449,S_NOUN_7_ADJ_b,F,S,la bouteille avec les chemises que j' aime beaucoup n' est pas pointue <eos>,12,pointue,pointu,10,F,P,pointue,-11.991215,pointu,-13.898752,1
2450,S_NOUN_7_ADJ_b,F,S,la bouteille avec les chemises que j' aime beaucoup n' est pas ronde <eos>,12,ronde,rond,10,F,P,ronde,-9.446162,rond,-9.975227,1
2451,S_NOUN_7_ADJ_b,F,S,la bouteille avec les chemises que j' aime beaucoup n' est pas froide <eos>,12,froide,froid,10,F,P,froide,-9.555377,froid,-12.058407,1
2452,S_NOUN_7_ADJ_b,F,S,la bouteille avec les chemises que j' aime beaucoup n' est pas chaude <eos>,12,chaude,chaud,10,F,P,chaude,-8.494808,chaud,-11.862643,1
2453,S_NOUN_7_ADJ_b,F,S,la bouteille avec les chemises que j' aime beaucoup n' est pas importante <eos>,12,importante,important,10,F,P,importante,-8.39783,important,-11.090094,1
2454,S_NOUN_7_ADJ_b,F,S,la bouteille avec les chemises que j' aime beaucoup n' est pas courte <eos>,12,courte,court,10,F,P,courte,-9.952051,court,-12.183622,1
2455,S_NOUN_7_ADJ_b,F,S,la bouteille avec les chemises que j' aime beaucoup n' est pas dure <eos>,12,dure,dur,10,F,P,dure,-9.033744,dur,-11.612561,1
2456,S_NOUN_7_ADJ_b,F,S,la bouteille avec les chemises que j' aime beaucoup n' est pas claire <eos>,12,claire,clair,10,F,P,claire,-4.721038,clair,-7.279291,1
2457,S_NOUN_7_ADJ_b,F,S,la bouteille avec les chemises que j' aime beaucoup n' est pas intéressante <eos>,12,intéressante,intéressant,10,F,P,intéressante,-9.105595,intéressant,-10.7535095,1
2458,S_NOUN_7_ADJ_b,F,S,la bouteille avec les chemises que j' aime beaucoup n' est pas brillante <eos>,12,brillante,brillant,10,F,P,brillante,-8.197595,brillant,-10.9353895,1
2459,S_NOUN_7_ADJ_b,F,S,la bouteille avec les chemises que j' aime beaucoup n' est pas compliquée <eos>,12,compliquée,compliqué,10,F,P,compliquée,-10.557297,compliqué,-11.574298,1
2460,S_NOUN_7_ADJ_b,F,S,la bouteille avec les recettes que j' aime beaucoup n' est pas verte <eos>,12,verte,vert,10,F,P,verte,-8.990351,vert,-10.466477,1
2461,S_NOUN_7_ADJ_b,F,S,la bouteille avec les recettes que j' aime beaucoup n' est pas bleue <eos>,12,bleue,bleu,10,F,P,bleue,-9.933729,bleu,-10.73843,1
2462,S_NOUN_7_ADJ_b,F,S,la bouteille avec les recettes que j' aime beaucoup n' est pas noire <eos>,12,noire,noir,10,F,P,noire,-9.0173,noir,-9.318726,1
2463,S_NOUN_7_ADJ_b,F,S,la bouteille avec les recettes que j' aime beaucoup n' est pas délicate <eos>,12,délicate,délicat,10,F,P,délicate,-12.094403,délicat,-12.549188,1
2464,S_NOUN_7_ADJ_b,F,S,la bouteille avec les recettes que j' aime beaucoup n' est pas pointue <eos>,12,pointue,pointu,10,F,P,pointue,-12.910302,pointu,-14.1332855,1
2465,S_NOUN_7_ADJ_b,F,S,la bouteille avec les recettes que j' aime beaucoup n' est pas ronde <eos>,12,ronde,rond,10,F,P,ronde,-9.645207,rond,-10.529999,1
2466,S_NOUN_7_ADJ_b,F,S,la bouteille avec les recettes que j' aime beaucoup n' est pas froide <eos>,12,froide,froid,10,F,P,froide,-9.413099,froid,-12.141335,1
2467,S_NOUN_7_ADJ_b,F,S,la bouteille avec les recettes que j' aime beaucoup n' est pas chaude <eos>,12,chaude,chaud,10,F,P,chaude,-8.35364,chaud,-12.4559,1
2468,S_NOUN_7_ADJ_b,F,S,la bouteille avec les recettes que j' aime beaucoup n' est pas importante <eos>,12,importante,important,10,F,P,importante,-7.5003314,important,-10.348061,1
2469,S_NOUN_7_ADJ_b,F,S,la bouteille avec les recettes que j' aime beaucoup n' est pas courte <eos>,12,courte,court,10,F,P,courte,-10.0902405,court,-11.861879,1
2470,S_NOUN_7_ADJ_b,F,S,la bouteille avec les recettes que j' aime beaucoup n' est pas dure <eos>,12,dure,dur,10,F,P,dure,-9.833085,dur,-12.30148,1
2471,S_NOUN_7_ADJ_b,F,S,la bouteille avec les recettes que j' aime beaucoup n' est pas claire <eos>,12,claire,clair,10,F,P,claire,-5.291866,clair,-7.762551,1
2472,S_NOUN_7_ADJ_b,F,S,la bouteille avec les recettes que j' aime beaucoup n' est pas intéressante <eos>,12,intéressante,intéressant,10,F,P,intéressante,-8.282922,intéressant,-10.622835,1
2473,S_NOUN_7_ADJ_b,F,S,la bouteille avec les recettes que j' aime beaucoup n' est pas brillante <eos>,12,brillante,brillant,10,F,P,brillante,-9.23976,brillant,-11.947557,1
2474,S_NOUN_7_ADJ_b,F,S,la bouteille avec les recettes que j' aime beaucoup n' est pas compliquée <eos>,12,compliquée,compliqué,10,F,P,compliquée,-11.150213,compliqué,-11.243945,1
2475,S_NOUN_7_ADJ_b,F,S,la bouteille avec les jupes que j' aime beaucoup n' est pas verte <eos>,12,verte,vert,10,F,P,verte,-8.872551,vert,-10.068132,1
2476,S_NOUN_7_ADJ_b,F,S,la bouteille avec les jupes que j' aime beaucoup n' est pas bleue <eos>,12,bleue,bleu,10,F,P,bleue,-8.910504,bleu,-9.860339,1
2477,S_NOUN_7_ADJ_b,F,S,la bouteille avec les jupes que j' aime beaucoup n' est pas noire <eos>,12,noire,noir,10,F,P,noire,-8.727366,noir,-8.93708,1
2478,S_NOUN_7_ADJ_b,F,S,la bouteille avec les jupes que j' aime beaucoup n' est pas délicate <eos>,12,délicate,délicat,10,F,P,délicate,-11.2508335,délicat,-12.289862,1
2479,S_NOUN_7_ADJ_b,F,S,la bouteille avec les jupes que j' aime beaucoup n' est pas pointue <eos>,12,pointue,pointu,10,F,P,pointue,-11.499853,pointu,-13.169961,1
2480,S_NOUN_7_ADJ_b,F,S,la bouteille avec les jupes que j' aime beaucoup n' est pas ronde <eos>,12,ronde,rond,10,F,P,ronde,-9.5621605,rond,-9.348086,0
2481,S_NOUN_7_ADJ_b,F,S,la bouteille avec les jupes que j' aime beaucoup n' est pas froide <eos>,12,froide,froid,10,F,P,froide,-10.119976,froid,-12.301572,1
2482,S_NOUN_7_ADJ_b,F,S,la bouteille avec les jupes que j' aime beaucoup n' est pas chaude <eos>,12,chaude,chaud,10,F,P,chaude,-9.077062,chaud,-12.061705,1
2483,S_NOUN_7_ADJ_b,F,S,la bouteille avec les jupes que j' aime beaucoup n' est pas importante <eos>,12,importante,important,10,F,P,importante,-8.450989,important,-11.131644,1
2484,S_NOUN_7_ADJ_b,F,S,la bouteille avec les jupes que j' aime beaucoup n' est pas courte <eos>,12,courte,court,10,F,P,courte,-9.725026,court,-11.692028,1
2485,S_NOUN_7_ADJ_b,F,S,la bouteille avec les jupes que j' aime beaucoup n' est pas dure <eos>,12,dure,dur,10,F,P,dure,-9.142462,dur,-11.908687,1
2486,S_NOUN_7_ADJ_b,F,S,la bouteille avec les jupes que j' aime beaucoup n' est pas claire <eos>,12,claire,clair,10,F,P,claire,-4.549874,clair,-7.2729955,1
2487,S_NOUN_7_ADJ_b,F,S,la bouteille avec les jupes que j' aime beaucoup n' est pas intéressante <eos>,12,intéressante,intéressant,10,F,P,intéressante,-8.938109,intéressant,-10.491711,1
2488,S_NOUN_7_ADJ_b,F,S,la bouteille avec les jupes que j' aime beaucoup n' est pas brillante <eos>,12,brillante,brillant,10,F,P,brillante,-8.430927,brillant,-10.738399,1
2489,S_NOUN_7_ADJ_b,F,S,la bouteille avec les jupes que j' aime beaucoup n' est pas compliquée <eos>,12,compliquée,compliqué,10,F,P,compliquée,-9.938322,compliqué,-10.937347,1
2490,S_NOUN_7_ADJ_b,F,S,la bouteille avec les colles que j' aime beaucoup n' est pas verte <eos>,12,verte,vert,10,F,P,verte,-8.982083,vert,-10.360182,1
2491,S_NOUN_7_ADJ_b,F,S,la bouteille avec les colles que j' aime beaucoup n' est pas bleue <eos>,12,bleue,bleu,10,F,P,bleue,-9.333846,bleu,-10.035717,1
2492,S_NOUN_7_ADJ_b,F,S,la bouteille avec les colles que j' aime beaucoup n' est pas noire <eos>,12,noire,noir,10,F,P,noire,-8.741421,noir,-9.188795,1
2493,S_NOUN_7_ADJ_b,F,S,la bouteille avec les colles que j' aime beaucoup n' est pas délicate <eos>,12,délicate,délicat,10,F,P,délicate,-10.966013,délicat,-12.331706,1
2494,S_NOUN_7_ADJ_b,F,S,la bouteille avec les colles que j' aime beaucoup n' est pas pointue <eos>,12,pointue,pointu,10,F,P,pointue,-12.506566,pointu,-14.759286,1
2495,S_NOUN_7_ADJ_b,F,S,la bouteille avec les colles que j' aime beaucoup n' est pas ronde <eos>,12,ronde,rond,10,F,P,ronde,-9.679884,rond,-10.549568,1
2496,S_NOUN_7_ADJ_b,F,S,la bouteille avec les colles que j' aime beaucoup n' est pas froide <eos>,12,froide,froid,10,F,P,froide,-9.260552,froid,-12.309672,1
2497,S_NOUN_7_ADJ_b,F,S,la bouteille avec les colles que j' aime beaucoup n' est pas chaude <eos>,12,chaude,chaud,10,F,P,chaude,-8.358601,chaud,-12.071954,1
2498,S_NOUN_7_ADJ_b,F,S,la bouteille avec les colles que j' aime beaucoup n' est pas importante <eos>,12,importante,important,10,F,P,importante,-8.126892,important,-11.049226,1
2499,S_NOUN_7_ADJ_b,F,S,la bouteille avec les colles que j' aime beaucoup n' est pas courte <eos>,12,courte,court,10,F,P,courte,-10.614789,court,-13.153092,1
2500,S_NOUN_7_ADJ_b,F,S,la bouteille avec les colles que j' aime beaucoup n' est pas dure <eos>,12,dure,dur,10,F,P,dure,-9.31064,dur,-11.922757,1
2501,S_NOUN_7_ADJ_b,F,S,la bouteille avec les colles que j' aime beaucoup n' est pas claire <eos>,12,claire,clair,10,F,P,claire,-4.762844,clair,-7.603037,1
2502,S_NOUN_7_ADJ_b,F,S,la bouteille avec les colles que j' aime beaucoup n' est pas intéressante <eos>,12,intéressante,intéressant,10,F,P,intéressante,-8.325183,intéressant,-10.57511,1
2503,S_NOUN_7_ADJ_b,F,S,la bouteille avec les colles que j' aime beaucoup n' est pas brillante <eos>,12,brillante,brillant,10,F,P,brillante,-8.376786,brillant,-11.144856,1
2504,S_NOUN_7_ADJ_b,F,S,la bouteille avec les colles que j' aime beaucoup n' est pas compliquée <eos>,12,compliquée,compliqué,10,F,P,compliquée,-10.07885,compliqué,-11.417757,1
2505,S_NOUN_7_ADJ_b,F,S,la bouteille avec les lampes que j' aime beaucoup n' est pas verte <eos>,12,verte,vert,10,F,P,verte,-8.590933,vert,-10.211304,1
2506,S_NOUN_7_ADJ_b,F,S,la bouteille avec les lampes que j' aime beaucoup n' est pas bleue <eos>,12,bleue,bleu,10,F,P,bleue,-8.91608,bleu,-9.725521,1
2507,S_NOUN_7_ADJ_b,F,S,la bouteille avec les lampes que j' aime beaucoup n' est pas noire <eos>,12,noire,noir,10,F,P,noire,-8.68778,noir,-8.973739,1
2508,S_NOUN_7_ADJ_b,F,S,la bouteille avec les lampes que j' aime beaucoup n' est pas délicate <eos>,12,délicate,délicat,10,F,P,délicate,-11.724835,délicat,-12.893681,1
2509,S_NOUN_7_ADJ_b,F,S,la bouteille avec les lampes que j' aime beaucoup n' est pas pointue <eos>,12,pointue,pointu,10,F,P,pointue,-12.793715,pointu,-14.283075,1
2510,S_NOUN_7_ADJ_b,F,S,la bouteille avec les lampes que j' aime beaucoup n' est pas ronde <eos>,12,ronde,rond,10,F,P,ronde,-9.958931,rond,-10.04537,1
2511,S_NOUN_7_ADJ_b,F,S,la bouteille avec les lampes que j' aime beaucoup n' est pas froide <eos>,12,froide,froid,10,F,P,froide,-8.440741,froid,-11.824238,1
2512,S_NOUN_7_ADJ_b,F,S,la bouteille avec les lampes que j' aime beaucoup n' est pas chaude <eos>,12,chaude,chaud,10,F,P,chaude,-7.4553986,chaud,-11.744353,1
2513,S_NOUN_7_ADJ_b,F,S,la bouteille avec les lampes que j' aime beaucoup n' est pas importante <eos>,12,importante,important,10,F,P,importante,-8.20192,important,-11.069424,1
2514,S_NOUN_7_ADJ_b,F,S,la bouteille avec les lampes que j' aime beaucoup n' est pas courte <eos>,12,courte,court,10,F,P,courte,-10.679683,court,-13.036927,1
2515,S_NOUN_7_ADJ_b,F,S,la bouteille avec les lampes que j' aime beaucoup n' est pas dure <eos>,12,dure,dur,10,F,P,dure,-9.649925,dur,-12.109987,1
2516,S_NOUN_7_ADJ_b,F,S,la bouteille avec les lampes que j' aime beaucoup n' est pas claire <eos>,12,claire,clair,10,F,P,claire,-5.36304,clair,-7.81896,1
2517,S_NOUN_7_ADJ_b,F,S,la bouteille avec les lampes que j' aime beaucoup n' est pas intéressante <eos>,12,intéressante,intéressant,10,F,P,intéressante,-8.600508,intéressant,-10.693041,1
2518,S_NOUN_7_ADJ_b,F,S,la bouteille avec les lampes que j' aime beaucoup n' est pas brillante <eos>,12,brillante,brillant,10,F,P,brillante,-8.240747,brillant,-11.411702,1
2519,S_NOUN_7_ADJ_b,F,S,la bouteille avec les lampes que j' aime beaucoup n' est pas compliquée <eos>,12,compliquée,compliqué,10,F,P,compliquée,-10.888199,compliqué,-11.831,1
2520,S_NOUN_7_ADJ_b,F,S,la bouteille avec les bouteilles que j' aime beaucoup n' est pas verte <eos>,12,verte,vert,10,F,P,verte,-9.134178,vert,-10.388537,1
2521,S_NOUN_7_ADJ_b,F,S,la bouteille avec les bouteilles que j' aime beaucoup n' est pas bleue <eos>,12,bleue,bleu,10,F,P,bleue,-9.330688,bleu,-10.508427,1
2522,S_NOUN_7_ADJ_b,F,S,la bouteille avec les bouteilles que j' aime beaucoup n' est pas noire <eos>,12,noire,noir,10,F,P,noire,-9.177697,noir,-9.492657,1
2523,S_NOUN_7_ADJ_b,F,S,la bouteille avec les bouteilles que j' aime beaucoup n' est pas délicate <eos>,12,délicate,délicat,10,F,P,délicate,-12.106015,délicat,-13.048847,1
2524,S_NOUN_7_ADJ_b,F,S,la bouteille avec les bouteilles que j' aime beaucoup n' est pas pointue <eos>,12,pointue,pointu,10,F,P,pointue,-12.841732,pointu,-14.421532,1
2525,S_NOUN_7_ADJ_b,F,S,la bouteille avec les bouteilles que j' aime beaucoup n' est pas ronde <eos>,12,ronde,rond,10,F,P,ronde,-9.7874565,rond,-9.980033,1
2526,S_NOUN_7_ADJ_b,F,S,la bouteille avec les bouteilles que j' aime beaucoup n' est pas froide <eos>,12,froide,froid,10,F,P,froide,-8.966112,froid,-11.64573,1
2527,S_NOUN_7_ADJ_b,F,S,la bouteille avec les bouteilles que j' aime beaucoup n' est pas chaude <eos>,12,chaude,chaud,10,F,P,chaude,-7.7390814,chaud,-11.584877,1
2528,S_NOUN_7_ADJ_b,F,S,la bouteille avec les bouteilles que j' aime beaucoup n' est pas importante <eos>,12,importante,important,10,F,P,importante,-8.414615,important,-10.91032,1
2529,S_NOUN_7_ADJ_b,F,S,la bouteille avec les bouteilles que j' aime beaucoup n' est pas courte <eos>,12,courte,court,10,F,P,courte,-10.57622,court,-12.324984,1
2530,S_NOUN_7_ADJ_b,F,S,la bouteille avec les bouteilles que j' aime beaucoup n' est pas dure <eos>,12,dure,dur,10,F,P,dure,-9.275343,dur,-11.845231,1
2531,S_NOUN_7_ADJ_b,F,S,la bouteille avec les bouteilles que j' aime beaucoup n' est pas claire <eos>,12,claire,clair,10,F,P,claire,-5.195641,clair,-7.9949737,1
2532,S_NOUN_7_ADJ_b,F,S,la bouteille avec les bouteilles que j' aime beaucoup n' est pas intéressante <eos>,12,intéressante,intéressant,10,F,P,intéressante,-8.498837,intéressant,-10.660548,1
2533,S_NOUN_7_ADJ_b,F,S,la bouteille avec les bouteilles que j' aime beaucoup n' est pas brillante <eos>,12,brillante,brillant,10,F,P,brillante,-9.481916,brillant,-12.136782,1
2534,S_NOUN_7_ADJ_b,F,S,la bouteille avec les bouteilles que j' aime beaucoup n' est pas compliquée <eos>,12,compliquée,compliqué,10,F,P,compliquée,-10.469883,compliqué,-11.404857,1
2535,S_NOUN_7_ADJ_b,F,S,la bouteille avec les boissons que j' aime beaucoup n' est pas verte <eos>,12,verte,vert,10,F,P,verte,-9.072033,vert,-10.456123,1
2536,S_NOUN_7_ADJ_b,F,S,la bouteille avec les boissons que j' aime beaucoup n' est pas bleue <eos>,12,bleue,bleu,10,F,P,bleue,-9.5342045,bleu,-10.392993,1
2537,S_NOUN_7_ADJ_b,F,S,la bouteille avec les boissons que j' aime beaucoup n' est pas noire <eos>,12,noire,noir,10,F,P,noire,-8.96385,noir,-9.353509,1
2538,S_NOUN_7_ADJ_b,F,S,la bouteille avec les boissons que j' aime beaucoup n' est pas délicate <eos>,12,délicate,délicat,10,F,P,délicate,-11.64459,délicat,-12.746193,1
2539,S_NOUN_7_ADJ_b,F,S,la bouteille avec les boissons que j' aime beaucoup n' est pas pointue <eos>,12,pointue,pointu,10,F,P,pointue,-13.011793,pointu,-14.985432,1
2540,S_NOUN_7_ADJ_b,F,S,la bouteille avec les boissons que j' aime beaucoup n' est pas ronde <eos>,12,ronde,rond,10,F,P,ronde,-9.140705,rond,-10.496799,1
2541,S_NOUN_7_ADJ_b,F,S,la bouteille avec les boissons que j' aime beaucoup n' est pas froide <eos>,12,froide,froid,10,F,P,froide,-8.756979,froid,-12.038841,1
2542,S_NOUN_7_ADJ_b,F,S,la bouteille avec les boissons que j' aime beaucoup n' est pas chaude <eos>,12,chaude,chaud,10,F,P,chaude,-7.6066046,chaud,-11.785252,1
2543,S_NOUN_7_ADJ_b,F,S,la bouteille avec les boissons que j' aime beaucoup n' est pas importante <eos>,12,importante,important,10,F,P,importante,-8.0474825,important,-11.1440525,1
2544,S_NOUN_7_ADJ_b,F,S,la bouteille avec les boissons que j' aime beaucoup n' est pas courte <eos>,12,courte,court,10,F,P,courte,-10.366816,court,-12.839212,1
2545,S_NOUN_7_ADJ_b,F,S,la bouteille avec les boissons que j' aime beaucoup n' est pas dure <eos>,12,dure,dur,10,F,P,dure,-9.3042555,dur,-12.103031,1
2546,S_NOUN_7_ADJ_b,F,S,la bouteille avec les boissons que j' aime beaucoup n' est pas claire <eos>,12,claire,clair,10,F,P,claire,-5.045551,clair,-7.879625,1
2547,S_NOUN_7_ADJ_b,F,S,la bouteille avec les boissons que j' aime beaucoup n' est pas intéressante <eos>,12,intéressante,intéressant,10,F,P,intéressante,-8.505248,intéressant,-11.037737,1
2548,S_NOUN_7_ADJ_b,F,S,la bouteille avec les boissons que j' aime beaucoup n' est pas brillante <eos>,12,brillante,brillant,10,F,P,brillante,-8.939291,brillant,-12.099712,1
2549,S_NOUN_7_ADJ_b,F,S,la bouteille avec les boissons que j' aime beaucoup n' est pas compliquée <eos>,12,compliquée,compliqué,10,F,P,compliquée,-10.606214,compliqué,-11.7969885,1
2550,S_NOUN_7_ADJ_b,F,S,la bouteille avec les pommes que j' aime beaucoup n' est pas verte <eos>,12,verte,vert,10,F,P,verte,-8.613504,vert,-9.870985,1
2551,S_NOUN_7_ADJ_b,F,S,la bouteille avec les pommes que j' aime beaucoup n' est pas bleue <eos>,12,bleue,bleu,10,F,P,bleue,-8.953163,bleu,-9.997433,1
2552,S_NOUN_7_ADJ_b,F,S,la bouteille avec les pommes que j' aime beaucoup n' est pas noire <eos>,12,noire,noir,10,F,P,noire,-8.53389,noir,-9.085518,1
2553,S_NOUN_7_ADJ_b,F,S,la bouteille avec les pommes que j' aime beaucoup n' est pas délicate <eos>,12,délicate,délicat,10,F,P,délicate,-11.095972,délicat,-12.552624,1
2554,S_NOUN_7_ADJ_b,F,S,la bouteille avec les pommes que j' aime beaucoup n' est pas pointue <eos>,12,pointue,pointu,10,F,P,pointue,-12.051222,pointu,-14.477732,1
2555,S_NOUN_7_ADJ_b,F,S,la bouteille avec les pommes que j' aime beaucoup n' est pas ronde <eos>,12,ronde,rond,10,F,P,ronde,-9.132999,rond,-10.156418,1
2556,S_NOUN_7_ADJ_b,F,S,la bouteille avec les pommes que j' aime beaucoup n' est pas froide <eos>,12,froide,froid,10,F,P,froide,-8.177144,froid,-12.062098,1
2557,S_NOUN_7_ADJ_b,F,S,la bouteille avec les pommes que j' aime beaucoup n' est pas chaude <eos>,12,chaude,chaud,10,F,P,chaude,-7.478881,chaud,-11.588057,1
2558,S_NOUN_7_ADJ_b,F,S,la bouteille avec les pommes que j' aime beaucoup n' est pas importante <eos>,12,importante,important,10,F,P,importante,-8.1636715,important,-11.5268955,1
2559,S_NOUN_7_ADJ_b,F,S,la bouteille avec les pommes que j' aime beaucoup n' est pas courte <eos>,12,courte,court,10,F,P,courte,-10.066297,court,-12.520603,1
2560,S_NOUN_7_ADJ_b,F,S,la bouteille avec les pommes que j' aime beaucoup n' est pas dure <eos>,12,dure,dur,10,F,P,dure,-8.760428,dur,-11.34575,1
2561,S_NOUN_7_ADJ_b,F,S,la bouteille avec les pommes que j' aime beaucoup n' est pas claire <eos>,12,claire,clair,10,F,P,claire,-4.871821,clair,-7.688829,1
2562,S_NOUN_7_ADJ_b,F,S,la bouteille avec les pommes que j' aime beaucoup n' est pas intéressante <eos>,12,intéressante,intéressant,10,F,P,intéressante,-8.186857,intéressant,-11.049555,1
2563,S_NOUN_7_ADJ_b,F,S,la bouteille avec les pommes que j' aime beaucoup n' est pas brillante <eos>,12,brillante,brillant,10,F,P,brillante,-8.358187,brillant,-11.884618,1
2564,S_NOUN_7_ADJ_b,F,S,la bouteille avec les pommes que j' aime beaucoup n' est pas compliquée <eos>,12,compliquée,compliqué,10,F,P,compliquée,-10.282678,compliqué,-11.399386,1
2565,S_NOUN_7_ADJ_b,F,S,la bouteille avec les tasses que j' aime beaucoup n' est pas verte <eos>,12,verte,vert,10,F,P,verte,-9.182821,vert,-10.563625,1
2566,S_NOUN_7_ADJ_b,F,S,la bouteille avec les tasses que j' aime beaucoup n' est pas bleue <eos>,12,bleue,bleu,10,F,P,bleue,-9.516155,bleu,-10.637017,1
2567,S_NOUN_7_ADJ_b,F,S,la bouteille avec les tasses que j' aime beaucoup n' est pas noire <eos>,12,noire,noir,10,F,P,noire,-9.253724,noir,-9.956465,1
2568,S_NOUN_7_ADJ_b,F,S,la bouteille avec les tasses que j' aime beaucoup n' est pas délicate <eos>,12,délicate,délicat,10,F,P,délicate,-11.413847,délicat,-12.308912,1
2569,S_NOUN_7_ADJ_b,F,S,la bouteille avec les tasses que j' aime beaucoup n' est pas pointue <eos>,12,pointue,pointu,10,F,P,pointue,-11.886375,pointu,-14.0484915,1
2570,S_NOUN_7_ADJ_b,F,S,la bouteille avec les tasses que j' aime beaucoup n' est pas ronde <eos>,12,ronde,rond,10,F,P,ronde,-8.817951,rond,-9.955964,1
2571,S_NOUN_7_ADJ_b,F,S,la bouteille avec les tasses que j' aime beaucoup n' est pas froide <eos>,12,froide,froid,10,F,P,froide,-8.725459,froid,-11.651684,1
2572,S_NOUN_7_ADJ_b,F,S,la bouteille avec les tasses que j' aime beaucoup n' est pas chaude <eos>,12,chaude,chaud,10,F,P,chaude,-7.3907785,chaud,-11.234608,1
2573,S_NOUN_7_ADJ_b,F,S,la bouteille avec les tasses que j' aime beaucoup n' est pas importante <eos>,12,importante,important,10,F,P,importante,-8.121201,important,-11.158722,1
2574,S_NOUN_7_ADJ_b,F,S,la bouteille avec les tasses que j' aime beaucoup n' est pas courte <eos>,12,courte,court,10,F,P,courte,-10.416016,court,-12.72525,1
2575,S_NOUN_7_ADJ_b,F,S,la bouteille avec les tasses que j' aime beaucoup n' est pas dure <eos>,12,dure,dur,10,F,P,dure,-9.171343,dur,-11.854987,1
2576,S_NOUN_7_ADJ_b,F,S,la bouteille avec les tasses que j' aime beaucoup n' est pas claire <eos>,12,claire,clair,10,F,P,claire,-5.3489676,clair,-8.047777,1
2577,S_NOUN_7_ADJ_b,F,S,la bouteille avec les tasses que j' aime beaucoup n' est pas intéressante <eos>,12,intéressante,intéressant,10,F,P,intéressante,-8.248561,intéressant,-10.797375,1
2578,S_NOUN_7_ADJ_b,F,S,la bouteille avec les tasses que j' aime beaucoup n' est pas brillante <eos>,12,brillante,brillant,10,F,P,brillante,-8.542474,brillant,-11.286142,1
2579,S_NOUN_7_ADJ_b,F,S,la bouteille avec les tasses que j' aime beaucoup n' est pas compliquée <eos>,12,compliquée,compliqué,10,F,P,compliquée,-10.313667,compliqué,-11.267168,1
2580,S_NOUN_7_ADJ_b,F,S,la bouteille avec les bougies que j' aime beaucoup n' est pas verte <eos>,12,verte,vert,10,F,P,verte,-8.751285,vert,-10.035079,1
2581,S_NOUN_7_ADJ_b,F,S,la bouteille avec les bougies que j' aime beaucoup n' est pas bleue <eos>,12,bleue,bleu,10,F,P,bleue,-9.177891,bleu,-9.808528,1
2582,S_NOUN_7_ADJ_b,F,S,la bouteille avec les bougies que j' aime beaucoup n' est pas noire <eos>,12,noire,noir,10,F,P,noire,-8.667707,noir,-9.188228,1
2583,S_NOUN_7_ADJ_b,F,S,la bouteille avec les bougies que j' aime beaucoup n' est pas délicate <eos>,12,délicate,délicat,10,F,P,délicate,-11.701038,délicat,-12.631681,1
2584,S_NOUN_7_ADJ_b,F,S,la bouteille avec les bougies que j' aime beaucoup n' est pas pointue <eos>,12,pointue,pointu,10,F,P,pointue,-12.309149,pointu,-14.163828,1
2585,S_NOUN_7_ADJ_b,F,S,la bouteille avec les bougies que j' aime beaucoup n' est pas ronde <eos>,12,ronde,rond,10,F,P,ronde,-9.159439,rond,-9.775221,1
2586,S_NOUN_7_ADJ_b,F,S,la bouteille avec les bougies que j' aime beaucoup n' est pas froide <eos>,12,froide,froid,10,F,P,froide,-8.812637,froid,-11.957605,1
2587,S_NOUN_7_ADJ_b,F,S,la bouteille avec les bougies que j' aime beaucoup n' est pas chaude <eos>,12,chaude,chaud,10,F,P,chaude,-7.818349,chaud,-11.752789,1
2588,S_NOUN_7_ADJ_b,F,S,la bouteille avec les bougies que j' aime beaucoup n' est pas importante <eos>,12,importante,important,10,F,P,importante,-8.375798,important,-11.211008,1
2589,S_NOUN_7_ADJ_b,F,S,la bouteille avec les bougies que j' aime beaucoup n' est pas courte <eos>,12,courte,court,10,F,P,courte,-10.374832,court,-12.787076,1
2590,S_NOUN_7_ADJ_b,F,S,la bouteille avec les bougies que j' aime beaucoup n' est pas dure <eos>,12,dure,dur,10,F,P,dure,-9.412394,dur,-11.8792305,1
2591,S_NOUN_7_ADJ_b,F,S,la bouteille avec les bougies que j' aime beaucoup n' est pas claire <eos>,12,claire,clair,10,F,P,claire,-5.296243,clair,-7.6681437,1
2592,S_NOUN_7_ADJ_b,F,S,la bouteille avec les bougies que j' aime beaucoup n' est pas intéressante <eos>,12,intéressante,intéressant,10,F,P,intéressante,-9.071026,intéressant,-11.034811,1
2593,S_NOUN_7_ADJ_b,F,S,la bouteille avec les bougies que j' aime beaucoup n' est pas brillante <eos>,12,brillante,brillant,10,F,P,brillante,-8.856352,brillant,-11.668335,1
2594,S_NOUN_7_ADJ_b,F,S,la bouteille avec les bougies que j' aime beaucoup n' est pas compliquée <eos>,12,compliquée,compliqué,10,F,P,compliquée,-10.969346,compliqué,-11.54654,1
2595,S_NOUN_7_ADJ_b,F,S,la bouteille avec les pochettes que j' aime beaucoup n' est pas verte <eos>,12,verte,vert,10,F,P,verte,-9.208373,vert,-10.085011,1
2596,S_NOUN_7_ADJ_b,F,S,la bouteille avec les pochettes que j' aime beaucoup n' est pas bleue <eos>,12,bleue,bleu,10,F,P,bleue,-8.301819,bleu,-9.746664,1
2597,S_NOUN_7_ADJ_b,F,S,la bouteille avec les pochettes que j' aime beaucoup n' est pas noire <eos>,12,noire,noir,10,F,P,noire,-8.4560995,noir,-8.349281,0
2598,S_NOUN_7_ADJ_b,F,S,la bouteille avec les pochettes que j' aime beaucoup n' est pas délicate <eos>,12,délicate,délicat,10,F,P,délicate,-12.316532,délicat,-13.615244,1
2599,S_NOUN_7_ADJ_b,F,S,la bouteille avec les pochettes que j' aime beaucoup n' est pas pointue <eos>,12,pointue,pointu,10,F,P,pointue,-12.626552,pointu,-14.035306,1
2600,S_NOUN_7_ADJ_b,F,S,la bouteille avec les pochettes que j' aime beaucoup n' est pas ronde <eos>,12,ronde,rond,10,F,P,ronde,-9.988234,rond,-9.828676,0
2601,S_NOUN_7_ADJ_b,F,S,la bouteille avec les pochettes que j' aime beaucoup n' est pas froide <eos>,12,froide,froid,10,F,P,froide,-10.661873,froid,-13.103413,1
2602,S_NOUN_7_ADJ_b,F,S,la bouteille avec les pochettes que j' aime beaucoup n' est pas chaude <eos>,12,chaude,chaud,10,F,P,chaude,-9.2914715,chaud,-13.351006,1
2603,S_NOUN_7_ADJ_b,F,S,la bouteille avec les pochettes que j' aime beaucoup n' est pas importante <eos>,12,importante,important,10,F,P,importante,-8.113091,important,-10.896887,1
2604,S_NOUN_7_ADJ_b,F,S,la bouteille avec les pochettes que j' aime beaucoup n' est pas courte <eos>,12,courte,court,10,F,P,courte,-9.881628,court,-12.103998,1
2605,S_NOUN_7_ADJ_b,F,S,la bouteille avec les pochettes que j' aime beaucoup n' est pas dure <eos>,12,dure,dur,10,F,P,dure,-8.82816,dur,-10.9123745,1
2606,S_NOUN_7_ADJ_b,F,S,la bouteille avec les pochettes que j' aime beaucoup n' est pas claire <eos>,12,claire,clair,10,F,P,claire,-4.759893,clair,-7.215405,1
2607,S_NOUN_7_ADJ_b,F,S,la bouteille avec les pochettes que j' aime beaucoup n' est pas intéressante <eos>,12,intéressante,intéressant,10,F,P,intéressante,-8.075533,intéressant,-10.676562,1
2608,S_NOUN_7_ADJ_b,F,S,la bouteille avec les pochettes que j' aime beaucoup n' est pas brillante <eos>,12,brillante,brillant,10,F,P,brillante,-9.156889,brillant,-12.0219,1
2609,S_NOUN_7_ADJ_b,F,S,la bouteille avec les pochettes que j' aime beaucoup n' est pas compliquée <eos>,12,compliquée,compliqué,10,F,P,compliquée,-10.495437,compliqué,-11.627349,1
2610,S_NOUN_7_ADJ_b,F,S,la bouteille avec les bananes que j' aime beaucoup n' est pas verte <eos>,12,verte,vert,10,F,P,verte,-8.4088,vert,-9.850465,1
2611,S_NOUN_7_ADJ_b,F,S,la bouteille avec les bananes que j' aime beaucoup n' est pas bleue <eos>,12,bleue,bleu,10,F,P,bleue,-8.918856,bleu,-10.067937,1
2612,S_NOUN_7_ADJ_b,F,S,la bouteille avec les bananes que j' aime beaucoup n' est pas noire <eos>,12,noire,noir,10,F,P,noire,-8.424215,noir,-9.054119,1
2613,S_NOUN_7_ADJ_b,F,S,la bouteille avec les bananes que j' aime beaucoup n' est pas délicate <eos>,12,délicate,délicat,10,F,P,délicate,-11.668292,délicat,-12.88304,1
2614,S_NOUN_7_ADJ_b,F,S,la bouteille avec les bananes que j' aime beaucoup n' est pas pointue <eos>,12,pointue,pointu,10,F,P,pointue,-12.052875,pointu,-13.814309,1
2615,S_NOUN_7_ADJ_b,F,S,la bouteille avec les bananes que j' aime beaucoup n' est pas ronde <eos>,12,ronde,rond,10,F,P,ronde,-9.03458,rond,-9.941519,1
2616,S_NOUN_7_ADJ_b,F,S,la bouteille avec les bananes que j' aime beaucoup n' est pas froide <eos>,12,froide,froid,10,F,P,froide,-8.360733,froid,-12.323167,1
2617,S_NOUN_7_ADJ_b,F,S,la bouteille avec les bananes que j' aime beaucoup n' est pas chaude <eos>,12,chaude,chaud,10,F,P,chaude,-7.5745983,chaud,-11.86829,1
2618,S_NOUN_7_ADJ_b,F,S,la bouteille avec les bananes que j' aime beaucoup n' est pas importante <eos>,12,importante,important,10,F,P,importante,-8.209898,important,-11.331116,1
2619,S_NOUN_7_ADJ_b,F,S,la bouteille avec les bananes que j' aime beaucoup n' est pas courte <eos>,12,courte,court,10,F,P,courte,-9.932762,court,-12.484884,1
2620,S_NOUN_7_ADJ_b,F,S,la bouteille avec les bananes que j' aime beaucoup n' est pas dure <eos>,12,dure,dur,10,F,P,dure,-8.66609,dur,-10.997887,1
2621,S_NOUN_7_ADJ_b,F,S,la bouteille avec les bananes que j' aime beaucoup n' est pas claire <eos>,12,claire,clair,10,F,P,claire,-5.194556,clair,-7.3532333,1
2622,S_NOUN_7_ADJ_b,F,S,la bouteille avec les bananes que j' aime beaucoup n' est pas intéressante <eos>,12,intéressante,intéressant,10,F,P,intéressante,-8.321049,intéressant,-11.172341,1
2623,S_NOUN_7_ADJ_b,F,S,la bouteille avec les bananes que j' aime beaucoup n' est pas brillante <eos>,12,brillante,brillant,10,F,P,brillante,-8.290386,brillant,-11.328488,1
2624,S_NOUN_7_ADJ_b,F,S,la bouteille avec les bananes que j' aime beaucoup n' est pas compliquée <eos>,12,compliquée,compliqué,10,F,P,compliquée,-10.430878,compliqué,-11.237997,1
2625,S_NOUN_7_ADJ_b,F,S,la bouteille avec les robes que j' aime beaucoup n' est pas verte <eos>,12,verte,vert,10,F,P,verte,-8.642147,vert,-9.718315,1
2626,S_NOUN_7_ADJ_b,F,S,la bouteille avec les robes que j' aime beaucoup n' est pas bleue <eos>,12,bleue,bleu,10,F,P,bleue,-8.461967,bleu,-9.259558,1
2627,S_NOUN_7_ADJ_b,F,S,la bouteille avec les robes que j' aime beaucoup n' est pas noire <eos>,12,noire,noir,10,F,P,noire,-8.135717,noir,-8.317139,1
2628,S_NOUN_7_ADJ_b,F,S,la bouteille avec les robes que j' aime beaucoup n' est pas délicate <eos>,12,délicate,délicat,10,F,P,délicate,-11.186288,délicat,-12.209861,1
2629,S_NOUN_7_ADJ_b,F,S,la bouteille avec les robes que j' aime beaucoup n' est pas pointue <eos>,12,pointue,pointu,10,F,P,pointue,-12.233318,pointu,-13.793387,1
2630,S_NOUN_7_ADJ_b,F,S,la bouteille avec les robes que j' aime beaucoup n' est pas ronde <eos>,12,ronde,rond,10,F,P,ronde,-9.333615,rond,-9.853612,1
2631,S_NOUN_7_ADJ_b,F,S,la bouteille avec les robes que j' aime beaucoup n' est pas froide <eos>,12,froide,froid,10,F,P,froide,-10.025461,froid,-12.518288,1
2632,S_NOUN_7_ADJ_b,F,S,la bouteille avec les robes que j' aime beaucoup n' est pas chaude <eos>,12,chaude,chaud,10,F,P,chaude,-9.273492,chaud,-12.095403,1
2633,S_NOUN_7_ADJ_b,F,S,la bouteille avec les robes que j' aime beaucoup n' est pas importante <eos>,12,importante,important,10,F,P,importante,-8.014508,important,-10.860695,1
2634,S_NOUN_7_ADJ_b,F,S,la bouteille avec les robes que j' aime beaucoup n' est pas courte <eos>,12,courte,court,10,F,P,courte,-10.105772,court,-12.428776,1
2635,S_NOUN_7_ADJ_b,F,S,la bouteille avec les robes que j' aime beaucoup n' est pas dure <eos>,12,dure,dur,10,F,P,dure,-9.551026,dur,-12.002344,1
2636,S_NOUN_7_ADJ_b,F,S,la bouteille avec les robes que j' aime beaucoup n' est pas claire <eos>,12,claire,clair,10,F,P,claire,-4.277425,clair,-6.7483473,1
2637,S_NOUN_7_ADJ_b,F,S,la bouteille avec les robes que j' aime beaucoup n' est pas intéressante <eos>,12,intéressante,intéressant,10,F,P,intéressante,-8.956998,intéressant,-10.741858,1
2638,S_NOUN_7_ADJ_b,F,S,la bouteille avec les robes que j' aime beaucoup n' est pas brillante <eos>,12,brillante,brillant,10,F,P,brillante,-8.349186,brillant,-10.983693,1
2639,S_NOUN_7_ADJ_b,F,S,la bouteille avec les robes que j' aime beaucoup n' est pas compliquée <eos>,12,compliquée,compliqué,10,F,P,compliquée,-10.426533,compliqué,-11.613504,1
2640,S_NOUN_7_ADJ_b,F,S,la bouteille avec les valises que j' aime beaucoup n' est pas verte <eos>,12,verte,vert,10,F,P,verte,-9.259466,vert,-10.932773,1
2641,S_NOUN_7_ADJ_b,F,S,la bouteille avec les valises que j' aime beaucoup n' est pas bleue <eos>,12,bleue,bleu,10,F,P,bleue,-8.807934,bleu,-10.668983,1
2642,S_NOUN_7_ADJ_b,F,S,la bouteille avec les valises que j' aime beaucoup n' est pas noire <eos>,12,noire,noir,10,F,P,noire,-9.111379,noir,-9.509535,1
2643,S_NOUN_7_ADJ_b,F,S,la bouteille avec les valises que j' aime beaucoup n' est pas délicate <eos>,12,délicate,délicat,10,F,P,délicate,-11.779733,délicat,-13.600786,1
2644,S_NOUN_7_ADJ_b,F,S,la bouteille avec les valises que j' aime beaucoup n' est pas pointue <eos>,12,pointue,pointu,10,F,P,pointue,-12.297123,pointu,-14.736565,1
2645,S_NOUN_7_ADJ_b,F,S,la bouteille avec les valises que j' aime beaucoup n' est pas ronde <eos>,12,ronde,rond,10,F,P,ronde,-9.41294,rond,-10.31109,1
2646,S_NOUN_7_ADJ_b,F,S,la bouteille avec les valises que j' aime beaucoup n' est pas froide <eos>,12,froide,froid,10,F,P,froide,-9.425804,froid,-12.249809,1
2647,S_NOUN_7_ADJ_b,F,S,la bouteille avec les valises que j' aime beaucoup n' est pas chaude <eos>,12,chaude,chaud,10,F,P,chaude,-7.7743926,chaud,-11.893284,1
2648,S_NOUN_7_ADJ_b,F,S,la bouteille avec les valises que j' aime beaucoup n' est pas importante <eos>,12,importante,important,10,F,P,importante,-8.053945,important,-11.370302,1
2649,S_NOUN_7_ADJ_b,F,S,la bouteille avec les valises que j' aime beaucoup n' est pas courte <eos>,12,courte,court,10,F,P,courte,-10.385938,court,-12.664909,1
2650,S_NOUN_7_ADJ_b,F,S,la bouteille avec les valises que j' aime beaucoup n' est pas dure <eos>,12,dure,dur,10,F,P,dure,-9.073821,dur,-12.204381,1
2651,S_NOUN_7_ADJ_b,F,S,la bouteille avec les valises que j' aime beaucoup n' est pas claire <eos>,12,claire,clair,10,F,P,claire,-5.202466,clair,-8.020939,1
2652,S_NOUN_7_ADJ_b,F,S,la bouteille avec les valises que j' aime beaucoup n' est pas intéressante <eos>,12,intéressante,intéressant,10,F,P,intéressante,-8.158136,intéressant,-11.171366,1
2653,S_NOUN_7_ADJ_b,F,S,la bouteille avec les valises que j' aime beaucoup n' est pas brillante <eos>,12,brillante,brillant,10,F,P,brillante,-8.694965,brillant,-11.915564,1
2654,S_NOUN_7_ADJ_b,F,S,la bouteille avec les valises que j' aime beaucoup n' est pas compliquée <eos>,12,compliquée,compliqué,10,F,P,compliquée,-9.932991,compliqué,-11.702543,1
2655,S_NOUN_7_ADJ_b,F,S,la bouteille avec les pendules que j' aime beaucoup n' est pas verte <eos>,12,verte,vert,10,F,P,verte,-9.178397,vert,-10.5637455,1
2656,S_NOUN_7_ADJ_b,F,S,la bouteille avec les pendules que j' aime beaucoup n' est pas bleue <eos>,12,bleue,bleu,10,F,P,bleue,-9.295116,bleu,-10.086763,1
2657,S_NOUN_7_ADJ_b,F,S,la bouteille avec les pendules que j' aime beaucoup n' est pas noire <eos>,12,noire,noir,10,F,P,noire,-8.824094,noir,-9.001512,1
2658,S_NOUN_7_ADJ_b,F,S,la bouteille avec les pendules que j' aime beaucoup n' est pas délicate <eos>,12,délicate,délicat,10,F,P,délicate,-11.43356,délicat,-12.393056,1
2659,S_NOUN_7_ADJ_b,F,S,la bouteille avec les pendules que j' aime beaucoup n' est pas pointue <eos>,12,pointue,pointu,10,F,P,pointue,-13.031634,pointu,-14.457369,1
2660,S_NOUN_7_ADJ_b,F,S,la bouteille avec les pendules que j' aime beaucoup n' est pas ronde <eos>,12,ronde,rond,10,F,P,ronde,-10.263638,rond,-10.205301,0
2661,S_NOUN_7_ADJ_b,F,S,la bouteille avec les pendules que j' aime beaucoup n' est pas froide <eos>,12,froide,froid,10,F,P,froide,-9.014123,froid,-11.91905,1
2662,S_NOUN_7_ADJ_b,F,S,la bouteille avec les pendules que j' aime beaucoup n' est pas chaude <eos>,12,chaude,chaud,10,F,P,chaude,-7.8636336,chaud,-11.831743,1
2663,S_NOUN_7_ADJ_b,F,S,la bouteille avec les pendules que j' aime beaucoup n' est pas importante <eos>,12,importante,important,10,F,P,importante,-8.203281,important,-10.771919,1
2664,S_NOUN_7_ADJ_b,F,S,la bouteille avec les pendules que j' aime beaucoup n' est pas courte <eos>,12,courte,court,10,F,P,courte,-10.738056,court,-12.786079,1
2665,S_NOUN_7_ADJ_b,F,S,la bouteille avec les pendules que j' aime beaucoup n' est pas dure <eos>,12,dure,dur,10,F,P,dure,-9.492659,dur,-11.998694,1
2666,S_NOUN_7_ADJ_b,F,S,la bouteille avec les pendules que j' aime beaucoup n' est pas claire <eos>,12,claire,clair,10,F,P,claire,-5.250512,clair,-7.8863173,1
2667,S_NOUN_7_ADJ_b,F,S,la bouteille avec les pendules que j' aime beaucoup n' est pas intéressante <eos>,12,intéressante,intéressant,10,F,P,intéressante,-8.59818,intéressant,-10.418881,1
2668,S_NOUN_7_ADJ_b,F,S,la bouteille avec les pendules que j' aime beaucoup n' est pas brillante <eos>,12,brillante,brillant,10,F,P,brillante,-8.487656,brillant,-11.360329,1
2669,S_NOUN_7_ADJ_b,F,S,la bouteille avec les pendules que j' aime beaucoup n' est pas compliquée <eos>,12,compliquée,compliqué,10,F,P,compliquée,-10.468792,compliqué,-11.294644,1
2670,S_NOUN_7_ADJ_b,F,S,la bouteille avec les cloches que j' aime beaucoup n' est pas verte <eos>,12,verte,vert,10,F,P,verte,-9.483364,vert,-10.62495,1
2671,S_NOUN_7_ADJ_b,F,S,la bouteille avec les cloches que j' aime beaucoup n' est pas bleue <eos>,12,bleue,bleu,10,F,P,bleue,-9.741955,bleu,-10.447529,1
2672,S_NOUN_7_ADJ_b,F,S,la bouteille avec les cloches que j' aime beaucoup n' est pas noire <eos>,12,noire,noir,10,F,P,noire,-9.146152,noir,-9.560796,1
2673,S_NOUN_7_ADJ_b,F,S,la bouteille avec les cloches que j' aime beaucoup n' est pas délicate <eos>,12,délicate,délicat,10,F,P,délicate,-11.711718,délicat,-12.721899,1
2674,S_NOUN_7_ADJ_b,F,S,la bouteille avec les cloches que j' aime beaucoup n' est pas pointue <eos>,12,pointue,pointu,10,F,P,pointue,-11.820705,pointu,-14.107435,1
2675,S_NOUN_7_ADJ_b,F,S,la bouteille avec les cloches que j' aime beaucoup n' est pas ronde <eos>,12,ronde,rond,10,F,P,ronde,-9.469838,rond,-10.053404,1
2676,S_NOUN_7_ADJ_b,F,S,la bouteille avec les cloches que j' aime beaucoup n' est pas froide <eos>,12,froide,froid,10,F,P,froide,-9.548745,froid,-12.349827,1
2677,S_NOUN_7_ADJ_b,F,S,la bouteille avec les cloches que j' aime beaucoup n' est pas chaude <eos>,12,chaude,chaud,10,F,P,chaude,-8.331435,chaud,-12.137896,1
2678,S_NOUN_7_ADJ_b,F,S,la bouteille avec les cloches que j' aime beaucoup n' est pas importante <eos>,12,importante,important,10,F,P,importante,-8.013371,important,-11.017784,1
2679,S_NOUN_7_ADJ_b,F,S,la bouteille avec les cloches que j' aime beaucoup n' est pas courte <eos>,12,courte,court,10,F,P,courte,-10.201052,court,-12.51973,1
2680,S_NOUN_7_ADJ_b,F,S,la bouteille avec les cloches que j' aime beaucoup n' est pas dure <eos>,12,dure,dur,10,F,P,dure,-9.503986,dur,-12.011421,1
2681,S_NOUN_7_ADJ_b,F,S,la bouteille avec les cloches que j' aime beaucoup n' est pas claire <eos>,12,claire,clair,10,F,P,claire,-5.533849,clair,-7.8549585,1
2682,S_NOUN_7_ADJ_b,F,S,la bouteille avec les cloches que j' aime beaucoup n' est pas intéressante <eos>,12,intéressante,intéressant,10,F,P,intéressante,-8.361256,intéressant,-10.422638,1
2683,S_NOUN_7_ADJ_b,F,S,la bouteille avec les cloches que j' aime beaucoup n' est pas brillante <eos>,12,brillante,brillant,10,F,P,brillante,-8.924797,brillant,-12.018168,1
2684,S_NOUN_7_ADJ_b,F,S,la bouteille avec les cloches que j' aime beaucoup n' est pas compliquée <eos>,12,compliquée,compliqué,10,F,P,compliquée,-10.576099,compliqué,-11.48456,1
2685,S_NOUN_7_ADJ_b,F,S,la bouteille avec les cerises que j' aime beaucoup n' est pas verte <eos>,12,verte,vert,10,F,P,verte,-8.868062,vert,-9.761269,1
2686,S_NOUN_7_ADJ_b,F,S,la bouteille avec les cerises que j' aime beaucoup n' est pas bleue <eos>,12,bleue,bleu,10,F,P,bleue,-9.042919,bleu,-9.743982,1
2687,S_NOUN_7_ADJ_b,F,S,la bouteille avec les cerises que j' aime beaucoup n' est pas noire <eos>,12,noire,noir,10,F,P,noire,-8.781567,noir,-8.827248,1
2688,S_NOUN_7_ADJ_b,F,S,la bouteille avec les cerises que j' aime beaucoup n' est pas délicate <eos>,12,délicate,délicat,10,F,P,délicate,-11.49484,délicat,-12.360178,1
2689,S_NOUN_7_ADJ_b,F,S,la bouteille avec les cerises que j' aime beaucoup n' est pas pointue <eos>,12,pointue,pointu,10,F,P,pointue,-12.564772,pointu,-14.050417,1
2690,S_NOUN_7_ADJ_b,F,S,la bouteille avec les cerises que j' aime beaucoup n' est pas ronde <eos>,12,ronde,rond,10,F,P,ronde,-9.357463,rond,-9.406179,1
2691,S_NOUN_7_ADJ_b,F,S,la bouteille avec les cerises que j' aime beaucoup n' est pas froide <eos>,12,froide,froid,10,F,P,froide,-8.569293,froid,-11.449831,1
2692,S_NOUN_7_ADJ_b,F,S,la bouteille avec les cerises que j' aime beaucoup n' est pas chaude <eos>,12,chaude,chaud,10,F,P,chaude,-7.940209,chaud,-11.282331,1
2693,S_NOUN_7_ADJ_b,F,S,la bouteille avec les cerises que j' aime beaucoup n' est pas importante <eos>,12,importante,important,10,F,P,importante,-8.300629,important,-11.014458,1
2694,S_NOUN_7_ADJ_b,F,S,la bouteille avec les cerises que j' aime beaucoup n' est pas courte <eos>,12,courte,court,10,F,P,courte,-10.399976,court,-12.2807455,1
2695,S_NOUN_7_ADJ_b,F,S,la bouteille avec les cerises que j' aime beaucoup n' est pas dure <eos>,12,dure,dur,10,F,P,dure,-9.081125,dur,-11.586783,1
2696,S_NOUN_7_ADJ_b,F,S,la bouteille avec les cerises que j' aime beaucoup n' est pas claire <eos>,12,claire,clair,10,F,P,claire,-4.972074,clair,-7.2891154,1
2697,S_NOUN_7_ADJ_b,F,S,la bouteille avec les cerises que j' aime beaucoup n' est pas intéressante <eos>,12,intéressante,intéressant,10,F,P,intéressante,-8.422633,intéressant,-10.539293,1
2698,S_NOUN_7_ADJ_b,F,S,la bouteille avec les cerises que j' aime beaucoup n' est pas brillante <eos>,12,brillante,brillant,10,F,P,brillante,-8.609622,brillant,-11.280688,1
2699,S_NOUN_7_ADJ_b,F,S,la bouteille avec les cerises que j' aime beaucoup n' est pas compliquée <eos>,12,compliquée,compliqué,10,F,P,compliquée,-10.504926,compliqué,-11.2819395,1
2700,S_NOUN_7_ADJ_b,F,S,la boisson avec les gemmes que j' aime beaucoup n' est pas verte <eos>,12,verte,vert,10,F,P,verte,-8.66717,vert,-9.252543,1
2701,S_NOUN_7_ADJ_b,F,S,la boisson avec les gemmes que j' aime beaucoup n' est pas bleue <eos>,12,bleue,bleu,10,F,P,bleue,-9.037796,bleu,-8.94869,0
2702,S_NOUN_7_ADJ_b,F,S,la boisson avec les gemmes que j' aime beaucoup n' est pas noire <eos>,12,noire,noir,10,F,P,noire,-8.031839,noir,-8.374756,1
2703,S_NOUN_7_ADJ_b,F,S,la boisson avec les gemmes que j' aime beaucoup n' est pas délicate <eos>,12,délicate,délicat,10,F,P,délicate,-11.655108,délicat,-13.143985,1
2704,S_NOUN_7_ADJ_b,F,S,la boisson avec les gemmes que j' aime beaucoup n' est pas pointue <eos>,12,pointue,pointu,10,F,P,pointue,-12.764433,pointu,-14.373077,1
2705,S_NOUN_7_ADJ_b,F,S,la boisson avec les gemmes que j' aime beaucoup n' est pas ronde <eos>,12,ronde,rond,10,F,P,ronde,-9.937597,rond,-9.989467,1
2706,S_NOUN_7_ADJ_b,F,S,la boisson avec les gemmes que j' aime beaucoup n' est pas froide <eos>,12,froide,froid,10,F,P,froide,-7.5594378,froid,-11.776327,1
2707,S_NOUN_7_ADJ_b,F,S,la boisson avec les gemmes que j' aime beaucoup n' est pas chaude <eos>,12,chaude,chaud,10,F,P,chaude,-8.4084215,chaud,-11.968646,1
2708,S_NOUN_7_ADJ_b,F,S,la boisson avec les gemmes que j' aime beaucoup n' est pas importante <eos>,12,importante,important,10,F,P,importante,-8.581322,important,-11.467474,1
2709,S_NOUN_7_ADJ_b,F,S,la boisson avec les gemmes que j' aime beaucoup n' est pas courte <eos>,12,courte,court,10,F,P,courte,-10.463558,court,-12.827004,1
2710,S_NOUN_7_ADJ_b,F,S,la boisson avec les gemmes que j' aime beaucoup n' est pas dure <eos>,12,dure,dur,10,F,P,dure,-10.364348,dur,-10.673335,1
2711,S_NOUN_7_ADJ_b,F,S,la boisson avec les gemmes que j' aime beaucoup n' est pas claire <eos>,12,claire,clair,10,F,P,claire,-5.6471653,clair,-7.453232,1
2712,S_NOUN_7_ADJ_b,F,S,la boisson avec les gemmes que j' aime beaucoup n' est pas intéressante <eos>,12,intéressante,intéressant,10,F,P,intéressante,-8.437295,intéressant,-10.966642,1
2713,S_NOUN_7_ADJ_b,F,S,la boisson avec les gemmes que j' aime beaucoup n' est pas brillante <eos>,12,brillante,brillant,10,F,P,brillante,-7.120575,brillant,-10.843248,1
2714,S_NOUN_7_ADJ_b,F,S,la boisson avec les gemmes que j' aime beaucoup n' est pas compliquée <eos>,12,compliquée,compliqué,10,F,P,compliquée,-11.412271,compliqué,-11.707372,1
2715,S_NOUN_7_ADJ_b,F,S,la boisson avec les chaises que j' aime beaucoup n' est pas verte <eos>,12,verte,vert,10,F,P,verte,-9.799223,vert,-10.842979,1
2716,S_NOUN_7_ADJ_b,F,S,la boisson avec les chaises que j' aime beaucoup n' est pas bleue <eos>,12,bleue,bleu,10,F,P,bleue,-10.085801,bleu,-10.435344,1
2717,S_NOUN_7_ADJ_b,F,S,la boisson avec les chaises que j' aime beaucoup n' est pas noire <eos>,12,noire,noir,10,F,P,noire,-9.164938,noir,-9.56788,1
2718,S_NOUN_7_ADJ_b,F,S,la boisson avec les chaises que j' aime beaucoup n' est pas délicate <eos>,12,délicate,délicat,10,F,P,délicate,-11.343021,délicat,-12.272116,1
2719,S_NOUN_7_ADJ_b,F,S,la boisson avec les chaises que j' aime beaucoup n' est pas pointue <eos>,12,pointue,pointu,10,F,P,pointue,-12.906404,pointu,-14.736753,1
2720,S_NOUN_7_ADJ_b,F,S,la boisson avec les chaises que j' aime beaucoup n' est pas ronde <eos>,12,ronde,rond,10,F,P,ronde,-9.441026,rond,-9.462335,1
2721,S_NOUN_7_ADJ_b,F,S,la boisson avec les chaises que j' aime beaucoup n' est pas froide <eos>,12,froide,froid,10,F,P,froide,-8.308769,froid,-11.644041,1
2722,S_NOUN_7_ADJ_b,F,S,la boisson avec les chaises que j' aime beaucoup n' est pas chaude <eos>,12,chaude,chaud,10,F,P,chaude,-8.274444,chaud,-11.794457,1
2723,S_NOUN_7_ADJ_b,F,S,la boisson avec les chaises que j' aime beaucoup n' est pas importante <eos>,12,importante,important,10,F,P,importante,-8.477357,important,-11.175196,1
2724,S_NOUN_7_ADJ_b,F,S,la boisson avec les chaises que j' aime beaucoup n' est pas courte <eos>,12,courte,court,10,F,P,courte,-10.204815,court,-12.100735,1
2725,S_NOUN_7_ADJ_b,F,S,la boisson avec les chaises que j' aime beaucoup n' est pas dure <eos>,12,dure,dur,10,F,P,dure,-9.620481,dur,-11.183959,1
2726,S_NOUN_7_ADJ_b,F,S,la boisson avec les chaises que j' aime beaucoup n' est pas claire <eos>,12,claire,clair,10,F,P,claire,-5.431667,clair,-7.7345967,1
2727,S_NOUN_7_ADJ_b,F,S,la boisson avec les chaises que j' aime beaucoup n' est pas intéressante <eos>,12,intéressante,intéressant,10,F,P,intéressante,-8.3496685,intéressant,-10.940906,1
2728,S_NOUN_7_ADJ_b,F,S,la boisson avec les chaises que j' aime beaucoup n' est pas brillante <eos>,12,brillante,brillant,10,F,P,brillante,-8.381076,brillant,-11.963237,1
2729,S_NOUN_7_ADJ_b,F,S,la boisson avec les chaises que j' aime beaucoup n' est pas compliquée <eos>,12,compliquée,compliqué,10,F,P,compliquée,-10.690577,compliqué,-11.564145,1
2730,S_NOUN_7_ADJ_b,F,S,la boisson avec les poubelles que j' aime beaucoup n' est pas verte <eos>,12,verte,vert,10,F,P,verte,-9.062304,vert,-10.32113,1
2731,S_NOUN_7_ADJ_b,F,S,la boisson avec les poubelles que j' aime beaucoup n' est pas bleue <eos>,12,bleue,bleu,10,F,P,bleue,-10.323535,bleu,-10.831424,1
2732,S_NOUN_7_ADJ_b,F,S,la boisson avec les poubelles que j' aime beaucoup n' est pas noire <eos>,12,noire,noir,10,F,P,noire,-9.099262,noir,-9.298724,1
2733,S_NOUN_7_ADJ_b,F,S,la boisson avec les poubelles que j' aime beaucoup n' est pas délicate <eos>,12,délicate,délicat,10,F,P,délicate,-11.562388,délicat,-12.516665,1
2734,S_NOUN_7_ADJ_b,F,S,la boisson avec les poubelles que j' aime beaucoup n' est pas pointue <eos>,12,pointue,pointu,10,F,P,pointue,-13.021267,pointu,-14.555771,1
2735,S_NOUN_7_ADJ_b,F,S,la boisson avec les poubelles que j' aime beaucoup n' est pas ronde <eos>,12,ronde,rond,10,F,P,ronde,-10.398897,rond,-10.024363,0
2736,S_NOUN_7_ADJ_b,F,S,la boisson avec les poubelles que j' aime beaucoup n' est pas froide <eos>,12,froide,froid,10,F,P,froide,-8.206151,froid,-11.337276,1
2737,S_NOUN_7_ADJ_b,F,S,la boisson avec les poubelles que j' aime beaucoup n' est pas chaude <eos>,12,chaude,chaud,10,F,P,chaude,-8.427515,chaud,-11.846947,1
2738,S_NOUN_7_ADJ_b,F,S,la boisson avec les poubelles que j' aime beaucoup n' est pas importante <eos>,12,importante,important,10,F,P,importante,-8.524802,important,-10.899225,1
2739,S_NOUN_7_ADJ_b,F,S,la boisson avec les poubelles que j' aime beaucoup n' est pas courte <eos>,12,courte,court,10,F,P,courte,-10.686188,court,-12.4327755,1
2740,S_NOUN_7_ADJ_b,F,S,la boisson avec les poubelles que j' aime beaucoup n' est pas dure <eos>,12,dure,dur,10,F,P,dure,-9.697578,dur,-10.494114,1
2741,S_NOUN_7_ADJ_b,F,S,la boisson avec les poubelles que j' aime beaucoup n' est pas claire <eos>,12,claire,clair,10,F,P,claire,-5.91226,clair,-7.965646,1
2742,S_NOUN_7_ADJ_b,F,S,la boisson avec les poubelles que j' aime beaucoup n' est pas intéressante <eos>,12,intéressante,intéressant,10,F,P,intéressante,-8.609245,intéressant,-10.75955,1
2743,S_NOUN_7_ADJ_b,F,S,la boisson avec les poubelles que j' aime beaucoup n' est pas brillante <eos>,12,brillante,brillant,10,F,P,brillante,-9.163053,brillant,-12.22534,1
2744,S_NOUN_7_ADJ_b,F,S,la boisson avec les poubelles que j' aime beaucoup n' est pas compliquée <eos>,12,compliquée,compliqué,10,F,P,compliquée,-10.948443,compliqué,-11.438383,1
2745,S_NOUN_7_ADJ_b,F,S,la boisson avec les chemises que j' aime beaucoup n' est pas verte <eos>,12,verte,vert,10,F,P,verte,-9.222046,vert,-9.452447,1
2746,S_NOUN_7_ADJ_b,F,S,la boisson avec les chemises que j' aime beaucoup n' est pas bleue <eos>,12,bleue,bleu,10,F,P,bleue,-9.320848,bleu,-9.359037,1
2747,S_NOUN_7_ADJ_b,F,S,la boisson avec les chemises que j' aime beaucoup n' est pas noire <eos>,12,noire,noir,10,F,P,noire,-8.462346,noir,-8.129247,0
2748,S_NOUN_7_ADJ_b,F,S,la boisson avec les chemises que j' aime beaucoup n' est pas délicate <eos>,12,délicate,délicat,10,F,P,délicate,-11.493735,délicat,-12.074602,1
2749,S_NOUN_7_ADJ_b,F,S,la boisson avec les chemises que j' aime beaucoup n' est pas pointue <eos>,12,pointue,pointu,10,F,P,pointue,-12.700179,pointu,-14.582386,1
2750,S_NOUN_7_ADJ_b,F,S,la boisson avec les chemises que j' aime beaucoup n' est pas ronde <eos>,12,ronde,rond,10,F,P,ronde,-9.881708,rond,-9.547766,0
2751,S_NOUN_7_ADJ_b,F,S,la boisson avec les chemises que j' aime beaucoup n' est pas froide <eos>,12,froide,froid,10,F,P,froide,-7.6324215,froid,-10.752383,1
2752,S_NOUN_7_ADJ_b,F,S,la boisson avec les chemises que j' aime beaucoup n' est pas chaude <eos>,12,chaude,chaud,10,F,P,chaude,-8.200021,chaud,-10.898367,1
2753,S_NOUN_7_ADJ_b,F,S,la boisson avec les chemises que j' aime beaucoup n' est pas importante <eos>,12,importante,important,10,F,P,importante,-8.720388,important,-11.251712,1
2754,S_NOUN_7_ADJ_b,F,S,la boisson avec les chemises que j' aime beaucoup n' est pas courte <eos>,12,courte,court,10,F,P,courte,-10.179541,court,-11.957794,1
2755,S_NOUN_7_ADJ_b,F,S,la boisson avec les chemises que j' aime beaucoup n' est pas dure <eos>,12,dure,dur,10,F,P,dure,-9.118739,dur,-10.219761,1
2756,S_NOUN_7_ADJ_b,F,S,la boisson avec les chemises que j' aime beaucoup n' est pas claire <eos>,12,claire,clair,10,F,P,claire,-5.2526584,clair,-7.08423,1
2757,S_NOUN_7_ADJ_b,F,S,la boisson avec les chemises que j' aime beaucoup n' est pas intéressante <eos>,12,intéressante,intéressant,10,F,P,intéressante,-8.876917,intéressant,-11.033144,1
2758,S_NOUN_7_ADJ_b,F,S,la boisson avec les chemises que j' aime beaucoup n' est pas brillante <eos>,12,brillante,brillant,10,F,P,brillante,-7.567565,brillant,-10.867273,1
2759,S_NOUN_7_ADJ_b,F,S,la boisson avec les chemises que j' aime beaucoup n' est pas compliquée <eos>,12,compliquée,compliqué,10,F,P,compliquée,-11.171542,compliqué,-11.773521,1
2760,S_NOUN_7_ADJ_b,F,S,la boisson avec les recettes que j' aime beaucoup n' est pas verte <eos>,12,verte,vert,10,F,P,verte,-10.0527725,vert,-10.822705,1
2761,S_NOUN_7_ADJ_b,F,S,la boisson avec les recettes que j' aime beaucoup n' est pas bleue <eos>,12,bleue,bleu,10,F,P,bleue,-10.913529,bleu,-11.093206,1
2762,S_NOUN_7_ADJ_b,F,S,la boisson avec les recettes que j' aime beaucoup n' est pas noire <eos>,12,noire,noir,10,F,P,noire,-9.175515,noir,-9.482338,1
2763,S_NOUN_7_ADJ_b,F,S,la boisson avec les recettes que j' aime beaucoup n' est pas délicate <eos>,12,délicate,délicat,10,F,P,délicate,-11.499259,délicat,-12.2474165,1
2764,S_NOUN_7_ADJ_b,F,S,la boisson avec les recettes que j' aime beaucoup n' est pas pointue <eos>,12,pointue,pointu,10,F,P,pointue,-13.326161,pointu,-15.103222,1
2765,S_NOUN_7_ADJ_b,F,S,la boisson avec les recettes que j' aime beaucoup n' est pas ronde <eos>,12,ronde,rond,10,F,P,ronde,-10.226387,rond,-10.319128,1
2766,S_NOUN_7_ADJ_b,F,S,la boisson avec les recettes que j' aime beaucoup n' est pas froide <eos>,12,froide,froid,10,F,P,froide,-7.976976,froid,-11.286901,1
2767,S_NOUN_7_ADJ_b,F,S,la boisson avec les recettes que j' aime beaucoup n' est pas chaude <eos>,12,chaude,chaud,10,F,P,chaude,-8.2190075,chaud,-11.859678,1
2768,S_NOUN_7_ADJ_b,F,S,la boisson avec les recettes que j' aime beaucoup n' est pas importante <eos>,12,importante,important,10,F,P,importante,-8.0075445,important,-10.889545,1
2769,S_NOUN_7_ADJ_b,F,S,la boisson avec les recettes que j' aime beaucoup n' est pas courte <eos>,12,courte,court,10,F,P,courte,-9.968727,court,-11.734284,1
2770,S_NOUN_7_ADJ_b,F,S,la boisson avec les recettes que j' aime beaucoup n' est pas dure <eos>,12,dure,dur,10,F,P,dure,-9.703319,dur,-11.303583,1
2771,S_NOUN_7_ADJ_b,F,S,la boisson avec les recettes que j' aime beaucoup n' est pas claire <eos>,12,claire,clair,10,F,P,claire,-5.781806,clair,-7.8896456,1
2772,S_NOUN_7_ADJ_b,F,S,la boisson avec les recettes que j' aime beaucoup n' est pas intéressante <eos>,12,intéressante,intéressant,10,F,P,intéressante,-8.081739,intéressant,-11.1379795,1
2773,S_NOUN_7_ADJ_b,F,S,la boisson avec les recettes que j' aime beaucoup n' est pas brillante <eos>,12,brillante,brillant,10,F,P,brillante,-8.359583,brillant,-12.033423,1
2774,S_NOUN_7_ADJ_b,F,S,la boisson avec les recettes que j' aime beaucoup n' est pas compliquée <eos>,12,compliquée,compliqué,10,F,P,compliquée,-11.302265,compliqué,-11.574265,1
2775,S_NOUN_7_ADJ_b,F,S,la boisson avec les jupes que j' aime beaucoup n' est pas verte <eos>,12,verte,vert,10,F,P,verte,-9.205235,vert,-9.877094,1
2776,S_NOUN_7_ADJ_b,F,S,la boisson avec les jupes que j' aime beaucoup n' est pas bleue <eos>,12,bleue,bleu,10,F,P,bleue,-9.484627,bleu,-9.647877,1
2777,S_NOUN_7_ADJ_b,F,S,la boisson avec les jupes que j' aime beaucoup n' est pas noire <eos>,12,noire,noir,10,F,P,noire,-8.551521,noir,-8.507698,0
2778,S_NOUN_7_ADJ_b,F,S,la boisson avec les jupes que j' aime beaucoup n' est pas délicate <eos>,12,délicate,délicat,10,F,P,délicate,-10.805826,délicat,-11.868412,1
2779,S_NOUN_7_ADJ_b,F,S,la boisson avec les jupes que j' aime beaucoup n' est pas pointue <eos>,12,pointue,pointu,10,F,P,pointue,-12.150841,pointu,-14.057301,1
2780,S_NOUN_7_ADJ_b,F,S,la boisson avec les jupes que j' aime beaucoup n' est pas ronde <eos>,12,ronde,rond,10,F,P,ronde,-10.111265,rond,-9.10085,0
2781,S_NOUN_7_ADJ_b,F,S,la boisson avec les jupes que j' aime beaucoup n' est pas froide <eos>,12,froide,froid,10,F,P,froide,-8.372114,froid,-11.222217,1
2782,S_NOUN_7_ADJ_b,F,S,la boisson avec les jupes que j' aime beaucoup n' est pas chaude <eos>,12,chaude,chaud,10,F,P,chaude,-8.975784,chaud,-11.423678,1
2783,S_NOUN_7_ADJ_b,F,S,la boisson avec les jupes que j' aime beaucoup n' est pas importante <eos>,12,importante,important,10,F,P,importante,-8.626038,important,-11.271948,1
2784,S_NOUN_7_ADJ_b,F,S,la boisson avec les jupes que j' aime beaucoup n' est pas courte <eos>,12,courte,court,10,F,P,courte,-9.561478,court,-11.367561,1
2785,S_NOUN_7_ADJ_b,F,S,la boisson avec les jupes que j' aime beaucoup n' est pas dure <eos>,12,dure,dur,10,F,P,dure,-9.054599,dur,-10.562227,1
2786,S_NOUN_7_ADJ_b,F,S,la boisson avec les jupes que j' aime beaucoup n' est pas claire <eos>,12,claire,clair,10,F,P,claire,-4.835804,clair,-7.1128445,1
2787,S_NOUN_7_ADJ_b,F,S,la boisson avec les jupes que j' aime beaucoup n' est pas intéressante <eos>,12,intéressante,intéressant,10,F,P,intéressante,-8.7146015,intéressant,-10.837639,1
2788,S_NOUN_7_ADJ_b,F,S,la boisson avec les jupes que j' aime beaucoup n' est pas brillante <eos>,12,brillante,brillant,10,F,P,brillante,-7.7671876,brillant,-10.807131,1
2789,S_NOUN_7_ADJ_b,F,S,la boisson avec les jupes que j' aime beaucoup n' est pas compliquée <eos>,12,compliquée,compliqué,10,F,P,compliquée,-10.55737,compliqué,-11.527749,1
2790,S_NOUN_7_ADJ_b,F,S,la boisson avec les colles que j' aime beaucoup n' est pas verte <eos>,12,verte,vert,10,F,P,verte,-9.465587,vert,-10.313907,1
2791,S_NOUN_7_ADJ_b,F,S,la boisson avec les colles que j' aime beaucoup n' est pas bleue <eos>,12,bleue,bleu,10,F,P,bleue,-10.190493,bleu,-10.12287,0
2792,S_NOUN_7_ADJ_b,F,S,la boisson avec les colles que j' aime beaucoup n' est pas noire <eos>,12,noire,noir,10,F,P,noire,-8.72833,noir,-8.938112,1
2793,S_NOUN_7_ADJ_b,F,S,la boisson avec les colles que j' aime beaucoup n' est pas délicate <eos>,12,délicate,délicat,10,F,P,délicate,-10.718633,délicat,-11.806834,1
2794,S_NOUN_7_ADJ_b,F,S,la boisson avec les colles que j' aime beaucoup n' est pas pointue <eos>,12,pointue,pointu,10,F,P,pointue,-13.1461315,pointu,-15.306818,1
2795,S_NOUN_7_ADJ_b,F,S,la boisson avec les colles que j' aime beaucoup n' est pas ronde <eos>,12,ronde,rond,10,F,P,ronde,-10.224043,rond,-10.429881,1
2796,S_NOUN_7_ADJ_b,F,S,la boisson avec les colles que j' aime beaucoup n' est pas froide <eos>,12,froide,froid,10,F,P,froide,-7.6650877,froid,-11.111622,1
2797,S_NOUN_7_ADJ_b,F,S,la boisson avec les colles que j' aime beaucoup n' est pas chaude <eos>,12,chaude,chaud,10,F,P,chaude,-7.99798,chaud,-11.140076,1
2798,S_NOUN_7_ADJ_b,F,S,la boisson avec les colles que j' aime beaucoup n' est pas importante <eos>,12,importante,important,10,F,P,importante,-8.411155,important,-11.201276,1
2799,S_NOUN_7_ADJ_b,F,S,la boisson avec les colles que j' aime beaucoup n' est pas courte <eos>,12,courte,court,10,F,P,courte,-10.66061,court,-12.94911,1
2800,S_NOUN_7_ADJ_b,F,S,la boisson avec les colles que j' aime beaucoup n' est pas dure <eos>,12,dure,dur,10,F,P,dure,-9.60432,dur,-10.918474,1
2801,S_NOUN_7_ADJ_b,F,S,la boisson avec les colles que j' aime beaucoup n' est pas claire <eos>,12,claire,clair,10,F,P,claire,-5.1768622,clair,-7.7571616,1
2802,S_NOUN_7_ADJ_b,F,S,la boisson avec les colles que j' aime beaucoup n' est pas intéressante <eos>,12,intéressante,intéressant,10,F,P,intéressante,-8.066384,intéressant,-10.504067,1
2803,S_NOUN_7_ADJ_b,F,S,la boisson avec les colles que j' aime beaucoup n' est pas brillante <eos>,12,brillante,brillant,10,F,P,brillante,-7.878345,brillant,-11.066414,1
2804,S_NOUN_7_ADJ_b,F,S,la boisson avec les colles que j' aime beaucoup n' est pas compliquée <eos>,12,compliquée,compliqué,10,F,P,compliquée,-10.503663,compliqué,-11.576363,1
2805,S_NOUN_7_ADJ_b,F,S,la boisson avec les lampes que j' aime beaucoup n' est pas verte <eos>,12,verte,vert,10,F,P,verte,-9.029873,vert,-10.0804615,1
2806,S_NOUN_7_ADJ_b,F,S,la boisson avec les lampes que j' aime beaucoup n' est pas bleue <eos>,12,bleue,bleu,10,F,P,bleue,-9.621406,bleu,-9.618126,0
2807,S_NOUN_7_ADJ_b,F,S,la boisson avec les lampes que j' aime beaucoup n' est pas noire <eos>,12,noire,noir,10,F,P,noire,-8.611811,noir,-8.817518,1
2808,S_NOUN_7_ADJ_b,F,S,la boisson avec les lampes que j' aime beaucoup n' est pas délicate <eos>,12,délicate,délicat,10,F,P,délicate,-11.519833,délicat,-12.454645,1
2809,S_NOUN_7_ADJ_b,F,S,la boisson avec les lampes que j' aime beaucoup n' est pas pointue <eos>,12,pointue,pointu,10,F,P,pointue,-13.457172,pointu,-14.61352,1
2810,S_NOUN_7_ADJ_b,F,S,la boisson avec les lampes que j' aime beaucoup n' est pas ronde <eos>,12,ronde,rond,10,F,P,ronde,-10.592733,rond,-9.533733,0
2811,S_NOUN_7_ADJ_b,F,S,la boisson avec les lampes que j' aime beaucoup n' est pas froide <eos>,12,froide,froid,10,F,P,froide,-6.9629383,froid,-10.738984,1
2812,S_NOUN_7_ADJ_b,F,S,la boisson avec les lampes que j' aime beaucoup n' est pas chaude <eos>,12,chaude,chaud,10,F,P,chaude,-7.4857907,chaud,-10.986208,1
2813,S_NOUN_7_ADJ_b,F,S,la boisson avec les lampes que j' aime beaucoup n' est pas importante <eos>,12,importante,important,10,F,P,importante,-8.571684,important,-11.033003,1
2814,S_NOUN_7_ADJ_b,F,S,la boisson avec les lampes que j' aime beaucoup n' est pas courte <eos>,12,courte,court,10,F,P,courte,-10.830324,court,-12.967742,1
2815,S_NOUN_7_ADJ_b,F,S,la boisson avec les lampes que j' aime beaucoup n' est pas dure <eos>,12,dure,dur,10,F,P,dure,-10.046604,dur,-10.979563,1
2816,S_NOUN_7_ADJ_b,F,S,la boisson avec les lampes que j' aime beaucoup n' est pas claire <eos>,12,claire,clair,10,F,P,claire,-5.9138513,clair,-7.5854125,1
2817,S_NOUN_7_ADJ_b,F,S,la boisson avec les lampes que j' aime beaucoup n' est pas intéressante <eos>,12,intéressante,intéressant,10,F,P,intéressante,-8.597136,intéressant,-10.665094,1
2818,S_NOUN_7_ADJ_b,F,S,la boisson avec les lampes que j' aime beaucoup n' est pas brillante <eos>,12,brillante,brillant,10,F,P,brillante,-7.8436503,brillant,-11.366983,1
2819,S_NOUN_7_ADJ_b,F,S,la boisson avec les lampes que j' aime beaucoup n' est pas compliquée <eos>,12,compliquée,compliqué,10,F,P,compliquée,-11.399042,compliqué,-11.784066,1
2820,S_NOUN_7_ADJ_b,F,S,la boisson avec les bouteilles que j' aime beaucoup n' est pas verte <eos>,12,verte,vert,10,F,P,verte,-9.692013,vert,-10.345103,1
2821,S_NOUN_7_ADJ_b,F,S,la boisson avec les bouteilles que j' aime beaucoup n' est pas bleue <eos>,12,bleue,bleu,10,F,P,bleue,-9.941875,bleu,-10.428928,1
2822,S_NOUN_7_ADJ_b,F,S,la boisson avec les bouteilles que j' aime beaucoup n' est pas noire <eos>,12,noire,noir,10,F,P,noire,-9.19878,noir,-9.422155,1
2823,S_NOUN_7_ADJ_b,F,S,la boisson avec les bouteilles que j' aime beaucoup n' est pas délicate <eos>,12,délicate,délicat,10,F,P,délicate,-11.926058,délicat,-12.579807,1
2824,S_NOUN_7_ADJ_b,F,S,la boisson avec les bouteilles que j' aime beaucoup n' est pas pointue <eos>,12,pointue,pointu,10,F,P,pointue,-13.683267,pointu,-15.39134,1
2825,S_NOUN_7_ADJ_b,F,S,la boisson avec les bouteilles que j' aime beaucoup n' est pas ronde <eos>,12,ronde,rond,10,F,P,ronde,-10.307188,rond,-9.978271,0
2826,S_NOUN_7_ADJ_b,F,S,la boisson avec les bouteilles que j' aime beaucoup n' est pas froide <eos>,12,froide,froid,10,F,P,froide,-7.67467,froid,-10.690532,1
2827,S_NOUN_7_ADJ_b,F,S,la boisson avec les bouteilles que j' aime beaucoup n' est pas chaude <eos>,12,chaude,chaud,10,F,P,chaude,-7.941925,chaud,-11.088175,1
2828,S_NOUN_7_ADJ_b,F,S,la boisson avec les bouteilles que j' aime beaucoup n' est pas importante <eos>,12,importante,important,10,F,P,importante,-8.744141,important,-11.026474,1
2829,S_NOUN_7_ADJ_b,F,S,la boisson avec les bouteilles que j' aime beaucoup n' est pas courte <eos>,12,courte,court,10,F,P,courte,-10.548846,court,-12.139962,1
2830,S_NOUN_7_ADJ_b,F,S,la boisson avec les bouteilles que j' aime beaucoup n' est pas dure <eos>,12,dure,dur,10,F,P,dure,-9.484107,dur,-10.796829,1
2831,S_NOUN_7_ADJ_b,F,S,la boisson avec les bouteilles que j' aime beaucoup n' est pas claire <eos>,12,claire,clair,10,F,P,claire,-5.656251,clair,-7.9184275,1
2832,S_NOUN_7_ADJ_b,F,S,la boisson avec les bouteilles que j' aime beaucoup n' est pas intéressante <eos>,12,intéressante,intéressant,10,F,P,intéressante,-8.271643,intéressant,-10.792213,1
2833,S_NOUN_7_ADJ_b,F,S,la boisson avec les bouteilles que j' aime beaucoup n' est pas brillante <eos>,12,brillante,brillant,10,F,P,brillante,-8.804149,brillant,-12.004268,1
2834,S_NOUN_7_ADJ_b,F,S,la boisson avec les bouteilles que j' aime beaucoup n' est pas compliquée <eos>,12,compliquée,compliqué,10,F,P,compliquée,-10.940123,compliqué,-11.637203,1
2835,S_NOUN_7_ADJ_b,F,S,la boisson avec les boissons que j' aime beaucoup n' est pas verte <eos>,12,verte,vert,10,F,P,verte,-9.860761,vert,-10.704077,1
2836,S_NOUN_7_ADJ_b,F,S,la boisson avec les boissons que j' aime beaucoup n' est pas bleue <eos>,12,bleue,bleu,10,F,P,bleue,-10.814156,bleu,-10.84045,1
2837,S_NOUN_7_ADJ_b,F,S,la boisson avec les boissons que j' aime beaucoup n' est pas noire <eos>,12,noire,noir,10,F,P,noire,-9.115078,noir,-9.565166,1
2838,S_NOUN_7_ADJ_b,F,S,la boisson avec les boissons que j' aime beaucoup n' est pas délicate <eos>,12,délicate,délicat,10,F,P,délicate,-11.53005,délicat,-12.361734,1
2839,S_NOUN_7_ADJ_b,F,S,la boisson avec les boissons que j' aime beaucoup n' est pas pointue <eos>,12,pointue,pointu,10,F,P,pointue,-13.668468,pointu,-15.5721445,1
2840,S_NOUN_7_ADJ_b,F,S,la boisson avec les boissons que j' aime beaucoup n' est pas ronde <eos>,12,ronde,rond,10,F,P,ronde,-9.766504,rond,-10.514229,1
2841,S_NOUN_7_ADJ_b,F,S,la boisson avec les boissons que j' aime beaucoup n' est pas froide <eos>,12,froide,froid,10,F,P,froide,-7.7052083,froid,-11.171436,1
2842,S_NOUN_7_ADJ_b,F,S,la boisson avec les boissons que j' aime beaucoup n' est pas chaude <eos>,12,chaude,chaud,10,F,P,chaude,-7.8799996,chaud,-11.5402155,1
2843,S_NOUN_7_ADJ_b,F,S,la boisson avec les boissons que j' aime beaucoup n' est pas importante <eos>,12,importante,important,10,F,P,importante,-8.372469,important,-11.317025,1
2844,S_NOUN_7_ADJ_b,F,S,la boisson avec les boissons que j' aime beaucoup n' est pas courte <eos>,12,courte,court,10,F,P,courte,-10.448434,court,-12.656223,1
2845,S_NOUN_7_ADJ_b,F,S,la boisson avec les boissons que j' aime beaucoup n' est pas dure <eos>,12,dure,dur,10,F,P,dure,-9.753196,dur,-11.145053,1
2846,S_NOUN_7_ADJ_b,F,S,la boisson avec les boissons que j' aime beaucoup n' est pas claire <eos>,12,claire,clair,10,F,P,claire,-5.767594,clair,-8.057358,1
2847,S_NOUN_7_ADJ_b,F,S,la boisson avec les boissons que j' aime beaucoup n' est pas intéressante <eos>,12,intéressante,intéressant,10,F,P,intéressante,-8.475756,intéressant,-11.173828,1
2848,S_NOUN_7_ADJ_b,F,S,la boisson avec les boissons que j' aime beaucoup n' est pas brillante <eos>,12,brillante,brillant,10,F,P,brillante,-8.570739,brillant,-12.436688,1
2849,S_NOUN_7_ADJ_b,F,S,la boisson avec les boissons que j' aime beaucoup n' est pas compliquée <eos>,12,compliquée,compliqué,10,F,P,compliquée,-11.302919,compliqué,-12.02124,1
2850,S_NOUN_7_ADJ_b,F,S,la boisson avec les pommes que j' aime beaucoup n' est pas verte <eos>,12,verte,vert,10,F,P,verte,-9.365197,vert,-9.93462,1
2851,S_NOUN_7_ADJ_b,F,S,la boisson avec les pommes que j' aime beaucoup n' est pas bleue <eos>,12,bleue,bleu,10,F,P,bleue,-10.212742,bleu,-10.201098,0
2852,S_NOUN_7_ADJ_b,F,S,la boisson avec les pommes que j' aime beaucoup n' est pas noire <eos>,12,noire,noir,10,F,P,noire,-8.751915,noir,-9.040642,1
2853,S_NOUN_7_ADJ_b,F,S,la boisson avec les pommes que j' aime beaucoup n' est pas délicate <eos>,12,délicate,délicat,10,F,P,délicate,-10.706133,délicat,-11.837812,1
2854,S_NOUN_7_ADJ_b,F,S,la boisson avec les pommes que j' aime beaucoup n' est pas pointue <eos>,12,pointue,pointu,10,F,P,pointue,-12.629713,pointu,-15.012627,1
2855,S_NOUN_7_ADJ_b,F,S,la boisson avec les pommes que j' aime beaucoup n' est pas ronde <eos>,12,ronde,rond,10,F,P,ronde,-9.705933,rond,-9.930773,1
2856,S_NOUN_7_ADJ_b,F,S,la boisson avec les pommes que j' aime beaucoup n' est pas froide <eos>,12,froide,froid,10,F,P,froide,-6.872179,froid,-11.1115885,1
2857,S_NOUN_7_ADJ_b,F,S,la boisson avec les pommes que j' aime beaucoup n' est pas chaude <eos>,12,chaude,chaud,10,F,P,chaude,-7.5438323,chaud,-11.160128,1
2858,S_NOUN_7_ADJ_b,F,S,la boisson avec les pommes que j' aime beaucoup n' est pas importante <eos>,12,importante,important,10,F,P,importante,-8.460745,important,-11.611687,1
2859,S_NOUN_7_ADJ_b,F,S,la boisson avec les pommes que j' aime beaucoup n' est pas courte <eos>,12,courte,court,10,F,P,courte,-10.273919,court,-12.350455,1
2860,S_NOUN_7_ADJ_b,F,S,la boisson avec les pommes que j' aime beaucoup n' est pas dure <eos>,12,dure,dur,10,F,P,dure,-9.160654,dur,-10.150291,1
2861,S_NOUN_7_ADJ_b,F,S,la boisson avec les pommes que j' aime beaucoup n' est pas claire <eos>,12,claire,clair,10,F,P,claire,-5.5222597,clair,-7.7442856,1
2862,S_NOUN_7_ADJ_b,F,S,la boisson avec les pommes que j' aime beaucoup n' est pas intéressante <eos>,12,intéressante,intéressant,10,F,P,intéressante,-7.9199786,intéressant,-11.141925,1
2863,S_NOUN_7_ADJ_b,F,S,la boisson avec les pommes que j' aime beaucoup n' est pas brillante <eos>,12,brillante,brillant,10,F,P,brillante,-8.184109,brillant,-12.046755,1
2864,S_NOUN_7_ADJ_b,F,S,la boisson avec les pommes que j' aime beaucoup n' est pas compliquée <eos>,12,compliquée,compliqué,10,F,P,compliquée,-10.7940445,compliqué,-11.376434,1
2865,S_NOUN_7_ADJ_b,F,S,la boisson avec les tasses que j' aime beaucoup n' est pas verte <eos>,12,verte,vert,10,F,P,verte,-10.074265,vert,-10.915785,1
2866,S_NOUN_7_ADJ_b,F,S,la boisson avec les tasses que j' aime beaucoup n' est pas bleue <eos>,12,bleue,bleu,10,F,P,bleue,-10.7723675,bleu,-11.100325,1
2867,S_NOUN_7_ADJ_b,F,S,la boisson avec les tasses que j' aime beaucoup n' est pas noire <eos>,12,noire,noir,10,F,P,noire,-9.71476,noir,-10.48547,1
2868,S_NOUN_7_ADJ_b,F,S,la boisson avec les tasses que j' aime beaucoup n' est pas délicate <eos>,12,délicate,délicat,10,F,P,délicate,-11.579549,délicat,-11.848447,1
2869,S_NOUN_7_ADJ_b,F,S,la boisson avec les tasses que j' aime beaucoup n' est pas pointue <eos>,12,pointue,pointu,10,F,P,pointue,-12.446038,pointu,-14.881386,1
2870,S_NOUN_7_ADJ_b,F,S,la boisson avec les tasses que j' aime beaucoup n' est pas ronde <eos>,12,ronde,rond,10,F,P,ronde,-9.438858,rond,-9.846249,1
2871,S_NOUN_7_ADJ_b,F,S,la boisson avec les tasses que j' aime beaucoup n' est pas froide <eos>,12,froide,froid,10,F,P,froide,-7.792923,froid,-10.969905,1
2872,S_NOUN_7_ADJ_b,F,S,la boisson avec les tasses que j' aime beaucoup n' est pas chaude <eos>,12,chaude,chaud,10,F,P,chaude,-7.190093,chaud,-10.805376,1
2873,S_NOUN_7_ADJ_b,F,S,la boisson avec les tasses que j' aime beaucoup n' est pas importante <eos>,12,importante,important,10,F,P,importante,-8.377017,important,-11.269292,1
2874,S_NOUN_7_ADJ_b,F,S,la boisson avec les tasses que j' aime beaucoup n' est pas courte <eos>,12,courte,court,10,F,P,courte,-10.253079,court,-12.472045,1
2875,S_NOUN_7_ADJ_b,F,S,la boisson avec les tasses que j' aime beaucoup n' est pas dure <eos>,12,dure,dur,10,F,P,dure,-9.502777,dur,-11.299927,1
2876,S_NOUN_7_ADJ_b,F,S,la boisson avec les tasses que j' aime beaucoup n' est pas claire <eos>,12,claire,clair,10,F,P,claire,-6.133938,clair,-8.295798,1
2877,S_NOUN_7_ADJ_b,F,S,la boisson avec les tasses que j' aime beaucoup n' est pas intéressante <eos>,12,intéressante,intéressant,10,F,P,intéressante,-8.13658,intéressant,-10.936237,1
2878,S_NOUN_7_ADJ_b,F,S,la boisson avec les tasses que j' aime beaucoup n' est pas brillante <eos>,12,brillante,brillant,10,F,P,brillante,-8.320365,brillant,-11.327781,1
2879,S_NOUN_7_ADJ_b,F,S,la boisson avec les tasses que j' aime beaucoup n' est pas compliquée <eos>,12,compliquée,compliqué,10,F,P,compliquée,-10.748101,compliqué,-11.445329,1
2880,S_NOUN_7_ADJ_b,F,S,la boisson avec les bougies que j' aime beaucoup n' est pas verte <eos>,12,verte,vert,10,F,P,verte,-9.343365,vert,-10.117713,1
2881,S_NOUN_7_ADJ_b,F,S,la boisson avec les bougies que j' aime beaucoup n' est pas bleue <eos>,12,bleue,bleu,10,F,P,bleue,-10.2176,bleu,-9.943921,0
2882,S_NOUN_7_ADJ_b,F,S,la boisson avec les bougies que j' aime beaucoup n' est pas noire <eos>,12,noire,noir,10,F,P,noire,-8.865456,noir,-9.238352,1
2883,S_NOUN_7_ADJ_b,F,S,la boisson avec les bougies que j' aime beaucoup n' est pas délicate <eos>,12,délicate,délicat,10,F,P,délicate,-11.27749,délicat,-12.108928,1
2884,S_NOUN_7_ADJ_b,F,S,la boisson avec les bougies que j' aime beaucoup n' est pas pointue <eos>,12,pointue,pointu,10,F,P,pointue,-12.908644,pointu,-15.044753,1
2885,S_NOUN_7_ADJ_b,F,S,la boisson avec les bougies que j' aime beaucoup n' est pas ronde <eos>,12,ronde,rond,10,F,P,ronde,-9.890195,rond,-9.658507,0
2886,S_NOUN_7_ADJ_b,F,S,la boisson avec les bougies que j' aime beaucoup n' est pas froide <eos>,12,froide,froid,10,F,P,froide,-7.340103,froid,-10.944245,1
2887,S_NOUN_7_ADJ_b,F,S,la boisson avec les bougies que j' aime beaucoup n' est pas chaude <eos>,12,chaude,chaud,10,F,P,chaude,-7.6753063,chaud,-11.018687,1
2888,S_NOUN_7_ADJ_b,F,S,la boisson avec les bougies que j' aime beaucoup n' est pas importante <eos>,12,importante,important,10,F,P,importante,-8.67508,important,-11.366593,1
2889,S_NOUN_7_ADJ_b,F,S,la boisson avec les bougies que j' aime beaucoup n' est pas courte <eos>,12,courte,court,10,F,P,courte,-10.603577,court,-12.720737,1
2890,S_NOUN_7_ADJ_b,F,S,la boisson avec les bougies que j' aime beaucoup n' est pas dure <eos>,12,dure,dur,10,F,P,dure,-9.536388,dur,-10.586081,1
2891,S_NOUN_7_ADJ_b,F,S,la boisson avec les bougies que j' aime beaucoup n' est pas claire <eos>,12,claire,clair,10,F,P,claire,-5.9739475,clair,-7.744725,1
2892,S_NOUN_7_ADJ_b,F,S,la boisson avec les bougies que j' aime beaucoup n' est pas intéressante <eos>,12,intéressante,intéressant,10,F,P,intéressante,-8.949527,intéressant,-11.169551,1
2893,S_NOUN_7_ADJ_b,F,S,la boisson avec les bougies que j' aime beaucoup n' est pas brillante <eos>,12,brillante,brillant,10,F,P,brillante,-8.27631,brillant,-11.716736,1
2894,S_NOUN_7_ADJ_b,F,S,la boisson avec les bougies que j' aime beaucoup n' est pas compliquée <eos>,12,compliquée,compliqué,10,F,P,compliquée,-11.476597,compliqué,-11.777575,1
2895,S_NOUN_7_ADJ_b,F,S,la boisson avec les pochettes que j' aime beaucoup n' est pas verte <eos>,12,verte,vert,10,F,P,verte,-9.6301365,vert,-9.949857,1
2896,S_NOUN_7_ADJ_b,F,S,la boisson avec les pochettes que j' aime beaucoup n' est pas bleue <eos>,12,bleue,bleu,10,F,P,bleue,-8.860586,bleu,-9.446828,1
2897,S_NOUN_7_ADJ_b,F,S,la boisson avec les pochettes que j' aime beaucoup n' est pas noire <eos>,12,noire,noir,10,F,P,noire,-8.544073,noir,-8.394953,0
2898,S_NOUN_7_ADJ_b,F,S,la boisson avec les pochettes que j' aime beaucoup n' est pas délicate <eos>,12,délicate,délicat,10,F,P,délicate,-12.124666,délicat,-13.358389,1
2899,S_NOUN_7_ADJ_b,F,S,la boisson avec les pochettes que j' aime beaucoup n' est pas pointue <eos>,12,pointue,pointu,10,F,P,pointue,-13.301851,pointu,-14.871073,1
2900,S_NOUN_7_ADJ_b,F,S,la boisson avec les pochettes que j' aime beaucoup n' est pas ronde <eos>,12,ronde,rond,10,F,P,ronde,-10.497529,rond,-9.766223,0
2901,S_NOUN_7_ADJ_b,F,S,la boisson avec les pochettes que j' aime beaucoup n' est pas froide <eos>,12,froide,froid,10,F,P,froide,-8.95747,froid,-12.198521,1
2902,S_NOUN_7_ADJ_b,F,S,la boisson avec les pochettes que j' aime beaucoup n' est pas chaude <eos>,12,chaude,chaud,10,F,P,chaude,-8.996446,chaud,-12.510149,1
2903,S_NOUN_7_ADJ_b,F,S,la boisson avec les pochettes que j' aime beaucoup n' est pas importante <eos>,12,importante,important,10,F,P,importante,-8.399614,important,-11.108229,1
2904,S_NOUN_7_ADJ_b,F,S,la boisson avec les pochettes que j' aime beaucoup n' est pas courte <eos>,12,courte,court,10,F,P,courte,-9.928478,court,-11.956682,1
2905,S_NOUN_7_ADJ_b,F,S,la boisson avec les pochettes que j' aime beaucoup n' est pas dure <eos>,12,dure,dur,10,F,P,dure,-8.69774,dur,-9.798748,1
2906,S_NOUN_7_ADJ_b,F,S,la boisson avec les pochettes que j' aime beaucoup n' est pas claire <eos>,12,claire,clair,10,F,P,claire,-5.2853546,clair,-7.40596,1
2907,S_NOUN_7_ADJ_b,F,S,la boisson avec les pochettes que j' aime beaucoup n' est pas intéressante <eos>,12,intéressante,intéressant,10,F,P,intéressante,-8.033592,intéressant,-10.796183,1
2908,S_NOUN_7_ADJ_b,F,S,la boisson avec les pochettes que j' aime beaucoup n' est pas brillante <eos>,12,brillante,brillant,10,F,P,brillante,-8.177911,brillant,-11.923046,1
2909,S_NOUN_7_ADJ_b,F,S,la boisson avec les pochettes que j' aime beaucoup n' est pas compliquée <eos>,12,compliquée,compliqué,10,F,P,compliquée,-11.102032,compliqué,-11.847057,1
2910,S_NOUN_7_ADJ_b,F,S,la boisson avec les bananes que j' aime beaucoup n' est pas verte <eos>,12,verte,vert,10,F,P,verte,-8.82741,vert,-9.891672,1
2911,S_NOUN_7_ADJ_b,F,S,la boisson avec les bananes que j' aime beaucoup n' est pas bleue <eos>,12,bleue,bleu,10,F,P,bleue,-9.664855,bleu,-9.970905,1
2912,S_NOUN_7_ADJ_b,F,S,la boisson avec les bananes que j' aime beaucoup n' est pas noire <eos>,12,noire,noir,10,F,P,noire,-8.428248,noir,-8.975317,1
2913,S_NOUN_7_ADJ_b,F,S,la boisson avec les bananes que j' aime beaucoup n' est pas délicate <eos>,12,délicate,délicat,10,F,P,délicate,-11.256034,délicat,-12.32451,1
2914,S_NOUN_7_ADJ_b,F,S,la boisson avec les bananes que j' aime beaucoup n' est pas pointue <eos>,12,pointue,pointu,10,F,P,pointue,-12.740932,pointu,-14.492594,1
2915,S_NOUN_7_ADJ_b,F,S,la boisson avec les bananes que j' aime beaucoup n' est pas ronde <eos>,12,ronde,rond,10,F,P,ronde,-9.965701,rond,-9.928378,0
2916,S_NOUN_7_ADJ_b,F,S,la boisson avec les bananes que j' aime beaucoup n' est pas froide <eos>,12,froide,froid,10,F,P,froide,-7.083502,froid,-11.469932,1
2917,S_NOUN_7_ADJ_b,F,S,la boisson avec les bananes que j' aime beaucoup n' est pas chaude <eos>,12,chaude,chaud,10,F,P,chaude,-7.704467,chaud,-11.355581,1
2918,S_NOUN_7_ADJ_b,F,S,la boisson avec les bananes que j' aime beaucoup n' est pas importante <eos>,12,importante,important,10,F,P,importante,-8.544557,important,-11.498119,1
2919,S_NOUN_7_ADJ_b,F,S,la boisson avec les bananes que j' aime beaucoup n' est pas courte <eos>,12,courte,court,10,F,P,courte,-10.286078,court,-12.464705,1
2920,S_NOUN_7_ADJ_b,F,S,la boisson avec les bananes que j' aime beaucoup n' est pas dure <eos>,12,dure,dur,10,F,P,dure,-8.996048,dur,-9.700254,1
2921,S_NOUN_7_ADJ_b,F,S,la boisson avec les bananes que j' aime beaucoup n' est pas claire <eos>,12,claire,clair,10,F,P,claire,-5.8356795,clair,-7.292085,1
2922,S_NOUN_7_ADJ_b,F,S,la boisson avec les bananes que j' aime beaucoup n' est pas intéressante <eos>,12,intéressante,intéressant,10,F,P,intéressante,-8.082379,intéressant,-11.2609825,1
2923,S_NOUN_7_ADJ_b,F,S,la boisson avec les bananes que j' aime beaucoup n' est pas brillante <eos>,12,brillante,brillant,10,F,P,brillante,-8.056847,brillant,-11.273312,1
2924,S_NOUN_7_ADJ_b,F,S,la boisson avec les bananes que j' aime beaucoup n' est pas compliquée <eos>,12,compliquée,compliqué,10,F,P,compliquée,-10.749819,compliqué,-11.244343,1
2925,S_NOUN_7_ADJ_b,F,S,la boisson avec les robes que j' aime beaucoup n' est pas verte <eos>,12,verte,vert,10,F,P,verte,-9.055599,vert,-9.56341,1
2926,S_NOUN_7_ADJ_b,F,S,la boisson avec les robes que j' aime beaucoup n' est pas bleue <eos>,12,bleue,bleu,10,F,P,bleue,-9.345305,bleu,-9.336066,0
2927,S_NOUN_7_ADJ_b,F,S,la boisson avec les robes que j' aime beaucoup n' est pas noire <eos>,12,noire,noir,10,F,P,noire,-7.843343,noir,-8.203617,1
2928,S_NOUN_7_ADJ_b,F,S,la boisson avec les robes que j' aime beaucoup n' est pas délicate <eos>,12,délicate,délicat,10,F,P,délicate,-10.714696,délicat,-11.689583,1
2929,S_NOUN_7_ADJ_b,F,S,la boisson avec les robes que j' aime beaucoup n' est pas pointue <eos>,12,pointue,pointu,10,F,P,pointue,-12.891141,pointu,-14.459157,1
2930,S_NOUN_7_ADJ_b,F,S,la boisson avec les robes que j' aime beaucoup n' est pas ronde <eos>,12,ronde,rond,10,F,P,ronde,-9.778842,rond,-9.542385,0
2931,S_NOUN_7_ADJ_b,F,S,la boisson avec les robes que j' aime beaucoup n' est pas froide <eos>,12,froide,froid,10,F,P,froide,-8.255583,froid,-11.530629,1
2932,S_NOUN_7_ADJ_b,F,S,la boisson avec les robes que j' aime beaucoup n' est pas chaude <eos>,12,chaude,chaud,10,F,P,chaude,-8.845238,chaud,-11.422726,1
2933,S_NOUN_7_ADJ_b,F,S,la boisson avec les robes que j' aime beaucoup n' est pas importante <eos>,12,importante,important,10,F,P,importante,-8.26248,important,-11.124798,1
2934,S_NOUN_7_ADJ_b,F,S,la boisson avec les robes que j' aime beaucoup n' est pas courte <eos>,12,courte,court,10,F,P,courte,-10.147231,court,-12.275571,1
2935,S_NOUN_7_ADJ_b,F,S,la boisson avec les robes que j' aime beaucoup n' est pas dure <eos>,12,dure,dur,10,F,P,dure,-9.874129,dur,-10.911119,1
2936,S_NOUN_7_ADJ_b,F,S,la boisson avec les robes que j' aime beaucoup n' est pas claire <eos>,12,claire,clair,10,F,P,claire,-4.8059053,clair,-6.975795,1
2937,S_NOUN_7_ADJ_b,F,S,la boisson avec les robes que j' aime beaucoup n' est pas intéressante <eos>,12,intéressante,intéressant,10,F,P,intéressante,-8.748722,intéressant,-10.964914,1
2938,S_NOUN_7_ADJ_b,F,S,la boisson avec les robes que j' aime beaucoup n' est pas brillante <eos>,12,brillante,brillant,10,F,P,brillante,-7.7734084,brillant,-11.1059,1
2939,S_NOUN_7_ADJ_b,F,S,la boisson avec les robes que j' aime beaucoup n' est pas compliquée <eos>,12,compliquée,compliqué,10,F,P,compliquée,-10.989012,compliqué,-11.856609,1
2940,S_NOUN_7_ADJ_b,F,S,la boisson avec les valises que j' aime beaucoup n' est pas verte <eos>,12,verte,vert,10,F,P,verte,-9.701885,vert,-10.742596,1
2941,S_NOUN_7_ADJ_b,F,S,la boisson avec les valises que j' aime beaucoup n' est pas bleue <eos>,12,bleue,bleu,10,F,P,bleue,-9.80308,bleu,-10.572071,1
2942,S_NOUN_7_ADJ_b,F,S,la boisson avec les valises que j' aime beaucoup n' est pas noire <eos>,12,noire,noir,10,F,P,noire,-9.30168,noir,-9.485437,1
2943,S_NOUN_7_ADJ_b,F,S,la boisson avec les valises que j' aime beaucoup n' est pas délicate <eos>,12,délicate,délicat,10,F,P,délicate,-11.519816,délicat,-13.029677,1
2944,S_NOUN_7_ADJ_b,F,S,la boisson avec les valises que j' aime beaucoup n' est pas pointue <eos>,12,pointue,pointu,10,F,P,pointue,-12.9571705,pointu,-15.243639,1
2945,S_NOUN_7_ADJ_b,F,S,la boisson avec les valises que j' aime beaucoup n' est pas ronde <eos>,12,ronde,rond,10,F,P,ronde,-10.449715,rond,-9.7855015,0
2946,S_NOUN_7_ADJ_b,F,S,la boisson avec les valises que j' aime beaucoup n' est pas froide <eos>,12,froide,froid,10,F,P,froide,-7.6131954,froid,-11.271662,1
2947,S_NOUN_7_ADJ_b,F,S,la boisson avec les valises que j' aime beaucoup n' est pas chaude <eos>,12,chaude,chaud,10,F,P,chaude,-7.628446,chaud,-11.184914,1
2948,S_NOUN_7_ADJ_b,F,S,la boisson avec les valises que j' aime beaucoup n' est pas importante <eos>,12,importante,important,10,F,P,importante,-8.175299,important,-11.016954,1
2949,S_NOUN_7_ADJ_b,F,S,la boisson avec les valises que j' aime beaucoup n' est pas courte <eos>,12,courte,court,10,F,P,courte,-10.810107,court,-12.752112,1
2950,S_NOUN_7_ADJ_b,F,S,la boisson avec les valises que j' aime beaucoup n' est pas dure <eos>,12,dure,dur,10,F,P,dure,-9.190566,dur,-10.836,1
2951,S_NOUN_7_ADJ_b,F,S,la boisson avec les valises que j' aime beaucoup n' est pas claire <eos>,12,claire,clair,10,F,P,claire,-6.026205,clair,-8.223234,1
2952,S_NOUN_7_ADJ_b,F,S,la boisson avec les valises que j' aime beaucoup n' est pas intéressante <eos>,12,intéressante,intéressant,10,F,P,intéressante,-7.769397,intéressant,-10.9822,1
2953,S_NOUN_7_ADJ_b,F,S,la boisson avec les valises que j' aime beaucoup n' est pas brillante <eos>,12,brillante,brillant,10,F,P,brillante,-8.22254,brillant,-11.61871,1
2954,S_NOUN_7_ADJ_b,F,S,la boisson avec les valises que j' aime beaucoup n' est pas compliquée <eos>,12,compliquée,compliqué,10,F,P,compliquée,-10.499951,compliqué,-11.748505,1
2955,S_NOUN_7_ADJ_b,F,S,la boisson avec les pendules que j' aime beaucoup n' est pas verte <eos>,12,verte,vert,10,F,P,verte,-9.677108,vert,-10.607633,1
2956,S_NOUN_7_ADJ_b,F,S,la boisson avec les pendules que j' aime beaucoup n' est pas bleue <eos>,12,bleue,bleu,10,F,P,bleue,-10.136169,bleu,-10.098049,0
2957,S_NOUN_7_ADJ_b,F,S,la boisson avec les pendules que j' aime beaucoup n' est pas noire <eos>,12,noire,noir,10,F,P,noire,-8.697888,noir,-8.8773155,1
2958,S_NOUN_7_ADJ_b,F,S,la boisson avec les pendules que j' aime beaucoup n' est pas délicate <eos>,12,délicate,délicat,10,F,P,délicate,-11.354376,délicat,-12.12625,1
2959,S_NOUN_7_ADJ_b,F,S,la boisson avec les pendules que j' aime beaucoup n' est pas pointue <eos>,12,pointue,pointu,10,F,P,pointue,-13.65084,pointu,-14.819196,1
2960,S_NOUN_7_ADJ_b,F,S,la boisson avec les pendules que j' aime beaucoup n' est pas ronde <eos>,12,ronde,rond,10,F,P,ronde,-10.69108,rond,-9.943841,0
2961,S_NOUN_7_ADJ_b,F,S,la boisson avec les pendules que j' aime beaucoup n' est pas froide <eos>,12,froide,froid,10,F,P,froide,-7.5724325,froid,-10.947738,1
2962,S_NOUN_7_ADJ_b,F,S,la boisson avec les pendules que j' aime beaucoup n' est pas chaude <eos>,12,chaude,chaud,10,F,P,chaude,-7.658212,chaud,-11.042255,1
2963,S_NOUN_7_ADJ_b,F,S,la boisson avec les pendules que j' aime beaucoup n' est pas importante <eos>,12,importante,important,10,F,P,importante,-8.492096,important,-10.840162,1
2964,S_NOUN_7_ADJ_b,F,S,la boisson avec les pendules que j' aime beaucoup n' est pas courte <eos>,12,courte,court,10,F,P,courte,-10.833105,court,-12.640925,1
2965,S_NOUN_7_ADJ_b,F,S,la boisson avec les pendules que j' aime beaucoup n' est pas dure <eos>,12,dure,dur,10,F,P,dure,-9.850545,dur,-11.145326,1
2966,S_NOUN_7_ADJ_b,F,S,la boisson avec les pendules que j' aime beaucoup n' est pas claire <eos>,12,claire,clair,10,F,P,claire,-5.769024,clair,-7.963398,1
2967,S_NOUN_7_ADJ_b,F,S,la boisson avec les pendules que j' aime beaucoup n' est pas intéressante <eos>,12,intéressante,intéressant,10,F,P,intéressante,-8.562719,intéressant,-10.448326,1
2968,S_NOUN_7_ADJ_b,F,S,la boisson avec les pendules que j' aime beaucoup n' est pas brillante <eos>,12,brillante,brillant,10,F,P,brillante,-7.914875,brillant,-11.235342,1
2969,S_NOUN_7_ADJ_b,F,S,la boisson avec les pendules que j' aime beaucoup n' est pas compliquée <eos>,12,compliquée,compliqué,10,F,P,compliquée,-11.0581875,compliqué,-11.493597,1
2970,S_NOUN_7_ADJ_b,F,S,la boisson avec les cloches que j' aime beaucoup n' est pas verte <eos>,12,verte,vert,10,F,P,verte,-10.303667,vert,-10.749668,1
2971,S_NOUN_7_ADJ_b,F,S,la boisson avec les cloches que j' aime beaucoup n' est pas bleue <eos>,12,bleue,bleu,10,F,P,bleue,-10.870197,bleu,-10.630775,0
2972,S_NOUN_7_ADJ_b,F,S,la boisson avec les cloches que j' aime beaucoup n' est pas noire <eos>,12,noire,noir,10,F,P,noire,-9.235769,noir,-9.550253,1
2973,S_NOUN_7_ADJ_b,F,S,la boisson avec les cloches que j' aime beaucoup n' est pas délicate <eos>,12,délicate,délicat,10,F,P,délicate,-11.6741085,délicat,-12.15133,1
2974,S_NOUN_7_ADJ_b,F,S,la boisson avec les cloches que j' aime beaucoup n' est pas pointue <eos>,12,pointue,pointu,10,F,P,pointue,-12.878011,pointu,-15.096305,1
2975,S_NOUN_7_ADJ_b,F,S,la boisson avec les cloches que j' aime beaucoup n' est pas ronde <eos>,12,ronde,rond,10,F,P,ronde,-10.231311,rond,-9.902769,0
2976,S_NOUN_7_ADJ_b,F,S,la boisson avec les cloches que j' aime beaucoup n' est pas froide <eos>,12,froide,froid,10,F,P,froide,-8.077637,froid,-11.170381,1
2977,S_NOUN_7_ADJ_b,F,S,la boisson avec les cloches que j' aime beaucoup n' est pas chaude <eos>,12,chaude,chaud,10,F,P,chaude,-8.328854,chaud,-11.367339,1
2978,S_NOUN_7_ADJ_b,F,S,la boisson avec les cloches que j' aime beaucoup n' est pas importante <eos>,12,importante,important,10,F,P,importante,-8.368426,important,-10.957558,1
2979,S_NOUN_7_ADJ_b,F,S,la boisson avec les cloches que j' aime beaucoup n' est pas courte <eos>,12,courte,court,10,F,P,courte,-10.407785,court,-12.458906,1
2980,S_NOUN_7_ADJ_b,F,S,la boisson avec les cloches que j' aime beaucoup n' est pas dure <eos>,12,dure,dur,10,F,P,dure,-9.8881235,dur,-10.973116,1
2981,S_NOUN_7_ADJ_b,F,S,la boisson avec les cloches que j' aime beaucoup n' est pas claire <eos>,12,claire,clair,10,F,P,claire,-6.122514,clair,-7.774844,1
2982,S_NOUN_7_ADJ_b,F,S,la boisson avec les cloches que j' aime beaucoup n' est pas intéressante <eos>,12,intéressante,intéressant,10,F,P,intéressante,-8.151661,intéressant,-10.501592,1
2983,S_NOUN_7_ADJ_b,F,S,la boisson avec les cloches que j' aime beaucoup n' est pas brillante <eos>,12,brillante,brillant,10,F,P,brillante,-8.151378,brillant,-11.817997,1
2984,S_NOUN_7_ADJ_b,F,S,la boisson avec les cloches que j' aime beaucoup n' est pas compliquée <eos>,12,compliquée,compliqué,10,F,P,compliquée,-11.241007,compliqué,-11.604198,1
2985,S_NOUN_7_ADJ_b,F,S,la boisson avec les cerises que j' aime beaucoup n' est pas verte <eos>,12,verte,vert,10,F,P,verte,-9.936785,vert,-10.249183,1
2986,S_NOUN_7_ADJ_b,F,S,la boisson avec les cerises que j' aime beaucoup n' est pas bleue <eos>,12,bleue,bleu,10,F,P,bleue,-10.522486,bleu,-10.395496,0
2987,S_NOUN_7_ADJ_b,F,S,la boisson avec les cerises que j' aime beaucoup n' est pas noire <eos>,12,noire,noir,10,F,P,noire,-9.109085,noir,-9.100359,0
2988,S_NOUN_7_ADJ_b,F,S,la boisson avec les cerises que j' aime beaucoup n' est pas délicate <eos>,12,délicate,délicat,10,F,P,délicate,-11.306432,délicat,-11.90924,1
2989,S_NOUN_7_ADJ_b,F,S,la boisson avec les cerises que j' aime beaucoup n' est pas pointue <eos>,12,pointue,pointu,10,F,P,pointue,-13.378208,pointu,-15.217491,1
2990,S_NOUN_7_ADJ_b,F,S,la boisson avec les cerises que j' aime beaucoup n' est pas ronde <eos>,12,ronde,rond,10,F,P,ronde,-9.905928,rond,-9.924219,1
2991,S_NOUN_7_ADJ_b,F,S,la boisson avec les cerises que j' aime beaucoup n' est pas froide <eos>,12,froide,froid,10,F,P,froide,-7.6506596,froid,-11.053479,1
2992,S_NOUN_7_ADJ_b,F,S,la boisson avec les cerises que j' aime beaucoup n' est pas chaude <eos>,12,chaude,chaud,10,F,P,chaude,-8.431318,chaud,-11.553162,1
2993,S_NOUN_7_ADJ_b,F,S,la boisson avec les cerises que j' aime beaucoup n' est pas importante <eos>,12,importante,important,10,F,P,importante,-8.5934,important,-11.289524,1
2994,S_NOUN_7_ADJ_b,F,S,la boisson avec les cerises que j' aime beaucoup n' est pas courte <eos>,12,courte,court,10,F,P,courte,-10.52998,court,-12.505601,1
2995,S_NOUN_7_ADJ_b,F,S,la boisson avec les cerises que j' aime beaucoup n' est pas dure <eos>,12,dure,dur,10,F,P,dure,-9.622411,dur,-10.989485,1
2996,S_NOUN_7_ADJ_b,F,S,la boisson avec les cerises que j' aime beaucoup n' est pas claire <eos>,12,claire,clair,10,F,P,claire,-5.645148,clair,-7.648789,1
2997,S_NOUN_7_ADJ_b,F,S,la boisson avec les cerises que j' aime beaucoup n' est pas intéressante <eos>,12,intéressante,intéressant,10,F,P,intéressante,-8.139484,intéressant,-10.99898,1
2998,S_NOUN_7_ADJ_b,F,S,la boisson avec les cerises que j' aime beaucoup n' est pas brillante <eos>,12,brillante,brillant,10,F,P,brillante,-8.565744,brillant,-11.887706,1
2999,S_NOUN_7_ADJ_b,F,S,la boisson avec les cerises que j' aime beaucoup n' est pas compliquée <eos>,12,compliquée,compliqué,10,F,P,compliquée,-11.095625,compliqué,-11.61477,1
3000,S_NOUN_7_ADJ_b,F,S,la pomme avec les gemmes que j' aime beaucoup n' est pas verte <eos>,12,verte,vert,10,F,P,verte,-8.367577,vert,-8.623884,1
3001,S_NOUN_7_ADJ_b,F,S,la pomme avec les gemmes que j' aime beaucoup n' est pas bleue <eos>,12,bleue,bleu,10,F,P,bleue,-8.710028,bleu,-8.487095,0
3002,S_NOUN_7_ADJ_b,F,S,la pomme avec les gemmes que j' aime beaucoup n' est pas noire <eos>,12,noire,noir,10,F,P,noire,-7.951824,noir,-7.6350946,0
3003,S_NOUN_7_ADJ_b,F,S,la pomme avec les gemmes que j' aime beaucoup n' est pas délicate <eos>,12,délicate,délicat,10,F,P,délicate,-11.548537,délicat,-12.397251,1
3004,S_NOUN_7_ADJ_b,F,S,la pomme avec les gemmes que j' aime beaucoup n' est pas pointue <eos>,12,pointue,pointu,10,F,P,pointue,-12.432981,pointu,-13.644532,1
3005,S_NOUN_7_ADJ_b,F,S,la pomme avec les gemmes que j' aime beaucoup n' est pas ronde <eos>,12,ronde,rond,10,F,P,ronde,-10.27841,rond,-9.761807,0
3006,S_NOUN_7_ADJ_b,F,S,la pomme avec les gemmes que j' aime beaucoup n' est pas froide <eos>,12,froide,froid,10,F,P,froide,-7.851317,froid,-11.37154,1
3007,S_NOUN_7_ADJ_b,F,S,la pomme avec les gemmes que j' aime beaucoup n' est pas chaude <eos>,12,chaude,chaud,10,F,P,chaude,-8.464317,chaud,-11.568373,1
3008,S_NOUN_7_ADJ_b,F,S,la pomme avec les gemmes que j' aime beaucoup n' est pas importante <eos>,12,importante,important,10,F,P,importante,-8.998882,important,-11.330593,1
3009,S_NOUN_7_ADJ_b,F,S,la pomme avec les gemmes que j' aime beaucoup n' est pas courte <eos>,12,courte,court,10,F,P,courte,-10.664619,court,-12.300431,1
3010,S_NOUN_7_ADJ_b,F,S,la pomme avec les gemmes que j' aime beaucoup n' est pas dure <eos>,12,dure,dur,10,F,P,dure,-9.749273,dur,-10.165869,1
3011,S_NOUN_7_ADJ_b,F,S,la pomme avec les gemmes que j' aime beaucoup n' est pas claire <eos>,12,claire,clair,10,F,P,claire,-5.8025317,clair,-7.194218,1
3012,S_NOUN_7_ADJ_b,F,S,la pomme avec les gemmes que j' aime beaucoup n' est pas intéressante <eos>,12,intéressante,intéressant,10,F,P,intéressante,-8.703617,intéressant,-10.534969,1
3013,S_NOUN_7_ADJ_b,F,S,la pomme avec les gemmes que j' aime beaucoup n' est pas brillante <eos>,12,brillante,brillant,10,F,P,brillante,-7.126436,brillant,-9.8092575,1
3014,S_NOUN_7_ADJ_b,F,S,la pomme avec les gemmes que j' aime beaucoup n' est pas compliquée <eos>,12,compliquée,compliqué,10,F,P,compliquée,-10.984003,compliqué,-10.985182,1
3015,S_NOUN_7_ADJ_b,F,S,la pomme avec les chaises que j' aime beaucoup n' est pas verte <eos>,12,verte,vert,10,F,P,verte,-9.748266,vert,-10.133825,1
3016,S_NOUN_7_ADJ_b,F,S,la pomme avec les chaises que j' aime beaucoup n' est pas bleue <eos>,12,bleue,bleu,10,F,P,bleue,-9.875578,bleu,-9.966025,1
3017,S_NOUN_7_ADJ_b,F,S,la pomme avec les chaises que j' aime beaucoup n' est pas noire <eos>,12,noire,noir,10,F,P,noire,-9.0715885,noir,-8.752274,0
3018,S_NOUN_7_ADJ_b,F,S,la pomme avec les chaises que j' aime beaucoup n' est pas délicate <eos>,12,délicate,délicat,10,F,P,délicate,-11.143009,délicat,-11.546373,1
3019,S_NOUN_7_ADJ_b,F,S,la pomme avec les chaises que j' aime beaucoup n' est pas pointue <eos>,12,pointue,pointu,10,F,P,pointue,-12.717151,pointu,-13.940927,1
3020,S_NOUN_7_ADJ_b,F,S,la pomme avec les chaises que j' aime beaucoup n' est pas ronde <eos>,12,ronde,rond,10,F,P,ronde,-9.731489,rond,-8.875854,0
3021,S_NOUN_7_ADJ_b,F,S,la pomme avec les chaises que j' aime beaucoup n' est pas froide <eos>,12,froide,froid,10,F,P,froide,-8.507484,froid,-11.336716,1
3022,S_NOUN_7_ADJ_b,F,S,la pomme avec les chaises que j' aime beaucoup n' est pas chaude <eos>,12,chaude,chaud,10,F,P,chaude,-8.508707,chaud,-11.313671,1
3023,S_NOUN_7_ADJ_b,F,S,la pomme avec les chaises que j' aime beaucoup n' est pas importante <eos>,12,importante,important,10,F,P,importante,-8.905729,important,-10.839896,1
3024,S_NOUN_7_ADJ_b,F,S,la pomme avec les chaises que j' aime beaucoup n' est pas courte <eos>,12,courte,court,10,F,P,courte,-10.559909,court,-11.611186,1
3025,S_NOUN_7_ADJ_b,F,S,la pomme avec les chaises que j' aime beaucoup n' est pas dure <eos>,12,dure,dur,10,F,P,dure,-9.133059,dur,-10.507872,1
3026,S_NOUN_7_ADJ_b,F,S,la pomme avec les chaises que j' aime beaucoup n' est pas claire <eos>,12,claire,clair,10,F,P,claire,-5.7568636,clair,-7.646435,1
3027,S_NOUN_7_ADJ_b,F,S,la pomme avec les chaises que j' aime beaucoup n' est pas intéressante <eos>,12,intéressante,intéressant,10,F,P,intéressante,-8.927235,intéressant,-10.758247,1
3028,S_NOUN_7_ADJ_b,F,S,la pomme avec les chaises que j' aime beaucoup n' est pas brillante <eos>,12,brillante,brillant,10,F,P,brillante,-8.327293,brillant,-11.021007,1
3029,S_NOUN_7_ADJ_b,F,S,la pomme avec les chaises que j' aime beaucoup n' est pas compliquée <eos>,12,compliquée,compliqué,10,F,P,compliquée,-10.598153,compliqué,-11.129924,1
3030,S_NOUN_7_ADJ_b,F,S,la pomme avec les poubelles que j' aime beaucoup n' est pas verte <eos>,12,verte,vert,10,F,P,verte,-8.955079,vert,-9.690655,1
3031,S_NOUN_7_ADJ_b,F,S,la pomme avec les poubelles que j' aime beaucoup n' est pas bleue <eos>,12,bleue,bleu,10,F,P,bleue,-10.446375,bleu,-10.863882,1
3032,S_NOUN_7_ADJ_b,F,S,la pomme avec les poubelles que j' aime beaucoup n' est pas noire <eos>,12,noire,noir,10,F,P,noire,-9.410202,noir,-8.860971,0
3033,S_NOUN_7_ADJ_b,F,S,la pomme avec les poubelles que j' aime beaucoup n' est pas délicate <eos>,12,délicate,délicat,10,F,P,délicate,-11.576218,délicat,-11.81308,1
3034,S_NOUN_7_ADJ_b,F,S,la pomme avec les poubelles que j' aime beaucoup n' est pas pointue <eos>,12,pointue,pointu,10,F,P,pointue,-12.393372,pointu,-13.766071,1
3035,S_NOUN_7_ADJ_b,F,S,la pomme avec les poubelles que j' aime beaucoup n' est pas ronde <eos>,12,ronde,rond,10,F,P,ronde,-10.784882,rond,-9.845007,0
3036,S_NOUN_7_ADJ_b,F,S,la pomme avec les poubelles que j' aime beaucoup n' est pas froide <eos>,12,froide,froid,10,F,P,froide,-8.699659,froid,-10.982109,1
3037,S_NOUN_7_ADJ_b,F,S,la pomme avec les poubelles que j' aime beaucoup n' est pas chaude <eos>,12,chaude,chaud,10,F,P,chaude,-8.696571,chaud,-11.50797,1
3038,S_NOUN_7_ADJ_b,F,S,la pomme avec les poubelles que j' aime beaucoup n' est pas importante <eos>,12,importante,important,10,F,P,importante,-8.711169,important,-10.412998,1
3039,S_NOUN_7_ADJ_b,F,S,la pomme avec les poubelles que j' aime beaucoup n' est pas courte <eos>,12,courte,court,10,F,P,courte,-10.937568,court,-11.848169,1
3040,S_NOUN_7_ADJ_b,F,S,la pomme avec les poubelles que j' aime beaucoup n' est pas dure <eos>,12,dure,dur,10,F,P,dure,-9.162487,dur,-9.821293,1
3041,S_NOUN_7_ADJ_b,F,S,la pomme avec les poubelles que j' aime beaucoup n' est pas claire <eos>,12,claire,clair,10,F,P,claire,-6.3161826,clair,-8.020323,1
3042,S_NOUN_7_ADJ_b,F,S,la pomme avec les poubelles que j' aime beaucoup n' est pas intéressante <eos>,12,intéressante,intéressant,10,F,P,intéressante,-9.068539,intéressant,-10.492243,1
3043,S_NOUN_7_ADJ_b,F,S,la pomme avec les poubelles que j' aime beaucoup n' est pas brillante <eos>,12,brillante,brillant,10,F,P,brillante,-9.529463,brillant,-11.4467535,1
3044,S_NOUN_7_ADJ_b,F,S,la pomme avec les poubelles que j' aime beaucoup n' est pas compliquée <eos>,12,compliquée,compliqué,10,F,P,compliquée,-10.808836,compliqué,-11.086147,1
3045,S_NOUN_7_ADJ_b,F,S,la pomme avec les chemises que j' aime beaucoup n' est pas verte <eos>,12,verte,vert,10,F,P,verte,-9.061031,vert,-8.75121,0
3046,S_NOUN_7_ADJ_b,F,S,la pomme avec les chemises que j' aime beaucoup n' est pas bleue <eos>,12,bleue,bleu,10,F,P,bleue,-9.135079,bleu,-8.898518,0
3047,S_NOUN_7_ADJ_b,F,S,la pomme avec les chemises que j' aime beaucoup n' est pas noire <eos>,12,noire,noir,10,F,P,noire,-8.231736,noir,-7.2422104,0
3048,S_NOUN_7_ADJ_b,F,S,la pomme avec les chemises que j' aime beaucoup n' est pas délicate <eos>,12,délicate,délicat,10,F,P,délicate,-11.221081,délicat,-11.50017,1
3049,S_NOUN_7_ADJ_b,F,S,la pomme avec les chemises que j' aime beaucoup n' est pas pointue <eos>,12,pointue,pointu,10,F,P,pointue,-11.874604,pointu,-13.583654,1
3050,S_NOUN_7_ADJ_b,F,S,la pomme avec les chemises que j' aime beaucoup n' est pas ronde <eos>,12,ronde,rond,10,F,P,ronde,-10.012787,rond,-9.211093,0
3051,S_NOUN_7_ADJ_b,F,S,la pomme avec les chemises que j' aime beaucoup n' est pas froide <eos>,12,froide,froid,10,F,P,froide,-8.125694,froid,-10.737022,1
3052,S_NOUN_7_ADJ_b,F,S,la pomme avec les chemises que j' aime beaucoup n' est pas chaude <eos>,12,chaude,chaud,10,F,P,chaude,-8.627474,chaud,-10.881891,1
3053,S_NOUN_7_ADJ_b,F,S,la pomme avec les chemises que j' aime beaucoup n' est pas importante <eos>,12,importante,important,10,F,P,importante,-8.987597,important,-11.175718,1
3054,S_NOUN_7_ADJ_b,F,S,la pomme avec les chemises que j' aime beaucoup n' est pas courte <eos>,12,courte,court,10,F,P,courte,-10.049245,court,-11.394129,1
3055,S_NOUN_7_ADJ_b,F,S,la pomme avec les chemises que j' aime beaucoup n' est pas dure <eos>,12,dure,dur,10,F,P,dure,-8.394797,dur,-9.503338,1
3056,S_NOUN_7_ADJ_b,F,S,la pomme avec les chemises que j' aime beaucoup n' est pas claire <eos>,12,claire,clair,10,F,P,claire,-5.3565,clair,-6.9198537,1
3057,S_NOUN_7_ADJ_b,F,S,la pomme avec les chemises que j' aime beaucoup n' est pas intéressante <eos>,12,intéressante,intéressant,10,F,P,intéressante,-9.363853,intéressant,-11.068838,1
3058,S_NOUN_7_ADJ_b,F,S,la pomme avec les chemises que j' aime beaucoup n' est pas brillante <eos>,12,brillante,brillant,10,F,P,brillante,-7.356624,brillant,-9.829002,1
3059,S_NOUN_7_ADJ_b,F,S,la pomme avec les chemises que j' aime beaucoup n' est pas compliquée <eos>,12,compliquée,compliqué,10,F,P,compliquée,-10.781399,compliqué,-11.208656,1
3060,S_NOUN_7_ADJ_b,F,S,la pomme avec les recettes que j' aime beaucoup n' est pas verte <eos>,12,verte,vert,10,F,P,verte,-9.816782,vert,-10.354169,1
3061,S_NOUN_7_ADJ_b,F,S,la pomme avec les recettes que j' aime beaucoup n' est pas bleue <eos>,12,bleue,bleu,10,F,P,bleue,-10.73406,bleu,-10.876682,1
3062,S_NOUN_7_ADJ_b,F,S,la pomme avec les recettes que j' aime beaucoup n' est pas noire <eos>,12,noire,noir,10,F,P,noire,-9.20231,noir,-8.997299,0
3063,S_NOUN_7_ADJ_b,F,S,la pomme avec les recettes que j' aime beaucoup n' est pas délicate <eos>,12,délicate,délicat,10,F,P,délicate,-11.251923,délicat,-11.520454,1
3064,S_NOUN_7_ADJ_b,F,S,la pomme avec les recettes que j' aime beaucoup n' est pas pointue <eos>,12,pointue,pointu,10,F,P,pointue,-12.51759,pointu,-14.150937,1
3065,S_NOUN_7_ADJ_b,F,S,la pomme avec les recettes que j' aime beaucoup n' est pas ronde <eos>,12,ronde,rond,10,F,P,ronde,-10.285679,rond,-9.882692,0
3066,S_NOUN_7_ADJ_b,F,S,la pomme avec les recettes que j' aime beaucoup n' est pas froide <eos>,12,froide,froid,10,F,P,froide,-8.172073,froid,-11.346029,1
3067,S_NOUN_7_ADJ_b,F,S,la pomme avec les recettes que j' aime beaucoup n' est pas chaude <eos>,12,chaude,chaud,10,F,P,chaude,-8.27249,chaud,-11.757608,1
3068,S_NOUN_7_ADJ_b,F,S,la pomme avec les recettes que j' aime beaucoup n' est pas importante <eos>,12,importante,important,10,F,P,importante,-8.154468,important,-10.741458,1
3069,S_NOUN_7_ADJ_b,F,S,la pomme avec les recettes que j' aime beaucoup n' est pas courte <eos>,12,courte,court,10,F,P,courte,-9.930425,court,-10.992223,1
3070,S_NOUN_7_ADJ_b,F,S,la pomme avec les recettes que j' aime beaucoup n' est pas dure <eos>,12,dure,dur,10,F,P,dure,-8.961685,dur,-10.6367,1
3071,S_NOUN_7_ADJ_b,F,S,la pomme avec les recettes que j' aime beaucoup n' est pas claire <eos>,12,claire,clair,10,F,P,claire,-5.966758,clair,-7.687131,1
3072,S_NOUN_7_ADJ_b,F,S,la pomme avec les recettes que j' aime beaucoup n' est pas intéressante <eos>,12,intéressante,intéressant,10,F,P,intéressante,-8.087274,intéressant,-10.911481,1
3073,S_NOUN_7_ADJ_b,F,S,la pomme avec les recettes que j' aime beaucoup n' est pas brillante <eos>,12,brillante,brillant,10,F,P,brillante,-8.435223,brillant,-11.337788,1
3074,S_NOUN_7_ADJ_b,F,S,la pomme avec les recettes que j' aime beaucoup n' est pas compliquée <eos>,12,compliquée,compliqué,10,F,P,compliquée,-10.8008,compliqué,-10.915557,1
3075,S_NOUN_7_ADJ_b,F,S,la pomme avec les jupes que j' aime beaucoup n' est pas verte <eos>,12,verte,vert,10,F,P,verte,-8.956931,vert,-9.234194,1
3076,S_NOUN_7_ADJ_b,F,S,la pomme avec les jupes que j' aime beaucoup n' est pas bleue <eos>,12,bleue,bleu,10,F,P,bleue,-9.360299,bleu,-9.223005,0
3077,S_NOUN_7_ADJ_b,F,S,la pomme avec les jupes que j' aime beaucoup n' est pas noire <eos>,12,noire,noir,10,F,P,noire,-8.541572,noir,-7.8475757,0
3078,S_NOUN_7_ADJ_b,F,S,la pomme avec les jupes que j' aime beaucoup n' est pas délicate <eos>,12,délicate,délicat,10,F,P,délicate,-10.953315,délicat,-11.096204,1
3079,S_NOUN_7_ADJ_b,F,S,la pomme avec les jupes que j' aime beaucoup n' est pas pointue <eos>,12,pointue,pointu,10,F,P,pointue,-11.5285,pointu,-13.131802,1
3080,S_NOUN_7_ADJ_b,F,S,la pomme avec les jupes que j' aime beaucoup n' est pas ronde <eos>,12,ronde,rond,10,F,P,ronde,-10.428294,rond,-8.872871,0
3081,S_NOUN_7_ADJ_b,F,S,la pomme avec les jupes que j' aime beaucoup n' est pas froide <eos>,12,froide,froid,10,F,P,froide,-9.014608,froid,-11.0927105,1
3082,S_NOUN_7_ADJ_b,F,S,la pomme avec les jupes que j' aime beaucoup n' est pas chaude <eos>,12,chaude,chaud,10,F,P,chaude,-9.534807,chaud,-11.261166,1
3083,S_NOUN_7_ADJ_b,F,S,la pomme avec les jupes que j' aime beaucoup n' est pas importante <eos>,12,importante,important,10,F,P,importante,-8.995438,important,-11.086323,1
3084,S_NOUN_7_ADJ_b,F,S,la pomme avec les jupes que j' aime beaucoup n' est pas courte <eos>,12,courte,court,10,F,P,courte,-9.721609,court,-10.8313675,1
3085,S_NOUN_7_ADJ_b,F,S,la pomme avec les jupes que j' aime beaucoup n' est pas dure <eos>,12,dure,dur,10,F,P,dure,-8.652487,dur,-10.039433,1
3086,S_NOUN_7_ADJ_b,F,S,la pomme avec les jupes que j' aime beaucoup n' est pas claire <eos>,12,claire,clair,10,F,P,claire,-5.1364756,clair,-7.0042095,1
3087,S_NOUN_7_ADJ_b,F,S,la pomme avec les jupes que j' aime beaucoup n' est pas intéressante <eos>,12,intéressante,intéressant,10,F,P,intéressante,-9.452544,intéressant,-10.835074,1
3088,S_NOUN_7_ADJ_b,F,S,la pomme avec les jupes que j' aime beaucoup n' est pas brillante <eos>,12,brillante,brillant,10,F,P,brillante,-7.8172083,brillant,-9.792759,1
3089,S_NOUN_7_ADJ_b,F,S,la pomme avec les jupes que j' aime beaucoup n' est pas compliquée <eos>,12,compliquée,compliqué,10,F,P,compliquée,-10.364031,compliqué,-11.062197,1
3090,S_NOUN_7_ADJ_b,F,S,la pomme avec les colles que j' aime beaucoup n' est pas verte <eos>,12,verte,vert,10,F,P,verte,-9.316126,vert,-9.700989,1
3091,S_NOUN_7_ADJ_b,F,S,la pomme avec les colles que j' aime beaucoup n' est pas bleue <eos>,12,bleue,bleu,10,F,P,bleue,-10.108024,bleu,-9.862278,0
3092,S_NOUN_7_ADJ_b,F,S,la pomme avec les colles que j' aime beaucoup n' est pas noire <eos>,12,noire,noir,10,F,P,noire,-8.833325,noir,-8.331427,0
3093,S_NOUN_7_ADJ_b,F,S,la pomme avec les colles que j' aime beaucoup n' est pas délicate <eos>,12,délicate,délicat,10,F,P,délicate,-10.468924,délicat,-10.753799,1
3094,S_NOUN_7_ADJ_b,F,S,la pomme avec les colles que j' aime beaucoup n' est pas pointue <eos>,12,pointue,pointu,10,F,P,pointue,-12.577894,pointu,-14.232667,1
3095,S_NOUN_7_ADJ_b,F,S,la pomme avec les colles que j' aime beaucoup n' est pas ronde <eos>,12,ronde,rond,10,F,P,ronde,-10.557318,rond,-10.050486,0
3096,S_NOUN_7_ADJ_b,F,S,la pomme avec les colles que j' aime beaucoup n' est pas froide <eos>,12,froide,froid,10,F,P,froide,-7.9361296,froid,-10.660184,1
3097,S_NOUN_7_ADJ_b,F,S,la pomme avec les colles que j' aime beaucoup n' est pas chaude <eos>,12,chaude,chaud,10,F,P,chaude,-8.202515,chaud,-10.618091,1
3098,S_NOUN_7_ADJ_b,F,S,la pomme avec les colles que j' aime beaucoup n' est pas importante <eos>,12,importante,important,10,F,P,importante,-8.81979,important,-10.901584,1
3099,S_NOUN_7_ADJ_b,F,S,la pomme avec les colles que j' aime beaucoup n' est pas courte <eos>,12,courte,court,10,F,P,courte,-10.935408,court,-12.358948,1
3100,S_NOUN_7_ADJ_b,F,S,la pomme avec les colles que j' aime beaucoup n' est pas dure <eos>,12,dure,dur,10,F,P,dure,-8.961283,dur,-10.026043,1
3101,S_NOUN_7_ADJ_b,F,S,la pomme avec les colles que j' aime beaucoup n' est pas claire <eos>,12,claire,clair,10,F,P,claire,-5.615408,clair,-7.617937,1
3102,S_NOUN_7_ADJ_b,F,S,la pomme avec les colles que j' aime beaucoup n' est pas intéressante <eos>,12,intéressante,intéressant,10,F,P,intéressante,-8.538836,intéressant,-10.258066,1
3103,S_NOUN_7_ADJ_b,F,S,la pomme avec les colles que j' aime beaucoup n' est pas brillante <eos>,12,brillante,brillant,10,F,P,brillante,-7.833642,brillant,-9.883101,1
3104,S_NOUN_7_ADJ_b,F,S,la pomme avec les colles que j' aime beaucoup n' est pas compliquée <eos>,12,compliquée,compliqué,10,F,P,compliquée,-10.224196,compliqué,-10.79614,1
3105,S_NOUN_7_ADJ_b,F,S,la pomme avec les lampes que j' aime beaucoup n' est pas verte <eos>,12,verte,vert,10,F,P,verte,-8.568058,vert,-9.332606,1
3106,S_NOUN_7_ADJ_b,F,S,la pomme avec les lampes que j' aime beaucoup n' est pas bleue <eos>,12,bleue,bleu,10,F,P,bleue,-9.209709,bleu,-9.121056,0
3107,S_NOUN_7_ADJ_b,F,S,la pomme avec les lampes que j' aime beaucoup n' est pas noire <eos>,12,noire,noir,10,F,P,noire,-8.521786,noir,-8.019653,0
3108,S_NOUN_7_ADJ_b,F,S,la pomme avec les lampes que j' aime beaucoup n' est pas délicate <eos>,12,délicate,délicat,10,F,P,délicate,-11.204874,délicat,-11.931515,1
3109,S_NOUN_7_ADJ_b,F,S,la pomme avec les lampes que j' aime beaucoup n' est pas pointue <eos>,12,pointue,pointu,10,F,P,pointue,-12.834506,pointu,-13.777264,1
3110,S_NOUN_7_ADJ_b,F,S,la pomme avec les lampes que j' aime beaucoup n' est pas ronde <eos>,12,ronde,rond,10,F,P,ronde,-10.927962,rond,-9.258747,0
3111,S_NOUN_7_ADJ_b,F,S,la pomme avec les lampes que j' aime beaucoup n' est pas froide <eos>,12,froide,froid,10,F,P,froide,-7.333312,froid,-10.827283,1
3112,S_NOUN_7_ADJ_b,F,S,la pomme avec les lampes que j' aime beaucoup n' est pas chaude <eos>,12,chaude,chaud,10,F,P,chaude,-7.3868556,chaud,-10.906591,1
3113,S_NOUN_7_ADJ_b,F,S,la pomme avec les lampes que j' aime beaucoup n' est pas importante <eos>,12,importante,important,10,F,P,importante,-8.756581,important,-10.987784,1
3114,S_NOUN_7_ADJ_b,F,S,la pomme avec les lampes que j' aime beaucoup n' est pas courte <eos>,12,courte,court,10,F,P,courte,-10.840581,court,-12.553233,1
3115,S_NOUN_7_ADJ_b,F,S,la pomme avec les lampes que j' aime beaucoup n' est pas dure <eos>,12,dure,dur,10,F,P,dure,-9.291473,dur,-10.476543,1
3116,S_NOUN_7_ADJ_b,F,S,la pomme avec les lampes que j' aime beaucoup n' est pas claire <eos>,12,claire,clair,10,F,P,claire,-6.0727787,clair,-7.3921213,1
3117,S_NOUN_7_ADJ_b,F,S,la pomme avec les lampes que j' aime beaucoup n' est pas intéressante <eos>,12,intéressante,intéressant,10,F,P,intéressante,-8.873444,intéressant,-10.590718,1
3118,S_NOUN_7_ADJ_b,F,S,la pomme avec les lampes que j' aime beaucoup n' est pas brillante <eos>,12,brillante,brillant,10,F,P,brillante,-7.4783273,brillant,-10.377415,1
3119,S_NOUN_7_ADJ_b,F,S,la pomme avec les lampes que j' aime beaucoup n' est pas compliquée <eos>,12,compliquée,compliqué,10,F,P,compliquée,-11.09108,compliqué,-11.498703,1
3120,S_NOUN_7_ADJ_b,F,S,la pomme avec les bouteilles que j' aime beaucoup n' est pas verte <eos>,12,verte,vert,10,F,P,verte,-9.538644,vert,-9.7849045,1
3121,S_NOUN_7_ADJ_b,F,S,la pomme avec les bouteilles que j' aime beaucoup n' est pas bleue <eos>,12,bleue,bleu,10,F,P,bleue,-9.776984,bleu,-10.185976,1
3122,S_NOUN_7_ADJ_b,F,S,la pomme avec les bouteilles que j' aime beaucoup n' est pas noire <eos>,12,noire,noir,10,F,P,noire,-9.355486,noir,-8.987942,0
3123,S_NOUN_7_ADJ_b,F,S,la pomme avec les bouteilles que j' aime beaucoup n' est pas délicate <eos>,12,délicate,délicat,10,F,P,délicate,-11.77544,délicat,-11.966501,1
3124,S_NOUN_7_ADJ_b,F,S,la pomme avec les bouteilles que j' aime beaucoup n' est pas pointue <eos>,12,pointue,pointu,10,F,P,pointue,-13.168968,pointu,-14.760616,1
3125,S_NOUN_7_ADJ_b,F,S,la pomme avec les bouteilles que j' aime beaucoup n' est pas ronde <eos>,12,ronde,rond,10,F,P,ronde,-10.521821,rond,-9.624723,0
3126,S_NOUN_7_ADJ_b,F,S,la pomme avec les bouteilles que j' aime beaucoup n' est pas froide <eos>,12,froide,froid,10,F,P,froide,-7.6448135,froid,-10.330283,1
3127,S_NOUN_7_ADJ_b,F,S,la pomme avec les bouteilles que j' aime beaucoup n' est pas chaude <eos>,12,chaude,chaud,10,F,P,chaude,-7.6885347,chaud,-10.589338,1
3128,S_NOUN_7_ADJ_b,F,S,la pomme avec les bouteilles que j' aime beaucoup n' est pas importante <eos>,12,importante,important,10,F,P,importante,-8.940313,important,-10.818088,1
3129,S_NOUN_7_ADJ_b,F,S,la pomme avec les bouteilles que j' aime beaucoup n' est pas courte <eos>,12,courte,court,10,F,P,courte,-10.686394,court,-11.589884,1
3130,S_NOUN_7_ADJ_b,F,S,la pomme avec les bouteilles que j' aime beaucoup n' est pas dure <eos>,12,dure,dur,10,F,P,dure,-8.754083,dur,-10.315858,1
3131,S_NOUN_7_ADJ_b,F,S,la pomme avec les bouteilles que j' aime beaucoup n' est pas claire <eos>,12,claire,clair,10,F,P,claire,-5.9849157,clair,-7.9676294,1
3132,S_NOUN_7_ADJ_b,F,S,la pomme avec les bouteilles que j' aime beaucoup n' est pas intéressante <eos>,12,intéressante,intéressant,10,F,P,intéressante,-8.527025,intéressant,-10.722075,1
3133,S_NOUN_7_ADJ_b,F,S,la pomme avec les bouteilles que j' aime beaucoup n' est pas brillante <eos>,12,brillante,brillant,10,F,P,brillante,-8.793126,brillant,-11.277192,1
3134,S_NOUN_7_ADJ_b,F,S,la pomme avec les bouteilles que j' aime beaucoup n' est pas compliquée <eos>,12,compliquée,compliqué,10,F,P,compliquée,-10.635604,compliqué,-11.1764765,1
3135,S_NOUN_7_ADJ_b,F,S,la pomme avec les boissons que j' aime beaucoup n' est pas verte <eos>,12,verte,vert,10,F,P,verte,-9.606953,vert,-10.01376,1
3136,S_NOUN_7_ADJ_b,F,S,la pomme avec les boissons que j' aime beaucoup n' est pas bleue <eos>,12,bleue,bleu,10,F,P,bleue,-10.629863,bleu,-10.476168,0
3137,S_NOUN_7_ADJ_b,F,S,la pomme avec les boissons que j' aime beaucoup n' est pas noire <eos>,12,noire,noir,10,F,P,noire,-9.033893,noir,-8.820913,0
3138,S_NOUN_7_ADJ_b,F,S,la pomme avec les boissons que j' aime beaucoup n' est pas délicate <eos>,12,délicate,délicat,10,F,P,délicate,-11.2912,délicat,-11.508138,1
3139,S_NOUN_7_ADJ_b,F,S,la pomme avec les boissons que j' aime beaucoup n' est pas pointue <eos>,12,pointue,pointu,10,F,P,pointue,-12.856285,pointu,-14.540898,1
3140,S_NOUN_7_ADJ_b,F,S,la pomme avec les boissons que j' aime beaucoup n' est pas ronde <eos>,12,ronde,rond,10,F,P,ronde,-9.861873,rond,-10.11528,1
3141,S_NOUN_7_ADJ_b,F,S,la pomme avec les boissons que j' aime beaucoup n' est pas froide <eos>,12,froide,froid,10,F,P,froide,-7.837404,froid,-11.051168,1
3142,S_NOUN_7_ADJ_b,F,S,la pomme avec les boissons que j' aime beaucoup n' est pas chaude <eos>,12,chaude,chaud,10,F,P,chaude,-7.8897076,chaud,-11.188862,1
3143,S_NOUN_7_ADJ_b,F,S,la pomme avec les boissons que j' aime beaucoup n' est pas importante <eos>,12,importante,important,10,F,P,importante,-8.60156,important,-11.018571,1
3144,S_NOUN_7_ADJ_b,F,S,la pomme avec les boissons que j' aime beaucoup n' est pas courte <eos>,12,courte,court,10,F,P,courte,-10.5154915,court,-12.031142,1
3145,S_NOUN_7_ADJ_b,F,S,la pomme avec les boissons que j' aime beaucoup n' est pas dure <eos>,12,dure,dur,10,F,P,dure,-9.178625,dur,-10.431642,1
3146,S_NOUN_7_ADJ_b,F,S,la pomme avec les boissons que j' aime beaucoup n' est pas claire <eos>,12,claire,clair,10,F,P,claire,-6.015154,clair,-7.964226,1
3147,S_NOUN_7_ADJ_b,F,S,la pomme avec les boissons que j' aime beaucoup n' est pas intéressante <eos>,12,intéressante,intéressant,10,F,P,intéressante,-8.691255,intéressant,-10.915089,1
3148,S_NOUN_7_ADJ_b,F,S,la pomme avec les boissons que j' aime beaucoup n' est pas brillante <eos>,12,brillante,brillant,10,F,P,brillante,-8.639177,brillant,-11.471874,1
3149,S_NOUN_7_ADJ_b,F,S,la pomme avec les boissons que j' aime beaucoup n' est pas compliquée <eos>,12,compliquée,compliqué,10,F,P,compliquée,-11.0448,compliqué,-11.368841,1
3150,S_NOUN_7_ADJ_b,F,S,la pomme avec les pommes que j' aime beaucoup n' est pas verte <eos>,12,verte,vert,10,F,P,verte,-8.932801,vert,-8.966052,1
3151,S_NOUN_7_ADJ_b,F,S,la pomme avec les pommes que j' aime beaucoup n' est pas bleue <eos>,12,bleue,bleu,10,F,P,bleue,-9.94206,bleu,-9.7122135,0
3152,S_NOUN_7_ADJ_b,F,S,la pomme avec les pommes que j' aime beaucoup n' est pas noire <eos>,12,noire,noir,10,F,P,noire,-8.6227455,noir,-8.358545,0
3153,S_NOUN_7_ADJ_b,F,S,la pomme avec les pommes que j' aime beaucoup n' est pas délicate <eos>,12,délicate,délicat,10,F,P,délicate,-10.437155,délicat,-10.874175,1
3154,S_NOUN_7_ADJ_b,F,S,la pomme avec les pommes que j' aime beaucoup n' est pas pointue <eos>,12,pointue,pointu,10,F,P,pointue,-11.788858,pointu,-14.011633,1
3155,S_NOUN_7_ADJ_b,F,S,la pomme avec les pommes que j' aime beaucoup n' est pas ronde <eos>,12,ronde,rond,10,F,P,ronde,-9.800052,rond,-9.492469,0
3156,S_NOUN_7_ADJ_b,F,S,la pomme avec les pommes que j' aime beaucoup n' est pas froide <eos>,12,froide,froid,10,F,P,froide,-6.8757243,froid,-10.53148,1
3157,S_NOUN_7_ADJ_b,F,S,la pomme avec les pommes que j' aime beaucoup n' est pas chaude <eos>,12,chaude,chaud,10,F,P,chaude,-7.694435,chaud,-10.424671,1
3158,S_NOUN_7_ADJ_b,F,S,la pomme avec les pommes que j' aime beaucoup n' est pas importante <eos>,12,importante,important,10,F,P,importante,-8.7039585,important,-11.36827,1
3159,S_NOUN_7_ADJ_b,F,S,la pomme avec les pommes que j' aime beaucoup n' est pas courte <eos>,12,courte,court,10,F,P,courte,-10.436586,court,-11.777275,1
3160,S_NOUN_7_ADJ_b,F,S,la pomme avec les pommes que j' aime beaucoup n' est pas dure <eos>,12,dure,dur,10,F,P,dure,-8.627033,dur,-9.436595,1
3161,S_NOUN_7_ADJ_b,F,S,la pomme avec les pommes que j' aime beaucoup n' est pas claire <eos>,12,claire,clair,10,F,P,claire,-6.0429244,clair,-7.7858634,1
3162,S_NOUN_7_ADJ_b,F,S,la pomme avec les pommes que j' aime beaucoup n' est pas intéressante <eos>,12,intéressante,intéressant,10,F,P,intéressante,-8.4705715,intéressant,-10.986047,1
3163,S_NOUN_7_ADJ_b,F,S,la pomme avec les pommes que j' aime beaucoup n' est pas brillante <eos>,12,brillante,brillant,10,F,P,brillante,-8.052163,brillant,-11.118568,1
3164,S_NOUN_7_ADJ_b,F,S,la pomme avec les pommes que j' aime beaucoup n' est pas compliquée <eos>,12,compliquée,compliqué,10,F,P,compliquée,-10.5891485,compliqué,-10.808327,1
3165,S_NOUN_7_ADJ_b,F,S,la pomme avec les tasses que j' aime beaucoup n' est pas verte <eos>,12,verte,vert,10,F,P,verte,-9.929598,vert,-10.082366,1
3166,S_NOUN_7_ADJ_b,F,S,la pomme avec les tasses que j' aime beaucoup n' est pas bleue <eos>,12,bleue,bleu,10,F,P,bleue,-10.563632,bleu,-10.740147,1
3167,S_NOUN_7_ADJ_b,F,S,la pomme avec les tasses que j' aime beaucoup n' est pas noire <eos>,12,noire,noir,10,F,P,noire,-9.714796,noir,-9.8878355,1
3168,S_NOUN_7_ADJ_b,F,S,la pomme avec les tasses que j' aime beaucoup n' est pas délicate <eos>,12,délicate,délicat,10,F,P,délicate,-11.015627,délicat,-10.858195,0
3169,S_NOUN_7_ADJ_b,F,S,la pomme avec les tasses que j' aime beaucoup n' est pas pointue <eos>,12,pointue,pointu,10,F,P,pointue,-11.850664,pointu,-13.904346,1
3170,S_NOUN_7_ADJ_b,F,S,la pomme avec les tasses que j' aime beaucoup n' est pas ronde <eos>,12,ronde,rond,10,F,P,ronde,-9.516075,rond,-9.156834,0
3171,S_NOUN_7_ADJ_b,F,S,la pomme avec les tasses que j' aime beaucoup n' est pas froide <eos>,12,froide,froid,10,F,P,froide,-7.909573,froid,-10.393734,1
3172,S_NOUN_7_ADJ_b,F,S,la pomme avec les tasses que j' aime beaucoup n' est pas chaude <eos>,12,chaude,chaud,10,F,P,chaude,-7.1462154,chaud,-10.067266,1
3173,S_NOUN_7_ADJ_b,F,S,la pomme avec les tasses que j' aime beaucoup n' est pas importante <eos>,12,importante,important,10,F,P,importante,-8.6058655,important,-10.983696,1
3174,S_NOUN_7_ADJ_b,F,S,la pomme avec les tasses que j' aime beaucoup n' est pas courte <eos>,12,courte,court,10,F,P,courte,-10.295807,court,-11.7806,1
3175,S_NOUN_7_ADJ_b,F,S,la pomme avec les tasses que j' aime beaucoup n' est pas dure <eos>,12,dure,dur,10,F,P,dure,-8.82775,dur,-10.661535,1
3176,S_NOUN_7_ADJ_b,F,S,la pomme avec les tasses que j' aime beaucoup n' est pas claire <eos>,12,claire,clair,10,F,P,claire,-6.2694054,clair,-8.187851,1
3177,S_NOUN_7_ADJ_b,F,S,la pomme avec les tasses que j' aime beaucoup n' est pas intéressante <eos>,12,intéressante,intéressant,10,F,P,intéressante,-8.3730545,intéressant,-10.753568,1
3178,S_NOUN_7_ADJ_b,F,S,la pomme avec les tasses que j' aime beaucoup n' est pas brillante <eos>,12,brillante,brillant,10,F,P,brillante,-8.297474,brillant,-10.536128,1
3179,S_NOUN_7_ADJ_b,F,S,la pomme avec les tasses que j' aime beaucoup n' est pas compliquée <eos>,12,compliquée,compliqué,10,F,P,compliquée,-10.388752,compliqué,-10.862569,1
3180,S_NOUN_7_ADJ_b,F,S,la pomme avec les bougies que j' aime beaucoup n' est pas verte <eos>,12,verte,vert,10,F,P,verte,-9.149303,vert,-9.2577095,1
3181,S_NOUN_7_ADJ_b,F,S,la pomme avec les bougies que j' aime beaucoup n' est pas bleue <eos>,12,bleue,bleu,10,F,P,bleue,-9.927738,bleu,-9.459721,0
3182,S_NOUN_7_ADJ_b,F,S,la pomme avec les bougies que j' aime beaucoup n' est pas noire <eos>,12,noire,noir,10,F,P,noire,-8.648726,noir,-8.343685,0
3183,S_NOUN_7_ADJ_b,F,S,la pomme avec les bougies que j' aime beaucoup n' est pas délicate <eos>,12,délicate,délicat,10,F,P,délicate,-11.004522,délicat,-11.360269,1
3184,S_NOUN_7_ADJ_b,F,S,la pomme avec les bougies que j' aime beaucoup n' est pas pointue <eos>,12,pointue,pointu,10,F,P,pointue,-12.321676,pointu,-13.971935,1
3185,S_NOUN_7_ADJ_b,F,S,la pomme avec les bougies que j' aime beaucoup n' est pas ronde <eos>,12,ronde,rond,10,F,P,ronde,-9.827089,rond,-8.926894,0
3186,S_NOUN_7_ADJ_b,F,S,la pomme avec les bougies que j' aime beaucoup n' est pas froide <eos>,12,froide,froid,10,F,P,froide,-7.6464186,froid,-10.438673,1
3187,S_NOUN_7_ADJ_b,F,S,la pomme avec les bougies que j' aime beaucoup n' est pas chaude <eos>,12,chaude,chaud,10,F,P,chaude,-7.7604923,chaud,-10.53144,1
3188,S_NOUN_7_ADJ_b,F,S,la pomme avec les bougies que j' aime beaucoup n' est pas importante <eos>,12,importante,important,10,F,P,importante,-9.002995,important,-11.125567,1
3189,S_NOUN_7_ADJ_b,F,S,la pomme avec les bougies que j' aime beaucoup n' est pas courte <eos>,12,courte,court,10,F,P,courte,-10.482756,court,-11.89009,1
3190,S_NOUN_7_ADJ_b,F,S,la pomme avec les bougies que j' aime beaucoup n' est pas dure <eos>,12,dure,dur,10,F,P,dure,-8.712576,dur,-9.996353,1
3191,S_NOUN_7_ADJ_b,F,S,la pomme avec les bougies que j' aime beaucoup n' est pas claire <eos>,12,claire,clair,10,F,P,claire,-6.0871572,clair,-7.405716,1
3192,S_NOUN_7_ADJ_b,F,S,la pomme avec les bougies que j' aime beaucoup n' est pas intéressante <eos>,12,intéressante,intéressant,10,F,P,intéressante,-9.578905,intéressant,-11.105341,1
3193,S_NOUN_7_ADJ_b,F,S,la pomme avec les bougies que j' aime beaucoup n' est pas brillante <eos>,12,brillante,brillant,10,F,P,brillante,-8.185304,brillant,-10.6692295,1
3194,S_NOUN_7_ADJ_b,F,S,la pomme avec les bougies que j' aime beaucoup n' est pas compliquée <eos>,12,compliquée,compliqué,10,F,P,compliquée,-11.236347,compliqué,-11.1191635,0
3195,S_NOUN_7_ADJ_b,F,S,la pomme avec les pochettes que j' aime beaucoup n' est pas verte <eos>,12,verte,vert,10,F,P,verte,-9.600914,vert,-9.600796,0
3196,S_NOUN_7_ADJ_b,F,S,la pomme avec les pochettes que j' aime beaucoup n' est pas bleue <eos>,12,bleue,bleu,10,F,P,bleue,-8.59169,bleu,-9.248146,1
3197,S_NOUN_7_ADJ_b,F,S,la pomme avec les pochettes que j' aime beaucoup n' est pas noire <eos>,12,noire,noir,10,F,P,noire,-8.490487,noir,-7.74756,0
3198,S_NOUN_7_ADJ_b,F,S,la pomme avec les pochettes que j' aime beaucoup n' est pas délicate <eos>,12,délicate,délicat,10,F,P,délicate,-12.181542,délicat,-13.000833,1
3199,S_NOUN_7_ADJ_b,F,S,la pomme avec les pochettes que j' aime beaucoup n' est pas pointue <eos>,12,pointue,pointu,10,F,P,pointue,-12.837721,pointu,-14.090984,1
3200,S_NOUN_7_ADJ_b,F,S,la pomme avec les pochettes que j' aime beaucoup n' est pas ronde <eos>,12,ronde,rond,10,F,P,ronde,-10.622992,rond,-9.358539,0
3201,S_NOUN_7_ADJ_b,F,S,la pomme avec les pochettes que j' aime beaucoup n' est pas froide <eos>,12,froide,froid,10,F,P,froide,-9.540636,froid,-12.186695,1
3202,S_NOUN_7_ADJ_b,F,S,la pomme avec les pochettes que j' aime beaucoup n' est pas chaude <eos>,12,chaude,chaud,10,F,P,chaude,-9.1947155,chaud,-12.510801,1
3203,S_NOUN_7_ADJ_b,F,S,la pomme avec les pochettes que j' aime beaucoup n' est pas importante <eos>,12,importante,important,10,F,P,importante,-8.752979,important,-11.080767,1
3204,S_NOUN_7_ADJ_b,F,S,la pomme avec les pochettes que j' aime beaucoup n' est pas courte <eos>,12,courte,court,10,F,P,courte,-9.7682,court,-11.413519,1
3205,S_NOUN_7_ADJ_b,F,S,la pomme avec les pochettes que j' aime beaucoup n' est pas dure <eos>,12,dure,dur,10,F,P,dure,-8.268476,dur,-9.660468,1
3206,S_NOUN_7_ADJ_b,F,S,la pomme avec les pochettes que j' aime beaucoup n' est pas claire <eos>,12,claire,clair,10,F,P,claire,-5.483734,clair,-7.187312,1
3207,S_NOUN_7_ADJ_b,F,S,la pomme avec les pochettes que j' aime beaucoup n' est pas intéressante <eos>,12,intéressante,intéressant,10,F,P,intéressante,-8.1026,intéressant,-10.613006,1
3208,S_NOUN_7_ADJ_b,F,S,la pomme avec les pochettes que j' aime beaucoup n' est pas brillante <eos>,12,brillante,brillant,10,F,P,brillante,-8.320414,brillant,-11.3653755,1
3209,S_NOUN_7_ADJ_b,F,S,la pomme avec les pochettes que j' aime beaucoup n' est pas compliquée <eos>,12,compliquée,compliqué,10,F,P,compliquée,-10.808201,compliqué,-11.562798,1
3210,S_NOUN_7_ADJ_b,F,S,la pomme avec les bananes que j' aime beaucoup n' est pas verte <eos>,12,verte,vert,10,F,P,verte,-8.53206,vert,-8.879585,1
3211,S_NOUN_7_ADJ_b,F,S,la pomme avec les bananes que j' aime beaucoup n' est pas bleue <eos>,12,bleue,bleu,10,F,P,bleue,-9.42387,bleu,-9.498441,1
3212,S_NOUN_7_ADJ_b,F,S,la pomme avec les bananes que j' aime beaucoup n' est pas noire <eos>,12,noire,noir,10,F,P,noire,-8.318758,noir,-8.14879,0
3213,S_NOUN_7_ADJ_b,F,S,la pomme avec les bananes que j' aime beaucoup n' est pas délicate <eos>,12,délicate,délicat,10,F,P,délicate,-11.11329,délicat,-11.420122,1
3214,S_NOUN_7_ADJ_b,F,S,la pomme avec les bananes que j' aime beaucoup n' est pas pointue <eos>,12,pointue,pointu,10,F,P,pointue,-12.029536,pointu,-13.425327,1
3215,S_NOUN_7_ADJ_b,F,S,la pomme avec les bananes que j' aime beaucoup n' est pas ronde <eos>,12,ronde,rond,10,F,P,ronde,-10.321377,rond,-9.234826,0
3216,S_NOUN_7_ADJ_b,F,S,la pomme avec les bananes que j' aime beaucoup n' est pas froide <eos>,12,froide,froid,10,F,P,froide,-7.213797,froid,-10.882429,1
3217,S_NOUN_7_ADJ_b,F,S,la pomme avec les bananes que j' aime beaucoup n' est pas chaude <eos>,12,chaude,chaud,10,F,P,chaude,-7.7007265,chaud,-10.68804,1
3218,S_NOUN_7_ADJ_b,F,S,la pomme avec les bananes que j' aime beaucoup n' est pas importante <eos>,12,importante,important,10,F,P,importante,-8.837634,important,-11.12538,1
3219,S_NOUN_7_ADJ_b,F,S,la pomme avec les bananes que j' aime beaucoup n' est pas courte <eos>,12,courte,court,10,F,P,courte,-10.250277,court,-11.798535,1
3220,S_NOUN_7_ADJ_b,F,S,la pomme avec les bananes que j' aime beaucoup n' est pas dure <eos>,12,dure,dur,10,F,P,dure,-8.367301,dur,-9.12337,1
3221,S_NOUN_7_ADJ_b,F,S,la pomme avec les bananes que j' aime beaucoup n' est pas claire <eos>,12,claire,clair,10,F,P,claire,-6.2119617,clair,-7.1588926,1
3222,S_NOUN_7_ADJ_b,F,S,la pomme avec les bananes que j' aime beaucoup n' est pas intéressante <eos>,12,intéressante,intéressant,10,F,P,intéressante,-8.522773,intéressant,-10.914421,1
3223,S_NOUN_7_ADJ_b,F,S,la pomme avec les bananes que j' aime beaucoup n' est pas brillante <eos>,12,brillante,brillant,10,F,P,brillante,-8.298925,brillant,-10.281551,1
3224,S_NOUN_7_ADJ_b,F,S,la pomme avec les bananes que j' aime beaucoup n' est pas compliquée <eos>,12,compliquée,compliqué,10,F,P,compliquée,-10.282492,compliqué,-10.554274,1
3225,S_NOUN_7_ADJ_b,F,S,la pomme avec les robes que j' aime beaucoup n' est pas verte <eos>,12,verte,vert,10,F,P,verte,-8.778901,vert,-9.124495,1
3226,S_NOUN_7_ADJ_b,F,S,la pomme avec les robes que j' aime beaucoup n' est pas bleue <eos>,12,bleue,bleu,10,F,P,bleue,-9.054777,bleu,-9.014262,0
3227,S_NOUN_7_ADJ_b,F,S,la pomme avec les robes que j' aime beaucoup n' est pas noire <eos>,12,noire,noir,10,F,P,noire,-7.874198,noir,-7.5446143,0
3228,S_NOUN_7_ADJ_b,F,S,la pomme avec les robes que j' aime beaucoup n' est pas délicate <eos>,12,délicate,délicat,10,F,P,délicate,-10.757482,délicat,-11.1713,1
3229,S_NOUN_7_ADJ_b,F,S,la pomme avec les robes que j' aime beaucoup n' est pas pointue <eos>,12,pointue,pointu,10,F,P,pointue,-12.345375,pointu,-13.691078,1
3230,S_NOUN_7_ADJ_b,F,S,la pomme avec les robes que j' aime beaucoup n' est pas ronde <eos>,12,ronde,rond,10,F,P,ronde,-10.120157,rond,-9.514594,0
3231,S_NOUN_7_ADJ_b,F,S,la pomme avec les robes que j' aime beaucoup n' est pas froide <eos>,12,froide,froid,10,F,P,froide,-8.513296,froid,-11.358825,1
3232,S_NOUN_7_ADJ_b,F,S,la pomme avec les robes que j' aime beaucoup n' est pas chaude <eos>,12,chaude,chaud,10,F,P,chaude,-8.963297,chaud,-11.299807,1
3233,S_NOUN_7_ADJ_b,F,S,la pomme avec les robes que j' aime beaucoup n' est pas importante <eos>,12,importante,important,10,F,P,importante,-8.579856,important,-11.050443,1
3234,S_NOUN_7_ADJ_b,F,S,la pomme avec les robes que j' aime beaucoup n' est pas courte <eos>,12,courte,court,10,F,P,courte,-10.272665,court,-11.764641,1
3235,S_NOUN_7_ADJ_b,F,S,la pomme avec les robes que j' aime beaucoup n' est pas dure <eos>,12,dure,dur,10,F,P,dure,-9.222317,dur,-10.373451,1
3236,S_NOUN_7_ADJ_b,F,S,la pomme avec les robes que j' aime beaucoup n' est pas claire <eos>,12,claire,clair,10,F,P,claire,-5.048559,clair,-6.8032255,1
3237,S_NOUN_7_ADJ_b,F,S,la pomme avec les robes que j' aime beaucoup n' est pas intéressante <eos>,12,intéressante,intéressant,10,F,P,intéressante,-9.03577,intéressant,-10.867837,1
3238,S_NOUN_7_ADJ_b,F,S,la pomme avec les robes que j' aime beaucoup n' est pas brillante <eos>,12,brillante,brillant,10,F,P,brillante,-7.7220535,brillant,-10.2033825,1
3239,S_NOUN_7_ADJ_b,F,S,la pomme avec les robes que j' aime beaucoup n' est pas compliquée <eos>,12,compliquée,compliqué,10,F,P,compliquée,-10.63533,compliqué,-11.385273,1
3240,S_NOUN_7_ADJ_b,F,S,la pomme avec les valises que j' aime beaucoup n' est pas verte <eos>,12,verte,vert,10,F,P,verte,-9.557644,vert,-10.102745,1
3241,S_NOUN_7_ADJ_b,F,S,la pomme avec les valises que j' aime beaucoup n' est pas bleue <eos>,12,bleue,bleu,10,F,P,bleue,-9.28934,bleu,-10.30938,1
3242,S_NOUN_7_ADJ_b,F,S,la pomme avec les valises que j' aime beaucoup n' est pas noire <eos>,12,noire,noir,10,F,P,noire,-9.17024,noir,-8.824041,0
3243,S_NOUN_7_ADJ_b,F,S,la pomme avec les valises que j' aime beaucoup n' est pas délicate <eos>,12,délicate,délicat,10,F,P,délicate,-11.120455,délicat,-12.447533,1
3244,S_NOUN_7_ADJ_b,F,S,la pomme avec les valises que j' aime beaucoup n' est pas pointue <eos>,12,pointue,pointu,10,F,P,pointue,-12.239515,pointu,-14.408619,1
3245,S_NOUN_7_ADJ_b,F,S,la pomme avec les valises que j' aime beaucoup n' est pas ronde <eos>,12,ronde,rond,10,F,P,ronde,-10.615558,rond,-9.344028,0
3246,S_NOUN_7_ADJ_b,F,S,la pomme avec les valises que j' aime beaucoup n' est pas froide <eos>,12,froide,froid,10,F,P,froide,-8.109102,froid,-11.064959,1
3247,S_NOUN_7_ADJ_b,F,S,la pomme avec les valises que j' aime beaucoup n' est pas chaude <eos>,12,chaude,chaud,10,F,P,chaude,-7.8870077,chaud,-10.810631,1
3248,S_NOUN_7_ADJ_b,F,S,la pomme avec les valises que j' aime beaucoup n' est pas importante <eos>,12,importante,important,10,F,P,importante,-8.284341,important,-10.827454,1
3249,S_NOUN_7_ADJ_b,F,S,la pomme avec les valises que j' aime beaucoup n' est pas courte <eos>,12,courte,court,10,F,P,courte,-10.645268,court,-12.105022,1
3250,S_NOUN_7_ADJ_b,F,S,la pomme avec les valises que j' aime beaucoup n' est pas dure <eos>,12,dure,dur,10,F,P,dure,-8.378194,dur,-10.213933,1
3251,S_NOUN_7_ADJ_b,F,S,la pomme avec les valises que j' aime beaucoup n' est pas claire <eos>,12,claire,clair,10,F,P,claire,-6.208024,clair,-8.119425,1
3252,S_NOUN_7_ADJ_b,F,S,la pomme avec les valises que j' aime beaucoup n' est pas intéressante <eos>,12,intéressante,intéressant,10,F,P,intéressante,-7.959841,intéressant,-10.703671,1
3253,S_NOUN_7_ADJ_b,F,S,la pomme avec les valises que j' aime beaucoup n' est pas brillante <eos>,12,brillante,brillant,10,F,P,brillante,-8.051899,brillant,-10.634542,1
3254,S_NOUN_7_ADJ_b,F,S,la pomme avec les valises que j' aime beaucoup n' est pas compliquée <eos>,12,compliquée,compliqué,10,F,P,compliquée,-9.781467,compliqué,-11.083208,1
3255,S_NOUN_7_ADJ_b,F,S,la pomme avec les pendules que j' aime beaucoup n' est pas verte <eos>,12,verte,vert,10,F,P,verte,-9.482059,vert,-10.001761,1
3256,S_NOUN_7_ADJ_b,F,S,la pomme avec les pendules que j' aime beaucoup n' est pas bleue <eos>,12,bleue,bleu,10,F,P,bleue,-9.8536,bleu,-9.720454,0
3257,S_NOUN_7_ADJ_b,F,S,la pomme avec les pendules que j' aime beaucoup n' est pas noire <eos>,12,noire,noir,10,F,P,noire,-8.657166,noir,-8.14435,0
3258,S_NOUN_7_ADJ_b,F,S,la pomme avec les pendules que j' aime beaucoup n' est pas délicate <eos>,12,délicate,délicat,10,F,P,délicate,-10.978091,délicat,-11.558392,1
3259,S_NOUN_7_ADJ_b,F,S,la pomme avec les pendules que j' aime beaucoup n' est pas pointue <eos>,12,pointue,pointu,10,F,P,pointue,-13.057381,pointu,-14.1565895,1
3260,S_NOUN_7_ADJ_b,F,S,la pomme avec les pendules que j' aime beaucoup n' est pas ronde <eos>,12,ronde,rond,10,F,P,ronde,-11.318878,rond,-9.623568,0
3261,S_NOUN_7_ADJ_b,F,S,la pomme avec les pendules que j' aime beaucoup n' est pas froide <eos>,12,froide,froid,10,F,P,froide,-7.9697437,froid,-10.979477,1
3262,S_NOUN_7_ADJ_b,F,S,la pomme avec les pendules que j' aime beaucoup n' est pas chaude <eos>,12,chaude,chaud,10,F,P,chaude,-7.6680164,chaud,-10.900905,1
3263,S_NOUN_7_ADJ_b,F,S,la pomme avec les pendules que j' aime beaucoup n' est pas importante <eos>,12,importante,important,10,F,P,importante,-8.675929,important,-10.658837,1
3264,S_NOUN_7_ADJ_b,F,S,la pomme avec les pendules que j' aime beaucoup n' est pas courte <eos>,12,courte,court,10,F,P,courte,-10.817646,court,-12.170341,1
3265,S_NOUN_7_ADJ_b,F,S,la pomme avec les pendules que j' aime beaucoup n' est pas dure <eos>,12,dure,dur,10,F,P,dure,-9.150731,dur,-10.495783,1
3266,S_NOUN_7_ADJ_b,F,S,la pomme avec les pendules que j' aime beaucoup n' est pas claire <eos>,12,claire,clair,10,F,P,claire,-5.9154677,clair,-7.742048,1
3267,S_NOUN_7_ADJ_b,F,S,la pomme avec les pendules que j' aime beaucoup n' est pas intéressante <eos>,12,intéressante,intéressant,10,F,P,intéressante,-8.840598,intéressant,-10.3370285,1
3268,S_NOUN_7_ADJ_b,F,S,la pomme avec les pendules que j' aime beaucoup n' est pas brillante <eos>,12,brillante,brillant,10,F,P,brillante,-7.708492,brillant,-10.362312,1
3269,S_NOUN_7_ADJ_b,F,S,la pomme avec les pendules que j' aime beaucoup n' est pas compliquée <eos>,12,compliquée,compliqué,10,F,P,compliquée,-10.613264,compliqué,-11.096493,1
3270,S_NOUN_7_ADJ_b,F,S,la pomme avec les cloches que j' aime beaucoup n' est pas verte <eos>,12,verte,vert,10,F,P,verte,-10.373493,vert,-10.176321,0
3271,S_NOUN_7_ADJ_b,F,S,la pomme avec les cloches que j' aime beaucoup n' est pas bleue <eos>,12,bleue,bleu,10,F,P,bleue,-10.906923,bleu,-10.320477,0
3272,S_NOUN_7_ADJ_b,F,S,la pomme avec les cloches que j' aime beaucoup n' est pas noire <eos>,12,noire,noir,10,F,P,noire,-9.381225,noir,-8.980955,0
3273,S_NOUN_7_ADJ_b,F,S,la pomme avec les cloches que j' aime beaucoup n' est pas délicate <eos>,12,délicate,délicat,10,F,P,délicate,-11.412197,délicat,-11.337557,0
3274,S_NOUN_7_ADJ_b,F,S,la pomme avec les cloches que j' aime beaucoup n' est pas pointue <eos>,12,pointue,pointu,10,F,P,pointue,-12.220806,pointu,-14.126741,1
3275,S_NOUN_7_ADJ_b,F,S,la pomme avec les cloches que j' aime beaucoup n' est pas ronde <eos>,12,ronde,rond,10,F,P,ronde,-10.483858,rond,-9.532154,0
3276,S_NOUN_7_ADJ_b,F,S,la pomme avec les cloches que j' aime beaucoup n' est pas froide <eos>,12,froide,froid,10,F,P,froide,-8.657829,froid,-11.043726,1
3277,S_NOUN_7_ADJ_b,F,S,la pomme avec les cloches que j' aime beaucoup n' est pas chaude <eos>,12,chaude,chaud,10,F,P,chaude,-8.500189,chaud,-11.12675,1
3278,S_NOUN_7_ADJ_b,F,S,la pomme avec les cloches que j' aime beaucoup n' est pas importante <eos>,12,importante,important,10,F,P,importante,-8.610691,important,-10.724007,1
3279,S_NOUN_7_ADJ_b,F,S,la pomme avec les cloches que j' aime beaucoup n' est pas courte <eos>,12,courte,court,10,F,P,courte,-10.552388,court,-11.822937,1
3280,S_NOUN_7_ADJ_b,F,S,la pomme avec les cloches que j' aime beaucoup n' est pas dure <eos>,12,dure,dur,10,F,P,dure,-9.340073,dur,-10.496624,1
3281,S_NOUN_7_ADJ_b,F,S,la pomme avec les cloches que j' aime beaucoup n' est pas claire <eos>,12,claire,clair,10,F,P,claire,-6.493682,clair,-7.713459,1
3282,S_NOUN_7_ADJ_b,F,S,la pomme avec les cloches que j' aime beaucoup n' est pas intéressante <eos>,12,intéressante,intéressant,10,F,P,intéressante,-8.657827,intéressant,-10.247025,1
3283,S_NOUN_7_ADJ_b,F,S,la pomme avec les cloches que j' aime beaucoup n' est pas brillante <eos>,12,brillante,brillant,10,F,P,brillante,-8.431704,brillant,-11.17648,1
3284,S_NOUN_7_ADJ_b,F,S,la pomme avec les cloches que j' aime beaucoup n' est pas compliquée <eos>,12,compliquée,compliqué,10,F,P,compliquée,-11.069245,compliqué,-11.14631,1
3285,S_NOUN_7_ADJ_b,F,S,la pomme avec les cerises que j' aime beaucoup n' est pas verte <eos>,12,verte,vert,10,F,P,verte,-9.600807,vert,-9.413435,0
3286,S_NOUN_7_ADJ_b,F,S,la pomme avec les cerises que j' aime beaucoup n' est pas bleue <eos>,12,bleue,bleu,10,F,P,bleue,-10.319471,bleu,-9.923286,0
3287,S_NOUN_7_ADJ_b,F,S,la pomme avec les cerises que j' aime beaucoup n' est pas noire <eos>,12,noire,noir,10,F,P,noire,-8.941978,noir,-8.424341,0
3288,S_NOUN_7_ADJ_b,F,S,la pomme avec les cerises que j' aime beaucoup n' est pas délicate <eos>,12,délicate,délicat,10,F,P,délicate,-11.138614,délicat,-11.255934,1
3289,S_NOUN_7_ADJ_b,F,S,la pomme avec les cerises que j' aime beaucoup n' est pas pointue <eos>,12,pointue,pointu,10,F,P,pointue,-12.776689,pointu,-14.281514,1
3290,S_NOUN_7_ADJ_b,F,S,la pomme avec les cerises que j' aime beaucoup n' est pas ronde <eos>,12,ronde,rond,10,F,P,ronde,-9.818159,rond,-9.487362,0
3291,S_NOUN_7_ADJ_b,F,S,la pomme avec les cerises que j' aime beaucoup n' est pas froide <eos>,12,froide,froid,10,F,P,froide,-7.64803,froid,-10.653872,1
3292,S_NOUN_7_ADJ_b,F,S,la pomme avec les cerises que j' aime beaucoup n' est pas chaude <eos>,12,chaude,chaud,10,F,P,chaude,-8.456767,chaud,-11.083572,1
3293,S_NOUN_7_ADJ_b,F,S,la pomme avec les cerises que j' aime beaucoup n' est pas importante <eos>,12,importante,important,10,F,P,importante,-8.868149,important,-11.109907,1
3294,S_NOUN_7_ADJ_b,F,S,la pomme avec les cerises que j' aime beaucoup n' est pas courte <eos>,12,courte,court,10,F,P,courte,-10.663545,court,-11.980513,1
3295,S_NOUN_7_ADJ_b,F,S,la pomme avec les cerises que j' aime beaucoup n' est pas dure <eos>,12,dure,dur,10,F,P,dure,-8.966709,dur,-10.317375,1
3296,S_NOUN_7_ADJ_b,F,S,la pomme avec les cerises que j' aime beaucoup n' est pas claire <eos>,12,claire,clair,10,F,P,claire,-5.911028,clair,-7.534711,1
3297,S_NOUN_7_ADJ_b,F,S,la pomme avec les cerises que j' aime beaucoup n' est pas intéressante <eos>,12,intéressante,intéressant,10,F,P,intéressante,-8.473774,intéressant,-10.861569,1
3298,S_NOUN_7_ADJ_b,F,S,la pomme avec les cerises que j' aime beaucoup n' est pas brillante <eos>,12,brillante,brillant,10,F,P,brillante,-8.483648,brillant,-10.910824,1
3299,S_NOUN_7_ADJ_b,F,S,la pomme avec les cerises que j' aime beaucoup n' est pas compliquée <eos>,12,compliquée,compliqué,10,F,P,compliquée,-10.762206,compliqué,-10.999777,1
3300,S_NOUN_7_ADJ_b,F,S,la tasse avec les gemmes que j' aime beaucoup n' est pas verte <eos>,12,verte,vert,10,F,P,verte,-7.783864,vert,-8.898675,1
3301,S_NOUN_7_ADJ_b,F,S,la tasse avec les gemmes que j' aime beaucoup n' est pas bleue <eos>,12,bleue,bleu,10,F,P,bleue,-8.260392,bleu,-8.802766,1
3302,S_NOUN_7_ADJ_b,F,S,la tasse avec les gemmes que j' aime beaucoup n' est pas noire <eos>,12,noire,noir,10,F,P,noire,-7.949381,noir,-8.0384865,1
3303,S_NOUN_7_ADJ_b,F,S,la tasse avec les gemmes que j' aime beaucoup n' est pas délicate <eos>,12,délicate,délicat,10,F,P,délicate,-10.986623,délicat,-12.024563,1
3304,S_NOUN_7_ADJ_b,F,S,la tasse avec les gemmes que j' aime beaucoup n' est pas pointue <eos>,12,pointue,pointu,10,F,P,pointue,-12.049616,pointu,-13.092096,1
3305,S_NOUN_7_ADJ_b,F,S,la tasse avec les gemmes que j' aime beaucoup n' est pas ronde <eos>,12,ronde,rond,10,F,P,ronde,-9.229283,rond,-9.139657,0
3306,S_NOUN_7_ADJ_b,F,S,la tasse avec les gemmes que j' aime beaucoup n' est pas froide <eos>,12,froide,froid,10,F,P,froide,-8.458692,froid,-11.556676,1
3307,S_NOUN_7_ADJ_b,F,S,la tasse avec les gemmes que j' aime beaucoup n' est pas chaude <eos>,12,chaude,chaud,10,F,P,chaude,-8.154506,chaud,-11.348394,1
3308,S_NOUN_7_ADJ_b,F,S,la tasse avec les gemmes que j' aime beaucoup n' est pas importante <eos>,12,importante,important,10,F,P,importante,-9.000891,important,-11.400418,1
3309,S_NOUN_7_ADJ_b,F,S,la tasse avec les gemmes que j' aime beaucoup n' est pas courte <eos>,12,courte,court,10,F,P,courte,-10.517163,court,-11.804984,1
3310,S_NOUN_7_ADJ_b,F,S,la tasse avec les gemmes que j' aime beaucoup n' est pas dure <eos>,12,dure,dur,10,F,P,dure,-9.493247,dur,-10.122926,1
3311,S_NOUN_7_ADJ_b,F,S,la tasse avec les gemmes que j' aime beaucoup n' est pas claire <eos>,12,claire,clair,10,F,P,claire,-5.5973663,clair,-7.64229,1
3312,S_NOUN_7_ADJ_b,F,S,la tasse avec les gemmes que j' aime beaucoup n' est pas intéressante <eos>,12,intéressante,intéressant,10,F,P,intéressante,-8.985476,intéressant,-10.748812,1
3313,S_NOUN_7_ADJ_b,F,S,la tasse avec les gemmes que j' aime beaucoup n' est pas brillante <eos>,12,brillante,brillant,10,F,P,brillante,-7.384817,brillant,-9.767082,1
3314,S_NOUN_7_ADJ_b,F,S,la tasse avec les gemmes que j' aime beaucoup n' est pas compliquée <eos>,12,compliquée,compliqué,10,F,P,compliquée,-10.828179,compliqué,-11.357267,1
3315,S_NOUN_7_ADJ_b,F,S,la tasse avec les chaises que j' aime beaucoup n' est pas verte <eos>,12,verte,vert,10,F,P,verte,-8.6757765,vert,-9.972979,1
3316,S_NOUN_7_ADJ_b,F,S,la tasse avec les chaises que j' aime beaucoup n' est pas bleue <eos>,12,bleue,bleu,10,F,P,bleue,-9.061293,bleu,-9.773504,1
3317,S_NOUN_7_ADJ_b,F,S,la tasse avec les chaises que j' aime beaucoup n' est pas noire <eos>,12,noire,noir,10,F,P,noire,-8.864488,noir,-8.874935,1
3318,S_NOUN_7_ADJ_b,F,S,la tasse avec les chaises que j' aime beaucoup n' est pas délicate <eos>,12,délicate,délicat,10,F,P,délicate,-11.02014,délicat,-11.680929,1
3319,S_NOUN_7_ADJ_b,F,S,la tasse avec les chaises que j' aime beaucoup n' est pas pointue <eos>,12,pointue,pointu,10,F,P,pointue,-12.285823,pointu,-13.401422,1
3320,S_NOUN_7_ADJ_b,F,S,la tasse avec les chaises que j' aime beaucoup n' est pas ronde <eos>,12,ronde,rond,10,F,P,ronde,-9.158877,rond,-8.739803,0
3321,S_NOUN_7_ADJ_b,F,S,la tasse avec les chaises que j' aime beaucoup n' est pas froide <eos>,12,froide,froid,10,F,P,froide,-8.88601,froid,-11.699618,1
3322,S_NOUN_7_ADJ_b,F,S,la tasse avec les chaises que j' aime beaucoup n' est pas chaude <eos>,12,chaude,chaud,10,F,P,chaude,-8.010628,chaud,-11.3809,1
3323,S_NOUN_7_ADJ_b,F,S,la tasse avec les chaises que j' aime beaucoup n' est pas importante <eos>,12,importante,important,10,F,P,importante,-8.805834,important,-11.049101,1
3324,S_NOUN_7_ADJ_b,F,S,la tasse avec les chaises que j' aime beaucoup n' est pas courte <eos>,12,courte,court,10,F,P,courte,-10.46829,court,-11.303684,1
3325,S_NOUN_7_ADJ_b,F,S,la tasse avec les chaises que j' aime beaucoup n' est pas dure <eos>,12,dure,dur,10,F,P,dure,-9.196842,dur,-10.638731,1
3326,S_NOUN_7_ADJ_b,F,S,la tasse avec les chaises que j' aime beaucoup n' est pas claire <eos>,12,claire,clair,10,F,P,claire,-5.5847406,clair,-8.026669,1
3327,S_NOUN_7_ADJ_b,F,S,la tasse avec les chaises que j' aime beaucoup n' est pas intéressante <eos>,12,intéressante,intéressant,10,F,P,intéressante,-8.9744625,intéressant,-10.860765,1
3328,S_NOUN_7_ADJ_b,F,S,la tasse avec les chaises que j' aime beaucoup n' est pas brillante <eos>,12,brillante,brillant,10,F,P,brillante,-8.317828,brillant,-10.853877,1
3329,S_NOUN_7_ADJ_b,F,S,la tasse avec les chaises que j' aime beaucoup n' est pas compliquée <eos>,12,compliquée,compliqué,10,F,P,compliquée,-10.4670315,compliqué,-11.469526,1
3330,S_NOUN_7_ADJ_b,F,S,la tasse avec les poubelles que j' aime beaucoup n' est pas verte <eos>,12,verte,vert,10,F,P,verte,-8.480844,vert,-9.759333,1
3331,S_NOUN_7_ADJ_b,F,S,la tasse avec les poubelles que j' aime beaucoup n' est pas bleue <eos>,12,bleue,bleu,10,F,P,bleue,-9.394388,bleu,-10.282442,1
3332,S_NOUN_7_ADJ_b,F,S,la tasse avec les poubelles que j' aime beaucoup n' est pas noire <eos>,12,noire,noir,10,F,P,noire,-8.954762,noir,-8.826457,0
3333,S_NOUN_7_ADJ_b,F,S,la tasse avec les poubelles que j' aime beaucoup n' est pas délicate <eos>,12,délicate,délicat,10,F,P,délicate,-11.356838,délicat,-11.469015,1
3334,S_NOUN_7_ADJ_b,F,S,la tasse avec les poubelles que j' aime beaucoup n' est pas pointue <eos>,12,pointue,pointu,10,F,P,pointue,-12.677568,pointu,-13.353421,1
3335,S_NOUN_7_ADJ_b,F,S,la tasse avec les poubelles que j' aime beaucoup n' est pas ronde <eos>,12,ronde,rond,10,F,P,ronde,-9.910048,rond,-9.387956,0
3336,S_NOUN_7_ADJ_b,F,S,la tasse avec les poubelles que j' aime beaucoup n' est pas froide <eos>,12,froide,froid,10,F,P,froide,-8.8454275,froid,-11.2062025,1
3337,S_NOUN_7_ADJ_b,F,S,la tasse avec les poubelles que j' aime beaucoup n' est pas chaude <eos>,12,chaude,chaud,10,F,P,chaude,-8.424086,chaud,-11.409342,1
3338,S_NOUN_7_ADJ_b,F,S,la tasse avec les poubelles que j' aime beaucoup n' est pas importante <eos>,12,importante,important,10,F,P,importante,-9.098668,important,-10.830089,1
3339,S_NOUN_7_ADJ_b,F,S,la tasse avec les poubelles que j' aime beaucoup n' est pas courte <eos>,12,courte,court,10,F,P,courte,-10.74485,court,-11.329899,1
3340,S_NOUN_7_ADJ_b,F,S,la tasse avec les poubelles que j' aime beaucoup n' est pas dure <eos>,12,dure,dur,10,F,P,dure,-9.064691,dur,-10.052298,1
3341,S_NOUN_7_ADJ_b,F,S,la tasse avec les poubelles que j' aime beaucoup n' est pas claire <eos>,12,claire,clair,10,F,P,claire,-5.9945016,clair,-8.25926,1
3342,S_NOUN_7_ADJ_b,F,S,la tasse avec les poubelles que j' aime beaucoup n' est pas intéressante <eos>,12,intéressante,intéressant,10,F,P,intéressante,-9.2159,intéressant,-10.496452,1
3343,S_NOUN_7_ADJ_b,F,S,la tasse avec les poubelles que j' aime beaucoup n' est pas brillante <eos>,12,brillante,brillant,10,F,P,brillante,-9.090104,brillant,-10.910713,1
3344,S_NOUN_7_ADJ_b,F,S,la tasse avec les poubelles que j' aime beaucoup n' est pas compliquée <eos>,12,compliquée,compliqué,10,F,P,compliquée,-10.542054,compliqué,-10.872052,1
3345,S_NOUN_7_ADJ_b,F,S,la tasse avec les chemises que j' aime beaucoup n' est pas verte <eos>,12,verte,vert,10,F,P,verte,-8.36154,vert,-9.200782,1
3346,S_NOUN_7_ADJ_b,F,S,la tasse avec les chemises que j' aime beaucoup n' est pas bleue <eos>,12,bleue,bleu,10,F,P,bleue,-8.470248,bleu,-9.191683,1
3347,S_NOUN_7_ADJ_b,F,S,la tasse avec les chemises que j' aime beaucoup n' est pas noire <eos>,12,noire,noir,10,F,P,noire,-8.389563,noir,-7.9806213,0
3348,S_NOUN_7_ADJ_b,F,S,la tasse avec les chemises que j' aime beaucoup n' est pas délicate <eos>,12,délicate,délicat,10,F,P,délicate,-11.100195,délicat,-11.561301,1
3349,S_NOUN_7_ADJ_b,F,S,la tasse avec les chemises que j' aime beaucoup n' est pas pointue <eos>,12,pointue,pointu,10,F,P,pointue,-12.062122,pointu,-13.246759,1
3350,S_NOUN_7_ADJ_b,F,S,la tasse avec les chemises que j' aime beaucoup n' est pas ronde <eos>,12,ronde,rond,10,F,P,ronde,-9.152081,rond,-8.89147,0
3351,S_NOUN_7_ADJ_b,F,S,la tasse avec les chemises que j' aime beaucoup n' est pas froide <eos>,12,froide,froid,10,F,P,froide,-8.630535,froid,-11.049833,1
3352,S_NOUN_7_ADJ_b,F,S,la tasse avec les chemises que j' aime beaucoup n' est pas chaude <eos>,12,chaude,chaud,10,F,P,chaude,-8.162235,chaud,-10.885044,1
3353,S_NOUN_7_ADJ_b,F,S,la tasse avec les chemises que j' aime beaucoup n' est pas importante <eos>,12,importante,important,10,F,P,importante,-9.051608,important,-11.287213,1
3354,S_NOUN_7_ADJ_b,F,S,la tasse avec les chemises que j' aime beaucoup n' est pas courte <eos>,12,courte,court,10,F,P,courte,-10.231023,court,-11.106529,1
3355,S_NOUN_7_ADJ_b,F,S,la tasse avec les chemises que j' aime beaucoup n' est pas dure <eos>,12,dure,dur,10,F,P,dure,-8.719324,dur,-9.9851055,1
3356,S_NOUN_7_ADJ_b,F,S,la tasse avec les chemises que j' aime beaucoup n' est pas claire <eos>,12,claire,clair,10,F,P,claire,-5.361143,clair,-7.5425034,1
3357,S_NOUN_7_ADJ_b,F,S,la tasse avec les chemises que j' aime beaucoup n' est pas intéressante <eos>,12,intéressante,intéressant,10,F,P,intéressante,-9.252291,intéressant,-10.863409,1
3358,S_NOUN_7_ADJ_b,F,S,la tasse avec les chemises que j' aime beaucoup n' est pas brillante <eos>,12,brillante,brillant,10,F,P,brillante,-7.5505085,brillant,-9.889512,1
3359,S_NOUN_7_ADJ_b,F,S,la tasse avec les chemises que j' aime beaucoup n' est pas compliquée <eos>,12,compliquée,compliqué,10,F,P,compliquée,-10.512815,compliqué,-11.434301,1
3360,S_NOUN_7_ADJ_b,F,S,la tasse avec les recettes que j' aime beaucoup n' est pas verte <eos>,12,verte,vert,10,F,P,verte,-8.600263,vert,-10.0649605,1
3361,S_NOUN_7_ADJ_b,F,S,la tasse avec les recettes que j' aime beaucoup n' est pas bleue <eos>,12,bleue,bleu,10,F,P,bleue,-9.611384,bleu,-10.50896,1
3362,S_NOUN_7_ADJ_b,F,S,la tasse avec les recettes que j' aime beaucoup n' est pas noire <eos>,12,noire,noir,10,F,P,noire,-8.772745,noir,-8.948093,1
3363,S_NOUN_7_ADJ_b,F,S,la tasse avec les recettes que j' aime beaucoup n' est pas délicate <eos>,12,délicate,délicat,10,F,P,délicate,-11.033077,délicat,-11.480995,1
3364,S_NOUN_7_ADJ_b,F,S,la tasse avec les recettes que j' aime beaucoup n' est pas pointue <eos>,12,pointue,pointu,10,F,P,pointue,-12.362316,pointu,-13.626603,1
3365,S_NOUN_7_ADJ_b,F,S,la tasse avec les recettes que j' aime beaucoup n' est pas ronde <eos>,12,ronde,rond,10,F,P,ronde,-9.44626,rond,-9.688672,1
3366,S_NOUN_7_ADJ_b,F,S,la tasse avec les recettes que j' aime beaucoup n' est pas froide <eos>,12,froide,froid,10,F,P,froide,-8.579517,froid,-11.343805,1
3367,S_NOUN_7_ADJ_b,F,S,la tasse avec les recettes que j' aime beaucoup n' est pas chaude <eos>,12,chaude,chaud,10,F,P,chaude,-8.110186,chaud,-11.582222,1
3368,S_NOUN_7_ADJ_b,F,S,la tasse avec les recettes que j' aime beaucoup n' est pas importante <eos>,12,importante,important,10,F,P,importante,-8.266741,important,-10.824275,1
3369,S_NOUN_7_ADJ_b,F,S,la tasse avec les recettes que j' aime beaucoup n' est pas courte <eos>,12,courte,court,10,F,P,courte,-10.270034,court,-11.028836,1
3370,S_NOUN_7_ADJ_b,F,S,la tasse avec les recettes que j' aime beaucoup n' est pas dure <eos>,12,dure,dur,10,F,P,dure,-9.190098,dur,-10.630961,1
3371,S_NOUN_7_ADJ_b,F,S,la tasse avec les recettes que j' aime beaucoup n' est pas claire <eos>,12,claire,clair,10,F,P,claire,-5.913413,clair,-8.309753,1
3372,S_NOUN_7_ADJ_b,F,S,la tasse avec les recettes que j' aime beaucoup n' est pas intéressante <eos>,12,intéressante,intéressant,10,F,P,intéressante,-8.365683,intéressant,-10.79091,1
3373,S_NOUN_7_ADJ_b,F,S,la tasse avec les recettes que j' aime beaucoup n' est pas brillante <eos>,12,brillante,brillant,10,F,P,brillante,-8.420261,brillant,-10.918528,1
3374,S_NOUN_7_ADJ_b,F,S,la tasse avec les recettes que j' aime beaucoup n' est pas compliquée <eos>,12,compliquée,compliqué,10,F,P,compliquée,-10.784977,compliqué,-11.257268,1
3375,S_NOUN_7_ADJ_b,F,S,la tasse avec les jupes que j' aime beaucoup n' est pas verte <eos>,12,verte,vert,10,F,P,verte,-8.314541,vert,-9.511963,1
3376,S_NOUN_7_ADJ_b,F,S,la tasse avec les jupes que j' aime beaucoup n' est pas bleue <eos>,12,bleue,bleu,10,F,P,bleue,-8.8897295,bleu,-9.630107,1
3377,S_NOUN_7_ADJ_b,F,S,la tasse avec les jupes que j' aime beaucoup n' est pas noire <eos>,12,noire,noir,10,F,P,noire,-8.552975,noir,-8.546923,0
3378,S_NOUN_7_ADJ_b,F,S,la tasse avec les jupes que j' aime beaucoup n' est pas délicate <eos>,12,délicate,délicat,10,F,P,délicate,-10.669497,délicat,-11.501152,1
3379,S_NOUN_7_ADJ_b,F,S,la tasse avec les jupes que j' aime beaucoup n' est pas pointue <eos>,12,pointue,pointu,10,F,P,pointue,-11.555362,pointu,-12.969062,1
3380,S_NOUN_7_ADJ_b,F,S,la tasse avec les jupes que j' aime beaucoup n' est pas ronde <eos>,12,ronde,rond,10,F,P,ronde,-9.29089,rond,-8.519103,0
3381,S_NOUN_7_ADJ_b,F,S,la tasse avec les jupes que j' aime beaucoup n' est pas froide <eos>,12,froide,froid,10,F,P,froide,-8.965268,froid,-11.433994,1
3382,S_NOUN_7_ADJ_b,F,S,la tasse avec les jupes que j' aime beaucoup n' est pas chaude <eos>,12,chaude,chaud,10,F,P,chaude,-8.454768,chaud,-11.138887,1
3383,S_NOUN_7_ADJ_b,F,S,la tasse avec les jupes que j' aime beaucoup n' est pas importante <eos>,12,importante,important,10,F,P,importante,-9.020663,important,-11.445781,1
3384,S_NOUN_7_ADJ_b,F,S,la tasse avec les jupes que j' aime beaucoup n' est pas courte <eos>,12,courte,court,10,F,P,courte,-9.738385,court,-10.632953,1
3385,S_NOUN_7_ADJ_b,F,S,la tasse avec les jupes que j' aime beaucoup n' est pas dure <eos>,12,dure,dur,10,F,P,dure,-8.777221,dur,-10.334826,1
3386,S_NOUN_7_ADJ_b,F,S,la tasse avec les jupes que j' aime beaucoup n' est pas claire <eos>,12,claire,clair,10,F,P,claire,-5.2000723,clair,-7.834634,1
3387,S_NOUN_7_ADJ_b,F,S,la tasse avec les jupes que j' aime beaucoup n' est pas intéressante <eos>,12,intéressante,intéressant,10,F,P,intéressante,-9.114287,intéressant,-10.922593,1
3388,S_NOUN_7_ADJ_b,F,S,la tasse avec les jupes que j' aime beaucoup n' est pas brillante <eos>,12,brillante,brillant,10,F,P,brillante,-7.93175,brillant,-10.19252,1
3389,S_NOUN_7_ADJ_b,F,S,la tasse avec les jupes que j' aime beaucoup n' est pas compliquée <eos>,12,compliquée,compliqué,10,F,P,compliquée,-10.273754,compliqué,-11.449266,1
3390,S_NOUN_7_ADJ_b,F,S,la tasse avec les colles que j' aime beaucoup n' est pas verte <eos>,12,verte,vert,10,F,P,verte,-8.457977,vert,-9.597952,1
3391,S_NOUN_7_ADJ_b,F,S,la tasse avec les colles que j' aime beaucoup n' est pas bleue <eos>,12,bleue,bleu,10,F,P,bleue,-9.016251,bleu,-9.675528,1
3392,S_NOUN_7_ADJ_b,F,S,la tasse avec les colles que j' aime beaucoup n' est pas noire <eos>,12,noire,noir,10,F,P,noire,-8.5467,noir,-8.524027,0
3393,S_NOUN_7_ADJ_b,F,S,la tasse avec les colles que j' aime beaucoup n' est pas délicate <eos>,12,délicate,délicat,10,F,P,délicate,-10.28961,délicat,-11.0579815,1
3394,S_NOUN_7_ADJ_b,F,S,la tasse avec les colles que j' aime beaucoup n' est pas pointue <eos>,12,pointue,pointu,10,F,P,pointue,-12.395441,pointu,-13.7516985,1
3395,S_NOUN_7_ADJ_b,F,S,la tasse avec les colles que j' aime beaucoup n' est pas ronde <eos>,12,ronde,rond,10,F,P,ronde,-9.471072,rond,-9.435669,0
3396,S_NOUN_7_ADJ_b,F,S,la tasse avec les colles que j' aime beaucoup n' est pas froide <eos>,12,froide,froid,10,F,P,froide,-8.56216,froid,-11.18563,1
3397,S_NOUN_7_ADJ_b,F,S,la tasse avec les colles que j' aime beaucoup n' est pas chaude <eos>,12,chaude,chaud,10,F,P,chaude,-8.12269,chaud,-11.022104,1
3398,S_NOUN_7_ADJ_b,F,S,la tasse avec les colles que j' aime beaucoup n' est pas importante <eos>,12,importante,important,10,F,P,importante,-8.856318,important,-11.12802,1
3399,S_NOUN_7_ADJ_b,F,S,la tasse avec les colles que j' aime beaucoup n' est pas courte <eos>,12,courte,court,10,F,P,courte,-10.796389,court,-11.8673935,1
3400,S_NOUN_7_ADJ_b,F,S,la tasse avec les colles que j' aime beaucoup n' est pas dure <eos>,12,dure,dur,10,F,P,dure,-9.05452,dur,-10.260446,1
3401,S_NOUN_7_ADJ_b,F,S,la tasse avec les colles que j' aime beaucoup n' est pas claire <eos>,12,claire,clair,10,F,P,claire,-5.374421,clair,-7.830108,1
3402,S_NOUN_7_ADJ_b,F,S,la tasse avec les colles que j' aime beaucoup n' est pas intéressante <eos>,12,intéressante,intéressant,10,F,P,intéressante,-8.468481,intéressant,-10.429376,1
3403,S_NOUN_7_ADJ_b,F,S,la tasse avec les colles que j' aime beaucoup n' est pas brillante <eos>,12,brillante,brillant,10,F,P,brillante,-7.8721523,brillant,-9.960146,1
3404,S_NOUN_7_ADJ_b,F,S,la tasse avec les colles que j' aime beaucoup n' est pas compliquée <eos>,12,compliquée,compliqué,10,F,P,compliquée,-10.0771675,compliqué,-11.042213,1
3405,S_NOUN_7_ADJ_b,F,S,la tasse avec les lampes que j' aime beaucoup n' est pas verte <eos>,12,verte,vert,10,F,P,verte,-8.2089205,vert,-9.613888,1
3406,S_NOUN_7_ADJ_b,F,S,la tasse avec les lampes que j' aime beaucoup n' est pas bleue <eos>,12,bleue,bleu,10,F,P,bleue,-8.689983,bleu,-9.293333,1
3407,S_NOUN_7_ADJ_b,F,S,la tasse avec les lampes que j' aime beaucoup n' est pas noire <eos>,12,noire,noir,10,F,P,noire,-8.367143,noir,-8.286646,0
3408,S_NOUN_7_ADJ_b,F,S,la tasse avec les lampes que j' aime beaucoup n' est pas délicate <eos>,12,délicate,délicat,10,F,P,délicate,-11.059222,délicat,-11.743273,1
3409,S_NOUN_7_ADJ_b,F,S,la tasse avec les lampes que j' aime beaucoup n' est pas pointue <eos>,12,pointue,pointu,10,F,P,pointue,-13.074444,pointu,-13.601606,1
3410,S_NOUN_7_ADJ_b,F,S,la tasse avec les lampes que j' aime beaucoup n' est pas ronde <eos>,12,ronde,rond,10,F,P,ronde,-9.979733,rond,-9.07455,0
3411,S_NOUN_7_ADJ_b,F,S,la tasse avec les lampes que j' aime beaucoup n' est pas froide <eos>,12,froide,froid,10,F,P,froide,-7.8160386,froid,-10.929642,1
3412,S_NOUN_7_ADJ_b,F,S,la tasse avec les lampes que j' aime beaucoup n' est pas chaude <eos>,12,chaude,chaud,10,F,P,chaude,-7.4215565,chaud,-10.870389,1
3413,S_NOUN_7_ADJ_b,F,S,la tasse avec les lampes que j' aime beaucoup n' est pas importante <eos>,12,importante,important,10,F,P,importante,-8.947868,important,-11.08898,1
3414,S_NOUN_7_ADJ_b,F,S,la tasse avec les lampes que j' aime beaucoup n' est pas courte <eos>,12,courte,court,10,F,P,courte,-11.02282,court,-12.091134,1
3415,S_NOUN_7_ADJ_b,F,S,la tasse avec les lampes que j' aime beaucoup n' est pas dure <eos>,12,dure,dur,10,F,P,dure,-9.490546,dur,-10.967727,1
3416,S_NOUN_7_ADJ_b,F,S,la tasse avec les lampes que j' aime beaucoup n' est pas claire <eos>,12,claire,clair,10,F,P,claire,-5.996867,clair,-7.9511347,1
3417,S_NOUN_7_ADJ_b,F,S,la tasse avec les lampes que j' aime beaucoup n' est pas intéressante <eos>,12,intéressante,intéressant,10,F,P,intéressante,-8.972425,intéressant,-10.568682,1
3418,S_NOUN_7_ADJ_b,F,S,la tasse avec les lampes que j' aime beaucoup n' est pas brillante <eos>,12,brillante,brillant,10,F,P,brillante,-7.9551992,brillant,-10.500741,1
3419,S_NOUN_7_ADJ_b,F,S,la tasse avec les lampes que j' aime beaucoup n' est pas compliquée <eos>,12,compliquée,compliqué,10,F,P,compliquée,-10.723407,compliqué,-11.392503,1
3420,S_NOUN_7_ADJ_b,F,S,la tasse avec les bouteilles que j' aime beaucoup n' est pas verte <eos>,12,verte,vert,10,F,P,verte,-8.682348,vert,-9.778283,1
3421,S_NOUN_7_ADJ_b,F,S,la tasse avec les bouteilles que j' aime beaucoup n' est pas bleue <eos>,12,bleue,bleu,10,F,P,bleue,-8.976739,bleu,-10.051101,1
3422,S_NOUN_7_ADJ_b,F,S,la tasse avec les bouteilles que j' aime beaucoup n' est pas noire <eos>,12,noire,noir,10,F,P,noire,-8.945674,noir,-8.910177,0
3423,S_NOUN_7_ADJ_b,F,S,la tasse avec les bouteilles que j' aime beaucoup n' est pas délicate <eos>,12,délicate,délicat,10,F,P,délicate,-11.256903,délicat,-11.676528,1
3424,S_NOUN_7_ADJ_b,F,S,la tasse avec les bouteilles que j' aime beaucoup n' est pas pointue <eos>,12,pointue,pointu,10,F,P,pointue,-12.926738,pointu,-14.02158,1
3425,S_NOUN_7_ADJ_b,F,S,la tasse avec les bouteilles que j' aime beaucoup n' est pas ronde <eos>,12,ronde,rond,10,F,P,ronde,-9.6539345,rond,-9.293958,0
3426,S_NOUN_7_ADJ_b,F,S,la tasse avec les bouteilles que j' aime beaucoup n' est pas froide <eos>,12,froide,froid,10,F,P,froide,-8.295171,froid,-10.716533,1
3427,S_NOUN_7_ADJ_b,F,S,la tasse avec les bouteilles que j' aime beaucoup n' est pas chaude <eos>,12,chaude,chaud,10,F,P,chaude,-7.7017417,chaud,-10.614767,1
3428,S_NOUN_7_ADJ_b,F,S,la tasse avec les bouteilles que j' aime beaucoup n' est pas importante <eos>,12,importante,important,10,F,P,importante,-8.904018,important,-10.915247,1
3429,S_NOUN_7_ADJ_b,F,S,la tasse avec les bouteilles que j' aime beaucoup n' est pas courte <eos>,12,courte,court,10,F,P,courte,-10.757067,court,-11.292699,1
3430,S_NOUN_7_ADJ_b,F,S,la tasse avec les bouteilles que j' aime beaucoup n' est pas dure <eos>,12,dure,dur,10,F,P,dure,-8.840012,dur,-10.320436,1
3431,S_NOUN_7_ADJ_b,F,S,la tasse avec les bouteilles que j' aime beaucoup n' est pas claire <eos>,12,claire,clair,10,F,P,claire,-5.654236,clair,-8.184628,1
3432,S_NOUN_7_ADJ_b,F,S,la tasse avec les bouteilles que j' aime beaucoup n' est pas intéressante <eos>,12,intéressante,intéressant,10,F,P,intéressante,-8.700989,intéressant,-10.782259,1
3433,S_NOUN_7_ADJ_b,F,S,la tasse avec les bouteilles que j' aime beaucoup n' est pas brillante <eos>,12,brillante,brillant,10,F,P,brillante,-8.57301,brillant,-10.918181,1
3434,S_NOUN_7_ADJ_b,F,S,la tasse avec les bouteilles que j' aime beaucoup n' est pas compliquée <eos>,12,compliquée,compliqué,10,F,P,compliquée,-10.31913,compliqué,-11.244612,1
3435,S_NOUN_7_ADJ_b,F,S,la tasse avec les boissons que j' aime beaucoup n' est pas verte <eos>,12,verte,vert,10,F,P,verte,-8.797056,vert,-9.950149,1
3436,S_NOUN_7_ADJ_b,F,S,la tasse avec les boissons que j' aime beaucoup n' est pas bleue <eos>,12,bleue,bleu,10,F,P,bleue,-9.523914,bleu,-10.134601,1
3437,S_NOUN_7_ADJ_b,F,S,la tasse avec les boissons que j' aime beaucoup n' est pas noire <eos>,12,noire,noir,10,F,P,noire,-8.753135,noir,-8.743616,0
3438,S_NOUN_7_ADJ_b,F,S,la tasse avec les boissons que j' aime beaucoup n' est pas délicate <eos>,12,délicate,délicat,10,F,P,délicate,-11.062234,délicat,-11.361364,1
3439,S_NOUN_7_ADJ_b,F,S,la tasse avec les boissons que j' aime beaucoup n' est pas pointue <eos>,12,pointue,pointu,10,F,P,pointue,-13.084155,pointu,-14.167363,1
3440,S_NOUN_7_ADJ_b,F,S,la tasse avec les boissons que j' aime beaucoup n' est pas ronde <eos>,12,ronde,rond,10,F,P,ronde,-9.133104,rond,-9.6789875,1
3441,S_NOUN_7_ADJ_b,F,S,la tasse avec les boissons que j' aime beaucoup n' est pas froide <eos>,12,froide,froid,10,F,P,froide,-8.29086,froid,-11.078891,1
3442,S_NOUN_7_ADJ_b,F,S,la tasse avec les boissons que j' aime beaucoup n' est pas chaude <eos>,12,chaude,chaud,10,F,P,chaude,-7.7171216,chaud,-11.05147,1
3443,S_NOUN_7_ADJ_b,F,S,la tasse avec les boissons que j' aime beaucoup n' est pas importante <eos>,12,importante,important,10,F,P,importante,-8.773618,important,-11.112891,1
3444,S_NOUN_7_ADJ_b,F,S,la tasse avec les boissons que j' aime beaucoup n' est pas courte <eos>,12,courte,court,10,F,P,courte,-10.553759,court,-11.575384,1
3445,S_NOUN_7_ADJ_b,F,S,la tasse avec les boissons que j' aime beaucoup n' est pas dure <eos>,12,dure,dur,10,F,P,dure,-9.016779,dur,-10.526785,1
3446,S_NOUN_7_ADJ_b,F,S,la tasse avec les boissons que j' aime beaucoup n' est pas claire <eos>,12,claire,clair,10,F,P,claire,-5.9110627,clair,-8.190838,1
3447,S_NOUN_7_ADJ_b,F,S,la tasse avec les boissons que j' aime beaucoup n' est pas intéressante <eos>,12,intéressante,intéressant,10,F,P,intéressante,-9.009244,intéressant,-10.948095,1
3448,S_NOUN_7_ADJ_b,F,S,la tasse avec les boissons que j' aime beaucoup n' est pas brillante <eos>,12,brillante,brillant,10,F,P,brillante,-8.699348,brillant,-11.183819,1
3449,S_NOUN_7_ADJ_b,F,S,la tasse avec les boissons que j' aime beaucoup n' est pas compliquée <eos>,12,compliquée,compliqué,10,F,P,compliquée,-10.589205,compliqué,-11.352262,1
3450,S_NOUN_7_ADJ_b,F,S,la tasse avec les pommes que j' aime beaucoup n' est pas verte <eos>,12,verte,vert,10,F,P,verte,-8.369423,vert,-9.385134,1
3451,S_NOUN_7_ADJ_b,F,S,la tasse avec les pommes que j' aime beaucoup n' est pas bleue <eos>,12,bleue,bleu,10,F,P,bleue,-9.004304,bleu,-9.734756,1
3452,S_NOUN_7_ADJ_b,F,S,la tasse avec les pommes que j' aime beaucoup n' est pas noire <eos>,12,noire,noir,10,F,P,noire,-8.49698,noir,-8.615345,1
3453,S_NOUN_7_ADJ_b,F,S,la tasse avec les pommes que j' aime beaucoup n' est pas délicate <eos>,12,délicate,délicat,10,F,P,délicate,-10.264639,délicat,-11.0109825,1
3454,S_NOUN_7_ADJ_b,F,S,la tasse avec les pommes que j' aime beaucoup n' est pas pointue <eos>,12,pointue,pointu,10,F,P,pointue,-12.0508175,pointu,-13.60652,1
3455,S_NOUN_7_ADJ_b,F,S,la tasse avec les pommes que j' aime beaucoup n' est pas ronde <eos>,12,ronde,rond,10,F,P,ronde,-8.966681,rond,-9.0975685,1
3456,S_NOUN_7_ADJ_b,F,S,la tasse avec les pommes que j' aime beaucoup n' est pas froide <eos>,12,froide,froid,10,F,P,froide,-7.438877,froid,-10.706386,1
3457,S_NOUN_7_ADJ_b,F,S,la tasse avec les pommes que j' aime beaucoup n' est pas chaude <eos>,12,chaude,chaud,10,F,P,chaude,-7.3716516,chaud,-10.368234,1
3458,S_NOUN_7_ADJ_b,F,S,la tasse avec les pommes que j' aime beaucoup n' est pas importante <eos>,12,importante,important,10,F,P,importante,-8.749477,important,-11.439146,1
3459,S_NOUN_7_ADJ_b,F,S,la tasse avec les pommes que j' aime beaucoup n' est pas courte <eos>,12,courte,court,10,F,P,courte,-10.185891,court,-11.206805,1
3460,S_NOUN_7_ADJ_b,F,S,la tasse avec les pommes que j' aime beaucoup n' est pas dure <eos>,12,dure,dur,10,F,P,dure,-8.460093,dur,-9.804338,1
3461,S_NOUN_7_ADJ_b,F,S,la tasse avec les pommes que j' aime beaucoup n' est pas claire <eos>,12,claire,clair,10,F,P,claire,-5.6696234,clair,-8.022031,1
3462,S_NOUN_7_ADJ_b,F,S,la tasse avec les pommes que j' aime beaucoup n' est pas intéressante <eos>,12,intéressante,intéressant,10,F,P,intéressante,-8.608234,intéressant,-11.005281,1
3463,S_NOUN_7_ADJ_b,F,S,la tasse avec les pommes que j' aime beaucoup n' est pas brillante <eos>,12,brillante,brillant,10,F,P,brillante,-7.9652834,brillant,-10.722106,1
3464,S_NOUN_7_ADJ_b,F,S,la tasse avec les pommes que j' aime beaucoup n' est pas compliquée <eos>,12,compliquée,compliqué,10,F,P,compliquée,-10.288994,compliqué,-10.924837,1
3465,S_NOUN_7_ADJ_b,F,S,la tasse avec les tasses que j' aime beaucoup n' est pas verte <eos>,12,verte,vert,10,F,P,verte,-8.921793,vert,-9.942453,1
3466,S_NOUN_7_ADJ_b,F,S,la tasse avec les tasses que j' aime beaucoup n' est pas bleue <eos>,12,bleue,bleu,10,F,P,bleue,-9.464776,bleu,-10.317032,1
3467,S_NOUN_7_ADJ_b,F,S,la tasse avec les tasses que j' aime beaucoup n' est pas noire <eos>,12,noire,noir,10,F,P,noire,-9.293863,noir,-9.7168255,1
3468,S_NOUN_7_ADJ_b,F,S,la tasse avec les tasses que j' aime beaucoup n' est pas délicate <eos>,12,délicate,délicat,10,F,P,délicate,-10.849628,délicat,-10.959693,1
3469,S_NOUN_7_ADJ_b,F,S,la tasse avec les tasses que j' aime beaucoup n' est pas pointue <eos>,12,pointue,pointu,10,F,P,pointue,-11.881256,pointu,-13.626511,1
3470,S_NOUN_7_ADJ_b,F,S,la tasse avec les tasses que j' aime beaucoup n' est pas ronde <eos>,12,ronde,rond,10,F,P,ronde,-8.775025,rond,-9.293545,1
3471,S_NOUN_7_ADJ_b,F,S,la tasse avec les tasses que j' aime beaucoup n' est pas froide <eos>,12,froide,froid,10,F,P,froide,-8.450718,froid,-10.634838,1
3472,S_NOUN_7_ADJ_b,F,S,la tasse avec les tasses que j' aime beaucoup n' est pas chaude <eos>,12,chaude,chaud,10,F,P,chaude,-7.18277,chaud,-10.078006,1
3473,S_NOUN_7_ADJ_b,F,S,la tasse avec les tasses que j' aime beaucoup n' est pas importante <eos>,12,importante,important,10,F,P,importante,-8.563016,important,-11.038123,1
3474,S_NOUN_7_ADJ_b,F,S,la tasse avec les tasses que j' aime beaucoup n' est pas courte <eos>,12,courte,court,10,F,P,courte,-10.544956,court,-11.764801,1
3475,S_NOUN_7_ADJ_b,F,S,la tasse avec les tasses que j' aime beaucoup n' est pas dure <eos>,12,dure,dur,10,F,P,dure,-8.740324,dur,-10.835165,1
3476,S_NOUN_7_ADJ_b,F,S,la tasse avec les tasses que j' aime beaucoup n' est pas claire <eos>,12,claire,clair,10,F,P,claire,-5.959661,clair,-8.251133,1
3477,S_NOUN_7_ADJ_b,F,S,la tasse avec les tasses que j' aime beaucoup n' est pas intéressante <eos>,12,intéressante,intéressant,10,F,P,intéressante,-8.503668,intéressant,-10.664063,1
3478,S_NOUN_7_ADJ_b,F,S,la tasse avec les tasses que j' aime beaucoup n' est pas brillante <eos>,12,brillante,brillant,10,F,P,brillante,-8.063217,brillant,-10.12068,1
3479,S_NOUN_7_ADJ_b,F,S,la tasse avec les tasses que j' aime beaucoup n' est pas compliquée <eos>,12,compliquée,compliqué,10,F,P,compliquée,-10.297174,compliqué,-11.133109,1
3480,S_NOUN_7_ADJ_b,F,S,la tasse avec les bougies que j' aime beaucoup n' est pas verte <eos>,12,verte,vert,10,F,P,verte,-8.487025,vert,-9.620643,1
3481,S_NOUN_7_ADJ_b,F,S,la tasse avec les bougies que j' aime beaucoup n' est pas bleue <eos>,12,bleue,bleu,10,F,P,bleue,-9.217085,bleu,-9.595552,1
3482,S_NOUN_7_ADJ_b,F,S,la tasse avec les bougies que j' aime beaucoup n' est pas noire <eos>,12,noire,noir,10,F,P,noire,-8.585159,noir,-8.78603,1
3483,S_NOUN_7_ADJ_b,F,S,la tasse avec les bougies que j' aime beaucoup n' est pas délicate <eos>,12,délicate,délicat,10,F,P,délicate,-10.94132,délicat,-11.482853,1
3484,S_NOUN_7_ADJ_b,F,S,la tasse avec les bougies que j' aime beaucoup n' est pas pointue <eos>,12,pointue,pointu,10,F,P,pointue,-12.488082,pointu,-13.663486,1
3485,S_NOUN_7_ADJ_b,F,S,la tasse avec les bougies que j' aime beaucoup n' est pas ronde <eos>,12,ronde,rond,10,F,P,ronde,-9.209681,rond,-8.833795,0
3486,S_NOUN_7_ADJ_b,F,S,la tasse avec les bougies que j' aime beaucoup n' est pas froide <eos>,12,froide,froid,10,F,P,froide,-8.057482,froid,-10.938077,1
3487,S_NOUN_7_ADJ_b,F,S,la tasse avec les bougies que j' aime beaucoup n' est pas chaude <eos>,12,chaude,chaud,10,F,P,chaude,-7.661124,chaud,-10.728084,1
3488,S_NOUN_7_ADJ_b,F,S,la tasse avec les bougies que j' aime beaucoup n' est pas importante <eos>,12,importante,important,10,F,P,importante,-8.983671,important,-11.247126,1
3489,S_NOUN_7_ADJ_b,F,S,la tasse avec les bougies que j' aime beaucoup n' est pas courte <eos>,12,courte,court,10,F,P,courte,-10.579535,court,-11.611758,1
3490,S_NOUN_7_ADJ_b,F,S,la tasse avec les bougies que j' aime beaucoup n' est pas dure <eos>,12,dure,dur,10,F,P,dure,-8.962389,dur,-10.334539,1
3491,S_NOUN_7_ADJ_b,F,S,la tasse avec les bougies que j' aime beaucoup n' est pas claire <eos>,12,claire,clair,10,F,P,claire,-5.9722013,clair,-8.008204,1
3492,S_NOUN_7_ADJ_b,F,S,la tasse avec les bougies que j' aime beaucoup n' est pas intéressante <eos>,12,intéressante,intéressant,10,F,P,intéressante,-9.4741,intéressant,-10.972857,1
3493,S_NOUN_7_ADJ_b,F,S,la tasse avec les bougies que j' aime beaucoup n' est pas brillante <eos>,12,brillante,brillant,10,F,P,brillante,-8.3643265,brillant,-10.707844,1
3494,S_NOUN_7_ADJ_b,F,S,la tasse avec les bougies que j' aime beaucoup n' est pas compliquée <eos>,12,compliquée,compliqué,10,F,P,compliquée,-10.975323,compliqué,-11.37023,1
3495,S_NOUN_7_ADJ_b,F,S,la tasse avec les pochettes que j' aime beaucoup n' est pas verte <eos>,12,verte,vert,10,F,P,verte,-8.925773,vert,-9.849956,1
3496,S_NOUN_7_ADJ_b,F,S,la tasse avec les pochettes que j' aime beaucoup n' est pas bleue <eos>,12,bleue,bleu,10,F,P,bleue,-8.41408,bleu,-9.688335,1
3497,S_NOUN_7_ADJ_b,F,S,la tasse avec les pochettes que j' aime beaucoup n' est pas noire <eos>,12,noire,noir,10,F,P,noire,-8.511445,noir,-8.091068,0
3498,S_NOUN_7_ADJ_b,F,S,la tasse avec les pochettes que j' aime beaucoup n' est pas délicate <eos>,12,délicate,délicat,10,F,P,délicate,-11.889467,délicat,-12.639905,1
3499,S_NOUN_7_ADJ_b,F,S,la tasse avec les pochettes que j' aime beaucoup n' est pas pointue <eos>,12,pointue,pointu,10,F,P,pointue,-12.828621,pointu,-13.852204,1
3500,S_NOUN_7_ADJ_b,F,S,la tasse avec les pochettes que j' aime beaucoup n' est pas ronde <eos>,12,ronde,rond,10,F,P,ronde,-10.133404,rond,-9.415091,0
3501,S_NOUN_7_ADJ_b,F,S,la tasse avec les pochettes que j' aime beaucoup n' est pas froide <eos>,12,froide,froid,10,F,P,froide,-10.030313,froid,-12.35183,1
3502,S_NOUN_7_ADJ_b,F,S,la tasse avec les pochettes que j' aime beaucoup n' est pas chaude <eos>,12,chaude,chaud,10,F,P,chaude,-9.086057,chaud,-12.580629,1
3503,S_NOUN_7_ADJ_b,F,S,la tasse avec les pochettes que j' aime beaucoup n' est pas importante <eos>,12,importante,important,10,F,P,importante,-8.902958,important,-11.072252,1
3504,S_NOUN_7_ADJ_b,F,S,la tasse avec les pochettes que j' aime beaucoup n' est pas courte <eos>,12,courte,court,10,F,P,courte,-10.220301,court,-11.33827,1
3505,S_NOUN_7_ADJ_b,F,S,la tasse avec les pochettes que j' aime beaucoup n' est pas dure <eos>,12,dure,dur,10,F,P,dure,-8.526106,dur,-9.659371,1
3506,S_NOUN_7_ADJ_b,F,S,la tasse avec les pochettes que j' aime beaucoup n' est pas claire <eos>,12,claire,clair,10,F,P,claire,-5.3140507,clair,-7.512787,1
3507,S_NOUN_7_ADJ_b,F,S,la tasse avec les pochettes que j' aime beaucoup n' est pas intéressante <eos>,12,intéressante,intéressant,10,F,P,intéressante,-8.326773,intéressant,-10.699142,1
3508,S_NOUN_7_ADJ_b,F,S,la tasse avec les pochettes que j' aime beaucoup n' est pas brillante <eos>,12,brillante,brillant,10,F,P,brillante,-8.642521,brillant,-11.184365,1
3509,S_NOUN_7_ADJ_b,F,S,la tasse avec les pochettes que j' aime beaucoup n' est pas compliquée <eos>,12,compliquée,compliqué,10,F,P,compliquée,-10.325323,compliqué,-11.439152,1
3510,S_NOUN_7_ADJ_b,F,S,la tasse avec les bananes que j' aime beaucoup n' est pas verte <eos>,12,verte,vert,10,F,P,verte,-7.888974,vert,-9.114275,1
3511,S_NOUN_7_ADJ_b,F,S,la tasse avec les bananes que j' aime beaucoup n' est pas bleue <eos>,12,bleue,bleu,10,F,P,bleue,-8.520767,bleu,-9.353573,1
3512,S_NOUN_7_ADJ_b,F,S,la tasse avec les bananes que j' aime beaucoup n' est pas noire <eos>,12,noire,noir,10,F,P,noire,-8.096817,noir,-8.317818,1
3513,S_NOUN_7_ADJ_b,F,S,la tasse avec les bananes que j' aime beaucoup n' est pas délicate <eos>,12,délicate,délicat,10,F,P,délicate,-10.693037,délicat,-11.364016,1
3514,S_NOUN_7_ADJ_b,F,S,la tasse avec les bananes que j' aime beaucoup n' est pas pointue <eos>,12,pointue,pointu,10,F,P,pointue,-11.954845,pointu,-13.162139,1
3515,S_NOUN_7_ADJ_b,F,S,la tasse avec les bananes que j' aime beaucoup n' est pas ronde <eos>,12,ronde,rond,10,F,P,ronde,-9.227597,rond,-9.014079,0
3516,S_NOUN_7_ADJ_b,F,S,la tasse avec les bananes que j' aime beaucoup n' est pas froide <eos>,12,froide,froid,10,F,P,froide,-7.843032,froid,-11.277081,1
3517,S_NOUN_7_ADJ_b,F,S,la tasse avec les bananes que j' aime beaucoup n' est pas chaude <eos>,12,chaude,chaud,10,F,P,chaude,-7.365535,chaud,-10.72746,1
3518,S_NOUN_7_ADJ_b,F,S,la tasse avec les bananes que j' aime beaucoup n' est pas importante <eos>,12,importante,important,10,F,P,importante,-8.927715,important,-11.497993,1
3519,S_NOUN_7_ADJ_b,F,S,la tasse avec les bananes que j' aime beaucoup n' est pas courte <eos>,12,courte,court,10,F,P,courte,-10.129931,court,-11.577991,1
3520,S_NOUN_7_ADJ_b,F,S,la tasse avec les bananes que j' aime beaucoup n' est pas dure <eos>,12,dure,dur,10,F,P,dure,-8.249468,dur,-9.299227,1
3521,S_NOUN_7_ADJ_b,F,S,la tasse avec les bananes que j' aime beaucoup n' est pas claire <eos>,12,claire,clair,10,F,P,claire,-5.7262774,clair,-7.388318,1
3522,S_NOUN_7_ADJ_b,F,S,la tasse avec les bananes que j' aime beaucoup n' est pas intéressante <eos>,12,intéressante,intéressant,10,F,P,intéressante,-8.637005,intéressant,-11.048821,1
3523,S_NOUN_7_ADJ_b,F,S,la tasse avec les bananes que j' aime beaucoup n' est pas brillante <eos>,12,brillante,brillant,10,F,P,brillante,-7.727195,brillant,-10.040468,1
3524,S_NOUN_7_ADJ_b,F,S,la tasse avec les bananes que j' aime beaucoup n' est pas compliquée <eos>,12,compliquée,compliqué,10,F,P,compliquée,-10.227951,compliqué,-10.918148,1
3525,S_NOUN_7_ADJ_b,F,S,la tasse avec les robes que j' aime beaucoup n' est pas verte <eos>,12,verte,vert,10,F,P,verte,-8.264248,vert,-9.308884,1
3526,S_NOUN_7_ADJ_b,F,S,la tasse avec les robes que j' aime beaucoup n' est pas bleue <eos>,12,bleue,bleu,10,F,P,bleue,-8.433956,bleu,-9.113465,1
3527,S_NOUN_7_ADJ_b,F,S,la tasse avec les robes que j' aime beaucoup n' est pas noire <eos>,12,noire,noir,10,F,P,noire,-7.911629,noir,-7.7382097,0
3528,S_NOUN_7_ADJ_b,F,S,la tasse avec les robes que j' aime beaucoup n' est pas délicate <eos>,12,délicate,délicat,10,F,P,délicate,-10.358332,délicat,-11.042021,1
3529,S_NOUN_7_ADJ_b,F,S,la tasse avec les robes que j' aime beaucoup n' est pas pointue <eos>,12,pointue,pointu,10,F,P,pointue,-12.284636,pointu,-13.162162,1
3530,S_NOUN_7_ADJ_b,F,S,la tasse avec les robes que j' aime beaucoup n' est pas ronde <eos>,12,ronde,rond,10,F,P,ronde,-9.222176,rond,-9.0969095,0
3531,S_NOUN_7_ADJ_b,F,S,la tasse avec les robes que j' aime beaucoup n' est pas froide <eos>,12,froide,froid,10,F,P,froide,-9.10405,froid,-11.460588,1
3532,S_NOUN_7_ADJ_b,F,S,la tasse avec les robes que j' aime beaucoup n' est pas chaude <eos>,12,chaude,chaud,10,F,P,chaude,-8.733793,chaud,-11.3254795,1
3533,S_NOUN_7_ADJ_b,F,S,la tasse avec les robes que j' aime beaucoup n' est pas importante <eos>,12,importante,important,10,F,P,importante,-8.661444,important,-11.04953,1
3534,S_NOUN_7_ADJ_b,F,S,la tasse avec les robes que j' aime beaucoup n' est pas courte <eos>,12,courte,court,10,F,P,courte,-10.187159,court,-11.271965,1
3535,S_NOUN_7_ADJ_b,F,S,la tasse avec les robes que j' aime beaucoup n' est pas dure <eos>,12,dure,dur,10,F,P,dure,-9.2062,dur,-10.772924,1
3536,S_NOUN_7_ADJ_b,F,S,la tasse avec les robes que j' aime beaucoup n' est pas claire <eos>,12,claire,clair,10,F,P,claire,-4.8107214,clair,-6.9845123,1
3537,S_NOUN_7_ADJ_b,F,S,la tasse avec les robes que j' aime beaucoup n' est pas intéressante <eos>,12,intéressante,intéressant,10,F,P,intéressante,-9.085974,intéressant,-10.781652,1
3538,S_NOUN_7_ADJ_b,F,S,la tasse avec les robes que j' aime beaucoup n' est pas brillante <eos>,12,brillante,brillant,10,F,P,brillante,-7.788233,brillant,-10.020086,1
3539,S_NOUN_7_ADJ_b,F,S,la tasse avec les robes que j' aime beaucoup n' est pas compliquée <eos>,12,compliquée,compliqué,10,F,P,compliquée,-10.4026375,compliqué,-11.449188,1
3540,S_NOUN_7_ADJ_b,F,S,la tasse avec les valises que j' aime beaucoup n' est pas verte <eos>,12,verte,vert,10,F,P,verte,-8.707529,vert,-9.905926,1
3541,S_NOUN_7_ADJ_b,F,S,la tasse avec les valises que j' aime beaucoup n' est pas bleue <eos>,12,bleue,bleu,10,F,P,bleue,-8.734539,bleu,-10.15537,1
3542,S_NOUN_7_ADJ_b,F,S,la tasse avec les valises que j' aime beaucoup n' est pas noire <eos>,12,noire,noir,10,F,P,noire,-8.996508,noir,-9.049219,1
3543,S_NOUN_7_ADJ_b,F,S,la tasse avec les valises que j' aime beaucoup n' est pas délicate <eos>,12,délicate,délicat,10,F,P,délicate,-11.174179,délicat,-12.259056,1
3544,S_NOUN_7_ADJ_b,F,S,la tasse avec les valises que j' aime beaucoup n' est pas pointue <eos>,12,pointue,pointu,10,F,P,pointue,-12.266873,pointu,-13.693507,1
3545,S_NOUN_7_ADJ_b,F,S,la tasse avec les valises que j' aime beaucoup n' est pas ronde <eos>,12,ronde,rond,10,F,P,ronde,-9.536434,rond,-9.039469,0
3546,S_NOUN_7_ADJ_b,F,S,la tasse avec les valises que j' aime beaucoup n' est pas froide <eos>,12,froide,froid,10,F,P,froide,-8.629316,froid,-11.423306,1
3547,S_NOUN_7_ADJ_b,F,S,la tasse avec les valises que j' aime beaucoup n' est pas chaude <eos>,12,chaude,chaud,10,F,P,chaude,-7.7932,chaud,-10.934324,1
3548,S_NOUN_7_ADJ_b,F,S,la tasse avec les valises que j' aime beaucoup n' est pas importante <eos>,12,importante,important,10,F,P,importante,-8.689288,important,-11.082576,1
3549,S_NOUN_7_ADJ_b,F,S,la tasse avec les valises que j' aime beaucoup n' est pas courte <eos>,12,courte,court,10,F,P,courte,-10.849747,court,-11.797459,1
3550,S_NOUN_7_ADJ_b,F,S,la tasse avec les valises que j' aime beaucoup n' est pas dure <eos>,12,dure,dur,10,F,P,dure,-8.99393,dur,-10.536178,1
3551,S_NOUN_7_ADJ_b,F,S,la tasse avec les valises que j' aime beaucoup n' est pas claire <eos>,12,claire,clair,10,F,P,claire,-5.938142,clair,-8.252057,1
3552,S_NOUN_7_ADJ_b,F,S,la tasse avec les valises que j' aime beaucoup n' est pas intéressante <eos>,12,intéressante,intéressant,10,F,P,intéressante,-8.423169,intéressant,-10.734337,1
3553,S_NOUN_7_ADJ_b,F,S,la tasse avec les valises que j' aime beaucoup n' est pas brillante <eos>,12,brillante,brillant,10,F,P,brillante,-8.197076,brillant,-10.59351,1
3554,S_NOUN_7_ADJ_b,F,S,la tasse avec les valises que j' aime beaucoup n' est pas compliquée <eos>,12,compliquée,compliqué,10,F,P,compliquée,-10.188327,compliqué,-11.484826,1
3555,S_NOUN_7_ADJ_b,F,S,la tasse avec les pendules que j' aime beaucoup n' est pas verte <eos>,12,verte,vert,10,F,P,verte,-8.819504,vert,-10.027651,1
3556,S_NOUN_7_ADJ_b,F,S,la tasse avec les pendules que j' aime beaucoup n' est pas bleue <eos>,12,bleue,bleu,10,F,P,bleue,-9.155763,bleu,-9.82831,1
3557,S_NOUN_7_ADJ_b,F,S,la tasse avec les pendules que j' aime beaucoup n' est pas noire <eos>,12,noire,noir,10,F,P,noire,-8.674584,noir,-8.452237,0
3558,S_NOUN_7_ADJ_b,F,S,la tasse avec les pendules que j' aime beaucoup n' est pas délicate <eos>,12,délicate,délicat,10,F,P,délicate,-10.847187,délicat,-11.326143,1
3559,S_NOUN_7_ADJ_b,F,S,la tasse avec les pendules que j' aime beaucoup n' est pas pointue <eos>,12,pointue,pointu,10,F,P,pointue,-13.114973,pointu,-13.886431,1
3560,S_NOUN_7_ADJ_b,F,S,la tasse avec les pendules que j' aime beaucoup n' est pas ronde <eos>,12,ronde,rond,10,F,P,ronde,-10.059864,rond,-9.359257,0
3561,S_NOUN_7_ADJ_b,F,S,la tasse avec les pendules que j' aime beaucoup n' est pas froide <eos>,12,froide,froid,10,F,P,froide,-8.282792,froid,-10.992557,1
3562,S_NOUN_7_ADJ_b,F,S,la tasse avec les pendules que j' aime beaucoup n' est pas chaude <eos>,12,chaude,chaud,10,F,P,chaude,-7.651634,chaud,-10.872396,1
3563,S_NOUN_7_ADJ_b,F,S,la tasse avec les pendules que j' aime beaucoup n' est pas importante <eos>,12,importante,important,10,F,P,importante,-8.869646,important,-10.870247,1
3564,S_NOUN_7_ADJ_b,F,S,la tasse avec les pendules que j' aime beaucoup n' est pas courte <eos>,12,courte,court,10,F,P,courte,-11.054262,court,-11.914943,1
3565,S_NOUN_7_ADJ_b,F,S,la tasse avec les pendules que j' aime beaucoup n' est pas dure <eos>,12,dure,dur,10,F,P,dure,-9.149136,dur,-10.695293,1
3566,S_NOUN_7_ADJ_b,F,S,la tasse avec les pendules que j' aime beaucoup n' est pas claire <eos>,12,claire,clair,10,F,P,claire,-5.7576265,clair,-8.03553,1
3567,S_NOUN_7_ADJ_b,F,S,la tasse avec les pendules que j' aime beaucoup n' est pas intéressante <eos>,12,intéressante,intéressant,10,F,P,intéressante,-8.843237,intéressant,-10.497182,1
3568,S_NOUN_7_ADJ_b,F,S,la tasse avec les pendules que j' aime beaucoup n' est pas brillante <eos>,12,brillante,brillant,10,F,P,brillante,-8.075329,brillant,-10.447915,1
3569,S_NOUN_7_ADJ_b,F,S,la tasse avec les pendules que j' aime beaucoup n' est pas compliquée <eos>,12,compliquée,compliqué,10,F,P,compliquée,-10.325435,compliqué,-11.046014,1
3570,S_NOUN_7_ADJ_b,F,S,la tasse avec les cloches que j' aime beaucoup n' est pas verte <eos>,12,verte,vert,10,F,P,verte,-9.158272,vert,-10.004816,1
3571,S_NOUN_7_ADJ_b,F,S,la tasse avec les cloches que j' aime beaucoup n' est pas bleue <eos>,12,bleue,bleu,10,F,P,bleue,-9.63149,bleu,-10.048388,1
3572,S_NOUN_7_ADJ_b,F,S,la tasse avec les cloches que j' aime beaucoup n' est pas noire <eos>,12,noire,noir,10,F,P,noire,-9.103064,noir,-8.937307,0
3573,S_NOUN_7_ADJ_b,F,S,la tasse avec les cloches que j' aime beaucoup n' est pas délicate <eos>,12,délicate,délicat,10,F,P,délicate,-11.350806,délicat,-11.335604,0
3574,S_NOUN_7_ADJ_b,F,S,la tasse avec les cloches que j' aime beaucoup n' est pas pointue <eos>,12,pointue,pointu,10,F,P,pointue,-12.291953,pointu,-13.437053,1
3575,S_NOUN_7_ADJ_b,F,S,la tasse avec les cloches que j' aime beaucoup n' est pas ronde <eos>,12,ronde,rond,10,F,P,ronde,-9.520702,rond,-9.127991,0
3576,S_NOUN_7_ADJ_b,F,S,la tasse avec les cloches que j' aime beaucoup n' est pas froide <eos>,12,froide,froid,10,F,P,froide,-8.907184,froid,-10.9518175,1
3577,S_NOUN_7_ADJ_b,F,S,la tasse avec les cloches que j' aime beaucoup n' est pas chaude <eos>,12,chaude,chaud,10,F,P,chaude,-8.344415,chaud,-11.0349,1
3578,S_NOUN_7_ADJ_b,F,S,la tasse avec les cloches que j' aime beaucoup n' est pas importante <eos>,12,importante,important,10,F,P,importante,-8.899639,important,-10.881914,1
3579,S_NOUN_7_ADJ_b,F,S,la tasse avec les cloches que j' aime beaucoup n' est pas courte <eos>,12,courte,court,10,F,P,courte,-10.635728,court,-11.314114,1
3580,S_NOUN_7_ADJ_b,F,S,la tasse avec les cloches que j' aime beaucoup n' est pas dure <eos>,12,dure,dur,10,F,P,dure,-9.216056,dur,-10.399468,1
3581,S_NOUN_7_ADJ_b,F,S,la tasse avec les cloches que j' aime beaucoup n' est pas claire <eos>,12,claire,clair,10,F,P,claire,-6.206911,clair,-7.9996214,1
3582,S_NOUN_7_ADJ_b,F,S,la tasse avec les cloches que j' aime beaucoup n' est pas intéressante <eos>,12,intéressante,intéressant,10,F,P,intéressante,-8.9229355,intéressant,-10.238533,1
3583,S_NOUN_7_ADJ_b,F,S,la tasse avec les cloches que j' aime beaucoup n' est pas brillante <eos>,12,brillante,brillant,10,F,P,brillante,-8.435816,brillant,-10.690083,1
3584,S_NOUN_7_ADJ_b,F,S,la tasse avec les cloches que j' aime beaucoup n' est pas compliquée <eos>,12,compliquée,compliqué,10,F,P,compliquée,-10.760619,compliqué,-11.097519,1
3585,S_NOUN_7_ADJ_b,F,S,la tasse avec les cerises que j' aime beaucoup n' est pas verte <eos>,12,verte,vert,10,F,P,verte,-8.864223,vert,-9.560389,1
3586,S_NOUN_7_ADJ_b,F,S,la tasse avec les cerises que j' aime beaucoup n' est pas bleue <eos>,12,bleue,bleu,10,F,P,bleue,-9.296342,bleu,-9.640414,1
3587,S_NOUN_7_ADJ_b,F,S,la tasse avec les cerises que j' aime beaucoup n' est pas noire <eos>,12,noire,noir,10,F,P,noire,-8.820339,noir,-8.419638,0
3588,S_NOUN_7_ADJ_b,F,S,la tasse avec les cerises que j' aime beaucoup n' est pas délicate <eos>,12,délicate,délicat,10,F,P,délicate,-10.928223,délicat,-11.194918,1
3589,S_NOUN_7_ADJ_b,F,S,la tasse avec les cerises que j' aime beaucoup n' est pas pointue <eos>,12,pointue,pointu,10,F,P,pointue,-12.988179,pointu,-13.759667,1
3590,S_NOUN_7_ADJ_b,F,S,la tasse avec les cerises que j' aime beaucoup n' est pas ronde <eos>,12,ronde,rond,10,F,P,ronde,-9.226353,rond,-8.903445,0
3591,S_NOUN_7_ADJ_b,F,S,la tasse avec les cerises que j' aime beaucoup n' est pas froide <eos>,12,froide,froid,10,F,P,froide,-8.251084,froid,-10.582434,1
3592,S_NOUN_7_ADJ_b,F,S,la tasse avec les cerises que j' aime beaucoup n' est pas chaude <eos>,12,chaude,chaud,10,F,P,chaude,-8.143556,chaud,-10.689007,1
3593,S_NOUN_7_ADJ_b,F,S,la tasse avec les cerises que j' aime beaucoup n' est pas importante <eos>,12,importante,important,10,F,P,importante,-9.072397,important,-11.189514,1
3594,S_NOUN_7_ADJ_b,F,S,la tasse avec les cerises que j' aime beaucoup n' est pas courte <eos>,12,courte,court,10,F,P,courte,-10.644157,court,-11.484087,1
3595,S_NOUN_7_ADJ_b,F,S,la tasse avec les cerises que j' aime beaucoup n' est pas dure <eos>,12,dure,dur,10,F,P,dure,-8.978046,dur,-10.3688965,1
3596,S_NOUN_7_ADJ_b,F,S,la tasse avec les cerises que j' aime beaucoup n' est pas claire <eos>,12,claire,clair,10,F,P,claire,-5.8735657,clair,-7.793391,1
3597,S_NOUN_7_ADJ_b,F,S,la tasse avec les cerises que j' aime beaucoup n' est pas intéressante <eos>,12,intéressante,intéressant,10,F,P,intéressante,-8.817043,intéressant,-10.815614,1
3598,S_NOUN_7_ADJ_b,F,S,la tasse avec les cerises que j' aime beaucoup n' est pas brillante <eos>,12,brillante,brillant,10,F,P,brillante,-8.394553,brillant,-10.614995,1
3599,S_NOUN_7_ADJ_b,F,S,la tasse avec les cerises que j' aime beaucoup n' est pas compliquée <eos>,12,compliquée,compliqué,10,F,P,compliquée,-10.5921955,compliqué,-11.17332,1
3600,S_NOUN_7_ADJ_b,F,S,la bougie avec les gemmes que j' aime beaucoup n' est pas verte <eos>,12,verte,vert,10,F,P,verte,-7.760732,vert,-8.815458,1
3601,S_NOUN_7_ADJ_b,F,S,la bougie avec les gemmes que j' aime beaucoup n' est pas bleue <eos>,12,bleue,bleu,10,F,P,bleue,-8.403757,bleu,-8.591906,1
3602,S_NOUN_7_ADJ_b,F,S,la bougie avec les gemmes que j' aime beaucoup n' est pas noire <eos>,12,noire,noir,10,F,P,noire,-7.6090527,noir,-7.6846123,1
3603,S_NOUN_7_ADJ_b,F,S,la bougie avec les gemmes que j' aime beaucoup n' est pas délicate <eos>,12,délicate,délicat,10,F,P,délicate,-11.426795,délicat,-12.993706,1
3604,S_NOUN_7_ADJ_b,F,S,la bougie avec les gemmes que j' aime beaucoup n' est pas pointue <eos>,12,pointue,pointu,10,F,P,pointue,-11.994693,pointu,-13.596489,1
3605,S_NOUN_7_ADJ_b,F,S,la bougie avec les gemmes que j' aime beaucoup n' est pas ronde <eos>,12,ronde,rond,10,F,P,ronde,-9.6157,rond,-9.966478,1
3606,S_NOUN_7_ADJ_b,F,S,la bougie avec les gemmes que j' aime beaucoup n' est pas froide <eos>,12,froide,froid,10,F,P,froide,-8.1315775,froid,-12.015495,1
3607,S_NOUN_7_ADJ_b,F,S,la bougie avec les gemmes que j' aime beaucoup n' est pas chaude <eos>,12,chaude,chaud,10,F,P,chaude,-7.5766926,chaud,-11.423396,1
3608,S_NOUN_7_ADJ_b,F,S,la bougie avec les gemmes que j' aime beaucoup n' est pas importante <eos>,12,importante,important,10,F,P,importante,-8.038916,important,-11.152277,1
3609,S_NOUN_7_ADJ_b,F,S,la bougie avec les gemmes que j' aime beaucoup n' est pas courte <eos>,12,courte,court,10,F,P,courte,-9.586672,court,-11.961761,1
3610,S_NOUN_7_ADJ_b,F,S,la bougie avec les gemmes que j' aime beaucoup n' est pas dure <eos>,12,dure,dur,10,F,P,dure,-9.0994,dur,-10.776746,1
3611,S_NOUN_7_ADJ_b,F,S,la bougie avec les gemmes que j' aime beaucoup n' est pas claire <eos>,12,claire,clair,10,F,P,claire,-5.451401,clair,-7.241362,1
3612,S_NOUN_7_ADJ_b,F,S,la bougie avec les gemmes que j' aime beaucoup n' est pas intéressante <eos>,12,intéressante,intéressant,10,F,P,intéressante,-8.714376,intéressant,-10.712782,1
3613,S_NOUN_7_ADJ_b,F,S,la bougie avec les gemmes que j' aime beaucoup n' est pas brillante <eos>,12,brillante,brillant,10,F,P,brillante,-6.4496884,brillant,-9.622452,1
3614,S_NOUN_7_ADJ_b,F,S,la bougie avec les gemmes que j' aime beaucoup n' est pas compliquée <eos>,12,compliquée,compliqué,10,F,P,compliquée,-10.876032,compliqué,-11.187008,1
3615,S_NOUN_7_ADJ_b,F,S,la bougie avec les chaises que j' aime beaucoup n' est pas verte <eos>,12,verte,vert,10,F,P,verte,-9.232637,vert,-10.245118,1
3616,S_NOUN_7_ADJ_b,F,S,la bougie avec les chaises que j' aime beaucoup n' est pas bleue <eos>,12,bleue,bleu,10,F,P,bleue,-9.577164,bleu,-9.885854,1
3617,S_NOUN_7_ADJ_b,F,S,la bougie avec les chaises que j' aime beaucoup n' est pas noire <eos>,12,noire,noir,10,F,P,noire,-8.577243,noir,-8.842725,1
3618,S_NOUN_7_ADJ_b,F,S,la bougie avec les chaises que j' aime beaucoup n' est pas délicate <eos>,12,délicate,délicat,10,F,P,délicate,-11.352063,délicat,-12.266179,1
3619,S_NOUN_7_ADJ_b,F,S,la bougie avec les chaises que j' aime beaucoup n' est pas pointue <eos>,12,pointue,pointu,10,F,P,pointue,-12.272798,pointu,-13.701161,1
3620,S_NOUN_7_ADJ_b,F,S,la bougie avec les chaises que j' aime beaucoup n' est pas ronde <eos>,12,ronde,rond,10,F,P,ronde,-9.388359,rond,-9.4300585,1
3621,S_NOUN_7_ADJ_b,F,S,la bougie avec les chaises que j' aime beaucoup n' est pas froide <eos>,12,froide,froid,10,F,P,froide,-8.653094,froid,-12.095312,1
3622,S_NOUN_7_ADJ_b,F,S,la bougie avec les chaises que j' aime beaucoup n' est pas chaude <eos>,12,chaude,chaud,10,F,P,chaude,-7.6118646,chaud,-11.271219,1
3623,S_NOUN_7_ADJ_b,F,S,la bougie avec les chaises que j' aime beaucoup n' est pas importante <eos>,12,importante,important,10,F,P,importante,-8.182209,important,-10.972502,1
3624,S_NOUN_7_ADJ_b,F,S,la bougie avec les chaises que j' aime beaucoup n' est pas courte <eos>,12,courte,court,10,F,P,courte,-9.668169,court,-11.473,1
3625,S_NOUN_7_ADJ_b,F,S,la bougie avec les chaises que j' aime beaucoup n' est pas dure <eos>,12,dure,dur,10,F,P,dure,-8.681285,dur,-11.467481,1
3626,S_NOUN_7_ADJ_b,F,S,la bougie avec les chaises que j' aime beaucoup n' est pas claire <eos>,12,claire,clair,10,F,P,claire,-5.6372046,clair,-8.061518,1
3627,S_NOUN_7_ADJ_b,F,S,la bougie avec les chaises que j' aime beaucoup n' est pas intéressante <eos>,12,intéressante,intéressant,10,F,P,intéressante,-9.15315,intéressant,-10.803125,1
3628,S_NOUN_7_ADJ_b,F,S,la bougie avec les chaises que j' aime beaucoup n' est pas brillante <eos>,12,brillante,brillant,10,F,P,brillante,-7.71988,brillant,-10.781052,1
3629,S_NOUN_7_ADJ_b,F,S,la bougie avec les chaises que j' aime beaucoup n' est pas compliquée <eos>,12,compliquée,compliqué,10,F,P,compliquée,-10.450881,compliqué,-11.270637,1
3630,S_NOUN_7_ADJ_b,F,S,la bougie avec les poubelles que j' aime beaucoup n' est pas verte <eos>,12,verte,vert,10,F,P,verte,-8.330595,vert,-9.838839,1
3631,S_NOUN_7_ADJ_b,F,S,la bougie avec les poubelles que j' aime beaucoup n' est pas bleue <eos>,12,bleue,bleu,10,F,P,bleue,-9.5098505,bleu,-10.287048,1
3632,S_NOUN_7_ADJ_b,F,S,la bougie avec les poubelles que j' aime beaucoup n' est pas noire <eos>,12,noire,noir,10,F,P,noire,-8.674155,noir,-8.875337,1
3633,S_NOUN_7_ADJ_b,F,S,la bougie avec les poubelles que j' aime beaucoup n' est pas délicate <eos>,12,délicate,délicat,10,F,P,délicate,-11.54683,délicat,-12.405036,1
3634,S_NOUN_7_ADJ_b,F,S,la bougie avec les poubelles que j' aime beaucoup n' est pas pointue <eos>,12,pointue,pointu,10,F,P,pointue,-12.259083,pointu,-13.925961,1
3635,S_NOUN_7_ADJ_b,F,S,la bougie avec les poubelles que j' aime beaucoup n' est pas ronde <eos>,12,ronde,rond,10,F,P,ronde,-10.223749,rond,-10.233168,1
3636,S_NOUN_7_ADJ_b,F,S,la bougie avec les poubelles que j' aime beaucoup n' est pas froide <eos>,12,froide,froid,10,F,P,froide,-8.161268,froid,-11.632356,1
3637,S_NOUN_7_ADJ_b,F,S,la bougie avec les poubelles que j' aime beaucoup n' est pas chaude <eos>,12,chaude,chaud,10,F,P,chaude,-7.636155,chaud,-11.374687,1
3638,S_NOUN_7_ADJ_b,F,S,la bougie avec les poubelles que j' aime beaucoup n' est pas importante <eos>,12,importante,important,10,F,P,importante,-8.229106,important,-10.806089,1
3639,S_NOUN_7_ADJ_b,F,S,la bougie avec les poubelles que j' aime beaucoup n' est pas courte <eos>,12,courte,court,10,F,P,courte,-9.933395,court,-11.6521015,1
3640,S_NOUN_7_ADJ_b,F,S,la bougie avec les poubelles que j' aime beaucoup n' est pas dure <eos>,12,dure,dur,10,F,P,dure,-8.684407,dur,-10.624313,1
3641,S_NOUN_7_ADJ_b,F,S,la bougie avec les poubelles que j' aime beaucoup n' est pas claire <eos>,12,claire,clair,10,F,P,claire,-5.966339,clair,-8.26092,1
3642,S_NOUN_7_ADJ_b,F,S,la bougie avec les poubelles que j' aime beaucoup n' est pas intéressante <eos>,12,intéressante,intéressant,10,F,P,intéressante,-8.906187,intéressant,-10.390362,1
3643,S_NOUN_7_ADJ_b,F,S,la bougie avec les poubelles que j' aime beaucoup n' est pas brillante <eos>,12,brillante,brillant,10,F,P,brillante,-8.300366,brillant,-11.007417,1
3644,S_NOUN_7_ADJ_b,F,S,la bougie avec les poubelles que j' aime beaucoup n' est pas compliquée <eos>,12,compliquée,compliqué,10,F,P,compliquée,-10.469822,compliqué,-11.073763,1
3645,S_NOUN_7_ADJ_b,F,S,la bougie avec les chemises que j' aime beaucoup n' est pas verte <eos>,12,verte,vert,10,F,P,verte,-8.710473,vert,-9.225565,1
3646,S_NOUN_7_ADJ_b,F,S,la bougie avec les chemises que j' aime beaucoup n' est pas bleue <eos>,12,bleue,bleu,10,F,P,bleue,-8.880081,bleu,-9.111309,1
3647,S_NOUN_7_ADJ_b,F,S,la bougie avec les chemises que j' aime beaucoup n' est pas noire <eos>,12,noire,noir,10,F,P,noire,-8.056578,noir,-7.879388,0
3648,S_NOUN_7_ADJ_b,F,S,la bougie avec les chemises que j' aime beaucoup n' est pas délicate <eos>,12,délicate,délicat,10,F,P,délicate,-11.507888,délicat,-12.290556,1
3649,S_NOUN_7_ADJ_b,F,S,la bougie avec les chemises que j' aime beaucoup n' est pas pointue <eos>,12,pointue,pointu,10,F,P,pointue,-12.10886,pointu,-13.992186,1
3650,S_NOUN_7_ADJ_b,F,S,la bougie avec les chemises que j' aime beaucoup n' est pas ronde <eos>,12,ronde,rond,10,F,P,ronde,-9.802469,rond,-9.812841,1
3651,S_NOUN_7_ADJ_b,F,S,la bougie avec les chemises que j' aime beaucoup n' est pas froide <eos>,12,froide,froid,10,F,P,froide,-8.331789,froid,-11.243017,1
3652,S_NOUN_7_ADJ_b,F,S,la bougie avec les chemises que j' aime beaucoup n' est pas chaude <eos>,12,chaude,chaud,10,F,P,chaude,-7.709151,chaud,-10.540263,1
3653,S_NOUN_7_ADJ_b,F,S,la bougie avec les chemises que j' aime beaucoup n' est pas importante <eos>,12,importante,important,10,F,P,importante,-8.185338,important,-10.974662,1
3654,S_NOUN_7_ADJ_b,F,S,la bougie avec les chemises que j' aime beaucoup n' est pas courte <eos>,12,courte,court,10,F,P,courte,-9.478426,court,-11.228332,1
3655,S_NOUN_7_ADJ_b,F,S,la bougie avec les chemises que j' aime beaucoup n' est pas dure <eos>,12,dure,dur,10,F,P,dure,-8.136003,dur,-10.624096,1
3656,S_NOUN_7_ADJ_b,F,S,la bougie avec les chemises que j' aime beaucoup n' est pas claire <eos>,12,claire,clair,10,F,P,claire,-5.496737,clair,-7.4749675,1
3657,S_NOUN_7_ADJ_b,F,S,la bougie avec les chemises que j' aime beaucoup n' est pas intéressante <eos>,12,intéressante,intéressant,10,F,P,intéressante,-9.4733515,intéressant,-10.730434,1
3658,S_NOUN_7_ADJ_b,F,S,la bougie avec les chemises que j' aime beaucoup n' est pas brillante <eos>,12,brillante,brillant,10,F,P,brillante,-6.886628,brillant,-9.682719,1
3659,S_NOUN_7_ADJ_b,F,S,la bougie avec les chemises que j' aime beaucoup n' est pas compliquée <eos>,12,compliquée,compliqué,10,F,P,compliquée,-10.674433,compliqué,-11.474264,1
3660,S_NOUN_7_ADJ_b,F,S,la bougie avec les recettes que j' aime beaucoup n' est pas verte <eos>,12,verte,vert,10,F,P,verte,-8.99379,vert,-10.075771,1
3661,S_NOUN_7_ADJ_b,F,S,la bougie avec les recettes que j' aime beaucoup n' est pas bleue <eos>,12,bleue,bleu,10,F,P,bleue,-10.107868,bleu,-10.331922,1
3662,S_NOUN_7_ADJ_b,F,S,la bougie avec les recettes que j' aime beaucoup n' est pas noire <eos>,12,noire,noir,10,F,P,noire,-8.53891,noir,-8.674206,1
3663,S_NOUN_7_ADJ_b,F,S,la bougie avec les recettes que j' aime beaucoup n' est pas délicate <eos>,12,délicate,délicat,10,F,P,délicate,-11.7032795,délicat,-11.991458,1
3664,S_NOUN_7_ADJ_b,F,S,la bougie avec les recettes que j' aime beaucoup n' est pas pointue <eos>,12,pointue,pointu,10,F,P,pointue,-12.900452,pointu,-14.027318,1
3665,S_NOUN_7_ADJ_b,F,S,la bougie avec les recettes que j' aime beaucoup n' est pas ronde <eos>,12,ronde,rond,10,F,P,ronde,-9.935792,rond,-10.501444,1
3666,S_NOUN_7_ADJ_b,F,S,la bougie avec les recettes que j' aime beaucoup n' est pas froide <eos>,12,froide,froid,10,F,P,froide,-8.330189,froid,-11.3394575,1
3667,S_NOUN_7_ADJ_b,F,S,la bougie avec les recettes que j' aime beaucoup n' est pas chaude <eos>,12,chaude,chaud,10,F,P,chaude,-7.7152195,chaud,-11.212778,1
3668,S_NOUN_7_ADJ_b,F,S,la bougie avec les recettes que j' aime beaucoup n' est pas importante <eos>,12,importante,important,10,F,P,importante,-7.5517263,important,-10.336621,1
3669,S_NOUN_7_ADJ_b,F,S,la bougie avec les recettes que j' aime beaucoup n' est pas courte <eos>,12,courte,court,10,F,P,courte,-9.454073,court,-11.050322,1
3670,S_NOUN_7_ADJ_b,F,S,la bougie avec les recettes que j' aime beaucoup n' est pas dure <eos>,12,dure,dur,10,F,P,dure,-9.020157,dur,-11.415365,1
3671,S_NOUN_7_ADJ_b,F,S,la bougie avec les recettes que j' aime beaucoup n' est pas claire <eos>,12,claire,clair,10,F,P,claire,-5.9587913,clair,-7.9620547,1
3672,S_NOUN_7_ADJ_b,F,S,la bougie avec les recettes que j' aime beaucoup n' est pas intéressante <eos>,12,intéressante,intéressant,10,F,P,intéressante,-8.568712,intéressant,-10.538406,1
3673,S_NOUN_7_ADJ_b,F,S,la bougie avec les recettes que j' aime beaucoup n' est pas brillante <eos>,12,brillante,brillant,10,F,P,brillante,-8.02413,brillant,-10.706439,1
3674,S_NOUN_7_ADJ_b,F,S,la bougie avec les recettes que j' aime beaucoup n' est pas compliquée <eos>,12,compliquée,compliqué,10,F,P,compliquée,-11.127708,compliqué,-11.016157,0
3675,S_NOUN_7_ADJ_b,F,S,la bougie avec les jupes que j' aime beaucoup n' est pas verte <eos>,12,verte,vert,10,F,P,verte,-9.147051,vert,-9.976465,1
3676,S_NOUN_7_ADJ_b,F,S,la bougie avec les jupes que j' aime beaucoup n' est pas bleue <eos>,12,bleue,bleu,10,F,P,bleue,-9.252516,bleu,-9.668019,1
3677,S_NOUN_7_ADJ_b,F,S,la bougie avec les jupes que j' aime beaucoup n' est pas noire <eos>,12,noire,noir,10,F,P,noire,-8.352826,noir,-8.505196,1
3678,S_NOUN_7_ADJ_b,F,S,la bougie avec les jupes que j' aime beaucoup n' est pas délicate <eos>,12,délicate,délicat,10,F,P,délicate,-10.859885,délicat,-12.117633,1
3679,S_NOUN_7_ADJ_b,F,S,la bougie avec les jupes que j' aime beaucoup n' est pas pointue <eos>,12,pointue,pointu,10,F,P,pointue,-11.430484,pointu,-13.430412,1
3680,S_NOUN_7_ADJ_b,F,S,la bougie avec les jupes que j' aime beaucoup n' est pas ronde <eos>,12,ronde,rond,10,F,P,ronde,-9.641589,rond,-9.51717,0
3681,S_NOUN_7_ADJ_b,F,S,la bougie avec les jupes que j' aime beaucoup n' est pas froide <eos>,12,froide,froid,10,F,P,froide,-9.408615,froid,-12.196561,1
3682,S_NOUN_7_ADJ_b,F,S,la bougie avec les jupes que j' aime beaucoup n' est pas chaude <eos>,12,chaude,chaud,10,F,P,chaude,-8.748188,chaud,-11.339662,1
3683,S_NOUN_7_ADJ_b,F,S,la bougie avec les jupes que j' aime beaucoup n' est pas importante <eos>,12,importante,important,10,F,P,importante,-8.006252,important,-11.172986,1
3684,S_NOUN_7_ADJ_b,F,S,la bougie avec les jupes que j' aime beaucoup n' est pas courte <eos>,12,courte,court,10,F,P,courte,-8.710705,court,-10.771298,1
3685,S_NOUN_7_ADJ_b,F,S,la bougie avec les jupes que j' aime beaucoup n' est pas dure <eos>,12,dure,dur,10,F,P,dure,-8.163919,dur,-11.260851,1
3686,S_NOUN_7_ADJ_b,F,S,la bougie avec les jupes que j' aime beaucoup n' est pas claire <eos>,12,claire,clair,10,F,P,claire,-5.265047,clair,-7.706115,1
3687,S_NOUN_7_ADJ_b,F,S,la bougie avec les jupes que j' aime beaucoup n' est pas intéressante <eos>,12,intéressante,intéressant,10,F,P,intéressante,-9.34637,intéressant,-10.855018,1
3688,S_NOUN_7_ADJ_b,F,S,la bougie avec les jupes que j' aime beaucoup n' est pas brillante <eos>,12,brillante,brillant,10,F,P,brillante,-7.080228,brillant,-9.893786,1
3689,S_NOUN_7_ADJ_b,F,S,la bougie avec les jupes que j' aime beaucoup n' est pas compliquée <eos>,12,compliquée,compliqué,10,F,P,compliquée,-9.894068,compliqué,-11.153127,1
3690,S_NOUN_7_ADJ_b,F,S,la bougie avec les colles que j' aime beaucoup n' est pas verte <eos>,12,verte,vert,10,F,P,verte,-8.902115,vert,-9.990793,1
3691,S_NOUN_7_ADJ_b,F,S,la bougie avec les colles que j' aime beaucoup n' est pas bleue <eos>,12,bleue,bleu,10,F,P,bleue,-9.591773,bleu,-9.72829,1
3692,S_NOUN_7_ADJ_b,F,S,la bougie avec les colles que j' aime beaucoup n' est pas noire <eos>,12,noire,noir,10,F,P,noire,-8.306311,noir,-8.550075,1
3693,S_NOUN_7_ADJ_b,F,S,la bougie avec les colles que j' aime beaucoup n' est pas délicate <eos>,12,délicate,délicat,10,F,P,délicate,-10.746037,délicat,-11.799641,1
3694,S_NOUN_7_ADJ_b,F,S,la bougie avec les colles que j' aime beaucoup n' est pas pointue <eos>,12,pointue,pointu,10,F,P,pointue,-12.797392,pointu,-14.671814,1
3695,S_NOUN_7_ADJ_b,F,S,la bougie avec les colles que j' aime beaucoup n' est pas ronde <eos>,12,ronde,rond,10,F,P,ronde,-10.050474,rond,-10.341372,1
3696,S_NOUN_7_ADJ_b,F,S,la bougie avec les colles que j' aime beaucoup n' est pas froide <eos>,12,froide,froid,10,F,P,froide,-7.8399944,froid,-11.247398,1
3697,S_NOUN_7_ADJ_b,F,S,la bougie avec les colles que j' aime beaucoup n' est pas chaude <eos>,12,chaude,chaud,10,F,P,chaude,-7.414469,chaud,-10.558754,1
3698,S_NOUN_7_ADJ_b,F,S,la bougie avec les colles que j' aime beaucoup n' est pas importante <eos>,12,importante,important,10,F,P,importante,-8.028581,important,-10.810809,1
3699,S_NOUN_7_ADJ_b,F,S,la bougie avec les colles que j' aime beaucoup n' est pas courte <eos>,12,courte,court,10,F,P,courte,-10.084625,court,-12.068144,1
3700,S_NOUN_7_ADJ_b,F,S,la bougie avec les colles que j' aime beaucoup n' est pas dure <eos>,12,dure,dur,10,F,P,dure,-8.452703,dur,-10.991059,1
3701,S_NOUN_7_ADJ_b,F,S,la bougie avec les colles que j' aime beaucoup n' est pas claire <eos>,12,claire,clair,10,F,P,claire,-5.5896163,clair,-7.81955,1
3702,S_NOUN_7_ADJ_b,F,S,la bougie avec les colles que j' aime beaucoup n' est pas intéressante <eos>,12,intéressante,intéressant,10,F,P,intéressante,-8.652253,intéressant,-10.336501,1
3703,S_NOUN_7_ADJ_b,F,S,la bougie avec les colles que j' aime beaucoup n' est pas brillante <eos>,12,brillante,brillant,10,F,P,brillante,-7.0647635,brillant,-9.806976,1
3704,S_NOUN_7_ADJ_b,F,S,la bougie avec les colles que j' aime beaucoup n' est pas compliquée <eos>,12,compliquée,compliqué,10,F,P,compliquée,-10.037142,compliqué,-10.964848,1
3705,S_NOUN_7_ADJ_b,F,S,la bougie avec les lampes que j' aime beaucoup n' est pas verte <eos>,12,verte,vert,10,F,P,verte,-8.1067295,vert,-9.689247,1
3706,S_NOUN_7_ADJ_b,F,S,la bougie avec les lampes que j' aime beaucoup n' est pas bleue <eos>,12,bleue,bleu,10,F,P,bleue,-9.056801,bleu,-9.290085,1
3707,S_NOUN_7_ADJ_b,F,S,la bougie avec les lampes que j' aime beaucoup n' est pas noire <eos>,12,noire,noir,10,F,P,noire,-8.151239,noir,-8.353813,1
3708,S_NOUN_7_ADJ_b,F,S,la bougie avec les lampes que j' aime beaucoup n' est pas délicate <eos>,12,délicate,délicat,10,F,P,délicate,-11.3794,délicat,-12.528796,1
3709,S_NOUN_7_ADJ_b,F,S,la bougie avec les lampes que j' aime beaucoup n' est pas pointue <eos>,12,pointue,pointu,10,F,P,pointue,-12.99661,pointu,-14.275852,1
3710,S_NOUN_7_ADJ_b,F,S,la bougie avec les lampes que j' aime beaucoup n' est pas ronde <eos>,12,ronde,rond,10,F,P,ronde,-10.310373,rond,-10.208666,0
3711,S_NOUN_7_ADJ_b,F,S,la bougie avec les lampes que j' aime beaucoup n' est pas froide <eos>,12,froide,froid,10,F,P,froide,-7.204377,froid,-11.17513,1
3712,S_NOUN_7_ADJ_b,F,S,la bougie avec les lampes que j' aime beaucoup n' est pas chaude <eos>,12,chaude,chaud,10,F,P,chaude,-6.4681196,chaud,-10.5836935,1
3713,S_NOUN_7_ADJ_b,F,S,la bougie avec les lampes que j' aime beaucoup n' est pas importante <eos>,12,importante,important,10,F,P,importante,-7.958881,important,-10.941336,1
3714,S_NOUN_7_ADJ_b,F,S,la bougie avec les lampes que j' aime beaucoup n' est pas courte <eos>,12,courte,court,10,F,P,courte,-10.135794,court,-12.317757,1
3715,S_NOUN_7_ADJ_b,F,S,la bougie avec les lampes que j' aime beaucoup n' est pas dure <eos>,12,dure,dur,10,F,P,dure,-8.951792,dur,-11.652714,1
3716,S_NOUN_7_ADJ_b,F,S,la bougie avec les lampes que j' aime beaucoup n' est pas claire <eos>,12,claire,clair,10,F,P,claire,-5.9797235,clair,-7.8887496,1
3717,S_NOUN_7_ADJ_b,F,S,la bougie avec les lampes que j' aime beaucoup n' est pas intéressante <eos>,12,intéressante,intéressant,10,F,P,intéressante,-8.847825,intéressant,-10.547913,1
3718,S_NOUN_7_ADJ_b,F,S,la bougie avec les lampes que j' aime beaucoup n' est pas brillante <eos>,12,brillante,brillant,10,F,P,brillante,-7.0810165,brillant,-10.397783,1
3719,S_NOUN_7_ADJ_b,F,S,la bougie avec les lampes que j' aime beaucoup n' est pas compliquée <eos>,12,compliquée,compliqué,10,F,P,compliquée,-10.995882,compliqué,-11.603702,1
3720,S_NOUN_7_ADJ_b,F,S,la bougie avec les bouteilles que j' aime beaucoup n' est pas verte <eos>,12,verte,vert,10,F,P,verte,-8.705576,vert,-9.77007,1
3721,S_NOUN_7_ADJ_b,F,S,la bougie avec les bouteilles que j' aime beaucoup n' est pas bleue <eos>,12,bleue,bleu,10,F,P,bleue,-9.426513,bleu,-10.053623,1
3722,S_NOUN_7_ADJ_b,F,S,la bougie avec les bouteilles que j' aime beaucoup n' est pas noire <eos>,12,noire,noir,10,F,P,noire,-8.815625,noir,-8.9334755,1
3723,S_NOUN_7_ADJ_b,F,S,la bougie avec les bouteilles que j' aime beaucoup n' est pas délicate <eos>,12,délicate,délicat,10,F,P,délicate,-11.51347,délicat,-12.201713,1
3724,S_NOUN_7_ADJ_b,F,S,la bougie avec les bouteilles que j' aime beaucoup n' est pas pointue <eos>,12,pointue,pointu,10,F,P,pointue,-12.870032,pointu,-14.567492,1
3725,S_NOUN_7_ADJ_b,F,S,la bougie avec les bouteilles que j' aime beaucoup n' est pas ronde <eos>,12,ronde,rond,10,F,P,ronde,-10.034142,rond,-9.960108,0
3726,S_NOUN_7_ADJ_b,F,S,la bougie avec les bouteilles que j' aime beaucoup n' est pas froide <eos>,12,froide,froid,10,F,P,froide,-7.3848786,froid,-10.673422,1
3727,S_NOUN_7_ADJ_b,F,S,la bougie avec les bouteilles que j' aime beaucoup n' est pas chaude <eos>,12,chaude,chaud,10,F,P,chaude,-6.725754,chaud,-10.2066145,1
3728,S_NOUN_7_ADJ_b,F,S,la bougie avec les bouteilles que j' aime beaucoup n' est pas importante <eos>,12,importante,important,10,F,P,importante,-8.118914,important,-10.632837,1
3729,S_NOUN_7_ADJ_b,F,S,la bougie avec les bouteilles que j' aime beaucoup n' est pas courte <eos>,12,courte,court,10,F,P,courte,-10.018935,court,-11.304258,1
3730,S_NOUN_7_ADJ_b,F,S,la bougie avec les bouteilles que j' aime beaucoup n' est pas dure <eos>,12,dure,dur,10,F,P,dure,-8.277979,dur,-10.913467,1
3731,S_NOUN_7_ADJ_b,F,S,la bougie avec les bouteilles que j' aime beaucoup n' est pas claire <eos>,12,claire,clair,10,F,P,claire,-5.6660624,clair,-8.1568575,1
3732,S_NOUN_7_ADJ_b,F,S,la bougie avec les bouteilles que j' aime beaucoup n' est pas intéressante <eos>,12,intéressante,intéressant,10,F,P,intéressante,-8.58772,intéressant,-10.517588,1
3733,S_NOUN_7_ADJ_b,F,S,la bougie avec les bouteilles que j' aime beaucoup n' est pas brillante <eos>,12,brillante,brillant,10,F,P,brillante,-8.103907,brillant,-10.887159,1
3734,S_NOUN_7_ADJ_b,F,S,la bougie avec les bouteilles que j' aime beaucoup n' est pas compliquée <eos>,12,compliquée,compliqué,10,F,P,compliquée,-10.504597,compliqué,-11.167589,1
3735,S_NOUN_7_ADJ_b,F,S,la bougie avec les boissons que j' aime beaucoup n' est pas verte <eos>,12,verte,vert,10,F,P,verte,-8.778547,vert,-9.805063,1
3736,S_NOUN_7_ADJ_b,F,S,la bougie avec les boissons que j' aime beaucoup n' est pas bleue <eos>,12,bleue,bleu,10,F,P,bleue,-9.724236,bleu,-9.9572735,1
3737,S_NOUN_7_ADJ_b,F,S,la bougie avec les boissons que j' aime beaucoup n' est pas noire <eos>,12,noire,noir,10,F,P,noire,-8.390478,noir,-8.604464,1
3738,S_NOUN_7_ADJ_b,F,S,la bougie avec les boissons que j' aime beaucoup n' est pas délicate <eos>,12,délicate,délicat,10,F,P,délicate,-11.391547,délicat,-12.142511,1
3739,S_NOUN_7_ADJ_b,F,S,la bougie avec les boissons que j' aime beaucoup n' est pas pointue <eos>,12,pointue,pointu,10,F,P,pointue,-13.201145,pointu,-15.088905,1
3740,S_NOUN_7_ADJ_b,F,S,la bougie avec les boissons que j' aime beaucoup n' est pas ronde <eos>,12,ronde,rond,10,F,P,ronde,-9.463286,rond,-10.633539,1
3741,S_NOUN_7_ADJ_b,F,S,la bougie avec les boissons que j' aime beaucoup n' est pas froide <eos>,12,froide,froid,10,F,P,froide,-7.426398,froid,-11.1945,1
3742,S_NOUN_7_ADJ_b,F,S,la bougie avec les boissons que j' aime beaucoup n' est pas chaude <eos>,12,chaude,chaud,10,F,P,chaude,-6.774021,chaud,-10.646477,1
3743,S_NOUN_7_ADJ_b,F,S,la bougie avec les boissons que j' aime beaucoup n' est pas importante <eos>,12,importante,important,10,F,P,importante,-7.862176,important,-10.921159,1
3744,S_NOUN_7_ADJ_b,F,S,la bougie avec les boissons que j' aime beaucoup n' est pas courte <eos>,12,courte,court,10,F,P,courte,-9.943845,court,-11.998141,1
3745,S_NOUN_7_ADJ_b,F,S,la bougie avec les boissons que j' aime beaucoup n' est pas dure <eos>,12,dure,dur,10,F,P,dure,-8.625336,dur,-11.320229,1
3746,S_NOUN_7_ADJ_b,F,S,la bougie avec les boissons que j' aime beaucoup n' est pas claire <eos>,12,claire,clair,10,F,P,claire,-5.7339697,clair,-8.124002,1
3747,S_NOUN_7_ADJ_b,F,S,la bougie avec les boissons que j' aime beaucoup n' est pas intéressante <eos>,12,intéressante,intéressant,10,F,P,intéressante,-8.636332,intéressant,-10.806065,1
3748,S_NOUN_7_ADJ_b,F,S,la bougie avec les boissons que j' aime beaucoup n' est pas brillante <eos>,12,brillante,brillant,10,F,P,brillante,-7.87132,brillant,-11.144515,1
3749,S_NOUN_7_ADJ_b,F,S,la bougie avec les boissons que j' aime beaucoup n' est pas compliquée <eos>,12,compliquée,compliqué,10,F,P,compliquée,-10.7812605,compliqué,-11.479037,1
3750,S_NOUN_7_ADJ_b,F,S,la bougie avec les pommes que j' aime beaucoup n' est pas verte <eos>,12,verte,vert,10,F,P,verte,-8.529433,vert,-9.507758,1
3751,S_NOUN_7_ADJ_b,F,S,la bougie avec les pommes que j' aime beaucoup n' est pas bleue <eos>,12,bleue,bleu,10,F,P,bleue,-9.346556,bleu,-9.808856,1
3752,S_NOUN_7_ADJ_b,F,S,la bougie avec les pommes que j' aime beaucoup n' est pas noire <eos>,12,noire,noir,10,F,P,noire,-8.267652,noir,-8.664048,1
3753,S_NOUN_7_ADJ_b,F,S,la bougie avec les pommes que j' aime beaucoup n' est pas délicate <eos>,12,délicate,délicat,10,F,P,délicate,-10.828081,délicat,-11.82873,1
3754,S_NOUN_7_ADJ_b,F,S,la bougie avec les pommes que j' aime beaucoup n' est pas pointue <eos>,12,pointue,pointu,10,F,P,pointue,-12.054989,pointu,-14.305416,1
3755,S_NOUN_7_ADJ_b,F,S,la bougie avec les pommes que j' aime beaucoup n' est pas ronde <eos>,12,ronde,rond,10,F,P,ronde,-9.14352,rond,-10.19782,1
3756,S_NOUN_7_ADJ_b,F,S,la bougie avec les pommes que j' aime beaucoup n' est pas froide <eos>,12,froide,froid,10,F,P,froide,-7.0400734,froid,-10.906043,1
3757,S_NOUN_7_ADJ_b,F,S,la bougie avec les pommes que j' aime beaucoup n' est pas chaude <eos>,12,chaude,chaud,10,F,P,chaude,-6.4210052,chaud,-10.121934,1
3758,S_NOUN_7_ADJ_b,F,S,la bougie avec les pommes que j' aime beaucoup n' est pas importante <eos>,12,importante,important,10,F,P,importante,-7.763012,important,-11.198735,1
3759,S_NOUN_7_ADJ_b,F,S,la bougie avec les pommes que j' aime beaucoup n' est pas courte <eos>,12,courte,court,10,F,P,courte,-9.354414,court,-11.541863,1
3760,S_NOUN_7_ADJ_b,F,S,la bougie avec les pommes que j' aime beaucoup n' est pas dure <eos>,12,dure,dur,10,F,P,dure,-7.9269447,dur,-10.718728,1
3761,S_NOUN_7_ADJ_b,F,S,la bougie avec les pommes que j' aime beaucoup n' est pas claire <eos>,12,claire,clair,10,F,P,claire,-5.680669,clair,-7.9457235,1
3762,S_NOUN_7_ADJ_b,F,S,la bougie avec les pommes que j' aime beaucoup n' est pas intéressante <eos>,12,intéressante,intéressant,10,F,P,intéressante,-8.444826,intéressant,-10.946871,1
3763,S_NOUN_7_ADJ_b,F,S,la bougie avec les pommes que j' aime beaucoup n' est pas brillante <eos>,12,brillante,brillant,10,F,P,brillante,-7.07642,brillant,-10.601762,1
3764,S_NOUN_7_ADJ_b,F,S,la bougie avec les pommes que j' aime beaucoup n' est pas compliquée <eos>,12,compliquée,compliqué,10,F,P,compliquée,-10.349458,compliqué,-11.046402,1
3765,S_NOUN_7_ADJ_b,F,S,la bougie avec les tasses que j' aime beaucoup n' est pas verte <eos>,12,verte,vert,10,F,P,verte,-8.865834,vert,-9.847747,1
3766,S_NOUN_7_ADJ_b,F,S,la bougie avec les tasses que j' aime beaucoup n' est pas bleue <eos>,12,bleue,bleu,10,F,P,bleue,-9.80392,bleu,-10.342225,1
3767,S_NOUN_7_ADJ_b,F,S,la bougie avec les tasses que j' aime beaucoup n' est pas noire <eos>,12,noire,noir,10,F,P,noire,-9.069657,noir,-9.554636,1
3768,S_NOUN_7_ADJ_b,F,S,la bougie avec les tasses que j' aime beaucoup n' est pas délicate <eos>,12,délicate,délicat,10,F,P,délicate,-11.293886,délicat,-11.694679,1
3769,S_NOUN_7_ADJ_b,F,S,la bougie avec les tasses que j' aime beaucoup n' est pas pointue <eos>,12,pointue,pointu,10,F,P,pointue,-11.948444,pointu,-13.973274,1
3770,S_NOUN_7_ADJ_b,F,S,la bougie avec les tasses que j' aime beaucoup n' est pas ronde <eos>,12,ronde,rond,10,F,P,ronde,-9.008087,rond,-9.907661,1
3771,S_NOUN_7_ADJ_b,F,S,la bougie avec les tasses que j' aime beaucoup n' est pas froide <eos>,12,froide,froid,10,F,P,froide,-7.410523,froid,-10.639383,1
3772,S_NOUN_7_ADJ_b,F,S,la bougie avec les tasses que j' aime beaucoup n' est pas chaude <eos>,12,chaude,chaud,10,F,P,chaude,-6.0700407,chaud,-9.810416,1
3773,S_NOUN_7_ADJ_b,F,S,la bougie avec les tasses que j' aime beaucoup n' est pas importante <eos>,12,importante,important,10,F,P,importante,-8.039518,important,-10.916965,1
3774,S_NOUN_7_ADJ_b,F,S,la bougie avec les tasses que j' aime beaucoup n' est pas courte <eos>,12,courte,court,10,F,P,courte,-10.071465,court,-11.884142,1
3775,S_NOUN_7_ADJ_b,F,S,la bougie avec les tasses que j' aime beaucoup n' est pas dure <eos>,12,dure,dur,10,F,P,dure,-8.449937,dur,-11.507439,1
3776,S_NOUN_7_ADJ_b,F,S,la bougie avec les tasses que j' aime beaucoup n' est pas claire <eos>,12,claire,clair,10,F,P,claire,-5.9951982,clair,-8.291569,1
3777,S_NOUN_7_ADJ_b,F,S,la bougie avec les tasses que j' aime beaucoup n' est pas intéressante <eos>,12,intéressante,intéressant,10,F,P,intéressante,-8.470931,intéressant,-10.691509,1
3778,S_NOUN_7_ADJ_b,F,S,la bougie avec les tasses que j' aime beaucoup n' est pas brillante <eos>,12,brillante,brillant,10,F,P,brillante,-7.7011933,brillant,-10.362689,1
3779,S_NOUN_7_ADJ_b,F,S,la bougie avec les tasses que j' aime beaucoup n' est pas compliquée <eos>,12,compliquée,compliqué,10,F,P,compliquée,-10.5613365,compliqué,-11.013404,1
3780,S_NOUN_7_ADJ_b,F,S,la bougie avec les bougies que j' aime beaucoup n' est pas verte <eos>,12,verte,vert,10,F,P,verte,-8.673658,vert,-9.572141,1
3781,S_NOUN_7_ADJ_b,F,S,la bougie avec les bougies que j' aime beaucoup n' est pas bleue <eos>,12,bleue,bleu,10,F,P,bleue,-9.510558,bleu,-9.401333,0
3782,S_NOUN_7_ADJ_b,F,S,la bougie avec les bougies que j' aime beaucoup n' est pas noire <eos>,12,noire,noir,10,F,P,noire,-8.326677,noir,-8.633888,1
3783,S_NOUN_7_ADJ_b,F,S,la bougie avec les bougies que j' aime beaucoup n' est pas délicate <eos>,12,délicate,délicat,10,F,P,délicate,-11.459535,délicat,-12.074046,1
3784,S_NOUN_7_ADJ_b,F,S,la bougie avec les bougies que j' aime beaucoup n' est pas pointue <eos>,12,pointue,pointu,10,F,P,pointue,-12.758603,pointu,-14.321405,1
3785,S_NOUN_7_ADJ_b,F,S,la bougie avec les bougies que j' aime beaucoup n' est pas ronde <eos>,12,ronde,rond,10,F,P,ronde,-9.687559,rond,-9.788175,1
3786,S_NOUN_7_ADJ_b,F,S,la bougie avec les bougies que j' aime beaucoup n' est pas froide <eos>,12,froide,froid,10,F,P,froide,-7.427875,froid,-10.868523,1
3787,S_NOUN_7_ADJ_b,F,S,la bougie avec les bougies que j' aime beaucoup n' est pas chaude <eos>,12,chaude,chaud,10,F,P,chaude,-6.697976,chaud,-10.280823,1
3788,S_NOUN_7_ADJ_b,F,S,la bougie avec les bougies que j' aime beaucoup n' est pas importante <eos>,12,importante,important,10,F,P,importante,-8.226399,important,-11.004329,1
3789,S_NOUN_7_ADJ_b,F,S,la bougie avec les bougies que j' aime beaucoup n' est pas courte <eos>,12,courte,court,10,F,P,courte,-9.943604,court,-11.971421,1
3790,S_NOUN_7_ADJ_b,F,S,la bougie avec les bougies que j' aime beaucoup n' est pas dure <eos>,12,dure,dur,10,F,P,dure,-8.566597,dur,-11.197902,1
3791,S_NOUN_7_ADJ_b,F,S,la bougie avec les bougies que j' aime beaucoup n' est pas claire <eos>,12,claire,clair,10,F,P,claire,-6.043341,clair,-7.7424912,1
3792,S_NOUN_7_ADJ_b,F,S,la bougie avec les bougies que j' aime beaucoup n' est pas intéressante <eos>,12,intéressante,intéressant,10,F,P,intéressante,-9.586071,intéressant,-10.897873,1
3793,S_NOUN_7_ADJ_b,F,S,la bougie avec les bougies que j' aime beaucoup n' est pas brillante <eos>,12,brillante,brillant,10,F,P,brillante,-7.5980663,brillant,-10.596097,1
3794,S_NOUN_7_ADJ_b,F,S,la bougie avec les bougies que j' aime beaucoup n' est pas compliquée <eos>,12,compliquée,compliqué,10,F,P,compliquée,-11.361468,compliqué,-11.354596,0
3795,S_NOUN_7_ADJ_b,F,S,la bougie avec les pochettes que j' aime beaucoup n' est pas verte <eos>,12,verte,vert,10,F,P,verte,-8.912133,vert,-9.848317,1
3796,S_NOUN_7_ADJ_b,F,S,la bougie avec les pochettes que j' aime beaucoup n' est pas bleue <eos>,12,bleue,bleu,10,F,P,bleue,-8.635954,bleu,-9.73587,1
3797,S_NOUN_7_ADJ_b,F,S,la bougie avec les pochettes que j' aime beaucoup n' est pas noire <eos>,12,noire,noir,10,F,P,noire,-8.251349,noir,-8.074543,0
3798,S_NOUN_7_ADJ_b,F,S,la bougie avec les pochettes que j' aime beaucoup n' est pas délicate <eos>,12,délicate,délicat,10,F,P,délicate,-12.087291,délicat,-13.510655,1
3799,S_NOUN_7_ADJ_b,F,S,la bougie avec les pochettes que j' aime beaucoup n' est pas pointue <eos>,12,pointue,pointu,10,F,P,pointue,-12.625473,pointu,-14.146841,1
3800,S_NOUN_7_ADJ_b,F,S,la bougie avec les pochettes que j' aime beaucoup n' est pas ronde <eos>,12,ronde,rond,10,F,P,ronde,-10.141066,rond,-9.930264,0
3801,S_NOUN_7_ADJ_b,F,S,la bougie avec les pochettes que j' aime beaucoup n' est pas froide <eos>,12,froide,froid,10,F,P,froide,-9.691833,froid,-12.96557,1
3802,S_NOUN_7_ADJ_b,F,S,la bougie avec les pochettes que j' aime beaucoup n' est pas chaude <eos>,12,chaude,chaud,10,F,P,chaude,-8.670555,chaud,-12.561783,1
3803,S_NOUN_7_ADJ_b,F,S,la bougie avec les pochettes que j' aime beaucoup n' est pas importante <eos>,12,importante,important,10,F,P,importante,-7.7980604,important,-10.72407,1
3804,S_NOUN_7_ADJ_b,F,S,la bougie avec les pochettes que j' aime beaucoup n' est pas courte <eos>,12,courte,court,10,F,P,courte,-9.337605,court,-11.53572,1
3805,S_NOUN_7_ADJ_b,F,S,la bougie avec les pochettes que j' aime beaucoup n' est pas dure <eos>,12,dure,dur,10,F,P,dure,-8.229966,dur,-10.090442,1
3806,S_NOUN_7_ADJ_b,F,S,la bougie avec les pochettes que j' aime beaucoup n' est pas claire <eos>,12,claire,clair,10,F,P,claire,-5.439607,clair,-7.6371913,1
3807,S_NOUN_7_ADJ_b,F,S,la bougie avec les pochettes que j' aime beaucoup n' est pas intéressante <eos>,12,intéressante,intéressant,10,F,P,intéressante,-8.225748,intéressant,-10.614424,1
3808,S_NOUN_7_ADJ_b,F,S,la bougie avec les pochettes que j' aime beaucoup n' est pas brillante <eos>,12,brillante,brillant,10,F,P,brillante,-8.099455,brillant,-11.250902,1
3809,S_NOUN_7_ADJ_b,F,S,la bougie avec les pochettes que j' aime beaucoup n' est pas compliquée <eos>,12,compliquée,compliqué,10,F,P,compliquée,-10.465431,compliqué,-11.617189,1
3810,S_NOUN_7_ADJ_b,F,S,la bougie avec les bananes que j' aime beaucoup n' est pas verte <eos>,12,verte,vert,10,F,P,verte,-8.294731,vert,-9.371924,1
3811,S_NOUN_7_ADJ_b,F,S,la bougie avec les bananes que j' aime beaucoup n' est pas bleue <eos>,12,bleue,bleu,10,F,P,bleue,-9.191473,bleu,-9.68987,1
3812,S_NOUN_7_ADJ_b,F,S,la bougie avec les bananes que j' aime beaucoup n' est pas noire <eos>,12,noire,noir,10,F,P,noire,-8.028648,noir,-8.462978,1
3813,S_NOUN_7_ADJ_b,F,S,la bougie avec les bananes que j' aime beaucoup n' est pas délicate <eos>,12,délicate,délicat,10,F,P,délicate,-11.233013,délicat,-12.297227,1
3814,S_NOUN_7_ADJ_b,F,S,la bougie avec les bananes que j' aime beaucoup n' est pas pointue <eos>,12,pointue,pointu,10,F,P,pointue,-11.787864,pointu,-13.668802,1
3815,S_NOUN_7_ADJ_b,F,S,la bougie avec les bananes que j' aime beaucoup n' est pas ronde <eos>,12,ronde,rond,10,F,P,ronde,-9.262762,rond,-9.703687,1
3816,S_NOUN_7_ADJ_b,F,S,la bougie avec les bananes que j' aime beaucoup n' est pas froide <eos>,12,froide,froid,10,F,P,froide,-7.331132,froid,-11.566717,1
3817,S_NOUN_7_ADJ_b,F,S,la bougie avec les bananes que j' aime beaucoup n' est pas chaude <eos>,12,chaude,chaud,10,F,P,chaude,-6.616448,chaud,-10.622168,1
3818,S_NOUN_7_ADJ_b,F,S,la bougie avec les bananes que j' aime beaucoup n' est pas importante <eos>,12,importante,important,10,F,P,importante,-8.031683,important,-11.223757,1
3819,S_NOUN_7_ADJ_b,F,S,la bougie avec les bananes que j' aime beaucoup n' est pas courte <eos>,12,courte,court,10,F,P,courte,-9.259836,court,-11.703569,1
3820,S_NOUN_7_ADJ_b,F,S,la bougie avec les bananes que j' aime beaucoup n' est pas dure <eos>,12,dure,dur,10,F,P,dure,-7.732683,dur,-10.207158,1
3821,S_NOUN_7_ADJ_b,F,S,la bougie avec les bananes que j' aime beaucoup n' est pas claire <eos>,12,claire,clair,10,F,P,claire,-5.7666936,clair,-7.39924,1
3822,S_NOUN_7_ADJ_b,F,S,la bougie avec les bananes que j' aime beaucoup n' est pas intéressante <eos>,12,intéressante,intéressant,10,F,P,intéressante,-8.593685,intéressant,-11.034184,1
3823,S_NOUN_7_ADJ_b,F,S,la bougie avec les bananes que j' aime beaucoup n' est pas brillante <eos>,12,brillante,brillant,10,F,P,brillante,-7.1194806,brillant,-10.15077,1
3824,S_NOUN_7_ADJ_b,F,S,la bougie avec les bananes que j' aime beaucoup n' est pas compliquée <eos>,12,compliquée,compliqué,10,F,P,compliquée,-10.371994,compliqué,-10.911072,1
3825,S_NOUN_7_ADJ_b,F,S,la bougie avec les robes que j' aime beaucoup n' est pas verte <eos>,12,verte,vert,10,F,P,verte,-8.663788,vert,-9.403691,1
3826,S_NOUN_7_ADJ_b,F,S,la bougie avec les robes que j' aime beaucoup n' est pas bleue <eos>,12,bleue,bleu,10,F,P,bleue,-8.779436,bleu,-8.975959,1
3827,S_NOUN_7_ADJ_b,F,S,la bougie avec les robes que j' aime beaucoup n' est pas noire <eos>,12,noire,noir,10,F,P,noire,-7.7518225,noir,-7.7418423,0
3828,S_NOUN_7_ADJ_b,F,S,la bougie avec les robes que j' aime beaucoup n' est pas délicate <eos>,12,délicate,délicat,10,F,P,délicate,-11.023714,délicat,-11.9181,1
3829,S_NOUN_7_ADJ_b,F,S,la bougie avec les robes que j' aime beaucoup n' est pas pointue <eos>,12,pointue,pointu,10,F,P,pointue,-12.33152,pointu,-13.773413,1
3830,S_NOUN_7_ADJ_b,F,S,la bougie avec les robes que j' aime beaucoup n' est pas ronde <eos>,12,ronde,rond,10,F,P,ronde,-9.669667,rond,-9.728188,1
3831,S_NOUN_7_ADJ_b,F,S,la bougie avec les robes que j' aime beaucoup n' est pas froide <eos>,12,froide,froid,10,F,P,froide,-9.016968,froid,-11.84373,1
3832,S_NOUN_7_ADJ_b,F,S,la bougie avec les robes que j' aime beaucoup n' est pas chaude <eos>,12,chaude,chaud,10,F,P,chaude,-8.455816,chaud,-11.119803,1
3833,S_NOUN_7_ADJ_b,F,S,la bougie avec les robes que j' aime beaucoup n' est pas importante <eos>,12,importante,important,10,F,P,importante,-7.810668,important,-10.718696,1
3834,S_NOUN_7_ADJ_b,F,S,la bougie avec les robes que j' aime beaucoup n' est pas courte <eos>,12,courte,court,10,F,P,courte,-9.362982,court,-11.395952,1
3835,S_NOUN_7_ADJ_b,F,S,la bougie avec les robes que j' aime beaucoup n' est pas dure <eos>,12,dure,dur,10,F,P,dure,-8.774235,dur,-11.198074,1
3836,S_NOUN_7_ADJ_b,F,S,la bougie avec les robes que j' aime beaucoup n' est pas claire <eos>,12,claire,clair,10,F,P,claire,-5.1707306,clair,-6.9739246,1
3837,S_NOUN_7_ADJ_b,F,S,la bougie avec les robes que j' aime beaucoup n' est pas intéressante <eos>,12,intéressante,intéressant,10,F,P,intéressante,-9.273018,intéressant,-10.772677,1
3838,S_NOUN_7_ADJ_b,F,S,la bougie avec les robes que j' aime beaucoup n' est pas brillante <eos>,12,brillante,brillant,10,F,P,brillante,-7.0807486,brillant,-10.027589,1
3839,S_NOUN_7_ADJ_b,F,S,la bougie avec les robes que j' aime beaucoup n' est pas compliquée <eos>,12,compliquée,compliqué,10,F,P,compliquée,-10.616201,compliqué,-11.652665,1
3840,S_NOUN_7_ADJ_b,F,S,la bougie avec les valises que j' aime beaucoup n' est pas verte <eos>,12,verte,vert,10,F,P,verte,-8.789151,vert,-10.207706,1
3841,S_NOUN_7_ADJ_b,F,S,la bougie avec les valises que j' aime beaucoup n' est pas bleue <eos>,12,bleue,bleu,10,F,P,bleue,-9.006752,bleu,-10.272509,1
3842,S_NOUN_7_ADJ_b,F,S,la bougie avec les valises que j' aime beaucoup n' est pas noire <eos>,12,noire,noir,10,F,P,noire,-8.57485,noir,-9.039051,1
3843,S_NOUN_7_ADJ_b,F,S,la bougie avec les valises que j' aime beaucoup n' est pas délicate <eos>,12,délicate,délicat,10,F,P,délicate,-11.35687,délicat,-13.085455,1
3844,S_NOUN_7_ADJ_b,F,S,la bougie avec les valises que j' aime beaucoup n' est pas pointue <eos>,12,pointue,pointu,10,F,P,pointue,-12.224308,pointu,-14.50132,1
3845,S_NOUN_7_ADJ_b,F,S,la bougie avec les valises que j' aime beaucoup n' est pas ronde <eos>,12,ronde,rond,10,F,P,ronde,-9.598431,rond,-10.205711,1
3846,S_NOUN_7_ADJ_b,F,S,la bougie avec les valises que j' aime beaucoup n' est pas froide <eos>,12,froide,froid,10,F,P,froide,-8.258477,froid,-11.802319,1
3847,S_NOUN_7_ADJ_b,F,S,la bougie avec les valises que j' aime beaucoup n' est pas chaude <eos>,12,chaude,chaud,10,F,P,chaude,-6.932601,chaud,-10.688667,1
3848,S_NOUN_7_ADJ_b,F,S,la bougie avec les valises que j' aime beaucoup n' est pas importante <eos>,12,importante,important,10,F,P,importante,-7.731646,important,-11.174459,1
3849,S_NOUN_7_ADJ_b,F,S,la bougie avec les valises que j' aime beaucoup n' est pas courte <eos>,12,courte,court,10,F,P,courte,-9.8281975,court,-11.958492,1
3850,S_NOUN_7_ADJ_b,F,S,la bougie avec les valises que j' aime beaucoup n' est pas dure <eos>,12,dure,dur,10,F,P,dure,-8.355385,dur,-11.366842,1
3851,S_NOUN_7_ADJ_b,F,S,la bougie avec les valises que j' aime beaucoup n' est pas claire <eos>,12,claire,clair,10,F,P,claire,-6.00556,clair,-8.319791,1
3852,S_NOUN_7_ADJ_b,F,S,la bougie avec les valises que j' aime beaucoup n' est pas intéressante <eos>,12,intéressante,intéressant,10,F,P,intéressante,-8.245962,intéressant,-10.796198,1
3853,S_NOUN_7_ADJ_b,F,S,la bougie avec les valises que j' aime beaucoup n' est pas brillante <eos>,12,brillante,brillant,10,F,P,brillante,-7.470498,brillant,-10.600523,1
3854,S_NOUN_7_ADJ_b,F,S,la bougie avec les valises que j' aime beaucoup n' est pas compliquée <eos>,12,compliquée,compliqué,10,F,P,compliquée,-10.166707,compliqué,-11.59511,1
3855,S_NOUN_7_ADJ_b,F,S,la bougie avec les pendules que j' aime beaucoup n' est pas verte <eos>,12,verte,vert,10,F,P,verte,-8.986942,vert,-10.2018795,1
3856,S_NOUN_7_ADJ_b,F,S,la bougie avec les pendules que j' aime beaucoup n' est pas bleue <eos>,12,bleue,bleu,10,F,P,bleue,-9.599568,bleu,-9.710233,1
3857,S_NOUN_7_ADJ_b,F,S,la bougie avec les pendules que j' aime beaucoup n' est pas noire <eos>,12,noire,noir,10,F,P,noire,-8.359829,noir,-8.37789,1
3858,S_NOUN_7_ADJ_b,F,S,la bougie avec les pendules que j' aime beaucoup n' est pas délicate <eos>,12,délicate,délicat,10,F,P,délicate,-11.225772,délicat,-12.002884,1
3859,S_NOUN_7_ADJ_b,F,S,la bougie avec les pendules que j' aime beaucoup n' est pas pointue <eos>,12,pointue,pointu,10,F,P,pointue,-13.372036,pointu,-14.5175,1
3860,S_NOUN_7_ADJ_b,F,S,la bougie avec les pendules que j' aime beaucoup n' est pas ronde <eos>,12,ronde,rond,10,F,P,ronde,-10.875597,rond,-10.3779745,0
3861,S_NOUN_7_ADJ_b,F,S,la bougie avec les pendules que j' aime beaucoup n' est pas froide <eos>,12,froide,froid,10,F,P,froide,-8.01646,froid,-11.209567,1
3862,S_NOUN_7_ADJ_b,F,S,la bougie avec les pendules que j' aime beaucoup n' est pas chaude <eos>,12,chaude,chaud,10,F,P,chaude,-6.962841,chaud,-10.607777,1
3863,S_NOUN_7_ADJ_b,F,S,la bougie avec les pendules que j' aime beaucoup n' est pas importante <eos>,12,importante,important,10,F,P,importante,-8.081255,important,-10.638318,1
3864,S_NOUN_7_ADJ_b,F,S,la bougie avec les pendules que j' aime beaucoup n' est pas courte <eos>,12,courte,court,10,F,P,courte,-10.22971,court,-12.030493,1
3865,S_NOUN_7_ADJ_b,F,S,la bougie avec les pendules que j' aime beaucoup n' est pas dure <eos>,12,dure,dur,10,F,P,dure,-8.822495,dur,-11.5790415,1
3866,S_NOUN_7_ADJ_b,F,S,la bougie avec les pendules que j' aime beaucoup n' est pas claire <eos>,12,claire,clair,10,F,P,claire,-5.8397336,clair,-8.01732,1
3867,S_NOUN_7_ADJ_b,F,S,la bougie avec les pendules que j' aime beaucoup n' est pas intéressante <eos>,12,intéressante,intéressant,10,F,P,intéressante,-8.999482,intéressant,-10.200695,1
3868,S_NOUN_7_ADJ_b,F,S,la bougie avec les pendules que j' aime beaucoup n' est pas brillante <eos>,12,brillante,brillant,10,F,P,brillante,-7.331805,brillant,-10.242708,1
3869,S_NOUN_7_ADJ_b,F,S,la bougie avec les pendules que j' aime beaucoup n' est pas compliquée <eos>,12,compliquée,compliqué,10,F,P,compliquée,-10.546936,compliqué,-11.060656,1
3870,S_NOUN_7_ADJ_b,F,S,la bougie avec les cloches que j' aime beaucoup n' est pas verte <eos>,12,verte,vert,10,F,P,verte,-9.498717,vert,-10.188175,1
3871,S_NOUN_7_ADJ_b,F,S,la bougie avec les cloches que j' aime beaucoup n' est pas bleue <eos>,12,bleue,bleu,10,F,P,bleue,-9.993229,bleu,-10.013533,1
3872,S_NOUN_7_ADJ_b,F,S,la bougie avec les cloches que j' aime beaucoup n' est pas noire <eos>,12,noire,noir,10,F,P,noire,-8.944887,noir,-8.915163,0
3873,S_NOUN_7_ADJ_b,F,S,la bougie avec les cloches que j' aime beaucoup n' est pas délicate <eos>,12,délicate,délicat,10,F,P,délicate,-11.515595,délicat,-11.930695,1
3874,S_NOUN_7_ADJ_b,F,S,la bougie avec les cloches que j' aime beaucoup n' est pas pointue <eos>,12,pointue,pointu,10,F,P,pointue,-12.021697,pointu,-14.0177765,1
3875,S_NOUN_7_ADJ_b,F,S,la bougie avec les cloches que j' aime beaucoup n' est pas ronde <eos>,12,ronde,rond,10,F,P,ronde,-9.889528,rond,-10.023183,1
3876,S_NOUN_7_ADJ_b,F,S,la bougie avec les cloches que j' aime beaucoup n' est pas froide <eos>,12,froide,froid,10,F,P,froide,-8.697084,froid,-11.477184,1
3877,S_NOUN_7_ADJ_b,F,S,la bougie avec les cloches que j' aime beaucoup n' est pas chaude <eos>,12,chaude,chaud,10,F,P,chaude,-7.6277013,chaud,-10.861383,1
3878,S_NOUN_7_ADJ_b,F,S,la bougie avec les cloches que j' aime beaucoup n' est pas importante <eos>,12,importante,important,10,F,P,importante,-7.941787,important,-10.786424,1
3879,S_NOUN_7_ADJ_b,F,S,la bougie avec les cloches que j' aime beaucoup n' est pas courte <eos>,12,courte,court,10,F,P,courte,-9.610284,court,-11.464123,1
3880,S_NOUN_7_ADJ_b,F,S,la bougie avec les cloches que j' aime beaucoup n' est pas dure <eos>,12,dure,dur,10,F,P,dure,-8.873741,dur,-11.381084,1
3881,S_NOUN_7_ADJ_b,F,S,la bougie avec les cloches que j' aime beaucoup n' est pas claire <eos>,12,claire,clair,10,F,P,claire,-6.4121056,clair,-7.977153,1
3882,S_NOUN_7_ADJ_b,F,S,la bougie avec les cloches que j' aime beaucoup n' est pas intéressante <eos>,12,intéressante,intéressant,10,F,P,intéressante,-8.64709,intéressant,-10.162119,1
3883,S_NOUN_7_ADJ_b,F,S,la bougie avec les cloches que j' aime beaucoup n' est pas brillante <eos>,12,brillante,brillant,10,F,P,brillante,-7.473228,brillant,-10.504816,1
3884,S_NOUN_7_ADJ_b,F,S,la bougie avec les cloches que j' aime beaucoup n' est pas compliquée <eos>,12,compliquée,compliqué,10,F,P,compliquée,-10.744324,compliqué,-11.162205,1
3885,S_NOUN_7_ADJ_b,F,S,la bougie avec les cerises que j' aime beaucoup n' est pas verte <eos>,12,verte,vert,10,F,P,verte,-8.952087,vert,-9.575817,1
3886,S_NOUN_7_ADJ_b,F,S,la bougie avec les cerises que j' aime beaucoup n' est pas bleue <eos>,12,bleue,bleu,10,F,P,bleue,-9.586201,bleu,-9.621422,1
3887,S_NOUN_7_ADJ_b,F,S,la bougie avec les cerises que j' aime beaucoup n' est pas noire <eos>,12,noire,noir,10,F,P,noire,-8.405206,noir,-8.425528,1
3888,S_NOUN_7_ADJ_b,F,S,la bougie avec les cerises que j' aime beaucoup n' est pas délicate <eos>,12,délicate,délicat,10,F,P,délicate,-11.009714,délicat,-11.682405,1
3889,S_NOUN_7_ADJ_b,F,S,la bougie avec les cerises que j' aime beaucoup n' est pas pointue <eos>,12,pointue,pointu,10,F,P,pointue,-12.48707,pointu,-14.01997,1
3890,S_NOUN_7_ADJ_b,F,S,la bougie avec les cerises que j' aime beaucoup n' est pas ronde <eos>,12,ronde,rond,10,F,P,ronde,-9.389965,rond,-9.45911,1
3891,S_NOUN_7_ADJ_b,F,S,la bougie avec les cerises que j' aime beaucoup n' est pas froide <eos>,12,froide,froid,10,F,P,froide,-7.435522,froid,-10.864315,1
3892,S_NOUN_7_ADJ_b,F,S,la bougie avec les cerises que j' aime beaucoup n' est pas chaude <eos>,12,chaude,chaud,10,F,P,chaude,-7.169151,chaud,-10.311429,1
3893,S_NOUN_7_ADJ_b,F,S,la bougie avec les cerises que j' aime beaucoup n' est pas importante <eos>,12,importante,important,10,F,P,importante,-8.149406,important,-11.065704,1
3894,S_NOUN_7_ADJ_b,F,S,la bougie avec les cerises que j' aime beaucoup n' est pas courte <eos>,12,courte,court,10,F,P,courte,-9.706447,court,-11.5416765,1
3895,S_NOUN_7_ADJ_b,F,S,la bougie avec les cerises que j' aime beaucoup n' est pas dure <eos>,12,dure,dur,10,F,P,dure,-8.413748,dur,-11.004709,1
3896,S_NOUN_7_ADJ_b,F,S,la bougie avec les cerises que j' aime beaucoup n' est pas claire <eos>,12,claire,clair,10,F,P,claire,-5.660675,clair,-7.7094545,1
3897,S_NOUN_7_ADJ_b,F,S,la bougie avec les cerises que j' aime beaucoup n' est pas intéressante <eos>,12,intéressante,intéressant,10,F,P,intéressante,-8.538536,intéressant,-10.6567135,1
3898,S_NOUN_7_ADJ_b,F,S,la bougie avec les cerises que j' aime beaucoup n' est pas brillante <eos>,12,brillante,brillant,10,F,P,brillante,-7.5135183,brillant,-10.343381,1
3899,S_NOUN_7_ADJ_b,F,S,la bougie avec les cerises que j' aime beaucoup n' est pas compliquée <eos>,12,compliquée,compliqué,10,F,P,compliquée,-10.413982,compliqué,-10.975349,1
3900,S_NOUN_7_ADJ_b,F,S,la pochette avec les gemmes que j' aime beaucoup n' est pas verte <eos>,12,verte,vert,10,F,P,verte,-7.513915,vert,-8.168403,1
3901,S_NOUN_7_ADJ_b,F,S,la pochette avec les gemmes que j' aime beaucoup n' est pas bleue <eos>,12,bleue,bleu,10,F,P,bleue,-6.7831054,bleu,-7.4392905,1
3902,S_NOUN_7_ADJ_b,F,S,la pochette avec les gemmes que j' aime beaucoup n' est pas noire <eos>,12,noire,noir,10,F,P,noire,-6.9954586,noir,-6.3128443,0
3903,S_NOUN_7_ADJ_b,F,S,la pochette avec les gemmes que j' aime beaucoup n' est pas délicate <eos>,12,délicate,délicat,10,F,P,délicate,-10.913415,délicat,-13.167087,1
3904,S_NOUN_7_ADJ_b,F,S,la pochette avec les gemmes que j' aime beaucoup n' est pas pointue <eos>,12,pointue,pointu,10,F,P,pointue,-11.608434,pointu,-12.797104,1
3905,S_NOUN_7_ADJ_b,F,S,la pochette avec les gemmes que j' aime beaucoup n' est pas ronde <eos>,12,ronde,rond,10,F,P,ronde,-9.587923,rond,-7.970582,0
3906,S_NOUN_7_ADJ_b,F,S,la pochette avec les gemmes que j' aime beaucoup n' est pas froide <eos>,12,froide,froid,10,F,P,froide,-9.85409,froid,-12.731245,1
3907,S_NOUN_7_ADJ_b,F,S,la pochette avec les gemmes que j' aime beaucoup n' est pas chaude <eos>,12,chaude,chaud,10,F,P,chaude,-10.06039,chaud,-12.884775,1
3908,S_NOUN_7_ADJ_b,F,S,la pochette avec les gemmes que j' aime beaucoup n' est pas importante <eos>,12,importante,important,10,F,P,importante,-8.871224,important,-11.783791,1
3909,S_NOUN_7_ADJ_b,F,S,la pochette avec les gemmes que j' aime beaucoup n' est pas courte <eos>,12,courte,court,10,F,P,courte,-9.612426,court,-11.83128,1
3910,S_NOUN_7_ADJ_b,F,S,la pochette avec les gemmes que j' aime beaucoup n' est pas dure <eos>,12,dure,dur,10,F,P,dure,-9.891712,dur,-10.881401,1
3911,S_NOUN_7_ADJ_b,F,S,la pochette avec les gemmes que j' aime beaucoup n' est pas claire <eos>,12,claire,clair,10,F,P,claire,-4.174456,clair,-6.254128,1
3912,S_NOUN_7_ADJ_b,F,S,la pochette avec les gemmes que j' aime beaucoup n' est pas intéressante <eos>,12,intéressante,intéressant,10,F,P,intéressante,-7.9679966,intéressant,-10.716804,1
3913,S_NOUN_7_ADJ_b,F,S,la pochette avec les gemmes que j' aime beaucoup n' est pas brillante <eos>,12,brillante,brillant,10,F,P,brillante,-7.2609315,brillant,-9.630667,1
3914,S_NOUN_7_ADJ_b,F,S,la pochette avec les gemmes que j' aime beaucoup n' est pas compliquée <eos>,12,compliquée,compliqué,10,F,P,compliquée,-10.243561,compliqué,-11.281014,1
3915,S_NOUN_7_ADJ_b,F,S,la pochette avec les chaises que j' aime beaucoup n' est pas verte <eos>,12,verte,vert,10,F,P,verte,-8.402256,vert,-9.305904,1
3916,S_NOUN_7_ADJ_b,F,S,la pochette avec les chaises que j' aime beaucoup n' est pas bleue <eos>,12,bleue,bleu,10,F,P,bleue,-7.611268,bleu,-8.446222,1
3917,S_NOUN_7_ADJ_b,F,S,la pochette avec les chaises que j' aime beaucoup n' est pas noire <eos>,12,noire,noir,10,F,P,noire,-8.042844,noir,-7.3108244,0
3918,S_NOUN_7_ADJ_b,F,S,la pochette avec les chaises que j' aime beaucoup n' est pas délicate <eos>,12,délicate,délicat,10,F,P,délicate,-11.009547,délicat,-12.913486,1
3919,S_NOUN_7_ADJ_b,F,S,la pochette avec les chaises que j' aime beaucoup n' est pas pointue <eos>,12,pointue,pointu,10,F,P,pointue,-11.546694,pointu,-13.196847,1
3920,S_NOUN_7_ADJ_b,F,S,la pochette avec les chaises que j' aime beaucoup n' est pas ronde <eos>,12,ronde,rond,10,F,P,ronde,-9.588964,rond,-8.100749,0
3921,S_NOUN_7_ADJ_b,F,S,la pochette avec les chaises que j' aime beaucoup n' est pas froide <eos>,12,froide,froid,10,F,P,froide,-10.423756,froid,-13.301754,1
3922,S_NOUN_7_ADJ_b,F,S,la pochette avec les chaises que j' aime beaucoup n' est pas chaude <eos>,12,chaude,chaud,10,F,P,chaude,-10.075574,chaud,-13.204587,1
3923,S_NOUN_7_ADJ_b,F,S,la pochette avec les chaises que j' aime beaucoup n' est pas importante <eos>,12,importante,important,10,F,P,importante,-8.495565,important,-11.4065075,1
3924,S_NOUN_7_ADJ_b,F,S,la pochette avec les chaises que j' aime beaucoup n' est pas courte <eos>,12,courte,court,10,F,P,courte,-9.47776,court,-11.648824,1
3925,S_NOUN_7_ADJ_b,F,S,la pochette avec les chaises que j' aime beaucoup n' est pas dure <eos>,12,dure,dur,10,F,P,dure,-9.745036,dur,-11.249022,1
3926,S_NOUN_7_ADJ_b,F,S,la pochette avec les chaises que j' aime beaucoup n' est pas claire <eos>,12,claire,clair,10,F,P,claire,-4.391945,clair,-6.6802225,1
3927,S_NOUN_7_ADJ_b,F,S,la pochette avec les chaises que j' aime beaucoup n' est pas intéressante <eos>,12,intéressante,intéressant,10,F,P,intéressante,-7.5683136,intéressant,-10.704244,1
3928,S_NOUN_7_ADJ_b,F,S,la pochette avec les chaises que j' aime beaucoup n' est pas brillante <eos>,12,brillante,brillant,10,F,P,brillante,-7.8014717,brillant,-10.587309,1
3929,S_NOUN_7_ADJ_b,F,S,la pochette avec les chaises que j' aime beaucoup n' est pas compliquée <eos>,12,compliquée,compliqué,10,F,P,compliquée,-9.825083,compliqué,-11.50932,1
3930,S_NOUN_7_ADJ_b,F,S,la pochette avec les poubelles que j' aime beaucoup n' est pas verte <eos>,12,verte,vert,10,F,P,verte,-8.080574,vert,-8.867584,1
3931,S_NOUN_7_ADJ_b,F,S,la pochette avec les poubelles que j' aime beaucoup n' est pas bleue <eos>,12,bleue,bleu,10,F,P,bleue,-7.667407,bleu,-8.478247,1
3932,S_NOUN_7_ADJ_b,F,S,la pochette avec les poubelles que j' aime beaucoup n' est pas noire <eos>,12,noire,noir,10,F,P,noire,-7.7368712,noir,-6.8275824,0
3933,S_NOUN_7_ADJ_b,F,S,la pochette avec les poubelles que j' aime beaucoup n' est pas délicate <eos>,12,délicate,délicat,10,F,P,délicate,-11.244675,délicat,-12.7175665,1
3934,S_NOUN_7_ADJ_b,F,S,la pochette avec les poubelles que j' aime beaucoup n' est pas pointue <eos>,12,pointue,pointu,10,F,P,pointue,-11.724625,pointu,-12.573977,1
3935,S_NOUN_7_ADJ_b,F,S,la pochette avec les poubelles que j' aime beaucoup n' est pas ronde <eos>,12,ronde,rond,10,F,P,ronde,-9.9563265,rond,-8.224182,0
3936,S_NOUN_7_ADJ_b,F,S,la pochette avec les poubelles que j' aime beaucoup n' est pas froide <eos>,12,froide,froid,10,F,P,froide,-10.273848,froid,-12.442785,1
3937,S_NOUN_7_ADJ_b,F,S,la pochette avec les poubelles que j' aime beaucoup n' est pas chaude <eos>,12,chaude,chaud,10,F,P,chaude,-10.315488,chaud,-12.927047,1
3938,S_NOUN_7_ADJ_b,F,S,la pochette avec les poubelles que j' aime beaucoup n' est pas importante <eos>,12,importante,important,10,F,P,importante,-9.134838,important,-11.467091,1
3939,S_NOUN_7_ADJ_b,F,S,la pochette avec les poubelles que j' aime beaucoup n' est pas courte <eos>,12,courte,court,10,F,P,courte,-9.800576,court,-11.449894,1
3940,S_NOUN_7_ADJ_b,F,S,la pochette avec les poubelles que j' aime beaucoup n' est pas dure <eos>,12,dure,dur,10,F,P,dure,-9.757589,dur,-10.720459,1
3941,S_NOUN_7_ADJ_b,F,S,la pochette avec les poubelles que j' aime beaucoup n' est pas claire <eos>,12,claire,clair,10,F,P,claire,-4.525341,clair,-6.6227903,1
3942,S_NOUN_7_ADJ_b,F,S,la pochette avec les poubelles que j' aime beaucoup n' est pas intéressante <eos>,12,intéressante,intéressant,10,F,P,intéressante,-8.261065,intéressant,-10.545536,1
3943,S_NOUN_7_ADJ_b,F,S,la pochette avec les poubelles que j' aime beaucoup n' est pas brillante <eos>,12,brillante,brillant,10,F,P,brillante,-8.309486,brillant,-10.362825,1
3944,S_NOUN_7_ADJ_b,F,S,la pochette avec les poubelles que j' aime beaucoup n' est pas compliquée <eos>,12,compliquée,compliqué,10,F,P,compliquée,-10.075438,compliqué,-11.017954,1
3945,S_NOUN_7_ADJ_b,F,S,la pochette avec les chemises que j' aime beaucoup n' est pas verte <eos>,12,verte,vert,10,F,P,verte,-8.015244,vert,-8.644253,1
3946,S_NOUN_7_ADJ_b,F,S,la pochette avec les chemises que j' aime beaucoup n' est pas bleue <eos>,12,bleue,bleu,10,F,P,bleue,-7.0642886,bleu,-7.8364253,1
3947,S_NOUN_7_ADJ_b,F,S,la pochette avec les chemises que j' aime beaucoup n' est pas noire <eos>,12,noire,noir,10,F,P,noire,-7.6969843,noir,-6.6074743,0
3948,S_NOUN_7_ADJ_b,F,S,la pochette avec les chemises que j' aime beaucoup n' est pas délicate <eos>,12,délicate,délicat,10,F,P,délicate,-11.27955,délicat,-13.139776,1
3949,S_NOUN_7_ADJ_b,F,S,la pochette avec les chemises que j' aime beaucoup n' est pas pointue <eos>,12,pointue,pointu,10,F,P,pointue,-11.430633,pointu,-13.012418,1
3950,S_NOUN_7_ADJ_b,F,S,la pochette avec les chemises que j' aime beaucoup n' est pas ronde <eos>,12,ronde,rond,10,F,P,ronde,-9.707457,rond,-8.047753,0
3951,S_NOUN_7_ADJ_b,F,S,la pochette avec les chemises que j' aime beaucoup n' est pas froide <eos>,12,froide,froid,10,F,P,froide,-10.316597,froid,-12.933889,1
3952,S_NOUN_7_ADJ_b,F,S,la pochette avec les chemises que j' aime beaucoup n' est pas chaude <eos>,12,chaude,chaud,10,F,P,chaude,-10.321415,chaud,-13.085455,1
3953,S_NOUN_7_ADJ_b,F,S,la pochette avec les chemises que j' aime beaucoup n' est pas importante <eos>,12,importante,important,10,F,P,importante,-8.800123,important,-11.600924,1
3954,S_NOUN_7_ADJ_b,F,S,la pochette avec les chemises que j' aime beaucoup n' est pas courte <eos>,12,courte,court,10,F,P,courte,-9.272253,court,-11.452908,1
3955,S_NOUN_7_ADJ_b,F,S,la pochette avec les chemises que j' aime beaucoup n' est pas dure <eos>,12,dure,dur,10,F,P,dure,-9.672617,dur,-10.887565,1
3956,S_NOUN_7_ADJ_b,F,S,la pochette avec les chemises que j' aime beaucoup n' est pas claire <eos>,12,claire,clair,10,F,P,claire,-4.4148192,clair,-6.446138,1
3957,S_NOUN_7_ADJ_b,F,S,la pochette avec les chemises que j' aime beaucoup n' est pas intéressante <eos>,12,intéressante,intéressant,10,F,P,intéressante,-7.8815513,intéressant,-10.824817,1
3958,S_NOUN_7_ADJ_b,F,S,la pochette avec les chemises que j' aime beaucoup n' est pas brillante <eos>,12,brillante,brillant,10,F,P,brillante,-7.350342,brillant,-10.120749,1
3959,S_NOUN_7_ADJ_b,F,S,la pochette avec les chemises que j' aime beaucoup n' est pas compliquée <eos>,12,compliquée,compliqué,10,F,P,compliquée,-10.179659,compliqué,-11.809515,1
3960,S_NOUN_7_ADJ_b,F,S,la pochette avec les recettes que j' aime beaucoup n' est pas verte <eos>,12,verte,vert,10,F,P,verte,-8.421942,vert,-9.425281,1
3961,S_NOUN_7_ADJ_b,F,S,la pochette avec les recettes que j' aime beaucoup n' est pas bleue <eos>,12,bleue,bleu,10,F,P,bleue,-8.051531,bleu,-8.920201,1
3962,S_NOUN_7_ADJ_b,F,S,la pochette avec les recettes que j' aime beaucoup n' est pas noire <eos>,12,noire,noir,10,F,P,noire,-8.047457,noir,-7.258754,0
3963,S_NOUN_7_ADJ_b,F,S,la pochette avec les recettes que j' aime beaucoup n' est pas délicate <eos>,12,délicate,délicat,10,F,P,délicate,-11.383202,délicat,-13.072657,1
3964,S_NOUN_7_ADJ_b,F,S,la pochette avec les recettes que j' aime beaucoup n' est pas pointue <eos>,12,pointue,pointu,10,F,P,pointue,-12.088371,pointu,-13.204494,1
3965,S_NOUN_7_ADJ_b,F,S,la pochette avec les recettes que j' aime beaucoup n' est pas ronde <eos>,12,ronde,rond,10,F,P,ronde,-10.055472,rond,-8.492388,0
3966,S_NOUN_7_ADJ_b,F,S,la pochette avec les recettes que j' aime beaucoup n' est pas froide <eos>,12,froide,froid,10,F,P,froide,-10.142757,froid,-12.473509,1
3967,S_NOUN_7_ADJ_b,F,S,la pochette avec les recettes que j' aime beaucoup n' est pas chaude <eos>,12,chaude,chaud,10,F,P,chaude,-9.98258,chaud,-13.106791,1
3968,S_NOUN_7_ADJ_b,F,S,la pochette avec les recettes que j' aime beaucoup n' est pas importante <eos>,12,importante,important,10,F,P,importante,-8.11746,important,-10.844267,1
3969,S_NOUN_7_ADJ_b,F,S,la pochette avec les recettes que j' aime beaucoup n' est pas courte <eos>,12,courte,court,10,F,P,courte,-9.365922,court,-11.172892,1
3970,S_NOUN_7_ADJ_b,F,S,la pochette avec les recettes que j' aime beaucoup n' est pas dure <eos>,12,dure,dur,10,F,P,dure,-9.6624365,dur,-11.321012,1
3971,S_NOUN_7_ADJ_b,F,S,la pochette avec les recettes que j' aime beaucoup n' est pas claire <eos>,12,claire,clair,10,F,P,claire,-4.56106,clair,-6.6855927,1
3972,S_NOUN_7_ADJ_b,F,S,la pochette avec les recettes que j' aime beaucoup n' est pas intéressante <eos>,12,intéressante,intéressant,10,F,P,intéressante,-7.543621,intéressant,-10.621318,1
3973,S_NOUN_7_ADJ_b,F,S,la pochette avec les recettes que j' aime beaucoup n' est pas brillante <eos>,12,brillante,brillant,10,F,P,brillante,-8.474623,brillant,-10.654745,1
3974,S_NOUN_7_ADJ_b,F,S,la pochette avec les recettes que j' aime beaucoup n' est pas compliquée <eos>,12,compliquée,compliqué,10,F,P,compliquée,-10.509796,compliqué,-11.484592,1
3975,S_NOUN_7_ADJ_b,F,S,la pochette avec les jupes que j' aime beaucoup n' est pas verte <eos>,12,verte,vert,10,F,P,verte,-7.8460617,vert,-9.146612,1
3976,S_NOUN_7_ADJ_b,F,S,la pochette avec les jupes que j' aime beaucoup n' est pas bleue <eos>,12,bleue,bleu,10,F,P,bleue,-7.2561073,bleu,-8.235644,1
3977,S_NOUN_7_ADJ_b,F,S,la pochette avec les jupes que j' aime beaucoup n' est pas noire <eos>,12,noire,noir,10,F,P,noire,-7.353038,noir,-6.9170437,0
3978,S_NOUN_7_ADJ_b,F,S,la pochette avec les jupes que j' aime beaucoup n' est pas délicate <eos>,12,délicate,délicat,10,F,P,délicate,-10.440476,délicat,-12.801413,1
3979,S_NOUN_7_ADJ_b,F,S,la pochette avec les jupes que j' aime beaucoup n' est pas pointue <eos>,12,pointue,pointu,10,F,P,pointue,-10.818058,pointu,-12.555016,1
3980,S_NOUN_7_ADJ_b,F,S,la pochette avec les jupes que j' aime beaucoup n' est pas ronde <eos>,12,ronde,rond,10,F,P,ronde,-9.40559,rond,-7.7563987,0
3981,S_NOUN_7_ADJ_b,F,S,la pochette avec les jupes que j' aime beaucoup n' est pas froide <eos>,12,froide,froid,10,F,P,froide,-10.413951,froid,-13.335689,1
3982,S_NOUN_7_ADJ_b,F,S,la pochette avec les jupes que j' aime beaucoup n' est pas chaude <eos>,12,chaude,chaud,10,F,P,chaude,-10.653439,chaud,-13.315711,1
3983,S_NOUN_7_ADJ_b,F,S,la pochette avec les jupes que j' aime beaucoup n' est pas importante <eos>,12,importante,important,10,F,P,importante,-8.659606,important,-11.784798,1
3984,S_NOUN_7_ADJ_b,F,S,la pochette avec les jupes que j' aime beaucoup n' est pas courte <eos>,12,courte,court,10,F,P,courte,-8.662504,court,-10.950018,1
3985,S_NOUN_7_ADJ_b,F,S,la pochette avec les jupes que j' aime beaucoup n' est pas dure <eos>,12,dure,dur,10,F,P,dure,-9.218211,dur,-10.91186,1
3986,S_NOUN_7_ADJ_b,F,S,la pochette avec les jupes que j' aime beaucoup n' est pas claire <eos>,12,claire,clair,10,F,P,claire,-4.074296,clair,-6.3699636,1
3987,S_NOUN_7_ADJ_b,F,S,la pochette avec les jupes que j' aime beaucoup n' est pas intéressante <eos>,12,intéressante,intéressant,10,F,P,intéressante,-7.698674,intéressant,-10.980931,1
3988,S_NOUN_7_ADJ_b,F,S,la pochette avec les jupes que j' aime beaucoup n' est pas brillante <eos>,12,brillante,brillant,10,F,P,brillante,-7.1592913,brillant,-9.848617,1
3989,S_NOUN_7_ADJ_b,F,S,la pochette avec les jupes que j' aime beaucoup n' est pas compliquée <eos>,12,compliquée,compliqué,10,F,P,compliquée,-9.486897,compliqué,-11.47634,1
3990,S_NOUN_7_ADJ_b,F,S,la pochette avec les colles que j' aime beaucoup n' est pas verte <eos>,12,verte,vert,10,F,P,verte,-8.327209,vert,-9.069655,1
3991,S_NOUN_7_ADJ_b,F,S,la pochette avec les colles que j' aime beaucoup n' est pas bleue <eos>,12,bleue,bleu,10,F,P,bleue,-7.4066935,bleu,-8.163916,1
3992,S_NOUN_7_ADJ_b,F,S,la pochette avec les colles que j' aime beaucoup n' est pas noire <eos>,12,noire,noir,10,F,P,noire,-7.6904035,noir,-6.637178,0
3993,S_NOUN_7_ADJ_b,F,S,la pochette avec les colles que j' aime beaucoup n' est pas délicate <eos>,12,délicate,délicat,10,F,P,délicate,-10.836717,délicat,-13.044509,1
3994,S_NOUN_7_ADJ_b,F,S,la pochette avec les colles que j' aime beaucoup n' est pas pointue <eos>,12,pointue,pointu,10,F,P,pointue,-11.763535,pointu,-13.211761,1
3995,S_NOUN_7_ADJ_b,F,S,la pochette avec les colles que j' aime beaucoup n' est pas ronde <eos>,12,ronde,rond,10,F,P,ronde,-9.772836,rond,-8.339257,0
3996,S_NOUN_7_ADJ_b,F,S,la pochette avec les colles que j' aime beaucoup n' est pas froide <eos>,12,froide,froid,10,F,P,froide,-10.425866,froid,-12.844061,1
3997,S_NOUN_7_ADJ_b,F,S,la pochette avec les colles que j' aime beaucoup n' est pas chaude <eos>,12,chaude,chaud,10,F,P,chaude,-10.247327,chaud,-12.984207,1
3998,S_NOUN_7_ADJ_b,F,S,la pochette avec les colles que j' aime beaucoup n' est pas importante <eos>,12,importante,important,10,F,P,importante,-8.739308,important,-11.536573,1
3999,S_NOUN_7_ADJ_b,F,S,la pochette avec les colles que j' aime beaucoup n' est pas courte <eos>,12,courte,court,10,F,P,courte,-9.569737,court,-11.688877,1
4000,S_NOUN_7_ADJ_b,F,S,la pochette avec les colles que j' aime beaucoup n' est pas dure <eos>,12,dure,dur,10,F,P,dure,-9.671955,dur,-11.013336,1
4001,S_NOUN_7_ADJ_b,F,S,la pochette avec les colles que j' aime beaucoup n' est pas claire <eos>,12,claire,clair,10,F,P,claire,-4.103628,clair,-6.3260117,1
4002,S_NOUN_7_ADJ_b,F,S,la pochette avec les colles que j' aime beaucoup n' est pas intéressante <eos>,12,intéressante,intéressant,10,F,P,intéressante,-7.8298006,intéressant,-10.760333,1
4003,S_NOUN_7_ADJ_b,F,S,la pochette avec les colles que j' aime beaucoup n' est pas brillante <eos>,12,brillante,brillant,10,F,P,brillante,-7.5757275,brillant,-10.075294,1
4004,S_NOUN_7_ADJ_b,F,S,la pochette avec les colles que j' aime beaucoup n' est pas compliquée <eos>,12,compliquée,compliqué,10,F,P,compliquée,-9.893346,compliqué,-11.468777,1
4005,S_NOUN_7_ADJ_b,F,S,la pochette avec les lampes que j' aime beaucoup n' est pas verte <eos>,12,verte,vert,10,F,P,verte,-8.092297,vert,-8.997413,1
4006,S_NOUN_7_ADJ_b,F,S,la pochette avec les lampes que j' aime beaucoup n' est pas bleue <eos>,12,bleue,bleu,10,F,P,bleue,-7.403633,bleu,-8.176923,1
4007,S_NOUN_7_ADJ_b,F,S,la pochette avec les lampes que j' aime beaucoup n' est pas noire <eos>,12,noire,noir,10,F,P,noire,-7.568405,noir,-6.723317,0
4008,S_NOUN_7_ADJ_b,F,S,la pochette avec les lampes que j' aime beaucoup n' est pas délicate <eos>,12,délicate,délicat,10,F,P,délicate,-11.0892315,délicat,-13.0131,1
4009,S_NOUN_7_ADJ_b,F,S,la pochette avec les lampes que j' aime beaucoup n' est pas pointue <eos>,12,pointue,pointu,10,F,P,pointue,-12.10241,pointu,-13.038044,1
4010,S_NOUN_7_ADJ_b,F,S,la pochette avec les lampes que j' aime beaucoup n' est pas ronde <eos>,12,ronde,rond,10,F,P,ronde,-9.845579,rond,-7.9490514,0
4011,S_NOUN_7_ADJ_b,F,S,la pochette avec les lampes que j' aime beaucoup n' est pas froide <eos>,12,froide,froid,10,F,P,froide,-9.432785,froid,-12.147318,1
4012,S_NOUN_7_ADJ_b,F,S,la pochette avec les lampes que j' aime beaucoup n' est pas chaude <eos>,12,chaude,chaud,10,F,P,chaude,-9.585512,chaud,-12.555523,1
4013,S_NOUN_7_ADJ_b,F,S,la pochette avec les lampes que j' aime beaucoup n' est pas importante <eos>,12,importante,important,10,F,P,importante,-8.856212,important,-11.496287,1
4014,S_NOUN_7_ADJ_b,F,S,la pochette avec les lampes que j' aime beaucoup n' est pas courte <eos>,12,courte,court,10,F,P,courte,-9.661132,court,-11.735305,1
4015,S_NOUN_7_ADJ_b,F,S,la pochette avec les lampes que j' aime beaucoup n' est pas dure <eos>,12,dure,dur,10,F,P,dure,-9.821877,dur,-11.243126,1
4016,S_NOUN_7_ADJ_b,F,S,la pochette avec les lampes que j' aime beaucoup n' est pas claire <eos>,12,claire,clair,10,F,P,claire,-4.77911,clair,-6.819175,1
4017,S_NOUN_7_ADJ_b,F,S,la pochette avec les lampes que j' aime beaucoup n' est pas intéressante <eos>,12,intéressante,intéressant,10,F,P,intéressante,-7.935217,intéressant,-10.770237,1
4018,S_NOUN_7_ADJ_b,F,S,la pochette avec les lampes que j' aime beaucoup n' est pas brillante <eos>,12,brillante,brillant,10,F,P,brillante,-7.6242285,brillant,-10.265537,1
4019,S_NOUN_7_ADJ_b,F,S,la pochette avec les lampes que j' aime beaucoup n' est pas compliquée <eos>,12,compliquée,compliqué,10,F,P,compliquée,-10.205574,compliqué,-11.47264,1
4020,S_NOUN_7_ADJ_b,F,S,la pochette avec les bouteilles que j' aime beaucoup n' est pas verte <eos>,12,verte,vert,10,F,P,verte,-8.518454,vert,-9.090512,1
4021,S_NOUN_7_ADJ_b,F,S,la pochette avec les bouteilles que j' aime beaucoup n' est pas bleue <eos>,12,bleue,bleu,10,F,P,bleue,-7.480982,bleu,-8.539839,1
4022,S_NOUN_7_ADJ_b,F,S,la pochette avec les bouteilles que j' aime beaucoup n' est pas noire <eos>,12,noire,noir,10,F,P,noire,-8.042696,noir,-7.116474,0
4023,S_NOUN_7_ADJ_b,F,S,la pochette avec les bouteilles que j' aime beaucoup n' est pas délicate <eos>,12,délicate,délicat,10,F,P,délicate,-11.50919,délicat,-13.074577,1
4024,S_NOUN_7_ADJ_b,F,S,la pochette avec les bouteilles que j' aime beaucoup n' est pas pointue <eos>,12,pointue,pointu,10,F,P,pointue,-12.537014,pointu,-13.442989,1
4025,S_NOUN_7_ADJ_b,F,S,la pochette avec les bouteilles que j' aime beaucoup n' est pas ronde <eos>,12,ronde,rond,10,F,P,ronde,-9.999909,rond,-8.340881,0
4026,S_NOUN_7_ADJ_b,F,S,la pochette avec les bouteilles que j' aime beaucoup n' est pas froide <eos>,12,froide,froid,10,F,P,froide,-9.949032,froid,-12.033058,1
4027,S_NOUN_7_ADJ_b,F,S,la pochette avec les bouteilles que j' aime beaucoup n' est pas chaude <eos>,12,chaude,chaud,10,F,P,chaude,-9.828718,chaud,-12.562696,1
4028,S_NOUN_7_ADJ_b,F,S,la pochette avec les bouteilles que j' aime beaucoup n' est pas importante <eos>,12,importante,important,10,F,P,importante,-9.021079,important,-11.259855,1
4029,S_NOUN_7_ADJ_b,F,S,la pochette avec les bouteilles que j' aime beaucoup n' est pas courte <eos>,12,courte,court,10,F,P,courte,-9.804766,court,-11.576279,1
4030,S_NOUN_7_ADJ_b,F,S,la pochette avec les bouteilles que j' aime beaucoup n' est pas dure <eos>,12,dure,dur,10,F,P,dure,-9.5164795,dur,-11.005101,1
4031,S_NOUN_7_ADJ_b,F,S,la pochette avec les bouteilles que j' aime beaucoup n' est pas claire <eos>,12,claire,clair,10,F,P,claire,-4.5351887,clair,-6.7196283,1
4032,S_NOUN_7_ADJ_b,F,S,la pochette avec les bouteilles que j' aime beaucoup n' est pas intéressante <eos>,12,intéressante,intéressant,10,F,P,intéressante,-7.5805817,intéressant,-10.634205,1
4033,S_NOUN_7_ADJ_b,F,S,la pochette avec les bouteilles que j' aime beaucoup n' est pas brillante <eos>,12,brillante,brillant,10,F,P,brillante,-8.524723,brillant,-10.805309,1
4034,S_NOUN_7_ADJ_b,F,S,la pochette avec les bouteilles que j' aime beaucoup n' est pas compliquée <eos>,12,compliquée,compliqué,10,F,P,compliquée,-9.9834585,compliqué,-11.23423,1
4035,S_NOUN_7_ADJ_b,F,S,la pochette avec les boissons que j' aime beaucoup n' est pas verte <eos>,12,verte,vert,10,F,P,verte,-7.981221,vert,-8.6541195,1
4036,S_NOUN_7_ADJ_b,F,S,la pochette avec les boissons que j' aime beaucoup n' est pas bleue <eos>,12,bleue,bleu,10,F,P,bleue,-7.2167854,bleu,-8.068626,1
4037,S_NOUN_7_ADJ_b,F,S,la pochette avec les boissons que j' aime beaucoup n' est pas noire <eos>,12,noire,noir,10,F,P,noire,-7.5399,noir,-6.613431,0
4038,S_NOUN_7_ADJ_b,F,S,la pochette avec les boissons que j' aime beaucoup n' est pas délicate <eos>,12,délicate,délicat,10,F,P,délicate,-10.929276,délicat,-12.831445,1
4039,S_NOUN_7_ADJ_b,F,S,la pochette avec les boissons que j' aime beaucoup n' est pas pointue <eos>,12,pointue,pointu,10,F,P,pointue,-12.391447,pointu,-13.76729,1
4040,S_NOUN_7_ADJ_b,F,S,la pochette avec les boissons que j' aime beaucoup n' est pas ronde <eos>,12,ronde,rond,10,F,P,ronde,-9.334095,rond,-8.252173,0
4041,S_NOUN_7_ADJ_b,F,S,la pochette avec les boissons que j' aime beaucoup n' est pas froide <eos>,12,froide,froid,10,F,P,froide,-9.263197,froid,-12.049883,1
4042,S_NOUN_7_ADJ_b,F,S,la pochette avec les boissons que j' aime beaucoup n' est pas chaude <eos>,12,chaude,chaud,10,F,P,chaude,-9.417792,chaud,-12.498167,1
4043,S_NOUN_7_ADJ_b,F,S,la pochette avec les boissons que j' aime beaucoup n' est pas importante <eos>,12,importante,important,10,F,P,importante,-8.932508,important,-11.687795,1
4044,S_NOUN_7_ADJ_b,F,S,la pochette avec les boissons que j' aime beaucoup n' est pas courte <eos>,12,courte,court,10,F,P,courte,-9.826291,court,-11.806323,1
4045,S_NOUN_7_ADJ_b,F,S,la pochette avec les boissons que j' aime beaucoup n' est pas dure <eos>,12,dure,dur,10,F,P,dure,-9.479259,dur,-10.746646,1
4046,S_NOUN_7_ADJ_b,F,S,la pochette avec les boissons que j' aime beaucoup n' est pas claire <eos>,12,claire,clair,10,F,P,claire,-4.3705244,clair,-6.5273895,1
4047,S_NOUN_7_ADJ_b,F,S,la pochette avec les boissons que j' aime beaucoup n' est pas intéressante <eos>,12,intéressante,intéressant,10,F,P,intéressante,-7.7142267,intéressant,-10.963341,1
4048,S_NOUN_7_ADJ_b,F,S,la pochette avec les boissons que j' aime beaucoup n' est pas brillante <eos>,12,brillante,brillant,10,F,P,brillante,-8.136984,brillant,-10.811815,1
4049,S_NOUN_7_ADJ_b,F,S,la pochette avec les boissons que j' aime beaucoup n' est pas compliquée <eos>,12,compliquée,compliqué,10,F,P,compliquée,-10.082131,compliqué,-11.403306,1
4050,S_NOUN_7_ADJ_b,F,S,la pochette avec les pommes que j' aime beaucoup n' est pas verte <eos>,12,verte,vert,10,F,P,verte,-7.7803216,vert,-8.556194,1
4051,S_NOUN_7_ADJ_b,F,S,la pochette avec les pommes que j' aime beaucoup n' est pas bleue <eos>,12,bleue,bleu,10,F,P,bleue,-6.98933,bleu,-7.926469,1
4052,S_NOUN_7_ADJ_b,F,S,la pochette avec les pommes que j' aime beaucoup n' est pas noire <eos>,12,noire,noir,10,F,P,noire,-7.3264904,noir,-6.606683,0
4053,S_NOUN_7_ADJ_b,F,S,la pochette avec les pommes que j' aime beaucoup n' est pas délicate <eos>,12,délicate,délicat,10,F,P,délicate,-10.682503,délicat,-13.137764,1
4054,S_NOUN_7_ADJ_b,F,S,la pochette avec les pommes que j' aime beaucoup n' est pas pointue <eos>,12,pointue,pointu,10,F,P,pointue,-11.61446,pointu,-13.291021,1
4055,S_NOUN_7_ADJ_b,F,S,la pochette avec les pommes que j' aime beaucoup n' est pas ronde <eos>,12,ronde,rond,10,F,P,ronde,-9.421096,rond,-7.870471,0
4056,S_NOUN_7_ADJ_b,F,S,la pochette avec les pommes que j' aime beaucoup n' est pas froide <eos>,12,froide,froid,10,F,P,froide,-9.681228,froid,-12.630533,1
4057,S_NOUN_7_ADJ_b,F,S,la pochette avec les pommes que j' aime beaucoup n' est pas chaude <eos>,12,chaude,chaud,10,F,P,chaude,-9.91498,chaud,-12.931836,1
4058,S_NOUN_7_ADJ_b,F,S,la pochette avec les pommes que j' aime beaucoup n' est pas importante <eos>,12,importante,important,10,F,P,importante,-8.902751,important,-11.853021,1
4059,S_NOUN_7_ADJ_b,F,S,la pochette avec les pommes que j' aime beaucoup n' est pas courte <eos>,12,courte,court,10,F,P,courte,-9.379105,court,-11.581762,1
4060,S_NOUN_7_ADJ_b,F,S,la pochette avec les pommes que j' aime beaucoup n' est pas dure <eos>,12,dure,dur,10,F,P,dure,-9.475853,dur,-10.980407,1
4061,S_NOUN_7_ADJ_b,F,S,la pochette avec les pommes que j' aime beaucoup n' est pas claire <eos>,12,claire,clair,10,F,P,claire,-4.030787,clair,-6.3253303,1
4062,S_NOUN_7_ADJ_b,F,S,la pochette avec les pommes que j' aime beaucoup n' est pas intéressante <eos>,12,intéressante,intéressant,10,F,P,intéressante,-7.544619,intéressant,-10.958746,1
4063,S_NOUN_7_ADJ_b,F,S,la pochette avec les pommes que j' aime beaucoup n' est pas brillante <eos>,12,brillante,brillant,10,F,P,brillante,-7.6401787,brillant,-10.672699,1
4064,S_NOUN_7_ADJ_b,F,S,la pochette avec les pommes que j' aime beaucoup n' est pas compliquée <eos>,12,compliquée,compliqué,10,F,P,compliquée,-9.956865,compliqué,-11.5403385,1
4065,S_NOUN_7_ADJ_b,F,S,la pochette avec les tasses que j' aime beaucoup n' est pas verte <eos>,12,verte,vert,10,F,P,verte,-8.21425,vert,-9.0902195,1
4066,S_NOUN_7_ADJ_b,F,S,la pochette avec les tasses que j' aime beaucoup n' est pas bleue <eos>,12,bleue,bleu,10,F,P,bleue,-7.6087437,bleu,-8.478298,1
4067,S_NOUN_7_ADJ_b,F,S,la pochette avec les tasses que j' aime beaucoup n' est pas noire <eos>,12,noire,noir,10,F,P,noire,-8.072025,noir,-7.4592476,0
4068,S_NOUN_7_ADJ_b,F,S,la pochette avec les tasses que j' aime beaucoup n' est pas délicate <eos>,12,délicate,délicat,10,F,P,délicate,-11.062908,délicat,-12.440917,1
4069,S_NOUN_7_ADJ_b,F,S,la pochette avec les tasses que j' aime beaucoup n' est pas pointue <eos>,12,pointue,pointu,10,F,P,pointue,-11.4461,pointu,-12.920902,1
4070,S_NOUN_7_ADJ_b,F,S,la pochette avec les tasses que j' aime beaucoup n' est pas ronde <eos>,12,ronde,rond,10,F,P,ronde,-9.188167,rond,-8.046757,0
4071,S_NOUN_7_ADJ_b,F,S,la pochette avec les tasses que j' aime beaucoup n' est pas froide <eos>,12,froide,froid,10,F,P,froide,-9.507898,froid,-11.944282,1
4072,S_NOUN_7_ADJ_b,F,S,la pochette avec les tasses que j' aime beaucoup n' est pas chaude <eos>,12,chaude,chaud,10,F,P,chaude,-9.308857,chaud,-11.841299,1
4073,S_NOUN_7_ADJ_b,F,S,la pochette avec les tasses que j' aime beaucoup n' est pas importante <eos>,12,importante,important,10,F,P,importante,-8.764833,important,-11.486341,1
4074,S_NOUN_7_ADJ_b,F,S,la pochette avec les tasses que j' aime beaucoup n' est pas courte <eos>,12,courte,court,10,F,P,courte,-9.600973,court,-11.722406,1
4075,S_NOUN_7_ADJ_b,F,S,la pochette avec les tasses que j' aime beaucoup n' est pas dure <eos>,12,dure,dur,10,F,P,dure,-9.572596,dur,-11.268573,1
4076,S_NOUN_7_ADJ_b,F,S,la pochette avec les tasses que j' aime beaucoup n' est pas claire <eos>,12,claire,clair,10,F,P,claire,-4.4639845,clair,-6.711748,1
4077,S_NOUN_7_ADJ_b,F,S,la pochette avec les tasses que j' aime beaucoup n' est pas intéressante <eos>,12,intéressante,intéressant,10,F,P,intéressante,-7.675332,intéressant,-10.536882,1
4078,S_NOUN_7_ADJ_b,F,S,la pochette avec les tasses que j' aime beaucoup n' est pas brillante <eos>,12,brillante,brillant,10,F,P,brillante,-7.8002768,brillant,-10.2388735,1
4079,S_NOUN_7_ADJ_b,F,S,la pochette avec les tasses que j' aime beaucoup n' est pas compliquée <eos>,12,compliquée,compliqué,10,F,P,compliquée,-10.057243,compliqué,-11.228708,1
4080,S_NOUN_7_ADJ_b,F,S,la pochette avec les bougies que j' aime beaucoup n' est pas verte <eos>,12,verte,vert,10,F,P,verte,-7.9470987,vert,-8.700492,1
4081,S_NOUN_7_ADJ_b,F,S,la pochette avec les bougies que j' aime beaucoup n' est pas bleue <eos>,12,bleue,bleu,10,F,P,bleue,-7.336819,bleu,-7.969106,1
4082,S_NOUN_7_ADJ_b,F,S,la pochette avec les bougies que j' aime beaucoup n' est pas noire <eos>,12,noire,noir,10,F,P,noire,-7.4465,noir,-6.7200804,0
4083,S_NOUN_7_ADJ_b,F,S,la pochette avec les bougies que j' aime beaucoup n' est pas délicate <eos>,12,délicate,délicat,10,F,P,délicate,-11.053106,délicat,-13.0901985,1
4084,S_NOUN_7_ADJ_b,F,S,la pochette avec les bougies que j' aime beaucoup n' est pas pointue <eos>,12,pointue,pointu,10,F,P,pointue,-11.550255,pointu,-13.033346,1
4085,S_NOUN_7_ADJ_b,F,S,la pochette avec les bougies que j' aime beaucoup n' est pas ronde <eos>,12,ronde,rond,10,F,P,ronde,-9.417698,rond,-8.032311,0
4086,S_NOUN_7_ADJ_b,F,S,la pochette avec les bougies que j' aime beaucoup n' est pas froide <eos>,12,froide,froid,10,F,P,froide,-9.959808,froid,-12.945029,1
4087,S_NOUN_7_ADJ_b,F,S,la pochette avec les bougies que j' aime beaucoup n' est pas chaude <eos>,12,chaude,chaud,10,F,P,chaude,-10.124508,chaud,-13.075805,1
4088,S_NOUN_7_ADJ_b,F,S,la pochette avec les bougies que j' aime beaucoup n' est pas importante <eos>,12,importante,important,10,F,P,importante,-8.868287,important,-11.828158,1
4089,S_NOUN_7_ADJ_b,F,S,la pochette avec les bougies que j' aime beaucoup n' est pas courte <eos>,12,courte,court,10,F,P,courte,-9.352407,court,-11.65682,1
4090,S_NOUN_7_ADJ_b,F,S,la pochette avec les bougies que j' aime beaucoup n' est pas dure <eos>,12,dure,dur,10,F,P,dure,-9.610826,dur,-11.010172,1
4091,S_NOUN_7_ADJ_b,F,S,la pochette avec les bougies que j' aime beaucoup n' est pas claire <eos>,12,claire,clair,10,F,P,claire,-4.5420537,clair,-6.5996985,1
4092,S_NOUN_7_ADJ_b,F,S,la pochette avec les bougies que j' aime beaucoup n' est pas intéressante <eos>,12,intéressante,intéressant,10,F,P,intéressante,-7.967134,intéressant,-10.926552,1
4093,S_NOUN_7_ADJ_b,F,S,la pochette avec les bougies que j' aime beaucoup n' est pas brillante <eos>,12,brillante,brillant,10,F,P,brillante,-7.7216988,brillant,-10.550681,1
4094,S_NOUN_7_ADJ_b,F,S,la pochette avec les bougies que j' aime beaucoup n' est pas compliquée <eos>,12,compliquée,compliqué,10,F,P,compliquée,-10.141794,compliqué,-11.523094,1
4095,S_NOUN_7_ADJ_b,F,S,la pochette avec les pochettes que j' aime beaucoup n' est pas verte <eos>,12,verte,vert,10,F,P,verte,-9.028757,vert,-9.75065,1
4096,S_NOUN_7_ADJ_b,F,S,la pochette avec les pochettes que j' aime beaucoup n' est pas bleue <eos>,12,bleue,bleu,10,F,P,bleue,-7.583741,bleu,-8.850666,1
4097,S_NOUN_7_ADJ_b,F,S,la pochette avec les pochettes que j' aime beaucoup n' est pas noire <eos>,12,noire,noir,10,F,P,noire,-7.890163,noir,-7.250343,0
4098,S_NOUN_7_ADJ_b,F,S,la pochette avec les pochettes que j' aime beaucoup n' est pas délicate <eos>,12,délicate,délicat,10,F,P,délicate,-11.657057,délicat,-13.657341,1
4099,S_NOUN_7_ADJ_b,F,S,la pochette avec les pochettes que j' aime beaucoup n' est pas pointue <eos>,12,pointue,pointu,10,F,P,pointue,-12.303199,pointu,-13.855328,1
4100,S_NOUN_7_ADJ_b,F,S,la pochette avec les pochettes que j' aime beaucoup n' est pas ronde <eos>,12,ronde,rond,10,F,P,ronde,-10.140156,rond,-8.770724,0
4101,S_NOUN_7_ADJ_b,F,S,la pochette avec les pochettes que j' aime beaucoup n' est pas froide <eos>,12,froide,froid,10,F,P,froide,-11.457866,froid,-13.161828,1
4102,S_NOUN_7_ADJ_b,F,S,la pochette avec les pochettes que j' aime beaucoup n' est pas chaude <eos>,12,chaude,chaud,10,F,P,chaude,-10.341955,chaud,-13.604099,1
4103,S_NOUN_7_ADJ_b,F,S,la pochette avec les pochettes que j' aime beaucoup n' est pas importante <eos>,12,importante,important,10,F,P,importante,-8.296293,important,-11.277826,1
4104,S_NOUN_7_ADJ_b,F,S,la pochette avec les pochettes que j' aime beaucoup n' est pas courte <eos>,12,courte,court,10,F,P,courte,-9.604609,court,-11.694165,1
4105,S_NOUN_7_ADJ_b,F,S,la pochette avec les pochettes que j' aime beaucoup n' est pas dure <eos>,12,dure,dur,10,F,P,dure,-9.018262,dur,-10.95889,1
4106,S_NOUN_7_ADJ_b,F,S,la pochette avec les pochettes que j' aime beaucoup n' est pas claire <eos>,12,claire,clair,10,F,P,claire,-4.4186172,clair,-6.6534815,1
4107,S_NOUN_7_ADJ_b,F,S,la pochette avec les pochettes que j' aime beaucoup n' est pas intéressante <eos>,12,intéressante,intéressant,10,F,P,intéressante,-7.4746966,intéressant,-10.798517,1
4108,S_NOUN_7_ADJ_b,F,S,la pochette avec les pochettes que j' aime beaucoup n' est pas brillante <eos>,12,brillante,brillant,10,F,P,brillante,-8.285385,brillant,-11.041189,1
4109,S_NOUN_7_ADJ_b,F,S,la pochette avec les pochettes que j' aime beaucoup n' est pas compliquée <eos>,12,compliquée,compliqué,10,F,P,compliquée,-10.158043,compliqué,-11.778297,1
4110,S_NOUN_7_ADJ_b,F,S,la pochette avec les bananes que j' aime beaucoup n' est pas verte <eos>,12,verte,vert,10,F,P,verte,-7.7915144,vert,-8.744224,1
4111,S_NOUN_7_ADJ_b,F,S,la pochette avec les bananes que j' aime beaucoup n' est pas bleue <eos>,12,bleue,bleu,10,F,P,bleue,-6.9780903,bleu,-7.9092283,1
4112,S_NOUN_7_ADJ_b,F,S,la pochette avec les bananes que j' aime beaucoup n' est pas noire <eos>,12,noire,noir,10,F,P,noire,-7.4004235,noir,-6.7917266,0
4113,S_NOUN_7_ADJ_b,F,S,la pochette avec les bananes que j' aime beaucoup n' est pas délicate <eos>,12,délicate,délicat,10,F,P,délicate,-10.63381,délicat,-13.0817585,1
4114,S_NOUN_7_ADJ_b,F,S,la pochette avec les bananes que j' aime beaucoup n' est pas pointue <eos>,12,pointue,pointu,10,F,P,pointue,-11.11924,pointu,-12.808702,1
4115,S_NOUN_7_ADJ_b,F,S,la pochette avec les bananes que j' aime beaucoup n' est pas ronde <eos>,12,ronde,rond,10,F,P,ronde,-9.3503475,rond,-7.8958545,0
4116,S_NOUN_7_ADJ_b,F,S,la pochette avec les bananes que j' aime beaucoup n' est pas froide <eos>,12,froide,froid,10,F,P,froide,-9.919319,froid,-12.951679,1
4117,S_NOUN_7_ADJ_b,F,S,la pochette avec les bananes que j' aime beaucoup n' est pas chaude <eos>,12,chaude,chaud,10,F,P,chaude,-9.813602,chaud,-12.997389,1
4118,S_NOUN_7_ADJ_b,F,S,la pochette avec les bananes que j' aime beaucoup n' est pas importante <eos>,12,importante,important,10,F,P,importante,-8.738119,important,-11.901854,1
4119,S_NOUN_7_ADJ_b,F,S,la pochette avec les bananes que j' aime beaucoup n' est pas courte <eos>,12,courte,court,10,F,P,courte,-9.188291,court,-11.507034,1
4120,S_NOUN_7_ADJ_b,F,S,la pochette avec les bananes que j' aime beaucoup n' est pas dure <eos>,12,dure,dur,10,F,P,dure,-9.164013,dur,-10.701473,1
4121,S_NOUN_7_ADJ_b,F,S,la pochette avec les bananes que j' aime beaucoup n' est pas claire <eos>,12,claire,clair,10,F,P,claire,-4.079524,clair,-6.398079,1
4122,S_NOUN_7_ADJ_b,F,S,la pochette avec les bananes que j' aime beaucoup n' est pas intéressante <eos>,12,intéressante,intéressant,10,F,P,intéressante,-7.2930536,intéressant,-11.015805,1
4123,S_NOUN_7_ADJ_b,F,S,la pochette avec les bananes que j' aime beaucoup n' est pas brillante <eos>,12,brillante,brillant,10,F,P,brillante,-7.3293676,brillant,-10.087902,1
4124,S_NOUN_7_ADJ_b,F,S,la pochette avec les bananes que j' aime beaucoup n' est pas compliquée <eos>,12,compliquée,compliqué,10,F,P,compliquée,-9.769548,compliqué,-11.495171,1
4125,S_NOUN_7_ADJ_b,F,S,la pochette avec les robes que j' aime beaucoup n' est pas verte <eos>,12,verte,vert,10,F,P,verte,-7.8566794,vert,-8.510282,1
4126,S_NOUN_7_ADJ_b,F,S,la pochette avec les robes que j' aime beaucoup n' est pas bleue <eos>,12,bleue,bleu,10,F,P,bleue,-6.9307733,bleu,-7.63392,1
4127,S_NOUN_7_ADJ_b,F,S,la pochette avec les robes que j' aime beaucoup n' est pas noire <eos>,12,noire,noir,10,F,P,noire,-7.012494,noir,-6.269863,0
4128,S_NOUN_7_ADJ_b,F,S,la pochette avec les robes que j' aime beaucoup n' est pas délicate <eos>,12,délicate,délicat,10,F,P,délicate,-10.698711,délicat,-12.4791355,1
4129,S_NOUN_7_ADJ_b,F,S,la pochette avec les robes que j' aime beaucoup n' est pas pointue <eos>,12,pointue,pointu,10,F,P,pointue,-11.788799,pointu,-12.608113,1
4130,S_NOUN_7_ADJ_b,F,S,la pochette avec les robes que j' aime beaucoup n' est pas ronde <eos>,12,ronde,rond,10,F,P,ronde,-9.457223,rond,-7.85011,0
4131,S_NOUN_7_ADJ_b,F,S,la pochette avec les robes que j' aime beaucoup n' est pas froide <eos>,12,froide,froid,10,F,P,froide,-10.473423,froid,-12.976276,1
4132,S_NOUN_7_ADJ_b,F,S,la pochette avec les robes que j' aime beaucoup n' est pas chaude <eos>,12,chaude,chaud,10,F,P,chaude,-10.807543,chaud,-13.26409,1
4133,S_NOUN_7_ADJ_b,F,S,la pochette avec les robes que j' aime beaucoup n' est pas importante <eos>,12,importante,important,10,F,P,importante,-8.761924,important,-11.428129,1
4134,S_NOUN_7_ADJ_b,F,S,la pochette avec les robes que j' aime beaucoup n' est pas courte <eos>,12,courte,court,10,F,P,courte,-9.345108,court,-11.429643,1
4135,S_NOUN_7_ADJ_b,F,S,la pochette avec les robes que j' aime beaucoup n' est pas dure <eos>,12,dure,dur,10,F,P,dure,-9.788917,dur,-11.132142,1
4136,S_NOUN_7_ADJ_b,F,S,la pochette avec les robes que j' aime beaucoup n' est pas claire <eos>,12,claire,clair,10,F,P,claire,-3.81711,clair,-5.8791924,1
4137,S_NOUN_7_ADJ_b,F,S,la pochette avec les robes que j' aime beaucoup n' est pas intéressante <eos>,12,intéressante,intéressant,10,F,P,intéressante,-8.457998,intéressant,-11.036665,1
4138,S_NOUN_7_ADJ_b,F,S,la pochette avec les robes que j' aime beaucoup n' est pas brillante <eos>,12,brillante,brillant,10,F,P,brillante,-7.6712027,brillant,-9.916553,1
4139,S_NOUN_7_ADJ_b,F,S,la pochette avec les robes que j' aime beaucoup n' est pas compliquée <eos>,12,compliquée,compliqué,10,F,P,compliquée,-10.160754,compliqué,-11.391777,1
4140,S_NOUN_7_ADJ_b,F,S,la pochette avec les valises que j' aime beaucoup n' est pas verte <eos>,12,verte,vert,10,F,P,verte,-8.428522,vert,-9.441167,1
4141,S_NOUN_7_ADJ_b,F,S,la pochette avec les valises que j' aime beaucoup n' est pas bleue <eos>,12,bleue,bleu,10,F,P,bleue,-7.3749056,bleu,-8.630749,1
4142,S_NOUN_7_ADJ_b,F,S,la pochette avec les valises que j' aime beaucoup n' est pas noire <eos>,12,noire,noir,10,F,P,noire,-7.984553,noir,-7.2265544,0
4143,S_NOUN_7_ADJ_b,F,S,la pochette avec les valises que j' aime beaucoup n' est pas délicate <eos>,12,délicate,délicat,10,F,P,délicate,-11.243546,délicat,-13.580992,1
4144,S_NOUN_7_ADJ_b,F,S,la pochette avec les valises que j' aime beaucoup n' est pas pointue <eos>,12,pointue,pointu,10,F,P,pointue,-11.443368,pointu,-13.125118,1
4145,S_NOUN_7_ADJ_b,F,S,la pochette avec les valises que j' aime beaucoup n' est pas ronde <eos>,12,ronde,rond,10,F,P,ronde,-9.716122,rond,-8.172186,0
4146,S_NOUN_7_ADJ_b,F,S,la pochette avec les valises que j' aime beaucoup n' est pas froide <eos>,12,froide,froid,10,F,P,froide,-10.848611,froid,-13.303984,1
4147,S_NOUN_7_ADJ_b,F,S,la pochette avec les valises que j' aime beaucoup n' est pas chaude <eos>,12,chaude,chaud,10,F,P,chaude,-10.219328,chaud,-13.041695,1
4148,S_NOUN_7_ADJ_b,F,S,la pochette avec les valises que j' aime beaucoup n' est pas importante <eos>,12,importante,important,10,F,P,importante,-8.528669,important,-11.551554,1
4149,S_NOUN_7_ADJ_b,F,S,la pochette avec les valises que j' aime beaucoup n' est pas courte <eos>,12,courte,court,10,F,P,courte,-9.514677,court,-11.671965,1
4150,S_NOUN_7_ADJ_b,F,S,la pochette avec les valises que j' aime beaucoup n' est pas dure <eos>,12,dure,dur,10,F,P,dure,-9.598387,dur,-11.518276,1
4151,S_NOUN_7_ADJ_b,F,S,la pochette avec les valises que j' aime beaucoup n' est pas claire <eos>,12,claire,clair,10,F,P,claire,-4.4678526,clair,-6.7533484,1
4152,S_NOUN_7_ADJ_b,F,S,la pochette avec les valises que j' aime beaucoup n' est pas intéressante <eos>,12,intéressante,intéressant,10,F,P,intéressante,-7.4535832,intéressant,-10.80006,1
4153,S_NOUN_7_ADJ_b,F,S,la pochette avec les valises que j' aime beaucoup n' est pas brillante <eos>,12,brillante,brillant,10,F,P,brillante,-7.790131,brillant,-10.522823,1
4154,S_NOUN_7_ADJ_b,F,S,la pochette avec les valises que j' aime beaucoup n' est pas compliquée <eos>,12,compliquée,compliqué,10,F,P,compliquée,-9.834372,compliqué,-11.835825,1
4155,S_NOUN_7_ADJ_b,F,S,la pochette avec les pendules que j' aime beaucoup n' est pas verte <eos>,12,verte,vert,10,F,P,verte,-8.548913,vert,-9.232399,1
4156,S_NOUN_7_ADJ_b,F,S,la pochette avec les pendules que j' aime beaucoup n' est pas bleue <eos>,12,bleue,bleu,10,F,P,bleue,-7.6499577,bleu,-8.353843,1
4157,S_NOUN_7_ADJ_b,F,S,la pochette avec les pendules que j' aime beaucoup n' est pas noire <eos>,12,noire,noir,10,F,P,noire,-7.7178946,noir,-6.650769,0
4158,S_NOUN_7_ADJ_b,F,S,la pochette avec les pendules que j' aime beaucoup n' est pas délicate <eos>,12,délicate,délicat,10,F,P,délicate,-10.957003,délicat,-12.685912,1
4159,S_NOUN_7_ADJ_b,F,S,la pochette avec les pendules que j' aime beaucoup n' est pas pointue <eos>,12,pointue,pointu,10,F,P,pointue,-12.2448435,pointu,-13.17016,1
4160,S_NOUN_7_ADJ_b,F,S,la pochette avec les pendules que j' aime beaucoup n' est pas ronde <eos>,12,ronde,rond,10,F,P,ronde,-10.104237,rond,-8.227751,0
4161,S_NOUN_7_ADJ_b,F,S,la pochette avec les pendules que j' aime beaucoup n' est pas froide <eos>,12,froide,froid,10,F,P,froide,-9.537659,froid,-12.188181,1
4162,S_NOUN_7_ADJ_b,F,S,la pochette avec les pendules que j' aime beaucoup n' est pas chaude <eos>,12,chaude,chaud,10,F,P,chaude,-9.604409,chaud,-12.470444,1
4163,S_NOUN_7_ADJ_b,F,S,la pochette avec les pendules que j' aime beaucoup n' est pas importante <eos>,12,importante,important,10,F,P,importante,-8.752306,important,-11.22813,1
4164,S_NOUN_7_ADJ_b,F,S,la pochette avec les pendules que j' aime beaucoup n' est pas courte <eos>,12,courte,court,10,F,P,courte,-9.729547,court,-11.683423,1
4165,S_NOUN_7_ADJ_b,F,S,la pochette avec les pendules que j' aime beaucoup n' est pas dure <eos>,12,dure,dur,10,F,P,dure,-9.500277,dur,-10.904932,1
4166,S_NOUN_7_ADJ_b,F,S,la pochette avec les pendules que j' aime beaucoup n' est pas claire <eos>,12,claire,clair,10,F,P,claire,-4.6083403,clair,-6.765239,1
4167,S_NOUN_7_ADJ_b,F,S,la pochette avec les pendules que j' aime beaucoup n' est pas intéressante <eos>,12,intéressante,intéressant,10,F,P,intéressante,-8.079682,intéressant,-10.573808,1
4168,S_NOUN_7_ADJ_b,F,S,la pochette avec les pendules que j' aime beaucoup n' est pas brillante <eos>,12,brillante,brillant,10,F,P,brillante,-7.5619707,brillant,-9.981039,1
4169,S_NOUN_7_ADJ_b,F,S,la pochette avec les pendules que j' aime beaucoup n' est pas compliquée <eos>,12,compliquée,compliqué,10,F,P,compliquée,-9.928218,compliqué,-11.1099205,1
4170,S_NOUN_7_ADJ_b,F,S,la pochette avec les cloches que j' aime beaucoup n' est pas verte <eos>,12,verte,vert,10,F,P,verte,-8.723471,vert,-9.180791,1
4171,S_NOUN_7_ADJ_b,F,S,la pochette avec les cloches que j' aime beaucoup n' est pas bleue <eos>,12,bleue,bleu,10,F,P,bleue,-7.9968843,bleu,-8.446144,1
4172,S_NOUN_7_ADJ_b,F,S,la pochette avec les cloches que j' aime beaucoup n' est pas noire <eos>,12,noire,noir,10,F,P,noire,-7.99788,noir,-7.0086317,0
4173,S_NOUN_7_ADJ_b,F,S,la pochette avec les cloches que j' aime beaucoup n' est pas délicate <eos>,12,délicate,délicat,10,F,P,délicate,-11.477074,délicat,-12.9212055,1
4174,S_NOUN_7_ADJ_b,F,S,la pochette avec les cloches que j' aime beaucoup n' est pas pointue <eos>,12,pointue,pointu,10,F,P,pointue,-11.578521,pointu,-13.032212,1
4175,S_NOUN_7_ADJ_b,F,S,la pochette avec les cloches que j' aime beaucoup n' est pas ronde <eos>,12,ronde,rond,10,F,P,ronde,-9.91695,rond,-8.370848,0
4176,S_NOUN_7_ADJ_b,F,S,la pochette avec les cloches que j' aime beaucoup n' est pas froide <eos>,12,froide,froid,10,F,P,froide,-10.458936,froid,-12.985082,1
4177,S_NOUN_7_ADJ_b,F,S,la pochette avec les cloches que j' aime beaucoup n' est pas chaude <eos>,12,chaude,chaud,10,F,P,chaude,-10.48386,chaud,-13.252306,1
4178,S_NOUN_7_ADJ_b,F,S,la pochette avec les cloches que j' aime beaucoup n' est pas importante <eos>,12,importante,important,10,F,P,importante,-8.703496,important,-11.312482,1
4179,S_NOUN_7_ADJ_b,F,S,la pochette avec les cloches que j' aime beaucoup n' est pas courte <eos>,12,courte,court,10,F,P,courte,-9.623222,court,-11.67213,1
4180,S_NOUN_7_ADJ_b,F,S,la pochette avec les cloches que j' aime beaucoup n' est pas dure <eos>,12,dure,dur,10,F,P,dure,-9.739489,dur,-11.083794,1
4181,S_NOUN_7_ADJ_b,F,S,la pochette avec les cloches que j' aime beaucoup n' est pas claire <eos>,12,claire,clair,10,F,P,claire,-4.751022,clair,-6.601048,1
4182,S_NOUN_7_ADJ_b,F,S,la pochette avec les cloches que j' aime beaucoup n' est pas intéressante <eos>,12,intéressante,intéressant,10,F,P,intéressante,-8.004025,intéressant,-10.40916,1
4183,S_NOUN_7_ADJ_b,F,S,la pochette avec les cloches que j' aime beaucoup n' est pas brillante <eos>,12,brillante,brillant,10,F,P,brillante,-8.022111,brillant,-10.551427,1
4184,S_NOUN_7_ADJ_b,F,S,la pochette avec les cloches que j' aime beaucoup n' est pas compliquée <eos>,12,compliquée,compliqué,10,F,P,compliquée,-10.274452,compliqué,-11.233917,1
4185,S_NOUN_7_ADJ_b,F,S,la pochette avec les cerises que j' aime beaucoup n' est pas verte <eos>,12,verte,vert,10,F,P,verte,-8.035374,vert,-8.448804,1
4186,S_NOUN_7_ADJ_b,F,S,la pochette avec les cerises que j' aime beaucoup n' est pas bleue <eos>,12,bleue,bleu,10,F,P,bleue,-7.3114967,bleu,-7.6661434,1
4187,S_NOUN_7_ADJ_b,F,S,la pochette avec les cerises que j' aime beaucoup n' est pas noire <eos>,12,noire,noir,10,F,P,noire,-7.561319,noir,-6.406261,0
4188,S_NOUN_7_ADJ_b,F,S,la pochette avec les cerises que j' aime beaucoup n' est pas délicate <eos>,12,délicate,délicat,10,F,P,délicate,-11.105186,délicat,-12.553556,1
4189,S_NOUN_7_ADJ_b,F,S,la pochette avec les cerises que j' aime beaucoup n' est pas pointue <eos>,12,pointue,pointu,10,F,P,pointue,-12.012807,pointu,-12.764432,1
4190,S_NOUN_7_ADJ_b,F,S,la pochette avec les cerises que j' aime beaucoup n' est pas ronde <eos>,12,ronde,rond,10,F,P,ronde,-9.558641,rond,-7.61593,0
4191,S_NOUN_7_ADJ_b,F,S,la pochette avec les cerises que j' aime beaucoup n' est pas froide <eos>,12,froide,froid,10,F,P,froide,-10.379799,froid,-12.409096,1
4192,S_NOUN_7_ADJ_b,F,S,la pochette avec les cerises que j' aime beaucoup n' est pas chaude <eos>,12,chaude,chaud,10,F,P,chaude,-10.498064,chaud,-12.77723,1
4193,S_NOUN_7_ADJ_b,F,S,la pochette avec les cerises que j' aime beaucoup n' est pas importante <eos>,12,importante,important,10,F,P,importante,-9.211022,important,-11.432653,1
4194,S_NOUN_7_ADJ_b,F,S,la pochette avec les cerises que j' aime beaucoup n' est pas courte <eos>,12,courte,court,10,F,P,courte,-9.575673,court,-11.218042,1
4195,S_NOUN_7_ADJ_b,F,S,la pochette avec les cerises que j' aime beaucoup n' est pas dure <eos>,12,dure,dur,10,F,P,dure,-9.850831,dur,-11.000079,1
4196,S_NOUN_7_ADJ_b,F,S,la pochette avec les cerises que j' aime beaucoup n' est pas claire <eos>,12,claire,clair,10,F,P,claire,-4.314307,clair,-6.154361,1
4197,S_NOUN_7_ADJ_b,F,S,la pochette avec les cerises que j' aime beaucoup n' est pas intéressante <eos>,12,intéressante,intéressant,10,F,P,intéressante,-7.936208,intéressant,-10.609215,1
4198,S_NOUN_7_ADJ_b,F,S,la pochette avec les cerises que j' aime beaucoup n' est pas brillante <eos>,12,brillante,brillant,10,F,P,brillante,-8.109725,brillant,-10.142813,1
4199,S_NOUN_7_ADJ_b,F,S,la pochette avec les cerises que j' aime beaucoup n' est pas compliquée <eos>,12,compliquée,compliqué,10,F,P,compliquée,-10.424688,compliqué,-11.357191,1
4200,S_NOUN_7_ADJ_b,F,S,la banane avec les gemmes que j' aime beaucoup n' est pas verte <eos>,12,verte,vert,10,F,P,verte,-8.153181,vert,-8.610318,1
4201,S_NOUN_7_ADJ_b,F,S,la banane avec les gemmes que j' aime beaucoup n' est pas bleue <eos>,12,bleue,bleu,10,F,P,bleue,-9.132832,bleu,-9.090662,0
4202,S_NOUN_7_ADJ_b,F,S,la banane avec les gemmes que j' aime beaucoup n' est pas noire <eos>,12,noire,noir,10,F,P,noire,-8.328556,noir,-7.819825,0
4203,S_NOUN_7_ADJ_b,F,S,la banane avec les gemmes que j' aime beaucoup n' est pas délicate <eos>,12,délicate,délicat,10,F,P,délicate,-11.568987,délicat,-12.090126,1
4204,S_NOUN_7_ADJ_b,F,S,la banane avec les gemmes que j' aime beaucoup n' est pas pointue <eos>,12,pointue,pointu,10,F,P,pointue,-11.367087,pointu,-12.680646,1
4205,S_NOUN_7_ADJ_b,F,S,la banane avec les gemmes que j' aime beaucoup n' est pas ronde <eos>,12,ronde,rond,10,F,P,ronde,-10.646568,rond,-9.589258,0
4206,S_NOUN_7_ADJ_b,F,S,la banane avec les gemmes que j' aime beaucoup n' est pas froide <eos>,12,froide,froid,10,F,P,froide,-7.96375,froid,-11.6206875,1
4207,S_NOUN_7_ADJ_b,F,S,la banane avec les gemmes que j' aime beaucoup n' est pas chaude <eos>,12,chaude,chaud,10,F,P,chaude,-8.915366,chaud,-11.397933,1
4208,S_NOUN_7_ADJ_b,F,S,la banane avec les gemmes que j' aime beaucoup n' est pas importante <eos>,12,importante,important,10,F,P,importante,-8.388287,important,-10.476337,1
4209,S_NOUN_7_ADJ_b,F,S,la banane avec les gemmes que j' aime beaucoup n' est pas courte <eos>,12,courte,court,10,F,P,courte,-10.526475,court,-12.249277,1
4210,S_NOUN_7_ADJ_b,F,S,la banane avec les gemmes que j' aime beaucoup n' est pas dure <eos>,12,dure,dur,10,F,P,dure,-9.240117,dur,-8.970646,0
4211,S_NOUN_7_ADJ_b,F,S,la banane avec les gemmes que j' aime beaucoup n' est pas claire <eos>,12,claire,clair,10,F,P,claire,-6.414468,clair,-7.3364973,1
4212,S_NOUN_7_ADJ_b,F,S,la banane avec les gemmes que j' aime beaucoup n' est pas intéressante <eos>,12,intéressante,intéressant,10,F,P,intéressante,-8.958092,intéressant,-10.216154,1
4213,S_NOUN_7_ADJ_b,F,S,la banane avec les gemmes que j' aime beaucoup n' est pas brillante <eos>,12,brillante,brillant,10,F,P,brillante,-7.9600563,brillant,-9.433327,1
4214,S_NOUN_7_ADJ_b,F,S,la banane avec les gemmes que j' aime beaucoup n' est pas compliquée <eos>,12,compliquée,compliqué,10,F,P,compliquée,-11.068676,compliqué,-10.537561,0
4215,S_NOUN_7_ADJ_b,F,S,la banane avec les chaises que j' aime beaucoup n' est pas verte <eos>,12,verte,vert,10,F,P,verte,-9.269921,vert,-9.943754,1
4216,S_NOUN_7_ADJ_b,F,S,la banane avec les chaises que j' aime beaucoup n' est pas bleue <eos>,12,bleue,bleu,10,F,P,bleue,-10.07738,bleu,-10.425371,1
4217,S_NOUN_7_ADJ_b,F,S,la banane avec les chaises que j' aime beaucoup n' est pas noire <eos>,12,noire,noir,10,F,P,noire,-9.06696,noir,-8.775948,0
4218,S_NOUN_7_ADJ_b,F,S,la banane avec les chaises que j' aime beaucoup n' est pas délicate <eos>,12,délicate,délicat,10,F,P,délicate,-11.574154,délicat,-11.8771305,1
4219,S_NOUN_7_ADJ_b,F,S,la banane avec les chaises que j' aime beaucoup n' est pas pointue <eos>,12,pointue,pointu,10,F,P,pointue,-11.583797,pointu,-12.914223,1
4220,S_NOUN_7_ADJ_b,F,S,la banane avec les chaises que j' aime beaucoup n' est pas ronde <eos>,12,ronde,rond,10,F,P,ronde,-10.074947,rond,-9.040683,0
4221,S_NOUN_7_ADJ_b,F,S,la banane avec les chaises que j' aime beaucoup n' est pas froide <eos>,12,froide,froid,10,F,P,froide,-8.477672,froid,-11.6351,1
4222,S_NOUN_7_ADJ_b,F,S,la banane avec les chaises que j' aime beaucoup n' est pas chaude <eos>,12,chaude,chaud,10,F,P,chaude,-8.777826,chaud,-11.486253,1
4223,S_NOUN_7_ADJ_b,F,S,la banane avec les chaises que j' aime beaucoup n' est pas importante <eos>,12,importante,important,10,F,P,importante,-8.202645,important,-10.137869,1
4224,S_NOUN_7_ADJ_b,F,S,la banane avec les chaises que j' aime beaucoup n' est pas courte <eos>,12,courte,court,10,F,P,courte,-10.112206,court,-11.455896,1
4225,S_NOUN_7_ADJ_b,F,S,la banane avec les chaises que j' aime beaucoup n' est pas dure <eos>,12,dure,dur,10,F,P,dure,-8.635232,dur,-9.403059,1
4226,S_NOUN_7_ADJ_b,F,S,la banane avec les chaises que j' aime beaucoup n' est pas claire <eos>,12,claire,clair,10,F,P,claire,-6.2833595,clair,-7.7926254,1
4227,S_NOUN_7_ADJ_b,F,S,la banane avec les chaises que j' aime beaucoup n' est pas intéressante <eos>,12,intéressante,intéressant,10,F,P,intéressante,-8.91501,intéressant,-10.527979,1
4228,S_NOUN_7_ADJ_b,F,S,la banane avec les chaises que j' aime beaucoup n' est pas brillante <eos>,12,brillante,brillant,10,F,P,brillante,-9.02725,brillant,-10.398716,1
4229,S_NOUN_7_ADJ_b,F,S,la banane avec les chaises que j' aime beaucoup n' est pas compliquée <eos>,12,compliquée,compliqué,10,F,P,compliquée,-10.58247,compliqué,-10.619112,1
4230,S_NOUN_7_ADJ_b,F,S,la banane avec les poubelles que j' aime beaucoup n' est pas verte <eos>,12,verte,vert,10,F,P,verte,-8.95147,vert,-9.810119,1
4231,S_NOUN_7_ADJ_b,F,S,la banane avec les poubelles que j' aime beaucoup n' est pas bleue <eos>,12,bleue,bleu,10,F,P,bleue,-10.510418,bleu,-11.122049,1
4232,S_NOUN_7_ADJ_b,F,S,la banane avec les poubelles que j' aime beaucoup n' est pas noire <eos>,12,noire,noir,10,F,P,noire,-9.270204,noir,-8.948317,0
4233,S_NOUN_7_ADJ_b,F,S,la banane avec les poubelles que j' aime beaucoup n' est pas délicate <eos>,12,délicate,délicat,10,F,P,délicate,-11.708225,délicat,-12.136847,1
4234,S_NOUN_7_ADJ_b,F,S,la banane avec les poubelles que j' aime beaucoup n' est pas pointue <eos>,12,pointue,pointu,10,F,P,pointue,-11.469857,pointu,-12.919076,1
4235,S_NOUN_7_ADJ_b,F,S,la banane avec les poubelles que j' aime beaucoup n' est pas ronde <eos>,12,ronde,rond,10,F,P,ronde,-10.672239,rond,-9.676771,0
4236,S_NOUN_7_ADJ_b,F,S,la banane avec les poubelles que j' aime beaucoup n' est pas froide <eos>,12,froide,froid,10,F,P,froide,-8.702132,froid,-11.41526,1
4237,S_NOUN_7_ADJ_b,F,S,la banane avec les poubelles que j' aime beaucoup n' est pas chaude <eos>,12,chaude,chaud,10,F,P,chaude,-9.152124,chaud,-11.728632,1
4238,S_NOUN_7_ADJ_b,F,S,la banane avec les poubelles que j' aime beaucoup n' est pas importante <eos>,12,importante,important,10,F,P,importante,-8.115962,important,-9.850355,1
4239,S_NOUN_7_ADJ_b,F,S,la banane avec les poubelles que j' aime beaucoup n' est pas courte <eos>,12,courte,court,10,F,P,courte,-10.425898,court,-11.627909,1
4240,S_NOUN_7_ADJ_b,F,S,la banane avec les poubelles que j' aime beaucoup n' est pas dure <eos>,12,dure,dur,10,F,P,dure,-8.816991,dur,-9.218863,1
4241,S_NOUN_7_ADJ_b,F,S,la banane avec les poubelles que j' aime beaucoup n' est pas claire <eos>,12,claire,clair,10,F,P,claire,-6.665367,clair,-8.085296,1
4242,S_NOUN_7_ADJ_b,F,S,la banane avec les poubelles que j' aime beaucoup n' est pas intéressante <eos>,12,intéressante,intéressant,10,F,P,intéressante,-8.9419,intéressant,-10.304601,1
4243,S_NOUN_7_ADJ_b,F,S,la banane avec les poubelles que j' aime beaucoup n' est pas brillante <eos>,12,brillante,brillant,10,F,P,brillante,-9.736051,brillant,-10.721468,1
4244,S_NOUN_7_ADJ_b,F,S,la banane avec les poubelles que j' aime beaucoup n' est pas compliquée <eos>,12,compliquée,compliqué,10,F,P,compliquée,-10.681328,compliqué,-10.524374,0
4245,S_NOUN_7_ADJ_b,F,S,la banane avec les chemises que j' aime beaucoup n' est pas verte <eos>,12,verte,vert,10,F,P,verte,-8.431149,vert,-8.5957775,1
4246,S_NOUN_7_ADJ_b,F,S,la banane avec les chemises que j' aime beaucoup n' est pas bleue <eos>,12,bleue,bleu,10,F,P,bleue,-9.369104,bleu,-9.575948,1
4247,S_NOUN_7_ADJ_b,F,S,la banane avec les chemises que j' aime beaucoup n' est pas noire <eos>,12,noire,noir,10,F,P,noire,-8.49234,noir,-7.739752,0
4248,S_NOUN_7_ADJ_b,F,S,la banane avec les chemises que j' aime beaucoup n' est pas délicate <eos>,12,délicate,délicat,10,F,P,délicate,-11.59547,délicat,-11.878363,1
4249,S_NOUN_7_ADJ_b,F,S,la banane avec les chemises que j' aime beaucoup n' est pas pointue <eos>,12,pointue,pointu,10,F,P,pointue,-10.766795,pointu,-12.714321,1
4250,S_NOUN_7_ADJ_b,F,S,la banane avec les chemises que j' aime beaucoup n' est pas ronde <eos>,12,ronde,rond,10,F,P,ronde,-10.301247,rond,-9.412214,0
4251,S_NOUN_7_ADJ_b,F,S,la banane avec les chemises que j' aime beaucoup n' est pas froide <eos>,12,froide,froid,10,F,P,froide,-8.554249,froid,-11.407395,1
4252,S_NOUN_7_ADJ_b,F,S,la banane avec les chemises que j' aime beaucoup n' est pas chaude <eos>,12,chaude,chaud,10,F,P,chaude,-9.323195,chaud,-11.2652235,1
4253,S_NOUN_7_ADJ_b,F,S,la banane avec les chemises que j' aime beaucoup n' est pas importante <eos>,12,importante,important,10,F,P,importante,-8.19298,important,-10.338184,1
4254,S_NOUN_7_ADJ_b,F,S,la banane avec les chemises que j' aime beaucoup n' est pas courte <eos>,12,courte,court,10,F,P,courte,-10.002005,court,-11.526371,1
4255,S_NOUN_7_ADJ_b,F,S,la banane avec les chemises que j' aime beaucoup n' est pas dure <eos>,12,dure,dur,10,F,P,dure,-8.44248,dur,-8.786816,1
4256,S_NOUN_7_ADJ_b,F,S,la banane avec les chemises que j' aime beaucoup n' est pas claire <eos>,12,claire,clair,10,F,P,claire,-6.065873,clair,-7.267008,1
4257,S_NOUN_7_ADJ_b,F,S,la banane avec les chemises que j' aime beaucoup n' est pas intéressante <eos>,12,intéressante,intéressant,10,F,P,intéressante,-9.136389,intéressant,-10.507128,1
4258,S_NOUN_7_ADJ_b,F,S,la banane avec les chemises que j' aime beaucoup n' est pas brillante <eos>,12,brillante,brillant,10,F,P,brillante,-8.2308855,brillant,-9.51795,1
4259,S_NOUN_7_ADJ_b,F,S,la banane avec les chemises que j' aime beaucoup n' est pas compliquée <eos>,12,compliquée,compliqué,10,F,P,compliquée,-10.806087,compliqué,-10.745954,0
4260,S_NOUN_7_ADJ_b,F,S,la banane avec les recettes que j' aime beaucoup n' est pas verte <eos>,12,verte,vert,10,F,P,verte,-9.110852,vert,-9.8950405,1
4261,S_NOUN_7_ADJ_b,F,S,la banane avec les recettes que j' aime beaucoup n' est pas bleue <eos>,12,bleue,bleu,10,F,P,bleue,-10.440936,bleu,-10.93161,1
4262,S_NOUN_7_ADJ_b,F,S,la banane avec les recettes que j' aime beaucoup n' est pas noire <eos>,12,noire,noir,10,F,P,noire,-9.01519,noir,-8.852291,0
4263,S_NOUN_7_ADJ_b,F,S,la banane avec les recettes que j' aime beaucoup n' est pas délicate <eos>,12,délicate,délicat,10,F,P,délicate,-11.398905,délicat,-11.796656,1
4264,S_NOUN_7_ADJ_b,F,S,la banane avec les recettes que j' aime beaucoup n' est pas pointue <eos>,12,pointue,pointu,10,F,P,pointue,-11.493541,pointu,-13.312824,1
4265,S_NOUN_7_ADJ_b,F,S,la banane avec les recettes que j' aime beaucoup n' est pas ronde <eos>,12,ronde,rond,10,F,P,ronde,-10.500336,rond,-9.820446,0
4266,S_NOUN_7_ADJ_b,F,S,la banane avec les recettes que j' aime beaucoup n' est pas froide <eos>,12,froide,froid,10,F,P,froide,-8.237144,froid,-11.829014,1
4267,S_NOUN_7_ADJ_b,F,S,la banane avec les recettes que j' aime beaucoup n' est pas chaude <eos>,12,chaude,chaud,10,F,P,chaude,-8.746067,chaud,-11.904501,1
4268,S_NOUN_7_ADJ_b,F,S,la banane avec les recettes que j' aime beaucoup n' est pas importante <eos>,12,importante,important,10,F,P,importante,-7.58895,important,-10.24044,1
4269,S_NOUN_7_ADJ_b,F,S,la banane avec les recettes que j' aime beaucoup n' est pas courte <eos>,12,courte,court,10,F,P,courte,-9.729225,court,-11.24343,1
4270,S_NOUN_7_ADJ_b,F,S,la banane avec les recettes que j' aime beaucoup n' est pas dure <eos>,12,dure,dur,10,F,P,dure,-8.628513,dur,-9.631135,1
4271,S_NOUN_7_ADJ_b,F,S,la banane avec les recettes que j' aime beaucoup n' est pas claire <eos>,12,claire,clair,10,F,P,claire,-6.4995146,clair,-7.9185514,1
4272,S_NOUN_7_ADJ_b,F,S,la banane avec les recettes que j' aime beaucoup n' est pas intéressante <eos>,12,intéressante,intéressant,10,F,P,intéressante,-8.291045,intéressant,-10.448756,1
4273,S_NOUN_7_ADJ_b,F,S,la banane avec les recettes que j' aime beaucoup n' est pas brillante <eos>,12,brillante,brillant,10,F,P,brillante,-8.863887,brillant,-10.7765665,1
4274,S_NOUN_7_ADJ_b,F,S,la banane avec les recettes que j' aime beaucoup n' est pas compliquée <eos>,12,compliquée,compliqué,10,F,P,compliquée,-10.811865,compliqué,-10.605503,0
4275,S_NOUN_7_ADJ_b,F,S,la banane avec les jupes que j' aime beaucoup n' est pas verte <eos>,12,verte,vert,10,F,P,verte,-8.563615,vert,-9.050592,1
4276,S_NOUN_7_ADJ_b,F,S,la banane avec les jupes que j' aime beaucoup n' est pas bleue <eos>,12,bleue,bleu,10,F,P,bleue,-9.635105,bleu,-9.983671,1
4277,S_NOUN_7_ADJ_b,F,S,la banane avec les jupes que j' aime beaucoup n' est pas noire <eos>,12,noire,noir,10,F,P,noire,-8.629189,noir,-8.305126,0
4278,S_NOUN_7_ADJ_b,F,S,la banane avec les jupes que j' aime beaucoup n' est pas délicate <eos>,12,délicate,délicat,10,F,P,délicate,-11.348923,délicat,-11.795976,1
4279,S_NOUN_7_ADJ_b,F,S,la banane avec les jupes que j' aime beaucoup n' est pas pointue <eos>,12,pointue,pointu,10,F,P,pointue,-10.468111,pointu,-12.4507065,1
4280,S_NOUN_7_ADJ_b,F,S,la banane avec les jupes que j' aime beaucoup n' est pas ronde <eos>,12,ronde,rond,10,F,P,ronde,-10.293522,rond,-9.111435,0
4281,S_NOUN_7_ADJ_b,F,S,la banane avec les jupes que j' aime beaucoup n' est pas froide <eos>,12,froide,froid,10,F,P,froide,-8.848344,froid,-11.521718,1
4282,S_NOUN_7_ADJ_b,F,S,la banane avec les jupes que j' aime beaucoup n' est pas chaude <eos>,12,chaude,chaud,10,F,P,chaude,-9.61762,chaud,-11.327646,1
4283,S_NOUN_7_ADJ_b,F,S,la banane avec les jupes que j' aime beaucoup n' est pas importante <eos>,12,importante,important,10,F,P,importante,-8.216377,important,-10.433615,1
4284,S_NOUN_7_ADJ_b,F,S,la banane avec les jupes que j' aime beaucoup n' est pas courte <eos>,12,courte,court,10,F,P,courte,-9.34263,court,-11.061686,1
4285,S_NOUN_7_ADJ_b,F,S,la banane avec les jupes que j' aime beaucoup n' est pas dure <eos>,12,dure,dur,10,F,P,dure,-8.31546,dur,-9.137457,1
4286,S_NOUN_7_ADJ_b,F,S,la banane avec les jupes que j' aime beaucoup n' est pas claire <eos>,12,claire,clair,10,F,P,claire,-5.87626,clair,-7.535056,1
4287,S_NOUN_7_ADJ_b,F,S,la banane avec les jupes que j' aime beaucoup n' est pas intéressante <eos>,12,intéressante,intéressant,10,F,P,intéressante,-9.183667,intéressant,-10.52856,1
4288,S_NOUN_7_ADJ_b,F,S,la banane avec les jupes que j' aime beaucoup n' est pas brillante <eos>,12,brillante,brillant,10,F,P,brillante,-8.533703,brillant,-9.660501,1
4289,S_NOUN_7_ADJ_b,F,S,la banane avec les jupes que j' aime beaucoup n' est pas compliquée <eos>,12,compliquée,compliqué,10,F,P,compliquée,-10.400507,compliqué,-10.629366,1
4290,S_NOUN_7_ADJ_b,F,S,la banane avec les colles que j' aime beaucoup n' est pas verte <eos>,12,verte,vert,10,F,P,verte,-8.825033,vert,-9.356972,1
4291,S_NOUN_7_ADJ_b,F,S,la banane avec les colles que j' aime beaucoup n' est pas bleue <eos>,12,bleue,bleu,10,F,P,bleue,-10.074406,bleu,-10.261945,1
4292,S_NOUN_7_ADJ_b,F,S,la banane avec les colles que j' aime beaucoup n' est pas noire <eos>,12,noire,noir,10,F,P,noire,-8.833856,noir,-8.240667,0
4293,S_NOUN_7_ADJ_b,F,S,la banane avec les colles que j' aime beaucoup n' est pas délicate <eos>,12,délicate,délicat,10,F,P,délicate,-11.054244,délicat,-11.468035,1
4294,S_NOUN_7_ADJ_b,F,S,la banane avec les colles que j' aime beaucoup n' est pas pointue <eos>,12,pointue,pointu,10,F,P,pointue,-11.27721,pointu,-13.152142,1
4295,S_NOUN_7_ADJ_b,F,S,la banane avec les colles que j' aime beaucoup n' est pas ronde <eos>,12,ronde,rond,10,F,P,ronde,-10.653136,rond,-9.893433,0
4296,S_NOUN_7_ADJ_b,F,S,la banane avec les colles que j' aime beaucoup n' est pas froide <eos>,12,froide,froid,10,F,P,froide,-8.444286,froid,-11.615704,1
4297,S_NOUN_7_ADJ_b,F,S,la banane avec les colles que j' aime beaucoup n' est pas chaude <eos>,12,chaude,chaud,10,F,P,chaude,-9.076666,chaud,-11.548742,1
4298,S_NOUN_7_ADJ_b,F,S,la banane avec les colles que j' aime beaucoup n' est pas importante <eos>,12,importante,important,10,F,P,importante,-8.215457,important,-10.403771,1
4299,S_NOUN_7_ADJ_b,F,S,la banane avec les colles que j' aime beaucoup n' est pas courte <eos>,12,courte,court,10,F,P,courte,-10.450018,court,-12.278028,1
4300,S_NOUN_7_ADJ_b,F,S,la banane avec les colles que j' aime beaucoup n' est pas dure <eos>,12,dure,dur,10,F,P,dure,-8.78717,dur,-9.407717,1
4301,S_NOUN_7_ADJ_b,F,S,la banane avec les colles que j' aime beaucoup n' est pas claire <eos>,12,claire,clair,10,F,P,claire,-6.30153,clair,-7.794596,1
4302,S_NOUN_7_ADJ_b,F,S,la banane avec les colles que j' aime beaucoup n' est pas intéressante <eos>,12,intéressante,intéressant,10,F,P,intéressante,-8.65637,intéressant,-10.199833,1
4303,S_NOUN_7_ADJ_b,F,S,la banane avec les colles que j' aime beaucoup n' est pas brillante <eos>,12,brillante,brillant,10,F,P,brillante,-8.69659,brillant,-9.844936,1
4304,S_NOUN_7_ADJ_b,F,S,la banane avec les colles que j' aime beaucoup n' est pas compliquée <eos>,12,compliquée,compliqué,10,F,P,compliquée,-10.342375,compliqué,-10.545447,1
4305,S_NOUN_7_ADJ_b,F,S,la banane avec les lampes que j' aime beaucoup n' est pas verte <eos>,12,verte,vert,10,F,P,verte,-8.755064,vert,-9.479526,1
4306,S_NOUN_7_ADJ_b,F,S,la banane avec les lampes que j' aime beaucoup n' est pas bleue <eos>,12,bleue,bleu,10,F,P,bleue,-9.77223,bleu,-9.996925,1
4307,S_NOUN_7_ADJ_b,F,S,la banane avec les lampes que j' aime beaucoup n' est pas noire <eos>,12,noire,noir,10,F,P,noire,-8.857178,noir,-8.437027,0
4308,S_NOUN_7_ADJ_b,F,S,la banane avec les lampes que j' aime beaucoup n' est pas délicate <eos>,12,délicate,délicat,10,F,P,délicate,-11.388035,délicat,-12.044285,1
4309,S_NOUN_7_ADJ_b,F,S,la banane avec les lampes que j' aime beaucoup n' est pas pointue <eos>,12,pointue,pointu,10,F,P,pointue,-11.818619,pointu,-12.830839,1
4310,S_NOUN_7_ADJ_b,F,S,la banane avec les lampes que j' aime beaucoup n' est pas ronde <eos>,12,ronde,rond,10,F,P,ronde,-10.79846,rond,-9.257248,0
4311,S_NOUN_7_ADJ_b,F,S,la banane avec les lampes que j' aime beaucoup n' est pas froide <eos>,12,froide,froid,10,F,P,froide,-7.518875,froid,-11.20992,1
4312,S_NOUN_7_ADJ_b,F,S,la banane avec les lampes que j' aime beaucoup n' est pas chaude <eos>,12,chaude,chaud,10,F,P,chaude,-8.190282,chaud,-11.177147,1
4313,S_NOUN_7_ADJ_b,F,S,la banane avec les lampes que j' aime beaucoup n' est pas importante <eos>,12,importante,important,10,F,P,importante,-8.211159,important,-10.286001,1
4314,S_NOUN_7_ADJ_b,F,S,la banane avec les lampes que j' aime beaucoup n' est pas courte <eos>,12,courte,court,10,F,P,courte,-10.4549885,court,-12.297558,1
4315,S_NOUN_7_ADJ_b,F,S,la banane avec les lampes que j' aime beaucoup n' est pas dure <eos>,12,dure,dur,10,F,P,dure,-9.014683,dur,-9.720238,1
4316,S_NOUN_7_ADJ_b,F,S,la banane avec les lampes que j' aime beaucoup n' est pas claire <eos>,12,claire,clair,10,F,P,claire,-6.694026,clair,-7.652323,1
4317,S_NOUN_7_ADJ_b,F,S,la banane avec les lampes que j' aime beaucoup n' est pas intéressante <eos>,12,intéressante,intéressant,10,F,P,intéressante,-8.833738,intéressant,-10.323376,1
4318,S_NOUN_7_ADJ_b,F,S,la banane avec les lampes que j' aime beaucoup n' est pas brillante <eos>,12,brillante,brillant,10,F,P,brillante,-8.498552,brillant,-10.15946,1
4319,S_NOUN_7_ADJ_b,F,S,la banane avec les lampes que j' aime beaucoup n' est pas compliquée <eos>,12,compliquée,compliqué,10,F,P,compliquée,-10.992132,compliqué,-10.921963,0
4320,S_NOUN_7_ADJ_b,F,S,la banane avec les bouteilles que j' aime beaucoup n' est pas verte <eos>,12,verte,vert,10,F,P,verte,-9.100794,vert,-9.594339,1
4321,S_NOUN_7_ADJ_b,F,S,la banane avec les bouteilles que j' aime beaucoup n' est pas bleue <eos>,12,bleue,bleu,10,F,P,bleue,-9.881808,bleu,-10.52986,1
4322,S_NOUN_7_ADJ_b,F,S,la banane avec les bouteilles que j' aime beaucoup n' est pas noire <eos>,12,noire,noir,10,F,P,noire,-9.254266,noir,-8.950164,0
4323,S_NOUN_7_ADJ_b,F,S,la banane avec les bouteilles que j' aime beaucoup n' est pas délicate <eos>,12,délicate,délicat,10,F,P,délicate,-11.810857,délicat,-12.162863,1
4324,S_NOUN_7_ADJ_b,F,S,la banane avec les bouteilles que j' aime beaucoup n' est pas pointue <eos>,12,pointue,pointu,10,F,P,pointue,-12.039692,pointu,-13.672434,1
4325,S_NOUN_7_ADJ_b,F,S,la banane avec les bouteilles que j' aime beaucoup n' est pas ronde <eos>,12,ronde,rond,10,F,P,ronde,-10.627197,rond,-9.560068,0
4326,S_NOUN_7_ADJ_b,F,S,la banane avec les bouteilles que j' aime beaucoup n' est pas froide <eos>,12,froide,froid,10,F,P,froide,-7.8357596,froid,-11.016258,1
4327,S_NOUN_7_ADJ_b,F,S,la banane avec les bouteilles que j' aime beaucoup n' est pas chaude <eos>,12,chaude,chaud,10,F,P,chaude,-8.374629,chaud,-11.061443,1
4328,S_NOUN_7_ADJ_b,F,S,la banane avec les bouteilles que j' aime beaucoup n' est pas importante <eos>,12,importante,important,10,F,P,importante,-8.201913,important,-10.12947,1
4329,S_NOUN_7_ADJ_b,F,S,la banane avec les bouteilles que j' aime beaucoup n' est pas courte <eos>,12,courte,court,10,F,P,courte,-10.360291,court,-11.65217,1
4330,S_NOUN_7_ADJ_b,F,S,la banane avec les bouteilles que j' aime beaucoup n' est pas dure <eos>,12,dure,dur,10,F,P,dure,-8.450546,dur,-9.243366,1
4331,S_NOUN_7_ADJ_b,F,S,la banane avec les bouteilles que j' aime beaucoup n' est pas claire <eos>,12,claire,clair,10,F,P,claire,-6.5167694,clair,-8.0681,1
4332,S_NOUN_7_ADJ_b,F,S,la banane avec les bouteilles que j' aime beaucoup n' est pas intéressante <eos>,12,intéressante,intéressant,10,F,P,intéressante,-8.5409975,intéressant,-10.396175,1
4333,S_NOUN_7_ADJ_b,F,S,la banane avec les bouteilles que j' aime beaucoup n' est pas brillante <eos>,12,brillante,brillant,10,F,P,brillante,-9.28385,brillant,-10.708081,1
4334,S_NOUN_7_ADJ_b,F,S,la banane avec les bouteilles que j' aime beaucoup n' est pas compliquée <eos>,12,compliquée,compliqué,10,F,P,compliquée,-10.618217,compliqué,-10.693636,1
4335,S_NOUN_7_ADJ_b,F,S,la banane avec les boissons que j' aime beaucoup n' est pas verte <eos>,12,verte,vert,10,F,P,verte,-9.0833845,vert,-9.45153,1
4336,S_NOUN_7_ADJ_b,F,S,la banane avec les boissons que j' aime beaucoup n' est pas bleue <eos>,12,bleue,bleu,10,F,P,bleue,-10.308608,bleu,-10.308496,0
4337,S_NOUN_7_ADJ_b,F,S,la banane avec les boissons que j' aime beaucoup n' est pas noire <eos>,12,noire,noir,10,F,P,noire,-8.881052,noir,-8.397273,0
4338,S_NOUN_7_ADJ_b,F,S,la banane avec les boissons que j' aime beaucoup n' est pas délicate <eos>,12,délicate,délicat,10,F,P,délicate,-11.592715,délicat,-11.633989,1
4339,S_NOUN_7_ADJ_b,F,S,la banane avec les boissons que j' aime beaucoup n' est pas pointue <eos>,12,pointue,pointu,10,F,P,pointue,-11.937373,pointu,-13.39091,1
4340,S_NOUN_7_ADJ_b,F,S,la banane avec les boissons que j' aime beaucoup n' est pas ronde <eos>,12,ronde,rond,10,F,P,ronde,-9.991215,rond,-9.654454,0
4341,S_NOUN_7_ADJ_b,F,S,la banane avec les boissons que j' aime beaucoup n' est pas froide <eos>,12,froide,froid,10,F,P,froide,-7.857157,froid,-11.384209,1
4342,S_NOUN_7_ADJ_b,F,S,la banane avec les boissons que j' aime beaucoup n' est pas chaude <eos>,12,chaude,chaud,10,F,P,chaude,-8.384077,chaud,-11.2806,1
4343,S_NOUN_7_ADJ_b,F,S,la banane avec les boissons que j' aime beaucoup n' est pas importante <eos>,12,importante,important,10,F,P,importante,-8.017765,important,-10.221747,1
4344,S_NOUN_7_ADJ_b,F,S,la banane avec les boissons que j' aime beaucoup n' est pas courte <eos>,12,courte,court,10,F,P,courte,-10.351749,court,-11.883781,1
4345,S_NOUN_7_ADJ_b,F,S,la banane avec les boissons que j' aime beaucoup n' est pas dure <eos>,12,dure,dur,10,F,P,dure,-8.828106,dur,-9.183321,1
4346,S_NOUN_7_ADJ_b,F,S,la banane avec les boissons que j' aime beaucoup n' est pas claire <eos>,12,claire,clair,10,F,P,claire,-6.5751095,clair,-7.9385023,1
4347,S_NOUN_7_ADJ_b,F,S,la banane avec les boissons que j' aime beaucoup n' est pas intéressante <eos>,12,intéressante,intéressant,10,F,P,intéressante,-8.641706,intéressant,-10.442672,1
4348,S_NOUN_7_ADJ_b,F,S,la banane avec les boissons que j' aime beaucoup n' est pas brillante <eos>,12,brillante,brillant,10,F,P,brillante,-9.1765175,brillant,-10.674836,1
4349,S_NOUN_7_ADJ_b,F,S,la banane avec les boissons que j' aime beaucoup n' est pas compliquée <eos>,12,compliquée,compliqué,10,F,P,compliquée,-10.9078665,compliqué,-10.738242,0
4350,S_NOUN_7_ADJ_b,F,S,la banane avec les pommes que j' aime beaucoup n' est pas verte <eos>,12,verte,vert,10,F,P,verte,-8.610028,vert,-9.003889,1
4351,S_NOUN_7_ADJ_b,F,S,la banane avec les pommes que j' aime beaucoup n' est pas bleue <eos>,12,bleue,bleu,10,F,P,bleue,-9.899984,bleu,-10.227947,1
4352,S_NOUN_7_ADJ_b,F,S,la banane avec les pommes que j' aime beaucoup n' est pas noire <eos>,12,noire,noir,10,F,P,noire,-8.81539,noir,-8.445036,0
4353,S_NOUN_7_ADJ_b,F,S,la banane avec les pommes que j' aime beaucoup n' est pas délicate <eos>,12,délicate,délicat,10,F,P,délicate,-11.025131,délicat,-11.390387,1
4354,S_NOUN_7_ADJ_b,F,S,la banane avec les pommes que j' aime beaucoup n' est pas pointue <eos>,12,pointue,pointu,10,F,P,pointue,-11.120653,pointu,-13.196939,1
4355,S_NOUN_7_ADJ_b,F,S,la banane avec les pommes que j' aime beaucoup n' est pas ronde <eos>,12,ronde,rond,10,F,P,ronde,-10.485631,rond,-9.652045,0
4356,S_NOUN_7_ADJ_b,F,S,la banane avec les pommes que j' aime beaucoup n' est pas froide <eos>,12,froide,froid,10,F,P,froide,-7.3004093,froid,-10.866155,1
4357,S_NOUN_7_ADJ_b,F,S,la banane avec les pommes que j' aime beaucoup n' est pas chaude <eos>,12,chaude,chaud,10,F,P,chaude,-8.273027,chaud,-10.502198,1
4358,S_NOUN_7_ADJ_b,F,S,la banane avec les pommes que j' aime beaucoup n' est pas importante <eos>,12,importante,important,10,F,P,importante,-8.085276,important,-10.500944,1
4359,S_NOUN_7_ADJ_b,F,S,la banane avec les pommes que j' aime beaucoup n' est pas courte <eos>,12,courte,court,10,F,P,courte,-10.372809,court,-11.751954,1
4360,S_NOUN_7_ADJ_b,F,S,la banane avec les pommes que j' aime beaucoup n' est pas dure <eos>,12,dure,dur,10,F,P,dure,-8.417728,dur,-8.524115,1
4361,S_NOUN_7_ADJ_b,F,S,la banane avec les pommes que j' aime beaucoup n' est pas claire <eos>,12,claire,clair,10,F,P,claire,-6.71321,clair,-7.9451237,1
4362,S_NOUN_7_ADJ_b,F,S,la banane avec les pommes que j' aime beaucoup n' est pas intéressante <eos>,12,intéressante,intéressant,10,F,P,intéressante,-8.435458,intéressant,-10.534119,1
4363,S_NOUN_7_ADJ_b,F,S,la banane avec les pommes que j' aime beaucoup n' est pas brillante <eos>,12,brillante,brillant,10,F,P,brillante,-8.884419,brillant,-10.453737,1
4364,S_NOUN_7_ADJ_b,F,S,la banane avec les pommes que j' aime beaucoup n' est pas compliquée <eos>,12,compliquée,compliqué,10,F,P,compliquée,-10.530114,compliqué,-10.297156,0
4365,S_NOUN_7_ADJ_b,F,S,la banane avec les tasses que j' aime beaucoup n' est pas verte <eos>,12,verte,vert,10,F,P,verte,-9.370185,vert,-9.845049,1
4366,S_NOUN_7_ADJ_b,F,S,la banane avec les tasses que j' aime beaucoup n' est pas bleue <eos>,12,bleue,bleu,10,F,P,bleue,-10.355992,bleu,-10.726622,1
4367,S_NOUN_7_ADJ_b,F,S,la banane avec les tasses que j' aime beaucoup n' est pas noire <eos>,12,noire,noir,10,F,P,noire,-9.358866,noir,-9.501606,1
4368,S_NOUN_7_ADJ_b,F,S,la banane avec les tasses que j' aime beaucoup n' est pas délicate <eos>,12,délicate,délicat,10,F,P,délicate,-11.444523,délicat,-11.343251,0
4369,S_NOUN_7_ADJ_b,F,S,la banane avec les tasses que j' aime beaucoup n' est pas pointue <eos>,12,pointue,pointu,10,F,P,pointue,-11.362855,pointu,-13.161614,1
4370,S_NOUN_7_ADJ_b,F,S,la banane avec les tasses que j' aime beaucoup n' est pas ronde <eos>,12,ronde,rond,10,F,P,ronde,-10.022655,rond,-9.325091,0
4371,S_NOUN_7_ADJ_b,F,S,la banane avec les tasses que j' aime beaucoup n' est pas froide <eos>,12,froide,froid,10,F,P,froide,-7.9849644,froid,-10.970373,1
4372,S_NOUN_7_ADJ_b,F,S,la banane avec les tasses que j' aime beaucoup n' est pas chaude <eos>,12,chaude,chaud,10,F,P,chaude,-7.9910507,chaud,-10.564477,1
4373,S_NOUN_7_ADJ_b,F,S,la banane avec les tasses que j' aime beaucoup n' est pas importante <eos>,12,importante,important,10,F,P,importante,-8.188369,important,-10.398615,1
4374,S_NOUN_7_ADJ_b,F,S,la banane avec les tasses que j' aime beaucoup n' est pas courte <eos>,12,courte,court,10,F,P,courte,-10.346006,court,-12.064459,1
4375,S_NOUN_7_ADJ_b,F,S,la banane avec les tasses que j' aime beaucoup n' est pas dure <eos>,12,dure,dur,10,F,P,dure,-8.6951685,dur,-9.52969,1
4376,S_NOUN_7_ADJ_b,F,S,la banane avec les tasses que j' aime beaucoup n' est pas claire <eos>,12,claire,clair,10,F,P,claire,-6.682995,clair,-8.167078,1
4377,S_NOUN_7_ADJ_b,F,S,la banane avec les tasses que j' aime beaucoup n' est pas intéressante <eos>,12,intéressante,intéressant,10,F,P,intéressante,-8.679646,intéressant,-10.336736,1
4378,S_NOUN_7_ADJ_b,F,S,la banane avec les tasses que j' aime beaucoup n' est pas brillante <eos>,12,brillante,brillant,10,F,P,brillante,-8.708902,brillant,-10.122736,1
4379,S_NOUN_7_ADJ_b,F,S,la banane avec les tasses que j' aime beaucoup n' est pas compliquée <eos>,12,compliquée,compliqué,10,F,P,compliquée,-10.714652,compliqué,-10.606647,0
4380,S_NOUN_7_ADJ_b,F,S,la banane avec les bougies que j' aime beaucoup n' est pas verte <eos>,12,verte,vert,10,F,P,verte,-8.72563,vert,-9.21067,1
4381,S_NOUN_7_ADJ_b,F,S,la banane avec les bougies que j' aime beaucoup n' est pas bleue <eos>,12,bleue,bleu,10,F,P,bleue,-10.00516,bleu,-10.055173,1
4382,S_NOUN_7_ADJ_b,F,S,la banane avec les bougies que j' aime beaucoup n' est pas noire <eos>,12,noire,noir,10,F,P,noire,-8.745211,noir,-8.462244,0
4383,S_NOUN_7_ADJ_b,F,S,la banane avec les bougies que j' aime beaucoup n' est pas délicate <eos>,12,délicate,délicat,10,F,P,délicate,-11.372618,délicat,-11.721802,1
4384,S_NOUN_7_ADJ_b,F,S,la banane avec les bougies que j' aime beaucoup n' est pas pointue <eos>,12,pointue,pointu,10,F,P,pointue,-11.281335,pointu,-12.950731,1
4385,S_NOUN_7_ADJ_b,F,S,la banane avec les bougies que j' aime beaucoup n' est pas ronde <eos>,12,ronde,rond,10,F,P,ronde,-10.212023,rond,-9.081241,0
4386,S_NOUN_7_ADJ_b,F,S,la banane avec les bougies que j' aime beaucoup n' est pas froide <eos>,12,froide,froid,10,F,P,froide,-7.7682643,froid,-11.106424,1
4387,S_NOUN_7_ADJ_b,F,S,la banane avec les bougies que j' aime beaucoup n' est pas chaude <eos>,12,chaude,chaud,10,F,P,chaude,-8.670188,chaud,-11.0795555,1
4388,S_NOUN_7_ADJ_b,F,S,la banane avec les bougies que j' aime beaucoup n' est pas importante <eos>,12,importante,important,10,F,P,importante,-8.384468,important,-10.510841,1
4389,S_NOUN_7_ADJ_b,F,S,la banane avec les bougies que j' aime beaucoup n' est pas courte <eos>,12,courte,court,10,F,P,courte,-10.276661,court,-11.818635,1
4390,S_NOUN_7_ADJ_b,F,S,la banane avec les bougies que j' aime beaucoup n' est pas dure <eos>,12,dure,dur,10,F,P,dure,-8.694509,dur,-9.09256,1
4391,S_NOUN_7_ADJ_b,F,S,la banane avec les bougies que j' aime beaucoup n' est pas claire <eos>,12,claire,clair,10,F,P,claire,-6.6447964,clair,-7.659569,1
4392,S_NOUN_7_ADJ_b,F,S,la banane avec les bougies que j' aime beaucoup n' est pas intéressante <eos>,12,intéressante,intéressant,10,F,P,intéressante,-9.220446,intéressant,-10.628744,1
4393,S_NOUN_7_ADJ_b,F,S,la banane avec les bougies que j' aime beaucoup n' est pas brillante <eos>,12,brillante,brillant,10,F,P,brillante,-9.051194,brillant,-10.3542,1
4394,S_NOUN_7_ADJ_b,F,S,la banane avec les bougies que j' aime beaucoup n' est pas compliquée <eos>,12,compliquée,compliqué,10,F,P,compliquée,-11.097702,compliqué,-10.7155485,0
4395,S_NOUN_7_ADJ_b,F,S,la banane avec les pochettes que j' aime beaucoup n' est pas verte <eos>,12,verte,vert,10,F,P,verte,-9.220819,vert,-9.196104,0
4396,S_NOUN_7_ADJ_b,F,S,la banane avec les pochettes que j' aime beaucoup n' est pas bleue <eos>,12,bleue,bleu,10,F,P,bleue,-8.958215,bleu,-9.47644,1
4397,S_NOUN_7_ADJ_b,F,S,la banane avec les pochettes que j' aime beaucoup n' est pas noire <eos>,12,noire,noir,10,F,P,noire,-8.460912,noir,-7.6713963,0
4398,S_NOUN_7_ADJ_b,F,S,la banane avec les pochettes que j' aime beaucoup n' est pas délicate <eos>,12,délicate,délicat,10,F,P,délicate,-11.946683,délicat,-12.81551,1
4399,S_NOUN_7_ADJ_b,F,S,la banane avec les pochettes que j' aime beaucoup n' est pas pointue <eos>,12,pointue,pointu,10,F,P,pointue,-11.752022,pointu,-13.160997,1
4400,S_NOUN_7_ADJ_b,F,S,la banane avec les pochettes que j' aime beaucoup n' est pas ronde <eos>,12,ronde,rond,10,F,P,ronde,-10.740749,rond,-9.330518,0
4401,S_NOUN_7_ADJ_b,F,S,la banane avec les pochettes que j' aime beaucoup n' est pas froide <eos>,12,froide,froid,10,F,P,froide,-9.233381,froid,-12.42538,1
4402,S_NOUN_7_ADJ_b,F,S,la banane avec les pochettes que j' aime beaucoup n' est pas chaude <eos>,12,chaude,chaud,10,F,P,chaude,-9.212295,chaud,-12.394003,1
4403,S_NOUN_7_ADJ_b,F,S,la banane avec les pochettes que j' aime beaucoup n' est pas importante <eos>,12,importante,important,10,F,P,importante,-8.09421,important,-10.355986,1
4404,S_NOUN_7_ADJ_b,F,S,la banane avec les pochettes que j' aime beaucoup n' est pas courte <eos>,12,courte,court,10,F,P,courte,-9.798081,court,-11.582612,1
4405,S_NOUN_7_ADJ_b,F,S,la banane avec les pochettes que j' aime beaucoup n' est pas dure <eos>,12,dure,dur,10,F,P,dure,-7.8034816,dur,-8.502941,1
4406,S_NOUN_7_ADJ_b,F,S,la banane avec les pochettes que j' aime beaucoup n' est pas claire <eos>,12,claire,clair,10,F,P,claire,-5.8764453,clair,-7.241141,1
4407,S_NOUN_7_ADJ_b,F,S,la banane avec les pochettes que j' aime beaucoup n' est pas intéressante <eos>,12,intéressante,intéressant,10,F,P,intéressante,-8.264677,intéressant,-10.359191,1
4408,S_NOUN_7_ADJ_b,F,S,la banane avec les pochettes que j' aime beaucoup n' est pas brillante <eos>,12,brillante,brillant,10,F,P,brillante,-8.748087,brillant,-10.501049,1
4409,S_NOUN_7_ADJ_b,F,S,la banane avec les pochettes que j' aime beaucoup n' est pas compliquée <eos>,12,compliquée,compliqué,10,F,P,compliquée,-10.638277,compliqué,-11.019016,1
4410,S_NOUN_7_ADJ_b,F,S,la banane avec les bananes que j' aime beaucoup n' est pas verte <eos>,12,verte,vert,10,F,P,verte,-8.355915,vert,-9.137127,1
4411,S_NOUN_7_ADJ_b,F,S,la banane avec les bananes que j' aime beaucoup n' est pas bleue <eos>,12,bleue,bleu,10,F,P,bleue,-9.694045,bleu,-10.178911,1
4412,S_NOUN_7_ADJ_b,F,S,la banane avec les bananes que j' aime beaucoup n' est pas noire <eos>,12,noire,noir,10,F,P,noire,-8.734106,noir,-8.561562,0
4413,S_NOUN_7_ADJ_b,F,S,la banane avec les bananes que j' aime beaucoup n' est pas délicate <eos>,12,délicate,délicat,10,F,P,délicate,-11.271477,délicat,-11.809231,1
4414,S_NOUN_7_ADJ_b,F,S,la banane avec les bananes que j' aime beaucoup n' est pas pointue <eos>,12,pointue,pointu,10,F,P,pointue,-11.404707,pointu,-13.189842,1
4415,S_NOUN_7_ADJ_b,F,S,la banane avec les bananes que j' aime beaucoup n' est pas ronde <eos>,12,ronde,rond,10,F,P,ronde,-10.684354,rond,-9.546686,0
4416,S_NOUN_7_ADJ_b,F,S,la banane avec les bananes que j' aime beaucoup n' est pas froide <eos>,12,froide,froid,10,F,P,froide,-7.528367,froid,-11.275785,1
4417,S_NOUN_7_ADJ_b,F,S,la banane avec les bananes que j' aime beaucoup n' est pas chaude <eos>,12,chaude,chaud,10,F,P,chaude,-8.236581,chaud,-10.945374,1
4418,S_NOUN_7_ADJ_b,F,S,la banane avec les bananes que j' aime beaucoup n' est pas importante <eos>,12,importante,important,10,F,P,importante,-8.112949,important,-10.406084,1
4419,S_NOUN_7_ADJ_b,F,S,la banane avec les bananes que j' aime beaucoup n' est pas courte <eos>,12,courte,court,10,F,P,courte,-10.299408,court,-11.989841,1
4420,S_NOUN_7_ADJ_b,F,S,la banane avec les bananes que j' aime beaucoup n' est pas dure <eos>,12,dure,dur,10,F,P,dure,-8.20245,dur,-8.308962,1
4421,S_NOUN_7_ADJ_b,F,S,la banane avec les bananes que j' aime beaucoup n' est pas claire <eos>,12,claire,clair,10,F,P,claire,-6.661567,clair,-7.4743514,1
4422,S_NOUN_7_ADJ_b,F,S,la banane avec les bananes que j' aime beaucoup n' est pas intéressante <eos>,12,intéressante,intéressant,10,F,P,intéressante,-8.483774,intéressant,-10.710588,1
4423,S_NOUN_7_ADJ_b,F,S,la banane avec les bananes que j' aime beaucoup n' est pas brillante <eos>,12,brillante,brillant,10,F,P,brillante,-8.665345,brillant,-10.10884,1
4424,S_NOUN_7_ADJ_b,F,S,la banane avec les bananes que j' aime beaucoup n' est pas compliquée <eos>,12,compliquée,compliqué,10,F,P,compliquée,-10.509585,compliqué,-10.376967,0
4425,S_NOUN_7_ADJ_b,F,S,la banane avec les robes que j' aime beaucoup n' est pas verte <eos>,12,verte,vert,10,F,P,verte,-8.377567,vert,-8.782639,1
4426,S_NOUN_7_ADJ_b,F,S,la banane avec les robes que j' aime beaucoup n' est pas bleue <eos>,12,bleue,bleu,10,F,P,bleue,-9.184765,bleu,-9.315397,1
4427,S_NOUN_7_ADJ_b,F,S,la banane avec les robes que j' aime beaucoup n' est pas noire <eos>,12,noire,noir,10,F,P,noire,-7.970374,noir,-7.5449224,0
4428,S_NOUN_7_ADJ_b,F,S,la banane avec les robes que j' aime beaucoup n' est pas délicate <eos>,12,délicate,délicat,10,F,P,délicate,-11.166256,délicat,-11.47394,1
4429,S_NOUN_7_ADJ_b,F,S,la banane avec les robes que j' aime beaucoup n' est pas pointue <eos>,12,pointue,pointu,10,F,P,pointue,-11.300882,pointu,-12.742417,1
4430,S_NOUN_7_ADJ_b,F,S,la banane avec les robes que j' aime beaucoup n' est pas ronde <eos>,12,ronde,rond,10,F,P,ronde,-10.265858,rond,-9.447403,0
4431,S_NOUN_7_ADJ_b,F,S,la banane avec les robes que j' aime beaucoup n' est pas froide <eos>,12,froide,froid,10,F,P,froide,-8.643249,froid,-11.89837,1
4432,S_NOUN_7_ADJ_b,F,S,la banane avec les robes que j' aime beaucoup n' est pas chaude <eos>,12,chaude,chaud,10,F,P,chaude,-9.26759,chaud,-11.60656,1
4433,S_NOUN_7_ADJ_b,F,S,la banane avec les robes que j' aime beaucoup n' est pas importante <eos>,12,importante,important,10,F,P,importante,-7.9733186,important,-10.315125,1
4434,S_NOUN_7_ADJ_b,F,S,la banane avec les robes que j' aime beaucoup n' est pas courte <eos>,12,courte,court,10,F,P,courte,-10.038076,court,-11.634868,1
4435,S_NOUN_7_ADJ_b,F,S,la banane avec les robes que j' aime beaucoup n' est pas dure <eos>,12,dure,dur,10,F,P,dure,-8.953321,dur,-9.545074,1
4436,S_NOUN_7_ADJ_b,F,S,la banane avec les robes que j' aime beaucoup n' est pas claire <eos>,12,claire,clair,10,F,P,claire,-5.6252375,clair,-7.1153727,1
4437,S_NOUN_7_ADJ_b,F,S,la banane avec les robes que j' aime beaucoup n' est pas intéressante <eos>,12,intéressante,intéressant,10,F,P,intéressante,-8.966591,intéressant,-10.369698,1
4438,S_NOUN_7_ADJ_b,F,S,la banane avec les robes que j' aime beaucoup n' est pas brillante <eos>,12,brillante,brillant,10,F,P,brillante,-8.361708,brillant,-9.749556,1
4439,S_NOUN_7_ADJ_b,F,S,la banane avec les robes que j' aime beaucoup n' est pas compliquée <eos>,12,compliquée,compliqué,10,F,P,compliquée,-10.559248,compliqué,-10.778015,1
4440,S_NOUN_7_ADJ_b,F,S,la banane avec les valises que j' aime beaucoup n' est pas verte <eos>,12,verte,vert,10,F,P,verte,-8.912734,vert,-9.691536,1
4441,S_NOUN_7_ADJ_b,F,S,la banane avec les valises que j' aime beaucoup n' est pas bleue <eos>,12,bleue,bleu,10,F,P,bleue,-9.731875,bleu,-10.790168,1
4442,S_NOUN_7_ADJ_b,F,S,la banane avec les valises que j' aime beaucoup n' est pas noire <eos>,12,noire,noir,10,F,P,noire,-9.331687,noir,-9.006871,0
4443,S_NOUN_7_ADJ_b,F,S,la banane avec les valises que j' aime beaucoup n' est pas délicate <eos>,12,délicate,délicat,10,F,P,délicate,-11.641452,délicat,-12.544475,1
4444,S_NOUN_7_ADJ_b,F,S,la banane avec les valises que j' aime beaucoup n' est pas pointue <eos>,12,pointue,pointu,10,F,P,pointue,-11.132807,pointu,-13.196146,1
4445,S_NOUN_7_ADJ_b,F,S,la banane avec les valises que j' aime beaucoup n' est pas ronde <eos>,12,ronde,rond,10,F,P,ronde,-10.691452,rond,-9.504715,0
4446,S_NOUN_7_ADJ_b,F,S,la banane avec les valises que j' aime beaucoup n' est pas froide <eos>,12,froide,froid,10,F,P,froide,-8.14333,froid,-11.3343525,1
4447,S_NOUN_7_ADJ_b,F,S,la banane avec les valises que j' aime beaucoup n' est pas chaude <eos>,12,chaude,chaud,10,F,P,chaude,-8.563748,chaud,-11.036043,1
4448,S_NOUN_7_ADJ_b,F,S,la banane avec les valises que j' aime beaucoup n' est pas importante <eos>,12,importante,important,10,F,P,importante,-7.855178,important,-10.140995,1
4449,S_NOUN_7_ADJ_b,F,S,la banane avec les valises que j' aime beaucoup n' est pas courte <eos>,12,courte,court,10,F,P,courte,-10.436475,court,-11.913511,1
4450,S_NOUN_7_ADJ_b,F,S,la banane avec les valises que j' aime beaucoup n' est pas dure <eos>,12,dure,dur,10,F,P,dure,-8.477254,dur,-9.232454,1
4451,S_NOUN_7_ADJ_b,F,S,la banane avec les valises que j' aime beaucoup n' est pas claire <eos>,12,claire,clair,10,F,P,claire,-6.7469554,clair,-8.086262,1
4452,S_NOUN_7_ADJ_b,F,S,la banane avec les valises que j' aime beaucoup n' est pas intéressante <eos>,12,intéressante,intéressant,10,F,P,intéressante,-8.3151455,intéressant,-10.504217,1
4453,S_NOUN_7_ADJ_b,F,S,la banane avec les valises que j' aime beaucoup n' est pas brillante <eos>,12,brillante,brillant,10,F,P,brillante,-9.053749,brillant,-10.412582,1
4454,S_NOUN_7_ADJ_b,F,S,la banane avec les valises que j' aime beaucoup n' est pas compliquée <eos>,12,compliquée,compliqué,10,F,P,compliquée,-10.322135,compliqué,-10.667871,1
4455,S_NOUN_7_ADJ_b,F,S,la banane avec les pendules que j' aime beaucoup n' est pas verte <eos>,12,verte,vert,10,F,P,verte,-9.255571,vert,-9.83081,1
4456,S_NOUN_7_ADJ_b,F,S,la banane avec les pendules que j' aime beaucoup n' est pas bleue <eos>,12,bleue,bleu,10,F,P,bleue,-10.109388,bleu,-10.249001,1
4457,S_NOUN_7_ADJ_b,F,S,la banane avec les pendules que j' aime beaucoup n' est pas noire <eos>,12,noire,noir,10,F,P,noire,-8.906769,noir,-8.31134,0
4458,S_NOUN_7_ADJ_b,F,S,la banane avec les pendules que j' aime beaucoup n' est pas délicate <eos>,12,délicate,délicat,10,F,P,délicate,-11.327493,délicat,-11.828072,1
4459,S_NOUN_7_ADJ_b,F,S,la banane avec les pendules que j' aime beaucoup n' est pas pointue <eos>,12,pointue,pointu,10,F,P,pointue,-12.134031,pointu,-13.026741,1
4460,S_NOUN_7_ADJ_b,F,S,la banane avec les pendules que j' aime beaucoup n' est pas ronde <eos>,12,ronde,rond,10,F,P,ronde,-11.0556,rond,-9.475603,0
4461,S_NOUN_7_ADJ_b,F,S,la banane avec les pendules que j' aime beaucoup n' est pas froide <eos>,12,froide,froid,10,F,P,froide,-8.0113735,froid,-11.27496,1
4462,S_NOUN_7_ADJ_b,F,S,la banane avec les pendules que j' aime beaucoup n' est pas chaude <eos>,12,chaude,chaud,10,F,P,chaude,-8.252578,chaud,-11.149329,1
4463,S_NOUN_7_ADJ_b,F,S,la banane avec les pendules que j' aime beaucoup n' est pas importante <eos>,12,importante,important,10,F,P,importante,-8.160734,important,-9.950426,1
4464,S_NOUN_7_ADJ_b,F,S,la banane avec les pendules que j' aime beaucoup n' est pas courte <eos>,12,courte,court,10,F,P,courte,-10.530042,court,-12.125733,1
4465,S_NOUN_7_ADJ_b,F,S,la banane avec les pendules que j' aime beaucoup n' est pas dure <eos>,12,dure,dur,10,F,P,dure,-8.886618,dur,-9.690564,1
4466,S_NOUN_7_ADJ_b,F,S,la banane avec les pendules que j' aime beaucoup n' est pas claire <eos>,12,claire,clair,10,F,P,claire,-6.502647,clair,-7.7813153,1
4467,S_NOUN_7_ADJ_b,F,S,la banane avec les pendules que j' aime beaucoup n' est pas intéressante <eos>,12,intéressante,intéressant,10,F,P,intéressante,-8.881328,intéressant,-10.1813135,1
4468,S_NOUN_7_ADJ_b,F,S,la banane avec les pendules que j' aime beaucoup n' est pas brillante <eos>,12,brillante,brillant,10,F,P,brillante,-8.630193,brillant,-10.056461,1
4469,S_NOUN_7_ADJ_b,F,S,la banane avec les pendules que j' aime beaucoup n' est pas compliquée <eos>,12,compliquée,compliqué,10,F,P,compliquée,-10.749725,compliqué,-10.63671,0
4470,S_NOUN_7_ADJ_b,F,S,la banane avec les cloches que j' aime beaucoup n' est pas verte <eos>,12,verte,vert,10,F,P,verte,-9.492945,vert,-9.859131,1
4471,S_NOUN_7_ADJ_b,F,S,la banane avec les cloches que j' aime beaucoup n' est pas bleue <eos>,12,bleue,bleu,10,F,P,bleue,-10.7472515,bleu,-10.666712,0
4472,S_NOUN_7_ADJ_b,F,S,la banane avec les cloches que j' aime beaucoup n' est pas noire <eos>,12,noire,noir,10,F,P,noire,-9.307309,noir,-8.922683,0
4473,S_NOUN_7_ADJ_b,F,S,la banane avec les cloches que j' aime beaucoup n' est pas délicate <eos>,12,délicate,délicat,10,F,P,délicate,-11.865622,délicat,-11.81844,0
4474,S_NOUN_7_ADJ_b,F,S,la banane avec les cloches que j' aime beaucoup n' est pas pointue <eos>,12,pointue,pointu,10,F,P,pointue,-11.378595,pointu,-13.004206,1
4475,S_NOUN_7_ADJ_b,F,S,la banane avec les cloches que j' aime beaucoup n' est pas ronde <eos>,12,ronde,rond,10,F,P,ronde,-10.813847,rond,-9.648632,0
4476,S_NOUN_7_ADJ_b,F,S,la banane avec les cloches que j' aime beaucoup n' est pas froide <eos>,12,froide,froid,10,F,P,froide,-8.470942,froid,-11.402146,1
4477,S_NOUN_7_ADJ_b,F,S,la banane avec les cloches que j' aime beaucoup n' est pas chaude <eos>,12,chaude,chaud,10,F,P,chaude,-9.093051,chaud,-11.384789,1
4478,S_NOUN_7_ADJ_b,F,S,la banane avec les cloches que j' aime beaucoup n' est pas importante <eos>,12,importante,important,10,F,P,importante,-8.186837,important,-10.073376,1
4479,S_NOUN_7_ADJ_b,F,S,la banane avec les cloches que j' aime beaucoup n' est pas courte <eos>,12,courte,court,10,F,P,courte,-10.397261,court,-11.697697,1
4480,S_NOUN_7_ADJ_b,F,S,la banane avec les cloches que j' aime beaucoup n' est pas dure <eos>,12,dure,dur,10,F,P,dure,-8.951811,dur,-9.28148,1
4481,S_NOUN_7_ADJ_b,F,S,la banane avec les cloches que j' aime beaucoup n' est pas claire <eos>,12,claire,clair,10,F,P,claire,-7.0601783,clair,-7.823463,1
4482,S_NOUN_7_ADJ_b,F,S,la banane avec les cloches que j' aime beaucoup n' est pas intéressante <eos>,12,intéressante,intéressant,10,F,P,intéressante,-8.827344,intéressant,-9.974736,1
4483,S_NOUN_7_ADJ_b,F,S,la banane avec les cloches que j' aime beaucoup n' est pas brillante <eos>,12,brillante,brillant,10,F,P,brillante,-9.153017,brillant,-10.570201,1
4484,S_NOUN_7_ADJ_b,F,S,la banane avec les cloches que j' aime beaucoup n' est pas compliquée <eos>,12,compliquée,compliqué,10,F,P,compliquée,-10.993408,compliqué,-10.471209,0
4485,S_NOUN_7_ADJ_b,F,S,la banane avec les cerises que j' aime beaucoup n' est pas verte <eos>,12,verte,vert,10,F,P,verte,-8.928804,vert,-8.918962,0
4486,S_NOUN_7_ADJ_b,F,S,la banane avec les cerises que j' aime beaucoup n' est pas bleue <eos>,12,bleue,bleu,10,F,P,bleue,-10.109352,bleu,-9.976585,0
4487,S_NOUN_7_ADJ_b,F,S,la banane avec les cerises que j' aime beaucoup n' est pas noire <eos>,12,noire,noir,10,F,P,noire,-8.79944,noir,-8.2430525,0
4488,S_NOUN_7_ADJ_b,F,S,la banane avec les cerises que j' aime beaucoup n' est pas délicate <eos>,12,délicate,délicat,10,F,P,délicate,-11.477025,délicat,-11.476424,0
4489,S_NOUN_7_ADJ_b,F,S,la banane avec les cerises que j' aime beaucoup n' est pas pointue <eos>,12,pointue,pointu,10,F,P,pointue,-11.878683,pointu,-13.146526,1
4490,S_NOUN_7_ADJ_b,F,S,la banane avec les cerises que j' aime beaucoup n' est pas ronde <eos>,12,ronde,rond,10,F,P,ronde,-10.206323,rond,-9.228376,0
4491,S_NOUN_7_ADJ_b,F,S,la banane avec les cerises que j' aime beaucoup n' est pas froide <eos>,12,froide,froid,10,F,P,froide,-7.733802,froid,-10.897764,1
4492,S_NOUN_7_ADJ_b,F,S,la banane avec les cerises que j' aime beaucoup n' est pas chaude <eos>,12,chaude,chaud,10,F,P,chaude,-8.653292,chaud,-10.897794,1
4493,S_NOUN_7_ADJ_b,F,S,la banane avec les cerises que j' aime beaucoup n' est pas importante <eos>,12,importante,important,10,F,P,importante,-8.368347,important,-10.364853,1
4494,S_NOUN_7_ADJ_b,F,S,la banane avec les cerises que j' aime beaucoup n' est pas courte <eos>,12,courte,court,10,F,P,courte,-10.556949,court,-11.818732,1
4495,S_NOUN_7_ADJ_b,F,S,la banane avec les cerises que j' aime beaucoup n' est pas dure <eos>,12,dure,dur,10,F,P,dure,-8.691992,dur,-8.9053,1
4496,S_NOUN_7_ADJ_b,F,S,la banane avec les cerises que j' aime beaucoup n' est pas claire <eos>,12,claire,clair,10,F,P,claire,-6.641887,clair,-7.7443194,1
4497,S_NOUN_7_ADJ_b,F,S,la banane avec les cerises que j' aime beaucoup n' est pas intéressante <eos>,12,intéressante,intéressant,10,F,P,intéressante,-8.722804,intéressant,-10.297363,1
4498,S_NOUN_7_ADJ_b,F,S,la banane avec les cerises que j' aime beaucoup n' est pas brillante <eos>,12,brillante,brillant,10,F,P,brillante,-8.96284,brillant,-10.26028,1
4499,S_NOUN_7_ADJ_b,F,S,la banane avec les cerises que j' aime beaucoup n' est pas compliquée <eos>,12,compliquée,compliqué,10,F,P,compliquée,-10.893933,compliqué,-10.507064,0
4500,S_NOUN_7_ADJ_b,F,S,la robe avec les gemmes que j' aime beaucoup n' est pas verte <eos>,12,verte,vert,10,F,P,verte,-7.829426,vert,-8.798813,1
4501,S_NOUN_7_ADJ_b,F,S,la robe avec les gemmes que j' aime beaucoup n' est pas bleue <eos>,12,bleue,bleu,10,F,P,bleue,-7.826337,bleu,-7.8231745,0
4502,S_NOUN_7_ADJ_b,F,S,la robe avec les gemmes que j' aime beaucoup n' est pas noire <eos>,12,noire,noir,10,F,P,noire,-7.515688,noir,-7.470291,0
4503,S_NOUN_7_ADJ_b,F,S,la robe avec les gemmes que j' aime beaucoup n' est pas délicate <eos>,12,délicate,délicat,10,F,P,délicate,-11.299151,délicat,-12.662874,1
4504,S_NOUN_7_ADJ_b,F,S,la robe avec les gemmes que j' aime beaucoup n' est pas pointue <eos>,12,pointue,pointu,10,F,P,pointue,-12.185881,pointu,-13.382198,1
4505,S_NOUN_7_ADJ_b,F,S,la robe avec les gemmes que j' aime beaucoup n' est pas ronde <eos>,12,ronde,rond,10,F,P,ronde,-10.0179205,rond,-9.723242,0
4506,S_NOUN_7_ADJ_b,F,S,la robe avec les gemmes que j' aime beaucoup n' est pas froide <eos>,12,froide,froid,10,F,P,froide,-9.813706,froid,-12.984089,1
4507,S_NOUN_7_ADJ_b,F,S,la robe avec les gemmes que j' aime beaucoup n' est pas chaude <eos>,12,chaude,chaud,10,F,P,chaude,-10.399274,chaud,-12.901531,1
4508,S_NOUN_7_ADJ_b,F,S,la robe avec les gemmes que j' aime beaucoup n' est pas importante <eos>,12,importante,important,10,F,P,importante,-8.091396,important,-11.174776,1
4509,S_NOUN_7_ADJ_b,F,S,la robe avec les gemmes que j' aime beaucoup n' est pas courte <eos>,12,courte,court,10,F,P,courte,-9.790805,court,-12.576368,1
4510,S_NOUN_7_ADJ_b,F,S,la robe avec les gemmes que j' aime beaucoup n' est pas dure <eos>,12,dure,dur,10,F,P,dure,-10.569531,dur,-11.49774,1
4511,S_NOUN_7_ADJ_b,F,S,la robe avec les gemmes que j' aime beaucoup n' est pas claire <eos>,12,claire,clair,10,F,P,claire,-4.418841,clair,-6.1898074,1
4512,S_NOUN_7_ADJ_b,F,S,la robe avec les gemmes que j' aime beaucoup n' est pas intéressante <eos>,12,intéressante,intéressant,10,F,P,intéressante,-8.969004,intéressant,-11.084877,1
4513,S_NOUN_7_ADJ_b,F,S,la robe avec les gemmes que j' aime beaucoup n' est pas brillante <eos>,12,brillante,brillant,10,F,P,brillante,-7.6117697,brillant,-10.188394,1
4514,S_NOUN_7_ADJ_b,F,S,la robe avec les gemmes que j' aime beaucoup n' est pas compliquée <eos>,12,compliquée,compliqué,10,F,P,compliquée,-11.178664,compliqué,-11.989817,1
4515,S_NOUN_7_ADJ_b,F,S,la robe avec les chaises que j' aime beaucoup n' est pas verte <eos>,12,verte,vert,10,F,P,verte,-8.582565,vert,-9.471487,1
4516,S_NOUN_7_ADJ_b,F,S,la robe avec les chaises que j' aime beaucoup n' est pas bleue <eos>,12,bleue,bleu,10,F,P,bleue,-8.41755,bleu,-8.45744,1
4517,S_NOUN_7_ADJ_b,F,S,la robe avec les chaises que j' aime beaucoup n' est pas noire <eos>,12,noire,noir,10,F,P,noire,-8.110529,noir,-7.874649,0
4518,S_NOUN_7_ADJ_b,F,S,la robe avec les chaises que j' aime beaucoup n' est pas délicate <eos>,12,délicate,délicat,10,F,P,délicate,-10.887279,délicat,-12.192378,1
4519,S_NOUN_7_ADJ_b,F,S,la robe avec les chaises que j' aime beaucoup n' est pas pointue <eos>,12,pointue,pointu,10,F,P,pointue,-11.864449,pointu,-13.328962,1
4520,S_NOUN_7_ADJ_b,F,S,la robe avec les chaises que j' aime beaucoup n' est pas ronde <eos>,12,ronde,rond,10,F,P,ronde,-9.844063,rond,-8.867193,0
4521,S_NOUN_7_ADJ_b,F,S,la robe avec les chaises que j' aime beaucoup n' est pas froide <eos>,12,froide,froid,10,F,P,froide,-10.640215,froid,-13.203556,1
4522,S_NOUN_7_ADJ_b,F,S,la robe avec les chaises que j' aime beaucoup n' est pas chaude <eos>,12,chaude,chaud,10,F,P,chaude,-10.576162,chaud,-12.937763,1
4523,S_NOUN_7_ADJ_b,F,S,la robe avec les chaises que j' aime beaucoup n' est pas importante <eos>,12,importante,important,10,F,P,importante,-8.090002,important,-10.963279,1
4524,S_NOUN_7_ADJ_b,F,S,la robe avec les chaises que j' aime beaucoup n' est pas courte <eos>,12,courte,court,10,F,P,courte,-9.536276,court,-11.8471365,1
4525,S_NOUN_7_ADJ_b,F,S,la robe avec les chaises que j' aime beaucoup n' est pas dure <eos>,12,dure,dur,10,F,P,dure,-9.820324,dur,-11.720133,1
4526,S_NOUN_7_ADJ_b,F,S,la robe avec les chaises que j' aime beaucoup n' est pas claire <eos>,12,claire,clair,10,F,P,claire,-4.3176804,clair,-6.1501846,1
4527,S_NOUN_7_ADJ_b,F,S,la robe avec les chaises que j' aime beaucoup n' est pas intéressante <eos>,12,intéressante,intéressant,10,F,P,intéressante,-9.160345,intéressant,-11.215736,1
4528,S_NOUN_7_ADJ_b,F,S,la robe avec les chaises que j' aime beaucoup n' est pas brillante <eos>,12,brillante,brillant,10,F,P,brillante,-8.103432,brillant,-10.797367,1
4529,S_NOUN_7_ADJ_b,F,S,la robe avec les chaises que j' aime beaucoup n' est pas compliquée <eos>,12,compliquée,compliqué,10,F,P,compliquée,-10.814053,compliqué,-12.173158,1
4530,S_NOUN_7_ADJ_b,F,S,la robe avec les poubelles que j' aime beaucoup n' est pas verte <eos>,12,verte,vert,10,F,P,verte,-8.188979,vert,-9.691392,1
4531,S_NOUN_7_ADJ_b,F,S,la robe avec les poubelles que j' aime beaucoup n' est pas bleue <eos>,12,bleue,bleu,10,F,P,bleue,-9.08419,bleu,-9.397737,1
4532,S_NOUN_7_ADJ_b,F,S,la robe avec les poubelles que j' aime beaucoup n' est pas noire <eos>,12,noire,noir,10,F,P,noire,-7.9932632,noir,-8.217996,1
4533,S_NOUN_7_ADJ_b,F,S,la robe avec les poubelles que j' aime beaucoup n' est pas délicate <eos>,12,délicate,délicat,10,F,P,délicate,-11.434563,délicat,-12.27965,1
4534,S_NOUN_7_ADJ_b,F,S,la robe avec les poubelles que j' aime beaucoup n' est pas pointue <eos>,12,pointue,pointu,10,F,P,pointue,-11.92449,pointu,-13.1392,1
4535,S_NOUN_7_ADJ_b,F,S,la robe avec les poubelles que j' aime beaucoup n' est pas ronde <eos>,12,ronde,rond,10,F,P,ronde,-10.315651,rond,-9.7653675,0
4536,S_NOUN_7_ADJ_b,F,S,la robe avec les poubelles que j' aime beaucoup n' est pas froide <eos>,12,froide,froid,10,F,P,froide,-10.8647,froid,-13.094,1
4537,S_NOUN_7_ADJ_b,F,S,la robe avec les poubelles que j' aime beaucoup n' est pas chaude <eos>,12,chaude,chaud,10,F,P,chaude,-10.905743,chaud,-13.291177,1
4538,S_NOUN_7_ADJ_b,F,S,la robe avec les poubelles que j' aime beaucoup n' est pas importante <eos>,12,importante,important,10,F,P,importante,-7.922212,important,-10.651508,1
4539,S_NOUN_7_ADJ_b,F,S,la robe avec les poubelles que j' aime beaucoup n' est pas courte <eos>,12,courte,court,10,F,P,courte,-9.525811,court,-11.926749,1
4540,S_NOUN_7_ADJ_b,F,S,la robe avec les poubelles que j' aime beaucoup n' est pas dure <eos>,12,dure,dur,10,F,P,dure,-10.054365,dur,-11.458882,1
4541,S_NOUN_7_ADJ_b,F,S,la robe avec les poubelles que j' aime beaucoup n' est pas claire <eos>,12,claire,clair,10,F,P,claire,-5.002611,clair,-6.9977684,1
4542,S_NOUN_7_ADJ_b,F,S,la robe avec les poubelles que j' aime beaucoup n' est pas intéressante <eos>,12,intéressante,intéressant,10,F,P,intéressante,-9.213934,intéressant,-10.952649,1
4543,S_NOUN_7_ADJ_b,F,S,la robe avec les poubelles que j' aime beaucoup n' est pas brillante <eos>,12,brillante,brillant,10,F,P,brillante,-8.914759,brillant,-11.29437,1
4544,S_NOUN_7_ADJ_b,F,S,la robe avec les poubelles que j' aime beaucoup n' est pas compliquée <eos>,12,compliquée,compliqué,10,F,P,compliquée,-10.928122,compliqué,-11.816332,1
4545,S_NOUN_7_ADJ_b,F,S,la robe avec les chemises que j' aime beaucoup n' est pas verte <eos>,12,verte,vert,10,F,P,verte,-7.926689,vert,-8.579061,1
4546,S_NOUN_7_ADJ_b,F,S,la robe avec les chemises que j' aime beaucoup n' est pas bleue <eos>,12,bleue,bleu,10,F,P,bleue,-8.213409,bleu,-7.8637667,0
4547,S_NOUN_7_ADJ_b,F,S,la robe avec les chemises que j' aime beaucoup n' est pas noire <eos>,12,noire,noir,10,F,P,noire,-7.616542,noir,-7.0900393,0
4548,S_NOUN_7_ADJ_b,F,S,la robe avec les chemises que j' aime beaucoup n' est pas délicate <eos>,12,délicate,délicat,10,F,P,délicate,-11.471697,délicat,-11.841839,1
4549,S_NOUN_7_ADJ_b,F,S,la robe avec les chemises que j' aime beaucoup n' est pas pointue <eos>,12,pointue,pointu,10,F,P,pointue,-11.690875,pointu,-12.716416,1
4550,S_NOUN_7_ADJ_b,F,S,la robe avec les chemises que j' aime beaucoup n' est pas ronde <eos>,12,ronde,rond,10,F,P,ronde,-10.135101,rond,-8.933614,0
4551,S_NOUN_7_ADJ_b,F,S,la robe avec les chemises que j' aime beaucoup n' est pas froide <eos>,12,froide,froid,10,F,P,froide,-10.863243,froid,-12.534733,1
4552,S_NOUN_7_ADJ_b,F,S,la robe avec les chemises que j' aime beaucoup n' est pas chaude <eos>,12,chaude,chaud,10,F,P,chaude,-10.970482,chaud,-12.411421,1
4553,S_NOUN_7_ADJ_b,F,S,la robe avec les chemises que j' aime beaucoup n' est pas importante <eos>,12,importante,important,10,F,P,importante,-8.348387,important,-10.877263,1
4554,S_NOUN_7_ADJ_b,F,S,la robe avec les chemises que j' aime beaucoup n' est pas courte <eos>,12,courte,court,10,F,P,courte,-9.315336,court,-11.3911,1
4555,S_NOUN_7_ADJ_b,F,S,la robe avec les chemises que j' aime beaucoup n' est pas dure <eos>,12,dure,dur,10,F,P,dure,-9.662157,dur,-11.295088,1
4556,S_NOUN_7_ADJ_b,F,S,la robe avec les chemises que j' aime beaucoup n' est pas claire <eos>,12,claire,clair,10,F,P,claire,-4.377714,clair,-5.8034697,1
4557,S_NOUN_7_ADJ_b,F,S,la robe avec les chemises que j' aime beaucoup n' est pas intéressante <eos>,12,intéressante,intéressant,10,F,P,intéressante,-10.026388,intéressant,-11.118112,1
4558,S_NOUN_7_ADJ_b,F,S,la robe avec les chemises que j' aime beaucoup n' est pas brillante <eos>,12,brillante,brillant,10,F,P,brillante,-7.9843163,brillant,-9.963638,1
4559,S_NOUN_7_ADJ_b,F,S,la robe avec les chemises que j' aime beaucoup n' est pas compliquée <eos>,12,compliquée,compliqué,10,F,P,compliquée,-11.271828,compliqué,-12.163975,1
4560,S_NOUN_7_ADJ_b,F,S,la robe avec les recettes que j' aime beaucoup n' est pas verte <eos>,12,verte,vert,10,F,P,verte,-8.68126,vert,-9.501709,1
4561,S_NOUN_7_ADJ_b,F,S,la robe avec les recettes que j' aime beaucoup n' est pas bleue <eos>,12,bleue,bleu,10,F,P,bleue,-9.278823,bleu,-9.075752,0
4562,S_NOUN_7_ADJ_b,F,S,la robe avec les recettes que j' aime beaucoup n' est pas noire <eos>,12,noire,noir,10,F,P,noire,-8.224405,noir,-7.921421,0
4563,S_NOUN_7_ADJ_b,F,S,la robe avec les recettes que j' aime beaucoup n' est pas délicate <eos>,12,délicate,délicat,10,F,P,délicate,-11.180144,délicat,-11.646278,1
4564,S_NOUN_7_ADJ_b,F,S,la robe avec les recettes que j' aime beaucoup n' est pas pointue <eos>,12,pointue,pointu,10,F,P,pointue,-12.49451,pointu,-13.550387,1
4565,S_NOUN_7_ADJ_b,F,S,la robe avec les recettes que j' aime beaucoup n' est pas ronde <eos>,12,ronde,rond,10,F,P,ronde,-10.442791,rond,-10.008219,0
4566,S_NOUN_7_ADJ_b,F,S,la robe avec les recettes que j' aime beaucoup n' est pas froide <eos>,12,froide,froid,10,F,P,froide,-10.080353,froid,-11.964764,1
4567,S_NOUN_7_ADJ_b,F,S,la robe avec les recettes que j' aime beaucoup n' est pas chaude <eos>,12,chaude,chaud,10,F,P,chaude,-10.26073,chaud,-12.459092,1
4568,S_NOUN_7_ADJ_b,F,S,la robe avec les recettes que j' aime beaucoup n' est pas importante <eos>,12,importante,important,10,F,P,importante,-7.512579,important,-10.447765,1
4569,S_NOUN_7_ADJ_b,F,S,la robe avec les recettes que j' aime beaucoup n' est pas courte <eos>,12,courte,court,10,F,P,courte,-9.091148,court,-11.06576,1
4570,S_NOUN_7_ADJ_b,F,S,la robe avec les recettes que j' aime beaucoup n' est pas dure <eos>,12,dure,dur,10,F,P,dure,-9.80184,dur,-11.885222,1
4571,S_NOUN_7_ADJ_b,F,S,la robe avec les recettes que j' aime beaucoup n' est pas claire <eos>,12,claire,clair,10,F,P,claire,-4.7142906,clair,-6.24212,1
4572,S_NOUN_7_ADJ_b,F,S,la robe avec les recettes que j' aime beaucoup n' est pas intéressante <eos>,12,intéressante,intéressant,10,F,P,intéressante,-8.890626,intéressant,-11.324046,1
4573,S_NOUN_7_ADJ_b,F,S,la robe avec les recettes que j' aime beaucoup n' est pas brillante <eos>,12,brillante,brillant,10,F,P,brillante,-7.9936457,brillant,-10.4308,1
4574,S_NOUN_7_ADJ_b,F,S,la robe avec les recettes que j' aime beaucoup n' est pas compliquée <eos>,12,compliquée,compliqué,10,F,P,compliquée,-11.461447,compliqué,-12.260603,1
4575,S_NOUN_7_ADJ_b,F,S,la robe avec les jupes que j' aime beaucoup n' est pas verte <eos>,12,verte,vert,10,F,P,verte,-7.929392,vert,-8.740152,1
4576,S_NOUN_7_ADJ_b,F,S,la robe avec les jupes que j' aime beaucoup n' est pas bleue <eos>,12,bleue,bleu,10,F,P,bleue,-8.260207,bleu,-7.675371,0
4577,S_NOUN_7_ADJ_b,F,S,la robe avec les jupes que j' aime beaucoup n' est pas noire <eos>,12,noire,noir,10,F,P,noire,-7.5640373,noir,-7.039016,0
4578,S_NOUN_7_ADJ_b,F,S,la robe avec les jupes que j' aime beaucoup n' est pas délicate <eos>,12,délicate,délicat,10,F,P,délicate,-10.713625,délicat,-11.211358,1
4579,S_NOUN_7_ADJ_b,F,S,la robe avec les jupes que j' aime beaucoup n' est pas pointue <eos>,12,pointue,pointu,10,F,P,pointue,-11.032805,pointu,-12.431483,1
4580,S_NOUN_7_ADJ_b,F,S,la robe avec les jupes que j' aime beaucoup n' est pas ronde <eos>,12,ronde,rond,10,F,P,ronde,-10.242216,rond,-8.733115,0
4581,S_NOUN_7_ADJ_b,F,S,la robe avec les jupes que j' aime beaucoup n' est pas froide <eos>,12,froide,froid,10,F,P,froide,-10.879655,froid,-12.239132,1
4582,S_NOUN_7_ADJ_b,F,S,la robe avec les jupes que j' aime beaucoup n' est pas chaude <eos>,12,chaude,chaud,10,F,P,chaude,-11.216271,chaud,-12.2347,1
4583,S_NOUN_7_ADJ_b,F,S,la robe avec les jupes que j' aime beaucoup n' est pas importante <eos>,12,importante,important,10,F,P,importante,-8.406494,important,-11.195263,1
4584,S_NOUN_7_ADJ_b,F,S,la robe avec les jupes que j' aime beaucoup n' est pas courte <eos>,12,courte,court,10,F,P,courte,-8.93062,court,-10.914098,1
4585,S_NOUN_7_ADJ_b,F,S,la robe avec les jupes que j' aime beaucoup n' est pas dure <eos>,12,dure,dur,10,F,P,dure,-9.313155,dur,-11.350221,1
4586,S_NOUN_7_ADJ_b,F,S,la robe avec les jupes que j' aime beaucoup n' est pas claire <eos>,12,claire,clair,10,F,P,claire,-3.9017234,clair,-5.577356,1
4587,S_NOUN_7_ADJ_b,F,S,la robe avec les jupes que j' aime beaucoup n' est pas intéressante <eos>,12,intéressante,intéressant,10,F,P,intéressante,-9.748692,intéressant,-11.175559,1
4588,S_NOUN_7_ADJ_b,F,S,la robe avec les jupes que j' aime beaucoup n' est pas brillante <eos>,12,brillante,brillant,10,F,P,brillante,-7.4487658,brillant,-9.289169,1
4589,S_NOUN_7_ADJ_b,F,S,la robe avec les jupes que j' aime beaucoup n' est pas compliquée <eos>,12,compliquée,compliqué,10,F,P,compliquée,-10.670597,compliqué,-12.032309,1
4590,S_NOUN_7_ADJ_b,F,S,la robe avec les colles que j' aime beaucoup n' est pas verte <eos>,12,verte,vert,10,F,P,verte,-8.39712,vert,-9.586895,1
4591,S_NOUN_7_ADJ_b,F,S,la robe avec les colles que j' aime beaucoup n' est pas bleue <eos>,12,bleue,bleu,10,F,P,bleue,-8.905844,bleu,-8.666978,0
4592,S_NOUN_7_ADJ_b,F,S,la robe avec les colles que j' aime beaucoup n' est pas noire <eos>,12,noire,noir,10,F,P,noire,-7.8485126,noir,-7.914875,1
4593,S_NOUN_7_ADJ_b,F,S,la robe avec les colles que j' aime beaucoup n' est pas délicate <eos>,12,délicate,délicat,10,F,P,délicate,-10.636298,délicat,-11.8541565,1
4594,S_NOUN_7_ADJ_b,F,S,la robe avec les colles que j' aime beaucoup n' est pas pointue <eos>,12,pointue,pointu,10,F,P,pointue,-12.147362,pointu,-13.884481,1
4595,S_NOUN_7_ADJ_b,F,S,la robe avec les colles que j' aime beaucoup n' est pas ronde <eos>,12,ronde,rond,10,F,P,ronde,-10.6433325,rond,-9.955915,0
4596,S_NOUN_7_ADJ_b,F,S,la robe avec les colles que j' aime beaucoup n' est pas froide <eos>,12,froide,froid,10,F,P,froide,-10.313866,froid,-12.765681,1
4597,S_NOUN_7_ADJ_b,F,S,la robe avec les colles que j' aime beaucoup n' est pas chaude <eos>,12,chaude,chaud,10,F,P,chaude,-10.327538,chaud,-12.419815,1
4598,S_NOUN_7_ADJ_b,F,S,la robe avec les colles que j' aime beaucoup n' est pas importante <eos>,12,importante,important,10,F,P,importante,-7.955469,important,-10.947531,1
4599,S_NOUN_7_ADJ_b,F,S,la robe avec les colles que j' aime beaucoup n' est pas courte <eos>,12,courte,court,10,F,P,courte,-9.807256,court,-12.290564,1
4600,S_NOUN_7_ADJ_b,F,S,la robe avec les colles que j' aime beaucoup n' est pas dure <eos>,12,dure,dur,10,F,P,dure,-9.919054,dur,-11.966544,1
4601,S_NOUN_7_ADJ_b,F,S,la robe avec les colles que j' aime beaucoup n' est pas claire <eos>,12,claire,clair,10,F,P,claire,-4.256547,clair,-6.547928,1
4602,S_NOUN_7_ADJ_b,F,S,la robe avec les colles que j' aime beaucoup n' est pas intéressante <eos>,12,intéressante,intéressant,10,F,P,intéressante,-9.183689,intéressant,-11.093585,1
4603,S_NOUN_7_ADJ_b,F,S,la robe avec les colles que j' aime beaucoup n' est pas brillante <eos>,12,brillante,brillant,10,F,P,brillante,-7.8774157,brillant,-10.468241,1
4604,S_NOUN_7_ADJ_b,F,S,la robe avec les colles que j' aime beaucoup n' est pas compliquée <eos>,12,compliquée,compliqué,10,F,P,compliquée,-10.739128,compliqué,-12.18648,1
4605,S_NOUN_7_ADJ_b,F,S,la robe avec les lampes que j' aime beaucoup n' est pas verte <eos>,12,verte,vert,10,F,P,verte,-8.079853,vert,-9.400435,1
4606,S_NOUN_7_ADJ_b,F,S,la robe avec les lampes que j' aime beaucoup n' est pas bleue <eos>,12,bleue,bleu,10,F,P,bleue,-8.486113,bleu,-8.250929,0
4607,S_NOUN_7_ADJ_b,F,S,la robe avec les lampes que j' aime beaucoup n' est pas noire <eos>,12,noire,noir,10,F,P,noire,-7.9946356,noir,-7.718481,0
4608,S_NOUN_7_ADJ_b,F,S,la robe avec les lampes que j' aime beaucoup n' est pas délicate <eos>,12,délicate,délicat,10,F,P,délicate,-11.495422,délicat,-12.14331,1
4609,S_NOUN_7_ADJ_b,F,S,la robe avec les lampes que j' aime beaucoup n' est pas pointue <eos>,12,pointue,pointu,10,F,P,pointue,-12.845133,pointu,-13.320121,1
4610,S_NOUN_7_ADJ_b,F,S,la robe avec les lampes que j' aime beaucoup n' est pas ronde <eos>,12,ronde,rond,10,F,P,ronde,-10.527558,rond,-9.219271,0
4611,S_NOUN_7_ADJ_b,F,S,la robe avec les lampes que j' aime beaucoup n' est pas froide <eos>,12,froide,froid,10,F,P,froide,-9.298414,froid,-12.0067625,1
4612,S_NOUN_7_ADJ_b,F,S,la robe avec les lampes que j' aime beaucoup n' est pas chaude <eos>,12,chaude,chaud,10,F,P,chaude,-9.302569,chaud,-11.828028,1
4613,S_NOUN_7_ADJ_b,F,S,la robe avec les lampes que j' aime beaucoup n' est pas importante <eos>,12,importante,important,10,F,P,importante,-8.045371,important,-10.668756,1
4614,S_NOUN_7_ADJ_b,F,S,la robe avec les lampes que j' aime beaucoup n' est pas courte <eos>,12,courte,court,10,F,P,courte,-10.21005,court,-12.566453,1
4615,S_NOUN_7_ADJ_b,F,S,la robe avec les lampes que j' aime beaucoup n' est pas dure <eos>,12,dure,dur,10,F,P,dure,-10.365771,dur,-11.927934,1
4616,S_NOUN_7_ADJ_b,F,S,la robe avec les lampes que j' aime beaucoup n' est pas claire <eos>,12,claire,clair,10,F,P,claire,-4.855066,clair,-6.2446685,1
4617,S_NOUN_7_ADJ_b,F,S,la robe avec les lampes que j' aime beaucoup n' est pas intéressante <eos>,12,intéressante,intéressant,10,F,P,intéressante,-9.182497,intéressant,-10.800749,1
4618,S_NOUN_7_ADJ_b,F,S,la robe avec les lampes que j' aime beaucoup n' est pas brillante <eos>,12,brillante,brillant,10,F,P,brillante,-7.9586983,brillant,-10.509928,1
4619,S_NOUN_7_ADJ_b,F,S,la robe avec les lampes que j' aime beaucoup n' est pas compliquée <eos>,12,compliquée,compliqué,10,F,P,compliquée,-11.487857,compliqué,-12.238489,1
4620,S_NOUN_7_ADJ_b,F,S,la robe avec les bouteilles que j' aime beaucoup n' est pas verte <eos>,12,verte,vert,10,F,P,verte,-8.436526,vert,-9.262928,1
4621,S_NOUN_7_ADJ_b,F,S,la robe avec les bouteilles que j' aime beaucoup n' est pas bleue <eos>,12,bleue,bleu,10,F,P,bleue,-8.242462,bleu,-8.570129,1
4622,S_NOUN_7_ADJ_b,F,S,la robe avec les bouteilles que j' aime beaucoup n' est pas noire <eos>,12,noire,noir,10,F,P,noire,-8.090524,noir,-7.7696323,0
4623,S_NOUN_7_ADJ_b,F,S,la robe avec les bouteilles que j' aime beaucoup n' est pas délicate <eos>,12,délicate,délicat,10,F,P,délicate,-11.370786,délicat,-12.209382,1
4624,S_NOUN_7_ADJ_b,F,S,la robe avec les bouteilles que j' aime beaucoup n' est pas pointue <eos>,12,pointue,pointu,10,F,P,pointue,-13.0180435,pointu,-13.997446,1
4625,S_NOUN_7_ADJ_b,F,S,la robe avec les bouteilles que j' aime beaucoup n' est pas ronde <eos>,12,ronde,rond,10,F,P,ronde,-10.546652,rond,-9.454769,0
4626,S_NOUN_7_ADJ_b,F,S,la robe avec les bouteilles que j' aime beaucoup n' est pas froide <eos>,12,froide,froid,10,F,P,froide,-9.691696,froid,-11.903671,1
4627,S_NOUN_7_ADJ_b,F,S,la robe avec les bouteilles que j' aime beaucoup n' est pas chaude <eos>,12,chaude,chaud,10,F,P,chaude,-9.886186,chaud,-11.838949,1
4628,S_NOUN_7_ADJ_b,F,S,la robe avec les bouteilles que j' aime beaucoup n' est pas importante <eos>,12,importante,important,10,F,P,importante,-8.195838,important,-10.634979,1
4629,S_NOUN_7_ADJ_b,F,S,la robe avec les bouteilles que j' aime beaucoup n' est pas courte <eos>,12,courte,court,10,F,P,courte,-9.973608,court,-11.811797,1
4630,S_NOUN_7_ADJ_b,F,S,la robe avec les bouteilles que j' aime beaucoup n' est pas dure <eos>,12,dure,dur,10,F,P,dure,-9.656901,dur,-11.375201,1
4631,S_NOUN_7_ADJ_b,F,S,la robe avec les bouteilles que j' aime beaucoup n' est pas claire <eos>,12,claire,clair,10,F,P,claire,-4.631625,clair,-6.3522787,1
4632,S_NOUN_7_ADJ_b,F,S,la robe avec les bouteilles que j' aime beaucoup n' est pas intéressante <eos>,12,intéressante,intéressant,10,F,P,intéressante,-8.543444,intéressant,-10.727072,1
4633,S_NOUN_7_ADJ_b,F,S,la robe avec les bouteilles que j' aime beaucoup n' est pas brillante <eos>,12,brillante,brillant,10,F,P,brillante,-8.30926,brillant,-10.799924,1
4634,S_NOUN_7_ADJ_b,F,S,la robe avec les bouteilles que j' aime beaucoup n' est pas compliquée <eos>,12,compliquée,compliqué,10,F,P,compliquée,-10.999218,compliqué,-11.984388,1
4635,S_NOUN_7_ADJ_b,F,S,la robe avec les boissons que j' aime beaucoup n' est pas verte <eos>,12,verte,vert,10,F,P,verte,-8.532826,vert,-9.535435,1
4636,S_NOUN_7_ADJ_b,F,S,la robe avec les boissons que j' aime beaucoup n' est pas bleue <eos>,12,bleue,bleu,10,F,P,bleue,-8.870367,bleu,-8.890679,1
4637,S_NOUN_7_ADJ_b,F,S,la robe avec les boissons que j' aime beaucoup n' est pas noire <eos>,12,noire,noir,10,F,P,noire,-8.072817,noir,-8.033512,0
4638,S_NOUN_7_ADJ_b,F,S,la robe avec les boissons que j' aime beaucoup n' est pas délicate <eos>,12,délicate,délicat,10,F,P,délicate,-11.2109165,délicat,-11.892676,1
4639,S_NOUN_7_ADJ_b,F,S,la robe avec les boissons que j' aime beaucoup n' est pas pointue <eos>,12,pointue,pointu,10,F,P,pointue,-13.125839,pointu,-14.169582,1
4640,S_NOUN_7_ADJ_b,F,S,la robe avec les boissons que j' aime beaucoup n' est pas ronde <eos>,12,ronde,rond,10,F,P,ronde,-9.993925,rond,-9.75219,0
4641,S_NOUN_7_ADJ_b,F,S,la robe avec les boissons que j' aime beaucoup n' est pas froide <eos>,12,froide,froid,10,F,P,froide,-9.452118,froid,-12.115888,1
4642,S_NOUN_7_ADJ_b,F,S,la robe avec les boissons que j' aime beaucoup n' est pas chaude <eos>,12,chaude,chaud,10,F,P,chaude,-9.648454,chaud,-11.937566,1
4643,S_NOUN_7_ADJ_b,F,S,la robe avec les boissons que j' aime beaucoup n' est pas importante <eos>,12,importante,important,10,F,P,importante,-7.9703617,important,-10.835827,1
4644,S_NOUN_7_ADJ_b,F,S,la robe avec les boissons que j' aime beaucoup n' est pas courte <eos>,12,courte,court,10,F,P,courte,-9.82782,court,-12.396234,1
4645,S_NOUN_7_ADJ_b,F,S,la robe avec les boissons que j' aime beaucoup n' est pas dure <eos>,12,dure,dur,10,F,P,dure,-10.1072035,dur,-11.86989,1
4646,S_NOUN_7_ADJ_b,F,S,la robe avec les boissons que j' aime beaucoup n' est pas claire <eos>,12,claire,clair,10,F,P,claire,-4.5758667,clair,-6.386362,1
4647,S_NOUN_7_ADJ_b,F,S,la robe avec les boissons que j' aime beaucoup n' est pas intéressante <eos>,12,intéressante,intéressant,10,F,P,intéressante,-9.190531,intéressant,-11.189952,1
4648,S_NOUN_7_ADJ_b,F,S,la robe avec les boissons que j' aime beaucoup n' est pas brillante <eos>,12,brillante,brillant,10,F,P,brillante,-8.444816,brillant,-11.136357,1
4649,S_NOUN_7_ADJ_b,F,S,la robe avec les boissons que j' aime beaucoup n' est pas compliquée <eos>,12,compliquée,compliqué,10,F,P,compliquée,-11.275058,compliqué,-12.267866,1
4650,S_NOUN_7_ADJ_b,F,S,la robe avec les pommes que j' aime beaucoup n' est pas verte <eos>,12,verte,vert,10,F,P,verte,-7.6447067,vert,-8.856307,1
4651,S_NOUN_7_ADJ_b,F,S,la robe avec les pommes que j' aime beaucoup n' est pas bleue <eos>,12,bleue,bleu,10,F,P,bleue,-8.108934,bleu,-8.192835,1
4652,S_NOUN_7_ADJ_b,F,S,la robe avec les pommes que j' aime beaucoup n' est pas noire <eos>,12,noire,noir,10,F,P,noire,-7.6807795,noir,-7.7285967,1
4653,S_NOUN_7_ADJ_b,F,S,la robe avec les pommes que j' aime beaucoup n' est pas délicate <eos>,12,délicate,délicat,10,F,P,délicate,-10.622721,délicat,-11.906268,1
4654,S_NOUN_7_ADJ_b,F,S,la robe avec les pommes que j' aime beaucoup n' est pas pointue <eos>,12,pointue,pointu,10,F,P,pointue,-11.763275,pointu,-13.498438,1
4655,S_NOUN_7_ADJ_b,F,S,la robe avec les pommes que j' aime beaucoup n' est pas ronde <eos>,12,ronde,rond,10,F,P,ronde,-9.697109,rond,-9.283424,0
4656,S_NOUN_7_ADJ_b,F,S,la robe avec les pommes que j' aime beaucoup n' est pas froide <eos>,12,froide,froid,10,F,P,froide,-9.697441,froid,-12.746643,1
4657,S_NOUN_7_ADJ_b,F,S,la robe avec les pommes que j' aime beaucoup n' est pas chaude <eos>,12,chaude,chaud,10,F,P,chaude,-10.075241,chaud,-12.427479,1
4658,S_NOUN_7_ADJ_b,F,S,la robe avec les pommes que j' aime beaucoup n' est pas importante <eos>,12,importante,important,10,F,P,importante,-7.9914207,important,-11.307467,1
4659,S_NOUN_7_ADJ_b,F,S,la robe avec les pommes que j' aime beaucoup n' est pas courte <eos>,12,courte,court,10,F,P,courte,-9.350108,court,-11.963647,1
4660,S_NOUN_7_ADJ_b,F,S,la robe avec les pommes que j' aime beaucoup n' est pas dure <eos>,12,dure,dur,10,F,P,dure,-9.748307,dur,-11.546138,1
4661,S_NOUN_7_ADJ_b,F,S,la robe avec les pommes que j' aime beaucoup n' est pas claire <eos>,12,claire,clair,10,F,P,claire,-4.2523785,clair,-6.2620535,1
4662,S_NOUN_7_ADJ_b,F,S,la robe avec les pommes que j' aime beaucoup n' est pas intéressante <eos>,12,intéressante,intéressant,10,F,P,intéressante,-9.033977,intéressant,-11.232672,1
4663,S_NOUN_7_ADJ_b,F,S,la robe avec les pommes que j' aime beaucoup n' est pas brillante <eos>,12,brillante,brillant,10,F,P,brillante,-7.979534,brillant,-11.000395,1
4664,S_NOUN_7_ADJ_b,F,S,la robe avec les pommes que j' aime beaucoup n' est pas compliquée <eos>,12,compliquée,compliqué,10,F,P,compliquée,-10.734245,compliqué,-11.912664,1
4665,S_NOUN_7_ADJ_b,F,S,la robe avec les tasses que j' aime beaucoup n' est pas verte <eos>,12,verte,vert,10,F,P,verte,-8.625279,vert,-9.469445,1
4666,S_NOUN_7_ADJ_b,F,S,la robe avec les tasses que j' aime beaucoup n' est pas bleue <eos>,12,bleue,bleu,10,F,P,bleue,-8.905685,bleu,-8.988456,1
4667,S_NOUN_7_ADJ_b,F,S,la robe avec les tasses que j' aime beaucoup n' est pas noire <eos>,12,noire,noir,10,F,P,noire,-8.535469,noir,-8.493126,0
4668,S_NOUN_7_ADJ_b,F,S,la robe avec les tasses que j' aime beaucoup n' est pas délicate <eos>,12,délicate,délicat,10,F,P,délicate,-10.808703,délicat,-11.52034,1
4669,S_NOUN_7_ADJ_b,F,S,la robe avec les tasses que j' aime beaucoup n' est pas pointue <eos>,12,pointue,pointu,10,F,P,pointue,-11.542455,pointu,-13.270831,1
4670,S_NOUN_7_ADJ_b,F,S,la robe avec les tasses que j' aime beaucoup n' est pas ronde <eos>,12,ronde,rond,10,F,P,ronde,-9.686768,rond,-9.312932,0
4671,S_NOUN_7_ADJ_b,F,S,la robe avec les tasses que j' aime beaucoup n' est pas froide <eos>,12,froide,froid,10,F,P,froide,-9.968467,froid,-12.310849,1
4672,S_NOUN_7_ADJ_b,F,S,la robe avec les tasses que j' aime beaucoup n' est pas chaude <eos>,12,chaude,chaud,10,F,P,chaude,-9.6469345,chaud,-11.962893,1
4673,S_NOUN_7_ADJ_b,F,S,la robe avec les tasses que j' aime beaucoup n' est pas importante <eos>,12,importante,important,10,F,P,importante,-8.012497,important,-10.954031,1
4674,S_NOUN_7_ADJ_b,F,S,la robe avec les tasses que j' aime beaucoup n' est pas courte <eos>,12,courte,court,10,F,P,courte,-9.642567,court,-12.035029,1
4675,S_NOUN_7_ADJ_b,F,S,la robe avec les tasses que j' aime beaucoup n' est pas dure <eos>,12,dure,dur,10,F,P,dure,-9.947154,dur,-11.598409,1
4676,S_NOUN_7_ADJ_b,F,S,la robe avec les tasses que j' aime beaucoup n' est pas claire <eos>,12,claire,clair,10,F,P,claire,-4.931183,clair,-6.593851,1
4677,S_NOUN_7_ADJ_b,F,S,la robe avec les tasses que j' aime beaucoup n' est pas intéressante <eos>,12,intéressante,intéressant,10,F,P,intéressante,-8.581026,intéressant,-10.794508,1
4678,S_NOUN_7_ADJ_b,F,S,la robe avec les tasses que j' aime beaucoup n' est pas brillante <eos>,12,brillante,brillant,10,F,P,brillante,-7.767502,brillant,-10.125011,1
4679,S_NOUN_7_ADJ_b,F,S,la robe avec les tasses que j' aime beaucoup n' est pas compliquée <eos>,12,compliquée,compliqué,10,F,P,compliquée,-10.712752,compliqué,-11.778838,1
4680,S_NOUN_7_ADJ_b,F,S,la robe avec les bougies que j' aime beaucoup n' est pas verte <eos>,12,verte,vert,10,F,P,verte,-7.9952855,vert,-8.928789,1
4681,S_NOUN_7_ADJ_b,F,S,la robe avec les bougies que j' aime beaucoup n' est pas bleue <eos>,12,bleue,bleu,10,F,P,bleue,-8.423256,bleu,-8.051399,0
4682,S_NOUN_7_ADJ_b,F,S,la robe avec les bougies que j' aime beaucoup n' est pas noire <eos>,12,noire,noir,10,F,P,noire,-7.7612677,noir,-7.7360935,0
4683,S_NOUN_7_ADJ_b,F,S,la robe avec les bougies que j' aime beaucoup n' est pas délicate <eos>,12,délicate,délicat,10,F,P,délicate,-11.191912,délicat,-12.026621,1
4684,S_NOUN_7_ADJ_b,F,S,la robe avec les bougies que j' aime beaucoup n' est pas pointue <eos>,12,pointue,pointu,10,F,P,pointue,-12.040437,pointu,-13.500004,1
4685,S_NOUN_7_ADJ_b,F,S,la robe avec les bougies que j' aime beaucoup n' est pas ronde <eos>,12,ronde,rond,10,F,P,ronde,-9.961793,rond,-9.055253,0
4686,S_NOUN_7_ADJ_b,F,S,la robe avec les bougies que j' aime beaucoup n' est pas froide <eos>,12,froide,froid,10,F,P,froide,-10.26495,froid,-12.82855,1
4687,S_NOUN_7_ADJ_b,F,S,la robe avec les bougies que j' aime beaucoup n' est pas chaude <eos>,12,chaude,chaud,10,F,P,chaude,-10.26269,chaud,-12.546634,1
4688,S_NOUN_7_ADJ_b,F,S,la robe avec les bougies que j' aime beaucoup n' est pas importante <eos>,12,importante,important,10,F,P,importante,-8.30268,important,-11.149456,1
4689,S_NOUN_7_ADJ_b,F,S,la robe avec les bougies que j' aime beaucoup n' est pas courte <eos>,12,courte,court,10,F,P,courte,-9.557723,court,-12.122533,1
4690,S_NOUN_7_ADJ_b,F,S,la robe avec les bougies que j' aime beaucoup n' est pas dure <eos>,12,dure,dur,10,F,P,dure,-10.076506,dur,-11.552501,1
4691,S_NOUN_7_ADJ_b,F,S,la robe avec les bougies que j' aime beaucoup n' est pas claire <eos>,12,claire,clair,10,F,P,claire,-4.6611896,clair,-6.148772,1
4692,S_NOUN_7_ADJ_b,F,S,la robe avec les bougies que j' aime beaucoup n' est pas intéressante <eos>,12,intéressante,intéressant,10,F,P,intéressante,-9.688301,intéressant,-11.331053,1
4693,S_NOUN_7_ADJ_b,F,S,la robe avec les bougies que j' aime beaucoup n' est pas brillante <eos>,12,brillante,brillant,10,F,P,brillante,-8.136805,brillant,-10.804642,1
4694,S_NOUN_7_ADJ_b,F,S,la robe avec les bougies que j' aime beaucoup n' est pas compliquée <eos>,12,compliquée,compliqué,10,F,P,compliquée,-11.4533615,compliqué,-12.209822,1
4695,S_NOUN_7_ADJ_b,F,S,la robe avec les pochettes que j' aime beaucoup n' est pas verte <eos>,12,verte,vert,10,F,P,verte,-9.260443,vert,-9.836486,1
4696,S_NOUN_7_ADJ_b,F,S,la robe avec les pochettes que j' aime beaucoup n' est pas bleue <eos>,12,bleue,bleu,10,F,P,bleue,-8.544285,bleu,-9.056921,1
4697,S_NOUN_7_ADJ_b,F,S,la robe avec les pochettes que j' aime beaucoup n' est pas noire <eos>,12,noire,noir,10,F,P,noire,-8.225645,noir,-7.8316393,0
4698,S_NOUN_7_ADJ_b,F,S,la robe avec les pochettes que j' aime beaucoup n' est pas délicate <eos>,12,délicate,délicat,10,F,P,délicate,-12.097674,délicat,-13.264275,1
4699,S_NOUN_7_ADJ_b,F,S,la robe avec les pochettes que j' aime beaucoup n' est pas pointue <eos>,12,pointue,pointu,10,F,P,pointue,-12.679077,pointu,-13.543827,1
4700,S_NOUN_7_ADJ_b,F,S,la robe avec les pochettes que j' aime beaucoup n' est pas ronde <eos>,12,ronde,rond,10,F,P,ronde,-10.428448,rond,-9.348732,0
4701,S_NOUN_7_ADJ_b,F,S,la robe avec les pochettes que j' aime beaucoup n' est pas froide <eos>,12,froide,froid,10,F,P,froide,-11.367934,froid,-13.244818,1
4702,S_NOUN_7_ADJ_b,F,S,la robe avec les pochettes que j' aime beaucoup n' est pas chaude <eos>,12,chaude,chaud,10,F,P,chaude,-10.999266,chaud,-13.810152,1
4703,S_NOUN_7_ADJ_b,F,S,la robe avec les pochettes que j' aime beaucoup n' est pas importante <eos>,12,importante,important,10,F,P,importante,-7.8518867,important,-10.510939,1
4704,S_NOUN_7_ADJ_b,F,S,la robe avec les pochettes que j' aime beaucoup n' est pas courte <eos>,12,courte,court,10,F,P,courte,-9.195973,court,-11.415575,1
4705,S_NOUN_7_ADJ_b,F,S,la robe avec les pochettes que j' aime beaucoup n' est pas dure <eos>,12,dure,dur,10,F,P,dure,-9.233656,dur,-10.636532,1
4706,S_NOUN_7_ADJ_b,F,S,la robe avec les pochettes que j' aime beaucoup n' est pas claire <eos>,12,claire,clair,10,F,P,claire,-4.592634,clair,-6.127228,1
4707,S_NOUN_7_ADJ_b,F,S,la robe avec les pochettes que j' aime beaucoup n' est pas intéressante <eos>,12,intéressante,intéressant,10,F,P,intéressante,-8.449622,intéressant,-10.777978,1
4708,S_NOUN_7_ADJ_b,F,S,la robe avec les pochettes que j' aime beaucoup n' est pas brillante <eos>,12,brillante,brillant,10,F,P,brillante,-8.863513,brillant,-11.385586,1
4709,S_NOUN_7_ADJ_b,F,S,la robe avec les pochettes que j' aime beaucoup n' est pas compliquée <eos>,12,compliquée,compliqué,10,F,P,compliquée,-11.137832,compliqué,-12.106553,1
4710,S_NOUN_7_ADJ_b,F,S,la robe avec les bananes que j' aime beaucoup n' est pas verte <eos>,12,verte,vert,10,F,P,verte,-7.617166,vert,-8.808498,1
4711,S_NOUN_7_ADJ_b,F,S,la robe avec les bananes que j' aime beaucoup n' est pas bleue <eos>,12,bleue,bleu,10,F,P,bleue,-8.080674,bleu,-8.222555,1
4712,S_NOUN_7_ADJ_b,F,S,la robe avec les bananes que j' aime beaucoup n' est pas noire <eos>,12,noire,noir,10,F,P,noire,-7.462888,noir,-7.500531,1
4713,S_NOUN_7_ADJ_b,F,S,la robe avec les bananes que j' aime beaucoup n' est pas délicate <eos>,12,délicate,délicat,10,F,P,délicate,-10.901213,délicat,-12.121454,1
4714,S_NOUN_7_ADJ_b,F,S,la robe avec les bananes que j' aime beaucoup n' est pas pointue <eos>,12,pointue,pointu,10,F,P,pointue,-11.492335,pointu,-13.109458,1
4715,S_NOUN_7_ADJ_b,F,S,la robe avec les bananes que j' aime beaucoup n' est pas ronde <eos>,12,ronde,rond,10,F,P,ronde,-9.754703,rond,-9.294307,0
4716,S_NOUN_7_ADJ_b,F,S,la robe avec les bananes que j' aime beaucoup n' est pas froide <eos>,12,froide,froid,10,F,P,froide,-9.84402,froid,-13.125469,1
4717,S_NOUN_7_ADJ_b,F,S,la robe avec les bananes que j' aime beaucoup n' est pas chaude <eos>,12,chaude,chaud,10,F,P,chaude,-10.114439,chaud,-12.660211,1
4718,S_NOUN_7_ADJ_b,F,S,la robe avec les bananes que j' aime beaucoup n' est pas importante <eos>,12,importante,important,10,F,P,importante,-8.115204,important,-11.363104,1
4719,S_NOUN_7_ADJ_b,F,S,la robe avec les bananes que j' aime beaucoup n' est pas courte <eos>,12,courte,court,10,F,P,courte,-9.19766,court,-12.022398,1
4720,S_NOUN_7_ADJ_b,F,S,la robe avec les bananes que j' aime beaucoup n' est pas dure <eos>,12,dure,dur,10,F,P,dure,-9.337825,dur,-11.01581,1
4721,S_NOUN_7_ADJ_b,F,S,la robe avec les bananes que j' aime beaucoup n' est pas claire <eos>,12,claire,clair,10,F,P,claire,-4.386434,clair,-6.035007,1
4722,S_NOUN_7_ADJ_b,F,S,la robe avec les bananes que j' aime beaucoup n' est pas intéressante <eos>,12,intéressante,intéressant,10,F,P,intéressante,-8.847949,intéressant,-11.324644,1
4723,S_NOUN_7_ADJ_b,F,S,la robe avec les bananes que j' aime beaucoup n' est pas brillante <eos>,12,brillante,brillant,10,F,P,brillante,-7.923623,brillant,-10.499642,1
4724,S_NOUN_7_ADJ_b,F,S,la robe avec les bananes que j' aime beaucoup n' est pas compliquée <eos>,12,compliquée,compliqué,10,F,P,compliquée,-10.7035055,compliqué,-11.815523,1
4725,S_NOUN_7_ADJ_b,F,S,la robe avec les robes que j' aime beaucoup n' est pas verte <eos>,12,verte,vert,10,F,P,verte,-7.865713,vert,-8.8083935,1
4726,S_NOUN_7_ADJ_b,F,S,la robe avec les robes que j' aime beaucoup n' est pas bleue <eos>,12,bleue,bleu,10,F,P,bleue,-8.162577,bleu,-8.017731,0
4727,S_NOUN_7_ADJ_b,F,S,la robe avec les robes que j' aime beaucoup n' est pas noire <eos>,12,noire,noir,10,F,P,noire,-7.439948,noir,-7.332507,0
4728,S_NOUN_7_ADJ_b,F,S,la robe avec les robes que j' aime beaucoup n' est pas délicate <eos>,12,délicate,délicat,10,F,P,délicate,-11.055782,délicat,-11.637076,1
4729,S_NOUN_7_ADJ_b,F,S,la robe avec les robes que j' aime beaucoup n' est pas pointue <eos>,12,pointue,pointu,10,F,P,pointue,-11.951928,pointu,-12.788274,1
4730,S_NOUN_7_ADJ_b,F,S,la robe avec les robes que j' aime beaucoup n' est pas ronde <eos>,12,ronde,rond,10,F,P,ronde,-10.080376,rond,-9.439369,0
4731,S_NOUN_7_ADJ_b,F,S,la robe avec les robes que j' aime beaucoup n' est pas froide <eos>,12,froide,froid,10,F,P,froide,-10.928881,froid,-12.942982,1
4732,S_NOUN_7_ADJ_b,F,S,la robe avec les robes que j' aime beaucoup n' est pas chaude <eos>,12,chaude,chaud,10,F,P,chaude,-11.25226,chaud,-12.865063,1
4733,S_NOUN_7_ADJ_b,F,S,la robe avec les robes que j' aime beaucoup n' est pas importante <eos>,12,importante,important,10,F,P,importante,-8.422513,important,-11.062905,1
4734,S_NOUN_7_ADJ_b,F,S,la robe avec les robes que j' aime beaucoup n' est pas courte <eos>,12,courte,court,10,F,P,courte,-9.471584,court,-11.678859,1
4735,S_NOUN_7_ADJ_b,F,S,la robe avec les robes que j' aime beaucoup n' est pas dure <eos>,12,dure,dur,10,F,P,dure,-10.088383,dur,-11.783602,1
4736,S_NOUN_7_ADJ_b,F,S,la robe avec les robes que j' aime beaucoup n' est pas claire <eos>,12,claire,clair,10,F,P,claire,-3.9795392,clair,-5.6856318,1
4737,S_NOUN_7_ADJ_b,F,S,la robe avec les robes que j' aime beaucoup n' est pas intéressante <eos>,12,intéressante,intéressant,10,F,P,intéressante,-9.904078,intéressant,-11.3132715,1
4738,S_NOUN_7_ADJ_b,F,S,la robe avec les robes que j' aime beaucoup n' est pas brillante <eos>,12,brillante,brillant,10,F,P,brillante,-8.336166,brillant,-10.15816,1
4739,S_NOUN_7_ADJ_b,F,S,la robe avec les robes que j' aime beaucoup n' est pas compliquée <eos>,12,compliquée,compliqué,10,F,P,compliquée,-11.016014,compliqué,-12.047827,1
4740,S_NOUN_7_ADJ_b,F,S,la robe avec les valises que j' aime beaucoup n' est pas verte <eos>,12,verte,vert,10,F,P,verte,-8.412552,vert,-9.390186,1
4741,S_NOUN_7_ADJ_b,F,S,la robe avec les valises que j' aime beaucoup n' est pas bleue <eos>,12,bleue,bleu,10,F,P,bleue,-8.017083,bleu,-8.397668,1
4742,S_NOUN_7_ADJ_b,F,S,la robe avec les valises que j' aime beaucoup n' est pas noire <eos>,12,noire,noir,10,F,P,noire,-8.023747,noir,-7.782565,0
4743,S_NOUN_7_ADJ_b,F,S,la robe avec les valises que j' aime beaucoup n' est pas délicate <eos>,12,délicate,délicat,10,F,P,délicate,-11.080341,délicat,-12.679248,1
4744,S_NOUN_7_ADJ_b,F,S,la robe avec les valises que j' aime beaucoup n' est pas pointue <eos>,12,pointue,pointu,10,F,P,pointue,-11.879658,pointu,-13.672042,1
4745,S_NOUN_7_ADJ_b,F,S,la robe avec les valises que j' aime beaucoup n' est pas ronde <eos>,12,ronde,rond,10,F,P,ronde,-10.089753,rond,-9.199271,0
4746,S_NOUN_7_ADJ_b,F,S,la robe avec les valises que j' aime beaucoup n' est pas froide <eos>,12,froide,froid,10,F,P,froide,-10.562477,froid,-12.76577,1
4747,S_NOUN_7_ADJ_b,F,S,la robe avec les valises que j' aime beaucoup n' est pas chaude <eos>,12,chaude,chaud,10,F,P,chaude,-10.517495,chaud,-12.5496435,1
4748,S_NOUN_7_ADJ_b,F,S,la robe avec les valises que j' aime beaucoup n' est pas importante <eos>,12,importante,important,10,F,P,importante,-7.8747983,important,-11.014507,1
4749,S_NOUN_7_ADJ_b,F,S,la robe avec les valises que j' aime beaucoup n' est pas courte <eos>,12,courte,court,10,F,P,courte,-9.703779,court,-12.273275,1
4750,S_NOUN_7_ADJ_b,F,S,la robe avec les valises que j' aime beaucoup n' est pas dure <eos>,12,dure,dur,10,F,P,dure,-9.6698885,dur,-11.67178,1
4751,S_NOUN_7_ADJ_b,F,S,la robe avec les valises que j' aime beaucoup n' est pas claire <eos>,12,claire,clair,10,F,P,claire,-4.6220894,clair,-6.2616997,1
4752,S_NOUN_7_ADJ_b,F,S,la robe avec les valises que j' aime beaucoup n' est pas intéressante <eos>,12,intéressante,intéressant,10,F,P,intéressante,-8.762028,intéressant,-11.261041,1
4753,S_NOUN_7_ADJ_b,F,S,la robe avec les valises que j' aime beaucoup n' est pas brillante <eos>,12,brillante,brillant,10,F,P,brillante,-7.921356,brillant,-10.501997,1
4754,S_NOUN_7_ADJ_b,F,S,la robe avec les valises que j' aime beaucoup n' est pas compliquée <eos>,12,compliquée,compliqué,10,F,P,compliquée,-10.4353485,compliqué,-12.156803,1
4755,S_NOUN_7_ADJ_b,F,S,la robe avec les pendules que j' aime beaucoup n' est pas verte <eos>,12,verte,vert,10,F,P,verte,-9.137854,vert,-10.1791315,1
4756,S_NOUN_7_ADJ_b,F,S,la robe avec les pendules que j' aime beaucoup n' est pas bleue <eos>,12,bleue,bleu,10,F,P,bleue,-9.120561,bleu,-9.048465,0
4757,S_NOUN_7_ADJ_b,F,S,la robe avec les pendules que j' aime beaucoup n' est pas noire <eos>,12,noire,noir,10,F,P,noire,-8.206929,noir,-7.992511,0
4758,S_NOUN_7_ADJ_b,F,S,la robe avec les pendules que j' aime beaucoup n' est pas délicate <eos>,12,délicate,délicat,10,F,P,délicate,-11.306743,délicat,-11.930759,1
4759,S_NOUN_7_ADJ_b,F,S,la robe avec les pendules que j' aime beaucoup n' est pas pointue <eos>,12,pointue,pointu,10,F,P,pointue,-13.109555,pointu,-13.67744,1
4760,S_NOUN_7_ADJ_b,F,S,la robe avec les pendules que j' aime beaucoup n' est pas ronde <eos>,12,ronde,rond,10,F,P,ronde,-10.826504,rond,-9.516514,0
4761,S_NOUN_7_ADJ_b,F,S,la robe avec les pendules que j' aime beaucoup n' est pas froide <eos>,12,froide,froid,10,F,P,froide,-9.7780695,froid,-12.256494,1
4762,S_NOUN_7_ADJ_b,F,S,la robe avec les pendules que j' aime beaucoup n' est pas chaude <eos>,12,chaude,chaud,10,F,P,chaude,-9.55205,chaud,-12.036732,1
4763,S_NOUN_7_ADJ_b,F,S,la robe avec les pendules que j' aime beaucoup n' est pas importante <eos>,12,importante,important,10,F,P,importante,-7.8166704,important,-10.370939,1
4764,S_NOUN_7_ADJ_b,F,S,la robe avec les pendules que j' aime beaucoup n' est pas courte <eos>,12,courte,court,10,F,P,courte,-10.083101,court,-12.2354355,1
4765,S_NOUN_7_ADJ_b,F,S,la robe avec les pendules que j' aime beaucoup n' est pas dure <eos>,12,dure,dur,10,F,P,dure,-10.199836,dur,-11.860851,1
4766,S_NOUN_7_ADJ_b,F,S,la robe avec les pendules que j' aime beaucoup n' est pas claire <eos>,12,claire,clair,10,F,P,claire,-5.0943127,clair,-6.806775,1
4767,S_NOUN_7_ADJ_b,F,S,la robe avec les pendules que j' aime beaucoup n' est pas intéressante <eos>,12,intéressante,intéressant,10,F,P,intéressante,-9.048502,intéressant,-10.658092,1
4768,S_NOUN_7_ADJ_b,F,S,la robe avec les pendules que j' aime beaucoup n' est pas brillante <eos>,12,brillante,brillant,10,F,P,brillante,-8.046049,brillant,-10.758823,1
4769,S_NOUN_7_ADJ_b,F,S,la robe avec les pendules que j' aime beaucoup n' est pas compliquée <eos>,12,compliquée,compliqué,10,F,P,compliquée,-11.241205,compliqué,-12.010061,1
4770,S_NOUN_7_ADJ_b,F,S,la robe avec les cloches que j' aime beaucoup n' est pas verte <eos>,12,verte,vert,10,F,P,verte,-8.618853,vert,-9.546356,1
4771,S_NOUN_7_ADJ_b,F,S,la robe avec les cloches que j' aime beaucoup n' est pas bleue <eos>,12,bleue,bleu,10,F,P,bleue,-8.919951,bleu,-8.747857,0
4772,S_NOUN_7_ADJ_b,F,S,la robe avec les cloches que j' aime beaucoup n' est pas noire <eos>,12,noire,noir,10,F,P,noire,-8.155035,noir,-8.117614,0
4773,S_NOUN_7_ADJ_b,F,S,la robe avec les cloches que j' aime beaucoup n' est pas délicate <eos>,12,délicate,délicat,10,F,P,délicate,-11.519124,délicat,-12.120828,1
4774,S_NOUN_7_ADJ_b,F,S,la robe avec les cloches que j' aime beaucoup n' est pas pointue <eos>,12,pointue,pointu,10,F,P,pointue,-11.739985,pointu,-13.338328,1
4775,S_NOUN_7_ADJ_b,F,S,la robe avec les cloches que j' aime beaucoup n' est pas ronde <eos>,12,ronde,rond,10,F,P,ronde,-10.131011,rond,-9.26618,0
4776,S_NOUN_7_ADJ_b,F,S,la robe avec les cloches que j' aime beaucoup n' est pas froide <eos>,12,froide,froid,10,F,P,froide,-10.765566,froid,-13.076704,1
4777,S_NOUN_7_ADJ_b,F,S,la robe avec les cloches que j' aime beaucoup n' est pas chaude <eos>,12,chaude,chaud,10,F,P,chaude,-10.870554,chaud,-12.915714,1
4778,S_NOUN_7_ADJ_b,F,S,la robe avec les cloches que j' aime beaucoup n' est pas importante <eos>,12,importante,important,10,F,P,importante,-7.858528,important,-10.727724,1
4779,S_NOUN_7_ADJ_b,F,S,la robe avec les cloches que j' aime beaucoup n' est pas courte <eos>,12,courte,court,10,F,P,courte,-9.355332,court,-11.756954,1
4780,S_NOUN_7_ADJ_b,F,S,la robe avec les cloches que j' aime beaucoup n' est pas dure <eos>,12,dure,dur,10,F,P,dure,-10.420412,dur,-11.697518,1
4781,S_NOUN_7_ADJ_b,F,S,la robe avec les cloches que j' aime beaucoup n' est pas claire <eos>,12,claire,clair,10,F,P,claire,-5.136958,clair,-6.6207314,1
4782,S_NOUN_7_ADJ_b,F,S,la robe avec les cloches que j' aime beaucoup n' est pas intéressante <eos>,12,intéressante,intéressant,10,F,P,intéressante,-9.019762,intéressant,-10.73732,1
4783,S_NOUN_7_ADJ_b,F,S,la robe avec les cloches que j' aime beaucoup n' est pas brillante <eos>,12,brillante,brillant,10,F,P,brillante,-8.140807,brillant,-10.904302,1
4784,S_NOUN_7_ADJ_b,F,S,la robe avec les cloches que j' aime beaucoup n' est pas compliquée <eos>,12,compliquée,compliqué,10,F,P,compliquée,-11.28875,compliqué,-12.102322,1
4785,S_NOUN_7_ADJ_b,F,S,la robe avec les cerises que j' aime beaucoup n' est pas verte <eos>,12,verte,vert,10,F,P,verte,-7.966941,vert,-8.721705,1
4786,S_NOUN_7_ADJ_b,F,S,la robe avec les cerises que j' aime beaucoup n' est pas bleue <eos>,12,bleue,bleu,10,F,P,bleue,-8.391734,bleu,-7.9967403,0
4787,S_NOUN_7_ADJ_b,F,S,la robe avec les cerises que j' aime beaucoup n' est pas noire <eos>,12,noire,noir,10,F,P,noire,-7.891218,noir,-7.524559,0
4788,S_NOUN_7_ADJ_b,F,S,la robe avec les cerises que j' aime beaucoup n' est pas délicate <eos>,12,délicate,délicat,10,F,P,délicate,-11.142671,délicat,-11.642095,1
4789,S_NOUN_7_ADJ_b,F,S,la robe avec les cerises que j' aime beaucoup n' est pas pointue <eos>,12,pointue,pointu,10,F,P,pointue,-12.298452,pointu,-13.156584,1
4790,S_NOUN_7_ADJ_b,F,S,la robe avec les cerises que j' aime beaucoup n' est pas ronde <eos>,12,ronde,rond,10,F,P,ronde,-10.132023,rond,-8.9429035,0
4791,S_NOUN_7_ADJ_b,F,S,la robe avec les cerises que j' aime beaucoup n' est pas froide <eos>,12,froide,froid,10,F,P,froide,-10.098923,froid,-12.384766,1
4792,S_NOUN_7_ADJ_b,F,S,la robe avec les cerises que j' aime beaucoup n' est pas chaude <eos>,12,chaude,chaud,10,F,P,chaude,-10.506811,chaud,-12.197457,1
4793,S_NOUN_7_ADJ_b,F,S,la robe avec les cerises que j' aime beaucoup n' est pas importante <eos>,12,importante,important,10,F,P,importante,-8.432205,important,-11.02795,1
4794,S_NOUN_7_ADJ_b,F,S,la robe avec les cerises que j' aime beaucoup n' est pas courte <eos>,12,courte,court,10,F,P,courte,-9.789612,court,-11.953455,1
4795,S_NOUN_7_ADJ_b,F,S,la robe avec les cerises que j' aime beaucoup n' est pas dure <eos>,12,dure,dur,10,F,P,dure,-10.126559,dur,-11.552644,1
4796,S_NOUN_7_ADJ_b,F,S,la robe avec les cerises que j' aime beaucoup n' est pas claire <eos>,12,claire,clair,10,F,P,claire,-4.499474,clair,-5.952641,1
4797,S_NOUN_7_ADJ_b,F,S,la robe avec les cerises que j' aime beaucoup n' est pas intéressante <eos>,12,intéressante,intéressant,10,F,P,intéressante,-9.328875,intéressant,-10.882045,1
4798,S_NOUN_7_ADJ_b,F,S,la robe avec les cerises que j' aime beaucoup n' est pas brillante <eos>,12,brillante,brillant,10,F,P,brillante,-8.219686,brillant,-10.414421,1
4799,S_NOUN_7_ADJ_b,F,S,la robe avec les cerises que j' aime beaucoup n' est pas compliquée <eos>,12,compliquée,compliqué,10,F,P,compliquée,-11.247482,compliqué,-11.808178,1
4800,S_NOUN_7_ADJ_b,F,S,la valise avec les gemmes que j' aime beaucoup n' est pas verte <eos>,12,verte,vert,10,F,P,verte,-9.95553,vert,-10.608121,1
4801,S_NOUN_7_ADJ_b,F,S,la valise avec les gemmes que j' aime beaucoup n' est pas bleue <eos>,12,bleue,bleu,10,F,P,bleue,-8.5350895,bleu,-10.073259,1
4802,S_NOUN_7_ADJ_b,F,S,la valise avec les gemmes que j' aime beaucoup n' est pas noire <eos>,12,noire,noir,10,F,P,noire,-8.72497,noir,-8.3773155,0
4803,S_NOUN_7_ADJ_b,F,S,la valise avec les gemmes que j' aime beaucoup n' est pas délicate <eos>,12,délicate,délicat,10,F,P,délicate,-11.764015,délicat,-14.037914,1
4804,S_NOUN_7_ADJ_b,F,S,la valise avec les gemmes que j' aime beaucoup n' est pas pointue <eos>,12,pointue,pointu,10,F,P,pointue,-13.089822,pointu,-15.047255,1
4805,S_NOUN_7_ADJ_b,F,S,la valise avec les gemmes que j' aime beaucoup n' est pas ronde <eos>,12,ronde,rond,10,F,P,ronde,-9.793667,rond,-10.777754,1
4806,S_NOUN_7_ADJ_b,F,S,la valise avec les gemmes que j' aime beaucoup n' est pas froide <eos>,12,froide,froid,10,F,P,froide,-10.088566,froid,-13.448436,1
4807,S_NOUN_7_ADJ_b,F,S,la valise avec les gemmes que j' aime beaucoup n' est pas chaude <eos>,12,chaude,chaud,10,F,P,chaude,-8.804216,chaud,-12.8392725,1
4808,S_NOUN_7_ADJ_b,F,S,la valise avec les gemmes que j' aime beaucoup n' est pas importante <eos>,12,importante,important,10,F,P,importante,-8.144439,important,-11.345958,1
4809,S_NOUN_7_ADJ_b,F,S,la valise avec les gemmes que j' aime beaucoup n' est pas courte <eos>,12,courte,court,10,F,P,courte,-9.831224,court,-12.432138,1
4810,S_NOUN_7_ADJ_b,F,S,la valise avec les gemmes que j' aime beaucoup n' est pas dure <eos>,12,dure,dur,10,F,P,dure,-9.569412,dur,-11.9717655,1
4811,S_NOUN_7_ADJ_b,F,S,la valise avec les gemmes que j' aime beaucoup n' est pas claire <eos>,12,claire,clair,10,F,P,claire,-5.362734,clair,-7.5501795,1
4812,S_NOUN_7_ADJ_b,F,S,la valise avec les gemmes que j' aime beaucoup n' est pas intéressante <eos>,12,intéressante,intéressant,10,F,P,intéressante,-8.425953,intéressant,-10.899166,1
4813,S_NOUN_7_ADJ_b,F,S,la valise avec les gemmes que j' aime beaucoup n' est pas brillante <eos>,12,brillante,brillant,10,F,P,brillante,-7.4732027,brillant,-11.860782,1
4814,S_NOUN_7_ADJ_b,F,S,la valise avec les gemmes que j' aime beaucoup n' est pas compliquée <eos>,12,compliquée,compliqué,10,F,P,compliquée,-10.081589,compliqué,-11.726334,1
4815,S_NOUN_7_ADJ_b,F,S,la valise avec les chaises que j' aime beaucoup n' est pas verte <eos>,12,verte,vert,10,F,P,verte,-11.035584,vert,-11.512885,1
4816,S_NOUN_7_ADJ_b,F,S,la valise avec les chaises que j' aime beaucoup n' est pas bleue <eos>,12,bleue,bleu,10,F,P,bleue,-9.387172,bleu,-11.034716,1
4817,S_NOUN_7_ADJ_b,F,S,la valise avec les chaises que j' aime beaucoup n' est pas noire <eos>,12,noire,noir,10,F,P,noire,-9.381256,noir,-9.230921,0
4818,S_NOUN_7_ADJ_b,F,S,la valise avec les chaises que j' aime beaucoup n' est pas délicate <eos>,12,délicate,délicat,10,F,P,délicate,-11.490331,délicat,-13.538486,1
4819,S_NOUN_7_ADJ_b,F,S,la valise avec les chaises que j' aime beaucoup n' est pas pointue <eos>,12,pointue,pointu,10,F,P,pointue,-13.263327,pointu,-15.324024,1
4820,S_NOUN_7_ADJ_b,F,S,la valise avec les chaises que j' aime beaucoup n' est pas ronde <eos>,12,ronde,rond,10,F,P,ronde,-9.434658,rond,-10.243725,1
4821,S_NOUN_7_ADJ_b,F,S,la valise avec les chaises que j' aime beaucoup n' est pas froide <eos>,12,froide,froid,10,F,P,froide,-10.368235,froid,-13.716263,1
4822,S_NOUN_7_ADJ_b,F,S,la valise avec les chaises que j' aime beaucoup n' est pas chaude <eos>,12,chaude,chaud,10,F,P,chaude,-8.744209,chaud,-12.853793,1
4823,S_NOUN_7_ADJ_b,F,S,la valise avec les chaises que j' aime beaucoup n' est pas importante <eos>,12,importante,important,10,F,P,importante,-8.111317,important,-11.081444,1
4824,S_NOUN_7_ADJ_b,F,S,la valise avec les chaises que j' aime beaucoup n' est pas courte <eos>,12,courte,court,10,F,P,courte,-10.015955,court,-12.227621,1
4825,S_NOUN_7_ADJ_b,F,S,la valise avec les chaises que j' aime beaucoup n' est pas dure <eos>,12,dure,dur,10,F,P,dure,-9.135801,dur,-12.230471,1
4826,S_NOUN_7_ADJ_b,F,S,la valise avec les chaises que j' aime beaucoup n' est pas claire <eos>,12,claire,clair,10,F,P,claire,-5.6227694,clair,-8.381235,1
4827,S_NOUN_7_ADJ_b,F,S,la valise avec les chaises que j' aime beaucoup n' est pas intéressante <eos>,12,intéressante,intéressant,10,F,P,intéressante,-8.358212,intéressant,-10.967363,1
4828,S_NOUN_7_ADJ_b,F,S,la valise avec les chaises que j' aime beaucoup n' est pas brillante <eos>,12,brillante,brillant,10,F,P,brillante,-8.287435,brillant,-12.735186,1
4829,S_NOUN_7_ADJ_b,F,S,la valise avec les chaises que j' aime beaucoup n' est pas compliquée <eos>,12,compliquée,compliqué,10,F,P,compliquée,-9.358807,compliqué,-11.393335,1
4830,S_NOUN_7_ADJ_b,F,S,la valise avec les poubelles que j' aime beaucoup n' est pas verte <eos>,12,verte,vert,10,F,P,verte,-10.1404085,vert,-11.221491,1
4831,S_NOUN_7_ADJ_b,F,S,la valise avec les poubelles que j' aime beaucoup n' est pas bleue <eos>,12,bleue,bleu,10,F,P,bleue,-9.311265,bleu,-11.201168,1
4832,S_NOUN_7_ADJ_b,F,S,la valise avec les poubelles que j' aime beaucoup n' est pas noire <eos>,12,noire,noir,10,F,P,noire,-9.044125,noir,-9.042231,0
4833,S_NOUN_7_ADJ_b,F,S,la valise avec les poubelles que j' aime beaucoup n' est pas délicate <eos>,12,délicate,délicat,10,F,P,délicate,-11.580929,délicat,-13.523699,1
4834,S_NOUN_7_ADJ_b,F,S,la valise avec les poubelles que j' aime beaucoup n' est pas pointue <eos>,12,pointue,pointu,10,F,P,pointue,-13.182152,pointu,-15.256859,1
4835,S_NOUN_7_ADJ_b,F,S,la valise avec les poubelles que j' aime beaucoup n' est pas ronde <eos>,12,ronde,rond,10,F,P,ronde,-10.003553,rond,-10.943545,1
4836,S_NOUN_7_ADJ_b,F,S,la valise avec les poubelles que j' aime beaucoup n' est pas froide <eos>,12,froide,froid,10,F,P,froide,-10.277529,froid,-13.468679,1
4837,S_NOUN_7_ADJ_b,F,S,la valise avec les poubelles que j' aime beaucoup n' est pas chaude <eos>,12,chaude,chaud,10,F,P,chaude,-9.06769,chaud,-13.181746,1
4838,S_NOUN_7_ADJ_b,F,S,la valise avec les poubelles que j' aime beaucoup n' est pas importante <eos>,12,importante,important,10,F,P,importante,-8.10997,important,-11.006071,1
4839,S_NOUN_7_ADJ_b,F,S,la valise avec les poubelles que j' aime beaucoup n' est pas courte <eos>,12,courte,court,10,F,P,courte,-10.134482,court,-12.318271,1
4840,S_NOUN_7_ADJ_b,F,S,la valise avec les poubelles que j' aime beaucoup n' est pas dure <eos>,12,dure,dur,10,F,P,dure,-9.188336,dur,-11.612714,1
4841,S_NOUN_7_ADJ_b,F,S,la valise avec les poubelles que j' aime beaucoup n' est pas claire <eos>,12,claire,clair,10,F,P,claire,-5.7736645,clair,-8.355631,1
4842,S_NOUN_7_ADJ_b,F,S,la valise avec les poubelles que j' aime beaucoup n' est pas intéressante <eos>,12,intéressante,intéressant,10,F,P,intéressante,-8.346758,intéressant,-10.747273,1
4843,S_NOUN_7_ADJ_b,F,S,la valise avec les poubelles que j' aime beaucoup n' est pas brillante <eos>,12,brillante,brillant,10,F,P,brillante,-8.643141,brillant,-12.647606,1
4844,S_NOUN_7_ADJ_b,F,S,la valise avec les poubelles que j' aime beaucoup n' est pas compliquée <eos>,12,compliquée,compliqué,10,F,P,compliquée,-9.710111,compliqué,-11.3563795,1
4845,S_NOUN_7_ADJ_b,F,S,la valise avec les chemises que j' aime beaucoup n' est pas verte <eos>,12,verte,vert,10,F,P,verte,-10.568662,vert,-10.788723,1
4846,S_NOUN_7_ADJ_b,F,S,la valise avec les chemises que j' aime beaucoup n' est pas bleue <eos>,12,bleue,bleu,10,F,P,bleue,-8.658527,bleu,-10.382034,1
4847,S_NOUN_7_ADJ_b,F,S,la valise avec les chemises que j' aime beaucoup n' est pas noire <eos>,12,noire,noir,10,F,P,noire,-8.968565,noir,-8.367379,0
4848,S_NOUN_7_ADJ_b,F,S,la valise avec les chemises que j' aime beaucoup n' est pas délicate <eos>,12,délicate,délicat,10,F,P,délicate,-11.761942,délicat,-13.712387,1
4849,S_NOUN_7_ADJ_b,F,S,la valise avec les chemises que j' aime beaucoup n' est pas pointue <eos>,12,pointue,pointu,10,F,P,pointue,-13.156152,pointu,-15.328918,1
4850,S_NOUN_7_ADJ_b,F,S,la valise avec les chemises que j' aime beaucoup n' est pas ronde <eos>,12,ronde,rond,10,F,P,ronde,-9.830715,rond,-10.530057,1
4851,S_NOUN_7_ADJ_b,F,S,la valise avec les chemises que j' aime beaucoup n' est pas froide <eos>,12,froide,froid,10,F,P,froide,-10.45234,froid,-13.294416,1
4852,S_NOUN_7_ADJ_b,F,S,la valise avec les chemises que j' aime beaucoup n' est pas chaude <eos>,12,chaude,chaud,10,F,P,chaude,-9.203975,chaud,-12.674334,1
4853,S_NOUN_7_ADJ_b,F,S,la valise avec les chemises que j' aime beaucoup n' est pas importante <eos>,12,importante,important,10,F,P,importante,-8.168815,important,-11.108139,1
4854,S_NOUN_7_ADJ_b,F,S,la valise avec les chemises que j' aime beaucoup n' est pas courte <eos>,12,courte,court,10,F,P,courte,-9.649439,court,-11.948596,1
4855,S_NOUN_7_ADJ_b,F,S,la valise avec les chemises que j' aime beaucoup n' est pas dure <eos>,12,dure,dur,10,F,P,dure,-8.856988,dur,-11.539881,1
4856,S_NOUN_7_ADJ_b,F,S,la valise avec les chemises que j' aime beaucoup n' est pas claire <eos>,12,claire,clair,10,F,P,claire,-5.3929706,clair,-7.7281365,1
4857,S_NOUN_7_ADJ_b,F,S,la valise avec les chemises que j' aime beaucoup n' est pas intéressante <eos>,12,intéressante,intéressant,10,F,P,intéressante,-8.54953,intéressant,-10.890696,1
4858,S_NOUN_7_ADJ_b,F,S,la valise avec les chemises que j' aime beaucoup n' est pas brillante <eos>,12,brillante,brillant,10,F,P,brillante,-7.537105,brillant,-12.060682,1
4859,S_NOUN_7_ADJ_b,F,S,la valise avec les chemises que j' aime beaucoup n' est pas compliquée <eos>,12,compliquée,compliqué,10,F,P,compliquée,-9.596073,compliqué,-11.610815,1
4860,S_NOUN_7_ADJ_b,F,S,la valise avec les recettes que j' aime beaucoup n' est pas verte <eos>,12,verte,vert,10,F,P,verte,-10.684536,vert,-11.470376,1
4861,S_NOUN_7_ADJ_b,F,S,la valise avec les recettes que j' aime beaucoup n' est pas bleue <eos>,12,bleue,bleu,10,F,P,bleue,-9.6441555,bleu,-11.371761,1
4862,S_NOUN_7_ADJ_b,F,S,la valise avec les recettes que j' aime beaucoup n' est pas noire <eos>,12,noire,noir,10,F,P,noire,-9.443212,noir,-9.000038,0
4863,S_NOUN_7_ADJ_b,F,S,la valise avec les recettes que j' aime beaucoup n' est pas délicate <eos>,12,délicate,délicat,10,F,P,délicate,-12.093328,délicat,-13.660936,1
4864,S_NOUN_7_ADJ_b,F,S,la valise avec les recettes que j' aime beaucoup n' est pas pointue <eos>,12,pointue,pointu,10,F,P,pointue,-13.804801,pointu,-15.3470745,1
4865,S_NOUN_7_ADJ_b,F,S,la valise avec les recettes que j' aime beaucoup n' est pas ronde <eos>,12,ronde,rond,10,F,P,ronde,-10.046945,rond,-10.8593235,1
4866,S_NOUN_7_ADJ_b,F,S,la valise avec les recettes que j' aime beaucoup n' est pas froide <eos>,12,froide,froid,10,F,P,froide,-9.934513,froid,-13.09391,1
4867,S_NOUN_7_ADJ_b,F,S,la valise avec les recettes que j' aime beaucoup n' est pas chaude <eos>,12,chaude,chaud,10,F,P,chaude,-8.893509,chaud,-12.875734,1
4868,S_NOUN_7_ADJ_b,F,S,la valise avec les recettes que j' aime beaucoup n' est pas importante <eos>,12,importante,important,10,F,P,importante,-7.4686885,important,-10.425642,1
4869,S_NOUN_7_ADJ_b,F,S,la valise avec les recettes que j' aime beaucoup n' est pas courte <eos>,12,courte,court,10,F,P,courte,-9.768344,court,-11.5766325,1
4870,S_NOUN_7_ADJ_b,F,S,la valise avec les recettes que j' aime beaucoup n' est pas dure <eos>,12,dure,dur,10,F,P,dure,-9.305345,dur,-12.181935,1
4871,S_NOUN_7_ADJ_b,F,S,la valise avec les recettes que j' aime beaucoup n' est pas claire <eos>,12,claire,clair,10,F,P,claire,-5.68577,clair,-8.161671,1
4872,S_NOUN_7_ADJ_b,F,S,la valise avec les recettes que j' aime beaucoup n' est pas intéressante <eos>,12,intéressante,intéressant,10,F,P,intéressante,-7.9406166,intéressant,-10.693961,1
4873,S_NOUN_7_ADJ_b,F,S,la valise avec les recettes que j' aime beaucoup n' est pas brillante <eos>,12,brillante,brillant,10,F,P,brillante,-8.556634,brillant,-12.851123,1
4874,S_NOUN_7_ADJ_b,F,S,la valise avec les recettes que j' aime beaucoup n' est pas compliquée <eos>,12,compliquée,compliqué,10,F,P,compliquée,-10.316203,compliqué,-11.5209,1
4875,S_NOUN_7_ADJ_b,F,S,la valise avec les jupes que j' aime beaucoup n' est pas verte <eos>,12,verte,vert,10,F,P,verte,-10.293079,vert,-11.015777,1
4876,S_NOUN_7_ADJ_b,F,S,la valise avec les jupes que j' aime beaucoup n' est pas bleue <eos>,12,bleue,bleu,10,F,P,bleue,-8.828174,bleu,-10.690763,1
4877,S_NOUN_7_ADJ_b,F,S,la valise avec les jupes que j' aime beaucoup n' est pas noire <eos>,12,noire,noir,10,F,P,noire,-9.049025,noir,-8.895922,0
4878,S_NOUN_7_ADJ_b,F,S,la valise avec les jupes que j' aime beaucoup n' est pas délicate <eos>,12,délicate,délicat,10,F,P,délicate,-11.243038,délicat,-13.5652275,1
4879,S_NOUN_7_ADJ_b,F,S,la valise avec les jupes que j' aime beaucoup n' est pas pointue <eos>,12,pointue,pointu,10,F,P,pointue,-12.559833,pointu,-14.922423,1
4880,S_NOUN_7_ADJ_b,F,S,la valise avec les jupes que j' aime beaucoup n' est pas ronde <eos>,12,ronde,rond,10,F,P,ronde,-9.804586,rond,-10.182464,1
4881,S_NOUN_7_ADJ_b,F,S,la valise avec les jupes que j' aime beaucoup n' est pas froide <eos>,12,froide,froid,10,F,P,froide,-10.726433,froid,-13.753664,1
4882,S_NOUN_7_ADJ_b,F,S,la valise avec les jupes que j' aime beaucoup n' est pas chaude <eos>,12,chaude,chaud,10,F,P,chaude,-9.559322,chaud,-13.062473,1
4883,S_NOUN_7_ADJ_b,F,S,la valise avec les jupes que j' aime beaucoup n' est pas importante <eos>,12,importante,important,10,F,P,importante,-8.178715,important,-11.252829,1
4884,S_NOUN_7_ADJ_b,F,S,la valise avec les jupes que j' aime beaucoup n' est pas courte <eos>,12,courte,court,10,F,P,courte,-9.410486,court,-11.779824,1
4885,S_NOUN_7_ADJ_b,F,S,la valise avec les jupes que j' aime beaucoup n' est pas dure <eos>,12,dure,dur,10,F,P,dure,-8.941212,dur,-11.783849,1
4886,S_NOUN_7_ADJ_b,F,S,la valise avec les jupes que j' aime beaucoup n' est pas claire <eos>,12,claire,clair,10,F,P,claire,-5.380657,clair,-8.065083,1
4887,S_NOUN_7_ADJ_b,F,S,la valise avec les jupes que j' aime beaucoup n' est pas intéressante <eos>,12,intéressante,intéressant,10,F,P,intéressante,-8.267891,intéressant,-10.82898,1
4888,S_NOUN_7_ADJ_b,F,S,la valise avec les jupes que j' aime beaucoup n' est pas brillante <eos>,12,brillante,brillant,10,F,P,brillante,-7.6220665,brillant,-11.878134,1
4889,S_NOUN_7_ADJ_b,F,S,la valise avec les jupes que j' aime beaucoup n' est pas compliquée <eos>,12,compliquée,compliqué,10,F,P,compliquée,-9.186568,compliqué,-11.363668,1
4890,S_NOUN_7_ADJ_b,F,S,la valise avec les colles que j' aime beaucoup n' est pas verte <eos>,12,verte,vert,10,F,P,verte,-10.646923,vert,-11.236455,1
4891,S_NOUN_7_ADJ_b,F,S,la valise avec les colles que j' aime beaucoup n' est pas bleue <eos>,12,bleue,bleu,10,F,P,bleue,-9.039672,bleu,-10.813255,1
4892,S_NOUN_7_ADJ_b,F,S,la valise avec les colles que j' aime beaucoup n' est pas noire <eos>,12,noire,noir,10,F,P,noire,-9.04415,noir,-8.724081,0
4893,S_NOUN_7_ADJ_b,F,S,la valise avec les colles que j' aime beaucoup n' est pas délicate <eos>,12,délicate,délicat,10,F,P,délicate,-11.167787,délicat,-13.587785,1
4894,S_NOUN_7_ADJ_b,F,S,la valise avec les colles que j' aime beaucoup n' est pas pointue <eos>,12,pointue,pointu,10,F,P,pointue,-13.569992,pointu,-15.9339905,1
4895,S_NOUN_7_ADJ_b,F,S,la valise avec les colles que j' aime beaucoup n' est pas ronde <eos>,12,ronde,rond,10,F,P,ronde,-9.894316,rond,-10.882009,1
4896,S_NOUN_7_ADJ_b,F,S,la valise avec les colles que j' aime beaucoup n' est pas froide <eos>,12,froide,froid,10,F,P,froide,-9.9866905,froid,-13.470275,1
4897,S_NOUN_7_ADJ_b,F,S,la valise avec les colles que j' aime beaucoup n' est pas chaude <eos>,12,chaude,chaud,10,F,P,chaude,-8.83127,chaud,-12.856376,1
4898,S_NOUN_7_ADJ_b,F,S,la valise avec les colles que j' aime beaucoup n' est pas importante <eos>,12,importante,important,10,F,P,importante,-8.136829,important,-11.284182,1
4899,S_NOUN_7_ADJ_b,F,S,la valise avec les colles que j' aime beaucoup n' est pas courte <eos>,12,courte,court,10,F,P,courte,-10.014356,court,-12.515635,1
4900,S_NOUN_7_ADJ_b,F,S,la valise avec les colles que j' aime beaucoup n' est pas dure <eos>,12,dure,dur,10,F,P,dure,-9.00576,dur,-11.77384,1
4901,S_NOUN_7_ADJ_b,F,S,la valise avec les colles que j' aime beaucoup n' est pas claire <eos>,12,claire,clair,10,F,P,claire,-5.5278473,clair,-7.9992294,1
4902,S_NOUN_7_ADJ_b,F,S,la valise avec les colles que j' aime beaucoup n' est pas intéressante <eos>,12,intéressante,intéressant,10,F,P,intéressante,-7.8378234,intéressant,-10.830704,1
4903,S_NOUN_7_ADJ_b,F,S,la valise avec les colles que j' aime beaucoup n' est pas brillante <eos>,12,brillante,brillant,10,F,P,brillante,-7.692173,brillant,-12.404608,1
4904,S_NOUN_7_ADJ_b,F,S,la valise avec les colles que j' aime beaucoup n' est pas compliquée <eos>,12,compliquée,compliqué,10,F,P,compliquée,-9.240272,compliqué,-11.553745,1
4905,S_NOUN_7_ADJ_b,F,S,la valise avec les lampes que j' aime beaucoup n' est pas verte <eos>,12,verte,vert,10,F,P,verte,-10.379854,vert,-11.139584,1
4906,S_NOUN_7_ADJ_b,F,S,la valise avec les lampes que j' aime beaucoup n' est pas bleue <eos>,12,bleue,bleu,10,F,P,bleue,-9.059324,bleu,-10.608639,1
4907,S_NOUN_7_ADJ_b,F,S,la valise avec les lampes que j' aime beaucoup n' est pas noire <eos>,12,noire,noir,10,F,P,noire,-9.036511,noir,-8.835152,0
4908,S_NOUN_7_ADJ_b,F,S,la valise avec les lampes que j' aime beaucoup n' est pas délicate <eos>,12,délicate,délicat,10,F,P,délicate,-11.868289,délicat,-13.841874,1
4909,S_NOUN_7_ADJ_b,F,S,la valise avec les lampes que j' aime beaucoup n' est pas pointue <eos>,12,pointue,pointu,10,F,P,pointue,-13.780451,pointu,-15.527092,1
4910,S_NOUN_7_ADJ_b,F,S,la valise avec les lampes que j' aime beaucoup n' est pas ronde <eos>,12,ronde,rond,10,F,P,ronde,-10.198987,rond,-10.585753,1
4911,S_NOUN_7_ADJ_b,F,S,la valise avec les lampes que j' aime beaucoup n' est pas froide <eos>,12,froide,froid,10,F,P,froide,-9.569921,froid,-13.125875,1
4912,S_NOUN_7_ADJ_b,F,S,la valise avec les lampes que j' aime beaucoup n' est pas chaude <eos>,12,chaude,chaud,10,F,P,chaude,-8.35123,chaud,-12.680863,1
4913,S_NOUN_7_ADJ_b,F,S,la valise avec les lampes que j' aime beaucoup n' est pas importante <eos>,12,importante,important,10,F,P,importante,-8.1662035,important,-11.099044,1
4914,S_NOUN_7_ADJ_b,F,S,la valise avec les lampes que j' aime beaucoup n' est pas courte <eos>,12,courte,court,10,F,P,courte,-10.264284,court,-12.673651,1
4915,S_NOUN_7_ADJ_b,F,S,la valise avec les lampes que j' aime beaucoup n' est pas dure <eos>,12,dure,dur,10,F,P,dure,-9.494476,dur,-12.1390705,1
4916,S_NOUN_7_ADJ_b,F,S,la valise avec les lampes que j' aime beaucoup n' est pas claire <eos>,12,claire,clair,10,F,P,claire,-6.066134,clair,-8.389782,1
4917,S_NOUN_7_ADJ_b,F,S,la valise avec les lampes que j' aime beaucoup n' est pas intéressante <eos>,12,intéressante,intéressant,10,F,P,intéressante,-8.394356,intéressant,-10.916613,1
4918,S_NOUN_7_ADJ_b,F,S,la valise avec les lampes que j' aime beaucoup n' est pas brillante <eos>,12,brillante,brillant,10,F,P,brillante,-7.9570036,brillant,-12.461169,1
4919,S_NOUN_7_ADJ_b,F,S,la valise avec les lampes que j' aime beaucoup n' est pas compliquée <eos>,12,compliquée,compliqué,10,F,P,compliquée,-10.147728,compliqué,-11.850388,1
4920,S_NOUN_7_ADJ_b,F,S,la valise avec les bouteilles que j' aime beaucoup n' est pas verte <eos>,12,verte,vert,10,F,P,verte,-10.614341,vert,-11.322385,1
4921,S_NOUN_7_ADJ_b,F,S,la valise avec les bouteilles que j' aime beaucoup n' est pas bleue <eos>,12,bleue,bleu,10,F,P,bleue,-9.205065,bleu,-11.090716,1
4922,S_NOUN_7_ADJ_b,F,S,la valise avec les bouteilles que j' aime beaucoup n' est pas noire <eos>,12,noire,noir,10,F,P,noire,-9.25716,noir,-9.068492,0
4923,S_NOUN_7_ADJ_b,F,S,la valise avec les bouteilles que j' aime beaucoup n' est pas délicate <eos>,12,délicate,délicat,10,F,P,délicate,-11.993849,délicat,-13.899925,1
4924,S_NOUN_7_ADJ_b,F,S,la valise avec les bouteilles que j' aime beaucoup n' est pas pointue <eos>,12,pointue,pointu,10,F,P,pointue,-13.843775,pointu,-15.730293,1
4925,S_NOUN_7_ADJ_b,F,S,la valise avec les bouteilles que j' aime beaucoup n' est pas ronde <eos>,12,ronde,rond,10,F,P,ronde,-10.132545,rond,-10.671044,1
4926,S_NOUN_7_ADJ_b,F,S,la valise avec les bouteilles que j' aime beaucoup n' est pas froide <eos>,12,froide,froid,10,F,P,froide,-9.891411,froid,-13.065431,1
4927,S_NOUN_7_ADJ_b,F,S,la valise avec les bouteilles que j' aime beaucoup n' est pas chaude <eos>,12,chaude,chaud,10,F,P,chaude,-8.429152,chaud,-12.4857855,1
4928,S_NOUN_7_ADJ_b,F,S,la valise avec les bouteilles que j' aime beaucoup n' est pas importante <eos>,12,importante,important,10,F,P,importante,-8.258879,important,-11.070402,1
4929,S_NOUN_7_ADJ_b,F,S,la valise avec les bouteilles que j' aime beaucoup n' est pas courte <eos>,12,courte,court,10,F,P,courte,-10.203604,court,-12.040178,1
4930,S_NOUN_7_ADJ_b,F,S,la valise avec les bouteilles que j' aime beaucoup n' est pas dure <eos>,12,dure,dur,10,F,P,dure,-8.995029,dur,-11.999151,1
4931,S_NOUN_7_ADJ_b,F,S,la valise avec les bouteilles que j' aime beaucoup n' est pas claire <eos>,12,claire,clair,10,F,P,claire,-5.6313868,clair,-8.254635,1
4932,S_NOUN_7_ADJ_b,F,S,la valise avec les bouteilles que j' aime beaucoup n' est pas intéressante <eos>,12,intéressante,intéressant,10,F,P,intéressante,-8.140078,intéressant,-10.869526,1
4933,S_NOUN_7_ADJ_b,F,S,la valise avec les bouteilles que j' aime beaucoup n' est pas brillante <eos>,12,brillante,brillant,10,F,P,brillante,-8.555175,brillant,-12.980007,1
4934,S_NOUN_7_ADJ_b,F,S,la valise avec les bouteilles que j' aime beaucoup n' est pas compliquée <eos>,12,compliquée,compliqué,10,F,P,compliquée,-9.604517,compliqué,-11.575069,1
4935,S_NOUN_7_ADJ_b,F,S,la valise avec les boissons que j' aime beaucoup n' est pas verte <eos>,12,verte,vert,10,F,P,verte,-10.593496,vert,-11.269464,1
4936,S_NOUN_7_ADJ_b,F,S,la valise avec les boissons que j' aime beaucoup n' est pas bleue <eos>,12,bleue,bleu,10,F,P,bleue,-9.219501,bleu,-10.995466,1
4937,S_NOUN_7_ADJ_b,F,S,la valise avec les boissons que j' aime beaucoup n' est pas noire <eos>,12,noire,noir,10,F,P,noire,-9.17614,noir,-8.944574,0
4938,S_NOUN_7_ADJ_b,F,S,la valise avec les boissons que j' aime beaucoup n' est pas délicate <eos>,12,délicate,délicat,10,F,P,délicate,-11.791484,délicat,-13.711943,1
4939,S_NOUN_7_ADJ_b,F,S,la valise avec les boissons que j' aime beaucoup n' est pas pointue <eos>,12,pointue,pointu,10,F,P,pointue,-13.987009,pointu,-16.102234,1
4940,S_NOUN_7_ADJ_b,F,S,la valise avec les boissons que j' aime beaucoup n' est pas ronde <eos>,12,ronde,rond,10,F,P,ronde,-9.474361,rond,-11.05842,1
4941,S_NOUN_7_ADJ_b,F,S,la valise avec les boissons que j' aime beaucoup n' est pas froide <eos>,12,froide,froid,10,F,P,froide,-9.684672,froid,-13.205458,1
4942,S_NOUN_7_ADJ_b,F,S,la valise avec les boissons que j' aime beaucoup n' est pas chaude <eos>,12,chaude,chaud,10,F,P,chaude,-8.190687,chaud,-12.4533,1
4943,S_NOUN_7_ADJ_b,F,S,la valise avec les boissons que j' aime beaucoup n' est pas importante <eos>,12,importante,important,10,F,P,importante,-8.000277,important,-11.218847,1
4944,S_NOUN_7_ADJ_b,F,S,la valise avec les boissons que j' aime beaucoup n' est pas courte <eos>,12,courte,court,10,F,P,courte,-10.000919,court,-12.538201,1
4945,S_NOUN_7_ADJ_b,F,S,la valise avec les boissons que j' aime beaucoup n' est pas dure <eos>,12,dure,dur,10,F,P,dure,-8.9174,dur,-12.257544,1
4946,S_NOUN_7_ADJ_b,F,S,la valise avec les boissons que j' aime beaucoup n' est pas claire <eos>,12,claire,clair,10,F,P,claire,-5.6672516,clair,-8.288905,1
4947,S_NOUN_7_ADJ_b,F,S,la valise avec les boissons que j' aime beaucoup n' est pas intéressante <eos>,12,intéressante,intéressant,10,F,P,intéressante,-8.22888,intéressant,-11.221981,1
4948,S_NOUN_7_ADJ_b,F,S,la valise avec les boissons que j' aime beaucoup n' est pas brillante <eos>,12,brillante,brillant,10,F,P,brillante,-8.168966,brillant,-12.9389715,1
4949,S_NOUN_7_ADJ_b,F,S,la valise avec les boissons que j' aime beaucoup n' est pas compliquée <eos>,12,compliquée,compliqué,10,F,P,compliquée,-9.7898,compliqué,-11.91853,1
4950,S_NOUN_7_ADJ_b,F,S,la valise avec les pommes que j' aime beaucoup n' est pas verte <eos>,12,verte,vert,10,F,P,verte,-10.553871,vert,-11.105955,1
4951,S_NOUN_7_ADJ_b,F,S,la valise avec les pommes que j' aime beaucoup n' est pas bleue <eos>,12,bleue,bleu,10,F,P,bleue,-8.93524,bleu,-10.86597,1
4952,S_NOUN_7_ADJ_b,F,S,la valise avec les pommes que j' aime beaucoup n' est pas noire <eos>,12,noire,noir,10,F,P,noire,-8.889177,noir,-8.814898,0
4953,S_NOUN_7_ADJ_b,F,S,la valise avec les pommes que j' aime beaucoup n' est pas délicate <eos>,12,délicate,délicat,10,F,P,délicate,-11.296808,délicat,-13.7034,1
4954,S_NOUN_7_ADJ_b,F,S,la valise avec les pommes que j' aime beaucoup n' est pas pointue <eos>,12,pointue,pointu,10,F,P,pointue,-13.478,pointu,-15.84542,1
4955,S_NOUN_7_ADJ_b,F,S,la valise avec les pommes que j' aime beaucoup n' est pas ronde <eos>,12,ronde,rond,10,F,P,ronde,-9.511575,rond,-11.027368,1
4956,S_NOUN_7_ADJ_b,F,S,la valise avec les pommes que j' aime beaucoup n' est pas froide <eos>,12,froide,froid,10,F,P,froide,-9.502537,froid,-13.361719,1
4957,S_NOUN_7_ADJ_b,F,S,la valise avec les pommes que j' aime beaucoup n' est pas chaude <eos>,12,chaude,chaud,10,F,P,chaude,-8.134771,chaud,-12.533185,1
4958,S_NOUN_7_ADJ_b,F,S,la valise avec les pommes que j' aime beaucoup n' est pas importante <eos>,12,importante,important,10,F,P,importante,-8.105534,important,-11.651923,1
4959,S_NOUN_7_ADJ_b,F,S,la valise avec les pommes que j' aime beaucoup n' est pas courte <eos>,12,courte,court,10,F,P,courte,-9.613184,court,-12.112219,1
4960,S_NOUN_7_ADJ_b,F,S,la valise avec les pommes que j' aime beaucoup n' est pas dure <eos>,12,dure,dur,10,F,P,dure,-8.489748,dur,-11.856625,1
4961,S_NOUN_7_ADJ_b,F,S,la valise avec les pommes que j' aime beaucoup n' est pas claire <eos>,12,claire,clair,10,F,P,claire,-5.285129,clair,-7.952969,1
4962,S_NOUN_7_ADJ_b,F,S,la valise avec les pommes que j' aime beaucoup n' est pas intéressante <eos>,12,intéressante,intéressant,10,F,P,intéressante,-7.88322,intéressant,-11.262234,1
4963,S_NOUN_7_ADJ_b,F,S,la valise avec les pommes que j' aime beaucoup n' est pas brillante <eos>,12,brillante,brillant,10,F,P,brillante,-7.6987915,brillant,-12.966461,1
4964,S_NOUN_7_ADJ_b,F,S,la valise avec les pommes que j' aime beaucoup n' est pas compliquée <eos>,12,compliquée,compliqué,10,F,P,compliquée,-9.30209,compliqué,-11.548023,1
4965,S_NOUN_7_ADJ_b,F,S,la valise avec les tasses que j' aime beaucoup n' est pas verte <eos>,12,verte,vert,10,F,P,verte,-10.672657,vert,-11.450804,1
4966,S_NOUN_7_ADJ_b,F,S,la valise avec les tasses que j' aime beaucoup n' est pas bleue <eos>,12,bleue,bleu,10,F,P,bleue,-9.380293,bleu,-11.121236,1
4967,S_NOUN_7_ADJ_b,F,S,la valise avec les tasses que j' aime beaucoup n' est pas noire <eos>,12,noire,noir,10,F,P,noire,-9.5154085,noir,-9.599109,1
4968,S_NOUN_7_ADJ_b,F,S,la valise avec les tasses que j' aime beaucoup n' est pas délicate <eos>,12,délicate,délicat,10,F,P,délicate,-11.463047,délicat,-13.182232,1
4969,S_NOUN_7_ADJ_b,F,S,la valise avec les tasses que j' aime beaucoup n' est pas pointue <eos>,12,pointue,pointu,10,F,P,pointue,-13.168743,pointu,-15.503693,1
4970,S_NOUN_7_ADJ_b,F,S,la valise avec les tasses que j' aime beaucoup n' est pas ronde <eos>,12,ronde,rond,10,F,P,ronde,-9.432787,rond,-10.730091,1
4971,S_NOUN_7_ADJ_b,F,S,la valise avec les tasses que j' aime beaucoup n' est pas froide <eos>,12,froide,froid,10,F,P,froide,-9.479311,froid,-12.61257,1
4972,S_NOUN_7_ADJ_b,F,S,la valise avec les tasses que j' aime beaucoup n' est pas chaude <eos>,12,chaude,chaud,10,F,P,chaude,-7.7740808,chaud,-11.678991,1
4973,S_NOUN_7_ADJ_b,F,S,la valise avec les tasses que j' aime beaucoup n' est pas importante <eos>,12,importante,important,10,F,P,importante,-7.950082,important,-11.152678,1
4974,S_NOUN_7_ADJ_b,F,S,la valise avec les tasses que j' aime beaucoup n' est pas courte <eos>,12,courte,court,10,F,P,courte,-10.091693,court,-12.591054,1
4975,S_NOUN_7_ADJ_b,F,S,la valise avec les tasses que j' aime beaucoup n' est pas dure <eos>,12,dure,dur,10,F,P,dure,-8.937961,dur,-12.145762,1
4976,S_NOUN_7_ADJ_b,F,S,la valise avec les tasses que j' aime beaucoup n' est pas claire <eos>,12,claire,clair,10,F,P,claire,-5.711952,clair,-8.387626,1
4977,S_NOUN_7_ADJ_b,F,S,la valise avec les tasses que j' aime beaucoup n' est pas intéressante <eos>,12,intéressante,intéressant,10,F,P,intéressante,-7.887019,intéressant,-10.945202,1
4978,S_NOUN_7_ADJ_b,F,S,la valise avec les tasses que j' aime beaucoup n' est pas brillante <eos>,12,brillante,brillant,10,F,P,brillante,-7.9471054,brillant,-12.21617,1
4979,S_NOUN_7_ADJ_b,F,S,la valise avec les tasses que j' aime beaucoup n' est pas compliquée <eos>,12,compliquée,compliqué,10,F,P,compliquée,-9.443758,compliqué,-11.465874,1
4980,S_NOUN_7_ADJ_b,F,S,la valise avec les bougies que j' aime beaucoup n' est pas verte <eos>,12,verte,vert,10,F,P,verte,-10.386019,vert,-10.900397,1
4981,S_NOUN_7_ADJ_b,F,S,la valise avec les bougies que j' aime beaucoup n' est pas bleue <eos>,12,bleue,bleu,10,F,P,bleue,-9.129999,bleu,-10.517288,1
4982,S_NOUN_7_ADJ_b,F,S,la valise avec les bougies que j' aime beaucoup n' est pas noire <eos>,12,noire,noir,10,F,P,noire,-8.986236,noir,-8.781402,0
4983,S_NOUN_7_ADJ_b,F,S,la valise avec les bougies que j' aime beaucoup n' est pas délicate <eos>,12,délicate,délicat,10,F,P,délicate,-11.688425,délicat,-13.453566,1
4984,S_NOUN_7_ADJ_b,F,S,la valise avec les bougies que j' aime beaucoup n' est pas pointue <eos>,12,pointue,pointu,10,F,P,pointue,-13.37403,pointu,-15.324854,1
4985,S_NOUN_7_ADJ_b,F,S,la valise avec les bougies que j' aime beaucoup n' est pas ronde <eos>,12,ronde,rond,10,F,P,ronde,-9.6354,rond,-10.339193,1
4986,S_NOUN_7_ADJ_b,F,S,la valise avec les bougies que j' aime beaucoup n' est pas froide <eos>,12,froide,froid,10,F,P,froide,-9.846157,froid,-13.079084,1
4987,S_NOUN_7_ADJ_b,F,S,la valise avec les bougies que j' aime beaucoup n' est pas chaude <eos>,12,chaude,chaud,10,F,P,chaude,-8.54659,chaud,-12.46343,1
4988,S_NOUN_7_ADJ_b,F,S,la valise avec les bougies que j' aime beaucoup n' est pas importante <eos>,12,importante,important,10,F,P,importante,-8.318791,important,-11.255342,1
4989,S_NOUN_7_ADJ_b,F,S,la valise avec les bougies que j' aime beaucoup n' est pas courte <eos>,12,courte,court,10,F,P,courte,-10.002388,court,-12.427508,1
4990,S_NOUN_7_ADJ_b,F,S,la valise avec les bougies que j' aime beaucoup n' est pas dure <eos>,12,dure,dur,10,F,P,dure,-9.138598,dur,-11.860875,1
4991,S_NOUN_7_ADJ_b,F,S,la valise avec les bougies que j' aime beaucoup n' est pas claire <eos>,12,claire,clair,10,F,P,claire,-5.8382587,clair,-8.011648,1
4992,S_NOUN_7_ADJ_b,F,S,la valise avec les bougies que j' aime beaucoup n' est pas intéressante <eos>,12,intéressante,intéressant,10,F,P,intéressante,-8.643023,intéressant,-10.969784,1
4993,S_NOUN_7_ADJ_b,F,S,la valise avec les bougies que j' aime beaucoup n' est pas brillante <eos>,12,brillante,brillant,10,F,P,brillante,-8.19052,brillant,-12.4705105,1
4994,S_NOUN_7_ADJ_b,F,S,la valise avec les bougies que j' aime beaucoup n' est pas compliquée <eos>,12,compliquée,compliqué,10,F,P,compliquée,-10.050813,compliqué,-11.500803,1
4995,S_NOUN_7_ADJ_b,F,S,la valise avec les pochettes que j' aime beaucoup n' est pas verte <eos>,12,verte,vert,10,F,P,verte,-11.142171,vert,-11.684873,1
4996,S_NOUN_7_ADJ_b,F,S,la valise avec les pochettes que j' aime beaucoup n' est pas bleue <eos>,12,bleue,bleu,10,F,P,bleue,-8.9595375,bleu,-11.154571,1
4997,S_NOUN_7_ADJ_b,F,S,la valise avec les pochettes que j' aime beaucoup n' est pas noire <eos>,12,noire,noir,10,F,P,noire,-9.057278,noir,-8.794261,0
4998,S_NOUN_7_ADJ_b,F,S,la valise avec les pochettes que j' aime beaucoup n' est pas délicate <eos>,12,délicate,délicat,10,F,P,délicate,-12.900349,délicat,-14.895632,1
4999,S_NOUN_7_ADJ_b,F,S,la valise avec les pochettes que j' aime beaucoup n' est pas pointue <eos>,12,pointue,pointu,10,F,P,pointue,-13.763525,pointu,-15.85439,1
5000,S_NOUN_7_ADJ_b,F,S,la valise avec les pochettes que j' aime beaucoup n' est pas ronde <eos>,12,ronde,rond,10,F,P,ronde,-10.290415,rond,-10.946905,1
5001,S_NOUN_7_ADJ_b,F,S,la valise avec les pochettes que j' aime beaucoup n' est pas froide <eos>,12,froide,froid,10,F,P,froide,-11.642535,froid,-14.468772,1
5002,S_NOUN_7_ADJ_b,F,S,la valise avec les pochettes que j' aime beaucoup n' est pas chaude <eos>,12,chaude,chaud,10,F,P,chaude,-9.819523,chaud,-14.064432,1
5003,S_NOUN_7_ADJ_b,F,S,la valise avec les pochettes que j' aime beaucoup n' est pas importante <eos>,12,importante,important,10,F,P,importante,-7.728339,important,-11.036477,1
5004,S_NOUN_7_ADJ_b,F,S,la valise avec les pochettes que j' aime beaucoup n' est pas courte <eos>,12,courte,court,10,F,P,courte,-9.933765,court,-12.41448,1
5005,S_NOUN_7_ADJ_b,F,S,la valise avec les pochettes que j' aime beaucoup n' est pas dure <eos>,12,dure,dur,10,F,P,dure,-8.996111,dur,-11.54168,1
5006,S_NOUN_7_ADJ_b,F,S,la valise avec les pochettes que j' aime beaucoup n' est pas claire <eos>,12,claire,clair,10,F,P,claire,-5.5946183,clair,-8.311045,1
5007,S_NOUN_7_ADJ_b,F,S,la valise avec les pochettes que j' aime beaucoup n' est pas intéressante <eos>,12,intéressante,intéressant,10,F,P,intéressante,-8.017115,intéressant,-11.247143,1
5008,S_NOUN_7_ADJ_b,F,S,la valise avec les pochettes que j' aime beaucoup n' est pas brillante <eos>,12,brillante,brillant,10,F,P,brillante,-9.009514,brillant,-13.687002,1
5009,S_NOUN_7_ADJ_b,F,S,la valise avec les pochettes que j' aime beaucoup n' est pas compliquée <eos>,12,compliquée,compliqué,10,F,P,compliquée,-10.226701,compliqué,-12.444069,1
5010,S_NOUN_7_ADJ_b,F,S,la valise avec les bananes que j' aime beaucoup n' est pas verte <eos>,12,verte,vert,10,F,P,verte,-10.217232,vert,-10.900257,1
5011,S_NOUN_7_ADJ_b,F,S,la valise avec les bananes que j' aime beaucoup n' est pas bleue <eos>,12,bleue,bleu,10,F,P,bleue,-9.016727,bleu,-10.721634,1
5012,S_NOUN_7_ADJ_b,F,S,la valise avec les bananes que j' aime beaucoup n' est pas noire <eos>,12,noire,noir,10,F,P,noire,-8.838434,noir,-8.743206,0
5013,S_NOUN_7_ADJ_b,F,S,la valise avec les bananes que j' aime beaucoup n' est pas délicate <eos>,12,délicate,délicat,10,F,P,délicate,-11.62557,délicat,-13.667441,1
5014,S_NOUN_7_ADJ_b,F,S,la valise avec les bananes que j' aime beaucoup n' est pas pointue <eos>,12,pointue,pointu,10,F,P,pointue,-13.288835,pointu,-15.267602,1
5015,S_NOUN_7_ADJ_b,F,S,la valise avec les bananes que j' aime beaucoup n' est pas ronde <eos>,12,ronde,rond,10,F,P,ronde,-9.229068,rond,-10.573463,1
5016,S_NOUN_7_ADJ_b,F,S,la valise avec les bananes que j' aime beaucoup n' est pas froide <eos>,12,froide,froid,10,F,P,froide,-9.362145,froid,-13.193427,1
5017,S_NOUN_7_ADJ_b,F,S,la valise avec les bananes que j' aime beaucoup n' est pas chaude <eos>,12,chaude,chaud,10,F,P,chaude,-7.98761,chaud,-12.402373,1
5018,S_NOUN_7_ADJ_b,F,S,la valise avec les bananes que j' aime beaucoup n' est pas importante <eos>,12,importante,important,10,F,P,importante,-8.052092,important,-11.328388,1
5019,S_NOUN_7_ADJ_b,F,S,la valise avec les bananes que j' aime beaucoup n' est pas courte <eos>,12,courte,court,10,F,P,courte,-9.578455,court,-12.158166,1
5020,S_NOUN_7_ADJ_b,F,S,la valise avec les bananes que j' aime beaucoup n' est pas dure <eos>,12,dure,dur,10,F,P,dure,-8.403933,dur,-11.299437,1
5021,S_NOUN_7_ADJ_b,F,S,la valise avec les bananes que j' aime beaucoup n' est pas claire <eos>,12,claire,clair,10,F,P,claire,-5.605883,clair,-7.764014,1
5022,S_NOUN_7_ADJ_b,F,S,la valise avec les bananes que j' aime beaucoup n' est pas intéressante <eos>,12,intéressante,intéressant,10,F,P,intéressante,-7.9820023,intéressant,-11.247412,1
5023,S_NOUN_7_ADJ_b,F,S,la valise avec les bananes que j' aime beaucoup n' est pas brillante <eos>,12,brillante,brillant,10,F,P,brillante,-7.7643437,brillant,-12.239588,1
5024,S_NOUN_7_ADJ_b,F,S,la valise avec les bananes que j' aime beaucoup n' est pas compliquée <eos>,12,compliquée,compliqué,10,F,P,compliquée,-9.543356,compliqué,-11.3972435,1
5025,S_NOUN_7_ADJ_b,F,S,la valise avec les robes que j' aime beaucoup n' est pas verte <eos>,12,verte,vert,10,F,P,verte,-10.567436,vert,-10.801758,1
5026,S_NOUN_7_ADJ_b,F,S,la valise avec les robes que j' aime beaucoup n' est pas bleue <eos>,12,bleue,bleu,10,F,P,bleue,-8.467518,bleu,-10.257521,1
5027,S_NOUN_7_ADJ_b,F,S,la valise avec les robes que j' aime beaucoup n' est pas noire <eos>,12,noire,noir,10,F,P,noire,-8.710921,noir,-8.253198,0
5028,S_NOUN_7_ADJ_b,F,S,la valise avec les robes que j' aime beaucoup n' est pas délicate <eos>,12,délicate,délicat,10,F,P,délicate,-11.473633,délicat,-13.409224,1
5029,S_NOUN_7_ADJ_b,F,S,la valise avec les robes que j' aime beaucoup n' est pas pointue <eos>,12,pointue,pointu,10,F,P,pointue,-13.449885,pointu,-15.311621,1
5030,S_NOUN_7_ADJ_b,F,S,la valise avec les robes que j' aime beaucoup n' est pas ronde <eos>,12,ronde,rond,10,F,P,ronde,-9.538309,rond,-10.310238,1
5031,S_NOUN_7_ADJ_b,F,S,la valise avec les robes que j' aime beaucoup n' est pas froide <eos>,12,froide,froid,10,F,P,froide,-10.703541,froid,-13.480319,1
5032,S_NOUN_7_ADJ_b,F,S,la valise avec les robes que j' aime beaucoup n' est pas chaude <eos>,12,chaude,chaud,10,F,P,chaude,-9.599508,chaud,-12.685385,1
5033,S_NOUN_7_ADJ_b,F,S,la valise avec les robes que j' aime beaucoup n' est pas importante <eos>,12,importante,important,10,F,P,importante,-7.9386587,important,-10.86625,1
5034,S_NOUN_7_ADJ_b,F,S,la valise avec les robes que j' aime beaucoup n' est pas courte <eos>,12,courte,court,10,F,P,courte,-9.911802,court,-12.207471,1
5035,S_NOUN_7_ADJ_b,F,S,la valise avec les robes que j' aime beaucoup n' est pas dure <eos>,12,dure,dur,10,F,P,dure,-9.256144,dur,-11.856969,1
5036,S_NOUN_7_ADJ_b,F,S,la valise avec les robes que j' aime beaucoup n' est pas claire <eos>,12,claire,clair,10,F,P,claire,-5.1730537,clair,-7.4333954,1
5037,S_NOUN_7_ADJ_b,F,S,la valise avec les robes que j' aime beaucoup n' est pas intéressante <eos>,12,intéressante,intéressant,10,F,P,intéressante,-8.456641,intéressant,-10.890441,1
5038,S_NOUN_7_ADJ_b,F,S,la valise avec les robes que j' aime beaucoup n' est pas brillante <eos>,12,brillante,brillant,10,F,P,brillante,-7.800053,brillant,-12.214741,1
5039,S_NOUN_7_ADJ_b,F,S,la valise avec les robes que j' aime beaucoup n' est pas compliquée <eos>,12,compliquée,compliqué,10,F,P,compliquée,-9.567377,compliqué,-11.693096,1
5040,S_NOUN_7_ADJ_b,F,S,la valise avec les valises que j' aime beaucoup n' est pas verte <eos>,12,verte,vert,10,F,P,verte,-10.978394,vert,-12.173324,1
5041,S_NOUN_7_ADJ_b,F,S,la valise avec les valises que j' aime beaucoup n' est pas bleue <eos>,12,bleue,bleu,10,F,P,bleue,-9.037966,bleu,-11.704721,1
5042,S_NOUN_7_ADJ_b,F,S,la valise avec les valises que j' aime beaucoup n' est pas noire <eos>,12,noire,noir,10,F,P,noire,-9.440184,noir,-9.56534,1
5043,S_NOUN_7_ADJ_b,F,S,la valise avec les valises que j' aime beaucoup n' est pas délicate <eos>,12,délicate,délicat,10,F,P,délicate,-12.011263,délicat,-14.480936,1
5044,S_NOUN_7_ADJ_b,F,S,la valise avec les valises que j' aime beaucoup n' est pas pointue <eos>,12,pointue,pointu,10,F,P,pointue,-13.748837,pointu,-16.208067,1
5045,S_NOUN_7_ADJ_b,F,S,la valise avec les valises que j' aime beaucoup n' est pas ronde <eos>,12,ronde,rond,10,F,P,ronde,-9.75628,rond,-11.240457,1
5046,S_NOUN_7_ADJ_b,F,S,la valise avec les valises que j' aime beaucoup n' est pas froide <eos>,12,froide,froid,10,F,P,froide,-10.451225,froid,-13.573389,1
5047,S_NOUN_7_ADJ_b,F,S,la valise avec les valises que j' aime beaucoup n' est pas chaude <eos>,12,chaude,chaud,10,F,P,chaude,-8.702948,chaud,-12.874431,1
5048,S_NOUN_7_ADJ_b,F,S,la valise avec les valises que j' aime beaucoup n' est pas importante <eos>,12,importante,important,10,F,P,importante,-7.9366946,important,-11.389692,1
5049,S_NOUN_7_ADJ_b,F,S,la valise avec les valises que j' aime beaucoup n' est pas courte <eos>,12,courte,court,10,F,P,courte,-10.179538,court,-12.6700115,1
5050,S_NOUN_7_ADJ_b,F,S,la valise avec les valises que j' aime beaucoup n' est pas dure <eos>,12,dure,dur,10,F,P,dure,-8.995121,dur,-12.298504,1
5051,S_NOUN_7_ADJ_b,F,S,la valise avec les valises que j' aime beaucoup n' est pas claire <eos>,12,claire,clair,10,F,P,claire,-5.8509426,clair,-8.45019,1
5052,S_NOUN_7_ADJ_b,F,S,la valise avec les valises que j' aime beaucoup n' est pas intéressante <eos>,12,intéressante,intéressant,10,F,P,intéressante,-7.9045854,intéressant,-11.484756,1
5053,S_NOUN_7_ADJ_b,F,S,la valise avec les valises que j' aime beaucoup n' est pas brillante <eos>,12,brillante,brillant,10,F,P,brillante,-8.2301855,brillant,-13.04144,1
5054,S_NOUN_7_ADJ_b,F,S,la valise avec les valises que j' aime beaucoup n' est pas compliquée <eos>,12,compliquée,compliqué,10,F,P,compliquée,-9.194229,compliqué,-11.897254,1
5055,S_NOUN_7_ADJ_b,F,S,la valise avec les pendules que j' aime beaucoup n' est pas verte <eos>,12,verte,vert,10,F,P,verte,-10.714201,vert,-11.45446,1
5056,S_NOUN_7_ADJ_b,F,S,la valise avec les pendules que j' aime beaucoup n' est pas bleue <eos>,12,bleue,bleu,10,F,P,bleue,-9.321225,bleu,-10.842023,1
5057,S_NOUN_7_ADJ_b,F,S,la valise avec les pendules que j' aime beaucoup n' est pas noire <eos>,12,noire,noir,10,F,P,noire,-9.076689,noir,-8.872559,0
5058,S_NOUN_7_ADJ_b,F,S,la valise avec les pendules que j' aime beaucoup n' est pas délicate <eos>,12,délicate,délicat,10,F,P,délicate,-11.487477,délicat,-13.177111,1
5059,S_NOUN_7_ADJ_b,F,S,la valise avec les pendules que j' aime beaucoup n' est pas pointue <eos>,12,pointue,pointu,10,F,P,pointue,-13.804316,pointu,-15.551651,1
5060,S_NOUN_7_ADJ_b,F,S,la valise avec les pendules que j' aime beaucoup n' est pas ronde <eos>,12,ronde,rond,10,F,P,ronde,-10.501578,rond,-10.830728,1
5061,S_NOUN_7_ADJ_b,F,S,la valise avec les pendules que j' aime beaucoup n' est pas froide <eos>,12,froide,froid,10,F,P,froide,-9.994602,froid,-13.092985,1
5062,S_NOUN_7_ADJ_b,F,S,la valise avec les pendules que j' aime beaucoup n' est pas chaude <eos>,12,chaude,chaud,10,F,P,chaude,-8.488983,chaud,-12.602508,1
5063,S_NOUN_7_ADJ_b,F,S,la valise avec les pendules que j' aime beaucoup n' est pas importante <eos>,12,importante,important,10,F,P,importante,-8.110931,important,-10.86771,1
5064,S_NOUN_7_ADJ_b,F,S,la valise avec les pendules que j' aime beaucoup n' est pas courte <eos>,12,courte,court,10,F,P,courte,-10.240992,court,-12.399472,1
5065,S_NOUN_7_ADJ_b,F,S,la valise avec les pendules que j' aime beaucoup n' est pas dure <eos>,12,dure,dur,10,F,P,dure,-9.121851,dur,-12.126455,1
5066,S_NOUN_7_ADJ_b,F,S,la valise avec les pendules que j' aime beaucoup n' est pas claire <eos>,12,claire,clair,10,F,P,claire,-5.81275,clair,-8.276664,1
5067,S_NOUN_7_ADJ_b,F,S,la valise avec les pendules que j' aime beaucoup n' est pas intéressante <eos>,12,intéressante,intéressant,10,F,P,intéressante,-8.416149,intéressant,-10.563398,1
5068,S_NOUN_7_ADJ_b,F,S,la valise avec les pendules que j' aime beaucoup n' est pas brillante <eos>,12,brillante,brillant,10,F,P,brillante,-7.9902225,brillant,-12.199259,1
5069,S_NOUN_7_ADJ_b,F,S,la valise avec les pendules que j' aime beaucoup n' est pas compliquée <eos>,12,compliquée,compliqué,10,F,P,compliquée,-9.728784,compliqué,-11.281341,1
5070,S_NOUN_7_ADJ_b,F,S,la valise avec les cloches que j' aime beaucoup n' est pas verte <eos>,12,verte,vert,10,F,P,verte,-11.083532,vert,-11.670288,1
5071,S_NOUN_7_ADJ_b,F,S,la valise avec les cloches que j' aime beaucoup n' est pas bleue <eos>,12,bleue,bleu,10,F,P,bleue,-9.618037,bleu,-11.170061,1
5072,S_NOUN_7_ADJ_b,F,S,la valise avec les cloches que j' aime beaucoup n' est pas noire <eos>,12,noire,noir,10,F,P,noire,-9.366172,noir,-9.176083,0
5073,S_NOUN_7_ADJ_b,F,S,la valise avec les cloches que j' aime beaucoup n' est pas délicate <eos>,12,délicate,délicat,10,F,P,délicate,-11.536691,délicat,-13.553564,1
5074,S_NOUN_7_ADJ_b,F,S,la valise avec les cloches que j' aime beaucoup n' est pas pointue <eos>,12,pointue,pointu,10,F,P,pointue,-13.029126,pointu,-15.485362,1
5075,S_NOUN_7_ADJ_b,F,S,la valise avec les cloches que j' aime beaucoup n' est pas ronde <eos>,12,ronde,rond,10,F,P,ronde,-9.951152,rond,-10.751503,1
5076,S_NOUN_7_ADJ_b,F,S,la valise avec les cloches que j' aime beaucoup n' est pas froide <eos>,12,froide,froid,10,F,P,froide,-10.494831,froid,-13.3807335,1
5077,S_NOUN_7_ADJ_b,F,S,la valise avec les cloches que j' aime beaucoup n' est pas chaude <eos>,12,chaude,chaud,10,F,P,chaude,-8.946043,chaud,-12.765877,1
5078,S_NOUN_7_ADJ_b,F,S,la valise avec les cloches que j' aime beaucoup n' est pas importante <eos>,12,importante,important,10,F,P,importante,-7.8667526,important,-11.069317,1
5079,S_NOUN_7_ADJ_b,F,S,la valise avec les cloches que j' aime beaucoup n' est pas courte <eos>,12,courte,court,10,F,P,courte,-9.941245,court,-12.349346,1
5080,S_NOUN_7_ADJ_b,F,S,la valise avec les cloches que j' aime beaucoup n' est pas dure <eos>,12,dure,dur,10,F,P,dure,-9.111521,dur,-12.178066,1
5081,S_NOUN_7_ADJ_b,F,S,la valise avec les cloches que j' aime beaucoup n' est pas claire <eos>,12,claire,clair,10,F,P,claire,-5.9079742,clair,-8.092572,1
5082,S_NOUN_7_ADJ_b,F,S,la valise avec les cloches que j' aime beaucoup n' est pas intéressante <eos>,12,intéressante,intéressant,10,F,P,intéressante,-8.183151,intéressant,-10.625294,1
5083,S_NOUN_7_ADJ_b,F,S,la valise avec les cloches que j' aime beaucoup n' est pas brillante <eos>,12,brillante,brillant,10,F,P,brillante,-8.201457,brillant,-12.731795,1
5084,S_NOUN_7_ADJ_b,F,S,la valise avec les cloches que j' aime beaucoup n' est pas compliquée <eos>,12,compliquée,compliqué,10,F,P,compliquée,-9.632223,compliqué,-11.545266,1
5085,S_NOUN_7_ADJ_b,F,S,la valise avec les cerises que j' aime beaucoup n' est pas verte <eos>,12,verte,vert,10,F,P,verte,-10.592546,vert,-10.855909,1
5086,S_NOUN_7_ADJ_b,F,S,la valise avec les cerises que j' aime beaucoup n' est pas bleue <eos>,12,bleue,bleu,10,F,P,bleue,-9.1028,bleu,-10.607543,1
5087,S_NOUN_7_ADJ_b,F,S,la valise avec les cerises que j' aime beaucoup n' est pas noire <eos>,12,noire,noir,10,F,P,noire,-9.106886,noir,-8.539892,0
5088,S_NOUN_7_ADJ_b,F,S,la valise avec les cerises que j' aime beaucoup n' est pas délicate <eos>,12,délicate,délicat,10,F,P,délicate,-11.570527,délicat,-13.387953,1
5089,S_NOUN_7_ADJ_b,F,S,la valise avec les cerises que j' aime beaucoup n' est pas pointue <eos>,12,pointue,pointu,10,F,P,pointue,-13.677755,pointu,-15.416401,1
5090,S_NOUN_7_ADJ_b,F,S,la valise avec les cerises que j' aime beaucoup n' est pas ronde <eos>,12,ronde,rond,10,F,P,ronde,-9.721193,rond,-10.369764,1
5091,S_NOUN_7_ADJ_b,F,S,la valise avec les cerises que j' aime beaucoup n' est pas froide <eos>,12,froide,froid,10,F,P,froide,-9.562867,froid,-12.585673,1
5092,S_NOUN_7_ADJ_b,F,S,la valise avec les cerises que j' aime beaucoup n' est pas chaude <eos>,12,chaude,chaud,10,F,P,chaude,-8.409266,chaud,-12.162394,1
5093,S_NOUN_7_ADJ_b,F,S,la valise avec les cerises que j' aime beaucoup n' est pas importante <eos>,12,importante,important,10,F,P,importante,-8.28276,important,-11.207186,1
5094,S_NOUN_7_ADJ_b,F,S,la valise avec les cerises que j' aime beaucoup n' est pas courte <eos>,12,courte,court,10,F,P,courte,-9.931926,court,-12.054444,1
5095,S_NOUN_7_ADJ_b,F,S,la valise avec les cerises que j' aime beaucoup n' est pas dure <eos>,12,dure,dur,10,F,P,dure,-8.779907,dur,-11.796608,1
5096,S_NOUN_7_ADJ_b,F,S,la valise avec les cerises que j' aime beaucoup n' est pas claire <eos>,12,claire,clair,10,F,P,claire,-5.5178423,clair,-7.6631746,1
5097,S_NOUN_7_ADJ_b,F,S,la valise avec les cerises que j' aime beaucoup n' est pas intéressante <eos>,12,intéressante,intéressant,10,F,P,intéressante,-8.146231,intéressant,-10.894271,1
5098,S_NOUN_7_ADJ_b,F,S,la valise avec les cerises que j' aime beaucoup n' est pas brillante <eos>,12,brillante,brillant,10,F,P,brillante,-7.8605566,brillant,-12.393491,1
5099,S_NOUN_7_ADJ_b,F,S,la valise avec les cerises que j' aime beaucoup n' est pas compliquée <eos>,12,compliquée,compliqué,10,F,P,compliquée,-9.591129,compliqué,-11.337082,1
5100,S_NOUN_7_ADJ_b,F,S,la pendule avec les gemmes que j' aime beaucoup n' est pas verte <eos>,12,verte,vert,10,F,P,verte,-8.075044,vert,-9.295304,1
5101,S_NOUN_7_ADJ_b,F,S,la pendule avec les gemmes que j' aime beaucoup n' est pas bleue <eos>,12,bleue,bleu,10,F,P,bleue,-8.834049,bleu,-9.072331,1
5102,S_NOUN_7_ADJ_b,F,S,la pendule avec les gemmes que j' aime beaucoup n' est pas noire <eos>,12,noire,noir,10,F,P,noire,-7.8496804,noir,-8.438938,1
5103,S_NOUN_7_ADJ_b,F,S,la pendule avec les gemmes que j' aime beaucoup n' est pas délicate <eos>,12,délicate,délicat,10,F,P,délicate,-11.563761,délicat,-13.116771,1
5104,S_NOUN_7_ADJ_b,F,S,la pendule avec les gemmes que j' aime beaucoup n' est pas pointue <eos>,12,pointue,pointu,10,F,P,pointue,-11.749363,pointu,-13.950233,1
5105,S_NOUN_7_ADJ_b,F,S,la pendule avec les gemmes que j' aime beaucoup n' est pas ronde <eos>,12,ronde,rond,10,F,P,ronde,-10.378546,rond,-10.07205,0
5106,S_NOUN_7_ADJ_b,F,S,la pendule avec les gemmes que j' aime beaucoup n' est pas froide <eos>,12,froide,froid,10,F,P,froide,-8.176033,froid,-12.44385,1
5107,S_NOUN_7_ADJ_b,F,S,la pendule avec les gemmes que j' aime beaucoup n' est pas chaude <eos>,12,chaude,chaud,10,F,P,chaude,-7.553295,chaud,-11.965654,1
5108,S_NOUN_7_ADJ_b,F,S,la pendule avec les gemmes que j' aime beaucoup n' est pas importante <eos>,12,importante,important,10,F,P,importante,-8.319174,important,-11.315869,1
5109,S_NOUN_7_ADJ_b,F,S,la pendule avec les gemmes que j' aime beaucoup n' est pas courte <eos>,12,courte,court,10,F,P,courte,-10.261396,court,-12.538646,1
5110,S_NOUN_7_ADJ_b,F,S,la pendule avec les gemmes que j' aime beaucoup n' est pas dure <eos>,12,dure,dur,10,F,P,dure,-9.128882,dur,-10.362769,1
5111,S_NOUN_7_ADJ_b,F,S,la pendule avec les gemmes que j' aime beaucoup n' est pas claire <eos>,12,claire,clair,10,F,P,claire,-5.675169,clair,-7.6912403,1
5112,S_NOUN_7_ADJ_b,F,S,la pendule avec les gemmes que j' aime beaucoup n' est pas intéressante <eos>,12,intéressante,intéressant,10,F,P,intéressante,-9.335362,intéressant,-10.611423,1
5113,S_NOUN_7_ADJ_b,F,S,la pendule avec les gemmes que j' aime beaucoup n' est pas brillante <eos>,12,brillante,brillant,10,F,P,brillante,-6.570695,brillant,-9.6482935,1
5114,S_NOUN_7_ADJ_b,F,S,la pendule avec les gemmes que j' aime beaucoup n' est pas compliquée <eos>,12,compliquée,compliqué,10,F,P,compliquée,-11.114309,compliqué,-11.651979,1
5115,S_NOUN_7_ADJ_b,F,S,la pendule avec les chaises que j' aime beaucoup n' est pas verte <eos>,12,verte,vert,10,F,P,verte,-9.27806,vert,-10.53554,1
5116,S_NOUN_7_ADJ_b,F,S,la pendule avec les chaises que j' aime beaucoup n' est pas bleue <eos>,12,bleue,bleu,10,F,P,bleue,-9.886789,bleu,-10.187924,1
5117,S_NOUN_7_ADJ_b,F,S,la pendule avec les chaises que j' aime beaucoup n' est pas noire <eos>,12,noire,noir,10,F,P,noire,-8.7057495,noir,-9.512071,1
5118,S_NOUN_7_ADJ_b,F,S,la pendule avec les chaises que j' aime beaucoup n' est pas délicate <eos>,12,délicate,délicat,10,F,P,délicate,-11.301355,délicat,-12.505237,1
5119,S_NOUN_7_ADJ_b,F,S,la pendule avec les chaises que j' aime beaucoup n' est pas pointue <eos>,12,pointue,pointu,10,F,P,pointue,-11.710369,pointu,-14.008345,1
5120,S_NOUN_7_ADJ_b,F,S,la pendule avec les chaises que j' aime beaucoup n' est pas ronde <eos>,12,ronde,rond,10,F,P,ronde,-10.0721655,rond,-9.703871,0
5121,S_NOUN_7_ADJ_b,F,S,la pendule avec les chaises que j' aime beaucoup n' est pas froide <eos>,12,froide,froid,10,F,P,froide,-9.035986,froid,-12.711815,1
5122,S_NOUN_7_ADJ_b,F,S,la pendule avec les chaises que j' aime beaucoup n' est pas chaude <eos>,12,chaude,chaud,10,F,P,chaude,-7.6777606,chaud,-12.148121,1
5123,S_NOUN_7_ADJ_b,F,S,la pendule avec les chaises que j' aime beaucoup n' est pas importante <eos>,12,importante,important,10,F,P,importante,-8.356045,important,-11.072166,1
5124,S_NOUN_7_ADJ_b,F,S,la pendule avec les chaises que j' aime beaucoup n' est pas courte <eos>,12,courte,court,10,F,P,courte,-10.282394,court,-12.125586,1
5125,S_NOUN_7_ADJ_b,F,S,la pendule avec les chaises que j' aime beaucoup n' est pas dure <eos>,12,dure,dur,10,F,P,dure,-9.008162,dur,-11.210186,1
5126,S_NOUN_7_ADJ_b,F,S,la pendule avec les chaises que j' aime beaucoup n' est pas claire <eos>,12,claire,clair,10,F,P,claire,-5.4712696,clair,-8.298147,1
5127,S_NOUN_7_ADJ_b,F,S,la pendule avec les chaises que j' aime beaucoup n' est pas intéressante <eos>,12,intéressante,intéressant,10,F,P,intéressante,-9.61766,intéressant,-10.81305,1
5128,S_NOUN_7_ADJ_b,F,S,la pendule avec les chaises que j' aime beaucoup n' est pas brillante <eos>,12,brillante,brillant,10,F,P,brillante,-7.7631397,brillant,-10.578421,1
5129,S_NOUN_7_ADJ_b,F,S,la pendule avec les chaises que j' aime beaucoup n' est pas compliquée <eos>,12,compliquée,compliqué,10,F,P,compliquée,-10.689136,compliqué,-11.738346,1
5130,S_NOUN_7_ADJ_b,F,S,la pendule avec les poubelles que j' aime beaucoup n' est pas verte <eos>,12,verte,vert,10,F,P,verte,-8.567902,vert,-10.219252,1
5131,S_NOUN_7_ADJ_b,F,S,la pendule avec les poubelles que j' aime beaucoup n' est pas bleue <eos>,12,bleue,bleu,10,F,P,bleue,-9.761346,bleu,-10.481154,1
5132,S_NOUN_7_ADJ_b,F,S,la pendule avec les poubelles que j' aime beaucoup n' est pas noire <eos>,12,noire,noir,10,F,P,noire,-8.803347,noir,-9.473108,1
5133,S_NOUN_7_ADJ_b,F,S,la pendule avec les poubelles que j' aime beaucoup n' est pas délicate <eos>,12,délicate,délicat,10,F,P,délicate,-11.7060375,délicat,-12.767928,1
5134,S_NOUN_7_ADJ_b,F,S,la pendule avec les poubelles que j' aime beaucoup n' est pas pointue <eos>,12,pointue,pointu,10,F,P,pointue,-11.853362,pointu,-14.118313,1
5135,S_NOUN_7_ADJ_b,F,S,la pendule avec les poubelles que j' aime beaucoup n' est pas ronde <eos>,12,ronde,rond,10,F,P,ronde,-10.908971,rond,-10.439863,0
5136,S_NOUN_7_ADJ_b,F,S,la pendule avec les poubelles que j' aime beaucoup n' est pas froide <eos>,12,froide,froid,10,F,P,froide,-8.656332,froid,-12.281141,1
5137,S_NOUN_7_ADJ_b,F,S,la pendule avec les poubelles que j' aime beaucoup n' est pas chaude <eos>,12,chaude,chaud,10,F,P,chaude,-7.845057,chaud,-12.177996,1
5138,S_NOUN_7_ADJ_b,F,S,la pendule avec les poubelles que j' aime beaucoup n' est pas importante <eos>,12,importante,important,10,F,P,importante,-8.5183115,important,-11.026369,1
5139,S_NOUN_7_ADJ_b,F,S,la pendule avec les poubelles que j' aime beaucoup n' est pas courte <eos>,12,courte,court,10,F,P,courte,-10.463615,court,-12.351963,1
5140,S_NOUN_7_ADJ_b,F,S,la pendule avec les poubelles que j' aime beaucoup n' est pas dure <eos>,12,dure,dur,10,F,P,dure,-8.956465,dur,-10.583892,1
5141,S_NOUN_7_ADJ_b,F,S,la pendule avec les poubelles que j' aime beaucoup n' est pas claire <eos>,12,claire,clair,10,F,P,claire,-5.9137926,clair,-8.540214,1
5142,S_NOUN_7_ADJ_b,F,S,la pendule avec les poubelles que j' aime beaucoup n' est pas intéressante <eos>,12,intéressante,intéressant,10,F,P,intéressante,-9.551754,intéressant,-10.377046,1
5143,S_NOUN_7_ADJ_b,F,S,la pendule avec les poubelles que j' aime beaucoup n' est pas brillante <eos>,12,brillante,brillant,10,F,P,brillante,-8.301186,brillant,-10.734497,1
5144,S_NOUN_7_ADJ_b,F,S,la pendule avec les poubelles que j' aime beaucoup n' est pas compliquée <eos>,12,compliquée,compliqué,10,F,P,compliquée,-10.78725,compliqué,-11.659307,1
5145,S_NOUN_7_ADJ_b,F,S,la pendule avec les chemises que j' aime beaucoup n' est pas verte <eos>,12,verte,vert,10,F,P,verte,-8.777629,vert,-9.700495,1
5146,S_NOUN_7_ADJ_b,F,S,la pendule avec les chemises que j' aime beaucoup n' est pas bleue <eos>,12,bleue,bleu,10,F,P,bleue,-9.248526,bleu,-9.515515,1
5147,S_NOUN_7_ADJ_b,F,S,la pendule avec les chemises que j' aime beaucoup n' est pas noire <eos>,12,noire,noir,10,F,P,noire,-8.1967325,noir,-8.580698,1
5148,S_NOUN_7_ADJ_b,F,S,la pendule avec les chemises que j' aime beaucoup n' est pas délicate <eos>,12,délicate,délicat,10,F,P,délicate,-11.502813,délicat,-12.486537,1
5149,S_NOUN_7_ADJ_b,F,S,la pendule avec les chemises que j' aime beaucoup n' est pas pointue <eos>,12,pointue,pointu,10,F,P,pointue,-11.366731,pointu,-13.728947,1
5150,S_NOUN_7_ADJ_b,F,S,la pendule avec les chemises que j' aime beaucoup n' est pas ronde <eos>,12,ronde,rond,10,F,P,ronde,-10.510877,rond,-9.949181,0
5151,S_NOUN_7_ADJ_b,F,S,la pendule avec les chemises que j' aime beaucoup n' est pas froide <eos>,12,froide,froid,10,F,P,froide,-8.8224945,froid,-12.072199,1
5152,S_NOUN_7_ADJ_b,F,S,la pendule avec les chemises que j' aime beaucoup n' est pas chaude <eos>,12,chaude,chaud,10,F,P,chaude,-7.766201,chaud,-11.459837,1
5153,S_NOUN_7_ADJ_b,F,S,la pendule avec les chemises que j' aime beaucoup n' est pas importante <eos>,12,importante,important,10,F,P,importante,-8.324368,important,-10.939183,1
5154,S_NOUN_7_ADJ_b,F,S,la pendule avec les chemises que j' aime beaucoup n' est pas courte <eos>,12,courte,court,10,F,P,courte,-9.925852,court,-11.774424,1
5155,S_NOUN_7_ADJ_b,F,S,la pendule avec les chemises que j' aime beaucoup n' est pas dure <eos>,12,dure,dur,10,F,P,dure,-8.381405,dur,-10.476643,1
5156,S_NOUN_7_ADJ_b,F,S,la pendule avec les chemises que j' aime beaucoup n' est pas claire <eos>,12,claire,clair,10,F,P,claire,-5.2993717,clair,-7.782552,1
5157,S_NOUN_7_ADJ_b,F,S,la pendule avec les chemises que j' aime beaucoup n' est pas intéressante <eos>,12,intéressante,intéressant,10,F,P,intéressante,-10.050371,intéressant,-10.510489,1
5158,S_NOUN_7_ADJ_b,F,S,la pendule avec les chemises que j' aime beaucoup n' est pas brillante <eos>,12,brillante,brillant,10,F,P,brillante,-6.937826,brillant,-9.180851,1
5159,S_NOUN_7_ADJ_b,F,S,la pendule avec les chemises que j' aime beaucoup n' est pas compliquée <eos>,12,compliquée,compliqué,10,F,P,compliquée,-10.831825,compliqué,-11.737056,1
5160,S_NOUN_7_ADJ_b,F,S,la pendule avec les recettes que j' aime beaucoup n' est pas verte <eos>,12,verte,vert,10,F,P,verte,-8.981137,vert,-10.422335,1
5161,S_NOUN_7_ADJ_b,F,S,la pendule avec les recettes que j' aime beaucoup n' est pas bleue <eos>,12,bleue,bleu,10,F,P,bleue,-10.173573,bleu,-10.397611,1
5162,S_NOUN_7_ADJ_b,F,S,la pendule avec les recettes que j' aime beaucoup n' est pas noire <eos>,12,noire,noir,10,F,P,noire,-8.455061,noir,-9.305044,1
5163,S_NOUN_7_ADJ_b,F,S,la pendule avec les recettes que j' aime beaucoup n' est pas délicate <eos>,12,délicate,délicat,10,F,P,délicate,-11.403981,délicat,-12.236679,1
5164,S_NOUN_7_ADJ_b,F,S,la pendule avec les recettes que j' aime beaucoup n' est pas pointue <eos>,12,pointue,pointu,10,F,P,pointue,-11.899384,pointu,-14.106016,1
5165,S_NOUN_7_ADJ_b,F,S,la pendule avec les recettes que j' aime beaucoup n' est pas ronde <eos>,12,ronde,rond,10,F,P,ronde,-10.576281,rond,-10.271887,0
5166,S_NOUN_7_ADJ_b,F,S,la pendule avec les recettes que j' aime beaucoup n' est pas froide <eos>,12,froide,froid,10,F,P,froide,-8.549832,froid,-12.194687,1
5167,S_NOUN_7_ADJ_b,F,S,la pendule avec les recettes que j' aime beaucoup n' est pas chaude <eos>,12,chaude,chaud,10,F,P,chaude,-7.549874,chaud,-11.900595,1
5168,S_NOUN_7_ADJ_b,F,S,la pendule avec les recettes que j' aime beaucoup n' est pas importante <eos>,12,importante,important,10,F,P,importante,-7.7772207,important,-10.658964,1
5169,S_NOUN_7_ADJ_b,F,S,la pendule avec les recettes que j' aime beaucoup n' est pas courte <eos>,12,courte,court,10,F,P,courte,-10.105953,court,-11.786698,1
5170,S_NOUN_7_ADJ_b,F,S,la pendule avec les recettes que j' aime beaucoup n' est pas dure <eos>,12,dure,dur,10,F,P,dure,-9.018609,dur,-11.119627,1
5171,S_NOUN_7_ADJ_b,F,S,la pendule avec les recettes que j' aime beaucoup n' est pas claire <eos>,12,claire,clair,10,F,P,claire,-5.883851,clair,-8.494538,1
5172,S_NOUN_7_ADJ_b,F,S,la pendule avec les recettes que j' aime beaucoup n' est pas intéressante <eos>,12,intéressante,intéressant,10,F,P,intéressante,-9.198736,intéressant,-10.408794,1
5173,S_NOUN_7_ADJ_b,F,S,la pendule avec les recettes que j' aime beaucoup n' est pas brillante <eos>,12,brillante,brillant,10,F,P,brillante,-7.76766,brillant,-10.381833,1
5174,S_NOUN_7_ADJ_b,F,S,la pendule avec les recettes que j' aime beaucoup n' est pas compliquée <eos>,12,compliquée,compliqué,10,F,P,compliquée,-11.184831,compliqué,-11.619719,1
5175,S_NOUN_7_ADJ_b,F,S,la pendule avec les jupes que j' aime beaucoup n' est pas verte <eos>,12,verte,vert,10,F,P,verte,-9.137058,vert,-10.196174,1
5176,S_NOUN_7_ADJ_b,F,S,la pendule avec les jupes que j' aime beaucoup n' est pas bleue <eos>,12,bleue,bleu,10,F,P,bleue,-9.574325,bleu,-9.903861,1
5177,S_NOUN_7_ADJ_b,F,S,la pendule avec les jupes que j' aime beaucoup n' est pas noire <eos>,12,noire,noir,10,F,P,noire,-8.547929,noir,-9.18503,1
5178,S_NOUN_7_ADJ_b,F,S,la pendule avec les jupes que j' aime beaucoup n' est pas délicate <eos>,12,délicate,délicat,10,F,P,délicate,-11.137385,délicat,-12.184402,1
5179,S_NOUN_7_ADJ_b,F,S,la pendule avec les jupes que j' aime beaucoup n' est pas pointue <eos>,12,pointue,pointu,10,F,P,pointue,-11.045495,pointu,-13.265941,1
5180,S_NOUN_7_ADJ_b,F,S,la pendule avec les jupes que j' aime beaucoup n' est pas ronde <eos>,12,ronde,rond,10,F,P,ronde,-10.332931,rond,-9.695802,0
5181,S_NOUN_7_ADJ_b,F,S,la pendule avec les jupes que j' aime beaucoup n' est pas froide <eos>,12,froide,froid,10,F,P,froide,-9.726996,froid,-12.7048,1
5182,S_NOUN_7_ADJ_b,F,S,la pendule avec les jupes que j' aime beaucoup n' est pas chaude <eos>,12,chaude,chaud,10,F,P,chaude,-8.422496,chaud,-11.950422,1
5183,S_NOUN_7_ADJ_b,F,S,la pendule avec les jupes que j' aime beaucoup n' est pas importante <eos>,12,importante,important,10,F,P,importante,-8.297876,important,-11.063152,1
5184,S_NOUN_7_ADJ_b,F,S,la pendule avec les jupes que j' aime beaucoup n' est pas courte <eos>,12,courte,court,10,F,P,courte,-9.52375,court,-11.462451,1
5185,S_NOUN_7_ADJ_b,F,S,la pendule avec les jupes que j' aime beaucoup n' est pas dure <eos>,12,dure,dur,10,F,P,dure,-8.604893,dur,-11.019682,1
5186,S_NOUN_7_ADJ_b,F,S,la pendule avec les jupes que j' aime beaucoup n' est pas claire <eos>,12,claire,clair,10,F,P,claire,-5.2652283,clair,-7.8686113,1
5187,S_NOUN_7_ADJ_b,F,S,la pendule avec les jupes que j' aime beaucoup n' est pas intéressante <eos>,12,intéressante,intéressant,10,F,P,intéressante,-10.039557,intéressant,-10.411582,1
5188,S_NOUN_7_ADJ_b,F,S,la pendule avec les jupes que j' aime beaucoup n' est pas brillante <eos>,12,brillante,brillant,10,F,P,brillante,-7.234555,brillant,-9.332671,1
5189,S_NOUN_7_ADJ_b,F,S,la pendule avec les jupes que j' aime beaucoup n' est pas compliquée <eos>,12,compliquée,compliqué,10,F,P,compliquée,-10.309334,compliqué,-11.475296,1
5190,S_NOUN_7_ADJ_b,F,S,la pendule avec les colles que j' aime beaucoup n' est pas verte <eos>,12,verte,vert,10,F,P,verte,-8.892002,vert,-10.141829,1
5191,S_NOUN_7_ADJ_b,F,S,la pendule avec les colles que j' aime beaucoup n' est pas bleue <eos>,12,bleue,bleu,10,F,P,bleue,-9.823126,bleu,-9.95752,1
5192,S_NOUN_7_ADJ_b,F,S,la pendule avec les colles que j' aime beaucoup n' est pas noire <eos>,12,noire,noir,10,F,P,noire,-8.464474,noir,-9.093642,1
5193,S_NOUN_7_ADJ_b,F,S,la pendule avec les colles que j' aime beaucoup n' est pas délicate <eos>,12,délicate,délicat,10,F,P,délicate,-10.952933,délicat,-12.233939,1
5194,S_NOUN_7_ADJ_b,F,S,la pendule avec les colles que j' aime beaucoup n' est pas pointue <eos>,12,pointue,pointu,10,F,P,pointue,-12.238043,pointu,-14.733384,1
5195,S_NOUN_7_ADJ_b,F,S,la pendule avec les colles que j' aime beaucoup n' est pas ronde <eos>,12,ronde,rond,10,F,P,ronde,-10.815084,rond,-10.534424,0
5196,S_NOUN_7_ADJ_b,F,S,la pendule avec les colles que j' aime beaucoup n' est pas froide <eos>,12,froide,froid,10,F,P,froide,-8.604597,froid,-12.260506,1
5197,S_NOUN_7_ADJ_b,F,S,la pendule avec les colles que j' aime beaucoup n' est pas chaude <eos>,12,chaude,chaud,10,F,P,chaude,-7.7492495,chaud,-11.641115,1
5198,S_NOUN_7_ADJ_b,F,S,la pendule avec les colles que j' aime beaucoup n' est pas importante <eos>,12,importante,important,10,F,P,importante,-8.340277,important,-10.889586,1
5199,S_NOUN_7_ADJ_b,F,S,la pendule avec les colles que j' aime beaucoup n' est pas courte <eos>,12,courte,court,10,F,P,courte,-10.6327715,court,-12.69476,1
5200,S_NOUN_7_ADJ_b,F,S,la pendule avec les colles que j' aime beaucoup n' est pas dure <eos>,12,dure,dur,10,F,P,dure,-8.9592495,dur,-10.898051,1
5201,S_NOUN_7_ADJ_b,F,S,la pendule avec les colles que j' aime beaucoup n' est pas claire <eos>,12,claire,clair,10,F,P,claire,-5.5609183,clair,-8.197748,1
5202,S_NOUN_7_ADJ_b,F,S,la pendule avec les colles que j' aime beaucoup n' est pas intéressante <eos>,12,intéressante,intéressant,10,F,P,intéressante,-9.380515,intéressant,-10.207554,1
5203,S_NOUN_7_ADJ_b,F,S,la pendule avec les colles que j' aime beaucoup n' est pas brillante <eos>,12,brillante,brillant,10,F,P,brillante,-7.2157516,brillant,-9.568489,1
5204,S_NOUN_7_ADJ_b,F,S,la pendule avec les colles que j' aime beaucoup n' est pas compliquée <eos>,12,compliquée,compliqué,10,F,P,compliquée,-10.48024,compliqué,-11.615366,1
5205,S_NOUN_7_ADJ_b,F,S,la pendule avec les lampes que j' aime beaucoup n' est pas verte <eos>,12,verte,vert,10,F,P,verte,-8.319377,vert,-10.045503,1
5206,S_NOUN_7_ADJ_b,F,S,la pendule avec les lampes que j' aime beaucoup n' est pas bleue <eos>,12,bleue,bleu,10,F,P,bleue,-9.348749,bleu,-9.674924,1
5207,S_NOUN_7_ADJ_b,F,S,la pendule avec les lampes que j' aime beaucoup n' est pas noire <eos>,12,noire,noir,10,F,P,noire,-8.323741,noir,-9.083734,1
5208,S_NOUN_7_ADJ_b,F,S,la pendule avec les lampes que j' aime beaucoup n' est pas délicate <eos>,12,délicate,délicat,10,F,P,délicate,-11.555686,délicat,-12.892447,1
5209,S_NOUN_7_ADJ_b,F,S,la pendule avec les lampes que j' aime beaucoup n' est pas pointue <eos>,12,pointue,pointu,10,F,P,pointue,-12.554424,pointu,-14.642692,1
5210,S_NOUN_7_ADJ_b,F,S,la pendule avec les lampes que j' aime beaucoup n' est pas ronde <eos>,12,ronde,rond,10,F,P,ronde,-11.171598,rond,-10.378405,0
5211,S_NOUN_7_ADJ_b,F,S,la pendule avec les lampes que j' aime beaucoup n' est pas froide <eos>,12,froide,froid,10,F,P,froide,-7.625206,froid,-11.946649,1
5212,S_NOUN_7_ADJ_b,F,S,la pendule avec les lampes que j' aime beaucoup n' est pas chaude <eos>,12,chaude,chaud,10,F,P,chaude,-6.796673,chaud,-11.581185,1
5213,S_NOUN_7_ADJ_b,F,S,la pendule avec les lampes que j' aime beaucoup n' est pas importante <eos>,12,importante,important,10,F,P,importante,-8.247813,important,-11.169396,1
5214,S_NOUN_7_ADJ_b,F,S,la pendule avec les lampes que j' aime beaucoup n' est pas courte <eos>,12,courte,court,10,F,P,courte,-10.676872,court,-12.906694,1
5215,S_NOUN_7_ADJ_b,F,S,la pendule avec les lampes que j' aime beaucoup n' est pas dure <eos>,12,dure,dur,10,F,P,dure,-9.229855,dur,-11.487127,1
5216,S_NOUN_7_ADJ_b,F,S,la pendule avec les lampes que j' aime beaucoup n' est pas claire <eos>,12,claire,clair,10,F,P,claire,-5.963741,clair,-8.467858,1
5217,S_NOUN_7_ADJ_b,F,S,la pendule avec les lampes que j' aime beaucoup n' est pas intéressante <eos>,12,intéressante,intéressant,10,F,P,intéressante,-9.40474,intéressant,-10.54348,1
5218,S_NOUN_7_ADJ_b,F,S,la pendule avec les lampes que j' aime beaucoup n' est pas brillante <eos>,12,brillante,brillant,10,F,P,brillante,-7.2842255,brillant,-10.460527,1
5219,S_NOUN_7_ADJ_b,F,S,la pendule avec les lampes que j' aime beaucoup n' est pas compliquée <eos>,12,compliquée,compliqué,10,F,P,compliquée,-11.207399,compliqué,-12.233339,1
5220,S_NOUN_7_ADJ_b,F,S,la pendule avec les bouteilles que j' aime beaucoup n' est pas verte <eos>,12,verte,vert,10,F,P,verte,-8.95792,vert,-10.321329,1
5221,S_NOUN_7_ADJ_b,F,S,la pendule avec les bouteilles que j' aime beaucoup n' est pas bleue <eos>,12,bleue,bleu,10,F,P,bleue,-9.956926,bleu,-10.605803,1
5222,S_NOUN_7_ADJ_b,F,S,la pendule avec les bouteilles que j' aime beaucoup n' est pas noire <eos>,12,noire,noir,10,F,P,noire,-9.113229,noir,-9.872126,1
5223,S_NOUN_7_ADJ_b,F,S,la pendule avec les bouteilles que j' aime beaucoup n' est pas délicate <eos>,12,délicate,délicat,10,F,P,délicate,-11.623715,délicat,-12.592593,1
5224,S_NOUN_7_ADJ_b,F,S,la pendule avec les bouteilles que j' aime beaucoup n' est pas pointue <eos>,12,pointue,pointu,10,F,P,pointue,-12.153973,pointu,-14.717198,1
5225,S_NOUN_7_ADJ_b,F,S,la pendule avec les bouteilles que j' aime beaucoup n' est pas ronde <eos>,12,ronde,rond,10,F,P,ronde,-10.775379,rond,-10.125546,0
5226,S_NOUN_7_ADJ_b,F,S,la pendule avec les bouteilles que j' aime beaucoup n' est pas froide <eos>,12,froide,froid,10,F,P,froide,-8.059535,froid,-11.546835,1
5227,S_NOUN_7_ADJ_b,F,S,la pendule avec les bouteilles que j' aime beaucoup n' est pas chaude <eos>,12,chaude,chaud,10,F,P,chaude,-6.912596,chaud,-11.235291,1
5228,S_NOUN_7_ADJ_b,F,S,la pendule avec les bouteilles que j' aime beaucoup n' est pas importante <eos>,12,importante,important,10,F,P,importante,-8.380968,important,-10.826178,1
5229,S_NOUN_7_ADJ_b,F,S,la pendule avec les bouteilles que j' aime beaucoup n' est pas courte <eos>,12,courte,court,10,F,P,courte,-10.691918,court,-12.143055,1
5230,S_NOUN_7_ADJ_b,F,S,la pendule avec les bouteilles que j' aime beaucoup n' est pas dure <eos>,12,dure,dur,10,F,P,dure,-8.709993,dur,-10.8640995,1
5231,S_NOUN_7_ADJ_b,F,S,la pendule avec les bouteilles que j' aime beaucoup n' est pas claire <eos>,12,claire,clair,10,F,P,claire,-5.6816225,clair,-8.660473,1
5232,S_NOUN_7_ADJ_b,F,S,la pendule avec les bouteilles que j' aime beaucoup n' est pas intéressante <eos>,12,intéressante,intéressant,10,F,P,intéressante,-9.293768,intéressant,-10.632761,1
5233,S_NOUN_7_ADJ_b,F,S,la pendule avec les bouteilles que j' aime beaucoup n' est pas brillante <eos>,12,brillante,brillant,10,F,P,brillante,-8.3173275,brillant,-10.741346,1
5234,S_NOUN_7_ADJ_b,F,S,la pendule avec les bouteilles que j' aime beaucoup n' est pas compliquée <eos>,12,compliquée,compliqué,10,F,P,compliquée,-10.817662,compliqué,-11.883242,1
5235,S_NOUN_7_ADJ_b,F,S,la pendule avec les boissons que j' aime beaucoup n' est pas verte <eos>,12,verte,vert,10,F,P,verte,-8.978409,vert,-10.32558,1
5236,S_NOUN_7_ADJ_b,F,S,la pendule avec les boissons que j' aime beaucoup n' est pas bleue <eos>,12,bleue,bleu,10,F,P,bleue,-10.041937,bleu,-10.246551,1
5237,S_NOUN_7_ADJ_b,F,S,la pendule avec les boissons que j' aime beaucoup n' est pas noire <eos>,12,noire,noir,10,F,P,noire,-8.50588,noir,-9.372457,1
5238,S_NOUN_7_ADJ_b,F,S,la pendule avec les boissons que j' aime beaucoup n' est pas délicate <eos>,12,délicate,délicat,10,F,P,délicate,-11.340847,délicat,-12.521608,1
5239,S_NOUN_7_ADJ_b,F,S,la pendule avec les boissons que j' aime beaucoup n' est pas pointue <eos>,12,pointue,pointu,10,F,P,pointue,-12.615946,pointu,-15.263206,1
5240,S_NOUN_7_ADJ_b,F,S,la pendule avec les boissons que j' aime beaucoup n' est pas ronde <eos>,12,ronde,rond,10,F,P,ronde,-10.284426,rond,-10.669151,1
5241,S_NOUN_7_ADJ_b,F,S,la pendule avec les boissons que j' aime beaucoup n' est pas froide <eos>,12,froide,froid,10,F,P,froide,-7.6833973,froid,-11.875708,1
5242,S_NOUN_7_ADJ_b,F,S,la pendule avec les boissons que j' aime beaucoup n' est pas chaude <eos>,12,chaude,chaud,10,F,P,chaude,-6.688548,chaud,-11.370485,1
5243,S_NOUN_7_ADJ_b,F,S,la pendule avec les boissons que j' aime beaucoup n' est pas importante <eos>,12,importante,important,10,F,P,importante,-8.029396,important,-11.089029,1
5244,S_NOUN_7_ADJ_b,F,S,la pendule avec les boissons que j' aime beaucoup n' est pas courte <eos>,12,courte,court,10,F,P,courte,-10.306895,court,-12.582872,1
5245,S_NOUN_7_ADJ_b,F,S,la pendule avec les boissons que j' aime beaucoup n' est pas dure <eos>,12,dure,dur,10,F,P,dure,-8.741854,dur,-11.09494,1
5246,S_NOUN_7_ADJ_b,F,S,la pendule avec les boissons que j' aime beaucoup n' est pas claire <eos>,12,claire,clair,10,F,P,claire,-5.635178,clair,-8.591801,1
5247,S_NOUN_7_ADJ_b,F,S,la pendule avec les boissons que j' aime beaucoup n' est pas intéressante <eos>,12,intéressante,intéressant,10,F,P,intéressante,-9.359241,intéressant,-10.913113,1
5248,S_NOUN_7_ADJ_b,F,S,la pendule avec les boissons que j' aime beaucoup n' est pas brillante <eos>,12,brillante,brillant,10,F,P,brillante,-7.853013,brillant,-10.788982,1
5249,S_NOUN_7_ADJ_b,F,S,la pendule avec les boissons que j' aime beaucoup n' est pas compliquée <eos>,12,compliquée,compliqué,10,F,P,compliquée,-10.932979,compliqué,-12.0521145,1
5250,S_NOUN_7_ADJ_b,F,S,la pendule avec les pommes que j' aime beaucoup n' est pas verte <eos>,12,verte,vert,10,F,P,verte,-8.580942,vert,-9.834427,1
5251,S_NOUN_7_ADJ_b,F,S,la pendule avec les pommes que j' aime beaucoup n' est pas bleue <eos>,12,bleue,bleu,10,F,P,bleue,-9.723718,bleu,-10.031905,1
5252,S_NOUN_7_ADJ_b,F,S,la pendule avec les pommes que j' aime beaucoup n' est pas noire <eos>,12,noire,noir,10,F,P,noire,-8.372173,noir,-9.292668,1
5253,S_NOUN_7_ADJ_b,F,S,la pendule avec les pommes que j' aime beaucoup n' est pas délicate <eos>,12,délicate,délicat,10,F,P,délicate,-10.681478,délicat,-12.089227,1
5254,S_NOUN_7_ADJ_b,F,S,la pendule avec les pommes que j' aime beaucoup n' est pas pointue <eos>,12,pointue,pointu,10,F,P,pointue,-11.258996,pointu,-14.4,1
5255,S_NOUN_7_ADJ_b,F,S,la pendule avec les pommes que j' aime beaucoup n' est pas ronde <eos>,12,ronde,rond,10,F,P,ronde,-10.123107,rond,-10.300841,1
5256,S_NOUN_7_ADJ_b,F,S,la pendule avec les pommes que j' aime beaucoup n' est pas froide <eos>,12,froide,froid,10,F,P,froide,-7.6065865,froid,-12.012189,1
5257,S_NOUN_7_ADJ_b,F,S,la pendule avec les pommes que j' aime beaucoup n' est pas chaude <eos>,12,chaude,chaud,10,F,P,chaude,-6.594808,chaud,-11.06015,1
5258,S_NOUN_7_ADJ_b,F,S,la pendule avec les pommes que j' aime beaucoup n' est pas importante <eos>,12,importante,important,10,F,P,importante,-8.142033,important,-11.386385,1
5259,S_NOUN_7_ADJ_b,F,S,la pendule avec les pommes que j' aime beaucoup n' est pas courte <eos>,12,courte,court,10,F,P,courte,-10.117012,court,-12.114374,1
5260,S_NOUN_7_ADJ_b,F,S,la pendule avec les pommes que j' aime beaucoup n' est pas dure <eos>,12,dure,dur,10,F,P,dure,-8.149651,dur,-10.155828,1
5261,S_NOUN_7_ADJ_b,F,S,la pendule avec les pommes que j' aime beaucoup n' est pas claire <eos>,12,claire,clair,10,F,P,claire,-5.561161,clair,-8.243698,1
5262,S_NOUN_7_ADJ_b,F,S,la pendule avec les pommes que j' aime beaucoup n' est pas intéressante <eos>,12,intéressante,intéressant,10,F,P,intéressante,-9.237743,intéressant,-10.944481,1
5263,S_NOUN_7_ADJ_b,F,S,la pendule avec les pommes que j' aime beaucoup n' est pas brillante <eos>,12,brillante,brillant,10,F,P,brillante,-7.067282,brillant,-10.157803,1
5264,S_NOUN_7_ADJ_b,F,S,la pendule avec les pommes que j' aime beaucoup n' est pas compliquée <eos>,12,compliquée,compliqué,10,F,P,compliquée,-10.669836,compliqué,-11.6306095,1
5265,S_NOUN_7_ADJ_b,F,S,la pendule avec les tasses que j' aime beaucoup n' est pas verte <eos>,12,verte,vert,10,F,P,verte,-8.9277315,vert,-10.121462,1
5266,S_NOUN_7_ADJ_b,F,S,la pendule avec les tasses que j' aime beaucoup n' est pas bleue <eos>,12,bleue,bleu,10,F,P,bleue,-10.141942,bleu,-10.697144,1
5267,S_NOUN_7_ADJ_b,F,S,la pendule avec les tasses que j' aime beaucoup n' est pas noire <eos>,12,noire,noir,10,F,P,noire,-9.151123,noir,-10.223118,1
5268,S_NOUN_7_ADJ_b,F,S,la pendule avec les tasses que j' aime beaucoup n' est pas délicate <eos>,12,délicate,délicat,10,F,P,délicate,-11.50168,délicat,-12.014799,1
5269,S_NOUN_7_ADJ_b,F,S,la pendule avec les tasses que j' aime beaucoup n' est pas pointue <eos>,12,pointue,pointu,10,F,P,pointue,-11.4352665,pointu,-14.037533,1
5270,S_NOUN_7_ADJ_b,F,S,la pendule avec les tasses que j' aime beaucoup n' est pas ronde <eos>,12,ronde,rond,10,F,P,ronde,-9.912891,rond,-9.922341,1
5271,S_NOUN_7_ADJ_b,F,S,la pendule avec les tasses que j' aime beaucoup n' est pas froide <eos>,12,froide,froid,10,F,P,froide,-7.796733,froid,-11.434191,1
5272,S_NOUN_7_ADJ_b,F,S,la pendule avec les tasses que j' aime beaucoup n' est pas chaude <eos>,12,chaude,chaud,10,F,P,chaude,-6.42914,chaud,-10.537325,1
5273,S_NOUN_7_ADJ_b,F,S,la pendule avec les tasses que j' aime beaucoup n' est pas importante <eos>,12,importante,important,10,F,P,importante,-8.317244,important,-10.976125,1
5274,S_NOUN_7_ADJ_b,F,S,la pendule avec les tasses que j' aime beaucoup n' est pas courte <eos>,12,courte,court,10,F,P,courte,-10.609923,court,-12.390226,1
5275,S_NOUN_7_ADJ_b,F,S,la pendule avec les tasses que j' aime beaucoup n' est pas dure <eos>,12,dure,dur,10,F,P,dure,-8.685444,dur,-10.702005,1
5276,S_NOUN_7_ADJ_b,F,S,la pendule avec les tasses que j' aime beaucoup n' est pas claire <eos>,12,claire,clair,10,F,P,claire,-6.065239,clair,-8.606917,1
5277,S_NOUN_7_ADJ_b,F,S,la pendule avec les tasses que j' aime beaucoup n' est pas intéressante <eos>,12,intéressante,intéressant,10,F,P,intéressante,-9.185638,intéressant,-10.5844145,1
5278,S_NOUN_7_ADJ_b,F,S,la pendule avec les tasses que j' aime beaucoup n' est pas brillante <eos>,12,brillante,brillant,10,F,P,brillante,-7.963981,brillant,-10.034615,1
5279,S_NOUN_7_ADJ_b,F,S,la pendule avec les tasses que j' aime beaucoup n' est pas compliquée <eos>,12,compliquée,compliqué,10,F,P,compliquée,-10.911827,compliqué,-11.50946,1
5280,S_NOUN_7_ADJ_b,F,S,la pendule avec les bougies que j' aime beaucoup n' est pas verte <eos>,12,verte,vert,10,F,P,verte,-8.893969,vert,-10.056078,1
5281,S_NOUN_7_ADJ_b,F,S,la pendule avec les bougies que j' aime beaucoup n' est pas bleue <eos>,12,bleue,bleu,10,F,P,bleue,-9.866222,bleu,-9.820974,0
5282,S_NOUN_7_ADJ_b,F,S,la pendule avec les bougies que j' aime beaucoup n' est pas noire <eos>,12,noire,noir,10,F,P,noire,-8.461229,noir,-9.281259,1
5283,S_NOUN_7_ADJ_b,F,S,la pendule avec les bougies que j' aime beaucoup n' est pas délicate <eos>,12,délicate,délicat,10,F,P,délicate,-11.503202,délicat,-12.564401,1
5284,S_NOUN_7_ADJ_b,F,S,la pendule avec les bougies que j' aime beaucoup n' est pas pointue <eos>,12,pointue,pointu,10,F,P,pointue,-12.144257,pointu,-14.342091,1
5285,S_NOUN_7_ADJ_b,F,S,la pendule avec les bougies que j' aime beaucoup n' est pas ronde <eos>,12,ronde,rond,10,F,P,ronde,-10.34532,rond,-9.876907,0
5286,S_NOUN_7_ADJ_b,F,S,la pendule avec les bougies que j' aime beaucoup n' est pas froide <eos>,12,froide,froid,10,F,P,froide,-8.123934,froid,-11.794062,1
5287,S_NOUN_7_ADJ_b,F,S,la pendule avec les bougies que j' aime beaucoup n' est pas chaude <eos>,12,chaude,chaud,10,F,P,chaude,-7.0971866,chaud,-11.317545,1
5288,S_NOUN_7_ADJ_b,F,S,la pendule avec les bougies que j' aime beaucoup n' est pas importante <eos>,12,importante,important,10,F,P,importante,-8.4493,important,-11.151232,1
5289,S_NOUN_7_ADJ_b,F,S,la pendule avec les bougies que j' aime beaucoup n' est pas courte <eos>,12,courte,court,10,F,P,courte,-10.382575,court,-12.367333,1
5290,S_NOUN_7_ADJ_b,F,S,la pendule avec les bougies que j' aime beaucoup n' est pas dure <eos>,12,dure,dur,10,F,P,dure,-8.876879,dur,-10.932564,1
5291,S_NOUN_7_ADJ_b,F,S,la pendule avec les bougies que j' aime beaucoup n' est pas claire <eos>,12,claire,clair,10,F,P,claire,-5.9128923,clair,-8.068303,1
5292,S_NOUN_7_ADJ_b,F,S,la pendule avec les bougies que j' aime beaucoup n' est pas intéressante <eos>,12,intéressante,intéressant,10,F,P,intéressante,-10.071563,intéressant,-10.815257,1
5293,S_NOUN_7_ADJ_b,F,S,la pendule avec les bougies que j' aime beaucoup n' est pas brillante <eos>,12,brillante,brillant,10,F,P,brillante,-7.650289,brillant,-10.403123,1
5294,S_NOUN_7_ADJ_b,F,S,la pendule avec les bougies que j' aime beaucoup n' est pas compliquée <eos>,12,compliquée,compliqué,10,F,P,compliquée,-11.476894,compliqué,-11.849936,1
5295,S_NOUN_7_ADJ_b,F,S,la pendule avec les pochettes que j' aime beaucoup n' est pas verte <eos>,12,verte,vert,10,F,P,verte,-8.65544,vert,-9.891212,1
5296,S_NOUN_7_ADJ_b,F,S,la pendule avec les pochettes que j' aime beaucoup n' est pas bleue <eos>,12,bleue,bleu,10,F,P,bleue,-8.635302,bleu,-9.665703,1
5297,S_NOUN_7_ADJ_b,F,S,la pendule avec les pochettes que j' aime beaucoup n' est pas noire <eos>,12,noire,noir,10,F,P,noire,-8.153067,noir,-8.442764,1
5298,S_NOUN_7_ADJ_b,F,S,la pendule avec les pochettes que j' aime beaucoup n' est pas délicate <eos>,12,délicate,délicat,10,F,P,délicate,-12.085726,délicat,-13.390903,1
5299,S_NOUN_7_ADJ_b,F,S,la pendule avec les pochettes que j' aime beaucoup n' est pas pointue <eos>,12,pointue,pointu,10,F,P,pointue,-12.068791,pointu,-13.999875,1
5300,S_NOUN_7_ADJ_b,F,S,la pendule avec les pochettes que j' aime beaucoup n' est pas ronde <eos>,12,ronde,rond,10,F,P,ronde,-10.644121,rond,-9.848813,0
5301,S_NOUN_7_ADJ_b,F,S,la pendule avec les pochettes que j' aime beaucoup n' est pas froide <eos>,12,froide,froid,10,F,P,froide,-9.8052635,froid,-13.194765,1
5302,S_NOUN_7_ADJ_b,F,S,la pendule avec les pochettes que j' aime beaucoup n' est pas chaude <eos>,12,chaude,chaud,10,F,P,chaude,-8.484866,chaud,-13.0048485,1
5303,S_NOUN_7_ADJ_b,F,S,la pendule avec les pochettes que j' aime beaucoup n' est pas importante <eos>,12,importante,important,10,F,P,importante,-8.0317545,important,-10.789187,1
5304,S_NOUN_7_ADJ_b,F,S,la pendule avec les pochettes que j' aime beaucoup n' est pas courte <eos>,12,courte,court,10,F,P,courte,-9.660284,court,-11.9905,1
5305,S_NOUN_7_ADJ_b,F,S,la pendule avec les pochettes que j' aime beaucoup n' est pas dure <eos>,12,dure,dur,10,F,P,dure,-8.202541,dur,-9.622356,1
5306,S_NOUN_7_ADJ_b,F,S,la pendule avec les pochettes que j' aime beaucoup n' est pas claire <eos>,12,claire,clair,10,F,P,claire,-5.2663403,clair,-7.7347527,1
5307,S_NOUN_7_ADJ_b,F,S,la pendule avec les pochettes que j' aime beaucoup n' est pas intéressante <eos>,12,intéressante,intéressant,10,F,P,intéressante,-8.752468,intéressant,-10.508286,1
5308,S_NOUN_7_ADJ_b,F,S,la pendule avec les pochettes que j' aime beaucoup n' est pas brillante <eos>,12,brillante,brillant,10,F,P,brillante,-7.861301,brillant,-10.6628685,1
5309,S_NOUN_7_ADJ_b,F,S,la pendule avec les pochettes que j' aime beaucoup n' est pas compliquée <eos>,12,compliquée,compliqué,10,F,P,compliquée,-10.740835,compliqué,-11.983686,1
5310,S_NOUN_7_ADJ_b,F,S,la pendule avec les bananes que j' aime beaucoup n' est pas verte <eos>,12,verte,vert,10,F,P,verte,-8.23707,vert,-9.594493,1
5311,S_NOUN_7_ADJ_b,F,S,la pendule avec les bananes que j' aime beaucoup n' est pas bleue <eos>,12,bleue,bleu,10,F,P,bleue,-9.326094,bleu,-9.940695,1
5312,S_NOUN_7_ADJ_b,F,S,la pendule avec les bananes que j' aime beaucoup n' est pas noire <eos>,12,noire,noir,10,F,P,noire,-8.038763,noir,-8.964975,1
5313,S_NOUN_7_ADJ_b,F,S,la pendule avec les bananes que j' aime beaucoup n' est pas délicate <eos>,12,délicate,délicat,10,F,P,délicate,-11.229952,délicat,-12.418501,1
5314,S_NOUN_7_ADJ_b,F,S,la pendule avec les bananes que j' aime beaucoup n' est pas pointue <eos>,12,pointue,pointu,10,F,P,pointue,-11.168482,pointu,-13.521972,1
5315,S_NOUN_7_ADJ_b,F,S,la pendule avec les bananes que j' aime beaucoup n' est pas ronde <eos>,12,ronde,rond,10,F,P,ronde,-9.955737,rond,-9.671299,0
5316,S_NOUN_7_ADJ_b,F,S,la pendule avec les bananes que j' aime beaucoup n' est pas froide <eos>,12,froide,froid,10,F,P,froide,-7.886875,froid,-12.385497,1
5317,S_NOUN_7_ADJ_b,F,S,la pendule avec les bananes que j' aime beaucoup n' est pas chaude <eos>,12,chaude,chaud,10,F,P,chaude,-7.0004864,chaud,-11.419275,1
5318,S_NOUN_7_ADJ_b,F,S,la pendule avec les bananes que j' aime beaucoup n' est pas importante <eos>,12,importante,important,10,F,P,importante,-8.278765,important,-11.34465,1
5319,S_NOUN_7_ADJ_b,F,S,la pendule avec les bananes que j' aime beaucoup n' est pas courte <eos>,12,courte,court,10,F,P,courte,-9.795204,court,-12.051768,1
5320,S_NOUN_7_ADJ_b,F,S,la pendule avec les bananes que j' aime beaucoup n' est pas dure <eos>,12,dure,dur,10,F,P,dure,-7.950084,dur,-9.584777,1
5321,S_NOUN_7_ADJ_b,F,S,la pendule avec les bananes que j' aime beaucoup n' est pas claire <eos>,12,claire,clair,10,F,P,claire,-5.833186,clair,-7.6609373,1
5322,S_NOUN_7_ADJ_b,F,S,la pendule avec les bananes que j' aime beaucoup n' est pas intéressante <eos>,12,intéressante,intéressant,10,F,P,intéressante,-9.35331,intéressant,-11.037342,1
5323,S_NOUN_7_ADJ_b,F,S,la pendule avec les bananes que j' aime beaucoup n' est pas brillante <eos>,12,brillante,brillant,10,F,P,brillante,-7.022497,brillant,-9.683466,1
5324,S_NOUN_7_ADJ_b,F,S,la pendule avec les bananes que j' aime beaucoup n' est pas compliquée <eos>,12,compliquée,compliqué,10,F,P,compliquée,-10.718657,compliqué,-11.451233,1
5325,S_NOUN_7_ADJ_b,F,S,la pendule avec les robes que j' aime beaucoup n' est pas verte <eos>,12,verte,vert,10,F,P,verte,-8.685686,vert,-9.765743,1
5326,S_NOUN_7_ADJ_b,F,S,la pendule avec les robes que j' aime beaucoup n' est pas bleue <eos>,12,bleue,bleu,10,F,P,bleue,-9.024551,bleu,-9.245441,1
5327,S_NOUN_7_ADJ_b,F,S,la pendule avec les robes que j' aime beaucoup n' est pas noire <eos>,12,noire,noir,10,F,P,noire,-7.8263416,noir,-8.302887,1
5328,S_NOUN_7_ADJ_b,F,S,la pendule avec les robes que j' aime beaucoup n' est pas délicate <eos>,12,délicate,délicat,10,F,P,délicate,-10.880466,délicat,-12.208981,1
5329,S_NOUN_7_ADJ_b,F,S,la pendule avec les robes que j' aime beaucoup n' est pas pointue <eos>,12,pointue,pointu,10,F,P,pointue,-11.664219,pointu,-13.755251,1
5330,S_NOUN_7_ADJ_b,F,S,la pendule avec les robes que j' aime beaucoup n' est pas ronde <eos>,12,ronde,rond,10,F,P,ronde,-10.378044,rond,-9.737209,0
5331,S_NOUN_7_ADJ_b,F,S,la pendule avec les robes que j' aime beaucoup n' est pas froide <eos>,12,froide,froid,10,F,P,froide,-9.399042,froid,-12.671595,1
5332,S_NOUN_7_ADJ_b,F,S,la pendule avec les robes que j' aime beaucoup n' est pas chaude <eos>,12,chaude,chaud,10,F,P,chaude,-8.273678,chaud,-11.909449,1
5333,S_NOUN_7_ADJ_b,F,S,la pendule avec les robes que j' aime beaucoup n' est pas importante <eos>,12,importante,important,10,F,P,importante,-7.895647,important,-10.814232,1
5334,S_NOUN_7_ADJ_b,F,S,la pendule avec les robes que j' aime beaucoup n' est pas courte <eos>,12,courte,court,10,F,P,courte,-9.735033,court,-11.881957,1
5335,S_NOUN_7_ADJ_b,F,S,la pendule avec les robes que j' aime beaucoup n' est pas dure <eos>,12,dure,dur,10,F,P,dure,-8.912361,dur,-10.937387,1
5336,S_NOUN_7_ADJ_b,F,S,la pendule avec les robes que j' aime beaucoup n' est pas claire <eos>,12,claire,clair,10,F,P,claire,-4.874758,clair,-7.2544174,1
5337,S_NOUN_7_ADJ_b,F,S,la pendule avec les robes que j' aime beaucoup n' est pas intéressante <eos>,12,intéressante,intéressant,10,F,P,intéressante,-9.801615,intéressant,-10.619127,1
5338,S_NOUN_7_ADJ_b,F,S,la pendule avec les robes que j' aime beaucoup n' est pas brillante <eos>,12,brillante,brillant,10,F,P,brillante,-7.0475483,brillant,-9.702608,1
5339,S_NOUN_7_ADJ_b,F,S,la pendule avec les robes que j' aime beaucoup n' est pas compliquée <eos>,12,compliquée,compliqué,10,F,P,compliquée,-10.831852,compliqué,-12.047201,1
5340,S_NOUN_7_ADJ_b,F,S,la pendule avec les valises que j' aime beaucoup n' est pas verte <eos>,12,verte,vert,10,F,P,verte,-9.147205,vert,-10.708508,1
5341,S_NOUN_7_ADJ_b,F,S,la pendule avec les valises que j' aime beaucoup n' est pas bleue <eos>,12,bleue,bleu,10,F,P,bleue,-9.538158,bleu,-10.696535,1
5342,S_NOUN_7_ADJ_b,F,S,la pendule avec les valises que j' aime beaucoup n' est pas noire <eos>,12,noire,noir,10,F,P,noire,-8.79908,noir,-9.771647,1
5343,S_NOUN_7_ADJ_b,F,S,la pendule avec les valises que j' aime beaucoup n' est pas délicate <eos>,12,délicate,délicat,10,F,P,délicate,-11.463121,délicat,-13.288328,1
5344,S_NOUN_7_ADJ_b,F,S,la pendule avec les valises que j' aime beaucoup n' est pas pointue <eos>,12,pointue,pointu,10,F,P,pointue,-11.5321,pointu,-14.44424,1
5345,S_NOUN_7_ADJ_b,F,S,la pendule avec les valises que j' aime beaucoup n' est pas ronde <eos>,12,ronde,rond,10,F,P,ronde,-10.613045,rond,-10.230305,0
5346,S_NOUN_7_ADJ_b,F,S,la pendule avec les valises que j' aime beaucoup n' est pas froide <eos>,12,froide,froid,10,F,P,froide,-8.948557,froid,-12.642012,1
5347,S_NOUN_7_ADJ_b,F,S,la pendule avec les valises que j' aime beaucoup n' est pas chaude <eos>,12,chaude,chaud,10,F,P,chaude,-7.381357,chaud,-11.667099,1
5348,S_NOUN_7_ADJ_b,F,S,la pendule avec les valises que j' aime beaucoup n' est pas importante <eos>,12,importante,important,10,F,P,importante,-7.9523597,important,-11.125265,1
5349,S_NOUN_7_ADJ_b,F,S,la pendule avec les valises que j' aime beaucoup n' est pas courte <eos>,12,courte,court,10,F,P,courte,-10.280485,court,-12.221739,1
5350,S_NOUN_7_ADJ_b,F,S,la pendule avec les valises que j' aime beaucoup n' est pas dure <eos>,12,dure,dur,10,F,P,dure,-8.539774,dur,-11.048065,1
5351,S_NOUN_7_ADJ_b,F,S,la pendule avec les valises que j' aime beaucoup n' est pas claire <eos>,12,claire,clair,10,F,P,claire,-5.9091434,clair,-8.622617,1
5352,S_NOUN_7_ADJ_b,F,S,la pendule avec les valises que j' aime beaucoup n' est pas intéressante <eos>,12,intéressante,intéressant,10,F,P,intéressante,-9.063844,intéressant,-10.604479,1
5353,S_NOUN_7_ADJ_b,F,S,la pendule avec les valises que j' aime beaucoup n' est pas brillante <eos>,12,brillante,brillant,10,F,P,brillante,-7.6317186,brillant,-10.302703,1
5354,S_NOUN_7_ADJ_b,F,S,la pendule avec les valises que j' aime beaucoup n' est pas compliquée <eos>,12,compliquée,compliqué,10,F,P,compliquée,-10.493754,compliqué,-11.94859,1
5355,S_NOUN_7_ADJ_b,F,S,la pendule avec les pendules que j' aime beaucoup n' est pas verte <eos>,12,verte,vert,10,F,P,verte,-9.116511,vert,-10.5150385,1
5356,S_NOUN_7_ADJ_b,F,S,la pendule avec les pendules que j' aime beaucoup n' est pas bleue <eos>,12,bleue,bleu,10,F,P,bleue,-9.917278,bleu,-10.150238,1
5357,S_NOUN_7_ADJ_b,F,S,la pendule avec les pendules que j' aime beaucoup n' est pas noire <eos>,12,noire,noir,10,F,P,noire,-8.552128,noir,-9.129644,1
5358,S_NOUN_7_ADJ_b,F,S,la pendule avec les pendules que j' aime beaucoup n' est pas délicate <eos>,12,délicate,délicat,10,F,P,délicate,-11.460831,délicat,-12.5186405,1
5359,S_NOUN_7_ADJ_b,F,S,la pendule avec les pendules que j' aime beaucoup n' est pas pointue <eos>,12,pointue,pointu,10,F,P,pointue,-12.91473,pointu,-14.9111805,1
5360,S_NOUN_7_ADJ_b,F,S,la pendule avec les pendules que j' aime beaucoup n' est pas ronde <eos>,12,ronde,rond,10,F,P,ronde,-11.433918,rond,-10.566795,0
5361,S_NOUN_7_ADJ_b,F,S,la pendule avec les pendules que j' aime beaucoup n' est pas froide <eos>,12,froide,froid,10,F,P,froide,-8.151597,froid,-11.867322,1
5362,S_NOUN_7_ADJ_b,F,S,la pendule avec les pendules que j' aime beaucoup n' est pas chaude <eos>,12,chaude,chaud,10,F,P,chaude,-7.123487,chaud,-11.560621,1
5363,S_NOUN_7_ADJ_b,F,S,la pendule avec les pendules que j' aime beaucoup n' est pas importante <eos>,12,importante,important,10,F,P,importante,-8.319121,important,-10.783139,1
5364,S_NOUN_7_ADJ_b,F,S,la pendule avec les pendules que j' aime beaucoup n' est pas courte <eos>,12,courte,court,10,F,P,courte,-10.794302,court,-12.6695595,1
5365,S_NOUN_7_ADJ_b,F,S,la pendule avec les pendules que j' aime beaucoup n' est pas dure <eos>,12,dure,dur,10,F,P,dure,-9.129389,dur,-11.298577,1
5366,S_NOUN_7_ADJ_b,F,S,la pendule avec les pendules que j' aime beaucoup n' est pas claire <eos>,12,claire,clair,10,F,P,claire,-5.863443,clair,-8.621304,1
5367,S_NOUN_7_ADJ_b,F,S,la pendule avec les pendules que j' aime beaucoup n' est pas intéressante <eos>,12,intéressante,intéressant,10,F,P,intéressante,-9.524786,intéressant,-10.286019,1
5368,S_NOUN_7_ADJ_b,F,S,la pendule avec les pendules que j' aime beaucoup n' est pas brillante <eos>,12,brillante,brillant,10,F,P,brillante,-7.5935245,brillant,-10.399858,1
5369,S_NOUN_7_ADJ_b,F,S,la pendule avec les pendules que j' aime beaucoup n' est pas compliquée <eos>,12,compliquée,compliqué,10,F,P,compliquée,-10.823745,compliqué,-11.748815,1
5370,S_NOUN_7_ADJ_b,F,S,la pendule avec les cloches que j' aime beaucoup n' est pas verte <eos>,12,verte,vert,10,F,P,verte,-9.500927,vert,-10.53587,1
5371,S_NOUN_7_ADJ_b,F,S,la pendule avec les cloches que j' aime beaucoup n' est pas bleue <eos>,12,bleue,bleu,10,F,P,bleue,-10.34006,bleu,-10.384962,1
5372,S_NOUN_7_ADJ_b,F,S,la pendule avec les cloches que j' aime beaucoup n' est pas noire <eos>,12,noire,noir,10,F,P,noire,-8.920114,noir,-9.631867,1
5373,S_NOUN_7_ADJ_b,F,S,la pendule avec les cloches que j' aime beaucoup n' est pas délicate <eos>,12,délicate,délicat,10,F,P,délicate,-11.429987,délicat,-12.413854,1
5374,S_NOUN_7_ADJ_b,F,S,la pendule avec les cloches que j' aime beaucoup n' est pas pointue <eos>,12,pointue,pointu,10,F,P,pointue,-11.316536,pointu,-14.079159,1
5375,S_NOUN_7_ADJ_b,F,S,la pendule avec les cloches que j' aime beaucoup n' est pas ronde <eos>,12,ronde,rond,10,F,P,ronde,-10.575786,rond,-10.121343,0
5376,S_NOUN_7_ADJ_b,F,S,la pendule avec les cloches que j' aime beaucoup n' est pas froide <eos>,12,froide,froid,10,F,P,froide,-9.1583395,froid,-12.448547,1
5377,S_NOUN_7_ADJ_b,F,S,la pendule avec les cloches que j' aime beaucoup n' est pas chaude <eos>,12,chaude,chaud,10,F,P,chaude,-7.818597,chaud,-11.922851,1
5378,S_NOUN_7_ADJ_b,F,S,la pendule avec les cloches que j' aime beaucoup n' est pas importante <eos>,12,importante,important,10,F,P,importante,-8.171495,important,-10.988451,1
5379,S_NOUN_7_ADJ_b,F,S,la pendule avec les cloches que j' aime beaucoup n' est pas courte <eos>,12,courte,court,10,F,P,courte,-10.190858,court,-12.066343,1
5380,S_NOUN_7_ADJ_b,F,S,la pendule avec les cloches que j' aime beaucoup n' est pas dure <eos>,12,dure,dur,10,F,P,dure,-8.959084,dur,-11.159348,1
5381,S_NOUN_7_ADJ_b,F,S,la pendule avec les cloches que j' aime beaucoup n' est pas claire <eos>,12,claire,clair,10,F,P,claire,-6.1252637,clair,-8.3281145,1
5382,S_NOUN_7_ADJ_b,F,S,la pendule avec les cloches que j' aime beaucoup n' est pas intéressante <eos>,12,intéressante,intéressant,10,F,P,intéressante,-9.289598,intéressant,-10.29356,1
5383,S_NOUN_7_ADJ_b,F,S,la pendule avec les cloches que j' aime beaucoup n' est pas brillante <eos>,12,brillante,brillant,10,F,P,brillante,-7.7225847,brillant,-10.525361,1
5384,S_NOUN_7_ADJ_b,F,S,la pendule avec les cloches que j' aime beaucoup n' est pas compliquée <eos>,12,compliquée,compliqué,10,F,P,compliquée,-10.924206,compliqué,-11.671634,1
5385,S_NOUN_7_ADJ_b,F,S,la pendule avec les cerises que j' aime beaucoup n' est pas verte <eos>,12,verte,vert,10,F,P,verte,-8.88607,vert,-9.677437,1
5386,S_NOUN_7_ADJ_b,F,S,la pendule avec les cerises que j' aime beaucoup n' est pas bleue <eos>,12,bleue,bleu,10,F,P,bleue,-9.763697,bleu,-9.723036,0
5387,S_NOUN_7_ADJ_b,F,S,la pendule avec les cerises que j' aime beaucoup n' est pas noire <eos>,12,noire,noir,10,F,P,noire,-8.527275,noir,-8.984886,1
5388,S_NOUN_7_ADJ_b,F,S,la pendule avec les cerises que j' aime beaucoup n' est pas délicate <eos>,12,délicate,délicat,10,F,P,délicate,-11.07121,délicat,-12.033884,1
5389,S_NOUN_7_ADJ_b,F,S,la pendule avec les cerises que j' aime beaucoup n' est pas pointue <eos>,12,pointue,pointu,10,F,P,pointue,-11.95797,pointu,-14.111642,1
5390,S_NOUN_7_ADJ_b,F,S,la pendule avec les cerises que j' aime beaucoup n' est pas ronde <eos>,12,ronde,rond,10,F,P,ronde,-10.414704,rond,-9.466151,0
5391,S_NOUN_7_ADJ_b,F,S,la pendule avec les cerises que j' aime beaucoup n' est pas froide <eos>,12,froide,froid,10,F,P,froide,-8.372227,froid,-11.836459,1
5392,S_NOUN_7_ADJ_b,F,S,la pendule avec les cerises que j' aime beaucoup n' est pas chaude <eos>,12,chaude,chaud,10,F,P,chaude,-7.539259,chaud,-11.224724,1
5393,S_NOUN_7_ADJ_b,F,S,la pendule avec les cerises que j' aime beaucoup n' est pas importante <eos>,12,importante,important,10,F,P,importante,-8.300991,important,-10.933226,1
5394,S_NOUN_7_ADJ_b,F,S,la pendule avec les cerises que j' aime beaucoup n' est pas courte <eos>,12,courte,court,10,F,P,courte,-10.374286,court,-11.977019,1
5395,S_NOUN_7_ADJ_b,F,S,la pendule avec les cerises que j' aime beaucoup n' est pas dure <eos>,12,dure,dur,10,F,P,dure,-8.749708,dur,-10.57792,1
5396,S_NOUN_7_ADJ_b,F,S,la pendule avec les cerises que j' aime beaucoup n' est pas claire <eos>,12,claire,clair,10,F,P,claire,-5.5795927,clair,-7.861392,1
5397,S_NOUN_7_ADJ_b,F,S,la pendule avec les cerises que j' aime beaucoup n' est pas intéressante <eos>,12,intéressante,intéressant,10,F,P,intéressante,-9.3203335,intéressant,-10.440607,1
5398,S_NOUN_7_ADJ_b,F,S,la pendule avec les cerises que j' aime beaucoup n' est pas brillante <eos>,12,brillante,brillant,10,F,P,brillante,-7.4138227,brillant,-9.891668,1
5399,S_NOUN_7_ADJ_b,F,S,la pendule avec les cerises que j' aime beaucoup n' est pas compliquée <eos>,12,compliquée,compliqué,10,F,P,compliquée,-10.833371,compliqué,-11.6165695,1
5400,S_NOUN_7_ADJ_b,F,S,la cloche avec les gemmes que j' aime beaucoup n' est pas verte <eos>,12,verte,vert,10,F,P,verte,-8.687402,vert,-9.215948,1
5401,S_NOUN_7_ADJ_b,F,S,la cloche avec les gemmes que j' aime beaucoup n' est pas bleue <eos>,12,bleue,bleu,10,F,P,bleue,-8.969845,bleu,-8.701569,0
5402,S_NOUN_7_ADJ_b,F,S,la cloche avec les gemmes que j' aime beaucoup n' est pas noire <eos>,12,noire,noir,10,F,P,noire,-7.865692,noir,-8.053305,1
5403,S_NOUN_7_ADJ_b,F,S,la cloche avec les gemmes que j' aime beaucoup n' est pas délicate <eos>,12,délicate,délicat,10,F,P,délicate,-12.046563,délicat,-12.701345,1
5404,S_NOUN_7_ADJ_b,F,S,la cloche avec les gemmes que j' aime beaucoup n' est pas pointue <eos>,12,pointue,pointu,10,F,P,pointue,-12.310681,pointu,-13.6542225,1
5405,S_NOUN_7_ADJ_b,F,S,la cloche avec les gemmes que j' aime beaucoup n' est pas ronde <eos>,12,ronde,rond,10,F,P,ronde,-10.027972,rond,-9.401975,0
5406,S_NOUN_7_ADJ_b,F,S,la cloche avec les gemmes que j' aime beaucoup n' est pas froide <eos>,12,froide,froid,10,F,P,froide,-9.313079,froid,-12.596244,1
5407,S_NOUN_7_ADJ_b,F,S,la cloche avec les gemmes que j' aime beaucoup n' est pas chaude <eos>,12,chaude,chaud,10,F,P,chaude,-8.781355,chaud,-12.773776,1
5408,S_NOUN_7_ADJ_b,F,S,la cloche avec les gemmes que j' aime beaucoup n' est pas importante <eos>,12,importante,important,10,F,P,importante,-8.840819,important,-11.493518,1
5409,S_NOUN_7_ADJ_b,F,S,la cloche avec les gemmes que j' aime beaucoup n' est pas courte <eos>,12,courte,court,10,F,P,courte,-10.13652,court,-12.555063,1
5410,S_NOUN_7_ADJ_b,F,S,la cloche avec les gemmes que j' aime beaucoup n' est pas dure <eos>,12,dure,dur,10,F,P,dure,-10.780634,dur,-10.964847,1
5411,S_NOUN_7_ADJ_b,F,S,la cloche avec les gemmes que j' aime beaucoup n' est pas claire <eos>,12,claire,clair,10,F,P,claire,-5.99657,clair,-7.218086,1
5412,S_NOUN_7_ADJ_b,F,S,la cloche avec les gemmes que j' aime beaucoup n' est pas intéressante <eos>,12,intéressante,intéressant,10,F,P,intéressante,-8.695441,intéressant,-10.531025,1
5413,S_NOUN_7_ADJ_b,F,S,la cloche avec les gemmes que j' aime beaucoup n' est pas brillante <eos>,12,brillante,brillant,10,F,P,brillante,-7.2869787,brillant,-10.793131,1
5414,S_NOUN_7_ADJ_b,F,S,la cloche avec les gemmes que j' aime beaucoup n' est pas compliquée <eos>,12,compliquée,compliqué,10,F,P,compliquée,-11.638047,compliqué,-12.115114,1
5415,S_NOUN_7_ADJ_b,F,S,la cloche avec les chaises que j' aime beaucoup n' est pas verte <eos>,12,verte,vert,10,F,P,verte,-9.335951,vert,-10.241497,1
5416,S_NOUN_7_ADJ_b,F,S,la cloche avec les chaises que j' aime beaucoup n' est pas bleue <eos>,12,bleue,bleu,10,F,P,bleue,-9.671145,bleu,-9.528868,0
5417,S_NOUN_7_ADJ_b,F,S,la cloche avec les chaises que j' aime beaucoup n' est pas noire <eos>,12,noire,noir,10,F,P,noire,-8.841688,noir,-9.052908,1
5418,S_NOUN_7_ADJ_b,F,S,la cloche avec les chaises que j' aime beaucoup n' est pas délicate <eos>,12,délicate,délicat,10,F,P,délicate,-11.912814,délicat,-12.016089,1
5419,S_NOUN_7_ADJ_b,F,S,la cloche avec les chaises que j' aime beaucoup n' est pas pointue <eos>,12,pointue,pointu,10,F,P,pointue,-11.951351,pointu,-13.652421,1
5420,S_NOUN_7_ADJ_b,F,S,la cloche avec les chaises que j' aime beaucoup n' est pas ronde <eos>,12,ronde,rond,10,F,P,ronde,-9.588585,rond,-8.995494,0
5421,S_NOUN_7_ADJ_b,F,S,la cloche avec les chaises que j' aime beaucoup n' est pas froide <eos>,12,froide,froid,10,F,P,froide,-10.048322,froid,-13.100658,1
5422,S_NOUN_7_ADJ_b,F,S,la cloche avec les chaises que j' aime beaucoup n' est pas chaude <eos>,12,chaude,chaud,10,F,P,chaude,-8.985388,chaud,-13.114164,1
5423,S_NOUN_7_ADJ_b,F,S,la cloche avec les chaises que j' aime beaucoup n' est pas importante <eos>,12,importante,important,10,F,P,importante,-8.733043,important,-11.288234,1
5424,S_NOUN_7_ADJ_b,F,S,la cloche avec les chaises que j' aime beaucoup n' est pas courte <eos>,12,courte,court,10,F,P,courte,-10.080654,court,-11.915491,1
5425,S_NOUN_7_ADJ_b,F,S,la cloche avec les chaises que j' aime beaucoup n' est pas dure <eos>,12,dure,dur,10,F,P,dure,-10.687978,dur,-11.693663,1
5426,S_NOUN_7_ADJ_b,F,S,la cloche avec les chaises que j' aime beaucoup n' est pas claire <eos>,12,claire,clair,10,F,P,claire,-6.1115513,clair,-7.9830303,1
5427,S_NOUN_7_ADJ_b,F,S,la cloche avec les chaises que j' aime beaucoup n' est pas intéressante <eos>,12,intéressante,intéressant,10,F,P,intéressante,-8.5542145,intéressant,-10.424258,1
5428,S_NOUN_7_ADJ_b,F,S,la cloche avec les chaises que j' aime beaucoup n' est pas brillante <eos>,12,brillante,brillant,10,F,P,brillante,-8.220251,brillant,-11.579535,1
5429,S_NOUN_7_ADJ_b,F,S,la cloche avec les chaises que j' aime beaucoup n' est pas compliquée <eos>,12,compliquée,compliqué,10,F,P,compliquée,-11.229003,compliqué,-12.221487,1
5430,S_NOUN_7_ADJ_b,F,S,la cloche avec les poubelles que j' aime beaucoup n' est pas verte <eos>,12,verte,vert,10,F,P,verte,-8.491237,vert,-9.746294,1
5431,S_NOUN_7_ADJ_b,F,S,la cloche avec les poubelles que j' aime beaucoup n' est pas bleue <eos>,12,bleue,bleu,10,F,P,bleue,-9.627406,bleu,-9.778637,1
5432,S_NOUN_7_ADJ_b,F,S,la cloche avec les poubelles que j' aime beaucoup n' est pas noire <eos>,12,noire,noir,10,F,P,noire,-8.57733,noir,-8.673593,1
5433,S_NOUN_7_ADJ_b,F,S,la cloche avec les poubelles que j' aime beaucoup n' est pas délicate <eos>,12,délicate,délicat,10,F,P,délicate,-12.032632,délicat,-12.175678,1
5434,S_NOUN_7_ADJ_b,F,S,la cloche avec les poubelles que j' aime beaucoup n' est pas pointue <eos>,12,pointue,pointu,10,F,P,pointue,-12.2746525,pointu,-13.453661,1
5435,S_NOUN_7_ADJ_b,F,S,la cloche avec les poubelles que j' aime beaucoup n' est pas ronde <eos>,12,ronde,rond,10,F,P,ronde,-10.235164,rond,-9.575755,0
5436,S_NOUN_7_ADJ_b,F,S,la cloche avec les poubelles que j' aime beaucoup n' est pas froide <eos>,12,froide,froid,10,F,P,froide,-9.782932,froid,-12.449636,1
5437,S_NOUN_7_ADJ_b,F,S,la cloche avec les poubelles que j' aime beaucoup n' est pas chaude <eos>,12,chaude,chaud,10,F,P,chaude,-9.192764,chaud,-12.96529,1
5438,S_NOUN_7_ADJ_b,F,S,la cloche avec les poubelles que j' aime beaucoup n' est pas importante <eos>,12,importante,important,10,F,P,importante,-9.034328,important,-11.215616,1
5439,S_NOUN_7_ADJ_b,F,S,la cloche avec les poubelles que j' aime beaucoup n' est pas courte <eos>,12,courte,court,10,F,P,courte,-10.45578,court,-12.417015,1
5440,S_NOUN_7_ADJ_b,F,S,la cloche avec les poubelles que j' aime beaucoup n' est pas dure <eos>,12,dure,dur,10,F,P,dure,-10.326603,dur,-10.767592,1
5441,S_NOUN_7_ADJ_b,F,S,la cloche avec les poubelles que j' aime beaucoup n' est pas claire <eos>,12,claire,clair,10,F,P,claire,-6.0422854,clair,-7.9677424,1
5442,S_NOUN_7_ADJ_b,F,S,la cloche avec les poubelles que j' aime beaucoup n' est pas intéressante <eos>,12,intéressante,intéressant,10,F,P,intéressante,-8.998514,intéressant,-10.278501,1
5443,S_NOUN_7_ADJ_b,F,S,la cloche avec les poubelles que j' aime beaucoup n' est pas brillante <eos>,12,brillante,brillant,10,F,P,brillante,-8.901177,brillant,-11.581842,1
5444,S_NOUN_7_ADJ_b,F,S,la cloche avec les poubelles que j' aime beaucoup n' est pas compliquée <eos>,12,compliquée,compliqué,10,F,P,compliquée,-11.366594,compliqué,-11.791676,1
5445,S_NOUN_7_ADJ_b,F,S,la cloche avec les chemises que j' aime beaucoup n' est pas verte <eos>,12,verte,vert,10,F,P,verte,-8.862774,vert,-9.333501,1
5446,S_NOUN_7_ADJ_b,F,S,la cloche avec les chemises que j' aime beaucoup n' est pas bleue <eos>,12,bleue,bleu,10,F,P,bleue,-8.9451275,bleu,-8.700099,0
5447,S_NOUN_7_ADJ_b,F,S,la cloche avec les chemises que j' aime beaucoup n' est pas noire <eos>,12,noire,noir,10,F,P,noire,-8.231642,noir,-8.017657,0
5448,S_NOUN_7_ADJ_b,F,S,la cloche avec les chemises que j' aime beaucoup n' est pas délicate <eos>,12,délicate,délicat,10,F,P,délicate,-12.367218,délicat,-12.221373,0
5449,S_NOUN_7_ADJ_b,F,S,la cloche avec les chemises que j' aime beaucoup n' est pas pointue <eos>,12,pointue,pointu,10,F,P,pointue,-11.726853,pointu,-13.486356,1
5450,S_NOUN_7_ADJ_b,F,S,la cloche avec les chemises que j' aime beaucoup n' est pas ronde <eos>,12,ronde,rond,10,F,P,ronde,-9.759653,rond,-9.200979,0
5451,S_NOUN_7_ADJ_b,F,S,la cloche avec les chemises que j' aime beaucoup n' est pas froide <eos>,12,froide,froid,10,F,P,froide,-9.86854,froid,-12.461153,1
5452,S_NOUN_7_ADJ_b,F,S,la cloche avec les chemises que j' aime beaucoup n' est pas chaude <eos>,12,chaude,chaud,10,F,P,chaude,-8.858923,chaud,-12.415903,1
5453,S_NOUN_7_ADJ_b,F,S,la cloche avec les chemises que j' aime beaucoup n' est pas importante <eos>,12,importante,important,10,F,P,importante,-8.730457,important,-11.308805,1
5454,S_NOUN_7_ADJ_b,F,S,la cloche avec les chemises que j' aime beaucoup n' est pas courte <eos>,12,courte,court,10,F,P,courte,-9.690081,court,-11.8299465,1
5455,S_NOUN_7_ADJ_b,F,S,la cloche avec les chemises que j' aime beaucoup n' est pas dure <eos>,12,dure,dur,10,F,P,dure,-10.057424,dur,-11.059199,1
5456,S_NOUN_7_ADJ_b,F,S,la cloche avec les chemises que j' aime beaucoup n' est pas claire <eos>,12,claire,clair,10,F,P,claire,-5.7522078,clair,-7.4263115,1
5457,S_NOUN_7_ADJ_b,F,S,la cloche avec les chemises que j' aime beaucoup n' est pas intéressante <eos>,12,intéressante,intéressant,10,F,P,intéressante,-9.1220875,intéressant,-10.469955,1
5458,S_NOUN_7_ADJ_b,F,S,la cloche avec les chemises que j' aime beaucoup n' est pas brillante <eos>,12,brillante,brillant,10,F,P,brillante,-7.528931,brillant,-10.754068,1
5459,S_NOUN_7_ADJ_b,F,S,la cloche avec les chemises que j' aime beaucoup n' est pas compliquée <eos>,12,compliquée,compliqué,10,F,P,compliquée,-11.786966,compliqué,-12.626598,1
5460,S_NOUN_7_ADJ_b,F,S,la cloche avec les recettes que j' aime beaucoup n' est pas verte <eos>,12,verte,vert,10,F,P,verte,-9.704927,vert,-10.45768,1
5461,S_NOUN_7_ADJ_b,F,S,la cloche avec les recettes que j' aime beaucoup n' est pas bleue <eos>,12,bleue,bleu,10,F,P,bleue,-10.634434,bleu,-10.335996,0
5462,S_NOUN_7_ADJ_b,F,S,la cloche avec les recettes que j' aime beaucoup n' est pas noire <eos>,12,noire,noir,10,F,P,noire,-8.815338,noir,-9.157868,1
5463,S_NOUN_7_ADJ_b,F,S,la cloche avec les recettes que j' aime beaucoup n' est pas délicate <eos>,12,délicate,délicat,10,F,P,délicate,-12.242513,délicat,-12.031555,0
5464,S_NOUN_7_ADJ_b,F,S,la cloche avec les recettes que j' aime beaucoup n' est pas pointue <eos>,12,pointue,pointu,10,F,P,pointue,-12.738035,pointu,-14.386398,1
5465,S_NOUN_7_ADJ_b,F,S,la cloche avec les recettes que j' aime beaucoup n' est pas ronde <eos>,12,ronde,rond,10,F,P,ronde,-9.94052,rond,-9.704123,0
5466,S_NOUN_7_ADJ_b,F,S,la cloche avec les recettes que j' aime beaucoup n' est pas froide <eos>,12,froide,froid,10,F,P,froide,-9.236019,froid,-12.207469,1
5467,S_NOUN_7_ADJ_b,F,S,la cloche avec les recettes que j' aime beaucoup n' est pas chaude <eos>,12,chaude,chaud,10,F,P,chaude,-8.38039,chaud,-12.587127,1
5468,S_NOUN_7_ADJ_b,F,S,la cloche avec les recettes que j' aime beaucoup n' est pas importante <eos>,12,importante,important,10,F,P,importante,-8.257544,important,-10.933746,1
5469,S_NOUN_7_ADJ_b,F,S,la cloche avec les recettes que j' aime beaucoup n' est pas courte <eos>,12,courte,court,10,F,P,courte,-10.379064,court,-12.169915,1
5470,S_NOUN_7_ADJ_b,F,S,la cloche avec les recettes que j' aime beaucoup n' est pas dure <eos>,12,dure,dur,10,F,P,dure,-10.900358,dur,-11.768158,1
5471,S_NOUN_7_ADJ_b,F,S,la cloche avec les recettes que j' aime beaucoup n' est pas claire <eos>,12,claire,clair,10,F,P,claire,-6.4683743,clair,-8.26107,1
5472,S_NOUN_7_ADJ_b,F,S,la cloche avec les recettes que j' aime beaucoup n' est pas intéressante <eos>,12,intéressante,intéressant,10,F,P,intéressante,-7.9869394,intéressant,-10.588298,1
5473,S_NOUN_7_ADJ_b,F,S,la cloche avec les recettes que j' aime beaucoup n' est pas brillante <eos>,12,brillante,brillant,10,F,P,brillante,-8.235408,brillant,-11.900809,1
5474,S_NOUN_7_ADJ_b,F,S,la cloche avec les recettes que j' aime beaucoup n' est pas compliquée <eos>,12,compliquée,compliqué,10,F,P,compliquée,-11.8105955,compliqué,-12.211673,1
5475,S_NOUN_7_ADJ_b,F,S,la cloche avec les jupes que j' aime beaucoup n' est pas verte <eos>,12,verte,vert,10,F,P,verte,-9.200851,vert,-9.996796,1
5476,S_NOUN_7_ADJ_b,F,S,la cloche avec les jupes que j' aime beaucoup n' est pas bleue <eos>,12,bleue,bleu,10,F,P,bleue,-9.456599,bleu,-9.222045,0
5477,S_NOUN_7_ADJ_b,F,S,la cloche avec les jupes que j' aime beaucoup n' est pas noire <eos>,12,noire,noir,10,F,P,noire,-8.265343,noir,-8.431553,1
5478,S_NOUN_7_ADJ_b,F,S,la cloche avec les jupes que j' aime beaucoup n' est pas délicate <eos>,12,délicate,délicat,10,F,P,délicate,-11.787203,délicat,-11.826048,1
5479,S_NOUN_7_ADJ_b,F,S,la cloche avec les jupes que j' aime beaucoup n' est pas pointue <eos>,12,pointue,pointu,10,F,P,pointue,-11.622532,pointu,-13.04003,1
5480,S_NOUN_7_ADJ_b,F,S,la cloche avec les jupes que j' aime beaucoup n' est pas ronde <eos>,12,ronde,rond,10,F,P,ronde,-9.927308,rond,-9.046258,0
5481,S_NOUN_7_ADJ_b,F,S,la cloche avec les jupes que j' aime beaucoup n' est pas froide <eos>,12,froide,froid,10,F,P,froide,-10.34063,froid,-12.575907,1
5482,S_NOUN_7_ADJ_b,F,S,la cloche avec les jupes que j' aime beaucoup n' est pas chaude <eos>,12,chaude,chaud,10,F,P,chaude,-9.3948,chaud,-12.470045,1
5483,S_NOUN_7_ADJ_b,F,S,la cloche avec les jupes que j' aime beaucoup n' est pas importante <eos>,12,importante,important,10,F,P,importante,-8.848056,important,-11.385339,1
5484,S_NOUN_7_ADJ_b,F,S,la cloche avec les jupes que j' aime beaucoup n' est pas courte <eos>,12,courte,court,10,F,P,courte,-9.414797,court,-11.415693,1
5485,S_NOUN_7_ADJ_b,F,S,la cloche avec les jupes que j' aime beaucoup n' est pas dure <eos>,12,dure,dur,10,F,P,dure,-9.982562,dur,-11.382704,1
5486,S_NOUN_7_ADJ_b,F,S,la cloche avec les jupes que j' aime beaucoup n' est pas claire <eos>,12,claire,clair,10,F,P,claire,-5.5723124,clair,-7.6149864,1
5487,S_NOUN_7_ADJ_b,F,S,la cloche avec les jupes que j' aime beaucoup n' est pas intéressante <eos>,12,intéressante,intéressant,10,F,P,intéressante,-8.972795,intéressant,-10.250456,1
5488,S_NOUN_7_ADJ_b,F,S,la cloche avec les jupes que j' aime beaucoup n' est pas brillante <eos>,12,brillante,brillant,10,F,P,brillante,-7.9470224,brillant,-10.612891,1
5489,S_NOUN_7_ADJ_b,F,S,la cloche avec les jupes que j' aime beaucoup n' est pas compliquée <eos>,12,compliquée,compliqué,10,F,P,compliquée,-11.209682,compliqué,-12.204047,1
5490,S_NOUN_7_ADJ_b,F,S,la cloche avec les colles que j' aime beaucoup n' est pas verte <eos>,12,verte,vert,10,F,P,verte,-8.974427,vert,-9.73894,1
5491,S_NOUN_7_ADJ_b,F,S,la cloche avec les colles que j' aime beaucoup n' est pas bleue <eos>,12,bleue,bleu,10,F,P,bleue,-9.400749,bleu,-9.267962,0
5492,S_NOUN_7_ADJ_b,F,S,la cloche avec les colles que j' aime beaucoup n' est pas noire <eos>,12,noire,noir,10,F,P,noire,-8.389118,noir,-8.5045805,1
5493,S_NOUN_7_ADJ_b,F,S,la cloche avec les colles que j' aime beaucoup n' est pas délicate <eos>,12,délicate,délicat,10,F,P,délicate,-11.259068,délicat,-11.745625,1
5494,S_NOUN_7_ADJ_b,F,S,la cloche avec les colles que j' aime beaucoup n' est pas pointue <eos>,12,pointue,pointu,10,F,P,pointue,-12.603918,pointu,-14.533632,1
5495,S_NOUN_7_ADJ_b,F,S,la cloche avec les colles que j' aime beaucoup n' est pas ronde <eos>,12,ronde,rond,10,F,P,ronde,-9.945229,rond,-9.800101,0
5496,S_NOUN_7_ADJ_b,F,S,la cloche avec les colles que j' aime beaucoup n' est pas froide <eos>,12,froide,froid,10,F,P,froide,-9.415253,froid,-12.44437,1
5497,S_NOUN_7_ADJ_b,F,S,la cloche avec les colles que j' aime beaucoup n' est pas chaude <eos>,12,chaude,chaud,10,F,P,chaude,-8.704835,chaud,-12.3978195,1
5498,S_NOUN_7_ADJ_b,F,S,la cloche avec les colles que j' aime beaucoup n' est pas importante <eos>,12,importante,important,10,F,P,importante,-8.709757,important,-11.325593,1
5499,S_NOUN_7_ADJ_b,F,S,la cloche avec les colles que j' aime beaucoup n' est pas courte <eos>,12,courte,court,10,F,P,courte,-10.353119,court,-12.733102,1
5500,S_NOUN_7_ADJ_b,F,S,la cloche avec les colles que j' aime beaucoup n' est pas dure <eos>,12,dure,dur,10,F,P,dure,-10.446743,dur,-11.323184,1
5501,S_NOUN_7_ADJ_b,F,S,la cloche avec les colles que j' aime beaucoup n' est pas claire <eos>,12,claire,clair,10,F,P,claire,-5.745919,clair,-7.7684193,1
5502,S_NOUN_7_ADJ_b,F,S,la cloche avec les colles que j' aime beaucoup n' est pas intéressante <eos>,12,intéressante,intéressant,10,F,P,intéressante,-8.20347,intéressant,-10.128595,1
5503,S_NOUN_7_ADJ_b,F,S,la cloche avec les colles que j' aime beaucoup n' est pas brillante <eos>,12,brillante,brillant,10,F,P,brillante,-7.5612435,brillant,-10.824034,1
5504,S_NOUN_7_ADJ_b,F,S,la cloche avec les colles que j' aime beaucoup n' est pas compliquée <eos>,12,compliquée,compliqué,10,F,P,compliquée,-10.962254,compliqué,-12.139526,1
5505,S_NOUN_7_ADJ_b,F,S,la cloche avec les lampes que j' aime beaucoup n' est pas verte <eos>,12,verte,vert,10,F,P,verte,-8.799383,vert,-9.893674,1
5506,S_NOUN_7_ADJ_b,F,S,la cloche avec les lampes que j' aime beaucoup n' est pas bleue <eos>,12,bleue,bleu,10,F,P,bleue,-9.341121,bleu,-9.257391,0
5507,S_NOUN_7_ADJ_b,F,S,la cloche avec les lampes que j' aime beaucoup n' est pas noire <eos>,12,noire,noir,10,F,P,noire,-8.473762,noir,-8.549862,1
5508,S_NOUN_7_ADJ_b,F,S,la cloche avec les lampes que j' aime beaucoup n' est pas délicate <eos>,12,délicate,délicat,10,F,P,délicate,-12.039513,délicat,-12.360341,1
5509,S_NOUN_7_ADJ_b,F,S,la cloche avec les lampes que j' aime beaucoup n' est pas pointue <eos>,12,pointue,pointu,10,F,P,pointue,-13.033441,pointu,-14.201029,1
5510,S_NOUN_7_ADJ_b,F,S,la cloche avec les lampes que j' aime beaucoup n' est pas ronde <eos>,12,ronde,rond,10,F,P,ronde,-10.581121,rond,-9.4855795,0
5511,S_NOUN_7_ADJ_b,F,S,la cloche avec les lampes que j' aime beaucoup n' est pas froide <eos>,12,froide,froid,10,F,P,froide,-8.272551,froid,-12.011997,1
5512,S_NOUN_7_ADJ_b,F,S,la cloche avec les lampes que j' aime beaucoup n' est pas chaude <eos>,12,chaude,chaud,10,F,P,chaude,-7.8614354,chaud,-12.279388,1
5513,S_NOUN_7_ADJ_b,F,S,la cloche avec les lampes que j' aime beaucoup n' est pas importante <eos>,12,importante,important,10,F,P,importante,-8.862336,important,-11.41148,1
5514,S_NOUN_7_ADJ_b,F,S,la cloche avec les lampes que j' aime beaucoup n' est pas courte <eos>,12,courte,court,10,F,P,courte,-10.708294,court,-12.944996,1
5515,S_NOUN_7_ADJ_b,F,S,la cloche avec les lampes que j' aime beaucoup n' est pas dure <eos>,12,dure,dur,10,F,P,dure,-10.615913,dur,-11.666245,1
5516,S_NOUN_7_ADJ_b,F,S,la cloche avec les lampes que j' aime beaucoup n' est pas claire <eos>,12,claire,clair,10,F,P,claire,-6.335082,clair,-7.7982225,1
5517,S_NOUN_7_ADJ_b,F,S,la cloche avec les lampes que j' aime beaucoup n' est pas intéressante <eos>,12,intéressante,intéressant,10,F,P,intéressante,-8.636941,intéressant,-10.458039,1
5518,S_NOUN_7_ADJ_b,F,S,la cloche avec les lampes que j' aime beaucoup n' est pas brillante <eos>,12,brillante,brillant,10,F,P,brillante,-7.9395995,brillant,-11.364233,1
5519,S_NOUN_7_ADJ_b,F,S,la cloche avec les lampes que j' aime beaucoup n' est pas compliquée <eos>,12,compliquée,compliqué,10,F,P,compliquée,-11.788233,compliqué,-12.452324,1
5520,S_NOUN_7_ADJ_b,F,S,la cloche avec les bouteilles que j' aime beaucoup n' est pas verte <eos>,12,verte,vert,10,F,P,verte,-9.242346,vert,-9.956429,1
5521,S_NOUN_7_ADJ_b,F,S,la cloche avec les bouteilles que j' aime beaucoup n' est pas bleue <eos>,12,bleue,bleu,10,F,P,bleue,-9.706417,bleu,-9.900923,1
5522,S_NOUN_7_ADJ_b,F,S,la cloche avec les bouteilles que j' aime beaucoup n' est pas noire <eos>,12,noire,noir,10,F,P,noire,-8.915382,noir,-9.078215,1
5523,S_NOUN_7_ADJ_b,F,S,la cloche avec les bouteilles que j' aime beaucoup n' est pas délicate <eos>,12,délicate,délicat,10,F,P,délicate,-12.341161,délicat,-12.319328,0
5524,S_NOUN_7_ADJ_b,F,S,la cloche avec les bouteilles que j' aime beaucoup n' est pas pointue <eos>,12,pointue,pointu,10,F,P,pointue,-13.112816,pointu,-14.705196,1
5525,S_NOUN_7_ADJ_b,F,S,la cloche avec les bouteilles que j' aime beaucoup n' est pas ronde <eos>,12,ronde,rond,10,F,P,ronde,-10.291503,rond,-9.351426,0
5526,S_NOUN_7_ADJ_b,F,S,la cloche avec les bouteilles que j' aime beaucoup n' est pas froide <eos>,12,froide,froid,10,F,P,froide,-8.622447,froid,-11.6319,1
5527,S_NOUN_7_ADJ_b,F,S,la cloche avec les bouteilles que j' aime beaucoup n' est pas chaude <eos>,12,chaude,chaud,10,F,P,chaude,-8.0669365,chaud,-11.908848,1
5528,S_NOUN_7_ADJ_b,F,S,la cloche avec les bouteilles que j' aime beaucoup n' est pas importante <eos>,12,importante,important,10,F,P,importante,-8.975475,important,-11.1252365,1
5529,S_NOUN_7_ADJ_b,F,S,la cloche avec les bouteilles que j' aime beaucoup n' est pas courte <eos>,12,courte,court,10,F,P,courte,-10.709774,court,-12.229517,1
5530,S_NOUN_7_ADJ_b,F,S,la cloche avec les bouteilles que j' aime beaucoup n' est pas dure <eos>,12,dure,dur,10,F,P,dure,-10.521923,dur,-11.387251,1
5531,S_NOUN_7_ADJ_b,F,S,la cloche avec les bouteilles que j' aime beaucoup n' est pas claire <eos>,12,claire,clair,10,F,P,claire,-6.055043,clair,-8.195968,1
5532,S_NOUN_7_ADJ_b,F,S,la cloche avec les bouteilles que j' aime beaucoup n' est pas intéressante <eos>,12,intéressante,intéressant,10,F,P,intéressante,-8.343983,intéressant,-10.376451,1
5533,S_NOUN_7_ADJ_b,F,S,la cloche avec les bouteilles que j' aime beaucoup n' est pas brillante <eos>,12,brillante,brillant,10,F,P,brillante,-9.082574,brillant,-12.210996,1
5534,S_NOUN_7_ADJ_b,F,S,la cloche avec les bouteilles que j' aime beaucoup n' est pas compliquée <eos>,12,compliquée,compliqué,10,F,P,compliquée,-11.334689,compliqué,-12.138173,1
5535,S_NOUN_7_ADJ_b,F,S,la cloche avec les boissons que j' aime beaucoup n' est pas verte <eos>,12,verte,vert,10,F,P,verte,-9.3818865,vert,-10.143824,1
5536,S_NOUN_7_ADJ_b,F,S,la cloche avec les boissons que j' aime beaucoup n' est pas bleue <eos>,12,bleue,bleu,10,F,P,bleue,-10.110706,bleu,-9.950002,0
5537,S_NOUN_7_ADJ_b,F,S,la cloche avec les boissons que j' aime beaucoup n' est pas noire <eos>,12,noire,noir,10,F,P,noire,-8.840234,noir,-9.039558,1
5538,S_NOUN_7_ADJ_b,F,S,la cloche avec les boissons que j' aime beaucoup n' est pas délicate <eos>,12,délicate,délicat,10,F,P,délicate,-11.9983225,délicat,-12.122541,1
5539,S_NOUN_7_ADJ_b,F,S,la cloche avec les boissons que j' aime beaucoup n' est pas pointue <eos>,12,pointue,pointu,10,F,P,pointue,-13.298998,pointu,-15.144122,1
5540,S_NOUN_7_ADJ_b,F,S,la cloche avec les boissons que j' aime beaucoup n' est pas ronde <eos>,12,ronde,rond,10,F,P,ronde,-9.548454,rond,-9.92304,1
5541,S_NOUN_7_ADJ_b,F,S,la cloche avec les boissons que j' aime beaucoup n' est pas froide <eos>,12,froide,froid,10,F,P,froide,-8.759706,froid,-11.949683,1
5542,S_NOUN_7_ADJ_b,F,S,la cloche avec les boissons que j' aime beaucoup n' est pas chaude <eos>,12,chaude,chaud,10,F,P,chaude,-7.9244165,chaud,-12.178787,1
5543,S_NOUN_7_ADJ_b,F,S,la cloche avec les boissons que j' aime beaucoup n' est pas importante <eos>,12,importante,important,10,F,P,importante,-8.5522585,important,-11.296101,1
5544,S_NOUN_7_ADJ_b,F,S,la cloche avec les boissons que j' aime beaucoup n' est pas courte <eos>,12,courte,court,10,F,P,courte,-10.3892765,court,-12.7292795,1
5545,S_NOUN_7_ADJ_b,F,S,la cloche avec les boissons que j' aime beaucoup n' est pas dure <eos>,12,dure,dur,10,F,P,dure,-10.354296,dur,-11.495502,1
5546,S_NOUN_7_ADJ_b,F,S,la cloche avec les boissons que j' aime beaucoup n' est pas claire <eos>,12,claire,clair,10,F,P,claire,-6.157857,clair,-7.9441147,1
5547,S_NOUN_7_ADJ_b,F,S,la cloche avec les boissons que j' aime beaucoup n' est pas intéressante <eos>,12,intéressante,intéressant,10,F,P,intéressante,-8.499979,intéressant,-10.883004,1
5548,S_NOUN_7_ADJ_b,F,S,la cloche avec les boissons que j' aime beaucoup n' est pas brillante <eos>,12,brillante,brillant,10,F,P,brillante,-8.431703,brillant,-12.232098,1
5549,S_NOUN_7_ADJ_b,F,S,la cloche avec les boissons que j' aime beaucoup n' est pas compliquée <eos>,12,compliquée,compliqué,10,F,P,compliquée,-11.687759,compliqué,-12.575079,1
5550,S_NOUN_7_ADJ_b,F,S,la cloche avec les pommes que j' aime beaucoup n' est pas verte <eos>,12,verte,vert,10,F,P,verte,-8.969938,vert,-9.545604,1
5551,S_NOUN_7_ADJ_b,F,S,la cloche avec les pommes que j' aime beaucoup n' est pas bleue <eos>,12,bleue,bleu,10,F,P,bleue,-9.475592,bleu,-9.33466,0
5552,S_NOUN_7_ADJ_b,F,S,la cloche avec les pommes que j' aime beaucoup n' est pas noire <eos>,12,noire,noir,10,F,P,noire,-8.342065,noir,-8.635374,1
5553,S_NOUN_7_ADJ_b,F,S,la cloche avec les pommes que j' aime beaucoup n' est pas délicate <eos>,12,délicate,délicat,10,F,P,délicate,-11.379255,délicat,-11.829128,1
5554,S_NOUN_7_ADJ_b,F,S,la cloche avec les pommes que j' aime beaucoup n' est pas pointue <eos>,12,pointue,pointu,10,F,P,pointue,-12.194232,pointu,-14.28649,1
5555,S_NOUN_7_ADJ_b,F,S,la cloche avec les pommes que j' aime beaucoup n' est pas ronde <eos>,12,ronde,rond,10,F,P,ronde,-9.814688,rond,-9.453395,0
5556,S_NOUN_7_ADJ_b,F,S,la cloche avec les pommes que j' aime beaucoup n' est pas froide <eos>,12,froide,froid,10,F,P,froide,-8.524075,froid,-12.178463,1
5557,S_NOUN_7_ADJ_b,F,S,la cloche avec les pommes que j' aime beaucoup n' est pas chaude <eos>,12,chaude,chaud,10,F,P,chaude,-8.088703,chaud,-12.0748,1
5558,S_NOUN_7_ADJ_b,F,S,la cloche avec les pommes que j' aime beaucoup n' est pas importante <eos>,12,importante,important,10,F,P,importante,-8.60995,important,-11.54804,1
5559,S_NOUN_7_ADJ_b,F,S,la cloche avec les pommes que j' aime beaucoup n' est pas courte <eos>,12,courte,court,10,F,P,courte,-10.0170965,court,-12.249742,1
5560,S_NOUN_7_ADJ_b,F,S,la cloche avec les pommes que j' aime beaucoup n' est pas dure <eos>,12,dure,dur,10,F,P,dure,-10.06426,dur,-10.795593,1
5561,S_NOUN_7_ADJ_b,F,S,la cloche avec les pommes que j' aime beaucoup n' est pas claire <eos>,12,claire,clair,10,F,P,claire,-6.0453568,clair,-7.7643805,1
5562,S_NOUN_7_ADJ_b,F,S,la cloche avec les pommes que j' aime beaucoup n' est pas intéressante <eos>,12,intéressante,intéressant,10,F,P,intéressante,-8.23087,intéressant,-10.753862,1
5563,S_NOUN_7_ADJ_b,F,S,la cloche avec les pommes que j' aime beaucoup n' est pas brillante <eos>,12,brillante,brillant,10,F,P,brillante,-7.960376,brillant,-11.89176,1
5564,S_NOUN_7_ADJ_b,F,S,la cloche avec les pommes que j' aime beaucoup n' est pas compliquée <eos>,12,compliquée,compliqué,10,F,P,compliquée,-11.355557,compliqué,-12.204257,1
5565,S_NOUN_7_ADJ_b,F,S,la cloche avec les tasses que j' aime beaucoup n' est pas verte <eos>,12,verte,vert,10,F,P,verte,-9.550752,vert,-10.119938,1
5566,S_NOUN_7_ADJ_b,F,S,la cloche avec les tasses que j' aime beaucoup n' est pas bleue <eos>,12,bleue,bleu,10,F,P,bleue,-10.039433,bleu,-10.039854,1
5567,S_NOUN_7_ADJ_b,F,S,la cloche avec les tasses que j' aime beaucoup n' est pas noire <eos>,12,noire,noir,10,F,P,noire,-9.478949,noir,-9.912868,1
5568,S_NOUN_7_ADJ_b,F,S,la cloche avec les tasses que j' aime beaucoup n' est pas délicate <eos>,12,délicate,délicat,10,F,P,délicate,-12.137276,délicat,-11.679344,0
5569,S_NOUN_7_ADJ_b,F,S,la cloche avec les tasses que j' aime beaucoup n' est pas pointue <eos>,12,pointue,pointu,10,F,P,pointue,-12.19364,pointu,-14.2033825,1
5570,S_NOUN_7_ADJ_b,F,S,la cloche avec les tasses que j' aime beaucoup n' est pas ronde <eos>,12,ronde,rond,10,F,P,ronde,-9.622706,rond,-9.360967,0
5571,S_NOUN_7_ADJ_b,F,S,la cloche avec les tasses que j' aime beaucoup n' est pas froide <eos>,12,froide,froid,10,F,P,froide,-8.428417,froid,-11.691818,1
5572,S_NOUN_7_ADJ_b,F,S,la cloche avec les tasses que j' aime beaucoup n' est pas chaude <eos>,12,chaude,chaud,10,F,P,chaude,-7.381583,chaud,-11.37411,1
5573,S_NOUN_7_ADJ_b,F,S,la cloche avec les tasses que j' aime beaucoup n' est pas importante <eos>,12,importante,important,10,F,P,importante,-8.908884,important,-11.370162,1
5574,S_NOUN_7_ADJ_b,F,S,la cloche avec les tasses que j' aime beaucoup n' est pas courte <eos>,12,courte,court,10,F,P,courte,-10.504368,court,-12.488844,1
5575,S_NOUN_7_ADJ_b,F,S,la cloche avec les tasses que j' aime beaucoup n' est pas dure <eos>,12,dure,dur,10,F,P,dure,-10.272115,dur,-11.396834,1
5576,S_NOUN_7_ADJ_b,F,S,la cloche avec les tasses que j' aime beaucoup n' est pas claire <eos>,12,claire,clair,10,F,P,claire,-6.5220942,clair,-8.16081,1
5577,S_NOUN_7_ADJ_b,F,S,la cloche avec les tasses que j' aime beaucoup n' est pas intéressante <eos>,12,intéressante,intéressant,10,F,P,intéressante,-8.248772,intéressant,-10.570504,1
5578,S_NOUN_7_ADJ_b,F,S,la cloche avec les tasses que j' aime beaucoup n' est pas brillante <eos>,12,brillante,brillant,10,F,P,brillante,-8.489846,brillant,-11.239656,1
5579,S_NOUN_7_ADJ_b,F,S,la cloche avec les tasses que j' aime beaucoup n' est pas compliquée <eos>,12,compliquée,compliqué,10,F,P,compliquée,-11.312991,compliqué,-11.899742,1
5580,S_NOUN_7_ADJ_b,F,S,la cloche avec les bougies que j' aime beaucoup n' est pas verte <eos>,12,verte,vert,10,F,P,verte,-9.333414,vert,-10.019949,1
5581,S_NOUN_7_ADJ_b,F,S,la cloche avec les bougies que j' aime beaucoup n' est pas bleue <eos>,12,bleue,bleu,10,F,P,bleue,-10.029997,bleu,-9.433737,0
5582,S_NOUN_7_ADJ_b,F,S,la cloche avec les bougies que j' aime beaucoup n' est pas noire <eos>,12,noire,noir,10,F,P,noire,-8.667025,noir,-8.938605,1
5583,S_NOUN_7_ADJ_b,F,S,la cloche avec les bougies que j' aime beaucoup n' est pas délicate <eos>,12,délicate,délicat,10,F,P,délicate,-12.11084,délicat,-12.1485615,1
5584,S_NOUN_7_ADJ_b,F,S,la cloche avec les bougies que j' aime beaucoup n' est pas pointue <eos>,12,pointue,pointu,10,F,P,pointue,-12.432649,pointu,-14.027063,1
5585,S_NOUN_7_ADJ_b,F,S,la cloche avec les bougies que j' aime beaucoup n' est pas ronde <eos>,12,ronde,rond,10,F,P,ronde,-9.7786875,rond,-9.413587,0
5586,S_NOUN_7_ADJ_b,F,S,la cloche avec les bougies que j' aime beaucoup n' est pas froide <eos>,12,froide,froid,10,F,P,froide,-9.2886505,froid,-12.193659,1
5587,S_NOUN_7_ADJ_b,F,S,la cloche avec les bougies que j' aime beaucoup n' est pas chaude <eos>,12,chaude,chaud,10,F,P,chaude,-8.414207,chaud,-12.370202,1
5588,S_NOUN_7_ADJ_b,F,S,la cloche avec les bougies que j' aime beaucoup n' est pas importante <eos>,12,importante,important,10,F,P,importante,-8.917357,important,-11.404125,1
5589,S_NOUN_7_ADJ_b,F,S,la cloche avec les bougies que j' aime beaucoup n' est pas courte <eos>,12,courte,court,10,F,P,courte,-10.412833,court,-12.531027,1
5590,S_NOUN_7_ADJ_b,F,S,la cloche avec les bougies que j' aime beaucoup n' est pas dure <eos>,12,dure,dur,10,F,P,dure,-10.376529,dur,-11.275606,1
5591,S_NOUN_7_ADJ_b,F,S,la cloche avec les bougies que j' aime beaucoup n' est pas claire <eos>,12,claire,clair,10,F,P,claire,-6.541295,clair,-7.8713026,1
5592,S_NOUN_7_ADJ_b,F,S,la cloche avec les bougies que j' aime beaucoup n' est pas intéressante <eos>,12,intéressante,intéressant,10,F,P,intéressante,-9.301064,intéressant,-10.807603,1
5593,S_NOUN_7_ADJ_b,F,S,la cloche avec les bougies que j' aime beaucoup n' est pas brillante <eos>,12,brillante,brillant,10,F,P,brillante,-8.413734,brillant,-11.608656,1
5594,S_NOUN_7_ADJ_b,F,S,la cloche avec les bougies que j' aime beaucoup n' est pas compliquée <eos>,12,compliquée,compliqué,10,F,P,compliquée,-12.077962,compliqué,-12.348896,1
5595,S_NOUN_7_ADJ_b,F,S,la cloche avec les pochettes que j' aime beaucoup n' est pas verte <eos>,12,verte,vert,10,F,P,verte,-8.926324,vert,-9.738618,1
5596,S_NOUN_7_ADJ_b,F,S,la cloche avec les pochettes que j' aime beaucoup n' est pas bleue <eos>,12,bleue,bleu,10,F,P,bleue,-8.664716,bleu,-9.087654,1
5597,S_NOUN_7_ADJ_b,F,S,la cloche avec les pochettes que j' aime beaucoup n' est pas noire <eos>,12,noire,noir,10,F,P,noire,-8.0024605,noir,-8.064092,1
5598,S_NOUN_7_ADJ_b,F,S,la cloche avec les pochettes que j' aime beaucoup n' est pas délicate <eos>,12,délicate,délicat,10,F,P,délicate,-12.959087,délicat,-13.393483,1
5599,S_NOUN_7_ADJ_b,F,S,la cloche avec les pochettes que j' aime beaucoup n' est pas pointue <eos>,12,pointue,pointu,10,F,P,pointue,-13.008377,pointu,-14.103613,1
5600,S_NOUN_7_ADJ_b,F,S,la cloche avec les pochettes que j' aime beaucoup n' est pas ronde <eos>,12,ronde,rond,10,F,P,ronde,-9.997127,rond,-9.469921,0
5601,S_NOUN_7_ADJ_b,F,S,la cloche avec les pochettes que j' aime beaucoup n' est pas froide <eos>,12,froide,froid,10,F,P,froide,-10.412038,froid,-13.218271,1
5602,S_NOUN_7_ADJ_b,F,S,la cloche avec les pochettes que j' aime beaucoup n' est pas chaude <eos>,12,chaude,chaud,10,F,P,chaude,-9.451696,chaud,-13.875704,1
5603,S_NOUN_7_ADJ_b,F,S,la cloche avec les pochettes que j' aime beaucoup n' est pas importante <eos>,12,importante,important,10,F,P,importante,-8.740149,important,-11.275232,1
5604,S_NOUN_7_ADJ_b,F,S,la cloche avec les pochettes que j' aime beaucoup n' est pas courte <eos>,12,courte,court,10,F,P,courte,-10.027239,court,-12.261181,1
5605,S_NOUN_7_ADJ_b,F,S,la cloche avec les pochettes que j' aime beaucoup n' est pas dure <eos>,12,dure,dur,10,F,P,dure,-9.540468,dur,-10.336081,1
5606,S_NOUN_7_ADJ_b,F,S,la cloche avec les pochettes que j' aime beaucoup n' est pas claire <eos>,12,claire,clair,10,F,P,claire,-5.612281,clair,-7.796811,1
5607,S_NOUN_7_ADJ_b,F,S,la cloche avec les pochettes que j' aime beaucoup n' est pas intéressante <eos>,12,intéressante,intéressant,10,F,P,intéressante,-8.390297,intéressant,-10.690517,1
5608,S_NOUN_7_ADJ_b,F,S,la cloche avec les pochettes que j' aime beaucoup n' est pas brillante <eos>,12,brillante,brillant,10,F,P,brillante,-8.5123825,brillant,-11.806961,1
5609,S_NOUN_7_ADJ_b,F,S,la cloche avec les pochettes que j' aime beaucoup n' est pas compliquée <eos>,12,compliquée,compliqué,10,F,P,compliquée,-11.485178,compliqué,-12.417759,1
5610,S_NOUN_7_ADJ_b,F,S,la cloche avec les bananes que j' aime beaucoup n' est pas verte <eos>,12,verte,vert,10,F,P,verte,-8.545041,vert,-9.274782,1
5611,S_NOUN_7_ADJ_b,F,S,la cloche avec les bananes que j' aime beaucoup n' est pas bleue <eos>,12,bleue,bleu,10,F,P,bleue,-9.105861,bleu,-8.97892,0
5612,S_NOUN_7_ADJ_b,F,S,la cloche avec les bananes que j' aime beaucoup n' est pas noire <eos>,12,noire,noir,10,F,P,noire,-7.969081,noir,-8.292015,1
5613,S_NOUN_7_ADJ_b,F,S,la cloche avec les bananes que j' aime beaucoup n' est pas délicate <eos>,12,délicate,délicat,10,F,P,délicate,-11.679082,délicat,-12.010836,1
5614,S_NOUN_7_ADJ_b,F,S,la cloche avec les bananes que j' aime beaucoup n' est pas pointue <eos>,12,pointue,pointu,10,F,P,pointue,-11.986505,pointu,-13.5547905,1
5615,S_NOUN_7_ADJ_b,F,S,la cloche avec les bananes que j' aime beaucoup n' est pas ronde <eos>,12,ronde,rond,10,F,P,ronde,-9.661255,rond,-9.385364,0
5616,S_NOUN_7_ADJ_b,F,S,la cloche avec les bananes que j' aime beaucoup n' est pas froide <eos>,12,froide,froid,10,F,P,froide,-8.644731,froid,-12.625914,1
5617,S_NOUN_7_ADJ_b,F,S,la cloche avec les bananes que j' aime beaucoup n' est pas chaude <eos>,12,chaude,chaud,10,F,P,chaude,-8.099052,chaud,-12.2977085,1
5618,S_NOUN_7_ADJ_b,F,S,la cloche avec les bananes que j' aime beaucoup n' est pas importante <eos>,12,importante,important,10,F,P,importante,-8.919804,important,-11.732492,1
5619,S_NOUN_7_ADJ_b,F,S,la cloche avec les bananes que j' aime beaucoup n' est pas courte <eos>,12,courte,court,10,F,P,courte,-10.044873,court,-12.563698,1
5620,S_NOUN_7_ADJ_b,F,S,la cloche avec les bananes que j' aime beaucoup n' est pas dure <eos>,12,dure,dur,10,F,P,dure,-9.744339,dur,-10.0430155,1
5621,S_NOUN_7_ADJ_b,F,S,la cloche avec les bananes que j' aime beaucoup n' est pas claire <eos>,12,claire,clair,10,F,P,claire,-6.175675,clair,-7.1207623,1
5622,S_NOUN_7_ADJ_b,F,S,la cloche avec les bananes que j' aime beaucoup n' est pas intéressante <eos>,12,intéressante,intéressant,10,F,P,intéressante,-8.41517,intéressant,-10.8947935,1
5623,S_NOUN_7_ADJ_b,F,S,la cloche avec les bananes que j' aime beaucoup n' est pas brillante <eos>,12,brillante,brillant,10,F,P,brillante,-7.639834,brillant,-10.740164,1
5624,S_NOUN_7_ADJ_b,F,S,la cloche avec les bananes que j' aime beaucoup n' est pas compliquée <eos>,12,compliquée,compliqué,10,F,P,compliquée,-11.206379,compliqué,-11.815681,1
5625,S_NOUN_7_ADJ_b,F,S,la cloche avec les robes que j' aime beaucoup n' est pas verte <eos>,12,verte,vert,10,F,P,verte,-8.587995,vert,-9.181772,1
5626,S_NOUN_7_ADJ_b,F,S,la cloche avec les robes que j' aime beaucoup n' est pas bleue <eos>,12,bleue,bleu,10,F,P,bleue,-8.712982,bleu,-8.552177,0
5627,S_NOUN_7_ADJ_b,F,S,la cloche avec les robes que j' aime beaucoup n' est pas noire <eos>,12,noire,noir,10,F,P,noire,-7.489661,noir,-7.5980015,1
5628,S_NOUN_7_ADJ_b,F,S,la cloche avec les robes que j' aime beaucoup n' est pas délicate <eos>,12,délicate,délicat,10,F,P,délicate,-11.33717,délicat,-11.780962,1
5629,S_NOUN_7_ADJ_b,F,S,la cloche avec les robes que j' aime beaucoup n' est pas pointue <eos>,12,pointue,pointu,10,F,P,pointue,-12.199779,pointu,-13.430088,1
5630,S_NOUN_7_ADJ_b,F,S,la cloche avec les robes que j' aime beaucoup n' est pas ronde <eos>,12,ronde,rond,10,F,P,ronde,-9.588984,rond,-8.846361,0
5631,S_NOUN_7_ADJ_b,F,S,la cloche avec les robes que j' aime beaucoup n' est pas froide <eos>,12,froide,froid,10,F,P,froide,-10.039918,froid,-12.575182,1
5632,S_NOUN_7_ADJ_b,F,S,la cloche avec les robes que j' aime beaucoup n' est pas chaude <eos>,12,chaude,chaud,10,F,P,chaude,-9.505429,chaud,-12.655077,1
5633,S_NOUN_7_ADJ_b,F,S,la cloche avec les robes que j' aime beaucoup n' est pas importante <eos>,12,importante,important,10,F,P,importante,-8.538395,important,-11.223932,1
5634,S_NOUN_7_ADJ_b,F,S,la cloche avec les robes que j' aime beaucoup n' est pas courte <eos>,12,courte,court,10,F,P,courte,-9.639863,court,-11.852102,1
5635,S_NOUN_7_ADJ_b,F,S,la cloche avec les robes que j' aime beaucoup n' est pas dure <eos>,12,dure,dur,10,F,P,dure,-10.588972,dur,-11.288474,1
5636,S_NOUN_7_ADJ_b,F,S,la cloche avec les robes que j' aime beaucoup n' est pas claire <eos>,12,claire,clair,10,F,P,claire,-5.16934,clair,-6.858405,1
5637,S_NOUN_7_ADJ_b,F,S,la cloche avec les robes que j' aime beaucoup n' est pas intéressante <eos>,12,intéressante,intéressant,10,F,P,intéressante,-9.111554,intéressant,-10.62878,1
5638,S_NOUN_7_ADJ_b,F,S,la cloche avec les robes que j' aime beaucoup n' est pas brillante <eos>,12,brillante,brillant,10,F,P,brillante,-7.6380367,brillant,-10.818442,1
5639,S_NOUN_7_ADJ_b,F,S,la cloche avec les robes que j' aime beaucoup n' est pas compliquée <eos>,12,compliquée,compliqué,10,F,P,compliquée,-11.428128,compliqué,-12.468896,1
5640,S_NOUN_7_ADJ_b,F,S,la cloche avec les valises que j' aime beaucoup n' est pas verte <eos>,12,verte,vert,10,F,P,verte,-9.543455,vert,-10.578184,1
5641,S_NOUN_7_ADJ_b,F,S,la cloche avec les valises que j' aime beaucoup n' est pas bleue <eos>,12,bleue,bleu,10,F,P,bleue,-9.521078,bleu,-9.947674,1
5642,S_NOUN_7_ADJ_b,F,S,la cloche avec les valises que j' aime beaucoup n' est pas noire <eos>,12,noire,noir,10,F,P,noire,-8.758303,noir,-9.086574,1
5643,S_NOUN_7_ADJ_b,F,S,la cloche avec les valises que j' aime beaucoup n' est pas délicate <eos>,12,délicate,délicat,10,F,P,délicate,-12.292763,délicat,-12.990083,1
5644,S_NOUN_7_ADJ_b,F,S,la cloche avec les valises que j' aime beaucoup n' est pas pointue <eos>,12,pointue,pointu,10,F,P,pointue,-12.311603,pointu,-14.245001,1
5645,S_NOUN_7_ADJ_b,F,S,la cloche avec les valises que j' aime beaucoup n' est pas ronde <eos>,12,ronde,rond,10,F,P,ronde,-10.101667,rond,-9.581578,0
5646,S_NOUN_7_ADJ_b,F,S,la cloche avec les valises que j' aime beaucoup n' est pas froide <eos>,12,froide,froid,10,F,P,froide,-9.79664,froid,-12.900536,1
5647,S_NOUN_7_ADJ_b,F,S,la cloche avec les valises que j' aime beaucoup n' est pas chaude <eos>,12,chaude,chaud,10,F,P,chaude,-8.577303,chaud,-12.573537,1
5648,S_NOUN_7_ADJ_b,F,S,la cloche avec les valises que j' aime beaucoup n' est pas importante <eos>,12,importante,important,10,F,P,importante,-8.519196,important,-11.321487,1
5649,S_NOUN_7_ADJ_b,F,S,la cloche avec les valises que j' aime beaucoup n' est pas courte <eos>,12,courte,court,10,F,P,courte,-10.670247,court,-12.749654,1
5650,S_NOUN_7_ADJ_b,F,S,la cloche avec les valises que j' aime beaucoup n' est pas dure <eos>,12,dure,dur,10,F,P,dure,-10.08139,dur,-11.551703,1
5651,S_NOUN_7_ADJ_b,F,S,la cloche avec les valises que j' aime beaucoup n' est pas claire <eos>,12,claire,clair,10,F,P,claire,-6.4383016,clair,-8.34182,1
5652,S_NOUN_7_ADJ_b,F,S,la cloche avec les valises que j' aime beaucoup n' est pas intéressante <eos>,12,intéressante,intéressant,10,F,P,intéressante,-8.218138,intéressant,-10.498802,1
5653,S_NOUN_7_ADJ_b,F,S,la cloche avec les valises que j' aime beaucoup n' est pas brillante <eos>,12,brillante,brillant,10,F,P,brillante,-8.231707,brillant,-11.549494,1
5654,S_NOUN_7_ADJ_b,F,S,la cloche avec les valises que j' aime beaucoup n' est pas compliquée <eos>,12,compliquée,compliqué,10,F,P,compliquée,-11.143155,compliqué,-12.531834,1
5655,S_NOUN_7_ADJ_b,F,S,la cloche avec les pendules que j' aime beaucoup n' est pas verte <eos>,12,verte,vert,10,F,P,verte,-9.412612,vert,-10.352893,1
5656,S_NOUN_7_ADJ_b,F,S,la cloche avec les pendules que j' aime beaucoup n' est pas bleue <eos>,12,bleue,bleu,10,F,P,bleue,-9.872467,bleu,-9.619214,0
5657,S_NOUN_7_ADJ_b,F,S,la cloche avec les pendules que j' aime beaucoup n' est pas noire <eos>,12,noire,noir,10,F,P,noire,-8.407873,noir,-8.498804,1
5658,S_NOUN_7_ADJ_b,F,S,la cloche avec les pendules que j' aime beaucoup n' est pas délicate <eos>,12,délicate,délicat,10,F,P,délicate,-11.66552,délicat,-11.896907,1
5659,S_NOUN_7_ADJ_b,F,S,la cloche avec les pendules que j' aime beaucoup n' est pas pointue <eos>,12,pointue,pointu,10,F,P,pointue,-13.223513,pointu,-14.3992195,1
5660,S_NOUN_7_ADJ_b,F,S,la cloche avec les pendules que j' aime beaucoup n' est pas ronde <eos>,12,ronde,rond,10,F,P,ronde,-10.88279,rond,-9.797775,0
5661,S_NOUN_7_ADJ_b,F,S,la cloche avec les pendules que j' aime beaucoup n' est pas froide <eos>,12,froide,froid,10,F,P,froide,-8.635147,froid,-12.025465,1
5662,S_NOUN_7_ADJ_b,F,S,la cloche avec les pendules que j' aime beaucoup n' est pas chaude <eos>,12,chaude,chaud,10,F,P,chaude,-7.8386345,chaud,-12.053936,1
5663,S_NOUN_7_ADJ_b,F,S,la cloche avec les pendules que j' aime beaucoup n' est pas importante <eos>,12,importante,important,10,F,P,importante,-8.810968,important,-11.146629,1
5664,S_NOUN_7_ADJ_b,F,S,la cloche avec les pendules que j' aime beaucoup n' est pas courte <eos>,12,courte,court,10,F,P,courte,-10.698727,court,-12.617567,1
5665,S_NOUN_7_ADJ_b,F,S,la cloche avec les pendules que j' aime beaucoup n' est pas dure <eos>,12,dure,dur,10,F,P,dure,-10.341251,dur,-11.610195,1
5666,S_NOUN_7_ADJ_b,F,S,la cloche avec les pendules que j' aime beaucoup n' est pas claire <eos>,12,claire,clair,10,F,P,claire,-6.1507063,clair,-8.194939,1
5667,S_NOUN_7_ADJ_b,F,S,la cloche avec les pendules que j' aime beaucoup n' est pas intéressante <eos>,12,intéressante,intéressant,10,F,P,intéressante,-8.616432,intéressant,-10.187632,1
5668,S_NOUN_7_ADJ_b,F,S,la cloche avec les pendules que j' aime beaucoup n' est pas brillante <eos>,12,brillante,brillant,10,F,P,brillante,-7.870376,brillant,-11.174759,1
5669,S_NOUN_7_ADJ_b,F,S,la cloche avec les pendules que j' aime beaucoup n' est pas compliquée <eos>,12,compliquée,compliqué,10,F,P,compliquée,-11.220367,compliqué,-11.93752,1
5670,S_NOUN_7_ADJ_b,F,S,la cloche avec les cloches que j' aime beaucoup n' est pas verte <eos>,12,verte,vert,10,F,P,verte,-10.283844,vert,-10.704465,1
5671,S_NOUN_7_ADJ_b,F,S,la cloche avec les cloches que j' aime beaucoup n' est pas bleue <eos>,12,bleue,bleu,10,F,P,bleue,-10.666564,bleu,-10.089394,0
5672,S_NOUN_7_ADJ_b,F,S,la cloche avec les cloches que j' aime beaucoup n' est pas noire <eos>,12,noire,noir,10,F,P,noire,-9.042651,noir,-9.3297615,1
5673,S_NOUN_7_ADJ_b,F,S,la cloche avec les cloches que j' aime beaucoup n' est pas délicate <eos>,12,délicate,délicat,10,F,P,délicate,-12.442585,délicat,-12.066397,0
5674,S_NOUN_7_ADJ_b,F,S,la cloche avec les cloches que j' aime beaucoup n' est pas pointue <eos>,12,pointue,pointu,10,F,P,pointue,-12.147541,pointu,-14.116651,1
5675,S_NOUN_7_ADJ_b,F,S,la cloche avec les cloches que j' aime beaucoup n' est pas ronde <eos>,12,ronde,rond,10,F,P,ronde,-9.957735,rond,-9.57766,0
5676,S_NOUN_7_ADJ_b,F,S,la cloche avec les cloches que j' aime beaucoup n' est pas froide <eos>,12,froide,froid,10,F,P,froide,-10.356212,froid,-12.6728735,1
5677,S_NOUN_7_ADJ_b,F,S,la cloche avec les cloches que j' aime beaucoup n' est pas chaude <eos>,12,chaude,chaud,10,F,P,chaude,-9.269125,chaud,-12.952988,1
5678,S_NOUN_7_ADJ_b,F,S,la cloche avec les cloches que j' aime beaucoup n' est pas importante <eos>,12,importante,important,10,F,P,importante,-8.614967,important,-11.042055,1
5679,S_NOUN_7_ADJ_b,F,S,la cloche avec les cloches que j' aime beaucoup n' est pas courte <eos>,12,courte,court,10,F,P,courte,-10.297065,court,-12.414144,1
5680,S_NOUN_7_ADJ_b,F,S,la cloche avec les cloches que j' aime beaucoup n' est pas dure <eos>,12,dure,dur,10,F,P,dure,-10.9654875,dur,-11.820318,1
5681,S_NOUN_7_ADJ_b,F,S,la cloche avec les cloches que j' aime beaucoup n' est pas claire <eos>,12,claire,clair,10,F,P,claire,-6.7886047,clair,-8.39472,1
5682,S_NOUN_7_ADJ_b,F,S,la cloche avec les cloches que j' aime beaucoup n' est pas intéressante <eos>,12,intéressante,intéressant,10,F,P,intéressante,-8.315559,intéressant,-10.117507,1
5683,S_NOUN_7_ADJ_b,F,S,la cloche avec les cloches que j' aime beaucoup n' est pas brillante <eos>,12,brillante,brillant,10,F,P,brillante,-8.13707,brillant,-11.70915,1
5684,S_NOUN_7_ADJ_b,F,S,la cloche avec les cloches que j' aime beaucoup n' est pas compliquée <eos>,12,compliquée,compliqué,10,F,P,compliquée,-11.817734,compliqué,-12.399704,1
5685,S_NOUN_7_ADJ_b,F,S,la cloche avec les cerises que j' aime beaucoup n' est pas verte <eos>,12,verte,vert,10,F,P,verte,-9.492994,vert,-9.69729,1
5686,S_NOUN_7_ADJ_b,F,S,la cloche avec les cerises que j' aime beaucoup n' est pas bleue <eos>,12,bleue,bleu,10,F,P,bleue,-9.795255,bleu,-9.321982,0
5687,S_NOUN_7_ADJ_b,F,S,la cloche avec les cerises que j' aime beaucoup n' est pas noire <eos>,12,noire,noir,10,F,P,noire,-8.838289,noir,-8.590902,0
5688,S_NOUN_7_ADJ_b,F,S,la cloche avec les cerises que j' aime beaucoup n' est pas délicate <eos>,12,délicate,délicat,10,F,P,délicate,-12.039623,délicat,-11.861568,0
5689,S_NOUN_7_ADJ_b,F,S,la cloche avec les cerises que j' aime beaucoup n' est pas pointue <eos>,12,pointue,pointu,10,F,P,pointue,-12.929642,pointu,-14.415667,1
5690,S_NOUN_7_ADJ_b,F,S,la cloche avec les cerises que j' aime beaucoup n' est pas ronde <eos>,12,ronde,rond,10,F,P,ronde,-9.904095,rond,-9.284573,0
5691,S_NOUN_7_ADJ_b,F,S,la cloche avec les cerises que j' aime beaucoup n' est pas froide <eos>,12,froide,froid,10,F,P,froide,-9.149024,froid,-11.930586,1
5692,S_NOUN_7_ADJ_b,F,S,la cloche avec les cerises que j' aime beaucoup n' est pas chaude <eos>,12,chaude,chaud,10,F,P,chaude,-8.796595,chaud,-12.20624,1
5693,S_NOUN_7_ADJ_b,F,S,la cloche avec les cerises que j' aime beaucoup n' est pas importante <eos>,12,importante,important,10,F,P,importante,-8.788434,important,-11.231433,1
5694,S_NOUN_7_ADJ_b,F,S,la cloche avec les cerises que j' aime beaucoup n' est pas courte <eos>,12,courte,court,10,F,P,courte,-10.490546,court,-12.451795,1
5695,S_NOUN_7_ADJ_b,F,S,la cloche avec les cerises que j' aime beaucoup n' est pas dure <eos>,12,dure,dur,10,F,P,dure,-10.488026,dur,-11.307018,1
5696,S_NOUN_7_ADJ_b,F,S,la cloche avec les cerises que j' aime beaucoup n' est pas claire <eos>,12,claire,clair,10,F,P,claire,-6.2806234,clair,-7.5934877,1
5697,S_NOUN_7_ADJ_b,F,S,la cloche avec les cerises que j' aime beaucoup n' est pas intéressante <eos>,12,intéressante,intéressant,10,F,P,intéressante,-8.318531,intéressant,-10.53975,1
5698,S_NOUN_7_ADJ_b,F,S,la cloche avec les cerises que j' aime beaucoup n' est pas brillante <eos>,12,brillante,brillant,10,F,P,brillante,-8.302135,brillant,-11.595657,1
5699,S_NOUN_7_ADJ_b,F,S,la cloche avec les cerises que j' aime beaucoup n' est pas compliquée <eos>,12,compliquée,compliqué,10,F,P,compliquée,-11.593584,compliqué,-12.344326,1
5700,S_NOUN_7_ADJ_b,F,S,la cerise avec les gemmes que j' aime beaucoup n' est pas verte <eos>,12,verte,vert,10,F,P,verte,-8.333581,vert,-8.843611,1
5701,S_NOUN_7_ADJ_b,F,S,la cerise avec les gemmes que j' aime beaucoup n' est pas bleue <eos>,12,bleue,bleu,10,F,P,bleue,-8.523256,bleu,-8.586168,1
5702,S_NOUN_7_ADJ_b,F,S,la cerise avec les gemmes que j' aime beaucoup n' est pas noire <eos>,12,noire,noir,10,F,P,noire,-7.886587,noir,-7.5941963,0
5703,S_NOUN_7_ADJ_b,F,S,la cerise avec les gemmes que j' aime beaucoup n' est pas délicate <eos>,12,délicate,délicat,10,F,P,délicate,-11.044497,délicat,-12.502001,1
5704,S_NOUN_7_ADJ_b,F,S,la cerise avec les gemmes que j' aime beaucoup n' est pas pointue <eos>,12,pointue,pointu,10,F,P,pointue,-12.316038,pointu,-13.983282,1
5705,S_NOUN_7_ADJ_b,F,S,la cerise avec les gemmes que j' aime beaucoup n' est pas ronde <eos>,12,ronde,rond,10,F,P,ronde,-10.077996,rond,-9.817097,0
5706,S_NOUN_7_ADJ_b,F,S,la cerise avec les gemmes que j' aime beaucoup n' est pas froide <eos>,12,froide,froid,10,F,P,froide,-8.241754,froid,-11.901634,1
5707,S_NOUN_7_ADJ_b,F,S,la cerise avec les gemmes que j' aime beaucoup n' est pas chaude <eos>,12,chaude,chaud,10,F,P,chaude,-9.052521,chaud,-11.881296,1
5708,S_NOUN_7_ADJ_b,F,S,la cerise avec les gemmes que j' aime beaucoup n' est pas importante <eos>,12,importante,important,10,F,P,importante,-8.074705,important,-10.763683,1
5709,S_NOUN_7_ADJ_b,F,S,la cerise avec les gemmes que j' aime beaucoup n' est pas courte <eos>,12,courte,court,10,F,P,courte,-10.602551,court,-12.728645,1
5710,S_NOUN_7_ADJ_b,F,S,la cerise avec les gemmes que j' aime beaucoup n' est pas dure <eos>,12,dure,dur,10,F,P,dure,-10.231415,dur,-10.746113,1
5711,S_NOUN_7_ADJ_b,F,S,la cerise avec les gemmes que j' aime beaucoup n' est pas claire <eos>,12,claire,clair,10,F,P,claire,-4.5526752,clair,-6.5049067,1
5712,S_NOUN_7_ADJ_b,F,S,la cerise avec les gemmes que j' aime beaucoup n' est pas intéressante <eos>,12,intéressante,intéressant,10,F,P,intéressante,-7.940563,intéressant,-10.580197,1
5713,S_NOUN_7_ADJ_b,F,S,la cerise avec les gemmes que j' aime beaucoup n' est pas brillante <eos>,12,brillante,brillant,10,F,P,brillante,-7.3669395,brillant,-9.813224,1
5714,S_NOUN_7_ADJ_b,F,S,la cerise avec les gemmes que j' aime beaucoup n' est pas compliquée <eos>,12,compliquée,compliqué,10,F,P,compliquée,-10.454273,compliqué,-10.69136,1
5715,S_NOUN_7_ADJ_b,F,S,la cerise avec les chaises que j' aime beaucoup n' est pas verte <eos>,12,verte,vert,10,F,P,verte,-9.5548525,vert,-10.143921,1
5716,S_NOUN_7_ADJ_b,F,S,la cerise avec les chaises que j' aime beaucoup n' est pas bleue <eos>,12,bleue,bleu,10,F,P,bleue,-9.356125,bleu,-9.907157,1
5717,S_NOUN_7_ADJ_b,F,S,la cerise avec les chaises que j' aime beaucoup n' est pas noire <eos>,12,noire,noir,10,F,P,noire,-8.839452,noir,-8.725088,0
5718,S_NOUN_7_ADJ_b,F,S,la cerise avec les chaises que j' aime beaucoup n' est pas délicate <eos>,12,délicate,délicat,10,F,P,délicate,-10.444392,délicat,-11.677795,1
5719,S_NOUN_7_ADJ_b,F,S,la cerise avec les chaises que j' aime beaucoup n' est pas pointue <eos>,12,pointue,pointu,10,F,P,pointue,-12.498894,pointu,-14.529364,1
5720,S_NOUN_7_ADJ_b,F,S,la cerise avec les chaises que j' aime beaucoup n' est pas ronde <eos>,12,ronde,rond,10,F,P,ronde,-9.665085,rond,-8.81133,0
5721,S_NOUN_7_ADJ_b,F,S,la cerise avec les chaises que j' aime beaucoup n' est pas froide <eos>,12,froide,froid,10,F,P,froide,-8.869087,froid,-12.041488,1
5722,S_NOUN_7_ADJ_b,F,S,la cerise avec les chaises que j' aime beaucoup n' est pas chaude <eos>,12,chaude,chaud,10,F,P,chaude,-8.925717,chaud,-11.908443,1
5723,S_NOUN_7_ADJ_b,F,S,la cerise avec les chaises que j' aime beaucoup n' est pas importante <eos>,12,importante,important,10,F,P,importante,-7.899841,important,-10.382857,1
5724,S_NOUN_7_ADJ_b,F,S,la cerise avec les chaises que j' aime beaucoup n' est pas courte <eos>,12,courte,court,10,F,P,courte,-10.278202,court,-12.020344,1
5725,S_NOUN_7_ADJ_b,F,S,la cerise avec les chaises que j' aime beaucoup n' est pas dure <eos>,12,dure,dur,10,F,P,dure,-9.018644,dur,-10.907499,1
5726,S_NOUN_7_ADJ_b,F,S,la cerise avec les chaises que j' aime beaucoup n' est pas claire <eos>,12,claire,clair,10,F,P,claire,-4.243102,clair,-6.660124,1
5727,S_NOUN_7_ADJ_b,F,S,la cerise avec les chaises que j' aime beaucoup n' est pas intéressante <eos>,12,intéressante,intéressant,10,F,P,intéressante,-7.7949514,intéressant,-10.570963,1
5728,S_NOUN_7_ADJ_b,F,S,la cerise avec les chaises que j' aime beaucoup n' est pas brillante <eos>,12,brillante,brillant,10,F,P,brillante,-8.320652,brillant,-11.166792,1
5729,S_NOUN_7_ADJ_b,F,S,la cerise avec les chaises que j' aime beaucoup n' est pas compliquée <eos>,12,compliquée,compliqué,10,F,P,compliquée,-9.812041,compliqué,-10.664919,1
5730,S_NOUN_7_ADJ_b,F,S,la cerise avec les poubelles que j' aime beaucoup n' est pas verte <eos>,12,verte,vert,10,F,P,verte,-9.022866,vert,-10.178883,1
5731,S_NOUN_7_ADJ_b,F,S,la cerise avec les poubelles que j' aime beaucoup n' est pas bleue <eos>,12,bleue,bleu,10,F,P,bleue,-9.836834,bleu,-10.661417,1
5732,S_NOUN_7_ADJ_b,F,S,la cerise avec les poubelles que j' aime beaucoup n' est pas noire <eos>,12,noire,noir,10,F,P,noire,-8.961022,noir,-8.778045,0
5733,S_NOUN_7_ADJ_b,F,S,la cerise avec les poubelles que j' aime beaucoup n' est pas délicate <eos>,12,délicate,délicat,10,F,P,délicate,-10.867432,délicat,-11.966991,1
5734,S_NOUN_7_ADJ_b,F,S,la cerise avec les poubelles que j' aime beaucoup n' est pas pointue <eos>,12,pointue,pointu,10,F,P,pointue,-12.344539,pointu,-14.514032,1
5735,S_NOUN_7_ADJ_b,F,S,la cerise avec les poubelles que j' aime beaucoup n' est pas ronde <eos>,12,ronde,rond,10,F,P,ronde,-10.461142,rond,-9.978377,0
5736,S_NOUN_7_ADJ_b,F,S,la cerise avec les poubelles que j' aime beaucoup n' est pas froide <eos>,12,froide,froid,10,F,P,froide,-8.905408,froid,-11.653884,1
5737,S_NOUN_7_ADJ_b,F,S,la cerise avec les poubelles que j' aime beaucoup n' est pas chaude <eos>,12,chaude,chaud,10,F,P,chaude,-9.0022545,chaud,-11.997364,1
5738,S_NOUN_7_ADJ_b,F,S,la cerise avec les poubelles que j' aime beaucoup n' est pas importante <eos>,12,importante,important,10,F,P,importante,-7.7614436,important,-10.26403,1
5739,S_NOUN_7_ADJ_b,F,S,la cerise avec les poubelles que j' aime beaucoup n' est pas courte <eos>,12,courte,court,10,F,P,courte,-10.587923,court,-12.172515,1
5740,S_NOUN_7_ADJ_b,F,S,la cerise avec les poubelles que j' aime beaucoup n' est pas dure <eos>,12,dure,dur,10,F,P,dure,-9.26733,dur,-10.64374,1
5741,S_NOUN_7_ADJ_b,F,S,la cerise avec les poubelles que j' aime beaucoup n' est pas claire <eos>,12,claire,clair,10,F,P,claire,-4.969836,clair,-7.4443398,1
5742,S_NOUN_7_ADJ_b,F,S,la cerise avec les poubelles que j' aime beaucoup n' est pas intéressante <eos>,12,intéressante,intéressant,10,F,P,intéressante,-7.8441195,intéressant,-10.481178,1
5743,S_NOUN_7_ADJ_b,F,S,la cerise avec les poubelles que j' aime beaucoup n' est pas brillante <eos>,12,brillante,brillant,10,F,P,brillante,-9.06997,brillant,-11.635869,1
5744,S_NOUN_7_ADJ_b,F,S,la cerise avec les poubelles que j' aime beaucoup n' est pas compliquée <eos>,12,compliquée,compliqué,10,F,P,compliquée,-9.981498,compliqué,-10.713167,1
5745,S_NOUN_7_ADJ_b,F,S,la cerise avec les chemises que j' aime beaucoup n' est pas verte <eos>,12,verte,vert,10,F,P,verte,-8.83525,vert,-8.754977,0
5746,S_NOUN_7_ADJ_b,F,S,la cerise avec les chemises que j' aime beaucoup n' est pas bleue <eos>,12,bleue,bleu,10,F,P,bleue,-8.727245,bleu,-8.732754,1
5747,S_NOUN_7_ADJ_b,F,S,la cerise avec les chemises que j' aime beaucoup n' est pas noire <eos>,12,noire,noir,10,F,P,noire,-8.13915,noir,-7.328854,0
5748,S_NOUN_7_ADJ_b,F,S,la cerise avec les chemises que j' aime beaucoup n' est pas délicate <eos>,12,délicate,délicat,10,F,P,délicate,-10.680883,délicat,-11.202927,1
5749,S_NOUN_7_ADJ_b,F,S,la cerise avec les chemises que j' aime beaucoup n' est pas pointue <eos>,12,pointue,pointu,10,F,P,pointue,-11.897531,pointu,-13.9971695,1
5750,S_NOUN_7_ADJ_b,F,S,la cerise avec les chemises que j' aime beaucoup n' est pas ronde <eos>,12,ronde,rond,10,F,P,ronde,-10.033939,rond,-8.987331,0
5751,S_NOUN_7_ADJ_b,F,S,la cerise avec les chemises que j' aime beaucoup n' est pas froide <eos>,12,froide,froid,10,F,P,froide,-8.416695,froid,-10.939562,1
5752,S_NOUN_7_ADJ_b,F,S,la cerise avec les chemises que j' aime beaucoup n' est pas chaude <eos>,12,chaude,chaud,10,F,P,chaude,-8.941387,chaud,-10.887978,1
5753,S_NOUN_7_ADJ_b,F,S,la cerise avec les chemises que j' aime beaucoup n' est pas importante <eos>,12,importante,important,10,F,P,importante,-8.139984,important,-10.529774,1
5754,S_NOUN_7_ADJ_b,F,S,la cerise avec les chemises que j' aime beaucoup n' est pas courte <eos>,12,courte,court,10,F,P,courte,-10.13515,court,-11.707526,1
5755,S_NOUN_7_ADJ_b,F,S,la cerise avec les chemises que j' aime beaucoup n' est pas dure <eos>,12,dure,dur,10,F,P,dure,-8.737724,dur,-10.086123,1
5756,S_NOUN_7_ADJ_b,F,S,la cerise avec les chemises que j' aime beaucoup n' est pas claire <eos>,12,claire,clair,10,F,P,claire,-4.127142,clair,-5.980445,1
5757,S_NOUN_7_ADJ_b,F,S,la cerise avec les chemises que j' aime beaucoup n' est pas intéressante <eos>,12,intéressante,intéressant,10,F,P,intéressante,-8.382429,intéressant,-10.571466,1
5758,S_NOUN_7_ADJ_b,F,S,la cerise avec les chemises que j' aime beaucoup n' est pas brillante <eos>,12,brillante,brillant,10,F,P,brillante,-7.5920157,brillant,-9.83956,1
5759,S_NOUN_7_ADJ_b,F,S,la cerise avec les chemises que j' aime beaucoup n' est pas compliquée <eos>,12,compliquée,compliqué,10,F,P,compliquée,-10.140398,compliqué,-10.697491,1
5760,S_NOUN_7_ADJ_b,F,S,la cerise avec les recettes que j' aime beaucoup n' est pas verte <eos>,12,verte,vert,10,F,P,verte,-9.582713,vert,-9.767639,1
5761,S_NOUN_7_ADJ_b,F,S,la cerise avec les recettes que j' aime beaucoup n' est pas bleue <eos>,12,bleue,bleu,10,F,P,bleue,-9.968212,bleu,-10.184683,1
5762,S_NOUN_7_ADJ_b,F,S,la cerise avec les recettes que j' aime beaucoup n' est pas noire <eos>,12,noire,noir,10,F,P,noire,-8.909073,noir,-8.2859955,0
5763,S_NOUN_7_ADJ_b,F,S,la cerise avec les recettes que j' aime beaucoup n' est pas délicate <eos>,12,délicate,délicat,10,F,P,délicate,-10.765727,délicat,-11.265081,1
5764,S_NOUN_7_ADJ_b,F,S,la cerise avec les recettes que j' aime beaucoup n' est pas pointue <eos>,12,pointue,pointu,10,F,P,pointue,-12.463434,pointu,-14.344138,1
5765,S_NOUN_7_ADJ_b,F,S,la cerise avec les recettes que j' aime beaucoup n' est pas ronde <eos>,12,ronde,rond,10,F,P,ronde,-10.4044485,rond,-9.540878,0
5766,S_NOUN_7_ADJ_b,F,S,la cerise avec les recettes que j' aime beaucoup n' est pas froide <eos>,12,froide,froid,10,F,P,froide,-8.8847275,froid,-11.3961315,1
5767,S_NOUN_7_ADJ_b,F,S,la cerise avec les recettes que j' aime beaucoup n' est pas chaude <eos>,12,chaude,chaud,10,F,P,chaude,-8.992825,chaud,-11.651011,1
5768,S_NOUN_7_ADJ_b,F,S,la cerise avec les recettes que j' aime beaucoup n' est pas importante <eos>,12,importante,important,10,F,P,importante,-7.415242,important,-10.083233,1
5769,S_NOUN_7_ADJ_b,F,S,la cerise avec les recettes que j' aime beaucoup n' est pas courte <eos>,12,courte,court,10,F,P,courte,-10.07652,court,-11.317971,1
5770,S_NOUN_7_ADJ_b,F,S,la cerise avec les recettes que j' aime beaucoup n' est pas dure <eos>,12,dure,dur,10,F,P,dure,-9.639182,dur,-11.278867,1
5771,S_NOUN_7_ADJ_b,F,S,la cerise avec les recettes que j' aime beaucoup n' est pas claire <eos>,12,claire,clair,10,F,P,claire,-4.526259,clair,-6.492789,1
5772,S_NOUN_7_ADJ_b,F,S,la cerise avec les recettes que j' aime beaucoup n' est pas intéressante <eos>,12,intéressante,intéressant,10,F,P,intéressante,-7.661337,intéressant,-10.743134,1
5773,S_NOUN_7_ADJ_b,F,S,la cerise avec les recettes que j' aime beaucoup n' est pas brillante <eos>,12,brillante,brillant,10,F,P,brillante,-8.409209,brillant,-10.753814,1
5774,S_NOUN_7_ADJ_b,F,S,la cerise avec les recettes que j' aime beaucoup n' est pas compliquée <eos>,12,compliquée,compliqué,10,F,P,compliquée,-10.528377,compliqué,-10.728161,1
5775,S_NOUN_7_ADJ_b,F,S,la cerise avec les jupes que j' aime beaucoup n' est pas verte <eos>,12,verte,vert,10,F,P,verte,-8.9779415,vert,-9.413778,1
5776,S_NOUN_7_ADJ_b,F,S,la cerise avec les jupes que j' aime beaucoup n' est pas bleue <eos>,12,bleue,bleu,10,F,P,bleue,-9.206751,bleu,-9.299519,1
5777,S_NOUN_7_ADJ_b,F,S,la cerise avec les jupes que j' aime beaucoup n' est pas noire <eos>,12,noire,noir,10,F,P,noire,-8.566828,noir,-8.090267,0
5778,S_NOUN_7_ADJ_b,F,S,la cerise avec les jupes que j' aime beaucoup n' est pas délicate <eos>,12,délicate,délicat,10,F,P,délicate,-10.0511875,délicat,-11.0791025,1
5779,S_NOUN_7_ADJ_b,F,S,la cerise avec les jupes que j' aime beaucoup n' est pas pointue <eos>,12,pointue,pointu,10,F,P,pointue,-11.080893,pointu,-13.741327,1
5780,S_NOUN_7_ADJ_b,F,S,la cerise avec les jupes que j' aime beaucoup n' est pas ronde <eos>,12,ronde,rond,10,F,P,ronde,-10.108833,rond,-8.856265,0
5781,S_NOUN_7_ADJ_b,F,S,la cerise avec les jupes que j' aime beaucoup n' est pas froide <eos>,12,froide,froid,10,F,P,froide,-9.161285,froid,-11.307045,1
5782,S_NOUN_7_ADJ_b,F,S,la cerise avec les jupes que j' aime beaucoup n' est pas chaude <eos>,12,chaude,chaud,10,F,P,chaude,-9.554858,chaud,-11.315657,1
5783,S_NOUN_7_ADJ_b,F,S,la cerise avec les jupes que j' aime beaucoup n' est pas importante <eos>,12,importante,important,10,F,P,importante,-7.8963795,important,-10.642981,1
5784,S_NOUN_7_ADJ_b,F,S,la cerise avec les jupes que j' aime beaucoup n' est pas courte <eos>,12,courte,court,10,F,P,courte,-9.513426,court,-11.167585,1
5785,S_NOUN_7_ADJ_b,F,S,la cerise avec les jupes que j' aime beaucoup n' est pas dure <eos>,12,dure,dur,10,F,P,dure,-8.475827,dur,-10.702689,1
5786,S_NOUN_7_ADJ_b,F,S,la cerise avec les jupes que j' aime beaucoup n' est pas claire <eos>,12,claire,clair,10,F,P,claire,-3.9240973,clair,-6.3222733,1
5787,S_NOUN_7_ADJ_b,F,S,la cerise avec les jupes que j' aime beaucoup n' est pas intéressante <eos>,12,intéressante,intéressant,10,F,P,intéressante,-8.24705,intéressant,-10.868376,1
5788,S_NOUN_7_ADJ_b,F,S,la cerise avec les jupes que j' aime beaucoup n' est pas brillante <eos>,12,brillante,brillant,10,F,P,brillante,-7.589057,brillant,-10.022449,1
5789,S_NOUN_7_ADJ_b,F,S,la cerise avec les jupes que j' aime beaucoup n' est pas compliquée <eos>,12,compliquée,compliqué,10,F,P,compliquée,-9.617849,compliqué,-10.81307,1
5790,S_NOUN_7_ADJ_b,F,S,la cerise avec les colles que j' aime beaucoup n' est pas verte <eos>,12,verte,vert,10,F,P,verte,-9.241336,vert,-9.809324,1
5791,S_NOUN_7_ADJ_b,F,S,la cerise avec les colles que j' aime beaucoup n' est pas bleue <eos>,12,bleue,bleu,10,F,P,bleue,-9.592169,bleu,-9.575959,0
5792,S_NOUN_7_ADJ_b,F,S,la cerise avec les colles que j' aime beaucoup n' est pas noire <eos>,12,noire,noir,10,F,P,noire,-8.533163,noir,-8.229745,0
5793,S_NOUN_7_ADJ_b,F,S,la cerise avec les colles que j' aime beaucoup n' est pas délicate <eos>,12,délicate,délicat,10,F,P,délicate,-9.856117,délicat,-10.9642935,1
5794,S_NOUN_7_ADJ_b,F,S,la cerise avec les colles que j' aime beaucoup n' est pas pointue <eos>,12,pointue,pointu,10,F,P,pointue,-12.378216,pointu,-14.84041,1
5795,S_NOUN_7_ADJ_b,F,S,la cerise avec les colles que j' aime beaucoup n' est pas ronde <eos>,12,ronde,rond,10,F,P,ronde,-10.241198,rond,-9.862689,0
5796,S_NOUN_7_ADJ_b,F,S,la cerise avec les colles que j' aime beaucoup n' est pas froide <eos>,12,froide,froid,10,F,P,froide,-8.303445,froid,-11.376639,1
5797,S_NOUN_7_ADJ_b,F,S,la cerise avec les colles que j' aime beaucoup n' est pas chaude <eos>,12,chaude,chaud,10,F,P,chaude,-8.671248,chaud,-11.108461,1
5798,S_NOUN_7_ADJ_b,F,S,la cerise avec les colles que j' aime beaucoup n' est pas importante <eos>,12,importante,important,10,F,P,importante,-7.8879356,important,-10.516115,1
5799,S_NOUN_7_ADJ_b,F,S,la cerise avec les colles que j' aime beaucoup n' est pas courte <eos>,12,courte,court,10,F,P,courte,-10.788572,court,-12.752018,1
5800,S_NOUN_7_ADJ_b,F,S,la cerise avec les colles que j' aime beaucoup n' est pas dure <eos>,12,dure,dur,10,F,P,dure,-9.178635,dur,-10.718127,1
5801,S_NOUN_7_ADJ_b,F,S,la cerise avec les colles que j' aime beaucoup n' est pas claire <eos>,12,claire,clair,10,F,P,claire,-4.194618,clair,-6.7964296,1
5802,S_NOUN_7_ADJ_b,F,S,la cerise avec les colles que j' aime beaucoup n' est pas intéressante <eos>,12,intéressante,intéressant,10,F,P,intéressante,-7.5556993,intéressant,-10.241802,1
5803,S_NOUN_7_ADJ_b,F,S,la cerise avec les colles que j' aime beaucoup n' est pas brillante <eos>,12,brillante,brillant,10,F,P,brillante,-7.7196574,brillant,-10.066233,1
5804,S_NOUN_7_ADJ_b,F,S,la cerise avec les colles que j' aime beaucoup n' est pas compliquée <eos>,12,compliquée,compliqué,10,F,P,compliquée,-9.578154,compliqué,-10.427173,1
5805,S_NOUN_7_ADJ_b,F,S,la cerise avec les lampes que j' aime beaucoup n' est pas verte <eos>,12,verte,vert,10,F,P,verte,-8.496199,vert,-9.483412,1
5806,S_NOUN_7_ADJ_b,F,S,la cerise avec les lampes que j' aime beaucoup n' est pas bleue <eos>,12,bleue,bleu,10,F,P,bleue,-8.925397,bleu,-9.002129,1
5807,S_NOUN_7_ADJ_b,F,S,la cerise avec les lampes que j' aime beaucoup n' est pas noire <eos>,12,noire,noir,10,F,P,noire,-8.305299,noir,-7.9734783,0
5808,S_NOUN_7_ADJ_b,F,S,la cerise avec les lampes que j' aime beaucoup n' est pas délicate <eos>,12,délicate,délicat,10,F,P,délicate,-10.8498535,délicat,-11.785158,1
5809,S_NOUN_7_ADJ_b,F,S,la cerise avec les lampes que j' aime beaucoup n' est pas pointue <eos>,12,pointue,pointu,10,F,P,pointue,-12.811159,pointu,-14.150093,1
5810,S_NOUN_7_ADJ_b,F,S,la cerise avec les lampes que j' aime beaucoup n' est pas ronde <eos>,12,ronde,rond,10,F,P,ronde,-10.540313,rond,-9.059252,0
5811,S_NOUN_7_ADJ_b,F,S,la cerise avec les lampes que j' aime beaucoup n' est pas froide <eos>,12,froide,froid,10,F,P,froide,-7.6608133,froid,-11.020291,1
5812,S_NOUN_7_ADJ_b,F,S,la cerise avec les lampes que j' aime beaucoup n' est pas chaude <eos>,12,chaude,chaud,10,F,P,chaude,-7.9566956,chaud,-11.076989,1
5813,S_NOUN_7_ADJ_b,F,S,la cerise avec les lampes que j' aime beaucoup n' est pas importante <eos>,12,importante,important,10,F,P,importante,-7.9314566,important,-10.313847,1
5814,S_NOUN_7_ADJ_b,F,S,la cerise avec les lampes que j' aime beaucoup n' est pas courte <eos>,12,courte,court,10,F,P,courte,-10.744341,court,-12.768774,1
5815,S_NOUN_7_ADJ_b,F,S,la cerise avec les lampes que j' aime beaucoup n' est pas dure <eos>,12,dure,dur,10,F,P,dure,-9.758002,dur,-10.96909,1
5816,S_NOUN_7_ADJ_b,F,S,la cerise avec les lampes que j' aime beaucoup n' est pas claire <eos>,12,claire,clair,10,F,P,claire,-4.7966137,clair,-6.6647882,1
5817,S_NOUN_7_ADJ_b,F,S,la cerise avec les lampes que j' aime beaucoup n' est pas intéressante <eos>,12,intéressante,intéressant,10,F,P,intéressante,-8.019695,intéressant,-10.32418,1
5818,S_NOUN_7_ADJ_b,F,S,la cerise avec les lampes que j' aime beaucoup n' est pas brillante <eos>,12,brillante,brillant,10,F,P,brillante,-7.861412,brillant,-10.486292,1
5819,S_NOUN_7_ADJ_b,F,S,la cerise avec les lampes que j' aime beaucoup n' est pas compliquée <eos>,12,compliquée,compliqué,10,F,P,compliquée,-10.594215,compliqué,-10.838684,1
5820,S_NOUN_7_ADJ_b,F,S,la cerise avec les bouteilles que j' aime beaucoup n' est pas verte <eos>,12,verte,vert,10,F,P,verte,-9.329111,vert,-9.743099,1
5821,S_NOUN_7_ADJ_b,F,S,la cerise avec les bouteilles que j' aime beaucoup n' est pas bleue <eos>,12,bleue,bleu,10,F,P,bleue,-9.220479,bleu,-9.918194,1
5822,S_NOUN_7_ADJ_b,F,S,la cerise avec les bouteilles que j' aime beaucoup n' est pas noire <eos>,12,noire,noir,10,F,P,noire,-8.959896,noir,-8.616311,0
5823,S_NOUN_7_ADJ_b,F,S,la cerise avec les bouteilles que j' aime beaucoup n' est pas délicate <eos>,12,délicate,délicat,10,F,P,délicate,-10.956301,délicat,-11.713857,1
5824,S_NOUN_7_ADJ_b,F,S,la cerise avec les bouteilles que j' aime beaucoup n' est pas pointue <eos>,12,pointue,pointu,10,F,P,pointue,-12.875063,pointu,-14.861125,1
5825,S_NOUN_7_ADJ_b,F,S,la cerise avec les bouteilles que j' aime beaucoup n' est pas ronde <eos>,12,ronde,rond,10,F,P,ronde,-10.539868,rond,-9.522916,0
5826,S_NOUN_7_ADJ_b,F,S,la cerise avec les bouteilles que j' aime beaucoup n' est pas froide <eos>,12,froide,froid,10,F,P,froide,-8.42351,froid,-10.917959,1
5827,S_NOUN_7_ADJ_b,F,S,la cerise avec les bouteilles que j' aime beaucoup n' est pas chaude <eos>,12,chaude,chaud,10,F,P,chaude,-8.4765005,chaud,-10.9966345,1
5828,S_NOUN_7_ADJ_b,F,S,la cerise avec les bouteilles que j' aime beaucoup n' est pas importante <eos>,12,importante,important,10,F,P,importante,-7.8495493,important,-10.17792,1
5829,S_NOUN_7_ADJ_b,F,S,la cerise avec les bouteilles que j' aime beaucoup n' est pas courte <eos>,12,courte,court,10,F,P,courte,-10.615614,court,-11.859417,1
5830,S_NOUN_7_ADJ_b,F,S,la cerise avec les bouteilles que j' aime beaucoup n' est pas dure <eos>,12,dure,dur,10,F,P,dure,-8.978937,dur,-10.818004,1
5831,S_NOUN_7_ADJ_b,F,S,la cerise avec les bouteilles que j' aime beaucoup n' est pas claire <eos>,12,claire,clair,10,F,P,claire,-4.468231,clair,-6.9078875,1
5832,S_NOUN_7_ADJ_b,F,S,la cerise avec les bouteilles que j' aime beaucoup n' est pas intéressante <eos>,12,intéressante,intéressant,10,F,P,intéressante,-7.4158535,intéressant,-10.26537,1
5833,S_NOUN_7_ADJ_b,F,S,la cerise avec les bouteilles que j' aime beaucoup n' est pas brillante <eos>,12,brillante,brillant,10,F,P,brillante,-8.616517,brillant,-10.975274,1
5834,S_NOUN_7_ADJ_b,F,S,la cerise avec les bouteilles que j' aime beaucoup n' est pas compliquée <eos>,12,compliquée,compliqué,10,F,P,compliquée,-10.039119,compliqué,-10.699392,1
5835,S_NOUN_7_ADJ_b,F,S,la cerise avec les boissons que j' aime beaucoup n' est pas verte <eos>,12,verte,vert,10,F,P,verte,-9.5100565,vert,-10.187346,1
5836,S_NOUN_7_ADJ_b,F,S,la cerise avec les boissons que j' aime beaucoup n' est pas bleue <eos>,12,bleue,bleu,10,F,P,bleue,-10.106085,bleu,-10.29423,1
5837,S_NOUN_7_ADJ_b,F,S,la cerise avec les boissons que j' aime beaucoup n' est pas noire <eos>,12,noire,noir,10,F,P,noire,-8.893173,noir,-8.682004,0
5838,S_NOUN_7_ADJ_b,F,S,la cerise avec les boissons que j' aime beaucoup n' est pas délicate <eos>,12,délicate,délicat,10,F,P,délicate,-10.874736,délicat,-11.545202,1
5839,S_NOUN_7_ADJ_b,F,S,la cerise avec les boissons que j' aime beaucoup n' est pas pointue <eos>,12,pointue,pointu,10,F,P,pointue,-12.936023,pointu,-14.972474,1
5840,S_NOUN_7_ADJ_b,F,S,la cerise avec les boissons que j' aime beaucoup n' est pas ronde <eos>,12,ronde,rond,10,F,P,ronde,-9.798913,rond,-9.897038,1
5841,S_NOUN_7_ADJ_b,F,S,la cerise avec les boissons que j' aime beaucoup n' est pas froide <eos>,12,froide,froid,10,F,P,froide,-8.118873,froid,-11.356896,1
5842,S_NOUN_7_ADJ_b,F,S,la cerise avec les boissons que j' aime beaucoup n' est pas chaude <eos>,12,chaude,chaud,10,F,P,chaude,-8.20986,chaud,-11.322334,1
5843,S_NOUN_7_ADJ_b,F,S,la cerise avec les boissons que j' aime beaucoup n' est pas importante <eos>,12,importante,important,10,F,P,importante,-7.8031163,important,-10.549505,1
5844,S_NOUN_7_ADJ_b,F,S,la cerise avec les boissons que j' aime beaucoup n' est pas courte <eos>,12,courte,court,10,F,P,courte,-10.567955,court,-12.462675,1
5845,S_NOUN_7_ADJ_b,F,S,la cerise avec les boissons que j' aime beaucoup n' est pas dure <eos>,12,dure,dur,10,F,P,dure,-9.433722,dur,-10.997637,1
5846,S_NOUN_7_ADJ_b,F,S,la cerise avec les boissons que j' aime beaucoup n' est pas claire <eos>,12,claire,clair,10,F,P,claire,-4.68276,clair,-7.0878043,1
5847,S_NOUN_7_ADJ_b,F,S,la cerise avec les boissons que j' aime beaucoup n' est pas intéressante <eos>,12,intéressante,intéressant,10,F,P,intéressante,-7.8769174,intéressant,-10.6476345,1
5848,S_NOUN_7_ADJ_b,F,S,la cerise avec les boissons que j' aime beaucoup n' est pas brillante <eos>,12,brillante,brillant,10,F,P,brillante,-8.5671425,brillant,-11.390154,1
5849,S_NOUN_7_ADJ_b,F,S,la cerise avec les boissons que j' aime beaucoup n' est pas compliquée <eos>,12,compliquée,compliqué,10,F,P,compliquée,-10.444437,compliqué,-11.050135,1
5850,S_NOUN_7_ADJ_b,F,S,la cerise avec les pommes que j' aime beaucoup n' est pas verte <eos>,12,verte,vert,10,F,P,verte,-8.923491,vert,-9.339086,1
5851,S_NOUN_7_ADJ_b,F,S,la cerise avec les pommes que j' aime beaucoup n' est pas bleue <eos>,12,bleue,bleu,10,F,P,bleue,-9.386307,bleu,-9.58331,1
5852,S_NOUN_7_ADJ_b,F,S,la cerise avec les pommes que j' aime beaucoup n' est pas noire <eos>,12,noire,noir,10,F,P,noire,-8.543446,noir,-8.375982,0
5853,S_NOUN_7_ADJ_b,F,S,la cerise avec les pommes que j' aime beaucoup n' est pas délicate <eos>,12,délicate,délicat,10,F,P,délicate,-9.92753,délicat,-11.158001,1
5854,S_NOUN_7_ADJ_b,F,S,la cerise avec les pommes que j' aime beaucoup n' est pas pointue <eos>,12,pointue,pointu,10,F,P,pointue,-11.94775,pointu,-14.594401,1
5855,S_NOUN_7_ADJ_b,F,S,la cerise avec les pommes que j' aime beaucoup n' est pas ronde <eos>,12,ronde,rond,10,F,P,ronde,-9.674904,rond,-9.603703,0
5856,S_NOUN_7_ADJ_b,F,S,la cerise avec les pommes que j' aime beaucoup n' est pas froide <eos>,12,froide,froid,10,F,P,froide,-7.5522127,froid,-11.413795,1
5857,S_NOUN_7_ADJ_b,F,S,la cerise avec les pommes que j' aime beaucoup n' est pas chaude <eos>,12,chaude,chaud,10,F,P,chaude,-8.117267,chaud,-11.127927,1
5858,S_NOUN_7_ADJ_b,F,S,la cerise avec les pommes que j' aime beaucoup n' est pas importante <eos>,12,importante,important,10,F,P,importante,-7.7522125,important,-10.938611,1
5859,S_NOUN_7_ADJ_b,F,S,la cerise avec les pommes que j' aime beaucoup n' est pas courte <eos>,12,courte,court,10,F,P,courte,-10.243588,court,-12.29163,1
5860,S_NOUN_7_ADJ_b,F,S,la cerise avec les pommes que j' aime beaucoup n' est pas dure <eos>,12,dure,dur,10,F,P,dure,-8.880011,dur,-10.221042,1
5861,S_NOUN_7_ADJ_b,F,S,la cerise avec les pommes que j' aime beaucoup n' est pas claire <eos>,12,claire,clair,10,F,P,claire,-4.3824816,clair,-6.7981653,1
5862,S_NOUN_7_ADJ_b,F,S,la cerise avec les pommes que j' aime beaucoup n' est pas intéressante <eos>,12,intéressante,intéressant,10,F,P,intéressante,-7.3390007,intéressant,-10.741361,1
5863,S_NOUN_7_ADJ_b,F,S,la cerise avec les pommes que j' aime beaucoup n' est pas brillante <eos>,12,brillante,brillant,10,F,P,brillante,-8.113431,brillant,-11.192844,1
5864,S_NOUN_7_ADJ_b,F,S,la cerise avec les pommes que j' aime beaucoup n' est pas compliquée <eos>,12,compliquée,compliqué,10,F,P,compliquée,-9.825994,compliqué,-10.433982,1
5865,S_NOUN_7_ADJ_b,F,S,la cerise avec les tasses que j' aime beaucoup n' est pas verte <eos>,12,verte,vert,10,F,P,verte,-9.827843,vert,-10.536871,1
5866,S_NOUN_7_ADJ_b,F,S,la cerise avec les tasses que j' aime beaucoup n' est pas bleue <eos>,12,bleue,bleu,10,F,P,bleue,-10.052507,bleu,-10.766405,1
5867,S_NOUN_7_ADJ_b,F,S,la cerise avec les tasses que j' aime beaucoup n' est pas noire <eos>,12,noire,noir,10,F,P,noire,-9.413981,noir,-9.84311,1
5868,S_NOUN_7_ADJ_b,F,S,la cerise avec les tasses que j' aime beaucoup n' est pas délicate <eos>,12,délicate,délicat,10,F,P,délicate,-10.575845,délicat,-11.332546,1
5869,S_NOUN_7_ADJ_b,F,S,la cerise avec les tasses que j' aime beaucoup n' est pas pointue <eos>,12,pointue,pointu,10,F,P,pointue,-11.739009,pointu,-14.721287,1
5870,S_NOUN_7_ADJ_b,F,S,la cerise avec les tasses que j' aime beaucoup n' est pas ronde <eos>,12,ronde,rond,10,F,P,ronde,-9.366121,rond,-9.7527895,1
5871,S_NOUN_7_ADJ_b,F,S,la cerise avec les tasses que j' aime beaucoup n' est pas froide <eos>,12,froide,froid,10,F,P,froide,-8.235741,froid,-10.958877,1
5872,S_NOUN_7_ADJ_b,F,S,la cerise avec les tasses que j' aime beaucoup n' est pas chaude <eos>,12,chaude,chaud,10,F,P,chaude,-7.534121,chaud,-10.733998,1
5873,S_NOUN_7_ADJ_b,F,S,la cerise avec les tasses que j' aime beaucoup n' est pas importante <eos>,12,importante,important,10,F,P,importante,-7.554143,important,-10.664707,1
5874,S_NOUN_7_ADJ_b,F,S,la cerise avec les tasses que j' aime beaucoup n' est pas courte <eos>,12,courte,court,10,F,P,courte,-10.158559,court,-12.11443,1
5875,S_NOUN_7_ADJ_b,F,S,la cerise avec les tasses que j' aime beaucoup n' est pas dure <eos>,12,dure,dur,10,F,P,dure,-9.068662,dur,-11.294109,1
5876,S_NOUN_7_ADJ_b,F,S,la cerise avec les tasses que j' aime beaucoup n' est pas claire <eos>,12,claire,clair,10,F,P,claire,-4.965873,clair,-7.6003437,1
5877,S_NOUN_7_ADJ_b,F,S,la cerise avec les tasses que j' aime beaucoup n' est pas intéressante <eos>,12,intéressante,intéressant,10,F,P,intéressante,-7.335383,intéressant,-10.8237,1
5878,S_NOUN_7_ADJ_b,F,S,la cerise avec les tasses que j' aime beaucoup n' est pas brillante <eos>,12,brillante,brillant,10,F,P,brillante,-7.7347364,brillant,-10.582924,1
5879,S_NOUN_7_ADJ_b,F,S,la cerise avec les tasses que j' aime beaucoup n' est pas compliquée <eos>,12,compliquée,compliqué,10,F,P,compliquée,-9.695963,compliqué,-10.802955,1
5880,S_NOUN_7_ADJ_b,F,S,la cerise avec les bougies que j' aime beaucoup n' est pas verte <eos>,12,verte,vert,10,F,P,verte,-8.975228,vert,-9.441428,1
5881,S_NOUN_7_ADJ_b,F,S,la cerise avec les bougies que j' aime beaucoup n' est pas bleue <eos>,12,bleue,bleu,10,F,P,bleue,-9.4827795,bleu,-9.267809,0
5882,S_NOUN_7_ADJ_b,F,S,la cerise avec les bougies que j' aime beaucoup n' est pas noire <eos>,12,noire,noir,10,F,P,noire,-8.550201,noir,-8.35611,0
5883,S_NOUN_7_ADJ_b,F,S,la cerise avec les bougies que j' aime beaucoup n' est pas délicate <eos>,12,délicate,délicat,10,F,P,délicate,-10.354619,délicat,-11.236844,1
5884,S_NOUN_7_ADJ_b,F,S,la cerise avec les bougies que j' aime beaucoup n' est pas pointue <eos>,12,pointue,pointu,10,F,P,pointue,-12.240078,pointu,-14.630002,1
5885,S_NOUN_7_ADJ_b,F,S,la cerise avec les bougies que j' aime beaucoup n' est pas ronde <eos>,12,ronde,rond,10,F,P,ronde,-9.897997,rond,-9.017336,0
5886,S_NOUN_7_ADJ_b,F,S,la cerise avec les bougies que j' aime beaucoup n' est pas froide <eos>,12,froide,froid,10,F,P,froide,-8.008403,froid,-11.021145,1
5887,S_NOUN_7_ADJ_b,F,S,la cerise avec les bougies que j' aime beaucoup n' est pas chaude <eos>,12,chaude,chaud,10,F,P,chaude,-8.392469,chaud,-10.972255,1
5888,S_NOUN_7_ADJ_b,F,S,la cerise avec les bougies que j' aime beaucoup n' est pas importante <eos>,12,importante,important,10,F,P,importante,-8.081287,important,-10.602916,1
5889,S_NOUN_7_ADJ_b,F,S,la cerise avec les bougies que j' aime beaucoup n' est pas courte <eos>,12,courte,court,10,F,P,courte,-10.552601,court,-12.351377,1
5890,S_NOUN_7_ADJ_b,F,S,la cerise avec les bougies que j' aime beaucoup n' est pas dure <eos>,12,dure,dur,10,F,P,dure,-9.1215725,dur,-10.471578,1
5891,S_NOUN_7_ADJ_b,F,S,la cerise avec les bougies que j' aime beaucoup n' est pas claire <eos>,12,claire,clair,10,F,P,claire,-4.786335,clair,-6.582635,1
5892,S_NOUN_7_ADJ_b,F,S,la cerise avec les bougies que j' aime beaucoup n' est pas intéressante <eos>,12,intéressante,intéressant,10,F,P,intéressante,-8.266935,intéressant,-10.717582,1
5893,S_NOUN_7_ADJ_b,F,S,la cerise avec les bougies que j' aime beaucoup n' est pas brillante <eos>,12,brillante,brillant,10,F,P,brillante,-8.094845,brillant,-10.614272,1
5894,S_NOUN_7_ADJ_b,F,S,la cerise avec les bougies que j' aime beaucoup n' est pas compliquée <eos>,12,compliquée,compliqué,10,F,P,compliquée,-10.434739,compliqué,-10.794353,1
5895,S_NOUN_7_ADJ_b,F,S,la cerise avec les pochettes que j' aime beaucoup n' est pas verte <eos>,12,verte,vert,10,F,P,verte,-9.354003,vert,-9.498724,1
5896,S_NOUN_7_ADJ_b,F,S,la cerise avec les pochettes que j' aime beaucoup n' est pas bleue <eos>,12,bleue,bleu,10,F,P,bleue,-8.461683,bleu,-9.174839,1
5897,S_NOUN_7_ADJ_b,F,S,la cerise avec les pochettes que j' aime beaucoup n' est pas noire <eos>,12,noire,noir,10,F,P,noire,-8.415263,noir,-7.5489655,0
5898,S_NOUN_7_ADJ_b,F,S,la cerise avec les pochettes que j' aime beaucoup n' est pas délicate <eos>,12,délicate,délicat,10,F,P,délicate,-11.428127,délicat,-12.593859,1
5899,S_NOUN_7_ADJ_b,F,S,la cerise avec les pochettes que j' aime beaucoup n' est pas pointue <eos>,12,pointue,pointu,10,F,P,pointue,-12.626774,pointu,-14.182224,1
5900,S_NOUN_7_ADJ_b,F,S,la cerise avec les pochettes que j' aime beaucoup n' est pas ronde <eos>,12,ronde,rond,10,F,P,ronde,-10.562719,rond,-9.119654,0
5901,S_NOUN_7_ADJ_b,F,S,la cerise avec les pochettes que j' aime beaucoup n' est pas froide <eos>,12,froide,froid,10,F,P,froide,-9.680296,froid,-12.327356,1
5902,S_NOUN_7_ADJ_b,F,S,la cerise avec les pochettes que j' aime beaucoup n' est pas chaude <eos>,12,chaude,chaud,10,F,P,chaude,-9.716705,chaud,-12.667623,1
5903,S_NOUN_7_ADJ_b,F,S,la cerise avec les pochettes que j' aime beaucoup n' est pas importante <eos>,12,importante,important,10,F,P,importante,-8.005413,important,-10.420966,1
5904,S_NOUN_7_ADJ_b,F,S,la cerise avec les pochettes que j' aime beaucoup n' est pas courte <eos>,12,courte,court,10,F,P,courte,-9.987427,court,-11.524949,1
5905,S_NOUN_7_ADJ_b,F,S,la cerise avec les pochettes que j' aime beaucoup n' est pas dure <eos>,12,dure,dur,10,F,P,dure,-8.565245,dur,-9.60094,1
5906,S_NOUN_7_ADJ_b,F,S,la cerise avec les pochettes que j' aime beaucoup n' est pas claire <eos>,12,claire,clair,10,F,P,claire,-4.3046465,clair,-6.1786594,1
5907,S_NOUN_7_ADJ_b,F,S,la cerise avec les pochettes que j' aime beaucoup n' est pas intéressante <eos>,12,intéressante,intéressant,10,F,P,intéressante,-7.4656143,intéressant,-10.552376,1
5908,S_NOUN_7_ADJ_b,F,S,la cerise avec les pochettes que j' aime beaucoup n' est pas brillante <eos>,12,brillante,brillant,10,F,P,brillante,-8.460268,brillant,-10.96096,1
5909,S_NOUN_7_ADJ_b,F,S,la cerise avec les pochettes que j' aime beaucoup n' est pas compliquée <eos>,12,compliquée,compliqué,10,F,P,compliquée,-10.198664,compliqué,-10.721233,1
5910,S_NOUN_7_ADJ_b,F,S,la cerise avec les bananes que j' aime beaucoup n' est pas verte <eos>,12,verte,vert,10,F,P,verte,-8.464732,vert,-9.360988,1
5911,S_NOUN_7_ADJ_b,F,S,la cerise avec les bananes que j' aime beaucoup n' est pas bleue <eos>,12,bleue,bleu,10,F,P,bleue,-8.973033,bleu,-9.55076,1
5912,S_NOUN_7_ADJ_b,F,S,la cerise avec les bananes que j' aime beaucoup n' est pas noire <eos>,12,noire,noir,10,F,P,noire,-8.146291,noir,-8.151701,1
5913,S_NOUN_7_ADJ_b,F,S,la cerise avec les bananes que j' aime beaucoup n' est pas délicate <eos>,12,délicate,délicat,10,F,P,délicate,-10.454112,délicat,-11.648375,1
5914,S_NOUN_7_ADJ_b,F,S,la cerise avec les bananes que j' aime beaucoup n' est pas pointue <eos>,12,pointue,pointu,10,F,P,pointue,-12.147953,pointu,-14.17935,1
5915,S_NOUN_7_ADJ_b,F,S,la cerise avec les bananes que j' aime beaucoup n' est pas ronde <eos>,12,ronde,rond,10,F,P,ronde,-10.121856,rond,-9.605239,0
5916,S_NOUN_7_ADJ_b,F,S,la cerise avec les bananes que j' aime beaucoup n' est pas froide <eos>,12,froide,froid,10,F,P,froide,-7.825388,froid,-11.854878,1
5917,S_NOUN_7_ADJ_b,F,S,la cerise avec les bananes que j' aime beaucoup n' est pas chaude <eos>,12,chaude,chaud,10,F,P,chaude,-8.363819,chaud,-11.461504,1
5918,S_NOUN_7_ADJ_b,F,S,la cerise avec les bananes que j' aime beaucoup n' est pas importante <eos>,12,importante,important,10,F,P,importante,-7.75013,important,-10.744064,1
5919,S_NOUN_7_ADJ_b,F,S,la cerise avec les bananes que j' aime beaucoup n' est pas courte <eos>,12,courte,court,10,F,P,courte,-10.08444,court,-12.216538,1
5920,S_NOUN_7_ADJ_b,F,S,la cerise avec les bananes que j' aime beaucoup n' est pas dure <eos>,12,dure,dur,10,F,P,dure,-8.647181,dur,-9.778723,1
5921,S_NOUN_7_ADJ_b,F,S,la cerise avec les bananes que j' aime beaucoup n' est pas claire <eos>,12,claire,clair,10,F,P,claire,-4.58107,clair,-6.406393,1
5922,S_NOUN_7_ADJ_b,F,S,la cerise avec les bananes que j' aime beaucoup n' est pas intéressante <eos>,12,intéressante,intéressant,10,F,P,intéressante,-7.4417663,intéressant,-10.824173,1
5923,S_NOUN_7_ADJ_b,F,S,la cerise avec les bananes que j' aime beaucoup n' est pas brillante <eos>,12,brillante,brillant,10,F,P,brillante,-8.102554,brillant,-10.63138,1
5924,S_NOUN_7_ADJ_b,F,S,la cerise avec les bananes que j' aime beaucoup n' est pas compliquée <eos>,12,compliquée,compliqué,10,F,P,compliquée,-9.82119,compliqué,-10.417212,1
5925,S_NOUN_7_ADJ_b,F,S,la cerise avec les robes que j' aime beaucoup n' est pas verte <eos>,12,verte,vert,10,F,P,verte,-8.846523,vert,-9.247445,1
5926,S_NOUN_7_ADJ_b,F,S,la cerise avec les robes que j' aime beaucoup n' est pas bleue <eos>,12,bleue,bleu,10,F,P,bleue,-8.962107,bleu,-9.063372,1
5927,S_NOUN_7_ADJ_b,F,S,la cerise avec les robes que j' aime beaucoup n' est pas noire <eos>,12,noire,noir,10,F,P,noire,-7.8565826,noir,-7.6130238,0
5928,S_NOUN_7_ADJ_b,F,S,la cerise avec les robes que j' aime beaucoup n' est pas délicate <eos>,12,délicate,délicat,10,F,P,délicate,-10.120736,délicat,-11.05525,1
5929,S_NOUN_7_ADJ_b,F,S,la cerise avec les robes que j' aime beaucoup n' est pas pointue <eos>,12,pointue,pointu,10,F,P,pointue,-12.139193,pointu,-13.990065,1
5930,S_NOUN_7_ADJ_b,F,S,la cerise avec les robes que j' aime beaucoup n' est pas ronde <eos>,12,ronde,rond,10,F,P,ronde,-10.011154,rond,-9.3076,0
5931,S_NOUN_7_ADJ_b,F,S,la cerise avec les robes que j' aime beaucoup n' est pas froide <eos>,12,froide,froid,10,F,P,froide,-9.057646,froid,-11.905487,1
5932,S_NOUN_7_ADJ_b,F,S,la cerise avec les robes que j' aime beaucoup n' est pas chaude <eos>,12,chaude,chaud,10,F,P,chaude,-9.621969,chaud,-11.591823,1
5933,S_NOUN_7_ADJ_b,F,S,la cerise avec les robes que j' aime beaucoup n' est pas importante <eos>,12,importante,important,10,F,P,importante,-7.687141,important,-10.402246,1
5934,S_NOUN_7_ADJ_b,F,S,la cerise avec les robes que j' aime beaucoup n' est pas courte <eos>,12,courte,court,10,F,P,courte,-10.182243,court,-12.122766,1
5935,S_NOUN_7_ADJ_b,F,S,la cerise avec les robes que j' aime beaucoup n' est pas dure <eos>,12,dure,dur,10,F,P,dure,-9.466029,dur,-11.0738325,1
5936,S_NOUN_7_ADJ_b,F,S,la cerise avec les robes que j' aime beaucoup n' est pas claire <eos>,12,claire,clair,10,F,P,claire,-3.8072128,clair,-6.0393505,1
5937,S_NOUN_7_ADJ_b,F,S,la cerise avec les robes que j' aime beaucoup n' est pas intéressante <eos>,12,intéressante,intéressant,10,F,P,intéressante,-8.284411,intéressant,-10.67905,1
5938,S_NOUN_7_ADJ_b,F,S,la cerise avec les robes que j' aime beaucoup n' est pas brillante <eos>,12,brillante,brillant,10,F,P,brillante,-8.030893,brillant,-10.339743,1
5939,S_NOUN_7_ADJ_b,F,S,la cerise avec les robes que j' aime beaucoup n' est pas compliquée <eos>,12,compliquée,compliqué,10,F,P,compliquée,-10.047815,compliqué,-10.852329,1
5940,S_NOUN_7_ADJ_b,F,S,la cerise avec les valises que j' aime beaucoup n' est pas verte <eos>,12,verte,vert,10,F,P,verte,-9.212087,vert,-10.190258,1
5941,S_NOUN_7_ADJ_b,F,S,la cerise avec les valises que j' aime beaucoup n' est pas bleue <eos>,12,bleue,bleu,10,F,P,bleue,-8.700224,bleu,-9.888891,1
5942,S_NOUN_7_ADJ_b,F,S,la cerise avec les valises que j' aime beaucoup n' est pas noire <eos>,12,noire,noir,10,F,P,noire,-8.916422,noir,-8.550466,0
5943,S_NOUN_7_ADJ_b,F,S,la cerise avec les valises que j' aime beaucoup n' est pas délicate <eos>,12,délicate,délicat,10,F,P,délicate,-10.401699,délicat,-12.153374,1
5944,S_NOUN_7_ADJ_b,F,S,la cerise avec les valises que j' aime beaucoup n' est pas pointue <eos>,12,pointue,pointu,10,F,P,pointue,-12.001692,pointu,-14.854343,1
5945,S_NOUN_7_ADJ_b,F,S,la cerise avec les valises que j' aime beaucoup n' est pas ronde <eos>,12,ronde,rond,10,F,P,ronde,-10.329767,rond,-9.473162,0
5946,S_NOUN_7_ADJ_b,F,S,la cerise avec les valises que j' aime beaucoup n' est pas froide <eos>,12,froide,froid,10,F,P,froide,-8.368334,froid,-11.478382,1
5947,S_NOUN_7_ADJ_b,F,S,la cerise avec les valises que j' aime beaucoup n' est pas chaude <eos>,12,chaude,chaud,10,F,P,chaude,-8.406896,chaud,-11.187853,1
5948,S_NOUN_7_ADJ_b,F,S,la cerise avec les valises que j' aime beaucoup n' est pas importante <eos>,12,importante,important,10,F,P,importante,-7.5185156,important,-10.530003,1
5949,S_NOUN_7_ADJ_b,F,S,la cerise avec les valises que j' aime beaucoup n' est pas courte <eos>,12,courte,court,10,F,P,courte,-10.729364,court,-12.382148,1
5950,S_NOUN_7_ADJ_b,F,S,la cerise avec les valises que j' aime beaucoup n' est pas dure <eos>,12,dure,dur,10,F,P,dure,-8.861923,dur,-10.893483,1
5951,S_NOUN_7_ADJ_b,F,S,la cerise avec les valises que j' aime beaucoup n' est pas claire <eos>,12,claire,clair,10,F,P,claire,-4.503396,clair,-7.095433,1
5952,S_NOUN_7_ADJ_b,F,S,la cerise avec les valises que j' aime beaucoup n' est pas intéressante <eos>,12,intéressante,intéressant,10,F,P,intéressante,-7.0421124,intéressant,-10.52406,1
5953,S_NOUN_7_ADJ_b,F,S,la cerise avec les valises que j' aime beaucoup n' est pas brillante <eos>,12,brillante,brillant,10,F,P,brillante,-7.979203,brillant,-10.622963,1
5954,S_NOUN_7_ADJ_b,F,S,la cerise avec les valises que j' aime beaucoup n' est pas compliquée <eos>,12,compliquée,compliqué,10,F,P,compliquée,-9.135363,compliqué,-10.628876,1
5955,S_NOUN_7_ADJ_b,F,S,la cerise avec les pendules que j' aime beaucoup n' est pas verte <eos>,12,verte,vert,10,F,P,verte,-9.599261,vert,-10.152026,1
5956,S_NOUN_7_ADJ_b,F,S,la cerise avec les pendules que j' aime beaucoup n' est pas bleue <eos>,12,bleue,bleu,10,F,P,bleue,-9.77306,bleu,-9.778184,1
5957,S_NOUN_7_ADJ_b,F,S,la cerise avec les pendules que j' aime beaucoup n' est pas noire <eos>,12,noire,noir,10,F,P,noire,-8.5350065,noir,-8.11883,0
5958,S_NOUN_7_ADJ_b,F,S,la cerise avec les pendules que j' aime beaucoup n' est pas délicate <eos>,12,délicate,délicat,10,F,P,délicate,-10.692484,délicat,-11.374422,1
5959,S_NOUN_7_ADJ_b,F,S,la cerise avec les pendules que j' aime beaucoup n' est pas pointue <eos>,12,pointue,pointu,10,F,P,pointue,-13.099137,pointu,-14.272579,1
5960,S_NOUN_7_ADJ_b,F,S,la cerise avec les pendules que j' aime beaucoup n' est pas ronde <eos>,12,ronde,rond,10,F,P,ronde,-10.766804,rond,-9.314563,0
5961,S_NOUN_7_ADJ_b,F,S,la cerise avec les pendules que j' aime beaucoup n' est pas froide <eos>,12,froide,froid,10,F,P,froide,-8.47095,froid,-11.232273,1
5962,S_NOUN_7_ADJ_b,F,S,la cerise avec les pendules que j' aime beaucoup n' est pas chaude <eos>,12,chaude,chaud,10,F,P,chaude,-8.425498,chaud,-11.1294775,1
5963,S_NOUN_7_ADJ_b,F,S,la cerise avec les pendules que j' aime beaucoup n' est pas importante <eos>,12,importante,important,10,F,P,importante,-7.820857,important,-9.867931,1
5964,S_NOUN_7_ADJ_b,F,S,la cerise avec les pendules que j' aime beaucoup n' est pas courte <eos>,12,courte,court,10,F,P,courte,-10.841738,court,-12.303413,1
5965,S_NOUN_7_ADJ_b,F,S,la cerise avec les pendules que j' aime beaucoup n' est pas dure <eos>,12,dure,dur,10,F,P,dure,-9.546854,dur,-11.106989,1
5966,S_NOUN_7_ADJ_b,F,S,la cerise avec les pendules que j' aime beaucoup n' est pas claire <eos>,12,claire,clair,10,F,P,claire,-4.86191,clair,-7.0372086,1
5967,S_NOUN_7_ADJ_b,F,S,la cerise avec les pendules que j' aime beaucoup n' est pas intéressante <eos>,12,intéressante,intéressant,10,F,P,intéressante,-8.161785,intéressant,-10.109325,1
5968,S_NOUN_7_ADJ_b,F,S,la cerise avec les pendules que j' aime beaucoup n' est pas brillante <eos>,12,brillante,brillant,10,F,P,brillante,-8.249772,brillant,-10.528134,1
5969,S_NOUN_7_ADJ_b,F,S,la cerise avec les pendules que j' aime beaucoup n' est pas compliquée <eos>,12,compliquée,compliqué,10,F,P,compliquée,-10.323005,compliqué,-10.44544,1
5970,S_NOUN_7_ADJ_b,F,S,la cerise avec les cloches que j' aime beaucoup n' est pas verte <eos>,12,verte,vert,10,F,P,verte,-9.782863,vert,-9.851365,1
5971,S_NOUN_7_ADJ_b,F,S,la cerise avec les cloches que j' aime beaucoup n' est pas bleue <eos>,12,bleue,bleu,10,F,P,bleue,-9.953574,bleu,-9.778006,0
5972,S_NOUN_7_ADJ_b,F,S,la cerise avec les cloches que j' aime beaucoup n' est pas noire <eos>,12,noire,noir,10,F,P,noire,-8.915332,noir,-8.621236,0
5973,S_NOUN_7_ADJ_b,F,S,la cerise avec les cloches que j' aime beaucoup n' est pas délicate <eos>,12,délicate,délicat,10,F,P,délicate,-10.733889,délicat,-11.3865385,1
5974,S_NOUN_7_ADJ_b,F,S,la cerise avec les cloches que j' aime beaucoup n' est pas pointue <eos>,12,pointue,pointu,10,F,P,pointue,-12.130728,pointu,-14.556446,1
5975,S_NOUN_7_ADJ_b,F,S,la cerise avec les cloches que j' aime beaucoup n' est pas ronde <eos>,12,ronde,rond,10,F,P,ronde,-10.302381,rond,-9.203666,0
5976,S_NOUN_7_ADJ_b,F,S,la cerise avec les cloches que j' aime beaucoup n' est pas froide <eos>,12,froide,froid,10,F,P,froide,-8.756116,froid,-11.483763,1
5977,S_NOUN_7_ADJ_b,F,S,la cerise avec les cloches que j' aime beaucoup n' est pas chaude <eos>,12,chaude,chaud,10,F,P,chaude,-8.865725,chaud,-11.391393,1
5978,S_NOUN_7_ADJ_b,F,S,la cerise avec les cloches que j' aime beaucoup n' est pas importante <eos>,12,importante,important,10,F,P,importante,-7.673627,important,-10.194964,1
5979,S_NOUN_7_ADJ_b,F,S,la cerise avec les cloches que j' aime beaucoup n' est pas courte <eos>,12,courte,court,10,F,P,courte,-10.384148,court,-12.078006,1
5980,S_NOUN_7_ADJ_b,F,S,la cerise avec les cloches que j' aime beaucoup n' est pas dure <eos>,12,dure,dur,10,F,P,dure,-9.512337,dur,-10.810025,1
5981,S_NOUN_7_ADJ_b,F,S,la cerise avec les cloches que j' aime beaucoup n' est pas claire <eos>,12,claire,clair,10,F,P,claire,-4.999548,clair,-6.6920967,1
5982,S_NOUN_7_ADJ_b,F,S,la cerise avec les cloches que j' aime beaucoup n' est pas intéressante <eos>,12,intéressante,intéressant,10,F,P,intéressante,-7.589085,intéressant,-9.980861,1
5983,S_NOUN_7_ADJ_b,F,S,la cerise avec les cloches que j' aime beaucoup n' est pas brillante <eos>,12,brillante,brillant,10,F,P,brillante,-8.2212,brillant,-11.065802,1
5984,S_NOUN_7_ADJ_b,F,S,la cerise avec les cloches que j' aime beaucoup n' est pas compliquée <eos>,12,compliquée,compliqué,10,F,P,compliquée,-10.210939,compliqué,-10.554428,1
5985,S_NOUN_7_ADJ_b,F,S,la cerise avec les cerises que j' aime beaucoup n' est pas verte <eos>,12,verte,vert,10,F,P,verte,-9.414707,vert,-9.443702,1
5986,S_NOUN_7_ADJ_b,F,S,la cerise avec les cerises que j' aime beaucoup n' est pas bleue <eos>,12,bleue,bleu,10,F,P,bleue,-9.674828,bleu,-9.590502,0
5987,S_NOUN_7_ADJ_b,F,S,la cerise avec les cerises que j' aime beaucoup n' est pas noire <eos>,12,noire,noir,10,F,P,noire,-8.787102,noir,-8.182692,0
5988,S_NOUN_7_ADJ_b,F,S,la cerise avec les cerises que j' aime beaucoup n' est pas délicate <eos>,12,délicate,délicat,10,F,P,délicate,-10.770984,délicat,-11.183462,1
5989,S_NOUN_7_ADJ_b,F,S,la cerise avec les cerises que j' aime beaucoup n' est pas pointue <eos>,12,pointue,pointu,10,F,P,pointue,-12.778022,pointu,-14.665589,1
5990,S_NOUN_7_ADJ_b,F,S,la cerise avec les cerises que j' aime beaucoup n' est pas ronde <eos>,12,ronde,rond,10,F,P,ronde,-9.952554,rond,-9.302074,0
5991,S_NOUN_7_ADJ_b,F,S,la cerise avec les cerises que j' aime beaucoup n' est pas froide <eos>,12,froide,froid,10,F,P,froide,-8.117091,froid,-11.082491,1
5992,S_NOUN_7_ADJ_b,F,S,la cerise avec les cerises que j' aime beaucoup n' est pas chaude <eos>,12,chaude,chaud,10,F,P,chaude,-8.728847,chaud,-11.24106,1
5993,S_NOUN_7_ADJ_b,F,S,la cerise avec les cerises que j' aime beaucoup n' est pas importante <eos>,12,importante,important,10,F,P,importante,-8.131898,important,-10.649704,1
5994,S_NOUN_7_ADJ_b,F,S,la cerise avec les cerises que j' aime beaucoup n' est pas courte <eos>,12,courte,court,10,F,P,courte,-10.666003,court,-12.353351,1
5995,S_NOUN_7_ADJ_b,F,S,la cerise avec les cerises que j' aime beaucoup n' est pas dure <eos>,12,dure,dur,10,F,P,dure,-9.325315,dur,-10.802445,1
5996,S_NOUN_7_ADJ_b,F,S,la cerise avec les cerises que j' aime beaucoup n' est pas claire <eos>,12,claire,clair,10,F,P,claire,-4.6309986,clair,-6.521179,1
5997,S_NOUN_7_ADJ_b,F,S,la cerise avec les cerises que j' aime beaucoup n' est pas intéressante <eos>,12,intéressante,intéressant,10,F,P,intéressante,-7.6579857,intéressant,-10.531927,1
5998,S_NOUN_7_ADJ_b,F,S,la cerise avec les cerises que j' aime beaucoup n' est pas brillante <eos>,12,brillante,brillant,10,F,P,brillante,-8.407599,brillant,-10.892808,1
5999,S_NOUN_7_ADJ_b,F,S,la cerise avec les cerises que j' aime beaucoup n' est pas compliquée <eos>,12,compliquée,compliqué,10,F,P,compliquée,-10.309314,compliqué,-10.605622,1
6000,S_NOUN_7_ADJ_b,M,S,le bracelet avec les bracelets que j' aime beaucoup n' est pas vert <eos>,12,vert,verte,10,M,P,vert,-9.25287,verte,-12.850029,1
6001,S_NOUN_7_ADJ_b,M,S,le bracelet avec les bracelets que j' aime beaucoup n' est pas bleu <eos>,12,bleu,bleue,10,M,P,bleu,-8.37456,bleue,-12.791136,1
6002,S_NOUN_7_ADJ_b,M,S,le bracelet avec les bracelets que j' aime beaucoup n' est pas noir <eos>,12,noir,noire,10,M,P,noir,-5.7853956,noire,-11.756471,1
6003,S_NOUN_7_ADJ_b,M,S,le bracelet avec les bracelets que j' aime beaucoup n' est pas délicat <eos>,12,délicat,délicate,10,M,P,délicat,-9.859451,délicate,-13.978859,1
6004,S_NOUN_7_ADJ_b,M,S,le bracelet avec les bracelets que j' aime beaucoup n' est pas pointu <eos>,12,pointu,pointue,10,M,P,pointu,-9.511888,pointue,-14.71808,1
6005,S_NOUN_7_ADJ_b,M,S,le bracelet avec les bracelets que j' aime beaucoup n' est pas rond <eos>,12,rond,ronde,10,M,P,rond,-7.5157843,ronde,-12.988387,1
6006,S_NOUN_7_ADJ_b,M,S,le bracelet avec les bracelets que j' aime beaucoup n' est pas froid <eos>,12,froid,froide,10,M,P,froid,-10.395222,froide,-14.529442,1
6007,S_NOUN_7_ADJ_b,M,S,le bracelet avec les bracelets que j' aime beaucoup n' est pas chaud <eos>,12,chaud,chaude,10,M,P,chaud,-10.289793,chaude,-14.740475,1
6008,S_NOUN_7_ADJ_b,M,S,le bracelet avec les bracelets que j' aime beaucoup n' est pas important <eos>,12,important,importante,10,M,P,important,-8.160258,importante,-12.083531,1
6009,S_NOUN_7_ADJ_b,M,S,le bracelet avec les bracelets que j' aime beaucoup n' est pas court <eos>,12,court,courte,10,M,P,court,-9.335798,courte,-12.73285,1
6010,S_NOUN_7_ADJ_b,M,S,le bracelet avec les bracelets que j' aime beaucoup n' est pas dur <eos>,12,dur,dure,10,M,P,dur,-8.267895,dure,-11.298936,1
6011,S_NOUN_7_ADJ_b,M,S,le bracelet avec les bracelets que j' aime beaucoup n' est pas clair <eos>,12,clair,claire,10,M,P,clair,-5.4370046,claire,-8.915104,1
6012,S_NOUN_7_ADJ_b,M,S,le bracelet avec les bracelets que j' aime beaucoup n' est pas intéressant <eos>,12,intéressant,intéressante,10,M,P,intéressant,-8.394243,intéressante,-13.131481,1
6013,S_NOUN_7_ADJ_b,M,S,le bracelet avec les bracelets que j' aime beaucoup n' est pas brillant <eos>,12,brillant,brillante,10,M,P,brillant,-7.332552,brillante,-10.987097,1
6014,S_NOUN_7_ADJ_b,M,S,le bracelet avec les bracelets que j' aime beaucoup n' est pas compliqué <eos>,12,compliqué,compliquée,10,M,P,compliqué,-8.593991,compliquée,-12.642618,1
6015,S_NOUN_7_ADJ_b,M,S,le bracelet avec les miroirs que j' aime beaucoup n' est pas vert <eos>,12,vert,verte,10,M,P,vert,-9.223022,verte,-12.152031,1
6016,S_NOUN_7_ADJ_b,M,S,le bracelet avec les miroirs que j' aime beaucoup n' est pas bleu <eos>,12,bleu,bleue,10,M,P,bleu,-8.360304,bleue,-12.745409,1
6017,S_NOUN_7_ADJ_b,M,S,le bracelet avec les miroirs que j' aime beaucoup n' est pas noir <eos>,12,noir,noire,10,M,P,noir,-5.910808,noire,-11.701956,1
6018,S_NOUN_7_ADJ_b,M,S,le bracelet avec les miroirs que j' aime beaucoup n' est pas délicat <eos>,12,délicat,délicate,10,M,P,délicat,-9.699382,délicate,-13.889785,1
6019,S_NOUN_7_ADJ_b,M,S,le bracelet avec les miroirs que j' aime beaucoup n' est pas pointu <eos>,12,pointu,pointue,10,M,P,pointu,-9.598562,pointue,-14.847832,1
6020,S_NOUN_7_ADJ_b,M,S,le bracelet avec les miroirs que j' aime beaucoup n' est pas rond <eos>,12,rond,ronde,10,M,P,rond,-7.5036597,ronde,-12.90749,1
6021,S_NOUN_7_ADJ_b,M,S,le bracelet avec les miroirs que j' aime beaucoup n' est pas froid <eos>,12,froid,froide,10,M,P,froid,-10.323214,froide,-13.903584,1
6022,S_NOUN_7_ADJ_b,M,S,le bracelet avec les miroirs que j' aime beaucoup n' est pas chaud <eos>,12,chaud,chaude,10,M,P,chaud,-10.007355,chaude,-14.172195,1
6023,S_NOUN_7_ADJ_b,M,S,le bracelet avec les miroirs que j' aime beaucoup n' est pas important <eos>,12,important,importante,10,M,P,important,-8.464607,importante,-12.38339,1
6024,S_NOUN_7_ADJ_b,M,S,le bracelet avec les miroirs que j' aime beaucoup n' est pas court <eos>,12,court,courte,10,M,P,court,-9.939333,courte,-13.565568,1
6025,S_NOUN_7_ADJ_b,M,S,le bracelet avec les miroirs que j' aime beaucoup n' est pas dur <eos>,12,dur,dure,10,M,P,dur,-8.114207,dure,-11.739883,1
6026,S_NOUN_7_ADJ_b,M,S,le bracelet avec les miroirs que j' aime beaucoup n' est pas clair <eos>,12,clair,claire,10,M,P,clair,-5.40157,claire,-8.862987,1
6027,S_NOUN_7_ADJ_b,M,S,le bracelet avec les miroirs que j' aime beaucoup n' est pas intéressant <eos>,12,intéressant,intéressante,10,M,P,intéressant,-8.410955,intéressante,-13.133688,1
6028,S_NOUN_7_ADJ_b,M,S,le bracelet avec les miroirs que j' aime beaucoup n' est pas brillant <eos>,12,brillant,brillante,10,M,P,brillant,-7.061124,brillante,-11.036266,1
6029,S_NOUN_7_ADJ_b,M,S,le bracelet avec les miroirs que j' aime beaucoup n' est pas compliqué <eos>,12,compliqué,compliquée,10,M,P,compliqué,-8.806784,compliquée,-12.935705,1
6030,S_NOUN_7_ADJ_b,M,S,le bracelet avec les crayons que j' aime beaucoup n' est pas vert <eos>,12,vert,verte,10,M,P,vert,-8.737263,verte,-13.106755,1
6031,S_NOUN_7_ADJ_b,M,S,le bracelet avec les crayons que j' aime beaucoup n' est pas bleu <eos>,12,bleu,bleue,10,M,P,bleu,-8.113121,bleue,-12.951204,1
6032,S_NOUN_7_ADJ_b,M,S,le bracelet avec les crayons que j' aime beaucoup n' est pas noir <eos>,12,noir,noire,10,M,P,noir,-5.645595,noire,-12.496351,1
6033,S_NOUN_7_ADJ_b,M,S,le bracelet avec les crayons que j' aime beaucoup n' est pas délicat <eos>,12,délicat,délicate,10,M,P,délicat,-9.406759,délicate,-14.078473,1
6034,S_NOUN_7_ADJ_b,M,S,le bracelet avec les crayons que j' aime beaucoup n' est pas pointu <eos>,12,pointu,pointue,10,M,P,pointu,-11.3244915,pointue,-16.130163,1
6035,S_NOUN_7_ADJ_b,M,S,le bracelet avec les crayons que j' aime beaucoup n' est pas rond <eos>,12,rond,ronde,10,M,P,rond,-7.5819507,ronde,-13.579552,1
6036,S_NOUN_7_ADJ_b,M,S,le bracelet avec les crayons que j' aime beaucoup n' est pas froid <eos>,12,froid,froide,10,M,P,froid,-9.892025,froide,-14.164042,1
6037,S_NOUN_7_ADJ_b,M,S,le bracelet avec les crayons que j' aime beaucoup n' est pas chaud <eos>,12,chaud,chaude,10,M,P,chaud,-9.489039,chaude,-14.680977,1
6038,S_NOUN_7_ADJ_b,M,S,le bracelet avec les crayons que j' aime beaucoup n' est pas important <eos>,12,important,importante,10,M,P,important,-7.9432287,importante,-11.929565,1
6039,S_NOUN_7_ADJ_b,M,S,le bracelet avec les crayons que j' aime beaucoup n' est pas court <eos>,12,court,courte,10,M,P,court,-10.082751,courte,-13.94125,1
6040,S_NOUN_7_ADJ_b,M,S,le bracelet avec les crayons que j' aime beaucoup n' est pas dur <eos>,12,dur,dure,10,M,P,dur,-8.216567,dure,-11.40309,1
6041,S_NOUN_7_ADJ_b,M,S,le bracelet avec les crayons que j' aime beaucoup n' est pas clair <eos>,12,clair,claire,10,M,P,clair,-4.87846,claire,-8.658796,1
6042,S_NOUN_7_ADJ_b,M,S,le bracelet avec les crayons que j' aime beaucoup n' est pas intéressant <eos>,12,intéressant,intéressante,10,M,P,intéressant,-8.010728,intéressante,-12.230972,1
6043,S_NOUN_7_ADJ_b,M,S,le bracelet avec les crayons que j' aime beaucoup n' est pas brillant <eos>,12,brillant,brillante,10,M,P,brillant,-7.813858,brillante,-11.620982,1
6044,S_NOUN_7_ADJ_b,M,S,le bracelet avec les crayons que j' aime beaucoup n' est pas compliqué <eos>,12,compliqué,compliquée,10,M,P,compliqué,-9.31245,compliquée,-13.286244,1
6045,S_NOUN_7_ADJ_b,M,S,le bracelet avec les rideaux que j' aime beaucoup n' est pas vert <eos>,12,vert,verte,10,M,P,vert,-8.809913,verte,-12.886293,1
6046,S_NOUN_7_ADJ_b,M,S,le bracelet avec les rideaux que j' aime beaucoup n' est pas bleu <eos>,12,bleu,bleue,10,M,P,bleu,-8.128852,bleue,-12.6136055,1
6047,S_NOUN_7_ADJ_b,M,S,le bracelet avec les rideaux que j' aime beaucoup n' est pas noir <eos>,12,noir,noire,10,M,P,noir,-5.4992394,noire,-12.029318,1
6048,S_NOUN_7_ADJ_b,M,S,le bracelet avec les rideaux que j' aime beaucoup n' est pas délicat <eos>,12,délicat,délicate,10,M,P,délicat,-9.458622,délicate,-13.772565,1
6049,S_NOUN_7_ADJ_b,M,S,le bracelet avec les rideaux que j' aime beaucoup n' est pas pointu <eos>,12,pointu,pointue,10,M,P,pointu,-10.024826,pointue,-15.540516,1
6050,S_NOUN_7_ADJ_b,M,S,le bracelet avec les rideaux que j' aime beaucoup n' est pas rond <eos>,12,rond,ronde,10,M,P,rond,-7.047374,ronde,-12.671962,1
6051,S_NOUN_7_ADJ_b,M,S,le bracelet avec les rideaux que j' aime beaucoup n' est pas froid <eos>,12,froid,froide,10,M,P,froid,-10.396955,froide,-14.165397,1
6052,S_NOUN_7_ADJ_b,M,S,le bracelet avec les rideaux que j' aime beaucoup n' est pas chaud <eos>,12,chaud,chaude,10,M,P,chaud,-9.987326,chaude,-14.543383,1
6053,S_NOUN_7_ADJ_b,M,S,le bracelet avec les rideaux que j' aime beaucoup n' est pas important <eos>,12,important,importante,10,M,P,important,-8.031098,importante,-12.227079,1
6054,S_NOUN_7_ADJ_b,M,S,le bracelet avec les rideaux que j' aime beaucoup n' est pas court <eos>,12,court,courte,10,M,P,court,-9.2344,courte,-13.087055,1
6055,S_NOUN_7_ADJ_b,M,S,le bracelet avec les rideaux que j' aime beaucoup n' est pas dur <eos>,12,dur,dure,10,M,P,dur,-7.950102,dure,-10.692872,1
6056,S_NOUN_7_ADJ_b,M,S,le bracelet avec les rideaux que j' aime beaucoup n' est pas clair <eos>,12,clair,claire,10,M,P,clair,-5.0676436,claire,-8.795883,1
6057,S_NOUN_7_ADJ_b,M,S,le bracelet avec les rideaux que j' aime beaucoup n' est pas intéressant <eos>,12,intéressant,intéressante,10,M,P,intéressant,-8.407591,intéressante,-13.202486,1
6058,S_NOUN_7_ADJ_b,M,S,le bracelet avec les rideaux que j' aime beaucoup n' est pas brillant <eos>,12,brillant,brillante,10,M,P,brillant,-7.601083,brillante,-11.093665,1
6059,S_NOUN_7_ADJ_b,M,S,le bracelet avec les rideaux que j' aime beaucoup n' est pas compliqué <eos>,12,compliqué,compliquée,10,M,P,compliqué,-8.721095,compliquée,-13.005695,1
6060,S_NOUN_7_ADJ_b,M,S,le bracelet avec les cahiers que j' aime beaucoup n' est pas vert <eos>,12,vert,verte,10,M,P,vert,-9.468217,verte,-13.413553,1
6061,S_NOUN_7_ADJ_b,M,S,le bracelet avec les cahiers que j' aime beaucoup n' est pas bleu <eos>,12,bleu,bleue,10,M,P,bleu,-8.62059,bleue,-13.132025,1
6062,S_NOUN_7_ADJ_b,M,S,le bracelet avec les cahiers que j' aime beaucoup n' est pas noir <eos>,12,noir,noire,10,M,P,noir,-5.896053,noire,-12.720425,1
6063,S_NOUN_7_ADJ_b,M,S,le bracelet avec les cahiers que j' aime beaucoup n' est pas délicat <eos>,12,délicat,délicate,10,M,P,délicat,-9.608939,délicate,-14.759266,1
6064,S_NOUN_7_ADJ_b,M,S,le bracelet avec les cahiers que j' aime beaucoup n' est pas pointu <eos>,12,pointu,pointue,10,M,P,pointu,-10.582125,pointue,-15.582901,1
6065,S_NOUN_7_ADJ_b,M,S,le bracelet avec les cahiers que j' aime beaucoup n' est pas rond <eos>,12,rond,ronde,10,M,P,rond,-7.3492785,ronde,-12.938977,1
6066,S_NOUN_7_ADJ_b,M,S,le bracelet avec les cahiers que j' aime beaucoup n' est pas froid <eos>,12,froid,froide,10,M,P,froid,-9.935632,froide,-14.813923,1
6067,S_NOUN_7_ADJ_b,M,S,le bracelet avec les cahiers que j' aime beaucoup n' est pas chaud <eos>,12,chaud,chaude,10,M,P,chaud,-9.73616,chaude,-15.257101,1
6068,S_NOUN_7_ADJ_b,M,S,le bracelet avec les cahiers que j' aime beaucoup n' est pas important <eos>,12,important,importante,10,M,P,important,-8.339472,importante,-12.548886,1
6069,S_NOUN_7_ADJ_b,M,S,le bracelet avec les cahiers que j' aime beaucoup n' est pas court <eos>,12,court,courte,10,M,P,court,-9.360903,courte,-13.422604,1
6070,S_NOUN_7_ADJ_b,M,S,le bracelet avec les cahiers que j' aime beaucoup n' est pas dur <eos>,12,dur,dure,10,M,P,dur,-7.9784,dure,-11.376989,1
6071,S_NOUN_7_ADJ_b,M,S,le bracelet avec les cahiers que j' aime beaucoup n' est pas clair <eos>,12,clair,claire,10,M,P,clair,-5.152829,claire,-9.387764,1
6072,S_NOUN_7_ADJ_b,M,S,le bracelet avec les cahiers que j' aime beaucoup n' est pas intéressant <eos>,12,intéressant,intéressante,10,M,P,intéressant,-7.9928284,intéressante,-12.45168,1
6073,S_NOUN_7_ADJ_b,M,S,le bracelet avec les cahiers que j' aime beaucoup n' est pas brillant <eos>,12,brillant,brillante,10,M,P,brillant,-8.042279,brillante,-11.768296,1
6074,S_NOUN_7_ADJ_b,M,S,le bracelet avec les cahiers que j' aime beaucoup n' est pas compliqué <eos>,12,compliqué,compliquée,10,M,P,compliqué,-8.715063,compliquée,-13.121644,1
6075,S_NOUN_7_ADJ_b,M,S,le bracelet avec les micros que j' aime beaucoup n' est pas vert <eos>,12,vert,verte,10,M,P,vert,-9.796563,verte,-13.37888,1
6076,S_NOUN_7_ADJ_b,M,S,le bracelet avec les micros que j' aime beaucoup n' est pas bleu <eos>,12,bleu,bleue,10,M,P,bleu,-8.8844795,bleue,-13.297396,1
6077,S_NOUN_7_ADJ_b,M,S,le bracelet avec les micros que j' aime beaucoup n' est pas noir <eos>,12,noir,noire,10,M,P,noir,-6.1952524,noire,-12.561476,1
6078,S_NOUN_7_ADJ_b,M,S,le bracelet avec les micros que j' aime beaucoup n' est pas délicat <eos>,12,délicat,délicate,10,M,P,délicat,-9.611704,délicate,-14.81785,1
6079,S_NOUN_7_ADJ_b,M,S,le bracelet avec les micros que j' aime beaucoup n' est pas pointu <eos>,12,pointu,pointue,10,M,P,pointu,-10.257449,pointue,-15.86338,1
6080,S_NOUN_7_ADJ_b,M,S,le bracelet avec les micros que j' aime beaucoup n' est pas rond <eos>,12,rond,ronde,10,M,P,rond,-7.530256,ronde,-13.525627,1
6081,S_NOUN_7_ADJ_b,M,S,le bracelet avec les micros que j' aime beaucoup n' est pas froid <eos>,12,froid,froide,10,M,P,froid,-10.21104,froide,-14.557371,1
6082,S_NOUN_7_ADJ_b,M,S,le bracelet avec les micros que j' aime beaucoup n' est pas chaud <eos>,12,chaud,chaude,10,M,P,chaud,-9.8611355,chaude,-14.380035,1
6083,S_NOUN_7_ADJ_b,M,S,le bracelet avec les micros que j' aime beaucoup n' est pas important <eos>,12,important,importante,10,M,P,important,-8.113201,importante,-12.465682,1
6084,S_NOUN_7_ADJ_b,M,S,le bracelet avec les micros que j' aime beaucoup n' est pas court <eos>,12,court,courte,10,M,P,court,-9.5211735,courte,-13.558304,1
6085,S_NOUN_7_ADJ_b,M,S,le bracelet avec les micros que j' aime beaucoup n' est pas dur <eos>,12,dur,dure,10,M,P,dur,-7.6740313,dure,-11.144758,1
6086,S_NOUN_7_ADJ_b,M,S,le bracelet avec les micros que j' aime beaucoup n' est pas clair <eos>,12,clair,claire,10,M,P,clair,-5.356509,claire,-8.937032,1
6087,S_NOUN_7_ADJ_b,M,S,le bracelet avec les micros que j' aime beaucoup n' est pas intéressant <eos>,12,intéressant,intéressante,10,M,P,intéressant,-8.016361,intéressante,-12.236385,1
6088,S_NOUN_7_ADJ_b,M,S,le bracelet avec les micros que j' aime beaucoup n' est pas brillant <eos>,12,brillant,brillante,10,M,P,brillant,-8.088837,brillante,-12.214777,1
6089,S_NOUN_7_ADJ_b,M,S,le bracelet avec les micros que j' aime beaucoup n' est pas compliqué <eos>,12,compliqué,compliquée,10,M,P,compliqué,-8.782827,compliquée,-12.616572,1
6090,S_NOUN_7_ADJ_b,M,S,le bracelet avec les sacs que j' aime beaucoup n' est pas vert <eos>,12,vert,verte,10,M,P,vert,-8.877642,verte,-12.460196,1
6091,S_NOUN_7_ADJ_b,M,S,le bracelet avec les sacs que j' aime beaucoup n' est pas bleu <eos>,12,bleu,bleue,10,M,P,bleu,-8.28063,bleue,-12.542292,1
6092,S_NOUN_7_ADJ_b,M,S,le bracelet avec les sacs que j' aime beaucoup n' est pas noir <eos>,12,noir,noire,10,M,P,noir,-5.505557,noire,-11.788514,1
6093,S_NOUN_7_ADJ_b,M,S,le bracelet avec les sacs que j' aime beaucoup n' est pas délicat <eos>,12,délicat,délicate,10,M,P,délicat,-9.436742,délicate,-14.027835,1
6094,S_NOUN_7_ADJ_b,M,S,le bracelet avec les sacs que j' aime beaucoup n' est pas pointu <eos>,12,pointu,pointue,10,M,P,pointu,-10.357954,pointue,-15.645299,1
6095,S_NOUN_7_ADJ_b,M,S,le bracelet avec les sacs que j' aime beaucoup n' est pas rond <eos>,12,rond,ronde,10,M,P,rond,-7.262072,ronde,-13.166111,1
6096,S_NOUN_7_ADJ_b,M,S,le bracelet avec les sacs que j' aime beaucoup n' est pas froid <eos>,12,froid,froide,10,M,P,froid,-9.644603,froide,-14.029629,1
6097,S_NOUN_7_ADJ_b,M,S,le bracelet avec les sacs que j' aime beaucoup n' est pas chaud <eos>,12,chaud,chaude,10,M,P,chaud,-9.133244,chaude,-14.211494,1
6098,S_NOUN_7_ADJ_b,M,S,le bracelet avec les sacs que j' aime beaucoup n' est pas important <eos>,12,important,importante,10,M,P,important,-8.0287485,importante,-12.157849,1
6099,S_NOUN_7_ADJ_b,M,S,le bracelet avec les sacs que j' aime beaucoup n' est pas court <eos>,12,court,courte,10,M,P,court,-9.469074,courte,-13.119628,1
6100,S_NOUN_7_ADJ_b,M,S,le bracelet avec les sacs que j' aime beaucoup n' est pas dur <eos>,12,dur,dure,10,M,P,dur,-7.6812916,dure,-10.819124,1
6101,S_NOUN_7_ADJ_b,M,S,le bracelet avec les sacs que j' aime beaucoup n' est pas clair <eos>,12,clair,claire,10,M,P,clair,-5.1448164,claire,-8.817607,1
6102,S_NOUN_7_ADJ_b,M,S,le bracelet avec les sacs que j' aime beaucoup n' est pas intéressant <eos>,12,intéressant,intéressante,10,M,P,intéressant,-8.014746,intéressante,-11.977725,1
6103,S_NOUN_7_ADJ_b,M,S,le bracelet avec les sacs que j' aime beaucoup n' est pas brillant <eos>,12,brillant,brillante,10,M,P,brillant,-7.6935215,brillante,-11.67952,1
6104,S_NOUN_7_ADJ_b,M,S,le bracelet avec les sacs que j' aime beaucoup n' est pas compliqué <eos>,12,compliqué,compliquée,10,M,P,compliqué,-8.499044,compliquée,-12.637814,1
6105,S_NOUN_7_ADJ_b,M,S,le bracelet avec les claviers que j' aime beaucoup n' est pas vert <eos>,12,vert,verte,10,M,P,vert,-10.790372,verte,-14.73448,1
6106,S_NOUN_7_ADJ_b,M,S,le bracelet avec les claviers que j' aime beaucoup n' est pas bleu <eos>,12,bleu,bleue,10,M,P,bleu,-9.664265,bleue,-14.314227,1
6107,S_NOUN_7_ADJ_b,M,S,le bracelet avec les claviers que j' aime beaucoup n' est pas noir <eos>,12,noir,noire,10,M,P,noir,-6.963078,noire,-13.049049,1
6108,S_NOUN_7_ADJ_b,M,S,le bracelet avec les claviers que j' aime beaucoup n' est pas délicat <eos>,12,délicat,délicate,10,M,P,délicat,-9.278481,délicate,-15.005079,1
6109,S_NOUN_7_ADJ_b,M,S,le bracelet avec les claviers que j' aime beaucoup n' est pas pointu <eos>,12,pointu,pointue,10,M,P,pointu,-10.102037,pointue,-15.618889,1
6110,S_NOUN_7_ADJ_b,M,S,le bracelet avec les claviers que j' aime beaucoup n' est pas rond <eos>,12,rond,ronde,10,M,P,rond,-7.8416915,ronde,-13.438452,1
6111,S_NOUN_7_ADJ_b,M,S,le bracelet avec les claviers que j' aime beaucoup n' est pas froid <eos>,12,froid,froide,10,M,P,froid,-10.49168,froide,-15.189137,1
6112,S_NOUN_7_ADJ_b,M,S,le bracelet avec les claviers que j' aime beaucoup n' est pas chaud <eos>,12,chaud,chaude,10,M,P,chaud,-10.222229,chaude,-15.102901,1
6113,S_NOUN_7_ADJ_b,M,S,le bracelet avec les claviers que j' aime beaucoup n' est pas important <eos>,12,important,importante,10,M,P,important,-7.8425665,importante,-12.286161,1
6114,S_NOUN_7_ADJ_b,M,S,le bracelet avec les claviers que j' aime beaucoup n' est pas court <eos>,12,court,courte,10,M,P,court,-9.169856,courte,-12.969321,1
6115,S_NOUN_7_ADJ_b,M,S,le bracelet avec les claviers que j' aime beaucoup n' est pas dur <eos>,12,dur,dure,10,M,P,dur,-7.4523273,dure,-10.835712,1
6116,S_NOUN_7_ADJ_b,M,S,le bracelet avec les claviers que j' aime beaucoup n' est pas clair <eos>,12,clair,claire,10,M,P,clair,-5.705247,claire,-9.632026,1
6117,S_NOUN_7_ADJ_b,M,S,le bracelet avec les claviers que j' aime beaucoup n' est pas intéressant <eos>,12,intéressant,intéressante,10,M,P,intéressant,-8.117772,intéressante,-12.200228,1
6118,S_NOUN_7_ADJ_b,M,S,le bracelet avec les claviers que j' aime beaucoup n' est pas brillant <eos>,12,brillant,brillante,10,M,P,brillant,-8.128191,brillante,-12.429592,1
6119,S_NOUN_7_ADJ_b,M,S,le bracelet avec les claviers que j' aime beaucoup n' est pas compliqué <eos>,12,compliqué,compliquée,10,M,P,compliqué,-8.21757,compliquée,-12.078172,1
6120,S_NOUN_7_ADJ_b,M,S,le bracelet avec les raisins que j' aime beaucoup n' est pas vert <eos>,12,vert,verte,10,M,P,vert,-8.7887335,verte,-13.425477,1
6121,S_NOUN_7_ADJ_b,M,S,le bracelet avec les raisins que j' aime beaucoup n' est pas bleu <eos>,12,bleu,bleue,10,M,P,bleu,-8.230822,bleue,-13.219116,1
6122,S_NOUN_7_ADJ_b,M,S,le bracelet avec les raisins que j' aime beaucoup n' est pas noir <eos>,12,noir,noire,10,M,P,noir,-5.943383,noire,-12.439128,1
6123,S_NOUN_7_ADJ_b,M,S,le bracelet avec les raisins que j' aime beaucoup n' est pas délicat <eos>,12,délicat,délicate,10,M,P,délicat,-8.756071,délicate,-14.106215,1
6124,S_NOUN_7_ADJ_b,M,S,le bracelet avec les raisins que j' aime beaucoup n' est pas pointu <eos>,12,pointu,pointue,10,M,P,pointu,-11.215468,pointue,-16.02703,1
6125,S_NOUN_7_ADJ_b,M,S,le bracelet avec les raisins que j' aime beaucoup n' est pas rond <eos>,12,rond,ronde,10,M,P,rond,-7.503652,ronde,-13.309879,1
6126,S_NOUN_7_ADJ_b,M,S,le bracelet avec les raisins que j' aime beaucoup n' est pas froid <eos>,12,froid,froide,10,M,P,froid,-9.021657,froide,-13.728123,1
6127,S_NOUN_7_ADJ_b,M,S,le bracelet avec les raisins que j' aime beaucoup n' est pas chaud <eos>,12,chaud,chaude,10,M,P,chaud,-8.684669,chaude,-13.460995,1
6128,S_NOUN_7_ADJ_b,M,S,le bracelet avec les raisins que j' aime beaucoup n' est pas important <eos>,12,important,importante,10,M,P,important,-8.036678,importante,-11.934696,1
6129,S_NOUN_7_ADJ_b,M,S,le bracelet avec les raisins que j' aime beaucoup n' est pas court <eos>,12,court,courte,10,M,P,court,-9.78093,courte,-13.771793,1
6130,S_NOUN_7_ADJ_b,M,S,le bracelet avec les raisins que j' aime beaucoup n' est pas dur <eos>,12,dur,dure,10,M,P,dur,-8.601163,dure,-10.772858,1
6131,S_NOUN_7_ADJ_b,M,S,le bracelet avec les raisins que j' aime beaucoup n' est pas clair <eos>,12,clair,claire,10,M,P,clair,-4.502425,claire,-8.539848,1
6132,S_NOUN_7_ADJ_b,M,S,le bracelet avec les raisins que j' aime beaucoup n' est pas intéressant <eos>,12,intéressant,intéressante,10,M,P,intéressant,-8.331768,intéressante,-12.438786,1
6133,S_NOUN_7_ADJ_b,M,S,le bracelet avec les raisins que j' aime beaucoup n' est pas brillant <eos>,12,brillant,brillante,10,M,P,brillant,-8.051526,brillante,-12.090929,1
6134,S_NOUN_7_ADJ_b,M,S,le bracelet avec les raisins que j' aime beaucoup n' est pas compliqué <eos>,12,compliqué,compliquée,10,M,P,compliqué,-8.539412,compliquée,-13.000967,1
6135,S_NOUN_7_ADJ_b,M,S,le bracelet avec les chargeurs que j' aime beaucoup n' est pas vert <eos>,12,vert,verte,10,M,P,vert,-9.602449,verte,-12.80748,1
6136,S_NOUN_7_ADJ_b,M,S,le bracelet avec les chargeurs que j' aime beaucoup n' est pas bleu <eos>,12,bleu,bleue,10,M,P,bleu,-9.066209,bleue,-13.618445,1
6137,S_NOUN_7_ADJ_b,M,S,le bracelet avec les chargeurs que j' aime beaucoup n' est pas noir <eos>,12,noir,noire,10,M,P,noir,-6.4784813,noire,-12.058528,1
6138,S_NOUN_7_ADJ_b,M,S,le bracelet avec les chargeurs que j' aime beaucoup n' est pas délicat <eos>,12,délicat,délicate,10,M,P,délicat,-9.820282,délicate,-14.731357,1
6139,S_NOUN_7_ADJ_b,M,S,le bracelet avec les chargeurs que j' aime beaucoup n' est pas pointu <eos>,12,pointu,pointue,10,M,P,pointu,-9.753332,pointue,-15.110929,1
6140,S_NOUN_7_ADJ_b,M,S,le bracelet avec les chargeurs que j' aime beaucoup n' est pas rond <eos>,12,rond,ronde,10,M,P,rond,-8.129278,ronde,-12.821742,1
6141,S_NOUN_7_ADJ_b,M,S,le bracelet avec les chargeurs que j' aime beaucoup n' est pas froid <eos>,12,froid,froide,10,M,P,froid,-10.518702,froide,-14.549412,1
6142,S_NOUN_7_ADJ_b,M,S,le bracelet avec les chargeurs que j' aime beaucoup n' est pas chaud <eos>,12,chaud,chaude,10,M,P,chaud,-10.041237,chaude,-15.146769,1
6143,S_NOUN_7_ADJ_b,M,S,le bracelet avec les chargeurs que j' aime beaucoup n' est pas important <eos>,12,important,importante,10,M,P,important,-7.8544292,importante,-11.663422,1
6144,S_NOUN_7_ADJ_b,M,S,le bracelet avec les chargeurs que j' aime beaucoup n' est pas court <eos>,12,court,courte,10,M,P,court,-9.416241,courte,-12.9562,1
6145,S_NOUN_7_ADJ_b,M,S,le bracelet avec les chargeurs que j' aime beaucoup n' est pas dur <eos>,12,dur,dure,10,M,P,dur,-8.600225,dure,-12.081947,1
6146,S_NOUN_7_ADJ_b,M,S,le bracelet avec les chargeurs que j' aime beaucoup n' est pas clair <eos>,12,clair,claire,10,M,P,clair,-6.1457224,claire,-9.949448,1
6147,S_NOUN_7_ADJ_b,M,S,le bracelet avec les chargeurs que j' aime beaucoup n' est pas intéressant <eos>,12,intéressant,intéressante,10,M,P,intéressant,-8.046567,intéressante,-12.308068,1
6148,S_NOUN_7_ADJ_b,M,S,le bracelet avec les chargeurs que j' aime beaucoup n' est pas brillant <eos>,12,brillant,brillante,10,M,P,brillant,-8.474434,brillante,-12.304917,1
6149,S_NOUN_7_ADJ_b,M,S,le bracelet avec les chargeurs que j' aime beaucoup n' est pas compliqué <eos>,12,compliqué,compliquée,10,M,P,compliqué,-8.584528,compliquée,-12.948,1
6150,S_NOUN_7_ADJ_b,M,S,le bracelet avec les vases que j' aime beaucoup n' est pas vert <eos>,12,vert,verte,10,M,P,vert,-8.8732395,verte,-12.742699,1
6151,S_NOUN_7_ADJ_b,M,S,le bracelet avec les vases que j' aime beaucoup n' est pas bleu <eos>,12,bleu,bleue,10,M,P,bleu,-8.361364,bleue,-12.804516,1
6152,S_NOUN_7_ADJ_b,M,S,le bracelet avec les vases que j' aime beaucoup n' est pas noir <eos>,12,noir,noire,10,M,P,noir,-6.225832,noire,-12.3079,1
6153,S_NOUN_7_ADJ_b,M,S,le bracelet avec les vases que j' aime beaucoup n' est pas délicat <eos>,12,délicat,délicate,10,M,P,délicat,-9.586792,délicate,-13.892237,1
6154,S_NOUN_7_ADJ_b,M,S,le bracelet avec les vases que j' aime beaucoup n' est pas pointu <eos>,12,pointu,pointue,10,M,P,pointu,-10.438957,pointue,-15.424149,1
6155,S_NOUN_7_ADJ_b,M,S,le bracelet avec les vases que j' aime beaucoup n' est pas rond <eos>,12,rond,ronde,10,M,P,rond,-6.9438367,ronde,-12.48838,1
6156,S_NOUN_7_ADJ_b,M,S,le bracelet avec les vases que j' aime beaucoup n' est pas froid <eos>,12,froid,froide,10,M,P,froid,-9.617294,froide,-14.028853,1
6157,S_NOUN_7_ADJ_b,M,S,le bracelet avec les vases que j' aime beaucoup n' est pas chaud <eos>,12,chaud,chaude,10,M,P,chaud,-9.354412,chaude,-13.914271,1
6158,S_NOUN_7_ADJ_b,M,S,le bracelet avec les vases que j' aime beaucoup n' est pas important <eos>,12,important,importante,10,M,P,important,-7.850237,importante,-11.877869,1
6159,S_NOUN_7_ADJ_b,M,S,le bracelet avec les vases que j' aime beaucoup n' est pas court <eos>,12,court,courte,10,M,P,court,-10.030532,courte,-13.548489,1
6160,S_NOUN_7_ADJ_b,M,S,le bracelet avec les vases que j' aime beaucoup n' est pas dur <eos>,12,dur,dure,10,M,P,dur,-8.577887,dure,-11.426466,1
6161,S_NOUN_7_ADJ_b,M,S,le bracelet avec les vases que j' aime beaucoup n' est pas clair <eos>,12,clair,claire,10,M,P,clair,-4.735571,claire,-8.258026,1
6162,S_NOUN_7_ADJ_b,M,S,le bracelet avec les vases que j' aime beaucoup n' est pas intéressant <eos>,12,intéressant,intéressante,10,M,P,intéressant,-8.526564,intéressante,-12.651693,1
6163,S_NOUN_7_ADJ_b,M,S,le bracelet avec les vases que j' aime beaucoup n' est pas brillant <eos>,12,brillant,brillante,10,M,P,brillant,-7.689892,brillante,-11.764753,1
6164,S_NOUN_7_ADJ_b,M,S,le bracelet avec les vases que j' aime beaucoup n' est pas compliqué <eos>,12,compliqué,compliquée,10,M,P,compliqué,-8.752434,compliquée,-12.948484,1
6165,S_NOUN_7_ADJ_b,M,S,le bracelet avec les paniers que j' aime beaucoup n' est pas vert <eos>,12,vert,verte,10,M,P,vert,-8.953303,verte,-13.005403,1
6166,S_NOUN_7_ADJ_b,M,S,le bracelet avec les paniers que j' aime beaucoup n' est pas bleu <eos>,12,bleu,bleue,10,M,P,bleu,-8.655782,bleue,-13.330457,1
6167,S_NOUN_7_ADJ_b,M,S,le bracelet avec les paniers que j' aime beaucoup n' est pas noir <eos>,12,noir,noire,10,M,P,noir,-5.9936996,noire,-12.190191,1
6168,S_NOUN_7_ADJ_b,M,S,le bracelet avec les paniers que j' aime beaucoup n' est pas délicat <eos>,12,délicat,délicate,10,M,P,délicat,-9.344431,délicate,-14.19965,1
6169,S_NOUN_7_ADJ_b,M,S,le bracelet avec les paniers que j' aime beaucoup n' est pas pointu <eos>,12,pointu,pointue,10,M,P,pointu,-9.549528,pointue,-14.715749,1
6170,S_NOUN_7_ADJ_b,M,S,le bracelet avec les paniers que j' aime beaucoup n' est pas rond <eos>,12,rond,ronde,10,M,P,rond,-7.225524,ronde,-12.784566,1
6171,S_NOUN_7_ADJ_b,M,S,le bracelet avec les paniers que j' aime beaucoup n' est pas froid <eos>,12,froid,froide,10,M,P,froid,-10.477438,froide,-15.2116,1
6172,S_NOUN_7_ADJ_b,M,S,le bracelet avec les paniers que j' aime beaucoup n' est pas chaud <eos>,12,chaud,chaude,10,M,P,chaud,-10.219021,chaude,-15.259143,1
6173,S_NOUN_7_ADJ_b,M,S,le bracelet avec les paniers que j' aime beaucoup n' est pas important <eos>,12,important,importante,10,M,P,important,-7.8169603,importante,-11.918395,1
6174,S_NOUN_7_ADJ_b,M,S,le bracelet avec les paniers que j' aime beaucoup n' est pas court <eos>,12,court,courte,10,M,P,court,-9.140679,courte,-12.912595,1
6175,S_NOUN_7_ADJ_b,M,S,le bracelet avec les paniers que j' aime beaucoup n' est pas dur <eos>,12,dur,dure,10,M,P,dur,-7.8684583,dure,-11.0786495,1
6176,S_NOUN_7_ADJ_b,M,S,le bracelet avec les paniers que j' aime beaucoup n' est pas clair <eos>,12,clair,claire,10,M,P,clair,-5.219101,claire,-9.116498,1
6177,S_NOUN_7_ADJ_b,M,S,le bracelet avec les paniers que j' aime beaucoup n' est pas intéressant <eos>,12,intéressant,intéressante,10,M,P,intéressant,-8.2173815,intéressante,-13.020614,1
6178,S_NOUN_7_ADJ_b,M,S,le bracelet avec les paniers que j' aime beaucoup n' est pas brillant <eos>,12,brillant,brillante,10,M,P,brillant,-7.7175794,brillante,-11.618366,1
6179,S_NOUN_7_ADJ_b,M,S,le bracelet avec les paniers que j' aime beaucoup n' est pas compliqué <eos>,12,compliqué,compliquée,10,M,P,compliqué,-8.551148,compliquée,-12.880115,1
6180,S_NOUN_7_ADJ_b,M,S,le bracelet avec les colliers que j' aime beaucoup n' est pas vert <eos>,12,vert,verte,10,M,P,vert,-9.180857,verte,-12.946007,1
6181,S_NOUN_7_ADJ_b,M,S,le bracelet avec les colliers que j' aime beaucoup n' est pas bleu <eos>,12,bleu,bleue,10,M,P,bleu,-8.388293,bleue,-12.954189,1
6182,S_NOUN_7_ADJ_b,M,S,le bracelet avec les colliers que j' aime beaucoup n' est pas noir <eos>,12,noir,noire,10,M,P,noir,-5.91543,noire,-11.981567,1
6183,S_NOUN_7_ADJ_b,M,S,le bracelet avec les colliers que j' aime beaucoup n' est pas délicat <eos>,12,délicat,délicate,10,M,P,délicat,-9.568641,délicate,-14.071893,1
6184,S_NOUN_7_ADJ_b,M,S,le bracelet avec les colliers que j' aime beaucoup n' est pas pointu <eos>,12,pointu,pointue,10,M,P,pointu,-9.948985,pointue,-15.278307,1
6185,S_NOUN_7_ADJ_b,M,S,le bracelet avec les colliers que j' aime beaucoup n' est pas rond <eos>,12,rond,ronde,10,M,P,rond,-7.564159,ronde,-13.140371,1
6186,S_NOUN_7_ADJ_b,M,S,le bracelet avec les colliers que j' aime beaucoup n' est pas froid <eos>,12,froid,froide,10,M,P,froid,-10.388607,froide,-14.743779,1
6187,S_NOUN_7_ADJ_b,M,S,le bracelet avec les colliers que j' aime beaucoup n' est pas chaud <eos>,12,chaud,chaude,10,M,P,chaud,-10.039983,chaude,-15.307285,1
6188,S_NOUN_7_ADJ_b,M,S,le bracelet avec les colliers que j' aime beaucoup n' est pas important <eos>,12,important,importante,10,M,P,important,-8.067106,importante,-12.273935,1
6189,S_NOUN_7_ADJ_b,M,S,le bracelet avec les colliers que j' aime beaucoup n' est pas court <eos>,12,court,courte,10,M,P,court,-9.556581,courte,-13.275448,1
6190,S_NOUN_7_ADJ_b,M,S,le bracelet avec les colliers que j' aime beaucoup n' est pas dur <eos>,12,dur,dure,10,M,P,dur,-7.9756136,dure,-11.406265,1
6191,S_NOUN_7_ADJ_b,M,S,le bracelet avec les colliers que j' aime beaucoup n' est pas clair <eos>,12,clair,claire,10,M,P,clair,-5.268077,claire,-9.182312,1
6192,S_NOUN_7_ADJ_b,M,S,le bracelet avec les colliers que j' aime beaucoup n' est pas intéressant <eos>,12,intéressant,intéressante,10,M,P,intéressant,-8.215084,intéressante,-13.240678,1
6193,S_NOUN_7_ADJ_b,M,S,le bracelet avec les colliers que j' aime beaucoup n' est pas brillant <eos>,12,brillant,brillante,10,M,P,brillant,-7.2274714,brillante,-11.200851,1
6194,S_NOUN_7_ADJ_b,M,S,le bracelet avec les colliers que j' aime beaucoup n' est pas compliqué <eos>,12,compliqué,compliquée,10,M,P,compliqué,-8.466599,compliquée,-12.809767,1
6195,S_NOUN_7_ADJ_b,M,S,le bracelet avec les chapeaux que j' aime beaucoup n' est pas vert <eos>,12,vert,verte,10,M,P,vert,-8.705756,verte,-12.91844,1
6196,S_NOUN_7_ADJ_b,M,S,le bracelet avec les chapeaux que j' aime beaucoup n' est pas bleu <eos>,12,bleu,bleue,10,M,P,bleu,-8.000399,bleue,-12.733773,1
6197,S_NOUN_7_ADJ_b,M,S,le bracelet avec les chapeaux que j' aime beaucoup n' est pas noir <eos>,12,noir,noire,10,M,P,noir,-5.449045,noire,-11.814603,1
6198,S_NOUN_7_ADJ_b,M,S,le bracelet avec les chapeaux que j' aime beaucoup n' est pas délicat <eos>,12,délicat,délicate,10,M,P,délicat,-9.53402,délicate,-14.5159025,1
6199,S_NOUN_7_ADJ_b,M,S,le bracelet avec les chapeaux que j' aime beaucoup n' est pas pointu <eos>,12,pointu,pointue,10,M,P,pointu,-9.987042,pointue,-15.141719,1
6200,S_NOUN_7_ADJ_b,M,S,le bracelet avec les chapeaux que j' aime beaucoup n' est pas rond <eos>,12,rond,ronde,10,M,P,rond,-7.2183695,ronde,-12.520761,1
6201,S_NOUN_7_ADJ_b,M,S,le bracelet avec les chapeaux que j' aime beaucoup n' est pas froid <eos>,12,froid,froide,10,M,P,froid,-9.931799,froide,-14.557407,1
6202,S_NOUN_7_ADJ_b,M,S,le bracelet avec les chapeaux que j' aime beaucoup n' est pas chaud <eos>,12,chaud,chaude,10,M,P,chaud,-9.744268,chaude,-15.012794,1
6203,S_NOUN_7_ADJ_b,M,S,le bracelet avec les chapeaux que j' aime beaucoup n' est pas important <eos>,12,important,importante,10,M,P,important,-8.343561,importante,-12.49987,1
6204,S_NOUN_7_ADJ_b,M,S,le bracelet avec les chapeaux que j' aime beaucoup n' est pas court <eos>,12,court,courte,10,M,P,court,-9.260361,courte,-13.414018,1
6205,S_NOUN_7_ADJ_b,M,S,le bracelet avec les chapeaux que j' aime beaucoup n' est pas dur <eos>,12,dur,dure,10,M,P,dur,-8.07482,dure,-11.126383,1
6206,S_NOUN_7_ADJ_b,M,S,le bracelet avec les chapeaux que j' aime beaucoup n' est pas clair <eos>,12,clair,claire,10,M,P,clair,-5.149708,claire,-9.048258,1
6207,S_NOUN_7_ADJ_b,M,S,le bracelet avec les chapeaux que j' aime beaucoup n' est pas intéressant <eos>,12,intéressant,intéressante,10,M,P,intéressant,-8.305885,intéressante,-13.339673,1
6208,S_NOUN_7_ADJ_b,M,S,le bracelet avec les chapeaux que j' aime beaucoup n' est pas brillant <eos>,12,brillant,brillante,10,M,P,brillant,-7.8090277,brillante,-11.602537,1
6209,S_NOUN_7_ADJ_b,M,S,le bracelet avec les chapeaux que j' aime beaucoup n' est pas compliqué <eos>,12,compliqué,compliquée,10,M,P,compliqué,-8.76717,compliquée,-13.145386,1
6210,S_NOUN_7_ADJ_b,M,S,le bracelet avec les pots que j' aime beaucoup n' est pas vert <eos>,12,vert,verte,10,M,P,vert,-8.690479,verte,-12.818508,1
6211,S_NOUN_7_ADJ_b,M,S,le bracelet avec les pots que j' aime beaucoup n' est pas bleu <eos>,12,bleu,bleue,10,M,P,bleu,-8.060553,bleue,-12.612923,1
6212,S_NOUN_7_ADJ_b,M,S,le bracelet avec les pots que j' aime beaucoup n' est pas noir <eos>,12,noir,noire,10,M,P,noir,-5.63294,noire,-11.983065,1
6213,S_NOUN_7_ADJ_b,M,S,le bracelet avec les pots que j' aime beaucoup n' est pas délicat <eos>,12,délicat,délicate,10,M,P,délicat,-9.533898,délicate,-14.260931,1
6214,S_NOUN_7_ADJ_b,M,S,le bracelet avec les pots que j' aime beaucoup n' est pas pointu <eos>,12,pointu,pointue,10,M,P,pointu,-10.823225,pointue,-15.794399,1
6215,S_NOUN_7_ADJ_b,M,S,le bracelet avec les pots que j' aime beaucoup n' est pas rond <eos>,12,rond,ronde,10,M,P,rond,-7.306674,ronde,-12.806478,1
6216,S_NOUN_7_ADJ_b,M,S,le bracelet avec les pots que j' aime beaucoup n' est pas froid <eos>,12,froid,froide,10,M,P,froid,-9.192382,froide,-13.445709,1
6217,S_NOUN_7_ADJ_b,M,S,le bracelet avec les pots que j' aime beaucoup n' est pas chaud <eos>,12,chaud,chaude,10,M,P,chaud,-8.971704,chaude,-13.672237,1
6218,S_NOUN_7_ADJ_b,M,S,le bracelet avec les pots que j' aime beaucoup n' est pas important <eos>,12,important,importante,10,M,P,important,-8.415855,importante,-12.552498,1
6219,S_NOUN_7_ADJ_b,M,S,le bracelet avec les pots que j' aime beaucoup n' est pas court <eos>,12,court,courte,10,M,P,court,-9.979158,courte,-13.745998,1
6220,S_NOUN_7_ADJ_b,M,S,le bracelet avec les pots que j' aime beaucoup n' est pas dur <eos>,12,dur,dure,10,M,P,dur,-7.958149,dure,-10.967712,1
6221,S_NOUN_7_ADJ_b,M,S,le bracelet avec les pots que j' aime beaucoup n' est pas clair <eos>,12,clair,claire,10,M,P,clair,-5.010184,claire,-8.718651,1
6222,S_NOUN_7_ADJ_b,M,S,le bracelet avec les pots que j' aime beaucoup n' est pas intéressant <eos>,12,intéressant,intéressante,10,M,P,intéressant,-8.592396,intéressante,-12.648351,1
6223,S_NOUN_7_ADJ_b,M,S,le bracelet avec les pots que j' aime beaucoup n' est pas brillant <eos>,12,brillant,brillante,10,M,P,brillant,-7.817815,brillante,-11.812,1
6224,S_NOUN_7_ADJ_b,M,S,le bracelet avec les pots que j' aime beaucoup n' est pas compliqué <eos>,12,compliqué,compliquée,10,M,P,compliqué,-8.758949,compliquée,-12.9610405,1
6225,S_NOUN_7_ADJ_b,M,S,le bracelet avec les coussins que j' aime beaucoup n' est pas vert <eos>,12,vert,verte,10,M,P,vert,-9.009016,verte,-12.292012,1
6226,S_NOUN_7_ADJ_b,M,S,le bracelet avec les coussins que j' aime beaucoup n' est pas bleu <eos>,12,bleu,bleue,10,M,P,bleu,-8.257804,bleue,-12.35424,1
6227,S_NOUN_7_ADJ_b,M,S,le bracelet avec les coussins que j' aime beaucoup n' est pas noir <eos>,12,noir,noire,10,M,P,noir,-5.755374,noire,-11.760911,1
6228,S_NOUN_7_ADJ_b,M,S,le bracelet avec les coussins que j' aime beaucoup n' est pas délicat <eos>,12,délicat,délicate,10,M,P,délicat,-9.764428,délicate,-14.070097,1
6229,S_NOUN_7_ADJ_b,M,S,le bracelet avec les coussins que j' aime beaucoup n' est pas pointu <eos>,12,pointu,pointue,10,M,P,pointu,-9.9176445,pointue,-15.210449,1
6230,S_NOUN_7_ADJ_b,M,S,le bracelet avec les coussins que j' aime beaucoup n' est pas rond <eos>,12,rond,ronde,10,M,P,rond,-7.1361914,ronde,-13.0383,1
6231,S_NOUN_7_ADJ_b,M,S,le bracelet avec les coussins que j' aime beaucoup n' est pas froid <eos>,12,froid,froide,10,M,P,froid,-10.207173,froide,-14.278797,1
6232,S_NOUN_7_ADJ_b,M,S,le bracelet avec les coussins que j' aime beaucoup n' est pas chaud <eos>,12,chaud,chaude,10,M,P,chaud,-9.720933,chaude,-14.569801,1
6233,S_NOUN_7_ADJ_b,M,S,le bracelet avec les coussins que j' aime beaucoup n' est pas important <eos>,12,important,importante,10,M,P,important,-8.218691,importante,-12.244089,1
6234,S_NOUN_7_ADJ_b,M,S,le bracelet avec les coussins que j' aime beaucoup n' est pas court <eos>,12,court,courte,10,M,P,court,-9.643701,courte,-13.379087,1
6235,S_NOUN_7_ADJ_b,M,S,le bracelet avec les coussins que j' aime beaucoup n' est pas dur <eos>,12,dur,dure,10,M,P,dur,-8.232514,dure,-11.332293,1
6236,S_NOUN_7_ADJ_b,M,S,le bracelet avec les coussins que j' aime beaucoup n' est pas clair <eos>,12,clair,claire,10,M,P,clair,-5.6457376,claire,-8.738412,1
6237,S_NOUN_7_ADJ_b,M,S,le bracelet avec les coussins que j' aime beaucoup n' est pas intéressant <eos>,12,intéressant,intéressante,10,M,P,intéressant,-8.43022,intéressante,-12.654871,1
6238,S_NOUN_7_ADJ_b,M,S,le bracelet avec les coussins que j' aime beaucoup n' est pas brillant <eos>,12,brillant,brillante,10,M,P,brillant,-7.661394,brillante,-11.527593,1
6239,S_NOUN_7_ADJ_b,M,S,le bracelet avec les coussins que j' aime beaucoup n' est pas compliqué <eos>,12,compliqué,compliquée,10,M,P,compliqué,-8.735606,compliquée,-12.486401,1
6240,S_NOUN_7_ADJ_b,M,S,le bracelet avec les jouets que j' aime beaucoup n' est pas vert <eos>,12,vert,verte,10,M,P,vert,-9.537441,verte,-13.151657,1
6241,S_NOUN_7_ADJ_b,M,S,le bracelet avec les jouets que j' aime beaucoup n' est pas bleu <eos>,12,bleu,bleue,10,M,P,bleu,-8.95617,bleue,-13.211985,1
6242,S_NOUN_7_ADJ_b,M,S,le bracelet avec les jouets que j' aime beaucoup n' est pas noir <eos>,12,noir,noire,10,M,P,noir,-6.203737,noire,-12.2765465,1
6243,S_NOUN_7_ADJ_b,M,S,le bracelet avec les jouets que j' aime beaucoup n' est pas délicat <eos>,12,délicat,délicate,10,M,P,délicat,-10.117999,délicate,-14.897837,1
6244,S_NOUN_7_ADJ_b,M,S,le bracelet avec les jouets que j' aime beaucoup n' est pas pointu <eos>,12,pointu,pointue,10,M,P,pointu,-10.627007,pointue,-15.8907,1
6245,S_NOUN_7_ADJ_b,M,S,le bracelet avec les jouets que j' aime beaucoup n' est pas rond <eos>,12,rond,ronde,10,M,P,rond,-7.4200363,ronde,-13.225269,1
6246,S_NOUN_7_ADJ_b,M,S,le bracelet avec les jouets que j' aime beaucoup n' est pas froid <eos>,12,froid,froide,10,M,P,froid,-9.35078,froide,-13.854483,1
6247,S_NOUN_7_ADJ_b,M,S,le bracelet avec les jouets que j' aime beaucoup n' est pas chaud <eos>,12,chaud,chaude,10,M,P,chaud,-9.199577,chaude,-14.16918,1
6248,S_NOUN_7_ADJ_b,M,S,le bracelet avec les jouets que j' aime beaucoup n' est pas important <eos>,12,important,importante,10,M,P,important,-8.192956,importante,-12.432373,1
6249,S_NOUN_7_ADJ_b,M,S,le bracelet avec les jouets que j' aime beaucoup n' est pas court <eos>,12,court,courte,10,M,P,court,-9.674296,courte,-13.735154,1
6250,S_NOUN_7_ADJ_b,M,S,le bracelet avec les jouets que j' aime beaucoup n' est pas dur <eos>,12,dur,dure,10,M,P,dur,-8.328621,dure,-11.5156145,1
6251,S_NOUN_7_ADJ_b,M,S,le bracelet avec les jouets que j' aime beaucoup n' est pas clair <eos>,12,clair,claire,10,M,P,clair,-5.771596,claire,-9.302663,1
6252,S_NOUN_7_ADJ_b,M,S,le bracelet avec les jouets que j' aime beaucoup n' est pas intéressant <eos>,12,intéressant,intéressante,10,M,P,intéressant,-8.312501,intéressante,-12.3533125,1
6253,S_NOUN_7_ADJ_b,M,S,le bracelet avec les jouets que j' aime beaucoup n' est pas brillant <eos>,12,brillant,brillante,10,M,P,brillant,-8.645147,brillante,-12.55088,1
6254,S_NOUN_7_ADJ_b,M,S,le bracelet avec les jouets que j' aime beaucoup n' est pas compliqué <eos>,12,compliqué,compliquée,10,M,P,compliqué,-8.925392,compliquée,-12.568789,1
6255,S_NOUN_7_ADJ_b,M,S,le bracelet avec les clous que j' aime beaucoup n' est pas vert <eos>,12,vert,verte,10,M,P,vert,-8.937381,verte,-13.084674,1
6256,S_NOUN_7_ADJ_b,M,S,le bracelet avec les clous que j' aime beaucoup n' est pas bleu <eos>,12,bleu,bleue,10,M,P,bleu,-8.417884,bleue,-13.619889,1
6257,S_NOUN_7_ADJ_b,M,S,le bracelet avec les clous que j' aime beaucoup n' est pas noir <eos>,12,noir,noire,10,M,P,noir,-5.8648815,noire,-12.091062,1
6258,S_NOUN_7_ADJ_b,M,S,le bracelet avec les clous que j' aime beaucoup n' est pas délicat <eos>,12,délicat,délicate,10,M,P,délicat,-9.306924,délicate,-13.967434,1
6259,S_NOUN_7_ADJ_b,M,S,le bracelet avec les clous que j' aime beaucoup n' est pas pointu <eos>,12,pointu,pointue,10,M,P,pointu,-9.509519,pointue,-14.73544,1
6260,S_NOUN_7_ADJ_b,M,S,le bracelet avec les clous que j' aime beaucoup n' est pas rond <eos>,12,rond,ronde,10,M,P,rond,-6.6876354,ronde,-13.127562,1
6261,S_NOUN_7_ADJ_b,M,S,le bracelet avec les clous que j' aime beaucoup n' est pas froid <eos>,12,froid,froide,10,M,P,froid,-10.224995,froide,-15.160839,1
6262,S_NOUN_7_ADJ_b,M,S,le bracelet avec les clous que j' aime beaucoup n' est pas chaud <eos>,12,chaud,chaude,10,M,P,chaud,-9.779127,chaude,-14.997282,1
6263,S_NOUN_7_ADJ_b,M,S,le bracelet avec les clous que j' aime beaucoup n' est pas important <eos>,12,important,importante,10,M,P,important,-7.9288034,importante,-12.154085,1
6264,S_NOUN_7_ADJ_b,M,S,le bracelet avec les clous que j' aime beaucoup n' est pas court <eos>,12,court,courte,10,M,P,court,-9.096804,courte,-13.367449,1
6265,S_NOUN_7_ADJ_b,M,S,le bracelet avec les clous que j' aime beaucoup n' est pas dur <eos>,12,dur,dure,10,M,P,dur,-7.9679193,dure,-11.198584,1
6266,S_NOUN_7_ADJ_b,M,S,le bracelet avec les clous que j' aime beaucoup n' est pas clair <eos>,12,clair,claire,10,M,P,clair,-5.355921,claire,-9.213903,1
6267,S_NOUN_7_ADJ_b,M,S,le bracelet avec les clous que j' aime beaucoup n' est pas intéressant <eos>,12,intéressant,intéressante,10,M,P,intéressant,-8.253435,intéressante,-13.423701,1
6268,S_NOUN_7_ADJ_b,M,S,le bracelet avec les clous que j' aime beaucoup n' est pas brillant <eos>,12,brillant,brillante,10,M,P,brillant,-7.658076,brillante,-12.495518,1
6269,S_NOUN_7_ADJ_b,M,S,le bracelet avec les clous que j' aime beaucoup n' est pas compliqué <eos>,12,compliqué,compliquée,10,M,P,compliqué,-8.71099,compliquée,-13.095685,1
6270,S_NOUN_7_ADJ_b,M,S,le bracelet avec les billets que j' aime beaucoup n' est pas vert <eos>,12,vert,verte,10,M,P,vert,-9.404442,verte,-13.039744,1
6271,S_NOUN_7_ADJ_b,M,S,le bracelet avec les billets que j' aime beaucoup n' est pas bleu <eos>,12,bleu,bleue,10,M,P,bleu,-8.60961,bleue,-13.11247,1
6272,S_NOUN_7_ADJ_b,M,S,le bracelet avec les billets que j' aime beaucoup n' est pas noir <eos>,12,noir,noire,10,M,P,noir,-5.9256544,noire,-12.384726,1
6273,S_NOUN_7_ADJ_b,M,S,le bracelet avec les billets que j' aime beaucoup n' est pas délicat <eos>,12,délicat,délicate,10,M,P,délicat,-10.13921,délicate,-15.512022,1
6274,S_NOUN_7_ADJ_b,M,S,le bracelet avec les billets que j' aime beaucoup n' est pas pointu <eos>,12,pointu,pointue,10,M,P,pointu,-10.646179,pointue,-15.982543,1
6275,S_NOUN_7_ADJ_b,M,S,le bracelet avec les billets que j' aime beaucoup n' est pas rond <eos>,12,rond,ronde,10,M,P,rond,-7.479519,ronde,-12.701261,1
6276,S_NOUN_7_ADJ_b,M,S,le bracelet avec les billets que j' aime beaucoup n' est pas froid <eos>,12,froid,froide,10,M,P,froid,-10.236798,froide,-14.376063,1
6277,S_NOUN_7_ADJ_b,M,S,le bracelet avec les billets que j' aime beaucoup n' est pas chaud <eos>,12,chaud,chaude,10,M,P,chaud,-9.962371,chaude,-14.659531,1
6278,S_NOUN_7_ADJ_b,M,S,le bracelet avec les billets que j' aime beaucoup n' est pas important <eos>,12,important,importante,10,M,P,important,-8.103302,importante,-12.173183,1
6279,S_NOUN_7_ADJ_b,M,S,le bracelet avec les billets que j' aime beaucoup n' est pas court <eos>,12,court,courte,10,M,P,court,-9.012234,courte,-13.471514,1
6280,S_NOUN_7_ADJ_b,M,S,le bracelet avec les billets que j' aime beaucoup n' est pas dur <eos>,12,dur,dure,10,M,P,dur,-8.280447,dure,-11.479358,1
6281,S_NOUN_7_ADJ_b,M,S,le bracelet avec les billets que j' aime beaucoup n' est pas clair <eos>,12,clair,claire,10,M,P,clair,-5.6506095,claire,-9.837603,1
6282,S_NOUN_7_ADJ_b,M,S,le bracelet avec les billets que j' aime beaucoup n' est pas intéressant <eos>,12,intéressant,intéressante,10,M,P,intéressant,-8.364059,intéressante,-12.753557,1
6283,S_NOUN_7_ADJ_b,M,S,le bracelet avec les billets que j' aime beaucoup n' est pas brillant <eos>,12,brillant,brillante,10,M,P,brillant,-8.674516,brillante,-12.132819,1
6284,S_NOUN_7_ADJ_b,M,S,le bracelet avec les billets que j' aime beaucoup n' est pas compliqué <eos>,12,compliqué,compliquée,10,M,P,compliqué,-8.992474,compliquée,-13.747802,1
6285,S_NOUN_7_ADJ_b,M,S,le bracelet avec les légumes que j' aime beaucoup n' est pas vert <eos>,12,vert,verte,10,M,P,vert,-8.901865,verte,-12.869209,1
6286,S_NOUN_7_ADJ_b,M,S,le bracelet avec les légumes que j' aime beaucoup n' est pas bleu <eos>,12,bleu,bleue,10,M,P,bleu,-8.578618,bleue,-13.283663,1
6287,S_NOUN_7_ADJ_b,M,S,le bracelet avec les légumes que j' aime beaucoup n' est pas noir <eos>,12,noir,noire,10,M,P,noir,-5.928006,noire,-12.503807,1
6288,S_NOUN_7_ADJ_b,M,S,le bracelet avec les légumes que j' aime beaucoup n' est pas délicat <eos>,12,délicat,délicate,10,M,P,délicat,-8.823862,délicate,-13.914629,1
6289,S_NOUN_7_ADJ_b,M,S,le bracelet avec les légumes que j' aime beaucoup n' est pas pointu <eos>,12,pointu,pointue,10,M,P,pointu,-10.300619,pointue,-15.773782,1
6290,S_NOUN_7_ADJ_b,M,S,le bracelet avec les légumes que j' aime beaucoup n' est pas rond <eos>,12,rond,ronde,10,M,P,rond,-7.1727204,ronde,-12.641649,1
6291,S_NOUN_7_ADJ_b,M,S,le bracelet avec les légumes que j' aime beaucoup n' est pas froid <eos>,12,froid,froide,10,M,P,froid,-8.90784,froide,-13.559874,1
6292,S_NOUN_7_ADJ_b,M,S,le bracelet avec les légumes que j' aime beaucoup n' est pas chaud <eos>,12,chaud,chaude,10,M,P,chaud,-8.570532,chaude,-13.853423,1
6293,S_NOUN_7_ADJ_b,M,S,le bracelet avec les légumes que j' aime beaucoup n' est pas important <eos>,12,important,importante,10,M,P,important,-7.9518905,importante,-12.029844,1
6294,S_NOUN_7_ADJ_b,M,S,le bracelet avec les légumes que j' aime beaucoup n' est pas court <eos>,12,court,courte,10,M,P,court,-9.789028,courte,-13.529683,1
6295,S_NOUN_7_ADJ_b,M,S,le bracelet avec les légumes que j' aime beaucoup n' est pas dur <eos>,12,dur,dure,10,M,P,dur,-7.559003,dure,-11.150488,1
6296,S_NOUN_7_ADJ_b,M,S,le bracelet avec les légumes que j' aime beaucoup n' est pas clair <eos>,12,clair,claire,10,M,P,clair,-4.8651967,claire,-8.965423,1
6297,S_NOUN_7_ADJ_b,M,S,le bracelet avec les légumes que j' aime beaucoup n' est pas intéressant <eos>,12,intéressant,intéressante,10,M,P,intéressant,-8.040915,intéressante,-11.697812,1
6298,S_NOUN_7_ADJ_b,M,S,le bracelet avec les légumes que j' aime beaucoup n' est pas brillant <eos>,12,brillant,brillante,10,M,P,brillant,-7.785716,brillante,-12.156541,1
6299,S_NOUN_7_ADJ_b,M,S,le bracelet avec les légumes que j' aime beaucoup n' est pas compliqué <eos>,12,compliqué,compliquée,10,M,P,compliqué,-8.670694,compliquée,-12.858234,1
6300,S_NOUN_7_ADJ_b,M,S,le miroir avec les bracelets que j' aime beaucoup n' est pas vert <eos>,12,vert,verte,10,M,P,vert,-8.799765,verte,-12.8121395,1
6301,S_NOUN_7_ADJ_b,M,S,le miroir avec les bracelets que j' aime beaucoup n' est pas bleu <eos>,12,bleu,bleue,10,M,P,bleu,-8.020788,bleue,-12.306326,1
6302,S_NOUN_7_ADJ_b,M,S,le miroir avec les bracelets que j' aime beaucoup n' est pas noir <eos>,12,noir,noire,10,M,P,noir,-5.949355,noire,-12.271772,1
6303,S_NOUN_7_ADJ_b,M,S,le miroir avec les bracelets que j' aime beaucoup n' est pas délicat <eos>,12,délicat,délicate,10,M,P,délicat,-10.03311,délicate,-14.780788,1
6304,S_NOUN_7_ADJ_b,M,S,le miroir avec les bracelets que j' aime beaucoup n' est pas pointu <eos>,12,pointu,pointue,10,M,P,pointu,-9.469265,pointue,-14.662544,1
6305,S_NOUN_7_ADJ_b,M,S,le miroir avec les bracelets que j' aime beaucoup n' est pas rond <eos>,12,rond,ronde,10,M,P,rond,-7.003274,ronde,-12.064288,1
6306,S_NOUN_7_ADJ_b,M,S,le miroir avec les bracelets que j' aime beaucoup n' est pas froid <eos>,12,froid,froide,10,M,P,froid,-10.222359,froide,-14.719862,1
6307,S_NOUN_7_ADJ_b,M,S,le miroir avec les bracelets que j' aime beaucoup n' est pas chaud <eos>,12,chaud,chaude,10,M,P,chaud,-9.493904,chaude,-14.247776,1
6308,S_NOUN_7_ADJ_b,M,S,le miroir avec les bracelets que j' aime beaucoup n' est pas important <eos>,12,important,importante,10,M,P,important,-8.589191,importante,-12.830707,1
6309,S_NOUN_7_ADJ_b,M,S,le miroir avec les bracelets que j' aime beaucoup n' est pas court <eos>,12,court,courte,10,M,P,court,-9.413572,courte,-12.899179,1
6310,S_NOUN_7_ADJ_b,M,S,le miroir avec les bracelets que j' aime beaucoup n' est pas dur <eos>,12,dur,dure,10,M,P,dur,-8.446666,dure,-11.490517,1
6311,S_NOUN_7_ADJ_b,M,S,le miroir avec les bracelets que j' aime beaucoup n' est pas clair <eos>,12,clair,claire,10,M,P,clair,-5.3779373,claire,-9.066641,1
6312,S_NOUN_7_ADJ_b,M,S,le miroir avec les bracelets que j' aime beaucoup n' est pas intéressant <eos>,12,intéressant,intéressante,10,M,P,intéressant,-8.422442,intéressante,-13.652196,1
6313,S_NOUN_7_ADJ_b,M,S,le miroir avec les bracelets que j' aime beaucoup n' est pas brillant <eos>,12,brillant,brillante,10,M,P,brillant,-6.9523816,brillante,-10.992617,1
6314,S_NOUN_7_ADJ_b,M,S,le miroir avec les bracelets que j' aime beaucoup n' est pas compliqué <eos>,12,compliqué,compliquée,10,M,P,compliqué,-9.221935,compliquée,-13.413258,1
6315,S_NOUN_7_ADJ_b,M,S,le miroir avec les miroirs que j' aime beaucoup n' est pas vert <eos>,12,vert,verte,10,M,P,vert,-8.965536,verte,-12.037689,1
6316,S_NOUN_7_ADJ_b,M,S,le miroir avec les miroirs que j' aime beaucoup n' est pas bleu <eos>,12,bleu,bleue,10,M,P,bleu,-8.047013,bleue,-12.206629,1
6317,S_NOUN_7_ADJ_b,M,S,le miroir avec les miroirs que j' aime beaucoup n' est pas noir <eos>,12,noir,noire,10,M,P,noir,-6.3024883,noire,-12.278544,1
6318,S_NOUN_7_ADJ_b,M,S,le miroir avec les miroirs que j' aime beaucoup n' est pas délicat <eos>,12,délicat,délicate,10,M,P,délicat,-9.774364,délicate,-14.6473465,1
6319,S_NOUN_7_ADJ_b,M,S,le miroir avec les miroirs que j' aime beaucoup n' est pas pointu <eos>,12,pointu,pointue,10,M,P,pointu,-9.824878,pointue,-14.836436,1
6320,S_NOUN_7_ADJ_b,M,S,le miroir avec les miroirs que j' aime beaucoup n' est pas rond <eos>,12,rond,ronde,10,M,P,rond,-7.4743633,ronde,-12.465606,1
6321,S_NOUN_7_ADJ_b,M,S,le miroir avec les miroirs que j' aime beaucoup n' est pas froid <eos>,12,froid,froide,10,M,P,froid,-10.295059,froide,-14.10519,1
6322,S_NOUN_7_ADJ_b,M,S,le miroir avec les miroirs que j' aime beaucoup n' est pas chaud <eos>,12,chaud,chaude,10,M,P,chaud,-9.255007,chaude,-13.677109,1
6323,S_NOUN_7_ADJ_b,M,S,le miroir avec les miroirs que j' aime beaucoup n' est pas important <eos>,12,important,importante,10,M,P,important,-8.718843,importante,-12.754055,1
6324,S_NOUN_7_ADJ_b,M,S,le miroir avec les miroirs que j' aime beaucoup n' est pas court <eos>,12,court,courte,10,M,P,court,-10.066367,courte,-13.72283,1
6325,S_NOUN_7_ADJ_b,M,S,le miroir avec les miroirs que j' aime beaucoup n' est pas dur <eos>,12,dur,dure,10,M,P,dur,-8.55071,dure,-11.926458,1
6326,S_NOUN_7_ADJ_b,M,S,le miroir avec les miroirs que j' aime beaucoup n' est pas clair <eos>,12,clair,claire,10,M,P,clair,-5.230844,claire,-8.900278,1
6327,S_NOUN_7_ADJ_b,M,S,le miroir avec les miroirs que j' aime beaucoup n' est pas intéressant <eos>,12,intéressant,intéressante,10,M,P,intéressant,-8.249398,intéressante,-13.299955,1
6328,S_NOUN_7_ADJ_b,M,S,le miroir avec les miroirs que j' aime beaucoup n' est pas brillant <eos>,12,brillant,brillante,10,M,P,brillant,-6.6438894,brillante,-10.840508,1
6329,S_NOUN_7_ADJ_b,M,S,le miroir avec les miroirs que j' aime beaucoup n' est pas compliqué <eos>,12,compliqué,compliquée,10,M,P,compliqué,-9.572422,compliquée,-13.601668,1
6330,S_NOUN_7_ADJ_b,M,S,le miroir avec les crayons que j' aime beaucoup n' est pas vert <eos>,12,vert,verte,10,M,P,vert,-8.570055,verte,-12.845475,1
6331,S_NOUN_7_ADJ_b,M,S,le miroir avec les crayons que j' aime beaucoup n' est pas bleu <eos>,12,bleu,bleue,10,M,P,bleu,-7.824165,bleue,-12.392454,1
6332,S_NOUN_7_ADJ_b,M,S,le miroir avec les crayons que j' aime beaucoup n' est pas noir <eos>,12,noir,noire,10,M,P,noir,-6.1546326,noire,-13.1336355,1
6333,S_NOUN_7_ADJ_b,M,S,le miroir avec les crayons que j' aime beaucoup n' est pas délicat <eos>,12,délicat,délicate,10,M,P,délicat,-9.716228,délicate,-14.826676,1
6334,S_NOUN_7_ADJ_b,M,S,le miroir avec les crayons que j' aime beaucoup n' est pas pointu <eos>,12,pointu,pointue,10,M,P,pointu,-11.482926,pointue,-16.108784,1
6335,S_NOUN_7_ADJ_b,M,S,le miroir avec les crayons que j' aime beaucoup n' est pas rond <eos>,12,rond,ronde,10,M,P,rond,-7.5096416,ronde,-13.232028,1
6336,S_NOUN_7_ADJ_b,M,S,le miroir avec les crayons que j' aime beaucoup n' est pas froid <eos>,12,froid,froide,10,M,P,froid,-9.935446,froide,-14.357504,1
6337,S_NOUN_7_ADJ_b,M,S,le miroir avec les crayons que j' aime beaucoup n' est pas chaud <eos>,12,chaud,chaude,10,M,P,chaud,-8.940693,chaude,-14.222663,1
6338,S_NOUN_7_ADJ_b,M,S,le miroir avec les crayons que j' aime beaucoup n' est pas important <eos>,12,important,importante,10,M,P,important,-8.155943,importante,-12.281363,1
6339,S_NOUN_7_ADJ_b,M,S,le miroir avec les crayons que j' aime beaucoup n' est pas court <eos>,12,court,courte,10,M,P,court,-10.187774,courte,-13.959244,1
6340,S_NOUN_7_ADJ_b,M,S,le miroir avec les crayons que j' aime beaucoup n' est pas dur <eos>,12,dur,dure,10,M,P,dur,-8.739162,dure,-11.599936,1
6341,S_NOUN_7_ADJ_b,M,S,le miroir avec les crayons que j' aime beaucoup n' est pas clair <eos>,12,clair,claire,10,M,P,clair,-4.748992,claire,-8.610166,1
6342,S_NOUN_7_ADJ_b,M,S,le miroir avec les crayons que j' aime beaucoup n' est pas intéressant <eos>,12,intéressant,intéressante,10,M,P,intéressant,-7.8914814,intéressante,-12.533607,1
6343,S_NOUN_7_ADJ_b,M,S,le miroir avec les crayons que j' aime beaucoup n' est pas brillant <eos>,12,brillant,brillante,10,M,P,brillant,-7.545686,brillante,-11.559142,1
6344,S_NOUN_7_ADJ_b,M,S,le miroir avec les crayons que j' aime beaucoup n' est pas compliqué <eos>,12,compliqué,compliquée,10,M,P,compliqué,-10.009797,compliquée,-13.933079,1
6345,S_NOUN_7_ADJ_b,M,S,le miroir avec les rideaux que j' aime beaucoup n' est pas vert <eos>,12,vert,verte,10,M,P,vert,-8.527887,verte,-12.857927,1
6346,S_NOUN_7_ADJ_b,M,S,le miroir avec les rideaux que j' aime beaucoup n' est pas bleu <eos>,12,bleu,bleue,10,M,P,bleu,-7.8879013,bleue,-12.194662,1
6347,S_NOUN_7_ADJ_b,M,S,le miroir avec les rideaux que j' aime beaucoup n' est pas noir <eos>,12,noir,noire,10,M,P,noir,-5.834127,noire,-12.79088,1
6348,S_NOUN_7_ADJ_b,M,S,le miroir avec les rideaux que j' aime beaucoup n' est pas délicat <eos>,12,délicat,délicate,10,M,P,délicat,-9.740934,délicate,-14.670444,1
6349,S_NOUN_7_ADJ_b,M,S,le miroir avec les rideaux que j' aime beaucoup n' est pas pointu <eos>,12,pointu,pointue,10,M,P,pointu,-10.310426,pointue,-15.633057,1
6350,S_NOUN_7_ADJ_b,M,S,le miroir avec les rideaux que j' aime beaucoup n' est pas rond <eos>,12,rond,ronde,10,M,P,rond,-6.7758894,ronde,-12.020501,1
6351,S_NOUN_7_ADJ_b,M,S,le miroir avec les rideaux que j' aime beaucoup n' est pas froid <eos>,12,froid,froide,10,M,P,froid,-10.024042,froide,-13.817776,1
6352,S_NOUN_7_ADJ_b,M,S,le miroir avec les rideaux que j' aime beaucoup n' est pas chaud <eos>,12,chaud,chaude,10,M,P,chaud,-9.004543,chaude,-13.81026,1
6353,S_NOUN_7_ADJ_b,M,S,le miroir avec les rideaux que j' aime beaucoup n' est pas important <eos>,12,important,importante,10,M,P,important,-8.330411,importante,-12.66712,1
6354,S_NOUN_7_ADJ_b,M,S,le miroir avec les rideaux que j' aime beaucoup n' est pas court <eos>,12,court,courte,10,M,P,court,-9.287336,courte,-13.199865,1
6355,S_NOUN_7_ADJ_b,M,S,le miroir avec les rideaux que j' aime beaucoup n' est pas dur <eos>,12,dur,dure,10,M,P,dur,-8.473597,dure,-11.010512,1
6356,S_NOUN_7_ADJ_b,M,S,le miroir avec les rideaux que j' aime beaucoup n' est pas clair <eos>,12,clair,claire,10,M,P,clair,-5.1640844,claire,-9.056326,1
6357,S_NOUN_7_ADJ_b,M,S,le miroir avec les rideaux que j' aime beaucoup n' est pas intéressant <eos>,12,intéressant,intéressante,10,M,P,intéressant,-8.314384,intéressante,-13.24067,1
6358,S_NOUN_7_ADJ_b,M,S,le miroir avec les rideaux que j' aime beaucoup n' est pas brillant <eos>,12,brillant,brillante,10,M,P,brillant,-7.3740582,brillante,-11.015518,1
6359,S_NOUN_7_ADJ_b,M,S,le miroir avec les rideaux que j' aime beaucoup n' est pas compliqué <eos>,12,compliqué,compliquée,10,M,P,compliqué,-9.549378,compliquée,-13.637324,1
6360,S_NOUN_7_ADJ_b,M,S,le miroir avec les cahiers que j' aime beaucoup n' est pas vert <eos>,12,vert,verte,10,M,P,vert,-9.293204,verte,-13.259796,1
6361,S_NOUN_7_ADJ_b,M,S,le miroir avec les cahiers que j' aime beaucoup n' est pas bleu <eos>,12,bleu,bleue,10,M,P,bleu,-8.376459,bleue,-12.666681,1
6362,S_NOUN_7_ADJ_b,M,S,le miroir avec les cahiers que j' aime beaucoup n' est pas noir <eos>,12,noir,noire,10,M,P,noir,-6.4749875,noire,-13.578739,1
6363,S_NOUN_7_ADJ_b,M,S,le miroir avec les cahiers que j' aime beaucoup n' est pas délicat <eos>,12,délicat,délicate,10,M,P,délicat,-9.846487,délicate,-15.633959,1
6364,S_NOUN_7_ADJ_b,M,S,le miroir avec les cahiers que j' aime beaucoup n' est pas pointu <eos>,12,pointu,pointue,10,M,P,pointu,-10.875537,pointue,-15.904797,1
6365,S_NOUN_7_ADJ_b,M,S,le miroir avec les cahiers que j' aime beaucoup n' est pas rond <eos>,12,rond,ronde,10,M,P,rond,-7.3944173,ronde,-12.816118,1
6366,S_NOUN_7_ADJ_b,M,S,le miroir avec les cahiers que j' aime beaucoup n' est pas froid <eos>,12,froid,froide,10,M,P,froid,-10.110717,froide,-15.152611,1
6367,S_NOUN_7_ADJ_b,M,S,le miroir avec les cahiers que j' aime beaucoup n' est pas chaud <eos>,12,chaud,chaude,10,M,P,chaud,-9.1762495,chaude,-15.035151,1
6368,S_NOUN_7_ADJ_b,M,S,le miroir avec les cahiers que j' aime beaucoup n' est pas important <eos>,12,important,importante,10,M,P,important,-8.15834,importante,-12.5366335,1
6369,S_NOUN_7_ADJ_b,M,S,le miroir avec les cahiers que j' aime beaucoup n' est pas court <eos>,12,court,courte,10,M,P,court,-9.580705,courte,-13.393523,1
6370,S_NOUN_7_ADJ_b,M,S,le miroir avec les cahiers que j' aime beaucoup n' est pas dur <eos>,12,dur,dure,10,M,P,dur,-8.974993,dure,-11.708683,1
6371,S_NOUN_7_ADJ_b,M,S,le miroir avec les cahiers que j' aime beaucoup n' est pas clair <eos>,12,clair,claire,10,M,P,clair,-5.132427,claire,-9.425794,1
6372,S_NOUN_7_ADJ_b,M,S,le miroir avec les cahiers que j' aime beaucoup n' est pas intéressant <eos>,12,intéressant,intéressante,10,M,P,intéressant,-7.589347,intéressante,-12.573221,1
6373,S_NOUN_7_ADJ_b,M,S,le miroir avec les cahiers que j' aime beaucoup n' est pas brillant <eos>,12,brillant,brillante,10,M,P,brillant,-7.873827,brillante,-11.9331665,1
6374,S_NOUN_7_ADJ_b,M,S,le miroir avec les cahiers que j' aime beaucoup n' est pas compliqué <eos>,12,compliqué,compliquée,10,M,P,compliqué,-9.542354,compliquée,-13.913494,1
6375,S_NOUN_7_ADJ_b,M,S,le miroir avec les micros que j' aime beaucoup n' est pas vert <eos>,12,vert,verte,10,M,P,vert,-9.466027,verte,-13.131975,1
6376,S_NOUN_7_ADJ_b,M,S,le miroir avec les micros que j' aime beaucoup n' est pas bleu <eos>,12,bleu,bleue,10,M,P,bleu,-8.693527,bleue,-12.736619,1
6377,S_NOUN_7_ADJ_b,M,S,le miroir avec les micros que j' aime beaucoup n' est pas noir <eos>,12,noir,noire,10,M,P,noir,-6.633913,noire,-13.166473,1
6378,S_NOUN_7_ADJ_b,M,S,le miroir avec les micros que j' aime beaucoup n' est pas délicat <eos>,12,délicat,délicate,10,M,P,délicat,-9.84306,délicate,-15.50181,1
6379,S_NOUN_7_ADJ_b,M,S,le miroir avec les micros que j' aime beaucoup n' est pas pointu <eos>,12,pointu,pointue,10,M,P,pointu,-10.356571,pointue,-15.715252,1
6380,S_NOUN_7_ADJ_b,M,S,le miroir avec les micros que j' aime beaucoup n' est pas rond <eos>,12,rond,ronde,10,M,P,rond,-7.2465363,ronde,-12.854327,1
6381,S_NOUN_7_ADJ_b,M,S,le miroir avec les micros que j' aime beaucoup n' est pas froid <eos>,12,froid,froide,10,M,P,froid,-10.155733,froide,-14.430207,1
6382,S_NOUN_7_ADJ_b,M,S,le miroir avec les micros que j' aime beaucoup n' est pas chaud <eos>,12,chaud,chaude,10,M,P,chaud,-9.171307,chaude,-13.748811,1
6383,S_NOUN_7_ADJ_b,M,S,le miroir avec les micros que j' aime beaucoup n' est pas important <eos>,12,important,importante,10,M,P,important,-8.355076,importante,-12.766168,1
6384,S_NOUN_7_ADJ_b,M,S,le miroir avec les micros que j' aime beaucoup n' est pas court <eos>,12,court,courte,10,M,P,court,-9.752403,courte,-13.69758,1
6385,S_NOUN_7_ADJ_b,M,S,le miroir avec les micros que j' aime beaucoup n' est pas dur <eos>,12,dur,dure,10,M,P,dur,-8.397712,dure,-11.482814,1
6386,S_NOUN_7_ADJ_b,M,S,le miroir avec les micros que j' aime beaucoup n' est pas clair <eos>,12,clair,claire,10,M,P,clair,-5.469865,claire,-8.999399,1
6387,S_NOUN_7_ADJ_b,M,S,le miroir avec les micros que j' aime beaucoup n' est pas intéressant <eos>,12,intéressant,intéressante,10,M,P,intéressant,-7.977572,intéressante,-12.501072,1
6388,S_NOUN_7_ADJ_b,M,S,le miroir avec les micros que j' aime beaucoup n' est pas brillant <eos>,12,brillant,brillante,10,M,P,brillant,-7.887539,brillante,-12.215849,1
6389,S_NOUN_7_ADJ_b,M,S,le miroir avec les micros que j' aime beaucoup n' est pas compliqué <eos>,12,compliqué,compliquée,10,M,P,compliqué,-9.44886,compliquée,-13.185503,1
6390,S_NOUN_7_ADJ_b,M,S,le miroir avec les sacs que j' aime beaucoup n' est pas vert <eos>,12,vert,verte,10,M,P,vert,-8.645506,verte,-12.432315,1
6391,S_NOUN_7_ADJ_b,M,S,le miroir avec les sacs que j' aime beaucoup n' est pas bleu <eos>,12,bleu,bleue,10,M,P,bleu,-8.097329,bleue,-12.041372,1
6392,S_NOUN_7_ADJ_b,M,S,le miroir avec les sacs que j' aime beaucoup n' est pas noir <eos>,12,noir,noire,10,M,P,noir,-5.921526,noire,-12.560455,1
6393,S_NOUN_7_ADJ_b,M,S,le miroir avec les sacs que j' aime beaucoup n' est pas délicat <eos>,12,délicat,délicate,10,M,P,délicat,-9.70625,délicate,-14.909,1
6394,S_NOUN_7_ADJ_b,M,S,le miroir avec les sacs que j' aime beaucoup n' est pas pointu <eos>,12,pointu,pointue,10,M,P,pointu,-10.555098,pointue,-15.825664,1
6395,S_NOUN_7_ADJ_b,M,S,le miroir avec les sacs que j' aime beaucoup n' est pas rond <eos>,12,rond,ronde,10,M,P,rond,-7.014421,ronde,-12.68647,1
6396,S_NOUN_7_ADJ_b,M,S,le miroir avec les sacs que j' aime beaucoup n' est pas froid <eos>,12,froid,froide,10,M,P,froid,-9.433216,froide,-13.928541,1
6397,S_NOUN_7_ADJ_b,M,S,le miroir avec les sacs que j' aime beaucoup n' est pas chaud <eos>,12,chaud,chaude,10,M,P,chaud,-8.329916,chaude,-13.691428,1
6398,S_NOUN_7_ADJ_b,M,S,le miroir avec les sacs que j' aime beaucoup n' est pas important <eos>,12,important,importante,10,M,P,important,-8.15193,importante,-12.509354,1
6399,S_NOUN_7_ADJ_b,M,S,le miroir avec les sacs que j' aime beaucoup n' est pas court <eos>,12,court,courte,10,M,P,court,-9.563965,courte,-13.1816225,1
6400,S_NOUN_7_ADJ_b,M,S,le miroir avec les sacs que j' aime beaucoup n' est pas dur <eos>,12,dur,dure,10,M,P,dur,-8.042542,dure,-10.833098,1
6401,S_NOUN_7_ADJ_b,M,S,le miroir avec les sacs que j' aime beaucoup n' est pas clair <eos>,12,clair,claire,10,M,P,clair,-4.9739094,claire,-8.897587,1
6402,S_NOUN_7_ADJ_b,M,S,le miroir avec les sacs que j' aime beaucoup n' est pas intéressant <eos>,12,intéressant,intéressante,10,M,P,intéressant,-7.836333,intéressante,-12.230879,1
6403,S_NOUN_7_ADJ_b,M,S,le miroir avec les sacs que j' aime beaucoup n' est pas brillant <eos>,12,brillant,brillante,10,M,P,brillant,-7.400473,brillante,-11.809011,1
6404,S_NOUN_7_ADJ_b,M,S,le miroir avec les sacs que j' aime beaucoup n' est pas compliqué <eos>,12,compliqué,compliquée,10,M,P,compliqué,-9.217505,compliquée,-13.375958,1
6405,S_NOUN_7_ADJ_b,M,S,le miroir avec les claviers que j' aime beaucoup n' est pas vert <eos>,12,vert,verte,10,M,P,vert,-10.398191,verte,-14.581966,1
6406,S_NOUN_7_ADJ_b,M,S,le miroir avec les claviers que j' aime beaucoup n' est pas bleu <eos>,12,bleu,bleue,10,M,P,bleu,-9.556894,bleue,-13.789038,1
6407,S_NOUN_7_ADJ_b,M,S,le miroir avec les claviers que j' aime beaucoup n' est pas noir <eos>,12,noir,noire,10,M,P,noir,-7.281275,noire,-13.761005,1
6408,S_NOUN_7_ADJ_b,M,S,le miroir avec les claviers que j' aime beaucoup n' est pas délicat <eos>,12,délicat,délicate,10,M,P,délicat,-9.606281,délicate,-15.6747,1
6409,S_NOUN_7_ADJ_b,M,S,le miroir avec les claviers que j' aime beaucoup n' est pas pointu <eos>,12,pointu,pointue,10,M,P,pointu,-10.308893,pointue,-15.775964,1
6410,S_NOUN_7_ADJ_b,M,S,le miroir avec les claviers que j' aime beaucoup n' est pas rond <eos>,12,rond,ronde,10,M,P,rond,-7.3932457,ronde,-12.789019,1
6411,S_NOUN_7_ADJ_b,M,S,le miroir avec les claviers que j' aime beaucoup n' est pas froid <eos>,12,froid,froide,10,M,P,froid,-10.457271,froide,-15.263588,1
6412,S_NOUN_7_ADJ_b,M,S,le miroir avec les claviers que j' aime beaucoup n' est pas chaud <eos>,12,chaud,chaude,10,M,P,chaud,-9.431434,chaude,-14.429539,1
6413,S_NOUN_7_ADJ_b,M,S,le miroir avec les claviers que j' aime beaucoup n' est pas important <eos>,12,important,importante,10,M,P,important,-7.9427557,importante,-12.462152,1
6414,S_NOUN_7_ADJ_b,M,S,le miroir avec les claviers que j' aime beaucoup n' est pas court <eos>,12,court,courte,10,M,P,court,-9.139922,courte,-12.820124,1
6415,S_NOUN_7_ADJ_b,M,S,le miroir avec les claviers que j' aime beaucoup n' est pas dur <eos>,12,dur,dure,10,M,P,dur,-8.311684,dure,-11.098463,1
6416,S_NOUN_7_ADJ_b,M,S,le miroir avec les claviers que j' aime beaucoup n' est pas clair <eos>,12,clair,claire,10,M,P,clair,-5.6817446,claire,-9.739097,1
6417,S_NOUN_7_ADJ_b,M,S,le miroir avec les claviers que j' aime beaucoup n' est pas intéressant <eos>,12,intéressant,intéressante,10,M,P,intéressant,-7.8321834,intéressante,-12.2949505,1
6418,S_NOUN_7_ADJ_b,M,S,le miroir avec les claviers que j' aime beaucoup n' est pas brillant <eos>,12,brillant,brillante,10,M,P,brillant,-8.058852,brillante,-12.50247,1
6419,S_NOUN_7_ADJ_b,M,S,le miroir avec les claviers que j' aime beaucoup n' est pas compliqué <eos>,12,compliqué,compliquée,10,M,P,compliqué,-8.970129,compliquée,-12.813478,1
6420,S_NOUN_7_ADJ_b,M,S,le miroir avec les raisins que j' aime beaucoup n' est pas vert <eos>,12,vert,verte,10,M,P,vert,-8.349373,verte,-13.113663,1
6421,S_NOUN_7_ADJ_b,M,S,le miroir avec les raisins que j' aime beaucoup n' est pas bleu <eos>,12,bleu,bleue,10,M,P,bleu,-7.8841186,bleue,-12.6165,1
6422,S_NOUN_7_ADJ_b,M,S,le miroir avec les raisins que j' aime beaucoup n' est pas noir <eos>,12,noir,noire,10,M,P,noir,-6.251381,noire,-13.084595,1
6423,S_NOUN_7_ADJ_b,M,S,le miroir avec les raisins que j' aime beaucoup n' est pas délicat <eos>,12,délicat,délicate,10,M,P,délicat,-9.035488,délicate,-14.548702,1
6424,S_NOUN_7_ADJ_b,M,S,le miroir avec les raisins que j' aime beaucoup n' est pas pointu <eos>,12,pointu,pointue,10,M,P,pointu,-11.478175,pointue,-16.051983,1
6425,S_NOUN_7_ADJ_b,M,S,le miroir avec les raisins que j' aime beaucoup n' est pas rond <eos>,12,rond,ronde,10,M,P,rond,-7.1564875,ronde,-12.939293,1
6426,S_NOUN_7_ADJ_b,M,S,le miroir avec les raisins que j' aime beaucoup n' est pas froid <eos>,12,froid,froide,10,M,P,froid,-8.719293,froide,-13.567637,1
6427,S_NOUN_7_ADJ_b,M,S,le miroir avec les raisins que j' aime beaucoup n' est pas chaud <eos>,12,chaud,chaude,10,M,P,chaud,-7.902665,chaude,-12.8524065,1
6428,S_NOUN_7_ADJ_b,M,S,le miroir avec les raisins que j' aime beaucoup n' est pas important <eos>,12,important,importante,10,M,P,important,-8.242757,importante,-12.353893,1
6429,S_NOUN_7_ADJ_b,M,S,le miroir avec les raisins que j' aime beaucoup n' est pas court <eos>,12,court,courte,10,M,P,court,-9.795071,courte,-13.866803,1
6430,S_NOUN_7_ADJ_b,M,S,le miroir avec les raisins que j' aime beaucoup n' est pas dur <eos>,12,dur,dure,10,M,P,dur,-8.988792,dure,-10.813783,1
6431,S_NOUN_7_ADJ_b,M,S,le miroir avec les raisins que j' aime beaucoup n' est pas clair <eos>,12,clair,claire,10,M,P,clair,-4.274185,claire,-8.402037,1
6432,S_NOUN_7_ADJ_b,M,S,le miroir avec les raisins que j' aime beaucoup n' est pas intéressant <eos>,12,intéressant,intéressante,10,M,P,intéressant,-8.21792,intéressante,-12.759718,1
6433,S_NOUN_7_ADJ_b,M,S,le miroir avec les raisins que j' aime beaucoup n' est pas brillant <eos>,12,brillant,brillante,10,M,P,brillant,-7.6778135,brillante,-12.111979,1
6434,S_NOUN_7_ADJ_b,M,S,le miroir avec les raisins que j' aime beaucoup n' est pas compliqué <eos>,12,compliqué,compliquée,10,M,P,compliqué,-9.137631,compliquée,-13.6168165,1
6435,S_NOUN_7_ADJ_b,M,S,le miroir avec les chargeurs que j' aime beaucoup n' est pas vert <eos>,12,vert,verte,10,M,P,vert,-9.20692,verte,-12.558491,1
6436,S_NOUN_7_ADJ_b,M,S,le miroir avec les chargeurs que j' aime beaucoup n' est pas bleu <eos>,12,bleu,bleue,10,M,P,bleu,-8.651904,bleue,-13.0269165,1
6437,S_NOUN_7_ADJ_b,M,S,le miroir avec les chargeurs que j' aime beaucoup n' est pas noir <eos>,12,noir,noire,10,M,P,noir,-6.6691213,noire,-12.58404,1
6438,S_NOUN_7_ADJ_b,M,S,le miroir avec les chargeurs que j' aime beaucoup n' est pas délicat <eos>,12,délicat,délicate,10,M,P,délicat,-10.107735,délicate,-15.6947155,1
6439,S_NOUN_7_ADJ_b,M,S,le miroir avec les chargeurs que j' aime beaucoup n' est pas pointu <eos>,12,pointu,pointue,10,M,P,pointu,-9.660665,pointue,-14.922077,1
6440,S_NOUN_7_ADJ_b,M,S,le miroir avec les chargeurs que j' aime beaucoup n' est pas rond <eos>,12,rond,ronde,10,M,P,rond,-7.6968985,ronde,-12.226297,1
6441,S_NOUN_7_ADJ_b,M,S,le miroir avec les chargeurs que j' aime beaucoup n' est pas froid <eos>,12,froid,froide,10,M,P,froid,-10.316126,froide,-14.734224,1
6442,S_NOUN_7_ADJ_b,M,S,le miroir avec les chargeurs que j' aime beaucoup n' est pas chaud <eos>,12,chaud,chaude,10,M,P,chaud,-9.002825,chaude,-14.608379,1
6443,S_NOUN_7_ADJ_b,M,S,le miroir avec les chargeurs que j' aime beaucoup n' est pas important <eos>,12,important,importante,10,M,P,important,-7.957775,importante,-12.028508,1
6444,S_NOUN_7_ADJ_b,M,S,le miroir avec les chargeurs que j' aime beaucoup n' est pas court <eos>,12,court,courte,10,M,P,court,-9.554392,courte,-13.175121,1
6445,S_NOUN_7_ADJ_b,M,S,le miroir avec les chargeurs que j' aime beaucoup n' est pas dur <eos>,12,dur,dure,10,M,P,dur,-9.086321,dure,-12.366424,1
6446,S_NOUN_7_ADJ_b,M,S,le miroir avec les chargeurs que j' aime beaucoup n' est pas clair <eos>,12,clair,claire,10,M,P,clair,-6.020377,claire,-9.809291,1
6447,S_NOUN_7_ADJ_b,M,S,le miroir avec les chargeurs que j' aime beaucoup n' est pas intéressant <eos>,12,intéressant,intéressante,10,M,P,intéressant,-7.765291,intéressante,-12.546788,1
6448,S_NOUN_7_ADJ_b,M,S,le miroir avec les chargeurs que j' aime beaucoup n' est pas brillant <eos>,12,brillant,brillante,10,M,P,brillant,-7.8322067,brillante,-12.365303,1
6449,S_NOUN_7_ADJ_b,M,S,le miroir avec les chargeurs que j' aime beaucoup n' est pas compliqué <eos>,12,compliqué,compliquée,10,M,P,compliqué,-9.435291,compliquée,-13.979982,1
6450,S_NOUN_7_ADJ_b,M,S,le miroir avec les vases que j' aime beaucoup n' est pas vert <eos>,12,vert,verte,10,M,P,vert,-8.380389,verte,-12.583585,1
6451,S_NOUN_7_ADJ_b,M,S,le miroir avec les vases que j' aime beaucoup n' est pas bleu <eos>,12,bleu,bleue,10,M,P,bleu,-7.766263,bleue,-12.107888,1
6452,S_NOUN_7_ADJ_b,M,S,le miroir avec les vases que j' aime beaucoup n' est pas noir <eos>,12,noir,noire,10,M,P,noir,-6.3420877,noire,-12.754733,1
6453,S_NOUN_7_ADJ_b,M,S,le miroir avec les vases que j' aime beaucoup n' est pas délicat <eos>,12,délicat,délicate,10,M,P,délicat,-9.800259,délicate,-14.663367,1
6454,S_NOUN_7_ADJ_b,M,S,le miroir avec les vases que j' aime beaucoup n' est pas pointu <eos>,12,pointu,pointue,10,M,P,pointu,-10.576948,pointue,-15.438566,1
6455,S_NOUN_7_ADJ_b,M,S,le miroir avec les vases que j' aime beaucoup n' est pas rond <eos>,12,rond,ronde,10,M,P,rond,-6.512678,ronde,-11.72132,1
6456,S_NOUN_7_ADJ_b,M,S,le miroir avec les vases que j' aime beaucoup n' est pas froid <eos>,12,froid,froide,10,M,P,froid,-9.584,froide,-14.068891,1
6457,S_NOUN_7_ADJ_b,M,S,le miroir avec les vases que j' aime beaucoup n' est pas chaud <eos>,12,chaud,chaude,10,M,P,chaud,-8.658619,chaude,-13.193064,1
6458,S_NOUN_7_ADJ_b,M,S,le miroir avec les vases que j' aime beaucoup n' est pas important <eos>,12,important,importante,10,M,P,important,-8.2634115,importante,-12.500826,1
6459,S_NOUN_7_ADJ_b,M,S,le miroir avec les vases que j' aime beaucoup n' est pas court <eos>,12,court,courte,10,M,P,court,-10.089756,courte,-13.767786,1
6460,S_NOUN_7_ADJ_b,M,S,le miroir avec les vases que j' aime beaucoup n' est pas dur <eos>,12,dur,dure,10,M,P,dur,-9.216286,dure,-11.5815735,1
6461,S_NOUN_7_ADJ_b,M,S,le miroir avec les vases que j' aime beaucoup n' est pas clair <eos>,12,clair,claire,10,M,P,clair,-4.691574,claire,-8.32305,1
6462,S_NOUN_7_ADJ_b,M,S,le miroir avec les vases que j' aime beaucoup n' est pas intéressant <eos>,12,intéressant,intéressante,10,M,P,intéressant,-8.6353855,intéressante,-13.082088,1
6463,S_NOUN_7_ADJ_b,M,S,le miroir avec les vases que j' aime beaucoup n' est pas brillant <eos>,12,brillant,brillante,10,M,P,brillant,-7.403883,brillante,-11.73806,1
6464,S_NOUN_7_ADJ_b,M,S,le miroir avec les vases que j' aime beaucoup n' est pas compliqué <eos>,12,compliqué,compliquée,10,M,P,compliqué,-9.555025,compliquée,-13.7264805,1
6465,S_NOUN_7_ADJ_b,M,S,le miroir avec les paniers que j' aime beaucoup n' est pas vert <eos>,12,vert,verte,10,M,P,vert,-8.636964,verte,-12.850993,1
6466,S_NOUN_7_ADJ_b,M,S,le miroir avec les paniers que j' aime beaucoup n' est pas bleu <eos>,12,bleu,bleue,10,M,P,bleu,-8.278418,bleue,-12.777398,1
6467,S_NOUN_7_ADJ_b,M,S,le miroir avec les paniers que j' aime beaucoup n' est pas noir <eos>,12,noir,noire,10,M,P,noir,-6.218876,noire,-12.84621,1
6468,S_NOUN_7_ADJ_b,M,S,le miroir avec les paniers que j' aime beaucoup n' est pas délicat <eos>,12,délicat,délicate,10,M,P,délicat,-9.536755,délicate,-15.062122,1
6469,S_NOUN_7_ADJ_b,M,S,le miroir avec les paniers que j' aime beaucoup n' est pas pointu <eos>,12,pointu,pointue,10,M,P,pointu,-9.634079,pointue,-14.737763,1
6470,S_NOUN_7_ADJ_b,M,S,le miroir avec les paniers que j' aime beaucoup n' est pas rond <eos>,12,rond,ronde,10,M,P,rond,-6.6747055,ronde,-12.195916,1
6471,S_NOUN_7_ADJ_b,M,S,le miroir avec les paniers que j' aime beaucoup n' est pas froid <eos>,12,froid,froide,10,M,P,froid,-10.212366,froide,-15.187513,1
6472,S_NOUN_7_ADJ_b,M,S,le miroir avec les paniers que j' aime beaucoup n' est pas chaud <eos>,12,chaud,chaude,10,M,P,chaud,-9.250935,chaude,-14.680574,1
6473,S_NOUN_7_ADJ_b,M,S,le miroir avec les paniers que j' aime beaucoup n' est pas important <eos>,12,important,importante,10,M,P,important,-8.045586,importante,-12.470314,1
6474,S_NOUN_7_ADJ_b,M,S,le miroir avec les paniers que j' aime beaucoup n' est pas court <eos>,12,court,courte,10,M,P,court,-9.214073,courte,-13.129299,1
6475,S_NOUN_7_ADJ_b,M,S,le miroir avec les paniers que j' aime beaucoup n' est pas dur <eos>,12,dur,dure,10,M,P,dur,-8.284658,dure,-11.438896,1
6476,S_NOUN_7_ADJ_b,M,S,le miroir avec les paniers que j' aime beaucoup n' est pas clair <eos>,12,clair,claire,10,M,P,clair,-5.284853,claire,-9.374417,1
6477,S_NOUN_7_ADJ_b,M,S,le miroir avec les paniers que j' aime beaucoup n' est pas intéressant <eos>,12,intéressant,intéressante,10,M,P,intéressant,-7.9385295,intéressante,-13.236168,1
6478,S_NOUN_7_ADJ_b,M,S,le miroir avec les paniers que j' aime beaucoup n' est pas brillant <eos>,12,brillant,brillante,10,M,P,brillant,-7.552399,brillante,-11.704283,1
6479,S_NOUN_7_ADJ_b,M,S,le miroir avec les paniers que j' aime beaucoup n' est pas compliqué <eos>,12,compliqué,compliquée,10,M,P,compliqué,-9.189236,compliquée,-13.510597,1
6480,S_NOUN_7_ADJ_b,M,S,le miroir avec les colliers que j' aime beaucoup n' est pas vert <eos>,12,vert,verte,10,M,P,vert,-8.769146,verte,-12.6017685,1
6481,S_NOUN_7_ADJ_b,M,S,le miroir avec les colliers que j' aime beaucoup n' est pas bleu <eos>,12,bleu,bleue,10,M,P,bleu,-7.9409823,bleue,-12.267097,1
6482,S_NOUN_7_ADJ_b,M,S,le miroir avec les colliers que j' aime beaucoup n' est pas noir <eos>,12,noir,noire,10,M,P,noir,-6.1031103,noire,-12.437099,1
6483,S_NOUN_7_ADJ_b,M,S,le miroir avec les colliers que j' aime beaucoup n' est pas délicat <eos>,12,délicat,délicate,10,M,P,délicat,-9.761134,délicate,-14.806618,1
6484,S_NOUN_7_ADJ_b,M,S,le miroir avec les colliers que j' aime beaucoup n' est pas pointu <eos>,12,pointu,pointue,10,M,P,pointu,-9.879782,pointue,-15.106928,1
6485,S_NOUN_7_ADJ_b,M,S,le miroir avec les colliers que j' aime beaucoup n' est pas rond <eos>,12,rond,ronde,10,M,P,rond,-6.955957,ronde,-12.295803,1
6486,S_NOUN_7_ADJ_b,M,S,le miroir avec les colliers que j' aime beaucoup n' est pas froid <eos>,12,froid,froide,10,M,P,froid,-10.354696,froide,-15.000107,1
6487,S_NOUN_7_ADJ_b,M,S,le miroir avec les colliers que j' aime beaucoup n' est pas chaud <eos>,12,chaud,chaude,10,M,P,chaud,-9.227041,chaude,-14.8393135,1
6488,S_NOUN_7_ADJ_b,M,S,le miroir avec les colliers que j' aime beaucoup n' est pas important <eos>,12,important,importante,10,M,P,important,-8.302582,importante,-12.716854,1
6489,S_NOUN_7_ADJ_b,M,S,le miroir avec les colliers que j' aime beaucoup n' est pas court <eos>,12,court,courte,10,M,P,court,-9.640155,courte,-13.3798275,1
6490,S_NOUN_7_ADJ_b,M,S,le miroir avec les colliers que j' aime beaucoup n' est pas dur <eos>,12,dur,dure,10,M,P,dur,-8.44359,dure,-11.681733,1
6491,S_NOUN_7_ADJ_b,M,S,le miroir avec les colliers que j' aime beaucoup n' est pas clair <eos>,12,clair,claire,10,M,P,clair,-5.1814194,claire,-9.265962,1
6492,S_NOUN_7_ADJ_b,M,S,le miroir avec les colliers que j' aime beaucoup n' est pas intéressant <eos>,12,intéressant,intéressante,10,M,P,intéressant,-8.103185,intéressante,-13.549954,1
6493,S_NOUN_7_ADJ_b,M,S,le miroir avec les colliers que j' aime beaucoup n' est pas brillant <eos>,12,brillant,brillante,10,M,P,brillant,-6.9618134,brillante,-11.3347225,1
6494,S_NOUN_7_ADJ_b,M,S,le miroir avec les colliers que j' aime beaucoup n' est pas compliqué <eos>,12,compliqué,compliquée,10,M,P,compliqué,-9.185558,compliquée,-13.401291,1
6495,S_NOUN_7_ADJ_b,M,S,le miroir avec les chapeaux que j' aime beaucoup n' est pas vert <eos>,12,vert,verte,10,M,P,vert,-8.583046,verte,-12.708298,1
6496,S_NOUN_7_ADJ_b,M,S,le miroir avec les chapeaux que j' aime beaucoup n' est pas bleu <eos>,12,bleu,bleue,10,M,P,bleu,-7.87191,bleue,-12.37782,1
6497,S_NOUN_7_ADJ_b,M,S,le miroir avec les chapeaux que j' aime beaucoup n' est pas noir <eos>,12,noir,noire,10,M,P,noir,-5.988244,noire,-12.540854,1
6498,S_NOUN_7_ADJ_b,M,S,le miroir avec les chapeaux que j' aime beaucoup n' est pas délicat <eos>,12,délicat,délicate,10,M,P,délicat,-9.774906,délicate,-15.2241955,1
6499,S_NOUN_7_ADJ_b,M,S,le miroir avec les chapeaux que j' aime beaucoup n' est pas pointu <eos>,12,pointu,pointue,10,M,P,pointu,-10.034132,pointue,-15.16466,1
6500,S_NOUN_7_ADJ_b,M,S,le miroir avec les chapeaux que j' aime beaucoup n' est pas rond <eos>,12,rond,ronde,10,M,P,rond,-6.966567,ronde,-12.113497,1
6501,S_NOUN_7_ADJ_b,M,S,le miroir avec les chapeaux que j' aime beaucoup n' est pas froid <eos>,12,froid,froide,10,M,P,froid,-9.691687,froide,-14.545892,1
6502,S_NOUN_7_ADJ_b,M,S,le miroir avec les chapeaux que j' aime beaucoup n' est pas chaud <eos>,12,chaud,chaude,10,M,P,chaud,-8.878094,chaude,-14.508584,1
6503,S_NOUN_7_ADJ_b,M,S,le miroir avec les chapeaux que j' aime beaucoup n' est pas important <eos>,12,important,importante,10,M,P,important,-8.490959,importante,-12.835977,1
6504,S_NOUN_7_ADJ_b,M,S,le miroir avec les chapeaux que j' aime beaucoup n' est pas court <eos>,12,court,courte,10,M,P,court,-9.406658,courte,-13.497166,1
6505,S_NOUN_7_ADJ_b,M,S,le miroir avec les chapeaux que j' aime beaucoup n' est pas dur <eos>,12,dur,dure,10,M,P,dur,-8.378131,dure,-11.4162,1
6506,S_NOUN_7_ADJ_b,M,S,le miroir avec les chapeaux que j' aime beaucoup n' est pas clair <eos>,12,clair,claire,10,M,P,clair,-5.2094088,claire,-9.261219,1
6507,S_NOUN_7_ADJ_b,M,S,le miroir avec les chapeaux que j' aime beaucoup n' est pas intéressant <eos>,12,intéressant,intéressante,10,M,P,intéressant,-8.067356,intéressante,-13.470616,1
6508,S_NOUN_7_ADJ_b,M,S,le miroir avec les chapeaux que j' aime beaucoup n' est pas brillant <eos>,12,brillant,brillante,10,M,P,brillant,-7.4358563,brillante,-11.710369,1
6509,S_NOUN_7_ADJ_b,M,S,le miroir avec les chapeaux que j' aime beaucoup n' est pas compliqué <eos>,12,compliqué,compliquée,10,M,P,compliqué,-9.305636,compliquée,-13.780951,1
6510,S_NOUN_7_ADJ_b,M,S,le miroir avec les pots que j' aime beaucoup n' est pas vert <eos>,12,vert,verte,10,M,P,vert,-8.359435,verte,-12.472107,1
6511,S_NOUN_7_ADJ_b,M,S,le miroir avec les pots que j' aime beaucoup n' est pas bleu <eos>,12,bleu,bleue,10,M,P,bleu,-7.693528,bleue,-11.996658,1
6512,S_NOUN_7_ADJ_b,M,S,le miroir avec les pots que j' aime beaucoup n' est pas noir <eos>,12,noir,noire,10,M,P,noir,-6.053954,noire,-12.7179365,1
6513,S_NOUN_7_ADJ_b,M,S,le miroir avec les pots que j' aime beaucoup n' est pas délicat <eos>,12,délicat,délicate,10,M,P,délicat,-9.719511,délicate,-14.966946,1
6514,S_NOUN_7_ADJ_b,M,S,le miroir avec les pots que j' aime beaucoup n' est pas pointu <eos>,12,pointu,pointue,10,M,P,pointu,-10.901744,pointue,-15.894163,1
6515,S_NOUN_7_ADJ_b,M,S,le miroir avec les pots que j' aime beaucoup n' est pas rond <eos>,12,rond,ronde,10,M,P,rond,-7.1358366,ronde,-12.411675,1
6516,S_NOUN_7_ADJ_b,M,S,le miroir avec les pots que j' aime beaucoup n' est pas froid <eos>,12,froid,froide,10,M,P,froid,-9.112899,froide,-13.429832,1
6517,S_NOUN_7_ADJ_b,M,S,le miroir avec les pots que j' aime beaucoup n' est pas chaud <eos>,12,chaud,chaude,10,M,P,chaud,-8.203831,chaude,-13.198378,1
6518,S_NOUN_7_ADJ_b,M,S,le miroir avec les pots que j' aime beaucoup n' est pas important <eos>,12,important,importante,10,M,P,important,-8.536245,importante,-12.944748,1
6519,S_NOUN_7_ADJ_b,M,S,le miroir avec les pots que j' aime beaucoup n' est pas court <eos>,12,court,courte,10,M,P,court,-10.109007,courte,-13.96175,1
6520,S_NOUN_7_ADJ_b,M,S,le miroir avec les pots que j' aime beaucoup n' est pas dur <eos>,12,dur,dure,10,M,P,dur,-8.4169235,dure,-11.187135,1
6521,S_NOUN_7_ADJ_b,M,S,le miroir avec les pots que j' aime beaucoup n' est pas clair <eos>,12,clair,claire,10,M,P,clair,-4.9656687,claire,-8.782215,1
6522,S_NOUN_7_ADJ_b,M,S,le miroir avec les pots que j' aime beaucoup n' est pas intéressant <eos>,12,intéressant,intéressante,10,M,P,intéressant,-8.365469,intéressante,-12.896196,1
6523,S_NOUN_7_ADJ_b,M,S,le miroir avec les pots que j' aime beaucoup n' est pas brillant <eos>,12,brillant,brillante,10,M,P,brillant,-7.377783,brillante,-11.807398,1
6524,S_NOUN_7_ADJ_b,M,S,le miroir avec les pots que j' aime beaucoup n' est pas compliqué <eos>,12,compliqué,compliquée,10,M,P,compliqué,-9.373121,compliquée,-13.685912,1
6525,S_NOUN_7_ADJ_b,M,S,le miroir avec les coussins que j' aime beaucoup n' est pas vert <eos>,12,vert,verte,10,M,P,vert,-8.677517,verte,-12.165579,1
6526,S_NOUN_7_ADJ_b,M,S,le miroir avec les coussins que j' aime beaucoup n' est pas bleu <eos>,12,bleu,bleue,10,M,P,bleu,-8.062117,bleue,-11.875372,1
6527,S_NOUN_7_ADJ_b,M,S,le miroir avec les coussins que j' aime beaucoup n' est pas noir <eos>,12,noir,noire,10,M,P,noir,-6.1581764,noire,-12.445512,1
6528,S_NOUN_7_ADJ_b,M,S,le miroir avec les coussins que j' aime beaucoup n' est pas délicat <eos>,12,délicat,délicate,10,M,P,délicat,-9.866089,délicate,-14.732933,1
6529,S_NOUN_7_ADJ_b,M,S,le miroir avec les coussins que j' aime beaucoup n' est pas pointu <eos>,12,pointu,pointue,10,M,P,pointu,-9.961724,pointue,-15.140522,1
6530,S_NOUN_7_ADJ_b,M,S,le miroir avec les coussins que j' aime beaucoup n' est pas rond <eos>,12,rond,ronde,10,M,P,rond,-6.7171454,ronde,-12.4456215,1
6531,S_NOUN_7_ADJ_b,M,S,le miroir avec les coussins que j' aime beaucoup n' est pas froid <eos>,12,froid,froide,10,M,P,froid,-10.140322,froide,-14.172619,1
6532,S_NOUN_7_ADJ_b,M,S,le miroir avec les coussins que j' aime beaucoup n' est pas chaud <eos>,12,chaud,chaude,10,M,P,chaud,-8.808769,chaude,-13.94399,1
6533,S_NOUN_7_ADJ_b,M,S,le miroir avec les coussins que j' aime beaucoup n' est pas important <eos>,12,important,importante,10,M,P,important,-8.37791,importante,-12.538667,1
6534,S_NOUN_7_ADJ_b,M,S,le miroir avec les coussins que j' aime beaucoup n' est pas court <eos>,12,court,courte,10,M,P,court,-9.616623,courte,-13.398622,1
6535,S_NOUN_7_ADJ_b,M,S,le miroir avec les coussins que j' aime beaucoup n' est pas dur <eos>,12,dur,dure,10,M,P,dur,-8.673071,dure,-11.514799,1
6536,S_NOUN_7_ADJ_b,M,S,le miroir avec les coussins que j' aime beaucoup n' est pas clair <eos>,12,clair,claire,10,M,P,clair,-5.4941278,claire,-8.688335,1
6537,S_NOUN_7_ADJ_b,M,S,le miroir avec les coussins que j' aime beaucoup n' est pas intéressant <eos>,12,intéressant,intéressante,10,M,P,intéressant,-8.218138,intéressante,-12.708004,1
6538,S_NOUN_7_ADJ_b,M,S,le miroir avec les coussins que j' aime beaucoup n' est pas brillant <eos>,12,brillant,brillante,10,M,P,brillant,-7.2331676,brillante,-11.417815,1
6539,S_NOUN_7_ADJ_b,M,S,le miroir avec les coussins que j' aime beaucoup n' est pas compliqué <eos>,12,compliqué,compliquée,10,M,P,compliqué,-9.275114,compliquée,-12.941044,1
6540,S_NOUN_7_ADJ_b,M,S,le miroir avec les jouets que j' aime beaucoup n' est pas vert <eos>,12,vert,verte,10,M,P,vert,-9.3116865,verte,-13.035842,1
6541,S_NOUN_7_ADJ_b,M,S,le miroir avec les jouets que j' aime beaucoup n' est pas bleu <eos>,12,bleu,bleue,10,M,P,bleu,-8.828589,bleue,-12.716968,1
6542,S_NOUN_7_ADJ_b,M,S,le miroir avec les jouets que j' aime beaucoup n' est pas noir <eos>,12,noir,noire,10,M,P,noir,-6.636546,noire,-13.015155,1
6543,S_NOUN_7_ADJ_b,M,S,le miroir avec les jouets que j' aime beaucoup n' est pas délicat <eos>,12,délicat,délicate,10,M,P,délicat,-10.309551,délicate,-15.513718,1
6544,S_NOUN_7_ADJ_b,M,S,le miroir avec les jouets que j' aime beaucoup n' est pas pointu <eos>,12,pointu,pointue,10,M,P,pointu,-10.68464,pointue,-15.866397,1
6545,S_NOUN_7_ADJ_b,M,S,le miroir avec les jouets que j' aime beaucoup n' est pas rond <eos>,12,rond,ronde,10,M,P,rond,-6.915288,ronde,-12.38348,1
6546,S_NOUN_7_ADJ_b,M,S,le miroir avec les jouets que j' aime beaucoup n' est pas froid <eos>,12,froid,froide,10,M,P,froid,-9.408067,froide,-13.793013,1
6547,S_NOUN_7_ADJ_b,M,S,le miroir avec les jouets que j' aime beaucoup n' est pas chaud <eos>,12,chaud,chaude,10,M,P,chaud,-8.595789,chaude,-13.597286,1
6548,S_NOUN_7_ADJ_b,M,S,le miroir avec les jouets que j' aime beaucoup n' est pas important <eos>,12,important,importante,10,M,P,important,-8.495273,importante,-12.872186,1
6549,S_NOUN_7_ADJ_b,M,S,le miroir avec les jouets que j' aime beaucoup n' est pas court <eos>,12,court,courte,10,M,P,court,-9.599068,courte,-13.659733,1
6550,S_NOUN_7_ADJ_b,M,S,le miroir avec les jouets que j' aime beaucoup n' est pas dur <eos>,12,dur,dure,10,M,P,dur,-8.856965,dure,-11.6355505,1
6551,S_NOUN_7_ADJ_b,M,S,le miroir avec les jouets que j' aime beaucoup n' est pas clair <eos>,12,clair,claire,10,M,P,clair,-5.840951,claire,-9.293239,1
6552,S_NOUN_7_ADJ_b,M,S,le miroir avec les jouets que j' aime beaucoup n' est pas intéressant <eos>,12,intéressant,intéressante,10,M,P,intéressant,-8.290384,intéressante,-12.626099,1
6553,S_NOUN_7_ADJ_b,M,S,le miroir avec les jouets que j' aime beaucoup n' est pas brillant <eos>,12,brillant,brillante,10,M,P,brillant,-8.489828,brillante,-12.603935,1
6554,S_NOUN_7_ADJ_b,M,S,le miroir avec les jouets que j' aime beaucoup n' est pas compliqué <eos>,12,compliqué,compliquée,10,M,P,compliqué,-9.554895,compliquée,-13.136137,1
6555,S_NOUN_7_ADJ_b,M,S,le miroir avec les clous que j' aime beaucoup n' est pas vert <eos>,12,vert,verte,10,M,P,vert,-8.65667,verte,-12.956308,1
6556,S_NOUN_7_ADJ_b,M,S,le miroir avec les clous que j' aime beaucoup n' est pas bleu <eos>,12,bleu,bleue,10,M,P,bleu,-8.009318,bleue,-13.029121,1
6557,S_NOUN_7_ADJ_b,M,S,le miroir avec les clous que j' aime beaucoup n' est pas noir <eos>,12,noir,noire,10,M,P,noir,-6.2686777,noire,-12.653256,1
6558,S_NOUN_7_ADJ_b,M,S,le miroir avec les clous que j' aime beaucoup n' est pas délicat <eos>,12,délicat,délicate,10,M,P,délicat,-9.322136,délicate,-14.540045,1
6559,S_NOUN_7_ADJ_b,M,S,le miroir avec les clous que j' aime beaucoup n' est pas pointu <eos>,12,pointu,pointue,10,M,P,pointu,-9.604274,pointue,-14.561224,1
6560,S_NOUN_7_ADJ_b,M,S,le miroir avec les clous que j' aime beaucoup n' est pas rond <eos>,12,rond,ronde,10,M,P,rond,-6.589575,ronde,-12.583332,1
6561,S_NOUN_7_ADJ_b,M,S,le miroir avec les clous que j' aime beaucoup n' est pas froid <eos>,12,froid,froide,10,M,P,froid,-10.055254,froide,-15.351956,1
6562,S_NOUN_7_ADJ_b,M,S,le miroir avec les clous que j' aime beaucoup n' est pas chaud <eos>,12,chaud,chaude,10,M,P,chaud,-8.941461,chaude,-14.395212,1
6563,S_NOUN_7_ADJ_b,M,S,le miroir avec les clous que j' aime beaucoup n' est pas important <eos>,12,important,importante,10,M,P,important,-8.317271,importante,-12.663757,1
6564,S_NOUN_7_ADJ_b,M,S,le miroir avec les clous que j' aime beaucoup n' est pas court <eos>,12,court,courte,10,M,P,court,-9.088182,courte,-13.268223,1
6565,S_NOUN_7_ADJ_b,M,S,le miroir avec les clous que j' aime beaucoup n' est pas dur <eos>,12,dur,dure,10,M,P,dur,-8.334017,dure,-11.260117,1
6566,S_NOUN_7_ADJ_b,M,S,le miroir avec les clous que j' aime beaucoup n' est pas clair <eos>,12,clair,claire,10,M,P,clair,-5.079448,claire,-9.01815,1
6567,S_NOUN_7_ADJ_b,M,S,le miroir avec les clous que j' aime beaucoup n' est pas intéressant <eos>,12,intéressant,intéressante,10,M,P,intéressant,-8.088205,intéressante,-13.626095,1
6568,S_NOUN_7_ADJ_b,M,S,le miroir avec les clous que j' aime beaucoup n' est pas brillant <eos>,12,brillant,brillante,10,M,P,brillant,-6.9664774,brillante,-12.261385,1
6569,S_NOUN_7_ADJ_b,M,S,le miroir avec les clous que j' aime beaucoup n' est pas compliqué <eos>,12,compliqué,compliquée,10,M,P,compliqué,-9.315059,compliquée,-13.762445,1
6570,S_NOUN_7_ADJ_b,M,S,le miroir avec les billets que j' aime beaucoup n' est pas vert <eos>,12,vert,verte,10,M,P,vert,-9.063057,verte,-12.862453,1
6571,S_NOUN_7_ADJ_b,M,S,le miroir avec les billets que j' aime beaucoup n' est pas bleu <eos>,12,bleu,bleue,10,M,P,bleu,-8.376895,bleue,-12.549147,1
6572,S_NOUN_7_ADJ_b,M,S,le miroir avec les billets que j' aime beaucoup n' est pas noir <eos>,12,noir,noire,10,M,P,noir,-6.2622757,noire,-12.958928,1
6573,S_NOUN_7_ADJ_b,M,S,le miroir avec les billets que j' aime beaucoup n' est pas délicat <eos>,12,délicat,délicate,10,M,P,délicat,-10.2863455,délicate,-16.274544,1
6574,S_NOUN_7_ADJ_b,M,S,le miroir avec les billets que j' aime beaucoup n' est pas pointu <eos>,12,pointu,pointue,10,M,P,pointu,-10.836217,pointue,-16.04126,1
6575,S_NOUN_7_ADJ_b,M,S,le miroir avec les billets que j' aime beaucoup n' est pas rond <eos>,12,rond,ronde,10,M,P,rond,-7.404504,ronde,-12.330233,1
6576,S_NOUN_7_ADJ_b,M,S,le miroir avec les billets que j' aime beaucoup n' est pas froid <eos>,12,froid,froide,10,M,P,froid,-10.346505,froide,-14.6466675,1
6577,S_NOUN_7_ADJ_b,M,S,le miroir avec les billets que j' aime beaucoup n' est pas chaud <eos>,12,chaud,chaude,10,M,P,chaud,-9.205563,chaude,-14.349346,1
6578,S_NOUN_7_ADJ_b,M,S,le miroir avec les billets que j' aime beaucoup n' est pas important <eos>,12,important,importante,10,M,P,important,-8.160202,importante,-12.351218,1
6579,S_NOUN_7_ADJ_b,M,S,le miroir avec les billets que j' aime beaucoup n' est pas court <eos>,12,court,courte,10,M,P,court,-9.268667,courte,-13.488234,1
6580,S_NOUN_7_ADJ_b,M,S,le miroir avec les billets que j' aime beaucoup n' est pas dur <eos>,12,dur,dure,10,M,P,dur,-8.92061,dure,-11.68335,1
6581,S_NOUN_7_ADJ_b,M,S,le miroir avec les billets que j' aime beaucoup n' est pas clair <eos>,12,clair,claire,10,M,P,clair,-5.6682796,claire,-9.77682,1
6582,S_NOUN_7_ADJ_b,M,S,le miroir avec les billets que j' aime beaucoup n' est pas intéressant <eos>,12,intéressant,intéressante,10,M,P,intéressant,-7.9412994,intéressante,-12.905288,1
6583,S_NOUN_7_ADJ_b,M,S,le miroir avec les billets que j' aime beaucoup n' est pas brillant <eos>,12,brillant,brillante,10,M,P,brillant,-8.324339,brillante,-12.109286,1
6584,S_NOUN_7_ADJ_b,M,S,le miroir avec les billets que j' aime beaucoup n' est pas compliqué <eos>,12,compliqué,compliquée,10,M,P,compliqué,-9.569891,compliquée,-14.436011,1
6585,S_NOUN_7_ADJ_b,M,S,le miroir avec les légumes que j' aime beaucoup n' est pas vert <eos>,12,vert,verte,10,M,P,vert,-8.650724,verte,-12.874662,1
6586,S_NOUN_7_ADJ_b,M,S,le miroir avec les légumes que j' aime beaucoup n' est pas bleu <eos>,12,bleu,bleue,10,M,P,bleu,-8.413491,bleue,-12.813246,1
6587,S_NOUN_7_ADJ_b,M,S,le miroir avec les légumes que j' aime beaucoup n' est pas noir <eos>,12,noir,noire,10,M,P,noir,-6.3507466,noire,-13.32217,1
6588,S_NOUN_7_ADJ_b,M,S,le miroir avec les légumes que j' aime beaucoup n' est pas délicat <eos>,12,délicat,délicate,10,M,P,délicat,-9.035877,délicate,-14.625147,1
6589,S_NOUN_7_ADJ_b,M,S,le miroir avec les légumes que j' aime beaucoup n' est pas pointu <eos>,12,pointu,pointue,10,M,P,pointu,-10.671936,pointue,-15.92942,1
6590,S_NOUN_7_ADJ_b,M,S,le miroir avec les légumes que j' aime beaucoup n' est pas rond <eos>,12,rond,ronde,10,M,P,rond,-7.0166764,ronde,-12.22105,1
6591,S_NOUN_7_ADJ_b,M,S,le miroir avec les légumes que j' aime beaucoup n' est pas froid <eos>,12,froid,froide,10,M,P,froid,-8.746874,froide,-13.740519,1
6592,S_NOUN_7_ADJ_b,M,S,le miroir avec les légumes que j' aime beaucoup n' est pas chaud <eos>,12,chaud,chaude,10,M,P,chaud,-7.885112,chaude,-13.435711,1
6593,S_NOUN_7_ADJ_b,M,S,le miroir avec les légumes que j' aime beaucoup n' est pas important <eos>,12,important,importante,10,M,P,important,-8.177944,importante,-12.515038,1
6594,S_NOUN_7_ADJ_b,M,S,le miroir avec les légumes que j' aime beaucoup n' est pas court <eos>,12,court,courte,10,M,P,court,-9.894733,courte,-13.737285,1
6595,S_NOUN_7_ADJ_b,M,S,le miroir avec les légumes que j' aime beaucoup n' est pas dur <eos>,12,dur,dure,10,M,P,dur,-8.100548,dure,-11.208166,1
6596,S_NOUN_7_ADJ_b,M,S,le miroir avec les légumes que j' aime beaucoup n' est pas clair <eos>,12,clair,claire,10,M,P,clair,-4.782368,claire,-8.998838,1
6597,S_NOUN_7_ADJ_b,M,S,le miroir avec les légumes que j' aime beaucoup n' est pas intéressant <eos>,12,intéressant,intéressante,10,M,P,intéressant,-7.8279076,intéressante,-11.953292,1
6598,S_NOUN_7_ADJ_b,M,S,le miroir avec les légumes que j' aime beaucoup n' est pas brillant <eos>,12,brillant,brillante,10,M,P,brillant,-7.507716,brillante,-12.276807,1
6599,S_NOUN_7_ADJ_b,M,S,le miroir avec les légumes que j' aime beaucoup n' est pas compliqué <eos>,12,compliqué,compliquée,10,M,P,compliqué,-9.360739,compliquée,-13.440438,1
6600,S_NOUN_7_ADJ_b,M,S,le crayon avec les bracelets que j' aime beaucoup n' est pas vert <eos>,12,vert,verte,10,M,P,vert,-9.030054,verte,-12.850788,1
6601,S_NOUN_7_ADJ_b,M,S,le crayon avec les bracelets que j' aime beaucoup n' est pas bleu <eos>,12,bleu,bleue,10,M,P,bleu,-8.383791,bleue,-13.022868,1
6602,S_NOUN_7_ADJ_b,M,S,le crayon avec les bracelets que j' aime beaucoup n' est pas noir <eos>,12,noir,noire,10,M,P,noir,-6.0915284,noire,-12.022474,1
6603,S_NOUN_7_ADJ_b,M,S,le crayon avec les bracelets que j' aime beaucoup n' est pas délicat <eos>,12,délicat,délicate,10,M,P,délicat,-9.2738,délicate,-13.771481,1
6604,S_NOUN_7_ADJ_b,M,S,le crayon avec les bracelets que j' aime beaucoup n' est pas pointu <eos>,12,pointu,pointue,10,M,P,pointu,-10.244359,pointue,-14.715006,1
6605,S_NOUN_7_ADJ_b,M,S,le crayon avec les bracelets que j' aime beaucoup n' est pas rond <eos>,12,rond,ronde,10,M,P,rond,-8.211935,ronde,-12.893904,1
6606,S_NOUN_7_ADJ_b,M,S,le crayon avec les bracelets que j' aime beaucoup n' est pas froid <eos>,12,froid,froide,10,M,P,froid,-10.759319,froide,-14.540601,1
6607,S_NOUN_7_ADJ_b,M,S,le crayon avec les bracelets que j' aime beaucoup n' est pas chaud <eos>,12,chaud,chaude,10,M,P,chaud,-9.909658,chaude,-14.800575,1
6608,S_NOUN_7_ADJ_b,M,S,le crayon avec les bracelets que j' aime beaucoup n' est pas important <eos>,12,important,importante,10,M,P,important,-7.6030116,importante,-11.272661,1
6609,S_NOUN_7_ADJ_b,M,S,le crayon avec les bracelets que j' aime beaucoup n' est pas court <eos>,12,court,courte,10,M,P,court,-10.255428,courte,-13.065573,1
6610,S_NOUN_7_ADJ_b,M,S,le crayon avec les bracelets que j' aime beaucoup n' est pas dur <eos>,12,dur,dure,10,M,P,dur,-8.24515,dure,-10.940218,1
6611,S_NOUN_7_ADJ_b,M,S,le crayon avec les bracelets que j' aime beaucoup n' est pas clair <eos>,12,clair,claire,10,M,P,clair,-5.048178,claire,-8.338718,1
6612,S_NOUN_7_ADJ_b,M,S,le crayon avec les bracelets que j' aime beaucoup n' est pas intéressant <eos>,12,intéressant,intéressante,10,M,P,intéressant,-7.994773,intéressante,-12.800923,1
6613,S_NOUN_7_ADJ_b,M,S,le crayon avec les bracelets que j' aime beaucoup n' est pas brillant <eos>,12,brillant,brillante,10,M,P,brillant,-7.0423675,brillante,-10.648592,1
6614,S_NOUN_7_ADJ_b,M,S,le crayon avec les bracelets que j' aime beaucoup n' est pas compliqué <eos>,12,compliqué,compliquée,10,M,P,compliqué,-8.953186,compliquée,-13.075689,1
6615,S_NOUN_7_ADJ_b,M,S,le crayon avec les miroirs que j' aime beaucoup n' est pas vert <eos>,12,vert,verte,10,M,P,vert,-8.937899,verte,-12.348949,1
6616,S_NOUN_7_ADJ_b,M,S,le crayon avec les miroirs que j' aime beaucoup n' est pas bleu <eos>,12,bleu,bleue,10,M,P,bleu,-8.296884,bleue,-12.963495,1
6617,S_NOUN_7_ADJ_b,M,S,le crayon avec les miroirs que j' aime beaucoup n' est pas noir <eos>,12,noir,noire,10,M,P,noir,-6.3492184,noire,-12.11438,1
6618,S_NOUN_7_ADJ_b,M,S,le crayon avec les miroirs que j' aime beaucoup n' est pas délicat <eos>,12,délicat,délicate,10,M,P,délicat,-9.191769,délicate,-13.69669,1
6619,S_NOUN_7_ADJ_b,M,S,le crayon avec les miroirs que j' aime beaucoup n' est pas pointu <eos>,12,pointu,pointue,10,M,P,pointu,-10.572665,pointue,-14.787572,1
6620,S_NOUN_7_ADJ_b,M,S,le crayon avec les miroirs que j' aime beaucoup n' est pas rond <eos>,12,rond,ronde,10,M,P,rond,-8.358648,ronde,-13.095079,1
6621,S_NOUN_7_ADJ_b,M,S,le crayon avec les miroirs que j' aime beaucoup n' est pas froid <eos>,12,froid,froide,10,M,P,froid,-10.9613,froide,-14.289158,1
6622,S_NOUN_7_ADJ_b,M,S,le crayon avec les miroirs que j' aime beaucoup n' est pas chaud <eos>,12,chaud,chaude,10,M,P,chaud,-9.875704,chaude,-14.475178,1
6623,S_NOUN_7_ADJ_b,M,S,le crayon avec les miroirs que j' aime beaucoup n' est pas important <eos>,12,important,importante,10,M,P,important,-7.830557,importante,-11.49528,1
6624,S_NOUN_7_ADJ_b,M,S,le crayon avec les miroirs que j' aime beaucoup n' est pas court <eos>,12,court,courte,10,M,P,court,-10.760382,courte,-13.823625,1
6625,S_NOUN_7_ADJ_b,M,S,le crayon avec les miroirs que j' aime beaucoup n' est pas dur <eos>,12,dur,dure,10,M,P,dur,-8.218277,dure,-11.359365,1
6626,S_NOUN_7_ADJ_b,M,S,le crayon avec les miroirs que j' aime beaucoup n' est pas clair <eos>,12,clair,claire,10,M,P,clair,-4.935752,claire,-8.289327,1
6627,S_NOUN_7_ADJ_b,M,S,le crayon avec les miroirs que j' aime beaucoup n' est pas intéressant <eos>,12,intéressant,intéressante,10,M,P,intéressant,-7.9598713,intéressante,-12.7935,1
6628,S_NOUN_7_ADJ_b,M,S,le crayon avec les miroirs que j' aime beaucoup n' est pas brillant <eos>,12,brillant,brillante,10,M,P,brillant,-6.8907585,brillante,-10.6894045,1
6629,S_NOUN_7_ADJ_b,M,S,le crayon avec les miroirs que j' aime beaucoup n' est pas compliqué <eos>,12,compliqué,compliquée,10,M,P,compliqué,-9.211156,compliquée,-13.346459,1
6630,S_NOUN_7_ADJ_b,M,S,le crayon avec les crayons que j' aime beaucoup n' est pas vert <eos>,12,vert,verte,10,M,P,vert,-8.574241,verte,-13.392077,1
6631,S_NOUN_7_ADJ_b,M,S,le crayon avec les crayons que j' aime beaucoup n' est pas bleu <eos>,12,bleu,bleue,10,M,P,bleu,-8.015023,bleue,-13.021647,1
6632,S_NOUN_7_ADJ_b,M,S,le crayon avec les crayons que j' aime beaucoup n' est pas noir <eos>,12,noir,noire,10,M,P,noir,-6.1793633,noire,-12.880171,1
6633,S_NOUN_7_ADJ_b,M,S,le crayon avec les crayons que j' aime beaucoup n' est pas délicat <eos>,12,délicat,délicate,10,M,P,délicat,-9.143286,délicate,-13.878986,1
6634,S_NOUN_7_ADJ_b,M,S,le crayon avec les crayons que j' aime beaucoup n' est pas pointu <eos>,12,pointu,pointue,10,M,P,pointu,-11.939011,pointue,-15.783693,1
6635,S_NOUN_7_ADJ_b,M,S,le crayon avec les crayons que j' aime beaucoup n' est pas rond <eos>,12,rond,ronde,10,M,P,rond,-8.380891,ronde,-13.686819,1
6636,S_NOUN_7_ADJ_b,M,S,le crayon avec les crayons que j' aime beaucoup n' est pas froid <eos>,12,froid,froide,10,M,P,froid,-10.615339,froide,-14.436186,1
6637,S_NOUN_7_ADJ_b,M,S,le crayon avec les crayons que j' aime beaucoup n' est pas chaud <eos>,12,chaud,chaude,10,M,P,chaud,-9.402499,chaude,-15.05163,1
6638,S_NOUN_7_ADJ_b,M,S,le crayon avec les crayons que j' aime beaucoup n' est pas important <eos>,12,important,importante,10,M,P,important,-7.3235855,importante,-10.899438,1
6639,S_NOUN_7_ADJ_b,M,S,le crayon avec les crayons que j' aime beaucoup n' est pas court <eos>,12,court,courte,10,M,P,court,-10.71059,courte,-13.752228,1
6640,S_NOUN_7_ADJ_b,M,S,le crayon avec les crayons que j' aime beaucoup n' est pas dur <eos>,12,dur,dure,10,M,P,dur,-8.464962,dure,-10.938337,1
6641,S_NOUN_7_ADJ_b,M,S,le crayon avec les crayons que j' aime beaucoup n' est pas clair <eos>,12,clair,claire,10,M,P,clair,-4.524885,claire,-8.12107,1
6642,S_NOUN_7_ADJ_b,M,S,le crayon avec les crayons que j' aime beaucoup n' est pas intéressant <eos>,12,intéressant,intéressante,10,M,P,intéressant,-7.5359526,intéressante,-11.84218,1
6643,S_NOUN_7_ADJ_b,M,S,le crayon avec les crayons que j' aime beaucoup n' est pas brillant <eos>,12,brillant,brillante,10,M,P,brillant,-7.465252,brillante,-11.082066,1
6644,S_NOUN_7_ADJ_b,M,S,le crayon avec les crayons que j' aime beaucoup n' est pas compliqué <eos>,12,compliqué,compliquée,10,M,P,compliqué,-9.59476,compliquée,-13.514473,1
6645,S_NOUN_7_ADJ_b,M,S,le crayon avec les rideaux que j' aime beaucoup n' est pas vert <eos>,12,vert,verte,10,M,P,vert,-8.402113,verte,-12.839754,1
6646,S_NOUN_7_ADJ_b,M,S,le crayon avec les rideaux que j' aime beaucoup n' est pas bleu <eos>,12,bleu,bleue,10,M,P,bleu,-7.96828,bleue,-12.689646,1
6647,S_NOUN_7_ADJ_b,M,S,le crayon avec les rideaux que j' aime beaucoup n' est pas noir <eos>,12,noir,noire,10,M,P,noir,-5.807322,noire,-12.409126,1
6648,S_NOUN_7_ADJ_b,M,S,le crayon avec les rideaux que j' aime beaucoup n' est pas délicat <eos>,12,délicat,délicate,10,M,P,délicat,-8.774111,délicate,-13.325321,1
6649,S_NOUN_7_ADJ_b,M,S,le crayon avec les rideaux que j' aime beaucoup n' est pas pointu <eos>,12,pointu,pointue,10,M,P,pointu,-10.778416,pointue,-15.168392,1
6650,S_NOUN_7_ADJ_b,M,S,le crayon avec les rideaux que j' aime beaucoup n' est pas rond <eos>,12,rond,ronde,10,M,P,rond,-7.5723457,ronde,-12.680761,1
6651,S_NOUN_7_ADJ_b,M,S,le crayon avec les rideaux que j' aime beaucoup n' est pas froid <eos>,12,froid,froide,10,M,P,froid,-10.874905,froide,-14.025944,1
6652,S_NOUN_7_ADJ_b,M,S,le crayon avec les rideaux que j' aime beaucoup n' est pas chaud <eos>,12,chaud,chaude,10,M,P,chaud,-9.58464,chaude,-14.857458,1
6653,S_NOUN_7_ADJ_b,M,S,le crayon avec les rideaux que j' aime beaucoup n' est pas important <eos>,12,important,importante,10,M,P,important,-7.3860884,importante,-11.145869,1
6654,S_NOUN_7_ADJ_b,M,S,le crayon avec les rideaux que j' aime beaucoup n' est pas court <eos>,12,court,courte,10,M,P,court,-9.970457,courte,-13.170748,1
6655,S_NOUN_7_ADJ_b,M,S,le crayon avec les rideaux que j' aime beaucoup n' est pas dur <eos>,12,dur,dure,10,M,P,dur,-8.165827,dure,-10.571189,1
6656,S_NOUN_7_ADJ_b,M,S,le crayon avec les rideaux que j' aime beaucoup n' est pas clair <eos>,12,clair,claire,10,M,P,clair,-4.5906525,claire,-8.08077,1
6657,S_NOUN_7_ADJ_b,M,S,le crayon avec les rideaux que j' aime beaucoup n' est pas intéressant <eos>,12,intéressant,intéressante,10,M,P,intéressant,-7.9034824,intéressante,-12.334909,1
6658,S_NOUN_7_ADJ_b,M,S,le crayon avec les rideaux que j' aime beaucoup n' est pas brillant <eos>,12,brillant,brillante,10,M,P,brillant,-7.198829,brillante,-10.575144,1
6659,S_NOUN_7_ADJ_b,M,S,le crayon avec les rideaux que j' aime beaucoup n' est pas compliqué <eos>,12,compliqué,compliquée,10,M,P,compliqué,-9.203688,compliquée,-13.251444,1
6660,S_NOUN_7_ADJ_b,M,S,le crayon avec les cahiers que j' aime beaucoup n' est pas vert <eos>,12,vert,verte,10,M,P,vert,-8.95422,verte,-13.373365,1
6661,S_NOUN_7_ADJ_b,M,S,le crayon avec les cahiers que j' aime beaucoup n' est pas bleu <eos>,12,bleu,bleue,10,M,P,bleu,-8.25848,bleue,-12.993265,1
6662,S_NOUN_7_ADJ_b,M,S,le crayon avec les cahiers que j' aime beaucoup n' est pas noir <eos>,12,noir,noire,10,M,P,noir,-6.2561407,noire,-12.969788,1
6663,S_NOUN_7_ADJ_b,M,S,le crayon avec les cahiers que j' aime beaucoup n' est pas délicat <eos>,12,délicat,délicate,10,M,P,délicat,-9.198353,délicate,-14.38967,1
6664,S_NOUN_7_ADJ_b,M,S,le crayon avec les cahiers que j' aime beaucoup n' est pas pointu <eos>,12,pointu,pointue,10,M,P,pointu,-11.490905,pointue,-15.469792,1
6665,S_NOUN_7_ADJ_b,M,S,le crayon avec les cahiers que j' aime beaucoup n' est pas rond <eos>,12,rond,ronde,10,M,P,rond,-7.9264793,ronde,-13.270158,1
6666,S_NOUN_7_ADJ_b,M,S,le crayon avec les cahiers que j' aime beaucoup n' est pas froid <eos>,12,froid,froide,10,M,P,froid,-10.578322,froide,-14.824484,1
6667,S_NOUN_7_ADJ_b,M,S,le crayon avec les cahiers que j' aime beaucoup n' est pas chaud <eos>,12,chaud,chaude,10,M,P,chaud,-9.4808235,chaude,-15.576803,1
6668,S_NOUN_7_ADJ_b,M,S,le crayon avec les cahiers que j' aime beaucoup n' est pas important <eos>,12,important,importante,10,M,P,important,-7.70175,importante,-11.416042,1
6669,S_NOUN_7_ADJ_b,M,S,le crayon avec les cahiers que j' aime beaucoup n' est pas court <eos>,12,court,courte,10,M,P,court,-10.27909,courte,-13.496383,1
6670,S_NOUN_7_ADJ_b,M,S,le crayon avec les cahiers que j' aime beaucoup n' est pas dur <eos>,12,dur,dure,10,M,P,dur,-8.432275,dure,-11.181469,1
6671,S_NOUN_7_ADJ_b,M,S,le crayon avec les cahiers que j' aime beaucoup n' est pas clair <eos>,12,clair,claire,10,M,P,clair,-4.65438,claire,-8.581393,1
6672,S_NOUN_7_ADJ_b,M,S,le crayon avec les cahiers que j' aime beaucoup n' est pas intéressant <eos>,12,intéressant,intéressante,10,M,P,intéressant,-7.4297934,intéressante,-11.907924,1
6673,S_NOUN_7_ADJ_b,M,S,le crayon avec les cahiers que j' aime beaucoup n' est pas brillant <eos>,12,brillant,brillante,10,M,P,brillant,-7.69732,brillante,-11.333631,1
6674,S_NOUN_7_ADJ_b,M,S,le crayon avec les cahiers que j' aime beaucoup n' est pas compliqué <eos>,12,compliqué,compliquée,10,M,P,compliqué,-9.200165,compliquée,-13.415459,1
6675,S_NOUN_7_ADJ_b,M,S,le crayon avec les micros que j' aime beaucoup n' est pas vert <eos>,12,vert,verte,10,M,P,vert,-9.254977,verte,-13.1909,1
6676,S_NOUN_7_ADJ_b,M,S,le crayon avec les micros que j' aime beaucoup n' est pas bleu <eos>,12,bleu,bleue,10,M,P,bleu,-8.6744585,bleue,-13.104242,1
6677,S_NOUN_7_ADJ_b,M,S,le crayon avec les micros que j' aime beaucoup n' est pas noir <eos>,12,noir,noire,10,M,P,noir,-6.5979195,noire,-12.837532,1
6678,S_NOUN_7_ADJ_b,M,S,le crayon avec les micros que j' aime beaucoup n' est pas délicat <eos>,12,délicat,délicate,10,M,P,délicat,-9.165877,délicate,-14.36707,1
6679,S_NOUN_7_ADJ_b,M,S,le crayon avec les micros que j' aime beaucoup n' est pas pointu <eos>,12,pointu,pointue,10,M,P,pointu,-10.986059,pointue,-15.626703,1
6680,S_NOUN_7_ADJ_b,M,S,le crayon avec les micros que j' aime beaucoup n' est pas rond <eos>,12,rond,ronde,10,M,P,rond,-8.207941,ronde,-13.559012,1
6681,S_NOUN_7_ADJ_b,M,S,le crayon avec les micros que j' aime beaucoup n' est pas froid <eos>,12,froid,froide,10,M,P,froid,-10.90093,froide,-14.359493,1
6682,S_NOUN_7_ADJ_b,M,S,le crayon avec les micros que j' aime beaucoup n' est pas chaud <eos>,12,chaud,chaude,10,M,P,chaud,-9.76125,chaude,-14.463519,1
6683,S_NOUN_7_ADJ_b,M,S,le crayon avec les micros que j' aime beaucoup n' est pas important <eos>,12,important,importante,10,M,P,important,-7.348706,importante,-11.226992,1
6684,S_NOUN_7_ADJ_b,M,S,le crayon avec les micros que j' aime beaucoup n' est pas court <eos>,12,court,courte,10,M,P,court,-10.2836485,courte,-13.49252,1
6685,S_NOUN_7_ADJ_b,M,S,le crayon avec les micros que j' aime beaucoup n' est pas dur <eos>,12,dur,dure,10,M,P,dur,-7.9137645,dure,-10.761526,1
6686,S_NOUN_7_ADJ_b,M,S,le crayon avec les micros que j' aime beaucoup n' est pas clair <eos>,12,clair,claire,10,M,P,clair,-5.018078,claire,-8.397192,1
6687,S_NOUN_7_ADJ_b,M,S,le crayon avec les micros que j' aime beaucoup n' est pas intéressant <eos>,12,intéressant,intéressante,10,M,P,intéressant,-7.632429,intéressante,-11.790862,1
6688,S_NOUN_7_ADJ_b,M,S,le crayon avec les micros que j' aime beaucoup n' est pas brillant <eos>,12,brillant,brillante,10,M,P,brillant,-7.7943,brillante,-11.580402,1
6689,S_NOUN_7_ADJ_b,M,S,le crayon avec les micros que j' aime beaucoup n' est pas compliqué <eos>,12,compliqué,compliquée,10,M,P,compliqué,-9.188126,compliquée,-12.870846,1
6690,S_NOUN_7_ADJ_b,M,S,le crayon avec les sacs que j' aime beaucoup n' est pas vert <eos>,12,vert,verte,10,M,P,vert,-8.453409,verte,-12.704809,1
6691,S_NOUN_7_ADJ_b,M,S,le crayon avec les sacs que j' aime beaucoup n' est pas bleu <eos>,12,bleu,bleue,10,M,P,bleu,-8.087568,bleue,-12.601698,1
6692,S_NOUN_7_ADJ_b,M,S,le crayon avec les sacs que j' aime beaucoup n' est pas noir <eos>,12,noir,noire,10,M,P,noir,-5.909134,noire,-12.242701,1
6693,S_NOUN_7_ADJ_b,M,S,le crayon avec les sacs que j' aime beaucoup n' est pas délicat <eos>,12,délicat,délicate,10,M,P,délicat,-8.730267,délicate,-13.343241,1
6694,S_NOUN_7_ADJ_b,M,S,le crayon avec les sacs que j' aime beaucoup n' est pas pointu <eos>,12,pointu,pointue,10,M,P,pointu,-11.278597,pointue,-15.213966,1
6695,S_NOUN_7_ADJ_b,M,S,le crayon avec les sacs que j' aime beaucoup n' est pas rond <eos>,12,rond,ronde,10,M,P,rond,-7.8527355,ronde,-13.270381,1
6696,S_NOUN_7_ADJ_b,M,S,le crayon avec les sacs que j' aime beaucoup n' est pas froid <eos>,12,froid,froide,10,M,P,froid,-10.340248,froide,-14.16823,1
6697,S_NOUN_7_ADJ_b,M,S,le crayon avec les sacs que j' aime beaucoup n' est pas chaud <eos>,12,chaud,chaude,10,M,P,chaud,-9.029468,chaude,-14.782596,1
6698,S_NOUN_7_ADJ_b,M,S,le crayon avec les sacs que j' aime beaucoup n' est pas important <eos>,12,important,importante,10,M,P,important,-7.387528,importante,-11.04056,1
6699,S_NOUN_7_ADJ_b,M,S,le crayon avec les sacs que j' aime beaucoup n' est pas court <eos>,12,court,courte,10,M,P,court,-10.097896,courte,-13.099756,1
6700,S_NOUN_7_ADJ_b,M,S,le crayon avec les sacs que j' aime beaucoup n' est pas dur <eos>,12,dur,dure,10,M,P,dur,-7.606208,dure,-10.244342,1
6701,S_NOUN_7_ADJ_b,M,S,le crayon avec les sacs que j' aime beaucoup n' est pas clair <eos>,12,clair,claire,10,M,P,clair,-4.5974283,claire,-8.118186,1
6702,S_NOUN_7_ADJ_b,M,S,le crayon avec les sacs que j' aime beaucoup n' est pas intéressant <eos>,12,intéressant,intéressante,10,M,P,intéressant,-7.4621167,intéressante,-11.486067,1
6703,S_NOUN_7_ADJ_b,M,S,le crayon avec les sacs que j' aime beaucoup n' est pas brillant <eos>,12,brillant,brillante,10,M,P,brillant,-7.120284,brillante,-11.0588045,1
6704,S_NOUN_7_ADJ_b,M,S,le crayon avec les sacs que j' aime beaucoup n' est pas compliqué <eos>,12,compliqué,compliquée,10,M,P,compliqué,-8.798788,compliquée,-12.878929,1
6705,S_NOUN_7_ADJ_b,M,S,le crayon avec les claviers que j' aime beaucoup n' est pas vert <eos>,12,vert,verte,10,M,P,vert,-9.989749,verte,-14.371435,1
6706,S_NOUN_7_ADJ_b,M,S,le crayon avec les claviers que j' aime beaucoup n' est pas bleu <eos>,12,bleu,bleue,10,M,P,bleu,-9.3065815,bleue,-14.043601,1
6707,S_NOUN_7_ADJ_b,M,S,le crayon avec les claviers que j' aime beaucoup n' est pas noir <eos>,12,noir,noire,10,M,P,noir,-7.025252,noire,-13.324032,1
6708,S_NOUN_7_ADJ_b,M,S,le crayon avec les claviers que j' aime beaucoup n' est pas délicat <eos>,12,délicat,délicate,10,M,P,délicat,-9.065725,délicate,-14.595171,1
6709,S_NOUN_7_ADJ_b,M,S,le crayon avec les claviers que j' aime beaucoup n' est pas pointu <eos>,12,pointu,pointue,10,M,P,pointu,-10.780336,pointue,-15.525923,1
6710,S_NOUN_7_ADJ_b,M,S,le crayon avec les claviers que j' aime beaucoup n' est pas rond <eos>,12,rond,ronde,10,M,P,rond,-8.235009,ronde,-13.3001175,1
6711,S_NOUN_7_ADJ_b,M,S,le crayon avec les claviers que j' aime beaucoup n' est pas froid <eos>,12,froid,froide,10,M,P,froid,-11.068167,froide,-15.06806,1
6712,S_NOUN_7_ADJ_b,M,S,le crayon avec les claviers que j' aime beaucoup n' est pas chaud <eos>,12,chaud,chaude,10,M,P,chaud,-10.05331,chaude,-15.188238,1
6713,S_NOUN_7_ADJ_b,M,S,le crayon avec les claviers que j' aime beaucoup n' est pas important <eos>,12,important,importante,10,M,P,important,-7.2081385,importante,-11.203473,1
6714,S_NOUN_7_ADJ_b,M,S,le crayon avec les claviers que j' aime beaucoup n' est pas court <eos>,12,court,courte,10,M,P,court,-9.833384,courte,-12.917746,1
6715,S_NOUN_7_ADJ_b,M,S,le crayon avec les claviers que j' aime beaucoup n' est pas dur <eos>,12,dur,dure,10,M,P,dur,-7.9805527,dure,-10.587204,1
6716,S_NOUN_7_ADJ_b,M,S,le crayon avec les claviers que j' aime beaucoup n' est pas clair <eos>,12,clair,claire,10,M,P,clair,-5.204427,claire,-9.071796,1
6717,S_NOUN_7_ADJ_b,M,S,le crayon avec les claviers que j' aime beaucoup n' est pas intéressant <eos>,12,intéressant,intéressante,10,M,P,intéressant,-7.642586,intéressante,-11.798613,1
6718,S_NOUN_7_ADJ_b,M,S,le crayon avec les claviers que j' aime beaucoup n' est pas brillant <eos>,12,brillant,brillante,10,M,P,brillant,-7.8942957,brillante,-11.924216,1
6719,S_NOUN_7_ADJ_b,M,S,le crayon avec les claviers que j' aime beaucoup n' est pas compliqué <eos>,12,compliqué,compliquée,10,M,P,compliqué,-8.722524,compliquée,-12.710944,1
6720,S_NOUN_7_ADJ_b,M,S,le crayon avec les raisins que j' aime beaucoup n' est pas vert <eos>,12,vert,verte,10,M,P,vert,-8.5368,verte,-13.600804,1
6721,S_NOUN_7_ADJ_b,M,S,le crayon avec les raisins que j' aime beaucoup n' est pas bleu <eos>,12,bleu,bleue,10,M,P,bleu,-8.305893,bleue,-13.480985,1
6722,S_NOUN_7_ADJ_b,M,S,le crayon avec les raisins que j' aime beaucoup n' est pas noir <eos>,12,noir,noire,10,M,P,noir,-6.412739,noire,-12.881084,1
6723,S_NOUN_7_ADJ_b,M,S,le crayon avec les raisins que j' aime beaucoup n' est pas délicat <eos>,12,délicat,délicate,10,M,P,délicat,-8.131331,délicate,-13.317646,1
6724,S_NOUN_7_ADJ_b,M,S,le crayon avec les raisins que j' aime beaucoup n' est pas pointu <eos>,12,pointu,pointue,10,M,P,pointu,-11.849324,pointue,-15.604956,1
6725,S_NOUN_7_ADJ_b,M,S,le crayon avec les raisins que j' aime beaucoup n' est pas rond <eos>,12,rond,ronde,10,M,P,rond,-8.1942835,ronde,-13.889,1
6726,S_NOUN_7_ADJ_b,M,S,le crayon avec les raisins que j' aime beaucoup n' est pas froid <eos>,12,froid,froide,10,M,P,froid,-9.969755,froide,-14.120151,1
6727,S_NOUN_7_ADJ_b,M,S,le crayon avec les raisins que j' aime beaucoup n' est pas chaud <eos>,12,chaud,chaude,10,M,P,chaud,-8.811358,chaude,-14.334133,1
6728,S_NOUN_7_ADJ_b,M,S,le crayon avec les raisins que j' aime beaucoup n' est pas important <eos>,12,important,importante,10,M,P,important,-7.2043934,importante,-10.781863,1
6729,S_NOUN_7_ADJ_b,M,S,le crayon avec les raisins que j' aime beaucoup n' est pas court <eos>,12,court,courte,10,M,P,court,-10.704666,courte,-13.85549,1
6730,S_NOUN_7_ADJ_b,M,S,le crayon avec les raisins que j' aime beaucoup n' est pas dur <eos>,12,dur,dure,10,M,P,dur,-8.507107,dure,-10.511605,1
6731,S_NOUN_7_ADJ_b,M,S,le crayon avec les raisins que j' aime beaucoup n' est pas clair <eos>,12,clair,claire,10,M,P,clair,-4.1085873,claire,-7.8591013,1
6732,S_NOUN_7_ADJ_b,M,S,le crayon avec les raisins que j' aime beaucoup n' est pas intéressant <eos>,12,intéressant,intéressante,10,M,P,intéressant,-7.710221,intéressante,-11.948896,1
6733,S_NOUN_7_ADJ_b,M,S,le crayon avec les raisins que j' aime beaucoup n' est pas brillant <eos>,12,brillant,brillante,10,M,P,brillant,-7.7829056,brillante,-11.838103,1
6734,S_NOUN_7_ADJ_b,M,S,le crayon avec les raisins que j' aime beaucoup n' est pas compliqué <eos>,12,compliqué,compliquée,10,M,P,compliqué,-8.665513,compliquée,-13.019519,1
6735,S_NOUN_7_ADJ_b,M,S,le crayon avec les chargeurs que j' aime beaucoup n' est pas vert <eos>,12,vert,verte,10,M,P,vert,-9.172461,verte,-12.999012,1
6736,S_NOUN_7_ADJ_b,M,S,le crayon avec les chargeurs que j' aime beaucoup n' est pas bleu <eos>,12,bleu,bleue,10,M,P,bleu,-8.931856,bleue,-13.59484,1
6737,S_NOUN_7_ADJ_b,M,S,le crayon avec les chargeurs que j' aime beaucoup n' est pas noir <eos>,12,noir,noire,10,M,P,noir,-6.906252,noire,-12.469339,1
6738,S_NOUN_7_ADJ_b,M,S,le crayon avec les chargeurs que j' aime beaucoup n' est pas délicat <eos>,12,délicat,délicate,10,M,P,délicat,-9.008285,délicate,-14.05217,1
6739,S_NOUN_7_ADJ_b,M,S,le crayon avec les chargeurs que j' aime beaucoup n' est pas pointu <eos>,12,pointu,pointue,10,M,P,pointu,-10.671509,pointue,-14.954121,1
6740,S_NOUN_7_ADJ_b,M,S,le crayon avec les chargeurs que j' aime beaucoup n' est pas rond <eos>,12,rond,ronde,10,M,P,rond,-8.887301,ronde,-13.115692,1
6741,S_NOUN_7_ADJ_b,M,S,le crayon avec les chargeurs que j' aime beaucoup n' est pas froid <eos>,12,froid,froide,10,M,P,froid,-11.240862,froide,-14.691381,1
6742,S_NOUN_7_ADJ_b,M,S,le crayon avec les chargeurs que j' aime beaucoup n' est pas chaud <eos>,12,chaud,chaude,10,M,P,chaud,-9.815706,chaude,-15.447106,1
6743,S_NOUN_7_ADJ_b,M,S,le crayon avec les chargeurs que j' aime beaucoup n' est pas important <eos>,12,important,importante,10,M,P,important,-7.2052827,importante,-10.681997,1
6744,S_NOUN_7_ADJ_b,M,S,le crayon avec les chargeurs que j' aime beaucoup n' est pas court <eos>,12,court,courte,10,M,P,court,-10.338477,courte,-13.105631,1
6745,S_NOUN_7_ADJ_b,M,S,le crayon avec les chargeurs que j' aime beaucoup n' est pas dur <eos>,12,dur,dure,10,M,P,dur,-8.719714,dure,-11.609364,1
6746,S_NOUN_7_ADJ_b,M,S,le crayon avec les chargeurs que j' aime beaucoup n' est pas clair <eos>,12,clair,claire,10,M,P,clair,-5.490245,claire,-8.883438,1
6747,S_NOUN_7_ADJ_b,M,S,le crayon avec les chargeurs que j' aime beaucoup n' est pas intéressant <eos>,12,intéressant,intéressante,10,M,P,intéressant,-7.4768157,intéressante,-11.944681,1
6748,S_NOUN_7_ADJ_b,M,S,le crayon avec les chargeurs que j' aime beaucoup n' est pas brillant <eos>,12,brillant,brillante,10,M,P,brillant,-7.7431517,brillante,-11.445985,1
6749,S_NOUN_7_ADJ_b,M,S,le crayon avec les chargeurs que j' aime beaucoup n' est pas compliqué <eos>,12,compliqué,compliquée,10,M,P,compliqué,-8.892042,compliquée,-13.18947,1
6750,S_NOUN_7_ADJ_b,M,S,le crayon avec les vases que j' aime beaucoup n' est pas vert <eos>,12,vert,verte,10,M,P,vert,-8.526274,verte,-12.879733,1
6751,S_NOUN_7_ADJ_b,M,S,le crayon avec les vases que j' aime beaucoup n' est pas bleu <eos>,12,bleu,bleue,10,M,P,bleu,-8.08408,bleue,-12.870647,1
6752,S_NOUN_7_ADJ_b,M,S,le crayon avec les vases que j' aime beaucoup n' est pas noir <eos>,12,noir,noire,10,M,P,noir,-6.3321238,noire,-12.625902,1
6753,S_NOUN_7_ADJ_b,M,S,le crayon avec les vases que j' aime beaucoup n' est pas délicat <eos>,12,délicat,délicate,10,M,P,délicat,-8.899712,délicate,-13.343437,1
6754,S_NOUN_7_ADJ_b,M,S,le crayon avec les vases que j' aime beaucoup n' est pas pointu <eos>,12,pointu,pointue,10,M,P,pointu,-11.051727,pointue,-15.149353,1
6755,S_NOUN_7_ADJ_b,M,S,le crayon avec les vases que j' aime beaucoup n' est pas rond <eos>,12,rond,ronde,10,M,P,rond,-7.5043325,ronde,-12.595679,1
6756,S_NOUN_7_ADJ_b,M,S,le crayon avec les vases que j' aime beaucoup n' est pas froid <eos>,12,froid,froide,10,M,P,froid,-10.097519,froide,-14.065827,1
6757,S_NOUN_7_ADJ_b,M,S,le crayon avec les vases que j' aime beaucoup n' est pas chaud <eos>,12,chaud,chaude,10,M,P,chaud,-9.161986,chaude,-14.148306,1
6758,S_NOUN_7_ADJ_b,M,S,le crayon avec les vases que j' aime beaucoup n' est pas important <eos>,12,important,importante,10,M,P,important,-7.259544,importante,-11.015184,1
6759,S_NOUN_7_ADJ_b,M,S,le crayon avec les vases que j' aime beaucoup n' est pas court <eos>,12,court,courte,10,M,P,court,-10.650402,courte,-13.704348,1
6760,S_NOUN_7_ADJ_b,M,S,le crayon avec les vases que j' aime beaucoup n' est pas dur <eos>,12,dur,dure,10,M,P,dur,-8.520711,dure,-10.910692,1
6761,S_NOUN_7_ADJ_b,M,S,le crayon avec les vases que j' aime beaucoup n' est pas clair <eos>,12,clair,claire,10,M,P,clair,-4.337064,claire,-7.7484407,1
6762,S_NOUN_7_ADJ_b,M,S,le crayon avec les vases que j' aime beaucoup n' est pas intéressant <eos>,12,intéressant,intéressante,10,M,P,intéressant,-8.04108,intéressante,-12.182337,1
6763,S_NOUN_7_ADJ_b,M,S,le crayon avec les vases que j' aime beaucoup n' est pas brillant <eos>,12,brillant,brillante,10,M,P,brillant,-7.2134037,brillante,-11.1616335,1
6764,S_NOUN_7_ADJ_b,M,S,le crayon avec les vases que j' aime beaucoup n' est pas compliqué <eos>,12,compliqué,compliquée,10,M,P,compliqué,-8.855027,compliquée,-13.0862875,1
6765,S_NOUN_7_ADJ_b,M,S,le crayon avec les paniers que j' aime beaucoup n' est pas vert <eos>,12,vert,verte,10,M,P,vert,-8.454451,verte,-13.132586,1
6766,S_NOUN_7_ADJ_b,M,S,le crayon avec les paniers que j' aime beaucoup n' est pas bleu <eos>,12,bleu,bleue,10,M,P,bleu,-8.315617,bleue,-13.328623,1
6767,S_NOUN_7_ADJ_b,M,S,le crayon avec les paniers que j' aime beaucoup n' est pas noir <eos>,12,noir,noire,10,M,P,noir,-6.0967956,noire,-12.537043,1
6768,S_NOUN_7_ADJ_b,M,S,le crayon avec les paniers que j' aime beaucoup n' est pas délicat <eos>,12,délicat,délicate,10,M,P,délicat,-8.528141,délicate,-13.408792,1
6769,S_NOUN_7_ADJ_b,M,S,le crayon avec les paniers que j' aime beaucoup n' est pas pointu <eos>,12,pointu,pointue,10,M,P,pointu,-10.342347,pointue,-14.465291,1
6770,S_NOUN_7_ADJ_b,M,S,le crayon avec les paniers que j' aime beaucoup n' est pas rond <eos>,12,rond,ronde,10,M,P,rond,-7.59612,ronde,-12.812322,1
6771,S_NOUN_7_ADJ_b,M,S,le crayon avec les paniers que j' aime beaucoup n' est pas froid <eos>,12,froid,froide,10,M,P,froid,-10.910591,froide,-14.890974,1
6772,S_NOUN_7_ADJ_b,M,S,le crayon avec les paniers que j' aime beaucoup n' est pas chaud <eos>,12,chaud,chaude,10,M,P,chaud,-9.843714,chaude,-15.608863,1
6773,S_NOUN_7_ADJ_b,M,S,le crayon avec les paniers que j' aime beaucoup n' est pas important <eos>,12,important,importante,10,M,P,important,-7.2400928,importante,-10.944275,1
6774,S_NOUN_7_ADJ_b,M,S,le crayon avec les paniers que j' aime beaucoup n' est pas court <eos>,12,court,courte,10,M,P,court,-9.848577,courte,-13.006542,1
6775,S_NOUN_7_ADJ_b,M,S,le crayon avec les paniers que j' aime beaucoup n' est pas dur <eos>,12,dur,dure,10,M,P,dur,-7.8150945,dure,-10.717863,1
6776,S_NOUN_7_ADJ_b,M,S,le crayon avec les paniers que j' aime beaucoup n' est pas clair <eos>,12,clair,claire,10,M,P,clair,-4.6046805,claire,-8.34737,1
6777,S_NOUN_7_ADJ_b,M,S,le crayon avec les paniers que j' aime beaucoup n' est pas intéressant <eos>,12,intéressant,intéressante,10,M,P,intéressant,-7.713694,intéressante,-12.3351345,1
6778,S_NOUN_7_ADJ_b,M,S,le crayon avec les paniers que j' aime beaucoup n' est pas brillant <eos>,12,brillant,brillante,10,M,P,brillant,-7.2720127,brillante,-10.98824,1
6779,S_NOUN_7_ADJ_b,M,S,le crayon avec les paniers que j' aime beaucoup n' est pas compliqué <eos>,12,compliqué,compliquée,10,M,P,compliqué,-8.843956,compliquée,-13.018686,1
6780,S_NOUN_7_ADJ_b,M,S,le crayon avec les colliers que j' aime beaucoup n' est pas vert <eos>,12,vert,verte,10,M,P,vert,-8.796133,verte,-12.754583,1
6781,S_NOUN_7_ADJ_b,M,S,le crayon avec les colliers que j' aime beaucoup n' est pas bleu <eos>,12,bleu,bleue,10,M,P,bleu,-8.129294,bleue,-13.038134,1
6782,S_NOUN_7_ADJ_b,M,S,le crayon avec les colliers que j' aime beaucoup n' est pas noir <eos>,12,noir,noire,10,M,P,noir,-6.165141,noire,-12.163245,1
6783,S_NOUN_7_ADJ_b,M,S,le crayon avec les colliers que j' aime beaucoup n' est pas délicat <eos>,12,délicat,délicate,10,M,P,délicat,-8.777195,délicate,-13.461734,1
6784,S_NOUN_7_ADJ_b,M,S,le crayon avec les colliers que j' aime beaucoup n' est pas pointu <eos>,12,pointu,pointue,10,M,P,pointu,-10.654264,pointue,-14.953158,1
6785,S_NOUN_7_ADJ_b,M,S,le crayon avec les colliers que j' aime beaucoup n' est pas rond <eos>,12,rond,ronde,10,M,P,rond,-8.064923,ronde,-13.117435,1
6786,S_NOUN_7_ADJ_b,M,S,le crayon avec les colliers que j' aime beaucoup n' est pas froid <eos>,12,froid,froide,10,M,P,froid,-10.755927,froide,-14.493767,1
6787,S_NOUN_7_ADJ_b,M,S,le crayon avec les colliers que j' aime beaucoup n' est pas chaud <eos>,12,chaud,chaude,10,M,P,chaud,-9.742693,chaude,-15.421278,1
6788,S_NOUN_7_ADJ_b,M,S,le crayon avec les colliers que j' aime beaucoup n' est pas important <eos>,12,important,importante,10,M,P,important,-7.6041775,importante,-11.386908,1
6789,S_NOUN_7_ADJ_b,M,S,le crayon avec les colliers que j' aime beaucoup n' est pas court <eos>,12,court,courte,10,M,P,court,-10.261542,courte,-13.429634,1
6790,S_NOUN_7_ADJ_b,M,S,le crayon avec les colliers que j' aime beaucoup n' est pas dur <eos>,12,dur,dure,10,M,P,dur,-7.9003644,dure,-10.945225,1
6791,S_NOUN_7_ADJ_b,M,S,le crayon avec les colliers que j' aime beaucoup n' est pas clair <eos>,12,clair,claire,10,M,P,clair,-4.7075596,claire,-8.4557295,1
6792,S_NOUN_7_ADJ_b,M,S,le crayon avec les colliers que j' aime beaucoup n' est pas intéressant <eos>,12,intéressant,intéressante,10,M,P,intéressant,-7.7919846,intéressante,-12.706822,1
6793,S_NOUN_7_ADJ_b,M,S,le crayon avec les colliers que j' aime beaucoup n' est pas brillant <eos>,12,brillant,brillante,10,M,P,brillant,-6.8519897,brillante,-10.709542,1
6794,S_NOUN_7_ADJ_b,M,S,le crayon avec les colliers que j' aime beaucoup n' est pas compliqué <eos>,12,compliqué,compliquée,10,M,P,compliqué,-8.6530075,compliquée,-12.930794,1
6795,S_NOUN_7_ADJ_b,M,S,le crayon avec les chapeaux que j' aime beaucoup n' est pas vert <eos>,12,vert,verte,10,M,P,vert,-8.291613,verte,-12.860785,1
6796,S_NOUN_7_ADJ_b,M,S,le crayon avec les chapeaux que j' aime beaucoup n' est pas bleu <eos>,12,bleu,bleue,10,M,P,bleu,-7.648737,bleue,-12.672259,1
6797,S_NOUN_7_ADJ_b,M,S,le crayon avec les chapeaux que j' aime beaucoup n' est pas noir <eos>,12,noir,noire,10,M,P,noir,-5.7001085,noire,-12.088558,1
6798,S_NOUN_7_ADJ_b,M,S,le crayon avec les chapeaux que j' aime beaucoup n' est pas délicat <eos>,12,délicat,délicate,10,M,P,délicat,-8.977802,délicate,-13.915079,1
6799,S_NOUN_7_ADJ_b,M,S,le crayon avec les chapeaux que j' aime beaucoup n' est pas pointu <eos>,12,pointu,pointue,10,M,P,pointu,-10.820206,pointue,-15.022587,1
6800,S_NOUN_7_ADJ_b,M,S,le crayon avec les chapeaux que j' aime beaucoup n' est pas rond <eos>,12,rond,ronde,10,M,P,rond,-7.8040724,ronde,-12.74366,1
6801,S_NOUN_7_ADJ_b,M,S,le crayon avec les chapeaux que j' aime beaucoup n' est pas froid <eos>,12,froid,froide,10,M,P,froid,-10.201948,froide,-14.054794,1
6802,S_NOUN_7_ADJ_b,M,S,le crayon avec les chapeaux que j' aime beaucoup n' est pas chaud <eos>,12,chaud,chaude,10,M,P,chaud,-9.175341,chaude,-15.099227,1
6803,S_NOUN_7_ADJ_b,M,S,le crayon avec les chapeaux que j' aime beaucoup n' est pas important <eos>,12,important,importante,10,M,P,important,-7.7681246,importante,-11.471727,1
6804,S_NOUN_7_ADJ_b,M,S,le crayon avec les chapeaux que j' aime beaucoup n' est pas court <eos>,12,court,courte,10,M,P,court,-10.036404,courte,-13.516346,1
6805,S_NOUN_7_ADJ_b,M,S,le crayon avec les chapeaux que j' aime beaucoup n' est pas dur <eos>,12,dur,dure,10,M,P,dur,-7.9127693,dure,-10.678302,1
6806,S_NOUN_7_ADJ_b,M,S,le crayon avec les chapeaux que j' aime beaucoup n' est pas clair <eos>,12,clair,claire,10,M,P,clair,-4.4866652,claire,-8.349692,1
6807,S_NOUN_7_ADJ_b,M,S,le crayon avec les chapeaux que j' aime beaucoup n' est pas intéressant <eos>,12,intéressant,intéressante,10,M,P,intéressant,-7.674218,intéressante,-12.7057,1
6808,S_NOUN_7_ADJ_b,M,S,le crayon avec les chapeaux que j' aime beaucoup n' est pas brillant <eos>,12,brillant,brillante,10,M,P,brillant,-7.1425214,brillante,-10.941027,1
6809,S_NOUN_7_ADJ_b,M,S,le crayon avec les chapeaux que j' aime beaucoup n' est pas compliqué <eos>,12,compliqué,compliquée,10,M,P,compliqué,-9.066574,compliquée,-13.548779,1
6810,S_NOUN_7_ADJ_b,M,S,le crayon avec les pots que j' aime beaucoup n' est pas vert <eos>,12,vert,verte,10,M,P,vert,-8.358952,verte,-12.906956,1
6811,S_NOUN_7_ADJ_b,M,S,le crayon avec les pots que j' aime beaucoup n' est pas bleu <eos>,12,bleu,bleue,10,M,P,bleu,-7.904401,bleue,-12.824511,1
6812,S_NOUN_7_ADJ_b,M,S,le crayon avec les pots que j' aime beaucoup n' est pas noir <eos>,12,noir,noire,10,M,P,noir,-6.036976,noire,-12.443281,1
6813,S_NOUN_7_ADJ_b,M,S,le crayon avec les pots que j' aime beaucoup n' est pas délicat <eos>,12,délicat,délicate,10,M,P,délicat,-8.829028,délicate,-13.698757,1
6814,S_NOUN_7_ADJ_b,M,S,le crayon avec les pots que j' aime beaucoup n' est pas pointu <eos>,12,pointu,pointue,10,M,P,pointu,-11.459602,pointue,-15.506976,1
6815,S_NOUN_7_ADJ_b,M,S,le crayon avec les pots que j' aime beaucoup n' est pas rond <eos>,12,rond,ronde,10,M,P,rond,-8.086237,ronde,-13.134579,1
6816,S_NOUN_7_ADJ_b,M,S,le crayon avec les pots que j' aime beaucoup n' est pas froid <eos>,12,froid,froide,10,M,P,froid,-9.843187,froide,-13.482037,1
6817,S_NOUN_7_ADJ_b,M,S,le crayon avec les pots que j' aime beaucoup n' est pas chaud <eos>,12,chaud,chaude,10,M,P,chaud,-8.6442375,chaude,-14.2137785,1
6818,S_NOUN_7_ADJ_b,M,S,le crayon avec les pots que j' aime beaucoup n' est pas important <eos>,12,important,importante,10,M,P,important,-7.6534657,importante,-11.452307,1
6819,S_NOUN_7_ADJ_b,M,S,le crayon avec les pots que j' aime beaucoup n' est pas court <eos>,12,court,courte,10,M,P,court,-10.834297,courte,-13.917261,1
6820,S_NOUN_7_ADJ_b,M,S,le crayon avec les pots que j' aime beaucoup n' est pas dur <eos>,12,dur,dure,10,M,P,dur,-7.8726482,dure,-10.482205,1
6821,S_NOUN_7_ADJ_b,M,S,le crayon avec les pots que j' aime beaucoup n' est pas clair <eos>,12,clair,claire,10,M,P,clair,-4.4619637,claire,-8.105583,1
6822,S_NOUN_7_ADJ_b,M,S,le crayon avec les pots que j' aime beaucoup n' est pas intéressant <eos>,12,intéressant,intéressante,10,M,P,intéressant,-7.857383,intéressante,-12.175657,1
6823,S_NOUN_7_ADJ_b,M,S,le crayon avec les pots que j' aime beaucoup n' est pas brillant <eos>,12,brillant,brillante,10,M,P,brillant,-7.1429615,brillante,-11.163277,1
6824,S_NOUN_7_ADJ_b,M,S,le crayon avec les pots que j' aime beaucoup n' est pas compliqué <eos>,12,compliqué,compliquée,10,M,P,compliqué,-8.8667755,compliquée,-13.205584,1
6825,S_NOUN_7_ADJ_b,M,S,le crayon avec les coussins que j' aime beaucoup n' est pas vert <eos>,12,vert,verte,10,M,P,vert,-8.565576,verte,-12.532312,1
6826,S_NOUN_7_ADJ_b,M,S,le crayon avec les coussins que j' aime beaucoup n' est pas bleu <eos>,12,bleu,bleue,10,M,P,bleu,-8.070483,bleue,-12.386121,1
6827,S_NOUN_7_ADJ_b,M,S,le crayon avec les coussins que j' aime beaucoup n' est pas noir <eos>,12,noir,noire,10,M,P,noir,-6.128937,noire,-12.250528,1
6828,S_NOUN_7_ADJ_b,M,S,le crayon avec les coussins que j' aime beaucoup n' est pas délicat <eos>,12,délicat,délicate,10,M,P,délicat,-9.144257,délicate,-13.540756,1
6829,S_NOUN_7_ADJ_b,M,S,le crayon avec les coussins que j' aime beaucoup n' est pas pointu <eos>,12,pointu,pointue,10,M,P,pointu,-10.999288,pointue,-15.1175165,1
6830,S_NOUN_7_ADJ_b,M,S,le crayon avec les coussins que j' aime beaucoup n' est pas rond <eos>,12,rond,ronde,10,M,P,rond,-7.670211,ronde,-13.125994,1
6831,S_NOUN_7_ADJ_b,M,S,le crayon avec les coussins que j' aime beaucoup n' est pas froid <eos>,12,froid,froide,10,M,P,froid,-10.895414,froide,-14.491268,1
6832,S_NOUN_7_ADJ_b,M,S,le crayon avec les coussins que j' aime beaucoup n' est pas chaud <eos>,12,chaud,chaude,10,M,P,chaud,-9.500845,chaude,-14.927721,1
6833,S_NOUN_7_ADJ_b,M,S,le crayon avec les coussins que j' aime beaucoup n' est pas important <eos>,12,important,importante,10,M,P,important,-7.4859734,importante,-11.093064,1
6834,S_NOUN_7_ADJ_b,M,S,le crayon avec les coussins que j' aime beaucoup n' est pas court <eos>,12,court,courte,10,M,P,court,-10.331572,courte,-13.368216,1
6835,S_NOUN_7_ADJ_b,M,S,le crayon avec les coussins que j' aime beaucoup n' est pas dur <eos>,12,dur,dure,10,M,P,dur,-8.252875,dure,-10.750233,1
6836,S_NOUN_7_ADJ_b,M,S,le crayon avec les coussins que j' aime beaucoup n' est pas clair <eos>,12,clair,claire,10,M,P,clair,-4.7804976,claire,-7.925624,1
6837,S_NOUN_7_ADJ_b,M,S,le crayon avec les coussins que j' aime beaucoup n' est pas intéressant <eos>,12,intéressant,intéressante,10,M,P,intéressant,-8.030613,intéressante,-12.018979,1
6838,S_NOUN_7_ADJ_b,M,S,le crayon avec les coussins que j' aime beaucoup n' est pas brillant <eos>,12,brillant,brillante,10,M,P,brillant,-7.2122083,brillante,-10.904453,1
6839,S_NOUN_7_ADJ_b,M,S,le crayon avec les coussins que j' aime beaucoup n' est pas compliqué <eos>,12,compliqué,compliquée,10,M,P,compliqué,-9.271961,compliquée,-12.824394,1
6840,S_NOUN_7_ADJ_b,M,S,le crayon avec les jouets que j' aime beaucoup n' est pas vert <eos>,12,vert,verte,10,M,P,vert,-9.1207905,verte,-13.232185,1
6841,S_NOUN_7_ADJ_b,M,S,le crayon avec les jouets que j' aime beaucoup n' est pas bleu <eos>,12,bleu,bleue,10,M,P,bleu,-8.858065,bleue,-13.31167,1
6842,S_NOUN_7_ADJ_b,M,S,le crayon avec les jouets que j' aime beaucoup n' est pas noir <eos>,12,noir,noire,10,M,P,noir,-6.4294395,noire,-12.755023,1
6843,S_NOUN_7_ADJ_b,M,S,le crayon avec les jouets que j' aime beaucoup n' est pas délicat <eos>,12,délicat,délicate,10,M,P,délicat,-9.323231,délicate,-14.230036,1
6844,S_NOUN_7_ADJ_b,M,S,le crayon avec les jouets que j' aime beaucoup n' est pas pointu <eos>,12,pointu,pointue,10,M,P,pointu,-11.197944,pointue,-15.58273,1
6845,S_NOUN_7_ADJ_b,M,S,le crayon avec les jouets que j' aime beaucoup n' est pas rond <eos>,12,rond,ronde,10,M,P,rond,-8.196048,ronde,-13.306,1
6846,S_NOUN_7_ADJ_b,M,S,le crayon avec les jouets que j' aime beaucoup n' est pas froid <eos>,12,froid,froide,10,M,P,froid,-10.163496,froide,-13.9417095,1
6847,S_NOUN_7_ADJ_b,M,S,le crayon avec les jouets que j' aime beaucoup n' est pas chaud <eos>,12,chaud,chaude,10,M,P,chaud,-9.302894,chaude,-14.811105,1
6848,S_NOUN_7_ADJ_b,M,S,le crayon avec les jouets que j' aime beaucoup n' est pas important <eos>,12,important,importante,10,M,P,important,-7.691077,importante,-11.551462,1
6849,S_NOUN_7_ADJ_b,M,S,le crayon avec les jouets que j' aime beaucoup n' est pas court <eos>,12,court,courte,10,M,P,court,-10.457951,courte,-13.899064,1
6850,S_NOUN_7_ADJ_b,M,S,le crayon avec les jouets que j' aime beaucoup n' est pas dur <eos>,12,dur,dure,10,M,P,dur,-8.44517,dure,-11.095149,1
6851,S_NOUN_7_ADJ_b,M,S,le crayon avec les jouets que j' aime beaucoup n' est pas clair <eos>,12,clair,claire,10,M,P,clair,-5.1994324,claire,-8.646384,1
6852,S_NOUN_7_ADJ_b,M,S,le crayon avec les jouets que j' aime beaucoup n' est pas intéressant <eos>,12,intéressant,intéressante,10,M,P,intéressant,-7.7665124,intéressante,-11.96018,1
6853,S_NOUN_7_ADJ_b,M,S,le crayon avec les jouets que j' aime beaucoup n' est pas brillant <eos>,12,brillant,brillante,10,M,P,brillant,-8.152678,brillante,-12.008587,1
6854,S_NOUN_7_ADJ_b,M,S,le crayon avec les jouets que j' aime beaucoup n' est pas compliqué <eos>,12,compliqué,compliquée,10,M,P,compliqué,-9.075929,compliquée,-12.829743,1
6855,S_NOUN_7_ADJ_b,M,S,le crayon avec les clous que j' aime beaucoup n' est pas vert <eos>,12,vert,verte,10,M,P,vert,-8.651035,verte,-13.29839,1
6856,S_NOUN_7_ADJ_b,M,S,le crayon avec les clous que j' aime beaucoup n' est pas bleu <eos>,12,bleu,bleue,10,M,P,bleu,-8.298363,bleue,-13.577593,1
6857,S_NOUN_7_ADJ_b,M,S,le crayon avec les clous que j' aime beaucoup n' est pas noir <eos>,12,noir,noire,10,M,P,noir,-6.2010126,noire,-12.529324,1
6858,S_NOUN_7_ADJ_b,M,S,le crayon avec les clous que j' aime beaucoup n' est pas délicat <eos>,12,délicat,délicate,10,M,P,délicat,-8.739191,délicate,-13.356663,1
6859,S_NOUN_7_ADJ_b,M,S,le crayon avec les clous que j' aime beaucoup n' est pas pointu <eos>,12,pointu,pointue,10,M,P,pointu,-10.46999,pointue,-14.630875,1
6860,S_NOUN_7_ADJ_b,M,S,le crayon avec les clous que j' aime beaucoup n' est pas rond <eos>,12,rond,ronde,10,M,P,rond,-7.4761477,ronde,-13.139805,1
6861,S_NOUN_7_ADJ_b,M,S,le crayon avec les clous que j' aime beaucoup n' est pas froid <eos>,12,froid,froide,10,M,P,froid,-10.654106,froide,-15.1172905,1
6862,S_NOUN_7_ADJ_b,M,S,le crayon avec les clous que j' aime beaucoup n' est pas chaud <eos>,12,chaud,chaude,10,M,P,chaud,-9.540605,chaude,-15.270229,1
6863,S_NOUN_7_ADJ_b,M,S,le crayon avec les clous que j' aime beaucoup n' est pas important <eos>,12,important,importante,10,M,P,important,-7.415552,importante,-11.2081175,1
6864,S_NOUN_7_ADJ_b,M,S,le crayon avec les clous que j' aime beaucoup n' est pas court <eos>,12,court,courte,10,M,P,court,-9.806564,courte,-13.284571,1
6865,S_NOUN_7_ADJ_b,M,S,le crayon avec les clous que j' aime beaucoup n' est pas dur <eos>,12,dur,dure,10,M,P,dur,-7.9143953,dure,-10.594814,1
6866,S_NOUN_7_ADJ_b,M,S,le crayon avec les clous que j' aime beaucoup n' est pas clair <eos>,12,clair,claire,10,M,P,clair,-4.8066387,claire,-8.5035,1
6867,S_NOUN_7_ADJ_b,M,S,le crayon avec les clous que j' aime beaucoup n' est pas intéressant <eos>,12,intéressant,intéressante,10,M,P,intéressant,-7.7481623,intéressante,-12.661317,1
6868,S_NOUN_7_ADJ_b,M,S,le crayon avec les clous que j' aime beaucoup n' est pas brillant <eos>,12,brillant,brillante,10,M,P,brillant,-7.086379,brillante,-11.736687,1
6869,S_NOUN_7_ADJ_b,M,S,le crayon avec les clous que j' aime beaucoup n' est pas compliqué <eos>,12,compliqué,compliquée,10,M,P,compliqué,-8.947648,compliquée,-13.2645,1
6870,S_NOUN_7_ADJ_b,M,S,le crayon avec les billets que j' aime beaucoup n' est pas vert <eos>,12,vert,verte,10,M,P,vert,-8.700223,verte,-12.822098,1
6871,S_NOUN_7_ADJ_b,M,S,le crayon avec les billets que j' aime beaucoup n' est pas bleu <eos>,12,bleu,bleue,10,M,P,bleu,-8.350002,bleue,-12.883626,1
6872,S_NOUN_7_ADJ_b,M,S,le crayon avec les billets que j' aime beaucoup n' est pas noir <eos>,12,noir,noire,10,M,P,noir,-6.222003,noire,-12.674592,1
6873,S_NOUN_7_ADJ_b,M,S,le crayon avec les billets que j' aime beaucoup n' est pas délicat <eos>,12,délicat,délicate,10,M,P,délicat,-9.396002,délicate,-14.910477,1
6874,S_NOUN_7_ADJ_b,M,S,le crayon avec les billets que j' aime beaucoup n' est pas pointu <eos>,12,pointu,pointue,10,M,P,pointu,-11.255165,pointue,-15.6501,1
6875,S_NOUN_7_ADJ_b,M,S,le crayon avec les billets que j' aime beaucoup n' est pas rond <eos>,12,rond,ronde,10,M,P,rond,-8.059425,ronde,-12.802227,1
6876,S_NOUN_7_ADJ_b,M,S,le crayon avec les billets que j' aime beaucoup n' est pas froid <eos>,12,froid,froide,10,M,P,froid,-10.772179,froide,-14.402046,1
6877,S_NOUN_7_ADJ_b,M,S,le crayon avec les billets que j' aime beaucoup n' est pas chaud <eos>,12,chaud,chaude,10,M,P,chaud,-9.5817375,chaude,-15.039982,1
6878,S_NOUN_7_ADJ_b,M,S,le crayon avec les billets que j' aime beaucoup n' est pas important <eos>,12,important,importante,10,M,P,important,-7.407116,importante,-11.114318,1
6879,S_NOUN_7_ADJ_b,M,S,le crayon avec les billets que j' aime beaucoup n' est pas court <eos>,12,court,courte,10,M,P,court,-9.772177,courte,-13.3722315,1
6880,S_NOUN_7_ADJ_b,M,S,le crayon avec les billets que j' aime beaucoup n' est pas dur <eos>,12,dur,dure,10,M,P,dur,-8.483998,dure,-11.079903,1
6881,S_NOUN_7_ADJ_b,M,S,le crayon avec les billets que j' aime beaucoup n' est pas clair <eos>,12,clair,claire,10,M,P,clair,-5.080247,claire,-8.935854,1
6882,S_NOUN_7_ADJ_b,M,S,le crayon avec les billets que j' aime beaucoup n' est pas intéressant <eos>,12,intéressant,intéressante,10,M,P,intéressant,-7.66963,intéressante,-12.192874,1
6883,S_NOUN_7_ADJ_b,M,S,le crayon avec les billets que j' aime beaucoup n' est pas brillant <eos>,12,brillant,brillante,10,M,P,brillant,-7.921225,brillante,-11.5245905,1
6884,S_NOUN_7_ADJ_b,M,S,le crayon avec les billets que j' aime beaucoup n' est pas compliqué <eos>,12,compliqué,compliquée,10,M,P,compliqué,-9.183279,compliquée,-13.919798,1
6885,S_NOUN_7_ADJ_b,M,S,le crayon avec les légumes que j' aime beaucoup n' est pas vert <eos>,12,vert,verte,10,M,P,vert,-8.373706,verte,-12.993825,1
6886,S_NOUN_7_ADJ_b,M,S,le crayon avec les légumes que j' aime beaucoup n' est pas bleu <eos>,12,bleu,bleue,10,M,P,bleu,-8.316539,bleue,-13.251929,1
6887,S_NOUN_7_ADJ_b,M,S,le crayon avec les légumes que j' aime beaucoup n' est pas noir <eos>,12,noir,noire,10,M,P,noir,-6.0673304,noire,-12.851177,1
6888,S_NOUN_7_ADJ_b,M,S,le crayon avec les légumes que j' aime beaucoup n' est pas délicat <eos>,12,délicat,délicate,10,M,P,délicat,-8.240601,délicate,-13.311431,1
6889,S_NOUN_7_ADJ_b,M,S,le crayon avec les légumes que j' aime beaucoup n' est pas pointu <eos>,12,pointu,pointue,10,M,P,pointu,-10.893112,pointue,-15.287989,1
6890,S_NOUN_7_ADJ_b,M,S,le crayon avec les légumes que j' aime beaucoup n' est pas rond <eos>,12,rond,ronde,10,M,P,rond,-7.722435,ronde,-13.1166935,1
6891,S_NOUN_7_ADJ_b,M,S,le crayon avec les légumes que j' aime beaucoup n' est pas froid <eos>,12,froid,froide,10,M,P,froid,-9.488016,froide,-13.746772,1
6892,S_NOUN_7_ADJ_b,M,S,le crayon avec les légumes que j' aime beaucoup n' est pas chaud <eos>,12,chaud,chaude,10,M,P,chaud,-8.353319,chaude,-14.389023,1
6893,S_NOUN_7_ADJ_b,M,S,le crayon avec les légumes que j' aime beaucoup n' est pas important <eos>,12,important,importante,10,M,P,important,-7.2647758,importante,-11.056816,1
6894,S_NOUN_7_ADJ_b,M,S,le crayon avec les légumes que j' aime beaucoup n' est pas court <eos>,12,court,courte,10,M,P,court,-10.410711,courte,-13.734905,1
6895,S_NOUN_7_ADJ_b,M,S,le crayon avec les légumes que j' aime beaucoup n' est pas dur <eos>,12,dur,dure,10,M,P,dur,-7.4903855,dure,-10.668512,1
6896,S_NOUN_7_ADJ_b,M,S,le crayon avec les légumes que j' aime beaucoup n' est pas clair <eos>,12,clair,claire,10,M,P,clair,-4.26766,claire,-8.3186455,1
6897,S_NOUN_7_ADJ_b,M,S,le crayon avec les légumes que j' aime beaucoup n' est pas intéressant <eos>,12,intéressant,intéressante,10,M,P,intéressant,-7.416648,intéressante,-11.329405,1
6898,S_NOUN_7_ADJ_b,M,S,le crayon avec les légumes que j' aime beaucoup n' est pas brillant <eos>,12,brillant,brillante,10,M,P,brillant,-7.250368,brillante,-11.523651,1
6899,S_NOUN_7_ADJ_b,M,S,le crayon avec les légumes que j' aime beaucoup n' est pas compliqué <eos>,12,compliqué,compliquée,10,M,P,compliqué,-8.850718,compliquée,-12.956352,1
6900,S_NOUN_7_ADJ_b,M,S,le rideau avec les bracelets que j' aime beaucoup n' est pas vert <eos>,12,vert,verte,10,M,P,vert,-9.159984,verte,-12.978943,1
6901,S_NOUN_7_ADJ_b,M,S,le rideau avec les bracelets que j' aime beaucoup n' est pas bleu <eos>,12,bleu,bleue,10,M,P,bleu,-8.89353,bleue,-12.848458,1
6902,S_NOUN_7_ADJ_b,M,S,le rideau avec les bracelets que j' aime beaucoup n' est pas noir <eos>,12,noir,noire,10,M,P,noir,-6.5818763,noire,-12.18614,1
6903,S_NOUN_7_ADJ_b,M,S,le rideau avec les bracelets que j' aime beaucoup n' est pas délicat <eos>,12,délicat,délicate,10,M,P,délicat,-10.071154,délicate,-14.258731,1
6904,S_NOUN_7_ADJ_b,M,S,le rideau avec les bracelets que j' aime beaucoup n' est pas pointu <eos>,12,pointu,pointue,10,M,P,pointu,-10.136055,pointue,-15.039862,1
6905,S_NOUN_7_ADJ_b,M,S,le rideau avec les bracelets que j' aime beaucoup n' est pas rond <eos>,12,rond,ronde,10,M,P,rond,-7.9593334,ronde,-11.935432,1
6906,S_NOUN_7_ADJ_b,M,S,le rideau avec les bracelets que j' aime beaucoup n' est pas froid <eos>,12,froid,froide,10,M,P,froid,-11.057428,froide,-14.5081215,1
6907,S_NOUN_7_ADJ_b,M,S,le rideau avec les bracelets que j' aime beaucoup n' est pas chaud <eos>,12,chaud,chaude,10,M,P,chaud,-11.138994,chaude,-14.530947,1
6908,S_NOUN_7_ADJ_b,M,S,le rideau avec les bracelets que j' aime beaucoup n' est pas important <eos>,12,important,importante,10,M,P,important,-7.722491,importante,-11.810272,1
6909,S_NOUN_7_ADJ_b,M,S,le rideau avec les bracelets que j' aime beaucoup n' est pas court <eos>,12,court,courte,10,M,P,court,-9.368286,courte,-12.3890915,1
6910,S_NOUN_7_ADJ_b,M,S,le rideau avec les bracelets que j' aime beaucoup n' est pas dur <eos>,12,dur,dure,10,M,P,dur,-8.705629,dure,-11.107731,1
6911,S_NOUN_7_ADJ_b,M,S,le rideau avec les bracelets que j' aime beaucoup n' est pas clair <eos>,12,clair,claire,10,M,P,clair,-5.512405,claire,-8.665375,1
6912,S_NOUN_7_ADJ_b,M,S,le rideau avec les bracelets que j' aime beaucoup n' est pas intéressant <eos>,12,intéressant,intéressante,10,M,P,intéressant,-8.986163,intéressante,-13.244711,1
6913,S_NOUN_7_ADJ_b,M,S,le rideau avec les bracelets que j' aime beaucoup n' est pas brillant <eos>,12,brillant,brillante,10,M,P,brillant,-7.5509763,brillante,-11.114147,1
6914,S_NOUN_7_ADJ_b,M,S,le rideau avec les bracelets que j' aime beaucoup n' est pas compliqué <eos>,12,compliqué,compliquée,10,M,P,compliqué,-8.769947,compliquée,-12.844509,1
6915,S_NOUN_7_ADJ_b,M,S,le rideau avec les miroirs que j' aime beaucoup n' est pas vert <eos>,12,vert,verte,10,M,P,vert,-9.272802,verte,-12.360556,1
6916,S_NOUN_7_ADJ_b,M,S,le rideau avec les miroirs que j' aime beaucoup n' est pas bleu <eos>,12,bleu,bleue,10,M,P,bleu,-8.981296,bleue,-12.838056,1
6917,S_NOUN_7_ADJ_b,M,S,le rideau avec les miroirs que j' aime beaucoup n' est pas noir <eos>,12,noir,noire,10,M,P,noir,-6.76507,noire,-12.319578,1
6918,S_NOUN_7_ADJ_b,M,S,le rideau avec les miroirs que j' aime beaucoup n' est pas délicat <eos>,12,délicat,délicate,10,M,P,délicat,-9.972342,délicate,-14.491634,1
6919,S_NOUN_7_ADJ_b,M,S,le rideau avec les miroirs que j' aime beaucoup n' est pas pointu <eos>,12,pointu,pointue,10,M,P,pointu,-10.284443,pointue,-15.293428,1
6920,S_NOUN_7_ADJ_b,M,S,le rideau avec les miroirs que j' aime beaucoup n' est pas rond <eos>,12,rond,ronde,10,M,P,rond,-8.073683,ronde,-12.187698,1
6921,S_NOUN_7_ADJ_b,M,S,le rideau avec les miroirs que j' aime beaucoup n' est pas froid <eos>,12,froid,froide,10,M,P,froid,-11.060587,froide,-13.876896,1
6922,S_NOUN_7_ADJ_b,M,S,le rideau avec les miroirs que j' aime beaucoup n' est pas chaud <eos>,12,chaud,chaude,10,M,P,chaud,-10.649645,chaude,-13.856369,1
6923,S_NOUN_7_ADJ_b,M,S,le rideau avec les miroirs que j' aime beaucoup n' est pas important <eos>,12,important,importante,10,M,P,important,-7.724638,importante,-11.788895,1
6924,S_NOUN_7_ADJ_b,M,S,le rideau avec les miroirs que j' aime beaucoup n' est pas court <eos>,12,court,courte,10,M,P,court,-10.048891,courte,-13.345876,1
6925,S_NOUN_7_ADJ_b,M,S,le rideau avec les miroirs que j' aime beaucoup n' est pas dur <eos>,12,dur,dure,10,M,P,dur,-8.700578,dure,-11.495378,1
6926,S_NOUN_7_ADJ_b,M,S,le rideau avec les miroirs que j' aime beaucoup n' est pas clair <eos>,12,clair,claire,10,M,P,clair,-5.3086166,claire,-8.771267,1
6927,S_NOUN_7_ADJ_b,M,S,le rideau avec les miroirs que j' aime beaucoup n' est pas intéressant <eos>,12,intéressant,intéressante,10,M,P,intéressant,-8.837242,intéressante,-12.976219,1
6928,S_NOUN_7_ADJ_b,M,S,le rideau avec les miroirs que j' aime beaucoup n' est pas brillant <eos>,12,brillant,brillante,10,M,P,brillant,-7.430118,brillante,-11.092365,1
6929,S_NOUN_7_ADJ_b,M,S,le rideau avec les miroirs que j' aime beaucoup n' est pas compliqué <eos>,12,compliqué,compliquée,10,M,P,compliqué,-9.080872,compliquée,-13.117302,1
6930,S_NOUN_7_ADJ_b,M,S,le rideau avec les crayons que j' aime beaucoup n' est pas vert <eos>,12,vert,verte,10,M,P,vert,-9.182206,verte,-13.531501,1
6931,S_NOUN_7_ADJ_b,M,S,le rideau avec les crayons que j' aime beaucoup n' est pas bleu <eos>,12,bleu,bleue,10,M,P,bleu,-9.059848,bleue,-13.410168,1
6932,S_NOUN_7_ADJ_b,M,S,le rideau avec les crayons que j' aime beaucoup n' est pas noir <eos>,12,noir,noire,10,M,P,noir,-6.837805,noire,-13.322002,1
6933,S_NOUN_7_ADJ_b,M,S,le rideau avec les crayons que j' aime beaucoup n' est pas délicat <eos>,12,délicat,délicate,10,M,P,délicat,-9.69921,délicate,-14.759492,1
6934,S_NOUN_7_ADJ_b,M,S,le rideau avec les crayons que j' aime beaucoup n' est pas pointu <eos>,12,pointu,pointue,10,M,P,pointu,-11.851894,pointue,-16.729303,1
6935,S_NOUN_7_ADJ_b,M,S,le rideau avec les crayons que j' aime beaucoup n' est pas rond <eos>,12,rond,ronde,10,M,P,rond,-8.619097,ronde,-13.061298,1
6936,S_NOUN_7_ADJ_b,M,S,le rideau avec les crayons que j' aime beaucoup n' est pas froid <eos>,12,froid,froide,10,M,P,froid,-10.636864,froide,-14.702608,1
6937,S_NOUN_7_ADJ_b,M,S,le rideau avec les crayons que j' aime beaucoup n' est pas chaud <eos>,12,chaud,chaude,10,M,P,chaud,-10.085852,chaude,-14.652639,1
6938,S_NOUN_7_ADJ_b,M,S,le rideau avec les crayons que j' aime beaucoup n' est pas important <eos>,12,important,importante,10,M,P,important,-6.8596106,importante,-10.942944,1
6939,S_NOUN_7_ADJ_b,M,S,le rideau avec les crayons que j' aime beaucoup n' est pas court <eos>,12,court,courte,10,M,P,court,-10.167751,courte,-13.36376,1
6940,S_NOUN_7_ADJ_b,M,S,le rideau avec les crayons que j' aime beaucoup n' est pas dur <eos>,12,dur,dure,10,M,P,dur,-9.176136,dure,-11.149591,1
6941,S_NOUN_7_ADJ_b,M,S,le rideau avec les crayons que j' aime beaucoup n' est pas clair <eos>,12,clair,claire,10,M,P,clair,-4.973854,claire,-8.613319,1
6942,S_NOUN_7_ADJ_b,M,S,le rideau avec les crayons que j' aime beaucoup n' est pas intéressant <eos>,12,intéressant,intéressante,10,M,P,intéressant,-8.42887,intéressante,-12.393984,1
6943,S_NOUN_7_ADJ_b,M,S,le rideau avec les crayons que j' aime beaucoup n' est pas brillant <eos>,12,brillant,brillante,10,M,P,brillant,-8.265934,brillante,-11.730486,1
6944,S_NOUN_7_ADJ_b,M,S,le rideau avec les crayons que j' aime beaucoup n' est pas compliqué <eos>,12,compliqué,compliquée,10,M,P,compliqué,-9.614841,compliquée,-13.522958,1
6945,S_NOUN_7_ADJ_b,M,S,le rideau avec les rideaux que j' aime beaucoup n' est pas vert <eos>,12,vert,verte,10,M,P,vert,-9.232319,verte,-13.416906,1
6946,S_NOUN_7_ADJ_b,M,S,le rideau avec les rideaux que j' aime beaucoup n' est pas bleu <eos>,12,bleu,bleue,10,M,P,bleu,-9.159946,bleue,-13.02966,1
6947,S_NOUN_7_ADJ_b,M,S,le rideau avec les rideaux que j' aime beaucoup n' est pas noir <eos>,12,noir,noire,10,M,P,noir,-6.609884,noire,-12.878929,1
6948,S_NOUN_7_ADJ_b,M,S,le rideau avec les rideaux que j' aime beaucoup n' est pas délicat <eos>,12,délicat,délicate,10,M,P,délicat,-9.783606,délicate,-14.366524,1
6949,S_NOUN_7_ADJ_b,M,S,le rideau avec les rideaux que j' aime beaucoup n' est pas pointu <eos>,12,pointu,pointue,10,M,P,pointu,-10.835606,pointue,-16.037205,1
6950,S_NOUN_7_ADJ_b,M,S,le rideau avec les rideaux que j' aime beaucoup n' est pas rond <eos>,12,rond,ronde,10,M,P,rond,-7.9004154,ronde,-12.164415,1
6951,S_NOUN_7_ADJ_b,M,S,le rideau avec les rideaux que j' aime beaucoup n' est pas froid <eos>,12,froid,froide,10,M,P,froid,-10.567887,froide,-13.942009,1
6952,S_NOUN_7_ADJ_b,M,S,le rideau avec les rideaux que j' aime beaucoup n' est pas chaud <eos>,12,chaud,chaude,10,M,P,chaud,-10.343332,chaude,-14.023182,1
6953,S_NOUN_7_ADJ_b,M,S,le rideau avec les rideaux que j' aime beaucoup n' est pas important <eos>,12,important,importante,10,M,P,important,-7.1655035,importante,-11.428903,1
6954,S_NOUN_7_ADJ_b,M,S,le rideau avec les rideaux que j' aime beaucoup n' est pas court <eos>,12,court,courte,10,M,P,court,-9.039017,courte,-12.560627,1
6955,S_NOUN_7_ADJ_b,M,S,le rideau avec les rideaux que j' aime beaucoup n' est pas dur <eos>,12,dur,dure,10,M,P,dur,-8.684702,dure,-10.2889,1
6956,S_NOUN_7_ADJ_b,M,S,le rideau avec les rideaux que j' aime beaucoup n' est pas clair <eos>,12,clair,claire,10,M,P,clair,-5.2384043,claire,-8.808212,1
6957,S_NOUN_7_ADJ_b,M,S,le rideau avec les rideaux que j' aime beaucoup n' est pas intéressant <eos>,12,intéressant,intéressante,10,M,P,intéressant,-8.866881,intéressante,-12.946563,1
6958,S_NOUN_7_ADJ_b,M,S,le rideau avec les rideaux que j' aime beaucoup n' est pas brillant <eos>,12,brillant,brillante,10,M,P,brillant,-7.9187555,brillante,-11.181047,1
6959,S_NOUN_7_ADJ_b,M,S,le rideau avec les rideaux que j' aime beaucoup n' est pas compliqué <eos>,12,compliqué,compliquée,10,M,P,compliqué,-8.811544,compliquée,-12.750006,1
6960,S_NOUN_7_ADJ_b,M,S,le rideau avec les cahiers que j' aime beaucoup n' est pas vert <eos>,12,vert,verte,10,M,P,vert,-9.621902,verte,-13.789627,1
6961,S_NOUN_7_ADJ_b,M,S,le rideau avec les cahiers que j' aime beaucoup n' est pas bleu <eos>,12,bleu,bleue,10,M,P,bleu,-9.256688,bleue,-13.356502,1
6962,S_NOUN_7_ADJ_b,M,S,le rideau avec les cahiers que j' aime beaucoup n' est pas noir <eos>,12,noir,noire,10,M,P,noir,-6.9326887,noire,-13.772993,1
6963,S_NOUN_7_ADJ_b,M,S,le rideau avec les cahiers que j' aime beaucoup n' est pas délicat <eos>,12,délicat,délicate,10,M,P,délicat,-9.688304,délicate,-15.513613,1
6964,S_NOUN_7_ADJ_b,M,S,le rideau avec les cahiers que j' aime beaucoup n' est pas pointu <eos>,12,pointu,pointue,10,M,P,pointu,-11.400854,pointue,-16.502272,1
6965,S_NOUN_7_ADJ_b,M,S,le rideau avec les cahiers que j' aime beaucoup n' est pas rond <eos>,12,rond,ronde,10,M,P,rond,-8.258282,ronde,-12.714623,1
6966,S_NOUN_7_ADJ_b,M,S,le rideau avec les cahiers que j' aime beaucoup n' est pas froid <eos>,12,froid,froide,10,M,P,froid,-10.383155,froide,-14.871422,1
6967,S_NOUN_7_ADJ_b,M,S,le rideau avec les cahiers que j' aime beaucoup n' est pas chaud <eos>,12,chaud,chaude,10,M,P,chaud,-10.152404,chaude,-14.992649,1
6968,S_NOUN_7_ADJ_b,M,S,le rideau avec les cahiers que j' aime beaucoup n' est pas important <eos>,12,important,importante,10,M,P,important,-7.257083,importante,-11.629992,1
6969,S_NOUN_7_ADJ_b,M,S,le rideau avec les cahiers que j' aime beaucoup n' est pas court <eos>,12,court,courte,10,M,P,court,-9.377772,courte,-12.840345,1
6970,S_NOUN_7_ADJ_b,M,S,le rideau avec les cahiers que j' aime beaucoup n' est pas dur <eos>,12,dur,dure,10,M,P,dur,-9.411079,dure,-11.214032,1
6971,S_NOUN_7_ADJ_b,M,S,le rideau avec les cahiers que j' aime beaucoup n' est pas clair <eos>,12,clair,claire,10,M,P,clair,-5.1945586,claire,-9.127478,1
6972,S_NOUN_7_ADJ_b,M,S,le rideau avec les cahiers que j' aime beaucoup n' est pas intéressant <eos>,12,intéressant,intéressante,10,M,P,intéressant,-8.228828,intéressante,-12.361278,1
6973,S_NOUN_7_ADJ_b,M,S,le rideau avec les cahiers que j' aime beaucoup n' est pas brillant <eos>,12,brillant,brillante,10,M,P,brillant,-8.658482,brillante,-12.283646,1
6974,S_NOUN_7_ADJ_b,M,S,le rideau avec les cahiers que j' aime beaucoup n' est pas compliqué <eos>,12,compliqué,compliquée,10,M,P,compliqué,-9.134821,compliquée,-13.465042,1
6975,S_NOUN_7_ADJ_b,M,S,le rideau avec les micros que j' aime beaucoup n' est pas vert <eos>,12,vert,verte,10,M,P,vert,-9.75774,verte,-13.577841,1
6976,S_NOUN_7_ADJ_b,M,S,le rideau avec les micros que j' aime beaucoup n' est pas bleu <eos>,12,bleu,bleue,10,M,P,bleu,-9.655066,bleue,-13.566769,1
6977,S_NOUN_7_ADJ_b,M,S,le rideau avec les micros que j' aime beaucoup n' est pas noir <eos>,12,noir,noire,10,M,P,noir,-7.1991687,noire,-13.205145,1
6978,S_NOUN_7_ADJ_b,M,S,le rideau avec les micros que j' aime beaucoup n' est pas délicat <eos>,12,délicat,délicate,10,M,P,délicat,-9.924472,délicate,-15.145846,1
6979,S_NOUN_7_ADJ_b,M,S,le rideau avec les micros que j' aime beaucoup n' est pas pointu <eos>,12,pointu,pointue,10,M,P,pointu,-10.831284,pointue,-16.230227,1
6980,S_NOUN_7_ADJ_b,M,S,le rideau avec les micros que j' aime beaucoup n' est pas rond <eos>,12,rond,ronde,10,M,P,rond,-8.185015,ronde,-12.999227,1
6981,S_NOUN_7_ADJ_b,M,S,le rideau avec les micros que j' aime beaucoup n' est pas froid <eos>,12,froid,froide,10,M,P,froid,-11.061887,froide,-14.810705,1
6982,S_NOUN_7_ADJ_b,M,S,le rideau avec les micros que j' aime beaucoup n' est pas chaud <eos>,12,chaud,chaude,10,M,P,chaud,-10.671297,chaude,-14.361128,1
6983,S_NOUN_7_ADJ_b,M,S,le rideau avec les micros que j' aime beaucoup n' est pas important <eos>,12,important,importante,10,M,P,important,-7.1693935,importante,-11.574125,1
6984,S_NOUN_7_ADJ_b,M,S,le rideau avec les micros que j' aime beaucoup n' est pas court <eos>,12,court,courte,10,M,P,court,-9.813639,courte,-13.301803,1
6985,S_NOUN_7_ADJ_b,M,S,le rideau avec les micros que j' aime beaucoup n' est pas dur <eos>,12,dur,dure,10,M,P,dur,-8.682579,dure,-11.138231,1
6986,S_NOUN_7_ADJ_b,M,S,le rideau avec les micros que j' aime beaucoup n' est pas clair <eos>,12,clair,claire,10,M,P,clair,-5.4240026,claire,-8.839707,1
6987,S_NOUN_7_ADJ_b,M,S,le rideau avec les micros que j' aime beaucoup n' est pas intéressant <eos>,12,intéressant,intéressante,10,M,P,intéressant,-8.384586,intéressante,-12.269267,1
6988,S_NOUN_7_ADJ_b,M,S,le rideau avec les micros que j' aime beaucoup n' est pas brillant <eos>,12,brillant,brillante,10,M,P,brillant,-8.542079,brillante,-12.407418,1
6989,S_NOUN_7_ADJ_b,M,S,le rideau avec les micros que j' aime beaucoup n' est pas compliqué <eos>,12,compliqué,compliquée,10,M,P,compliqué,-9.069909,compliquée,-12.797177,1
6990,S_NOUN_7_ADJ_b,M,S,le rideau avec les sacs que j' aime beaucoup n' est pas vert <eos>,12,vert,verte,10,M,P,vert,-9.0860405,verte,-12.778503,1
6991,S_NOUN_7_ADJ_b,M,S,le rideau avec les sacs que j' aime beaucoup n' est pas bleu <eos>,12,bleu,bleue,10,M,P,bleu,-9.285273,bleue,-12.996948,1
6992,S_NOUN_7_ADJ_b,M,S,le rideau avec les sacs que j' aime beaucoup n' est pas noir <eos>,12,noir,noire,10,M,P,noir,-6.658736,noire,-12.658187,1
6993,S_NOUN_7_ADJ_b,M,S,le rideau avec les sacs que j' aime beaucoup n' est pas délicat <eos>,12,délicat,délicate,10,M,P,délicat,-9.707615,délicate,-14.625004,1
6994,S_NOUN_7_ADJ_b,M,S,le rideau avec les sacs que j' aime beaucoup n' est pas pointu <eos>,12,pointu,pointue,10,M,P,pointu,-10.87111,pointue,-16.269588,1
6995,S_NOUN_7_ADJ_b,M,S,le rideau avec les sacs que j' aime beaucoup n' est pas rond <eos>,12,rond,ronde,10,M,P,rond,-7.99254,ronde,-12.641412,1
6996,S_NOUN_7_ADJ_b,M,S,le rideau avec les sacs que j' aime beaucoup n' est pas froid <eos>,12,froid,froide,10,M,P,froid,-10.283382,froide,-14.140291,1
6997,S_NOUN_7_ADJ_b,M,S,le rideau avec les sacs que j' aime beaucoup n' est pas chaud <eos>,12,chaud,chaude,10,M,P,chaud,-9.9348,chaude,-14.027676,1
6998,S_NOUN_7_ADJ_b,M,S,le rideau avec les sacs que j' aime beaucoup n' est pas important <eos>,12,important,importante,10,M,P,important,-7.1039267,importante,-11.456242,1
6999,S_NOUN_7_ADJ_b,M,S,le rideau avec les sacs que j' aime beaucoup n' est pas court <eos>,12,court,courte,10,M,P,court,-9.405554,courte,-12.652498,1
7000,S_NOUN_7_ADJ_b,M,S,le rideau avec les sacs que j' aime beaucoup n' est pas dur <eos>,12,dur,dure,10,M,P,dur,-8.223926,dure,-10.50074,1
7001,S_NOUN_7_ADJ_b,M,S,le rideau avec les sacs que j' aime beaucoup n' est pas clair <eos>,12,clair,claire,10,M,P,clair,-5.130263,claire,-8.704382,1
7002,S_NOUN_7_ADJ_b,M,S,le rideau avec les sacs que j' aime beaucoup n' est pas intéressant <eos>,12,intéressant,intéressante,10,M,P,intéressant,-8.338135,intéressante,-11.968511,1
7003,S_NOUN_7_ADJ_b,M,S,le rideau avec les sacs que j' aime beaucoup n' est pas brillant <eos>,12,brillant,brillante,10,M,P,brillant,-8.1854515,brillante,-12.133591,1
7004,S_NOUN_7_ADJ_b,M,S,le rideau avec les sacs que j' aime beaucoup n' est pas compliqué <eos>,12,compliqué,compliquée,10,M,P,compliqué,-8.62907,compliquée,-12.914184,1
7005,S_NOUN_7_ADJ_b,M,S,le rideau avec les claviers que j' aime beaucoup n' est pas vert <eos>,12,vert,verte,10,M,P,vert,-10.620365,verte,-14.701788,1
7006,S_NOUN_7_ADJ_b,M,S,le rideau avec les claviers que j' aime beaucoup n' est pas bleu <eos>,12,bleu,bleue,10,M,P,bleu,-10.4477215,bleue,-14.554246,1
7007,S_NOUN_7_ADJ_b,M,S,le rideau avec les claviers que j' aime beaucoup n' est pas noir <eos>,12,noir,noire,10,M,P,noir,-7.7574987,noire,-13.514058,1
7008,S_NOUN_7_ADJ_b,M,S,le rideau avec les claviers que j' aime beaucoup n' est pas délicat <eos>,12,délicat,délicate,10,M,P,délicat,-9.909521,délicate,-15.352805,1
7009,S_NOUN_7_ADJ_b,M,S,le rideau avec les claviers que j' aime beaucoup n' est pas pointu <eos>,12,pointu,pointue,10,M,P,pointu,-10.806763,pointue,-16.173178,1
7010,S_NOUN_7_ADJ_b,M,S,le rideau avec les claviers que j' aime beaucoup n' est pas rond <eos>,12,rond,ronde,10,M,P,rond,-8.609423,ronde,-12.798931,1
7011,S_NOUN_7_ADJ_b,M,S,le rideau avec les claviers que j' aime beaucoup n' est pas froid <eos>,12,froid,froide,10,M,P,froid,-11.371961,froide,-15.4894705,1
7012,S_NOUN_7_ADJ_b,M,S,le rideau avec les claviers que j' aime beaucoup n' est pas chaud <eos>,12,chaud,chaude,10,M,P,chaud,-11.103569,chaude,-15.107417,1
7013,S_NOUN_7_ADJ_b,M,S,le rideau avec les claviers que j' aime beaucoup n' est pas important <eos>,12,important,importante,10,M,P,important,-6.851903,importante,-11.265989,1
7014,S_NOUN_7_ADJ_b,M,S,le rideau avec les claviers que j' aime beaucoup n' est pas court <eos>,12,court,courte,10,M,P,court,-9.396294,courte,-12.551998,1
7015,S_NOUN_7_ADJ_b,M,S,le rideau avec les claviers que j' aime beaucoup n' est pas dur <eos>,12,dur,dure,10,M,P,dur,-8.737094,dure,-10.847133,1
7016,S_NOUN_7_ADJ_b,M,S,le rideau avec les claviers que j' aime beaucoup n' est pas clair <eos>,12,clair,claire,10,M,P,clair,-5.6386576,claire,-9.27994,1
7017,S_NOUN_7_ADJ_b,M,S,le rideau avec les claviers que j' aime beaucoup n' est pas intéressant <eos>,12,intéressant,intéressante,10,M,P,intéressant,-8.471752,intéressante,-12.291557,1
7018,S_NOUN_7_ADJ_b,M,S,le rideau avec les claviers que j' aime beaucoup n' est pas brillant <eos>,12,brillant,brillante,10,M,P,brillant,-8.606476,brillante,-12.721518,1
7019,S_NOUN_7_ADJ_b,M,S,le rideau avec les claviers que j' aime beaucoup n' est pas compliqué <eos>,12,compliqué,compliquée,10,M,P,compliqué,-8.595738,compliquée,-12.468774,1
7020,S_NOUN_7_ADJ_b,M,S,le rideau avec les raisins que j' aime beaucoup n' est pas vert <eos>,12,vert,verte,10,M,P,vert,-8.94201,verte,-13.70475,1
7021,S_NOUN_7_ADJ_b,M,S,le rideau avec les raisins que j' aime beaucoup n' est pas bleu <eos>,12,bleu,bleue,10,M,P,bleu,-9.094653,bleue,-13.375419,1
7022,S_NOUN_7_ADJ_b,M,S,le rideau avec les raisins que j' aime beaucoup n' est pas noir <eos>,12,noir,noire,10,M,P,noir,-6.7716227,noire,-13.054888,1
7023,S_NOUN_7_ADJ_b,M,S,le rideau avec les raisins que j' aime beaucoup n' est pas délicat <eos>,12,délicat,délicate,10,M,P,délicat,-9.0493355,délicate,-14.309349,1
7024,S_NOUN_7_ADJ_b,M,S,le rideau avec les raisins que j' aime beaucoup n' est pas pointu <eos>,12,pointu,pointue,10,M,P,pointu,-11.834202,pointue,-16.651566,1
7025,S_NOUN_7_ADJ_b,M,S,le rideau avec les raisins que j' aime beaucoup n' est pas rond <eos>,12,rond,ronde,10,M,P,rond,-8.403841,ronde,-12.819113,1
7026,S_NOUN_7_ADJ_b,M,S,le rideau avec les raisins que j' aime beaucoup n' est pas froid <eos>,12,froid,froide,10,M,P,froid,-9.291671,froide,-13.548094,1
7027,S_NOUN_7_ADJ_b,M,S,le rideau avec les raisins que j' aime beaucoup n' est pas chaud <eos>,12,chaud,chaude,10,M,P,chaud,-9.171106,chaude,-13.191067,1
7028,S_NOUN_7_ADJ_b,M,S,le rideau avec les raisins que j' aime beaucoup n' est pas important <eos>,12,important,importante,10,M,P,important,-7.1411347,importante,-11.124891,1
7029,S_NOUN_7_ADJ_b,M,S,le rideau avec les raisins que j' aime beaucoup n' est pas court <eos>,12,court,courte,10,M,P,court,-9.632407,courte,-13.029627,1
7030,S_NOUN_7_ADJ_b,M,S,le rideau avec les raisins que j' aime beaucoup n' est pas dur <eos>,12,dur,dure,10,M,P,dur,-9.363882,dure,-10.199766,1
7031,S_NOUN_7_ADJ_b,M,S,le rideau avec les raisins que j' aime beaucoup n' est pas clair <eos>,12,clair,claire,10,M,P,clair,-4.294077,claire,-8.31076,1
7032,S_NOUN_7_ADJ_b,M,S,le rideau avec les raisins que j' aime beaucoup n' est pas intéressant <eos>,12,intéressant,intéressante,10,M,P,intéressant,-8.967178,intéressante,-12.570998,1
7033,S_NOUN_7_ADJ_b,M,S,le rideau avec les raisins que j' aime beaucoup n' est pas brillant <eos>,12,brillant,brillante,10,M,P,brillant,-8.275542,brillante,-12.12052,1
7034,S_NOUN_7_ADJ_b,M,S,le rideau avec les raisins que j' aime beaucoup n' est pas compliqué <eos>,12,compliqué,compliquée,10,M,P,compliqué,-8.558053,compliquée,-12.785775,1
7035,S_NOUN_7_ADJ_b,M,S,le rideau avec les chargeurs que j' aime beaucoup n' est pas vert <eos>,12,vert,verte,10,M,P,vert,-9.727564,verte,-13.069323,1
7036,S_NOUN_7_ADJ_b,M,S,le rideau avec les chargeurs que j' aime beaucoup n' est pas bleu <eos>,12,bleu,bleue,10,M,P,bleu,-9.910559,bleue,-13.9983015,1
7037,S_NOUN_7_ADJ_b,M,S,le rideau avec les chargeurs que j' aime beaucoup n' est pas noir <eos>,12,noir,noire,10,M,P,noir,-7.536545,noire,-12.733098,1
7038,S_NOUN_7_ADJ_b,M,S,le rideau avec les chargeurs que j' aime beaucoup n' est pas délicat <eos>,12,délicat,délicate,10,M,P,délicat,-10.110475,délicate,-15.212587,1
7039,S_NOUN_7_ADJ_b,M,S,le rideau avec les chargeurs que j' aime beaucoup n' est pas pointu <eos>,12,pointu,pointue,10,M,P,pointu,-10.449173,pointue,-15.95229,1
7040,S_NOUN_7_ADJ_b,M,S,le rideau avec les chargeurs que j' aime beaucoup n' est pas rond <eos>,12,rond,ronde,10,M,P,rond,-8.902632,ronde,-12.392104,1
7041,S_NOUN_7_ADJ_b,M,S,le rideau avec les chargeurs que j' aime beaucoup n' est pas froid <eos>,12,froid,froide,10,M,P,froid,-11.293825,froide,-14.771278,1
7042,S_NOUN_7_ADJ_b,M,S,le rideau avec les chargeurs que j' aime beaucoup n' est pas chaud <eos>,12,chaud,chaude,10,M,P,chaud,-10.843176,chaude,-15.052128,1
7043,S_NOUN_7_ADJ_b,M,S,le rideau avec les chargeurs que j' aime beaucoup n' est pas important <eos>,12,important,importante,10,M,P,important,-6.7986774,importante,-10.73737,1
7044,S_NOUN_7_ADJ_b,M,S,le rideau avec les chargeurs que j' aime beaucoup n' est pas court <eos>,12,court,courte,10,M,P,court,-9.725475,courte,-12.728998,1
7045,S_NOUN_7_ADJ_b,M,S,le rideau avec les chargeurs que j' aime beaucoup n' est pas dur <eos>,12,dur,dure,10,M,P,dur,-9.510261,dure,-11.9795475,1
7046,S_NOUN_7_ADJ_b,M,S,le rideau avec les chargeurs que j' aime beaucoup n' est pas clair <eos>,12,clair,claire,10,M,P,clair,-5.9875503,claire,-9.437317,1
7047,S_NOUN_7_ADJ_b,M,S,le rideau avec les chargeurs que j' aime beaucoup n' est pas intéressant <eos>,12,intéressant,intéressante,10,M,P,intéressant,-8.318727,intéressante,-12.169167,1
7048,S_NOUN_7_ADJ_b,M,S,le rideau avec les chargeurs que j' aime beaucoup n' est pas brillant <eos>,12,brillant,brillante,10,M,P,brillant,-8.820464,brillante,-12.7643,1
7049,S_NOUN_7_ADJ_b,M,S,le rideau avec les chargeurs que j' aime beaucoup n' est pas compliqué <eos>,12,compliqué,compliquée,10,M,P,compliqué,-8.968347,compliquée,-13.588509,1
7050,S_NOUN_7_ADJ_b,M,S,le rideau avec les vases que j' aime beaucoup n' est pas vert <eos>,12,vert,verte,10,M,P,vert,-9.099512,verte,-13.037666,1
7051,S_NOUN_7_ADJ_b,M,S,le rideau avec les vases que j' aime beaucoup n' est pas bleu <eos>,12,bleu,bleue,10,M,P,bleu,-8.990883,bleue,-12.939754,1
7052,S_NOUN_7_ADJ_b,M,S,le rideau avec les vases que j' aime beaucoup n' est pas noir <eos>,12,noir,noire,10,M,P,noir,-6.9694595,noire,-12.83891,1
7053,S_NOUN_7_ADJ_b,M,S,le rideau avec les vases que j' aime beaucoup n' est pas délicat <eos>,12,délicat,délicate,10,M,P,délicat,-9.99086,délicate,-14.367362,1
7054,S_NOUN_7_ADJ_b,M,S,le rideau avec les vases que j' aime beaucoup n' est pas pointu <eos>,12,pointu,pointue,10,M,P,pointu,-11.086778,pointue,-15.817391,1
7055,S_NOUN_7_ADJ_b,M,S,le rideau avec les vases que j' aime beaucoup n' est pas rond <eos>,12,rond,ronde,10,M,P,rond,-7.8067036,ronde,-11.754243,1
7056,S_NOUN_7_ADJ_b,M,S,le rideau avec les vases que j' aime beaucoup n' est pas froid <eos>,12,froid,froide,10,M,P,froid,-10.4445915,froide,-14.058915,1
7057,S_NOUN_7_ADJ_b,M,S,le rideau avec les vases que j' aime beaucoup n' est pas chaud <eos>,12,chaud,chaude,10,M,P,chaud,-10.137812,chaude,-13.586659,1
7058,S_NOUN_7_ADJ_b,M,S,le rideau avec les vases que j' aime beaucoup n' est pas important <eos>,12,important,importante,10,M,P,important,-7.0748005,importante,-11.071285,1
7059,S_NOUN_7_ADJ_b,M,S,le rideau avec les vases que j' aime beaucoup n' est pas court <eos>,12,court,courte,10,M,P,court,-10.181604,courte,-13.132313,1
7060,S_NOUN_7_ADJ_b,M,S,le rideau avec les vases que j' aime beaucoup n' est pas dur <eos>,12,dur,dure,10,M,P,dur,-9.507319,dure,-11.273327,1
7061,S_NOUN_7_ADJ_b,M,S,le rideau avec les vases que j' aime beaucoup n' est pas clair <eos>,12,clair,claire,10,M,P,clair,-4.7904005,claire,-7.9909105,1
7062,S_NOUN_7_ADJ_b,M,S,le rideau avec les vases que j' aime beaucoup n' est pas intéressant <eos>,12,intéressant,intéressante,10,M,P,intéressant,-9.039017,intéressante,-12.649872,1
7063,S_NOUN_7_ADJ_b,M,S,le rideau avec les vases que j' aime beaucoup n' est pas brillant <eos>,12,brillant,brillante,10,M,P,brillant,-7.8963957,brillante,-11.598915,1
7064,S_NOUN_7_ADJ_b,M,S,le rideau avec les vases que j' aime beaucoup n' est pas compliqué <eos>,12,compliqué,compliquée,10,M,P,compliqué,-9.161291,compliquée,-13.07417,1
7065,S_NOUN_7_ADJ_b,M,S,le rideau avec les paniers que j' aime beaucoup n' est pas vert <eos>,12,vert,verte,10,M,P,vert,-9.3934,verte,-13.594977,1
7066,S_NOUN_7_ADJ_b,M,S,le rideau avec les paniers que j' aime beaucoup n' est pas bleu <eos>,12,bleu,bleue,10,M,P,bleu,-9.698087,bleue,-13.942514,1
7067,S_NOUN_7_ADJ_b,M,S,le rideau avec les paniers que j' aime beaucoup n' est pas noir <eos>,12,noir,noire,10,M,P,noir,-7.180151,noire,-12.998122,1
7068,S_NOUN_7_ADJ_b,M,S,le rideau avec les paniers que j' aime beaucoup n' est pas délicat <eos>,12,délicat,délicate,10,M,P,délicat,-9.624873,délicate,-14.686358,1
7069,S_NOUN_7_ADJ_b,M,S,le rideau avec les paniers que j' aime beaucoup n' est pas pointu <eos>,12,pointu,pointue,10,M,P,pointu,-10.374389,pointue,-15.523918,1
7070,S_NOUN_7_ADJ_b,M,S,le rideau avec les paniers que j' aime beaucoup n' est pas rond <eos>,12,rond,ronde,10,M,P,rond,-8.066072,ronde,-12.4182415,1
7071,S_NOUN_7_ADJ_b,M,S,le rideau avec les paniers que j' aime beaucoup n' est pas froid <eos>,12,froid,froide,10,M,P,froid,-10.971839,froide,-15.129523,1
7072,S_NOUN_7_ADJ_b,M,S,le rideau avec les paniers que j' aime beaucoup n' est pas chaud <eos>,12,chaud,chaude,10,M,P,chaud,-10.901981,chaude,-14.880334,1
7073,S_NOUN_7_ADJ_b,M,S,le rideau avec les paniers que j' aime beaucoup n' est pas important <eos>,12,important,importante,10,M,P,important,-7.0419946,importante,-11.319733,1
7074,S_NOUN_7_ADJ_b,M,S,le rideau avec les paniers que j' aime beaucoup n' est pas court <eos>,12,court,courte,10,M,P,court,-9.304383,courte,-12.582983,1
7075,S_NOUN_7_ADJ_b,M,S,le rideau avec les paniers que j' aime beaucoup n' est pas dur <eos>,12,dur,dure,10,M,P,dur,-8.587199,dure,-10.836159,1
7076,S_NOUN_7_ADJ_b,M,S,le rideau avec les paniers que j' aime beaucoup n' est pas clair <eos>,12,clair,claire,10,M,P,clair,-5.3861723,claire,-9.128297,1
7077,S_NOUN_7_ADJ_b,M,S,le rideau avec les paniers que j' aime beaucoup n' est pas intéressant <eos>,12,intéressant,intéressante,10,M,P,intéressant,-8.61161,intéressante,-13.030724,1
7078,S_NOUN_7_ADJ_b,M,S,le rideau avec les paniers que j' aime beaucoup n' est pas brillant <eos>,12,brillant,brillante,10,M,P,brillant,-8.3716755,brillante,-11.707611,1
7079,S_NOUN_7_ADJ_b,M,S,le rideau avec les paniers que j' aime beaucoup n' est pas compliqué <eos>,12,compliqué,compliquée,10,M,P,compliqué,-8.610453,compliquée,-12.879547,1
7080,S_NOUN_7_ADJ_b,M,S,le rideau avec les colliers que j' aime beaucoup n' est pas vert <eos>,12,vert,verte,10,M,P,vert,-9.150768,verte,-12.976307,1
7081,S_NOUN_7_ADJ_b,M,S,le rideau avec les colliers que j' aime beaucoup n' est pas bleu <eos>,12,bleu,bleue,10,M,P,bleu,-8.9062395,bleue,-13.159529,1
7082,S_NOUN_7_ADJ_b,M,S,le rideau avec les colliers que j' aime beaucoup n' est pas noir <eos>,12,noir,noire,10,M,P,noir,-6.653804,noire,-12.3866,1
7083,S_NOUN_7_ADJ_b,M,S,le rideau avec les colliers que j' aime beaucoup n' est pas délicat <eos>,12,délicat,délicate,10,M,P,délicat,-9.613692,délicate,-14.297558,1
7084,S_NOUN_7_ADJ_b,M,S,le rideau avec les colliers que j' aime beaucoup n' est pas pointu <eos>,12,pointu,pointue,10,M,P,pointu,-10.366539,pointue,-15.6323805,1
7085,S_NOUN_7_ADJ_b,M,S,le rideau avec les colliers que j' aime beaucoup n' est pas rond <eos>,12,rond,ronde,10,M,P,rond,-8.038222,ronde,-12.263059,1
7086,S_NOUN_7_ADJ_b,M,S,le rideau avec les colliers que j' aime beaucoup n' est pas froid <eos>,12,froid,froide,10,M,P,froid,-11.063993,froide,-14.74614,1
7087,S_NOUN_7_ADJ_b,M,S,le rideau avec les colliers que j' aime beaucoup n' est pas chaud <eos>,12,chaud,chaude,10,M,P,chaud,-10.827844,chaude,-15.163715,1
7088,S_NOUN_7_ADJ_b,M,S,le rideau avec les colliers que j' aime beaucoup n' est pas important <eos>,12,important,importante,10,M,P,important,-7.2873936,importante,-11.626603,1
7089,S_NOUN_7_ADJ_b,M,S,le rideau avec les colliers que j' aime beaucoup n' est pas court <eos>,12,court,courte,10,M,P,court,-9.663864,courte,-13.048666,1
7090,S_NOUN_7_ADJ_b,M,S,le rideau avec les colliers que j' aime beaucoup n' est pas dur <eos>,12,dur,dure,10,M,P,dur,-8.544321,dure,-11.174038,1
7091,S_NOUN_7_ADJ_b,M,S,le rideau avec les colliers que j' aime beaucoup n' est pas clair <eos>,12,clair,claire,10,M,P,clair,-5.351919,claire,-9.0442295,1
7092,S_NOUN_7_ADJ_b,M,S,le rideau avec les colliers que j' aime beaucoup n' est pas intéressant <eos>,12,intéressant,intéressante,10,M,P,intéressant,-8.499038,intéressante,-13.26078,1
7093,S_NOUN_7_ADJ_b,M,S,le rideau avec les colliers que j' aime beaucoup n' est pas brillant <eos>,12,brillant,brillante,10,M,P,brillant,-7.5488443,brillante,-11.307365,1
7094,S_NOUN_7_ADJ_b,M,S,le rideau avec les colliers que j' aime beaucoup n' est pas compliqué <eos>,12,compliqué,compliquée,10,M,P,compliqué,-8.5643425,compliquée,-12.920756,1
7095,S_NOUN_7_ADJ_b,M,S,le rideau avec les chapeaux que j' aime beaucoup n' est pas vert <eos>,12,vert,verte,10,M,P,vert,-9.057179,verte,-13.254066,1
7096,S_NOUN_7_ADJ_b,M,S,le rideau avec les chapeaux que j' aime beaucoup n' est pas bleu <eos>,12,bleu,bleue,10,M,P,bleu,-8.976803,bleue,-13.250773,1
7097,S_NOUN_7_ADJ_b,M,S,le rideau avec les chapeaux que j' aime beaucoup n' est pas noir <eos>,12,noir,noire,10,M,P,noir,-6.638015,noire,-12.465852,1
7098,S_NOUN_7_ADJ_b,M,S,le rideau avec les chapeaux que j' aime beaucoup n' est pas délicat <eos>,12,délicat,délicate,10,M,P,délicat,-9.76576,délicate,-15.032015,1
7099,S_NOUN_7_ADJ_b,M,S,le rideau avec les chapeaux que j' aime beaucoup n' est pas pointu <eos>,12,pointu,pointue,10,M,P,pointu,-10.633625,pointue,-15.850752,1
7100,S_NOUN_7_ADJ_b,M,S,le rideau avec les chapeaux que j' aime beaucoup n' est pas rond <eos>,12,rond,ronde,10,M,P,rond,-7.9562893,ronde,-11.793473,1
7101,S_NOUN_7_ADJ_b,M,S,le rideau avec les chapeaux que j' aime beaucoup n' est pas froid <eos>,12,froid,froide,10,M,P,froid,-10.451926,froide,-14.516527,1
7102,S_NOUN_7_ADJ_b,M,S,le rideau avec les chapeaux que j' aime beaucoup n' est pas chaud <eos>,12,chaud,chaude,10,M,P,chaud,-10.460773,chaude,-14.53512,1
7103,S_NOUN_7_ADJ_b,M,S,le rideau avec les chapeaux que j' aime beaucoup n' est pas important <eos>,12,important,importante,10,M,P,important,-7.517034,importante,-11.734049,1
7104,S_NOUN_7_ADJ_b,M,S,le rideau avec les chapeaux que j' aime beaucoup n' est pas court <eos>,12,court,courte,10,M,P,court,-9.22253,courte,-12.850711,1
7105,S_NOUN_7_ADJ_b,M,S,le rideau avec les chapeaux que j' aime beaucoup n' est pas dur <eos>,12,dur,dure,10,M,P,dur,-8.845147,dure,-10.818039,1
7106,S_NOUN_7_ADJ_b,M,S,le rideau avec les chapeaux que j' aime beaucoup n' est pas clair <eos>,12,clair,claire,10,M,P,clair,-5.1453285,claire,-8.919409,1
7107,S_NOUN_7_ADJ_b,M,S,le rideau avec les chapeaux que j' aime beaucoup n' est pas intéressant <eos>,12,intéressant,intéressante,10,M,P,intéressant,-8.863352,intéressante,-13.429275,1
7108,S_NOUN_7_ADJ_b,M,S,le rideau avec les chapeaux que j' aime beaucoup n' est pas brillant <eos>,12,brillant,brillante,10,M,P,brillant,-8.200335,brillante,-11.881987,1
7109,S_NOUN_7_ADJ_b,M,S,le rideau avec les chapeaux que j' aime beaucoup n' est pas compliqué <eos>,12,compliqué,compliquée,10,M,P,compliqué,-8.75289,compliquée,-13.241073,1
7110,S_NOUN_7_ADJ_b,M,S,le rideau avec les pots que j' aime beaucoup n' est pas vert <eos>,12,vert,verte,10,M,P,vert,-8.852635,verte,-13.015233,1
7111,S_NOUN_7_ADJ_b,M,S,le rideau avec les pots que j' aime beaucoup n' est pas bleu <eos>,12,bleu,bleue,10,M,P,bleu,-8.887079,bleue,-12.944675,1
7112,S_NOUN_7_ADJ_b,M,S,le rideau avec les pots que j' aime beaucoup n' est pas noir <eos>,12,noir,noire,10,M,P,noir,-6.6740875,noire,-12.7497425,1
7113,S_NOUN_7_ADJ_b,M,S,le rideau avec les pots que j' aime beaucoup n' est pas délicat <eos>,12,délicat,délicate,10,M,P,délicat,-9.809042,délicate,-14.847581,1
7114,S_NOUN_7_ADJ_b,M,S,le rideau avec les pots que j' aime beaucoup n' est pas pointu <eos>,12,pointu,pointue,10,M,P,pointu,-11.302435,pointue,-16.431782,1
7115,S_NOUN_7_ADJ_b,M,S,le rideau avec les pots que j' aime beaucoup n' est pas rond <eos>,12,rond,ronde,10,M,P,rond,-8.062909,ronde,-12.334362,1
7116,S_NOUN_7_ADJ_b,M,S,le rideau avec les pots que j' aime beaucoup n' est pas froid <eos>,12,froid,froide,10,M,P,froid,-9.887238,froide,-13.485525,1
7117,S_NOUN_7_ADJ_b,M,S,le rideau avec les pots que j' aime beaucoup n' est pas chaud <eos>,12,chaud,chaude,10,M,P,chaud,-9.673481,chaude,-13.502054,1
7118,S_NOUN_7_ADJ_b,M,S,le rideau avec les pots que j' aime beaucoup n' est pas important <eos>,12,important,importante,10,M,P,important,-7.5866165,importante,-11.930765,1
7119,S_NOUN_7_ADJ_b,M,S,le rideau avec les pots que j' aime beaucoup n' est pas court <eos>,12,court,courte,10,M,P,court,-9.852015,courte,-13.355864,1
7120,S_NOUN_7_ADJ_b,M,S,le rideau avec les pots que j' aime beaucoup n' est pas dur <eos>,12,dur,dure,10,M,P,dur,-8.633043,dure,-10.6865,1
7121,S_NOUN_7_ADJ_b,M,S,le rideau avec les pots que j' aime beaucoup n' est pas clair <eos>,12,clair,claire,10,M,P,clair,-5.1022596,claire,-8.6849575,1
7122,S_NOUN_7_ADJ_b,M,S,le rideau avec les pots que j' aime beaucoup n' est pas intéressant <eos>,12,intéressant,intéressante,10,M,P,intéressant,-8.98003,intéressante,-12.738052,1
7123,S_NOUN_7_ADJ_b,M,S,le rideau avec les pots que j' aime beaucoup n' est pas brillant <eos>,12,brillant,brillante,10,M,P,brillant,-8.235849,brillante,-12.147354,1
7124,S_NOUN_7_ADJ_b,M,S,le rideau avec les pots que j' aime beaucoup n' est pas compliqué <eos>,12,compliqué,compliquée,10,M,P,compliqué,-8.805156,compliquée,-13.123124,1
7125,S_NOUN_7_ADJ_b,M,S,le rideau avec les coussins que j' aime beaucoup n' est pas vert <eos>,12,vert,verte,10,M,P,vert,-9.051857,verte,-12.703288,1
7126,S_NOUN_7_ADJ_b,M,S,le rideau avec les coussins que j' aime beaucoup n' est pas bleu <eos>,12,bleu,bleue,10,M,P,bleu,-9.164069,bleue,-12.6363125,1
7127,S_NOUN_7_ADJ_b,M,S,le rideau avec les coussins que j' aime beaucoup n' est pas noir <eos>,12,noir,noire,10,M,P,noir,-6.735112,noire,-12.574763,1
7128,S_NOUN_7_ADJ_b,M,S,le rideau avec les coussins que j' aime beaucoup n' est pas délicat <eos>,12,délicat,délicate,10,M,P,délicat,-9.847641,délicate,-14.544972,1
7129,S_NOUN_7_ADJ_b,M,S,le rideau avec les coussins que j' aime beaucoup n' est pas pointu <eos>,12,pointu,pointue,10,M,P,pointu,-10.520098,pointue,-15.674619,1
7130,S_NOUN_7_ADJ_b,M,S,le rideau avec les coussins que j' aime beaucoup n' est pas rond <eos>,12,rond,ronde,10,M,P,rond,-7.6135554,ronde,-12.272625,1
7131,S_NOUN_7_ADJ_b,M,S,le rideau avec les coussins que j' aime beaucoup n' est pas froid <eos>,12,froid,froide,10,M,P,froid,-10.829914,froide,-14.113298,1
7132,S_NOUN_7_ADJ_b,M,S,le rideau avec les coussins que j' aime beaucoup n' est pas chaud <eos>,12,chaud,chaude,10,M,P,chaud,-10.11874,chaude,-14.039493,1
7133,S_NOUN_7_ADJ_b,M,S,le rideau avec les coussins que j' aime beaucoup n' est pas important <eos>,12,important,importante,10,M,P,important,-7.5193434,importante,-11.734122,1
7134,S_NOUN_7_ADJ_b,M,S,le rideau avec les coussins que j' aime beaucoup n' est pas court <eos>,12,court,courte,10,M,P,court,-9.540348,courte,-13.098595,1
7135,S_NOUN_7_ADJ_b,M,S,le rideau avec les coussins que j' aime beaucoup n' est pas dur <eos>,12,dur,dure,10,M,P,dur,-8.740441,dure,-10.873728,1
7136,S_NOUN_7_ADJ_b,M,S,le rideau avec les coussins que j' aime beaucoup n' est pas clair <eos>,12,clair,claire,10,M,P,clair,-5.6538157,claire,-8.581583,1
7137,S_NOUN_7_ADJ_b,M,S,le rideau avec les coussins que j' aime beaucoup n' est pas intéressant <eos>,12,intéressant,intéressante,10,M,P,intéressant,-8.793894,intéressante,-12.537432,1
7138,S_NOUN_7_ADJ_b,M,S,le rideau avec les coussins que j' aime beaucoup n' est pas brillant <eos>,12,brillant,brillante,10,M,P,brillant,-8.223654,brillante,-11.800252,1
7139,S_NOUN_7_ADJ_b,M,S,le rideau avec les coussins que j' aime beaucoup n' est pas compliqué <eos>,12,compliqué,compliquée,10,M,P,compliqué,-8.730125,compliquée,-12.482222,1
7140,S_NOUN_7_ADJ_b,M,S,le rideau avec les jouets que j' aime beaucoup n' est pas vert <eos>,12,vert,verte,10,M,P,vert,-9.913426,verte,-13.482007,1
7141,S_NOUN_7_ADJ_b,M,S,le rideau avec les jouets que j' aime beaucoup n' est pas bleu <eos>,12,bleu,bleue,10,M,P,bleu,-10.094612,bleue,-13.639637,1
7142,S_NOUN_7_ADJ_b,M,S,le rideau avec les jouets que j' aime beaucoup n' est pas noir <eos>,12,noir,noire,10,M,P,noir,-7.2902203,noire,-12.976755,1
7143,S_NOUN_7_ADJ_b,M,S,le rideau avec les jouets que j' aime beaucoup n' est pas délicat <eos>,12,délicat,délicate,10,M,P,délicat,-10.33527,délicate,-15.115221,1
7144,S_NOUN_7_ADJ_b,M,S,le rideau avec les jouets que j' aime beaucoup n' est pas pointu <eos>,12,pointu,pointue,10,M,P,pointu,-11.213366,pointue,-16.201532,1
7145,S_NOUN_7_ADJ_b,M,S,le rideau avec les jouets que j' aime beaucoup n' est pas rond <eos>,12,rond,ronde,10,M,P,rond,-8.437837,ronde,-12.60702,1
7146,S_NOUN_7_ADJ_b,M,S,le rideau avec les jouets que j' aime beaucoup n' est pas froid <eos>,12,froid,froide,10,M,P,froid,-10.437329,froide,-14.063537,1
7147,S_NOUN_7_ADJ_b,M,S,le rideau avec les jouets que j' aime beaucoup n' est pas chaud <eos>,12,chaud,chaude,10,M,P,chaud,-10.207317,chaude,-14.158875,1
7148,S_NOUN_7_ADJ_b,M,S,le rideau avec les jouets que j' aime beaucoup n' est pas important <eos>,12,important,importante,10,M,P,important,-7.3397884,importante,-11.500352,1
7149,S_NOUN_7_ADJ_b,M,S,le rideau avec les jouets que j' aime beaucoup n' est pas court <eos>,12,court,courte,10,M,P,court,-9.726757,courte,-13.174047,1
7150,S_NOUN_7_ADJ_b,M,S,le rideau avec les jouets que j' aime beaucoup n' est pas dur <eos>,12,dur,dure,10,M,P,dur,-9.054102,dure,-11.061952,1
7151,S_NOUN_7_ADJ_b,M,S,le rideau avec les jouets que j' aime beaucoup n' est pas clair <eos>,12,clair,claire,10,M,P,clair,-5.863864,claire,-9.057851,1
7152,S_NOUN_7_ADJ_b,M,S,le rideau avec les jouets que j' aime beaucoup n' est pas intéressant <eos>,12,intéressant,intéressante,10,M,P,intéressant,-8.662412,intéressante,-12.375917,1
7153,S_NOUN_7_ADJ_b,M,S,le rideau avec les jouets que j' aime beaucoup n' est pas brillant <eos>,12,brillant,brillante,10,M,P,brillant,-9.137875,brillante,-12.47943,1
7154,S_NOUN_7_ADJ_b,M,S,le rideau avec les jouets que j' aime beaucoup n' est pas compliqué <eos>,12,compliqué,compliquée,10,M,P,compliqué,-8.9495945,compliquée,-12.506668,1
7155,S_NOUN_7_ADJ_b,M,S,le rideau avec les clous que j' aime beaucoup n' est pas vert <eos>,12,vert,verte,10,M,P,vert,-9.019575,verte,-13.296973,1
7156,S_NOUN_7_ADJ_b,M,S,le rideau avec les clous que j' aime beaucoup n' est pas bleu <eos>,12,bleu,bleue,10,M,P,bleu,-9.010958,bleue,-13.690266,1
7157,S_NOUN_7_ADJ_b,M,S,le rideau avec les clous que j' aime beaucoup n' est pas noir <eos>,12,noir,noire,10,M,P,noir,-6.8320436,noire,-12.619947,1
7158,S_NOUN_7_ADJ_b,M,S,le rideau avec les clous que j' aime beaucoup n' est pas délicat <eos>,12,délicat,délicate,10,M,P,délicat,-9.464457,délicate,-14.278311,1
7159,S_NOUN_7_ADJ_b,M,S,le rideau avec les clous que j' aime beaucoup n' est pas pointu <eos>,12,pointu,pointue,10,M,P,pointu,-10.114576,pointue,-15.314827,1
7160,S_NOUN_7_ADJ_b,M,S,le rideau avec les clous que j' aime beaucoup n' est pas rond <eos>,12,rond,ronde,10,M,P,rond,-7.440054,ronde,-12.436144,1
7161,S_NOUN_7_ADJ_b,M,S,le rideau avec les clous que j' aime beaucoup n' est pas froid <eos>,12,froid,froide,10,M,P,froid,-10.704458,froide,-15.0116205,1
7162,S_NOUN_7_ADJ_b,M,S,le rideau avec les clous que j' aime beaucoup n' est pas chaud <eos>,12,chaud,chaude,10,M,P,chaud,-10.402744,chaude,-14.5994005,1
7163,S_NOUN_7_ADJ_b,M,S,le rideau avec les clous que j' aime beaucoup n' est pas important <eos>,12,important,importante,10,M,P,important,-7.2735305,importante,-11.575026,1
7164,S_NOUN_7_ADJ_b,M,S,le rideau avec les clous que j' aime beaucoup n' est pas court <eos>,12,court,courte,10,M,P,court,-8.982426,courte,-12.719631,1
7165,S_NOUN_7_ADJ_b,M,S,le rideau avec les clous que j' aime beaucoup n' est pas dur <eos>,12,dur,dure,10,M,P,dur,-8.418501,dure,-10.630039,1
7166,S_NOUN_7_ADJ_b,M,S,le rideau avec les clous que j' aime beaucoup n' est pas clair <eos>,12,clair,claire,10,M,P,clair,-5.232916,claire,-8.855653,1
7167,S_NOUN_7_ADJ_b,M,S,le rideau avec les clous que j' aime beaucoup n' est pas intéressant <eos>,12,intéressant,intéressante,10,M,P,intéressant,-8.601398,intéressante,-13.261595,1
7168,S_NOUN_7_ADJ_b,M,S,le rideau avec les clous que j' aime beaucoup n' est pas brillant <eos>,12,brillant,brillante,10,M,P,brillant,-7.6959157,brillante,-12.2652645,1
7169,S_NOUN_7_ADJ_b,M,S,le rideau avec les clous que j' aime beaucoup n' est pas compliqué <eos>,12,compliqué,compliquée,10,M,P,compliqué,-8.724033,compliquée,-13.254655,1
7170,S_NOUN_7_ADJ_b,M,S,le rideau avec les billets que j' aime beaucoup n' est pas vert <eos>,12,vert,verte,10,M,P,vert,-9.385344,verte,-13.163425,1
7171,S_NOUN_7_ADJ_b,M,S,le rideau avec les billets que j' aime beaucoup n' est pas bleu <eos>,12,bleu,bleue,10,M,P,bleu,-9.347271,bleue,-13.265096,1
7172,S_NOUN_7_ADJ_b,M,S,le rideau avec les billets que j' aime beaucoup n' est pas noir <eos>,12,noir,noire,10,M,P,noir,-6.869867,noire,-13.010439,1
7173,S_NOUN_7_ADJ_b,M,S,le rideau avec les billets que j' aime beaucoup n' est pas délicat <eos>,12,délicat,délicate,10,M,P,délicat,-10.407303,délicate,-16.163046,1
7174,S_NOUN_7_ADJ_b,M,S,le rideau avec les billets que j' aime beaucoup n' est pas pointu <eos>,12,pointu,pointue,10,M,P,pointu,-11.081141,pointue,-16.366686,1
7175,S_NOUN_7_ADJ_b,M,S,le rideau avec les billets que j' aime beaucoup n' est pas rond <eos>,12,rond,ronde,10,M,P,rond,-8.130352,ronde,-12.069218,1
7176,S_NOUN_7_ADJ_b,M,S,le rideau avec les billets que j' aime beaucoup n' est pas froid <eos>,12,froid,froide,10,M,P,froid,-10.909302,froide,-14.894468,1
7177,S_NOUN_7_ADJ_b,M,S,le rideau avec les billets que j' aime beaucoup n' est pas chaud <eos>,12,chaud,chaude,10,M,P,chaud,-10.72793,chaude,-14.602182,1
7178,S_NOUN_7_ADJ_b,M,S,le rideau avec les billets que j' aime beaucoup n' est pas important <eos>,12,important,importante,10,M,P,important,-7.2604628,importante,-11.390362,1
7179,S_NOUN_7_ADJ_b,M,S,le rideau avec les billets que j' aime beaucoup n' est pas court <eos>,12,court,courte,10,M,P,court,-9.135246,courte,-12.86002,1
7180,S_NOUN_7_ADJ_b,M,S,le rideau avec les billets que j' aime beaucoup n' est pas dur <eos>,12,dur,dure,10,M,P,dur,-9.016935,dure,-11.332714,1
7181,S_NOUN_7_ADJ_b,M,S,le rideau avec les billets que j' aime beaucoup n' est pas clair <eos>,12,clair,claire,10,M,P,clair,-5.6444573,claire,-9.564293,1
7182,S_NOUN_7_ADJ_b,M,S,le rideau avec les billets que j' aime beaucoup n' est pas intéressant <eos>,12,intéressant,intéressante,10,M,P,intéressant,-8.646847,intéressante,-12.830676,1
7183,S_NOUN_7_ADJ_b,M,S,le rideau avec les billets que j' aime beaucoup n' est pas brillant <eos>,12,brillant,brillante,10,M,P,brillant,-9.199437,brillante,-12.495316,1
7184,S_NOUN_7_ADJ_b,M,S,le rideau avec les billets que j' aime beaucoup n' est pas compliqué <eos>,12,compliqué,compliquée,10,M,P,compliqué,-9.458705,compliquée,-14.12996,1
7185,S_NOUN_7_ADJ_b,M,S,le rideau avec les légumes que j' aime beaucoup n' est pas vert <eos>,12,vert,verte,10,M,P,vert,-9.337391,verte,-13.36387,1
7186,S_NOUN_7_ADJ_b,M,S,le rideau avec les légumes que j' aime beaucoup n' est pas bleu <eos>,12,bleu,bleue,10,M,P,bleu,-9.824219,bleue,-13.856329,1
7187,S_NOUN_7_ADJ_b,M,S,le rideau avec les légumes que j' aime beaucoup n' est pas noir <eos>,12,noir,noire,10,M,P,noir,-7.0805764,noire,-13.344017,1
7188,S_NOUN_7_ADJ_b,M,S,le rideau avec les légumes que j' aime beaucoup n' est pas délicat <eos>,12,délicat,délicate,10,M,P,délicat,-9.17065,délicate,-14.56348,1
7189,S_NOUN_7_ADJ_b,M,S,le rideau avec les légumes que j' aime beaucoup n' est pas pointu <eos>,12,pointu,pointue,10,M,P,pointu,-10.991465,pointue,-16.487663,1
7190,S_NOUN_7_ADJ_b,M,S,le rideau avec les légumes que j' aime beaucoup n' est pas rond <eos>,12,rond,ronde,10,M,P,rond,-8.319345,ronde,-12.077472,1
7191,S_NOUN_7_ADJ_b,M,S,le rideau avec les légumes que j' aime beaucoup n' est pas froid <eos>,12,froid,froide,10,M,P,froid,-9.435831,froide,-13.772171,1
7192,S_NOUN_7_ADJ_b,M,S,le rideau avec les légumes que j' aime beaucoup n' est pas chaud <eos>,12,chaud,chaude,10,M,P,chaud,-9.157684,chaude,-13.681197,1
7193,S_NOUN_7_ADJ_b,M,S,le rideau avec les légumes que j' aime beaucoup n' est pas important <eos>,12,important,importante,10,M,P,important,-7.0306,importante,-11.219629,1
7194,S_NOUN_7_ADJ_b,M,S,le rideau avec les légumes que j' aime beaucoup n' est pas court <eos>,12,court,courte,10,M,P,court,-9.763662,courte,-12.985695,1
7195,S_NOUN_7_ADJ_b,M,S,le rideau avec les légumes que j' aime beaucoup n' est pas dur <eos>,12,dur,dure,10,M,P,dur,-8.504922,dure,-10.861328,1
7196,S_NOUN_7_ADJ_b,M,S,le rideau avec les légumes que j' aime beaucoup n' est pas clair <eos>,12,clair,claire,10,M,P,clair,-4.9116564,claire,-8.8082905,1
7197,S_NOUN_7_ADJ_b,M,S,le rideau avec les légumes que j' aime beaucoup n' est pas intéressant <eos>,12,intéressant,intéressante,10,M,P,intéressant,-8.420023,intéressante,-11.694412,1
7198,S_NOUN_7_ADJ_b,M,S,le rideau avec les légumes que j' aime beaucoup n' est pas brillant <eos>,12,brillant,brillante,10,M,P,brillant,-8.221712,brillante,-12.470545,1
7199,S_NOUN_7_ADJ_b,M,S,le rideau avec les légumes que j' aime beaucoup n' est pas compliqué <eos>,12,compliqué,compliquée,10,M,P,compliqué,-8.807417,compliquée,-12.907861,1
7200,S_NOUN_7_ADJ_b,M,S,le cahier avec les bracelets que j' aime beaucoup n' est pas vert <eos>,12,vert,verte,10,M,P,vert,-10.048135,verte,-14.137648,1
7201,S_NOUN_7_ADJ_b,M,S,le cahier avec les bracelets que j' aime beaucoup n' est pas bleu <eos>,12,bleu,bleue,10,M,P,bleu,-9.003884,bleue,-13.191017,1
7202,S_NOUN_7_ADJ_b,M,S,le cahier avec les bracelets que j' aime beaucoup n' est pas noir <eos>,12,noir,noire,10,M,P,noir,-6.6285977,noire,-13.398628,1
7203,S_NOUN_7_ADJ_b,M,S,le cahier avec les bracelets que j' aime beaucoup n' est pas délicat <eos>,12,délicat,délicate,10,M,P,délicat,-9.50659,délicate,-14.486914,1
7204,S_NOUN_7_ADJ_b,M,S,le cahier avec les bracelets que j' aime beaucoup n' est pas pointu <eos>,12,pointu,pointue,10,M,P,pointu,-10.354883,pointue,-15.876968,1
7205,S_NOUN_7_ADJ_b,M,S,le cahier avec les bracelets que j' aime beaucoup n' est pas rond <eos>,12,rond,ronde,10,M,P,rond,-7.729424,ronde,-13.37215,1
7206,S_NOUN_7_ADJ_b,M,S,le cahier avec les bracelets que j' aime beaucoup n' est pas froid <eos>,12,froid,froide,10,M,P,froid,-10.305613,froide,-15.713636,1
7207,S_NOUN_7_ADJ_b,M,S,le cahier avec les bracelets que j' aime beaucoup n' est pas chaud <eos>,12,chaud,chaude,10,M,P,chaud,-10.64876,chaude,-16.016483,1
7208,S_NOUN_7_ADJ_b,M,S,le cahier avec les bracelets que j' aime beaucoup n' est pas important <eos>,12,important,importante,10,M,P,important,-7.844629,importante,-12.433359,1
7209,S_NOUN_7_ADJ_b,M,S,le cahier avec les bracelets que j' aime beaucoup n' est pas court <eos>,12,court,courte,10,M,P,court,-9.680055,courte,-13.193562,1
7210,S_NOUN_7_ADJ_b,M,S,le cahier avec les bracelets que j' aime beaucoup n' est pas dur <eos>,12,dur,dure,10,M,P,dur,-9.106953,dure,-11.950534,1
7211,S_NOUN_7_ADJ_b,M,S,le cahier avec les bracelets que j' aime beaucoup n' est pas clair <eos>,12,clair,claire,10,M,P,clair,-4.5783963,claire,-8.377771,1
7212,S_NOUN_7_ADJ_b,M,S,le cahier avec les bracelets que j' aime beaucoup n' est pas intéressant <eos>,12,intéressant,intéressante,10,M,P,intéressant,-8.135282,intéressante,-12.698589,1
7213,S_NOUN_7_ADJ_b,M,S,le cahier avec les bracelets que j' aime beaucoup n' est pas brillant <eos>,12,brillant,brillante,10,M,P,brillant,-8.270718,brillante,-13.23662,1
7214,S_NOUN_7_ADJ_b,M,S,le cahier avec les bracelets que j' aime beaucoup n' est pas compliqué <eos>,12,compliqué,compliquée,10,M,P,compliqué,-8.563692,compliquée,-12.789325,1
7215,S_NOUN_7_ADJ_b,M,S,le cahier avec les miroirs que j' aime beaucoup n' est pas vert <eos>,12,vert,verte,10,M,P,vert,-9.888319,verte,-13.178549,1
7216,S_NOUN_7_ADJ_b,M,S,le cahier avec les miroirs que j' aime beaucoup n' est pas bleu <eos>,12,bleu,bleue,10,M,P,bleu,-8.768223,bleue,-13.061723,1
7217,S_NOUN_7_ADJ_b,M,S,le cahier avec les miroirs que j' aime beaucoup n' est pas noir <eos>,12,noir,noire,10,M,P,noir,-6.464477,noire,-13.371157,1
7218,S_NOUN_7_ADJ_b,M,S,le cahier avec les miroirs que j' aime beaucoup n' est pas délicat <eos>,12,délicat,délicate,10,M,P,délicat,-9.205567,délicate,-14.270946,1
7219,S_NOUN_7_ADJ_b,M,S,le cahier avec les miroirs que j' aime beaucoup n' est pas pointu <eos>,12,pointu,pointue,10,M,P,pointu,-10.763688,pointue,-16.06898,1
7220,S_NOUN_7_ADJ_b,M,S,le cahier avec les miroirs que j' aime beaucoup n' est pas rond <eos>,12,rond,ronde,10,M,P,rond,-7.583132,ronde,-13.808267,1
7221,S_NOUN_7_ADJ_b,M,S,le cahier avec les miroirs que j' aime beaucoup n' est pas froid <eos>,12,froid,froide,10,M,P,froid,-9.537809,froide,-14.695106,1
7222,S_NOUN_7_ADJ_b,M,S,le cahier avec les miroirs que j' aime beaucoup n' est pas chaud <eos>,12,chaud,chaude,10,M,P,chaud,-9.465006,chaude,-14.887393,1
7223,S_NOUN_7_ADJ_b,M,S,le cahier avec les miroirs que j' aime beaucoup n' est pas important <eos>,12,important,importante,10,M,P,important,-8.1037245,importante,-12.730405,1
7224,S_NOUN_7_ADJ_b,M,S,le cahier avec les miroirs que j' aime beaucoup n' est pas court <eos>,12,court,courte,10,M,P,court,-9.982171,courte,-14.046619,1
7225,S_NOUN_7_ADJ_b,M,S,le cahier avec les miroirs que j' aime beaucoup n' est pas dur <eos>,12,dur,dure,10,M,P,dur,-8.97423,dure,-11.99365,1
7226,S_NOUN_7_ADJ_b,M,S,le cahier avec les miroirs que j' aime beaucoup n' est pas clair <eos>,12,clair,claire,10,M,P,clair,-4.021434,claire,-8.15263,1
7227,S_NOUN_7_ADJ_b,M,S,le cahier avec les miroirs que j' aime beaucoup n' est pas intéressant <eos>,12,intéressant,intéressante,10,M,P,intéressant,-8.046896,intéressante,-12.4184475,1
7228,S_NOUN_7_ADJ_b,M,S,le cahier avec les miroirs que j' aime beaucoup n' est pas brillant <eos>,12,brillant,brillante,10,M,P,brillant,-7.9479065,brillante,-12.923516,1
7229,S_NOUN_7_ADJ_b,M,S,le cahier avec les miroirs que j' aime beaucoup n' est pas compliqué <eos>,12,compliqué,compliquée,10,M,P,compliqué,-8.393465,compliquée,-12.725769,1
7230,S_NOUN_7_ADJ_b,M,S,le cahier avec les crayons que j' aime beaucoup n' est pas vert <eos>,12,vert,verte,10,M,P,vert,-9.921207,verte,-14.300999,1
7231,S_NOUN_7_ADJ_b,M,S,le cahier avec les crayons que j' aime beaucoup n' est pas bleu <eos>,12,bleu,bleue,10,M,P,bleu,-9.168713,bleue,-13.400852,1
7232,S_NOUN_7_ADJ_b,M,S,le cahier avec les crayons que j' aime beaucoup n' est pas noir <eos>,12,noir,noire,10,M,P,noir,-6.764772,noire,-14.339312,1
7233,S_NOUN_7_ADJ_b,M,S,le cahier avec les crayons que j' aime beaucoup n' est pas délicat <eos>,12,délicat,délicate,10,M,P,délicat,-9.122448,délicate,-14.476081,1
7234,S_NOUN_7_ADJ_b,M,S,le cahier avec les crayons que j' aime beaucoup n' est pas pointu <eos>,12,pointu,pointue,10,M,P,pointu,-12.336554,pointue,-17.3583,1
7235,S_NOUN_7_ADJ_b,M,S,le cahier avec les crayons que j' aime beaucoup n' est pas rond <eos>,12,rond,ronde,10,M,P,rond,-8.189776,ronde,-14.624538,1
7236,S_NOUN_7_ADJ_b,M,S,le cahier avec les crayons que j' aime beaucoup n' est pas froid <eos>,12,froid,froide,10,M,P,froid,-9.715768,froide,-15.224421,1
7237,S_NOUN_7_ADJ_b,M,S,le cahier avec les crayons que j' aime beaucoup n' est pas chaud <eos>,12,chaud,chaude,10,M,P,chaud,-9.330743,chaude,-15.650975,1
7238,S_NOUN_7_ADJ_b,M,S,le cahier avec les crayons que j' aime beaucoup n' est pas important <eos>,12,important,importante,10,M,P,important,-7.4499702,importante,-12.000273,1
7239,S_NOUN_7_ADJ_b,M,S,le cahier avec les crayons que j' aime beaucoup n' est pas court <eos>,12,court,courte,10,M,P,court,-10.19215,courte,-14.285891,1
7240,S_NOUN_7_ADJ_b,M,S,le cahier avec les crayons que j' aime beaucoup n' est pas dur <eos>,12,dur,dure,10,M,P,dur,-9.353721,dure,-11.533649,1
7241,S_NOUN_7_ADJ_b,M,S,le cahier avec les crayons que j' aime beaucoup n' est pas clair <eos>,12,clair,claire,10,M,P,clair,-3.652058,claire,-7.814212,1
7242,S_NOUN_7_ADJ_b,M,S,le cahier avec les crayons que j' aime beaucoup n' est pas intéressant <eos>,12,intéressant,intéressante,10,M,P,intéressant,-7.874608,intéressante,-12.048558,1
7243,S_NOUN_7_ADJ_b,M,S,le cahier avec les crayons que j' aime beaucoup n' est pas brillant <eos>,12,brillant,brillante,10,M,P,brillant,-9.071623,brillante,-13.839716,1
7244,S_NOUN_7_ADJ_b,M,S,le cahier avec les crayons que j' aime beaucoup n' est pas compliqué <eos>,12,compliqué,compliquée,10,M,P,compliqué,-9.117795,compliquée,-13.23362,1
7245,S_NOUN_7_ADJ_b,M,S,le cahier avec les rideaux que j' aime beaucoup n' est pas vert <eos>,12,vert,verte,10,M,P,vert,-9.49805,verte,-14.017977,1
7246,S_NOUN_7_ADJ_b,M,S,le cahier avec les rideaux que j' aime beaucoup n' est pas bleu <eos>,12,bleu,bleue,10,M,P,bleu,-8.75198,bleue,-12.925356,1
7247,S_NOUN_7_ADJ_b,M,S,le cahier avec les rideaux que j' aime beaucoup n' est pas noir <eos>,12,noir,noire,10,M,P,noir,-6.1577597,noire,-13.683377,1
7248,S_NOUN_7_ADJ_b,M,S,le cahier avec les rideaux que j' aime beaucoup n' est pas délicat <eos>,12,délicat,délicate,10,M,P,délicat,-9.213271,délicate,-14.108234,1
7249,S_NOUN_7_ADJ_b,M,S,le cahier avec les rideaux que j' aime beaucoup n' est pas pointu <eos>,12,pointu,pointue,10,M,P,pointu,-11.104458,pointue,-16.53922,1
7250,S_NOUN_7_ADJ_b,M,S,le cahier avec les rideaux que j' aime beaucoup n' est pas rond <eos>,12,rond,ronde,10,M,P,rond,-7.2912197,ronde,-13.1899605,1
7251,S_NOUN_7_ADJ_b,M,S,le cahier avec les rideaux que j' aime beaucoup n' est pas froid <eos>,12,froid,froide,10,M,P,froid,-9.578445,froide,-14.730156,1
7252,S_NOUN_7_ADJ_b,M,S,le cahier avec les rideaux que j' aime beaucoup n' est pas chaud <eos>,12,chaud,chaude,10,M,P,chaud,-9.275847,chaude,-15.069354,1
7253,S_NOUN_7_ADJ_b,M,S,le cahier avec les rideaux que j' aime beaucoup n' est pas important <eos>,12,important,importante,10,M,P,important,-7.6421804,importante,-12.3829565,1
7254,S_NOUN_7_ADJ_b,M,S,le cahier avec les rideaux que j' aime beaucoup n' est pas court <eos>,12,court,courte,10,M,P,court,-9.224258,courte,-13.304015,1
7255,S_NOUN_7_ADJ_b,M,S,le cahier avec les rideaux que j' aime beaucoup n' est pas dur <eos>,12,dur,dure,10,M,P,dur,-8.775949,dure,-10.826335,1
7256,S_NOUN_7_ADJ_b,M,S,le cahier avec les rideaux que j' aime beaucoup n' est pas clair <eos>,12,clair,claire,10,M,P,clair,-3.9340808,claire,-7.9968367,1
7257,S_NOUN_7_ADJ_b,M,S,le cahier avec les rideaux que j' aime beaucoup n' est pas intéressant <eos>,12,intéressant,intéressante,10,M,P,intéressant,-8.3592415,intéressante,-12.542042,1
7258,S_NOUN_7_ADJ_b,M,S,le cahier avec les rideaux que j' aime beaucoup n' est pas brillant <eos>,12,brillant,brillante,10,M,P,brillant,-8.296924,brillante,-12.666223,1
7259,S_NOUN_7_ADJ_b,M,S,le cahier avec les rideaux que j' aime beaucoup n' est pas compliqué <eos>,12,compliqué,compliquée,10,M,P,compliqué,-8.509245,compliquée,-12.78061,1
7260,S_NOUN_7_ADJ_b,M,S,le cahier avec les cahiers que j' aime beaucoup n' est pas vert <eos>,12,vert,verte,10,M,P,vert,-10.357849,verte,-14.536978,1
7261,S_NOUN_7_ADJ_b,M,S,le cahier avec les cahiers que j' aime beaucoup n' est pas bleu <eos>,12,bleu,bleue,10,M,P,bleu,-9.520731,bleue,-13.3610935,1
7262,S_NOUN_7_ADJ_b,M,S,le cahier avec les cahiers que j' aime beaucoup n' est pas noir <eos>,12,noir,noire,10,M,P,noir,-6.9113417,noire,-14.636828,1
7263,S_NOUN_7_ADJ_b,M,S,le cahier avec les cahiers que j' aime beaucoup n' est pas délicat <eos>,12,délicat,délicate,10,M,P,délicat,-9.40032,délicate,-15.139999,1
7264,S_NOUN_7_ADJ_b,M,S,le cahier avec les cahiers que j' aime beaucoup n' est pas pointu <eos>,12,pointu,pointue,10,M,P,pointu,-12.248044,pointue,-17.335236,1
7265,S_NOUN_7_ADJ_b,M,S,le cahier avec les cahiers que j' aime beaucoup n' est pas rond <eos>,12,rond,ronde,10,M,P,rond,-8.064733,ronde,-14.599132,1
7266,S_NOUN_7_ADJ_b,M,S,le cahier avec les cahiers que j' aime beaucoup n' est pas froid <eos>,12,froid,froide,10,M,P,froid,-9.243407,froide,-15.113867,1
7267,S_NOUN_7_ADJ_b,M,S,le cahier avec les cahiers que j' aime beaucoup n' est pas chaud <eos>,12,chaud,chaude,10,M,P,chaud,-9.2652,chaude,-16.091188,1
7268,S_NOUN_7_ADJ_b,M,S,le cahier avec les cahiers que j' aime beaucoup n' est pas important <eos>,12,important,importante,10,M,P,important,-7.83648,importante,-12.58316,1
7269,S_NOUN_7_ADJ_b,M,S,le cahier avec les cahiers que j' aime beaucoup n' est pas court <eos>,12,court,courte,10,M,P,court,-9.704992,courte,-13.73324,1
7270,S_NOUN_7_ADJ_b,M,S,le cahier avec les cahiers que j' aime beaucoup n' est pas dur <eos>,12,dur,dure,10,M,P,dur,-9.306989,dure,-11.4258995,1
7271,S_NOUN_7_ADJ_b,M,S,le cahier avec les cahiers que j' aime beaucoup n' est pas clair <eos>,12,clair,claire,10,M,P,clair,-4.0987873,claire,-8.312033,1
7272,S_NOUN_7_ADJ_b,M,S,le cahier avec les cahiers que j' aime beaucoup n' est pas intéressant <eos>,12,intéressant,intéressante,10,M,P,intéressant,-7.673316,intéressante,-11.915182,1
7273,S_NOUN_7_ADJ_b,M,S,le cahier avec les cahiers que j' aime beaucoup n' est pas brillant <eos>,12,brillant,brillante,10,M,P,brillant,-9.39363,brillante,-13.725894,1
7274,S_NOUN_7_ADJ_b,M,S,le cahier avec les cahiers que j' aime beaucoup n' est pas compliqué <eos>,12,compliqué,compliquée,10,M,P,compliqué,-8.636688,compliquée,-13.163381,1
7275,S_NOUN_7_ADJ_b,M,S,le cahier avec les micros que j' aime beaucoup n' est pas vert <eos>,12,vert,verte,10,M,P,vert,-10.321439,verte,-14.12723,1
7276,S_NOUN_7_ADJ_b,M,S,le cahier avec les micros que j' aime beaucoup n' est pas bleu <eos>,12,bleu,bleue,10,M,P,bleu,-9.366426,bleue,-13.334837,1
7277,S_NOUN_7_ADJ_b,M,S,le cahier avec les micros que j' aime beaucoup n' est pas noir <eos>,12,noir,noire,10,M,P,noir,-6.7970877,noire,-13.997704,1
7278,S_NOUN_7_ADJ_b,M,S,le cahier avec les micros que j' aime beaucoup n' est pas délicat <eos>,12,délicat,délicate,10,M,P,délicat,-9.249283,délicate,-14.638697,1
7279,S_NOUN_7_ADJ_b,M,S,le cahier avec les micros que j' aime beaucoup n' est pas pointu <eos>,12,pointu,pointue,10,M,P,pointu,-11.13299,pointue,-16.62918,1
7280,S_NOUN_7_ADJ_b,M,S,le cahier avec les micros que j' aime beaucoup n' est pas rond <eos>,12,rond,ronde,10,M,P,rond,-7.486679,ronde,-13.993707,1
7281,S_NOUN_7_ADJ_b,M,S,le cahier avec les micros que j' aime beaucoup n' est pas froid <eos>,12,froid,froide,10,M,P,froid,-9.560354,froide,-14.7925205,1
7282,S_NOUN_7_ADJ_b,M,S,le cahier avec les micros que j' aime beaucoup n' est pas chaud <eos>,12,chaud,chaude,10,M,P,chaud,-9.6493845,chaude,-15.055809,1
7283,S_NOUN_7_ADJ_b,M,S,le cahier avec les micros que j' aime beaucoup n' est pas important <eos>,12,important,importante,10,M,P,important,-7.670713,importante,-12.396969,1
7284,S_NOUN_7_ADJ_b,M,S,le cahier avec les micros que j' aime beaucoup n' est pas court <eos>,12,court,courte,10,M,P,court,-9.473745,courte,-13.806807,1
7285,S_NOUN_7_ADJ_b,M,S,le cahier avec les micros que j' aime beaucoup n' est pas dur <eos>,12,dur,dure,10,M,P,dur,-8.355258,dure,-11.287889,1
7286,S_NOUN_7_ADJ_b,M,S,le cahier avec les micros que j' aime beaucoup n' est pas clair <eos>,12,clair,claire,10,M,P,clair,-4.171772,claire,-7.91403,1
7287,S_NOUN_7_ADJ_b,M,S,le cahier avec les micros que j' aime beaucoup n' est pas intéressant <eos>,12,intéressant,intéressante,10,M,P,intéressant,-7.82879,intéressante,-11.684637,1
7288,S_NOUN_7_ADJ_b,M,S,le cahier avec les micros que j' aime beaucoup n' est pas brillant <eos>,12,brillant,brillante,10,M,P,brillant,-8.9540205,brillante,-13.807031,1
7289,S_NOUN_7_ADJ_b,M,S,le cahier avec les micros que j' aime beaucoup n' est pas compliqué <eos>,12,compliqué,compliquée,10,M,P,compliqué,-8.319088,compliquée,-12.328447,1
7290,S_NOUN_7_ADJ_b,M,S,le cahier avec les sacs que j' aime beaucoup n' est pas vert <eos>,12,vert,verte,10,M,P,vert,-9.707221,verte,-13.6601925,1
7291,S_NOUN_7_ADJ_b,M,S,le cahier avec les sacs que j' aime beaucoup n' est pas bleu <eos>,12,bleu,bleue,10,M,P,bleu,-9.162639,bleue,-12.891813,1
7292,S_NOUN_7_ADJ_b,M,S,le cahier avec les sacs que j' aime beaucoup n' est pas noir <eos>,12,noir,noire,10,M,P,noir,-6.5202827,noire,-13.634856,1
7293,S_NOUN_7_ADJ_b,M,S,le cahier avec les sacs que j' aime beaucoup n' est pas délicat <eos>,12,délicat,délicate,10,M,P,délicat,-9.18815,délicate,-14.411535,1
7294,S_NOUN_7_ADJ_b,M,S,le cahier avec les sacs que j' aime beaucoup n' est pas pointu <eos>,12,pointu,pointue,10,M,P,pointu,-11.444223,pointue,-16.984194,1
7295,S_NOUN_7_ADJ_b,M,S,le cahier avec les sacs que j' aime beaucoup n' est pas rond <eos>,12,rond,ronde,10,M,P,rond,-7.7256427,ronde,-14.014013,1
7296,S_NOUN_7_ADJ_b,M,S,le cahier avec les sacs que j' aime beaucoup n' est pas froid <eos>,12,froid,froide,10,M,P,froid,-9.378046,froide,-14.740506,1
7297,S_NOUN_7_ADJ_b,M,S,le cahier avec les sacs que j' aime beaucoup n' est pas chaud <eos>,12,chaud,chaude,10,M,P,chaud,-9.14721,chaude,-15.333609,1
7298,S_NOUN_7_ADJ_b,M,S,le cahier avec les sacs que j' aime beaucoup n' est pas important <eos>,12,important,importante,10,M,P,important,-7.5399704,importante,-12.257001,1
7299,S_NOUN_7_ADJ_b,M,S,le cahier avec les sacs que j' aime beaucoup n' est pas court <eos>,12,court,courte,10,M,P,court,-9.354405,courte,-13.495079,1
7300,S_NOUN_7_ADJ_b,M,S,le cahier avec les sacs que j' aime beaucoup n' est pas dur <eos>,12,dur,dure,10,M,P,dur,-8.394382,dure,-11.04348,1
7301,S_NOUN_7_ADJ_b,M,S,le cahier avec les sacs que j' aime beaucoup n' est pas clair <eos>,12,clair,claire,10,M,P,clair,-4.123914,claire,-7.9729147,1
7302,S_NOUN_7_ADJ_b,M,S,le cahier avec les sacs que j' aime beaucoup n' est pas intéressant <eos>,12,intéressant,intéressante,10,M,P,intéressant,-7.595451,intéressante,-11.347946,1
7303,S_NOUN_7_ADJ_b,M,S,le cahier avec les sacs que j' aime beaucoup n' est pas brillant <eos>,12,brillant,brillante,10,M,P,brillant,-9.075289,brillante,-13.838471,1
7304,S_NOUN_7_ADJ_b,M,S,le cahier avec les sacs que j' aime beaucoup n' est pas compliqué <eos>,12,compliqué,compliquée,10,M,P,compliqué,-8.335616,compliquée,-12.596696,1
7305,S_NOUN_7_ADJ_b,M,S,le cahier avec les claviers que j' aime beaucoup n' est pas vert <eos>,12,vert,verte,10,M,P,vert,-11.284786,verte,-15.426191,1
7306,S_NOUN_7_ADJ_b,M,S,le cahier avec les claviers que j' aime beaucoup n' est pas bleu <eos>,12,bleu,bleue,10,M,P,bleu,-10.273769,bleue,-14.529203,1
7307,S_NOUN_7_ADJ_b,M,S,le cahier avec les claviers que j' aime beaucoup n' est pas noir <eos>,12,noir,noire,10,M,P,noir,-7.479303,noire,-14.485214,1
7308,S_NOUN_7_ADJ_b,M,S,le cahier avec les claviers que j' aime beaucoup n' est pas délicat <eos>,12,délicat,délicate,10,M,P,délicat,-9.177525,délicate,-15.155521,1
7309,S_NOUN_7_ADJ_b,M,S,le cahier avec les claviers que j' aime beaucoup n' est pas pointu <eos>,12,pointu,pointue,10,M,P,pointu,-11.304691,pointue,-16.902905,1
7310,S_NOUN_7_ADJ_b,M,S,le cahier avec les claviers que j' aime beaucoup n' est pas rond <eos>,12,rond,ronde,10,M,P,rond,-8.080166,ronde,-14.252943,1
7311,S_NOUN_7_ADJ_b,M,S,le cahier avec les claviers que j' aime beaucoup n' est pas froid <eos>,12,froid,froide,10,M,P,froid,-9.787016,froide,-15.715233,1
7312,S_NOUN_7_ADJ_b,M,S,le cahier avec les claviers que j' aime beaucoup n' est pas chaud <eos>,12,chaud,chaude,10,M,P,chaud,-10.09781,chaude,-15.95438,1
7313,S_NOUN_7_ADJ_b,M,S,le cahier avec les claviers que j' aime beaucoup n' est pas important <eos>,12,important,importante,10,M,P,important,-7.4717565,importante,-12.323711,1
7314,S_NOUN_7_ADJ_b,M,S,le cahier avec les claviers que j' aime beaucoup n' est pas court <eos>,12,court,courte,10,M,P,court,-9.600464,courte,-13.422651,1
7315,S_NOUN_7_ADJ_b,M,S,le cahier avec les claviers que j' aime beaucoup n' est pas dur <eos>,12,dur,dure,10,M,P,dur,-8.852639,dure,-11.494863,1
7316,S_NOUN_7_ADJ_b,M,S,le cahier avec les claviers que j' aime beaucoup n' est pas clair <eos>,12,clair,claire,10,M,P,clair,-4.6311097,claire,-8.831201,1
7317,S_NOUN_7_ADJ_b,M,S,le cahier avec les claviers que j' aime beaucoup n' est pas intéressant <eos>,12,intéressant,intéressante,10,M,P,intéressant,-7.8348207,intéressante,-11.623401,1
7318,S_NOUN_7_ADJ_b,M,S,le cahier avec les claviers que j' aime beaucoup n' est pas brillant <eos>,12,brillant,brillante,10,M,P,brillant,-9.297545,brillante,-14.309543,1
7319,S_NOUN_7_ADJ_b,M,S,le cahier avec les claviers que j' aime beaucoup n' est pas compliqué <eos>,12,compliqué,compliquée,10,M,P,compliqué,-8.206184,compliquée,-12.314583,1
7320,S_NOUN_7_ADJ_b,M,S,le cahier avec les raisins que j' aime beaucoup n' est pas vert <eos>,12,vert,verte,10,M,P,vert,-9.6137495,verte,-14.636408,1
7321,S_NOUN_7_ADJ_b,M,S,le cahier avec les raisins que j' aime beaucoup n' est pas bleu <eos>,12,bleu,bleue,10,M,P,bleu,-9.045168,bleue,-13.356576,1
7322,S_NOUN_7_ADJ_b,M,S,le cahier avec les raisins que j' aime beaucoup n' est pas noir <eos>,12,noir,noire,10,M,P,noir,-6.676856,noire,-14.236678,1
7323,S_NOUN_7_ADJ_b,M,S,le cahier avec les raisins que j' aime beaucoup n' est pas délicat <eos>,12,délicat,délicate,10,M,P,délicat,-8.721691,délicate,-14.312721,1
7324,S_NOUN_7_ADJ_b,M,S,le cahier avec les raisins que j' aime beaucoup n' est pas pointu <eos>,12,pointu,pointue,10,M,P,pointu,-12.349152,pointue,-17.085796,1
7325,S_NOUN_7_ADJ_b,M,S,le cahier avec les raisins que j' aime beaucoup n' est pas rond <eos>,12,rond,ronde,10,M,P,rond,-8.201459,ronde,-14.451668,1
7326,S_NOUN_7_ADJ_b,M,S,le cahier avec les raisins que j' aime beaucoup n' est pas froid <eos>,12,froid,froide,10,M,P,froid,-8.979881,froide,-15.053976,1
7327,S_NOUN_7_ADJ_b,M,S,le cahier avec les raisins que j' aime beaucoup n' est pas chaud <eos>,12,chaud,chaude,10,M,P,chaud,-8.818372,chaude,-15.075618,1
7328,S_NOUN_7_ADJ_b,M,S,le cahier avec les raisins que j' aime beaucoup n' est pas important <eos>,12,important,importante,10,M,P,important,-7.6912775,importante,-12.091809,1
7329,S_NOUN_7_ADJ_b,M,S,le cahier avec les raisins que j' aime beaucoup n' est pas court <eos>,12,court,courte,10,M,P,court,-9.823927,courte,-13.9406395,1
7330,S_NOUN_7_ADJ_b,M,S,le cahier avec les raisins que j' aime beaucoup n' est pas dur <eos>,12,dur,dure,10,M,P,dur,-9.629675,dure,-10.948255,1
7331,S_NOUN_7_ADJ_b,M,S,le cahier avec les raisins que j' aime beaucoup n' est pas clair <eos>,12,clair,claire,10,M,P,clair,-3.314625,claire,-7.5586967,1
7332,S_NOUN_7_ADJ_b,M,S,le cahier avec les raisins que j' aime beaucoup n' est pas intéressant <eos>,12,intéressant,intéressante,10,M,P,intéressant,-8.158266,intéressante,-12.133124,1
7333,S_NOUN_7_ADJ_b,M,S,le cahier avec les raisins que j' aime beaucoup n' est pas brillant <eos>,12,brillant,brillante,10,M,P,brillant,-9.18111,brillante,-13.948729,1
7334,S_NOUN_7_ADJ_b,M,S,le cahier avec les raisins que j' aime beaucoup n' est pas compliqué <eos>,12,compliqué,compliquée,10,M,P,compliqué,-8.600096,compliquée,-12.849082,1
7335,S_NOUN_7_ADJ_b,M,S,le cahier avec les chargeurs que j' aime beaucoup n' est pas vert <eos>,12,vert,verte,10,M,P,vert,-10.385524,verte,-13.886186,1
7336,S_NOUN_7_ADJ_b,M,S,le cahier avec les chargeurs que j' aime beaucoup n' est pas bleu <eos>,12,bleu,bleue,10,M,P,bleu,-9.8314,bleue,-13.944193,1
7337,S_NOUN_7_ADJ_b,M,S,le cahier avec les chargeurs que j' aime beaucoup n' est pas noir <eos>,12,noir,noire,10,M,P,noir,-7.250405,noire,-13.807156,1
7338,S_NOUN_7_ADJ_b,M,S,le cahier avec les chargeurs que j' aime beaucoup n' est pas délicat <eos>,12,délicat,délicate,10,M,P,délicat,-9.157867,délicate,-14.933231,1
7339,S_NOUN_7_ADJ_b,M,S,le cahier avec les chargeurs que j' aime beaucoup n' est pas pointu <eos>,12,pointu,pointue,10,M,P,pointu,-10.694088,pointue,-16.213097,1
7340,S_NOUN_7_ADJ_b,M,S,le cahier avec les chargeurs que j' aime beaucoup n' est pas rond <eos>,12,rond,ronde,10,M,P,rond,-8.1053915,ronde,-13.735585,1
7341,S_NOUN_7_ADJ_b,M,S,le cahier avec les chargeurs que j' aime beaucoup n' est pas froid <eos>,12,froid,froide,10,M,P,froid,-9.81785,froide,-15.333023,1
7342,S_NOUN_7_ADJ_b,M,S,le cahier avec les chargeurs que j' aime beaucoup n' est pas chaud <eos>,12,chaud,chaude,10,M,P,chaud,-9.638085,chaude,-16.212189,1
7343,S_NOUN_7_ADJ_b,M,S,le cahier avec les chargeurs que j' aime beaucoup n' est pas important <eos>,12,important,importante,10,M,P,important,-7.3952694,importante,-11.932866,1
7344,S_NOUN_7_ADJ_b,M,S,le cahier avec les chargeurs que j' aime beaucoup n' est pas court <eos>,12,court,courte,10,M,P,court,-9.584432,courte,-13.627391,1
7345,S_NOUN_7_ADJ_b,M,S,le cahier avec les chargeurs que j' aime beaucoup n' est pas dur <eos>,12,dur,dure,10,M,P,dur,-9.275804,dure,-12.779139,1
7346,S_NOUN_7_ADJ_b,M,S,le cahier avec les chargeurs que j' aime beaucoup n' est pas clair <eos>,12,clair,claire,10,M,P,clair,-4.8404303,claire,-9.015609,1
7347,S_NOUN_7_ADJ_b,M,S,le cahier avec les chargeurs que j' aime beaucoup n' est pas intéressant <eos>,12,intéressant,intéressante,10,M,P,intéressant,-7.3506765,intéressante,-11.401585,1
7348,S_NOUN_7_ADJ_b,M,S,le cahier avec les chargeurs que j' aime beaucoup n' est pas brillant <eos>,12,brillant,brillante,10,M,P,brillant,-9.274253,brillante,-14.354145,1
7349,S_NOUN_7_ADJ_b,M,S,le cahier avec les chargeurs que j' aime beaucoup n' est pas compliqué <eos>,12,compliqué,compliquée,10,M,P,compliqué,-8.606519,compliquée,-12.949614,1
7350,S_NOUN_7_ADJ_b,M,S,le cahier avec les vases que j' aime beaucoup n' est pas vert <eos>,12,vert,verte,10,M,P,vert,-9.84639,verte,-14.006128,1
7351,S_NOUN_7_ADJ_b,M,S,le cahier avec les vases que j' aime beaucoup n' est pas bleu <eos>,12,bleu,bleue,10,M,P,bleu,-9.019694,bleue,-13.121294,1
7352,S_NOUN_7_ADJ_b,M,S,le cahier avec les vases que j' aime beaucoup n' est pas noir <eos>,12,noir,noire,10,M,P,noir,-6.8159256,noire,-13.966084,1
7353,S_NOUN_7_ADJ_b,M,S,le cahier avec les vases que j' aime beaucoup n' est pas délicat <eos>,12,délicat,délicate,10,M,P,délicat,-9.521984,délicate,-14.180052,1
7354,S_NOUN_7_ADJ_b,M,S,le cahier avec les vases que j' aime beaucoup n' est pas pointu <eos>,12,pointu,pointue,10,M,P,pointu,-11.724489,pointue,-16.663473,1
7355,S_NOUN_7_ADJ_b,M,S,le cahier avec les vases que j' aime beaucoup n' est pas rond <eos>,12,rond,ronde,10,M,P,rond,-7.3834124,ronde,-13.345098,1
7356,S_NOUN_7_ADJ_b,M,S,le cahier avec les vases que j' aime beaucoup n' est pas froid <eos>,12,froid,froide,10,M,P,froid,-9.075092,froide,-14.622907,1
7357,S_NOUN_7_ADJ_b,M,S,le cahier avec les vases que j' aime beaucoup n' est pas chaud <eos>,12,chaud,chaude,10,M,P,chaud,-9.302095,chaude,-14.786391,1
7358,S_NOUN_7_ADJ_b,M,S,le cahier avec les vases que j' aime beaucoup n' est pas important <eos>,12,important,importante,10,M,P,important,-7.7560654,importante,-12.351616,1
7359,S_NOUN_7_ADJ_b,M,S,le cahier avec les vases que j' aime beaucoup n' est pas court <eos>,12,court,courte,10,M,P,court,-10.1281,courte,-13.949384,1
7360,S_NOUN_7_ADJ_b,M,S,le cahier avec les vases que j' aime beaucoup n' est pas dur <eos>,12,dur,dure,10,M,P,dur,-9.574644,dure,-11.742954,1
7361,S_NOUN_7_ADJ_b,M,S,le cahier avec les vases que j' aime beaucoup n' est pas clair <eos>,12,clair,claire,10,M,P,clair,-3.8006098,claire,-7.5379734,1
7362,S_NOUN_7_ADJ_b,M,S,le cahier avec les vases que j' aime beaucoup n' est pas intéressant <eos>,12,intéressant,intéressante,10,M,P,intéressant,-8.714863,intéressante,-12.319794,1
7363,S_NOUN_7_ADJ_b,M,S,le cahier avec les vases que j' aime beaucoup n' est pas brillant <eos>,12,brillant,brillante,10,M,P,brillant,-8.722017,brillante,-13.567679,1
7364,S_NOUN_7_ADJ_b,M,S,le cahier avec les vases que j' aime beaucoup n' est pas compliqué <eos>,12,compliqué,compliquée,10,M,P,compliqué,-8.815389,compliquée,-12.880151,1
7365,S_NOUN_7_ADJ_b,M,S,le cahier avec les paniers que j' aime beaucoup n' est pas vert <eos>,12,vert,verte,10,M,P,vert,-9.935127,verte,-14.489227,1
7366,S_NOUN_7_ADJ_b,M,S,le cahier avec les paniers que j' aime beaucoup n' est pas bleu <eos>,12,bleu,bleue,10,M,P,bleu,-9.460309,bleue,-13.7994375,1
7367,S_NOUN_7_ADJ_b,M,S,le cahier avec les paniers que j' aime beaucoup n' est pas noir <eos>,12,noir,noire,10,M,P,noir,-6.978911,noire,-13.852266,1
7368,S_NOUN_7_ADJ_b,M,S,le cahier avec les paniers que j' aime beaucoup n' est pas délicat <eos>,12,délicat,délicate,10,M,P,délicat,-8.842948,délicate,-14.482622,1
7369,S_NOUN_7_ADJ_b,M,S,le cahier avec les paniers que j' aime beaucoup n' est pas pointu <eos>,12,pointu,pointue,10,M,P,pointu,-10.92039,pointue,-16.347467,1
7370,S_NOUN_7_ADJ_b,M,S,le cahier avec les paniers que j' aime beaucoup n' est pas rond <eos>,12,rond,ronde,10,M,P,rond,-7.6948085,ronde,-13.509575,1
7371,S_NOUN_7_ADJ_b,M,S,le cahier avec les paniers que j' aime beaucoup n' est pas froid <eos>,12,froid,froide,10,M,P,froid,-10.003344,froide,-15.8761835,1
7372,S_NOUN_7_ADJ_b,M,S,le cahier avec les paniers que j' aime beaucoup n' est pas chaud <eos>,12,chaud,chaude,10,M,P,chaud,-10.133177,chaude,-16.211868,1
7373,S_NOUN_7_ADJ_b,M,S,le cahier avec les paniers que j' aime beaucoup n' est pas important <eos>,12,important,importante,10,M,P,important,-7.506817,importante,-12.203834,1
7374,S_NOUN_7_ADJ_b,M,S,le cahier avec les paniers que j' aime beaucoup n' est pas court <eos>,12,court,courte,10,M,P,court,-9.32989,courte,-13.248892,1
7375,S_NOUN_7_ADJ_b,M,S,le cahier avec les paniers que j' aime beaucoup n' est pas dur <eos>,12,dur,dure,10,M,P,dur,-8.562463,dure,-11.283728,1
7376,S_NOUN_7_ADJ_b,M,S,le cahier avec les paniers que j' aime beaucoup n' est pas clair <eos>,12,clair,claire,10,M,P,clair,-4.4062576,claire,-8.475721,1
7377,S_NOUN_7_ADJ_b,M,S,le cahier avec les paniers que j' aime beaucoup n' est pas intéressant <eos>,12,intéressant,intéressante,10,M,P,intéressant,-8.039622,intéressante,-12.332349,1
7378,S_NOUN_7_ADJ_b,M,S,le cahier avec les paniers que j' aime beaucoup n' est pas brillant <eos>,12,brillant,brillante,10,M,P,brillant,-9.079212,brillante,-13.569431,1
7379,S_NOUN_7_ADJ_b,M,S,le cahier avec les paniers que j' aime beaucoup n' est pas compliqué <eos>,12,compliqué,compliquée,10,M,P,compliqué,-7.993501,compliquée,-12.646967,1
7380,S_NOUN_7_ADJ_b,M,S,le cahier avec les colliers que j' aime beaucoup n' est pas vert <eos>,12,vert,verte,10,M,P,vert,-9.617059,verte,-13.733887,1
7381,S_NOUN_7_ADJ_b,M,S,le cahier avec les colliers que j' aime beaucoup n' est pas bleu <eos>,12,bleu,bleue,10,M,P,bleu,-8.640394,bleue,-13.3070545,1
7382,S_NOUN_7_ADJ_b,M,S,le cahier avec les colliers que j' aime beaucoup n' est pas noir <eos>,12,noir,noire,10,M,P,noir,-6.41926,noire,-13.33005,1
7383,S_NOUN_7_ADJ_b,M,S,le cahier avec les colliers que j' aime beaucoup n' est pas délicat <eos>,12,délicat,délicate,10,M,P,délicat,-9.02387,délicate,-14.280138,1
7384,S_NOUN_7_ADJ_b,M,S,le cahier avec les colliers que j' aime beaucoup n' est pas pointu <eos>,12,pointu,pointue,10,M,P,pointu,-10.611387,pointue,-16.190247,1
7385,S_NOUN_7_ADJ_b,M,S,le cahier avec les colliers que j' aime beaucoup n' est pas rond <eos>,12,rond,ronde,10,M,P,rond,-7.777672,ronde,-13.707901,1
7386,S_NOUN_7_ADJ_b,M,S,le cahier avec les colliers que j' aime beaucoup n' est pas froid <eos>,12,froid,froide,10,M,P,froid,-9.795227,froide,-15.62925,1
7387,S_NOUN_7_ADJ_b,M,S,le cahier avec les colliers que j' aime beaucoup n' est pas chaud <eos>,12,chaud,chaude,10,M,P,chaud,-9.993595,chaude,-16.33847,1
7388,S_NOUN_7_ADJ_b,M,S,le cahier avec les colliers que j' aime beaucoup n' est pas important <eos>,12,important,importante,10,M,P,important,-7.9743423,importante,-12.668758,1
7389,S_NOUN_7_ADJ_b,M,S,le cahier avec les colliers que j' aime beaucoup n' est pas court <eos>,12,court,courte,10,M,P,court,-9.546158,courte,-13.638428,1
7390,S_NOUN_7_ADJ_b,M,S,le cahier avec les colliers que j' aime beaucoup n' est pas dur <eos>,12,dur,dure,10,M,P,dur,-8.667913,dure,-11.645943,1
7391,S_NOUN_7_ADJ_b,M,S,le cahier avec les colliers que j' aime beaucoup n' est pas clair <eos>,12,clair,claire,10,M,P,clair,-4.0250635,claire,-8.321367,1
7392,S_NOUN_7_ADJ_b,M,S,le cahier avec les colliers que j' aime beaucoup n' est pas intéressant <eos>,12,intéressant,intéressante,10,M,P,intéressant,-8.038592,intéressante,-12.815168,1
7393,S_NOUN_7_ADJ_b,M,S,le cahier avec les colliers que j' aime beaucoup n' est pas brillant <eos>,12,brillant,brillante,10,M,P,brillant,-7.96683,brillante,-13.058359,1
7394,S_NOUN_7_ADJ_b,M,S,le cahier avec les colliers que j' aime beaucoup n' est pas compliqué <eos>,12,compliqué,compliquée,10,M,P,compliqué,-8.36746,compliquée,-13.055737,1
7395,S_NOUN_7_ADJ_b,M,S,le cahier avec les chapeaux que j' aime beaucoup n' est pas vert <eos>,12,vert,verte,10,M,P,vert,-9.537075,verte,-14.191331,1
7396,S_NOUN_7_ADJ_b,M,S,le cahier avec les chapeaux que j' aime beaucoup n' est pas bleu <eos>,12,bleu,bleue,10,M,P,bleu,-8.675711,bleue,-13.107706,1
7397,S_NOUN_7_ADJ_b,M,S,le cahier avec les chapeaux que j' aime beaucoup n' est pas noir <eos>,12,noir,noire,10,M,P,noir,-6.29445,noire,-13.496072,1
7398,S_NOUN_7_ADJ_b,M,S,le cahier avec les chapeaux que j' aime beaucoup n' est pas délicat <eos>,12,délicat,délicate,10,M,P,délicat,-9.156954,délicate,-14.971962,1
7399,S_NOUN_7_ADJ_b,M,S,le cahier avec les chapeaux que j' aime beaucoup n' est pas pointu <eos>,12,pointu,pointue,10,M,P,pointu,-11.198113,pointue,-16.693678,1
7400,S_NOUN_7_ADJ_b,M,S,le cahier avec les chapeaux que j' aime beaucoup n' est pas rond <eos>,12,rond,ronde,10,M,P,rond,-7.5195637,ronde,-13.356042,1
7401,S_NOUN_7_ADJ_b,M,S,le cahier avec les chapeaux que j' aime beaucoup n' est pas froid <eos>,12,froid,froide,10,M,P,froid,-9.212265,froide,-15.134988,1
7402,S_NOUN_7_ADJ_b,M,S,le cahier avec les chapeaux que j' aime beaucoup n' est pas chaud <eos>,12,chaud,chaude,10,M,P,chaud,-9.302968,chaude,-15.7150755,1
7403,S_NOUN_7_ADJ_b,M,S,le cahier avec les chapeaux que j' aime beaucoup n' est pas important <eos>,12,important,importante,10,M,P,important,-8.003408,importante,-12.748907,1
7404,S_NOUN_7_ADJ_b,M,S,le cahier avec les chapeaux que j' aime beaucoup n' est pas court <eos>,12,court,courte,10,M,P,court,-9.518121,courte,-13.778172,1
7405,S_NOUN_7_ADJ_b,M,S,le cahier avec les chapeaux que j' aime beaucoup n' est pas dur <eos>,12,dur,dure,10,M,P,dur,-9.084268,dure,-11.291341,1
7406,S_NOUN_7_ADJ_b,M,S,le cahier avec les chapeaux que j' aime beaucoup n' est pas clair <eos>,12,clair,claire,10,M,P,clair,-4.052037,claire,-8.118935,1
7407,S_NOUN_7_ADJ_b,M,S,le cahier avec les chapeaux que j' aime beaucoup n' est pas intéressant <eos>,12,intéressant,intéressante,10,M,P,intéressant,-8.151368,intéressante,-12.968178,1
7408,S_NOUN_7_ADJ_b,M,S,le cahier avec les chapeaux que j' aime beaucoup n' est pas brillant <eos>,12,brillant,brillante,10,M,P,brillant,-8.899529,brillante,-13.626639,1
7409,S_NOUN_7_ADJ_b,M,S,le cahier avec les chapeaux que j' aime beaucoup n' est pas compliqué <eos>,12,compliqué,compliquée,10,M,P,compliqué,-8.544407,compliquée,-13.224583,1
7410,S_NOUN_7_ADJ_b,M,S,le cahier avec les pots que j' aime beaucoup n' est pas vert <eos>,12,vert,verte,10,M,P,vert,-9.5068865,verte,-13.819102,1
7411,S_NOUN_7_ADJ_b,M,S,le cahier avec les pots que j' aime beaucoup n' est pas bleu <eos>,12,bleu,bleue,10,M,P,bleu,-8.632021,bleue,-12.850437,1
7412,S_NOUN_7_ADJ_b,M,S,le cahier avec les pots que j' aime beaucoup n' est pas noir <eos>,12,noir,noire,10,M,P,noir,-6.38743,noire,-13.713387,1
7413,S_NOUN_7_ADJ_b,M,S,le cahier avec les pots que j' aime beaucoup n' est pas délicat <eos>,12,délicat,délicate,10,M,P,délicat,-9.058325,délicate,-14.619825,1
7414,S_NOUN_7_ADJ_b,M,S,le cahier avec les pots que j' aime beaucoup n' est pas pointu <eos>,12,pointu,pointue,10,M,P,pointu,-11.703882,pointue,-16.9554,1
7415,S_NOUN_7_ADJ_b,M,S,le cahier avec les pots que j' aime beaucoup n' est pas rond <eos>,12,rond,ronde,10,M,P,rond,-7.6333957,ronde,-13.812857,1
7416,S_NOUN_7_ADJ_b,M,S,le cahier avec les pots que j' aime beaucoup n' est pas froid <eos>,12,froid,froide,10,M,P,froid,-8.638245,froide,-14.227042,1
7417,S_NOUN_7_ADJ_b,M,S,le cahier avec les pots que j' aime beaucoup n' est pas chaud <eos>,12,chaud,chaude,10,M,P,chaud,-8.461268,chaude,-14.690388,1
7418,S_NOUN_7_ADJ_b,M,S,le cahier avec les pots que j' aime beaucoup n' est pas important <eos>,12,important,importante,10,M,P,important,-8.11998,importante,-12.914614,1
7419,S_NOUN_7_ADJ_b,M,S,le cahier avec les pots que j' aime beaucoup n' est pas court <eos>,12,court,courte,10,M,P,court,-10.10449,courte,-14.387095,1
7420,S_NOUN_7_ADJ_b,M,S,le cahier avec les pots que j' aime beaucoup n' est pas dur <eos>,12,dur,dure,10,M,P,dur,-8.97827,dure,-11.272453,1
7421,S_NOUN_7_ADJ_b,M,S,le cahier avec les pots que j' aime beaucoup n' est pas clair <eos>,12,clair,claire,10,M,P,clair,-3.8014486,claire,-7.8322325,1
7422,S_NOUN_7_ADJ_b,M,S,le cahier avec les pots que j' aime beaucoup n' est pas intéressant <eos>,12,intéressant,intéressante,10,M,P,intéressant,-8.20479,intéressante,-12.293282,1
7423,S_NOUN_7_ADJ_b,M,S,le cahier avec les pots que j' aime beaucoup n' est pas brillant <eos>,12,brillant,brillante,10,M,P,brillant,-8.866747,brillante,-14.018685,1
7424,S_NOUN_7_ADJ_b,M,S,le cahier avec les pots que j' aime beaucoup n' est pas compliqué <eos>,12,compliqué,compliquée,10,M,P,compliqué,-8.518902,compliquée,-13.031485,1
7425,S_NOUN_7_ADJ_b,M,S,le cahier avec les coussins que j' aime beaucoup n' est pas vert <eos>,12,vert,verte,10,M,P,vert,-9.506172,verte,-13.467068,1
7426,S_NOUN_7_ADJ_b,M,S,le cahier avec les coussins que j' aime beaucoup n' est pas bleu <eos>,12,bleu,bleue,10,M,P,bleu,-8.750139,bleue,-12.657257,1
7427,S_NOUN_7_ADJ_b,M,S,le cahier avec les coussins que j' aime beaucoup n' est pas noir <eos>,12,noir,noire,10,M,P,noir,-6.4054074,noire,-13.488211,1
7428,S_NOUN_7_ADJ_b,M,S,le cahier avec les coussins que j' aime beaucoup n' est pas délicat <eos>,12,délicat,délicate,10,M,P,délicat,-9.140739,délicate,-14.354998,1
7429,S_NOUN_7_ADJ_b,M,S,le cahier avec les coussins que j' aime beaucoup n' est pas pointu <eos>,12,pointu,pointue,10,M,P,pointu,-11.069296,pointue,-16.415258,1
7430,S_NOUN_7_ADJ_b,M,S,le cahier avec les coussins que j' aime beaucoup n' est pas rond <eos>,12,rond,ronde,10,M,P,rond,-7.2196226,ronde,-13.699735,1
7431,S_NOUN_7_ADJ_b,M,S,le cahier avec les coussins que j' aime beaucoup n' est pas froid <eos>,12,froid,froide,10,M,P,froid,-9.448599,froide,-14.790841,1
7432,S_NOUN_7_ADJ_b,M,S,le cahier avec les coussins que j' aime beaucoup n' est pas chaud <eos>,12,chaud,chaude,10,M,P,chaud,-9.035309,chaude,-15.183724,1
7433,S_NOUN_7_ADJ_b,M,S,le cahier avec les coussins que j' aime beaucoup n' est pas important <eos>,12,important,importante,10,M,P,important,-7.8466907,importante,-12.569033,1
7434,S_NOUN_7_ADJ_b,M,S,le cahier avec les coussins que j' aime beaucoup n' est pas court <eos>,12,court,courte,10,M,P,court,-9.648083,courte,-13.902815,1
7435,S_NOUN_7_ADJ_b,M,S,le cahier avec les coussins que j' aime beaucoup n' est pas dur <eos>,12,dur,dure,10,M,P,dur,-8.905714,dure,-11.3186035,1
7436,S_NOUN_7_ADJ_b,M,S,le cahier avec les coussins que j' aime beaucoup n' est pas clair <eos>,12,clair,claire,10,M,P,clair,-4.1544313,claire,-7.6603994,1
7437,S_NOUN_7_ADJ_b,M,S,le cahier avec les coussins que j' aime beaucoup n' est pas intéressant <eos>,12,intéressant,intéressante,10,M,P,intéressant,-8.223197,intéressante,-12.090865,1
7438,S_NOUN_7_ADJ_b,M,S,le cahier avec les coussins que j' aime beaucoup n' est pas brillant <eos>,12,brillant,brillante,10,M,P,brillant,-8.621371,brillante,-13.410819,1
7439,S_NOUN_7_ADJ_b,M,S,le cahier avec les coussins que j' aime beaucoup n' est pas compliqué <eos>,12,compliqué,compliquée,10,M,P,compliqué,-8.483162,compliquée,-12.482945,1
7440,S_NOUN_7_ADJ_b,M,S,le cahier avec les jouets que j' aime beaucoup n' est pas vert <eos>,12,vert,verte,10,M,P,vert,-10.320879,verte,-14.279316,1
7441,S_NOUN_7_ADJ_b,M,S,le cahier avec les jouets que j' aime beaucoup n' est pas bleu <eos>,12,bleu,bleue,10,M,P,bleu,-9.766501,bleue,-13.428168,1
7442,S_NOUN_7_ADJ_b,M,S,le cahier avec les jouets que j' aime beaucoup n' est pas noir <eos>,12,noir,noire,10,M,P,noir,-6.84782,noire,-13.917414,1
7443,S_NOUN_7_ADJ_b,M,S,le cahier avec les jouets que j' aime beaucoup n' est pas délicat <eos>,12,délicat,délicate,10,M,P,délicat,-9.7281065,délicate,-14.970961,1
7444,S_NOUN_7_ADJ_b,M,S,le cahier avec les jouets que j' aime beaucoup n' est pas pointu <eos>,12,pointu,pointue,10,M,P,pointu,-11.714975,pointue,-17.02944,1
7445,S_NOUN_7_ADJ_b,M,S,le cahier avec les jouets que j' aime beaucoup n' est pas rond <eos>,12,rond,ronde,10,M,P,rond,-7.58265,ronde,-14.051858,1
7446,S_NOUN_7_ADJ_b,M,S,le cahier avec les jouets que j' aime beaucoup n' est pas froid <eos>,12,froid,froide,10,M,P,froid,-9.0007515,froide,-14.70876,1
7447,S_NOUN_7_ADJ_b,M,S,le cahier avec les jouets que j' aime beaucoup n' est pas chaud <eos>,12,chaud,chaude,10,M,P,chaud,-9.038721,chaude,-15.250872,1
7448,S_NOUN_7_ADJ_b,M,S,le cahier avec les jouets que j' aime beaucoup n' est pas important <eos>,12,important,importante,10,M,P,important,-7.954314,importante,-12.772344,1
7449,S_NOUN_7_ADJ_b,M,S,le cahier avec les jouets que j' aime beaucoup n' est pas court <eos>,12,court,courte,10,M,P,court,-9.672295,courte,-13.906387,1
7450,S_NOUN_7_ADJ_b,M,S,le cahier avec les jouets que j' aime beaucoup n' est pas dur <eos>,12,dur,dure,10,M,P,dur,-9.07198,dure,-11.358714,1
7451,S_NOUN_7_ADJ_b,M,S,le cahier avec les jouets que j' aime beaucoup n' est pas clair <eos>,12,clair,claire,10,M,P,clair,-4.4324064,claire,-8.399134,1
7452,S_NOUN_7_ADJ_b,M,S,le cahier avec les jouets que j' aime beaucoup n' est pas intéressant <eos>,12,intéressant,intéressante,10,M,P,intéressant,-8.080494,intéressante,-11.882561,1
7453,S_NOUN_7_ADJ_b,M,S,le cahier avec les jouets que j' aime beaucoup n' est pas brillant <eos>,12,brillant,brillante,10,M,P,brillant,-9.714041,brillante,-14.24803,1
7454,S_NOUN_7_ADJ_b,M,S,le cahier avec les jouets que j' aime beaucoup n' est pas compliqué <eos>,12,compliqué,compliquée,10,M,P,compliqué,-8.426752,compliquée,-12.253148,1
7455,S_NOUN_7_ADJ_b,M,S,le cahier avec les clous que j' aime beaucoup n' est pas vert <eos>,12,vert,verte,10,M,P,vert,-9.947855,verte,-14.522359,1
7456,S_NOUN_7_ADJ_b,M,S,le cahier avec les clous que j' aime beaucoup n' est pas bleu <eos>,12,bleu,bleue,10,M,P,bleu,-9.12437,bleue,-13.895831,1
7457,S_NOUN_7_ADJ_b,M,S,le cahier avec les clous que j' aime beaucoup n' est pas noir <eos>,12,noir,noire,10,M,P,noir,-6.786266,noire,-13.742004,1
7458,S_NOUN_7_ADJ_b,M,S,le cahier avec les clous que j' aime beaucoup n' est pas délicat <eos>,12,délicat,délicate,10,M,P,délicat,-9.038994,délicate,-14.299749,1
7459,S_NOUN_7_ADJ_b,M,S,le cahier avec les clous que j' aime beaucoup n' est pas pointu <eos>,12,pointu,pointue,10,M,P,pointu,-10.848808,pointue,-16.133408,1
7460,S_NOUN_7_ADJ_b,M,S,le cahier avec les clous que j' aime beaucoup n' est pas rond <eos>,12,rond,ronde,10,M,P,rond,-7.208849,ronde,-14.171768,1
7461,S_NOUN_7_ADJ_b,M,S,le cahier avec les clous que j' aime beaucoup n' est pas froid <eos>,12,froid,froide,10,M,P,froid,-9.45824,froide,-15.748335,1
7462,S_NOUN_7_ADJ_b,M,S,le cahier avec les clous que j' aime beaucoup n' est pas chaud <eos>,12,chaud,chaude,10,M,P,chaud,-9.45544,chaude,-15.5053215,1
7463,S_NOUN_7_ADJ_b,M,S,le cahier avec les clous que j' aime beaucoup n' est pas important <eos>,12,important,importante,10,M,P,important,-7.6701202,importante,-12.43736,1
7464,S_NOUN_7_ADJ_b,M,S,le cahier avec les clous que j' aime beaucoup n' est pas court <eos>,12,court,courte,10,M,P,court,-9.392273,courte,-13.65957,1
7465,S_NOUN_7_ADJ_b,M,S,le cahier avec les clous que j' aime beaucoup n' est pas dur <eos>,12,dur,dure,10,M,P,dur,-8.693913,dure,-11.408319,1
7466,S_NOUN_7_ADJ_b,M,S,le cahier avec les clous que j' aime beaucoup n' est pas clair <eos>,12,clair,claire,10,M,P,clair,-4.3079286,claire,-8.458267,1
7467,S_NOUN_7_ADJ_b,M,S,le cahier avec les clous que j' aime beaucoup n' est pas intéressant <eos>,12,intéressant,intéressante,10,M,P,intéressant,-7.9687047,intéressante,-12.511278,1
7468,S_NOUN_7_ADJ_b,M,S,le cahier avec les clous que j' aime beaucoup n' est pas brillant <eos>,12,brillant,brillante,10,M,P,brillant,-8.533994,brillante,-14.010089,1
7469,S_NOUN_7_ADJ_b,M,S,le cahier avec les clous que j' aime beaucoup n' est pas compliqué <eos>,12,compliqué,compliquée,10,M,P,compliqué,-8.356262,compliquée,-12.8776,1
7470,S_NOUN_7_ADJ_b,M,S,le cahier avec les billets que j' aime beaucoup n' est pas vert <eos>,12,vert,verte,10,M,P,vert,-10.021171,verte,-14.114241,1
7471,S_NOUN_7_ADJ_b,M,S,le cahier avec les billets que j' aime beaucoup n' est pas bleu <eos>,12,bleu,bleue,10,M,P,bleu,-9.29067,bleue,-13.291079,1
7472,S_NOUN_7_ADJ_b,M,S,le cahier avec les billets que j' aime beaucoup n' est pas noir <eos>,12,noir,noire,10,M,P,noir,-6.620239,noire,-14.012362,1
7473,S_NOUN_7_ADJ_b,M,S,le cahier avec les billets que j' aime beaucoup n' est pas délicat <eos>,12,délicat,délicate,10,M,P,délicat,-9.758598,délicate,-15.7380085,1
7474,S_NOUN_7_ADJ_b,M,S,le cahier avec les billets que j' aime beaucoup n' est pas pointu <eos>,12,pointu,pointue,10,M,P,pointu,-11.889002,pointue,-17.370577,1
7475,S_NOUN_7_ADJ_b,M,S,le cahier avec les billets que j' aime beaucoup n' est pas rond <eos>,12,rond,ronde,10,M,P,rond,-7.802848,ronde,-13.449326,1
7476,S_NOUN_7_ADJ_b,M,S,le cahier avec les billets que j' aime beaucoup n' est pas froid <eos>,12,froid,froide,10,M,P,froid,-9.67655,froide,-15.26035,1
7477,S_NOUN_7_ADJ_b,M,S,le cahier avec les billets que j' aime beaucoup n' est pas chaud <eos>,12,chaud,chaude,10,M,P,chaud,-9.721528,chaude,-15.656831,1
7478,S_NOUN_7_ADJ_b,M,S,le cahier avec les billets que j' aime beaucoup n' est pas important <eos>,12,important,importante,10,M,P,important,-7.539038,importante,-12.133989,1
7479,S_NOUN_7_ADJ_b,M,S,le cahier avec les billets que j' aime beaucoup n' est pas court <eos>,12,court,courte,10,M,P,court,-9.43969,courte,-13.750004,1
7480,S_NOUN_7_ADJ_b,M,S,le cahier avec les billets que j' aime beaucoup n' est pas dur <eos>,12,dur,dure,10,M,P,dur,-9.254154,dure,-11.724577,1
7481,S_NOUN_7_ADJ_b,M,S,le cahier avec les billets que j' aime beaucoup n' est pas clair <eos>,12,clair,claire,10,M,P,clair,-4.5414615,claire,-8.751936,1
7482,S_NOUN_7_ADJ_b,M,S,le cahier avec les billets que j' aime beaucoup n' est pas intéressant <eos>,12,intéressant,intéressante,10,M,P,intéressant,-8.196018,intéressante,-12.161863,1
7483,S_NOUN_7_ADJ_b,M,S,le cahier avec les billets que j' aime beaucoup n' est pas brillant <eos>,12,brillant,brillante,10,M,P,brillant,-9.865519,brillante,-13.974384,1
7484,S_NOUN_7_ADJ_b,M,S,le cahier avec les billets que j' aime beaucoup n' est pas compliqué <eos>,12,compliqué,compliquée,10,M,P,compliqué,-8.854093,compliquée,-13.670387,1
7485,S_NOUN_7_ADJ_b,M,S,le cahier avec les légumes que j' aime beaucoup n' est pas vert <eos>,12,vert,verte,10,M,P,vert,-9.927433,verte,-14.087566,1
7486,S_NOUN_7_ADJ_b,M,S,le cahier avec les légumes que j' aime beaucoup n' est pas bleu <eos>,12,bleu,bleue,10,M,P,bleu,-9.606632,bleue,-13.619381,1
7487,S_NOUN_7_ADJ_b,M,S,le cahier avec les légumes que j' aime beaucoup n' est pas noir <eos>,12,noir,noire,10,M,P,noir,-6.9272623,noire,-14.495428,1
7488,S_NOUN_7_ADJ_b,M,S,le cahier avec les légumes que j' aime beaucoup n' est pas délicat <eos>,12,délicat,délicate,10,M,P,délicat,-8.589239,délicate,-14.347261,1
7489,S_NOUN_7_ADJ_b,M,S,le cahier avec les légumes que j' aime beaucoup n' est pas pointu <eos>,12,pointu,pointue,10,M,P,pointu,-11.655882,pointue,-16.964169,1
7490,S_NOUN_7_ADJ_b,M,S,le cahier avec les légumes que j' aime beaucoup n' est pas rond <eos>,12,rond,ronde,10,M,P,rond,-7.967864,ronde,-13.996218,1
7491,S_NOUN_7_ADJ_b,M,S,le cahier avec les légumes que j' aime beaucoup n' est pas froid <eos>,12,froid,froide,10,M,P,froid,-8.496272,froide,-14.447651,1
7492,S_NOUN_7_ADJ_b,M,S,le cahier avec les légumes que j' aime beaucoup n' est pas chaud <eos>,12,chaud,chaude,10,M,P,chaud,-8.321026,chaude,-14.960266,1
7493,S_NOUN_7_ADJ_b,M,S,le cahier avec les légumes que j' aime beaucoup n' est pas important <eos>,12,important,importante,10,M,P,important,-7.5690002,importante,-12.248211,1
7494,S_NOUN_7_ADJ_b,M,S,le cahier avec les légumes que j' aime beaucoup n' est pas court <eos>,12,court,courte,10,M,P,court,-9.920328,courte,-14.024896,1
7495,S_NOUN_7_ADJ_b,M,S,le cahier avec les légumes que j' aime beaucoup n' est pas dur <eos>,12,dur,dure,10,M,P,dur,-8.60773,dure,-11.506714,1
7496,S_NOUN_7_ADJ_b,M,S,le cahier avec les légumes que j' aime beaucoup n' est pas clair <eos>,12,clair,claire,10,M,P,clair,-3.6436658,claire,-8.04159,1
7497,S_NOUN_7_ADJ_b,M,S,le cahier avec les légumes que j' aime beaucoup n' est pas intéressant <eos>,12,intéressant,intéressante,10,M,P,intéressant,-7.5852613,intéressante,-11.124674,1
7498,S_NOUN_7_ADJ_b,M,S,le cahier avec les légumes que j' aime beaucoup n' est pas brillant <eos>,12,brillant,brillante,10,M,P,brillant,-8.972549,brillante,-14.268049,1
7499,S_NOUN_7_ADJ_b,M,S,le cahier avec les légumes que j' aime beaucoup n' est pas compliqué <eos>,12,compliqué,compliquée,10,M,P,compliqué,-8.558199,compliquée,-12.788996,1
7500,S_NOUN_7_ADJ_b,M,S,le micro avec les bracelets que j' aime beaucoup n' est pas vert <eos>,12,vert,verte,10,M,P,vert,-9.204964,verte,-13.195896,1
7501,S_NOUN_7_ADJ_b,M,S,le micro avec les bracelets que j' aime beaucoup n' est pas bleu <eos>,12,bleu,bleue,10,M,P,bleu,-7.931883,bleue,-12.647342,1
7502,S_NOUN_7_ADJ_b,M,S,le micro avec les bracelets que j' aime beaucoup n' est pas noir <eos>,12,noir,noire,10,M,P,noir,-5.706317,noire,-12.01392,1
7503,S_NOUN_7_ADJ_b,M,S,le micro avec les bracelets que j' aime beaucoup n' est pas délicat <eos>,12,délicat,délicate,10,M,P,délicat,-10.0478945,délicate,-14.753563,1
7504,S_NOUN_7_ADJ_b,M,S,le micro avec les bracelets que j' aime beaucoup n' est pas pointu <eos>,12,pointu,pointue,10,M,P,pointu,-8.976983,pointue,-14.638569,1
7505,S_NOUN_7_ADJ_b,M,S,le micro avec les bracelets que j' aime beaucoup n' est pas rond <eos>,12,rond,ronde,10,M,P,rond,-6.465145,ronde,-12.274544,1
7506,S_NOUN_7_ADJ_b,M,S,le micro avec les bracelets que j' aime beaucoup n' est pas froid <eos>,12,froid,froide,10,M,P,froid,-9.769869,froide,-14.279278,1
7507,S_NOUN_7_ADJ_b,M,S,le micro avec les bracelets que j' aime beaucoup n' est pas chaud <eos>,12,chaud,chaude,10,M,P,chaud,-9.706346,chaude,-14.107219,1
7508,S_NOUN_7_ADJ_b,M,S,le micro avec les bracelets que j' aime beaucoup n' est pas important <eos>,12,important,importante,10,M,P,important,-8.434957,importante,-12.612659,1
7509,S_NOUN_7_ADJ_b,M,S,le micro avec les bracelets que j' aime beaucoup n' est pas court <eos>,12,court,courte,10,M,P,court,-8.81545,courte,-12.467598,1
7510,S_NOUN_7_ADJ_b,M,S,le micro avec les bracelets que j' aime beaucoup n' est pas dur <eos>,12,dur,dure,10,M,P,dur,-8.226694,dure,-11.007553,1
7511,S_NOUN_7_ADJ_b,M,S,le micro avec les bracelets que j' aime beaucoup n' est pas clair <eos>,12,clair,claire,10,M,P,clair,-5.1038666,claire,-8.5586195,1
7512,S_NOUN_7_ADJ_b,M,S,le micro avec les bracelets que j' aime beaucoup n' est pas intéressant <eos>,12,intéressant,intéressante,10,M,P,intéressant,-8.565634,intéressante,-13.3555355,1
7513,S_NOUN_7_ADJ_b,M,S,le micro avec les bracelets que j' aime beaucoup n' est pas brillant <eos>,12,brillant,brillante,10,M,P,brillant,-7.247719,brillante,-11.205449,1
7514,S_NOUN_7_ADJ_b,M,S,le micro avec les bracelets que j' aime beaucoup n' est pas compliqué <eos>,12,compliqué,compliquée,10,M,P,compliqué,-8.483367,compliquée,-12.829487,1
7515,S_NOUN_7_ADJ_b,M,S,le micro avec les miroirs que j' aime beaucoup n' est pas vert <eos>,12,vert,verte,10,M,P,vert,-9.043459,verte,-11.999528,1
7516,S_NOUN_7_ADJ_b,M,S,le micro avec les miroirs que j' aime beaucoup n' est pas bleu <eos>,12,bleu,bleue,10,M,P,bleu,-7.928671,bleue,-12.475851,1
7517,S_NOUN_7_ADJ_b,M,S,le micro avec les miroirs que j' aime beaucoup n' est pas noir <eos>,12,noir,noire,10,M,P,noir,-5.800935,noire,-11.968697,1
7518,S_NOUN_7_ADJ_b,M,S,le micro avec les miroirs que j' aime beaucoup n' est pas délicat <eos>,12,délicat,délicate,10,M,P,délicat,-9.638987,délicate,-14.59267,1
7519,S_NOUN_7_ADJ_b,M,S,le micro avec les miroirs que j' aime beaucoup n' est pas pointu <eos>,12,pointu,pointue,10,M,P,pointu,-9.055384,pointue,-14.732758,1
7520,S_NOUN_7_ADJ_b,M,S,le micro avec les miroirs que j' aime beaucoup n' est pas rond <eos>,12,rond,ronde,10,M,P,rond,-6.542809,ronde,-12.777788,1
7521,S_NOUN_7_ADJ_b,M,S,le micro avec les miroirs que j' aime beaucoup n' est pas froid <eos>,12,froid,froide,10,M,P,froid,-9.674052,froide,-13.920933,1
7522,S_NOUN_7_ADJ_b,M,S,le micro avec les miroirs que j' aime beaucoup n' est pas chaud <eos>,12,chaud,chaude,10,M,P,chaud,-9.234245,chaude,-13.557075,1
7523,S_NOUN_7_ADJ_b,M,S,le micro avec les miroirs que j' aime beaucoup n' est pas important <eos>,12,important,importante,10,M,P,important,-8.409871,importante,-12.526467,1
7524,S_NOUN_7_ADJ_b,M,S,le micro avec les miroirs que j' aime beaucoup n' est pas court <eos>,12,court,courte,10,M,P,court,-9.510902,courte,-13.460297,1
7525,S_NOUN_7_ADJ_b,M,S,le micro avec les miroirs que j' aime beaucoup n' est pas dur <eos>,12,dur,dure,10,M,P,dur,-8.34661,dure,-11.47176,1
7526,S_NOUN_7_ADJ_b,M,S,le micro avec les miroirs que j' aime beaucoup n' est pas clair <eos>,12,clair,claire,10,M,P,clair,-4.8024178,claire,-8.399339,1
7527,S_NOUN_7_ADJ_b,M,S,le micro avec les miroirs que j' aime beaucoup n' est pas intéressant <eos>,12,intéressant,intéressante,10,M,P,intéressant,-8.3220005,intéressante,-13.031572,1
7528,S_NOUN_7_ADJ_b,M,S,le micro avec les miroirs que j' aime beaucoup n' est pas brillant <eos>,12,brillant,brillante,10,M,P,brillant,-6.8657513,brillante,-11.359554,1
7529,S_NOUN_7_ADJ_b,M,S,le micro avec les miroirs que j' aime beaucoup n' est pas compliqué <eos>,12,compliqué,compliquée,10,M,P,compliqué,-8.860037,compliquée,-13.122512,1
7530,S_NOUN_7_ADJ_b,M,S,le micro avec les crayons que j' aime beaucoup n' est pas vert <eos>,12,vert,verte,10,M,P,vert,-8.72746,verte,-13.053689,1
7531,S_NOUN_7_ADJ_b,M,S,le micro avec les crayons que j' aime beaucoup n' est pas bleu <eos>,12,bleu,bleue,10,M,P,bleu,-7.641264,bleue,-12.59575,1
7532,S_NOUN_7_ADJ_b,M,S,le micro avec les crayons que j' aime beaucoup n' est pas noir <eos>,12,noir,noire,10,M,P,noir,-5.9611387,noire,-12.77156,1
7533,S_NOUN_7_ADJ_b,M,S,le micro avec les crayons que j' aime beaucoup n' est pas délicat <eos>,12,délicat,délicate,10,M,P,délicat,-9.363682,délicate,-14.625273,1
7534,S_NOUN_7_ADJ_b,M,S,le micro avec les crayons que j' aime beaucoup n' est pas pointu <eos>,12,pointu,pointue,10,M,P,pointu,-11.044409,pointue,-16.045343,1
7535,S_NOUN_7_ADJ_b,M,S,le micro avec les crayons que j' aime beaucoup n' est pas rond <eos>,12,rond,ronde,10,M,P,rond,-7.1726627,ronde,-13.242422,1
7536,S_NOUN_7_ADJ_b,M,S,le micro avec les crayons que j' aime beaucoup n' est pas froid <eos>,12,froid,froide,10,M,P,froid,-9.155598,froide,-14.020416,1
7537,S_NOUN_7_ADJ_b,M,S,le micro avec les crayons que j' aime beaucoup n' est pas chaud <eos>,12,chaud,chaude,10,M,P,chaud,-8.477806,chaude,-13.682271,1
7538,S_NOUN_7_ADJ_b,M,S,le micro avec les crayons que j' aime beaucoup n' est pas important <eos>,12,important,importante,10,M,P,important,-7.8477826,importante,-11.800463,1
7539,S_NOUN_7_ADJ_b,M,S,le micro avec les crayons que j' aime beaucoup n' est pas court <eos>,12,court,courte,10,M,P,court,-9.75739,courte,-13.294999,1
7540,S_NOUN_7_ADJ_b,M,S,le micro avec les crayons que j' aime beaucoup n' est pas dur <eos>,12,dur,dure,10,M,P,dur,-8.590347,dure,-10.886562,1
7541,S_NOUN_7_ADJ_b,M,S,le micro avec les crayons que j' aime beaucoup n' est pas clair <eos>,12,clair,claire,10,M,P,clair,-4.521043,claire,-8.145339,1
7542,S_NOUN_7_ADJ_b,M,S,le micro avec les crayons que j' aime beaucoup n' est pas intéressant <eos>,12,intéressant,intéressante,10,M,P,intéressant,-8.017792,intéressante,-12.043482,1
7543,S_NOUN_7_ADJ_b,M,S,le micro avec les crayons que j' aime beaucoup n' est pas brillant <eos>,12,brillant,brillante,10,M,P,brillant,-7.670041,brillante,-11.606492,1
7544,S_NOUN_7_ADJ_b,M,S,le micro avec les crayons que j' aime beaucoup n' est pas compliqué <eos>,12,compliqué,compliquée,10,M,P,compliqué,-9.43606,compliquée,-13.448084,1
7545,S_NOUN_7_ADJ_b,M,S,le micro avec les rideaux que j' aime beaucoup n' est pas vert <eos>,12,vert,verte,10,M,P,vert,-8.621362,verte,-13.020104,1
7546,S_NOUN_7_ADJ_b,M,S,le micro avec les rideaux que j' aime beaucoup n' est pas bleu <eos>,12,bleu,bleue,10,M,P,bleu,-7.653308,bleue,-12.397454,1
7547,S_NOUN_7_ADJ_b,M,S,le micro avec les rideaux que j' aime beaucoup n' est pas noir <eos>,12,noir,noire,10,M,P,noir,-5.449464,noire,-12.386961,1
7548,S_NOUN_7_ADJ_b,M,S,le micro avec les rideaux que j' aime beaucoup n' est pas délicat <eos>,12,délicat,délicate,10,M,P,délicat,-9.632639,délicate,-14.466673,1
7549,S_NOUN_7_ADJ_b,M,S,le micro avec les rideaux que j' aime beaucoup n' est pas pointu <eos>,12,pointu,pointue,10,M,P,pointu,-9.659676,pointue,-15.38965,1
7550,S_NOUN_7_ADJ_b,M,S,le micro avec les rideaux que j' aime beaucoup n' est pas rond <eos>,12,rond,ronde,10,M,P,rond,-6.1964607,ronde,-12.455487,1
7551,S_NOUN_7_ADJ_b,M,S,le micro avec les rideaux que j' aime beaucoup n' est pas froid <eos>,12,froid,froide,10,M,P,froid,-9.367626,froide,-13.812651,1
7552,S_NOUN_7_ADJ_b,M,S,le micro avec les rideaux que j' aime beaucoup n' est pas chaud <eos>,12,chaud,chaude,10,M,P,chaud,-9.01491,chaude,-13.641012,1
7553,S_NOUN_7_ADJ_b,M,S,le micro avec les rideaux que j' aime beaucoup n' est pas important <eos>,12,important,importante,10,M,P,important,-8.061354,importante,-12.373374,1
7554,S_NOUN_7_ADJ_b,M,S,le micro avec les rideaux que j' aime beaucoup n' est pas court <eos>,12,court,courte,10,M,P,court,-8.483871,courte,-12.648487,1
7555,S_NOUN_7_ADJ_b,M,S,le micro avec les rideaux que j' aime beaucoup n' est pas dur <eos>,12,dur,dure,10,M,P,dur,-7.908579,dure,-10.126482,1
7556,S_NOUN_7_ADJ_b,M,S,le micro avec les rideaux que j' aime beaucoup n' est pas clair <eos>,12,clair,claire,10,M,P,clair,-4.7100496,claire,-8.380408,1
7557,S_NOUN_7_ADJ_b,M,S,le micro avec les rideaux que j' aime beaucoup n' est pas intéressant <eos>,12,intéressant,intéressante,10,M,P,intéressant,-8.632611,intéressante,-13.187767,1
7558,S_NOUN_7_ADJ_b,M,S,le micro avec les rideaux que j' aime beaucoup n' est pas brillant <eos>,12,brillant,brillante,10,M,P,brillant,-7.420229,brillante,-11.294442,1
7559,S_NOUN_7_ADJ_b,M,S,le micro avec les rideaux que j' aime beaucoup n' est pas compliqué <eos>,12,compliqué,compliquée,10,M,P,compliqué,-8.741558,compliquée,-13.018399,1
7560,S_NOUN_7_ADJ_b,M,S,le micro avec les cahiers que j' aime beaucoup n' est pas vert <eos>,12,vert,verte,10,M,P,vert,-9.581773,verte,-13.813607,1
7561,S_NOUN_7_ADJ_b,M,S,le micro avec les cahiers que j' aime beaucoup n' est pas bleu <eos>,12,bleu,bleue,10,M,P,bleu,-8.2331085,bleue,-13.117278,1
7562,S_NOUN_7_ADJ_b,M,S,le micro avec les cahiers que j' aime beaucoup n' est pas noir <eos>,12,noir,noire,10,M,P,noir,-6.388463,noire,-13.379761,1
7563,S_NOUN_7_ADJ_b,M,S,le micro avec les cahiers que j' aime beaucoup n' est pas délicat <eos>,12,délicat,délicate,10,M,P,délicat,-9.588593,délicate,-15.626694,1
7564,S_NOUN_7_ADJ_b,M,S,le micro avec les cahiers que j' aime beaucoup n' est pas pointu <eos>,12,pointu,pointue,10,M,P,pointu,-10.39211,pointue,-15.8059845,1
7565,S_NOUN_7_ADJ_b,M,S,le micro avec les cahiers que j' aime beaucoup n' est pas rond <eos>,12,rond,ronde,10,M,P,rond,-6.823768,ronde,-12.938313,1
7566,S_NOUN_7_ADJ_b,M,S,le micro avec les cahiers que j' aime beaucoup n' est pas froid <eos>,12,froid,froide,10,M,P,froid,-9.172162,froide,-14.687514,1
7567,S_NOUN_7_ADJ_b,M,S,le micro avec les cahiers que j' aime beaucoup n' est pas chaud <eos>,12,chaud,chaude,10,M,P,chaud,-8.812183,chaude,-14.23442,1
7568,S_NOUN_7_ADJ_b,M,S,le micro avec les cahiers que j' aime beaucoup n' est pas important <eos>,12,important,importante,10,M,P,important,-8.096546,importante,-12.414532,1
7569,S_NOUN_7_ADJ_b,M,S,le micro avec les cahiers que j' aime beaucoup n' est pas court <eos>,12,court,courte,10,M,P,court,-9.226621,courte,-13.055722,1
7570,S_NOUN_7_ADJ_b,M,S,le micro avec les cahiers que j' aime beaucoup n' est pas dur <eos>,12,dur,dure,10,M,P,dur,-8.677638,dure,-11.148966,1
7571,S_NOUN_7_ADJ_b,M,S,le micro avec les cahiers que j' aime beaucoup n' est pas clair <eos>,12,clair,claire,10,M,P,clair,-4.8654165,claire,-8.9871025,1
7572,S_NOUN_7_ADJ_b,M,S,le micro avec les cahiers que j' aime beaucoup n' est pas intéressant <eos>,12,intéressant,intéressante,10,M,P,intéressant,-7.7867694,intéressante,-12.258871,1
7573,S_NOUN_7_ADJ_b,M,S,le micro avec les cahiers que j' aime beaucoup n' est pas brillant <eos>,12,brillant,brillante,10,M,P,brillant,-8.186556,brillante,-12.128946,1
7574,S_NOUN_7_ADJ_b,M,S,le micro avec les cahiers que j' aime beaucoup n' est pas compliqué <eos>,12,compliqué,compliquée,10,M,P,compliqué,-8.7494335,compliquée,-13.25914,1
7575,S_NOUN_7_ADJ_b,M,S,le micro avec les micros que j' aime beaucoup n' est pas vert <eos>,12,vert,verte,10,M,P,vert,-9.704706,verte,-13.50849,1
7576,S_NOUN_7_ADJ_b,M,S,le micro avec les micros que j' aime beaucoup n' est pas bleu <eos>,12,bleu,bleue,10,M,P,bleu,-8.566261,bleue,-13.061274,1
7577,S_NOUN_7_ADJ_b,M,S,le micro avec les micros que j' aime beaucoup n' est pas noir <eos>,12,noir,noire,10,M,P,noir,-6.3996077,noire,-12.930808,1
7578,S_NOUN_7_ADJ_b,M,S,le micro avec les micros que j' aime beaucoup n' est pas délicat <eos>,12,délicat,délicate,10,M,P,délicat,-9.673998,délicate,-15.360792,1
7579,S_NOUN_7_ADJ_b,M,S,le micro avec les micros que j' aime beaucoup n' est pas pointu <eos>,12,pointu,pointue,10,M,P,pointu,-9.858334,pointue,-15.66953,1
7580,S_NOUN_7_ADJ_b,M,S,le micro avec les micros que j' aime beaucoup n' est pas rond <eos>,12,rond,ronde,10,M,P,rond,-6.957328,ronde,-13.435659,1
7581,S_NOUN_7_ADJ_b,M,S,le micro avec les micros que j' aime beaucoup n' est pas froid <eos>,12,froid,froide,10,M,P,froid,-9.416475,froide,-14.374709,1
7582,S_NOUN_7_ADJ_b,M,S,le micro avec les micros que j' aime beaucoup n' est pas chaud <eos>,12,chaud,chaude,10,M,P,chaud,-8.893206,chaude,-13.631439,1
7583,S_NOUN_7_ADJ_b,M,S,le micro avec les micros que j' aime beaucoup n' est pas important <eos>,12,important,importante,10,M,P,important,-8.072965,importante,-12.436563,1
7584,S_NOUN_7_ADJ_b,M,S,le micro avec les micros que j' aime beaucoup n' est pas court <eos>,12,court,courte,10,M,P,court,-9.434399,courte,-13.55309,1
7585,S_NOUN_7_ADJ_b,M,S,le micro avec les micros que j' aime beaucoup n' est pas dur <eos>,12,dur,dure,10,M,P,dur,-8.145826,dure,-11.084525,1
7586,S_NOUN_7_ADJ_b,M,S,le micro avec les micros que j' aime beaucoup n' est pas clair <eos>,12,clair,claire,10,M,P,clair,-5.131651,claire,-8.736708,1
7587,S_NOUN_7_ADJ_b,M,S,le micro avec les micros que j' aime beaucoup n' est pas intéressant <eos>,12,intéressant,intéressante,10,M,P,intéressant,-8.043602,intéressante,-12.277706,1
7588,S_NOUN_7_ADJ_b,M,S,le micro avec les micros que j' aime beaucoup n' est pas brillant <eos>,12,brillant,brillante,10,M,P,brillant,-8.065071,brillante,-12.412459,1
7589,S_NOUN_7_ADJ_b,M,S,le micro avec les micros que j' aime beaucoup n' est pas compliqué <eos>,12,compliqué,compliquée,10,M,P,compliqué,-9.093117,compliquée,-12.877163,1
7590,S_NOUN_7_ADJ_b,M,S,le micro avec les sacs que j' aime beaucoup n' est pas vert <eos>,12,vert,verte,10,M,P,vert,-9.080949,verte,-12.933939,1
7591,S_NOUN_7_ADJ_b,M,S,le micro avec les sacs que j' aime beaucoup n' est pas bleu <eos>,12,bleu,bleue,10,M,P,bleu,-8.333744,bleue,-12.809363,1
7592,S_NOUN_7_ADJ_b,M,S,le micro avec les sacs que j' aime beaucoup n' est pas noir <eos>,12,noir,noire,10,M,P,noir,-5.9703255,noire,-12.462356,1
7593,S_NOUN_7_ADJ_b,M,S,le micro avec les sacs que j' aime beaucoup n' est pas délicat <eos>,12,délicat,délicate,10,M,P,délicat,-9.706472,délicate,-14.966087,1
7594,S_NOUN_7_ADJ_b,M,S,le micro avec les sacs que j' aime beaucoup n' est pas pointu <eos>,12,pointu,pointue,10,M,P,pointu,-9.855909,pointue,-15.545792,1
7595,S_NOUN_7_ADJ_b,M,S,le micro avec les sacs que j' aime beaucoup n' est pas rond <eos>,12,rond,ronde,10,M,P,rond,-6.5480337,ronde,-13.014117,1
7596,S_NOUN_7_ADJ_b,M,S,le micro avec les sacs que j' aime beaucoup n' est pas froid <eos>,12,froid,froide,10,M,P,froid,-9.051166,froide,-14.029836,1
7597,S_NOUN_7_ADJ_b,M,S,le micro avec les sacs que j' aime beaucoup n' est pas chaud <eos>,12,chaud,chaude,10,M,P,chaud,-8.542776,chaude,-13.46756,1
7598,S_NOUN_7_ADJ_b,M,S,le micro avec les sacs que j' aime beaucoup n' est pas important <eos>,12,important,importante,10,M,P,important,-8.03298,importante,-12.349224,1
7599,S_NOUN_7_ADJ_b,M,S,le micro avec les sacs que j' aime beaucoup n' est pas court <eos>,12,court,courte,10,M,P,court,-9.051488,courte,-12.689505,1
7600,S_NOUN_7_ADJ_b,M,S,le micro avec les sacs que j' aime beaucoup n' est pas dur <eos>,12,dur,dure,10,M,P,dur,-7.8228807,dure,-10.509589,1
7601,S_NOUN_7_ADJ_b,M,S,le micro avec les sacs que j' aime beaucoup n' est pas clair <eos>,12,clair,claire,10,M,P,clair,-4.877296,claire,-8.594196,1
7602,S_NOUN_7_ADJ_b,M,S,le micro avec les sacs que j' aime beaucoup n' est pas intéressant <eos>,12,intéressant,intéressante,10,M,P,intéressant,-8.041849,intéressante,-11.992398,1
7603,S_NOUN_7_ADJ_b,M,S,le micro avec les sacs que j' aime beaucoup n' est pas brillant <eos>,12,brillant,brillante,10,M,P,brillant,-7.871182,brillante,-12.334055,1
7604,S_NOUN_7_ADJ_b,M,S,le micro avec les sacs que j' aime beaucoup n' est pas compliqué <eos>,12,compliqué,compliquée,10,M,P,compliqué,-8.723228,compliquée,-12.984261,1
7605,S_NOUN_7_ADJ_b,M,S,le micro avec les claviers que j' aime beaucoup n' est pas vert <eos>,12,vert,verte,10,M,P,vert,-10.5686655,verte,-14.807385,1
7606,S_NOUN_7_ADJ_b,M,S,le micro avec les claviers que j' aime beaucoup n' est pas bleu <eos>,12,bleu,bleue,10,M,P,bleu,-9.283223,bleue,-13.918441,1
7607,S_NOUN_7_ADJ_b,M,S,le micro avec les claviers que j' aime beaucoup n' est pas noir <eos>,12,noir,noire,10,M,P,noir,-7.009447,noire,-13.471877,1
7608,S_NOUN_7_ADJ_b,M,S,le micro avec les claviers que j' aime beaucoup n' est pas délicat <eos>,12,délicat,délicate,10,M,P,délicat,-9.637343,délicate,-15.52003,1
7609,S_NOUN_7_ADJ_b,M,S,le micro avec les claviers que j' aime beaucoup n' est pas pointu <eos>,12,pointu,pointue,10,M,P,pointu,-9.902046,pointue,-15.567772,1
7610,S_NOUN_7_ADJ_b,M,S,le micro avec les claviers que j' aime beaucoup n' est pas rond <eos>,12,rond,ronde,10,M,P,rond,-6.9089055,ronde,-13.31455,1
7611,S_NOUN_7_ADJ_b,M,S,le micro avec les claviers que j' aime beaucoup n' est pas froid <eos>,12,froid,froide,10,M,P,froid,-9.899662,froide,-15.180939,1
7612,S_NOUN_7_ADJ_b,M,S,le micro avec les claviers que j' aime beaucoup n' est pas chaud <eos>,12,chaud,chaude,10,M,P,chaud,-9.430056,chaude,-14.546352,1
7613,S_NOUN_7_ADJ_b,M,S,le micro avec les claviers que j' aime beaucoup n' est pas important <eos>,12,important,importante,10,M,P,important,-7.88241,importante,-12.262044,1
7614,S_NOUN_7_ADJ_b,M,S,le micro avec les claviers que j' aime beaucoup n' est pas court <eos>,12,court,courte,10,M,P,court,-8.764361,courte,-12.662802,1
7615,S_NOUN_7_ADJ_b,M,S,le micro avec les claviers que j' aime beaucoup n' est pas dur <eos>,12,dur,dure,10,M,P,dur,-8.158981,dure,-10.956221,1
7616,S_NOUN_7_ADJ_b,M,S,le micro avec les claviers que j' aime beaucoup n' est pas clair <eos>,12,clair,claire,10,M,P,clair,-5.374299,claire,-9.35291,1
7617,S_NOUN_7_ADJ_b,M,S,le micro avec les claviers que j' aime beaucoup n' est pas intéressant <eos>,12,intéressant,intéressante,10,M,P,intéressant,-8.167933,intéressante,-12.121468,1
7618,S_NOUN_7_ADJ_b,M,S,le micro avec les claviers que j' aime beaucoup n' est pas brillant <eos>,12,brillant,brillante,10,M,P,brillant,-8.198775,brillante,-12.55516,1
7619,S_NOUN_7_ADJ_b,M,S,le micro avec les claviers que j' aime beaucoup n' est pas compliqué <eos>,12,compliqué,compliquée,10,M,P,compliqué,-8.511546,compliquée,-12.336114,1
7620,S_NOUN_7_ADJ_b,M,S,le micro avec les raisins que j' aime beaucoup n' est pas vert <eos>,12,vert,verte,10,M,P,vert,-8.321066,verte,-13.255971,1
7621,S_NOUN_7_ADJ_b,M,S,le micro avec les raisins que j' aime beaucoup n' est pas bleu <eos>,12,bleu,bleue,10,M,P,bleu,-7.4913845,bleue,-12.740247,1
7622,S_NOUN_7_ADJ_b,M,S,le micro avec les raisins que j' aime beaucoup n' est pas noir <eos>,12,noir,noire,10,M,P,noir,-5.883259,noire,-12.698412,1
7623,S_NOUN_7_ADJ_b,M,S,le micro avec les raisins que j' aime beaucoup n' est pas délicat <eos>,12,délicat,délicate,10,M,P,délicat,-8.652006,délicate,-14.430813,1
7624,S_NOUN_7_ADJ_b,M,S,le micro avec les raisins que j' aime beaucoup n' est pas pointu <eos>,12,pointu,pointue,10,M,P,pointu,-10.930875,pointue,-15.782857,1
7625,S_NOUN_7_ADJ_b,M,S,le micro avec les raisins que j' aime beaucoup n' est pas rond <eos>,12,rond,ronde,10,M,P,rond,-6.6470165,ronde,-13.161236,1
7626,S_NOUN_7_ADJ_b,M,S,le micro avec les raisins que j' aime beaucoup n' est pas froid <eos>,12,froid,froide,10,M,P,froid,-7.6586304,froide,-13.06741,1
7627,S_NOUN_7_ADJ_b,M,S,le micro avec les raisins que j' aime beaucoup n' est pas chaud <eos>,12,chaud,chaude,10,M,P,chaud,-7.4686375,chaude,-12.300442,1
7628,S_NOUN_7_ADJ_b,M,S,le micro avec les raisins que j' aime beaucoup n' est pas important <eos>,12,important,importante,10,M,P,important,-8.051634,importante,-12.027711,1
7629,S_NOUN_7_ADJ_b,M,S,le micro avec les raisins que j' aime beaucoup n' est pas court <eos>,12,court,courte,10,M,P,court,-9.521797,courte,-13.507234,1
7630,S_NOUN_7_ADJ_b,M,S,le micro avec les raisins que j' aime beaucoup n' est pas dur <eos>,12,dur,dure,10,M,P,dur,-8.924388,dure,-10.307829,1
7631,S_NOUN_7_ADJ_b,M,S,le micro avec les raisins que j' aime beaucoup n' est pas clair <eos>,12,clair,claire,10,M,P,clair,-3.8717625,claire,-7.943183,1
7632,S_NOUN_7_ADJ_b,M,S,le micro avec les raisins que j' aime beaucoup n' est pas intéressant <eos>,12,intéressant,intéressante,10,M,P,intéressant,-8.285925,intéressante,-12.3072605,1
7633,S_NOUN_7_ADJ_b,M,S,le micro avec les raisins que j' aime beaucoup n' est pas brillant <eos>,12,brillant,brillante,10,M,P,brillant,-7.841234,brillante,-12.329154,1
7634,S_NOUN_7_ADJ_b,M,S,le micro avec les raisins que j' aime beaucoup n' est pas compliqué <eos>,12,compliqué,compliquée,10,M,P,compliqué,-8.601176,compliquée,-13.076338,1
7635,S_NOUN_7_ADJ_b,M,S,le micro avec les chargeurs que j' aime beaucoup n' est pas vert <eos>,12,vert,verte,10,M,P,vert,-9.713752,verte,-13.29566,1
7636,S_NOUN_7_ADJ_b,M,S,le micro avec les chargeurs que j' aime beaucoup n' est pas bleu <eos>,12,bleu,bleue,10,M,P,bleu,-8.810764,bleue,-13.65307,1
7637,S_NOUN_7_ADJ_b,M,S,le micro avec les chargeurs que j' aime beaucoup n' est pas noir <eos>,12,noir,noire,10,M,P,noir,-6.537176,noire,-12.6719675,1
7638,S_NOUN_7_ADJ_b,M,S,le micro avec les chargeurs que j' aime beaucoup n' est pas délicat <eos>,12,délicat,délicate,10,M,P,délicat,-10.124647,délicate,-15.611052,1
7639,S_NOUN_7_ADJ_b,M,S,le micro avec les chargeurs que j' aime beaucoup n' est pas pointu <eos>,12,pointu,pointue,10,M,P,pointu,-9.427908,pointue,-15.338402,1
7640,S_NOUN_7_ADJ_b,M,S,le micro avec les chargeurs que j' aime beaucoup n' est pas rond <eos>,12,rond,ronde,10,M,P,rond,-7.180478,ronde,-12.679228,1
7641,S_NOUN_7_ADJ_b,M,S,le micro avec les chargeurs que j' aime beaucoup n' est pas froid <eos>,12,froid,froide,10,M,P,froid,-9.783937,froide,-14.402859,1
7642,S_NOUN_7_ADJ_b,M,S,le micro avec les chargeurs que j' aime beaucoup n' est pas chaud <eos>,12,chaud,chaude,10,M,P,chaud,-9.151196,chaude,-14.518436,1
7643,S_NOUN_7_ADJ_b,M,S,le micro avec les chargeurs que j' aime beaucoup n' est pas important <eos>,12,important,importante,10,M,P,important,-7.8894444,importante,-11.883536,1
7644,S_NOUN_7_ADJ_b,M,S,le micro avec les chargeurs que j' aime beaucoup n' est pas court <eos>,12,court,courte,10,M,P,court,-8.708201,courte,-12.562888,1
7645,S_NOUN_7_ADJ_b,M,S,le micro avec les chargeurs que j' aime beaucoup n' est pas dur <eos>,12,dur,dure,10,M,P,dur,-8.733372,dure,-12.006666,1
7646,S_NOUN_7_ADJ_b,M,S,le micro avec les chargeurs que j' aime beaucoup n' est pas clair <eos>,12,clair,claire,10,M,P,clair,-5.7268553,claire,-9.340306,1
7647,S_NOUN_7_ADJ_b,M,S,le micro avec les chargeurs que j' aime beaucoup n' est pas intéressant <eos>,12,intéressant,intéressante,10,M,P,intéressant,-7.7866683,intéressante,-11.98955,1
7648,S_NOUN_7_ADJ_b,M,S,le micro avec les chargeurs que j' aime beaucoup n' est pas brillant <eos>,12,brillant,brillante,10,M,P,brillant,-8.438305,brillante,-12.600515,1
7649,S_NOUN_7_ADJ_b,M,S,le micro avec les chargeurs que j' aime beaucoup n' est pas compliqué <eos>,12,compliqué,compliquée,10,M,P,compliqué,-8.924567,compliquée,-13.476382,1
7650,S_NOUN_7_ADJ_b,M,S,le micro avec les vases que j' aime beaucoup n' est pas vert <eos>,12,vert,verte,10,M,P,vert,-8.750225,verte,-12.835521,1
7651,S_NOUN_7_ADJ_b,M,S,le micro avec les vases que j' aime beaucoup n' est pas bleu <eos>,12,bleu,bleue,10,M,P,bleu,-7.6859174,bleue,-12.482655,1
7652,S_NOUN_7_ADJ_b,M,S,le micro avec les vases que j' aime beaucoup n' est pas noir <eos>,12,noir,noire,10,M,P,noir,-5.942642,noire,-12.579781,1
7653,S_NOUN_7_ADJ_b,M,S,le micro avec les vases que j' aime beaucoup n' est pas délicat <eos>,12,délicat,délicate,10,M,P,délicat,-9.659334,délicate,-14.6714,1
7654,S_NOUN_7_ADJ_b,M,S,le micro avec les vases que j' aime beaucoup n' est pas pointu <eos>,12,pointu,pointue,10,M,P,pointu,-10.17462,pointue,-15.439531,1
7655,S_NOUN_7_ADJ_b,M,S,le micro avec les vases que j' aime beaucoup n' est pas rond <eos>,12,rond,ronde,10,M,P,rond,-6.1493077,ronde,-12.278969,1
7656,S_NOUN_7_ADJ_b,M,S,le micro avec les vases que j' aime beaucoup n' est pas froid <eos>,12,froid,froide,10,M,P,froid,-8.496698,froide,-13.416132,1
7657,S_NOUN_7_ADJ_b,M,S,le micro avec les vases que j' aime beaucoup n' est pas chaud <eos>,12,chaud,chaude,10,M,P,chaud,-8.333746,chaude,-12.817879,1
7658,S_NOUN_7_ADJ_b,M,S,le micro avec les vases que j' aime beaucoup n' est pas important <eos>,12,important,importante,10,M,P,important,-8.0230465,importante,-12.233252,1
7659,S_NOUN_7_ADJ_b,M,S,le micro avec les vases que j' aime beaucoup n' est pas court <eos>,12,court,courte,10,M,P,court,-9.667128,courte,-13.4188175,1
7660,S_NOUN_7_ADJ_b,M,S,le micro avec les vases que j' aime beaucoup n' est pas dur <eos>,12,dur,dure,10,M,P,dur,-8.796461,dure,-10.878657,1
7661,S_NOUN_7_ADJ_b,M,S,le micro avec les vases que j' aime beaucoup n' est pas clair <eos>,12,clair,claire,10,M,P,clair,-4.376791,claire,-7.9508867,1
7662,S_NOUN_7_ADJ_b,M,S,le micro avec les vases que j' aime beaucoup n' est pas intéressant <eos>,12,intéressant,intéressante,10,M,P,intéressant,-8.604873,intéressante,-12.649745,1
7663,S_NOUN_7_ADJ_b,M,S,le micro avec les vases que j' aime beaucoup n' est pas brillant <eos>,12,brillant,brillante,10,M,P,brillant,-7.556892,brillante,-11.945402,1
7664,S_NOUN_7_ADJ_b,M,S,le micro avec les vases que j' aime beaucoup n' est pas compliqué <eos>,12,compliqué,compliquée,10,M,P,compliqué,-8.799479,compliquée,-13.203157,1
7665,S_NOUN_7_ADJ_b,M,S,le micro avec les paniers que j' aime beaucoup n' est pas vert <eos>,12,vert,verte,10,M,P,vert,-8.930153,verte,-13.338256,1
7666,S_NOUN_7_ADJ_b,M,S,le micro avec les paniers que j' aime beaucoup n' est pas bleu <eos>,12,bleu,bleue,10,M,P,bleu,-8.144075,bleue,-13.14819,1
7667,S_NOUN_7_ADJ_b,M,S,le micro avec les paniers que j' aime beaucoup n' est pas noir <eos>,12,noir,noire,10,M,P,noir,-5.8713493,noire,-12.50691,1
7668,S_NOUN_7_ADJ_b,M,S,le micro avec les paniers que j' aime beaucoup n' est pas délicat <eos>,12,délicat,délicate,10,M,P,délicat,-9.291266,délicate,-14.851833,1
7669,S_NOUN_7_ADJ_b,M,S,le micro avec les paniers que j' aime beaucoup n' est pas pointu <eos>,12,pointu,pointue,10,M,P,pointu,-8.791464,pointue,-14.592291,1
7670,S_NOUN_7_ADJ_b,M,S,le micro avec les paniers que j' aime beaucoup n' est pas rond <eos>,12,rond,ronde,10,M,P,rond,-6.031904,ronde,-12.407095,1
7671,S_NOUN_7_ADJ_b,M,S,le micro avec les paniers que j' aime beaucoup n' est pas froid <eos>,12,froid,froide,10,M,P,froid,-9.461647,froide,-14.861856,1
7672,S_NOUN_7_ADJ_b,M,S,le micro avec les paniers que j' aime beaucoup n' est pas chaud <eos>,12,chaud,chaude,10,M,P,chaud,-9.017667,chaude,-14.330361,1
7673,S_NOUN_7_ADJ_b,M,S,le micro avec les paniers que j' aime beaucoup n' est pas important <eos>,12,important,importante,10,M,P,important,-7.8797636,importante,-12.193098,1
7674,S_NOUN_7_ADJ_b,M,S,le micro avec les paniers que j' aime beaucoup n' est pas court <eos>,12,court,courte,10,M,P,court,-8.578572,courte,-12.573571,1
7675,S_NOUN_7_ADJ_b,M,S,le micro avec les paniers que j' aime beaucoup n' est pas dur <eos>,12,dur,dure,10,M,P,dur,-7.9454966,dure,-10.642636,1
7676,S_NOUN_7_ADJ_b,M,S,le micro avec les paniers que j' aime beaucoup n' est pas clair <eos>,12,clair,claire,10,M,P,clair,-4.8214746,claire,-8.688459,1
7677,S_NOUN_7_ADJ_b,M,S,le micro avec les paniers que j' aime beaucoup n' est pas intéressant <eos>,12,intéressant,intéressante,10,M,P,intéressant,-8.18494,intéressante,-13.013002,1
7678,S_NOUN_7_ADJ_b,M,S,le micro avec les paniers que j' aime beaucoup n' est pas brillant <eos>,12,brillant,brillante,10,M,P,brillant,-7.522951,brillante,-11.902375,1
7679,S_NOUN_7_ADJ_b,M,S,le micro avec les paniers que j' aime beaucoup n' est pas compliqué <eos>,12,compliqué,compliquée,10,M,P,compliqué,-8.619902,compliquée,-13.041557,1
7680,S_NOUN_7_ADJ_b,M,S,le micro avec les colliers que j' aime beaucoup n' est pas vert <eos>,12,vert,verte,10,M,P,vert,-9.009177,verte,-13.024233,1
7681,S_NOUN_7_ADJ_b,M,S,le micro avec les colliers que j' aime beaucoup n' est pas bleu <eos>,12,bleu,bleue,10,M,P,bleu,-7.588952,bleue,-12.641468,1
7682,S_NOUN_7_ADJ_b,M,S,le micro avec les colliers que j' aime beaucoup n' est pas noir <eos>,12,noir,noire,10,M,P,noir,-5.5604954,noire,-12.143531,1
7683,S_NOUN_7_ADJ_b,M,S,le micro avec les colliers que j' aime beaucoup n' est pas délicat <eos>,12,délicat,délicate,10,M,P,délicat,-9.27221,délicate,-14.590591,1
7684,S_NOUN_7_ADJ_b,M,S,le micro avec les colliers que j' aime beaucoup n' est pas pointu <eos>,12,pointu,pointue,10,M,P,pointu,-9.314402,pointue,-15.062976,1
7685,S_NOUN_7_ADJ_b,M,S,le micro avec les colliers que j' aime beaucoup n' est pas rond <eos>,12,rond,ronde,10,M,P,rond,-6.3373737,ronde,-12.681317,1
7686,S_NOUN_7_ADJ_b,M,S,le micro avec les colliers que j' aime beaucoup n' est pas froid <eos>,12,froid,froide,10,M,P,froid,-9.445182,froide,-14.479183,1
7687,S_NOUN_7_ADJ_b,M,S,le micro avec les colliers que j' aime beaucoup n' est pas chaud <eos>,12,chaud,chaude,10,M,P,chaud,-9.006052,chaude,-14.654996,1
7688,S_NOUN_7_ADJ_b,M,S,le micro avec les colliers que j' aime beaucoup n' est pas important <eos>,12,important,importante,10,M,P,important,-8.3273945,importante,-12.745123,1
7689,S_NOUN_7_ADJ_b,M,S,le micro avec les colliers que j' aime beaucoup n' est pas court <eos>,12,court,courte,10,M,P,court,-9.037393,courte,-13.149002,1
7690,S_NOUN_7_ADJ_b,M,S,le micro avec les colliers que j' aime beaucoup n' est pas dur <eos>,12,dur,dure,10,M,P,dur,-7.9811997,dure,-11.052326,1
7691,S_NOUN_7_ADJ_b,M,S,le micro avec les colliers que j' aime beaucoup n' est pas clair <eos>,12,clair,claire,10,M,P,clair,-4.8641,claire,-8.8341875,1
7692,S_NOUN_7_ADJ_b,M,S,le micro avec les colliers que j' aime beaucoup n' est pas intéressant <eos>,12,intéressant,intéressante,10,M,P,intéressant,-8.160439,intéressante,-13.232988,1
7693,S_NOUN_7_ADJ_b,M,S,le micro avec les colliers que j' aime beaucoup n' est pas brillant <eos>,12,brillant,brillante,10,M,P,brillant,-6.807708,brillante,-11.271765,1
7694,S_NOUN_7_ADJ_b,M,S,le micro avec les colliers que j' aime beaucoup n' est pas compliqué <eos>,12,compliqué,compliquée,10,M,P,compliqué,-8.333697,compliquée,-12.896984,1
7695,S_NOUN_7_ADJ_b,M,S,le micro avec les chapeaux que j' aime beaucoup n' est pas vert <eos>,12,vert,verte,10,M,P,vert,-8.894964,verte,-13.228319,1
7696,S_NOUN_7_ADJ_b,M,S,le micro avec les chapeaux que j' aime beaucoup n' est pas bleu <eos>,12,bleu,bleue,10,M,P,bleu,-7.5595336,bleue,-12.599916,1
7697,S_NOUN_7_ADJ_b,M,S,le micro avec les chapeaux que j' aime beaucoup n' est pas noir <eos>,12,noir,noire,10,M,P,noir,-5.666168,noire,-12.227764,1
7698,S_NOUN_7_ADJ_b,M,S,le micro avec les chapeaux que j' aime beaucoup n' est pas délicat <eos>,12,délicat,délicate,10,M,P,délicat,-9.55919,délicate,-15.346936,1
7699,S_NOUN_7_ADJ_b,M,S,le micro avec les chapeaux que j' aime beaucoup n' est pas pointu <eos>,12,pointu,pointue,10,M,P,pointu,-9.628242,pointue,-15.307645,1
7700,S_NOUN_7_ADJ_b,M,S,le micro avec les chapeaux que j' aime beaucoup n' est pas rond <eos>,12,rond,ronde,10,M,P,rond,-6.2844415,ronde,-12.196878,1
7701,S_NOUN_7_ADJ_b,M,S,le micro avec les chapeaux que j' aime beaucoup n' est pas froid <eos>,12,froid,froide,10,M,P,froid,-9.092234,froide,-14.258445,1
7702,S_NOUN_7_ADJ_b,M,S,le micro avec les chapeaux que j' aime beaucoup n' est pas chaud <eos>,12,chaud,chaude,10,M,P,chaud,-8.894079,chaude,-14.088785,1
7703,S_NOUN_7_ADJ_b,M,S,le micro avec les chapeaux que j' aime beaucoup n' est pas important <eos>,12,important,importante,10,M,P,important,-8.514015,importante,-12.782512,1
7704,S_NOUN_7_ADJ_b,M,S,le micro avec les chapeaux que j' aime beaucoup n' est pas court <eos>,12,court,courte,10,M,P,court,-8.60799,courte,-12.977722,1
7705,S_NOUN_7_ADJ_b,M,S,le micro avec les chapeaux que j' aime beaucoup n' est pas dur <eos>,12,dur,dure,10,M,P,dur,-8.057697,dure,-10.495271,1
7706,S_NOUN_7_ADJ_b,M,S,le micro avec les chapeaux que j' aime beaucoup n' est pas clair <eos>,12,clair,claire,10,M,P,clair,-4.6996984,claire,-8.62688,1
7707,S_NOUN_7_ADJ_b,M,S,le micro avec les chapeaux que j' aime beaucoup n' est pas intéressant <eos>,12,intéressant,intéressante,10,M,P,intéressant,-8.421052,intéressante,-13.297432,1
7708,S_NOUN_7_ADJ_b,M,S,le micro avec les chapeaux que j' aime beaucoup n' est pas brillant <eos>,12,brillant,brillante,10,M,P,brillant,-7.4529686,brillante,-11.70435,1
7709,S_NOUN_7_ADJ_b,M,S,le micro avec les chapeaux que j' aime beaucoup n' est pas compliqué <eos>,12,compliqué,compliquée,10,M,P,compliqué,-8.592737,compliquée,-13.287052,1
7710,S_NOUN_7_ADJ_b,M,S,le micro avec les pots que j' aime beaucoup n' est pas vert <eos>,12,vert,verte,10,M,P,vert,-8.638939,verte,-12.864839,1
7711,S_NOUN_7_ADJ_b,M,S,le micro avec les pots que j' aime beaucoup n' est pas bleu <eos>,12,bleu,bleue,10,M,P,bleu,-7.6292543,bleue,-12.308754,1
7712,S_NOUN_7_ADJ_b,M,S,le micro avec les pots que j' aime beaucoup n' est pas noir <eos>,12,noir,noire,10,M,P,noir,-5.6861916,noire,-12.317038,1
7713,S_NOUN_7_ADJ_b,M,S,le micro avec les pots que j' aime beaucoup n' est pas délicat <eos>,12,délicat,délicate,10,M,P,délicat,-9.688141,délicate,-15.163766,1
7714,S_NOUN_7_ADJ_b,M,S,le micro avec les pots que j' aime beaucoup n' est pas pointu <eos>,12,pointu,pointue,10,M,P,pointu,-10.509917,pointue,-15.964876,1
7715,S_NOUN_7_ADJ_b,M,S,le micro avec les pots que j' aime beaucoup n' est pas rond <eos>,12,rond,ronde,10,M,P,rond,-6.7502637,ronde,-12.633532,1
7716,S_NOUN_7_ADJ_b,M,S,le micro avec les pots que j' aime beaucoup n' est pas froid <eos>,12,froid,froide,10,M,P,froid,-8.216354,froide,-12.792784,1
7717,S_NOUN_7_ADJ_b,M,S,le micro avec les pots que j' aime beaucoup n' est pas chaud <eos>,12,chaud,chaude,10,M,P,chaud,-8.14214,chaude,-12.660126,1
7718,S_NOUN_7_ADJ_b,M,S,le micro avec les pots que j' aime beaucoup n' est pas important <eos>,12,important,importante,10,M,P,important,-8.648673,importante,-12.971212,1
7719,S_NOUN_7_ADJ_b,M,S,le micro avec les pots que j' aime beaucoup n' est pas court <eos>,12,court,courte,10,M,P,court,-9.580785,courte,-13.474268,1
7720,S_NOUN_7_ADJ_b,M,S,le micro avec les pots que j' aime beaucoup n' est pas dur <eos>,12,dur,dure,10,M,P,dur,-8.030042,dure,-10.366448,1
7721,S_NOUN_7_ADJ_b,M,S,le micro avec les pots que j' aime beaucoup n' est pas clair <eos>,12,clair,claire,10,M,P,clair,-4.537142,claire,-8.3750105,1
7722,S_NOUN_7_ADJ_b,M,S,le micro avec les pots que j' aime beaucoup n' est pas intéressant <eos>,12,intéressant,intéressante,10,M,P,intéressant,-8.664568,intéressante,-12.74194,1
7723,S_NOUN_7_ADJ_b,M,S,le micro avec les pots que j' aime beaucoup n' est pas brillant <eos>,12,brillant,brillante,10,M,P,brillant,-7.7157135,brillante,-12.076581,1
7724,S_NOUN_7_ADJ_b,M,S,le micro avec les pots que j' aime beaucoup n' est pas compliqué <eos>,12,compliqué,compliquée,10,M,P,compliqué,-8.68837,compliquée,-13.178097,1
7725,S_NOUN_7_ADJ_b,M,S,le micro avec les coussins que j' aime beaucoup n' est pas vert <eos>,12,vert,verte,10,M,P,vert,-9.06363,verte,-12.805859,1
7726,S_NOUN_7_ADJ_b,M,S,le micro avec les coussins que j' aime beaucoup n' est pas bleu <eos>,12,bleu,bleue,10,M,P,bleu,-8.288441,bleue,-12.601509,1
7727,S_NOUN_7_ADJ_b,M,S,le micro avec les coussins que j' aime beaucoup n' est pas noir <eos>,12,noir,noire,10,M,P,noir,-6.1172123,noire,-12.446571,1
7728,S_NOUN_7_ADJ_b,M,S,le micro avec les coussins que j' aime beaucoup n' est pas délicat <eos>,12,délicat,délicate,10,M,P,délicat,-9.78977,délicate,-14.927298,1
7729,S_NOUN_7_ADJ_b,M,S,le micro avec les coussins que j' aime beaucoup n' est pas pointu <eos>,12,pointu,pointue,10,M,P,pointu,-9.173275,pointue,-15.172266,1
7730,S_NOUN_7_ADJ_b,M,S,le micro avec les coussins que j' aime beaucoup n' est pas rond <eos>,12,rond,ronde,10,M,P,rond,-6.171985,ronde,-12.83522,1
7731,S_NOUN_7_ADJ_b,M,S,le micro avec les coussins que j' aime beaucoup n' est pas froid <eos>,12,froid,froide,10,M,P,froid,-9.535799,froide,-14.192966,1
7732,S_NOUN_7_ADJ_b,M,S,le micro avec les coussins que j' aime beaucoup n' est pas chaud <eos>,12,chaud,chaude,10,M,P,chaud,-8.720896,chaude,-13.66426,1
7733,S_NOUN_7_ADJ_b,M,S,le micro avec les coussins que j' aime beaucoup n' est pas important <eos>,12,important,importante,10,M,P,important,-8.242813,importante,-12.438555,1
7734,S_NOUN_7_ADJ_b,M,S,le micro avec les coussins que j' aime beaucoup n' est pas court <eos>,12,court,courte,10,M,P,court,-9.253645,courte,-13.18683,1
7735,S_NOUN_7_ADJ_b,M,S,le micro avec les coussins que j' aime beaucoup n' est pas dur <eos>,12,dur,dure,10,M,P,dur,-8.627333,dure,-11.166224,1
7736,S_NOUN_7_ADJ_b,M,S,le micro avec les coussins que j' aime beaucoup n' est pas clair <eos>,12,clair,claire,10,M,P,clair,-5.1862316,claire,-8.54636,1
7737,S_NOUN_7_ADJ_b,M,S,le micro avec les coussins que j' aime beaucoup n' est pas intéressant <eos>,12,intéressant,intéressante,10,M,P,intéressant,-8.405621,intéressante,-12.59241,1
7738,S_NOUN_7_ADJ_b,M,S,le micro avec les coussins que j' aime beaucoup n' est pas brillant <eos>,12,brillant,brillante,10,M,P,brillant,-7.7738485,brillante,-12.091193,1
7739,S_NOUN_7_ADJ_b,M,S,le micro avec les coussins que j' aime beaucoup n' est pas compliqué <eos>,12,compliqué,compliquée,10,M,P,compliqué,-8.726433,compliquée,-12.611133,1
7740,S_NOUN_7_ADJ_b,M,S,le micro avec les jouets que j' aime beaucoup n' est pas vert <eos>,12,vert,verte,10,M,P,vert,-9.7964325,verte,-13.367226,1
7741,S_NOUN_7_ADJ_b,M,S,le micro avec les jouets que j' aime beaucoup n' est pas bleu <eos>,12,bleu,bleue,10,M,P,bleu,-8.881848,bleue,-13.100664,1
7742,S_NOUN_7_ADJ_b,M,S,le micro avec les jouets que j' aime beaucoup n' est pas noir <eos>,12,noir,noire,10,M,P,noir,-6.407505,noire,-12.65222,1
7743,S_NOUN_7_ADJ_b,M,S,le micro avec les jouets que j' aime beaucoup n' est pas délicat <eos>,12,délicat,délicate,10,M,P,délicat,-10.149874,délicate,-15.325984,1
7744,S_NOUN_7_ADJ_b,M,S,le micro avec les jouets que j' aime beaucoup n' est pas pointu <eos>,12,pointu,pointue,10,M,P,pointu,-10.24645,pointue,-15.934703,1
7745,S_NOUN_7_ADJ_b,M,S,le micro avec les jouets que j' aime beaucoup n' est pas rond <eos>,12,rond,ronde,10,M,P,rond,-6.754614,ronde,-12.730165,1
7746,S_NOUN_7_ADJ_b,M,S,le micro avec les jouets que j' aime beaucoup n' est pas froid <eos>,12,froid,froide,10,M,P,froid,-8.620555,froide,-13.5549555,1
7747,S_NOUN_7_ADJ_b,M,S,le micro avec les jouets que j' aime beaucoup n' est pas chaud <eos>,12,chaud,chaude,10,M,P,chaud,-8.40793,chaude,-13.424783,1
7748,S_NOUN_7_ADJ_b,M,S,le micro avec les jouets que j' aime beaucoup n' est pas important <eos>,12,important,importante,10,M,P,important,-8.292602,importante,-12.594527,1
7749,S_NOUN_7_ADJ_b,M,S,le micro avec les jouets que j' aime beaucoup n' est pas court <eos>,12,court,courte,10,M,P,court,-9.196158,courte,-13.364826,1
7750,S_NOUN_7_ADJ_b,M,S,le micro avec les jouets que j' aime beaucoup n' est pas dur <eos>,12,dur,dure,10,M,P,dur,-8.61595,dure,-11.11425,1
7751,S_NOUN_7_ADJ_b,M,S,le micro avec les jouets que j' aime beaucoup n' est pas clair <eos>,12,clair,claire,10,M,P,clair,-5.5491724,claire,-9.004903,1
7752,S_NOUN_7_ADJ_b,M,S,le micro avec les jouets que j' aime beaucoup n' est pas intéressant <eos>,12,intéressant,intéressante,10,M,P,intéressant,-8.197628,intéressante,-12.169888,1
7753,S_NOUN_7_ADJ_b,M,S,le micro avec les jouets que j' aime beaucoup n' est pas brillant <eos>,12,brillant,brillante,10,M,P,brillant,-8.625036,brillante,-12.654836,1
7754,S_NOUN_7_ADJ_b,M,S,le micro avec les jouets que j' aime beaucoup n' est pas compliqué <eos>,12,compliqué,compliquée,10,M,P,compliqué,-8.709412,compliquée,-12.519361,1
7755,S_NOUN_7_ADJ_b,M,S,le micro avec les clous que j' aime beaucoup n' est pas vert <eos>,12,vert,verte,10,M,P,vert,-9.100603,verte,-13.498388,1
7756,S_NOUN_7_ADJ_b,M,S,le micro avec les clous que j' aime beaucoup n' est pas bleu <eos>,12,bleu,bleue,10,M,P,bleu,-8.218866,bleue,-13.513155,1
7757,S_NOUN_7_ADJ_b,M,S,le micro avec les clous que j' aime beaucoup n' est pas noir <eos>,12,noir,noire,10,M,P,noir,-6.04322,noire,-12.593666,1
7758,S_NOUN_7_ADJ_b,M,S,le micro avec les clous que j' aime beaucoup n' est pas délicat <eos>,12,délicat,délicate,10,M,P,délicat,-9.415392,délicate,-14.5126505,1
7759,S_NOUN_7_ADJ_b,M,S,le micro avec les clous que j' aime beaucoup n' est pas pointu <eos>,12,pointu,pointue,10,M,P,pointu,-9.0092945,pointue,-14.641482,1
7760,S_NOUN_7_ADJ_b,M,S,le micro avec les clous que j' aime beaucoup n' est pas rond <eos>,12,rond,ronde,10,M,P,rond,-5.812867,ronde,-12.543303,1
7761,S_NOUN_7_ADJ_b,M,S,le micro avec les clous que j' aime beaucoup n' est pas froid <eos>,12,froid,froide,10,M,P,froid,-9.498698,froide,-14.989643,1
7762,S_NOUN_7_ADJ_b,M,S,le micro avec les clous que j' aime beaucoup n' est pas chaud <eos>,12,chaud,chaude,10,M,P,chaud,-9.024555,chaude,-14.151735,1
7763,S_NOUN_7_ADJ_b,M,S,le micro avec les clous que j' aime beaucoup n' est pas important <eos>,12,important,importante,10,M,P,important,-8.076652,importante,-12.385259,1
7764,S_NOUN_7_ADJ_b,M,S,le micro avec les clous que j' aime beaucoup n' est pas court <eos>,12,court,courte,10,M,P,court,-8.579859,courte,-12.803432,1
7765,S_NOUN_7_ADJ_b,M,S,le micro avec les clous que j' aime beaucoup n' est pas dur <eos>,12,dur,dure,10,M,P,dur,-7.964384,dure,-10.624325,1
7766,S_NOUN_7_ADJ_b,M,S,le micro avec les clous que j' aime beaucoup n' est pas clair <eos>,12,clair,claire,10,M,P,clair,-4.9826226,claire,-8.759975,1
7767,S_NOUN_7_ADJ_b,M,S,le micro avec les clous que j' aime beaucoup n' est pas intéressant <eos>,12,intéressant,intéressante,10,M,P,intéressant,-8.365917,intéressante,-13.229668,1
7768,S_NOUN_7_ADJ_b,M,S,le micro avec les clous que j' aime beaucoup n' est pas brillant <eos>,12,brillant,brillante,10,M,P,brillant,-7.2861347,brillante,-12.502627,1
7769,S_NOUN_7_ADJ_b,M,S,le micro avec les clous que j' aime beaucoup n' est pas compliqué <eos>,12,compliqué,compliquée,10,M,P,compliqué,-8.634008,compliquée,-13.107183,1
7770,S_NOUN_7_ADJ_b,M,S,le micro avec les billets que j' aime beaucoup n' est pas vert <eos>,12,vert,verte,10,M,P,vert,-9.59654,verte,-13.581245,1
7771,S_NOUN_7_ADJ_b,M,S,le micro avec les billets que j' aime beaucoup n' est pas bleu <eos>,12,bleu,bleue,10,M,P,bleu,-8.576995,bleue,-13.312168,1
7772,S_NOUN_7_ADJ_b,M,S,le micro avec les billets que j' aime beaucoup n' est pas noir <eos>,12,noir,noire,10,M,P,noir,-6.232866,noire,-12.959387,1
7773,S_NOUN_7_ADJ_b,M,S,le micro avec les billets que j' aime beaucoup n' est pas délicat <eos>,12,délicat,délicate,10,M,P,délicat,-10.277899,délicate,-16.191706,1
7774,S_NOUN_7_ADJ_b,M,S,le micro avec les billets que j' aime beaucoup n' est pas pointu <eos>,12,pointu,pointue,10,M,P,pointu,-10.332865,pointue,-16.04096,1
7775,S_NOUN_7_ADJ_b,M,S,le micro avec les billets que j' aime beaucoup n' est pas rond <eos>,12,rond,ronde,10,M,P,rond,-6.8132586,ronde,-12.614458,1
7776,S_NOUN_7_ADJ_b,M,S,le micro avec les billets que j' aime beaucoup n' est pas froid <eos>,12,froid,froide,10,M,P,froid,-9.369263,froide,-14.195969,1
7777,S_NOUN_7_ADJ_b,M,S,le micro avec les billets que j' aime beaucoup n' est pas chaud <eos>,12,chaud,chaude,10,M,P,chaud,-8.995064,chaude,-13.853523,1
7778,S_NOUN_7_ADJ_b,M,S,le micro avec les billets que j' aime beaucoup n' est pas important <eos>,12,important,importante,10,M,P,important,-7.963415,importante,-12.244069,1
7779,S_NOUN_7_ADJ_b,M,S,le micro avec les billets que j' aime beaucoup n' est pas court <eos>,12,court,courte,10,M,P,court,-8.7212305,courte,-13.153374,1
7780,S_NOUN_7_ADJ_b,M,S,le micro avec les billets que j' aime beaucoup n' est pas dur <eos>,12,dur,dure,10,M,P,dur,-8.493283,dure,-11.138632,1
7781,S_NOUN_7_ADJ_b,M,S,le micro avec les billets que j' aime beaucoup n' est pas clair <eos>,12,clair,claire,10,M,P,clair,-5.32559,claire,-9.487588,1
7782,S_NOUN_7_ADJ_b,M,S,le micro avec les billets que j' aime beaucoup n' est pas intéressant <eos>,12,intéressant,intéressante,10,M,P,intéressant,-8.225451,intéressante,-12.53637,1
7783,S_NOUN_7_ADJ_b,M,S,le micro avec les billets que j' aime beaucoup n' est pas brillant <eos>,12,brillant,brillante,10,M,P,brillant,-8.719071,brillante,-12.64575,1
7784,S_NOUN_7_ADJ_b,M,S,le micro avec les billets que j' aime beaucoup n' est pas compliqué <eos>,12,compliqué,compliquée,10,M,P,compliqué,-8.882156,compliquée,-13.930036,1
7785,S_NOUN_7_ADJ_b,M,S,le micro avec les légumes que j' aime beaucoup n' est pas vert <eos>,12,vert,verte,10,M,P,vert,-9.080989,verte,-13.291352,1
7786,S_NOUN_7_ADJ_b,M,S,le micro avec les légumes que j' aime beaucoup n' est pas bleu <eos>,12,bleu,bleue,10,M,P,bleu,-8.467138,bleue,-13.344688,1
7787,S_NOUN_7_ADJ_b,M,S,le micro avec les légumes que j' aime beaucoup n' est pas noir <eos>,12,noir,noire,10,M,P,noir,-6.1318483,noire,-13.026331,1
7788,S_NOUN_7_ADJ_b,M,S,le micro avec les légumes que j' aime beaucoup n' est pas délicat <eos>,12,délicat,délicate,10,M,P,délicat,-8.829557,délicate,-14.6912155,1
7789,S_NOUN_7_ADJ_b,M,S,le micro avec les légumes que j' aime beaucoup n' est pas pointu <eos>,12,pointu,pointue,10,M,P,pointu,-10.118783,pointue,-16.009617,1
7790,S_NOUN_7_ADJ_b,M,S,le micro avec les légumes que j' aime beaucoup n' est pas rond <eos>,12,rond,ronde,10,M,P,rond,-6.7209005,ronde,-12.428172,1
7791,S_NOUN_7_ADJ_b,M,S,le micro avec les légumes que j' aime beaucoup n' est pas froid <eos>,12,froid,froide,10,M,P,froid,-7.911729,froide,-13.387293,1
7792,S_NOUN_7_ADJ_b,M,S,le micro avec les légumes que j' aime beaucoup n' est pas chaud <eos>,12,chaud,chaude,10,M,P,chaud,-7.710671,chaude,-12.993582,1
7793,S_NOUN_7_ADJ_b,M,S,le micro avec les légumes que j' aime beaucoup n' est pas important <eos>,12,important,importante,10,M,P,important,-7.9807186,importante,-12.230245,1
7794,S_NOUN_7_ADJ_b,M,S,le micro avec les légumes que j' aime beaucoup n' est pas court <eos>,12,court,courte,10,M,P,court,-9.161369,courte,-13.078575,1
7795,S_NOUN_7_ADJ_b,M,S,le micro avec les légumes que j' aime beaucoup n' est pas dur <eos>,12,dur,dure,10,M,P,dur,-7.929386,dure,-10.622615,1
7796,S_NOUN_7_ADJ_b,M,S,le micro avec les légumes que j' aime beaucoup n' est pas clair <eos>,12,clair,claire,10,M,P,clair,-4.4300556,claire,-8.563768,1
7797,S_NOUN_7_ADJ_b,M,S,le micro avec les légumes que j' aime beaucoup n' est pas intéressant <eos>,12,intéressant,intéressante,10,M,P,intéressant,-8.037075,intéressante,-11.834009,1
7798,S_NOUN_7_ADJ_b,M,S,le micro avec les légumes que j' aime beaucoup n' est pas brillant <eos>,12,brillant,brillante,10,M,P,brillant,-7.8572683,brillante,-12.683261,1
7799,S_NOUN_7_ADJ_b,M,S,le micro avec les légumes que j' aime beaucoup n' est pas compliqué <eos>,12,compliqué,compliquée,10,M,P,compliqué,-8.562861,compliquée,-13.023486,1
7800,S_NOUN_7_ADJ_b,M,S,le sac avec les bracelets que j' aime beaucoup n' est pas vert <eos>,12,vert,verte,10,M,P,vert,-9.98064,verte,-13.58301,1
7801,S_NOUN_7_ADJ_b,M,S,le sac avec les bracelets que j' aime beaucoup n' est pas bleu <eos>,12,bleu,bleue,10,M,P,bleu,-9.54633,bleue,-13.661468,1
7802,S_NOUN_7_ADJ_b,M,S,le sac avec les bracelets que j' aime beaucoup n' est pas noir <eos>,12,noir,noire,10,M,P,noir,-6.7345176,noire,-12.986795,1
7803,S_NOUN_7_ADJ_b,M,S,le sac avec les bracelets que j' aime beaucoup n' est pas délicat <eos>,12,délicat,délicate,10,M,P,délicat,-9.936942,délicate,-14.101222,1
7804,S_NOUN_7_ADJ_b,M,S,le sac avec les bracelets que j' aime beaucoup n' est pas pointu <eos>,12,pointu,pointue,10,M,P,pointu,-10.054642,pointue,-15.134459,1
7805,S_NOUN_7_ADJ_b,M,S,le sac avec les bracelets que j' aime beaucoup n' est pas rond <eos>,12,rond,ronde,10,M,P,rond,-8.034674,ronde,-13.661027,1
7806,S_NOUN_7_ADJ_b,M,S,le sac avec les bracelets que j' aime beaucoup n' est pas froid <eos>,12,froid,froide,10,M,P,froid,-10.384072,froide,-15.022556,1
7807,S_NOUN_7_ADJ_b,M,S,le sac avec les bracelets que j' aime beaucoup n' est pas chaud <eos>,12,chaud,chaude,10,M,P,chaud,-10.85151,chaude,-15.066035,1
7808,S_NOUN_7_ADJ_b,M,S,le sac avec les bracelets que j' aime beaucoup n' est pas important <eos>,12,important,importante,10,M,P,important,-7.634903,importante,-12.022537,1
7809,S_NOUN_7_ADJ_b,M,S,le sac avec les bracelets que j' aime beaucoup n' est pas court <eos>,12,court,courte,10,M,P,court,-9.45186,courte,-12.813426,1
7810,S_NOUN_7_ADJ_b,M,S,le sac avec les bracelets que j' aime beaucoup n' est pas dur <eos>,12,dur,dure,10,M,P,dur,-8.239574,dure,-10.4641075,1
7811,S_NOUN_7_ADJ_b,M,S,le sac avec les bracelets que j' aime beaucoup n' est pas clair <eos>,12,clair,claire,10,M,P,clair,-5.80093,claire,-9.214702,1
7812,S_NOUN_7_ADJ_b,M,S,le sac avec les bracelets que j' aime beaucoup n' est pas intéressant <eos>,12,intéressant,intéressante,10,M,P,intéressant,-8.113736,intéressante,-12.74701,1
7813,S_NOUN_7_ADJ_b,M,S,le sac avec les bracelets que j' aime beaucoup n' est pas brillant <eos>,12,brillant,brillante,10,M,P,brillant,-8.208619,brillante,-11.610806,1
7814,S_NOUN_7_ADJ_b,M,S,le sac avec les bracelets que j' aime beaucoup n' est pas compliqué <eos>,12,compliqué,compliquée,10,M,P,compliqué,-7.9703054,compliquée,-12.469522,1
7815,S_NOUN_7_ADJ_b,M,S,le sac avec les miroirs que j' aime beaucoup n' est pas vert <eos>,12,vert,verte,10,M,P,vert,-9.97201,verte,-13.031405,1
7816,S_NOUN_7_ADJ_b,M,S,le sac avec les miroirs que j' aime beaucoup n' est pas bleu <eos>,12,bleu,bleue,10,M,P,bleu,-9.436032,bleue,-13.6326885,1
7817,S_NOUN_7_ADJ_b,M,S,le sac avec les miroirs que j' aime beaucoup n' est pas noir <eos>,12,noir,noire,10,M,P,noir,-6.8775826,noire,-12.921327,1
7818,S_NOUN_7_ADJ_b,M,S,le sac avec les miroirs que j' aime beaucoup n' est pas délicat <eos>,12,délicat,délicate,10,M,P,délicat,-9.670891,délicate,-14.011459,1
7819,S_NOUN_7_ADJ_b,M,S,le sac avec les miroirs que j' aime beaucoup n' est pas pointu <eos>,12,pointu,pointue,10,M,P,pointu,-10.164649,pointue,-15.177895,1
7820,S_NOUN_7_ADJ_b,M,S,le sac avec les miroirs que j' aime beaucoup n' est pas rond <eos>,12,rond,ronde,10,M,P,rond,-8.139267,ronde,-13.747727,1
7821,S_NOUN_7_ADJ_b,M,S,le sac avec les miroirs que j' aime beaucoup n' est pas froid <eos>,12,froid,froide,10,M,P,froid,-10.371067,froide,-14.563828,1
7822,S_NOUN_7_ADJ_b,M,S,le sac avec les miroirs que j' aime beaucoup n' est pas chaud <eos>,12,chaud,chaude,10,M,P,chaud,-10.38768,chaude,-14.532296,1
7823,S_NOUN_7_ADJ_b,M,S,le sac avec les miroirs que j' aime beaucoup n' est pas important <eos>,12,important,importante,10,M,P,important,-7.8159847,importante,-12.080703,1
7824,S_NOUN_7_ADJ_b,M,S,le sac avec les miroirs que j' aime beaucoup n' est pas court <eos>,12,court,courte,10,M,P,court,-10.163765,courte,-13.514212,1
7825,S_NOUN_7_ADJ_b,M,S,le sac avec les miroirs que j' aime beaucoup n' est pas dur <eos>,12,dur,dure,10,M,P,dur,-7.9382553,dure,-10.836261,1
7826,S_NOUN_7_ADJ_b,M,S,le sac avec les miroirs que j' aime beaucoup n' est pas clair <eos>,12,clair,claire,10,M,P,clair,-5.744431,claire,-9.159851,1
7827,S_NOUN_7_ADJ_b,M,S,le sac avec les miroirs que j' aime beaucoup n' est pas intéressant <eos>,12,intéressant,intéressante,10,M,P,intéressant,-8.089426,intéressante,-12.632007,1
7828,S_NOUN_7_ADJ_b,M,S,le sac avec les miroirs que j' aime beaucoup n' est pas brillant <eos>,12,brillant,brillante,10,M,P,brillant,-7.8371363,brillante,-11.63068,1
7829,S_NOUN_7_ADJ_b,M,S,le sac avec les miroirs que j' aime beaucoup n' est pas compliqué <eos>,12,compliqué,compliquée,10,M,P,compliqué,-8.216513,compliquée,-12.690159,1
7830,S_NOUN_7_ADJ_b,M,S,le sac avec les crayons que j' aime beaucoup n' est pas vert <eos>,12,vert,verte,10,M,P,vert,-9.881791,verte,-14.115358,1
7831,S_NOUN_7_ADJ_b,M,S,le sac avec les crayons que j' aime beaucoup n' est pas bleu <eos>,12,bleu,bleue,10,M,P,bleu,-9.656348,bleue,-14.007525,1
7832,S_NOUN_7_ADJ_b,M,S,le sac avec les crayons que j' aime beaucoup n' est pas noir <eos>,12,noir,noire,10,M,P,noir,-6.875664,noire,-13.867502,1
7833,S_NOUN_7_ADJ_b,M,S,le sac avec les crayons que j' aime beaucoup n' est pas délicat <eos>,12,délicat,délicate,10,M,P,délicat,-9.393573,délicate,-14.28436,1
7834,S_NOUN_7_ADJ_b,M,S,le sac avec les crayons que j' aime beaucoup n' est pas pointu <eos>,12,pointu,pointue,10,M,P,pointu,-11.838297,pointue,-16.577282,1
7835,S_NOUN_7_ADJ_b,M,S,le sac avec les crayons que j' aime beaucoup n' est pas rond <eos>,12,rond,ronde,10,M,P,rond,-8.311325,ronde,-14.386591,1
7836,S_NOUN_7_ADJ_b,M,S,le sac avec les crayons que j' aime beaucoup n' est pas froid <eos>,12,froid,froide,10,M,P,froid,-10.007563,froide,-14.99457,1
7837,S_NOUN_7_ADJ_b,M,S,le sac avec les crayons que j' aime beaucoup n' est pas chaud <eos>,12,chaud,chaude,10,M,P,chaud,-9.983723,chaude,-15.156766,1
7838,S_NOUN_7_ADJ_b,M,S,le sac avec les crayons que j' aime beaucoup n' est pas important <eos>,12,important,importante,10,M,P,important,-7.021923,importante,-11.329124,1
7839,S_NOUN_7_ADJ_b,M,S,le sac avec les crayons que j' aime beaucoup n' est pas court <eos>,12,court,courte,10,M,P,court,-10.097463,courte,-13.651278,1
7840,S_NOUN_7_ADJ_b,M,S,le sac avec les crayons que j' aime beaucoup n' est pas dur <eos>,12,dur,dure,10,M,P,dur,-8.339063,dure,-10.262074,1
7841,S_NOUN_7_ADJ_b,M,S,le sac avec les crayons que j' aime beaucoup n' est pas clair <eos>,12,clair,claire,10,M,P,clair,-5.321047,claire,-8.814804,1
7842,S_NOUN_7_ADJ_b,M,S,le sac avec les crayons que j' aime beaucoup n' est pas intéressant <eos>,12,intéressant,intéressante,10,M,P,intéressant,-7.702408,intéressante,-11.969484,1
7843,S_NOUN_7_ADJ_b,M,S,le sac avec les crayons que j' aime beaucoup n' est pas brillant <eos>,12,brillant,brillante,10,M,P,brillant,-9.092768,brillante,-12.615297,1
7844,S_NOUN_7_ADJ_b,M,S,le sac avec les crayons que j' aime beaucoup n' est pas compliqué <eos>,12,compliqué,compliquée,10,M,P,compliqué,-8.553719,compliquée,-12.997,1
7845,S_NOUN_7_ADJ_b,M,S,le sac avec les rideaux que j' aime beaucoup n' est pas vert <eos>,12,vert,verte,10,M,P,vert,-9.935896,verte,-13.940085,1
7846,S_NOUN_7_ADJ_b,M,S,le sac avec les rideaux que j' aime beaucoup n' est pas bleu <eos>,12,bleu,bleue,10,M,P,bleu,-9.784304,bleue,-13.720464,1
7847,S_NOUN_7_ADJ_b,M,S,le sac avec les rideaux que j' aime beaucoup n' est pas noir <eos>,12,noir,noire,10,M,P,noir,-6.754195,noire,-13.422895,1
7848,S_NOUN_7_ADJ_b,M,S,le sac avec les rideaux que j' aime beaucoup n' est pas délicat <eos>,12,délicat,délicate,10,M,P,délicat,-9.474067,délicate,-14.045612,1
7849,S_NOUN_7_ADJ_b,M,S,le sac avec les rideaux que j' aime beaucoup n' est pas pointu <eos>,12,pointu,pointue,10,M,P,pointu,-10.5873575,pointue,-16.038195,1
7850,S_NOUN_7_ADJ_b,M,S,le sac avec les rideaux que j' aime beaucoup n' est pas rond <eos>,12,rond,ronde,10,M,P,rond,-7.7643595,ronde,-13.262753,1
7851,S_NOUN_7_ADJ_b,M,S,le sac avec les rideaux que j' aime beaucoup n' est pas froid <eos>,12,froid,froide,10,M,P,froid,-10.155916,froide,-14.648901,1
7852,S_NOUN_7_ADJ_b,M,S,le sac avec les rideaux que j' aime beaucoup n' est pas chaud <eos>,12,chaud,chaude,10,M,P,chaud,-10.183755,chaude,-14.511963,1
7853,S_NOUN_7_ADJ_b,M,S,le sac avec les rideaux que j' aime beaucoup n' est pas important <eos>,12,important,importante,10,M,P,important,-7.2818184,importante,-11.760056,1
7854,S_NOUN_7_ADJ_b,M,S,le sac avec les rideaux que j' aime beaucoup n' est pas court <eos>,12,court,courte,10,M,P,court,-9.145494,courte,-12.81632,1
7855,S_NOUN_7_ADJ_b,M,S,le sac avec les rideaux que j' aime beaucoup n' est pas dur <eos>,12,dur,dure,10,M,P,dur,-8.2540865,dure,-9.6334095,1
7856,S_NOUN_7_ADJ_b,M,S,le sac avec les rideaux que j' aime beaucoup n' est pas clair <eos>,12,clair,claire,10,M,P,clair,-5.827087,claire,-9.287466,1
7857,S_NOUN_7_ADJ_b,M,S,le sac avec les rideaux que j' aime beaucoup n' est pas intéressant <eos>,12,intéressant,intéressante,10,M,P,intéressant,-8.186887,intéressante,-12.582639,1
7858,S_NOUN_7_ADJ_b,M,S,le sac avec les rideaux que j' aime beaucoup n' est pas brillant <eos>,12,brillant,brillante,10,M,P,brillant,-8.759701,brillante,-11.904093,1
7859,S_NOUN_7_ADJ_b,M,S,le sac avec les rideaux que j' aime beaucoup n' est pas compliqué <eos>,12,compliqué,compliquée,10,M,P,compliqué,-7.964733,compliquée,-12.465241,1
7860,S_NOUN_7_ADJ_b,M,S,le sac avec les cahiers que j' aime beaucoup n' est pas vert <eos>,12,vert,verte,10,M,P,vert,-10.294556,verte,-14.136222,1
7861,S_NOUN_7_ADJ_b,M,S,le sac avec les cahiers que j' aime beaucoup n' est pas bleu <eos>,12,bleu,bleue,10,M,P,bleu,-10.004515,bleue,-13.989826,1
7862,S_NOUN_7_ADJ_b,M,S,le sac avec les cahiers que j' aime beaucoup n' est pas noir <eos>,12,noir,noire,10,M,P,noir,-7.0076804,noire,-14.026157,1
7863,S_NOUN_7_ADJ_b,M,S,le sac avec les cahiers que j' aime beaucoup n' est pas délicat <eos>,12,délicat,délicate,10,M,P,délicat,-9.537489,délicate,-15.095877,1
7864,S_NOUN_7_ADJ_b,M,S,le sac avec les cahiers que j' aime beaucoup n' est pas pointu <eos>,12,pointu,pointue,10,M,P,pointu,-11.258747,pointue,-16.185247,1
7865,S_NOUN_7_ADJ_b,M,S,le sac avec les cahiers que j' aime beaucoup n' est pas rond <eos>,12,rond,ronde,10,M,P,rond,-8.095125,ronde,-13.652948,1
7866,S_NOUN_7_ADJ_b,M,S,le sac avec les cahiers que j' aime beaucoup n' est pas froid <eos>,12,froid,froide,10,M,P,froid,-9.674581,froide,-15.076141,1
7867,S_NOUN_7_ADJ_b,M,S,le sac avec les cahiers que j' aime beaucoup n' est pas chaud <eos>,12,chaud,chaude,10,M,P,chaud,-9.887473,chaude,-15.409779,1
7868,S_NOUN_7_ADJ_b,M,S,le sac avec les cahiers que j' aime beaucoup n' est pas important <eos>,12,important,importante,10,M,P,important,-7.539273,importante,-11.993057,1
7869,S_NOUN_7_ADJ_b,M,S,le sac avec les cahiers que j' aime beaucoup n' est pas court <eos>,12,court,courte,10,M,P,court,-9.598001,courte,-13.210845,1
7870,S_NOUN_7_ADJ_b,M,S,le sac avec les cahiers que j' aime beaucoup n' est pas dur <eos>,12,dur,dure,10,M,P,dur,-7.9842434,dure,-10.390387,1
7871,S_NOUN_7_ADJ_b,M,S,le sac avec les cahiers que j' aime beaucoup n' est pas clair <eos>,12,clair,claire,10,M,P,clair,-5.66116,claire,-9.666008,1
7872,S_NOUN_7_ADJ_b,M,S,le sac avec les cahiers que j' aime beaucoup n' est pas intéressant <eos>,12,intéressant,intéressante,10,M,P,intéressant,-7.644863,intéressante,-11.996411,1
7873,S_NOUN_7_ADJ_b,M,S,le sac avec les cahiers que j' aime beaucoup n' est pas brillant <eos>,12,brillant,brillante,10,M,P,brillant,-9.119619,brillante,-12.789552,1
7874,S_NOUN_7_ADJ_b,M,S,le sac avec les cahiers que j' aime beaucoup n' est pas compliqué <eos>,12,compliqué,compliquée,10,M,P,compliqué,-8.2515745,compliquée,-13.071264,1
7875,S_NOUN_7_ADJ_b,M,S,le sac avec les micros que j' aime beaucoup n' est pas vert <eos>,12,vert,verte,10,M,P,vert,-10.486242,verte,-13.946121,1
7876,S_NOUN_7_ADJ_b,M,S,le sac avec les micros que j' aime beaucoup n' est pas bleu <eos>,12,bleu,bleue,10,M,P,bleu,-10.173123,bleue,-14.09101,1
7877,S_NOUN_7_ADJ_b,M,S,le sac avec les micros que j' aime beaucoup n' est pas noir <eos>,12,noir,noire,10,M,P,noir,-7.1934757,noire,-13.734983,1
7878,S_NOUN_7_ADJ_b,M,S,le sac avec les micros que j' aime beaucoup n' est pas délicat <eos>,12,délicat,délicate,10,M,P,délicat,-9.57942,délicate,-14.7083,1
7879,S_NOUN_7_ADJ_b,M,S,le sac avec les micros que j' aime beaucoup n' est pas pointu <eos>,12,pointu,pointue,10,M,P,pointu,-10.70332,pointue,-16.169024,1
7880,S_NOUN_7_ADJ_b,M,S,le sac avec les micros que j' aime beaucoup n' est pas rond <eos>,12,rond,ronde,10,M,P,rond,-8.174156,ronde,-14.210012,1
7881,S_NOUN_7_ADJ_b,M,S,le sac avec les micros que j' aime beaucoup n' est pas froid <eos>,12,froid,froide,10,M,P,froid,-10.281042,froide,-14.979359,1
7882,S_NOUN_7_ADJ_b,M,S,le sac avec les micros que j' aime beaucoup n' est pas chaud <eos>,12,chaud,chaude,10,M,P,chaud,-10.319598,chaude,-14.789608,1
7883,S_NOUN_7_ADJ_b,M,S,le sac avec les micros que j' aime beaucoup n' est pas important <eos>,12,important,importante,10,M,P,important,-7.2068973,importante,-11.776705,1
7884,S_NOUN_7_ADJ_b,M,S,le sac avec les micros que j' aime beaucoup n' est pas court <eos>,12,court,courte,10,M,P,court,-9.734927,courte,-13.4533415,1
7885,S_NOUN_7_ADJ_b,M,S,le sac avec les micros que j' aime beaucoup n' est pas dur <eos>,12,dur,dure,10,M,P,dur,-7.7640376,dure,-10.330664,1
7886,S_NOUN_7_ADJ_b,M,S,le sac avec les micros que j' aime beaucoup n' est pas clair <eos>,12,clair,claire,10,M,P,clair,-5.8401175,claire,-9.16446,1
7887,S_NOUN_7_ADJ_b,M,S,le sac avec les micros que j' aime beaucoup n' est pas intéressant <eos>,12,intéressant,intéressante,10,M,P,intéressant,-7.6605988,intéressante,-11.6736145,1
7888,S_NOUN_7_ADJ_b,M,S,le sac avec les micros que j' aime beaucoup n' est pas brillant <eos>,12,brillant,brillante,10,M,P,brillant,-9.149901,brillante,-12.938829,1
7889,S_NOUN_7_ADJ_b,M,S,le sac avec les micros que j' aime beaucoup n' est pas compliqué <eos>,12,compliqué,compliquée,10,M,P,compliqué,-8.090378,compliquée,-12.3801,1
7890,S_NOUN_7_ADJ_b,M,S,le sac avec les sacs que j' aime beaucoup n' est pas vert <eos>,12,vert,verte,10,M,P,vert,-9.874041,verte,-13.367252,1
7891,S_NOUN_7_ADJ_b,M,S,le sac avec les sacs que j' aime beaucoup n' est pas bleu <eos>,12,bleu,bleue,10,M,P,bleu,-9.817232,bleue,-13.637205,1
7892,S_NOUN_7_ADJ_b,M,S,le sac avec les sacs que j' aime beaucoup n' est pas noir <eos>,12,noir,noire,10,M,P,noir,-6.792014,noire,-13.201821,1
7893,S_NOUN_7_ADJ_b,M,S,le sac avec les sacs que j' aime beaucoup n' est pas délicat <eos>,12,délicat,délicate,10,M,P,délicat,-9.362785,délicate,-14.161323,1
7894,S_NOUN_7_ADJ_b,M,S,le sac avec les sacs que j' aime beaucoup n' est pas pointu <eos>,12,pointu,pointue,10,M,P,pointu,-10.941916,pointue,-16.084784,1
7895,S_NOUN_7_ADJ_b,M,S,le sac avec les sacs que j' aime beaucoup n' est pas rond <eos>,12,rond,ronde,10,M,P,rond,-8.062327,ronde,-13.938686,1
7896,S_NOUN_7_ADJ_b,M,S,le sac avec les sacs que j' aime beaucoup n' est pas froid <eos>,12,froid,froide,10,M,P,froid,-9.576687,froide,-14.586506,1
7897,S_NOUN_7_ADJ_b,M,S,le sac avec les sacs que j' aime beaucoup n' est pas chaud <eos>,12,chaud,chaude,10,M,P,chaud,-9.674875,chaude,-14.506558,1
7898,S_NOUN_7_ADJ_b,M,S,le sac avec les sacs que j' aime beaucoup n' est pas important <eos>,12,important,importante,10,M,P,important,-7.24191,importante,-11.658216,1
7899,S_NOUN_7_ADJ_b,M,S,le sac avec les sacs que j' aime beaucoup n' est pas court <eos>,12,court,courte,10,M,P,court,-9.506585,courte,-12.916578,1
7900,S_NOUN_7_ADJ_b,M,S,le sac avec les sacs que j' aime beaucoup n' est pas dur <eos>,12,dur,dure,10,M,P,dur,-7.5898724,dure,-9.674233,1
7901,S_NOUN_7_ADJ_b,M,S,le sac avec les sacs que j' aime beaucoup n' est pas clair <eos>,12,clair,claire,10,M,P,clair,-5.692098,claire,-9.119431,1
7902,S_NOUN_7_ADJ_b,M,S,le sac avec les sacs que j' aime beaucoup n' est pas intéressant <eos>,12,intéressant,intéressante,10,M,P,intéressant,-7.698753,intéressante,-11.480541,1
7903,S_NOUN_7_ADJ_b,M,S,le sac avec les sacs que j' aime beaucoup n' est pas brillant <eos>,12,brillant,brillante,10,M,P,brillant,-8.765684,brillante,-12.5307045,1
7904,S_NOUN_7_ADJ_b,M,S,le sac avec les sacs que j' aime beaucoup n' est pas compliqué <eos>,12,compliqué,compliquée,10,M,P,compliqué,-7.786315,compliquée,-12.37958,1
7905,S_NOUN_7_ADJ_b,M,S,le sac avec les claviers que j' aime beaucoup n' est pas vert <eos>,12,vert,verte,10,M,P,vert,-11.467744,verte,-15.438189,1
7906,S_NOUN_7_ADJ_b,M,S,le sac avec les claviers que j' aime beaucoup n' est pas bleu <eos>,12,bleu,bleue,10,M,P,bleu,-10.799709,bleue,-14.9420185,1
7907,S_NOUN_7_ADJ_b,M,S,le sac avec les claviers que j' aime beaucoup n' est pas noir <eos>,12,noir,noire,10,M,P,noir,-7.888233,noire,-14.233267,1
7908,S_NOUN_7_ADJ_b,M,S,le sac avec les claviers que j' aime beaucoup n' est pas délicat <eos>,12,délicat,délicate,10,M,P,délicat,-9.27474,délicate,-14.7602005,1
7909,S_NOUN_7_ADJ_b,M,S,le sac avec les claviers que j' aime beaucoup n' est pas pointu <eos>,12,pointu,pointue,10,M,P,pointu,-10.933615,pointue,-16.180132,1
7910,S_NOUN_7_ADJ_b,M,S,le sac avec les claviers que j' aime beaucoup n' est pas rond <eos>,12,rond,ronde,10,M,P,rond,-8.414515,ronde,-14.02885,1
7911,S_NOUN_7_ADJ_b,M,S,le sac avec les claviers que j' aime beaucoup n' est pas froid <eos>,12,froid,froide,10,M,P,froid,-10.392597,froide,-15.596947,1
7912,S_NOUN_7_ADJ_b,M,S,le sac avec les claviers que j' aime beaucoup n' est pas chaud <eos>,12,chaud,chaude,10,M,P,chaud,-10.630661,chaude,-15.498035,1
7913,S_NOUN_7_ADJ_b,M,S,le sac avec les claviers que j' aime beaucoup n' est pas important <eos>,12,important,importante,10,M,P,important,-7.0924034,importante,-11.718048,1
7914,S_NOUN_7_ADJ_b,M,S,le sac avec les claviers que j' aime beaucoup n' est pas court <eos>,12,court,courte,10,M,P,court,-9.431807,courte,-12.727909,1
7915,S_NOUN_7_ADJ_b,M,S,le sac avec les claviers que j' aime beaucoup n' est pas dur <eos>,12,dur,dure,10,M,P,dur,-7.7786684,dure,-9.98266,1
7916,S_NOUN_7_ADJ_b,M,S,le sac avec les claviers que j' aime beaucoup n' est pas clair <eos>,12,clair,claire,10,M,P,clair,-5.993518,claire,-9.566772,1
7917,S_NOUN_7_ADJ_b,M,S,le sac avec les claviers que j' aime beaucoup n' est pas intéressant <eos>,12,intéressant,intéressante,10,M,P,intéressant,-7.8514013,intéressante,-11.668993,1
7918,S_NOUN_7_ADJ_b,M,S,le sac avec les claviers que j' aime beaucoup n' est pas brillant <eos>,12,brillant,brillante,10,M,P,brillant,-9.1623125,brillante,-13.049837,1
7919,S_NOUN_7_ADJ_b,M,S,le sac avec les claviers que j' aime beaucoup n' est pas compliqué <eos>,12,compliqué,compliquée,10,M,P,compliqué,-7.549762,compliquée,-11.859339,1
7920,S_NOUN_7_ADJ_b,M,S,le sac avec les raisins que j' aime beaucoup n' est pas vert <eos>,12,vert,verte,10,M,P,vert,-9.865903,verte,-14.369636,1
7921,S_NOUN_7_ADJ_b,M,S,le sac avec les raisins que j' aime beaucoup n' est pas bleu <eos>,12,bleu,bleue,10,M,P,bleu,-9.627349,bleue,-14.160821,1
7922,S_NOUN_7_ADJ_b,M,S,le sac avec les raisins que j' aime beaucoup n' est pas noir <eos>,12,noir,noire,10,M,P,noir,-7.1808968,noire,-13.980172,1
7923,S_NOUN_7_ADJ_b,M,S,le sac avec les raisins que j' aime beaucoup n' est pas délicat <eos>,12,délicat,délicate,10,M,P,délicat,-8.553324,délicate,-13.936213,1
7924,S_NOUN_7_ADJ_b,M,S,le sac avec les raisins que j' aime beaucoup n' est pas pointu <eos>,12,pointu,pointue,10,M,P,pointu,-11.781209,pointue,-16.336653,1
7925,S_NOUN_7_ADJ_b,M,S,le sac avec les raisins que j' aime beaucoup n' est pas rond <eos>,12,rond,ronde,10,M,P,rond,-8.077333,ronde,-14.268515,1
7926,S_NOUN_7_ADJ_b,M,S,le sac avec les raisins que j' aime beaucoup n' est pas froid <eos>,12,froid,froide,10,M,P,froid,-8.833595,froide,-14.724651,1
7927,S_NOUN_7_ADJ_b,M,S,le sac avec les raisins que j' aime beaucoup n' est pas chaud <eos>,12,chaud,chaude,10,M,P,chaud,-9.0480585,chaude,-13.956861,1
7928,S_NOUN_7_ADJ_b,M,S,le sac avec les raisins que j' aime beaucoup n' est pas important <eos>,12,important,importante,10,M,P,important,-6.98999,importante,-11.184295,1
7929,S_NOUN_7_ADJ_b,M,S,le sac avec les raisins que j' aime beaucoup n' est pas court <eos>,12,court,courte,10,M,P,court,-9.708466,courte,-13.428047,1
7930,S_NOUN_7_ADJ_b,M,S,le sac avec les raisins que j' aime beaucoup n' est pas dur <eos>,12,dur,dure,10,M,P,dur,-8.815677,dure,-9.486076,1
7931,S_NOUN_7_ADJ_b,M,S,le sac avec les raisins que j' aime beaucoup n' est pas clair <eos>,12,clair,claire,10,M,P,clair,-4.7335935,claire,-8.706646,1
7932,S_NOUN_7_ADJ_b,M,S,le sac avec les raisins que j' aime beaucoup n' est pas intéressant <eos>,12,intéressant,intéressante,10,M,P,intéressant,-7.852007,intéressante,-12.023278,1
7933,S_NOUN_7_ADJ_b,M,S,le sac avec les raisins que j' aime beaucoup n' est pas brillant <eos>,12,brillant,brillante,10,M,P,brillant,-9.109867,brillante,-12.851922,1
7934,S_NOUN_7_ADJ_b,M,S,le sac avec les raisins que j' aime beaucoup n' est pas compliqué <eos>,12,compliqué,compliquée,10,M,P,compliqué,-7.910283,compliquée,-12.594184,1
7935,S_NOUN_7_ADJ_b,M,S,le sac avec les chargeurs que j' aime beaucoup n' est pas vert <eos>,12,vert,verte,10,M,P,vert,-10.506604,verte,-13.606504,1
7936,S_NOUN_7_ADJ_b,M,S,le sac avec les chargeurs que j' aime beaucoup n' est pas bleu <eos>,12,bleu,bleue,10,M,P,bleu,-10.440371,bleue,-14.486969,1
7937,S_NOUN_7_ADJ_b,M,S,le sac avec les chargeurs que j' aime beaucoup n' est pas noir <eos>,12,noir,noire,10,M,P,noir,-7.5881567,noire,-13.529011,1
7938,S_NOUN_7_ADJ_b,M,S,le sac avec les chargeurs que j' aime beaucoup n' est pas délicat <eos>,12,délicat,délicate,10,M,P,délicat,-9.475508,délicate,-14.810794,1
7939,S_NOUN_7_ADJ_b,M,S,le sac avec les chargeurs que j' aime beaucoup n' est pas pointu <eos>,12,pointu,pointue,10,M,P,pointu,-10.461218,pointue,-15.619096,1
7940,S_NOUN_7_ADJ_b,M,S,le sac avec les chargeurs que j' aime beaucoup n' est pas rond <eos>,12,rond,ronde,10,M,P,rond,-8.797393,ronde,-13.700381,1
7941,S_NOUN_7_ADJ_b,M,S,le sac avec les chargeurs que j' aime beaucoup n' est pas froid <eos>,12,froid,froide,10,M,P,froid,-10.215854,froide,-15.267983,1
7942,S_NOUN_7_ADJ_b,M,S,le sac avec les chargeurs que j' aime beaucoup n' est pas chaud <eos>,12,chaud,chaude,10,M,P,chaud,-10.196688,chaude,-15.746885,1
7943,S_NOUN_7_ADJ_b,M,S,le sac avec les chargeurs que j' aime beaucoup n' est pas important <eos>,12,important,importante,10,M,P,important,-7.1152344,importante,-11.340492,1
7944,S_NOUN_7_ADJ_b,M,S,le sac avec les chargeurs que j' aime beaucoup n' est pas court <eos>,12,court,courte,10,M,P,court,-9.650775,courte,-13.072737,1
7945,S_NOUN_7_ADJ_b,M,S,le sac avec les chargeurs que j' aime beaucoup n' est pas dur <eos>,12,dur,dure,10,M,P,dur,-8.721197,dure,-11.197884,1
7946,S_NOUN_7_ADJ_b,M,S,le sac avec les chargeurs que j' aime beaucoup n' est pas clair <eos>,12,clair,claire,10,M,P,clair,-6.470009,claire,-10.039812,1
7947,S_NOUN_7_ADJ_b,M,S,le sac avec les chargeurs que j' aime beaucoup n' est pas intéressant <eos>,12,intéressant,intéressante,10,M,P,intéressant,-7.6953883,intéressante,-11.848759,1
7948,S_NOUN_7_ADJ_b,M,S,le sac avec les chargeurs que j' aime beaucoup n' est pas brillant <eos>,12,brillant,brillante,10,M,P,brillant,-9.300444,brillante,-13.27678,1
7949,S_NOUN_7_ADJ_b,M,S,le sac avec les chargeurs que j' aime beaucoup n' est pas compliqué <eos>,12,compliqué,compliquée,10,M,P,compliqué,-7.9940586,compliquée,-12.686628,1
7950,S_NOUN_7_ADJ_b,M,S,le sac avec les vases que j' aime beaucoup n' est pas vert <eos>,12,vert,verte,10,M,P,vert,-10.036432,verte,-13.874052,1
7951,S_NOUN_7_ADJ_b,M,S,le sac avec les vases que j' aime beaucoup n' est pas bleu <eos>,12,bleu,bleue,10,M,P,bleu,-9.835915,bleue,-13.964934,1
7952,S_NOUN_7_ADJ_b,M,S,le sac avec les vases que j' aime beaucoup n' est pas noir <eos>,12,noir,noire,10,M,P,noir,-7.3998394,noire,-13.725321,1
7953,S_NOUN_7_ADJ_b,M,S,le sac avec les vases que j' aime beaucoup n' est pas délicat <eos>,12,délicat,délicate,10,M,P,délicat,-9.429697,délicate,-13.960112,1
7954,S_NOUN_7_ADJ_b,M,S,le sac avec les vases que j' aime beaucoup n' est pas pointu <eos>,12,pointu,pointue,10,M,P,pointu,-11.18218,pointue,-15.970089,1
7955,S_NOUN_7_ADJ_b,M,S,le sac avec les vases que j' aime beaucoup n' est pas rond <eos>,12,rond,ronde,10,M,P,rond,-7.832689,ronde,-13.304789,1
7956,S_NOUN_7_ADJ_b,M,S,le sac avec les vases que j' aime beaucoup n' est pas froid <eos>,12,froid,froide,10,M,P,froid,-9.37765,froide,-14.489777,1
7957,S_NOUN_7_ADJ_b,M,S,le sac avec les vases que j' aime beaucoup n' est pas chaud <eos>,12,chaud,chaude,10,M,P,chaud,-9.661587,chaude,-14.058282,1
7958,S_NOUN_7_ADJ_b,M,S,le sac avec les vases que j' aime beaucoup n' est pas important <eos>,12,important,importante,10,M,P,important,-7.048724,importante,-11.4418955,1
7959,S_NOUN_7_ADJ_b,M,S,le sac avec les vases que j' aime beaucoup n' est pas court <eos>,12,court,courte,10,M,P,court,-10.204661,courte,-13.539325,1
7960,S_NOUN_7_ADJ_b,M,S,le sac avec les vases que j' aime beaucoup n' est pas dur <eos>,12,dur,dure,10,M,P,dur,-8.694162,dure,-10.367116,1
7961,S_NOUN_7_ADJ_b,M,S,le sac avec les vases que j' aime beaucoup n' est pas clair <eos>,12,clair,claire,10,M,P,clair,-5.3945827,claire,-8.764906,1
7962,S_NOUN_7_ADJ_b,M,S,le sac avec les vases que j' aime beaucoup n' est pas intéressant <eos>,12,intéressant,intéressante,10,M,P,intéressant,-8.212925,intéressante,-12.2009945,1
7963,S_NOUN_7_ADJ_b,M,S,le sac avec les vases que j' aime beaucoup n' est pas brillant <eos>,12,brillant,brillante,10,M,P,brillant,-8.891331,brillante,-12.467485,1
7964,S_NOUN_7_ADJ_b,M,S,le sac avec les vases que j' aime beaucoup n' est pas compliqué <eos>,12,compliqué,compliquée,10,M,P,compliqué,-8.128471,compliquée,-12.675299,1
7965,S_NOUN_7_ADJ_b,M,S,le sac avec les paniers que j' aime beaucoup n' est pas vert <eos>,12,vert,verte,10,M,P,vert,-10.096707,verte,-13.925593,1
7966,S_NOUN_7_ADJ_b,M,S,le sac avec les paniers que j' aime beaucoup n' est pas bleu <eos>,12,bleu,bleue,10,M,P,bleu,-10.232154,bleue,-14.451566,1
7967,S_NOUN_7_ADJ_b,M,S,le sac avec les paniers que j' aime beaucoup n' est pas noir <eos>,12,noir,noire,10,M,P,noir,-7.163272,noire,-13.545857,1
7968,S_NOUN_7_ADJ_b,M,S,le sac avec les paniers que j' aime beaucoup n' est pas délicat <eos>,12,délicat,délicate,10,M,P,délicat,-9.151331,délicate,-14.303166,1
7969,S_NOUN_7_ADJ_b,M,S,le sac avec les paniers que j' aime beaucoup n' est pas pointu <eos>,12,pointu,pointue,10,M,P,pointu,-10.02989,pointue,-15.249916,1
7970,S_NOUN_7_ADJ_b,M,S,le sac avec les paniers que j' aime beaucoup n' est pas rond <eos>,12,rond,ronde,10,M,P,rond,-7.888183,ronde,-13.511713,1
7971,S_NOUN_7_ADJ_b,M,S,le sac avec les paniers que j' aime beaucoup n' est pas froid <eos>,12,froid,froide,10,M,P,froid,-10.076652,froide,-15.7999115,1
7972,S_NOUN_7_ADJ_b,M,S,le sac avec les paniers que j' aime beaucoup n' est pas chaud <eos>,12,chaud,chaude,10,M,P,chaud,-10.308132,chaude,-15.331151,1
7973,S_NOUN_7_ADJ_b,M,S,le sac avec les paniers que j' aime beaucoup n' est pas important <eos>,12,important,importante,10,M,P,important,-7.0179005,importante,-11.421546,1
7974,S_NOUN_7_ADJ_b,M,S,le sac avec les paniers que j' aime beaucoup n' est pas court <eos>,12,court,courte,10,M,P,court,-9.210594,courte,-12.781723,1
7975,S_NOUN_7_ADJ_b,M,S,le sac avec les paniers que j' aime beaucoup n' est pas dur <eos>,12,dur,dure,10,M,P,dur,-8.039004,dure,-10.087672,1
7976,S_NOUN_7_ADJ_b,M,S,le sac avec les paniers que j' aime beaucoup n' est pas clair <eos>,12,clair,claire,10,M,P,clair,-5.7854824,claire,-9.509117,1
7977,S_NOUN_7_ADJ_b,M,S,le sac avec les paniers que j' aime beaucoup n' est pas intéressant <eos>,12,intéressant,intéressante,10,M,P,intéressant,-7.8114147,intéressante,-12.373932,1
7978,S_NOUN_7_ADJ_b,M,S,le sac avec les paniers que j' aime beaucoup n' est pas brillant <eos>,12,brillant,brillante,10,M,P,brillant,-8.939478,brillante,-12.479826,1
7979,S_NOUN_7_ADJ_b,M,S,le sac avec les paniers que j' aime beaucoup n' est pas compliqué <eos>,12,compliqué,compliquée,10,M,P,compliqué,-7.7723823,compliquée,-12.554207,1
7980,S_NOUN_7_ADJ_b,M,S,le sac avec les colliers que j' aime beaucoup n' est pas vert <eos>,12,vert,verte,10,M,P,vert,-10.114285,verte,-13.721305,1
7981,S_NOUN_7_ADJ_b,M,S,le sac avec les colliers que j' aime beaucoup n' est pas bleu <eos>,12,bleu,bleue,10,M,P,bleu,-9.747721,bleue,-14.004038,1
7982,S_NOUN_7_ADJ_b,M,S,le sac avec les colliers que j' aime beaucoup n' est pas noir <eos>,12,noir,noire,10,M,P,noir,-6.9726477,noire,-13.208971,1
7983,S_NOUN_7_ADJ_b,M,S,le sac avec les colliers que j' aime beaucoup n' est pas délicat <eos>,12,délicat,délicate,10,M,P,délicat,-9.455023,délicate,-14.084864,1
7984,S_NOUN_7_ADJ_b,M,S,le sac avec les colliers que j' aime beaucoup n' est pas pointu <eos>,12,pointu,pointue,10,M,P,pointu,-10.494518,pointue,-15.627396,1
7985,S_NOUN_7_ADJ_b,M,S,le sac avec les colliers que j' aime beaucoup n' est pas rond <eos>,12,rond,ronde,10,M,P,rond,-8.2341795,ronde,-13.883925,1
7986,S_NOUN_7_ADJ_b,M,S,le sac avec les colliers que j' aime beaucoup n' est pas froid <eos>,12,froid,froide,10,M,P,froid,-10.370504,froide,-15.322658,1
7987,S_NOUN_7_ADJ_b,M,S,le sac avec les colliers que j' aime beaucoup n' est pas chaud <eos>,12,chaud,chaude,10,M,P,chaud,-10.491728,chaude,-15.651484,1
7988,S_NOUN_7_ADJ_b,M,S,le sac avec les colliers que j' aime beaucoup n' est pas important <eos>,12,important,importante,10,M,P,important,-7.3770056,importante,-11.895732,1
7989,S_NOUN_7_ADJ_b,M,S,le sac avec les colliers que j' aime beaucoup n' est pas court <eos>,12,court,courte,10,M,P,court,-9.715594,courte,-13.18201,1
7990,S_NOUN_7_ADJ_b,M,S,le sac avec les colliers que j' aime beaucoup n' est pas dur <eos>,12,dur,dure,10,M,P,dur,-7.8105507,dure,-10.325188,1
7991,S_NOUN_7_ADJ_b,M,S,le sac avec les colliers que j' aime beaucoup n' est pas clair <eos>,12,clair,claire,10,M,P,clair,-5.797707,claire,-9.557408,1
7992,S_NOUN_7_ADJ_b,M,S,le sac avec les colliers que j' aime beaucoup n' est pas intéressant <eos>,12,intéressant,intéressante,10,M,P,intéressant,-7.826065,intéressante,-12.736563,1
7993,S_NOUN_7_ADJ_b,M,S,le sac avec les colliers que j' aime beaucoup n' est pas brillant <eos>,12,brillant,brillante,10,M,P,brillant,-8.232846,brillante,-11.823262,1
7994,S_NOUN_7_ADJ_b,M,S,le sac avec les colliers que j' aime beaucoup n' est pas compliqué <eos>,12,compliqué,compliquée,10,M,P,compliqué,-7.8524694,compliquée,-12.674443,1
7995,S_NOUN_7_ADJ_b,M,S,le sac avec les chapeaux que j' aime beaucoup n' est pas vert <eos>,12,vert,verte,10,M,P,vert,-9.677663,verte,-13.543907,1
7996,S_NOUN_7_ADJ_b,M,S,le sac avec les chapeaux que j' aime beaucoup n' est pas bleu <eos>,12,bleu,bleue,10,M,P,bleu,-9.480014,bleue,-13.712484,1
7997,S_NOUN_7_ADJ_b,M,S,le sac avec les chapeaux que j' aime beaucoup n' est pas noir <eos>,12,noir,noire,10,M,P,noir,-6.5639086,noire,-13.036286,1
7998,S_NOUN_7_ADJ_b,M,S,le sac avec les chapeaux que j' aime beaucoup n' est pas délicat <eos>,12,délicat,délicate,10,M,P,délicat,-9.403819,délicate,-14.677648,1
7999,S_NOUN_7_ADJ_b,M,S,le sac avec les chapeaux que j' aime beaucoup n' est pas pointu <eos>,12,pointu,pointue,10,M,P,pointu,-10.40751,pointue,-15.536933,1
8000,S_NOUN_7_ADJ_b,M,S,le sac avec les chapeaux que j' aime beaucoup n' est pas rond <eos>,12,rond,ronde,10,M,P,rond,-7.7728996,ronde,-13.077064,1
8001,S_NOUN_7_ADJ_b,M,S,le sac avec les chapeaux que j' aime beaucoup n' est pas froid <eos>,12,froid,froide,10,M,P,froid,-9.725437,froide,-14.929831,1
8002,S_NOUN_7_ADJ_b,M,S,le sac avec les chapeaux que j' aime beaucoup n' est pas chaud <eos>,12,chaud,chaude,10,M,P,chaud,-9.826425,chaude,-14.975137,1
8003,S_NOUN_7_ADJ_b,M,S,le sac avec les chapeaux que j' aime beaucoup n' est pas important <eos>,12,important,importante,10,M,P,important,-7.54302,importante,-11.935524,1
8004,S_NOUN_7_ADJ_b,M,S,le sac avec les chapeaux que j' aime beaucoup n' est pas court <eos>,12,court,courte,10,M,P,court,-9.219708,courte,-13.145687,1
8005,S_NOUN_7_ADJ_b,M,S,le sac avec les chapeaux que j' aime beaucoup n' est pas dur <eos>,12,dur,dure,10,M,P,dur,-7.9302044,dure,-10.055744,1
8006,S_NOUN_7_ADJ_b,M,S,le sac avec les chapeaux que j' aime beaucoup n' est pas clair <eos>,12,clair,claire,10,M,P,clair,-5.7233496,claire,-9.5067005,1
8007,S_NOUN_7_ADJ_b,M,S,le sac avec les chapeaux que j' aime beaucoup n' est pas intéressant <eos>,12,intéressant,intéressante,10,M,P,intéressant,-7.934821,intéressante,-12.815525,1
8008,S_NOUN_7_ADJ_b,M,S,le sac avec les chapeaux que j' aime beaucoup n' est pas brillant <eos>,12,brillant,brillante,10,M,P,brillant,-8.85293,brillante,-12.377821,1
8009,S_NOUN_7_ADJ_b,M,S,le sac avec les chapeaux que j' aime beaucoup n' est pas compliqué <eos>,12,compliqué,compliquée,10,M,P,compliqué,-8.057357,compliquée,-12.901092,1
8010,S_NOUN_7_ADJ_b,M,S,le sac avec les pots que j' aime beaucoup n' est pas vert <eos>,12,vert,verte,10,M,P,vert,-9.719518,verte,-13.591905,1
8011,S_NOUN_7_ADJ_b,M,S,le sac avec les pots que j' aime beaucoup n' est pas bleu <eos>,12,bleu,bleue,10,M,P,bleu,-9.655395,bleue,-13.633035,1
8012,S_NOUN_7_ADJ_b,M,S,le sac avec les pots que j' aime beaucoup n' est pas noir <eos>,12,noir,noire,10,M,P,noir,-6.9233694,noire,-13.284593,1
8013,S_NOUN_7_ADJ_b,M,S,le sac avec les pots que j' aime beaucoup n' est pas délicat <eos>,12,délicat,délicate,10,M,P,délicat,-9.520739,délicate,-14.39332,1
8014,S_NOUN_7_ADJ_b,M,S,le sac avec les pots que j' aime beaucoup n' est pas pointu <eos>,12,pointu,pointue,10,M,P,pointu,-11.267479,pointue,-16.252567,1
8015,S_NOUN_7_ADJ_b,M,S,le sac avec les pots que j' aime beaucoup n' est pas rond <eos>,12,rond,ronde,10,M,P,rond,-8.109777,ronde,-13.5569315,1
8016,S_NOUN_7_ADJ_b,M,S,le sac avec les pots que j' aime beaucoup n' est pas froid <eos>,12,froid,froide,10,M,P,froid,-9.227001,froide,-13.917988,1
8017,S_NOUN_7_ADJ_b,M,S,le sac avec les pots que j' aime beaucoup n' est pas chaud <eos>,12,chaud,chaude,10,M,P,chaud,-9.418921,chaude,-13.808393,1
8018,S_NOUN_7_ADJ_b,M,S,le sac avec les pots que j' aime beaucoup n' est pas important <eos>,12,important,importante,10,M,P,important,-7.5097857,importante,-11.962752,1
8019,S_NOUN_7_ADJ_b,M,S,le sac avec les pots que j' aime beaucoup n' est pas court <eos>,12,court,courte,10,M,P,court,-10.047396,courte,-13.433514,1
8020,S_NOUN_7_ADJ_b,M,S,le sac avec les pots que j' aime beaucoup n' est pas dur <eos>,12,dur,dure,10,M,P,dur,-8.069642,dure,-9.833826,1
8021,S_NOUN_7_ADJ_b,M,S,le sac avec les pots que j' aime beaucoup n' est pas clair <eos>,12,clair,claire,10,M,P,clair,-5.710975,claire,-9.07956,1
8022,S_NOUN_7_ADJ_b,M,S,le sac avec les pots que j' aime beaucoup n' est pas intéressant <eos>,12,intéressant,intéressante,10,M,P,intéressant,-8.25302,intéressante,-12.13507,1
8023,S_NOUN_7_ADJ_b,M,S,le sac avec les pots que j' aime beaucoup n' est pas brillant <eos>,12,brillant,brillante,10,M,P,brillant,-9.050043,brillante,-12.791714,1
8024,S_NOUN_7_ADJ_b,M,S,le sac avec les pots que j' aime beaucoup n' est pas compliqué <eos>,12,compliqué,compliquée,10,M,P,compliqué,-7.9688144,compliquée,-12.629854,1
8025,S_NOUN_7_ADJ_b,M,S,le sac avec les coussins que j' aime beaucoup n' est pas vert <eos>,12,vert,verte,10,M,P,vert,-10.003524,verte,-13.279945,1
8026,S_NOUN_7_ADJ_b,M,S,le sac avec les coussins que j' aime beaucoup n' est pas bleu <eos>,12,bleu,bleue,10,M,P,bleu,-9.874056,bleue,-13.632843,1
8027,S_NOUN_7_ADJ_b,M,S,le sac avec les coussins que j' aime beaucoup n' est pas noir <eos>,12,noir,noire,10,M,P,noir,-7.0525885,noire,-13.149552,1
8028,S_NOUN_7_ADJ_b,M,S,le sac avec les coussins que j' aime beaucoup n' est pas délicat <eos>,12,délicat,délicate,10,M,P,délicat,-9.597113,délicate,-14.251711,1
8029,S_NOUN_7_ADJ_b,M,S,le sac avec les coussins que j' aime beaucoup n' est pas pointu <eos>,12,pointu,pointue,10,M,P,pointu,-10.519667,pointue,-15.765861,1
8030,S_NOUN_7_ADJ_b,M,S,le sac avec les coussins que j' aime beaucoup n' est pas rond <eos>,12,rond,ronde,10,M,P,rond,-7.6840653,ronde,-13.784233,1
8031,S_NOUN_7_ADJ_b,M,S,le sac avec les coussins que j' aime beaucoup n' est pas froid <eos>,12,froid,froide,10,M,P,froid,-10.0442505,froide,-14.800982,1
8032,S_NOUN_7_ADJ_b,M,S,le sac avec les coussins que j' aime beaucoup n' est pas chaud <eos>,12,chaud,chaude,10,M,P,chaud,-9.895691,chaude,-14.625405,1
8033,S_NOUN_7_ADJ_b,M,S,le sac avec les coussins que j' aime beaucoup n' est pas important <eos>,12,important,importante,10,M,P,important,-7.475849,importante,-11.845872,1
8034,S_NOUN_7_ADJ_b,M,S,le sac avec les coussins que j' aime beaucoup n' est pas court <eos>,12,court,courte,10,M,P,court,-9.766514,courte,-13.3201275,1
8035,S_NOUN_7_ADJ_b,M,S,le sac avec les coussins que j' aime beaucoup n' est pas dur <eos>,12,dur,dure,10,M,P,dur,-8.170827,dure,-10.369482,1
8036,S_NOUN_7_ADJ_b,M,S,le sac avec les coussins que j' aime beaucoup n' est pas clair <eos>,12,clair,claire,10,M,P,clair,-6.1913977,claire,-9.129066,1
8037,S_NOUN_7_ADJ_b,M,S,le sac avec les coussins que j' aime beaucoup n' est pas intéressant <eos>,12,intéressant,intéressante,10,M,P,intéressant,-8.093409,intéressante,-12.0438175,1
8038,S_NOUN_7_ADJ_b,M,S,le sac avec les coussins que j' aime beaucoup n' est pas brillant <eos>,12,brillant,brillante,10,M,P,brillant,-8.921243,brillante,-12.693609,1
8039,S_NOUN_7_ADJ_b,M,S,le sac avec les coussins que j' aime beaucoup n' est pas compliqué <eos>,12,compliqué,compliquée,10,M,P,compliqué,-8.025608,compliquée,-12.197969,1
8040,S_NOUN_7_ADJ_b,M,S,le sac avec les jouets que j' aime beaucoup n' est pas vert <eos>,12,vert,verte,10,M,P,vert,-10.638696,verte,-14.139765,1
8041,S_NOUN_7_ADJ_b,M,S,le sac avec les jouets que j' aime beaucoup n' est pas bleu <eos>,12,bleu,bleue,10,M,P,bleu,-10.502267,bleue,-14.23466,1
8042,S_NOUN_7_ADJ_b,M,S,le sac avec les jouets que j' aime beaucoup n' est pas noir <eos>,12,noir,noire,10,M,P,noir,-7.3764305,noire,-13.497302,1
8043,S_NOUN_7_ADJ_b,M,S,le sac avec les jouets que j' aime beaucoup n' est pas délicat <eos>,12,délicat,délicate,10,M,P,délicat,-9.862346,délicate,-14.695139,1
8044,S_NOUN_7_ADJ_b,M,S,le sac avec les jouets que j' aime beaucoup n' est pas pointu <eos>,12,pointu,pointue,10,M,P,pointu,-11.210065,pointue,-16.251461,1
8045,S_NOUN_7_ADJ_b,M,S,le sac avec les jouets que j' aime beaucoup n' est pas rond <eos>,12,rond,ronde,10,M,P,rond,-8.089112,ronde,-13.83226,1
8046,S_NOUN_7_ADJ_b,M,S,le sac avec les jouets que j' aime beaucoup n' est pas froid <eos>,12,froid,froide,10,M,P,froid,-9.439587,froide,-14.390153,1
8047,S_NOUN_7_ADJ_b,M,S,le sac avec les jouets que j' aime beaucoup n' est pas chaud <eos>,12,chaud,chaude,10,M,P,chaud,-9.6375675,chaude,-14.486395,1
8048,S_NOUN_7_ADJ_b,M,S,le sac avec les jouets que j' aime beaucoup n' est pas important <eos>,12,important,importante,10,M,P,important,-7.484235,importante,-11.943616,1
8049,S_NOUN_7_ADJ_b,M,S,le sac avec les jouets que j' aime beaucoup n' est pas court <eos>,12,court,courte,10,M,P,court,-9.698482,courte,-13.42205,1
8050,S_NOUN_7_ADJ_b,M,S,le sac avec les jouets que j' aime beaucoup n' est pas dur <eos>,12,dur,dure,10,M,P,dur,-8.247459,dure,-10.327617,1
8051,S_NOUN_7_ADJ_b,M,S,le sac avec les jouets que j' aime beaucoup n' est pas clair <eos>,12,clair,claire,10,M,P,clair,-6.2544155,claire,-9.54182,1
8052,S_NOUN_7_ADJ_b,M,S,le sac avec les jouets que j' aime beaucoup n' est pas intéressant <eos>,12,intéressant,intéressante,10,M,P,intéressant,-7.943466,intéressante,-11.824635,1
8053,S_NOUN_7_ADJ_b,M,S,le sac avec les jouets que j' aime beaucoup n' est pas brillant <eos>,12,brillant,brillante,10,M,P,brillant,-9.761031,brillante,-13.233626,1
8054,S_NOUN_7_ADJ_b,M,S,le sac avec les jouets que j' aime beaucoup n' est pas compliqué <eos>,12,compliqué,compliquée,10,M,P,compliqué,-7.999323,compliquée,-12.0598135,1
8055,S_NOUN_7_ADJ_b,M,S,le sac avec les clous que j' aime beaucoup n' est pas vert <eos>,12,vert,verte,10,M,P,vert,-10.050106,verte,-14.0322895,1
8056,S_NOUN_7_ADJ_b,M,S,le sac avec les clous que j' aime beaucoup n' est pas bleu <eos>,12,bleu,bleue,10,M,P,bleu,-9.902288,bleue,-14.560582,1
8057,S_NOUN_7_ADJ_b,M,S,le sac avec les clous que j' aime beaucoup n' est pas noir <eos>,12,noir,noire,10,M,P,noir,-7.1411667,noire,-13.469263,1
8058,S_NOUN_7_ADJ_b,M,S,le sac avec les clous que j' aime beaucoup n' est pas délicat <eos>,12,délicat,délicate,10,M,P,délicat,-9.322762,délicate,-14.089952,1
8059,S_NOUN_7_ADJ_b,M,S,le sac avec les clous que j' aime beaucoup n' est pas pointu <eos>,12,pointu,pointue,10,M,P,pointu,-10.286196,pointue,-15.283823,1
8060,S_NOUN_7_ADJ_b,M,S,le sac avec les clous que j' aime beaucoup n' est pas rond <eos>,12,rond,ronde,10,M,P,rond,-7.6290092,ronde,-13.993865,1
8061,S_NOUN_7_ADJ_b,M,S,le sac avec les clous que j' aime beaucoup n' est pas froid <eos>,12,froid,froide,10,M,P,froid,-10.1762905,froide,-15.785982,1
8062,S_NOUN_7_ADJ_b,M,S,le sac avec les clous que j' aime beaucoup n' est pas chaud <eos>,12,chaud,chaude,10,M,P,chaud,-10.30848,chaude,-15.254995,1
8063,S_NOUN_7_ADJ_b,M,S,le sac avec les clous que j' aime beaucoup n' est pas important <eos>,12,important,importante,10,M,P,important,-7.197116,importante,-11.681977,1
8064,S_NOUN_7_ADJ_b,M,S,le sac avec les clous que j' aime beaucoup n' est pas court <eos>,12,court,courte,10,M,P,court,-9.428263,courte,-13.297541,1
8065,S_NOUN_7_ADJ_b,M,S,le sac avec les clous que j' aime beaucoup n' est pas dur <eos>,12,dur,dure,10,M,P,dur,-8.189688,dure,-10.254751,1
8066,S_NOUN_7_ADJ_b,M,S,le sac avec les clous que j' aime beaucoup n' est pas clair <eos>,12,clair,claire,10,M,P,clair,-5.7791996,claire,-9.412069,1
8067,S_NOUN_7_ADJ_b,M,S,le sac avec les clous que j' aime beaucoup n' est pas intéressant <eos>,12,intéressant,intéressante,10,M,P,intéressant,-7.9033318,intéressante,-12.665233,1
8068,S_NOUN_7_ADJ_b,M,S,le sac avec les clous que j' aime beaucoup n' est pas brillant <eos>,12,brillant,brillante,10,M,P,brillant,-8.730909,brillante,-13.347837,1
8069,S_NOUN_7_ADJ_b,M,S,le sac avec les clous que j' aime beaucoup n' est pas compliqué <eos>,12,compliqué,compliquée,10,M,P,compliqué,-8.07547,compliquée,-12.831353,1
8070,S_NOUN_7_ADJ_b,M,S,le sac avec les billets que j' aime beaucoup n' est pas vert <eos>,12,vert,verte,10,M,P,vert,-10.176426,verte,-13.98349,1
8071,S_NOUN_7_ADJ_b,M,S,le sac avec les billets que j' aime beaucoup n' est pas bleu <eos>,12,bleu,bleue,10,M,P,bleu,-9.971568,bleue,-14.015694,1
8072,S_NOUN_7_ADJ_b,M,S,le sac avec les billets que j' aime beaucoup n' est pas noir <eos>,12,noir,noire,10,M,P,noir,-6.995596,noire,-13.716634,1
8073,S_NOUN_7_ADJ_b,M,S,le sac avec les billets que j' aime beaucoup n' est pas délicat <eos>,12,délicat,délicate,10,M,P,délicat,-9.896813,délicate,-15.496793,1
8074,S_NOUN_7_ADJ_b,M,S,le sac avec les billets que j' aime beaucoup n' est pas pointu <eos>,12,pointu,pointue,10,M,P,pointu,-11.348456,pointue,-16.433598,1
8075,S_NOUN_7_ADJ_b,M,S,le sac avec les billets que j' aime beaucoup n' est pas rond <eos>,12,rond,ronde,10,M,P,rond,-8.18526,ronde,-13.559815,1
8076,S_NOUN_7_ADJ_b,M,S,le sac avec les billets que j' aime beaucoup n' est pas froid <eos>,12,froid,froide,10,M,P,froid,-9.958248,froide,-14.923561,1
8077,S_NOUN_7_ADJ_b,M,S,le sac avec les billets que j' aime beaucoup n' est pas chaud <eos>,12,chaud,chaude,10,M,P,chaud,-9.961012,chaude,-14.757475,1
8078,S_NOUN_7_ADJ_b,M,S,le sac avec les billets que j' aime beaucoup n' est pas important <eos>,12,important,importante,10,M,P,important,-7.3588047,importante,-11.724678,1
8079,S_NOUN_7_ADJ_b,M,S,le sac avec les billets que j' aime beaucoup n' est pas court <eos>,12,court,courte,10,M,P,court,-9.225855,courte,-13.303211,1
8080,S_NOUN_7_ADJ_b,M,S,le sac avec les billets que j' aime beaucoup n' est pas dur <eos>,12,dur,dure,10,M,P,dur,-8.313784,dure,-10.194311,1
8081,S_NOUN_7_ADJ_b,M,S,le sac avec les billets que j' aime beaucoup n' est pas clair <eos>,12,clair,claire,10,M,P,clair,-5.975678,claire,-9.972609,1
8082,S_NOUN_7_ADJ_b,M,S,le sac avec les billets que j' aime beaucoup n' est pas intéressant <eos>,12,intéressant,intéressante,10,M,P,intéressant,-8.002588,intéressante,-12.277292,1
8083,S_NOUN_7_ADJ_b,M,S,le sac avec les billets que j' aime beaucoup n' est pas brillant <eos>,12,brillant,brillante,10,M,P,brillant,-9.609361,brillante,-12.854702,1
8084,S_NOUN_7_ADJ_b,M,S,le sac avec les billets que j' aime beaucoup n' est pas compliqué <eos>,12,compliqué,compliquée,10,M,P,compliqué,-8.295645,compliquée,-13.277411,1
8085,S_NOUN_7_ADJ_b,M,S,le sac avec les légumes que j' aime beaucoup n' est pas vert <eos>,12,vert,verte,10,M,P,vert,-10.011312,verte,-13.743759,1
8086,S_NOUN_7_ADJ_b,M,S,le sac avec les légumes que j' aime beaucoup n' est pas bleu <eos>,12,bleu,bleue,10,M,P,bleu,-10.2158785,bleue,-14.377518,1
8087,S_NOUN_7_ADJ_b,M,S,le sac avec les légumes que j' aime beaucoup n' est pas noir <eos>,12,noir,noire,10,M,P,noir,-7.099949,noire,-13.874147,1
8088,S_NOUN_7_ADJ_b,M,S,le sac avec les légumes que j' aime beaucoup n' est pas délicat <eos>,12,délicat,délicate,10,M,P,délicat,-8.873461,délicate,-14.149004,1
8089,S_NOUN_7_ADJ_b,M,S,le sac avec les légumes que j' aime beaucoup n' est pas pointu <eos>,12,pointu,pointue,10,M,P,pointu,-10.850561,pointue,-16.084528,1
8090,S_NOUN_7_ADJ_b,M,S,le sac avec les légumes que j' aime beaucoup n' est pas rond <eos>,12,rond,ronde,10,M,P,rond,-8.0342045,ronde,-13.39724,1
8091,S_NOUN_7_ADJ_b,M,S,le sac avec les légumes que j' aime beaucoup n' est pas froid <eos>,12,froid,froide,10,M,P,froid,-8.795525,froide,-14.298075,1
8092,S_NOUN_7_ADJ_b,M,S,le sac avec les légumes que j' aime beaucoup n' est pas chaud <eos>,12,chaud,chaude,10,M,P,chaud,-8.903109,chaude,-14.210411,1
8093,S_NOUN_7_ADJ_b,M,S,le sac avec les légumes que j' aime beaucoup n' est pas important <eos>,12,important,importante,10,M,P,important,-7.0208073,importante,-11.42107,1
8094,S_NOUN_7_ADJ_b,M,S,le sac avec les légumes que j' aime beaucoup n' est pas court <eos>,12,court,courte,10,M,P,court,-9.829557,courte,-13.209413,1
8095,S_NOUN_7_ADJ_b,M,S,le sac avec les légumes que j' aime beaucoup n' est pas dur <eos>,12,dur,dure,10,M,P,dur,-7.588606,dure,-9.969122,1
8096,S_NOUN_7_ADJ_b,M,S,le sac avec les légumes que j' aime beaucoup n' est pas clair <eos>,12,clair,claire,10,M,P,clair,-5.4080234,claire,-9.28013,1
8097,S_NOUN_7_ADJ_b,M,S,le sac avec les légumes que j' aime beaucoup n' est pas intéressant <eos>,12,intéressant,intéressante,10,M,P,intéressant,-7.776291,intéressante,-11.302388,1
8098,S_NOUN_7_ADJ_b,M,S,le sac avec les légumes que j' aime beaucoup n' est pas brillant <eos>,12,brillant,brillante,10,M,P,brillant,-8.959014,brillante,-12.998583,1
8099,S_NOUN_7_ADJ_b,M,S,le sac avec les légumes que j' aime beaucoup n' est pas compliqué <eos>,12,compliqué,compliquée,10,M,P,compliqué,-7.971348,compliquée,-12.564997,1
8100,S_NOUN_7_ADJ_b,M,S,le clavier avec les bracelets que j' aime beaucoup n' est pas vert <eos>,12,vert,verte,10,M,P,vert,-10.641949,verte,-13.805292,1
8101,S_NOUN_7_ADJ_b,M,S,le clavier avec les bracelets que j' aime beaucoup n' est pas bleu <eos>,12,bleu,bleue,10,M,P,bleu,-10.077822,bleue,-14.305553,1
8102,S_NOUN_7_ADJ_b,M,S,le clavier avec les bracelets que j' aime beaucoup n' est pas noir <eos>,12,noir,noire,10,M,P,noir,-7.3589416,noire,-12.583065,1
8103,S_NOUN_7_ADJ_b,M,S,le clavier avec les bracelets que j' aime beaucoup n' est pas délicat <eos>,12,délicat,délicate,10,M,P,délicat,-9.182907,délicate,-13.932487,1
8104,S_NOUN_7_ADJ_b,M,S,le clavier avec les bracelets que j' aime beaucoup n' est pas pointu <eos>,12,pointu,pointue,10,M,P,pointu,-9.602641,pointue,-14.761061,1
8105,S_NOUN_7_ADJ_b,M,S,le clavier avec les bracelets que j' aime beaucoup n' est pas rond <eos>,12,rond,ronde,10,M,P,rond,-7.7193365,ronde,-12.382592,1
8106,S_NOUN_7_ADJ_b,M,S,le clavier avec les bracelets que j' aime beaucoup n' est pas froid <eos>,12,froid,froide,10,M,P,froid,-11.492884,froide,-15.716854,1
8107,S_NOUN_7_ADJ_b,M,S,le clavier avec les bracelets que j' aime beaucoup n' est pas chaud <eos>,12,chaud,chaude,10,M,P,chaud,-11.13776,chaude,-15.278238,1
8108,S_NOUN_7_ADJ_b,M,S,le clavier avec les bracelets que j' aime beaucoup n' est pas important <eos>,12,important,importante,10,M,P,important,-7.7197804,importante,-11.376505,1
8109,S_NOUN_7_ADJ_b,M,S,le clavier avec les bracelets que j' aime beaucoup n' est pas court <eos>,12,court,courte,10,M,P,court,-9.579744,courte,-12.341408,1
8110,S_NOUN_7_ADJ_b,M,S,le clavier avec les bracelets que j' aime beaucoup n' est pas dur <eos>,12,dur,dure,10,M,P,dur,-8.576591,dure,-11.389395,1
8111,S_NOUN_7_ADJ_b,M,S,le clavier avec les bracelets que j' aime beaucoup n' est pas clair <eos>,12,clair,claire,10,M,P,clair,-5.43664,claire,-8.283647,1
8112,S_NOUN_7_ADJ_b,M,S,le clavier avec les bracelets que j' aime beaucoup n' est pas intéressant <eos>,12,intéressant,intéressante,10,M,P,intéressant,-8.395018,intéressante,-12.054403,1
8113,S_NOUN_7_ADJ_b,M,S,le clavier avec les bracelets que j' aime beaucoup n' est pas brillant <eos>,12,brillant,brillante,10,M,P,brillant,-8.610832,brillante,-12.616848,1
8114,S_NOUN_7_ADJ_b,M,S,le clavier avec les bracelets que j' aime beaucoup n' est pas compliqué <eos>,12,compliqué,compliquée,10,M,P,compliqué,-8.268328,compliquée,-11.906363,1
8115,S_NOUN_7_ADJ_b,M,S,le clavier avec les miroirs que j' aime beaucoup n' est pas vert <eos>,12,vert,verte,10,M,P,vert,-10.548063,verte,-13.148022,1
8116,S_NOUN_7_ADJ_b,M,S,le clavier avec les miroirs que j' aime beaucoup n' est pas bleu <eos>,12,bleu,bleue,10,M,P,bleu,-9.91245,bleue,-14.104519,1
8117,S_NOUN_7_ADJ_b,M,S,le clavier avec les miroirs que j' aime beaucoup n' est pas noir <eos>,12,noir,noire,10,M,P,noir,-7.518794,noire,-12.588477,1
8118,S_NOUN_7_ADJ_b,M,S,le clavier avec les miroirs que j' aime beaucoup n' est pas délicat <eos>,12,délicat,délicate,10,M,P,délicat,-9.267606,délicate,-14.343903,1
8119,S_NOUN_7_ADJ_b,M,S,le clavier avec les miroirs que j' aime beaucoup n' est pas pointu <eos>,12,pointu,pointue,10,M,P,pointu,-9.918383,pointue,-14.9964,1
8120,S_NOUN_7_ADJ_b,M,S,le clavier avec les miroirs que j' aime beaucoup n' est pas rond <eos>,12,rond,ronde,10,M,P,rond,-8.011409,ronde,-12.816954,1
8121,S_NOUN_7_ADJ_b,M,S,le clavier avec les miroirs que j' aime beaucoup n' est pas froid <eos>,12,froid,froide,10,M,P,froid,-11.517138,froide,-15.56048,1
8122,S_NOUN_7_ADJ_b,M,S,le clavier avec les miroirs que j' aime beaucoup n' est pas chaud <eos>,12,chaud,chaude,10,M,P,chaud,-10.946889,chaude,-15.059449,1
8123,S_NOUN_7_ADJ_b,M,S,le clavier avec les miroirs que j' aime beaucoup n' est pas important <eos>,12,important,importante,10,M,P,important,-7.8570356,importante,-11.664138,1
8124,S_NOUN_7_ADJ_b,M,S,le clavier avec les miroirs que j' aime beaucoup n' est pas court <eos>,12,court,courte,10,M,P,court,-10.346174,courte,-13.34247,1
8125,S_NOUN_7_ADJ_b,M,S,le clavier avec les miroirs que j' aime beaucoup n' est pas dur <eos>,12,dur,dure,10,M,P,dur,-8.651556,dure,-11.889239,1
8126,S_NOUN_7_ADJ_b,M,S,le clavier avec les miroirs que j' aime beaucoup n' est pas clair <eos>,12,clair,claire,10,M,P,clair,-5.3699217,claire,-8.424073,1
8127,S_NOUN_7_ADJ_b,M,S,le clavier avec les miroirs que j' aime beaucoup n' est pas intéressant <eos>,12,intéressant,intéressante,10,M,P,intéressant,-8.346237,intéressante,-12.015676,1
8128,S_NOUN_7_ADJ_b,M,S,le clavier avec les miroirs que j' aime beaucoup n' est pas brillant <eos>,12,brillant,brillante,10,M,P,brillant,-8.64461,brillante,-12.714838,1
8129,S_NOUN_7_ADJ_b,M,S,le clavier avec les miroirs que j' aime beaucoup n' est pas compliqué <eos>,12,compliqué,compliquée,10,M,P,compliqué,-8.616099,compliquée,-12.486702,1
8130,S_NOUN_7_ADJ_b,M,S,le clavier avec les crayons que j' aime beaucoup n' est pas vert <eos>,12,vert,verte,10,M,P,vert,-10.032665,verte,-13.796833,1
8131,S_NOUN_7_ADJ_b,M,S,le clavier avec les crayons que j' aime beaucoup n' est pas bleu <eos>,12,bleu,bleue,10,M,P,bleu,-9.509522,bleue,-14.094222,1
8132,S_NOUN_7_ADJ_b,M,S,le clavier avec les crayons que j' aime beaucoup n' est pas noir <eos>,12,noir,noire,10,M,P,noir,-7.25803,noire,-13.047641,1
8133,S_NOUN_7_ADJ_b,M,S,le clavier avec les crayons que j' aime beaucoup n' est pas délicat <eos>,12,délicat,délicate,10,M,P,délicat,-9.039549,délicate,-14.264013,1
8134,S_NOUN_7_ADJ_b,M,S,le clavier avec les crayons que j' aime beaucoup n' est pas pointu <eos>,12,pointu,pointue,10,M,P,pointu,-11.354831,pointue,-15.880797,1
8135,S_NOUN_7_ADJ_b,M,S,le clavier avec les crayons que j' aime beaucoup n' est pas rond <eos>,12,rond,ronde,10,M,P,rond,-7.981619,ronde,-13.442018,1
8136,S_NOUN_7_ADJ_b,M,S,le clavier avec les crayons que j' aime beaucoup n' est pas froid <eos>,12,froid,froide,10,M,P,froid,-11.097744,froide,-15.264284,1
8137,S_NOUN_7_ADJ_b,M,S,le clavier avec les crayons que j' aime beaucoup n' est pas chaud <eos>,12,chaud,chaude,10,M,P,chaud,-10.323973,chaude,-15.012153,1
8138,S_NOUN_7_ADJ_b,M,S,le clavier avec les crayons que j' aime beaucoup n' est pas important <eos>,12,important,importante,10,M,P,important,-7.4359045,importante,-11.218625,1
8139,S_NOUN_7_ADJ_b,M,S,le clavier avec les crayons que j' aime beaucoup n' est pas court <eos>,12,court,courte,10,M,P,court,-10.202589,courte,-13.3819065,1
8140,S_NOUN_7_ADJ_b,M,S,le clavier avec les crayons que j' aime beaucoup n' est pas dur <eos>,12,dur,dure,10,M,P,dur,-8.601105,dure,-11.464867,1
8141,S_NOUN_7_ADJ_b,M,S,le clavier avec les crayons que j' aime beaucoup n' est pas clair <eos>,12,clair,claire,10,M,P,clair,-4.855095,claire,-8.200874,1
8142,S_NOUN_7_ADJ_b,M,S,le clavier avec les crayons que j' aime beaucoup n' est pas intéressant <eos>,12,intéressant,intéressante,10,M,P,intéressant,-8.093163,intéressante,-11.309193,1
8143,S_NOUN_7_ADJ_b,M,S,le clavier avec les crayons que j' aime beaucoup n' est pas brillant <eos>,12,brillant,brillante,10,M,P,brillant,-9.229774,brillante,-13.110801,1
8144,S_NOUN_7_ADJ_b,M,S,le clavier avec les crayons que j' aime beaucoup n' est pas compliqué <eos>,12,compliqué,compliquée,10,M,P,compliqué,-8.910693,compliquée,-12.607404,1
8145,S_NOUN_7_ADJ_b,M,S,le clavier avec les rideaux que j' aime beaucoup n' est pas vert <eos>,12,vert,verte,10,M,P,vert,-10.023657,verte,-13.46195,1
8146,S_NOUN_7_ADJ_b,M,S,le clavier avec les rideaux que j' aime beaucoup n' est pas bleu <eos>,12,bleu,bleue,10,M,P,bleu,-9.875189,bleue,-14.030695,1
8147,S_NOUN_7_ADJ_b,M,S,le clavier avec les rideaux que j' aime beaucoup n' est pas noir <eos>,12,noir,noire,10,M,P,noir,-7.126205,noire,-12.8592,1
8148,S_NOUN_7_ADJ_b,M,S,le clavier avec les rideaux que j' aime beaucoup n' est pas délicat <eos>,12,délicat,délicate,10,M,P,délicat,-9.132988,délicate,-13.945984,1
8149,S_NOUN_7_ADJ_b,M,S,le clavier avec les rideaux que j' aime beaucoup n' est pas pointu <eos>,12,pointu,pointue,10,M,P,pointu,-10.066574,pointue,-15.259093,1
8150,S_NOUN_7_ADJ_b,M,S,le clavier avec les rideaux que j' aime beaucoup n' est pas rond <eos>,12,rond,ronde,10,M,P,rond,-7.1616564,ronde,-12.754212,1
8151,S_NOUN_7_ADJ_b,M,S,le clavier avec les rideaux que j' aime beaucoup n' est pas froid <eos>,12,froid,froide,10,M,P,froid,-11.342096,froide,-15.335872,1
8152,S_NOUN_7_ADJ_b,M,S,le clavier avec les rideaux que j' aime beaucoup n' est pas chaud <eos>,12,chaud,chaude,10,M,P,chaud,-10.666077,chaude,-15.138672,1
8153,S_NOUN_7_ADJ_b,M,S,le clavier avec les rideaux que j' aime beaucoup n' est pas important <eos>,12,important,importante,10,M,P,important,-7.412194,importante,-11.375851,1
8154,S_NOUN_7_ADJ_b,M,S,le clavier avec les rideaux que j' aime beaucoup n' est pas court <eos>,12,court,courte,10,M,P,court,-9.369665,courte,-12.697838,1
8155,S_NOUN_7_ADJ_b,M,S,le clavier avec les rideaux que j' aime beaucoup n' est pas dur <eos>,12,dur,dure,10,M,P,dur,-8.065582,dure,-10.819086,1
8156,S_NOUN_7_ADJ_b,M,S,le clavier avec les rideaux que j' aime beaucoup n' est pas clair <eos>,12,clair,claire,10,M,P,clair,-5.0715666,claire,-8.285568,1
8157,S_NOUN_7_ADJ_b,M,S,le clavier avec les rideaux que j' aime beaucoup n' est pas intéressant <eos>,12,intéressant,intéressante,10,M,P,intéressant,-8.38453,intéressante,-11.872418,1
8158,S_NOUN_7_ADJ_b,M,S,le clavier avec les rideaux que j' aime beaucoup n' est pas brillant <eos>,12,brillant,brillante,10,M,P,brillant,-9.037174,brillante,-13.137505,1
8159,S_NOUN_7_ADJ_b,M,S,le clavier avec les rideaux que j' aime beaucoup n' est pas compliqué <eos>,12,compliqué,compliquée,10,M,P,compliqué,-8.42981,compliquée,-12.309111,1
8160,S_NOUN_7_ADJ_b,M,S,le clavier avec les cahiers que j' aime beaucoup n' est pas vert <eos>,12,vert,verte,10,M,P,vert,-10.836825,verte,-14.354969,1
8161,S_NOUN_7_ADJ_b,M,S,le clavier avec les cahiers que j' aime beaucoup n' est pas bleu <eos>,12,bleu,bleue,10,M,P,bleu,-10.2037945,bleue,-14.650499,1
8162,S_NOUN_7_ADJ_b,M,S,le clavier avec les cahiers que j' aime beaucoup n' est pas noir <eos>,12,noir,noire,10,M,P,noir,-7.8131843,noire,-13.626209,1
8163,S_NOUN_7_ADJ_b,M,S,le clavier avec les cahiers que j' aime beaucoup n' est pas délicat <eos>,12,délicat,délicate,10,M,P,délicat,-9.144131,délicate,-14.984804,1
8164,S_NOUN_7_ADJ_b,M,S,le clavier avec les cahiers que j' aime beaucoup n' est pas pointu <eos>,12,pointu,pointue,10,M,P,pointu,-10.62896,pointue,-15.597184,1
8165,S_NOUN_7_ADJ_b,M,S,le clavier avec les cahiers que j' aime beaucoup n' est pas rond <eos>,12,rond,ronde,10,M,P,rond,-7.385907,ronde,-13.172015,1
8166,S_NOUN_7_ADJ_b,M,S,le clavier avec les cahiers que j' aime beaucoup n' est pas froid <eos>,12,froid,froide,10,M,P,froid,-11.180423,froide,-16.066837,1
8167,S_NOUN_7_ADJ_b,M,S,le clavier avec les cahiers que j' aime beaucoup n' est pas chaud <eos>,12,chaud,chaude,10,M,P,chaud,-10.411618,chaude,-15.567013,1
8168,S_NOUN_7_ADJ_b,M,S,le clavier avec les cahiers que j' aime beaucoup n' est pas important <eos>,12,important,importante,10,M,P,important,-7.5231223,importante,-11.630001,1
8169,S_NOUN_7_ADJ_b,M,S,le clavier avec les cahiers que j' aime beaucoup n' est pas court <eos>,12,court,courte,10,M,P,court,-9.566191,courte,-13.048835,1
8170,S_NOUN_7_ADJ_b,M,S,le clavier avec les cahiers que j' aime beaucoup n' est pas dur <eos>,12,dur,dure,10,M,P,dur,-8.685187,dure,-11.828769,1
8171,S_NOUN_7_ADJ_b,M,S,le clavier avec les cahiers que j' aime beaucoup n' est pas clair <eos>,12,clair,claire,10,M,P,clair,-5.3214645,claire,-9.077078,1
8172,S_NOUN_7_ADJ_b,M,S,le clavier avec les cahiers que j' aime beaucoup n' est pas intéressant <eos>,12,intéressant,intéressante,10,M,P,intéressant,-7.8760643,intéressante,-11.304601,1
8173,S_NOUN_7_ADJ_b,M,S,le clavier avec les cahiers que j' aime beaucoup n' est pas brillant <eos>,12,brillant,brillante,10,M,P,brillant,-9.483322,brillante,-13.42053,1
8174,S_NOUN_7_ADJ_b,M,S,le clavier avec les cahiers que j' aime beaucoup n' est pas compliqué <eos>,12,compliqué,compliquée,10,M,P,compliqué,-8.598862,compliquée,-12.48369,1
8175,S_NOUN_7_ADJ_b,M,S,le clavier avec les micros que j' aime beaucoup n' est pas vert <eos>,12,vert,verte,10,M,P,vert,-11.08037,verte,-14.180471,1
8176,S_NOUN_7_ADJ_b,M,S,le clavier avec les micros que j' aime beaucoup n' est pas bleu <eos>,12,bleu,bleue,10,M,P,bleu,-10.632744,bleue,-14.545321,1
8177,S_NOUN_7_ADJ_b,M,S,le clavier avec les micros que j' aime beaucoup n' est pas noir <eos>,12,noir,noire,10,M,P,noir,-8.068703,noire,-13.45097,1
8178,S_NOUN_7_ADJ_b,M,S,le clavier avec les micros que j' aime beaucoup n' est pas délicat <eos>,12,délicat,délicate,10,M,P,délicat,-9.310766,délicate,-14.794295,1
8179,S_NOUN_7_ADJ_b,M,S,le clavier avec les micros que j' aime beaucoup n' est pas pointu <eos>,12,pointu,pointue,10,M,P,pointu,-10.847795,pointue,-16.006752,1
8180,S_NOUN_7_ADJ_b,M,S,le clavier avec les micros que j' aime beaucoup n' est pas rond <eos>,12,rond,ronde,10,M,P,rond,-8.231896,ronde,-13.494693,1
8181,S_NOUN_7_ADJ_b,M,S,le clavier avec les micros que j' aime beaucoup n' est pas froid <eos>,12,froid,froide,10,M,P,froid,-11.290259,froide,-15.725563,1
8182,S_NOUN_7_ADJ_b,M,S,le clavier avec les micros que j' aime beaucoup n' est pas chaud <eos>,12,chaud,chaude,10,M,P,chaud,-10.6215,chaude,-15.086019,1
8183,S_NOUN_7_ADJ_b,M,S,le clavier avec les micros que j' aime beaucoup n' est pas important <eos>,12,important,importante,10,M,P,important,-7.4971027,importante,-11.395781,1
8184,S_NOUN_7_ADJ_b,M,S,le clavier avec les micros que j' aime beaucoup n' est pas court <eos>,12,court,courte,10,M,P,court,-10.1307335,courte,-13.263374,1
8185,S_NOUN_7_ADJ_b,M,S,le clavier avec les micros que j' aime beaucoup n' est pas dur <eos>,12,dur,dure,10,M,P,dur,-9.056445,dure,-11.746226,1
8186,S_NOUN_7_ADJ_b,M,S,le clavier avec les micros que j' aime beaucoup n' est pas clair <eos>,12,clair,claire,10,M,P,clair,-5.6997447,claire,-8.6128645,1
8187,S_NOUN_7_ADJ_b,M,S,le clavier avec les micros que j' aime beaucoup n' est pas intéressant <eos>,12,intéressant,intéressante,10,M,P,intéressant,-7.9386744,intéressante,-11.217392,1
8188,S_NOUN_7_ADJ_b,M,S,le clavier avec les micros que j' aime beaucoup n' est pas brillant <eos>,12,brillant,brillante,10,M,P,brillant,-9.678106,brillante,-13.748,1
8189,S_NOUN_7_ADJ_b,M,S,le clavier avec les micros que j' aime beaucoup n' est pas compliqué <eos>,12,compliqué,compliquée,10,M,P,compliqué,-8.842185,compliquée,-12.158134,1
8190,S_NOUN_7_ADJ_b,M,S,le clavier avec les sacs que j' aime beaucoup n' est pas vert <eos>,12,vert,verte,10,M,P,vert,-10.090545,verte,-13.512883,1
8191,S_NOUN_7_ADJ_b,M,S,le clavier avec les sacs que j' aime beaucoup n' est pas bleu <eos>,12,bleu,bleue,10,M,P,bleu,-9.945621,bleue,-13.906844,1
8192,S_NOUN_7_ADJ_b,M,S,le clavier avec les sacs que j' aime beaucoup n' est pas noir <eos>,12,noir,noire,10,M,P,noir,-7.194895,noire,-12.774518,1
8193,S_NOUN_7_ADJ_b,M,S,le clavier avec les sacs que j' aime beaucoup n' est pas délicat <eos>,12,délicat,délicate,10,M,P,délicat,-8.792617,délicate,-14.091353,1
8194,S_NOUN_7_ADJ_b,M,S,le clavier avec les sacs que j' aime beaucoup n' est pas pointu <eos>,12,pointu,pointue,10,M,P,pointu,-10.41021,pointue,-15.439873,1
8195,S_NOUN_7_ADJ_b,M,S,le clavier avec les sacs que j' aime beaucoup n' est pas rond <eos>,12,rond,ronde,10,M,P,rond,-7.404108,ronde,-12.93303,1
8196,S_NOUN_7_ADJ_b,M,S,le clavier avec les sacs que j' aime beaucoup n' est pas froid <eos>,12,froid,froide,10,M,P,froid,-10.95279,froide,-15.085373,1
8197,S_NOUN_7_ADJ_b,M,S,le clavier avec les sacs que j' aime beaucoup n' est pas chaud <eos>,12,chaud,chaude,10,M,P,chaud,-9.968692,chaude,-14.696211,1
8198,S_NOUN_7_ADJ_b,M,S,le clavier avec les sacs que j' aime beaucoup n' est pas important <eos>,12,important,importante,10,M,P,important,-7.4606256,importante,-11.403317,1
8199,S_NOUN_7_ADJ_b,M,S,le clavier avec les sacs que j' aime beaucoup n' est pas court <eos>,12,court,courte,10,M,P,court,-9.617371,courte,-12.776496,1
8200,S_NOUN_7_ADJ_b,M,S,le clavier avec les sacs que j' aime beaucoup n' est pas dur <eos>,12,dur,dure,10,M,P,dur,-8.012379,dure,-11.049646,1
8201,S_NOUN_7_ADJ_b,M,S,le clavier avec les sacs que j' aime beaucoup n' est pas clair <eos>,12,clair,claire,10,M,P,clair,-5.0962834,claire,-8.430879,1
8202,S_NOUN_7_ADJ_b,M,S,le clavier avec les sacs que j' aime beaucoup n' est pas intéressant <eos>,12,intéressant,intéressante,10,M,P,intéressant,-7.9454412,intéressante,-11.105267,1
8203,S_NOUN_7_ADJ_b,M,S,le clavier avec les sacs que j' aime beaucoup n' est pas brillant <eos>,12,brillant,brillante,10,M,P,brillant,-9.074617,brillante,-13.20764,1
8204,S_NOUN_7_ADJ_b,M,S,le clavier avec les sacs que j' aime beaucoup n' est pas compliqué <eos>,12,compliqué,compliquée,10,M,P,compliqué,-8.416606,compliquée,-12.210485,1
8205,S_NOUN_7_ADJ_b,M,S,le clavier avec les claviers que j' aime beaucoup n' est pas vert <eos>,12,vert,verte,10,M,P,vert,-11.7298,verte,-15.089462,1
8206,S_NOUN_7_ADJ_b,M,S,le clavier avec les claviers que j' aime beaucoup n' est pas bleu <eos>,12,bleu,bleue,10,M,P,bleu,-11.26499,bleue,-15.289299,1
8207,S_NOUN_7_ADJ_b,M,S,le clavier avec les claviers que j' aime beaucoup n' est pas noir <eos>,12,noir,noire,10,M,P,noir,-8.466812,noire,-13.769065,1
8208,S_NOUN_7_ADJ_b,M,S,le clavier avec les claviers que j' aime beaucoup n' est pas délicat <eos>,12,délicat,délicate,10,M,P,délicat,-9.241891,délicate,-14.880451,1
8209,S_NOUN_7_ADJ_b,M,S,le clavier avec les claviers que j' aime beaucoup n' est pas pointu <eos>,12,pointu,pointue,10,M,P,pointu,-10.426857,pointue,-15.586157,1
8210,S_NOUN_7_ADJ_b,M,S,le clavier avec les claviers que j' aime beaucoup n' est pas rond <eos>,12,rond,ronde,10,M,P,rond,-8.170574,ronde,-13.187933,1
8211,S_NOUN_7_ADJ_b,M,S,le clavier avec les claviers que j' aime beaucoup n' est pas froid <eos>,12,froid,froide,10,M,P,froid,-11.653603,froide,-16.291557,1
8212,S_NOUN_7_ADJ_b,M,S,le clavier avec les claviers que j' aime beaucoup n' est pas chaud <eos>,12,chaud,chaude,10,M,P,chaud,-10.914867,chaude,-15.697655,1
8213,S_NOUN_7_ADJ_b,M,S,le clavier avec les claviers que j' aime beaucoup n' est pas important <eos>,12,important,importante,10,M,P,important,-7.2798862,importante,-11.261195,1
8214,S_NOUN_7_ADJ_b,M,S,le clavier avec les claviers que j' aime beaucoup n' est pas court <eos>,12,court,courte,10,M,P,court,-9.667907,courte,-12.774301,1
8215,S_NOUN_7_ADJ_b,M,S,le clavier avec les claviers que j' aime beaucoup n' est pas dur <eos>,12,dur,dure,10,M,P,dur,-8.705368,dure,-11.633825,1
8216,S_NOUN_7_ADJ_b,M,S,le clavier avec les claviers que j' aime beaucoup n' est pas clair <eos>,12,clair,claire,10,M,P,clair,-5.7206435,claire,-9.233392,1
8217,S_NOUN_7_ADJ_b,M,S,le clavier avec les claviers que j' aime beaucoup n' est pas intéressant <eos>,12,intéressant,intéressante,10,M,P,intéressant,-8.101216,intéressante,-11.203829,1
8218,S_NOUN_7_ADJ_b,M,S,le clavier avec les claviers que j' aime beaucoup n' est pas brillant <eos>,12,brillant,brillante,10,M,P,brillant,-9.632347,brillante,-13.731001,1
8219,S_NOUN_7_ADJ_b,M,S,le clavier avec les claviers que j' aime beaucoup n' est pas compliqué <eos>,12,compliqué,compliquée,10,M,P,compliqué,-8.324718,compliquée,-11.818613,1
8220,S_NOUN_7_ADJ_b,M,S,le clavier avec les raisins que j' aime beaucoup n' est pas vert <eos>,12,vert,verte,10,M,P,vert,-9.766022,verte,-13.72855,1
8221,S_NOUN_7_ADJ_b,M,S,le clavier avec les raisins que j' aime beaucoup n' est pas bleu <eos>,12,bleu,bleue,10,M,P,bleu,-9.592773,bleue,-13.947202,1
8222,S_NOUN_7_ADJ_b,M,S,le clavier avec les raisins que j' aime beaucoup n' est pas noir <eos>,12,noir,noire,10,M,P,noir,-7.3526764,noire,-12.928077,1
8223,S_NOUN_7_ADJ_b,M,S,le clavier avec les raisins que j' aime beaucoup n' est pas délicat <eos>,12,délicat,délicate,10,M,P,délicat,-8.166054,délicate,-13.7425585,1
8224,S_NOUN_7_ADJ_b,M,S,le clavier avec les raisins que j' aime beaucoup n' est pas pointu <eos>,12,pointu,pointue,10,M,P,pointu,-11.428445,pointue,-16.097916,1
8225,S_NOUN_7_ADJ_b,M,S,le clavier avec les raisins que j' aime beaucoup n' est pas rond <eos>,12,rond,ronde,10,M,P,rond,-7.6956778,ronde,-13.181032,1
8226,S_NOUN_7_ADJ_b,M,S,le clavier avec les raisins que j' aime beaucoup n' est pas froid <eos>,12,froid,froide,10,M,P,froid,-9.946333,froide,-14.214067,1
8227,S_NOUN_7_ADJ_b,M,S,le clavier avec les raisins que j' aime beaucoup n' est pas chaud <eos>,12,chaud,chaude,10,M,P,chaud,-9.460457,chaude,-13.76166,1
8228,S_NOUN_7_ADJ_b,M,S,le clavier avec les raisins que j' aime beaucoup n' est pas important <eos>,12,important,importante,10,M,P,important,-7.534545,importante,-11.24685,1
8229,S_NOUN_7_ADJ_b,M,S,le clavier avec les raisins que j' aime beaucoup n' est pas court <eos>,12,court,courte,10,M,P,court,-10.097019,courte,-13.415531,1
8230,S_NOUN_7_ADJ_b,M,S,le clavier avec les raisins que j' aime beaucoup n' est pas dur <eos>,12,dur,dure,10,M,P,dur,-8.9093895,dure,-10.895948,1
8231,S_NOUN_7_ADJ_b,M,S,le clavier avec les raisins que j' aime beaucoup n' est pas clair <eos>,12,clair,claire,10,M,P,clair,-4.2716074,claire,-7.760064,1
8232,S_NOUN_7_ADJ_b,M,S,le clavier avec les raisins que j' aime beaucoup n' est pas intéressant <eos>,12,intéressant,intéressante,10,M,P,intéressant,-8.237682,intéressante,-11.229538,1
8233,S_NOUN_7_ADJ_b,M,S,le clavier avec les raisins que j' aime beaucoup n' est pas brillant <eos>,12,brillant,brillante,10,M,P,brillant,-9.375281,brillante,-13.487063,1
8234,S_NOUN_7_ADJ_b,M,S,le clavier avec les raisins que j' aime beaucoup n' est pas compliqué <eos>,12,compliqué,compliquée,10,M,P,compliqué,-7.951942,compliquée,-12.008661,1
8235,S_NOUN_7_ADJ_b,M,S,le clavier avec les chargeurs que j' aime beaucoup n' est pas vert <eos>,12,vert,verte,10,M,P,vert,-11.344933,verte,-14.269389,1
8236,S_NOUN_7_ADJ_b,M,S,le clavier avec les chargeurs que j' aime beaucoup n' est pas bleu <eos>,12,bleu,bleue,10,M,P,bleu,-11.061487,bleue,-15.231559,1
8237,S_NOUN_7_ADJ_b,M,S,le clavier avec les chargeurs que j' aime beaucoup n' est pas noir <eos>,12,noir,noire,10,M,P,noir,-8.359678,noire,-13.231731,1
8238,S_NOUN_7_ADJ_b,M,S,le clavier avec les chargeurs que j' aime beaucoup n' est pas délicat <eos>,12,délicat,délicate,10,M,P,délicat,-9.413781,délicate,-15.068832,1
8239,S_NOUN_7_ADJ_b,M,S,le clavier avec les chargeurs que j' aime beaucoup n' est pas pointu <eos>,12,pointu,pointue,10,M,P,pointu,-10.113467,pointue,-15.254984,1
8240,S_NOUN_7_ADJ_b,M,S,le clavier avec les chargeurs que j' aime beaucoup n' est pas rond <eos>,12,rond,ronde,10,M,P,rond,-8.742127,ronde,-12.70995,1
8241,S_NOUN_7_ADJ_b,M,S,le clavier avec les chargeurs que j' aime beaucoup n' est pas froid <eos>,12,froid,froide,10,M,P,froid,-11.906492,froide,-16.181524,1
8242,S_NOUN_7_ADJ_b,M,S,le clavier avec les chargeurs que j' aime beaucoup n' est pas chaud <eos>,12,chaud,chaude,10,M,P,chaud,-11.1176,chaude,-15.882601,1
8243,S_NOUN_7_ADJ_b,M,S,le clavier avec les chargeurs que j' aime beaucoup n' est pas important <eos>,12,important,importante,10,M,P,important,-7.47058,importante,-11.136367,1
8244,S_NOUN_7_ADJ_b,M,S,le clavier avec les chargeurs que j' aime beaucoup n' est pas court <eos>,12,court,courte,10,M,P,court,-9.686749,courte,-12.6045,1
8245,S_NOUN_7_ADJ_b,M,S,le clavier avec les chargeurs que j' aime beaucoup n' est pas dur <eos>,12,dur,dure,10,M,P,dur,-9.154976,dure,-12.272647,1
8246,S_NOUN_7_ADJ_b,M,S,le clavier avec les chargeurs que j' aime beaucoup n' est pas clair <eos>,12,clair,claire,10,M,P,clair,-6.321947,claire,-9.29958,1
8247,S_NOUN_7_ADJ_b,M,S,le clavier avec les chargeurs que j' aime beaucoup n' est pas intéressant <eos>,12,intéressant,intéressante,10,M,P,intéressant,-8.138781,intéressante,-11.347624,1
8248,S_NOUN_7_ADJ_b,M,S,le clavier avec les chargeurs que j' aime beaucoup n' est pas brillant <eos>,12,brillant,brillante,10,M,P,brillant,-9.799116,brillante,-14.037959,1
8249,S_NOUN_7_ADJ_b,M,S,le clavier avec les chargeurs que j' aime beaucoup n' est pas compliqué <eos>,12,compliqué,compliquée,10,M,P,compliqué,-8.372183,compliquée,-12.355947,1
8250,S_NOUN_7_ADJ_b,M,S,le clavier avec les vases que j' aime beaucoup n' est pas vert <eos>,12,vert,verte,10,M,P,vert,-10.042786,verte,-13.299868,1
8251,S_NOUN_7_ADJ_b,M,S,le clavier avec les vases que j' aime beaucoup n' est pas bleu <eos>,12,bleu,bleue,10,M,P,bleu,-9.456873,bleue,-13.646012,1
8252,S_NOUN_7_ADJ_b,M,S,le clavier avec les vases que j' aime beaucoup n' est pas noir <eos>,12,noir,noire,10,M,P,noir,-7.3204794,noire,-12.85114,1
8253,S_NOUN_7_ADJ_b,M,S,le clavier avec les vases que j' aime beaucoup n' est pas délicat <eos>,12,délicat,délicate,10,M,P,délicat,-9.065767,délicate,-13.950671,1
8254,S_NOUN_7_ADJ_b,M,S,le clavier avec les vases que j' aime beaucoup n' est pas pointu <eos>,12,pointu,pointue,10,M,P,pointu,-10.715352,pointue,-15.377233,1
8255,S_NOUN_7_ADJ_b,M,S,le clavier avec les vases que j' aime beaucoup n' est pas rond <eos>,12,rond,ronde,10,M,P,rond,-7.2190304,ronde,-12.362626,1
8256,S_NOUN_7_ADJ_b,M,S,le clavier avec les vases que j' aime beaucoup n' est pas froid <eos>,12,froid,froide,10,M,P,froid,-10.628028,froide,-14.818286,1
8257,S_NOUN_7_ADJ_b,M,S,le clavier avec les vases que j' aime beaucoup n' est pas chaud <eos>,12,chaud,chaude,10,M,P,chaud,-10.005806,chaude,-14.280773,1
8258,S_NOUN_7_ADJ_b,M,S,le clavier avec les vases que j' aime beaucoup n' est pas important <eos>,12,important,importante,10,M,P,important,-7.5421677,importante,-11.300178,1
8259,S_NOUN_7_ADJ_b,M,S,le clavier avec les vases que j' aime beaucoup n' est pas court <eos>,12,court,courte,10,M,P,court,-10.305456,courte,-13.178812,1
8260,S_NOUN_7_ADJ_b,M,S,le clavier avec les vases que j' aime beaucoup n' est pas dur <eos>,12,dur,dure,10,M,P,dur,-9.13099,dure,-11.516745,1
8261,S_NOUN_7_ADJ_b,M,S,le clavier avec les vases que j' aime beaucoup n' est pas clair <eos>,12,clair,claire,10,M,P,clair,-4.5840282,claire,-7.64847,1
8262,S_NOUN_7_ADJ_b,M,S,le clavier avec les vases que j' aime beaucoup n' est pas intéressant <eos>,12,intéressant,intéressante,10,M,P,intéressant,-8.411469,intéressante,-11.352014,1
8263,S_NOUN_7_ADJ_b,M,S,le clavier avec les vases que j' aime beaucoup n' est pas brillant <eos>,12,brillant,brillante,10,M,P,brillant,-8.906251,brillante,-12.947487,1
8264,S_NOUN_7_ADJ_b,M,S,le clavier avec les vases que j' aime beaucoup n' est pas compliqué <eos>,12,compliqué,compliquée,10,M,P,compliqué,-8.510687,compliquée,-12.38018,1
8265,S_NOUN_7_ADJ_b,M,S,le clavier avec les paniers que j' aime beaucoup n' est pas vert <eos>,12,vert,verte,10,M,P,vert,-10.651287,verte,-14.205773,1
8266,S_NOUN_7_ADJ_b,M,S,le clavier avec les paniers que j' aime beaucoup n' est pas bleu <eos>,12,bleu,bleue,10,M,P,bleu,-10.448324,bleue,-14.773361,1
8267,S_NOUN_7_ADJ_b,M,S,le clavier avec les paniers que j' aime beaucoup n' est pas noir <eos>,12,noir,noire,10,M,P,noir,-7.696687,noire,-13.17614,1
8268,S_NOUN_7_ADJ_b,M,S,le clavier avec les paniers que j' aime beaucoup n' est pas délicat <eos>,12,délicat,délicate,10,M,P,délicat,-8.866093,délicate,-14.283243,1
8269,S_NOUN_7_ADJ_b,M,S,le clavier avec les paniers que j' aime beaucoup n' est pas pointu <eos>,12,pointu,pointue,10,M,P,pointu,-9.764417,pointue,-14.966169,1
8270,S_NOUN_7_ADJ_b,M,S,le clavier avec les paniers que j' aime beaucoup n' est pas rond <eos>,12,rond,ronde,10,M,P,rond,-7.5194407,ronde,-12.695124,1
8271,S_NOUN_7_ADJ_b,M,S,le clavier avec les paniers que j' aime beaucoup n' est pas froid <eos>,12,froid,froide,10,M,P,froid,-11.496328,froide,-16.100523,1
8272,S_NOUN_7_ADJ_b,M,S,le clavier avec les paniers que j' aime beaucoup n' est pas chaud <eos>,12,chaud,chaude,10,M,P,chaud,-10.837316,chaude,-15.730616,1
8273,S_NOUN_7_ADJ_b,M,S,le clavier avec les paniers que j' aime beaucoup n' est pas important <eos>,12,important,importante,10,M,P,important,-7.326185,importante,-11.264252,1
8274,S_NOUN_7_ADJ_b,M,S,le clavier avec les paniers que j' aime beaucoup n' est pas court <eos>,12,court,courte,10,M,P,court,-9.412378,courte,-12.557907,1
8275,S_NOUN_7_ADJ_b,M,S,le clavier avec les paniers que j' aime beaucoup n' est pas dur <eos>,12,dur,dure,10,M,P,dur,-8.284531,dure,-11.348315,1
8276,S_NOUN_7_ADJ_b,M,S,le clavier avec les paniers que j' aime beaucoup n' est pas clair <eos>,12,clair,claire,10,M,P,clair,-5.3845854,claire,-8.772211,1
8277,S_NOUN_7_ADJ_b,M,S,le clavier avec les paniers que j' aime beaucoup n' est pas intéressant <eos>,12,intéressant,intéressante,10,M,P,intéressant,-8.2000475,intéressante,-11.748861,1
8278,S_NOUN_7_ADJ_b,M,S,le clavier avec les paniers que j' aime beaucoup n' est pas brillant <eos>,12,brillant,brillante,10,M,P,brillant,-9.120872,brillante,-13.325774,1
8279,S_NOUN_7_ADJ_b,M,S,le clavier avec les paniers que j' aime beaucoup n' est pas compliqué <eos>,12,compliqué,compliquée,10,M,P,compliqué,-8.243556,compliquée,-12.047859,1
8280,S_NOUN_7_ADJ_b,M,S,le clavier avec les colliers que j' aime beaucoup n' est pas vert <eos>,12,vert,verte,10,M,P,vert,-10.38743,verte,-13.414068,1
8281,S_NOUN_7_ADJ_b,M,S,le clavier avec les colliers que j' aime beaucoup n' est pas bleu <eos>,12,bleu,bleue,10,M,P,bleu,-9.682692,bleue,-14.081607,1
8282,S_NOUN_7_ADJ_b,M,S,le clavier avec les colliers que j' aime beaucoup n' est pas noir <eos>,12,noir,noire,10,M,P,noir,-7.187246,noire,-12.551653,1
8283,S_NOUN_7_ADJ_b,M,S,le clavier avec les colliers que j' aime beaucoup n' est pas délicat <eos>,12,délicat,délicate,10,M,P,délicat,-8.854456,délicate,-14.019684,1
8284,S_NOUN_7_ADJ_b,M,S,le clavier avec les colliers que j' aime beaucoup n' est pas pointu <eos>,12,pointu,pointue,10,M,P,pointu,-9.898667,pointue,-15.217722,1
8285,S_NOUN_7_ADJ_b,M,S,le clavier avec les colliers que j' aime beaucoup n' est pas rond <eos>,12,rond,ronde,10,M,P,rond,-7.536895,ronde,-12.842951,1
8286,S_NOUN_7_ADJ_b,M,S,le clavier avec les colliers que j' aime beaucoup n' est pas froid <eos>,12,froid,froide,10,M,P,froid,-11.326889,froide,-15.435174,1
8287,S_NOUN_7_ADJ_b,M,S,le clavier avec les colliers que j' aime beaucoup n' est pas chaud <eos>,12,chaud,chaude,10,M,P,chaud,-10.62086,chaude,-15.588328,1
8288,S_NOUN_7_ADJ_b,M,S,le clavier avec les colliers que j' aime beaucoup n' est pas important <eos>,12,important,importante,10,M,P,important,-7.795454,importante,-11.813903,1
8289,S_NOUN_7_ADJ_b,M,S,le clavier avec les colliers que j' aime beaucoup n' est pas court <eos>,12,court,courte,10,M,P,court,-9.6974,courte,-13.01105,1
8290,S_NOUN_7_ADJ_b,M,S,le clavier avec les colliers que j' aime beaucoup n' est pas dur <eos>,12,dur,dure,10,M,P,dur,-8.228384,dure,-11.598804,1
8291,S_NOUN_7_ADJ_b,M,S,le clavier avec les colliers que j' aime beaucoup n' est pas clair <eos>,12,clair,claire,10,M,P,clair,-5.1660924,claire,-8.699627,1
8292,S_NOUN_7_ADJ_b,M,S,le clavier avec les colliers que j' aime beaucoup n' est pas intéressant <eos>,12,intéressant,intéressante,10,M,P,intéressant,-8.110168,intéressante,-11.970804,1
8293,S_NOUN_7_ADJ_b,M,S,le clavier avec les colliers que j' aime beaucoup n' est pas brillant <eos>,12,brillant,brillante,10,M,P,brillant,-8.397701,brillante,-12.554099,1
8294,S_NOUN_7_ADJ_b,M,S,le clavier avec les colliers que j' aime beaucoup n' est pas compliqué <eos>,12,compliqué,compliquée,10,M,P,compliqué,-8.063652,compliquée,-12.012384,1
8295,S_NOUN_7_ADJ_b,M,S,le clavier avec les chapeaux que j' aime beaucoup n' est pas vert <eos>,12,vert,verte,10,M,P,vert,-10.341766,verte,-13.715101,1
8296,S_NOUN_7_ADJ_b,M,S,le clavier avec les chapeaux que j' aime beaucoup n' est pas bleu <eos>,12,bleu,bleue,10,M,P,bleu,-9.785251,bleue,-14.219257,1
8297,S_NOUN_7_ADJ_b,M,S,le clavier avec les chapeaux que j' aime beaucoup n' est pas noir <eos>,12,noir,noire,10,M,P,noir,-7.274247,noire,-12.554412,1
8298,S_NOUN_7_ADJ_b,M,S,le clavier avec les chapeaux que j' aime beaucoup n' est pas délicat <eos>,12,délicat,délicate,10,M,P,délicat,-9.00586,délicate,-14.540395,1
8299,S_NOUN_7_ADJ_b,M,S,le clavier avec les chapeaux que j' aime beaucoup n' est pas pointu <eos>,12,pointu,pointue,10,M,P,pointu,-10.150906,pointue,-15.341688,1
8300,S_NOUN_7_ADJ_b,M,S,le clavier avec les chapeaux que j' aime beaucoup n' est pas rond <eos>,12,rond,ronde,10,M,P,rond,-7.4320817,ronde,-12.475065,1
8301,S_NOUN_7_ADJ_b,M,S,le clavier avec les chapeaux que j' aime beaucoup n' est pas froid <eos>,12,froid,froide,10,M,P,froid,-11.134361,froide,-15.4362545,1
8302,S_NOUN_7_ADJ_b,M,S,le clavier avec les chapeaux que j' aime beaucoup n' est pas chaud <eos>,12,chaud,chaude,10,M,P,chaud,-10.543584,chaude,-15.308973,1
8303,S_NOUN_7_ADJ_b,M,S,le clavier avec les chapeaux que j' aime beaucoup n' est pas important <eos>,12,important,importante,10,M,P,important,-7.713728,importante,-11.646453,1
8304,S_NOUN_7_ADJ_b,M,S,le clavier avec les chapeaux que j' aime beaucoup n' est pas court <eos>,12,court,courte,10,M,P,court,-9.607662,courte,-13.066386,1
8305,S_NOUN_7_ADJ_b,M,S,le clavier avec les chapeaux que j' aime beaucoup n' est pas dur <eos>,12,dur,dure,10,M,P,dur,-8.402893,dure,-11.297503,1
8306,S_NOUN_7_ADJ_b,M,S,le clavier avec les chapeaux que j' aime beaucoup n' est pas clair <eos>,12,clair,claire,10,M,P,clair,-5.237853,claire,-8.644483,1
8307,S_NOUN_7_ADJ_b,M,S,le clavier avec les chapeaux que j' aime beaucoup n' est pas intéressant <eos>,12,intéressant,intéressante,10,M,P,intéressant,-8.163689,intéressante,-11.889783,1
8308,S_NOUN_7_ADJ_b,M,S,le clavier avec les chapeaux que j' aime beaucoup n' est pas brillant <eos>,12,brillant,brillante,10,M,P,brillant,-9.178911,brillante,-13.215651,1
8309,S_NOUN_7_ADJ_b,M,S,le clavier avec les chapeaux que j' aime beaucoup n' est pas compliqué <eos>,12,compliqué,compliquée,10,M,P,compliqué,-8.406918,compliquée,-12.465099,1
8310,S_NOUN_7_ADJ_b,M,S,le clavier avec les pots que j' aime beaucoup n' est pas vert <eos>,12,vert,verte,10,M,P,vert,-10.060722,verte,-13.591763,1
8311,S_NOUN_7_ADJ_b,M,S,le clavier avec les pots que j' aime beaucoup n' est pas bleu <eos>,12,bleu,bleue,10,M,P,bleu,-9.73922,bleue,-14.034341,1
8312,S_NOUN_7_ADJ_b,M,S,le clavier avec les pots que j' aime beaucoup n' est pas noir <eos>,12,noir,noire,10,M,P,noir,-7.2413244,noire,-12.725002,1
8313,S_NOUN_7_ADJ_b,M,S,le clavier avec les pots que j' aime beaucoup n' est pas délicat <eos>,12,délicat,délicate,10,M,P,délicat,-8.8066,délicate,-14.255424,1
8314,S_NOUN_7_ADJ_b,M,S,le clavier avec les pots que j' aime beaucoup n' est pas pointu <eos>,12,pointu,pointue,10,M,P,pointu,-11.046293,pointue,-15.965565,1
8315,S_NOUN_7_ADJ_b,M,S,le clavier avec les pots que j' aime beaucoup n' est pas rond <eos>,12,rond,ronde,10,M,P,rond,-7.816803,ronde,-12.868863,1
8316,S_NOUN_7_ADJ_b,M,S,le clavier avec les pots que j' aime beaucoup n' est pas froid <eos>,12,froid,froide,10,M,P,froid,-10.2498,froide,-14.224604,1
8317,S_NOUN_7_ADJ_b,M,S,le clavier avec les pots que j' aime beaucoup n' est pas chaud <eos>,12,chaud,chaude,10,M,P,chaud,-9.7465925,chaude,-14.2153425,1
8318,S_NOUN_7_ADJ_b,M,S,le clavier avec les pots que j' aime beaucoup n' est pas important <eos>,12,important,importante,10,M,P,important,-7.8848033,importante,-11.866787,1
8319,S_NOUN_7_ADJ_b,M,S,le clavier avec les pots que j' aime beaucoup n' est pas court <eos>,12,court,courte,10,M,P,court,-10.155375,courte,-13.367092,1
8320,S_NOUN_7_ADJ_b,M,S,le clavier avec les pots que j' aime beaucoup n' est pas dur <eos>,12,dur,dure,10,M,P,dur,-8.049848,dure,-10.97601,1
8321,S_NOUN_7_ADJ_b,M,S,le clavier avec les pots que j' aime beaucoup n' est pas clair <eos>,12,clair,claire,10,M,P,clair,-5.0077133,claire,-8.327466,1
8322,S_NOUN_7_ADJ_b,M,S,le clavier avec les pots que j' aime beaucoup n' est pas intéressant <eos>,12,intéressant,intéressante,10,M,P,intéressant,-8.364668,intéressante,-11.414028,1
8323,S_NOUN_7_ADJ_b,M,S,le clavier avec les pots que j' aime beaucoup n' est pas brillant <eos>,12,brillant,brillante,10,M,P,brillant,-9.188713,brillante,-13.334473,1
8324,S_NOUN_7_ADJ_b,M,S,le clavier avec les pots que j' aime beaucoup n' est pas compliqué <eos>,12,compliqué,compliquée,10,M,P,compliqué,-8.192312,compliquée,-12.17251,1
8325,S_NOUN_7_ADJ_b,M,S,le clavier avec les coussins que j' aime beaucoup n' est pas vert <eos>,12,vert,verte,10,M,P,vert,-10.823936,verte,-13.866459,1
8326,S_NOUN_7_ADJ_b,M,S,le clavier avec les coussins que j' aime beaucoup n' est pas bleu <eos>,12,bleu,bleue,10,M,P,bleu,-10.601454,bleue,-14.4156,1
8327,S_NOUN_7_ADJ_b,M,S,le clavier avec les coussins que j' aime beaucoup n' est pas noir <eos>,12,noir,noire,10,M,P,noir,-7.9922647,noire,-13.140024,1
8328,S_NOUN_7_ADJ_b,M,S,le clavier avec les coussins que j' aime beaucoup n' est pas délicat <eos>,12,délicat,délicate,10,M,P,délicat,-9.41888,délicate,-14.415907,1
8329,S_NOUN_7_ADJ_b,M,S,le clavier avec les coussins que j' aime beaucoup n' est pas pointu <eos>,12,pointu,pointue,10,M,P,pointu,-9.870485,pointue,-15.13476,1
8330,S_NOUN_7_ADJ_b,M,S,le clavier avec les coussins que j' aime beaucoup n' est pas rond <eos>,12,rond,ronde,10,M,P,rond,-7.4982038,ronde,-13.0598755,1
8331,S_NOUN_7_ADJ_b,M,S,le clavier avec les coussins que j' aime beaucoup n' est pas froid <eos>,12,froid,froide,10,M,P,froid,-11.700057,froide,-16.17139,1
8332,S_NOUN_7_ADJ_b,M,S,le clavier avec les coussins que j' aime beaucoup n' est pas chaud <eos>,12,chaud,chaude,10,M,P,chaud,-10.771912,chaude,-15.591035,1
8333,S_NOUN_7_ADJ_b,M,S,le clavier avec les coussins que j' aime beaucoup n' est pas important <eos>,12,important,importante,10,M,P,important,-7.7210274,importante,-11.530425,1
8334,S_NOUN_7_ADJ_b,M,S,le clavier avec les coussins que j' aime beaucoup n' est pas court <eos>,12,court,courte,10,M,P,court,-9.997042,courte,-13.080111,1
8335,S_NOUN_7_ADJ_b,M,S,le clavier avec les coussins que j' aime beaucoup n' est pas dur <eos>,12,dur,dure,10,M,P,dur,-9.031005,dure,-11.8394165,1
8336,S_NOUN_7_ADJ_b,M,S,le clavier avec les coussins que j' aime beaucoup n' est pas clair <eos>,12,clair,claire,10,M,P,clair,-5.873826,claire,-8.773691,1
8337,S_NOUN_7_ADJ_b,M,S,le clavier avec les coussins que j' aime beaucoup n' est pas intéressant <eos>,12,intéressant,intéressante,10,M,P,intéressant,-8.608013,intéressante,-11.670477,1
8338,S_NOUN_7_ADJ_b,M,S,le clavier avec les coussins que j' aime beaucoup n' est pas brillant <eos>,12,brillant,brillante,10,M,P,brillant,-9.432684,brillante,-13.611746,1
8339,S_NOUN_7_ADJ_b,M,S,le clavier avec les coussins que j' aime beaucoup n' est pas compliqué <eos>,12,compliqué,compliquée,10,M,P,compliqué,-8.598071,compliquée,-11.987564,1
8340,S_NOUN_7_ADJ_b,M,S,le clavier avec les jouets que j' aime beaucoup n' est pas vert <eos>,12,vert,verte,10,M,P,vert,-10.861567,verte,-13.947232,1
8341,S_NOUN_7_ADJ_b,M,S,le clavier avec les jouets que j' aime beaucoup n' est pas bleu <eos>,12,bleu,bleue,10,M,P,bleu,-10.462179,bleue,-14.426094,1
8342,S_NOUN_7_ADJ_b,M,S,le clavier avec les jouets que j' aime beaucoup n' est pas noir <eos>,12,noir,noire,10,M,P,noir,-7.562319,noire,-12.839081,1
8343,S_NOUN_7_ADJ_b,M,S,le clavier avec les jouets que j' aime beaucoup n' est pas délicat <eos>,12,délicat,délicate,10,M,P,délicat,-9.438612,délicate,-14.725549,1
8344,S_NOUN_7_ADJ_b,M,S,le clavier avec les jouets que j' aime beaucoup n' est pas pointu <eos>,12,pointu,pointue,10,M,P,pointu,-10.884495,pointue,-15.824919,1
8345,S_NOUN_7_ADJ_b,M,S,le clavier avec les jouets que j' aime beaucoup n' est pas rond <eos>,12,rond,ronde,10,M,P,rond,-8.006077,ronde,-12.877685,1
8346,S_NOUN_7_ADJ_b,M,S,le clavier avec les jouets que j' aime beaucoup n' est pas froid <eos>,12,froid,froide,10,M,P,froid,-10.6951065,froide,-14.855132,1
8347,S_NOUN_7_ADJ_b,M,S,le clavier avec les jouets que j' aime beaucoup n' est pas chaud <eos>,12,chaud,chaude,10,M,P,chaud,-10.226055,chaude,-14.86691,1
8348,S_NOUN_7_ADJ_b,M,S,le clavier avec les jouets que j' aime beaucoup n' est pas important <eos>,12,important,importante,10,M,P,important,-7.791623,importante,-11.642644,1
8349,S_NOUN_7_ADJ_b,M,S,le clavier avec les jouets que j' aime beaucoup n' est pas court <eos>,12,court,courte,10,M,P,court,-9.906008,courte,-13.2787075,1
8350,S_NOUN_7_ADJ_b,M,S,le clavier avec les jouets que j' aime beaucoup n' est pas dur <eos>,12,dur,dure,10,M,P,dur,-8.681871,dure,-11.585628,1
8351,S_NOUN_7_ADJ_b,M,S,le clavier avec les jouets que j' aime beaucoup n' est pas clair <eos>,12,clair,claire,10,M,P,clair,-5.7840466,claire,-8.761372,1
8352,S_NOUN_7_ADJ_b,M,S,le clavier avec les jouets que j' aime beaucoup n' est pas intéressant <eos>,12,intéressant,intéressante,10,M,P,intéressant,-8.15438,intéressante,-11.205344,1
8353,S_NOUN_7_ADJ_b,M,S,le clavier avec les jouets que j' aime beaucoup n' est pas brillant <eos>,12,brillant,brillante,10,M,P,brillant,-9.88534,brillante,-13.680755,1
8354,S_NOUN_7_ADJ_b,M,S,le clavier avec les jouets que j' aime beaucoup n' est pas compliqué <eos>,12,compliqué,compliquée,10,M,P,compliqué,-8.568381,compliquée,-12.016322,1
8355,S_NOUN_7_ADJ_b,M,S,le clavier avec les clous que j' aime beaucoup n' est pas vert <eos>,12,vert,verte,10,M,P,vert,-10.422267,verte,-14.1385,1
8356,S_NOUN_7_ADJ_b,M,S,le clavier avec les clous que j' aime beaucoup n' est pas bleu <eos>,12,bleu,bleue,10,M,P,bleu,-10.106488,bleue,-14.928961,1
8357,S_NOUN_7_ADJ_b,M,S,le clavier avec les clous que j' aime beaucoup n' est pas noir <eos>,12,noir,noire,10,M,P,noir,-7.5818577,noire,-13.012253,1
8358,S_NOUN_7_ADJ_b,M,S,le clavier avec les clous que j' aime beaucoup n' est pas délicat <eos>,12,délicat,délicate,10,M,P,délicat,-8.829993,délicate,-14.122088,1
8359,S_NOUN_7_ADJ_b,M,S,le clavier avec les clous que j' aime beaucoup n' est pas pointu <eos>,12,pointu,pointue,10,M,P,pointu,-9.761898,pointue,-14.885795,1
8360,S_NOUN_7_ADJ_b,M,S,le clavier avec les clous que j' aime beaucoup n' est pas rond <eos>,12,rond,ronde,10,M,P,rond,-7.1422157,ronde,-12.752784,1
8361,S_NOUN_7_ADJ_b,M,S,le clavier avec les clous que j' aime beaucoup n' est pas froid <eos>,12,froid,froide,10,M,P,froid,-11.4179325,froide,-16.15733,1
8362,S_NOUN_7_ADJ_b,M,S,le clavier avec les clous que j' aime beaucoup n' est pas chaud <eos>,12,chaud,chaude,10,M,P,chaud,-10.577117,chaude,-15.557278,1
8363,S_NOUN_7_ADJ_b,M,S,le clavier avec les clous que j' aime beaucoup n' est pas important <eos>,12,important,importante,10,M,P,important,-7.5509825,importante,-11.511668,1
8364,S_NOUN_7_ADJ_b,M,S,le clavier avec les clous que j' aime beaucoup n' est pas court <eos>,12,court,courte,10,M,P,court,-9.149059,courte,-12.770187,1
8365,S_NOUN_7_ADJ_b,M,S,le clavier avec les clous que j' aime beaucoup n' est pas dur <eos>,12,dur,dure,10,M,P,dur,-8.1226,dure,-11.166987,1
8366,S_NOUN_7_ADJ_b,M,S,le clavier avec les clous que j' aime beaucoup n' est pas clair <eos>,12,clair,claire,10,M,P,clair,-5.433816,claire,-8.831937,1
8367,S_NOUN_7_ADJ_b,M,S,le clavier avec les clous que j' aime beaucoup n' est pas intéressant <eos>,12,intéressant,intéressante,10,M,P,intéressant,-8.305735,intéressante,-12.027,1
8368,S_NOUN_7_ADJ_b,M,S,le clavier avec les clous que j' aime beaucoup n' est pas brillant <eos>,12,brillant,brillante,10,M,P,brillant,-8.973036,brillante,-13.718246,1
8369,S_NOUN_7_ADJ_b,M,S,le clavier avec les clous que j' aime beaucoup n' est pas compliqué <eos>,12,compliqué,compliquée,10,M,P,compliqué,-8.410358,compliquée,-12.364893,1
8370,S_NOUN_7_ADJ_b,M,S,le clavier avec les billets que j' aime beaucoup n' est pas vert <eos>,12,vert,verte,10,M,P,vert,-10.59908,verte,-14.00056,1
8371,S_NOUN_7_ADJ_b,M,S,le clavier avec les billets que j' aime beaucoup n' est pas bleu <eos>,12,bleu,bleue,10,M,P,bleu,-10.062913,bleue,-14.431443,1
8372,S_NOUN_7_ADJ_b,M,S,le clavier avec les billets que j' aime beaucoup n' est pas noir <eos>,12,noir,noire,10,M,P,noir,-7.5607824,noire,-13.256792,1
8373,S_NOUN_7_ADJ_b,M,S,le clavier avec les billets que j' aime beaucoup n' est pas délicat <eos>,12,délicat,délicate,10,M,P,délicat,-9.466156,délicate,-15.486424,1
8374,S_NOUN_7_ADJ_b,M,S,le clavier avec les billets que j' aime beaucoup n' est pas pointu <eos>,12,pointu,pointue,10,M,P,pointu,-10.616355,pointue,-15.709961,1
8375,S_NOUN_7_ADJ_b,M,S,le clavier avec les billets que j' aime beaucoup n' est pas rond <eos>,12,rond,ronde,10,M,P,rond,-7.6303654,ronde,-12.824046,1
8376,S_NOUN_7_ADJ_b,M,S,le clavier avec les billets que j' aime beaucoup n' est pas froid <eos>,12,froid,froide,10,M,P,froid,-11.190914,froide,-15.681702,1
8377,S_NOUN_7_ADJ_b,M,S,le clavier avec les billets que j' aime beaucoup n' est pas chaud <eos>,12,chaud,chaude,10,M,P,chaud,-10.41196,chaude,-15.288967,1
8378,S_NOUN_7_ADJ_b,M,S,le clavier avec les billets que j' aime beaucoup n' est pas important <eos>,12,important,importante,10,M,P,important,-7.470315,importante,-11.521878,1
8379,S_NOUN_7_ADJ_b,M,S,le clavier avec les billets que j' aime beaucoup n' est pas court <eos>,12,court,courte,10,M,P,court,-9.340061,courte,-13.089981,1
8380,S_NOUN_7_ADJ_b,M,S,le clavier avec les billets que j' aime beaucoup n' est pas dur <eos>,12,dur,dure,10,M,P,dur,-8.672847,dure,-11.689762,1
8381,S_NOUN_7_ADJ_b,M,S,le clavier avec les billets que j' aime beaucoup n' est pas clair <eos>,12,clair,claire,10,M,P,clair,-5.5778236,claire,-9.263234,1
8382,S_NOUN_7_ADJ_b,M,S,le clavier avec les billets que j' aime beaucoup n' est pas intéressant <eos>,12,intéressant,intéressante,10,M,P,intéressant,-8.00218,intéressante,-11.608179,1
8383,S_NOUN_7_ADJ_b,M,S,le clavier avec les billets que j' aime beaucoup n' est pas brillant <eos>,12,brillant,brillante,10,M,P,brillant,-9.740982,brillante,-13.677193,1
8384,S_NOUN_7_ADJ_b,M,S,le clavier avec les billets que j' aime beaucoup n' est pas compliqué <eos>,12,compliqué,compliquée,10,M,P,compliqué,-8.668373,compliquée,-13.061736,1
8385,S_NOUN_7_ADJ_b,M,S,le clavier avec les légumes que j' aime beaucoup n' est pas vert <eos>,12,vert,verte,10,M,P,vert,-10.295949,verte,-13.758722,1
8386,S_NOUN_7_ADJ_b,M,S,le clavier avec les légumes que j' aime beaucoup n' est pas bleu <eos>,12,bleu,bleue,10,M,P,bleu,-10.299435,bleue,-14.552795,1
8387,S_NOUN_7_ADJ_b,M,S,le clavier avec les légumes que j' aime beaucoup n' est pas noir <eos>,12,noir,noire,10,M,P,noir,-7.636323,noire,-13.156785,1
8388,S_NOUN_7_ADJ_b,M,S,le clavier avec les légumes que j' aime beaucoup n' est pas délicat <eos>,12,délicat,délicate,10,M,P,délicat,-8.293026,délicate,-13.850162,1
8389,S_NOUN_7_ADJ_b,M,S,le clavier avec les légumes que j' aime beaucoup n' est pas pointu <eos>,12,pointu,pointue,10,M,P,pointu,-10.619122,pointue,-15.726189,1
8390,S_NOUN_7_ADJ_b,M,S,le clavier avec les légumes que j' aime beaucoup n' est pas rond <eos>,12,rond,ronde,10,M,P,rond,-7.7784104,ronde,-12.610868,1
8391,S_NOUN_7_ADJ_b,M,S,le clavier avec les légumes que j' aime beaucoup n' est pas froid <eos>,12,froid,froide,10,M,P,froid,-10.2060175,froide,-14.784184,1
8392,S_NOUN_7_ADJ_b,M,S,le clavier avec les légumes que j' aime beaucoup n' est pas chaud <eos>,12,chaud,chaude,10,M,P,chaud,-9.749594,chaude,-14.557792,1
8393,S_NOUN_7_ADJ_b,M,S,le clavier avec les légumes que j' aime beaucoup n' est pas important <eos>,12,important,importante,10,M,P,important,-7.5067306,importante,-11.344662,1
8394,S_NOUN_7_ADJ_b,M,S,le clavier avec les légumes que j' aime beaucoup n' est pas court <eos>,12,court,courte,10,M,P,court,-9.758816,courte,-12.904335,1
8395,S_NOUN_7_ADJ_b,M,S,le clavier avec les légumes que j' aime beaucoup n' est pas dur <eos>,12,dur,dure,10,M,P,dur,-8.015422,dure,-11.177894,1
8396,S_NOUN_7_ADJ_b,M,S,le clavier avec les légumes que j' aime beaucoup n' est pas clair <eos>,12,clair,claire,10,M,P,clair,-4.9765263,claire,-8.35214,1
8397,S_NOUN_7_ADJ_b,M,S,le clavier avec les légumes que j' aime beaucoup n' est pas intéressant <eos>,12,intéressant,intéressante,10,M,P,intéressant,-8.030832,intéressante,-10.747555,1
8398,S_NOUN_7_ADJ_b,M,S,le clavier avec les légumes que j' aime beaucoup n' est pas brillant <eos>,12,brillant,brillante,10,M,P,brillant,-9.111399,brillante,-13.618353,1
8399,S_NOUN_7_ADJ_b,M,S,le clavier avec les légumes que j' aime beaucoup n' est pas compliqué <eos>,12,compliqué,compliquée,10,M,P,compliqué,-8.171616,compliquée,-11.950846,1
8400,S_NOUN_7_ADJ_b,M,S,le raisin avec les bracelets que j' aime beaucoup n' est pas vert <eos>,12,vert,verte,10,M,P,vert,-8.096688,verte,-12.430584,1
8401,S_NOUN_7_ADJ_b,M,S,le raisin avec les bracelets que j' aime beaucoup n' est pas bleu <eos>,12,bleu,bleue,10,M,P,bleu,-8.138341,bleue,-13.405212,1
8402,S_NOUN_7_ADJ_b,M,S,le raisin avec les bracelets que j' aime beaucoup n' est pas noir <eos>,12,noir,noire,10,M,P,noir,-6.2167187,noire,-12.277402,1
8403,S_NOUN_7_ADJ_b,M,S,le raisin avec les bracelets que j' aime beaucoup n' est pas délicat <eos>,12,délicat,délicate,10,M,P,délicat,-9.264144,délicate,-14.066593,1
8404,S_NOUN_7_ADJ_b,M,S,le raisin avec les bracelets que j' aime beaucoup n' est pas pointu <eos>,12,pointu,pointue,10,M,P,pointu,-10.549351,pointue,-14.971135,1
8405,S_NOUN_7_ADJ_b,M,S,le raisin avec les bracelets que j' aime beaucoup n' est pas rond <eos>,12,rond,ronde,10,M,P,rond,-7.050709,ronde,-13.076528,1
8406,S_NOUN_7_ADJ_b,M,S,le raisin avec les bracelets que j' aime beaucoup n' est pas froid <eos>,12,froid,froide,10,M,P,froid,-8.867233,froide,-13.448642,1
8407,S_NOUN_7_ADJ_b,M,S,le raisin avec les bracelets que j' aime beaucoup n' est pas chaud <eos>,12,chaud,chaude,10,M,P,chaud,-8.383759,chaude,-12.308344,1
8408,S_NOUN_7_ADJ_b,M,S,le raisin avec les bracelets que j' aime beaucoup n' est pas important <eos>,12,important,importante,10,M,P,important,-7.775513,importante,-11.141493,1
8409,S_NOUN_7_ADJ_b,M,S,le raisin avec les bracelets que j' aime beaucoup n' est pas court <eos>,12,court,courte,10,M,P,court,-9.851126,courte,-13.289283,1
8410,S_NOUN_7_ADJ_b,M,S,le raisin avec les bracelets que j' aime beaucoup n' est pas dur <eos>,12,dur,dure,10,M,P,dur,-9.228092,dure,-11.263087,1
8411,S_NOUN_7_ADJ_b,M,S,le raisin avec les bracelets que j' aime beaucoup n' est pas clair <eos>,12,clair,claire,10,M,P,clair,-5.066518,claire,-8.089604,1
8412,S_NOUN_7_ADJ_b,M,S,le raisin avec les bracelets que j' aime beaucoup n' est pas intéressant <eos>,12,intéressant,intéressante,10,M,P,intéressant,-8.818585,intéressante,-12.530712,1
8413,S_NOUN_7_ADJ_b,M,S,le raisin avec les bracelets que j' aime beaucoup n' est pas brillant <eos>,12,brillant,brillante,10,M,P,brillant,-8.569866,brillante,-12.753104,1
8414,S_NOUN_7_ADJ_b,M,S,le raisin avec les bracelets que j' aime beaucoup n' est pas compliqué <eos>,12,compliqué,compliquée,10,M,P,compliqué,-9.64935,compliquée,-13.71804,1
8415,S_NOUN_7_ADJ_b,M,S,le raisin avec les miroirs que j' aime beaucoup n' est pas vert <eos>,12,vert,verte,10,M,P,vert,-7.6953454,verte,-11.828201,1
8416,S_NOUN_7_ADJ_b,M,S,le raisin avec les miroirs que j' aime beaucoup n' est pas bleu <eos>,12,bleu,bleue,10,M,P,bleu,-8.085799,bleue,-13.201948,1
8417,S_NOUN_7_ADJ_b,M,S,le raisin avec les miroirs que j' aime beaucoup n' est pas noir <eos>,12,noir,noire,10,M,P,noir,-6.4853697,noire,-12.429631,1
8418,S_NOUN_7_ADJ_b,M,S,le raisin avec les miroirs que j' aime beaucoup n' est pas délicat <eos>,12,délicat,délicate,10,M,P,délicat,-9.000916,délicate,-13.781656,1
8419,S_NOUN_7_ADJ_b,M,S,le raisin avec les miroirs que j' aime beaucoup n' est pas pointu <eos>,12,pointu,pointue,10,M,P,pointu,-11.565758,pointue,-15.093159,1
8420,S_NOUN_7_ADJ_b,M,S,le raisin avec les miroirs que j' aime beaucoup n' est pas rond <eos>,12,rond,ronde,10,M,P,rond,-7.091768,ronde,-13.863955,1
8421,S_NOUN_7_ADJ_b,M,S,le raisin avec les miroirs que j' aime beaucoup n' est pas froid <eos>,12,froid,froide,10,M,P,froid,-8.778069,froide,-12.850045,1
8422,S_NOUN_7_ADJ_b,M,S,le raisin avec les miroirs que j' aime beaucoup n' est pas chaud <eos>,12,chaud,chaude,10,M,P,chaud,-8.051384,chaude,-11.751741,1
8423,S_NOUN_7_ADJ_b,M,S,le raisin avec les miroirs que j' aime beaucoup n' est pas important <eos>,12,important,importante,10,M,P,important,-7.937338,importante,-11.357964,1
8424,S_NOUN_7_ADJ_b,M,S,le raisin avec les miroirs que j' aime beaucoup n' est pas court <eos>,12,court,courte,10,M,P,court,-10.665481,courte,-14.38605,1
8425,S_NOUN_7_ADJ_b,M,S,le raisin avec les miroirs que j' aime beaucoup n' est pas dur <eos>,12,dur,dure,10,M,P,dur,-8.59938,dure,-11.257318,1
8426,S_NOUN_7_ADJ_b,M,S,le raisin avec les miroirs que j' aime beaucoup n' est pas clair <eos>,12,clair,claire,10,M,P,clair,-5.009079,claire,-8.438335,1
8427,S_NOUN_7_ADJ_b,M,S,le raisin avec les miroirs que j' aime beaucoup n' est pas intéressant <eos>,12,intéressant,intéressante,10,M,P,intéressant,-8.673153,intéressante,-12.187421,1
8428,S_NOUN_7_ADJ_b,M,S,le raisin avec les miroirs que j' aime beaucoup n' est pas brillant <eos>,12,brillant,brillante,10,M,P,brillant,-8.340527,brillante,-12.697271,1
8429,S_NOUN_7_ADJ_b,M,S,le raisin avec les miroirs que j' aime beaucoup n' est pas compliqué <eos>,12,compliqué,compliquée,10,M,P,compliqué,-9.495281,compliquée,-13.715139,1
8430,S_NOUN_7_ADJ_b,M,S,le raisin avec les crayons que j' aime beaucoup n' est pas vert <eos>,12,vert,verte,10,M,P,vert,-7.337016,verte,-12.575099,1
8431,S_NOUN_7_ADJ_b,M,S,le raisin avec les crayons que j' aime beaucoup n' est pas bleu <eos>,12,bleu,bleue,10,M,P,bleu,-7.910436,bleue,-13.520491,1
8432,S_NOUN_7_ADJ_b,M,S,le raisin avec les crayons que j' aime beaucoup n' est pas noir <eos>,12,noir,noire,10,M,P,noir,-6.0630317,noire,-12.730928,1
8433,S_NOUN_7_ADJ_b,M,S,le raisin avec les crayons que j' aime beaucoup n' est pas délicat <eos>,12,délicat,délicate,10,M,P,délicat,-8.8290205,délicate,-13.76558,1
8434,S_NOUN_7_ADJ_b,M,S,le raisin avec les crayons que j' aime beaucoup n' est pas pointu <eos>,12,pointu,pointue,10,M,P,pointu,-12.334313,pointue,-15.686537,1
8435,S_NOUN_7_ADJ_b,M,S,le raisin avec les crayons que j' aime beaucoup n' est pas rond <eos>,12,rond,ronde,10,M,P,rond,-7.3522005,ronde,-14.225548,1
8436,S_NOUN_7_ADJ_b,M,S,le raisin avec les crayons que j' aime beaucoup n' est pas froid <eos>,12,froid,froide,10,M,P,froid,-8.670587,froide,-13.244017,1
8437,S_NOUN_7_ADJ_b,M,S,le raisin avec les crayons que j' aime beaucoup n' est pas chaud <eos>,12,chaud,chaude,10,M,P,chaud,-7.832793,chaude,-12.49823,1
8438,S_NOUN_7_ADJ_b,M,S,le raisin avec les crayons que j' aime beaucoup n' est pas important <eos>,12,important,importante,10,M,P,important,-7.8534775,importante,-11.175044,1
8439,S_NOUN_7_ADJ_b,M,S,le raisin avec les crayons que j' aime beaucoup n' est pas court <eos>,12,court,courte,10,M,P,court,-10.634172,courte,-14.3902,1
8440,S_NOUN_7_ADJ_b,M,S,le raisin avec les crayons que j' aime beaucoup n' est pas dur <eos>,12,dur,dure,10,M,P,dur,-8.793104,dure,-11.272413,1
8441,S_NOUN_7_ADJ_b,M,S,le raisin avec les crayons que j' aime beaucoup n' est pas clair <eos>,12,clair,claire,10,M,P,clair,-4.6421623,claire,-8.525476,1
8442,S_NOUN_7_ADJ_b,M,S,le raisin avec les crayons que j' aime beaucoup n' est pas intéressant <eos>,12,intéressant,intéressante,10,M,P,intéressant,-8.266922,intéressante,-11.713574,1
8443,S_NOUN_7_ADJ_b,M,S,le raisin avec les crayons que j' aime beaucoup n' est pas brillant <eos>,12,brillant,brillante,10,M,P,brillant,-8.70574,brillante,-13.1507,1
8444,S_NOUN_7_ADJ_b,M,S,le raisin avec les crayons que j' aime beaucoup n' est pas compliqué <eos>,12,compliqué,compliquée,10,M,P,compliqué,-9.660246,compliquée,-13.927283,1
8445,S_NOUN_7_ADJ_b,M,S,le raisin avec les rideaux que j' aime beaucoup n' est pas vert <eos>,12,vert,verte,10,M,P,vert,-6.9250507,verte,-11.40664,1
8446,S_NOUN_7_ADJ_b,M,S,le raisin avec les rideaux que j' aime beaucoup n' est pas bleu <eos>,12,bleu,bleue,10,M,P,bleu,-7.478672,bleue,-12.758123,1
8447,S_NOUN_7_ADJ_b,M,S,le raisin avec les rideaux que j' aime beaucoup n' est pas noir <eos>,12,noir,noire,10,M,P,noir,-5.7499747,noire,-12.188389,1
8448,S_NOUN_7_ADJ_b,M,S,le raisin avec les rideaux que j' aime beaucoup n' est pas délicat <eos>,12,délicat,délicate,10,M,P,délicat,-8.749805,délicate,-13.452075,1
8449,S_NOUN_7_ADJ_b,M,S,le raisin avec les rideaux que j' aime beaucoup n' est pas pointu <eos>,12,pointu,pointue,10,M,P,pointu,-11.090739,pointue,-14.895359,1
8450,S_NOUN_7_ADJ_b,M,S,le raisin avec les rideaux que j' aime beaucoup n' est pas rond <eos>,12,rond,ronde,10,M,P,rond,-6.477277,ronde,-12.840222,1
8451,S_NOUN_7_ADJ_b,M,S,le raisin avec les rideaux que j' aime beaucoup n' est pas froid <eos>,12,froid,froide,10,M,P,froid,-8.59092,froide,-12.43487,1
8452,S_NOUN_7_ADJ_b,M,S,le raisin avec les rideaux que j' aime beaucoup n' est pas chaud <eos>,12,chaud,chaude,10,M,P,chaud,-7.5651393,chaude,-11.739195,1
8453,S_NOUN_7_ADJ_b,M,S,le raisin avec les rideaux que j' aime beaucoup n' est pas important <eos>,12,important,importante,10,M,P,important,-7.788377,importante,-11.041606,1
8454,S_NOUN_7_ADJ_b,M,S,le raisin avec les rideaux que j' aime beaucoup n' est pas court <eos>,12,court,courte,10,M,P,court,-9.489466,courte,-13.442394,1
8455,S_NOUN_7_ADJ_b,M,S,le raisin avec les rideaux que j' aime beaucoup n' est pas dur <eos>,12,dur,dure,10,M,P,dur,-8.192697,dure,-10.226208,1
8456,S_NOUN_7_ADJ_b,M,S,le raisin avec les rideaux que j' aime beaucoup n' est pas clair <eos>,12,clair,claire,10,M,P,clair,-4.500929,claire,-8.0598135,1
8457,S_NOUN_7_ADJ_b,M,S,le raisin avec les rideaux que j' aime beaucoup n' est pas intéressant <eos>,12,intéressant,intéressante,10,M,P,intéressant,-8.849666,intéressante,-12.548974,1
8458,S_NOUN_7_ADJ_b,M,S,le raisin avec les rideaux que j' aime beaucoup n' est pas brillant <eos>,12,brillant,brillante,10,M,P,brillant,-8.391739,brillante,-12.430273,1
8459,S_NOUN_7_ADJ_b,M,S,le raisin avec les rideaux que j' aime beaucoup n' est pas compliqué <eos>,12,compliqué,compliquée,10,M,P,compliqué,-9.717515,compliquée,-14.197645,1
8460,S_NOUN_7_ADJ_b,M,S,le raisin avec les cahiers que j' aime beaucoup n' est pas vert <eos>,12,vert,verte,10,M,P,vert,-7.553463,verte,-12.322917,1
8461,S_NOUN_7_ADJ_b,M,S,le raisin avec les cahiers que j' aime beaucoup n' est pas bleu <eos>,12,bleu,bleue,10,M,P,bleu,-7.901581,bleue,-13.076386,1
8462,S_NOUN_7_ADJ_b,M,S,le raisin avec les cahiers que j' aime beaucoup n' est pas noir <eos>,12,noir,noire,10,M,P,noir,-6.056261,noire,-12.8500805,1
8463,S_NOUN_7_ADJ_b,M,S,le raisin avec les cahiers que j' aime beaucoup n' est pas délicat <eos>,12,délicat,délicate,10,M,P,délicat,-8.85059,délicate,-14.232227,1
8464,S_NOUN_7_ADJ_b,M,S,le raisin avec les cahiers que j' aime beaucoup n' est pas pointu <eos>,12,pointu,pointue,10,M,P,pointu,-11.926023,pointue,-15.503868,1
8465,S_NOUN_7_ADJ_b,M,S,le raisin avec les cahiers que j' aime beaucoup n' est pas rond <eos>,12,rond,ronde,10,M,P,rond,-6.9711204,ronde,-13.751219,1
8466,S_NOUN_7_ADJ_b,M,S,le raisin avec les cahiers que j' aime beaucoup n' est pas froid <eos>,12,froid,froide,10,M,P,froid,-8.377909,froide,-13.487367,1
8467,S_NOUN_7_ADJ_b,M,S,le raisin avec les cahiers que j' aime beaucoup n' est pas chaud <eos>,12,chaud,chaude,10,M,P,chaud,-7.8515024,chaude,-12.673363,1
8468,S_NOUN_7_ADJ_b,M,S,le raisin avec les cahiers que j' aime beaucoup n' est pas important <eos>,12,important,importante,10,M,P,important,-8.008886,importante,-11.532597,1
8469,S_NOUN_7_ADJ_b,M,S,le raisin avec les cahiers que j' aime beaucoup n' est pas court <eos>,12,court,courte,10,M,P,court,-9.930456,courte,-14.046398,1
8470,S_NOUN_7_ADJ_b,M,S,le raisin avec les cahiers que j' aime beaucoup n' est pas dur <eos>,12,dur,dure,10,M,P,dur,-9.062845,dure,-11.46237,1
8471,S_NOUN_7_ADJ_b,M,S,le raisin avec les cahiers que j' aime beaucoup n' est pas clair <eos>,12,clair,claire,10,M,P,clair,-4.4821157,claire,-8.541392,1
8472,S_NOUN_7_ADJ_b,M,S,le raisin avec les cahiers que j' aime beaucoup n' est pas intéressant <eos>,12,intéressant,intéressante,10,M,P,intéressant,-8.009693,intéressante,-11.467973,1
8473,S_NOUN_7_ADJ_b,M,S,le raisin avec les cahiers que j' aime beaucoup n' est pas brillant <eos>,12,brillant,brillante,10,M,P,brillant,-8.914349,brillante,-13.260405,1
8474,S_NOUN_7_ADJ_b,M,S,le raisin avec les cahiers que j' aime beaucoup n' est pas compliqué <eos>,12,compliqué,compliquée,10,M,P,compliqué,-9.33938,compliquée,-13.797433,1
8475,S_NOUN_7_ADJ_b,M,S,le raisin avec les micros que j' aime beaucoup n' est pas vert <eos>,12,vert,verte,10,M,P,vert,-8.039058,verte,-12.26968,1
8476,S_NOUN_7_ADJ_b,M,S,le raisin avec les micros que j' aime beaucoup n' est pas bleu <eos>,12,bleu,bleue,10,M,P,bleu,-8.121244,bleue,-12.926559,1
8477,S_NOUN_7_ADJ_b,M,S,le raisin avec les micros que j' aime beaucoup n' est pas noir <eos>,12,noir,noire,10,M,P,noir,-6.1651187,noire,-12.533442,1
8478,S_NOUN_7_ADJ_b,M,S,le raisin avec les micros que j' aime beaucoup n' est pas délicat <eos>,12,délicat,délicate,10,M,P,délicat,-9.066968,délicate,-14.307652,1
8479,S_NOUN_7_ADJ_b,M,S,le raisin avec les micros que j' aime beaucoup n' est pas pointu <eos>,12,pointu,pointue,10,M,P,pointu,-11.424255,pointue,-15.649674,1
8480,S_NOUN_7_ADJ_b,M,S,le raisin avec les micros que j' aime beaucoup n' est pas rond <eos>,12,rond,ronde,10,M,P,rond,-7.2588882,ronde,-13.812009,1
8481,S_NOUN_7_ADJ_b,M,S,le raisin avec les micros que j' aime beaucoup n' est pas froid <eos>,12,froid,froide,10,M,P,froid,-9.008522,froide,-13.430992,1
8482,S_NOUN_7_ADJ_b,M,S,le raisin avec les micros que j' aime beaucoup n' est pas chaud <eos>,12,chaud,chaude,10,M,P,chaud,-8.462525,chaude,-12.268901,1
8483,S_NOUN_7_ADJ_b,M,S,le raisin avec les micros que j' aime beaucoup n' est pas important <eos>,12,important,importante,10,M,P,important,-7.971231,importante,-11.557631,1
8484,S_NOUN_7_ADJ_b,M,S,le raisin avec les micros que j' aime beaucoup n' est pas court <eos>,12,court,courte,10,M,P,court,-10.152834,courte,-13.790388,1
8485,S_NOUN_7_ADJ_b,M,S,le raisin avec les micros que j' aime beaucoup n' est pas dur <eos>,12,dur,dure,10,M,P,dur,-8.556276,dure,-11.058299,1
8486,S_NOUN_7_ADJ_b,M,S,le raisin avec les micros que j' aime beaucoup n' est pas clair <eos>,12,clair,claire,10,M,P,clair,-4.5603995,claire,-8.075867,1
8487,S_NOUN_7_ADJ_b,M,S,le raisin avec les micros que j' aime beaucoup n' est pas intéressant <eos>,12,intéressant,intéressante,10,M,P,intéressant,-8.4046,intéressante,-11.505138,1
8488,S_NOUN_7_ADJ_b,M,S,le raisin avec les micros que j' aime beaucoup n' est pas brillant <eos>,12,brillant,brillante,10,M,P,brillant,-8.771278,brillante,-13.210079,1
8489,S_NOUN_7_ADJ_b,M,S,le raisin avec les micros que j' aime beaucoup n' est pas compliqué <eos>,12,compliqué,compliquée,10,M,P,compliqué,-9.732149,compliquée,-13.366826,1
8490,S_NOUN_7_ADJ_b,M,S,le raisin avec les sacs que j' aime beaucoup n' est pas vert <eos>,12,vert,verte,10,M,P,vert,-7.531023,verte,-12.230488,1
8491,S_NOUN_7_ADJ_b,M,S,le raisin avec les sacs que j' aime beaucoup n' est pas bleu <eos>,12,bleu,bleue,10,M,P,bleu,-8.197685,bleue,-13.302881,1
8492,S_NOUN_7_ADJ_b,M,S,le raisin avec les sacs que j' aime beaucoup n' est pas noir <eos>,12,noir,noire,10,M,P,noir,-6.2320967,noire,-12.54823,1
8493,S_NOUN_7_ADJ_b,M,S,le raisin avec les sacs que j' aime beaucoup n' est pas délicat <eos>,12,délicat,délicate,10,M,P,délicat,-8.7865925,délicate,-13.801485,1
8494,S_NOUN_7_ADJ_b,M,S,le raisin avec les sacs que j' aime beaucoup n' est pas pointu <eos>,12,pointu,pointue,10,M,P,pointu,-11.8734,pointue,-15.136732,1
8495,S_NOUN_7_ADJ_b,M,S,le raisin avec les sacs que j' aime beaucoup n' est pas rond <eos>,12,rond,ronde,10,M,P,rond,-7.0745726,ronde,-13.729256,1
8496,S_NOUN_7_ADJ_b,M,S,le raisin avec les sacs que j' aime beaucoup n' est pas froid <eos>,12,froid,froide,10,M,P,froid,-8.557265,froide,-13.108143,1
8497,S_NOUN_7_ADJ_b,M,S,le raisin avec les sacs que j' aime beaucoup n' est pas chaud <eos>,12,chaud,chaude,10,M,P,chaud,-7.7442274,chaude,-12.127408,1
8498,S_NOUN_7_ADJ_b,M,S,le raisin avec les sacs que j' aime beaucoup n' est pas important <eos>,12,important,importante,10,M,P,important,-7.7834597,importante,-11.181448,1
8499,S_NOUN_7_ADJ_b,M,S,le raisin avec les sacs que j' aime beaucoup n' est pas court <eos>,12,court,courte,10,M,P,court,-9.814067,courte,-13.695854,1
8500,S_NOUN_7_ADJ_b,M,S,le raisin avec les sacs que j' aime beaucoup n' est pas dur <eos>,12,dur,dure,10,M,P,dur,-8.586381,dure,-10.774155,1
8501,S_NOUN_7_ADJ_b,M,S,le raisin avec les sacs que j' aime beaucoup n' est pas clair <eos>,12,clair,claire,10,M,P,clair,-4.8643036,claire,-8.399797,1
8502,S_NOUN_7_ADJ_b,M,S,le raisin avec les sacs que j' aime beaucoup n' est pas intéressant <eos>,12,intéressant,intéressante,10,M,P,intéressant,-8.521511,intéressante,-11.515617,1
8503,S_NOUN_7_ADJ_b,M,S,le raisin avec les sacs que j' aime beaucoup n' est pas brillant <eos>,12,brillant,brillante,10,M,P,brillant,-8.736249,brillante,-13.396878,1
8504,S_NOUN_7_ADJ_b,M,S,le raisin avec les sacs que j' aime beaucoup n' est pas compliqué <eos>,12,compliqué,compliquée,10,M,P,compliqué,-9.397733,compliquée,-13.529558,1
8505,S_NOUN_7_ADJ_b,M,S,le raisin avec les claviers que j' aime beaucoup n' est pas vert <eos>,12,vert,verte,10,M,P,vert,-8.668788,verte,-13.1136265,1
8506,S_NOUN_7_ADJ_b,M,S,le raisin avec les claviers que j' aime beaucoup n' est pas bleu <eos>,12,bleu,bleue,10,M,P,bleu,-8.711129,bleue,-13.539881,1
8507,S_NOUN_7_ADJ_b,M,S,le raisin avec les claviers que j' aime beaucoup n' est pas noir <eos>,12,noir,noire,10,M,P,noir,-6.5365944,noire,-12.779513,1
8508,S_NOUN_7_ADJ_b,M,S,le raisin avec les claviers que j' aime beaucoup n' est pas délicat <eos>,12,délicat,délicate,10,M,P,délicat,-8.963104,délicate,-14.564738,1
8509,S_NOUN_7_ADJ_b,M,S,le raisin avec les claviers que j' aime beaucoup n' est pas pointu <eos>,12,pointu,pointue,10,M,P,pointu,-11.238469,pointue,-15.593432,1
8510,S_NOUN_7_ADJ_b,M,S,le raisin avec les claviers que j' aime beaucoup n' est pas rond <eos>,12,rond,ronde,10,M,P,rond,-7.1595926,ronde,-13.512708,1
8511,S_NOUN_7_ADJ_b,M,S,le raisin avec les claviers que j' aime beaucoup n' est pas froid <eos>,12,froid,froide,10,M,P,froid,-9.2655735,froide,-13.613292,1
8512,S_NOUN_7_ADJ_b,M,S,le raisin avec les claviers que j' aime beaucoup n' est pas chaud <eos>,12,chaud,chaude,10,M,P,chaud,-8.702452,chaude,-12.586977,1
8513,S_NOUN_7_ADJ_b,M,S,le raisin avec les claviers que j' aime beaucoup n' est pas important <eos>,12,important,importante,10,M,P,important,-7.755988,importante,-11.416991,1
8514,S_NOUN_7_ADJ_b,M,S,le raisin avec les claviers que j' aime beaucoup n' est pas court <eos>,12,court,courte,10,M,P,court,-9.657606,courte,-13.355288,1
8515,S_NOUN_7_ADJ_b,M,S,le raisin avec les claviers que j' aime beaucoup n' est pas dur <eos>,12,dur,dure,10,M,P,dur,-8.656108,dure,-10.816836,1
8516,S_NOUN_7_ADJ_b,M,S,le raisin avec les claviers que j' aime beaucoup n' est pas clair <eos>,12,clair,claire,10,M,P,clair,-4.8598843,claire,-8.556907,1
8517,S_NOUN_7_ADJ_b,M,S,le raisin avec les claviers que j' aime beaucoup n' est pas intéressant <eos>,12,intéressant,intéressante,10,M,P,intéressant,-8.419101,intéressante,-11.519786,1
8518,S_NOUN_7_ADJ_b,M,S,le raisin avec les claviers que j' aime beaucoup n' est pas brillant <eos>,12,brillant,brillante,10,M,P,brillant,-8.972009,brillante,-13.447491,1
8519,S_NOUN_7_ADJ_b,M,S,le raisin avec les claviers que j' aime beaucoup n' est pas compliqué <eos>,12,compliqué,compliquée,10,M,P,compliqué,-9.162518,compliquée,-12.978382,1
8520,S_NOUN_7_ADJ_b,M,S,le raisin avec les raisins que j' aime beaucoup n' est pas vert <eos>,12,vert,verte,10,M,P,vert,-7.5284677,verte,-12.652258,1
8521,S_NOUN_7_ADJ_b,M,S,le raisin avec les raisins que j' aime beaucoup n' est pas bleu <eos>,12,bleu,bleue,10,M,P,bleu,-8.149069,bleue,-13.569966,1
8522,S_NOUN_7_ADJ_b,M,S,le raisin avec les raisins que j' aime beaucoup n' est pas noir <eos>,12,noir,noire,10,M,P,noir,-6.2849135,noire,-12.743565,1
8523,S_NOUN_7_ADJ_b,M,S,le raisin avec les raisins que j' aime beaucoup n' est pas délicat <eos>,12,délicat,délicate,10,M,P,délicat,-8.812742,délicate,-13.781879,1
8524,S_NOUN_7_ADJ_b,M,S,le raisin avec les raisins que j' aime beaucoup n' est pas pointu <eos>,12,pointu,pointue,10,M,P,pointu,-12.453825,pointue,-15.434191,1
8525,S_NOUN_7_ADJ_b,M,S,le raisin avec les raisins que j' aime beaucoup n' est pas rond <eos>,12,rond,ronde,10,M,P,rond,-7.564485,ronde,-14.344793,1
8526,S_NOUN_7_ADJ_b,M,S,le raisin avec les raisins que j' aime beaucoup n' est pas froid <eos>,12,froid,froide,10,M,P,froid,-8.070414,froide,-12.752596,1
8527,S_NOUN_7_ADJ_b,M,S,le raisin avec les raisins que j' aime beaucoup n' est pas chaud <eos>,12,chaud,chaude,10,M,P,chaud,-7.302,chaude,-11.787381,1
8528,S_NOUN_7_ADJ_b,M,S,le raisin avec les raisins que j' aime beaucoup n' est pas important <eos>,12,important,importante,10,M,P,important,-7.923861,importante,-10.915699,1
8529,S_NOUN_7_ADJ_b,M,S,le raisin avec les raisins que j' aime beaucoup n' est pas court <eos>,12,court,courte,10,M,P,court,-10.3469095,courte,-14.23849,1
8530,S_NOUN_7_ADJ_b,M,S,le raisin avec les raisins que j' aime beaucoup n' est pas dur <eos>,12,dur,dure,10,M,P,dur,-8.796001,dure,-10.66828,1
8531,S_NOUN_7_ADJ_b,M,S,le raisin avec les raisins que j' aime beaucoup n' est pas clair <eos>,12,clair,claire,10,M,P,clair,-4.5823154,claire,-8.459671,1
8532,S_NOUN_7_ADJ_b,M,S,le raisin avec les raisins que j' aime beaucoup n' est pas intéressant <eos>,12,intéressant,intéressante,10,M,P,intéressant,-8.833986,intéressante,-12.052319,1
8533,S_NOUN_7_ADJ_b,M,S,le raisin avec les raisins que j' aime beaucoup n' est pas brillant <eos>,12,brillant,brillante,10,M,P,brillant,-9.101696,brillante,-13.392062,1
8534,S_NOUN_7_ADJ_b,M,S,le raisin avec les raisins que j' aime beaucoup n' est pas compliqué <eos>,12,compliqué,compliquée,10,M,P,compliqué,-9.580635,compliquée,-14.114235,1
8535,S_NOUN_7_ADJ_b,M,S,le raisin avec les chargeurs que j' aime beaucoup n' est pas vert <eos>,12,vert,verte,10,M,P,vert,-7.8582764,verte,-12.031552,1
8536,S_NOUN_7_ADJ_b,M,S,le raisin avec les chargeurs que j' aime beaucoup n' est pas bleu <eos>,12,bleu,bleue,10,M,P,bleu,-8.278979,bleue,-13.6929455,1
8537,S_NOUN_7_ADJ_b,M,S,le raisin avec les chargeurs que j' aime beaucoup n' est pas noir <eos>,12,noir,noire,10,M,P,noir,-6.3268223,noire,-12.515318,1
8538,S_NOUN_7_ADJ_b,M,S,le raisin avec les chargeurs que j' aime beaucoup n' est pas délicat <eos>,12,délicat,délicate,10,M,P,délicat,-9.190138,délicate,-14.50672,1
8539,S_NOUN_7_ADJ_b,M,S,le raisin avec les chargeurs que j' aime beaucoup n' est pas pointu <eos>,12,pointu,pointue,10,M,P,pointu,-11.217997,pointue,-14.989122,1
8540,S_NOUN_7_ADJ_b,M,S,le raisin avec les chargeurs que j' aime beaucoup n' est pas rond <eos>,12,rond,ronde,10,M,P,rond,-7.5435524,ronde,-13.475316,1
8541,S_NOUN_7_ADJ_b,M,S,le raisin avec les chargeurs que j' aime beaucoup n' est pas froid <eos>,12,froid,froide,10,M,P,froid,-9.034901,froide,-13.462075,1
8542,S_NOUN_7_ADJ_b,M,S,le raisin avec les chargeurs que j' aime beaucoup n' est pas chaud <eos>,12,chaud,chaude,10,M,P,chaud,-8.428761,chaude,-12.753882,1
8543,S_NOUN_7_ADJ_b,M,S,le raisin avec les chargeurs que j' aime beaucoup n' est pas important <eos>,12,important,importante,10,M,P,important,-7.8176765,importante,-11.029268,1
8544,S_NOUN_7_ADJ_b,M,S,le raisin avec les chargeurs que j' aime beaucoup n' est pas court <eos>,12,court,courte,10,M,P,court,-9.939751,courte,-13.907894,1
8545,S_NOUN_7_ADJ_b,M,S,le raisin avec les chargeurs que j' aime beaucoup n' est pas dur <eos>,12,dur,dure,10,M,P,dur,-9.496859,dure,-12.419187,1
8546,S_NOUN_7_ADJ_b,M,S,le raisin avec les chargeurs que j' aime beaucoup n' est pas clair <eos>,12,clair,claire,10,M,P,clair,-5.234562,claire,-8.772837,1
8547,S_NOUN_7_ADJ_b,M,S,le raisin avec les chargeurs que j' aime beaucoup n' est pas intéressant <eos>,12,intéressant,intéressante,10,M,P,intéressant,-8.230943,intéressante,-11.532681,1
8548,S_NOUN_7_ADJ_b,M,S,le raisin avec les chargeurs que j' aime beaucoup n' est pas brillant <eos>,12,brillant,brillante,10,M,P,brillant,-9.086328,brillante,-13.552944,1
8549,S_NOUN_7_ADJ_b,M,S,le raisin avec les chargeurs que j' aime beaucoup n' est pas compliqué <eos>,12,compliqué,compliquée,10,M,P,compliqué,-9.690997,compliquée,-14.076351,1
8550,S_NOUN_7_ADJ_b,M,S,le raisin avec les vases que j' aime beaucoup n' est pas vert <eos>,12,vert,verte,10,M,P,vert,-7.7529316,verte,-12.426253,1
8551,S_NOUN_7_ADJ_b,M,S,le raisin avec les vases que j' aime beaucoup n' est pas bleu <eos>,12,bleu,bleue,10,M,P,bleu,-8.053763,bleue,-13.17962,1
8552,S_NOUN_7_ADJ_b,M,S,le raisin avec les vases que j' aime beaucoup n' est pas noir <eos>,12,noir,noire,10,M,P,noir,-6.3850694,noire,-12.680326,1
8553,S_NOUN_7_ADJ_b,M,S,le raisin avec les vases que j' aime beaucoup n' est pas délicat <eos>,12,délicat,délicate,10,M,P,délicat,-9.124935,délicate,-13.907114,1
8554,S_NOUN_7_ADJ_b,M,S,le raisin avec les vases que j' aime beaucoup n' est pas pointu <eos>,12,pointu,pointue,10,M,P,pointu,-11.676258,pointue,-15.35302,1
8555,S_NOUN_7_ADJ_b,M,S,le raisin avec les vases que j' aime beaucoup n' est pas rond <eos>,12,rond,ronde,10,M,P,rond,-6.7468557,ronde,-13.123158,1
8556,S_NOUN_7_ADJ_b,M,S,le raisin avec les vases que j' aime beaucoup n' est pas froid <eos>,12,froid,froide,10,M,P,froid,-8.46971,froide,-12.7797985,1
8557,S_NOUN_7_ADJ_b,M,S,le raisin avec les vases que j' aime beaucoup n' est pas chaud <eos>,12,chaud,chaude,10,M,P,chaud,-7.8981113,chaude,-11.902203,1
8558,S_NOUN_7_ADJ_b,M,S,le raisin avec les vases que j' aime beaucoup n' est pas important <eos>,12,important,importante,10,M,P,important,-7.87782,importante,-11.19605,1
8559,S_NOUN_7_ADJ_b,M,S,le raisin avec les vases que j' aime beaucoup n' est pas court <eos>,12,court,courte,10,M,P,court,-10.242847,courte,-14.000918,1
8560,S_NOUN_7_ADJ_b,M,S,le raisin avec les vases que j' aime beaucoup n' est pas dur <eos>,12,dur,dure,10,M,P,dur,-8.996683,dure,-11.193417,1
8561,S_NOUN_7_ADJ_b,M,S,le raisin avec les vases que j' aime beaucoup n' est pas clair <eos>,12,clair,claire,10,M,P,clair,-4.8877525,claire,-8.099933,1
8562,S_NOUN_7_ADJ_b,M,S,le raisin avec les vases que j' aime beaucoup n' est pas intéressant <eos>,12,intéressant,intéressante,10,M,P,intéressant,-8.995321,intéressante,-12.1425495,1
8563,S_NOUN_7_ADJ_b,M,S,le raisin avec les vases que j' aime beaucoup n' est pas brillant <eos>,12,brillant,brillante,10,M,P,brillant,-8.821809,brillante,-12.943123,1
8564,S_NOUN_7_ADJ_b,M,S,le raisin avec les vases que j' aime beaucoup n' est pas compliqué <eos>,12,compliqué,compliquée,10,M,P,compliqué,-9.366566,compliquée,-13.700438,1
8565,S_NOUN_7_ADJ_b,M,S,le raisin avec les paniers que j' aime beaucoup n' est pas vert <eos>,12,vert,verte,10,M,P,vert,-7.411206,verte,-12.022387,1
8566,S_NOUN_7_ADJ_b,M,S,le raisin avec les paniers que j' aime beaucoup n' est pas bleu <eos>,12,bleu,bleue,10,M,P,bleu,-7.923361,bleue,-13.082684,1
8567,S_NOUN_7_ADJ_b,M,S,le raisin avec les paniers que j' aime beaucoup n' est pas noir <eos>,12,noir,noire,10,M,P,noir,-6.22783,noire,-12.464894,1
8568,S_NOUN_7_ADJ_b,M,S,le raisin avec les paniers que j' aime beaucoup n' est pas délicat <eos>,12,délicat,délicate,10,M,P,délicat,-8.374556,délicate,-13.4267025,1
8569,S_NOUN_7_ADJ_b,M,S,le raisin avec les paniers que j' aime beaucoup n' est pas pointu <eos>,12,pointu,pointue,10,M,P,pointu,-10.961049,pointue,-14.604318,1
8570,S_NOUN_7_ADJ_b,M,S,le raisin avec les paniers que j' aime beaucoup n' est pas rond <eos>,12,rond,ronde,10,M,P,rond,-6.5515146,ronde,-13.082742,1
8571,S_NOUN_7_ADJ_b,M,S,le raisin avec les paniers que j' aime beaucoup n' est pas froid <eos>,12,froid,froide,10,M,P,froid,-8.86889,froide,-13.372965,1
8572,S_NOUN_7_ADJ_b,M,S,le raisin avec les paniers que j' aime beaucoup n' est pas chaud <eos>,12,chaud,chaude,10,M,P,chaud,-8.08701,chaude,-12.629152,1
8573,S_NOUN_7_ADJ_b,M,S,le raisin avec les paniers que j' aime beaucoup n' est pas important <eos>,12,important,importante,10,M,P,important,-7.82575,importante,-10.892372,1
8574,S_NOUN_7_ADJ_b,M,S,le raisin avec les paniers que j' aime beaucoup n' est pas court <eos>,12,court,courte,10,M,P,court,-9.489537,courte,-13.459981,1
8575,S_NOUN_7_ADJ_b,M,S,le raisin avec les paniers que j' aime beaucoup n' est pas dur <eos>,12,dur,dure,10,M,P,dur,-8.475799,dure,-10.895816,1
8576,S_NOUN_7_ADJ_b,M,S,le raisin avec les paniers que j' aime beaucoup n' est pas clair <eos>,12,clair,claire,10,M,P,clair,-4.668096,claire,-8.204121,1
8577,S_NOUN_7_ADJ_b,M,S,le raisin avec les paniers que j' aime beaucoup n' est pas intéressant <eos>,12,intéressant,intéressante,10,M,P,intéressant,-8.5094185,intéressante,-11.700775,1
8578,S_NOUN_7_ADJ_b,M,S,le raisin avec les paniers que j' aime beaucoup n' est pas brillant <eos>,12,brillant,brillante,10,M,P,brillant,-8.605038,brillante,-12.894809,1
8579,S_NOUN_7_ADJ_b,M,S,le raisin avec les paniers que j' aime beaucoup n' est pas compliqué <eos>,12,compliqué,compliquée,10,M,P,compliqué,-9.403432,compliquée,-13.595631,1
8580,S_NOUN_7_ADJ_b,M,S,le raisin avec les colliers que j' aime beaucoup n' est pas vert <eos>,12,vert,verte,10,M,P,vert,-7.555315,verte,-11.99603,1
8581,S_NOUN_7_ADJ_b,M,S,le raisin avec les colliers que j' aime beaucoup n' est pas bleu <eos>,12,bleu,bleue,10,M,P,bleu,-7.775732,bleue,-13.082233,1
8582,S_NOUN_7_ADJ_b,M,S,le raisin avec les colliers que j' aime beaucoup n' est pas noir <eos>,12,noir,noire,10,M,P,noir,-6.0581875,noire,-12.104333,1
8583,S_NOUN_7_ADJ_b,M,S,le raisin avec les colliers que j' aime beaucoup n' est pas délicat <eos>,12,délicat,délicate,10,M,P,délicat,-8.65373,délicate,-13.631697,1
8584,S_NOUN_7_ADJ_b,M,S,le raisin avec les colliers que j' aime beaucoup n' est pas pointu <eos>,12,pointu,pointue,10,M,P,pointu,-10.871534,pointue,-14.714465,1
8585,S_NOUN_7_ADJ_b,M,S,le raisin avec les colliers que j' aime beaucoup n' est pas rond <eos>,12,rond,ronde,10,M,P,rond,-6.739412,ronde,-13.114059,1
8586,S_NOUN_7_ADJ_b,M,S,le raisin avec les colliers que j' aime beaucoup n' est pas froid <eos>,12,froid,froide,10,M,P,froid,-8.789919,froide,-13.381092,1
8587,S_NOUN_7_ADJ_b,M,S,le raisin avec les colliers que j' aime beaucoup n' est pas chaud <eos>,12,chaud,chaude,10,M,P,chaud,-8.132114,chaude,-12.899947,1
8588,S_NOUN_7_ADJ_b,M,S,le raisin avec les colliers que j' aime beaucoup n' est pas important <eos>,12,important,importante,10,M,P,important,-8.157544,importante,-11.5650215,1
8589,S_NOUN_7_ADJ_b,M,S,le raisin avec les colliers que j' aime beaucoup n' est pas court <eos>,12,court,courte,10,M,P,court,-9.646785,courte,-13.666907,1
8590,S_NOUN_7_ADJ_b,M,S,le raisin avec les colliers que j' aime beaucoup n' est pas dur <eos>,12,dur,dure,10,M,P,dur,-8.4538,dure,-11.216678,1
8591,S_NOUN_7_ADJ_b,M,S,le raisin avec les colliers que j' aime beaucoup n' est pas clair <eos>,12,clair,claire,10,M,P,clair,-4.82996,claire,-8.193857,1
8592,S_NOUN_7_ADJ_b,M,S,le raisin avec les colliers que j' aime beaucoup n' est pas intéressant <eos>,12,intéressant,intéressante,10,M,P,intéressant,-8.502589,intéressante,-12.365378,1
8593,S_NOUN_7_ADJ_b,M,S,le raisin avec les colliers que j' aime beaucoup n' est pas brillant <eos>,12,brillant,brillante,10,M,P,brillant,-8.138972,brillante,-12.741154,1
8594,S_NOUN_7_ADJ_b,M,S,le raisin avec les colliers que j' aime beaucoup n' est pas compliqué <eos>,12,compliqué,compliquée,10,M,P,compliqué,-8.951809,compliquée,-13.3631,1
8595,S_NOUN_7_ADJ_b,M,S,le raisin avec les chapeaux que j' aime beaucoup n' est pas vert <eos>,12,vert,verte,10,M,P,vert,-7.369026,verte,-12.230969,1
8596,S_NOUN_7_ADJ_b,M,S,le raisin avec les chapeaux que j' aime beaucoup n' est pas bleu <eos>,12,bleu,bleue,10,M,P,bleu,-7.646365,bleue,-13.046941,1
8597,S_NOUN_7_ADJ_b,M,S,le raisin avec les chapeaux que j' aime beaucoup n' est pas noir <eos>,12,noir,noire,10,M,P,noir,-5.72972,noire,-12.239012,1
8598,S_NOUN_7_ADJ_b,M,S,le raisin avec les chapeaux que j' aime beaucoup n' est pas délicat <eos>,12,délicat,délicate,10,M,P,délicat,-8.703739,délicate,-13.942608,1
8599,S_NOUN_7_ADJ_b,M,S,le raisin avec les chapeaux que j' aime beaucoup n' est pas pointu <eos>,12,pointu,pointue,10,M,P,pointu,-11.415854,pointue,-15.142876,1
8600,S_NOUN_7_ADJ_b,M,S,le raisin avec les chapeaux que j' aime beaucoup n' est pas rond <eos>,12,rond,ronde,10,M,P,rond,-6.8544116,ronde,-13.272663,1
8601,S_NOUN_7_ADJ_b,M,S,le raisin avec les chapeaux que j' aime beaucoup n' est pas froid <eos>,12,froid,froide,10,M,P,froid,-8.257113,froide,-13.120235,1
8602,S_NOUN_7_ADJ_b,M,S,le raisin avec les chapeaux que j' aime beaucoup n' est pas chaud <eos>,12,chaud,chaude,10,M,P,chaud,-7.6319,chaude,-12.440719,1
8603,S_NOUN_7_ADJ_b,M,S,le raisin avec les chapeaux que j' aime beaucoup n' est pas important <eos>,12,important,importante,10,M,P,important,-8.084541,importante,-11.393932,1
8604,S_NOUN_7_ADJ_b,M,S,le raisin avec les chapeaux que j' aime beaucoup n' est pas court <eos>,12,court,courte,10,M,P,court,-9.749167,courte,-14.042834,1
8605,S_NOUN_7_ADJ_b,M,S,le raisin avec les chapeaux que j' aime beaucoup n' est pas dur <eos>,12,dur,dure,10,M,P,dur,-8.770128,dure,-10.986504,1
8606,S_NOUN_7_ADJ_b,M,S,le raisin avec les chapeaux que j' aime beaucoup n' est pas clair <eos>,12,clair,claire,10,M,P,clair,-4.447664,claire,-8.278632,1
8607,S_NOUN_7_ADJ_b,M,S,le raisin avec les chapeaux que j' aime beaucoup n' est pas intéressant <eos>,12,intéressant,intéressante,10,M,P,intéressant,-8.331313,intéressante,-12.151159,1
8608,S_NOUN_7_ADJ_b,M,S,le raisin avec les chapeaux que j' aime beaucoup n' est pas brillant <eos>,12,brillant,brillante,10,M,P,brillant,-8.66309,brillante,-13.186321,1
8609,S_NOUN_7_ADJ_b,M,S,le raisin avec les chapeaux que j' aime beaucoup n' est pas compliqué <eos>,12,compliqué,compliquée,10,M,P,compliqué,-9.436166,compliquée,-13.877137,1
8610,S_NOUN_7_ADJ_b,M,S,le raisin avec les pots que j' aime beaucoup n' est pas vert <eos>,12,vert,verte,10,M,P,vert,-7.2585397,verte,-12.308649,1
8611,S_NOUN_7_ADJ_b,M,S,le raisin avec les pots que j' aime beaucoup n' est pas bleu <eos>,12,bleu,bleue,10,M,P,bleu,-7.843508,bleue,-13.32177,1
8612,S_NOUN_7_ADJ_b,M,S,le raisin avec les pots que j' aime beaucoup n' est pas noir <eos>,12,noir,noire,10,M,P,noir,-6.096635,noire,-12.588168,1
8613,S_NOUN_7_ADJ_b,M,S,le raisin avec les pots que j' aime beaucoup n' est pas délicat <eos>,12,délicat,délicate,10,M,P,délicat,-8.783564,délicate,-14.191126,1
8614,S_NOUN_7_ADJ_b,M,S,le raisin avec les pots que j' aime beaucoup n' est pas pointu <eos>,12,pointu,pointue,10,M,P,pointu,-11.937229,pointue,-15.660671,1
8615,S_NOUN_7_ADJ_b,M,S,le raisin avec les pots que j' aime beaucoup n' est pas rond <eos>,12,rond,ronde,10,M,P,rond,-7.2590256,ronde,-13.557312,1
8616,S_NOUN_7_ADJ_b,M,S,le raisin avec les pots que j' aime beaucoup n' est pas froid <eos>,12,froid,froide,10,M,P,froid,-8.069387,froide,-12.659391,1
8617,S_NOUN_7_ADJ_b,M,S,le raisin avec les pots que j' aime beaucoup n' est pas chaud <eos>,12,chaud,chaude,10,M,P,chaud,-7.375163,chaude,-11.978967,1
8618,S_NOUN_7_ADJ_b,M,S,le raisin avec les pots que j' aime beaucoup n' est pas important <eos>,12,important,importante,10,M,P,important,-8.177952,importante,-11.757416,1
8619,S_NOUN_7_ADJ_b,M,S,le raisin avec les pots que j' aime beaucoup n' est pas court <eos>,12,court,courte,10,M,P,court,-10.407114,courte,-14.513949,1
8620,S_NOUN_7_ADJ_b,M,S,le raisin avec les pots que j' aime beaucoup n' est pas dur <eos>,12,dur,dure,10,M,P,dur,-8.698297,dure,-11.072493,1
8621,S_NOUN_7_ADJ_b,M,S,le raisin avec les pots que j' aime beaucoup n' est pas clair <eos>,12,clair,claire,10,M,P,clair,-4.806898,claire,-8.583831,1
8622,S_NOUN_7_ADJ_b,M,S,le raisin avec les pots que j' aime beaucoup n' est pas intéressant <eos>,12,intéressant,intéressante,10,M,P,intéressant,-8.695929,intéressante,-12.113476,1
8623,S_NOUN_7_ADJ_b,M,S,le raisin avec les pots que j' aime beaucoup n' est pas brillant <eos>,12,brillant,brillante,10,M,P,brillant,-8.710588,brillante,-13.424347,1
8624,S_NOUN_7_ADJ_b,M,S,le raisin avec les pots que j' aime beaucoup n' est pas compliqué <eos>,12,compliqué,compliquée,10,M,P,compliqué,-9.312138,compliquée,-13.877398,1
8625,S_NOUN_7_ADJ_b,M,S,le raisin avec les coussins que j' aime beaucoup n' est pas vert <eos>,12,vert,verte,10,M,P,vert,-7.170687,verte,-11.310373,1
8626,S_NOUN_7_ADJ_b,M,S,le raisin avec les coussins que j' aime beaucoup n' est pas bleu <eos>,12,bleu,bleue,10,M,P,bleu,-7.6569595,bleue,-12.268946,1
8627,S_NOUN_7_ADJ_b,M,S,le raisin avec les coussins que j' aime beaucoup n' est pas noir <eos>,12,noir,noire,10,M,P,noir,-6.0158453,noire,-12.147445,1
8628,S_NOUN_7_ADJ_b,M,S,le raisin avec les coussins que j' aime beaucoup n' est pas délicat <eos>,12,délicat,délicate,10,M,P,délicat,-9.128649,délicate,-13.592535,1
8629,S_NOUN_7_ADJ_b,M,S,le raisin avec les coussins que j' aime beaucoup n' est pas pointu <eos>,12,pointu,pointue,10,M,P,pointu,-11.310671,pointue,-14.959984,1
8630,S_NOUN_7_ADJ_b,M,S,le raisin avec les coussins que j' aime beaucoup n' est pas rond <eos>,12,rond,ronde,10,M,P,rond,-6.4285083,ronde,-13.379946,1
8631,S_NOUN_7_ADJ_b,M,S,le raisin avec les coussins que j' aime beaucoup n' est pas froid <eos>,12,froid,froide,10,M,P,froid,-8.214546,froide,-12.564106,1
8632,S_NOUN_7_ADJ_b,M,S,le raisin avec les coussins que j' aime beaucoup n' est pas chaud <eos>,12,chaud,chaude,10,M,P,chaud,-7.477418,chaude,-11.654143,1
8633,S_NOUN_7_ADJ_b,M,S,le raisin avec les coussins que j' aime beaucoup n' est pas important <eos>,12,important,importante,10,M,P,important,-7.9379244,importante,-11.083273,1
8634,S_NOUN_7_ADJ_b,M,S,le raisin avec les coussins que j' aime beaucoup n' est pas court <eos>,12,court,courte,10,M,P,court,-9.762711,courte,-13.490033,1
8635,S_NOUN_7_ADJ_b,M,S,le raisin avec les coussins que j' aime beaucoup n' est pas dur <eos>,12,dur,dure,10,M,P,dur,-8.872763,dure,-10.79578,1
8636,S_NOUN_7_ADJ_b,M,S,le raisin avec les coussins que j' aime beaucoup n' est pas clair <eos>,12,clair,claire,10,M,P,clair,-4.708578,claire,-7.6175346,1
8637,S_NOUN_7_ADJ_b,M,S,le raisin avec les coussins que j' aime beaucoup n' est pas intéressant <eos>,12,intéressant,intéressante,10,M,P,intéressant,-9.0927925,intéressante,-11.9731245,1
8638,S_NOUN_7_ADJ_b,M,S,le raisin avec les coussins que j' aime beaucoup n' est pas brillant <eos>,12,brillant,brillante,10,M,P,brillant,-8.676748,brillante,-12.975129,1
8639,S_NOUN_7_ADJ_b,M,S,le raisin avec les coussins que j' aime beaucoup n' est pas compliqué <eos>,12,compliqué,compliquée,10,M,P,compliqué,-10.037884,compliquée,-13.404929,1
8640,S_NOUN_7_ADJ_b,M,S,le raisin avec les jouets que j' aime beaucoup n' est pas vert <eos>,12,vert,verte,10,M,P,vert,-8.192012,verte,-12.458436,1
8641,S_NOUN_7_ADJ_b,M,S,le raisin avec les jouets que j' aime beaucoup n' est pas bleu <eos>,12,bleu,bleue,10,M,P,bleu,-8.477485,bleue,-13.186073,1
8642,S_NOUN_7_ADJ_b,M,S,le raisin avec les jouets que j' aime beaucoup n' est pas noir <eos>,12,noir,noire,10,M,P,noir,-6.1664085,noire,-12.291496,1
8643,S_NOUN_7_ADJ_b,M,S,le raisin avec les jouets que j' aime beaucoup n' est pas délicat <eos>,12,délicat,délicate,10,M,P,délicat,-9.816264,délicate,-14.676049,1
8644,S_NOUN_7_ADJ_b,M,S,le raisin avec les jouets que j' aime beaucoup n' est pas pointu <eos>,12,pointu,pointue,10,M,P,pointu,-11.905535,pointue,-15.761348,1
8645,S_NOUN_7_ADJ_b,M,S,le raisin avec les jouets que j' aime beaucoup n' est pas rond <eos>,12,rond,ronde,10,M,P,rond,-7.3644705,ronde,-13.526047,1
8646,S_NOUN_7_ADJ_b,M,S,le raisin avec les jouets que j' aime beaucoup n' est pas froid <eos>,12,froid,froide,10,M,P,froid,-8.616265,froide,-12.72035,1
8647,S_NOUN_7_ADJ_b,M,S,le raisin avec les jouets que j' aime beaucoup n' est pas chaud <eos>,12,chaud,chaude,10,M,P,chaud,-8.295328,chaude,-12.515174,1
8648,S_NOUN_7_ADJ_b,M,S,le raisin avec les jouets que j' aime beaucoup n' est pas important <eos>,12,important,importante,10,M,P,important,-8.17643,importante,-11.587236,1
8649,S_NOUN_7_ADJ_b,M,S,le raisin avec les jouets que j' aime beaucoup n' est pas court <eos>,12,court,courte,10,M,P,court,-10.178189,courte,-14.135434,1
8650,S_NOUN_7_ADJ_b,M,S,le raisin avec les jouets que j' aime beaucoup n' est pas dur <eos>,12,dur,dure,10,M,P,dur,-8.940182,dure,-11.184242,1
8651,S_NOUN_7_ADJ_b,M,S,le raisin avec les jouets que j' aime beaucoup n' est pas clair <eos>,12,clair,claire,10,M,P,clair,-5.328554,claire,-8.557148,1
8652,S_NOUN_7_ADJ_b,M,S,le raisin avec les jouets que j' aime beaucoup n' est pas intéressant <eos>,12,intéressant,intéressante,10,M,P,intéressant,-8.7211485,intéressante,-11.630448,1
8653,S_NOUN_7_ADJ_b,M,S,le raisin avec les jouets que j' aime beaucoup n' est pas brillant <eos>,12,brillant,brillante,10,M,P,brillant,-9.349877,brillante,-13.493654,1
8654,S_NOUN_7_ADJ_b,M,S,le raisin avec les jouets que j' aime beaucoup n' est pas compliqué <eos>,12,compliqué,compliquée,10,M,P,compliqué,-9.71953,compliquée,-13.296972,1
8655,S_NOUN_7_ADJ_b,M,S,le raisin avec les clous que j' aime beaucoup n' est pas vert <eos>,12,vert,verte,10,M,P,vert,-7.747179,verte,-12.580221,1
8656,S_NOUN_7_ADJ_b,M,S,le raisin avec les clous que j' aime beaucoup n' est pas bleu <eos>,12,bleu,bleue,10,M,P,bleu,-8.229629,bleue,-13.983681,1
8657,S_NOUN_7_ADJ_b,M,S,le raisin avec les clous que j' aime beaucoup n' est pas noir <eos>,12,noir,noire,10,M,P,noir,-6.326534,noire,-12.67296,1
8658,S_NOUN_7_ADJ_b,M,S,le raisin avec les clous que j' aime beaucoup n' est pas délicat <eos>,12,délicat,délicate,10,M,P,délicat,-8.53995,délicate,-13.429171,1
8659,S_NOUN_7_ADJ_b,M,S,le raisin avec les clous que j' aime beaucoup n' est pas pointu <eos>,12,pointu,pointue,10,M,P,pointu,-11.280183,pointue,-14.917938,1
8660,S_NOUN_7_ADJ_b,M,S,le raisin avec les clous que j' aime beaucoup n' est pas rond <eos>,12,rond,ronde,10,M,P,rond,-6.4601774,ronde,-13.4162655,1
8661,S_NOUN_7_ADJ_b,M,S,le raisin avec les clous que j' aime beaucoup n' est pas froid <eos>,12,froid,froide,10,M,P,froid,-8.501862,froide,-13.275587,1
8662,S_NOUN_7_ADJ_b,M,S,le raisin avec les clous que j' aime beaucoup n' est pas chaud <eos>,12,chaud,chaude,10,M,P,chaud,-7.9521017,chaude,-12.271969,1
8663,S_NOUN_7_ADJ_b,M,S,le raisin avec les clous que j' aime beaucoup n' est pas important <eos>,12,important,importante,10,M,P,important,-7.7340555,importante,-11.033469,1
8664,S_NOUN_7_ADJ_b,M,S,le raisin avec les clous que j' aime beaucoup n' est pas court <eos>,12,court,courte,10,M,P,court,-9.555259,courte,-13.6823225,1
8665,S_NOUN_7_ADJ_b,M,S,le raisin avec les clous que j' aime beaucoup n' est pas dur <eos>,12,dur,dure,10,M,P,dur,-8.386862,dure,-10.767448,1
8666,S_NOUN_7_ADJ_b,M,S,le raisin avec les clous que j' aime beaucoup n' est pas clair <eos>,12,clair,claire,10,M,P,clair,-5.1238766,claire,-8.632265,1
8667,S_NOUN_7_ADJ_b,M,S,le raisin avec les clous que j' aime beaucoup n' est pas intéressant <eos>,12,intéressant,intéressante,10,M,P,intéressant,-8.700124,intéressante,-12.209523,1
8668,S_NOUN_7_ADJ_b,M,S,le raisin avec les clous que j' aime beaucoup n' est pas brillant <eos>,12,brillant,brillante,10,M,P,brillant,-8.894691,brillante,-13.822552,1
8669,S_NOUN_7_ADJ_b,M,S,le raisin avec les clous que j' aime beaucoup n' est pas compliqué <eos>,12,compliqué,compliquée,10,M,P,compliqué,-9.340775,compliquée,-13.685108,1
8670,S_NOUN_7_ADJ_b,M,S,le raisin avec les billets que j' aime beaucoup n' est pas vert <eos>,12,vert,verte,10,M,P,vert,-7.913107,verte,-12.325498,1
8671,S_NOUN_7_ADJ_b,M,S,le raisin avec les billets que j' aime beaucoup n' est pas bleu <eos>,12,bleu,bleue,10,M,P,bleu,-8.040476,bleue,-13.211497,1
8672,S_NOUN_7_ADJ_b,M,S,le raisin avec les billets que j' aime beaucoup n' est pas noir <eos>,12,noir,noire,10,M,P,noir,-5.994136,noire,-12.498266,1
8673,S_NOUN_7_ADJ_b,M,S,le raisin avec les billets que j' aime beaucoup n' est pas délicat <eos>,12,délicat,délicate,10,M,P,délicat,-9.643708,délicate,-15.176798,1
8674,S_NOUN_7_ADJ_b,M,S,le raisin avec les billets que j' aime beaucoup n' est pas pointu <eos>,12,pointu,pointue,10,M,P,pointu,-12.097927,pointue,-16.012878,1
8675,S_NOUN_7_ADJ_b,M,S,le raisin avec les billets que j' aime beaucoup n' est pas rond <eos>,12,rond,ronde,10,M,P,rond,-7.339663,ronde,-13.298418,1
8676,S_NOUN_7_ADJ_b,M,S,le raisin avec les billets que j' aime beaucoup n' est pas froid <eos>,12,froid,froide,10,M,P,froid,-8.908975,froide,-13.04964,1
8677,S_NOUN_7_ADJ_b,M,S,le raisin avec les billets que j' aime beaucoup n' est pas chaud <eos>,12,chaud,chaude,10,M,P,chaud,-8.551689,chaude,-12.320866,1
8678,S_NOUN_7_ADJ_b,M,S,le raisin avec les billets que j' aime beaucoup n' est pas important <eos>,12,important,importante,10,M,P,important,-7.794389,importante,-11.312681,1
8679,S_NOUN_7_ADJ_b,M,S,le raisin avec les billets que j' aime beaucoup n' est pas court <eos>,12,court,courte,10,M,P,court,-9.598507,courte,-13.97695,1
8680,S_NOUN_7_ADJ_b,M,S,le raisin avec les billets que j' aime beaucoup n' est pas dur <eos>,12,dur,dure,10,M,P,dur,-9.392374,dure,-11.724438,1
8681,S_NOUN_7_ADJ_b,M,S,le raisin avec les billets que j' aime beaucoup n' est pas clair <eos>,12,clair,claire,10,M,P,clair,-5.107519,claire,-8.8033695,1
8682,S_NOUN_7_ADJ_b,M,S,le raisin avec les billets que j' aime beaucoup n' est pas intéressant <eos>,12,intéressant,intéressante,10,M,P,intéressant,-8.582385,intéressante,-11.862067,1
8683,S_NOUN_7_ADJ_b,M,S,le raisin avec les billets que j' aime beaucoup n' est pas brillant <eos>,12,brillant,brillante,10,M,P,brillant,-9.575329,brillante,-13.607492,1
8684,S_NOUN_7_ADJ_b,M,S,le raisin avec les billets que j' aime beaucoup n' est pas compliqué <eos>,12,compliqué,compliquée,10,M,P,compliqué,-9.601152,compliquée,-14.436445,1
8685,S_NOUN_7_ADJ_b,M,S,le raisin avec les légumes que j' aime beaucoup n' est pas vert <eos>,12,vert,verte,10,M,P,vert,-7.7129984,verte,-12.477053,1
8686,S_NOUN_7_ADJ_b,M,S,le raisin avec les légumes que j' aime beaucoup n' est pas bleu <eos>,12,bleu,bleue,10,M,P,bleu,-8.6119585,bleue,-13.803274,1
8687,S_NOUN_7_ADJ_b,M,S,le raisin avec les légumes que j' aime beaucoup n' est pas noir <eos>,12,noir,noire,10,M,P,noir,-6.7718315,noire,-13.139488,1
8688,S_NOUN_7_ADJ_b,M,S,le raisin avec les légumes que j' aime beaucoup n' est pas délicat <eos>,12,délicat,délicate,10,M,P,délicat,-8.550056,délicate,-13.744034,1
8689,S_NOUN_7_ADJ_b,M,S,le raisin avec les légumes que j' aime beaucoup n' est pas pointu <eos>,12,pointu,pointue,10,M,P,pointu,-11.85379,pointue,-15.463371,1
8690,S_NOUN_7_ADJ_b,M,S,le raisin avec les légumes que j' aime beaucoup n' est pas rond <eos>,12,rond,ronde,10,M,P,rond,-7.379936,ronde,-13.3901415,1
8691,S_NOUN_7_ADJ_b,M,S,le raisin avec les légumes que j' aime beaucoup n' est pas froid <eos>,12,froid,froide,10,M,P,froid,-8.142429,froide,-12.483533,1
8692,S_NOUN_7_ADJ_b,M,S,le raisin avec les légumes que j' aime beaucoup n' est pas chaud <eos>,12,chaud,chaude,10,M,P,chaud,-7.322253,chaude,-11.895941,1
8693,S_NOUN_7_ADJ_b,M,S,le raisin avec les légumes que j' aime beaucoup n' est pas important <eos>,12,important,importante,10,M,P,important,-7.8734517,importante,-11.127199,1
8694,S_NOUN_7_ADJ_b,M,S,le raisin avec les légumes que j' aime beaucoup n' est pas court <eos>,12,court,courte,10,M,P,court,-10.19945,courte,-14.114678,1
8695,S_NOUN_7_ADJ_b,M,S,le raisin avec les légumes que j' aime beaucoup n' est pas dur <eos>,12,dur,dure,10,M,P,dur,-7.963334,dure,-11.093789,1
8696,S_NOUN_7_ADJ_b,M,S,le raisin avec les légumes que j' aime beaucoup n' est pas clair <eos>,12,clair,claire,10,M,P,clair,-5.029688,claire,-8.812811,1
8697,S_NOUN_7_ADJ_b,M,S,le raisin avec les légumes que j' aime beaucoup n' est pas intéressant <eos>,12,intéressant,intéressante,10,M,P,intéressant,-8.461138,intéressante,-11.3306265,1
8698,S_NOUN_7_ADJ_b,M,S,le raisin avec les légumes que j' aime beaucoup n' est pas brillant <eos>,12,brillant,brillante,10,M,P,brillant,-9.017677,brillante,-13.594345,1
8699,S_NOUN_7_ADJ_b,M,S,le raisin avec les légumes que j' aime beaucoup n' est pas compliqué <eos>,12,compliqué,compliquée,10,M,P,compliqué,-9.389216,compliquée,-13.582718,1
8700,S_NOUN_7_ADJ_b,M,S,le chargeur avec les bracelets que j' aime beaucoup n' est pas vert <eos>,12,vert,verte,10,M,P,vert,-9.003962,verte,-13.1626,1
8701,S_NOUN_7_ADJ_b,M,S,le chargeur avec les bracelets que j' aime beaucoup n' est pas bleu <eos>,12,bleu,bleue,10,M,P,bleu,-8.642494,bleue,-13.396328,1
8702,S_NOUN_7_ADJ_b,M,S,le chargeur avec les bracelets que j' aime beaucoup n' est pas noir <eos>,12,noir,noire,10,M,P,noir,-6.274047,noire,-12.45261,1
8703,S_NOUN_7_ADJ_b,M,S,le chargeur avec les bracelets que j' aime beaucoup n' est pas délicat <eos>,12,délicat,délicate,10,M,P,délicat,-10.468225,délicate,-14.978062,1
8704,S_NOUN_7_ADJ_b,M,S,le chargeur avec les bracelets que j' aime beaucoup n' est pas pointu <eos>,12,pointu,pointue,10,M,P,pointu,-9.611776,pointue,-15.127003,1
8705,S_NOUN_7_ADJ_b,M,S,le chargeur avec les bracelets que j' aime beaucoup n' est pas rond <eos>,12,rond,ronde,10,M,P,rond,-7.400317,ronde,-12.761346,1
8706,S_NOUN_7_ADJ_b,M,S,le chargeur avec les bracelets que j' aime beaucoup n' est pas froid <eos>,12,froid,froide,10,M,P,froid,-10.015313,froide,-14.9578285,1
8707,S_NOUN_7_ADJ_b,M,S,le chargeur avec les bracelets que j' aime beaucoup n' est pas chaud <eos>,12,chaud,chaude,10,M,P,chaud,-9.275717,chaude,-14.52899,1
8708,S_NOUN_7_ADJ_b,M,S,le chargeur avec les bracelets que j' aime beaucoup n' est pas important <eos>,12,important,importante,10,M,P,important,-7.814644,importante,-11.73003,1
8709,S_NOUN_7_ADJ_b,M,S,le chargeur avec les bracelets que j' aime beaucoup n' est pas court <eos>,12,court,courte,10,M,P,court,-8.595761,courte,-11.99395,1
8710,S_NOUN_7_ADJ_b,M,S,le chargeur avec les bracelets que j' aime beaucoup n' est pas dur <eos>,12,dur,dure,10,M,P,dur,-8.946411,dure,-11.5542145,1
8711,S_NOUN_7_ADJ_b,M,S,le chargeur avec les bracelets que j' aime beaucoup n' est pas clair <eos>,12,clair,claire,10,M,P,clair,-6.3734913,claire,-9.86181,1
8712,S_NOUN_7_ADJ_b,M,S,le chargeur avec les bracelets que j' aime beaucoup n' est pas intéressant <eos>,12,intéressant,intéressante,10,M,P,intéressant,-8.288082,intéressante,-12.836994,1
8713,S_NOUN_7_ADJ_b,M,S,le chargeur avec les bracelets que j' aime beaucoup n' est pas brillant <eos>,12,brillant,brillante,10,M,P,brillant,-8.683519,brillante,-12.663113,1
8714,S_NOUN_7_ADJ_b,M,S,le chargeur avec les bracelets que j' aime beaucoup n' est pas compliqué <eos>,12,compliqué,compliquée,10,M,P,compliqué,-9.753943,compliquée,-13.878608,1
8715,S_NOUN_7_ADJ_b,M,S,le chargeur avec les miroirs que j' aime beaucoup n' est pas vert <eos>,12,vert,verte,10,M,P,vert,-9.071648,verte,-12.9535885,1
8716,S_NOUN_7_ADJ_b,M,S,le chargeur avec les miroirs que j' aime beaucoup n' est pas bleu <eos>,12,bleu,bleue,10,M,P,bleu,-8.898048,bleue,-13.822565,1
8717,S_NOUN_7_ADJ_b,M,S,le chargeur avec les miroirs que j' aime beaucoup n' est pas noir <eos>,12,noir,noire,10,M,P,noir,-6.7250834,noire,-12.659761,1
8718,S_NOUN_7_ADJ_b,M,S,le chargeur avec les miroirs que j' aime beaucoup n' est pas délicat <eos>,12,délicat,délicate,10,M,P,délicat,-10.520425,délicate,-15.078412,1
8719,S_NOUN_7_ADJ_b,M,S,le chargeur avec les miroirs que j' aime beaucoup n' est pas pointu <eos>,12,pointu,pointue,10,M,P,pointu,-10.183177,pointue,-15.400448,1
8720,S_NOUN_7_ADJ_b,M,S,le chargeur avec les miroirs que j' aime beaucoup n' est pas rond <eos>,12,rond,ronde,10,M,P,rond,-7.652846,ronde,-13.39921,1
8721,S_NOUN_7_ADJ_b,M,S,le chargeur avec les miroirs que j' aime beaucoup n' est pas froid <eos>,12,froid,froide,10,M,P,froid,-10.187357,froide,-14.611613,1
8722,S_NOUN_7_ADJ_b,M,S,le chargeur avec les miroirs que j' aime beaucoup n' est pas chaud <eos>,12,chaud,chaude,10,M,P,chaud,-9.292878,chaude,-14.488003,1
8723,S_NOUN_7_ADJ_b,M,S,le chargeur avec les miroirs que j' aime beaucoup n' est pas important <eos>,12,important,importante,10,M,P,important,-7.7387657,importante,-11.776461,1
8724,S_NOUN_7_ADJ_b,M,S,le chargeur avec les miroirs que j' aime beaucoup n' est pas court <eos>,12,court,courte,10,M,P,court,-9.510779,courte,-13.03333,1
8725,S_NOUN_7_ADJ_b,M,S,le chargeur avec les miroirs que j' aime beaucoup n' est pas dur <eos>,12,dur,dure,10,M,P,dur,-8.884472,dure,-12.00078,1
8726,S_NOUN_7_ADJ_b,M,S,le chargeur avec les miroirs que j' aime beaucoup n' est pas clair <eos>,12,clair,claire,10,M,P,clair,-6.7046223,claire,-10.318724,1
8727,S_NOUN_7_ADJ_b,M,S,le chargeur avec les miroirs que j' aime beaucoup n' est pas intéressant <eos>,12,intéressant,intéressante,10,M,P,intéressant,-8.412779,intéressante,-12.745338,1
8728,S_NOUN_7_ADJ_b,M,S,le chargeur avec les miroirs que j' aime beaucoup n' est pas brillant <eos>,12,brillant,brillante,10,M,P,brillant,-8.8338,brillante,-13.038422,1
8729,S_NOUN_7_ADJ_b,M,S,le chargeur avec les miroirs que j' aime beaucoup n' est pas compliqué <eos>,12,compliqué,compliquée,10,M,P,compliqué,-10.062651,compliquée,-14.340454,1
8730,S_NOUN_7_ADJ_b,M,S,le chargeur avec les crayons que j' aime beaucoup n' est pas vert <eos>,12,vert,verte,10,M,P,vert,-8.364269,verte,-13.106983,1
8731,S_NOUN_7_ADJ_b,M,S,le chargeur avec les crayons que j' aime beaucoup n' est pas bleu <eos>,12,bleu,bleue,10,M,P,bleu,-8.231349,bleue,-13.348605,1
8732,S_NOUN_7_ADJ_b,M,S,le chargeur avec les crayons que j' aime beaucoup n' est pas noir <eos>,12,noir,noire,10,M,P,noir,-6.261384,noire,-12.82219,1
8733,S_NOUN_7_ADJ_b,M,S,le chargeur avec les crayons que j' aime beaucoup n' est pas délicat <eos>,12,délicat,délicate,10,M,P,délicat,-9.865625,délicate,-14.718636,1
8734,S_NOUN_7_ADJ_b,M,S,le chargeur avec les crayons que j' aime beaucoup n' est pas pointu <eos>,12,pointu,pointue,10,M,P,pointu,-11.43117,pointue,-15.933325,1
8735,S_NOUN_7_ADJ_b,M,S,le chargeur avec les crayons que j' aime beaucoup n' est pas rond <eos>,12,rond,ronde,10,M,P,rond,-7.382986,ronde,-13.724427,1
8736,S_NOUN_7_ADJ_b,M,S,le chargeur avec les crayons que j' aime beaucoup n' est pas froid <eos>,12,froid,froide,10,M,P,froid,-9.872176,froide,-14.318586,1
8737,S_NOUN_7_ADJ_b,M,S,le chargeur avec les crayons que j' aime beaucoup n' est pas chaud <eos>,12,chaud,chaude,10,M,P,chaud,-8.563514,chaude,-14.151836,1
8738,S_NOUN_7_ADJ_b,M,S,le chargeur avec les crayons que j' aime beaucoup n' est pas important <eos>,12,important,importante,10,M,P,important,-7.5397315,importante,-11.518036,1
8739,S_NOUN_7_ADJ_b,M,S,le chargeur avec les crayons que j' aime beaucoup n' est pas court <eos>,12,court,courte,10,M,P,court,-9.448576,courte,-13.071844,1
8740,S_NOUN_7_ADJ_b,M,S,le chargeur avec les crayons que j' aime beaucoup n' est pas dur <eos>,12,dur,dure,10,M,P,dur,-8.541109,dure,-11.538767,1
8741,S_NOUN_7_ADJ_b,M,S,le chargeur avec les crayons que j' aime beaucoup n' est pas clair <eos>,12,clair,claire,10,M,P,clair,-5.8192735,claire,-9.6560955,1
8742,S_NOUN_7_ADJ_b,M,S,le chargeur avec les crayons que j' aime beaucoup n' est pas intéressant <eos>,12,intéressant,intéressante,10,M,P,intéressant,-7.9107018,intéressante,-12.002122,1
8743,S_NOUN_7_ADJ_b,M,S,le chargeur avec les crayons que j' aime beaucoup n' est pas brillant <eos>,12,brillant,brillante,10,M,P,brillant,-8.858449,brillante,-12.854755,1
8744,S_NOUN_7_ADJ_b,M,S,le chargeur avec les crayons que j' aime beaucoup n' est pas compliqué <eos>,12,compliqué,compliquée,10,M,P,compliqué,-10.188683,compliquée,-14.14419,1
8745,S_NOUN_7_ADJ_b,M,S,le chargeur avec les rideaux que j' aime beaucoup n' est pas vert <eos>,12,vert,verte,10,M,P,vert,-8.781385,verte,-13.250332,1
8746,S_NOUN_7_ADJ_b,M,S,le chargeur avec les rideaux que j' aime beaucoup n' est pas bleu <eos>,12,bleu,bleue,10,M,P,bleu,-8.705747,bleue,-13.524057,1
8747,S_NOUN_7_ADJ_b,M,S,le chargeur avec les rideaux que j' aime beaucoup n' est pas noir <eos>,12,noir,noire,10,M,P,noir,-6.4166336,noire,-12.763632,1
8748,S_NOUN_7_ADJ_b,M,S,le chargeur avec les rideaux que j' aime beaucoup n' est pas délicat <eos>,12,délicat,délicate,10,M,P,délicat,-10.40852,délicate,-14.903603,1
8749,S_NOUN_7_ADJ_b,M,S,le chargeur avec les rideaux que j' aime beaucoup n' est pas pointu <eos>,12,pointu,pointue,10,M,P,pointu,-10.307271,pointue,-15.847572,1
8750,S_NOUN_7_ADJ_b,M,S,le chargeur avec les rideaux que j' aime beaucoup n' est pas rond <eos>,12,rond,ronde,10,M,P,rond,-7.007258,ronde,-13.188011,1
8751,S_NOUN_7_ADJ_b,M,S,le chargeur avec les rideaux que j' aime beaucoup n' est pas froid <eos>,12,froid,froide,10,M,P,froid,-10.355017,froide,-14.374763,1
8752,S_NOUN_7_ADJ_b,M,S,le chargeur avec les rideaux que j' aime beaucoup n' est pas chaud <eos>,12,chaud,chaude,10,M,P,chaud,-9.091772,chaude,-14.4384165,1
8753,S_NOUN_7_ADJ_b,M,S,le chargeur avec les rideaux que j' aime beaucoup n' est pas important <eos>,12,important,importante,10,M,P,important,-7.461419,importante,-11.474502,1
8754,S_NOUN_7_ADJ_b,M,S,le chargeur avec les rideaux que j' aime beaucoup n' est pas court <eos>,12,court,courte,10,M,P,court,-8.729571,courte,-12.351285,1
8755,S_NOUN_7_ADJ_b,M,S,le chargeur avec les rideaux que j' aime beaucoup n' est pas dur <eos>,12,dur,dure,10,M,P,dur,-8.689077,dure,-11.401882,1
8756,S_NOUN_7_ADJ_b,M,S,le chargeur avec les rideaux que j' aime beaucoup n' est pas clair <eos>,12,clair,claire,10,M,P,clair,-6.4882345,claire,-10.213028,1
8757,S_NOUN_7_ADJ_b,M,S,le chargeur avec les rideaux que j' aime beaucoup n' est pas intéressant <eos>,12,intéressant,intéressante,10,M,P,intéressant,-8.305382,intéressante,-12.693863,1
8758,S_NOUN_7_ADJ_b,M,S,le chargeur avec les rideaux que j' aime beaucoup n' est pas brillant <eos>,12,brillant,brillante,10,M,P,brillant,-9.453904,brillante,-13.333077,1
8759,S_NOUN_7_ADJ_b,M,S,le chargeur avec les rideaux que j' aime beaucoup n' est pas compliqué <eos>,12,compliqué,compliquée,10,M,P,compliqué,-10.233279,compliquée,-14.403456,1
8760,S_NOUN_7_ADJ_b,M,S,le chargeur avec les cahiers que j' aime beaucoup n' est pas vert <eos>,12,vert,verte,10,M,P,vert,-9.256083,verte,-13.605949,1
8761,S_NOUN_7_ADJ_b,M,S,le chargeur avec les cahiers que j' aime beaucoup n' est pas bleu <eos>,12,bleu,bleue,10,M,P,bleu,-9.142994,bleue,-13.869315,1
8762,S_NOUN_7_ADJ_b,M,S,le chargeur avec les cahiers que j' aime beaucoup n' est pas noir <eos>,12,noir,noire,10,M,P,noir,-6.92778,noire,-13.133629,1
8763,S_NOUN_7_ADJ_b,M,S,le chargeur avec les cahiers que j' aime beaucoup n' est pas délicat <eos>,12,délicat,délicate,10,M,P,délicat,-10.57131,délicate,-15.54864,1
8764,S_NOUN_7_ADJ_b,M,S,le chargeur avec les cahiers que j' aime beaucoup n' est pas pointu <eos>,12,pointu,pointue,10,M,P,pointu,-10.782755,pointue,-15.826422,1
8765,S_NOUN_7_ADJ_b,M,S,le chargeur avec les cahiers que j' aime beaucoup n' est pas rond <eos>,12,rond,ronde,10,M,P,rond,-7.176134,ronde,-13.2313385,1
8766,S_NOUN_7_ADJ_b,M,S,le chargeur avec les cahiers que j' aime beaucoup n' est pas froid <eos>,12,froid,froide,10,M,P,froid,-10.1910715,froide,-14.539436,1
8767,S_NOUN_7_ADJ_b,M,S,le chargeur avec les cahiers que j' aime beaucoup n' est pas chaud <eos>,12,chaud,chaude,10,M,P,chaud,-9.017208,chaude,-14.616943,1
8768,S_NOUN_7_ADJ_b,M,S,le chargeur avec les cahiers que j' aime beaucoup n' est pas important <eos>,12,important,importante,10,M,P,important,-7.6079197,importante,-11.703907,1
8769,S_NOUN_7_ADJ_b,M,S,le chargeur avec les cahiers que j' aime beaucoup n' est pas court <eos>,12,court,courte,10,M,P,court,-9.382327,courte,-12.732594,1
8770,S_NOUN_7_ADJ_b,M,S,le chargeur avec les cahiers que j' aime beaucoup n' est pas dur <eos>,12,dur,dure,10,M,P,dur,-8.82036,dure,-12.0656185,1
8771,S_NOUN_7_ADJ_b,M,S,le chargeur avec les cahiers que j' aime beaucoup n' est pas clair <eos>,12,clair,claire,10,M,P,clair,-6.7211146,claire,-10.681057,1
8772,S_NOUN_7_ADJ_b,M,S,le chargeur avec les cahiers que j' aime beaucoup n' est pas intéressant <eos>,12,intéressant,intéressante,10,M,P,intéressant,-8.013686,intéressante,-11.847139,1
8773,S_NOUN_7_ADJ_b,M,S,le chargeur avec les cahiers que j' aime beaucoup n' est pas brillant <eos>,12,brillant,brillante,10,M,P,brillant,-9.63731,brillante,-13.325483,1
8774,S_NOUN_7_ADJ_b,M,S,le chargeur avec les cahiers que j' aime beaucoup n' est pas compliqué <eos>,12,compliqué,compliquée,10,M,P,compliqué,-9.799413,compliquée,-13.947534,1
8775,S_NOUN_7_ADJ_b,M,S,le chargeur avec les micros que j' aime beaucoup n' est pas vert <eos>,12,vert,verte,10,M,P,vert,-9.764494,verte,-13.833134,1
8776,S_NOUN_7_ADJ_b,M,S,le chargeur avec les micros que j' aime beaucoup n' est pas bleu <eos>,12,bleu,bleue,10,M,P,bleu,-9.539687,bleue,-14.243069,1
8777,S_NOUN_7_ADJ_b,M,S,le chargeur avec les micros que j' aime beaucoup n' est pas noir <eos>,12,noir,noire,10,M,P,noir,-6.967953,noire,-13.2626705,1
8778,S_NOUN_7_ADJ_b,M,S,le chargeur avec les micros que j' aime beaucoup n' est pas délicat <eos>,12,délicat,délicate,10,M,P,délicat,-10.409571,délicate,-15.692992,1
8779,S_NOUN_7_ADJ_b,M,S,le chargeur avec les micros que j' aime beaucoup n' est pas pointu <eos>,12,pointu,pointue,10,M,P,pointu,-10.322878,pointue,-16.093786,1
8780,S_NOUN_7_ADJ_b,M,S,le chargeur avec les micros que j' aime beaucoup n' est pas rond <eos>,12,rond,ronde,10,M,P,rond,-7.7815547,ronde,-13.571577,1
8781,S_NOUN_7_ADJ_b,M,S,le chargeur avec les micros que j' aime beaucoup n' est pas froid <eos>,12,froid,froide,10,M,P,froid,-10.160527,froide,-14.701491,1
8782,S_NOUN_7_ADJ_b,M,S,le chargeur avec les micros que j' aime beaucoup n' est pas chaud <eos>,12,chaud,chaude,10,M,P,chaud,-9.23543,chaude,-14.162474,1
8783,S_NOUN_7_ADJ_b,M,S,le chargeur avec les micros que j' aime beaucoup n' est pas important <eos>,12,important,importante,10,M,P,important,-7.5671415,importante,-11.768409,1
8784,S_NOUN_7_ADJ_b,M,S,le chargeur avec les micros que j' aime beaucoup n' est pas court <eos>,12,court,courte,10,M,P,court,-9.184661,courte,-12.630596,1
8785,S_NOUN_7_ADJ_b,M,S,le chargeur avec les micros que j' aime beaucoup n' est pas dur <eos>,12,dur,dure,10,M,P,dur,-8.632357,dure,-11.807482,1
8786,S_NOUN_7_ADJ_b,M,S,le chargeur avec les micros que j' aime beaucoup n' est pas clair <eos>,12,clair,claire,10,M,P,clair,-6.60886,claire,-10.218813,1
8787,S_NOUN_7_ADJ_b,M,S,le chargeur avec les micros que j' aime beaucoup n' est pas intéressant <eos>,12,intéressant,intéressante,10,M,P,intéressant,-8.107767,intéressante,-12.1192045,1
8788,S_NOUN_7_ADJ_b,M,S,le chargeur avec les micros que j' aime beaucoup n' est pas brillant <eos>,12,brillant,brillante,10,M,P,brillant,-9.672383,brillante,-13.845438,1
8789,S_NOUN_7_ADJ_b,M,S,le chargeur avec les micros que j' aime beaucoup n' est pas compliqué <eos>,12,compliqué,compliquée,10,M,P,compliqué,-10.009827,compliquée,-13.968573,1
8790,S_NOUN_7_ADJ_b,M,S,le chargeur avec les sacs que j' aime beaucoup n' est pas vert <eos>,12,vert,verte,10,M,P,vert,-9.065253,verte,-13.597131,1
8791,S_NOUN_7_ADJ_b,M,S,le chargeur avec les sacs que j' aime beaucoup n' est pas bleu <eos>,12,bleu,bleue,10,M,P,bleu,-9.081356,bleue,-13.851776,1
8792,S_NOUN_7_ADJ_b,M,S,le chargeur avec les sacs que j' aime beaucoup n' est pas noir <eos>,12,noir,noire,10,M,P,noir,-6.673562,noire,-13.085026,1
8793,S_NOUN_7_ADJ_b,M,S,le chargeur avec les sacs que j' aime beaucoup n' est pas délicat <eos>,12,délicat,délicate,10,M,P,délicat,-9.823726,délicate,-14.827273,1
8794,S_NOUN_7_ADJ_b,M,S,le chargeur avec les sacs que j' aime beaucoup n' est pas pointu <eos>,12,pointu,pointue,10,M,P,pointu,-10.687887,pointue,-15.663705,1
8795,S_NOUN_7_ADJ_b,M,S,le chargeur avec les sacs que j' aime beaucoup n' est pas rond <eos>,12,rond,ronde,10,M,P,rond,-7.361336,ronde,-13.339411,1
8796,S_NOUN_7_ADJ_b,M,S,le chargeur avec les sacs que j' aime beaucoup n' est pas froid <eos>,12,froid,froide,10,M,P,froid,-9.6033945,froide,-14.330602,1
8797,S_NOUN_7_ADJ_b,M,S,le chargeur avec les sacs que j' aime beaucoup n' est pas chaud <eos>,12,chaud,chaude,10,M,P,chaud,-8.220056,chaude,-14.157342,1
8798,S_NOUN_7_ADJ_b,M,S,le chargeur avec les sacs que j' aime beaucoup n' est pas important <eos>,12,important,importante,10,M,P,important,-7.5549803,importante,-11.702261,1
8799,S_NOUN_7_ADJ_b,M,S,le chargeur avec les sacs que j' aime beaucoup n' est pas court <eos>,12,court,courte,10,M,P,court,-9.071391,courte,-12.657484,1
8800,S_NOUN_7_ADJ_b,M,S,le chargeur avec les sacs que j' aime beaucoup n' est pas dur <eos>,12,dur,dure,10,M,P,dur,-8.523612,dure,-11.231392,1
8801,S_NOUN_7_ADJ_b,M,S,le chargeur avec les sacs que j' aime beaucoup n' est pas clair <eos>,12,clair,claire,10,M,P,clair,-6.4364643,claire,-10.307813,1
8802,S_NOUN_7_ADJ_b,M,S,le chargeur avec les sacs que j' aime beaucoup n' est pas intéressant <eos>,12,intéressant,intéressante,10,M,P,intéressant,-8.137131,intéressante,-12.139914,1
8803,S_NOUN_7_ADJ_b,M,S,le chargeur avec les sacs que j' aime beaucoup n' est pas brillant <eos>,12,brillant,brillante,10,M,P,brillant,-9.193639,brillante,-13.783337,1
8804,S_NOUN_7_ADJ_b,M,S,le chargeur avec les sacs que j' aime beaucoup n' est pas compliqué <eos>,12,compliqué,compliquée,10,M,P,compliqué,-9.525026,compliquée,-13.7094145,1
8805,S_NOUN_7_ADJ_b,M,S,le chargeur avec les claviers que j' aime beaucoup n' est pas vert <eos>,12,vert,verte,10,M,P,vert,-10.27066,verte,-14.9426365,1
8806,S_NOUN_7_ADJ_b,M,S,le chargeur avec les claviers que j' aime beaucoup n' est pas bleu <eos>,12,bleu,bleue,10,M,P,bleu,-9.868986,bleue,-14.763869,1
8807,S_NOUN_7_ADJ_b,M,S,le chargeur avec les claviers que j' aime beaucoup n' est pas noir <eos>,12,noir,noire,10,M,P,noir,-7.2978005,noire,-13.663134,1
8808,S_NOUN_7_ADJ_b,M,S,le chargeur avec les claviers que j' aime beaucoup n' est pas délicat <eos>,12,délicat,délicate,10,M,P,délicat,-10.095654,délicate,-15.571804,1
8809,S_NOUN_7_ADJ_b,M,S,le chargeur avec les claviers que j' aime beaucoup n' est pas pointu <eos>,12,pointu,pointue,10,M,P,pointu,-9.958611,pointue,-15.7498,1
8810,S_NOUN_7_ADJ_b,M,S,le chargeur avec les claviers que j' aime beaucoup n' est pas rond <eos>,12,rond,ronde,10,M,P,rond,-7.4976635,ronde,-13.085931,1
8811,S_NOUN_7_ADJ_b,M,S,le chargeur avec les claviers que j' aime beaucoup n' est pas froid <eos>,12,froid,froide,10,M,P,froid,-10.428055,froide,-15.361998,1
8812,S_NOUN_7_ADJ_b,M,S,le chargeur avec les claviers que j' aime beaucoup n' est pas chaud <eos>,12,chaud,chaude,10,M,P,chaud,-9.271776,chaude,-14.693373,1
8813,S_NOUN_7_ADJ_b,M,S,le chargeur avec les claviers que j' aime beaucoup n' est pas important <eos>,12,important,importante,10,M,P,important,-7.353674,importante,-11.626443,1
8814,S_NOUN_7_ADJ_b,M,S,le chargeur avec les claviers que j' aime beaucoup n' est pas court <eos>,12,court,courte,10,M,P,court,-8.715782,courte,-12.227146,1
8815,S_NOUN_7_ADJ_b,M,S,le chargeur avec les claviers que j' aime beaucoup n' est pas dur <eos>,12,dur,dure,10,M,P,dur,-8.540111,dure,-11.376841,1
8816,S_NOUN_7_ADJ_b,M,S,le chargeur avec les claviers que j' aime beaucoup n' est pas clair <eos>,12,clair,claire,10,M,P,clair,-6.5625496,claire,-10.442209,1
8817,S_NOUN_7_ADJ_b,M,S,le chargeur avec les claviers que j' aime beaucoup n' est pas intéressant <eos>,12,intéressant,intéressante,10,M,P,intéressant,-8.199153,intéressante,-12.218198,1
8818,S_NOUN_7_ADJ_b,M,S,le chargeur avec les claviers que j' aime beaucoup n' est pas brillant <eos>,12,brillant,brillante,10,M,P,brillant,-9.504812,brillante,-14.011843,1
8819,S_NOUN_7_ADJ_b,M,S,le chargeur avec les claviers que j' aime beaucoup n' est pas compliqué <eos>,12,compliqué,compliquée,10,M,P,compliqué,-9.503345,compliquée,-13.618687,1
8820,S_NOUN_7_ADJ_b,M,S,le chargeur avec les raisins que j' aime beaucoup n' est pas vert <eos>,12,vert,verte,10,M,P,vert,-8.663247,verte,-13.95812,1
8821,S_NOUN_7_ADJ_b,M,S,le chargeur avec les raisins que j' aime beaucoup n' est pas bleu <eos>,12,bleu,bleue,10,M,P,bleu,-8.644898,bleue,-13.927663,1
8822,S_NOUN_7_ADJ_b,M,S,le chargeur avec les raisins que j' aime beaucoup n' est pas noir <eos>,12,noir,noire,10,M,P,noir,-6.78216,noire,-13.314895,1
8823,S_NOUN_7_ADJ_b,M,S,le chargeur avec les raisins que j' aime beaucoup n' est pas délicat <eos>,12,délicat,délicate,10,M,P,délicat,-9.497701,délicate,-14.999334,1
8824,S_NOUN_7_ADJ_b,M,S,le chargeur avec les raisins que j' aime beaucoup n' est pas pointu <eos>,12,pointu,pointue,10,M,P,pointu,-11.465649,pointue,-16.119263,1
8825,S_NOUN_7_ADJ_b,M,S,le chargeur avec les raisins que j' aime beaucoup n' est pas rond <eos>,12,rond,ronde,10,M,P,rond,-7.0324564,ronde,-13.487032,1
8826,S_NOUN_7_ADJ_b,M,S,le chargeur avec les raisins que j' aime beaucoup n' est pas froid <eos>,12,froid,froide,10,M,P,froid,-8.863975,froide,-13.711277,1
8827,S_NOUN_7_ADJ_b,M,S,le chargeur avec les raisins que j' aime beaucoup n' est pas chaud <eos>,12,chaud,chaude,10,M,P,chaud,-7.8166294,chaude,-12.986251,1
8828,S_NOUN_7_ADJ_b,M,S,le chargeur avec les raisins que j' aime beaucoup n' est pas important <eos>,12,important,importante,10,M,P,important,-7.5490084,importante,-11.511157,1
8829,S_NOUN_7_ADJ_b,M,S,le chargeur avec les raisins que j' aime beaucoup n' est pas court <eos>,12,court,courte,10,M,P,court,-9.143173,courte,-13.144425,1
8830,S_NOUN_7_ADJ_b,M,S,le chargeur avec les raisins que j' aime beaucoup n' est pas dur <eos>,12,dur,dure,10,M,P,dur,-9.10199,dure,-11.034585,1
8831,S_NOUN_7_ADJ_b,M,S,le chargeur avec les raisins que j' aime beaucoup n' est pas clair <eos>,12,clair,claire,10,M,P,clair,-5.7142887,claire,-10.006548,1
8832,S_NOUN_7_ADJ_b,M,S,le chargeur avec les raisins que j' aime beaucoup n' est pas intéressant <eos>,12,intéressant,intéressante,10,M,P,intéressant,-8.288409,intéressante,-12.218801,1
8833,S_NOUN_7_ADJ_b,M,S,le chargeur avec les raisins que j' aime beaucoup n' est pas brillant <eos>,12,brillant,brillante,10,M,P,brillant,-9.62709,brillante,-13.783004,1
8834,S_NOUN_7_ADJ_b,M,S,le chargeur avec les raisins que j' aime beaucoup n' est pas compliqué <eos>,12,compliqué,compliquée,10,M,P,compliqué,-9.55567,compliquée,-14.384606,1
8835,S_NOUN_7_ADJ_b,M,S,le chargeur avec les chargeurs que j' aime beaucoup n' est pas vert <eos>,12,vert,verte,10,M,P,vert,-9.496696,verte,-13.850997,1
8836,S_NOUN_7_ADJ_b,M,S,le chargeur avec les chargeurs que j' aime beaucoup n' est pas bleu <eos>,12,bleu,bleue,10,M,P,bleu,-9.55047,bleue,-14.520887,1
8837,S_NOUN_7_ADJ_b,M,S,le chargeur avec les chargeurs que j' aime beaucoup n' est pas noir <eos>,12,noir,noire,10,M,P,noir,-7.153469,noire,-13.237009,1
8838,S_NOUN_7_ADJ_b,M,S,le chargeur avec les chargeurs que j' aime beaucoup n' est pas délicat <eos>,12,délicat,délicate,10,M,P,délicat,-10.652635,délicate,-15.84331,1
8839,S_NOUN_7_ADJ_b,M,S,le chargeur avec les chargeurs que j' aime beaucoup n' est pas pointu <eos>,12,pointu,pointue,10,M,P,pointu,-10.572375,pointue,-15.814793,1
8840,S_NOUN_7_ADJ_b,M,S,le chargeur avec les chargeurs que j' aime beaucoup n' est pas rond <eos>,12,rond,ronde,10,M,P,rond,-8.067003,ronde,-13.296051,1
8841,S_NOUN_7_ADJ_b,M,S,le chargeur avec les chargeurs que j' aime beaucoup n' est pas froid <eos>,12,froid,froide,10,M,P,froid,-10.359606,froide,-15.315948,1
8842,S_NOUN_7_ADJ_b,M,S,le chargeur avec les chargeurs que j' aime beaucoup n' est pas chaud <eos>,12,chaud,chaude,10,M,P,chaud,-9.223971,chaude,-15.059494,1
8843,S_NOUN_7_ADJ_b,M,S,le chargeur avec les chargeurs que j' aime beaucoup n' est pas important <eos>,12,important,importante,10,M,P,important,-7.261309,importante,-11.158976,1
8844,S_NOUN_7_ADJ_b,M,S,le chargeur avec les chargeurs que j' aime beaucoup n' est pas court <eos>,12,court,courte,10,M,P,court,-8.933419,courte,-12.41539,1
8845,S_NOUN_7_ADJ_b,M,S,le chargeur avec les chargeurs que j' aime beaucoup n' est pas dur <eos>,12,dur,dure,10,M,P,dur,-9.590711,dure,-12.438607,1
8846,S_NOUN_7_ADJ_b,M,S,le chargeur avec les chargeurs que j' aime beaucoup n' est pas clair <eos>,12,clair,claire,10,M,P,clair,-7.056694,claire,-10.927147,1
8847,S_NOUN_7_ADJ_b,M,S,le chargeur avec les chargeurs que j' aime beaucoup n' est pas intéressant <eos>,12,intéressant,intéressante,10,M,P,intéressant,-7.9840946,intéressante,-12.211912,1
8848,S_NOUN_7_ADJ_b,M,S,le chargeur avec les chargeurs que j' aime beaucoup n' est pas brillant <eos>,12,brillant,brillante,10,M,P,brillant,-10.029773,brillante,-14.043581,1
8849,S_NOUN_7_ADJ_b,M,S,le chargeur avec les chargeurs que j' aime beaucoup n' est pas compliqué <eos>,12,compliqué,compliquée,10,M,P,compliqué,-10.093917,compliquée,-14.279485,1
8850,S_NOUN_7_ADJ_b,M,S,le chargeur avec les vases que j' aime beaucoup n' est pas vert <eos>,12,vert,verte,10,M,P,vert,-8.693801,verte,-13.107282,1
8851,S_NOUN_7_ADJ_b,M,S,le chargeur avec les vases que j' aime beaucoup n' est pas bleu <eos>,12,bleu,bleue,10,M,P,bleu,-8.492177,bleue,-13.547933,1
8852,S_NOUN_7_ADJ_b,M,S,le chargeur avec les vases que j' aime beaucoup n' est pas noir <eos>,12,noir,noire,10,M,P,noir,-6.645864,noire,-12.980577,1
8853,S_NOUN_7_ADJ_b,M,S,le chargeur avec les vases que j' aime beaucoup n' est pas délicat <eos>,12,délicat,délicate,10,M,P,délicat,-10.0609455,délicate,-15.024814,1
8854,S_NOUN_7_ADJ_b,M,S,le chargeur avec les vases que j' aime beaucoup n' est pas pointu <eos>,12,pointu,pointue,10,M,P,pointu,-10.378782,pointue,-15.366521,1
8855,S_NOUN_7_ADJ_b,M,S,le chargeur avec les vases que j' aime beaucoup n' est pas rond <eos>,12,rond,ronde,10,M,P,rond,-6.7998915,ronde,-12.74712,1
8856,S_NOUN_7_ADJ_b,M,S,le chargeur avec les vases que j' aime beaucoup n' est pas froid <eos>,12,froid,froide,10,M,P,froid,-9.54824,froide,-14.42169,1
8857,S_NOUN_7_ADJ_b,M,S,le chargeur avec les vases que j' aime beaucoup n' est pas chaud <eos>,12,chaud,chaude,10,M,P,chaud,-8.557176,chaude,-13.811915,1
8858,S_NOUN_7_ADJ_b,M,S,le chargeur avec les vases que j' aime beaucoup n' est pas important <eos>,12,important,importante,10,M,P,important,-7.5409746,importante,-11.634932,1
8859,S_NOUN_7_ADJ_b,M,S,le chargeur avec les vases que j' aime beaucoup n' est pas court <eos>,12,court,courte,10,M,P,court,-9.4128475,courte,-12.915596,1
8860,S_NOUN_7_ADJ_b,M,S,le chargeur avec les vases que j' aime beaucoup n' est pas dur <eos>,12,dur,dure,10,M,P,dur,-9.236728,dure,-11.788966,1
8861,S_NOUN_7_ADJ_b,M,S,le chargeur avec les vases que j' aime beaucoup n' est pas clair <eos>,12,clair,claire,10,M,P,clair,-5.959264,claire,-9.788509,1
8862,S_NOUN_7_ADJ_b,M,S,le chargeur avec les vases que j' aime beaucoup n' est pas intéressant <eos>,12,intéressant,intéressante,10,M,P,intéressant,-8.508391,intéressante,-12.5884285,1
8863,S_NOUN_7_ADJ_b,M,S,le chargeur avec les vases que j' aime beaucoup n' est pas brillant <eos>,12,brillant,brillante,10,M,P,brillant,-9.090895,brillante,-13.278158,1
8864,S_NOUN_7_ADJ_b,M,S,le chargeur avec les vases que j' aime beaucoup n' est pas compliqué <eos>,12,compliqué,compliquée,10,M,P,compliqué,-9.736928,compliquée,-14.394965,1
8865,S_NOUN_7_ADJ_b,M,S,le chargeur avec les paniers que j' aime beaucoup n' est pas vert <eos>,12,vert,verte,10,M,P,vert,-8.859905,verte,-13.573599,1
8866,S_NOUN_7_ADJ_b,M,S,le chargeur avec les paniers que j' aime beaucoup n' est pas bleu <eos>,12,bleu,bleue,10,M,P,bleu,-9.0244255,bleue,-13.95338,1
8867,S_NOUN_7_ADJ_b,M,S,le chargeur avec les paniers que j' aime beaucoup n' est pas noir <eos>,12,noir,noire,10,M,P,noir,-6.706506,noire,-13.084866,1
8868,S_NOUN_7_ADJ_b,M,S,le chargeur avec les paniers que j' aime beaucoup n' est pas délicat <eos>,12,délicat,délicate,10,M,P,délicat,-9.921166,délicate,-14.931076,1
8869,S_NOUN_7_ADJ_b,M,S,le chargeur avec les paniers que j' aime beaucoup n' est pas pointu <eos>,12,pointu,pointue,10,M,P,pointu,-9.535804,pointue,-14.73147,1
8870,S_NOUN_7_ADJ_b,M,S,le chargeur avec les paniers que j' aime beaucoup n' est pas rond <eos>,12,rond,ronde,10,M,P,rond,-6.780488,ronde,-12.787094,1
8871,S_NOUN_7_ADJ_b,M,S,le chargeur avec les paniers que j' aime beaucoup n' est pas froid <eos>,12,froid,froide,10,M,P,froid,-10.073455,froide,-15.232789,1
8872,S_NOUN_7_ADJ_b,M,S,le chargeur avec les paniers que j' aime beaucoup n' est pas chaud <eos>,12,chaud,chaude,10,M,P,chaud,-8.890546,chaude,-14.867176,1
8873,S_NOUN_7_ADJ_b,M,S,le chargeur avec les paniers que j' aime beaucoup n' est pas important <eos>,12,important,importante,10,M,P,important,-7.380469,importante,-11.396927,1
8874,S_NOUN_7_ADJ_b,M,S,le chargeur avec les paniers que j' aime beaucoup n' est pas court <eos>,12,court,courte,10,M,P,court,-8.385415,courte,-12.140204,1
8875,S_NOUN_7_ADJ_b,M,S,le chargeur avec les paniers que j' aime beaucoup n' est pas dur <eos>,12,dur,dure,10,M,P,dur,-8.467023,dure,-11.383266,1
8876,S_NOUN_7_ADJ_b,M,S,le chargeur avec les paniers que j' aime beaucoup n' est pas clair <eos>,12,clair,claire,10,M,P,clair,-6.151969,claire,-10.200277,1
8877,S_NOUN_7_ADJ_b,M,S,le chargeur avec les paniers que j' aime beaucoup n' est pas intéressant <eos>,12,intéressant,intéressante,10,M,P,intéressant,-8.074894,intéressante,-12.566206,1
8878,S_NOUN_7_ADJ_b,M,S,le chargeur avec les paniers que j' aime beaucoup n' est pas brillant <eos>,12,brillant,brillante,10,M,P,brillant,-8.979443,brillante,-13.4784565,1
8879,S_NOUN_7_ADJ_b,M,S,le chargeur avec les paniers que j' aime beaucoup n' est pas compliqué <eos>,12,compliqué,compliquée,10,M,P,compliqué,-9.675756,compliquée,-13.903028,1
8880,S_NOUN_7_ADJ_b,M,S,le chargeur avec les colliers que j' aime beaucoup n' est pas vert <eos>,12,vert,verte,10,M,P,vert,-9.002914,verte,-13.370478,1
8881,S_NOUN_7_ADJ_b,M,S,le chargeur avec les colliers que j' aime beaucoup n' est pas bleu <eos>,12,bleu,bleue,10,M,P,bleu,-8.825379,bleue,-13.794846,1
8882,S_NOUN_7_ADJ_b,M,S,le chargeur avec les colliers que j' aime beaucoup n' est pas noir <eos>,12,noir,noire,10,M,P,noir,-6.6380253,noire,-12.812956,1
8883,S_NOUN_7_ADJ_b,M,S,le chargeur avec les colliers que j' aime beaucoup n' est pas délicat <eos>,12,délicat,délicate,10,M,P,délicat,-10.05839,délicate,-15.020871,1
8884,S_NOUN_7_ADJ_b,M,S,le chargeur avec les colliers que j' aime beaucoup n' est pas pointu <eos>,12,pointu,pointue,10,M,P,pointu,-10.044031,pointue,-15.460431,1
8885,S_NOUN_7_ADJ_b,M,S,le chargeur avec les colliers que j' aime beaucoup n' est pas rond <eos>,12,rond,ronde,10,M,P,rond,-7.2343025,ronde,-13.000787,1
8886,S_NOUN_7_ADJ_b,M,S,le chargeur avec les colliers que j' aime beaucoup n' est pas froid <eos>,12,froid,froide,10,M,P,froid,-10.03028,froide,-14.89151,1
8887,S_NOUN_7_ADJ_b,M,S,le chargeur avec les colliers que j' aime beaucoup n' est pas chaud <eos>,12,chaud,chaude,10,M,P,chaud,-8.89222,chaude,-15.007586,1
8888,S_NOUN_7_ADJ_b,M,S,le chargeur avec les colliers que j' aime beaucoup n' est pas important <eos>,12,important,importante,10,M,P,important,-7.609766,importante,-11.815416,1
8889,S_NOUN_7_ADJ_b,M,S,le chargeur avec les colliers que j' aime beaucoup n' est pas court <eos>,12,court,courte,10,M,P,court,-8.796005,courte,-12.638485,1
8890,S_NOUN_7_ADJ_b,M,S,le chargeur avec les colliers que j' aime beaucoup n' est pas dur <eos>,12,dur,dure,10,M,P,dur,-8.475836,dure,-11.666754,1
8891,S_NOUN_7_ADJ_b,M,S,le chargeur avec les colliers que j' aime beaucoup n' est pas clair <eos>,12,clair,claire,10,M,P,clair,-6.4699917,claire,-10.437347,1
8892,S_NOUN_7_ADJ_b,M,S,le chargeur avec les colliers que j' aime beaucoup n' est pas intéressant <eos>,12,intéressant,intéressante,10,M,P,intéressant,-7.98411,intéressante,-12.747337,1
8893,S_NOUN_7_ADJ_b,M,S,le chargeur avec les colliers que j' aime beaucoup n' est pas brillant <eos>,12,brillant,brillante,10,M,P,brillant,-8.733486,brillante,-13.024339,1
8894,S_NOUN_7_ADJ_b,M,S,le chargeur avec les colliers que j' aime beaucoup n' est pas compliqué <eos>,12,compliqué,compliquée,10,M,P,compliqué,-9.455044,compliquée,-13.82362,1
8895,S_NOUN_7_ADJ_b,M,S,le chargeur avec les chapeaux que j' aime beaucoup n' est pas vert <eos>,12,vert,verte,10,M,P,vert,-8.707953,verte,-13.359221,1
8896,S_NOUN_7_ADJ_b,M,S,le chargeur avec les chapeaux que j' aime beaucoup n' est pas bleu <eos>,12,bleu,bleue,10,M,P,bleu,-8.699553,bleue,-13.611055,1
8897,S_NOUN_7_ADJ_b,M,S,le chargeur avec les chapeaux que j' aime beaucoup n' est pas noir <eos>,12,noir,noire,10,M,P,noir,-6.465493,noire,-12.657814,1
8898,S_NOUN_7_ADJ_b,M,S,le chargeur avec les chapeaux que j' aime beaucoup n' est pas délicat <eos>,12,délicat,délicate,10,M,P,délicat,-10.26806,délicate,-15.360152,1
8899,S_NOUN_7_ADJ_b,M,S,le chargeur avec les chapeaux que j' aime beaucoup n' est pas pointu <eos>,12,pointu,pointue,10,M,P,pointu,-10.132042,pointue,-15.371076,1
8900,S_NOUN_7_ADJ_b,M,S,le chargeur avec les chapeaux que j' aime beaucoup n' est pas rond <eos>,12,rond,ronde,10,M,P,rond,-6.94137,ronde,-12.795967,1
8901,S_NOUN_7_ADJ_b,M,S,le chargeur avec les chapeaux que j' aime beaucoup n' est pas froid <eos>,12,froid,froide,10,M,P,froid,-9.988167,froide,-14.942183,1
8902,S_NOUN_7_ADJ_b,M,S,le chargeur avec les chapeaux que j' aime beaucoup n' est pas chaud <eos>,12,chaud,chaude,10,M,P,chaud,-8.732605,chaude,-14.745172,1
8903,S_NOUN_7_ADJ_b,M,S,le chargeur avec les chapeaux que j' aime beaucoup n' est pas important <eos>,12,important,importante,10,M,P,important,-7.6991973,importante,-11.704081,1
8904,S_NOUN_7_ADJ_b,M,S,le chargeur avec les chapeaux que j' aime beaucoup n' est pas court <eos>,12,court,courte,10,M,P,court,-8.68092,courte,-12.653072,1
8905,S_NOUN_7_ADJ_b,M,S,le chargeur avec les chapeaux que j' aime beaucoup n' est pas dur <eos>,12,dur,dure,10,M,P,dur,-8.785348,dure,-11.577719,1
8906,S_NOUN_7_ADJ_b,M,S,le chargeur avec les chapeaux que j' aime beaucoup n' est pas clair <eos>,12,clair,claire,10,M,P,clair,-6.38186,claire,-10.229956,1
8907,S_NOUN_7_ADJ_b,M,S,le chargeur avec les chapeaux que j' aime beaucoup n' est pas intéressant <eos>,12,intéressant,intéressante,10,M,P,intéressant,-8.027553,intéressante,-12.7007065,1
8908,S_NOUN_7_ADJ_b,M,S,le chargeur avec les chapeaux que j' aime beaucoup n' est pas brillant <eos>,12,brillant,brillante,10,M,P,brillant,-9.296961,brillante,-13.512284,1
8909,S_NOUN_7_ADJ_b,M,S,le chargeur avec les chapeaux que j' aime beaucoup n' est pas compliqué <eos>,12,compliqué,compliquée,10,M,P,compliqué,-9.878279,compliquée,-14.22982,1
8910,S_NOUN_7_ADJ_b,M,S,le chargeur avec les pots que j' aime beaucoup n' est pas vert <eos>,12,vert,verte,10,M,P,vert,-8.48967,verte,-12.971889,1
8911,S_NOUN_7_ADJ_b,M,S,le chargeur avec les pots que j' aime beaucoup n' est pas bleu <eos>,12,bleu,bleue,10,M,P,bleu,-8.451291,bleue,-13.350365,1
8912,S_NOUN_7_ADJ_b,M,S,le chargeur avec les pots que j' aime beaucoup n' est pas noir <eos>,12,noir,noire,10,M,P,noir,-6.3861303,noire,-12.682765,1
8913,S_NOUN_7_ADJ_b,M,S,le chargeur avec les pots que j' aime beaucoup n' est pas délicat <eos>,12,délicat,délicate,10,M,P,délicat,-9.955565,délicate,-15.122679,1
8914,S_NOUN_7_ADJ_b,M,S,le chargeur avec les pots que j' aime beaucoup n' est pas pointu <eos>,12,pointu,pointue,10,M,P,pointu,-11.356007,pointue,-16.223011,1
8915,S_NOUN_7_ADJ_b,M,S,le chargeur avec les pots que j' aime beaucoup n' est pas rond <eos>,12,rond,ronde,10,M,P,rond,-7.2649045,ronde,-13.255096,1
8916,S_NOUN_7_ADJ_b,M,S,le chargeur avec les pots que j' aime beaucoup n' est pas froid <eos>,12,froid,froide,10,M,P,froid,-9.153929,froide,-13.510422,1
8917,S_NOUN_7_ADJ_b,M,S,le chargeur avec les pots que j' aime beaucoup n' est pas chaud <eos>,12,chaud,chaude,10,M,P,chaud,-8.138315,chaude,-13.657799,1
8918,S_NOUN_7_ADJ_b,M,S,le chargeur avec les pots que j' aime beaucoup n' est pas important <eos>,12,important,importante,10,M,P,important,-7.798433,importante,-11.95273,1
8919,S_NOUN_7_ADJ_b,M,S,le chargeur avec les pots que j' aime beaucoup n' est pas court <eos>,12,court,courte,10,M,P,court,-9.304509,courte,-13.107623,1
8920,S_NOUN_7_ADJ_b,M,S,le chargeur avec les pots que j' aime beaucoup n' est pas dur <eos>,12,dur,dure,10,M,P,dur,-8.315793,dure,-11.393487,1
8921,S_NOUN_7_ADJ_b,M,S,le chargeur avec les pots que j' aime beaucoup n' est pas clair <eos>,12,clair,claire,10,M,P,clair,-6.194374,claire,-10.054415,1
8922,S_NOUN_7_ADJ_b,M,S,le chargeur avec les pots que j' aime beaucoup n' est pas intéressant <eos>,12,intéressant,intéressante,10,M,P,intéressant,-8.269431,intéressante,-12.043706,1
8923,S_NOUN_7_ADJ_b,M,S,le chargeur avec les pots que j' aime beaucoup n' est pas brillant <eos>,12,brillant,brillante,10,M,P,brillant,-9.317903,brillante,-13.379641,1
8924,S_NOUN_7_ADJ_b,M,S,le chargeur avec les pots que j' aime beaucoup n' est pas compliqué <eos>,12,compliqué,compliquée,10,M,P,compliqué,-9.74547,compliquée,-13.9700365,1
8925,S_NOUN_7_ADJ_b,M,S,le chargeur avec les coussins que j' aime beaucoup n' est pas vert <eos>,12,vert,verte,10,M,P,vert,-9.335474,verte,-13.4143715,1
8926,S_NOUN_7_ADJ_b,M,S,le chargeur avec les coussins que j' aime beaucoup n' est pas bleu <eos>,12,bleu,bleue,10,M,P,bleu,-9.328044,bleue,-13.917963,1
8927,S_NOUN_7_ADJ_b,M,S,le chargeur avec les coussins que j' aime beaucoup n' est pas noir <eos>,12,noir,noire,10,M,P,noir,-6.998025,noire,-13.052568,1
8928,S_NOUN_7_ADJ_b,M,S,le chargeur avec les coussins que j' aime beaucoup n' est pas délicat <eos>,12,délicat,délicate,10,M,P,délicat,-10.741169,délicate,-15.228802,1
8929,S_NOUN_7_ADJ_b,M,S,le chargeur avec les coussins que j' aime beaucoup n' est pas pointu <eos>,12,pointu,pointue,10,M,P,pointu,-10.489379,pointue,-15.875897,1
8930,S_NOUN_7_ADJ_b,M,S,le chargeur avec les coussins que j' aime beaucoup n' est pas rond <eos>,12,rond,ronde,10,M,P,rond,-7.180735,ronde,-13.379032,1
8931,S_NOUN_7_ADJ_b,M,S,le chargeur avec les coussins que j' aime beaucoup n' est pas froid <eos>,12,froid,froide,10,M,P,froid,-10.243677,froide,-14.7491865,1
8932,S_NOUN_7_ADJ_b,M,S,le chargeur avec les coussins que j' aime beaucoup n' est pas chaud <eos>,12,chaud,chaude,10,M,P,chaud,-9.073257,chaude,-14.691443,1
8933,S_NOUN_7_ADJ_b,M,S,le chargeur avec les coussins que j' aime beaucoup n' est pas important <eos>,12,important,importante,10,M,P,important,-7.500392,importante,-11.469339,1
8934,S_NOUN_7_ADJ_b,M,S,le chargeur avec les coussins que j' aime beaucoup n' est pas court <eos>,12,court,courte,10,M,P,court,-9.065427,courte,-12.664606,1
8935,S_NOUN_7_ADJ_b,M,S,le chargeur avec les coussins que j' aime beaucoup n' est pas dur <eos>,12,dur,dure,10,M,P,dur,-9.27125,dure,-11.927204,1
8936,S_NOUN_7_ADJ_b,M,S,le chargeur avec les coussins que j' aime beaucoup n' est pas clair <eos>,12,clair,claire,10,M,P,clair,-7.030701,claire,-10.282616,1
8937,S_NOUN_7_ADJ_b,M,S,le chargeur avec les coussins que j' aime beaucoup n' est pas intéressant <eos>,12,intéressant,intéressante,10,M,P,intéressant,-8.665368,intéressante,-12.353369,1
8938,S_NOUN_7_ADJ_b,M,S,le chargeur avec les coussins que j' aime beaucoup n' est pas brillant <eos>,12,brillant,brillante,10,M,P,brillant,-9.816359,brillante,-13.95553,1
8939,S_NOUN_7_ADJ_b,M,S,le chargeur avec les coussins que j' aime beaucoup n' est pas compliqué <eos>,12,compliqué,compliquée,10,M,P,compliqué,-10.239837,compliquée,-13.878852,1
8940,S_NOUN_7_ADJ_b,M,S,le chargeur avec les jouets que j' aime beaucoup n' est pas vert <eos>,12,vert,verte,10,M,P,vert,-9.250728,verte,-13.54367,1
8941,S_NOUN_7_ADJ_b,M,S,le chargeur avec les jouets que j' aime beaucoup n' est pas bleu <eos>,12,bleu,bleue,10,M,P,bleu,-9.053949,bleue,-13.914627,1
8942,S_NOUN_7_ADJ_b,M,S,le chargeur avec les jouets que j' aime beaucoup n' est pas noir <eos>,12,noir,noire,10,M,P,noir,-6.8116045,noire,-12.80744,1
8943,S_NOUN_7_ADJ_b,M,S,le chargeur avec les jouets que j' aime beaucoup n' est pas délicat <eos>,12,délicat,délicate,10,M,P,délicat,-10.45775,délicate,-15.730602,1
8944,S_NOUN_7_ADJ_b,M,S,le chargeur avec les jouets que j' aime beaucoup n' est pas pointu <eos>,12,pointu,pointue,10,M,P,pointu,-10.830304,pointue,-16.215996,1
8945,S_NOUN_7_ADJ_b,M,S,le chargeur avec les jouets que j' aime beaucoup n' est pas rond <eos>,12,rond,ronde,10,M,P,rond,-7.501688,ronde,-13.208587,1
8946,S_NOUN_7_ADJ_b,M,S,le chargeur avec les jouets que j' aime beaucoup n' est pas froid <eos>,12,froid,froide,10,M,P,froid,-9.215415,froide,-14.039806,1
8947,S_NOUN_7_ADJ_b,M,S,le chargeur avec les jouets que j' aime beaucoup n' est pas chaud <eos>,12,chaud,chaude,10,M,P,chaud,-8.282181,chaude,-13.856989,1
8948,S_NOUN_7_ADJ_b,M,S,le chargeur avec les jouets que j' aime beaucoup n' est pas important <eos>,12,important,importante,10,M,P,important,-7.678275,importante,-11.86734,1
8949,S_NOUN_7_ADJ_b,M,S,le chargeur avec les jouets que j' aime beaucoup n' est pas court <eos>,12,court,courte,10,M,P,court,-9.209368,courte,-13.051683,1
8950,S_NOUN_7_ADJ_b,M,S,le chargeur avec les jouets que j' aime beaucoup n' est pas dur <eos>,12,dur,dure,10,M,P,dur,-8.470915,dure,-11.710006,1
8951,S_NOUN_7_ADJ_b,M,S,le chargeur avec les jouets que j' aime beaucoup n' est pas clair <eos>,12,clair,claire,10,M,P,clair,-6.747801,claire,-10.361573,1
8952,S_NOUN_7_ADJ_b,M,S,le chargeur avec les jouets que j' aime beaucoup n' est pas intéressant <eos>,12,intéressant,intéressante,10,M,P,intéressant,-8.018333,intéressante,-12.271978,1
8953,S_NOUN_7_ADJ_b,M,S,le chargeur avec les jouets que j' aime beaucoup n' est pas brillant <eos>,12,brillant,brillante,10,M,P,brillant,-9.725867,brillante,-13.5858755,1
8954,S_NOUN_7_ADJ_b,M,S,le chargeur avec les jouets que j' aime beaucoup n' est pas compliqué <eos>,12,compliqué,compliquée,10,M,P,compliqué,-9.868742,compliquée,-14.014974,1
8955,S_NOUN_7_ADJ_b,M,S,le chargeur avec les clous que j' aime beaucoup n' est pas vert <eos>,12,vert,verte,10,M,P,vert,-8.879681,verte,-13.594863,1
8956,S_NOUN_7_ADJ_b,M,S,le chargeur avec les clous que j' aime beaucoup n' est pas bleu <eos>,12,bleu,bleue,10,M,P,bleu,-9.10962,bleue,-14.335199,1
8957,S_NOUN_7_ADJ_b,M,S,le chargeur avec les clous que j' aime beaucoup n' est pas noir <eos>,12,noir,noire,10,M,P,noir,-6.8522916,noire,-12.963001,1
8958,S_NOUN_7_ADJ_b,M,S,le chargeur avec les clous que j' aime beaucoup n' est pas délicat <eos>,12,délicat,délicate,10,M,P,délicat,-10.061447,délicate,-14.948935,1
8959,S_NOUN_7_ADJ_b,M,S,le chargeur avec les clous que j' aime beaucoup n' est pas pointu <eos>,12,pointu,pointue,10,M,P,pointu,-9.756117,pointue,-14.825552,1
8960,S_NOUN_7_ADJ_b,M,S,le chargeur avec les clous que j' aime beaucoup n' est pas rond <eos>,12,rond,ronde,10,M,P,rond,-6.6112046,ronde,-12.711607,1
8961,S_NOUN_7_ADJ_b,M,S,le chargeur avec les clous que j' aime beaucoup n' est pas froid <eos>,12,froid,froide,10,M,P,froid,-10.037825,froide,-14.956122,1
8962,S_NOUN_7_ADJ_b,M,S,le chargeur avec les clous que j' aime beaucoup n' est pas chaud <eos>,12,chaud,chaude,10,M,P,chaud,-8.896152,chaude,-14.892958,1
8963,S_NOUN_7_ADJ_b,M,S,le chargeur avec les clous que j' aime beaucoup n' est pas important <eos>,12,important,importante,10,M,P,important,-7.779006,importante,-11.786065,1
8964,S_NOUN_7_ADJ_b,M,S,le chargeur avec les clous que j' aime beaucoup n' est pas court <eos>,12,court,courte,10,M,P,court,-8.280245,courte,-12.239351,1
8965,S_NOUN_7_ADJ_b,M,S,le chargeur avec les clous que j' aime beaucoup n' est pas dur <eos>,12,dur,dure,10,M,P,dur,-8.510269,dure,-11.511583,1
8966,S_NOUN_7_ADJ_b,M,S,le chargeur avec les clous que j' aime beaucoup n' est pas clair <eos>,12,clair,claire,10,M,P,clair,-6.6110964,claire,-10.359287,1
8967,S_NOUN_7_ADJ_b,M,S,le chargeur avec les clous que j' aime beaucoup n' est pas intéressant <eos>,12,intéressant,intéressante,10,M,P,intéressant,-8.553253,intéressante,-12.942045,1
8968,S_NOUN_7_ADJ_b,M,S,le chargeur avec les clous que j' aime beaucoup n' est pas brillant <eos>,12,brillant,brillante,10,M,P,brillant,-9.274415,brillante,-13.979582,1
8969,S_NOUN_7_ADJ_b,M,S,le chargeur avec les clous que j' aime beaucoup n' est pas compliqué <eos>,12,compliqué,compliquée,10,M,P,compliqué,-9.808383,compliquée,-14.148478,1
8970,S_NOUN_7_ADJ_b,M,S,le chargeur avec les billets que j' aime beaucoup n' est pas vert <eos>,12,vert,verte,10,M,P,vert,-9.429319,verte,-13.759896,1
8971,S_NOUN_7_ADJ_b,M,S,le chargeur avec les billets que j' aime beaucoup n' est pas bleu <eos>,12,bleu,bleue,10,M,P,bleu,-9.166569,bleue,-14.143714,1
8972,S_NOUN_7_ADJ_b,M,S,le chargeur avec les billets que j' aime beaucoup n' est pas noir <eos>,12,noir,noire,10,M,P,noir,-6.817698,noire,-13.276239,1
8973,S_NOUN_7_ADJ_b,M,S,le chargeur avec les billets que j' aime beaucoup n' est pas délicat <eos>,12,délicat,délicate,10,M,P,délicat,-10.666536,délicate,-16.197104,1
8974,S_NOUN_7_ADJ_b,M,S,le chargeur avec les billets que j' aime beaucoup n' est pas pointu <eos>,12,pointu,pointue,10,M,P,pointu,-11.181217,pointue,-16.531908,1
8975,S_NOUN_7_ADJ_b,M,S,le chargeur avec les billets que j' aime beaucoup n' est pas rond <eos>,12,rond,ronde,10,M,P,rond,-7.949772,ronde,-13.310215,1
8976,S_NOUN_7_ADJ_b,M,S,le chargeur avec les billets que j' aime beaucoup n' est pas froid <eos>,12,froid,froide,10,M,P,froid,-10.469254,froide,-14.580597,1
8977,S_NOUN_7_ADJ_b,M,S,le chargeur avec les billets que j' aime beaucoup n' est pas chaud <eos>,12,chaud,chaude,10,M,P,chaud,-9.266569,chaude,-14.642548,1
8978,S_NOUN_7_ADJ_b,M,S,le chargeur avec les billets que j' aime beaucoup n' est pas important <eos>,12,important,importante,10,M,P,important,-7.5670485,importante,-11.6052685,1
8979,S_NOUN_7_ADJ_b,M,S,le chargeur avec les billets que j' aime beaucoup n' est pas court <eos>,12,court,courte,10,M,P,court,-9.099344,courte,-13.065287,1
8980,S_NOUN_7_ADJ_b,M,S,le chargeur avec les billets que j' aime beaucoup n' est pas dur <eos>,12,dur,dure,10,M,P,dur,-9.266062,dure,-12.189363,1
8981,S_NOUN_7_ADJ_b,M,S,le chargeur avec les billets que j' aime beaucoup n' est pas clair <eos>,12,clair,claire,10,M,P,clair,-6.8973627,claire,-11.135641,1
8982,S_NOUN_7_ADJ_b,M,S,le chargeur avec les billets que j' aime beaucoup n' est pas intéressant <eos>,12,intéressant,intéressante,10,M,P,intéressant,-8.055543,intéressante,-12.267732,1
8983,S_NOUN_7_ADJ_b,M,S,le chargeur avec les billets que j' aime beaucoup n' est pas brillant <eos>,12,brillant,brillante,10,M,P,brillant,-10.174058,brillante,-13.939301,1
8984,S_NOUN_7_ADJ_b,M,S,le chargeur avec les billets que j' aime beaucoup n' est pas compliqué <eos>,12,compliqué,compliquée,10,M,P,compliqué,-10.020527,compliquée,-14.791439,1
8985,S_NOUN_7_ADJ_b,M,S,le chargeur avec les légumes que j' aime beaucoup n' est pas vert <eos>,12,vert,verte,10,M,P,vert,-8.847528,verte,-13.407716,1
8986,S_NOUN_7_ADJ_b,M,S,le chargeur avec les légumes que j' aime beaucoup n' est pas bleu <eos>,12,bleu,bleue,10,M,P,bleu,-9.091177,bleue,-13.986349,1
8987,S_NOUN_7_ADJ_b,M,S,le chargeur avec les légumes que j' aime beaucoup n' est pas noir <eos>,12,noir,noire,10,M,P,noir,-6.838709,noire,-13.162552,1
8988,S_NOUN_7_ADJ_b,M,S,le chargeur avec les légumes que j' aime beaucoup n' est pas délicat <eos>,12,délicat,délicate,10,M,P,délicat,-9.514319,délicate,-14.737423,1
8989,S_NOUN_7_ADJ_b,M,S,le chargeur avec les légumes que j' aime beaucoup n' est pas pointu <eos>,12,pointu,pointue,10,M,P,pointu,-10.749295,pointue,-15.986398,1
8990,S_NOUN_7_ADJ_b,M,S,le chargeur avec les légumes que j' aime beaucoup n' est pas rond <eos>,12,rond,ronde,10,M,P,rond,-7.261062,ronde,-13.0006485,1
8991,S_NOUN_7_ADJ_b,M,S,le chargeur avec les légumes que j' aime beaucoup n' est pas froid <eos>,12,froid,froide,10,M,P,froid,-8.80651,froide,-13.655823,1
8992,S_NOUN_7_ADJ_b,M,S,le chargeur avec les légumes que j' aime beaucoup n' est pas chaud <eos>,12,chaud,chaude,10,M,P,chaud,-7.925706,chaude,-13.706333,1
8993,S_NOUN_7_ADJ_b,M,S,le chargeur avec les légumes que j' aime beaucoup n' est pas important <eos>,12,important,importante,10,M,P,important,-7.565399,importante,-11.543596,1
8994,S_NOUN_7_ADJ_b,M,S,le chargeur avec les légumes que j' aime beaucoup n' est pas court <eos>,12,court,courte,10,M,P,court,-9.177218,courte,-12.566716,1
8995,S_NOUN_7_ADJ_b,M,S,le chargeur avec les légumes que j' aime beaucoup n' est pas dur <eos>,12,dur,dure,10,M,P,dur,-7.865529,dure,-11.205453,1
8996,S_NOUN_7_ADJ_b,M,S,le chargeur avec les légumes que j' aime beaucoup n' est pas clair <eos>,12,clair,claire,10,M,P,clair,-6.1615458,claire,-10.387369,1
8997,S_NOUN_7_ADJ_b,M,S,le chargeur avec les légumes que j' aime beaucoup n' est pas intéressant <eos>,12,intéressant,intéressante,10,M,P,intéressant,-7.9694376,intéressante,-11.57003,1
8998,S_NOUN_7_ADJ_b,M,S,le chargeur avec les légumes que j' aime beaucoup n' est pas brillant <eos>,12,brillant,brillante,10,M,P,brillant,-9.243379,brillante,-13.627715,1
8999,S_NOUN_7_ADJ_b,M,S,le chargeur avec les légumes que j' aime beaucoup n' est pas compliqué <eos>,12,compliqué,compliquée,10,M,P,compliqué,-9.479631,compliquée,-13.685269,1
9000,S_NOUN_7_ADJ_b,M,S,le vase avec les bracelets que j' aime beaucoup n' est pas vert <eos>,12,vert,verte,10,M,P,vert,-8.906161,verte,-12.720318,1
9001,S_NOUN_7_ADJ_b,M,S,le vase avec les bracelets que j' aime beaucoup n' est pas bleu <eos>,12,bleu,bleue,10,M,P,bleu,-8.319825,bleue,-12.616627,1
9002,S_NOUN_7_ADJ_b,M,S,le vase avec les bracelets que j' aime beaucoup n' est pas noir <eos>,12,noir,noire,10,M,P,noir,-6.285536,noire,-12.482783,1
9003,S_NOUN_7_ADJ_b,M,S,le vase avec les bracelets que j' aime beaucoup n' est pas délicat <eos>,12,délicat,délicate,10,M,P,délicat,-10.1519165,délicate,-14.3550205,1
9004,S_NOUN_7_ADJ_b,M,S,le vase avec les bracelets que j' aime beaucoup n' est pas pointu <eos>,12,pointu,pointue,10,M,P,pointu,-9.589896,pointue,-14.649735,1
9005,S_NOUN_7_ADJ_b,M,S,le vase avec les bracelets que j' aime beaucoup n' est pas rond <eos>,12,rond,ronde,10,M,P,rond,-6.520488,ronde,-12.158231,1
9006,S_NOUN_7_ADJ_b,M,S,le vase avec les bracelets que j' aime beaucoup n' est pas froid <eos>,12,froid,froide,10,M,P,froid,-9.836936,froide,-14.622719,1
9007,S_NOUN_7_ADJ_b,M,S,le vase avec les bracelets que j' aime beaucoup n' est pas chaud <eos>,12,chaud,chaude,10,M,P,chaud,-9.676539,chaude,-13.760764,1
9008,S_NOUN_7_ADJ_b,M,S,le vase avec les bracelets que j' aime beaucoup n' est pas important <eos>,12,important,importante,10,M,P,important,-8.168624,importante,-12.1376915,1
9009,S_NOUN_7_ADJ_b,M,S,le vase avec les bracelets que j' aime beaucoup n' est pas court <eos>,12,court,courte,10,M,P,court,-9.672545,courte,-13.165121,1
9010,S_NOUN_7_ADJ_b,M,S,le vase avec les bracelets que j' aime beaucoup n' est pas dur <eos>,12,dur,dure,10,M,P,dur,-8.722564,dure,-11.685725,1
9011,S_NOUN_7_ADJ_b,M,S,le vase avec les bracelets que j' aime beaucoup n' est pas clair <eos>,12,clair,claire,10,M,P,clair,-5.3025146,claire,-8.784351,1
9012,S_NOUN_7_ADJ_b,M,S,le vase avec les bracelets que j' aime beaucoup n' est pas intéressant <eos>,12,intéressant,intéressante,10,M,P,intéressant,-8.561954,intéressante,-13.312824,1
9013,S_NOUN_7_ADJ_b,M,S,le vase avec les bracelets que j' aime beaucoup n' est pas brillant <eos>,12,brillant,brillante,10,M,P,brillant,-7.341446,brillante,-11.505211,1
9014,S_NOUN_7_ADJ_b,M,S,le vase avec les bracelets que j' aime beaucoup n' est pas compliqué <eos>,12,compliqué,compliquée,10,M,P,compliqué,-9.14091,compliquée,-13.142341,1
9015,S_NOUN_7_ADJ_b,M,S,le vase avec les miroirs que j' aime beaucoup n' est pas vert <eos>,12,vert,verte,10,M,P,vert,-8.810395,verte,-12.293276,1
9016,S_NOUN_7_ADJ_b,M,S,le vase avec les miroirs que j' aime beaucoup n' est pas bleu <eos>,12,bleu,bleue,10,M,P,bleu,-8.344854,bleue,-12.60497,1
9017,S_NOUN_7_ADJ_b,M,S,le vase avec les miroirs que j' aime beaucoup n' est pas noir <eos>,12,noir,noire,10,M,P,noir,-6.529936,noire,-12.594877,1
9018,S_NOUN_7_ADJ_b,M,S,le vase avec les miroirs que j' aime beaucoup n' est pas délicat <eos>,12,délicat,délicate,10,M,P,délicat,-9.905713,délicate,-14.344098,1
9019,S_NOUN_7_ADJ_b,M,S,le vase avec les miroirs que j' aime beaucoup n' est pas pointu <eos>,12,pointu,pointue,10,M,P,pointu,-10.087603,pointue,-14.9628725,1
9020,S_NOUN_7_ADJ_b,M,S,le vase avec les miroirs que j' aime beaucoup n' est pas rond <eos>,12,rond,ronde,10,M,P,rond,-6.8273,ronde,-12.406054,1
9021,S_NOUN_7_ADJ_b,M,S,le vase avec les miroirs que j' aime beaucoup n' est pas froid <eos>,12,froid,froide,10,M,P,froid,-9.798914,froide,-14.213751,1
9022,S_NOUN_7_ADJ_b,M,S,le vase avec les miroirs que j' aime beaucoup n' est pas chaud <eos>,12,chaud,chaude,10,M,P,chaud,-9.236023,chaude,-13.142276,1
9023,S_NOUN_7_ADJ_b,M,S,le vase avec les miroirs que j' aime beaucoup n' est pas important <eos>,12,important,importante,10,M,P,important,-8.391357,importante,-12.389265,1
9024,S_NOUN_7_ADJ_b,M,S,le vase avec les miroirs que j' aime beaucoup n' est pas court <eos>,12,court,courte,10,M,P,court,-10.211473,courte,-14.057671,1
9025,S_NOUN_7_ADJ_b,M,S,le vase avec les miroirs que j' aime beaucoup n' est pas dur <eos>,12,dur,dure,10,M,P,dur,-8.852484,dure,-11.93238,1
9026,S_NOUN_7_ADJ_b,M,S,le vase avec les miroirs que j' aime beaucoup n' est pas clair <eos>,12,clair,claire,10,M,P,clair,-5.099044,claire,-8.85063,1
9027,S_NOUN_7_ADJ_b,M,S,le vase avec les miroirs que j' aime beaucoup n' est pas intéressant <eos>,12,intéressant,intéressante,10,M,P,intéressant,-8.576704,intéressante,-13.047298,1
9028,S_NOUN_7_ADJ_b,M,S,le vase avec les miroirs que j' aime beaucoup n' est pas brillant <eos>,12,brillant,brillante,10,M,P,brillant,-7.1264706,brillante,-11.57448,1
9029,S_NOUN_7_ADJ_b,M,S,le vase avec les miroirs que j' aime beaucoup n' est pas compliqué <eos>,12,compliqué,compliquée,10,M,P,compliqué,-9.44017,compliquée,-13.471321,1
9030,S_NOUN_7_ADJ_b,M,S,le vase avec les crayons que j' aime beaucoup n' est pas vert <eos>,12,vert,verte,10,M,P,vert,-8.405702,verte,-12.965167,1
9031,S_NOUN_7_ADJ_b,M,S,le vase avec les crayons que j' aime beaucoup n' est pas bleu <eos>,12,bleu,bleue,10,M,P,bleu,-7.88752,bleue,-12.586786,1
9032,S_NOUN_7_ADJ_b,M,S,le vase avec les crayons que j' aime beaucoup n' est pas noir <eos>,12,noir,noire,10,M,P,noir,-6.177263,noire,-13.270618,1
9033,S_NOUN_7_ADJ_b,M,S,le vase avec les crayons que j' aime beaucoup n' est pas délicat <eos>,12,délicat,délicate,10,M,P,délicat,-9.805862,délicate,-14.599878,1
9034,S_NOUN_7_ADJ_b,M,S,le vase avec les crayons que j' aime beaucoup n' est pas pointu <eos>,12,pointu,pointue,10,M,P,pointu,-11.796417,pointue,-16.264046,1
9035,S_NOUN_7_ADJ_b,M,S,le vase avec les crayons que j' aime beaucoup n' est pas rond <eos>,12,rond,ronde,10,M,P,rond,-6.9383974,ronde,-13.256423,1
9036,S_NOUN_7_ADJ_b,M,S,le vase avec les crayons que j' aime beaucoup n' est pas froid <eos>,12,froid,froide,10,M,P,froid,-9.250574,froide,-14.23737,1
9037,S_NOUN_7_ADJ_b,M,S,le vase avec les crayons que j' aime beaucoup n' est pas chaud <eos>,12,chaud,chaude,10,M,P,chaud,-8.700222,chaude,-13.384341,1
9038,S_NOUN_7_ADJ_b,M,S,le vase avec les crayons que j' aime beaucoup n' est pas important <eos>,12,important,importante,10,M,P,important,-7.9899015,importante,-12.018943,1
9039,S_NOUN_7_ADJ_b,M,S,le vase avec les crayons que j' aime beaucoup n' est pas court <eos>,12,court,courte,10,M,P,court,-10.619812,courte,-14.501,1
9040,S_NOUN_7_ADJ_b,M,S,le vase avec les crayons que j' aime beaucoup n' est pas dur <eos>,12,dur,dure,10,M,P,dur,-8.976468,dure,-11.557099,1
9041,S_NOUN_7_ADJ_b,M,S,le vase avec les crayons que j' aime beaucoup n' est pas clair <eos>,12,clair,claire,10,M,P,clair,-4.610626,claire,-8.655613,1
9042,S_NOUN_7_ADJ_b,M,S,le vase avec les crayons que j' aime beaucoup n' est pas intéressant <eos>,12,intéressant,intéressante,10,M,P,intéressant,-8.145702,intéressante,-12.309824,1
9043,S_NOUN_7_ADJ_b,M,S,le vase avec les crayons que j' aime beaucoup n' est pas brillant <eos>,12,brillant,brillante,10,M,P,brillant,-7.7790728,brillante,-12.062599,1
9044,S_NOUN_7_ADJ_b,M,S,le vase avec les crayons que j' aime beaucoup n' est pas compliqué <eos>,12,compliqué,compliquée,10,M,P,compliqué,-9.80604,compliquée,-13.74456,1
9045,S_NOUN_7_ADJ_b,M,S,le vase avec les rideaux que j' aime beaucoup n' est pas vert <eos>,12,vert,verte,10,M,P,vert,-8.383417,verte,-12.700441,1
9046,S_NOUN_7_ADJ_b,M,S,le vase avec les rideaux que j' aime beaucoup n' est pas bleu <eos>,12,bleu,bleue,10,M,P,bleu,-8.036482,bleue,-12.448077,1
9047,S_NOUN_7_ADJ_b,M,S,le vase avec les rideaux que j' aime beaucoup n' est pas noir <eos>,12,noir,noire,10,M,P,noir,-6.0014215,noire,-12.872526,1
9048,S_NOUN_7_ADJ_b,M,S,le vase avec les rideaux que j' aime beaucoup n' est pas délicat <eos>,12,délicat,délicate,10,M,P,délicat,-9.99139,délicate,-14.402803,1
9049,S_NOUN_7_ADJ_b,M,S,le vase avec les rideaux que j' aime beaucoup n' est pas pointu <eos>,12,pointu,pointue,10,M,P,pointu,-10.2396755,pointue,-15.421174,1
9050,S_NOUN_7_ADJ_b,M,S,le vase avec les rideaux que j' aime beaucoup n' est pas rond <eos>,12,rond,ronde,10,M,P,rond,-6.113949,ronde,-12.054691,1
9051,S_NOUN_7_ADJ_b,M,S,le vase avec les rideaux que j' aime beaucoup n' est pas froid <eos>,12,froid,froide,10,M,P,froid,-9.610673,froide,-14.107701,1
9052,S_NOUN_7_ADJ_b,M,S,le vase avec les rideaux que j' aime beaucoup n' est pas chaud <eos>,12,chaud,chaude,10,M,P,chaud,-8.942005,chaude,-13.067354,1
9053,S_NOUN_7_ADJ_b,M,S,le vase avec les rideaux que j' aime beaucoup n' est pas important <eos>,12,important,importante,10,M,P,important,-8.041227,importante,-12.259958,1
9054,S_NOUN_7_ADJ_b,M,S,le vase avec les rideaux que j' aime beaucoup n' est pas court <eos>,12,court,courte,10,M,P,court,-9.520125,courte,-13.576678,1
9055,S_NOUN_7_ADJ_b,M,S,le vase avec les rideaux que j' aime beaucoup n' est pas dur <eos>,12,dur,dure,10,M,P,dur,-8.770696,dure,-10.993089,1
9056,S_NOUN_7_ADJ_b,M,S,le vase avec les rideaux que j' aime beaucoup n' est pas clair <eos>,12,clair,claire,10,M,P,clair,-4.8682065,claire,-8.842,1
9057,S_NOUN_7_ADJ_b,M,S,le vase avec les rideaux que j' aime beaucoup n' est pas intéressant <eos>,12,intéressant,intéressante,10,M,P,intéressant,-8.68013,intéressante,-13.250925,1
9058,S_NOUN_7_ADJ_b,M,S,le vase avec les rideaux que j' aime beaucoup n' est pas brillant <eos>,12,brillant,brillante,10,M,P,brillant,-7.6645646,brillante,-11.731386,1
9059,S_NOUN_7_ADJ_b,M,S,le vase avec les rideaux que j' aime beaucoup n' est pas compliqué <eos>,12,compliqué,compliquée,10,M,P,compliqué,-9.456347,compliquée,-13.646925,1
9060,S_NOUN_7_ADJ_b,M,S,le vase avec les cahiers que j' aime beaucoup n' est pas vert <eos>,12,vert,verte,10,M,P,vert,-9.04589,verte,-13.372345,1
9061,S_NOUN_7_ADJ_b,M,S,le vase avec les cahiers que j' aime beaucoup n' est pas bleu <eos>,12,bleu,bleue,10,M,P,bleu,-8.565896,bleue,-12.771841,1
9062,S_NOUN_7_ADJ_b,M,S,le vase avec les cahiers que j' aime beaucoup n' est pas noir <eos>,12,noir,noire,10,M,P,noir,-6.5786104,noire,-13.790073,1
9063,S_NOUN_7_ADJ_b,M,S,le vase avec les cahiers que j' aime beaucoup n' est pas délicat <eos>,12,délicat,délicate,10,M,P,délicat,-10.272768,délicate,-15.609736,1
9064,S_NOUN_7_ADJ_b,M,S,le vase avec les cahiers que j' aime beaucoup n' est pas pointu <eos>,12,pointu,pointue,10,M,P,pointu,-11.287197,pointue,-16.155764,1
9065,S_NOUN_7_ADJ_b,M,S,le vase avec les cahiers que j' aime beaucoup n' est pas rond <eos>,12,rond,ronde,10,M,P,rond,-6.7665653,ronde,-12.664709,1
9066,S_NOUN_7_ADJ_b,M,S,le vase avec les cahiers que j' aime beaucoup n' est pas froid <eos>,12,froid,froide,10,M,P,froid,-9.188953,froide,-14.655781,1
9067,S_NOUN_7_ADJ_b,M,S,le vase avec les cahiers que j' aime beaucoup n' est pas chaud <eos>,12,chaud,chaude,10,M,P,chaud,-9.045868,chaude,-13.957972,1
9068,S_NOUN_7_ADJ_b,M,S,le vase avec les cahiers que j' aime beaucoup n' est pas important <eos>,12,important,importante,10,M,P,important,-8.161543,importante,-12.581991,1
9069,S_NOUN_7_ADJ_b,M,S,le vase avec les cahiers que j' aime beaucoup n' est pas court <eos>,12,court,courte,10,M,P,court,-10.208452,courte,-14.280594,1
9070,S_NOUN_7_ADJ_b,M,S,le vase avec les cahiers que j' aime beaucoup n' est pas dur <eos>,12,dur,dure,10,M,P,dur,-9.200537,dure,-11.826534,1
9071,S_NOUN_7_ADJ_b,M,S,le vase avec les cahiers que j' aime beaucoup n' est pas clair <eos>,12,clair,claire,10,M,P,clair,-5.0123105,claire,-9.372166,1
9072,S_NOUN_7_ADJ_b,M,S,le vase avec les cahiers que j' aime beaucoup n' est pas intéressant <eos>,12,intéressant,intéressante,10,M,P,intéressant,-8.1567335,intéressante,-12.495237,1
9073,S_NOUN_7_ADJ_b,M,S,le vase avec les cahiers que j' aime beaucoup n' est pas brillant <eos>,12,brillant,brillante,10,M,P,brillant,-8.471476,brillante,-12.658439,1
9074,S_NOUN_7_ADJ_b,M,S,le vase avec les cahiers que j' aime beaucoup n' est pas compliqué <eos>,12,compliqué,compliquée,10,M,P,compliqué,-9.368141,compliquée,-13.765953,1
9075,S_NOUN_7_ADJ_b,M,S,le vase avec les micros que j' aime beaucoup n' est pas vert <eos>,12,vert,verte,10,M,P,vert,-9.312283,verte,-13.060341,1
9076,S_NOUN_7_ADJ_b,M,S,le vase avec les micros que j' aime beaucoup n' est pas bleu <eos>,12,bleu,bleue,10,M,P,bleu,-8.681925,bleue,-12.732525,1
9077,S_NOUN_7_ADJ_b,M,S,le vase avec les micros que j' aime beaucoup n' est pas noir <eos>,12,noir,noire,10,M,P,noir,-6.5730405,noire,-13.214121,1
9078,S_NOUN_7_ADJ_b,M,S,le vase avec les micros que j' aime beaucoup n' est pas délicat <eos>,12,délicat,délicate,10,M,P,délicat,-10.031573,délicate,-15.179732,1
9079,S_NOUN_7_ADJ_b,M,S,le vase avec les micros que j' aime beaucoup n' est pas pointu <eos>,12,pointu,pointue,10,M,P,pointu,-10.370812,pointue,-15.822003,1
9080,S_NOUN_7_ADJ_b,M,S,le vase avec les micros que j' aime beaucoup n' est pas rond <eos>,12,rond,ronde,10,M,P,rond,-6.689026,ronde,-13.061531,1
9081,S_NOUN_7_ADJ_b,M,S,le vase avec les micros que j' aime beaucoup n' est pas froid <eos>,12,froid,froide,10,M,P,froid,-9.68323,froide,-14.328962,1
9082,S_NOUN_7_ADJ_b,M,S,le vase avec les micros que j' aime beaucoup n' est pas chaud <eos>,12,chaud,chaude,10,M,P,chaud,-9.151349,chaude,-13.156688,1
9083,S_NOUN_7_ADJ_b,M,S,le vase avec les micros que j' aime beaucoup n' est pas important <eos>,12,important,importante,10,M,P,important,-8.16724,importante,-12.455378,1
9084,S_NOUN_7_ADJ_b,M,S,le vase avec les micros que j' aime beaucoup n' est pas court <eos>,12,court,courte,10,M,P,court,-9.974936,courte,-13.918366,1
9085,S_NOUN_7_ADJ_b,M,S,le vase avec les micros que j' aime beaucoup n' est pas dur <eos>,12,dur,dure,10,M,P,dur,-8.475409,dure,-11.492836,1
9086,S_NOUN_7_ADJ_b,M,S,le vase avec les micros que j' aime beaucoup n' est pas clair <eos>,12,clair,claire,10,M,P,clair,-5.172534,claire,-8.790869,1
9087,S_NOUN_7_ADJ_b,M,S,le vase avec les micros que j' aime beaucoup n' est pas intéressant <eos>,12,intéressant,intéressante,10,M,P,intéressant,-8.228345,intéressante,-12.253436,1
9088,S_NOUN_7_ADJ_b,M,S,le vase avec les micros que j' aime beaucoup n' est pas brillant <eos>,12,brillant,brillante,10,M,P,brillant,-8.082977,brillante,-12.558254,1
9089,S_NOUN_7_ADJ_b,M,S,le vase avec les micros que j' aime beaucoup n' est pas compliqué <eos>,12,compliqué,compliquée,10,M,P,compliqué,-9.349045,compliquée,-13.028055,1
9090,S_NOUN_7_ADJ_b,M,S,le vase avec les sacs que j' aime beaucoup n' est pas vert <eos>,12,vert,verte,10,M,P,vert,-8.526681,verte,-12.615117,1
9091,S_NOUN_7_ADJ_b,M,S,le vase avec les sacs que j' aime beaucoup n' est pas bleu <eos>,12,bleu,bleue,10,M,P,bleu,-8.444039,bleue,-12.548437,1
9092,S_NOUN_7_ADJ_b,M,S,le vase avec les sacs que j' aime beaucoup n' est pas noir <eos>,12,noir,noire,10,M,P,noir,-6.270314,noire,-12.854618,1
9093,S_NOUN_7_ADJ_b,M,S,le vase avec les sacs que j' aime beaucoup n' est pas délicat <eos>,12,délicat,délicate,10,M,P,délicat,-9.873248,délicate,-14.621202,1
9094,S_NOUN_7_ADJ_b,M,S,le vase avec les sacs que j' aime beaucoup n' est pas pointu <eos>,12,pointu,pointue,10,M,P,pointu,-10.997723,pointue,-15.8432455,1
9095,S_NOUN_7_ADJ_b,M,S,le vase avec les sacs que j' aime beaucoup n' est pas rond <eos>,12,rond,ronde,10,M,P,rond,-6.496338,ronde,-12.724907,1
9096,S_NOUN_7_ADJ_b,M,S,le vase avec les sacs que j' aime beaucoup n' est pas froid <eos>,12,froid,froide,10,M,P,froid,-9.0116825,froide,-13.932598,1
9097,S_NOUN_7_ADJ_b,M,S,le vase avec les sacs que j' aime beaucoup n' est pas chaud <eos>,12,chaud,chaude,10,M,P,chaud,-8.4865055,chaude,-13.10779,1
9098,S_NOUN_7_ADJ_b,M,S,le vase avec les sacs que j' aime beaucoup n' est pas important <eos>,12,important,importante,10,M,P,important,-7.8900857,importante,-12.15447,1
9099,S_NOUN_7_ADJ_b,M,S,le vase avec les sacs que j' aime beaucoup n' est pas court <eos>,12,court,courte,10,M,P,court,-9.927601,courte,-13.865595,1
9100,S_NOUN_7_ADJ_b,M,S,le vase avec les sacs que j' aime beaucoup n' est pas dur <eos>,12,dur,dure,10,M,P,dur,-8.481972,dure,-11.194656,1
9101,S_NOUN_7_ADJ_b,M,S,le vase avec les sacs que j' aime beaucoup n' est pas clair <eos>,12,clair,claire,10,M,P,clair,-5.1119766,claire,-8.907162,1
9102,S_NOUN_7_ADJ_b,M,S,le vase avec les sacs que j' aime beaucoup n' est pas intéressant <eos>,12,intéressant,intéressante,10,M,P,intéressant,-8.282197,intéressante,-12.172599,1
9103,S_NOUN_7_ADJ_b,M,S,le vase avec les sacs que j' aime beaucoup n' est pas brillant <eos>,12,brillant,brillante,10,M,P,brillant,-8.108856,brillante,-12.69907,1
9104,S_NOUN_7_ADJ_b,M,S,le vase avec les sacs que j' aime beaucoup n' est pas compliqué <eos>,12,compliqué,compliquée,10,M,P,compliqué,-9.132154,compliquée,-13.296841,1
9105,S_NOUN_7_ADJ_b,M,S,le vase avec les claviers que j' aime beaucoup n' est pas vert <eos>,12,vert,verte,10,M,P,vert,-10.249203,verte,-14.410902,1
9106,S_NOUN_7_ADJ_b,M,S,le vase avec les claviers que j' aime beaucoup n' est pas bleu <eos>,12,bleu,bleue,10,M,P,bleu,-9.589188,bleue,-13.771742,1
9107,S_NOUN_7_ADJ_b,M,S,le vase avec les claviers que j' aime beaucoup n' est pas noir <eos>,12,noir,noire,10,M,P,noir,-7.2488976,noire,-13.656603,1
9108,S_NOUN_7_ADJ_b,M,S,le vase avec les claviers que j' aime beaucoup n' est pas délicat <eos>,12,délicat,délicate,10,M,P,délicat,-9.725398,délicate,-15.357476,1
9109,S_NOUN_7_ADJ_b,M,S,le vase avec les claviers que j' aime beaucoup n' est pas pointu <eos>,12,pointu,pointue,10,M,P,pointu,-10.366953,pointue,-15.9143,1
9110,S_NOUN_7_ADJ_b,M,S,le vase avec les claviers que j' aime beaucoup n' est pas rond <eos>,12,rond,ronde,10,M,P,rond,-7.040252,ronde,-12.778971,1
9111,S_NOUN_7_ADJ_b,M,S,le vase avec les claviers que j' aime beaucoup n' est pas froid <eos>,12,froid,froide,10,M,P,froid,-9.868228,froide,-15.23621,1
9112,S_NOUN_7_ADJ_b,M,S,le vase avec les claviers que j' aime beaucoup n' est pas chaud <eos>,12,chaud,chaude,10,M,P,chaud,-9.271088,chaude,-13.749992,1
9113,S_NOUN_7_ADJ_b,M,S,le vase avec les claviers que j' aime beaucoup n' est pas important <eos>,12,important,importante,10,M,P,important,-7.750858,importante,-12.091063,1
9114,S_NOUN_7_ADJ_b,M,S,le vase avec les claviers que j' aime beaucoup n' est pas court <eos>,12,court,courte,10,M,P,court,-9.578051,courte,-13.3039,1
9115,S_NOUN_7_ADJ_b,M,S,le vase avec les claviers que j' aime beaucoup n' est pas dur <eos>,12,dur,dure,10,M,P,dur,-8.282246,dure,-11.138966,1
9116,S_NOUN_7_ADJ_b,M,S,le vase avec les claviers que j' aime beaucoup n' est pas clair <eos>,12,clair,claire,10,M,P,clair,-5.464366,claire,-9.5364895,1
9117,S_NOUN_7_ADJ_b,M,S,le vase avec les claviers que j' aime beaucoup n' est pas intéressant <eos>,12,intéressant,intéressante,10,M,P,intéressant,-8.139352,intéressante,-12.156299,1
9118,S_NOUN_7_ADJ_b,M,S,le vase avec les claviers que j' aime beaucoup n' est pas brillant <eos>,12,brillant,brillante,10,M,P,brillant,-8.274349,brillante,-12.842386,1
9119,S_NOUN_7_ADJ_b,M,S,le vase avec les claviers que j' aime beaucoup n' est pas compliqué <eos>,12,compliqué,compliquée,10,M,P,compliqué,-8.995163,compliquée,-12.6543865,1
9120,S_NOUN_7_ADJ_b,M,S,le vase avec les raisins que j' aime beaucoup n' est pas vert <eos>,12,vert,verte,10,M,P,vert,-8.485255,verte,-13.420362,1
9121,S_NOUN_7_ADJ_b,M,S,le vase avec les raisins que j' aime beaucoup n' est pas bleu <eos>,12,bleu,bleue,10,M,P,bleu,-8.357987,bleue,-13.163677,1
9122,S_NOUN_7_ADJ_b,M,S,le vase avec les raisins que j' aime beaucoup n' est pas noir <eos>,12,noir,noire,10,M,P,noir,-6.4663577,noire,-13.38925,1
9123,S_NOUN_7_ADJ_b,M,S,le vase avec les raisins que j' aime beaucoup n' est pas délicat <eos>,12,délicat,délicate,10,M,P,délicat,-9.4787855,délicate,-14.494589,1
9124,S_NOUN_7_ADJ_b,M,S,le vase avec les raisins que j' aime beaucoup n' est pas pointu <eos>,12,pointu,pointue,10,M,P,pointu,-11.708745,pointue,-16.071243,1
9125,S_NOUN_7_ADJ_b,M,S,le vase avec les raisins que j' aime beaucoup n' est pas rond <eos>,12,rond,ronde,10,M,P,rond,-6.7260857,ronde,-12.833292,1
9126,S_NOUN_7_ADJ_b,M,S,le vase avec les raisins que j' aime beaucoup n' est pas froid <eos>,12,froid,froide,10,M,P,froid,-8.323288,froide,-13.884287,1
9127,S_NOUN_7_ADJ_b,M,S,le vase avec les raisins que j' aime beaucoup n' est pas chaud <eos>,12,chaud,chaude,10,M,P,chaud,-8.003359,chaude,-12.544078,1
9128,S_NOUN_7_ADJ_b,M,S,le vase avec les raisins que j' aime beaucoup n' est pas important <eos>,12,important,importante,10,M,P,important,-7.797034,importante,-11.761259,1
9129,S_NOUN_7_ADJ_b,M,S,le vase avec les raisins que j' aime beaucoup n' est pas court <eos>,12,court,courte,10,M,P,court,-10.088291,courte,-14.273298,1
9130,S_NOUN_7_ADJ_b,M,S,le vase avec les raisins que j' aime beaucoup n' est pas dur <eos>,12,dur,dure,10,M,P,dur,-9.2949505,dure,-10.8630905,1
9131,S_NOUN_7_ADJ_b,M,S,le vase avec les raisins que j' aime beaucoup n' est pas clair <eos>,12,clair,claire,10,M,P,clair,-4.5242977,claire,-8.740787,1
9132,S_NOUN_7_ADJ_b,M,S,le vase avec les raisins que j' aime beaucoup n' est pas intéressant <eos>,12,intéressant,intéressante,10,M,P,intéressant,-8.630995,intéressante,-12.709106,1
9133,S_NOUN_7_ADJ_b,M,S,le vase avec les raisins que j' aime beaucoup n' est pas brillant <eos>,12,brillant,brillante,10,M,P,brillant,-8.317323,brillante,-12.988564,1
9134,S_NOUN_7_ADJ_b,M,S,le vase avec les raisins que j' aime beaucoup n' est pas compliqué <eos>,12,compliqué,compliquée,10,M,P,compliqué,-9.311586,compliquée,-13.67292,1
9135,S_NOUN_7_ADJ_b,M,S,le vase avec les chargeurs que j' aime beaucoup n' est pas vert <eos>,12,vert,verte,10,M,P,vert,-9.089327,verte,-12.551365,1
9136,S_NOUN_7_ADJ_b,M,S,le vase avec les chargeurs que j' aime beaucoup n' est pas bleu <eos>,12,bleu,bleue,10,M,P,bleu,-9.019344,bleue,-13.459264,1
9137,S_NOUN_7_ADJ_b,M,S,le vase avec les chargeurs que j' aime beaucoup n' est pas noir <eos>,12,noir,noire,10,M,P,noir,-6.946005,noire,-12.826433,1
9138,S_NOUN_7_ADJ_b,M,S,le vase avec les chargeurs que j' aime beaucoup n' est pas délicat <eos>,12,délicat,délicate,10,M,P,délicat,-10.1718025,délicate,-15.226029,1
9139,S_NOUN_7_ADJ_b,M,S,le vase avec les chargeurs que j' aime beaucoup n' est pas pointu <eos>,12,pointu,pointue,10,M,P,pointu,-9.795055,pointue,-14.771657,1
9140,S_NOUN_7_ADJ_b,M,S,le vase avec les chargeurs que j' aime beaucoup n' est pas rond <eos>,12,rond,ronde,10,M,P,rond,-7.072713,ronde,-12.153095,1
9141,S_NOUN_7_ADJ_b,M,S,le vase avec les chargeurs que j' aime beaucoup n' est pas froid <eos>,12,froid,froide,10,M,P,froid,-9.734745,froide,-14.629547,1
9142,S_NOUN_7_ADJ_b,M,S,le vase avec les chargeurs que j' aime beaucoup n' est pas chaud <eos>,12,chaud,chaude,10,M,P,chaud,-9.110252,chaude,-13.8745,1
9143,S_NOUN_7_ADJ_b,M,S,le vase avec les chargeurs que j' aime beaucoup n' est pas important <eos>,12,important,importante,10,M,P,important,-7.653529,importante,-11.603286,1
9144,S_NOUN_7_ADJ_b,M,S,le vase avec les chargeurs que j' aime beaucoup n' est pas court <eos>,12,court,courte,10,M,P,court,-9.56662,courte,-13.560381,1
9145,S_NOUN_7_ADJ_b,M,S,le vase avec les chargeurs que j' aime beaucoup n' est pas dur <eos>,12,dur,dure,10,M,P,dur,-9.320072,dure,-12.577608,1
9146,S_NOUN_7_ADJ_b,M,S,le vase avec les chargeurs que j' aime beaucoup n' est pas clair <eos>,12,clair,claire,10,M,P,clair,-5.901799,claire,-9.664011,1
9147,S_NOUN_7_ADJ_b,M,S,le vase avec les chargeurs que j' aime beaucoup n' est pas intéressant <eos>,12,intéressant,intéressante,10,M,P,intéressant,-8.030543,intéressante,-12.353728,1
9148,S_NOUN_7_ADJ_b,M,S,le vase avec les chargeurs que j' aime beaucoup n' est pas brillant <eos>,12,brillant,brillante,10,M,P,brillant,-8.233236,brillante,-13.030007,1
9149,S_NOUN_7_ADJ_b,M,S,le vase avec les chargeurs que j' aime beaucoup n' est pas compliqué <eos>,12,compliqué,compliquée,10,M,P,compliqué,-9.153983,compliquée,-13.581203,1
9150,S_NOUN_7_ADJ_b,M,S,le vase avec les vases que j' aime beaucoup n' est pas vert <eos>,12,vert,verte,10,M,P,vert,-8.855148,verte,-13.07996,1
9151,S_NOUN_7_ADJ_b,M,S,le vase avec les vases que j' aime beaucoup n' est pas bleu <eos>,12,bleu,bleue,10,M,P,bleu,-8.439721,bleue,-12.737228,1
9152,S_NOUN_7_ADJ_b,M,S,le vase avec les vases que j' aime beaucoup n' est pas noir <eos>,12,noir,noire,10,M,P,noir,-6.7750144,noire,-13.249506,1
9153,S_NOUN_7_ADJ_b,M,S,le vase avec les vases que j' aime beaucoup n' est pas délicat <eos>,12,délicat,délicate,10,M,P,délicat,-10.014096,délicate,-14.486458,1
9154,S_NOUN_7_ADJ_b,M,S,le vase avec les vases que j' aime beaucoup n' est pas pointu <eos>,12,pointu,pointue,10,M,P,pointu,-10.949384,pointue,-15.673464,1
9155,S_NOUN_7_ADJ_b,M,S,le vase avec les vases que j' aime beaucoup n' est pas rond <eos>,12,rond,ronde,10,M,P,rond,-6.4048347,ronde,-12.012092,1
9156,S_NOUN_7_ADJ_b,M,S,le vase avec les vases que j' aime beaucoup n' est pas froid <eos>,12,froid,froide,10,M,P,froid,-9.053677,froide,-14.203249,1
9157,S_NOUN_7_ADJ_b,M,S,le vase avec les vases que j' aime beaucoup n' est pas chaud <eos>,12,chaud,chaude,10,M,P,chaud,-8.714336,chaude,-12.946868,1
9158,S_NOUN_7_ADJ_b,M,S,le vase avec les vases que j' aime beaucoup n' est pas important <eos>,12,important,importante,10,M,P,important,-7.8502235,importante,-11.923603,1
9159,S_NOUN_7_ADJ_b,M,S,le vase avec les vases que j' aime beaucoup n' est pas court <eos>,12,court,courte,10,M,P,court,-10.202646,courte,-13.960358,1
9160,S_NOUN_7_ADJ_b,M,S,le vase avec les vases que j' aime beaucoup n' est pas dur <eos>,12,dur,dure,10,M,P,dur,-9.404588,dure,-11.596615,1
9161,S_NOUN_7_ADJ_b,M,S,le vase avec les vases que j' aime beaucoup n' est pas clair <eos>,12,clair,claire,10,M,P,clair,-4.911269,claire,-8.553203,1
9162,S_NOUN_7_ADJ_b,M,S,le vase avec les vases que j' aime beaucoup n' est pas intéressant <eos>,12,intéressant,intéressante,10,M,P,intéressant,-8.875371,intéressante,-12.962406,1
9163,S_NOUN_7_ADJ_b,M,S,le vase avec les vases que j' aime beaucoup n' est pas brillant <eos>,12,brillant,brillante,10,M,P,brillant,-7.965638,brillante,-12.41224,1
9164,S_NOUN_7_ADJ_b,M,S,le vase avec les vases que j' aime beaucoup n' est pas compliqué <eos>,12,compliqué,compliquée,10,M,P,compliqué,-9.425197,compliquée,-13.452312,1
9165,S_NOUN_7_ADJ_b,M,S,le vase avec les paniers que j' aime beaucoup n' est pas vert <eos>,12,vert,verte,10,M,P,vert,-8.696997,verte,-12.978371,1
9166,S_NOUN_7_ADJ_b,M,S,le vase avec les paniers que j' aime beaucoup n' est pas bleu <eos>,12,bleu,bleue,10,M,P,bleu,-8.740337,bleue,-13.173541,1
9167,S_NOUN_7_ADJ_b,M,S,le vase avec les paniers que j' aime beaucoup n' est pas noir <eos>,12,noir,noire,10,M,P,noir,-6.6322985,noire,-13.06189,1
9168,S_NOUN_7_ADJ_b,M,S,le vase avec les paniers que j' aime beaucoup n' est pas délicat <eos>,12,délicat,délicate,10,M,P,délicat,-9.744527,délicate,-14.610017,1
9169,S_NOUN_7_ADJ_b,M,S,le vase avec les paniers que j' aime beaucoup n' est pas pointu <eos>,12,pointu,pointue,10,M,P,pointu,-9.681028,pointue,-14.708069,1
9170,S_NOUN_7_ADJ_b,M,S,le vase avec les paniers que j' aime beaucoup n' est pas rond <eos>,12,rond,ronde,10,M,P,rond,-6.0175953,ronde,-12.23024,1
9171,S_NOUN_7_ADJ_b,M,S,le vase avec les paniers que j' aime beaucoup n' est pas froid <eos>,12,froid,froide,10,M,P,froid,-9.712833,froide,-15.195274,1
9172,S_NOUN_7_ADJ_b,M,S,le vase avec les paniers que j' aime beaucoup n' est pas chaud <eos>,12,chaud,chaude,10,M,P,chaud,-9.374058,chaude,-14.074316,1
9173,S_NOUN_7_ADJ_b,M,S,le vase avec les paniers que j' aime beaucoup n' est pas important <eos>,12,important,importante,10,M,P,important,-7.6560154,importante,-11.812525,1
9174,S_NOUN_7_ADJ_b,M,S,le vase avec les paniers que j' aime beaucoup n' est pas court <eos>,12,court,courte,10,M,P,court,-9.350809,courte,-13.381907,1
9175,S_NOUN_7_ADJ_b,M,S,le vase avec les paniers que j' aime beaucoup n' est pas dur <eos>,12,dur,dure,10,M,P,dur,-8.685044,dure,-11.596252,1
9176,S_NOUN_7_ADJ_b,M,S,le vase avec les paniers que j' aime beaucoup n' est pas clair <eos>,12,clair,claire,10,M,P,clair,-5.2756805,claire,-9.141496,1
9177,S_NOUN_7_ADJ_b,M,S,le vase avec les paniers que j' aime beaucoup n' est pas intéressant <eos>,12,intéressant,intéressante,10,M,P,intéressant,-8.348951,intéressante,-13.050331,1
9178,S_NOUN_7_ADJ_b,M,S,le vase avec les paniers que j' aime beaucoup n' est pas brillant <eos>,12,brillant,brillante,10,M,P,brillant,-8.020632,brillante,-12.554294,1
9179,S_NOUN_7_ADJ_b,M,S,le vase avec les paniers que j' aime beaucoup n' est pas compliqué <eos>,12,compliqué,compliquée,10,M,P,compliqué,-9.271711,compliquée,-13.438866,1
9180,S_NOUN_7_ADJ_b,M,S,le vase avec les colliers que j' aime beaucoup n' est pas vert <eos>,12,vert,verte,10,M,P,vert,-8.882175,verte,-12.71989,1
9181,S_NOUN_7_ADJ_b,M,S,le vase avec les colliers que j' aime beaucoup n' est pas bleu <eos>,12,bleu,bleue,10,M,P,bleu,-8.450831,bleue,-12.75366,1
9182,S_NOUN_7_ADJ_b,M,S,le vase avec les colliers que j' aime beaucoup n' est pas noir <eos>,12,noir,noire,10,M,P,noir,-6.4923816,noire,-12.796017,1
9183,S_NOUN_7_ADJ_b,M,S,le vase avec les colliers que j' aime beaucoup n' est pas délicat <eos>,12,délicat,délicate,10,M,P,délicat,-9.938449,délicate,-14.473084,1
9184,S_NOUN_7_ADJ_b,M,S,le vase avec les colliers que j' aime beaucoup n' est pas pointu <eos>,12,pointu,pointue,10,M,P,pointu,-10.040021,pointue,-15.236832,1
9185,S_NOUN_7_ADJ_b,M,S,le vase avec les colliers que j' aime beaucoup n' est pas rond <eos>,12,rond,ronde,10,M,P,rond,-6.5034084,ronde,-12.278479,1
9186,S_NOUN_7_ADJ_b,M,S,le vase avec les colliers que j' aime beaucoup n' est pas froid <eos>,12,froid,froide,10,M,P,froid,-9.690189,froide,-15.136229,1
9187,S_NOUN_7_ADJ_b,M,S,le vase avec les colliers que j' aime beaucoup n' est pas chaud <eos>,12,chaud,chaude,10,M,P,chaud,-9.373508,chaude,-14.377384,1
9188,S_NOUN_7_ADJ_b,M,S,le vase avec les colliers que j' aime beaucoup n' est pas important <eos>,12,important,importante,10,M,P,important,-7.9649515,importante,-12.308913,1
9189,S_NOUN_7_ADJ_b,M,S,le vase avec les colliers que j' aime beaucoup n' est pas court <eos>,12,court,courte,10,M,P,court,-9.676421,courte,-13.826803,1
9190,S_NOUN_7_ADJ_b,M,S,le vase avec les colliers que j' aime beaucoup n' est pas dur <eos>,12,dur,dure,10,M,P,dur,-8.789799,dure,-11.850367,1
9191,S_NOUN_7_ADJ_b,M,S,le vase avec les colliers que j' aime beaucoup n' est pas clair <eos>,12,clair,claire,10,M,P,clair,-5.247447,claire,-9.180271,1
9192,S_NOUN_7_ADJ_b,M,S,le vase avec les colliers que j' aime beaucoup n' est pas intéressant <eos>,12,intéressant,intéressante,10,M,P,intéressant,-8.471225,intéressante,-13.451935,1
9193,S_NOUN_7_ADJ_b,M,S,le vase avec les colliers que j' aime beaucoup n' est pas brillant <eos>,12,brillant,brillante,10,M,P,brillant,-7.3805513,brillante,-12.197213,1
9194,S_NOUN_7_ADJ_b,M,S,le vase avec les colliers que j' aime beaucoup n' est pas compliqué <eos>,12,compliqué,compliquée,10,M,P,compliqué,-9.1620245,compliquée,-13.231954,1
9195,S_NOUN_7_ADJ_b,M,S,le vase avec les chapeaux que j' aime beaucoup n' est pas vert <eos>,12,vert,verte,10,M,P,vert,-8.421225,verte,-12.736544,1
9196,S_NOUN_7_ADJ_b,M,S,le vase avec les chapeaux que j' aime beaucoup n' est pas bleu <eos>,12,bleu,bleue,10,M,P,bleu,-8.100837,bleue,-12.674467,1
9197,S_NOUN_7_ADJ_b,M,S,le vase avec les chapeaux que j' aime beaucoup n' est pas noir <eos>,12,noir,noire,10,M,P,noir,-6.186477,noire,-12.706207,1
9198,S_NOUN_7_ADJ_b,M,S,le vase avec les chapeaux que j' aime beaucoup n' est pas délicat <eos>,12,délicat,délicate,10,M,P,délicat,-9.94066,délicate,-15.024565,1
9199,S_NOUN_7_ADJ_b,M,S,le vase avec les chapeaux que j' aime beaucoup n' est pas pointu <eos>,12,pointu,pointue,10,M,P,pointu,-10.290318,pointue,-15.296181,1
9200,S_NOUN_7_ADJ_b,M,S,le vase avec les chapeaux que j' aime beaucoup n' est pas rond <eos>,12,rond,ronde,10,M,P,rond,-6.342713,ronde,-11.813406,1
9201,S_NOUN_7_ADJ_b,M,S,le vase avec les chapeaux que j' aime beaucoup n' est pas froid <eos>,12,froid,froide,10,M,P,froid,-8.986731,froide,-14.449935,1
9202,S_NOUN_7_ADJ_b,M,S,le vase avec les chapeaux que j' aime beaucoup n' est pas chaud <eos>,12,chaud,chaude,10,M,P,chaud,-8.715609,chaude,-13.538097,1
9203,S_NOUN_7_ADJ_b,M,S,le vase avec les chapeaux que j' aime beaucoup n' est pas important <eos>,12,important,importante,10,M,P,important,-8.233811,importante,-12.535063,1
9204,S_NOUN_7_ADJ_b,M,S,le vase avec les chapeaux que j' aime beaucoup n' est pas court <eos>,12,court,courte,10,M,P,court,-9.72241,courte,-14.124656,1
9205,S_NOUN_7_ADJ_b,M,S,le vase avec les chapeaux que j' aime beaucoup n' est pas dur <eos>,12,dur,dure,10,M,P,dur,-8.945175,dure,-11.521807,1
9206,S_NOUN_7_ADJ_b,M,S,le vase avec les chapeaux que j' aime beaucoup n' est pas clair <eos>,12,clair,claire,10,M,P,clair,-5.126549,claire,-9.05541,1
9207,S_NOUN_7_ADJ_b,M,S,le vase avec les chapeaux que j' aime beaucoup n' est pas intéressant <eos>,12,intéressant,intéressante,10,M,P,intéressant,-8.462851,intéressante,-13.492159,1
9208,S_NOUN_7_ADJ_b,M,S,le vase avec les chapeaux que j' aime beaucoup n' est pas brillant <eos>,12,brillant,brillante,10,M,P,brillant,-7.8896675,brillante,-12.478819,1
9209,S_NOUN_7_ADJ_b,M,S,le vase avec les chapeaux que j' aime beaucoup n' est pas compliqué <eos>,12,compliqué,compliquée,10,M,P,compliqué,-9.338194,compliquée,-13.780784,1
9210,S_NOUN_7_ADJ_b,M,S,le vase avec les pots que j' aime beaucoup n' est pas vert <eos>,12,vert,verte,10,M,P,vert,-8.514059,verte,-13.051162,1
9211,S_NOUN_7_ADJ_b,M,S,le vase avec les pots que j' aime beaucoup n' est pas bleu <eos>,12,bleu,bleue,10,M,P,bleu,-8.27047,bleue,-12.744431,1
9212,S_NOUN_7_ADJ_b,M,S,le vase avec les pots que j' aime beaucoup n' est pas noir <eos>,12,noir,noire,10,M,P,noir,-6.597748,noire,-13.214283,1
9213,S_NOUN_7_ADJ_b,M,S,le vase avec les pots que j' aime beaucoup n' est pas délicat <eos>,12,délicat,délicate,10,M,P,délicat,-9.940319,délicate,-14.89546,1
9214,S_NOUN_7_ADJ_b,M,S,le vase avec les pots que j' aime beaucoup n' est pas pointu <eos>,12,pointu,pointue,10,M,P,pointu,-11.36865,pointue,-16.002625,1
9215,S_NOUN_7_ADJ_b,M,S,le vase avec les pots que j' aime beaucoup n' est pas rond <eos>,12,rond,ronde,10,M,P,rond,-6.629388,ronde,-12.290028,1
9216,S_NOUN_7_ADJ_b,M,S,le vase avec les pots que j' aime beaucoup n' est pas froid <eos>,12,froid,froide,10,M,P,froid,-8.618187,froide,-13.709911,1
9217,S_NOUN_7_ADJ_b,M,S,le vase avec les pots que j' aime beaucoup n' est pas chaud <eos>,12,chaud,chaude,10,M,P,chaud,-8.344512,chaude,-12.750322,1
9218,S_NOUN_7_ADJ_b,M,S,le vase avec les pots que j' aime beaucoup n' est pas important <eos>,12,important,importante,10,M,P,important,-8.177172,importante,-12.517504,1
9219,S_NOUN_7_ADJ_b,M,S,le vase avec les pots que j' aime beaucoup n' est pas court <eos>,12,court,courte,10,M,P,court,-10.479122,courte,-14.525813,1
9220,S_NOUN_7_ADJ_b,M,S,le vase avec les pots que j' aime beaucoup n' est pas dur <eos>,12,dur,dure,10,M,P,dur,-8.911342,dure,-11.404663,1
9221,S_NOUN_7_ADJ_b,M,S,le vase avec les pots que j' aime beaucoup n' est pas clair <eos>,12,clair,claire,10,M,P,clair,-5.155644,claire,-8.990009,1
9222,S_NOUN_7_ADJ_b,M,S,le vase avec les pots que j' aime beaucoup n' est pas intéressant <eos>,12,intéressant,intéressante,10,M,P,intéressant,-8.775955,intéressante,-12.970678,1
9223,S_NOUN_7_ADJ_b,M,S,le vase avec les pots que j' aime beaucoup n' est pas brillant <eos>,12,brillant,brillante,10,M,P,brillant,-8.029558,brillante,-12.816265,1
9224,S_NOUN_7_ADJ_b,M,S,le vase avec les pots que j' aime beaucoup n' est pas compliqué <eos>,12,compliqué,compliquée,10,M,P,compliqué,-9.327789,compliquée,-13.600864,1
9225,S_NOUN_7_ADJ_b,M,S,le vase avec les coussins que j' aime beaucoup n' est pas vert <eos>,12,vert,verte,10,M,P,vert,-8.715034,verte,-12.441367,1
9226,S_NOUN_7_ADJ_b,M,S,le vase avec les coussins que j' aime beaucoup n' est pas bleu <eos>,12,bleu,bleue,10,M,P,bleu,-8.619017,bleue,-12.379471,1
9227,S_NOUN_7_ADJ_b,M,S,le vase avec les coussins que j' aime beaucoup n' est pas noir <eos>,12,noir,noire,10,M,P,noir,-6.797571,noire,-12.9629345,1
9228,S_NOUN_7_ADJ_b,M,S,le vase avec les coussins que j' aime beaucoup n' est pas délicat <eos>,12,délicat,délicate,10,M,P,délicat,-10.091222,délicate,-14.598506,1
9229,S_NOUN_7_ADJ_b,M,S,le vase avec les coussins que j' aime beaucoup n' est pas pointu <eos>,12,pointu,pointue,10,M,P,pointu,-10.224661,pointue,-15.175719,1
9230,S_NOUN_7_ADJ_b,M,S,le vase avec les coussins que j' aime beaucoup n' est pas rond <eos>,12,rond,ronde,10,M,P,rond,-6.143805,ronde,-12.384195,1
9231,S_NOUN_7_ADJ_b,M,S,le vase avec les coussins que j' aime beaucoup n' est pas froid <eos>,12,froid,froide,10,M,P,froid,-9.430865,froide,-14.103329,1
9232,S_NOUN_7_ADJ_b,M,S,le vase avec les coussins que j' aime beaucoup n' est pas chaud <eos>,12,chaud,chaude,10,M,P,chaud,-8.721649,chaude,-12.933164,1
9233,S_NOUN_7_ADJ_b,M,S,le vase avec les coussins que j' aime beaucoup n' est pas important <eos>,12,important,importante,10,M,P,important,-8.098045,importante,-12.171925,1
9234,S_NOUN_7_ADJ_b,M,S,le vase avec les coussins que j' aime beaucoup n' est pas court <eos>,12,court,courte,10,M,P,court,-9.939931,courte,-14.03399,1
9235,S_NOUN_7_ADJ_b,M,S,le vase avec les coussins que j' aime beaucoup n' est pas dur <eos>,12,dur,dure,10,M,P,dur,-9.203298,dure,-11.576732,1
9236,S_NOUN_7_ADJ_b,M,S,le vase avec les coussins que j' aime beaucoup n' est pas clair <eos>,12,clair,claire,10,M,P,clair,-5.5995445,claire,-8.708713,1
9237,S_NOUN_7_ADJ_b,M,S,le vase avec les coussins que j' aime beaucoup n' est pas intéressant <eos>,12,intéressant,intéressante,10,M,P,intéressant,-8.788504,intéressante,-12.729307,1
9238,S_NOUN_7_ADJ_b,M,S,le vase avec les coussins que j' aime beaucoup n' est pas brillant <eos>,12,brillant,brillante,10,M,P,brillant,-7.9724617,brillante,-12.385407,1
9239,S_NOUN_7_ADJ_b,M,S,le vase avec les coussins que j' aime beaucoup n' est pas compliqué <eos>,12,compliqué,compliquée,10,M,P,compliqué,-9.376356,compliquée,-13.014925,1
9240,S_NOUN_7_ADJ_b,M,S,le vase avec les jouets que j' aime beaucoup n' est pas vert <eos>,12,vert,verte,10,M,P,vert,-9.304665,verte,-13.094585,1
9241,S_NOUN_7_ADJ_b,M,S,le vase avec les jouets que j' aime beaucoup n' est pas bleu <eos>,12,bleu,bleue,10,M,P,bleu,-9.038333,bleue,-13.0157175,1
9242,S_NOUN_7_ADJ_b,M,S,le vase avec les jouets que j' aime beaucoup n' est pas noir <eos>,12,noir,noire,10,M,P,noir,-6.713025,noire,-12.991682,1
9243,S_NOUN_7_ADJ_b,M,S,le vase avec les jouets que j' aime beaucoup n' est pas délicat <eos>,12,délicat,délicate,10,M,P,délicat,-10.372575,délicate,-15.386488,1
9244,S_NOUN_7_ADJ_b,M,S,le vase avec les jouets que j' aime beaucoup n' est pas pointu <eos>,12,pointu,pointue,10,M,P,pointu,-10.959946,pointue,-15.951443,1
9245,S_NOUN_7_ADJ_b,M,S,le vase avec les jouets que j' aime beaucoup n' est pas rond <eos>,12,rond,ronde,10,M,P,rond,-6.6656365,ronde,-12.503456,1
9246,S_NOUN_7_ADJ_b,M,S,le vase avec les jouets que j' aime beaucoup n' est pas froid <eos>,12,froid,froide,10,M,P,froid,-8.717419,froide,-13.7268505,1
9247,S_NOUN_7_ADJ_b,M,S,le vase avec les jouets que j' aime beaucoup n' est pas chaud <eos>,12,chaud,chaude,10,M,P,chaud,-8.42032,chaude,-12.908349,1
9248,S_NOUN_7_ADJ_b,M,S,le vase avec les jouets que j' aime beaucoup n' est pas important <eos>,12,important,importante,10,M,P,important,-8.175988,importante,-12.392838,1
9249,S_NOUN_7_ADJ_b,M,S,le vase avec les jouets que j' aime beaucoup n' est pas court <eos>,12,court,courte,10,M,P,court,-9.855177,courte,-14.080318,1
9250,S_NOUN_7_ADJ_b,M,S,le vase avec les jouets que j' aime beaucoup n' est pas dur <eos>,12,dur,dure,10,M,P,dur,-8.85257,dure,-11.506293,1
9251,S_NOUN_7_ADJ_b,M,S,le vase avec les jouets que j' aime beaucoup n' est pas clair <eos>,12,clair,claire,10,M,P,clair,-5.806002,claire,-9.234623,1
9252,S_NOUN_7_ADJ_b,M,S,le vase avec les jouets que j' aime beaucoup n' est pas intéressant <eos>,12,intéressant,intéressante,10,M,P,intéressant,-8.601261,intéressante,-12.556454,1
9253,S_NOUN_7_ADJ_b,M,S,le vase avec les jouets que j' aime beaucoup n' est pas brillant <eos>,12,brillant,brillante,10,M,P,brillant,-8.731721,brillante,-13.118322,1
9254,S_NOUN_7_ADJ_b,M,S,le vase avec les jouets que j' aime beaucoup n' est pas compliqué <eos>,12,compliqué,compliquée,10,M,P,compliqué,-9.537466,compliquée,-12.990474,1
9255,S_NOUN_7_ADJ_b,M,S,le vase avec les clous que j' aime beaucoup n' est pas vert <eos>,12,vert,verte,10,M,P,vert,-8.549058,verte,-12.912776,1
9256,S_NOUN_7_ADJ_b,M,S,le vase avec les clous que j' aime beaucoup n' est pas bleu <eos>,12,bleu,bleue,10,M,P,bleu,-8.32731,bleue,-13.2406435,1
9257,S_NOUN_7_ADJ_b,M,S,le vase avec les clous que j' aime beaucoup n' est pas noir <eos>,12,noir,noire,10,M,P,noir,-6.4986067,noire,-12.893623,1
9258,S_NOUN_7_ADJ_b,M,S,le vase avec les clous que j' aime beaucoup n' est pas délicat <eos>,12,délicat,délicate,10,M,P,délicat,-9.634082,délicate,-14.2868,1
9259,S_NOUN_7_ADJ_b,M,S,le vase avec les clous que j' aime beaucoup n' est pas pointu <eos>,12,pointu,pointue,10,M,P,pointu,-9.950723,pointue,-14.85811,1
9260,S_NOUN_7_ADJ_b,M,S,le vase avec les clous que j' aime beaucoup n' est pas rond <eos>,12,rond,ronde,10,M,P,rond,-5.9756684,ronde,-12.383186,1
9261,S_NOUN_7_ADJ_b,M,S,le vase avec les clous que j' aime beaucoup n' est pas froid <eos>,12,froid,froide,10,M,P,froid,-9.535335,froide,-14.96073,1
9262,S_NOUN_7_ADJ_b,M,S,le vase avec les clous que j' aime beaucoup n' est pas chaud <eos>,12,chaud,chaude,10,M,P,chaud,-9.092756,chaude,-13.681533,1
9263,S_NOUN_7_ADJ_b,M,S,le vase avec les clous que j' aime beaucoup n' est pas important <eos>,12,important,importante,10,M,P,important,-8.010561,importante,-12.189644,1
9264,S_NOUN_7_ADJ_b,M,S,le vase avec les clous que j' aime beaucoup n' est pas court <eos>,12,court,courte,10,M,P,court,-9.459416,courte,-13.807397,1
9265,S_NOUN_7_ADJ_b,M,S,le vase avec les clous que j' aime beaucoup n' est pas dur <eos>,12,dur,dure,10,M,P,dur,-8.6267395,dure,-11.328655,1
9266,S_NOUN_7_ADJ_b,M,S,le vase avec les clous que j' aime beaucoup n' est pas clair <eos>,12,clair,claire,10,M,P,clair,-5.1578093,claire,-9.021964,1
9267,S_NOUN_7_ADJ_b,M,S,le vase avec les clous que j' aime beaucoup n' est pas intéressant <eos>,12,intéressant,intéressante,10,M,P,intéressant,-8.536818,intéressante,-13.29133,1
9268,S_NOUN_7_ADJ_b,M,S,le vase avec les clous que j' aime beaucoup n' est pas brillant <eos>,12,brillant,brillante,10,M,P,brillant,-7.7507305,brillante,-13.011475,1
9269,S_NOUN_7_ADJ_b,M,S,le vase avec les clous que j' aime beaucoup n' est pas compliqué <eos>,12,compliqué,compliquée,10,M,P,compliqué,-9.269913,compliquée,-13.576073,1
9270,S_NOUN_7_ADJ_b,M,S,le vase avec les billets que j' aime beaucoup n' est pas vert <eos>,12,vert,verte,10,M,P,vert,-9.050213,verte,-13.170521,1
9271,S_NOUN_7_ADJ_b,M,S,le vase avec les billets que j' aime beaucoup n' est pas bleu <eos>,12,bleu,bleue,10,M,P,bleu,-8.615162,bleue,-12.90457,1
9272,S_NOUN_7_ADJ_b,M,S,le vase avec les billets que j' aime beaucoup n' est pas noir <eos>,12,noir,noire,10,M,P,noir,-6.395584,noire,-13.377378,1
9273,S_NOUN_7_ADJ_b,M,S,le vase avec les billets que j' aime beaucoup n' est pas délicat <eos>,12,délicat,délicate,10,M,P,délicat,-10.646995,délicate,-16.242546,1
9274,S_NOUN_7_ADJ_b,M,S,le vase avec les billets que j' aime beaucoup n' est pas pointu <eos>,12,pointu,pointue,10,M,P,pointu,-11.286462,pointue,-16.356411,1
9275,S_NOUN_7_ADJ_b,M,S,le vase avec les billets que j' aime beaucoup n' est pas rond <eos>,12,rond,ronde,10,M,P,rond,-6.901584,ronde,-12.329641,1
9276,S_NOUN_7_ADJ_b,M,S,le vase avec les billets que j' aime beaucoup n' est pas froid <eos>,12,froid,froide,10,M,P,froid,-9.770086,froide,-14.390942,1
9277,S_NOUN_7_ADJ_b,M,S,le vase avec les billets que j' aime beaucoup n' est pas chaud <eos>,12,chaud,chaude,10,M,P,chaud,-9.351631,chaude,-13.577386,1
9278,S_NOUN_7_ADJ_b,M,S,le vase avec les billets que j' aime beaucoup n' est pas important <eos>,12,important,importante,10,M,P,important,-8.06418,importante,-12.289401,1
9279,S_NOUN_7_ADJ_b,M,S,le vase avec les billets que j' aime beaucoup n' est pas court <eos>,12,court,courte,10,M,P,court,-9.818352,courte,-14.328475,1
9280,S_NOUN_7_ADJ_b,M,S,le vase avec les billets que j' aime beaucoup n' est pas dur <eos>,12,dur,dure,10,M,P,dur,-9.409771,dure,-11.91256,1
9281,S_NOUN_7_ADJ_b,M,S,le vase avec les billets que j' aime beaucoup n' est pas clair <eos>,12,clair,claire,10,M,P,clair,-5.638545,claire,-9.727982,1
9282,S_NOUN_7_ADJ_b,M,S,le vase avec les billets que j' aime beaucoup n' est pas intéressant <eos>,12,intéressant,intéressante,10,M,P,intéressant,-8.532171,intéressante,-12.893016,1
9283,S_NOUN_7_ADJ_b,M,S,le vase avec les billets que j' aime beaucoup n' est pas brillant <eos>,12,brillant,brillante,10,M,P,brillant,-8.967625,brillante,-12.907006,1
9284,S_NOUN_7_ADJ_b,M,S,le vase avec les billets que j' aime beaucoup n' est pas compliqué <eos>,12,compliqué,compliquée,10,M,P,compliqué,-9.495651,compliquée,-14.343164,1
9285,S_NOUN_7_ADJ_b,M,S,le vase avec les légumes que j' aime beaucoup n' est pas vert <eos>,12,vert,verte,10,M,P,vert,-8.626207,verte,-12.915736,1
9286,S_NOUN_7_ADJ_b,M,S,le vase avec les légumes que j' aime beaucoup n' est pas bleu <eos>,12,bleu,bleue,10,M,P,bleu,-8.811196,bleue,-13.291042,1
9287,S_NOUN_7_ADJ_b,M,S,le vase avec les légumes que j' aime beaucoup n' est pas noir <eos>,12,noir,noire,10,M,P,noir,-6.6503115,noire,-13.534429,1
9288,S_NOUN_7_ADJ_b,M,S,le vase avec les légumes que j' aime beaucoup n' est pas délicat <eos>,12,délicat,délicate,10,M,P,délicat,-9.120932,délicate,-14.286818,1
9289,S_NOUN_7_ADJ_b,M,S,le vase avec les légumes que j' aime beaucoup n' est pas pointu <eos>,12,pointu,pointue,10,M,P,pointu,-10.812327,pointue,-15.793996,1
9290,S_NOUN_7_ADJ_b,M,S,le vase avec les légumes que j' aime beaucoup n' est pas rond <eos>,12,rond,ronde,10,M,P,rond,-6.655153,ronde,-12.152918,1
9291,S_NOUN_7_ADJ_b,M,S,le vase avec les légumes que j' aime beaucoup n' est pas froid <eos>,12,froid,froide,10,M,P,froid,-8.148373,froide,-13.58168,1
9292,S_NOUN_7_ADJ_b,M,S,le vase avec les légumes que j' aime beaucoup n' est pas chaud <eos>,12,chaud,chaude,10,M,P,chaud,-7.774552,chaude,-12.753202,1
9293,S_NOUN_7_ADJ_b,M,S,le vase avec les légumes que j' aime beaucoup n' est pas important <eos>,12,important,importante,10,M,P,important,-7.712396,importante,-11.827814,1
9294,S_NOUN_7_ADJ_b,M,S,le vase avec les légumes que j' aime beaucoup n' est pas court <eos>,12,court,courte,10,M,P,court,-10.095765,courte,-13.95607,1
9295,S_NOUN_7_ADJ_b,M,S,le vase avec les légumes que j' aime beaucoup n' est pas dur <eos>,12,dur,dure,10,M,P,dur,-8.205248,dure,-11.241325,1
9296,S_NOUN_7_ADJ_b,M,S,le vase avec les légumes que j' aime beaucoup n' est pas clair <eos>,12,clair,claire,10,M,P,clair,-4.836154,claire,-9.113956,1
9297,S_NOUN_7_ADJ_b,M,S,le vase avec les légumes que j' aime beaucoup n' est pas intéressant <eos>,12,intéressant,intéressante,10,M,P,intéressant,-8.285553,intéressante,-11.852354,1
9298,S_NOUN_7_ADJ_b,M,S,le vase avec les légumes que j' aime beaucoup n' est pas brillant <eos>,12,brillant,brillante,10,M,P,brillant,-8.029328,brillante,-12.906536,1
9299,S_NOUN_7_ADJ_b,M,S,le vase avec les légumes que j' aime beaucoup n' est pas compliqué <eos>,12,compliqué,compliquée,10,M,P,compliqué,-9.300254,compliquée,-13.323176,1
9300,S_NOUN_7_ADJ_b,M,S,le panier avec les bracelets que j' aime beaucoup n' est pas vert <eos>,12,vert,verte,10,M,P,vert,-8.713365,verte,-12.354895,1
9301,S_NOUN_7_ADJ_b,M,S,le panier avec les bracelets que j' aime beaucoup n' est pas bleu <eos>,12,bleu,bleue,10,M,P,bleu,-8.066891,bleue,-12.371775,1
9302,S_NOUN_7_ADJ_b,M,S,le panier avec les bracelets que j' aime beaucoup n' est pas noir <eos>,12,noir,noire,10,M,P,noir,-6.1057925,noire,-11.794294,1
9303,S_NOUN_7_ADJ_b,M,S,le panier avec les bracelets que j' aime beaucoup n' est pas délicat <eos>,12,délicat,délicate,10,M,P,délicat,-9.904181,délicate,-14.689216,1
9304,S_NOUN_7_ADJ_b,M,S,le panier avec les bracelets que j' aime beaucoup n' est pas pointu <eos>,12,pointu,pointue,10,M,P,pointu,-9.486392,pointue,-14.647391,1
9305,S_NOUN_7_ADJ_b,M,S,le panier avec les bracelets que j' aime beaucoup n' est pas rond <eos>,12,rond,ronde,10,M,P,rond,-6.743032,ronde,-11.904034,1
9306,S_NOUN_7_ADJ_b,M,S,le panier avec les bracelets que j' aime beaucoup n' est pas froid <eos>,12,froid,froide,10,M,P,froid,-10.26418,froide,-14.651915,1
9307,S_NOUN_7_ADJ_b,M,S,le panier avec les bracelets que j' aime beaucoup n' est pas chaud <eos>,12,chaud,chaude,10,M,P,chaud,-9.704728,chaude,-14.500774,1
9308,S_NOUN_7_ADJ_b,M,S,le panier avec les bracelets que j' aime beaucoup n' est pas important <eos>,12,important,importante,10,M,P,important,-8.389069,importante,-12.268113,1
9309,S_NOUN_7_ADJ_b,M,S,le panier avec les bracelets que j' aime beaucoup n' est pas court <eos>,12,court,courte,10,M,P,court,-8.968168,courte,-12.22098,1
9310,S_NOUN_7_ADJ_b,M,S,le panier avec les bracelets que j' aime beaucoup n' est pas dur <eos>,12,dur,dure,10,M,P,dur,-8.033043,dure,-11.149674,1
9311,S_NOUN_7_ADJ_b,M,S,le panier avec les bracelets que j' aime beaucoup n' est pas clair <eos>,12,clair,claire,10,M,P,clair,-6.0359335,claire,-9.218783,1
9312,S_NOUN_7_ADJ_b,M,S,le panier avec les bracelets que j' aime beaucoup n' est pas intéressant <eos>,12,intéressant,intéressante,10,M,P,intéressant,-8.286449,intéressante,-12.808509,1
9313,S_NOUN_7_ADJ_b,M,S,le panier avec les bracelets que j' aime beaucoup n' est pas brillant <eos>,12,brillant,brillante,10,M,P,brillant,-7.8770266,brillante,-11.735633,1
9314,S_NOUN_7_ADJ_b,M,S,le panier avec les bracelets que j' aime beaucoup n' est pas compliqué <eos>,12,compliqué,compliquée,10,M,P,compliqué,-9.067799,compliquée,-13.249088,1
9315,S_NOUN_7_ADJ_b,M,S,le panier avec les miroirs que j' aime beaucoup n' est pas vert <eos>,12,vert,verte,10,M,P,vert,-8.809163,verte,-11.769082,1
9316,S_NOUN_7_ADJ_b,M,S,le panier avec les miroirs que j' aime beaucoup n' est pas bleu <eos>,12,bleu,bleue,10,M,P,bleu,-8.211552,bleue,-12.505451,1
9317,S_NOUN_7_ADJ_b,M,S,le panier avec les miroirs que j' aime beaucoup n' est pas noir <eos>,12,noir,noire,10,M,P,noir,-6.331963,noire,-11.898127,1
9318,S_NOUN_7_ADJ_b,M,S,le panier avec les miroirs que j' aime beaucoup n' est pas délicat <eos>,12,délicat,délicate,10,M,P,délicat,-9.669946,délicate,-14.609457,1
9319,S_NOUN_7_ADJ_b,M,S,le panier avec les miroirs que j' aime beaucoup n' est pas pointu <eos>,12,pointu,pointue,10,M,P,pointu,-9.758923,pointue,-14.818915,1
9320,S_NOUN_7_ADJ_b,M,S,le panier avec les miroirs que j' aime beaucoup n' est pas rond <eos>,12,rond,ronde,10,M,P,rond,-6.9679728,ronde,-12.527612,1
9321,S_NOUN_7_ADJ_b,M,S,le panier avec les miroirs que j' aime beaucoup n' est pas froid <eos>,12,froid,froide,10,M,P,froid,-10.485455,froide,-14.2159195,1
9322,S_NOUN_7_ADJ_b,M,S,le panier avec les miroirs que j' aime beaucoup n' est pas chaud <eos>,12,chaud,chaude,10,M,P,chaud,-9.64439,chaude,-14.199455,1
9323,S_NOUN_7_ADJ_b,M,S,le panier avec les miroirs que j' aime beaucoup n' est pas important <eos>,12,important,importante,10,M,P,important,-8.447434,importante,-12.377494,1
9324,S_NOUN_7_ADJ_b,M,S,le panier avec les miroirs que j' aime beaucoup n' est pas court <eos>,12,court,courte,10,M,P,court,-9.6052885,courte,-13.182031,1
9325,S_NOUN_7_ADJ_b,M,S,le panier avec les miroirs que j' aime beaucoup n' est pas dur <eos>,12,dur,dure,10,M,P,dur,-7.749013,dure,-11.392002,1
9326,S_NOUN_7_ADJ_b,M,S,le panier avec les miroirs que j' aime beaucoup n' est pas clair <eos>,12,clair,claire,10,M,P,clair,-5.6760645,claire,-9.166267,1
9327,S_NOUN_7_ADJ_b,M,S,le panier avec les miroirs que j' aime beaucoup n' est pas intéressant <eos>,12,intéressant,intéressante,10,M,P,intéressant,-8.315911,intéressante,-12.598325,1
9328,S_NOUN_7_ADJ_b,M,S,le panier avec les miroirs que j' aime beaucoup n' est pas brillant <eos>,12,brillant,brillante,10,M,P,brillant,-7.400487,brillante,-11.844449,1
9329,S_NOUN_7_ADJ_b,M,S,le panier avec les miroirs que j' aime beaucoup n' est pas compliqué <eos>,12,compliqué,compliquée,10,M,P,compliqué,-9.541992,compliquée,-13.809385,1
9330,S_NOUN_7_ADJ_b,M,S,le panier avec les crayons que j' aime beaucoup n' est pas vert <eos>,12,vert,verte,10,M,P,vert,-8.21906,verte,-12.292429,1
9331,S_NOUN_7_ADJ_b,M,S,le panier avec les crayons que j' aime beaucoup n' est pas bleu <eos>,12,bleu,bleue,10,M,P,bleu,-7.8395042,bleue,-12.29032,1
9332,S_NOUN_7_ADJ_b,M,S,le panier avec les crayons que j' aime beaucoup n' est pas noir <eos>,12,noir,noire,10,M,P,noir,-6.132332,noire,-12.419068,1
9333,S_NOUN_7_ADJ_b,M,S,le panier avec les crayons que j' aime beaucoup n' est pas délicat <eos>,12,délicat,délicate,10,M,P,délicat,-9.373555,délicate,-14.362905,1
9334,S_NOUN_7_ADJ_b,M,S,le panier avec les crayons que j' aime beaucoup n' est pas pointu <eos>,12,pointu,pointue,10,M,P,pointu,-11.472376,pointue,-15.832654,1
9335,S_NOUN_7_ADJ_b,M,S,le panier avec les crayons que j' aime beaucoup n' est pas rond <eos>,12,rond,ronde,10,M,P,rond,-7.0765333,ronde,-12.626437,1
9336,S_NOUN_7_ADJ_b,M,S,le panier avec les crayons que j' aime beaucoup n' est pas froid <eos>,12,froid,froide,10,M,P,froid,-10.092066,froide,-14.224508,1
9337,S_NOUN_7_ADJ_b,M,S,le panier avec les crayons que j' aime beaucoup n' est pas chaud <eos>,12,chaud,chaude,10,M,P,chaud,-8.971684,chaude,-14.223114,1
9338,S_NOUN_7_ADJ_b,M,S,le panier avec les crayons que j' aime beaucoup n' est pas important <eos>,12,important,importante,10,M,P,important,-7.951178,importante,-11.661446,1
9339,S_NOUN_7_ADJ_b,M,S,le panier avec les crayons que j' aime beaucoup n' est pas court <eos>,12,court,courte,10,M,P,court,-9.6404085,courte,-13.166551,1
9340,S_NOUN_7_ADJ_b,M,S,le panier avec les crayons que j' aime beaucoup n' est pas dur <eos>,12,dur,dure,10,M,P,dur,-7.760438,dure,-10.669144,1
9341,S_NOUN_7_ADJ_b,M,S,le panier avec les crayons que j' aime beaucoup n' est pas clair <eos>,12,clair,claire,10,M,P,clair,-5.1557093,claire,-8.586074,1
9342,S_NOUN_7_ADJ_b,M,S,le panier avec les crayons que j' aime beaucoup n' est pas intéressant <eos>,12,intéressant,intéressante,10,M,P,intéressant,-7.927028,intéressante,-11.574272,1
9343,S_NOUN_7_ADJ_b,M,S,le panier avec les crayons que j' aime beaucoup n' est pas brillant <eos>,12,brillant,brillante,10,M,P,brillant,-8.081984,brillante,-12.089821,1
9344,S_NOUN_7_ADJ_b,M,S,le panier avec les crayons que j' aime beaucoup n' est pas compliqué <eos>,12,compliqué,compliquée,10,M,P,compliqué,-9.835632,compliquée,-13.698025,1
9345,S_NOUN_7_ADJ_b,M,S,le panier avec les rideaux que j' aime beaucoup n' est pas vert <eos>,12,vert,verte,10,M,P,vert,-8.451418,verte,-12.396567,1
9346,S_NOUN_7_ADJ_b,M,S,le panier avec les rideaux que j' aime beaucoup n' est pas bleu <eos>,12,bleu,bleue,10,M,P,bleu,-8.050737,bleue,-12.21842,1
9347,S_NOUN_7_ADJ_b,M,S,le panier avec les rideaux que j' aime beaucoup n' est pas noir <eos>,12,noir,noire,10,M,P,noir,-6.113685,noire,-12.434067,1
9348,S_NOUN_7_ADJ_b,M,S,le panier avec les rideaux que j' aime beaucoup n' est pas délicat <eos>,12,délicat,délicate,10,M,P,délicat,-9.494616,délicate,-14.254246,1
9349,S_NOUN_7_ADJ_b,M,S,le panier avec les rideaux que j' aime beaucoup n' est pas pointu <eos>,12,pointu,pointue,10,M,P,pointu,-10.432529,pointue,-15.723431,1
9350,S_NOUN_7_ADJ_b,M,S,le panier avec les rideaux que j' aime beaucoup n' est pas rond <eos>,12,rond,ronde,10,M,P,rond,-6.393552,ronde,-11.962073,1
9351,S_NOUN_7_ADJ_b,M,S,le panier avec les rideaux que j' aime beaucoup n' est pas froid <eos>,12,froid,froide,10,M,P,froid,-10.291316,froide,-13.914205,1
9352,S_NOUN_7_ADJ_b,M,S,le panier avec les rideaux que j' aime beaucoup n' est pas chaud <eos>,12,chaud,chaude,10,M,P,chaud,-9.139277,chaude,-14.007704,1
9353,S_NOUN_7_ADJ_b,M,S,le panier avec les rideaux que j' aime beaucoup n' est pas important <eos>,12,important,importante,10,M,P,important,-7.9910154,importante,-12.004111,1
9354,S_NOUN_7_ADJ_b,M,S,le panier avec les rideaux que j' aime beaucoup n' est pas court <eos>,12,court,courte,10,M,P,court,-8.623907,courte,-12.365137,1
9355,S_NOUN_7_ADJ_b,M,S,le panier avec les rideaux que j' aime beaucoup n' est pas dur <eos>,12,dur,dure,10,M,P,dur,-7.510457,dure,-10.006311,1
9356,S_NOUN_7_ADJ_b,M,S,le panier avec les rideaux que j' aime beaucoup n' est pas clair <eos>,12,clair,claire,10,M,P,clair,-5.5535192,claire,-9.162272,1
9357,S_NOUN_7_ADJ_b,M,S,le panier avec les rideaux que j' aime beaucoup n' est pas intéressant <eos>,12,intéressant,intéressante,10,M,P,intéressant,-8.285968,intéressante,-12.349256,1
9358,S_NOUN_7_ADJ_b,M,S,le panier avec les rideaux que j' aime beaucoup n' est pas brillant <eos>,12,brillant,brillante,10,M,P,brillant,-8.0862465,brillante,-11.84653,1
9359,S_NOUN_7_ADJ_b,M,S,le panier avec les rideaux que j' aime beaucoup n' est pas compliqué <eos>,12,compliqué,compliquée,10,M,P,compliqué,-9.419146,compliquée,-13.560189,1
9360,S_NOUN_7_ADJ_b,M,S,le panier avec les cahiers que j' aime beaucoup n' est pas vert <eos>,12,vert,verte,10,M,P,vert,-8.933916,verte,-12.668577,1
9361,S_NOUN_7_ADJ_b,M,S,le panier avec les cahiers que j' aime beaucoup n' est pas bleu <eos>,12,bleu,bleue,10,M,P,bleu,-8.449318,bleue,-12.591933,1
9362,S_NOUN_7_ADJ_b,M,S,le panier avec les cahiers que j' aime beaucoup n' est pas noir <eos>,12,noir,noire,10,M,P,noir,-6.7163453,noire,-13.0085945,1
9363,S_NOUN_7_ADJ_b,M,S,le panier avec les cahiers que j' aime beaucoup n' est pas délicat <eos>,12,délicat,délicate,10,M,P,délicat,-9.934803,délicate,-15.679393,1
9364,S_NOUN_7_ADJ_b,M,S,le panier avec les cahiers que j' aime beaucoup n' est pas pointu <eos>,12,pointu,pointue,10,M,P,pointu,-10.887915,pointue,-15.63261,1
9365,S_NOUN_7_ADJ_b,M,S,le panier avec les cahiers que j' aime beaucoup n' est pas rond <eos>,12,rond,ronde,10,M,P,rond,-6.858156,ronde,-12.468527,1
9366,S_NOUN_7_ADJ_b,M,S,le panier avec les cahiers que j' aime beaucoup n' est pas froid <eos>,12,froid,froide,10,M,P,froid,-10.211575,froide,-15.06899,1
9367,S_NOUN_7_ADJ_b,M,S,le panier avec les cahiers que j' aime beaucoup n' est pas chaud <eos>,12,chaud,chaude,10,M,P,chaud,-9.399086,chaude,-15.057899,1
9368,S_NOUN_7_ADJ_b,M,S,le panier avec les cahiers que j' aime beaucoup n' est pas important <eos>,12,important,importante,10,M,P,important,-8.120356,importante,-12.22176,1
9369,S_NOUN_7_ADJ_b,M,S,le panier avec les cahiers que j' aime beaucoup n' est pas court <eos>,12,court,courte,10,M,P,court,-9.237782,courte,-12.779963,1
9370,S_NOUN_7_ADJ_b,M,S,le panier avec les cahiers que j' aime beaucoup n' est pas dur <eos>,12,dur,dure,10,M,P,dur,-7.842787,dure,-11.057199,1
9371,S_NOUN_7_ADJ_b,M,S,le panier avec les cahiers que j' aime beaucoup n' est pas clair <eos>,12,clair,claire,10,M,P,clair,-5.8122244,claire,-9.623739,1
9372,S_NOUN_7_ADJ_b,M,S,le panier avec les cahiers que j' aime beaucoup n' est pas intéressant <eos>,12,intéressant,intéressante,10,M,P,intéressant,-7.663378,intéressante,-11.61946,1
9373,S_NOUN_7_ADJ_b,M,S,le panier avec les cahiers que j' aime beaucoup n' est pas brillant <eos>,12,brillant,brillante,10,M,P,brillant,-8.685498,brillante,-12.708835,1
9374,S_NOUN_7_ADJ_b,M,S,le panier avec les cahiers que j' aime beaucoup n' est pas compliqué <eos>,12,compliqué,compliquée,10,M,P,compliqué,-9.367853,compliquée,-13.712233,1
9375,S_NOUN_7_ADJ_b,M,S,le panier avec les micros que j' aime beaucoup n' est pas vert <eos>,12,vert,verte,10,M,P,vert,-9.459066,verte,-12.852386,1
9376,S_NOUN_7_ADJ_b,M,S,le panier avec les micros que j' aime beaucoup n' est pas bleu <eos>,12,bleu,bleue,10,M,P,bleu,-8.771106,bleue,-12.880911,1
9377,S_NOUN_7_ADJ_b,M,S,le panier avec les micros que j' aime beaucoup n' est pas noir <eos>,12,noir,noire,10,M,P,noir,-6.7525253,noire,-12.714274,1
9378,S_NOUN_7_ADJ_b,M,S,le panier avec les micros que j' aime beaucoup n' est pas délicat <eos>,12,délicat,délicate,10,M,P,délicat,-9.90109,délicate,-15.340942,1
9379,S_NOUN_7_ADJ_b,M,S,le panier avec les micros que j' aime beaucoup n' est pas pointu <eos>,12,pointu,pointue,10,M,P,pointu,-10.188498,pointue,-15.744124,1
9380,S_NOUN_7_ADJ_b,M,S,le panier avec les micros que j' aime beaucoup n' est pas rond <eos>,12,rond,ronde,10,M,P,rond,-7.0330896,ronde,-12.846836,1
9381,S_NOUN_7_ADJ_b,M,S,le panier avec les micros que j' aime beaucoup n' est pas froid <eos>,12,froid,froide,10,M,P,froid,-10.665076,froide,-14.706438,1
9382,S_NOUN_7_ADJ_b,M,S,le panier avec les micros que j' aime beaucoup n' est pas chaud <eos>,12,chaud,chaude,10,M,P,chaud,-9.789013,chaude,-14.134464,1
9383,S_NOUN_7_ADJ_b,M,S,le panier avec les micros que j' aime beaucoup n' est pas important <eos>,12,important,importante,10,M,P,important,-8.00848,importante,-12.122856,1
9384,S_NOUN_7_ADJ_b,M,S,le panier avec les micros que j' aime beaucoup n' est pas court <eos>,12,court,courte,10,M,P,court,-9.195782,courte,-12.756071,1
9385,S_NOUN_7_ADJ_b,M,S,le panier avec les micros que j' aime beaucoup n' est pas dur <eos>,12,dur,dure,10,M,P,dur,-7.6913853,dure,-10.896542,1
9386,S_NOUN_7_ADJ_b,M,S,le panier avec les micros que j' aime beaucoup n' est pas clair <eos>,12,clair,claire,10,M,P,clair,-5.801862,claire,-9.085541,1
9387,S_NOUN_7_ADJ_b,M,S,le panier avec les micros que j' aime beaucoup n' est pas intéressant <eos>,12,intéressant,intéressante,10,M,P,intéressant,-8.117585,intéressante,-11.705931,1
9388,S_NOUN_7_ADJ_b,M,S,le panier avec les micros que j' aime beaucoup n' est pas brillant <eos>,12,brillant,brillante,10,M,P,brillant,-8.799577,brillante,-13.047053,1
9389,S_NOUN_7_ADJ_b,M,S,le panier avec les micros que j' aime beaucoup n' est pas compliqué <eos>,12,compliqué,compliquée,10,M,P,compliqué,-9.683329,compliquée,-13.445322,1
9390,S_NOUN_7_ADJ_b,M,S,le panier avec les sacs que j' aime beaucoup n' est pas vert <eos>,12,vert,verte,10,M,P,vert,-8.458594,verte,-12.253731,1
9391,S_NOUN_7_ADJ_b,M,S,le panier avec les sacs que j' aime beaucoup n' est pas bleu <eos>,12,bleu,bleue,10,M,P,bleu,-8.2446375,bleue,-12.328213,1
9392,S_NOUN_7_ADJ_b,M,S,le panier avec les sacs que j' aime beaucoup n' est pas noir <eos>,12,noir,noire,10,M,P,noir,-6.179386,noire,-12.29612,1
9393,S_NOUN_7_ADJ_b,M,S,le panier avec les sacs que j' aime beaucoup n' est pas délicat <eos>,12,délicat,délicate,10,M,P,délicat,-9.243336,délicate,-14.637529,1
9394,S_NOUN_7_ADJ_b,M,S,le panier avec les sacs que j' aime beaucoup n' est pas pointu <eos>,12,pointu,pointue,10,M,P,pointu,-10.659404,pointue,-15.701557,1
9395,S_NOUN_7_ADJ_b,M,S,le panier avec les sacs que j' aime beaucoup n' est pas rond <eos>,12,rond,ronde,10,M,P,rond,-6.8316975,ronde,-12.232426,1
9396,S_NOUN_7_ADJ_b,M,S,le panier avec les sacs que j' aime beaucoup n' est pas froid <eos>,12,froid,froide,10,M,P,froid,-9.68095,froide,-13.9861355,1
9397,S_NOUN_7_ADJ_b,M,S,le panier avec les sacs que j' aime beaucoup n' est pas chaud <eos>,12,chaud,chaude,10,M,P,chaud,-8.641832,chaude,-13.959532,1
9398,S_NOUN_7_ADJ_b,M,S,le panier avec les sacs que j' aime beaucoup n' est pas important <eos>,12,important,importante,10,M,P,important,-8.102842,importante,-12.157002,1
9399,S_NOUN_7_ADJ_b,M,S,le panier avec les sacs que j' aime beaucoup n' est pas court <eos>,12,court,courte,10,M,P,court,-9.172314,courte,-12.808701,1
9400,S_NOUN_7_ADJ_b,M,S,le panier avec les sacs que j' aime beaucoup n' est pas dur <eos>,12,dur,dure,10,M,P,dur,-7.3745623,dure,-10.289359,1
9401,S_NOUN_7_ADJ_b,M,S,le panier avec les sacs que j' aime beaucoup n' est pas clair <eos>,12,clair,claire,10,M,P,clair,-5.6644993,claire,-9.237653,1
9402,S_NOUN_7_ADJ_b,M,S,le panier avec les sacs que j' aime beaucoup n' est pas intéressant <eos>,12,intéressant,intéressante,10,M,P,intéressant,-7.989498,intéressante,-11.603756,1
9403,S_NOUN_7_ADJ_b,M,S,le panier avec les sacs que j' aime beaucoup n' est pas brillant <eos>,12,brillant,brillante,10,M,P,brillant,-8.2543125,brillante,-12.793516,1
9404,S_NOUN_7_ADJ_b,M,S,le panier avec les sacs que j' aime beaucoup n' est pas compliqué <eos>,12,compliqué,compliquée,10,M,P,compliqué,-8.904764,compliquée,-13.179703,1
9405,S_NOUN_7_ADJ_b,M,S,le panier avec les claviers que j' aime beaucoup n' est pas vert <eos>,12,vert,verte,10,M,P,vert,-10.255768,verte,-14.249981,1
9406,S_NOUN_7_ADJ_b,M,S,le panier avec les claviers que j' aime beaucoup n' est pas bleu <eos>,12,bleu,bleue,10,M,P,bleu,-9.522621,bleue,-13.753133,1
9407,S_NOUN_7_ADJ_b,M,S,le panier avec les claviers que j' aime beaucoup n' est pas noir <eos>,12,noir,noire,10,M,P,noir,-7.449275,noire,-13.272319,1
9408,S_NOUN_7_ADJ_b,M,S,le panier avec les claviers que j' aime beaucoup n' est pas délicat <eos>,12,délicat,délicate,10,M,P,délicat,-9.581364,délicate,-15.356867,1
9409,S_NOUN_7_ADJ_b,M,S,le panier avec les claviers que j' aime beaucoup n' est pas pointu <eos>,12,pointu,pointue,10,M,P,pointu,-10.340703,pointue,-15.716525,1
9410,S_NOUN_7_ADJ_b,M,S,le panier avec les claviers que j' aime beaucoup n' est pas rond <eos>,12,rond,ronde,10,M,P,rond,-7.1593695,ronde,-12.617875,1
9411,S_NOUN_7_ADJ_b,M,S,le panier avec les claviers que j' aime beaucoup n' est pas froid <eos>,12,froid,froide,10,M,P,froid,-10.79081,froide,-15.212821,1
9412,S_NOUN_7_ADJ_b,M,S,le panier avec les claviers que j' aime beaucoup n' est pas chaud <eos>,12,chaud,chaude,10,M,P,chaud,-9.901091,chaude,-14.692679,1
9413,S_NOUN_7_ADJ_b,M,S,le panier avec les claviers que j' aime beaucoup n' est pas important <eos>,12,important,importante,10,M,P,important,-7.794784,importante,-11.899771,1
9414,S_NOUN_7_ADJ_b,M,S,le panier avec les claviers que j' aime beaucoup n' est pas court <eos>,12,court,courte,10,M,P,court,-8.761539,courte,-11.9683075,1
9415,S_NOUN_7_ADJ_b,M,S,le panier avec les claviers que j' aime beaucoup n' est pas dur <eos>,12,dur,dure,10,M,P,dur,-7.641217,dure,-10.511175,1
9416,S_NOUN_7_ADJ_b,M,S,le panier avec les claviers que j' aime beaucoup n' est pas clair <eos>,12,clair,claire,10,M,P,clair,-5.9508743,claire,-9.724282,1
9417,S_NOUN_7_ADJ_b,M,S,le panier avec les claviers que j' aime beaucoup n' est pas intéressant <eos>,12,intéressant,intéressante,10,M,P,intéressant,-8.1698,intéressante,-11.660232,1
9418,S_NOUN_7_ADJ_b,M,S,le panier avec les claviers que j' aime beaucoup n' est pas brillant <eos>,12,brillant,brillante,10,M,P,brillant,-8.860651,brillante,-13.118259,1
9419,S_NOUN_7_ADJ_b,M,S,le panier avec les claviers que j' aime beaucoup n' est pas compliqué <eos>,12,compliqué,compliquée,10,M,P,compliqué,-9.161092,compliquée,-12.973756,1
9420,S_NOUN_7_ADJ_b,M,S,le panier avec les raisins que j' aime beaucoup n' est pas vert <eos>,12,vert,verte,10,M,P,vert,-8.08558,verte,-12.771403,1
9421,S_NOUN_7_ADJ_b,M,S,le panier avec les raisins que j' aime beaucoup n' est pas bleu <eos>,12,bleu,bleue,10,M,P,bleu,-7.797538,bleue,-12.662939,1
9422,S_NOUN_7_ADJ_b,M,S,le panier avec les raisins que j' aime beaucoup n' est pas noir <eos>,12,noir,noire,10,M,P,noir,-6.1495633,noire,-12.516771,1
9423,S_NOUN_7_ADJ_b,M,S,le panier avec les raisins que j' aime beaucoup n' est pas délicat <eos>,12,délicat,délicate,10,M,P,délicat,-8.67159,délicate,-14.431582,1
9424,S_NOUN_7_ADJ_b,M,S,le panier avec les raisins que j' aime beaucoup n' est pas pointu <eos>,12,pointu,pointue,10,M,P,pointu,-11.405013,pointue,-15.966236,1
9425,S_NOUN_7_ADJ_b,M,S,le panier avec les raisins que j' aime beaucoup n' est pas rond <eos>,12,rond,ronde,10,M,P,rond,-6.7273083,ronde,-12.5655575,1
9426,S_NOUN_7_ADJ_b,M,S,le panier avec les raisins que j' aime beaucoup n' est pas froid <eos>,12,froid,froide,10,M,P,froid,-8.911725,froide,-13.448285,1
9427,S_NOUN_7_ADJ_b,M,S,le panier avec les raisins que j' aime beaucoup n' est pas chaud <eos>,12,chaud,chaude,10,M,P,chaud,-8.206135,chaude,-12.891681,1
9428,S_NOUN_7_ADJ_b,M,S,le panier avec les raisins que j' aime beaucoup n' est pas important <eos>,12,important,importante,10,M,P,important,-8.099219,importante,-11.784312,1
9429,S_NOUN_7_ADJ_b,M,S,le panier avec les raisins que j' aime beaucoup n' est pas court <eos>,12,court,courte,10,M,P,court,-9.204469,courte,-13.336717,1
9430,S_NOUN_7_ADJ_b,M,S,le panier avec les raisins que j' aime beaucoup n' est pas dur <eos>,12,dur,dure,10,M,P,dur,-8.422614,dure,-10.353119,1
9431,S_NOUN_7_ADJ_b,M,S,le panier avec les raisins que j' aime beaucoup n' est pas clair <eos>,12,clair,claire,10,M,P,clair,-4.5623813,claire,-8.628428,1
9432,S_NOUN_7_ADJ_b,M,S,le panier avec les raisins que j' aime beaucoup n' est pas intéressant <eos>,12,intéressant,intéressante,10,M,P,intéressant,-8.382675,intéressante,-11.828357,1
9433,S_NOUN_7_ADJ_b,M,S,le panier avec les raisins que j' aime beaucoup n' est pas brillant <eos>,12,brillant,brillante,10,M,P,brillant,-8.577331,brillante,-13.013537,1
9434,S_NOUN_7_ADJ_b,M,S,le panier avec les raisins que j' aime beaucoup n' est pas compliqué <eos>,12,compliqué,compliquée,10,M,P,compliqué,-9.032107,compliquée,-13.718579,1
9435,S_NOUN_7_ADJ_b,M,S,le panier avec les chargeurs que j' aime beaucoup n' est pas vert <eos>,12,vert,verte,10,M,P,vert,-9.177519,verte,-12.617889,1
9436,S_NOUN_7_ADJ_b,M,S,le panier avec les chargeurs que j' aime beaucoup n' est pas bleu <eos>,12,bleu,bleue,10,M,P,bleu,-8.984533,bleue,-13.442157,1
9437,S_NOUN_7_ADJ_b,M,S,le panier avec les chargeurs que j' aime beaucoup n' est pas noir <eos>,12,noir,noire,10,M,P,noir,-7.0300584,noire,-12.523817,1
9438,S_NOUN_7_ADJ_b,M,S,le panier avec les chargeurs que j' aime beaucoup n' est pas délicat <eos>,12,délicat,délicate,10,M,P,délicat,-10.033974,délicate,-15.564696,1
9439,S_NOUN_7_ADJ_b,M,S,le panier avec les chargeurs que j' aime beaucoup n' est pas pointu <eos>,12,pointu,pointue,10,M,P,pointu,-10.297281,pointue,-15.275586,1
9440,S_NOUN_7_ADJ_b,M,S,le panier avec les chargeurs que j' aime beaucoup n' est pas rond <eos>,12,rond,ronde,10,M,P,rond,-7.6758137,ronde,-12.188702,1
9441,S_NOUN_7_ADJ_b,M,S,le panier avec les chargeurs que j' aime beaucoup n' est pas froid <eos>,12,froid,froide,10,M,P,froid,-10.76384,froide,-14.973993,1
9442,S_NOUN_7_ADJ_b,M,S,le panier avec les chargeurs que j' aime beaucoup n' est pas chaud <eos>,12,chaud,chaude,10,M,P,chaud,-9.677218,chaude,-15.025177,1
9443,S_NOUN_7_ADJ_b,M,S,le panier avec les chargeurs que j' aime beaucoup n' est pas important <eos>,12,important,importante,10,M,P,important,-7.7610784,importante,-11.377441,1
9444,S_NOUN_7_ADJ_b,M,S,le panier avec les chargeurs que j' aime beaucoup n' est pas court <eos>,12,court,courte,10,M,P,court,-9.002711,courte,-12.471917,1
9445,S_NOUN_7_ADJ_b,M,S,le panier avec les chargeurs que j' aime beaucoup n' est pas dur <eos>,12,dur,dure,10,M,P,dur,-8.669995,dure,-11.949591,1
9446,S_NOUN_7_ADJ_b,M,S,le panier avec les chargeurs que j' aime beaucoup n' est pas clair <eos>,12,clair,claire,10,M,P,clair,-6.739297,claire,-10.205247,1
9447,S_NOUN_7_ADJ_b,M,S,le panier avec les chargeurs que j' aime beaucoup n' est pas intéressant <eos>,12,intéressant,intéressante,10,M,P,intéressant,-7.936166,intéressante,-11.565064,1
9448,S_NOUN_7_ADJ_b,M,S,le panier avec les chargeurs que j' aime beaucoup n' est pas brillant <eos>,12,brillant,brillante,10,M,P,brillant,-9.053967,brillante,-13.302405,1
9449,S_NOUN_7_ADJ_b,M,S,le panier avec les chargeurs que j' aime beaucoup n' est pas compliqué <eos>,12,compliqué,compliquée,10,M,P,compliqué,-9.343391,compliquée,-13.659805,1
9450,S_NOUN_7_ADJ_b,M,S,le panier avec les vases que j' aime beaucoup n' est pas vert <eos>,12,vert,verte,10,M,P,vert,-8.31613,verte,-11.899666,1
9451,S_NOUN_7_ADJ_b,M,S,le panier avec les vases que j' aime beaucoup n' est pas bleu <eos>,12,bleu,bleue,10,M,P,bleu,-7.733305,bleue,-12.119397,1
9452,S_NOUN_7_ADJ_b,M,S,le panier avec les vases que j' aime beaucoup n' est pas noir <eos>,12,noir,noire,10,M,P,noir,-6.2818727,noire,-12.128458,1
9453,S_NOUN_7_ADJ_b,M,S,le panier avec les vases que j' aime beaucoup n' est pas délicat <eos>,12,délicat,délicate,10,M,P,délicat,-9.532944,délicate,-14.50377,1
9454,S_NOUN_7_ADJ_b,M,S,le panier avec les vases que j' aime beaucoup n' est pas pointu <eos>,12,pointu,pointue,10,M,P,pointu,-10.297726,pointue,-15.145898,1
9455,S_NOUN_7_ADJ_b,M,S,le panier avec les vases que j' aime beaucoup n' est pas rond <eos>,12,rond,ronde,10,M,P,rond,-6.126174,ronde,-11.688987,1
9456,S_NOUN_7_ADJ_b,M,S,le panier avec les vases que j' aime beaucoup n' est pas froid <eos>,12,froid,froide,10,M,P,froid,-9.643101,froide,-13.996296,1
9457,S_NOUN_7_ADJ_b,M,S,le panier avec les vases que j' aime beaucoup n' est pas chaud <eos>,12,chaud,chaude,10,M,P,chaud,-9.025389,chaude,-13.540487,1
9458,S_NOUN_7_ADJ_b,M,S,le panier avec les vases que j' aime beaucoup n' est pas important <eos>,12,important,importante,10,M,P,important,-8.018536,importante,-11.940542,1
9459,S_NOUN_7_ADJ_b,M,S,le panier avec les vases que j' aime beaucoup n' est pas court <eos>,12,court,courte,10,M,P,court,-9.363701,courte,-12.92679,1
9460,S_NOUN_7_ADJ_b,M,S,le panier avec les vases que j' aime beaucoup n' est pas dur <eos>,12,dur,dure,10,M,P,dur,-8.427956,dure,-11.08835,1
9461,S_NOUN_7_ADJ_b,M,S,le panier avec les vases que j' aime beaucoup n' est pas clair <eos>,12,clair,claire,10,M,P,clair,-4.968001,claire,-8.309078,1
9462,S_NOUN_7_ADJ_b,M,S,le panier avec les vases que j' aime beaucoup n' est pas intéressant <eos>,12,intéressant,intéressante,10,M,P,intéressant,-8.584072,intéressante,-12.352856,1
9463,S_NOUN_7_ADJ_b,M,S,le panier avec les vases que j' aime beaucoup n' est pas brillant <eos>,12,brillant,brillante,10,M,P,brillant,-8.047118,brillante,-12.378938,1
9464,S_NOUN_7_ADJ_b,M,S,le panier avec les vases que j' aime beaucoup n' est pas compliqué <eos>,12,compliqué,compliquée,10,M,P,compliqué,-9.495665,compliquée,-13.803418,1
9465,S_NOUN_7_ADJ_b,M,S,le panier avec les paniers que j' aime beaucoup n' est pas vert <eos>,12,vert,verte,10,M,P,vert,-8.490859,verte,-12.727271,1
9466,S_NOUN_7_ADJ_b,M,S,le panier avec les paniers que j' aime beaucoup n' est pas bleu <eos>,12,bleu,bleue,10,M,P,bleu,-8.332607,bleue,-12.939314,1
9467,S_NOUN_7_ADJ_b,M,S,le panier avec les paniers que j' aime beaucoup n' est pas noir <eos>,12,noir,noire,10,M,P,noir,-6.4593463,noire,-12.288921,1
9468,S_NOUN_7_ADJ_b,M,S,le panier avec les paniers que j' aime beaucoup n' est pas délicat <eos>,12,délicat,délicate,10,M,P,délicat,-9.255216,délicate,-14.739342,1
9469,S_NOUN_7_ADJ_b,M,S,le panier avec les paniers que j' aime beaucoup n' est pas pointu <eos>,12,pointu,pointue,10,M,P,pointu,-9.73019,pointue,-14.52463,1
9470,S_NOUN_7_ADJ_b,M,S,le panier avec les paniers que j' aime beaucoup n' est pas rond <eos>,12,rond,ronde,10,M,P,rond,-6.372747,ronde,-11.989716,1
9471,S_NOUN_7_ADJ_b,M,S,le panier avec les paniers que j' aime beaucoup n' est pas froid <eos>,12,froid,froide,10,M,P,froid,-10.423867,froide,-15.474576,1
9472,S_NOUN_7_ADJ_b,M,S,le panier avec les paniers que j' aime beaucoup n' est pas chaud <eos>,12,chaud,chaude,10,M,P,chaud,-9.523071,chaude,-14.955724,1
9473,S_NOUN_7_ADJ_b,M,S,le panier avec les paniers que j' aime beaucoup n' est pas important <eos>,12,important,importante,10,M,P,important,-7.8410244,importante,-11.8167515,1
9474,S_NOUN_7_ADJ_b,M,S,le panier avec les paniers que j' aime beaucoup n' est pas court <eos>,12,court,courte,10,M,P,court,-8.460061,courte,-12.091504,1
9475,S_NOUN_7_ADJ_b,M,S,le panier avec les paniers que j' aime beaucoup n' est pas dur <eos>,12,dur,dure,10,M,P,dur,-7.6061583,dure,-10.8035555,1
9476,S_NOUN_7_ADJ_b,M,S,le panier avec les paniers que j' aime beaucoup n' est pas clair <eos>,12,clair,claire,10,M,P,clair,-5.989932,claire,-9.691138,1
9477,S_NOUN_7_ADJ_b,M,S,le panier avec les paniers que j' aime beaucoup n' est pas intéressant <eos>,12,intéressant,intéressante,10,M,P,intéressant,-7.900114,intéressante,-12.503143,1
9478,S_NOUN_7_ADJ_b,M,S,le panier avec les paniers que j' aime beaucoup n' est pas brillant <eos>,12,brillant,brillante,10,M,P,brillant,-8.3026495,brillante,-12.345341,1
9479,S_NOUN_7_ADJ_b,M,S,le panier avec les paniers que j' aime beaucoup n' est pas compliqué <eos>,12,compliqué,compliquée,10,M,P,compliqué,-9.161005,compliquée,-13.44439,1
9480,S_NOUN_7_ADJ_b,M,S,le panier avec les colliers que j' aime beaucoup n' est pas vert <eos>,12,vert,verte,10,M,P,vert,-8.526956,verte,-12.441398,1
9481,S_NOUN_7_ADJ_b,M,S,le panier avec les colliers que j' aime beaucoup n' est pas bleu <eos>,12,bleu,bleue,10,M,P,bleu,-8.016518,bleue,-12.587318,1
9482,S_NOUN_7_ADJ_b,M,S,le panier avec les colliers que j' aime beaucoup n' est pas noir <eos>,12,noir,noire,10,M,P,noir,-6.210944,noire,-12.062636,1
9483,S_NOUN_7_ADJ_b,M,S,le panier avec les colliers que j' aime beaucoup n' est pas délicat <eos>,12,délicat,délicate,10,M,P,délicat,-9.431074,délicate,-14.58041,1
9484,S_NOUN_7_ADJ_b,M,S,le panier avec les colliers que j' aime beaucoup n' est pas pointu <eos>,12,pointu,pointue,10,M,P,pointu,-9.917845,pointue,-15.066017,1
9485,S_NOUN_7_ADJ_b,M,S,le panier avec les colliers que j' aime beaucoup n' est pas rond <eos>,12,rond,ronde,10,M,P,rond,-6.5856495,ronde,-12.08223,1
9486,S_NOUN_7_ADJ_b,M,S,le panier avec les colliers que j' aime beaucoup n' est pas froid <eos>,12,froid,froide,10,M,P,froid,-10.423664,froide,-15.103687,1
9487,S_NOUN_7_ADJ_b,M,S,le panier avec les colliers que j' aime beaucoup n' est pas chaud <eos>,12,chaud,chaude,10,M,P,chaud,-9.4536295,chaude,-15.358006,1
9488,S_NOUN_7_ADJ_b,M,S,le panier avec les colliers que j' aime beaucoup n' est pas important <eos>,12,important,importante,10,M,P,important,-8.087442,importante,-12.299011,1
9489,S_NOUN_7_ADJ_b,M,S,le panier avec les colliers que j' aime beaucoup n' est pas court <eos>,12,court,courte,10,M,P,court,-8.993452,courte,-12.758461,1
9490,S_NOUN_7_ADJ_b,M,S,le panier avec les colliers que j' aime beaucoup n' est pas dur <eos>,12,dur,dure,10,M,P,dur,-7.6457176,dure,-11.069503,1
9491,S_NOUN_7_ADJ_b,M,S,le panier avec les colliers que j' aime beaucoup n' est pas clair <eos>,12,clair,claire,10,M,P,clair,-5.8725867,claire,-9.724993,1
9492,S_NOUN_7_ADJ_b,M,S,le panier avec les colliers que j' aime beaucoup n' est pas intéressant <eos>,12,intéressant,intéressante,10,M,P,intéressant,-7.887644,intéressante,-12.847662,1
9493,S_NOUN_7_ADJ_b,M,S,le panier avec les colliers que j' aime beaucoup n' est pas brillant <eos>,12,brillant,brillante,10,M,P,brillant,-7.725786,brillante,-11.986243,1
9494,S_NOUN_7_ADJ_b,M,S,le panier avec les colliers que j' aime beaucoup n' est pas compliqué <eos>,12,compliqué,compliquée,10,M,P,compliqué,-8.97607,compliquée,-13.403491,1
9495,S_NOUN_7_ADJ_b,M,S,le panier avec les chapeaux que j' aime beaucoup n' est pas vert <eos>,12,vert,verte,10,M,P,vert,-8.22251,verte,-12.329668,1
9496,S_NOUN_7_ADJ_b,M,S,le panier avec les chapeaux que j' aime beaucoup n' est pas bleu <eos>,12,bleu,bleue,10,M,P,bleu,-7.840622,bleue,-12.385093,1
9497,S_NOUN_7_ADJ_b,M,S,le panier avec les chapeaux que j' aime beaucoup n' est pas noir <eos>,12,noir,noire,10,M,P,noir,-6.132126,noire,-11.987442,1
9498,S_NOUN_7_ADJ_b,M,S,le panier avec les chapeaux que j' aime beaucoup n' est pas délicat <eos>,12,délicat,délicate,10,M,P,délicat,-9.715445,délicate,-15.271464,1
9499,S_NOUN_7_ADJ_b,M,S,le panier avec les chapeaux que j' aime beaucoup n' est pas pointu <eos>,12,pointu,pointue,10,M,P,pointu,-10.507647,pointue,-15.235053,1
9500,S_NOUN_7_ADJ_b,M,S,le panier avec les chapeaux que j' aime beaucoup n' est pas rond <eos>,12,rond,ronde,10,M,P,rond,-6.5270653,ronde,-11.82064,1
9501,S_NOUN_7_ADJ_b,M,S,le panier avec les chapeaux que j' aime beaucoup n' est pas froid <eos>,12,froid,froide,10,M,P,froid,-10.030487,froide,-14.775429,1
9502,S_NOUN_7_ADJ_b,M,S,le panier avec les chapeaux que j' aime beaucoup n' est pas chaud <eos>,12,chaud,chaude,10,M,P,chaud,-9.2526245,chaude,-14.762726,1
9503,S_NOUN_7_ADJ_b,M,S,le panier avec les chapeaux que j' aime beaucoup n' est pas important <eos>,12,important,importante,10,M,P,important,-8.285792,importante,-12.342802,1
9504,S_NOUN_7_ADJ_b,M,S,le panier avec les chapeaux que j' aime beaucoup n' est pas court <eos>,12,court,courte,10,M,P,court,-8.826264,courte,-12.762115,1
9505,S_NOUN_7_ADJ_b,M,S,le panier avec les chapeaux que j' aime beaucoup n' est pas dur <eos>,12,dur,dure,10,M,P,dur,-7.5957594,dure,-10.693289,1
9506,S_NOUN_7_ADJ_b,M,S,le panier avec les chapeaux que j' aime beaucoup n' est pas clair <eos>,12,clair,claire,10,M,P,clair,-5.8266172,claire,-9.589769,1
9507,S_NOUN_7_ADJ_b,M,S,le panier avec les chapeaux que j' aime beaucoup n' est pas intéressant <eos>,12,intéressant,intéressante,10,M,P,intéressant,-7.895557,intéressante,-12.663607,1
9508,S_NOUN_7_ADJ_b,M,S,le panier avec les chapeaux que j' aime beaucoup n' est pas brillant <eos>,12,brillant,brillante,10,M,P,brillant,-8.375715,brillante,-12.385171,1
9509,S_NOUN_7_ADJ_b,M,S,le panier avec les chapeaux que j' aime beaucoup n' est pas compliqué <eos>,12,compliqué,compliquée,10,M,P,compliqué,-9.319656,compliquée,-13.774393,1
9510,S_NOUN_7_ADJ_b,M,S,le panier avec les pots que j' aime beaucoup n' est pas vert <eos>,12,vert,verte,10,M,P,vert,-8.186253,verte,-12.151333,1
9511,S_NOUN_7_ADJ_b,M,S,le panier avec les pots que j' aime beaucoup n' est pas bleu <eos>,12,bleu,bleue,10,M,P,bleu,-7.894864,bleue,-12.19585,1
9512,S_NOUN_7_ADJ_b,M,S,le panier avec les pots que j' aime beaucoup n' est pas noir <eos>,12,noir,noire,10,M,P,noir,-6.195929,noire,-12.209671,1
9513,S_NOUN_7_ADJ_b,M,S,le panier avec les pots que j' aime beaucoup n' est pas délicat <eos>,12,délicat,délicate,10,M,P,délicat,-9.654109,délicate,-15.145388,1
9514,S_NOUN_7_ADJ_b,M,S,le panier avec les pots que j' aime beaucoup n' est pas pointu <eos>,12,pointu,pointue,10,M,P,pointu,-10.959263,pointue,-15.757032,1
9515,S_NOUN_7_ADJ_b,M,S,le panier avec les pots que j' aime beaucoup n' est pas rond <eos>,12,rond,ronde,10,M,P,rond,-6.7604094,ronde,-12.13065,1
9516,S_NOUN_7_ADJ_b,M,S,le panier avec les pots que j' aime beaucoup n' est pas froid <eos>,12,froid,froide,10,M,P,froid,-9.205588,froide,-13.618343,1
9517,S_NOUN_7_ADJ_b,M,S,le panier avec les pots que j' aime beaucoup n' est pas chaud <eos>,12,chaud,chaude,10,M,P,chaud,-8.572179,chaude,-13.609951,1
9518,S_NOUN_7_ADJ_b,M,S,le panier avec les pots que j' aime beaucoup n' est pas important <eos>,12,important,importante,10,M,P,important,-8.376085,importante,-12.546577,1
9519,S_NOUN_7_ADJ_b,M,S,le panier avec les pots que j' aime beaucoup n' est pas court <eos>,12,court,courte,10,M,P,court,-9.447898,courte,-13.226712,1
9520,S_NOUN_7_ADJ_b,M,S,le panier avec les pots que j' aime beaucoup n' est pas dur <eos>,12,dur,dure,10,M,P,dur,-7.5880814,dure,-10.502155,1
9521,S_NOUN_7_ADJ_b,M,S,le panier avec les pots que j' aime beaucoup n' est pas clair <eos>,12,clair,claire,10,M,P,clair,-5.566922,claire,-9.018488,1
9522,S_NOUN_7_ADJ_b,M,S,le panier avec les pots que j' aime beaucoup n' est pas intéressant <eos>,12,intéressant,intéressante,10,M,P,intéressant,-8.425611,intéressante,-12.081123,1
9523,S_NOUN_7_ADJ_b,M,S,le panier avec les pots que j' aime beaucoup n' est pas brillant <eos>,12,brillant,brillante,10,M,P,brillant,-8.416893,brillante,-12.937626,1
9524,S_NOUN_7_ADJ_b,M,S,le panier avec les pots que j' aime beaucoup n' est pas compliqué <eos>,12,compliqué,compliquée,10,M,P,compliqué,-9.289461,compliquée,-13.555712,1
9525,S_NOUN_7_ADJ_b,M,S,le panier avec les coussins que j' aime beaucoup n' est pas vert <eos>,12,vert,verte,10,M,P,vert,-8.7264595,verte,-12.300312,1
9526,S_NOUN_7_ADJ_b,M,S,le panier avec les coussins que j' aime beaucoup n' est pas bleu <eos>,12,bleu,bleue,10,M,P,bleu,-8.50865,bleue,-12.294209,1
9527,S_NOUN_7_ADJ_b,M,S,le panier avec les coussins que j' aime beaucoup n' est pas noir <eos>,12,noir,noire,10,M,P,noir,-6.6182303,noire,-12.3071,1
9528,S_NOUN_7_ADJ_b,M,S,le panier avec les coussins que j' aime beaucoup n' est pas délicat <eos>,12,délicat,délicate,10,M,P,délicat,-9.89511,délicate,-14.847439,1
9529,S_NOUN_7_ADJ_b,M,S,le panier avec les coussins que j' aime beaucoup n' est pas pointu <eos>,12,pointu,pointue,10,M,P,pointu,-10.15447,pointue,-15.221368,1
9530,S_NOUN_7_ADJ_b,M,S,le panier avec les coussins que j' aime beaucoup n' est pas rond <eos>,12,rond,ronde,10,M,P,rond,-6.36882,ronde,-12.515599,1
9531,S_NOUN_7_ADJ_b,M,S,le panier avec les coussins que j' aime beaucoup n' est pas froid <eos>,12,froid,froide,10,M,P,froid,-10.371191,froide,-14.479361,1
9532,S_NOUN_7_ADJ_b,M,S,le panier avec les coussins que j' aime beaucoup n' est pas chaud <eos>,12,chaud,chaude,10,M,P,chaud,-9.115332,chaude,-14.408993,1
9533,S_NOUN_7_ADJ_b,M,S,le panier avec les coussins que j' aime beaucoup n' est pas important <eos>,12,important,importante,10,M,P,important,-7.9862213,importante,-11.9373255,1
9534,S_NOUN_7_ADJ_b,M,S,le panier avec les coussins que j' aime beaucoup n' est pas court <eos>,12,court,courte,10,M,P,court,-9.08864,courte,-12.687412,1
9535,S_NOUN_7_ADJ_b,M,S,le panier avec les coussins que j' aime beaucoup n' est pas dur <eos>,12,dur,dure,10,M,P,dur,-8.052961,dure,-10.924733,1
9536,S_NOUN_7_ADJ_b,M,S,le panier avec les coussins que j' aime beaucoup n' est pas clair <eos>,12,clair,claire,10,M,P,clair,-6.158785,claire,-9.11497,1
9537,S_NOUN_7_ADJ_b,M,S,le panier avec les coussins que j' aime beaucoup n' est pas intéressant <eos>,12,intéressant,intéressante,10,M,P,intéressant,-8.333553,intéressante,-12.054124,1
9538,S_NOUN_7_ADJ_b,M,S,le panier avec les coussins que j' aime beaucoup n' est pas brillant <eos>,12,brillant,brillante,10,M,P,brillant,-8.475332,brillante,-12.788448,1
9539,S_NOUN_7_ADJ_b,M,S,le panier avec les coussins que j' aime beaucoup n' est pas compliqué <eos>,12,compliqué,compliquée,10,M,P,compliqué,-9.381724,compliquée,-12.979365,1
9540,S_NOUN_7_ADJ_b,M,S,le panier avec les jouets que j' aime beaucoup n' est pas vert <eos>,12,vert,verte,10,M,P,vert,-9.170847,verte,-12.809721,1
9541,S_NOUN_7_ADJ_b,M,S,le panier avec les jouets que j' aime beaucoup n' est pas bleu <eos>,12,bleu,bleue,10,M,P,bleu,-8.801056,bleue,-12.958175,1
9542,S_NOUN_7_ADJ_b,M,S,le panier avec les jouets que j' aime beaucoup n' est pas noir <eos>,12,noir,noire,10,M,P,noir,-6.768361,noire,-12.469507,1
9543,S_NOUN_7_ADJ_b,M,S,le panier avec les jouets que j' aime beaucoup n' est pas délicat <eos>,12,délicat,délicate,10,M,P,délicat,-10.281898,délicate,-15.469152,1
9544,S_NOUN_7_ADJ_b,M,S,le panier avec les jouets que j' aime beaucoup n' est pas pointu <eos>,12,pointu,pointue,10,M,P,pointu,-10.814257,pointue,-15.845846,1
9545,S_NOUN_7_ADJ_b,M,S,le panier avec les jouets que j' aime beaucoup n' est pas rond <eos>,12,rond,ronde,10,M,P,rond,-7.0230894,ronde,-12.389741,1
9546,S_NOUN_7_ADJ_b,M,S,le panier avec les jouets que j' aime beaucoup n' est pas froid <eos>,12,froid,froide,10,M,P,froid,-9.769338,froide,-14.037409,1
9547,S_NOUN_7_ADJ_b,M,S,le panier avec les jouets que j' aime beaucoup n' est pas chaud <eos>,12,chaud,chaude,10,M,P,chaud,-9.215244,chaude,-14.344709,1
9548,S_NOUN_7_ADJ_b,M,S,le panier avec les jouets que j' aime beaucoup n' est pas important <eos>,12,important,importante,10,M,P,important,-8.207638,importante,-12.313303,1
9549,S_NOUN_7_ADJ_b,M,S,le panier avec les jouets que j' aime beaucoup n' est pas court <eos>,12,court,courte,10,M,P,court,-9.297655,courte,-12.980236,1
9550,S_NOUN_7_ADJ_b,M,S,le panier avec les jouets que j' aime beaucoup n' est pas dur <eos>,12,dur,dure,10,M,P,dur,-8.086703,dure,-11.118443,1
9551,S_NOUN_7_ADJ_b,M,S,le panier avec les jouets que j' aime beaucoup n' est pas clair <eos>,12,clair,claire,10,M,P,clair,-6.236902,claire,-9.557187,1
9552,S_NOUN_7_ADJ_b,M,S,le panier avec les jouets que j' aime beaucoup n' est pas intéressant <eos>,12,intéressant,intéressante,10,M,P,intéressant,-8.209844,intéressante,-12.026301,1
9553,S_NOUN_7_ADJ_b,M,S,le panier avec les jouets que j' aime beaucoup n' est pas brillant <eos>,12,brillant,brillante,10,M,P,brillant,-9.147492,brillante,-13.225473,1
9554,S_NOUN_7_ADJ_b,M,S,le panier avec les jouets que j' aime beaucoup n' est pas compliqué <eos>,12,compliqué,compliquée,10,M,P,compliqué,-9.446098,compliquée,-13.218134,1
9555,S_NOUN_7_ADJ_b,M,S,le panier avec les clous que j' aime beaucoup n' est pas vert <eos>,12,vert,verte,10,M,P,vert,-8.632503,verte,-12.750036,1
9556,S_NOUN_7_ADJ_b,M,S,le panier avec les clous que j' aime beaucoup n' est pas bleu <eos>,12,bleu,bleue,10,M,P,bleu,-8.470059,bleue,-13.357632,1
9557,S_NOUN_7_ADJ_b,M,S,le panier avec les clous que j' aime beaucoup n' est pas noir <eos>,12,noir,noire,10,M,P,noir,-6.626731,noire,-12.385355,1
9558,S_NOUN_7_ADJ_b,M,S,le panier avec les clous que j' aime beaucoup n' est pas délicat <eos>,12,délicat,délicate,10,M,P,délicat,-9.323912,délicate,-14.604427,1
9559,S_NOUN_7_ADJ_b,M,S,le panier avec les clous que j' aime beaucoup n' est pas pointu <eos>,12,pointu,pointue,10,M,P,pointu,-9.644913,pointue,-14.499451,1
9560,S_NOUN_7_ADJ_b,M,S,le panier avec les clous que j' aime beaucoup n' est pas rond <eos>,12,rond,ronde,10,M,P,rond,-6.328663,ronde,-12.164821,1
9561,S_NOUN_7_ADJ_b,M,S,le panier avec les clous que j' aime beaucoup n' est pas froid <eos>,12,froid,froide,10,M,P,froid,-10.292258,froide,-15.269805,1
9562,S_NOUN_7_ADJ_b,M,S,le panier avec les clous que j' aime beaucoup n' est pas chaud <eos>,12,chaud,chaude,10,M,P,chaud,-9.272384,chaude,-14.739618,1
9563,S_NOUN_7_ADJ_b,M,S,le panier avec les clous que j' aime beaucoup n' est pas important <eos>,12,important,importante,10,M,P,important,-8.0101595,importante,-12.111207,1
9564,S_NOUN_7_ADJ_b,M,S,le panier avec les clous que j' aime beaucoup n' est pas court <eos>,12,court,courte,10,M,P,court,-8.607664,courte,-12.558516,1
9565,S_NOUN_7_ADJ_b,M,S,le panier avec les clous que j' aime beaucoup n' est pas dur <eos>,12,dur,dure,10,M,P,dur,-7.823906,dure,-10.734901,1
9566,S_NOUN_7_ADJ_b,M,S,le panier avec les clous que j' aime beaucoup n' est pas clair <eos>,12,clair,claire,10,M,P,clair,-6.0422144,claire,-9.561464,1
9567,S_NOUN_7_ADJ_b,M,S,le panier avec les clous que j' aime beaucoup n' est pas intéressant <eos>,12,intéressant,intéressante,10,M,P,intéressant,-8.248075,intéressante,-12.926599,1
9568,S_NOUN_7_ADJ_b,M,S,le panier avec les clous que j' aime beaucoup n' est pas brillant <eos>,12,brillant,brillante,10,M,P,brillant,-8.089351,brillante,-13.213206,1
9569,S_NOUN_7_ADJ_b,M,S,le panier avec les clous que j' aime beaucoup n' est pas compliqué <eos>,12,compliqué,compliquée,10,M,P,compliqué,-9.22706,compliquée,-13.61027,1
9570,S_NOUN_7_ADJ_b,M,S,le panier avec les billets que j' aime beaucoup n' est pas vert <eos>,12,vert,verte,10,M,P,vert,-9.069918,verte,-12.696948,1
9571,S_NOUN_7_ADJ_b,M,S,le panier avec les billets que j' aime beaucoup n' est pas bleu <eos>,12,bleu,bleue,10,M,P,bleu,-8.43077,bleue,-12.834379,1
9572,S_NOUN_7_ADJ_b,M,S,le panier avec les billets que j' aime beaucoup n' est pas noir <eos>,12,noir,noire,10,M,P,noir,-6.5595365,noire,-12.754673,1
9573,S_NOUN_7_ADJ_b,M,S,le panier avec les billets que j' aime beaucoup n' est pas délicat <eos>,12,délicat,délicate,10,M,P,délicat,-10.195452,délicate,-16.238668,1
9574,S_NOUN_7_ADJ_b,M,S,le panier avec les billets que j' aime beaucoup n' est pas pointu <eos>,12,pointu,pointue,10,M,P,pointu,-10.771736,pointue,-15.961604,1
9575,S_NOUN_7_ADJ_b,M,S,le panier avec les billets que j' aime beaucoup n' est pas rond <eos>,12,rond,ronde,10,M,P,rond,-7.0994015,ronde,-11.967179,1
9576,S_NOUN_7_ADJ_b,M,S,le panier avec les billets que j' aime beaucoup n' est pas froid <eos>,12,froid,froide,10,M,P,froid,-10.70608,froide,-14.637216,1
9577,S_NOUN_7_ADJ_b,M,S,le panier avec les billets que j' aime beaucoup n' est pas chaud <eos>,12,chaud,chaude,10,M,P,chaud,-9.741522,chaude,-14.456044,1
9578,S_NOUN_7_ADJ_b,M,S,le panier avec les billets que j' aime beaucoup n' est pas important <eos>,12,important,importante,10,M,P,important,-8.087566,importante,-12.020686,1
9579,S_NOUN_7_ADJ_b,M,S,le panier avec les billets que j' aime beaucoup n' est pas court <eos>,12,court,courte,10,M,P,court,-8.8228855,courte,-12.93981,1
9580,S_NOUN_7_ADJ_b,M,S,le panier avec les billets que j' aime beaucoup n' est pas dur <eos>,12,dur,dure,10,M,P,dur,-8.3207445,dure,-11.216107,1
9581,S_NOUN_7_ADJ_b,M,S,le panier avec les billets que j' aime beaucoup n' est pas clair <eos>,12,clair,claire,10,M,P,clair,-6.2907543,claire,-10.090364,1
9582,S_NOUN_7_ADJ_b,M,S,le panier avec les billets que j' aime beaucoup n' est pas intéressant <eos>,12,intéressant,intéressante,10,M,P,intéressant,-8.194141,intéressante,-12.176087,1
9583,S_NOUN_7_ADJ_b,M,S,le panier avec les billets que j' aime beaucoup n' est pas brillant <eos>,12,brillant,brillante,10,M,P,brillant,-9.250839,brillante,-13.144199,1
9584,S_NOUN_7_ADJ_b,M,S,le panier avec les billets que j' aime beaucoup n' est pas compliqué <eos>,12,compliqué,compliquée,10,M,P,compliqué,-9.529961,compliquée,-14.429594,1
9585,S_NOUN_7_ADJ_b,M,S,le panier avec les légumes que j' aime beaucoup n' est pas vert <eos>,12,vert,verte,10,M,P,vert,-8.376025,verte,-12.281059,1
9586,S_NOUN_7_ADJ_b,M,S,le panier avec les légumes que j' aime beaucoup n' est pas bleu <eos>,12,bleu,bleue,10,M,P,bleu,-8.323558,bleue,-12.793722,1
9587,S_NOUN_7_ADJ_b,M,S,le panier avec les légumes que j' aime beaucoup n' est pas noir <eos>,12,noir,noire,10,M,P,noir,-6.2659984,noire,-12.507917,1
9588,S_NOUN_7_ADJ_b,M,S,le panier avec les légumes que j' aime beaucoup n' est pas délicat <eos>,12,délicat,délicate,10,M,P,délicat,-8.844178,délicate,-14.441137,1
9589,S_NOUN_7_ADJ_b,M,S,le panier avec les légumes que j' aime beaucoup n' est pas pointu <eos>,12,pointu,pointue,10,M,P,pointu,-10.510814,pointue,-15.753932,1
9590,S_NOUN_7_ADJ_b,M,S,le panier avec les légumes que j' aime beaucoup n' est pas rond <eos>,12,rond,ronde,10,M,P,rond,-6.646744,ronde,-11.890423,1
9591,S_NOUN_7_ADJ_b,M,S,le panier avec les légumes que j' aime beaucoup n' est pas froid <eos>,12,froid,froide,10,M,P,froid,-9.001931,froide,-13.497574,1
9592,S_NOUN_7_ADJ_b,M,S,le panier avec les légumes que j' aime beaucoup n' est pas chaud <eos>,12,chaud,chaude,10,M,P,chaud,-8.370719,chaude,-13.562708,1
9593,S_NOUN_7_ADJ_b,M,S,le panier avec les légumes que j' aime beaucoup n' est pas important <eos>,12,important,importante,10,M,P,important,-8.080264,importante,-12.061815,1
9594,S_NOUN_7_ADJ_b,M,S,le panier avec les légumes que j' aime beaucoup n' est pas court <eos>,12,court,courte,10,M,P,court,-9.128378,courte,-12.825719,1
9595,S_NOUN_7_ADJ_b,M,S,le panier avec les légumes que j' aime beaucoup n' est pas dur <eos>,12,dur,dure,10,M,P,dur,-7.0510817,dure,-10.564532,1
9596,S_NOUN_7_ADJ_b,M,S,le panier avec les légumes que j' aime beaucoup n' est pas clair <eos>,12,clair,claire,10,M,P,clair,-5.147525,claire,-9.072369,1
9597,S_NOUN_7_ADJ_b,M,S,le panier avec les légumes que j' aime beaucoup n' est pas intéressant <eos>,12,intéressant,intéressante,10,M,P,intéressant,-8.117606,intéressante,-11.298512,1
9598,S_NOUN_7_ADJ_b,M,S,le panier avec les légumes que j' aime beaucoup n' est pas brillant <eos>,12,brillant,brillante,10,M,P,brillant,-8.307283,brillante,-12.9044485,1
9599,S_NOUN_7_ADJ_b,M,S,le panier avec les légumes que j' aime beaucoup n' est pas compliqué <eos>,12,compliqué,compliquée,10,M,P,compliqué,-9.195275,compliquée,-13.473665,1
9600,S_NOUN_7_ADJ_b,M,S,le collier avec les bracelets que j' aime beaucoup n' est pas vert <eos>,12,vert,verte,10,M,P,vert,-8.796642,verte,-12.500572,1
9601,S_NOUN_7_ADJ_b,M,S,le collier avec les bracelets que j' aime beaucoup n' est pas bleu <eos>,12,bleu,bleue,10,M,P,bleu,-7.6015224,bleue,-11.959286,1
9602,S_NOUN_7_ADJ_b,M,S,le collier avec les bracelets que j' aime beaucoup n' est pas noir <eos>,12,noir,noire,10,M,P,noir,-5.495784,noire,-11.847756,1
9603,S_NOUN_7_ADJ_b,M,S,le collier avec les bracelets que j' aime beaucoup n' est pas délicat <eos>,12,délicat,délicate,10,M,P,délicat,-9.724617,délicate,-14.288936,1
9604,S_NOUN_7_ADJ_b,M,S,le collier avec les bracelets que j' aime beaucoup n' est pas pointu <eos>,12,pointu,pointue,10,M,P,pointu,-8.582784,pointue,-14.31233,1
9605,S_NOUN_7_ADJ_b,M,S,le collier avec les bracelets que j' aime beaucoup n' est pas rond <eos>,12,rond,ronde,10,M,P,rond,-6.330565,ronde,-11.678066,1
9606,S_NOUN_7_ADJ_b,M,S,le collier avec les bracelets que j' aime beaucoup n' est pas froid <eos>,12,froid,froide,10,M,P,froid,-10.692549,froide,-15.821263,1
9607,S_NOUN_7_ADJ_b,M,S,le collier avec les bracelets que j' aime beaucoup n' est pas chaud <eos>,12,chaud,chaude,10,M,P,chaud,-10.551023,chaude,-15.286582,1
9608,S_NOUN_7_ADJ_b,M,S,le collier avec les bracelets que j' aime beaucoup n' est pas important <eos>,12,important,importante,10,M,P,important,-8.121749,importante,-11.989172,1
9609,S_NOUN_7_ADJ_b,M,S,le collier avec les bracelets que j' aime beaucoup n' est pas court <eos>,12,court,courte,10,M,P,court,-9.351417,courte,-12.687894,1
9610,S_NOUN_7_ADJ_b,M,S,le collier avec les bracelets que j' aime beaucoup n' est pas dur <eos>,12,dur,dure,10,M,P,dur,-9.589216,dure,-12.219511,1
9611,S_NOUN_7_ADJ_b,M,S,le collier avec les bracelets que j' aime beaucoup n' est pas clair <eos>,12,clair,claire,10,M,P,clair,-4.5347843,claire,-8.264594,1
9612,S_NOUN_7_ADJ_b,M,S,le collier avec les bracelets que j' aime beaucoup n' est pas intéressant <eos>,12,intéressant,intéressante,10,M,P,intéressant,-8.562889,intéressante,-13.065318,1
9613,S_NOUN_7_ADJ_b,M,S,le collier avec les bracelets que j' aime beaucoup n' est pas brillant <eos>,12,brillant,brillante,10,M,P,brillant,-7.213139,brillante,-11.85026,1
9614,S_NOUN_7_ADJ_b,M,S,le collier avec les bracelets que j' aime beaucoup n' est pas compliqué <eos>,12,compliqué,compliquée,10,M,P,compliqué,-9.247674,compliquée,-13.213438,1
9615,S_NOUN_7_ADJ_b,M,S,le collier avec les miroirs que j' aime beaucoup n' est pas vert <eos>,12,vert,verte,10,M,P,vert,-8.586483,verte,-11.640144,1
9616,S_NOUN_7_ADJ_b,M,S,le collier avec les miroirs que j' aime beaucoup n' est pas bleu <eos>,12,bleu,bleue,10,M,P,bleu,-7.243885,bleue,-11.709807,1
9617,S_NOUN_7_ADJ_b,M,S,le collier avec les miroirs que j' aime beaucoup n' est pas noir <eos>,12,noir,noire,10,M,P,noir,-5.317843,noire,-11.640499,1
9618,S_NOUN_7_ADJ_b,M,S,le collier avec les miroirs que j' aime beaucoup n' est pas délicat <eos>,12,délicat,délicate,10,M,P,délicat,-9.3888,délicate,-14.023529,1
9619,S_NOUN_7_ADJ_b,M,S,le collier avec les miroirs que j' aime beaucoup n' est pas pointu <eos>,12,pointu,pointue,10,M,P,pointu,-8.678439,pointue,-14.288314,1
9620,S_NOUN_7_ADJ_b,M,S,le collier avec les miroirs que j' aime beaucoup n' est pas rond <eos>,12,rond,ronde,10,M,P,rond,-6.24992,ronde,-11.881235,1
9621,S_NOUN_7_ADJ_b,M,S,le collier avec les miroirs que j' aime beaucoup n' est pas froid <eos>,12,froid,froide,10,M,P,froid,-10.3513975,froide,-14.850142,1
9622,S_NOUN_7_ADJ_b,M,S,le collier avec les miroirs que j' aime beaucoup n' est pas chaud <eos>,12,chaud,chaude,10,M,P,chaud,-9.779325,chaude,-14.38526,1
9623,S_NOUN_7_ADJ_b,M,S,le collier avec les miroirs que j' aime beaucoup n' est pas important <eos>,12,important,importante,10,M,P,important,-8.466578,importante,-12.362726,1
9624,S_NOUN_7_ADJ_b,M,S,le collier avec les miroirs que j' aime beaucoup n' est pas court <eos>,12,court,courte,10,M,P,court,-9.755766,courte,-13.370674,1
9625,S_NOUN_7_ADJ_b,M,S,le collier avec les miroirs que j' aime beaucoup n' est pas dur <eos>,12,dur,dure,10,M,P,dur,-9.279024,dure,-12.331785,1
9626,S_NOUN_7_ADJ_b,M,S,le collier avec les miroirs que j' aime beaucoup n' est pas clair <eos>,12,clair,claire,10,M,P,clair,-4.1952353,claire,-7.9184456,1
9627,S_NOUN_7_ADJ_b,M,S,le collier avec les miroirs que j' aime beaucoup n' est pas intéressant <eos>,12,intéressant,intéressante,10,M,P,intéressant,-8.503321,intéressante,-12.852942,1
9628,S_NOUN_7_ADJ_b,M,S,le collier avec les miroirs que j' aime beaucoup n' est pas brillant <eos>,12,brillant,brillante,10,M,P,brillant,-6.494139,brillante,-11.305197,1
9629,S_NOUN_7_ADJ_b,M,S,le collier avec les miroirs que j' aime beaucoup n' est pas compliqué <eos>,12,compliqué,compliquée,10,M,P,compliqué,-9.339338,compliquée,-13.505022,1
9630,S_NOUN_7_ADJ_b,M,S,le collier avec les crayons que j' aime beaucoup n' est pas vert <eos>,12,vert,verte,10,M,P,vert,-8.387943,verte,-12.772632,1
9631,S_NOUN_7_ADJ_b,M,S,le collier avec les crayons que j' aime beaucoup n' est pas bleu <eos>,12,bleu,bleue,10,M,P,bleu,-7.136418,bleue,-12.014826,1
9632,S_NOUN_7_ADJ_b,M,S,le collier avec les crayons que j' aime beaucoup n' est pas noir <eos>,12,noir,noire,10,M,P,noir,-5.3093643,noire,-12.612552,1
9633,S_NOUN_7_ADJ_b,M,S,le collier avec les crayons que j' aime beaucoup n' est pas délicat <eos>,12,délicat,délicate,10,M,P,délicat,-9.303835,délicate,-14.541052,1
9634,S_NOUN_7_ADJ_b,M,S,le collier avec les crayons que j' aime beaucoup n' est pas pointu <eos>,12,pointu,pointue,10,M,P,pointu,-10.3395195,pointue,-15.755321,1
9635,S_NOUN_7_ADJ_b,M,S,le collier avec les crayons que j' aime beaucoup n' est pas rond <eos>,12,rond,ronde,10,M,P,rond,-6.425597,ronde,-12.720245,1
9636,S_NOUN_7_ADJ_b,M,S,le collier avec les crayons que j' aime beaucoup n' est pas froid <eos>,12,froid,froide,10,M,P,froid,-10.032764,froide,-15.332125,1
9637,S_NOUN_7_ADJ_b,M,S,le collier avec les crayons que j' aime beaucoup n' est pas chaud <eos>,12,chaud,chaude,10,M,P,chaud,-9.395496,chaude,-14.846689,1
9638,S_NOUN_7_ADJ_b,M,S,le collier avec les crayons que j' aime beaucoup n' est pas important <eos>,12,important,importante,10,M,P,important,-7.7066793,importante,-11.678599,1
9639,S_NOUN_7_ADJ_b,M,S,le collier avec les crayons que j' aime beaucoup n' est pas court <eos>,12,court,courte,10,M,P,court,-9.944562,courte,-13.573308,1
9640,S_NOUN_7_ADJ_b,M,S,le collier avec les crayons que j' aime beaucoup n' est pas dur <eos>,12,dur,dure,10,M,P,dur,-9.71491,dure,-12.151733,1
9641,S_NOUN_7_ADJ_b,M,S,le collier avec les crayons que j' aime beaucoup n' est pas clair <eos>,12,clair,claire,10,M,P,clair,-3.9431558,claire,-8.122906,1
9642,S_NOUN_7_ADJ_b,M,S,le collier avec les crayons que j' aime beaucoup n' est pas intéressant <eos>,12,intéressant,intéressante,10,M,P,intéressant,-8.109207,intéressante,-12.11751,1
9643,S_NOUN_7_ADJ_b,M,S,le collier avec les crayons que j' aime beaucoup n' est pas brillant <eos>,12,brillant,brillante,10,M,P,brillant,-7.4558697,brillante,-12.171352,1
9644,S_NOUN_7_ADJ_b,M,S,le collier avec les crayons que j' aime beaucoup n' est pas compliqué <eos>,12,compliqué,compliquée,10,M,P,compliqué,-9.961065,compliquée,-13.993818,1
9645,S_NOUN_7_ADJ_b,M,S,le collier avec les rideaux que j' aime beaucoup n' est pas vert <eos>,12,vert,verte,10,M,P,vert,-7.9331603,verte,-12.245394,1
9646,S_NOUN_7_ADJ_b,M,S,le collier avec les rideaux que j' aime beaucoup n' est pas bleu <eos>,12,bleu,bleue,10,M,P,bleu,-6.896286,bleue,-11.514869,1
9647,S_NOUN_7_ADJ_b,M,S,le collier avec les rideaux que j' aime beaucoup n' est pas noir <eos>,12,noir,noire,10,M,P,noir,-4.7574472,noire,-12.052408,1
9648,S_NOUN_7_ADJ_b,M,S,le collier avec les rideaux que j' aime beaucoup n' est pas délicat <eos>,12,délicat,délicate,10,M,P,délicat,-9.458392,délicate,-14.1227255,1
9649,S_NOUN_7_ADJ_b,M,S,le collier avec les rideaux que j' aime beaucoup n' est pas pointu <eos>,12,pointu,pointue,10,M,P,pointu,-9.1835375,pointue,-15.193368,1
9650,S_NOUN_7_ADJ_b,M,S,le collier avec les rideaux que j' aime beaucoup n' est pas rond <eos>,12,rond,ronde,10,M,P,rond,-5.5929384,ronde,-11.830114,1
9651,S_NOUN_7_ADJ_b,M,S,le collier avec les rideaux que j' aime beaucoup n' est pas froid <eos>,12,froid,froide,10,M,P,froid,-10.254269,froide,-15.077045,1
9652,S_NOUN_7_ADJ_b,M,S,le collier avec les rideaux que j' aime beaucoup n' est pas chaud <eos>,12,chaud,chaude,10,M,P,chaud,-9.65725,chaude,-14.77332,1
9653,S_NOUN_7_ADJ_b,M,S,le collier avec les rideaux que j' aime beaucoup n' est pas important <eos>,12,important,importante,10,M,P,important,-7.904207,importante,-12.17498,1
9654,S_NOUN_7_ADJ_b,M,S,le collier avec les rideaux que j' aime beaucoup n' est pas court <eos>,12,court,courte,10,M,P,court,-9.108162,courte,-13.009262,1
9655,S_NOUN_7_ADJ_b,M,S,le collier avec les rideaux que j' aime beaucoup n' est pas dur <eos>,12,dur,dure,10,M,P,dur,-9.020777,dure,-11.37234,1
9656,S_NOUN_7_ADJ_b,M,S,le collier avec les rideaux que j' aime beaucoup n' est pas clair <eos>,12,clair,claire,10,M,P,clair,-3.7498932,claire,-7.9794054,1
9657,S_NOUN_7_ADJ_b,M,S,le collier avec les rideaux que j' aime beaucoup n' est pas intéressant <eos>,12,intéressant,intéressante,10,M,P,intéressant,-8.68241,intéressante,-13.114217,1
9658,S_NOUN_7_ADJ_b,M,S,le collier avec les rideaux que j' aime beaucoup n' est pas brillant <eos>,12,brillant,brillante,10,M,P,brillant,-7.075079,brillante,-11.603736,1
9659,S_NOUN_7_ADJ_b,M,S,le collier avec les rideaux que j' aime beaucoup n' est pas compliqué <eos>,12,compliqué,compliquée,10,M,P,compliqué,-9.406822,compliquée,-13.767847,1
9660,S_NOUN_7_ADJ_b,M,S,le collier avec les cahiers que j' aime beaucoup n' est pas vert <eos>,12,vert,verte,10,M,P,vert,-8.743112,verte,-12.923382,1
9661,S_NOUN_7_ADJ_b,M,S,le collier avec les cahiers que j' aime beaucoup n' est pas bleu <eos>,12,bleu,bleue,10,M,P,bleu,-7.260164,bleue,-11.9773445,1
9662,S_NOUN_7_ADJ_b,M,S,le collier avec les cahiers que j' aime beaucoup n' est pas noir <eos>,12,noir,noire,10,M,P,noir,-5.320491,noire,-12.699808,1
9663,S_NOUN_7_ADJ_b,M,S,le collier avec les cahiers que j' aime beaucoup n' est pas délicat <eos>,12,délicat,délicate,10,M,P,délicat,-9.558655,délicate,-15.214419,1
9664,S_NOUN_7_ADJ_b,M,S,le collier avec les cahiers que j' aime beaucoup n' est pas pointu <eos>,12,pointu,pointue,10,M,P,pointu,-9.65097,pointue,-15.245342,1
9665,S_NOUN_7_ADJ_b,M,S,le collier avec les cahiers que j' aime beaucoup n' est pas rond <eos>,12,rond,ronde,10,M,P,rond,-5.98578,ronde,-12.33013,1
9666,S_NOUN_7_ADJ_b,M,S,le collier avec les cahiers que j' aime beaucoup n' est pas froid <eos>,12,froid,froide,10,M,P,froid,-10.002138,froide,-15.783681,1
9667,S_NOUN_7_ADJ_b,M,S,le collier avec les cahiers que j' aime beaucoup n' est pas chaud <eos>,12,chaud,chaude,10,M,P,chaud,-9.505148,chaude,-15.347217,1
9668,S_NOUN_7_ADJ_b,M,S,le collier avec les cahiers que j' aime beaucoup n' est pas important <eos>,12,important,importante,10,M,P,important,-8.137361,importante,-12.331986,1
9669,S_NOUN_7_ADJ_b,M,S,le collier avec les cahiers que j' aime beaucoup n' est pas court <eos>,12,court,courte,10,M,P,court,-9.345465,courte,-13.131298,1
9670,S_NOUN_7_ADJ_b,M,S,le collier avec les cahiers que j' aime beaucoup n' est pas dur <eos>,12,dur,dure,10,M,P,dur,-9.548218,dure,-12.355044,1
9671,S_NOUN_7_ADJ_b,M,S,le collier avec les cahiers que j' aime beaucoup n' est pas clair <eos>,12,clair,claire,10,M,P,clair,-4.2073736,claire,-8.695233,1
9672,S_NOUN_7_ADJ_b,M,S,le collier avec les cahiers que j' aime beaucoup n' est pas intéressant <eos>,12,intéressant,intéressante,10,M,P,intéressant,-8.006229,intéressante,-12.179558,1
9673,S_NOUN_7_ADJ_b,M,S,le collier avec les cahiers que j' aime beaucoup n' est pas brillant <eos>,12,brillant,brillante,10,M,P,brillant,-7.7365856,brillante,-12.199812,1
9674,S_NOUN_7_ADJ_b,M,S,le collier avec les cahiers que j' aime beaucoup n' est pas compliqué <eos>,12,compliqué,compliquée,10,M,P,compliqué,-9.62443,compliquée,-13.924364,1
9675,S_NOUN_7_ADJ_b,M,S,le collier avec les micros que j' aime beaucoup n' est pas vert <eos>,12,vert,verte,10,M,P,vert,-9.499891,verte,-13.24366,1
9676,S_NOUN_7_ADJ_b,M,S,le collier avec les micros que j' aime beaucoup n' est pas bleu <eos>,12,bleu,bleue,10,M,P,bleu,-8.107257,bleue,-12.518043,1
9677,S_NOUN_7_ADJ_b,M,S,le collier avec les micros que j' aime beaucoup n' est pas noir <eos>,12,noir,noire,10,M,P,noir,-5.9286556,noire,-12.724952,1
9678,S_NOUN_7_ADJ_b,M,S,le collier avec les micros que j' aime beaucoup n' est pas délicat <eos>,12,délicat,délicate,10,M,P,délicat,-9.709593,délicate,-15.047673,1
9679,S_NOUN_7_ADJ_b,M,S,le collier avec les micros que j' aime beaucoup n' est pas pointu <eos>,12,pointu,pointue,10,M,P,pointu,-9.520871,pointue,-15.3960495,1
9680,S_NOUN_7_ADJ_b,M,S,le collier avec les micros que j' aime beaucoup n' est pas rond <eos>,12,rond,ronde,10,M,P,rond,-6.4625387,ronde,-12.879798,1
9681,S_NOUN_7_ADJ_b,M,S,le collier avec les micros que j' aime beaucoup n' est pas froid <eos>,12,froid,froide,10,M,P,froid,-10.273636,froide,-15.586548,1
9682,S_NOUN_7_ADJ_b,M,S,le collier avec les micros que j' aime beaucoup n' est pas chaud <eos>,12,chaud,chaude,10,M,P,chaud,-9.714987,chaude,-14.572979,1
9683,S_NOUN_7_ADJ_b,M,S,le collier avec les micros que j' aime beaucoup n' est pas important <eos>,12,important,importante,10,M,P,important,-8.078553,importante,-12.3126335,1
9684,S_NOUN_7_ADJ_b,M,S,le collier avec les micros que j' aime beaucoup n' est pas court <eos>,12,court,courte,10,M,P,court,-9.5196085,courte,-13.344669,1
9685,S_NOUN_7_ADJ_b,M,S,le collier avec les micros que j' aime beaucoup n' est pas dur <eos>,12,dur,dure,10,M,P,dur,-9.339664,dure,-11.828578,1
9686,S_NOUN_7_ADJ_b,M,S,le collier avec les micros que j' aime beaucoup n' est pas clair <eos>,12,clair,claire,10,M,P,clair,-4.2952085,claire,-8.116753,1
9687,S_NOUN_7_ADJ_b,M,S,le collier avec les micros que j' aime beaucoup n' est pas intéressant <eos>,12,intéressant,intéressante,10,M,P,intéressant,-8.191727,intéressante,-12.122864,1
9688,S_NOUN_7_ADJ_b,M,S,le collier avec les micros que j' aime beaucoup n' est pas brillant <eos>,12,brillant,brillante,10,M,P,brillant,-7.805518,brillante,-12.844759,1
9689,S_NOUN_7_ADJ_b,M,S,le collier avec les micros que j' aime beaucoup n' est pas compliqué <eos>,12,compliqué,compliquée,10,M,P,compliqué,-9.558617,compliquée,-13.323101,1
9690,S_NOUN_7_ADJ_b,M,S,le collier avec les sacs que j' aime beaucoup n' est pas vert <eos>,12,vert,verte,10,M,P,vert,-8.20042,verte,-12.268037,1
9691,S_NOUN_7_ADJ_b,M,S,le collier avec les sacs que j' aime beaucoup n' est pas bleu <eos>,12,bleu,bleue,10,M,P,bleu,-7.27621,bleue,-11.593579,1
9692,S_NOUN_7_ADJ_b,M,S,le collier avec les sacs que j' aime beaucoup n' est pas noir <eos>,12,noir,noire,10,M,P,noir,-5.0058756,noire,-12.01648,1
9693,S_NOUN_7_ADJ_b,M,S,le collier avec les sacs que j' aime beaucoup n' est pas délicat <eos>,12,délicat,délicate,10,M,P,délicat,-9.324154,délicate,-14.393,1
9694,S_NOUN_7_ADJ_b,M,S,le collier avec les sacs que j' aime beaucoup n' est pas pointu <eos>,12,pointu,pointue,10,M,P,pointu,-9.811641,pointue,-15.616488,1
9695,S_NOUN_7_ADJ_b,M,S,le collier avec les sacs que j' aime beaucoup n' est pas rond <eos>,12,rond,ronde,10,M,P,rond,-6.16545,ronde,-12.499161,1
9696,S_NOUN_7_ADJ_b,M,S,le collier avec les sacs que j' aime beaucoup n' est pas froid <eos>,12,froid,froide,10,M,P,froid,-9.354244,froide,-14.877979,1
9697,S_NOUN_7_ADJ_b,M,S,le collier avec les sacs que j' aime beaucoup n' est pas chaud <eos>,12,chaud,chaude,10,M,P,chaud,-8.76712,chaude,-14.508932,1
9698,S_NOUN_7_ADJ_b,M,S,le collier avec les sacs que j' aime beaucoup n' est pas important <eos>,12,important,importante,10,M,P,important,-7.948293,importante,-12.184574,1
9699,S_NOUN_7_ADJ_b,M,S,le collier avec les sacs que j' aime beaucoup n' est pas court <eos>,12,court,courte,10,M,P,court,-9.38901,courte,-13.094836,1
9700,S_NOUN_7_ADJ_b,M,S,le collier avec les sacs que j' aime beaucoup n' est pas dur <eos>,12,dur,dure,10,M,P,dur,-8.826946,dure,-11.519415,1
9701,S_NOUN_7_ADJ_b,M,S,le collier avec les sacs que j' aime beaucoup n' est pas clair <eos>,12,clair,claire,10,M,P,clair,-3.8917675,claire,-8.264277,1
9702,S_NOUN_7_ADJ_b,M,S,le collier avec les sacs que j' aime beaucoup n' est pas intéressant <eos>,12,intéressant,intéressante,10,M,P,intéressant,-8.076864,intéressante,-11.82211,1
9703,S_NOUN_7_ADJ_b,M,S,le collier avec les sacs que j' aime beaucoup n' est pas brillant <eos>,12,brillant,brillante,10,M,P,brillant,-7.3782063,brillante,-12.096765,1
9704,S_NOUN_7_ADJ_b,M,S,le collier avec les sacs que j' aime beaucoup n' est pas compliqué <eos>,12,compliqué,compliquée,10,M,P,compliqué,-9.260607,compliquée,-13.448622,1
9705,S_NOUN_7_ADJ_b,M,S,le collier avec les claviers que j' aime beaucoup n' est pas vert <eos>,12,vert,verte,10,M,P,vert,-10.196513,verte,-14.268255,1
9706,S_NOUN_7_ADJ_b,M,S,le collier avec les claviers que j' aime beaucoup n' est pas bleu <eos>,12,bleu,bleue,10,M,P,bleu,-8.78624,bleue,-13.28263,1
9707,S_NOUN_7_ADJ_b,M,S,le collier avec les claviers que j' aime beaucoup n' est pas noir <eos>,12,noir,noire,10,M,P,noir,-6.572895,noire,-13.257676,1
9708,S_NOUN_7_ADJ_b,M,S,le collier avec les claviers que j' aime beaucoup n' est pas délicat <eos>,12,délicat,délicate,10,M,P,délicat,-9.462524,délicate,-15.307904,1
9709,S_NOUN_7_ADJ_b,M,S,le collier avec les claviers que j' aime beaucoup n' est pas pointu <eos>,12,pointu,pointue,10,M,P,pointu,-9.419468,pointue,-15.49206,1
9710,S_NOUN_7_ADJ_b,M,S,le collier avec les claviers que j' aime beaucoup n' est pas rond <eos>,12,rond,ronde,10,M,P,rond,-6.4240866,ronde,-12.619528,1
9711,S_NOUN_7_ADJ_b,M,S,le collier avec les claviers que j' aime beaucoup n' est pas froid <eos>,12,froid,froide,10,M,P,froid,-10.369669,froide,-16.04929,1
9712,S_NOUN_7_ADJ_b,M,S,le collier avec les claviers que j' aime beaucoup n' est pas chaud <eos>,12,chaud,chaude,10,M,P,chaud,-9.753581,chaude,-15.136241,1
9713,S_NOUN_7_ADJ_b,M,S,le collier avec les claviers que j' aime beaucoup n' est pas important <eos>,12,important,importante,10,M,P,important,-7.7091703,importante,-12.164657,1
9714,S_NOUN_7_ADJ_b,M,S,le collier avec les claviers que j' aime beaucoup n' est pas court <eos>,12,court,courte,10,M,P,court,-9.035538,courte,-12.793353,1
9715,S_NOUN_7_ADJ_b,M,S,le collier avec les claviers que j' aime beaucoup n' est pas dur <eos>,12,dur,dure,10,M,P,dur,-9.103409,dure,-11.693743,1
9716,S_NOUN_7_ADJ_b,M,S,le collier avec les claviers que j' aime beaucoup n' est pas clair <eos>,12,clair,claire,10,M,P,clair,-4.595155,claire,-8.846634,1
9717,S_NOUN_7_ADJ_b,M,S,le collier avec les claviers que j' aime beaucoup n' est pas intéressant <eos>,12,intéressant,intéressante,10,M,P,intéressant,-8.077873,intéressante,-12.098354,1
9718,S_NOUN_7_ADJ_b,M,S,le collier avec les claviers que j' aime beaucoup n' est pas brillant <eos>,12,brillant,brillante,10,M,P,brillant,-7.8429337,brillante,-13.1091175,1
9719,S_NOUN_7_ADJ_b,M,S,le collier avec les claviers que j' aime beaucoup n' est pas compliqué <eos>,12,compliqué,compliquée,10,M,P,compliqué,-9.033744,compliquée,-13.049275,1
9720,S_NOUN_7_ADJ_b,M,S,le collier avec les raisins que j' aime beaucoup n' est pas vert <eos>,12,vert,verte,10,M,P,vert,-7.74263,verte,-12.491821,1
9721,S_NOUN_7_ADJ_b,M,S,le collier avec les raisins que j' aime beaucoup n' est pas bleu <eos>,12,bleu,bleue,10,M,P,bleu,-6.8015585,bleue,-11.935307,1
9722,S_NOUN_7_ADJ_b,M,S,le collier avec les raisins que j' aime beaucoup n' est pas noir <eos>,12,noir,noire,10,M,P,noir,-5.140642,noire,-12.394887,1
9723,S_NOUN_7_ADJ_b,M,S,le collier avec les raisins que j' aime beaucoup n' est pas délicat <eos>,12,délicat,délicate,10,M,P,délicat,-8.4312725,délicate,-14.176483,1
9724,S_NOUN_7_ADJ_b,M,S,le collier avec les raisins que j' aime beaucoup n' est pas pointu <eos>,12,pointu,pointue,10,M,P,pointu,-10.164858,pointue,-15.817586,1
9725,S_NOUN_7_ADJ_b,M,S,le collier avec les raisins que j' aime beaucoup n' est pas rond <eos>,12,rond,ronde,10,M,P,rond,-6.127095,ronde,-12.520688,1
9726,S_NOUN_7_ADJ_b,M,S,le collier avec les raisins que j' aime beaucoup n' est pas froid <eos>,12,froid,froide,10,M,P,froid,-8.909599,froide,-14.43741,1
9727,S_NOUN_7_ADJ_b,M,S,le collier avec les raisins que j' aime beaucoup n' est pas chaud <eos>,12,chaud,chaude,10,M,P,chaud,-8.175156,chaude,-13.565203,1
9728,S_NOUN_7_ADJ_b,M,S,le collier avec les raisins que j' aime beaucoup n' est pas important <eos>,12,important,importante,10,M,P,important,-7.9211454,importante,-11.922014,1
9729,S_NOUN_7_ADJ_b,M,S,le collier avec les raisins que j' aime beaucoup n' est pas court <eos>,12,court,courte,10,M,P,court,-9.648971,courte,-13.70826,1
9730,S_NOUN_7_ADJ_b,M,S,le collier avec les raisins que j' aime beaucoup n' est pas dur <eos>,12,dur,dure,10,M,P,dur,-9.579265,dure,-11.433647,1
9731,S_NOUN_7_ADJ_b,M,S,le collier avec les raisins que j' aime beaucoup n' est pas clair <eos>,12,clair,claire,10,M,P,clair,-3.1446033,claire,-7.873173,1
9732,S_NOUN_7_ADJ_b,M,S,le collier avec les raisins que j' aime beaucoup n' est pas intéressant <eos>,12,intéressant,intéressante,10,M,P,intéressant,-8.381022,intéressante,-12.547902,1
9733,S_NOUN_7_ADJ_b,M,S,le collier avec les raisins que j' aime beaucoup n' est pas brillant <eos>,12,brillant,brillante,10,M,P,brillant,-7.5604076,brillante,-12.616484,1
9734,S_NOUN_7_ADJ_b,M,S,le collier avec les raisins que j' aime beaucoup n' est pas compliqué <eos>,12,compliqué,compliquée,10,M,P,compliqué,-9.181652,compliquée,-13.917578,1
9735,S_NOUN_7_ADJ_b,M,S,le collier avec les chargeurs que j' aime beaucoup n' est pas vert <eos>,12,vert,verte,10,M,P,vert,-9.00455,verte,-12.496712,1
9736,S_NOUN_7_ADJ_b,M,S,le collier avec les chargeurs que j' aime beaucoup n' est pas bleu <eos>,12,bleu,bleue,10,M,P,bleu,-7.941351,bleue,-12.660765,1
9737,S_NOUN_7_ADJ_b,M,S,le collier avec les chargeurs que j' aime beaucoup n' est pas noir <eos>,12,noir,noire,10,M,P,noir,-5.6969995,noire,-12.184765,1
9738,S_NOUN_7_ADJ_b,M,S,le collier avec les chargeurs que j' aime beaucoup n' est pas délicat <eos>,12,délicat,délicate,10,M,P,délicat,-9.533921,délicate,-14.948077,1
9739,S_NOUN_7_ADJ_b,M,S,le collier avec les chargeurs que j' aime beaucoup n' est pas pointu <eos>,12,pointu,pointue,10,M,P,pointu,-8.374392,pointue,-14.525042,1
9740,S_NOUN_7_ADJ_b,M,S,le collier avec les chargeurs que j' aime beaucoup n' est pas rond <eos>,12,rond,ronde,10,M,P,rond,-6.6046314,ronde,-11.861553,1
9741,S_NOUN_7_ADJ_b,M,S,le collier avec les chargeurs que j' aime beaucoup n' est pas froid <eos>,12,froid,froide,10,M,P,froid,-10.4077425,froide,-15.838048,1
9742,S_NOUN_7_ADJ_b,M,S,le collier avec les chargeurs que j' aime beaucoup n' est pas chaud <eos>,12,chaud,chaude,10,M,P,chaud,-9.614064,chaude,-15.608468,1
9743,S_NOUN_7_ADJ_b,M,S,le collier avec les chargeurs que j' aime beaucoup n' est pas important <eos>,12,important,importante,10,M,P,important,-7.8076982,importante,-11.613357,1
9744,S_NOUN_7_ADJ_b,M,S,le collier avec les chargeurs que j' aime beaucoup n' est pas court <eos>,12,court,courte,10,M,P,court,-8.996372,courte,-12.750035,1
9745,S_NOUN_7_ADJ_b,M,S,le collier avec les chargeurs que j' aime beaucoup n' est pas dur <eos>,12,dur,dure,10,M,P,dur,-9.9541445,dure,-12.913212,1
9746,S_NOUN_7_ADJ_b,M,S,le collier avec les chargeurs que j' aime beaucoup n' est pas clair <eos>,12,clair,claire,10,M,P,clair,-4.7818885,claire,-9.015289,1
9747,S_NOUN_7_ADJ_b,M,S,le collier avec les chargeurs que j' aime beaucoup n' est pas intéressant <eos>,12,intéressant,intéressante,10,M,P,intéressant,-7.9747033,intéressante,-12.346159,1
9748,S_NOUN_7_ADJ_b,M,S,le collier avec les chargeurs que j' aime beaucoup n' est pas brillant <eos>,12,brillant,brillante,10,M,P,brillant,-7.613536,brillante,-12.726716,1
9749,S_NOUN_7_ADJ_b,M,S,le collier avec les chargeurs que j' aime beaucoup n' est pas compliqué <eos>,12,compliqué,compliquée,10,M,P,compliqué,-9.378984,compliquée,-13.81815,1
9750,S_NOUN_7_ADJ_b,M,S,le collier avec les vases que j' aime beaucoup n' est pas vert <eos>,12,vert,verte,10,M,P,vert,-8.289505,verte,-12.333282,1
9751,S_NOUN_7_ADJ_b,M,S,le collier avec les vases que j' aime beaucoup n' est pas bleu <eos>,12,bleu,bleue,10,M,P,bleu,-7.136656,bleue,-11.624025,1
9752,S_NOUN_7_ADJ_b,M,S,le collier avec les vases que j' aime beaucoup n' est pas noir <eos>,12,noir,noire,10,M,P,noir,-5.5037265,noire,-12.321896,1
9753,S_NOUN_7_ADJ_b,M,S,le collier avec les vases que j' aime beaucoup n' est pas délicat <eos>,12,délicat,délicate,10,M,P,délicat,-9.60041,délicate,-14.268644,1
9754,S_NOUN_7_ADJ_b,M,S,le collier avec les vases que j' aime beaucoup n' est pas pointu <eos>,12,pointu,pointue,10,M,P,pointu,-9.772139,pointue,-15.203737,1
9755,S_NOUN_7_ADJ_b,M,S,le collier avec les vases que j' aime beaucoup n' est pas rond <eos>,12,rond,ronde,10,M,P,rond,-5.897706,ronde,-11.834528,1
9756,S_NOUN_7_ADJ_b,M,S,le collier avec les vases que j' aime beaucoup n' est pas froid <eos>,12,froid,froide,10,M,P,froid,-9.59548,froide,-14.860693,1
9757,S_NOUN_7_ADJ_b,M,S,le collier avec les vases que j' aime beaucoup n' est pas chaud <eos>,12,chaud,chaude,10,M,P,chaud,-9.134469,chaude,-14.187113,1
9758,S_NOUN_7_ADJ_b,M,S,le collier avec les vases que j' aime beaucoup n' est pas important <eos>,12,important,importante,10,M,P,important,-8.066144,importante,-12.101282,1
9759,S_NOUN_7_ADJ_b,M,S,le collier avec les vases que j' aime beaucoup n' est pas court <eos>,12,court,courte,10,M,P,court,-10.059564,courte,-13.495441,1
9760,S_NOUN_7_ADJ_b,M,S,le collier avec les vases que j' aime beaucoup n' est pas dur <eos>,12,dur,dure,10,M,P,dur,-9.823217,dure,-12.140015,1
9761,S_NOUN_7_ADJ_b,M,S,le collier avec les vases que j' aime beaucoup n' est pas clair <eos>,12,clair,claire,10,M,P,clair,-3.525893,claire,-7.4372587,1
9762,S_NOUN_7_ADJ_b,M,S,le collier avec les vases que j' aime beaucoup n' est pas intéressant <eos>,12,intéressant,intéressante,10,M,P,intéressant,-8.68303,intéressante,-12.488824,1
9763,S_NOUN_7_ADJ_b,M,S,le collier avec les vases que j' aime beaucoup n' est pas brillant <eos>,12,brillant,brillante,10,M,P,brillant,-7.33648,brillante,-12.202971,1
9764,S_NOUN_7_ADJ_b,M,S,le collier avec les vases que j' aime beaucoup n' est pas compliqué <eos>,12,compliqué,compliquée,10,M,P,compliqué,-9.511604,compliquée,-13.584702,1
9765,S_NOUN_7_ADJ_b,M,S,le collier avec les paniers que j' aime beaucoup n' est pas vert <eos>,12,vert,verte,10,M,P,vert,-8.0019455,verte,-12.424961,1
9766,S_NOUN_7_ADJ_b,M,S,le collier avec les paniers que j' aime beaucoup n' est pas bleu <eos>,12,bleu,bleue,10,M,P,bleu,-7.0914106,bleue,-12.006301,1
9767,S_NOUN_7_ADJ_b,M,S,le collier avec les paniers que j' aime beaucoup n' est pas noir <eos>,12,noir,noire,10,M,P,noir,-5.261966,noire,-12.16333,1
9768,S_NOUN_7_ADJ_b,M,S,le collier avec les paniers que j' aime beaucoup n' est pas délicat <eos>,12,délicat,délicate,10,M,P,délicat,-9.0553055,délicate,-14.592663,1
9769,S_NOUN_7_ADJ_b,M,S,le collier avec les paniers que j' aime beaucoup n' est pas pointu <eos>,12,pointu,pointue,10,M,P,pointu,-8.67831,pointue,-14.639487,1
9770,S_NOUN_7_ADJ_b,M,S,le collier avec les paniers que j' aime beaucoup n' est pas rond <eos>,12,rond,ronde,10,M,P,rond,-5.7435093,ronde,-12.01763,1
9771,S_NOUN_7_ADJ_b,M,S,le collier avec les paniers que j' aime beaucoup n' est pas froid <eos>,12,froid,froide,10,M,P,froid,-10.452839,froide,-16.17519,1
9772,S_NOUN_7_ADJ_b,M,S,le collier avec les paniers que j' aime beaucoup n' est pas chaud <eos>,12,chaud,chaude,10,M,P,chaud,-9.970425,chaude,-15.76172,1
9773,S_NOUN_7_ADJ_b,M,S,le collier avec les paniers que j' aime beaucoup n' est pas important <eos>,12,important,importante,10,M,P,important,-7.8780565,importante,-12.024655,1
9774,S_NOUN_7_ADJ_b,M,S,le collier avec les paniers que j' aime beaucoup n' est pas court <eos>,12,court,courte,10,M,P,court,-9.009964,courte,-12.953508,1
9775,S_NOUN_7_ADJ_b,M,S,le collier avec les paniers que j' aime beaucoup n' est pas dur <eos>,12,dur,dure,10,M,P,dur,-9.276875,dure,-12.03161,1
9776,S_NOUN_7_ADJ_b,M,S,le collier avec les paniers que j' aime beaucoup n' est pas clair <eos>,12,clair,claire,10,M,P,clair,-3.8337529,claire,-8.352192,1
9777,S_NOUN_7_ADJ_b,M,S,le collier avec les paniers que j' aime beaucoup n' est pas intéressant <eos>,12,intéressant,intéressante,10,M,P,intéressant,-8.24603,intéressante,-12.832519,1
9778,S_NOUN_7_ADJ_b,M,S,le collier avec les paniers que j' aime beaucoup n' est pas brillant <eos>,12,brillant,brillante,10,M,P,brillant,-7.1164,brillante,-12.0863495,1
9779,S_NOUN_7_ADJ_b,M,S,le collier avec les paniers que j' aime beaucoup n' est pas compliqué <eos>,12,compliqué,compliquée,10,M,P,compliqué,-9.341077,compliquée,-13.716317,1
9780,S_NOUN_7_ADJ_b,M,S,le collier avec les colliers que j' aime beaucoup n' est pas vert <eos>,12,vert,verte,10,M,P,vert,-8.328602,verte,-12.193295,1
9781,S_NOUN_7_ADJ_b,M,S,le collier avec les colliers que j' aime beaucoup n' est pas bleu <eos>,12,bleu,bleue,10,M,P,bleu,-7.024523,bleue,-11.734809,1
9782,S_NOUN_7_ADJ_b,M,S,le collier avec les colliers que j' aime beaucoup n' est pas noir <eos>,12,noir,noire,10,M,P,noir,-5.209717,noire,-11.928597,1
9783,S_NOUN_7_ADJ_b,M,S,le collier avec les colliers que j' aime beaucoup n' est pas délicat <eos>,12,délicat,délicate,10,M,P,délicat,-9.495737,délicate,-14.640604,1
9784,S_NOUN_7_ADJ_b,M,S,le collier avec les colliers que j' aime beaucoup n' est pas pointu <eos>,12,pointu,pointue,10,M,P,pointu,-8.990469,pointue,-14.970663,1
9785,S_NOUN_7_ADJ_b,M,S,le collier avec les colliers que j' aime beaucoup n' est pas rond <eos>,12,rond,ronde,10,M,P,rond,-6.1016555,ronde,-12.113062,1
9786,S_NOUN_7_ADJ_b,M,S,le collier avec les colliers que j' aime beaucoup n' est pas froid <eos>,12,froid,froide,10,M,P,froid,-10.26385,froide,-15.7315,1
9787,S_NOUN_7_ADJ_b,M,S,le collier avec les colliers que j' aime beaucoup n' est pas chaud <eos>,12,chaud,chaude,10,M,P,chaud,-9.854796,chaude,-15.719456,1
9788,S_NOUN_7_ADJ_b,M,S,le collier avec les colliers que j' aime beaucoup n' est pas important <eos>,12,important,importante,10,M,P,important,-8.3143835,importante,-12.572128,1
9789,S_NOUN_7_ADJ_b,M,S,le collier avec les colliers que j' aime beaucoup n' est pas court <eos>,12,court,courte,10,M,P,court,-9.448183,courte,-13.296701,1
9790,S_NOUN_7_ADJ_b,M,S,le collier avec les colliers que j' aime beaucoup n' est pas dur <eos>,12,dur,dure,10,M,P,dur,-9.2014265,dure,-12.38925,1
9791,S_NOUN_7_ADJ_b,M,S,le collier avec les colliers que j' aime beaucoup n' est pas clair <eos>,12,clair,claire,10,M,P,clair,-4.1199646,claire,-8.404315,1
9792,S_NOUN_7_ADJ_b,M,S,le collier avec les colliers que j' aime beaucoup n' est pas intéressant <eos>,12,intéressant,intéressante,10,M,P,intéressant,-8.388108,intéressante,-13.182718,1
9793,S_NOUN_7_ADJ_b,M,S,le collier avec les colliers que j' aime beaucoup n' est pas brillant <eos>,12,brillant,brillante,10,M,P,brillant,-6.907599,brillante,-11.935093,1
9794,S_NOUN_7_ADJ_b,M,S,le collier avec les colliers que j' aime beaucoup n' est pas compliqué <eos>,12,compliqué,compliquée,10,M,P,compliqué,-9.172888,compliquée,-13.5155525,1
9795,S_NOUN_7_ADJ_b,M,S,le collier avec les chapeaux que j' aime beaucoup n' est pas vert <eos>,12,vert,verte,10,M,P,vert,-7.839946,verte,-12.0604725,1
9796,S_NOUN_7_ADJ_b,M,S,le collier avec les chapeaux que j' aime beaucoup n' est pas bleu <eos>,12,bleu,bleue,10,M,P,bleu,-6.5234137,bleue,-11.469085,1
9797,S_NOUN_7_ADJ_b,M,S,le collier avec les chapeaux que j' aime beaucoup n' est pas noir <eos>,12,noir,noire,10,M,P,noir,-4.6400967,noire,-11.812807,1
9798,S_NOUN_7_ADJ_b,M,S,le collier avec les chapeaux que j' aime beaucoup n' est pas délicat <eos>,12,délicat,délicate,10,M,P,délicat,-9.282405,délicate,-14.836518,1
9799,S_NOUN_7_ADJ_b,M,S,le collier avec les chapeaux que j' aime beaucoup n' est pas pointu <eos>,12,pointu,pointue,10,M,P,pointu,-8.859754,pointue,-14.8086,1
9800,S_NOUN_7_ADJ_b,M,S,le collier avec les chapeaux que j' aime beaucoup n' est pas rond <eos>,12,rond,ronde,10,M,P,rond,-5.5123687,ronde,-11.775785,1
9801,S_NOUN_7_ADJ_b,M,S,le collier avec les chapeaux que j' aime beaucoup n' est pas froid <eos>,12,froid,froide,10,M,P,froid,-9.652406,froide,-15.495039,1
9802,S_NOUN_7_ADJ_b,M,S,le collier avec les chapeaux que j' aime beaucoup n' est pas chaud <eos>,12,chaud,chaude,10,M,P,chaud,-9.344812,chaude,-15.321516,1
9803,S_NOUN_7_ADJ_b,M,S,le collier avec les chapeaux que j' aime beaucoup n' est pas important <eos>,12,important,importante,10,M,P,important,-8.361547,importante,-12.568991,1
9804,S_NOUN_7_ADJ_b,M,S,le collier avec les chapeaux que j' aime beaucoup n' est pas court <eos>,12,court,courte,10,M,P,court,-8.911957,courte,-13.309439,1
9805,S_NOUN_7_ADJ_b,M,S,le collier avec les chapeaux que j' aime beaucoup n' est pas dur <eos>,12,dur,dure,10,M,P,dur,-9.214997,dure,-11.937382,1
9806,S_NOUN_7_ADJ_b,M,S,le collier avec les chapeaux que j' aime beaucoup n' est pas clair <eos>,12,clair,claire,10,M,P,clair,-3.7422552,claire,-8.282608,1
9807,S_NOUN_7_ADJ_b,M,S,le collier avec les chapeaux que j' aime beaucoup n' est pas intéressant <eos>,12,intéressant,intéressante,10,M,P,intéressant,-8.31663,intéressante,-13.337584,1
9808,S_NOUN_7_ADJ_b,M,S,le collier avec les chapeaux que j' aime beaucoup n' est pas brillant <eos>,12,brillant,brillante,10,M,P,brillant,-7.1034994,brillante,-12.154636,1
9809,S_NOUN_7_ADJ_b,M,S,le collier avec les chapeaux que j' aime beaucoup n' est pas compliqué <eos>,12,compliqué,compliquée,10,M,P,compliqué,-9.491843,compliquée,-13.925248,1
9810,S_NOUN_7_ADJ_b,M,S,le collier avec les pots que j' aime beaucoup n' est pas vert <eos>,12,vert,verte,10,M,P,vert,-8.058655,verte,-12.299149,1
9811,S_NOUN_7_ADJ_b,M,S,le collier avec les pots que j' aime beaucoup n' est pas bleu <eos>,12,bleu,bleue,10,M,P,bleu,-6.9500456,bleue,-11.491562,1
9812,S_NOUN_7_ADJ_b,M,S,le collier avec les pots que j' aime beaucoup n' est pas noir <eos>,12,noir,noire,10,M,P,noir,-5.098732,noire,-12.021086,1
9813,S_NOUN_7_ADJ_b,M,S,le collier avec les pots que j' aime beaucoup n' est pas délicat <eos>,12,délicat,délicate,10,M,P,délicat,-9.4582405,délicate,-14.569683,1
9814,S_NOUN_7_ADJ_b,M,S,le collier avec les pots que j' aime beaucoup n' est pas pointu <eos>,12,pointu,pointue,10,M,P,pointu,-9.906161,pointue,-15.520983,1
9815,S_NOUN_7_ADJ_b,M,S,le collier avec les pots que j' aime beaucoup n' est pas rond <eos>,12,rond,ronde,10,M,P,rond,-6.106661,ronde,-12.109934,1
9816,S_NOUN_7_ADJ_b,M,S,le collier avec les pots que j' aime beaucoup n' est pas froid <eos>,12,froid,froide,10,M,P,froid,-9.341963,froide,-14.419231,1
9817,S_NOUN_7_ADJ_b,M,S,le collier avec les pots que j' aime beaucoup n' est pas chaud <eos>,12,chaud,chaude,10,M,P,chaud,-8.955399,chaude,-14.150677,1
9818,S_NOUN_7_ADJ_b,M,S,le collier avec les pots que j' aime beaucoup n' est pas important <eos>,12,important,importante,10,M,P,important,-8.440176,importante,-12.615141,1
9819,S_NOUN_7_ADJ_b,M,S,le collier avec les pots que j' aime beaucoup n' est pas court <eos>,12,court,courte,10,M,P,court,-10.02855,courte,-13.702782,1
9820,S_NOUN_7_ADJ_b,M,S,le collier avec les pots que j' aime beaucoup n' est pas dur <eos>,12,dur,dure,10,M,P,dur,-9.309519,dure,-11.950119,1
9821,S_NOUN_7_ADJ_b,M,S,le collier avec les pots que j' aime beaucoup n' est pas clair <eos>,12,clair,claire,10,M,P,clair,-3.8430774,claire,-8.09571,1
9822,S_NOUN_7_ADJ_b,M,S,le collier avec les pots que j' aime beaucoup n' est pas intéressant <eos>,12,intéressant,intéressante,10,M,P,intéressant,-8.608244,intéressante,-12.46751,1
9823,S_NOUN_7_ADJ_b,M,S,le collier avec les pots que j' aime beaucoup n' est pas brillant <eos>,12,brillant,brillante,10,M,P,brillant,-7.4779096,brillante,-12.440002,1
9824,S_NOUN_7_ADJ_b,M,S,le collier avec les pots que j' aime beaucoup n' est pas compliqué <eos>,12,compliqué,compliquée,10,M,P,compliqué,-9.402353,compliquée,-13.641932,1
9825,S_NOUN_7_ADJ_b,M,S,le collier avec les coussins que j' aime beaucoup n' est pas vert <eos>,12,vert,verte,10,M,P,vert,-8.095881,verte,-11.740112,1
9826,S_NOUN_7_ADJ_b,M,S,le collier avec les coussins que j' aime beaucoup n' est pas bleu <eos>,12,bleu,bleue,10,M,P,bleu,-6.881272,bleue,-11.242184,1
9827,S_NOUN_7_ADJ_b,M,S,le collier avec les coussins que j' aime beaucoup n' est pas noir <eos>,12,noir,noire,10,M,P,noir,-4.822339,noire,-11.753926,1
9828,S_NOUN_7_ADJ_b,M,S,le collier avec les coussins que j' aime beaucoup n' est pas délicat <eos>,12,délicat,délicate,10,M,P,délicat,-9.4364605,délicate,-14.187124,1
9829,S_NOUN_7_ADJ_b,M,S,le collier avec les coussins que j' aime beaucoup n' est pas pointu <eos>,12,pointu,pointue,10,M,P,pointu,-8.803808,pointue,-14.665299,1
9830,S_NOUN_7_ADJ_b,M,S,le collier avec les coussins que j' aime beaucoup n' est pas rond <eos>,12,rond,ronde,10,M,P,rond,-5.3415365,ronde,-12.151365,1
9831,S_NOUN_7_ADJ_b,M,S,le collier avec les coussins que j' aime beaucoup n' est pas froid <eos>,12,froid,froide,10,M,P,froid,-9.865511,froide,-15.195499,1
9832,S_NOUN_7_ADJ_b,M,S,le collier avec les coussins que j' aime beaucoup n' est pas chaud <eos>,12,chaud,chaude,10,M,P,chaud,-9.1874275,chaude,-14.945608,1
9833,S_NOUN_7_ADJ_b,M,S,le collier avec les coussins que j' aime beaucoup n' est pas important <eos>,12,important,importante,10,M,P,important,-8.342815,importante,-12.398436,1
9834,S_NOUN_7_ADJ_b,M,S,le collier avec les coussins que j' aime beaucoup n' est pas court <eos>,12,court,courte,10,M,P,court,-9.20101,courte,-13.181769,1
9835,S_NOUN_7_ADJ_b,M,S,le collier avec les coussins que j' aime beaucoup n' est pas dur <eos>,12,dur,dure,10,M,P,dur,-9.232063,dure,-11.975539,1
9836,S_NOUN_7_ADJ_b,M,S,le collier avec les coussins que j' aime beaucoup n' est pas clair <eos>,12,clair,claire,10,M,P,clair,-3.9521258,claire,-7.8380575,1
9837,S_NOUN_7_ADJ_b,M,S,le collier avec les coussins que j' aime beaucoup n' est pas intéressant <eos>,12,intéressant,intéressante,10,M,P,intéressant,-8.625847,intéressante,-12.485576,1
9838,S_NOUN_7_ADJ_b,M,S,le collier avec les coussins que j' aime beaucoup n' est pas brillant <eos>,12,brillant,brillante,10,M,P,brillant,-6.8607416,brillante,-11.754764,1
9839,S_NOUN_7_ADJ_b,M,S,le collier avec les coussins que j' aime beaucoup n' est pas compliqué <eos>,12,compliqué,compliquée,10,M,P,compliqué,-9.63999,compliquée,-13.230776,1
9840,S_NOUN_7_ADJ_b,M,S,le collier avec les jouets que j' aime beaucoup n' est pas vert <eos>,12,vert,verte,10,M,P,vert,-9.099156,verte,-12.79365,1
9841,S_NOUN_7_ADJ_b,M,S,le collier avec les jouets que j' aime beaucoup n' est pas bleu <eos>,12,bleu,bleue,10,M,P,bleu,-7.910262,bleue,-12.121163,1
9842,S_NOUN_7_ADJ_b,M,S,le collier avec les jouets que j' aime beaucoup n' est pas noir <eos>,12,noir,noire,10,M,P,noir,-5.57795,noire,-12.317741,1
9843,S_NOUN_7_ADJ_b,M,S,le collier avec les jouets que j' aime beaucoup n' est pas délicat <eos>,12,délicat,délicate,10,M,P,délicat,-10.148987,délicate,-15.125092,1
9844,S_NOUN_7_ADJ_b,M,S,le collier avec les jouets que j' aime beaucoup n' est pas pointu <eos>,12,pointu,pointue,10,M,P,pointu,-9.826267,pointue,-15.466393,1
9845,S_NOUN_7_ADJ_b,M,S,le collier avec les jouets que j' aime beaucoup n' est pas rond <eos>,12,rond,ronde,10,M,P,rond,-6.15742,ronde,-12.418418,1
9846,S_NOUN_7_ADJ_b,M,S,le collier avec les jouets que j' aime beaucoup n' est pas froid <eos>,12,froid,froide,10,M,P,froid,-9.396372,froide,-14.859354,1
9847,S_NOUN_7_ADJ_b,M,S,le collier avec les jouets que j' aime beaucoup n' est pas chaud <eos>,12,chaud,chaude,10,M,P,chaud,-9.05859,chaude,-14.556211,1
9848,S_NOUN_7_ADJ_b,M,S,le collier avec les jouets que j' aime beaucoup n' est pas important <eos>,12,important,importante,10,M,P,important,-8.133434,importante,-12.339462,1
9849,S_NOUN_7_ADJ_b,M,S,le collier avec les jouets que j' aime beaucoup n' est pas court <eos>,12,court,courte,10,M,P,court,-9.457099,courte,-13.464655,1
9850,S_NOUN_7_ADJ_b,M,S,le collier avec les jouets que j' aime beaucoup n' est pas dur <eos>,12,dur,dure,10,M,P,dur,-9.38375,dure,-12.151944,1
9851,S_NOUN_7_ADJ_b,M,S,le collier avec les jouets que j' aime beaucoup n' est pas clair <eos>,12,clair,claire,10,M,P,clair,-4.555744,claire,-8.37562,1
9852,S_NOUN_7_ADJ_b,M,S,le collier avec les jouets que j' aime beaucoup n' est pas intéressant <eos>,12,intéressant,intéressante,10,M,P,intéressant,-8.322391,intéressante,-12.078347,1
9853,S_NOUN_7_ADJ_b,M,S,le collier avec les jouets que j' aime beaucoup n' est pas brillant <eos>,12,brillant,brillante,10,M,P,brillant,-8.066658,brillante,-12.863779,1
9854,S_NOUN_7_ADJ_b,M,S,le collier avec les jouets que j' aime beaucoup n' est pas compliqué <eos>,12,compliqué,compliquée,10,M,P,compliqué,-9.652348,compliquée,-13.16518,1
9855,S_NOUN_7_ADJ_b,M,S,le collier avec les clous que j' aime beaucoup n' est pas vert <eos>,12,vert,verte,10,M,P,vert,-8.216357,verte,-12.609573,1
9856,S_NOUN_7_ADJ_b,M,S,le collier avec les clous que j' aime beaucoup n' est pas bleu <eos>,12,bleu,bleue,10,M,P,bleu,-7.3046594,bleue,-12.524033,1
9857,S_NOUN_7_ADJ_b,M,S,le collier avec les clous que j' aime beaucoup n' est pas noir <eos>,12,noir,noire,10,M,P,noir,-5.320342,noire,-12.270167,1
9858,S_NOUN_7_ADJ_b,M,S,le collier avec les clous que j' aime beaucoup n' est pas délicat <eos>,12,délicat,délicate,10,M,P,délicat,-9.104938,délicate,-14.314658,1
9859,S_NOUN_7_ADJ_b,M,S,le collier avec les clous que j' aime beaucoup n' est pas pointu <eos>,12,pointu,pointue,10,M,P,pointu,-8.591237,pointue,-14.483246,1
9860,S_NOUN_7_ADJ_b,M,S,le collier avec les clous que j' aime beaucoup n' est pas rond <eos>,12,rond,ronde,10,M,P,rond,-5.3681154,ronde,-12.344251,1
9861,S_NOUN_7_ADJ_b,M,S,le collier avec les clous que j' aime beaucoup n' est pas froid <eos>,12,froid,froide,10,M,P,froid,-10.243384,froide,-16.315287,1
9862,S_NOUN_7_ADJ_b,M,S,le collier avec les clous que j' aime beaucoup n' est pas chaud <eos>,12,chaud,chaude,10,M,P,chaud,-9.61072,chaude,-15.345553,1
9863,S_NOUN_7_ADJ_b,M,S,le collier avec les clous que j' aime beaucoup n' est pas important <eos>,12,important,importante,10,M,P,important,-8.004487,importante,-12.261463,1
9864,S_NOUN_7_ADJ_b,M,S,le collier avec les clous que j' aime beaucoup n' est pas court <eos>,12,court,courte,10,M,P,court,-8.888627,courte,-13.176062,1
9865,S_NOUN_7_ADJ_b,M,S,le collier avec les clous que j' aime beaucoup n' est pas dur <eos>,12,dur,dure,10,M,P,dur,-9.206669,dure,-11.992633,1
9866,S_NOUN_7_ADJ_b,M,S,le collier avec les clous que j' aime beaucoup n' est pas clair <eos>,12,clair,claire,10,M,P,clair,-4.1276035,claire,-8.51022,1
9867,S_NOUN_7_ADJ_b,M,S,le collier avec les clous que j' aime beaucoup n' est pas intéressant <eos>,12,intéressant,intéressante,10,M,P,intéressant,-8.384233,intéressante,-13.235045,1
9868,S_NOUN_7_ADJ_b,M,S,le collier avec les clous que j' aime beaucoup n' est pas brillant <eos>,12,brillant,brillante,10,M,P,brillant,-7.2288103,brillante,-12.902758,1
9869,S_NOUN_7_ADJ_b,M,S,le collier avec les clous que j' aime beaucoup n' est pas compliqué <eos>,12,compliqué,compliquée,10,M,P,compliqué,-9.523995,compliquée,-13.889398,1
9870,S_NOUN_7_ADJ_b,M,S,le collier avec les billets que j' aime beaucoup n' est pas vert <eos>,12,vert,verte,10,M,P,vert,-8.898355,verte,-12.788701,1
9871,S_NOUN_7_ADJ_b,M,S,le collier avec les billets que j' aime beaucoup n' est pas bleu <eos>,12,bleu,bleue,10,M,P,bleu,-7.725667,bleue,-12.239366,1
9872,S_NOUN_7_ADJ_b,M,S,le collier avec les billets que j' aime beaucoup n' est pas noir <eos>,12,noir,noire,10,M,P,noir,-5.451434,noire,-12.487131,1
9873,S_NOUN_7_ADJ_b,M,S,le collier avec les billets que j' aime beaucoup n' est pas délicat <eos>,12,délicat,délicate,10,M,P,délicat,-10.181998,délicate,-16.130249,1
9874,S_NOUN_7_ADJ_b,M,S,le collier avec les billets que j' aime beaucoup n' est pas pointu <eos>,12,pointu,pointue,10,M,P,pointu,-9.922333,pointue,-15.870458,1
9875,S_NOUN_7_ADJ_b,M,S,le collier avec les billets que j' aime beaucoup n' est pas rond <eos>,12,rond,ronde,10,M,P,rond,-6.520993,ronde,-11.903853,1
9876,S_NOUN_7_ADJ_b,M,S,le collier avec les billets que j' aime beaucoup n' est pas froid <eos>,12,froid,froide,10,M,P,froid,-10.279262,froide,-15.4708185,1
9877,S_NOUN_7_ADJ_b,M,S,le collier avec les billets que j' aime beaucoup n' est pas chaud <eos>,12,chaud,chaude,10,M,P,chaud,-9.670261,chaude,-14.915851,1
9878,S_NOUN_7_ADJ_b,M,S,le collier avec les billets que j' aime beaucoup n' est pas important <eos>,12,important,importante,10,M,P,important,-7.926095,importante,-12.008121,1
9879,S_NOUN_7_ADJ_b,M,S,le collier avec les billets que j' aime beaucoup n' est pas court <eos>,12,court,courte,10,M,P,court,-9.15488,courte,-13.390127,1
9880,S_NOUN_7_ADJ_b,M,S,le collier avec les billets que j' aime beaucoup n' est pas dur <eos>,12,dur,dure,10,M,P,dur,-9.667709,dure,-12.388226,1
9881,S_NOUN_7_ADJ_b,M,S,le collier avec les billets que j' aime beaucoup n' est pas clair <eos>,12,clair,claire,10,M,P,clair,-4.784485,claire,-9.283709,1
9882,S_NOUN_7_ADJ_b,M,S,le collier avec les billets que j' aime beaucoup n' est pas intéressant <eos>,12,intéressant,intéressante,10,M,P,intéressant,-8.406321,intéressante,-12.712076,1
9883,S_NOUN_7_ADJ_b,M,S,le collier avec les billets que j' aime beaucoup n' est pas brillant <eos>,12,brillant,brillante,10,M,P,brillant,-8.390594,brillante,-12.685579,1
9884,S_NOUN_7_ADJ_b,M,S,le collier avec les billets que j' aime beaucoup n' est pas compliqué <eos>,12,compliqué,compliquée,10,M,P,compliqué,-9.786365,compliquée,-14.686669,1
9885,S_NOUN_7_ADJ_b,M,S,le collier avec les légumes que j' aime beaucoup n' est pas vert <eos>,12,vert,verte,10,M,P,vert,-8.180752,verte,-12.479565,1
9886,S_NOUN_7_ADJ_b,M,S,le collier avec les légumes que j' aime beaucoup n' est pas bleu <eos>,12,bleu,bleue,10,M,P,bleu,-7.408079,bleue,-12.161933,1
9887,S_NOUN_7_ADJ_b,M,S,le collier avec les légumes que j' aime beaucoup n' est pas noir <eos>,12,noir,noire,10,M,P,noir,-5.3571215,noire,-12.611665,1
9888,S_NOUN_7_ADJ_b,M,S,le collier avec les légumes que j' aime beaucoup n' est pas délicat <eos>,12,délicat,délicate,10,M,P,délicat,-8.5471735,délicate,-14.078108,1
9889,S_NOUN_7_ADJ_b,M,S,le collier avec les légumes que j' aime beaucoup n' est pas pointu <eos>,12,pointu,pointue,10,M,P,pointu,-9.639003,pointue,-15.516461,1
9890,S_NOUN_7_ADJ_b,M,S,le collier avec les légumes que j' aime beaucoup n' est pas rond <eos>,12,rond,ronde,10,M,P,rond,-6.1080694,ronde,-12.192384,1
9891,S_NOUN_7_ADJ_b,M,S,le collier avec les légumes que j' aime beaucoup n' est pas froid <eos>,12,froid,froide,10,M,P,froid,-8.822123,froide,-14.552338,1
9892,S_NOUN_7_ADJ_b,M,S,le collier avec les légumes que j' aime beaucoup n' est pas chaud <eos>,12,chaud,chaude,10,M,P,chaud,-8.204163,chaude,-14.174782,1
9893,S_NOUN_7_ADJ_b,M,S,le collier avec les légumes que j' aime beaucoup n' est pas important <eos>,12,important,importante,10,M,P,important,-7.9332833,importante,-12.108583,1
9894,S_NOUN_7_ADJ_b,M,S,le collier avec les légumes que j' aime beaucoup n' est pas court <eos>,12,court,courte,10,M,P,court,-9.716632,courte,-13.506235,1
9895,S_NOUN_7_ADJ_b,M,S,le collier avec les légumes que j' aime beaucoup n' est pas dur <eos>,12,dur,dure,10,M,P,dur,-8.780572,dure,-11.93795,1
9896,S_NOUN_7_ADJ_b,M,S,le collier avec les légumes que j' aime beaucoup n' est pas clair <eos>,12,clair,claire,10,M,P,clair,-3.5242522,claire,-8.080181,1
9897,S_NOUN_7_ADJ_b,M,S,le collier avec les légumes que j' aime beaucoup n' est pas intéressant <eos>,12,intéressant,intéressante,10,M,P,intéressant,-8.006584,intéressante,-11.591333,1
9898,S_NOUN_7_ADJ_b,M,S,le collier avec les légumes que j' aime beaucoup n' est pas brillant <eos>,12,brillant,brillante,10,M,P,brillant,-7.1416416,brillante,-12.482903,1
9899,S_NOUN_7_ADJ_b,M,S,le collier avec les légumes que j' aime beaucoup n' est pas compliqué <eos>,12,compliqué,compliquée,10,M,P,compliqué,-9.241814,compliquée,-13.515008,1
9900,S_NOUN_7_ADJ_b,M,S,le chapeau avec les bracelets que j' aime beaucoup n' est pas vert <eos>,12,vert,verte,10,M,P,vert,-7.900478,verte,-11.649752,1
9901,S_NOUN_7_ADJ_b,M,S,le chapeau avec les bracelets que j' aime beaucoup n' est pas bleu <eos>,12,bleu,bleue,10,M,P,bleu,-6.8979445,bleue,-11.601161,1
9902,S_NOUN_7_ADJ_b,M,S,le chapeau avec les bracelets que j' aime beaucoup n' est pas noir <eos>,12,noir,noire,10,M,P,noir,-4.7522964,noire,-11.296947,1
9903,S_NOUN_7_ADJ_b,M,S,le chapeau avec les bracelets que j' aime beaucoup n' est pas délicat <eos>,12,délicat,délicate,10,M,P,délicat,-9.767494,délicate,-14.27301,1
9904,S_NOUN_7_ADJ_b,M,S,le chapeau avec les bracelets que j' aime beaucoup n' est pas pointu <eos>,12,pointu,pointue,10,M,P,pointu,-8.205043,pointue,-13.683804,1
9905,S_NOUN_7_ADJ_b,M,S,le chapeau avec les bracelets que j' aime beaucoup n' est pas rond <eos>,12,rond,ronde,10,M,P,rond,-5.4718647,ronde,-11.751013,1
9906,S_NOUN_7_ADJ_b,M,S,le chapeau avec les bracelets que j' aime beaucoup n' est pas froid <eos>,12,froid,froide,10,M,P,froid,-9.3845825,froide,-14.416598,1
9907,S_NOUN_7_ADJ_b,M,S,le chapeau avec les bracelets que j' aime beaucoup n' est pas chaud <eos>,12,chaud,chaude,10,M,P,chaud,-9.0142565,chaude,-14.144035,1
9908,S_NOUN_7_ADJ_b,M,S,le chapeau avec les bracelets que j' aime beaucoup n' est pas important <eos>,12,important,importante,10,M,P,important,-8.68913,importante,-12.452162,1
9909,S_NOUN_7_ADJ_b,M,S,le chapeau avec les bracelets que j' aime beaucoup n' est pas court <eos>,12,court,courte,10,M,P,court,-8.231353,courte,-12.126904,1
9910,S_NOUN_7_ADJ_b,M,S,le chapeau avec les bracelets que j' aime beaucoup n' est pas dur <eos>,12,dur,dure,10,M,P,dur,-8.11337,dure,-11.33295,1
9911,S_NOUN_7_ADJ_b,M,S,le chapeau avec les bracelets que j' aime beaucoup n' est pas clair <eos>,12,clair,claire,10,M,P,clair,-4.60258,claire,-8.238513,1
9912,S_NOUN_7_ADJ_b,M,S,le chapeau avec les bracelets que j' aime beaucoup n' est pas intéressant <eos>,12,intéressant,intéressante,10,M,P,intéressant,-8.888865,intéressante,-13.78825,1
9913,S_NOUN_7_ADJ_b,M,S,le chapeau avec les bracelets que j' aime beaucoup n' est pas brillant <eos>,12,brillant,brillante,10,M,P,brillant,-6.2931232,brillante,-10.73589,1
9914,S_NOUN_7_ADJ_b,M,S,le chapeau avec les bracelets que j' aime beaucoup n' est pas compliqué <eos>,12,compliqué,compliquée,10,M,P,compliqué,-9.4476795,compliquée,-13.3871155,1
9915,S_NOUN_7_ADJ_b,M,S,le chapeau avec les miroirs que j' aime beaucoup n' est pas vert <eos>,12,vert,verte,10,M,P,vert,-7.656232,verte,-10.830144,1
9916,S_NOUN_7_ADJ_b,M,S,le chapeau avec les miroirs que j' aime beaucoup n' est pas bleu <eos>,12,bleu,bleue,10,M,P,bleu,-6.653681,bleue,-11.356081,1
9917,S_NOUN_7_ADJ_b,M,S,le chapeau avec les miroirs que j' aime beaucoup n' est pas noir <eos>,12,noir,noire,10,M,P,noir,-4.7033095,noire,-11.060396,1
9918,S_NOUN_7_ADJ_b,M,S,le chapeau avec les miroirs que j' aime beaucoup n' est pas délicat <eos>,12,délicat,délicate,10,M,P,délicat,-9.414327,délicate,-14.052014,1
9919,S_NOUN_7_ADJ_b,M,S,le chapeau avec les miroirs que j' aime beaucoup n' est pas pointu <eos>,12,pointu,pointue,10,M,P,pointu,-8.544469,pointue,-13.932176,1
9920,S_NOUN_7_ADJ_b,M,S,le chapeau avec les miroirs que j' aime beaucoup n' est pas rond <eos>,12,rond,ronde,10,M,P,rond,-5.542161,ronde,-12.144401,1
9921,S_NOUN_7_ADJ_b,M,S,le chapeau avec les miroirs que j' aime beaucoup n' est pas froid <eos>,12,froid,froide,10,M,P,froid,-9.598006,froide,-13.676244,1
9922,S_NOUN_7_ADJ_b,M,S,le chapeau avec les miroirs que j' aime beaucoup n' est pas chaud <eos>,12,chaud,chaude,10,M,P,chaud,-8.820473,chaude,-13.440701,1
9923,S_NOUN_7_ADJ_b,M,S,le chapeau avec les miroirs que j' aime beaucoup n' est pas important <eos>,12,important,importante,10,M,P,important,-8.939911,importante,-12.690924,1
9924,S_NOUN_7_ADJ_b,M,S,le chapeau avec les miroirs que j' aime beaucoup n' est pas court <eos>,12,court,courte,10,M,P,court,-8.827624,courte,-12.792324,1
9925,S_NOUN_7_ADJ_b,M,S,le chapeau avec les miroirs que j' aime beaucoup n' est pas dur <eos>,12,dur,dure,10,M,P,dur,-8.043603,dure,-11.507314,1
9926,S_NOUN_7_ADJ_b,M,S,le chapeau avec les miroirs que j' aime beaucoup n' est pas clair <eos>,12,clair,claire,10,M,P,clair,-4.4063654,claire,-7.9424725,1
9927,S_NOUN_7_ADJ_b,M,S,le chapeau avec les miroirs que j' aime beaucoup n' est pas intéressant <eos>,12,intéressant,intéressante,10,M,P,intéressant,-8.862654,intéressante,-13.534308,1
9928,S_NOUN_7_ADJ_b,M,S,le chapeau avec les miroirs que j' aime beaucoup n' est pas brillant <eos>,12,brillant,brillante,10,M,P,brillant,-5.8613253,brillante,-10.391111,1
9929,S_NOUN_7_ADJ_b,M,S,le chapeau avec les miroirs que j' aime beaucoup n' est pas compliqué <eos>,12,compliqué,compliquée,10,M,P,compliqué,-9.775086,compliquée,-13.87963,1
9930,S_NOUN_7_ADJ_b,M,S,le chapeau avec les crayons que j' aime beaucoup n' est pas vert <eos>,12,vert,verte,10,M,P,vert,-7.415351,verte,-11.822489,1
9931,S_NOUN_7_ADJ_b,M,S,le chapeau avec les crayons que j' aime beaucoup n' est pas bleu <eos>,12,bleu,bleue,10,M,P,bleu,-6.5131073,bleue,-11.631254,1
9932,S_NOUN_7_ADJ_b,M,S,le chapeau avec les crayons que j' aime beaucoup n' est pas noir <eos>,12,noir,noire,10,M,P,noir,-4.6940494,noire,-11.878021,1
9933,S_NOUN_7_ADJ_b,M,S,le chapeau avec les crayons que j' aime beaucoup n' est pas délicat <eos>,12,délicat,délicate,10,M,P,délicat,-9.319826,délicate,-14.077472,1
9934,S_NOUN_7_ADJ_b,M,S,le chapeau avec les crayons que j' aime beaucoup n' est pas pointu <eos>,12,pointu,pointue,10,M,P,pointu,-10.044689,pointue,-14.98035,1
9935,S_NOUN_7_ADJ_b,M,S,le chapeau avec les crayons que j' aime beaucoup n' est pas rond <eos>,12,rond,ronde,10,M,P,rond,-5.591453,ronde,-12.745136,1
9936,S_NOUN_7_ADJ_b,M,S,le chapeau avec les crayons que j' aime beaucoup n' est pas froid <eos>,12,froid,froide,10,M,P,froid,-9.34031,froide,-14.094583,1
9937,S_NOUN_7_ADJ_b,M,S,le chapeau avec les crayons que j' aime beaucoup n' est pas chaud <eos>,12,chaud,chaude,10,M,P,chaud,-8.441518,chaude,-13.816368,1
9938,S_NOUN_7_ADJ_b,M,S,le chapeau avec les crayons que j' aime beaucoup n' est pas important <eos>,12,important,importante,10,M,P,important,-8.3501425,importante,-12.1038265,1
9939,S_NOUN_7_ADJ_b,M,S,le chapeau avec les crayons que j' aime beaucoup n' est pas court <eos>,12,court,courte,10,M,P,court,-8.93273,courte,-12.896801,1
9940,S_NOUN_7_ADJ_b,M,S,le chapeau avec les crayons que j' aime beaucoup n' est pas dur <eos>,12,dur,dure,10,M,P,dur,-8.129143,dure,-11.30538,1
9941,S_NOUN_7_ADJ_b,M,S,le chapeau avec les crayons que j' aime beaucoup n' est pas clair <eos>,12,clair,claire,10,M,P,clair,-4.0434856,claire,-7.9815826,1
9942,S_NOUN_7_ADJ_b,M,S,le chapeau avec les crayons que j' aime beaucoup n' est pas intéressant <eos>,12,intéressant,intéressante,10,M,P,intéressant,-8.5103855,intéressante,-12.833891,1
9943,S_NOUN_7_ADJ_b,M,S,le chapeau avec les crayons que j' aime beaucoup n' est pas brillant <eos>,12,brillant,brillante,10,M,P,brillant,-6.590027,brillante,-11.015492,1
9944,S_NOUN_7_ADJ_b,M,S,le chapeau avec les crayons que j' aime beaucoup n' est pas compliqué <eos>,12,compliqué,compliquée,10,M,P,compliqué,-10.218801,compliquée,-14.150168,1
9945,S_NOUN_7_ADJ_b,M,S,le chapeau avec les rideaux que j' aime beaucoup n' est pas vert <eos>,12,vert,verte,10,M,P,vert,-7.166296,verte,-11.525365,1
9946,S_NOUN_7_ADJ_b,M,S,le chapeau avec les rideaux que j' aime beaucoup n' est pas bleu <eos>,12,bleu,bleue,10,M,P,bleu,-6.296748,bleue,-11.172547,1
9947,S_NOUN_7_ADJ_b,M,S,le chapeau avec les rideaux que j' aime beaucoup n' est pas noir <eos>,12,noir,noire,10,M,P,noir,-4.235904,noire,-11.519487,1
9948,S_NOUN_7_ADJ_b,M,S,le chapeau avec les rideaux que j' aime beaucoup n' est pas délicat <eos>,12,délicat,délicate,10,M,P,délicat,-9.40647,délicate,-13.95278,1
9949,S_NOUN_7_ADJ_b,M,S,le chapeau avec les rideaux que j' aime beaucoup n' est pas pointu <eos>,12,pointu,pointue,10,M,P,pointu,-9.131662,pointue,-14.868263,1
9950,S_NOUN_7_ADJ_b,M,S,le chapeau avec les rideaux que j' aime beaucoup n' est pas rond <eos>,12,rond,ronde,10,M,P,rond,-4.9466887,ronde,-12.033102,1
9951,S_NOUN_7_ADJ_b,M,S,le chapeau avec les rideaux que j' aime beaucoup n' est pas froid <eos>,12,froid,froide,10,M,P,froid,-9.537926,froide,-13.641382,1
9952,S_NOUN_7_ADJ_b,M,S,le chapeau avec les rideaux que j' aime beaucoup n' est pas chaud <eos>,12,chaud,chaude,10,M,P,chaud,-8.607323,chaude,-13.652649,1
9953,S_NOUN_7_ADJ_b,M,S,le chapeau avec les rideaux que j' aime beaucoup n' est pas important <eos>,12,important,importante,10,M,P,important,-8.427544,importante,-12.440298,1
9954,S_NOUN_7_ADJ_b,M,S,le chapeau avec les rideaux que j' aime beaucoup n' est pas court <eos>,12,court,courte,10,M,P,court,-8.172602,courte,-12.371717,1
9955,S_NOUN_7_ADJ_b,M,S,le chapeau avec les rideaux que j' aime beaucoup n' est pas dur <eos>,12,dur,dure,10,M,P,dur,-7.7020063,dure,-10.581866,1
9956,S_NOUN_7_ADJ_b,M,S,le chapeau avec les rideaux que j' aime beaucoup n' est pas clair <eos>,12,clair,claire,10,M,P,clair,-4.0684867,claire,-8.0931835,1
9957,S_NOUN_7_ADJ_b,M,S,le chapeau avec les rideaux que j' aime beaucoup n' est pas intéressant <eos>,12,intéressant,intéressante,10,M,P,intéressant,-8.8871,intéressante,-13.620561,1
9958,S_NOUN_7_ADJ_b,M,S,le chapeau avec les rideaux que j' aime beaucoup n' est pas brillant <eos>,12,brillant,brillante,10,M,P,brillant,-6.3691063,brillante,-10.491161,1
9959,S_NOUN_7_ADJ_b,M,S,le chapeau avec les rideaux que j' aime beaucoup n' est pas compliqué <eos>,12,compliqué,compliquée,10,M,P,compliqué,-9.7892685,compliquée,-14.045588,1
9960,S_NOUN_7_ADJ_b,M,S,le chapeau avec les cahiers que j' aime beaucoup n' est pas vert <eos>,12,vert,verte,10,M,P,vert,-8.040369,verte,-12.324666,1
9961,S_NOUN_7_ADJ_b,M,S,le chapeau avec les cahiers que j' aime beaucoup n' est pas bleu <eos>,12,bleu,bleue,10,M,P,bleu,-6.964347,bleue,-11.972381,1
9962,S_NOUN_7_ADJ_b,M,S,le chapeau avec les cahiers que j' aime beaucoup n' est pas noir <eos>,12,noir,noire,10,M,P,noir,-4.9957724,noire,-12.559797,1
9963,S_NOUN_7_ADJ_b,M,S,le chapeau avec les cahiers que j' aime beaucoup n' est pas délicat <eos>,12,délicat,délicate,10,M,P,délicat,-9.72345,délicate,-15.203338,1
9964,S_NOUN_7_ADJ_b,M,S,le chapeau avec les cahiers que j' aime beaucoup n' est pas pointu <eos>,12,pointu,pointue,10,M,P,pointu,-9.724583,pointue,-14.929754,1
9965,S_NOUN_7_ADJ_b,M,S,le chapeau avec les cahiers que j' aime beaucoup n' est pas rond <eos>,12,rond,ronde,10,M,P,rond,-5.486893,ronde,-12.536274,1
9966,S_NOUN_7_ADJ_b,M,S,le chapeau avec les cahiers que j' aime beaucoup n' est pas froid <eos>,12,froid,froide,10,M,P,froid,-9.306467,froide,-14.752069,1
9967,S_NOUN_7_ADJ_b,M,S,le chapeau avec les cahiers que j' aime beaucoup n' est pas chaud <eos>,12,chaud,chaude,10,M,P,chaud,-8.715893,chaude,-14.487838,1
9968,S_NOUN_7_ADJ_b,M,S,le chapeau avec les cahiers que j' aime beaucoup n' est pas important <eos>,12,important,importante,10,M,P,important,-8.441304,importante,-12.638076,1
9969,S_NOUN_7_ADJ_b,M,S,le chapeau avec les cahiers que j' aime beaucoup n' est pas court <eos>,12,court,courte,10,M,P,court,-8.647361,courte,-12.839902,1
9970,S_NOUN_7_ADJ_b,M,S,le chapeau avec les cahiers que j' aime beaucoup n' est pas dur <eos>,12,dur,dure,10,M,P,dur,-8.355073,dure,-11.60191,1
9971,S_NOUN_7_ADJ_b,M,S,le chapeau avec les cahiers que j' aime beaucoup n' est pas clair <eos>,12,clair,claire,10,M,P,clair,-4.324358,claire,-8.71187,1
9972,S_NOUN_7_ADJ_b,M,S,le chapeau avec les cahiers que j' aime beaucoup n' est pas intéressant <eos>,12,intéressant,intéressante,10,M,P,intéressant,-8.351812,intéressante,-12.922439,1
9973,S_NOUN_7_ADJ_b,M,S,le chapeau avec les cahiers que j' aime beaucoup n' est pas brillant <eos>,12,brillant,brillante,10,M,P,brillant,-7.099662,brillante,-11.556619,1
9974,S_NOUN_7_ADJ_b,M,S,le chapeau avec les cahiers que j' aime beaucoup n' est pas compliqué <eos>,12,compliqué,compliquée,10,M,P,compliqué,-9.979904,compliquée,-14.288055,1
9975,S_NOUN_7_ADJ_b,M,S,le chapeau avec les micros que j' aime beaucoup n' est pas vert <eos>,12,vert,verte,10,M,P,vert,-8.509165,verte,-12.389006,1
9976,S_NOUN_7_ADJ_b,M,S,le chapeau avec les micros que j' aime beaucoup n' est pas bleu <eos>,12,bleu,bleue,10,M,P,bleu,-7.4424267,bleue,-12.117461,1
9977,S_NOUN_7_ADJ_b,M,S,le chapeau avec les micros que j' aime beaucoup n' est pas noir <eos>,12,noir,noire,10,M,P,noir,-5.3113956,noire,-12.135794,1
9978,S_NOUN_7_ADJ_b,M,S,le chapeau avec les micros que j' aime beaucoup n' est pas délicat <eos>,12,délicat,délicate,10,M,P,délicat,-9.736191,délicate,-15.049112,1
9979,S_NOUN_7_ADJ_b,M,S,le chapeau avec les micros que j' aime beaucoup n' est pas pointu <eos>,12,pointu,pointue,10,M,P,pointu,-9.15885,pointue,-14.854521,1
9980,S_NOUN_7_ADJ_b,M,S,le chapeau avec les micros que j' aime beaucoup n' est pas rond <eos>,12,rond,ronde,10,M,P,rond,-5.8395605,ronde,-12.849127,1
9981,S_NOUN_7_ADJ_b,M,S,le chapeau avec les micros que j' aime beaucoup n' est pas froid <eos>,12,froid,froide,10,M,P,froid,-9.709208,froide,-14.653246,1
9982,S_NOUN_7_ADJ_b,M,S,le chapeau avec les micros que j' aime beaucoup n' est pas chaud <eos>,12,chaud,chaude,10,M,P,chaud,-9.062391,chaude,-13.623732,1
9983,S_NOUN_7_ADJ_b,M,S,le chapeau avec les micros que j' aime beaucoup n' est pas important <eos>,12,important,importante,10,M,P,important,-8.445221,importante,-12.528284,1
9984,S_NOUN_7_ADJ_b,M,S,le chapeau avec les micros que j' aime beaucoup n' est pas court <eos>,12,court,courte,10,M,P,court,-8.488521,courte,-12.596163,1
9985,S_NOUN_7_ADJ_b,M,S,le chapeau avec les micros que j' aime beaucoup n' est pas dur <eos>,12,dur,dure,10,M,P,dur,-7.7617893,dure,-10.894917,1
9986,S_NOUN_7_ADJ_b,M,S,le chapeau avec les micros que j' aime beaucoup n' est pas clair <eos>,12,clair,claire,10,M,P,clair,-4.3778257,claire,-8.084243,1
9987,S_NOUN_7_ADJ_b,M,S,le chapeau avec les micros que j' aime beaucoup n' est pas intéressant <eos>,12,intéressant,intéressante,10,M,P,intéressant,-8.730978,intéressante,-12.82365,1
9988,S_NOUN_7_ADJ_b,M,S,le chapeau avec les micros que j' aime beaucoup n' est pas brillant <eos>,12,brillant,brillante,10,M,P,brillant,-7.0622716,brillante,-11.798367,1
9989,S_NOUN_7_ADJ_b,M,S,le chapeau avec les micros que j' aime beaucoup n' est pas compliqué <eos>,12,compliqué,compliquée,10,M,P,compliqué,-10.013016,compliquée,-13.60607,1
9990,S_NOUN_7_ADJ_b,M,S,le chapeau avec les sacs que j' aime beaucoup n' est pas vert <eos>,12,vert,verte,10,M,P,vert,-7.5289974,verte,-11.622975,1
9991,S_NOUN_7_ADJ_b,M,S,le chapeau avec les sacs que j' aime beaucoup n' est pas bleu <eos>,12,bleu,bleue,10,M,P,bleu,-6.982607,bleue,-11.497461,1
9992,S_NOUN_7_ADJ_b,M,S,le chapeau avec les sacs que j' aime beaucoup n' est pas noir <eos>,12,noir,noire,10,M,P,noir,-4.7196236,noire,-11.768642,1
9993,S_NOUN_7_ADJ_b,M,S,le chapeau avec les sacs que j' aime beaucoup n' est pas délicat <eos>,12,délicat,délicate,10,M,P,délicat,-9.298712,délicate,-14.27298,1
9994,S_NOUN_7_ADJ_b,M,S,le chapeau avec les sacs que j' aime beaucoup n' est pas pointu <eos>,12,pointu,pointue,10,M,P,pointu,-9.787825,pointue,-15.038462,1
9995,S_NOUN_7_ADJ_b,M,S,le chapeau avec les sacs que j' aime beaucoup n' est pas rond <eos>,12,rond,ronde,10,M,P,rond,-5.5027165,ronde,-12.432495,1
9996,S_NOUN_7_ADJ_b,M,S,le chapeau avec les sacs que j' aime beaucoup n' est pas froid <eos>,12,froid,froide,10,M,P,froid,-8.552767,froide,-13.31522,1
9997,S_NOUN_7_ADJ_b,M,S,le chapeau avec les sacs que j' aime beaucoup n' est pas chaud <eos>,12,chaud,chaude,10,M,P,chaud,-7.8001256,chaude,-13.424517,1
9998,S_NOUN_7_ADJ_b,M,S,le chapeau avec les sacs que j' aime beaucoup n' est pas important <eos>,12,important,importante,10,M,P,important,-8.397617,importante,-12.530176,1
9999,S_NOUN_7_ADJ_b,M,S,le chapeau avec les sacs que j' aime beaucoup n' est pas court <eos>,12,court,courte,10,M,P,court,-8.713282,courte,-12.84495,1
10000,S_NOUN_7_ADJ_b,M,S,le chapeau avec les sacs que j' aime beaucoup n' est pas dur <eos>,12,dur,dure,10,M,P,dur,-7.3042183,dure,-10.616196,1
10001,S_NOUN_7_ADJ_b,M,S,le chapeau avec les sacs que j' aime beaucoup n' est pas clair <eos>,12,clair,claire,10,M,P,clair,-4.364343,claire,-8.405625,1
10002,S_NOUN_7_ADJ_b,M,S,le chapeau avec les sacs que j' aime beaucoup n' est pas intéressant <eos>,12,intéressant,intéressante,10,M,P,intéressant,-8.584098,intéressante,-12.451818,1
10003,S_NOUN_7_ADJ_b,M,S,le chapeau avec les sacs que j' aime beaucoup n' est pas brillant <eos>,12,brillant,brillante,10,M,P,brillant,-6.739541,brillante,-11.312732,1
10004,S_NOUN_7_ADJ_b,M,S,le chapeau avec les sacs que j' aime beaucoup n' est pas compliqué <eos>,12,compliqué,compliquée,10,M,P,compliqué,-9.462187,compliquée,-13.631981,1
10005,S_NOUN_7_ADJ_b,M,S,le chapeau avec les claviers que j' aime beaucoup n' est pas vert <eos>,12,vert,verte,10,M,P,vert,-9.222538,verte,-13.484311,1
10006,S_NOUN_7_ADJ_b,M,S,le chapeau avec les claviers que j' aime beaucoup n' est pas bleu <eos>,12,bleu,bleue,10,M,P,bleu,-8.005265,bleue,-12.842001,1
10007,S_NOUN_7_ADJ_b,M,S,le chapeau avec les claviers que j' aime beaucoup n' est pas noir <eos>,12,noir,noire,10,M,P,noir,-5.927102,noire,-12.696056,1
10008,S_NOUN_7_ADJ_b,M,S,le chapeau avec les claviers que j' aime beaucoup n' est pas délicat <eos>,12,délicat,délicate,10,M,P,délicat,-9.672398,délicate,-15.390426,1
10009,S_NOUN_7_ADJ_b,M,S,le chapeau avec les claviers que j' aime beaucoup n' est pas pointu <eos>,12,pointu,pointue,10,M,P,pointu,-8.986805,pointue,-14.8770275,1
10010,S_NOUN_7_ADJ_b,M,S,le chapeau avec les claviers que j' aime beaucoup n' est pas rond <eos>,12,rond,ronde,10,M,P,rond,-5.5485516,ronde,-12.715489,1
10011,S_NOUN_7_ADJ_b,M,S,le chapeau avec les claviers que j' aime beaucoup n' est pas froid <eos>,12,froid,froide,10,M,P,froid,-9.805892,froide,-15.0331,1
10012,S_NOUN_7_ADJ_b,M,S,le chapeau avec les claviers que j' aime beaucoup n' est pas chaud <eos>,12,chaud,chaude,10,M,P,chaud,-9.0787735,chaude,-14.126257,1
10013,S_NOUN_7_ADJ_b,M,S,le chapeau avec les claviers que j' aime beaucoup n' est pas important <eos>,12,important,importante,10,M,P,important,-8.236668,importante,-12.491993,1
10014,S_NOUN_7_ADJ_b,M,S,le chapeau avec les claviers que j' aime beaucoup n' est pas court <eos>,12,court,courte,10,M,P,court,-7.921566,courte,-12.030425,1
10015,S_NOUN_7_ADJ_b,M,S,le chapeau avec les claviers que j' aime beaucoup n' est pas dur <eos>,12,dur,dure,10,M,P,dur,-7.7093954,dure,-10.886301,1
10016,S_NOUN_7_ADJ_b,M,S,le chapeau avec les claviers que j' aime beaucoup n' est pas clair <eos>,12,clair,claire,10,M,P,clair,-4.56896,claire,-8.758224,1
10017,S_NOUN_7_ADJ_b,M,S,le chapeau avec les claviers que j' aime beaucoup n' est pas intéressant <eos>,12,intéressant,intéressante,10,M,P,intéressant,-8.693844,intéressante,-12.743195,1
10018,S_NOUN_7_ADJ_b,M,S,le chapeau avec les claviers que j' aime beaucoup n' est pas brillant <eos>,12,brillant,brillante,10,M,P,brillant,-7.1339808,brillante,-12.079938,1
10019,S_NOUN_7_ADJ_b,M,S,le chapeau avec les claviers que j' aime beaucoup n' est pas compliqué <eos>,12,compliqué,compliquée,10,M,P,compliqué,-9.410344,compliquée,-13.236585,1
10020,S_NOUN_7_ADJ_b,M,S,le chapeau avec les raisins que j' aime beaucoup n' est pas vert <eos>,12,vert,verte,10,M,P,vert,-6.9367733,verte,-11.937438,1
10021,S_NOUN_7_ADJ_b,M,S,le chapeau avec les raisins que j' aime beaucoup n' est pas bleu <eos>,12,bleu,bleue,10,M,P,bleu,-6.53485,bleue,-11.9613695,1
10022,S_NOUN_7_ADJ_b,M,S,le chapeau avec les raisins que j' aime beaucoup n' est pas noir <eos>,12,noir,noire,10,M,P,noir,-4.8540277,noire,-11.938445,1
10023,S_NOUN_7_ADJ_b,M,S,le chapeau avec les raisins que j' aime beaucoup n' est pas délicat <eos>,12,délicat,délicate,10,M,P,délicat,-8.626842,délicate,-13.9613905,1
10024,S_NOUN_7_ADJ_b,M,S,le chapeau avec les raisins que j' aime beaucoup n' est pas pointu <eos>,12,pointu,pointue,10,M,P,pointu,-10.069422,pointue,-15.010605,1
10025,S_NOUN_7_ADJ_b,M,S,le chapeau avec les raisins que j' aime beaucoup n' est pas rond <eos>,12,rond,ronde,10,M,P,rond,-5.1618223,ronde,-12.476769,1
10026,S_NOUN_7_ADJ_b,M,S,le chapeau avec les raisins que j' aime beaucoup n' est pas froid <eos>,12,froid,froide,10,M,P,froid,-8.022988,froide,-12.935071,1
10027,S_NOUN_7_ADJ_b,M,S,le chapeau avec les raisins que j' aime beaucoup n' est pas chaud <eos>,12,chaud,chaude,10,M,P,chaud,-7.2612267,chaude,-12.316564,1
10028,S_NOUN_7_ADJ_b,M,S,le chapeau avec les raisins que j' aime beaucoup n' est pas important <eos>,12,important,importante,10,M,P,important,-8.380863,importante,-12.147969,1
10029,S_NOUN_7_ADJ_b,M,S,le chapeau avec les raisins que j' aime beaucoup n' est pas court <eos>,12,court,courte,10,M,P,court,-8.70626,courte,-13.254005,1
10030,S_NOUN_7_ADJ_b,M,S,le chapeau avec les raisins que j' aime beaucoup n' est pas dur <eos>,12,dur,dure,10,M,P,dur,-7.8353024,dure,-10.488004,1
10031,S_NOUN_7_ADJ_b,M,S,le chapeau avec les raisins que j' aime beaucoup n' est pas clair <eos>,12,clair,claire,10,M,P,clair,-3.4324346,claire,-7.938357,1
10032,S_NOUN_7_ADJ_b,M,S,le chapeau avec les raisins que j' aime beaucoup n' est pas intéressant <eos>,12,intéressant,intéressante,10,M,P,intéressant,-8.85705,intéressante,-13.098505,1
10033,S_NOUN_7_ADJ_b,M,S,le chapeau avec les raisins que j' aime beaucoup n' est pas brillant <eos>,12,brillant,brillante,10,M,P,brillant,-6.952967,brillante,-11.82666,1
10034,S_NOUN_7_ADJ_b,M,S,le chapeau avec les raisins que j' aime beaucoup n' est pas compliqué <eos>,12,compliqué,compliquée,10,M,P,compliqué,-9.316179,compliquée,-14.083788,1
10035,S_NOUN_7_ADJ_b,M,S,le chapeau avec les chargeurs que j' aime beaucoup n' est pas vert <eos>,12,vert,verte,10,M,P,vert,-7.8816156,verte,-11.460415,1
10036,S_NOUN_7_ADJ_b,M,S,le chapeau avec les chargeurs que j' aime beaucoup n' est pas bleu <eos>,12,bleu,bleue,10,M,P,bleu,-7.1680923,bleue,-12.205593,1
10037,S_NOUN_7_ADJ_b,M,S,le chapeau avec les chargeurs que j' aime beaucoup n' est pas noir <eos>,12,noir,noire,10,M,P,noir,-4.888917,noire,-11.485651,1
10038,S_NOUN_7_ADJ_b,M,S,le chapeau avec les chargeurs que j' aime beaucoup n' est pas délicat <eos>,12,délicat,délicate,10,M,P,délicat,-9.751127,délicate,-14.857552,1
10039,S_NOUN_7_ADJ_b,M,S,le chapeau avec les chargeurs que j' aime beaucoup n' est pas pointu <eos>,12,pointu,pointue,10,M,P,pointu,-8.312635,pointue,-13.771214,1
10040,S_NOUN_7_ADJ_b,M,S,le chapeau avec les chargeurs que j' aime beaucoup n' est pas rond <eos>,12,rond,ronde,10,M,P,rond,-5.708954,ronde,-12.091028,1
10041,S_NOUN_7_ADJ_b,M,S,le chapeau avec les chargeurs que j' aime beaucoup n' est pas froid <eos>,12,froid,froide,10,M,P,froid,-9.440957,froide,-14.419877,1
10042,S_NOUN_7_ADJ_b,M,S,le chapeau avec les chargeurs que j' aime beaucoup n' est pas chaud <eos>,12,chaud,chaude,10,M,P,chaud,-8.522575,chaude,-14.3092785,1
10043,S_NOUN_7_ADJ_b,M,S,le chapeau avec les chargeurs que j' aime beaucoup n' est pas important <eos>,12,important,importante,10,M,P,important,-8.187056,importante,-11.820379,1
10044,S_NOUN_7_ADJ_b,M,S,le chapeau avec les chargeurs que j' aime beaucoup n' est pas court <eos>,12,court,courte,10,M,P,court,-7.980708,courte,-12.097974,1
10045,S_NOUN_7_ADJ_b,M,S,le chapeau avec les chargeurs que j' aime beaucoup n' est pas dur <eos>,12,dur,dure,10,M,P,dur,-8.382509,dure,-11.982126,1
10046,S_NOUN_7_ADJ_b,M,S,le chapeau avec les chargeurs que j' aime beaucoup n' est pas clair <eos>,12,clair,claire,10,M,P,clair,-4.933593,claire,-8.758238,1
10047,S_NOUN_7_ADJ_b,M,S,le chapeau avec les chargeurs que j' aime beaucoup n' est pas intéressant <eos>,12,intéressant,intéressante,10,M,P,intéressant,-8.342154,intéressante,-12.706804,1
10048,S_NOUN_7_ADJ_b,M,S,le chapeau avec les chargeurs que j' aime beaucoup n' est pas brillant <eos>,12,brillant,brillante,10,M,P,brillant,-6.7663364,brillante,-11.631454,1
10049,S_NOUN_7_ADJ_b,M,S,le chapeau avec les chargeurs que j' aime beaucoup n' est pas compliqué <eos>,12,compliqué,compliquée,10,M,P,compliqué,-9.810038,compliquée,-14.028493,1
10050,S_NOUN_7_ADJ_b,M,S,le chapeau avec les vases que j' aime beaucoup n' est pas vert <eos>,12,vert,verte,10,M,P,vert,-7.402893,verte,-11.566819,1
10051,S_NOUN_7_ADJ_b,M,S,le chapeau avec les vases que j' aime beaucoup n' est pas bleu <eos>,12,bleu,bleue,10,M,P,bleu,-6.6926546,bleue,-11.486241,1
10052,S_NOUN_7_ADJ_b,M,S,le chapeau avec les vases que j' aime beaucoup n' est pas noir <eos>,12,noir,noire,10,M,P,noir,-5.0350165,noire,-11.850435,1
10053,S_NOUN_7_ADJ_b,M,S,le chapeau avec les vases que j' aime beaucoup n' est pas délicat <eos>,12,délicat,délicate,10,M,P,délicat,-9.465081,délicate,-14.403313,1
10054,S_NOUN_7_ADJ_b,M,S,le chapeau avec les vases que j' aime beaucoup n' est pas pointu <eos>,12,pointu,pointue,10,M,P,pointu,-9.34038,pointue,-14.443953,1
10055,S_NOUN_7_ADJ_b,M,S,le chapeau avec les vases que j' aime beaucoup n' est pas rond <eos>,12,rond,ronde,10,M,P,rond,-5.118045,ronde,-11.865362,1
10056,S_NOUN_7_ADJ_b,M,S,le chapeau avec les vases que j' aime beaucoup n' est pas froid <eos>,12,froid,froide,10,M,P,froid,-8.739474,froide,-13.780076,1
10057,S_NOUN_7_ADJ_b,M,S,le chapeau avec les vases que j' aime beaucoup n' est pas chaud <eos>,12,chaud,chaude,10,M,P,chaud,-8.271558,chaude,-13.194353,1
10058,S_NOUN_7_ADJ_b,M,S,le chapeau avec les vases que j' aime beaucoup n' est pas important <eos>,12,important,importante,10,M,P,important,-8.326463,importante,-12.264408,1
10059,S_NOUN_7_ADJ_b,M,S,le chapeau avec les vases que j' aime beaucoup n' est pas court <eos>,12,court,courte,10,M,P,court,-8.802775,courte,-12.843999,1
10060,S_NOUN_7_ADJ_b,M,S,le chapeau avec les vases que j' aime beaucoup n' est pas dur <eos>,12,dur,dure,10,M,P,dur,-8.285382,dure,-11.0461035,1
10061,S_NOUN_7_ADJ_b,M,S,le chapeau avec les vases que j' aime beaucoup n' est pas clair <eos>,12,clair,claire,10,M,P,clair,-3.8750224,claire,-7.655206,1
10062,S_NOUN_7_ADJ_b,M,S,le chapeau avec les vases que j' aime beaucoup n' est pas intéressant <eos>,12,intéressant,intéressante,10,M,P,intéressant,-9.097504,intéressante,-13.234938,1
10063,S_NOUN_7_ADJ_b,M,S,le chapeau avec les vases que j' aime beaucoup n' est pas brillant <eos>,12,brillant,brillante,10,M,P,brillant,-6.6195717,brillante,-11.312196,1
10064,S_NOUN_7_ADJ_b,M,S,le chapeau avec les vases que j' aime beaucoup n' est pas compliqué <eos>,12,compliqué,compliquée,10,M,P,compliqué,-9.763418,compliquée,-13.933205,1
10065,S_NOUN_7_ADJ_b,M,S,le chapeau avec les paniers que j' aime beaucoup n' est pas vert <eos>,12,vert,verte,10,M,P,vert,-6.953438,verte,-11.371845,1
10066,S_NOUN_7_ADJ_b,M,S,le chapeau avec les paniers que j' aime beaucoup n' est pas bleu <eos>,12,bleu,bleue,10,M,P,bleu,-6.3698883,bleue,-11.568126,1
10067,S_NOUN_7_ADJ_b,M,S,le chapeau avec les paniers que j' aime beaucoup n' est pas noir <eos>,12,noir,noire,10,M,P,noir,-4.445997,noire,-11.517678,1
10068,S_NOUN_7_ADJ_b,M,S,le chapeau avec les paniers que j' aime beaucoup n' est pas délicat <eos>,12,délicat,délicate,10,M,P,délicat,-9.095458,délicate,-14.366961,1
10069,S_NOUN_7_ADJ_b,M,S,le chapeau avec les paniers que j' aime beaucoup n' est pas pointu <eos>,12,pointu,pointue,10,M,P,pointu,-8.337609,pointue,-13.573622,1
10070,S_NOUN_7_ADJ_b,M,S,le chapeau avec les paniers que j' aime beaucoup n' est pas rond <eos>,12,rond,ronde,10,M,P,rond,-4.5915117,ronde,-11.811774,1
10071,S_NOUN_7_ADJ_b,M,S,le chapeau avec les paniers que j' aime beaucoup n' est pas froid <eos>,12,froid,froide,10,M,P,froid,-9.331821,froide,-14.734513,1
10072,S_NOUN_7_ADJ_b,M,S,le chapeau avec les paniers que j' aime beaucoup n' est pas chaud <eos>,12,chaud,chaude,10,M,P,chaud,-8.592972,chaude,-14.503579,1
10073,S_NOUN_7_ADJ_b,M,S,le chapeau avec les paniers que j' aime beaucoup n' est pas important <eos>,12,important,importante,10,M,P,important,-8.428665,importante,-12.408163,1
10074,S_NOUN_7_ADJ_b,M,S,le chapeau avec les paniers que j' aime beaucoup n' est pas court <eos>,12,court,courte,10,M,P,court,-7.8632746,courte,-12.250765,1
10075,S_NOUN_7_ADJ_b,M,S,le chapeau avec les paniers que j' aime beaucoup n' est pas dur <eos>,12,dur,dure,10,M,P,dur,-7.607378,dure,-11.052632,1
10076,S_NOUN_7_ADJ_b,M,S,le chapeau avec les paniers que j' aime beaucoup n' est pas clair <eos>,12,clair,claire,10,M,P,clair,-3.999152,claire,-8.207061,1
10077,S_NOUN_7_ADJ_b,M,S,le chapeau avec les paniers que j' aime beaucoup n' est pas intéressant <eos>,12,intéressant,intéressante,10,M,P,intéressant,-8.599125,intéressante,-13.490406,1
10078,S_NOUN_7_ADJ_b,M,S,le chapeau avec les paniers que j' aime beaucoup n' est pas brillant <eos>,12,brillant,brillante,10,M,P,brillant,-6.2273235,brillante,-10.93783,1
10079,S_NOUN_7_ADJ_b,M,S,le chapeau avec les paniers que j' aime beaucoup n' est pas compliqué <eos>,12,compliqué,compliquée,10,M,P,compliqué,-9.571407,compliquée,-13.858025,1
10080,S_NOUN_7_ADJ_b,M,S,le chapeau avec les colliers que j' aime beaucoup n' est pas vert <eos>,12,vert,verte,10,M,P,vert,-7.6197824,verte,-11.521575,1
10081,S_NOUN_7_ADJ_b,M,S,le chapeau avec les colliers que j' aime beaucoup n' est pas bleu <eos>,12,bleu,bleue,10,M,P,bleu,-6.707635,bleue,-11.567509,1
10082,S_NOUN_7_ADJ_b,M,S,le chapeau avec les colliers que j' aime beaucoup n' est pas noir <eos>,12,noir,noire,10,M,P,noir,-4.726317,noire,-11.531197,1
10083,S_NOUN_7_ADJ_b,M,S,le chapeau avec les colliers que j' aime beaucoup n' est pas délicat <eos>,12,délicat,délicate,10,M,P,délicat,-9.627974,délicate,-14.595753,1
10084,S_NOUN_7_ADJ_b,M,S,le chapeau avec les colliers que j' aime beaucoup n' est pas pointu <eos>,12,pointu,pointue,10,M,P,pointu,-8.788922,pointue,-14.356908,1
10085,S_NOUN_7_ADJ_b,M,S,le chapeau avec les colliers que j' aime beaucoup n' est pas rond <eos>,12,rond,ronde,10,M,P,rond,-5.310729,ronde,-12.079476,1
10086,S_NOUN_7_ADJ_b,M,S,le chapeau avec les colliers que j' aime beaucoup n' est pas froid <eos>,12,froid,froide,10,M,P,froid,-9.269022,froide,-14.501713,1
10087,S_NOUN_7_ADJ_b,M,S,le chapeau avec les colliers que j' aime beaucoup n' est pas chaud <eos>,12,chaud,chaude,10,M,P,chaud,-8.70084,chaude,-14.727974,1
10088,S_NOUN_7_ADJ_b,M,S,le chapeau avec les colliers que j' aime beaucoup n' est pas important <eos>,12,important,importante,10,M,P,important,-8.628377,importante,-12.810763,1
10089,S_NOUN_7_ADJ_b,M,S,le chapeau avec les colliers que j' aime beaucoup n' est pas court <eos>,12,court,courte,10,M,P,court,-8.382548,courte,-12.717719,1
10090,S_NOUN_7_ADJ_b,M,S,le chapeau avec les colliers que j' aime beaucoup n' est pas dur <eos>,12,dur,dure,10,M,P,dur,-7.8040533,dure,-11.462903,1
10091,S_NOUN_7_ADJ_b,M,S,le chapeau avec les colliers que j' aime beaucoup n' est pas clair <eos>,12,clair,claire,10,M,P,clair,-4.4843616,claire,-8.523766,1
10092,S_NOUN_7_ADJ_b,M,S,le chapeau avec les colliers que j' aime beaucoup n' est pas intéressant <eos>,12,intéressant,intéressante,10,M,P,intéressant,-8.67436,intéressante,-13.807975,1
10093,S_NOUN_7_ADJ_b,M,S,le chapeau avec les colliers que j' aime beaucoup n' est pas brillant <eos>,12,brillant,brillante,10,M,P,brillant,-6.1703005,brillante,-11.008036,1
10094,S_NOUN_7_ADJ_b,M,S,le chapeau avec les colliers que j' aime beaucoup n' est pas compliqué <eos>,12,compliqué,compliquée,10,M,P,compliqué,-9.344791,compliquée,-13.671612,1
10095,S_NOUN_7_ADJ_b,M,S,le chapeau avec les chapeaux que j' aime beaucoup n' est pas vert <eos>,12,vert,verte,10,M,P,vert,-6.99742,verte,-11.325729,1
10096,S_NOUN_7_ADJ_b,M,S,le chapeau avec les chapeaux que j' aime beaucoup n' est pas bleu <eos>,12,bleu,bleue,10,M,P,bleu,-6.0740547,bleue,-11.332188,1
10097,S_NOUN_7_ADJ_b,M,S,le chapeau avec les chapeaux que j' aime beaucoup n' est pas noir <eos>,12,noir,noire,10,M,P,noir,-4.0555816,noire,-11.319618,1
10098,S_NOUN_7_ADJ_b,M,S,le chapeau avec les chapeaux que j' aime beaucoup n' est pas délicat <eos>,12,délicat,délicate,10,M,P,délicat,-9.367834,délicate,-14.772436,1
10099,S_NOUN_7_ADJ_b,M,S,le chapeau avec les chapeaux que j' aime beaucoup n' est pas pointu <eos>,12,pointu,pointue,10,M,P,pointu,-8.794763,pointue,-14.184849,1
10100,S_NOUN_7_ADJ_b,M,S,le chapeau avec les chapeaux que j' aime beaucoup n' est pas rond <eos>,12,rond,ronde,10,M,P,rond,-4.7812777,ronde,-11.727052,1
10101,S_NOUN_7_ADJ_b,M,S,le chapeau avec les chapeaux que j' aime beaucoup n' est pas froid <eos>,12,froid,froide,10,M,P,froid,-8.811759,froide,-14.154915,1
10102,S_NOUN_7_ADJ_b,M,S,le chapeau avec les chapeaux que j' aime beaucoup n' est pas chaud <eos>,12,chaud,chaude,10,M,P,chaud,-8.383038,chaude,-14.285839,1
10103,S_NOUN_7_ADJ_b,M,S,le chapeau avec les chapeaux que j' aime beaucoup n' est pas important <eos>,12,important,importante,10,M,P,important,-8.817372,importante,-12.868683,1
10104,S_NOUN_7_ADJ_b,M,S,le chapeau avec les chapeaux que j' aime beaucoup n' est pas court <eos>,12,court,courte,10,M,P,court,-8.066255,courte,-12.812992,1
10105,S_NOUN_7_ADJ_b,M,S,le chapeau avec les chapeaux que j' aime beaucoup n' est pas dur <eos>,12,dur,dure,10,M,P,dur,-7.7947845,dure,-11.186772,1
10106,S_NOUN_7_ADJ_b,M,S,le chapeau avec les chapeaux que j' aime beaucoup n' est pas clair <eos>,12,clair,claire,10,M,P,clair,-4.095139,claire,-8.365669,1
10107,S_NOUN_7_ADJ_b,M,S,le chapeau avec les chapeaux que j' aime beaucoup n' est pas intéressant <eos>,12,intéressant,intéressante,10,M,P,intéressant,-8.673851,intéressante,-13.921705,1
10108,S_NOUN_7_ADJ_b,M,S,le chapeau avec les chapeaux que j' aime beaucoup n' est pas brillant <eos>,12,brillant,brillante,10,M,P,brillant,-6.4092054,brillante,-11.214655,1
10109,S_NOUN_7_ADJ_b,M,S,le chapeau avec les chapeaux que j' aime beaucoup n' est pas compliqué <eos>,12,compliqué,compliquée,10,M,P,compliqué,-9.707024,compliquée,-14.155954,1
10110,S_NOUN_7_ADJ_b,M,S,le chapeau avec les pots que j' aime beaucoup n' est pas vert <eos>,12,vert,verte,10,M,P,vert,-7.298617,verte,-11.602621,1
10111,S_NOUN_7_ADJ_b,M,S,le chapeau avec les pots que j' aime beaucoup n' est pas bleu <eos>,12,bleu,bleue,10,M,P,bleu,-6.692336,bleue,-11.55089,1
10112,S_NOUN_7_ADJ_b,M,S,le chapeau avec les pots que j' aime beaucoup n' est pas noir <eos>,12,noir,noire,10,M,P,noir,-4.761979,noire,-11.71042,1
10113,S_NOUN_7_ADJ_b,M,S,le chapeau avec les pots que j' aime beaucoup n' est pas délicat <eos>,12,délicat,délicate,10,M,P,délicat,-9.469059,délicate,-14.571196,1
10114,S_NOUN_7_ADJ_b,M,S,le chapeau avec les pots que j' aime beaucoup n' est pas pointu <eos>,12,pointu,pointue,10,M,P,pointu,-9.632619,pointue,-14.871464,1
10115,S_NOUN_7_ADJ_b,M,S,le chapeau avec les pots que j' aime beaucoup n' est pas rond <eos>,12,rond,ronde,10,M,P,rond,-5.424736,ronde,-12.158482,1
10116,S_NOUN_7_ADJ_b,M,S,le chapeau avec les pots que j' aime beaucoup n' est pas froid <eos>,12,froid,froide,10,M,P,froid,-8.5385685,froide,-13.269839,1
10117,S_NOUN_7_ADJ_b,M,S,le chapeau avec les pots que j' aime beaucoup n' est pas chaud <eos>,12,chaud,chaude,10,M,P,chaud,-8.086315,chaude,-13.2772,1
10118,S_NOUN_7_ADJ_b,M,S,le chapeau avec les pots que j' aime beaucoup n' est pas important <eos>,12,important,importante,10,M,P,important,-8.74472,importante,-12.856325,1
10119,S_NOUN_7_ADJ_b,M,S,le chapeau avec les pots que j' aime beaucoup n' est pas court <eos>,12,court,courte,10,M,P,court,-8.912973,courte,-13.169838,1
10120,S_NOUN_7_ADJ_b,M,S,le chapeau avec les pots que j' aime beaucoup n' est pas dur <eos>,12,dur,dure,10,M,P,dur,-7.642336,dure,-10.807004,1
10121,S_NOUN_7_ADJ_b,M,S,le chapeau avec les pots que j' aime beaucoup n' est pas clair <eos>,12,clair,claire,10,M,P,clair,-4.211561,claire,-8.215925,1
10122,S_NOUN_7_ADJ_b,M,S,le chapeau avec les pots que j' aime beaucoup n' est pas intéressant <eos>,12,intéressant,intéressante,10,M,P,intéressant,-9.092415,intéressante,-13.346165,1
10123,S_NOUN_7_ADJ_b,M,S,le chapeau avec les pots que j' aime beaucoup n' est pas brillant <eos>,12,brillant,brillante,10,M,P,brillant,-6.719409,brillante,-11.546357,1
10124,S_NOUN_7_ADJ_b,M,S,le chapeau avec les pots que j' aime beaucoup n' est pas compliqué <eos>,12,compliqué,compliquée,10,M,P,compliqué,-9.624374,compliquée,-13.864442,1
10125,S_NOUN_7_ADJ_b,M,S,le chapeau avec les coussins que j' aime beaucoup n' est pas vert <eos>,12,vert,verte,10,M,P,vert,-7.278528,verte,-11.169175,1
10126,S_NOUN_7_ADJ_b,M,S,le chapeau avec les coussins que j' aime beaucoup n' est pas bleu <eos>,12,bleu,bleue,10,M,P,bleu,-6.4943695,bleue,-11.055195,1
10127,S_NOUN_7_ADJ_b,M,S,le chapeau avec les coussins que j' aime beaucoup n' est pas noir <eos>,12,noir,noire,10,M,P,noir,-4.395195,noire,-11.319907,1
10128,S_NOUN_7_ADJ_b,M,S,le chapeau avec les coussins que j' aime beaucoup n' est pas délicat <eos>,12,délicat,délicate,10,M,P,délicat,-9.484793,délicate,-14.0463295,1
10129,S_NOUN_7_ADJ_b,M,S,le chapeau avec les coussins que j' aime beaucoup n' est pas pointu <eos>,12,pointu,pointue,10,M,P,pointu,-8.74106,pointue,-14.127192,1
10130,S_NOUN_7_ADJ_b,M,S,le chapeau avec les coussins que j' aime beaucoup n' est pas rond <eos>,12,rond,ronde,10,M,P,rond,-4.6565113,ronde,-12.188382,1
10131,S_NOUN_7_ADJ_b,M,S,le chapeau avec les coussins que j' aime beaucoup n' est pas froid <eos>,12,froid,froide,10,M,P,froid,-8.978824,froide,-13.902955,1
10132,S_NOUN_7_ADJ_b,M,S,le chapeau avec les coussins que j' aime beaucoup n' est pas chaud <eos>,12,chaud,chaude,10,M,P,chaud,-8.123568,chaude,-13.871807,1
10133,S_NOUN_7_ADJ_b,M,S,le chapeau avec les coussins que j' aime beaucoup n' est pas important <eos>,12,important,importante,10,M,P,important,-8.755728,importante,-12.602808,1
10134,S_NOUN_7_ADJ_b,M,S,le chapeau avec les coussins que j' aime beaucoup n' est pas court <eos>,12,court,courte,10,M,P,court,-8.2632675,courte,-12.534796,1
10135,S_NOUN_7_ADJ_b,M,S,le chapeau avec les coussins que j' aime beaucoup n' est pas dur <eos>,12,dur,dure,10,M,P,dur,-7.970486,dure,-11.0558605,1
10136,S_NOUN_7_ADJ_b,M,S,le chapeau avec les coussins que j' aime beaucoup n' est pas clair <eos>,12,clair,claire,10,M,P,clair,-4.2013574,claire,-7.778727,1
10137,S_NOUN_7_ADJ_b,M,S,le chapeau avec les coussins que j' aime beaucoup n' est pas intéressant <eos>,12,intéressant,intéressante,10,M,P,intéressant,-9.062199,intéressante,-13.071354,1
10138,S_NOUN_7_ADJ_b,M,S,le chapeau avec les coussins que j' aime beaucoup n' est pas brillant <eos>,12,brillant,brillante,10,M,P,brillant,-6.2064066,brillante,-10.811669,1
10139,S_NOUN_7_ADJ_b,M,S,le chapeau avec les coussins que j' aime beaucoup n' est pas compliqué <eos>,12,compliqué,compliquée,10,M,P,compliqué,-10.005121,compliquée,-13.315062,1
10140,S_NOUN_7_ADJ_b,M,S,le chapeau avec les jouets que j' aime beaucoup n' est pas vert <eos>,12,vert,verte,10,M,P,vert,-8.216956,verte,-11.956684,1
10141,S_NOUN_7_ADJ_b,M,S,le chapeau avec les jouets que j' aime beaucoup n' est pas bleu <eos>,12,bleu,bleue,10,M,P,bleu,-7.4779453,bleue,-11.989696,1
10142,S_NOUN_7_ADJ_b,M,S,le chapeau avec les jouets que j' aime beaucoup n' est pas noir <eos>,12,noir,noire,10,M,P,noir,-5.2260303,noire,-11.782606,1
10143,S_NOUN_7_ADJ_b,M,S,le chapeau avec les jouets que j' aime beaucoup n' est pas délicat <eos>,12,délicat,délicate,10,M,P,délicat,-10.203526,délicate,-15.12777,1
10144,S_NOUN_7_ADJ_b,M,S,le chapeau avec les jouets que j' aime beaucoup n' est pas pointu <eos>,12,pointu,pointue,10,M,P,pointu,-9.555502,pointue,-14.903428,1
10145,S_NOUN_7_ADJ_b,M,S,le chapeau avec les jouets que j' aime beaucoup n' est pas rond <eos>,12,rond,ronde,10,M,P,rond,-5.533176,ronde,-12.265257,1
10146,S_NOUN_7_ADJ_b,M,S,le chapeau avec les jouets que j' aime beaucoup n' est pas froid <eos>,12,froid,froide,10,M,P,froid,-8.656292,froide,-13.684612,1
10147,S_NOUN_7_ADJ_b,M,S,le chapeau avec les jouets que j' aime beaucoup n' est pas chaud <eos>,12,chaud,chaude,10,M,P,chaud,-8.31336,chaude,-13.657656,1
10148,S_NOUN_7_ADJ_b,M,S,le chapeau avec les jouets que j' aime beaucoup n' est pas important <eos>,12,important,importante,10,M,P,important,-8.648791,importante,-12.690955,1
10149,S_NOUN_7_ADJ_b,M,S,le chapeau avec les jouets que j' aime beaucoup n' est pas court <eos>,12,court,courte,10,M,P,court,-8.466342,courte,-12.902407,1
10150,S_NOUN_7_ADJ_b,M,S,le chapeau avec les jouets que j' aime beaucoup n' est pas dur <eos>,12,dur,dure,10,M,P,dur,-8.061825,dure,-11.409029,1
10151,S_NOUN_7_ADJ_b,M,S,le chapeau avec les jouets que j' aime beaucoup n' est pas clair <eos>,12,clair,claire,10,M,P,clair,-4.979871,claire,-8.595981,1
10152,S_NOUN_7_ADJ_b,M,S,le chapeau avec les jouets que j' aime beaucoup n' est pas intéressant <eos>,12,intéressant,intéressante,10,M,P,intéressant,-8.840472,intéressante,-12.9712925,1
10153,S_NOUN_7_ADJ_b,M,S,le chapeau avec les jouets que j' aime beaucoup n' est pas brillant <eos>,12,brillant,brillante,10,M,P,brillant,-7.4958405,brillante,-12.038698,1
10154,S_NOUN_7_ADJ_b,M,S,le chapeau avec les jouets que j' aime beaucoup n' est pas compliqué <eos>,12,compliqué,compliquée,10,M,P,compliqué,-9.943821,compliquée,-13.482073,1
10155,S_NOUN_7_ADJ_b,M,S,le chapeau avec les clous que j' aime beaucoup n' est pas vert <eos>,12,vert,verte,10,M,P,vert,-7.4339657,verte,-11.765643,1
10156,S_NOUN_7_ADJ_b,M,S,le chapeau avec les clous que j' aime beaucoup n' est pas bleu <eos>,12,bleu,bleue,10,M,P,bleu,-6.8589478,bleue,-12.342626,1
10157,S_NOUN_7_ADJ_b,M,S,le chapeau avec les clous que j' aime beaucoup n' est pas noir <eos>,12,noir,noire,10,M,P,noir,-4.7263536,noire,-11.803442,1
10158,S_NOUN_7_ADJ_b,M,S,le chapeau avec les clous que j' aime beaucoup n' est pas délicat <eos>,12,délicat,délicate,10,M,P,délicat,-9.082278,délicate,-14.004331,1
10159,S_NOUN_7_ADJ_b,M,S,le chapeau avec les clous que j' aime beaucoup n' est pas pointu <eos>,12,pointu,pointue,10,M,P,pointu,-8.416799,pointue,-13.791679,1
10160,S_NOUN_7_ADJ_b,M,S,le chapeau avec les clous que j' aime beaucoup n' est pas rond <eos>,12,rond,ronde,10,M,P,rond,-4.5282297,ronde,-12.113146,1
10161,S_NOUN_7_ADJ_b,M,S,le chapeau avec les clous que j' aime beaucoup n' est pas froid <eos>,12,froid,froide,10,M,P,froid,-9.304863,froide,-14.860874,1
10162,S_NOUN_7_ADJ_b,M,S,le chapeau avec les clous que j' aime beaucoup n' est pas chaud <eos>,12,chaud,chaude,10,M,P,chaud,-8.454398,chaude,-14.199669,1
10163,S_NOUN_7_ADJ_b,M,S,le chapeau avec les clous que j' aime beaucoup n' est pas important <eos>,12,important,importante,10,M,P,important,-8.511847,importante,-12.504295,1
10164,S_NOUN_7_ADJ_b,M,S,le chapeau avec les clous que j' aime beaucoup n' est pas court <eos>,12,court,courte,10,M,P,court,-7.75029,courte,-12.517926,1
10165,S_NOUN_7_ADJ_b,M,S,le chapeau avec les clous que j' aime beaucoup n' est pas dur <eos>,12,dur,dure,10,M,P,dur,-7.835206,dure,-11.114442,1
10166,S_NOUN_7_ADJ_b,M,S,le chapeau avec les clous que j' aime beaucoup n' est pas clair <eos>,12,clair,claire,10,M,P,clair,-4.394724,claire,-8.413511,1
10167,S_NOUN_7_ADJ_b,M,S,le chapeau avec les clous que j' aime beaucoup n' est pas intéressant <eos>,12,intéressant,intéressante,10,M,P,intéressant,-8.806124,intéressante,-13.850769,1
10168,S_NOUN_7_ADJ_b,M,S,le chapeau avec les clous que j' aime beaucoup n' est pas brillant <eos>,12,brillant,brillante,10,M,P,brillant,-6.4477005,brillante,-11.913596,1
10169,S_NOUN_7_ADJ_b,M,S,le chapeau avec les clous que j' aime beaucoup n' est pas compliqué <eos>,12,compliqué,compliquée,10,M,P,compliqué,-9.799227,compliquée,-13.916158,1
10170,S_NOUN_7_ADJ_b,M,S,le chapeau avec les billets que j' aime beaucoup n' est pas vert <eos>,12,vert,verte,10,M,P,vert,-8.065578,verte,-11.988309,1
10171,S_NOUN_7_ADJ_b,M,S,le chapeau avec les billets que j' aime beaucoup n' est pas bleu <eos>,12,bleu,bleue,10,M,P,bleu,-7.17179,bleue,-11.968462,1
10172,S_NOUN_7_ADJ_b,M,S,le chapeau avec les billets que j' aime beaucoup n' est pas noir <eos>,12,noir,noire,10,M,P,noir,-5.0444307,noire,-12.036061,1
10173,S_NOUN_7_ADJ_b,M,S,le chapeau avec les billets que j' aime beaucoup n' est pas délicat <eos>,12,délicat,délicate,10,M,P,délicat,-10.197597,délicate,-15.856552,1
10174,S_NOUN_7_ADJ_b,M,S,le chapeau avec les billets que j' aime beaucoup n' est pas pointu <eos>,12,pointu,pointue,10,M,P,pointu,-9.723083,pointue,-15.313981,1
10175,S_NOUN_7_ADJ_b,M,S,le chapeau avec les billets que j' aime beaucoup n' est pas rond <eos>,12,rond,ronde,10,M,P,rond,-5.6913424,ronde,-11.97361,1
10176,S_NOUN_7_ADJ_b,M,S,le chapeau avec les billets que j' aime beaucoup n' est pas froid <eos>,12,froid,froide,10,M,P,froid,-9.443828,froide,-13.922234,1
10177,S_NOUN_7_ADJ_b,M,S,le chapeau avec les billets que j' aime beaucoup n' est pas chaud <eos>,12,chaud,chaude,10,M,P,chaud,-8.703819,chaude,-13.803162,1
10178,S_NOUN_7_ADJ_b,M,S,le chapeau avec les billets que j' aime beaucoup n' est pas important <eos>,12,important,importante,10,M,P,important,-8.3532715,importante,-12.391815,1
10179,S_NOUN_7_ADJ_b,M,S,le chapeau avec les billets que j' aime beaucoup n' est pas court <eos>,12,court,courte,10,M,P,court,-8.356646,courte,-13.014215,1
10180,S_NOUN_7_ADJ_b,M,S,le chapeau avec les billets que j' aime beaucoup n' est pas dur <eos>,12,dur,dure,10,M,P,dur,-8.212077,dure,-11.547763,1
10181,S_NOUN_7_ADJ_b,M,S,le chapeau avec les billets que j' aime beaucoup n' est pas clair <eos>,12,clair,claire,10,M,P,clair,-4.9903708,claire,-9.114222,1
10182,S_NOUN_7_ADJ_b,M,S,le chapeau avec les billets que j' aime beaucoup n' est pas intéressant <eos>,12,intéressant,intéressante,10,M,P,intéressant,-8.767213,intéressante,-13.26398,1
10183,S_NOUN_7_ADJ_b,M,S,le chapeau avec les billets que j' aime beaucoup n' est pas brillant <eos>,12,brillant,brillante,10,M,P,brillant,-7.6957464,brillante,-11.900596,1
10184,S_NOUN_7_ADJ_b,M,S,le chapeau avec les billets que j' aime beaucoup n' est pas compliqué <eos>,12,compliqué,compliquée,10,M,P,compliqué,-9.891032,compliquée,-14.806578,1
10185,S_NOUN_7_ADJ_b,M,S,le chapeau avec les légumes que j' aime beaucoup n' est pas vert <eos>,12,vert,verte,10,M,P,vert,-7.246315,verte,-11.576615,1
10186,S_NOUN_7_ADJ_b,M,S,le chapeau avec les légumes que j' aime beaucoup n' est pas bleu <eos>,12,bleu,bleue,10,M,P,bleu,-6.9233184,bleue,-11.909714,1
10187,S_NOUN_7_ADJ_b,M,S,le chapeau avec les légumes que j' aime beaucoup n' est pas noir <eos>,12,noir,noire,10,M,P,noir,-4.8682356,noire,-11.962706,1
10188,S_NOUN_7_ADJ_b,M,S,le chapeau avec les légumes que j' aime beaucoup n' est pas délicat <eos>,12,délicat,délicate,10,M,P,délicat,-8.647143,délicate,-14.106726,1
10189,S_NOUN_7_ADJ_b,M,S,le chapeau avec les légumes que j' aime beaucoup n' est pas pointu <eos>,12,pointu,pointue,10,M,P,pointu,-9.293042,pointue,-14.952621,1
10190,S_NOUN_7_ADJ_b,M,S,le chapeau avec les légumes que j' aime beaucoup n' est pas rond <eos>,12,rond,ronde,10,M,P,rond,-5.331769,ronde,-11.971537,1
10191,S_NOUN_7_ADJ_b,M,S,le chapeau avec les légumes que j' aime beaucoup n' est pas froid <eos>,12,froid,froide,10,M,P,froid,-8.050985,froide,-13.020039,1
10192,S_NOUN_7_ADJ_b,M,S,le chapeau avec les légumes que j' aime beaucoup n' est pas chaud <eos>,12,chaud,chaude,10,M,P,chaud,-7.384304,chaude,-12.939509,1
10193,S_NOUN_7_ADJ_b,M,S,le chapeau avec les légumes que j' aime beaucoup n' est pas important <eos>,12,important,importante,10,M,P,important,-8.327112,importante,-12.348633,1
10194,S_NOUN_7_ADJ_b,M,S,le chapeau avec les légumes que j' aime beaucoup n' est pas court <eos>,12,court,courte,10,M,P,court,-8.689843,courte,-12.87077,1
10195,S_NOUN_7_ADJ_b,M,S,le chapeau avec les légumes que j' aime beaucoup n' est pas dur <eos>,12,dur,dure,10,M,P,dur,-7.1330657,dure,-10.826294,1
10196,S_NOUN_7_ADJ_b,M,S,le chapeau avec les légumes que j' aime beaucoup n' est pas clair <eos>,12,clair,claire,10,M,P,clair,-3.8816476,claire,-8.209841,1
10197,S_NOUN_7_ADJ_b,M,S,le chapeau avec les légumes que j' aime beaucoup n' est pas intéressant <eos>,12,intéressant,intéressante,10,M,P,intéressant,-8.554114,intéressante,-12.3481655,1
10198,S_NOUN_7_ADJ_b,M,S,le chapeau avec les légumes que j' aime beaucoup n' est pas brillant <eos>,12,brillant,brillante,10,M,P,brillant,-6.5669575,brillante,-11.623701,1
10199,S_NOUN_7_ADJ_b,M,S,le chapeau avec les légumes que j' aime beaucoup n' est pas compliqué <eos>,12,compliqué,compliquée,10,M,P,compliqué,-9.493709,compliquée,-13.834852,1
10200,S_NOUN_7_ADJ_b,M,S,le pot avec les bracelets que j' aime beaucoup n' est pas vert <eos>,12,vert,verte,10,M,P,vert,-8.46604,verte,-12.195819,1
10201,S_NOUN_7_ADJ_b,M,S,le pot avec les bracelets que j' aime beaucoup n' est pas bleu <eos>,12,bleu,bleue,10,M,P,bleu,-7.8750873,bleue,-12.312925,1
10202,S_NOUN_7_ADJ_b,M,S,le pot avec les bracelets que j' aime beaucoup n' est pas noir <eos>,12,noir,noire,10,M,P,noir,-5.732963,noire,-11.570187,1
10203,S_NOUN_7_ADJ_b,M,S,le pot avec les bracelets que j' aime beaucoup n' est pas délicat <eos>,12,délicat,délicate,10,M,P,délicat,-9.515203,délicate,-14.19249,1
10204,S_NOUN_7_ADJ_b,M,S,le pot avec les bracelets que j' aime beaucoup n' est pas pointu <eos>,12,pointu,pointue,10,M,P,pointu,-9.240519,pointue,-14.651754,1
10205,S_NOUN_7_ADJ_b,M,S,le pot avec les bracelets que j' aime beaucoup n' est pas rond <eos>,12,rond,ronde,10,M,P,rond,-7.1200542,ronde,-11.671304,1
10206,S_NOUN_7_ADJ_b,M,S,le pot avec les bracelets que j' aime beaucoup n' est pas froid <eos>,12,froid,froide,10,M,P,froid,-9.281263,froide,-13.528175,1
10207,S_NOUN_7_ADJ_b,M,S,le pot avec les bracelets que j' aime beaucoup n' est pas chaud <eos>,12,chaud,chaude,10,M,P,chaud,-9.101927,chaude,-13.29075,1
10208,S_NOUN_7_ADJ_b,M,S,le pot avec les bracelets que j' aime beaucoup n' est pas important <eos>,12,important,importante,10,M,P,important,-8.247366,importante,-11.997206,1
10209,S_NOUN_7_ADJ_b,M,S,le pot avec les bracelets que j' aime beaucoup n' est pas court <eos>,12,court,courte,10,M,P,court,-9.229064,courte,-12.505121,1
10210,S_NOUN_7_ADJ_b,M,S,le pot avec les bracelets que j' aime beaucoup n' est pas dur <eos>,12,dur,dure,10,M,P,dur,-8.385845,dure,-11.159203,1
10211,S_NOUN_7_ADJ_b,M,S,le pot avec les bracelets que j' aime beaucoup n' est pas clair <eos>,12,clair,claire,10,M,P,clair,-5.586603,claire,-8.604031,1
10212,S_NOUN_7_ADJ_b,M,S,le pot avec les bracelets que j' aime beaucoup n' est pas intéressant <eos>,12,intéressant,intéressante,10,M,P,intéressant,-8.534707,intéressante,-13.099911,1
10213,S_NOUN_7_ADJ_b,M,S,le pot avec les bracelets que j' aime beaucoup n' est pas brillant <eos>,12,brillant,brillante,10,M,P,brillant,-7.3820124,brillante,-11.228046,1
10214,S_NOUN_7_ADJ_b,M,S,le pot avec les bracelets que j' aime beaucoup n' est pas compliqué <eos>,12,compliqué,compliquée,10,M,P,compliqué,-8.886731,compliquée,-13.28166,1
10215,S_NOUN_7_ADJ_b,M,S,le pot avec les miroirs que j' aime beaucoup n' est pas vert <eos>,12,vert,verte,10,M,P,vert,-8.478422,verte,-11.469732,1
10216,S_NOUN_7_ADJ_b,M,S,le pot avec les miroirs que j' aime beaucoup n' est pas bleu <eos>,12,bleu,bleue,10,M,P,bleu,-7.8844438,bleue,-12.206697,1
10217,S_NOUN_7_ADJ_b,M,S,le pot avec les miroirs que j' aime beaucoup n' est pas noir <eos>,12,noir,noire,10,M,P,noir,-6.0008965,noire,-11.639173,1
10218,S_NOUN_7_ADJ_b,M,S,le pot avec les miroirs que j' aime beaucoup n' est pas délicat <eos>,12,délicat,délicate,10,M,P,délicat,-9.302406,délicate,-14.032236,1
10219,S_NOUN_7_ADJ_b,M,S,le pot avec les miroirs que j' aime beaucoup n' est pas pointu <eos>,12,pointu,pointue,10,M,P,pointu,-9.807819,pointue,-15.041377,1
10220,S_NOUN_7_ADJ_b,M,S,le pot avec les miroirs que j' aime beaucoup n' est pas rond <eos>,12,rond,ronde,10,M,P,rond,-7.2513566,ronde,-12.107567,1
10221,S_NOUN_7_ADJ_b,M,S,le pot avec les miroirs que j' aime beaucoup n' est pas froid <eos>,12,froid,froide,10,M,P,froid,-9.343245,froide,-13.052825,1
10222,S_NOUN_7_ADJ_b,M,S,le pot avec les miroirs que j' aime beaucoup n' est pas chaud <eos>,12,chaud,chaude,10,M,P,chaud,-8.760296,chaude,-12.616046,1
10223,S_NOUN_7_ADJ_b,M,S,le pot avec les miroirs que j' aime beaucoup n' est pas important <eos>,12,important,importante,10,M,P,important,-8.373889,importante,-12.135447,1
10224,S_NOUN_7_ADJ_b,M,S,le pot avec les miroirs que j' aime beaucoup n' est pas court <eos>,12,court,courte,10,M,P,court,-9.903482,courte,-13.503903,1
10225,S_NOUN_7_ADJ_b,M,S,le pot avec les miroirs que j' aime beaucoup n' est pas dur <eos>,12,dur,dure,10,M,P,dur,-8.201361,dure,-11.24128,1
10226,S_NOUN_7_ADJ_b,M,S,le pot avec les miroirs que j' aime beaucoup n' est pas clair <eos>,12,clair,claire,10,M,P,clair,-5.2355995,claire,-8.521177,1
10227,S_NOUN_7_ADJ_b,M,S,le pot avec les miroirs que j' aime beaucoup n' est pas intéressant <eos>,12,intéressant,intéressante,10,M,P,intéressant,-8.42519,intéressante,-12.879034,1
10228,S_NOUN_7_ADJ_b,M,S,le pot avec les miroirs que j' aime beaucoup n' est pas brillant <eos>,12,brillant,brillante,10,M,P,brillant,-6.997711,brillante,-11.186218,1
10229,S_NOUN_7_ADJ_b,M,S,le pot avec les miroirs que j' aime beaucoup n' est pas compliqué <eos>,12,compliqué,compliquée,10,M,P,compliqué,-8.992766,compliquée,-13.455856,1
10230,S_NOUN_7_ADJ_b,M,S,le pot avec les crayons que j' aime beaucoup n' est pas vert <eos>,12,vert,verte,10,M,P,vert,-8.129273,verte,-12.788297,1
10231,S_NOUN_7_ADJ_b,M,S,le pot avec les crayons que j' aime beaucoup n' est pas bleu <eos>,12,bleu,bleue,10,M,P,bleu,-7.6485357,bleue,-12.530417,1
10232,S_NOUN_7_ADJ_b,M,S,le pot avec les crayons que j' aime beaucoup n' est pas noir <eos>,12,noir,noire,10,M,P,noir,-5.94234,noire,-12.632811,1
10233,S_NOUN_7_ADJ_b,M,S,le pot avec les crayons que j' aime beaucoup n' est pas délicat <eos>,12,délicat,délicate,10,M,P,délicat,-9.031671,délicate,-14.28278,1
10234,S_NOUN_7_ADJ_b,M,S,le pot avec les crayons que j' aime beaucoup n' est pas pointu <eos>,12,pointu,pointue,10,M,P,pointu,-11.9446335,pointue,-16.555405,1
10235,S_NOUN_7_ADJ_b,M,S,le pot avec les crayons que j' aime beaucoup n' est pas rond <eos>,12,rond,ronde,10,M,P,rond,-7.790589,ronde,-13.099064,1
10236,S_NOUN_7_ADJ_b,M,S,le pot avec les crayons que j' aime beaucoup n' est pas froid <eos>,12,froid,froide,10,M,P,froid,-8.998198,froide,-13.534968,1
10237,S_NOUN_7_ADJ_b,M,S,le pot avec les crayons que j' aime beaucoup n' est pas chaud <eos>,12,chaud,chaude,10,M,P,chaud,-7.9990764,chaude,-13.2611065,1
10238,S_NOUN_7_ADJ_b,M,S,le pot avec les crayons que j' aime beaucoup n' est pas important <eos>,12,important,importante,10,M,P,important,-7.5856314,importante,-11.226996,1
10239,S_NOUN_7_ADJ_b,M,S,le pot avec les crayons que j' aime beaucoup n' est pas court <eos>,12,court,courte,10,M,P,court,-10.227373,courte,-13.6917,1
10240,S_NOUN_7_ADJ_b,M,S,le pot avec les crayons que j' aime beaucoup n' est pas dur <eos>,12,dur,dure,10,M,P,dur,-8.688232,dure,-10.770286,1
10241,S_NOUN_7_ADJ_b,M,S,le pot avec les crayons que j' aime beaucoup n' est pas clair <eos>,12,clair,claire,10,M,P,clair,-4.8378334,claire,-8.340553,1
10242,S_NOUN_7_ADJ_b,M,S,le pot avec les crayons que j' aime beaucoup n' est pas intéressant <eos>,12,intéressant,intéressante,10,M,P,intéressant,-7.9221354,intéressante,-11.864725,1
10243,S_NOUN_7_ADJ_b,M,S,le pot avec les crayons que j' aime beaucoup n' est pas brillant <eos>,12,brillant,brillante,10,M,P,brillant,-7.9002857,brillante,-11.855315,1
10244,S_NOUN_7_ADJ_b,M,S,le pot avec les crayons que j' aime beaucoup n' est pas compliqué <eos>,12,compliqué,compliquée,10,M,P,compliqué,-9.627943,compliquée,-13.810451,1
10245,S_NOUN_7_ADJ_b,M,S,le pot avec les rideaux que j' aime beaucoup n' est pas vert <eos>,12,vert,verte,10,M,P,vert,-8.121446,verte,-12.285704,1
10246,S_NOUN_7_ADJ_b,M,S,le pot avec les rideaux que j' aime beaucoup n' est pas bleu <eos>,12,bleu,bleue,10,M,P,bleu,-7.872305,bleue,-12.207436,1
10247,S_NOUN_7_ADJ_b,M,S,le pot avec les rideaux que j' aime beaucoup n' est pas noir <eos>,12,noir,noire,10,M,P,noir,-5.5614443,noire,-12.035133,1
10248,S_NOUN_7_ADJ_b,M,S,le pot avec les rideaux que j' aime beaucoup n' est pas délicat <eos>,12,délicat,délicate,10,M,P,délicat,-9.475642,délicate,-14.16677,1
10249,S_NOUN_7_ADJ_b,M,S,le pot avec les rideaux que j' aime beaucoup n' est pas pointu <eos>,12,pointu,pointue,10,M,P,pointu,-10.097867,pointue,-15.720158,1
10250,S_NOUN_7_ADJ_b,M,S,le pot avec les rideaux que j' aime beaucoup n' est pas rond <eos>,12,rond,ronde,10,M,P,rond,-6.7324533,ronde,-11.730244,1
10251,S_NOUN_7_ADJ_b,M,S,le pot avec les rideaux que j' aime beaucoup n' est pas froid <eos>,12,froid,froide,10,M,P,froid,-9.334043,froide,-13.181945,1
10252,S_NOUN_7_ADJ_b,M,S,le pot avec les rideaux que j' aime beaucoup n' est pas chaud <eos>,12,chaud,chaude,10,M,P,chaud,-8.599741,chaude,-13.089443,1
10253,S_NOUN_7_ADJ_b,M,S,le pot avec les rideaux que j' aime beaucoup n' est pas important <eos>,12,important,importante,10,M,P,important,-7.769292,importante,-11.730333,1
10254,S_NOUN_7_ADJ_b,M,S,le pot avec les rideaux que j' aime beaucoup n' est pas court <eos>,12,court,courte,10,M,P,court,-8.800256,courte,-12.656662,1
10255,S_NOUN_7_ADJ_b,M,S,le pot avec les rideaux que j' aime beaucoup n' est pas dur <eos>,12,dur,dure,10,M,P,dur,-8.050377,dure,-10.059273,1
10256,S_NOUN_7_ADJ_b,M,S,le pot avec les rideaux que j' aime beaucoup n' est pas clair <eos>,12,clair,claire,10,M,P,clair,-5.199342,claire,-8.494649,1
10257,S_NOUN_7_ADJ_b,M,S,le pot avec les rideaux que j' aime beaucoup n' est pas intéressant <eos>,12,intéressant,intéressante,10,M,P,intéressant,-8.735775,intéressante,-12.975533,1
10258,S_NOUN_7_ADJ_b,M,S,le pot avec les rideaux que j' aime beaucoup n' est pas brillant <eos>,12,brillant,brillante,10,M,P,brillant,-7.8492875,brillante,-11.687772,1
10259,S_NOUN_7_ADJ_b,M,S,le pot avec les rideaux que j' aime beaucoup n' est pas compliqué <eos>,12,compliqué,compliquée,10,M,P,compliqué,-9.189254,compliquée,-13.687661,1
10260,S_NOUN_7_ADJ_b,M,S,le pot avec les cahiers que j' aime beaucoup n' est pas vert <eos>,12,vert,verte,10,M,P,vert,-8.743872,verte,-13.0188465,1
10261,S_NOUN_7_ADJ_b,M,S,le pot avec les cahiers que j' aime beaucoup n' est pas bleu <eos>,12,bleu,bleue,10,M,P,bleu,-8.372747,bleue,-12.771044,1
10262,S_NOUN_7_ADJ_b,M,S,le pot avec les cahiers que j' aime beaucoup n' est pas noir <eos>,12,noir,noire,10,M,P,noir,-6.304866,noire,-13.160021,1
10263,S_NOUN_7_ADJ_b,M,S,le pot avec les cahiers que j' aime beaucoup n' est pas délicat <eos>,12,délicat,délicate,10,M,P,délicat,-9.352512,délicate,-15.530079,1
10264,S_NOUN_7_ADJ_b,M,S,le pot avec les cahiers que j' aime beaucoup n' est pas pointu <eos>,12,pointu,pointue,10,M,P,pointu,-11.181957,pointue,-16.354452,1
10265,S_NOUN_7_ADJ_b,M,S,le pot avec les cahiers que j' aime beaucoup n' est pas rond <eos>,12,rond,ronde,10,M,P,rond,-7.655492,ronde,-12.452539,1
10266,S_NOUN_7_ADJ_b,M,S,le pot avec les cahiers que j' aime beaucoup n' est pas froid <eos>,12,froid,froide,10,M,P,froid,-8.763317,froide,-13.680578,1
10267,S_NOUN_7_ADJ_b,M,S,le pot avec les cahiers que j' aime beaucoup n' est pas chaud <eos>,12,chaud,chaude,10,M,P,chaud,-8.447766,chaude,-13.654232,1
10268,S_NOUN_7_ADJ_b,M,S,le pot avec les cahiers que j' aime beaucoup n' est pas important <eos>,12,important,importante,10,M,P,important,-8.053993,importante,-12.1197,1
10269,S_NOUN_7_ADJ_b,M,S,le pot avec les cahiers que j' aime beaucoup n' est pas court <eos>,12,court,courte,10,M,P,court,-9.89946,courte,-13.479226,1
10270,S_NOUN_7_ADJ_b,M,S,le pot avec les cahiers que j' aime beaucoup n' est pas dur <eos>,12,dur,dure,10,M,P,dur,-8.616868,dure,-11.13595,1
10271,S_NOUN_7_ADJ_b,M,S,le pot avec les cahiers que j' aime beaucoup n' est pas clair <eos>,12,clair,claire,10,M,P,clair,-5.2024937,claire,-9.071615,1
10272,S_NOUN_7_ADJ_b,M,S,le pot avec les cahiers que j' aime beaucoup n' est pas intéressant <eos>,12,intéressant,intéressante,10,M,P,intéressant,-7.996007,intéressante,-12.076501,1
10273,S_NOUN_7_ADJ_b,M,S,le pot avec les cahiers que j' aime beaucoup n' est pas brillant <eos>,12,brillant,brillante,10,M,P,brillant,-8.597319,brillante,-12.621572,1
10274,S_NOUN_7_ADJ_b,M,S,le pot avec les cahiers que j' aime beaucoup n' est pas compliqué <eos>,12,compliqué,compliquée,10,M,P,compliqué,-9.097463,compliquée,-13.891296,1
10275,S_NOUN_7_ADJ_b,M,S,le pot avec les micros que j' aime beaucoup n' est pas vert <eos>,12,vert,verte,10,M,P,vert,-9.359499,verte,-13.038363,1
10276,S_NOUN_7_ADJ_b,M,S,le pot avec les micros que j' aime beaucoup n' est pas bleu <eos>,12,bleu,bleue,10,M,P,bleu,-8.828247,bleue,-12.81155,1
10277,S_NOUN_7_ADJ_b,M,S,le pot avec les micros que j' aime beaucoup n' est pas noir <eos>,12,noir,noire,10,M,P,noir,-6.6037292,noire,-12.61329,1
10278,S_NOUN_7_ADJ_b,M,S,le pot avec les micros que j' aime beaucoup n' est pas délicat <eos>,12,délicat,délicate,10,M,P,délicat,-9.550338,délicate,-15.16039,1
10279,S_NOUN_7_ADJ_b,M,S,le pot avec les micros que j' aime beaucoup n' est pas pointu <eos>,12,pointu,pointue,10,M,P,pointu,-10.531175,pointue,-16.381763,1
10280,S_NOUN_7_ADJ_b,M,S,le pot avec les micros que j' aime beaucoup n' est pas rond <eos>,12,rond,ronde,10,M,P,rond,-7.8154564,ronde,-12.821332,1
10281,S_NOUN_7_ADJ_b,M,S,le pot avec les micros que j' aime beaucoup n' est pas froid <eos>,12,froid,froide,10,M,P,froid,-9.538995,froide,-13.50443,1
10282,S_NOUN_7_ADJ_b,M,S,le pot avec les micros que j' aime beaucoup n' est pas chaud <eos>,12,chaud,chaude,10,M,P,chaud,-8.986441,chaude,-12.915628,1
10283,S_NOUN_7_ADJ_b,M,S,le pot avec les micros que j' aime beaucoup n' est pas important <eos>,12,important,importante,10,M,P,important,-7.8669977,importante,-11.858276,1
10284,S_NOUN_7_ADJ_b,M,S,le pot avec les micros que j' aime beaucoup n' est pas court <eos>,12,court,courte,10,M,P,court,-9.586554,courte,-13.227743,1
10285,S_NOUN_7_ADJ_b,M,S,le pot avec les micros que j' aime beaucoup n' est pas dur <eos>,12,dur,dure,10,M,P,dur,-8.204362,dure,-10.78783,1
10286,S_NOUN_7_ADJ_b,M,S,le pot avec les micros que j' aime beaucoup n' est pas clair <eos>,12,clair,claire,10,M,P,clair,-5.621817,claire,-8.757808,1
10287,S_NOUN_7_ADJ_b,M,S,le pot avec les micros que j' aime beaucoup n' est pas intéressant <eos>,12,intéressant,intéressante,10,M,P,intéressant,-8.164842,intéressante,-11.868944,1
10288,S_NOUN_7_ADJ_b,M,S,le pot avec les micros que j' aime beaucoup n' est pas brillant <eos>,12,brillant,brillante,10,M,P,brillant,-8.708972,brillante,-12.737029,1
10289,S_NOUN_7_ADJ_b,M,S,le pot avec les micros que j' aime beaucoup n' est pas compliqué <eos>,12,compliqué,compliquée,10,M,P,compliqué,-9.202333,compliquée,-13.059479,1
10290,S_NOUN_7_ADJ_b,M,S,le pot avec les sacs que j' aime beaucoup n' est pas vert <eos>,12,vert,verte,10,M,P,vert,-8.04184,verte,-12.040509,1
10291,S_NOUN_7_ADJ_b,M,S,le pot avec les sacs que j' aime beaucoup n' est pas bleu <eos>,12,bleu,bleue,10,M,P,bleu,-8.024331,bleue,-12.261917,1
10292,S_NOUN_7_ADJ_b,M,S,le pot avec les sacs que j' aime beaucoup n' est pas noir <eos>,12,noir,noire,10,M,P,noir,-5.7803173,noire,-11.961289,1
10293,S_NOUN_7_ADJ_b,M,S,le pot avec les sacs que j' aime beaucoup n' est pas délicat <eos>,12,délicat,délicate,10,M,P,délicat,-9.133217,délicate,-14.317999,1
10294,S_NOUN_7_ADJ_b,M,S,le pot avec les sacs que j' aime beaucoup n' est pas pointu <eos>,12,pointu,pointue,10,M,P,pointu,-10.399884,pointue,-15.610091,1
10295,S_NOUN_7_ADJ_b,M,S,le pot avec les sacs que j' aime beaucoup n' est pas rond <eos>,12,rond,ronde,10,M,P,rond,-7.0760403,ronde,-12.240777,1
10296,S_NOUN_7_ADJ_b,M,S,le pot avec les sacs que j' aime beaucoup n' est pas froid <eos>,12,froid,froide,10,M,P,froid,-8.820025,froide,-13.114122,1
10297,S_NOUN_7_ADJ_b,M,S,le pot avec les sacs que j' aime beaucoup n' est pas chaud <eos>,12,chaud,chaude,10,M,P,chaud,-8.122969,chaude,-12.805407,1
10298,S_NOUN_7_ADJ_b,M,S,le pot avec les sacs que j' aime beaucoup n' est pas important <eos>,12,important,importante,10,M,P,important,-7.9328566,importante,-11.837173,1
10299,S_NOUN_7_ADJ_b,M,S,le pot avec les sacs que j' aime beaucoup n' est pas court <eos>,12,court,courte,10,M,P,court,-9.327982,courte,-12.838543,1
10300,S_NOUN_7_ADJ_b,M,S,le pot avec les sacs que j' aime beaucoup n' est pas dur <eos>,12,dur,dure,10,M,P,dur,-7.807865,dure,-10.38412,1
10301,S_NOUN_7_ADJ_b,M,S,le pot avec les sacs que j' aime beaucoup n' est pas clair <eos>,12,clair,claire,10,M,P,clair,-5.3099866,claire,-8.529348,1
10302,S_NOUN_7_ADJ_b,M,S,le pot avec les sacs que j' aime beaucoup n' est pas intéressant <eos>,12,intéressant,intéressante,10,M,P,intéressant,-8.173029,intéressante,-11.680784,1
10303,S_NOUN_7_ADJ_b,M,S,le pot avec les sacs que j' aime beaucoup n' est pas brillant <eos>,12,brillant,brillante,10,M,P,brillant,-8.073865,brillante,-12.429412,1
10304,S_NOUN_7_ADJ_b,M,S,le pot avec les sacs que j' aime beaucoup n' est pas compliqué <eos>,12,compliqué,compliquée,10,M,P,compliqué,-8.77304,compliquée,-13.334435,1
10305,S_NOUN_7_ADJ_b,M,S,le pot avec les claviers que j' aime beaucoup n' est pas vert <eos>,12,vert,verte,10,M,P,vert,-10.312061,verte,-14.295116,1
10306,S_NOUN_7_ADJ_b,M,S,le pot avec les claviers que j' aime beaucoup n' est pas bleu <eos>,12,bleu,bleue,10,M,P,bleu,-9.8457775,bleue,-13.926806,1
10307,S_NOUN_7_ADJ_b,M,S,le pot avec les claviers que j' aime beaucoup n' est pas noir <eos>,12,noir,noire,10,M,P,noir,-7.42624,noire,-13.1746855,1
10308,S_NOUN_7_ADJ_b,M,S,le pot avec les claviers que j' aime beaucoup n' est pas délicat <eos>,12,délicat,délicate,10,M,P,délicat,-9.193878,délicate,-15.170371,1
10309,S_NOUN_7_ADJ_b,M,S,le pot avec les claviers que j' aime beaucoup n' est pas pointu <eos>,12,pointu,pointue,10,M,P,pointu,-10.446568,pointue,-16.234694,1
10310,S_NOUN_7_ADJ_b,M,S,le pot avec les claviers que j' aime beaucoup n' est pas rond <eos>,12,rond,ronde,10,M,P,rond,-7.8586006,ronde,-12.28841,1
10311,S_NOUN_7_ADJ_b,M,S,le pot avec les claviers que j' aime beaucoup n' est pas froid <eos>,12,froid,froide,10,M,P,froid,-9.776947,froide,-14.461813,1
10312,S_NOUN_7_ADJ_b,M,S,le pot avec les claviers que j' aime beaucoup n' est pas chaud <eos>,12,chaud,chaude,10,M,P,chaud,-9.193433,chaude,-13.754872,1
10313,S_NOUN_7_ADJ_b,M,S,le pot avec les claviers que j' aime beaucoup n' est pas important <eos>,12,important,importante,10,M,P,important,-7.548682,importante,-11.590088,1
10314,S_NOUN_7_ADJ_b,M,S,le pot avec les claviers que j' aime beaucoup n' est pas court <eos>,12,court,courte,10,M,P,court,-9.1007595,courte,-12.467776,1
10315,S_NOUN_7_ADJ_b,M,S,le pot avec les claviers que j' aime beaucoup n' est pas dur <eos>,12,dur,dure,10,M,P,dur,-8.358395,dure,-10.586336,1
10316,S_NOUN_7_ADJ_b,M,S,le pot avec les claviers que j' aime beaucoup n' est pas clair <eos>,12,clair,claire,10,M,P,clair,-5.8966208,claire,-9.408431,1
10317,S_NOUN_7_ADJ_b,M,S,le pot avec les claviers que j' aime beaucoup n' est pas intéressant <eos>,12,intéressant,intéressante,10,M,P,intéressant,-8.138798,intéressante,-11.812794,1
10318,S_NOUN_7_ADJ_b,M,S,le pot avec les claviers que j' aime beaucoup n' est pas brillant <eos>,12,brillant,brillante,10,M,P,brillant,-8.716748,brillante,-13.077356,1
10319,S_NOUN_7_ADJ_b,M,S,le pot avec les claviers que j' aime beaucoup n' est pas compliqué <eos>,12,compliqué,compliquée,10,M,P,compliqué,-8.642904,compliquée,-12.635128,1
10320,S_NOUN_7_ADJ_b,M,S,le pot avec les raisins que j' aime beaucoup n' est pas vert <eos>,12,vert,verte,10,M,P,vert,-7.8678966,verte,-13.093336,1
10321,S_NOUN_7_ADJ_b,M,S,le pot avec les raisins que j' aime beaucoup n' est pas bleu <eos>,12,bleu,bleue,10,M,P,bleu,-7.852102,bleue,-13.004816,1
10322,S_NOUN_7_ADJ_b,M,S,le pot avec les raisins que j' aime beaucoup n' est pas noir <eos>,12,noir,noire,10,M,P,noir,-6.034436,noire,-12.537026,1
10323,S_NOUN_7_ADJ_b,M,S,le pot avec les raisins que j' aime beaucoup n' est pas délicat <eos>,12,délicat,délicate,10,M,P,délicat,-8.467645,délicate,-14.144989,1
10324,S_NOUN_7_ADJ_b,M,S,le pot avec les raisins que j' aime beaucoup n' est pas pointu <eos>,12,pointu,pointue,10,M,P,pointu,-11.438849,pointue,-15.910815,1
10325,S_NOUN_7_ADJ_b,M,S,le pot avec les raisins que j' aime beaucoup n' est pas rond <eos>,12,rond,ronde,10,M,P,rond,-7.258962,ronde,-12.7055855,1
10326,S_NOUN_7_ADJ_b,M,S,le pot avec les raisins que j' aime beaucoup n' est pas froid <eos>,12,froid,froide,10,M,P,froid,-7.9736958,froide,-13.202238,1
10327,S_NOUN_7_ADJ_b,M,S,le pot avec les raisins que j' aime beaucoup n' est pas chaud <eos>,12,chaud,chaude,10,M,P,chaud,-7.442377,chaude,-12.222962,1
10328,S_NOUN_7_ADJ_b,M,S,le pot avec les raisins que j' aime beaucoup n' est pas important <eos>,12,important,importante,10,M,P,important,-7.7285132,importante,-11.26759,1
10329,S_NOUN_7_ADJ_b,M,S,le pot avec les raisins que j' aime beaucoup n' est pas court <eos>,12,court,courte,10,M,P,court,-9.575333,courte,-13.424231,1
10330,S_NOUN_7_ADJ_b,M,S,le pot avec les raisins que j' aime beaucoup n' est pas dur <eos>,12,dur,dure,10,M,P,dur,-9.0652275,dure,-10.409563,1
10331,S_NOUN_7_ADJ_b,M,S,le pot avec les raisins que j' aime beaucoup n' est pas clair <eos>,12,clair,claire,10,M,P,clair,-4.4825277,claire,-8.347495,1
10332,S_NOUN_7_ADJ_b,M,S,le pot avec les raisins que j' aime beaucoup n' est pas intéressant <eos>,12,intéressant,intéressante,10,M,P,intéressant,-8.461735,intéressante,-12.265933,1
10333,S_NOUN_7_ADJ_b,M,S,le pot avec les raisins que j' aime beaucoup n' est pas brillant <eos>,12,brillant,brillante,10,M,P,brillant,-8.321812,brillante,-12.887291,1
10334,S_NOUN_7_ADJ_b,M,S,le pot avec les raisins que j' aime beaucoup n' est pas compliqué <eos>,12,compliqué,compliquée,10,M,P,compliqué,-8.937564,compliquée,-13.718629,1
10335,S_NOUN_7_ADJ_b,M,S,le pot avec les chargeurs que j' aime beaucoup n' est pas vert <eos>,12,vert,verte,10,M,P,vert,-9.402153,verte,-12.82996,1
10336,S_NOUN_7_ADJ_b,M,S,le pot avec les chargeurs que j' aime beaucoup n' est pas bleu <eos>,12,bleu,bleue,10,M,P,bleu,-9.356596,bleue,-13.806143,1
10337,S_NOUN_7_ADJ_b,M,S,le pot avec les chargeurs que j' aime beaucoup n' est pas noir <eos>,12,noir,noire,10,M,P,noir,-7.2330914,noire,-12.545043,1
10338,S_NOUN_7_ADJ_b,M,S,le pot avec les chargeurs que j' aime beaucoup n' est pas délicat <eos>,12,délicat,délicate,10,M,P,délicat,-9.548809,délicate,-15.326855,1
10339,S_NOUN_7_ADJ_b,M,S,le pot avec les chargeurs que j' aime beaucoup n' est pas pointu <eos>,12,pointu,pointue,10,M,P,pointu,-10.182342,pointue,-15.698558,1
10340,S_NOUN_7_ADJ_b,M,S,le pot avec les chargeurs que j' aime beaucoup n' est pas rond <eos>,12,rond,ronde,10,M,P,rond,-8.258886,ronde,-11.839721,1
10341,S_NOUN_7_ADJ_b,M,S,le pot avec les chargeurs que j' aime beaucoup n' est pas froid <eos>,12,froid,froide,10,M,P,froid,-9.420435,froide,-13.843014,1
10342,S_NOUN_7_ADJ_b,M,S,le pot avec les chargeurs que j' aime beaucoup n' est pas chaud <eos>,12,chaud,chaude,10,M,P,chaud,-8.813047,chaude,-13.780466,1
10343,S_NOUN_7_ADJ_b,M,S,le pot avec les chargeurs que j' aime beaucoup n' est pas important <eos>,12,important,importante,10,M,P,important,-7.4246254,importante,-11.021669,1
10344,S_NOUN_7_ADJ_b,M,S,le pot avec les chargeurs que j' aime beaucoup n' est pas court <eos>,12,court,courte,10,M,P,court,-9.214962,courte,-12.629378,1
10345,S_NOUN_7_ADJ_b,M,S,le pot avec les chargeurs que j' aime beaucoup n' est pas dur <eos>,12,dur,dure,10,M,P,dur,-9.262509,dure,-12.10144,1
10346,S_NOUN_7_ADJ_b,M,S,le pot avec les chargeurs que j' aime beaucoup n' est pas clair <eos>,12,clair,claire,10,M,P,clair,-6.5132904,claire,-9.677679,1
10347,S_NOUN_7_ADJ_b,M,S,le pot avec les chargeurs que j' aime beaucoup n' est pas intéressant <eos>,12,intéressant,intéressante,10,M,P,intéressant,-8.04375,intéressante,-11.759149,1
10348,S_NOUN_7_ADJ_b,M,S,le pot avec les chargeurs que j' aime beaucoup n' est pas brillant <eos>,12,brillant,brillante,10,M,P,brillant,-8.958605,brillante,-13.189732,1
10349,S_NOUN_7_ADJ_b,M,S,le pot avec les chargeurs que j' aime beaucoup n' est pas compliqué <eos>,12,compliqué,compliquée,10,M,P,compliqué,-9.151101,compliquée,-13.710553,1
10350,S_NOUN_7_ADJ_b,M,S,le pot avec les vases que j' aime beaucoup n' est pas vert <eos>,12,vert,verte,10,M,P,vert,-8.337775,verte,-12.634474,1
10351,S_NOUN_7_ADJ_b,M,S,le pot avec les vases que j' aime beaucoup n' est pas bleu <eos>,12,bleu,bleue,10,M,P,bleu,-7.992223,bleue,-12.560726,1
10352,S_NOUN_7_ADJ_b,M,S,le pot avec les vases que j' aime beaucoup n' est pas noir <eos>,12,noir,noire,10,M,P,noir,-6.292948,noire,-12.48135,1
10353,S_NOUN_7_ADJ_b,M,S,le pot avec les vases que j' aime beaucoup n' est pas délicat <eos>,12,délicat,délicate,10,M,P,délicat,-9.37796,délicate,-14.257395,1
10354,S_NOUN_7_ADJ_b,M,S,le pot avec les vases que j' aime beaucoup n' est pas pointu <eos>,12,pointu,pointue,10,M,P,pointu,-10.827626,pointue,-15.716679,1
10355,S_NOUN_7_ADJ_b,M,S,le pot avec les vases que j' aime beaucoup n' est pas rond <eos>,12,rond,ronde,10,M,P,rond,-6.860963,ronde,-11.586828,1
10356,S_NOUN_7_ADJ_b,M,S,le pot avec les vases que j' aime beaucoup n' est pas froid <eos>,12,froid,froide,10,M,P,froid,-8.59201,froide,-13.188813,1
10357,S_NOUN_7_ADJ_b,M,S,le pot avec les vases que j' aime beaucoup n' est pas chaud <eos>,12,chaud,chaude,10,M,P,chaud,-8.159475,chaude,-12.381605,1
10358,S_NOUN_7_ADJ_b,M,S,le pot avec les vases que j' aime beaucoup n' est pas important <eos>,12,important,importante,10,M,P,important,-7.6874924,importante,-11.544359,1
10359,S_NOUN_7_ADJ_b,M,S,le pot avec les vases que j' aime beaucoup n' est pas court <eos>,12,court,courte,10,M,P,court,-9.889831,courte,-13.390451,1
10360,S_NOUN_7_ADJ_b,M,S,le pot avec les vases que j' aime beaucoup n' est pas dur <eos>,12,dur,dure,10,M,P,dur,-9.092477,dure,-11.086699,1
10361,S_NOUN_7_ADJ_b,M,S,le pot avec les vases que j' aime beaucoup n' est pas clair <eos>,12,clair,claire,10,M,P,clair,-5.0229874,claire,-8.190309,1
10362,S_NOUN_7_ADJ_b,M,S,le pot avec les vases que j' aime beaucoup n' est pas intéressant <eos>,12,intéressant,intéressante,10,M,P,intéressant,-8.815622,intéressante,-12.63446,1
10363,S_NOUN_7_ADJ_b,M,S,le pot avec les vases que j' aime beaucoup n' est pas brillant <eos>,12,brillant,brillante,10,M,P,brillant,-8.054134,brillante,-12.260338,1
10364,S_NOUN_7_ADJ_b,M,S,le pot avec les vases que j' aime beaucoup n' est pas compliqué <eos>,12,compliqué,compliquée,10,M,P,compliqué,-9.199779,compliquée,-13.711005,1
10365,S_NOUN_7_ADJ_b,M,S,le pot avec les paniers que j' aime beaucoup n' est pas vert <eos>,12,vert,verte,10,M,P,vert,-8.129433,verte,-12.686459,1
10366,S_NOUN_7_ADJ_b,M,S,le pot avec les paniers que j' aime beaucoup n' est pas bleu <eos>,12,bleu,bleue,10,M,P,bleu,-8.402444,bleue,-13.095757,1
10367,S_NOUN_7_ADJ_b,M,S,le pot avec les paniers que j' aime beaucoup n' est pas noir <eos>,12,noir,noire,10,M,P,noir,-6.1442404,noire,-12.212915,1
10368,S_NOUN_7_ADJ_b,M,S,le pot avec les paniers que j' aime beaucoup n' est pas délicat <eos>,12,délicat,délicate,10,M,P,délicat,-8.718339,délicate,-14.293297,1
10369,S_NOUN_7_ADJ_b,M,S,le pot avec les paniers que j' aime beaucoup n' est pas pointu <eos>,12,pointu,pointue,10,M,P,pointu,-9.456743,pointue,-14.66119,1
10370,S_NOUN_7_ADJ_b,M,S,le pot avec les paniers que j' aime beaucoup n' est pas rond <eos>,12,rond,ronde,10,M,P,rond,-6.6661806,ronde,-11.511556,1
10371,S_NOUN_7_ADJ_b,M,S,le pot avec les paniers que j' aime beaucoup n' est pas froid <eos>,12,froid,froide,10,M,P,froid,-9.002444,froide,-14.294238,1
10372,S_NOUN_7_ADJ_b,M,S,le pot avec les paniers que j' aime beaucoup n' est pas chaud <eos>,12,chaud,chaude,10,M,P,chaud,-8.520721,chaude,-13.614792,1
10373,S_NOUN_7_ADJ_b,M,S,le pot avec les paniers que j' aime beaucoup n' est pas important <eos>,12,important,importante,10,M,P,important,-7.5392885,importante,-11.362644,1
10374,S_NOUN_7_ADJ_b,M,S,le pot avec les paniers que j' aime beaucoup n' est pas court <eos>,12,court,courte,10,M,P,court,-8.720547,courte,-12.468214,1
10375,S_NOUN_7_ADJ_b,M,S,le pot avec les paniers que j' aime beaucoup n' est pas dur <eos>,12,dur,dure,10,M,P,dur,-8.004937,dure,-10.64641,1
10376,S_NOUN_7_ADJ_b,M,S,le pot avec les paniers que j' aime beaucoup n' est pas clair <eos>,12,clair,claire,10,M,P,clair,-5.4137154,claire,-8.881599,1
10377,S_NOUN_7_ADJ_b,M,S,le pot avec les paniers que j' aime beaucoup n' est pas intéressant <eos>,12,intéressant,intéressante,10,M,P,intéressant,-8.339488,intéressante,-12.533253,1
10378,S_NOUN_7_ADJ_b,M,S,le pot avec les paniers que j' aime beaucoup n' est pas brillant <eos>,12,brillant,brillante,10,M,P,brillant,-8.125189,brillante,-12.413649,1
10379,S_NOUN_7_ADJ_b,M,S,le pot avec les paniers que j' aime beaucoup n' est pas compliqué <eos>,12,compliqué,compliquée,10,M,P,compliqué,-8.782569,compliquée,-13.404148,1
10380,S_NOUN_7_ADJ_b,M,S,le pot avec les colliers que j' aime beaucoup n' est pas vert <eos>,12,vert,verte,10,M,P,vert,-8.318652,verte,-12.346864,1
10381,S_NOUN_7_ADJ_b,M,S,le pot avec les colliers que j' aime beaucoup n' est pas bleu <eos>,12,bleu,bleue,10,M,P,bleu,-7.864451,bleue,-12.52025,1
10382,S_NOUN_7_ADJ_b,M,S,le pot avec les colliers que j' aime beaucoup n' est pas noir <eos>,12,noir,noire,10,M,P,noir,-5.9431205,noire,-11.790365,1
10383,S_NOUN_7_ADJ_b,M,S,le pot avec les colliers que j' aime beaucoup n' est pas délicat <eos>,12,délicat,délicate,10,M,P,délicat,-8.874221,délicate,-13.979295,1
10384,S_NOUN_7_ADJ_b,M,S,le pot avec les colliers que j' aime beaucoup n' est pas pointu <eos>,12,pointu,pointue,10,M,P,pointu,-9.818888,pointue,-15.225894,1
10385,S_NOUN_7_ADJ_b,M,S,le pot avec les colliers que j' aime beaucoup n' est pas rond <eos>,12,rond,ronde,10,M,P,rond,-7.0988016,ronde,-11.8443575,1
10386,S_NOUN_7_ADJ_b,M,S,le pot avec les colliers que j' aime beaucoup n' est pas froid <eos>,12,froid,froide,10,M,P,froid,-9.186817,froide,-14.08465,1
10387,S_NOUN_7_ADJ_b,M,S,le pot avec les colliers que j' aime beaucoup n' est pas chaud <eos>,12,chaud,chaude,10,M,P,chaud,-8.636492,chaude,-13.983968,1
10388,S_NOUN_7_ADJ_b,M,S,le pot avec les colliers que j' aime beaucoup n' est pas important <eos>,12,important,importante,10,M,P,important,-7.874547,importante,-11.824551,1
10389,S_NOUN_7_ADJ_b,M,S,le pot avec les colliers que j' aime beaucoup n' est pas court <eos>,12,court,courte,10,M,P,court,-9.159569,courte,-12.99637,1
10390,S_NOUN_7_ADJ_b,M,S,le pot avec les colliers que j' aime beaucoup n' est pas dur <eos>,12,dur,dure,10,M,P,dur,-8.32033,dure,-11.053343,1
10391,S_NOUN_7_ADJ_b,M,S,le pot avec les colliers que j' aime beaucoup n' est pas clair <eos>,12,clair,claire,10,M,P,clair,-5.403161,claire,-8.911689,1
10392,S_NOUN_7_ADJ_b,M,S,le pot avec les colliers que j' aime beaucoup n' est pas intéressant <eos>,12,intéressant,intéressante,10,M,P,intéressant,-8.265652,intéressante,-13.05619,1
10393,S_NOUN_7_ADJ_b,M,S,le pot avec les colliers que j' aime beaucoup n' est pas brillant <eos>,12,brillant,brillante,10,M,P,brillant,-7.430795,brillante,-11.779587,1
10394,S_NOUN_7_ADJ_b,M,S,le pot avec les colliers que j' aime beaucoup n' est pas compliqué <eos>,12,compliqué,compliquée,10,M,P,compliqué,-8.723558,compliquée,-13.368424,1
10395,S_NOUN_7_ADJ_b,M,S,le pot avec les chapeaux que j' aime beaucoup n' est pas vert <eos>,12,vert,verte,10,M,P,vert,-8.067736,verte,-12.564352,1
10396,S_NOUN_7_ADJ_b,M,S,le pot avec les chapeaux que j' aime beaucoup n' est pas bleu <eos>,12,bleu,bleue,10,M,P,bleu,-7.7099805,bleue,-12.439228,1
10397,S_NOUN_7_ADJ_b,M,S,le pot avec les chapeaux que j' aime beaucoup n' est pas noir <eos>,12,noir,noire,10,M,P,noir,-5.7063465,noire,-11.773875,1
10398,S_NOUN_7_ADJ_b,M,S,le pot avec les chapeaux que j' aime beaucoup n' est pas délicat <eos>,12,délicat,délicate,10,M,P,délicat,-9.191734,délicate,-14.904441,1
10399,S_NOUN_7_ADJ_b,M,S,le pot avec les chapeaux que j' aime beaucoup n' est pas pointu <eos>,12,pointu,pointue,10,M,P,pointu,-10.323957,pointue,-15.676103,1
10400,S_NOUN_7_ADJ_b,M,S,le pot avec les chapeaux que j' aime beaucoup n' est pas rond <eos>,12,rond,ronde,10,M,P,rond,-6.974187,ronde,-11.519164,1
10401,S_NOUN_7_ADJ_b,M,S,le pot avec les chapeaux que j' aime beaucoup n' est pas froid <eos>,12,froid,froide,10,M,P,froid,-8.534512,froide,-13.358763,1
10402,S_NOUN_7_ADJ_b,M,S,le pot avec les chapeaux que j' aime beaucoup n' est pas chaud <eos>,12,chaud,chaude,10,M,P,chaud,-8.1898,chaude,-13.154675,1
10403,S_NOUN_7_ADJ_b,M,S,le pot avec les chapeaux que j' aime beaucoup n' est pas important <eos>,12,important,importante,10,M,P,important,-8.142005,importante,-12.089826,1
10404,S_NOUN_7_ADJ_b,M,S,le pot avec les chapeaux que j' aime beaucoup n' est pas court <eos>,12,court,courte,10,M,P,court,-9.123351,courte,-13.145603,1
10405,S_NOUN_7_ADJ_b,M,S,le pot avec les chapeaux que j' aime beaucoup n' est pas dur <eos>,12,dur,dure,10,M,P,dur,-8.327039,dure,-10.6338825,1
10406,S_NOUN_7_ADJ_b,M,S,le pot avec les chapeaux que j' aime beaucoup n' est pas clair <eos>,12,clair,claire,10,M,P,clair,-5.2257013,claire,-8.825051,1
10407,S_NOUN_7_ADJ_b,M,S,le pot avec les chapeaux que j' aime beaucoup n' est pas intéressant <eos>,12,intéressant,intéressante,10,M,P,intéressant,-8.360604,intéressante,-12.976589,1
10408,S_NOUN_7_ADJ_b,M,S,le pot avec les chapeaux que j' aime beaucoup n' est pas brillant <eos>,12,brillant,brillante,10,M,P,brillant,-8.128252,brillante,-12.276222,1
10409,S_NOUN_7_ADJ_b,M,S,le pot avec les chapeaux que j' aime beaucoup n' est pas compliqué <eos>,12,compliqué,compliquée,10,M,P,compliqué,-8.989929,compliquée,-13.707088,1
10410,S_NOUN_7_ADJ_b,M,S,le pot avec les pots que j' aime beaucoup n' est pas vert <eos>,12,vert,verte,10,M,P,vert,-7.958944,verte,-12.53747,1
10411,S_NOUN_7_ADJ_b,M,S,le pot avec les pots que j' aime beaucoup n' est pas bleu <eos>,12,bleu,bleue,10,M,P,bleu,-7.72448,bleue,-12.451263,1
10412,S_NOUN_7_ADJ_b,M,S,le pot avec les pots que j' aime beaucoup n' est pas noir <eos>,12,noir,noire,10,M,P,noir,-5.913975,noire,-12.137363,1
10413,S_NOUN_7_ADJ_b,M,S,le pot avec les pots que j' aime beaucoup n' est pas délicat <eos>,12,délicat,délicate,10,M,P,délicat,-9.13195,délicate,-14.797879,1
10414,S_NOUN_7_ADJ_b,M,S,le pot avec les pots que j' aime beaucoup n' est pas pointu <eos>,12,pointu,pointue,10,M,P,pointu,-11.154146,pointue,-16.140911,1
10415,S_NOUN_7_ADJ_b,M,S,le pot avec les pots que j' aime beaucoup n' est pas rond <eos>,12,rond,ronde,10,M,P,rond,-7.3728476,ronde,-11.975488,1
10416,S_NOUN_7_ADJ_b,M,S,le pot avec les pots que j' aime beaucoup n' est pas froid <eos>,12,froid,froide,10,M,P,froid,-8.001394,froide,-12.459001,1
10417,S_NOUN_7_ADJ_b,M,S,le pot avec les pots que j' aime beaucoup n' est pas chaud <eos>,12,chaud,chaude,10,M,P,chaud,-7.515671,chaude,-12.127114,1
10418,S_NOUN_7_ADJ_b,M,S,le pot avec les pots que j' aime beaucoup n' est pas important <eos>,12,important,importante,10,M,P,important,-8.171856,importante,-12.190302,1
10419,S_NOUN_7_ADJ_b,M,S,le pot avec les pots que j' aime beaucoup n' est pas court <eos>,12,court,courte,10,M,P,court,-10.008312,courte,-13.679516,1
10420,S_NOUN_7_ADJ_b,M,S,le pot avec les pots que j' aime beaucoup n' est pas dur <eos>,12,dur,dure,10,M,P,dur,-8.202484,dure,-10.473713,1
10421,S_NOUN_7_ADJ_b,M,S,le pot avec les pots que j' aime beaucoup n' est pas clair <eos>,12,clair,claire,10,M,P,clair,-5.186615,claire,-8.656176,1
10422,S_NOUN_7_ADJ_b,M,S,le pot avec les pots que j' aime beaucoup n' est pas intéressant <eos>,12,intéressant,intéressante,10,M,P,intéressant,-8.630213,intéressante,-12.448257,1
10423,S_NOUN_7_ADJ_b,M,S,le pot avec les pots que j' aime beaucoup n' est pas brillant <eos>,12,brillant,brillante,10,M,P,brillant,-8.133593,brillante,-12.436685,1
10424,S_NOUN_7_ADJ_b,M,S,le pot avec les pots que j' aime beaucoup n' est pas compliqué <eos>,12,compliqué,compliquée,10,M,P,compliqué,-8.97824,compliquée,-13.697137,1
10425,S_NOUN_7_ADJ_b,M,S,le pot avec les coussins que j' aime beaucoup n' est pas vert <eos>,12,vert,verte,10,M,P,vert,-8.458514,verte,-12.076209,1
10426,S_NOUN_7_ADJ_b,M,S,le pot avec les coussins que j' aime beaucoup n' est pas bleu <eos>,12,bleu,bleue,10,M,P,bleu,-8.505535,bleue,-12.212052,1
10427,S_NOUN_7_ADJ_b,M,S,le pot avec les coussins que j' aime beaucoup n' est pas noir <eos>,12,noir,noire,10,M,P,noir,-6.627599,noire,-12.268929,1
10428,S_NOUN_7_ADJ_b,M,S,le pot avec les coussins que j' aime beaucoup n' est pas délicat <eos>,12,délicat,délicate,10,M,P,délicat,-9.3092,délicate,-14.482077,1
10429,S_NOUN_7_ADJ_b,M,S,le pot avec les coussins que j' aime beaucoup n' est pas pointu <eos>,12,pointu,pointue,10,M,P,pointu,-10.139142,pointue,-15.592276,1
10430,S_NOUN_7_ADJ_b,M,S,le pot avec les coussins que j' aime beaucoup n' est pas rond <eos>,12,rond,ronde,10,M,P,rond,-6.783247,ronde,-11.99018,1
10431,S_NOUN_7_ADJ_b,M,S,le pot avec les coussins que j' aime beaucoup n' est pas froid <eos>,12,froid,froide,10,M,P,froid,-8.858992,froide,-12.910769,1
10432,S_NOUN_7_ADJ_b,M,S,le pot avec les coussins que j' aime beaucoup n' est pas chaud <eos>,12,chaud,chaude,10,M,P,chaud,-7.907769,chaude,-12.499571,1
10433,S_NOUN_7_ADJ_b,M,S,le pot avec les coussins que j' aime beaucoup n' est pas important <eos>,12,important,importante,10,M,P,important,-7.9181957,importante,-11.742586,1
10434,S_NOUN_7_ADJ_b,M,S,le pot avec les coussins que j' aime beaucoup n' est pas court <eos>,12,court,courte,10,M,P,court,-9.5119095,courte,-13.277307,1
10435,S_NOUN_7_ADJ_b,M,S,le pot avec les coussins que j' aime beaucoup n' est pas dur <eos>,12,dur,dure,10,M,P,dur,-8.548851,dure,-10.635939,1
10436,S_NOUN_7_ADJ_b,M,S,le pot avec les coussins que j' aime beaucoup n' est pas clair <eos>,12,clair,claire,10,M,P,clair,-5.95836,claire,-8.561209,1
10437,S_NOUN_7_ADJ_b,M,S,le pot avec les coussins que j' aime beaucoup n' est pas intéressant <eos>,12,intéressant,intéressante,10,M,P,intéressant,-8.7018385,intéressante,-12.329825,1
10438,S_NOUN_7_ADJ_b,M,S,le pot avec les coussins que j' aime beaucoup n' est pas brillant <eos>,12,brillant,brillante,10,M,P,brillant,-8.406754,brillante,-12.567592,1
10439,S_NOUN_7_ADJ_b,M,S,le pot avec les coussins que j' aime beaucoup n' est pas compliqué <eos>,12,compliqué,compliquée,10,M,P,compliqué,-9.018936,compliquée,-12.98764,1
10440,S_NOUN_7_ADJ_b,M,S,le pot avec les jouets que j' aime beaucoup n' est pas vert <eos>,12,vert,verte,10,M,P,vert,-9.134882,verte,-12.876062,1
10441,S_NOUN_7_ADJ_b,M,S,le pot avec les jouets que j' aime beaucoup n' est pas bleu <eos>,12,bleu,bleue,10,M,P,bleu,-9.020798,bleue,-12.975636,1
10442,S_NOUN_7_ADJ_b,M,S,le pot avec les jouets que j' aime beaucoup n' est pas noir <eos>,12,noir,noire,10,M,P,noir,-6.5037537,noire,-12.31148,1
10443,S_NOUN_7_ADJ_b,M,S,le pot avec les jouets que j' aime beaucoup n' est pas délicat <eos>,12,délicat,délicate,10,M,P,délicat,-9.885605,délicate,-14.999056,1
10444,S_NOUN_7_ADJ_b,M,S,le pot avec les jouets que j' aime beaucoup n' est pas pointu <eos>,12,pointu,pointue,10,M,P,pointu,-11.021471,pointue,-16.336555,1
10445,S_NOUN_7_ADJ_b,M,S,le pot avec les jouets que j' aime beaucoup n' est pas rond <eos>,12,rond,ronde,10,M,P,rond,-7.542576,ronde,-12.32277,1
10446,S_NOUN_7_ADJ_b,M,S,le pot avec les jouets que j' aime beaucoup n' est pas froid <eos>,12,froid,froide,10,M,P,froid,-8.563251,froide,-13.0002,1
10447,S_NOUN_7_ADJ_b,M,S,le pot avec les jouets que j' aime beaucoup n' est pas chaud <eos>,12,chaud,chaude,10,M,P,chaud,-8.214236,chaude,-12.866415,1
10448,S_NOUN_7_ADJ_b,M,S,le pot avec les jouets que j' aime beaucoup n' est pas important <eos>,12,important,importante,10,M,P,important,-8.0266,importante,-11.936426,1
10449,S_NOUN_7_ADJ_b,M,S,le pot avec les jouets que j' aime beaucoup n' est pas court <eos>,12,court,courte,10,M,P,court,-9.571355,courte,-13.397225,1
10450,S_NOUN_7_ADJ_b,M,S,le pot avec les jouets que j' aime beaucoup n' est pas dur <eos>,12,dur,dure,10,M,P,dur,-8.729536,dure,-10.912922,1
10451,S_NOUN_7_ADJ_b,M,S,le pot avec les jouets que j' aime beaucoup n' est pas clair <eos>,12,clair,claire,10,M,P,clair,-5.9697285,claire,-9.058005,1
10452,S_NOUN_7_ADJ_b,M,S,le pot avec les jouets que j' aime beaucoup n' est pas intéressant <eos>,12,intéressant,intéressante,10,M,P,intéressant,-8.356104,intéressante,-12.134267,1
10453,S_NOUN_7_ADJ_b,M,S,le pot avec les jouets que j' aime beaucoup n' est pas brillant <eos>,12,brillant,brillante,10,M,P,brillant,-9.127482,brillante,-13.203442,1
10454,S_NOUN_7_ADJ_b,M,S,le pot avec les jouets que j' aime beaucoup n' est pas compliqué <eos>,12,compliqué,compliquée,10,M,P,compliqué,-9.088974,compliquée,-12.934971,1
10455,S_NOUN_7_ADJ_b,M,S,le pot avec les clous que j' aime beaucoup n' est pas vert <eos>,12,vert,verte,10,M,P,vert,-8.187788,verte,-12.740658,1
10456,S_NOUN_7_ADJ_b,M,S,le pot avec les clous que j' aime beaucoup n' est pas bleu <eos>,12,bleu,bleue,10,M,P,bleu,-8.200139,bleue,-13.328803,1
10457,S_NOUN_7_ADJ_b,M,S,le pot avec les clous que j' aime beaucoup n' est pas noir <eos>,12,noir,noire,10,M,P,noir,-6.280377,noire,-12.212246,1
10458,S_NOUN_7_ADJ_b,M,S,le pot avec les clous que j' aime beaucoup n' est pas délicat <eos>,12,délicat,délicate,10,M,P,délicat,-8.689852,délicate,-13.894037,1
10459,S_NOUN_7_ADJ_b,M,S,le pot avec les clous que j' aime beaucoup n' est pas pointu <eos>,12,pointu,pointue,10,M,P,pointu,-9.562186,pointue,-14.808819,1
10460,S_NOUN_7_ADJ_b,M,S,le pot avec les clous que j' aime beaucoup n' est pas rond <eos>,12,rond,ronde,10,M,P,rond,-6.5049033,ronde,-11.682213,1
10461,S_NOUN_7_ADJ_b,M,S,le pot avec les clous que j' aime beaucoup n' est pas froid <eos>,12,froid,froide,10,M,P,froid,-8.9690895,froide,-14.143593,1
10462,S_NOUN_7_ADJ_b,M,S,le pot avec les clous que j' aime beaucoup n' est pas chaud <eos>,12,chaud,chaude,10,M,P,chaud,-8.356847,chaude,-13.34255,1
10463,S_NOUN_7_ADJ_b,M,S,le pot avec les clous que j' aime beaucoup n' est pas important <eos>,12,important,importante,10,M,P,important,-7.7500505,importante,-11.644325,1
10464,S_NOUN_7_ADJ_b,M,S,le pot avec les clous que j' aime beaucoup n' est pas court <eos>,12,court,courte,10,M,P,court,-8.919475,courte,-12.851332,1
10465,S_NOUN_7_ADJ_b,M,S,le pot avec les clous que j' aime beaucoup n' est pas dur <eos>,12,dur,dure,10,M,P,dur,-8.266084,dure,-10.403776,1
10466,S_NOUN_7_ADJ_b,M,S,le pot avec les clous que j' aime beaucoup n' est pas clair <eos>,12,clair,claire,10,M,P,clair,-5.523512,claire,-8.900926,1
10467,S_NOUN_7_ADJ_b,M,S,le pot avec les clous que j' aime beaucoup n' est pas intéressant <eos>,12,intéressant,intéressante,10,M,P,intéressant,-8.377129,intéressante,-12.99934,1
10468,S_NOUN_7_ADJ_b,M,S,le pot avec les clous que j' aime beaucoup n' est pas brillant <eos>,12,brillant,brillante,10,M,P,brillant,-7.7005587,brillante,-12.940894,1
10469,S_NOUN_7_ADJ_b,M,S,le pot avec les clous que j' aime beaucoup n' est pas compliqué <eos>,12,compliqué,compliquée,10,M,P,compliqué,-8.634101,compliquée,-13.536525,1
10470,S_NOUN_7_ADJ_b,M,S,le pot avec les billets que j' aime beaucoup n' est pas vert <eos>,12,vert,verte,10,M,P,vert,-8.63434,verte,-12.755938,1
10471,S_NOUN_7_ADJ_b,M,S,le pot avec les billets que j' aime beaucoup n' est pas bleu <eos>,12,bleu,bleue,10,M,P,bleu,-8.393089,bleue,-12.786687,1
10472,S_NOUN_7_ADJ_b,M,S,le pot avec les billets que j' aime beaucoup n' est pas noir <eos>,12,noir,noire,10,M,P,noir,-6.185468,noire,-12.619406,1
10473,S_NOUN_7_ADJ_b,M,S,le pot avec les billets que j' aime beaucoup n' est pas délicat <eos>,12,délicat,délicate,10,M,P,délicat,-9.858893,délicate,-16.11069,1
10474,S_NOUN_7_ADJ_b,M,S,le pot avec les billets que j' aime beaucoup n' est pas pointu <eos>,12,pointu,pointue,10,M,P,pointu,-11.121803,pointue,-16.45735,1
10475,S_NOUN_7_ADJ_b,M,S,le pot avec les billets que j' aime beaucoup n' est pas rond <eos>,12,rond,ronde,10,M,P,rond,-7.537035,ronde,-11.771859,1
10476,S_NOUN_7_ADJ_b,M,S,le pot avec les billets que j' aime beaucoup n' est pas froid <eos>,12,froid,froide,10,M,P,froid,-9.356513,froide,-13.309399,1
10477,S_NOUN_7_ADJ_b,M,S,le pot avec les billets que j' aime beaucoup n' est pas chaud <eos>,12,chaud,chaude,10,M,P,chaud,-8.766401,chaude,-12.954482,1
10478,S_NOUN_7_ADJ_b,M,S,le pot avec les billets que j' aime beaucoup n' est pas important <eos>,12,important,importante,10,M,P,important,-7.831336,importante,-11.653398,1
10479,S_NOUN_7_ADJ_b,M,S,le pot avec les billets que j' aime beaucoup n' est pas court <eos>,12,court,courte,10,M,P,court,-9.203527,courte,-13.340243,1
10480,S_NOUN_7_ADJ_b,M,S,le pot avec les billets que j' aime beaucoup n' est pas dur <eos>,12,dur,dure,10,M,P,dur,-8.903133,dure,-11.296603,1
10481,S_NOUN_7_ADJ_b,M,S,le pot avec les billets que j' aime beaucoup n' est pas clair <eos>,12,clair,claire,10,M,P,clair,-5.8211393,claire,-9.554132,1
10482,S_NOUN_7_ADJ_b,M,S,le pot avec les billets que j' aime beaucoup n' est pas intéressant <eos>,12,intéressant,intéressante,10,M,P,intéressant,-8.507164,intéressante,-12.189874,1
10483,S_NOUN_7_ADJ_b,M,S,le pot avec les billets que j' aime beaucoup n' est pas brillant <eos>,12,brillant,brillante,10,M,P,brillant,-9.228706,brillante,-12.909938,1
10484,S_NOUN_7_ADJ_b,M,S,le pot avec les billets que j' aime beaucoup n' est pas compliqué <eos>,12,compliqué,compliquée,10,M,P,compliqué,-9.383026,compliquée,-14.522873,1
10485,S_NOUN_7_ADJ_b,M,S,le pot avec les légumes que j' aime beaucoup n' est pas vert <eos>,12,vert,verte,10,M,P,vert,-8.39357,verte,-12.771757,1
10486,S_NOUN_7_ADJ_b,M,S,le pot avec les légumes que j' aime beaucoup n' est pas bleu <eos>,12,bleu,bleue,10,M,P,bleu,-8.70293,bleue,-13.407623,1
10487,S_NOUN_7_ADJ_b,M,S,le pot avec les légumes que j' aime beaucoup n' est pas noir <eos>,12,noir,noire,10,M,P,noir,-6.3709536,noire,-12.856983,1
10488,S_NOUN_7_ADJ_b,M,S,le pot avec les légumes que j' aime beaucoup n' est pas délicat <eos>,12,délicat,délicate,10,M,P,délicat,-8.419449,délicate,-14.269578,1
10489,S_NOUN_7_ADJ_b,M,S,le pot avec les légumes que j' aime beaucoup n' est pas pointu <eos>,12,pointu,pointue,10,M,P,pointu,-10.457443,pointue,-15.922773,1
10490,S_NOUN_7_ADJ_b,M,S,le pot avec les légumes que j' aime beaucoup n' est pas rond <eos>,12,rond,ronde,10,M,P,rond,-7.3389516,ronde,-11.749962,1
10491,S_NOUN_7_ADJ_b,M,S,le pot avec les légumes que j' aime beaucoup n' est pas froid <eos>,12,froid,froide,10,M,P,froid,-8.030422,froide,-13.1405525,1
10492,S_NOUN_7_ADJ_b,M,S,le pot avec les légumes que j' aime beaucoup n' est pas chaud <eos>,12,chaud,chaude,10,M,P,chaud,-7.5199394,chaude,-12.585763,1
10493,S_NOUN_7_ADJ_b,M,S,le pot avec les légumes que j' aime beaucoup n' est pas important <eos>,12,important,importante,10,M,P,important,-7.5808043,importante,-11.423239,1
10494,S_NOUN_7_ADJ_b,M,S,le pot avec les légumes que j' aime beaucoup n' est pas court <eos>,12,court,courte,10,M,P,court,-9.528754,courte,-13.0347,1
10495,S_NOUN_7_ADJ_b,M,S,le pot avec les légumes que j' aime beaucoup n' est pas dur <eos>,12,dur,dure,10,M,P,dur,-8.05429,dure,-10.752645,1
10496,S_NOUN_7_ADJ_b,M,S,le pot avec les légumes que j' aime beaucoup n' est pas clair <eos>,12,clair,claire,10,M,P,clair,-4.9327717,claire,-8.745199,1
10497,S_NOUN_7_ADJ_b,M,S,le pot avec les légumes que j' aime beaucoup n' est pas intéressant <eos>,12,intéressant,intéressante,10,M,P,intéressant,-8.208664,intéressante,-11.562595,1
10498,S_NOUN_7_ADJ_b,M,S,le pot avec les légumes que j' aime beaucoup n' est pas brillant <eos>,12,brillant,brillante,10,M,P,brillant,-8.394534,brillante,-13.131682,1
10499,S_NOUN_7_ADJ_b,M,S,le pot avec les légumes que j' aime beaucoup n' est pas compliqué <eos>,12,compliqué,compliquée,10,M,P,compliqué,-8.942423,compliquée,-13.581126,1
10500,S_NOUN_7_ADJ_b,M,S,le coussin avec les bracelets que j' aime beaucoup n' est pas vert <eos>,12,vert,verte,10,M,P,vert,-8.380444,verte,-11.851263,1
10501,S_NOUN_7_ADJ_b,M,S,le coussin avec les bracelets que j' aime beaucoup n' est pas bleu <eos>,12,bleu,bleue,10,M,P,bleu,-7.475691,bleue,-11.749836,1
10502,S_NOUN_7_ADJ_b,M,S,le coussin avec les bracelets que j' aime beaucoup n' est pas noir <eos>,12,noir,noire,10,M,P,noir,-5.163503,noire,-11.328323,1
10503,S_NOUN_7_ADJ_b,M,S,le coussin avec les bracelets que j' aime beaucoup n' est pas délicat <eos>,12,délicat,délicate,10,M,P,délicat,-9.633806,délicate,-14.428103,1
10504,S_NOUN_7_ADJ_b,M,S,le coussin avec les bracelets que j' aime beaucoup n' est pas pointu <eos>,12,pointu,pointue,10,M,P,pointu,-8.570612,pointue,-14.1027775,1
10505,S_NOUN_7_ADJ_b,M,S,le coussin avec les bracelets que j' aime beaucoup n' est pas rond <eos>,12,rond,ronde,10,M,P,rond,-6.4078054,ronde,-11.65022,1
10506,S_NOUN_7_ADJ_b,M,S,le coussin avec les bracelets que j' aime beaucoup n' est pas froid <eos>,12,froid,froide,10,M,P,froid,-9.886445,froide,-14.709165,1
10507,S_NOUN_7_ADJ_b,M,S,le coussin avec les bracelets que j' aime beaucoup n' est pas chaud <eos>,12,chaud,chaude,10,M,P,chaud,-9.048583,chaude,-14.0948715,1
10508,S_NOUN_7_ADJ_b,M,S,le coussin avec les bracelets que j' aime beaucoup n' est pas important <eos>,12,important,importante,10,M,P,important,-8.446186,importante,-12.090231,1
10509,S_NOUN_7_ADJ_b,M,S,le coussin avec les bracelets que j' aime beaucoup n' est pas court <eos>,12,court,courte,10,M,P,court,-8.812769,courte,-12.243591,1
10510,S_NOUN_7_ADJ_b,M,S,le coussin avec les bracelets que j' aime beaucoup n' est pas dur <eos>,12,dur,dure,10,M,P,dur,-7.755738,dure,-11.042332,1
10511,S_NOUN_7_ADJ_b,M,S,le coussin avec les bracelets que j' aime beaucoup n' est pas clair <eos>,12,clair,claire,10,M,P,clair,-5.449465,claire,-8.891895,1
10512,S_NOUN_7_ADJ_b,M,S,le coussin avec les bracelets que j' aime beaucoup n' est pas intéressant <eos>,12,intéressant,intéressante,10,M,P,intéressant,-8.284533,intéressante,-13.071976,1
10513,S_NOUN_7_ADJ_b,M,S,le coussin avec les bracelets que j' aime beaucoup n' est pas brillant <eos>,12,brillant,brillante,10,M,P,brillant,-7.1417475,brillante,-10.724505,1
10514,S_NOUN_7_ADJ_b,M,S,le coussin avec les bracelets que j' aime beaucoup n' est pas compliqué <eos>,12,compliqué,compliquée,10,M,P,compliqué,-9.222937,compliquée,-13.17388,1
10515,S_NOUN_7_ADJ_b,M,S,le coussin avec les miroirs que j' aime beaucoup n' est pas vert <eos>,12,vert,verte,10,M,P,vert,-8.457747,verte,-11.143482,1
10516,S_NOUN_7_ADJ_b,M,S,le coussin avec les miroirs que j' aime beaucoup n' est pas bleu <eos>,12,bleu,bleue,10,M,P,bleu,-7.5864205,bleue,-11.734249,1
10517,S_NOUN_7_ADJ_b,M,S,le coussin avec les miroirs que j' aime beaucoup n' est pas noir <eos>,12,noir,noire,10,M,P,noir,-5.4873676,noire,-11.256825,1
10518,S_NOUN_7_ADJ_b,M,S,le coussin avec les miroirs que j' aime beaucoup n' est pas délicat <eos>,12,délicat,délicate,10,M,P,délicat,-9.440115,délicate,-14.309116,1
10519,S_NOUN_7_ADJ_b,M,S,le coussin avec les miroirs que j' aime beaucoup n' est pas pointu <eos>,12,pointu,pointue,10,M,P,pointu,-8.976944,pointue,-14.512932,1
10520,S_NOUN_7_ADJ_b,M,S,le coussin avec les miroirs que j' aime beaucoup n' est pas rond <eos>,12,rond,ronde,10,M,P,rond,-6.7078285,ronde,-12.119938,1
10521,S_NOUN_7_ADJ_b,M,S,le coussin avec les miroirs que j' aime beaucoup n' est pas froid <eos>,12,froid,froide,10,M,P,froid,-10.320283,froide,-14.243289,1
10522,S_NOUN_7_ADJ_b,M,S,le coussin avec les miroirs que j' aime beaucoup n' est pas chaud <eos>,12,chaud,chaude,10,M,P,chaud,-9.201789,chaude,-13.776843,1
10523,S_NOUN_7_ADJ_b,M,S,le coussin avec les miroirs que j' aime beaucoup n' est pas important <eos>,12,important,importante,10,M,P,important,-8.5885935,importante,-12.199223,1
10524,S_NOUN_7_ADJ_b,M,S,le coussin avec les miroirs que j' aime beaucoup n' est pas court <eos>,12,court,courte,10,M,P,court,-9.493347,courte,-13.137045,1
10525,S_NOUN_7_ADJ_b,M,S,le coussin avec les miroirs que j' aime beaucoup n' est pas dur <eos>,12,dur,dure,10,M,P,dur,-7.8191047,dure,-11.262514,1
10526,S_NOUN_7_ADJ_b,M,S,le coussin avec les miroirs que j' aime beaucoup n' est pas clair <eos>,12,clair,claire,10,M,P,clair,-5.327614,claire,-8.697733,1
10527,S_NOUN_7_ADJ_b,M,S,le coussin avec les miroirs que j' aime beaucoup n' est pas intéressant <eos>,12,intéressant,intéressante,10,M,P,intéressant,-8.272818,intéressante,-12.861087,1
10528,S_NOUN_7_ADJ_b,M,S,le coussin avec les miroirs que j' aime beaucoup n' est pas brillant <eos>,12,brillant,brillante,10,M,P,brillant,-6.9768906,brillante,-11.024652,1
10529,S_NOUN_7_ADJ_b,M,S,le coussin avec les miroirs que j' aime beaucoup n' est pas compliqué <eos>,12,compliqué,compliquée,10,M,P,compliqué,-9.5672455,compliquée,-13.76399,1
10530,S_NOUN_7_ADJ_b,M,S,le coussin avec les crayons que j' aime beaucoup n' est pas vert <eos>,12,vert,verte,10,M,P,vert,-7.9806805,verte,-11.970625,1
10531,S_NOUN_7_ADJ_b,M,S,le coussin avec les crayons que j' aime beaucoup n' est pas bleu <eos>,12,bleu,bleue,10,M,P,bleu,-7.0680084,bleue,-11.678579,1
10532,S_NOUN_7_ADJ_b,M,S,le coussin avec les crayons que j' aime beaucoup n' est pas noir <eos>,12,noir,noire,10,M,P,noir,-5.2663097,noire,-11.7907915,1
10533,S_NOUN_7_ADJ_b,M,S,le coussin avec les crayons que j' aime beaucoup n' est pas délicat <eos>,12,délicat,délicate,10,M,P,délicat,-9.087788,délicate,-14.071004,1
10534,S_NOUN_7_ADJ_b,M,S,le coussin avec les crayons que j' aime beaucoup n' est pas pointu <eos>,12,pointu,pointue,10,M,P,pointu,-10.8626175,pointue,-15.666862,1
10535,S_NOUN_7_ADJ_b,M,S,le coussin avec les crayons que j' aime beaucoup n' est pas rond <eos>,12,rond,ronde,10,M,P,rond,-6.7627544,ronde,-12.878477,1
10536,S_NOUN_7_ADJ_b,M,S,le coussin avec les crayons que j' aime beaucoup n' est pas froid <eos>,12,froid,froide,10,M,P,froid,-10.293343,froide,-14.516114,1
10537,S_NOUN_7_ADJ_b,M,S,le coussin avec les crayons que j' aime beaucoup n' est pas chaud <eos>,12,chaud,chaude,10,M,P,chaud,-8.723565,chaude,-14.005377,1
10538,S_NOUN_7_ADJ_b,M,S,le coussin avec les crayons que j' aime beaucoup n' est pas important <eos>,12,important,importante,10,M,P,important,-8.036087,importante,-11.657934,1
10539,S_NOUN_7_ADJ_b,M,S,le coussin avec les crayons que j' aime beaucoup n' est pas court <eos>,12,court,courte,10,M,P,court,-9.798229,courte,-13.318083,1
10540,S_NOUN_7_ADJ_b,M,S,le coussin avec les crayons que j' aime beaucoup n' est pas dur <eos>,12,dur,dure,10,M,P,dur,-7.7274895,dure,-11.111586,1
10541,S_NOUN_7_ADJ_b,M,S,le coussin avec les crayons que j' aime beaucoup n' est pas clair <eos>,12,clair,claire,10,M,P,clair,-4.7584457,claire,-8.371618,1
10542,S_NOUN_7_ADJ_b,M,S,le coussin avec les crayons que j' aime beaucoup n' est pas intéressant <eos>,12,intéressant,intéressante,10,M,P,intéressant,-7.7258463,intéressante,-11.855455,1
10543,S_NOUN_7_ADJ_b,M,S,le coussin avec les crayons que j' aime beaucoup n' est pas brillant <eos>,12,brillant,brillante,10,M,P,brillant,-7.529313,brillante,-11.06944,1
10544,S_NOUN_7_ADJ_b,M,S,le coussin avec les crayons que j' aime beaucoup n' est pas compliqué <eos>,12,compliqué,compliquée,10,M,P,compliqué,-10.057227,compliquée,-13.738853,1
10545,S_NOUN_7_ADJ_b,M,S,le coussin avec les rideaux que j' aime beaucoup n' est pas vert <eos>,12,vert,verte,10,M,P,vert,-8.057982,verte,-11.801622,1
10546,S_NOUN_7_ADJ_b,M,S,le coussin avec les rideaux que j' aime beaucoup n' est pas bleu <eos>,12,bleu,bleue,10,M,P,bleu,-7.470472,bleue,-11.639004,1
10547,S_NOUN_7_ADJ_b,M,S,le coussin avec les rideaux que j' aime beaucoup n' est pas noir <eos>,12,noir,noire,10,M,P,noir,-5.143415,noire,-11.774815,1
10548,S_NOUN_7_ADJ_b,M,S,le coussin avec les rideaux que j' aime beaucoup n' est pas délicat <eos>,12,délicat,délicate,10,M,P,délicat,-9.366713,délicate,-14.255114,1
10549,S_NOUN_7_ADJ_b,M,S,le coussin avec les rideaux que j' aime beaucoup n' est pas pointu <eos>,12,pointu,pointue,10,M,P,pointu,-9.591432,pointue,-15.477751,1
10550,S_NOUN_7_ADJ_b,M,S,le coussin avec les rideaux que j' aime beaucoup n' est pas rond <eos>,12,rond,ronde,10,M,P,rond,-6.0929937,ronde,-12.018831,1
10551,S_NOUN_7_ADJ_b,M,S,le coussin avec les rideaux que j' aime beaucoup n' est pas froid <eos>,12,froid,froide,10,M,P,froid,-10.384586,froide,-14.583164,1
10552,S_NOUN_7_ADJ_b,M,S,le coussin avec les rideaux que j' aime beaucoup n' est pas chaud <eos>,12,chaud,chaude,10,M,P,chaud,-9.076988,chaude,-14.147294,1
10553,S_NOUN_7_ADJ_b,M,S,le coussin avec les rideaux que j' aime beaucoup n' est pas important <eos>,12,important,importante,10,M,P,important,-7.9642406,importante,-11.890593,1
10554,S_NOUN_7_ADJ_b,M,S,le coussin avec les rideaux que j' aime beaucoup n' est pas court <eos>,12,court,courte,10,M,P,court,-8.748182,courte,-12.674291,1
10555,S_NOUN_7_ADJ_b,M,S,le coussin avec les rideaux que j' aime beaucoup n' est pas dur <eos>,12,dur,dure,10,M,P,dur,-7.460613,dure,-10.30345,1
10556,S_NOUN_7_ADJ_b,M,S,le coussin avec les rideaux que j' aime beaucoup n' est pas clair <eos>,12,clair,claire,10,M,P,clair,-5.093666,claire,-8.742818,1
10557,S_NOUN_7_ADJ_b,M,S,le coussin avec les rideaux que j' aime beaucoup n' est pas intéressant <eos>,12,intéressant,intéressante,10,M,P,intéressant,-8.233042,intéressante,-12.970985,1
10558,S_NOUN_7_ADJ_b,M,S,le coussin avec les rideaux que j' aime beaucoup n' est pas brillant <eos>,12,brillant,brillante,10,M,P,brillant,-7.705593,brillante,-11.510026,1
10559,S_NOUN_7_ADJ_b,M,S,le coussin avec les rideaux que j' aime beaucoup n' est pas compliqué <eos>,12,compliqué,compliquée,10,M,P,compliqué,-9.780015,compliquée,-13.852256,1
10560,S_NOUN_7_ADJ_b,M,S,le coussin avec les cahiers que j' aime beaucoup n' est pas vert <eos>,12,vert,verte,10,M,P,vert,-8.473483,verte,-12.166327,1
10561,S_NOUN_7_ADJ_b,M,S,le coussin avec les cahiers que j' aime beaucoup n' est pas bleu <eos>,12,bleu,bleue,10,M,P,bleu,-7.5154,bleue,-11.985959,1
10562,S_NOUN_7_ADJ_b,M,S,le coussin avec les cahiers que j' aime beaucoup n' est pas noir <eos>,12,noir,noire,10,M,P,noir,-5.580892,noire,-12.193871,1
10563,S_NOUN_7_ADJ_b,M,S,le coussin avec les cahiers que j' aime beaucoup n' est pas délicat <eos>,12,délicat,délicate,10,M,P,délicat,-9.778231,délicate,-15.215173,1
10564,S_NOUN_7_ADJ_b,M,S,le coussin avec les cahiers que j' aime beaucoup n' est pas pointu <eos>,12,pointu,pointue,10,M,P,pointu,-9.916991,pointue,-15.207355,1
10565,S_NOUN_7_ADJ_b,M,S,le coussin avec les cahiers que j' aime beaucoup n' est pas rond <eos>,12,rond,ronde,10,M,P,rond,-6.2539606,ronde,-12.254381,1
10566,S_NOUN_7_ADJ_b,M,S,le coussin avec les cahiers que j' aime beaucoup n' est pas froid <eos>,12,froid,froide,10,M,P,froid,-10.422315,froide,-15.02055,1
10567,S_NOUN_7_ADJ_b,M,S,le coussin avec les cahiers que j' aime beaucoup n' est pas chaud <eos>,12,chaud,chaude,10,M,P,chaud,-9.1133795,chaude,-14.798531,1
10568,S_NOUN_7_ADJ_b,M,S,le coussin avec les cahiers que j' aime beaucoup n' est pas important <eos>,12,important,importante,10,M,P,important,-8.18546,importante,-12.0713005,1
10569,S_NOUN_7_ADJ_b,M,S,le coussin avec les cahiers que j' aime beaucoup n' est pas court <eos>,12,court,courte,10,M,P,court,-9.495565,courte,-13.114646,1
10570,S_NOUN_7_ADJ_b,M,S,le coussin avec les cahiers que j' aime beaucoup n' est pas dur <eos>,12,dur,dure,10,M,P,dur,-7.678713,dure,-11.401891,1
10571,S_NOUN_7_ADJ_b,M,S,le coussin avec les cahiers que j' aime beaucoup n' est pas clair <eos>,12,clair,claire,10,M,P,clair,-5.3134303,claire,-9.308575,1
10572,S_NOUN_7_ADJ_b,M,S,le coussin avec les cahiers que j' aime beaucoup n' est pas intéressant <eos>,12,intéressant,intéressante,10,M,P,intéressant,-7.660676,intéressante,-12.253797,1
10573,S_NOUN_7_ADJ_b,M,S,le coussin avec les cahiers que j' aime beaucoup n' est pas brillant <eos>,12,brillant,brillante,10,M,P,brillant,-7.970528,brillante,-11.510134,1
10574,S_NOUN_7_ADJ_b,M,S,le coussin avec les cahiers que j' aime beaucoup n' est pas compliqué <eos>,12,compliqué,compliquée,10,M,P,compliqué,-9.594509,compliquée,-13.832961,1
10575,S_NOUN_7_ADJ_b,M,S,le coussin avec les micros que j' aime beaucoup n' est pas vert <eos>,12,vert,verte,10,M,P,vert,-9.216959,verte,-12.50489,1
10576,S_NOUN_7_ADJ_b,M,S,le coussin avec les micros que j' aime beaucoup n' est pas bleu <eos>,12,bleu,bleue,10,M,P,bleu,-8.384722,bleue,-12.493608,1
10577,S_NOUN_7_ADJ_b,M,S,le coussin avec les micros que j' aime beaucoup n' est pas noir <eos>,12,noir,noire,10,M,P,noir,-6.055839,noire,-12.161493,1
10578,S_NOUN_7_ADJ_b,M,S,le coussin avec les micros que j' aime beaucoup n' est pas délicat <eos>,12,délicat,délicate,10,M,P,délicat,-9.705094,délicate,-15.419222,1
10579,S_NOUN_7_ADJ_b,M,S,le coussin avec les micros que j' aime beaucoup n' est pas pointu <eos>,12,pointu,pointue,10,M,P,pointu,-9.649863,pointue,-15.556036,1
10580,S_NOUN_7_ADJ_b,M,S,le coussin avec les micros que j' aime beaucoup n' est pas rond <eos>,12,rond,ronde,10,M,P,rond,-7.205349,ronde,-12.821744,1
10581,S_NOUN_7_ADJ_b,M,S,le coussin avec les micros que j' aime beaucoup n' est pas froid <eos>,12,froid,froide,10,M,P,froid,-10.34232,froide,-14.573738,1
10582,S_NOUN_7_ADJ_b,M,S,le coussin avec les micros que j' aime beaucoup n' est pas chaud <eos>,12,chaud,chaude,10,M,P,chaud,-9.333578,chaude,-13.76005,1
10583,S_NOUN_7_ADJ_b,M,S,le coussin avec les micros que j' aime beaucoup n' est pas important <eos>,12,important,importante,10,M,P,important,-8.169259,importante,-12.113261,1
10584,S_NOUN_7_ADJ_b,M,S,le coussin avec les micros que j' aime beaucoup n' est pas court <eos>,12,court,courte,10,M,P,court,-9.232471,courte,-12.898623,1
10585,S_NOUN_7_ADJ_b,M,S,le coussin avec les micros que j' aime beaucoup n' est pas dur <eos>,12,dur,dure,10,M,P,dur,-7.3886623,dure,-10.912317,1
10586,S_NOUN_7_ADJ_b,M,S,le coussin avec les micros que j' aime beaucoup n' est pas clair <eos>,12,clair,claire,10,M,P,clair,-5.6202106,claire,-8.919776,1
10587,S_NOUN_7_ADJ_b,M,S,le coussin avec les micros que j' aime beaucoup n' est pas intéressant <eos>,12,intéressant,intéressante,10,M,P,intéressant,-8.034149,intéressante,-12.053413,1
10588,S_NOUN_7_ADJ_b,M,S,le coussin avec les micros que j' aime beaucoup n' est pas brillant <eos>,12,brillant,brillante,10,M,P,brillant,-8.280931,brillante,-12.292199,1
10589,S_NOUN_7_ADJ_b,M,S,le coussin avec les micros que j' aime beaucoup n' est pas compliqué <eos>,12,compliqué,compliquée,10,M,P,compliqué,-9.805926,compliquée,-13.463826,1
10590,S_NOUN_7_ADJ_b,M,S,le coussin avec les sacs que j' aime beaucoup n' est pas vert <eos>,12,vert,verte,10,M,P,vert,-8.351171,verte,-11.930743,1
10591,S_NOUN_7_ADJ_b,M,S,le coussin avec les sacs que j' aime beaucoup n' est pas bleu <eos>,12,bleu,bleue,10,M,P,bleu,-7.7516203,bleue,-11.817514,1
10592,S_NOUN_7_ADJ_b,M,S,le coussin avec les sacs que j' aime beaucoup n' est pas noir <eos>,12,noir,noire,10,M,P,noir,-5.3266997,noire,-11.719355,1
10593,S_NOUN_7_ADJ_b,M,S,le coussin avec les sacs que j' aime beaucoup n' est pas délicat <eos>,12,délicat,délicate,10,M,P,délicat,-9.053018,délicate,-14.507353,1
10594,S_NOUN_7_ADJ_b,M,S,le coussin avec les sacs que j' aime beaucoup n' est pas pointu <eos>,12,pointu,pointue,10,M,P,pointu,-10.071672,pointue,-15.564613,1
10595,S_NOUN_7_ADJ_b,M,S,le coussin avec les sacs que j' aime beaucoup n' est pas rond <eos>,12,rond,ronde,10,M,P,rond,-6.5880117,ronde,-12.430684,1
10596,S_NOUN_7_ADJ_b,M,S,le coussin avec les sacs que j' aime beaucoup n' est pas froid <eos>,12,froid,froide,10,M,P,froid,-9.229917,froide,-13.821875,1
10597,S_NOUN_7_ADJ_b,M,S,le coussin avec les sacs que j' aime beaucoup n' est pas chaud <eos>,12,chaud,chaude,10,M,P,chaud,-7.724345,chaude,-13.32773,1
10598,S_NOUN_7_ADJ_b,M,S,le coussin avec les sacs que j' aime beaucoup n' est pas important <eos>,12,important,importante,10,M,P,important,-8.067955,importante,-12.043384,1
10599,S_NOUN_7_ADJ_b,M,S,le coussin avec les sacs que j' aime beaucoup n' est pas court <eos>,12,court,courte,10,M,P,court,-9.453026,courte,-13.006433,1
10600,S_NOUN_7_ADJ_b,M,S,le coussin avec les sacs que j' aime beaucoup n' est pas dur <eos>,12,dur,dure,10,M,P,dur,-7.1773224,dure,-10.389273,1
10601,S_NOUN_7_ADJ_b,M,S,le coussin avec les sacs que j' aime beaucoup n' est pas clair <eos>,12,clair,claire,10,M,P,clair,-5.2875423,claire,-9.079512,1
10602,S_NOUN_7_ADJ_b,M,S,le coussin avec les sacs que j' aime beaucoup n' est pas intéressant <eos>,12,intéressant,intéressante,10,M,P,intéressant,-7.8781886,intéressante,-11.960411,1
10603,S_NOUN_7_ADJ_b,M,S,le coussin avec les sacs que j' aime beaucoup n' est pas brillant <eos>,12,brillant,brillante,10,M,P,brillant,-7.652406,brillante,-11.841717,1
10604,S_NOUN_7_ADJ_b,M,S,le coussin avec les sacs que j' aime beaucoup n' est pas compliqué <eos>,12,compliqué,compliquée,10,M,P,compliqué,-9.151226,compliquée,-13.372729,1
10605,S_NOUN_7_ADJ_b,M,S,le coussin avec les claviers que j' aime beaucoup n' est pas vert <eos>,12,vert,verte,10,M,P,vert,-9.774204,verte,-13.530477,1
10606,S_NOUN_7_ADJ_b,M,S,le coussin avec les claviers que j' aime beaucoup n' est pas bleu <eos>,12,bleu,bleue,10,M,P,bleu,-8.913085,bleue,-13.037377,1
10607,S_NOUN_7_ADJ_b,M,S,le coussin avec les claviers que j' aime beaucoup n' est pas noir <eos>,12,noir,noire,10,M,P,noir,-6.576321,noire,-12.462479,1
10608,S_NOUN_7_ADJ_b,M,S,le coussin avec les claviers que j' aime beaucoup n' est pas délicat <eos>,12,délicat,délicate,10,M,P,délicat,-9.370223,délicate,-15.29763,1
10609,S_NOUN_7_ADJ_b,M,S,le coussin avec les claviers que j' aime beaucoup n' est pas pointu <eos>,12,pointu,pointue,10,M,P,pointu,-9.11318,pointue,-15.068726,1
10610,S_NOUN_7_ADJ_b,M,S,le coussin avec les claviers que j' aime beaucoup n' est pas rond <eos>,12,rond,ronde,10,M,P,rond,-6.6489296,ronde,-12.239824,1
10611,S_NOUN_7_ADJ_b,M,S,le coussin avec les claviers que j' aime beaucoup n' est pas froid <eos>,12,froid,froide,10,M,P,froid,-10.759415,froide,-15.292552,1
10612,S_NOUN_7_ADJ_b,M,S,le coussin avec les claviers que j' aime beaucoup n' est pas chaud <eos>,12,chaud,chaude,10,M,P,chaud,-9.382305,chaude,-14.248923,1
10613,S_NOUN_7_ADJ_b,M,S,le coussin avec les claviers que j' aime beaucoup n' est pas important <eos>,12,important,importante,10,M,P,important,-7.899293,importante,-11.808029,1
10614,S_NOUN_7_ADJ_b,M,S,le coussin avec les claviers que j' aime beaucoup n' est pas court <eos>,12,court,courte,10,M,P,court,-8.603905,courte,-12.013699,1
10615,S_NOUN_7_ADJ_b,M,S,le coussin avec les claviers que j' aime beaucoup n' est pas dur <eos>,12,dur,dure,10,M,P,dur,-7.247769,dure,-10.644987,1
10616,S_NOUN_7_ADJ_b,M,S,le coussin avec les claviers que j' aime beaucoup n' est pas clair <eos>,12,clair,claire,10,M,P,clair,-5.5974836,claire,-9.297492,1
10617,S_NOUN_7_ADJ_b,M,S,le coussin avec les claviers que j' aime beaucoup n' est pas intéressant <eos>,12,intéressant,intéressante,10,M,P,intéressant,-8.171492,intéressante,-12.071857,1
10618,S_NOUN_7_ADJ_b,M,S,le coussin avec les claviers que j' aime beaucoup n' est pas brillant <eos>,12,brillant,brillante,10,M,P,brillant,-8.219912,brillante,-12.413675,1
10619,S_NOUN_7_ADJ_b,M,S,le coussin avec les claviers que j' aime beaucoup n' est pas compliqué <eos>,12,compliqué,compliquée,10,M,P,compliqué,-9.359012,compliquée,-13.066505,1
10620,S_NOUN_7_ADJ_b,M,S,le coussin avec les raisins que j' aime beaucoup n' est pas vert <eos>,12,vert,verte,10,M,P,vert,-7.7967763,verte,-12.267565,1
10621,S_NOUN_7_ADJ_b,M,S,le coussin avec les raisins que j' aime beaucoup n' est pas bleu <eos>,12,bleu,bleue,10,M,P,bleu,-6.9256396,bleue,-11.753151,1
10622,S_NOUN_7_ADJ_b,M,S,le coussin avec les raisins que j' aime beaucoup n' est pas noir <eos>,12,noir,noire,10,M,P,noir,-5.155636,noire,-11.607239,1
10623,S_NOUN_7_ADJ_b,M,S,le coussin avec les raisins que j' aime beaucoup n' est pas délicat <eos>,12,délicat,délicate,10,M,P,délicat,-8.66241,délicate,-14.218278,1
10624,S_NOUN_7_ADJ_b,M,S,le coussin avec les raisins que j' aime beaucoup n' est pas pointu <eos>,12,pointu,pointue,10,M,P,pointu,-10.687881,pointue,-15.858922,1
10625,S_NOUN_7_ADJ_b,M,S,le coussin avec les raisins que j' aime beaucoup n' est pas rond <eos>,12,rond,ronde,10,M,P,rond,-6.1769934,ronde,-12.440727,1
10626,S_NOUN_7_ADJ_b,M,S,le coussin avec les raisins que j' aime beaucoup n' est pas froid <eos>,12,froid,froide,10,M,P,froid,-8.796494,froide,-13.566782,1
10627,S_NOUN_7_ADJ_b,M,S,le coussin avec les raisins que j' aime beaucoup n' est pas chaud <eos>,12,chaud,chaude,10,M,P,chaud,-7.685927,chaude,-12.428471,1
10628,S_NOUN_7_ADJ_b,M,S,le coussin avec les raisins que j' aime beaucoup n' est pas important <eos>,12,important,importante,10,M,P,important,-8.257573,importante,-11.797902,1
10629,S_NOUN_7_ADJ_b,M,S,le coussin avec les raisins que j' aime beaucoup n' est pas court <eos>,12,court,courte,10,M,P,court,-9.391518,courte,-13.363161,1
10630,S_NOUN_7_ADJ_b,M,S,le coussin avec les raisins que j' aime beaucoup n' est pas dur <eos>,12,dur,dure,10,M,P,dur,-8.132645,dure,-10.516482,1
10631,S_NOUN_7_ADJ_b,M,S,le coussin avec les raisins que j' aime beaucoup n' est pas clair <eos>,12,clair,claire,10,M,P,clair,-4.3558345,claire,-8.341595,1
10632,S_NOUN_7_ADJ_b,M,S,le coussin avec les raisins que j' aime beaucoup n' est pas intéressant <eos>,12,intéressant,intéressante,10,M,P,intéressant,-8.340183,intéressante,-12.134605,1
10633,S_NOUN_7_ADJ_b,M,S,le coussin avec les raisins que j' aime beaucoup n' est pas brillant <eos>,12,brillant,brillante,10,M,P,brillant,-8.026215,brillante,-11.893747,1
10634,S_NOUN_7_ADJ_b,M,S,le coussin avec les raisins que j' aime beaucoup n' est pas compliqué <eos>,12,compliqué,compliquée,10,M,P,compliqué,-9.269961,compliquée,-13.75108,1
10635,S_NOUN_7_ADJ_b,M,S,le coussin avec les chargeurs que j' aime beaucoup n' est pas vert <eos>,12,vert,verte,10,M,P,vert,-8.895315,verte,-12.252451,1
10636,S_NOUN_7_ADJ_b,M,S,le coussin avec les chargeurs que j' aime beaucoup n' est pas bleu <eos>,12,bleu,bleue,10,M,P,bleu,-8.407547,bleue,-12.804987,1
10637,S_NOUN_7_ADJ_b,M,S,le coussin avec les chargeurs que j' aime beaucoup n' est pas noir <eos>,12,noir,noire,10,M,P,noir,-6.0010653,noire,-11.907936,1
10638,S_NOUN_7_ADJ_b,M,S,le coussin avec les chargeurs que j' aime beaucoup n' est pas délicat <eos>,12,délicat,délicate,10,M,P,délicat,-10.151079,délicate,-15.899846,1
10639,S_NOUN_7_ADJ_b,M,S,le coussin avec les chargeurs que j' aime beaucoup n' est pas pointu <eos>,12,pointu,pointue,10,M,P,pointu,-9.581354,pointue,-15.071224,1
10640,S_NOUN_7_ADJ_b,M,S,le coussin avec les chargeurs que j' aime beaucoup n' est pas rond <eos>,12,rond,ronde,10,M,P,rond,-7.2640567,ronde,-11.867704,1
10641,S_NOUN_7_ADJ_b,M,S,le coussin avec les chargeurs que j' aime beaucoup n' est pas froid <eos>,12,froid,froide,10,M,P,froid,-10.283973,froide,-14.988286,1
10642,S_NOUN_7_ADJ_b,M,S,le coussin avec les chargeurs que j' aime beaucoup n' est pas chaud <eos>,12,chaud,chaude,10,M,P,chaud,-8.869215,chaude,-14.355554,1
10643,S_NOUN_7_ADJ_b,M,S,le coussin avec les chargeurs que j' aime beaucoup n' est pas important <eos>,12,important,importante,10,M,P,important,-7.9317217,importante,-11.529665,1
10644,S_NOUN_7_ADJ_b,M,S,le coussin avec les chargeurs que j' aime beaucoup n' est pas court <eos>,12,court,courte,10,M,P,court,-8.789232,courte,-12.643158,1
10645,S_NOUN_7_ADJ_b,M,S,le coussin avec les chargeurs que j' aime beaucoup n' est pas dur <eos>,12,dur,dure,10,M,P,dur,-8.367143,dure,-11.725405,1
10646,S_NOUN_7_ADJ_b,M,S,le coussin avec les chargeurs que j' aime beaucoup n' est pas clair <eos>,12,clair,claire,10,M,P,clair,-6.328825,claire,-9.852913,1
10647,S_NOUN_7_ADJ_b,M,S,le coussin avec les chargeurs que j' aime beaucoup n' est pas intéressant <eos>,12,intéressant,intéressante,10,M,P,intéressant,-7.937375,intéressante,-12.121342,1
10648,S_NOUN_7_ADJ_b,M,S,le coussin avec les chargeurs que j' aime beaucoup n' est pas brillant <eos>,12,brillant,brillante,10,M,P,brillant,-8.717377,brillante,-12.747242,1
10649,S_NOUN_7_ADJ_b,M,S,le coussin avec les chargeurs que j' aime beaucoup n' est pas compliqué <eos>,12,compliqué,compliquée,10,M,P,compliqué,-9.651469,compliquée,-13.781536,1
10650,S_NOUN_7_ADJ_b,M,S,le coussin avec les vases que j' aime beaucoup n' est pas vert <eos>,12,vert,verte,10,M,P,vert,-8.071619,verte,-11.6059475,1
10651,S_NOUN_7_ADJ_b,M,S,le coussin avec les vases que j' aime beaucoup n' est pas bleu <eos>,12,bleu,bleue,10,M,P,bleu,-7.1672,bleue,-11.595869,1
10652,S_NOUN_7_ADJ_b,M,S,le coussin avec les vases que j' aime beaucoup n' est pas noir <eos>,12,noir,noire,10,M,P,noir,-5.506604,noire,-11.587332,1
10653,S_NOUN_7_ADJ_b,M,S,le coussin avec les vases que j' aime beaucoup n' est pas délicat <eos>,12,délicat,délicate,10,M,P,délicat,-9.341326,délicate,-14.230359,1
10654,S_NOUN_7_ADJ_b,M,S,le coussin avec les vases que j' aime beaucoup n' est pas pointu <eos>,12,pointu,pointue,10,M,P,pointu,-9.679224,pointue,-14.766641,1
10655,S_NOUN_7_ADJ_b,M,S,le coussin avec les vases que j' aime beaucoup n' est pas rond <eos>,12,rond,ronde,10,M,P,rond,-5.8628316,ronde,-11.799545,1
10656,S_NOUN_7_ADJ_b,M,S,le coussin avec les vases que j' aime beaucoup n' est pas froid <eos>,12,froid,froide,10,M,P,froid,-9.546199,froide,-14.351892,1
10657,S_NOUN_7_ADJ_b,M,S,le coussin avec les vases que j' aime beaucoup n' est pas chaud <eos>,12,chaud,chaude,10,M,P,chaud,-8.479258,chaude,-13.465251,1
10658,S_NOUN_7_ADJ_b,M,S,le coussin avec les vases que j' aime beaucoup n' est pas important <eos>,12,important,importante,10,M,P,important,-8.154432,importante,-11.847319,1
10659,S_NOUN_7_ADJ_b,M,S,le coussin avec les vases que j' aime beaucoup n' est pas court <eos>,12,court,courte,10,M,P,court,-9.410576,courte,-13.010952,1
10660,S_NOUN_7_ADJ_b,M,S,le coussin avec les vases que j' aime beaucoup n' est pas dur <eos>,12,dur,dure,10,M,P,dur,-8.204846,dure,-11.045867,1
10661,S_NOUN_7_ADJ_b,M,S,le coussin avec les vases que j' aime beaucoup n' est pas clair <eos>,12,clair,claire,10,M,P,clair,-4.6969843,claire,-8.151689,1
10662,S_NOUN_7_ADJ_b,M,S,le coussin avec les vases que j' aime beaucoup n' est pas intéressant <eos>,12,intéressant,intéressante,10,M,P,intéressant,-8.495632,intéressante,-12.584168,1
10663,S_NOUN_7_ADJ_b,M,S,le coussin avec les vases que j' aime beaucoup n' est pas brillant <eos>,12,brillant,brillante,10,M,P,brillant,-7.3978662,brillante,-11.501615,1
10664,S_NOUN_7_ADJ_b,M,S,le coussin avec les vases que j' aime beaucoup n' est pas compliqué <eos>,12,compliqué,compliquée,10,M,P,compliqué,-9.47913,compliquée,-13.689261,1
10665,S_NOUN_7_ADJ_b,M,S,le coussin avec les paniers que j' aime beaucoup n' est pas vert <eos>,12,vert,verte,10,M,P,vert,-8.069316,verte,-12.065256,1
10666,S_NOUN_7_ADJ_b,M,S,le coussin avec les paniers que j' aime beaucoup n' est pas bleu <eos>,12,bleu,bleue,10,M,P,bleu,-7.5526466,bleue,-12.030934,1
10667,S_NOUN_7_ADJ_b,M,S,le coussin avec les paniers que j' aime beaucoup n' est pas noir <eos>,12,noir,noire,10,M,P,noir,-5.2717886,noire,-11.669871,1
10668,S_NOUN_7_ADJ_b,M,S,le coussin avec les paniers que j' aime beaucoup n' est pas délicat <eos>,12,délicat,délicate,10,M,P,délicat,-9.06101,délicate,-14.60805,1
10669,S_NOUN_7_ADJ_b,M,S,le coussin avec les paniers que j' aime beaucoup n' est pas pointu <eos>,12,pointu,pointue,10,M,P,pointu,-8.7409115,pointue,-14.025961,1
10670,S_NOUN_7_ADJ_b,M,S,le coussin avec les paniers que j' aime beaucoup n' est pas rond <eos>,12,rond,ronde,10,M,P,rond,-5.5365515,ronde,-11.745087,1
10671,S_NOUN_7_ADJ_b,M,S,le coussin avec les paniers que j' aime beaucoup n' est pas froid <eos>,12,froid,froide,10,M,P,froid,-10.033502,froide,-15.562961,1
10672,S_NOUN_7_ADJ_b,M,S,le coussin avec les paniers que j' aime beaucoup n' est pas chaud <eos>,12,chaud,chaude,10,M,P,chaud,-8.643118,chaude,-14.49221,1
10673,S_NOUN_7_ADJ_b,M,S,le coussin avec les paniers que j' aime beaucoup n' est pas important <eos>,12,important,importante,10,M,P,important,-7.922544,importante,-11.729359,1
10674,S_NOUN_7_ADJ_b,M,S,le coussin avec les paniers que j' aime beaucoup n' est pas court <eos>,12,court,courte,10,M,P,court,-8.384514,courte,-12.219322,1
10675,S_NOUN_7_ADJ_b,M,S,le coussin avec les paniers que j' aime beaucoup n' est pas dur <eos>,12,dur,dure,10,M,P,dur,-7.4311705,dure,-10.749113,1
10676,S_NOUN_7_ADJ_b,M,S,le coussin avec les paniers que j' aime beaucoup n' est pas clair <eos>,12,clair,claire,10,M,P,clair,-5.1470013,claire,-9.000757,1
10677,S_NOUN_7_ADJ_b,M,S,le coussin avec les paniers que j' aime beaucoup n' est pas intéressant <eos>,12,intéressant,intéressante,10,M,P,intéressant,-7.955287,intéressante,-12.775303,1
10678,S_NOUN_7_ADJ_b,M,S,le coussin avec les paniers que j' aime beaucoup n' est pas brillant <eos>,12,brillant,brillante,10,M,P,brillant,-7.4958563,brillante,-11.574447,1
10679,S_NOUN_7_ADJ_b,M,S,le coussin avec les paniers que j' aime beaucoup n' est pas compliqué <eos>,12,compliqué,compliquée,10,M,P,compliqué,-9.44234,compliquée,-13.3878765,1
10680,S_NOUN_7_ADJ_b,M,S,le coussin avec les colliers que j' aime beaucoup n' est pas vert <eos>,12,vert,verte,10,M,P,vert,-8.360825,verte,-12.092922,1
10681,S_NOUN_7_ADJ_b,M,S,le coussin avec les colliers que j' aime beaucoup n' est pas bleu <eos>,12,bleu,bleue,10,M,P,bleu,-7.4149966,bleue,-11.967796,1
10682,S_NOUN_7_ADJ_b,M,S,le coussin avec les colliers que j' aime beaucoup n' est pas noir <eos>,12,noir,noire,10,M,P,noir,-5.3215637,noire,-11.605236,1
10683,S_NOUN_7_ADJ_b,M,S,le coussin avec les colliers que j' aime beaucoup n' est pas délicat <eos>,12,délicat,délicate,10,M,P,délicat,-9.273187,délicate,-14.506977,1
10684,S_NOUN_7_ADJ_b,M,S,le coussin avec les colliers que j' aime beaucoup n' est pas pointu <eos>,12,pointu,pointue,10,M,P,pointu,-9.252426,pointue,-14.829408,1
10685,S_NOUN_7_ADJ_b,M,S,le coussin avec les colliers que j' aime beaucoup n' est pas rond <eos>,12,rond,ronde,10,M,P,rond,-6.0465255,ronde,-12.0596695,1
10686,S_NOUN_7_ADJ_b,M,S,le coussin avec les colliers que j' aime beaucoup n' est pas froid <eos>,12,froid,froide,10,M,P,froid,-9.884941,froide,-15.055077,1
10687,S_NOUN_7_ADJ_b,M,S,le coussin avec les colliers que j' aime beaucoup n' est pas chaud <eos>,12,chaud,chaude,10,M,P,chaud,-8.486796,chaude,-14.670709,1
10688,S_NOUN_7_ADJ_b,M,S,le coussin avec les colliers que j' aime beaucoup n' est pas important <eos>,12,important,importante,10,M,P,important,-8.104065,importante,-12.187874,1
10689,S_NOUN_7_ADJ_b,M,S,le coussin avec les colliers que j' aime beaucoup n' est pas court <eos>,12,court,courte,10,M,P,court,-8.822817,courte,-12.922623,1
10690,S_NOUN_7_ADJ_b,M,S,le coussin avec les colliers que j' aime beaucoup n' est pas dur <eos>,12,dur,dure,10,M,P,dur,-7.605258,dure,-11.170731,1
10691,S_NOUN_7_ADJ_b,M,S,le coussin avec les colliers que j' aime beaucoup n' est pas clair <eos>,12,clair,claire,10,M,P,clair,-5.440465,claire,-9.319746,1
10692,S_NOUN_7_ADJ_b,M,S,le coussin avec les colliers que j' aime beaucoup n' est pas intéressant <eos>,12,intéressant,intéressante,10,M,P,intéressant,-7.9034824,intéressante,-13.032421,1
10693,S_NOUN_7_ADJ_b,M,S,le coussin avec les colliers que j' aime beaucoup n' est pas brillant <eos>,12,brillant,brillante,10,M,P,brillant,-7.1225476,brillante,-11.294624,1
10694,S_NOUN_7_ADJ_b,M,S,le coussin avec les colliers que j' aime beaucoup n' est pas compliqué <eos>,12,compliqué,compliquée,10,M,P,compliqué,-9.08632,compliquée,-13.331944,1
10695,S_NOUN_7_ADJ_b,M,S,le coussin avec les chapeaux que j' aime beaucoup n' est pas vert <eos>,12,vert,verte,10,M,P,vert,-8.051671,verte,-11.827194,1
10696,S_NOUN_7_ADJ_b,M,S,le coussin avec les chapeaux que j' aime beaucoup n' est pas bleu <eos>,12,bleu,bleue,10,M,P,bleu,-7.2100286,bleue,-11.745646,1
10697,S_NOUN_7_ADJ_b,M,S,le coussin avec les chapeaux que j' aime beaucoup n' est pas noir <eos>,12,noir,noire,10,M,P,noir,-5.16356,noire,-11.430951,1
10698,S_NOUN_7_ADJ_b,M,S,le coussin avec les chapeaux que j' aime beaucoup n' est pas délicat <eos>,12,délicat,délicate,10,M,P,délicat,-9.455145,délicate,-15.242777,1
10699,S_NOUN_7_ADJ_b,M,S,le coussin avec les chapeaux que j' aime beaucoup n' est pas pointu <eos>,12,pointu,pointue,10,M,P,pointu,-9.505827,pointue,-14.82579,1
10700,S_NOUN_7_ADJ_b,M,S,le coussin avec les chapeaux que j' aime beaucoup n' est pas rond <eos>,12,rond,ronde,10,M,P,rond,-5.826578,ronde,-11.68792,1
10701,S_NOUN_7_ADJ_b,M,S,le coussin avec les chapeaux que j' aime beaucoup n' est pas froid <eos>,12,froid,froide,10,M,P,froid,-9.764845,froide,-14.9626465,1
10702,S_NOUN_7_ADJ_b,M,S,le coussin avec les chapeaux que j' aime beaucoup n' est pas chaud <eos>,12,chaud,chaude,10,M,P,chaud,-8.50776,chaude,-14.223722,1
10703,S_NOUN_7_ADJ_b,M,S,le coussin avec les chapeaux que j' aime beaucoup n' est pas important <eos>,12,important,importante,10,M,P,important,-8.369557,importante,-12.27551,1
10704,S_NOUN_7_ADJ_b,M,S,le coussin avec les chapeaux que j' aime beaucoup n' est pas court <eos>,12,court,courte,10,M,P,court,-8.717117,courte,-12.949066,1
10705,S_NOUN_7_ADJ_b,M,S,le coussin avec les chapeaux que j' aime beaucoup n' est pas dur <eos>,12,dur,dure,10,M,P,dur,-7.3827667,dure,-10.683826,1
10706,S_NOUN_7_ADJ_b,M,S,le coussin avec les chapeaux que j' aime beaucoup n' est pas clair <eos>,12,clair,claire,10,M,P,clair,-5.3139467,claire,-9.0805435,1
10707,S_NOUN_7_ADJ_b,M,S,le coussin avec les chapeaux que j' aime beaucoup n' est pas intéressant <eos>,12,intéressant,intéressante,10,M,P,intéressant,-7.976246,intéressante,-13.05117,1
10708,S_NOUN_7_ADJ_b,M,S,le coussin avec les chapeaux que j' aime beaucoup n' est pas brillant <eos>,12,brillant,brillante,10,M,P,brillant,-7.6177154,brillante,-11.694181,1
10709,S_NOUN_7_ADJ_b,M,S,le coussin avec les chapeaux que j' aime beaucoup n' est pas compliqué <eos>,12,compliqué,compliquée,10,M,P,compliqué,-9.505556,compliquée,-13.728952,1
10710,S_NOUN_7_ADJ_b,M,S,le coussin avec les pots que j' aime beaucoup n' est pas vert <eos>,12,vert,verte,10,M,P,vert,-8.033074,verte,-11.732515,1
10711,S_NOUN_7_ADJ_b,M,S,le coussin avec les pots que j' aime beaucoup n' est pas bleu <eos>,12,bleu,bleue,10,M,P,bleu,-7.2873173,bleue,-11.722435,1
10712,S_NOUN_7_ADJ_b,M,S,le coussin avec les pots que j' aime beaucoup n' est pas noir <eos>,12,noir,noire,10,M,P,noir,-5.3646398,noire,-11.647869,1
10713,S_NOUN_7_ADJ_b,M,S,le coussin avec les pots que j' aime beaucoup n' est pas délicat <eos>,12,délicat,délicate,10,M,P,délicat,-9.40032,délicate,-14.822609,1
10714,S_NOUN_7_ADJ_b,M,S,le coussin avec les pots que j' aime beaucoup n' est pas pointu <eos>,12,pointu,pointue,10,M,P,pointu,-10.311693,pointue,-15.491497,1
10715,S_NOUN_7_ADJ_b,M,S,le coussin avec les pots que j' aime beaucoup n' est pas rond <eos>,12,rond,ronde,10,M,P,rond,-6.612433,ronde,-12.298861,1
10716,S_NOUN_7_ADJ_b,M,S,le coussin avec les pots que j' aime beaucoup n' est pas froid <eos>,12,froid,froide,10,M,P,froid,-9.25692,froide,-13.928449,1
10717,S_NOUN_7_ADJ_b,M,S,le coussin avec les pots que j' aime beaucoup n' est pas chaud <eos>,12,chaud,chaude,10,M,P,chaud,-8.130374,chaude,-13.434776,1
10718,S_NOUN_7_ADJ_b,M,S,le coussin avec les pots que j' aime beaucoup n' est pas important <eos>,12,important,importante,10,M,P,important,-8.29777,importante,-12.302747,1
10719,S_NOUN_7_ADJ_b,M,S,le coussin avec les pots que j' aime beaucoup n' est pas court <eos>,12,court,courte,10,M,P,court,-9.688411,courte,-13.388942,1
10720,S_NOUN_7_ADJ_b,M,S,le coussin avec les pots que j' aime beaucoup n' est pas dur <eos>,12,dur,dure,10,M,P,dur,-7.302848,dure,-10.534014,1
10721,S_NOUN_7_ADJ_b,M,S,le coussin avec les pots que j' aime beaucoup n' est pas clair <eos>,12,clair,claire,10,M,P,clair,-5.107808,claire,-8.809901,1
10722,S_NOUN_7_ADJ_b,M,S,le coussin avec les pots que j' aime beaucoup n' est pas intéressant <eos>,12,intéressant,intéressante,10,M,P,intéressant,-8.298051,intéressante,-12.572949,1
10723,S_NOUN_7_ADJ_b,M,S,le coussin avec les pots que j' aime beaucoup n' est pas brillant <eos>,12,brillant,brillante,10,M,P,brillant,-7.622247,brillante,-11.764139,1
10724,S_NOUN_7_ADJ_b,M,S,le coussin avec les pots que j' aime beaucoup n' est pas compliqué <eos>,12,compliqué,compliquée,10,M,P,compliqué,-9.382837,compliquée,-13.679693,1
10725,S_NOUN_7_ADJ_b,M,S,le coussin avec les coussins que j' aime beaucoup n' est pas vert <eos>,12,vert,verte,10,M,P,vert,-8.306865,verte,-11.685985,1
10726,S_NOUN_7_ADJ_b,M,S,le coussin avec les coussins que j' aime beaucoup n' est pas bleu <eos>,12,bleu,bleue,10,M,P,bleu,-7.7988534,bleue,-11.549206,1
10727,S_NOUN_7_ADJ_b,M,S,le coussin avec les coussins que j' aime beaucoup n' est pas noir <eos>,12,noir,noire,10,M,P,noir,-5.6137543,noire,-11.560191,1
10728,S_NOUN_7_ADJ_b,M,S,le coussin avec les coussins que j' aime beaucoup n' est pas délicat <eos>,12,délicat,délicate,10,M,P,délicat,-9.853505,délicate,-14.626483,1
10729,S_NOUN_7_ADJ_b,M,S,le coussin avec les coussins que j' aime beaucoup n' est pas pointu <eos>,12,pointu,pointue,10,M,P,pointu,-9.421486,pointue,-14.957708,1
10730,S_NOUN_7_ADJ_b,M,S,le coussin avec les coussins que j' aime beaucoup n' est pas rond <eos>,12,rond,ronde,10,M,P,rond,-5.9247355,ronde,-12.194963,1
10731,S_NOUN_7_ADJ_b,M,S,le coussin avec les coussins que j' aime beaucoup n' est pas froid <eos>,12,froid,froide,10,M,P,froid,-10.015903,froide,-14.526096,1
10732,S_NOUN_7_ADJ_b,M,S,le coussin avec les coussins que j' aime beaucoup n' est pas chaud <eos>,12,chaud,chaude,10,M,P,chaud,-8.445672,chaude,-13.948609,1
10733,S_NOUN_7_ADJ_b,M,S,le coussin avec les coussins que j' aime beaucoup n' est pas important <eos>,12,important,importante,10,M,P,important,-8.203726,importante,-11.8564205,1
10734,S_NOUN_7_ADJ_b,M,S,le coussin avec les coussins que j' aime beaucoup n' est pas court <eos>,12,court,courte,10,M,P,court,-9.043952,courte,-12.891085,1
10735,S_NOUN_7_ADJ_b,M,S,le coussin avec les coussins que j' aime beaucoup n' est pas dur <eos>,12,dur,dure,10,M,P,dur,-8.260563,dure,-11.132824,1
10736,S_NOUN_7_ADJ_b,M,S,le coussin avec les coussins que j' aime beaucoup n' est pas clair <eos>,12,clair,claire,10,M,P,clair,-5.728223,claire,-8.899697,1
10737,S_NOUN_7_ADJ_b,M,S,le coussin avec les coussins que j' aime beaucoup n' est pas intéressant <eos>,12,intéressant,intéressante,10,M,P,intéressant,-8.196506,intéressante,-12.323598,1
10738,S_NOUN_7_ADJ_b,M,S,le coussin avec les coussins que j' aime beaucoup n' est pas brillant <eos>,12,brillant,brillante,10,M,P,brillant,-7.8335595,brillante,-11.7253895,1
10739,S_NOUN_7_ADJ_b,M,S,le coussin avec les coussins que j' aime beaucoup n' est pas compliqué <eos>,12,compliqué,compliquée,10,M,P,compliqué,-9.55776,compliquée,-13.068893,1
10740,S_NOUN_7_ADJ_b,M,S,le coussin avec les jouets que j' aime beaucoup n' est pas vert <eos>,12,vert,verte,10,M,P,vert,-8.6634445,verte,-11.993954,1
10741,S_NOUN_7_ADJ_b,M,S,le coussin avec les jouets que j' aime beaucoup n' est pas bleu <eos>,12,bleu,bleue,10,M,P,bleu,-7.9444003,bleue,-12.0741825,1
10742,S_NOUN_7_ADJ_b,M,S,le coussin avec les jouets que j' aime beaucoup n' est pas noir <eos>,12,noir,noire,10,M,P,noir,-5.7093105,noire,-11.587365,1
10743,S_NOUN_7_ADJ_b,M,S,le coussin avec les jouets que j' aime beaucoup n' est pas délicat <eos>,12,délicat,délicate,10,M,P,délicat,-10.059625,délicate,-15.208984,1
10744,S_NOUN_7_ADJ_b,M,S,le coussin avec les jouets que j' aime beaucoup n' est pas pointu <eos>,12,pointu,pointue,10,M,P,pointu,-10.064355,pointue,-15.501559,1
10745,S_NOUN_7_ADJ_b,M,S,le coussin avec les jouets que j' aime beaucoup n' est pas rond <eos>,12,rond,ronde,10,M,P,rond,-6.6200905,ronde,-12.189622,1
10746,S_NOUN_7_ADJ_b,M,S,le coussin avec les jouets que j' aime beaucoup n' est pas froid <eos>,12,froid,froide,10,M,P,froid,-9.419449,froide,-14.140993,1
10747,S_NOUN_7_ADJ_b,M,S,le coussin avec les jouets que j' aime beaucoup n' est pas chaud <eos>,12,chaud,chaude,10,M,P,chaud,-8.440018,chaude,-13.731748,1
10748,S_NOUN_7_ADJ_b,M,S,le coussin avec les jouets que j' aime beaucoup n' est pas important <eos>,12,important,importante,10,M,P,important,-8.311291,importante,-12.179675,1
10749,S_NOUN_7_ADJ_b,M,S,le coussin avec les jouets que j' aime beaucoup n' est pas court <eos>,12,court,courte,10,M,P,court,-9.262438,courte,-13.201007,1
10750,S_NOUN_7_ADJ_b,M,S,le coussin avec les jouets que j' aime beaucoup n' est pas dur <eos>,12,dur,dure,10,M,P,dur,-7.864797,dure,-11.298306,1
10751,S_NOUN_7_ADJ_b,M,S,le coussin avec les jouets que j' aime beaucoup n' est pas clair <eos>,12,clair,claire,10,M,P,clair,-5.9365244,claire,-9.019794,1
10752,S_NOUN_7_ADJ_b,M,S,le coussin avec les jouets que j' aime beaucoup n' est pas intéressant <eos>,12,intéressant,intéressante,10,M,P,intéressant,-8.175618,intéressante,-12.31852,1
10753,S_NOUN_7_ADJ_b,M,S,le coussin avec les jouets que j' aime beaucoup n' est pas brillant <eos>,12,brillant,brillante,10,M,P,brillant,-8.418812,brillante,-12.309607,1
10754,S_NOUN_7_ADJ_b,M,S,le coussin avec les jouets que j' aime beaucoup n' est pas compliqué <eos>,12,compliqué,compliquée,10,M,P,compliqué,-9.836281,compliquée,-13.423328,1
10755,S_NOUN_7_ADJ_b,M,S,le coussin avec les clous que j' aime beaucoup n' est pas vert <eos>,12,vert,verte,10,M,P,vert,-8.335033,verte,-12.174948,1
10756,S_NOUN_7_ADJ_b,M,S,le coussin avec les clous que j' aime beaucoup n' est pas bleu <eos>,12,bleu,bleue,10,M,P,bleu,-7.931054,bleue,-12.624101,1
10757,S_NOUN_7_ADJ_b,M,S,le coussin avec les clous que j' aime beaucoup n' est pas noir <eos>,12,noir,noire,10,M,P,noir,-5.717456,noire,-11.931686,1
10758,S_NOUN_7_ADJ_b,M,S,le coussin avec les clous que j' aime beaucoup n' est pas délicat <eos>,12,délicat,délicate,10,M,P,délicat,-9.07761,délicate,-14.328751,1
10759,S_NOUN_7_ADJ_b,M,S,le coussin avec les clous que j' aime beaucoup n' est pas pointu <eos>,12,pointu,pointue,10,M,P,pointu,-8.683292,pointue,-13.99143,1
10760,S_NOUN_7_ADJ_b,M,S,le coussin avec les clous que j' aime beaucoup n' est pas rond <eos>,12,rond,ronde,10,M,P,rond,-5.6768413,ronde,-11.630968,1
10761,S_NOUN_7_ADJ_b,M,S,le coussin avec les clous que j' aime beaucoup n' est pas froid <eos>,12,froid,froide,10,M,P,froid,-9.928131,froide,-15.334612,1
10762,S_NOUN_7_ADJ_b,M,S,le coussin avec les clous que j' aime beaucoup n' est pas chaud <eos>,12,chaud,chaude,10,M,P,chaud,-8.564646,chaude,-14.260168,1
10763,S_NOUN_7_ADJ_b,M,S,le coussin avec les clous que j' aime beaucoup n' est pas important <eos>,12,important,importante,10,M,P,important,-8.15341,importante,-11.9997225,1
10764,S_NOUN_7_ADJ_b,M,S,le coussin avec les clous que j' aime beaucoup n' est pas court <eos>,12,court,courte,10,M,P,court,-8.442517,courte,-12.532909,1
10765,S_NOUN_7_ADJ_b,M,S,le coussin avec les clous que j' aime beaucoup n' est pas dur <eos>,12,dur,dure,10,M,P,dur,-7.7094297,dure,-10.735494,1
10766,S_NOUN_7_ADJ_b,M,S,le coussin avec les clous que j' aime beaucoup n' est pas clair <eos>,12,clair,claire,10,M,P,clair,-5.5215864,claire,-9.041243,1
10767,S_NOUN_7_ADJ_b,M,S,le coussin avec les clous que j' aime beaucoup n' est pas intéressant <eos>,12,intéressant,intéressante,10,M,P,intéressant,-8.269095,intéressante,-13.164854,1
10768,S_NOUN_7_ADJ_b,M,S,le coussin avec les clous que j' aime beaucoup n' est pas brillant <eos>,12,brillant,brillante,10,M,P,brillant,-7.5332003,brillante,-12.385737,1
10769,S_NOUN_7_ADJ_b,M,S,le coussin avec les clous que j' aime beaucoup n' est pas compliqué <eos>,12,compliqué,compliquée,10,M,P,compliqué,-9.315813,compliquée,-13.539551,1
10770,S_NOUN_7_ADJ_b,M,S,le coussin avec les billets que j' aime beaucoup n' est pas vert <eos>,12,vert,verte,10,M,P,vert,-8.714492,verte,-12.346759,1
10771,S_NOUN_7_ADJ_b,M,S,le coussin avec les billets que j' aime beaucoup n' est pas bleu <eos>,12,bleu,bleue,10,M,P,bleu,-7.798657,bleue,-12.2660885,1
10772,S_NOUN_7_ADJ_b,M,S,le coussin avec les billets que j' aime beaucoup n' est pas noir <eos>,12,noir,noire,10,M,P,noir,-5.726995,noire,-12.07259,1
10773,S_NOUN_7_ADJ_b,M,S,le coussin avec les billets que j' aime beaucoup n' est pas délicat <eos>,12,délicat,délicate,10,M,P,délicat,-9.856154,délicate,-15.790266,1
10774,S_NOUN_7_ADJ_b,M,S,le coussin avec les billets que j' aime beaucoup n' est pas pointu <eos>,12,pointu,pointue,10,M,P,pointu,-10.070952,pointue,-15.702282,1
10775,S_NOUN_7_ADJ_b,M,S,le coussin avec les billets que j' aime beaucoup n' est pas rond <eos>,12,rond,ronde,10,M,P,rond,-6.725416,ronde,-11.886041,1
10776,S_NOUN_7_ADJ_b,M,S,le coussin avec les billets que j' aime beaucoup n' est pas froid <eos>,12,froid,froide,10,M,P,froid,-10.412724,froide,-14.635304,1
10777,S_NOUN_7_ADJ_b,M,S,le coussin avec les billets que j' aime beaucoup n' est pas chaud <eos>,12,chaud,chaude,10,M,P,chaud,-8.951693,chaude,-14.126045,1
10778,S_NOUN_7_ADJ_b,M,S,le coussin avec les billets que j' aime beaucoup n' est pas important <eos>,12,important,importante,10,M,P,important,-8.120722,importante,-11.933699,1
10779,S_NOUN_7_ADJ_b,M,S,le coussin avec les billets que j' aime beaucoup n' est pas court <eos>,12,court,courte,10,M,P,court,-9.080922,courte,-13.274774,1
10780,S_NOUN_7_ADJ_b,M,S,le coussin avec les billets que j' aime beaucoup n' est pas dur <eos>,12,dur,dure,10,M,P,dur,-8.124098,dure,-11.336353,1
10781,S_NOUN_7_ADJ_b,M,S,le coussin avec les billets que j' aime beaucoup n' est pas clair <eos>,12,clair,claire,10,M,P,clair,-5.7869225,claire,-9.776065,1
10782,S_NOUN_7_ADJ_b,M,S,le coussin avec les billets que j' aime beaucoup n' est pas intéressant <eos>,12,intéressant,intéressante,10,M,P,intéressant,-7.934206,intéressante,-12.431344,1
10783,S_NOUN_7_ADJ_b,M,S,le coussin avec les billets que j' aime beaucoup n' est pas brillant <eos>,12,brillant,brillante,10,M,P,brillant,-8.6195755,brillante,-12.34738,1
10784,S_NOUN_7_ADJ_b,M,S,le coussin avec les billets que j' aime beaucoup n' est pas compliqué <eos>,12,compliqué,compliquée,10,M,P,compliqué,-9.618319,compliquée,-14.432008,1
10785,S_NOUN_7_ADJ_b,M,S,le coussin avec les légumes que j' aime beaucoup n' est pas vert <eos>,12,vert,verte,10,M,P,vert,-7.9794908,verte,-11.720966,1
10786,S_NOUN_7_ADJ_b,M,S,le coussin avec les légumes que j' aime beaucoup n' est pas bleu <eos>,12,bleu,bleue,10,M,P,bleu,-7.545875,bleue,-12.076878,1
10787,S_NOUN_7_ADJ_b,M,S,le coussin avec les légumes que j' aime beaucoup n' est pas noir <eos>,12,noir,noire,10,M,P,noir,-5.1679697,noire,-11.681805,1
10788,S_NOUN_7_ADJ_b,M,S,le coussin avec les légumes que j' aime beaucoup n' est pas délicat <eos>,12,délicat,délicate,10,M,P,délicat,-8.594019,délicate,-14.193614,1
10789,S_NOUN_7_ADJ_b,M,S,le coussin avec les légumes que j' aime beaucoup n' est pas pointu <eos>,12,pointu,pointue,10,M,P,pointu,-9.354841,pointue,-15.181793,1
10790,S_NOUN_7_ADJ_b,M,S,le coussin avec les légumes que j' aime beaucoup n' est pas rond <eos>,12,rond,ronde,10,M,P,rond,-6.104103,ronde,-11.844755,1
10791,S_NOUN_7_ADJ_b,M,S,le coussin avec les légumes que j' aime beaucoup n' est pas froid <eos>,12,froid,froide,10,M,P,froid,-8.828367,froide,-13.726387,1
10792,S_NOUN_7_ADJ_b,M,S,le coussin avec les légumes que j' aime beaucoup n' est pas chaud <eos>,12,chaud,chaude,10,M,P,chaud,-7.8048325,chaude,-13.304382,1
10793,S_NOUN_7_ADJ_b,M,S,le coussin avec les légumes que j' aime beaucoup n' est pas important <eos>,12,important,importante,10,M,P,important,-8.147147,importante,-11.978808,1
10794,S_NOUN_7_ADJ_b,M,S,le coussin avec les légumes que j' aime beaucoup n' est pas court <eos>,12,court,courte,10,M,P,court,-9.114942,courte,-12.732239,1
10795,S_NOUN_7_ADJ_b,M,S,le coussin avec les légumes que j' aime beaucoup n' est pas dur <eos>,12,dur,dure,10,M,P,dur,-6.611974,dure,-10.559814,1
10796,S_NOUN_7_ADJ_b,M,S,le coussin avec les légumes que j' aime beaucoup n' est pas clair <eos>,12,clair,claire,10,M,P,clair,-4.8576174,claire,-8.860371,1
10797,S_NOUN_7_ADJ_b,M,S,le coussin avec les légumes que j' aime beaucoup n' est pas intéressant <eos>,12,intéressant,intéressante,10,M,P,intéressant,-8.118098,intéressante,-11.759058,1
10798,S_NOUN_7_ADJ_b,M,S,le coussin avec les légumes que j' aime beaucoup n' est pas brillant <eos>,12,brillant,brillante,10,M,P,brillant,-7.5561175,brillante,-12.000996,1
10799,S_NOUN_7_ADJ_b,M,S,le coussin avec les légumes que j' aime beaucoup n' est pas compliqué <eos>,12,compliqué,compliquée,10,M,P,compliqué,-9.325662,compliquée,-13.418552,1
10800,S_NOUN_7_ADJ_b,M,S,le jouet avec les bracelets que j' aime beaucoup n' est pas vert <eos>,12,vert,verte,10,M,P,vert,-9.744148,verte,-12.807093,1
10801,S_NOUN_7_ADJ_b,M,S,le jouet avec les bracelets que j' aime beaucoup n' est pas bleu <eos>,12,bleu,bleue,10,M,P,bleu,-8.795959,bleue,-12.572386,1
10802,S_NOUN_7_ADJ_b,M,S,le jouet avec les bracelets que j' aime beaucoup n' est pas noir <eos>,12,noir,noire,10,M,P,noir,-6.3164477,noire,-11.8474655,1
10803,S_NOUN_7_ADJ_b,M,S,le jouet avec les bracelets que j' aime beaucoup n' est pas délicat <eos>,12,délicat,délicate,10,M,P,délicat,-10.028479,délicate,-14.075605,1
10804,S_NOUN_7_ADJ_b,M,S,le jouet avec les bracelets que j' aime beaucoup n' est pas pointu <eos>,12,pointu,pointue,10,M,P,pointu,-9.137406,pointue,-14.241964,1
10805,S_NOUN_7_ADJ_b,M,S,le jouet avec les bracelets que j' aime beaucoup n' est pas rond <eos>,12,rond,ronde,10,M,P,rond,-6.5206757,ronde,-12.128489,1
10806,S_NOUN_7_ADJ_b,M,S,le jouet avec les bracelets que j' aime beaucoup n' est pas froid <eos>,12,froid,froide,10,M,P,froid,-10.233401,froide,-14.259748,1
10807,S_NOUN_7_ADJ_b,M,S,le jouet avec les bracelets que j' aime beaucoup n' est pas chaud <eos>,12,chaud,chaude,10,M,P,chaud,-9.871145,chaude,-14.205474,1
10808,S_NOUN_7_ADJ_b,M,S,le jouet avec les bracelets que j' aime beaucoup n' est pas important <eos>,12,important,importante,10,M,P,important,-8.573683,importante,-12.197529,1
10809,S_NOUN_7_ADJ_b,M,S,le jouet avec les bracelets que j' aime beaucoup n' est pas court <eos>,12,court,courte,10,M,P,court,-9.289335,courte,-12.70195,1
10810,S_NOUN_7_ADJ_b,M,S,le jouet avec les bracelets que j' aime beaucoup n' est pas dur <eos>,12,dur,dure,10,M,P,dur,-8.511694,dure,-11.469349,1
10811,S_NOUN_7_ADJ_b,M,S,le jouet avec les bracelets que j' aime beaucoup n' est pas clair <eos>,12,clair,claire,10,M,P,clair,-5.7063513,claire,-8.685776,1
10812,S_NOUN_7_ADJ_b,M,S,le jouet avec les bracelets que j' aime beaucoup n' est pas intéressant <eos>,12,intéressant,intéressante,10,M,P,intéressant,-8.500626,intéressante,-12.703129,1
10813,S_NOUN_7_ADJ_b,M,S,le jouet avec les bracelets que j' aime beaucoup n' est pas brillant <eos>,12,brillant,brillante,10,M,P,brillant,-7.7447205,brillante,-11.716921,1
10814,S_NOUN_7_ADJ_b,M,S,le jouet avec les bracelets que j' aime beaucoup n' est pas compliqué <eos>,12,compliqué,compliquée,10,M,P,compliqué,-8.955858,compliquée,-12.283326,1
10815,S_NOUN_7_ADJ_b,M,S,le jouet avec les miroirs que j' aime beaucoup n' est pas vert <eos>,12,vert,verte,10,M,P,vert,-9.793652,verte,-12.276812,1
10816,S_NOUN_7_ADJ_b,M,S,le jouet avec les miroirs que j' aime beaucoup n' est pas bleu <eos>,12,bleu,bleue,10,M,P,bleu,-8.948467,bleue,-12.656506,1
10817,S_NOUN_7_ADJ_b,M,S,le jouet avec les miroirs que j' aime beaucoup n' est pas noir <eos>,12,noir,noire,10,M,P,noir,-6.5955153,noire,-12.022772,1
10818,S_NOUN_7_ADJ_b,M,S,le jouet avec les miroirs que j' aime beaucoup n' est pas délicat <eos>,12,délicat,délicate,10,M,P,délicat,-9.7952795,délicate,-14.037319,1
10819,S_NOUN_7_ADJ_b,M,S,le jouet avec les miroirs que j' aime beaucoup n' est pas pointu <eos>,12,pointu,pointue,10,M,P,pointu,-9.639,pointue,-14.602026,1
10820,S_NOUN_7_ADJ_b,M,S,le jouet avec les miroirs que j' aime beaucoup n' est pas rond <eos>,12,rond,ronde,10,M,P,rond,-6.911296,ronde,-12.555724,1
10821,S_NOUN_7_ADJ_b,M,S,le jouet avec les miroirs que j' aime beaucoup n' est pas froid <eos>,12,froid,froide,10,M,P,froid,-10.047557,froide,-13.714535,1
10822,S_NOUN_7_ADJ_b,M,S,le jouet avec les miroirs que j' aime beaucoup n' est pas chaud <eos>,12,chaud,chaude,10,M,P,chaud,-9.621696,chaude,-13.62477,1
10823,S_NOUN_7_ADJ_b,M,S,le jouet avec les miroirs que j' aime beaucoup n' est pas important <eos>,12,important,importante,10,M,P,important,-8.648113,importante,-12.325797,1
10824,S_NOUN_7_ADJ_b,M,S,le jouet avec les miroirs que j' aime beaucoup n' est pas court <eos>,12,court,courte,10,M,P,court,-9.934614,courte,-13.633762,1
10825,S_NOUN_7_ADJ_b,M,S,le jouet avec les miroirs que j' aime beaucoup n' est pas dur <eos>,12,dur,dure,10,M,P,dur,-8.342391,dure,-11.507059,1
10826,S_NOUN_7_ADJ_b,M,S,le jouet avec les miroirs que j' aime beaucoup n' est pas clair <eos>,12,clair,claire,10,M,P,clair,-5.7944574,claire,-8.767888,1
10827,S_NOUN_7_ADJ_b,M,S,le jouet avec les miroirs que j' aime beaucoup n' est pas intéressant <eos>,12,intéressant,intéressante,10,M,P,intéressant,-8.597952,intéressante,-12.529391,1
10828,S_NOUN_7_ADJ_b,M,S,le jouet avec les miroirs que j' aime beaucoup n' est pas brillant <eos>,12,brillant,brillante,10,M,P,brillant,-7.588211,brillante,-11.910732,1
10829,S_NOUN_7_ADJ_b,M,S,le jouet avec les miroirs que j' aime beaucoup n' est pas compliqué <eos>,12,compliqué,compliquée,10,M,P,compliqué,-9.205407,compliquée,-12.532341,1
10830,S_NOUN_7_ADJ_b,M,S,le jouet avec les crayons que j' aime beaucoup n' est pas vert <eos>,12,vert,verte,10,M,P,vert,-9.112799,verte,-12.893133,1
10831,S_NOUN_7_ADJ_b,M,S,le jouet avec les crayons que j' aime beaucoup n' est pas bleu <eos>,12,bleu,bleue,10,M,P,bleu,-8.405262,bleue,-12.570821,1
10832,S_NOUN_7_ADJ_b,M,S,le jouet avec les crayons que j' aime beaucoup n' est pas noir <eos>,12,noir,noire,10,M,P,noir,-6.176524,noire,-12.508788,1
10833,S_NOUN_7_ADJ_b,M,S,le jouet avec les crayons que j' aime beaucoup n' est pas délicat <eos>,12,délicat,délicate,10,M,P,délicat,-9.422062,délicate,-13.94948,1
10834,S_NOUN_7_ADJ_b,M,S,le jouet avec les crayons que j' aime beaucoup n' est pas pointu <eos>,12,pointu,pointue,10,M,P,pointu,-10.98047,pointue,-15.693843,1
10835,S_NOUN_7_ADJ_b,M,S,le jouet avec les crayons que j' aime beaucoup n' est pas rond <eos>,12,rond,ronde,10,M,P,rond,-6.810236,ronde,-12.944611,1
10836,S_NOUN_7_ADJ_b,M,S,le jouet avec les crayons que j' aime beaucoup n' est pas froid <eos>,12,froid,froide,10,M,P,froid,-9.757341,froide,-14.035052,1
10837,S_NOUN_7_ADJ_b,M,S,le jouet avec les crayons que j' aime beaucoup n' est pas chaud <eos>,12,chaud,chaude,10,M,P,chaud,-9.092039,chaude,-14.187351,1
10838,S_NOUN_7_ADJ_b,M,S,le jouet avec les crayons que j' aime beaucoup n' est pas important <eos>,12,important,importante,10,M,P,important,-8.194741,importante,-11.95997,1
10839,S_NOUN_7_ADJ_b,M,S,le jouet avec les crayons que j' aime beaucoup n' est pas court <eos>,12,court,courte,10,M,P,court,-9.977947,courte,-13.812026,1
10840,S_NOUN_7_ADJ_b,M,S,le jouet avec les crayons que j' aime beaucoup n' est pas dur <eos>,12,dur,dure,10,M,P,dur,-8.289854,dure,-11.090192,1
10841,S_NOUN_7_ADJ_b,M,S,le jouet avec les crayons que j' aime beaucoup n' est pas clair <eos>,12,clair,claire,10,M,P,clair,-5.0900664,claire,-8.618721,1
10842,S_NOUN_7_ADJ_b,M,S,le jouet avec les crayons que j' aime beaucoup n' est pas intéressant <eos>,12,intéressant,intéressante,10,M,P,intéressant,-8.190771,intéressante,-11.884843,1
10843,S_NOUN_7_ADJ_b,M,S,le jouet avec les crayons que j' aime beaucoup n' est pas brillant <eos>,12,brillant,brillante,10,M,P,brillant,-8.096768,brillante,-12.300554,1
10844,S_NOUN_7_ADJ_b,M,S,le jouet avec les crayons que j' aime beaucoup n' est pas compliqué <eos>,12,compliqué,compliquée,10,M,P,compliqué,-9.669437,compliquée,-12.880968,1
10845,S_NOUN_7_ADJ_b,M,S,le jouet avec les rideaux que j' aime beaucoup n' est pas vert <eos>,12,vert,verte,10,M,P,vert,-9.275196,verte,-12.717947,1
10846,S_NOUN_7_ADJ_b,M,S,le jouet avec les rideaux que j' aime beaucoup n' est pas bleu <eos>,12,bleu,bleue,10,M,P,bleu,-8.663055,bleue,-12.368758,1
10847,S_NOUN_7_ADJ_b,M,S,le jouet avec les rideaux que j' aime beaucoup n' est pas noir <eos>,12,noir,noire,10,M,P,noir,-6.2055902,noire,-12.335748,1
10848,S_NOUN_7_ADJ_b,M,S,le jouet avec les rideaux que j' aime beaucoup n' est pas délicat <eos>,12,délicat,délicate,10,M,P,délicat,-9.676643,délicate,-13.729078,1
10849,S_NOUN_7_ADJ_b,M,S,le jouet avec les rideaux que j' aime beaucoup n' est pas pointu <eos>,12,pointu,pointue,10,M,P,pointu,-10.014976,pointue,-15.084126,1
10850,S_NOUN_7_ADJ_b,M,S,le jouet avec les rideaux que j' aime beaucoup n' est pas rond <eos>,12,rond,ronde,10,M,P,rond,-6.163278,ronde,-12.132967,1
10851,S_NOUN_7_ADJ_b,M,S,le jouet avec les rideaux que j' aime beaucoup n' est pas froid <eos>,12,froid,froide,10,M,P,froid,-9.94989,froide,-13.381164,1
10852,S_NOUN_7_ADJ_b,M,S,le jouet avec les rideaux que j' aime beaucoup n' est pas chaud <eos>,12,chaud,chaude,10,M,P,chaud,-9.272693,chaude,-13.884417,1
10853,S_NOUN_7_ADJ_b,M,S,le jouet avec les rideaux que j' aime beaucoup n' est pas important <eos>,12,important,importante,10,M,P,important,-8.232106,importante,-12.11144,1
10854,S_NOUN_7_ADJ_b,M,S,le jouet avec les rideaux que j' aime beaucoup n' est pas court <eos>,12,court,courte,10,M,P,court,-9.17256,courte,-13.119027,1
10855,S_NOUN_7_ADJ_b,M,S,le jouet avec les rideaux que j' aime beaucoup n' est pas dur <eos>,12,dur,dure,10,M,P,dur,-7.977315,dure,-10.664988,1
10856,S_NOUN_7_ADJ_b,M,S,le jouet avec les rideaux que j' aime beaucoup n' est pas clair <eos>,12,clair,claire,10,M,P,clair,-5.4909215,claire,-8.753223,1
10857,S_NOUN_7_ADJ_b,M,S,le jouet avec les rideaux que j' aime beaucoup n' est pas intéressant <eos>,12,intéressant,intéressante,10,M,P,intéressant,-8.484213,intéressante,-12.195738,1
10858,S_NOUN_7_ADJ_b,M,S,le jouet avec les rideaux que j' aime beaucoup n' est pas brillant <eos>,12,brillant,brillante,10,M,P,brillant,-7.980796,brillante,-11.827784,1
10859,S_NOUN_7_ADJ_b,M,S,le jouet avec les rideaux que j' aime beaucoup n' est pas compliqué <eos>,12,compliqué,compliquée,10,M,P,compliqué,-9.215381,compliquée,-12.418533,1
10860,S_NOUN_7_ADJ_b,M,S,le jouet avec les cahiers que j' aime beaucoup n' est pas vert <eos>,12,vert,verte,10,M,P,vert,-9.920252,verte,-13.284466,1
10861,S_NOUN_7_ADJ_b,M,S,le jouet avec les cahiers que j' aime beaucoup n' est pas bleu <eos>,12,bleu,bleue,10,M,P,bleu,-9.011074,bleue,-12.8970175,1
10862,S_NOUN_7_ADJ_b,M,S,le jouet avec les cahiers que j' aime beaucoup n' est pas noir <eos>,12,noir,noire,10,M,P,noir,-6.5279136,noire,-12.882166,1
10863,S_NOUN_7_ADJ_b,M,S,le jouet avec les cahiers que j' aime beaucoup n' est pas délicat <eos>,12,délicat,délicate,10,M,P,délicat,-9.755386,délicate,-14.943964,1
10864,S_NOUN_7_ADJ_b,M,S,le jouet avec les cahiers que j' aime beaucoup n' est pas pointu <eos>,12,pointu,pointue,10,M,P,pointu,-10.310656,pointue,-15.41514,1
10865,S_NOUN_7_ADJ_b,M,S,le jouet avec les cahiers que j' aime beaucoup n' est pas rond <eos>,12,rond,ronde,10,M,P,rond,-6.5698442,ronde,-12.482015,1
10866,S_NOUN_7_ADJ_b,M,S,le jouet avec les cahiers que j' aime beaucoup n' est pas froid <eos>,12,froid,froide,10,M,P,froid,-9.621773,froide,-14.536761,1
10867,S_NOUN_7_ADJ_b,M,S,le jouet avec les cahiers que j' aime beaucoup n' est pas chaud <eos>,12,chaud,chaude,10,M,P,chaud,-9.145103,chaude,-14.707669,1
10868,S_NOUN_7_ADJ_b,M,S,le jouet avec les cahiers que j' aime beaucoup n' est pas important <eos>,12,important,importante,10,M,P,important,-8.3574505,importante,-12.431288,1
10869,S_NOUN_7_ADJ_b,M,S,le jouet avec les cahiers que j' aime beaucoup n' est pas court <eos>,12,court,courte,10,M,P,court,-9.423642,courte,-13.667001,1
10870,S_NOUN_7_ADJ_b,M,S,le jouet avec les cahiers que j' aime beaucoup n' est pas dur <eos>,12,dur,dure,10,M,P,dur,-8.258531,dure,-11.446807,1
10871,S_NOUN_7_ADJ_b,M,S,le jouet avec les cahiers que j' aime beaucoup n' est pas clair <eos>,12,clair,claire,10,M,P,clair,-5.6151905,claire,-9.527175,1
10872,S_NOUN_7_ADJ_b,M,S,le jouet avec les cahiers que j' aime beaucoup n' est pas intéressant <eos>,12,intéressant,intéressante,10,M,P,intéressant,-7.936673,intéressante,-11.903316,1
10873,S_NOUN_7_ADJ_b,M,S,le jouet avec les cahiers que j' aime beaucoup n' est pas brillant <eos>,12,brillant,brillante,10,M,P,brillant,-8.6751175,brillante,-12.85121,1
10874,S_NOUN_7_ADJ_b,M,S,le jouet avec les cahiers que j' aime beaucoup n' est pas compliqué <eos>,12,compliqué,compliquée,10,M,P,compliqué,-9.120407,compliquée,-12.715683,1
10875,S_NOUN_7_ADJ_b,M,S,le jouet avec les micros que j' aime beaucoup n' est pas vert <eos>,12,vert,verte,10,M,P,vert,-10.2428055,verte,-13.254839,1
10876,S_NOUN_7_ADJ_b,M,S,le jouet avec les micros que j' aime beaucoup n' est pas bleu <eos>,12,bleu,bleue,10,M,P,bleu,-9.50317,bleue,-13.151523,1
10877,S_NOUN_7_ADJ_b,M,S,le jouet avec les micros que j' aime beaucoup n' est pas noir <eos>,12,noir,noire,10,M,P,noir,-6.9021363,noire,-12.856028,1
10878,S_NOUN_7_ADJ_b,M,S,le jouet avec les micros que j' aime beaucoup n' est pas délicat <eos>,12,délicat,délicate,10,M,P,délicat,-9.764384,délicate,-14.826291,1
10879,S_NOUN_7_ADJ_b,M,S,le jouet avec les micros que j' aime beaucoup n' est pas pointu <eos>,12,pointu,pointue,10,M,P,pointu,-10.112019,pointue,-15.490094,1
10880,S_NOUN_7_ADJ_b,M,S,le jouet avec les micros que j' aime beaucoup n' est pas rond <eos>,12,rond,ronde,10,M,P,rond,-7.0147786,ronde,-12.96772,1
10881,S_NOUN_7_ADJ_b,M,S,le jouet avec les micros que j' aime beaucoup n' est pas froid <eos>,12,froid,froide,10,M,P,froid,-9.988701,froide,-14.213249,1
10882,S_NOUN_7_ADJ_b,M,S,le jouet avec les micros que j' aime beaucoup n' est pas chaud <eos>,12,chaud,chaude,10,M,P,chaud,-9.477844,chaude,-13.761638,1
10883,S_NOUN_7_ADJ_b,M,S,le jouet avec les micros que j' aime beaucoup n' est pas important <eos>,12,important,importante,10,M,P,important,-8.203114,importante,-12.2185955,1
10884,S_NOUN_7_ADJ_b,M,S,le jouet avec les micros que j' aime beaucoup n' est pas court <eos>,12,court,courte,10,M,P,court,-9.584644,courte,-13.52299,1
10885,S_NOUN_7_ADJ_b,M,S,le jouet avec les micros que j' aime beaucoup n' est pas dur <eos>,12,dur,dure,10,M,P,dur,-7.8963995,dure,-11.070496,1
10886,S_NOUN_7_ADJ_b,M,S,le jouet avec les micros que j' aime beaucoup n' est pas clair <eos>,12,clair,claire,10,M,P,clair,-5.6779895,claire,-8.922622,1
10887,S_NOUN_7_ADJ_b,M,S,le jouet avec les micros que j' aime beaucoup n' est pas intéressant <eos>,12,intéressant,intéressante,10,M,P,intéressant,-8.240645,intéressante,-11.871268,1
10888,S_NOUN_7_ADJ_b,M,S,le jouet avec les micros que j' aime beaucoup n' est pas brillant <eos>,12,brillant,brillante,10,M,P,brillant,-8.776132,brillante,-13.096398,1
10889,S_NOUN_7_ADJ_b,M,S,le jouet avec les micros que j' aime beaucoup n' est pas compliqué <eos>,12,compliqué,compliquée,10,M,P,compliqué,-9.346382,compliquée,-12.387997,1
10890,S_NOUN_7_ADJ_b,M,S,le jouet avec les sacs que j' aime beaucoup n' est pas vert <eos>,12,vert,verte,10,M,P,vert,-9.349061,verte,-12.699746,1
10891,S_NOUN_7_ADJ_b,M,S,le jouet avec les sacs que j' aime beaucoup n' est pas bleu <eos>,12,bleu,bleue,10,M,P,bleu,-8.9172325,bleue,-12.444168,1
10892,S_NOUN_7_ADJ_b,M,S,le jouet avec les sacs que j' aime beaucoup n' est pas noir <eos>,12,noir,noire,10,M,P,noir,-6.2241964,noire,-12.117638,1
10893,S_NOUN_7_ADJ_b,M,S,le jouet avec les sacs que j' aime beaucoup n' est pas délicat <eos>,12,délicat,délicate,10,M,P,délicat,-9.452158,délicate,-13.777401,1
10894,S_NOUN_7_ADJ_b,M,S,le jouet avec les sacs que j' aime beaucoup n' est pas pointu <eos>,12,pointu,pointue,10,M,P,pointu,-10.406175,pointue,-15.372208,1
10895,S_NOUN_7_ADJ_b,M,S,le jouet avec les sacs que j' aime beaucoup n' est pas rond <eos>,12,rond,ronde,10,M,P,rond,-6.5019655,ronde,-12.537521,1
10896,S_NOUN_7_ADJ_b,M,S,le jouet avec les sacs que j' aime beaucoup n' est pas froid <eos>,12,froid,froide,10,M,P,froid,-9.491249,froide,-13.478339,1
10897,S_NOUN_7_ADJ_b,M,S,le jouet avec les sacs que j' aime beaucoup n' est pas chaud <eos>,12,chaud,chaude,10,M,P,chaud,-8.722944,chaude,-13.653759,1
10898,S_NOUN_7_ADJ_b,M,S,le jouet avec les sacs que j' aime beaucoup n' est pas important <eos>,12,important,importante,10,M,P,important,-8.190054,importante,-12.081579,1
10899,S_NOUN_7_ADJ_b,M,S,le jouet avec les sacs que j' aime beaucoup n' est pas court <eos>,12,court,courte,10,M,P,court,-9.415918,courte,-13.069422,1
10900,S_NOUN_7_ADJ_b,M,S,le jouet avec les sacs que j' aime beaucoup n' est pas dur <eos>,12,dur,dure,10,M,P,dur,-7.758074,dure,-10.467465,1
10901,S_NOUN_7_ADJ_b,M,S,le jouet avec les sacs que j' aime beaucoup n' est pas clair <eos>,12,clair,claire,10,M,P,clair,-5.3983736,claire,-8.682069,1
10902,S_NOUN_7_ADJ_b,M,S,le jouet avec les sacs que j' aime beaucoup n' est pas intéressant <eos>,12,intéressant,intéressante,10,M,P,intéressant,-8.21679,intéressante,-11.560257,1
10903,S_NOUN_7_ADJ_b,M,S,le jouet avec les sacs que j' aime beaucoup n' est pas brillant <eos>,12,brillant,brillante,10,M,P,brillant,-8.06019,brillante,-12.378253,1
10904,S_NOUN_7_ADJ_b,M,S,le jouet avec les sacs que j' aime beaucoup n' est pas compliqué <eos>,12,compliqué,compliquée,10,M,P,compliqué,-8.938993,compliquée,-12.081633,1
10905,S_NOUN_7_ADJ_b,M,S,le jouet avec les claviers que j' aime beaucoup n' est pas vert <eos>,12,vert,verte,10,M,P,vert,-11.310018,verte,-14.800015,1
10906,S_NOUN_7_ADJ_b,M,S,le jouet avec les claviers que j' aime beaucoup n' est pas bleu <eos>,12,bleu,bleue,10,M,P,bleu,-10.373352,bleue,-14.260254,1
10907,S_NOUN_7_ADJ_b,M,S,le jouet avec les claviers que j' aime beaucoup n' est pas noir <eos>,12,noir,noire,10,M,P,noir,-7.7363977,noire,-13.3850155,1
10908,S_NOUN_7_ADJ_b,M,S,le jouet avec les claviers que j' aime beaucoup n' est pas délicat <eos>,12,délicat,délicate,10,M,P,délicat,-9.80916,délicate,-15.209786,1
10909,S_NOUN_7_ADJ_b,M,S,le jouet avec les claviers que j' aime beaucoup n' est pas pointu <eos>,12,pointu,pointue,10,M,P,pointu,-10.266714,pointue,-15.534324,1
10910,S_NOUN_7_ADJ_b,M,S,le jouet avec les claviers que j' aime beaucoup n' est pas rond <eos>,12,rond,ronde,10,M,P,rond,-7.336723,ronde,-12.888973,1
10911,S_NOUN_7_ADJ_b,M,S,le jouet avec les claviers que j' aime beaucoup n' est pas froid <eos>,12,froid,froide,10,M,P,froid,-10.463639,froide,-14.900168,1
10912,S_NOUN_7_ADJ_b,M,S,le jouet avec les claviers que j' aime beaucoup n' est pas chaud <eos>,12,chaud,chaude,10,M,P,chaud,-10.037786,chaude,-14.585546,1
10913,S_NOUN_7_ADJ_b,M,S,le jouet avec les claviers que j' aime beaucoup n' est pas important <eos>,12,important,importante,10,M,P,important,-8.090121,importante,-12.110968,1
10914,S_NOUN_7_ADJ_b,M,S,le jouet avec les claviers que j' aime beaucoup n' est pas court <eos>,12,court,courte,10,M,P,court,-9.306156,courte,-12.8788185,1
10915,S_NOUN_7_ADJ_b,M,S,le jouet avec les claviers que j' aime beaucoup n' est pas dur <eos>,12,dur,dure,10,M,P,dur,-8.014082,dure,-11.018325,1
10916,S_NOUN_7_ADJ_b,M,S,le jouet avec les claviers que j' aime beaucoup n' est pas clair <eos>,12,clair,claire,10,M,P,clair,-6.091109,claire,-9.786165,1
10917,S_NOUN_7_ADJ_b,M,S,le jouet avec les claviers que j' aime beaucoup n' est pas intéressant <eos>,12,intéressant,intéressante,10,M,P,intéressant,-8.31878,intéressante,-11.719143,1
10918,S_NOUN_7_ADJ_b,M,S,le jouet avec les claviers que j' aime beaucoup n' est pas brillant <eos>,12,brillant,brillante,10,M,P,brillant,-9.010839,brillante,-13.199556,1
10919,S_NOUN_7_ADJ_b,M,S,le jouet avec les claviers que j' aime beaucoup n' est pas compliqué <eos>,12,compliqué,compliquée,10,M,P,compliqué,-8.863955,compliquée,-11.918317,1
10920,S_NOUN_7_ADJ_b,M,S,le jouet avec les raisins que j' aime beaucoup n' est pas vert <eos>,12,vert,verte,10,M,P,vert,-9.428662,verte,-13.253606,1
10921,S_NOUN_7_ADJ_b,M,S,le jouet avec les raisins que j' aime beaucoup n' est pas bleu <eos>,12,bleu,bleue,10,M,P,bleu,-8.802195,bleue,-12.800375,1
10922,S_NOUN_7_ADJ_b,M,S,le jouet avec les raisins que j' aime beaucoup n' est pas noir <eos>,12,noir,noire,10,M,P,noir,-6.61687,noire,-12.554599,1
10923,S_NOUN_7_ADJ_b,M,S,le jouet avec les raisins que j' aime beaucoup n' est pas délicat <eos>,12,délicat,délicate,10,M,P,délicat,-9.041098,délicate,-13.834365,1
10924,S_NOUN_7_ADJ_b,M,S,le jouet avec les raisins que j' aime beaucoup n' est pas pointu <eos>,12,pointu,pointue,10,M,P,pointu,-11.555562,pointue,-15.739719,1
10925,S_NOUN_7_ADJ_b,M,S,le jouet avec les raisins que j' aime beaucoup n' est pas rond <eos>,12,rond,ronde,10,M,P,rond,-6.855384,ronde,-12.838801,1
10926,S_NOUN_7_ADJ_b,M,S,le jouet avec les raisins que j' aime beaucoup n' est pas froid <eos>,12,froid,froide,10,M,P,froid,-9.0345745,froide,-13.114953,1
10927,S_NOUN_7_ADJ_b,M,S,le jouet avec les raisins que j' aime beaucoup n' est pas chaud <eos>,12,chaud,chaude,10,M,P,chaud,-8.726978,chaude,-13.141306,1
10928,S_NOUN_7_ADJ_b,M,S,le jouet avec les raisins que j' aime beaucoup n' est pas important <eos>,12,important,importante,10,M,P,important,-8.140532,importante,-11.666775,1
10929,S_NOUN_7_ADJ_b,M,S,le jouet avec les raisins que j' aime beaucoup n' est pas court <eos>,12,court,courte,10,M,P,court,-10.029455,courte,-13.835903,1
10930,S_NOUN_7_ADJ_b,M,S,le jouet avec les raisins que j' aime beaucoup n' est pas dur <eos>,12,dur,dure,10,M,P,dur,-8.80171,dure,-10.685504,1
10931,S_NOUN_7_ADJ_b,M,S,le jouet avec les raisins que j' aime beaucoup n' est pas clair <eos>,12,clair,claire,10,M,P,clair,-4.921118,claire,-8.443823,1
10932,S_NOUN_7_ADJ_b,M,S,le jouet avec les raisins que j' aime beaucoup n' est pas intéressant <eos>,12,intéressant,intéressante,10,M,P,intéressant,-8.338076,intéressante,-11.501281,1
10933,S_NOUN_7_ADJ_b,M,S,le jouet avec les raisins que j' aime beaucoup n' est pas brillant <eos>,12,brillant,brillante,10,M,P,brillant,-8.616874,brillante,-12.636087,1
10934,S_NOUN_7_ADJ_b,M,S,le jouet avec les raisins que j' aime beaucoup n' est pas compliqué <eos>,12,compliqué,compliquée,10,M,P,compliqué,-9.029472,compliquée,-12.4876,1
10935,S_NOUN_7_ADJ_b,M,S,le jouet avec les chargeurs que j' aime beaucoup n' est pas vert <eos>,12,vert,verte,10,M,P,vert,-10.214218,verte,-12.893528,1
10936,S_NOUN_7_ADJ_b,M,S,le jouet avec les chargeurs que j' aime beaucoup n' est pas bleu <eos>,12,bleu,bleue,10,M,P,bleu,-9.664259,bleue,-13.546082,1
10937,S_NOUN_7_ADJ_b,M,S,le jouet avec les chargeurs que j' aime beaucoup n' est pas noir <eos>,12,noir,noire,10,M,P,noir,-7.0116577,noire,-12.2638,1
10938,S_NOUN_7_ADJ_b,M,S,le jouet avec les chargeurs que j' aime beaucoup n' est pas délicat <eos>,12,délicat,délicate,10,M,P,délicat,-9.747269,délicate,-14.566273,1
10939,S_NOUN_7_ADJ_b,M,S,le jouet avec les chargeurs que j' aime beaucoup n' est pas pointu <eos>,12,pointu,pointue,10,M,P,pointu,-9.510196,pointue,-14.646375,1
10940,S_NOUN_7_ADJ_b,M,S,le jouet avec les chargeurs que j' aime beaucoup n' est pas rond <eos>,12,rond,ronde,10,M,P,rond,-7.258376,ronde,-12.127655,1
10941,S_NOUN_7_ADJ_b,M,S,le jouet avec les chargeurs que j' aime beaucoup n' est pas froid <eos>,12,froid,froide,10,M,P,froid,-10.149419,froide,-14.283662,1
10942,S_NOUN_7_ADJ_b,M,S,le jouet avec les chargeurs que j' aime beaucoup n' est pas chaud <eos>,12,chaud,chaude,10,M,P,chaud,-9.5413885,chaude,-14.629597,1
10943,S_NOUN_7_ADJ_b,M,S,le jouet avec les chargeurs que j' aime beaucoup n' est pas important <eos>,12,important,importante,10,M,P,important,-8.26304,importante,-11.760133,1
10944,S_NOUN_7_ADJ_b,M,S,le jouet avec les chargeurs que j' aime beaucoup n' est pas court <eos>,12,court,courte,10,M,P,court,-9.37217,courte,-13.078677,1
10945,S_NOUN_7_ADJ_b,M,S,le jouet avec les chargeurs que j' aime beaucoup n' est pas dur <eos>,12,dur,dure,10,M,P,dur,-8.950284,dure,-12.087363,1
10946,S_NOUN_7_ADJ_b,M,S,le jouet avec les chargeurs que j' aime beaucoup n' est pas clair <eos>,12,clair,claire,10,M,P,clair,-6.502406,claire,-9.65386,1
10947,S_NOUN_7_ADJ_b,M,S,le jouet avec les chargeurs que j' aime beaucoup n' est pas intéressant <eos>,12,intéressant,intéressante,10,M,P,intéressant,-8.202326,intéressante,-11.876761,1
10948,S_NOUN_7_ADJ_b,M,S,le jouet avec les chargeurs que j' aime beaucoup n' est pas brillant <eos>,12,brillant,brillante,10,M,P,brillant,-8.793896,brillante,-13.163705,1
10949,S_NOUN_7_ADJ_b,M,S,le jouet avec les chargeurs que j' aime beaucoup n' est pas compliqué <eos>,12,compliqué,compliquée,10,M,P,compliqué,-9.004839,compliquée,-12.418705,1
10950,S_NOUN_7_ADJ_b,M,S,le jouet avec les vases que j' aime beaucoup n' est pas vert <eos>,12,vert,verte,10,M,P,vert,-9.377442,verte,-12.726138,1
10951,S_NOUN_7_ADJ_b,M,S,le jouet avec les vases que j' aime beaucoup n' est pas bleu <eos>,12,bleu,bleue,10,M,P,bleu,-8.581663,bleue,-12.35026,1
10952,S_NOUN_7_ADJ_b,M,S,le jouet avec les vases que j' aime beaucoup n' est pas noir <eos>,12,noir,noire,10,M,P,noir,-6.6018543,noire,-12.433968,1
10953,S_NOUN_7_ADJ_b,M,S,le jouet avec les vases que j' aime beaucoup n' est pas délicat <eos>,12,délicat,délicate,10,M,P,délicat,-9.616947,délicate,-14.001745,1
10954,S_NOUN_7_ADJ_b,M,S,le jouet avec les vases que j' aime beaucoup n' est pas pointu <eos>,12,pointu,pointue,10,M,P,pointu,-10.566982,pointue,-15.101728,1
10955,S_NOUN_7_ADJ_b,M,S,le jouet avec les vases que j' aime beaucoup n' est pas rond <eos>,12,rond,ronde,10,M,P,rond,-6.139144,ronde,-11.916294,1
10956,S_NOUN_7_ADJ_b,M,S,le jouet avec les vases que j' aime beaucoup n' est pas froid <eos>,12,froid,froide,10,M,P,froid,-9.41847,froide,-13.612451,1
10957,S_NOUN_7_ADJ_b,M,S,le jouet avec les vases que j' aime beaucoup n' est pas chaud <eos>,12,chaud,chaude,10,M,P,chaud,-9.032737,chaude,-13.38757,1
10958,S_NOUN_7_ADJ_b,M,S,le jouet avec les vases que j' aime beaucoup n' est pas important <eos>,12,important,importante,10,M,P,important,-8.150735,importante,-11.911154,1
10959,S_NOUN_7_ADJ_b,M,S,le jouet avec les vases que j' aime beaucoup n' est pas court <eos>,12,court,courte,10,M,P,court,-10.014558,courte,-13.529572,1
10960,S_NOUN_7_ADJ_b,M,S,le jouet avec les vases que j' aime beaucoup n' est pas dur <eos>,12,dur,dure,10,M,P,dur,-8.759054,dure,-11.121349,1
10961,S_NOUN_7_ADJ_b,M,S,le jouet avec les vases que j' aime beaucoup n' est pas clair <eos>,12,clair,claire,10,M,P,clair,-5.0262246,claire,-8.18791,1
10962,S_NOUN_7_ADJ_b,M,S,le jouet avec les vases que j' aime beaucoup n' est pas intéressant <eos>,12,intéressant,intéressante,10,M,P,intéressant,-8.751903,intéressante,-12.204646,1
10963,S_NOUN_7_ADJ_b,M,S,le jouet avec les vases que j' aime beaucoup n' est pas brillant <eos>,12,brillant,brillante,10,M,P,brillant,-8.191987,brillante,-12.325065,1
10964,S_NOUN_7_ADJ_b,M,S,le jouet avec les vases que j' aime beaucoup n' est pas compliqué <eos>,12,compliqué,compliquée,10,M,P,compliqué,-9.192487,compliquée,-12.585443,1
10965,S_NOUN_7_ADJ_b,M,S,le jouet avec les paniers que j' aime beaucoup n' est pas vert <eos>,12,vert,verte,10,M,P,vert,-9.370961,verte,-12.773327,1
10966,S_NOUN_7_ADJ_b,M,S,le jouet avec les paniers que j' aime beaucoup n' est pas bleu <eos>,12,bleu,bleue,10,M,P,bleu,-9.0309105,bleue,-12.9444475,1
10967,S_NOUN_7_ADJ_b,M,S,le jouet avec les paniers que j' aime beaucoup n' est pas noir <eos>,12,noir,noire,10,M,P,noir,-6.428506,noire,-12.314538,1
10968,S_NOUN_7_ADJ_b,M,S,le jouet avec les paniers que j' aime beaucoup n' est pas délicat <eos>,12,délicat,délicate,10,M,P,délicat,-9.452983,délicate,-13.960643,1
10969,S_NOUN_7_ADJ_b,M,S,le jouet avec les paniers que j' aime beaucoup n' est pas pointu <eos>,12,pointu,pointue,10,M,P,pointu,-9.493542,pointue,-14.290165,1
10970,S_NOUN_7_ADJ_b,M,S,le jouet avec les paniers que j' aime beaucoup n' est pas rond <eos>,12,rond,ronde,10,M,P,rond,-6.2510815,ronde,-12.1553135,1
10971,S_NOUN_7_ADJ_b,M,S,le jouet avec les paniers que j' aime beaucoup n' est pas froid <eos>,12,froid,froide,10,M,P,froid,-10.065176,froide,-14.410555,1
10972,S_NOUN_7_ADJ_b,M,S,le jouet avec les paniers que j' aime beaucoup n' est pas chaud <eos>,12,chaud,chaude,10,M,P,chaud,-9.449477,chaude,-14.63586,1
10973,S_NOUN_7_ADJ_b,M,S,le jouet avec les paniers que j' aime beaucoup n' est pas important <eos>,12,important,importante,10,M,P,important,-8.174388,importante,-11.927279,1
10974,S_NOUN_7_ADJ_b,M,S,le jouet avec les paniers que j' aime beaucoup n' est pas court <eos>,12,court,courte,10,M,P,court,-9.208474,courte,-13.070438,1
10975,S_NOUN_7_ADJ_b,M,S,le jouet avec les paniers que j' aime beaucoup n' est pas dur <eos>,12,dur,dure,10,M,P,dur,-7.7848787,dure,-10.994688,1
10976,S_NOUN_7_ADJ_b,M,S,le jouet avec les paniers que j' aime beaucoup n' est pas clair <eos>,12,clair,claire,10,M,P,clair,-5.5567474,claire,-8.9267,1
10977,S_NOUN_7_ADJ_b,M,S,le jouet avec les paniers que j' aime beaucoup n' est pas intéressant <eos>,12,intéressant,intéressante,10,M,P,intéressant,-8.269463,intéressante,-12.19511,1
10978,S_NOUN_7_ADJ_b,M,S,le jouet avec les paniers que j' aime beaucoup n' est pas brillant <eos>,12,brillant,brillante,10,M,P,brillant,-8.032612,brillante,-12.317588,1
10979,S_NOUN_7_ADJ_b,M,S,le jouet avec les paniers que j' aime beaucoup n' est pas compliqué <eos>,12,compliqué,compliquée,10,M,P,compliqué,-8.985561,compliquée,-12.297518,1
10980,S_NOUN_7_ADJ_b,M,S,le jouet avec les colliers que j' aime beaucoup n' est pas vert <eos>,12,vert,verte,10,M,P,vert,-9.461483,verte,-12.619572,1
10981,S_NOUN_7_ADJ_b,M,S,le jouet avec les colliers que j' aime beaucoup n' est pas bleu <eos>,12,bleu,bleue,10,M,P,bleu,-8.622945,bleue,-12.503964,1
10982,S_NOUN_7_ADJ_b,M,S,le jouet avec les colliers que j' aime beaucoup n' est pas noir <eos>,12,noir,noire,10,M,P,noir,-6.2757263,noire,-12.007791,1
10983,S_NOUN_7_ADJ_b,M,S,le jouet avec les colliers que j' aime beaucoup n' est pas délicat <eos>,12,délicat,délicate,10,M,P,délicat,-9.668161,délicate,-14.1770935,1
10984,S_NOUN_7_ADJ_b,M,S,le jouet avec les colliers que j' aime beaucoup n' est pas pointu <eos>,12,pointu,pointue,10,M,P,pointu,-9.855921,pointue,-14.891545,1
10985,S_NOUN_7_ADJ_b,M,S,le jouet avec les colliers que j' aime beaucoup n' est pas rond <eos>,12,rond,ronde,10,M,P,rond,-6.632171,ronde,-12.333504,1
10986,S_NOUN_7_ADJ_b,M,S,le jouet avec les colliers que j' aime beaucoup n' est pas froid <eos>,12,froid,froide,10,M,P,froid,-9.919005,froide,-14.257422,1
10987,S_NOUN_7_ADJ_b,M,S,le jouet avec les colliers que j' aime beaucoup n' est pas chaud <eos>,12,chaud,chaude,10,M,P,chaud,-9.394058,chaude,-14.683503,1
10988,S_NOUN_7_ADJ_b,M,S,le jouet avec les colliers que j' aime beaucoup n' est pas important <eos>,12,important,importante,10,M,P,important,-8.494016,importante,-12.458213,1
10989,S_NOUN_7_ADJ_b,M,S,le jouet avec les colliers que j' aime beaucoup n' est pas court <eos>,12,court,courte,10,M,P,court,-9.492659,courte,-13.411646,1
10990,S_NOUN_7_ADJ_b,M,S,le jouet avec les colliers que j' aime beaucoup n' est pas dur <eos>,12,dur,dure,10,M,P,dur,-8.0673485,dure,-11.361756,1
10991,S_NOUN_7_ADJ_b,M,S,le jouet avec les colliers que j' aime beaucoup n' est pas clair <eos>,12,clair,claire,10,M,P,clair,-5.4921293,claire,-9.000844,1
10992,S_NOUN_7_ADJ_b,M,S,le jouet avec les colliers que j' aime beaucoup n' est pas intéressant <eos>,12,intéressant,intéressante,10,M,P,intéressant,-8.353884,intéressante,-12.6011,1
10993,S_NOUN_7_ADJ_b,M,S,le jouet avec les colliers que j' aime beaucoup n' est pas brillant <eos>,12,brillant,brillante,10,M,P,brillant,-7.541766,brillante,-11.881876,1
10994,S_NOUN_7_ADJ_b,M,S,le jouet avec les colliers que j' aime beaucoup n' est pas compliqué <eos>,12,compliqué,compliquée,10,M,P,compliqué,-8.886852,compliquée,-12.319937,1
10995,S_NOUN_7_ADJ_b,M,S,le jouet avec les chapeaux que j' aime beaucoup n' est pas vert <eos>,12,vert,verte,10,M,P,vert,-9.091026,verte,-12.489511,1
10996,S_NOUN_7_ADJ_b,M,S,le jouet avec les chapeaux que j' aime beaucoup n' est pas bleu <eos>,12,bleu,bleue,10,M,P,bleu,-8.425428,bleue,-12.319917,1
10997,S_NOUN_7_ADJ_b,M,S,le jouet avec les chapeaux que j' aime beaucoup n' est pas noir <eos>,12,noir,noire,10,M,P,noir,-5.9831486,noire,-11.86819,1
10998,S_NOUN_7_ADJ_b,M,S,le jouet avec les chapeaux que j' aime beaucoup n' est pas délicat <eos>,12,délicat,délicate,10,M,P,délicat,-9.6624365,délicate,-14.245423,1
10999,S_NOUN_7_ADJ_b,M,S,le jouet avec les chapeaux que j' aime beaucoup n' est pas pointu <eos>,12,pointu,pointue,10,M,P,pointu,-10.006354,pointue,-14.85388,1
11000,S_NOUN_7_ADJ_b,M,S,le jouet avec les chapeaux que j' aime beaucoup n' est pas rond <eos>,12,rond,ronde,10,M,P,rond,-6.306652,ronde,-12.015695,1
11001,S_NOUN_7_ADJ_b,M,S,le jouet avec les chapeaux que j' aime beaucoup n' est pas froid <eos>,12,froid,froide,10,M,P,froid,-9.545531,froide,-13.925021,1
11002,S_NOUN_7_ADJ_b,M,S,le jouet avec les chapeaux que j' aime beaucoup n' est pas chaud <eos>,12,chaud,chaude,10,M,P,chaud,-9.121396,chaude,-14.411956,1
11003,S_NOUN_7_ADJ_b,M,S,le jouet avec les chapeaux que j' aime beaucoup n' est pas important <eos>,12,important,importante,10,M,P,important,-8.61544,importante,-12.3766,1
11004,S_NOUN_7_ADJ_b,M,S,le jouet avec les chapeaux que j' aime beaucoup n' est pas court <eos>,12,court,courte,10,M,P,court,-9.306591,courte,-13.562119,1
11005,S_NOUN_7_ADJ_b,M,S,le jouet avec les chapeaux que j' aime beaucoup n' est pas dur <eos>,12,dur,dure,10,M,P,dur,-8.089457,dure,-11.137761,1
11006,S_NOUN_7_ADJ_b,M,S,le jouet avec les chapeaux que j' aime beaucoup n' est pas clair <eos>,12,clair,claire,10,M,P,clair,-5.526972,claire,-8.88305,1
11007,S_NOUN_7_ADJ_b,M,S,le jouet avec les chapeaux que j' aime beaucoup n' est pas intéressant <eos>,12,intéressant,intéressante,10,M,P,intéressant,-8.3224535,intéressante,-12.431555,1
11008,S_NOUN_7_ADJ_b,M,S,le jouet avec les chapeaux que j' aime beaucoup n' est pas brillant <eos>,12,brillant,brillante,10,M,P,brillant,-8.161423,brillante,-12.391291,1
11009,S_NOUN_7_ADJ_b,M,S,le jouet avec les chapeaux que j' aime beaucoup n' est pas compliqué <eos>,12,compliqué,compliquée,10,M,P,compliqué,-9.208679,compliquée,-12.665196,1
11010,S_NOUN_7_ADJ_b,M,S,le jouet avec les pots que j' aime beaucoup n' est pas vert <eos>,12,vert,verte,10,M,P,vert,-9.121695,verte,-12.726653,1
11011,S_NOUN_7_ADJ_b,M,S,le jouet avec les pots que j' aime beaucoup n' est pas bleu <eos>,12,bleu,bleue,10,M,P,bleu,-8.596944,bleue,-12.400052,1
11012,S_NOUN_7_ADJ_b,M,S,le jouet avec les pots que j' aime beaucoup n' est pas noir <eos>,12,noir,noire,10,M,P,noir,-6.21762,noire,-12.203877,1
11013,S_NOUN_7_ADJ_b,M,S,le jouet avec les pots que j' aime beaucoup n' est pas délicat <eos>,12,délicat,délicate,10,M,P,délicat,-9.471759,délicate,-14.158461,1
11014,S_NOUN_7_ADJ_b,M,S,le jouet avec les pots que j' aime beaucoup n' est pas pointu <eos>,12,pointu,pointue,10,M,P,pointu,-10.8959,pointue,-15.5590725,1
11015,S_NOUN_7_ADJ_b,M,S,le jouet avec les pots que j' aime beaucoup n' est pas rond <eos>,12,rond,ronde,10,M,P,rond,-6.65238,ronde,-12.443365,1
11016,S_NOUN_7_ADJ_b,M,S,le jouet avec les pots que j' aime beaucoup n' est pas froid <eos>,12,froid,froide,10,M,P,froid,-9.03091,froide,-12.90944,1
11017,S_NOUN_7_ADJ_b,M,S,le jouet avec les pots que j' aime beaucoup n' est pas chaud <eos>,12,chaud,chaude,10,M,P,chaud,-8.605343,chaude,-13.32713,1
11018,S_NOUN_7_ADJ_b,M,S,le jouet avec les pots que j' aime beaucoup n' est pas important <eos>,12,important,importante,10,M,P,important,-8.513304,importante,-12.486746,1
11019,S_NOUN_7_ADJ_b,M,S,le jouet avec les pots que j' aime beaucoup n' est pas court <eos>,12,court,courte,10,M,P,court,-9.946128,courte,-13.896442,1
11020,S_NOUN_7_ADJ_b,M,S,le jouet avec les pots que j' aime beaucoup n' est pas dur <eos>,12,dur,dure,10,M,P,dur,-7.978471,dure,-10.74861,1
11021,S_NOUN_7_ADJ_b,M,S,le jouet avec les pots que j' aime beaucoup n' est pas clair <eos>,12,clair,claire,10,M,P,clair,-5.2316446,claire,-8.645773,1
11022,S_NOUN_7_ADJ_b,M,S,le jouet avec les pots que j' aime beaucoup n' est pas intéressant <eos>,12,intéressant,intéressante,10,M,P,intéressant,-8.648584,intéressante,-12.15521,1
11023,S_NOUN_7_ADJ_b,M,S,le jouet avec les pots que j' aime beaucoup n' est pas brillant <eos>,12,brillant,brillante,10,M,P,brillant,-8.175034,brillante,-12.611799,1
11024,S_NOUN_7_ADJ_b,M,S,le jouet avec les pots que j' aime beaucoup n' est pas compliqué <eos>,12,compliqué,compliquée,10,M,P,compliqué,-9.07246,compliquée,-12.462866,1
11025,S_NOUN_7_ADJ_b,M,S,le jouet avec les coussins que j' aime beaucoup n' est pas vert <eos>,12,vert,verte,10,M,P,vert,-9.594633,verte,-12.593422,1
11026,S_NOUN_7_ADJ_b,M,S,le jouet avec les coussins que j' aime beaucoup n' est pas bleu <eos>,12,bleu,bleue,10,M,P,bleu,-9.038879,bleue,-12.533361,1
11027,S_NOUN_7_ADJ_b,M,S,le jouet avec les coussins que j' aime beaucoup n' est pas noir <eos>,12,noir,noire,10,M,P,noir,-6.4418,noire,-12.088463,1
11028,S_NOUN_7_ADJ_b,M,S,le jouet avec les coussins que j' aime beaucoup n' est pas délicat <eos>,12,délicat,délicate,10,M,P,délicat,-9.996567,délicate,-14.167297,1
11029,S_NOUN_7_ADJ_b,M,S,le jouet avec les coussins que j' aime beaucoup n' est pas pointu <eos>,12,pointu,pointue,10,M,P,pointu,-9.619527,pointue,-14.876511,1
11030,S_NOUN_7_ADJ_b,M,S,le jouet avec les coussins que j' aime beaucoup n' est pas rond <eos>,12,rond,ronde,10,M,P,rond,-6.175291,ronde,-12.53923,1
11031,S_NOUN_7_ADJ_b,M,S,le jouet avec les coussins que j' aime beaucoup n' est pas froid <eos>,12,froid,froide,10,M,P,froid,-9.931473,froide,-13.820798,1
11032,S_NOUN_7_ADJ_b,M,S,le jouet avec les coussins que j' aime beaucoup n' est pas chaud <eos>,12,chaud,chaude,10,M,P,chaud,-9.142255,chaude,-13.909752,1
11033,S_NOUN_7_ADJ_b,M,S,le jouet avec les coussins que j' aime beaucoup n' est pas important <eos>,12,important,importante,10,M,P,important,-8.297001,importante,-12.061615,1
11034,S_NOUN_7_ADJ_b,M,S,le jouet avec les coussins que j' aime beaucoup n' est pas court <eos>,12,court,courte,10,M,P,court,-9.424888,courte,-13.318445,1
11035,S_NOUN_7_ADJ_b,M,S,le jouet avec les coussins que j' aime beaucoup n' est pas dur <eos>,12,dur,dure,10,M,P,dur,-8.348938,dure,-11.220442,1
11036,S_NOUN_7_ADJ_b,M,S,le jouet avec les coussins que j' aime beaucoup n' est pas clair <eos>,12,clair,claire,10,M,P,clair,-5.8188944,claire,-8.646934,1
11037,S_NOUN_7_ADJ_b,M,S,le jouet avec les coussins que j' aime beaucoup n' est pas intéressant <eos>,12,intéressant,intéressante,10,M,P,intéressant,-8.614876,intéressante,-12.11117,1
11038,S_NOUN_7_ADJ_b,M,S,le jouet avec les coussins que j' aime beaucoup n' est pas brillant <eos>,12,brillant,brillante,10,M,P,brillant,-8.228916,brillante,-12.565208,1
11039,S_NOUN_7_ADJ_b,M,S,le jouet avec les coussins que j' aime beaucoup n' est pas compliqué <eos>,12,compliqué,compliquée,10,M,P,compliqué,-9.17883,compliquée,-12.056592,1
11040,S_NOUN_7_ADJ_b,M,S,le jouet avec les jouets que j' aime beaucoup n' est pas vert <eos>,12,vert,verte,10,M,P,vert,-10.195527,verte,-13.330312,1
11041,S_NOUN_7_ADJ_b,M,S,le jouet avec les jouets que j' aime beaucoup n' est pas bleu <eos>,12,bleu,bleue,10,M,P,bleu,-9.60951,bleue,-13.126839,1
11042,S_NOUN_7_ADJ_b,M,S,le jouet avec les jouets que j' aime beaucoup n' est pas noir <eos>,12,noir,noire,10,M,P,noir,-6.955286,noire,-12.658353,1
11043,S_NOUN_7_ADJ_b,M,S,le jouet avec les jouets que j' aime beaucoup n' est pas délicat <eos>,12,délicat,délicate,10,M,P,délicat,-10.143784,délicate,-14.790903,1
11044,S_NOUN_7_ADJ_b,M,S,le jouet avec les jouets que j' aime beaucoup n' est pas pointu <eos>,12,pointu,pointue,10,M,P,pointu,-10.818078,pointue,-15.678136,1
11045,S_NOUN_7_ADJ_b,M,S,le jouet avec les jouets que j' aime beaucoup n' est pas rond <eos>,12,rond,ronde,10,M,P,rond,-6.8014545,ronde,-12.5993805,1
11046,S_NOUN_7_ADJ_b,M,S,le jouet avec les jouets que j' aime beaucoup n' est pas froid <eos>,12,froid,froide,10,M,P,froid,-9.284571,froide,-13.431379,1
11047,S_NOUN_7_ADJ_b,M,S,le jouet avec les jouets que j' aime beaucoup n' est pas chaud <eos>,12,chaud,chaude,10,M,P,chaud,-9.049267,chaude,-13.849272,1
11048,S_NOUN_7_ADJ_b,M,S,le jouet avec les jouets que j' aime beaucoup n' est pas important <eos>,12,important,importante,10,M,P,important,-8.51177,importante,-12.4826355,1
11049,S_NOUN_7_ADJ_b,M,S,le jouet avec les jouets que j' aime beaucoup n' est pas court <eos>,12,court,courte,10,M,P,court,-9.739064,courte,-13.834136,1
11050,S_NOUN_7_ADJ_b,M,S,le jouet avec les jouets que j' aime beaucoup n' est pas dur <eos>,12,dur,dure,10,M,P,dur,-8.599162,dure,-11.259054,1
11051,S_NOUN_7_ADJ_b,M,S,le jouet avec les jouets que j' aime beaucoup n' est pas clair <eos>,12,clair,claire,10,M,P,clair,-6.0818133,claire,-9.298105,1
11052,S_NOUN_7_ADJ_b,M,S,le jouet avec les jouets que j' aime beaucoup n' est pas intéressant <eos>,12,intéressant,intéressante,10,M,P,intéressant,-8.443591,intéressante,-11.930527,1
11053,S_NOUN_7_ADJ_b,M,S,le jouet avec les jouets que j' aime beaucoup n' est pas brillant <eos>,12,brillant,brillante,10,M,P,brillant,-9.18247,brillante,-13.22852,1
11054,S_NOUN_7_ADJ_b,M,S,le jouet avec les jouets que j' aime beaucoup n' est pas compliqué <eos>,12,compliqué,compliquée,10,M,P,compliqué,-9.0632305,compliquée,-12.0737705,1
11055,S_NOUN_7_ADJ_b,M,S,le jouet avec les clous que j' aime beaucoup n' est pas vert <eos>,12,vert,verte,10,M,P,vert,-9.518614,verte,-13.127626,1
11056,S_NOUN_7_ADJ_b,M,S,le jouet avec les clous que j' aime beaucoup n' est pas bleu <eos>,12,bleu,bleue,10,M,P,bleu,-9.021622,bleue,-13.392141,1
11057,S_NOUN_7_ADJ_b,M,S,le jouet avec les clous que j' aime beaucoup n' est pas noir <eos>,12,noir,noire,10,M,P,noir,-6.4626036,noire,-12.286276,1
11058,S_NOUN_7_ADJ_b,M,S,le jouet avec les clous que j' aime beaucoup n' est pas délicat <eos>,12,délicat,délicate,10,M,P,délicat,-9.517246,délicate,-13.93342,1
11059,S_NOUN_7_ADJ_b,M,S,le jouet avec les clous que j' aime beaucoup n' est pas pointu <eos>,12,pointu,pointue,10,M,P,pointu,-9.461582,pointue,-14.427153,1
11060,S_NOUN_7_ADJ_b,M,S,le jouet avec les clous que j' aime beaucoup n' est pas rond <eos>,12,rond,ronde,10,M,P,rond,-5.9665008,ronde,-12.44092,1
11061,S_NOUN_7_ADJ_b,M,S,le jouet avec les clous que j' aime beaucoup n' est pas froid <eos>,12,froid,froide,10,M,P,froid,-9.980019,froide,-14.576265,1
11062,S_NOUN_7_ADJ_b,M,S,le jouet avec les clous que j' aime beaucoup n' est pas chaud <eos>,12,chaud,chaude,10,M,P,chaud,-9.469589,chaude,-14.501074,1
11063,S_NOUN_7_ADJ_b,M,S,le jouet avec les clous que j' aime beaucoup n' est pas important <eos>,12,important,importante,10,M,P,important,-8.233907,importante,-12.077292,1
11064,S_NOUN_7_ADJ_b,M,S,le jouet avec les clous que j' aime beaucoup n' est pas court <eos>,12,court,courte,10,M,P,court,-8.836579,courte,-13.132825,1
11065,S_NOUN_7_ADJ_b,M,S,le jouet avec les clous que j' aime beaucoup n' est pas dur <eos>,12,dur,dure,10,M,P,dur,-8.060254,dure,-11.105589,1
11066,S_NOUN_7_ADJ_b,M,S,le jouet avec les clous que j' aime beaucoup n' est pas clair <eos>,12,clair,claire,10,M,P,clair,-5.8160114,claire,-9.049407,1
11067,S_NOUN_7_ADJ_b,M,S,le jouet avec les clous que j' aime beaucoup n' est pas intéressant <eos>,12,intéressant,intéressante,10,M,P,intéressant,-8.477485,intéressante,-12.550536,1
11068,S_NOUN_7_ADJ_b,M,S,le jouet avec les clous que j' aime beaucoup n' est pas brillant <eos>,12,brillant,brillante,10,M,P,brillant,-8.129799,brillante,-13.2684765,1
11069,S_NOUN_7_ADJ_b,M,S,le jouet avec les clous que j' aime beaucoup n' est pas compliqué <eos>,12,compliqué,compliquée,10,M,P,compliqué,-9.037344,compliquée,-12.494082,1
11070,S_NOUN_7_ADJ_b,M,S,le jouet avec les billets que j' aime beaucoup n' est pas vert <eos>,12,vert,verte,10,M,P,vert,-9.951168,verte,-13.152449,1
11071,S_NOUN_7_ADJ_b,M,S,le jouet avec les billets que j' aime beaucoup n' est pas bleu <eos>,12,bleu,bleue,10,M,P,bleu,-9.079298,bleue,-12.971404,1
11072,S_NOUN_7_ADJ_b,M,S,le jouet avec les billets que j' aime beaucoup n' est pas noir <eos>,12,noir,noire,10,M,P,noir,-6.505915,noire,-12.649656,1
11073,S_NOUN_7_ADJ_b,M,S,le jouet avec les billets que j' aime beaucoup n' est pas délicat <eos>,12,délicat,délicate,10,M,P,délicat,-10.034703,délicate,-15.297865,1
11074,S_NOUN_7_ADJ_b,M,S,le jouet avec les billets que j' aime beaucoup n' est pas pointu <eos>,12,pointu,pointue,10,M,P,pointu,-10.380227,pointue,-15.67762,1
11075,S_NOUN_7_ADJ_b,M,S,le jouet avec les billets que j' aime beaucoup n' est pas rond <eos>,12,rond,ronde,10,M,P,rond,-6.78342,ronde,-12.303162,1
11076,S_NOUN_7_ADJ_b,M,S,le jouet avec les billets que j' aime beaucoup n' est pas froid <eos>,12,froid,froide,10,M,P,froid,-9.891716,froide,-13.97393,1
11077,S_NOUN_7_ADJ_b,M,S,le jouet avec les billets que j' aime beaucoup n' est pas chaud <eos>,12,chaud,chaude,10,M,P,chaud,-9.379746,chaude,-14.119176,1
11078,S_NOUN_7_ADJ_b,M,S,le jouet avec les billets que j' aime beaucoup n' est pas important <eos>,12,important,importante,10,M,P,important,-8.273691,importante,-12.293614,1
11079,S_NOUN_7_ADJ_b,M,S,le jouet avec les billets que j' aime beaucoup n' est pas court <eos>,12,court,courte,10,M,P,court,-9.142682,courte,-13.680805,1
11080,S_NOUN_7_ADJ_b,M,S,le jouet avec les billets que j' aime beaucoup n' est pas dur <eos>,12,dur,dure,10,M,P,dur,-8.515651,dure,-11.366203,1
11081,S_NOUN_7_ADJ_b,M,S,le jouet avec les billets que j' aime beaucoup n' est pas clair <eos>,12,clair,claire,10,M,P,clair,-6.0346413,claire,-9.708349,1
11082,S_NOUN_7_ADJ_b,M,S,le jouet avec les billets que j' aime beaucoup n' est pas intéressant <eos>,12,intéressant,intéressante,10,M,P,intéressant,-8.279806,intéressante,-12.222543,1
11083,S_NOUN_7_ADJ_b,M,S,le jouet avec les billets que j' aime beaucoup n' est pas brillant <eos>,12,brillant,brillante,10,M,P,brillant,-8.770723,brillante,-12.951967,1
11084,S_NOUN_7_ADJ_b,M,S,le jouet avec les billets que j' aime beaucoup n' est pas compliqué <eos>,12,compliqué,compliquée,10,M,P,compliqué,-9.088684,compliquée,-13.072535,1
11085,S_NOUN_7_ADJ_b,M,S,le jouet avec les légumes que j' aime beaucoup n' est pas vert <eos>,12,vert,verte,10,M,P,vert,-9.620868,verte,-12.955835,1
11086,S_NOUN_7_ADJ_b,M,S,le jouet avec les légumes que j' aime beaucoup n' est pas bleu <eos>,12,bleu,bleue,10,M,P,bleu,-9.2585945,bleue,-13.078111,1
11087,S_NOUN_7_ADJ_b,M,S,le jouet avec les légumes que j' aime beaucoup n' est pas noir <eos>,12,noir,noire,10,M,P,noir,-6.7116632,noire,-12.783263,1
11088,S_NOUN_7_ADJ_b,M,S,le jouet avec les légumes que j' aime beaucoup n' est pas délicat <eos>,12,délicat,délicate,10,M,P,délicat,-8.896281,délicate,-13.929527,1
11089,S_NOUN_7_ADJ_b,M,S,le jouet avec les légumes que j' aime beaucoup n' est pas pointu <eos>,12,pointu,pointue,10,M,P,pointu,-10.62071,pointue,-15.710193,1
11090,S_NOUN_7_ADJ_b,M,S,le jouet avec les légumes que j' aime beaucoup n' est pas rond <eos>,12,rond,ronde,10,M,P,rond,-6.840565,ronde,-12.208031,1
11091,S_NOUN_7_ADJ_b,M,S,le jouet avec les légumes que j' aime beaucoup n' est pas froid <eos>,12,froid,froide,10,M,P,froid,-8.84813,froide,-13.108885,1
11092,S_NOUN_7_ADJ_b,M,S,le jouet avec les légumes que j' aime beaucoup n' est pas chaud <eos>,12,chaud,chaude,10,M,P,chaud,-8.375002,chaude,-13.457977,1
11093,S_NOUN_7_ADJ_b,M,S,le jouet avec les légumes que j' aime beaucoup n' est pas important <eos>,12,important,importante,10,M,P,important,-8.118119,importante,-11.949253,1
11094,S_NOUN_7_ADJ_b,M,S,le jouet avec les légumes que j' aime beaucoup n' est pas court <eos>,12,court,courte,10,M,P,court,-9.860186,courte,-13.503885,1
11095,S_NOUN_7_ADJ_b,M,S,le jouet avec les légumes que j' aime beaucoup n' est pas dur <eos>,12,dur,dure,10,M,P,dur,-7.812192,dure,-10.792927,1
11096,S_NOUN_7_ADJ_b,M,S,le jouet avec les légumes que j' aime beaucoup n' est pas clair <eos>,12,clair,claire,10,M,P,clair,-5.418194,claire,-9.067347,1
11097,S_NOUN_7_ADJ_b,M,S,le jouet avec les légumes que j' aime beaucoup n' est pas intéressant <eos>,12,intéressant,intéressante,10,M,P,intéressant,-8.044163,intéressante,-11.179743,1
11098,S_NOUN_7_ADJ_b,M,S,le jouet avec les légumes que j' aime beaucoup n' est pas brillant <eos>,12,brillant,brillante,10,M,P,brillant,-8.261325,brillante,-12.773726,1
11099,S_NOUN_7_ADJ_b,M,S,le jouet avec les légumes que j' aime beaucoup n' est pas compliqué <eos>,12,compliqué,compliquée,10,M,P,compliqué,-8.972336,compliquée,-12.247527,1
11100,S_NOUN_7_ADJ_b,M,S,le clou avec les bracelets que j' aime beaucoup n' est pas vert <eos>,12,vert,verte,10,M,P,vert,-8.904973,verte,-12.421843,1
11101,S_NOUN_7_ADJ_b,M,S,le clou avec les bracelets que j' aime beaucoup n' est pas bleu <eos>,12,bleu,bleue,10,M,P,bleu,-7.962,bleue,-12.27025,1
11102,S_NOUN_7_ADJ_b,M,S,le clou avec les bracelets que j' aime beaucoup n' est pas noir <eos>,12,noir,noire,10,M,P,noir,-5.8287992,noire,-11.3279915,1
11103,S_NOUN_7_ADJ_b,M,S,le clou avec les bracelets que j' aime beaucoup n' est pas délicat <eos>,12,délicat,délicate,10,M,P,délicat,-9.5366125,délicate,-13.74658,1
11104,S_NOUN_7_ADJ_b,M,S,le clou avec les bracelets que j' aime beaucoup n' est pas pointu <eos>,12,pointu,pointue,10,M,P,pointu,-8.904995,pointue,-13.881721,1
11105,S_NOUN_7_ADJ_b,M,S,le clou avec les bracelets que j' aime beaucoup n' est pas rond <eos>,12,rond,ronde,10,M,P,rond,-6.41595,ronde,-11.592605,1
11106,S_NOUN_7_ADJ_b,M,S,le clou avec les bracelets que j' aime beaucoup n' est pas froid <eos>,12,froid,froide,10,M,P,froid,-10.147989,froide,-14.537123,1
11107,S_NOUN_7_ADJ_b,M,S,le clou avec les bracelets que j' aime beaucoup n' est pas chaud <eos>,12,chaud,chaude,10,M,P,chaud,-9.934613,chaude,-14.367308,1
11108,S_NOUN_7_ADJ_b,M,S,le clou avec les bracelets que j' aime beaucoup n' est pas important <eos>,12,important,importante,10,M,P,important,-8.437801,importante,-11.938177,1
11109,S_NOUN_7_ADJ_b,M,S,le clou avec les bracelets que j' aime beaucoup n' est pas court <eos>,12,court,courte,10,M,P,court,-9.264339,courte,-12.162989,1
11110,S_NOUN_7_ADJ_b,M,S,le clou avec les bracelets que j' aime beaucoup n' est pas dur <eos>,12,dur,dure,10,M,P,dur,-8.280323,dure,-11.566881,1
11111,S_NOUN_7_ADJ_b,M,S,le clou avec les bracelets que j' aime beaucoup n' est pas clair <eos>,12,clair,claire,10,M,P,clair,-5.3136225,claire,-8.446729,1
11112,S_NOUN_7_ADJ_b,M,S,le clou avec les bracelets que j' aime beaucoup n' est pas intéressant <eos>,12,intéressant,intéressante,10,M,P,intéressant,-8.836168,intéressante,-12.970518,1
11113,S_NOUN_7_ADJ_b,M,S,le clou avec les bracelets que j' aime beaucoup n' est pas brillant <eos>,12,brillant,brillante,10,M,P,brillant,-7.4067335,brillante,-11.599748,1
11114,S_NOUN_7_ADJ_b,M,S,le clou avec les bracelets que j' aime beaucoup n' est pas compliqué <eos>,12,compliqué,compliquée,10,M,P,compliqué,-8.802591,compliquée,-12.824007,1
11115,S_NOUN_7_ADJ_b,M,S,le clou avec les miroirs que j' aime beaucoup n' est pas vert <eos>,12,vert,verte,10,M,P,vert,-8.895029,verte,-11.636999,1
11116,S_NOUN_7_ADJ_b,M,S,le clou avec les miroirs que j' aime beaucoup n' est pas bleu <eos>,12,bleu,bleue,10,M,P,bleu,-8.09664,bleue,-12.156444,1
11117,S_NOUN_7_ADJ_b,M,S,le clou avec les miroirs que j' aime beaucoup n' est pas noir <eos>,12,noir,noire,10,M,P,noir,-5.989619,noire,-11.287333,1
11118,S_NOUN_7_ADJ_b,M,S,le clou avec les miroirs que j' aime beaucoup n' est pas délicat <eos>,12,délicat,délicate,10,M,P,délicat,-9.547401,délicate,-13.515509,1
11119,S_NOUN_7_ADJ_b,M,S,le clou avec les miroirs que j' aime beaucoup n' est pas pointu <eos>,12,pointu,pointue,10,M,P,pointu,-9.466691,pointue,-14.1881485,1
11120,S_NOUN_7_ADJ_b,M,S,le clou avec les miroirs que j' aime beaucoup n' est pas rond <eos>,12,rond,ronde,10,M,P,rond,-6.623397,ronde,-12.097404,1
11121,S_NOUN_7_ADJ_b,M,S,le clou avec les miroirs que j' aime beaucoup n' est pas froid <eos>,12,froid,froide,10,M,P,froid,-10.197294,froide,-14.304623,1
11122,S_NOUN_7_ADJ_b,M,S,le clou avec les miroirs que j' aime beaucoup n' est pas chaud <eos>,12,chaud,chaude,10,M,P,chaud,-9.5954685,chaude,-13.892214,1
11123,S_NOUN_7_ADJ_b,M,S,le clou avec les miroirs que j' aime beaucoup n' est pas important <eos>,12,important,importante,10,M,P,important,-8.602274,importante,-12.162012,1
11124,S_NOUN_7_ADJ_b,M,S,le clou avec les miroirs que j' aime beaucoup n' est pas court <eos>,12,court,courte,10,M,P,court,-9.926776,courte,-13.048408,1
11125,S_NOUN_7_ADJ_b,M,S,le clou avec les miroirs que j' aime beaucoup n' est pas dur <eos>,12,dur,dure,10,M,P,dur,-8.437243,dure,-11.776384,1
11126,S_NOUN_7_ADJ_b,M,S,le clou avec les miroirs que j' aime beaucoup n' est pas clair <eos>,12,clair,claire,10,M,P,clair,-4.9413357,claire,-8.0472145,1
11127,S_NOUN_7_ADJ_b,M,S,le clou avec les miroirs que j' aime beaucoup n' est pas intéressant <eos>,12,intéressant,intéressante,10,M,P,intéressant,-8.911541,intéressante,-12.737997,1
11128,S_NOUN_7_ADJ_b,M,S,le clou avec les miroirs que j' aime beaucoup n' est pas brillant <eos>,12,brillant,brillante,10,M,P,brillant,-7.152911,brillante,-11.675556,1
11129,S_NOUN_7_ADJ_b,M,S,le clou avec les miroirs que j' aime beaucoup n' est pas compliqué <eos>,12,compliqué,compliquée,10,M,P,compliqué,-9.017679,compliquée,-13.173262,1
11130,S_NOUN_7_ADJ_b,M,S,le clou avec les crayons que j' aime beaucoup n' est pas vert <eos>,12,vert,verte,10,M,P,vert,-8.096397,verte,-12.348742,1
11131,S_NOUN_7_ADJ_b,M,S,le clou avec les crayons que j' aime beaucoup n' est pas bleu <eos>,12,bleu,bleue,10,M,P,bleu,-7.3871927,bleue,-11.961015,1
11132,S_NOUN_7_ADJ_b,M,S,le clou avec les crayons que j' aime beaucoup n' est pas noir <eos>,12,noir,noire,10,M,P,noir,-5.4903603,noire,-11.790611,1
11133,S_NOUN_7_ADJ_b,M,S,le clou avec les crayons que j' aime beaucoup n' est pas délicat <eos>,12,délicat,délicate,10,M,P,délicat,-9.3233795,délicate,-13.525734,1
11134,S_NOUN_7_ADJ_b,M,S,le clou avec les crayons que j' aime beaucoup n' est pas pointu <eos>,12,pointu,pointue,10,M,P,pointu,-11.545609,pointue,-15.628743,1
11135,S_NOUN_7_ADJ_b,M,S,le clou avec les crayons que j' aime beaucoup n' est pas rond <eos>,12,rond,ronde,10,M,P,rond,-6.6938915,ronde,-12.652686,1
11136,S_NOUN_7_ADJ_b,M,S,le clou avec les crayons que j' aime beaucoup n' est pas froid <eos>,12,froid,froide,10,M,P,froid,-9.775639,froide,-14.109232,1
11137,S_NOUN_7_ADJ_b,M,S,le clou avec les crayons que j' aime beaucoup n' est pas chaud <eos>,12,chaud,chaude,10,M,P,chaud,-8.898035,chaude,-14.001285,1
11138,S_NOUN_7_ADJ_b,M,S,le clou avec les crayons que j' aime beaucoup n' est pas important <eos>,12,important,importante,10,M,P,important,-7.9898176,importante,-11.420661,1
11139,S_NOUN_7_ADJ_b,M,S,le clou avec les crayons que j' aime beaucoup n' est pas court <eos>,12,court,courte,10,M,P,court,-10.147892,courte,-13.277529,1
11140,S_NOUN_7_ADJ_b,M,S,le clou avec les crayons que j' aime beaucoup n' est pas dur <eos>,12,dur,dure,10,M,P,dur,-8.37795,dure,-11.355104,1
11141,S_NOUN_7_ADJ_b,M,S,le clou avec les crayons que j' aime beaucoup n' est pas clair <eos>,12,clair,claire,10,M,P,clair,-4.2979584,claire,-7.6013727,1
11142,S_NOUN_7_ADJ_b,M,S,le clou avec les crayons que j' aime beaucoup n' est pas intéressant <eos>,12,intéressant,intéressante,10,M,P,intéressant,-8.653525,intéressante,-11.710387,1
11143,S_NOUN_7_ADJ_b,M,S,le clou avec les crayons que j' aime beaucoup n' est pas brillant <eos>,12,brillant,brillante,10,M,P,brillant,-7.9976215,brillante,-12.090485,1
11144,S_NOUN_7_ADJ_b,M,S,le clou avec les crayons que j' aime beaucoup n' est pas compliqué <eos>,12,compliqué,compliquée,10,M,P,compliqué,-9.72879,compliquée,-13.511024,1
11145,S_NOUN_7_ADJ_b,M,S,le clou avec les rideaux que j' aime beaucoup n' est pas vert <eos>,12,vert,verte,10,M,P,vert,-8.33666,verte,-12.197306,1
11146,S_NOUN_7_ADJ_b,M,S,le clou avec les rideaux que j' aime beaucoup n' est pas bleu <eos>,12,bleu,bleue,10,M,P,bleu,-7.804207,bleue,-11.859304,1
11147,S_NOUN_7_ADJ_b,M,S,le clou avec les rideaux que j' aime beaucoup n' est pas noir <eos>,12,noir,noire,10,M,P,noir,-5.400132,noire,-11.691376,1
11148,S_NOUN_7_ADJ_b,M,S,le clou avec les rideaux que j' aime beaucoup n' est pas délicat <eos>,12,délicat,délicate,10,M,P,délicat,-9.4667225,délicate,-13.503777,1
11149,S_NOUN_7_ADJ_b,M,S,le clou avec les rideaux que j' aime beaucoup n' est pas pointu <eos>,12,pointu,pointue,10,M,P,pointu,-9.933892,pointue,-15.037159,1
11150,S_NOUN_7_ADJ_b,M,S,le clou avec les rideaux que j' aime beaucoup n' est pas rond <eos>,12,rond,ronde,10,M,P,rond,-6.1767826,ronde,-11.458776,1
11151,S_NOUN_7_ADJ_b,M,S,le clou avec les rideaux que j' aime beaucoup n' est pas froid <eos>,12,froid,froide,10,M,P,froid,-9.885243,froide,-13.992647,1
11152,S_NOUN_7_ADJ_b,M,S,le clou avec les rideaux que j' aime beaucoup n' est pas chaud <eos>,12,chaud,chaude,10,M,P,chaud,-9.069965,chaude,-14.019689,1
11153,S_NOUN_7_ADJ_b,M,S,le clou avec les rideaux que j' aime beaucoup n' est pas important <eos>,12,important,importante,10,M,P,important,-8.069214,importante,-11.847155,1
11154,S_NOUN_7_ADJ_b,M,S,le clou avec les rideaux que j' aime beaucoup n' est pas court <eos>,12,court,courte,10,M,P,court,-9.022167,courte,-12.440212,1
11155,S_NOUN_7_ADJ_b,M,S,le clou avec les rideaux que j' aime beaucoup n' est pas dur <eos>,12,dur,dure,10,M,P,dur,-8.111439,dure,-10.410529,1
11156,S_NOUN_7_ADJ_b,M,S,le clou avec les rideaux que j' aime beaucoup n' est pas clair <eos>,12,clair,claire,10,M,P,clair,-4.7136893,claire,-8.077227,1
11157,S_NOUN_7_ADJ_b,M,S,le clou avec les rideaux que j' aime beaucoup n' est pas intéressant <eos>,12,intéressant,intéressante,10,M,P,intéressant,-9.040874,intéressante,-12.729355,1
11158,S_NOUN_7_ADJ_b,M,S,le clou avec les rideaux que j' aime beaucoup n' est pas brillant <eos>,12,brillant,brillante,10,M,P,brillant,-7.52504,brillante,-11.862881,1
11159,S_NOUN_7_ADJ_b,M,S,le clou avec les rideaux que j' aime beaucoup n' est pas compliqué <eos>,12,compliqué,compliquée,10,M,P,compliqué,-9.006699,compliquée,-13.226532,1
11160,S_NOUN_7_ADJ_b,M,S,le clou avec les cahiers que j' aime beaucoup n' est pas vert <eos>,12,vert,verte,10,M,P,vert,-9.180804,verte,-13.102699,1
11161,S_NOUN_7_ADJ_b,M,S,le clou avec les cahiers que j' aime beaucoup n' est pas bleu <eos>,12,bleu,bleue,10,M,P,bleu,-8.397898,bleue,-12.531162,1
11162,S_NOUN_7_ADJ_b,M,S,le clou avec les cahiers que j' aime beaucoup n' est pas noir <eos>,12,noir,noire,10,M,P,noir,-6.134833,noire,-12.717518,1
11163,S_NOUN_7_ADJ_b,M,S,le clou avec les cahiers que j' aime beaucoup n' est pas délicat <eos>,12,délicat,délicate,10,M,P,délicat,-9.584181,délicate,-14.749968,1
11164,S_NOUN_7_ADJ_b,M,S,le clou avec les cahiers que j' aime beaucoup n' est pas pointu <eos>,12,pointu,pointue,10,M,P,pointu,-10.852815,pointue,-15.546072,1
11165,S_NOUN_7_ADJ_b,M,S,le clou avec les cahiers que j' aime beaucoup n' est pas rond <eos>,12,rond,ronde,10,M,P,rond,-6.6956663,ronde,-12.293387,1
11166,S_NOUN_7_ADJ_b,M,S,le clou avec les cahiers que j' aime beaucoup n' est pas froid <eos>,12,froid,froide,10,M,P,froid,-9.2926855,froide,-14.496428,1
11167,S_NOUN_7_ADJ_b,M,S,le clou avec les cahiers que j' aime beaucoup n' est pas chaud <eos>,12,chaud,chaude,10,M,P,chaud,-9.06407,chaude,-14.78034,1
11168,S_NOUN_7_ADJ_b,M,S,le clou avec les cahiers que j' aime beaucoup n' est pas important <eos>,12,important,importante,10,M,P,important,-8.316149,importante,-12.302701,1
11169,S_NOUN_7_ADJ_b,M,S,le clou avec les cahiers que j' aime beaucoup n' est pas court <eos>,12,court,courte,10,M,P,court,-9.288454,courte,-12.88898,1
11170,S_NOUN_7_ADJ_b,M,S,le clou avec les cahiers que j' aime beaucoup n' est pas dur <eos>,12,dur,dure,10,M,P,dur,-8.327009,dure,-11.332151,1
11171,S_NOUN_7_ADJ_b,M,S,le clou avec les cahiers que j' aime beaucoup n' est pas clair <eos>,12,clair,claire,10,M,P,clair,-4.7903547,claire,-8.787426,1
11172,S_NOUN_7_ADJ_b,M,S,le clou avec les cahiers que j' aime beaucoup n' est pas intéressant <eos>,12,intéressant,intéressante,10,M,P,intéressant,-8.381671,intéressante,-11.951904,1
11173,S_NOUN_7_ADJ_b,M,S,le clou avec les cahiers que j' aime beaucoup n' est pas brillant <eos>,12,brillant,brillante,10,M,P,brillant,-8.466558,brillante,-12.594742,1
11174,S_NOUN_7_ADJ_b,M,S,le clou avec les cahiers que j' aime beaucoup n' est pas compliqué <eos>,12,compliqué,compliquée,10,M,P,compliqué,-8.880926,compliquée,-13.311344,1
11175,S_NOUN_7_ADJ_b,M,S,le clou avec les micros que j' aime beaucoup n' est pas vert <eos>,12,vert,verte,10,M,P,vert,-10.019993,verte,-13.34837,1
11176,S_NOUN_7_ADJ_b,M,S,le clou avec les micros que j' aime beaucoup n' est pas bleu <eos>,12,bleu,bleue,10,M,P,bleu,-9.058251,bleue,-12.923992,1
11177,S_NOUN_7_ADJ_b,M,S,le clou avec les micros que j' aime beaucoup n' est pas noir <eos>,12,noir,noire,10,M,P,noir,-6.583906,noire,-12.316157,1
11178,S_NOUN_7_ADJ_b,M,S,le clou avec les micros que j' aime beaucoup n' est pas délicat <eos>,12,délicat,délicate,10,M,P,délicat,-9.7914715,délicate,-14.706388,1
11179,S_NOUN_7_ADJ_b,M,S,le clou avec les micros que j' aime beaucoup n' est pas pointu <eos>,12,pointu,pointue,10,M,P,pointu,-10.2049675,pointue,-15.455316,1
11180,S_NOUN_7_ADJ_b,M,S,le clou avec les micros que j' aime beaucoup n' est pas rond <eos>,12,rond,ronde,10,M,P,rond,-6.9227886,ronde,-12.558303,1
11181,S_NOUN_7_ADJ_b,M,S,le clou avec les micros que j' aime beaucoup n' est pas froid <eos>,12,froid,froide,10,M,P,froid,-10.031183,froide,-14.685145,1
11182,S_NOUN_7_ADJ_b,M,S,le clou avec les micros que j' aime beaucoup n' est pas chaud <eos>,12,chaud,chaude,10,M,P,chaud,-9.616635,chaude,-13.820615,1
11183,S_NOUN_7_ADJ_b,M,S,le clou avec les micros que j' aime beaucoup n' est pas important <eos>,12,important,importante,10,M,P,important,-8.196877,importante,-11.905592,1
11184,S_NOUN_7_ADJ_b,M,S,le clou avec les micros que j' aime beaucoup n' est pas court <eos>,12,court,courte,10,M,P,court,-9.541074,courte,-12.802231,1
11185,S_NOUN_7_ADJ_b,M,S,le clou avec les micros que j' aime beaucoup n' est pas dur <eos>,12,dur,dure,10,M,P,dur,-8.349869,dure,-11.137419,1
11186,S_NOUN_7_ADJ_b,M,S,le clou avec les micros que j' aime beaucoup n' est pas clair <eos>,12,clair,claire,10,M,P,clair,-5.2998605,claire,-8.078203,1
11187,S_NOUN_7_ADJ_b,M,S,le clou avec les micros que j' aime beaucoup n' est pas intéressant <eos>,12,intéressant,intéressante,10,M,P,intéressant,-8.728968,intéressante,-11.670667,1
11188,S_NOUN_7_ADJ_b,M,S,le clou avec les micros que j' aime beaucoup n' est pas brillant <eos>,12,brillant,brillante,10,M,P,brillant,-8.632733,brillante,-12.977125,1
11189,S_NOUN_7_ADJ_b,M,S,le clou avec les micros que j' aime beaucoup n' est pas compliqué <eos>,12,compliqué,compliquée,10,M,P,compliqué,-9.256961,compliquée,-12.808958,1
11190,S_NOUN_7_ADJ_b,M,S,le clou avec les sacs que j' aime beaucoup n' est pas vert <eos>,12,vert,verte,10,M,P,vert,-8.172629,verte,-12.030566,1
11191,S_NOUN_7_ADJ_b,M,S,le clou avec les sacs que j' aime beaucoup n' est pas bleu <eos>,12,bleu,bleue,10,M,P,bleu,-7.943847,bleue,-12.012974,1
11192,S_NOUN_7_ADJ_b,M,S,le clou avec les sacs que j' aime beaucoup n' est pas noir <eos>,12,noir,noire,10,M,P,noir,-5.503461,noire,-11.462103,1
11193,S_NOUN_7_ADJ_b,M,S,le clou avec les sacs que j' aime beaucoup n' est pas délicat <eos>,12,délicat,délicate,10,M,P,délicat,-9.420116,délicate,-13.598055,1
11194,S_NOUN_7_ADJ_b,M,S,le clou avec les sacs que j' aime beaucoup n' est pas pointu <eos>,12,pointu,pointue,10,M,P,pointu,-10.520053,pointue,-15.234995,1
11195,S_NOUN_7_ADJ_b,M,S,le clou avec les sacs que j' aime beaucoup n' est pas rond <eos>,12,rond,ronde,10,M,P,rond,-6.369783,ronde,-12.469717,1
11196,S_NOUN_7_ADJ_b,M,S,le clou avec les sacs que j' aime beaucoup n' est pas froid <eos>,12,froid,froide,10,M,P,froid,-9.334954,froide,-13.620159,1
11197,S_NOUN_7_ADJ_b,M,S,le clou avec les sacs que j' aime beaucoup n' est pas chaud <eos>,12,chaud,chaude,10,M,P,chaud,-8.561212,chaude,-13.642003,1
11198,S_NOUN_7_ADJ_b,M,S,le clou avec les sacs que j' aime beaucoup n' est pas important <eos>,12,important,importante,10,M,P,important,-8.086664,importante,-11.849862,1
11199,S_NOUN_7_ADJ_b,M,S,le clou avec les sacs que j' aime beaucoup n' est pas court <eos>,12,court,courte,10,M,P,court,-9.521178,courte,-12.820893,1
11200,S_NOUN_7_ADJ_b,M,S,le clou avec les sacs que j' aime beaucoup n' est pas dur <eos>,12,dur,dure,10,M,P,dur,-7.7242765,dure,-10.994842,1
11201,S_NOUN_7_ADJ_b,M,S,le clou avec les sacs que j' aime beaucoup n' est pas clair <eos>,12,clair,claire,10,M,P,clair,-4.775299,claire,-8.144498,1
11202,S_NOUN_7_ADJ_b,M,S,le clou avec les sacs que j' aime beaucoup n' est pas intéressant <eos>,12,intéressant,intéressante,10,M,P,intéressant,-8.540581,intéressante,-11.5070095,1
11203,S_NOUN_7_ADJ_b,M,S,le clou avec les sacs que j' aime beaucoup n' est pas brillant <eos>,12,brillant,brillante,10,M,P,brillant,-8.020876,brillante,-12.379249,1
11204,S_NOUN_7_ADJ_b,M,S,le clou avec les sacs que j' aime beaucoup n' est pas compliqué <eos>,12,compliqué,compliquée,10,M,P,compliqué,-8.769983,compliquée,-12.900925,1
11205,S_NOUN_7_ADJ_b,M,S,le clou avec les claviers que j' aime beaucoup n' est pas vert <eos>,12,vert,verte,10,M,P,vert,-10.792761,verte,-14.315639,1
11206,S_NOUN_7_ADJ_b,M,S,le clou avec les claviers que j' aime beaucoup n' est pas bleu <eos>,12,bleu,bleue,10,M,P,bleu,-9.919113,bleue,-13.90589,1
11207,S_NOUN_7_ADJ_b,M,S,le clou avec les claviers que j' aime beaucoup n' est pas noir <eos>,12,noir,noire,10,M,P,noir,-7.3132153,noire,-12.650388,1
11208,S_NOUN_7_ADJ_b,M,S,le clou avec les claviers que j' aime beaucoup n' est pas délicat <eos>,12,délicat,délicate,10,M,P,délicat,-9.556883,délicate,-14.839922,1
11209,S_NOUN_7_ADJ_b,M,S,le clou avec les claviers que j' aime beaucoup n' est pas pointu <eos>,12,pointu,pointue,10,M,P,pointu,-10.1397705,pointue,-15.42973,1
11210,S_NOUN_7_ADJ_b,M,S,le clou avec les claviers que j' aime beaucoup n' est pas rond <eos>,12,rond,ronde,10,M,P,rond,-7.2159986,ronde,-12.1123295,1
11211,S_NOUN_7_ADJ_b,M,S,le clou avec les claviers que j' aime beaucoup n' est pas froid <eos>,12,froid,froide,10,M,P,froid,-10.4121065,froide,-15.284683,1
11212,S_NOUN_7_ADJ_b,M,S,le clou avec les claviers que j' aime beaucoup n' est pas chaud <eos>,12,chaud,chaude,10,M,P,chaud,-9.939445,chaude,-14.527268,1
11213,S_NOUN_7_ADJ_b,M,S,le clou avec les claviers que j' aime beaucoup n' est pas important <eos>,12,important,importante,10,M,P,important,-7.901532,importante,-11.685776,1
11214,S_NOUN_7_ADJ_b,M,S,le clou avec les claviers que j' aime beaucoup n' est pas court <eos>,12,court,courte,10,M,P,court,-9.2556715,courte,-12.070269,1
11215,S_NOUN_7_ADJ_b,M,S,le clou avec les claviers que j' aime beaucoup n' est pas dur <eos>,12,dur,dure,10,M,P,dur,-8.1263075,dure,-11.063004,1
11216,S_NOUN_7_ADJ_b,M,S,le clou avec les claviers que j' aime beaucoup n' est pas clair <eos>,12,clair,claire,10,M,P,clair,-5.5374327,claire,-8.835828,1
11217,S_NOUN_7_ADJ_b,M,S,le clou avec les claviers que j' aime beaucoup n' est pas intéressant <eos>,12,intéressant,intéressante,10,M,P,intéressant,-8.75986,intéressante,-11.618754,1
11218,S_NOUN_7_ADJ_b,M,S,le clou avec les claviers que j' aime beaucoup n' est pas brillant <eos>,12,brillant,brillante,10,M,P,brillant,-8.829922,brillante,-13.210117,1
11219,S_NOUN_7_ADJ_b,M,S,le clou avec les claviers que j' aime beaucoup n' est pas compliqué <eos>,12,compliqué,compliquée,10,M,P,compliqué,-8.681421,compliquée,-12.376389,1
11220,S_NOUN_7_ADJ_b,M,S,le clou avec les raisins que j' aime beaucoup n' est pas vert <eos>,12,vert,verte,10,M,P,vert,-8.022741,verte,-12.915689,1
11221,S_NOUN_7_ADJ_b,M,S,le clou avec les raisins que j' aime beaucoup n' est pas bleu <eos>,12,bleu,bleue,10,M,P,bleu,-7.711672,bleue,-12.441387,1
11222,S_NOUN_7_ADJ_b,M,S,le clou avec les raisins que j' aime beaucoup n' est pas noir <eos>,12,noir,noire,10,M,P,noir,-5.7375813,noire,-11.861392,1
11223,S_NOUN_7_ADJ_b,M,S,le clou avec les raisins que j' aime beaucoup n' est pas délicat <eos>,12,délicat,délicate,10,M,P,délicat,-8.803605,délicate,-13.375134,1
11224,S_NOUN_7_ADJ_b,M,S,le clou avec les raisins que j' aime beaucoup n' est pas pointu <eos>,12,pointu,pointue,10,M,P,pointu,-11.6546135,pointue,-15.530869,1
11225,S_NOUN_7_ADJ_b,M,S,le clou avec les raisins que j' aime beaucoup n' est pas rond <eos>,12,rond,ronde,10,M,P,rond,-6.4877777,ronde,-12.572134,1
11226,S_NOUN_7_ADJ_b,M,S,le clou avec les raisins que j' aime beaucoup n' est pas froid <eos>,12,froid,froide,10,M,P,froid,-8.486027,froide,-13.33759,1
11227,S_NOUN_7_ADJ_b,M,S,le clou avec les raisins que j' aime beaucoup n' est pas chaud <eos>,12,chaud,chaude,10,M,P,chaud,-8.0949135,chaude,-12.876368,1
11228,S_NOUN_7_ADJ_b,M,S,le clou avec les raisins que j' aime beaucoup n' est pas important <eos>,12,important,importante,10,M,P,important,-8.237604,importante,-11.620011,1
11229,S_NOUN_7_ADJ_b,M,S,le clou avec les raisins que j' aime beaucoup n' est pas court <eos>,12,court,courte,10,M,P,court,-9.644467,courte,-13.145757,1
11230,S_NOUN_7_ADJ_b,M,S,le clou avec les raisins que j' aime beaucoup n' est pas dur <eos>,12,dur,dure,10,M,P,dur,-8.628866,dure,-10.821964,1
11231,S_NOUN_7_ADJ_b,M,S,le clou avec les raisins que j' aime beaucoup n' est pas clair <eos>,12,clair,claire,10,M,P,clair,-4.0120716,claire,-7.5509357,1
11232,S_NOUN_7_ADJ_b,M,S,le clou avec les raisins que j' aime beaucoup n' est pas intéressant <eos>,12,intéressant,intéressante,10,M,P,intéressant,-9.247029,intéressante,-12.041075,1
11233,S_NOUN_7_ADJ_b,M,S,le clou avec les raisins que j' aime beaucoup n' est pas brillant <eos>,12,brillant,brillante,10,M,P,brillant,-8.388141,brillante,-12.7237015,1
11234,S_NOUN_7_ADJ_b,M,S,le clou avec les raisins que j' aime beaucoup n' est pas compliqué <eos>,12,compliqué,compliquée,10,M,P,compliqué,-8.91258,compliquée,-13.244944,1
11235,S_NOUN_7_ADJ_b,M,S,le clou avec les chargeurs que j' aime beaucoup n' est pas vert <eos>,12,vert,verte,10,M,P,vert,-9.5771055,verte,-12.800078,1
11236,S_NOUN_7_ADJ_b,M,S,le clou avec les chargeurs que j' aime beaucoup n' est pas bleu <eos>,12,bleu,bleue,10,M,P,bleu,-9.267191,bleue,-13.41107,1
11237,S_NOUN_7_ADJ_b,M,S,le clou avec les chargeurs que j' aime beaucoup n' est pas noir <eos>,12,noir,noire,10,M,P,noir,-6.8644533,noire,-11.714794,1
11238,S_NOUN_7_ADJ_b,M,S,le clou avec les chargeurs que j' aime beaucoup n' est pas délicat <eos>,12,délicat,délicate,10,M,P,délicat,-9.661655,délicate,-14.6614895,1
11239,S_NOUN_7_ADJ_b,M,S,le clou avec les chargeurs que j' aime beaucoup n' est pas pointu <eos>,12,pointu,pointue,10,M,P,pointu,-9.509972,pointue,-14.254893,1
11240,S_NOUN_7_ADJ_b,M,S,le clou avec les chargeurs que j' aime beaucoup n' est pas rond <eos>,12,rond,ronde,10,M,P,rond,-7.327174,ronde,-11.719436,1
11241,S_NOUN_7_ADJ_b,M,S,le clou avec les chargeurs que j' aime beaucoup n' est pas froid <eos>,12,froid,froide,10,M,P,froid,-10.243135,froide,-14.831592,1
11242,S_NOUN_7_ADJ_b,M,S,le clou avec les chargeurs que j' aime beaucoup n' est pas chaud <eos>,12,chaud,chaude,10,M,P,chaud,-9.402955,chaude,-14.998235,1
11243,S_NOUN_7_ADJ_b,M,S,le clou avec les chargeurs que j' aime beaucoup n' est pas important <eos>,12,important,importante,10,M,P,important,-7.7877464,importante,-11.0052,1
11244,S_NOUN_7_ADJ_b,M,S,le clou avec les chargeurs que j' aime beaucoup n' est pas court <eos>,12,court,courte,10,M,P,court,-8.933047,courte,-11.966006,1
11245,S_NOUN_7_ADJ_b,M,S,le clou avec les chargeurs que j' aime beaucoup n' est pas dur <eos>,12,dur,dure,10,M,P,dur,-9.142595,dure,-12.494461,1
11246,S_NOUN_7_ADJ_b,M,S,le clou avec les chargeurs que j' aime beaucoup n' est pas clair <eos>,12,clair,claire,10,M,P,clair,-6.2234573,claire,-9.388614,1
11247,S_NOUN_7_ADJ_b,M,S,le clou avec les chargeurs que j' aime beaucoup n' est pas intéressant <eos>,12,intéressant,intéressante,10,M,P,intéressant,-8.498537,intéressante,-11.771462,1
11248,S_NOUN_7_ADJ_b,M,S,le clou avec les chargeurs que j' aime beaucoup n' est pas brillant <eos>,12,brillant,brillante,10,M,P,brillant,-8.830613,brillante,-13.037712,1
11249,S_NOUN_7_ADJ_b,M,S,le clou avec les chargeurs que j' aime beaucoup n' est pas compliqué <eos>,12,compliqué,compliquée,10,M,P,compliqué,-8.9709425,compliquée,-13.012841,1
11250,S_NOUN_7_ADJ_b,M,S,le clou avec les vases que j' aime beaucoup n' est pas vert <eos>,12,vert,verte,10,M,P,vert,-8.591373,verte,-12.318067,1
11251,S_NOUN_7_ADJ_b,M,S,le clou avec les vases que j' aime beaucoup n' est pas bleu <eos>,12,bleu,bleue,10,M,P,bleu,-7.957737,bleue,-12.03254,1
11252,S_NOUN_7_ADJ_b,M,S,le clou avec les vases que j' aime beaucoup n' est pas noir <eos>,12,noir,noire,10,M,P,noir,-6.0683713,noire,-11.863487,1
11253,S_NOUN_7_ADJ_b,M,S,le clou avec les vases que j' aime beaucoup n' est pas délicat <eos>,12,délicat,délicate,10,M,P,délicat,-9.77677,délicate,-13.730944,1
11254,S_NOUN_7_ADJ_b,M,S,le clou avec les vases que j' aime beaucoup n' est pas pointu <eos>,12,pointu,pointue,10,M,P,pointu,-10.856365,pointue,-15.05132,1
11255,S_NOUN_7_ADJ_b,M,S,le clou avec les vases que j' aime beaucoup n' est pas rond <eos>,12,rond,ronde,10,M,P,rond,-6.2107854,ronde,-11.461548,1
11256,S_NOUN_7_ADJ_b,M,S,le clou avec les vases que j' aime beaucoup n' est pas froid <eos>,12,froid,froide,10,M,P,froid,-9.2408905,froide,-13.8841915,1
11257,S_NOUN_7_ADJ_b,M,S,le clou avec les vases que j' aime beaucoup n' est pas chaud <eos>,12,chaud,chaude,10,M,P,chaud,-9.091206,chaude,-13.259373,1
11258,S_NOUN_7_ADJ_b,M,S,le clou avec les vases que j' aime beaucoup n' est pas important <eos>,12,important,importante,10,M,P,important,-8.240525,importante,-11.846376,1
11259,S_NOUN_7_ADJ_b,M,S,le clou avec les vases que j' aime beaucoup n' est pas court <eos>,12,court,courte,10,M,P,court,-9.957566,courte,-13.010406,1
11260,S_NOUN_7_ADJ_b,M,S,le clou avec les vases que j' aime beaucoup n' est pas dur <eos>,12,dur,dure,10,M,P,dur,-8.923093,dure,-11.609146,1
11261,S_NOUN_7_ADJ_b,M,S,le clou avec les vases que j' aime beaucoup n' est pas clair <eos>,12,clair,claire,10,M,P,clair,-4.527742,claire,-7.405517,1
11262,S_NOUN_7_ADJ_b,M,S,le clou avec les vases que j' aime beaucoup n' est pas intéressant <eos>,12,intéressant,intéressante,10,M,P,intéressant,-9.434115,intéressante,-12.501808,1
11263,S_NOUN_7_ADJ_b,M,S,le clou avec les vases que j' aime beaucoup n' est pas brillant <eos>,12,brillant,brillante,10,M,P,brillant,-8.147,brillante,-12.340493,1
11264,S_NOUN_7_ADJ_b,M,S,le clou avec les vases que j' aime beaucoup n' est pas compliqué <eos>,12,compliqué,compliquée,10,M,P,compliqué,-9.373616,compliquée,-13.303339,1
11265,S_NOUN_7_ADJ_b,M,S,le clou avec les paniers que j' aime beaucoup n' est pas vert <eos>,12,vert,verte,10,M,P,vert,-8.410426,verte,-12.658983,1
11266,S_NOUN_7_ADJ_b,M,S,le clou avec les paniers que j' aime beaucoup n' est pas bleu <eos>,12,bleu,bleue,10,M,P,bleu,-8.191262,bleue,-12.595657,1
11267,S_NOUN_7_ADJ_b,M,S,le clou avec les paniers que j' aime beaucoup n' est pas noir <eos>,12,noir,noire,10,M,P,noir,-5.992345,noire,-11.504539,1
11268,S_NOUN_7_ADJ_b,M,S,le clou avec les paniers que j' aime beaucoup n' est pas délicat <eos>,12,délicat,délicate,10,M,P,délicat,-8.955286,délicate,-13.657755,1
11269,S_NOUN_7_ADJ_b,M,S,le clou avec les paniers que j' aime beaucoup n' est pas pointu <eos>,12,pointu,pointue,10,M,P,pointu,-9.548073,pointue,-14.040823,1
11270,S_NOUN_7_ADJ_b,M,S,le clou avec les paniers que j' aime beaucoup n' est pas rond <eos>,12,rond,ronde,10,M,P,rond,-6.0282173,ronde,-11.590019,1
11271,S_NOUN_7_ADJ_b,M,S,le clou avec les paniers que j' aime beaucoup n' est pas froid <eos>,12,froid,froide,10,M,P,froid,-10.155127,froide,-15.3119,1
11272,S_NOUN_7_ADJ_b,M,S,le clou avec les paniers que j' aime beaucoup n' est pas chaud <eos>,12,chaud,chaude,10,M,P,chaud,-9.691372,chaude,-14.942369,1
11273,S_NOUN_7_ADJ_b,M,S,le clou avec les paniers que j' aime beaucoup n' est pas important <eos>,12,important,importante,10,M,P,important,-7.93696,importante,-11.56502,1
11274,S_NOUN_7_ADJ_b,M,S,le clou avec les paniers que j' aime beaucoup n' est pas court <eos>,12,court,courte,10,M,P,court,-8.917187,courte,-12.070444,1
11275,S_NOUN_7_ADJ_b,M,S,le clou avec les paniers que j' aime beaucoup n' est pas dur <eos>,12,dur,dure,10,M,P,dur,-7.94949,dure,-11.110469,1
11276,S_NOUN_7_ADJ_b,M,S,le clou avec les paniers que j' aime beaucoup n' est pas clair <eos>,12,clair,claire,10,M,P,clair,-5.183667,claire,-8.468063,1
11277,S_NOUN_7_ADJ_b,M,S,le clou avec les paniers que j' aime beaucoup n' est pas intéressant <eos>,12,intéressant,intéressante,10,M,P,intéressant,-8.610577,intéressante,-12.450012,1
11278,S_NOUN_7_ADJ_b,M,S,le clou avec les paniers que j' aime beaucoup n' est pas brillant <eos>,12,brillant,brillante,10,M,P,brillant,-7.9879684,brillante,-12.10921,1
11279,S_NOUN_7_ADJ_b,M,S,le clou avec les paniers que j' aime beaucoup n' est pas compliqué <eos>,12,compliqué,compliquée,10,M,P,compliqué,-8.573571,compliquée,-12.782551,1
11280,S_NOUN_7_ADJ_b,M,S,le clou avec les colliers que j' aime beaucoup n' est pas vert <eos>,12,vert,verte,10,M,P,vert,-8.573134,verte,-12.164389,1
11281,S_NOUN_7_ADJ_b,M,S,le clou avec les colliers que j' aime beaucoup n' est pas bleu <eos>,12,bleu,bleue,10,M,P,bleu,-7.63775,bleue,-12.085701,1
11282,S_NOUN_7_ADJ_b,M,S,le clou avec les colliers que j' aime beaucoup n' est pas noir <eos>,12,noir,noire,10,M,P,noir,-5.7172914,noire,-11.1125965,1
11283,S_NOUN_7_ADJ_b,M,S,le clou avec les colliers que j' aime beaucoup n' est pas délicat <eos>,12,délicat,délicate,10,M,P,délicat,-9.135119,délicate,-13.591551,1
11284,S_NOUN_7_ADJ_b,M,S,le clou avec les colliers que j' aime beaucoup n' est pas pointu <eos>,12,pointu,pointue,10,M,P,pointu,-9.756786,pointue,-14.523525,1
11285,S_NOUN_7_ADJ_b,M,S,le clou avec les colliers que j' aime beaucoup n' est pas rond <eos>,12,rond,ronde,10,M,P,rond,-6.6332884,ronde,-11.642942,1
11286,S_NOUN_7_ADJ_b,M,S,le clou avec les colliers que j' aime beaucoup n' est pas froid <eos>,12,froid,froide,10,M,P,froid,-9.937468,froide,-14.783268,1
11287,S_NOUN_7_ADJ_b,M,S,le clou avec les colliers que j' aime beaucoup n' est pas chaud <eos>,12,chaud,chaude,10,M,P,chaud,-9.521409,chaude,-14.96028,1
11288,S_NOUN_7_ADJ_b,M,S,le clou avec les colliers que j' aime beaucoup n' est pas important <eos>,12,important,importante,10,M,P,important,-8.325545,importante,-12.089012,1
11289,S_NOUN_7_ADJ_b,M,S,le clou avec les colliers que j' aime beaucoup n' est pas court <eos>,12,court,courte,10,M,P,court,-9.273487,courte,-12.62105,1
11290,S_NOUN_7_ADJ_b,M,S,le clou avec les colliers que j' aime beaucoup n' est pas dur <eos>,12,dur,dure,10,M,P,dur,-8.082765,dure,-11.496265,1
11291,S_NOUN_7_ADJ_b,M,S,le clou avec les colliers que j' aime beaucoup n' est pas clair <eos>,12,clair,claire,10,M,P,clair,-5.0748425,claire,-8.531277,1
11292,S_NOUN_7_ADJ_b,M,S,le clou avec les colliers que j' aime beaucoup n' est pas intéressant <eos>,12,intéressant,intéressante,10,M,P,intéressant,-8.611723,intéressante,-12.924093,1
11293,S_NOUN_7_ADJ_b,M,S,le clou avec les colliers que j' aime beaucoup n' est pas brillant <eos>,12,brillant,brillante,10,M,P,brillant,-7.149745,brillante,-11.509281,1
11294,S_NOUN_7_ADJ_b,M,S,le clou avec les colliers que j' aime beaucoup n' est pas compliqué <eos>,12,compliqué,compliquée,10,M,P,compliqué,-8.655133,compliquée,-12.903217,1
11295,S_NOUN_7_ADJ_b,M,S,le clou avec les chapeaux que j' aime beaucoup n' est pas vert <eos>,12,vert,verte,10,M,P,vert,-8.215932,verte,-12.178997,1
11296,S_NOUN_7_ADJ_b,M,S,le clou avec les chapeaux que j' aime beaucoup n' est pas bleu <eos>,12,bleu,bleue,10,M,P,bleu,-7.642396,bleue,-12.157574,1
11297,S_NOUN_7_ADJ_b,M,S,le clou avec les chapeaux que j' aime beaucoup n' est pas noir <eos>,12,noir,noire,10,M,P,noir,-5.430338,noire,-11.063091,1
11298,S_NOUN_7_ADJ_b,M,S,le clou avec les chapeaux que j' aime beaucoup n' est pas délicat <eos>,12,délicat,délicate,10,M,P,délicat,-9.158773,délicate,-14.131317,1
11299,S_NOUN_7_ADJ_b,M,S,le clou avec les chapeaux que j' aime beaucoup n' est pas pointu <eos>,12,pointu,pointue,10,M,P,pointu,-9.80691,pointue,-14.544269,1
11300,S_NOUN_7_ADJ_b,M,S,le clou avec les chapeaux que j' aime beaucoup n' est pas rond <eos>,12,rond,ronde,10,M,P,rond,-6.2318835,ronde,-11.387882,1
11301,S_NOUN_7_ADJ_b,M,S,le clou avec les chapeaux que j' aime beaucoup n' est pas froid <eos>,12,froid,froide,10,M,P,froid,-9.402349,froide,-14.363897,1
11302,S_NOUN_7_ADJ_b,M,S,le clou avec les chapeaux que j' aime beaucoup n' est pas chaud <eos>,12,chaud,chaude,10,M,P,chaud,-9.136617,chaude,-14.456692,1
11303,S_NOUN_7_ADJ_b,M,S,le clou avec les chapeaux que j' aime beaucoup n' est pas important <eos>,12,important,importante,10,M,P,important,-8.344776,importante,-12.077025,1
11304,S_NOUN_7_ADJ_b,M,S,le clou avec les chapeaux que j' aime beaucoup n' est pas court <eos>,12,court,courte,10,M,P,court,-8.964352,courte,-12.765163,1
11305,S_NOUN_7_ADJ_b,M,S,le clou avec les chapeaux que j' aime beaucoup n' est pas dur <eos>,12,dur,dure,10,M,P,dur,-8.251156,dure,-11.163458,1
11306,S_NOUN_7_ADJ_b,M,S,le clou avec les chapeaux que j' aime beaucoup n' est pas clair <eos>,12,clair,claire,10,M,P,clair,-5.0329647,claire,-8.361277,1
11307,S_NOUN_7_ADJ_b,M,S,le clou avec les chapeaux que j' aime beaucoup n' est pas intéressant <eos>,12,intéressant,intéressante,10,M,P,intéressant,-8.734795,intéressante,-12.881714,1
11308,S_NOUN_7_ADJ_b,M,S,le clou avec les chapeaux que j' aime beaucoup n' est pas brillant <eos>,12,brillant,brillante,10,M,P,brillant,-7.98304,brillante,-12.385428,1
11309,S_NOUN_7_ADJ_b,M,S,le clou avec les chapeaux que j' aime beaucoup n' est pas compliqué <eos>,12,compliqué,compliquée,10,M,P,compliqué,-8.931835,compliquée,-13.329569,1
11310,S_NOUN_7_ADJ_b,M,S,le clou avec les pots que j' aime beaucoup n' est pas vert <eos>,12,vert,verte,10,M,P,vert,-8.078788,verte,-12.422667,1
11311,S_NOUN_7_ADJ_b,M,S,le clou avec les pots que j' aime beaucoup n' est pas bleu <eos>,12,bleu,bleue,10,M,P,bleu,-7.6033983,bleue,-12.147305,1
11312,S_NOUN_7_ADJ_b,M,S,le clou avec les pots que j' aime beaucoup n' est pas noir <eos>,12,noir,noire,10,M,P,noir,-5.6209693,noire,-11.59203,1
11313,S_NOUN_7_ADJ_b,M,S,le clou avec les pots que j' aime beaucoup n' est pas délicat <eos>,12,délicat,délicate,10,M,P,délicat,-9.185558,délicate,-13.897554,1
11314,S_NOUN_7_ADJ_b,M,S,le clou avec les pots que j' aime beaucoup n' est pas pointu <eos>,12,pointu,pointue,10,M,P,pointu,-10.88381,pointue,-15.411912,1
11315,S_NOUN_7_ADJ_b,M,S,le clou avec les pots que j' aime beaucoup n' est pas rond <eos>,12,rond,ronde,10,M,P,rond,-6.412205,ronde,-11.888676,1
11316,S_NOUN_7_ADJ_b,M,S,le clou avec les pots que j' aime beaucoup n' est pas froid <eos>,12,froid,froide,10,M,P,froid,-8.504902,froide,-13.142005,1
11317,S_NOUN_7_ADJ_b,M,S,le clou avec les pots que j' aime beaucoup n' est pas chaud <eos>,12,chaud,chaude,10,M,P,chaud,-8.269951,chaude,-13.20759,1
11318,S_NOUN_7_ADJ_b,M,S,le clou avec les pots que j' aime beaucoup n' est pas important <eos>,12,important,importante,10,M,P,important,-8.435776,importante,-12.368179,1
11319,S_NOUN_7_ADJ_b,M,S,le clou avec les pots que j' aime beaucoup n' est pas court <eos>,12,court,courte,10,M,P,court,-9.92182,courte,-13.494991,1
11320,S_NOUN_7_ADJ_b,M,S,le clou avec les pots que j' aime beaucoup n' est pas dur <eos>,12,dur,dure,10,M,P,dur,-7.810616,dure,-11.02711,1
11321,S_NOUN_7_ADJ_b,M,S,le clou avec les pots que j' aime beaucoup n' est pas clair <eos>,12,clair,claire,10,M,P,clair,-4.615255,claire,-8.0596485,1
11322,S_NOUN_7_ADJ_b,M,S,le clou avec les pots que j' aime beaucoup n' est pas intéressant <eos>,12,intéressant,intéressante,10,M,P,intéressant,-9.080717,intéressante,-12.329065,1
11323,S_NOUN_7_ADJ_b,M,S,le clou avec les pots que j' aime beaucoup n' est pas brillant <eos>,12,brillant,brillante,10,M,P,brillant,-8.090313,brillante,-12.7197275,1
11324,S_NOUN_7_ADJ_b,M,S,le clou avec les pots que j' aime beaucoup n' est pas compliqué <eos>,12,compliqué,compliquée,10,M,P,compliqué,-8.947294,compliquée,-13.254559,1
11325,S_NOUN_7_ADJ_b,M,S,le clou avec les coussins que j' aime beaucoup n' est pas vert <eos>,12,vert,verte,10,M,P,vert,-8.536517,verte,-11.928784,1
11326,S_NOUN_7_ADJ_b,M,S,le clou avec les coussins que j' aime beaucoup n' est pas bleu <eos>,12,bleu,bleue,10,M,P,bleu,-8.231098,bleue,-11.895134,1
11327,S_NOUN_7_ADJ_b,M,S,le clou avec les coussins que j' aime beaucoup n' est pas noir <eos>,12,noir,noire,10,M,P,noir,-5.983182,noire,-11.341932,1
11328,S_NOUN_7_ADJ_b,M,S,le clou avec les coussins que j' aime beaucoup n' est pas délicat <eos>,12,délicat,délicate,10,M,P,délicat,-9.563787,délicate,-13.753886,1
11329,S_NOUN_7_ADJ_b,M,S,le clou avec les coussins que j' aime beaucoup n' est pas pointu <eos>,12,pointu,pointue,10,M,P,pointu,-9.422876,pointue,-14.281063,1
11330,S_NOUN_7_ADJ_b,M,S,le clou avec les coussins que j' aime beaucoup n' est pas rond <eos>,12,rond,ronde,10,M,P,rond,-5.9234695,ronde,-11.94892,1
11331,S_NOUN_7_ADJ_b,M,S,le clou avec les coussins que j' aime beaucoup n' est pas froid <eos>,12,froid,froide,10,M,P,froid,-9.74854,froide,-14.198089,1
11332,S_NOUN_7_ADJ_b,M,S,le clou avec les coussins que j' aime beaucoup n' est pas chaud <eos>,12,chaud,chaude,10,M,P,chaud,-8.827753,chaude,-13.919308,1
11333,S_NOUN_7_ADJ_b,M,S,le clou avec les coussins que j' aime beaucoup n' est pas important <eos>,12,important,importante,10,M,P,important,-8.269489,importante,-11.833394,1
11334,S_NOUN_7_ADJ_b,M,S,le clou avec les coussins que j' aime beaucoup n' est pas court <eos>,12,court,courte,10,M,P,court,-9.231402,courte,-12.619936,1
11335,S_NOUN_7_ADJ_b,M,S,le clou avec les coussins que j' aime beaucoup n' est pas dur <eos>,12,dur,dure,10,M,P,dur,-8.216008,dure,-11.063315,1
11336,S_NOUN_7_ADJ_b,M,S,le clou avec les coussins que j' aime beaucoup n' est pas clair <eos>,12,clair,claire,10,M,P,clair,-5.3816805,claire,-7.885323,1
11337,S_NOUN_7_ADJ_b,M,S,le clou avec les coussins que j' aime beaucoup n' est pas intéressant <eos>,12,intéressant,intéressante,10,M,P,intéressant,-9.243785,intéressante,-12.409796,1
11338,S_NOUN_7_ADJ_b,M,S,le clou avec les coussins que j' aime beaucoup n' est pas brillant <eos>,12,brillant,brillante,10,M,P,brillant,-7.9894595,brillante,-12.377364,1
11339,S_NOUN_7_ADJ_b,M,S,le clou avec les coussins que j' aime beaucoup n' est pas compliqué <eos>,12,compliqué,compliquée,10,M,P,compliqué,-8.987709,compliquée,-12.610299,1
11340,S_NOUN_7_ADJ_b,M,S,le clou avec les jouets que j' aime beaucoup n' est pas vert <eos>,12,vert,verte,10,M,P,vert,-9.481048,verte,-12.785787,1
11341,S_NOUN_7_ADJ_b,M,S,le clou avec les jouets que j' aime beaucoup n' est pas bleu <eos>,12,bleu,bleue,10,M,P,bleu,-9.071247,bleue,-12.693639,1
11342,S_NOUN_7_ADJ_b,M,S,le clou avec les jouets que j' aime beaucoup n' est pas noir <eos>,12,noir,noire,10,M,P,noir,-6.3746796,noire,-11.678431,1
11343,S_NOUN_7_ADJ_b,M,S,le clou avec les jouets que j' aime beaucoup n' est pas délicat <eos>,12,délicat,délicate,10,M,P,délicat,-10.080962,délicate,-14.465579,1
11344,S_NOUN_7_ADJ_b,M,S,le clou avec les jouets que j' aime beaucoup n' est pas pointu <eos>,12,pointu,pointue,10,M,P,pointu,-10.739684,pointue,-15.41311,1
11345,S_NOUN_7_ADJ_b,M,S,le clou avec les jouets que j' aime beaucoup n' est pas rond <eos>,12,rond,ronde,10,M,P,rond,-6.704173,ronde,-12.044828,1
11346,S_NOUN_7_ADJ_b,M,S,le clou avec les jouets que j' aime beaucoup n' est pas froid <eos>,12,froid,froide,10,M,P,froid,-9.037697,froide,-13.520648,1
11347,S_NOUN_7_ADJ_b,M,S,le clou avec les jouets que j' aime beaucoup n' est pas chaud <eos>,12,chaud,chaude,10,M,P,chaud,-8.811408,chaude,-13.552174,1
11348,S_NOUN_7_ADJ_b,M,S,le clou avec les jouets que j' aime beaucoup n' est pas important <eos>,12,important,importante,10,M,P,important,-8.444462,importante,-12.170145,1
11349,S_NOUN_7_ADJ_b,M,S,le clou avec les jouets que j' aime beaucoup n' est pas court <eos>,12,court,courte,10,M,P,court,-9.5787945,courte,-13.02599,1
11350,S_NOUN_7_ADJ_b,M,S,le clou avec les jouets que j' aime beaucoup n' est pas dur <eos>,12,dur,dure,10,M,P,dur,-8.42946,dure,-11.248654,1
11351,S_NOUN_7_ADJ_b,M,S,le clou avec les jouets que j' aime beaucoup n' est pas clair <eos>,12,clair,claire,10,M,P,clair,-5.6590576,claire,-8.39301,1
11352,S_NOUN_7_ADJ_b,M,S,le clou avec les jouets que j' aime beaucoup n' est pas intéressant <eos>,12,intéressant,intéressante,10,M,P,intéressant,-9.054947,intéressante,-11.933493,1
11353,S_NOUN_7_ADJ_b,M,S,le clou avec les jouets que j' aime beaucoup n' est pas brillant <eos>,12,brillant,brillante,10,M,P,brillant,-9.14719,brillante,-13.174364,1
11354,S_NOUN_7_ADJ_b,M,S,le clou avec les jouets que j' aime beaucoup n' est pas compliqué <eos>,12,compliqué,compliquée,10,M,P,compliqué,-8.937799,compliquée,-12.528765,1
11355,S_NOUN_7_ADJ_b,M,S,le clou avec les clous que j' aime beaucoup n' est pas vert <eos>,12,vert,verte,10,M,P,vert,-8.627535,verte,-12.458171,1
11356,S_NOUN_7_ADJ_b,M,S,le clou avec les clous que j' aime beaucoup n' est pas bleu <eos>,12,bleu,bleue,10,M,P,bleu,-8.251435,bleue,-13.038373,1
11357,S_NOUN_7_ADJ_b,M,S,le clou avec les clous que j' aime beaucoup n' est pas noir <eos>,12,noir,noire,10,M,P,noir,-6.078717,noire,-11.532994,1
11358,S_NOUN_7_ADJ_b,M,S,le clou avec les clous que j' aime beaucoup n' est pas délicat <eos>,12,délicat,délicate,10,M,P,délicat,-9.08548,délicate,-13.381657,1
11359,S_NOUN_7_ADJ_b,M,S,le clou avec les clous que j' aime beaucoup n' est pas pointu <eos>,12,pointu,pointue,10,M,P,pointu,-9.26454,pointue,-13.962528,1
11360,S_NOUN_7_ADJ_b,M,S,le clou avec les clous que j' aime beaucoup n' est pas rond <eos>,12,rond,ronde,10,M,P,rond,-5.966502,ronde,-11.812331,1
11361,S_NOUN_7_ADJ_b,M,S,le clou avec les clous que j' aime beaucoup n' est pas froid <eos>,12,froid,froide,10,M,P,froid,-9.973232,froide,-15.095129,1
11362,S_NOUN_7_ADJ_b,M,S,le clou avec les clous que j' aime beaucoup n' est pas chaud <eos>,12,chaud,chaude,10,M,P,chaud,-9.428167,chaude,-14.541305,1
11363,S_NOUN_7_ADJ_b,M,S,le clou avec les clous que j' aime beaucoup n' est pas important <eos>,12,important,importante,10,M,P,important,-8.084456,importante,-11.726152,1
11364,S_NOUN_7_ADJ_b,M,S,le clou avec les clous que j' aime beaucoup n' est pas court <eos>,12,court,courte,10,M,P,court,-8.6999655,courte,-12.176836,1
11365,S_NOUN_7_ADJ_b,M,S,le clou avec les clous que j' aime beaucoup n' est pas dur <eos>,12,dur,dure,10,M,P,dur,-7.899675,dure,-10.840664,1
11366,S_NOUN_7_ADJ_b,M,S,le clou avec les clous que j' aime beaucoup n' est pas clair <eos>,12,clair,claire,10,M,P,clair,-5.299969,claire,-8.457256,1
11367,S_NOUN_7_ADJ_b,M,S,le clou avec les clous que j' aime beaucoup n' est pas intéressant <eos>,12,intéressant,intéressante,10,M,P,intéressant,-8.884861,intéressante,-12.924376,1
11368,S_NOUN_7_ADJ_b,M,S,le clou avec les clous que j' aime beaucoup n' est pas brillant <eos>,12,brillant,brillante,10,M,P,brillant,-7.8135405,brillante,-13.007421,1
11369,S_NOUN_7_ADJ_b,M,S,le clou avec les clous que j' aime beaucoup n' est pas compliqué <eos>,12,compliqué,compliquée,10,M,P,compliqué,-8.756385,compliquée,-13.093564,1
11370,S_NOUN_7_ADJ_b,M,S,le clou avec les billets que j' aime beaucoup n' est pas vert <eos>,12,vert,verte,10,M,P,vert,-8.87287,verte,-12.523809,1
11371,S_NOUN_7_ADJ_b,M,S,le clou avec les billets que j' aime beaucoup n' est pas bleu <eos>,12,bleu,bleue,10,M,P,bleu,-8.21957,bleue,-12.476305,1
11372,S_NOUN_7_ADJ_b,M,S,le clou avec les billets que j' aime beaucoup n' est pas noir <eos>,12,noir,noire,10,M,P,noir,-5.9227543,noire,-11.877826,1
11373,S_NOUN_7_ADJ_b,M,S,le clou avec les billets que j' aime beaucoup n' est pas délicat <eos>,12,délicat,délicate,10,M,P,délicat,-10.146177,délicate,-15.315987,1
11374,S_NOUN_7_ADJ_b,M,S,le clou avec les billets que j' aime beaucoup n' est pas pointu <eos>,12,pointu,pointue,10,M,P,pointu,-10.481643,pointue,-15.577102,1
11375,S_NOUN_7_ADJ_b,M,S,le clou avec les billets que j' aime beaucoup n' est pas rond <eos>,12,rond,ronde,10,M,P,rond,-6.434613,ronde,-11.64756,1
11376,S_NOUN_7_ADJ_b,M,S,le clou avec les billets que j' aime beaucoup n' est pas froid <eos>,12,froid,froide,10,M,P,froid,-9.925524,froide,-14.062239,1
11377,S_NOUN_7_ADJ_b,M,S,le clou avec les billets que j' aime beaucoup n' est pas chaud <eos>,12,chaud,chaude,10,M,P,chaud,-9.399099,chaude,-14.01372,1
11378,S_NOUN_7_ADJ_b,M,S,le clou avec les billets que j' aime beaucoup n' est pas important <eos>,12,important,importante,10,M,P,important,-8.071365,importante,-11.786764,1
11379,S_NOUN_7_ADJ_b,M,S,le clou avec les billets que j' aime beaucoup n' est pas court <eos>,12,court,courte,10,M,P,court,-8.894825,courte,-12.659109,1
11380,S_NOUN_7_ADJ_b,M,S,le clou avec les billets que j' aime beaucoup n' est pas dur <eos>,12,dur,dure,10,M,P,dur,-8.54893,dure,-11.71049,1
11381,S_NOUN_7_ADJ_b,M,S,le clou avec les billets que j' aime beaucoup n' est pas clair <eos>,12,clair,claire,10,M,P,clair,-5.383293,claire,-9.040489,1
11382,S_NOUN_7_ADJ_b,M,S,le clou avec les billets que j' aime beaucoup n' est pas intéressant <eos>,12,intéressant,intéressante,10,M,P,intéressant,-8.932609,intéressante,-12.242503,1
11383,S_NOUN_7_ADJ_b,M,S,le clou avec les billets que j' aime beaucoup n' est pas brillant <eos>,12,brillant,brillante,10,M,P,brillant,-9.030596,brillante,-12.823657,1
11384,S_NOUN_7_ADJ_b,M,S,le clou avec les billets que j' aime beaucoup n' est pas compliqué <eos>,12,compliqué,compliquée,10,M,P,compliqué,-9.308714,compliquée,-14.188854,1
11385,S_NOUN_7_ADJ_b,M,S,le clou avec les légumes que j' aime beaucoup n' est pas vert <eos>,12,vert,verte,10,M,P,vert,-8.40785,verte,-12.432053,1
11386,S_NOUN_7_ADJ_b,M,S,le clou avec les légumes que j' aime beaucoup n' est pas bleu <eos>,12,bleu,bleue,10,M,P,bleu,-8.410266,bleue,-12.648064,1
11387,S_NOUN_7_ADJ_b,M,S,le clou avec les légumes que j' aime beaucoup n' est pas noir <eos>,12,noir,noire,10,M,P,noir,-6.067322,noire,-12.08383,1
11388,S_NOUN_7_ADJ_b,M,S,le clou avec les légumes que j' aime beaucoup n' est pas délicat <eos>,12,délicat,délicate,10,M,P,délicat,-8.578594,délicate,-13.274836,1
11389,S_NOUN_7_ADJ_b,M,S,le clou avec les légumes que j' aime beaucoup n' est pas pointu <eos>,12,pointu,pointue,10,M,P,pointu,-10.688104,pointue,-15.343336,1
11390,S_NOUN_7_ADJ_b,M,S,le clou avec les légumes que j' aime beaucoup n' est pas rond <eos>,12,rond,ronde,10,M,P,rond,-6.691078,ronde,-11.398427,1
11391,S_NOUN_7_ADJ_b,M,S,le clou avec les légumes que j' aime beaucoup n' est pas froid <eos>,12,froid,froide,10,M,P,froid,-8.463292,froide,-13.066599,1
11392,S_NOUN_7_ADJ_b,M,S,le clou avec les légumes que j' aime beaucoup n' est pas chaud <eos>,12,chaud,chaude,10,M,P,chaud,-8.109067,chaude,-13.160994,1
11393,S_NOUN_7_ADJ_b,M,S,le clou avec les légumes que j' aime beaucoup n' est pas important <eos>,12,important,importante,10,M,P,important,-8.102427,importante,-11.638969,1
11394,S_NOUN_7_ADJ_b,M,S,le clou avec les légumes que j' aime beaucoup n' est pas court <eos>,12,court,courte,10,M,P,court,-9.647114,courte,-12.84428,1
11395,S_NOUN_7_ADJ_b,M,S,le clou avec les légumes que j' aime beaucoup n' est pas dur <eos>,12,dur,dure,10,M,P,dur,-7.6819386,dure,-11.032339,1
11396,S_NOUN_7_ADJ_b,M,S,le clou avec les légumes que j' aime beaucoup n' est pas clair <eos>,12,clair,claire,10,M,P,clair,-4.4384127,claire,-7.849843,1
11397,S_NOUN_7_ADJ_b,M,S,le clou avec les légumes que j' aime beaucoup n' est pas intéressant <eos>,12,intéressant,intéressante,10,M,P,intéressant,-8.633886,intéressante,-10.947962,1
11398,S_NOUN_7_ADJ_b,M,S,le clou avec les légumes que j' aime beaucoup n' est pas brillant <eos>,12,brillant,brillante,10,M,P,brillant,-8.119084,brillante,-12.732863,1
11399,S_NOUN_7_ADJ_b,M,S,le clou avec les légumes que j' aime beaucoup n' est pas compliqué <eos>,12,compliqué,compliquée,10,M,P,compliqué,-8.754301,compliquée,-12.831793,1
11400,S_NOUN_7_ADJ_b,M,S,le billet avec les bracelets que j' aime beaucoup n' est pas vert <eos>,12,vert,verte,10,M,P,vert,-8.643328,verte,-12.456619,1
11401,S_NOUN_7_ADJ_b,M,S,le billet avec les bracelets que j' aime beaucoup n' est pas bleu <eos>,12,bleu,bleue,10,M,P,bleu,-7.716897,bleue,-12.4522915,1
11402,S_NOUN_7_ADJ_b,M,S,le billet avec les bracelets que j' aime beaucoup n' est pas noir <eos>,12,noir,noire,10,M,P,noir,-5.6791573,noire,-11.992193,1
11403,S_NOUN_7_ADJ_b,M,S,le billet avec les bracelets que j' aime beaucoup n' est pas délicat <eos>,12,délicat,délicate,10,M,P,délicat,-9.899059,délicate,-15.181513,1
11404,S_NOUN_7_ADJ_b,M,S,le billet avec les bracelets que j' aime beaucoup n' est pas pointu <eos>,12,pointu,pointue,10,M,P,pointu,-9.772168,pointue,-15.206643,1
11405,S_NOUN_7_ADJ_b,M,S,le billet avec les bracelets que j' aime beaucoup n' est pas rond <eos>,12,rond,ronde,10,M,P,rond,-7.1854696,ronde,-12.12369,1
11406,S_NOUN_7_ADJ_b,M,S,le billet avec les bracelets que j' aime beaucoup n' est pas froid <eos>,12,froid,froide,10,M,P,froid,-10.25662,froide,-14.577548,1
11407,S_NOUN_7_ADJ_b,M,S,le billet avec les bracelets que j' aime beaucoup n' est pas chaud <eos>,12,chaud,chaude,10,M,P,chaud,-9.804543,chaude,-14.702148,1
11408,S_NOUN_7_ADJ_b,M,S,le billet avec les bracelets que j' aime beaucoup n' est pas important <eos>,12,important,importante,10,M,P,important,-8.215464,importante,-12.0400715,1
11409,S_NOUN_7_ADJ_b,M,S,le billet avec les bracelets que j' aime beaucoup n' est pas court <eos>,12,court,courte,10,M,P,court,-8.681866,courte,-12.340016,1
11410,S_NOUN_7_ADJ_b,M,S,le billet avec les bracelets que j' aime beaucoup n' est pas dur <eos>,12,dur,dure,10,M,P,dur,-8.649342,dure,-11.916874,1
11411,S_NOUN_7_ADJ_b,M,S,le billet avec les bracelets que j' aime beaucoup n' est pas clair <eos>,12,clair,claire,10,M,P,clair,-5.807738,claire,-9.648211,1
11412,S_NOUN_7_ADJ_b,M,S,le billet avec les bracelets que j' aime beaucoup n' est pas intéressant <eos>,12,intéressant,intéressante,10,M,P,intéressant,-8.3584,intéressante,-13.025097,1
11413,S_NOUN_7_ADJ_b,M,S,le billet avec les bracelets que j' aime beaucoup n' est pas brillant <eos>,12,brillant,brillante,10,M,P,brillant,-7.7499456,brillante,-11.2670765,1
11414,S_NOUN_7_ADJ_b,M,S,le billet avec les bracelets que j' aime beaucoup n' est pas compliqué <eos>,12,compliqué,compliquée,10,M,P,compliqué,-9.096376,compliquée,-14.179371,1
11415,S_NOUN_7_ADJ_b,M,S,le billet avec les miroirs que j' aime beaucoup n' est pas vert <eos>,12,vert,verte,10,M,P,vert,-8.903606,verte,-11.7651005,1
11416,S_NOUN_7_ADJ_b,M,S,le billet avec les miroirs que j' aime beaucoup n' est pas bleu <eos>,12,bleu,bleue,10,M,P,bleu,-7.9786425,bleue,-12.672986,1
11417,S_NOUN_7_ADJ_b,M,S,le billet avec les miroirs que j' aime beaucoup n' est pas noir <eos>,12,noir,noire,10,M,P,noir,-6.069327,noire,-12.156897,1
11418,S_NOUN_7_ADJ_b,M,S,le billet avec les miroirs que j' aime beaucoup n' est pas délicat <eos>,12,délicat,délicate,10,M,P,délicat,-9.737076,délicate,-15.278483,1
11419,S_NOUN_7_ADJ_b,M,S,le billet avec les miroirs que j' aime beaucoup n' est pas pointu <eos>,12,pointu,pointue,10,M,P,pointu,-10.282023,pointue,-15.612289,1
11420,S_NOUN_7_ADJ_b,M,S,le billet avec les miroirs que j' aime beaucoup n' est pas rond <eos>,12,rond,ronde,10,M,P,rond,-7.37728,ronde,-12.658708,1
11421,S_NOUN_7_ADJ_b,M,S,le billet avec les miroirs que j' aime beaucoup n' est pas froid <eos>,12,froid,froide,10,M,P,froid,-10.263395,froide,-14.078304,1
11422,S_NOUN_7_ADJ_b,M,S,le billet avec les miroirs que j' aime beaucoup n' est pas chaud <eos>,12,chaud,chaude,10,M,P,chaud,-9.422514,chaude,-14.071486,1
11423,S_NOUN_7_ADJ_b,M,S,le billet avec les miroirs que j' aime beaucoup n' est pas important <eos>,12,important,importante,10,M,P,important,-8.149368,importante,-12.08499,1
11424,S_NOUN_7_ADJ_b,M,S,le billet avec les miroirs que j' aime beaucoup n' est pas court <eos>,12,court,courte,10,M,P,court,-9.196159,courte,-13.247335,1
11425,S_NOUN_7_ADJ_b,M,S,le billet avec les miroirs que j' aime beaucoup n' est pas dur <eos>,12,dur,dure,10,M,P,dur,-8.635641,dure,-12.098784,1
11426,S_NOUN_7_ADJ_b,M,S,le billet avec les miroirs que j' aime beaucoup n' est pas clair <eos>,12,clair,claire,10,M,P,clair,-5.652585,claire,-9.536583,1
11427,S_NOUN_7_ADJ_b,M,S,le billet avec les miroirs que j' aime beaucoup n' est pas intéressant <eos>,12,intéressant,intéressante,10,M,P,intéressant,-8.340759,intéressante,-13.0069275,1
11428,S_NOUN_7_ADJ_b,M,S,le billet avec les miroirs que j' aime beaucoup n' est pas brillant <eos>,12,brillant,brillante,10,M,P,brillant,-7.450388,brillante,-11.643372,1
11429,S_NOUN_7_ADJ_b,M,S,le billet avec les miroirs que j' aime beaucoup n' est pas compliqué <eos>,12,compliqué,compliquée,10,M,P,compliqué,-9.299348,compliquée,-14.604148,1
11430,S_NOUN_7_ADJ_b,M,S,le billet avec les crayons que j' aime beaucoup n' est pas vert <eos>,12,vert,verte,10,M,P,vert,-8.399909,verte,-12.713906,1
11431,S_NOUN_7_ADJ_b,M,S,le billet avec les crayons que j' aime beaucoup n' est pas bleu <eos>,12,bleu,bleue,10,M,P,bleu,-7.865186,bleue,-12.672793,1
11432,S_NOUN_7_ADJ_b,M,S,le billet avec les crayons que j' aime beaucoup n' est pas noir <eos>,12,noir,noire,10,M,P,noir,-5.963641,noire,-12.947516,1
11433,S_NOUN_7_ADJ_b,M,S,le billet avec les crayons que j' aime beaucoup n' est pas délicat <eos>,12,délicat,délicate,10,M,P,délicat,-9.612127,délicate,-15.254711,1
11434,S_NOUN_7_ADJ_b,M,S,le billet avec les crayons que j' aime beaucoup n' est pas pointu <eos>,12,pointu,pointue,10,M,P,pointu,-12.302035,pointue,-16.91674,1
11435,S_NOUN_7_ADJ_b,M,S,le billet avec les crayons que j' aime beaucoup n' est pas rond <eos>,12,rond,ronde,10,M,P,rond,-7.8202,ronde,-13.053336,1
11436,S_NOUN_7_ADJ_b,M,S,le billet avec les crayons que j' aime beaucoup n' est pas froid <eos>,12,froid,froide,10,M,P,froid,-9.866905,froide,-14.359507,1
11437,S_NOUN_7_ADJ_b,M,S,le billet avec les crayons que j' aime beaucoup n' est pas chaud <eos>,12,chaud,chaude,10,M,P,chaud,-8.696835,chaude,-14.430145,1
11438,S_NOUN_7_ADJ_b,M,S,le billet avec les crayons que j' aime beaucoup n' est pas important <eos>,12,important,importante,10,M,P,important,-7.5486965,importante,-11.26471,1
11439,S_NOUN_7_ADJ_b,M,S,le billet avec les crayons que j' aime beaucoup n' est pas court <eos>,12,court,courte,10,M,P,court,-9.513513,courte,-13.453172,1
11440,S_NOUN_7_ADJ_b,M,S,le billet avec les crayons que j' aime beaucoup n' est pas dur <eos>,12,dur,dure,10,M,P,dur,-8.586874,dure,-11.283209,1
11441,S_NOUN_7_ADJ_b,M,S,le billet avec les crayons que j' aime beaucoup n' est pas clair <eos>,12,clair,claire,10,M,P,clair,-5.281865,claire,-9.186544,1
11442,S_NOUN_7_ADJ_b,M,S,le billet avec les crayons que j' aime beaucoup n' est pas intéressant <eos>,12,intéressant,intéressante,10,M,P,intéressant,-8.042192,intéressante,-12.132515,1
11443,S_NOUN_7_ADJ_b,M,S,le billet avec les crayons que j' aime beaucoup n' est pas brillant <eos>,12,brillant,brillante,10,M,P,brillant,-8.468803,brillante,-11.999708,1
11444,S_NOUN_7_ADJ_b,M,S,le billet avec les crayons que j' aime beaucoup n' est pas compliqué <eos>,12,compliqué,compliquée,10,M,P,compliqué,-10.247765,compliquée,-15.073176,1
11445,S_NOUN_7_ADJ_b,M,S,le billet avec les rideaux que j' aime beaucoup n' est pas vert <eos>,12,vert,verte,10,M,P,vert,-8.265003,verte,-12.409214,1
11446,S_NOUN_7_ADJ_b,M,S,le billet avec les rideaux que j' aime beaucoup n' est pas bleu <eos>,12,bleu,bleue,10,M,P,bleu,-7.7361307,bleue,-12.351988,1
11447,S_NOUN_7_ADJ_b,M,S,le billet avec les rideaux que j' aime beaucoup n' est pas noir <eos>,12,noir,noire,10,M,P,noir,-5.4870386,noire,-12.374911,1
11448,S_NOUN_7_ADJ_b,M,S,le billet avec les rideaux que j' aime beaucoup n' est pas délicat <eos>,12,délicat,délicate,10,M,P,délicat,-9.761297,délicate,-15.003502,1
11449,S_NOUN_7_ADJ_b,M,S,le billet avec les rideaux que j' aime beaucoup n' est pas pointu <eos>,12,pointu,pointue,10,M,P,pointu,-10.635182,pointue,-16.30399,1
11450,S_NOUN_7_ADJ_b,M,S,le billet avec les rideaux que j' aime beaucoup n' est pas rond <eos>,12,rond,ronde,10,M,P,rond,-6.7491393,ronde,-12.132677,1
11451,S_NOUN_7_ADJ_b,M,S,le billet avec les rideaux que j' aime beaucoup n' est pas froid <eos>,12,froid,froide,10,M,P,froid,-10.105097,froide,-14.221484,1
11452,S_NOUN_7_ADJ_b,M,S,le billet avec les rideaux que j' aime beaucoup n' est pas chaud <eos>,12,chaud,chaude,10,M,P,chaud,-8.973879,chaude,-14.334748,1
11453,S_NOUN_7_ADJ_b,M,S,le billet avec les rideaux que j' aime beaucoup n' est pas important <eos>,12,important,importante,10,M,P,important,-7.714965,importante,-11.712835,1
11454,S_NOUN_7_ADJ_b,M,S,le billet avec les rideaux que j' aime beaucoup n' est pas court <eos>,12,court,courte,10,M,P,court,-8.313583,courte,-12.446003,1
11455,S_NOUN_7_ADJ_b,M,S,le billet avec les rideaux que j' aime beaucoup n' est pas dur <eos>,12,dur,dure,10,M,P,dur,-8.370789,dure,-10.932888,1
11456,S_NOUN_7_ADJ_b,M,S,le billet avec les rideaux que j' aime beaucoup n' est pas clair <eos>,12,clair,claire,10,M,P,clair,-5.5585794,claire,-9.417071,1
11457,S_NOUN_7_ADJ_b,M,S,le billet avec les rideaux que j' aime beaucoup n' est pas intéressant <eos>,12,intéressant,intéressante,10,M,P,intéressant,-8.3206215,intéressante,-12.914797,1
11458,S_NOUN_7_ADJ_b,M,S,le billet avec les rideaux que j' aime beaucoup n' est pas brillant <eos>,12,brillant,brillante,10,M,P,brillant,-8.0888,brillante,-11.541861,1
11459,S_NOUN_7_ADJ_b,M,S,le billet avec les rideaux que j' aime beaucoup n' est pas compliqué <eos>,12,compliqué,compliquée,10,M,P,compliqué,-9.45152,compliquée,-14.599769,1
11460,S_NOUN_7_ADJ_b,M,S,le billet avec les cahiers que j' aime beaucoup n' est pas vert <eos>,12,vert,verte,10,M,P,vert,-8.929,verte,-12.996004,1
11461,S_NOUN_7_ADJ_b,M,S,le billet avec les cahiers que j' aime beaucoup n' est pas bleu <eos>,12,bleu,bleue,10,M,P,bleu,-8.077123,bleue,-12.809862,1
11462,S_NOUN_7_ADJ_b,M,S,le billet avec les cahiers que j' aime beaucoup n' est pas noir <eos>,12,noir,noire,10,M,P,noir,-6.2502003,noire,-13.283778,1
11463,S_NOUN_7_ADJ_b,M,S,le billet avec les cahiers que j' aime beaucoup n' est pas délicat <eos>,12,délicat,délicate,10,M,P,délicat,-10.096471,délicate,-16.392292,1
11464,S_NOUN_7_ADJ_b,M,S,le billet avec les cahiers que j' aime beaucoup n' est pas pointu <eos>,12,pointu,pointue,10,M,P,pointu,-11.387901,pointue,-16.482939,1
11465,S_NOUN_7_ADJ_b,M,S,le billet avec les cahiers que j' aime beaucoup n' est pas rond <eos>,12,rond,ronde,10,M,P,rond,-7.2362623,ronde,-12.862008,1
11466,S_NOUN_7_ADJ_b,M,S,le billet avec les cahiers que j' aime beaucoup n' est pas froid <eos>,12,froid,froide,10,M,P,froid,-9.858599,froide,-14.802959,1
11467,S_NOUN_7_ADJ_b,M,S,le billet avec les cahiers que j' aime beaucoup n' est pas chaud <eos>,12,chaud,chaude,10,M,P,chaud,-9.081368,chaude,-15.05612,1
11468,S_NOUN_7_ADJ_b,M,S,le billet avec les cahiers que j' aime beaucoup n' est pas important <eos>,12,important,importante,10,M,P,important,-7.864131,importante,-11.883616,1
11469,S_NOUN_7_ADJ_b,M,S,le billet avec les cahiers que j' aime beaucoup n' est pas court <eos>,12,court,courte,10,M,P,court,-8.961395,courte,-12.993111,1
11470,S_NOUN_7_ADJ_b,M,S,le billet avec les cahiers que j' aime beaucoup n' est pas dur <eos>,12,dur,dure,10,M,P,dur,-8.770863,dure,-11.8243885,1
11471,S_NOUN_7_ADJ_b,M,S,le billet avec les cahiers que j' aime beaucoup n' est pas clair <eos>,12,clair,claire,10,M,P,clair,-5.597351,claire,-9.982979,1
11472,S_NOUN_7_ADJ_b,M,S,le billet avec les cahiers que j' aime beaucoup n' est pas intéressant <eos>,12,intéressant,intéressante,10,M,P,intéressant,-7.911842,intéressante,-12.168758,1
11473,S_NOUN_7_ADJ_b,M,S,le billet avec les cahiers que j' aime beaucoup n' est pas brillant <eos>,12,brillant,brillante,10,M,P,brillant,-8.836614,brillante,-12.359444,1
11474,S_NOUN_7_ADJ_b,M,S,le billet avec les cahiers que j' aime beaucoup n' est pas compliqué <eos>,12,compliqué,compliquée,10,M,P,compliqué,-9.596488,compliquée,-14.958839,1
11475,S_NOUN_7_ADJ_b,M,S,le billet avec les micros que j' aime beaucoup n' est pas vert <eos>,12,vert,verte,10,M,P,vert,-9.710275,verte,-13.302376,1
11476,S_NOUN_7_ADJ_b,M,S,le billet avec les micros que j' aime beaucoup n' est pas bleu <eos>,12,bleu,bleue,10,M,P,bleu,-8.753321,bleue,-13.3221655,1
11477,S_NOUN_7_ADJ_b,M,S,le billet avec les micros que j' aime beaucoup n' est pas noir <eos>,12,noir,noire,10,M,P,noir,-6.5616393,noire,-13.111441,1
11478,S_NOUN_7_ADJ_b,M,S,le billet avec les micros que j' aime beaucoup n' est pas délicat <eos>,12,délicat,délicate,10,M,P,délicat,-9.886398,délicate,-16.17665,1
11479,S_NOUN_7_ADJ_b,M,S,le billet avec les micros que j' aime beaucoup n' est pas pointu <eos>,12,pointu,pointue,10,M,P,pointu,-10.686114,pointue,-16.553448,1
11480,S_NOUN_7_ADJ_b,M,S,le billet avec les micros que j' aime beaucoup n' est pas rond <eos>,12,rond,ronde,10,M,P,rond,-7.5714846,ronde,-13.078637,1
11481,S_NOUN_7_ADJ_b,M,S,le billet avec les micros que j' aime beaucoup n' est pas froid <eos>,12,froid,froide,10,M,P,froid,-10.073206,froide,-14.622987,1
11482,S_NOUN_7_ADJ_b,M,S,le billet avec les micros que j' aime beaucoup n' est pas chaud <eos>,12,chaud,chaude,10,M,P,chaud,-9.33197,chaude,-14.101428,1
11483,S_NOUN_7_ADJ_b,M,S,le billet avec les micros que j' aime beaucoup n' est pas important <eos>,12,important,importante,10,M,P,important,-7.6288466,importante,-11.909006,1
11484,S_NOUN_7_ADJ_b,M,S,le billet avec les micros que j' aime beaucoup n' est pas court <eos>,12,court,courte,10,M,P,court,-8.882843,courte,-12.960613,1
11485,S_NOUN_7_ADJ_b,M,S,le billet avec les micros que j' aime beaucoup n' est pas dur <eos>,12,dur,dure,10,M,P,dur,-8.030779,dure,-11.324097,1
11486,S_NOUN_7_ADJ_b,M,S,le billet avec les micros que j' aime beaucoup n' est pas clair <eos>,12,clair,claire,10,M,P,clair,-5.836463,claire,-9.779681,1
11487,S_NOUN_7_ADJ_b,M,S,le billet avec les micros que j' aime beaucoup n' est pas intéressant <eos>,12,intéressant,intéressante,10,M,P,intéressant,-8.014634,intéressante,-12.173813,1
11488,S_NOUN_7_ADJ_b,M,S,le billet avec les micros que j' aime beaucoup n' est pas brillant <eos>,12,brillant,brillante,10,M,P,brillant,-8.877724,brillante,-12.823254,1
11489,S_NOUN_7_ADJ_b,M,S,le billet avec les micros que j' aime beaucoup n' est pas compliqué <eos>,12,compliqué,compliquée,10,M,P,compliqué,-9.53849,compliquée,-14.375248,1
11490,S_NOUN_7_ADJ_b,M,S,le billet avec les sacs que j' aime beaucoup n' est pas vert <eos>,12,vert,verte,10,M,P,vert,-8.234865,verte,-12.151063,1
11491,S_NOUN_7_ADJ_b,M,S,le billet avec les sacs que j' aime beaucoup n' est pas bleu <eos>,12,bleu,bleue,10,M,P,bleu,-7.7526197,bleue,-12.556355,1
11492,S_NOUN_7_ADJ_b,M,S,le billet avec les sacs que j' aime beaucoup n' est pas noir <eos>,12,noir,noire,10,M,P,noir,-5.580276,noire,-12.206263,1
11493,S_NOUN_7_ADJ_b,M,S,le billet avec les sacs que j' aime beaucoup n' est pas délicat <eos>,12,délicat,délicate,10,M,P,délicat,-9.605275,délicate,-15.392122,1
11494,S_NOUN_7_ADJ_b,M,S,le billet avec les sacs que j' aime beaucoup n' est pas pointu <eos>,12,pointu,pointue,10,M,P,pointu,-10.562832,pointue,-16.107458,1
11495,S_NOUN_7_ADJ_b,M,S,le billet avec les sacs que j' aime beaucoup n' est pas rond <eos>,12,rond,ronde,10,M,P,rond,-6.9880047,ronde,-12.432578,1
11496,S_NOUN_7_ADJ_b,M,S,le billet avec les sacs que j' aime beaucoup n' est pas froid <eos>,12,froid,froide,10,M,P,froid,-9.926617,froide,-14.265073,1
11497,S_NOUN_7_ADJ_b,M,S,le billet avec les sacs que j' aime beaucoup n' est pas chaud <eos>,12,chaud,chaude,10,M,P,chaud,-8.780537,chaude,-14.281019,1
11498,S_NOUN_7_ADJ_b,M,S,le billet avec les sacs que j' aime beaucoup n' est pas important <eos>,12,important,importante,10,M,P,important,-7.9385896,importante,-11.886454,1
11499,S_NOUN_7_ADJ_b,M,S,le billet avec les sacs que j' aime beaucoup n' est pas court <eos>,12,court,courte,10,M,P,court,-8.845516,courte,-12.999525,1
11500,S_NOUN_7_ADJ_b,M,S,le billet avec les sacs que j' aime beaucoup n' est pas dur <eos>,12,dur,dure,10,M,P,dur,-8.066687,dure,-11.521101,1
11501,S_NOUN_7_ADJ_b,M,S,le billet avec les sacs que j' aime beaucoup n' est pas clair <eos>,12,clair,claire,10,M,P,clair,-5.574271,claire,-9.539977,1
11502,S_NOUN_7_ADJ_b,M,S,le billet avec les sacs que j' aime beaucoup n' est pas intéressant <eos>,12,intéressant,intéressante,10,M,P,intéressant,-8.001882,intéressante,-12.1233,1
11503,S_NOUN_7_ADJ_b,M,S,le billet avec les sacs que j' aime beaucoup n' est pas brillant <eos>,12,brillant,brillante,10,M,P,brillant,-8.361943,brillante,-12.377756,1
11504,S_NOUN_7_ADJ_b,M,S,le billet avec les sacs que j' aime beaucoup n' est pas compliqué <eos>,12,compliqué,compliquée,10,M,P,compliqué,-9.248357,compliquée,-14.6737175,1
11505,S_NOUN_7_ADJ_b,M,S,le billet avec les claviers que j' aime beaucoup n' est pas vert <eos>,12,vert,verte,10,M,P,vert,-10.410193,verte,-14.637195,1
11506,S_NOUN_7_ADJ_b,M,S,le billet avec les claviers que j' aime beaucoup n' est pas bleu <eos>,12,bleu,bleue,10,M,P,bleu,-9.35531,bleue,-14.132904,1
11507,S_NOUN_7_ADJ_b,M,S,le billet avec les claviers que j' aime beaucoup n' est pas noir <eos>,12,noir,noire,10,M,P,noir,-7.2579284,noire,-13.668821,1
11508,S_NOUN_7_ADJ_b,M,S,le billet avec les claviers que j' aime beaucoup n' est pas délicat <eos>,12,délicat,délicate,10,M,P,délicat,-9.777405,délicate,-16.497223,1
11509,S_NOUN_7_ADJ_b,M,S,le billet avec les claviers que j' aime beaucoup n' est pas pointu <eos>,12,pointu,pointue,10,M,P,pointu,-10.657145,pointue,-16.318502,1
11510,S_NOUN_7_ADJ_b,M,S,le billet avec les claviers que j' aime beaucoup n' est pas rond <eos>,12,rond,ronde,10,M,P,rond,-7.6219683,ronde,-13.247666,1
11511,S_NOUN_7_ADJ_b,M,S,le billet avec les claviers que j' aime beaucoup n' est pas froid <eos>,12,froid,froide,10,M,P,froid,-10.398067,froide,-15.446479,1
11512,S_NOUN_7_ADJ_b,M,S,le billet avec les claviers que j' aime beaucoup n' est pas chaud <eos>,12,chaud,chaude,10,M,P,chaud,-9.707827,chaude,-15.090676,1
11513,S_NOUN_7_ADJ_b,M,S,le billet avec les claviers que j' aime beaucoup n' est pas important <eos>,12,important,importante,10,M,P,important,-7.5678244,importante,-11.925053,1
11514,S_NOUN_7_ADJ_b,M,S,le billet avec les claviers que j' aime beaucoup n' est pas court <eos>,12,court,courte,10,M,P,court,-8.382335,courte,-12.196227,1
11515,S_NOUN_7_ADJ_b,M,S,le billet avec les claviers que j' aime beaucoup n' est pas dur <eos>,12,dur,dure,10,M,P,dur,-8.0812435,dure,-11.305981,1
11516,S_NOUN_7_ADJ_b,M,S,le billet avec les claviers que j' aime beaucoup n' est pas clair <eos>,12,clair,claire,10,M,P,clair,-6.0512233,claire,-10.49305,1
11517,S_NOUN_7_ADJ_b,M,S,le billet avec les claviers que j' aime beaucoup n' est pas intéressant <eos>,12,intéressant,intéressante,10,M,P,intéressant,-8.201738,intéressante,-12.1117735,1
11518,S_NOUN_7_ADJ_b,M,S,le billet avec les claviers que j' aime beaucoup n' est pas brillant <eos>,12,brillant,brillante,10,M,P,brillant,-9.019783,brillante,-13.118269,1
11519,S_NOUN_7_ADJ_b,M,S,le billet avec les claviers que j' aime beaucoup n' est pas compliqué <eos>,12,compliqué,compliquée,10,M,P,compliqué,-9.051501,compliquée,-13.935634,1
11520,S_NOUN_7_ADJ_b,M,S,le billet avec les raisins que j' aime beaucoup n' est pas vert <eos>,12,vert,verte,10,M,P,vert,-7.971469,verte,-12.996733,1
11521,S_NOUN_7_ADJ_b,M,S,le billet avec les raisins que j' aime beaucoup n' est pas bleu <eos>,12,bleu,bleue,10,M,P,bleu,-7.5377154,bleue,-13.023621,1
11522,S_NOUN_7_ADJ_b,M,S,le billet avec les raisins que j' aime beaucoup n' est pas noir <eos>,12,noir,noire,10,M,P,noir,-5.854207,noire,-12.611438,1
11523,S_NOUN_7_ADJ_b,M,S,le billet avec les raisins que j' aime beaucoup n' est pas délicat <eos>,12,délicat,délicate,10,M,P,délicat,-9.118027,délicate,-15.279159,1
11524,S_NOUN_7_ADJ_b,M,S,le billet avec les raisins que j' aime beaucoup n' est pas pointu <eos>,12,pointu,pointue,10,M,P,pointu,-11.877832,pointue,-16.533024,1
11525,S_NOUN_7_ADJ_b,M,S,le billet avec les raisins que j' aime beaucoup n' est pas rond <eos>,12,rond,ronde,10,M,P,rond,-7.4028387,ronde,-12.876331,1
11526,S_NOUN_7_ADJ_b,M,S,le billet avec les raisins que j' aime beaucoup n' est pas froid <eos>,12,froid,froide,10,M,P,froid,-8.852048,froide,-14.159375,1
11527,S_NOUN_7_ADJ_b,M,S,le billet avec les raisins que j' aime beaucoup n' est pas chaud <eos>,12,chaud,chaude,10,M,P,chaud,-8.41047,chaude,-13.625713,1
11528,S_NOUN_7_ADJ_b,M,S,le billet avec les raisins que j' aime beaucoup n' est pas important <eos>,12,important,importante,10,M,P,important,-8.130767,importante,-11.756922,1
11529,S_NOUN_7_ADJ_b,M,S,le billet avec les raisins que j' aime beaucoup n' est pas court <eos>,12,court,courte,10,M,P,court,-9.079831,courte,-13.381044,1
11530,S_NOUN_7_ADJ_b,M,S,le billet avec les raisins que j' aime beaucoup n' est pas dur <eos>,12,dur,dure,10,M,P,dur,-9.381561,dure,-11.499282,1
11531,S_NOUN_7_ADJ_b,M,S,le billet avec les raisins que j' aime beaucoup n' est pas clair <eos>,12,clair,claire,10,M,P,clair,-4.809826,claire,-9.171582,1
11532,S_NOUN_7_ADJ_b,M,S,le billet avec les raisins que j' aime beaucoup n' est pas intéressant <eos>,12,intéressant,intéressante,10,M,P,intéressant,-8.672677,intéressante,-12.351958,1
11533,S_NOUN_7_ADJ_b,M,S,le billet avec les raisins que j' aime beaucoup n' est pas brillant <eos>,12,brillant,brillante,10,M,P,brillant,-8.806244,brillante,-12.8255205,1
11534,S_NOUN_7_ADJ_b,M,S,le billet avec les raisins que j' aime beaucoup n' est pas compliqué <eos>,12,compliqué,compliquée,10,M,P,compliqué,-9.51792,compliquée,-14.941908,1
11535,S_NOUN_7_ADJ_b,M,S,le billet avec les chargeurs que j' aime beaucoup n' est pas vert <eos>,12,vert,verte,10,M,P,vert,-9.334573,verte,-12.724614,1
11536,S_NOUN_7_ADJ_b,M,S,le billet avec les chargeurs que j' aime beaucoup n' est pas bleu <eos>,12,bleu,bleue,10,M,P,bleu,-8.791826,bleue,-13.563861,1
11537,S_NOUN_7_ADJ_b,M,S,le billet avec les chargeurs que j' aime beaucoup n' est pas noir <eos>,12,noir,noire,10,M,P,noir,-6.671569,noire,-12.766398,1
11538,S_NOUN_7_ADJ_b,M,S,le billet avec les chargeurs que j' aime beaucoup n' est pas délicat <eos>,12,délicat,délicate,10,M,P,délicat,-9.898287,délicate,-16.015873,1
11539,S_NOUN_7_ADJ_b,M,S,le billet avec les chargeurs que j' aime beaucoup n' est pas pointu <eos>,12,pointu,pointue,10,M,P,pointu,-10.483961,pointue,-16.06497,1
11540,S_NOUN_7_ADJ_b,M,S,le billet avec les chargeurs que j' aime beaucoup n' est pas rond <eos>,12,rond,ronde,10,M,P,rond,-8.04188,ronde,-12.276494,1
11541,S_NOUN_7_ADJ_b,M,S,le billet avec les chargeurs que j' aime beaucoup n' est pas froid <eos>,12,froid,froide,10,M,P,froid,-10.469731,froide,-14.602865,1
11542,S_NOUN_7_ADJ_b,M,S,le billet avec les chargeurs que j' aime beaucoup n' est pas chaud <eos>,12,chaud,chaude,10,M,P,chaud,-9.409001,chaude,-15.007143,1
11543,S_NOUN_7_ADJ_b,M,S,le billet avec les chargeurs que j' aime beaucoup n' est pas important <eos>,12,important,importante,10,M,P,important,-7.5987387,importante,-11.224705,1
11544,S_NOUN_7_ADJ_b,M,S,le billet avec les chargeurs que j' aime beaucoup n' est pas court <eos>,12,court,courte,10,M,P,court,-8.709333,courte,-12.689224,1
11545,S_NOUN_7_ADJ_b,M,S,le billet avec les chargeurs que j' aime beaucoup n' est pas dur <eos>,12,dur,dure,10,M,P,dur,-9.255272,dure,-12.782629,1
11546,S_NOUN_7_ADJ_b,M,S,le billet avec les chargeurs que j' aime beaucoup n' est pas clair <eos>,12,clair,claire,10,M,P,clair,-6.5889626,claire,-10.767077,1
11547,S_NOUN_7_ADJ_b,M,S,le billet avec les chargeurs que j' aime beaucoup n' est pas intéressant <eos>,12,intéressant,intéressante,10,M,P,intéressant,-7.86761,intéressante,-11.842813,1
11548,S_NOUN_7_ADJ_b,M,S,le billet avec les chargeurs que j' aime beaucoup n' est pas brillant <eos>,12,brillant,brillante,10,M,P,brillant,-9.13829,brillante,-12.770982,1
11549,S_NOUN_7_ADJ_b,M,S,le billet avec les chargeurs que j' aime beaucoup n' est pas compliqué <eos>,12,compliqué,compliquée,10,M,P,compliqué,-9.416542,compliquée,-14.684582,1
11550,S_NOUN_7_ADJ_b,M,S,le billet avec les vases que j' aime beaucoup n' est pas vert <eos>,12,vert,verte,10,M,P,vert,-8.390504,verte,-12.350617,1
11551,S_NOUN_7_ADJ_b,M,S,le billet avec les vases que j' aime beaucoup n' est pas bleu <eos>,12,bleu,bleue,10,M,P,bleu,-7.7628765,bleue,-12.703944,1
11552,S_NOUN_7_ADJ_b,M,S,le billet avec les vases que j' aime beaucoup n' est pas noir <eos>,12,noir,noire,10,M,P,noir,-6.134729,noire,-12.53367,1
11553,S_NOUN_7_ADJ_b,M,S,le billet avec les vases que j' aime beaucoup n' est pas délicat <eos>,12,délicat,délicate,10,M,P,délicat,-9.777968,délicate,-15.171875,1
11554,S_NOUN_7_ADJ_b,M,S,le billet avec les vases que j' aime beaucoup n' est pas pointu <eos>,12,pointu,pointue,10,M,P,pointu,-10.930442,pointue,-16.03342,1
11555,S_NOUN_7_ADJ_b,M,S,le billet avec les vases que j' aime beaucoup n' est pas rond <eos>,12,rond,ronde,10,M,P,rond,-6.7277164,ronde,-11.755468,1
11556,S_NOUN_7_ADJ_b,M,S,le billet avec les vases que j' aime beaucoup n' est pas froid <eos>,12,froid,froide,10,M,P,froid,-9.17075,froide,-13.868549,1
11557,S_NOUN_7_ADJ_b,M,S,le billet avec les vases que j' aime beaucoup n' est pas chaud <eos>,12,chaud,chaude,10,M,P,chaud,-8.77598,chaude,-13.53172,1
11558,S_NOUN_7_ADJ_b,M,S,le billet avec les vases que j' aime beaucoup n' est pas important <eos>,12,important,importante,10,M,P,important,-7.699995,importante,-11.748201,1
11559,S_NOUN_7_ADJ_b,M,S,le billet avec les vases que j' aime beaucoup n' est pas court <eos>,12,court,courte,10,M,P,court,-9.212984,courte,-13.210901,1
11560,S_NOUN_7_ADJ_b,M,S,le billet avec les vases que j' aime beaucoup n' est pas dur <eos>,12,dur,dure,10,M,P,dur,-9.100187,dure,-11.739376,1
11561,S_NOUN_7_ADJ_b,M,S,le billet avec les vases que j' aime beaucoup n' est pas clair <eos>,12,clair,claire,10,M,P,clair,-5.076857,claire,-8.968382,1
11562,S_NOUN_7_ADJ_b,M,S,le billet avec les vases que j' aime beaucoup n' est pas intéressant <eos>,12,intéressant,intéressante,10,M,P,intéressant,-8.704606,intéressante,-12.791414,1
11563,S_NOUN_7_ADJ_b,M,S,le billet avec les vases que j' aime beaucoup n' est pas brillant <eos>,12,brillant,brillante,10,M,P,brillant,-8.072647,brillante,-12.130142,1
11564,S_NOUN_7_ADJ_b,M,S,le billet avec les vases que j' aime beaucoup n' est pas compliqué <eos>,12,compliqué,compliquée,10,M,P,compliqué,-9.577657,compliquée,-15.019582,1
11565,S_NOUN_7_ADJ_b,M,S,le billet avec les paniers que j' aime beaucoup n' est pas vert <eos>,12,vert,verte,10,M,P,vert,-8.551598,verte,-13.029848,1
11566,S_NOUN_7_ADJ_b,M,S,le billet avec les paniers que j' aime beaucoup n' est pas bleu <eos>,12,bleu,bleue,10,M,P,bleu,-8.149058,bleue,-13.231924,1
11567,S_NOUN_7_ADJ_b,M,S,le billet avec les paniers que j' aime beaucoup n' est pas noir <eos>,12,noir,noire,10,M,P,noir,-6.185849,noire,-12.409936,1
11568,S_NOUN_7_ADJ_b,M,S,le billet avec les paniers que j' aime beaucoup n' est pas délicat <eos>,12,délicat,délicate,10,M,P,délicat,-9.232058,délicate,-15.4331875,1
11569,S_NOUN_7_ADJ_b,M,S,le billet avec les paniers que j' aime beaucoup n' est pas pointu <eos>,12,pointu,pointue,10,M,P,pointu,-9.8831215,pointue,-15.303844,1
11570,S_NOUN_7_ADJ_b,M,S,le billet avec les paniers que j' aime beaucoup n' est pas rond <eos>,12,rond,ronde,10,M,P,rond,-6.8330665,ronde,-11.99893,1
11571,S_NOUN_7_ADJ_b,M,S,le billet avec les paniers que j' aime beaucoup n' est pas froid <eos>,12,froid,froide,10,M,P,froid,-10.340688,froide,-15.86027,1
11572,S_NOUN_7_ADJ_b,M,S,le billet avec les paniers que j' aime beaucoup n' est pas chaud <eos>,12,chaud,chaude,10,M,P,chaud,-9.488797,chaude,-15.170774,1
11573,S_NOUN_7_ADJ_b,M,S,le billet avec les paniers que j' aime beaucoup n' est pas important <eos>,12,important,importante,10,M,P,important,-7.641426,importante,-11.657157,1
11574,S_NOUN_7_ADJ_b,M,S,le billet avec les paniers que j' aime beaucoup n' est pas court <eos>,12,court,courte,10,M,P,court,-8.413416,courte,-12.239059,1
11575,S_NOUN_7_ADJ_b,M,S,le billet avec les paniers que j' aime beaucoup n' est pas dur <eos>,12,dur,dure,10,M,P,dur,-8.58304,dure,-11.70757,1
11576,S_NOUN_7_ADJ_b,M,S,le billet avec les paniers que j' aime beaucoup n' est pas clair <eos>,12,clair,claire,10,M,P,clair,-6.1274347,claire,-10.351936,1
11577,S_NOUN_7_ADJ_b,M,S,le billet avec les paniers que j' aime beaucoup n' est pas intéressant <eos>,12,intéressant,intéressante,10,M,P,intéressant,-8.094849,intéressante,-12.857893,1
11578,S_NOUN_7_ADJ_b,M,S,le billet avec les paniers que j' aime beaucoup n' est pas brillant <eos>,12,brillant,brillante,10,M,P,brillant,-8.493562,brillante,-12.208423,1
11579,S_NOUN_7_ADJ_b,M,S,le billet avec les paniers que j' aime beaucoup n' est pas compliqué <eos>,12,compliqué,compliquée,10,M,P,compliqué,-9.078471,compliquée,-14.469361,1
11580,S_NOUN_7_ADJ_b,M,S,le billet avec les colliers que j' aime beaucoup n' est pas vert <eos>,12,vert,verte,10,M,P,vert,-8.531081,verte,-12.633309,1
11581,S_NOUN_7_ADJ_b,M,S,le billet avec les colliers que j' aime beaucoup n' est pas bleu <eos>,12,bleu,bleue,10,M,P,bleu,-7.681368,bleue,-12.809027,1
11582,S_NOUN_7_ADJ_b,M,S,le billet avec les colliers que j' aime beaucoup n' est pas noir <eos>,12,noir,noire,10,M,P,noir,-5.714074,noire,-12.095798,1
11583,S_NOUN_7_ADJ_b,M,S,le billet avec les colliers que j' aime beaucoup n' est pas délicat <eos>,12,délicat,délicate,10,M,P,délicat,-9.323969,délicate,-14.913643,1
11584,S_NOUN_7_ADJ_b,M,S,le billet avec les colliers que j' aime beaucoup n' est pas pointu <eos>,12,pointu,pointue,10,M,P,pointu,-10.140869,pointue,-15.75932,1
11585,S_NOUN_7_ADJ_b,M,S,le billet avec les colliers que j' aime beaucoup n' est pas rond <eos>,12,rond,ronde,10,M,P,rond,-6.9341288,ronde,-12.391283,1
11586,S_NOUN_7_ADJ_b,M,S,le billet avec les colliers que j' aime beaucoup n' est pas froid <eos>,12,froid,froide,10,M,P,froid,-10.260517,froide,-15.094548,1
11587,S_NOUN_7_ADJ_b,M,S,le billet avec les colliers que j' aime beaucoup n' est pas chaud <eos>,12,chaud,chaude,10,M,P,chaud,-9.514183,chaude,-15.387149,1
11588,S_NOUN_7_ADJ_b,M,S,le billet avec les colliers que j' aime beaucoup n' est pas important <eos>,12,important,importante,10,M,P,important,-7.9852676,importante,-12.1279745,1
11589,S_NOUN_7_ADJ_b,M,S,le billet avec les colliers que j' aime beaucoup n' est pas court <eos>,12,court,courte,10,M,P,court,-8.540738,courte,-12.853452,1
11590,S_NOUN_7_ADJ_b,M,S,le billet avec les colliers que j' aime beaucoup n' est pas dur <eos>,12,dur,dure,10,M,P,dur,-8.249169,dure,-11.673071,1
11591,S_NOUN_7_ADJ_b,M,S,le billet avec les colliers que j' aime beaucoup n' est pas clair <eos>,12,clair,claire,10,M,P,clair,-5.7473516,claire,-10.0103245,1
11592,S_NOUN_7_ADJ_b,M,S,le billet avec les colliers que j' aime beaucoup n' est pas intéressant <eos>,12,intéressant,intéressante,10,M,P,intéressant,-8.042862,intéressante,-13.203981,1
11593,S_NOUN_7_ADJ_b,M,S,le billet avec les colliers que j' aime beaucoup n' est pas brillant <eos>,12,brillant,brillante,10,M,P,brillant,-7.551191,brillante,-11.56531,1
11594,S_NOUN_7_ADJ_b,M,S,le billet avec les colliers que j' aime beaucoup n' est pas compliqué <eos>,12,compliqué,compliquée,10,M,P,compliqué,-8.878205,compliquée,-14.364696,1
11595,S_NOUN_7_ADJ_b,M,S,le billet avec les chapeaux que j' aime beaucoup n' est pas vert <eos>,12,vert,verte,10,M,P,vert,-8.048721,verte,-12.640463,1
11596,S_NOUN_7_ADJ_b,M,S,le billet avec les chapeaux que j' aime beaucoup n' est pas bleu <eos>,12,bleu,bleue,10,M,P,bleu,-7.1748576,bleue,-12.255161,1
11597,S_NOUN_7_ADJ_b,M,S,le billet avec les chapeaux que j' aime beaucoup n' est pas noir <eos>,12,noir,noire,10,M,P,noir,-5.558462,noire,-12.025256,1
11598,S_NOUN_7_ADJ_b,M,S,le billet avec les chapeaux que j' aime beaucoup n' est pas délicat <eos>,12,délicat,délicate,10,M,P,délicat,-9.681325,délicate,-15.962883,1
11599,S_NOUN_7_ADJ_b,M,S,le billet avec les chapeaux que j' aime beaucoup n' est pas pointu <eos>,12,pointu,pointue,10,M,P,pointu,-10.689697,pointue,-16.038141,1
11600,S_NOUN_7_ADJ_b,M,S,le billet avec les chapeaux que j' aime beaucoup n' est pas rond <eos>,12,rond,ronde,10,M,P,rond,-6.673422,ronde,-11.947399,1
11601,S_NOUN_7_ADJ_b,M,S,le billet avec les chapeaux que j' aime beaucoup n' est pas froid <eos>,12,froid,froide,10,M,P,froid,-9.6655035,froide,-14.353121,1
11602,S_NOUN_7_ADJ_b,M,S,le billet avec les chapeaux que j' aime beaucoup n' est pas chaud <eos>,12,chaud,chaude,10,M,P,chaud,-8.6807995,chaude,-14.74675,1
11603,S_NOUN_7_ADJ_b,M,S,le billet avec les chapeaux que j' aime beaucoup n' est pas important <eos>,12,important,importante,10,M,P,important,-8.263461,importante,-12.27282,1
11604,S_NOUN_7_ADJ_b,M,S,le billet avec les chapeaux que j' aime beaucoup n' est pas court <eos>,12,court,courte,10,M,P,court,-8.570168,courte,-12.875696,1
11605,S_NOUN_7_ADJ_b,M,S,le billet avec les chapeaux que j' aime beaucoup n' est pas dur <eos>,12,dur,dure,10,M,P,dur,-8.397661,dure,-11.431572,1
11606,S_NOUN_7_ADJ_b,M,S,le billet avec les chapeaux que j' aime beaucoup n' est pas clair <eos>,12,clair,claire,10,M,P,clair,-5.6780734,claire,-9.796759,1
11607,S_NOUN_7_ADJ_b,M,S,le billet avec les chapeaux que j' aime beaucoup n' est pas intéressant <eos>,12,intéressant,intéressante,10,M,P,intéressant,-8.128253,intéressante,-13.204169,1
11608,S_NOUN_7_ADJ_b,M,S,le billet avec les chapeaux que j' aime beaucoup n' est pas brillant <eos>,12,brillant,brillante,10,M,P,brillant,-8.395116,brillante,-11.917234,1
11609,S_NOUN_7_ADJ_b,M,S,le billet avec les chapeaux que j' aime beaucoup n' est pas compliqué <eos>,12,compliqué,compliquée,10,M,P,compliqué,-9.375851,compliquée,-14.967649,1
11610,S_NOUN_7_ADJ_b,M,S,le billet avec les pots que j' aime beaucoup n' est pas vert <eos>,12,vert,verte,10,M,P,vert,-8.034205,verte,-12.346961,1
11611,S_NOUN_7_ADJ_b,M,S,le billet avec les pots que j' aime beaucoup n' est pas bleu <eos>,12,bleu,bleue,10,M,P,bleu,-7.486008,bleue,-12.401411,1
11612,S_NOUN_7_ADJ_b,M,S,le billet avec les pots que j' aime beaucoup n' est pas noir <eos>,12,noir,noire,10,M,P,noir,-5.7016926,noire,-12.274557,1
11613,S_NOUN_7_ADJ_b,M,S,le billet avec les pots que j' aime beaucoup n' est pas délicat <eos>,12,délicat,délicate,10,M,P,délicat,-9.72292,délicate,-15.781058,1
11614,S_NOUN_7_ADJ_b,M,S,le billet avec les pots que j' aime beaucoup n' est pas pointu <eos>,12,pointu,pointue,10,M,P,pointu,-11.403265,pointue,-16.636332,1
11615,S_NOUN_7_ADJ_b,M,S,le billet avec les pots que j' aime beaucoup n' est pas rond <eos>,12,rond,ronde,10,M,P,rond,-7.2744045,ronde,-12.19847,1
11616,S_NOUN_7_ADJ_b,M,S,le billet avec les pots que j' aime beaucoup n' est pas froid <eos>,12,froid,froide,10,M,P,froid,-9.035658,froide,-13.3832855,1
11617,S_NOUN_7_ADJ_b,M,S,le billet avec les pots que j' aime beaucoup n' est pas chaud <eos>,12,chaud,chaude,10,M,P,chaud,-8.262442,chaude,-13.443275,1
11618,S_NOUN_7_ADJ_b,M,S,le billet avec les pots que j' aime beaucoup n' est pas important <eos>,12,important,importante,10,M,P,important,-8.226621,importante,-12.20032,1
11619,S_NOUN_7_ADJ_b,M,S,le billet avec les pots que j' aime beaucoup n' est pas court <eos>,12,court,courte,10,M,P,court,-9.30995,courte,-13.449274,1
11620,S_NOUN_7_ADJ_b,M,S,le billet avec les pots que j' aime beaucoup n' est pas dur <eos>,12,dur,dure,10,M,P,dur,-8.317116,dure,-11.274926,1
11621,S_NOUN_7_ADJ_b,M,S,le billet avec les pots que j' aime beaucoup n' est pas clair <eos>,12,clair,claire,10,M,P,clair,-5.4061775,claire,-9.337301,1
11622,S_NOUN_7_ADJ_b,M,S,le billet avec les pots que j' aime beaucoup n' est pas intéressant <eos>,12,intéressant,intéressante,10,M,P,intéressant,-8.6047535,intéressante,-12.572256,1
11623,S_NOUN_7_ADJ_b,M,S,le billet avec les pots que j' aime beaucoup n' est pas brillant <eos>,12,brillant,brillante,10,M,P,brillant,-8.545296,brillante,-12.391598,1
11624,S_NOUN_7_ADJ_b,M,S,le billet avec les pots que j' aime beaucoup n' est pas compliqué <eos>,12,compliqué,compliquée,10,M,P,compliqué,-9.5359535,compliquée,-14.974237,1
11625,S_NOUN_7_ADJ_b,M,S,le billet avec les coussins que j' aime beaucoup n' est pas vert <eos>,12,vert,verte,10,M,P,vert,-8.698441,verte,-12.23229,1
11626,S_NOUN_7_ADJ_b,M,S,le billet avec les coussins que j' aime beaucoup n' est pas bleu <eos>,12,bleu,bleue,10,M,P,bleu,-8.056646,bleue,-12.454205,1
11627,S_NOUN_7_ADJ_b,M,S,le billet avec les coussins que j' aime beaucoup n' est pas noir <eos>,12,noir,noire,10,M,P,noir,-6.0982466,noire,-12.36017,1
11628,S_NOUN_7_ADJ_b,M,S,le billet avec les coussins que j' aime beaucoup n' est pas délicat <eos>,12,délicat,délicate,10,M,P,délicat,-9.850916,délicate,-15.495691,1
11629,S_NOUN_7_ADJ_b,M,S,le billet avec les coussins que j' aime beaucoup n' est pas pointu <eos>,12,pointu,pointue,10,M,P,pointu,-10.541536,pointue,-16.137938,1
11630,S_NOUN_7_ADJ_b,M,S,le billet avec les coussins que j' aime beaucoup n' est pas rond <eos>,12,rond,ronde,10,M,P,rond,-6.9273825,ronde,-12.613014,1
11631,S_NOUN_7_ADJ_b,M,S,le billet avec les coussins que j' aime beaucoup n' est pas froid <eos>,12,froid,froide,10,M,P,froid,-10.376646,froide,-14.478899,1
11632,S_NOUN_7_ADJ_b,M,S,le billet avec les coussins que j' aime beaucoup n' est pas chaud <eos>,12,chaud,chaude,10,M,P,chaud,-9.071977,chaude,-14.38239,1
11633,S_NOUN_7_ADJ_b,M,S,le billet avec les coussins que j' aime beaucoup n' est pas important <eos>,12,important,importante,10,M,P,important,-7.8752594,importante,-11.781231,1
11634,S_NOUN_7_ADJ_b,M,S,le billet avec les coussins que j' aime beaucoup n' est pas court <eos>,12,court,courte,10,M,P,court,-9.03752,courte,-13.147853,1
11635,S_NOUN_7_ADJ_b,M,S,le billet avec les coussins que j' aime beaucoup n' est pas dur <eos>,12,dur,dure,10,M,P,dur,-8.8102665,dure,-11.946685,1
11636,S_NOUN_7_ADJ_b,M,S,le billet avec les coussins que j' aime beaucoup n' est pas clair <eos>,12,clair,claire,10,M,P,clair,-6.1152697,claire,-9.475889,1
11637,S_NOUN_7_ADJ_b,M,S,le billet avec les coussins que j' aime beaucoup n' est pas intéressant <eos>,12,intéressant,intéressante,10,M,P,intéressant,-8.289895,intéressante,-12.284382,1
11638,S_NOUN_7_ADJ_b,M,S,le billet avec les coussins que j' aime beaucoup n' est pas brillant <eos>,12,brillant,brillante,10,M,P,brillant,-8.455927,brillante,-12.477705,1
11639,S_NOUN_7_ADJ_b,M,S,le billet avec les coussins que j' aime beaucoup n' est pas compliqué <eos>,12,compliqué,compliquée,10,M,P,compliqué,-9.278445,compliquée,-14.142517,1
11640,S_NOUN_7_ADJ_b,M,S,le billet avec les jouets que j' aime beaucoup n' est pas vert <eos>,12,vert,verte,10,M,P,vert,-9.151873,verte,-12.778566,1
11641,S_NOUN_7_ADJ_b,M,S,le billet avec les jouets que j' aime beaucoup n' est pas bleu <eos>,12,bleu,bleue,10,M,P,bleu,-8.490055,bleue,-12.938549,1
11642,S_NOUN_7_ADJ_b,M,S,le billet avec les jouets que j' aime beaucoup n' est pas noir <eos>,12,noir,noire,10,M,P,noir,-6.3542647,noire,-12.53886,1
11643,S_NOUN_7_ADJ_b,M,S,le billet avec les jouets que j' aime beaucoup n' est pas délicat <eos>,12,délicat,délicate,10,M,P,délicat,-10.3880005,délicate,-16.24909,1
11644,S_NOUN_7_ADJ_b,M,S,le billet avec les jouets que j' aime beaucoup n' est pas pointu <eos>,12,pointu,pointue,10,M,P,pointu,-11.06296,pointue,-16.685844,1
11645,S_NOUN_7_ADJ_b,M,S,le billet avec les jouets que j' aime beaucoup n' est pas rond <eos>,12,rond,ronde,10,M,P,rond,-7.239536,ronde,-12.600338,1
11646,S_NOUN_7_ADJ_b,M,S,le billet avec les jouets que j' aime beaucoup n' est pas froid <eos>,12,froid,froide,10,M,P,froid,-9.327391,froide,-13.986099,1
11647,S_NOUN_7_ADJ_b,M,S,le billet avec les jouets que j' aime beaucoup n' est pas chaud <eos>,12,chaud,chaude,10,M,P,chaud,-8.544107,chaude,-14.099968,1
11648,S_NOUN_7_ADJ_b,M,S,le billet avec les jouets que j' aime beaucoup n' est pas important <eos>,12,important,importante,10,M,P,important,-7.94168,importante,-12.0320425,1
11649,S_NOUN_7_ADJ_b,M,S,le billet avec les jouets que j' aime beaucoup n' est pas court <eos>,12,court,courte,10,M,P,court,-8.826839,courte,-13.0715275,1
11650,S_NOUN_7_ADJ_b,M,S,le billet avec les jouets que j' aime beaucoup n' est pas dur <eos>,12,dur,dure,10,M,P,dur,-8.806629,dure,-11.912816,1
11651,S_NOUN_7_ADJ_b,M,S,le billet avec les jouets que j' aime beaucoup n' est pas clair <eos>,12,clair,claire,10,M,P,clair,-6.1920147,claire,-9.977936,1
11652,S_NOUN_7_ADJ_b,M,S,le billet avec les jouets que j' aime beaucoup n' est pas intéressant <eos>,12,intéressant,intéressante,10,M,P,intéressant,-8.21376,intéressante,-12.313376,1
11653,S_NOUN_7_ADJ_b,M,S,le billet avec les jouets que j' aime beaucoup n' est pas brillant <eos>,12,brillant,brillante,10,M,P,brillant,-9.099006,brillante,-12.930287,1
11654,S_NOUN_7_ADJ_b,M,S,le billet avec les jouets que j' aime beaucoup n' est pas compliqué <eos>,12,compliqué,compliquée,10,M,P,compliqué,-9.55946,compliquée,-14.411825,1
11655,S_NOUN_7_ADJ_b,M,S,le billet avec les clous que j' aime beaucoup n' est pas vert <eos>,12,vert,verte,10,M,P,vert,-8.572184,verte,-12.934792,1
11656,S_NOUN_7_ADJ_b,M,S,le billet avec les clous que j' aime beaucoup n' est pas bleu <eos>,12,bleu,bleue,10,M,P,bleu,-7.9995117,bleue,-13.457277,1
11657,S_NOUN_7_ADJ_b,M,S,le billet avec les clous que j' aime beaucoup n' est pas noir <eos>,12,noir,noire,10,M,P,noir,-6.1218863,noire,-12.515761,1
11658,S_NOUN_7_ADJ_b,M,S,le billet avec les clous que j' aime beaucoup n' est pas délicat <eos>,12,délicat,délicate,10,M,P,délicat,-9.506561,délicate,-15.30534,1
11659,S_NOUN_7_ADJ_b,M,S,le billet avec les clous que j' aime beaucoup n' est pas pointu <eos>,12,pointu,pointue,10,M,P,pointu,-9.955794,pointue,-15.355741,1
11660,S_NOUN_7_ADJ_b,M,S,le billet avec les clous que j' aime beaucoup n' est pas rond <eos>,12,rond,ronde,10,M,P,rond,-6.585038,ronde,-12.447013,1
11661,S_NOUN_7_ADJ_b,M,S,le billet avec les clous que j' aime beaucoup n' est pas froid <eos>,12,froid,froide,10,M,P,froid,-10.207568,froide,-15.503338,1
11662,S_NOUN_7_ADJ_b,M,S,le billet avec les clous que j' aime beaucoup n' est pas chaud <eos>,12,chaud,chaude,10,M,P,chaud,-9.222875,chaude,-14.866991,1
11663,S_NOUN_7_ADJ_b,M,S,le billet avec les clous que j' aime beaucoup n' est pas important <eos>,12,important,importante,10,M,P,important,-7.8776436,importante,-11.989579,1
11664,S_NOUN_7_ADJ_b,M,S,le billet avec les clous que j' aime beaucoup n' est pas court <eos>,12,court,courte,10,M,P,court,-8.500516,courte,-12.887718,1
11665,S_NOUN_7_ADJ_b,M,S,le billet avec les clous que j' aime beaucoup n' est pas dur <eos>,12,dur,dure,10,M,P,dur,-8.5772705,dure,-11.571969,1
11666,S_NOUN_7_ADJ_b,M,S,le billet avec les clous que j' aime beaucoup n' est pas clair <eos>,12,clair,claire,10,M,P,clair,-5.824014,claire,-10.039044,1
11667,S_NOUN_7_ADJ_b,M,S,le billet avec les clous que j' aime beaucoup n' est pas intéressant <eos>,12,intéressant,intéressante,10,M,P,intéressant,-8.316493,intéressante,-13.42386,1
11668,S_NOUN_7_ADJ_b,M,S,le billet avec les clous que j' aime beaucoup n' est pas brillant <eos>,12,brillant,brillante,10,M,P,brillant,-8.017138,brillante,-12.879603,1
11669,S_NOUN_7_ADJ_b,M,S,le billet avec les clous que j' aime beaucoup n' est pas compliqué <eos>,12,compliqué,compliquée,10,M,P,compliqué,-9.218461,compliquée,-14.852875,1
11670,S_NOUN_7_ADJ_b,M,S,le billet avec les billets que j' aime beaucoup n' est pas vert <eos>,12,vert,verte,10,M,P,vert,-8.861928,verte,-12.780326,1
11671,S_NOUN_7_ADJ_b,M,S,le billet avec les billets que j' aime beaucoup n' est pas bleu <eos>,12,bleu,bleue,10,M,P,bleu,-8.011392,bleue,-12.924702,1
11672,S_NOUN_7_ADJ_b,M,S,le billet avec les billets que j' aime beaucoup n' est pas noir <eos>,12,noir,noire,10,M,P,noir,-6.18657,noire,-12.862541,1
11673,S_NOUN_7_ADJ_b,M,S,le billet avec les billets que j' aime beaucoup n' est pas délicat <eos>,12,délicat,délicate,10,M,P,délicat,-10.245957,délicate,-16.710573,1
11674,S_NOUN_7_ADJ_b,M,S,le billet avec les billets que j' aime beaucoup n' est pas pointu <eos>,12,pointu,pointue,10,M,P,pointu,-11.120974,pointue,-16.460602,1
11675,S_NOUN_7_ADJ_b,M,S,le billet avec les billets que j' aime beaucoup n' est pas rond <eos>,12,rond,ronde,10,M,P,rond,-7.280896,ronde,-12.292237,1
11676,S_NOUN_7_ADJ_b,M,S,le billet avec les billets que j' aime beaucoup n' est pas froid <eos>,12,froid,froide,10,M,P,froid,-10.371595,froide,-14.729982,1
11677,S_NOUN_7_ADJ_b,M,S,le billet avec les billets que j' aime beaucoup n' est pas chaud <eos>,12,chaud,chaude,10,M,P,chaud,-9.540727,chaude,-14.650015,1
11678,S_NOUN_7_ADJ_b,M,S,le billet avec les billets que j' aime beaucoup n' est pas important <eos>,12,important,importante,10,M,P,important,-7.867504,importante,-11.757891,1
11679,S_NOUN_7_ADJ_b,M,S,le billet avec les billets que j' aime beaucoup n' est pas court <eos>,12,court,courte,10,M,P,court,-8.772695,courte,-13.152178,1
11680,S_NOUN_7_ADJ_b,M,S,le billet avec les billets que j' aime beaucoup n' est pas dur <eos>,12,dur,dure,10,M,P,dur,-8.899798,dure,-12.230534,1
11681,S_NOUN_7_ADJ_b,M,S,le billet avec les billets que j' aime beaucoup n' est pas clair <eos>,12,clair,claire,10,M,P,clair,-5.9499063,claire,-10.49379,1
11682,S_NOUN_7_ADJ_b,M,S,le billet avec les billets que j' aime beaucoup n' est pas intéressant <eos>,12,intéressant,intéressante,10,M,P,intéressant,-8.350473,intéressante,-12.40914,1
11683,S_NOUN_7_ADJ_b,M,S,le billet avec les billets que j' aime beaucoup n' est pas brillant <eos>,12,brillant,brillante,10,M,P,brillant,-9.150348,brillante,-12.713465,1
11684,S_NOUN_7_ADJ_b,M,S,le billet avec les billets que j' aime beaucoup n' est pas compliqué <eos>,12,compliqué,compliquée,10,M,P,compliqué,-9.703304,compliquée,-15.3431635,1
11685,S_NOUN_7_ADJ_b,M,S,le billet avec les légumes que j' aime beaucoup n' est pas vert <eos>,12,vert,verte,10,M,P,vert,-8.172873,verte,-12.342169,1
11686,S_NOUN_7_ADJ_b,M,S,le billet avec les légumes que j' aime beaucoup n' est pas bleu <eos>,12,bleu,bleue,10,M,P,bleu,-7.8383074,bleue,-12.736421,1
11687,S_NOUN_7_ADJ_b,M,S,le billet avec les légumes que j' aime beaucoup n' est pas noir <eos>,12,noir,noire,10,M,P,noir,-5.717199,noire,-12.651882,1
11688,S_NOUN_7_ADJ_b,M,S,le billet avec les légumes que j' aime beaucoup n' est pas délicat <eos>,12,délicat,délicate,10,M,P,délicat,-8.989709,délicate,-14.908584,1
11689,S_NOUN_7_ADJ_b,M,S,le billet avec les légumes que j' aime beaucoup n' est pas pointu <eos>,12,pointu,pointue,10,M,P,pointu,-10.641637,pointue,-16.26255,1
11690,S_NOUN_7_ADJ_b,M,S,le billet avec les légumes que j' aime beaucoup n' est pas rond <eos>,12,rond,ronde,10,M,P,rond,-6.8149157,ronde,-12.258899,1
11691,S_NOUN_7_ADJ_b,M,S,le billet avec les légumes que j' aime beaucoup n' est pas froid <eos>,12,froid,froide,10,M,P,froid,-8.577791,froide,-13.530064,1
11692,S_NOUN_7_ADJ_b,M,S,le billet avec les légumes que j' aime beaucoup n' est pas chaud <eos>,12,chaud,chaude,10,M,P,chaud,-7.844638,chaude,-13.651343,1
11693,S_NOUN_7_ADJ_b,M,S,le billet avec les légumes que j' aime beaucoup n' est pas important <eos>,12,important,importante,10,M,P,important,-7.8346395,importante,-11.762327,1
11694,S_NOUN_7_ADJ_b,M,S,le billet avec les légumes que j' aime beaucoup n' est pas court <eos>,12,court,courte,10,M,P,court,-8.995799,courte,-13.151263,1
11695,S_NOUN_7_ADJ_b,M,S,le billet avec les légumes que j' aime beaucoup n' est pas dur <eos>,12,dur,dure,10,M,P,dur,-7.8851194,dure,-11.538714,1
11696,S_NOUN_7_ADJ_b,M,S,le billet avec les légumes que j' aime beaucoup n' est pas clair <eos>,12,clair,claire,10,M,P,clair,-5.029616,claire,-9.485961,1
11697,S_NOUN_7_ADJ_b,M,S,le billet avec les légumes que j' aime beaucoup n' est pas intéressant <eos>,12,intéressant,intéressante,10,M,P,intéressant,-8.213712,intéressante,-11.632333,1
11698,S_NOUN_7_ADJ_b,M,S,le billet avec les légumes que j' aime beaucoup n' est pas brillant <eos>,12,brillant,brillante,10,M,P,brillant,-8.418921,brillante,-12.670823,1
11699,S_NOUN_7_ADJ_b,M,S,le billet avec les légumes que j' aime beaucoup n' est pas compliqué <eos>,12,compliqué,compliquée,10,M,P,compliqué,-9.432688,compliquée,-14.651366,1
11700,S_NOUN_7_ADJ_b,M,S,le légume avec les bracelets que j' aime beaucoup n' est pas vert <eos>,12,vert,verte,10,M,P,vert,-8.548983,verte,-12.313801,1
11701,S_NOUN_7_ADJ_b,M,S,le légume avec les bracelets que j' aime beaucoup n' est pas bleu <eos>,12,bleu,bleue,10,M,P,bleu,-8.455436,bleue,-13.176492,1
11702,S_NOUN_7_ADJ_b,M,S,le légume avec les bracelets que j' aime beaucoup n' est pas noir <eos>,12,noir,noire,10,M,P,noir,-6.501757,noire,-12.096058,1
11703,S_NOUN_7_ADJ_b,M,S,le légume avec les bracelets que j' aime beaucoup n' est pas délicat <eos>,12,délicat,délicate,10,M,P,délicat,-8.387932,délicate,-13.036245,1
11704,S_NOUN_7_ADJ_b,M,S,le légume avec les bracelets que j' aime beaucoup n' est pas pointu <eos>,12,pointu,pointue,10,M,P,pointu,-9.427268,pointue,-14.259894,1
11705,S_NOUN_7_ADJ_b,M,S,le légume avec les bracelets que j' aime beaucoup n' est pas rond <eos>,12,rond,ronde,10,M,P,rond,-6.815474,ronde,-11.698687,1
11706,S_NOUN_7_ADJ_b,M,S,le légume avec les bracelets que j' aime beaucoup n' est pas froid <eos>,12,froid,froide,10,M,P,froid,-8.848949,froide,-12.735609,1
11707,S_NOUN_7_ADJ_b,M,S,le légume avec les bracelets que j' aime beaucoup n' est pas chaud <eos>,12,chaud,chaude,10,M,P,chaud,-7.9302845,chaude,-12.66469,1
11708,S_NOUN_7_ADJ_b,M,S,le légume avec les bracelets que j' aime beaucoup n' est pas important <eos>,12,important,importante,10,M,P,important,-7.6535335,importante,-10.853081,1
11709,S_NOUN_7_ADJ_b,M,S,le légume avec les bracelets que j' aime beaucoup n' est pas court <eos>,12,court,courte,10,M,P,court,-9.431541,courte,-12.308281,1
11710,S_NOUN_7_ADJ_b,M,S,le légume avec les bracelets que j' aime beaucoup n' est pas dur <eos>,12,dur,dure,10,M,P,dur,-7.4291925,dure,-10.702709,1
11711,S_NOUN_7_ADJ_b,M,S,le légume avec les bracelets que j' aime beaucoup n' est pas clair <eos>,12,clair,claire,10,M,P,clair,-5.4754705,claire,-8.703815,1
11712,S_NOUN_7_ADJ_b,M,S,le légume avec les bracelets que j' aime beaucoup n' est pas intéressant <eos>,12,intéressant,intéressante,10,M,P,intéressant,-8.671894,intéressante,-12.236233,1
11713,S_NOUN_7_ADJ_b,M,S,le légume avec les bracelets que j' aime beaucoup n' est pas brillant <eos>,12,brillant,brillante,10,M,P,brillant,-7.1516256,brillante,-11.402774,1
11714,S_NOUN_7_ADJ_b,M,S,le légume avec les bracelets que j' aime beaucoup n' est pas compliqué <eos>,12,compliqué,compliquée,10,M,P,compliqué,-8.846529,compliquée,-12.853318,1
11715,S_NOUN_7_ADJ_b,M,S,le légume avec les miroirs que j' aime beaucoup n' est pas vert <eos>,12,vert,verte,10,M,P,vert,-8.367824,verte,-11.887762,1
11716,S_NOUN_7_ADJ_b,M,S,le légume avec les miroirs que j' aime beaucoup n' est pas bleu <eos>,12,bleu,bleue,10,M,P,bleu,-8.584968,bleue,-13.15735,1
11717,S_NOUN_7_ADJ_b,M,S,le légume avec les miroirs que j' aime beaucoup n' est pas noir <eos>,12,noir,noire,10,M,P,noir,-6.6613374,noire,-12.2358055,1
11718,S_NOUN_7_ADJ_b,M,S,le légume avec les miroirs que j' aime beaucoup n' est pas délicat <eos>,12,délicat,délicate,10,M,P,délicat,-8.227388,délicate,-12.7836075,1
11719,S_NOUN_7_ADJ_b,M,S,le légume avec les miroirs que j' aime beaucoup n' est pas pointu <eos>,12,pointu,pointue,10,M,P,pointu,-10.367904,pointue,-14.641965,1
11720,S_NOUN_7_ADJ_b,M,S,le légume avec les miroirs que j' aime beaucoup n' est pas rond <eos>,12,rond,ronde,10,M,P,rond,-6.922308,ronde,-12.148633,1
11721,S_NOUN_7_ADJ_b,M,S,le légume avec les miroirs que j' aime beaucoup n' est pas froid <eos>,12,froid,froide,10,M,P,froid,-8.763447,froide,-12.504543,1
11722,S_NOUN_7_ADJ_b,M,S,le légume avec les miroirs que j' aime beaucoup n' est pas chaud <eos>,12,chaud,chaude,10,M,P,chaud,-7.6671114,chaude,-12.265451,1
11723,S_NOUN_7_ADJ_b,M,S,le légume avec les miroirs que j' aime beaucoup n' est pas important <eos>,12,important,importante,10,M,P,important,-7.7429824,importante,-11.12639,1
11724,S_NOUN_7_ADJ_b,M,S,le légume avec les miroirs que j' aime beaucoup n' est pas court <eos>,12,court,courte,10,M,P,court,-10.129969,courte,-13.398428,1
11725,S_NOUN_7_ADJ_b,M,S,le légume avec les miroirs que j' aime beaucoup n' est pas dur <eos>,12,dur,dure,10,M,P,dur,-7.116912,dure,-10.839011,1
11726,S_NOUN_7_ADJ_b,M,S,le légume avec les miroirs que j' aime beaucoup n' est pas clair <eos>,12,clair,claire,10,M,P,clair,-4.99399,claire,-8.658418,1
11727,S_NOUN_7_ADJ_b,M,S,le légume avec les miroirs que j' aime beaucoup n' est pas intéressant <eos>,12,intéressant,intéressante,10,M,P,intéressant,-8.574281,intéressante,-11.8965645,1
11728,S_NOUN_7_ADJ_b,M,S,le légume avec les miroirs que j' aime beaucoup n' est pas brillant <eos>,12,brillant,brillante,10,M,P,brillant,-6.914097,brillante,-11.531786,1
11729,S_NOUN_7_ADJ_b,M,S,le légume avec les miroirs que j' aime beaucoup n' est pas compliqué <eos>,12,compliqué,compliquée,10,M,P,compliqué,-8.841995,compliquée,-13.052476,1
11730,S_NOUN_7_ADJ_b,M,S,le légume avec les crayons que j' aime beaucoup n' est pas vert <eos>,12,vert,verte,10,M,P,vert,-7.746874,verte,-12.534435,1
11731,S_NOUN_7_ADJ_b,M,S,le légume avec les crayons que j' aime beaucoup n' est pas bleu <eos>,12,bleu,bleue,10,M,P,bleu,-8.054719,bleue,-13.343376,1
11732,S_NOUN_7_ADJ_b,M,S,le légume avec les crayons que j' aime beaucoup n' est pas noir <eos>,12,noir,noire,10,M,P,noir,-6.081895,noire,-12.377401,1
11733,S_NOUN_7_ADJ_b,M,S,le légume avec les crayons que j' aime beaucoup n' est pas délicat <eos>,12,délicat,délicate,10,M,P,délicat,-8.076398,délicate,-12.953227,1
11734,S_NOUN_7_ADJ_b,M,S,le légume avec les crayons que j' aime beaucoup n' est pas pointu <eos>,12,pointu,pointue,10,M,P,pointu,-11.383904,pointue,-15.495285,1
11735,S_NOUN_7_ADJ_b,M,S,le légume avec les crayons que j' aime beaucoup n' est pas rond <eos>,12,rond,ronde,10,M,P,rond,-6.890438,ronde,-12.910546,1
11736,S_NOUN_7_ADJ_b,M,S,le légume avec les crayons que j' aime beaucoup n' est pas froid <eos>,12,froid,froide,10,M,P,froid,-8.471062,froide,-12.444595,1
11737,S_NOUN_7_ADJ_b,M,S,le légume avec les crayons que j' aime beaucoup n' est pas chaud <eos>,12,chaud,chaude,10,M,P,chaud,-6.9161105,chaude,-12.430784,1
11738,S_NOUN_7_ADJ_b,M,S,le légume avec les crayons que j' aime beaucoup n' est pas important <eos>,12,important,importante,10,M,P,important,-7.4877396,importante,-10.737407,1
11739,S_NOUN_7_ADJ_b,M,S,le légume avec les crayons que j' aime beaucoup n' est pas court <eos>,12,court,courte,10,M,P,court,-10.158965,courte,-13.908835,1
11740,S_NOUN_7_ADJ_b,M,S,le légume avec les crayons que j' aime beaucoup n' est pas dur <eos>,12,dur,dure,10,M,P,dur,-7.2584147,dure,-10.870197,1
11741,S_NOUN_7_ADJ_b,M,S,le légume avec les crayons que j' aime beaucoup n' est pas clair <eos>,12,clair,claire,10,M,P,clair,-4.807637,claire,-8.880275,1
11742,S_NOUN_7_ADJ_b,M,S,le légume avec les crayons que j' aime beaucoup n' est pas intéressant <eos>,12,intéressant,intéressante,10,M,P,intéressant,-8.294638,intéressante,-11.520771,1
11743,S_NOUN_7_ADJ_b,M,S,le légume avec les crayons que j' aime beaucoup n' est pas brillant <eos>,12,brillant,brillante,10,M,P,brillant,-7.490464,brillante,-11.931346,1
11744,S_NOUN_7_ADJ_b,M,S,le légume avec les crayons que j' aime beaucoup n' est pas compliqué <eos>,12,compliqué,compliquée,10,M,P,compliqué,-9.3198185,compliquée,-13.610744,1
11745,S_NOUN_7_ADJ_b,M,S,le légume avec les rideaux que j' aime beaucoup n' est pas vert <eos>,12,vert,verte,10,M,P,vert,-7.4217024,verte,-11.722952,1
11746,S_NOUN_7_ADJ_b,M,S,le légume avec les rideaux que j' aime beaucoup n' est pas bleu <eos>,12,bleu,bleue,10,M,P,bleu,-7.8341265,bleue,-12.676426,1
11747,S_NOUN_7_ADJ_b,M,S,le légume avec les rideaux que j' aime beaucoup n' est pas noir <eos>,12,noir,noire,10,M,P,noir,-5.7671657,noire,-12.3270645,1
11748,S_NOUN_7_ADJ_b,M,S,le légume avec les rideaux que j' aime beaucoup n' est pas délicat <eos>,12,délicat,délicate,10,M,P,délicat,-8.055917,délicate,-12.674508,1
11749,S_NOUN_7_ADJ_b,M,S,le légume avec les rideaux que j' aime beaucoup n' est pas pointu <eos>,12,pointu,pointue,10,M,P,pointu,-9.738647,pointue,-14.508616,1
11750,S_NOUN_7_ADJ_b,M,S,le légume avec les rideaux que j' aime beaucoup n' est pas rond <eos>,12,rond,ronde,10,M,P,rond,-6.173006,ronde,-11.421597,1
11751,S_NOUN_7_ADJ_b,M,S,le légume avec les rideaux que j' aime beaucoup n' est pas froid <eos>,12,froid,froide,10,M,P,froid,-8.376543,froide,-12.125851,1
11752,S_NOUN_7_ADJ_b,M,S,le légume avec les rideaux que j' aime beaucoup n' est pas chaud <eos>,12,chaud,chaude,10,M,P,chaud,-7.0702457,chaude,-12.527119,1
11753,S_NOUN_7_ADJ_b,M,S,le légume avec les rideaux que j' aime beaucoup n' est pas important <eos>,12,important,importante,10,M,P,important,-7.4545684,importante,-10.937274,1
11754,S_NOUN_7_ADJ_b,M,S,le légume avec les rideaux que j' aime beaucoup n' est pas court <eos>,12,court,courte,10,M,P,court,-8.90246,courte,-12.678817,1
11755,S_NOUN_7_ADJ_b,M,S,le légume avec les rideaux que j' aime beaucoup n' est pas dur <eos>,12,dur,dure,10,M,P,dur,-6.607394,dure,-9.516414,1
11756,S_NOUN_7_ADJ_b,M,S,le légume avec les rideaux que j' aime beaucoup n' est pas clair <eos>,12,clair,claire,10,M,P,clair,-4.778143,claire,-8.74395,1
11757,S_NOUN_7_ADJ_b,M,S,le légume avec les rideaux que j' aime beaucoup n' est pas intéressant <eos>,12,intéressant,intéressante,10,M,P,intéressant,-8.509863,intéressante,-12.111889,1
11758,S_NOUN_7_ADJ_b,M,S,le légume avec les rideaux que j' aime beaucoup n' est pas brillant <eos>,12,brillant,brillante,10,M,P,brillant,-6.721366,brillante,-11.466592,1
11759,S_NOUN_7_ADJ_b,M,S,le légume avec les rideaux que j' aime beaucoup n' est pas compliqué <eos>,12,compliqué,compliquée,10,M,P,compliqué,-8.901228,compliquée,-13.370091,1
11760,S_NOUN_7_ADJ_b,M,S,le légume avec les cahiers que j' aime beaucoup n' est pas vert <eos>,12,vert,verte,10,M,P,vert,-8.665365,verte,-13.276247,1
11761,S_NOUN_7_ADJ_b,M,S,le légume avec les cahiers que j' aime beaucoup n' est pas bleu <eos>,12,bleu,bleue,10,M,P,bleu,-8.815682,bleue,-13.647368,1
11762,S_NOUN_7_ADJ_b,M,S,le légume avec les cahiers que j' aime beaucoup n' est pas noir <eos>,12,noir,noire,10,M,P,noir,-6.7574873,noire,-13.402907,1
11763,S_NOUN_7_ADJ_b,M,S,le légume avec les cahiers que j' aime beaucoup n' est pas délicat <eos>,12,délicat,délicate,10,M,P,délicat,-8.155325,délicate,-13.836466,1
11764,S_NOUN_7_ADJ_b,M,S,le légume avec les cahiers que j' aime beaucoup n' est pas pointu <eos>,12,pointu,pointue,10,M,P,pointu,-11.028881,pointue,-15.450953,1
11765,S_NOUN_7_ADJ_b,M,S,le légume avec les cahiers que j' aime beaucoup n' est pas rond <eos>,12,rond,ronde,10,M,P,rond,-6.887848,ronde,-12.230685,1
11766,S_NOUN_7_ADJ_b,M,S,le légume avec les cahiers que j' aime beaucoup n' est pas froid <eos>,12,froid,froide,10,M,P,froid,-8.174525,froide,-13.004206,1
11767,S_NOUN_7_ADJ_b,M,S,le légume avec les cahiers que j' aime beaucoup n' est pas chaud <eos>,12,chaud,chaude,10,M,P,chaud,-7.272463,chaude,-13.120773,1
11768,S_NOUN_7_ADJ_b,M,S,le légume avec les cahiers que j' aime beaucoup n' est pas important <eos>,12,important,importante,10,M,P,important,-7.5851784,importante,-11.318029,1
11769,S_NOUN_7_ADJ_b,M,S,le légume avec les cahiers que j' aime beaucoup n' est pas court <eos>,12,court,courte,10,M,P,court,-9.574889,courte,-13.469708,1
11770,S_NOUN_7_ADJ_b,M,S,le légume avec les cahiers que j' aime beaucoup n' est pas dur <eos>,12,dur,dure,10,M,P,dur,-7.5292516,dure,-10.922461,1
11771,S_NOUN_7_ADJ_b,M,S,le légume avec les cahiers que j' aime beaucoup n' est pas clair <eos>,12,clair,claire,10,M,P,clair,-4.863327,claire,-9.264431,1
11772,S_NOUN_7_ADJ_b,M,S,le légume avec les cahiers que j' aime beaucoup n' est pas intéressant <eos>,12,intéressant,intéressante,10,M,P,intéressant,-8.013548,intéressante,-11.389307,1
11773,S_NOUN_7_ADJ_b,M,S,le légume avec les cahiers que j' aime beaucoup n' est pas brillant <eos>,12,brillant,brillante,10,M,P,brillant,-7.874715,brillante,-12.589166,1
11774,S_NOUN_7_ADJ_b,M,S,le légume avec les cahiers que j' aime beaucoup n' est pas compliqué <eos>,12,compliqué,compliquée,10,M,P,compliqué,-8.692036,compliquée,-13.213371,1
11775,S_NOUN_7_ADJ_b,M,S,le légume avec les micros que j' aime beaucoup n' est pas vert <eos>,12,vert,verte,10,M,P,vert,-9.308274,verte,-13.17584,1
11776,S_NOUN_7_ADJ_b,M,S,le légume avec les micros que j' aime beaucoup n' est pas bleu <eos>,12,bleu,bleue,10,M,P,bleu,-8.89201,bleue,-13.213072,1
11777,S_NOUN_7_ADJ_b,M,S,le légume avec les micros que j' aime beaucoup n' est pas noir <eos>,12,noir,noire,10,M,P,noir,-6.768201,noire,-12.797963,1
11778,S_NOUN_7_ADJ_b,M,S,le légume avec les micros que j' aime beaucoup n' est pas délicat <eos>,12,délicat,délicate,10,M,P,délicat,-8.633341,délicate,-13.985875,1
11779,S_NOUN_7_ADJ_b,M,S,le légume avec les micros que j' aime beaucoup n' est pas pointu <eos>,12,pointu,pointue,10,M,P,pointu,-10.955547,pointue,-15.980354,1
11780,S_NOUN_7_ADJ_b,M,S,le légume avec les micros que j' aime beaucoup n' est pas rond <eos>,12,rond,ronde,10,M,P,rond,-7.284512,ronde,-12.79829,1
11781,S_NOUN_7_ADJ_b,M,S,le légume avec les micros que j' aime beaucoup n' est pas froid <eos>,12,froid,froide,10,M,P,froid,-9.324207,froide,-13.0143585,1
11782,S_NOUN_7_ADJ_b,M,S,le légume avec les micros que j' aime beaucoup n' est pas chaud <eos>,12,chaud,chaude,10,M,P,chaud,-8.332819,chaude,-12.787,1
11783,S_NOUN_7_ADJ_b,M,S,le légume avec les micros que j' aime beaucoup n' est pas important <eos>,12,important,importante,10,M,P,important,-7.641052,importante,-11.213675,1
11784,S_NOUN_7_ADJ_b,M,S,le légume avec les micros que j' aime beaucoup n' est pas court <eos>,12,court,courte,10,M,P,court,-9.799501,courte,-13.357211,1
11785,S_NOUN_7_ADJ_b,M,S,le légume avec les micros que j' aime beaucoup n' est pas dur <eos>,12,dur,dure,10,M,P,dur,-7.5212045,dure,-10.769861,1
11786,S_NOUN_7_ADJ_b,M,S,le légume avec les micros que j' aime beaucoup n' est pas clair <eos>,12,clair,claire,10,M,P,clair,-4.9864454,claire,-8.647231,1
11787,S_NOUN_7_ADJ_b,M,S,le légume avec les micros que j' aime beaucoup n' est pas intéressant <eos>,12,intéressant,intéressante,10,M,P,intéressant,-8.222212,intéressante,-11.169544,1
11788,S_NOUN_7_ADJ_b,M,S,le légume avec les micros que j' aime beaucoup n' est pas brillant <eos>,12,brillant,brillante,10,M,P,brillant,-8.007779,brillante,-12.42247,1
11789,S_NOUN_7_ADJ_b,M,S,le légume avec les micros que j' aime beaucoup n' est pas compliqué <eos>,12,compliqué,compliquée,10,M,P,compliqué,-9.102465,compliquée,-12.870886,1
11790,S_NOUN_7_ADJ_b,M,S,le légume avec les sacs que j' aime beaucoup n' est pas vert <eos>,12,vert,verte,10,M,P,vert,-8.018874,verte,-12.307133,1
11791,S_NOUN_7_ADJ_b,M,S,le légume avec les sacs que j' aime beaucoup n' est pas bleu <eos>,12,bleu,bleue,10,M,P,bleu,-8.4697895,bleue,-13.089067,1
11792,S_NOUN_7_ADJ_b,M,S,le légume avec les sacs que j' aime beaucoup n' est pas noir <eos>,12,noir,noire,10,M,P,noir,-6.379753,noire,-12.499802,1
11793,S_NOUN_7_ADJ_b,M,S,le légume avec les sacs que j' aime beaucoup n' est pas délicat <eos>,12,délicat,délicate,10,M,P,délicat,-8.191301,délicate,-13.222922,1
11794,S_NOUN_7_ADJ_b,M,S,le légume avec les sacs que j' aime beaucoup n' est pas pointu <eos>,12,pointu,pointue,10,M,P,pointu,-10.70256,pointue,-15.0678625,1
11795,S_NOUN_7_ADJ_b,M,S,le légume avec les sacs que j' aime beaucoup n' est pas rond <eos>,12,rond,ronde,10,M,P,rond,-6.7866983,ronde,-12.311844,1
11796,S_NOUN_7_ADJ_b,M,S,le légume avec les sacs que j' aime beaucoup n' est pas froid <eos>,12,froid,froide,10,M,P,froid,-8.619163,froide,-12.124001,1
11797,S_NOUN_7_ADJ_b,M,S,le légume avec les sacs que j' aime beaucoup n' est pas chaud <eos>,12,chaud,chaude,10,M,P,chaud,-7.236786,chaude,-12.571575,1
11798,S_NOUN_7_ADJ_b,M,S,le légume avec les sacs que j' aime beaucoup n' est pas important <eos>,12,important,importante,10,M,P,important,-7.3914795,importante,-10.982936,1
11799,S_NOUN_7_ADJ_b,M,S,le légume avec les sacs que j' aime beaucoup n' est pas court <eos>,12,court,courte,10,M,P,court,-9.440568,courte,-13.186452,1
11800,S_NOUN_7_ADJ_b,M,S,le légume avec les sacs que j' aime beaucoup n' est pas dur <eos>,12,dur,dure,10,M,P,dur,-6.739832,dure,-10.513544,1
11801,S_NOUN_7_ADJ_b,M,S,le légume avec les sacs que j' aime beaucoup n' est pas clair <eos>,12,clair,claire,10,M,P,clair,-5.225686,claire,-9.138029,1
11802,S_NOUN_7_ADJ_b,M,S,le légume avec les sacs que j' aime beaucoup n' est pas intéressant <eos>,12,intéressant,intéressante,10,M,P,intéressant,-8.290108,intéressante,-11.307177,1
11803,S_NOUN_7_ADJ_b,M,S,le légume avec les sacs que j' aime beaucoup n' est pas brillant <eos>,12,brillant,brillante,10,M,P,brillant,-7.645947,brillante,-12.00811,1
11804,S_NOUN_7_ADJ_b,M,S,le légume avec les sacs que j' aime beaucoup n' est pas compliqué <eos>,12,compliqué,compliquée,10,M,P,compliqué,-8.707386,compliquée,-13.196561,1
11805,S_NOUN_7_ADJ_b,M,S,le légume avec les claviers que j' aime beaucoup n' est pas vert <eos>,12,vert,verte,10,M,P,vert,-9.924128,verte,-13.868313,1
11806,S_NOUN_7_ADJ_b,M,S,le légume avec les claviers que j' aime beaucoup n' est pas bleu <eos>,12,bleu,bleue,10,M,P,bleu,-9.591355,bleue,-13.892736,1
11807,S_NOUN_7_ADJ_b,M,S,le légume avec les claviers que j' aime beaucoup n' est pas noir <eos>,12,noir,noire,10,M,P,noir,-7.3197594,noire,-13.017371,1
11808,S_NOUN_7_ADJ_b,M,S,le légume avec les claviers que j' aime beaucoup n' est pas délicat <eos>,12,délicat,délicate,10,M,P,délicat,-8.487677,délicate,-14.284863,1
11809,S_NOUN_7_ADJ_b,M,S,le légume avec les claviers que j' aime beaucoup n' est pas pointu <eos>,12,pointu,pointue,10,M,P,pointu,-10.960785,pointue,-15.951757,1
11810,S_NOUN_7_ADJ_b,M,S,le légume avec les claviers que j' aime beaucoup n' est pas rond <eos>,12,rond,ronde,10,M,P,rond,-7.5566335,ronde,-12.383221,1
11811,S_NOUN_7_ADJ_b,M,S,le légume avec les claviers que j' aime beaucoup n' est pas froid <eos>,12,froid,froide,10,M,P,froid,-9.38531,froide,-13.308241,1
11812,S_NOUN_7_ADJ_b,M,S,le légume avec les claviers que j' aime beaucoup n' est pas chaud <eos>,12,chaud,chaude,10,M,P,chaud,-8.306399,chaude,-12.813566,1
11813,S_NOUN_7_ADJ_b,M,S,le légume avec les claviers que j' aime beaucoup n' est pas important <eos>,12,important,importante,10,M,P,important,-7.401374,importante,-10.963202,1
11814,S_NOUN_7_ADJ_b,M,S,le légume avec les claviers que j' aime beaucoup n' est pas court <eos>,12,court,courte,10,M,P,court,-9.258444,courte,-12.541988,1
11815,S_NOUN_7_ADJ_b,M,S,le légume avec les claviers que j' aime beaucoup n' est pas dur <eos>,12,dur,dure,10,M,P,dur,-7.7488365,dure,-10.624259,1
11816,S_NOUN_7_ADJ_b,M,S,le légume avec les claviers que j' aime beaucoup n' est pas clair <eos>,12,clair,claire,10,M,P,clair,-5.2949643,claire,-9.203078,1
11817,S_NOUN_7_ADJ_b,M,S,le légume avec les claviers que j' aime beaucoup n' est pas intéressant <eos>,12,intéressant,intéressante,10,M,P,intéressant,-8.209566,intéressante,-11.099584,1
11818,S_NOUN_7_ADJ_b,M,S,le légume avec les claviers que j' aime beaucoup n' est pas brillant <eos>,12,brillant,brillante,10,M,P,brillant,-7.9801445,brillante,-12.268157,1
11819,S_NOUN_7_ADJ_b,M,S,le légume avec les claviers que j' aime beaucoup n' est pas compliqué <eos>,12,compliqué,compliquée,10,M,P,compliqué,-8.714839,compliquée,-12.601741,1
11820,S_NOUN_7_ADJ_b,M,S,le légume avec les raisins que j' aime beaucoup n' est pas vert <eos>,12,vert,verte,10,M,P,vert,-7.846339,verte,-12.42376,1
11821,S_NOUN_7_ADJ_b,M,S,le légume avec les raisins que j' aime beaucoup n' est pas bleu <eos>,12,bleu,bleue,10,M,P,bleu,-8.348104,bleue,-13.339222,1
11822,S_NOUN_7_ADJ_b,M,S,le légume avec les raisins que j' aime beaucoup n' est pas noir <eos>,12,noir,noire,10,M,P,noir,-6.3670616,noire,-12.332632,1
11823,S_NOUN_7_ADJ_b,M,S,le légume avec les raisins que j' aime beaucoup n' est pas délicat <eos>,12,délicat,délicate,10,M,P,délicat,-8.142569,délicate,-12.897545,1
11824,S_NOUN_7_ADJ_b,M,S,le légume avec les raisins que j' aime beaucoup n' est pas pointu <eos>,12,pointu,pointue,10,M,P,pointu,-11.47725,pointue,-15.336774,1
11825,S_NOUN_7_ADJ_b,M,S,le légume avec les raisins que j' aime beaucoup n' est pas rond <eos>,12,rond,ronde,10,M,P,rond,-7.1443787,ronde,-12.67128,1
11826,S_NOUN_7_ADJ_b,M,S,le légume avec les raisins que j' aime beaucoup n' est pas froid <eos>,12,froid,froide,10,M,P,froid,-8.082561,froide,-11.815498,1
11827,S_NOUN_7_ADJ_b,M,S,le légume avec les raisins que j' aime beaucoup n' est pas chaud <eos>,12,chaud,chaude,10,M,P,chaud,-6.829583,chaude,-11.610213,1
11828,S_NOUN_7_ADJ_b,M,S,le légume avec les raisins que j' aime beaucoup n' est pas important <eos>,12,important,importante,10,M,P,important,-7.518147,importante,-10.567942,1
11829,S_NOUN_7_ADJ_b,M,S,le légume avec les raisins que j' aime beaucoup n' est pas court <eos>,12,court,courte,10,M,P,court,-9.788091,courte,-13.623754,1
11830,S_NOUN_7_ADJ_b,M,S,le légume avec les raisins que j' aime beaucoup n' est pas dur <eos>,12,dur,dure,10,M,P,dur,-7.435585,dure,-10.337755,1
11831,S_NOUN_7_ADJ_b,M,S,le légume avec les raisins que j' aime beaucoup n' est pas clair <eos>,12,clair,claire,10,M,P,clair,-4.613333,claire,-8.585304,1
11832,S_NOUN_7_ADJ_b,M,S,le légume avec les raisins que j' aime beaucoup n' est pas intéressant <eos>,12,intéressant,intéressante,10,M,P,intéressant,-8.681206,intéressante,-11.6694145,1
11833,S_NOUN_7_ADJ_b,M,S,le légume avec les raisins que j' aime beaucoup n' est pas brillant <eos>,12,brillant,brillante,10,M,P,brillant,-8.126301,brillante,-12.204117,1
11834,S_NOUN_7_ADJ_b,M,S,le légume avec les raisins que j' aime beaucoup n' est pas compliqué <eos>,12,compliqué,compliquée,10,M,P,compliqué,-8.878155,compliquée,-13.643566,1
11835,S_NOUN_7_ADJ_b,M,S,le légume avec les chargeurs que j' aime beaucoup n' est pas vert <eos>,12,vert,verte,10,M,P,vert,-8.98357,verte,-12.73459,1
11836,S_NOUN_7_ADJ_b,M,S,le légume avec les chargeurs que j' aime beaucoup n' est pas bleu <eos>,12,bleu,bleue,10,M,P,bleu,-9.46695,bleue,-14.239804,1
11837,S_NOUN_7_ADJ_b,M,S,le légume avec les chargeurs que j' aime beaucoup n' est pas noir <eos>,12,noir,noire,10,M,P,noir,-7.3269105,noire,-12.999355,1
11838,S_NOUN_7_ADJ_b,M,S,le légume avec les chargeurs que j' aime beaucoup n' est pas délicat <eos>,12,délicat,délicate,10,M,P,délicat,-8.23978,délicate,-13.778417,1
11839,S_NOUN_7_ADJ_b,M,S,le légume avec les chargeurs que j' aime beaucoup n' est pas pointu <eos>,12,pointu,pointue,10,M,P,pointu,-10.342695,pointue,-14.740042,1
11840,S_NOUN_7_ADJ_b,M,S,le légume avec les chargeurs que j' aime beaucoup n' est pas rond <eos>,12,rond,ronde,10,M,P,rond,-7.620093,ronde,-11.812401,1
11841,S_NOUN_7_ADJ_b,M,S,le légume avec les chargeurs que j' aime beaucoup n' est pas froid <eos>,12,froid,froide,10,M,P,froid,-8.759839,froide,-13.153196,1
11842,S_NOUN_7_ADJ_b,M,S,le légume avec les chargeurs que j' aime beaucoup n' est pas chaud <eos>,12,chaud,chaude,10,M,P,chaud,-8.025622,chaude,-13.175995,1
11843,S_NOUN_7_ADJ_b,M,S,le légume avec les chargeurs que j' aime beaucoup n' est pas important <eos>,12,important,importante,10,M,P,important,-7.289998,importante,-10.513002,1
11844,S_NOUN_7_ADJ_b,M,S,le légume avec les chargeurs que j' aime beaucoup n' est pas court <eos>,12,court,courte,10,M,P,court,-9.179872,courte,-12.736342,1
11845,S_NOUN_7_ADJ_b,M,S,le légume avec les chargeurs que j' aime beaucoup n' est pas dur <eos>,12,dur,dure,10,M,P,dur,-7.9821606,dure,-11.624485,1
11846,S_NOUN_7_ADJ_b,M,S,le légume avec les chargeurs que j' aime beaucoup n' est pas clair <eos>,12,clair,claire,10,M,P,clair,-5.876089,claire,-9.681646,1
11847,S_NOUN_7_ADJ_b,M,S,le légume avec les chargeurs que j' aime beaucoup n' est pas intéressant <eos>,12,intéressant,intéressante,10,M,P,intéressant,-8.193234,intéressante,-11.259776,1
11848,S_NOUN_7_ADJ_b,M,S,le légume avec les chargeurs que j' aime beaucoup n' est pas brillant <eos>,12,brillant,brillante,10,M,P,brillant,-7.9447036,brillante,-12.81245,1
11849,S_NOUN_7_ADJ_b,M,S,le légume avec les chargeurs que j' aime beaucoup n' est pas compliqué <eos>,12,compliqué,compliquée,10,M,P,compliqué,-8.765106,compliquée,-13.238589,1
11850,S_NOUN_7_ADJ_b,M,S,le légume avec les vases que j' aime beaucoup n' est pas vert <eos>,12,vert,verte,10,M,P,vert,-8.339775,verte,-12.492598,1
11851,S_NOUN_7_ADJ_b,M,S,le légume avec les vases que j' aime beaucoup n' est pas bleu <eos>,12,bleu,bleue,10,M,P,bleu,-8.409164,bleue,-13.008888,1
11852,S_NOUN_7_ADJ_b,M,S,le légume avec les vases que j' aime beaucoup n' est pas noir <eos>,12,noir,noire,10,M,P,noir,-6.5051975,noire,-12.662855,1
11853,S_NOUN_7_ADJ_b,M,S,le légume avec les vases que j' aime beaucoup n' est pas délicat <eos>,12,délicat,délicate,10,M,P,délicat,-8.731711,délicate,-13.393348,1
11854,S_NOUN_7_ADJ_b,M,S,le légume avec les vases que j' aime beaucoup n' est pas pointu <eos>,12,pointu,pointue,10,M,P,pointu,-11.132813,pointue,-15.39328,1
11855,S_NOUN_7_ADJ_b,M,S,le légume avec les vases que j' aime beaucoup n' est pas rond <eos>,12,rond,ronde,10,M,P,rond,-6.8492537,ronde,-12.010741,1
11856,S_NOUN_7_ADJ_b,M,S,le légume avec les vases que j' aime beaucoup n' est pas froid <eos>,12,froid,froide,10,M,P,froid,-8.60238,froide,-12.288727,1
11857,S_NOUN_7_ADJ_b,M,S,le légume avec les vases que j' aime beaucoup n' est pas chaud <eos>,12,chaud,chaude,10,M,P,chaud,-7.5934815,chaude,-12.317522,1
11858,S_NOUN_7_ADJ_b,M,S,le légume avec les vases que j' aime beaucoup n' est pas important <eos>,12,important,importante,10,M,P,important,-7.391582,importante,-10.782007,1
11859,S_NOUN_7_ADJ_b,M,S,le légume avec les vases que j' aime beaucoup n' est pas court <eos>,12,court,courte,10,M,P,court,-9.92778,courte,-13.434824,1
11860,S_NOUN_7_ADJ_b,M,S,le légume avec les vases que j' aime beaucoup n' est pas dur <eos>,12,dur,dure,10,M,P,dur,-7.8487077,dure,-10.959791,1
11861,S_NOUN_7_ADJ_b,M,S,le légume avec les vases que j' aime beaucoup n' est pas clair <eos>,12,clair,claire,10,M,P,clair,-4.8289847,claire,-8.4521,1
11862,S_NOUN_7_ADJ_b,M,S,le légume avec les vases que j' aime beaucoup n' est pas intéressant <eos>,12,intéressant,intéressante,10,M,P,intéressant,-8.82405,intéressante,-11.909227,1
11863,S_NOUN_7_ADJ_b,M,S,le légume avec les vases que j' aime beaucoup n' est pas brillant <eos>,12,brillant,brillante,10,M,P,brillant,-7.635334,brillante,-11.756795,1
11864,S_NOUN_7_ADJ_b,M,S,le légume avec les vases que j' aime beaucoup n' est pas compliqué <eos>,12,compliqué,compliquée,10,M,P,compliqué,-8.994726,compliquée,-13.276503,1
11865,S_NOUN_7_ADJ_b,M,S,le légume avec les paniers que j' aime beaucoup n' est pas vert <eos>,12,vert,verte,10,M,P,vert,-8.161846,verte,-12.554514,1
11866,S_NOUN_7_ADJ_b,M,S,le légume avec les paniers que j' aime beaucoup n' est pas bleu <eos>,12,bleu,bleue,10,M,P,bleu,-8.692668,bleue,-13.504773,1
11867,S_NOUN_7_ADJ_b,M,S,le légume avec les paniers que j' aime beaucoup n' est pas noir <eos>,12,noir,noire,10,M,P,noir,-6.7317696,noire,-12.743087,1
11868,S_NOUN_7_ADJ_b,M,S,le légume avec les paniers que j' aime beaucoup n' est pas délicat <eos>,12,délicat,délicate,10,M,P,délicat,-7.7082086,délicate,-12.936193,1
11869,S_NOUN_7_ADJ_b,M,S,le légume avec les paniers que j' aime beaucoup n' est pas pointu <eos>,12,pointu,pointue,10,M,P,pointu,-10.135775,pointue,-14.579329,1
11870,S_NOUN_7_ADJ_b,M,S,le légume avec les paniers que j' aime beaucoup n' est pas rond <eos>,12,rond,ronde,10,M,P,rond,-6.477539,ronde,-11.717421,1
11871,S_NOUN_7_ADJ_b,M,S,le légume avec les paniers que j' aime beaucoup n' est pas froid <eos>,12,froid,froide,10,M,P,froid,-8.465672,froide,-12.810678,1
11872,S_NOUN_7_ADJ_b,M,S,le légume avec les paniers que j' aime beaucoup n' est pas chaud <eos>,12,chaud,chaude,10,M,P,chaud,-7.524234,chaude,-13.196939,1
11873,S_NOUN_7_ADJ_b,M,S,le légume avec les paniers que j' aime beaucoup n' est pas important <eos>,12,important,importante,10,M,P,important,-7.331624,importante,-10.680212,1
11874,S_NOUN_7_ADJ_b,M,S,le légume avec les paniers que j' aime beaucoup n' est pas court <eos>,12,court,courte,10,M,P,court,-8.987774,courte,-12.676436,1
11875,S_NOUN_7_ADJ_b,M,S,le légume avec les paniers que j' aime beaucoup n' est pas dur <eos>,12,dur,dure,10,M,P,dur,-6.853926,dure,-10.479233,1
11876,S_NOUN_7_ADJ_b,M,S,le légume avec les paniers que j' aime beaucoup n' est pas clair <eos>,12,clair,claire,10,M,P,clair,-5.1762857,claire,-8.995073,1
11877,S_NOUN_7_ADJ_b,M,S,le légume avec les paniers que j' aime beaucoup n' est pas intéressant <eos>,12,intéressant,intéressante,10,M,P,intéressant,-8.358096,intéressante,-11.557246,1
11878,S_NOUN_7_ADJ_b,M,S,le légume avec les paniers que j' aime beaucoup n' est pas brillant <eos>,12,brillant,brillante,10,M,P,brillant,-7.4308267,brillante,-11.9625,1
11879,S_NOUN_7_ADJ_b,M,S,le légume avec les paniers que j' aime beaucoup n' est pas compliqué <eos>,12,compliqué,compliquée,10,M,P,compliqué,-8.477998,compliquée,-12.866388,1
11880,S_NOUN_7_ADJ_b,M,S,le légume avec les colliers que j' aime beaucoup n' est pas vert <eos>,12,vert,verte,10,M,P,vert,-7.968639,verte,-11.932526,1
11881,S_NOUN_7_ADJ_b,M,S,le légume avec les colliers que j' aime beaucoup n' est pas bleu <eos>,12,bleu,bleue,10,M,P,bleu,-8.107353,bleue,-12.782285,1
11882,S_NOUN_7_ADJ_b,M,S,le légume avec les colliers que j' aime beaucoup n' est pas noir <eos>,12,noir,noire,10,M,P,noir,-6.232214,noire,-12.055857,1
11883,S_NOUN_7_ADJ_b,M,S,le légume avec les colliers que j' aime beaucoup n' est pas délicat <eos>,12,délicat,délicate,10,M,P,délicat,-7.9295545,délicate,-12.88238,1
11884,S_NOUN_7_ADJ_b,M,S,le légume avec les colliers que j' aime beaucoup n' est pas pointu <eos>,12,pointu,pointue,10,M,P,pointu,-9.927938,pointue,-14.6891575,1
11885,S_NOUN_7_ADJ_b,M,S,le légume avec les colliers que j' aime beaucoup n' est pas rond <eos>,12,rond,ronde,10,M,P,rond,-6.559503,ronde,-11.893604,1
11886,S_NOUN_7_ADJ_b,M,S,le légume avec les colliers que j' aime beaucoup n' est pas froid <eos>,12,froid,froide,10,M,P,froid,-8.363818,froide,-12.591287,1
11887,S_NOUN_7_ADJ_b,M,S,le légume avec les colliers que j' aime beaucoup n' est pas chaud <eos>,12,chaud,chaude,10,M,P,chaud,-7.410399,chaude,-13.272217,1
11888,S_NOUN_7_ADJ_b,M,S,le légume avec les colliers que j' aime beaucoup n' est pas important <eos>,12,important,importante,10,M,P,important,-7.7204666,importante,-11.2499485,1
11889,S_NOUN_7_ADJ_b,M,S,le légume avec les colliers que j' aime beaucoup n' est pas court <eos>,12,court,courte,10,M,P,court,-9.153725,courte,-13.043982,1
11890,S_NOUN_7_ADJ_b,M,S,le légume avec les colliers que j' aime beaucoup n' est pas dur <eos>,12,dur,dure,10,M,P,dur,-6.790774,dure,-10.793688,1
11891,S_NOUN_7_ADJ_b,M,S,le légume avec les colliers que j' aime beaucoup n' est pas clair <eos>,12,clair,claire,10,M,P,clair,-5.0793815,claire,-8.922058,1
11892,S_NOUN_7_ADJ_b,M,S,le légume avec les colliers que j' aime beaucoup n' est pas intéressant <eos>,12,intéressant,intéressante,10,M,P,intéressant,-8.293114,intéressante,-12.027393,1
11893,S_NOUN_7_ADJ_b,M,S,le légume avec les colliers que j' aime beaucoup n' est pas brillant <eos>,12,brillant,brillante,10,M,P,brillant,-6.822128,brillante,-11.500483,1
11894,S_NOUN_7_ADJ_b,M,S,le légume avec les colliers que j' aime beaucoup n' est pas compliqué <eos>,12,compliqué,compliquée,10,M,P,compliqué,-8.311398,compliquée,-12.738902,1
11895,S_NOUN_7_ADJ_b,M,S,le légume avec les chapeaux que j' aime beaucoup n' est pas vert <eos>,12,vert,verte,10,M,P,vert,-8.090912,verte,-12.571311,1
11896,S_NOUN_7_ADJ_b,M,S,le légume avec les chapeaux que j' aime beaucoup n' est pas bleu <eos>,12,bleu,bleue,10,M,P,bleu,-8.350178,bleue,-13.220917,1
11897,S_NOUN_7_ADJ_b,M,S,le légume avec les chapeaux que j' aime beaucoup n' est pas noir <eos>,12,noir,noire,10,M,P,noir,-6.2610736,noire,-12.438679,1
11898,S_NOUN_7_ADJ_b,M,S,le légume avec les chapeaux que j' aime beaucoup n' est pas délicat <eos>,12,délicat,délicate,10,M,P,délicat,-7.9292793,délicate,-13.393282,1
11899,S_NOUN_7_ADJ_b,M,S,le légume avec les chapeaux que j' aime beaucoup n' est pas pointu <eos>,12,pointu,pointue,10,M,P,pointu,-10.624615,pointue,-15.152744,1
11900,S_NOUN_7_ADJ_b,M,S,le légume avec les chapeaux que j' aime beaucoup n' est pas rond <eos>,12,rond,ronde,10,M,P,rond,-6.810454,ronde,-11.844709,1
11901,S_NOUN_7_ADJ_b,M,S,le légume avec les chapeaux que j' aime beaucoup n' est pas froid <eos>,12,froid,froide,10,M,P,froid,-7.8175497,froide,-12.3261175,1
11902,S_NOUN_7_ADJ_b,M,S,le légume avec les chapeaux que j' aime beaucoup n' est pas chaud <eos>,12,chaud,chaude,10,M,P,chaud,-7.0699735,chaude,-12.777639,1
11903,S_NOUN_7_ADJ_b,M,S,le légume avec les chapeaux que j' aime beaucoup n' est pas important <eos>,12,important,importante,10,M,P,important,-7.6251774,importante,-11.215357,1
11904,S_NOUN_7_ADJ_b,M,S,le légume avec les chapeaux que j' aime beaucoup n' est pas court <eos>,12,court,courte,10,M,P,court,-9.492708,courte,-13.5262575,1
11905,S_NOUN_7_ADJ_b,M,S,le légume avec les chapeaux que j' aime beaucoup n' est pas dur <eos>,12,dur,dure,10,M,P,dur,-7.204649,dure,-10.662769,1
11906,S_NOUN_7_ADJ_b,M,S,le légume avec les chapeaux que j' aime beaucoup n' est pas clair <eos>,12,clair,claire,10,M,P,clair,-5.102381,claire,-9.1519785,1
11907,S_NOUN_7_ADJ_b,M,S,le légume avec les chapeaux que j' aime beaucoup n' est pas intéressant <eos>,12,intéressant,intéressante,10,M,P,intéressant,-8.365592,intéressante,-11.964525,1
11908,S_NOUN_7_ADJ_b,M,S,le légume avec les chapeaux que j' aime beaucoup n' est pas brillant <eos>,12,brillant,brillante,10,M,P,brillant,-7.675708,brillante,-12.319951,1
11909,S_NOUN_7_ADJ_b,M,S,le légume avec les chapeaux que j' aime beaucoup n' est pas compliqué <eos>,12,compliqué,compliquée,10,M,P,compliqué,-8.797438,compliquée,-13.305398,1
11910,S_NOUN_7_ADJ_b,M,S,le légume avec les pots que j' aime beaucoup n' est pas vert <eos>,12,vert,verte,10,M,P,vert,-8.003766,verte,-12.656697,1
11911,S_NOUN_7_ADJ_b,M,S,le légume avec les pots que j' aime beaucoup n' est pas bleu <eos>,12,bleu,bleue,10,M,P,bleu,-8.531935,bleue,-13.550295,1
11912,S_NOUN_7_ADJ_b,M,S,le légume avec les pots que j' aime beaucoup n' est pas noir <eos>,12,noir,noire,10,M,P,noir,-6.6027994,noire,-12.685687,1
11913,S_NOUN_7_ADJ_b,M,S,le légume avec les pots que j' aime beaucoup n' est pas délicat <eos>,12,délicat,délicate,10,M,P,délicat,-7.9197245,délicate,-13.419265,1
11914,S_NOUN_7_ADJ_b,M,S,le légume avec les pots que j' aime beaucoup n' est pas pointu <eos>,12,pointu,pointue,10,M,P,pointu,-10.914935,pointue,-15.347609,1
11915,S_NOUN_7_ADJ_b,M,S,le légume avec les pots que j' aime beaucoup n' est pas rond <eos>,12,rond,ronde,10,M,P,rond,-7.007728,ronde,-12.136576,1
11916,S_NOUN_7_ADJ_b,M,S,le légume avec les pots que j' aime beaucoup n' est pas froid <eos>,12,froid,froide,10,M,P,froid,-7.9280777,froide,-12.250406,1
11917,S_NOUN_7_ADJ_b,M,S,le légume avec les pots que j' aime beaucoup n' est pas chaud <eos>,12,chaud,chaude,10,M,P,chaud,-6.824251,chaude,-12.393461,1
11918,S_NOUN_7_ADJ_b,M,S,le légume avec les pots que j' aime beaucoup n' est pas important <eos>,12,important,importante,10,M,P,important,-7.7256045,importante,-11.344879,1
11919,S_NOUN_7_ADJ_b,M,S,le légume avec les pots que j' aime beaucoup n' est pas court <eos>,12,court,courte,10,M,P,court,-9.892199,courte,-13.680157,1
11920,S_NOUN_7_ADJ_b,M,S,le légume avec les pots que j' aime beaucoup n' est pas dur <eos>,12,dur,dure,10,M,P,dur,-7.0485487,dure,-10.532399,1
11921,S_NOUN_7_ADJ_b,M,S,le légume avec les pots que j' aime beaucoup n' est pas clair <eos>,12,clair,claire,10,M,P,clair,-5.0647016,claire,-9.133531,1
11922,S_NOUN_7_ADJ_b,M,S,le légume avec les pots que j' aime beaucoup n' est pas intéressant <eos>,12,intéressant,intéressante,10,M,P,intéressant,-8.666302,intéressante,-11.954603,1
11923,S_NOUN_7_ADJ_b,M,S,le légume avec les pots que j' aime beaucoup n' est pas brillant <eos>,12,brillant,brillante,10,M,P,brillant,-7.625553,brillante,-12.38623,1
11924,S_NOUN_7_ADJ_b,M,S,le légume avec les pots que j' aime beaucoup n' est pas compliqué <eos>,12,compliqué,compliquée,10,M,P,compliqué,-8.757284,compliquée,-13.298299,1
11925,S_NOUN_7_ADJ_b,M,S,le légume avec les coussins que j' aime beaucoup n' est pas vert <eos>,12,vert,verte,10,M,P,vert,-7.6167645,verte,-11.575172,1
11926,S_NOUN_7_ADJ_b,M,S,le légume avec les coussins que j' aime beaucoup n' est pas bleu <eos>,12,bleu,bleue,10,M,P,bleu,-8.13044,bleue,-12.0837755,1
11927,S_NOUN_7_ADJ_b,M,S,le légume avec les coussins que j' aime beaucoup n' est pas noir <eos>,12,noir,noire,10,M,P,noir,-6.2214193,noire,-11.944086,1
11928,S_NOUN_7_ADJ_b,M,S,le légume avec les coussins que j' aime beaucoup n' est pas délicat <eos>,12,délicat,délicate,10,M,P,délicat,-8.2429495,délicate,-12.55451,1
11929,S_NOUN_7_ADJ_b,M,S,le légume avec les coussins que j' aime beaucoup n' est pas pointu <eos>,12,pointu,pointue,10,M,P,pointu,-10.219555,pointue,-14.668396,1
11930,S_NOUN_7_ADJ_b,M,S,le légume avec les coussins que j' aime beaucoup n' est pas rond <eos>,12,rond,ronde,10,M,P,rond,-6.1289024,ronde,-11.677779,1
11931,S_NOUN_7_ADJ_b,M,S,le légume avec les coussins que j' aime beaucoup n' est pas froid <eos>,12,froid,froide,10,M,P,froid,-7.903982,froide,-11.365744,1
11932,S_NOUN_7_ADJ_b,M,S,le légume avec les coussins que j' aime beaucoup n' est pas chaud <eos>,12,chaud,chaude,10,M,P,chaud,-6.5607233,chaude,-11.928503,1
11933,S_NOUN_7_ADJ_b,M,S,le légume avec les coussins que j' aime beaucoup n' est pas important <eos>,12,important,importante,10,M,P,important,-7.815541,importante,-11.054991,1
11934,S_NOUN_7_ADJ_b,M,S,le légume avec les coussins que j' aime beaucoup n' est pas court <eos>,12,court,courte,10,M,P,court,-9.227184,courte,-12.780227,1
11935,S_NOUN_7_ADJ_b,M,S,le légume avec les coussins que j' aime beaucoup n' est pas dur <eos>,12,dur,dure,10,M,P,dur,-6.828268,dure,-10.086879,1
11936,S_NOUN_7_ADJ_b,M,S,le légume avec les coussins que j' aime beaucoup n' est pas clair <eos>,12,clair,claire,10,M,P,clair,-5.091052,claire,-8.11818,1
11937,S_NOUN_7_ADJ_b,M,S,le légume avec les coussins que j' aime beaucoup n' est pas intéressant <eos>,12,intéressant,intéressante,10,M,P,intéressant,-9.07693,intéressante,-11.786569,1
11938,S_NOUN_7_ADJ_b,M,S,le légume avec les coussins que j' aime beaucoup n' est pas brillant <eos>,12,brillant,brillante,10,M,P,brillant,-7.4242945,brillante,-11.747491,1
11939,S_NOUN_7_ADJ_b,M,S,le légume avec les coussins que j' aime beaucoup n' est pas compliqué <eos>,12,compliqué,compliquée,10,M,P,compliqué,-9.075878,compliquée,-12.585948,1
11940,S_NOUN_7_ADJ_b,M,S,le légume avec les jouets que j' aime beaucoup n' est pas vert <eos>,12,vert,verte,10,M,P,vert,-8.80171,verte,-12.597668,1
11941,S_NOUN_7_ADJ_b,M,S,le légume avec les jouets que j' aime beaucoup n' est pas bleu <eos>,12,bleu,bleue,10,M,P,bleu,-8.911779,bleue,-13.108562,1
11942,S_NOUN_7_ADJ_b,M,S,le légume avec les jouets que j' aime beaucoup n' est pas noir <eos>,12,noir,noire,10,M,P,noir,-6.5788383,noire,-12.130255,1
11943,S_NOUN_7_ADJ_b,M,S,le légume avec les jouets que j' aime beaucoup n' est pas délicat <eos>,12,délicat,délicate,10,M,P,délicat,-9.133519,délicate,-13.894389,1
11944,S_NOUN_7_ADJ_b,M,S,le légume avec les jouets que j' aime beaucoup n' est pas pointu <eos>,12,pointu,pointue,10,M,P,pointu,-11.3464775,pointue,-15.694035,1
11945,S_NOUN_7_ADJ_b,M,S,le légume avec les jouets que j' aime beaucoup n' est pas rond <eos>,12,rond,ronde,10,M,P,rond,-7.2656765,ronde,-12.284873,1
11946,S_NOUN_7_ADJ_b,M,S,le légume avec les jouets que j' aime beaucoup n' est pas froid <eos>,12,froid,froide,10,M,P,froid,-8.461411,froide,-11.98497,1
11947,S_NOUN_7_ADJ_b,M,S,le légume avec les jouets que j' aime beaucoup n' est pas chaud <eos>,12,chaud,chaude,10,M,P,chaud,-7.674676,chaude,-12.4657545,1
11948,S_NOUN_7_ADJ_b,M,S,le légume avec les jouets que j' aime beaucoup n' est pas important <eos>,12,important,importante,10,M,P,important,-7.781,importante,-11.070178,1
11949,S_NOUN_7_ADJ_b,M,S,le légume avec les jouets que j' aime beaucoup n' est pas court <eos>,12,court,courte,10,M,P,court,-9.785364,courte,-13.477385,1
11950,S_NOUN_7_ADJ_b,M,S,le légume avec les jouets que j' aime beaucoup n' est pas dur <eos>,12,dur,dure,10,M,P,dur,-7.7085867,dure,-10.639837,1
11951,S_NOUN_7_ADJ_b,M,S,le légume avec les jouets que j' aime beaucoup n' est pas clair <eos>,12,clair,claire,10,M,P,clair,-5.608872,claire,-8.915033,1
11952,S_NOUN_7_ADJ_b,M,S,le légume avec les jouets que j' aime beaucoup n' est pas intéressant <eos>,12,intéressant,intéressante,10,M,P,intéressant,-8.618017,intéressante,-11.384179,1
11953,S_NOUN_7_ADJ_b,M,S,le légume avec les jouets que j' aime beaucoup n' est pas brillant <eos>,12,brillant,brillante,10,M,P,brillant,-8.449325,brillante,-12.37548,1
11954,S_NOUN_7_ADJ_b,M,S,le légume avec les jouets que j' aime beaucoup n' est pas compliqué <eos>,12,compliqué,compliquée,10,M,P,compliqué,-9.2285795,compliquée,-12.775779,1
11955,S_NOUN_7_ADJ_b,M,S,le légume avec les clous que j' aime beaucoup n' est pas vert <eos>,12,vert,verte,10,M,P,vert,-8.139595,verte,-12.869064,1
11956,S_NOUN_7_ADJ_b,M,S,le légume avec les clous que j' aime beaucoup n' est pas bleu <eos>,12,bleu,bleue,10,M,P,bleu,-8.760443,bleue,-14.191363,1
11957,S_NOUN_7_ADJ_b,M,S,le légume avec les clous que j' aime beaucoup n' est pas noir <eos>,12,noir,noire,10,M,P,noir,-6.761875,noire,-12.691197,1
11958,S_NOUN_7_ADJ_b,M,S,le légume avec les clous que j' aime beaucoup n' est pas délicat <eos>,12,délicat,délicate,10,M,P,délicat,-7.674463,délicate,-12.3781185,1
11959,S_NOUN_7_ADJ_b,M,S,le légume avec les clous que j' aime beaucoup n' est pas pointu <eos>,12,pointu,pointue,10,M,P,pointu,-10.3391075,pointue,-14.724893,1
11960,S_NOUN_7_ADJ_b,M,S,le légume avec les clous que j' aime beaucoup n' est pas rond <eos>,12,rond,ronde,10,M,P,rond,-6.098418,ronde,-11.9943,1
11961,S_NOUN_7_ADJ_b,M,S,le légume avec les clous que j' aime beaucoup n' est pas froid <eos>,12,froid,froide,10,M,P,froid,-8.313108,froide,-12.539764,1
11962,S_NOUN_7_ADJ_b,M,S,le légume avec les clous que j' aime beaucoup n' est pas chaud <eos>,12,chaud,chaude,10,M,P,chaud,-7.2259283,chaude,-12.638296,1
11963,S_NOUN_7_ADJ_b,M,S,le légume avec les clous que j' aime beaucoup n' est pas important <eos>,12,important,importante,10,M,P,important,-7.3215156,importante,-10.756931,1
11964,S_NOUN_7_ADJ_b,M,S,le légume avec les clous que j' aime beaucoup n' est pas court <eos>,12,court,courte,10,M,P,court,-9.056019,courte,-13.051835,1
11965,S_NOUN_7_ADJ_b,M,S,le légume avec les clous que j' aime beaucoup n' est pas dur <eos>,12,dur,dure,10,M,P,dur,-6.70153,dure,-10.2214,1
11966,S_NOUN_7_ADJ_b,M,S,le légume avec les clous que j' aime beaucoup n' est pas clair <eos>,12,clair,claire,10,M,P,clair,-5.3055644,claire,-9.07366,1
11967,S_NOUN_7_ADJ_b,M,S,le légume avec les clous que j' aime beaucoup n' est pas intéressant <eos>,12,intéressant,intéressante,10,M,P,intéressant,-8.567837,intéressante,-12.08276,1
11968,S_NOUN_7_ADJ_b,M,S,le légume avec les clous que j' aime beaucoup n' est pas brillant <eos>,12,brillant,brillante,10,M,P,brillant,-7.5982647,brillante,-12.884123,1
11969,S_NOUN_7_ADJ_b,M,S,le légume avec les clous que j' aime beaucoup n' est pas compliqué <eos>,12,compliqué,compliquée,10,M,P,compliqué,-8.596015,compliquée,-13.062522,1
11970,S_NOUN_7_ADJ_b,M,S,le légume avec les billets que j' aime beaucoup n' est pas vert <eos>,12,vert,verte,10,M,P,vert,-8.6039295,verte,-12.558601,1
11971,S_NOUN_7_ADJ_b,M,S,le légume avec les billets que j' aime beaucoup n' est pas bleu <eos>,12,bleu,bleue,10,M,P,bleu,-8.478044,bleue,-13.104497,1
11972,S_NOUN_7_ADJ_b,M,S,le légume avec les billets que j' aime beaucoup n' est pas noir <eos>,12,noir,noire,10,M,P,noir,-6.2686043,noire,-12.515445,1
11973,S_NOUN_7_ADJ_b,M,S,le légume avec les billets que j' aime beaucoup n' est pas délicat <eos>,12,délicat,délicate,10,M,P,délicat,-8.845172,délicate,-14.426571,1
11974,S_NOUN_7_ADJ_b,M,S,le légume avec les billets que j' aime beaucoup n' est pas pointu <eos>,12,pointu,pointue,10,M,P,pointu,-10.971819,pointue,-15.872005,1
11975,S_NOUN_7_ADJ_b,M,S,le légume avec les billets que j' aime beaucoup n' est pas rond <eos>,12,rond,ronde,10,M,P,rond,-6.9591804,ronde,-11.831276,1
11976,S_NOUN_7_ADJ_b,M,S,le légume avec les billets que j' aime beaucoup n' est pas froid <eos>,12,froid,froide,10,M,P,froid,-8.6614,froide,-12.246814,1
11977,S_NOUN_7_ADJ_b,M,S,le légume avec les billets que j' aime beaucoup n' est pas chaud <eos>,12,chaud,chaude,10,M,P,chaud,-7.8052683,chaude,-12.518706,1
11978,S_NOUN_7_ADJ_b,M,S,le légume avec les billets que j' aime beaucoup n' est pas important <eos>,12,important,importante,10,M,P,important,-7.4704475,importante,-11.180346,1
11979,S_NOUN_7_ADJ_b,M,S,le légume avec les billets que j' aime beaucoup n' est pas court <eos>,12,court,courte,10,M,P,court,-9.174067,courte,-13.47327,1
11980,S_NOUN_7_ADJ_b,M,S,le légume avec les billets que j' aime beaucoup n' est pas dur <eos>,12,dur,dure,10,M,P,dur,-7.6420574,dure,-11.067827,1
11981,S_NOUN_7_ADJ_b,M,S,le légume avec les billets que j' aime beaucoup n' est pas clair <eos>,12,clair,claire,10,M,P,clair,-5.3456774,claire,-9.453487,1
11982,S_NOUN_7_ADJ_b,M,S,le légume avec les billets que j' aime beaucoup n' est pas intéressant <eos>,12,intéressant,intéressante,10,M,P,intéressant,-8.56335,intéressante,-11.757612,1
11983,S_NOUN_7_ADJ_b,M,S,le légume avec les billets que j' aime beaucoup n' est pas brillant <eos>,12,brillant,brillante,10,M,P,brillant,-8.479019,brillante,-12.502349,1
11984,S_NOUN_7_ADJ_b,M,S,le légume avec les billets que j' aime beaucoup n' est pas compliqué <eos>,12,compliqué,compliquée,10,M,P,compliqué,-9.040096,compliquée,-14.061527,1
11985,S_NOUN_7_ADJ_b,M,S,le légume avec les légumes que j' aime beaucoup n' est pas vert <eos>,12,vert,verte,10,M,P,vert,-8.2468,verte,-12.411428,1
11986,S_NOUN_7_ADJ_b,M,S,le légume avec les légumes que j' aime beaucoup n' est pas bleu <eos>,12,bleu,bleue,10,M,P,bleu,-8.931828,bleue,-13.627684,1
11987,S_NOUN_7_ADJ_b,M,S,le légume avec les légumes que j' aime beaucoup n' est pas noir <eos>,12,noir,noire,10,M,P,noir,-6.8400955,noire,-12.758081,1
11988,S_NOUN_7_ADJ_b,M,S,le légume avec les légumes que j' aime beaucoup n' est pas délicat <eos>,12,délicat,délicate,10,M,P,délicat,-7.6839247,délicate,-12.917615,1
11989,S_NOUN_7_ADJ_b,M,S,le légume avec les légumes que j' aime beaucoup n' est pas pointu <eos>,12,pointu,pointue,10,M,P,pointu,-10.772508,pointue,-15.252101,1
11990,S_NOUN_7_ADJ_b,M,S,le légume avec les légumes que j' aime beaucoup n' est pas rond <eos>,12,rond,ronde,10,M,P,rond,-7.4086733,ronde,-11.840978,1
11991,S_NOUN_7_ADJ_b,M,S,le légume avec les légumes que j' aime beaucoup n' est pas froid <eos>,12,froid,froide,10,M,P,froid,-8.171533,froide,-12.006898,1
11992,S_NOUN_7_ADJ_b,M,S,le légume avec les légumes que j' aime beaucoup n' est pas chaud <eos>,12,chaud,chaude,10,M,P,chaud,-7.076346,chaude,-12.230352,1
11993,S_NOUN_7_ADJ_b,M,S,le légume avec les légumes que j' aime beaucoup n' est pas important <eos>,12,important,importante,10,M,P,important,-7.526931,importante,-10.761699,1
11994,S_NOUN_7_ADJ_b,M,S,le légume avec les légumes que j' aime beaucoup n' est pas court <eos>,12,court,courte,10,M,P,court,-9.645078,courte,-13.237845,1
11995,S_NOUN_7_ADJ_b,M,S,le légume avec les légumes que j' aime beaucoup n' est pas dur <eos>,12,dur,dure,10,M,P,dur,-6.9819083,dure,-10.777519,1
11996,S_NOUN_7_ADJ_b,M,S,le légume avec les légumes que j' aime beaucoup n' est pas clair <eos>,12,clair,claire,10,M,P,clair,-5.325726,claire,-8.925108,1
11997,S_NOUN_7_ADJ_b,M,S,le légume avec les légumes que j' aime beaucoup n' est pas intéressant <eos>,12,intéressant,intéressante,10,M,P,intéressant,-8.412634,intéressante,-10.974087,1
11998,S_NOUN_7_ADJ_b,M,S,le légume avec les légumes que j' aime beaucoup n' est pas brillant <eos>,12,brillant,brillante,10,M,P,brillant,-7.861483,brillante,-12.550961,1
11999,S_NOUN_7_ADJ_b,M,S,le légume avec les légumes que j' aime beaucoup n' est pas compliqué <eos>,12,compliqué,compliquée,10,M,P,compliqué,-8.65267,compliquée,-12.981744,1
