,Paradigm,Gen,Num,Sent,Eval,Corr,Wrong,Dist,Attr_Gen,Attr_Num,corr_word,corr_prob,wrong_word,wrong_prob,answer
0,P_NOUN_8_PASS_b,F,P,les gemmes avec la gemme que j' aime beaucoup ne sont probablement pas achetées <eos>,13,achetées,achetés,11,F,S,achetées,-10.243906,achetés,-9.963625,0
1,P_NOUN_8_PASS_b,F,P,les gemmes avec la gemme que j' aime beaucoup ne sont probablement pas brisées <eos>,13,brisées,brisés,11,F,S,brisées,-8.992819,brisés,-12.611649,1
2,P_NOUN_8_PASS_b,F,P,les gemmes avec la gemme que j' aime beaucoup ne sont probablement pas cachées <eos>,13,cachées,cachés,11,F,S,cachées,-7.4315424,cachés,-8.800026,1
3,P_NOUN_8_PASS_b,F,P,les gemmes avec la gemme que j' aime beaucoup ne sont probablement pas cassées <eos>,13,cassées,cassés,11,F,S,cassées,-8.896979,cassés,-10.050401,1
4,P_NOUN_8_PASS_b,F,P,les gemmes avec la gemme que j' aime beaucoup ne sont probablement pas couvertes <eos>,13,couvertes,couverts,11,F,S,couvertes,-7.9453144,couverts,-8.4676285,1
5,P_NOUN_8_PASS_b,F,P,les gemmes avec la gemme que j' aime beaucoup ne sont probablement pas déformées <eos>,13,déformées,déformés,11,F,S,déformées,-8.296082,déformés,-12.958134,1
6,P_NOUN_8_PASS_b,F,P,les gemmes avec la gemme que j' aime beaucoup ne sont probablement pas fixées <eos>,13,fixées,fixés,11,F,S,fixées,-8.295718,fixés,-9.565325,1
7,P_NOUN_8_PASS_b,F,P,les gemmes avec la gemme que j' aime beaucoup ne sont probablement pas jetées <eos>,13,jetées,jetés,11,F,S,jetées,-8.633494,jetés,-9.72068,1
8,P_NOUN_8_PASS_b,F,P,les gemmes avec la gemme que j' aime beaucoup ne sont probablement pas laissées <eos>,13,laissées,laissés,11,F,S,laissées,-7.622646,laissés,-9.726784,1
9,P_NOUN_8_PASS_b,F,P,les gemmes avec la gemme que j' aime beaucoup ne sont probablement pas ouvertes <eos>,13,ouvertes,ouverts,11,F,S,ouvertes,-8.445869,ouverts,-10.050159,1
10,P_NOUN_8_PASS_b,F,P,les gemmes avec la gemme que j' aime beaucoup ne sont probablement pas perdues <eos>,13,perdues,perdus,11,F,S,perdues,-7.295812,perdus,-8.529312,1
11,P_NOUN_8_PASS_b,F,P,les gemmes avec la gemme que j' aime beaucoup ne sont probablement pas réparées <eos>,13,réparées,réparés,11,F,S,réparées,-9.7502985,réparés,-11.855522,1
12,P_NOUN_8_PASS_b,F,P,les gemmes avec la gemme que j' aime beaucoup ne sont probablement pas retirées <eos>,13,retirées,retirés,11,F,S,retirées,-8.668323,retirés,-10.216156,1
13,P_NOUN_8_PASS_b,F,P,les gemmes avec la gemme que j' aime beaucoup ne sont probablement pas tombées <eos>,13,tombées,tombés,11,F,S,tombées,-7.15695,tombés,-7.836462,1
14,P_NOUN_8_PASS_b,F,P,les gemmes avec la gemme que j' aime beaucoup ne sont probablement pas utilisées <eos>,13,utilisées,utilisés,11,F,S,utilisées,-5.4609084,utilisés,-6.618426,1
15,P_NOUN_8_PASS_b,F,P,les gemmes avec la chaise que j' aime beaucoup ne sont probablement pas achetées <eos>,13,achetées,achetés,11,F,S,achetées,-10.62732,achetés,-10.240285,0
16,P_NOUN_8_PASS_b,F,P,les gemmes avec la chaise que j' aime beaucoup ne sont probablement pas brisées <eos>,13,brisées,brisés,11,F,S,brisées,-8.494839,brisés,-12.033108,1
17,P_NOUN_8_PASS_b,F,P,les gemmes avec la chaise que j' aime beaucoup ne sont probablement pas cachées <eos>,13,cachées,cachés,11,F,S,cachées,-7.35324,cachés,-9.14191,1
18,P_NOUN_8_PASS_b,F,P,les gemmes avec la chaise que j' aime beaucoup ne sont probablement pas cassées <eos>,13,cassées,cassés,11,F,S,cassées,-8.427811,cassés,-9.61907,1
19,P_NOUN_8_PASS_b,F,P,les gemmes avec la chaise que j' aime beaucoup ne sont probablement pas couvertes <eos>,13,couvertes,couverts,11,F,S,couvertes,-7.8658867,couverts,-8.807121,1
20,P_NOUN_8_PASS_b,F,P,les gemmes avec la chaise que j' aime beaucoup ne sont probablement pas déformées <eos>,13,déformées,déformés,11,F,S,déformées,-7.6604967,déformés,-12.592799,1
21,P_NOUN_8_PASS_b,F,P,les gemmes avec la chaise que j' aime beaucoup ne sont probablement pas fixées <eos>,13,fixées,fixés,11,F,S,fixées,-7.6167336,fixés,-9.280844,1
22,P_NOUN_8_PASS_b,F,P,les gemmes avec la chaise que j' aime beaucoup ne sont probablement pas jetées <eos>,13,jetées,jetés,11,F,S,jetées,-8.516158,jetés,-9.877964,1
23,P_NOUN_8_PASS_b,F,P,les gemmes avec la chaise que j' aime beaucoup ne sont probablement pas laissées <eos>,13,laissées,laissés,11,F,S,laissées,-7.5318995,laissés,-10.080716,1
24,P_NOUN_8_PASS_b,F,P,les gemmes avec la chaise que j' aime beaucoup ne sont probablement pas ouvertes <eos>,13,ouvertes,ouverts,11,F,S,ouvertes,-8.101917,ouverts,-10.083334,1
25,P_NOUN_8_PASS_b,F,P,les gemmes avec la chaise que j' aime beaucoup ne sont probablement pas perdues <eos>,13,perdues,perdus,11,F,S,perdues,-7.3747478,perdus,-8.589556,1
26,P_NOUN_8_PASS_b,F,P,les gemmes avec la chaise que j' aime beaucoup ne sont probablement pas réparées <eos>,13,réparées,réparés,11,F,S,réparées,-9.479227,réparés,-12.482182,1
27,P_NOUN_8_PASS_b,F,P,les gemmes avec la chaise que j' aime beaucoup ne sont probablement pas retirées <eos>,13,retirées,retirés,11,F,S,retirées,-8.457015,retirés,-10.294551,1
28,P_NOUN_8_PASS_b,F,P,les gemmes avec la chaise que j' aime beaucoup ne sont probablement pas tombées <eos>,13,tombées,tombés,11,F,S,tombées,-7.7148657,tombés,-8.872637,1
29,P_NOUN_8_PASS_b,F,P,les gemmes avec la chaise que j' aime beaucoup ne sont probablement pas utilisées <eos>,13,utilisées,utilisés,11,F,S,utilisées,-5.1673536,utilisés,-6.469124,1
30,P_NOUN_8_PASS_b,F,P,les gemmes avec la poubelle que j' aime beaucoup ne sont probablement pas achetées <eos>,13,achetées,achetés,11,F,S,achetées,-10.568034,achetés,-9.858377,0
31,P_NOUN_8_PASS_b,F,P,les gemmes avec la poubelle que j' aime beaucoup ne sont probablement pas brisées <eos>,13,brisées,brisés,11,F,S,brisées,-8.818369,brisés,-12.531754,1
32,P_NOUN_8_PASS_b,F,P,les gemmes avec la poubelle que j' aime beaucoup ne sont probablement pas cachées <eos>,13,cachées,cachés,11,F,S,cachées,-7.1370783,cachés,-8.421307,1
33,P_NOUN_8_PASS_b,F,P,les gemmes avec la poubelle que j' aime beaucoup ne sont probablement pas cassées <eos>,13,cassées,cassés,11,F,S,cassées,-8.822346,cassés,-10.048389,1
34,P_NOUN_8_PASS_b,F,P,les gemmes avec la poubelle que j' aime beaucoup ne sont probablement pas couvertes <eos>,13,couvertes,couverts,11,F,S,couvertes,-7.958067,couverts,-8.982309,1
35,P_NOUN_8_PASS_b,F,P,les gemmes avec la poubelle que j' aime beaucoup ne sont probablement pas déformées <eos>,13,déformées,déformés,11,F,S,déformées,-8.091167,déformés,-12.874599,1
36,P_NOUN_8_PASS_b,F,P,les gemmes avec la poubelle que j' aime beaucoup ne sont probablement pas fixées <eos>,13,fixées,fixés,11,F,S,fixées,-8.137003,fixés,-9.634695,1
37,P_NOUN_8_PASS_b,F,P,les gemmes avec la poubelle que j' aime beaucoup ne sont probablement pas jetées <eos>,13,jetées,jetés,11,F,S,jetées,-8.381394,jetés,-9.6719055,1
38,P_NOUN_8_PASS_b,F,P,les gemmes avec la poubelle que j' aime beaucoup ne sont probablement pas laissées <eos>,13,laissées,laissés,11,F,S,laissées,-7.7746205,laissés,-9.888746,1
39,P_NOUN_8_PASS_b,F,P,les gemmes avec la poubelle que j' aime beaucoup ne sont probablement pas ouvertes <eos>,13,ouvertes,ouverts,11,F,S,ouvertes,-8.18347,ouverts,-9.928293,1
40,P_NOUN_8_PASS_b,F,P,les gemmes avec la poubelle que j' aime beaucoup ne sont probablement pas perdues <eos>,13,perdues,perdus,11,F,S,perdues,-7.2828836,perdus,-8.580873,1
41,P_NOUN_8_PASS_b,F,P,les gemmes avec la poubelle que j' aime beaucoup ne sont probablement pas réparées <eos>,13,réparées,réparés,11,F,S,réparées,-9.3179035,réparés,-12.295196,1
42,P_NOUN_8_PASS_b,F,P,les gemmes avec la poubelle que j' aime beaucoup ne sont probablement pas retirées <eos>,13,retirées,retirés,11,F,S,retirées,-8.39986,retirés,-10.372597,1
43,P_NOUN_8_PASS_b,F,P,les gemmes avec la poubelle que j' aime beaucoup ne sont probablement pas tombées <eos>,13,tombées,tombés,11,F,S,tombées,-7.436451,tombés,-8.402265,1
44,P_NOUN_8_PASS_b,F,P,les gemmes avec la poubelle que j' aime beaucoup ne sont probablement pas utilisées <eos>,13,utilisées,utilisés,11,F,S,utilisées,-5.2647114,utilisés,-6.598777,1
45,P_NOUN_8_PASS_b,F,P,les gemmes avec la chemise que j' aime beaucoup ne sont probablement pas achetées <eos>,13,achetées,achetés,11,F,S,achetées,-10.746736,achetés,-10.490201,0
46,P_NOUN_8_PASS_b,F,P,les gemmes avec la chemise que j' aime beaucoup ne sont probablement pas brisées <eos>,13,brisées,brisés,11,F,S,brisées,-8.763775,brisés,-12.462161,1
47,P_NOUN_8_PASS_b,F,P,les gemmes avec la chemise que j' aime beaucoup ne sont probablement pas cachées <eos>,13,cachées,cachés,11,F,S,cachées,-7.1175838,cachés,-8.733799,1
48,P_NOUN_8_PASS_b,F,P,les gemmes avec la chemise que j' aime beaucoup ne sont probablement pas cassées <eos>,13,cassées,cassés,11,F,S,cassées,-8.516145,cassés,-10.053555,1
49,P_NOUN_8_PASS_b,F,P,les gemmes avec la chemise que j' aime beaucoup ne sont probablement pas couvertes <eos>,13,couvertes,couverts,11,F,S,couvertes,-7.6854033,couverts,-8.906428,1
50,P_NOUN_8_PASS_b,F,P,les gemmes avec la chemise que j' aime beaucoup ne sont probablement pas déformées <eos>,13,déformées,déformés,11,F,S,déformées,-8.107035,déformés,-13.0528145,1
51,P_NOUN_8_PASS_b,F,P,les gemmes avec la chemise que j' aime beaucoup ne sont probablement pas fixées <eos>,13,fixées,fixés,11,F,S,fixées,-7.996329,fixés,-9.702505,1
52,P_NOUN_8_PASS_b,F,P,les gemmes avec la chemise que j' aime beaucoup ne sont probablement pas jetées <eos>,13,jetées,jetés,11,F,S,jetées,-8.390682,jetés,-9.935591,1
53,P_NOUN_8_PASS_b,F,P,les gemmes avec la chemise que j' aime beaucoup ne sont probablement pas laissées <eos>,13,laissées,laissés,11,F,S,laissées,-7.979829,laissés,-10.153484,1
54,P_NOUN_8_PASS_b,F,P,les gemmes avec la chemise que j' aime beaucoup ne sont probablement pas ouvertes <eos>,13,ouvertes,ouverts,11,F,S,ouvertes,-8.051076,ouverts,-10.048632,1
55,P_NOUN_8_PASS_b,F,P,les gemmes avec la chemise que j' aime beaucoup ne sont probablement pas perdues <eos>,13,perdues,perdus,11,F,S,perdues,-7.642701,perdus,-8.833373,1
56,P_NOUN_8_PASS_b,F,P,les gemmes avec la chemise que j' aime beaucoup ne sont probablement pas réparées <eos>,13,réparées,réparés,11,F,S,réparées,-9.790986,réparés,-12.323059,1
57,P_NOUN_8_PASS_b,F,P,les gemmes avec la chemise que j' aime beaucoup ne sont probablement pas retirées <eos>,13,retirées,retirés,11,F,S,retirées,-8.631813,retirés,-10.210766,1
58,P_NOUN_8_PASS_b,F,P,les gemmes avec la chemise que j' aime beaucoup ne sont probablement pas tombées <eos>,13,tombées,tombés,11,F,S,tombées,-7.589216,tombés,-7.8470726,1
59,P_NOUN_8_PASS_b,F,P,les gemmes avec la chemise que j' aime beaucoup ne sont probablement pas utilisées <eos>,13,utilisées,utilisés,11,F,S,utilisées,-5.0643854,utilisés,-6.3451853,1
60,P_NOUN_8_PASS_b,F,P,les gemmes avec la recette que j' aime beaucoup ne sont probablement pas achetées <eos>,13,achetées,achetés,11,F,S,achetées,-10.657306,achetés,-9.9325,0
61,P_NOUN_8_PASS_b,F,P,les gemmes avec la recette que j' aime beaucoup ne sont probablement pas brisées <eos>,13,brisées,brisés,11,F,S,brisées,-9.634842,brisés,-13.519329,1
62,P_NOUN_8_PASS_b,F,P,les gemmes avec la recette que j' aime beaucoup ne sont probablement pas cachées <eos>,13,cachées,cachés,11,F,S,cachées,-8.198391,cachés,-9.421127,1
63,P_NOUN_8_PASS_b,F,P,les gemmes avec la recette que j' aime beaucoup ne sont probablement pas cassées <eos>,13,cassées,cassés,11,F,S,cassées,-9.658412,cassés,-10.287857,1
64,P_NOUN_8_PASS_b,F,P,les gemmes avec la recette que j' aime beaucoup ne sont probablement pas couvertes <eos>,13,couvertes,couverts,11,F,S,couvertes,-8.019548,couverts,-8.607284,1
65,P_NOUN_8_PASS_b,F,P,les gemmes avec la recette que j' aime beaucoup ne sont probablement pas déformées <eos>,13,déformées,déformés,11,F,S,déformées,-8.629219,déformés,-13.500736,1
66,P_NOUN_8_PASS_b,F,P,les gemmes avec la recette que j' aime beaucoup ne sont probablement pas fixées <eos>,13,fixées,fixés,11,F,S,fixées,-8.490963,fixés,-9.947243,1
67,P_NOUN_8_PASS_b,F,P,les gemmes avec la recette que j' aime beaucoup ne sont probablement pas jetées <eos>,13,jetées,jetés,11,F,S,jetées,-9.556977,jetés,-11.235476,1
68,P_NOUN_8_PASS_b,F,P,les gemmes avec la recette que j' aime beaucoup ne sont probablement pas laissées <eos>,13,laissées,laissés,11,F,S,laissées,-7.7834444,laissés,-10.666181,1
69,P_NOUN_8_PASS_b,F,P,les gemmes avec la recette que j' aime beaucoup ne sont probablement pas ouvertes <eos>,13,ouvertes,ouverts,11,F,S,ouvertes,-8.198004,ouverts,-9.975569,1
70,P_NOUN_8_PASS_b,F,P,les gemmes avec la recette que j' aime beaucoup ne sont probablement pas perdues <eos>,13,perdues,perdus,11,F,S,perdues,-7.5978847,perdus,-9.089731,1
71,P_NOUN_8_PASS_b,F,P,les gemmes avec la recette que j' aime beaucoup ne sont probablement pas réparées <eos>,13,réparées,réparés,11,F,S,réparées,-9.748205,réparés,-12.580795,1
72,P_NOUN_8_PASS_b,F,P,les gemmes avec la recette que j' aime beaucoup ne sont probablement pas retirées <eos>,13,retirées,retirés,11,F,S,retirées,-8.937972,retirés,-10.525854,1
73,P_NOUN_8_PASS_b,F,P,les gemmes avec la recette que j' aime beaucoup ne sont probablement pas tombées <eos>,13,tombées,tombés,11,F,S,tombées,-7.8816814,tombés,-8.996359,1
74,P_NOUN_8_PASS_b,F,P,les gemmes avec la recette que j' aime beaucoup ne sont probablement pas utilisées <eos>,13,utilisées,utilisés,11,F,S,utilisées,-5.1952,utilisés,-6.6164255,1
75,P_NOUN_8_PASS_b,F,P,les gemmes avec la jupe que j' aime beaucoup ne sont probablement pas achetées <eos>,13,achetées,achetés,11,F,S,achetées,-10.793819,achetés,-10.447702,0
76,P_NOUN_8_PASS_b,F,P,les gemmes avec la jupe que j' aime beaucoup ne sont probablement pas brisées <eos>,13,brisées,brisés,11,F,S,brisées,-8.935043,brisés,-12.593624,1
77,P_NOUN_8_PASS_b,F,P,les gemmes avec la jupe que j' aime beaucoup ne sont probablement pas cachées <eos>,13,cachées,cachés,11,F,S,cachées,-7.7458477,cachés,-9.385617,1
78,P_NOUN_8_PASS_b,F,P,les gemmes avec la jupe que j' aime beaucoup ne sont probablement pas cassées <eos>,13,cassées,cassés,11,F,S,cassées,-8.551041,cassés,-9.916255,1
79,P_NOUN_8_PASS_b,F,P,les gemmes avec la jupe que j' aime beaucoup ne sont probablement pas couvertes <eos>,13,couvertes,couverts,11,F,S,couvertes,-7.5971127,couverts,-8.667027,1
80,P_NOUN_8_PASS_b,F,P,les gemmes avec la jupe que j' aime beaucoup ne sont probablement pas déformées <eos>,13,déformées,déformés,11,F,S,déformées,-7.5814657,déformés,-12.753708,1
81,P_NOUN_8_PASS_b,F,P,les gemmes avec la jupe que j' aime beaucoup ne sont probablement pas fixées <eos>,13,fixées,fixés,11,F,S,fixées,-7.768271,fixés,-9.635937,1
82,P_NOUN_8_PASS_b,F,P,les gemmes avec la jupe que j' aime beaucoup ne sont probablement pas jetées <eos>,13,jetées,jetés,11,F,S,jetées,-8.821605,jetés,-10.382549,1
83,P_NOUN_8_PASS_b,F,P,les gemmes avec la jupe que j' aime beaucoup ne sont probablement pas laissées <eos>,13,laissées,laissés,11,F,S,laissées,-7.762226,laissés,-10.496541,1
84,P_NOUN_8_PASS_b,F,P,les gemmes avec la jupe que j' aime beaucoup ne sont probablement pas ouvertes <eos>,13,ouvertes,ouverts,11,F,S,ouvertes,-7.897762,ouverts,-9.762709,1
85,P_NOUN_8_PASS_b,F,P,les gemmes avec la jupe que j' aime beaucoup ne sont probablement pas perdues <eos>,13,perdues,perdus,11,F,S,perdues,-7.9391813,perdus,-9.238849,1
86,P_NOUN_8_PASS_b,F,P,les gemmes avec la jupe que j' aime beaucoup ne sont probablement pas réparées <eos>,13,réparées,réparés,11,F,S,réparées,-9.429659,réparés,-12.516636,1
87,P_NOUN_8_PASS_b,F,P,les gemmes avec la jupe que j' aime beaucoup ne sont probablement pas retirées <eos>,13,retirées,retirés,11,F,S,retirées,-8.560133,retirés,-10.563139,1
88,P_NOUN_8_PASS_b,F,P,les gemmes avec la jupe que j' aime beaucoup ne sont probablement pas tombées <eos>,13,tombées,tombés,11,F,S,tombées,-7.7631006,tombés,-8.849594,1
89,P_NOUN_8_PASS_b,F,P,les gemmes avec la jupe que j' aime beaucoup ne sont probablement pas utilisées <eos>,13,utilisées,utilisés,11,F,S,utilisées,-5.1109924,utilisés,-6.579542,1
90,P_NOUN_8_PASS_b,F,P,les gemmes avec la colle que j' aime beaucoup ne sont probablement pas achetées <eos>,13,achetées,achetés,11,F,S,achetées,-10.454752,achetés,-9.639584,0
91,P_NOUN_8_PASS_b,F,P,les gemmes avec la colle que j' aime beaucoup ne sont probablement pas brisées <eos>,13,brisées,brisés,11,F,S,brisées,-8.845282,brisés,-12.567917,1
92,P_NOUN_8_PASS_b,F,P,les gemmes avec la colle que j' aime beaucoup ne sont probablement pas cachées <eos>,13,cachées,cachés,11,F,S,cachées,-7.9654813,cachés,-8.846132,1
93,P_NOUN_8_PASS_b,F,P,les gemmes avec la colle que j' aime beaucoup ne sont probablement pas cassées <eos>,13,cassées,cassés,11,F,S,cassées,-8.5231,cassés,-9.671181,1
94,P_NOUN_8_PASS_b,F,P,les gemmes avec la colle que j' aime beaucoup ne sont probablement pas couvertes <eos>,13,couvertes,couverts,11,F,S,couvertes,-7.8631043,couverts,-8.656015,1
95,P_NOUN_8_PASS_b,F,P,les gemmes avec la colle que j' aime beaucoup ne sont probablement pas déformées <eos>,13,déformées,déformés,11,F,S,déformées,-7.908859,déformés,-13.25911,1
96,P_NOUN_8_PASS_b,F,P,les gemmes avec la colle que j' aime beaucoup ne sont probablement pas fixées <eos>,13,fixées,fixés,11,F,S,fixées,-8.189522,fixés,-9.686003,1
97,P_NOUN_8_PASS_b,F,P,les gemmes avec la colle que j' aime beaucoup ne sont probablement pas jetées <eos>,13,jetées,jetés,11,F,S,jetées,-8.596809,jetés,-9.688597,1
98,P_NOUN_8_PASS_b,F,P,les gemmes avec la colle que j' aime beaucoup ne sont probablement pas laissées <eos>,13,laissées,laissés,11,F,S,laissées,-7.3971186,laissés,-10.077405,1
99,P_NOUN_8_PASS_b,F,P,les gemmes avec la colle que j' aime beaucoup ne sont probablement pas ouvertes <eos>,13,ouvertes,ouverts,11,F,S,ouvertes,-8.406047,ouverts,-9.981008,1
100,P_NOUN_8_PASS_b,F,P,les gemmes avec la colle que j' aime beaucoup ne sont probablement pas perdues <eos>,13,perdues,perdus,11,F,S,perdues,-7.381557,perdus,-8.56747,1
101,P_NOUN_8_PASS_b,F,P,les gemmes avec la colle que j' aime beaucoup ne sont probablement pas réparées <eos>,13,réparées,réparés,11,F,S,réparées,-9.502066,réparés,-12.204643,1
102,P_NOUN_8_PASS_b,F,P,les gemmes avec la colle que j' aime beaucoup ne sont probablement pas retirées <eos>,13,retirées,retirés,11,F,S,retirées,-8.417752,retirés,-9.97984,1
103,P_NOUN_8_PASS_b,F,P,les gemmes avec la colle que j' aime beaucoup ne sont probablement pas tombées <eos>,13,tombées,tombés,11,F,S,tombées,-7.5534844,tombés,-8.575062,1
104,P_NOUN_8_PASS_b,F,P,les gemmes avec la colle que j' aime beaucoup ne sont probablement pas utilisées <eos>,13,utilisées,utilisés,11,F,S,utilisées,-4.895683,utilisés,-6.255136,1
105,P_NOUN_8_PASS_b,F,P,les gemmes avec la lampe que j' aime beaucoup ne sont probablement pas achetées <eos>,13,achetées,achetés,11,F,S,achetées,-10.740016,achetés,-10.283846,0
106,P_NOUN_8_PASS_b,F,P,les gemmes avec la lampe que j' aime beaucoup ne sont probablement pas brisées <eos>,13,brisées,brisés,11,F,S,brisées,-8.442703,brisés,-12.367483,1
107,P_NOUN_8_PASS_b,F,P,les gemmes avec la lampe que j' aime beaucoup ne sont probablement pas cachées <eos>,13,cachées,cachés,11,F,S,cachées,-7.1849117,cachés,-8.5381975,1
108,P_NOUN_8_PASS_b,F,P,les gemmes avec la lampe que j' aime beaucoup ne sont probablement pas cassées <eos>,13,cassées,cassés,11,F,S,cassées,-8.66551,cassés,-10.176228,1
109,P_NOUN_8_PASS_b,F,P,les gemmes avec la lampe que j' aime beaucoup ne sont probablement pas couvertes <eos>,13,couvertes,couverts,11,F,S,couvertes,-7.918817,couverts,-9.222143,1
110,P_NOUN_8_PASS_b,F,P,les gemmes avec la lampe que j' aime beaucoup ne sont probablement pas déformées <eos>,13,déformées,déformés,11,F,S,déformées,-7.300851,déformés,-12.377484,1
111,P_NOUN_8_PASS_b,F,P,les gemmes avec la lampe que j' aime beaucoup ne sont probablement pas fixées <eos>,13,fixées,fixés,11,F,S,fixées,-7.876196,fixés,-9.540991,1
112,P_NOUN_8_PASS_b,F,P,les gemmes avec la lampe que j' aime beaucoup ne sont probablement pas jetées <eos>,13,jetées,jetés,11,F,S,jetées,-7.850337,jetés,-9.30081,1
113,P_NOUN_8_PASS_b,F,P,les gemmes avec la lampe que j' aime beaucoup ne sont probablement pas laissées <eos>,13,laissées,laissés,11,F,S,laissées,-7.8479643,laissés,-10.217356,1
114,P_NOUN_8_PASS_b,F,P,les gemmes avec la lampe que j' aime beaucoup ne sont probablement pas ouvertes <eos>,13,ouvertes,ouverts,11,F,S,ouvertes,-8.029591,ouverts,-9.945534,1
115,P_NOUN_8_PASS_b,F,P,les gemmes avec la lampe que j' aime beaucoup ne sont probablement pas perdues <eos>,13,perdues,perdus,11,F,S,perdues,-7.0060663,perdus,-8.462397,1
116,P_NOUN_8_PASS_b,F,P,les gemmes avec la lampe que j' aime beaucoup ne sont probablement pas réparées <eos>,13,réparées,réparés,11,F,S,réparées,-9.158975,réparés,-12.074985,1
117,P_NOUN_8_PASS_b,F,P,les gemmes avec la lampe que j' aime beaucoup ne sont probablement pas retirées <eos>,13,retirées,retirés,11,F,S,retirées,-8.1635065,retirés,-10.180829,1
118,P_NOUN_8_PASS_b,F,P,les gemmes avec la lampe que j' aime beaucoup ne sont probablement pas tombées <eos>,13,tombées,tombés,11,F,S,tombées,-7.216858,tombés,-8.745951,1
119,P_NOUN_8_PASS_b,F,P,les gemmes avec la lampe que j' aime beaucoup ne sont probablement pas utilisées <eos>,13,utilisées,utilisés,11,F,S,utilisées,-4.8754435,utilisés,-6.390956,1
120,P_NOUN_8_PASS_b,F,P,les gemmes avec la bouteille que j' aime beaucoup ne sont probablement pas achetées <eos>,13,achetées,achetés,11,F,S,achetées,-10.043945,achetés,-9.790188,0
121,P_NOUN_8_PASS_b,F,P,les gemmes avec la bouteille que j' aime beaucoup ne sont probablement pas brisées <eos>,13,brisées,brisés,11,F,S,brisées,-9.141403,brisés,-12.872593,1
122,P_NOUN_8_PASS_b,F,P,les gemmes avec la bouteille que j' aime beaucoup ne sont probablement pas cachées <eos>,13,cachées,cachés,11,F,S,cachées,-7.9101167,cachés,-9.029543,1
123,P_NOUN_8_PASS_b,F,P,les gemmes avec la bouteille que j' aime beaucoup ne sont probablement pas cassées <eos>,13,cassées,cassés,11,F,S,cassées,-8.813553,cassés,-10.036936,1
124,P_NOUN_8_PASS_b,F,P,les gemmes avec la bouteille que j' aime beaucoup ne sont probablement pas couvertes <eos>,13,couvertes,couverts,11,F,S,couvertes,-7.9670897,couverts,-8.790215,1
125,P_NOUN_8_PASS_b,F,P,les gemmes avec la bouteille que j' aime beaucoup ne sont probablement pas déformées <eos>,13,déformées,déformés,11,F,S,déformées,-8.130376,déformés,-13.158397,1
126,P_NOUN_8_PASS_b,F,P,les gemmes avec la bouteille que j' aime beaucoup ne sont probablement pas fixées <eos>,13,fixées,fixés,11,F,S,fixées,-8.727322,fixés,-9.800278,1
127,P_NOUN_8_PASS_b,F,P,les gemmes avec la bouteille que j' aime beaucoup ne sont probablement pas jetées <eos>,13,jetées,jetés,11,F,S,jetées,-9.273077,jetés,-10.0889435,1
128,P_NOUN_8_PASS_b,F,P,les gemmes avec la bouteille que j' aime beaucoup ne sont probablement pas laissées <eos>,13,laissées,laissés,11,F,S,laissées,-7.1982393,laissés,-10.221612,1
129,P_NOUN_8_PASS_b,F,P,les gemmes avec la bouteille que j' aime beaucoup ne sont probablement pas ouvertes <eos>,13,ouvertes,ouverts,11,F,S,ouvertes,-8.085389,ouverts,-9.660719,1
130,P_NOUN_8_PASS_b,F,P,les gemmes avec la bouteille que j' aime beaucoup ne sont probablement pas perdues <eos>,13,perdues,perdus,11,F,S,perdues,-7.410947,perdus,-8.507586,1
131,P_NOUN_8_PASS_b,F,P,les gemmes avec la bouteille que j' aime beaucoup ne sont probablement pas réparées <eos>,13,réparées,réparés,11,F,S,réparées,-9.274445,réparés,-12.306924,1
132,P_NOUN_8_PASS_b,F,P,les gemmes avec la bouteille que j' aime beaucoup ne sont probablement pas retirées <eos>,13,retirées,retirés,11,F,S,retirées,-8.450784,retirés,-10.396931,1
133,P_NOUN_8_PASS_b,F,P,les gemmes avec la bouteille que j' aime beaucoup ne sont probablement pas tombées <eos>,13,tombées,tombés,11,F,S,tombées,-7.7572317,tombés,-8.850948,1
134,P_NOUN_8_PASS_b,F,P,les gemmes avec la bouteille que j' aime beaucoup ne sont probablement pas utilisées <eos>,13,utilisées,utilisés,11,F,S,utilisées,-5.3832808,utilisés,-6.7777643,1
135,P_NOUN_8_PASS_b,F,P,les gemmes avec la boisson que j' aime beaucoup ne sont probablement pas achetées <eos>,13,achetées,achetés,11,F,S,achetées,-10.396412,achetés,-9.56632,0
136,P_NOUN_8_PASS_b,F,P,les gemmes avec la boisson que j' aime beaucoup ne sont probablement pas brisées <eos>,13,brisées,brisés,11,F,S,brisées,-9.423077,brisés,-13.272199,1
137,P_NOUN_8_PASS_b,F,P,les gemmes avec la boisson que j' aime beaucoup ne sont probablement pas cachées <eos>,13,cachées,cachés,11,F,S,cachées,-8.043047,cachés,-9.178374,1
138,P_NOUN_8_PASS_b,F,P,les gemmes avec la boisson que j' aime beaucoup ne sont probablement pas cassées <eos>,13,cassées,cassés,11,F,S,cassées,-9.498131,cassés,-10.102129,1
139,P_NOUN_8_PASS_b,F,P,les gemmes avec la boisson que j' aime beaucoup ne sont probablement pas couvertes <eos>,13,couvertes,couverts,11,F,S,couvertes,-8.325644,couverts,-8.636942,1
140,P_NOUN_8_PASS_b,F,P,les gemmes avec la boisson que j' aime beaucoup ne sont probablement pas déformées <eos>,13,déformées,déformés,11,F,S,déformées,-8.813501,déformés,-13.604231,1
141,P_NOUN_8_PASS_b,F,P,les gemmes avec la boisson que j' aime beaucoup ne sont probablement pas fixées <eos>,13,fixées,fixés,11,F,S,fixées,-8.789547,fixés,-9.859474,1
142,P_NOUN_8_PASS_b,F,P,les gemmes avec la boisson que j' aime beaucoup ne sont probablement pas jetées <eos>,13,jetées,jetés,11,F,S,jetées,-9.328924,jetés,-10.522732,1
143,P_NOUN_8_PASS_b,F,P,les gemmes avec la boisson que j' aime beaucoup ne sont probablement pas laissées <eos>,13,laissées,laissés,11,F,S,laissées,-7.6668854,laissés,-10.199464,1
144,P_NOUN_8_PASS_b,F,P,les gemmes avec la boisson que j' aime beaucoup ne sont probablement pas ouvertes <eos>,13,ouvertes,ouverts,11,F,S,ouvertes,-8.510299,ouverts,-10.077401,1
145,P_NOUN_8_PASS_b,F,P,les gemmes avec la boisson que j' aime beaucoup ne sont probablement pas perdues <eos>,13,perdues,perdus,11,F,S,perdues,-7.7104225,perdus,-8.778477,1
146,P_NOUN_8_PASS_b,F,P,les gemmes avec la boisson que j' aime beaucoup ne sont probablement pas réparées <eos>,13,réparées,réparés,11,F,S,réparées,-10.204184,réparés,-12.790785,1
147,P_NOUN_8_PASS_b,F,P,les gemmes avec la boisson que j' aime beaucoup ne sont probablement pas retirées <eos>,13,retirées,retirés,11,F,S,retirées,-8.990864,retirés,-10.410101,1
148,P_NOUN_8_PASS_b,F,P,les gemmes avec la boisson que j' aime beaucoup ne sont probablement pas tombées <eos>,13,tombées,tombés,11,F,S,tombées,-7.7968707,tombés,-8.422836,1
149,P_NOUN_8_PASS_b,F,P,les gemmes avec la boisson que j' aime beaucoup ne sont probablement pas utilisées <eos>,13,utilisées,utilisés,11,F,S,utilisées,-5.5699415,utilisés,-6.832369,1
150,P_NOUN_8_PASS_b,F,P,les gemmes avec la pomme que j' aime beaucoup ne sont probablement pas achetées <eos>,13,achetées,achetés,11,F,S,achetées,-9.80381,achetés,-9.313316,0
151,P_NOUN_8_PASS_b,F,P,les gemmes avec la pomme que j' aime beaucoup ne sont probablement pas brisées <eos>,13,brisées,brisés,11,F,S,brisées,-9.311588,brisés,-13.2509575,1
152,P_NOUN_8_PASS_b,F,P,les gemmes avec la pomme que j' aime beaucoup ne sont probablement pas cachées <eos>,13,cachées,cachés,11,F,S,cachées,-7.5216756,cachés,-8.920757,1
153,P_NOUN_8_PASS_b,F,P,les gemmes avec la pomme que j' aime beaucoup ne sont probablement pas cassées <eos>,13,cassées,cassés,11,F,S,cassées,-9.367002,cassés,-9.758277,1
154,P_NOUN_8_PASS_b,F,P,les gemmes avec la pomme que j' aime beaucoup ne sont probablement pas couvertes <eos>,13,couvertes,couverts,11,F,S,couvertes,-8.001944,couverts,-8.52289,1
155,P_NOUN_8_PASS_b,F,P,les gemmes avec la pomme que j' aime beaucoup ne sont probablement pas déformées <eos>,13,déformées,déformés,11,F,S,déformées,-8.547467,déformés,-13.763979,1
156,P_NOUN_8_PASS_b,F,P,les gemmes avec la pomme que j' aime beaucoup ne sont probablement pas fixées <eos>,13,fixées,fixés,11,F,S,fixées,-8.645323,fixés,-9.577488,1
157,P_NOUN_8_PASS_b,F,P,les gemmes avec la pomme que j' aime beaucoup ne sont probablement pas jetées <eos>,13,jetées,jetés,11,F,S,jetées,-9.185795,jetés,-10.588036,1
158,P_NOUN_8_PASS_b,F,P,les gemmes avec la pomme que j' aime beaucoup ne sont probablement pas laissées <eos>,13,laissées,laissés,11,F,S,laissées,-7.615775,laissés,-9.827702,1
159,P_NOUN_8_PASS_b,F,P,les gemmes avec la pomme que j' aime beaucoup ne sont probablement pas ouvertes <eos>,13,ouvertes,ouverts,11,F,S,ouvertes,-8.291852,ouverts,-10.126772,1
160,P_NOUN_8_PASS_b,F,P,les gemmes avec la pomme que j' aime beaucoup ne sont probablement pas perdues <eos>,13,perdues,perdus,11,F,S,perdues,-7.2038713,perdus,-8.736501,1
161,P_NOUN_8_PASS_b,F,P,les gemmes avec la pomme que j' aime beaucoup ne sont probablement pas réparées <eos>,13,réparées,réparés,11,F,S,réparées,-10.104258,réparés,-12.845665,1
162,P_NOUN_8_PASS_b,F,P,les gemmes avec la pomme que j' aime beaucoup ne sont probablement pas retirées <eos>,13,retirées,retirés,11,F,S,retirées,-8.903365,retirés,-10.517138,1
163,P_NOUN_8_PASS_b,F,P,les gemmes avec la pomme que j' aime beaucoup ne sont probablement pas tombées <eos>,13,tombées,tombés,11,F,S,tombées,-7.385371,tombés,-8.293684,1
164,P_NOUN_8_PASS_b,F,P,les gemmes avec la pomme que j' aime beaucoup ne sont probablement pas utilisées <eos>,13,utilisées,utilisés,11,F,S,utilisées,-5.2009687,utilisés,-6.6589975,1
165,P_NOUN_8_PASS_b,F,P,les gemmes avec la tasse que j' aime beaucoup ne sont probablement pas achetées <eos>,13,achetées,achetés,11,F,S,achetées,-9.7172785,achetés,-9.524527,0
166,P_NOUN_8_PASS_b,F,P,les gemmes avec la tasse que j' aime beaucoup ne sont probablement pas brisées <eos>,13,brisées,brisés,11,F,S,brisées,-8.797213,brisés,-12.662458,1
167,P_NOUN_8_PASS_b,F,P,les gemmes avec la tasse que j' aime beaucoup ne sont probablement pas cachées <eos>,13,cachées,cachés,11,F,S,cachées,-7.8171844,cachés,-9.405199,1
168,P_NOUN_8_PASS_b,F,P,les gemmes avec la tasse que j' aime beaucoup ne sont probablement pas cassées <eos>,13,cassées,cassés,11,F,S,cassées,-8.745232,cassés,-9.761537,1
169,P_NOUN_8_PASS_b,F,P,les gemmes avec la tasse que j' aime beaucoup ne sont probablement pas couvertes <eos>,13,couvertes,couverts,11,F,S,couvertes,-7.602962,couverts,-8.327759,1
170,P_NOUN_8_PASS_b,F,P,les gemmes avec la tasse que j' aime beaucoup ne sont probablement pas déformées <eos>,13,déformées,déformés,11,F,S,déformées,-8.569057,déformés,-13.416733,1
171,P_NOUN_8_PASS_b,F,P,les gemmes avec la tasse que j' aime beaucoup ne sont probablement pas fixées <eos>,13,fixées,fixés,11,F,S,fixées,-8.696272,fixés,-9.872736,1
172,P_NOUN_8_PASS_b,F,P,les gemmes avec la tasse que j' aime beaucoup ne sont probablement pas jetées <eos>,13,jetées,jetés,11,F,S,jetées,-8.607222,jetés,-10.118095,1
173,P_NOUN_8_PASS_b,F,P,les gemmes avec la tasse que j' aime beaucoup ne sont probablement pas laissées <eos>,13,laissées,laissés,11,F,S,laissées,-7.154951,laissés,-9.798038,1
174,P_NOUN_8_PASS_b,F,P,les gemmes avec la tasse que j' aime beaucoup ne sont probablement pas ouvertes <eos>,13,ouvertes,ouverts,11,F,S,ouvertes,-7.7120595,ouverts,-9.337881,1
175,P_NOUN_8_PASS_b,F,P,les gemmes avec la tasse que j' aime beaucoup ne sont probablement pas perdues <eos>,13,perdues,perdus,11,F,S,perdues,-7.6214023,perdus,-8.85252,1
176,P_NOUN_8_PASS_b,F,P,les gemmes avec la tasse que j' aime beaucoup ne sont probablement pas réparées <eos>,13,réparées,réparés,11,F,S,réparées,-9.119795,réparés,-12.013086,1
177,P_NOUN_8_PASS_b,F,P,les gemmes avec la tasse que j' aime beaucoup ne sont probablement pas retirées <eos>,13,retirées,retirés,11,F,S,retirées,-8.6769085,retirés,-10.479275,1
178,P_NOUN_8_PASS_b,F,P,les gemmes avec la tasse que j' aime beaucoup ne sont probablement pas tombées <eos>,13,tombées,tombés,11,F,S,tombées,-7.704404,tombés,-8.6054125,1
179,P_NOUN_8_PASS_b,F,P,les gemmes avec la tasse que j' aime beaucoup ne sont probablement pas utilisées <eos>,13,utilisées,utilisés,11,F,S,utilisées,-5.5750237,utilisés,-7.1292953,1
180,P_NOUN_8_PASS_b,F,P,les gemmes avec la bougie que j' aime beaucoup ne sont probablement pas achetées <eos>,13,achetées,achetés,11,F,S,achetées,-10.422532,achetés,-10.107328,0
181,P_NOUN_8_PASS_b,F,P,les gemmes avec la bougie que j' aime beaucoup ne sont probablement pas brisées <eos>,13,brisées,brisés,11,F,S,brisées,-9.0119505,brisés,-12.551123,1
182,P_NOUN_8_PASS_b,F,P,les gemmes avec la bougie que j' aime beaucoup ne sont probablement pas cachées <eos>,13,cachées,cachés,11,F,S,cachées,-7.809004,cachés,-8.735915,1
183,P_NOUN_8_PASS_b,F,P,les gemmes avec la bougie que j' aime beaucoup ne sont probablement pas cassées <eos>,13,cassées,cassés,11,F,S,cassées,-8.674271,cassés,-10.164125,1
184,P_NOUN_8_PASS_b,F,P,les gemmes avec la bougie que j' aime beaucoup ne sont probablement pas couvertes <eos>,13,couvertes,couverts,11,F,S,couvertes,-8.148736,couverts,-9.037687,1
185,P_NOUN_8_PASS_b,F,P,les gemmes avec la bougie que j' aime beaucoup ne sont probablement pas déformées <eos>,13,déformées,déformés,11,F,S,déformées,-8.107316,déformés,-12.725298,1
186,P_NOUN_8_PASS_b,F,P,les gemmes avec la bougie que j' aime beaucoup ne sont probablement pas fixées <eos>,13,fixées,fixés,11,F,S,fixées,-8.190503,fixés,-9.472341,1
187,P_NOUN_8_PASS_b,F,P,les gemmes avec la bougie que j' aime beaucoup ne sont probablement pas jetées <eos>,13,jetées,jetés,11,F,S,jetées,-8.757366,jetés,-9.734467,1
188,P_NOUN_8_PASS_b,F,P,les gemmes avec la bougie que j' aime beaucoup ne sont probablement pas laissées <eos>,13,laissées,laissés,11,F,S,laissées,-7.6389427,laissés,-10.113801,1
189,P_NOUN_8_PASS_b,F,P,les gemmes avec la bougie que j' aime beaucoup ne sont probablement pas ouvertes <eos>,13,ouvertes,ouverts,11,F,S,ouvertes,-8.314309,ouverts,-9.883757,1
190,P_NOUN_8_PASS_b,F,P,les gemmes avec la bougie que j' aime beaucoup ne sont probablement pas perdues <eos>,13,perdues,perdus,11,F,S,perdues,-7.2466993,perdus,-8.428324,1
191,P_NOUN_8_PASS_b,F,P,les gemmes avec la bougie que j' aime beaucoup ne sont probablement pas réparées <eos>,13,réparées,réparés,11,F,S,réparées,-9.087908,réparés,-11.869524,1
192,P_NOUN_8_PASS_b,F,P,les gemmes avec la bougie que j' aime beaucoup ne sont probablement pas retirées <eos>,13,retirées,retirés,11,F,S,retirées,-8.214758,retirés,-10.278114,1
193,P_NOUN_8_PASS_b,F,P,les gemmes avec la bougie que j' aime beaucoup ne sont probablement pas tombées <eos>,13,tombées,tombés,11,F,S,tombées,-7.443492,tombés,-8.310964,1
194,P_NOUN_8_PASS_b,F,P,les gemmes avec la bougie que j' aime beaucoup ne sont probablement pas utilisées <eos>,13,utilisées,utilisés,11,F,S,utilisées,-5.306341,utilisés,-6.585204,1
195,P_NOUN_8_PASS_b,F,P,les gemmes avec la pochette que j' aime beaucoup ne sont probablement pas achetées <eos>,13,achetées,achetés,11,F,S,achetées,-10.130179,achetés,-10.811975,1
196,P_NOUN_8_PASS_b,F,P,les gemmes avec la pochette que j' aime beaucoup ne sont probablement pas brisées <eos>,13,brisées,brisés,11,F,S,brisées,-8.828771,brisés,-12.633724,1
197,P_NOUN_8_PASS_b,F,P,les gemmes avec la pochette que j' aime beaucoup ne sont probablement pas cachées <eos>,13,cachées,cachés,11,F,S,cachées,-7.69269,cachés,-9.917901,1
198,P_NOUN_8_PASS_b,F,P,les gemmes avec la pochette que j' aime beaucoup ne sont probablement pas cassées <eos>,13,cassées,cassés,11,F,S,cassées,-8.9200325,cassés,-10.703831,1
199,P_NOUN_8_PASS_b,F,P,les gemmes avec la pochette que j' aime beaucoup ne sont probablement pas couvertes <eos>,13,couvertes,couverts,11,F,S,couvertes,-8.64496,couverts,-9.908004,1
200,P_NOUN_8_PASS_b,F,P,les gemmes avec la pochette que j' aime beaucoup ne sont probablement pas déformées <eos>,13,déformées,déformés,11,F,S,déformées,-7.763134,déformés,-12.510374,1
201,P_NOUN_8_PASS_b,F,P,les gemmes avec la pochette que j' aime beaucoup ne sont probablement pas fixées <eos>,13,fixées,fixés,11,F,S,fixées,-8.306215,fixés,-10.144943,1
202,P_NOUN_8_PASS_b,F,P,les gemmes avec la pochette que j' aime beaucoup ne sont probablement pas jetées <eos>,13,jetées,jetés,11,F,S,jetées,-9.817092,jetés,-10.876036,1
203,P_NOUN_8_PASS_b,F,P,les gemmes avec la pochette que j' aime beaucoup ne sont probablement pas laissées <eos>,13,laissées,laissés,11,F,S,laissées,-7.7801647,laissés,-10.924084,1
204,P_NOUN_8_PASS_b,F,P,les gemmes avec la pochette que j' aime beaucoup ne sont probablement pas ouvertes <eos>,13,ouvertes,ouverts,11,F,S,ouvertes,-8.174948,ouverts,-10.43956,1
205,P_NOUN_8_PASS_b,F,P,les gemmes avec la pochette que j' aime beaucoup ne sont probablement pas perdues <eos>,13,perdues,perdus,11,F,S,perdues,-7.3951235,perdus,-9.083263,1
206,P_NOUN_8_PASS_b,F,P,les gemmes avec la pochette que j' aime beaucoup ne sont probablement pas réparées <eos>,13,réparées,réparés,11,F,S,réparées,-9.689029,réparés,-13.51853,1
207,P_NOUN_8_PASS_b,F,P,les gemmes avec la pochette que j' aime beaucoup ne sont probablement pas retirées <eos>,13,retirées,retirés,11,F,S,retirées,-8.290041,retirés,-11.195936,1
208,P_NOUN_8_PASS_b,F,P,les gemmes avec la pochette que j' aime beaucoup ne sont probablement pas tombées <eos>,13,tombées,tombés,11,F,S,tombées,-7.992944,tombés,-9.421031,1
209,P_NOUN_8_PASS_b,F,P,les gemmes avec la pochette que j' aime beaucoup ne sont probablement pas utilisées <eos>,13,utilisées,utilisés,11,F,S,utilisées,-5.7974668,utilisés,-7.568931,1
210,P_NOUN_8_PASS_b,F,P,les gemmes avec la banane que j' aime beaucoup ne sont probablement pas achetées <eos>,13,achetées,achetés,11,F,S,achetées,-10.539615,achetés,-10.020539,0
211,P_NOUN_8_PASS_b,F,P,les gemmes avec la banane que j' aime beaucoup ne sont probablement pas brisées <eos>,13,brisées,brisés,11,F,S,brisées,-9.075565,brisés,-12.774407,1
212,P_NOUN_8_PASS_b,F,P,les gemmes avec la banane que j' aime beaucoup ne sont probablement pas cachées <eos>,13,cachées,cachés,11,F,S,cachées,-8.39862,cachés,-9.517292,1
213,P_NOUN_8_PASS_b,F,P,les gemmes avec la banane que j' aime beaucoup ne sont probablement pas cassées <eos>,13,cassées,cassés,11,F,S,cassées,-8.950966,cassés,-10.166352,1
214,P_NOUN_8_PASS_b,F,P,les gemmes avec la banane que j' aime beaucoup ne sont probablement pas couvertes <eos>,13,couvertes,couverts,11,F,S,couvertes,-8.0990925,couverts,-8.874143,1
215,P_NOUN_8_PASS_b,F,P,les gemmes avec la banane que j' aime beaucoup ne sont probablement pas déformées <eos>,13,déformées,déformés,11,F,S,déformées,-8.3608885,déformés,-13.1985,1
216,P_NOUN_8_PASS_b,F,P,les gemmes avec la banane que j' aime beaucoup ne sont probablement pas fixées <eos>,13,fixées,fixés,11,F,S,fixées,-8.517427,fixés,-9.394009,1
217,P_NOUN_8_PASS_b,F,P,les gemmes avec la banane que j' aime beaucoup ne sont probablement pas jetées <eos>,13,jetées,jetés,11,F,S,jetées,-7.939354,jetés,-10.600227,1
218,P_NOUN_8_PASS_b,F,P,les gemmes avec la banane que j' aime beaucoup ne sont probablement pas laissées <eos>,13,laissées,laissés,11,F,S,laissées,-7.4107313,laissés,-9.900404,1
219,P_NOUN_8_PASS_b,F,P,les gemmes avec la banane que j' aime beaucoup ne sont probablement pas ouvertes <eos>,13,ouvertes,ouverts,11,F,S,ouvertes,-8.755554,ouverts,-10.199719,1
220,P_NOUN_8_PASS_b,F,P,les gemmes avec la banane que j' aime beaucoup ne sont probablement pas perdues <eos>,13,perdues,perdus,11,F,S,perdues,-7.6377153,perdus,-8.657749,1
221,P_NOUN_8_PASS_b,F,P,les gemmes avec la banane que j' aime beaucoup ne sont probablement pas réparées <eos>,13,réparées,réparés,11,F,S,réparées,-10.057165,réparés,-12.1840515,1
222,P_NOUN_8_PASS_b,F,P,les gemmes avec la banane que j' aime beaucoup ne sont probablement pas retirées <eos>,13,retirées,retirés,11,F,S,retirées,-9.2572155,retirés,-10.669188,1
223,P_NOUN_8_PASS_b,F,P,les gemmes avec la banane que j' aime beaucoup ne sont probablement pas tombées <eos>,13,tombées,tombés,11,F,S,tombées,-7.520261,tombés,-8.409389,1
224,P_NOUN_8_PASS_b,F,P,les gemmes avec la banane que j' aime beaucoup ne sont probablement pas utilisées <eos>,13,utilisées,utilisés,11,F,S,utilisées,-5.280783,utilisés,-6.683952,1
225,P_NOUN_8_PASS_b,F,P,les gemmes avec la robe que j' aime beaucoup ne sont probablement pas achetées <eos>,13,achetées,achetés,11,F,S,achetées,-11.259377,achetés,-10.635382,0
226,P_NOUN_8_PASS_b,F,P,les gemmes avec la robe que j' aime beaucoup ne sont probablement pas brisées <eos>,13,brisées,brisés,11,F,S,brisées,-9.4613285,brisés,-13.4957,1
227,P_NOUN_8_PASS_b,F,P,les gemmes avec la robe que j' aime beaucoup ne sont probablement pas cachées <eos>,13,cachées,cachés,11,F,S,cachées,-7.6436615,cachés,-9.168282,1
228,P_NOUN_8_PASS_b,F,P,les gemmes avec la robe que j' aime beaucoup ne sont probablement pas cassées <eos>,13,cassées,cassés,11,F,S,cassées,-9.447033,cassés,-10.913588,1
229,P_NOUN_8_PASS_b,F,P,les gemmes avec la robe que j' aime beaucoup ne sont probablement pas couvertes <eos>,13,couvertes,couverts,11,F,S,couvertes,-8.052477,couverts,-8.88171,1
230,P_NOUN_8_PASS_b,F,P,les gemmes avec la robe que j' aime beaucoup ne sont probablement pas déformées <eos>,13,déformées,déformés,11,F,S,déformées,-8.522833,déformés,-13.014306,1
231,P_NOUN_8_PASS_b,F,P,les gemmes avec la robe que j' aime beaucoup ne sont probablement pas fixées <eos>,13,fixées,fixés,11,F,S,fixées,-8.562749,fixés,-10.232564,1
232,P_NOUN_8_PASS_b,F,P,les gemmes avec la robe que j' aime beaucoup ne sont probablement pas jetées <eos>,13,jetées,jetés,11,F,S,jetées,-9.188581,jetés,-10.65804,1
233,P_NOUN_8_PASS_b,F,P,les gemmes avec la robe que j' aime beaucoup ne sont probablement pas laissées <eos>,13,laissées,laissés,11,F,S,laissées,-8.26769,laissés,-10.579204,1
234,P_NOUN_8_PASS_b,F,P,les gemmes avec la robe que j' aime beaucoup ne sont probablement pas ouvertes <eos>,13,ouvertes,ouverts,11,F,S,ouvertes,-8.194606,ouverts,-10.228807,1
235,P_NOUN_8_PASS_b,F,P,les gemmes avec la robe que j' aime beaucoup ne sont probablement pas perdues <eos>,13,perdues,perdus,11,F,S,perdues,-8.046227,perdus,-9.470505,1
236,P_NOUN_8_PASS_b,F,P,les gemmes avec la robe que j' aime beaucoup ne sont probablement pas réparées <eos>,13,réparées,réparés,11,F,S,réparées,-10.044467,réparés,-12.362761,1
237,P_NOUN_8_PASS_b,F,P,les gemmes avec la robe que j' aime beaucoup ne sont probablement pas retirées <eos>,13,retirées,retirés,11,F,S,retirées,-9.147113,retirés,-10.852231,1
238,P_NOUN_8_PASS_b,F,P,les gemmes avec la robe que j' aime beaucoup ne sont probablement pas tombées <eos>,13,tombées,tombés,11,F,S,tombées,-7.6948977,tombés,-8.162956,1
239,P_NOUN_8_PASS_b,F,P,les gemmes avec la robe que j' aime beaucoup ne sont probablement pas utilisées <eos>,13,utilisées,utilisés,11,F,S,utilisées,-5.2149305,utilisés,-6.591855,1
240,P_NOUN_8_PASS_b,F,P,les gemmes avec la valise que j' aime beaucoup ne sont probablement pas achetées <eos>,13,achetées,achetés,11,F,S,achetées,-9.223098,achetés,-9.563096,1
241,P_NOUN_8_PASS_b,F,P,les gemmes avec la valise que j' aime beaucoup ne sont probablement pas brisées <eos>,13,brisées,brisés,11,F,S,brisées,-8.746092,brisés,-12.80677,1
242,P_NOUN_8_PASS_b,F,P,les gemmes avec la valise que j' aime beaucoup ne sont probablement pas cachées <eos>,13,cachées,cachés,11,F,S,cachées,-6.9268847,cachés,-8.032294,1
243,P_NOUN_8_PASS_b,F,P,les gemmes avec la valise que j' aime beaucoup ne sont probablement pas cassées <eos>,13,cassées,cassés,11,F,S,cassées,-9.010457,cassés,-10.277813,1
244,P_NOUN_8_PASS_b,F,P,les gemmes avec la valise que j' aime beaucoup ne sont probablement pas couvertes <eos>,13,couvertes,couverts,11,F,S,couvertes,-8.211602,couverts,-9.636342,1
245,P_NOUN_8_PASS_b,F,P,les gemmes avec la valise que j' aime beaucoup ne sont probablement pas déformées <eos>,13,déformées,déformés,11,F,S,déformées,-7.706362,déformés,-13.414933,1
246,P_NOUN_8_PASS_b,F,P,les gemmes avec la valise que j' aime beaucoup ne sont probablement pas fixées <eos>,13,fixées,fixés,11,F,S,fixées,-8.10011,fixés,-9.695551,1
247,P_NOUN_8_PASS_b,F,P,les gemmes avec la valise que j' aime beaucoup ne sont probablement pas jetées <eos>,13,jetées,jetés,11,F,S,jetées,-8.140407,jetés,-9.509639,1
248,P_NOUN_8_PASS_b,F,P,les gemmes avec la valise que j' aime beaucoup ne sont probablement pas laissées <eos>,13,laissées,laissés,11,F,S,laissées,-7.7885633,laissés,-10.044304,1
249,P_NOUN_8_PASS_b,F,P,les gemmes avec la valise que j' aime beaucoup ne sont probablement pas ouvertes <eos>,13,ouvertes,ouverts,11,F,S,ouvertes,-7.970076,ouverts,-9.651663,1
250,P_NOUN_8_PASS_b,F,P,les gemmes avec la valise que j' aime beaucoup ne sont probablement pas perdues <eos>,13,perdues,perdus,11,F,S,perdues,-7.0120916,perdus,-8.379222,1
251,P_NOUN_8_PASS_b,F,P,les gemmes avec la valise que j' aime beaucoup ne sont probablement pas réparées <eos>,13,réparées,réparés,11,F,S,réparées,-9.432185,réparés,-13.038428,1
252,P_NOUN_8_PASS_b,F,P,les gemmes avec la valise que j' aime beaucoup ne sont probablement pas retirées <eos>,13,retirées,retirés,11,F,S,retirées,-8.404142,retirés,-10.173706,1
253,P_NOUN_8_PASS_b,F,P,les gemmes avec la valise que j' aime beaucoup ne sont probablement pas tombées <eos>,13,tombées,tombés,11,F,S,tombées,-7.678726,tombés,-8.696541,1
254,P_NOUN_8_PASS_b,F,P,les gemmes avec la valise que j' aime beaucoup ne sont probablement pas utilisées <eos>,13,utilisées,utilisés,11,F,S,utilisées,-4.976945,utilisés,-6.5086164,1
255,P_NOUN_8_PASS_b,F,P,les gemmes avec la pendule que j' aime beaucoup ne sont probablement pas achetées <eos>,13,achetées,achetés,11,F,S,achetées,-11.049967,achetés,-10.431437,0
256,P_NOUN_8_PASS_b,F,P,les gemmes avec la pendule que j' aime beaucoup ne sont probablement pas brisées <eos>,13,brisées,brisés,11,F,S,brisées,-8.751335,brisés,-12.332922,1
257,P_NOUN_8_PASS_b,F,P,les gemmes avec la pendule que j' aime beaucoup ne sont probablement pas cachées <eos>,13,cachées,cachés,11,F,S,cachées,-7.7496586,cachés,-8.723322,1
258,P_NOUN_8_PASS_b,F,P,les gemmes avec la pendule que j' aime beaucoup ne sont probablement pas cassées <eos>,13,cassées,cassés,11,F,S,cassées,-8.457642,cassés,-10.180838,1
259,P_NOUN_8_PASS_b,F,P,les gemmes avec la pendule que j' aime beaucoup ne sont probablement pas couvertes <eos>,13,couvertes,couverts,11,F,S,couvertes,-7.968528,couverts,-9.080778,1
260,P_NOUN_8_PASS_b,F,P,les gemmes avec la pendule que j' aime beaucoup ne sont probablement pas déformées <eos>,13,déformées,déformés,11,F,S,déformées,-7.274939,déformés,-12.4440365,1
261,P_NOUN_8_PASS_b,F,P,les gemmes avec la pendule que j' aime beaucoup ne sont probablement pas fixées <eos>,13,fixées,fixés,11,F,S,fixées,-7.804532,fixés,-9.338695,1
262,P_NOUN_8_PASS_b,F,P,les gemmes avec la pendule que j' aime beaucoup ne sont probablement pas jetées <eos>,13,jetées,jetés,11,F,S,jetées,-8.237639,jetés,-9.448655,1
263,P_NOUN_8_PASS_b,F,P,les gemmes avec la pendule que j' aime beaucoup ne sont probablement pas laissées <eos>,13,laissées,laissés,11,F,S,laissées,-7.7279186,laissés,-10.424735,1
264,P_NOUN_8_PASS_b,F,P,les gemmes avec la pendule que j' aime beaucoup ne sont probablement pas ouvertes <eos>,13,ouvertes,ouverts,11,F,S,ouvertes,-8.196656,ouverts,-9.659323,1
265,P_NOUN_8_PASS_b,F,P,les gemmes avec la pendule que j' aime beaucoup ne sont probablement pas perdues <eos>,13,perdues,perdus,11,F,S,perdues,-7.105246,perdus,-8.209639,1
266,P_NOUN_8_PASS_b,F,P,les gemmes avec la pendule que j' aime beaucoup ne sont probablement pas réparées <eos>,13,réparées,réparés,11,F,S,réparées,-9.207923,réparés,-11.953911,1
267,P_NOUN_8_PASS_b,F,P,les gemmes avec la pendule que j' aime beaucoup ne sont probablement pas retirées <eos>,13,retirées,retirés,11,F,S,retirées,-8.297576,retirés,-10.084501,1
268,P_NOUN_8_PASS_b,F,P,les gemmes avec la pendule que j' aime beaucoup ne sont probablement pas tombées <eos>,13,tombées,tombés,11,F,S,tombées,-7.4782515,tombés,-8.67206,1
269,P_NOUN_8_PASS_b,F,P,les gemmes avec la pendule que j' aime beaucoup ne sont probablement pas utilisées <eos>,13,utilisées,utilisés,11,F,S,utilisées,-4.9628916,utilisés,-6.2015715,1
270,P_NOUN_8_PASS_b,F,P,les gemmes avec la cloche que j' aime beaucoup ne sont probablement pas achetées <eos>,13,achetées,achetés,11,F,S,achetées,-10.383711,achetés,-10.214912,0
271,P_NOUN_8_PASS_b,F,P,les gemmes avec la cloche que j' aime beaucoup ne sont probablement pas brisées <eos>,13,brisées,brisés,11,F,S,brisées,-8.66472,brisés,-12.282256,1
272,P_NOUN_8_PASS_b,F,P,les gemmes avec la cloche que j' aime beaucoup ne sont probablement pas cachées <eos>,13,cachées,cachés,11,F,S,cachées,-7.18188,cachés,-8.52161,1
273,P_NOUN_8_PASS_b,F,P,les gemmes avec la cloche que j' aime beaucoup ne sont probablement pas cassées <eos>,13,cassées,cassés,11,F,S,cassées,-8.821144,cassés,-9.798195,1
274,P_NOUN_8_PASS_b,F,P,les gemmes avec la cloche que j' aime beaucoup ne sont probablement pas couvertes <eos>,13,couvertes,couverts,11,F,S,couvertes,-7.967024,couverts,-8.80225,1
275,P_NOUN_8_PASS_b,F,P,les gemmes avec la cloche que j' aime beaucoup ne sont probablement pas déformées <eos>,13,déformées,déformés,11,F,S,déformées,-8.1392975,déformés,-13.001464,1
276,P_NOUN_8_PASS_b,F,P,les gemmes avec la cloche que j' aime beaucoup ne sont probablement pas fixées <eos>,13,fixées,fixés,11,F,S,fixées,-8.097326,fixés,-9.563286,1
277,P_NOUN_8_PASS_b,F,P,les gemmes avec la cloche que j' aime beaucoup ne sont probablement pas jetées <eos>,13,jetées,jetés,11,F,S,jetées,-8.284571,jetés,-9.330293,1
278,P_NOUN_8_PASS_b,F,P,les gemmes avec la cloche que j' aime beaucoup ne sont probablement pas laissées <eos>,13,laissées,laissés,11,F,S,laissées,-7.799304,laissés,-9.800588,1
279,P_NOUN_8_PASS_b,F,P,les gemmes avec la cloche que j' aime beaucoup ne sont probablement pas ouvertes <eos>,13,ouvertes,ouverts,11,F,S,ouvertes,-8.024807,ouverts,-10.192085,1
280,P_NOUN_8_PASS_b,F,P,les gemmes avec la cloche que j' aime beaucoup ne sont probablement pas perdues <eos>,13,perdues,perdus,11,F,S,perdues,-6.9204097,perdus,-8.505827,1
281,P_NOUN_8_PASS_b,F,P,les gemmes avec la cloche que j' aime beaucoup ne sont probablement pas réparées <eos>,13,réparées,réparés,11,F,S,réparées,-9.234512,réparés,-11.87043,1
282,P_NOUN_8_PASS_b,F,P,les gemmes avec la cloche que j' aime beaucoup ne sont probablement pas retirées <eos>,13,retirées,retirés,11,F,S,retirées,-8.243892,retirés,-10.093005,1
283,P_NOUN_8_PASS_b,F,P,les gemmes avec la cloche que j' aime beaucoup ne sont probablement pas tombées <eos>,13,tombées,tombés,11,F,S,tombées,-7.3550215,tombés,-8.095734,1
284,P_NOUN_8_PASS_b,F,P,les gemmes avec la cloche que j' aime beaucoup ne sont probablement pas utilisées <eos>,13,utilisées,utilisés,11,F,S,utilisées,-5.125489,utilisés,-6.520466,1
285,P_NOUN_8_PASS_b,F,P,les gemmes avec la cerise que j' aime beaucoup ne sont probablement pas achetées <eos>,13,achetées,achetés,11,F,S,achetées,-10.355749,achetés,-9.801161,0
286,P_NOUN_8_PASS_b,F,P,les gemmes avec la cerise que j' aime beaucoup ne sont probablement pas brisées <eos>,13,brisées,brisés,11,F,S,brisées,-9.100871,brisés,-12.904308,1
287,P_NOUN_8_PASS_b,F,P,les gemmes avec la cerise que j' aime beaucoup ne sont probablement pas cachées <eos>,13,cachées,cachés,11,F,S,cachées,-7.8958654,cachés,-9.414521,1
288,P_NOUN_8_PASS_b,F,P,les gemmes avec la cerise que j' aime beaucoup ne sont probablement pas cassées <eos>,13,cassées,cassés,11,F,S,cassées,-8.990564,cassés,-9.916507,1
289,P_NOUN_8_PASS_b,F,P,les gemmes avec la cerise que j' aime beaucoup ne sont probablement pas couvertes <eos>,13,couvertes,couverts,11,F,S,couvertes,-7.8974075,couverts,-8.472556,1
290,P_NOUN_8_PASS_b,F,P,les gemmes avec la cerise que j' aime beaucoup ne sont probablement pas déformées <eos>,13,déformées,déformés,11,F,S,déformées,-8.406661,déformés,-13.431131,1
291,P_NOUN_8_PASS_b,F,P,les gemmes avec la cerise que j' aime beaucoup ne sont probablement pas fixées <eos>,13,fixées,fixés,11,F,S,fixées,-8.604387,fixés,-9.693244,1
292,P_NOUN_8_PASS_b,F,P,les gemmes avec la cerise que j' aime beaucoup ne sont probablement pas jetées <eos>,13,jetées,jetés,11,F,S,jetées,-8.979223,jetés,-10.648018,1
293,P_NOUN_8_PASS_b,F,P,les gemmes avec la cerise que j' aime beaucoup ne sont probablement pas laissées <eos>,13,laissées,laissés,11,F,S,laissées,-7.5437965,laissés,-10.078124,1
294,P_NOUN_8_PASS_b,F,P,les gemmes avec la cerise que j' aime beaucoup ne sont probablement pas ouvertes <eos>,13,ouvertes,ouverts,11,F,S,ouvertes,-8.317108,ouverts,-9.758746,1
295,P_NOUN_8_PASS_b,F,P,les gemmes avec la cerise que j' aime beaucoup ne sont probablement pas perdues <eos>,13,perdues,perdus,11,F,S,perdues,-7.5773697,perdus,-9.005114,1
296,P_NOUN_8_PASS_b,F,P,les gemmes avec la cerise que j' aime beaucoup ne sont probablement pas réparées <eos>,13,réparées,réparés,11,F,S,réparées,-9.80125,réparés,-12.257745,1
297,P_NOUN_8_PASS_b,F,P,les gemmes avec la cerise que j' aime beaucoup ne sont probablement pas retirées <eos>,13,retirées,retirés,11,F,S,retirées,-8.875271,retirés,-10.563894,1
298,P_NOUN_8_PASS_b,F,P,les gemmes avec la cerise que j' aime beaucoup ne sont probablement pas tombées <eos>,13,tombées,tombés,11,F,S,tombées,-7.430624,tombés,-8.531349,1
299,P_NOUN_8_PASS_b,F,P,les gemmes avec la cerise que j' aime beaucoup ne sont probablement pas utilisées <eos>,13,utilisées,utilisés,11,F,S,utilisées,-5.2895575,utilisés,-6.706643,1
300,P_NOUN_8_PASS_b,F,P,les chaises avec la gemme que j' aime beaucoup ne sont probablement pas achetées <eos>,13,achetées,achetés,11,F,S,achetées,-10.908574,achetés,-10.906301,0
301,P_NOUN_8_PASS_b,F,P,les chaises avec la gemme que j' aime beaucoup ne sont probablement pas brisées <eos>,13,brisées,brisés,11,F,S,brisées,-9.230892,brisés,-12.404882,1
302,P_NOUN_8_PASS_b,F,P,les chaises avec la gemme que j' aime beaucoup ne sont probablement pas cachées <eos>,13,cachées,cachés,11,F,S,cachées,-7.5395956,cachés,-9.825966,1
303,P_NOUN_8_PASS_b,F,P,les chaises avec la gemme que j' aime beaucoup ne sont probablement pas cassées <eos>,13,cassées,cassés,11,F,S,cassées,-8.674678,cassés,-10.735548,1
304,P_NOUN_8_PASS_b,F,P,les chaises avec la gemme que j' aime beaucoup ne sont probablement pas couvertes <eos>,13,couvertes,couverts,11,F,S,couvertes,-7.20924,couverts,-7.8931894,1
305,P_NOUN_8_PASS_b,F,P,les chaises avec la gemme que j' aime beaucoup ne sont probablement pas déformées <eos>,13,déformées,déformés,11,F,S,déformées,-8.585604,déformés,-12.799082,1
306,P_NOUN_8_PASS_b,F,P,les chaises avec la gemme que j' aime beaucoup ne sont probablement pas fixées <eos>,13,fixées,fixés,11,F,S,fixées,-8.030413,fixés,-9.7101345,1
307,P_NOUN_8_PASS_b,F,P,les chaises avec la gemme que j' aime beaucoup ne sont probablement pas jetées <eos>,13,jetées,jetés,11,F,S,jetées,-8.936031,jetés,-10.038314,1
308,P_NOUN_8_PASS_b,F,P,les chaises avec la gemme que j' aime beaucoup ne sont probablement pas laissées <eos>,13,laissées,laissés,11,F,S,laissées,-7.724175,laissés,-10.147804,1
309,P_NOUN_8_PASS_b,F,P,les chaises avec la gemme que j' aime beaucoup ne sont probablement pas ouvertes <eos>,13,ouvertes,ouverts,11,F,S,ouvertes,-7.358396,ouverts,-9.126204,1
310,P_NOUN_8_PASS_b,F,P,les chaises avec la gemme que j' aime beaucoup ne sont probablement pas perdues <eos>,13,perdues,perdus,11,F,S,perdues,-7.874936,perdus,-9.013161,1
311,P_NOUN_8_PASS_b,F,P,les chaises avec la gemme que j' aime beaucoup ne sont probablement pas réparées <eos>,13,réparées,réparés,11,F,S,réparées,-9.035414,réparés,-12.0609865,1
312,P_NOUN_8_PASS_b,F,P,les chaises avec la gemme que j' aime beaucoup ne sont probablement pas retirées <eos>,13,retirées,retirés,11,F,S,retirées,-8.310866,retirés,-10.735075,1
313,P_NOUN_8_PASS_b,F,P,les chaises avec la gemme que j' aime beaucoup ne sont probablement pas tombées <eos>,13,tombées,tombés,11,F,S,tombées,-7.3521357,tombés,-8.029656,1
314,P_NOUN_8_PASS_b,F,P,les chaises avec la gemme que j' aime beaucoup ne sont probablement pas utilisées <eos>,13,utilisées,utilisés,11,F,S,utilisées,-5.850768,utilisés,-7.1971035,1
315,P_NOUN_8_PASS_b,F,P,les chaises avec la chaise que j' aime beaucoup ne sont probablement pas achetées <eos>,13,achetées,achetés,11,F,S,achetées,-11.170761,achetés,-11.050514,0
316,P_NOUN_8_PASS_b,F,P,les chaises avec la chaise que j' aime beaucoup ne sont probablement pas brisées <eos>,13,brisées,brisés,11,F,S,brisées,-9.032177,brisés,-12.413849,1
317,P_NOUN_8_PASS_b,F,P,les chaises avec la chaise que j' aime beaucoup ne sont probablement pas cachées <eos>,13,cachées,cachés,11,F,S,cachées,-7.7836637,cachés,-10.605152,1
318,P_NOUN_8_PASS_b,F,P,les chaises avec la chaise que j' aime beaucoup ne sont probablement pas cassées <eos>,13,cassées,cassés,11,F,S,cassées,-8.4574585,cassés,-11.005507,1
319,P_NOUN_8_PASS_b,F,P,les chaises avec la chaise que j' aime beaucoup ne sont probablement pas couvertes <eos>,13,couvertes,couverts,11,F,S,couvertes,-7.213822,couverts,-7.9962373,1
320,P_NOUN_8_PASS_b,F,P,les chaises avec la chaise que j' aime beaucoup ne sont probablement pas déformées <eos>,13,déformées,déformés,11,F,S,déformées,-8.34757,déformés,-12.728697,1
321,P_NOUN_8_PASS_b,F,P,les chaises avec la chaise que j' aime beaucoup ne sont probablement pas fixées <eos>,13,fixées,fixés,11,F,S,fixées,-7.6456795,fixés,-9.617883,1
322,P_NOUN_8_PASS_b,F,P,les chaises avec la chaise que j' aime beaucoup ne sont probablement pas jetées <eos>,13,jetées,jetés,11,F,S,jetées,-9.298132,jetés,-10.578605,1
323,P_NOUN_8_PASS_b,F,P,les chaises avec la chaise que j' aime beaucoup ne sont probablement pas laissées <eos>,13,laissées,laissés,11,F,S,laissées,-7.6811476,laissés,-10.6647005,1
324,P_NOUN_8_PASS_b,F,P,les chaises avec la chaise que j' aime beaucoup ne sont probablement pas ouvertes <eos>,13,ouvertes,ouverts,11,F,S,ouvertes,-7.1738453,ouverts,-8.993517,1
325,P_NOUN_8_PASS_b,F,P,les chaises avec la chaise que j' aime beaucoup ne sont probablement pas perdues <eos>,13,perdues,perdus,11,F,S,perdues,-7.9786496,perdus,-9.157999,1
326,P_NOUN_8_PASS_b,F,P,les chaises avec la chaise que j' aime beaucoup ne sont probablement pas réparées <eos>,13,réparées,réparés,11,F,S,réparées,-9.094269,réparés,-12.571239,1
327,P_NOUN_8_PASS_b,F,P,les chaises avec la chaise que j' aime beaucoup ne sont probablement pas retirées <eos>,13,retirées,retirés,11,F,S,retirées,-8.388092,retirés,-11.140841,1
328,P_NOUN_8_PASS_b,F,P,les chaises avec la chaise que j' aime beaucoup ne sont probablement pas tombées <eos>,13,tombées,tombés,11,F,S,tombées,-7.8061438,tombés,-8.919228,1
329,P_NOUN_8_PASS_b,F,P,les chaises avec la chaise que j' aime beaucoup ne sont probablement pas utilisées <eos>,13,utilisées,utilisés,11,F,S,utilisées,-5.7917976,utilisés,-7.2014036,1
330,P_NOUN_8_PASS_b,F,P,les chaises avec la poubelle que j' aime beaucoup ne sont probablement pas achetées <eos>,13,achetées,achetés,11,F,S,achetées,-10.67826,achetés,-10.564822,0
331,P_NOUN_8_PASS_b,F,P,les chaises avec la poubelle que j' aime beaucoup ne sont probablement pas brisées <eos>,13,brisées,brisés,11,F,S,brisées,-9.137439,brisés,-12.446777,1
332,P_NOUN_8_PASS_b,F,P,les chaises avec la poubelle que j' aime beaucoup ne sont probablement pas cachées <eos>,13,cachées,cachés,11,F,S,cachées,-7.478957,cachés,-9.561199,1
333,P_NOUN_8_PASS_b,F,P,les chaises avec la poubelle que j' aime beaucoup ne sont probablement pas cassées <eos>,13,cassées,cassés,11,F,S,cassées,-8.626659,cassés,-10.795923,1
334,P_NOUN_8_PASS_b,F,P,les chaises avec la poubelle que j' aime beaucoup ne sont probablement pas couvertes <eos>,13,couvertes,couverts,11,F,S,couvertes,-7.402014,couverts,-8.315736,1
335,P_NOUN_8_PASS_b,F,P,les chaises avec la poubelle que j' aime beaucoup ne sont probablement pas déformées <eos>,13,déformées,déformés,11,F,S,déformées,-8.403578,déformés,-12.767734,1
336,P_NOUN_8_PASS_b,F,P,les chaises avec la poubelle que j' aime beaucoup ne sont probablement pas fixées <eos>,13,fixées,fixés,11,F,S,fixées,-7.9475594,fixés,-9.814613,1
337,P_NOUN_8_PASS_b,F,P,les chaises avec la poubelle que j' aime beaucoup ne sont probablement pas jetées <eos>,13,jetées,jetés,11,F,S,jetées,-8.860449,jetés,-10.031387,1
338,P_NOUN_8_PASS_b,F,P,les chaises avec la poubelle que j' aime beaucoup ne sont probablement pas laissées <eos>,13,laissées,laissés,11,F,S,laissées,-7.817664,laissés,-10.327251,1
339,P_NOUN_8_PASS_b,F,P,les chaises avec la poubelle que j' aime beaucoup ne sont probablement pas ouvertes <eos>,13,ouvertes,ouverts,11,F,S,ouvertes,-7.3516855,ouverts,-9.204285,1
340,P_NOUN_8_PASS_b,F,P,les chaises avec la poubelle que j' aime beaucoup ne sont probablement pas perdues <eos>,13,perdues,perdus,11,F,S,perdues,-7.7169275,perdus,-8.927182,1
341,P_NOUN_8_PASS_b,F,P,les chaises avec la poubelle que j' aime beaucoup ne sont probablement pas réparées <eos>,13,réparées,réparés,11,F,S,réparées,-8.872522,réparés,-12.433729,1
342,P_NOUN_8_PASS_b,F,P,les chaises avec la poubelle que j' aime beaucoup ne sont probablement pas retirées <eos>,13,retirées,retirés,11,F,S,retirées,-8.129047,retirés,-10.709877,1
343,P_NOUN_8_PASS_b,F,P,les chaises avec la poubelle que j' aime beaucoup ne sont probablement pas tombées <eos>,13,tombées,tombés,11,F,S,tombées,-7.511771,tombés,-8.308839,1
344,P_NOUN_8_PASS_b,F,P,les chaises avec la poubelle que j' aime beaucoup ne sont probablement pas utilisées <eos>,13,utilisées,utilisés,11,F,S,utilisées,-5.588873,utilisés,-7.0437317,1
345,P_NOUN_8_PASS_b,F,P,les chaises avec la chemise que j' aime beaucoup ne sont probablement pas achetées <eos>,13,achetées,achetés,11,F,S,achetées,-10.915237,achetés,-11.220127,1
346,P_NOUN_8_PASS_b,F,P,les chaises avec la chemise que j' aime beaucoup ne sont probablement pas brisées <eos>,13,brisées,brisés,11,F,S,brisées,-9.181108,brisés,-12.495163,1
347,P_NOUN_8_PASS_b,F,P,les chaises avec la chemise que j' aime beaucoup ne sont probablement pas cachées <eos>,13,cachées,cachés,11,F,S,cachées,-7.5199327,cachés,-10.030792,1
348,P_NOUN_8_PASS_b,F,P,les chaises avec la chemise que j' aime beaucoup ne sont probablement pas cassées <eos>,13,cassées,cassés,11,F,S,cassées,-8.51288,cassés,-11.023037,1
349,P_NOUN_8_PASS_b,F,P,les chaises avec la chemise que j' aime beaucoup ne sont probablement pas couvertes <eos>,13,couvertes,couverts,11,F,S,couvertes,-7.1111364,couverts,-8.180817,1
350,P_NOUN_8_PASS_b,F,P,les chaises avec la chemise que j' aime beaucoup ne sont probablement pas déformées <eos>,13,déformées,déformés,11,F,S,déformées,-8.661515,déformés,-12.959945,1
351,P_NOUN_8_PASS_b,F,P,les chaises avec la chemise que j' aime beaucoup ne sont probablement pas fixées <eos>,13,fixées,fixés,11,F,S,fixées,-7.914733,fixés,-9.883347,1
352,P_NOUN_8_PASS_b,F,P,les chaises avec la chemise que j' aime beaucoup ne sont probablement pas jetées <eos>,13,jetées,jetés,11,F,S,jetées,-8.99759,jetés,-10.363352,1
353,P_NOUN_8_PASS_b,F,P,les chaises avec la chemise que j' aime beaucoup ne sont probablement pas laissées <eos>,13,laissées,laissés,11,F,S,laissées,-8.037859,laissés,-10.509613,1
354,P_NOUN_8_PASS_b,F,P,les chaises avec la chemise que j' aime beaucoup ne sont probablement pas ouvertes <eos>,13,ouvertes,ouverts,11,F,S,ouvertes,-7.1567926,ouverts,-9.075323,1
355,P_NOUN_8_PASS_b,F,P,les chaises avec la chemise que j' aime beaucoup ne sont probablement pas perdues <eos>,13,perdues,perdus,11,F,S,perdues,-8.098997,perdus,-9.188633,1
356,P_NOUN_8_PASS_b,F,P,les chaises avec la chemise que j' aime beaucoup ne sont probablement pas réparées <eos>,13,réparées,réparés,11,F,S,réparées,-9.328579,réparés,-12.353094,1
357,P_NOUN_8_PASS_b,F,P,les chaises avec la chemise que j' aime beaucoup ne sont probablement pas retirées <eos>,13,retirées,retirés,11,F,S,retirées,-8.441193,retirés,-10.774639,1
358,P_NOUN_8_PASS_b,F,P,les chaises avec la chemise que j' aime beaucoup ne sont probablement pas tombées <eos>,13,tombées,tombés,11,F,S,tombées,-7.645994,tombés,-7.834173,1
359,P_NOUN_8_PASS_b,F,P,les chaises avec la chemise que j' aime beaucoup ne sont probablement pas utilisées <eos>,13,utilisées,utilisés,11,F,S,utilisées,-5.5984507,utilisés,-6.9981318,1
360,P_NOUN_8_PASS_b,F,P,les chaises avec la recette que j' aime beaucoup ne sont probablement pas achetées <eos>,13,achetées,achetés,11,F,S,achetées,-10.589998,achetés,-10.55642,0
361,P_NOUN_8_PASS_b,F,P,les chaises avec la recette que j' aime beaucoup ne sont probablement pas brisées <eos>,13,brisées,brisés,11,F,S,brisées,-9.895048,brisés,-13.27157,1
362,P_NOUN_8_PASS_b,F,P,les chaises avec la recette que j' aime beaucoup ne sont probablement pas cachées <eos>,13,cachées,cachés,11,F,S,cachées,-8.30567,cachés,-10.444001,1
363,P_NOUN_8_PASS_b,F,P,les chaises avec la recette que j' aime beaucoup ne sont probablement pas cassées <eos>,13,cassées,cassés,11,F,S,cassées,-9.455889,cassés,-11.069067,1
364,P_NOUN_8_PASS_b,F,P,les chaises avec la recette que j' aime beaucoup ne sont probablement pas couvertes <eos>,13,couvertes,couverts,11,F,S,couvertes,-7.5767727,couverts,-8.142798,1
365,P_NOUN_8_PASS_b,F,P,les chaises avec la recette que j' aime beaucoup ne sont probablement pas déformées <eos>,13,déformées,déformés,11,F,S,déformées,-9.043794,déformés,-13.392934,1
366,P_NOUN_8_PASS_b,F,P,les chaises avec la recette que j' aime beaucoup ne sont probablement pas fixées <eos>,13,fixées,fixés,11,F,S,fixées,-8.50785,fixés,-10.123924,1
367,P_NOUN_8_PASS_b,F,P,les chaises avec la recette que j' aime beaucoup ne sont probablement pas jetées <eos>,13,jetées,jetés,11,F,S,jetées,-9.814369,jetés,-11.290766,1
368,P_NOUN_8_PASS_b,F,P,les chaises avec la recette que j' aime beaucoup ne sont probablement pas laissées <eos>,13,laissées,laissés,11,F,S,laissées,-7.9379625,laissés,-10.7801895,1
369,P_NOUN_8_PASS_b,F,P,les chaises avec la recette que j' aime beaucoup ne sont probablement pas ouvertes <eos>,13,ouvertes,ouverts,11,F,S,ouvertes,-7.4325376,ouverts,-9.110932,1
370,P_NOUN_8_PASS_b,F,P,les chaises avec la recette que j' aime beaucoup ne sont probablement pas perdues <eos>,13,perdues,perdus,11,F,S,perdues,-7.9199057,perdus,-9.388994,1
371,P_NOUN_8_PASS_b,F,P,les chaises avec la recette que j' aime beaucoup ne sont probablement pas réparées <eos>,13,réparées,réparés,11,F,S,réparées,-9.240851,réparés,-12.586381,1
372,P_NOUN_8_PASS_b,F,P,les chaises avec la recette que j' aime beaucoup ne sont probablement pas retirées <eos>,13,retirées,retirés,11,F,S,retirées,-8.696312,retirés,-10.960645,1
373,P_NOUN_8_PASS_b,F,P,les chaises avec la recette que j' aime beaucoup ne sont probablement pas tombées <eos>,13,tombées,tombés,11,F,S,tombées,-7.937879,tombés,-8.703363,1
374,P_NOUN_8_PASS_b,F,P,les chaises avec la recette que j' aime beaucoup ne sont probablement pas utilisées <eos>,13,utilisées,utilisés,11,F,S,utilisées,-5.749699,utilisés,-7.3370175,1
375,P_NOUN_8_PASS_b,F,P,les chaises avec la jupe que j' aime beaucoup ne sont probablement pas achetées <eos>,13,achetées,achetés,11,F,S,achetées,-10.783557,achetés,-11.179453,1
376,P_NOUN_8_PASS_b,F,P,les chaises avec la jupe que j' aime beaucoup ne sont probablement pas brisées <eos>,13,brisées,brisés,11,F,S,brisées,-9.321645,brisés,-12.616123,1
377,P_NOUN_8_PASS_b,F,P,les chaises avec la jupe que j' aime beaucoup ne sont probablement pas cachées <eos>,13,cachées,cachés,11,F,S,cachées,-7.8711004,cachés,-10.467784,1
378,P_NOUN_8_PASS_b,F,P,les chaises avec la jupe que j' aime beaucoup ne sont probablement pas cassées <eos>,13,cassées,cassés,11,F,S,cassées,-8.492235,cassés,-10.872317,1
379,P_NOUN_8_PASS_b,F,P,les chaises avec la jupe que j' aime beaucoup ne sont probablement pas couvertes <eos>,13,couvertes,couverts,11,F,S,couvertes,-7.1199627,couverts,-8.155874,1
380,P_NOUN_8_PASS_b,F,P,les chaises avec la jupe que j' aime beaucoup ne sont probablement pas déformées <eos>,13,déformées,déformés,11,F,S,déformées,-8.127777,déformés,-12.680066,1
381,P_NOUN_8_PASS_b,F,P,les chaises avec la jupe que j' aime beaucoup ne sont probablement pas fixées <eos>,13,fixées,fixés,11,F,S,fixées,-7.7840395,fixés,-9.853367,1
382,P_NOUN_8_PASS_b,F,P,les chaises avec la jupe que j' aime beaucoup ne sont probablement pas jetées <eos>,13,jetées,jetés,11,F,S,jetées,-9.243162,jetés,-10.693447,1
383,P_NOUN_8_PASS_b,F,P,les chaises avec la jupe que j' aime beaucoup ne sont probablement pas laissées <eos>,13,laissées,laissés,11,F,S,laissées,-7.872384,laissés,-10.847719,1
384,P_NOUN_8_PASS_b,F,P,les chaises avec la jupe que j' aime beaucoup ne sont probablement pas ouvertes <eos>,13,ouvertes,ouverts,11,F,S,ouvertes,-7.138308,ouverts,-9.024567,1
385,P_NOUN_8_PASS_b,F,P,les chaises avec la jupe que j' aime beaucoup ne sont probablement pas perdues <eos>,13,perdues,perdus,11,F,S,perdues,-8.203762,perdus,-9.666054,1
386,P_NOUN_8_PASS_b,F,P,les chaises avec la jupe que j' aime beaucoup ne sont probablement pas réparées <eos>,13,réparées,réparés,11,F,S,réparées,-9.020377,réparés,-12.66968,1
387,P_NOUN_8_PASS_b,F,P,les chaises avec la jupe que j' aime beaucoup ne sont probablement pas retirées <eos>,13,retirées,retirés,11,F,S,retirées,-8.389264,retirés,-11.11356,1
388,P_NOUN_8_PASS_b,F,P,les chaises avec la jupe que j' aime beaucoup ne sont probablement pas tombées <eos>,13,tombées,tombés,11,F,S,tombées,-7.668173,tombés,-8.765442,1
389,P_NOUN_8_PASS_b,F,P,les chaises avec la jupe que j' aime beaucoup ne sont probablement pas utilisées <eos>,13,utilisées,utilisés,11,F,S,utilisées,-5.665881,utilisés,-7.3331604,1
390,P_NOUN_8_PASS_b,F,P,les chaises avec la colle que j' aime beaucoup ne sont probablement pas achetées <eos>,13,achetées,achetés,11,F,S,achetées,-10.557949,achetés,-10.422913,0
391,P_NOUN_8_PASS_b,F,P,les chaises avec la colle que j' aime beaucoup ne sont probablement pas brisées <eos>,13,brisées,brisés,11,F,S,brisées,-9.257013,brisés,-12.503265,1
392,P_NOUN_8_PASS_b,F,P,les chaises avec la colle que j' aime beaucoup ne sont probablement pas cachées <eos>,13,cachées,cachés,11,F,S,cachées,-7.9793105,cachés,-9.727943,1
393,P_NOUN_8_PASS_b,F,P,les chaises avec la colle que j' aime beaucoup ne sont probablement pas cassées <eos>,13,cassées,cassés,11,F,S,cassées,-8.398704,cassés,-10.379928,1
394,P_NOUN_8_PASS_b,F,P,les chaises avec la colle que j' aime beaucoup ne sont probablement pas couvertes <eos>,13,couvertes,couverts,11,F,S,couvertes,-7.314543,couverts,-8.0512,1
395,P_NOUN_8_PASS_b,F,P,les chaises avec la colle que j' aime beaucoup ne sont probablement pas déformées <eos>,13,déformées,déformés,11,F,S,déformées,-8.380671,déformés,-13.030555,1
396,P_NOUN_8_PASS_b,F,P,les chaises avec la colle que j' aime beaucoup ne sont probablement pas fixées <eos>,13,fixées,fixés,11,F,S,fixées,-8.045762,fixés,-9.844988,1
397,P_NOUN_8_PASS_b,F,P,les chaises avec la colle que j' aime beaucoup ne sont probablement pas jetées <eos>,13,jetées,jetés,11,F,S,jetées,-8.990234,jetés,-9.924951,1
398,P_NOUN_8_PASS_b,F,P,les chaises avec la colle que j' aime beaucoup ne sont probablement pas laissées <eos>,13,laissées,laissés,11,F,S,laissées,-7.579584,laissés,-10.285954,1
399,P_NOUN_8_PASS_b,F,P,les chaises avec la colle que j' aime beaucoup ne sont probablement pas ouvertes <eos>,13,ouvertes,ouverts,11,F,S,ouvertes,-7.57407,ouverts,-9.260882,1
400,P_NOUN_8_PASS_b,F,P,les chaises avec la colle que j' aime beaucoup ne sont probablement pas perdues <eos>,13,perdues,perdus,11,F,S,perdues,-7.745839,perdus,-9.029632,1
401,P_NOUN_8_PASS_b,F,P,les chaises avec la colle que j' aime beaucoup ne sont probablement pas réparées <eos>,13,réparées,réparés,11,F,S,réparées,-9.044049,réparés,-12.363742,1
402,P_NOUN_8_PASS_b,F,P,les chaises avec la colle que j' aime beaucoup ne sont probablement pas retirées <eos>,13,retirées,retirés,11,F,S,retirées,-8.188131,retirés,-10.441125,1
403,P_NOUN_8_PASS_b,F,P,les chaises avec la colle que j' aime beaucoup ne sont probablement pas tombées <eos>,13,tombées,tombés,11,F,S,tombées,-7.554901,tombés,-8.320358,1
404,P_NOUN_8_PASS_b,F,P,les chaises avec la colle que j' aime beaucoup ne sont probablement pas utilisées <eos>,13,utilisées,utilisés,11,F,S,utilisées,-5.495081,utilisés,-6.9233694,1
405,P_NOUN_8_PASS_b,F,P,les chaises avec la lampe que j' aime beaucoup ne sont probablement pas achetées <eos>,13,achetées,achetés,11,F,S,achetées,-10.624851,achetés,-10.930379,1
406,P_NOUN_8_PASS_b,F,P,les chaises avec la lampe que j' aime beaucoup ne sont probablement pas brisées <eos>,13,brisées,brisés,11,F,S,brisées,-8.897353,brisés,-12.3804,1
407,P_NOUN_8_PASS_b,F,P,les chaises avec la lampe que j' aime beaucoup ne sont probablement pas cachées <eos>,13,cachées,cachés,11,F,S,cachées,-7.5866156,cachés,-9.691007,1
408,P_NOUN_8_PASS_b,F,P,les chaises avec la lampe que j' aime beaucoup ne sont probablement pas cassées <eos>,13,cassées,cassés,11,F,S,cassées,-8.478263,cassés,-10.794824,1
409,P_NOUN_8_PASS_b,F,P,les chaises avec la lampe que j' aime beaucoup ne sont probablement pas couvertes <eos>,13,couvertes,couverts,11,F,S,couvertes,-7.443987,couverts,-8.645626,1
410,P_NOUN_8_PASS_b,F,P,les chaises avec la lampe que j' aime beaucoup ne sont probablement pas déformées <eos>,13,déformées,déformés,11,F,S,déformées,-7.836875,déformés,-12.412583,1
411,P_NOUN_8_PASS_b,F,P,les chaises avec la lampe que j' aime beaucoup ne sont probablement pas fixées <eos>,13,fixées,fixés,11,F,S,fixées,-7.8115587,fixés,-9.814251,1
412,P_NOUN_8_PASS_b,F,P,les chaises avec la lampe que j' aime beaucoup ne sont probablement pas jetées <eos>,13,jetées,jetés,11,F,S,jetées,-8.403686,jetés,-9.744364,1
413,P_NOUN_8_PASS_b,F,P,les chaises avec la lampe que j' aime beaucoup ne sont probablement pas laissées <eos>,13,laissées,laissés,11,F,S,laissées,-7.8444414,laissés,-10.490648,1
414,P_NOUN_8_PASS_b,F,P,les chaises avec la lampe que j' aime beaucoup ne sont probablement pas ouvertes <eos>,13,ouvertes,ouverts,11,F,S,ouvertes,-7.295582,ouverts,-9.318884,1
415,P_NOUN_8_PASS_b,F,P,les chaises avec la lampe que j' aime beaucoup ne sont probablement pas perdues <eos>,13,perdues,perdus,11,F,S,perdues,-7.530286,perdus,-8.871278,1
416,P_NOUN_8_PASS_b,F,P,les chaises avec la lampe que j' aime beaucoup ne sont probablement pas réparées <eos>,13,réparées,réparés,11,F,S,réparées,-8.58534,réparés,-12.093466,1
417,P_NOUN_8_PASS_b,F,P,les chaises avec la lampe que j' aime beaucoup ne sont probablement pas retirées <eos>,13,retirées,retirés,11,F,S,retirées,-7.891766,retirés,-10.563585,1
418,P_NOUN_8_PASS_b,F,P,les chaises avec la lampe que j' aime beaucoup ne sont probablement pas tombées <eos>,13,tombées,tombés,11,F,S,tombées,-7.3181925,tombés,-8.579126,1
419,P_NOUN_8_PASS_b,F,P,les chaises avec la lampe que j' aime beaucoup ne sont probablement pas utilisées <eos>,13,utilisées,utilisés,11,F,S,utilisées,-5.3356123,utilisés,-7.011325,1
420,P_NOUN_8_PASS_b,F,P,les chaises avec la bouteille que j' aime beaucoup ne sont probablement pas achetées <eos>,13,achetées,achetés,11,F,S,achetées,-10.055302,achetés,-10.363105,1
421,P_NOUN_8_PASS_b,F,P,les chaises avec la bouteille que j' aime beaucoup ne sont probablement pas brisées <eos>,13,brisées,brisés,11,F,S,brisées,-9.472118,brisés,-12.849091,1
422,P_NOUN_8_PASS_b,F,P,les chaises avec la bouteille que j' aime beaucoup ne sont probablement pas cachées <eos>,13,cachées,cachés,11,F,S,cachées,-8.064636,cachés,-10.085413,1
423,P_NOUN_8_PASS_b,F,P,les chaises avec la bouteille que j' aime beaucoup ne sont probablement pas cassées <eos>,13,cassées,cassés,11,F,S,cassées,-8.725279,cassés,-10.713229,1
424,P_NOUN_8_PASS_b,F,P,les chaises avec la bouteille que j' aime beaucoup ne sont probablement pas couvertes <eos>,13,couvertes,couverts,11,F,S,couvertes,-7.260057,couverts,-8.100054,1
425,P_NOUN_8_PASS_b,F,P,les chaises avec la bouteille que j' aime beaucoup ne sont probablement pas déformées <eos>,13,déformées,déformés,11,F,S,déformées,-8.531708,déformés,-13.109795,1
426,P_NOUN_8_PASS_b,F,P,les chaises avec la bouteille que j' aime beaucoup ne sont probablement pas fixées <eos>,13,fixées,fixés,11,F,S,fixées,-8.486649,fixés,-9.876713,1
427,P_NOUN_8_PASS_b,F,P,les chaises avec la bouteille que j' aime beaucoup ne sont probablement pas jetées <eos>,13,jetées,jetés,11,F,S,jetées,-9.522537,jetés,-10.433015,1
428,P_NOUN_8_PASS_b,F,P,les chaises avec la bouteille que j' aime beaucoup ne sont probablement pas laissées <eos>,13,laissées,laissés,11,F,S,laissées,-7.364806,laissés,-10.478122,1
429,P_NOUN_8_PASS_b,F,P,les chaises avec la bouteille que j' aime beaucoup ne sont probablement pas ouvertes <eos>,13,ouvertes,ouverts,11,F,S,ouvertes,-7.167567,ouverts,-8.7990675,1
430,P_NOUN_8_PASS_b,F,P,les chaises avec la bouteille que j' aime beaucoup ne sont probablement pas perdues <eos>,13,perdues,perdus,11,F,S,perdues,-7.8818836,perdus,-9.081806,1
431,P_NOUN_8_PASS_b,F,P,les chaises avec la bouteille que j' aime beaucoup ne sont probablement pas réparées <eos>,13,réparées,réparés,11,F,S,réparées,-8.660115,réparés,-12.232027,1
432,P_NOUN_8_PASS_b,F,P,les chaises avec la bouteille que j' aime beaucoup ne sont probablement pas retirées <eos>,13,retirées,retirés,11,F,S,retirées,-8.253399,retirés,-10.861916,1
433,P_NOUN_8_PASS_b,F,P,les chaises avec la bouteille que j' aime beaucoup ne sont probablement pas tombées <eos>,13,tombées,tombés,11,F,S,tombées,-7.857235,tombés,-8.883889,1
434,P_NOUN_8_PASS_b,F,P,les chaises avec la bouteille que j' aime beaucoup ne sont probablement pas utilisées <eos>,13,utilisées,utilisés,11,F,S,utilisées,-5.768123,utilisés,-7.3528743,1
435,P_NOUN_8_PASS_b,F,P,les chaises avec la boisson que j' aime beaucoup ne sont probablement pas achetées <eos>,13,achetées,achetés,11,F,S,achetées,-10.7463875,achetés,-10.395834,0
436,P_NOUN_8_PASS_b,F,P,les chaises avec la boisson que j' aime beaucoup ne sont probablement pas brisées <eos>,13,brisées,brisés,11,F,S,brisées,-9.667071,brisés,-13.226408,1
437,P_NOUN_8_PASS_b,F,P,les chaises avec la boisson que j' aime beaucoup ne sont probablement pas cachées <eos>,13,cachées,cachés,11,F,S,cachées,-8.120437,cachés,-10.108419,1
438,P_NOUN_8_PASS_b,F,P,les chaises avec la boisson que j' aime beaucoup ne sont probablement pas cassées <eos>,13,cassées,cassés,11,F,S,cassées,-9.188024,cassés,-10.91993,1
439,P_NOUN_8_PASS_b,F,P,les chaises avec la boisson que j' aime beaucoup ne sont probablement pas couvertes <eos>,13,couvertes,couverts,11,F,S,couvertes,-7.6292496,couverts,-7.9402885,1
440,P_NOUN_8_PASS_b,F,P,les chaises avec la boisson que j' aime beaucoup ne sont probablement pas déformées <eos>,13,déformées,déformés,11,F,S,déformées,-9.144714,déformés,-13.428578,1
441,P_NOUN_8_PASS_b,F,P,les chaises avec la boisson que j' aime beaucoup ne sont probablement pas fixées <eos>,13,fixées,fixés,11,F,S,fixées,-8.528559,fixés,-10.035442,1
442,P_NOUN_8_PASS_b,F,P,les chaises avec la boisson que j' aime beaucoup ne sont probablement pas jetées <eos>,13,jetées,jetés,11,F,S,jetées,-9.623388,jetés,-10.685156,1
443,P_NOUN_8_PASS_b,F,P,les chaises avec la boisson que j' aime beaucoup ne sont probablement pas laissées <eos>,13,laissées,laissés,11,F,S,laissées,-7.776457,laissés,-10.46079,1
444,P_NOUN_8_PASS_b,F,P,les chaises avec la boisson que j' aime beaucoup ne sont probablement pas ouvertes <eos>,13,ouvertes,ouverts,11,F,S,ouvertes,-7.6588984,ouverts,-9.248503,1
445,P_NOUN_8_PASS_b,F,P,les chaises avec la boisson que j' aime beaucoup ne sont probablement pas perdues <eos>,13,perdues,perdus,11,F,S,perdues,-8.208128,perdus,-9.312862,1
446,P_NOUN_8_PASS_b,F,P,les chaises avec la boisson que j' aime beaucoup ne sont probablement pas réparées <eos>,13,réparées,réparés,11,F,S,réparées,-9.65728,réparés,-12.809274,1
447,P_NOUN_8_PASS_b,F,P,les chaises avec la boisson que j' aime beaucoup ne sont probablement pas retirées <eos>,13,retirées,retirés,11,F,S,retirées,-8.737411,retirés,-10.946124,1
448,P_NOUN_8_PASS_b,F,P,les chaises avec la boisson que j' aime beaucoup ne sont probablement pas tombées <eos>,13,tombées,tombés,11,F,S,tombées,-7.824063,tombés,-8.4530945,1
449,P_NOUN_8_PASS_b,F,P,les chaises avec la boisson que j' aime beaucoup ne sont probablement pas utilisées <eos>,13,utilisées,utilisés,11,F,S,utilisées,-6.0257154,utilisés,-7.355251,1
450,P_NOUN_8_PASS_b,F,P,les chaises avec la pomme que j' aime beaucoup ne sont probablement pas achetées <eos>,13,achetées,achetés,11,F,S,achetées,-10.083118,achetés,-10.0722475,0
451,P_NOUN_8_PASS_b,F,P,les chaises avec la pomme que j' aime beaucoup ne sont probablement pas brisées <eos>,13,brisées,brisés,11,F,S,brisées,-9.452055,brisés,-12.924173,1
452,P_NOUN_8_PASS_b,F,P,les chaises avec la pomme que j' aime beaucoup ne sont probablement pas cachées <eos>,13,cachées,cachés,11,F,S,cachées,-7.851281,cachés,-10.13525,1
453,P_NOUN_8_PASS_b,F,P,les chaises avec la pomme que j' aime beaucoup ne sont probablement pas cassées <eos>,13,cassées,cassés,11,F,S,cassées,-8.746902,cassés,-10.386801,1
454,P_NOUN_8_PASS_b,F,P,les chaises avec la pomme que j' aime beaucoup ne sont probablement pas couvertes <eos>,13,couvertes,couverts,11,F,S,couvertes,-7.0537205,couverts,-7.632119,1
455,P_NOUN_8_PASS_b,F,P,les chaises avec la pomme que j' aime beaucoup ne sont probablement pas déformées <eos>,13,déformées,déformés,11,F,S,déformées,-8.824358,déformés,-13.495095,1
456,P_NOUN_8_PASS_b,F,P,les chaises avec la pomme que j' aime beaucoup ne sont probablement pas fixées <eos>,13,fixées,fixés,11,F,S,fixées,-8.332955,fixés,-9.773891,1
457,P_NOUN_8_PASS_b,F,P,les chaises avec la pomme que j' aime beaucoup ne sont probablement pas jetées <eos>,13,jetées,jetés,11,F,S,jetées,-9.443803,jetés,-10.666756,1
458,P_NOUN_8_PASS_b,F,P,les chaises avec la pomme que j' aime beaucoup ne sont probablement pas laissées <eos>,13,laissées,laissés,11,F,S,laissées,-7.555029,laissés,-10.191736,1
459,P_NOUN_8_PASS_b,F,P,les chaises avec la pomme que j' aime beaucoup ne sont probablement pas ouvertes <eos>,13,ouvertes,ouverts,11,F,S,ouvertes,-7.2305384,ouverts,-9.005413,1
460,P_NOUN_8_PASS_b,F,P,les chaises avec la pomme que j' aime beaucoup ne sont probablement pas perdues <eos>,13,perdues,perdus,11,F,S,perdues,-7.8487697,perdus,-9.262807,1
461,P_NOUN_8_PASS_b,F,P,les chaises avec la pomme que j' aime beaucoup ne sont probablement pas réparées <eos>,13,réparées,réparés,11,F,S,réparées,-9.245752,réparés,-12.639107,1
462,P_NOUN_8_PASS_b,F,P,les chaises avec la pomme que j' aime beaucoup ne sont probablement pas retirées <eos>,13,retirées,retirés,11,F,S,retirées,-8.5098095,retirés,-10.888351,1
463,P_NOUN_8_PASS_b,F,P,les chaises avec la pomme que j' aime beaucoup ne sont probablement pas tombées <eos>,13,tombées,tombés,11,F,S,tombées,-7.4711084,tombés,-8.44767,1
464,P_NOUN_8_PASS_b,F,P,les chaises avec la pomme que j' aime beaucoup ne sont probablement pas utilisées <eos>,13,utilisées,utilisés,11,F,S,utilisées,-5.581789,utilisés,-7.1381226,1
465,P_NOUN_8_PASS_b,F,P,les chaises avec la tasse que j' aime beaucoup ne sont probablement pas achetées <eos>,13,achetées,achetés,11,F,S,achetées,-10.186431,achetés,-10.3413315,1
466,P_NOUN_8_PASS_b,F,P,les chaises avec la tasse que j' aime beaucoup ne sont probablement pas brisées <eos>,13,brisées,brisés,11,F,S,brisées,-9.109342,brisés,-12.714673,1
467,P_NOUN_8_PASS_b,F,P,les chaises avec la tasse que j' aime beaucoup ne sont probablement pas cachées <eos>,13,cachées,cachés,11,F,S,cachées,-7.9841957,cachés,-10.550907,1
468,P_NOUN_8_PASS_b,F,P,les chaises avec la tasse que j' aime beaucoup ne sont probablement pas cassées <eos>,13,cassées,cassés,11,F,S,cassées,-8.679002,cassés,-10.776132,1
469,P_NOUN_8_PASS_b,F,P,les chaises avec la tasse que j' aime beaucoup ne sont probablement pas couvertes <eos>,13,couvertes,couverts,11,F,S,couvertes,-6.8988094,couverts,-7.657792,1
470,P_NOUN_8_PASS_b,F,P,les chaises avec la tasse que j' aime beaucoup ne sont probablement pas déformées <eos>,13,déformées,déformés,11,F,S,déformées,-8.99992,déformés,-13.271215,1
471,P_NOUN_8_PASS_b,F,P,les chaises avec la tasse que j' aime beaucoup ne sont probablement pas fixées <eos>,13,fixées,fixés,11,F,S,fixées,-8.43553,fixés,-10.114555,1
472,P_NOUN_8_PASS_b,F,P,les chaises avec la tasse que j' aime beaucoup ne sont probablement pas jetées <eos>,13,jetées,jetés,11,F,S,jetées,-9.25402,jetés,-10.730665,1
473,P_NOUN_8_PASS_b,F,P,les chaises avec la tasse que j' aime beaucoup ne sont probablement pas laissées <eos>,13,laissées,laissés,11,F,S,laissées,-7.318594,laissés,-10.291997,1
474,P_NOUN_8_PASS_b,F,P,les chaises avec la tasse que j' aime beaucoup ne sont probablement pas ouvertes <eos>,13,ouvertes,ouverts,11,F,S,ouvertes,-6.79885,ouverts,-8.590556,1
475,P_NOUN_8_PASS_b,F,P,les chaises avec la tasse que j' aime beaucoup ne sont probablement pas perdues <eos>,13,perdues,perdus,11,F,S,perdues,-8.0857315,perdus,-9.353739,1
476,P_NOUN_8_PASS_b,F,P,les chaises avec la tasse que j' aime beaucoup ne sont probablement pas réparées <eos>,13,réparées,réparés,11,F,S,réparées,-8.725115,réparés,-12.142696,1
477,P_NOUN_8_PASS_b,F,P,les chaises avec la tasse que j' aime beaucoup ne sont probablement pas retirées <eos>,13,retirées,retirés,11,F,S,retirées,-8.611444,retirés,-11.114561,1
478,P_NOUN_8_PASS_b,F,P,les chaises avec la tasse que j' aime beaucoup ne sont probablement pas tombées <eos>,13,tombées,tombés,11,F,S,tombées,-7.726189,tombés,-8.941996,1
479,P_NOUN_8_PASS_b,F,P,les chaises avec la tasse que j' aime beaucoup ne sont probablement pas utilisées <eos>,13,utilisées,utilisés,11,F,S,utilisées,-5.93259,utilisés,-7.6588454,1
480,P_NOUN_8_PASS_b,F,P,les chaises avec la bougie que j' aime beaucoup ne sont probablement pas achetées <eos>,13,achetées,achetés,11,F,S,achetées,-10.355498,achetés,-10.774477,1
481,P_NOUN_8_PASS_b,F,P,les chaises avec la bougie que j' aime beaucoup ne sont probablement pas brisées <eos>,13,brisées,brisés,11,F,S,brisées,-9.251889,brisés,-12.422743,1
482,P_NOUN_8_PASS_b,F,P,les chaises avec la bougie que j' aime beaucoup ne sont probablement pas cachées <eos>,13,cachées,cachés,11,F,S,cachées,-7.9201922,cachés,-9.859302,1
483,P_NOUN_8_PASS_b,F,P,les chaises avec la bougie que j' aime beaucoup ne sont probablement pas cassées <eos>,13,cassées,cassés,11,F,S,cassées,-8.415363,cassés,-10.675175,1
484,P_NOUN_8_PASS_b,F,P,les chaises avec la bougie que j' aime beaucoup ne sont probablement pas couvertes <eos>,13,couvertes,couverts,11,F,S,couvertes,-7.5136113,couverts,-8.381275,1
485,P_NOUN_8_PASS_b,F,P,les chaises avec la bougie que j' aime beaucoup ne sont probablement pas déformées <eos>,13,déformées,déformés,11,F,S,déformées,-8.36934,déformés,-12.689077,1
486,P_NOUN_8_PASS_b,F,P,les chaises avec la bougie que j' aime beaucoup ne sont probablement pas fixées <eos>,13,fixées,fixés,11,F,S,fixées,-7.9934616,fixés,-9.707159,1
487,P_NOUN_8_PASS_b,F,P,les chaises avec la bougie que j' aime beaucoup ne sont probablement pas jetées <eos>,13,jetées,jetés,11,F,S,jetées,-9.031184,jetés,-9.997508,1
488,P_NOUN_8_PASS_b,F,P,les chaises avec la bougie que j' aime beaucoup ne sont probablement pas laissées <eos>,13,laissées,laissés,11,F,S,laissées,-7.6322527,laissés,-10.378681,1
489,P_NOUN_8_PASS_b,F,P,les chaises avec la bougie que j' aime beaucoup ne sont probablement pas ouvertes <eos>,13,ouvertes,ouverts,11,F,S,ouvertes,-7.4509315,ouverts,-9.166925,1
490,P_NOUN_8_PASS_b,F,P,les chaises avec la bougie que j' aime beaucoup ne sont probablement pas perdues <eos>,13,perdues,perdus,11,F,S,perdues,-7.6303043,perdus,-8.938563,1
491,P_NOUN_8_PASS_b,F,P,les chaises avec la bougie que j' aime beaucoup ne sont probablement pas réparées <eos>,13,réparées,réparés,11,F,S,réparées,-8.61773,réparés,-12.084674,1
492,P_NOUN_8_PASS_b,F,P,les chaises avec la bougie que j' aime beaucoup ne sont probablement pas retirées <eos>,13,retirées,retirés,11,F,S,retirées,-7.95609,retirés,-10.711233,1
493,P_NOUN_8_PASS_b,F,P,les chaises avec la bougie que j' aime beaucoup ne sont probablement pas tombées <eos>,13,tombées,tombés,11,F,S,tombées,-7.497117,tombés,-8.409495,1
494,P_NOUN_8_PASS_b,F,P,les chaises avec la bougie que j' aime beaucoup ne sont probablement pas utilisées <eos>,13,utilisées,utilisés,11,F,S,utilisées,-5.6788855,utilisés,-7.224289,1
495,P_NOUN_8_PASS_b,F,P,les chaises avec la pochette que j' aime beaucoup ne sont probablement pas achetées <eos>,13,achetées,achetés,11,F,S,achetées,-10.125982,achetés,-11.199674,1
496,P_NOUN_8_PASS_b,F,P,les chaises avec la pochette que j' aime beaucoup ne sont probablement pas brisées <eos>,13,brisées,brisés,11,F,S,brisées,-9.164622,brisés,-12.750696,1
497,P_NOUN_8_PASS_b,F,P,les chaises avec la pochette que j' aime beaucoup ne sont probablement pas cachées <eos>,13,cachées,cachés,11,F,S,cachées,-8.047052,cachés,-10.637996,1
498,P_NOUN_8_PASS_b,F,P,les chaises avec la pochette que j' aime beaucoup ne sont probablement pas cassées <eos>,13,cassées,cassés,11,F,S,cassées,-8.887906,cassés,-11.315402,1
499,P_NOUN_8_PASS_b,F,P,les chaises avec la pochette que j' aime beaucoup ne sont probablement pas couvertes <eos>,13,couvertes,couverts,11,F,S,couvertes,-8.265901,couverts,-9.506994,1
500,P_NOUN_8_PASS_b,F,P,les chaises avec la pochette que j' aime beaucoup ne sont probablement pas déformées <eos>,13,déformées,déformés,11,F,S,déformées,-8.0863085,déformés,-12.475288,1
501,P_NOUN_8_PASS_b,F,P,les chaises avec la pochette que j' aime beaucoup ne sont probablement pas fixées <eos>,13,fixées,fixés,11,F,S,fixées,-8.224269,fixés,-10.309298,1
502,P_NOUN_8_PASS_b,F,P,les chaises avec la pochette que j' aime beaucoup ne sont probablement pas jetées <eos>,13,jetées,jetés,11,F,S,jetées,-10.068701,jetés,-11.19899,1
503,P_NOUN_8_PASS_b,F,P,les chaises avec la pochette que j' aime beaucoup ne sont probablement pas laissées <eos>,13,laissées,laissés,11,F,S,laissées,-7.880357,laissés,-11.192574,1
504,P_NOUN_8_PASS_b,F,P,les chaises avec la pochette que j' aime beaucoup ne sont probablement pas ouvertes <eos>,13,ouvertes,ouverts,11,F,S,ouvertes,-7.6625433,ouverts,-9.938569,1
505,P_NOUN_8_PASS_b,F,P,les chaises avec la pochette que j' aime beaucoup ne sont probablement pas perdues <eos>,13,perdues,perdus,11,F,S,perdues,-7.6867733,perdus,-9.255177,1
506,P_NOUN_8_PASS_b,F,P,les chaises avec la pochette que j' aime beaucoup ne sont probablement pas réparées <eos>,13,réparées,réparés,11,F,S,réparées,-9.1490135,réparés,-13.310989,1
507,P_NOUN_8_PASS_b,F,P,les chaises avec la pochette que j' aime beaucoup ne sont probablement pas retirées <eos>,13,retirées,retirés,11,F,S,retirées,-8.079895,retirés,-11.223336,1
508,P_NOUN_8_PASS_b,F,P,les chaises avec la pochette que j' aime beaucoup ne sont probablement pas tombées <eos>,13,tombées,tombés,11,F,S,tombées,-7.9472265,tombés,-9.369839,1
509,P_NOUN_8_PASS_b,F,P,les chaises avec la pochette que j' aime beaucoup ne sont probablement pas utilisées <eos>,13,utilisées,utilisés,11,F,S,utilisées,-5.957926,utilisés,-7.8867006,1
510,P_NOUN_8_PASS_b,F,P,les chaises avec la banane que j' aime beaucoup ne sont probablement pas achetées <eos>,13,achetées,achetés,11,F,S,achetées,-10.353926,achetés,-10.357979,1
511,P_NOUN_8_PASS_b,F,P,les chaises avec la banane que j' aime beaucoup ne sont probablement pas brisées <eos>,13,brisées,brisés,11,F,S,brisées,-9.396425,brisés,-12.799876,1
512,P_NOUN_8_PASS_b,F,P,les chaises avec la banane que j' aime beaucoup ne sont probablement pas cachées <eos>,13,cachées,cachés,11,F,S,cachées,-8.419733,cachés,-10.24045,1
513,P_NOUN_8_PASS_b,F,P,les chaises avec la banane que j' aime beaucoup ne sont probablement pas cassées <eos>,13,cassées,cassés,11,F,S,cassées,-8.792178,cassés,-10.560583,1
514,P_NOUN_8_PASS_b,F,P,les chaises avec la banane que j' aime beaucoup ne sont probablement pas couvertes <eos>,13,couvertes,couverts,11,F,S,couvertes,-7.3618813,couverts,-8.098668,1
515,P_NOUN_8_PASS_b,F,P,les chaises avec la banane que j' aime beaucoup ne sont probablement pas déformées <eos>,13,déformées,déformés,11,F,S,déformées,-8.765613,déformés,-13.219228,1
516,P_NOUN_8_PASS_b,F,P,les chaises avec la banane que j' aime beaucoup ne sont probablement pas fixées <eos>,13,fixées,fixés,11,F,S,fixées,-8.115075,fixés,-9.397893,1
517,P_NOUN_8_PASS_b,F,P,les chaises avec la banane que j' aime beaucoup ne sont probablement pas jetées <eos>,13,jetées,jetés,11,F,S,jetées,-8.1040535,jetés,-10.597179,1
518,P_NOUN_8_PASS_b,F,P,les chaises avec la banane que j' aime beaucoup ne sont probablement pas laissées <eos>,13,laissées,laissés,11,F,S,laissées,-7.6042595,laissés,-10.1535015,1
519,P_NOUN_8_PASS_b,F,P,les chaises avec la banane que j' aime beaucoup ne sont probablement pas ouvertes <eos>,13,ouvertes,ouverts,11,F,S,ouvertes,-8.032095,ouverts,-9.57978,1
520,P_NOUN_8_PASS_b,F,P,les chaises avec la banane que j' aime beaucoup ne sont probablement pas perdues <eos>,13,perdues,perdus,11,F,S,perdues,-8.147229,perdus,-9.217571,1
521,P_NOUN_8_PASS_b,F,P,les chaises avec la banane que j' aime beaucoup ne sont probablement pas réparées <eos>,13,réparées,réparés,11,F,S,réparées,-9.365645,réparés,-12.108924,1
522,P_NOUN_8_PASS_b,F,P,les chaises avec la banane que j' aime beaucoup ne sont probablement pas retirées <eos>,13,retirées,retirés,11,F,S,retirées,-8.644907,retirés,-10.765008,1
523,P_NOUN_8_PASS_b,F,P,les chaises avec la banane que j' aime beaucoup ne sont probablement pas tombées <eos>,13,tombées,tombés,11,F,S,tombées,-7.373387,tombés,-8.160479,1
524,P_NOUN_8_PASS_b,F,P,les chaises avec la banane que j' aime beaucoup ne sont probablement pas utilisées <eos>,13,utilisées,utilisés,11,F,S,utilisées,-5.44278,utilisés,-6.899757,1
525,P_NOUN_8_PASS_b,F,P,les chaises avec la robe que j' aime beaucoup ne sont probablement pas achetées <eos>,13,achetées,achetés,11,F,S,achetées,-11.387371,achetés,-11.273846,0
526,P_NOUN_8_PASS_b,F,P,les chaises avec la robe que j' aime beaucoup ne sont probablement pas brisées <eos>,13,brisées,brisés,11,F,S,brisées,-9.644606,brisés,-13.296487,1
527,P_NOUN_8_PASS_b,F,P,les chaises avec la robe que j' aime beaucoup ne sont probablement pas cachées <eos>,13,cachées,cachés,11,F,S,cachées,-7.9774013,cachés,-10.196716,1
528,P_NOUN_8_PASS_b,F,P,les chaises avec la robe que j' aime beaucoup ne sont probablement pas cassées <eos>,13,cassées,cassés,11,F,S,cassées,-9.227003,cassés,-11.5412445,1
529,P_NOUN_8_PASS_b,F,P,les chaises avec la robe que j' aime beaucoup ne sont probablement pas couvertes <eos>,13,couvertes,couverts,11,F,S,couvertes,-7.468719,couverts,-8.250244,1
530,P_NOUN_8_PASS_b,F,P,les chaises avec la robe que j' aime beaucoup ne sont probablement pas déformées <eos>,13,déformées,déformés,11,F,S,déformées,-8.932171,déformés,-12.850365,1
531,P_NOUN_8_PASS_b,F,P,les chaises avec la robe que j' aime beaucoup ne sont probablement pas fixées <eos>,13,fixées,fixés,11,F,S,fixées,-8.427023,fixés,-10.245176,1
532,P_NOUN_8_PASS_b,F,P,les chaises avec la robe que j' aime beaucoup ne sont probablement pas jetées <eos>,13,jetées,jetés,11,F,S,jetées,-9.543127,jetés,-10.881875,1
533,P_NOUN_8_PASS_b,F,P,les chaises avec la robe que j' aime beaucoup ne sont probablement pas laissées <eos>,13,laissées,laissés,11,F,S,laissées,-8.265745,laissés,-10.884049,1
534,P_NOUN_8_PASS_b,F,P,les chaises avec la robe que j' aime beaucoup ne sont probablement pas ouvertes <eos>,13,ouvertes,ouverts,11,F,S,ouvertes,-7.4584785,ouverts,-9.371944,1
535,P_NOUN_8_PASS_b,F,P,les chaises avec la robe que j' aime beaucoup ne sont probablement pas perdues <eos>,13,perdues,perdus,11,F,S,perdues,-8.506912,perdus,-9.808801,1
536,P_NOUN_8_PASS_b,F,P,les chaises avec la robe que j' aime beaucoup ne sont probablement pas réparées <eos>,13,réparées,réparés,11,F,S,réparées,-9.543391,réparés,-12.322817,1
537,P_NOUN_8_PASS_b,F,P,les chaises avec la robe que j' aime beaucoup ne sont probablement pas retirées <eos>,13,retirées,retirés,11,F,S,retirées,-8.990874,retirés,-11.301134,1
538,P_NOUN_8_PASS_b,F,P,les chaises avec la robe que j' aime beaucoup ne sont probablement pas tombées <eos>,13,tombées,tombés,11,F,S,tombées,-7.754114,tombés,-8.312455,1
539,P_NOUN_8_PASS_b,F,P,les chaises avec la robe que j' aime beaucoup ne sont probablement pas utilisées <eos>,13,utilisées,utilisés,11,F,S,utilisées,-5.741211,utilisés,-7.1757736,1
540,P_NOUN_8_PASS_b,F,P,les chaises avec la valise que j' aime beaucoup ne sont probablement pas achetées <eos>,13,achetées,achetés,11,F,S,achetées,-9.293313,achetés,-10.16826,1
541,P_NOUN_8_PASS_b,F,P,les chaises avec la valise que j' aime beaucoup ne sont probablement pas brisées <eos>,13,brisées,brisés,11,F,S,brisées,-9.076067,brisés,-12.694912,1
542,P_NOUN_8_PASS_b,F,P,les chaises avec la valise que j' aime beaucoup ne sont probablement pas cachées <eos>,13,cachées,cachés,11,F,S,cachées,-7.5731,cachés,-9.193742,1
543,P_NOUN_8_PASS_b,F,P,les chaises avec la valise que j' aime beaucoup ne sont probablement pas cassées <eos>,13,cassées,cassés,11,F,S,cassées,-8.7948,cassés,-10.831841,1
544,P_NOUN_8_PASS_b,F,P,les chaises avec la valise que j' aime beaucoup ne sont probablement pas couvertes <eos>,13,couvertes,couverts,11,F,S,couvertes,-7.811061,couverts,-9.001999,1
545,P_NOUN_8_PASS_b,F,P,les chaises avec la valise que j' aime beaucoup ne sont probablement pas déformées <eos>,13,déformées,déformés,11,F,S,déformées,-7.9925966,déformés,-13.243089,1
546,P_NOUN_8_PASS_b,F,P,les chaises avec la valise que j' aime beaucoup ne sont probablement pas fixées <eos>,13,fixées,fixés,11,F,S,fixées,-8.046527,fixés,-9.849056,1
547,P_NOUN_8_PASS_b,F,P,les chaises avec la valise que j' aime beaucoup ne sont probablement pas jetées <eos>,13,jetées,jetés,11,F,S,jetées,-8.473706,jetés,-9.703323,1
548,P_NOUN_8_PASS_b,F,P,les chaises avec la valise que j' aime beaucoup ne sont probablement pas laissées <eos>,13,laissées,laissés,11,F,S,laissées,-7.65848,laissés,-10.172737,1
549,P_NOUN_8_PASS_b,F,P,les chaises avec la valise que j' aime beaucoup ne sont probablement pas ouvertes <eos>,13,ouvertes,ouverts,11,F,S,ouvertes,-7.446292,ouverts,-9.010347,1
550,P_NOUN_8_PASS_b,F,P,les chaises avec la valise que j' aime beaucoup ne sont probablement pas perdues <eos>,13,perdues,perdus,11,F,S,perdues,-7.349929,perdus,-8.596614,1
551,P_NOUN_8_PASS_b,F,P,les chaises avec la valise que j' aime beaucoup ne sont probablement pas réparées <eos>,13,réparées,réparés,11,F,S,réparées,-8.790731,réparés,-12.8151455,1
552,P_NOUN_8_PASS_b,F,P,les chaises avec la valise que j' aime beaucoup ne sont probablement pas retirées <eos>,13,retirées,retirés,11,F,S,retirées,-8.087731,retirés,-10.32554,1
553,P_NOUN_8_PASS_b,F,P,les chaises avec la valise que j' aime beaucoup ne sont probablement pas tombées <eos>,13,tombées,tombés,11,F,S,tombées,-7.749835,tombés,-8.40893,1
554,P_NOUN_8_PASS_b,F,P,les chaises avec la valise que j' aime beaucoup ne sont probablement pas utilisées <eos>,13,utilisées,utilisés,11,F,S,utilisées,-5.2819624,utilisés,-6.9334726,1
555,P_NOUN_8_PASS_b,F,P,les chaises avec la pendule que j' aime beaucoup ne sont probablement pas achetées <eos>,13,achetées,achetés,11,F,S,achetées,-11.163239,achetés,-11.099636,0
556,P_NOUN_8_PASS_b,F,P,les chaises avec la pendule que j' aime beaucoup ne sont probablement pas brisées <eos>,13,brisées,brisés,11,F,S,brisées,-9.041012,brisés,-12.289423,1
557,P_NOUN_8_PASS_b,F,P,les chaises avec la pendule que j' aime beaucoup ne sont probablement pas cachées <eos>,13,cachées,cachés,11,F,S,cachées,-7.9775805,cachés,-9.969257,1
558,P_NOUN_8_PASS_b,F,P,les chaises avec la pendule que j' aime beaucoup ne sont probablement pas cassées <eos>,13,cassées,cassés,11,F,S,cassées,-8.089665,cassés,-10.787689,1
559,P_NOUN_8_PASS_b,F,P,les chaises avec la pendule que j' aime beaucoup ne sont probablement pas couvertes <eos>,13,couvertes,couverts,11,F,S,couvertes,-7.289713,couverts,-8.333246,1
560,P_NOUN_8_PASS_b,F,P,les chaises avec la pendule que j' aime beaucoup ne sont probablement pas déformées <eos>,13,déformées,déformés,11,F,S,déformées,-7.658721,déformés,-12.40182,1
561,P_NOUN_8_PASS_b,F,P,les chaises avec la pendule que j' aime beaucoup ne sont probablement pas fixées <eos>,13,fixées,fixés,11,F,S,fixées,-7.58786,fixés,-9.520318,1
562,P_NOUN_8_PASS_b,F,P,les chaises avec la pendule que j' aime beaucoup ne sont probablement pas jetées <eos>,13,jetées,jetés,11,F,S,jetées,-8.701803,jetés,-9.817408,1
563,P_NOUN_8_PASS_b,F,P,les chaises avec la pendule que j' aime beaucoup ne sont probablement pas laissées <eos>,13,laissées,laissés,11,F,S,laissées,-7.709692,laissés,-10.747688,1
564,P_NOUN_8_PASS_b,F,P,les chaises avec la pendule que j' aime beaucoup ne sont probablement pas ouvertes <eos>,13,ouvertes,ouverts,11,F,S,ouvertes,-7.279311,ouverts,-8.90034,1
565,P_NOUN_8_PASS_b,F,P,les chaises avec la pendule que j' aime beaucoup ne sont probablement pas perdues <eos>,13,perdues,perdus,11,F,S,perdues,-7.686346,perdus,-8.825818,1
566,P_NOUN_8_PASS_b,F,P,les chaises avec la pendule que j' aime beaucoup ne sont probablement pas réparées <eos>,13,réparées,réparés,11,F,S,réparées,-8.674486,réparés,-12.131538,1
567,P_NOUN_8_PASS_b,F,P,les chaises avec la pendule que j' aime beaucoup ne sont probablement pas retirées <eos>,13,retirées,retirés,11,F,S,retirées,-8.025216,retirés,-10.680998,1
568,P_NOUN_8_PASS_b,F,P,les chaises avec la pendule que j' aime beaucoup ne sont probablement pas tombées <eos>,13,tombées,tombés,11,F,S,tombées,-7.5286884,tombés,-8.783022,1
569,P_NOUN_8_PASS_b,F,P,les chaises avec la pendule que j' aime beaucoup ne sont probablement pas utilisées <eos>,13,utilisées,utilisés,11,F,S,utilisées,-5.467813,utilisés,-6.8845983,1
570,P_NOUN_8_PASS_b,F,P,les chaises avec la cloche que j' aime beaucoup ne sont probablement pas achetées <eos>,13,achetées,achetés,11,F,S,achetées,-10.55587,achetés,-10.881187,1
571,P_NOUN_8_PASS_b,F,P,les chaises avec la cloche que j' aime beaucoup ne sont probablement pas brisées <eos>,13,brisées,brisés,11,F,S,brisées,-8.960586,brisés,-12.268216,1
572,P_NOUN_8_PASS_b,F,P,les chaises avec la cloche que j' aime beaucoup ne sont probablement pas cachées <eos>,13,cachées,cachés,11,F,S,cachées,-7.5654984,cachés,-9.925678,1
573,P_NOUN_8_PASS_b,F,P,les chaises avec la cloche que j' aime beaucoup ne sont probablement pas cassées <eos>,13,cassées,cassés,11,F,S,cassées,-8.74995,cassés,-10.612184,1
574,P_NOUN_8_PASS_b,F,P,les chaises avec la cloche que j' aime beaucoup ne sont probablement pas couvertes <eos>,13,couvertes,couverts,11,F,S,couvertes,-7.415143,couverts,-8.278315,1
575,P_NOUN_8_PASS_b,F,P,les chaises avec la cloche que j' aime beaucoup ne sont probablement pas déformées <eos>,13,déformées,déformés,11,F,S,déformées,-8.691187,déformés,-12.943083,1
576,P_NOUN_8_PASS_b,F,P,les chaises avec la cloche que j' aime beaucoup ne sont probablement pas fixées <eos>,13,fixées,fixés,11,F,S,fixées,-8.211758,fixés,-10.088317,1
577,P_NOUN_8_PASS_b,F,P,les chaises avec la cloche que j' aime beaucoup ne sont probablement pas jetées <eos>,13,jetées,jetés,11,F,S,jetées,-8.997236,jetés,-10.055506,1
578,P_NOUN_8_PASS_b,F,P,les chaises avec la cloche que j' aime beaucoup ne sont probablement pas laissées <eos>,13,laissées,laissés,11,F,S,laissées,-7.854389,laissés,-10.14926,1
579,P_NOUN_8_PASS_b,F,P,les chaises avec la cloche que j' aime beaucoup ne sont probablement pas ouvertes <eos>,13,ouvertes,ouverts,11,F,S,ouvertes,-7.136487,ouverts,-9.392137,1
580,P_NOUN_8_PASS_b,F,P,les chaises avec la cloche que j' aime beaucoup ne sont probablement pas perdues <eos>,13,perdues,perdus,11,F,S,perdues,-7.407736,perdus,-8.805592,1
581,P_NOUN_8_PASS_b,F,P,les chaises avec la cloche que j' aime beaucoup ne sont probablement pas réparées <eos>,13,réparées,réparés,11,F,S,réparées,-8.685129,réparés,-11.990658,1
582,P_NOUN_8_PASS_b,F,P,les chaises avec la cloche que j' aime beaucoup ne sont probablement pas retirées <eos>,13,retirées,retirés,11,F,S,retirées,-8.073494,retirés,-10.626302,1
583,P_NOUN_8_PASS_b,F,P,les chaises avec la cloche que j' aime beaucoup ne sont probablement pas tombées <eos>,13,tombées,tombés,11,F,S,tombées,-7.4730196,tombés,-8.114735,1
584,P_NOUN_8_PASS_b,F,P,les chaises avec la cloche que j' aime beaucoup ne sont probablement pas utilisées <eos>,13,utilisées,utilisés,11,F,S,utilisées,-5.6942163,utilisés,-7.2951865,1
585,P_NOUN_8_PASS_b,F,P,les chaises avec la cerise que j' aime beaucoup ne sont probablement pas achetées <eos>,13,achetées,achetés,11,F,S,achetées,-10.344775,achetés,-10.450465,1
586,P_NOUN_8_PASS_b,F,P,les chaises avec la cerise que j' aime beaucoup ne sont probablement pas brisées <eos>,13,brisées,brisés,11,F,S,brisées,-9.434441,brisés,-12.788088,1
587,P_NOUN_8_PASS_b,F,P,les chaises avec la cerise que j' aime beaucoup ne sont probablement pas cachées <eos>,13,cachées,cachés,11,F,S,cachées,-7.989555,cachés,-10.249361,1
588,P_NOUN_8_PASS_b,F,P,les chaises avec la cerise que j' aime beaucoup ne sont probablement pas cassées <eos>,13,cassées,cassés,11,F,S,cassées,-8.663194,cassés,-10.560487,1
589,P_NOUN_8_PASS_b,F,P,les chaises avec la cerise que j' aime beaucoup ne sont probablement pas couvertes <eos>,13,couvertes,couverts,11,F,S,couvertes,-7.360771,couverts,-7.937894,1
590,P_NOUN_8_PASS_b,F,P,les chaises avec la cerise que j' aime beaucoup ne sont probablement pas déformées <eos>,13,déformées,déformés,11,F,S,déformées,-8.762804,déformés,-13.201937,1
591,P_NOUN_8_PASS_b,F,P,les chaises avec la cerise que j' aime beaucoup ne sont probablement pas fixées <eos>,13,fixées,fixés,11,F,S,fixées,-8.421654,fixés,-9.873843,1
592,P_NOUN_8_PASS_b,F,P,les chaises avec la cerise que j' aime beaucoup ne sont probablement pas jetées <eos>,13,jetées,jetés,11,F,S,jetées,-9.263517,jetés,-10.778063,1
593,P_NOUN_8_PASS_b,F,P,les chaises avec la cerise que j' aime beaucoup ne sont probablement pas laissées <eos>,13,laissées,laissés,11,F,S,laissées,-7.713754,laissés,-10.355656,1
594,P_NOUN_8_PASS_b,F,P,les chaises avec la cerise que j' aime beaucoup ne sont probablement pas ouvertes <eos>,13,ouvertes,ouverts,11,F,S,ouvertes,-7.6169014,ouverts,-9.117698,1
595,P_NOUN_8_PASS_b,F,P,les chaises avec la cerise que j' aime beaucoup ne sont probablement pas perdues <eos>,13,perdues,perdus,11,F,S,perdues,-8.028788,perdus,-9.504799,1
596,P_NOUN_8_PASS_b,F,P,les chaises avec la cerise que j' aime beaucoup ne sont probablement pas réparées <eos>,13,réparées,réparés,11,F,S,réparées,-9.351059,réparés,-12.404776,1
597,P_NOUN_8_PASS_b,F,P,les chaises avec la cerise que j' aime beaucoup ne sont probablement pas retirées <eos>,13,retirées,retirés,11,F,S,retirées,-8.610192,retirés,-10.884699,1
598,P_NOUN_8_PASS_b,F,P,les chaises avec la cerise que j' aime beaucoup ne sont probablement pas tombées <eos>,13,tombées,tombés,11,F,S,tombées,-7.4596353,tombés,-8.493952,1
599,P_NOUN_8_PASS_b,F,P,les chaises avec la cerise que j' aime beaucoup ne sont probablement pas utilisées <eos>,13,utilisées,utilisés,11,F,S,utilisées,-5.643214,utilisés,-7.2170134,1
600,P_NOUN_8_PASS_b,F,P,les poubelles avec la gemme que j' aime beaucoup ne sont probablement pas achetées <eos>,13,achetées,achetés,11,F,S,achetées,-10.467862,achetés,-10.173312,0
601,P_NOUN_8_PASS_b,F,P,les poubelles avec la gemme que j' aime beaucoup ne sont probablement pas brisées <eos>,13,brisées,brisés,11,F,S,brisées,-9.26823,brisés,-12.365825,1
602,P_NOUN_8_PASS_b,F,P,les poubelles avec la gemme que j' aime beaucoup ne sont probablement pas cachées <eos>,13,cachées,cachés,11,F,S,cachées,-7.495355,cachés,-8.960958,1
603,P_NOUN_8_PASS_b,F,P,les poubelles avec la gemme que j' aime beaucoup ne sont probablement pas cassées <eos>,13,cassées,cassés,11,F,S,cassées,-8.583286,cassés,-10.046369,1
604,P_NOUN_8_PASS_b,F,P,les poubelles avec la gemme que j' aime beaucoup ne sont probablement pas couvertes <eos>,13,couvertes,couverts,11,F,S,couvertes,-6.6377716,couverts,-7.840024,1
605,P_NOUN_8_PASS_b,F,P,les poubelles avec la gemme que j' aime beaucoup ne sont probablement pas déformées <eos>,13,déformées,déformés,11,F,S,déformées,-8.373737,déformés,-13.316429,1
606,P_NOUN_8_PASS_b,F,P,les poubelles avec la gemme que j' aime beaucoup ne sont probablement pas fixées <eos>,13,fixées,fixés,11,F,S,fixées,-7.825396,fixés,-9.269701,1
607,P_NOUN_8_PASS_b,F,P,les poubelles avec la gemme que j' aime beaucoup ne sont probablement pas jetées <eos>,13,jetées,jetés,11,F,S,jetées,-7.7125034,jetés,-8.915991,1
608,P_NOUN_8_PASS_b,F,P,les poubelles avec la gemme que j' aime beaucoup ne sont probablement pas laissées <eos>,13,laissées,laissés,11,F,S,laissées,-7.6827526,laissés,-9.41821,1
609,P_NOUN_8_PASS_b,F,P,les poubelles avec la gemme que j' aime beaucoup ne sont probablement pas ouvertes <eos>,13,ouvertes,ouverts,11,F,S,ouvertes,-7.114436,ouverts,-8.908568,1
610,P_NOUN_8_PASS_b,F,P,les poubelles avec la gemme que j' aime beaucoup ne sont probablement pas perdues <eos>,13,perdues,perdus,11,F,S,perdues,-7.5948057,perdus,-8.849588,1
611,P_NOUN_8_PASS_b,F,P,les poubelles avec la gemme que j' aime beaucoup ne sont probablement pas réparées <eos>,13,réparées,réparés,11,F,S,réparées,-8.48796,réparés,-11.51667,1
612,P_NOUN_8_PASS_b,F,P,les poubelles avec la gemme que j' aime beaucoup ne sont probablement pas retirées <eos>,13,retirées,retirés,11,F,S,retirées,-7.9825344,retirés,-10.073017,1
613,P_NOUN_8_PASS_b,F,P,les poubelles avec la gemme que j' aime beaucoup ne sont probablement pas tombées <eos>,13,tombées,tombés,11,F,S,tombées,-7.298544,tombés,-7.8412476,1
614,P_NOUN_8_PASS_b,F,P,les poubelles avec la gemme que j' aime beaucoup ne sont probablement pas utilisées <eos>,13,utilisées,utilisés,11,F,S,utilisées,-5.1412935,utilisés,-6.467471,1
615,P_NOUN_8_PASS_b,F,P,les poubelles avec la chaise que j' aime beaucoup ne sont probablement pas achetées <eos>,13,achetées,achetés,11,F,S,achetées,-10.792606,achetés,-10.420858,0
616,P_NOUN_8_PASS_b,F,P,les poubelles avec la chaise que j' aime beaucoup ne sont probablement pas brisées <eos>,13,brisées,brisés,11,F,S,brisées,-9.039363,brisés,-12.302025,1
617,P_NOUN_8_PASS_b,F,P,les poubelles avec la chaise que j' aime beaucoup ne sont probablement pas cachées <eos>,13,cachées,cachés,11,F,S,cachées,-7.6550794,cachés,-9.620632,1
618,P_NOUN_8_PASS_b,F,P,les poubelles avec la chaise que j' aime beaucoup ne sont probablement pas cassées <eos>,13,cassées,cassés,11,F,S,cassées,-8.227581,cassés,-10.16198,1
619,P_NOUN_8_PASS_b,F,P,les poubelles avec la chaise que j' aime beaucoup ne sont probablement pas couvertes <eos>,13,couvertes,couverts,11,F,S,couvertes,-6.734558,couverts,-8.002782,1
620,P_NOUN_8_PASS_b,F,P,les poubelles avec la chaise que j' aime beaucoup ne sont probablement pas déformées <eos>,13,déformées,déformés,11,F,S,déformées,-8.186313,déformés,-13.186941,1
621,P_NOUN_8_PASS_b,F,P,les poubelles avec la chaise que j' aime beaucoup ne sont probablement pas fixées <eos>,13,fixées,fixés,11,F,S,fixées,-7.4899096,fixés,-9.267339,1
622,P_NOUN_8_PASS_b,F,P,les poubelles avec la chaise que j' aime beaucoup ne sont probablement pas jetées <eos>,13,jetées,jetés,11,F,S,jetées,-7.989481,jetés,-9.411071,1
623,P_NOUN_8_PASS_b,F,P,les poubelles avec la chaise que j' aime beaucoup ne sont probablement pas laissées <eos>,13,laissées,laissés,11,F,S,laissées,-7.646708,laissés,-9.877228,1
624,P_NOUN_8_PASS_b,F,P,les poubelles avec la chaise que j' aime beaucoup ne sont probablement pas ouvertes <eos>,13,ouvertes,ouverts,11,F,S,ouvertes,-7.0351973,ouverts,-8.922551,1
625,P_NOUN_8_PASS_b,F,P,les poubelles avec la chaise que j' aime beaucoup ne sont probablement pas perdues <eos>,13,perdues,perdus,11,F,S,perdues,-7.723732,perdus,-8.969179,1
626,P_NOUN_8_PASS_b,F,P,les poubelles avec la chaise que j' aime beaucoup ne sont probablement pas réparées <eos>,13,réparées,réparés,11,F,S,réparées,-8.664904,réparés,-12.062208,1
627,P_NOUN_8_PASS_b,F,P,les poubelles avec la chaise que j' aime beaucoup ne sont probablement pas retirées <eos>,13,retirées,retirés,11,F,S,retirées,-8.171284,retirés,-10.470364,1
628,P_NOUN_8_PASS_b,F,P,les poubelles avec la chaise que j' aime beaucoup ne sont probablement pas tombées <eos>,13,tombées,tombés,11,F,S,tombées,-7.787812,tombés,-8.499017,1
629,P_NOUN_8_PASS_b,F,P,les poubelles avec la chaise que j' aime beaucoup ne sont probablement pas utilisées <eos>,13,utilisées,utilisés,11,F,S,utilisées,-5.1213326,utilisés,-6.4598317,1
630,P_NOUN_8_PASS_b,F,P,les poubelles avec la poubelle que j' aime beaucoup ne sont probablement pas achetées <eos>,13,achetées,achetés,11,F,S,achetées,-10.388521,achetés,-10.03658,0
631,P_NOUN_8_PASS_b,F,P,les poubelles avec la poubelle que j' aime beaucoup ne sont probablement pas brisées <eos>,13,brisées,brisés,11,F,S,brisées,-9.148051,brisés,-12.408991,1
632,P_NOUN_8_PASS_b,F,P,les poubelles avec la poubelle que j' aime beaucoup ne sont probablement pas cachées <eos>,13,cachées,cachés,11,F,S,cachées,-7.338354,cachés,-8.760487,1
633,P_NOUN_8_PASS_b,F,P,les poubelles avec la poubelle que j' aime beaucoup ne sont probablement pas cassées <eos>,13,cassées,cassés,11,F,S,cassées,-8.496311,cassés,-10.214146,1
634,P_NOUN_8_PASS_b,F,P,les poubelles avec la poubelle que j' aime beaucoup ne sont probablement pas couvertes <eos>,13,couvertes,couverts,11,F,S,couvertes,-6.826779,couverts,-8.243576,1
635,P_NOUN_8_PASS_b,F,P,les poubelles avec la poubelle que j' aime beaucoup ne sont probablement pas déformées <eos>,13,déformées,déformés,11,F,S,déformées,-8.208235,déformés,-13.247482,1
636,P_NOUN_8_PASS_b,F,P,les poubelles avec la poubelle que j' aime beaucoup ne sont probablement pas fixées <eos>,13,fixées,fixés,11,F,S,fixées,-7.7015586,fixés,-9.398958,1
637,P_NOUN_8_PASS_b,F,P,les poubelles avec la poubelle que j' aime beaucoup ne sont probablement pas jetées <eos>,13,jetées,jetés,11,F,S,jetées,-7.6986446,jetés,-8.944462,1
638,P_NOUN_8_PASS_b,F,P,les poubelles avec la poubelle que j' aime beaucoup ne sont probablement pas laissées <eos>,13,laissées,laissés,11,F,S,laissées,-7.7811236,laissés,-9.608847,1
639,P_NOUN_8_PASS_b,F,P,les poubelles avec la poubelle que j' aime beaucoup ne sont probablement pas ouvertes <eos>,13,ouvertes,ouverts,11,F,S,ouvertes,-6.9980936,ouverts,-9.000852,1
640,P_NOUN_8_PASS_b,F,P,les poubelles avec la poubelle que j' aime beaucoup ne sont probablement pas perdues <eos>,13,perdues,perdus,11,F,S,perdues,-7.6430507,perdus,-8.940891,1
641,P_NOUN_8_PASS_b,F,P,les poubelles avec la poubelle que j' aime beaucoup ne sont probablement pas réparées <eos>,13,réparées,réparés,11,F,S,réparées,-8.4267025,réparés,-11.914952,1
642,P_NOUN_8_PASS_b,F,P,les poubelles avec la poubelle que j' aime beaucoup ne sont probablement pas retirées <eos>,13,retirées,retirés,11,F,S,retirées,-7.938076,retirés,-10.237188,1
643,P_NOUN_8_PASS_b,F,P,les poubelles avec la poubelle que j' aime beaucoup ne sont probablement pas tombées <eos>,13,tombées,tombés,11,F,S,tombées,-7.459473,tombés,-8.132198,1
644,P_NOUN_8_PASS_b,F,P,les poubelles avec la poubelle que j' aime beaucoup ne sont probablement pas utilisées <eos>,13,utilisées,utilisés,11,F,S,utilisées,-4.9362926,utilisés,-6.3551617,1
645,P_NOUN_8_PASS_b,F,P,les poubelles avec la chemise que j' aime beaucoup ne sont probablement pas achetées <eos>,13,achetées,achetés,11,F,S,achetées,-10.45285,achetés,-10.522077,1
646,P_NOUN_8_PASS_b,F,P,les poubelles avec la chemise que j' aime beaucoup ne sont probablement pas brisées <eos>,13,brisées,brisés,11,F,S,brisées,-9.094432,brisés,-12.320769,1
647,P_NOUN_8_PASS_b,F,P,les poubelles avec la chemise que j' aime beaucoup ne sont probablement pas cachées <eos>,13,cachées,cachés,11,F,S,cachées,-7.427024,cachés,-9.101316,1
648,P_NOUN_8_PASS_b,F,P,les poubelles avec la chemise que j' aime beaucoup ne sont probablement pas cassées <eos>,13,cassées,cassés,11,F,S,cassées,-8.233456,cassés,-10.076198,1
649,P_NOUN_8_PASS_b,F,P,les poubelles avec la chemise que j' aime beaucoup ne sont probablement pas couvertes <eos>,13,couvertes,couverts,11,F,S,couvertes,-6.472806,couverts,-8.08392,1
650,P_NOUN_8_PASS_b,F,P,les poubelles avec la chemise que j' aime beaucoup ne sont probablement pas déformées <eos>,13,déformées,déformés,11,F,S,déformées,-8.395805,déformés,-13.446591,1
651,P_NOUN_8_PASS_b,F,P,les poubelles avec la chemise que j' aime beaucoup ne sont probablement pas fixées <eos>,13,fixées,fixés,11,F,S,fixées,-7.6152444,fixés,-9.445601,1
652,P_NOUN_8_PASS_b,F,P,les poubelles avec la chemise que j' aime beaucoup ne sont probablement pas jetées <eos>,13,jetées,jetés,11,F,S,jetées,-7.6329813,jetés,-9.1584,1
653,P_NOUN_8_PASS_b,F,P,les poubelles avec la chemise que j' aime beaucoup ne sont probablement pas laissées <eos>,13,laissées,laissés,11,F,S,laissées,-7.8272166,laissés,-9.717041,1
654,P_NOUN_8_PASS_b,F,P,les poubelles avec la chemise que j' aime beaucoup ne sont probablement pas ouvertes <eos>,13,ouvertes,ouverts,11,F,S,ouvertes,-6.8166847,ouverts,-8.929604,1
655,P_NOUN_8_PASS_b,F,P,les poubelles avec la chemise que j' aime beaucoup ne sont probablement pas perdues <eos>,13,perdues,perdus,11,F,S,perdues,-7.811233,perdus,-9.02829,1
656,P_NOUN_8_PASS_b,F,P,les poubelles avec la chemise que j' aime beaucoup ne sont probablement pas réparées <eos>,13,réparées,réparés,11,F,S,réparées,-8.702784,réparés,-11.815699,1
657,P_NOUN_8_PASS_b,F,P,les poubelles avec la chemise que j' aime beaucoup ne sont probablement pas retirées <eos>,13,retirées,retirés,11,F,S,retirées,-8.071322,retirés,-10.070299,1
658,P_NOUN_8_PASS_b,F,P,les poubelles avec la chemise que j' aime beaucoup ne sont probablement pas tombées <eos>,13,tombées,tombés,11,F,S,tombées,-7.6858325,tombés,-7.6787477,0
659,P_NOUN_8_PASS_b,F,P,les poubelles avec la chemise que j' aime beaucoup ne sont probablement pas utilisées <eos>,13,utilisées,utilisés,11,F,S,utilisées,-4.8892922,utilisés,-6.262364,1
660,P_NOUN_8_PASS_b,F,P,les poubelles avec la recette que j' aime beaucoup ne sont probablement pas achetées <eos>,13,achetées,achetés,11,F,S,achetées,-10.248784,achetés,-10.046363,0
661,P_NOUN_8_PASS_b,F,P,les poubelles avec la recette que j' aime beaucoup ne sont probablement pas brisées <eos>,13,brisées,brisés,11,F,S,brisées,-9.906292,brisés,-13.236279,1
662,P_NOUN_8_PASS_b,F,P,les poubelles avec la recette que j' aime beaucoup ne sont probablement pas cachées <eos>,13,cachées,cachés,11,F,S,cachées,-8.244766,cachés,-9.663344,1
663,P_NOUN_8_PASS_b,F,P,les poubelles avec la recette que j' aime beaucoup ne sont probablement pas cassées <eos>,13,cassées,cassés,11,F,S,cassées,-9.293232,cassés,-10.394724,1
664,P_NOUN_8_PASS_b,F,P,les poubelles avec la recette que j' aime beaucoup ne sont probablement pas couvertes <eos>,13,couvertes,couverts,11,F,S,couvertes,-6.912255,couverts,-8.036124,1
665,P_NOUN_8_PASS_b,F,P,les poubelles avec la recette que j' aime beaucoup ne sont probablement pas déformées <eos>,13,déformées,déformés,11,F,S,déformées,-8.907523,déformés,-13.903069,1
666,P_NOUN_8_PASS_b,F,P,les poubelles avec la recette que j' aime beaucoup ne sont probablement pas fixées <eos>,13,fixées,fixés,11,F,S,fixées,-8.179371,fixés,-9.740781,1
667,P_NOUN_8_PASS_b,F,P,les poubelles avec la recette que j' aime beaucoup ne sont probablement pas jetées <eos>,13,jetées,jetés,11,F,S,jetées,-8.653305,jetés,-10.143069,1
668,P_NOUN_8_PASS_b,F,P,les poubelles avec la recette que j' aime beaucoup ne sont probablement pas laissées <eos>,13,laissées,laissés,11,F,S,laissées,-7.8119903,laissés,-10.144676,1
669,P_NOUN_8_PASS_b,F,P,les poubelles avec la recette que j' aime beaucoup ne sont probablement pas ouvertes <eos>,13,ouvertes,ouverts,11,F,S,ouvertes,-7.038333,ouverts,-8.8402,1
670,P_NOUN_8_PASS_b,F,P,les poubelles avec la recette que j' aime beaucoup ne sont probablement pas perdues <eos>,13,perdues,perdus,11,F,S,perdues,-7.87562,perdus,-9.376598,1
671,P_NOUN_8_PASS_b,F,P,les poubelles avec la recette que j' aime beaucoup ne sont probablement pas réparées <eos>,13,réparées,réparés,11,F,S,réparées,-8.724714,réparés,-12.055061,1
672,P_NOUN_8_PASS_b,F,P,les poubelles avec la recette que j' aime beaucoup ne sont probablement pas retirées <eos>,13,retirées,retirés,11,F,S,retirées,-8.508175,retirés,-10.33,1
673,P_NOUN_8_PASS_b,F,P,les poubelles avec la recette que j' aime beaucoup ne sont probablement pas tombées <eos>,13,tombées,tombés,11,F,S,tombées,-8.030423,tombés,-8.720625,1
674,P_NOUN_8_PASS_b,F,P,les poubelles avec la recette que j' aime beaucoup ne sont probablement pas utilisées <eos>,13,utilisées,utilisés,11,F,S,utilisées,-5.1034765,utilisés,-6.649027,1
675,P_NOUN_8_PASS_b,F,P,les poubelles avec la jupe que j' aime beaucoup ne sont probablement pas achetées <eos>,13,achetées,achetés,11,F,S,achetées,-10.410284,achetés,-10.532608,1
676,P_NOUN_8_PASS_b,F,P,les poubelles avec la jupe que j' aime beaucoup ne sont probablement pas brisées <eos>,13,brisées,brisés,11,F,S,brisées,-9.191378,brisés,-12.411343,1
677,P_NOUN_8_PASS_b,F,P,les poubelles avec la jupe que j' aime beaucoup ne sont probablement pas cachées <eos>,13,cachées,cachés,11,F,S,cachées,-7.65934,cachés,-9.450452,1
678,P_NOUN_8_PASS_b,F,P,les poubelles avec la jupe que j' aime beaucoup ne sont probablement pas cassées <eos>,13,cassées,cassés,11,F,S,cassées,-8.136323,cassés,-9.959484,1
679,P_NOUN_8_PASS_b,F,P,les poubelles avec la jupe que j' aime beaucoup ne sont probablement pas couvertes <eos>,13,couvertes,couverts,11,F,S,couvertes,-6.5436544,couverts,-8.0547495,1
680,P_NOUN_8_PASS_b,F,P,les poubelles avec la jupe que j' aime beaucoup ne sont probablement pas déformées <eos>,13,déformées,déformés,11,F,S,déformées,-7.8851414,déformés,-13.097237,1
681,P_NOUN_8_PASS_b,F,P,les poubelles avec la jupe que j' aime beaucoup ne sont probablement pas fixées <eos>,13,fixées,fixés,11,F,S,fixées,-7.5909734,fixés,-9.470863,1
682,P_NOUN_8_PASS_b,F,P,les poubelles avec la jupe que j' aime beaucoup ne sont probablement pas jetées <eos>,13,jetées,jetés,11,F,S,jetées,-7.9380627,jetés,-9.3697815,1
683,P_NOUN_8_PASS_b,F,P,les poubelles avec la jupe que j' aime beaucoup ne sont probablement pas laissées <eos>,13,laissées,laissés,11,F,S,laissées,-7.720766,laissés,-10.070403,1
684,P_NOUN_8_PASS_b,F,P,les poubelles avec la jupe que j' aime beaucoup ne sont probablement pas ouvertes <eos>,13,ouvertes,ouverts,11,F,S,ouvertes,-6.8323164,ouverts,-8.755078,1
685,P_NOUN_8_PASS_b,F,P,les poubelles avec la jupe que j' aime beaucoup ne sont probablement pas perdues <eos>,13,perdues,perdus,11,F,S,perdues,-7.9620347,perdus,-9.426321,1
686,P_NOUN_8_PASS_b,F,P,les poubelles avec la jupe que j' aime beaucoup ne sont probablement pas réparées <eos>,13,réparées,réparés,11,F,S,réparées,-8.465127,réparés,-12.129206,1
687,P_NOUN_8_PASS_b,F,P,les poubelles avec la jupe que j' aime beaucoup ne sont probablement pas retirées <eos>,13,retirées,retirés,11,F,S,retirées,-8.073454,retirés,-10.438929,1
688,P_NOUN_8_PASS_b,F,P,les poubelles avec la jupe que j' aime beaucoup ne sont probablement pas tombées <eos>,13,tombées,tombés,11,F,S,tombées,-7.712161,tombés,-8.440691,1
689,P_NOUN_8_PASS_b,F,P,les poubelles avec la jupe que j' aime beaucoup ne sont probablement pas utilisées <eos>,13,utilisées,utilisés,11,F,S,utilisées,-5.0252666,utilisés,-6.649617,1
690,P_NOUN_8_PASS_b,F,P,les poubelles avec la colle que j' aime beaucoup ne sont probablement pas achetées <eos>,13,achetées,achetés,11,F,S,achetées,-10.352378,achetés,-9.928701,0
691,P_NOUN_8_PASS_b,F,P,les poubelles avec la colle que j' aime beaucoup ne sont probablement pas brisées <eos>,13,brisées,brisés,11,F,S,brisées,-9.255422,brisés,-12.442287,1
692,P_NOUN_8_PASS_b,F,P,les poubelles avec la colle que j' aime beaucoup ne sont probablement pas cachées <eos>,13,cachées,cachés,11,F,S,cachées,-7.971714,cachés,-8.99334,1
693,P_NOUN_8_PASS_b,F,P,les poubelles avec la colle que j' aime beaucoup ne sont probablement pas cassées <eos>,13,cassées,cassés,11,F,S,cassées,-8.282788,cassés,-9.796888,1
694,P_NOUN_8_PASS_b,F,P,les poubelles avec la colle que j' aime beaucoup ne sont probablement pas couvertes <eos>,13,couvertes,couverts,11,F,S,couvertes,-6.75854,couverts,-8.006971,1
695,P_NOUN_8_PASS_b,F,P,les poubelles avec la colle que j' aime beaucoup ne sont probablement pas déformées <eos>,13,déformées,déformés,11,F,S,déformées,-8.152652,déformés,-13.512392,1
696,P_NOUN_8_PASS_b,F,P,les poubelles avec la colle que j' aime beaucoup ne sont probablement pas fixées <eos>,13,fixées,fixés,11,F,S,fixées,-7.8115635,fixés,-9.45028,1
697,P_NOUN_8_PASS_b,F,P,les poubelles avec la colle que j' aime beaucoup ne sont probablement pas jetées <eos>,13,jetées,jetés,11,F,S,jetées,-7.8856354,jetés,-8.912146,1
698,P_NOUN_8_PASS_b,F,P,les poubelles avec la colle que j' aime beaucoup ne sont probablement pas laissées <eos>,13,laissées,laissés,11,F,S,laissées,-7.4764724,laissés,-9.653497,1
699,P_NOUN_8_PASS_b,F,P,les poubelles avec la colle que j' aime beaucoup ne sont probablement pas ouvertes <eos>,13,ouvertes,ouverts,11,F,S,ouvertes,-7.299022,ouverts,-9.1745,1
700,P_NOUN_8_PASS_b,F,P,les poubelles avec la colle que j' aime beaucoup ne sont probablement pas perdues <eos>,13,perdues,perdus,11,F,S,perdues,-7.6363916,perdus,-8.929991,1
701,P_NOUN_8_PASS_b,F,P,les poubelles avec la colle que j' aime beaucoup ne sont probablement pas réparées <eos>,13,réparées,réparés,11,F,S,réparées,-8.481414,réparés,-11.769289,1
702,P_NOUN_8_PASS_b,F,P,les poubelles avec la colle que j' aime beaucoup ne sont probablement pas retirées <eos>,13,retirées,retirés,11,F,S,retirées,-7.924797,retirés,-9.861018,1
703,P_NOUN_8_PASS_b,F,P,les poubelles avec la colle que j' aime beaucoup ne sont probablement pas tombées <eos>,13,tombées,tombés,11,F,S,tombées,-7.551293,tombés,-8.229958,1
704,P_NOUN_8_PASS_b,F,P,les poubelles avec la colle que j' aime beaucoup ne sont probablement pas utilisées <eos>,13,utilisées,utilisés,11,F,S,utilisées,-4.829607,utilisés,-6.2316084,1
705,P_NOUN_8_PASS_b,F,P,les poubelles avec la lampe que j' aime beaucoup ne sont probablement pas achetées <eos>,13,achetées,achetés,11,F,S,achetées,-10.327738,achetés,-10.403917,1
706,P_NOUN_8_PASS_b,F,P,les poubelles avec la lampe que j' aime beaucoup ne sont probablement pas brisées <eos>,13,brisées,brisés,11,F,S,brisées,-8.882796,brisés,-12.381032,1
707,P_NOUN_8_PASS_b,F,P,les poubelles avec la lampe que j' aime beaucoup ne sont probablement pas cachées <eos>,13,cachées,cachés,11,F,S,cachées,-7.3808384,cachés,-8.825774,1
708,P_NOUN_8_PASS_b,F,P,les poubelles avec la lampe que j' aime beaucoup ne sont probablement pas cassées <eos>,13,cassées,cassés,11,F,S,cassées,-8.312145,cassés,-10.242692,1
709,P_NOUN_8_PASS_b,F,P,les poubelles avec la lampe que j' aime beaucoup ne sont probablement pas couvertes <eos>,13,couvertes,couverts,11,F,S,couvertes,-6.899536,couverts,-8.502217,1
710,P_NOUN_8_PASS_b,F,P,les poubelles avec la lampe que j' aime beaucoup ne sont probablement pas déformées <eos>,13,déformées,déformés,11,F,S,déformées,-7.664555,déformés,-12.915787,1
711,P_NOUN_8_PASS_b,F,P,les poubelles avec la lampe que j' aime beaucoup ne sont probablement pas fixées <eos>,13,fixées,fixés,11,F,S,fixées,-7.563195,fixés,-9.319015,1
712,P_NOUN_8_PASS_b,F,P,les poubelles avec la lampe que j' aime beaucoup ne sont probablement pas jetées <eos>,13,jetées,jetés,11,F,S,jetées,-7.1927795,jetés,-8.550728,1
713,P_NOUN_8_PASS_b,F,P,les poubelles avec la lampe que j' aime beaucoup ne sont probablement pas laissées <eos>,13,laissées,laissés,11,F,S,laissées,-7.824413,laissés,-9.868889,1
714,P_NOUN_8_PASS_b,F,P,les poubelles avec la lampe que j' aime beaucoup ne sont probablement pas ouvertes <eos>,13,ouvertes,ouverts,11,F,S,ouvertes,-6.9826055,ouverts,-9.039933,1
715,P_NOUN_8_PASS_b,F,P,les poubelles avec la lampe que j' aime beaucoup ne sont probablement pas perdues <eos>,13,perdues,perdus,11,F,S,perdues,-7.3746443,perdus,-8.81371,1
716,P_NOUN_8_PASS_b,F,P,les poubelles avec la lampe que j' aime beaucoup ne sont probablement pas réparées <eos>,13,réparées,réparés,11,F,S,réparées,-8.168621,réparés,-11.595852,1
717,P_NOUN_8_PASS_b,F,P,les poubelles avec la lampe que j' aime beaucoup ne sont probablement pas retirées <eos>,13,retirées,retirés,11,F,S,retirées,-7.647644,retirés,-10.016336,1
718,P_NOUN_8_PASS_b,F,P,les poubelles avec la lampe que j' aime beaucoup ne sont probablement pas tombées <eos>,13,tombées,tombés,11,F,S,tombées,-7.2247763,tombés,-8.302327,1
719,P_NOUN_8_PASS_b,F,P,les poubelles avec la lampe que j' aime beaucoup ne sont probablement pas utilisées <eos>,13,utilisées,utilisés,11,F,S,utilisées,-4.6801505,utilisés,-6.251743,1
720,P_NOUN_8_PASS_b,F,P,les poubelles avec la bouteille que j' aime beaucoup ne sont probablement pas achetées <eos>,13,achetées,achetés,11,F,S,achetées,-9.561363,achetés,-9.787732,1
721,P_NOUN_8_PASS_b,F,P,les poubelles avec la bouteille que j' aime beaucoup ne sont probablement pas brisées <eos>,13,brisées,brisés,11,F,S,brisées,-9.466922,brisés,-12.79498,1
722,P_NOUN_8_PASS_b,F,P,les poubelles avec la bouteille que j' aime beaucoup ne sont probablement pas cachées <eos>,13,cachées,cachés,11,F,S,cachées,-7.987783,cachés,-9.2088175,1
723,P_NOUN_8_PASS_b,F,P,les poubelles avec la bouteille que j' aime beaucoup ne sont probablement pas cassées <eos>,13,cassées,cassés,11,F,S,cassées,-8.605586,cassés,-10.096665,1
724,P_NOUN_8_PASS_b,F,P,les poubelles avec la bouteille que j' aime beaucoup ne sont probablement pas couvertes <eos>,13,couvertes,couverts,11,F,S,couvertes,-6.7464843,couverts,-8.009668,1
725,P_NOUN_8_PASS_b,F,P,les poubelles avec la bouteille que j' aime beaucoup ne sont probablement pas déformées <eos>,13,déformées,déformés,11,F,S,déformées,-8.31224,déformés,-13.442993,1
726,P_NOUN_8_PASS_b,F,P,les poubelles avec la bouteille que j' aime beaucoup ne sont probablement pas fixées <eos>,13,fixées,fixés,11,F,S,fixées,-8.286574,fixés,-9.487145,1
727,P_NOUN_8_PASS_b,F,P,les poubelles avec la bouteille que j' aime beaucoup ne sont probablement pas jetées <eos>,13,jetées,jetés,11,F,S,jetées,-8.393635,jetés,-9.316275,1
728,P_NOUN_8_PASS_b,F,P,les poubelles avec la bouteille que j' aime beaucoup ne sont probablement pas laissées <eos>,13,laissées,laissés,11,F,S,laissées,-7.2029324,laissés,-9.744182,1
729,P_NOUN_8_PASS_b,F,P,les poubelles avec la bouteille que j' aime beaucoup ne sont probablement pas ouvertes <eos>,13,ouvertes,ouverts,11,F,S,ouvertes,-6.88009,ouverts,-8.672286,1
730,P_NOUN_8_PASS_b,F,P,les poubelles avec la bouteille que j' aime beaucoup ne sont probablement pas perdues <eos>,13,perdues,perdus,11,F,S,perdues,-7.677219,perdus,-8.922022,1
731,P_NOUN_8_PASS_b,F,P,les poubelles avec la bouteille que j' aime beaucoup ne sont probablement pas réparées <eos>,13,réparées,réparés,11,F,S,réparées,-8.042059,réparés,-11.64233,1
732,P_NOUN_8_PASS_b,F,P,les poubelles avec la bouteille que j' aime beaucoup ne sont probablement pas retirées <eos>,13,retirées,retirés,11,F,S,retirées,-7.938393,retirés,-10.304567,1
733,P_NOUN_8_PASS_b,F,P,les poubelles avec la bouteille que j' aime beaucoup ne sont probablement pas tombées <eos>,13,tombées,tombés,11,F,S,tombées,-7.7756586,tombés,-8.713232,1
734,P_NOUN_8_PASS_b,F,P,les poubelles avec la bouteille que j' aime beaucoup ne sont probablement pas utilisées <eos>,13,utilisées,utilisés,11,F,S,utilisées,-5.195125,utilisés,-6.763268,1
735,P_NOUN_8_PASS_b,F,P,les poubelles avec la boisson que j' aime beaucoup ne sont probablement pas achetées <eos>,13,achetées,achetés,11,F,S,achetées,-10.222971,achetés,-9.725658,0
736,P_NOUN_8_PASS_b,F,P,les poubelles avec la boisson que j' aime beaucoup ne sont probablement pas brisées <eos>,13,brisées,brisés,11,F,S,brisées,-9.596784,brisés,-13.127209,1
737,P_NOUN_8_PASS_b,F,P,les poubelles avec la boisson que j' aime beaucoup ne sont probablement pas cachées <eos>,13,cachées,cachés,11,F,S,cachées,-8.07389,cachés,-9.307498,1
738,P_NOUN_8_PASS_b,F,P,les poubelles avec la boisson que j' aime beaucoup ne sont probablement pas cassées <eos>,13,cassées,cassés,11,F,S,cassées,-8.859543,cassés,-10.111684,1
739,P_NOUN_8_PASS_b,F,P,les poubelles avec la boisson que j' aime beaucoup ne sont probablement pas couvertes <eos>,13,couvertes,couverts,11,F,S,couvertes,-7.091703,couverts,-7.851126,1
740,P_NOUN_8_PASS_b,F,P,les poubelles avec la boisson que j' aime beaucoup ne sont probablement pas déformées <eos>,13,déformées,déformés,11,F,S,déformées,-8.89687,déformés,-13.763686,1
741,P_NOUN_8_PASS_b,F,P,les poubelles avec la boisson que j' aime beaucoup ne sont probablement pas fixées <eos>,13,fixées,fixés,11,F,S,fixées,-8.326269,fixés,-9.556984,1
742,P_NOUN_8_PASS_b,F,P,les poubelles avec la boisson que j' aime beaucoup ne sont probablement pas jetées <eos>,13,jetées,jetés,11,F,S,jetées,-8.465372,jetés,-9.587059,1
743,P_NOUN_8_PASS_b,F,P,les poubelles avec la boisson que j' aime beaucoup ne sont probablement pas laissées <eos>,13,laissées,laissés,11,F,S,laissées,-7.603844,laissés,-9.811231,1
744,P_NOUN_8_PASS_b,F,P,les poubelles avec la boisson que j' aime beaucoup ne sont probablement pas ouvertes <eos>,13,ouvertes,ouverts,11,F,S,ouvertes,-7.530822,ouverts,-9.254365,1
745,P_NOUN_8_PASS_b,F,P,les poubelles avec la boisson que j' aime beaucoup ne sont probablement pas perdues <eos>,13,perdues,perdus,11,F,S,perdues,-8.148516,perdus,-9.221083,1
746,P_NOUN_8_PASS_b,F,P,les poubelles avec la boisson que j' aime beaucoup ne sont probablement pas réparées <eos>,13,réparées,réparés,11,F,S,réparées,-9.126145,réparés,-12.194557,1
747,P_NOUN_8_PASS_b,F,P,les poubelles avec la boisson que j' aime beaucoup ne sont probablement pas retirées <eos>,13,retirées,retirés,11,F,S,retirées,-8.429927,retirés,-10.387773,1
748,P_NOUN_8_PASS_b,F,P,les poubelles avec la boisson que j' aime beaucoup ne sont probablement pas tombées <eos>,13,tombées,tombés,11,F,S,tombées,-7.8071117,tombés,-8.20635,1
749,P_NOUN_8_PASS_b,F,P,les poubelles avec la boisson que j' aime beaucoup ne sont probablement pas utilisées <eos>,13,utilisées,utilisés,11,F,S,utilisées,-5.3645773,utilisés,-6.634982,1
750,P_NOUN_8_PASS_b,F,P,les poubelles avec la pomme que j' aime beaucoup ne sont probablement pas achetées <eos>,13,achetées,achetés,11,F,S,achetées,-9.535135,achetés,-9.429347,0
751,P_NOUN_8_PASS_b,F,P,les poubelles avec la pomme que j' aime beaucoup ne sont probablement pas brisées <eos>,13,brisées,brisés,11,F,S,brisées,-9.400167,brisés,-12.892991,1
752,P_NOUN_8_PASS_b,F,P,les poubelles avec la pomme que j' aime beaucoup ne sont probablement pas cachées <eos>,13,cachées,cachés,11,F,S,cachées,-7.7512064,cachés,-9.274394,1
753,P_NOUN_8_PASS_b,F,P,les poubelles avec la pomme que j' aime beaucoup ne sont probablement pas cassées <eos>,13,cassées,cassés,11,F,S,cassées,-8.606958,cassés,-9.643385,1
754,P_NOUN_8_PASS_b,F,P,les poubelles avec la pomme que j' aime beaucoup ne sont probablement pas couvertes <eos>,13,couvertes,couverts,11,F,S,couvertes,-6.540832,couverts,-7.660768,1
755,P_NOUN_8_PASS_b,F,P,les poubelles avec la pomme que j' aime beaucoup ne sont probablement pas déformées <eos>,13,déformées,déformés,11,F,S,déformées,-8.580852,déformés,-13.950799,1
756,P_NOUN_8_PASS_b,F,P,les poubelles avec la pomme que j' aime beaucoup ne sont probablement pas fixées <eos>,13,fixées,fixés,11,F,S,fixées,-8.11785,fixés,-9.336003,1
757,P_NOUN_8_PASS_b,F,P,les poubelles avec la pomme que j' aime beaucoup ne sont probablement pas jetées <eos>,13,jetées,jetés,11,F,S,jetées,-8.141996,jetés,-9.513313,1
758,P_NOUN_8_PASS_b,F,P,les poubelles avec la pomme que j' aime beaucoup ne sont probablement pas laissées <eos>,13,laissées,laissés,11,F,S,laissées,-7.489282,laissés,-9.501215,1
759,P_NOUN_8_PASS_b,F,P,les poubelles avec la pomme que j' aime beaucoup ne sont probablement pas ouvertes <eos>,13,ouvertes,ouverts,11,F,S,ouvertes,-7.018635,ouverts,-8.976773,1
760,P_NOUN_8_PASS_b,F,P,les poubelles avec la pomme que j' aime beaucoup ne sont probablement pas perdues <eos>,13,perdues,perdus,11,F,S,perdues,-7.5345316,perdus,-9.078415,1
761,P_NOUN_8_PASS_b,F,P,les poubelles avec la pomme que j' aime beaucoup ne sont probablement pas réparées <eos>,13,réparées,réparés,11,F,S,réparées,-8.754856,réparés,-12.136345,1
762,P_NOUN_8_PASS_b,F,P,les poubelles avec la pomme que j' aime beaucoup ne sont probablement pas retirées <eos>,13,retirées,retirés,11,F,S,retirées,-8.179362,retirés,-10.274674,1
763,P_NOUN_8_PASS_b,F,P,les poubelles avec la pomme que j' aime beaucoup ne sont probablement pas tombées <eos>,13,tombées,tombés,11,F,S,tombées,-7.456292,tombés,-8.179116,1
764,P_NOUN_8_PASS_b,F,P,les poubelles avec la pomme que j' aime beaucoup ne sont probablement pas utilisées <eos>,13,utilisées,utilisés,11,F,S,utilisées,-4.822916,utilisés,-6.4150667,1
765,P_NOUN_8_PASS_b,F,P,les poubelles avec la tasse que j' aime beaucoup ne sont probablement pas achetées <eos>,13,achetées,achetés,11,F,S,achetées,-9.72522,achetés,-9.81823,1
766,P_NOUN_8_PASS_b,F,P,les poubelles avec la tasse que j' aime beaucoup ne sont probablement pas brisées <eos>,13,brisées,brisés,11,F,S,brisées,-9.188187,brisés,-12.781717,1
767,P_NOUN_8_PASS_b,F,P,les poubelles avec la tasse que j' aime beaucoup ne sont probablement pas cachées <eos>,13,cachées,cachés,11,F,S,cachées,-7.9650455,cachés,-9.827804,1
768,P_NOUN_8_PASS_b,F,P,les poubelles avec la tasse que j' aime beaucoup ne sont probablement pas cassées <eos>,13,cassées,cassés,11,F,S,cassées,-8.504711,cassés,-10.172024,1
769,P_NOUN_8_PASS_b,F,P,les poubelles avec la tasse que j' aime beaucoup ne sont probablement pas couvertes <eos>,13,couvertes,couverts,11,F,S,couvertes,-6.429324,couverts,-7.6035833,1
770,P_NOUN_8_PASS_b,F,P,les poubelles avec la tasse que j' aime beaucoup ne sont probablement pas déformées <eos>,13,déformées,déformés,11,F,S,déformées,-8.898556,déformés,-13.713433,1
771,P_NOUN_8_PASS_b,F,P,les poubelles avec la tasse que j' aime beaucoup ne sont probablement pas fixées <eos>,13,fixées,fixés,11,F,S,fixées,-8.224496,fixés,-9.775178,1
772,P_NOUN_8_PASS_b,F,P,les poubelles avec la tasse que j' aime beaucoup ne sont probablement pas jetées <eos>,13,jetées,jetés,11,F,S,jetées,-8.264925,jetés,-9.817045,1
773,P_NOUN_8_PASS_b,F,P,les poubelles avec la tasse que j' aime beaucoup ne sont probablement pas laissées <eos>,13,laissées,laissés,11,F,S,laissées,-7.185481,laissés,-9.685521,1
774,P_NOUN_8_PASS_b,F,P,les poubelles avec la tasse que j' aime beaucoup ne sont probablement pas ouvertes <eos>,13,ouvertes,ouverts,11,F,S,ouvertes,-6.531845,ouverts,-8.373873,1
775,P_NOUN_8_PASS_b,F,P,les poubelles avec la tasse que j' aime beaucoup ne sont probablement pas perdues <eos>,13,perdues,perdus,11,F,S,perdues,-8.055244,perdus,-9.3218,1
776,P_NOUN_8_PASS_b,F,P,les poubelles avec la tasse que j' aime beaucoup ne sont probablement pas réparées <eos>,13,réparées,réparés,11,F,S,réparées,-8.243469,réparés,-11.615091,1
777,P_NOUN_8_PASS_b,F,P,les poubelles avec la tasse que j' aime beaucoup ne sont probablement pas retirées <eos>,13,retirées,retirés,11,F,S,retirées,-8.401327,retirés,-10.624151,1
778,P_NOUN_8_PASS_b,F,P,les poubelles avec la tasse que j' aime beaucoup ne sont probablement pas tombées <eos>,13,tombées,tombés,11,F,S,tombées,-7.786063,tombés,-8.732814,1
779,P_NOUN_8_PASS_b,F,P,les poubelles avec la tasse que j' aime beaucoup ne sont probablement pas utilisées <eos>,13,utilisées,utilisés,11,F,S,utilisées,-5.444368,utilisés,-7.1532645,1
780,P_NOUN_8_PASS_b,F,P,les poubelles avec la bougie que j' aime beaucoup ne sont probablement pas achetées <eos>,13,achetées,achetés,11,F,S,achetées,-10.068198,achetés,-10.366919,1
781,P_NOUN_8_PASS_b,F,P,les poubelles avec la bougie que j' aime beaucoup ne sont probablement pas brisées <eos>,13,brisées,brisés,11,F,S,brisées,-9.233584,brisés,-12.398985,1
782,P_NOUN_8_PASS_b,F,P,les poubelles avec la bougie que j' aime beaucoup ne sont probablement pas cachées <eos>,13,cachées,cachés,11,F,S,cachées,-7.8239107,cachés,-9.094174,1
783,P_NOUN_8_PASS_b,F,P,les poubelles avec la bougie que j' aime beaucoup ne sont probablement pas cassées <eos>,13,cassées,cassés,11,F,S,cassées,-8.21028,cassés,-10.167551,1
784,P_NOUN_8_PASS_b,F,P,les poubelles avec la bougie que j' aime beaucoup ne sont probablement pas couvertes <eos>,13,couvertes,couverts,11,F,S,couvertes,-6.9744625,couverts,-8.368683,1
785,P_NOUN_8_PASS_b,F,P,les poubelles avec la bougie que j' aime beaucoup ne sont probablement pas déformées <eos>,13,déformées,déformés,11,F,S,déformées,-8.185062,déformés,-13.186118,1
786,P_NOUN_8_PASS_b,F,P,les poubelles avec la bougie que j' aime beaucoup ne sont probablement pas fixées <eos>,13,fixées,fixés,11,F,S,fixées,-7.7810426,fixés,-9.339329,1
787,P_NOUN_8_PASS_b,F,P,les poubelles avec la bougie que j' aime beaucoup ne sont probablement pas jetées <eos>,13,jetées,jetés,11,F,S,jetées,-7.951972,jetés,-8.912267,1
788,P_NOUN_8_PASS_b,F,P,les poubelles avec la bougie que j' aime beaucoup ne sont probablement pas laissées <eos>,13,laissées,laissés,11,F,S,laissées,-7.5974145,laissés,-9.766108,1
789,P_NOUN_8_PASS_b,F,P,les poubelles avec la bougie que j' aime beaucoup ne sont probablement pas ouvertes <eos>,13,ouvertes,ouverts,11,F,S,ouvertes,-7.114848,ouverts,-8.882924,1
790,P_NOUN_8_PASS_b,F,P,les poubelles avec la bougie que j' aime beaucoup ne sont probablement pas perdues <eos>,13,perdues,perdus,11,F,S,perdues,-7.4809217,perdus,-8.942048,1
791,P_NOUN_8_PASS_b,F,P,les poubelles avec la bougie que j' aime beaucoup ne sont probablement pas réparées <eos>,13,réparées,réparés,11,F,S,réparées,-8.095103,réparés,-11.594939,1
792,P_NOUN_8_PASS_b,F,P,les poubelles avec la bougie que j' aime beaucoup ne sont probablement pas retirées <eos>,13,retirées,retirés,11,F,S,retirées,-7.7263527,retirés,-10.217469,1
793,P_NOUN_8_PASS_b,F,P,les poubelles avec la bougie que j' aime beaucoup ne sont probablement pas tombées <eos>,13,tombées,tombés,11,F,S,tombées,-7.4619284,tombés,-8.23089,1
794,P_NOUN_8_PASS_b,F,P,les poubelles avec la bougie que j' aime beaucoup ne sont probablement pas utilisées <eos>,13,utilisées,utilisés,11,F,S,utilisées,-5.054759,utilisés,-6.611105,1
795,P_NOUN_8_PASS_b,F,P,les poubelles avec la pochette que j' aime beaucoup ne sont probablement pas achetées <eos>,13,achetées,achetés,11,F,S,achetées,-9.834358,achetés,-10.861344,1
796,P_NOUN_8_PASS_b,F,P,les poubelles avec la pochette que j' aime beaucoup ne sont probablement pas brisées <eos>,13,brisées,brisés,11,F,S,brisées,-8.907621,brisés,-12.444799,1
797,P_NOUN_8_PASS_b,F,P,les poubelles avec la pochette que j' aime beaucoup ne sont probablement pas cachées <eos>,13,cachées,cachés,11,F,S,cachées,-7.66599,cachés,-9.744708,1
798,P_NOUN_8_PASS_b,F,P,les poubelles avec la pochette que j' aime beaucoup ne sont probablement pas cassées <eos>,13,cassées,cassés,11,F,S,cassées,-8.544749,cassés,-10.704214,1
799,P_NOUN_8_PASS_b,F,P,les poubelles avec la pochette que j' aime beaucoup ne sont probablement pas couvertes <eos>,13,couvertes,couverts,11,F,S,couvertes,-7.856743,couverts,-9.440421,1
800,P_NOUN_8_PASS_b,F,P,les poubelles avec la pochette que j' aime beaucoup ne sont probablement pas déformées <eos>,13,déformées,déformés,11,F,S,déformées,-7.768587,déformés,-12.821591,1
801,P_NOUN_8_PASS_b,F,P,les poubelles avec la pochette que j' aime beaucoup ne sont probablement pas fixées <eos>,13,fixées,fixés,11,F,S,fixées,-7.814543,fixés,-9.859545,1
802,P_NOUN_8_PASS_b,F,P,les poubelles avec la pochette que j' aime beaucoup ne sont probablement pas jetées <eos>,13,jetées,jetés,11,F,S,jetées,-9.201579,jetés,-10.198646,1
803,P_NOUN_8_PASS_b,F,P,les poubelles avec la pochette que j' aime beaucoup ne sont probablement pas laissées <eos>,13,laissées,laissés,11,F,S,laissées,-7.7792335,laissés,-10.651594,1
804,P_NOUN_8_PASS_b,F,P,les poubelles avec la pochette que j' aime beaucoup ne sont probablement pas ouvertes <eos>,13,ouvertes,ouverts,11,F,S,ouvertes,-7.3772373,ouverts,-9.697817,1
805,P_NOUN_8_PASS_b,F,P,les poubelles avec la pochette que j' aime beaucoup ne sont probablement pas perdues <eos>,13,perdues,perdus,11,F,S,perdues,-7.4936686,perdus,-9.122263,1
806,P_NOUN_8_PASS_b,F,P,les poubelles avec la pochette que j' aime beaucoup ne sont probablement pas réparées <eos>,13,réparées,réparés,11,F,S,réparées,-9.026811,réparés,-13.100817,1
807,P_NOUN_8_PASS_b,F,P,les poubelles avec la pochette que j' aime beaucoup ne sont probablement pas retirées <eos>,13,retirées,retirés,11,F,S,retirées,-7.8973665,retirés,-10.747942,1
808,P_NOUN_8_PASS_b,F,P,les poubelles avec la pochette que j' aime beaucoup ne sont probablement pas tombées <eos>,13,tombées,tombés,11,F,S,tombées,-7.713197,tombés,-9.068156,1
809,P_NOUN_8_PASS_b,F,P,les poubelles avec la pochette que j' aime beaucoup ne sont probablement pas utilisées <eos>,13,utilisées,utilisés,11,F,S,utilisées,-5.4674616,utilisés,-7.3586683,1
810,P_NOUN_8_PASS_b,F,P,les poubelles avec la banane que j' aime beaucoup ne sont probablement pas achetées <eos>,13,achetées,achetés,11,F,S,achetées,-10.023488,achetés,-9.888372,0
811,P_NOUN_8_PASS_b,F,P,les poubelles avec la banane que j' aime beaucoup ne sont probablement pas brisées <eos>,13,brisées,brisés,11,F,S,brisées,-9.208202,brisés,-12.597145,1
812,P_NOUN_8_PASS_b,F,P,les poubelles avec la banane que j' aime beaucoup ne sont probablement pas cachées <eos>,13,cachées,cachés,11,F,S,cachées,-8.298613,cachés,-9.445531,1
813,P_NOUN_8_PASS_b,F,P,les poubelles avec la banane que j' aime beaucoup ne sont probablement pas cassées <eos>,13,cassées,cassés,11,F,S,cassées,-8.490837,cassés,-9.902865,1
814,P_NOUN_8_PASS_b,F,P,les poubelles avec la banane que j' aime beaucoup ne sont probablement pas couvertes <eos>,13,couvertes,couverts,11,F,S,couvertes,-7.0998693,couverts,-8.242893,1
815,P_NOUN_8_PASS_b,F,P,les poubelles avec la banane que j' aime beaucoup ne sont probablement pas déformées <eos>,13,déformées,déformés,11,F,S,déformées,-8.361501,déformés,-13.303414,1
816,P_NOUN_8_PASS_b,F,P,les poubelles avec la banane que j' aime beaucoup ne sont probablement pas fixées <eos>,13,fixées,fixés,11,F,S,fixées,-8.153372,fixés,-9.112499,1
817,P_NOUN_8_PASS_b,F,P,les poubelles avec la banane que j' aime beaucoup ne sont probablement pas jetées <eos>,13,jetées,jetés,11,F,S,jetées,-7.2237134,jetés,-9.704985,1
818,P_NOUN_8_PASS_b,F,P,les poubelles avec la banane que j' aime beaucoup ne sont probablement pas laissées <eos>,13,laissées,laissés,11,F,S,laissées,-7.401099,laissés,-9.494218,1
819,P_NOUN_8_PASS_b,F,P,les poubelles avec la banane que j' aime beaucoup ne sont probablement pas ouvertes <eos>,13,ouvertes,ouverts,11,F,S,ouvertes,-7.896327,ouverts,-9.573736,1
820,P_NOUN_8_PASS_b,F,P,les poubelles avec la banane que j' aime beaucoup ne sont probablement pas perdues <eos>,13,perdues,perdus,11,F,S,perdues,-7.8380275,perdus,-8.826786,1
821,P_NOUN_8_PASS_b,F,P,les poubelles avec la banane que j' aime beaucoup ne sont probablement pas réparées <eos>,13,réparées,réparés,11,F,S,réparées,-8.81969,réparés,-11.606889,1
822,P_NOUN_8_PASS_b,F,P,les poubelles avec la banane que j' aime beaucoup ne sont probablement pas retirées <eos>,13,retirées,retirés,11,F,S,retirées,-8.423138,retirés,-10.325445,1
823,P_NOUN_8_PASS_b,F,P,les poubelles avec la banane que j' aime beaucoup ne sont probablement pas tombées <eos>,13,tombées,tombés,11,F,S,tombées,-7.3803477,tombés,-8.068676,1
824,P_NOUN_8_PASS_b,F,P,les poubelles avec la banane que j' aime beaucoup ne sont probablement pas utilisées <eos>,13,utilisées,utilisés,11,F,S,utilisées,-4.9987226,utilisés,-6.4371343,1
825,P_NOUN_8_PASS_b,F,P,les poubelles avec la robe que j' aime beaucoup ne sont probablement pas achetées <eos>,13,achetées,achetés,11,F,S,achetées,-10.811403,achetés,-10.540976,0
826,P_NOUN_8_PASS_b,F,P,les poubelles avec la robe que j' aime beaucoup ne sont probablement pas brisées <eos>,13,brisées,brisés,11,F,S,brisées,-9.526779,brisés,-13.169775,1
827,P_NOUN_8_PASS_b,F,P,les poubelles avec la robe que j' aime beaucoup ne sont probablement pas cachées <eos>,13,cachées,cachés,11,F,S,cachées,-7.5486383,cachés,-9.339364,1
828,P_NOUN_8_PASS_b,F,P,les poubelles avec la robe que j' aime beaucoup ne sont probablement pas cassées <eos>,13,cassées,cassés,11,F,S,cassées,-8.7754,cassés,-10.814962,1
829,P_NOUN_8_PASS_b,F,P,les poubelles avec la robe que j' aime beaucoup ne sont probablement pas couvertes <eos>,13,couvertes,couverts,11,F,S,couvertes,-6.9382486,couverts,-8.122521,1
830,P_NOUN_8_PASS_b,F,P,les poubelles avec la robe que j' aime beaucoup ne sont probablement pas déformées <eos>,13,déformées,déformés,11,F,S,déformées,-8.5563,déformés,-13.126526,1
831,P_NOUN_8_PASS_b,F,P,les poubelles avec la robe que j' aime beaucoup ne sont probablement pas fixées <eos>,13,fixées,fixés,11,F,S,fixées,-8.143122,fixés,-9.916482,1
832,P_NOUN_8_PASS_b,F,P,les poubelles avec la robe que j' aime beaucoup ne sont probablement pas jetées <eos>,13,jetées,jetés,11,F,S,jetées,-8.363454,jetés,-9.707296,1
833,P_NOUN_8_PASS_b,F,P,les poubelles avec la robe que j' aime beaucoup ne sont probablement pas laissées <eos>,13,laissées,laissés,11,F,S,laissées,-8.125015,laissés,-10.250691,1
834,P_NOUN_8_PASS_b,F,P,les poubelles avec la robe que j' aime beaucoup ne sont probablement pas ouvertes <eos>,13,ouvertes,ouverts,11,F,S,ouvertes,-7.2822013,ouverts,-9.337844,1
835,P_NOUN_8_PASS_b,F,P,les poubelles avec la robe que j' aime beaucoup ne sont probablement pas perdues <eos>,13,perdues,perdus,11,F,S,perdues,-8.1822815,perdus,-9.656217,1
836,P_NOUN_8_PASS_b,F,P,les poubelles avec la robe que j' aime beaucoup ne sont probablement pas réparées <eos>,13,réparées,réparés,11,F,S,réparées,-9.037002,réparés,-11.992277,1
837,P_NOUN_8_PASS_b,F,P,les poubelles avec la robe que j' aime beaucoup ne sont probablement pas retirées <eos>,13,retirées,retirés,11,F,S,retirées,-8.56751,retirés,-10.843197,1
838,P_NOUN_8_PASS_b,F,P,les poubelles avec la robe que j' aime beaucoup ne sont probablement pas tombées <eos>,13,tombées,tombés,11,F,S,tombées,-7.611453,tombés,-8.033438,1
839,P_NOUN_8_PASS_b,F,P,les poubelles avec la robe que j' aime beaucoup ne sont probablement pas utilisées <eos>,13,utilisées,utilisés,11,F,S,utilisées,-5.1419797,utilisés,-6.6203446,1
840,P_NOUN_8_PASS_b,F,P,les poubelles avec la valise que j' aime beaucoup ne sont probablement pas achetées <eos>,13,achetées,achetés,11,F,S,achetées,-9.126086,achetés,-9.812946,1
841,P_NOUN_8_PASS_b,F,P,les poubelles avec la valise que j' aime beaucoup ne sont probablement pas brisées <eos>,13,brisées,brisés,11,F,S,brisées,-8.984523,brisés,-12.6369095,1
842,P_NOUN_8_PASS_b,F,P,les poubelles avec la valise que j' aime beaucoup ne sont probablement pas cachées <eos>,13,cachées,cachés,11,F,S,cachées,-7.1415887,cachés,-8.359596,1
843,P_NOUN_8_PASS_b,F,P,les poubelles avec la valise que j' aime beaucoup ne sont probablement pas cassées <eos>,13,cassées,cassés,11,F,S,cassées,-8.643021,cassés,-10.289724,1
844,P_NOUN_8_PASS_b,F,P,les poubelles avec la valise que j' aime beaucoup ne sont probablement pas couvertes <eos>,13,couvertes,couverts,11,F,S,couvertes,-7.240593,couverts,-8.857817,1
845,P_NOUN_8_PASS_b,F,P,les poubelles avec la valise que j' aime beaucoup ne sont probablement pas déformées <eos>,13,déformées,déformés,11,F,S,déformées,-7.794322,déformés,-13.567135,1
846,P_NOUN_8_PASS_b,F,P,les poubelles avec la valise que j' aime beaucoup ne sont probablement pas fixées <eos>,13,fixées,fixés,11,F,S,fixées,-7.9421716,fixés,-9.721035,1
847,P_NOUN_8_PASS_b,F,P,les poubelles avec la valise que j' aime beaucoup ne sont probablement pas jetées <eos>,13,jetées,jetés,11,F,S,jetées,-7.6123133,jetés,-8.720041,1
848,P_NOUN_8_PASS_b,F,P,les poubelles avec la valise que j' aime beaucoup ne sont probablement pas laissées <eos>,13,laissées,laissés,11,F,S,laissées,-7.6376076,laissés,-9.6543045,1
849,P_NOUN_8_PASS_b,F,P,les poubelles avec la valise que j' aime beaucoup ne sont probablement pas ouvertes <eos>,13,ouvertes,ouverts,11,F,S,ouvertes,-7.0576725,ouverts,-8.654414,1
850,P_NOUN_8_PASS_b,F,P,les poubelles avec la valise que j' aime beaucoup ne sont probablement pas perdues <eos>,13,perdues,perdus,11,F,S,perdues,-7.223772,perdus,-8.683662,1
851,P_NOUN_8_PASS_b,F,P,les poubelles avec la valise que j' aime beaucoup ne sont probablement pas réparées <eos>,13,réparées,réparés,11,F,S,réparées,-8.527176,réparés,-12.527522,1
852,P_NOUN_8_PASS_b,F,P,les poubelles avec la valise que j' aime beaucoup ne sont probablement pas retirées <eos>,13,retirées,retirés,11,F,S,retirées,-8.000307,retirés,-10.05237,1
853,P_NOUN_8_PASS_b,F,P,les poubelles avec la valise que j' aime beaucoup ne sont probablement pas tombées <eos>,13,tombées,tombés,11,F,S,tombées,-7.648367,tombés,-8.375604,1
854,P_NOUN_8_PASS_b,F,P,les poubelles avec la valise que j' aime beaucoup ne sont probablement pas utilisées <eos>,13,utilisées,utilisés,11,F,S,utilisées,-4.940206,utilisés,-6.6206927,1
855,P_NOUN_8_PASS_b,F,P,les poubelles avec la pendule que j' aime beaucoup ne sont probablement pas achetées <eos>,13,achetées,achetés,11,F,S,achetées,-10.812679,achetés,-10.553035,0
856,P_NOUN_8_PASS_b,F,P,les poubelles avec la pendule que j' aime beaucoup ne sont probablement pas brisées <eos>,13,brisées,brisés,11,F,S,brisées,-9.157617,brisés,-12.413276,1
857,P_NOUN_8_PASS_b,F,P,les poubelles avec la pendule que j' aime beaucoup ne sont probablement pas cachées <eos>,13,cachées,cachés,11,F,S,cachées,-7.8996544,cachés,-9.130135,1
858,P_NOUN_8_PASS_b,F,P,les poubelles avec la pendule que j' aime beaucoup ne sont probablement pas cassées <eos>,13,cassées,cassés,11,F,S,cassées,-8.026417,cassés,-10.247124,1
859,P_NOUN_8_PASS_b,F,P,les poubelles avec la pendule que j' aime beaucoup ne sont probablement pas couvertes <eos>,13,couvertes,couverts,11,F,S,couvertes,-6.874288,couverts,-8.313529,1
860,P_NOUN_8_PASS_b,F,P,les poubelles avec la pendule que j' aime beaucoup ne sont probablement pas déformées <eos>,13,déformées,déformés,11,F,S,déformées,-7.6157465,déformés,-13.017222,1
861,P_NOUN_8_PASS_b,F,P,les poubelles avec la pendule que j' aime beaucoup ne sont probablement pas fixées <eos>,13,fixées,fixés,11,F,S,fixées,-7.322898,fixés,-9.06941,1
862,P_NOUN_8_PASS_b,F,P,les poubelles avec la pendule que j' aime beaucoup ne sont probablement pas jetées <eos>,13,jetées,jetés,11,F,S,jetées,-7.4076586,jetés,-8.630883,1
863,P_NOUN_8_PASS_b,F,P,les poubelles avec la pendule que j' aime beaucoup ne sont probablement pas laissées <eos>,13,laissées,laissés,11,F,S,laissées,-7.805769,laissés,-10.007,1
864,P_NOUN_8_PASS_b,F,P,les poubelles avec la pendule que j' aime beaucoup ne sont probablement pas ouvertes <eos>,13,ouvertes,ouverts,11,F,S,ouvertes,-7.1242957,ouverts,-8.804538,1
865,P_NOUN_8_PASS_b,F,P,les poubelles avec la pendule que j' aime beaucoup ne sont probablement pas perdues <eos>,13,perdues,perdus,11,F,S,perdues,-7.471419,perdus,-8.725664,1
866,P_NOUN_8_PASS_b,F,P,les poubelles avec la pendule que j' aime beaucoup ne sont probablement pas réparées <eos>,13,réparées,réparés,11,F,S,réparées,-8.163529,réparés,-11.584366,1
867,P_NOUN_8_PASS_b,F,P,les poubelles avec la pendule que j' aime beaucoup ne sont probablement pas retirées <eos>,13,retirées,retirés,11,F,S,retirées,-7.7224293,retirés,-10.006305,1
868,P_NOUN_8_PASS_b,F,P,les poubelles avec la pendule que j' aime beaucoup ne sont probablement pas tombées <eos>,13,tombées,tombés,11,F,S,tombées,-7.4145956,tombés,-8.374356,1
869,P_NOUN_8_PASS_b,F,P,les poubelles avec la pendule que j' aime beaucoup ne sont probablement pas utilisées <eos>,13,utilisées,utilisés,11,F,S,utilisées,-4.7894597,utilisés,-6.11762,1
870,P_NOUN_8_PASS_b,F,P,les poubelles avec la cloche que j' aime beaucoup ne sont probablement pas achetées <eos>,13,achetées,achetés,11,F,S,achetées,-10.090285,achetés,-10.093129,1
871,P_NOUN_8_PASS_b,F,P,les poubelles avec la cloche que j' aime beaucoup ne sont probablement pas brisées <eos>,13,brisées,brisés,11,F,S,brisées,-8.9513645,brisés,-12.245224,1
872,P_NOUN_8_PASS_b,F,P,les poubelles avec la cloche que j' aime beaucoup ne sont probablement pas cachées <eos>,13,cachées,cachés,11,F,S,cachées,-7.529334,cachés,-9.045167,1
873,P_NOUN_8_PASS_b,F,P,les poubelles avec la cloche que j' aime beaucoup ne sont probablement pas cassées <eos>,13,cassées,cassés,11,F,S,cassées,-8.620801,cassés,-9.910139,1
874,P_NOUN_8_PASS_b,F,P,les poubelles avec la cloche que j' aime beaucoup ne sont probablement pas couvertes <eos>,13,couvertes,couverts,11,F,S,couvertes,-6.8253636,couverts,-8.190565,1
875,P_NOUN_8_PASS_b,F,P,les poubelles avec la cloche que j' aime beaucoup ne sont probablement pas déformées <eos>,13,déformées,déformés,11,F,S,déformées,-8.544702,déformés,-13.484501,1
876,P_NOUN_8_PASS_b,F,P,les poubelles avec la cloche que j' aime beaucoup ne sont probablement pas fixées <eos>,13,fixées,fixés,11,F,S,fixées,-8.055446,fixés,-9.618044,1
877,P_NOUN_8_PASS_b,F,P,les poubelles avec la cloche que j' aime beaucoup ne sont probablement pas jetées <eos>,13,jetées,jetés,11,F,S,jetées,-7.7815833,jetés,-8.939226,1
878,P_NOUN_8_PASS_b,F,P,les poubelles avec la cloche que j' aime beaucoup ne sont probablement pas laissées <eos>,13,laissées,laissés,11,F,S,laissées,-7.7299924,laissés,-9.385668,1
879,P_NOUN_8_PASS_b,F,P,les poubelles avec la cloche que j' aime beaucoup ne sont probablement pas ouvertes <eos>,13,ouvertes,ouverts,11,F,S,ouvertes,-6.920205,ouverts,-9.163815,1
880,P_NOUN_8_PASS_b,F,P,les poubelles avec la cloche que j' aime beaucoup ne sont probablement pas perdues <eos>,13,perdues,perdus,11,F,S,perdues,-7.2178245,perdus,-8.683173,1
881,P_NOUN_8_PASS_b,F,P,les poubelles avec la cloche que j' aime beaucoup ne sont probablement pas réparées <eos>,13,réparées,réparés,11,F,S,réparées,-8.247804,réparés,-11.354096,1
882,P_NOUN_8_PASS_b,F,P,les poubelles avec la cloche que j' aime beaucoup ne sont probablement pas retirées <eos>,13,retirées,retirés,11,F,S,retirées,-7.8259,retirés,-9.972916,1
883,P_NOUN_8_PASS_b,F,P,les poubelles avec la cloche que j' aime beaucoup ne sont probablement pas tombées <eos>,13,tombées,tombés,11,F,S,tombées,-7.523553,tombés,-7.8158655,1
884,P_NOUN_8_PASS_b,F,P,les poubelles avec la cloche que j' aime beaucoup ne sont probablement pas utilisées <eos>,13,utilisées,utilisés,11,F,S,utilisées,-4.868433,utilisés,-6.398673,1
885,P_NOUN_8_PASS_b,F,P,les poubelles avec la cerise que j' aime beaucoup ne sont probablement pas achetées <eos>,13,achetées,achetés,11,F,S,achetées,-10.040319,achetés,-9.93825,0
886,P_NOUN_8_PASS_b,F,P,les poubelles avec la cerise que j' aime beaucoup ne sont probablement pas brisées <eos>,13,brisées,brisés,11,F,S,brisées,-9.492431,brisés,-12.841804,1
887,P_NOUN_8_PASS_b,F,P,les poubelles avec la cerise que j' aime beaucoup ne sont probablement pas cachées <eos>,13,cachées,cachés,11,F,S,cachées,-7.799223,cachés,-9.507674,1
888,P_NOUN_8_PASS_b,F,P,les poubelles avec la cerise que j' aime beaucoup ne sont probablement pas cassées <eos>,13,cassées,cassés,11,F,S,cassées,-8.568042,cassés,-10.015186,1
889,P_NOUN_8_PASS_b,F,P,les poubelles avec la cerise que j' aime beaucoup ne sont probablement pas couvertes <eos>,13,couvertes,couverts,11,F,S,couvertes,-6.887468,couverts,-7.901094,1
890,P_NOUN_8_PASS_b,F,P,les poubelles avec la cerise que j' aime beaucoup ne sont probablement pas déformées <eos>,13,déformées,déformés,11,F,S,déformées,-8.498031,déformés,-13.6574335,1
891,P_NOUN_8_PASS_b,F,P,les poubelles avec la cerise que j' aime beaucoup ne sont probablement pas fixées <eos>,13,fixées,fixés,11,F,S,fixées,-8.314317,fixés,-9.521452,1
892,P_NOUN_8_PASS_b,F,P,les poubelles avec la cerise que j' aime beaucoup ne sont probablement pas jetées <eos>,13,jetées,jetés,11,F,S,jetées,-8.265138,jetés,-9.820419,1
893,P_NOUN_8_PASS_b,F,P,les poubelles avec la cerise que j' aime beaucoup ne sont probablement pas laissées <eos>,13,laissées,laissés,11,F,S,laissées,-7.604292,laissés,-9.724612,1
894,P_NOUN_8_PASS_b,F,P,les poubelles avec la cerise que j' aime beaucoup ne sont probablement pas ouvertes <eos>,13,ouvertes,ouverts,11,F,S,ouvertes,-7.3189993,ouverts,-8.82132,1
895,P_NOUN_8_PASS_b,F,P,les poubelles avec la cerise que j' aime beaucoup ne sont probablement pas perdues <eos>,13,perdues,perdus,11,F,S,perdues,-7.869326,perdus,-9.352622,1
896,P_NOUN_8_PASS_b,F,P,les poubelles avec la cerise que j' aime beaucoup ne sont probablement pas réparées <eos>,13,réparées,réparés,11,F,S,réparées,-8.898165,réparés,-11.939033,1
897,P_NOUN_8_PASS_b,F,P,les poubelles avec la cerise que j' aime beaucoup ne sont probablement pas retirées <eos>,13,retirées,retirés,11,F,S,retirées,-8.47757,retirés,-10.476547,1
898,P_NOUN_8_PASS_b,F,P,les poubelles avec la cerise que j' aime beaucoup ne sont probablement pas tombées <eos>,13,tombées,tombés,11,F,S,tombées,-7.520009,tombés,-8.346183,1
899,P_NOUN_8_PASS_b,F,P,les poubelles avec la cerise que j' aime beaucoup ne sont probablement pas utilisées <eos>,13,utilisées,utilisés,11,F,S,utilisées,-5.125363,utilisés,-6.656262,1
900,P_NOUN_8_PASS_b,F,P,les chemises avec la gemme que j' aime beaucoup ne sont probablement pas achetées <eos>,13,achetées,achetés,11,F,S,achetées,-10.950472,achetés,-10.719692,0
901,P_NOUN_8_PASS_b,F,P,les chemises avec la gemme que j' aime beaucoup ne sont probablement pas brisées <eos>,13,brisées,brisés,11,F,S,brisées,-9.268568,brisés,-12.479283,1
902,P_NOUN_8_PASS_b,F,P,les chemises avec la gemme que j' aime beaucoup ne sont probablement pas cachées <eos>,13,cachées,cachés,11,F,S,cachées,-7.4248514,cachés,-8.980588,1
903,P_NOUN_8_PASS_b,F,P,les chemises avec la gemme que j' aime beaucoup ne sont probablement pas cassées <eos>,13,cassées,cassés,11,F,S,cassées,-8.625971,cassés,-10.548767,1
904,P_NOUN_8_PASS_b,F,P,les chemises avec la gemme que j' aime beaucoup ne sont probablement pas couvertes <eos>,13,couvertes,couverts,11,F,S,couvertes,-7.7129097,couverts,-8.531823,1
905,P_NOUN_8_PASS_b,F,P,les chemises avec la gemme que j' aime beaucoup ne sont probablement pas déformées <eos>,13,déformées,déformés,11,F,S,déformées,-8.603598,déformés,-13.015743,1
906,P_NOUN_8_PASS_b,F,P,les chemises avec la gemme que j' aime beaucoup ne sont probablement pas fixées <eos>,13,fixées,fixés,11,F,S,fixées,-8.137737,fixés,-9.836346,1
907,P_NOUN_8_PASS_b,F,P,les chemises avec la gemme que j' aime beaucoup ne sont probablement pas jetées <eos>,13,jetées,jetés,11,F,S,jetées,-8.094706,jetés,-9.3338375,1
908,P_NOUN_8_PASS_b,F,P,les chemises avec la gemme que j' aime beaucoup ne sont probablement pas laissées <eos>,13,laissées,laissés,11,F,S,laissées,-8.082678,laissés,-9.686981,1
909,P_NOUN_8_PASS_b,F,P,les chemises avec la gemme que j' aime beaucoup ne sont probablement pas ouvertes <eos>,13,ouvertes,ouverts,11,F,S,ouvertes,-7.9823866,ouverts,-9.768642,1
910,P_NOUN_8_PASS_b,F,P,les chemises avec la gemme que j' aime beaucoup ne sont probablement pas perdues <eos>,13,perdues,perdus,11,F,S,perdues,-7.622504,perdus,-8.721843,1
911,P_NOUN_8_PASS_b,F,P,les chemises avec la gemme que j' aime beaucoup ne sont probablement pas réparées <eos>,13,réparées,réparés,11,F,S,réparées,-9.251926,réparés,-11.904875,1
912,P_NOUN_8_PASS_b,F,P,les chemises avec la gemme que j' aime beaucoup ne sont probablement pas retirées <eos>,13,retirées,retirés,11,F,S,retirées,-8.373525,retirés,-10.4467745,1
913,P_NOUN_8_PASS_b,F,P,les chemises avec la gemme que j' aime beaucoup ne sont probablement pas tombées <eos>,13,tombées,tombés,11,F,S,tombées,-7.1378508,tombés,-6.932619,0
914,P_NOUN_8_PASS_b,F,P,les chemises avec la gemme que j' aime beaucoup ne sont probablement pas utilisées <eos>,13,utilisées,utilisés,11,F,S,utilisées,-5.7602334,utilisés,-7.006311,1
915,P_NOUN_8_PASS_b,F,P,les chemises avec la chaise que j' aime beaucoup ne sont probablement pas achetées <eos>,13,achetées,achetés,11,F,S,achetées,-10.882059,achetés,-10.700459,0
916,P_NOUN_8_PASS_b,F,P,les chemises avec la chaise que j' aime beaucoup ne sont probablement pas brisées <eos>,13,brisées,brisés,11,F,S,brisées,-9.139601,brisés,-12.292542,1
917,P_NOUN_8_PASS_b,F,P,les chemises avec la chaise que j' aime beaucoup ne sont probablement pas cachées <eos>,13,cachées,cachés,11,F,S,cachées,-7.509325,cachés,-9.368172,1
918,P_NOUN_8_PASS_b,F,P,les chemises avec la chaise que j' aime beaucoup ne sont probablement pas cassées <eos>,13,cassées,cassés,11,F,S,cassées,-8.499596,cassés,-10.637782,1
919,P_NOUN_8_PASS_b,F,P,les chemises avec la chaise que j' aime beaucoup ne sont probablement pas couvertes <eos>,13,couvertes,couverts,11,F,S,couvertes,-7.749655,couverts,-8.762098,1
920,P_NOUN_8_PASS_b,F,P,les chemises avec la chaise que j' aime beaucoup ne sont probablement pas déformées <eos>,13,déformées,déformés,11,F,S,déformées,-8.38002,déformés,-12.859293,1
921,P_NOUN_8_PASS_b,F,P,les chemises avec la chaise que j' aime beaucoup ne sont probablement pas fixées <eos>,13,fixées,fixés,11,F,S,fixées,-7.7619796,fixés,-9.692917,1
922,P_NOUN_8_PASS_b,F,P,les chemises avec la chaise que j' aime beaucoup ne sont probablement pas jetées <eos>,13,jetées,jetés,11,F,S,jetées,-8.299872,jetés,-9.591873,1
923,P_NOUN_8_PASS_b,F,P,les chemises avec la chaise que j' aime beaucoup ne sont probablement pas laissées <eos>,13,laissées,laissés,11,F,S,laissées,-8.091617,laissés,-9.904831,1
924,P_NOUN_8_PASS_b,F,P,les chemises avec la chaise que j' aime beaucoup ne sont probablement pas ouvertes <eos>,13,ouvertes,ouverts,11,F,S,ouvertes,-7.7568445,ouverts,-9.589373,1
925,P_NOUN_8_PASS_b,F,P,les chemises avec la chaise que j' aime beaucoup ne sont probablement pas perdues <eos>,13,perdues,perdus,11,F,S,perdues,-7.6752486,perdus,-8.746352,1
926,P_NOUN_8_PASS_b,F,P,les chemises avec la chaise que j' aime beaucoup ne sont probablement pas réparées <eos>,13,réparées,réparés,11,F,S,réparées,-9.250936,réparés,-12.329507,1
927,P_NOUN_8_PASS_b,F,P,les chemises avec la chaise que j' aime beaucoup ne sont probablement pas retirées <eos>,13,retirées,retirés,11,F,S,retirées,-8.366926,retirés,-10.466036,1
928,P_NOUN_8_PASS_b,F,P,les chemises avec la chaise que j' aime beaucoup ne sont probablement pas tombées <eos>,13,tombées,tombés,11,F,S,tombées,-7.627698,tombés,-7.62593,0
929,P_NOUN_8_PASS_b,F,P,les chemises avec la chaise que j' aime beaucoup ne sont probablement pas utilisées <eos>,13,utilisées,utilisés,11,F,S,utilisées,-5.598175,utilisés,-6.8910637,1
930,P_NOUN_8_PASS_b,F,P,les chemises avec la poubelle que j' aime beaucoup ne sont probablement pas achetées <eos>,13,achetées,achetés,11,F,S,achetées,-10.831971,achetés,-10.488046,0
931,P_NOUN_8_PASS_b,F,P,les chemises avec la poubelle que j' aime beaucoup ne sont probablement pas brisées <eos>,13,brisées,brisés,11,F,S,brisées,-9.278721,brisés,-12.437355,1
932,P_NOUN_8_PASS_b,F,P,les chemises avec la poubelle que j' aime beaucoup ne sont probablement pas cachées <eos>,13,cachées,cachés,11,F,S,cachées,-7.2573004,cachés,-8.759464,1
933,P_NOUN_8_PASS_b,F,P,les chemises avec la poubelle que j' aime beaucoup ne sont probablement pas cassées <eos>,13,cassées,cassés,11,F,S,cassées,-8.572817,cassés,-10.652037,1
934,P_NOUN_8_PASS_b,F,P,les chemises avec la poubelle que j' aime beaucoup ne sont probablement pas couvertes <eos>,13,couvertes,couverts,11,F,S,couvertes,-7.8090725,couverts,-8.7737055,1
935,P_NOUN_8_PASS_b,F,P,les chemises avec la poubelle que j' aime beaucoup ne sont probablement pas déformées <eos>,13,déformées,déformés,11,F,S,déformées,-8.425011,déformés,-12.9350815,1
936,P_NOUN_8_PASS_b,F,P,les chemises avec la poubelle que j' aime beaucoup ne sont probablement pas fixées <eos>,13,fixées,fixés,11,F,S,fixées,-7.963025,fixés,-9.96364,1
937,P_NOUN_8_PASS_b,F,P,les chemises avec la poubelle que j' aime beaucoup ne sont probablement pas jetées <eos>,13,jetées,jetés,11,F,S,jetées,-8.167828,jetés,-9.290763,1
938,P_NOUN_8_PASS_b,F,P,les chemises avec la poubelle que j' aime beaucoup ne sont probablement pas laissées <eos>,13,laissées,laissés,11,F,S,laissées,-8.120975,laissés,-9.857537,1
939,P_NOUN_8_PASS_b,F,P,les chemises avec la poubelle que j' aime beaucoup ne sont probablement pas ouvertes <eos>,13,ouvertes,ouverts,11,F,S,ouvertes,-7.8145,ouverts,-9.698229,1
940,P_NOUN_8_PASS_b,F,P,les chemises avec la poubelle que j' aime beaucoup ne sont probablement pas perdues <eos>,13,perdues,perdus,11,F,S,perdues,-7.5207076,perdus,-8.687233,1
941,P_NOUN_8_PASS_b,F,P,les chemises avec la poubelle que j' aime beaucoup ne sont probablement pas réparées <eos>,13,réparées,réparés,11,F,S,réparées,-9.20421,réparés,-12.41501,1
942,P_NOUN_8_PASS_b,F,P,les chemises avec la poubelle que j' aime beaucoup ne sont probablement pas retirées <eos>,13,retirées,retirés,11,F,S,retirées,-8.144396,retirés,-10.362228,1
943,P_NOUN_8_PASS_b,F,P,les chemises avec la poubelle que j' aime beaucoup ne sont probablement pas tombées <eos>,13,tombées,tombés,11,F,S,tombées,-7.3500795,tombés,-7.3266897,0
944,P_NOUN_8_PASS_b,F,P,les chemises avec la poubelle que j' aime beaucoup ne sont probablement pas utilisées <eos>,13,utilisées,utilisés,11,F,S,utilisées,-5.572015,utilisés,-6.866661,1
945,P_NOUN_8_PASS_b,F,P,les chemises avec la chemise que j' aime beaucoup ne sont probablement pas achetées <eos>,13,achetées,achetés,11,F,S,achetées,-10.921156,achetés,-10.960183,1
946,P_NOUN_8_PASS_b,F,P,les chemises avec la chemise que j' aime beaucoup ne sont probablement pas brisées <eos>,13,brisées,brisés,11,F,S,brisées,-9.264694,brisés,-12.520914,1
947,P_NOUN_8_PASS_b,F,P,les chemises avec la chemise que j' aime beaucoup ne sont probablement pas cachées <eos>,13,cachées,cachés,11,F,S,cachées,-7.3832965,cachés,-9.136122,1
948,P_NOUN_8_PASS_b,F,P,les chemises avec la chemise que j' aime beaucoup ne sont probablement pas cassées <eos>,13,cassées,cassés,11,F,S,cassées,-8.463446,cassés,-10.7628,1
949,P_NOUN_8_PASS_b,F,P,les chemises avec la chemise que j' aime beaucoup ne sont probablement pas couvertes <eos>,13,couvertes,couverts,11,F,S,couvertes,-7.603427,couverts,-8.830481,1
950,P_NOUN_8_PASS_b,F,P,les chemises avec la chemise que j' aime beaucoup ne sont probablement pas déformées <eos>,13,déformées,déformés,11,F,S,déformées,-8.603909,déformés,-13.156514,1
951,P_NOUN_8_PASS_b,F,P,les chemises avec la chemise que j' aime beaucoup ne sont probablement pas fixées <eos>,13,fixées,fixés,11,F,S,fixées,-8.043804,fixés,-10.012114,1
952,P_NOUN_8_PASS_b,F,P,les chemises avec la chemise que j' aime beaucoup ne sont probablement pas jetées <eos>,13,jetées,jetés,11,F,S,jetées,-8.170776,jetés,-9.601018,1
953,P_NOUN_8_PASS_b,F,P,les chemises avec la chemise que j' aime beaucoup ne sont probablement pas laissées <eos>,13,laissées,laissés,11,F,S,laissées,-8.331375,laissés,-9.982124,1
954,P_NOUN_8_PASS_b,F,P,les chemises avec la chemise que j' aime beaucoup ne sont probablement pas ouvertes <eos>,13,ouvertes,ouverts,11,F,S,ouvertes,-7.7127147,ouverts,-9.601017,1
955,P_NOUN_8_PASS_b,F,P,les chemises avec la chemise que j' aime beaucoup ne sont probablement pas perdues <eos>,13,perdues,perdus,11,F,S,perdues,-7.8863983,perdus,-8.929197,1
956,P_NOUN_8_PASS_b,F,P,les chemises avec la chemise que j' aime beaucoup ne sont probablement pas réparées <eos>,13,réparées,réparés,11,F,S,réparées,-9.557619,réparés,-12.30529,1
957,P_NOUN_8_PASS_b,F,P,les chemises avec la chemise que j' aime beaucoup ne sont probablement pas retirées <eos>,13,retirées,retirés,11,F,S,retirées,-8.500884,retirés,-10.4315195,1
958,P_NOUN_8_PASS_b,F,P,les chemises avec la chemise que j' aime beaucoup ne sont probablement pas tombées <eos>,13,tombées,tombés,11,F,S,tombées,-7.5151215,tombés,-6.9895115,0
959,P_NOUN_8_PASS_b,F,P,les chemises avec la chemise que j' aime beaucoup ne sont probablement pas utilisées <eos>,13,utilisées,utilisés,11,F,S,utilisées,-5.519283,utilisés,-6.853645,1
960,P_NOUN_8_PASS_b,F,P,les chemises avec la recette que j' aime beaucoup ne sont probablement pas achetées <eos>,13,achetées,achetés,11,F,S,achetées,-10.839159,achetés,-10.436094,0
961,P_NOUN_8_PASS_b,F,P,les chemises avec la recette que j' aime beaucoup ne sont probablement pas brisées <eos>,13,brisées,brisés,11,F,S,brisées,-10.075981,brisés,-13.468821,1
962,P_NOUN_8_PASS_b,F,P,les chemises avec la recette que j' aime beaucoup ne sont probablement pas cachées <eos>,13,cachées,cachés,11,F,S,cachées,-8.226432,cachés,-9.714957,1
963,P_NOUN_8_PASS_b,F,P,les chemises avec la recette que j' aime beaucoup ne sont probablement pas cassées <eos>,13,cassées,cassés,11,F,S,cassées,-9.337663,cassés,-10.942277,1
964,P_NOUN_8_PASS_b,F,P,les chemises avec la recette que j' aime beaucoup ne sont probablement pas couvertes <eos>,13,couvertes,couverts,11,F,S,couvertes,-7.9228196,couverts,-8.627572,1
965,P_NOUN_8_PASS_b,F,P,les chemises avec la recette que j' aime beaucoup ne sont probablement pas déformées <eos>,13,déformées,déformés,11,F,S,déformées,-9.156147,déformés,-13.570124,1
966,P_NOUN_8_PASS_b,F,P,les chemises avec la recette que j' aime beaucoup ne sont probablement pas fixées <eos>,13,fixées,fixés,11,F,S,fixées,-8.518608,fixés,-10.284543,1
967,P_NOUN_8_PASS_b,F,P,les chemises avec la recette que j' aime beaucoup ne sont probablement pas jetées <eos>,13,jetées,jetés,11,F,S,jetées,-9.139765,jetés,-10.702849,1
968,P_NOUN_8_PASS_b,F,P,les chemises avec la recette que j' aime beaucoup ne sont probablement pas laissées <eos>,13,laissées,laissés,11,F,S,laissées,-8.167589,laissés,-10.420812,1
969,P_NOUN_8_PASS_b,F,P,les chemises avec la recette que j' aime beaucoup ne sont probablement pas ouvertes <eos>,13,ouvertes,ouverts,11,F,S,ouvertes,-7.779751,ouverts,-9.5210285,1
970,P_NOUN_8_PASS_b,F,P,les chemises avec la recette que j' aime beaucoup ne sont probablement pas perdues <eos>,13,perdues,perdus,11,F,S,perdues,-7.71498,perdus,-9.122435,1
971,P_NOUN_8_PASS_b,F,P,les chemises avec la recette que j' aime beaucoup ne sont probablement pas réparées <eos>,13,réparées,réparés,11,F,S,réparées,-9.49603,réparés,-12.387339,1
972,P_NOUN_8_PASS_b,F,P,les chemises avec la recette que j' aime beaucoup ne sont probablement pas retirées <eos>,13,retirées,retirés,11,F,S,retirées,-8.821206,retirés,-10.455346,1
973,P_NOUN_8_PASS_b,F,P,les chemises avec la recette que j' aime beaucoup ne sont probablement pas tombées <eos>,13,tombées,tombés,11,F,S,tombées,-7.836652,tombés,-7.8073072,0
974,P_NOUN_8_PASS_b,F,P,les chemises avec la recette que j' aime beaucoup ne sont probablement pas utilisées <eos>,13,utilisées,utilisés,11,F,S,utilisées,-5.5183487,utilisés,-7.007593,1
975,P_NOUN_8_PASS_b,F,P,les chemises avec la jupe que j' aime beaucoup ne sont probablement pas achetées <eos>,13,achetées,achetés,11,F,S,achetées,-11.007941,achetés,-11.001661,0
976,P_NOUN_8_PASS_b,F,P,les chemises avec la jupe que j' aime beaucoup ne sont probablement pas brisées <eos>,13,brisées,brisés,11,F,S,brisées,-9.372406,brisés,-12.628738,1
977,P_NOUN_8_PASS_b,F,P,les chemises avec la jupe que j' aime beaucoup ne sont probablement pas cachées <eos>,13,cachées,cachés,11,F,S,cachées,-7.5970716,cachés,-9.568671,1
978,P_NOUN_8_PASS_b,F,P,les chemises avec la jupe que j' aime beaucoup ne sont probablement pas cassées <eos>,13,cassées,cassés,11,F,S,cassées,-8.480925,cassés,-10.702224,1
979,P_NOUN_8_PASS_b,F,P,les chemises avec la jupe que j' aime beaucoup ne sont probablement pas couvertes <eos>,13,couvertes,couverts,11,F,S,couvertes,-7.5163,couverts,-8.6865225,1
980,P_NOUN_8_PASS_b,F,P,les chemises avec la jupe que j' aime beaucoup ne sont probablement pas déformées <eos>,13,déformées,déformés,11,F,S,déformées,-8.166231,déformés,-12.837095,1
981,P_NOUN_8_PASS_b,F,P,les chemises avec la jupe que j' aime beaucoup ne sont probablement pas fixées <eos>,13,fixées,fixés,11,F,S,fixées,-7.8883505,fixés,-10.014907,1
982,P_NOUN_8_PASS_b,F,P,les chemises avec la jupe que j' aime beaucoup ne sont probablement pas jetées <eos>,13,jetées,jetés,11,F,S,jetées,-8.489023,jetés,-9.911848,1
983,P_NOUN_8_PASS_b,F,P,les chemises avec la jupe que j' aime beaucoup ne sont probablement pas laissées <eos>,13,laissées,laissés,11,F,S,laissées,-8.186838,laissés,-10.341248,1
984,P_NOUN_8_PASS_b,F,P,les chemises avec la jupe que j' aime beaucoup ne sont probablement pas ouvertes <eos>,13,ouvertes,ouverts,11,F,S,ouvertes,-7.593705,ouverts,-9.508518,1
985,P_NOUN_8_PASS_b,F,P,les chemises avec la jupe que j' aime beaucoup ne sont probablement pas perdues <eos>,13,perdues,perdus,11,F,S,perdues,-7.915064,perdus,-9.279665,1
986,P_NOUN_8_PASS_b,F,P,les chemises avec la jupe que j' aime beaucoup ne sont probablement pas réparées <eos>,13,réparées,réparés,11,F,S,réparées,-9.273916,réparés,-12.533857,1
987,P_NOUN_8_PASS_b,F,P,les chemises avec la jupe que j' aime beaucoup ne sont probablement pas retirées <eos>,13,retirées,retirés,11,F,S,retirées,-8.461933,retirés,-10.665338,1
988,P_NOUN_8_PASS_b,F,P,les chemises avec la jupe que j' aime beaucoup ne sont probablement pas tombées <eos>,13,tombées,tombés,11,F,S,tombées,-7.4738426,tombés,-7.686412,1
989,P_NOUN_8_PASS_b,F,P,les chemises avec la jupe que j' aime beaucoup ne sont probablement pas utilisées <eos>,13,utilisées,utilisés,11,F,S,utilisées,-5.50968,utilisés,-7.0901012,1
990,P_NOUN_8_PASS_b,F,P,les chemises avec la colle que j' aime beaucoup ne sont probablement pas achetées <eos>,13,achetées,achetés,11,F,S,achetées,-10.832226,achetés,-10.387104,0
991,P_NOUN_8_PASS_b,F,P,les chemises avec la colle que j' aime beaucoup ne sont probablement pas brisées <eos>,13,brisées,brisés,11,F,S,brisées,-9.31535,brisés,-12.583016,1
992,P_NOUN_8_PASS_b,F,P,les chemises avec la colle que j' aime beaucoup ne sont probablement pas cachées <eos>,13,cachées,cachés,11,F,S,cachées,-7.5774517,cachés,-9.035945,1
993,P_NOUN_8_PASS_b,F,P,les chemises avec la colle que j' aime beaucoup ne sont probablement pas cassées <eos>,13,cassées,cassés,11,F,S,cassées,-8.405853,cassés,-10.335926,1
994,P_NOUN_8_PASS_b,F,P,les chemises avec la colle que j' aime beaucoup ne sont probablement pas couvertes <eos>,13,couvertes,couverts,11,F,S,couvertes,-7.544171,couverts,-8.531946,1
995,P_NOUN_8_PASS_b,F,P,les chemises avec la colle que j' aime beaucoup ne sont probablement pas déformées <eos>,13,déformées,déformés,11,F,S,déformées,-8.270383,déformés,-13.151224,1
996,P_NOUN_8_PASS_b,F,P,les chemises avec la colle que j' aime beaucoup ne sont probablement pas fixées <eos>,13,fixées,fixés,11,F,S,fixées,-8.1656885,fixés,-10.1339445,1
997,P_NOUN_8_PASS_b,F,P,les chemises avec la colle que j' aime beaucoup ne sont probablement pas jetées <eos>,13,jetées,jetés,11,F,S,jetées,-8.321231,jetés,-9.401503,1
998,P_NOUN_8_PASS_b,F,P,les chemises avec la colle que j' aime beaucoup ne sont probablement pas laissées <eos>,13,laissées,laissés,11,F,S,laissées,-7.888544,laissés,-9.878764,1
999,P_NOUN_8_PASS_b,F,P,les chemises avec la colle que j' aime beaucoup ne sont probablement pas ouvertes <eos>,13,ouvertes,ouverts,11,F,S,ouvertes,-7.9340415,ouverts,-9.767341,1
1000,P_NOUN_8_PASS_b,F,P,les chemises avec la colle que j' aime beaucoup ne sont probablement pas perdues <eos>,13,perdues,perdus,11,F,S,perdues,-7.501526,perdus,-8.850785,1
1001,P_NOUN_8_PASS_b,F,P,les chemises avec la colle que j' aime beaucoup ne sont probablement pas réparées <eos>,13,réparées,réparés,11,F,S,réparées,-9.251078,réparés,-12.328259,1
1002,P_NOUN_8_PASS_b,F,P,les chemises avec la colle que j' aime beaucoup ne sont probablement pas retirées <eos>,13,retirées,retirés,11,F,S,retirées,-8.326197,retirés,-10.300113,1
1003,P_NOUN_8_PASS_b,F,P,les chemises avec la colle que j' aime beaucoup ne sont probablement pas tombées <eos>,13,tombées,tombés,11,F,S,tombées,-7.2974043,tombés,-7.554369,1
1004,P_NOUN_8_PASS_b,F,P,les chemises avec la colle que j' aime beaucoup ne sont probablement pas utilisées <eos>,13,utilisées,utilisés,11,F,S,utilisées,-5.324778,utilisés,-6.80708,1
1005,P_NOUN_8_PASS_b,F,P,les chemises avec la lampe que j' aime beaucoup ne sont probablement pas achetées <eos>,13,achetées,achetés,11,F,S,achetées,-10.857981,achetés,-10.961269,1
1006,P_NOUN_8_PASS_b,F,P,les chemises avec la lampe que j' aime beaucoup ne sont probablement pas brisées <eos>,13,brisées,brisés,11,F,S,brisées,-8.944546,brisés,-12.419488,1
1007,P_NOUN_8_PASS_b,F,P,les chemises avec la lampe que j' aime beaucoup ne sont probablement pas cachées <eos>,13,cachées,cachés,11,F,S,cachées,-7.3366356,cachés,-9.113283,1
1008,P_NOUN_8_PASS_b,F,P,les chemises avec la lampe que j' aime beaucoup ne sont probablement pas cassées <eos>,13,cassées,cassés,11,F,S,cassées,-8.413903,cassés,-10.731268,1
1009,P_NOUN_8_PASS_b,F,P,les chemises avec la lampe que j' aime beaucoup ne sont probablement pas couvertes <eos>,13,couvertes,couverts,11,F,S,couvertes,-7.865242,couverts,-9.063374,1
1010,P_NOUN_8_PASS_b,F,P,les chemises avec la lampe que j' aime beaucoup ne sont probablement pas déformées <eos>,13,déformées,déformés,11,F,S,déformées,-7.8802533,déformés,-12.678373,1
1011,P_NOUN_8_PASS_b,F,P,les chemises avec la lampe que j' aime beaucoup ne sont probablement pas fixées <eos>,13,fixées,fixés,11,F,S,fixées,-7.7149596,fixés,-9.955315,1
1012,P_NOUN_8_PASS_b,F,P,les chemises avec la lampe que j' aime beaucoup ne sont probablement pas jetées <eos>,13,jetées,jetés,11,F,S,jetées,-7.77079,jetés,-9.1581745,1
1013,P_NOUN_8_PASS_b,F,P,les chemises avec la lampe que j' aime beaucoup ne sont probablement pas laissées <eos>,13,laissées,laissés,11,F,S,laissées,-8.062772,laissés,-10.129044,1
1014,P_NOUN_8_PASS_b,F,P,les chemises avec la lampe que j' aime beaucoup ne sont probablement pas ouvertes <eos>,13,ouvertes,ouverts,11,F,S,ouvertes,-7.707407,ouverts,-9.866673,1
1015,P_NOUN_8_PASS_b,F,P,les chemises avec la lampe que j' aime beaucoup ne sont probablement pas perdues <eos>,13,perdues,perdus,11,F,S,perdues,-7.3163414,perdus,-8.723647,1
1016,P_NOUN_8_PASS_b,F,P,les chemises avec la lampe que j' aime beaucoup ne sont probablement pas réparées <eos>,13,réparées,réparés,11,F,S,réparées,-8.939966,réparés,-12.255956,1
1017,P_NOUN_8_PASS_b,F,P,les chemises avec la lampe que j' aime beaucoup ne sont probablement pas retirées <eos>,13,retirées,retirés,11,F,S,retirées,-8.026956,retirés,-10.388639,1
1018,P_NOUN_8_PASS_b,F,P,les chemises avec la lampe que j' aime beaucoup ne sont probablement pas tombées <eos>,13,tombées,tombés,11,F,S,tombées,-7.1678123,tombés,-7.7218657,1
1019,P_NOUN_8_PASS_b,F,P,les chemises avec la lampe que j' aime beaucoup ne sont probablement pas utilisées <eos>,13,utilisées,utilisés,11,F,S,utilisées,-5.2804723,utilisés,-6.957088,1
1020,P_NOUN_8_PASS_b,F,P,les chemises avec la bouteille que j' aime beaucoup ne sont probablement pas achetées <eos>,13,achetées,achetés,11,F,S,achetées,-10.1977215,achetés,-10.313145,1
1021,P_NOUN_8_PASS_b,F,P,les chemises avec la bouteille que j' aime beaucoup ne sont probablement pas brisées <eos>,13,brisées,brisés,11,F,S,brisées,-9.512961,brisés,-12.883936,1
1022,P_NOUN_8_PASS_b,F,P,les chemises avec la bouteille que j' aime beaucoup ne sont probablement pas cachées <eos>,13,cachées,cachés,11,F,S,cachées,-7.711816,cachés,-9.352388,1
1023,P_NOUN_8_PASS_b,F,P,les chemises avec la bouteille que j' aime beaucoup ne sont probablement pas cassées <eos>,13,cassées,cassés,11,F,S,cassées,-8.600955,cassés,-10.590059,1
1024,P_NOUN_8_PASS_b,F,P,les chemises avec la bouteille que j' aime beaucoup ne sont probablement pas couvertes <eos>,13,couvertes,couverts,11,F,S,couvertes,-7.679551,couverts,-8.5699625,1
1025,P_NOUN_8_PASS_b,F,P,les chemises avec la bouteille que j' aime beaucoup ne sont probablement pas déformées <eos>,13,déformées,déformés,11,F,S,déformées,-8.445057,déformés,-13.181738,1
1026,P_NOUN_8_PASS_b,F,P,les chemises avec la bouteille que j' aime beaucoup ne sont probablement pas fixées <eos>,13,fixées,fixés,11,F,S,fixées,-8.583184,fixés,-10.162401,1
1027,P_NOUN_8_PASS_b,F,P,les chemises avec la bouteille que j' aime beaucoup ne sont probablement pas jetées <eos>,13,jetées,jetés,11,F,S,jetées,-8.7934,jetés,-9.803924,1
1028,P_NOUN_8_PASS_b,F,P,les chemises avec la bouteille que j' aime beaucoup ne sont probablement pas laissées <eos>,13,laissées,laissés,11,F,S,laissées,-7.6218123,laissés,-10.032078,1
1029,P_NOUN_8_PASS_b,F,P,les chemises avec la bouteille que j' aime beaucoup ne sont probablement pas ouvertes <eos>,13,ouvertes,ouverts,11,F,S,ouvertes,-7.607527,ouverts,-9.355982,1
1030,P_NOUN_8_PASS_b,F,P,les chemises avec la bouteille que j' aime beaucoup ne sont probablement pas perdues <eos>,13,perdues,perdus,11,F,S,perdues,-7.5896626,perdus,-8.874241,1
1031,P_NOUN_8_PASS_b,F,P,les chemises avec la bouteille que j' aime beaucoup ne sont probablement pas réparées <eos>,13,réparées,réparés,11,F,S,réparées,-8.963487,réparés,-12.326312,1
1032,P_NOUN_8_PASS_b,F,P,les chemises avec la bouteille que j' aime beaucoup ne sont probablement pas retirées <eos>,13,retirées,retirés,11,F,S,retirées,-8.371212,retirés,-10.687265,1
1033,P_NOUN_8_PASS_b,F,P,les chemises avec la bouteille que j' aime beaucoup ne sont probablement pas tombées <eos>,13,tombées,tombés,11,F,S,tombées,-7.630836,tombés,-8.054735,1
1034,P_NOUN_8_PASS_b,F,P,les chemises avec la bouteille que j' aime beaucoup ne sont probablement pas utilisées <eos>,13,utilisées,utilisés,11,F,S,utilisées,-5.732581,utilisés,-7.3150005,1
1035,P_NOUN_8_PASS_b,F,P,les chemises avec la boisson que j' aime beaucoup ne sont probablement pas achetées <eos>,13,achetées,achetés,11,F,S,achetées,-10.70526,achetés,-10.349021,0
1036,P_NOUN_8_PASS_b,F,P,les chemises avec la boisson que j' aime beaucoup ne sont probablement pas brisées <eos>,13,brisées,brisés,11,F,S,brisées,-9.949623,brisés,-13.416371,1
1037,P_NOUN_8_PASS_b,F,P,les chemises avec la boisson que j' aime beaucoup ne sont probablement pas cachées <eos>,13,cachées,cachés,11,F,S,cachées,-7.827893,cachés,-9.265076,1
1038,P_NOUN_8_PASS_b,F,P,les chemises avec la boisson que j' aime beaucoup ne sont probablement pas cassées <eos>,13,cassées,cassés,11,F,S,cassées,-9.295321,cassés,-10.757767,1
1039,P_NOUN_8_PASS_b,F,P,les chemises avec la boisson que j' aime beaucoup ne sont probablement pas couvertes <eos>,13,couvertes,couverts,11,F,S,couvertes,-8.123287,couverts,-8.548862,1
1040,P_NOUN_8_PASS_b,F,P,les chemises avec la boisson que j' aime beaucoup ne sont probablement pas déformées <eos>,13,déformées,déformés,11,F,S,déformées,-9.179005,déformés,-13.602274,1
1041,P_NOUN_8_PASS_b,F,P,les chemises avec la boisson que j' aime beaucoup ne sont probablement pas fixées <eos>,13,fixées,fixés,11,F,S,fixées,-8.727999,fixés,-10.310852,1
1042,P_NOUN_8_PASS_b,F,P,les chemises avec la boisson que j' aime beaucoup ne sont probablement pas jetées <eos>,13,jetées,jetés,11,F,S,jetées,-8.991983,jetés,-10.015133,1
1043,P_NOUN_8_PASS_b,F,P,les chemises avec la boisson que j' aime beaucoup ne sont probablement pas laissées <eos>,13,laissées,laissés,11,F,S,laissées,-8.0762,laissés,-9.915733,1
1044,P_NOUN_8_PASS_b,F,P,les chemises avec la boisson que j' aime beaucoup ne sont probablement pas ouvertes <eos>,13,ouvertes,ouverts,11,F,S,ouvertes,-8.071607,ouverts,-9.798024,1
1045,P_NOUN_8_PASS_b,F,P,les chemises avec la boisson que j' aime beaucoup ne sont probablement pas perdues <eos>,13,perdues,perdus,11,F,S,perdues,-7.8687563,perdus,-8.988102,1
1046,P_NOUN_8_PASS_b,F,P,les chemises avec la boisson que j' aime beaucoup ne sont probablement pas réparées <eos>,13,réparées,réparés,11,F,S,réparées,-9.852397,réparés,-12.772926,1
1047,P_NOUN_8_PASS_b,F,P,les chemises avec la boisson que j' aime beaucoup ne sont probablement pas retirées <eos>,13,retirées,retirés,11,F,S,retirées,-8.806604,retirés,-10.558225,1
1048,P_NOUN_8_PASS_b,F,P,les chemises avec la boisson que j' aime beaucoup ne sont probablement pas tombées <eos>,13,tombées,tombés,11,F,S,tombées,-7.6801434,tombés,-7.479168,0
1049,P_NOUN_8_PASS_b,F,P,les chemises avec la boisson que j' aime beaucoup ne sont probablement pas utilisées <eos>,13,utilisées,utilisés,11,F,S,utilisées,-6.0008636,utilisés,-7.2927346,1
1050,P_NOUN_8_PASS_b,F,P,les chemises avec la pomme que j' aime beaucoup ne sont probablement pas achetées <eos>,13,achetées,achetés,11,F,S,achetées,-10.112272,achetés,-9.8534355,0
1051,P_NOUN_8_PASS_b,F,P,les chemises avec la pomme que j' aime beaucoup ne sont probablement pas brisées <eos>,13,brisées,brisés,11,F,S,brisées,-9.532646,brisés,-12.913707,1
1052,P_NOUN_8_PASS_b,F,P,les chemises avec la pomme que j' aime beaucoup ne sont probablement pas cachées <eos>,13,cachées,cachés,11,F,S,cachées,-7.6756725,cachés,-9.140125,1
1053,P_NOUN_8_PASS_b,F,P,les chemises avec la pomme que j' aime beaucoup ne sont probablement pas cassées <eos>,13,cassées,cassés,11,F,S,cassées,-8.716176,cassés,-10.267233,1
1054,P_NOUN_8_PASS_b,F,P,les chemises avec la pomme que j' aime beaucoup ne sont probablement pas couvertes <eos>,13,couvertes,couverts,11,F,S,couvertes,-7.663384,couverts,-8.382372,1
1055,P_NOUN_8_PASS_b,F,P,les chemises avec la pomme que j' aime beaucoup ne sont probablement pas déformées <eos>,13,déformées,déformés,11,F,S,déformées,-8.931912,déformés,-13.621341,1
1056,P_NOUN_8_PASS_b,F,P,les chemises avec la pomme que j' aime beaucoup ne sont probablement pas fixées <eos>,13,fixées,fixés,11,F,S,fixées,-8.631606,fixés,-10.037373,1
1057,P_NOUN_8_PASS_b,F,P,les chemises avec la pomme que j' aime beaucoup ne sont probablement pas jetées <eos>,13,jetées,jetés,11,F,S,jetées,-8.572661,jetés,-9.801921,1
1058,P_NOUN_8_PASS_b,F,P,les chemises avec la pomme que j' aime beaucoup ne sont probablement pas laissées <eos>,13,laissées,laissés,11,F,S,laissées,-7.98193,laissés,-9.635227,1
1059,P_NOUN_8_PASS_b,F,P,les chemises avec la pomme que j' aime beaucoup ne sont probablement pas ouvertes <eos>,13,ouvertes,ouverts,11,F,S,ouvertes,-7.8663273,ouverts,-9.583666,1
1060,P_NOUN_8_PASS_b,F,P,les chemises avec la pomme que j' aime beaucoup ne sont probablement pas perdues <eos>,13,perdues,perdus,11,F,S,perdues,-7.489052,perdus,-8.840015,1
1061,P_NOUN_8_PASS_b,F,P,les chemises avec la pomme que j' aime beaucoup ne sont probablement pas réparées <eos>,13,réparées,réparés,11,F,S,réparées,-9.623034,réparés,-12.44081,1
1062,P_NOUN_8_PASS_b,F,P,les chemises avec la pomme que j' aime beaucoup ne sont probablement pas retirées <eos>,13,retirées,retirés,11,F,S,retirées,-8.681743,retirés,-10.527056,1
1063,P_NOUN_8_PASS_b,F,P,les chemises avec la pomme que j' aime beaucoup ne sont probablement pas tombées <eos>,13,tombées,tombés,11,F,S,tombées,-7.375356,tombés,-7.330746,0
1064,P_NOUN_8_PASS_b,F,P,les chemises avec la pomme que j' aime beaucoup ne sont probablement pas utilisées <eos>,13,utilisées,utilisés,11,F,S,utilisées,-5.569802,utilisés,-7.0305943,1
1065,P_NOUN_8_PASS_b,F,P,les chemises avec la tasse que j' aime beaucoup ne sont probablement pas achetées <eos>,13,achetées,achetés,11,F,S,achetées,-10.13068,achetés,-10.3237,1
1066,P_NOUN_8_PASS_b,F,P,les chemises avec la tasse que j' aime beaucoup ne sont probablement pas brisées <eos>,13,brisées,brisés,11,F,S,brisées,-9.284693,brisés,-12.723398,1
1067,P_NOUN_8_PASS_b,F,P,les chemises avec la tasse que j' aime beaucoup ne sont probablement pas cachées <eos>,13,cachées,cachés,11,F,S,cachées,-7.618349,cachés,-9.640244,1
1068,P_NOUN_8_PASS_b,F,P,les chemises avec la tasse que j' aime beaucoup ne sont probablement pas cassées <eos>,13,cassées,cassés,11,F,S,cassées,-8.561554,cassés,-10.43311,1
1069,P_NOUN_8_PASS_b,F,P,les chemises avec la tasse que j' aime beaucoup ne sont probablement pas couvertes <eos>,13,couvertes,couverts,11,F,S,couvertes,-7.3921576,couverts,-8.2240505,1
1070,P_NOUN_8_PASS_b,F,P,les chemises avec la tasse que j' aime beaucoup ne sont probablement pas déformées <eos>,13,déformées,déformés,11,F,S,déformées,-8.806726,déformés,-13.364575,1
1071,P_NOUN_8_PASS_b,F,P,les chemises avec la tasse que j' aime beaucoup ne sont probablement pas fixées <eos>,13,fixées,fixés,11,F,S,fixées,-8.390171,fixés,-10.211789,1
1072,P_NOUN_8_PASS_b,F,P,les chemises avec la tasse que j' aime beaucoup ne sont probablement pas jetées <eos>,13,jetées,jetés,11,F,S,jetées,-8.495427,jetés,-9.8765745,1
1073,P_NOUN_8_PASS_b,F,P,les chemises avec la tasse que j' aime beaucoup ne sont probablement pas laissées <eos>,13,laissées,laissés,11,F,S,laissées,-7.591836,laissés,-9.766016,1
1074,P_NOUN_8_PASS_b,F,P,les chemises avec la tasse que j' aime beaucoup ne sont probablement pas ouvertes <eos>,13,ouvertes,ouverts,11,F,S,ouvertes,-7.269759,ouverts,-9.059208,1
1075,P_NOUN_8_PASS_b,F,P,les chemises avec la tasse que j' aime beaucoup ne sont probablement pas perdues <eos>,13,perdues,perdus,11,F,S,perdues,-7.76282,perdus,-9.0367775,1
1076,P_NOUN_8_PASS_b,F,P,les chemises avec la tasse que j' aime beaucoup ne sont probablement pas réparées <eos>,13,réparées,réparés,11,F,S,réparées,-8.93771,réparés,-12.129677,1
1077,P_NOUN_8_PASS_b,F,P,les chemises avec la tasse que j' aime beaucoup ne sont probablement pas retirées <eos>,13,retirées,retirés,11,F,S,retirées,-8.560977,retirés,-10.670933,1
1078,P_NOUN_8_PASS_b,F,P,les chemises avec la tasse que j' aime beaucoup ne sont probablement pas tombées <eos>,13,tombées,tombés,11,F,S,tombées,-7.535987,tombés,-7.8101444,1
1079,P_NOUN_8_PASS_b,F,P,les chemises avec la tasse que j' aime beaucoup ne sont probablement pas utilisées <eos>,13,utilisées,utilisés,11,F,S,utilisées,-5.8221483,utilisés,-7.454855,1
1080,P_NOUN_8_PASS_b,F,P,les chemises avec la bougie que j' aime beaucoup ne sont probablement pas achetées <eos>,13,achetées,achetés,11,F,S,achetées,-10.522072,achetés,-10.677246,1
1081,P_NOUN_8_PASS_b,F,P,les chemises avec la bougie que j' aime beaucoup ne sont probablement pas brisées <eos>,13,brisées,brisés,11,F,S,brisées,-9.319614,brisés,-12.54129,1
1082,P_NOUN_8_PASS_b,F,P,les chemises avec la bougie que j' aime beaucoup ne sont probablement pas cachées <eos>,13,cachées,cachés,11,F,S,cachées,-7.7369204,cachés,-9.121998,1
1083,P_NOUN_8_PASS_b,F,P,les chemises avec la bougie que j' aime beaucoup ne sont probablement pas cassées <eos>,13,cassées,cassés,11,F,S,cassées,-8.442305,cassés,-10.631388,1
1084,P_NOUN_8_PASS_b,F,P,les chemises avec la bougie que j' aime beaucoup ne sont probablement pas couvertes <eos>,13,couvertes,couverts,11,F,S,couvertes,-7.956745,couverts,-8.836545,1
1085,P_NOUN_8_PASS_b,F,P,les chemises avec la bougie que j' aime beaucoup ne sont probablement pas déformées <eos>,13,déformées,déformés,11,F,S,déformées,-8.486124,déformés,-12.950901,1
1086,P_NOUN_8_PASS_b,F,P,les chemises avec la bougie que j' aime beaucoup ne sont probablement pas fixées <eos>,13,fixées,fixés,11,F,S,fixées,-8.048574,fixés,-9.91128,1
1087,P_NOUN_8_PASS_b,F,P,les chemises avec la bougie que j' aime beaucoup ne sont probablement pas jetées <eos>,13,jetées,jetés,11,F,S,jetées,-8.357403,jetés,-9.372029,1
1088,P_NOUN_8_PASS_b,F,P,les chemises avec la bougie que j' aime beaucoup ne sont probablement pas laissées <eos>,13,laissées,laissés,11,F,S,laissées,-7.9469795,laissés,-9.939267,1
1089,P_NOUN_8_PASS_b,F,P,les chemises avec la bougie que j' aime beaucoup ne sont probablement pas ouvertes <eos>,13,ouvertes,ouverts,11,F,S,ouvertes,-7.849221,ouverts,-9.619561,1
1090,P_NOUN_8_PASS_b,F,P,les chemises avec la bougie que j' aime beaucoup ne sont probablement pas perdues <eos>,13,perdues,perdus,11,F,S,perdues,-7.379849,perdus,-8.645101,1
1091,P_NOUN_8_PASS_b,F,P,les chemises avec la bougie que j' aime beaucoup ne sont probablement pas réparées <eos>,13,réparées,réparés,11,F,S,réparées,-8.937161,réparés,-12.05069,1
1092,P_NOUN_8_PASS_b,F,P,les chemises avec la bougie que j' aime beaucoup ne sont probablement pas retirées <eos>,13,retirées,retirés,11,F,S,retirées,-8.095271,retirés,-10.434485,1
1093,P_NOUN_8_PASS_b,F,P,les chemises avec la bougie que j' aime beaucoup ne sont probablement pas tombées <eos>,13,tombées,tombés,11,F,S,tombées,-7.3250003,tombés,-7.36955,1
1094,P_NOUN_8_PASS_b,F,P,les chemises avec la bougie que j' aime beaucoup ne sont probablement pas utilisées <eos>,13,utilisées,utilisés,11,F,S,utilisées,-5.6040673,utilisés,-7.0899396,1
1095,P_NOUN_8_PASS_b,F,P,les chemises avec la pochette que j' aime beaucoup ne sont probablement pas achetées <eos>,13,achetées,achetés,11,F,S,achetées,-10.313717,achetés,-11.306763,1
1096,P_NOUN_8_PASS_b,F,P,les chemises avec la pochette que j' aime beaucoup ne sont probablement pas brisées <eos>,13,brisées,brisés,11,F,S,brisées,-9.030538,brisés,-12.500195,1
1097,P_NOUN_8_PASS_b,F,P,les chemises avec la pochette que j' aime beaucoup ne sont probablement pas cachées <eos>,13,cachées,cachés,11,F,S,cachées,-7.762535,cachés,-10.017326,1
1098,P_NOUN_8_PASS_b,F,P,les chemises avec la pochette que j' aime beaucoup ne sont probablement pas cassées <eos>,13,cassées,cassés,11,F,S,cassées,-8.613316,cassés,-11.163895,1
1099,P_NOUN_8_PASS_b,F,P,les chemises avec la pochette que j' aime beaucoup ne sont probablement pas couvertes <eos>,13,couvertes,couverts,11,F,S,couvertes,-8.565657,couverts,-9.892714,1
1100,P_NOUN_8_PASS_b,F,P,les chemises avec la pochette que j' aime beaucoup ne sont probablement pas déformées <eos>,13,déformées,déformés,11,F,S,déformées,-7.99257,déformés,-12.512444,1
1101,P_NOUN_8_PASS_b,F,P,les chemises avec la pochette que j' aime beaucoup ne sont probablement pas fixées <eos>,13,fixées,fixés,11,F,S,fixées,-8.233824,fixés,-10.431127,1
1102,P_NOUN_8_PASS_b,F,P,les chemises avec la pochette que j' aime beaucoup ne sont probablement pas jetées <eos>,13,jetées,jetés,11,F,S,jetées,-9.3946,jetés,-10.36183,1
1103,P_NOUN_8_PASS_b,F,P,les chemises avec la pochette que j' aime beaucoup ne sont probablement pas laissées <eos>,13,laissées,laissés,11,F,S,laissées,-7.9366093,laissés,-10.847149,1
1104,P_NOUN_8_PASS_b,F,P,les chemises avec la pochette que j' aime beaucoup ne sont probablement pas ouvertes <eos>,13,ouvertes,ouverts,11,F,S,ouvertes,-8.075417,ouverts,-10.33291,1
1105,P_NOUN_8_PASS_b,F,P,les chemises avec la pochette que j' aime beaucoup ne sont probablement pas perdues <eos>,13,perdues,perdus,11,F,S,perdues,-7.4150043,perdus,-8.955111,1
1106,P_NOUN_8_PASS_b,F,P,les chemises avec la pochette que j' aime beaucoup ne sont probablement pas réparées <eos>,13,réparées,réparés,11,F,S,réparées,-9.386814,réparés,-13.354553,1
1107,P_NOUN_8_PASS_b,F,P,les chemises avec la pochette que j' aime beaucoup ne sont probablement pas retirées <eos>,13,retirées,retirés,11,F,S,retirées,-8.038362,retirés,-10.917101,1
1108,P_NOUN_8_PASS_b,F,P,les chemises avec la pochette que j' aime beaucoup ne sont probablement pas tombées <eos>,13,tombées,tombés,11,F,S,tombées,-7.805385,tombés,-8.610615,1
1109,P_NOUN_8_PASS_b,F,P,les chemises avec la pochette que j' aime beaucoup ne sont probablement pas utilisées <eos>,13,utilisées,utilisés,11,F,S,utilisées,-5.9492674,utilisés,-7.817773,1
1110,P_NOUN_8_PASS_b,F,P,les chemises avec la banane que j' aime beaucoup ne sont probablement pas achetées <eos>,13,achetées,achetés,11,F,S,achetées,-10.666488,achetés,-10.466311,0
1111,P_NOUN_8_PASS_b,F,P,les chemises avec la banane que j' aime beaucoup ne sont probablement pas brisées <eos>,13,brisées,brisés,11,F,S,brisées,-9.353662,brisés,-12.61877,1
1112,P_NOUN_8_PASS_b,F,P,les chemises avec la banane que j' aime beaucoup ne sont probablement pas cachées <eos>,13,cachées,cachés,11,F,S,cachées,-7.9600964,cachés,-9.492533,1
1113,P_NOUN_8_PASS_b,F,P,les chemises avec la banane que j' aime beaucoup ne sont probablement pas cassées <eos>,13,cassées,cassés,11,F,S,cassées,-8.5140705,cassés,-10.242733,1
1114,P_NOUN_8_PASS_b,F,P,les chemises avec la banane que j' aime beaucoup ne sont probablement pas couvertes <eos>,13,couvertes,couverts,11,F,S,couvertes,-7.7429814,couverts,-8.5606365,1
1115,P_NOUN_8_PASS_b,F,P,les chemises avec la banane que j' aime beaucoup ne sont probablement pas déformées <eos>,13,déformées,déformés,11,F,S,déformées,-8.539373,déformés,-13.15508,1
1116,P_NOUN_8_PASS_b,F,P,les chemises avec la banane que j' aime beaucoup ne sont probablement pas fixées <eos>,13,fixées,fixés,11,F,S,fixées,-8.242125,fixés,-9.638632,1
1117,P_NOUN_8_PASS_b,F,P,les chemises avec la banane que j' aime beaucoup ne sont probablement pas jetées <eos>,13,jetées,jetés,11,F,S,jetées,-7.7128167,jetés,-9.974761,1
1118,P_NOUN_8_PASS_b,F,P,les chemises avec la banane que j' aime beaucoup ne sont probablement pas laissées <eos>,13,laissées,laissés,11,F,S,laissées,-7.7876806,laissés,-9.670519,1
1119,P_NOUN_8_PASS_b,F,P,les chemises avec la banane que j' aime beaucoup ne sont probablement pas ouvertes <eos>,13,ouvertes,ouverts,11,F,S,ouvertes,-8.538876,ouverts,-10.141914,1
1120,P_NOUN_8_PASS_b,F,P,les chemises avec la banane que j' aime beaucoup ne sont probablement pas perdues <eos>,13,perdues,perdus,11,F,S,perdues,-7.8121195,perdus,-8.894991,1
1121,P_NOUN_8_PASS_b,F,P,les chemises avec la banane que j' aime beaucoup ne sont probablement pas réparées <eos>,13,réparées,réparés,11,F,S,réparées,-9.502272,réparés,-11.982757,1
1122,P_NOUN_8_PASS_b,F,P,les chemises avec la banane que j' aime beaucoup ne sont probablement pas retirées <eos>,13,retirées,retirés,11,F,S,retirées,-8.678463,retirés,-10.607534,1
1123,P_NOUN_8_PASS_b,F,P,les chemises avec la banane que j' aime beaucoup ne sont probablement pas tombées <eos>,13,tombées,tombés,11,F,S,tombées,-7.1719046,tombés,-7.3738594,1
1124,P_NOUN_8_PASS_b,F,P,les chemises avec la banane que j' aime beaucoup ne sont probablement pas utilisées <eos>,13,utilisées,utilisés,11,F,S,utilisées,-5.4298615,utilisés,-6.774464,1
1125,P_NOUN_8_PASS_b,F,P,les chemises avec la robe que j' aime beaucoup ne sont probablement pas achetées <eos>,13,achetées,achetés,11,F,S,achetées,-11.345596,achetés,-11.151398,0
1126,P_NOUN_8_PASS_b,F,P,les chemises avec la robe que j' aime beaucoup ne sont probablement pas brisées <eos>,13,brisées,brisés,11,F,S,brisées,-9.730371,brisés,-13.293669,1
1127,P_NOUN_8_PASS_b,F,P,les chemises avec la robe que j' aime beaucoup ne sont probablement pas cachées <eos>,13,cachées,cachés,11,F,S,cachées,-7.655533,cachés,-9.419608,1
1128,P_NOUN_8_PASS_b,F,P,les chemises avec la robe que j' aime beaucoup ne sont probablement pas cassées <eos>,13,cassées,cassés,11,F,S,cassées,-9.093798,cassés,-11.310304,1
1129,P_NOUN_8_PASS_b,F,P,les chemises avec la robe que j' aime beaucoup ne sont probablement pas couvertes <eos>,13,couvertes,couverts,11,F,S,couvertes,-7.866085,couverts,-8.861857,1
1130,P_NOUN_8_PASS_b,F,P,les chemises avec la robe que j' aime beaucoup ne sont probablement pas déformées <eos>,13,déformées,déformés,11,F,S,déformées,-8.716956,déformés,-13.0530615,1
1131,P_NOUN_8_PASS_b,F,P,les chemises avec la robe que j' aime beaucoup ne sont probablement pas fixées <eos>,13,fixées,fixés,11,F,S,fixées,-8.400101,fixés,-10.422113,1
1132,P_NOUN_8_PASS_b,F,P,les chemises avec la robe que j' aime beaucoup ne sont probablement pas jetées <eos>,13,jetées,jetés,11,F,S,jetées,-8.753084,jetés,-10.09118,1
1133,P_NOUN_8_PASS_b,F,P,les chemises avec la robe que j' aime beaucoup ne sont probablement pas laissées <eos>,13,laissées,laissés,11,F,S,laissées,-8.483241,laissés,-10.437019,1
1134,P_NOUN_8_PASS_b,F,P,les chemises avec la robe que j' aime beaucoup ne sont probablement pas ouvertes <eos>,13,ouvertes,ouverts,11,F,S,ouvertes,-7.8078923,ouverts,-9.839003,1
1135,P_NOUN_8_PASS_b,F,P,les chemises avec la robe que j' aime beaucoup ne sont probablement pas perdues <eos>,13,perdues,perdus,11,F,S,perdues,-8.01634,perdus,-9.397273,1
1136,P_NOUN_8_PASS_b,F,P,les chemises avec la robe que j' aime beaucoup ne sont probablement pas réparées <eos>,13,réparées,réparés,11,F,S,réparées,-9.739414,réparés,-12.443612,1
1137,P_NOUN_8_PASS_b,F,P,les chemises avec la robe que j' aime beaucoup ne sont probablement pas retirées <eos>,13,retirées,retirés,11,F,S,retirées,-8.937266,retirés,-10.911348,1
1138,P_NOUN_8_PASS_b,F,P,les chemises avec la robe que j' aime beaucoup ne sont probablement pas tombées <eos>,13,tombées,tombés,11,F,S,tombées,-7.5544806,tombés,-7.3620443,0
1139,P_NOUN_8_PASS_b,F,P,les chemises avec la robe que j' aime beaucoup ne sont probablement pas utilisées <eos>,13,utilisées,utilisés,11,F,S,utilisées,-5.5948524,utilisés,-7.073368,1
1140,P_NOUN_8_PASS_b,F,P,les chemises avec la valise que j' aime beaucoup ne sont probablement pas achetées <eos>,13,achetées,achetés,11,F,S,achetées,-9.610029,achetés,-10.203571,1
1141,P_NOUN_8_PASS_b,F,P,les chemises avec la valise que j' aime beaucoup ne sont probablement pas brisées <eos>,13,brisées,brisés,11,F,S,brisées,-8.934136,brisés,-12.429096,1
1142,P_NOUN_8_PASS_b,F,P,les chemises avec la valise que j' aime beaucoup ne sont probablement pas cachées <eos>,13,cachées,cachés,11,F,S,cachées,-7.4489164,cachés,-8.566945,1
1143,P_NOUN_8_PASS_b,F,P,les chemises avec la valise que j' aime beaucoup ne sont probablement pas cassées <eos>,13,cassées,cassés,11,F,S,cassées,-8.727318,cassés,-10.674684,1
1144,P_NOUN_8_PASS_b,F,P,les chemises avec la valise que j' aime beaucoup ne sont probablement pas couvertes <eos>,13,couvertes,couverts,11,F,S,couvertes,-8.217315,couverts,-9.359409,1
1145,P_NOUN_8_PASS_b,F,P,les chemises avec la valise que j' aime beaucoup ne sont probablement pas déformées <eos>,13,déformées,déformés,11,F,S,déformées,-8.12394,déformés,-13.471676,1
1146,P_NOUN_8_PASS_b,F,P,les chemises avec la valise que j' aime beaucoup ne sont probablement pas fixées <eos>,13,fixées,fixés,11,F,S,fixées,-8.13621,fixés,-10.130173,1
1147,P_NOUN_8_PASS_b,F,P,les chemises avec la valise que j' aime beaucoup ne sont probablement pas jetées <eos>,13,jetées,jetés,11,F,S,jetées,-7.816867,jetés,-8.985027,1
1148,P_NOUN_8_PASS_b,F,P,les chemises avec la valise que j' aime beaucoup ne sont probablement pas laissées <eos>,13,laissées,laissés,11,F,S,laissées,-7.8045263,laissés,-9.712528,1
1149,P_NOUN_8_PASS_b,F,P,les chemises avec la valise que j' aime beaucoup ne sont probablement pas ouvertes <eos>,13,ouvertes,ouverts,11,F,S,ouvertes,-7.779644,ouverts,-9.568241,1
1150,P_NOUN_8_PASS_b,F,P,les chemises avec la valise que j' aime beaucoup ne sont probablement pas perdues <eos>,13,perdues,perdus,11,F,S,perdues,-7.114959,perdus,-8.297392,1
1151,P_NOUN_8_PASS_b,F,P,les chemises avec la valise que j' aime beaucoup ne sont probablement pas réparées <eos>,13,réparées,réparés,11,F,S,réparées,-9.061158,réparés,-12.674106,1
1152,P_NOUN_8_PASS_b,F,P,les chemises avec la valise que j' aime beaucoup ne sont probablement pas retirées <eos>,13,retirées,retirés,11,F,S,retirées,-8.224605,retirés,-10.111934,1
1153,P_NOUN_8_PASS_b,F,P,les chemises avec la valise que j' aime beaucoup ne sont probablement pas tombées <eos>,13,tombées,tombés,11,F,S,tombées,-7.611637,tombés,-7.5421295,0
1154,P_NOUN_8_PASS_b,F,P,les chemises avec la valise que j' aime beaucoup ne sont probablement pas utilisées <eos>,13,utilisées,utilisés,11,F,S,utilisées,-5.522996,utilisés,-7.050268,1
1155,P_NOUN_8_PASS_b,F,P,les chemises avec la pendule que j' aime beaucoup ne sont probablement pas achetées <eos>,13,achetées,achetés,11,F,S,achetées,-11.045696,achetés,-10.7824745,0
1156,P_NOUN_8_PASS_b,F,P,les chemises avec la pendule que j' aime beaucoup ne sont probablement pas brisées <eos>,13,brisées,brisés,11,F,S,brisées,-9.2332,brisés,-12.436016,1
1157,P_NOUN_8_PASS_b,F,P,les chemises avec la pendule que j' aime beaucoup ne sont probablement pas cachées <eos>,13,cachées,cachés,11,F,S,cachées,-7.7623873,cachés,-9.031766,1
1158,P_NOUN_8_PASS_b,F,P,les chemises avec la pendule que j' aime beaucoup ne sont probablement pas cassées <eos>,13,cassées,cassés,11,F,S,cassées,-8.208685,cassés,-10.603055,1
1159,P_NOUN_8_PASS_b,F,P,les chemises avec la pendule que j' aime beaucoup ne sont probablement pas couvertes <eos>,13,couvertes,couverts,11,F,S,couvertes,-7.7067523,couverts,-8.855192,1
1160,P_NOUN_8_PASS_b,F,P,les chemises avec la pendule que j' aime beaucoup ne sont probablement pas déformées <eos>,13,déformées,déformés,11,F,S,déformées,-7.785927,déformés,-12.774107,1
1161,P_NOUN_8_PASS_b,F,P,les chemises avec la pendule que j' aime beaucoup ne sont probablement pas fixées <eos>,13,fixées,fixés,11,F,S,fixées,-7.6523223,fixés,-9.6305,1
1162,P_NOUN_8_PASS_b,F,P,les chemises avec la pendule que j' aime beaucoup ne sont probablement pas jetées <eos>,13,jetées,jetés,11,F,S,jetées,-8.052903,jetés,-9.074963,1
1163,P_NOUN_8_PASS_b,F,P,les chemises avec la pendule que j' aime beaucoup ne sont probablement pas laissées <eos>,13,laissées,laissés,11,F,S,laissées,-8.114808,laissés,-10.200639,1
1164,P_NOUN_8_PASS_b,F,P,les chemises avec la pendule que j' aime beaucoup ne sont probablement pas ouvertes <eos>,13,ouvertes,ouverts,11,F,S,ouvertes,-7.6718106,ouverts,-9.364466,1
1165,P_NOUN_8_PASS_b,F,P,les chemises avec la pendule que j' aime beaucoup ne sont probablement pas perdues <eos>,13,perdues,perdus,11,F,S,perdues,-7.4432206,perdus,-8.553284,1
1166,P_NOUN_8_PASS_b,F,P,les chemises avec la pendule que j' aime beaucoup ne sont probablement pas réparées <eos>,13,réparées,réparés,11,F,S,réparées,-8.900055,réparés,-12.071319,1
1167,P_NOUN_8_PASS_b,F,P,les chemises avec la pendule que j' aime beaucoup ne sont probablement pas retirées <eos>,13,retirées,retirés,11,F,S,retirées,-8.033152,retirés,-10.190632,1
1168,P_NOUN_8_PASS_b,F,P,les chemises avec la pendule que j' aime beaucoup ne sont probablement pas tombées <eos>,13,tombées,tombés,11,F,S,tombées,-7.37883,tombés,-7.638178,1
1169,P_NOUN_8_PASS_b,F,P,les chemises avec la pendule que j' aime beaucoup ne sont probablement pas utilisées <eos>,13,utilisées,utilisés,11,F,S,utilisées,-5.259101,utilisés,-6.6067314,1
1170,P_NOUN_8_PASS_b,F,P,les chemises avec la cloche que j' aime beaucoup ne sont probablement pas achetées <eos>,13,achetées,achetés,11,F,S,achetées,-10.554115,achetés,-10.79612,1
1171,P_NOUN_8_PASS_b,F,P,les chemises avec la cloche que j' aime beaucoup ne sont probablement pas brisées <eos>,13,brisées,brisés,11,F,S,brisées,-9.167066,brisés,-12.577099,1
1172,P_NOUN_8_PASS_b,F,P,les chemises avec la cloche que j' aime beaucoup ne sont probablement pas cachées <eos>,13,cachées,cachés,11,F,S,cachées,-7.6491904,cachés,-9.055988,1
1173,P_NOUN_8_PASS_b,F,P,les chemises avec la cloche que j' aime beaucoup ne sont probablement pas cassées <eos>,13,cassées,cassés,11,F,S,cassées,-8.766516,cassés,-10.680883,1
1174,P_NOUN_8_PASS_b,F,P,les chemises avec la cloche que j' aime beaucoup ne sont probablement pas couvertes <eos>,13,couvertes,couverts,11,F,S,couvertes,-8.194269,couverts,-9.082536,1
1175,P_NOUN_8_PASS_b,F,P,les chemises avec la cloche que j' aime beaucoup ne sont probablement pas déformées <eos>,13,déformées,déformés,11,F,S,déformées,-8.784681,déformés,-13.316067,1
1176,P_NOUN_8_PASS_b,F,P,les chemises avec la cloche que j' aime beaucoup ne sont probablement pas fixées <eos>,13,fixées,fixés,11,F,S,fixées,-8.017067,fixés,-9.944296,1
1177,P_NOUN_8_PASS_b,F,P,les chemises avec la cloche que j' aime beaucoup ne sont probablement pas jetées <eos>,13,jetées,jetés,11,F,S,jetées,-8.123833,jetés,-9.337545,1
1178,P_NOUN_8_PASS_b,F,P,les chemises avec la cloche que j' aime beaucoup ne sont probablement pas laissées <eos>,13,laissées,laissés,11,F,S,laissées,-8.175581,laissés,-9.920908,1
1179,P_NOUN_8_PASS_b,F,P,les chemises avec la cloche que j' aime beaucoup ne sont probablement pas ouvertes <eos>,13,ouvertes,ouverts,11,F,S,ouvertes,-7.8280625,ouverts,-10.060661,1
1180,P_NOUN_8_PASS_b,F,P,les chemises avec la cloche que j' aime beaucoup ne sont probablement pas perdues <eos>,13,perdues,perdus,11,F,S,perdues,-7.1921387,perdus,-8.631541,1
1181,P_NOUN_8_PASS_b,F,P,les chemises avec la cloche que j' aime beaucoup ne sont probablement pas réparées <eos>,13,réparées,réparés,11,F,S,réparées,-9.206261,réparés,-12.213474,1
1182,P_NOUN_8_PASS_b,F,P,les chemises avec la cloche que j' aime beaucoup ne sont probablement pas retirées <eos>,13,retirées,retirés,11,F,S,retirées,-8.188778,retirés,-10.258549,1
1183,P_NOUN_8_PASS_b,F,P,les chemises avec la cloche que j' aime beaucoup ne sont probablement pas tombées <eos>,13,tombées,tombés,11,F,S,tombées,-7.4252834,tombés,-7.1078014,0
1184,P_NOUN_8_PASS_b,F,P,les chemises avec la cloche que j' aime beaucoup ne sont probablement pas utilisées <eos>,13,utilisées,utilisés,11,F,S,utilisées,-5.609788,utilisés,-7.114299,1
1185,P_NOUN_8_PASS_b,F,P,les chemises avec la cerise que j' aime beaucoup ne sont probablement pas achetées <eos>,13,achetées,achetés,11,F,S,achetées,-10.546901,achetés,-10.375877,0
1186,P_NOUN_8_PASS_b,F,P,les chemises avec la cerise que j' aime beaucoup ne sont probablement pas brisées <eos>,13,brisées,brisés,11,F,S,brisées,-9.575218,brisés,-12.88359,1
1187,P_NOUN_8_PASS_b,F,P,les chemises avec la cerise que j' aime beaucoup ne sont probablement pas cachées <eos>,13,cachées,cachés,11,F,S,cachées,-7.7988133,cachés,-9.626707,1
1188,P_NOUN_8_PASS_b,F,P,les chemises avec la cerise que j' aime beaucoup ne sont probablement pas cassées <eos>,13,cassées,cassés,11,F,S,cassées,-8.584383,cassés,-10.401188,1
1189,P_NOUN_8_PASS_b,F,P,les chemises avec la cerise que j' aime beaucoup ne sont probablement pas couvertes <eos>,13,couvertes,couverts,11,F,S,couvertes,-7.71747,couverts,-8.427154,1
1190,P_NOUN_8_PASS_b,F,P,les chemises avec la cerise que j' aime beaucoup ne sont probablement pas déformées <eos>,13,déformées,déformés,11,F,S,déformées,-8.720527,déformés,-13.360382,1
1191,P_NOUN_8_PASS_b,F,P,les chemises avec la cerise que j' aime beaucoup ne sont probablement pas fixées <eos>,13,fixées,fixés,11,F,S,fixées,-8.613279,fixés,-10.088569,1
1192,P_NOUN_8_PASS_b,F,P,les chemises avec la cerise que j' aime beaucoup ne sont probablement pas jetées <eos>,13,jetées,jetés,11,F,S,jetées,-8.76297,jetés,-10.311441,1
1193,P_NOUN_8_PASS_b,F,P,les chemises avec la cerise que j' aime beaucoup ne sont probablement pas laissées <eos>,13,laissées,laissés,11,F,S,laissées,-7.9660664,laissés,-9.982126,1
1194,P_NOUN_8_PASS_b,F,P,les chemises avec la cerise que j' aime beaucoup ne sont probablement pas ouvertes <eos>,13,ouvertes,ouverts,11,F,S,ouvertes,-8.055626,ouverts,-9.52733,1
1195,P_NOUN_8_PASS_b,F,P,les chemises avec la cerise que j' aime beaucoup ne sont probablement pas perdues <eos>,13,perdues,perdus,11,F,S,perdues,-7.8398314,perdus,-9.251915,1
1196,P_NOUN_8_PASS_b,F,P,les chemises avec la cerise que j' aime beaucoup ne sont probablement pas réparées <eos>,13,réparées,réparés,11,F,S,réparées,-9.56477,réparés,-12.268222,1
1197,P_NOUN_8_PASS_b,F,P,les chemises avec la cerise que j' aime beaucoup ne sont probablement pas retirées <eos>,13,retirées,retirés,11,F,S,retirées,-8.796648,retirés,-10.68145,1
1198,P_NOUN_8_PASS_b,F,P,les chemises avec la cerise que j' aime beaucoup ne sont probablement pas tombées <eos>,13,tombées,tombés,11,F,S,tombées,-7.4117813,tombés,-7.680439,1
1199,P_NOUN_8_PASS_b,F,P,les chemises avec la cerise que j' aime beaucoup ne sont probablement pas utilisées <eos>,13,utilisées,utilisés,11,F,S,utilisées,-5.5688124,utilisés,-7.052146,1
1200,P_NOUN_8_PASS_b,F,P,les recettes avec la gemme que j' aime beaucoup ne sont probablement pas achetées <eos>,13,achetées,achetés,11,F,S,achetées,-10.39763,achetés,-9.777269,0
1201,P_NOUN_8_PASS_b,F,P,les recettes avec la gemme que j' aime beaucoup ne sont probablement pas brisées <eos>,13,brisées,brisés,11,F,S,brisées,-9.634266,brisés,-13.764621,1
1202,P_NOUN_8_PASS_b,F,P,les recettes avec la gemme que j' aime beaucoup ne sont probablement pas cachées <eos>,13,cachées,cachés,11,F,S,cachées,-8.942967,cachés,-10.3120985,1
1203,P_NOUN_8_PASS_b,F,P,les recettes avec la gemme que j' aime beaucoup ne sont probablement pas cassées <eos>,13,cassées,cassés,11,F,S,cassées,-10.4009695,cassés,-11.103119,1
1204,P_NOUN_8_PASS_b,F,P,les recettes avec la gemme que j' aime beaucoup ne sont probablement pas couvertes <eos>,13,couvertes,couverts,11,F,S,couvertes,-8.224758,couverts,-8.863756,1
1205,P_NOUN_8_PASS_b,F,P,les recettes avec la gemme que j' aime beaucoup ne sont probablement pas déformées <eos>,13,déformées,déformés,11,F,S,déformées,-10.093675,déformés,-14.418439,1
1206,P_NOUN_8_PASS_b,F,P,les recettes avec la gemme que j' aime beaucoup ne sont probablement pas fixées <eos>,13,fixées,fixés,11,F,S,fixées,-8.806336,fixés,-9.111674,1
1207,P_NOUN_8_PASS_b,F,P,les recettes avec la gemme que j' aime beaucoup ne sont probablement pas jetées <eos>,13,jetées,jetés,11,F,S,jetées,-9.960234,jetés,-11.275257,1
1208,P_NOUN_8_PASS_b,F,P,les recettes avec la gemme que j' aime beaucoup ne sont probablement pas laissées <eos>,13,laissées,laissés,11,F,S,laissées,-7.5181684,laissés,-10.813241,1
1209,P_NOUN_8_PASS_b,F,P,les recettes avec la gemme que j' aime beaucoup ne sont probablement pas ouvertes <eos>,13,ouvertes,ouverts,11,F,S,ouvertes,-8.827324,ouverts,-9.813182,1
1210,P_NOUN_8_PASS_b,F,P,les recettes avec la gemme que j' aime beaucoup ne sont probablement pas perdues <eos>,13,perdues,perdus,11,F,S,perdues,-7.52711,perdus,-8.601479,1
1211,P_NOUN_8_PASS_b,F,P,les recettes avec la gemme que j' aime beaucoup ne sont probablement pas réparées <eos>,13,réparées,réparés,11,F,S,réparées,-10.026211,réparés,-11.856752,1
1212,P_NOUN_8_PASS_b,F,P,les recettes avec la gemme que j' aime beaucoup ne sont probablement pas retirées <eos>,13,retirées,retirés,11,F,S,retirées,-8.79083,retirés,-10.253489,1
1213,P_NOUN_8_PASS_b,F,P,les recettes avec la gemme que j' aime beaucoup ne sont probablement pas tombées <eos>,13,tombées,tombés,11,F,S,tombées,-7.7598896,tombés,-8.524297,1
1214,P_NOUN_8_PASS_b,F,P,les recettes avec la gemme que j' aime beaucoup ne sont probablement pas utilisées <eos>,13,utilisées,utilisés,11,F,S,utilisées,-6.284912,utilisés,-7.6315603,1
1215,P_NOUN_8_PASS_b,F,P,les recettes avec la chaise que j' aime beaucoup ne sont probablement pas achetées <eos>,13,achetées,achetés,11,F,S,achetées,-9.81032,achetés,-9.652809,0
1216,P_NOUN_8_PASS_b,F,P,les recettes avec la chaise que j' aime beaucoup ne sont probablement pas brisées <eos>,13,brisées,brisés,11,F,S,brisées,-9.450989,brisés,-13.4991455,1
1217,P_NOUN_8_PASS_b,F,P,les recettes avec la chaise que j' aime beaucoup ne sont probablement pas cachées <eos>,13,cachées,cachés,11,F,S,cachées,-8.839485,cachés,-10.577988,1
1218,P_NOUN_8_PASS_b,F,P,les recettes avec la chaise que j' aime beaucoup ne sont probablement pas cassées <eos>,13,cassées,cassés,11,F,S,cassées,-9.914455,cassés,-10.887779,1
1219,P_NOUN_8_PASS_b,F,P,les recettes avec la chaise que j' aime beaucoup ne sont probablement pas couvertes <eos>,13,couvertes,couverts,11,F,S,couvertes,-8.049402,couverts,-8.930114,1
1220,P_NOUN_8_PASS_b,F,P,les recettes avec la chaise que j' aime beaucoup ne sont probablement pas déformées <eos>,13,déformées,déformés,11,F,S,déformées,-9.591927,déformés,-14.466713,1
1221,P_NOUN_8_PASS_b,F,P,les recettes avec la chaise que j' aime beaucoup ne sont probablement pas fixées <eos>,13,fixées,fixés,11,F,S,fixées,-8.207313,fixés,-8.981034,1
1222,P_NOUN_8_PASS_b,F,P,les recettes avec la chaise que j' aime beaucoup ne sont probablement pas jetées <eos>,13,jetées,jetés,11,F,S,jetées,-9.761473,jetés,-11.042217,1
1223,P_NOUN_8_PASS_b,F,P,les recettes avec la chaise que j' aime beaucoup ne sont probablement pas laissées <eos>,13,laissées,laissés,11,F,S,laissées,-7.4681964,laissés,-11.110401,1
1224,P_NOUN_8_PASS_b,F,P,les recettes avec la chaise que j' aime beaucoup ne sont probablement pas ouvertes <eos>,13,ouvertes,ouverts,11,F,S,ouvertes,-8.45342,ouverts,-9.642622,1
1225,P_NOUN_8_PASS_b,F,P,les recettes avec la chaise que j' aime beaucoup ne sont probablement pas perdues <eos>,13,perdues,perdus,11,F,S,perdues,-7.460499,perdus,-8.622636,1
1226,P_NOUN_8_PASS_b,F,P,les recettes avec la chaise que j' aime beaucoup ne sont probablement pas réparées <eos>,13,réparées,réparés,11,F,S,réparées,-9.911832,réparés,-12.586105,1
1227,P_NOUN_8_PASS_b,F,P,les recettes avec la chaise que j' aime beaucoup ne sont probablement pas retirées <eos>,13,retirées,retirés,11,F,S,retirées,-8.47593,retirés,-10.367422,1
1228,P_NOUN_8_PASS_b,F,P,les recettes avec la chaise que j' aime beaucoup ne sont probablement pas tombées <eos>,13,tombées,tombés,11,F,S,tombées,-8.121349,tombés,-8.901161,1
1229,P_NOUN_8_PASS_b,F,P,les recettes avec la chaise que j' aime beaucoup ne sont probablement pas utilisées <eos>,13,utilisées,utilisés,11,F,S,utilisées,-5.877065,utilisés,-7.321161,1
1230,P_NOUN_8_PASS_b,F,P,les recettes avec la poubelle que j' aime beaucoup ne sont probablement pas achetées <eos>,13,achetées,achetés,11,F,S,achetées,-9.893006,achetés,-9.402889,0
1231,P_NOUN_8_PASS_b,F,P,les recettes avec la poubelle que j' aime beaucoup ne sont probablement pas brisées <eos>,13,brisées,brisés,11,F,S,brisées,-9.515193,brisés,-13.696886,1
1232,P_NOUN_8_PASS_b,F,P,les recettes avec la poubelle que j' aime beaucoup ne sont probablement pas cachées <eos>,13,cachées,cachés,11,F,S,cachées,-8.461717,cachés,-9.882064,1
1233,P_NOUN_8_PASS_b,F,P,les recettes avec la poubelle que j' aime beaucoup ne sont probablement pas cassées <eos>,13,cassées,cassés,11,F,S,cassées,-10.182932,cassés,-11.012604,1
1234,P_NOUN_8_PASS_b,F,P,les recettes avec la poubelle que j' aime beaucoup ne sont probablement pas couvertes <eos>,13,couvertes,couverts,11,F,S,couvertes,-8.018534,couverts,-9.185458,1
1235,P_NOUN_8_PASS_b,F,P,les recettes avec la poubelle que j' aime beaucoup ne sont probablement pas déformées <eos>,13,déformées,déformés,11,F,S,déformées,-9.716071,déformés,-14.319269,1
1236,P_NOUN_8_PASS_b,F,P,les recettes avec la poubelle que j' aime beaucoup ne sont probablement pas fixées <eos>,13,fixées,fixés,11,F,S,fixées,-8.602597,fixés,-9.315096,1
1237,P_NOUN_8_PASS_b,F,P,les recettes avec la poubelle que j' aime beaucoup ne sont probablement pas jetées <eos>,13,jetées,jetés,11,F,S,jetées,-9.62735,jetés,-11.072629,1
1238,P_NOUN_8_PASS_b,F,P,les recettes avec la poubelle que j' aime beaucoup ne sont probablement pas laissées <eos>,13,laissées,laissés,11,F,S,laissées,-7.470401,laissés,-10.769241,1
1239,P_NOUN_8_PASS_b,F,P,les recettes avec la poubelle que j' aime beaucoup ne sont probablement pas ouvertes <eos>,13,ouvertes,ouverts,11,F,S,ouvertes,-8.464021,ouverts,-9.701715,1
1240,P_NOUN_8_PASS_b,F,P,les recettes avec la poubelle que j' aime beaucoup ne sont probablement pas perdues <eos>,13,perdues,perdus,11,F,S,perdues,-7.4563417,perdus,-8.6316185,1
1241,P_NOUN_8_PASS_b,F,P,les recettes avec la poubelle que j' aime beaucoup ne sont probablement pas réparées <eos>,13,réparées,réparés,11,F,S,réparées,-9.535645,réparés,-12.044584,1
1242,P_NOUN_8_PASS_b,F,P,les recettes avec la poubelle que j' aime beaucoup ne sont probablement pas retirées <eos>,13,retirées,retirés,11,F,S,retirées,-8.416135,retirés,-10.335949,1
1243,P_NOUN_8_PASS_b,F,P,les recettes avec la poubelle que j' aime beaucoup ne sont probablement pas tombées <eos>,13,tombées,tombés,11,F,S,tombées,-7.7079744,tombés,-8.657772,1
1244,P_NOUN_8_PASS_b,F,P,les recettes avec la poubelle que j' aime beaucoup ne sont probablement pas utilisées <eos>,13,utilisées,utilisés,11,F,S,utilisées,-5.957957,utilisés,-7.4556193,1
1245,P_NOUN_8_PASS_b,F,P,les recettes avec la chemise que j' aime beaucoup ne sont probablement pas achetées <eos>,13,achetées,achetés,11,F,S,achetées,-9.730404,achetés,-9.783583,1
1246,P_NOUN_8_PASS_b,F,P,les recettes avec la chemise que j' aime beaucoup ne sont probablement pas brisées <eos>,13,brisées,brisés,11,F,S,brisées,-9.662642,brisés,-13.8155775,1
1247,P_NOUN_8_PASS_b,F,P,les recettes avec la chemise que j' aime beaucoup ne sont probablement pas cachées <eos>,13,cachées,cachés,11,F,S,cachées,-8.535096,cachés,-10.090128,1
1248,P_NOUN_8_PASS_b,F,P,les recettes avec la chemise que j' aime beaucoup ne sont probablement pas cassées <eos>,13,cassées,cassés,11,F,S,cassées,-9.850374,cassés,-11.038995,1
1249,P_NOUN_8_PASS_b,F,P,les recettes avec la chemise que j' aime beaucoup ne sont probablement pas couvertes <eos>,13,couvertes,couverts,11,F,S,couvertes,-7.7997246,couverts,-9.072317,1
1250,P_NOUN_8_PASS_b,F,P,les recettes avec la chemise que j' aime beaucoup ne sont probablement pas déformées <eos>,13,déformées,déformés,11,F,S,déformées,-9.817248,déformés,-14.644859,1
1251,P_NOUN_8_PASS_b,F,P,les recettes avec la chemise que j' aime beaucoup ne sont probablement pas fixées <eos>,13,fixées,fixés,11,F,S,fixées,-8.504795,fixés,-9.364932,1
1252,P_NOUN_8_PASS_b,F,P,les recettes avec la chemise que j' aime beaucoup ne sont probablement pas jetées <eos>,13,jetées,jetés,11,F,S,jetées,-9.514988,jetés,-11.017437,1
1253,P_NOUN_8_PASS_b,F,P,les recettes avec la chemise que j' aime beaucoup ne sont probablement pas laissées <eos>,13,laissées,laissés,11,F,S,laissées,-7.710565,laissés,-10.926363,1
1254,P_NOUN_8_PASS_b,F,P,les recettes avec la chemise que j' aime beaucoup ne sont probablement pas ouvertes <eos>,13,ouvertes,ouverts,11,F,S,ouvertes,-8.260843,ouverts,-9.615638,1
1255,P_NOUN_8_PASS_b,F,P,les recettes avec la chemise que j' aime beaucoup ne sont probablement pas perdues <eos>,13,perdues,perdus,11,F,S,perdues,-7.8707895,perdus,-8.858358,1
1256,P_NOUN_8_PASS_b,F,P,les recettes avec la chemise que j' aime beaucoup ne sont probablement pas réparées <eos>,13,réparées,réparés,11,F,S,réparées,-9.988851,réparés,-12.269171,1
1257,P_NOUN_8_PASS_b,F,P,les recettes avec la chemise que j' aime beaucoup ne sont probablement pas retirées <eos>,13,retirées,retirés,11,F,S,retirées,-8.644353,retirés,-10.199457,1
1258,P_NOUN_8_PASS_b,F,P,les recettes avec la chemise que j' aime beaucoup ne sont probablement pas tombées <eos>,13,tombées,tombés,11,F,S,tombées,-8.047392,tombés,-8.06888,1
1259,P_NOUN_8_PASS_b,F,P,les recettes avec la chemise que j' aime beaucoup ne sont probablement pas utilisées <eos>,13,utilisées,utilisés,11,F,S,utilisées,-5.748685,utilisés,-7.1572666,1
1260,P_NOUN_8_PASS_b,F,P,les recettes avec la recette que j' aime beaucoup ne sont probablement pas achetées <eos>,13,achetées,achetés,11,F,S,achetées,-10.118206,achetés,-9.691303,0
1261,P_NOUN_8_PASS_b,F,P,les recettes avec la recette que j' aime beaucoup ne sont probablement pas brisées <eos>,13,brisées,brisés,11,F,S,brisées,-10.438349,brisés,-14.500311,1
1262,P_NOUN_8_PASS_b,F,P,les recettes avec la recette que j' aime beaucoup ne sont probablement pas cachées <eos>,13,cachées,cachés,11,F,S,cachées,-9.708116,cachés,-10.829038,1
1263,P_NOUN_8_PASS_b,F,P,les recettes avec la recette que j' aime beaucoup ne sont probablement pas cassées <eos>,13,cassées,cassés,11,F,S,cassées,-11.074254,cassés,-11.357786,1
1264,P_NOUN_8_PASS_b,F,P,les recettes avec la recette que j' aime beaucoup ne sont probablement pas couvertes <eos>,13,couvertes,couverts,11,F,S,couvertes,-8.1916895,couverts,-8.842117,1
1265,P_NOUN_8_PASS_b,F,P,les recettes avec la recette que j' aime beaucoup ne sont probablement pas déformées <eos>,13,déformées,déformés,11,F,S,déformées,-10.527228,déformés,-14.913892,1
1266,P_NOUN_8_PASS_b,F,P,les recettes avec la recette que j' aime beaucoup ne sont probablement pas fixées <eos>,13,fixées,fixés,11,F,S,fixées,-8.856321,fixés,-9.5186825,1
1267,P_NOUN_8_PASS_b,F,P,les recettes avec la recette que j' aime beaucoup ne sont probablement pas jetées <eos>,13,jetées,jetés,11,F,S,jetées,-10.696043,jetés,-12.295743,1
1268,P_NOUN_8_PASS_b,F,P,les recettes avec la recette que j' aime beaucoup ne sont probablement pas laissées <eos>,13,laissées,laissés,11,F,S,laissées,-7.710522,laissés,-11.438141,1
1269,P_NOUN_8_PASS_b,F,P,les recettes avec la recette que j' aime beaucoup ne sont probablement pas ouvertes <eos>,13,ouvertes,ouverts,11,F,S,ouvertes,-8.642612,ouverts,-9.586833,1
1270,P_NOUN_8_PASS_b,F,P,les recettes avec la recette que j' aime beaucoup ne sont probablement pas perdues <eos>,13,perdues,perdus,11,F,S,perdues,-7.866087,perdus,-8.974466,1
1271,P_NOUN_8_PASS_b,F,P,les recettes avec la recette que j' aime beaucoup ne sont probablement pas réparées <eos>,13,réparées,réparés,11,F,S,réparées,-10.240937,réparés,-12.365266,1
1272,P_NOUN_8_PASS_b,F,P,les recettes avec la recette que j' aime beaucoup ne sont probablement pas retirées <eos>,13,retirées,retirés,11,F,S,retirées,-9.084917,retirés,-10.399371,1
1273,P_NOUN_8_PASS_b,F,P,les recettes avec la recette que j' aime beaucoup ne sont probablement pas tombées <eos>,13,tombées,tombés,11,F,S,tombées,-8.255231,tombés,-9.068966,1
1274,P_NOUN_8_PASS_b,F,P,les recettes avec la recette que j' aime beaucoup ne sont probablement pas utilisées <eos>,13,utilisées,utilisés,11,F,S,utilisées,-6.061681,utilisés,-7.509221,1
1275,P_NOUN_8_PASS_b,F,P,les recettes avec la jupe que j' aime beaucoup ne sont probablement pas achetées <eos>,13,achetées,achetés,11,F,S,achetées,-9.901876,achetés,-9.804228,0
1276,P_NOUN_8_PASS_b,F,P,les recettes avec la jupe que j' aime beaucoup ne sont probablement pas brisées <eos>,13,brisées,brisés,11,F,S,brisées,-9.708338,brisés,-13.700689,1
1277,P_NOUN_8_PASS_b,F,P,les recettes avec la jupe que j' aime beaucoup ne sont probablement pas cachées <eos>,13,cachées,cachés,11,F,S,cachées,-8.930571,cachés,-10.446755,1
1278,P_NOUN_8_PASS_b,F,P,les recettes avec la jupe que j' aime beaucoup ne sont probablement pas cassées <eos>,13,cassées,cassés,11,F,S,cassées,-9.740572,cassés,-10.805065,1
1279,P_NOUN_8_PASS_b,F,P,les recettes avec la jupe que j' aime beaucoup ne sont probablement pas couvertes <eos>,13,couvertes,couverts,11,F,S,couvertes,-7.9479747,couverts,-9.007423,1
1280,P_NOUN_8_PASS_b,F,P,les recettes avec la jupe que j' aime beaucoup ne sont probablement pas déformées <eos>,13,déformées,déformés,11,F,S,déformées,-9.330378,déformés,-14.251778,1
1281,P_NOUN_8_PASS_b,F,P,les recettes avec la jupe que j' aime beaucoup ne sont probablement pas fixées <eos>,13,fixées,fixés,11,F,S,fixées,-8.295731,fixés,-9.302568,1
1282,P_NOUN_8_PASS_b,F,P,les recettes avec la jupe que j' aime beaucoup ne sont probablement pas jetées <eos>,13,jetées,jetés,11,F,S,jetées,-9.776305,jetés,-11.316477,1
1283,P_NOUN_8_PASS_b,F,P,les recettes avec la jupe que j' aime beaucoup ne sont probablement pas laissées <eos>,13,laissées,laissés,11,F,S,laissées,-7.6548553,laissés,-11.217577,1
1284,P_NOUN_8_PASS_b,F,P,les recettes avec la jupe que j' aime beaucoup ne sont probablement pas ouvertes <eos>,13,ouvertes,ouverts,11,F,S,ouvertes,-8.359703,ouverts,-9.484218,1
1285,P_NOUN_8_PASS_b,F,P,les recettes avec la jupe que j' aime beaucoup ne sont probablement pas perdues <eos>,13,perdues,perdus,11,F,S,perdues,-7.9237585,perdus,-9.156888,1
1286,P_NOUN_8_PASS_b,F,P,les recettes avec la jupe que j' aime beaucoup ne sont probablement pas réparées <eos>,13,réparées,réparés,11,F,S,réparées,-9.854147,réparés,-12.573732,1
1287,P_NOUN_8_PASS_b,F,P,les recettes avec la jupe que j' aime beaucoup ne sont probablement pas retirées <eos>,13,retirées,retirés,11,F,S,retirées,-8.707533,retirés,-10.454247,1
1288,P_NOUN_8_PASS_b,F,P,les recettes avec la jupe que j' aime beaucoup ne sont probablement pas tombées <eos>,13,tombées,tombés,11,F,S,tombées,-8.109267,tombés,-8.842316,1
1289,P_NOUN_8_PASS_b,F,P,les recettes avec la jupe que j' aime beaucoup ne sont probablement pas utilisées <eos>,13,utilisées,utilisés,11,F,S,utilisées,-5.707863,utilisés,-7.3015575,1
1290,P_NOUN_8_PASS_b,F,P,les recettes avec la colle que j' aime beaucoup ne sont probablement pas achetées <eos>,13,achetées,achetés,11,F,S,achetées,-9.869165,achetés,-9.162069,0
1291,P_NOUN_8_PASS_b,F,P,les recettes avec la colle que j' aime beaucoup ne sont probablement pas brisées <eos>,13,brisées,brisés,11,F,S,brisées,-9.553137,brisés,-13.567491,1
1292,P_NOUN_8_PASS_b,F,P,les recettes avec la colle que j' aime beaucoup ne sont probablement pas cachées <eos>,13,cachées,cachés,11,F,S,cachées,-9.002337,cachés,-9.872013,1
1293,P_NOUN_8_PASS_b,F,P,les recettes avec la colle que j' aime beaucoup ne sont probablement pas cassées <eos>,13,cassées,cassés,11,F,S,cassées,-9.817137,cassés,-10.494732,1
1294,P_NOUN_8_PASS_b,F,P,les recettes avec la colle que j' aime beaucoup ne sont probablement pas couvertes <eos>,13,couvertes,couverts,11,F,S,couvertes,-7.9932494,couverts,-8.959338,1
1295,P_NOUN_8_PASS_b,F,P,les recettes avec la colle que j' aime beaucoup ne sont probablement pas déformées <eos>,13,déformées,déformés,11,F,S,déformées,-9.503547,déformés,-14.473492,1
1296,P_NOUN_8_PASS_b,F,P,les recettes avec la colle que j' aime beaucoup ne sont probablement pas fixées <eos>,13,fixées,fixés,11,F,S,fixées,-8.525088,fixés,-9.32229,1
1297,P_NOUN_8_PASS_b,F,P,les recettes avec la colle que j' aime beaucoup ne sont probablement pas jetées <eos>,13,jetées,jetés,11,F,S,jetées,-9.535507,jetés,-10.872269,1
1298,P_NOUN_8_PASS_b,F,P,les recettes avec la colle que j' aime beaucoup ne sont probablement pas laissées <eos>,13,laissées,laissés,11,F,S,laissées,-7.3845854,laissés,-10.723657,1
1299,P_NOUN_8_PASS_b,F,P,les recettes avec la colle que j' aime beaucoup ne sont probablement pas ouvertes <eos>,13,ouvertes,ouverts,11,F,S,ouvertes,-8.610082,ouverts,-9.726215,1
1300,P_NOUN_8_PASS_b,F,P,les recettes avec la colle que j' aime beaucoup ne sont probablement pas perdues <eos>,13,perdues,perdus,11,F,S,perdues,-7.5667477,perdus,-8.587254,1
1301,P_NOUN_8_PASS_b,F,P,les recettes avec la colle que j' aime beaucoup ne sont probablement pas réparées <eos>,13,réparées,réparés,11,F,S,réparées,-9.74351,réparés,-12.150081,1
1302,P_NOUN_8_PASS_b,F,P,les recettes avec la colle que j' aime beaucoup ne sont probablement pas retirées <eos>,13,retirées,retirés,11,F,S,retirées,-8.460882,retirés,-9.824215,1
1303,P_NOUN_8_PASS_b,F,P,les recettes avec la colle que j' aime beaucoup ne sont probablement pas tombées <eos>,13,tombées,tombés,11,F,S,tombées,-7.943854,tombés,-8.854473,1
1304,P_NOUN_8_PASS_b,F,P,les recettes avec la colle que j' aime beaucoup ne sont probablement pas utilisées <eos>,13,utilisées,utilisés,11,F,S,utilisées,-5.606125,utilisés,-7.0134745,1
1305,P_NOUN_8_PASS_b,F,P,les recettes avec la lampe que j' aime beaucoup ne sont probablement pas achetées <eos>,13,achetées,achetés,11,F,S,achetées,-9.553835,achetés,-9.545048,0
1306,P_NOUN_8_PASS_b,F,P,les recettes avec la lampe que j' aime beaucoup ne sont probablement pas brisées <eos>,13,brisées,brisés,11,F,S,brisées,-9.080202,brisés,-13.3757515,1
1307,P_NOUN_8_PASS_b,F,P,les recettes avec la lampe que j' aime beaucoup ne sont probablement pas cachées <eos>,13,cachées,cachés,11,F,S,cachées,-8.538456,cachés,-9.663106,1
1308,P_NOUN_8_PASS_b,F,P,les recettes avec la lampe que j' aime beaucoup ne sont probablement pas cassées <eos>,13,cassées,cassés,11,F,S,cassées,-9.837145,cassés,-10.904604,1
1309,P_NOUN_8_PASS_b,F,P,les recettes avec la lampe que j' aime beaucoup ne sont probablement pas couvertes <eos>,13,couvertes,couverts,11,F,S,couvertes,-8.160327,couverts,-9.384005,1
1310,P_NOUN_8_PASS_b,F,P,les recettes avec la lampe que j' aime beaucoup ne sont probablement pas déformées <eos>,13,déformées,déformés,11,F,S,déformées,-8.935603,déformés,-13.954115,1
1311,P_NOUN_8_PASS_b,F,P,les recettes avec la lampe que j' aime beaucoup ne sont probablement pas fixées <eos>,13,fixées,fixés,11,F,S,fixées,-8.049355,fixés,-9.05089,1
1312,P_NOUN_8_PASS_b,F,P,les recettes avec la lampe que j' aime beaucoup ne sont probablement pas jetées <eos>,13,jetées,jetés,11,F,S,jetées,-8.673914,jetés,-10.22541,1
1313,P_NOUN_8_PASS_b,F,P,les recettes avec la lampe que j' aime beaucoup ne sont probablement pas laissées <eos>,13,laissées,laissés,11,F,S,laissées,-7.7053213,laissés,-11.069448,1
1314,P_NOUN_8_PASS_b,F,P,les recettes avec la lampe que j' aime beaucoup ne sont probablement pas ouvertes <eos>,13,ouvertes,ouverts,11,F,S,ouvertes,-8.432521,ouverts,-9.817414,1
1315,P_NOUN_8_PASS_b,F,P,les recettes avec la lampe que j' aime beaucoup ne sont probablement pas perdues <eos>,13,perdues,perdus,11,F,S,perdues,-6.9354587,perdus,-8.347734,1
1316,P_NOUN_8_PASS_b,F,P,les recettes avec la lampe que j' aime beaucoup ne sont probablement pas réparées <eos>,13,réparées,réparés,11,F,S,réparées,-9.473257,réparés,-11.985434,1
1317,P_NOUN_8_PASS_b,F,P,les recettes avec la lampe que j' aime beaucoup ne sont probablement pas retirées <eos>,13,retirées,retirés,11,F,S,retirées,-7.9110546,retirés,-9.637551,1
1318,P_NOUN_8_PASS_b,F,P,les recettes avec la lampe que j' aime beaucoup ne sont probablement pas tombées <eos>,13,tombées,tombés,11,F,S,tombées,-7.581867,tombés,-8.940832,1
1319,P_NOUN_8_PASS_b,F,P,les recettes avec la lampe que j' aime beaucoup ne sont probablement pas utilisées <eos>,13,utilisées,utilisés,11,F,S,utilisées,-5.3454943,utilisés,-6.951748,1
1320,P_NOUN_8_PASS_b,F,P,les recettes avec la bouteille que j' aime beaucoup ne sont probablement pas achetées <eos>,13,achetées,achetés,11,F,S,achetées,-9.311462,achetés,-9.475458,1
1321,P_NOUN_8_PASS_b,F,P,les recettes avec la bouteille que j' aime beaucoup ne sont probablement pas brisées <eos>,13,brisées,brisés,11,F,S,brisées,-9.722282,brisés,-14.016502,1
1322,P_NOUN_8_PASS_b,F,P,les recettes avec la bouteille que j' aime beaucoup ne sont probablement pas cachées <eos>,13,cachées,cachés,11,F,S,cachées,-9.097405,cachés,-10.433437,1
1323,P_NOUN_8_PASS_b,F,P,les recettes avec la bouteille que j' aime beaucoup ne sont probablement pas cassées <eos>,13,cassées,cassés,11,F,S,cassées,-10.193859,cassés,-11.191076,1
1324,P_NOUN_8_PASS_b,F,P,les recettes avec la bouteille que j' aime beaucoup ne sont probablement pas couvertes <eos>,13,couvertes,couverts,11,F,S,couvertes,-8.16061,couverts,-9.200508,1
1325,P_NOUN_8_PASS_b,F,P,les recettes avec la bouteille que j' aime beaucoup ne sont probablement pas déformées <eos>,13,déformées,déformés,11,F,S,déformées,-9.793673,déformés,-14.618406,1
1326,P_NOUN_8_PASS_b,F,P,les recettes avec la bouteille que j' aime beaucoup ne sont probablement pas fixées <eos>,13,fixées,fixés,11,F,S,fixées,-8.848501,fixés,-9.433011,1
1327,P_NOUN_8_PASS_b,F,P,les recettes avec la bouteille que j' aime beaucoup ne sont probablement pas jetées <eos>,13,jetées,jetés,11,F,S,jetées,-10.194326,jetés,-11.536486,1
1328,P_NOUN_8_PASS_b,F,P,les recettes avec la bouteille que j' aime beaucoup ne sont probablement pas laissées <eos>,13,laissées,laissés,11,F,S,laissées,-7.068734,laissés,-11.216712,1
1329,P_NOUN_8_PASS_b,F,P,les recettes avec la bouteille que j' aime beaucoup ne sont probablement pas ouvertes <eos>,13,ouvertes,ouverts,11,F,S,ouvertes,-8.37377,ouverts,-9.754106,1
1330,P_NOUN_8_PASS_b,F,P,les recettes avec la bouteille que j' aime beaucoup ne sont probablement pas perdues <eos>,13,perdues,perdus,11,F,S,perdues,-7.4881525,perdus,-8.69866,1
1331,P_NOUN_8_PASS_b,F,P,les recettes avec la bouteille que j' aime beaucoup ne sont probablement pas réparées <eos>,13,réparées,réparés,11,F,S,réparées,-9.408617,réparés,-12.248666,1
1332,P_NOUN_8_PASS_b,F,P,les recettes avec la bouteille que j' aime beaucoup ne sont probablement pas retirées <eos>,13,retirées,retirés,11,F,S,retirées,-8.320028,retirés,-10.339315,1
1333,P_NOUN_8_PASS_b,F,P,les recettes avec la bouteille que j' aime beaucoup ne sont probablement pas tombées <eos>,13,tombées,tombés,11,F,S,tombées,-8.170604,tombés,-9.322333,1
1334,P_NOUN_8_PASS_b,F,P,les recettes avec la bouteille que j' aime beaucoup ne sont probablement pas utilisées <eos>,13,utilisées,utilisés,11,F,S,utilisées,-5.935984,utilisés,-7.637669,1
1335,P_NOUN_8_PASS_b,F,P,les recettes avec la boisson que j' aime beaucoup ne sont probablement pas achetées <eos>,13,achetées,achetés,11,F,S,achetées,-10.019458,achetés,-9.422458,0
1336,P_NOUN_8_PASS_b,F,P,les recettes avec la boisson que j' aime beaucoup ne sont probablement pas brisées <eos>,13,brisées,brisés,11,F,S,brisées,-10.087042,brisés,-14.377707,1
1337,P_NOUN_8_PASS_b,F,P,les recettes avec la boisson que j' aime beaucoup ne sont probablement pas cachées <eos>,13,cachées,cachés,11,F,S,cachées,-9.375889,cachés,-10.556304,1
1338,P_NOUN_8_PASS_b,F,P,les recettes avec la boisson que j' aime beaucoup ne sont probablement pas cassées <eos>,13,cassées,cassés,11,F,S,cassées,-10.910612,cassés,-11.136126,1
1339,P_NOUN_8_PASS_b,F,P,les recettes avec la boisson que j' aime beaucoup ne sont probablement pas couvertes <eos>,13,couvertes,couverts,11,F,S,couvertes,-8.603576,couverts,-8.920137,1
1340,P_NOUN_8_PASS_b,F,P,les recettes avec la boisson que j' aime beaucoup ne sont probablement pas déformées <eos>,13,déformées,déformés,11,F,S,déformées,-10.421873,déformés,-14.8100815,1
1341,P_NOUN_8_PASS_b,F,P,les recettes avec la boisson que j' aime beaucoup ne sont probablement pas fixées <eos>,13,fixées,fixés,11,F,S,fixées,-8.765901,fixés,-9.402583,1
1342,P_NOUN_8_PASS_b,F,P,les recettes avec la boisson que j' aime beaucoup ne sont probablement pas jetées <eos>,13,jetées,jetés,11,F,S,jetées,-10.432034,jetés,-11.80138,1
1343,P_NOUN_8_PASS_b,F,P,les recettes avec la boisson que j' aime beaucoup ne sont probablement pas laissées <eos>,13,laissées,laissés,11,F,S,laissées,-7.5441713,laissés,-11.084008,1
1344,P_NOUN_8_PASS_b,F,P,les recettes avec la boisson que j' aime beaucoup ne sont probablement pas ouvertes <eos>,13,ouvertes,ouverts,11,F,S,ouvertes,-8.888861,ouverts,-9.99726,1
1345,P_NOUN_8_PASS_b,F,P,les recettes avec la boisson que j' aime beaucoup ne sont probablement pas perdues <eos>,13,perdues,perdus,11,F,S,perdues,-7.755384,perdus,-8.647453,1
1346,P_NOUN_8_PASS_b,F,P,les recettes avec la boisson que j' aime beaucoup ne sont probablement pas réparées <eos>,13,réparées,réparés,11,F,S,réparées,-10.50363,réparés,-12.721371,1
1347,P_NOUN_8_PASS_b,F,P,les recettes avec la boisson que j' aime beaucoup ne sont probablement pas retirées <eos>,13,retirées,retirés,11,F,S,retirées,-8.966278,retirés,-10.308302,1
1348,P_NOUN_8_PASS_b,F,P,les recettes avec la boisson que j' aime beaucoup ne sont probablement pas tombées <eos>,13,tombées,tombés,11,F,S,tombées,-7.9814053,tombés,-8.704839,1
1349,P_NOUN_8_PASS_b,F,P,les recettes avec la boisson que j' aime beaucoup ne sont probablement pas utilisées <eos>,13,utilisées,utilisés,11,F,S,utilisées,-6.230418,utilisés,-7.65662,1
1350,P_NOUN_8_PASS_b,F,P,les recettes avec la pomme que j' aime beaucoup ne sont probablement pas achetées <eos>,13,achetées,achetés,11,F,S,achetées,-9.459484,achetés,-9.114092,0
1351,P_NOUN_8_PASS_b,F,P,les recettes avec la pomme que j' aime beaucoup ne sont probablement pas brisées <eos>,13,brisées,brisés,11,F,S,brisées,-10.021465,brisés,-14.254104,1
1352,P_NOUN_8_PASS_b,F,P,les recettes avec la pomme que j' aime beaucoup ne sont probablement pas cachées <eos>,13,cachées,cachés,11,F,S,cachées,-9.096485,cachés,-10.605682,1
1353,P_NOUN_8_PASS_b,F,P,les recettes avec la pomme que j' aime beaucoup ne sont probablement pas cassées <eos>,13,cassées,cassés,11,F,S,cassées,-10.711608,cassés,-10.871177,1
1354,P_NOUN_8_PASS_b,F,P,les recettes avec la pomme que j' aime beaucoup ne sont probablement pas couvertes <eos>,13,couvertes,couverts,11,F,S,couvertes,-8.153475,couverts,-8.945022,1
1355,P_NOUN_8_PASS_b,F,P,les recettes avec la pomme que j' aime beaucoup ne sont probablement pas déformées <eos>,13,déformées,déformés,11,F,S,déformées,-10.279114,déformés,-15.014456,1
1356,P_NOUN_8_PASS_b,F,P,les recettes avec la pomme que j' aime beaucoup ne sont probablement pas fixées <eos>,13,fixées,fixés,11,F,S,fixées,-8.984412,fixés,-9.310251,1
1357,P_NOUN_8_PASS_b,F,P,les recettes avec la pomme que j' aime beaucoup ne sont probablement pas jetées <eos>,13,jetées,jetés,11,F,S,jetées,-10.508249,jetés,-12.259142,1
1358,P_NOUN_8_PASS_b,F,P,les recettes avec la pomme que j' aime beaucoup ne sont probablement pas laissées <eos>,13,laissées,laissés,11,F,S,laissées,-7.410901,laissés,-10.994965,1
1359,P_NOUN_8_PASS_b,F,P,les recettes avec la pomme que j' aime beaucoup ne sont probablement pas ouvertes <eos>,13,ouvertes,ouverts,11,F,S,ouvertes,-8.542661,ouverts,-9.819969,1
1360,P_NOUN_8_PASS_b,F,P,les recettes avec la pomme que j' aime beaucoup ne sont probablement pas perdues <eos>,13,perdues,perdus,11,F,S,perdues,-7.529413,perdus,-8.761647,1
1361,P_NOUN_8_PASS_b,F,P,les recettes avec la pomme que j' aime beaucoup ne sont probablement pas réparées <eos>,13,réparées,réparés,11,F,S,réparées,-10.145275,réparés,-12.587099,1
1362,P_NOUN_8_PASS_b,F,P,les recettes avec la pomme que j' aime beaucoup ne sont probablement pas retirées <eos>,13,retirées,retirés,11,F,S,retirées,-8.954718,retirés,-10.532442,1
1363,P_NOUN_8_PASS_b,F,P,les recettes avec la pomme que j' aime beaucoup ne sont probablement pas tombées <eos>,13,tombées,tombés,11,F,S,tombées,-7.925051,tombés,-8.871744,1
1364,P_NOUN_8_PASS_b,F,P,les recettes avec la pomme que j' aime beaucoup ne sont probablement pas utilisées <eos>,13,utilisées,utilisés,11,F,S,utilisées,-6.0842905,utilisés,-7.7204,1
1365,P_NOUN_8_PASS_b,F,P,les recettes avec la tasse que j' aime beaucoup ne sont probablement pas achetées <eos>,13,achetées,achetés,11,F,S,achetées,-9.401718,achetés,-9.555668,1
1366,P_NOUN_8_PASS_b,F,P,les recettes avec la tasse que j' aime beaucoup ne sont probablement pas brisées <eos>,13,brisées,brisés,11,F,S,brisées,-9.323074,brisés,-13.804197,1
1367,P_NOUN_8_PASS_b,F,P,les recettes avec la tasse que j' aime beaucoup ne sont probablement pas cachées <eos>,13,cachées,cachés,11,F,S,cachées,-8.957495,cachés,-11.042269,1
1368,P_NOUN_8_PASS_b,F,P,les recettes avec la tasse que j' aime beaucoup ne sont probablement pas cassées <eos>,13,cassées,cassés,11,F,S,cassées,-9.8326025,cassés,-10.921969,1
1369,P_NOUN_8_PASS_b,F,P,les recettes avec la tasse que j' aime beaucoup ne sont probablement pas couvertes <eos>,13,couvertes,couverts,11,F,S,couvertes,-7.5929475,couverts,-8.628761,1
1370,P_NOUN_8_PASS_b,F,P,les recettes avec la tasse que j' aime beaucoup ne sont probablement pas déformées <eos>,13,déformées,déformés,11,F,S,déformées,-9.87605,déformés,-14.678614,1
1371,P_NOUN_8_PASS_b,F,P,les recettes avec la tasse que j' aime beaucoup ne sont probablement pas fixées <eos>,13,fixées,fixés,11,F,S,fixées,-8.674009,fixés,-9.564074,1
1372,P_NOUN_8_PASS_b,F,P,les recettes avec la tasse que j' aime beaucoup ne sont probablement pas jetées <eos>,13,jetées,jetés,11,F,S,jetées,-9.758645,jetés,-11.621309,1
1373,P_NOUN_8_PASS_b,F,P,les recettes avec la tasse que j' aime beaucoup ne sont probablement pas laissées <eos>,13,laissées,laissés,11,F,S,laissées,-6.87117,laissés,-10.9101,1
1374,P_NOUN_8_PASS_b,F,P,les recettes avec la tasse que j' aime beaucoup ne sont probablement pas ouvertes <eos>,13,ouvertes,ouverts,11,F,S,ouvertes,-7.7817836,ouverts,-9.072481,1
1375,P_NOUN_8_PASS_b,F,P,les recettes avec la tasse que j' aime beaucoup ne sont probablement pas perdues <eos>,13,perdues,perdus,11,F,S,perdues,-7.8839827,perdus,-9.108803,1
1376,P_NOUN_8_PASS_b,F,P,les recettes avec la tasse que j' aime beaucoup ne sont probablement pas réparées <eos>,13,réparées,réparés,11,F,S,réparées,-9.277239,réparés,-12.100654,1
1377,P_NOUN_8_PASS_b,F,P,les recettes avec la tasse que j' aime beaucoup ne sont probablement pas retirées <eos>,13,retirées,retirés,11,F,S,retirées,-8.688114,retirés,-10.745294,1
1378,P_NOUN_8_PASS_b,F,P,les recettes avec la tasse que j' aime beaucoup ne sont probablement pas tombées <eos>,13,tombées,tombés,11,F,S,tombées,-8.02958,tombés,-9.115082,1
1379,P_NOUN_8_PASS_b,F,P,les recettes avec la tasse que j' aime beaucoup ne sont probablement pas utilisées <eos>,13,utilisées,utilisés,11,F,S,utilisées,-6.045041,utilisés,-7.9056797,1
1380,P_NOUN_8_PASS_b,F,P,les recettes avec la bougie que j' aime beaucoup ne sont probablement pas achetées <eos>,13,achetées,achetés,11,F,S,achetées,-9.546176,achetés,-9.549015,1
1381,P_NOUN_8_PASS_b,F,P,les recettes avec la bougie que j' aime beaucoup ne sont probablement pas brisées <eos>,13,brisées,brisés,11,F,S,brisées,-9.63454,brisés,-13.675163,1
1382,P_NOUN_8_PASS_b,F,P,les recettes avec la bougie que j' aime beaucoup ne sont probablement pas cachées <eos>,13,cachées,cachés,11,F,S,cachées,-9.0210905,cachés,-10.049889,1
1383,P_NOUN_8_PASS_b,F,P,les recettes avec la bougie que j' aime beaucoup ne sont probablement pas cassées <eos>,13,cassées,cassés,11,F,S,cassées,-9.99575,cassés,-10.982697,1
1384,P_NOUN_8_PASS_b,F,P,les recettes avec la bougie que j' aime beaucoup ne sont probablement pas couvertes <eos>,13,couvertes,couverts,11,F,S,couvertes,-8.202882,couverts,-9.348856,1
1385,P_NOUN_8_PASS_b,F,P,les recettes avec la bougie que j' aime beaucoup ne sont probablement pas déformées <eos>,13,déformées,déformés,11,F,S,déformées,-9.753037,déformés,-14.256074,1
1386,P_NOUN_8_PASS_b,F,P,les recettes avec la bougie que j' aime beaucoup ne sont probablement pas fixées <eos>,13,fixées,fixés,11,F,S,fixées,-8.632515,fixés,-9.184652,1
1387,P_NOUN_8_PASS_b,F,P,les recettes avec la bougie que j' aime beaucoup ne sont probablement pas jetées <eos>,13,jetées,jetés,11,F,S,jetées,-9.764475,jetés,-10.984889,1
1388,P_NOUN_8_PASS_b,F,P,les recettes avec la bougie que j' aime beaucoup ne sont probablement pas laissées <eos>,13,laissées,laissés,11,F,S,laissées,-7.4458194,laissés,-10.912918,1
1389,P_NOUN_8_PASS_b,F,P,les recettes avec la bougie que j' aime beaucoup ne sont probablement pas ouvertes <eos>,13,ouvertes,ouverts,11,F,S,ouvertes,-8.638445,ouverts,-9.796669,1
1390,P_NOUN_8_PASS_b,F,P,les recettes avec la bougie que j' aime beaucoup ne sont probablement pas perdues <eos>,13,perdues,perdus,11,F,S,perdues,-7.403268,perdus,-8.559599,1
1391,P_NOUN_8_PASS_b,F,P,les recettes avec la bougie que j' aime beaucoup ne sont probablement pas réparées <eos>,13,réparées,réparés,11,F,S,réparées,-9.241511,réparés,-11.701757,1
1392,P_NOUN_8_PASS_b,F,P,les recettes avec la bougie que j' aime beaucoup ne sont probablement pas retirées <eos>,13,retirées,retirés,11,F,S,retirées,-8.207977,retirés,-10.166225,1
1393,P_NOUN_8_PASS_b,F,P,les recettes avec la bougie que j' aime beaucoup ne sont probablement pas tombées <eos>,13,tombées,tombés,11,F,S,tombées,-7.8113832,tombés,-8.667658,1
1394,P_NOUN_8_PASS_b,F,P,les recettes avec la bougie que j' aime beaucoup ne sont probablement pas utilisées <eos>,13,utilisées,utilisés,11,F,S,utilisées,-5.9323754,utilisés,-7.4334493,1
1395,P_NOUN_8_PASS_b,F,P,les recettes avec la pochette que j' aime beaucoup ne sont probablement pas achetées <eos>,13,achetées,achetés,11,F,S,achetées,-9.364149,achetés,-10.072435,1
1396,P_NOUN_8_PASS_b,F,P,les recettes avec la pochette que j' aime beaucoup ne sont probablement pas brisées <eos>,13,brisées,brisés,11,F,S,brisées,-9.551443,brisés,-13.576921,1
1397,P_NOUN_8_PASS_b,F,P,les recettes avec la pochette que j' aime beaucoup ne sont probablement pas cachées <eos>,13,cachées,cachés,11,F,S,cachées,-8.451557,cachés,-10.332502,1
1398,P_NOUN_8_PASS_b,F,P,les recettes avec la pochette que j' aime beaucoup ne sont probablement pas cassées <eos>,13,cassées,cassés,11,F,S,cassées,-9.860237,cassés,-11.387131,1
1399,P_NOUN_8_PASS_b,F,P,les recettes avec la pochette que j' aime beaucoup ne sont probablement pas couvertes <eos>,13,couvertes,couverts,11,F,S,couvertes,-9.036545,couverts,-10.172597,1
1400,P_NOUN_8_PASS_b,F,P,les recettes avec la pochette que j' aime beaucoup ne sont probablement pas déformées <eos>,13,déformées,déformés,11,F,S,déformées,-8.899139,déformés,-13.926487,1
1401,P_NOUN_8_PASS_b,F,P,les recettes avec la pochette que j' aime beaucoup ne sont probablement pas fixées <eos>,13,fixées,fixés,11,F,S,fixées,-8.636137,fixés,-10.037222,1
1402,P_NOUN_8_PASS_b,F,P,les recettes avec la pochette que j' aime beaucoup ne sont probablement pas jetées <eos>,13,jetées,jetés,11,F,S,jetées,-10.523809,jetés,-11.610168,1
1403,P_NOUN_8_PASS_b,F,P,les recettes avec la pochette que j' aime beaucoup ne sont probablement pas laissées <eos>,13,laissées,laissés,11,F,S,laissées,-7.790902,laissés,-11.490434,1
1404,P_NOUN_8_PASS_b,F,P,les recettes avec la pochette que j' aime beaucoup ne sont probablement pas ouvertes <eos>,13,ouvertes,ouverts,11,F,S,ouvertes,-8.279892,ouverts,-10.180681,1
1405,P_NOUN_8_PASS_b,F,P,les recettes avec la pochette que j' aime beaucoup ne sont probablement pas perdues <eos>,13,perdues,perdus,11,F,S,perdues,-7.410944,perdus,-9.001195,1
1406,P_NOUN_8_PASS_b,F,P,les recettes avec la pochette que j' aime beaucoup ne sont probablement pas réparées <eos>,13,réparées,réparés,11,F,S,réparées,-10.031811,réparés,-13.589034,1
1407,P_NOUN_8_PASS_b,F,P,les recettes avec la pochette que j' aime beaucoup ne sont probablement pas retirées <eos>,13,retirées,retirés,11,F,S,retirées,-8.210639,retirés,-10.769203,1
1408,P_NOUN_8_PASS_b,F,P,les recettes avec la pochette que j' aime beaucoup ne sont probablement pas tombées <eos>,13,tombées,tombés,11,F,S,tombées,-8.272932,tombés,-9.100022,1
1409,P_NOUN_8_PASS_b,F,P,les recettes avec la pochette que j' aime beaucoup ne sont probablement pas utilisées <eos>,13,utilisées,utilisés,11,F,S,utilisées,-6.108014,utilisés,-7.7972574,1
1410,P_NOUN_8_PASS_b,F,P,les recettes avec la banane que j' aime beaucoup ne sont probablement pas achetées <eos>,13,achetées,achetés,11,F,S,achetées,-9.807229,achetés,-9.470447,0
1411,P_NOUN_8_PASS_b,F,P,les recettes avec la banane que j' aime beaucoup ne sont probablement pas brisées <eos>,13,brisées,brisés,11,F,S,brisées,-9.526281,brisés,-13.8075075,1
1412,P_NOUN_8_PASS_b,F,P,les recettes avec la banane que j' aime beaucoup ne sont probablement pas cachées <eos>,13,cachées,cachés,11,F,S,cachées,-9.468386,cachés,-10.868852,1
1413,P_NOUN_8_PASS_b,F,P,les recettes avec la banane que j' aime beaucoup ne sont probablement pas cassées <eos>,13,cassées,cassés,11,F,S,cassées,-10.148737,cassés,-10.843619,1
1414,P_NOUN_8_PASS_b,F,P,les recettes avec la banane que j' aime beaucoup ne sont probablement pas couvertes <eos>,13,couvertes,couverts,11,F,S,couvertes,-7.9865985,couverts,-9.155041,1
1415,P_NOUN_8_PASS_b,F,P,les recettes avec la banane que j' aime beaucoup ne sont probablement pas déformées <eos>,13,déformées,déformés,11,F,S,déformées,-9.717875,déformés,-14.6402,1
1416,P_NOUN_8_PASS_b,F,P,les recettes avec la banane que j' aime beaucoup ne sont probablement pas fixées <eos>,13,fixées,fixés,11,F,S,fixées,-8.508462,fixés,-9.041313,1
1417,P_NOUN_8_PASS_b,F,P,les recettes avec la banane que j' aime beaucoup ne sont probablement pas jetées <eos>,13,jetées,jetés,11,F,S,jetées,-8.699738,jetés,-11.74059,1
1418,P_NOUN_8_PASS_b,F,P,les recettes avec la banane que j' aime beaucoup ne sont probablement pas laissées <eos>,13,laissées,laissés,11,F,S,laissées,-7.148198,laissés,-10.735947,1
1419,P_NOUN_8_PASS_b,F,P,les recettes avec la banane que j' aime beaucoup ne sont probablement pas ouvertes <eos>,13,ouvertes,ouverts,11,F,S,ouvertes,-8.806922,ouverts,-10.072584,1
1420,P_NOUN_8_PASS_b,F,P,les recettes avec la banane que j' aime beaucoup ne sont probablement pas perdues <eos>,13,perdues,perdus,11,F,S,perdues,-7.61038,perdus,-8.582767,1
1421,P_NOUN_8_PASS_b,F,P,les recettes avec la banane que j' aime beaucoup ne sont probablement pas réparées <eos>,13,réparées,réparés,11,F,S,réparées,-10.119423,réparés,-12.18992,1
1422,P_NOUN_8_PASS_b,F,P,les recettes avec la banane que j' aime beaucoup ne sont probablement pas retirées <eos>,13,retirées,retirés,11,F,S,retirées,-8.974464,retirés,-10.49843,1
1423,P_NOUN_8_PASS_b,F,P,les recettes avec la banane que j' aime beaucoup ne sont probablement pas tombées <eos>,13,tombées,tombés,11,F,S,tombées,-7.5227337,tombés,-8.657246,1
1424,P_NOUN_8_PASS_b,F,P,les recettes avec la banane que j' aime beaucoup ne sont probablement pas utilisées <eos>,13,utilisées,utilisés,11,F,S,utilisées,-5.766569,utilisés,-7.469329,1
1425,P_NOUN_8_PASS_b,F,P,les recettes avec la robe que j' aime beaucoup ne sont probablement pas achetées <eos>,13,achetées,achetés,11,F,S,achetées,-10.450447,achetés,-10.0420265,0
1426,P_NOUN_8_PASS_b,F,P,les recettes avec la robe que j' aime beaucoup ne sont probablement pas brisées <eos>,13,brisées,brisés,11,F,S,brisées,-10.190645,brisés,-14.598306,1
1427,P_NOUN_8_PASS_b,F,P,les recettes avec la robe que j' aime beaucoup ne sont probablement pas cachées <eos>,13,cachées,cachés,11,F,S,cachées,-8.888565,cachés,-10.320105,1
1428,P_NOUN_8_PASS_b,F,P,les recettes avec la robe que j' aime beaucoup ne sont probablement pas cassées <eos>,13,cassées,cassés,11,F,S,cassées,-10.476849,cassés,-11.7248,1
1429,P_NOUN_8_PASS_b,F,P,les recettes avec la robe que j' aime beaucoup ne sont probablement pas couvertes <eos>,13,couvertes,couverts,11,F,S,couvertes,-8.292225,couverts,-9.205894,1
1430,P_NOUN_8_PASS_b,F,P,les recettes avec la robe que j' aime beaucoup ne sont probablement pas déformées <eos>,13,déformées,déformés,11,F,S,déformées,-10.093595,déformés,-14.45453,1
1431,P_NOUN_8_PASS_b,F,P,les recettes avec la robe que j' aime beaucoup ne sont probablement pas fixées <eos>,13,fixées,fixés,11,F,S,fixées,-8.917412,fixés,-9.889215,1
1432,P_NOUN_8_PASS_b,F,P,les recettes avec la robe que j' aime beaucoup ne sont probablement pas jetées <eos>,13,jetées,jetés,11,F,S,jetées,-10.241962,jetés,-11.794498,1
1433,P_NOUN_8_PASS_b,F,P,les recettes avec la robe que j' aime beaucoup ne sont probablement pas laissées <eos>,13,laissées,laissés,11,F,S,laissées,-8.013129,laissés,-11.322521,1
1434,P_NOUN_8_PASS_b,F,P,les recettes avec la robe que j' aime beaucoup ne sont probablement pas ouvertes <eos>,13,ouvertes,ouverts,11,F,S,ouvertes,-8.554689,ouverts,-9.855142,1
1435,P_NOUN_8_PASS_b,F,P,les recettes avec la robe que j' aime beaucoup ne sont probablement pas perdues <eos>,13,perdues,perdus,11,F,S,perdues,-8.113734,perdus,-9.448481,1
1436,P_NOUN_8_PASS_b,F,P,les recettes avec la robe que j' aime beaucoup ne sont probablement pas réparées <eos>,13,réparées,réparés,11,F,S,réparées,-10.349973,réparés,-12.439789,1
1437,P_NOUN_8_PASS_b,F,P,les recettes avec la robe que j' aime beaucoup ne sont probablement pas retirées <eos>,13,retirées,retirés,11,F,S,retirées,-9.200481,retirés,-10.727617,1
1438,P_NOUN_8_PASS_b,F,P,les recettes avec la robe que j' aime beaucoup ne sont probablement pas tombées <eos>,13,tombées,tombés,11,F,S,tombées,-8.042778,tombés,-8.318349,1
1439,P_NOUN_8_PASS_b,F,P,les recettes avec la robe que j' aime beaucoup ne sont probablement pas utilisées <eos>,13,utilisées,utilisés,11,F,S,utilisées,-5.8360205,utilisés,-7.341503,1
1440,P_NOUN_8_PASS_b,F,P,les recettes avec la valise que j' aime beaucoup ne sont probablement pas achetées <eos>,13,achetées,achetés,11,F,S,achetées,-8.35211,achetés,-9.085624,1
1441,P_NOUN_8_PASS_b,F,P,les recettes avec la valise que j' aime beaucoup ne sont probablement pas brisées <eos>,13,brisées,brisés,11,F,S,brisées,-9.402299,brisés,-13.798705,1
1442,P_NOUN_8_PASS_b,F,P,les recettes avec la valise que j' aime beaucoup ne sont probablement pas cachées <eos>,13,cachées,cachés,11,F,S,cachées,-8.27106,cachés,-9.389945,1
1443,P_NOUN_8_PASS_b,F,P,les recettes avec la valise que j' aime beaucoup ne sont probablement pas cassées <eos>,13,cassées,cassés,11,F,S,cassées,-10.019285,cassés,-11.105678,1
1444,P_NOUN_8_PASS_b,F,P,les recettes avec la valise que j' aime beaucoup ne sont probablement pas couvertes <eos>,13,couvertes,couverts,11,F,S,couvertes,-8.51534,couverts,-9.945557,1
1445,P_NOUN_8_PASS_b,F,P,les recettes avec la valise que j' aime beaucoup ne sont probablement pas déformées <eos>,13,déformées,déformés,11,F,S,déformées,-9.134105,déformés,-14.949798,1
1446,P_NOUN_8_PASS_b,F,P,les recettes avec la valise que j' aime beaucoup ne sont probablement pas fixées <eos>,13,fixées,fixés,11,F,S,fixées,-8.5184,fixés,-9.613924,1
1447,P_NOUN_8_PASS_b,F,P,les recettes avec la valise que j' aime beaucoup ne sont probablement pas jetées <eos>,13,jetées,jetés,11,F,S,jetées,-9.027589,jetés,-10.449629,1
1448,P_NOUN_8_PASS_b,F,P,les recettes avec la valise que j' aime beaucoup ne sont probablement pas laissées <eos>,13,laissées,laissés,11,F,S,laissées,-7.656988,laissés,-10.86924,1
1449,P_NOUN_8_PASS_b,F,P,les recettes avec la valise que j' aime beaucoup ne sont probablement pas ouvertes <eos>,13,ouvertes,ouverts,11,F,S,ouvertes,-8.319258,ouverts,-9.624072,1
1450,P_NOUN_8_PASS_b,F,P,les recettes avec la valise que j' aime beaucoup ne sont probablement pas perdues <eos>,13,perdues,perdus,11,F,S,perdues,-6.9949636,perdus,-8.420407,1
1451,P_NOUN_8_PASS_b,F,P,les recettes avec la valise que j' aime beaucoup ne sont probablement pas réparées <eos>,13,réparées,réparés,11,F,S,réparées,-9.819666,réparés,-13.280625,1
1452,P_NOUN_8_PASS_b,F,P,les recettes avec la valise que j' aime beaucoup ne sont probablement pas retirées <eos>,13,retirées,retirés,11,F,S,retirées,-8.201482,retirés,-9.984312,1
1453,P_NOUN_8_PASS_b,F,P,les recettes avec la valise que j' aime beaucoup ne sont probablement pas tombées <eos>,13,tombées,tombés,11,F,S,tombées,-7.91311,tombés,-8.796469,1
1454,P_NOUN_8_PASS_b,F,P,les recettes avec la valise que j' aime beaucoup ne sont probablement pas utilisées <eos>,13,utilisées,utilisés,11,F,S,utilisées,-5.5315585,utilisés,-7.2094874,1
1455,P_NOUN_8_PASS_b,F,P,les recettes avec la pendule que j' aime beaucoup ne sont probablement pas achetées <eos>,13,achetées,achetés,11,F,S,achetées,-10.235123,achetés,-9.824723,0
1456,P_NOUN_8_PASS_b,F,P,les recettes avec la pendule que j' aime beaucoup ne sont probablement pas brisées <eos>,13,brisées,brisés,11,F,S,brisées,-9.577645,brisés,-13.658056,1
1457,P_NOUN_8_PASS_b,F,P,les recettes avec la pendule que j' aime beaucoup ne sont probablement pas cachées <eos>,13,cachées,cachés,11,F,S,cachées,-9.086631,cachés,-10.06394,1
1458,P_NOUN_8_PASS_b,F,P,les recettes avec la pendule que j' aime beaucoup ne sont probablement pas cassées <eos>,13,cassées,cassés,11,F,S,cassées,-10.021735,cassés,-11.112893,1
1459,P_NOUN_8_PASS_b,F,P,les recettes avec la pendule que j' aime beaucoup ne sont probablement pas couvertes <eos>,13,couvertes,couverts,11,F,S,couvertes,-8.116231,couverts,-9.138349,1
1460,P_NOUN_8_PASS_b,F,P,les recettes avec la pendule que j' aime beaucoup ne sont probablement pas déformées <eos>,13,déformées,déformés,11,F,S,déformées,-9.276545,déformés,-14.107376,1
1461,P_NOUN_8_PASS_b,F,P,les recettes avec la pendule que j' aime beaucoup ne sont probablement pas fixées <eos>,13,fixées,fixés,11,F,S,fixées,-8.189521,fixés,-8.86954,1
1462,P_NOUN_8_PASS_b,F,P,les recettes avec la pendule que j' aime beaucoup ne sont probablement pas jetées <eos>,13,jetées,jetés,11,F,S,jetées,-9.337273,jetés,-10.68244,1
1463,P_NOUN_8_PASS_b,F,P,les recettes avec la pendule que j' aime beaucoup ne sont probablement pas laissées <eos>,13,laissées,laissés,11,F,S,laissées,-7.5531073,laissés,-11.202987,1
1464,P_NOUN_8_PASS_b,F,P,les recettes avec la pendule que j' aime beaucoup ne sont probablement pas ouvertes <eos>,13,ouvertes,ouverts,11,F,S,ouvertes,-8.611489,ouverts,-9.520219,1
1465,P_NOUN_8_PASS_b,F,P,les recettes avec la pendule que j' aime beaucoup ne sont probablement pas perdues <eos>,13,perdues,perdus,11,F,S,perdues,-7.2289753,perdus,-8.17534,1
1466,P_NOUN_8_PASS_b,F,P,les recettes avec la pendule que j' aime beaucoup ne sont probablement pas réparées <eos>,13,réparées,réparés,11,F,S,réparées,-9.520575,réparés,-11.704057,1
1467,P_NOUN_8_PASS_b,F,P,les recettes avec la pendule que j' aime beaucoup ne sont probablement pas retirées <eos>,13,retirées,retirés,11,F,S,retirées,-8.224798,retirés,-9.850765,1
1468,P_NOUN_8_PASS_b,F,P,les recettes avec la pendule que j' aime beaucoup ne sont probablement pas tombées <eos>,13,tombées,tombés,11,F,S,tombées,-7.8790355,tombés,-8.839042,1
1469,P_NOUN_8_PASS_b,F,P,les recettes avec la pendule que j' aime beaucoup ne sont probablement pas utilisées <eos>,13,utilisées,utilisés,11,F,S,utilisées,-5.645511,utilisés,-6.9974685,1
1470,P_NOUN_8_PASS_b,F,P,les recettes avec la cloche que j' aime beaucoup ne sont probablement pas achetées <eos>,13,achetées,achetés,11,F,S,achetées,-9.186884,achetés,-9.560135,1
1471,P_NOUN_8_PASS_b,F,P,les recettes avec la cloche que j' aime beaucoup ne sont probablement pas brisées <eos>,13,brisées,brisés,11,F,S,brisées,-9.38491,brisés,-13.299384,1
1472,P_NOUN_8_PASS_b,F,P,les recettes avec la cloche que j' aime beaucoup ne sont probablement pas cachées <eos>,13,cachées,cachés,11,F,S,cachées,-8.567638,cachés,-9.670949,1
1473,P_NOUN_8_PASS_b,F,P,les recettes avec la cloche que j' aime beaucoup ne sont probablement pas cassées <eos>,13,cassées,cassés,11,F,S,cassées,-10.034888,cassés,-10.5118,1
1474,P_NOUN_8_PASS_b,F,P,les recettes avec la cloche que j' aime beaucoup ne sont probablement pas couvertes <eos>,13,couvertes,couverts,11,F,S,couvertes,-8.240257,couverts,-8.950254,1
1475,P_NOUN_8_PASS_b,F,P,les recettes avec la cloche que j' aime beaucoup ne sont probablement pas déformées <eos>,13,déformées,déformés,11,F,S,déformées,-9.912254,déformés,-14.728828,1
1476,P_NOUN_8_PASS_b,F,P,les recettes avec la cloche que j' aime beaucoup ne sont probablement pas fixées <eos>,13,fixées,fixés,11,F,S,fixées,-8.681618,fixés,-9.417215,1
1477,P_NOUN_8_PASS_b,F,P,les recettes avec la cloche que j' aime beaucoup ne sont probablement pas jetées <eos>,13,jetées,jetés,11,F,S,jetées,-9.397926,jetés,-10.269032,1
1478,P_NOUN_8_PASS_b,F,P,les recettes avec la cloche que j' aime beaucoup ne sont probablement pas laissées <eos>,13,laissées,laissés,11,F,S,laissées,-7.781332,laissés,-10.54913,1
1479,P_NOUN_8_PASS_b,F,P,les recettes avec la cloche que j' aime beaucoup ne sont probablement pas ouvertes <eos>,13,ouvertes,ouverts,11,F,S,ouvertes,-8.288179,ouverts,-9.786051,1
1480,P_NOUN_8_PASS_b,F,P,les recettes avec la cloche que j' aime beaucoup ne sont probablement pas perdues <eos>,13,perdues,perdus,11,F,S,perdues,-6.912764,perdus,-8.403238,1
1481,P_NOUN_8_PASS_b,F,P,les recettes avec la cloche que j' aime beaucoup ne sont probablement pas réparées <eos>,13,réparées,réparés,11,F,S,réparées,-9.46978,réparés,-11.850733,1
1482,P_NOUN_8_PASS_b,F,P,les recettes avec la cloche que j' aime beaucoup ne sont probablement pas retirées <eos>,13,retirées,retirés,11,F,S,retirées,-8.093788,retirés,-9.734885,1
1483,P_NOUN_8_PASS_b,F,P,les recettes avec la cloche que j' aime beaucoup ne sont probablement pas tombées <eos>,13,tombées,tombés,11,F,S,tombées,-7.84651,tombés,-8.221181,1
1484,P_NOUN_8_PASS_b,F,P,les recettes avec la cloche que j' aime beaucoup ne sont probablement pas utilisées <eos>,13,utilisées,utilisés,11,F,S,utilisées,-5.7524605,utilisés,-7.2908974,1
1485,P_NOUN_8_PASS_b,F,P,les recettes avec la cerise que j' aime beaucoup ne sont probablement pas achetées <eos>,13,achetées,achetés,11,F,S,achetées,-9.626392,achetés,-9.36322,0
1486,P_NOUN_8_PASS_b,F,P,les recettes avec la cerise que j' aime beaucoup ne sont probablement pas brisées <eos>,13,brisées,brisés,11,F,S,brisées,-9.842581,brisés,-14.00646,1
1487,P_NOUN_8_PASS_b,F,P,les recettes avec la cerise que j' aime beaucoup ne sont probablement pas cachées <eos>,13,cachées,cachés,11,F,S,cachées,-9.120204,cachés,-10.672011,1
1488,P_NOUN_8_PASS_b,F,P,les recettes avec la cerise que j' aime beaucoup ne sont probablement pas cassées <eos>,13,cassées,cassés,11,F,S,cassées,-10.294613,cassés,-10.8054695,1
1489,P_NOUN_8_PASS_b,F,P,les recettes avec la cerise que j' aime beaucoup ne sont probablement pas couvertes <eos>,13,couvertes,couverts,11,F,S,couvertes,-8.100929,couverts,-8.92947,1
1490,P_NOUN_8_PASS_b,F,P,les recettes avec la cerise que j' aime beaucoup ne sont probablement pas déformées <eos>,13,déformées,déformés,11,F,S,déformées,-10.140711,déformés,-14.850811,1
1491,P_NOUN_8_PASS_b,F,P,les recettes avec la cerise que j' aime beaucoup ne sont probablement pas fixées <eos>,13,fixées,fixés,11,F,S,fixées,-8.823634,fixés,-9.396945,1
1492,P_NOUN_8_PASS_b,F,P,les recettes avec la cerise que j' aime beaucoup ne sont probablement pas jetées <eos>,13,jetées,jetés,11,F,S,jetées,-10.018239,jetés,-11.991537,1
1493,P_NOUN_8_PASS_b,F,P,les recettes avec la cerise que j' aime beaucoup ne sont probablement pas laissées <eos>,13,laissées,laissés,11,F,S,laissées,-7.408732,laissés,-10.855129,1
1494,P_NOUN_8_PASS_b,F,P,les recettes avec la cerise que j' aime beaucoup ne sont probablement pas ouvertes <eos>,13,ouvertes,ouverts,11,F,S,ouvertes,-8.693682,ouverts,-9.662544,1
1495,P_NOUN_8_PASS_b,F,P,les recettes avec la cerise que j' aime beaucoup ne sont probablement pas perdues <eos>,13,perdues,perdus,11,F,S,perdues,-7.4598646,perdus,-8.837133,1
1496,P_NOUN_8_PASS_b,F,P,les recettes avec la cerise que j' aime beaucoup ne sont probablement pas réparées <eos>,13,réparées,réparés,11,F,S,réparées,-9.874022,réparés,-12.033399,1
1497,P_NOUN_8_PASS_b,F,P,les recettes avec la cerise que j' aime beaucoup ne sont probablement pas retirées <eos>,13,retirées,retirés,11,F,S,retirées,-8.808002,retirés,-10.331114,1
1498,P_NOUN_8_PASS_b,F,P,les recettes avec la cerise que j' aime beaucoup ne sont probablement pas tombées <eos>,13,tombées,tombés,11,F,S,tombées,-7.61601,tombés,-8.631323,1
1499,P_NOUN_8_PASS_b,F,P,les recettes avec la cerise que j' aime beaucoup ne sont probablement pas utilisées <eos>,13,utilisées,utilisés,11,F,S,utilisées,-5.979253,utilisés,-7.622278,1
1500,P_NOUN_8_PASS_b,F,P,les jupes avec la gemme que j' aime beaucoup ne sont probablement pas achetées <eos>,13,achetées,achetés,11,F,S,achetées,-11.157117,achetés,-11.032065,0
1501,P_NOUN_8_PASS_b,F,P,les jupes avec la gemme que j' aime beaucoup ne sont probablement pas brisées <eos>,13,brisées,brisés,11,F,S,brisées,-9.40622,brisés,-12.5475445,1
1502,P_NOUN_8_PASS_b,F,P,les jupes avec la gemme que j' aime beaucoup ne sont probablement pas cachées <eos>,13,cachées,cachés,11,F,S,cachées,-8.082613,cachés,-9.733008,1
1503,P_NOUN_8_PASS_b,F,P,les jupes avec la gemme que j' aime beaucoup ne sont probablement pas cassées <eos>,13,cassées,cassés,11,F,S,cassées,-8.703765,cassés,-10.5012865,1
1504,P_NOUN_8_PASS_b,F,P,les jupes avec la gemme que j' aime beaucoup ne sont probablement pas couvertes <eos>,13,couvertes,couverts,11,F,S,couvertes,-7.3727913,couverts,-8.397558,1
1505,P_NOUN_8_PASS_b,F,P,les jupes avec la gemme que j' aime beaucoup ne sont probablement pas déformées <eos>,13,déformées,déformés,11,F,S,déformées,-8.491865,déformés,-12.770243,1
1506,P_NOUN_8_PASS_b,F,P,les jupes avec la gemme que j' aime beaucoup ne sont probablement pas fixées <eos>,13,fixées,fixés,11,F,S,fixées,-8.195239,fixés,-9.376044,1
1507,P_NOUN_8_PASS_b,F,P,les jupes avec la gemme que j' aime beaucoup ne sont probablement pas jetées <eos>,13,jetées,jetés,11,F,S,jetées,-9.154175,jetés,-10.460349,1
1508,P_NOUN_8_PASS_b,F,P,les jupes avec la gemme que j' aime beaucoup ne sont probablement pas laissées <eos>,13,laissées,laissés,11,F,S,laissées,-7.8776455,laissés,-10.27363,1
1509,P_NOUN_8_PASS_b,F,P,les jupes avec la gemme que j' aime beaucoup ne sont probablement pas ouvertes <eos>,13,ouvertes,ouverts,11,F,S,ouvertes,-7.552841,ouverts,-9.040438,1
1510,P_NOUN_8_PASS_b,F,P,les jupes avec la gemme que j' aime beaucoup ne sont probablement pas perdues <eos>,13,perdues,perdus,11,F,S,perdues,-8.261495,perdus,-9.111744,1
1511,P_NOUN_8_PASS_b,F,P,les jupes avec la gemme que j' aime beaucoup ne sont probablement pas réparées <eos>,13,réparées,réparés,11,F,S,réparées,-9.153664,réparés,-11.775313,1
1512,P_NOUN_8_PASS_b,F,P,les jupes avec la gemme que j' aime beaucoup ne sont probablement pas retirées <eos>,13,retirées,retirés,11,F,S,retirées,-8.29899,retirés,-10.605349,1
1513,P_NOUN_8_PASS_b,F,P,les jupes avec la gemme que j' aime beaucoup ne sont probablement pas tombées <eos>,13,tombées,tombés,11,F,S,tombées,-7.8245754,tombés,-8.391291,1
1514,P_NOUN_8_PASS_b,F,P,les jupes avec la gemme que j' aime beaucoup ne sont probablement pas utilisées <eos>,13,utilisées,utilisés,11,F,S,utilisées,-5.8535786,utilisés,-7.1364393,1
1515,P_NOUN_8_PASS_b,F,P,les jupes avec la chaise que j' aime beaucoup ne sont probablement pas achetées <eos>,13,achetées,achetés,11,F,S,achetées,-10.950135,achetés,-10.842101,0
1516,P_NOUN_8_PASS_b,F,P,les jupes avec la chaise que j' aime beaucoup ne sont probablement pas brisées <eos>,13,brisées,brisés,11,F,S,brisées,-9.244482,brisés,-12.558279,1
1517,P_NOUN_8_PASS_b,F,P,les jupes avec la chaise que j' aime beaucoup ne sont probablement pas cachées <eos>,13,cachées,cachés,11,F,S,cachées,-8.176709,cachés,-10.012269,1
1518,P_NOUN_8_PASS_b,F,P,les jupes avec la chaise que j' aime beaucoup ne sont probablement pas cassées <eos>,13,cassées,cassés,11,F,S,cassées,-8.528616,cassés,-10.635688,1
1519,P_NOUN_8_PASS_b,F,P,les jupes avec la chaise que j' aime beaucoup ne sont probablement pas couvertes <eos>,13,couvertes,couverts,11,F,S,couvertes,-7.5297036,couverts,-8.718039,1
1520,P_NOUN_8_PASS_b,F,P,les jupes avec la chaise que j' aime beaucoup ne sont probablement pas déformées <eos>,13,déformées,déformés,11,F,S,déformées,-8.296188,déformés,-12.698513,1
1521,P_NOUN_8_PASS_b,F,P,les jupes avec la chaise que j' aime beaucoup ne sont probablement pas fixées <eos>,13,fixées,fixés,11,F,S,fixées,-7.77013,fixés,-9.229546,1
1522,P_NOUN_8_PASS_b,F,P,les jupes avec la chaise que j' aime beaucoup ne sont probablement pas jetées <eos>,13,jetées,jetés,11,F,S,jetées,-9.266628,jetés,-10.624246,1
1523,P_NOUN_8_PASS_b,F,P,les jupes avec la chaise que j' aime beaucoup ne sont probablement pas laissées <eos>,13,laissées,laissés,11,F,S,laissées,-7.8611135,laissés,-10.6063175,1
1524,P_NOUN_8_PASS_b,F,P,les jupes avec la chaise que j' aime beaucoup ne sont probablement pas ouvertes <eos>,13,ouvertes,ouverts,11,F,S,ouvertes,-7.532398,ouverts,-9.097635,1
1525,P_NOUN_8_PASS_b,F,P,les jupes avec la chaise que j' aime beaucoup ne sont probablement pas perdues <eos>,13,perdues,perdus,11,F,S,perdues,-8.380058,perdus,-9.152473,1
1526,P_NOUN_8_PASS_b,F,P,les jupes avec la chaise que j' aime beaucoup ne sont probablement pas réparées <eos>,13,réparées,réparés,11,F,S,réparées,-9.134465,réparés,-12.314268,1
1527,P_NOUN_8_PASS_b,F,P,les jupes avec la chaise que j' aime beaucoup ne sont probablement pas retirées <eos>,13,retirées,retirés,11,F,S,retirées,-8.20861,retirés,-10.705241,1
1528,P_NOUN_8_PASS_b,F,P,les jupes avec la chaise que j' aime beaucoup ne sont probablement pas tombées <eos>,13,tombées,tombés,11,F,S,tombées,-8.294811,tombés,-9.089785,1
1529,P_NOUN_8_PASS_b,F,P,les jupes avec la chaise que j' aime beaucoup ne sont probablement pas utilisées <eos>,13,utilisées,utilisés,11,F,S,utilisées,-5.651986,utilisés,-6.9807663,1
1530,P_NOUN_8_PASS_b,F,P,les jupes avec la poubelle que j' aime beaucoup ne sont probablement pas achetées <eos>,13,achetées,achetés,11,F,S,achetées,-10.96401,achetés,-10.7760315,0
1531,P_NOUN_8_PASS_b,F,P,les jupes avec la poubelle que j' aime beaucoup ne sont probablement pas brisées <eos>,13,brisées,brisés,11,F,S,brisées,-9.149012,brisés,-12.418244,1
1532,P_NOUN_8_PASS_b,F,P,les jupes avec la poubelle que j' aime beaucoup ne sont probablement pas cachées <eos>,13,cachées,cachés,11,F,S,cachées,-7.829161,cachés,-9.501578,1
1533,P_NOUN_8_PASS_b,F,P,les jupes avec la poubelle que j' aime beaucoup ne sont probablement pas cassées <eos>,13,cassées,cassés,11,F,S,cassées,-8.6571865,cassés,-10.607576,1
1534,P_NOUN_8_PASS_b,F,P,les jupes avec la poubelle que j' aime beaucoup ne sont probablement pas couvertes <eos>,13,couvertes,couverts,11,F,S,couvertes,-7.541114,couverts,-8.835875,1
1535,P_NOUN_8_PASS_b,F,P,les jupes avec la poubelle que j' aime beaucoup ne sont probablement pas déformées <eos>,13,déformées,déformés,11,F,S,déformées,-8.233374,déformés,-12.682782,1
1536,P_NOUN_8_PASS_b,F,P,les jupes avec la poubelle que j' aime beaucoup ne sont probablement pas fixées <eos>,13,fixées,fixés,11,F,S,fixées,-7.9386544,fixés,-9.4887295,1
1537,P_NOUN_8_PASS_b,F,P,les jupes avec la poubelle que j' aime beaucoup ne sont probablement pas jetées <eos>,13,jetées,jetés,11,F,S,jetées,-8.999441,jetés,-10.314485,1
1538,P_NOUN_8_PASS_b,F,P,les jupes avec la poubelle que j' aime beaucoup ne sont probablement pas laissées <eos>,13,laissées,laissés,11,F,S,laissées,-7.8252153,laissés,-10.443739,1
1539,P_NOUN_8_PASS_b,F,P,les jupes avec la poubelle que j' aime beaucoup ne sont probablement pas ouvertes <eos>,13,ouvertes,ouverts,11,F,S,ouvertes,-7.4894037,ouverts,-9.172838,1
1540,P_NOUN_8_PASS_b,F,P,les jupes avec la poubelle que j' aime beaucoup ne sont probablement pas perdues <eos>,13,perdues,perdus,11,F,S,perdues,-8.089947,perdus,-9.029666,1
1541,P_NOUN_8_PASS_b,F,P,les jupes avec la poubelle que j' aime beaucoup ne sont probablement pas réparées <eos>,13,réparées,réparés,11,F,S,réparées,-9.044022,réparés,-12.282801,1
1542,P_NOUN_8_PASS_b,F,P,les jupes avec la poubelle que j' aime beaucoup ne sont probablement pas retirées <eos>,13,retirées,retirés,11,F,S,retirées,-8.041257,retirés,-10.6140585,1
1543,P_NOUN_8_PASS_b,F,P,les jupes avec la poubelle que j' aime beaucoup ne sont probablement pas tombées <eos>,13,tombées,tombés,11,F,S,tombées,-7.9340267,tombés,-8.842699,1
1544,P_NOUN_8_PASS_b,F,P,les jupes avec la poubelle que j' aime beaucoup ne sont probablement pas utilisées <eos>,13,utilisées,utilisés,11,F,S,utilisées,-5.682061,utilisés,-7.1008654,1
1545,P_NOUN_8_PASS_b,F,P,les jupes avec la chemise que j' aime beaucoup ne sont probablement pas achetées <eos>,13,achetées,achetés,11,F,S,achetées,-11.097828,achetés,-11.249783,1
1546,P_NOUN_8_PASS_b,F,P,les jupes avec la chemise que j' aime beaucoup ne sont probablement pas brisées <eos>,13,brisées,brisés,11,F,S,brisées,-9.453361,brisés,-12.703078,1
1547,P_NOUN_8_PASS_b,F,P,les jupes avec la chemise que j' aime beaucoup ne sont probablement pas cachées <eos>,13,cachées,cachés,11,F,S,cachées,-7.8995047,cachés,-9.74128,1
1548,P_NOUN_8_PASS_b,F,P,les jupes avec la chemise que j' aime beaucoup ne sont probablement pas cassées <eos>,13,cassées,cassés,11,F,S,cassées,-8.455896,cassés,-10.744688,1
1549,P_NOUN_8_PASS_b,F,P,les jupes avec la chemise que j' aime beaucoup ne sont probablement pas couvertes <eos>,13,couvertes,couverts,11,F,S,couvertes,-7.2985697,couverts,-8.708719,1
1550,P_NOUN_8_PASS_b,F,P,les jupes avec la chemise que j' aime beaucoup ne sont probablement pas déformées <eos>,13,déformées,déformés,11,F,S,déformées,-8.500502,déformés,-12.975718,1
1551,P_NOUN_8_PASS_b,F,P,les jupes avec la chemise que j' aime beaucoup ne sont probablement pas fixées <eos>,13,fixées,fixés,11,F,S,fixées,-8.156648,fixés,-9.620324,1
1552,P_NOUN_8_PASS_b,F,P,les jupes avec la chemise que j' aime beaucoup ne sont probablement pas jetées <eos>,13,jetées,jetés,11,F,S,jetées,-9.100088,jetés,-10.630516,1
1553,P_NOUN_8_PASS_b,F,P,les jupes avec la chemise que j' aime beaucoup ne sont probablement pas laissées <eos>,13,laissées,laissés,11,F,S,laissées,-8.206668,laissés,-10.646478,1
1554,P_NOUN_8_PASS_b,F,P,les jupes avec la chemise que j' aime beaucoup ne sont probablement pas ouvertes <eos>,13,ouvertes,ouverts,11,F,S,ouvertes,-7.3577013,ouverts,-8.890819,1
1555,P_NOUN_8_PASS_b,F,P,les jupes avec la chemise que j' aime beaucoup ne sont probablement pas perdues <eos>,13,perdues,perdus,11,F,S,perdues,-8.552576,perdus,-9.3499565,1
1556,P_NOUN_8_PASS_b,F,P,les jupes avec la chemise que j' aime beaucoup ne sont probablement pas réparées <eos>,13,réparées,réparés,11,F,S,réparées,-9.528474,réparés,-12.313981,1
1557,P_NOUN_8_PASS_b,F,P,les jupes avec la chemise que j' aime beaucoup ne sont probablement pas retirées <eos>,13,retirées,retirés,11,F,S,retirées,-8.453086,retirés,-10.699344,1
1558,P_NOUN_8_PASS_b,F,P,les jupes avec la chemise que j' aime beaucoup ne sont probablement pas tombées <eos>,13,tombées,tombés,11,F,S,tombées,-8.185905,tombés,-8.239296,1
1559,P_NOUN_8_PASS_b,F,P,les jupes avec la chemise que j' aime beaucoup ne sont probablement pas utilisées <eos>,13,utilisées,utilisés,11,F,S,utilisées,-5.605834,utilisés,-7.0200357,1
1560,P_NOUN_8_PASS_b,F,P,les jupes avec la recette que j' aime beaucoup ne sont probablement pas achetées <eos>,13,achetées,achetés,11,F,S,achetées,-10.836299,achetés,-10.656949,0
1561,P_NOUN_8_PASS_b,F,P,les jupes avec la recette que j' aime beaucoup ne sont probablement pas brisées <eos>,13,brisées,brisés,11,F,S,brisées,-10.083999,brisés,-13.457858,1
1562,P_NOUN_8_PASS_b,F,P,les jupes avec la recette que j' aime beaucoup ne sont probablement pas cachées <eos>,13,cachées,cachés,11,F,S,cachées,-8.741583,cachés,-10.328696,1
1563,P_NOUN_8_PASS_b,F,P,les jupes avec la recette que j' aime beaucoup ne sont probablement pas cassées <eos>,13,cassées,cassés,11,F,S,cassées,-9.41055,cassés,-10.92741,1
1564,P_NOUN_8_PASS_b,F,P,les jupes avec la recette que j' aime beaucoup ne sont probablement pas couvertes <eos>,13,couvertes,couverts,11,F,S,couvertes,-7.750984,couverts,-8.708353,1
1565,P_NOUN_8_PASS_b,F,P,les jupes avec la recette que j' aime beaucoup ne sont probablement pas déformées <eos>,13,déformées,déformés,11,F,S,déformées,-9.049563,déformés,-13.394737,1
1566,P_NOUN_8_PASS_b,F,P,les jupes avec la recette que j' aime beaucoup ne sont probablement pas fixées <eos>,13,fixées,fixés,11,F,S,fixées,-8.534945,fixés,-9.88397,1
1567,P_NOUN_8_PASS_b,F,P,les jupes avec la recette que j' aime beaucoup ne sont probablement pas jetées <eos>,13,jetées,jetés,11,F,S,jetées,-9.98676,jetés,-11.591781,1
1568,P_NOUN_8_PASS_b,F,P,les jupes avec la recette que j' aime beaucoup ne sont probablement pas laissées <eos>,13,laissées,laissés,11,F,S,laissées,-8.017648,laissés,-10.927717,1
1569,P_NOUN_8_PASS_b,F,P,les jupes avec la recette que j' aime beaucoup ne sont probablement pas ouvertes <eos>,13,ouvertes,ouverts,11,F,S,ouvertes,-7.576709,ouverts,-9.09094,1
1570,P_NOUN_8_PASS_b,F,P,les jupes avec la recette que j' aime beaucoup ne sont probablement pas perdues <eos>,13,perdues,perdus,11,F,S,perdues,-8.235609,perdus,-9.4390545,1
1571,P_NOUN_8_PASS_b,F,P,les jupes avec la recette que j' aime beaucoup ne sont probablement pas réparées <eos>,13,réparées,réparés,11,F,S,réparées,-9.344961,réparés,-12.330576,1
1572,P_NOUN_8_PASS_b,F,P,les jupes avec la recette que j' aime beaucoup ne sont probablement pas retirées <eos>,13,retirées,retirés,11,F,S,retirées,-8.667861,retirés,-10.758879,1
1573,P_NOUN_8_PASS_b,F,P,les jupes avec la recette que j' aime beaucoup ne sont probablement pas tombées <eos>,13,tombées,tombés,11,F,S,tombées,-8.392688,tombés,-9.05673,1
1574,P_NOUN_8_PASS_b,F,P,les jupes avec la recette que j' aime beaucoup ne sont probablement pas utilisées <eos>,13,utilisées,utilisés,11,F,S,utilisées,-5.7119145,utilisés,-7.2746234,1
1575,P_NOUN_8_PASS_b,F,P,les jupes avec la jupe que j' aime beaucoup ne sont probablement pas achetées <eos>,13,achetées,achetés,11,F,S,achetées,-10.963509,achetés,-11.126306,1
1576,P_NOUN_8_PASS_b,F,P,les jupes avec la jupe que j' aime beaucoup ne sont probablement pas brisées <eos>,13,brisées,brisés,11,F,S,brisées,-9.532402,brisés,-12.840269,1
1577,P_NOUN_8_PASS_b,F,P,les jupes avec la jupe que j' aime beaucoup ne sont probablement pas cachées <eos>,13,cachées,cachés,11,F,S,cachées,-8.218875,cachés,-10.187366,1
1578,P_NOUN_8_PASS_b,F,P,les jupes avec la jupe que j' aime beaucoup ne sont probablement pas cassées <eos>,13,cassées,cassés,11,F,S,cassées,-8.5441675,cassés,-10.717094,1
1579,P_NOUN_8_PASS_b,F,P,les jupes avec la jupe que j' aime beaucoup ne sont probablement pas couvertes <eos>,13,couvertes,couverts,11,F,S,couvertes,-7.3218694,couverts,-8.75858,1
1580,P_NOUN_8_PASS_b,F,P,les jupes avec la jupe que j' aime beaucoup ne sont probablement pas déformées <eos>,13,déformées,déformés,11,F,S,déformées,-8.090708,déformés,-12.777158,1
1581,P_NOUN_8_PASS_b,F,P,les jupes avec la jupe que j' aime beaucoup ne sont probablement pas fixées <eos>,13,fixées,fixés,11,F,S,fixées,-7.9529915,fixés,-9.590409,1
1582,P_NOUN_8_PASS_b,F,P,les jupes avec la jupe que j' aime beaucoup ne sont probablement pas jetées <eos>,13,jetées,jetés,11,F,S,jetées,-9.401366,jetés,-10.970561,1
1583,P_NOUN_8_PASS_b,F,P,les jupes avec la jupe que j' aime beaucoup ne sont probablement pas laissées <eos>,13,laissées,laissés,11,F,S,laissées,-8.07068,laissés,-10.997472,1
1584,P_NOUN_8_PASS_b,F,P,les jupes avec la jupe que j' aime beaucoup ne sont probablement pas ouvertes <eos>,13,ouvertes,ouverts,11,F,S,ouvertes,-7.3379555,ouverts,-8.961305,1
1585,P_NOUN_8_PASS_b,F,P,les jupes avec la jupe que j' aime beaucoup ne sont probablement pas perdues <eos>,13,perdues,perdus,11,F,S,perdues,-8.555644,perdus,-9.709595,1
1586,P_NOUN_8_PASS_b,F,P,les jupes avec la jupe que j' aime beaucoup ne sont probablement pas réparées <eos>,13,réparées,réparés,11,F,S,réparées,-9.190851,réparés,-12.528705,1
1587,P_NOUN_8_PASS_b,F,P,les jupes avec la jupe que j' aime beaucoup ne sont probablement pas retirées <eos>,13,retirées,retirés,11,F,S,retirées,-8.341838,retirés,-10.909901,1
1588,P_NOUN_8_PASS_b,F,P,les jupes avec la jupe que j' aime beaucoup ne sont probablement pas tombées <eos>,13,tombées,tombés,11,F,S,tombées,-8.152182,tombés,-9.049188,1
1589,P_NOUN_8_PASS_b,F,P,les jupes avec la jupe que j' aime beaucoup ne sont probablement pas utilisées <eos>,13,utilisées,utilisés,11,F,S,utilisées,-5.559376,utilisés,-7.235299,1
1590,P_NOUN_8_PASS_b,F,P,les jupes avec la colle que j' aime beaucoup ne sont probablement pas achetées <eos>,13,achetées,achetés,11,F,S,achetées,-10.793652,achetés,-10.572278,0
1591,P_NOUN_8_PASS_b,F,P,les jupes avec la colle que j' aime beaucoup ne sont probablement pas brisées <eos>,13,brisées,brisés,11,F,S,brisées,-9.23303,brisés,-12.557965,1
1592,P_NOUN_8_PASS_b,F,P,les jupes avec la colle que j' aime beaucoup ne sont probablement pas cachées <eos>,13,cachées,cachés,11,F,S,cachées,-8.2523575,cachés,-9.651401,1
1593,P_NOUN_8_PASS_b,F,P,les jupes avec la colle que j' aime beaucoup ne sont probablement pas cassées <eos>,13,cassées,cassés,11,F,S,cassées,-8.33148,cassés,-10.195846,1
1594,P_NOUN_8_PASS_b,F,P,les jupes avec la colle que j' aime beaucoup ne sont probablement pas couvertes <eos>,13,couvertes,couverts,11,F,S,couvertes,-7.345718,couverts,-8.576115,1
1595,P_NOUN_8_PASS_b,F,P,les jupes avec la colle que j' aime beaucoup ne sont probablement pas déformées <eos>,13,déformées,déformés,11,F,S,déformées,-8.107718,déformés,-13.065795,1
1596,P_NOUN_8_PASS_b,F,P,les jupes avec la colle que j' aime beaucoup ne sont probablement pas fixées <eos>,13,fixées,fixés,11,F,S,fixées,-8.109869,fixés,-9.651353,1
1597,P_NOUN_8_PASS_b,F,P,les jupes avec la colle que j' aime beaucoup ne sont probablement pas jetées <eos>,13,jetées,jetés,11,F,S,jetées,-9.051566,jetés,-10.294496,1
1598,P_NOUN_8_PASS_b,F,P,les jupes avec la colle que j' aime beaucoup ne sont probablement pas laissées <eos>,13,laissées,laissés,11,F,S,laissées,-7.6559567,laissés,-10.521992,1
1599,P_NOUN_8_PASS_b,F,P,les jupes avec la colle que j' aime beaucoup ne sont probablement pas ouvertes <eos>,13,ouvertes,ouverts,11,F,S,ouvertes,-7.612649,ouverts,-9.151579,1
1600,P_NOUN_8_PASS_b,F,P,les jupes avec la colle que j' aime beaucoup ne sont probablement pas perdues <eos>,13,perdues,perdus,11,F,S,perdues,-8.10164,perdus,-9.129236,1
1601,P_NOUN_8_PASS_b,F,P,les jupes avec la colle que j' aime beaucoup ne sont probablement pas réparées <eos>,13,réparées,réparés,11,F,S,réparées,-9.108171,réparés,-12.239846,1
1602,P_NOUN_8_PASS_b,F,P,les jupes avec la colle que j' aime beaucoup ne sont probablement pas retirées <eos>,13,retirées,retirés,11,F,S,retirées,-8.137627,retirés,-10.411779,1
1603,P_NOUN_8_PASS_b,F,P,les jupes avec la colle que j' aime beaucoup ne sont probablement pas tombées <eos>,13,tombées,tombés,11,F,S,tombées,-7.8846416,tombés,-8.787309,1
1604,P_NOUN_8_PASS_b,F,P,les jupes avec la colle que j' aime beaucoup ne sont probablement pas utilisées <eos>,13,utilisées,utilisés,11,F,S,utilisées,-5.384519,utilisés,-6.9426703,1
1605,P_NOUN_8_PASS_b,F,P,les jupes avec la lampe que j' aime beaucoup ne sont probablement pas achetées <eos>,13,achetées,achetés,11,F,S,achetées,-10.926609,achetés,-11.257742,1
1606,P_NOUN_8_PASS_b,F,P,les jupes avec la lampe que j' aime beaucoup ne sont probablement pas brisées <eos>,13,brisées,brisés,11,F,S,brisées,-8.912612,brisés,-12.381466,1
1607,P_NOUN_8_PASS_b,F,P,les jupes avec la lampe que j' aime beaucoup ne sont probablement pas cachées <eos>,13,cachées,cachés,11,F,S,cachées,-8.012285,cachés,-9.762463,1
1608,P_NOUN_8_PASS_b,F,P,les jupes avec la lampe que j' aime beaucoup ne sont probablement pas cassées <eos>,13,cassées,cassés,11,F,S,cassées,-8.345995,cassés,-10.702997,1
1609,P_NOUN_8_PASS_b,F,P,les jupes avec la lampe que j' aime beaucoup ne sont probablement pas couvertes <eos>,13,couvertes,couverts,11,F,S,couvertes,-7.640769,couverts,-9.130625,1
1610,P_NOUN_8_PASS_b,F,P,les jupes avec la lampe que j' aime beaucoup ne sont probablement pas déformées <eos>,13,déformées,déformés,11,F,S,déformées,-7.708337,déformés,-12.479996,1
1611,P_NOUN_8_PASS_b,F,P,les jupes avec la lampe que j' aime beaucoup ne sont probablement pas fixées <eos>,13,fixées,fixés,11,F,S,fixées,-7.650011,fixés,-9.480288,1
1612,P_NOUN_8_PASS_b,F,P,les jupes avec la lampe que j' aime beaucoup ne sont probablement pas jetées <eos>,13,jetées,jetés,11,F,S,jetées,-8.563889,jetés,-10.03162,1
1613,P_NOUN_8_PASS_b,F,P,les jupes avec la lampe que j' aime beaucoup ne sont probablement pas laissées <eos>,13,laissées,laissés,11,F,S,laissées,-7.8066006,laissés,-10.781337,1
1614,P_NOUN_8_PASS_b,F,P,les jupes avec la lampe que j' aime beaucoup ne sont probablement pas ouvertes <eos>,13,ouvertes,ouverts,11,F,S,ouvertes,-7.465659,ouverts,-9.3565235,1
1615,P_NOUN_8_PASS_b,F,P,les jupes avec la lampe que j' aime beaucoup ne sont probablement pas perdues <eos>,13,perdues,perdus,11,F,S,perdues,-7.900305,perdus,-9.074459,1
1616,P_NOUN_8_PASS_b,F,P,les jupes avec la lampe que j' aime beaucoup ne sont probablement pas réparées <eos>,13,réparées,réparés,11,F,S,réparées,-8.86147,réparés,-12.266684,1
1617,P_NOUN_8_PASS_b,F,P,les jupes avec la lampe que j' aime beaucoup ne sont probablement pas retirées <eos>,13,retirées,retirés,11,F,S,retirées,-7.8152704,retirés,-10.51638,1
1618,P_NOUN_8_PASS_b,F,P,les jupes avec la lampe que j' aime beaucoup ne sont probablement pas tombées <eos>,13,tombées,tombés,11,F,S,tombées,-7.7109594,tombés,-9.058654,1
1619,P_NOUN_8_PASS_b,F,P,les jupes avec la lampe que j' aime beaucoup ne sont probablement pas utilisées <eos>,13,utilisées,utilisés,11,F,S,utilisées,-5.3901386,utilisés,-7.065263,1
1620,P_NOUN_8_PASS_b,F,P,les jupes avec la bouteille que j' aime beaucoup ne sont probablement pas achetées <eos>,13,achetées,achetés,11,F,S,achetées,-10.383806,achetés,-10.784653,1
1621,P_NOUN_8_PASS_b,F,P,les jupes avec la bouteille que j' aime beaucoup ne sont probablement pas brisées <eos>,13,brisées,brisés,11,F,S,brisées,-9.421472,brisés,-12.862991,1
1622,P_NOUN_8_PASS_b,F,P,les jupes avec la bouteille que j' aime beaucoup ne sont probablement pas cachées <eos>,13,cachées,cachés,11,F,S,cachées,-8.32478,cachés,-10.076424,1
1623,P_NOUN_8_PASS_b,F,P,les jupes avec la bouteille que j' aime beaucoup ne sont probablement pas cassées <eos>,13,cassées,cassés,11,F,S,cassées,-8.63233,cassés,-10.656395,1
1624,P_NOUN_8_PASS_b,F,P,les jupes avec la bouteille que j' aime beaucoup ne sont probablement pas couvertes <eos>,13,couvertes,couverts,11,F,S,couvertes,-7.490077,couverts,-8.719001,1
1625,P_NOUN_8_PASS_b,F,P,les jupes avec la bouteille que j' aime beaucoup ne sont probablement pas déformées <eos>,13,déformées,déformés,11,F,S,déformées,-8.276933,déformés,-13.042873,1
1626,P_NOUN_8_PASS_b,F,P,les jupes avec la bouteille que j' aime beaucoup ne sont probablement pas fixées <eos>,13,fixées,fixés,11,F,S,fixées,-8.504868,fixés,-9.800974,1
1627,P_NOUN_8_PASS_b,F,P,les jupes avec la bouteille que j' aime beaucoup ne sont probablement pas jetées <eos>,13,jetées,jetés,11,F,S,jetées,-9.628785,jetés,-10.703313,1
1628,P_NOUN_8_PASS_b,F,P,les jupes avec la bouteille que j' aime beaucoup ne sont probablement pas laissées <eos>,13,laissées,laissés,11,F,S,laissées,-7.3623147,laissés,-10.713867,1
1629,P_NOUN_8_PASS_b,F,P,les jupes avec la bouteille que j' aime beaucoup ne sont probablement pas ouvertes <eos>,13,ouvertes,ouverts,11,F,S,ouvertes,-7.330159,ouverts,-8.955158,1
1630,P_NOUN_8_PASS_b,F,P,les jupes avec la bouteille que j' aime beaucoup ne sont probablement pas perdues <eos>,13,perdues,perdus,11,F,S,perdues,-8.084259,perdus,-9.268038,1
1631,P_NOUN_8_PASS_b,F,P,les jupes avec la bouteille que j' aime beaucoup ne sont probablement pas réparées <eos>,13,réparées,réparés,11,F,S,réparées,-8.887606,réparés,-12.3478,1
1632,P_NOUN_8_PASS_b,F,P,les jupes avec la bouteille que j' aime beaucoup ne sont probablement pas retirées <eos>,13,retirées,retirés,11,F,S,retirées,-8.234902,retirés,-10.898314,1
1633,P_NOUN_8_PASS_b,F,P,les jupes avec la bouteille que j' aime beaucoup ne sont probablement pas tombées <eos>,13,tombées,tombés,11,F,S,tombées,-8.175558,tombés,-9.365182,1
1634,P_NOUN_8_PASS_b,F,P,les jupes avec la bouteille que j' aime beaucoup ne sont probablement pas utilisées <eos>,13,utilisées,utilisés,11,F,S,utilisées,-5.815684,utilisés,-7.504314,1
1635,P_NOUN_8_PASS_b,F,P,les jupes avec la boisson que j' aime beaucoup ne sont probablement pas achetées <eos>,13,achetées,achetés,11,F,S,achetées,-10.854941,achetés,-10.413979,0
1636,P_NOUN_8_PASS_b,F,P,les jupes avec la boisson que j' aime beaucoup ne sont probablement pas brisées <eos>,13,brisées,brisés,11,F,S,brisées,-9.759398,brisés,-13.178772,1
1637,P_NOUN_8_PASS_b,F,P,les jupes avec la boisson que j' aime beaucoup ne sont probablement pas cachées <eos>,13,cachées,cachés,11,F,S,cachées,-8.475643,cachés,-10.052967,1
1638,P_NOUN_8_PASS_b,F,P,les jupes avec la boisson que j' aime beaucoup ne sont probablement pas cassées <eos>,13,cassées,cassés,11,F,S,cassées,-9.087081,cassés,-10.627593,1
1639,P_NOUN_8_PASS_b,F,P,les jupes avec la boisson que j' aime beaucoup ne sont probablement pas couvertes <eos>,13,couvertes,couverts,11,F,S,couvertes,-7.6668644,couverts,-8.547715,1
1640,P_NOUN_8_PASS_b,F,P,les jupes avec la boisson que j' aime beaucoup ne sont probablement pas déformées <eos>,13,déformées,déformés,11,F,S,déformées,-8.906081,déformés,-13.391641,1
1641,P_NOUN_8_PASS_b,F,P,les jupes avec la boisson que j' aime beaucoup ne sont probablement pas fixées <eos>,13,fixées,fixés,11,F,S,fixées,-8.6959095,fixés,-9.7722,1
1642,P_NOUN_8_PASS_b,F,P,les jupes avec la boisson que j' aime beaucoup ne sont probablement pas jetées <eos>,13,jetées,jetés,11,F,S,jetées,-9.700613,jetés,-10.866017,1
1643,P_NOUN_8_PASS_b,F,P,les jupes avec la boisson que j' aime beaucoup ne sont probablement pas laissées <eos>,13,laissées,laissés,11,F,S,laissées,-7.8192487,laissés,-10.593901,1
1644,P_NOUN_8_PASS_b,F,P,les jupes avec la boisson que j' aime beaucoup ne sont probablement pas ouvertes <eos>,13,ouvertes,ouverts,11,F,S,ouvertes,-7.863275,ouverts,-9.203344,1
1645,P_NOUN_8_PASS_b,F,P,les jupes avec la boisson que j' aime beaucoup ne sont probablement pas perdues <eos>,13,perdues,perdus,11,F,S,perdues,-8.556143,perdus,-9.4505005,1
1646,P_NOUN_8_PASS_b,F,P,les jupes avec la boisson que j' aime beaucoup ne sont probablement pas réparées <eos>,13,réparées,réparés,11,F,S,réparées,-9.708108,réparés,-12.480534,1
1647,P_NOUN_8_PASS_b,F,P,les jupes avec la boisson que j' aime beaucoup ne sont probablement pas retirées <eos>,13,retirées,retirés,11,F,S,retirées,-8.686212,retirés,-10.781396,1
1648,P_NOUN_8_PASS_b,F,P,les jupes avec la boisson que j' aime beaucoup ne sont probablement pas tombées <eos>,13,tombées,tombés,11,F,S,tombées,-8.249752,tombés,-8.723038,1
1649,P_NOUN_8_PASS_b,F,P,les jupes avec la boisson que j' aime beaucoup ne sont probablement pas utilisées <eos>,13,utilisées,utilisés,11,F,S,utilisées,-5.859206,utilisés,-7.207898,1
1650,P_NOUN_8_PASS_b,F,P,les jupes avec la pomme que j' aime beaucoup ne sont probablement pas achetées <eos>,13,achetées,achetés,11,F,S,achetées,-10.258105,achetés,-10.112514,0
1651,P_NOUN_8_PASS_b,F,P,les jupes avec la pomme que j' aime beaucoup ne sont probablement pas brisées <eos>,13,brisées,brisés,11,F,S,brisées,-9.640986,brisés,-13.082568,1
1652,P_NOUN_8_PASS_b,F,P,les jupes avec la pomme que j' aime beaucoup ne sont probablement pas cachées <eos>,13,cachées,cachés,11,F,S,cachées,-8.353006,cachés,-9.940382,1
1653,P_NOUN_8_PASS_b,F,P,les jupes avec la pomme que j' aime beaucoup ne sont probablement pas cassées <eos>,13,cassées,cassés,11,F,S,cassées,-8.817844,cassés,-10.199749,1
1654,P_NOUN_8_PASS_b,F,P,les jupes avec la pomme que j' aime beaucoup ne sont probablement pas couvertes <eos>,13,couvertes,couverts,11,F,S,couvertes,-7.2206287,couverts,-8.284777,1
1655,P_NOUN_8_PASS_b,F,P,les jupes avec la pomme que j' aime beaucoup ne sont probablement pas déformées <eos>,13,déformées,déformés,11,F,S,déformées,-8.775463,déformés,-13.414123,1
1656,P_NOUN_8_PASS_b,F,P,les jupes avec la pomme que j' aime beaucoup ne sont probablement pas fixées <eos>,13,fixées,fixés,11,F,S,fixées,-8.563395,fixés,-9.555574,1
1657,P_NOUN_8_PASS_b,F,P,les jupes avec la pomme que j' aime beaucoup ne sont probablement pas jetées <eos>,13,jetées,jetés,11,F,S,jetées,-9.531442,jetés,-10.988403,1
1658,P_NOUN_8_PASS_b,F,P,les jupes avec la pomme que j' aime beaucoup ne sont probablement pas laissées <eos>,13,laissées,laissés,11,F,S,laissées,-7.723938,laissés,-10.336144,1
1659,P_NOUN_8_PASS_b,F,P,les jupes avec la pomme que j' aime beaucoup ne sont probablement pas ouvertes <eos>,13,ouvertes,ouverts,11,F,S,ouvertes,-7.5073023,ouverts,-9.009832,1
1660,P_NOUN_8_PASS_b,F,P,les jupes avec la pomme que j' aime beaucoup ne sont probablement pas perdues <eos>,13,perdues,perdus,11,F,S,perdues,-8.25027,perdus,-9.360109,1
1661,P_NOUN_8_PASS_b,F,P,les jupes avec la pomme que j' aime beaucoup ne sont probablement pas réparées <eos>,13,réparées,réparés,11,F,S,réparées,-9.355307,réparés,-12.332922,1
1662,P_NOUN_8_PASS_b,F,P,les jupes avec la pomme que j' aime beaucoup ne sont probablement pas retirées <eos>,13,retirées,retirés,11,F,S,retirées,-8.452174,retirés,-10.69683,1
1663,P_NOUN_8_PASS_b,F,P,les jupes avec la pomme que j' aime beaucoup ne sont probablement pas tombées <eos>,13,tombées,tombés,11,F,S,tombées,-7.9940643,tombés,-8.744822,1
1664,P_NOUN_8_PASS_b,F,P,les jupes avec la pomme que j' aime beaucoup ne sont probablement pas utilisées <eos>,13,utilisées,utilisés,11,F,S,utilisées,-5.5288677,utilisés,-7.073968,1
1665,P_NOUN_8_PASS_b,F,P,les jupes avec la tasse que j' aime beaucoup ne sont probablement pas achetées <eos>,13,achetées,achetés,11,F,S,achetées,-10.175201,achetés,-10.404951,1
1666,P_NOUN_8_PASS_b,F,P,les jupes avec la tasse que j' aime beaucoup ne sont probablement pas brisées <eos>,13,brisées,brisés,11,F,S,brisées,-9.370995,brisés,-12.73622,1
1667,P_NOUN_8_PASS_b,F,P,les jupes avec la tasse que j' aime beaucoup ne sont probablement pas cachées <eos>,13,cachées,cachés,11,F,S,cachées,-8.257713,cachés,-10.2457485,1
1668,P_NOUN_8_PASS_b,F,P,les jupes avec la tasse que j' aime beaucoup ne sont probablement pas cassées <eos>,13,cassées,cassés,11,F,S,cassées,-8.648245,cassés,-10.428165,1
1669,P_NOUN_8_PASS_b,F,P,les jupes avec la tasse que j' aime beaucoup ne sont probablement pas couvertes <eos>,13,couvertes,couverts,11,F,S,couvertes,-7.2259555,couverts,-8.327385,1
1670,P_NOUN_8_PASS_b,F,P,les jupes avec la tasse que j' aime beaucoup ne sont probablement pas déformées <eos>,13,déformées,déformés,11,F,S,déformées,-8.780582,déformés,-13.309117,1
1671,P_NOUN_8_PASS_b,F,P,les jupes avec la tasse que j' aime beaucoup ne sont probablement pas fixées <eos>,13,fixées,fixés,11,F,S,fixées,-8.45126,fixés,-9.766445,1
1672,P_NOUN_8_PASS_b,F,P,les jupes avec la tasse que j' aime beaucoup ne sont probablement pas jetées <eos>,13,jetées,jetés,11,F,S,jetées,-9.140549,jetés,-10.820381,1
1673,P_NOUN_8_PASS_b,F,P,les jupes avec la tasse que j' aime beaucoup ne sont probablement pas laissées <eos>,13,laissées,laissés,11,F,S,laissées,-7.435955,laissés,-10.332511,1
1674,P_NOUN_8_PASS_b,F,P,les jupes avec la tasse que j' aime beaucoup ne sont probablement pas ouvertes <eos>,13,ouvertes,ouverts,11,F,S,ouvertes,-7.1798205,ouverts,-8.741993,1
1675,P_NOUN_8_PASS_b,F,P,les jupes avec la tasse que j' aime beaucoup ne sont probablement pas perdues <eos>,13,perdues,perdus,11,F,S,perdues,-8.328081,perdus,-9.409815,1
1676,P_NOUN_8_PASS_b,F,P,les jupes avec la tasse que j' aime beaucoup ne sont probablement pas réparées <eos>,13,réparées,réparés,11,F,S,réparées,-8.900891,réparés,-12.087019,1
1677,P_NOUN_8_PASS_b,F,P,les jupes avec la tasse que j' aime beaucoup ne sont probablement pas retirées <eos>,13,retirées,retirés,11,F,S,retirées,-8.408218,retirés,-10.808407,1
1678,P_NOUN_8_PASS_b,F,P,les jupes avec la tasse que j' aime beaucoup ne sont probablement pas tombées <eos>,13,tombées,tombés,11,F,S,tombées,-8.002753,tombés,-9.011539,1
1679,P_NOUN_8_PASS_b,F,P,les jupes avec la tasse que j' aime beaucoup ne sont probablement pas utilisées <eos>,13,utilisées,utilisés,11,F,S,utilisées,-5.909237,utilisés,-7.607727,1
1680,P_NOUN_8_PASS_b,F,P,les jupes avec la bougie que j' aime beaucoup ne sont probablement pas achetées <eos>,13,achetées,achetés,11,F,S,achetées,-10.607297,achetés,-10.966722,1
1681,P_NOUN_8_PASS_b,F,P,les jupes avec la bougie que j' aime beaucoup ne sont probablement pas brisées <eos>,13,brisées,brisés,11,F,S,brisées,-9.308793,brisés,-12.561019,1
1682,P_NOUN_8_PASS_b,F,P,les jupes avec la bougie que j' aime beaucoup ne sont probablement pas cachées <eos>,13,cachées,cachés,11,F,S,cachées,-8.294319,cachés,-9.752342,1
1683,P_NOUN_8_PASS_b,F,P,les jupes avec la bougie que j' aime beaucoup ne sont probablement pas cassées <eos>,13,cassées,cassés,11,F,S,cassées,-8.412853,cassés,-10.569344,1
1684,P_NOUN_8_PASS_b,F,P,les jupes avec la bougie que j' aime beaucoup ne sont probablement pas couvertes <eos>,13,couvertes,couverts,11,F,S,couvertes,-7.635687,couverts,-8.874094,1
1685,P_NOUN_8_PASS_b,F,P,les jupes avec la bougie que j' aime beaucoup ne sont probablement pas déformées <eos>,13,déformées,déformés,11,F,S,déformées,-8.323003,déformés,-12.739264,1
1686,P_NOUN_8_PASS_b,F,P,les jupes avec la bougie que j' aime beaucoup ne sont probablement pas fixées <eos>,13,fixées,fixés,11,F,S,fixées,-8.027493,fixés,-9.439022,1
1687,P_NOUN_8_PASS_b,F,P,les jupes avec la bougie que j' aime beaucoup ne sont probablement pas jetées <eos>,13,jetées,jetés,11,F,S,jetées,-9.241275,jetés,-10.3154,1
1688,P_NOUN_8_PASS_b,F,P,les jupes avec la bougie que j' aime beaucoup ne sont probablement pas laissées <eos>,13,laissées,laissés,11,F,S,laissées,-7.637148,laissés,-10.542106,1
1689,P_NOUN_8_PASS_b,F,P,les jupes avec la bougie que j' aime beaucoup ne sont probablement pas ouvertes <eos>,13,ouvertes,ouverts,11,F,S,ouvertes,-7.582096,ouverts,-9.157972,1
1690,P_NOUN_8_PASS_b,F,P,les jupes avec la bougie que j' aime beaucoup ne sont probablement pas perdues <eos>,13,perdues,perdus,11,F,S,perdues,-7.966199,perdus,-9.103378,1
1691,P_NOUN_8_PASS_b,F,P,les jupes avec la bougie que j' aime beaucoup ne sont probablement pas réparées <eos>,13,réparées,réparés,11,F,S,réparées,-8.822716,réparés,-12.041102,1
1692,P_NOUN_8_PASS_b,F,P,les jupes avec la bougie que j' aime beaucoup ne sont probablement pas retirées <eos>,13,retirées,retirés,11,F,S,retirées,-7.911114,retirés,-10.647017,1
1693,P_NOUN_8_PASS_b,F,P,les jupes avec la bougie que j' aime beaucoup ne sont probablement pas tombées <eos>,13,tombées,tombés,11,F,S,tombées,-7.9053707,tombés,-8.830905,1
1694,P_NOUN_8_PASS_b,F,P,les jupes avec la bougie que j' aime beaucoup ne sont probablement pas utilisées <eos>,13,utilisées,utilisés,11,F,S,utilisées,-5.7030263,utilisés,-7.2210183,1
1695,P_NOUN_8_PASS_b,F,P,les jupes avec la pochette que j' aime beaucoup ne sont probablement pas achetées <eos>,13,achetées,achetés,11,F,S,achetées,-10.396577,achetés,-11.510652,1
1696,P_NOUN_8_PASS_b,F,P,les jupes avec la pochette que j' aime beaucoup ne sont probablement pas brisées <eos>,13,brisées,brisés,11,F,S,brisées,-9.123276,brisés,-12.778986,1
1697,P_NOUN_8_PASS_b,F,P,les jupes avec la pochette que j' aime beaucoup ne sont probablement pas cachées <eos>,13,cachées,cachés,11,F,S,cachées,-8.124923,cachés,-10.623588,1
1698,P_NOUN_8_PASS_b,F,P,les jupes avec la pochette que j' aime beaucoup ne sont probablement pas cassées <eos>,13,cassées,cassés,11,F,S,cassées,-8.737976,cassés,-11.305399,1
1699,P_NOUN_8_PASS_b,F,P,les jupes avec la pochette que j' aime beaucoup ne sont probablement pas couvertes <eos>,13,couvertes,couverts,11,F,S,couvertes,-8.504908,couverts,-9.9899845,1
1700,P_NOUN_8_PASS_b,F,P,les jupes avec la pochette que j' aime beaucoup ne sont probablement pas déformées <eos>,13,déformées,déformés,11,F,S,déformées,-7.870969,déformés,-12.630353,1
1701,P_NOUN_8_PASS_b,F,P,les jupes avec la pochette que j' aime beaucoup ne sont probablement pas fixées <eos>,13,fixées,fixés,11,F,S,fixées,-8.221296,fixés,-10.263327,1
1702,P_NOUN_8_PASS_b,F,P,les jupes avec la pochette que j' aime beaucoup ne sont probablement pas jetées <eos>,13,jetées,jetés,11,F,S,jetées,-9.986247,jetés,-11.252586,1
1703,P_NOUN_8_PASS_b,F,P,les jupes avec la pochette que j' aime beaucoup ne sont probablement pas laissées <eos>,13,laissées,laissés,11,F,S,laissées,-7.870655,laissés,-11.414662,1
1704,P_NOUN_8_PASS_b,F,P,les jupes avec la pochette que j' aime beaucoup ne sont probablement pas ouvertes <eos>,13,ouvertes,ouverts,11,F,S,ouvertes,-7.7862906,ouverts,-10.1658,1
1705,P_NOUN_8_PASS_b,F,P,les jupes avec la pochette que j' aime beaucoup ne sont probablement pas perdues <eos>,13,perdues,perdus,11,F,S,perdues,-7.800699,perdus,-9.570511,1
1706,P_NOUN_8_PASS_b,F,P,les jupes avec la pochette que j' aime beaucoup ne sont probablement pas réparées <eos>,13,réparées,réparés,11,F,S,réparées,-9.364641,réparés,-13.559413,1
1707,P_NOUN_8_PASS_b,F,P,les jupes avec la pochette que j' aime beaucoup ne sont probablement pas retirées <eos>,13,retirées,retirés,11,F,S,retirées,-7.9739323,retirés,-11.2876,1
1708,P_NOUN_8_PASS_b,F,P,les jupes avec la pochette que j' aime beaucoup ne sont probablement pas tombées <eos>,13,tombées,tombés,11,F,S,tombées,-8.18681,tombés,-9.774282,1
1709,P_NOUN_8_PASS_b,F,P,les jupes avec la pochette que j' aime beaucoup ne sont probablement pas utilisées <eos>,13,utilisées,utilisés,11,F,S,utilisées,-6.0185776,utilisés,-8.051679,1
1710,P_NOUN_8_PASS_b,F,P,les jupes avec la banane que j' aime beaucoup ne sont probablement pas achetées <eos>,13,achetées,achetés,11,F,S,achetées,-10.696672,achetés,-10.689698,0
1711,P_NOUN_8_PASS_b,F,P,les jupes avec la banane que j' aime beaucoup ne sont probablement pas brisées <eos>,13,brisées,brisés,11,F,S,brisées,-9.155956,brisés,-12.583164,1
1712,P_NOUN_8_PASS_b,F,P,les jupes avec la banane que j' aime beaucoup ne sont probablement pas cachées <eos>,13,cachées,cachés,11,F,S,cachées,-8.4404335,cachés,-10.083368,1
1713,P_NOUN_8_PASS_b,F,P,les jupes avec la banane que j' aime beaucoup ne sont probablement pas cassées <eos>,13,cassées,cassés,11,F,S,cassées,-8.50557,cassés,-10.28726,1
1714,P_NOUN_8_PASS_b,F,P,les jupes avec la banane que j' aime beaucoup ne sont probablement pas couvertes <eos>,13,couvertes,couverts,11,F,S,couvertes,-7.45842,couverts,-8.589317,1
1715,P_NOUN_8_PASS_b,F,P,les jupes avec la banane que j' aime beaucoup ne sont probablement pas déformées <eos>,13,déformées,déformés,11,F,S,déformées,-8.404846,déformés,-12.982483,1
1716,P_NOUN_8_PASS_b,F,P,les jupes avec la banane que j' aime beaucoup ne sont probablement pas fixées <eos>,13,fixées,fixés,11,F,S,fixées,-8.072001,fixés,-9.28046,1
1717,P_NOUN_8_PASS_b,F,P,les jupes avec la banane que j' aime beaucoup ne sont probablement pas jetées <eos>,13,jetées,jetés,11,F,S,jetées,-8.224054,jetés,-10.829668,1
1718,P_NOUN_8_PASS_b,F,P,les jupes avec la banane que j' aime beaucoup ne sont probablement pas laissées <eos>,13,laissées,laissés,11,F,S,laissées,-7.449658,laissés,-10.095831,1
1719,P_NOUN_8_PASS_b,F,P,les jupes avec la banane que j' aime beaucoup ne sont probablement pas ouvertes <eos>,13,ouvertes,ouverts,11,F,S,ouvertes,-8.20539,ouverts,-9.745514,1
1720,P_NOUN_8_PASS_b,F,P,les jupes avec la banane que j' aime beaucoup ne sont probablement pas perdues <eos>,13,perdues,perdus,11,F,S,perdues,-8.295289,perdus,-9.208401,1
1721,P_NOUN_8_PASS_b,F,P,les jupes avec la banane que j' aime beaucoup ne sont probablement pas réparées <eos>,13,réparées,réparés,11,F,S,réparées,-9.213004,réparés,-11.852336,1
1722,P_NOUN_8_PASS_b,F,P,les jupes avec la banane que j' aime beaucoup ne sont probablement pas retirées <eos>,13,retirées,retirés,11,F,S,retirées,-8.4410095,retirés,-10.741834,1
1723,P_NOUN_8_PASS_b,F,P,les jupes avec la banane que j' aime beaucoup ne sont probablement pas tombées <eos>,13,tombées,tombés,11,F,S,tombées,-7.548796,tombés,-8.537975,1
1724,P_NOUN_8_PASS_b,F,P,les jupes avec la banane que j' aime beaucoup ne sont probablement pas utilisées <eos>,13,utilisées,utilisés,11,F,S,utilisées,-5.5035057,utilisés,-6.9946384,1
1725,P_NOUN_8_PASS_b,F,P,les jupes avec la robe que j' aime beaucoup ne sont probablement pas achetées <eos>,13,achetées,achetés,11,F,S,achetées,-11.477016,achetés,-11.334248,0
1726,P_NOUN_8_PASS_b,F,P,les jupes avec la robe que j' aime beaucoup ne sont probablement pas brisées <eos>,13,brisées,brisés,11,F,S,brisées,-9.789091,brisés,-13.255098,1
1727,P_NOUN_8_PASS_b,F,P,les jupes avec la robe que j' aime beaucoup ne sont probablement pas cachées <eos>,13,cachées,cachés,11,F,S,cachées,-8.134678,cachés,-10.069628,1
1728,P_NOUN_8_PASS_b,F,P,les jupes avec la robe que j' aime beaucoup ne sont probablement pas cassées <eos>,13,cassées,cassés,11,F,S,cassées,-9.121645,cassés,-11.257436,1
1729,P_NOUN_8_PASS_b,F,P,les jupes avec la robe que j' aime beaucoup ne sont probablement pas couvertes <eos>,13,couvertes,couverts,11,F,S,couvertes,-7.5811796,couverts,-8.773808,1
1730,P_NOUN_8_PASS_b,F,P,les jupes avec la robe que j' aime beaucoup ne sont probablement pas déformées <eos>,13,déformées,déformés,11,F,S,déformées,-8.623973,déformés,-12.877955,1
1731,P_NOUN_8_PASS_b,F,P,les jupes avec la robe que j' aime beaucoup ne sont probablement pas fixées <eos>,13,fixées,fixés,11,F,S,fixées,-8.502388,fixés,-9.961221,1
1732,P_NOUN_8_PASS_b,F,P,les jupes avec la robe que j' aime beaucoup ne sont probablement pas jetées <eos>,13,jetées,jetés,11,F,S,jetées,-9.641582,jetés,-11.144433,1
1733,P_NOUN_8_PASS_b,F,P,les jupes avec la robe que j' aime beaucoup ne sont probablement pas laissées <eos>,13,laissées,laissés,11,F,S,laissées,-8.4094,laissés,-11.015801,1
1734,P_NOUN_8_PASS_b,F,P,les jupes avec la robe que j' aime beaucoup ne sont probablement pas ouvertes <eos>,13,ouvertes,ouverts,11,F,S,ouvertes,-7.575509,ouverts,-9.217461,1
1735,P_NOUN_8_PASS_b,F,P,les jupes avec la robe que j' aime beaucoup ne sont probablement pas perdues <eos>,13,perdues,perdus,11,F,S,perdues,-8.689053,perdus,-9.793742,1
1736,P_NOUN_8_PASS_b,F,P,les jupes avec la robe que j' aime beaucoup ne sont probablement pas réparées <eos>,13,réparées,réparés,11,F,S,réparées,-9.71782,réparés,-12.332849,1
1737,P_NOUN_8_PASS_b,F,P,les jupes avec la robe que j' aime beaucoup ne sont probablement pas retirées <eos>,13,retirées,retirés,11,F,S,retirées,-8.869707,retirés,-11.155656,1
1738,P_NOUN_8_PASS_b,F,P,les jupes avec la robe que j' aime beaucoup ne sont probablement pas tombées <eos>,13,tombées,tombés,11,F,S,tombées,-8.063936,tombés,-8.592792,1
1739,P_NOUN_8_PASS_b,F,P,les jupes avec la robe que j' aime beaucoup ne sont probablement pas utilisées <eos>,13,utilisées,utilisés,11,F,S,utilisées,-5.7356644,utilisés,-7.2401295,1
1740,P_NOUN_8_PASS_b,F,P,les jupes avec la valise que j' aime beaucoup ne sont probablement pas achetées <eos>,13,achetées,achetés,11,F,S,achetées,-9.646795,achetés,-10.395109,1
1741,P_NOUN_8_PASS_b,F,P,les jupes avec la valise que j' aime beaucoup ne sont probablement pas brisées <eos>,13,brisées,brisés,11,F,S,brisées,-9.06267,brisés,-12.636368,1
1742,P_NOUN_8_PASS_b,F,P,les jupes avec la valise que j' aime beaucoup ne sont probablement pas cachées <eos>,13,cachées,cachés,11,F,S,cachées,-8.062527,cachés,-9.336651,1
1743,P_NOUN_8_PASS_b,F,P,les jupes avec la valise que j' aime beaucoup ne sont probablement pas cassées <eos>,13,cassées,cassés,11,F,S,cassées,-8.650363,cassés,-10.782304,1
1744,P_NOUN_8_PASS_b,F,P,les jupes avec la valise que j' aime beaucoup ne sont probablement pas couvertes <eos>,13,couvertes,couverts,11,F,S,couvertes,-8.018519,couverts,-9.433728,1
1745,P_NOUN_8_PASS_b,F,P,les jupes avec la valise que j' aime beaucoup ne sont probablement pas déformées <eos>,13,déformées,déformés,11,F,S,déformées,-7.8909903,déformés,-13.274896,1
1746,P_NOUN_8_PASS_b,F,P,les jupes avec la valise que j' aime beaucoup ne sont probablement pas fixées <eos>,13,fixées,fixés,11,F,S,fixées,-8.111476,fixés,-9.764551,1
1747,P_NOUN_8_PASS_b,F,P,les jupes avec la valise que j' aime beaucoup ne sont probablement pas jetées <eos>,13,jetées,jetés,11,F,S,jetées,-8.716371,jetés,-10.019579,1
1748,P_NOUN_8_PASS_b,F,P,les jupes avec la valise que j' aime beaucoup ne sont probablement pas laissées <eos>,13,laissées,laissés,11,F,S,laissées,-7.561655,laissés,-10.423956,1
1749,P_NOUN_8_PASS_b,F,P,les jupes avec la valise que j' aime beaucoup ne sont probablement pas ouvertes <eos>,13,ouvertes,ouverts,11,F,S,ouvertes,-7.6075,ouverts,-9.237532,1
1750,P_NOUN_8_PASS_b,F,P,les jupes avec la valise que j' aime beaucoup ne sont probablement pas perdues <eos>,13,perdues,perdus,11,F,S,perdues,-7.557734,perdus,-8.695022,1
1751,P_NOUN_8_PASS_b,F,P,les jupes avec la valise que j' aime beaucoup ne sont probablement pas réparées <eos>,13,réparées,réparés,11,F,S,réparées,-9.036108,réparés,-12.84802,1
1752,P_NOUN_8_PASS_b,F,P,les jupes avec la valise que j' aime beaucoup ne sont probablement pas retirées <eos>,13,retirées,retirés,11,F,S,retirées,-8.003267,retirés,-10.273581,1
1753,P_NOUN_8_PASS_b,F,P,les jupes avec la valise que j' aime beaucoup ne sont probablement pas tombées <eos>,13,tombées,tombés,11,F,S,tombées,-8.213904,tombés,-8.937046,1
1754,P_NOUN_8_PASS_b,F,P,les jupes avec la valise que j' aime beaucoup ne sont probablement pas utilisées <eos>,13,utilisées,utilisés,11,F,S,utilisées,-5.458841,utilisés,-7.115605,1
1755,P_NOUN_8_PASS_b,F,P,les jupes avec la pendule que j' aime beaucoup ne sont probablement pas achetées <eos>,13,achetées,achetés,11,F,S,achetées,-11.299987,achetés,-11.132546,0
1756,P_NOUN_8_PASS_b,F,P,les jupes avec la pendule que j' aime beaucoup ne sont probablement pas brisées <eos>,13,brisées,brisés,11,F,S,brisées,-9.250985,brisés,-12.526787,1
1757,P_NOUN_8_PASS_b,F,P,les jupes avec la pendule que j' aime beaucoup ne sont probablement pas cachées <eos>,13,cachées,cachés,11,F,S,cachées,-8.432242,cachés,-9.73841,1
1758,P_NOUN_8_PASS_b,F,P,les jupes avec la pendule que j' aime beaucoup ne sont probablement pas cassées <eos>,13,cassées,cassés,11,F,S,cassées,-8.376898,cassés,-10.774885,1
1759,P_NOUN_8_PASS_b,F,P,les jupes avec la pendule que j' aime beaucoup ne sont probablement pas couvertes <eos>,13,couvertes,couverts,11,F,S,couvertes,-7.459397,couverts,-8.944812,1
1760,P_NOUN_8_PASS_b,F,P,les jupes avec la pendule que j' aime beaucoup ne sont probablement pas déformées <eos>,13,déformées,déformés,11,F,S,déformées,-7.8832154,déformés,-12.528131,1
1761,P_NOUN_8_PASS_b,F,P,les jupes avec la pendule que j' aime beaucoup ne sont probablement pas fixées <eos>,13,fixées,fixés,11,F,S,fixées,-7.712523,fixés,-9.242302,1
1762,P_NOUN_8_PASS_b,F,P,les jupes avec la pendule que j' aime beaucoup ne sont probablement pas jetées <eos>,13,jetées,jetés,11,F,S,jetées,-8.993355,jetés,-10.132241,1
1763,P_NOUN_8_PASS_b,F,P,les jupes avec la pendule que j' aime beaucoup ne sont probablement pas laissées <eos>,13,laissées,laissés,11,F,S,laissées,-7.910883,laissés,-10.896748,1
1764,P_NOUN_8_PASS_b,F,P,les jupes avec la pendule que j' aime beaucoup ne sont probablement pas ouvertes <eos>,13,ouvertes,ouverts,11,F,S,ouvertes,-7.392393,ouverts,-8.817784,1
1765,P_NOUN_8_PASS_b,F,P,les jupes avec la pendule que j' aime beaucoup ne sont probablement pas perdues <eos>,13,perdues,perdus,11,F,S,perdues,-8.180591,perdus,-9.018048,1
1766,P_NOUN_8_PASS_b,F,P,les jupes avec la pendule que j' aime beaucoup ne sont probablement pas réparées <eos>,13,réparées,réparés,11,F,S,réparées,-8.997879,réparés,-12.09691,1
1767,P_NOUN_8_PASS_b,F,P,les jupes avec la pendule que j' aime beaucoup ne sont probablement pas retirées <eos>,13,retirées,retirés,11,F,S,retirées,-8.00489,retirés,-10.474318,1
1768,P_NOUN_8_PASS_b,F,P,les jupes avec la pendule que j' aime beaucoup ne sont probablement pas tombées <eos>,13,tombées,tombés,11,F,S,tombées,-8.102346,tombés,-9.136493,1
1769,P_NOUN_8_PASS_b,F,P,les jupes avec la pendule que j' aime beaucoup ne sont probablement pas utilisées <eos>,13,utilisées,utilisés,11,F,S,utilisées,-5.4863505,utilisés,-6.874762,1
1770,P_NOUN_8_PASS_b,F,P,les jupes avec la cloche que j' aime beaucoup ne sont probablement pas achetées <eos>,13,achetées,achetés,11,F,S,achetées,-10.820738,achetés,-11.075117,1
1771,P_NOUN_8_PASS_b,F,P,les jupes avec la cloche que j' aime beaucoup ne sont probablement pas brisées <eos>,13,brisées,brisés,11,F,S,brisées,-9.280233,brisés,-12.59823,1
1772,P_NOUN_8_PASS_b,F,P,les jupes avec la cloche que j' aime beaucoup ne sont probablement pas cachées <eos>,13,cachées,cachés,11,F,S,cachées,-8.1192255,cachés,-9.736376,1
1773,P_NOUN_8_PASS_b,F,P,les jupes avec la cloche que j' aime beaucoup ne sont probablement pas cassées <eos>,13,cassées,cassés,11,F,S,cassées,-8.643066,cassés,-10.62323,1
1774,P_NOUN_8_PASS_b,F,P,les jupes avec la cloche que j' aime beaucoup ne sont probablement pas couvertes <eos>,13,couvertes,couverts,11,F,S,couvertes,-7.6285315,couverts,-8.938817,1
1775,P_NOUN_8_PASS_b,F,P,les jupes avec la cloche que j' aime beaucoup ne sont probablement pas déformées <eos>,13,déformées,déformés,11,F,S,déformées,-8.4619055,déformés,-12.940686,1
1776,P_NOUN_8_PASS_b,F,P,les jupes avec la cloche que j' aime beaucoup ne sont probablement pas fixées <eos>,13,fixées,fixés,11,F,S,fixées,-7.9974084,fixés,-9.409723,1
1777,P_NOUN_8_PASS_b,F,P,les jupes avec la cloche que j' aime beaucoup ne sont probablement pas jetées <eos>,13,jetées,jetés,11,F,S,jetées,-8.986513,jetés,-10.312704,1
1778,P_NOUN_8_PASS_b,F,P,les jupes avec la cloche que j' aime beaucoup ne sont probablement pas laissées <eos>,13,laissées,laissés,11,F,S,laissées,-8.039625,laissés,-10.662847,1
1779,P_NOUN_8_PASS_b,F,P,les jupes avec la cloche que j' aime beaucoup ne sont probablement pas ouvertes <eos>,13,ouvertes,ouverts,11,F,S,ouvertes,-7.454646,ouverts,-9.371088,1
1780,P_NOUN_8_PASS_b,F,P,les jupes avec la cloche que j' aime beaucoup ne sont probablement pas perdues <eos>,13,perdues,perdus,11,F,S,perdues,-8.038919,perdus,-9.254502,1
1781,P_NOUN_8_PASS_b,F,P,les jupes avec la cloche que j' aime beaucoup ne sont probablement pas réparées <eos>,13,réparées,réparés,11,F,S,réparées,-9.077764,réparés,-12.123421,1
1782,P_NOUN_8_PASS_b,F,P,les jupes avec la cloche que j' aime beaucoup ne sont probablement pas retirées <eos>,13,retirées,retirés,11,F,S,retirées,-8.0508,retirés,-10.584484,1
1783,P_NOUN_8_PASS_b,F,P,les jupes avec la cloche que j' aime beaucoup ne sont probablement pas tombées <eos>,13,tombées,tombés,11,F,S,tombées,-8.022498,tombés,-8.629221,1
1784,P_NOUN_8_PASS_b,F,P,les jupes avec la cloche que j' aime beaucoup ne sont probablement pas utilisées <eos>,13,utilisées,utilisés,11,F,S,utilisées,-5.603603,utilisés,-7.177235,1
1785,P_NOUN_8_PASS_b,F,P,les jupes avec la cerise que j' aime beaucoup ne sont probablement pas achetées <eos>,13,achetées,achetés,11,F,S,achetées,-10.656277,achetés,-10.646625,0
1786,P_NOUN_8_PASS_b,F,P,les jupes avec la cerise que j' aime beaucoup ne sont probablement pas brisées <eos>,13,brisées,brisés,11,F,S,brisées,-9.577653,brisés,-12.896882,1
1787,P_NOUN_8_PASS_b,F,P,les jupes avec la cerise que j' aime beaucoup ne sont probablement pas cachées <eos>,13,cachées,cachés,11,F,S,cachées,-8.32923,cachés,-10.219445,1
1788,P_NOUN_8_PASS_b,F,P,les jupes avec la cerise que j' aime beaucoup ne sont probablement pas cassées <eos>,13,cassées,cassés,11,F,S,cassées,-8.687215,cassés,-10.396885,1
1789,P_NOUN_8_PASS_b,F,P,les jupes avec la cerise que j' aime beaucoup ne sont probablement pas couvertes <eos>,13,couvertes,couverts,11,F,S,couvertes,-7.4320965,couverts,-8.428689,1
1790,P_NOUN_8_PASS_b,F,P,les jupes avec la cerise que j' aime beaucoup ne sont probablement pas déformées <eos>,13,déformées,déformés,11,F,S,déformées,-8.489571,déformés,-13.145276,1
1791,P_NOUN_8_PASS_b,F,P,les jupes avec la cerise que j' aime beaucoup ne sont probablement pas fixées <eos>,13,fixées,fixés,11,F,S,fixées,-8.461575,fixés,-9.687207,1
1792,P_NOUN_8_PASS_b,F,P,les jupes avec la cerise que j' aime beaucoup ne sont probablement pas jetées <eos>,13,jetées,jetés,11,F,S,jetées,-9.490026,jetés,-11.238577,1
1793,P_NOUN_8_PASS_b,F,P,les jupes avec la cerise que j' aime beaucoup ne sont probablement pas laissées <eos>,13,laissées,laissés,11,F,S,laissées,-7.7629223,laissés,-10.533629,1
1794,P_NOUN_8_PASS_b,F,P,les jupes avec la cerise que j' aime beaucoup ne sont probablement pas ouvertes <eos>,13,ouvertes,ouverts,11,F,S,ouvertes,-7.7129316,ouverts,-9.02424,1
1795,P_NOUN_8_PASS_b,F,P,les jupes avec la cerise que j' aime beaucoup ne sont probablement pas perdues <eos>,13,perdues,perdus,11,F,S,perdues,-8.319171,perdus,-9.559956,1
1796,P_NOUN_8_PASS_b,F,P,les jupes avec la cerise que j' aime beaucoup ne sont probablement pas réparées <eos>,13,réparées,réparés,11,F,S,réparées,-9.388426,réparés,-12.183599,1
1797,P_NOUN_8_PASS_b,F,P,les jupes avec la cerise que j' aime beaucoup ne sont probablement pas retirées <eos>,13,retirées,retirés,11,F,S,retirées,-8.587665,retirés,-10.86611,1
1798,P_NOUN_8_PASS_b,F,P,les jupes avec la cerise que j' aime beaucoup ne sont probablement pas tombées <eos>,13,tombées,tombés,11,F,S,tombées,-7.8314033,tombés,-8.851372,1
1799,P_NOUN_8_PASS_b,F,P,les jupes avec la cerise que j' aime beaucoup ne sont probablement pas utilisées <eos>,13,utilisées,utilisés,11,F,S,utilisées,-5.621704,utilisés,-7.2004833,1
1800,P_NOUN_8_PASS_b,F,P,les colles avec la gemme que j' aime beaucoup ne sont probablement pas achetées <eos>,13,achetées,achetés,11,F,S,achetées,-11.583359,achetés,-10.669984,0
1801,P_NOUN_8_PASS_b,F,P,les colles avec la gemme que j' aime beaucoup ne sont probablement pas brisées <eos>,13,brisées,brisés,11,F,S,brisées,-9.767038,brisés,-12.969237,1
1802,P_NOUN_8_PASS_b,F,P,les colles avec la gemme que j' aime beaucoup ne sont probablement pas cachées <eos>,13,cachées,cachés,11,F,S,cachées,-8.754761,cachés,-9.980653,1
1803,P_NOUN_8_PASS_b,F,P,les colles avec la gemme que j' aime beaucoup ne sont probablement pas cassées <eos>,13,cassées,cassés,11,F,S,cassées,-8.876332,cassés,-10.338749,1
1804,P_NOUN_8_PASS_b,F,P,les colles avec la gemme que j' aime beaucoup ne sont probablement pas couvertes <eos>,13,couvertes,couverts,11,F,S,couvertes,-7.5412974,couverts,-8.328834,1
1805,P_NOUN_8_PASS_b,F,P,les colles avec la gemme que j' aime beaucoup ne sont probablement pas déformées <eos>,13,déformées,déformés,11,F,S,déformées,-8.19686,déformés,-13.411615,1
1806,P_NOUN_8_PASS_b,F,P,les colles avec la gemme que j' aime beaucoup ne sont probablement pas fixées <eos>,13,fixées,fixés,11,F,S,fixées,-8.319302,fixés,-9.616372,1
1807,P_NOUN_8_PASS_b,F,P,les colles avec la gemme que j' aime beaucoup ne sont probablement pas jetées <eos>,13,jetées,jetés,11,F,S,jetées,-9.406655,jetés,-10.506376,1
1808,P_NOUN_8_PASS_b,F,P,les colles avec la gemme que j' aime beaucoup ne sont probablement pas laissées <eos>,13,laissées,laissés,11,F,S,laissées,-7.880213,laissés,-10.69451,1
1809,P_NOUN_8_PASS_b,F,P,les colles avec la gemme que j' aime beaucoup ne sont probablement pas ouvertes <eos>,13,ouvertes,ouverts,11,F,S,ouvertes,-7.9948015,ouverts,-9.528052,1
1810,P_NOUN_8_PASS_b,F,P,les colles avec la gemme que j' aime beaucoup ne sont probablement pas perdues <eos>,13,perdues,perdus,11,F,S,perdues,-8.062011,perdus,-9.2352495,1
1811,P_NOUN_8_PASS_b,F,P,les colles avec la gemme que j' aime beaucoup ne sont probablement pas réparées <eos>,13,réparées,réparés,11,F,S,réparées,-9.317264,réparés,-11.999304,1
1812,P_NOUN_8_PASS_b,F,P,les colles avec la gemme que j' aime beaucoup ne sont probablement pas retirées <eos>,13,retirées,retirés,11,F,S,retirées,-8.409207,retirés,-10.156571,1
1813,P_NOUN_8_PASS_b,F,P,les colles avec la gemme que j' aime beaucoup ne sont probablement pas tombées <eos>,13,tombées,tombés,11,F,S,tombées,-7.9506054,tombés,-9.092563,1
1814,P_NOUN_8_PASS_b,F,P,les colles avec la gemme que j' aime beaucoup ne sont probablement pas utilisées <eos>,13,utilisées,utilisés,11,F,S,utilisées,-4.830819,utilisés,-6.09694,1
1815,P_NOUN_8_PASS_b,F,P,les colles avec la chaise que j' aime beaucoup ne sont probablement pas achetées <eos>,13,achetées,achetés,11,F,S,achetées,-11.229729,achetés,-10.544236,0
1816,P_NOUN_8_PASS_b,F,P,les colles avec la chaise que j' aime beaucoup ne sont probablement pas brisées <eos>,13,brisées,brisés,11,F,S,brisées,-9.339328,brisés,-12.714984,1
1817,P_NOUN_8_PASS_b,F,P,les colles avec la chaise que j' aime beaucoup ne sont probablement pas cachées <eos>,13,cachées,cachés,11,F,S,cachées,-8.605682,cachés,-10.14279,1
1818,P_NOUN_8_PASS_b,F,P,les colles avec la chaise que j' aime beaucoup ne sont probablement pas cassées <eos>,13,cassées,cassés,11,F,S,cassées,-8.471221,cassés,-10.029087,1
1819,P_NOUN_8_PASS_b,F,P,les colles avec la chaise que j' aime beaucoup ne sont probablement pas couvertes <eos>,13,couvertes,couverts,11,F,S,couvertes,-7.647892,couverts,-8.724082,1
1820,P_NOUN_8_PASS_b,F,P,les colles avec la chaise que j' aime beaucoup ne sont probablement pas déformées <eos>,13,déformées,déformés,11,F,S,déformées,-7.737997,déformés,-13.346431,1
1821,P_NOUN_8_PASS_b,F,P,les colles avec la chaise que j' aime beaucoup ne sont probablement pas fixées <eos>,13,fixées,fixés,11,F,S,fixées,-7.820892,fixés,-9.475292,1
1822,P_NOUN_8_PASS_b,F,P,les colles avec la chaise que j' aime beaucoup ne sont probablement pas jetées <eos>,13,jetées,jetés,11,F,S,jetées,-9.294371,jetés,-10.426455,1
1823,P_NOUN_8_PASS_b,F,P,les colles avec la chaise que j' aime beaucoup ne sont probablement pas laissées <eos>,13,laissées,laissés,11,F,S,laissées,-7.7243304,laissés,-10.81063,1
1824,P_NOUN_8_PASS_b,F,P,les colles avec la chaise que j' aime beaucoup ne sont probablement pas ouvertes <eos>,13,ouvertes,ouverts,11,F,S,ouvertes,-7.962344,ouverts,-9.7201605,1
1825,P_NOUN_8_PASS_b,F,P,les colles avec la chaise que j' aime beaucoup ne sont probablement pas perdues <eos>,13,perdues,perdus,11,F,S,perdues,-7.952067,perdus,-9.080096,1
1826,P_NOUN_8_PASS_b,F,P,les colles avec la chaise que j' aime beaucoup ne sont probablement pas réparées <eos>,13,réparées,réparés,11,F,S,réparées,-9.2798605,réparés,-12.623262,1
1827,P_NOUN_8_PASS_b,F,P,les colles avec la chaise que j' aime beaucoup ne sont probablement pas retirées <eos>,13,retirées,retirés,11,F,S,retirées,-8.2808485,retirés,-10.2343445,1
1828,P_NOUN_8_PASS_b,F,P,les colles avec la chaise que j' aime beaucoup ne sont probablement pas tombées <eos>,13,tombées,tombés,11,F,S,tombées,-8.307381,tombés,-9.412304,1
1829,P_NOUN_8_PASS_b,F,P,les colles avec la chaise que j' aime beaucoup ne sont probablement pas utilisées <eos>,13,utilisées,utilisés,11,F,S,utilisées,-4.696885,utilisés,-6.007161,1
1830,P_NOUN_8_PASS_b,F,P,les colles avec la poubelle que j' aime beaucoup ne sont probablement pas achetées <eos>,13,achetées,achetés,11,F,S,achetées,-11.1058035,achetés,-10.260175,0
1831,P_NOUN_8_PASS_b,F,P,les colles avec la poubelle que j' aime beaucoup ne sont probablement pas brisées <eos>,13,brisées,brisés,11,F,S,brisées,-9.43456,brisés,-12.827434,1
1832,P_NOUN_8_PASS_b,F,P,les colles avec la poubelle que j' aime beaucoup ne sont probablement pas cachées <eos>,13,cachées,cachés,11,F,S,cachées,-8.290648,cachés,-9.58227,1
1833,P_NOUN_8_PASS_b,F,P,les colles avec la poubelle que j' aime beaucoup ne sont probablement pas cassées <eos>,13,cassées,cassés,11,F,S,cassées,-8.588242,cassés,-10.203785,1
1834,P_NOUN_8_PASS_b,F,P,les colles avec la poubelle que j' aime beaucoup ne sont probablement pas couvertes <eos>,13,couvertes,couverts,11,F,S,couvertes,-7.6389656,couverts,-8.73464,1
1835,P_NOUN_8_PASS_b,F,P,les colles avec la poubelle que j' aime beaucoup ne sont probablement pas déformées <eos>,13,déformées,déformés,11,F,S,déformées,-7.9582047,déformés,-13.394461,1
1836,P_NOUN_8_PASS_b,F,P,les colles avec la poubelle que j' aime beaucoup ne sont probablement pas fixées <eos>,13,fixées,fixés,11,F,S,fixées,-8.128728,fixés,-9.748609,1
1837,P_NOUN_8_PASS_b,F,P,les colles avec la poubelle que j' aime beaucoup ne sont probablement pas jetées <eos>,13,jetées,jetés,11,F,S,jetées,-9.061045,jetés,-10.268215,1
1838,P_NOUN_8_PASS_b,F,P,les colles avec la poubelle que j' aime beaucoup ne sont probablement pas laissées <eos>,13,laissées,laissés,11,F,S,laissées,-7.6991863,laissés,-10.493165,1
1839,P_NOUN_8_PASS_b,F,P,les colles avec la poubelle que j' aime beaucoup ne sont probablement pas ouvertes <eos>,13,ouvertes,ouverts,11,F,S,ouvertes,-7.889983,ouverts,-9.635378,1
1840,P_NOUN_8_PASS_b,F,P,les colles avec la poubelle que j' aime beaucoup ne sont probablement pas perdues <eos>,13,perdues,perdus,11,F,S,perdues,-7.7503767,perdus,-9.007452,1
1841,P_NOUN_8_PASS_b,F,P,les colles avec la poubelle que j' aime beaucoup ne sont probablement pas réparées <eos>,13,réparées,réparés,11,F,S,réparées,-9.053087,réparés,-12.320721,1
1842,P_NOUN_8_PASS_b,F,P,les colles avec la poubelle que j' aime beaucoup ne sont probablement pas retirées <eos>,13,retirées,retirés,11,F,S,retirées,-8.133919,retirés,-10.1316395,1
1843,P_NOUN_8_PASS_b,F,P,les colles avec la poubelle que j' aime beaucoup ne sont probablement pas tombées <eos>,13,tombées,tombés,11,F,S,tombées,-7.9183006,tombés,-9.054411,1
1844,P_NOUN_8_PASS_b,F,P,les colles avec la poubelle que j' aime beaucoup ne sont probablement pas utilisées <eos>,13,utilisées,utilisés,11,F,S,utilisées,-4.711795,utilisés,-6.0989885,1
1845,P_NOUN_8_PASS_b,F,P,les colles avec la chemise que j' aime beaucoup ne sont probablement pas achetées <eos>,13,achetées,achetés,11,F,S,achetées,-11.216664,achetés,-10.717409,0
1846,P_NOUN_8_PASS_b,F,P,les colles avec la chemise que j' aime beaucoup ne sont probablement pas brisées <eos>,13,brisées,brisés,11,F,S,brisées,-9.483092,brisés,-12.761855,1
1847,P_NOUN_8_PASS_b,F,P,les colles avec la chemise que j' aime beaucoup ne sont probablement pas cachées <eos>,13,cachées,cachés,11,F,S,cachées,-8.438875,cachés,-9.808577,1
1848,P_NOUN_8_PASS_b,F,P,les colles avec la chemise que j' aime beaucoup ne sont probablement pas cassées <eos>,13,cassées,cassés,11,F,S,cassées,-8.368164,cassés,-10.079819,1
1849,P_NOUN_8_PASS_b,F,P,les colles avec la chemise que j' aime beaucoup ne sont probablement pas couvertes <eos>,13,couvertes,couverts,11,F,S,couvertes,-7.268567,couverts,-8.531231,1
1850,P_NOUN_8_PASS_b,F,P,les colles avec la chemise que j' aime beaucoup ne sont probablement pas déformées <eos>,13,déformées,déformés,11,F,S,déformées,-7.9712796,déformés,-13.612096,1
1851,P_NOUN_8_PASS_b,F,P,les colles avec la chemise que j' aime beaucoup ne sont probablement pas fixées <eos>,13,fixées,fixés,11,F,S,fixées,-8.169292,fixés,-9.730644,1
1852,P_NOUN_8_PASS_b,F,P,les colles avec la chemise que j' aime beaucoup ne sont probablement pas jetées <eos>,13,jetées,jetés,11,F,S,jetées,-9.11133,jetés,-10.302809,1
1853,P_NOUN_8_PASS_b,F,P,les colles avec la chemise que j' aime beaucoup ne sont probablement pas laissées <eos>,13,laissées,laissés,11,F,S,laissées,-8.030859,laissés,-10.780752,1
1854,P_NOUN_8_PASS_b,F,P,les colles avec la chemise que j' aime beaucoup ne sont probablement pas ouvertes <eos>,13,ouvertes,ouverts,11,F,S,ouvertes,-7.674993,ouverts,-9.376783,1
1855,P_NOUN_8_PASS_b,F,P,les colles avec la chemise que j' aime beaucoup ne sont probablement pas perdues <eos>,13,perdues,perdus,11,F,S,perdues,-8.232963,perdus,-9.259535,1
1856,P_NOUN_8_PASS_b,F,P,les colles avec la chemise que j' aime beaucoup ne sont probablement pas réparées <eos>,13,réparées,réparés,11,F,S,réparées,-9.416395,réparés,-12.371304,1
1857,P_NOUN_8_PASS_b,F,P,les colles avec la chemise que j' aime beaucoup ne sont probablement pas retirées <eos>,13,retirées,retirés,11,F,S,retirées,-8.369777,retirés,-10.079177,1
1858,P_NOUN_8_PASS_b,F,P,les colles avec la chemise que j' aime beaucoup ne sont probablement pas tombées <eos>,13,tombées,tombés,11,F,S,tombées,-8.166825,tombés,-8.712521,1
1859,P_NOUN_8_PASS_b,F,P,les colles avec la chemise que j' aime beaucoup ne sont probablement pas utilisées <eos>,13,utilisées,utilisés,11,F,S,utilisées,-4.596134,utilisés,-5.9572744,1
1860,P_NOUN_8_PASS_b,F,P,les colles avec la recette que j' aime beaucoup ne sont probablement pas achetées <eos>,13,achetées,achetés,11,F,S,achetées,-11.268836,achetés,-10.485997,0
1861,P_NOUN_8_PASS_b,F,P,les colles avec la recette que j' aime beaucoup ne sont probablement pas brisées <eos>,13,brisées,brisés,11,F,S,brisées,-10.225619,brisés,-13.641431,1
1862,P_NOUN_8_PASS_b,F,P,les colles avec la recette que j' aime beaucoup ne sont probablement pas cachées <eos>,13,cachées,cachés,11,F,S,cachées,-9.125999,cachés,-10.370428,1
1863,P_NOUN_8_PASS_b,F,P,les colles avec la recette que j' aime beaucoup ne sont probablement pas cassées <eos>,13,cassées,cassés,11,F,S,cassées,-9.4140415,cassés,-10.559959,1
1864,P_NOUN_8_PASS_b,F,P,les colles avec la recette que j' aime beaucoup ne sont probablement pas couvertes <eos>,13,couvertes,couverts,11,F,S,couvertes,-7.838248,couverts,-8.544586,1
1865,P_NOUN_8_PASS_b,F,P,les colles avec la recette que j' aime beaucoup ne sont probablement pas déformées <eos>,13,déformées,déformés,11,F,S,déformées,-8.507722,déformés,-13.7986765,1
1866,P_NOUN_8_PASS_b,F,P,les colles avec la recette que j' aime beaucoup ne sont probablement pas fixées <eos>,13,fixées,fixés,11,F,S,fixées,-8.527332,fixés,-10.005952,1
1867,P_NOUN_8_PASS_b,F,P,les colles avec la recette que j' aime beaucoup ne sont probablement pas jetées <eos>,13,jetées,jetés,11,F,S,jetées,-10.130288,jetés,-11.501238,1
1868,P_NOUN_8_PASS_b,F,P,les colles avec la recette que j' aime beaucoup ne sont probablement pas laissées <eos>,13,laissées,laissés,11,F,S,laissées,-7.90205,laissés,-11.187063,1
1869,P_NOUN_8_PASS_b,F,P,les colles avec la recette que j' aime beaucoup ne sont probablement pas ouvertes <eos>,13,ouvertes,ouverts,11,F,S,ouvertes,-7.8975296,ouverts,-9.507442,1
1870,P_NOUN_8_PASS_b,F,P,les colles avec la recette que j' aime beaucoup ne sont probablement pas perdues <eos>,13,perdues,perdus,11,F,S,perdues,-8.15234,perdus,-9.381525,1
1871,P_NOUN_8_PASS_b,F,P,les colles avec la recette que j' aime beaucoup ne sont probablement pas réparées <eos>,13,réparées,réparés,11,F,S,réparées,-9.477405,réparés,-12.51688,1
1872,P_NOUN_8_PASS_b,F,P,les colles avec la recette que j' aime beaucoup ne sont probablement pas retirées <eos>,13,retirées,retirés,11,F,S,retirées,-8.757689,retirés,-10.437158,1
1873,P_NOUN_8_PASS_b,F,P,les colles avec la recette que j' aime beaucoup ne sont probablement pas tombées <eos>,13,tombées,tombés,11,F,S,tombées,-8.411386,tombés,-9.480423,1
1874,P_NOUN_8_PASS_b,F,P,les colles avec la recette que j' aime beaucoup ne sont probablement pas utilisées <eos>,13,utilisées,utilisés,11,F,S,utilisées,-4.908455,utilisés,-6.358094,1
1875,P_NOUN_8_PASS_b,F,P,les colles avec la jupe que j' aime beaucoup ne sont probablement pas achetées <eos>,13,achetées,achetés,11,F,S,achetées,-11.320344,achetés,-10.779452,0
1876,P_NOUN_8_PASS_b,F,P,les colles avec la jupe que j' aime beaucoup ne sont probablement pas brisées <eos>,13,brisées,brisés,11,F,S,brisées,-9.644453,brisés,-12.953692,1
1877,P_NOUN_8_PASS_b,F,P,les colles avec la jupe que j' aime beaucoup ne sont probablement pas cachées <eos>,13,cachées,cachés,11,F,S,cachées,-8.704729,cachés,-10.196273,1
1878,P_NOUN_8_PASS_b,F,P,les colles avec la jupe que j' aime beaucoup ne sont probablement pas cassées <eos>,13,cassées,cassés,11,F,S,cassées,-8.42783,cassés,-10.134609,1
1879,P_NOUN_8_PASS_b,F,P,les colles avec la jupe que j' aime beaucoup ne sont probablement pas couvertes <eos>,13,couvertes,couverts,11,F,S,couvertes,-7.3027096,couverts,-8.56124,1
1880,P_NOUN_8_PASS_b,F,P,les colles avec la jupe que j' aime beaucoup ne sont probablement pas déformées <eos>,13,déformées,déformés,11,F,S,déformées,-7.589387,déformés,-13.384955,1
1881,P_NOUN_8_PASS_b,F,P,les colles avec la jupe que j' aime beaucoup ne sont probablement pas fixées <eos>,13,fixées,fixés,11,F,S,fixées,-7.980769,fixés,-9.777512,1
1882,P_NOUN_8_PASS_b,F,P,les colles avec la jupe que j' aime beaucoup ne sont probablement pas jetées <eos>,13,jetées,jetés,11,F,S,jetées,-9.382172,jetés,-10.739254,1
1883,P_NOUN_8_PASS_b,F,P,les colles avec la jupe que j' aime beaucoup ne sont probablement pas laissées <eos>,13,laissées,laissés,11,F,S,laissées,-7.9162984,laissés,-11.090426,1
1884,P_NOUN_8_PASS_b,F,P,les colles avec la jupe que j' aime beaucoup ne sont probablement pas ouvertes <eos>,13,ouvertes,ouverts,11,F,S,ouvertes,-7.642652,ouverts,-9.303333,1
1885,P_NOUN_8_PASS_b,F,P,les colles avec la jupe que j' aime beaucoup ne sont probablement pas perdues <eos>,13,perdues,perdus,11,F,S,perdues,-8.380984,perdus,-9.71175,1
1886,P_NOUN_8_PASS_b,F,P,les colles avec la jupe que j' aime beaucoup ne sont probablement pas réparées <eos>,13,réparées,réparés,11,F,S,réparées,-9.256688,réparés,-12.641968,1
1887,P_NOUN_8_PASS_b,F,P,les colles avec la jupe que j' aime beaucoup ne sont probablement pas retirées <eos>,13,retirées,retirés,11,F,S,retirées,-8.4043865,retirés,-10.428007,1
1888,P_NOUN_8_PASS_b,F,P,les colles avec la jupe que j' aime beaucoup ne sont probablement pas tombées <eos>,13,tombées,tombés,11,F,S,tombées,-8.2144985,tombés,-9.37508,1
1889,P_NOUN_8_PASS_b,F,P,les colles avec la jupe que j' aime beaucoup ne sont probablement pas utilisées <eos>,13,utilisées,utilisés,11,F,S,utilisées,-4.6730857,utilisés,-6.230991,1
1890,P_NOUN_8_PASS_b,F,P,les colles avec la colle que j' aime beaucoup ne sont probablement pas achetées <eos>,13,achetées,achetés,11,F,S,achetées,-11.145041,achetés,-10.152593,0
1891,P_NOUN_8_PASS_b,F,P,les colles avec la colle que j' aime beaucoup ne sont probablement pas brisées <eos>,13,brisées,brisés,11,F,S,brisées,-9.508232,brisés,-12.855222,1
1892,P_NOUN_8_PASS_b,F,P,les colles avec la colle que j' aime beaucoup ne sont probablement pas cachées <eos>,13,cachées,cachés,11,F,S,cachées,-8.857178,cachés,-9.686506,1
1893,P_NOUN_8_PASS_b,F,P,les colles avec la colle que j' aime beaucoup ne sont probablement pas cassées <eos>,13,cassées,cassés,11,F,S,cassées,-8.576783,cassés,-9.889528,1
1894,P_NOUN_8_PASS_b,F,P,les colles avec la colle que j' aime beaucoup ne sont probablement pas couvertes <eos>,13,couvertes,couverts,11,F,S,couvertes,-7.4613924,couverts,-8.481705,1
1895,P_NOUN_8_PASS_b,F,P,les colles avec la colle que j' aime beaucoup ne sont probablement pas déformées <eos>,13,déformées,déformés,11,F,S,déformées,-7.946164,déformés,-13.707635,1
1896,P_NOUN_8_PASS_b,F,P,les colles avec la colle que j' aime beaucoup ne sont probablement pas fixées <eos>,13,fixées,fixés,11,F,S,fixées,-8.274942,fixés,-9.7530575,1
1897,P_NOUN_8_PASS_b,F,P,les colles avec la colle que j' aime beaucoup ne sont probablement pas jetées <eos>,13,jetées,jetés,11,F,S,jetées,-9.211561,jetés,-10.317977,1
1898,P_NOUN_8_PASS_b,F,P,les colles avec la colle que j' aime beaucoup ne sont probablement pas laissées <eos>,13,laissées,laissés,11,F,S,laissées,-7.6460776,laissés,-10.71988,1
1899,P_NOUN_8_PASS_b,F,P,les colles avec la colle que j' aime beaucoup ne sont probablement pas ouvertes <eos>,13,ouvertes,ouverts,11,F,S,ouvertes,-8.0428505,ouverts,-9.622214,1
1900,P_NOUN_8_PASS_b,F,P,les colles avec la colle que j' aime beaucoup ne sont probablement pas perdues <eos>,13,perdues,perdus,11,F,S,perdues,-7.926811,perdus,-9.035061,1
1901,P_NOUN_8_PASS_b,F,P,les colles avec la colle que j' aime beaucoup ne sont probablement pas réparées <eos>,13,réparées,réparés,11,F,S,réparées,-9.121766,réparés,-12.091514,1
1902,P_NOUN_8_PASS_b,F,P,les colles avec la colle que j' aime beaucoup ne sont probablement pas retirées <eos>,13,retirées,retirés,11,F,S,retirées,-8.249065,retirés,-9.903241,1
1903,P_NOUN_8_PASS_b,F,P,les colles avec la colle que j' aime beaucoup ne sont probablement pas tombées <eos>,13,tombées,tombés,11,F,S,tombées,-8.037018,tombés,-9.276909,1
1904,P_NOUN_8_PASS_b,F,P,les colles avec la colle que j' aime beaucoup ne sont probablement pas utilisées <eos>,13,utilisées,utilisés,11,F,S,utilisées,-4.454951,utilisés,-5.8487687,1
1905,P_NOUN_8_PASS_b,F,P,les colles avec la lampe que j' aime beaucoup ne sont probablement pas achetées <eos>,13,achetées,achetés,11,F,S,achetées,-11.098444,achetés,-10.684219,0
1906,P_NOUN_8_PASS_b,F,P,les colles avec la lampe que j' aime beaucoup ne sont probablement pas brisées <eos>,13,brisées,brisés,11,F,S,brisées,-9.06473,brisés,-12.639899,1
1907,P_NOUN_8_PASS_b,F,P,les colles avec la lampe que j' aime beaucoup ne sont probablement pas cachées <eos>,13,cachées,cachés,11,F,S,cachées,-8.438395,cachés,-9.640451,1
1908,P_NOUN_8_PASS_b,F,P,les colles avec la lampe que j' aime beaucoup ne sont probablement pas cassées <eos>,13,cassées,cassés,11,F,S,cassées,-8.388361,cassés,-10.270694,1
1909,P_NOUN_8_PASS_b,F,P,les colles avec la lampe que j' aime beaucoup ne sont probablement pas couvertes <eos>,13,couvertes,couverts,11,F,S,couvertes,-7.599302,couverts,-8.934185,1
1910,P_NOUN_8_PASS_b,F,P,les colles avec la lampe que j' aime beaucoup ne sont probablement pas déformées <eos>,13,déformées,déformés,11,F,S,déformées,-7.352207,déformés,-13.016134,1
1911,P_NOUN_8_PASS_b,F,P,les colles avec la lampe que j' aime beaucoup ne sont probablement pas fixées <eos>,13,fixées,fixés,11,F,S,fixées,-7.7320375,fixés,-9.614974,1
1912,P_NOUN_8_PASS_b,F,P,les colles avec la lampe que j' aime beaucoup ne sont probablement pas jetées <eos>,13,jetées,jetés,11,F,S,jetées,-8.556753,jetés,-9.826801,1
1913,P_NOUN_8_PASS_b,F,P,les colles avec la lampe que j' aime beaucoup ne sont probablement pas laissées <eos>,13,laissées,laissés,11,F,S,laissées,-7.6073117,laissés,-10.851931,1
1914,P_NOUN_8_PASS_b,F,P,les colles avec la lampe que j' aime beaucoup ne sont probablement pas ouvertes <eos>,13,ouvertes,ouverts,11,F,S,ouvertes,-7.826522,ouverts,-9.791,1
1915,P_NOUN_8_PASS_b,F,P,les colles avec la lampe que j' aime beaucoup ne sont probablement pas perdues <eos>,13,perdues,perdus,11,F,S,perdues,-7.6135845,perdus,-8.93277,1
1916,P_NOUN_8_PASS_b,F,P,les colles avec la lampe que j' aime beaucoup ne sont probablement pas réparées <eos>,13,réparées,réparés,11,F,S,réparées,-8.786519,réparés,-12.092362,1
1917,P_NOUN_8_PASS_b,F,P,les colles avec la lampe que j' aime beaucoup ne sont probablement pas retirées <eos>,13,retirées,retirés,11,F,S,retirées,-7.7995977,retirés,-9.937892,1
1918,P_NOUN_8_PASS_b,F,P,les colles avec la lampe que j' aime beaucoup ne sont probablement pas tombées <eos>,13,tombées,tombés,11,F,S,tombées,-7.7222795,tombés,-9.323594,1
1919,P_NOUN_8_PASS_b,F,P,les colles avec la lampe que j' aime beaucoup ne sont probablement pas utilisées <eos>,13,utilisées,utilisés,11,F,S,utilisées,-4.381475,utilisés,-5.925616,1
1920,P_NOUN_8_PASS_b,F,P,les colles avec la bouteille que j' aime beaucoup ne sont probablement pas achetées <eos>,13,achetées,achetés,11,F,S,achetées,-10.56159,achetés,-10.228478,0
1921,P_NOUN_8_PASS_b,F,P,les colles avec la bouteille que j' aime beaucoup ne sont probablement pas brisées <eos>,13,brisées,brisés,11,F,S,brisées,-9.696257,brisés,-13.11688,1
1922,P_NOUN_8_PASS_b,F,P,les colles avec la bouteille que j' aime beaucoup ne sont probablement pas cachées <eos>,13,cachées,cachés,11,F,S,cachées,-8.884428,cachés,-10.054231,1
1923,P_NOUN_8_PASS_b,F,P,les colles avec la bouteille que j' aime beaucoup ne sont probablement pas cassées <eos>,13,cassées,cassés,11,F,S,cassées,-8.783123,cassés,-10.260239,1
1924,P_NOUN_8_PASS_b,F,P,les colles avec la bouteille que j' aime beaucoup ne sont probablement pas couvertes <eos>,13,couvertes,couverts,11,F,S,couvertes,-7.563402,couverts,-8.578439,1
1925,P_NOUN_8_PASS_b,F,P,les colles avec la bouteille que j' aime beaucoup ne sont probablement pas déformées <eos>,13,déformées,déformés,11,F,S,déformées,-8.044537,déformés,-13.547716,1
1926,P_NOUN_8_PASS_b,F,P,les colles avec la bouteille que j' aime beaucoup ne sont probablement pas fixées <eos>,13,fixées,fixés,11,F,S,fixées,-8.591335,fixés,-9.777526,1
1927,P_NOUN_8_PASS_b,F,P,les colles avec la bouteille que j' aime beaucoup ne sont probablement pas jetées <eos>,13,jetées,jetés,11,F,S,jetées,-9.732341,jetés,-10.646791,1
1928,P_NOUN_8_PASS_b,F,P,les colles avec la bouteille que j' aime beaucoup ne sont probablement pas laissées <eos>,13,laissées,laissés,11,F,S,laissées,-7.2972975,laissés,-10.832026,1
1929,P_NOUN_8_PASS_b,F,P,les colles avec la bouteille que j' aime beaucoup ne sont probablement pas ouvertes <eos>,13,ouvertes,ouverts,11,F,S,ouvertes,-7.7331963,ouverts,-9.385955,1
1930,P_NOUN_8_PASS_b,F,P,les colles avec la bouteille que j' aime beaucoup ne sont probablement pas perdues <eos>,13,perdues,perdus,11,F,S,perdues,-7.98221,perdus,-9.033811,1
1931,P_NOUN_8_PASS_b,F,P,les colles avec la bouteille que j' aime beaucoup ne sont probablement pas réparées <eos>,13,réparées,réparés,11,F,S,réparées,-8.839481,réparés,-12.109738,1
1932,P_NOUN_8_PASS_b,F,P,les colles avec la bouteille que j' aime beaucoup ne sont probablement pas retirées <eos>,13,retirées,retirés,11,F,S,retirées,-8.265507,retirés,-10.285531,1
1933,P_NOUN_8_PASS_b,F,P,les colles avec la bouteille que j' aime beaucoup ne sont probablement pas tombées <eos>,13,tombées,tombés,11,F,S,tombées,-8.212479,tombés,-9.521608,1
1934,P_NOUN_8_PASS_b,F,P,les colles avec la bouteille que j' aime beaucoup ne sont probablement pas utilisées <eos>,13,utilisées,utilisés,11,F,S,utilisées,-4.8242993,utilisés,-6.3328633,1
1935,P_NOUN_8_PASS_b,F,P,les colles avec la boisson que j' aime beaucoup ne sont probablement pas achetées <eos>,13,achetées,achetés,11,F,S,achetées,-11.214124,achetés,-10.175775,0
1936,P_NOUN_8_PASS_b,F,P,les colles avec la boisson que j' aime beaucoup ne sont probablement pas brisées <eos>,13,brisées,brisés,11,F,S,brisées,-9.9999,brisés,-13.508658,1
1937,P_NOUN_8_PASS_b,F,P,les colles avec la boisson que j' aime beaucoup ne sont probablement pas cachées <eos>,13,cachées,cachés,11,F,S,cachées,-8.830506,cachés,-10.108471,1
1938,P_NOUN_8_PASS_b,F,P,les colles avec la boisson que j' aime beaucoup ne sont probablement pas cassées <eos>,13,cassées,cassés,11,F,S,cassées,-9.164995,cassés,-10.364164,1
1939,P_NOUN_8_PASS_b,F,P,les colles avec la boisson que j' aime beaucoup ne sont probablement pas couvertes <eos>,13,couvertes,couverts,11,F,S,couvertes,-7.8265514,couverts,-8.462043,1
1940,P_NOUN_8_PASS_b,F,P,les colles avec la boisson que j' aime beaucoup ne sont probablement pas déformées <eos>,13,déformées,déformés,11,F,S,déformées,-8.610707,déformés,-13.789597,1
1941,P_NOUN_8_PASS_b,F,P,les colles avec la boisson que j' aime beaucoup ne sont probablement pas fixées <eos>,13,fixées,fixés,11,F,S,fixées,-8.672163,fixés,-9.886159,1
1942,P_NOUN_8_PASS_b,F,P,les colles avec la boisson que j' aime beaucoup ne sont probablement pas jetées <eos>,13,jetées,jetés,11,F,S,jetées,-9.884503,jetés,-10.993163,1
1943,P_NOUN_8_PASS_b,F,P,les colles avec la boisson que j' aime beaucoup ne sont probablement pas laissées <eos>,13,laissées,laissés,11,F,S,laissées,-7.8713007,laissés,-10.891794,1
1944,P_NOUN_8_PASS_b,F,P,les colles avec la boisson que j' aime beaucoup ne sont probablement pas ouvertes <eos>,13,ouvertes,ouverts,11,F,S,ouvertes,-8.208345,ouverts,-9.634923,1
1945,P_NOUN_8_PASS_b,F,P,les colles avec la boisson que j' aime beaucoup ne sont probablement pas perdues <eos>,13,perdues,perdus,11,F,S,perdues,-8.334851,perdus,-9.40823,1
1946,P_NOUN_8_PASS_b,F,P,les colles avec la boisson que j' aime beaucoup ne sont probablement pas réparées <eos>,13,réparées,réparés,11,F,S,réparées,-9.79732,réparés,-12.606388,1
1947,P_NOUN_8_PASS_b,F,P,les colles avec la boisson que j' aime beaucoup ne sont probablement pas retirées <eos>,13,retirées,retirés,11,F,S,retirées,-8.741241,retirés,-10.389048,1
1948,P_NOUN_8_PASS_b,F,P,les colles avec la boisson que j' aime beaucoup ne sont probablement pas tombées <eos>,13,tombées,tombés,11,F,S,tombées,-8.212021,tombés,-9.112721,1
1949,P_NOUN_8_PASS_b,F,P,les colles avec la boisson que j' aime beaucoup ne sont probablement pas utilisées <eos>,13,utilisées,utilisés,11,F,S,utilisées,-5.0409145,utilisés,-6.353203,1
1950,P_NOUN_8_PASS_b,F,P,les colles avec la pomme que j' aime beaucoup ne sont probablement pas achetées <eos>,13,achetées,achetés,11,F,S,achetées,-10.51962,achetés,-9.856234,0
1951,P_NOUN_8_PASS_b,F,P,les colles avec la pomme que j' aime beaucoup ne sont probablement pas brisées <eos>,13,brisées,brisés,11,F,S,brisées,-9.752159,brisés,-13.161333,1
1952,P_NOUN_8_PASS_b,F,P,les colles avec la pomme que j' aime beaucoup ne sont probablement pas cachées <eos>,13,cachées,cachés,11,F,S,cachées,-8.824498,cachés,-10.003099,1
1953,P_NOUN_8_PASS_b,F,P,les colles avec la pomme que j' aime beaucoup ne sont probablement pas cassées <eos>,13,cassées,cassés,11,F,S,cassées,-8.734336,cassés,-9.700094,1
1954,P_NOUN_8_PASS_b,F,P,les colles avec la pomme que j' aime beaucoup ne sont probablement pas couvertes <eos>,13,couvertes,couverts,11,F,S,couvertes,-7.371258,couverts,-8.204013,1
1955,P_NOUN_8_PASS_b,F,P,les colles avec la pomme que j' aime beaucoup ne sont probablement pas déformées <eos>,13,déformées,déformés,11,F,S,déformées,-8.305856,déformés,-14.046463,1
1956,P_NOUN_8_PASS_b,F,P,les colles avec la pomme que j' aime beaucoup ne sont probablement pas fixées <eos>,13,fixées,fixés,11,F,S,fixées,-8.494272,fixés,-9.637706,1
1957,P_NOUN_8_PASS_b,F,P,les colles avec la pomme que j' aime beaucoup ne sont probablement pas jetées <eos>,13,jetées,jetés,11,F,S,jetées,-9.665979,jetés,-10.949622,1
1958,P_NOUN_8_PASS_b,F,P,les colles avec la pomme que j' aime beaucoup ne sont probablement pas laissées <eos>,13,laissées,laissés,11,F,S,laissées,-7.603981,laissés,-10.605008,1
1959,P_NOUN_8_PASS_b,F,P,les colles avec la pomme que j' aime beaucoup ne sont probablement pas ouvertes <eos>,13,ouvertes,ouverts,11,F,S,ouvertes,-7.881555,ouverts,-9.560601,1
1960,P_NOUN_8_PASS_b,F,P,les colles avec la pomme que j' aime beaucoup ne sont probablement pas perdues <eos>,13,perdues,perdus,11,F,S,perdues,-7.8615656,perdus,-9.217772,1
1961,P_NOUN_8_PASS_b,F,P,les colles avec la pomme que j' aime beaucoup ne sont probablement pas réparées <eos>,13,réparées,réparés,11,F,S,réparées,-9.43106,réparés,-12.451663,1
1962,P_NOUN_8_PASS_b,F,P,les colles avec la pomme que j' aime beaucoup ne sont probablement pas retirées <eos>,13,retirées,retirés,11,F,S,retirées,-8.397475,retirés,-10.087211,1
1963,P_NOUN_8_PASS_b,F,P,les colles avec la pomme que j' aime beaucoup ne sont probablement pas tombées <eos>,13,tombées,tombés,11,F,S,tombées,-7.9226656,tombés,-9.081688,1
1964,P_NOUN_8_PASS_b,F,P,les colles avec la pomme que j' aime beaucoup ne sont probablement pas utilisées <eos>,13,utilisées,utilisés,11,F,S,utilisées,-4.492777,utilisés,-5.9899597,1
1965,P_NOUN_8_PASS_b,F,P,les colles avec la tasse que j' aime beaucoup ne sont probablement pas achetées <eos>,13,achetées,achetés,11,F,S,achetées,-10.499318,achetés,-10.09528,0
1966,P_NOUN_8_PASS_b,F,P,les colles avec la tasse que j' aime beaucoup ne sont probablement pas brisées <eos>,13,brisées,brisés,11,F,S,brisées,-9.49449,brisés,-12.980057,1
1967,P_NOUN_8_PASS_b,F,P,les colles avec la tasse que j' aime beaucoup ne sont probablement pas cachées <eos>,13,cachées,cachés,11,F,S,cachées,-8.510123,cachés,-10.128278,1
1968,P_NOUN_8_PASS_b,F,P,les colles avec la tasse que j' aime beaucoup ne sont probablement pas cassées <eos>,13,cassées,cassés,11,F,S,cassées,-8.551492,cassés,-10.095431,1
1969,P_NOUN_8_PASS_b,F,P,les colles avec la tasse que j' aime beaucoup ne sont probablement pas couvertes <eos>,13,couvertes,couverts,11,F,S,couvertes,-7.2123437,couverts,-8.18055,1
1970,P_NOUN_8_PASS_b,F,P,les colles avec la tasse que j' aime beaucoup ne sont probablement pas déformées <eos>,13,déformées,déformés,11,F,S,déformées,-8.442503,déformés,-13.527895,1
1971,P_NOUN_8_PASS_b,F,P,les colles avec la tasse que j' aime beaucoup ne sont probablement pas fixées <eos>,13,fixées,fixés,11,F,S,fixées,-8.670472,fixés,-10.004195,1
1972,P_NOUN_8_PASS_b,F,P,les colles avec la tasse que j' aime beaucoup ne sont probablement pas jetées <eos>,13,jetées,jetés,11,F,S,jetées,-9.419589,jetés,-10.613891,1
1973,P_NOUN_8_PASS_b,F,P,les colles avec la tasse que j' aime beaucoup ne sont probablement pas laissées <eos>,13,laissées,laissés,11,F,S,laissées,-7.3436675,laissés,-10.549963,1
1974,P_NOUN_8_PASS_b,F,P,les colles avec la tasse que j' aime beaucoup ne sont probablement pas ouvertes <eos>,13,ouvertes,ouverts,11,F,S,ouvertes,-7.3633184,ouverts,-8.966238,1
1975,P_NOUN_8_PASS_b,F,P,les colles avec la tasse que j' aime beaucoup ne sont probablement pas perdues <eos>,13,perdues,perdus,11,F,S,perdues,-8.198774,perdus,-9.436719,1
1976,P_NOUN_8_PASS_b,F,P,les colles avec la tasse que j' aime beaucoup ne sont probablement pas réparées <eos>,13,réparées,réparés,11,F,S,réparées,-8.928325,réparés,-12.09342,1
1977,P_NOUN_8_PASS_b,F,P,les colles avec la tasse que j' aime beaucoup ne sont probablement pas retirées <eos>,13,retirées,retirés,11,F,S,retirées,-8.5044365,retirés,-10.437997,1
1978,P_NOUN_8_PASS_b,F,P,les colles avec la tasse que j' aime beaucoup ne sont probablement pas tombées <eos>,13,tombées,tombés,11,F,S,tombées,-8.147909,tombés,-9.322773,1
1979,P_NOUN_8_PASS_b,F,P,les colles avec la tasse que j' aime beaucoup ne sont probablement pas utilisées <eos>,13,utilisées,utilisés,11,F,S,utilisées,-5.1449876,utilisés,-6.7692266,1
1980,P_NOUN_8_PASS_b,F,P,les colles avec la bougie que j' aime beaucoup ne sont probablement pas achetées <eos>,13,achetées,achetés,11,F,S,achetées,-10.862504,achetés,-10.562604,0
1981,P_NOUN_8_PASS_b,F,P,les colles avec la bougie que j' aime beaucoup ne sont probablement pas brisées <eos>,13,brisées,brisés,11,F,S,brisées,-9.501222,brisés,-12.784333,1
1982,P_NOUN_8_PASS_b,F,P,les colles avec la bougie que j' aime beaucoup ne sont probablement pas cachées <eos>,13,cachées,cachés,11,F,S,cachées,-8.701261,cachés,-9.830355,1
1983,P_NOUN_8_PASS_b,F,P,les colles avec la bougie que j' aime beaucoup ne sont probablement pas cassées <eos>,13,cassées,cassés,11,F,S,cassées,-8.42544,cassés,-10.276485,1
1984,P_NOUN_8_PASS_b,F,P,les colles avec la bougie que j' aime beaucoup ne sont probablement pas couvertes <eos>,13,couvertes,couverts,11,F,S,couvertes,-7.6713486,couverts,-8.759703,1
1985,P_NOUN_8_PASS_b,F,P,les colles avec la bougie que j' aime beaucoup ne sont probablement pas déformées <eos>,13,déformées,déformés,11,F,S,déformées,-7.8950415,déformés,-13.305718,1
1986,P_NOUN_8_PASS_b,F,P,les colles avec la bougie que j' aime beaucoup ne sont probablement pas fixées <eos>,13,fixées,fixés,11,F,S,fixées,-8.10883,fixés,-9.644297,1
1987,P_NOUN_8_PASS_b,F,P,les colles avec la bougie que j' aime beaucoup ne sont probablement pas jetées <eos>,13,jetées,jetés,11,F,S,jetées,-9.248365,jetés,-10.295496,1
1988,P_NOUN_8_PASS_b,F,P,les colles avec la bougie que j' aime beaucoup ne sont probablement pas laissées <eos>,13,laissées,laissés,11,F,S,laissées,-7.581979,laissés,-10.737599,1
1989,P_NOUN_8_PASS_b,F,P,les colles avec la bougie que j' aime beaucoup ne sont probablement pas ouvertes <eos>,13,ouvertes,ouverts,11,F,S,ouvertes,-7.912194,ouverts,-9.602509,1
1990,P_NOUN_8_PASS_b,F,P,les colles avec la bougie que j' aime beaucoup ne sont probablement pas perdues <eos>,13,perdues,perdus,11,F,S,perdues,-7.706277,perdus,-8.951688,1
1991,P_NOUN_8_PASS_b,F,P,les colles avec la bougie que j' aime beaucoup ne sont probablement pas réparées <eos>,13,réparées,réparés,11,F,S,réparées,-8.77694,réparés,-12.010476,1
1992,P_NOUN_8_PASS_b,F,P,les colles avec la bougie que j' aime beaucoup ne sont probablement pas retirées <eos>,13,retirées,retirés,11,F,S,retirées,-7.963772,retirés,-10.156215,1
1993,P_NOUN_8_PASS_b,F,P,les colles avec la bougie que j' aime beaucoup ne sont probablement pas tombées <eos>,13,tombées,tombés,11,F,S,tombées,-7.802364,tombés,-9.019932,1
1994,P_NOUN_8_PASS_b,F,P,les colles avec la bougie que j' aime beaucoup ne sont probablement pas utilisées <eos>,13,utilisées,utilisés,11,F,S,utilisées,-4.6799374,utilisés,-6.151449,1
1995,P_NOUN_8_PASS_b,F,P,les colles avec la pochette que j' aime beaucoup ne sont probablement pas achetées <eos>,13,achetées,achetés,11,F,S,achetées,-10.384586,achetés,-11.051113,1
1996,P_NOUN_8_PASS_b,F,P,les colles avec la pochette que j' aime beaucoup ne sont probablement pas brisées <eos>,13,brisées,brisés,11,F,S,brisées,-9.191124,brisés,-12.841649,1
1997,P_NOUN_8_PASS_b,F,P,les colles avec la pochette que j' aime beaucoup ne sont probablement pas cachées <eos>,13,cachées,cachés,11,F,S,cachées,-8.532774,cachés,-10.636017,1
1998,P_NOUN_8_PASS_b,F,P,les colles avec la pochette que j' aime beaucoup ne sont probablement pas cassées <eos>,13,cassées,cassés,11,F,S,cassées,-8.561326,cassés,-10.822865,1
1999,P_NOUN_8_PASS_b,F,P,les colles avec la pochette que j' aime beaucoup ne sont probablement pas couvertes <eos>,13,couvertes,couverts,11,F,S,couvertes,-8.313279,couverts,-9.683769,1
2000,P_NOUN_8_PASS_b,F,P,les colles avec la pochette que j' aime beaucoup ne sont probablement pas déformées <eos>,13,déformées,déformés,11,F,S,déformées,-7.744094,déformés,-13.095532,1
2001,P_NOUN_8_PASS_b,F,P,les colles avec la pochette que j' aime beaucoup ne sont probablement pas fixées <eos>,13,fixées,fixés,11,F,S,fixées,-8.062456,fixés,-10.16814,1
2002,P_NOUN_8_PASS_b,F,P,les colles avec la pochette que j' aime beaucoup ne sont probablement pas jetées <eos>,13,jetées,jetés,11,F,S,jetées,-10.029034,jetés,-10.995325,1
2003,P_NOUN_8_PASS_b,F,P,les colles avec la pochette que j' aime beaucoup ne sont probablement pas laissées <eos>,13,laissées,laissés,11,F,S,laissées,-7.779405,laissés,-11.447071,1
2004,P_NOUN_8_PASS_b,F,P,les colles avec la pochette que j' aime beaucoup ne sont probablement pas ouvertes <eos>,13,ouvertes,ouverts,11,F,S,ouvertes,-8.049879,ouverts,-10.333223,1
2005,P_NOUN_8_PASS_b,F,P,les colles avec la pochette que j' aime beaucoup ne sont probablement pas perdues <eos>,13,perdues,perdus,11,F,S,perdues,-7.5854445,perdus,-9.467087,1
2006,P_NOUN_8_PASS_b,F,P,les colles avec la pochette que j' aime beaucoup ne sont probablement pas réparées <eos>,13,réparées,réparés,11,F,S,réparées,-9.469816,réparés,-13.654099,1
2007,P_NOUN_8_PASS_b,F,P,les colles avec la pochette que j' aime beaucoup ne sont probablement pas retirées <eos>,13,retirées,retirés,11,F,S,retirées,-7.966965,retirés,-10.897903,1
2008,P_NOUN_8_PASS_b,F,P,les colles avec la pochette que j' aime beaucoup ne sont probablement pas tombées <eos>,13,tombées,tombés,11,F,S,tombées,-8.164923,tombés,-9.744142,1
2009,P_NOUN_8_PASS_b,F,P,les colles avec la pochette que j' aime beaucoup ne sont probablement pas utilisées <eos>,13,utilisées,utilisés,11,F,S,utilisées,-5.2619886,utilisés,-7.1477365,1
2010,P_NOUN_8_PASS_b,F,P,les colles avec la banane que j' aime beaucoup ne sont probablement pas achetées <eos>,13,achetées,achetés,11,F,S,achetées,-10.984189,achetés,-10.298465,0
2011,P_NOUN_8_PASS_b,F,P,les colles avec la banane que j' aime beaucoup ne sont probablement pas brisées <eos>,13,brisées,brisés,11,F,S,brisées,-9.448,brisés,-13.081556,1
2012,P_NOUN_8_PASS_b,F,P,les colles avec la banane que j' aime beaucoup ne sont probablement pas cachées <eos>,13,cachées,cachés,11,F,S,cachées,-8.954305,cachés,-10.248074,1
2013,P_NOUN_8_PASS_b,F,P,les colles avec la banane que j' aime beaucoup ne sont probablement pas cassées <eos>,13,cassées,cassés,11,F,S,cassées,-8.813021,cassés,-10.346897,1
2014,P_NOUN_8_PASS_b,F,P,les colles avec la banane que j' aime beaucoup ne sont probablement pas couvertes <eos>,13,couvertes,couverts,11,F,S,couvertes,-7.5748568,couverts,-8.643637,1
2015,P_NOUN_8_PASS_b,F,P,les colles avec la banane que j' aime beaucoup ne sont probablement pas déformées <eos>,13,déformées,déformés,11,F,S,déformées,-8.334642,déformés,-13.5828705,1
2016,P_NOUN_8_PASS_b,F,P,les colles avec la banane que j' aime beaucoup ne sont probablement pas fixées <eos>,13,fixées,fixés,11,F,S,fixées,-8.444514,fixés,-9.441685,1
2017,P_NOUN_8_PASS_b,F,P,les colles avec la banane que j' aime beaucoup ne sont probablement pas jetées <eos>,13,jetées,jetés,11,F,S,jetées,-8.389277,jetés,-11.027236,1
2018,P_NOUN_8_PASS_b,F,P,les colles avec la banane que j' aime beaucoup ne sont probablement pas laissées <eos>,13,laissées,laissés,11,F,S,laissées,-7.5677395,laissés,-10.368681,1
2019,P_NOUN_8_PASS_b,F,P,les colles avec la banane que j' aime beaucoup ne sont probablement pas ouvertes <eos>,13,ouvertes,ouverts,11,F,S,ouvertes,-8.409376,ouverts,-9.903405,1
2020,P_NOUN_8_PASS_b,F,P,les colles avec la banane que j' aime beaucoup ne sont probablement pas perdues <eos>,13,perdues,perdus,11,F,S,perdues,-8.154547,perdus,-9.279689,1
2021,P_NOUN_8_PASS_b,F,P,les colles avec la banane que j' aime beaucoup ne sont probablement pas réparées <eos>,13,réparées,réparés,11,F,S,réparées,-9.62828,réparés,-12.074343,1
2022,P_NOUN_8_PASS_b,F,P,les colles avec la banane que j' aime beaucoup ne sont probablement pas retirées <eos>,13,retirées,retirés,11,F,S,retirées,-8.920744,retirés,-10.457235,1
2023,P_NOUN_8_PASS_b,F,P,les colles avec la banane que j' aime beaucoup ne sont probablement pas tombées <eos>,13,tombées,tombés,11,F,S,tombées,-7.7706604,tombés,-9.026788,1
2024,P_NOUN_8_PASS_b,F,P,les colles avec la banane que j' aime beaucoup ne sont probablement pas utilisées <eos>,13,utilisées,utilisés,11,F,S,utilisées,-4.7692695,utilisés,-6.3140244,1
2025,P_NOUN_8_PASS_b,F,P,les colles avec la robe que j' aime beaucoup ne sont probablement pas achetées <eos>,13,achetées,achetés,11,F,S,achetées,-11.558493,achetés,-10.747454,0
2026,P_NOUN_8_PASS_b,F,P,les colles avec la robe que j' aime beaucoup ne sont probablement pas brisées <eos>,13,brisées,brisés,11,F,S,brisées,-9.931106,brisés,-13.554366,1
2027,P_NOUN_8_PASS_b,F,P,les colles avec la robe que j' aime beaucoup ne sont probablement pas cachées <eos>,13,cachées,cachés,11,F,S,cachées,-8.47638,cachés,-10.046033,1
2028,P_NOUN_8_PASS_b,F,P,les colles avec la robe que j' aime beaucoup ne sont probablement pas cassées <eos>,13,cassées,cassés,11,F,S,cassées,-8.985779,cassés,-10.803237,1
2029,P_NOUN_8_PASS_b,F,P,les colles avec la robe que j' aime beaucoup ne sont probablement pas couvertes <eos>,13,couvertes,couverts,11,F,S,couvertes,-7.602586,couverts,-8.65086,1
2030,P_NOUN_8_PASS_b,F,P,les colles avec la robe que j' aime beaucoup ne sont probablement pas déformées <eos>,13,déformées,déformés,11,F,S,déformées,-8.187708,déformés,-13.316874,1
2031,P_NOUN_8_PASS_b,F,P,les colles avec la robe que j' aime beaucoup ne sont probablement pas fixées <eos>,13,fixées,fixés,11,F,S,fixées,-8.6599655,fixés,-10.233589,1
2032,P_NOUN_8_PASS_b,F,P,les colles avec la robe que j' aime beaucoup ne sont probablement pas jetées <eos>,13,jetées,jetés,11,F,S,jetées,-9.771326,jetés,-11.019983,1
2033,P_NOUN_8_PASS_b,F,P,les colles avec la robe que j' aime beaucoup ne sont probablement pas laissées <eos>,13,laissées,laissés,11,F,S,laissées,-8.194935,laissés,-11.094756,1
2034,P_NOUN_8_PASS_b,F,P,les colles avec la robe que j' aime beaucoup ne sont probablement pas ouvertes <eos>,13,ouvertes,ouverts,11,F,S,ouvertes,-7.9019175,ouverts,-9.61092,1
2035,P_NOUN_8_PASS_b,F,P,les colles avec la robe que j' aime beaucoup ne sont probablement pas perdues <eos>,13,perdues,perdus,11,F,S,perdues,-8.454353,perdus,-9.808938,1
2036,P_NOUN_8_PASS_b,F,P,les colles avec la robe que j' aime beaucoup ne sont probablement pas réparées <eos>,13,réparées,réparés,11,F,S,réparées,-9.673485,réparés,-12.417752,1
2037,P_NOUN_8_PASS_b,F,P,les colles avec la robe que j' aime beaucoup ne sont probablement pas retirées <eos>,13,retirées,retirés,11,F,S,retirées,-8.827305,retirés,-10.744179,1
2038,P_NOUN_8_PASS_b,F,P,les colles avec la robe que j' aime beaucoup ne sont probablement pas tombées <eos>,13,tombées,tombés,11,F,S,tombées,-8.0708885,tombés,-8.949159,1
2039,P_NOUN_8_PASS_b,F,P,les colles avec la robe que j' aime beaucoup ne sont probablement pas utilisées <eos>,13,utilisées,utilisés,11,F,S,utilisées,-4.8980207,utilisés,-6.3973885,1
2040,P_NOUN_8_PASS_b,F,P,les colles avec la valise que j' aime beaucoup ne sont probablement pas achetées <eos>,13,achetées,achetés,11,F,S,achetées,-9.692606,achetés,-9.935494,1
2041,P_NOUN_8_PASS_b,F,P,les colles avec la valise que j' aime beaucoup ne sont probablement pas brisées <eos>,13,brisées,brisés,11,F,S,brisées,-9.242419,brisés,-12.877413,1
2042,P_NOUN_8_PASS_b,F,P,les colles avec la valise que j' aime beaucoup ne sont probablement pas cachées <eos>,13,cachées,cachés,11,F,S,cachées,-8.225529,cachés,-9.282389,1
2043,P_NOUN_8_PASS_b,F,P,les colles avec la valise que j' aime beaucoup ne sont probablement pas cassées <eos>,13,cassées,cassés,11,F,S,cassées,-8.641701,cassés,-10.466576,1
2044,P_NOUN_8_PASS_b,F,P,les colles avec la valise que j' aime beaucoup ne sont probablement pas couvertes <eos>,13,couvertes,couverts,11,F,S,couvertes,-7.9955354,couverts,-9.298955,1
2045,P_NOUN_8_PASS_b,F,P,les colles avec la valise que j' aime beaucoup ne sont probablement pas déformées <eos>,13,déformées,déformés,11,F,S,déformées,-7.507597,déformés,-13.705186,1
2046,P_NOUN_8_PASS_b,F,P,les colles avec la valise que j' aime beaucoup ne sont probablement pas fixées <eos>,13,fixées,fixés,11,F,S,fixées,-8.191433,fixés,-9.970708,1
2047,P_NOUN_8_PASS_b,F,P,les colles avec la valise que j' aime beaucoup ne sont probablement pas jetées <eos>,13,jetées,jetés,11,F,S,jetées,-8.8178005,jetés,-9.817446,1
2048,P_NOUN_8_PASS_b,F,P,les colles avec la valise que j' aime beaucoup ne sont probablement pas laissées <eos>,13,laissées,laissés,11,F,S,laissées,-7.402184,laissés,-10.537674,1
2049,P_NOUN_8_PASS_b,F,P,les colles avec la valise que j' aime beaucoup ne sont probablement pas ouvertes <eos>,13,ouvertes,ouverts,11,F,S,ouvertes,-7.80044,ouverts,-9.491453,1
2050,P_NOUN_8_PASS_b,F,P,les colles avec la valise que j' aime beaucoup ne sont probablement pas perdues <eos>,13,perdues,perdus,11,F,S,perdues,-7.350791,perdus,-8.669601,1
2051,P_NOUN_8_PASS_b,F,P,les colles avec la valise que j' aime beaucoup ne sont probablement pas réparées <eos>,13,réparées,réparés,11,F,S,réparées,-9.036971,réparés,-12.951337,1
2052,P_NOUN_8_PASS_b,F,P,les colles avec la valise que j' aime beaucoup ne sont probablement pas retirées <eos>,13,retirées,retirés,11,F,S,retirées,-8.201584,retirés,-9.87416,1
2053,P_NOUN_8_PASS_b,F,P,les colles avec la valise que j' aime beaucoup ne sont probablement pas tombées <eos>,13,tombées,tombés,11,F,S,tombées,-8.284167,tombés,-9.150774,1
2054,P_NOUN_8_PASS_b,F,P,les colles avec la valise que j' aime beaucoup ne sont probablement pas utilisées <eos>,13,utilisées,utilisés,11,F,S,utilisées,-4.575443,utilisés,-6.1420283,1
2055,P_NOUN_8_PASS_b,F,P,les colles avec la pendule que j' aime beaucoup ne sont probablement pas achetées <eos>,13,achetées,achetés,11,F,S,achetées,-11.626947,achetés,-10.757587,0
2056,P_NOUN_8_PASS_b,F,P,les colles avec la pendule que j' aime beaucoup ne sont probablement pas brisées <eos>,13,brisées,brisés,11,F,S,brisées,-9.509043,brisés,-12.830601,1
2057,P_NOUN_8_PASS_b,F,P,les colles avec la pendule que j' aime beaucoup ne sont probablement pas cachées <eos>,13,cachées,cachés,11,F,S,cachées,-8.937413,cachés,-9.879032,1
2058,P_NOUN_8_PASS_b,F,P,les colles avec la pendule que j' aime beaucoup ne sont probablement pas cassées <eos>,13,cassées,cassés,11,F,S,cassées,-8.484278,cassés,-10.456132,1
2059,P_NOUN_8_PASS_b,F,P,les colles avec la pendule que j' aime beaucoup ne sont probablement pas couvertes <eos>,13,couvertes,couverts,11,F,S,couvertes,-7.7373934,couverts,-8.868763,1
2060,P_NOUN_8_PASS_b,F,P,les colles avec la pendule que j' aime beaucoup ne sont probablement pas déformées <eos>,13,déformées,déformés,11,F,S,déformées,-7.5318236,déformés,-13.260038,1
2061,P_NOUN_8_PASS_b,F,P,les colles avec la pendule que j' aime beaucoup ne sont probablement pas fixées <eos>,13,fixées,fixés,11,F,S,fixées,-7.8755436,fixés,-9.498177,1
2062,P_NOUN_8_PASS_b,F,P,les colles avec la pendule que j' aime beaucoup ne sont probablement pas jetées <eos>,13,jetées,jetés,11,F,S,jetées,-8.845692,jetés,-10.169454,1
2063,P_NOUN_8_PASS_b,F,P,les colles avec la pendule que j' aime beaucoup ne sont probablement pas laissées <eos>,13,laissées,laissés,11,F,S,laissées,-7.934867,laissés,-11.098339,1
2064,P_NOUN_8_PASS_b,F,P,les colles avec la pendule que j' aime beaucoup ne sont probablement pas ouvertes <eos>,13,ouvertes,ouverts,11,F,S,ouvertes,-7.95596,ouverts,-9.463068,1
2065,P_NOUN_8_PASS_b,F,P,les colles avec la pendule que j' aime beaucoup ne sont probablement pas perdues <eos>,13,perdues,perdus,11,F,S,perdues,-7.8009458,perdus,-8.840742,1
2066,P_NOUN_8_PASS_b,F,P,les colles avec la pendule que j' aime beaucoup ne sont probablement pas réparées <eos>,13,réparées,réparés,11,F,S,réparées,-9.046995,réparés,-12.060338,1
2067,P_NOUN_8_PASS_b,F,P,les colles avec la pendule que j' aime beaucoup ne sont probablement pas retirées <eos>,13,retirées,retirés,11,F,S,retirées,-8.179522,retirés,-9.975592,1
2068,P_NOUN_8_PASS_b,F,P,les colles avec la pendule que j' aime beaucoup ne sont probablement pas tombées <eos>,13,tombées,tombés,11,F,S,tombées,-8.049391,tombés,-9.360977,1
2069,P_NOUN_8_PASS_b,F,P,les colles avec la pendule que j' aime beaucoup ne sont probablement pas utilisées <eos>,13,utilisées,utilisés,11,F,S,utilisées,-4.4725637,utilisés,-5.7842894,1
2070,P_NOUN_8_PASS_b,F,P,les colles avec la cloche que j' aime beaucoup ne sont probablement pas achetées <eos>,13,achetées,achetés,11,F,S,achetées,-10.941266,achetés,-10.548231,0
2071,P_NOUN_8_PASS_b,F,P,les colles avec la cloche que j' aime beaucoup ne sont probablement pas brisées <eos>,13,brisées,brisés,11,F,S,brisées,-9.461965,brisés,-12.695456,1
2072,P_NOUN_8_PASS_b,F,P,les colles avec la cloche que j' aime beaucoup ne sont probablement pas cachées <eos>,13,cachées,cachés,11,F,S,cachées,-8.557152,cachés,-9.665687,1
2073,P_NOUN_8_PASS_b,F,P,les colles avec la cloche que j' aime beaucoup ne sont probablement pas cassées <eos>,13,cassées,cassés,11,F,S,cassées,-8.577303,cassés,-9.941757,1
2074,P_NOUN_8_PASS_b,F,P,les colles avec la cloche que j' aime beaucoup ne sont probablement pas couvertes <eos>,13,couvertes,couverts,11,F,S,couvertes,-7.6828113,couverts,-8.600454,1
2075,P_NOUN_8_PASS_b,F,P,les colles avec la cloche que j' aime beaucoup ne sont probablement pas déformées <eos>,13,déformées,déformés,11,F,S,déformées,-8.03376,déformés,-13.582899,1
2076,P_NOUN_8_PASS_b,F,P,les colles avec la cloche que j' aime beaucoup ne sont probablement pas fixées <eos>,13,fixées,fixés,11,F,S,fixées,-8.075093,fixés,-9.582195,1
2077,P_NOUN_8_PASS_b,F,P,les colles avec la cloche que j' aime beaucoup ne sont probablement pas jetées <eos>,13,jetées,jetés,11,F,S,jetées,-9.065189,jetés,-9.831619,1
2078,P_NOUN_8_PASS_b,F,P,les colles avec la cloche que j' aime beaucoup ne sont probablement pas laissées <eos>,13,laissées,laissés,11,F,S,laissées,-7.8478627,laissés,-10.607834,1
2079,P_NOUN_8_PASS_b,F,P,les colles avec la cloche que j' aime beaucoup ne sont probablement pas ouvertes <eos>,13,ouvertes,ouverts,11,F,S,ouvertes,-7.8396835,ouverts,-9.750534,1
2080,P_NOUN_8_PASS_b,F,P,les colles avec la cloche que j' aime beaucoup ne sont probablement pas perdues <eos>,13,perdues,perdus,11,F,S,perdues,-7.633583,perdus,-9.044102,1
2081,P_NOUN_8_PASS_b,F,P,les colles avec la cloche que j' aime beaucoup ne sont probablement pas réparées <eos>,13,réparées,réparés,11,F,S,réparées,-9.016882,réparés,-12.184452,1
2082,P_NOUN_8_PASS_b,F,P,les colles avec la cloche que j' aime beaucoup ne sont probablement pas retirées <eos>,13,retirées,retirés,11,F,S,retirées,-7.981326,retirés,-9.907824,1
2083,P_NOUN_8_PASS_b,F,P,les colles avec la cloche que j' aime beaucoup ne sont probablement pas tombées <eos>,13,tombées,tombés,11,F,S,tombées,-7.9551997,tombés,-8.849716,1
2084,P_NOUN_8_PASS_b,F,P,les colles avec la cloche que j' aime beaucoup ne sont probablement pas utilisées <eos>,13,utilisées,utilisés,11,F,S,utilisées,-4.6539383,utilisés,-6.0784006,1
2085,P_NOUN_8_PASS_b,F,P,les colles avec la cerise que j' aime beaucoup ne sont probablement pas achetées <eos>,13,achetées,achetés,11,F,S,achetées,-11.002667,achetés,-10.30753,0
2086,P_NOUN_8_PASS_b,F,P,les colles avec la cerise que j' aime beaucoup ne sont probablement pas brisées <eos>,13,brisées,brisés,11,F,S,brisées,-9.715181,brisés,-13.076176,1
2087,P_NOUN_8_PASS_b,F,P,les colles avec la cerise que j' aime beaucoup ne sont probablement pas cachées <eos>,13,cachées,cachés,11,F,S,cachées,-8.803398,cachés,-10.141994,1
2088,P_NOUN_8_PASS_b,F,P,les colles avec la cerise que j' aime beaucoup ne sont probablement pas cassées <eos>,13,cassées,cassés,11,F,S,cassées,-8.680464,cassés,-10.074447,1
2089,P_NOUN_8_PASS_b,F,P,les colles avec la cerise que j' aime beaucoup ne sont probablement pas couvertes <eos>,13,couvertes,couverts,11,F,S,couvertes,-7.533777,couverts,-8.403693,1
2090,P_NOUN_8_PASS_b,F,P,les colles avec la cerise que j' aime beaucoup ne sont probablement pas déformées <eos>,13,déformées,déformés,11,F,S,déformées,-8.341083,déformés,-13.747,1
2091,P_NOUN_8_PASS_b,F,P,les colles avec la cerise que j' aime beaucoup ne sont probablement pas fixées <eos>,13,fixées,fixés,11,F,S,fixées,-8.436264,fixés,-9.734054,1
2092,P_NOUN_8_PASS_b,F,P,les colles avec la cerise que j' aime beaucoup ne sont probablement pas jetées <eos>,13,jetées,jetés,11,F,S,jetées,-9.546922,jetés,-11.131071,1
2093,P_NOUN_8_PASS_b,F,P,les colles avec la cerise que j' aime beaucoup ne sont probablement pas laissées <eos>,13,laissées,laissés,11,F,S,laissées,-7.6671505,laissés,-10.818,1
2094,P_NOUN_8_PASS_b,F,P,les colles avec la cerise que j' aime beaucoup ne sont probablement pas ouvertes <eos>,13,ouvertes,ouverts,11,F,S,ouvertes,-7.957631,ouverts,-9.4712715,1
2095,P_NOUN_8_PASS_b,F,P,les colles avec la cerise que j' aime beaucoup ne sont probablement pas perdues <eos>,13,perdues,perdus,11,F,S,perdues,-8.082861,perdus,-9.463846,1
2096,P_NOUN_8_PASS_b,F,P,les colles avec la cerise que j' aime beaucoup ne sont probablement pas réparées <eos>,13,réparées,réparés,11,F,S,réparées,-9.5383005,réparés,-12.265273,1
2097,P_NOUN_8_PASS_b,F,P,les colles avec la cerise que j' aime beaucoup ne sont probablement pas retirées <eos>,13,retirées,retirés,11,F,S,retirées,-8.558993,retirés,-10.309265,1
2098,P_NOUN_8_PASS_b,F,P,les colles avec la cerise que j' aime beaucoup ne sont probablement pas tombées <eos>,13,tombées,tombés,11,F,S,tombées,-7.8856335,tombés,-9.238546,1
2099,P_NOUN_8_PASS_b,F,P,les colles avec la cerise que j' aime beaucoup ne sont probablement pas utilisées <eos>,13,utilisées,utilisés,11,F,S,utilisées,-4.7390814,utilisés,-6.2496805,1
2100,P_NOUN_8_PASS_b,F,P,les lampes avec la gemme que j' aime beaucoup ne sont probablement pas achetées <eos>,13,achetées,achetés,11,F,S,achetées,-11.215307,achetés,-10.662006,0
2101,P_NOUN_8_PASS_b,F,P,les lampes avec la gemme que j' aime beaucoup ne sont probablement pas brisées <eos>,13,brisées,brisés,11,F,S,brisées,-9.390299,brisés,-12.501321,1
2102,P_NOUN_8_PASS_b,F,P,les lampes avec la gemme que j' aime beaucoup ne sont probablement pas cachées <eos>,13,cachées,cachés,11,F,S,cachées,-7.7130675,cachés,-9.1058855,1
2103,P_NOUN_8_PASS_b,F,P,les lampes avec la gemme que j' aime beaucoup ne sont probablement pas cassées <eos>,13,cassées,cassés,11,F,S,cassées,-8.75742,cassés,-10.502277,1
2104,P_NOUN_8_PASS_b,F,P,les lampes avec la gemme que j' aime beaucoup ne sont probablement pas couvertes <eos>,13,couvertes,couverts,11,F,S,couvertes,-7.7400675,couverts,-8.710128,1
2105,P_NOUN_8_PASS_b,F,P,les lampes avec la gemme que j' aime beaucoup ne sont probablement pas déformées <eos>,13,déformées,déformés,11,F,S,déformées,-7.934886,déformés,-12.622355,1
2106,P_NOUN_8_PASS_b,F,P,les lampes avec la gemme que j' aime beaucoup ne sont probablement pas fixées <eos>,13,fixées,fixés,11,F,S,fixées,-8.157653,fixés,-9.486365,1
2107,P_NOUN_8_PASS_b,F,P,les lampes avec la gemme que j' aime beaucoup ne sont probablement pas jetées <eos>,13,jetées,jetés,11,F,S,jetées,-8.762097,jetés,-9.640851,1
2108,P_NOUN_8_PASS_b,F,P,les lampes avec la gemme que j' aime beaucoup ne sont probablement pas laissées <eos>,13,laissées,laissés,11,F,S,laissées,-8.224603,laissés,-10.173616,1
2109,P_NOUN_8_PASS_b,F,P,les lampes avec la gemme que j' aime beaucoup ne sont probablement pas ouvertes <eos>,13,ouvertes,ouverts,11,F,S,ouvertes,-7.796173,ouverts,-9.268193,1
2110,P_NOUN_8_PASS_b,F,P,les lampes avec la gemme que j' aime beaucoup ne sont probablement pas perdues <eos>,13,perdues,perdus,11,F,S,perdues,-7.584903,perdus,-8.6776285,1
2111,P_NOUN_8_PASS_b,F,P,les lampes avec la gemme que j' aime beaucoup ne sont probablement pas réparées <eos>,13,réparées,réparés,11,F,S,réparées,-8.930908,réparés,-11.971548,1
2112,P_NOUN_8_PASS_b,F,P,les lampes avec la gemme que j' aime beaucoup ne sont probablement pas retirées <eos>,13,retirées,retirés,11,F,S,retirées,-7.9453626,retirés,-10.241039,1
2113,P_NOUN_8_PASS_b,F,P,les lampes avec la gemme que j' aime beaucoup ne sont probablement pas tombées <eos>,13,tombées,tombés,11,F,S,tombées,-7.500649,tombés,-8.280155,1
2114,P_NOUN_8_PASS_b,F,P,les lampes avec la gemme que j' aime beaucoup ne sont probablement pas utilisées <eos>,13,utilisées,utilisés,11,F,S,utilisées,-5.396793,utilisés,-6.612902,1
2115,P_NOUN_8_PASS_b,F,P,les lampes avec la chaise que j' aime beaucoup ne sont probablement pas achetées <eos>,13,achetées,achetés,11,F,S,achetées,-11.263367,achetés,-10.7696,0
2116,P_NOUN_8_PASS_b,F,P,les lampes avec la chaise que j' aime beaucoup ne sont probablement pas brisées <eos>,13,brisées,brisés,11,F,S,brisées,-9.089985,brisés,-12.152579,1
2117,P_NOUN_8_PASS_b,F,P,les lampes avec la chaise que j' aime beaucoup ne sont probablement pas cachées <eos>,13,cachées,cachés,11,F,S,cachées,-7.772263,cachés,-9.449205,1
2118,P_NOUN_8_PASS_b,F,P,les lampes avec la chaise que j' aime beaucoup ne sont probablement pas cassées <eos>,13,cassées,cassés,11,F,S,cassées,-8.356129,cassés,-10.324348,1
2119,P_NOUN_8_PASS_b,F,P,les lampes avec la chaise que j' aime beaucoup ne sont probablement pas couvertes <eos>,13,couvertes,couverts,11,F,S,couvertes,-7.713497,couverts,-8.963774,1
2120,P_NOUN_8_PASS_b,F,P,les lampes avec la chaise que j' aime beaucoup ne sont probablement pas déformées <eos>,13,déformées,déformés,11,F,S,déformées,-7.536415,déformés,-12.421835,1
2121,P_NOUN_8_PASS_b,F,P,les lampes avec la chaise que j' aime beaucoup ne sont probablement pas fixées <eos>,13,fixées,fixés,11,F,S,fixées,-7.6596303,fixés,-9.318373,1
2122,P_NOUN_8_PASS_b,F,P,les lampes avec la chaise que j' aime beaucoup ne sont probablement pas jetées <eos>,13,jetées,jetés,11,F,S,jetées,-8.720079,jetés,-9.793472,1
2123,P_NOUN_8_PASS_b,F,P,les lampes avec la chaise que j' aime beaucoup ne sont probablement pas laissées <eos>,13,laissées,laissés,11,F,S,laissées,-8.168046,laissés,-10.491227,1
2124,P_NOUN_8_PASS_b,F,P,les lampes avec la chaise que j' aime beaucoup ne sont probablement pas ouvertes <eos>,13,ouvertes,ouverts,11,F,S,ouvertes,-7.5728645,ouverts,-9.247565,1
2125,P_NOUN_8_PASS_b,F,P,les lampes avec la chaise que j' aime beaucoup ne sont probablement pas perdues <eos>,13,perdues,perdus,11,F,S,perdues,-7.695974,perdus,-8.726034,1
2126,P_NOUN_8_PASS_b,F,P,les lampes avec la chaise que j' aime beaucoup ne sont probablement pas réparées <eos>,13,réparées,réparés,11,F,S,réparées,-8.915247,réparés,-12.412198,1
2127,P_NOUN_8_PASS_b,F,P,les lampes avec la chaise que j' aime beaucoup ne sont probablement pas retirées <eos>,13,retirées,retirés,11,F,S,retirées,-7.9152384,retirés,-10.30654,1
2128,P_NOUN_8_PASS_b,F,P,les lampes avec la chaise que j' aime beaucoup ne sont probablement pas tombées <eos>,13,tombées,tombés,11,F,S,tombées,-7.913658,tombés,-8.959272,1
2129,P_NOUN_8_PASS_b,F,P,les lampes avec la chaise que j' aime beaucoup ne sont probablement pas utilisées <eos>,13,utilisées,utilisés,11,F,S,utilisées,-5.309306,utilisés,-6.5709753,1
2130,P_NOUN_8_PASS_b,F,P,les lampes avec la poubelle que j' aime beaucoup ne sont probablement pas achetées <eos>,13,achetées,achetés,11,F,S,achetées,-10.84851,achetés,-10.442106,0
2131,P_NOUN_8_PASS_b,F,P,les lampes avec la poubelle que j' aime beaucoup ne sont probablement pas brisées <eos>,13,brisées,brisés,11,F,S,brisées,-9.351743,brisés,-12.523167,1
2132,P_NOUN_8_PASS_b,F,P,les lampes avec la poubelle que j' aime beaucoup ne sont probablement pas cachées <eos>,13,cachées,cachés,11,F,S,cachées,-7.401432,cachés,-8.787819,1
2133,P_NOUN_8_PASS_b,F,P,les lampes avec la poubelle que j' aime beaucoup ne sont probablement pas cassées <eos>,13,cassées,cassés,11,F,S,cassées,-8.636086,cassés,-10.549169,1
2134,P_NOUN_8_PASS_b,F,P,les lampes avec la poubelle que j' aime beaucoup ne sont probablement pas couvertes <eos>,13,couvertes,couverts,11,F,S,couvertes,-7.797741,couverts,-9.024651,1
2135,P_NOUN_8_PASS_b,F,P,les lampes avec la poubelle que j' aime beaucoup ne sont probablement pas déformées <eos>,13,déformées,déformés,11,F,S,déformées,-7.7365637,déformés,-12.683879,1
2136,P_NOUN_8_PASS_b,F,P,les lampes avec la poubelle que j' aime beaucoup ne sont probablement pas fixées <eos>,13,fixées,fixés,11,F,S,fixées,-7.8793287,fixés,-9.627595,1
2137,P_NOUN_8_PASS_b,F,P,les lampes avec la poubelle que j' aime beaucoup ne sont probablement pas jetées <eos>,13,jetées,jetés,11,F,S,jetées,-8.545595,jetés,-9.636542,1
2138,P_NOUN_8_PASS_b,F,P,les lampes avec la poubelle que j' aime beaucoup ne sont probablement pas laissées <eos>,13,laissées,laissés,11,F,S,laissées,-8.2114525,laissés,-10.2373905,1
2139,P_NOUN_8_PASS_b,F,P,les lampes avec la poubelle que j' aime beaucoup ne sont probablement pas ouvertes <eos>,13,ouvertes,ouverts,11,F,S,ouvertes,-7.567622,ouverts,-9.25644,1
2140,P_NOUN_8_PASS_b,F,P,les lampes avec la poubelle que j' aime beaucoup ne sont probablement pas perdues <eos>,13,perdues,perdus,11,F,S,perdues,-7.4903708,perdus,-8.704358,1
2141,P_NOUN_8_PASS_b,F,P,les lampes avec la poubelle que j' aime beaucoup ne sont probablement pas réparées <eos>,13,réparées,réparés,11,F,S,réparées,-8.80798,réparés,-12.356661,1
2142,P_NOUN_8_PASS_b,F,P,les lampes avec la poubelle que j' aime beaucoup ne sont probablement pas retirées <eos>,13,retirées,retirés,11,F,S,retirées,-7.8074675,retirés,-10.250938,1
2143,P_NOUN_8_PASS_b,F,P,les lampes avec la poubelle que j' aime beaucoup ne sont probablement pas tombées <eos>,13,tombées,tombés,11,F,S,tombées,-7.5573807,tombés,-8.365283,1
2144,P_NOUN_8_PASS_b,F,P,les lampes avec la poubelle que j' aime beaucoup ne sont probablement pas utilisées <eos>,13,utilisées,utilisés,11,F,S,utilisées,-5.175336,utilisés,-6.529007,1
2145,P_NOUN_8_PASS_b,F,P,les lampes avec la chemise que j' aime beaucoup ne sont probablement pas achetées <eos>,13,achetées,achetés,11,F,S,achetées,-11.085861,achetés,-10.75417,0
2146,P_NOUN_8_PASS_b,F,P,les lampes avec la chemise que j' aime beaucoup ne sont probablement pas brisées <eos>,13,brisées,brisés,11,F,S,brisées,-9.1858635,brisés,-12.323658,1
2147,P_NOUN_8_PASS_b,F,P,les lampes avec la chemise que j' aime beaucoup ne sont probablement pas cachées <eos>,13,cachées,cachés,11,F,S,cachées,-7.5304794,cachés,-9.0395155,1
2148,P_NOUN_8_PASS_b,F,P,les lampes avec la chemise que j' aime beaucoup ne sont probablement pas cassées <eos>,13,cassées,cassés,11,F,S,cassées,-8.417199,cassés,-10.445875,1
2149,P_NOUN_8_PASS_b,F,P,les lampes avec la chemise que j' aime beaucoup ne sont probablement pas couvertes <eos>,13,couvertes,couverts,11,F,S,couvertes,-7.553689,couverts,-8.935818,1
2150,P_NOUN_8_PASS_b,F,P,les lampes avec la chemise que j' aime beaucoup ne sont probablement pas déformées <eos>,13,déformées,déformés,11,F,S,déformées,-7.805587,déformés,-12.642826,1
2151,P_NOUN_8_PASS_b,F,P,les lampes avec la chemise que j' aime beaucoup ne sont probablement pas fixées <eos>,13,fixées,fixés,11,F,S,fixées,-7.911487,fixés,-9.558508,1
2152,P_NOUN_8_PASS_b,F,P,les lampes avec la chemise que j' aime beaucoup ne sont probablement pas jetées <eos>,13,jetées,jetés,11,F,S,jetées,-8.511765,jetés,-9.64714,1
2153,P_NOUN_8_PASS_b,F,P,les lampes avec la chemise que j' aime beaucoup ne sont probablement pas laissées <eos>,13,laissées,laissés,11,F,S,laissées,-8.35013,laissés,-10.318426,1
2154,P_NOUN_8_PASS_b,F,P,les lampes avec la chemise que j' aime beaucoup ne sont probablement pas ouvertes <eos>,13,ouvertes,ouverts,11,F,S,ouvertes,-7.513916,ouverts,-9.300211,1
2155,P_NOUN_8_PASS_b,F,P,les lampes avec la chemise que j' aime beaucoup ne sont probablement pas perdues <eos>,13,perdues,perdus,11,F,S,perdues,-7.7733927,perdus,-8.708782,1
2156,P_NOUN_8_PASS_b,F,P,les lampes avec la chemise que j' aime beaucoup ne sont probablement pas réparées <eos>,13,réparées,réparés,11,F,S,réparées,-9.051957,réparés,-12.141704,1
2157,P_NOUN_8_PASS_b,F,P,les lampes avec la chemise que j' aime beaucoup ne sont probablement pas retirées <eos>,13,retirées,retirés,11,F,S,retirées,-7.952222,retirés,-10.087453,1
2158,P_NOUN_8_PASS_b,F,P,les lampes avec la chemise que j' aime beaucoup ne sont probablement pas tombées <eos>,13,tombées,tombés,11,F,S,tombées,-7.7817564,tombés,-8.181398,1
2159,P_NOUN_8_PASS_b,F,P,les lampes avec la chemise que j' aime beaucoup ne sont probablement pas utilisées <eos>,13,utilisées,utilisés,11,F,S,utilisées,-5.120862,utilisés,-6.3571634,1
2160,P_NOUN_8_PASS_b,F,P,les lampes avec la recette que j' aime beaucoup ne sont probablement pas achetées <eos>,13,achetées,achetés,11,F,S,achetées,-11.090525,achetés,-10.437851,0
2161,P_NOUN_8_PASS_b,F,P,les lampes avec la recette que j' aime beaucoup ne sont probablement pas brisées <eos>,13,brisées,brisés,11,F,S,brisées,-10.01442,brisés,-13.324017,1
2162,P_NOUN_8_PASS_b,F,P,les lampes avec la recette que j' aime beaucoup ne sont probablement pas cachées <eos>,13,cachées,cachés,11,F,S,cachées,-8.342004,cachés,-9.544251,1
2163,P_NOUN_8_PASS_b,F,P,les lampes avec la recette que j' aime beaucoup ne sont probablement pas cassées <eos>,13,cassées,cassés,11,F,S,cassées,-9.421827,cassés,-10.6854105,1
2164,P_NOUN_8_PASS_b,F,P,les lampes avec la recette que j' aime beaucoup ne sont probablement pas couvertes <eos>,13,couvertes,couverts,11,F,S,couvertes,-7.9105673,couverts,-8.890241,1
2165,P_NOUN_8_PASS_b,F,P,les lampes avec la recette que j' aime beaucoup ne sont probablement pas déformées <eos>,13,déformées,déformés,11,F,S,déformées,-8.489361,déformés,-13.315811,1
2166,P_NOUN_8_PASS_b,F,P,les lampes avec la recette que j' aime beaucoup ne sont probablement pas fixées <eos>,13,fixées,fixés,11,F,S,fixées,-8.425434,fixés,-9.865339,1
2167,P_NOUN_8_PASS_b,F,P,les lampes avec la recette que j' aime beaucoup ne sont probablement pas jetées <eos>,13,jetées,jetés,11,F,S,jetées,-9.456532,jetés,-10.717313,1
2168,P_NOUN_8_PASS_b,F,P,les lampes avec la recette que j' aime beaucoup ne sont probablement pas laissées <eos>,13,laissées,laissés,11,F,S,laissées,-8.349623,laissés,-10.828854,1
2169,P_NOUN_8_PASS_b,F,P,les lampes avec la recette que j' aime beaucoup ne sont probablement pas ouvertes <eos>,13,ouvertes,ouverts,11,F,S,ouvertes,-7.6291513,ouverts,-9.208176,1
2170,P_NOUN_8_PASS_b,F,P,les lampes avec la recette que j' aime beaucoup ne sont probablement pas perdues <eos>,13,perdues,perdus,11,F,S,perdues,-7.903249,perdus,-9.135199,1
2171,P_NOUN_8_PASS_b,F,P,les lampes avec la recette que j' aime beaucoup ne sont probablement pas réparées <eos>,13,réparées,réparés,11,F,S,réparées,-9.087941,réparés,-12.303932,1
2172,P_NOUN_8_PASS_b,F,P,les lampes avec la recette que j' aime beaucoup ne sont probablement pas retirées <eos>,13,retirées,retirés,11,F,S,retirées,-8.32776,retirés,-10.178453,1
2173,P_NOUN_8_PASS_b,F,P,les lampes avec la recette que j' aime beaucoup ne sont probablement pas tombées <eos>,13,tombées,tombés,11,F,S,tombées,-8.159796,tombés,-8.936698,1
2174,P_NOUN_8_PASS_b,F,P,les lampes avec la recette que j' aime beaucoup ne sont probablement pas utilisées <eos>,13,utilisées,utilisés,11,F,S,utilisées,-5.22675,utilisés,-6.519509,1
2175,P_NOUN_8_PASS_b,F,P,les lampes avec la jupe que j' aime beaucoup ne sont probablement pas achetées <eos>,13,achetées,achetés,11,F,S,achetées,-11.230903,achetés,-11.0011215,0
2176,P_NOUN_8_PASS_b,F,P,les lampes avec la jupe que j' aime beaucoup ne sont probablement pas brisées <eos>,13,brisées,brisés,11,F,S,brisées,-9.322254,brisés,-12.518207,1
2177,P_NOUN_8_PASS_b,F,P,les lampes avec la jupe que j' aime beaucoup ne sont probablement pas cachées <eos>,13,cachées,cachés,11,F,S,cachées,-7.879659,cachés,-9.572095,1
2178,P_NOUN_8_PASS_b,F,P,les lampes avec la jupe que j' aime beaucoup ne sont probablement pas cassées <eos>,13,cassées,cassés,11,F,S,cassées,-8.429944,cassés,-10.377998,1
2179,P_NOUN_8_PASS_b,F,P,les lampes avec la jupe que j' aime beaucoup ne sont probablement pas couvertes <eos>,13,couvertes,couverts,11,F,S,couvertes,-7.487248,couverts,-8.94855,1
2180,P_NOUN_8_PASS_b,F,P,les lampes avec la jupe que j' aime beaucoup ne sont probablement pas déformées <eos>,13,déformées,déformés,11,F,S,déformées,-7.332439,déformés,-12.4883,1
2181,P_NOUN_8_PASS_b,F,P,les lampes avec la jupe que j' aime beaucoup ne sont probablement pas fixées <eos>,13,fixées,fixés,11,F,S,fixées,-7.787959,fixés,-9.604335,1
2182,P_NOUN_8_PASS_b,F,P,les lampes avec la jupe que j' aime beaucoup ne sont probablement pas jetées <eos>,13,jetées,jetés,11,F,S,jetées,-8.913527,jetés,-10.190001,1
2183,P_NOUN_8_PASS_b,F,P,les lampes avec la jupe que j' aime beaucoup ne sont probablement pas laissées <eos>,13,laissées,laissés,11,F,S,laissées,-8.197233,laissés,-10.801027,1
2184,P_NOUN_8_PASS_b,F,P,les lampes avec la jupe que j' aime beaucoup ne sont probablement pas ouvertes <eos>,13,ouvertes,ouverts,11,F,S,ouvertes,-7.365769,ouverts,-9.099285,1
2185,P_NOUN_8_PASS_b,F,P,les lampes avec la jupe que j' aime beaucoup ne sont probablement pas perdues <eos>,13,perdues,perdus,11,F,S,perdues,-8.003705,perdus,-9.254697,1
2186,P_NOUN_8_PASS_b,F,P,les lampes avec la jupe que j' aime beaucoup ne sont probablement pas réparées <eos>,13,réparées,réparés,11,F,S,réparées,-8.869963,réparés,-12.479327,1
2187,P_NOUN_8_PASS_b,F,P,les lampes avec la jupe que j' aime beaucoup ne sont probablement pas retirées <eos>,13,retirées,retirés,11,F,S,retirées,-7.9840026,retirés,-10.479089,1
2188,P_NOUN_8_PASS_b,F,P,les lampes avec la jupe que j' aime beaucoup ne sont probablement pas tombées <eos>,13,tombées,tombés,11,F,S,tombées,-7.8669286,tombés,-8.967844,1
2189,P_NOUN_8_PASS_b,F,P,les lampes avec la jupe que j' aime beaucoup ne sont probablement pas utilisées <eos>,13,utilisées,utilisés,11,F,S,utilisées,-5.188388,utilisés,-6.720131,1
2190,P_NOUN_8_PASS_b,F,P,les lampes avec la colle que j' aime beaucoup ne sont probablement pas achetées <eos>,13,achetées,achetés,11,F,S,achetées,-10.966799,achetés,-10.316189,0
2191,P_NOUN_8_PASS_b,F,P,les lampes avec la colle que j' aime beaucoup ne sont probablement pas brisées <eos>,13,brisées,brisés,11,F,S,brisées,-9.31431,brisés,-12.462445,1
2192,P_NOUN_8_PASS_b,F,P,les lampes avec la colle que j' aime beaucoup ne sont probablement pas cachées <eos>,13,cachées,cachés,11,F,S,cachées,-8.005908,cachés,-9.06459,1
2193,P_NOUN_8_PASS_b,F,P,les lampes avec la colle que j' aime beaucoup ne sont probablement pas cassées <eos>,13,cassées,cassés,11,F,S,cassées,-8.441092,cassés,-10.1953125,1
2194,P_NOUN_8_PASS_b,F,P,les lampes avec la colle que j' aime beaucoup ne sont probablement pas couvertes <eos>,13,couvertes,couverts,11,F,S,couvertes,-7.6370606,couverts,-8.794032,1
2195,P_NOUN_8_PASS_b,F,P,les lampes avec la colle que j' aime beaucoup ne sont probablement pas déformées <eos>,13,déformées,déformés,11,F,S,déformées,-7.660669,déformés,-12.78718,1
2196,P_NOUN_8_PASS_b,F,P,les lampes avec la colle que j' aime beaucoup ne sont probablement pas fixées <eos>,13,fixées,fixés,11,F,S,fixées,-8.06371,fixés,-9.71408,1
2197,P_NOUN_8_PASS_b,F,P,les lampes avec la colle que j' aime beaucoup ne sont probablement pas jetées <eos>,13,jetées,jetés,11,F,S,jetées,-8.679866,jetés,-9.620926,1
2198,P_NOUN_8_PASS_b,F,P,les lampes avec la colle que j' aime beaucoup ne sont probablement pas laissées <eos>,13,laissées,laissés,11,F,S,laissées,-7.9132833,laissés,-10.263122,1
2199,P_NOUN_8_PASS_b,F,P,les lampes avec la colle que j' aime beaucoup ne sont probablement pas ouvertes <eos>,13,ouvertes,ouverts,11,F,S,ouvertes,-7.76955,ouverts,-9.451097,1
2200,P_NOUN_8_PASS_b,F,P,les lampes avec la colle que j' aime beaucoup ne sont probablement pas perdues <eos>,13,perdues,perdus,11,F,S,perdues,-7.523247,perdus,-8.610543,1
2201,P_NOUN_8_PASS_b,F,P,les lampes avec la colle que j' aime beaucoup ne sont probablement pas réparées <eos>,13,réparées,réparés,11,F,S,réparées,-8.735836,réparés,-12.002194,1
2202,P_NOUN_8_PASS_b,F,P,les lampes avec la colle que j' aime beaucoup ne sont probablement pas retirées <eos>,13,retirées,retirés,11,F,S,retirées,-7.775674,retirés,-9.946449,1
2203,P_NOUN_8_PASS_b,F,P,les lampes avec la colle que j' aime beaucoup ne sont probablement pas tombées <eos>,13,tombées,tombés,11,F,S,tombées,-7.611458,tombés,-8.579061,1
2204,P_NOUN_8_PASS_b,F,P,les lampes avec la colle que j' aime beaucoup ne sont probablement pas utilisées <eos>,13,utilisées,utilisés,11,F,S,utilisées,-4.969731,utilisés,-6.338038,1
2205,P_NOUN_8_PASS_b,F,P,les lampes avec la lampe que j' aime beaucoup ne sont probablement pas achetées <eos>,13,achetées,achetés,11,F,S,achetées,-10.968317,achetés,-10.870185,0
2206,P_NOUN_8_PASS_b,F,P,les lampes avec la lampe que j' aime beaucoup ne sont probablement pas brisées <eos>,13,brisées,brisés,11,F,S,brisées,-9.112327,brisés,-12.485268,1
2207,P_NOUN_8_PASS_b,F,P,les lampes avec la lampe que j' aime beaucoup ne sont probablement pas cachées <eos>,13,cachées,cachés,11,F,S,cachées,-7.548622,cachés,-8.975636,1
2208,P_NOUN_8_PASS_b,F,P,les lampes avec la lampe que j' aime beaucoup ne sont probablement pas cassées <eos>,13,cassées,cassés,11,F,S,cassées,-8.520961,cassés,-10.624254,1
2209,P_NOUN_8_PASS_b,F,P,les lampes avec la lampe que j' aime beaucoup ne sont probablement pas couvertes <eos>,13,couvertes,couverts,11,F,S,couvertes,-7.6913347,couverts,-9.254699,1
2210,P_NOUN_8_PASS_b,F,P,les lampes avec la lampe que j' aime beaucoup ne sont probablement pas déformées <eos>,13,déformées,déformés,11,F,S,déformées,-7.2251806,déformés,-12.340052,1
2211,P_NOUN_8_PASS_b,F,P,les lampes avec la lampe que j' aime beaucoup ne sont probablement pas fixées <eos>,13,fixées,fixés,11,F,S,fixées,-7.855901,fixés,-9.610138,1
2212,P_NOUN_8_PASS_b,F,P,les lampes avec la lampe que j' aime beaucoup ne sont probablement pas jetées <eos>,13,jetées,jetés,11,F,S,jetées,-8.231548,jetés,-9.39762,1
2213,P_NOUN_8_PASS_b,F,P,les lampes avec la lampe que j' aime beaucoup ne sont probablement pas laissées <eos>,13,laissées,laissés,11,F,S,laissées,-8.259611,laissés,-10.522083,1
2214,P_NOUN_8_PASS_b,F,P,les lampes avec la lampe que j' aime beaucoup ne sont probablement pas ouvertes <eos>,13,ouvertes,ouverts,11,F,S,ouvertes,-7.529789,ouverts,-9.36057,1
2215,P_NOUN_8_PASS_b,F,P,les lampes avec la lampe que j' aime beaucoup ne sont probablement pas perdues <eos>,13,perdues,perdus,11,F,S,perdues,-7.3568163,perdus,-8.738727,1
2216,P_NOUN_8_PASS_b,F,P,les lampes avec la lampe que j' aime beaucoup ne sont probablement pas réparées <eos>,13,réparées,réparés,11,F,S,réparées,-8.5783205,réparés,-12.04634,1
2217,P_NOUN_8_PASS_b,F,P,les lampes avec la lampe que j' aime beaucoup ne sont probablement pas retirées <eos>,13,retirées,retirés,11,F,S,retirées,-7.595111,retirés,-10.148498,1
2218,P_NOUN_8_PASS_b,F,P,les lampes avec la lampe que j' aime beaucoup ne sont probablement pas tombées <eos>,13,tombées,tombés,11,F,S,tombées,-7.342304,tombés,-8.695322,1
2219,P_NOUN_8_PASS_b,F,P,les lampes avec la lampe que j' aime beaucoup ne sont probablement pas utilisées <eos>,13,utilisées,utilisés,11,F,S,utilisées,-4.861554,utilisés,-6.4253883,1
2220,P_NOUN_8_PASS_b,F,P,les lampes avec la bouteille que j' aime beaucoup ne sont probablement pas achetées <eos>,13,achetées,achetés,11,F,S,achetées,-10.516254,achetés,-10.431812,0
2221,P_NOUN_8_PASS_b,F,P,les lampes avec la bouteille que j' aime beaucoup ne sont probablement pas brisées <eos>,13,brisées,brisés,11,F,S,brisées,-9.543974,brisés,-12.812796,1
2222,P_NOUN_8_PASS_b,F,P,les lampes avec la bouteille que j' aime beaucoup ne sont probablement pas cachées <eos>,13,cachées,cachés,11,F,S,cachées,-7.9742446,cachés,-9.208936,1
2223,P_NOUN_8_PASS_b,F,P,les lampes avec la bouteille que j' aime beaucoup ne sont probablement pas cassées <eos>,13,cassées,cassés,11,F,S,cassées,-8.746431,cassés,-10.521849,1
2224,P_NOUN_8_PASS_b,F,P,les lampes avec la bouteille que j' aime beaucoup ne sont probablement pas couvertes <eos>,13,couvertes,couverts,11,F,S,couvertes,-7.682684,couverts,-8.864816,1
2225,P_NOUN_8_PASS_b,F,P,les lampes avec la bouteille que j' aime beaucoup ne sont probablement pas déformées <eos>,13,déformées,déformés,11,F,S,déformées,-7.8365097,déformés,-12.8185425,1
2226,P_NOUN_8_PASS_b,F,P,les lampes avec la bouteille que j' aime beaucoup ne sont probablement pas fixées <eos>,13,fixées,fixés,11,F,S,fixées,-8.473161,fixés,-9.7662,1
2227,P_NOUN_8_PASS_b,F,P,les lampes avec la bouteille que j' aime beaucoup ne sont probablement pas jetées <eos>,13,jetées,jetés,11,F,S,jetées,-9.208413,jetés,-9.965614,1
2228,P_NOUN_8_PASS_b,F,P,les lampes avec la bouteille que j' aime beaucoup ne sont probablement pas laissées <eos>,13,laissées,laissés,11,F,S,laissées,-7.8319354,laissés,-10.431552,1
2229,P_NOUN_8_PASS_b,F,P,les lampes avec la bouteille que j' aime beaucoup ne sont probablement pas ouvertes <eos>,13,ouvertes,ouverts,11,F,S,ouvertes,-7.4644237,ouverts,-9.046015,1
2230,P_NOUN_8_PASS_b,F,P,les lampes avec la bouteille que j' aime beaucoup ne sont probablement pas perdues <eos>,13,perdues,perdus,11,F,S,perdues,-7.6352406,perdus,-8.726743,1
2231,P_NOUN_8_PASS_b,F,P,les lampes avec la bouteille que j' aime beaucoup ne sont probablement pas réparées <eos>,13,réparées,réparés,11,F,S,réparées,-8.577021,réparés,-12.020694,1
2232,P_NOUN_8_PASS_b,F,P,les lampes avec la bouteille que j' aime beaucoup ne sont probablement pas retirées <eos>,13,retirées,retirés,11,F,S,retirées,-7.8332744,retirés,-10.311662,1
2233,P_NOUN_8_PASS_b,F,P,les lampes avec la bouteille que j' aime beaucoup ne sont probablement pas tombées <eos>,13,tombées,tombés,11,F,S,tombées,-7.699172,tombés,-8.829711,1
2234,P_NOUN_8_PASS_b,F,P,les lampes avec la bouteille que j' aime beaucoup ne sont probablement pas utilisées <eos>,13,utilisées,utilisés,11,F,S,utilisées,-5.345688,utilisés,-6.796646,1
2235,P_NOUN_8_PASS_b,F,P,les lampes avec la boisson que j' aime beaucoup ne sont probablement pas achetées <eos>,13,achetées,achetés,11,F,S,achetées,-10.852882,achetés,-10.105215,0
2236,P_NOUN_8_PASS_b,F,P,les lampes avec la boisson que j' aime beaucoup ne sont probablement pas brisées <eos>,13,brisées,brisés,11,F,S,brisées,-9.8287325,brisés,-13.162601,1
2237,P_NOUN_8_PASS_b,F,P,les lampes avec la boisson que j' aime beaucoup ne sont probablement pas cachées <eos>,13,cachées,cachés,11,F,S,cachées,-8.148955,cachés,-9.330146,1
2238,P_NOUN_8_PASS_b,F,P,les lampes avec la boisson que j' aime beaucoup ne sont probablement pas cassées <eos>,13,cassées,cassés,11,F,S,cassées,-9.044275,cassés,-10.440329,1
2239,P_NOUN_8_PASS_b,F,P,les lampes avec la boisson que j' aime beaucoup ne sont probablement pas couvertes <eos>,13,couvertes,couverts,11,F,S,couvertes,-7.9276958,couverts,-8.634609,1
2240,P_NOUN_8_PASS_b,F,P,les lampes avec la boisson que j' aime beaucoup ne sont probablement pas déformées <eos>,13,déformées,déformés,11,F,S,déformées,-8.476036,déformés,-13.254873,1
2241,P_NOUN_8_PASS_b,F,P,les lampes avec la boisson que j' aime beaucoup ne sont probablement pas fixées <eos>,13,fixées,fixés,11,F,S,fixées,-8.583852,fixés,-9.70798,1
2242,P_NOUN_8_PASS_b,F,P,les lampes avec la boisson que j' aime beaucoup ne sont probablement pas jetées <eos>,13,jetées,jetés,11,F,S,jetées,-9.182276,jetés,-10.122584,1
2243,P_NOUN_8_PASS_b,F,P,les lampes avec la boisson que j' aime beaucoup ne sont probablement pas laissées <eos>,13,laissées,laissés,11,F,S,laissées,-8.055485,laissés,-10.353374,1
2244,P_NOUN_8_PASS_b,F,P,les lampes avec la boisson que j' aime beaucoup ne sont probablement pas ouvertes <eos>,13,ouvertes,ouverts,11,F,S,ouvertes,-7.9710836,ouverts,-9.380023,1
2245,P_NOUN_8_PASS_b,F,P,les lampes avec la boisson que j' aime beaucoup ne sont probablement pas perdues <eos>,13,perdues,perdus,11,F,S,perdues,-7.980442,perdus,-8.949493,1
2246,P_NOUN_8_PASS_b,F,P,les lampes avec la boisson que j' aime beaucoup ne sont probablement pas réparées <eos>,13,réparées,réparés,11,F,S,réparées,-9.426292,réparés,-12.445877,1
2247,P_NOUN_8_PASS_b,F,P,les lampes avec la boisson que j' aime beaucoup ne sont probablement pas retirées <eos>,13,retirées,retirés,11,F,S,retirées,-8.281683,retirés,-10.332575,1
2248,P_NOUN_8_PASS_b,F,P,les lampes avec la boisson que j' aime beaucoup ne sont probablement pas tombées <eos>,13,tombées,tombés,11,F,S,tombées,-7.9257426,tombés,-8.483638,1
2249,P_NOUN_8_PASS_b,F,P,les lampes avec la boisson que j' aime beaucoup ne sont probablement pas utilisées <eos>,13,utilisées,utilisés,11,F,S,utilisées,-5.433691,utilisés,-6.6559734,1
2250,P_NOUN_8_PASS_b,F,P,les lampes avec la pomme que j' aime beaucoup ne sont probablement pas achetées <eos>,13,achetées,achetés,11,F,S,achetées,-10.3597145,achetés,-9.857027,0
2251,P_NOUN_8_PASS_b,F,P,les lampes avec la pomme que j' aime beaucoup ne sont probablement pas brisées <eos>,13,brisées,brisés,11,F,S,brisées,-9.535048,brisés,-12.88959,1
2252,P_NOUN_8_PASS_b,F,P,les lampes avec la pomme que j' aime beaucoup ne sont probablement pas cachées <eos>,13,cachées,cachés,11,F,S,cachées,-7.763625,cachés,-9.143326,1
2253,P_NOUN_8_PASS_b,F,P,les lampes avec la pomme que j' aime beaucoup ne sont probablement pas cassées <eos>,13,cassées,cassés,11,F,S,cassées,-8.718268,cassés,-10.122874,1
2254,P_NOUN_8_PASS_b,F,P,les lampes avec la pomme que j' aime beaucoup ne sont probablement pas couvertes <eos>,13,couvertes,couverts,11,F,S,couvertes,-7.6419463,couverts,-8.620416,1
2255,P_NOUN_8_PASS_b,F,P,les lampes avec la pomme que j' aime beaucoup ne sont probablement pas déformées <eos>,13,déformées,déformés,11,F,S,déformées,-8.105892,déformés,-13.184821,1
2256,P_NOUN_8_PASS_b,F,P,les lampes avec la pomme que j' aime beaucoup ne sont probablement pas fixées <eos>,13,fixées,fixés,11,F,S,fixées,-8.481732,fixés,-9.603432,1
2257,P_NOUN_8_PASS_b,F,P,les lampes avec la pomme que j' aime beaucoup ne sont probablement pas jetées <eos>,13,jetées,jetés,11,F,S,jetées,-9.023831,jetés,-10.096896,1
2258,P_NOUN_8_PASS_b,F,P,les lampes avec la pomme que j' aime beaucoup ne sont probablement pas laissées <eos>,13,laissées,laissés,11,F,S,laissées,-8.095245,laissés,-10.161929,1
2259,P_NOUN_8_PASS_b,F,P,les lampes avec la pomme que j' aime beaucoup ne sont probablement pas ouvertes <eos>,13,ouvertes,ouverts,11,F,S,ouvertes,-7.620369,ouverts,-9.18037,1
2260,P_NOUN_8_PASS_b,F,P,les lampes avec la pomme que j' aime beaucoup ne sont probablement pas perdues <eos>,13,perdues,perdus,11,F,S,perdues,-7.5216303,perdus,-8.827423,1
2261,P_NOUN_8_PASS_b,F,P,les lampes avec la pomme que j' aime beaucoup ne sont probablement pas réparées <eos>,13,réparées,réparés,11,F,S,réparées,-9.268206,réparés,-12.547072,1
2262,P_NOUN_8_PASS_b,F,P,les lampes avec la pomme que j' aime beaucoup ne sont probablement pas retirées <eos>,13,retirées,retirés,11,F,S,retirées,-8.185751,retirés,-10.340369,1
2263,P_NOUN_8_PASS_b,F,P,les lampes avec la pomme que j' aime beaucoup ne sont probablement pas tombées <eos>,13,tombées,tombés,11,F,S,tombées,-7.587088,tombés,-8.574337,1
2264,P_NOUN_8_PASS_b,F,P,les lampes avec la pomme que j' aime beaucoup ne sont probablement pas utilisées <eos>,13,utilisées,utilisés,11,F,S,utilisées,-5.1378417,utilisés,-6.5705724,1
2265,P_NOUN_8_PASS_b,F,P,les lampes avec la tasse que j' aime beaucoup ne sont probablement pas achetées <eos>,13,achetées,achetés,11,F,S,achetées,-10.343757,achetés,-10.217885,0
2266,P_NOUN_8_PASS_b,F,P,les lampes avec la tasse que j' aime beaucoup ne sont probablement pas brisées <eos>,13,brisées,brisés,11,F,S,brisées,-9.2852955,brisés,-12.609444,1
2267,P_NOUN_8_PASS_b,F,P,les lampes avec la tasse que j' aime beaucoup ne sont probablement pas cachées <eos>,13,cachées,cachés,11,F,S,cachées,-7.9444027,cachés,-9.648834,1
2268,P_NOUN_8_PASS_b,F,P,les lampes avec la tasse que j' aime beaucoup ne sont probablement pas cassées <eos>,13,cassées,cassés,11,F,S,cassées,-8.582235,cassés,-10.333179,1
2269,P_NOUN_8_PASS_b,F,P,les lampes avec la tasse que j' aime beaucoup ne sont probablement pas couvertes <eos>,13,couvertes,couverts,11,F,S,couvertes,-7.379909,couverts,-8.447858,1
2270,P_NOUN_8_PASS_b,F,P,les lampes avec la tasse que j' aime beaucoup ne sont probablement pas déformées <eos>,13,déformées,déformés,11,F,S,déformées,-8.280245,déformés,-12.987641,1
2271,P_NOUN_8_PASS_b,F,P,les lampes avec la tasse que j' aime beaucoup ne sont probablement pas fixées <eos>,13,fixées,fixés,11,F,S,fixées,-8.349246,fixés,-9.851443,1
2272,P_NOUN_8_PASS_b,F,P,les lampes avec la tasse que j' aime beaucoup ne sont probablement pas jetées <eos>,13,jetées,jetés,11,F,S,jetées,-8.798118,jetés,-10.089087,1
2273,P_NOUN_8_PASS_b,F,P,les lampes avec la tasse que j' aime beaucoup ne sont probablement pas laissées <eos>,13,laissées,laissés,11,F,S,laissées,-7.605599,laissés,-10.177435,1
2274,P_NOUN_8_PASS_b,F,P,les lampes avec la tasse que j' aime beaucoup ne sont probablement pas ouvertes <eos>,13,ouvertes,ouverts,11,F,S,ouvertes,-7.146483,ouverts,-8.789291,1
2275,P_NOUN_8_PASS_b,F,P,les lampes avec la tasse que j' aime beaucoup ne sont probablement pas perdues <eos>,13,perdues,perdus,11,F,S,perdues,-7.898079,perdus,-9.035747,1
2276,P_NOUN_8_PASS_b,F,P,les lampes avec la tasse que j' aime beaucoup ne sont probablement pas réparées <eos>,13,réparées,réparés,11,F,S,réparées,-8.553223,réparés,-11.942324,1
2277,P_NOUN_8_PASS_b,F,P,les lampes avec la tasse que j' aime beaucoup ne sont probablement pas retirées <eos>,13,retirées,retirés,11,F,S,retirées,-8.0838995,retirés,-10.433569,1
2278,P_NOUN_8_PASS_b,F,P,les lampes avec la tasse que j' aime beaucoup ne sont probablement pas tombées <eos>,13,tombées,tombés,11,F,S,tombées,-7.781233,tombés,-8.887504,1
2279,P_NOUN_8_PASS_b,F,P,les lampes avec la tasse que j' aime beaucoup ne sont probablement pas utilisées <eos>,13,utilisées,utilisés,11,F,S,utilisées,-5.5679827,utilisés,-7.157796,1
2280,P_NOUN_8_PASS_b,F,P,les lampes avec la bougie que j' aime beaucoup ne sont probablement pas achetées <eos>,13,achetées,achetés,11,F,S,achetées,-10.820271,achetés,-10.806761,0
2281,P_NOUN_8_PASS_b,F,P,les lampes avec la bougie que j' aime beaucoup ne sont probablement pas brisées <eos>,13,brisées,brisés,11,F,S,brisées,-9.348155,brisés,-12.47888,1
2282,P_NOUN_8_PASS_b,F,P,les lampes avec la bougie que j' aime beaucoup ne sont probablement pas cachées <eos>,13,cachées,cachés,11,F,S,cachées,-7.940981,cachés,-9.246278,1
2283,P_NOUN_8_PASS_b,F,P,les lampes avec la bougie que j' aime beaucoup ne sont probablement pas cassées <eos>,13,cassées,cassés,11,F,S,cassées,-8.395156,cassés,-10.56701,1
2284,P_NOUN_8_PASS_b,F,P,les lampes avec la bougie que j' aime beaucoup ne sont probablement pas couvertes <eos>,13,couvertes,couverts,11,F,S,couvertes,-7.8513007,couverts,-9.134021,1
2285,P_NOUN_8_PASS_b,F,P,les lampes avec la bougie que j' aime beaucoup ne sont probablement pas déformées <eos>,13,déformées,déformés,11,F,S,déformées,-7.6900043,déformés,-12.574879,1
2286,P_NOUN_8_PASS_b,F,P,les lampes avec la bougie que j' aime beaucoup ne sont probablement pas fixées <eos>,13,fixées,fixés,11,F,S,fixées,-8.036498,fixés,-9.612951,1
2287,P_NOUN_8_PASS_b,F,P,les lampes avec la bougie que j' aime beaucoup ne sont probablement pas jetées <eos>,13,jetées,jetés,11,F,S,jetées,-8.831966,jetés,-9.708017,1
2288,P_NOUN_8_PASS_b,F,P,les lampes avec la bougie que j' aime beaucoup ne sont probablement pas laissées <eos>,13,laissées,laissés,11,F,S,laissées,-8.075929,laissés,-10.455857,1
2289,P_NOUN_8_PASS_b,F,P,les lampes avec la bougie que j' aime beaucoup ne sont probablement pas ouvertes <eos>,13,ouvertes,ouverts,11,F,S,ouvertes,-7.7270765,ouverts,-9.304264,1
2290,P_NOUN_8_PASS_b,F,P,les lampes avec la bougie que j' aime beaucoup ne sont probablement pas perdues <eos>,13,perdues,perdus,11,F,S,perdues,-7.4849176,perdus,-8.79767,1
2291,P_NOUN_8_PASS_b,F,P,les lampes avec la bougie que j' aime beaucoup ne sont probablement pas réparées <eos>,13,réparées,réparés,11,F,S,réparées,-8.604229,réparés,-12.108907,1
2292,P_NOUN_8_PASS_b,F,P,les lampes avec la bougie que j' aime beaucoup ne sont probablement pas retirées <eos>,13,retirées,retirés,11,F,S,retirées,-7.601383,retirés,-10.28841,1
2293,P_NOUN_8_PASS_b,F,P,les lampes avec la bougie que j' aime beaucoup ne sont probablement pas tombées <eos>,13,tombées,tombés,11,F,S,tombées,-7.5313244,tombés,-8.55022,1
2294,P_NOUN_8_PASS_b,F,P,les lampes avec la bougie que j' aime beaucoup ne sont probablement pas utilisées <eos>,13,utilisées,utilisés,11,F,S,utilisées,-5.2166758,utilisés,-6.663311,1
2295,P_NOUN_8_PASS_b,F,P,les lampes avec la pochette que j' aime beaucoup ne sont probablement pas achetées <eos>,13,achetées,achetés,11,F,S,achetées,-10.408524,achetés,-11.151298,1
2296,P_NOUN_8_PASS_b,F,P,les lampes avec la pochette que j' aime beaucoup ne sont probablement pas brisées <eos>,13,brisées,brisés,11,F,S,brisées,-8.96096,brisés,-12.505392,1
2297,P_NOUN_8_PASS_b,F,P,les lampes avec la pochette que j' aime beaucoup ne sont probablement pas cachées <eos>,13,cachées,cachés,11,F,S,cachées,-7.989373,cachés,-9.803892,1
2298,P_NOUN_8_PASS_b,F,P,les lampes avec la pochette que j' aime beaucoup ne sont probablement pas cassées <eos>,13,cassées,cassés,11,F,S,cassées,-8.604732,cassés,-10.895223,1
2299,P_NOUN_8_PASS_b,F,P,les lampes avec la pochette que j' aime beaucoup ne sont probablement pas couvertes <eos>,13,couvertes,couverts,11,F,S,couvertes,-8.431897,couverts,-9.972697,1
2300,P_NOUN_8_PASS_b,F,P,les lampes avec la pochette que j' aime beaucoup ne sont probablement pas déformées <eos>,13,déformées,déformés,11,F,S,déformées,-7.4583373,déformés,-12.475977,1
2301,P_NOUN_8_PASS_b,F,P,les lampes avec la pochette que j' aime beaucoup ne sont probablement pas fixées <eos>,13,fixées,fixés,11,F,S,fixées,-8.055353,fixés,-9.991062,1
2302,P_NOUN_8_PASS_b,F,P,les lampes avec la pochette que j' aime beaucoup ne sont probablement pas jetées <eos>,13,jetées,jetés,11,F,S,jetées,-9.566772,jetés,-10.496487,1
2303,P_NOUN_8_PASS_b,F,P,les lampes avec la pochette que j' aime beaucoup ne sont probablement pas laissées <eos>,13,laissées,laissés,11,F,S,laissées,-8.160978,laissés,-11.275312,1
2304,P_NOUN_8_PASS_b,F,P,les lampes avec la pochette que j' aime beaucoup ne sont probablement pas ouvertes <eos>,13,ouvertes,ouverts,11,F,S,ouvertes,-7.8105702,ouverts,-9.914216,1
2305,P_NOUN_8_PASS_b,F,P,les lampes avec la pochette que j' aime beaucoup ne sont probablement pas perdues <eos>,13,perdues,perdus,11,F,S,perdues,-7.469548,perdus,-9.062489,1
2306,P_NOUN_8_PASS_b,F,P,les lampes avec la pochette que j' aime beaucoup ne sont probablement pas réparées <eos>,13,réparées,réparés,11,F,S,réparées,-9.340088,réparés,-13.454164,1
2307,P_NOUN_8_PASS_b,F,P,les lampes avec la pochette que j' aime beaucoup ne sont probablement pas retirées <eos>,13,retirées,retirés,11,F,S,retirées,-7.7379317,retirés,-10.762724,1
2308,P_NOUN_8_PASS_b,F,P,les lampes avec la pochette que j' aime beaucoup ne sont probablement pas tombées <eos>,13,tombées,tombés,11,F,S,tombées,-7.932961,tombés,-9.434147,1
2309,P_NOUN_8_PASS_b,F,P,les lampes avec la pochette que j' aime beaucoup ne sont probablement pas utilisées <eos>,13,utilisées,utilisés,11,F,S,utilisées,-5.626705,utilisés,-7.421646,1
2310,P_NOUN_8_PASS_b,F,P,les lampes avec la banane que j' aime beaucoup ne sont probablement pas achetées <eos>,13,achetées,achetés,11,F,S,achetées,-10.822704,achetés,-10.221181,0
2311,P_NOUN_8_PASS_b,F,P,les lampes avec la banane que j' aime beaucoup ne sont probablement pas brisées <eos>,13,brisées,brisés,11,F,S,brisées,-9.325111,brisés,-12.620339,1
2312,P_NOUN_8_PASS_b,F,P,les lampes avec la banane que j' aime beaucoup ne sont probablement pas cachées <eos>,13,cachées,cachés,11,F,S,cachées,-8.300526,cachés,-9.400497,1
2313,P_NOUN_8_PASS_b,F,P,les lampes avec la banane que j' aime beaucoup ne sont probablement pas cassées <eos>,13,cassées,cassés,11,F,S,cassées,-8.715307,cassés,-10.169924,1
2314,P_NOUN_8_PASS_b,F,P,les lampes avec la banane que j' aime beaucoup ne sont probablement pas couvertes <eos>,13,couvertes,couverts,11,F,S,couvertes,-7.8554387,couverts,-8.804354,1
2315,P_NOUN_8_PASS_b,F,P,les lampes avec la banane que j' aime beaucoup ne sont probablement pas déformées <eos>,13,déformées,déformés,11,F,S,déformées,-8.187691,déformés,-12.908276,1
2316,P_NOUN_8_PASS_b,F,P,les lampes avec la banane que j' aime beaucoup ne sont probablement pas fixées <eos>,13,fixées,fixés,11,F,S,fixées,-8.264624,fixés,-9.272493,1
2317,P_NOUN_8_PASS_b,F,P,les lampes avec la banane que j' aime beaucoup ne sont probablement pas jetées <eos>,13,jetées,jetés,11,F,S,jetées,-8.051233,jetés,-10.233799,1
2318,P_NOUN_8_PASS_b,F,P,les lampes avec la banane que j' aime beaucoup ne sont probablement pas laissées <eos>,13,laissées,laissés,11,F,S,laissées,-7.9484706,laissés,-9.966965,1
2319,P_NOUN_8_PASS_b,F,P,les lampes avec la banane que j' aime beaucoup ne sont probablement pas ouvertes <eos>,13,ouvertes,ouverts,11,F,S,ouvertes,-8.355225,ouverts,-9.798556,1
2320,P_NOUN_8_PASS_b,F,P,les lampes avec la banane que j' aime beaucoup ne sont probablement pas perdues <eos>,13,perdues,perdus,11,F,S,perdues,-7.8987784,perdus,-8.719814,1
2321,P_NOUN_8_PASS_b,F,P,les lampes avec la banane que j' aime beaucoup ne sont probablement pas réparées <eos>,13,réparées,réparés,11,F,S,réparées,-9.225591,réparés,-11.936921,1
2322,P_NOUN_8_PASS_b,F,P,les lampes avec la banane que j' aime beaucoup ne sont probablement pas retirées <eos>,13,retirées,retirés,11,F,S,retirées,-8.312854,retirés,-10.263315,1
2323,P_NOUN_8_PASS_b,F,P,les lampes avec la banane que j' aime beaucoup ne sont probablement pas tombées <eos>,13,tombées,tombés,11,F,S,tombées,-7.384535,tombés,-8.194024,1
2324,P_NOUN_8_PASS_b,F,P,les lampes avec la banane que j' aime beaucoup ne sont probablement pas utilisées <eos>,13,utilisées,utilisés,11,F,S,utilisées,-5.1709023,utilisés,-6.4731493,1
2325,P_NOUN_8_PASS_b,F,P,les lampes avec la robe que j' aime beaucoup ne sont probablement pas achetées <eos>,13,achetées,achetés,11,F,S,achetées,-11.50248,achetés,-10.928913,0
2326,P_NOUN_8_PASS_b,F,P,les lampes avec la robe que j' aime beaucoup ne sont probablement pas brisées <eos>,13,brisées,brisés,11,F,S,brisées,-9.736923,brisés,-13.266266,1
2327,P_NOUN_8_PASS_b,F,P,les lampes avec la robe que j' aime beaucoup ne sont probablement pas cachées <eos>,13,cachées,cachés,11,F,S,cachées,-7.815969,cachés,-9.356266,1
2328,P_NOUN_8_PASS_b,F,P,les lampes avec la robe que j' aime beaucoup ne sont probablement pas cassées <eos>,13,cassées,cassés,11,F,S,cassées,-9.16105,cassés,-11.181149,1
2329,P_NOUN_8_PASS_b,F,P,les lampes avec la robe que j' aime beaucoup ne sont probablement pas couvertes <eos>,13,couvertes,couverts,11,F,S,couvertes,-7.810711,couverts,-9.063199,1
2330,P_NOUN_8_PASS_b,F,P,les lampes avec la robe que j' aime beaucoup ne sont probablement pas déformées <eos>,13,déformées,déformés,11,F,S,déformées,-8.036119,déformés,-12.654256,1
2331,P_NOUN_8_PASS_b,F,P,les lampes avec la robe que j' aime beaucoup ne sont probablement pas fixées <eos>,13,fixées,fixés,11,F,S,fixées,-8.361038,fixés,-10.032722,1
2332,P_NOUN_8_PASS_b,F,P,les lampes avec la robe que j' aime beaucoup ne sont probablement pas jetées <eos>,13,jetées,jetés,11,F,S,jetées,-9.182224,jetés,-10.390054,1
2333,P_NOUN_8_PASS_b,F,P,les lampes avec la robe que j' aime beaucoup ne sont probablement pas laissées <eos>,13,laissées,laissés,11,F,S,laissées,-8.503874,laissés,-10.8488865,1
2334,P_NOUN_8_PASS_b,F,P,les lampes avec la robe que j' aime beaucoup ne sont probablement pas ouvertes <eos>,13,ouvertes,ouverts,11,F,S,ouvertes,-7.7009425,ouverts,-9.533361,1
2335,P_NOUN_8_PASS_b,F,P,les lampes avec la robe que j' aime beaucoup ne sont probablement pas perdues <eos>,13,perdues,perdus,11,F,S,perdues,-8.1070795,perdus,-9.405955,1
2336,P_NOUN_8_PASS_b,F,P,les lampes avec la robe que j' aime beaucoup ne sont probablement pas réparées <eos>,13,réparées,réparés,11,F,S,réparées,-9.310904,réparés,-12.259249,1
2337,P_NOUN_8_PASS_b,F,P,les lampes avec la robe que j' aime beaucoup ne sont probablement pas retirées <eos>,13,retirées,retirés,11,F,S,retirées,-8.427958,retirés,-10.731644,1
2338,P_NOUN_8_PASS_b,F,P,les lampes avec la robe que j' aime beaucoup ne sont probablement pas tombées <eos>,13,tombées,tombés,11,F,S,tombées,-7.853138,tombés,-8.505584,1
2339,P_NOUN_8_PASS_b,F,P,les lampes avec la robe que j' aime beaucoup ne sont probablement pas utilisées <eos>,13,utilisées,utilisés,11,F,S,utilisées,-5.252992,utilisés,-6.6396976,1
2340,P_NOUN_8_PASS_b,F,P,les lampes avec la valise que j' aime beaucoup ne sont probablement pas achetées <eos>,13,achetées,achetés,11,F,S,achetées,-9.9890995,achetés,-10.334773,1
2341,P_NOUN_8_PASS_b,F,P,les lampes avec la valise que j' aime beaucoup ne sont probablement pas brisées <eos>,13,brisées,brisés,11,F,S,brisées,-9.045513,brisés,-12.521821,1
2342,P_NOUN_8_PASS_b,F,P,les lampes avec la valise que j' aime beaucoup ne sont probablement pas cachées <eos>,13,cachées,cachés,11,F,S,cachées,-7.2347345,cachés,-8.294147,1
2343,P_NOUN_8_PASS_b,F,P,les lampes avec la valise que j' aime beaucoup ne sont probablement pas cassées <eos>,13,cassées,cassés,11,F,S,cassées,-8.847731,cassés,-10.650702,1
2344,P_NOUN_8_PASS_b,F,P,les lampes avec la valise que j' aime beaucoup ne sont probablement pas couvertes <eos>,13,couvertes,couverts,11,F,S,couvertes,-8.188417,couverts,-9.657774,1
2345,P_NOUN_8_PASS_b,F,P,les lampes avec la valise que j' aime beaucoup ne sont probablement pas déformées <eos>,13,déformées,déformés,11,F,S,déformées,-7.248207,déformés,-12.913772,1
2346,P_NOUN_8_PASS_b,F,P,les lampes avec la valise que j' aime beaucoup ne sont probablement pas fixées <eos>,13,fixées,fixés,11,F,S,fixées,-8.128621,fixés,-9.866037,1
2347,P_NOUN_8_PASS_b,F,P,les lampes avec la valise que j' aime beaucoup ne sont probablement pas jetées <eos>,13,jetées,jetés,11,F,S,jetées,-8.346412,jetés,-9.284,1
2348,P_NOUN_8_PASS_b,F,P,les lampes avec la valise que j' aime beaucoup ne sont probablement pas laissées <eos>,13,laissées,laissés,11,F,S,laissées,-8.139143,laissés,-10.296446,1
2349,P_NOUN_8_PASS_b,F,P,les lampes avec la valise que j' aime beaucoup ne sont probablement pas ouvertes <eos>,13,ouvertes,ouverts,11,F,S,ouvertes,-7.5655565,ouverts,-9.096571,1
2350,P_NOUN_8_PASS_b,F,P,les lampes avec la valise que j' aime beaucoup ne sont probablement pas perdues <eos>,13,perdues,perdus,11,F,S,perdues,-7.145078,perdus,-8.395449,1
2351,P_NOUN_8_PASS_b,F,P,les lampes avec la valise que j' aime beaucoup ne sont probablement pas réparées <eos>,13,réparées,réparés,11,F,S,réparées,-8.991429,réparés,-12.851885,1
2352,P_NOUN_8_PASS_b,F,P,les lampes avec la valise que j' aime beaucoup ne sont probablement pas retirées <eos>,13,retirées,retirés,11,F,S,retirées,-7.938287,retirés,-10.020477,1
2353,P_NOUN_8_PASS_b,F,P,les lampes avec la valise que j' aime beaucoup ne sont probablement pas tombées <eos>,13,tombées,tombés,11,F,S,tombées,-7.71986,tombés,-8.562343,1
2354,P_NOUN_8_PASS_b,F,P,les lampes avec la valise que j' aime beaucoup ne sont probablement pas utilisées <eos>,13,utilisées,utilisés,11,F,S,utilisées,-5.1059523,utilisés,-6.5997124,1
2355,P_NOUN_8_PASS_b,F,P,les lampes avec la pendule que j' aime beaucoup ne sont probablement pas achetées <eos>,13,achetées,achetés,11,F,S,achetées,-11.327211,achetés,-11.037719,0
2356,P_NOUN_8_PASS_b,F,P,les lampes avec la pendule que j' aime beaucoup ne sont probablement pas brisées <eos>,13,brisées,brisés,11,F,S,brisées,-9.313886,brisés,-12.476241,1
2357,P_NOUN_8_PASS_b,F,P,les lampes avec la pendule que j' aime beaucoup ne sont probablement pas cachées <eos>,13,cachées,cachés,11,F,S,cachées,-7.9734955,cachés,-9.184019,1
2358,P_NOUN_8_PASS_b,F,P,les lampes avec la pendule que j' aime beaucoup ne sont probablement pas cassées <eos>,13,cassées,cassés,11,F,S,cassées,-8.317679,cassés,-10.6969385,1
2359,P_NOUN_8_PASS_b,F,P,les lampes avec la pendule que j' aime beaucoup ne sont probablement pas couvertes <eos>,13,couvertes,couverts,11,F,S,couvertes,-7.7570496,couverts,-9.152081,1
2360,P_NOUN_8_PASS_b,F,P,les lampes avec la pendule que j' aime beaucoup ne sont probablement pas déformées <eos>,13,déformées,déformés,11,F,S,déformées,-7.1859183,déformés,-12.463358,1
2361,P_NOUN_8_PASS_b,F,P,les lampes avec la pendule que j' aime beaucoup ne sont probablement pas fixées <eos>,13,fixées,fixés,11,F,S,fixées,-7.6162577,fixés,-9.360526,1
2362,P_NOUN_8_PASS_b,F,P,les lampes avec la pendule que j' aime beaucoup ne sont probablement pas jetées <eos>,13,jetées,jetés,11,F,S,jetées,-8.530433,jetés,-9.541618,1
2363,P_NOUN_8_PASS_b,F,P,les lampes avec la pendule que j' aime beaucoup ne sont probablement pas laissées <eos>,13,laissées,laissés,11,F,S,laissées,-8.258995,laissés,-10.663343,1
2364,P_NOUN_8_PASS_b,F,P,les lampes avec la pendule que j' aime beaucoup ne sont probablement pas ouvertes <eos>,13,ouvertes,ouverts,11,F,S,ouvertes,-7.6091213,ouverts,-9.126154,1
2365,P_NOUN_8_PASS_b,F,P,les lampes avec la pendule que j' aime beaucoup ne sont probablement pas perdues <eos>,13,perdues,perdus,11,F,S,perdues,-7.38751,perdus,-8.585742,1
2366,P_NOUN_8_PASS_b,F,P,les lampes avec la pendule que j' aime beaucoup ne sont probablement pas réparées <eos>,13,réparées,réparés,11,F,S,réparées,-8.682143,réparés,-12.133146,1
2367,P_NOUN_8_PASS_b,F,P,les lampes avec la pendule que j' aime beaucoup ne sont probablement pas retirées <eos>,13,retirées,retirés,11,F,S,retirées,-7.678631,retirés,-10.047403,1
2368,P_NOUN_8_PASS_b,F,P,les lampes avec la pendule que j' aime beaucoup ne sont probablement pas tombées <eos>,13,tombées,tombés,11,F,S,tombées,-7.5365486,tombés,-8.696856,1
2369,P_NOUN_8_PASS_b,F,P,les lampes avec la pendule que j' aime beaucoup ne sont probablement pas utilisées <eos>,13,utilisées,utilisés,11,F,S,utilisées,-4.9446735,utilisés,-6.276767,1
2370,P_NOUN_8_PASS_b,F,P,les lampes avec la cloche que j' aime beaucoup ne sont probablement pas achetées <eos>,13,achetées,achetés,11,F,S,achetées,-10.886255,achetés,-10.662121,0
2371,P_NOUN_8_PASS_b,F,P,les lampes avec la cloche que j' aime beaucoup ne sont probablement pas brisées <eos>,13,brisées,brisés,11,F,S,brisées,-9.150763,brisés,-12.3072815,1
2372,P_NOUN_8_PASS_b,F,P,les lampes avec la cloche que j' aime beaucoup ne sont probablement pas cachées <eos>,13,cachées,cachés,11,F,S,cachées,-7.690965,cachés,-8.944008,1
2373,P_NOUN_8_PASS_b,F,P,les lampes avec la cloche que j' aime beaucoup ne sont probablement pas cassées <eos>,13,cassées,cassés,11,F,S,cassées,-8.758015,cassés,-10.341533,1
2374,P_NOUN_8_PASS_b,F,P,les lampes avec la cloche que j' aime beaucoup ne sont probablement pas couvertes <eos>,13,couvertes,couverts,11,F,S,couvertes,-7.925649,couverts,-9.056278,1
2375,P_NOUN_8_PASS_b,F,P,les lampes avec la cloche que j' aime beaucoup ne sont probablement pas déformées <eos>,13,déformées,déformés,11,F,S,déformées,-7.9899592,déformés,-12.867332,1
2376,P_NOUN_8_PASS_b,F,P,les lampes avec la cloche que j' aime beaucoup ne sont probablement pas fixées <eos>,13,fixées,fixés,11,F,S,fixées,-8.075649,fixés,-9.495403,1
2377,P_NOUN_8_PASS_b,F,P,les lampes avec la cloche que j' aime beaucoup ne sont probablement pas jetées <eos>,13,jetées,jetés,11,F,S,jetées,-8.622089,jetés,-9.442284,1
2378,P_NOUN_8_PASS_b,F,P,les lampes avec la cloche que j' aime beaucoup ne sont probablement pas laissées <eos>,13,laissées,laissés,11,F,S,laissées,-8.341654,laissés,-10.2601595,1
2379,P_NOUN_8_PASS_b,F,P,les lampes avec la cloche que j' aime beaucoup ne sont probablement pas ouvertes <eos>,13,ouvertes,ouverts,11,F,S,ouvertes,-7.667281,ouverts,-9.550421,1
2380,P_NOUN_8_PASS_b,F,P,les lampes avec la cloche que j' aime beaucoup ne sont probablement pas perdues <eos>,13,perdues,perdus,11,F,S,perdues,-7.192556,perdus,-8.607565,1
2381,P_NOUN_8_PASS_b,F,P,les lampes avec la cloche que j' aime beaucoup ne sont probablement pas réparées <eos>,13,réparées,réparés,11,F,S,réparées,-8.779652,réparés,-12.006236,1
2382,P_NOUN_8_PASS_b,F,P,les lampes avec la cloche que j' aime beaucoup ne sont probablement pas retirées <eos>,13,retirées,retirés,11,F,S,retirées,-7.607659,retirés,-9.961206,1
2383,P_NOUN_8_PASS_b,F,P,les lampes avec la cloche que j' aime beaucoup ne sont probablement pas tombées <eos>,13,tombées,tombés,11,F,S,tombées,-7.6369257,tombés,-8.325468,1
2384,P_NOUN_8_PASS_b,F,P,les lampes avec la cloche que j' aime beaucoup ne sont probablement pas utilisées <eos>,13,utilisées,utilisés,11,F,S,utilisées,-5.179596,utilisés,-6.5568705,1
2385,P_NOUN_8_PASS_b,F,P,les lampes avec la cerise que j' aime beaucoup ne sont probablement pas achetées <eos>,13,achetées,achetés,11,F,S,achetées,-10.768818,achetés,-10.259929,0
2386,P_NOUN_8_PASS_b,F,P,les lampes avec la cerise que j' aime beaucoup ne sont probablement pas brisées <eos>,13,brisées,brisés,11,F,S,brisées,-9.469229,brisés,-12.725397,1
2387,P_NOUN_8_PASS_b,F,P,les lampes avec la cerise que j' aime beaucoup ne sont probablement pas cachées <eos>,13,cachées,cachés,11,F,S,cachées,-7.9372635,cachés,-9.421445,1
2388,P_NOUN_8_PASS_b,F,P,les lampes avec la cerise que j' aime beaucoup ne sont probablement pas cassées <eos>,13,cassées,cassés,11,F,S,cassées,-8.641369,cassés,-10.251894,1
2389,P_NOUN_8_PASS_b,F,P,les lampes avec la cerise que j' aime beaucoup ne sont probablement pas couvertes <eos>,13,couvertes,couverts,11,F,S,couvertes,-7.679135,couverts,-8.63872,1
2390,P_NOUN_8_PASS_b,F,P,les lampes avec la cerise que j' aime beaucoup ne sont probablement pas déformées <eos>,13,déformées,déformés,11,F,S,déformées,-8.148235,déformés,-13.035833,1
2391,P_NOUN_8_PASS_b,F,P,les lampes avec la cerise que j' aime beaucoup ne sont probablement pas fixées <eos>,13,fixées,fixés,11,F,S,fixées,-8.378721,fixés,-9.632744,1
2392,P_NOUN_8_PASS_b,F,P,les lampes avec la cerise que j' aime beaucoup ne sont probablement pas jetées <eos>,13,jetées,jetés,11,F,S,jetées,-8.975432,jetés,-10.305047,1
2393,P_NOUN_8_PASS_b,F,P,les lampes avec la cerise que j' aime beaucoup ne sont probablement pas laissées <eos>,13,laissées,laissés,11,F,S,laissées,-8.0535555,laissés,-10.379553,1
2394,P_NOUN_8_PASS_b,F,P,les lampes avec la cerise que j' aime beaucoup ne sont probablement pas ouvertes <eos>,13,ouvertes,ouverts,11,F,S,ouvertes,-7.7863483,ouverts,-9.191486,1
2395,P_NOUN_8_PASS_b,F,P,les lampes avec la cerise que j' aime beaucoup ne sont probablement pas perdues <eos>,13,perdues,perdus,11,F,S,perdues,-7.7818217,perdus,-9.09844,1
2396,P_NOUN_8_PASS_b,F,P,les lampes avec la cerise que j' aime beaucoup ne sont probablement pas réparées <eos>,13,réparées,réparés,11,F,S,réparées,-9.205957,réparés,-12.217316,1
2397,P_NOUN_8_PASS_b,F,P,les lampes avec la cerise que j' aime beaucoup ne sont probablement pas retirées <eos>,13,retirées,retirés,11,F,S,retirées,-8.210024,retirés,-10.332869,1
2398,P_NOUN_8_PASS_b,F,P,les lampes avec la cerise que j' aime beaucoup ne sont probablement pas tombées <eos>,13,tombées,tombés,11,F,S,tombées,-7.58824,tombés,-8.716454,1
2399,P_NOUN_8_PASS_b,F,P,les lampes avec la cerise que j' aime beaucoup ne sont probablement pas utilisées <eos>,13,utilisées,utilisés,11,F,S,utilisées,-5.210891,utilisés,-6.602833,1
2400,P_NOUN_8_PASS_b,F,P,les bouteilles avec la gemme que j' aime beaucoup ne sont probablement pas achetées <eos>,13,achetées,achetés,11,F,S,achetées,-9.454774,achetés,-9.957747,1
2401,P_NOUN_8_PASS_b,F,P,les bouteilles avec la gemme que j' aime beaucoup ne sont probablement pas brisées <eos>,13,brisées,brisés,11,F,S,brisées,-9.294442,brisés,-12.713251,1
2402,P_NOUN_8_PASS_b,F,P,les bouteilles avec la gemme que j' aime beaucoup ne sont probablement pas cachées <eos>,13,cachées,cachés,11,F,S,cachées,-7.8778534,cachés,-9.054777,1
2403,P_NOUN_8_PASS_b,F,P,les bouteilles avec la gemme que j' aime beaucoup ne sont probablement pas cassées <eos>,13,cassées,cassés,11,F,S,cassées,-8.186857,cassés,-9.978313,1
2404,P_NOUN_8_PASS_b,F,P,les bouteilles avec la gemme que j' aime beaucoup ne sont probablement pas couvertes <eos>,13,couvertes,couverts,11,F,S,couvertes,-7.6292744,couverts,-8.641434,1
2405,P_NOUN_8_PASS_b,F,P,les bouteilles avec la gemme que j' aime beaucoup ne sont probablement pas déformées <eos>,13,déformées,déformés,11,F,S,déformées,-8.30764,déformés,-13.467393,1
2406,P_NOUN_8_PASS_b,F,P,les bouteilles avec la gemme que j' aime beaucoup ne sont probablement pas fixées <eos>,13,fixées,fixés,11,F,S,fixées,-8.362106,fixés,-9.726701,1
2407,P_NOUN_8_PASS_b,F,P,les bouteilles avec la gemme que j' aime beaucoup ne sont probablement pas jetées <eos>,13,jetées,jetés,11,F,S,jetées,-9.141621,jetés,-9.724671,1
2408,P_NOUN_8_PASS_b,F,P,les bouteilles avec la gemme que j' aime beaucoup ne sont probablement pas laissées <eos>,13,laissées,laissés,11,F,S,laissées,-7.609007,laissés,-10.270479,1
2409,P_NOUN_8_PASS_b,F,P,les bouteilles avec la gemme que j' aime beaucoup ne sont probablement pas ouvertes <eos>,13,ouvertes,ouverts,11,F,S,ouvertes,-7.5565495,ouverts,-9.269485,1
2410,P_NOUN_8_PASS_b,F,P,les bouteilles avec la gemme que j' aime beaucoup ne sont probablement pas perdues <eos>,13,perdues,perdus,11,F,S,perdues,-7.42365,perdus,-8.614763,1
2411,P_NOUN_8_PASS_b,F,P,les bouteilles avec la gemme que j' aime beaucoup ne sont probablement pas réparées <eos>,13,réparées,réparés,11,F,S,réparées,-8.871804,réparés,-12.561908,1
2412,P_NOUN_8_PASS_b,F,P,les bouteilles avec la gemme que j' aime beaucoup ne sont probablement pas retirées <eos>,13,retirées,retirés,11,F,S,retirées,-7.694789,retirés,-9.978573,1
2413,P_NOUN_8_PASS_b,F,P,les bouteilles avec la gemme que j' aime beaucoup ne sont probablement pas tombées <eos>,13,tombées,tombés,11,F,S,tombées,-7.5644507,tombés,-8.254583,1
2414,P_NOUN_8_PASS_b,F,P,les bouteilles avec la gemme que j' aime beaucoup ne sont probablement pas utilisées <eos>,13,utilisées,utilisés,11,F,S,utilisées,-5.4782295,utilisés,-7.121443,1
2415,P_NOUN_8_PASS_b,F,P,les bouteilles avec la chaise que j' aime beaucoup ne sont probablement pas achetées <eos>,13,achetées,achetés,11,F,S,achetées,-9.480333,achetés,-9.979383,1
2416,P_NOUN_8_PASS_b,F,P,les bouteilles avec la chaise que j' aime beaucoup ne sont probablement pas brisées <eos>,13,brisées,brisés,11,F,S,brisées,-9.262959,brisés,-12.7524185,1
2417,P_NOUN_8_PASS_b,F,P,les bouteilles avec la chaise que j' aime beaucoup ne sont probablement pas cachées <eos>,13,cachées,cachés,11,F,S,cachées,-7.9083605,cachés,-9.416932,1
2418,P_NOUN_8_PASS_b,F,P,les bouteilles avec la chaise que j' aime beaucoup ne sont probablement pas cassées <eos>,13,cassées,cassés,11,F,S,cassées,-7.991204,cassés,-10.108974,1
2419,P_NOUN_8_PASS_b,F,P,les bouteilles avec la chaise que j' aime beaucoup ne sont probablement pas couvertes <eos>,13,couvertes,couverts,11,F,S,couvertes,-7.9793835,couverts,-8.981105,1
2420,P_NOUN_8_PASS_b,F,P,les bouteilles avec la chaise que j' aime beaucoup ne sont probablement pas déformées <eos>,13,déformées,déformés,11,F,S,déformées,-8.098897,déformés,-13.48143,1
2421,P_NOUN_8_PASS_b,F,P,les bouteilles avec la chaise que j' aime beaucoup ne sont probablement pas fixées <eos>,13,fixées,fixés,11,F,S,fixées,-7.9768476,fixés,-9.581731,1
2422,P_NOUN_8_PASS_b,F,P,les bouteilles avec la chaise que j' aime beaucoup ne sont probablement pas jetées <eos>,13,jetées,jetés,11,F,S,jetées,-9.328692,jetés,-10.058137,1
2423,P_NOUN_8_PASS_b,F,P,les bouteilles avec la chaise que j' aime beaucoup ne sont probablement pas laissées <eos>,13,laissées,laissés,11,F,S,laissées,-7.655559,laissés,-10.597807,1
2424,P_NOUN_8_PASS_b,F,P,les bouteilles avec la chaise que j' aime beaucoup ne sont probablement pas ouvertes <eos>,13,ouvertes,ouverts,11,F,S,ouvertes,-7.6652107,ouverts,-9.3827,1
2425,P_NOUN_8_PASS_b,F,P,les bouteilles avec la chaise que j' aime beaucoup ne sont probablement pas perdues <eos>,13,perdues,perdus,11,F,S,perdues,-7.538795,perdus,-8.77005,1
2426,P_NOUN_8_PASS_b,F,P,les bouteilles avec la chaise que j' aime beaucoup ne sont probablement pas réparées <eos>,13,réparées,réparés,11,F,S,réparées,-9.024855,réparés,-13.204057,1
2427,P_NOUN_8_PASS_b,F,P,les bouteilles avec la chaise que j' aime beaucoup ne sont probablement pas retirées <eos>,13,retirées,retirés,11,F,S,retirées,-7.780348,retirés,-10.167503,1
2428,P_NOUN_8_PASS_b,F,P,les bouteilles avec la chaise que j' aime beaucoup ne sont probablement pas tombées <eos>,13,tombées,tombés,11,F,S,tombées,-8.033468,tombés,-8.9295845,1
2429,P_NOUN_8_PASS_b,F,P,les bouteilles avec la chaise que j' aime beaucoup ne sont probablement pas utilisées <eos>,13,utilisées,utilisés,11,F,S,utilisées,-5.4700623,utilisés,-7.0761766,1
2430,P_NOUN_8_PASS_b,F,P,les bouteilles avec la poubelle que j' aime beaucoup ne sont probablement pas achetées <eos>,13,achetées,achetés,11,F,S,achetées,-9.437094,achetés,-9.736814,1
2431,P_NOUN_8_PASS_b,F,P,les bouteilles avec la poubelle que j' aime beaucoup ne sont probablement pas brisées <eos>,13,brisées,brisés,11,F,S,brisées,-9.361633,brisés,-12.9620695,1
2432,P_NOUN_8_PASS_b,F,P,les bouteilles avec la poubelle que j' aime beaucoup ne sont probablement pas cachées <eos>,13,cachées,cachés,11,F,S,cachées,-7.552126,cachés,-8.712524,1
2433,P_NOUN_8_PASS_b,F,P,les bouteilles avec la poubelle que j' aime beaucoup ne sont probablement pas cassées <eos>,13,cassées,cassés,11,F,S,cassées,-8.264706,cassés,-10.221294,1
2434,P_NOUN_8_PASS_b,F,P,les bouteilles avec la poubelle que j' aime beaucoup ne sont probablement pas couvertes <eos>,13,couvertes,couverts,11,F,S,couvertes,-7.8390145,couverts,-9.029183,1
2435,P_NOUN_8_PASS_b,F,P,les bouteilles avec la poubelle que j' aime beaucoup ne sont probablement pas déformées <eos>,13,déformées,déformés,11,F,S,déformées,-8.142436,déformés,-13.508943,1
2436,P_NOUN_8_PASS_b,F,P,les bouteilles avec la poubelle que j' aime beaucoup ne sont probablement pas fixées <eos>,13,fixées,fixés,11,F,S,fixées,-8.245254,fixés,-9.97945,1
2437,P_NOUN_8_PASS_b,F,P,les bouteilles avec la poubelle que j' aime beaucoup ne sont probablement pas jetées <eos>,13,jetées,jetés,11,F,S,jetées,-9.009333,jetés,-9.765298,1
2438,P_NOUN_8_PASS_b,F,P,les bouteilles avec la poubelle que j' aime beaucoup ne sont probablement pas laissées <eos>,13,laissées,laissés,11,F,S,laissées,-7.6991606,laissés,-10.302196,1
2439,P_NOUN_8_PASS_b,F,P,les bouteilles avec la poubelle que j' aime beaucoup ne sont probablement pas ouvertes <eos>,13,ouvertes,ouverts,11,F,S,ouvertes,-7.5290694,ouverts,-9.337946,1
2440,P_NOUN_8_PASS_b,F,P,les bouteilles avec la poubelle que j' aime beaucoup ne sont probablement pas perdues <eos>,13,perdues,perdus,11,F,S,perdues,-7.358289,perdus,-8.708755,1
2441,P_NOUN_8_PASS_b,F,P,les bouteilles avec la poubelle que j' aime beaucoup ne sont probablement pas réparées <eos>,13,réparées,réparés,11,F,S,réparées,-8.898676,réparés,-12.98444,1
2442,P_NOUN_8_PASS_b,F,P,les bouteilles avec la poubelle que j' aime beaucoup ne sont probablement pas retirées <eos>,13,retirées,retirés,11,F,S,retirées,-7.6418657,retirés,-10.024098,1
2443,P_NOUN_8_PASS_b,F,P,les bouteilles avec la poubelle que j' aime beaucoup ne sont probablement pas tombées <eos>,13,tombées,tombés,11,F,S,tombées,-7.6668653,tombés,-8.42956,1
2444,P_NOUN_8_PASS_b,F,P,les bouteilles avec la poubelle que j' aime beaucoup ne sont probablement pas utilisées <eos>,13,utilisées,utilisés,11,F,S,utilisées,-5.329476,utilisés,-7.0015264,1
2445,P_NOUN_8_PASS_b,F,P,les bouteilles avec la chemise que j' aime beaucoup ne sont probablement pas achetées <eos>,13,achetées,achetés,11,F,S,achetées,-9.391116,achetés,-10.1294565,1
2446,P_NOUN_8_PASS_b,F,P,les bouteilles avec la chemise que j' aime beaucoup ne sont probablement pas brisées <eos>,13,brisées,brisés,11,F,S,brisées,-9.353274,brisés,-12.886276,1
2447,P_NOUN_8_PASS_b,F,P,les bouteilles avec la chemise que j' aime beaucoup ne sont probablement pas cachées <eos>,13,cachées,cachés,11,F,S,cachées,-7.632693,cachés,-8.99863,1
2448,P_NOUN_8_PASS_b,F,P,les bouteilles avec la chemise que j' aime beaucoup ne sont probablement pas cassées <eos>,13,cassées,cassés,11,F,S,cassées,-8.003032,cassés,-10.196436,1
2449,P_NOUN_8_PASS_b,F,P,les bouteilles avec la chemise que j' aime beaucoup ne sont probablement pas couvertes <eos>,13,couvertes,couverts,11,F,S,couvertes,-7.7148743,couverts,-8.916318,1
2450,P_NOUN_8_PASS_b,F,P,les bouteilles avec la chemise que j' aime beaucoup ne sont probablement pas déformées <eos>,13,déformées,déformés,11,F,S,déformées,-8.377627,déformés,-13.696181,1
2451,P_NOUN_8_PASS_b,F,P,les bouteilles avec la chemise que j' aime beaucoup ne sont probablement pas fixées <eos>,13,fixées,fixés,11,F,S,fixées,-8.24916,fixés,-9.887616,1
2452,P_NOUN_8_PASS_b,F,P,les bouteilles avec la chemise que j' aime beaucoup ne sont probablement pas jetées <eos>,13,jetées,jetés,11,F,S,jetées,-9.043385,jetés,-9.814434,1
2453,P_NOUN_8_PASS_b,F,P,les bouteilles avec la chemise que j' aime beaucoup ne sont probablement pas laissées <eos>,13,laissées,laissés,11,F,S,laissées,-7.9288445,laissés,-10.430829,1
2454,P_NOUN_8_PASS_b,F,P,les bouteilles avec la chemise que j' aime beaucoup ne sont probablement pas ouvertes <eos>,13,ouvertes,ouverts,11,F,S,ouvertes,-7.5444613,ouverts,-9.35067,1
2455,P_NOUN_8_PASS_b,F,P,les bouteilles avec la chemise que j' aime beaucoup ne sont probablement pas perdues <eos>,13,perdues,perdus,11,F,S,perdues,-7.6950827,perdus,-8.847765,1
2456,P_NOUN_8_PASS_b,F,P,les bouteilles avec la chemise que j' aime beaucoup ne sont probablement pas réparées <eos>,13,réparées,réparés,11,F,S,réparées,-9.186974,réparés,-12.879468,1
2457,P_NOUN_8_PASS_b,F,P,les bouteilles avec la chemise que j' aime beaucoup ne sont probablement pas retirées <eos>,13,retirées,retirés,11,F,S,retirées,-7.821608,retirés,-9.895517,1
2458,P_NOUN_8_PASS_b,F,P,les bouteilles avec la chemise que j' aime beaucoup ne sont probablement pas tombées <eos>,13,tombées,tombés,11,F,S,tombées,-7.90335,tombés,-8.034757,1
2459,P_NOUN_8_PASS_b,F,P,les bouteilles avec la chemise que j' aime beaucoup ne sont probablement pas utilisées <eos>,13,utilisées,utilisés,11,F,S,utilisées,-5.278714,utilisés,-6.8780737,1
2460,P_NOUN_8_PASS_b,F,P,les bouteilles avec la recette que j' aime beaucoup ne sont probablement pas achetées <eos>,13,achetées,achetés,11,F,S,achetées,-9.29319,achetés,-9.738901,1
2461,P_NOUN_8_PASS_b,F,P,les bouteilles avec la recette que j' aime beaucoup ne sont probablement pas brisées <eos>,13,brisées,brisés,11,F,S,brisées,-9.91025,brisés,-13.432009,1
2462,P_NOUN_8_PASS_b,F,P,les bouteilles avec la recette que j' aime beaucoup ne sont probablement pas cachées <eos>,13,cachées,cachés,11,F,S,cachées,-8.441705,cachés,-9.480367,1
2463,P_NOUN_8_PASS_b,F,P,les bouteilles avec la recette que j' aime beaucoup ne sont probablement pas cassées <eos>,13,cassées,cassés,11,F,S,cassées,-8.707435,cassés,-10.182856,1
2464,P_NOUN_8_PASS_b,F,P,les bouteilles avec la recette que j' aime beaucoup ne sont probablement pas couvertes <eos>,13,couvertes,couverts,11,F,S,couvertes,-7.8636603,couverts,-8.71643,1
2465,P_NOUN_8_PASS_b,F,P,les bouteilles avec la recette que j' aime beaucoup ne sont probablement pas déformées <eos>,13,déformées,déformés,11,F,S,déformées,-8.702362,déformés,-13.829021,1
2466,P_NOUN_8_PASS_b,F,P,les bouteilles avec la recette que j' aime beaucoup ne sont probablement pas fixées <eos>,13,fixées,fixés,11,F,S,fixées,-8.48083,fixés,-9.993197,1
2467,P_NOUN_8_PASS_b,F,P,les bouteilles avec la recette que j' aime beaucoup ne sont probablement pas jetées <eos>,13,jetées,jetés,11,F,S,jetées,-9.867974,jetés,-10.721656,1
2468,P_NOUN_8_PASS_b,F,P,les bouteilles avec la recette que j' aime beaucoup ne sont probablement pas laissées <eos>,13,laissées,laissés,11,F,S,laissées,-7.693054,laissés,-10.931464,1
2469,P_NOUN_8_PASS_b,F,P,les bouteilles avec la recette que j' aime beaucoup ne sont probablement pas ouvertes <eos>,13,ouvertes,ouverts,11,F,S,ouvertes,-7.5431976,ouverts,-9.29777,1
2470,P_NOUN_8_PASS_b,F,P,les bouteilles avec la recette que j' aime beaucoup ne sont probablement pas perdues <eos>,13,perdues,perdus,11,F,S,perdues,-7.674821,perdus,-8.99515,1
2471,P_NOUN_8_PASS_b,F,P,les bouteilles avec la recette que j' aime beaucoup ne sont probablement pas réparées <eos>,13,réparées,réparés,11,F,S,réparées,-8.915436,réparés,-12.864261,1
2472,P_NOUN_8_PASS_b,F,P,les bouteilles avec la recette que j' aime beaucoup ne sont probablement pas retirées <eos>,13,retirées,retirés,11,F,S,retirées,-8.004004,retirés,-9.955172,1
2473,P_NOUN_8_PASS_b,F,P,les bouteilles avec la recette que j' aime beaucoup ne sont probablement pas tombées <eos>,13,tombées,tombés,11,F,S,tombées,-8.183675,tombés,-8.9340925,1
2474,P_NOUN_8_PASS_b,F,P,les bouteilles avec la recette que j' aime beaucoup ne sont probablement pas utilisées <eos>,13,utilisées,utilisés,11,F,S,utilisées,-5.278715,utilisés,-7.010728,1
2475,P_NOUN_8_PASS_b,F,P,les bouteilles avec la jupe que j' aime beaucoup ne sont probablement pas achetées <eos>,13,achetées,achetés,11,F,S,achetées,-9.374418,achetés,-10.065122,1
2476,P_NOUN_8_PASS_b,F,P,les bouteilles avec la jupe que j' aime beaucoup ne sont probablement pas brisées <eos>,13,brisées,brisés,11,F,S,brisées,-9.448989,brisés,-12.934539,1
2477,P_NOUN_8_PASS_b,F,P,les bouteilles avec la jupe que j' aime beaucoup ne sont probablement pas cachées <eos>,13,cachées,cachés,11,F,S,cachées,-8.012843,cachés,-9.494034,1
2478,P_NOUN_8_PASS_b,F,P,les bouteilles avec la jupe que j' aime beaucoup ne sont probablement pas cassées <eos>,13,cassées,cassés,11,F,S,cassées,-7.9190125,cassés,-10.076007,1
2479,P_NOUN_8_PASS_b,F,P,les bouteilles avec la jupe que j' aime beaucoup ne sont probablement pas couvertes <eos>,13,couvertes,couverts,11,F,S,couvertes,-7.6058536,couverts,-8.872458,1
2480,P_NOUN_8_PASS_b,F,P,les bouteilles avec la jupe que j' aime beaucoup ne sont probablement pas déformées <eos>,13,déformées,déformés,11,F,S,déformées,-7.7927136,déformés,-13.47073,1
2481,P_NOUN_8_PASS_b,F,P,les bouteilles avec la jupe que j' aime beaucoup ne sont probablement pas fixées <eos>,13,fixées,fixés,11,F,S,fixées,-8.066677,fixés,-9.812629,1
2482,P_NOUN_8_PASS_b,F,P,les bouteilles avec la jupe que j' aime beaucoup ne sont probablement pas jetées <eos>,13,jetées,jetés,11,F,S,jetées,-9.253085,jetés,-10.1304035,1
2483,P_NOUN_8_PASS_b,F,P,les bouteilles avec la jupe que j' aime beaucoup ne sont probablement pas laissées <eos>,13,laissées,laissés,11,F,S,laissées,-7.7672324,laissés,-10.832035,1
2484,P_NOUN_8_PASS_b,F,P,les bouteilles avec la jupe que j' aime beaucoup ne sont probablement pas ouvertes <eos>,13,ouvertes,ouverts,11,F,S,ouvertes,-7.453088,ouverts,-9.1861515,1
2485,P_NOUN_8_PASS_b,F,P,les bouteilles avec la jupe que j' aime beaucoup ne sont probablement pas perdues <eos>,13,perdues,perdus,11,F,S,perdues,-7.831967,perdus,-9.287856,1
2486,P_NOUN_8_PASS_b,F,P,les bouteilles avec la jupe que j' aime beaucoup ne sont probablement pas réparées <eos>,13,réparées,réparés,11,F,S,réparées,-8.970961,réparés,-13.267425,1
2487,P_NOUN_8_PASS_b,F,P,les bouteilles avec la jupe que j' aime beaucoup ne sont probablement pas retirées <eos>,13,retirées,retirés,11,F,S,retirées,-7.7632823,retirés,-10.18057,1
2488,P_NOUN_8_PASS_b,F,P,les bouteilles avec la jupe que j' aime beaucoup ne sont probablement pas tombées <eos>,13,tombées,tombés,11,F,S,tombées,-7.9621716,tombés,-8.91124,1
2489,P_NOUN_8_PASS_b,F,P,les bouteilles avec la jupe que j' aime beaucoup ne sont probablement pas utilisées <eos>,13,utilisées,utilisés,11,F,S,utilisées,-5.1647124,utilisés,-7.039498,1
2490,P_NOUN_8_PASS_b,F,P,les bouteilles avec la colle que j' aime beaucoup ne sont probablement pas achetées <eos>,13,achetées,achetés,11,F,S,achetées,-9.353682,achetés,-9.66279,1
2491,P_NOUN_8_PASS_b,F,P,les bouteilles avec la colle que j' aime beaucoup ne sont probablement pas brisées <eos>,13,brisées,brisés,11,F,S,brisées,-9.316893,brisés,-12.815019,1
2492,P_NOUN_8_PASS_b,F,P,les bouteilles avec la colle que j' aime beaucoup ne sont probablement pas cachées <eos>,13,cachées,cachés,11,F,S,cachées,-8.097016,cachés,-8.9839,1
2493,P_NOUN_8_PASS_b,F,P,les bouteilles avec la colle que j' aime beaucoup ne sont probablement pas cassées <eos>,13,cassées,cassés,11,F,S,cassées,-7.9819407,cassés,-9.779531,1
2494,P_NOUN_8_PASS_b,F,P,les bouteilles avec la colle que j' aime beaucoup ne sont probablement pas couvertes <eos>,13,couvertes,couverts,11,F,S,couvertes,-7.678689,couverts,-8.80641,1
2495,P_NOUN_8_PASS_b,F,P,les bouteilles avec la colle que j' aime beaucoup ne sont probablement pas déformées <eos>,13,déformées,déformés,11,F,S,déformées,-8.038664,déformés,-13.663078,1
2496,P_NOUN_8_PASS_b,F,P,les bouteilles avec la colle que j' aime beaucoup ne sont probablement pas fixées <eos>,13,fixées,fixés,11,F,S,fixées,-8.119551,fixés,-9.904393,1
2497,P_NOUN_8_PASS_b,F,P,les bouteilles avec la colle que j' aime beaucoup ne sont probablement pas jetées <eos>,13,jetées,jetés,11,F,S,jetées,-9.103347,jetés,-9.729319,1
2498,P_NOUN_8_PASS_b,F,P,les bouteilles avec la colle que j' aime beaucoup ne sont probablement pas laissées <eos>,13,laissées,laissés,11,F,S,laissées,-7.4383173,laissés,-10.40503,1
2499,P_NOUN_8_PASS_b,F,P,les bouteilles avec la colle que j' aime beaucoup ne sont probablement pas ouvertes <eos>,13,ouvertes,ouverts,11,F,S,ouvertes,-7.7057214,ouverts,-9.540199,1
2500,P_NOUN_8_PASS_b,F,P,les bouteilles avec la colle que j' aime beaucoup ne sont probablement pas perdues <eos>,13,perdues,perdus,11,F,S,perdues,-7.3549404,perdus,-8.639006,1
2501,P_NOUN_8_PASS_b,F,P,les bouteilles avec la colle que j' aime beaucoup ne sont probablement pas réparées <eos>,13,réparées,réparés,11,F,S,réparées,-8.849203,réparés,-12.8923855,1
2502,P_NOUN_8_PASS_b,F,P,les bouteilles avec la colle que j' aime beaucoup ne sont probablement pas retirées <eos>,13,retirées,retirés,11,F,S,retirées,-7.556733,retirés,-9.7332,1
2503,P_NOUN_8_PASS_b,F,P,les bouteilles avec la colle que j' aime beaucoup ne sont probablement pas tombées <eos>,13,tombées,tombés,11,F,S,tombées,-7.6930475,tombés,-8.588805,1
2504,P_NOUN_8_PASS_b,F,P,les bouteilles avec la colle que j' aime beaucoup ne sont probablement pas utilisées <eos>,13,utilisées,utilisés,11,F,S,utilisées,-5.046527,utilisés,-6.799114,1
2505,P_NOUN_8_PASS_b,F,P,les bouteilles avec la lampe que j' aime beaucoup ne sont probablement pas achetées <eos>,13,achetées,achetés,11,F,S,achetées,-9.369738,achetés,-10.169674,1
2506,P_NOUN_8_PASS_b,F,P,les bouteilles avec la lampe que j' aime beaucoup ne sont probablement pas brisées <eos>,13,brisées,brisés,11,F,S,brisées,-8.919998,brisés,-12.761013,1
2507,P_NOUN_8_PASS_b,F,P,les bouteilles avec la lampe que j' aime beaucoup ne sont probablement pas cachées <eos>,13,cachées,cachés,11,F,S,cachées,-7.6466293,cachés,-8.882515,1
2508,P_NOUN_8_PASS_b,F,P,les bouteilles avec la lampe que j' aime beaucoup ne sont probablement pas cassées <eos>,13,cassées,cassés,11,F,S,cassées,-7.9905,cassés,-10.235943,1
2509,P_NOUN_8_PASS_b,F,P,les bouteilles avec la lampe que j' aime beaucoup ne sont probablement pas couvertes <eos>,13,couvertes,couverts,11,F,S,couvertes,-7.8485494,couverts,-9.368085,1
2510,P_NOUN_8_PASS_b,F,P,les bouteilles avec la lampe que j' aime beaucoup ne sont probablement pas déformées <eos>,13,déformées,déformés,11,F,S,déformées,-7.52689,déformés,-13.253726,1
2511,P_NOUN_8_PASS_b,F,P,les bouteilles avec la lampe que j' aime beaucoup ne sont probablement pas fixées <eos>,13,fixées,fixés,11,F,S,fixées,-7.839144,fixés,-9.794544,1
2512,P_NOUN_8_PASS_b,F,P,les bouteilles avec la lampe que j' aime beaucoup ne sont probablement pas jetées <eos>,13,jetées,jetés,11,F,S,jetées,-8.515473,jetés,-9.427139,1
2513,P_NOUN_8_PASS_b,F,P,les bouteilles avec la lampe que j' aime beaucoup ne sont probablement pas laissées <eos>,13,laissées,laissés,11,F,S,laissées,-7.778475,laissés,-10.721099,1
2514,P_NOUN_8_PASS_b,F,P,les bouteilles avec la lampe que j' aime beaucoup ne sont probablement pas ouvertes <eos>,13,ouvertes,ouverts,11,F,S,ouvertes,-7.4035463,ouverts,-9.5421505,1
2515,P_NOUN_8_PASS_b,F,P,les bouteilles avec la lampe que j' aime beaucoup ne sont probablement pas perdues <eos>,13,perdues,perdus,11,F,S,perdues,-7.1509423,perdus,-8.65483,1
2516,P_NOUN_8_PASS_b,F,P,les bouteilles avec la lampe que j' aime beaucoup ne sont probablement pas réparées <eos>,13,réparées,réparés,11,F,S,réparées,-8.706082,réparés,-12.92372,1
2517,P_NOUN_8_PASS_b,F,P,les bouteilles avec la lampe que j' aime beaucoup ne sont probablement pas retirées <eos>,13,retirées,retirés,11,F,S,retirées,-7.3322535,retirés,-9.9021015,1
2518,P_NOUN_8_PASS_b,F,P,les bouteilles avec la lampe que j' aime beaucoup ne sont probablement pas tombées <eos>,13,tombées,tombés,11,F,S,tombées,-7.4497766,tombés,-8.820118,1
2519,P_NOUN_8_PASS_b,F,P,les bouteilles avec la lampe que j' aime beaucoup ne sont probablement pas utilisées <eos>,13,utilisées,utilisés,11,F,S,utilisées,-4.9218564,utilisés,-6.877641,1
2520,P_NOUN_8_PASS_b,F,P,les bouteilles avec la bouteille que j' aime beaucoup ne sont probablement pas achetées <eos>,13,achetées,achetés,11,F,S,achetées,-8.791069,achetés,-9.792555,1
2521,P_NOUN_8_PASS_b,F,P,les bouteilles avec la bouteille que j' aime beaucoup ne sont probablement pas brisées <eos>,13,brisées,brisés,11,F,S,brisées,-9.440014,brisés,-13.083162,1
2522,P_NOUN_8_PASS_b,F,P,les bouteilles avec la bouteille que j' aime beaucoup ne sont probablement pas cachées <eos>,13,cachées,cachés,11,F,S,cachées,-8.131838,cachés,-9.241197,1
2523,P_NOUN_8_PASS_b,F,P,les bouteilles avec la bouteille que j' aime beaucoup ne sont probablement pas cassées <eos>,13,cassées,cassés,11,F,S,cassées,-8.233061,cassés,-10.181212,1
2524,P_NOUN_8_PASS_b,F,P,les bouteilles avec la bouteille que j' aime beaucoup ne sont probablement pas couvertes <eos>,13,couvertes,couverts,11,F,S,couvertes,-7.6760383,couverts,-8.98276,1
2525,P_NOUN_8_PASS_b,F,P,les bouteilles avec la bouteille que j' aime beaucoup ne sont probablement pas déformées <eos>,13,déformées,déformés,11,F,S,déformées,-8.167952,déformés,-13.705873,1
2526,P_NOUN_8_PASS_b,F,P,les bouteilles avec la bouteille que j' aime beaucoup ne sont probablement pas fixées <eos>,13,fixées,fixés,11,F,S,fixées,-8.503511,fixés,-10.006853,1
2527,P_NOUN_8_PASS_b,F,P,les bouteilles avec la bouteille que j' aime beaucoup ne sont probablement pas jetées <eos>,13,jetées,jetés,11,F,S,jetées,-9.567888,jetés,-10.15579,1
2528,P_NOUN_8_PASS_b,F,P,les bouteilles avec la bouteille que j' aime beaucoup ne sont probablement pas laissées <eos>,13,laissées,laissés,11,F,S,laissées,-7.1806684,laissés,-10.594715,1
2529,P_NOUN_8_PASS_b,F,P,les bouteilles avec la bouteille que j' aime beaucoup ne sont probablement pas ouvertes <eos>,13,ouvertes,ouverts,11,F,S,ouvertes,-7.383115,ouverts,-9.299031,1
2530,P_NOUN_8_PASS_b,F,P,les bouteilles avec la bouteille que j' aime beaucoup ne sont probablement pas perdues <eos>,13,perdues,perdus,11,F,S,perdues,-7.3607454,perdus,-8.750298,1
2531,P_NOUN_8_PASS_b,F,P,les bouteilles avec la bouteille que j' aime beaucoup ne sont probablement pas réparées <eos>,13,réparées,réparés,11,F,S,réparées,-8.5908165,réparés,-12.819191,1
2532,P_NOUN_8_PASS_b,F,P,les bouteilles avec la bouteille que j' aime beaucoup ne sont probablement pas retirées <eos>,13,retirées,retirés,11,F,S,retirées,-7.563991,retirés,-10.115884,1
2533,P_NOUN_8_PASS_b,F,P,les bouteilles avec la bouteille que j' aime beaucoup ne sont probablement pas tombées <eos>,13,tombées,tombés,11,F,S,tombées,-7.8266697,tombés,-9.075759,1
2534,P_NOUN_8_PASS_b,F,P,les bouteilles avec la bouteille que j' aime beaucoup ne sont probablement pas utilisées <eos>,13,utilisées,utilisés,11,F,S,utilisées,-5.376469,utilisés,-7.3304467,1
2535,P_NOUN_8_PASS_b,F,P,les bouteilles avec la boisson que j' aime beaucoup ne sont probablement pas achetées <eos>,13,achetées,achetés,11,F,S,achetées,-9.402637,achetés,-9.625395,1
2536,P_NOUN_8_PASS_b,F,P,les bouteilles avec la boisson que j' aime beaucoup ne sont probablement pas brisées <eos>,13,brisées,brisés,11,F,S,brisées,-9.764148,brisés,-13.468548,1
2537,P_NOUN_8_PASS_b,F,P,les bouteilles avec la boisson que j' aime beaucoup ne sont probablement pas cachées <eos>,13,cachées,cachés,11,F,S,cachées,-8.240507,cachés,-9.305035,1
2538,P_NOUN_8_PASS_b,F,P,les bouteilles avec la boisson que j' aime beaucoup ne sont probablement pas cassées <eos>,13,cassées,cassés,11,F,S,cassées,-8.730287,cassés,-10.231835,1
2539,P_NOUN_8_PASS_b,F,P,les bouteilles avec la boisson que j' aime beaucoup ne sont probablement pas couvertes <eos>,13,couvertes,couverts,11,F,S,couvertes,-8.0992565,couverts,-8.741469,1
2540,P_NOUN_8_PASS_b,F,P,les bouteilles avec la boisson que j' aime beaucoup ne sont probablement pas déformées <eos>,13,déformées,déformés,11,F,S,déformées,-8.76284,déformés,-13.8785,1
2541,P_NOUN_8_PASS_b,F,P,les bouteilles avec la boisson que j' aime beaucoup ne sont probablement pas fixées <eos>,13,fixées,fixés,11,F,S,fixées,-8.585669,fixés,-10.019664,1
2542,P_NOUN_8_PASS_b,F,P,les bouteilles avec la boisson que j' aime beaucoup ne sont probablement pas jetées <eos>,13,jetées,jetés,11,F,S,jetées,-9.687775,jetés,-10.447275,1
2543,P_NOUN_8_PASS_b,F,P,les bouteilles avec la boisson que j' aime beaucoup ne sont probablement pas laissées <eos>,13,laissées,laissés,11,F,S,laissées,-7.5936933,laissés,-10.581852,1
2544,P_NOUN_8_PASS_b,F,P,les bouteilles avec la boisson que j' aime beaucoup ne sont probablement pas ouvertes <eos>,13,ouvertes,ouverts,11,F,S,ouvertes,-7.9286494,ouverts,-9.690593,1
2545,P_NOUN_8_PASS_b,F,P,les bouteilles avec la boisson que j' aime beaucoup ne sont probablement pas perdues <eos>,13,perdues,perdus,11,F,S,perdues,-7.7368164,perdus,-8.867388,1
2546,P_NOUN_8_PASS_b,F,P,les bouteilles avec la boisson que j' aime beaucoup ne sont probablement pas réparées <eos>,13,réparées,réparés,11,F,S,réparées,-9.545238,réparés,-13.358866,1
2547,P_NOUN_8_PASS_b,F,P,les bouteilles avec la boisson que j' aime beaucoup ne sont probablement pas retirées <eos>,13,retirées,retirés,11,F,S,retirées,-8.031529,retirés,-10.206301,1
2548,P_NOUN_8_PASS_b,F,P,les bouteilles avec la boisson que j' aime beaucoup ne sont probablement pas tombées <eos>,13,tombées,tombés,11,F,S,tombées,-7.9613514,tombés,-8.49911,1
2549,P_NOUN_8_PASS_b,F,P,les bouteilles avec la boisson que j' aime beaucoup ne sont probablement pas utilisées <eos>,13,utilisées,utilisés,11,F,S,utilisées,-5.583109,utilisés,-7.2038727,1
2550,P_NOUN_8_PASS_b,F,P,les bouteilles avec la pomme que j' aime beaucoup ne sont probablement pas achetées <eos>,13,achetées,achetés,11,F,S,achetées,-8.7044735,achetés,-9.276538,1
2551,P_NOUN_8_PASS_b,F,P,les bouteilles avec la pomme que j' aime beaucoup ne sont probablement pas brisées <eos>,13,brisées,brisés,11,F,S,brisées,-9.561112,brisés,-13.240579,1
2552,P_NOUN_8_PASS_b,F,P,les bouteilles avec la pomme que j' aime beaucoup ne sont probablement pas cachées <eos>,13,cachées,cachés,11,F,S,cachées,-8.033388,cachés,-9.171613,1
2553,P_NOUN_8_PASS_b,F,P,les bouteilles avec la pomme que j' aime beaucoup ne sont probablement pas cassées <eos>,13,cassées,cassés,11,F,S,cassées,-8.370099,cassés,-9.777409,1
2554,P_NOUN_8_PASS_b,F,P,les bouteilles avec la pomme que j' aime beaucoup ne sont probablement pas couvertes <eos>,13,couvertes,couverts,11,F,S,couvertes,-7.6622257,couverts,-8.554228,1
2555,P_NOUN_8_PASS_b,F,P,les bouteilles avec la pomme que j' aime beaucoup ne sont probablement pas déformées <eos>,13,déformées,déformés,11,F,S,déformées,-8.529651,déformés,-13.965719,1
2556,P_NOUN_8_PASS_b,F,P,les bouteilles avec la pomme que j' aime beaucoup ne sont probablement pas fixées <eos>,13,fixées,fixés,11,F,S,fixées,-8.543095,fixés,-9.827711,1
2557,P_NOUN_8_PASS_b,F,P,les bouteilles avec la pomme que j' aime beaucoup ne sont probablement pas jetées <eos>,13,jetées,jetés,11,F,S,jetées,-9.526127,jetés,-10.331882,1
2558,P_NOUN_8_PASS_b,F,P,les bouteilles avec la pomme que j' aime beaucoup ne sont probablement pas laissées <eos>,13,laissées,laissés,11,F,S,laissées,-7.444329,laissés,-10.2718525,1
2559,P_NOUN_8_PASS_b,F,P,les bouteilles avec la pomme que j' aime beaucoup ne sont probablement pas ouvertes <eos>,13,ouvertes,ouverts,11,F,S,ouvertes,-7.603761,ouverts,-9.392246,1
2560,P_NOUN_8_PASS_b,F,P,les bouteilles avec la pomme que j' aime beaucoup ne sont probablement pas perdues <eos>,13,perdues,perdus,11,F,S,perdues,-7.295711,perdus,-8.718534,1
2561,P_NOUN_8_PASS_b,F,P,les bouteilles avec la pomme que j' aime beaucoup ne sont probablement pas réparées <eos>,13,réparées,réparés,11,F,S,réparées,-9.108835,réparés,-13.022701,1
2562,P_NOUN_8_PASS_b,F,P,les bouteilles avec la pomme que j' aime beaucoup ne sont probablement pas retirées <eos>,13,retirées,retirés,11,F,S,retirées,-7.8822074,retirés,-10.099396,1
2563,P_NOUN_8_PASS_b,F,P,les bouteilles avec la pomme que j' aime beaucoup ne sont probablement pas tombées <eos>,13,tombées,tombés,11,F,S,tombées,-7.6536126,tombés,-8.464049,1
2564,P_NOUN_8_PASS_b,F,P,les bouteilles avec la pomme que j' aime beaucoup ne sont probablement pas utilisées <eos>,13,utilisées,utilisés,11,F,S,utilisées,-5.2436504,utilisés,-7.0531645,1
2565,P_NOUN_8_PASS_b,F,P,les bouteilles avec la tasse que j' aime beaucoup ne sont probablement pas achetées <eos>,13,achetées,achetés,11,F,S,achetées,-8.926308,achetés,-9.725362,1
2566,P_NOUN_8_PASS_b,F,P,les bouteilles avec la tasse que j' aime beaucoup ne sont probablement pas brisées <eos>,13,brisées,brisés,11,F,S,brisées,-9.167994,brisés,-12.798617,1
2567,P_NOUN_8_PASS_b,F,P,les bouteilles avec la tasse que j' aime beaucoup ne sont probablement pas cachées <eos>,13,cachées,cachés,11,F,S,cachées,-8.066176,cachés,-9.646233,1
2568,P_NOUN_8_PASS_b,F,P,les bouteilles avec la tasse que j' aime beaucoup ne sont probablement pas cassées <eos>,13,cassées,cassés,11,F,S,cassées,-8.005884,cassés,-9.920495,1
2569,P_NOUN_8_PASS_b,F,P,les bouteilles avec la tasse que j' aime beaucoup ne sont probablement pas couvertes <eos>,13,couvertes,couverts,11,F,S,couvertes,-7.423214,couverts,-8.4688225,1
2570,P_NOUN_8_PASS_b,F,P,les bouteilles avec la tasse que j' aime beaucoup ne sont probablement pas déformées <eos>,13,déformées,déformés,11,F,S,déformées,-8.360438,déformés,-13.649891,1
2571,P_NOUN_8_PASS_b,F,P,les bouteilles avec la tasse que j' aime beaucoup ne sont probablement pas fixées <eos>,13,fixées,fixés,11,F,S,fixées,-8.416226,fixés,-9.99142,1
2572,P_NOUN_8_PASS_b,F,P,les bouteilles avec la tasse que j' aime beaucoup ne sont probablement pas jetées <eos>,13,jetées,jetés,11,F,S,jetées,-9.266336,jetés,-10.215362,1
2573,P_NOUN_8_PASS_b,F,P,les bouteilles avec la tasse que j' aime beaucoup ne sont probablement pas laissées <eos>,13,laissées,laissés,11,F,S,laissées,-7.073709,laissés,-10.379722,1
2574,P_NOUN_8_PASS_b,F,P,les bouteilles avec la tasse que j' aime beaucoup ne sont probablement pas ouvertes <eos>,13,ouvertes,ouverts,11,F,S,ouvertes,-7.094738,ouverts,-8.812454,1
2575,P_NOUN_8_PASS_b,F,P,les bouteilles avec la tasse que j' aime beaucoup ne sont probablement pas perdues <eos>,13,perdues,perdus,11,F,S,perdues,-7.816473,perdus,-9.035359,1
2576,P_NOUN_8_PASS_b,F,P,les bouteilles avec la tasse que j' aime beaucoup ne sont probablement pas réparées <eos>,13,réparées,réparés,11,F,S,réparées,-8.634099,réparés,-12.690077,1
2577,P_NOUN_8_PASS_b,F,P,les bouteilles avec la tasse que j' aime beaucoup ne sont probablement pas retirées <eos>,13,retirées,retirés,11,F,S,retirées,-7.9181833,retirés,-10.255441,1
2578,P_NOUN_8_PASS_b,F,P,les bouteilles avec la tasse que j' aime beaucoup ne sont probablement pas tombées <eos>,13,tombées,tombés,11,F,S,tombées,-7.9677315,tombés,-9.0212555,1
2579,P_NOUN_8_PASS_b,F,P,les bouteilles avec la tasse que j' aime beaucoup ne sont probablement pas utilisées <eos>,13,utilisées,utilisés,11,F,S,utilisées,-5.5576777,utilisés,-7.493812,1
2580,P_NOUN_8_PASS_b,F,P,les bouteilles avec la bougie que j' aime beaucoup ne sont probablement pas achetées <eos>,13,achetées,achetés,11,F,S,achetées,-9.166363,achetés,-10.129456,1
2581,P_NOUN_8_PASS_b,F,P,les bouteilles avec la bougie que j' aime beaucoup ne sont probablement pas brisées <eos>,13,brisées,brisés,11,F,S,brisées,-9.277497,brisés,-12.741833,1
2582,P_NOUN_8_PASS_b,F,P,les bouteilles avec la bougie que j' aime beaucoup ne sont probablement pas cachées <eos>,13,cachées,cachés,11,F,S,cachées,-8.162538,cachés,-9.166698,1
2583,P_NOUN_8_PASS_b,F,P,les bouteilles avec la bougie que j' aime beaucoup ne sont probablement pas cassées <eos>,13,cassées,cassés,11,F,S,cassées,-7.914434,cassés,-10.119503,1
2584,P_NOUN_8_PASS_b,F,P,les bouteilles avec la bougie que j' aime beaucoup ne sont probablement pas couvertes <eos>,13,couvertes,couverts,11,F,S,couvertes,-7.8593793,couverts,-9.122478,1
2585,P_NOUN_8_PASS_b,F,P,les bouteilles avec la bougie que j' aime beaucoup ne sont probablement pas déformées <eos>,13,déformées,déformés,11,F,S,déformées,-8.073231,déformés,-13.393947,1
2586,P_NOUN_8_PASS_b,F,P,les bouteilles avec la bougie que j' aime beaucoup ne sont probablement pas fixées <eos>,13,fixées,fixés,11,F,S,fixées,-8.238172,fixés,-9.834139,1
2587,P_NOUN_8_PASS_b,F,P,les bouteilles avec la bougie que j' aime beaucoup ne sont probablement pas jetées <eos>,13,jetées,jetés,11,F,S,jetées,-9.231488,jetés,-9.748807,1
2588,P_NOUN_8_PASS_b,F,P,les bouteilles avec la bougie que j' aime beaucoup ne sont probablement pas laissées <eos>,13,laissées,laissés,11,F,S,laissées,-7.468567,laissés,-10.49896,1
2589,P_NOUN_8_PASS_b,F,P,les bouteilles avec la bougie que j' aime beaucoup ne sont probablement pas ouvertes <eos>,13,ouvertes,ouverts,11,F,S,ouvertes,-7.6000457,ouverts,-9.3786335,1
2590,P_NOUN_8_PASS_b,F,P,les bouteilles avec la bougie que j' aime beaucoup ne sont probablement pas perdues <eos>,13,perdues,perdus,11,F,S,perdues,-7.2836246,perdus,-8.755966,1
2591,P_NOUN_8_PASS_b,F,P,les bouteilles avec la bougie que j' aime beaucoup ne sont probablement pas réparées <eos>,13,réparées,réparés,11,F,S,réparées,-8.615241,réparés,-12.698576,1
2592,P_NOUN_8_PASS_b,F,P,les bouteilles avec la bougie que j' aime beaucoup ne sont probablement pas retirées <eos>,13,retirées,retirés,11,F,S,retirées,-7.428749,retirés,-10.074277,1
2593,P_NOUN_8_PASS_b,F,P,les bouteilles avec la bougie que j' aime beaucoup ne sont probablement pas tombées <eos>,13,tombées,tombés,11,F,S,tombées,-7.6184473,tombés,-8.587585,1
2594,P_NOUN_8_PASS_b,F,P,les bouteilles avec la bougie que j' aime beaucoup ne sont probablement pas utilisées <eos>,13,utilisées,utilisés,11,F,S,utilisées,-5.3579903,utilisés,-7.186675,1
2595,P_NOUN_8_PASS_b,F,P,les bouteilles avec la pochette que j' aime beaucoup ne sont probablement pas achetées <eos>,13,achetées,achetés,11,F,S,achetées,-9.192791,achetés,-10.655608,1
2596,P_NOUN_8_PASS_b,F,P,les bouteilles avec la pochette que j' aime beaucoup ne sont probablement pas brisées <eos>,13,brisées,brisés,11,F,S,brisées,-9.279661,brisés,-13.166684,1
2597,P_NOUN_8_PASS_b,F,P,les bouteilles avec la pochette que j' aime beaucoup ne sont probablement pas cachées <eos>,13,cachées,cachés,11,F,S,cachées,-8.213409,cachés,-10.034738,1
2598,P_NOUN_8_PASS_b,F,P,les bouteilles avec la pochette que j' aime beaucoup ne sont probablement pas cassées <eos>,13,cassées,cassés,11,F,S,cassées,-8.434737,cassés,-10.892717,1
2599,P_NOUN_8_PASS_b,F,P,les bouteilles avec la pochette que j' aime beaucoup ne sont probablement pas couvertes <eos>,13,couvertes,couverts,11,F,S,couvertes,-8.702278,couverts,-10.126833,1
2600,P_NOUN_8_PASS_b,F,P,les bouteilles avec la pochette que j' aime beaucoup ne sont probablement pas déformées <eos>,13,déformées,déformés,11,F,S,déformées,-7.948414,déformés,-13.295323,1
2601,P_NOUN_8_PASS_b,F,P,les bouteilles avec la pochette que j' aime beaucoup ne sont probablement pas fixées <eos>,13,fixées,fixés,11,F,S,fixées,-8.377591,fixés,-10.427681,1
2602,P_NOUN_8_PASS_b,F,P,les bouteilles avec la pochette que j' aime beaucoup ne sont probablement pas jetées <eos>,13,jetées,jetés,11,F,S,jetées,-10.112632,jetés,-10.739663,1
2603,P_NOUN_8_PASS_b,F,P,les bouteilles avec la pochette que j' aime beaucoup ne sont probablement pas laissées <eos>,13,laissées,laissés,11,F,S,laissées,-7.8200173,laissés,-11.395281,1
2604,P_NOUN_8_PASS_b,F,P,les bouteilles avec la pochette que j' aime beaucoup ne sont probablement pas ouvertes <eos>,13,ouvertes,ouverts,11,F,S,ouvertes,-7.8162823,ouverts,-10.139917,1
2605,P_NOUN_8_PASS_b,F,P,les bouteilles avec la pochette que j' aime beaucoup ne sont probablement pas perdues <eos>,13,perdues,perdus,11,F,S,perdues,-7.4392657,perdus,-9.274421,1
2606,P_NOUN_8_PASS_b,F,P,les bouteilles avec la pochette que j' aime beaucoup ne sont probablement pas réparées <eos>,13,réparées,réparés,11,F,S,réparées,-9.217978,réparés,-14.039377,1
2607,P_NOUN_8_PASS_b,F,P,les bouteilles avec la pochette que j' aime beaucoup ne sont probablement pas retirées <eos>,13,retirées,retirés,11,F,S,retirées,-7.4994993,retirés,-10.719517,1
2608,P_NOUN_8_PASS_b,F,P,les bouteilles avec la pochette que j' aime beaucoup ne sont probablement pas tombées <eos>,13,tombées,tombés,11,F,S,tombées,-8.131889,tombés,-9.453626,1
2609,P_NOUN_8_PASS_b,F,P,les bouteilles avec la pochette que j' aime beaucoup ne sont probablement pas utilisées <eos>,13,utilisées,utilisés,11,F,S,utilisées,-5.7463245,utilisés,-7.914072,1
2610,P_NOUN_8_PASS_b,F,P,les bouteilles avec la banane que j' aime beaucoup ne sont probablement pas achetées <eos>,13,achetées,achetés,11,F,S,achetées,-9.2708235,achetés,-9.64245,1
2611,P_NOUN_8_PASS_b,F,P,les bouteilles avec la banane que j' aime beaucoup ne sont probablement pas brisées <eos>,13,brisées,brisés,11,F,S,brisées,-9.2969475,brisés,-13.046083,1
2612,P_NOUN_8_PASS_b,F,P,les bouteilles avec la banane que j' aime beaucoup ne sont probablement pas cachées <eos>,13,cachées,cachés,11,F,S,cachées,-8.462547,cachés,-9.557352,1
2613,P_NOUN_8_PASS_b,F,P,les bouteilles avec la banane que j' aime beaucoup ne sont probablement pas cassées <eos>,13,cassées,cassés,11,F,S,cassées,-8.292851,cassés,-10.033225,1
2614,P_NOUN_8_PASS_b,F,P,les bouteilles avec la banane que j' aime beaucoup ne sont probablement pas couvertes <eos>,13,couvertes,couverts,11,F,S,couvertes,-7.8576775,couverts,-8.789219,1
2615,P_NOUN_8_PASS_b,F,P,les bouteilles avec la banane que j' aime beaucoup ne sont probablement pas déformées <eos>,13,déformées,déformés,11,F,S,déformées,-8.383403,déformés,-13.717591,1
2616,P_NOUN_8_PASS_b,F,P,les bouteilles avec la banane que j' aime beaucoup ne sont probablement pas fixées <eos>,13,fixées,fixés,11,F,S,fixées,-8.450555,fixés,-9.577845,1
2617,P_NOUN_8_PASS_b,F,P,les bouteilles avec la banane que j' aime beaucoup ne sont probablement pas jetées <eos>,13,jetées,jetés,11,F,S,jetées,-8.374264,jetés,-10.426149,1
2618,P_NOUN_8_PASS_b,F,P,les bouteilles avec la banane que j' aime beaucoup ne sont probablement pas laissées <eos>,13,laissées,laissés,11,F,S,laissées,-7.436001,laissés,-10.239889,1
2619,P_NOUN_8_PASS_b,F,P,les bouteilles avec la banane que j' aime beaucoup ne sont probablement pas ouvertes <eos>,13,ouvertes,ouverts,11,F,S,ouvertes,-8.249198,ouverts,-9.797638,1
2620,P_NOUN_8_PASS_b,F,P,les bouteilles avec la banane que j' aime beaucoup ne sont probablement pas perdues <eos>,13,perdues,perdus,11,F,S,perdues,-7.6545095,perdus,-8.709942,1
2621,P_NOUN_8_PASS_b,F,P,les bouteilles avec la banane que j' aime beaucoup ne sont probablement pas réparées <eos>,13,réparées,réparés,11,F,S,réparées,-9.424227,réparés,-12.824274,1
2622,P_NOUN_8_PASS_b,F,P,les bouteilles avec la banane que j' aime beaucoup ne sont probablement pas retirées <eos>,13,retirées,retirés,11,F,S,retirées,-8.228456,retirés,-10.212843,1
2623,P_NOUN_8_PASS_b,F,P,les bouteilles avec la banane que j' aime beaucoup ne sont probablement pas tombées <eos>,13,tombées,tombés,11,F,S,tombées,-7.470014,tombés,-8.293776,1
2624,P_NOUN_8_PASS_b,F,P,les bouteilles avec la banane que j' aime beaucoup ne sont probablement pas utilisées <eos>,13,utilisées,utilisés,11,F,S,utilisées,-5.2155714,utilisés,-6.9600677,1
2625,P_NOUN_8_PASS_b,F,P,les bouteilles avec la robe que j' aime beaucoup ne sont probablement pas achetées <eos>,13,achetées,achetés,11,F,S,achetées,-9.808385,achetés,-10.067424,1
2626,P_NOUN_8_PASS_b,F,P,les bouteilles avec la robe que j' aime beaucoup ne sont probablement pas brisées <eos>,13,brisées,brisés,11,F,S,brisées,-9.67686,brisés,-13.471738,1
2627,P_NOUN_8_PASS_b,F,P,les bouteilles avec la robe que j' aime beaucoup ne sont probablement pas cachées <eos>,13,cachées,cachés,11,F,S,cachées,-7.833309,cachés,-9.230652,1
2628,P_NOUN_8_PASS_b,F,P,les bouteilles avec la robe que j' aime beaucoup ne sont probablement pas cassées <eos>,13,cassées,cassés,11,F,S,cassées,-8.557063,cassés,-10.608643,1
2629,P_NOUN_8_PASS_b,F,P,les bouteilles avec la robe que j' aime beaucoup ne sont probablement pas couvertes <eos>,13,couvertes,couverts,11,F,S,couvertes,-7.75461,couverts,-8.834619,1
2630,P_NOUN_8_PASS_b,F,P,les bouteilles avec la robe que j' aime beaucoup ne sont probablement pas déformées <eos>,13,déformées,déformés,11,F,S,déformées,-8.397242,déformés,-13.507929,1
2631,P_NOUN_8_PASS_b,F,P,les bouteilles avec la robe que j' aime beaucoup ne sont probablement pas fixées <eos>,13,fixées,fixés,11,F,S,fixées,-8.558232,fixés,-10.160803,1
2632,P_NOUN_8_PASS_b,F,P,les bouteilles avec la robe que j' aime beaucoup ne sont probablement pas jetées <eos>,13,jetées,jetés,11,F,S,jetées,-9.471729,jetés,-10.311797,1
2633,P_NOUN_8_PASS_b,F,P,les bouteilles avec la robe que j' aime beaucoup ne sont probablement pas laissées <eos>,13,laissées,laissés,11,F,S,laissées,-8.015571,laissés,-10.84365,1
2634,P_NOUN_8_PASS_b,F,P,les bouteilles avec la robe que j' aime beaucoup ne sont probablement pas ouvertes <eos>,13,ouvertes,ouverts,11,F,S,ouvertes,-7.6191206,ouverts,-9.5503025,1
2635,P_NOUN_8_PASS_b,F,P,les bouteilles avec la robe que j' aime beaucoup ne sont probablement pas perdues <eos>,13,perdues,perdus,11,F,S,perdues,-7.9509788,perdus,-9.381315,1
2636,P_NOUN_8_PASS_b,F,P,les bouteilles avec la robe que j' aime beaucoup ne sont probablement pas réparées <eos>,13,réparées,réparés,11,F,S,réparées,-9.446436,réparés,-12.993867,1
2637,P_NOUN_8_PASS_b,F,P,les bouteilles avec la robe que j' aime beaucoup ne sont probablement pas retirées <eos>,13,retirées,retirés,11,F,S,retirées,-8.266255,retirés,-10.495597,1
2638,P_NOUN_8_PASS_b,F,P,les bouteilles avec la robe que j' aime beaucoup ne sont probablement pas tombées <eos>,13,tombées,tombés,11,F,S,tombées,-7.97282,tombés,-8.405186,1
2639,P_NOUN_8_PASS_b,F,P,les bouteilles avec la robe que j' aime beaucoup ne sont probablement pas utilisées <eos>,13,utilisées,utilisés,11,F,S,utilisées,-5.2646475,utilisés,-6.9796333,1
2640,P_NOUN_8_PASS_b,F,P,les bouteilles avec la valise que j' aime beaucoup ne sont probablement pas achetées <eos>,13,achetées,achetés,11,F,S,achetées,-8.2832155,achetés,-9.621184,1
2641,P_NOUN_8_PASS_b,F,P,les bouteilles avec la valise que j' aime beaucoup ne sont probablement pas brisées <eos>,13,brisées,brisés,11,F,S,brisées,-9.165718,brisés,-12.941207,1
2642,P_NOUN_8_PASS_b,F,P,les bouteilles avec la valise que j' aime beaucoup ne sont probablement pas cachées <eos>,13,cachées,cachés,11,F,S,cachées,-7.5342426,cachés,-8.441727,1
2643,P_NOUN_8_PASS_b,F,P,les bouteilles avec la valise que j' aime beaucoup ne sont probablement pas cassées <eos>,13,cassées,cassés,11,F,S,cassées,-8.352074,cassés,-10.329372,1
2644,P_NOUN_8_PASS_b,F,P,les bouteilles avec la valise que j' aime beaucoup ne sont probablement pas couvertes <eos>,13,couvertes,couverts,11,F,S,couvertes,-8.251707,couverts,-9.730787,1
2645,P_NOUN_8_PASS_b,F,P,les bouteilles avec la valise que j' aime beaucoup ne sont probablement pas déformées <eos>,13,déformées,déformés,11,F,S,déformées,-7.72849,déformés,-14.006665,1
2646,P_NOUN_8_PASS_b,F,P,les bouteilles avec la valise que j' aime beaucoup ne sont probablement pas fixées <eos>,13,fixées,fixés,11,F,S,fixées,-8.22972,fixés,-9.957112,1
2647,P_NOUN_8_PASS_b,F,P,les bouteilles avec la valise que j' aime beaucoup ne sont probablement pas jetées <eos>,13,jetées,jetés,11,F,S,jetées,-8.606556,jetés,-9.411759,1
2648,P_NOUN_8_PASS_b,F,P,les bouteilles avec la valise que j' aime beaucoup ne sont probablement pas laissées <eos>,13,laissées,laissés,11,F,S,laissées,-7.631235,laissés,-10.363623,1
2649,P_NOUN_8_PASS_b,F,P,les bouteilles avec la valise que j' aime beaucoup ne sont probablement pas ouvertes <eos>,13,ouvertes,ouverts,11,F,S,ouvertes,-7.5446396,ouverts,-9.229947,1
2650,P_NOUN_8_PASS_b,F,P,les bouteilles avec la valise que j' aime beaucoup ne sont probablement pas perdues <eos>,13,perdues,perdus,11,F,S,perdues,-7.133542,perdus,-8.559526,1
2651,P_NOUN_8_PASS_b,F,P,les bouteilles avec la valise que j' aime beaucoup ne sont probablement pas réparées <eos>,13,réparées,réparés,11,F,S,réparées,-8.917483,réparés,-13.608303,1
2652,P_NOUN_8_PASS_b,F,P,les bouteilles avec la valise que j' aime beaucoup ne sont probablement pas retirées <eos>,13,retirées,retirés,11,F,S,retirées,-7.722716,retirés,-9.842546,1
2653,P_NOUN_8_PASS_b,F,P,les bouteilles avec la valise que j' aime beaucoup ne sont probablement pas tombées <eos>,13,tombées,tombés,11,F,S,tombées,-8.01983,tombés,-8.73019,1
2654,P_NOUN_8_PASS_b,F,P,les bouteilles avec la valise que j' aime beaucoup ne sont probablement pas utilisées <eos>,13,utilisées,utilisés,11,F,S,utilisées,-5.1306667,utilisés,-7.032048,1
2655,P_NOUN_8_PASS_b,F,P,les bouteilles avec la pendule que j' aime beaucoup ne sont probablement pas achetées <eos>,13,achetées,achetés,11,F,S,achetées,-9.710665,achetés,-10.255253,1
2656,P_NOUN_8_PASS_b,F,P,les bouteilles avec la pendule que j' aime beaucoup ne sont probablement pas brisées <eos>,13,brisées,brisés,11,F,S,brisées,-9.195447,brisés,-12.705628,1
2657,P_NOUN_8_PASS_b,F,P,les bouteilles avec la pendule que j' aime beaucoup ne sont probablement pas cachées <eos>,13,cachées,cachés,11,F,S,cachées,-8.078534,cachés,-9.046874,1
2658,P_NOUN_8_PASS_b,F,P,les bouteilles avec la pendule que j' aime beaucoup ne sont probablement pas cassées <eos>,13,cassées,cassés,11,F,S,cassées,-7.854551,cassés,-10.161853,1
2659,P_NOUN_8_PASS_b,F,P,les bouteilles avec la pendule que j' aime beaucoup ne sont probablement pas couvertes <eos>,13,couvertes,couverts,11,F,S,couvertes,-7.7822766,couverts,-9.12245,1
2660,P_NOUN_8_PASS_b,F,P,les bouteilles avec la pendule que j' aime beaucoup ne sont probablement pas déformées <eos>,13,déformées,déformés,11,F,S,déformées,-7.548664,déformés,-13.23877,1
2661,P_NOUN_8_PASS_b,F,P,les bouteilles avec la pendule que j' aime beaucoup ne sont probablement pas fixées <eos>,13,fixées,fixés,11,F,S,fixées,-7.9431353,fixés,-9.590735,1
2662,P_NOUN_8_PASS_b,F,P,les bouteilles avec la pendule que j' aime beaucoup ne sont probablement pas jetées <eos>,13,jetées,jetés,11,F,S,jetées,-8.837913,jetés,-9.526303,1
2663,P_NOUN_8_PASS_b,F,P,les bouteilles avec la pendule que j' aime beaucoup ne sont probablement pas laissées <eos>,13,laissées,laissés,11,F,S,laissées,-7.669098,laissés,-10.67405,1
2664,P_NOUN_8_PASS_b,F,P,les bouteilles avec la pendule que j' aime beaucoup ne sont probablement pas ouvertes <eos>,13,ouvertes,ouverts,11,F,S,ouvertes,-7.4908543,ouverts,-9.1485815,1
2665,P_NOUN_8_PASS_b,F,P,les bouteilles avec la pendule que j' aime beaucoup ne sont probablement pas perdues <eos>,13,perdues,perdus,11,F,S,perdues,-7.3422775,perdus,-8.532057,1
2666,P_NOUN_8_PASS_b,F,P,les bouteilles avec la pendule que j' aime beaucoup ne sont probablement pas réparées <eos>,13,réparées,réparés,11,F,S,réparées,-8.753797,réparés,-12.730522,1
2667,P_NOUN_8_PASS_b,F,P,les bouteilles avec la pendule que j' aime beaucoup ne sont probablement pas retirées <eos>,13,retirées,retirés,11,F,S,retirées,-7.561767,retirés,-9.855438,1
2668,P_NOUN_8_PASS_b,F,P,les bouteilles avec la pendule que j' aime beaucoup ne sont probablement pas tombées <eos>,13,tombées,tombés,11,F,S,tombées,-7.625705,tombés,-8.685564,1
2669,P_NOUN_8_PASS_b,F,P,les bouteilles avec la pendule que j' aime beaucoup ne sont probablement pas utilisées <eos>,13,utilisées,utilisés,11,F,S,utilisées,-5.130609,utilisés,-6.789827,1
2670,P_NOUN_8_PASS_b,F,P,les bouteilles avec la cloche que j' aime beaucoup ne sont probablement pas achetées <eos>,13,achetées,achetés,11,F,S,achetées,-9.187387,achetés,-10.002114,1
2671,P_NOUN_8_PASS_b,F,P,les bouteilles avec la cloche que j' aime beaucoup ne sont probablement pas brisées <eos>,13,brisées,brisés,11,F,S,brisées,-9.151783,brisés,-12.674287,1
2672,P_NOUN_8_PASS_b,F,P,les bouteilles avec la cloche que j' aime beaucoup ne sont probablement pas cachées <eos>,13,cachées,cachés,11,F,S,cachées,-7.856653,cachés,-8.915119,1
2673,P_NOUN_8_PASS_b,F,P,les bouteilles avec la cloche que j' aime beaucoup ne sont probablement pas cassées <eos>,13,cassées,cassés,11,F,S,cassées,-8.261152,cassés,-9.959676,1
2674,P_NOUN_8_PASS_b,F,P,les bouteilles avec la cloche que j' aime beaucoup ne sont probablement pas couvertes <eos>,13,couvertes,couverts,11,F,S,couvertes,-8.04557,couverts,-9.049133,1
2675,P_NOUN_8_PASS_b,F,P,les bouteilles avec la cloche que j' aime beaucoup ne sont probablement pas déformées <eos>,13,déformées,déformés,11,F,S,déformées,-8.465759,déformés,-13.833006,1
2676,P_NOUN_8_PASS_b,F,P,les bouteilles avec la cloche que j' aime beaucoup ne sont probablement pas fixées <eos>,13,fixées,fixés,11,F,S,fixées,-8.282051,fixés,-9.700336,1
2677,P_NOUN_8_PASS_b,F,P,les bouteilles avec la cloche que j' aime beaucoup ne sont probablement pas jetées <eos>,13,jetées,jetés,11,F,S,jetées,-8.965421,jetés,-9.477226,1
2678,P_NOUN_8_PASS_b,F,P,les bouteilles avec la cloche que j' aime beaucoup ne sont probablement pas laissées <eos>,13,laissées,laissés,11,F,S,laissées,-7.766265,laissés,-10.273941,1
2679,P_NOUN_8_PASS_b,F,P,les bouteilles avec la cloche que j' aime beaucoup ne sont probablement pas ouvertes <eos>,13,ouvertes,ouverts,11,F,S,ouvertes,-7.596716,ouverts,-9.653563,1
2680,P_NOUN_8_PASS_b,F,P,les bouteilles avec la cloche que j' aime beaucoup ne sont probablement pas perdues <eos>,13,perdues,perdus,11,F,S,perdues,-7.1401215,perdus,-8.670916,1
2681,P_NOUN_8_PASS_b,F,P,les bouteilles avec la cloche que j' aime beaucoup ne sont probablement pas réparées <eos>,13,réparées,réparés,11,F,S,réparées,-8.754103,réparés,-12.624215,1
2682,P_NOUN_8_PASS_b,F,P,les bouteilles avec la cloche que j' aime beaucoup ne sont probablement pas retirées <eos>,13,retirées,retirés,11,F,S,retirées,-7.4691057,retirés,-9.8347225,1
2683,P_NOUN_8_PASS_b,F,P,les bouteilles avec la cloche que j' aime beaucoup ne sont probablement pas tombées <eos>,13,tombées,tombés,11,F,S,tombées,-7.8198385,tombés,-8.272396,1
2684,P_NOUN_8_PASS_b,F,P,les bouteilles avec la cloche que j' aime beaucoup ne sont probablement pas utilisées <eos>,13,utilisées,utilisés,11,F,S,utilisées,-5.360262,utilisés,-7.083047,1
2685,P_NOUN_8_PASS_b,F,P,les bouteilles avec la cerise que j' aime beaucoup ne sont probablement pas achetées <eos>,13,achetées,achetés,11,F,S,achetées,-9.10247,achetés,-9.497465,1
2686,P_NOUN_8_PASS_b,F,P,les bouteilles avec la cerise que j' aime beaucoup ne sont probablement pas brisées <eos>,13,brisées,brisés,11,F,S,brisées,-9.500335,brisés,-13.018005,1
2687,P_NOUN_8_PASS_b,F,P,les bouteilles avec la cerise que j' aime beaucoup ne sont probablement pas cachées <eos>,13,cachées,cachés,11,F,S,cachées,-8.146567,cachés,-9.380707,1
2688,P_NOUN_8_PASS_b,F,P,les bouteilles avec la cerise que j' aime beaucoup ne sont probablement pas cassées <eos>,13,cassées,cassés,11,F,S,cassées,-8.230469,cassés,-9.830772,1
2689,P_NOUN_8_PASS_b,F,P,les bouteilles avec la cerise que j' aime beaucoup ne sont probablement pas couvertes <eos>,13,couvertes,couverts,11,F,S,couvertes,-7.629895,couverts,-8.535881,1
2690,P_NOUN_8_PASS_b,F,P,les bouteilles avec la cerise que j' aime beaucoup ne sont probablement pas déformées <eos>,13,déformées,déformés,11,F,S,déformées,-8.487773,déformés,-13.769654,1
2691,P_NOUN_8_PASS_b,F,P,les bouteilles avec la cerise que j' aime beaucoup ne sont probablement pas fixées <eos>,13,fixées,fixés,11,F,S,fixées,-8.438236,fixés,-9.797571,1
2692,P_NOUN_8_PASS_b,F,P,les bouteilles avec la cerise que j' aime beaucoup ne sont probablement pas jetées <eos>,13,jetées,jetés,11,F,S,jetées,-9.36806,jetés,-10.432671,1
2693,P_NOUN_8_PASS_b,F,P,les bouteilles avec la cerise que j' aime beaucoup ne sont probablement pas laissées <eos>,13,laissées,laissés,11,F,S,laissées,-7.473272,laissés,-10.444971,1
2694,P_NOUN_8_PASS_b,F,P,les bouteilles avec la cerise que j' aime beaucoup ne sont probablement pas ouvertes <eos>,13,ouvertes,ouverts,11,F,S,ouvertes,-7.746609,ouverts,-9.389073,1
2695,P_NOUN_8_PASS_b,F,P,les bouteilles avec la cerise que j' aime beaucoup ne sont probablement pas perdues <eos>,13,perdues,perdus,11,F,S,perdues,-7.513447,perdus,-8.932451,1
2696,P_NOUN_8_PASS_b,F,P,les bouteilles avec la cerise que j' aime beaucoup ne sont probablement pas réparées <eos>,13,réparées,réparés,11,F,S,réparées,-9.061022,réparés,-12.632505,1
2697,P_NOUN_8_PASS_b,F,P,les bouteilles avec la cerise que j' aime beaucoup ne sont probablement pas retirées <eos>,13,retirées,retirés,11,F,S,retirées,-7.8810368,retirés,-10.045527,1
2698,P_NOUN_8_PASS_b,F,P,les bouteilles avec la cerise que j' aime beaucoup ne sont probablement pas tombées <eos>,13,tombées,tombés,11,F,S,tombées,-7.5921717,tombés,-8.561204,1
2699,P_NOUN_8_PASS_b,F,P,les bouteilles avec la cerise que j' aime beaucoup ne sont probablement pas utilisées <eos>,13,utilisées,utilisés,11,F,S,utilisées,-5.1962795,utilisés,-6.9484015,1
2700,P_NOUN_8_PASS_b,F,P,les boissons avec la gemme que j' aime beaucoup ne sont probablement pas achetées <eos>,13,achetées,achetés,11,F,S,achetées,-10.50335,achetés,-9.830986,0
2701,P_NOUN_8_PASS_b,F,P,les boissons avec la gemme que j' aime beaucoup ne sont probablement pas brisées <eos>,13,brisées,brisés,11,F,S,brisées,-10.005788,brisés,-13.311225,1
2702,P_NOUN_8_PASS_b,F,P,les boissons avec la gemme que j' aime beaucoup ne sont probablement pas cachées <eos>,13,cachées,cachés,11,F,S,cachées,-8.368565,cachés,-9.365827,1
2703,P_NOUN_8_PASS_b,F,P,les boissons avec la gemme que j' aime beaucoup ne sont probablement pas cassées <eos>,13,cassées,cassés,11,F,S,cassées,-9.005488,cassés,-10.474156,1
2704,P_NOUN_8_PASS_b,F,P,les boissons avec la gemme que j' aime beaucoup ne sont probablement pas couvertes <eos>,13,couvertes,couverts,11,F,S,couvertes,-7.570695,couverts,-8.117642,1
2705,P_NOUN_8_PASS_b,F,P,les boissons avec la gemme que j' aime beaucoup ne sont probablement pas déformées <eos>,13,déformées,déformés,11,F,S,déformées,-9.049206,déformés,-13.675249,1
2706,P_NOUN_8_PASS_b,F,P,les boissons avec la gemme que j' aime beaucoup ne sont probablement pas fixées <eos>,13,fixées,fixés,11,F,S,fixées,-8.948105,fixés,-9.9264,1
2707,P_NOUN_8_PASS_b,F,P,les boissons avec la gemme que j' aime beaucoup ne sont probablement pas jetées <eos>,13,jetées,jetés,11,F,S,jetées,-9.110144,jetés,-10.118736,1
2708,P_NOUN_8_PASS_b,F,P,les boissons avec la gemme que j' aime beaucoup ne sont probablement pas laissées <eos>,13,laissées,laissés,11,F,S,laissées,-7.777441,laissés,-10.083839,1
2709,P_NOUN_8_PASS_b,F,P,les boissons avec la gemme que j' aime beaucoup ne sont probablement pas ouvertes <eos>,13,ouvertes,ouverts,11,F,S,ouvertes,-8.0175905,ouverts,-9.56828,1
2710,P_NOUN_8_PASS_b,F,P,les boissons avec la gemme que j' aime beaucoup ne sont probablement pas perdues <eos>,13,perdues,perdus,11,F,S,perdues,-8.060349,perdus,-9.342863,1
2711,P_NOUN_8_PASS_b,F,P,les boissons avec la gemme que j' aime beaucoup ne sont probablement pas réparées <eos>,13,réparées,réparés,11,F,S,réparées,-9.686019,réparés,-12.409263,1
2712,P_NOUN_8_PASS_b,F,P,les boissons avec la gemme que j' aime beaucoup ne sont probablement pas retirées <eos>,13,retirées,retirés,11,F,S,retirées,-8.568283,retirés,-10.223471,1
2713,P_NOUN_8_PASS_b,F,P,les boissons avec la gemme que j' aime beaucoup ne sont probablement pas tombées <eos>,13,tombées,tombés,11,F,S,tombées,-8.051344,tombés,-8.704329,1
2714,P_NOUN_8_PASS_b,F,P,les boissons avec la gemme que j' aime beaucoup ne sont probablement pas utilisées <eos>,13,utilisées,utilisés,11,F,S,utilisées,-5.0875854,utilisés,-6.4698153,1
2715,P_NOUN_8_PASS_b,F,P,les boissons avec la chaise que j' aime beaucoup ne sont probablement pas achetées <eos>,13,achetées,achetés,11,F,S,achetées,-10.264508,achetés,-9.72986,0
2716,P_NOUN_8_PASS_b,F,P,les boissons avec la chaise que j' aime beaucoup ne sont probablement pas brisées <eos>,13,brisées,brisés,11,F,S,brisées,-9.595578,brisés,-13.150658,1
2717,P_NOUN_8_PASS_b,F,P,les boissons avec la chaise que j' aime beaucoup ne sont probablement pas cachées <eos>,13,cachées,cachés,11,F,S,cachées,-8.355053,cachés,-9.699745,1
2718,P_NOUN_8_PASS_b,F,P,les boissons avec la chaise que j' aime beaucoup ne sont probablement pas cassées <eos>,13,cassées,cassés,11,F,S,cassées,-8.723728,cassés,-10.302798,1
2719,P_NOUN_8_PASS_b,F,P,les boissons avec la chaise que j' aime beaucoup ne sont probablement pas couvertes <eos>,13,couvertes,couverts,11,F,S,couvertes,-7.700283,couverts,-8.406234,1
2720,P_NOUN_8_PASS_b,F,P,les boissons avec la chaise que j' aime beaucoup ne sont probablement pas déformées <eos>,13,déformées,déformés,11,F,S,déformées,-8.818138,déformés,-13.791693,1
2721,P_NOUN_8_PASS_b,F,P,les boissons avec la chaise que j' aime beaucoup ne sont probablement pas fixées <eos>,13,fixées,fixés,11,F,S,fixées,-8.367285,fixés,-9.63733,1
2722,P_NOUN_8_PASS_b,F,P,les boissons avec la chaise que j' aime beaucoup ne sont probablement pas jetées <eos>,13,jetées,jetés,11,F,S,jetées,-9.091799,jetés,-10.132069,1
2723,P_NOUN_8_PASS_b,F,P,les boissons avec la chaise que j' aime beaucoup ne sont probablement pas laissées <eos>,13,laissées,laissés,11,F,S,laissées,-7.6403494,laissés,-10.303834,1
2724,P_NOUN_8_PASS_b,F,P,les boissons avec la chaise que j' aime beaucoup ne sont probablement pas ouvertes <eos>,13,ouvertes,ouverts,11,F,S,ouvertes,-7.8662877,ouverts,-9.589489,1
2725,P_NOUN_8_PASS_b,F,P,les boissons avec la chaise que j' aime beaucoup ne sont probablement pas perdues <eos>,13,perdues,perdus,11,F,S,perdues,-8.079286,perdus,-9.36254,1
2726,P_NOUN_8_PASS_b,F,P,les boissons avec la chaise que j' aime beaucoup ne sont probablement pas réparées <eos>,13,réparées,réparés,11,F,S,réparées,-9.748819,réparés,-13.019613,1
2727,P_NOUN_8_PASS_b,F,P,les boissons avec la chaise que j' aime beaucoup ne sont probablement pas retirées <eos>,13,retirées,retirés,11,F,S,retirées,-8.569853,retirés,-10.352161,1
2728,P_NOUN_8_PASS_b,F,P,les boissons avec la chaise que j' aime beaucoup ne sont probablement pas tombées <eos>,13,tombées,tombés,11,F,S,tombées,-8.601941,tombés,-9.266799,1
2729,P_NOUN_8_PASS_b,F,P,les boissons avec la chaise que j' aime beaucoup ne sont probablement pas utilisées <eos>,13,utilisées,utilisés,11,F,S,utilisées,-4.9808445,utilisés,-6.394388,1
2730,P_NOUN_8_PASS_b,F,P,les boissons avec la poubelle que j' aime beaucoup ne sont probablement pas achetées <eos>,13,achetées,achetés,11,F,S,achetées,-10.273853,achetés,-9.472112,0
2731,P_NOUN_8_PASS_b,F,P,les boissons avec la poubelle que j' aime beaucoup ne sont probablement pas brisées <eos>,13,brisées,brisés,11,F,S,brisées,-9.79789,brisés,-13.343283,1
2732,P_NOUN_8_PASS_b,F,P,les boissons avec la poubelle que j' aime beaucoup ne sont probablement pas cachées <eos>,13,cachées,cachés,11,F,S,cachées,-8.093042,cachés,-8.880854,1
2733,P_NOUN_8_PASS_b,F,P,les boissons avec la poubelle que j' aime beaucoup ne sont probablement pas cassées <eos>,13,cassées,cassés,11,F,S,cassées,-8.872207,cassés,-10.448903,1
2734,P_NOUN_8_PASS_b,F,P,les boissons avec la poubelle que j' aime beaucoup ne sont probablement pas couvertes <eos>,13,couvertes,couverts,11,F,S,couvertes,-7.617998,couverts,-8.415774,1
2735,P_NOUN_8_PASS_b,F,P,les boissons avec la poubelle que j' aime beaucoup ne sont probablement pas déformées <eos>,13,déformées,déformés,11,F,S,déformées,-8.902107,déformés,-13.776877,1
2736,P_NOUN_8_PASS_b,F,P,les boissons avec la poubelle que j' aime beaucoup ne sont probablement pas fixées <eos>,13,fixées,fixés,11,F,S,fixées,-8.742507,fixés,-10.029437,1
2737,P_NOUN_8_PASS_b,F,P,les boissons avec la poubelle que j' aime beaucoup ne sont probablement pas jetées <eos>,13,jetées,jetés,11,F,S,jetées,-8.787218,jetés,-9.835724,1
2738,P_NOUN_8_PASS_b,F,P,les boissons avec la poubelle que j' aime beaucoup ne sont probablement pas laissées <eos>,13,laissées,laissés,11,F,S,laissées,-7.671499,laissés,-10.006006,1
2739,P_NOUN_8_PASS_b,F,P,les boissons avec la poubelle que j' aime beaucoup ne sont probablement pas ouvertes <eos>,13,ouvertes,ouverts,11,F,S,ouvertes,-7.8260007,ouverts,-9.522583,1
2740,P_NOUN_8_PASS_b,F,P,les boissons avec la poubelle que j' aime beaucoup ne sont probablement pas perdues <eos>,13,perdues,perdus,11,F,S,perdues,-8.013453,perdus,-9.285686,1
2741,P_NOUN_8_PASS_b,F,P,les boissons avec la poubelle que j' aime beaucoup ne sont probablement pas réparées <eos>,13,réparées,réparés,11,F,S,réparées,-9.601618,réparés,-12.619876,1
2742,P_NOUN_8_PASS_b,F,P,les boissons avec la poubelle que j' aime beaucoup ne sont probablement pas retirées <eos>,13,retirées,retirés,11,F,S,retirées,-8.415897,retirés,-10.13571,1
2743,P_NOUN_8_PASS_b,F,P,les boissons avec la poubelle que j' aime beaucoup ne sont probablement pas tombées <eos>,13,tombées,tombés,11,F,S,tombées,-8.141853,tombés,-8.616803,1
2744,P_NOUN_8_PASS_b,F,P,les boissons avec la poubelle que j' aime beaucoup ne sont probablement pas utilisées <eos>,13,utilisées,utilisés,11,F,S,utilisées,-4.9018354,utilisés,-6.2546206,1
2745,P_NOUN_8_PASS_b,F,P,les boissons avec la chemise que j' aime beaucoup ne sont probablement pas achetées <eos>,13,achetées,achetés,11,F,S,achetées,-10.078934,achetés,-9.807273,0
2746,P_NOUN_8_PASS_b,F,P,les boissons avec la chemise que j' aime beaucoup ne sont probablement pas brisées <eos>,13,brisées,brisés,11,F,S,brisées,-9.808058,brisés,-13.366518,1
2747,P_NOUN_8_PASS_b,F,P,les boissons avec la chemise que j' aime beaucoup ne sont probablement pas cachées <eos>,13,cachées,cachés,11,F,S,cachées,-8.20353,cachés,-9.198014,1
2748,P_NOUN_8_PASS_b,F,P,les boissons avec la chemise que j' aime beaucoup ne sont probablement pas cassées <eos>,13,cassées,cassés,11,F,S,cassées,-8.645046,cassés,-10.451059,1
2749,P_NOUN_8_PASS_b,F,P,les boissons avec la chemise que j' aime beaucoup ne sont probablement pas couvertes <eos>,13,couvertes,couverts,11,F,S,couvertes,-7.4833574,couverts,-8.4533825,1
2750,P_NOUN_8_PASS_b,F,P,les boissons avec la chemise que j' aime beaucoup ne sont probablement pas déformées <eos>,13,déformées,déformés,11,F,S,déformées,-9.060458,déformés,-14.096269,1
2751,P_NOUN_8_PASS_b,F,P,les boissons avec la chemise que j' aime beaucoup ne sont probablement pas fixées <eos>,13,fixées,fixés,11,F,S,fixées,-8.733175,fixés,-9.979102,1
2752,P_NOUN_8_PASS_b,F,P,les boissons avec la chemise que j' aime beaucoup ne sont probablement pas jetées <eos>,13,jetées,jetés,11,F,S,jetées,-8.771351,jetés,-10.023779,1
2753,P_NOUN_8_PASS_b,F,P,les boissons avec la chemise que j' aime beaucoup ne sont probablement pas laissées <eos>,13,laissées,laissés,11,F,S,laissées,-7.9341,laissés,-10.214965,1
2754,P_NOUN_8_PASS_b,F,P,les boissons avec la chemise que j' aime beaucoup ne sont probablement pas ouvertes <eos>,13,ouvertes,ouverts,11,F,S,ouvertes,-7.758355,ouverts,-9.440006,1
2755,P_NOUN_8_PASS_b,F,P,les boissons avec la chemise que j' aime beaucoup ne sont probablement pas perdues <eos>,13,perdues,perdus,11,F,S,perdues,-8.403498,perdus,-9.552401,1
2756,P_NOUN_8_PASS_b,F,P,les boissons avec la chemise que j' aime beaucoup ne sont probablement pas réparées <eos>,13,réparées,réparés,11,F,S,réparées,-9.994326,réparés,-12.751904,1
2757,P_NOUN_8_PASS_b,F,P,les boissons avec la chemise que j' aime beaucoup ne sont probablement pas retirées <eos>,13,retirées,retirés,11,F,S,retirées,-8.6796055,retirés,-10.018187,1
2758,P_NOUN_8_PASS_b,F,P,les boissons avec la chemise que j' aime beaucoup ne sont probablement pas tombées <eos>,13,tombées,tombés,11,F,S,tombées,-8.50292,tombés,-8.369876,0
2759,P_NOUN_8_PASS_b,F,P,les boissons avec la chemise que j' aime beaucoup ne sont probablement pas utilisées <eos>,13,utilisées,utilisés,11,F,S,utilisées,-4.737959,utilisés,-6.108568,1
2760,P_NOUN_8_PASS_b,F,P,les boissons avec la recette que j' aime beaucoup ne sont probablement pas achetées <eos>,13,achetées,achetés,11,F,S,achetées,-10.259567,achetés,-9.745399,0
2761,P_NOUN_8_PASS_b,F,P,les boissons avec la recette que j' aime beaucoup ne sont probablement pas brisées <eos>,13,brisées,brisés,11,F,S,brisées,-10.343492,brisés,-14.008084,1
2762,P_NOUN_8_PASS_b,F,P,les boissons avec la recette que j' aime beaucoup ne sont probablement pas cachées <eos>,13,cachées,cachés,11,F,S,cachées,-8.986796,cachés,-9.748209,1
2763,P_NOUN_8_PASS_b,F,P,les boissons avec la recette que j' aime beaucoup ne sont probablement pas cassées <eos>,13,cassées,cassés,11,F,S,cassées,-9.550034,cassés,-10.715579,1
2764,P_NOUN_8_PASS_b,F,P,les boissons avec la recette que j' aime beaucoup ne sont probablement pas couvertes <eos>,13,couvertes,couverts,11,F,S,couvertes,-7.791201,couverts,-8.313232,1
2765,P_NOUN_8_PASS_b,F,P,les boissons avec la recette que j' aime beaucoup ne sont probablement pas déformées <eos>,13,déformées,déformés,11,F,S,déformées,-9.566987,déformés,-14.24152,1
2766,P_NOUN_8_PASS_b,F,P,les boissons avec la recette que j' aime beaucoup ne sont probablement pas fixées <eos>,13,fixées,fixés,11,F,S,fixées,-8.990935,fixés,-10.1974325,1
2767,P_NOUN_8_PASS_b,F,P,les boissons avec la recette que j' aime beaucoup ne sont probablement pas jetées <eos>,13,jetées,jetés,11,F,S,jetées,-9.691102,jetés,-11.112642,1
2768,P_NOUN_8_PASS_b,F,P,les boissons avec la recette que j' aime beaucoup ne sont probablement pas laissées <eos>,13,laissées,laissés,11,F,S,laissées,-7.771144,laissés,-10.689445,1
2769,P_NOUN_8_PASS_b,F,P,les boissons avec la recette que j' aime beaucoup ne sont probablement pas ouvertes <eos>,13,ouvertes,ouverts,11,F,S,ouvertes,-7.848131,ouverts,-9.537201,1
2770,P_NOUN_8_PASS_b,F,P,les boissons avec la recette que j' aime beaucoup ne sont probablement pas perdues <eos>,13,perdues,perdus,11,F,S,perdues,-8.370729,perdus,-9.7391205,1
2771,P_NOUN_8_PASS_b,F,P,les boissons avec la recette que j' aime beaucoup ne sont probablement pas réparées <eos>,13,réparées,réparés,11,F,S,réparées,-9.838792,réparés,-12.773569,1
2772,P_NOUN_8_PASS_b,F,P,les boissons avec la recette que j' aime beaucoup ne sont probablement pas retirées <eos>,13,retirées,retirés,11,F,S,retirées,-8.973341,retirés,-10.371869,1
2773,P_NOUN_8_PASS_b,F,P,les boissons avec la recette que j' aime beaucoup ne sont probablement pas tombées <eos>,13,tombées,tombés,11,F,S,tombées,-8.716581,tombés,-9.317607,1
2774,P_NOUN_8_PASS_b,F,P,les boissons avec la recette que j' aime beaucoup ne sont probablement pas utilisées <eos>,13,utilisées,utilisés,11,F,S,utilisées,-5.091972,utilisés,-6.6092677,1
2775,P_NOUN_8_PASS_b,F,P,les boissons avec la jupe que j' aime beaucoup ne sont probablement pas achetées <eos>,13,achetées,achetés,11,F,S,achetées,-10.192107,achetés,-9.843244,0
2776,P_NOUN_8_PASS_b,F,P,les boissons avec la jupe que j' aime beaucoup ne sont probablement pas brisées <eos>,13,brisées,brisés,11,F,S,brisées,-9.884323,brisés,-13.361985,1
2777,P_NOUN_8_PASS_b,F,P,les boissons avec la jupe que j' aime beaucoup ne sont probablement pas cachées <eos>,13,cachées,cachés,11,F,S,cachées,-8.48767,cachés,-9.613411,1
2778,P_NOUN_8_PASS_b,F,P,les boissons avec la jupe que j' aime beaucoup ne sont probablement pas cassées <eos>,13,cassées,cassés,11,F,S,cassées,-8.595453,cassés,-10.333157,1
2779,P_NOUN_8_PASS_b,F,P,les boissons avec la jupe que j' aime beaucoup ne sont probablement pas couvertes <eos>,13,couvertes,couverts,11,F,S,couvertes,-7.498362,couverts,-8.390902,1
2780,P_NOUN_8_PASS_b,F,P,les boissons avec la jupe que j' aime beaucoup ne sont probablement pas déformées <eos>,13,déformées,déformés,11,F,S,déformées,-8.57024,déformés,-13.833733,1
2781,P_NOUN_8_PASS_b,F,P,les boissons avec la jupe que j' aime beaucoup ne sont probablement pas fixées <eos>,13,fixées,fixés,11,F,S,fixées,-8.592304,fixés,-10.040868,1
2782,P_NOUN_8_PASS_b,F,P,les boissons avec la jupe que j' aime beaucoup ne sont probablement pas jetées <eos>,13,jetées,jetés,11,F,S,jetées,-9.046771,jetés,-10.289447,1
2783,P_NOUN_8_PASS_b,F,P,les boissons avec la jupe que j' aime beaucoup ne sont probablement pas laissées <eos>,13,laissées,laissés,11,F,S,laissées,-7.8759575,laissés,-10.5519705,1
2784,P_NOUN_8_PASS_b,F,P,les boissons avec la jupe que j' aime beaucoup ne sont probablement pas ouvertes <eos>,13,ouvertes,ouverts,11,F,S,ouvertes,-7.749243,ouverts,-9.322363,1
2785,P_NOUN_8_PASS_b,F,P,les boissons avec la jupe que j' aime beaucoup ne sont probablement pas perdues <eos>,13,perdues,perdus,11,F,S,perdues,-8.383584,perdus,-9.922904,1
2786,P_NOUN_8_PASS_b,F,P,les boissons avec la jupe que j' aime beaucoup ne sont probablement pas réparées <eos>,13,réparées,réparés,11,F,S,réparées,-9.807516,réparés,-13.118507,1
2787,P_NOUN_8_PASS_b,F,P,les boissons avec la jupe que j' aime beaucoup ne sont probablement pas retirées <eos>,13,retirées,retirés,11,F,S,retirées,-8.670347,retirés,-10.365856,1
2788,P_NOUN_8_PASS_b,F,P,les boissons avec la jupe que j' aime beaucoup ne sont probablement pas tombées <eos>,13,tombées,tombés,11,F,S,tombées,-8.45312,tombés,-9.042526,1
2789,P_NOUN_8_PASS_b,F,P,les boissons avec la jupe que j' aime beaucoup ne sont probablement pas utilisées <eos>,13,utilisées,utilisés,11,F,S,utilisées,-4.7885575,utilisés,-6.405995,1
2790,P_NOUN_8_PASS_b,F,P,les boissons avec la colle que j' aime beaucoup ne sont probablement pas achetées <eos>,13,achetées,achetés,11,F,S,achetées,-10.182106,achetés,-9.371621,0
2791,P_NOUN_8_PASS_b,F,P,les boissons avec la colle que j' aime beaucoup ne sont probablement pas brisées <eos>,13,brisées,brisés,11,F,S,brisées,-9.907088,brisés,-13.347986,1
2792,P_NOUN_8_PASS_b,F,P,les boissons avec la colle que j' aime beaucoup ne sont probablement pas cachées <eos>,13,cachées,cachés,11,F,S,cachées,-8.566495,cachés,-9.147066,1
2793,P_NOUN_8_PASS_b,F,P,les boissons avec la colle que j' aime beaucoup ne sont probablement pas cassées <eos>,13,cassées,cassés,11,F,S,cassées,-8.69265,cassés,-10.148943,1
2794,P_NOUN_8_PASS_b,F,P,les boissons avec la colle que j' aime beaucoup ne sont probablement pas couvertes <eos>,13,couvertes,couverts,11,F,S,couvertes,-7.5441194,couverts,-8.239269,1
2795,P_NOUN_8_PASS_b,F,P,les boissons avec la colle que j' aime beaucoup ne sont probablement pas déformées <eos>,13,déformées,déformés,11,F,S,déformées,-8.898831,déformés,-14.130984,1
2796,P_NOUN_8_PASS_b,F,P,les boissons avec la colle que j' aime beaucoup ne sont probablement pas fixées <eos>,13,fixées,fixés,11,F,S,fixées,-8.715535,fixés,-9.946765,1
2797,P_NOUN_8_PASS_b,F,P,les boissons avec la colle que j' aime beaucoup ne sont probablement pas jetées <eos>,13,jetées,jetés,11,F,S,jetées,-8.851279,jetés,-9.862114,1
2798,P_NOUN_8_PASS_b,F,P,les boissons avec la colle que j' aime beaucoup ne sont probablement pas laissées <eos>,13,laissées,laissés,11,F,S,laissées,-7.7578335,laissés,-10.243245,1
2799,P_NOUN_8_PASS_b,F,P,les boissons avec la colle que j' aime beaucoup ne sont probablement pas ouvertes <eos>,13,ouvertes,ouverts,11,F,S,ouvertes,-8.057269,ouverts,-9.577411,1
2800,P_NOUN_8_PASS_b,F,P,les boissons avec la colle que j' aime beaucoup ne sont probablement pas perdues <eos>,13,perdues,perdus,11,F,S,perdues,-8.061069,perdus,-9.385,1
2801,P_NOUN_8_PASS_b,F,P,les boissons avec la colle que j' aime beaucoup ne sont probablement pas réparées <eos>,13,réparées,réparés,11,F,S,réparées,-9.659273,réparés,-12.669018,1
2802,P_NOUN_8_PASS_b,F,P,les boissons avec la colle que j' aime beaucoup ne sont probablement pas retirées <eos>,13,retirées,retirés,11,F,S,retirées,-8.405369,retirés,-9.888368,1
2803,P_NOUN_8_PASS_b,F,P,les boissons avec la colle que j' aime beaucoup ne sont probablement pas tombées <eos>,13,tombées,tombés,11,F,S,tombées,-8.215883,tombés,-8.895544,1
2804,P_NOUN_8_PASS_b,F,P,les boissons avec la colle que j' aime beaucoup ne sont probablement pas utilisées <eos>,13,utilisées,utilisés,11,F,S,utilisées,-4.628315,utilisés,-6.058178,1
2805,P_NOUN_8_PASS_b,F,P,les boissons avec la lampe que j' aime beaucoup ne sont probablement pas achetées <eos>,13,achetées,achetés,11,F,S,achetées,-9.999035,achetés,-9.68633,0
2806,P_NOUN_8_PASS_b,F,P,les boissons avec la lampe que j' aime beaucoup ne sont probablement pas brisées <eos>,13,brisées,brisés,11,F,S,brisées,-9.275449,brisés,-13.110142,1
2807,P_NOUN_8_PASS_b,F,P,les boissons avec la lampe que j' aime beaucoup ne sont probablement pas cachées <eos>,13,cachées,cachés,11,F,S,cachées,-8.1630125,cachés,-9.01488,1
2808,P_NOUN_8_PASS_b,F,P,les boissons avec la lampe que j' aime beaucoup ne sont probablement pas cassées <eos>,13,cassées,cassés,11,F,S,cassées,-8.597025,cassés,-10.464149,1
2809,P_NOUN_8_PASS_b,F,P,les boissons avec la lampe que j' aime beaucoup ne sont probablement pas couvertes <eos>,13,couvertes,couverts,11,F,S,couvertes,-7.8614206,couverts,-8.811863,1
2810,P_NOUN_8_PASS_b,F,P,les boissons avec la lampe que j' aime beaucoup ne sont probablement pas déformées <eos>,13,déformées,déformés,11,F,S,déformées,-8.301453,déformés,-13.564921,1
2811,P_NOUN_8_PASS_b,F,P,les boissons avec la lampe que j' aime beaucoup ne sont probablement pas fixées <eos>,13,fixées,fixés,11,F,S,fixées,-8.180432,fixés,-9.763604,1
2812,P_NOUN_8_PASS_b,F,P,les boissons avec la lampe que j' aime beaucoup ne sont probablement pas jetées <eos>,13,jetées,jetés,11,F,S,jetées,-8.123608,jetés,-9.35025,1
2813,P_NOUN_8_PASS_b,F,P,les boissons avec la lampe que j' aime beaucoup ne sont probablement pas laissées <eos>,13,laissées,laissés,11,F,S,laissées,-7.6644516,laissés,-10.337735,1
2814,P_NOUN_8_PASS_b,F,P,les boissons avec la lampe que j' aime beaucoup ne sont probablement pas ouvertes <eos>,13,ouvertes,ouverts,11,F,S,ouvertes,-7.876659,ouverts,-9.859989,1
2815,P_NOUN_8_PASS_b,F,P,les boissons avec la lampe que j' aime beaucoup ne sont probablement pas perdues <eos>,13,perdues,perdus,11,F,S,perdues,-7.690236,perdus,-9.145652,1
2816,P_NOUN_8_PASS_b,F,P,les boissons avec la lampe que j' aime beaucoup ne sont probablement pas réparées <eos>,13,réparées,réparés,11,F,S,réparées,-9.343347,réparés,-12.623942,1
2817,P_NOUN_8_PASS_b,F,P,les boissons avec la lampe que j' aime beaucoup ne sont probablement pas retirées <eos>,13,retirées,retirés,11,F,S,retirées,-7.9571123,retirés,-9.834192,1
2818,P_NOUN_8_PASS_b,F,P,les boissons avec la lampe que j' aime beaucoup ne sont probablement pas tombées <eos>,13,tombées,tombés,11,F,S,tombées,-8.005668,tombés,-9.114913,1
2819,P_NOUN_8_PASS_b,F,P,les boissons avec la lampe que j' aime beaucoup ne sont probablement pas utilisées <eos>,13,utilisées,utilisés,11,F,S,utilisées,-4.452483,utilisés,-6.05676,1
2820,P_NOUN_8_PASS_b,F,P,les boissons avec la bouteille que j' aime beaucoup ne sont probablement pas achetées <eos>,13,achetées,achetés,11,F,S,achetées,-9.624956,achetés,-9.399879,0
2821,P_NOUN_8_PASS_b,F,P,les boissons avec la bouteille que j' aime beaucoup ne sont probablement pas brisées <eos>,13,brisées,brisés,11,F,S,brisées,-9.963431,brisés,-13.533689,1
2822,P_NOUN_8_PASS_b,F,P,les boissons avec la bouteille que j' aime beaucoup ne sont probablement pas cachées <eos>,13,cachées,cachés,11,F,S,cachées,-8.584654,cachés,-9.34559,1
2823,P_NOUN_8_PASS_b,F,P,les boissons avec la bouteille que j' aime beaucoup ne sont probablement pas cassées <eos>,13,cassées,cassés,11,F,S,cassées,-8.9232235,cassés,-10.416732,1
2824,P_NOUN_8_PASS_b,F,P,les boissons avec la bouteille que j' aime beaucoup ne sont probablement pas couvertes <eos>,13,couvertes,couverts,11,F,S,couvertes,-7.5770774,couverts,-8.32334,1
2825,P_NOUN_8_PASS_b,F,P,les boissons avec la bouteille que j' aime beaucoup ne sont probablement pas déformées <eos>,13,déformées,déformés,11,F,S,déformées,-8.960085,déformés,-14.032097,1
2826,P_NOUN_8_PASS_b,F,P,les boissons avec la bouteille que j' aime beaucoup ne sont probablement pas fixées <eos>,13,fixées,fixés,11,F,S,fixées,-9.060816,fixés,-9.990138,1
2827,P_NOUN_8_PASS_b,F,P,les boissons avec la bouteille que j' aime beaucoup ne sont probablement pas jetées <eos>,13,jetées,jetés,11,F,S,jetées,-9.27877,jetés,-10.224609,1
2828,P_NOUN_8_PASS_b,F,P,les boissons avec la bouteille que j' aime beaucoup ne sont probablement pas laissées <eos>,13,laissées,laissés,11,F,S,laissées,-7.3580904,laissés,-10.314197,1
2829,P_NOUN_8_PASS_b,F,P,les boissons avec la bouteille que j' aime beaucoup ne sont probablement pas ouvertes <eos>,13,ouvertes,ouverts,11,F,S,ouvertes,-7.714965,ouverts,-9.340083,1
2830,P_NOUN_8_PASS_b,F,P,les boissons avec la bouteille que j' aime beaucoup ne sont probablement pas perdues <eos>,13,perdues,perdus,11,F,S,perdues,-8.053003,perdus,-9.300631,1
2831,P_NOUN_8_PASS_b,F,P,les boissons avec la bouteille que j' aime beaucoup ne sont probablement pas réparées <eos>,13,réparées,réparés,11,F,S,réparées,-9.399817,réparés,-12.544937,1
2832,P_NOUN_8_PASS_b,F,P,les boissons avec la bouteille que j' aime beaucoup ne sont probablement pas retirées <eos>,13,retirées,retirés,11,F,S,retirées,-8.42222,retirés,-10.202939,1
2833,P_NOUN_8_PASS_b,F,P,les boissons avec la bouteille que j' aime beaucoup ne sont probablement pas tombées <eos>,13,tombées,tombés,11,F,S,tombées,-8.43148,tombés,-9.1985035,1
2834,P_NOUN_8_PASS_b,F,P,les boissons avec la bouteille que j' aime beaucoup ne sont probablement pas utilisées <eos>,13,utilisées,utilisés,11,F,S,utilisées,-4.9399467,utilisés,-6.4906173,1
2835,P_NOUN_8_PASS_b,F,P,les boissons avec la boisson que j' aime beaucoup ne sont probablement pas achetées <eos>,13,achetées,achetés,11,F,S,achetées,-10.31122,achetés,-9.642349,0
2836,P_NOUN_8_PASS_b,F,P,les boissons avec la boisson que j' aime beaucoup ne sont probablement pas brisées <eos>,13,brisées,brisés,11,F,S,brisées,-10.204788,brisés,-13.977782,1
2837,P_NOUN_8_PASS_b,F,P,les boissons avec la boisson que j' aime beaucoup ne sont probablement pas cachées <eos>,13,cachées,cachés,11,F,S,cachées,-8.620099,cachés,-9.517843,1
2838,P_NOUN_8_PASS_b,F,P,les boissons avec la boisson que j' aime beaucoup ne sont probablement pas cassées <eos>,13,cassées,cassés,11,F,S,cassées,-9.53359,cassés,-10.676981,1
2839,P_NOUN_8_PASS_b,F,P,les boissons avec la boisson que j' aime beaucoup ne sont probablement pas couvertes <eos>,13,couvertes,couverts,11,F,S,couvertes,-8.104646,couverts,-8.396583,1
2840,P_NOUN_8_PASS_b,F,P,les boissons avec la boisson que j' aime beaucoup ne sont probablement pas déformées <eos>,13,déformées,déformés,11,F,S,déformées,-9.5116005,déformés,-14.139469,1
2841,P_NOUN_8_PASS_b,F,P,les boissons avec la boisson que j' aime beaucoup ne sont probablement pas fixées <eos>,13,fixées,fixés,11,F,S,fixées,-9.046313,fixés,-10.187172,1
2842,P_NOUN_8_PASS_b,F,P,les boissons avec la boisson que j' aime beaucoup ne sont probablement pas jetées <eos>,13,jetées,jetés,11,F,S,jetées,-9.586482,jetés,-10.725874,1
2843,P_NOUN_8_PASS_b,F,P,les boissons avec la boisson que j' aime beaucoup ne sont probablement pas laissées <eos>,13,laissées,laissés,11,F,S,laissées,-7.8067007,laissés,-10.361425,1
2844,P_NOUN_8_PASS_b,F,P,les boissons avec la boisson que j' aime beaucoup ne sont probablement pas ouvertes <eos>,13,ouvertes,ouverts,11,F,S,ouvertes,-8.187254,ouverts,-9.870345,1
2845,P_NOUN_8_PASS_b,F,P,les boissons avec la boisson que j' aime beaucoup ne sont probablement pas perdues <eos>,13,perdues,perdus,11,F,S,perdues,-8.276972,perdus,-9.474973,1
2846,P_NOUN_8_PASS_b,F,P,les boissons avec la boisson que j' aime beaucoup ne sont probablement pas réparées <eos>,13,réparées,réparés,11,F,S,réparées,-10.231754,réparés,-13.142849,1
2847,P_NOUN_8_PASS_b,F,P,les boissons avec la boisson que j' aime beaucoup ne sont probablement pas retirées <eos>,13,retirées,retirés,11,F,S,retirées,-8.893365,retirés,-10.4198475,1
2848,P_NOUN_8_PASS_b,F,P,les boissons avec la boisson que j' aime beaucoup ne sont probablement pas tombées <eos>,13,tombées,tombés,11,F,S,tombées,-8.429877,tombés,-8.886913,1
2849,P_NOUN_8_PASS_b,F,P,les boissons avec la boisson que j' aime beaucoup ne sont probablement pas utilisées <eos>,13,utilisées,utilisés,11,F,S,utilisées,-5.320094,utilisés,-6.7324734,1
2850,P_NOUN_8_PASS_b,F,P,les boissons avec la pomme que j' aime beaucoup ne sont probablement pas achetées <eos>,13,achetées,achetés,11,F,S,achetées,-9.612543,achetés,-9.1301775,0
2851,P_NOUN_8_PASS_b,F,P,les boissons avec la pomme que j' aime beaucoup ne sont probablement pas brisées <eos>,13,brisées,brisés,11,F,S,brisées,-10.06927,brisés,-13.671355,1
2852,P_NOUN_8_PASS_b,F,P,les boissons avec la pomme que j' aime beaucoup ne sont probablement pas cachées <eos>,13,cachées,cachés,11,F,S,cachées,-8.686675,cachés,-9.508694,1
2853,P_NOUN_8_PASS_b,F,P,les boissons avec la pomme que j' aime beaucoup ne sont probablement pas cassées <eos>,13,cassées,cassés,11,F,S,cassées,-9.2532625,cassés,-10.143206,1
2854,P_NOUN_8_PASS_b,F,P,les boissons avec la pomme que j' aime beaucoup ne sont probablement pas couvertes <eos>,13,couvertes,couverts,11,F,S,couvertes,-7.5881376,couverts,-8.127911,1
2855,P_NOUN_8_PASS_b,F,P,les boissons avec la pomme que j' aime beaucoup ne sont probablement pas déformées <eos>,13,déformées,déformés,11,F,S,déformées,-9.402229,déformés,-14.357318,1
2856,P_NOUN_8_PASS_b,F,P,les boissons avec la pomme que j' aime beaucoup ne sont probablement pas fixées <eos>,13,fixées,fixés,11,F,S,fixées,-9.068951,fixés,-9.85206,1
2857,P_NOUN_8_PASS_b,F,P,les boissons avec la pomme que j' aime beaucoup ne sont probablement pas jetées <eos>,13,jetées,jetés,11,F,S,jetées,-9.474046,jetés,-10.804828,1
2858,P_NOUN_8_PASS_b,F,P,les boissons avec la pomme que j' aime beaucoup ne sont probablement pas laissées <eos>,13,laissées,laissés,11,F,S,laissées,-7.581277,laissés,-10.064079,1
2859,P_NOUN_8_PASS_b,F,P,les boissons avec la pomme que j' aime beaucoup ne sont probablement pas ouvertes <eos>,13,ouvertes,ouverts,11,F,S,ouvertes,-7.888735,ouverts,-9.579857,1
2860,P_NOUN_8_PASS_b,F,P,les boissons avec la pomme que j' aime beaucoup ne sont probablement pas perdues <eos>,13,perdues,perdus,11,F,S,perdues,-7.8986106,perdus,-9.309324,1
2861,P_NOUN_8_PASS_b,F,P,les boissons avec la pomme que j' aime beaucoup ne sont probablement pas réparées <eos>,13,réparées,réparés,11,F,S,réparées,-9.978159,réparés,-12.731339,1
2862,P_NOUN_8_PASS_b,F,P,les boissons avec la pomme que j' aime beaucoup ne sont probablement pas retirées <eos>,13,retirées,retirés,11,F,S,retirées,-8.752398,retirés,-10.230446,1
2863,P_NOUN_8_PASS_b,F,P,les boissons avec la pomme que j' aime beaucoup ne sont probablement pas tombées <eos>,13,tombées,tombés,11,F,S,tombées,-8.232823,tombés,-8.809837,1
2864,P_NOUN_8_PASS_b,F,P,les boissons avec la pomme que j' aime beaucoup ne sont probablement pas utilisées <eos>,13,utilisées,utilisés,11,F,S,utilisées,-4.853428,utilisés,-6.4467993,1
2865,P_NOUN_8_PASS_b,F,P,les boissons avec la tasse que j' aime beaucoup ne sont probablement pas achetées <eos>,13,achetées,achetés,11,F,S,achetées,-9.7228985,achetés,-9.57556,0
2866,P_NOUN_8_PASS_b,F,P,les boissons avec la tasse que j' aime beaucoup ne sont probablement pas brisées <eos>,13,brisées,brisés,11,F,S,brisées,-9.678319,brisés,-13.430177,1
2867,P_NOUN_8_PASS_b,F,P,les boissons avec la tasse que j' aime beaucoup ne sont probablement pas cachées <eos>,13,cachées,cachés,11,F,S,cachées,-8.408237,cachés,-9.899193,1
2868,P_NOUN_8_PASS_b,F,P,les boissons avec la tasse que j' aime beaucoup ne sont probablement pas cassées <eos>,13,cassées,cassés,11,F,S,cassées,-8.724237,cassés,-10.330864,1
2869,P_NOUN_8_PASS_b,F,P,les boissons avec la tasse que j' aime beaucoup ne sont probablement pas couvertes <eos>,13,couvertes,couverts,11,F,S,couvertes,-7.1989465,couverts,-7.9867606,1
2870,P_NOUN_8_PASS_b,F,P,les boissons avec la tasse que j' aime beaucoup ne sont probablement pas déformées <eos>,13,déformées,déformés,11,F,S,déformées,-8.998305,déformés,-14.007541,1
2871,P_NOUN_8_PASS_b,F,P,les boissons avec la tasse que j' aime beaucoup ne sont probablement pas fixées <eos>,13,fixées,fixés,11,F,S,fixées,-8.955783,fixés,-10.183267,1
2872,P_NOUN_8_PASS_b,F,P,les boissons avec la tasse que j' aime beaucoup ne sont probablement pas jetées <eos>,13,jetées,jetés,11,F,S,jetées,-9.13041,jetés,-10.591496,1
2873,P_NOUN_8_PASS_b,F,P,les boissons avec la tasse que j' aime beaucoup ne sont probablement pas laissées <eos>,13,laissées,laissés,11,F,S,laissées,-7.1946154,laissés,-10.188514,1
2874,P_NOUN_8_PASS_b,F,P,les boissons avec la tasse que j' aime beaucoup ne sont probablement pas ouvertes <eos>,13,ouvertes,ouverts,11,F,S,ouvertes,-7.3548584,ouverts,-8.9698,1
2875,P_NOUN_8_PASS_b,F,P,les boissons avec la tasse que j' aime beaucoup ne sont probablement pas perdues <eos>,13,perdues,perdus,11,F,S,perdues,-8.396506,perdus,-9.7581415,1
2876,P_NOUN_8_PASS_b,F,P,les boissons avec la tasse que j' aime beaucoup ne sont probablement pas réparées <eos>,13,réparées,réparés,11,F,S,réparées,-9.32004,réparés,-12.5834875,1
2877,P_NOUN_8_PASS_b,F,P,les boissons avec la tasse que j' aime beaucoup ne sont probablement pas retirées <eos>,13,retirées,retirés,11,F,S,retirées,-8.733309,retirés,-10.552974,1
2878,P_NOUN_8_PASS_b,F,P,les boissons avec la tasse que j' aime beaucoup ne sont probablement pas tombées <eos>,13,tombées,tombés,11,F,S,tombées,-8.363863,tombés,-9.187913,1
2879,P_NOUN_8_PASS_b,F,P,les boissons avec la tasse que j' aime beaucoup ne sont probablement pas utilisées <eos>,13,utilisées,utilisés,11,F,S,utilisées,-5.146435,utilisés,-6.8784294,1
2880,P_NOUN_8_PASS_b,F,P,les boissons avec la bougie que j' aime beaucoup ne sont probablement pas achetées <eos>,13,achetées,achetés,11,F,S,achetées,-9.985952,achetés,-9.8047695,0
2881,P_NOUN_8_PASS_b,F,P,les boissons avec la bougie que j' aime beaucoup ne sont probablement pas brisées <eos>,13,brisées,brisés,11,F,S,brisées,-9.789064,brisés,-13.19496,1
2882,P_NOUN_8_PASS_b,F,P,les boissons avec la bougie que j' aime beaucoup ne sont probablement pas cachées <eos>,13,cachées,cachés,11,F,S,cachées,-8.56678,cachés,-9.245957,1
2883,P_NOUN_8_PASS_b,F,P,les boissons avec la bougie que j' aime beaucoup ne sont probablement pas cassées <eos>,13,cassées,cassés,11,F,S,cassées,-8.63059,cassés,-10.441493,1
2884,P_NOUN_8_PASS_b,F,P,les boissons avec la bougie que j' aime beaucoup ne sont probablement pas couvertes <eos>,13,couvertes,couverts,11,F,S,couvertes,-7.684863,couverts,-8.46799,1
2885,P_NOUN_8_PASS_b,F,P,les boissons avec la bougie que j' aime beaucoup ne sont probablement pas déformées <eos>,13,déformées,déformés,11,F,S,déformées,-8.916464,déformés,-13.728174,1
2886,P_NOUN_8_PASS_b,F,P,les boissons avec la bougie que j' aime beaucoup ne sont probablement pas fixées <eos>,13,fixées,fixés,11,F,S,fixées,-8.771625,fixés,-9.910418,1
2887,P_NOUN_8_PASS_b,F,P,les boissons avec la bougie que j' aime beaucoup ne sont probablement pas jetées <eos>,13,jetées,jetés,11,F,S,jetées,-9.0053005,jetés,-9.804593,1
2888,P_NOUN_8_PASS_b,F,P,les boissons avec la bougie que j' aime beaucoup ne sont probablement pas laissées <eos>,13,laissées,laissés,11,F,S,laissées,-7.573226,laissés,-10.226371,1
2889,P_NOUN_8_PASS_b,F,P,les boissons avec la bougie que j' aime beaucoup ne sont probablement pas ouvertes <eos>,13,ouvertes,ouverts,11,F,S,ouvertes,-7.904661,ouverts,-9.503005,1
2890,P_NOUN_8_PASS_b,F,P,les boissons avec la bougie que j' aime beaucoup ne sont probablement pas perdues <eos>,13,perdues,perdus,11,F,S,perdues,-7.9665756,perdus,-9.334217,1
2891,P_NOUN_8_PASS_b,F,P,les boissons avec la bougie que j' aime beaucoup ne sont probablement pas réparées <eos>,13,réparées,réparés,11,F,S,réparées,-9.350105,réparés,-12.413014,1
2892,P_NOUN_8_PASS_b,F,P,les boissons avec la bougie que j' aime beaucoup ne sont probablement pas retirées <eos>,13,retirées,retirés,11,F,S,retirées,-8.214531,retirés,-10.144585,1
2893,P_NOUN_8_PASS_b,F,P,les boissons avec la bougie que j' aime beaucoup ne sont probablement pas tombées <eos>,13,tombées,tombés,11,F,S,tombées,-8.124876,tombés,-8.812395,1
2894,P_NOUN_8_PASS_b,F,P,les boissons avec la bougie que j' aime beaucoup ne sont probablement pas utilisées <eos>,13,utilisées,utilisés,11,F,S,utilisées,-4.955551,utilisés,-6.4410305,1
2895,P_NOUN_8_PASS_b,F,P,les boissons avec la pochette que j' aime beaucoup ne sont probablement pas achetées <eos>,13,achetées,achetés,11,F,S,achetées,-9.711237,achetés,-10.310749,1
2896,P_NOUN_8_PASS_b,F,P,les boissons avec la pochette que j' aime beaucoup ne sont probablement pas brisées <eos>,13,brisées,brisés,11,F,S,brisées,-9.501896,brisés,-13.218531,1
2897,P_NOUN_8_PASS_b,F,P,les boissons avec la pochette que j' aime beaucoup ne sont probablement pas cachées <eos>,13,cachées,cachés,11,F,S,cachées,-8.438305,cachés,-9.977766,1
2898,P_NOUN_8_PASS_b,F,P,les boissons avec la pochette que j' aime beaucoup ne sont probablement pas cassées <eos>,13,cassées,cassés,11,F,S,cassées,-8.830635,cassés,-10.889117,1
2899,P_NOUN_8_PASS_b,F,P,les boissons avec la pochette que j' aime beaucoup ne sont probablement pas couvertes <eos>,13,couvertes,couverts,11,F,S,couvertes,-8.389311,couverts,-9.456405,1
2900,P_NOUN_8_PASS_b,F,P,les boissons avec la pochette que j' aime beaucoup ne sont probablement pas déformées <eos>,13,déformées,déformés,11,F,S,déformées,-8.45484,déformés,-13.520205,1
2901,P_NOUN_8_PASS_b,F,P,les boissons avec la pochette que j' aime beaucoup ne sont probablement pas fixées <eos>,13,fixées,fixés,11,F,S,fixées,-8.630521,fixés,-10.17576,1
2902,P_NOUN_8_PASS_b,F,P,les boissons avec la pochette que j' aime beaucoup ne sont probablement pas jetées <eos>,13,jetées,jetés,11,F,S,jetées,-9.777226,jetés,-10.596984,1
2903,P_NOUN_8_PASS_b,F,P,les boissons avec la pochette que j' aime beaucoup ne sont probablement pas laissées <eos>,13,laissées,laissés,11,F,S,laissées,-7.7001204,laissés,-10.949604,1
2904,P_NOUN_8_PASS_b,F,P,les boissons avec la pochette que j' aime beaucoup ne sont probablement pas ouvertes <eos>,13,ouvertes,ouverts,11,F,S,ouvertes,-7.991962,ouverts,-10.073901,1
2905,P_NOUN_8_PASS_b,F,P,les boissons avec la pochette que j' aime beaucoup ne sont probablement pas perdues <eos>,13,perdues,perdus,11,F,S,perdues,-8.041594,perdus,-9.585679,1
2906,P_NOUN_8_PASS_b,F,P,les boissons avec la pochette que j' aime beaucoup ne sont probablement pas réparées <eos>,13,réparées,réparés,11,F,S,réparées,-9.765769,réparés,-13.788952,1
2907,P_NOUN_8_PASS_b,F,P,les boissons avec la pochette que j' aime beaucoup ne sont probablement pas retirées <eos>,13,retirées,retirés,11,F,S,retirées,-8.192511,retirés,-10.819668,1
2908,P_NOUN_8_PASS_b,F,P,les boissons avec la pochette que j' aime beaucoup ne sont probablement pas tombées <eos>,13,tombées,tombés,11,F,S,tombées,-8.503684,tombés,-9.468866,1
2909,P_NOUN_8_PASS_b,F,P,les boissons avec la pochette que j' aime beaucoup ne sont probablement pas utilisées <eos>,13,utilisées,utilisés,11,F,S,utilisées,-5.3621273,utilisés,-7.117012,1
2910,P_NOUN_8_PASS_b,F,P,les boissons avec la banane que j' aime beaucoup ne sont probablement pas achetées <eos>,13,achetées,achetés,11,F,S,achetées,-10.239721,achetés,-9.77033,0
2911,P_NOUN_8_PASS_b,F,P,les boissons avec la banane que j' aime beaucoup ne sont probablement pas brisées <eos>,13,brisées,brisés,11,F,S,brisées,-9.7708645,brisés,-13.43712,1
2912,P_NOUN_8_PASS_b,F,P,les boissons avec la banane que j' aime beaucoup ne sont probablement pas cachées <eos>,13,cachées,cachés,11,F,S,cachées,-8.812913,cachés,-9.939355,1
2913,P_NOUN_8_PASS_b,F,P,les boissons avec la banane que j' aime beaucoup ne sont probablement pas cassées <eos>,13,cassées,cassés,11,F,S,cassées,-8.981092,cassés,-10.3766,1
2914,P_NOUN_8_PASS_b,F,P,les boissons avec la banane que j' aime beaucoup ne sont probablement pas couvertes <eos>,13,couvertes,couverts,11,F,S,couvertes,-7.599412,couverts,-8.395321,1
2915,P_NOUN_8_PASS_b,F,P,les boissons avec la banane que j' aime beaucoup ne sont probablement pas déformées <eos>,13,déformées,déformés,11,F,S,déformées,-8.875165,déformés,-13.947219,1
2916,P_NOUN_8_PASS_b,F,P,les boissons avec la banane que j' aime beaucoup ne sont probablement pas fixées <eos>,13,fixées,fixés,11,F,S,fixées,-8.795132,fixés,-9.684824,1
2917,P_NOUN_8_PASS_b,F,P,les boissons avec la banane que j' aime beaucoup ne sont probablement pas jetées <eos>,13,jetées,jetés,11,F,S,jetées,-8.355556,jetés,-10.837843,1
2918,P_NOUN_8_PASS_b,F,P,les boissons avec la banane que j' aime beaucoup ne sont probablement pas laissées <eos>,13,laissées,laissés,11,F,S,laissées,-7.6127357,laissés,-10.191235,1
2919,P_NOUN_8_PASS_b,F,P,les boissons avec la banane que j' aime beaucoup ne sont probablement pas ouvertes <eos>,13,ouvertes,ouverts,11,F,S,ouvertes,-8.434458,ouverts,-9.852373,1
2920,P_NOUN_8_PASS_b,F,P,les boissons avec la banane que j' aime beaucoup ne sont probablement pas perdues <eos>,13,perdues,perdus,11,F,S,perdues,-8.18515,perdus,-9.401271,1
2921,P_NOUN_8_PASS_b,F,P,les boissons avec la banane que j' aime beaucoup ne sont probablement pas réparées <eos>,13,réparées,réparés,11,F,S,réparées,-10.1344,réparés,-12.668287,1
2922,P_NOUN_8_PASS_b,F,P,les boissons avec la banane que j' aime beaucoup ne sont probablement pas retirées <eos>,13,retirées,retirés,11,F,S,retirées,-9.019347,retirés,-10.544126,1
2923,P_NOUN_8_PASS_b,F,P,les boissons avec la banane que j' aime beaucoup ne sont probablement pas tombées <eos>,13,tombées,tombés,11,F,S,tombées,-7.862071,tombés,-8.740753,1
2924,P_NOUN_8_PASS_b,F,P,les boissons avec la banane que j' aime beaucoup ne sont probablement pas utilisées <eos>,13,utilisées,utilisés,11,F,S,utilisées,-4.864268,utilisés,-6.462168,1
2925,P_NOUN_8_PASS_b,F,P,les boissons avec la robe que j' aime beaucoup ne sont probablement pas achetées <eos>,13,achetées,achetés,11,F,S,achetées,-10.773448,achetés,-10.098204,0
2926,P_NOUN_8_PASS_b,F,P,les boissons avec la robe que j' aime beaucoup ne sont probablement pas brisées <eos>,13,brisées,brisés,11,F,S,brisées,-10.30406,brisés,-14.092128,1
2927,P_NOUN_8_PASS_b,F,P,les boissons avec la robe que j' aime beaucoup ne sont probablement pas cachées <eos>,13,cachées,cachés,11,F,S,cachées,-8.450146,cachés,-9.534232,1
2928,P_NOUN_8_PASS_b,F,P,les boissons avec la robe que j' aime beaucoup ne sont probablement pas cassées <eos>,13,cassées,cassés,11,F,S,cassées,-9.336875,cassés,-11.110429,1
2929,P_NOUN_8_PASS_b,F,P,les boissons avec la robe que j' aime beaucoup ne sont probablement pas couvertes <eos>,13,couvertes,couverts,11,F,S,couvertes,-7.759986,couverts,-8.539767,1
2930,P_NOUN_8_PASS_b,F,P,les boissons avec la robe que j' aime beaucoup ne sont probablement pas déformées <eos>,13,déformées,déformés,11,F,S,déformées,-9.211943,déformés,-13.870948,1
2931,P_NOUN_8_PASS_b,F,P,les boissons avec la robe que j' aime beaucoup ne sont probablement pas fixées <eos>,13,fixées,fixés,11,F,S,fixées,-9.147921,fixés,-10.492576,1
2932,P_NOUN_8_PASS_b,F,P,les boissons avec la robe que j' aime beaucoup ne sont probablement pas jetées <eos>,13,jetées,jetés,11,F,S,jetées,-9.479986,jetés,-10.79961,1
2933,P_NOUN_8_PASS_b,F,P,les boissons avec la robe que j' aime beaucoup ne sont probablement pas laissées <eos>,13,laissées,laissés,11,F,S,laissées,-8.188702,laissés,-10.648063,1
2934,P_NOUN_8_PASS_b,F,P,les boissons avec la robe que j' aime beaucoup ne sont probablement pas ouvertes <eos>,13,ouvertes,ouverts,11,F,S,ouvertes,-7.9131207,ouverts,-9.55989,1
2935,P_NOUN_8_PASS_b,F,P,les boissons avec la robe que j' aime beaucoup ne sont probablement pas perdues <eos>,13,perdues,perdus,11,F,S,perdues,-8.627546,perdus,-10.143223,1
2936,P_NOUN_8_PASS_b,F,P,les boissons avec la robe que j' aime beaucoup ne sont probablement pas réparées <eos>,13,réparées,réparés,11,F,S,réparées,-10.266556,réparés,-12.890636,1
2937,P_NOUN_8_PASS_b,F,P,les boissons avec la robe que j' aime beaucoup ne sont probablement pas retirées <eos>,13,retirées,retirés,11,F,S,retirées,-9.190688,retirés,-10.708089,1
2938,P_NOUN_8_PASS_b,F,P,les boissons avec la robe que j' aime beaucoup ne sont probablement pas tombées <eos>,13,tombées,tombés,11,F,S,tombées,-8.425398,tombés,-8.670723,1
2939,P_NOUN_8_PASS_b,F,P,les boissons avec la robe que j' aime beaucoup ne sont probablement pas utilisées <eos>,13,utilisées,utilisés,11,F,S,utilisées,-4.995188,utilisés,-6.5159135,1
2940,P_NOUN_8_PASS_b,F,P,les boissons avec la valise que j' aime beaucoup ne sont probablement pas achetées <eos>,13,achetées,achetés,11,F,S,achetées,-8.720837,achetés,-9.169194,1
2941,P_NOUN_8_PASS_b,F,P,les boissons avec la valise que j' aime beaucoup ne sont probablement pas brisées <eos>,13,brisées,brisés,11,F,S,brisées,-9.457033,brisés,-13.149154,1
2942,P_NOUN_8_PASS_b,F,P,les boissons avec la valise que j' aime beaucoup ne sont probablement pas cachées <eos>,13,cachées,cachés,11,F,S,cachées,-8.066624,cachés,-8.725202,1
2943,P_NOUN_8_PASS_b,F,P,les boissons avec la valise que j' aime beaucoup ne sont probablement pas cassées <eos>,13,cassées,cassés,11,F,S,cassées,-8.701099,cassés,-10.438234,1
2944,P_NOUN_8_PASS_b,F,P,les boissons avec la valise que j' aime beaucoup ne sont probablement pas couvertes <eos>,13,couvertes,couverts,11,F,S,couvertes,-7.9971476,couverts,-9.132778,1
2945,P_NOUN_8_PASS_b,F,P,les boissons avec la valise que j' aime beaucoup ne sont probablement pas déformées <eos>,13,déformées,déformés,11,F,S,déformées,-8.300387,déformés,-14.1546755,1
2946,P_NOUN_8_PASS_b,F,P,les boissons avec la valise que j' aime beaucoup ne sont probablement pas fixées <eos>,13,fixées,fixés,11,F,S,fixées,-8.6774845,fixés,-10.128786,1
2947,P_NOUN_8_PASS_b,F,P,les boissons avec la valise que j' aime beaucoup ne sont probablement pas jetées <eos>,13,jetées,jetés,11,F,S,jetées,-8.359494,jetés,-9.457355,1
2948,P_NOUN_8_PASS_b,F,P,les boissons avec la valise que j' aime beaucoup ne sont probablement pas laissées <eos>,13,laissées,laissés,11,F,S,laissées,-7.370326,laissés,-10.056981,1
2949,P_NOUN_8_PASS_b,F,P,les boissons avec la valise que j' aime beaucoup ne sont probablement pas ouvertes <eos>,13,ouvertes,ouverts,11,F,S,ouvertes,-7.759798,ouverts,-9.374879,1
2950,P_NOUN_8_PASS_b,F,P,les boissons avec la valise que j' aime beaucoup ne sont probablement pas perdues <eos>,13,perdues,perdus,11,F,S,perdues,-7.743894,perdus,-8.99309,1
2951,P_NOUN_8_PASS_b,F,P,les boissons avec la valise que j' aime beaucoup ne sont probablement pas réparées <eos>,13,réparées,réparés,11,F,S,réparées,-9.39801,réparés,-13.358059,1
2952,P_NOUN_8_PASS_b,F,P,les boissons avec la valise que j' aime beaucoup ne sont probablement pas retirées <eos>,13,retirées,retirés,11,F,S,retirées,-8.3597145,retirés,-9.839492,1
2953,P_NOUN_8_PASS_b,F,P,les boissons avec la valise que j' aime beaucoup ne sont probablement pas tombées <eos>,13,tombées,tombés,11,F,S,tombées,-8.550037,tombés,-9.081486,1
2954,P_NOUN_8_PASS_b,F,P,les boissons avec la valise que j' aime beaucoup ne sont probablement pas utilisées <eos>,13,utilisées,utilisés,11,F,S,utilisées,-4.7017617,utilisés,-6.339107,1
2955,P_NOUN_8_PASS_b,F,P,les boissons avec la pendule que j' aime beaucoup ne sont probablement pas achetées <eos>,13,achetées,achetés,11,F,S,achetées,-10.65666,achetés,-9.821838,0
2956,P_NOUN_8_PASS_b,F,P,les boissons avec la pendule que j' aime beaucoup ne sont probablement pas brisées <eos>,13,brisées,brisés,11,F,S,brisées,-9.875408,brisés,-13.297991,1
2957,P_NOUN_8_PASS_b,F,P,les boissons avec la pendule que j' aime beaucoup ne sont probablement pas cachées <eos>,13,cachées,cachés,11,F,S,cachées,-8.712232,cachés,-9.190555,1
2958,P_NOUN_8_PASS_b,F,P,les boissons avec la pendule que j' aime beaucoup ne sont probablement pas cassées <eos>,13,cassées,cassés,11,F,S,cassées,-8.579519,cassés,-10.488447,1
2959,P_NOUN_8_PASS_b,F,P,les boissons avec la pendule que j' aime beaucoup ne sont probablement pas couvertes <eos>,13,couvertes,couverts,11,F,S,couvertes,-7.666506,couverts,-8.448421,1
2960,P_NOUN_8_PASS_b,F,P,les boissons avec la pendule que j' aime beaucoup ne sont probablement pas déformées <eos>,13,déformées,déformés,11,F,S,déformées,-8.444728,déformés,-13.618276,1
2961,P_NOUN_8_PASS_b,F,P,les boissons avec la pendule que j' aime beaucoup ne sont probablement pas fixées <eos>,13,fixées,fixés,11,F,S,fixées,-8.554041,fixés,-9.649201,1
2962,P_NOUN_8_PASS_b,F,P,les boissons avec la pendule que j' aime beaucoup ne sont probablement pas jetées <eos>,13,jetées,jetés,11,F,S,jetées,-8.641201,jetés,-9.542387,1
2963,P_NOUN_8_PASS_b,F,P,les boissons avec la pendule que j' aime beaucoup ne sont probablement pas laissées <eos>,13,laissées,laissés,11,F,S,laissées,-7.783806,laissés,-10.439718,1
2964,P_NOUN_8_PASS_b,F,P,les boissons avec la pendule que j' aime beaucoup ne sont probablement pas ouvertes <eos>,13,ouvertes,ouverts,11,F,S,ouvertes,-7.8825426,ouverts,-9.222166,1
2965,P_NOUN_8_PASS_b,F,P,les boissons avec la pendule que j' aime beaucoup ne sont probablement pas perdues <eos>,13,perdues,perdus,11,F,S,perdues,-7.9246025,perdus,-9.021099,1
2966,P_NOUN_8_PASS_b,F,P,les boissons avec la pendule que j' aime beaucoup ne sont probablement pas réparées <eos>,13,réparées,réparés,11,F,S,réparées,-9.439792,réparés,-12.249954,1
2967,P_NOUN_8_PASS_b,F,P,les boissons avec la pendule que j' aime beaucoup ne sont probablement pas retirées <eos>,13,retirées,retirés,11,F,S,retirées,-8.305565,retirés,-9.912625,1
2968,P_NOUN_8_PASS_b,F,P,les boissons avec la pendule que j' aime beaucoup ne sont probablement pas tombées <eos>,13,tombées,tombés,11,F,S,tombées,-8.1772375,tombés,-8.916145,1
2969,P_NOUN_8_PASS_b,F,P,les boissons avec la pendule que j' aime beaucoup ne sont probablement pas utilisées <eos>,13,utilisées,utilisés,11,F,S,utilisées,-4.641093,utilisés,-5.960707,1
2970,P_NOUN_8_PASS_b,F,P,les boissons avec la cloche que j' aime beaucoup ne sont probablement pas achetées <eos>,13,achetées,achetés,11,F,S,achetées,-9.87696,achetés,-9.717846,0
2971,P_NOUN_8_PASS_b,F,P,les boissons avec la cloche que j' aime beaucoup ne sont probablement pas brisées <eos>,13,brisées,brisés,11,F,S,brisées,-9.668771,brisés,-13.152834,1
2972,P_NOUN_8_PASS_b,F,P,les boissons avec la cloche que j' aime beaucoup ne sont probablement pas cachées <eos>,13,cachées,cachés,11,F,S,cachées,-8.380828,cachés,-8.993766,1
2973,P_NOUN_8_PASS_b,F,P,les boissons avec la cloche que j' aime beaucoup ne sont probablement pas cassées <eos>,13,cassées,cassés,11,F,S,cassées,-8.936964,cassés,-10.227903,1
2974,P_NOUN_8_PASS_b,F,P,les boissons avec la cloche que j' aime beaucoup ne sont probablement pas couvertes <eos>,13,couvertes,couverts,11,F,S,couvertes,-7.9863353,couverts,-8.458212,1
2975,P_NOUN_8_PASS_b,F,P,les boissons avec la cloche que j' aime beaucoup ne sont probablement pas déformées <eos>,13,déformées,déformés,11,F,S,déformées,-9.248959,déformés,-14.147313,1
2976,P_NOUN_8_PASS_b,F,P,les boissons avec la cloche que j' aime beaucoup ne sont probablement pas fixées <eos>,13,fixées,fixés,11,F,S,fixées,-8.602437,fixés,-9.69687,1
2977,P_NOUN_8_PASS_b,F,P,les boissons avec la cloche que j' aime beaucoup ne sont probablement pas jetées <eos>,13,jetées,jetés,11,F,S,jetées,-8.55857,jetés,-9.366002,1
2978,P_NOUN_8_PASS_b,F,P,les boissons avec la cloche que j' aime beaucoup ne sont probablement pas laissées <eos>,13,laissées,laissés,11,F,S,laissées,-7.7926607,laissés,-9.956417,1
2979,P_NOUN_8_PASS_b,F,P,les boissons avec la cloche que j' aime beaucoup ne sont probablement pas ouvertes <eos>,13,ouvertes,ouverts,11,F,S,ouvertes,-7.8998356,ouverts,-9.805901,1
2980,P_NOUN_8_PASS_b,F,P,les boissons avec la cloche que j' aime beaucoup ne sont probablement pas perdues <eos>,13,perdues,perdus,11,F,S,perdues,-7.7699857,perdus,-9.290744,1
2981,P_NOUN_8_PASS_b,F,P,les boissons avec la cloche que j' aime beaucoup ne sont probablement pas réparées <eos>,13,réparées,réparés,11,F,S,réparées,-9.646223,réparés,-12.658043,1
2982,P_NOUN_8_PASS_b,F,P,les boissons avec la cloche que j' aime beaucoup ne sont probablement pas retirées <eos>,13,retirées,retirés,11,F,S,retirées,-8.292677,retirés,-9.933111,1
2983,P_NOUN_8_PASS_b,F,P,les boissons avec la cloche que j' aime beaucoup ne sont probablement pas tombées <eos>,13,tombées,tombés,11,F,S,tombées,-8.308999,tombés,-8.637761,1
2984,P_NOUN_8_PASS_b,F,P,les boissons avec la cloche que j' aime beaucoup ne sont probablement pas utilisées <eos>,13,utilisées,utilisés,11,F,S,utilisées,-5.040595,utilisés,-6.4824286,1
2985,P_NOUN_8_PASS_b,F,P,les boissons avec la cerise que j' aime beaucoup ne sont probablement pas achetées <eos>,13,achetées,achetés,11,F,S,achetées,-10.038265,achetés,-9.598957,0
2986,P_NOUN_8_PASS_b,F,P,les boissons avec la cerise que j' aime beaucoup ne sont probablement pas brisées <eos>,13,brisées,brisés,11,F,S,brisées,-9.992704,brisés,-13.499136,1
2987,P_NOUN_8_PASS_b,F,P,les boissons avec la cerise que j' aime beaucoup ne sont probablement pas cachées <eos>,13,cachées,cachés,11,F,S,cachées,-8.570062,cachés,-9.700874,1
2988,P_NOUN_8_PASS_b,F,P,les boissons avec la cerise que j' aime beaucoup ne sont probablement pas cassées <eos>,13,cassées,cassés,11,F,S,cassées,-8.934058,cassés,-10.197677,1
2989,P_NOUN_8_PASS_b,F,P,les boissons avec la cerise que j' aime beaucoup ne sont probablement pas couvertes <eos>,13,couvertes,couverts,11,F,S,couvertes,-7.553386,couverts,-8.185389,1
2990,P_NOUN_8_PASS_b,F,P,les boissons avec la cerise que j' aime beaucoup ne sont probablement pas déformées <eos>,13,déformées,déformés,11,F,S,déformées,-9.125543,déformés,-14.133812,1
2991,P_NOUN_8_PASS_b,F,P,les boissons avec la cerise que j' aime beaucoup ne sont probablement pas fixées <eos>,13,fixées,fixés,11,F,S,fixées,-9.018725,fixés,-10.030224,1
2992,P_NOUN_8_PASS_b,F,P,les boissons avec la cerise que j' aime beaucoup ne sont probablement pas jetées <eos>,13,jetées,jetés,11,F,S,jetées,-9.355631,jetés,-11.001694,1
2993,P_NOUN_8_PASS_b,F,P,les boissons avec la cerise que j' aime beaucoup ne sont probablement pas laissées <eos>,13,laissées,laissés,11,F,S,laissées,-7.5363307,laissés,-10.241223,1
2994,P_NOUN_8_PASS_b,F,P,les boissons avec la cerise que j' aime beaucoup ne sont probablement pas ouvertes <eos>,13,ouvertes,ouverts,11,F,S,ouvertes,-7.955278,ouverts,-9.412798,1
2995,P_NOUN_8_PASS_b,F,P,les boissons avec la cerise que j' aime beaucoup ne sont probablement pas perdues <eos>,13,perdues,perdus,11,F,S,perdues,-8.149367,perdus,-9.591144,1
2996,P_NOUN_8_PASS_b,F,P,les boissons avec la cerise que j' aime beaucoup ne sont probablement pas réparées <eos>,13,réparées,réparés,11,F,S,réparées,-9.836413,réparés,-12.529988,1
2997,P_NOUN_8_PASS_b,F,P,les boissons avec la cerise que j' aime beaucoup ne sont probablement pas retirées <eos>,13,retirées,retirés,11,F,S,retirées,-8.785489,retirés,-10.374031,1
2998,P_NOUN_8_PASS_b,F,P,les boissons avec la cerise que j' aime beaucoup ne sont probablement pas tombées <eos>,13,tombées,tombés,11,F,S,tombées,-8.033242,tombés,-8.781397,1
2999,P_NOUN_8_PASS_b,F,P,les boissons avec la cerise que j' aime beaucoup ne sont probablement pas utilisées <eos>,13,utilisées,utilisés,11,F,S,utilisées,-4.935999,utilisés,-6.537677,1
3000,P_NOUN_8_PASS_b,F,P,les pommes avec la gemme que j' aime beaucoup ne sont probablement pas achetées <eos>,13,achetées,achetés,11,F,S,achetées,-10.301033,achetés,-9.715349,0
3001,P_NOUN_8_PASS_b,F,P,les pommes avec la gemme que j' aime beaucoup ne sont probablement pas brisées <eos>,13,brisées,brisés,11,F,S,brisées,-9.661854,brisés,-12.698666,1
3002,P_NOUN_8_PASS_b,F,P,les pommes avec la gemme que j' aime beaucoup ne sont probablement pas cachées <eos>,13,cachées,cachés,11,F,S,cachées,-7.925322,cachés,-9.620871,1
3003,P_NOUN_8_PASS_b,F,P,les pommes avec la gemme que j' aime beaucoup ne sont probablement pas cassées <eos>,13,cassées,cassés,11,F,S,cassées,-8.650192,cassés,-9.970287,1
3004,P_NOUN_8_PASS_b,F,P,les pommes avec la gemme que j' aime beaucoup ne sont probablement pas couvertes <eos>,13,couvertes,couverts,11,F,S,couvertes,-7.1568336,couverts,-7.702729,1
3005,P_NOUN_8_PASS_b,F,P,les pommes avec la gemme que j' aime beaucoup ne sont probablement pas déformées <eos>,13,déformées,déformés,11,F,S,déformées,-8.825681,déformés,-13.518706,1
3006,P_NOUN_8_PASS_b,F,P,les pommes avec la gemme que j' aime beaucoup ne sont probablement pas fixées <eos>,13,fixées,fixés,11,F,S,fixées,-8.980627,fixés,-9.65017,1
3007,P_NOUN_8_PASS_b,F,P,les pommes avec la gemme que j' aime beaucoup ne sont probablement pas jetées <eos>,13,jetées,jetés,11,F,S,jetées,-8.907642,jetés,-10.259694,1
3008,P_NOUN_8_PASS_b,F,P,les pommes avec la gemme que j' aime beaucoup ne sont probablement pas laissées <eos>,13,laissées,laissés,11,F,S,laissées,-7.7729588,laissés,-9.72566,1
3009,P_NOUN_8_PASS_b,F,P,les pommes avec la gemme que j' aime beaucoup ne sont probablement pas ouvertes <eos>,13,ouvertes,ouverts,11,F,S,ouvertes,-7.8679066,ouverts,-9.115251,1
3010,P_NOUN_8_PASS_b,F,P,les pommes avec la gemme que j' aime beaucoup ne sont probablement pas perdues <eos>,13,perdues,perdus,11,F,S,perdues,-7.919782,perdus,-9.273279,1
3011,P_NOUN_8_PASS_b,F,P,les pommes avec la gemme que j' aime beaucoup ne sont probablement pas réparées <eos>,13,réparées,réparés,11,F,S,réparées,-9.934862,réparés,-12.069112,1
3012,P_NOUN_8_PASS_b,F,P,les pommes avec la gemme que j' aime beaucoup ne sont probablement pas retirées <eos>,13,retirées,retirés,11,F,S,retirées,-8.79994,retirés,-10.320685,1
3013,P_NOUN_8_PASS_b,F,P,les pommes avec la gemme que j' aime beaucoup ne sont probablement pas tombées <eos>,13,tombées,tombés,11,F,S,tombées,-7.500996,tombés,-8.271109,1
3014,P_NOUN_8_PASS_b,F,P,les pommes avec la gemme que j' aime beaucoup ne sont probablement pas utilisées <eos>,13,utilisées,utilisés,11,F,S,utilisées,-5.2444444,utilisés,-6.731773,1
3015,P_NOUN_8_PASS_b,F,P,les pommes avec la chaise que j' aime beaucoup ne sont probablement pas achetées <eos>,13,achetées,achetés,11,F,S,achetées,-9.982682,achetés,-9.771805,0
3016,P_NOUN_8_PASS_b,F,P,les pommes avec la chaise que j' aime beaucoup ne sont probablement pas brisées <eos>,13,brisées,brisés,11,F,S,brisées,-9.348904,brisés,-12.621925,1
3017,P_NOUN_8_PASS_b,F,P,les pommes avec la chaise que j' aime beaucoup ne sont probablement pas cachées <eos>,13,cachées,cachés,11,F,S,cachées,-7.6711245,cachés,-9.765636,1
3018,P_NOUN_8_PASS_b,F,P,les pommes avec la chaise que j' aime beaucoup ne sont probablement pas cassées <eos>,13,cassées,cassés,11,F,S,cassées,-8.424368,cassés,-9.889837,1
3019,P_NOUN_8_PASS_b,F,P,les pommes avec la chaise que j' aime beaucoup ne sont probablement pas couvertes <eos>,13,couvertes,couverts,11,F,S,couvertes,-7.387377,couverts,-8.061874,1
3020,P_NOUN_8_PASS_b,F,P,les pommes avec la chaise que j' aime beaucoup ne sont probablement pas déformées <eos>,13,déformées,déformés,11,F,S,déformées,-8.71337,déformés,-13.533173,1
3021,P_NOUN_8_PASS_b,F,P,les pommes avec la chaise que j' aime beaucoup ne sont probablement pas fixées <eos>,13,fixées,fixés,11,F,S,fixées,-8.421808,fixés,-9.5349865,1
3022,P_NOUN_8_PASS_b,F,P,les pommes avec la chaise que j' aime beaucoup ne sont probablement pas jetées <eos>,13,jetées,jetés,11,F,S,jetées,-8.897238,jetés,-10.394695,1
3023,P_NOUN_8_PASS_b,F,P,les pommes avec la chaise que j' aime beaucoup ne sont probablement pas laissées <eos>,13,laissées,laissés,11,F,S,laissées,-7.744143,laissés,-9.883696,1
3024,P_NOUN_8_PASS_b,F,P,les pommes avec la chaise que j' aime beaucoup ne sont probablement pas ouvertes <eos>,13,ouvertes,ouverts,11,F,S,ouvertes,-7.7962246,ouverts,-9.258453,1
3025,P_NOUN_8_PASS_b,F,P,les pommes avec la chaise que j' aime beaucoup ne sont probablement pas perdues <eos>,13,perdues,perdus,11,F,S,perdues,-7.892846,perdus,-9.202787,1
3026,P_NOUN_8_PASS_b,F,P,les pommes avec la chaise que j' aime beaucoup ne sont probablement pas réparées <eos>,13,réparées,réparés,11,F,S,réparées,-9.745166,réparés,-12.719878,1
3027,P_NOUN_8_PASS_b,F,P,les pommes avec la chaise que j' aime beaucoup ne sont probablement pas retirées <eos>,13,retirées,retirés,11,F,S,retirées,-8.620495,retirés,-10.315924,1
3028,P_NOUN_8_PASS_b,F,P,les pommes avec la chaise que j' aime beaucoup ne sont probablement pas tombées <eos>,13,tombées,tombés,11,F,S,tombées,-7.91747,tombés,-8.531268,1
3029,P_NOUN_8_PASS_b,F,P,les pommes avec la chaise que j' aime beaucoup ne sont probablement pas utilisées <eos>,13,utilisées,utilisés,11,F,S,utilisées,-5.1857505,utilisés,-6.631004,1
3030,P_NOUN_8_PASS_b,F,P,les pommes avec la poubelle que j' aime beaucoup ne sont probablement pas achetées <eos>,13,achetées,achetés,11,F,S,achetées,-10.219451,achetés,-9.4464445,0
3031,P_NOUN_8_PASS_b,F,P,les pommes avec la poubelle que j' aime beaucoup ne sont probablement pas brisées <eos>,13,brisées,brisés,11,F,S,brisées,-9.5986595,brisés,-12.897061,1
3032,P_NOUN_8_PASS_b,F,P,les pommes avec la poubelle que j' aime beaucoup ne sont probablement pas cachées <eos>,13,cachées,cachés,11,F,S,cachées,-7.461464,cachés,-8.995638,1
3033,P_NOUN_8_PASS_b,F,P,les pommes avec la poubelle que j' aime beaucoup ne sont probablement pas cassées <eos>,13,cassées,cassés,11,F,S,cassées,-8.61404,cassés,-10.053491,1
3034,P_NOUN_8_PASS_b,F,P,les pommes avec la poubelle que j' aime beaucoup ne sont probablement pas couvertes <eos>,13,couvertes,couverts,11,F,S,couvertes,-7.228706,couverts,-8.110544,1
3035,P_NOUN_8_PASS_b,F,P,les pommes avec la poubelle que j' aime beaucoup ne sont probablement pas déformées <eos>,13,déformées,déformés,11,F,S,déformées,-8.704391,déformés,-13.607954,1
3036,P_NOUN_8_PASS_b,F,P,les pommes avec la poubelle que j' aime beaucoup ne sont probablement pas fixées <eos>,13,fixées,fixés,11,F,S,fixées,-8.797397,fixés,-9.931572,1
3037,P_NOUN_8_PASS_b,F,P,les pommes avec la poubelle que j' aime beaucoup ne sont probablement pas jetées <eos>,13,jetées,jetés,11,F,S,jetées,-8.771293,jetés,-10.031091,1
3038,P_NOUN_8_PASS_b,F,P,les pommes avec la poubelle que j' aime beaucoup ne sont probablement pas laissées <eos>,13,laissées,laissés,11,F,S,laissées,-7.810137,laissés,-9.77249,1
3039,P_NOUN_8_PASS_b,F,P,les pommes avec la poubelle que j' aime beaucoup ne sont probablement pas ouvertes <eos>,13,ouvertes,ouverts,11,F,S,ouvertes,-7.5850573,ouverts,-9.068872,1
3040,P_NOUN_8_PASS_b,F,P,les pommes avec la poubelle que j' aime beaucoup ne sont probablement pas perdues <eos>,13,perdues,perdus,11,F,S,perdues,-7.884492,perdus,-9.198175,1
3041,P_NOUN_8_PASS_b,F,P,les pommes avec la poubelle que j' aime beaucoup ne sont probablement pas réparées <eos>,13,réparées,réparés,11,F,S,réparées,-9.590721,réparés,-12.349962,1
3042,P_NOUN_8_PASS_b,F,P,les pommes avec la poubelle que j' aime beaucoup ne sont probablement pas retirées <eos>,13,retirées,retirés,11,F,S,retirées,-8.491596,retirés,-10.236717,1
3043,P_NOUN_8_PASS_b,F,P,les pommes avec la poubelle que j' aime beaucoup ne sont probablement pas tombées <eos>,13,tombées,tombés,11,F,S,tombées,-7.6045694,tombés,-8.234914,1
3044,P_NOUN_8_PASS_b,F,P,les pommes avec la poubelle que j' aime beaucoup ne sont probablement pas utilisées <eos>,13,utilisées,utilisés,11,F,S,utilisées,-5.0725455,utilisés,-6.4793506,1
3045,P_NOUN_8_PASS_b,F,P,les pommes avec la chemise que j' aime beaucoup ne sont probablement pas achetées <eos>,13,achetées,achetés,11,F,S,achetées,-9.966121,achetés,-9.848615,0
3046,P_NOUN_8_PASS_b,F,P,les pommes avec la chemise que j' aime beaucoup ne sont probablement pas brisées <eos>,13,brisées,brisés,11,F,S,brisées,-9.5605545,brisés,-12.840662,1
3047,P_NOUN_8_PASS_b,F,P,les pommes avec la chemise que j' aime beaucoup ne sont probablement pas cachées <eos>,13,cachées,cachés,11,F,S,cachées,-7.6189914,cachés,-9.500743,1
3048,P_NOUN_8_PASS_b,F,P,les pommes avec la chemise que j' aime beaucoup ne sont probablement pas cassées <eos>,13,cassées,cassés,11,F,S,cassées,-8.30888,cassés,-10.068588,1
3049,P_NOUN_8_PASS_b,F,P,les pommes avec la chemise que j' aime beaucoup ne sont probablement pas couvertes <eos>,13,couvertes,couverts,11,F,S,couvertes,-7.046201,couverts,-8.05359,1
3050,P_NOUN_8_PASS_b,F,P,les pommes avec la chemise que j' aime beaucoup ne sont probablement pas déformées <eos>,13,déformées,déformés,11,F,S,déformées,-8.886503,déformés,-13.872216,1
3051,P_NOUN_8_PASS_b,F,P,les pommes avec la chemise que j' aime beaucoup ne sont probablement pas fixées <eos>,13,fixées,fixés,11,F,S,fixées,-8.819509,fixés,-9.847515,1
3052,P_NOUN_8_PASS_b,F,P,les pommes avec la chemise que j' aime beaucoup ne sont probablement pas jetées <eos>,13,jetées,jetés,11,F,S,jetées,-8.68198,jetés,-10.456501,1
3053,P_NOUN_8_PASS_b,F,P,les pommes avec la chemise que j' aime beaucoup ne sont probablement pas laissées <eos>,13,laissées,laissés,11,F,S,laissées,-8.106114,laissés,-9.899496,1
3054,P_NOUN_8_PASS_b,F,P,les pommes avec la chemise que j' aime beaucoup ne sont probablement pas ouvertes <eos>,13,ouvertes,ouverts,11,F,S,ouvertes,-7.608713,ouverts,-9.009444,1
3055,P_NOUN_8_PASS_b,F,P,les pommes avec la chemise que j' aime beaucoup ne sont probablement pas perdues <eos>,13,perdues,perdus,11,F,S,perdues,-8.173481,perdus,-9.457717,1
3056,P_NOUN_8_PASS_b,F,P,les pommes avec la chemise que j' aime beaucoup ne sont probablement pas réparées <eos>,13,réparées,réparés,11,F,S,réparées,-9.995205,réparés,-12.516939,1
3057,P_NOUN_8_PASS_b,F,P,les pommes avec la chemise que j' aime beaucoup ne sont probablement pas retirées <eos>,13,retirées,retirés,11,F,S,retirées,-8.716848,retirés,-10.14659,1
3058,P_NOUN_8_PASS_b,F,P,les pommes avec la chemise que j' aime beaucoup ne sont probablement pas tombées <eos>,13,tombées,tombés,11,F,S,tombées,-7.780362,tombés,-7.7666483,0
3059,P_NOUN_8_PASS_b,F,P,les pommes avec la chemise que j' aime beaucoup ne sont probablement pas utilisées <eos>,13,utilisées,utilisés,11,F,S,utilisées,-4.9532285,utilisés,-6.485209,1
3060,P_NOUN_8_PASS_b,F,P,les pommes avec la recette que j' aime beaucoup ne sont probablement pas achetées <eos>,13,achetées,achetés,11,F,S,achetées,-10.022231,achetés,-9.509115,0
3061,P_NOUN_8_PASS_b,F,P,les pommes avec la recette que j' aime beaucoup ne sont probablement pas brisées <eos>,13,brisées,brisés,11,F,S,brisées,-10.34852,brisés,-13.745467,1
3062,P_NOUN_8_PASS_b,F,P,les pommes avec la recette que j' aime beaucoup ne sont probablement pas cachées <eos>,13,cachées,cachés,11,F,S,cachées,-8.610109,cachés,-10.064447,1
3063,P_NOUN_8_PASS_b,F,P,les pommes avec la recette que j' aime beaucoup ne sont probablement pas cassées <eos>,13,cassées,cassés,11,F,S,cassées,-9.437731,cassés,-10.38824,1
3064,P_NOUN_8_PASS_b,F,P,les pommes avec la recette que j' aime beaucoup ne sont probablement pas couvertes <eos>,13,couvertes,couverts,11,F,S,couvertes,-7.523877,couverts,-7.9523306,1
3065,P_NOUN_8_PASS_b,F,P,les pommes avec la recette que j' aime beaucoup ne sont probablement pas déformées <eos>,13,déformées,déformés,11,F,S,déformées,-9.5202465,déformés,-14.230785,1
3066,P_NOUN_8_PASS_b,F,P,les pommes avec la recette que j' aime beaucoup ne sont probablement pas fixées <eos>,13,fixées,fixés,11,F,S,fixées,-9.048077,fixés,-10.116462,1
3067,P_NOUN_8_PASS_b,F,P,les pommes avec la recette que j' aime beaucoup ne sont probablement pas jetées <eos>,13,jetées,jetés,11,F,S,jetées,-9.675837,jetés,-11.444326,1
3068,P_NOUN_8_PASS_b,F,P,les pommes avec la recette que j' aime beaucoup ne sont probablement pas laissées <eos>,13,laissées,laissés,11,F,S,laissées,-7.9832525,laissés,-10.407098,1
3069,P_NOUN_8_PASS_b,F,P,les pommes avec la recette que j' aime beaucoup ne sont probablement pas ouvertes <eos>,13,ouvertes,ouverts,11,F,S,ouvertes,-7.7222915,ouverts,-9.097889,1
3070,P_NOUN_8_PASS_b,F,P,les pommes avec la recette que j' aime beaucoup ne sont probablement pas perdues <eos>,13,perdues,perdus,11,F,S,perdues,-8.010784,perdus,-9.513404,1
3071,P_NOUN_8_PASS_b,F,P,les pommes avec la recette que j' aime beaucoup ne sont probablement pas réparées <eos>,13,réparées,réparés,11,F,S,réparées,-9.966765,réparés,-12.6759405,1
3072,P_NOUN_8_PASS_b,F,P,les pommes avec la recette que j' aime beaucoup ne sont probablement pas retirées <eos>,13,retirées,retirés,11,F,S,retirées,-9.122082,retirés,-10.325178,1
3073,P_NOUN_8_PASS_b,F,P,les pommes avec la recette que j' aime beaucoup ne sont probablement pas tombées <eos>,13,tombées,tombés,11,F,S,tombées,-8.137994,tombés,-8.756337,1
3074,P_NOUN_8_PASS_b,F,P,les pommes avec la recette que j' aime beaucoup ne sont probablement pas utilisées <eos>,13,utilisées,utilisés,11,F,S,utilisées,-5.320534,utilisés,-6.904427,1
3075,P_NOUN_8_PASS_b,F,P,les pommes avec la jupe que j' aime beaucoup ne sont probablement pas achetées <eos>,13,achetées,achetés,11,F,S,achetées,-10.286466,achetés,-10.074042,0
3076,P_NOUN_8_PASS_b,F,P,les pommes avec la jupe que j' aime beaucoup ne sont probablement pas brisées <eos>,13,brisées,brisés,11,F,S,brisées,-9.640789,brisés,-12.7632,1
3077,P_NOUN_8_PASS_b,F,P,les pommes avec la jupe que j' aime beaucoup ne sont probablement pas cachées <eos>,13,cachées,cachés,11,F,S,cachées,-7.75139,cachés,-9.803111,1
3078,P_NOUN_8_PASS_b,F,P,les pommes avec la jupe que j' aime beaucoup ne sont probablement pas cassées <eos>,13,cassées,cassés,11,F,S,cassées,-8.26055,cassés,-9.901042,1
3079,P_NOUN_8_PASS_b,F,P,les pommes avec la jupe que j' aime beaucoup ne sont probablement pas couvertes <eos>,13,couvertes,couverts,11,F,S,couvertes,-6.9717665,couverts,-7.852104,1
3080,P_NOUN_8_PASS_b,F,P,les pommes avec la jupe que j' aime beaucoup ne sont probablement pas déformées <eos>,13,déformées,déformés,11,F,S,déformées,-8.379006,déformés,-13.495651,1
3081,P_NOUN_8_PASS_b,F,P,les pommes avec la jupe que j' aime beaucoup ne sont probablement pas fixées <eos>,13,fixées,fixés,11,F,S,fixées,-8.649714,fixés,-9.880519,1
3082,P_NOUN_8_PASS_b,F,P,les pommes avec la jupe que j' aime beaucoup ne sont probablement pas jetées <eos>,13,jetées,jetés,11,F,S,jetées,-8.913952,jetés,-10.492581,1
3083,P_NOUN_8_PASS_b,F,P,les pommes avec la jupe que j' aime beaucoup ne sont probablement pas laissées <eos>,13,laissées,laissés,11,F,S,laissées,-8.042152,laissés,-10.1937895,1
3084,P_NOUN_8_PASS_b,F,P,les pommes avec la jupe que j' aime beaucoup ne sont probablement pas ouvertes <eos>,13,ouvertes,ouverts,11,F,S,ouvertes,-7.467433,ouverts,-8.816731,1
3085,P_NOUN_8_PASS_b,F,P,les pommes avec la jupe que j' aime beaucoup ne sont probablement pas perdues <eos>,13,perdues,perdus,11,F,S,perdues,-8.273954,perdus,-9.761857,1
3086,P_NOUN_8_PASS_b,F,P,les pommes avec la jupe que j' aime beaucoup ne sont probablement pas réparées <eos>,13,réparées,réparés,11,F,S,réparées,-9.888415,réparés,-12.73662,1
3087,P_NOUN_8_PASS_b,F,P,les pommes avec la jupe que j' aime beaucoup ne sont probablement pas retirées <eos>,13,retirées,retirés,11,F,S,retirées,-8.731258,retirés,-10.375951,1
3088,P_NOUN_8_PASS_b,F,P,les pommes avec la jupe que j' aime beaucoup ne sont probablement pas tombées <eos>,13,tombées,tombés,11,F,S,tombées,-7.7986193,tombés,-8.257297,1
3089,P_NOUN_8_PASS_b,F,P,les pommes avec la jupe que j' aime beaucoup ne sont probablement pas utilisées <eos>,13,utilisées,utilisés,11,F,S,utilisées,-4.958466,utilisés,-6.613129,1
3090,P_NOUN_8_PASS_b,F,P,les pommes avec la colle que j' aime beaucoup ne sont probablement pas achetées <eos>,13,achetées,achetés,11,F,S,achetées,-10.0626135,achetés,-9.333268,0
3091,P_NOUN_8_PASS_b,F,P,les pommes avec la colle que j' aime beaucoup ne sont probablement pas brisées <eos>,13,brisées,brisés,11,F,S,brisées,-9.617041,brisés,-12.85327,1
3092,P_NOUN_8_PASS_b,F,P,les pommes avec la colle que j' aime beaucoup ne sont probablement pas cachées <eos>,13,cachées,cachés,11,F,S,cachées,-8.137947,cachés,-9.464497,1
3093,P_NOUN_8_PASS_b,F,P,les pommes avec la colle que j' aime beaucoup ne sont probablement pas cassées <eos>,13,cassées,cassés,11,F,S,cassées,-8.396977,cassés,-9.729144,1
3094,P_NOUN_8_PASS_b,F,P,les pommes avec la colle que j' aime beaucoup ne sont probablement pas couvertes <eos>,13,couvertes,couverts,11,F,S,couvertes,-7.143508,couverts,-7.883813,1
3095,P_NOUN_8_PASS_b,F,P,les pommes avec la colle que j' aime beaucoup ne sont probablement pas déformées <eos>,13,déformées,déformés,11,F,S,déformées,-8.628266,déformés,-14.009197,1
3096,P_NOUN_8_PASS_b,F,P,les pommes avec la colle que j' aime beaucoup ne sont probablement pas fixées <eos>,13,fixées,fixés,11,F,S,fixées,-8.794393,fixés,-9.835368,1
3097,P_NOUN_8_PASS_b,F,P,les pommes avec la colle que j' aime beaucoup ne sont probablement pas jetées <eos>,13,jetées,jetés,11,F,S,jetées,-8.849303,jetés,-10.157499,1
3098,P_NOUN_8_PASS_b,F,P,les pommes avec la colle que j' aime beaucoup ne sont probablement pas laissées <eos>,13,laissées,laissés,11,F,S,laissées,-7.7356815,laissés,-9.988072,1
3099,P_NOUN_8_PASS_b,F,P,les pommes avec la colle que j' aime beaucoup ne sont probablement pas ouvertes <eos>,13,ouvertes,ouverts,11,F,S,ouvertes,-7.870951,ouverts,-9.189964,1
3100,P_NOUN_8_PASS_b,F,P,les pommes avec la colle que j' aime beaucoup ne sont probablement pas perdues <eos>,13,perdues,perdus,11,F,S,perdues,-7.90324,perdus,-9.345299,1
3101,P_NOUN_8_PASS_b,F,P,les pommes avec la colle que j' aime beaucoup ne sont probablement pas réparées <eos>,13,réparées,réparés,11,F,S,réparées,-9.774833,réparés,-12.472554,1
3102,P_NOUN_8_PASS_b,F,P,les pommes avec la colle que j' aime beaucoup ne sont probablement pas retirées <eos>,13,retirées,retirés,11,F,S,retirées,-8.560293,retirés,-10.025712,1
3103,P_NOUN_8_PASS_b,F,P,les pommes avec la colle que j' aime beaucoup ne sont probablement pas tombées <eos>,13,tombées,tombés,11,F,S,tombées,-7.677993,tombés,-8.56757,1
3104,P_NOUN_8_PASS_b,F,P,les pommes avec la colle que j' aime beaucoup ne sont probablement pas utilisées <eos>,13,utilisées,utilisés,11,F,S,utilisées,-4.7859077,utilisés,-6.3544827,1
3105,P_NOUN_8_PASS_b,F,P,les pommes avec la lampe que j' aime beaucoup ne sont probablement pas achetées <eos>,13,achetées,achetés,11,F,S,achetées,-9.924907,achetés,-9.701928,0
3106,P_NOUN_8_PASS_b,F,P,les pommes avec la lampe que j' aime beaucoup ne sont probablement pas brisées <eos>,13,brisées,brisés,11,F,S,brisées,-8.906256,brisés,-12.665996,1
3107,P_NOUN_8_PASS_b,F,P,les pommes avec la lampe que j' aime beaucoup ne sont probablement pas cachées <eos>,13,cachées,cachés,11,F,S,cachées,-7.4151697,cachés,-9.085943,1
3108,P_NOUN_8_PASS_b,F,P,les pommes avec la lampe que j' aime beaucoup ne sont probablement pas cassées <eos>,13,cassées,cassés,11,F,S,cassées,-8.399249,cassés,-10.139477,1
3109,P_NOUN_8_PASS_b,F,P,les pommes avec la lampe que j' aime beaucoup ne sont probablement pas couvertes <eos>,13,couvertes,couverts,11,F,S,couvertes,-7.536127,couverts,-8.572773,1
3110,P_NOUN_8_PASS_b,F,P,les pommes avec la lampe que j' aime beaucoup ne sont probablement pas déformées <eos>,13,déformées,déformés,11,F,S,déformées,-8.022485,déformés,-13.232603,1
3111,P_NOUN_8_PASS_b,F,P,les pommes avec la lampe que j' aime beaucoup ne sont probablement pas fixées <eos>,13,fixées,fixés,11,F,S,fixées,-8.24495,fixés,-9.764963,1
3112,P_NOUN_8_PASS_b,F,P,les pommes avec la lampe que j' aime beaucoup ne sont probablement pas jetées <eos>,13,jetées,jetés,11,F,S,jetées,-8.091555,jetés,-9.593573,1
3113,P_NOUN_8_PASS_b,F,P,les pommes avec la lampe que j' aime beaucoup ne sont probablement pas laissées <eos>,13,laissées,laissés,11,F,S,laissées,-7.6994104,laissés,-10.024704,1
3114,P_NOUN_8_PASS_b,F,P,les pommes avec la lampe que j' aime beaucoup ne sont probablement pas ouvertes <eos>,13,ouvertes,ouverts,11,F,S,ouvertes,-7.684227,ouverts,-9.5707,1
3115,P_NOUN_8_PASS_b,F,P,les pommes avec la lampe que j' aime beaucoup ne sont probablement pas perdues <eos>,13,perdues,perdus,11,F,S,perdues,-7.348467,perdus,-8.9593725,1
3116,P_NOUN_8_PASS_b,F,P,les pommes avec la lampe que j' aime beaucoup ne sont probablement pas réparées <eos>,13,réparées,réparés,11,F,S,réparées,-9.32038,réparés,-12.528877,1
3117,P_NOUN_8_PASS_b,F,P,les pommes avec la lampe que j' aime beaucoup ne sont probablement pas retirées <eos>,13,retirées,retirés,11,F,S,retirées,-8.004083,retirés,-9.993948,1
3118,P_NOUN_8_PASS_b,F,P,les pommes avec la lampe que j' aime beaucoup ne sont probablement pas tombées <eos>,13,tombées,tombés,11,F,S,tombées,-7.393359,tombés,-8.790637,1
3119,P_NOUN_8_PASS_b,F,P,les pommes avec la lampe que j' aime beaucoup ne sont probablement pas utilisées <eos>,13,utilisées,utilisés,11,F,S,utilisées,-4.756091,utilisés,-6.478674,1
3120,P_NOUN_8_PASS_b,F,P,les pommes avec la bouteille que j' aime beaucoup ne sont probablement pas achetées <eos>,13,achetées,achetés,11,F,S,achetées,-9.400599,achetés,-9.290946,0
3121,P_NOUN_8_PASS_b,F,P,les pommes avec la bouteille que j' aime beaucoup ne sont probablement pas brisées <eos>,13,brisées,brisés,11,F,S,brisées,-9.675121,brisés,-13.029822,1
3122,P_NOUN_8_PASS_b,F,P,les pommes avec la bouteille que j' aime beaucoup ne sont probablement pas cachées <eos>,13,cachées,cachés,11,F,S,cachées,-8.204502,cachés,-9.573798,1
3123,P_NOUN_8_PASS_b,F,P,les pommes avec la bouteille que j' aime beaucoup ne sont probablement pas cassées <eos>,13,cassées,cassés,11,F,S,cassées,-8.511752,cassés,-9.862801,1
3124,P_NOUN_8_PASS_b,F,P,les pommes avec la bouteille que j' aime beaucoup ne sont probablement pas couvertes <eos>,13,couvertes,couverts,11,F,S,couvertes,-7.2229514,couverts,-7.967466,1
3125,P_NOUN_8_PASS_b,F,P,les pommes avec la bouteille que j' aime beaucoup ne sont probablement pas déformées <eos>,13,déformées,déformés,11,F,S,déformées,-8.7012415,déformés,-13.809731,1
3126,P_NOUN_8_PASS_b,F,P,les pommes avec la bouteille que j' aime beaucoup ne sont probablement pas fixées <eos>,13,fixées,fixés,11,F,S,fixées,-9.131767,fixés,-9.912105,1
3127,P_NOUN_8_PASS_b,F,P,les pommes avec la bouteille que j' aime beaucoup ne sont probablement pas jetées <eos>,13,jetées,jetés,11,F,S,jetées,-9.19626,jetés,-10.456696,1
3128,P_NOUN_8_PASS_b,F,P,les pommes avec la bouteille que j' aime beaucoup ne sont probablement pas laissées <eos>,13,laissées,laissés,11,F,S,laissées,-7.3505826,laissés,-9.965455,1
3129,P_NOUN_8_PASS_b,F,P,les pommes avec la bouteille que j' aime beaucoup ne sont probablement pas ouvertes <eos>,13,ouvertes,ouverts,11,F,S,ouvertes,-7.5965385,ouverts,-8.915242,1
3130,P_NOUN_8_PASS_b,F,P,les pommes avec la bouteille que j' aime beaucoup ne sont probablement pas perdues <eos>,13,perdues,perdus,11,F,S,perdues,-7.807351,perdus,-9.117847,1
3131,P_NOUN_8_PASS_b,F,P,les pommes avec la bouteille que j' aime beaucoup ne sont probablement pas réparées <eos>,13,réparées,réparés,11,F,S,réparées,-9.436858,réparés,-12.445707,1
3132,P_NOUN_8_PASS_b,F,P,les pommes avec la bouteille que j' aime beaucoup ne sont probablement pas retirées <eos>,13,retirées,retirés,11,F,S,retirées,-8.488392,retirés,-10.23456,1
3133,P_NOUN_8_PASS_b,F,P,les pommes avec la bouteille que j' aime beaucoup ne sont probablement pas tombées <eos>,13,tombées,tombés,11,F,S,tombées,-7.879693,tombés,-8.786184,1
3134,P_NOUN_8_PASS_b,F,P,les pommes avec la bouteille que j' aime beaucoup ne sont probablement pas utilisées <eos>,13,utilisées,utilisés,11,F,S,utilisées,-5.112283,utilisés,-6.7813106,1
3135,P_NOUN_8_PASS_b,F,P,les pommes avec la boisson que j' aime beaucoup ne sont probablement pas achetées <eos>,13,achetées,achetés,11,F,S,achetées,-10.193072,achetés,-9.489455,0
3136,P_NOUN_8_PASS_b,F,P,les pommes avec la boisson que j' aime beaucoup ne sont probablement pas brisées <eos>,13,brisées,brisés,11,F,S,brisées,-10.1658325,brisés,-13.5286045,1
3137,P_NOUN_8_PASS_b,F,P,les pommes avec la boisson que j' aime beaucoup ne sont probablement pas cachées <eos>,13,cachées,cachés,11,F,S,cachées,-8.295971,cachés,-9.750415,1
3138,P_NOUN_8_PASS_b,F,P,les pommes avec la boisson que j' aime beaucoup ne sont probablement pas cassées <eos>,13,cassées,cassés,11,F,S,cassées,-9.2505,cassés,-10.242517,1
3139,P_NOUN_8_PASS_b,F,P,les pommes avec la boisson que j' aime beaucoup ne sont probablement pas couvertes <eos>,13,couvertes,couverts,11,F,S,couvertes,-7.7831173,couverts,-8.074712,1
3140,P_NOUN_8_PASS_b,F,P,les pommes avec la boisson que j' aime beaucoup ne sont probablement pas déformées <eos>,13,déformées,déformés,11,F,S,déformées,-9.369322,déformés,-14.053753,1
3141,P_NOUN_8_PASS_b,F,P,les pommes avec la boisson que j' aime beaucoup ne sont probablement pas fixées <eos>,13,fixées,fixés,11,F,S,fixées,-9.141309,fixés,-10.138779,1
3142,P_NOUN_8_PASS_b,F,P,les pommes avec la boisson que j' aime beaucoup ne sont probablement pas jetées <eos>,13,jetées,jetés,11,F,S,jetées,-9.596925,jetés,-10.84568,1
3143,P_NOUN_8_PASS_b,F,P,les pommes avec la boisson que j' aime beaucoup ne sont probablement pas laissées <eos>,13,laissées,laissés,11,F,S,laissées,-7.932025,laissés,-10.064805,1
3144,P_NOUN_8_PASS_b,F,P,les pommes avec la boisson que j' aime beaucoup ne sont probablement pas ouvertes <eos>,13,ouvertes,ouverts,11,F,S,ouvertes,-8.097,ouverts,-9.466711,1
3145,P_NOUN_8_PASS_b,F,P,les pommes avec la boisson que j' aime beaucoup ne sont probablement pas perdues <eos>,13,perdues,perdus,11,F,S,perdues,-8.055327,perdus,-9.335504,1
3146,P_NOUN_8_PASS_b,F,P,les pommes avec la boisson que j' aime beaucoup ne sont probablement pas réparées <eos>,13,réparées,réparés,11,F,S,réparées,-10.332536,réparés,-12.964469,1
3147,P_NOUN_8_PASS_b,F,P,les pommes avec la boisson que j' aime beaucoup ne sont probablement pas retirées <eos>,13,retirées,retirés,11,F,S,retirées,-8.960915,retirés,-10.346779,1
3148,P_NOUN_8_PASS_b,F,P,les pommes avec la boisson que j' aime beaucoup ne sont probablement pas tombées <eos>,13,tombées,tombés,11,F,S,tombées,-7.961459,tombés,-8.396686,1
3149,P_NOUN_8_PASS_b,F,P,les pommes avec la boisson que j' aime beaucoup ne sont probablement pas utilisées <eos>,13,utilisées,utilisés,11,F,S,utilisées,-5.5249224,utilisés,-6.9363804,1
3150,P_NOUN_8_PASS_b,F,P,les pommes avec la pomme que j' aime beaucoup ne sont probablement pas achetées <eos>,13,achetées,achetés,11,F,S,achetées,-9.526907,achetés,-9.097936,0
3151,P_NOUN_8_PASS_b,F,P,les pommes avec la pomme que j' aime beaucoup ne sont probablement pas brisées <eos>,13,brisées,brisés,11,F,S,brisées,-9.883209,brisés,-13.127483,1
3152,P_NOUN_8_PASS_b,F,P,les pommes avec la pomme que j' aime beaucoup ne sont probablement pas cachées <eos>,13,cachées,cachés,11,F,S,cachées,-8.12833,cachés,-9.700125,1
3153,P_NOUN_8_PASS_b,F,P,les pommes avec la pomme que j' aime beaucoup ne sont probablement pas cassées <eos>,13,cassées,cassés,11,F,S,cassées,-8.938806,cassés,-9.781252,1
3154,P_NOUN_8_PASS_b,F,P,les pommes avec la pomme que j' aime beaucoup ne sont probablement pas couvertes <eos>,13,couvertes,couverts,11,F,S,couvertes,-7.207754,couverts,-7.7797394,1
3155,P_NOUN_8_PASS_b,F,P,les pommes avec la pomme que j' aime beaucoup ne sont probablement pas déformées <eos>,13,déformées,déformés,11,F,S,déformées,-9.101725,déformés,-14.092516,1
3156,P_NOUN_8_PASS_b,F,P,les pommes avec la pomme que j' aime beaucoup ne sont probablement pas fixées <eos>,13,fixées,fixés,11,F,S,fixées,-9.314808,fixés,-9.81175,1
3157,P_NOUN_8_PASS_b,F,P,les pommes avec la pomme que j' aime beaucoup ne sont probablement pas jetées <eos>,13,jetées,jetés,11,F,S,jetées,-9.405697,jetés,-10.875913,1
3158,P_NOUN_8_PASS_b,F,P,les pommes avec la pomme que j' aime beaucoup ne sont probablement pas laissées <eos>,13,laissées,laissés,11,F,S,laissées,-7.797681,laissés,-9.744184,1
3159,P_NOUN_8_PASS_b,F,P,les pommes avec la pomme que j' aime beaucoup ne sont probablement pas ouvertes <eos>,13,ouvertes,ouverts,11,F,S,ouvertes,-7.8119473,ouverts,-9.181463,1
3160,P_NOUN_8_PASS_b,F,P,les pommes avec la pomme que j' aime beaucoup ne sont probablement pas perdues <eos>,13,perdues,perdus,11,F,S,perdues,-7.6840196,perdus,-9.220029,1
3161,P_NOUN_8_PASS_b,F,P,les pommes avec la pomme que j' aime beaucoup ne sont probablement pas réparées <eos>,13,réparées,réparés,11,F,S,réparées,-10.085393,réparés,-12.5400095,1
3162,P_NOUN_8_PASS_b,F,P,les pommes avec la pomme que j' aime beaucoup ne sont probablement pas retirées <eos>,13,retirées,retirés,11,F,S,retirées,-8.889486,retirés,-10.442356,1
3163,P_NOUN_8_PASS_b,F,P,les pommes avec la pomme que j' aime beaucoup ne sont probablement pas tombées <eos>,13,tombées,tombés,11,F,S,tombées,-7.6958685,tombés,-8.397092,1
3164,P_NOUN_8_PASS_b,F,P,les pommes avec la pomme que j' aime beaucoup ne sont probablement pas utilisées <eos>,13,utilisées,utilisés,11,F,S,utilisées,-5.0615454,utilisés,-6.75156,1
3165,P_NOUN_8_PASS_b,F,P,les pommes avec la tasse que j' aime beaucoup ne sont probablement pas achetées <eos>,13,achetées,achetés,11,F,S,achetées,-9.522116,achetés,-9.481226,0
3166,P_NOUN_8_PASS_b,F,P,les pommes avec la tasse que j' aime beaucoup ne sont probablement pas brisées <eos>,13,brisées,brisés,11,F,S,brisées,-9.480709,brisés,-12.88811,1
3167,P_NOUN_8_PASS_b,F,P,les pommes avec la tasse que j' aime beaucoup ne sont probablement pas cachées <eos>,13,cachées,cachés,11,F,S,cachées,-7.9965596,cachés,-10.100704,1
3168,P_NOUN_8_PASS_b,F,P,les pommes avec la tasse que j' aime beaucoup ne sont probablement pas cassées <eos>,13,cassées,cassés,11,F,S,cassées,-8.4825945,cassés,-9.868054,1
3169,P_NOUN_8_PASS_b,F,P,les pommes avec la tasse que j' aime beaucoup ne sont probablement pas couvertes <eos>,13,couvertes,couverts,11,F,S,couvertes,-6.8098025,couverts,-7.5736203,1
3170,P_NOUN_8_PASS_b,F,P,les pommes avec la tasse que j' aime beaucoup ne sont probablement pas déformées <eos>,13,déformées,déformés,11,F,S,déformées,-8.838535,déformés,-13.844004,1
3171,P_NOUN_8_PASS_b,F,P,les pommes avec la tasse que j' aime beaucoup ne sont probablement pas fixées <eos>,13,fixées,fixés,11,F,S,fixées,-9.074546,fixés,-10.138657,1
3172,P_NOUN_8_PASS_b,F,P,les pommes avec la tasse que j' aime beaucoup ne sont probablement pas jetées <eos>,13,jetées,jetés,11,F,S,jetées,-9.032571,jetés,-10.676643,1
3173,P_NOUN_8_PASS_b,F,P,les pommes avec la tasse que j' aime beaucoup ne sont probablement pas laissées <eos>,13,laissées,laissés,11,F,S,laissées,-7.261601,laissés,-9.763851,1
3174,P_NOUN_8_PASS_b,F,P,les pommes avec la tasse que j' aime beaucoup ne sont probablement pas ouvertes <eos>,13,ouvertes,ouverts,11,F,S,ouvertes,-7.0373545,ouverts,-8.37223,1
3175,P_NOUN_8_PASS_b,F,P,les pommes avec la tasse que j' aime beaucoup ne sont probablement pas perdues <eos>,13,perdues,perdus,11,F,S,perdues,-8.135999,perdus,-9.525643,1
3176,P_NOUN_8_PASS_b,F,P,les pommes avec la tasse que j' aime beaucoup ne sont probablement pas réparées <eos>,13,réparées,réparés,11,F,S,réparées,-9.311919,réparés,-12.362943,1
3177,P_NOUN_8_PASS_b,F,P,les pommes avec la tasse que j' aime beaucoup ne sont probablement pas retirées <eos>,13,retirées,retirés,11,F,S,retirées,-8.772613,retirés,-10.518565,1
3178,P_NOUN_8_PASS_b,F,P,les pommes avec la tasse que j' aime beaucoup ne sont probablement pas tombées <eos>,13,tombées,tombés,11,F,S,tombées,-7.9275246,tombés,-8.759021,1
3179,P_NOUN_8_PASS_b,F,P,les pommes avec la tasse que j' aime beaucoup ne sont probablement pas utilisées <eos>,13,utilisées,utilisés,11,F,S,utilisées,-5.3531413,utilisés,-7.185698,1
3180,P_NOUN_8_PASS_b,F,P,les pommes avec la bougie que j' aime beaucoup ne sont probablement pas achetées <eos>,13,achetées,achetés,11,F,S,achetées,-9.827852,achetés,-9.616362,0
3181,P_NOUN_8_PASS_b,F,P,les pommes avec la bougie que j' aime beaucoup ne sont probablement pas brisées <eos>,13,brisées,brisés,11,F,S,brisées,-9.57315,brisés,-12.816245,1
3182,P_NOUN_8_PASS_b,F,P,les pommes avec la bougie que j' aime beaucoup ne sont probablement pas cachées <eos>,13,cachées,cachés,11,F,S,cachées,-8.138619,cachés,-9.327752,1
3183,P_NOUN_8_PASS_b,F,P,les pommes avec la bougie que j' aime beaucoup ne sont probablement pas cassées <eos>,13,cassées,cassés,11,F,S,cassées,-8.341727,cassés,-10.000828,1
3184,P_NOUN_8_PASS_b,F,P,les pommes avec la bougie que j' aime beaucoup ne sont probablement pas couvertes <eos>,13,couvertes,couverts,11,F,S,couvertes,-7.325973,couverts,-8.155737,1
3185,P_NOUN_8_PASS_b,F,P,les pommes avec la bougie que j' aime beaucoup ne sont probablement pas déformées <eos>,13,déformées,déformés,11,F,S,déformées,-8.752968,déformés,-13.486236,1
3186,P_NOUN_8_PASS_b,F,P,les pommes avec la bougie que j' aime beaucoup ne sont probablement pas fixées <eos>,13,fixées,fixés,11,F,S,fixées,-8.902135,fixés,-9.816693,1
3187,P_NOUN_8_PASS_b,F,P,les pommes avec la bougie que j' aime beaucoup ne sont probablement pas jetées <eos>,13,jetées,jetés,11,F,S,jetées,-9.046193,jetés,-9.919416,1
3188,P_NOUN_8_PASS_b,F,P,les pommes avec la bougie que j' aime beaucoup ne sont probablement pas laissées <eos>,13,laissées,laissés,11,F,S,laissées,-7.733704,laissés,-9.904044,1
3189,P_NOUN_8_PASS_b,F,P,les pommes avec la bougie que j' aime beaucoup ne sont probablement pas ouvertes <eos>,13,ouvertes,ouverts,11,F,S,ouvertes,-7.7078185,ouverts,-9.037648,1
3190,P_NOUN_8_PASS_b,F,P,les pommes avec la bougie que j' aime beaucoup ne sont probablement pas perdues <eos>,13,perdues,perdus,11,F,S,perdues,-7.7694736,perdus,-9.16089,1
3191,P_NOUN_8_PASS_b,F,P,les pommes avec la bougie que j' aime beaucoup ne sont probablement pas réparées <eos>,13,réparées,réparés,11,F,S,réparées,-9.298691,réparés,-12.060776,1
3192,P_NOUN_8_PASS_b,F,P,les pommes avec la bougie que j' aime beaucoup ne sont probablement pas retirées <eos>,13,retirées,retirés,11,F,S,retirées,-8.259055,retirés,-10.166813,1
3193,P_NOUN_8_PASS_b,F,P,les pommes avec la bougie que j' aime beaucoup ne sont probablement pas tombées <eos>,13,tombées,tombés,11,F,S,tombées,-7.624772,tombés,-8.345973,1
3194,P_NOUN_8_PASS_b,F,P,les pommes avec la bougie que j' aime beaucoup ne sont probablement pas utilisées <eos>,13,utilisées,utilisés,11,F,S,utilisées,-5.0815315,utilisés,-6.612962,1
3195,P_NOUN_8_PASS_b,F,P,les pommes avec la pochette que j' aime beaucoup ne sont probablement pas achetées <eos>,13,achetées,achetés,11,F,S,achetées,-9.592171,achetés,-10.381177,1
3196,P_NOUN_8_PASS_b,F,P,les pommes avec la pochette que j' aime beaucoup ne sont probablement pas brisées <eos>,13,brisées,brisés,11,F,S,brisées,-9.345793,brisés,-13.073731,1
3197,P_NOUN_8_PASS_b,F,P,les pommes avec la pochette que j' aime beaucoup ne sont probablement pas cachées <eos>,13,cachées,cachés,11,F,S,cachées,-7.8597546,cachés,-10.083431,1
3198,P_NOUN_8_PASS_b,F,P,les pommes avec la pochette que j' aime beaucoup ne sont probablement pas cassées <eos>,13,cassées,cassés,11,F,S,cassées,-8.940485,cassés,-10.964518,1
3199,P_NOUN_8_PASS_b,F,P,les pommes avec la pochette que j' aime beaucoup ne sont probablement pas couvertes <eos>,13,couvertes,couverts,11,F,S,couvertes,-8.474189,couverts,-9.457937,1
3200,P_NOUN_8_PASS_b,F,P,les pommes avec la pochette que j' aime beaucoup ne sont probablement pas déformées <eos>,13,déformées,déformés,11,F,S,déformées,-8.325837,déformés,-13.145591,1
3201,P_NOUN_8_PASS_b,F,P,les pommes avec la pochette que j' aime beaucoup ne sont probablement pas fixées <eos>,13,fixées,fixés,11,F,S,fixées,-8.882885,fixés,-10.454941,1
3202,P_NOUN_8_PASS_b,F,P,les pommes avec la pochette que j' aime beaucoup ne sont probablement pas jetées <eos>,13,jetées,jetés,11,F,S,jetées,-10.019056,jetés,-10.90579,1
3203,P_NOUN_8_PASS_b,F,P,les pommes avec la pochette que j' aime beaucoup ne sont probablement pas laissées <eos>,13,laissées,laissés,11,F,S,laissées,-7.9274454,laissés,-10.778558,1
3204,P_NOUN_8_PASS_b,F,P,les pommes avec la pochette que j' aime beaucoup ne sont probablement pas ouvertes <eos>,13,ouvertes,ouverts,11,F,S,ouvertes,-7.912379,ouverts,-9.979126,1
3205,P_NOUN_8_PASS_b,F,P,les pommes avec la pochette que j' aime beaucoup ne sont probablement pas perdues <eos>,13,perdues,perdus,11,F,S,perdues,-7.7149124,perdus,-9.390186,1
3206,P_NOUN_8_PASS_b,F,P,les pommes avec la pochette que j' aime beaucoup ne sont probablement pas réparées <eos>,13,réparées,réparés,11,F,S,réparées,-9.654167,réparés,-13.669402,1
3207,P_NOUN_8_PASS_b,F,P,les pommes avec la pochette que j' aime beaucoup ne sont probablement pas retirées <eos>,13,retirées,retirés,11,F,S,retirées,-8.192756,retirés,-11.02388,1
3208,P_NOUN_8_PASS_b,F,P,les pommes avec la pochette que j' aime beaucoup ne sont probablement pas tombées <eos>,13,tombées,tombés,11,F,S,tombées,-8.139413,tombés,-9.310225,1
3209,P_NOUN_8_PASS_b,F,P,les pommes avec la pochette que j' aime beaucoup ne sont probablement pas utilisées <eos>,13,utilisées,utilisés,11,F,S,utilisées,-5.8250403,utilisés,-7.656504,1
3210,P_NOUN_8_PASS_b,F,P,les pommes avec la banane que j' aime beaucoup ne sont probablement pas achetées <eos>,13,achetées,achetés,11,F,S,achetées,-10.221144,achetés,-9.699883,0
3211,P_NOUN_8_PASS_b,F,P,les pommes avec la banane que j' aime beaucoup ne sont probablement pas brisées <eos>,13,brisées,brisés,11,F,S,brisées,-9.712589,brisés,-13.010074,1
3212,P_NOUN_8_PASS_b,F,P,les pommes avec la banane que j' aime beaucoup ne sont probablement pas cachées <eos>,13,cachées,cachés,11,F,S,cachées,-8.61779,cachés,-10.261196,1
3213,P_NOUN_8_PASS_b,F,P,les pommes avec la banane que j' aime beaucoup ne sont probablement pas cassées <eos>,13,cassées,cassés,11,F,S,cassées,-8.70888,cassés,-9.979185,1
3214,P_NOUN_8_PASS_b,F,P,les pommes avec la banane que j' aime beaucoup ne sont probablement pas couvertes <eos>,13,couvertes,couverts,11,F,S,couvertes,-7.1893997,couverts,-7.97536,1
3215,P_NOUN_8_PASS_b,F,P,les pommes avec la banane que j' aime beaucoup ne sont probablement pas déformées <eos>,13,déformées,déformés,11,F,S,déformées,-8.818361,déformés,-13.870883,1
3216,P_NOUN_8_PASS_b,F,P,les pommes avec la banane que j' aime beaucoup ne sont probablement pas fixées <eos>,13,fixées,fixés,11,F,S,fixées,-8.833166,fixés,-9.560518,1
3217,P_NOUN_8_PASS_b,F,P,les pommes avec la banane que j' aime beaucoup ne sont probablement pas jetées <eos>,13,jetées,jetés,11,F,S,jetées,-8.359682,jetés,-10.703506,1
3218,P_NOUN_8_PASS_b,F,P,les pommes avec la banane que j' aime beaucoup ne sont probablement pas laissées <eos>,13,laissées,laissés,11,F,S,laissées,-7.6901,laissés,-9.961348,1
3219,P_NOUN_8_PASS_b,F,P,les pommes avec la banane que j' aime beaucoup ne sont probablement pas ouvertes <eos>,13,ouvertes,ouverts,11,F,S,ouvertes,-8.342472,ouverts,-9.435199,1
3220,P_NOUN_8_PASS_b,F,P,les pommes avec la banane que j' aime beaucoup ne sont probablement pas perdues <eos>,13,perdues,perdus,11,F,S,perdues,-8.028334,perdus,-9.325131,1
3221,P_NOUN_8_PASS_b,F,P,les pommes avec la banane que j' aime beaucoup ne sont probablement pas réparées <eos>,13,réparées,réparés,11,F,S,réparées,-10.174702,réparés,-12.232286,1
3222,P_NOUN_8_PASS_b,F,P,les pommes avec la banane que j' aime beaucoup ne sont probablement pas retirées <eos>,13,retirées,retirés,11,F,S,retirées,-8.96096,retirés,-10.525276,1
3223,P_NOUN_8_PASS_b,F,P,les pommes avec la banane que j' aime beaucoup ne sont probablement pas tombées <eos>,13,tombées,tombés,11,F,S,tombées,-7.6541934,tombés,-8.633864,1
3224,P_NOUN_8_PASS_b,F,P,les pommes avec la banane que j' aime beaucoup ne sont probablement pas utilisées <eos>,13,utilisées,utilisés,11,F,S,utilisées,-4.93303,utilisés,-6.5268593,1
3225,P_NOUN_8_PASS_b,F,P,les pommes avec la robe que j' aime beaucoup ne sont probablement pas achetées <eos>,13,achetées,achetés,11,F,S,achetées,-10.635114,achetés,-10.040229,0
3226,P_NOUN_8_PASS_b,F,P,les pommes avec la robe que j' aime beaucoup ne sont probablement pas brisées <eos>,13,brisées,brisés,11,F,S,brisées,-9.954413,brisés,-13.415374,1
3227,P_NOUN_8_PASS_b,F,P,les pommes avec la robe que j' aime beaucoup ne sont probablement pas cachées <eos>,13,cachées,cachés,11,F,S,cachées,-7.7893853,cachés,-9.758056,1
3228,P_NOUN_8_PASS_b,F,P,les pommes avec la robe que j' aime beaucoup ne sont probablement pas cassées <eos>,13,cassées,cassés,11,F,S,cassées,-8.934174,cassés,-10.567918,1
3229,P_NOUN_8_PASS_b,F,P,les pommes avec la robe que j' aime beaucoup ne sont probablement pas couvertes <eos>,13,couvertes,couverts,11,F,S,couvertes,-7.324027,couverts,-8.066532,1
3230,P_NOUN_8_PASS_b,F,P,les pommes avec la robe que j' aime beaucoup ne sont probablement pas déformées <eos>,13,déformées,déformés,11,F,S,déformées,-8.82601,déformés,-13.554033,1
3231,P_NOUN_8_PASS_b,F,P,les pommes avec la robe que j' aime beaucoup ne sont probablement pas fixées <eos>,13,fixées,fixés,11,F,S,fixées,-9.176445,fixés,-10.345628,1
3232,P_NOUN_8_PASS_b,F,P,les pommes avec la robe que j' aime beaucoup ne sont probablement pas jetées <eos>,13,jetées,jetés,11,F,S,jetées,-9.387457,jetés,-10.913175,1
3233,P_NOUN_8_PASS_b,F,P,les pommes avec la robe que j' aime beaucoup ne sont probablement pas laissées <eos>,13,laissées,laissés,11,F,S,laissées,-8.291464,laissés,-10.3742485,1
3234,P_NOUN_8_PASS_b,F,P,les pommes avec la robe que j' aime beaucoup ne sont probablement pas ouvertes <eos>,13,ouvertes,ouverts,11,F,S,ouvertes,-7.613991,ouverts,-9.151722,1
3235,P_NOUN_8_PASS_b,F,P,les pommes avec la robe que j' aime beaucoup ne sont probablement pas perdues <eos>,13,perdues,perdus,11,F,S,perdues,-8.329817,perdus,-9.940026,1
3236,P_NOUN_8_PASS_b,F,P,les pommes avec la robe que j' aime beaucoup ne sont probablement pas réparées <eos>,13,réparées,réparés,11,F,S,réparées,-10.342215,réparés,-12.691498,1
3237,P_NOUN_8_PASS_b,F,P,les pommes avec la robe que j' aime beaucoup ne sont probablement pas retirées <eos>,13,retirées,retirés,11,F,S,retirées,-9.220724,retirés,-10.712572,1
3238,P_NOUN_8_PASS_b,F,P,les pommes avec la robe que j' aime beaucoup ne sont probablement pas tombées <eos>,13,tombées,tombés,11,F,S,tombées,-7.8445168,tombés,-8.208858,1
3239,P_NOUN_8_PASS_b,F,P,les pommes avec la robe que j' aime beaucoup ne sont probablement pas utilisées <eos>,13,utilisées,utilisés,11,F,S,utilisées,-5.104265,utilisés,-6.7498283,1
3240,P_NOUN_8_PASS_b,F,P,les pommes avec la valise que j' aime beaucoup ne sont probablement pas achetées <eos>,13,achetées,achetés,11,F,S,achetées,-8.398642,achetés,-9.0322485,1
3241,P_NOUN_8_PASS_b,F,P,les pommes avec la valise que j' aime beaucoup ne sont probablement pas brisées <eos>,13,brisées,brisés,11,F,S,brisées,-8.986546,brisés,-12.535735,1
3242,P_NOUN_8_PASS_b,F,P,les pommes avec la valise que j' aime beaucoup ne sont probablement pas cachées <eos>,13,cachées,cachés,11,F,S,cachées,-7.663195,cachés,-8.807653,1
3243,P_NOUN_8_PASS_b,F,P,les pommes avec la valise que j' aime beaucoup ne sont probablement pas cassées <eos>,13,cassées,cassés,11,F,S,cassées,-8.302342,cassés,-9.9767065,1
3244,P_NOUN_8_PASS_b,F,P,les pommes avec la valise que j' aime beaucoup ne sont probablement pas couvertes <eos>,13,couvertes,couverts,11,F,S,couvertes,-7.7807894,couverts,-8.860035,1
3245,P_NOUN_8_PASS_b,F,P,les pommes avec la valise que j' aime beaucoup ne sont probablement pas déformées <eos>,13,déformées,déformés,11,F,S,déformées,-8.137409,déformés,-13.910064,1
3246,P_NOUN_8_PASS_b,F,P,les pommes avec la valise que j' aime beaucoup ne sont probablement pas fixées <eos>,13,fixées,fixés,11,F,S,fixées,-8.756612,fixés,-10.007562,1
3247,P_NOUN_8_PASS_b,F,P,les pommes avec la valise que j' aime beaucoup ne sont probablement pas jetées <eos>,13,jetées,jetés,11,F,S,jetées,-8.283447,jetés,-9.566715,1
3248,P_NOUN_8_PASS_b,F,P,les pommes avec la valise que j' aime beaucoup ne sont probablement pas laissées <eos>,13,laissées,laissés,11,F,S,laissées,-7.3323536,laissés,-9.744821,1
3249,P_NOUN_8_PASS_b,F,P,les pommes avec la valise que j' aime beaucoup ne sont probablement pas ouvertes <eos>,13,ouvertes,ouverts,11,F,S,ouvertes,-7.726903,ouverts,-9.032106,1
3250,P_NOUN_8_PASS_b,F,P,les pommes avec la valise que j' aime beaucoup ne sont probablement pas perdues <eos>,13,perdues,perdus,11,F,S,perdues,-7.427769,perdus,-8.617612,1
3251,P_NOUN_8_PASS_b,F,P,les pommes avec la valise que j' aime beaucoup ne sont probablement pas réparées <eos>,13,réparées,réparés,11,F,S,réparées,-9.471256,réparés,-13.244992,1
3252,P_NOUN_8_PASS_b,F,P,les pommes avec la valise que j' aime beaucoup ne sont probablement pas retirées <eos>,13,retirées,retirés,11,F,S,retirées,-8.296333,retirés,-9.745396,1
3253,P_NOUN_8_PASS_b,F,P,les pommes avec la valise que j' aime beaucoup ne sont probablement pas tombées <eos>,13,tombées,tombés,11,F,S,tombées,-8.01763,tombés,-8.66019,1
3254,P_NOUN_8_PASS_b,F,P,les pommes avec la valise que j' aime beaucoup ne sont probablement pas utilisées <eos>,13,utilisées,utilisés,11,F,S,utilisées,-4.9916534,utilisés,-6.694083,1
3255,P_NOUN_8_PASS_b,F,P,les pommes avec la pendule que j' aime beaucoup ne sont probablement pas achetées <eos>,13,achetées,achetés,11,F,S,achetées,-10.586835,achetés,-9.936381,0
3256,P_NOUN_8_PASS_b,F,P,les pommes avec la pendule que j' aime beaucoup ne sont probablement pas brisées <eos>,13,brisées,brisés,11,F,S,brisées,-9.628446,brisés,-12.844062,1
3257,P_NOUN_8_PASS_b,F,P,les pommes avec la pendule que j' aime beaucoup ne sont probablement pas cachées <eos>,13,cachées,cachés,11,F,S,cachées,-8.19296,cachés,-9.3575,1
3258,P_NOUN_8_PASS_b,F,P,les pommes avec la pendule que j' aime beaucoup ne sont probablement pas cassées <eos>,13,cassées,cassés,11,F,S,cassées,-8.196512,cassés,-9.884267,1
3259,P_NOUN_8_PASS_b,F,P,les pommes avec la pendule que j' aime beaucoup ne sont probablement pas couvertes <eos>,13,couvertes,couverts,11,F,S,couvertes,-7.1723504,couverts,-8.07799,1
3260,P_NOUN_8_PASS_b,F,P,les pommes avec la pendule que j' aime beaucoup ne sont probablement pas déformées <eos>,13,déformées,déformés,11,F,S,déformées,-7.9971147,déformés,-13.33708,1
3261,P_NOUN_8_PASS_b,F,P,les pommes avec la pendule que j' aime beaucoup ne sont probablement pas fixées <eos>,13,fixées,fixés,11,F,S,fixées,-8.5224495,fixés,-9.505967,1
3262,P_NOUN_8_PASS_b,F,P,les pommes avec la pendule que j' aime beaucoup ne sont probablement pas jetées <eos>,13,jetées,jetés,11,F,S,jetées,-8.710559,jetés,-9.68827,1
3263,P_NOUN_8_PASS_b,F,P,les pommes avec la pendule que j' aime beaucoup ne sont probablement pas laissées <eos>,13,laissées,laissés,11,F,S,laissées,-7.7769356,laissés,-10.195112,1
3264,P_NOUN_8_PASS_b,F,P,les pommes avec la pendule que j' aime beaucoup ne sont probablement pas ouvertes <eos>,13,ouvertes,ouverts,11,F,S,ouvertes,-7.604115,ouverts,-8.7583,1
3265,P_NOUN_8_PASS_b,F,P,les pommes avec la pendule que j' aime beaucoup ne sont probablement pas perdues <eos>,13,perdues,perdus,11,F,S,perdues,-7.653269,perdus,-8.875237,1
3266,P_NOUN_8_PASS_b,F,P,les pommes avec la pendule que j' aime beaucoup ne sont probablement pas réparées <eos>,13,réparées,réparés,11,F,S,réparées,-9.361939,réparés,-12.012687,1
3267,P_NOUN_8_PASS_b,F,P,les pommes avec la pendule que j' aime beaucoup ne sont probablement pas retirées <eos>,13,retirées,retirés,11,F,S,retirées,-8.27869,retirés,-10.042916,1
3268,P_NOUN_8_PASS_b,F,P,les pommes avec la pendule que j' aime beaucoup ne sont probablement pas tombées <eos>,13,tombées,tombés,11,F,S,tombées,-7.637768,tombés,-8.631824,1
3269,P_NOUN_8_PASS_b,F,P,les pommes avec la pendule que j' aime beaucoup ne sont probablement pas utilisées <eos>,13,utilisées,utilisés,11,F,S,utilisées,-4.6876717,utilisés,-6.134718,1
3270,P_NOUN_8_PASS_b,F,P,les pommes avec la cloche que j' aime beaucoup ne sont probablement pas achetées <eos>,13,achetées,achetés,11,F,S,achetées,-9.724843,achetés,-9.702383,0
3271,P_NOUN_8_PASS_b,F,P,les pommes avec la cloche que j' aime beaucoup ne sont probablement pas brisées <eos>,13,brisées,brisés,11,F,S,brisées,-9.485338,brisés,-12.908457,1
3272,P_NOUN_8_PASS_b,F,P,les pommes avec la cloche que j' aime beaucoup ne sont probablement pas cachées <eos>,13,cachées,cachés,11,F,S,cachées,-7.794945,cachés,-9.218975,1
3273,P_NOUN_8_PASS_b,F,P,les pommes avec la cloche que j' aime beaucoup ne sont probablement pas cassées <eos>,13,cassées,cassés,11,F,S,cassées,-8.765041,cassés,-9.978651,1
3274,P_NOUN_8_PASS_b,F,P,les pommes avec la cloche que j' aime beaucoup ne sont probablement pas couvertes <eos>,13,couvertes,couverts,11,F,S,couvertes,-7.702716,couverts,-8.23246,1
3275,P_NOUN_8_PASS_b,F,P,les pommes avec la cloche que j' aime beaucoup ne sont probablement pas déformées <eos>,13,déformées,déformés,11,F,S,déformées,-9.125171,déformés,-14.123478,1
3276,P_NOUN_8_PASS_b,F,P,les pommes avec la cloche que j' aime beaucoup ne sont probablement pas fixées <eos>,13,fixées,fixés,11,F,S,fixées,-8.688585,fixés,-9.6824665,1
3277,P_NOUN_8_PASS_b,F,P,les pommes avec la cloche que j' aime beaucoup ne sont probablement pas jetées <eos>,13,jetées,jetés,11,F,S,jetées,-8.409998,jetés,-9.8227625,1
3278,P_NOUN_8_PASS_b,F,P,les pommes avec la cloche que j' aime beaucoup ne sont probablement pas laissées <eos>,13,laissées,laissés,11,F,S,laissées,-7.8284483,laissés,-9.641896,1
3279,P_NOUN_8_PASS_b,F,P,les pommes avec la cloche que j' aime beaucoup ne sont probablement pas ouvertes <eos>,13,ouvertes,ouverts,11,F,S,ouvertes,-7.750718,ouverts,-9.554952,1
3280,P_NOUN_8_PASS_b,F,P,les pommes avec la cloche que j' aime beaucoup ne sont probablement pas perdues <eos>,13,perdues,perdus,11,F,S,perdues,-7.5367303,perdus,-9.239399,1
3281,P_NOUN_8_PASS_b,F,P,les pommes avec la cloche que j' aime beaucoup ne sont probablement pas réparées <eos>,13,réparées,réparés,11,F,S,réparées,-9.750122,réparés,-12.439617,1
3282,P_NOUN_8_PASS_b,F,P,les pommes avec la cloche que j' aime beaucoup ne sont probablement pas retirées <eos>,13,retirées,retirés,11,F,S,retirées,-8.48544,retirés,-10.070483,1
3283,P_NOUN_8_PASS_b,F,P,les pommes avec la cloche que j' aime beaucoup ne sont probablement pas tombées <eos>,13,tombées,tombés,11,F,S,tombées,-7.58048,tombés,-8.035867,1
3284,P_NOUN_8_PASS_b,F,P,les pommes avec la cloche que j' aime beaucoup ne sont probablement pas utilisées <eos>,13,utilisées,utilisés,11,F,S,utilisées,-5.2341003,utilisés,-6.8179455,1
3285,P_NOUN_8_PASS_b,F,P,les pommes avec la cerise que j' aime beaucoup ne sont probablement pas achetées <eos>,13,achetées,achetés,11,F,S,achetées,-9.9831295,achetés,-9.551895,0
3286,P_NOUN_8_PASS_b,F,P,les pommes avec la cerise que j' aime beaucoup ne sont probablement pas brisées <eos>,13,brisées,brisés,11,F,S,brisées,-9.856132,brisés,-13.166441,1
3287,P_NOUN_8_PASS_b,F,P,les pommes avec la cerise que j' aime beaucoup ne sont probablement pas cachées <eos>,13,cachées,cachés,11,F,S,cachées,-8.342946,cachés,-10.067044,1
3288,P_NOUN_8_PASS_b,F,P,les pommes avec la cerise que j' aime beaucoup ne sont probablement pas cassées <eos>,13,cassées,cassés,11,F,S,cassées,-8.792382,cassés,-9.91671,1
3289,P_NOUN_8_PASS_b,F,P,les pommes avec la cerise que j' aime beaucoup ne sont probablement pas couvertes <eos>,13,couvertes,couverts,11,F,S,couvertes,-7.1637764,couverts,-7.746009,1
3290,P_NOUN_8_PASS_b,F,P,les pommes avec la cerise que j' aime beaucoup ne sont probablement pas déformées <eos>,13,déformées,déformés,11,F,S,déformées,-8.835865,déformés,-14.004923,1
3291,P_NOUN_8_PASS_b,F,P,les pommes avec la cerise que j' aime beaucoup ne sont probablement pas fixées <eos>,13,fixées,fixés,11,F,S,fixées,-8.976805,fixés,-9.893255,1
3292,P_NOUN_8_PASS_b,F,P,les pommes avec la cerise que j' aime beaucoup ne sont probablement pas jetées <eos>,13,jetées,jetés,11,F,S,jetées,-9.331603,jetés,-11.109298,1
3293,P_NOUN_8_PASS_b,F,P,les pommes avec la cerise que j' aime beaucoup ne sont probablement pas laissées <eos>,13,laissées,laissés,11,F,S,laissées,-7.6289935,laissés,-9.999249,1
3294,P_NOUN_8_PASS_b,F,P,les pommes avec la cerise que j' aime beaucoup ne sont probablement pas ouvertes <eos>,13,ouvertes,ouverts,11,F,S,ouvertes,-7.7948694,ouverts,-9.095461,1
3295,P_NOUN_8_PASS_b,F,P,les pommes avec la cerise que j' aime beaucoup ne sont probablement pas perdues <eos>,13,perdues,perdus,11,F,S,perdues,-7.889997,perdus,-9.452634,1
3296,P_NOUN_8_PASS_b,F,P,les pommes avec la cerise que j' aime beaucoup ne sont probablement pas réparées <eos>,13,réparées,réparés,11,F,S,réparées,-9.929514,réparés,-12.355935,1
3297,P_NOUN_8_PASS_b,F,P,les pommes avec la cerise que j' aime beaucoup ne sont probablement pas retirées <eos>,13,retirées,retirés,11,F,S,retirées,-8.836414,retirés,-10.468311,1
3298,P_NOUN_8_PASS_b,F,P,les pommes avec la cerise que j' aime beaucoup ne sont probablement pas tombées <eos>,13,tombées,tombés,11,F,S,tombées,-7.5776224,tombés,-8.424076,1
3299,P_NOUN_8_PASS_b,F,P,les pommes avec la cerise que j' aime beaucoup ne sont probablement pas utilisées <eos>,13,utilisées,utilisés,11,F,S,utilisées,-4.9757166,utilisés,-6.637931,1
3300,P_NOUN_8_PASS_b,F,P,les tasses avec la gemme que j' aime beaucoup ne sont probablement pas achetées <eos>,13,achetées,achetés,11,F,S,achetées,-10.058676,achetés,-10.307934,1
3301,P_NOUN_8_PASS_b,F,P,les tasses avec la gemme que j' aime beaucoup ne sont probablement pas brisées <eos>,13,brisées,brisés,11,F,S,brisées,-9.287796,brisés,-12.388651,1
3302,P_NOUN_8_PASS_b,F,P,les tasses avec la gemme que j' aime beaucoup ne sont probablement pas cachées <eos>,13,cachées,cachés,11,F,S,cachées,-8.158527,cachés,-9.724855,1
3303,P_NOUN_8_PASS_b,F,P,les tasses avec la gemme que j' aime beaucoup ne sont probablement pas cassées <eos>,13,cassées,cassés,11,F,S,cassées,-8.388587,cassés,-9.897281,1
3304,P_NOUN_8_PASS_b,F,P,les tasses avec la gemme que j' aime beaucoup ne sont probablement pas couvertes <eos>,13,couvertes,couverts,11,F,S,couvertes,-7.4165583,couverts,-7.817403,1
3305,P_NOUN_8_PASS_b,F,P,les tasses avec la gemme que j' aime beaucoup ne sont probablement pas déformées <eos>,13,déformées,déformés,11,F,S,déformées,-8.628417,déformés,-13.302353,1
3306,P_NOUN_8_PASS_b,F,P,les tasses avec la gemme que j' aime beaucoup ne sont probablement pas fixées <eos>,13,fixées,fixés,11,F,S,fixées,-8.249555,fixés,-9.495081,1
3307,P_NOUN_8_PASS_b,F,P,les tasses avec la gemme que j' aime beaucoup ne sont probablement pas jetées <eos>,13,jetées,jetés,11,F,S,jetées,-9.161571,jetés,-10.043917,1
3308,P_NOUN_8_PASS_b,F,P,les tasses avec la gemme que j' aime beaucoup ne sont probablement pas laissées <eos>,13,laissées,laissés,11,F,S,laissées,-7.5674734,laissés,-10.205709,1
3309,P_NOUN_8_PASS_b,F,P,les tasses avec la gemme que j' aime beaucoup ne sont probablement pas ouvertes <eos>,13,ouvertes,ouverts,11,F,S,ouvertes,-7.832427,ouverts,-9.23335,1
3310,P_NOUN_8_PASS_b,F,P,les tasses avec la gemme que j' aime beaucoup ne sont probablement pas perdues <eos>,13,perdues,perdus,11,F,S,perdues,-7.5304155,perdus,-8.570152,1
3311,P_NOUN_8_PASS_b,F,P,les tasses avec la gemme que j' aime beaucoup ne sont probablement pas réparées <eos>,13,réparées,réparés,11,F,S,réparées,-9.337568,réparés,-12.268966,1
3312,P_NOUN_8_PASS_b,F,P,les tasses avec la gemme que j' aime beaucoup ne sont probablement pas retirées <eos>,13,retirées,retirés,11,F,S,retirées,-7.94316,retirés,-9.8826275,1
3313,P_NOUN_8_PASS_b,F,P,les tasses avec la gemme que j' aime beaucoup ne sont probablement pas tombées <eos>,13,tombées,tombés,11,F,S,tombées,-7.3629136,tombés,-8.020016,1
3314,P_NOUN_8_PASS_b,F,P,les tasses avec la gemme que j' aime beaucoup ne sont probablement pas utilisées <eos>,13,utilisées,utilisés,11,F,S,utilisées,-5.4662695,utilisés,-6.9174337,1
3315,P_NOUN_8_PASS_b,F,P,les tasses avec la chaise que j' aime beaucoup ne sont probablement pas achetées <eos>,13,achetées,achetés,11,F,S,achetées,-10.100591,achetés,-10.459178,1
3316,P_NOUN_8_PASS_b,F,P,les tasses avec la chaise que j' aime beaucoup ne sont probablement pas brisées <eos>,13,brisées,brisés,11,F,S,brisées,-9.053087,brisés,-12.294573,1
3317,P_NOUN_8_PASS_b,F,P,les tasses avec la chaise que j' aime beaucoup ne sont probablement pas cachées <eos>,13,cachées,cachés,11,F,S,cachées,-8.13847,cachés,-10.232638,1
3318,P_NOUN_8_PASS_b,F,P,les tasses avec la chaise que j' aime beaucoup ne sont probablement pas cassées <eos>,13,cassées,cassés,11,F,S,cassées,-7.98748,cassés,-9.952249,1
3319,P_NOUN_8_PASS_b,F,P,les tasses avec la chaise que j' aime beaucoup ne sont probablement pas couvertes <eos>,13,couvertes,couverts,11,F,S,couvertes,-7.571824,couverts,-8.160814,1
3320,P_NOUN_8_PASS_b,F,P,les tasses avec la chaise que j' aime beaucoup ne sont probablement pas déformées <eos>,13,déformées,déformés,11,F,S,déformées,-8.1859,déformés,-13.122191,1
3321,P_NOUN_8_PASS_b,F,P,les tasses avec la chaise que j' aime beaucoup ne sont probablement pas fixées <eos>,13,fixées,fixés,11,F,S,fixées,-7.7002945,fixés,-9.380863,1
3322,P_NOUN_8_PASS_b,F,P,les tasses avec la chaise que j' aime beaucoup ne sont probablement pas jetées <eos>,13,jetées,jetés,11,F,S,jetées,-9.333784,jetés,-10.404945,1
3323,P_NOUN_8_PASS_b,F,P,les tasses avec la chaise que j' aime beaucoup ne sont probablement pas laissées <eos>,13,laissées,laissés,11,F,S,laissées,-7.507111,laissés,-10.686987,1
3324,P_NOUN_8_PASS_b,F,P,les tasses avec la chaise que j' aime beaucoup ne sont probablement pas ouvertes <eos>,13,ouvertes,ouverts,11,F,S,ouvertes,-7.915943,ouverts,-9.423733,1
3325,P_NOUN_8_PASS_b,F,P,les tasses avec la chaise que j' aime beaucoup ne sont probablement pas perdues <eos>,13,perdues,perdus,11,F,S,perdues,-7.603531,perdus,-8.781823,1
3326,P_NOUN_8_PASS_b,F,P,les tasses avec la chaise que j' aime beaucoup ne sont probablement pas réparées <eos>,13,réparées,réparés,11,F,S,réparées,-9.316142,réparés,-12.91066,1
3327,P_NOUN_8_PASS_b,F,P,les tasses avec la chaise que j' aime beaucoup ne sont probablement pas retirées <eos>,13,retirées,retirés,11,F,S,retirées,-7.9140477,retirés,-10.205774,1
3328,P_NOUN_8_PASS_b,F,P,les tasses avec la chaise que j' aime beaucoup ne sont probablement pas tombées <eos>,13,tombées,tombés,11,F,S,tombées,-7.74772,tombés,-8.841433,1
3329,P_NOUN_8_PASS_b,F,P,les tasses avec la chaise que j' aime beaucoup ne sont probablement pas utilisées <eos>,13,utilisées,utilisés,11,F,S,utilisées,-5.3635483,utilisés,-6.8880253,1
3330,P_NOUN_8_PASS_b,F,P,les tasses avec la poubelle que j' aime beaucoup ne sont probablement pas achetées <eos>,13,achetées,achetés,11,F,S,achetées,-9.892174,achetés,-9.990276,1
3331,P_NOUN_8_PASS_b,F,P,les tasses avec la poubelle que j' aime beaucoup ne sont probablement pas brisées <eos>,13,brisées,brisés,11,F,S,brisées,-9.165011,brisés,-12.448219,1
3332,P_NOUN_8_PASS_b,F,P,les tasses avec la poubelle que j' aime beaucoup ne sont probablement pas cachées <eos>,13,cachées,cachés,11,F,S,cachées,-7.938152,cachés,-9.453611,1
3333,P_NOUN_8_PASS_b,F,P,les tasses avec la poubelle que j' aime beaucoup ne sont probablement pas cassées <eos>,13,cassées,cassés,11,F,S,cassées,-8.175848,cassés,-9.967695,1
3334,P_NOUN_8_PASS_b,F,P,les tasses avec la poubelle que j' aime beaucoup ne sont probablement pas couvertes <eos>,13,couvertes,couverts,11,F,S,couvertes,-7.5147886,couverts,-8.277861,1
3335,P_NOUN_8_PASS_b,F,P,les tasses avec la poubelle que j' aime beaucoup ne sont probablement pas déformées <eos>,13,déformées,déformés,11,F,S,déformées,-8.34347,déformés,-13.2267475,1
3336,P_NOUN_8_PASS_b,F,P,les tasses avec la poubelle que j' aime beaucoup ne sont probablement pas fixées <eos>,13,fixées,fixés,11,F,S,fixées,-8.0998955,fixés,-9.690099,1
3337,P_NOUN_8_PASS_b,F,P,les tasses avec la poubelle que j' aime beaucoup ne sont probablement pas jetées <eos>,13,jetées,jetés,11,F,S,jetées,-8.992265,jetés,-9.992531,1
3338,P_NOUN_8_PASS_b,F,P,les tasses avec la poubelle que j' aime beaucoup ne sont probablement pas laissées <eos>,13,laissées,laissés,11,F,S,laissées,-7.5761538,laissés,-10.367017,1
3339,P_NOUN_8_PASS_b,F,P,les tasses avec la poubelle que j' aime beaucoup ne sont probablement pas ouvertes <eos>,13,ouvertes,ouverts,11,F,S,ouvertes,-7.834203,ouverts,-9.343973,1
3340,P_NOUN_8_PASS_b,F,P,les tasses avec la poubelle que j' aime beaucoup ne sont probablement pas perdues <eos>,13,perdues,perdus,11,F,S,perdues,-7.5001063,perdus,-8.664677,1
3341,P_NOUN_8_PASS_b,F,P,les tasses avec la poubelle que j' aime beaucoup ne sont probablement pas réparées <eos>,13,réparées,réparés,11,F,S,réparées,-9.075643,réparés,-12.649195,1
3342,P_NOUN_8_PASS_b,F,P,les tasses avec la poubelle que j' aime beaucoup ne sont probablement pas retirées <eos>,13,retirées,retirés,11,F,S,retirées,-7.7332296,retirés,-9.974559,1
3343,P_NOUN_8_PASS_b,F,P,les tasses avec la poubelle que j' aime beaucoup ne sont probablement pas tombées <eos>,13,tombées,tombés,11,F,S,tombées,-7.5252123,tombés,-8.370472,1
3344,P_NOUN_8_PASS_b,F,P,les tasses avec la poubelle que j' aime beaucoup ne sont probablement pas utilisées <eos>,13,utilisées,utilisés,11,F,S,utilisées,-5.193676,utilisés,-6.746023,1
3345,P_NOUN_8_PASS_b,F,P,les tasses avec la chemise que j' aime beaucoup ne sont probablement pas achetées <eos>,13,achetées,achetés,11,F,S,achetées,-10.023221,achetés,-10.598014,1
3346,P_NOUN_8_PASS_b,F,P,les tasses avec la chemise que j' aime beaucoup ne sont probablement pas brisées <eos>,13,brisées,brisés,11,F,S,brisées,-9.202539,brisés,-12.426577,1
3347,P_NOUN_8_PASS_b,F,P,les tasses avec la chemise que j' aime beaucoup ne sont probablement pas cachées <eos>,13,cachées,cachés,11,F,S,cachées,-7.871494,cachés,-9.77085,1
3348,P_NOUN_8_PASS_b,F,P,les tasses avec la chemise que j' aime beaucoup ne sont probablement pas cassées <eos>,13,cassées,cassés,11,F,S,cassées,-8.008793,cassés,-10.089906,1
3349,P_NOUN_8_PASS_b,F,P,les tasses avec la chemise que j' aime beaucoup ne sont probablement pas couvertes <eos>,13,couvertes,couverts,11,F,S,couvertes,-7.2679634,couverts,-8.148095,1
3350,P_NOUN_8_PASS_b,F,P,les tasses avec la chemise que j' aime beaucoup ne sont probablement pas déformées <eos>,13,déformées,déformés,11,F,S,déformées,-8.516715,déformés,-13.403383,1
3351,P_NOUN_8_PASS_b,F,P,les tasses avec la chemise que j' aime beaucoup ne sont probablement pas fixées <eos>,13,fixées,fixés,11,F,S,fixées,-8.056627,fixés,-9.733428,1
3352,P_NOUN_8_PASS_b,F,P,les tasses avec la chemise que j' aime beaucoup ne sont probablement pas jetées <eos>,13,jetées,jetés,11,F,S,jetées,-9.056504,jetés,-10.200577,1
3353,P_NOUN_8_PASS_b,F,P,les tasses avec la chemise que j' aime beaucoup ne sont probablement pas laissées <eos>,13,laissées,laissés,11,F,S,laissées,-7.794121,laissés,-10.51753,1
3354,P_NOUN_8_PASS_b,F,P,les tasses avec la chemise que j' aime beaucoup ne sont probablement pas ouvertes <eos>,13,ouvertes,ouverts,11,F,S,ouvertes,-7.673374,ouverts,-9.280771,1
3355,P_NOUN_8_PASS_b,F,P,les tasses avec la chemise que j' aime beaucoup ne sont probablement pas perdues <eos>,13,perdues,perdus,11,F,S,perdues,-7.8189154,perdus,-8.889668,1
3356,P_NOUN_8_PASS_b,F,P,les tasses avec la chemise que j' aime beaucoup ne sont probablement pas réparées <eos>,13,réparées,réparés,11,F,S,réparées,-9.469443,réparés,-12.600537,1
3357,P_NOUN_8_PASS_b,F,P,les tasses avec la chemise que j' aime beaucoup ne sont probablement pas retirées <eos>,13,retirées,retirés,11,F,S,retirées,-8.063578,retirés,-9.928908,1
3358,P_NOUN_8_PASS_b,F,P,les tasses avec la chemise que j' aime beaucoup ne sont probablement pas tombées <eos>,13,tombées,tombés,11,F,S,tombées,-7.653322,tombés,-7.830267,1
3359,P_NOUN_8_PASS_b,F,P,les tasses avec la chemise que j' aime beaucoup ne sont probablement pas utilisées <eos>,13,utilisées,utilisés,11,F,S,utilisées,-5.1347957,utilisés,-6.657168,1
3360,P_NOUN_8_PASS_b,F,P,les tasses avec la recette que j' aime beaucoup ne sont probablement pas achetées <eos>,13,achetées,achetés,11,F,S,achetées,-9.964732,achetés,-10.161033,1
3361,P_NOUN_8_PASS_b,F,P,les tasses avec la recette que j' aime beaucoup ne sont probablement pas brisées <eos>,13,brisées,brisés,11,F,S,brisées,-9.901643,brisés,-13.116308,1
3362,P_NOUN_8_PASS_b,F,P,les tasses avec la recette que j' aime beaucoup ne sont probablement pas cachées <eos>,13,cachées,cachés,11,F,S,cachées,-8.747833,cachés,-10.308407,1
3363,P_NOUN_8_PASS_b,F,P,les tasses avec la recette que j' aime beaucoup ne sont probablement pas cassées <eos>,13,cassées,cassés,11,F,S,cassées,-9.001434,cassés,-10.249495,1
3364,P_NOUN_8_PASS_b,F,P,les tasses avec la recette que j' aime beaucoup ne sont probablement pas couvertes <eos>,13,couvertes,couverts,11,F,S,couvertes,-7.6764793,couverts,-8.071628,1
3365,P_NOUN_8_PASS_b,F,P,les tasses avec la recette que j' aime beaucoup ne sont probablement pas déformées <eos>,13,déformées,déformés,11,F,S,déformées,-8.936274,déformés,-13.64513,1
3366,P_NOUN_8_PASS_b,F,P,les tasses avec la recette que j' aime beaucoup ne sont probablement pas fixées <eos>,13,fixées,fixés,11,F,S,fixées,-8.473549,fixés,-9.876177,1
3367,P_NOUN_8_PASS_b,F,P,les tasses avec la recette que j' aime beaucoup ne sont probablement pas jetées <eos>,13,jetées,jetés,11,F,S,jetées,-9.958013,jetés,-11.191608,1
3368,P_NOUN_8_PASS_b,F,P,les tasses avec la recette que j' aime beaucoup ne sont probablement pas laissées <eos>,13,laissées,laissés,11,F,S,laissées,-7.665273,laissés,-10.932421,1
3369,P_NOUN_8_PASS_b,F,P,les tasses avec la recette que j' aime beaucoup ne sont probablement pas ouvertes <eos>,13,ouvertes,ouverts,11,F,S,ouvertes,-7.8417435,ouverts,-9.339837,1
3370,P_NOUN_8_PASS_b,F,P,les tasses avec la recette que j' aime beaucoup ne sont probablement pas perdues <eos>,13,perdues,perdus,11,F,S,perdues,-7.798021,perdus,-9.017739,1
3371,P_NOUN_8_PASS_b,F,P,les tasses avec la recette que j' aime beaucoup ne sont probablement pas réparées <eos>,13,réparées,réparés,11,F,S,réparées,-9.406059,réparés,-12.748023,1
3372,P_NOUN_8_PASS_b,F,P,les tasses avec la recette que j' aime beaucoup ne sont probablement pas retirées <eos>,13,retirées,retirés,11,F,S,retirées,-8.35539,retirés,-10.168943,1
3373,P_NOUN_8_PASS_b,F,P,les tasses avec la recette que j' aime beaucoup ne sont probablement pas tombées <eos>,13,tombées,tombés,11,F,S,tombées,-8.032097,tombés,-8.826555,1
3374,P_NOUN_8_PASS_b,F,P,les tasses avec la recette que j' aime beaucoup ne sont probablement pas utilisées <eos>,13,utilisées,utilisés,11,F,S,utilisées,-5.3799095,utilisés,-6.9397163,1
3375,P_NOUN_8_PASS_b,F,P,les tasses avec la jupe que j' aime beaucoup ne sont probablement pas achetées <eos>,13,achetées,achetés,11,F,S,achetées,-10.079519,achetés,-10.609815,1
3376,P_NOUN_8_PASS_b,F,P,les tasses avec la jupe que j' aime beaucoup ne sont probablement pas brisées <eos>,13,brisées,brisés,11,F,S,brisées,-9.416797,brisés,-12.605593,1
3377,P_NOUN_8_PASS_b,F,P,les tasses avec la jupe que j' aime beaucoup ne sont probablement pas cachées <eos>,13,cachées,cachés,11,F,S,cachées,-8.342265,cachés,-10.2848835,1
3378,P_NOUN_8_PASS_b,F,P,les tasses avec la jupe que j' aime beaucoup ne sont probablement pas cassées <eos>,13,cassées,cassés,11,F,S,cassées,-8.055294,cassés,-10.017416,1
3379,P_NOUN_8_PASS_b,F,P,les tasses avec la jupe que j' aime beaucoup ne sont probablement pas couvertes <eos>,13,couvertes,couverts,11,F,S,couvertes,-7.194006,couverts,-8.076894,1
3380,P_NOUN_8_PASS_b,F,P,les tasses avec la jupe que j' aime beaucoup ne sont probablement pas déformées <eos>,13,déformées,déformés,11,F,S,déformées,-7.9907002,déformés,-13.155325,1
3381,P_NOUN_8_PASS_b,F,P,les tasses avec la jupe que j' aime beaucoup ne sont probablement pas fixées <eos>,13,fixées,fixés,11,F,S,fixées,-7.909418,fixés,-9.650616,1
3382,P_NOUN_8_PASS_b,F,P,les tasses avec la jupe que j' aime beaucoup ne sont probablement pas jetées <eos>,13,jetées,jetés,11,F,S,jetées,-9.380536,jetés,-10.599265,1
3383,P_NOUN_8_PASS_b,F,P,les tasses avec la jupe que j' aime beaucoup ne sont probablement pas laissées <eos>,13,laissées,laissés,11,F,S,laissées,-7.655005,laissés,-10.875602,1
3384,P_NOUN_8_PASS_b,F,P,les tasses avec la jupe que j' aime beaucoup ne sont probablement pas ouvertes <eos>,13,ouvertes,ouverts,11,F,S,ouvertes,-7.5846376,ouverts,-9.059472,1
3385,P_NOUN_8_PASS_b,F,P,les tasses avec la jupe que j' aime beaucoup ne sont probablement pas perdues <eos>,13,perdues,perdus,11,F,S,perdues,-8.097373,perdus,-9.408361,1
3386,P_NOUN_8_PASS_b,F,P,les tasses avec la jupe que j' aime beaucoup ne sont probablement pas réparées <eos>,13,réparées,réparés,11,F,S,réparées,-9.179827,réparés,-12.818787,1
3387,P_NOUN_8_PASS_b,F,P,les tasses avec la jupe que j' aime beaucoup ne sont probablement pas retirées <eos>,13,retirées,retirés,11,F,S,retirées,-8.044435,retirés,-10.352535,1
3388,P_NOUN_8_PASS_b,F,P,les tasses avec la jupe que j' aime beaucoup ne sont probablement pas tombées <eos>,13,tombées,tombés,11,F,S,tombées,-7.7802286,tombés,-8.806451,1
3389,P_NOUN_8_PASS_b,F,P,les tasses avec la jupe que j' aime beaucoup ne sont probablement pas utilisées <eos>,13,utilisées,utilisés,11,F,S,utilisées,-5.172256,utilisés,-6.911943,1
3390,P_NOUN_8_PASS_b,F,P,les tasses avec la colle que j' aime beaucoup ne sont probablement pas achetées <eos>,13,achetées,achetés,11,F,S,achetées,-9.825433,achetés,-9.884222,1
3391,P_NOUN_8_PASS_b,F,P,les tasses avec la colle que j' aime beaucoup ne sont probablement pas brisées <eos>,13,brisées,brisés,11,F,S,brisées,-9.194702,brisés,-12.438041,1
3392,P_NOUN_8_PASS_b,F,P,les tasses avec la colle que j' aime beaucoup ne sont probablement pas cachées <eos>,13,cachées,cachés,11,F,S,cachées,-8.365768,cachés,-9.560647,1
3393,P_NOUN_8_PASS_b,F,P,les tasses avec la colle que j' aime beaucoup ne sont probablement pas cassées <eos>,13,cassées,cassés,11,F,S,cassées,-8.146286,cassés,-9.60211,1
3394,P_NOUN_8_PASS_b,F,P,les tasses avec la colle que j' aime beaucoup ne sont probablement pas couvertes <eos>,13,couvertes,couverts,11,F,S,couvertes,-7.367162,couverts,-8.028818,1
3395,P_NOUN_8_PASS_b,F,P,les tasses avec la colle que j' aime beaucoup ne sont probablement pas déformées <eos>,13,déformées,déformés,11,F,S,déformées,-8.286795,déformés,-13.473606,1
3396,P_NOUN_8_PASS_b,F,P,les tasses avec la colle que j' aime beaucoup ne sont probablement pas fixées <eos>,13,fixées,fixés,11,F,S,fixées,-8.106611,fixés,-9.615899,1
3397,P_NOUN_8_PASS_b,F,P,les tasses avec la colle que j' aime beaucoup ne sont probablement pas jetées <eos>,13,jetées,jetés,11,F,S,jetées,-9.085593,jetés,-9.918173,1
3398,P_NOUN_8_PASS_b,F,P,les tasses avec la colle que j' aime beaucoup ne sont probablement pas laissées <eos>,13,laissées,laissés,11,F,S,laissées,-7.4104,laissés,-10.397233,1
3399,P_NOUN_8_PASS_b,F,P,les tasses avec la colle que j' aime beaucoup ne sont probablement pas ouvertes <eos>,13,ouvertes,ouverts,11,F,S,ouvertes,-7.9307675,ouverts,-9.379381,1
3400,P_NOUN_8_PASS_b,F,P,les tasses avec la colle que j' aime beaucoup ne sont probablement pas perdues <eos>,13,perdues,perdus,11,F,S,perdues,-7.519481,perdus,-8.652237,1
3401,P_NOUN_8_PASS_b,F,P,les tasses avec la colle que j' aime beaucoup ne sont probablement pas réparées <eos>,13,réparées,réparés,11,F,S,réparées,-9.136541,réparés,-12.478462,1
3402,P_NOUN_8_PASS_b,F,P,les tasses avec la colle que j' aime beaucoup ne sont probablement pas retirées <eos>,13,retirées,retirés,11,F,S,retirées,-7.8050756,retirés,-9.731525,1
3403,P_NOUN_8_PASS_b,F,P,les tasses avec la colle que j' aime beaucoup ne sont probablement pas tombées <eos>,13,tombées,tombés,11,F,S,tombées,-7.58297,tombés,-8.396211,1
3404,P_NOUN_8_PASS_b,F,P,les tasses avec la colle que j' aime beaucoup ne sont probablement pas utilisées <eos>,13,utilisées,utilisés,11,F,S,utilisées,-4.9699516,utilisés,-6.517885,1
3405,P_NOUN_8_PASS_b,F,P,les tasses avec la lampe que j' aime beaucoup ne sont probablement pas achetées <eos>,13,achetées,achetés,11,F,S,achetées,-9.809684,achetés,-10.355585,1
3406,P_NOUN_8_PASS_b,F,P,les tasses avec la lampe que j' aime beaucoup ne sont probablement pas brisées <eos>,13,brisées,brisés,11,F,S,brisées,-8.809525,brisés,-12.278471,1
3407,P_NOUN_8_PASS_b,F,P,les tasses avec la lampe que j' aime beaucoup ne sont probablement pas cachées <eos>,13,cachées,cachés,11,F,S,cachées,-8.058756,cachés,-9.574361,1
3408,P_NOUN_8_PASS_b,F,P,les tasses avec la lampe que j' aime beaucoup ne sont probablement pas cassées <eos>,13,cassées,cassés,11,F,S,cassées,-8.076294,cassés,-10.023592,1
3409,P_NOUN_8_PASS_b,F,P,les tasses avec la lampe que j' aime beaucoup ne sont probablement pas couvertes <eos>,13,couvertes,couverts,11,F,S,couvertes,-7.5812693,couverts,-8.590299,1
3410,P_NOUN_8_PASS_b,F,P,les tasses avec la lampe que j' aime beaucoup ne sont probablement pas déformées <eos>,13,déformées,déformés,11,F,S,déformées,-7.7776084,déformés,-12.898888,1
3411,P_NOUN_8_PASS_b,F,P,les tasses avec la lampe que j' aime beaucoup ne sont probablement pas fixées <eos>,13,fixées,fixés,11,F,S,fixées,-7.8378315,fixés,-9.50836,1
3412,P_NOUN_8_PASS_b,F,P,les tasses avec la lampe que j' aime beaucoup ne sont probablement pas jetées <eos>,13,jetées,jetés,11,F,S,jetées,-8.548389,jetés,-9.666834,1
3413,P_NOUN_8_PASS_b,F,P,les tasses avec la lampe que j' aime beaucoup ne sont probablement pas laissées <eos>,13,laissées,laissés,11,F,S,laissées,-7.5437717,laissés,-10.623586,1
3414,P_NOUN_8_PASS_b,F,P,les tasses avec la lampe que j' aime beaucoup ne sont probablement pas ouvertes <eos>,13,ouvertes,ouverts,11,F,S,ouvertes,-7.740161,ouverts,-9.457744,1
3415,P_NOUN_8_PASS_b,F,P,les tasses avec la lampe que j' aime beaucoup ne sont probablement pas perdues <eos>,13,perdues,perdus,11,F,S,perdues,-7.3701696,perdus,-8.521997,1
3416,P_NOUN_8_PASS_b,F,P,les tasses avec la lampe que j' aime beaucoup ne sont probablement pas réparées <eos>,13,réparées,réparés,11,F,S,réparées,-8.764244,réparés,-12.303143,1
3417,P_NOUN_8_PASS_b,F,P,les tasses avec la lampe que j' aime beaucoup ne sont probablement pas retirées <eos>,13,retirées,retirés,11,F,S,retirées,-7.4886427,retirés,-9.815903,1
3418,P_NOUN_8_PASS_b,F,P,les tasses avec la lampe que j' aime beaucoup ne sont probablement pas tombées <eos>,13,tombées,tombés,11,F,S,tombées,-7.433987,tombés,-8.692183,1
3419,P_NOUN_8_PASS_b,F,P,les tasses avec la lampe que j' aime beaucoup ne sont probablement pas utilisées <eos>,13,utilisées,utilisés,11,F,S,utilisées,-4.8654137,utilisés,-6.5806637,1
3420,P_NOUN_8_PASS_b,F,P,les tasses avec la bouteille que j' aime beaucoup ne sont probablement pas achetées <eos>,13,achetées,achetés,11,F,S,achetées,-9.284633,achetés,-9.966993,1
3421,P_NOUN_8_PASS_b,F,P,les tasses avec la bouteille que j' aime beaucoup ne sont probablement pas brisées <eos>,13,brisées,brisés,11,F,S,brisées,-9.539673,brisés,-12.800499,1
3422,P_NOUN_8_PASS_b,F,P,les tasses avec la bouteille que j' aime beaucoup ne sont probablement pas cachées <eos>,13,cachées,cachés,11,F,S,cachées,-8.503254,cachés,-9.940264,1
3423,P_NOUN_8_PASS_b,F,P,les tasses avec la bouteille que j' aime beaucoup ne sont probablement pas cassées <eos>,13,cassées,cassés,11,F,S,cassées,-8.351296,cassés,-9.9718685,1
3424,P_NOUN_8_PASS_b,F,P,les tasses avec la bouteille que j' aime beaucoup ne sont probablement pas couvertes <eos>,13,couvertes,couverts,11,F,S,couvertes,-7.348191,couverts,-8.141957,1
3425,P_NOUN_8_PASS_b,F,P,les tasses avec la bouteille que j' aime beaucoup ne sont probablement pas déformées <eos>,13,déformées,déformés,11,F,S,déformées,-8.370331,déformés,-13.520502,1
3426,P_NOUN_8_PASS_b,F,P,les tasses avec la bouteille que j' aime beaucoup ne sont probablement pas fixées <eos>,13,fixées,fixés,11,F,S,fixées,-8.489794,fixés,-9.671412,1
3427,P_NOUN_8_PASS_b,F,P,les tasses avec la bouteille que j' aime beaucoup ne sont probablement pas jetées <eos>,13,jetées,jetés,11,F,S,jetées,-9.63296,jetés,-10.41691,1
3428,P_NOUN_8_PASS_b,F,P,les tasses avec la bouteille que j' aime beaucoup ne sont probablement pas laissées <eos>,13,laissées,laissés,11,F,S,laissées,-7.143926,laissés,-10.632923,1
3429,P_NOUN_8_PASS_b,F,P,les tasses avec la bouteille que j' aime beaucoup ne sont probablement pas ouvertes <eos>,13,ouvertes,ouverts,11,F,S,ouvertes,-7.50751,ouverts,-8.884814,1
3430,P_NOUN_8_PASS_b,F,P,les tasses avec la bouteille que j' aime beaucoup ne sont probablement pas perdues <eos>,13,perdues,perdus,11,F,S,perdues,-7.716965,perdus,-8.77854,1
3431,P_NOUN_8_PASS_b,F,P,les tasses avec la bouteille que j' aime beaucoup ne sont probablement pas réparées <eos>,13,réparées,réparés,11,F,S,réparées,-8.800028,réparés,-12.452435,1
3432,P_NOUN_8_PASS_b,F,P,les tasses avec la bouteille que j' aime beaucoup ne sont probablement pas retirées <eos>,13,retirées,retirés,11,F,S,retirées,-7.8864594,retirés,-10.137094,1
3433,P_NOUN_8_PASS_b,F,P,les tasses avec la bouteille que j' aime beaucoup ne sont probablement pas tombées <eos>,13,tombées,tombés,11,F,S,tombées,-7.85614,tombés,-8.933258,1
3434,P_NOUN_8_PASS_b,F,P,les tasses avec la bouteille que j' aime beaucoup ne sont probablement pas utilisées <eos>,13,utilisées,utilisés,11,F,S,utilisées,-5.28762,utilisés,-7.0283103,1
3435,P_NOUN_8_PASS_b,F,P,les tasses avec la boisson que j' aime beaucoup ne sont probablement pas achetées <eos>,13,achetées,achetés,11,F,S,achetées,-9.944128,achetés,-9.9896555,1
3436,P_NOUN_8_PASS_b,F,P,les tasses avec la boisson que j' aime beaucoup ne sont probablement pas brisées <eos>,13,brisées,brisés,11,F,S,brisées,-9.714878,brisés,-13.145903,1
3437,P_NOUN_8_PASS_b,F,P,les tasses avec la boisson que j' aime beaucoup ne sont probablement pas cachées <eos>,13,cachées,cachés,11,F,S,cachées,-8.456015,cachés,-9.9117775,1
3438,P_NOUN_8_PASS_b,F,P,les tasses avec la boisson que j' aime beaucoup ne sont probablement pas cassées <eos>,13,cassées,cassés,11,F,S,cassées,-8.966994,cassés,-10.257906,1
3439,P_NOUN_8_PASS_b,F,P,les tasses avec la boisson que j' aime beaucoup ne sont probablement pas couvertes <eos>,13,couvertes,couverts,11,F,S,couvertes,-7.9817133,couverts,-8.087604,1
3440,P_NOUN_8_PASS_b,F,P,les tasses avec la boisson que j' aime beaucoup ne sont probablement pas déformées <eos>,13,déformées,déformés,11,F,S,déformées,-9.011089,déformés,-13.581213,1
3441,P_NOUN_8_PASS_b,F,P,les tasses avec la boisson que j' aime beaucoup ne sont probablement pas fixées <eos>,13,fixées,fixés,11,F,S,fixées,-8.51071,fixés,-9.858881,1
3442,P_NOUN_8_PASS_b,F,P,les tasses avec la boisson que j' aime beaucoup ne sont probablement pas jetées <eos>,13,jetées,jetés,11,F,S,jetées,-9.81666,jetés,-10.771917,1
3443,P_NOUN_8_PASS_b,F,P,les tasses avec la boisson que j' aime beaucoup ne sont probablement pas laissées <eos>,13,laissées,laissés,11,F,S,laissées,-7.6864862,laissés,-10.662394,1
3444,P_NOUN_8_PASS_b,F,P,les tasses avec la boisson que j' aime beaucoup ne sont probablement pas ouvertes <eos>,13,ouvertes,ouverts,11,F,S,ouvertes,-8.210668,ouverts,-9.598132,1
3445,P_NOUN_8_PASS_b,F,P,les tasses avec la boisson que j' aime beaucoup ne sont probablement pas perdues <eos>,13,perdues,perdus,11,F,S,perdues,-7.775309,perdus,-8.786905,1
3446,P_NOUN_8_PASS_b,F,P,les tasses avec la boisson que j' aime beaucoup ne sont probablement pas réparées <eos>,13,réparées,réparés,11,F,S,réparées,-9.919411,réparés,-13.172207,1
3447,P_NOUN_8_PASS_b,F,P,les tasses avec la boisson que j' aime beaucoup ne sont probablement pas retirées <eos>,13,retirées,retirés,11,F,S,retirées,-8.285451,retirés,-10.224327,1
3448,P_NOUN_8_PASS_b,F,P,les tasses avec la boisson que j' aime beaucoup ne sont probablement pas tombées <eos>,13,tombées,tombés,11,F,S,tombées,-7.791236,tombés,-8.389891,1
3449,P_NOUN_8_PASS_b,F,P,les tasses avec la boisson que j' aime beaucoup ne sont probablement pas utilisées <eos>,13,utilisées,utilisés,11,F,S,utilisées,-5.6532316,utilisés,-7.1384306,1
3450,P_NOUN_8_PASS_b,F,P,les tasses avec la pomme que j' aime beaucoup ne sont probablement pas achetées <eos>,13,achetées,achetés,11,F,S,achetées,-9.245509,achetés,-9.633866,1
3451,P_NOUN_8_PASS_b,F,P,les tasses avec la pomme que j' aime beaucoup ne sont probablement pas brisées <eos>,13,brisées,brisés,11,F,S,brisées,-9.582431,brisés,-12.860831,1
3452,P_NOUN_8_PASS_b,F,P,les tasses avec la pomme que j' aime beaucoup ne sont probablement pas cachées <eos>,13,cachées,cachés,11,F,S,cachées,-8.410737,cachés,-10.050876,1
3453,P_NOUN_8_PASS_b,F,P,les tasses avec la pomme que j' aime beaucoup ne sont probablement pas cassées <eos>,13,cassées,cassés,11,F,S,cassées,-8.537193,cassés,-9.650692,1
3454,P_NOUN_8_PASS_b,F,P,les tasses avec la pomme que j' aime beaucoup ne sont probablement pas couvertes <eos>,13,couvertes,couverts,11,F,S,couvertes,-7.4187927,couverts,-7.7479963,1
3455,P_NOUN_8_PASS_b,F,P,les tasses avec la pomme que j' aime beaucoup ne sont probablement pas déformées <eos>,13,déformées,déformés,11,F,S,déformées,-8.718873,déformés,-13.75951,1
3456,P_NOUN_8_PASS_b,F,P,les tasses avec la pomme que j' aime beaucoup ne sont probablement pas fixées <eos>,13,fixées,fixés,11,F,S,fixées,-8.416551,fixés,-9.625927,1
3457,P_NOUN_8_PASS_b,F,P,les tasses avec la pomme que j' aime beaucoup ne sont probablement pas jetées <eos>,13,jetées,jetés,11,F,S,jetées,-9.643072,jetés,-10.829917,1
3458,P_NOUN_8_PASS_b,F,P,les tasses avec la pomme que j' aime beaucoup ne sont probablement pas laissées <eos>,13,laissées,laissés,11,F,S,laissées,-7.409704,laissés,-10.320855,1
3459,P_NOUN_8_PASS_b,F,P,les tasses avec la pomme que j' aime beaucoup ne sont probablement pas ouvertes <eos>,13,ouvertes,ouverts,11,F,S,ouvertes,-7.8661785,ouverts,-9.388573,1
3460,P_NOUN_8_PASS_b,F,P,les tasses avec la pomme que j' aime beaucoup ne sont probablement pas perdues <eos>,13,perdues,perdus,11,F,S,perdues,-7.3706136,perdus,-8.713156,1
3461,P_NOUN_8_PASS_b,F,P,les tasses avec la pomme que j' aime beaucoup ne sont probablement pas réparées <eos>,13,réparées,réparés,11,F,S,réparées,-9.485942,réparés,-12.90345,1
3462,P_NOUN_8_PASS_b,F,P,les tasses avec la pomme que j' aime beaucoup ne sont probablement pas retirées <eos>,13,retirées,retirés,11,F,S,retirées,-8.082712,retirés,-10.102546,1
3463,P_NOUN_8_PASS_b,F,P,les tasses avec la pomme que j' aime beaucoup ne sont probablement pas tombées <eos>,13,tombées,tombés,11,F,S,tombées,-7.433124,tombés,-8.328686,1
3464,P_NOUN_8_PASS_b,F,P,les tasses avec la pomme que j' aime beaucoup ne sont probablement pas utilisées <eos>,13,utilisées,utilisés,11,F,S,utilisées,-5.1823664,utilisés,-6.9408035,1
3465,P_NOUN_8_PASS_b,F,P,les tasses avec la tasse que j' aime beaucoup ne sont probablement pas achetées <eos>,13,achetées,achetés,11,F,S,achetées,-9.45095,achetés,-9.941919,1
3466,P_NOUN_8_PASS_b,F,P,les tasses avec la tasse que j' aime beaucoup ne sont probablement pas brisées <eos>,13,brisées,brisés,11,F,S,brisées,-9.212108,brisés,-12.669597,1
3467,P_NOUN_8_PASS_b,F,P,les tasses avec la tasse que j' aime beaucoup ne sont probablement pas cachées <eos>,13,cachées,cachés,11,F,S,cachées,-8.234932,cachés,-10.25989,1
3468,P_NOUN_8_PASS_b,F,P,les tasses avec la tasse que j' aime beaucoup ne sont probablement pas cassées <eos>,13,cassées,cassés,11,F,S,cassées,-8.337685,cassés,-10.050055,1
3469,P_NOUN_8_PASS_b,F,P,les tasses avec la tasse que j' aime beaucoup ne sont probablement pas couvertes <eos>,13,couvertes,couverts,11,F,S,couvertes,-7.1284084,couverts,-7.788205,1
3470,P_NOUN_8_PASS_b,F,P,les tasses avec la tasse que j' aime beaucoup ne sont probablement pas déformées <eos>,13,déformées,déformés,11,F,S,déformées,-8.82056,déformés,-13.501205,1
3471,P_NOUN_8_PASS_b,F,P,les tasses avec la tasse que j' aime beaucoup ne sont probablement pas fixées <eos>,13,fixées,fixés,11,F,S,fixées,-8.41696,fixés,-9.873238,1
3472,P_NOUN_8_PASS_b,F,P,les tasses avec la tasse que j' aime beaucoup ne sont probablement pas jetées <eos>,13,jetées,jetés,11,F,S,jetées,-9.329694,jetés,-10.560696,1
3473,P_NOUN_8_PASS_b,F,P,les tasses avec la tasse que j' aime beaucoup ne sont probablement pas laissées <eos>,13,laissées,laissés,11,F,S,laissées,-7.189923,laissés,-10.37174,1
3474,P_NOUN_8_PASS_b,F,P,les tasses avec la tasse que j' aime beaucoup ne sont probablement pas ouvertes <eos>,13,ouvertes,ouverts,11,F,S,ouvertes,-7.2407866,ouverts,-8.744381,1
3475,P_NOUN_8_PASS_b,F,P,les tasses avec la tasse que j' aime beaucoup ne sont probablement pas perdues <eos>,13,perdues,perdus,11,F,S,perdues,-7.8756976,perdus,-9.099373,1
3476,P_NOUN_8_PASS_b,F,P,les tasses avec la tasse que j' aime beaucoup ne sont probablement pas réparées <eos>,13,réparées,réparés,11,F,S,réparées,-8.893948,réparés,-12.387656,1
3477,P_NOUN_8_PASS_b,F,P,les tasses avec la tasse que j' aime beaucoup ne sont probablement pas retirées <eos>,13,retirées,retirés,11,F,S,retirées,-8.187008,retirés,-10.39193,1
3478,P_NOUN_8_PASS_b,F,P,les tasses avec la tasse que j' aime beaucoup ne sont probablement pas tombées <eos>,13,tombées,tombés,11,F,S,tombées,-7.798891,tombés,-8.8624115,1
3479,P_NOUN_8_PASS_b,F,P,les tasses avec la tasse que j' aime beaucoup ne sont probablement pas utilisées <eos>,13,utilisées,utilisés,11,F,S,utilisées,-5.5832543,utilisés,-7.442742,1
3480,P_NOUN_8_PASS_b,F,P,les tasses avec la bougie que j' aime beaucoup ne sont probablement pas achetées <eos>,13,achetées,achetés,11,F,S,achetées,-9.686168,achetés,-10.407349,1
3481,P_NOUN_8_PASS_b,F,P,les tasses avec la bougie que j' aime beaucoup ne sont probablement pas brisées <eos>,13,brisées,brisés,11,F,S,brisées,-9.260607,brisés,-12.382881,1
3482,P_NOUN_8_PASS_b,F,P,les tasses avec la bougie que j' aime beaucoup ne sont probablement pas cachées <eos>,13,cachées,cachés,11,F,S,cachées,-8.34431,cachés,-9.780627,1
3483,P_NOUN_8_PASS_b,F,P,les tasses avec la bougie que j' aime beaucoup ne sont probablement pas cassées <eos>,13,cassées,cassés,11,F,S,cassées,-7.9657044,cassés,-9.971672,1
3484,P_NOUN_8_PASS_b,F,P,les tasses avec la bougie que j' aime beaucoup ne sont probablement pas couvertes <eos>,13,couvertes,couverts,11,F,S,couvertes,-7.61459,couverts,-8.388382,1
3485,P_NOUN_8_PASS_b,F,P,les tasses avec la bougie que j' aime beaucoup ne sont probablement pas déformées <eos>,13,déformées,déformés,11,F,S,déformées,-8.232509,déformés,-13.1455145,1
3486,P_NOUN_8_PASS_b,F,P,les tasses avec la bougie que j' aime beaucoup ne sont probablement pas fixées <eos>,13,fixées,fixés,11,F,S,fixées,-8.088648,fixés,-9.567238,1
3487,P_NOUN_8_PASS_b,F,P,les tasses avec la bougie que j' aime beaucoup ne sont probablement pas jetées <eos>,13,jetées,jetés,11,F,S,jetées,-9.223185,jetés,-10.000515,1
3488,P_NOUN_8_PASS_b,F,P,les tasses avec la bougie que j' aime beaucoup ne sont probablement pas laissées <eos>,13,laissées,laissés,11,F,S,laissées,-7.404725,laissés,-10.544656,1
3489,P_NOUN_8_PASS_b,F,P,les tasses avec la bougie que j' aime beaucoup ne sont probablement pas ouvertes <eos>,13,ouvertes,ouverts,11,F,S,ouvertes,-7.838716,ouverts,-9.319125,1
3490,P_NOUN_8_PASS_b,F,P,les tasses avec la bougie que j' aime beaucoup ne sont probablement pas perdues <eos>,13,perdues,perdus,11,F,S,perdues,-7.470763,perdus,-8.737039,1
3491,P_NOUN_8_PASS_b,F,P,les tasses avec la bougie que j' aime beaucoup ne sont probablement pas réparées <eos>,13,réparées,réparés,11,F,S,réparées,-8.803208,réparés,-12.357772,1
3492,P_NOUN_8_PASS_b,F,P,les tasses avec la bougie que j' aime beaucoup ne sont probablement pas retirées <eos>,13,retirées,retirés,11,F,S,retirées,-7.6059494,retirés,-10.073673,1
3493,P_NOUN_8_PASS_b,F,P,les tasses avec la bougie que j' aime beaucoup ne sont probablement pas tombées <eos>,13,tombées,tombés,11,F,S,tombées,-7.547016,tombés,-8.487879,1
3494,P_NOUN_8_PASS_b,F,P,les tasses avec la bougie que j' aime beaucoup ne sont probablement pas utilisées <eos>,13,utilisées,utilisés,11,F,S,utilisées,-5.2567377,utilisés,-6.913615,1
3495,P_NOUN_8_PASS_b,F,P,les tasses avec la pochette que j' aime beaucoup ne sont probablement pas achetées <eos>,13,achetées,achetés,11,F,S,achetées,-9.565252,achetés,-10.737133,1
3496,P_NOUN_8_PASS_b,F,P,les tasses avec la pochette que j' aime beaucoup ne sont probablement pas brisées <eos>,13,brisées,brisés,11,F,S,brisées,-9.240701,brisés,-12.808219,1
3497,P_NOUN_8_PASS_b,F,P,les tasses avec la pochette que j' aime beaucoup ne sont probablement pas cachées <eos>,13,cachées,cachés,11,F,S,cachées,-8.373287,cachés,-10.4929085,1
3498,P_NOUN_8_PASS_b,F,P,les tasses avec la pochette que j' aime beaucoup ne sont probablement pas cassées <eos>,13,cassées,cassés,11,F,S,cassées,-8.543274,cassés,-10.751091,1
3499,P_NOUN_8_PASS_b,F,P,les tasses avec la pochette que j' aime beaucoup ne sont probablement pas couvertes <eos>,13,couvertes,couverts,11,F,S,couvertes,-8.386211,couverts,-9.4926605,1
3500,P_NOUN_8_PASS_b,F,P,les tasses avec la pochette que j' aime beaucoup ne sont probablement pas déformées <eos>,13,déformées,déformés,11,F,S,déformées,-8.095137,déformés,-12.941976,1
3501,P_NOUN_8_PASS_b,F,P,les tasses avec la pochette que j' aime beaucoup ne sont probablement pas fixées <eos>,13,fixées,fixés,11,F,S,fixées,-8.283443,fixés,-10.249772,1
3502,P_NOUN_8_PASS_b,F,P,les tasses avec la pochette que j' aime beaucoup ne sont probablement pas jetées <eos>,13,jetées,jetés,11,F,S,jetées,-10.081893,jetés,-10.880975,1
3503,P_NOUN_8_PASS_b,F,P,les tasses avec la pochette que j' aime beaucoup ne sont probablement pas laissées <eos>,13,laissées,laissés,11,F,S,laissées,-7.725155,laissés,-11.169561,1
3504,P_NOUN_8_PASS_b,F,P,les tasses avec la pochette que j' aime beaucoup ne sont probablement pas ouvertes <eos>,13,ouvertes,ouverts,11,F,S,ouvertes,-8.039807,ouverts,-10.098217,1
3505,P_NOUN_8_PASS_b,F,P,les tasses avec la pochette que j' aime beaucoup ne sont probablement pas perdues <eos>,13,perdues,perdus,11,F,S,perdues,-7.5129013,perdus,-9.177383,1
3506,P_NOUN_8_PASS_b,F,P,les tasses avec la pochette que j' aime beaucoup ne sont probablement pas réparées <eos>,13,réparées,réparés,11,F,S,réparées,-9.375532,réparés,-13.585272,1
3507,P_NOUN_8_PASS_b,F,P,les tasses avec la pochette que j' aime beaucoup ne sont probablement pas retirées <eos>,13,retirées,retirés,11,F,S,retirées,-7.7026844,retirés,-10.63515,1
3508,P_NOUN_8_PASS_b,F,P,les tasses avec la pochette que j' aime beaucoup ne sont probablement pas tombées <eos>,13,tombées,tombés,11,F,S,tombées,-8.075224,tombés,-9.312759,1
3509,P_NOUN_8_PASS_b,F,P,les tasses avec la pochette que j' aime beaucoup ne sont probablement pas utilisées <eos>,13,utilisées,utilisés,11,F,S,utilisées,-5.6491766,utilisés,-7.560375,1
3510,P_NOUN_8_PASS_b,F,P,les tasses avec la banane que j' aime beaucoup ne sont probablement pas achetées <eos>,13,achetées,achetés,11,F,S,achetées,-9.74883,achetés,-9.906087,1
3511,P_NOUN_8_PASS_b,F,P,les tasses avec la banane que j' aime beaucoup ne sont probablement pas brisées <eos>,13,brisées,brisés,11,F,S,brisées,-9.496005,brisés,-12.893171,1
3512,P_NOUN_8_PASS_b,F,P,les tasses avec la banane que j' aime beaucoup ne sont probablement pas cachées <eos>,13,cachées,cachés,11,F,S,cachées,-8.792613,cachés,-10.229567,1
3513,P_NOUN_8_PASS_b,F,P,les tasses avec la banane que j' aime beaucoup ne sont probablement pas cassées <eos>,13,cassées,cassés,11,F,S,cassées,-8.5851345,cassés,-10.101318,1
3514,P_NOUN_8_PASS_b,F,P,les tasses avec la banane que j' aime beaucoup ne sont probablement pas couvertes <eos>,13,couvertes,couverts,11,F,S,couvertes,-7.585978,couverts,-8.203262,1
3515,P_NOUN_8_PASS_b,F,P,les tasses avec la banane que j' aime beaucoup ne sont probablement pas déformées <eos>,13,déformées,déformés,11,F,S,déformées,-8.628312,déformés,-13.5415125,1
3516,P_NOUN_8_PASS_b,F,P,les tasses avec la banane que j' aime beaucoup ne sont probablement pas fixées <eos>,13,fixées,fixés,11,F,S,fixées,-8.367697,fixés,-9.33068,1
3517,P_NOUN_8_PASS_b,F,P,les tasses avec la banane que j' aime beaucoup ne sont probablement pas jetées <eos>,13,jetées,jetés,11,F,S,jetées,-8.441993,jetés,-10.808376,1
3518,P_NOUN_8_PASS_b,F,P,les tasses avec la banane que j' aime beaucoup ne sont probablement pas laissées <eos>,13,laissées,laissés,11,F,S,laissées,-7.488629,laissés,-10.3774395,1
3519,P_NOUN_8_PASS_b,F,P,les tasses avec la banane que j' aime beaucoup ne sont probablement pas ouvertes <eos>,13,ouvertes,ouverts,11,F,S,ouvertes,-8.391919,ouverts,-9.668193,1
3520,P_NOUN_8_PASS_b,F,P,les tasses avec la banane que j' aime beaucoup ne sont probablement pas perdues <eos>,13,perdues,perdus,11,F,S,perdues,-7.7870693,perdus,-8.820437,1
3521,P_NOUN_8_PASS_b,F,P,les tasses avec la banane que j' aime beaucoup ne sont probablement pas réparées <eos>,13,réparées,réparés,11,F,S,réparées,-9.701519,réparés,-12.503104,1
3522,P_NOUN_8_PASS_b,F,P,les tasses avec la banane que j' aime beaucoup ne sont probablement pas retirées <eos>,13,retirées,retirés,11,F,S,retirées,-8.485965,retirés,-10.283721,1
3523,P_NOUN_8_PASS_b,F,P,les tasses avec la banane que j' aime beaucoup ne sont probablement pas tombées <eos>,13,tombées,tombés,11,F,S,tombées,-7.4708567,tombés,-8.362262,1
3524,P_NOUN_8_PASS_b,F,P,les tasses avec la banane que j' aime beaucoup ne sont probablement pas utilisées <eos>,13,utilisées,utilisés,11,F,S,utilisées,-5.125242,utilisés,-6.7825184,1
3525,P_NOUN_8_PASS_b,F,P,les tasses avec la robe que j' aime beaucoup ne sont probablement pas achetées <eos>,13,achetées,achetés,11,F,S,achetées,-10.579123,achetés,-10.629408,1
3526,P_NOUN_8_PASS_b,F,P,les tasses avec la robe que j' aime beaucoup ne sont probablement pas brisées <eos>,13,brisées,brisés,11,F,S,brisées,-9.690226,brisés,-13.295002,1
3527,P_NOUN_8_PASS_b,F,P,les tasses avec la robe que j' aime beaucoup ne sont probablement pas cachées <eos>,13,cachées,cachés,11,F,S,cachées,-8.226566,cachés,-10.01828,1
3528,P_NOUN_8_PASS_b,F,P,les tasses avec la robe que j' aime beaucoup ne sont probablement pas cassées <eos>,13,cassées,cassés,11,F,S,cassées,-8.810759,cassés,-10.747647,1
3529,P_NOUN_8_PASS_b,F,P,les tasses avec la robe que j' aime beaucoup ne sont probablement pas couvertes <eos>,13,couvertes,couverts,11,F,S,couvertes,-7.5638723,couverts,-8.114742,1
3530,P_NOUN_8_PASS_b,F,P,les tasses avec la robe que j' aime beaucoup ne sont probablement pas déformées <eos>,13,déformées,déformés,11,F,S,déformées,-8.75721,déformés,-13.193011,1
3531,P_NOUN_8_PASS_b,F,P,les tasses avec la robe que j' aime beaucoup ne sont probablement pas fixées <eos>,13,fixées,fixés,11,F,S,fixées,-8.44734,fixés,-10.04144,1
3532,P_NOUN_8_PASS_b,F,P,les tasses avec la robe que j' aime beaucoup ne sont probablement pas jetées <eos>,13,jetées,jetés,11,F,S,jetées,-9.625776,jetés,-10.810494,1
3533,P_NOUN_8_PASS_b,F,P,les tasses avec la robe que j' aime beaucoup ne sont probablement pas laissées <eos>,13,laissées,laissés,11,F,S,laissées,-8.056242,laissés,-10.911509,1
3534,P_NOUN_8_PASS_b,F,P,les tasses avec la robe que j' aime beaucoup ne sont probablement pas ouvertes <eos>,13,ouvertes,ouverts,11,F,S,ouvertes,-7.9174776,ouverts,-9.572348,1
3535,P_NOUN_8_PASS_b,F,P,les tasses avec la robe que j' aime beaucoup ne sont probablement pas perdues <eos>,13,perdues,perdus,11,F,S,perdues,-8.216167,perdus,-9.508015,1
3536,P_NOUN_8_PASS_b,F,P,les tasses avec la robe que j' aime beaucoup ne sont probablement pas réparées <eos>,13,réparées,réparés,11,F,S,réparées,-9.75494,réparés,-12.624744,1
3537,P_NOUN_8_PASS_b,F,P,les tasses avec la robe que j' aime beaucoup ne sont probablement pas retirées <eos>,13,retirées,retirés,11,F,S,retirées,-8.549505,retirés,-10.624109,1
3538,P_NOUN_8_PASS_b,F,P,les tasses avec la robe que j' aime beaucoup ne sont probablement pas tombées <eos>,13,tombées,tombés,11,F,S,tombées,-7.764367,tombés,-8.249637,1
3539,P_NOUN_8_PASS_b,F,P,les tasses avec la robe que j' aime beaucoup ne sont probablement pas utilisées <eos>,13,utilisées,utilisés,11,F,S,utilisées,-5.2897844,utilisés,-6.8627367,1
3540,P_NOUN_8_PASS_b,F,P,les tasses avec la valise que j' aime beaucoup ne sont probablement pas achetées <eos>,13,achetées,achetés,11,F,S,achetées,-8.686398,achetés,-9.89123,1
3541,P_NOUN_8_PASS_b,F,P,les tasses avec la valise que j' aime beaucoup ne sont probablement pas brisées <eos>,13,brisées,brisés,11,F,S,brisées,-9.037279,brisés,-12.569614,1
3542,P_NOUN_8_PASS_b,F,P,les tasses avec la valise que j' aime beaucoup ne sont probablement pas cachées <eos>,13,cachées,cachés,11,F,S,cachées,-7.833583,cachés,-9.159585,1
3543,P_NOUN_8_PASS_b,F,P,les tasses avec la valise que j' aime beaucoup ne sont probablement pas cassées <eos>,13,cassées,cassés,11,F,S,cassées,-8.278052,cassés,-10.261364,1
3544,P_NOUN_8_PASS_b,F,P,les tasses avec la valise que j' aime beaucoup ne sont probablement pas couvertes <eos>,13,couvertes,couverts,11,F,S,couvertes,-7.874584,couverts,-9.07365,1
3545,P_NOUN_8_PASS_b,F,P,les tasses avec la valise que j' aime beaucoup ne sont probablement pas déformées <eos>,13,déformées,déformés,11,F,S,déformées,-7.8870773,déformés,-13.676,1
3546,P_NOUN_8_PASS_b,F,P,les tasses avec la valise que j' aime beaucoup ne sont probablement pas fixées <eos>,13,fixées,fixés,11,F,S,fixées,-8.050573,fixés,-9.769127,1
3547,P_NOUN_8_PASS_b,F,P,les tasses avec la valise que j' aime beaucoup ne sont probablement pas jetées <eos>,13,jetées,jetés,11,F,S,jetées,-8.59909,jetés,-9.636974,1
3548,P_NOUN_8_PASS_b,F,P,les tasses avec la valise que j' aime beaucoup ne sont probablement pas laissées <eos>,13,laissées,laissés,11,F,S,laissées,-7.410061,laissés,-10.40349,1
3549,P_NOUN_8_PASS_b,F,P,les tasses avec la valise que j' aime beaucoup ne sont probablement pas ouvertes <eos>,13,ouvertes,ouverts,11,F,S,ouvertes,-7.7540846,ouverts,-9.164733,1
3550,P_NOUN_8_PASS_b,F,P,les tasses avec la valise que j' aime beaucoup ne sont probablement pas perdues <eos>,13,perdues,perdus,11,F,S,perdues,-7.298872,perdus,-8.563976,1
3551,P_NOUN_8_PASS_b,F,P,les tasses avec la valise que j' aime beaucoup ne sont probablement pas réparées <eos>,13,réparées,réparés,11,F,S,réparées,-8.922062,réparés,-13.157084,1
3552,P_NOUN_8_PASS_b,F,P,les tasses avec la valise que j' aime beaucoup ne sont probablement pas retirées <eos>,13,retirées,retirés,11,F,S,retirées,-7.8163977,retirés,-9.7002945,1
3553,P_NOUN_8_PASS_b,F,P,les tasses avec la valise que j' aime beaucoup ne sont probablement pas tombées <eos>,13,tombées,tombés,11,F,S,tombées,-7.900438,tombés,-8.694895,1
3554,P_NOUN_8_PASS_b,F,P,les tasses avec la valise que j' aime beaucoup ne sont probablement pas utilisées <eos>,13,utilisées,utilisés,11,F,S,utilisées,-4.9380155,utilisés,-6.7199187,1
3555,P_NOUN_8_PASS_b,F,P,les tasses avec la pendule que j' aime beaucoup ne sont probablement pas achetées <eos>,13,achetées,achetés,11,F,S,achetées,-10.324026,achetés,-10.523791,1
3556,P_NOUN_8_PASS_b,F,P,les tasses avec la pendule que j' aime beaucoup ne sont probablement pas brisées <eos>,13,brisées,brisés,11,F,S,brisées,-9.105217,brisés,-12.246128,1
3557,P_NOUN_8_PASS_b,F,P,les tasses avec la pendule que j' aime beaucoup ne sont probablement pas cachées <eos>,13,cachées,cachés,11,F,S,cachées,-8.525309,cachés,-9.802495,1
3558,P_NOUN_8_PASS_b,F,P,les tasses avec la pendule que j' aime beaucoup ne sont probablement pas cassées <eos>,13,cassées,cassés,11,F,S,cassées,-7.731001,cassés,-9.929907,1
3559,P_NOUN_8_PASS_b,F,P,les tasses avec la pendule que j' aime beaucoup ne sont probablement pas couvertes <eos>,13,couvertes,couverts,11,F,S,couvertes,-7.5404863,couverts,-8.323511,1
3560,P_NOUN_8_PASS_b,F,P,les tasses avec la pendule que j' aime beaucoup ne sont probablement pas déformées <eos>,13,déformées,déformés,11,F,S,déformées,-7.644869,déformés,-12.860111,1
3561,P_NOUN_8_PASS_b,F,P,les tasses avec la pendule que j' aime beaucoup ne sont probablement pas fixées <eos>,13,fixées,fixés,11,F,S,fixées,-7.742232,fixés,-9.328672,1
3562,P_NOUN_8_PASS_b,F,P,les tasses avec la pendule que j' aime beaucoup ne sont probablement pas jetées <eos>,13,jetées,jetés,11,F,S,jetées,-8.909691,jetés,-9.87177,1
3563,P_NOUN_8_PASS_b,F,P,les tasses avec la pendule que j' aime beaucoup ne sont probablement pas laissées <eos>,13,laissées,laissés,11,F,S,laissées,-7.554961,laissés,-10.859449,1
3564,P_NOUN_8_PASS_b,F,P,les tasses avec la pendule que j' aime beaucoup ne sont probablement pas ouvertes <eos>,13,ouvertes,ouverts,11,F,S,ouvertes,-7.907175,ouverts,-9.087645,1
3565,P_NOUN_8_PASS_b,F,P,les tasses avec la pendule que j' aime beaucoup ne sont probablement pas perdues <eos>,13,perdues,perdus,11,F,S,perdues,-7.42963,perdus,-8.427594,1
3566,P_NOUN_8_PASS_b,F,P,les tasses avec la pendule que j' aime beaucoup ne sont probablement pas réparées <eos>,13,réparées,réparés,11,F,S,réparées,-9.037735,réparés,-12.434407,1
3567,P_NOUN_8_PASS_b,F,P,les tasses avec la pendule que j' aime beaucoup ne sont probablement pas retirées <eos>,13,retirées,retirés,11,F,S,retirées,-7.6805224,retirés,-9.862495,1
3568,P_NOUN_8_PASS_b,F,P,les tasses avec la pendule que j' aime beaucoup ne sont probablement pas tombées <eos>,13,tombées,tombés,11,F,S,tombées,-7.4767313,tombés,-8.660226,1
3569,P_NOUN_8_PASS_b,F,P,les tasses avec la pendule que j' aime beaucoup ne sont probablement pas utilisées <eos>,13,utilisées,utilisés,11,F,S,utilisées,-5.0435286,utilisés,-6.5453606,1
3570,P_NOUN_8_PASS_b,F,P,les tasses avec la cloche que j' aime beaucoup ne sont probablement pas achetées <eos>,13,achetées,achetés,11,F,S,achetées,-9.748984,achetés,-10.357555,1
3571,P_NOUN_8_PASS_b,F,P,les tasses avec la cloche que j' aime beaucoup ne sont probablement pas brisées <eos>,13,brisées,brisés,11,F,S,brisées,-9.011864,brisés,-12.16038,1
3572,P_NOUN_8_PASS_b,F,P,les tasses avec la cloche que j' aime beaucoup ne sont probablement pas cachées <eos>,13,cachées,cachés,11,F,S,cachées,-8.04,cachés,-9.644189,1
3573,P_NOUN_8_PASS_b,F,P,les tasses avec la cloche que j' aime beaucoup ne sont probablement pas cassées <eos>,13,cassées,cassés,11,F,S,cassées,-8.408705,cassés,-9.771297,1
3574,P_NOUN_8_PASS_b,F,P,les tasses avec la cloche que j' aime beaucoup ne sont probablement pas couvertes <eos>,13,couvertes,couverts,11,F,S,couvertes,-7.640355,couverts,-8.189963,1
3575,P_NOUN_8_PASS_b,F,P,les tasses avec la cloche que j' aime beaucoup ne sont probablement pas déformées <eos>,13,déformées,déformés,11,F,S,déformées,-8.59403,déformés,-13.450784,1
3576,P_NOUN_8_PASS_b,F,P,les tasses avec la cloche que j' aime beaucoup ne sont probablement pas fixées <eos>,13,fixées,fixés,11,F,S,fixées,-8.206812,fixés,-9.674302,1
3577,P_NOUN_8_PASS_b,F,P,les tasses avec la cloche que j' aime beaucoup ne sont probablement pas jetées <eos>,13,jetées,jetés,11,F,S,jetées,-9.017605,jetés,-9.791628,1
3578,P_NOUN_8_PASS_b,F,P,les tasses avec la cloche que j' aime beaucoup ne sont probablement pas laissées <eos>,13,laissées,laissés,11,F,S,laissées,-7.6284113,laissés,-10.2015915,1
3579,P_NOUN_8_PASS_b,F,P,les tasses avec la cloche que j' aime beaucoup ne sont probablement pas ouvertes <eos>,13,ouvertes,ouverts,11,F,S,ouvertes,-7.7627764,ouverts,-9.662451,1
3580,P_NOUN_8_PASS_b,F,P,les tasses avec la cloche que j' aime beaucoup ne sont probablement pas perdues <eos>,13,perdues,perdus,11,F,S,perdues,-7.1736193,perdus,-8.511178,1
3581,P_NOUN_8_PASS_b,F,P,les tasses avec la cloche que j' aime beaucoup ne sont probablement pas réparées <eos>,13,réparées,réparés,11,F,S,réparées,-9.019765,réparés,-12.310053,1
3582,P_NOUN_8_PASS_b,F,P,les tasses avec la cloche que j' aime beaucoup ne sont probablement pas retirées <eos>,13,retirées,retirés,11,F,S,retirées,-7.669593,retirés,-9.80492,1
3583,P_NOUN_8_PASS_b,F,P,les tasses avec la cloche que j' aime beaucoup ne sont probablement pas tombées <eos>,13,tombées,tombés,11,F,S,tombées,-7.492795,tombés,-8.122636,1
3584,P_NOUN_8_PASS_b,F,P,les tasses avec la cloche que j' aime beaucoup ne sont probablement pas utilisées <eos>,13,utilisées,utilisés,11,F,S,utilisées,-5.252593,utilisés,-6.8404093,1
3585,P_NOUN_8_PASS_b,F,P,les tasses avec la cerise que j' aime beaucoup ne sont probablement pas achetées <eos>,13,achetées,achetés,11,F,S,achetées,-9.727098,achetés,-10.001138,1
3586,P_NOUN_8_PASS_b,F,P,les tasses avec la cerise que j' aime beaucoup ne sont probablement pas brisées <eos>,13,brisées,brisés,11,F,S,brisées,-9.569135,brisés,-12.794244,1
3587,P_NOUN_8_PASS_b,F,P,les tasses avec la cerise que j' aime beaucoup ne sont probablement pas cachées <eos>,13,cachées,cachés,11,F,S,cachées,-8.519306,cachés,-10.206768,1
3588,P_NOUN_8_PASS_b,F,P,les tasses avec la cerise que j' aime beaucoup ne sont probablement pas cassées <eos>,13,cassées,cassés,11,F,S,cassées,-8.501253,cassés,-9.978659,1
3589,P_NOUN_8_PASS_b,F,P,les tasses avec la cerise que j' aime beaucoup ne sont probablement pas couvertes <eos>,13,couvertes,couverts,11,F,S,couvertes,-7.516374,couverts,-7.9369807,1
3590,P_NOUN_8_PASS_b,F,P,les tasses avec la cerise que j' aime beaucoup ne sont probablement pas déformées <eos>,13,déformées,déformés,11,F,S,déformées,-8.736614,déformés,-13.57359,1
3591,P_NOUN_8_PASS_b,F,P,les tasses avec la cerise que j' aime beaucoup ne sont probablement pas fixées <eos>,13,fixées,fixés,11,F,S,fixées,-8.385361,fixés,-9.690144,1
3592,P_NOUN_8_PASS_b,F,P,les tasses avec la cerise que j' aime beaucoup ne sont probablement pas jetées <eos>,13,jetées,jetés,11,F,S,jetées,-9.487061,jetés,-10.935982,1
3593,P_NOUN_8_PASS_b,F,P,les tasses avec la cerise que j' aime beaucoup ne sont probablement pas laissées <eos>,13,laissées,laissés,11,F,S,laissées,-7.5232277,laissés,-10.541485,1
3594,P_NOUN_8_PASS_b,F,P,les tasses avec la cerise que j' aime beaucoup ne sont probablement pas ouvertes <eos>,13,ouvertes,ouverts,11,F,S,ouvertes,-7.9805174,ouverts,-9.341322,1
3595,P_NOUN_8_PASS_b,F,P,les tasses avec la cerise que j' aime beaucoup ne sont probablement pas perdues <eos>,13,perdues,perdus,11,F,S,perdues,-7.6583033,perdus,-9.056002,1
3596,P_NOUN_8_PASS_b,F,P,les tasses avec la cerise que j' aime beaucoup ne sont probablement pas réparées <eos>,13,réparées,réparés,11,F,S,réparées,-9.478217,réparés,-12.548484,1
3597,P_NOUN_8_PASS_b,F,P,les tasses avec la cerise que j' aime beaucoup ne sont probablement pas retirées <eos>,13,retirées,retirés,11,F,S,retirées,-8.150387,retirés,-10.226496,1
3598,P_NOUN_8_PASS_b,F,P,les tasses avec la cerise que j' aime beaucoup ne sont probablement pas tombées <eos>,13,tombées,tombés,11,F,S,tombées,-7.448929,tombés,-8.485849,1
3599,P_NOUN_8_PASS_b,F,P,les tasses avec la cerise que j' aime beaucoup ne sont probablement pas utilisées <eos>,13,utilisées,utilisés,11,F,S,utilisées,-5.2459984,utilisés,-6.9743767,1
3600,P_NOUN_8_PASS_b,F,P,les bougies avec la gemme que j' aime beaucoup ne sont probablement pas achetées <eos>,13,achetées,achetés,11,F,S,achetées,-10.603739,achetés,-10.699434,1
3601,P_NOUN_8_PASS_b,F,P,les bougies avec la gemme que j' aime beaucoup ne sont probablement pas brisées <eos>,13,brisées,brisés,11,F,S,brisées,-9.246228,brisés,-12.367907,1
3602,P_NOUN_8_PASS_b,F,P,les bougies avec la gemme que j' aime beaucoup ne sont probablement pas cachées <eos>,13,cachées,cachés,11,F,S,cachées,-7.520488,cachés,-9.0,1
3603,P_NOUN_8_PASS_b,F,P,les bougies avec la gemme que j' aime beaucoup ne sont probablement pas cassées <eos>,13,cassées,cassés,11,F,S,cassées,-8.499019,cassés,-10.277995,1
3604,P_NOUN_8_PASS_b,F,P,les bougies avec la gemme que j' aime beaucoup ne sont probablement pas couvertes <eos>,13,couvertes,couverts,11,F,S,couvertes,-7.7943735,couverts,-8.41886,1
3605,P_NOUN_8_PASS_b,F,P,les bougies avec la gemme que j' aime beaucoup ne sont probablement pas déformées <eos>,13,déformées,déformés,11,F,S,déformées,-8.440012,déformés,-12.907463,1
3606,P_NOUN_8_PASS_b,F,P,les bougies avec la gemme que j' aime beaucoup ne sont probablement pas fixées <eos>,13,fixées,fixés,11,F,S,fixées,-8.219318,fixés,-9.64643,1
3607,P_NOUN_8_PASS_b,F,P,les bougies avec la gemme que j' aime beaucoup ne sont probablement pas jetées <eos>,13,jetées,jetés,11,F,S,jetées,-8.573898,jetés,-9.334976,1
3608,P_NOUN_8_PASS_b,F,P,les bougies avec la gemme que j' aime beaucoup ne sont probablement pas laissées <eos>,13,laissées,laissés,11,F,S,laissées,-8.119808,laissés,-9.956451,1
3609,P_NOUN_8_PASS_b,F,P,les bougies avec la gemme que j' aime beaucoup ne sont probablement pas ouvertes <eos>,13,ouvertes,ouverts,11,F,S,ouvertes,-7.865082,ouverts,-9.368025,1
3610,P_NOUN_8_PASS_b,F,P,les bougies avec la gemme que j' aime beaucoup ne sont probablement pas perdues <eos>,13,perdues,perdus,11,F,S,perdues,-7.673357,perdus,-8.604113,1
3611,P_NOUN_8_PASS_b,F,P,les bougies avec la gemme que j' aime beaucoup ne sont probablement pas réparées <eos>,13,réparées,réparés,11,F,S,réparées,-9.252628,réparés,-12.156325,1
3612,P_NOUN_8_PASS_b,F,P,les bougies avec la gemme que j' aime beaucoup ne sont probablement pas retirées <eos>,13,retirées,retirés,11,F,S,retirées,-8.1770935,retirés,-10.287007,1
3613,P_NOUN_8_PASS_b,F,P,les bougies avec la gemme que j' aime beaucoup ne sont probablement pas tombées <eos>,13,tombées,tombés,11,F,S,tombées,-7.3159924,tombés,-7.088869,0
3614,P_NOUN_8_PASS_b,F,P,les bougies avec la gemme que j' aime beaucoup ne sont probablement pas utilisées <eos>,13,utilisées,utilisés,11,F,S,utilisées,-5.693284,utilisés,-6.9365673,1
3615,P_NOUN_8_PASS_b,F,P,les bougies avec la chaise que j' aime beaucoup ne sont probablement pas achetées <eos>,13,achetées,achetés,11,F,S,achetées,-10.671045,achetés,-10.808102,1
3616,P_NOUN_8_PASS_b,F,P,les bougies avec la chaise que j' aime beaucoup ne sont probablement pas brisées <eos>,13,brisées,brisés,11,F,S,brisées,-9.057532,brisés,-12.228302,1
3617,P_NOUN_8_PASS_b,F,P,les bougies avec la chaise que j' aime beaucoup ne sont probablement pas cachées <eos>,13,cachées,cachés,11,F,S,cachées,-7.580142,cachés,-9.427195,1
3618,P_NOUN_8_PASS_b,F,P,les bougies avec la chaise que j' aime beaucoup ne sont probablement pas cassées <eos>,13,cassées,cassés,11,F,S,cassées,-8.282925,cassés,-10.313473,1
3619,P_NOUN_8_PASS_b,F,P,les bougies avec la chaise que j' aime beaucoup ne sont probablement pas couvertes <eos>,13,couvertes,couverts,11,F,S,couvertes,-7.8648243,couverts,-8.645984,1
3620,P_NOUN_8_PASS_b,F,P,les bougies avec la chaise que j' aime beaucoup ne sont probablement pas déformées <eos>,13,déformées,déformés,11,F,S,déformées,-8.119554,déformés,-12.754723,1
3621,P_NOUN_8_PASS_b,F,P,les bougies avec la chaise que j' aime beaucoup ne sont probablement pas fixées <eos>,13,fixées,fixés,11,F,S,fixées,-7.790905,fixés,-9.508543,1
3622,P_NOUN_8_PASS_b,F,P,les bougies avec la chaise que j' aime beaucoup ne sont probablement pas jetées <eos>,13,jetées,jetés,11,F,S,jetées,-8.750108,jetés,-9.617717,1
3623,P_NOUN_8_PASS_b,F,P,les bougies avec la chaise que j' aime beaucoup ne sont probablement pas laissées <eos>,13,laissées,laissés,11,F,S,laissées,-8.10511,laissés,-10.276421,1
3624,P_NOUN_8_PASS_b,F,P,les bougies avec la chaise que j' aime beaucoup ne sont probablement pas ouvertes <eos>,13,ouvertes,ouverts,11,F,S,ouvertes,-7.6994624,ouverts,-9.289186,1
3625,P_NOUN_8_PASS_b,F,P,les bougies avec la chaise que j' aime beaucoup ne sont probablement pas perdues <eos>,13,perdues,perdus,11,F,S,perdues,-7.7503886,perdus,-8.66953,1
3626,P_NOUN_8_PASS_b,F,P,les bougies avec la chaise que j' aime beaucoup ne sont probablement pas réparées <eos>,13,réparées,réparés,11,F,S,réparées,-9.311981,réparés,-12.681356,1
3627,P_NOUN_8_PASS_b,F,P,les bougies avec la chaise que j' aime beaucoup ne sont probablement pas retirées <eos>,13,retirées,retirés,11,F,S,retirées,-8.217031,retirés,-10.415851,1
3628,P_NOUN_8_PASS_b,F,P,les bougies avec la chaise que j' aime beaucoup ne sont probablement pas tombées <eos>,13,tombées,tombés,11,F,S,tombées,-7.742734,tombés,-7.7779684,1
3629,P_NOUN_8_PASS_b,F,P,les bougies avec la chaise que j' aime beaucoup ne sont probablement pas utilisées <eos>,13,utilisées,utilisés,11,F,S,utilisées,-5.5891914,utilisés,-6.8898277,1
3630,P_NOUN_8_PASS_b,F,P,les bougies avec la poubelle que j' aime beaucoup ne sont probablement pas achetées <eos>,13,achetées,achetés,11,F,S,achetées,-10.541628,achetés,-10.461593,0
3631,P_NOUN_8_PASS_b,F,P,les bougies avec la poubelle que j' aime beaucoup ne sont probablement pas brisées <eos>,13,brisées,brisés,11,F,S,brisées,-9.232782,brisés,-12.453039,1
3632,P_NOUN_8_PASS_b,F,P,les bougies avec la poubelle que j' aime beaucoup ne sont probablement pas cachées <eos>,13,cachées,cachés,11,F,S,cachées,-7.297261,cachés,-8.698,1
3633,P_NOUN_8_PASS_b,F,P,les bougies avec la poubelle que j' aime beaucoup ne sont probablement pas cassées <eos>,13,cassées,cassés,11,F,S,cassées,-8.4812355,cassés,-10.462019,1
3634,P_NOUN_8_PASS_b,F,P,les bougies avec la poubelle que j' aime beaucoup ne sont probablement pas couvertes <eos>,13,couvertes,couverts,11,F,S,couvertes,-7.901266,couverts,-8.755935,1
3635,P_NOUN_8_PASS_b,F,P,les bougies avec la poubelle que j' aime beaucoup ne sont probablement pas déformées <eos>,13,déformées,déformés,11,F,S,déformées,-8.229617,déformés,-12.907894,1
3636,P_NOUN_8_PASS_b,F,P,les bougies avec la poubelle que j' aime beaucoup ne sont probablement pas fixées <eos>,13,fixées,fixés,11,F,S,fixées,-7.998941,fixés,-9.750174,1
3637,P_NOUN_8_PASS_b,F,P,les bougies avec la poubelle que j' aime beaucoup ne sont probablement pas jetées <eos>,13,jetées,jetés,11,F,S,jetées,-8.523569,jetés,-9.313545,1
3638,P_NOUN_8_PASS_b,F,P,les bougies avec la poubelle que j' aime beaucoup ne sont probablement pas laissées <eos>,13,laissées,laissés,11,F,S,laissées,-8.153504,laissés,-10.100536,1
3639,P_NOUN_8_PASS_b,F,P,les bougies avec la poubelle que j' aime beaucoup ne sont probablement pas ouvertes <eos>,13,ouvertes,ouverts,11,F,S,ouvertes,-7.770767,ouverts,-9.385336,1
3640,P_NOUN_8_PASS_b,F,P,les bougies avec la poubelle que j' aime beaucoup ne sont probablement pas perdues <eos>,13,perdues,perdus,11,F,S,perdues,-7.5325775,perdus,-8.5725355,1
3641,P_NOUN_8_PASS_b,F,P,les bougies avec la poubelle que j' aime beaucoup ne sont probablement pas réparées <eos>,13,réparées,réparés,11,F,S,réparées,-9.272376,réparés,-12.621717,1
3642,P_NOUN_8_PASS_b,F,P,les bougies avec la poubelle que j' aime beaucoup ne sont probablement pas retirées <eos>,13,retirées,retirés,11,F,S,retirées,-8.066982,retirés,-10.268017,1
3643,P_NOUN_8_PASS_b,F,P,les bougies avec la poubelle que j' aime beaucoup ne sont probablement pas tombées <eos>,13,tombées,tombés,11,F,S,tombées,-7.4597406,tombés,-7.401222,0
3644,P_NOUN_8_PASS_b,F,P,les bougies avec la poubelle que j' aime beaucoup ne sont probablement pas utilisées <eos>,13,utilisées,utilisés,11,F,S,utilisées,-5.431528,utilisés,-6.7258396,1
3645,P_NOUN_8_PASS_b,F,P,les bougies avec la chemise que j' aime beaucoup ne sont probablement pas achetées <eos>,13,achetées,achetés,11,F,S,achetées,-10.599263,achetés,-10.943603,1
3646,P_NOUN_8_PASS_b,F,P,les bougies avec la chemise que j' aime beaucoup ne sont probablement pas brisées <eos>,13,brisées,brisés,11,F,S,brisées,-9.251432,brisés,-12.458916,1
3647,P_NOUN_8_PASS_b,F,P,les bougies avec la chemise que j' aime beaucoup ne sont probablement pas cachées <eos>,13,cachées,cachés,11,F,S,cachées,-7.456581,cachés,-9.102731,1
3648,P_NOUN_8_PASS_b,F,P,les bougies avec la chemise que j' aime beaucoup ne sont probablement pas cassées <eos>,13,cassées,cassés,11,F,S,cassées,-8.301635,cassés,-10.454807,1
3649,P_NOUN_8_PASS_b,F,P,les bougies avec la chemise que j' aime beaucoup ne sont probablement pas couvertes <eos>,13,couvertes,couverts,11,F,S,couvertes,-7.7033906,couverts,-8.677855,1
3650,P_NOUN_8_PASS_b,F,P,les bougies avec la chemise que j' aime beaucoup ne sont probablement pas déformées <eos>,13,déformées,déformés,11,F,S,déformées,-8.397163,déformés,-13.053053,1
3651,P_NOUN_8_PASS_b,F,P,les bougies avec la chemise que j' aime beaucoup ne sont probablement pas fixées <eos>,13,fixées,fixés,11,F,S,fixées,-8.062624,fixés,-9.769736,1
3652,P_NOUN_8_PASS_b,F,P,les bougies avec la chemise que j' aime beaucoup ne sont probablement pas jetées <eos>,13,jetées,jetés,11,F,S,jetées,-8.5648575,jetés,-9.574573,1
3653,P_NOUN_8_PASS_b,F,P,les bougies avec la chemise que j' aime beaucoup ne sont probablement pas laissées <eos>,13,laissées,laissés,11,F,S,laissées,-8.400912,laissés,-10.258742,1
3654,P_NOUN_8_PASS_b,F,P,les bougies avec la chemise que j' aime beaucoup ne sont probablement pas ouvertes <eos>,13,ouvertes,ouverts,11,F,S,ouvertes,-7.647621,ouverts,-9.235822,1
3655,P_NOUN_8_PASS_b,F,P,les bougies avec la chemise que j' aime beaucoup ne sont probablement pas perdues <eos>,13,perdues,perdus,11,F,S,perdues,-7.9414177,perdus,-8.818447,1
3656,P_NOUN_8_PASS_b,F,P,les bougies avec la chemise que j' aime beaucoup ne sont probablement pas réparées <eos>,13,réparées,réparés,11,F,S,réparées,-9.597154,réparés,-12.55902,1
3657,P_NOUN_8_PASS_b,F,P,les bougies avec la chemise que j' aime beaucoup ne sont probablement pas retirées <eos>,13,retirées,retirés,11,F,S,retirées,-8.366552,retirés,-10.255501,1
3658,P_NOUN_8_PASS_b,F,P,les bougies avec la chemise que j' aime beaucoup ne sont probablement pas tombées <eos>,13,tombées,tombés,11,F,S,tombées,-7.6654434,tombés,-7.045697,0
3659,P_NOUN_8_PASS_b,F,P,les bougies avec la chemise que j' aime beaucoup ne sont probablement pas utilisées <eos>,13,utilisées,utilisés,11,F,S,utilisées,-5.43563,utilisés,-6.742856,1
3660,P_NOUN_8_PASS_b,F,P,les bougies avec la recette que j' aime beaucoup ne sont probablement pas achetées <eos>,13,achetées,achetés,11,F,S,achetées,-10.556477,achetés,-10.464897,0
3661,P_NOUN_8_PASS_b,F,P,les bougies avec la recette que j' aime beaucoup ne sont probablement pas brisées <eos>,13,brisées,brisés,11,F,S,brisées,-9.862553,brisés,-13.199007,1
3662,P_NOUN_8_PASS_b,F,P,les bougies avec la recette que j' aime beaucoup ne sont probablement pas cachées <eos>,13,cachées,cachés,11,F,S,cachées,-8.203014,cachés,-9.617332,1
3663,P_NOUN_8_PASS_b,F,P,les bougies avec la recette que j' aime beaucoup ne sont probablement pas cassées <eos>,13,cassées,cassés,11,F,S,cassées,-9.1670885,cassés,-10.63059,1
3664,P_NOUN_8_PASS_b,F,P,les bougies avec la recette que j' aime beaucoup ne sont probablement pas couvertes <eos>,13,couvertes,couverts,11,F,S,couvertes,-7.9369984,couverts,-8.522149,1
3665,P_NOUN_8_PASS_b,F,P,les bougies avec la recette que j' aime beaucoup ne sont probablement pas déformées <eos>,13,déformées,déformés,11,F,S,déformées,-8.86221,déformés,-13.378428,1
3666,P_NOUN_8_PASS_b,F,P,les bougies avec la recette que j' aime beaucoup ne sont probablement pas fixées <eos>,13,fixées,fixés,11,F,S,fixées,-8.506063,fixés,-10.032139,1
3667,P_NOUN_8_PASS_b,F,P,les bougies avec la recette que j' aime beaucoup ne sont probablement pas jetées <eos>,13,jetées,jetés,11,F,S,jetées,-9.450181,jetés,-10.549124,1
3668,P_NOUN_8_PASS_b,F,P,les bougies avec la recette que j' aime beaucoup ne sont probablement pas laissées <eos>,13,laissées,laissés,11,F,S,laissées,-8.183416,laissés,-10.609322,1
3669,P_NOUN_8_PASS_b,F,P,les bougies avec la recette que j' aime beaucoup ne sont probablement pas ouvertes <eos>,13,ouvertes,ouverts,11,F,S,ouvertes,-7.7304087,ouverts,-9.230449,1
3670,P_NOUN_8_PASS_b,F,P,les bougies avec la recette que j' aime beaucoup ne sont probablement pas perdues <eos>,13,perdues,perdus,11,F,S,perdues,-7.8419876,perdus,-8.988087,1
3671,P_NOUN_8_PASS_b,F,P,les bougies avec la recette que j' aime beaucoup ne sont probablement pas réparées <eos>,13,réparées,réparés,11,F,S,réparées,-9.402542,réparés,-12.555375,1
3672,P_NOUN_8_PASS_b,F,P,les bougies avec la recette que j' aime beaucoup ne sont probablement pas retirées <eos>,13,retirées,retirés,11,F,S,retirées,-8.581862,retirés,-10.4146385,1
3673,P_NOUN_8_PASS_b,F,P,les bougies avec la recette que j' aime beaucoup ne sont probablement pas tombées <eos>,13,tombées,tombés,11,F,S,tombées,-7.9474,tombés,-7.9229155,0
3674,P_NOUN_8_PASS_b,F,P,les bougies avec la recette que j' aime beaucoup ne sont probablement pas utilisées <eos>,13,utilisées,utilisés,11,F,S,utilisées,-5.5363035,utilisés,-6.9567947,1
3675,P_NOUN_8_PASS_b,F,P,les bougies avec la jupe que j' aime beaucoup ne sont probablement pas achetées <eos>,13,achetées,achetés,11,F,S,achetées,-10.667845,achetés,-10.907927,1
3676,P_NOUN_8_PASS_b,F,P,les bougies avec la jupe que j' aime beaucoup ne sont probablement pas brisées <eos>,13,brisées,brisés,11,F,S,brisées,-9.3461,brisés,-12.513909,1
3677,P_NOUN_8_PASS_b,F,P,les bougies avec la jupe que j' aime beaucoup ne sont probablement pas cachées <eos>,13,cachées,cachés,11,F,S,cachées,-7.7397127,cachés,-9.538647,1
3678,P_NOUN_8_PASS_b,F,P,les bougies avec la jupe que j' aime beaucoup ne sont probablement pas cassées <eos>,13,cassées,cassés,11,F,S,cassées,-8.3483925,cassés,-10.361213,1
3679,P_NOUN_8_PASS_b,F,P,les bougies avec la jupe que j' aime beaucoup ne sont probablement pas couvertes <eos>,13,couvertes,couverts,11,F,S,couvertes,-7.6386476,couverts,-8.556559,1
3680,P_NOUN_8_PASS_b,F,P,les bougies avec la jupe que j' aime beaucoup ne sont probablement pas déformées <eos>,13,déformées,déformés,11,F,S,déformées,-7.982812,déformés,-12.773586,1
3681,P_NOUN_8_PASS_b,F,P,les bougies avec la jupe que j' aime beaucoup ne sont probablement pas fixées <eos>,13,fixées,fixés,11,F,S,fixées,-7.9930124,fixés,-9.75855,1
3682,P_NOUN_8_PASS_b,F,P,les bougies avec la jupe que j' aime beaucoup ne sont probablement pas jetées <eos>,13,jetées,jetés,11,F,S,jetées,-8.88164,jetés,-9.902915,1
3683,P_NOUN_8_PASS_b,F,P,les bougies avec la jupe que j' aime beaucoup ne sont probablement pas laissées <eos>,13,laissées,laissés,11,F,S,laissées,-8.236045,laissés,-10.54982,1
3684,P_NOUN_8_PASS_b,F,P,les bougies avec la jupe que j' aime beaucoup ne sont probablement pas ouvertes <eos>,13,ouvertes,ouverts,11,F,S,ouvertes,-7.596575,ouverts,-9.12016,1
3685,P_NOUN_8_PASS_b,F,P,les bougies avec la jupe que j' aime beaucoup ne sont probablement pas perdues <eos>,13,perdues,perdus,11,F,S,perdues,-8.04123,perdus,-9.139601,1
3686,P_NOUN_8_PASS_b,F,P,les bougies avec la jupe que j' aime beaucoup ne sont probablement pas réparées <eos>,13,réparées,réparés,11,F,S,réparées,-9.361402,réparés,-12.748863,1
3687,P_NOUN_8_PASS_b,F,P,les bougies avec la jupe que j' aime beaucoup ne sont probablement pas retirées <eos>,13,retirées,retirés,11,F,S,retirées,-8.351929,retirés,-10.550667,1
3688,P_NOUN_8_PASS_b,F,P,les bougies avec la jupe que j' aime beaucoup ne sont probablement pas tombées <eos>,13,tombées,tombés,11,F,S,tombées,-7.6999836,tombés,-7.783716,1
3689,P_NOUN_8_PASS_b,F,P,les bougies avec la jupe que j' aime beaucoup ne sont probablement pas utilisées <eos>,13,utilisées,utilisés,11,F,S,utilisées,-5.4834566,utilisés,-6.962038,1
3690,P_NOUN_8_PASS_b,F,P,les bougies avec la colle que j' aime beaucoup ne sont probablement pas achetées <eos>,13,achetées,achetés,11,F,S,achetées,-10.546623,achetés,-10.371414,0
3691,P_NOUN_8_PASS_b,F,P,les bougies avec la colle que j' aime beaucoup ne sont probablement pas brisées <eos>,13,brisées,brisés,11,F,S,brisées,-9.295576,brisés,-12.483191,1
3692,P_NOUN_8_PASS_b,F,P,les bougies avec la colle que j' aime beaucoup ne sont probablement pas cachées <eos>,13,cachées,cachés,11,F,S,cachées,-7.813018,cachés,-9.033699,1
3693,P_NOUN_8_PASS_b,F,P,les bougies avec la colle que j' aime beaucoup ne sont probablement pas cassées <eos>,13,cassées,cassés,11,F,S,cassées,-8.251004,cassés,-10.076975,1
3694,P_NOUN_8_PASS_b,F,P,les bougies avec la colle que j' aime beaucoup ne sont probablement pas couvertes <eos>,13,couvertes,couverts,11,F,S,couvertes,-7.698385,couverts,-8.433474,1
3695,P_NOUN_8_PASS_b,F,P,les bougies avec la colle que j' aime beaucoup ne sont probablement pas déformées <eos>,13,déformées,déformés,11,F,S,déformées,-8.189424,déformés,-13.117926,1
3696,P_NOUN_8_PASS_b,F,P,les bougies avec la colle que j' aime beaucoup ne sont probablement pas fixées <eos>,13,fixées,fixés,11,F,S,fixées,-8.15843,fixés,-9.84025,1
3697,P_NOUN_8_PASS_b,F,P,les bougies avec la colle que j' aime beaucoup ne sont probablement pas jetées <eos>,13,jetées,jetés,11,F,S,jetées,-8.657414,jetés,-9.310577,1
3698,P_NOUN_8_PASS_b,F,P,les bougies avec la colle que j' aime beaucoup ne sont probablement pas laissées <eos>,13,laissées,laissés,11,F,S,laissées,-7.957301,laissés,-10.1391115,1
3699,P_NOUN_8_PASS_b,F,P,les bougies avec la colle que j' aime beaucoup ne sont probablement pas ouvertes <eos>,13,ouvertes,ouverts,11,F,S,ouvertes,-7.9259424,ouverts,-9.382554,1
3700,P_NOUN_8_PASS_b,F,P,les bougies avec la colle que j' aime beaucoup ne sont probablement pas perdues <eos>,13,perdues,perdus,11,F,S,perdues,-7.5909753,perdus,-8.66422,1
3701,P_NOUN_8_PASS_b,F,P,les bougies avec la colle que j' aime beaucoup ne sont probablement pas réparées <eos>,13,réparées,réparés,11,F,S,réparées,-9.284366,réparés,-12.450829,1
3702,P_NOUN_8_PASS_b,F,P,les bougies avec la colle que j' aime beaucoup ne sont probablement pas retirées <eos>,13,retirées,retirés,11,F,S,retirées,-8.1463585,retirés,-10.076424,1
3703,P_NOUN_8_PASS_b,F,P,les bougies avec la colle que j' aime beaucoup ne sont probablement pas tombées <eos>,13,tombées,tombés,11,F,S,tombées,-7.498507,tombés,-7.494805,0
3704,P_NOUN_8_PASS_b,F,P,les bougies avec la colle que j' aime beaucoup ne sont probablement pas utilisées <eos>,13,utilisées,utilisés,11,F,S,utilisées,-5.2750916,utilisés,-6.6185308,1
3705,P_NOUN_8_PASS_b,F,P,les bougies avec la lampe que j' aime beaucoup ne sont probablement pas achetées <eos>,13,achetées,achetés,11,F,S,achetées,-10.625641,achetés,-10.936687,1
3706,P_NOUN_8_PASS_b,F,P,les bougies avec la lampe que j' aime beaucoup ne sont probablement pas brisées <eos>,13,brisées,brisés,11,F,S,brisées,-8.898067,brisés,-12.357395,1
3707,P_NOUN_8_PASS_b,F,P,les bougies avec la lampe que j' aime beaucoup ne sont probablement pas cachées <eos>,13,cachées,cachés,11,F,S,cachées,-7.3778615,cachés,-8.959218,1
3708,P_NOUN_8_PASS_b,F,P,les bougies avec la lampe que j' aime beaucoup ne sont probablement pas cassées <eos>,13,cassées,cassés,11,F,S,cassées,-8.287502,cassés,-10.525533,1
3709,P_NOUN_8_PASS_b,F,P,les bougies avec la lampe que j' aime beaucoup ne sont probablement pas couvertes <eos>,13,couvertes,couverts,11,F,S,couvertes,-7.8224936,couverts,-8.992678,1
3710,P_NOUN_8_PASS_b,F,P,les bougies avec la lampe que j' aime beaucoup ne sont probablement pas déformées <eos>,13,déformées,déformés,11,F,S,déformées,-7.6843014,déformés,-12.577634,1
3711,P_NOUN_8_PASS_b,F,P,les bougies avec la lampe que j' aime beaucoup ne sont probablement pas fixées <eos>,13,fixées,fixés,11,F,S,fixées,-7.836875,fixés,-9.723368,1
3712,P_NOUN_8_PASS_b,F,P,les bougies avec la lampe que j' aime beaucoup ne sont probablement pas jetées <eos>,13,jetées,jetés,11,F,S,jetées,-8.103161,jetés,-9.067526,1
3713,P_NOUN_8_PASS_b,F,P,les bougies avec la lampe que j' aime beaucoup ne sont probablement pas laissées <eos>,13,laissées,laissés,11,F,S,laissées,-8.130801,laissés,-10.333932,1
3714,P_NOUN_8_PASS_b,F,P,les bougies avec la lampe que j' aime beaucoup ne sont probablement pas ouvertes <eos>,13,ouvertes,ouverts,11,F,S,ouvertes,-7.6347795,ouverts,-9.414021,1
3715,P_NOUN_8_PASS_b,F,P,les bougies avec la lampe que j' aime beaucoup ne sont probablement pas perdues <eos>,13,perdues,perdus,11,F,S,perdues,-7.395086,perdus,-8.590961,1
3716,P_NOUN_8_PASS_b,F,P,les bougies avec la lampe que j' aime beaucoup ne sont probablement pas réparées <eos>,13,réparées,réparés,11,F,S,réparées,-8.919281,réparés,-12.316178,1
3717,P_NOUN_8_PASS_b,F,P,les bougies avec la lampe que j' aime beaucoup ne sont probablement pas retirées <eos>,13,retirées,retirés,11,F,S,retirées,-7.868881,retirés,-10.251287,1
3718,P_NOUN_8_PASS_b,F,P,les bougies avec la lampe que j' aime beaucoup ne sont probablement pas tombées <eos>,13,tombées,tombés,11,F,S,tombées,-7.271271,tombés,-7.789865,1
3719,P_NOUN_8_PASS_b,F,P,les bougies avec la lampe que j' aime beaucoup ne sont probablement pas utilisées <eos>,13,utilisées,utilisés,11,F,S,utilisées,-5.2021227,utilisés,-6.772171,1
3720,P_NOUN_8_PASS_b,F,P,les bougies avec la bouteille que j' aime beaucoup ne sont probablement pas achetées <eos>,13,achetées,achetés,11,F,S,achetées,-10.03529,achetés,-10.393521,1
3721,P_NOUN_8_PASS_b,F,P,les bougies avec la bouteille que j' aime beaucoup ne sont probablement pas brisées <eos>,13,brisées,brisés,11,F,S,brisées,-9.473538,brisés,-12.75846,1
3722,P_NOUN_8_PASS_b,F,P,les bougies avec la bouteille que j' aime beaucoup ne sont probablement pas cachées <eos>,13,cachées,cachés,11,F,S,cachées,-7.841175,cachés,-9.254036,1
3723,P_NOUN_8_PASS_b,F,P,les bougies avec la bouteille que j' aime beaucoup ne sont probablement pas cassées <eos>,13,cassées,cassés,11,F,S,cassées,-8.529257,cassés,-10.336545,1
3724,P_NOUN_8_PASS_b,F,P,les bougies avec la bouteille que j' aime beaucoup ne sont probablement pas couvertes <eos>,13,couvertes,couverts,11,F,S,couvertes,-7.7607985,couverts,-8.52703,1
3725,P_NOUN_8_PASS_b,F,P,les bougies avec la bouteille que j' aime beaucoup ne sont probablement pas déformées <eos>,13,déformées,déformés,11,F,S,déformées,-8.317272,déformés,-13.105591,1
3726,P_NOUN_8_PASS_b,F,P,les bougies avec la bouteille que j' aime beaucoup ne sont probablement pas fixées <eos>,13,fixées,fixés,11,F,S,fixées,-8.568902,fixés,-9.908586,1
3727,P_NOUN_8_PASS_b,F,P,les bougies avec la bouteille que j' aime beaucoup ne sont probablement pas jetées <eos>,13,jetées,jetés,11,F,S,jetées,-9.150268,jetés,-9.684505,1
3728,P_NOUN_8_PASS_b,F,P,les bougies avec la bouteille que j' aime beaucoup ne sont probablement pas laissées <eos>,13,laissées,laissés,11,F,S,laissées,-7.688672,laissés,-10.225036,1
3729,P_NOUN_8_PASS_b,F,P,les bougies avec la bouteille que j' aime beaucoup ne sont probablement pas ouvertes <eos>,13,ouvertes,ouverts,11,F,S,ouvertes,-7.630952,ouverts,-9.055215,1
3730,P_NOUN_8_PASS_b,F,P,les bougies avec la bouteille que j' aime beaucoup ne sont probablement pas perdues <eos>,13,perdues,perdus,11,F,S,perdues,-7.6947856,perdus,-8.730379,1
3731,P_NOUN_8_PASS_b,F,P,les bougies avec la bouteille que j' aime beaucoup ne sont probablement pas réparées <eos>,13,réparées,réparés,11,F,S,réparées,-8.981306,réparés,-12.393988,1
3732,P_NOUN_8_PASS_b,F,P,les bougies avec la bouteille que j' aime beaucoup ne sont probablement pas retirées <eos>,13,retirées,retirés,11,F,S,retirées,-8.157725,retirés,-10.446632,1
3733,P_NOUN_8_PASS_b,F,P,les bougies avec la bouteille que j' aime beaucoup ne sont probablement pas tombées <eos>,13,tombées,tombés,11,F,S,tombées,-7.7261906,tombés,-7.946645,1
3734,P_NOUN_8_PASS_b,F,P,les bougies avec la bouteille que j' aime beaucoup ne sont probablement pas utilisées <eos>,13,utilisées,utilisés,11,F,S,utilisées,-5.6572146,utilisés,-7.112807,1
3735,P_NOUN_8_PASS_b,F,P,les bougies avec la boisson que j' aime beaucoup ne sont probablement pas achetées <eos>,13,achetées,achetés,11,F,S,achetées,-10.492415,achetés,-10.353051,0
3736,P_NOUN_8_PASS_b,F,P,les bougies avec la boisson que j' aime beaucoup ne sont probablement pas brisées <eos>,13,brisées,brisés,11,F,S,brisées,-9.76466,brisés,-13.166978,1
3737,P_NOUN_8_PASS_b,F,P,les bougies avec la boisson que j' aime beaucoup ne sont probablement pas cachées <eos>,13,cachées,cachés,11,F,S,cachées,-7.93964,cachés,-9.286106,1
3738,P_NOUN_8_PASS_b,F,P,les bougies avec la boisson que j' aime beaucoup ne sont probablement pas cassées <eos>,13,cassées,cassés,11,F,S,cassées,-9.085311,cassés,-10.476964,1
3739,P_NOUN_8_PASS_b,F,P,les bougies avec la boisson que j' aime beaucoup ne sont probablement pas couvertes <eos>,13,couvertes,couverts,11,F,S,couvertes,-8.112378,couverts,-8.46187,1
3740,P_NOUN_8_PASS_b,F,P,les bougies avec la boisson que j' aime beaucoup ne sont probablement pas déformées <eos>,13,déformées,déformés,11,F,S,déformées,-8.940399,déformés,-13.394366,1
3741,P_NOUN_8_PASS_b,F,P,les bougies avec la boisson que j' aime beaucoup ne sont probablement pas fixées <eos>,13,fixées,fixés,11,F,S,fixées,-8.678852,fixés,-10.023966,1
3742,P_NOUN_8_PASS_b,F,P,les bougies avec la boisson que j' aime beaucoup ne sont probablement pas jetées <eos>,13,jetées,jetés,11,F,S,jetées,-9.288625,jetés,-9.981837,1
3743,P_NOUN_8_PASS_b,F,P,les bougies avec la boisson que j' aime beaucoup ne sont probablement pas laissées <eos>,13,laissées,laissés,11,F,S,laissées,-8.063115,laissés,-10.178533,1
3744,P_NOUN_8_PASS_b,F,P,les bougies avec la boisson que j' aime beaucoup ne sont probablement pas ouvertes <eos>,13,ouvertes,ouverts,11,F,S,ouvertes,-8.06077,ouverts,-9.495153,1
3745,P_NOUN_8_PASS_b,F,P,les bougies avec la boisson que j' aime beaucoup ne sont probablement pas perdues <eos>,13,perdues,perdus,11,F,S,perdues,-7.9441814,perdus,-8.85987,1
3746,P_NOUN_8_PASS_b,F,P,les bougies avec la boisson que j' aime beaucoup ne sont probablement pas réparées <eos>,13,réparées,réparés,11,F,S,réparées,-9.786606,réparés,-12.797441,1
3747,P_NOUN_8_PASS_b,F,P,les bougies avec la boisson que j' aime beaucoup ne sont probablement pas retirées <eos>,13,retirées,retirés,11,F,S,retirées,-8.591072,retirés,-10.452003,1
3748,P_NOUN_8_PASS_b,F,P,les bougies avec la boisson que j' aime beaucoup ne sont probablement pas tombées <eos>,13,tombées,tombés,11,F,S,tombées,-7.784936,tombés,-7.5268126,0
3749,P_NOUN_8_PASS_b,F,P,les bougies avec la boisson que j' aime beaucoup ne sont probablement pas utilisées <eos>,13,utilisées,utilisés,11,F,S,utilisées,-5.853063,utilisés,-7.1277204,1
3750,P_NOUN_8_PASS_b,F,P,les bougies avec la pomme que j' aime beaucoup ne sont probablement pas achetées <eos>,13,achetées,achetés,11,F,S,achetées,-9.794359,achetés,-9.918795,1
3751,P_NOUN_8_PASS_b,F,P,les bougies avec la pomme que j' aime beaucoup ne sont probablement pas brisées <eos>,13,brisées,brisés,11,F,S,brisées,-9.48691,brisés,-12.847717,1
3752,P_NOUN_8_PASS_b,F,P,les bougies avec la pomme que j' aime beaucoup ne sont probablement pas cachées <eos>,13,cachées,cachés,11,F,S,cachées,-7.668021,cachés,-9.0957575,1
3753,P_NOUN_8_PASS_b,F,P,les bougies avec la pomme que j' aime beaucoup ne sont probablement pas cassées <eos>,13,cassées,cassés,11,F,S,cassées,-8.640802,cassés,-9.936877,1
3754,P_NOUN_8_PASS_b,F,P,les bougies avec la pomme que j' aime beaucoup ne sont probablement pas couvertes <eos>,13,couvertes,couverts,11,F,S,couvertes,-7.6893463,couverts,-8.293897,1
3755,P_NOUN_8_PASS_b,F,P,les bougies avec la pomme que j' aime beaucoup ne sont probablement pas déformées <eos>,13,déformées,déformés,11,F,S,déformées,-8.644735,déformés,-13.487247,1
3756,P_NOUN_8_PASS_b,F,P,les bougies avec la pomme que j' aime beaucoup ne sont probablement pas fixées <eos>,13,fixées,fixés,11,F,S,fixées,-8.487471,fixés,-9.774372,1
3757,P_NOUN_8_PASS_b,F,P,les bougies avec la pomme que j' aime beaucoup ne sont probablement pas jetées <eos>,13,jetées,jetés,11,F,S,jetées,-8.954685,jetés,-9.8456,1
3758,P_NOUN_8_PASS_b,F,P,les bougies avec la pomme que j' aime beaucoup ne sont probablement pas laissées <eos>,13,laissées,laissés,11,F,S,laissées,-7.9997644,laissés,-9.912115,1
3759,P_NOUN_8_PASS_b,F,P,les bougies avec la pomme que j' aime beaucoup ne sont probablement pas ouvertes <eos>,13,ouvertes,ouverts,11,F,S,ouvertes,-7.816299,ouverts,-9.375672,1
3760,P_NOUN_8_PASS_b,F,P,les bougies avec la pomme que j' aime beaucoup ne sont probablement pas perdues <eos>,13,perdues,perdus,11,F,S,perdues,-7.5282574,perdus,-8.7448225,1
3761,P_NOUN_8_PASS_b,F,P,les bougies avec la pomme que j' aime beaucoup ne sont probablement pas réparées <eos>,13,réparées,réparés,11,F,S,réparées,-9.493696,réparés,-12.660367,1
3762,P_NOUN_8_PASS_b,F,P,les bougies avec la pomme que j' aime beaucoup ne sont probablement pas retirées <eos>,13,retirées,retirés,11,F,S,retirées,-8.366642,retirés,-10.339456,1
3763,P_NOUN_8_PASS_b,F,P,les bougies avec la pomme que j' aime beaucoup ne sont probablement pas tombées <eos>,13,tombées,tombés,11,F,S,tombées,-7.3837347,tombés,-7.3424616,0
3764,P_NOUN_8_PASS_b,F,P,les bougies avec la pomme que j' aime beaucoup ne sont probablement pas utilisées <eos>,13,utilisées,utilisés,11,F,S,utilisées,-5.401505,utilisés,-6.8673043,1
3765,P_NOUN_8_PASS_b,F,P,les bougies avec la tasse que j' aime beaucoup ne sont probablement pas achetées <eos>,13,achetées,achetés,11,F,S,achetées,-10.007993,achetés,-10.279505,1
3766,P_NOUN_8_PASS_b,F,P,les bougies avec la tasse que j' aime beaucoup ne sont probablement pas brisées <eos>,13,brisées,brisés,11,F,S,brisées,-9.25968,brisés,-12.655582,1
3767,P_NOUN_8_PASS_b,F,P,les bougies avec la tasse que j' aime beaucoup ne sont probablement pas cachées <eos>,13,cachées,cachés,11,F,S,cachées,-7.7836304,cachés,-9.647239,1
3768,P_NOUN_8_PASS_b,F,P,les bougies avec la tasse que j' aime beaucoup ne sont probablement pas cassées <eos>,13,cassées,cassés,11,F,S,cassées,-8.503974,cassés,-10.271662,1
3769,P_NOUN_8_PASS_b,F,P,les bougies avec la tasse que j' aime beaucoup ne sont probablement pas couvertes <eos>,13,couvertes,couverts,11,F,S,couvertes,-7.5130963,couverts,-8.17288,1
3770,P_NOUN_8_PASS_b,F,P,les bougies avec la tasse que j' aime beaucoup ne sont probablement pas déformées <eos>,13,déformées,déformés,11,F,S,déformées,-8.752404,déformés,-13.294243,1
3771,P_NOUN_8_PASS_b,F,P,les bougies avec la tasse que j' aime beaucoup ne sont probablement pas fixées <eos>,13,fixées,fixés,11,F,S,fixées,-8.475939,fixés,-9.973506,1
3772,P_NOUN_8_PASS_b,F,P,les bougies avec la tasse que j' aime beaucoup ne sont probablement pas jetées <eos>,13,jetées,jetés,11,F,S,jetées,-8.831846,jetés,-9.9204235,1
3773,P_NOUN_8_PASS_b,F,P,les bougies avec la tasse que j' aime beaucoup ne sont probablement pas laissées <eos>,13,laissées,laissés,11,F,S,laissées,-7.6273146,laissés,-10.037199,1
3774,P_NOUN_8_PASS_b,F,P,les bougies avec la tasse que j' aime beaucoup ne sont probablement pas ouvertes <eos>,13,ouvertes,ouverts,11,F,S,ouvertes,-7.3482265,ouverts,-8.838879,1
3775,P_NOUN_8_PASS_b,F,P,les bougies avec la tasse que j' aime beaucoup ne sont probablement pas perdues <eos>,13,perdues,perdus,11,F,S,perdues,-7.9099236,perdus,-8.939292,1
3776,P_NOUN_8_PASS_b,F,P,les bougies avec la tasse que j' aime beaucoup ne sont probablement pas réparées <eos>,13,réparées,réparés,11,F,S,réparées,-9.068012,réparés,-12.309144,1
3777,P_NOUN_8_PASS_b,F,P,les bougies avec la tasse que j' aime beaucoup ne sont probablement pas retirées <eos>,13,retirées,retirés,11,F,S,retirées,-8.522238,retirés,-10.563997,1
3778,P_NOUN_8_PASS_b,F,P,les bougies avec la tasse que j' aime beaucoup ne sont probablement pas tombées <eos>,13,tombées,tombés,11,F,S,tombées,-7.689844,tombés,-7.9245796,1
3779,P_NOUN_8_PASS_b,F,P,les bougies avec la tasse que j' aime beaucoup ne sont probablement pas utilisées <eos>,13,utilisées,utilisés,11,F,S,utilisées,-5.8067646,utilisés,-7.3570194,1
3780,P_NOUN_8_PASS_b,F,P,les bougies avec la bougie que j' aime beaucoup ne sont probablement pas achetées <eos>,13,achetées,achetés,11,F,S,achetées,-10.400658,achetés,-10.7702055,1
3781,P_NOUN_8_PASS_b,F,P,les bougies avec la bougie que j' aime beaucoup ne sont probablement pas brisées <eos>,13,brisées,brisés,11,F,S,brisées,-9.239632,brisés,-12.3862915,1
3782,P_NOUN_8_PASS_b,F,P,les bougies avec la bougie que j' aime beaucoup ne sont probablement pas cachées <eos>,13,cachées,cachés,11,F,S,cachées,-7.803353,cachés,-9.087059,1
3783,P_NOUN_8_PASS_b,F,P,les bougies avec la bougie que j' aime beaucoup ne sont probablement pas cassées <eos>,13,cassées,cassés,11,F,S,cassées,-8.231768,cassés,-10.396874,1
3784,P_NOUN_8_PASS_b,F,P,les bougies avec la bougie que j' aime beaucoup ne sont probablement pas couvertes <eos>,13,couvertes,couverts,11,F,S,couvertes,-7.9440317,couverts,-8.729756,1
3785,P_NOUN_8_PASS_b,F,P,les bougies avec la bougie que j' aime beaucoup ne sont probablement pas déformées <eos>,13,déformées,déformés,11,F,S,déformées,-8.218637,déformés,-12.798382,1
3786,P_NOUN_8_PASS_b,F,P,les bougies avec la bougie que j' aime beaucoup ne sont probablement pas fixées <eos>,13,fixées,fixés,11,F,S,fixées,-8.069454,fixés,-9.676454,1
3787,P_NOUN_8_PASS_b,F,P,les bougies avec la bougie que j' aime beaucoup ne sont probablement pas jetées <eos>,13,jetées,jetés,11,F,S,jetées,-8.755827,jetés,-9.289087,1
3788,P_NOUN_8_PASS_b,F,P,les bougies avec la bougie que j' aime beaucoup ne sont probablement pas laissées <eos>,13,laissées,laissés,11,F,S,laissées,-7.9726725,laissés,-10.229888,1
3789,P_NOUN_8_PASS_b,F,P,les bougies avec la bougie que j' aime beaucoup ne sont probablement pas ouvertes <eos>,13,ouvertes,ouverts,11,F,S,ouvertes,-7.8042803,ouverts,-9.243542,1
3790,P_NOUN_8_PASS_b,F,P,les bougies avec la bougie que j' aime beaucoup ne sont probablement pas perdues <eos>,13,perdues,perdus,11,F,S,perdues,-7.5176344,perdus,-8.627447,1
3791,P_NOUN_8_PASS_b,F,P,les bougies avec la bougie que j' aime beaucoup ne sont probablement pas réparées <eos>,13,réparées,réparés,11,F,S,réparées,-9.015311,réparés,-12.271527,1
3792,P_NOUN_8_PASS_b,F,P,les bougies avec la bougie que j' aime beaucoup ne sont probablement pas retirées <eos>,13,retirées,retirés,11,F,S,retirées,-7.9052763,retirés,-10.323317,1
3793,P_NOUN_8_PASS_b,F,P,les bougies avec la bougie que j' aime beaucoup ne sont probablement pas tombées <eos>,13,tombées,tombés,11,F,S,tombées,-7.461064,tombés,-7.5641265,1
3794,P_NOUN_8_PASS_b,F,P,les bougies avec la bougie que j' aime beaucoup ne sont probablement pas utilisées <eos>,13,utilisées,utilisés,11,F,S,utilisées,-5.5491247,utilisés,-6.953848,1
3795,P_NOUN_8_PASS_b,F,P,les bougies avec la pochette que j' aime beaucoup ne sont probablement pas achetées <eos>,13,achetées,achetés,11,F,S,achetées,-10.174905,achetés,-11.112797,1
3796,P_NOUN_8_PASS_b,F,P,les bougies avec la pochette que j' aime beaucoup ne sont probablement pas brisées <eos>,13,brisées,brisés,11,F,S,brisées,-9.015447,brisés,-12.451572,1
3797,P_NOUN_8_PASS_b,F,P,les bougies avec la pochette que j' aime beaucoup ne sont probablement pas cachées <eos>,13,cachées,cachés,11,F,S,cachées,-7.7969055,cachés,-9.825382,1
3798,P_NOUN_8_PASS_b,F,P,les bougies avec la pochette que j' aime beaucoup ne sont probablement pas cassées <eos>,13,cassées,cassés,11,F,S,cassées,-8.536776,cassés,-10.752935,1
3799,P_NOUN_8_PASS_b,F,P,les bougies avec la pochette que j' aime beaucoup ne sont probablement pas couvertes <eos>,13,couvertes,couverts,11,F,S,couvertes,-8.534217,couverts,-9.667397,1
3800,P_NOUN_8_PASS_b,F,P,les bougies avec la pochette que j' aime beaucoup ne sont probablement pas déformées <eos>,13,déformées,déformés,11,F,S,déformées,-7.867185,déformés,-12.4545555,1
3801,P_NOUN_8_PASS_b,F,P,les bougies avec la pochette que j' aime beaucoup ne sont probablement pas fixées <eos>,13,fixées,fixés,11,F,S,fixées,-8.231657,fixés,-10.118304,1
3802,P_NOUN_8_PASS_b,F,P,les bougies avec la pochette que j' aime beaucoup ne sont probablement pas jetées <eos>,13,jetées,jetés,11,F,S,jetées,-9.608453,jetés,-10.303339,1
3803,P_NOUN_8_PASS_b,F,P,les bougies avec la pochette que j' aime beaucoup ne sont probablement pas laissées <eos>,13,laissées,laissés,11,F,S,laissées,-7.9726367,laissés,-10.901306,1
3804,P_NOUN_8_PASS_b,F,P,les bougies avec la pochette que j' aime beaucoup ne sont probablement pas ouvertes <eos>,13,ouvertes,ouverts,11,F,S,ouvertes,-7.9461675,ouverts,-9.956049,1
3805,P_NOUN_8_PASS_b,F,P,les bougies avec la pochette que j' aime beaucoup ne sont probablement pas perdues <eos>,13,perdues,perdus,11,F,S,perdues,-7.514943,perdus,-8.822631,1
3806,P_NOUN_8_PASS_b,F,P,les bougies avec la pochette que j' aime beaucoup ne sont probablement pas réparées <eos>,13,réparées,réparés,11,F,S,réparées,-9.306081,réparés,-13.308851,1
3807,P_NOUN_8_PASS_b,F,P,les bougies avec la pochette que j' aime beaucoup ne sont probablement pas retirées <eos>,13,retirées,retirés,11,F,S,retirées,-7.9667263,retirés,-10.792102,1
3808,P_NOUN_8_PASS_b,F,P,les bougies avec la pochette que j' aime beaucoup ne sont probablement pas tombées <eos>,13,tombées,tombés,11,F,S,tombées,-7.9000435,tombés,-8.652524,1
3809,P_NOUN_8_PASS_b,F,P,les bougies avec la pochette que j' aime beaucoup ne sont probablement pas utilisées <eos>,13,utilisées,utilisés,11,F,S,utilisées,-5.806827,utilisés,-7.5459456,1
3810,P_NOUN_8_PASS_b,F,P,les bougies avec la banane que j' aime beaucoup ne sont probablement pas achetées <eos>,13,achetées,achetés,11,F,S,achetées,-10.317997,achetés,-10.393164,1
3811,P_NOUN_8_PASS_b,F,P,les bougies avec la banane que j' aime beaucoup ne sont probablement pas brisées <eos>,13,brisées,brisés,11,F,S,brisées,-9.348015,brisés,-12.654149,1
3812,P_NOUN_8_PASS_b,F,P,les bougies avec la banane que j' aime beaucoup ne sont probablement pas cachées <eos>,13,cachées,cachés,11,F,S,cachées,-8.114526,cachés,-9.498393,1
3813,P_NOUN_8_PASS_b,F,P,les bougies avec la banane que j' aime beaucoup ne sont probablement pas cassées <eos>,13,cassées,cassés,11,F,S,cassées,-8.514062,cassés,-10.202246,1
3814,P_NOUN_8_PASS_b,F,P,les bougies avec la banane que j' aime beaucoup ne sont probablement pas couvertes <eos>,13,couvertes,couverts,11,F,S,couvertes,-7.8231764,couverts,-8.550361,1
3815,P_NOUN_8_PASS_b,F,P,les bougies avec la banane que j' aime beaucoup ne sont probablement pas déformées <eos>,13,déformées,déformés,11,F,S,déformées,-8.484321,déformés,-13.09568,1
3816,P_NOUN_8_PASS_b,F,P,les bougies avec la banane que j' aime beaucoup ne sont probablement pas fixées <eos>,13,fixées,fixés,11,F,S,fixées,-8.342781,fixés,-9.533266,1
3817,P_NOUN_8_PASS_b,F,P,les bougies avec la banane que j' aime beaucoup ne sont probablement pas jetées <eos>,13,jetées,jetés,11,F,S,jetées,-8.07119,jetés,-10.0496,1
3818,P_NOUN_8_PASS_b,F,P,les bougies avec la banane que j' aime beaucoup ne sont probablement pas laissées <eos>,13,laissées,laissés,11,F,S,laissées,-7.8162146,laissés,-9.953435,1
3819,P_NOUN_8_PASS_b,F,P,les bougies avec la banane que j' aime beaucoup ne sont probablement pas ouvertes <eos>,13,ouvertes,ouverts,11,F,S,ouvertes,-8.403819,ouverts,-9.789551,1
3820,P_NOUN_8_PASS_b,F,P,les bougies avec la banane que j' aime beaucoup ne sont probablement pas perdues <eos>,13,perdues,perdus,11,F,S,perdues,-7.8705153,perdus,-8.794264,1
3821,P_NOUN_8_PASS_b,F,P,les bougies avec la banane que j' aime beaucoup ne sont probablement pas réparées <eos>,13,réparées,réparés,11,F,S,réparées,-9.481291,réparés,-12.186103,1
3822,P_NOUN_8_PASS_b,F,P,les bougies avec la banane que j' aime beaucoup ne sont probablement pas retirées <eos>,13,retirées,retirés,11,F,S,retirées,-8.548202,retirés,-10.481523,1
3823,P_NOUN_8_PASS_b,F,P,les bougies avec la banane que j' aime beaucoup ne sont probablement pas tombées <eos>,13,tombées,tombés,11,F,S,tombées,-7.3222723,tombés,-7.4579086,1
3824,P_NOUN_8_PASS_b,F,P,les bougies avec la banane que j' aime beaucoup ne sont probablement pas utilisées <eos>,13,utilisées,utilisés,11,F,S,utilisées,-5.4266014,utilisés,-6.8095045,1
3825,P_NOUN_8_PASS_b,F,P,les bougies avec la robe que j' aime beaucoup ne sont probablement pas achetées <eos>,13,achetées,achetés,11,F,S,achetées,-11.169405,achetés,-11.05751,0
3826,P_NOUN_8_PASS_b,F,P,les bougies avec la robe que j' aime beaucoup ne sont probablement pas brisées <eos>,13,brisées,brisés,11,F,S,brisées,-9.700639,brisés,-13.174995,1
3827,P_NOUN_8_PASS_b,F,P,les bougies avec la robe que j' aime beaucoup ne sont probablement pas cachées <eos>,13,cachées,cachés,11,F,S,cachées,-7.753375,cachés,-9.39092,1
3828,P_NOUN_8_PASS_b,F,P,les bougies avec la robe que j' aime beaucoup ne sont probablement pas cassées <eos>,13,cassées,cassés,11,F,S,cassées,-9.033688,cassés,-11.074745,1
3829,P_NOUN_8_PASS_b,F,P,les bougies avec la robe que j' aime beaucoup ne sont probablement pas couvertes <eos>,13,couvertes,couverts,11,F,S,couvertes,-7.882825,couverts,-8.643797,1
3830,P_NOUN_8_PASS_b,F,P,les bougies avec la robe que j' aime beaucoup ne sont probablement pas déformées <eos>,13,déformées,déformés,11,F,S,déformées,-8.606108,déformés,-12.8906,1
3831,P_NOUN_8_PASS_b,F,P,les bougies avec la robe que j' aime beaucoup ne sont probablement pas fixées <eos>,13,fixées,fixés,11,F,S,fixées,-8.496634,fixés,-10.1454315,1
3832,P_NOUN_8_PASS_b,F,P,les bougies avec la robe que j' aime beaucoup ne sont probablement pas jetées <eos>,13,jetées,jetés,11,F,S,jetées,-9.187479,jetés,-10.136232,1
3833,P_NOUN_8_PASS_b,F,P,les bougies avec la robe que j' aime beaucoup ne sont probablement pas laissées <eos>,13,laissées,laissés,11,F,S,laissées,-8.551603,laissés,-10.647191,1
3834,P_NOUN_8_PASS_b,F,P,les bougies avec la robe que j' aime beaucoup ne sont probablement pas ouvertes <eos>,13,ouvertes,ouverts,11,F,S,ouvertes,-7.7901196,ouverts,-9.414413,1
3835,P_NOUN_8_PASS_b,F,P,les bougies avec la robe que j' aime beaucoup ne sont probablement pas perdues <eos>,13,perdues,perdus,11,F,S,perdues,-8.2504425,perdus,-9.33587,1
3836,P_NOUN_8_PASS_b,F,P,les bougies avec la robe que j' aime beaucoup ne sont probablement pas réparées <eos>,13,réparées,réparés,11,F,S,réparées,-9.831729,réparés,-12.527572,1
3837,P_NOUN_8_PASS_b,F,P,les bougies avec la robe que j' aime beaucoup ne sont probablement pas retirées <eos>,13,retirées,retirés,11,F,S,retirées,-8.851562,retirés,-10.816371,1
3838,P_NOUN_8_PASS_b,F,P,les bougies avec la robe que j' aime beaucoup ne sont probablement pas tombées <eos>,13,tombées,tombés,11,F,S,tombées,-7.710591,tombés,-7.4716315,0
3839,P_NOUN_8_PASS_b,F,P,les bougies avec la robe que j' aime beaucoup ne sont probablement pas utilisées <eos>,13,utilisées,utilisés,11,F,S,utilisées,-5.566186,utilisés,-6.925802,1
3840,P_NOUN_8_PASS_b,F,P,les bougies avec la valise que j' aime beaucoup ne sont probablement pas achetées <eos>,13,achetées,achetés,11,F,S,achetées,-9.528033,achetés,-10.276149,1
3841,P_NOUN_8_PASS_b,F,P,les bougies avec la valise que j' aime beaucoup ne sont probablement pas brisées <eos>,13,brisées,brisés,11,F,S,brisées,-8.99835,brisés,-12.4955635,1
3842,P_NOUN_8_PASS_b,F,P,les bougies avec la valise que j' aime beaucoup ne sont probablement pas cachées <eos>,13,cachées,cachés,11,F,S,cachées,-7.433873,cachés,-8.500516,1
3843,P_NOUN_8_PASS_b,F,P,les bougies avec la valise que j' aime beaucoup ne sont probablement pas cassées <eos>,13,cassées,cassés,11,F,S,cassées,-8.547197,cassés,-10.44899,1
3844,P_NOUN_8_PASS_b,F,P,les bougies avec la valise que j' aime beaucoup ne sont probablement pas couvertes <eos>,13,couvertes,couverts,11,F,S,couvertes,-8.275263,couverts,-9.326646,1
3845,P_NOUN_8_PASS_b,F,P,les bougies avec la valise que j' aime beaucoup ne sont probablement pas déformées <eos>,13,déformées,déformés,11,F,S,déformées,-7.854223,déformés,-13.244516,1
3846,P_NOUN_8_PASS_b,F,P,les bougies avec la valise que j' aime beaucoup ne sont probablement pas fixées <eos>,13,fixées,fixés,11,F,S,fixées,-8.219524,fixés,-9.902138,1
3847,P_NOUN_8_PASS_b,F,P,les bougies avec la valise que j' aime beaucoup ne sont probablement pas jetées <eos>,13,jetées,jetés,11,F,S,jetées,-8.25636,jetés,-9.082948,1
3848,P_NOUN_8_PASS_b,F,P,les bougies avec la valise que j' aime beaucoup ne sont probablement pas laissées <eos>,13,laissées,laissés,11,F,S,laissées,-7.8738384,laissés,-9.974795,1
3849,P_NOUN_8_PASS_b,F,P,les bougies avec la valise que j' aime beaucoup ne sont probablement pas ouvertes <eos>,13,ouvertes,ouverts,11,F,S,ouvertes,-7.8111534,ouverts,-9.206378,1
3850,P_NOUN_8_PASS_b,F,P,les bougies avec la valise que j' aime beaucoup ne sont probablement pas perdues <eos>,13,perdues,perdus,11,F,S,perdues,-7.251398,perdus,-8.235097,1
3851,P_NOUN_8_PASS_b,F,P,les bougies avec la valise que j' aime beaucoup ne sont probablement pas réparées <eos>,13,réparées,réparés,11,F,S,réparées,-9.102464,réparés,-12.899286,1
3852,P_NOUN_8_PASS_b,F,P,les bougies avec la valise que j' aime beaucoup ne sont probablement pas retirées <eos>,13,retirées,retirés,11,F,S,retirées,-8.156219,retirés,-10.076582,1
3853,P_NOUN_8_PASS_b,F,P,les bougies avec la valise que j' aime beaucoup ne sont probablement pas tombées <eos>,13,tombées,tombés,11,F,S,tombées,-7.775941,tombés,-7.6731977,0
3854,P_NOUN_8_PASS_b,F,P,les bougies avec la valise que j' aime beaucoup ne sont probablement pas utilisées <eos>,13,utilisées,utilisés,11,F,S,utilisées,-5.384182,utilisés,-6.8392735,1
3855,P_NOUN_8_PASS_b,F,P,les bougies avec la pendule que j' aime beaucoup ne sont probablement pas achetées <eos>,13,achetées,achetés,11,F,S,achetées,-10.799864,achetés,-10.870495,1
3856,P_NOUN_8_PASS_b,F,P,les bougies avec la pendule que j' aime beaucoup ne sont probablement pas brisées <eos>,13,brisées,brisés,11,F,S,brisées,-9.149533,brisés,-12.308663,1
3857,P_NOUN_8_PASS_b,F,P,les bougies avec la pendule que j' aime beaucoup ne sont probablement pas cachées <eos>,13,cachées,cachés,11,F,S,cachées,-7.8548656,cachés,-8.978779,1
3858,P_NOUN_8_PASS_b,F,P,les bougies avec la pendule que j' aime beaucoup ne sont probablement pas cassées <eos>,13,cassées,cassés,11,F,S,cassées,-7.972417,cassés,-10.366288,1
3859,P_NOUN_8_PASS_b,F,P,les bougies avec la pendule que j' aime beaucoup ne sont probablement pas couvertes <eos>,13,couvertes,couverts,11,F,S,couvertes,-7.7853384,couverts,-8.797958,1
3860,P_NOUN_8_PASS_b,F,P,les bougies avec la pendule que j' aime beaucoup ne sont probablement pas déformées <eos>,13,déformées,déformés,11,F,S,déformées,-7.5265255,déformés,-12.602576,1
3861,P_NOUN_8_PASS_b,F,P,les bougies avec la pendule que j' aime beaucoup ne sont probablement pas fixées <eos>,13,fixées,fixés,11,F,S,fixées,-7.676772,fixés,-9.39975,1
3862,P_NOUN_8_PASS_b,F,P,les bougies avec la pendule que j' aime beaucoup ne sont probablement pas jetées <eos>,13,jetées,jetés,11,F,S,jetées,-8.368226,jetés,-9.033516,1
3863,P_NOUN_8_PASS_b,F,P,les bougies avec la pendule que j' aime beaucoup ne sont probablement pas laissées <eos>,13,laissées,laissés,11,F,S,laissées,-8.112136,laissés,-10.449997,1
3864,P_NOUN_8_PASS_b,F,P,les bougies avec la pendule que j' aime beaucoup ne sont probablement pas ouvertes <eos>,13,ouvertes,ouverts,11,F,S,ouvertes,-7.720079,ouverts,-9.057324,1
3865,P_NOUN_8_PASS_b,F,P,les bougies avec la pendule que j' aime beaucoup ne sont probablement pas perdues <eos>,13,perdues,perdus,11,F,S,perdues,-7.518863,perdus,-8.464904,1
3866,P_NOUN_8_PASS_b,F,P,les bougies avec la pendule que j' aime beaucoup ne sont probablement pas réparées <eos>,13,réparées,réparés,11,F,S,réparées,-8.937289,réparés,-12.316141,1
3867,P_NOUN_8_PASS_b,F,P,les bougies avec la pendule que j' aime beaucoup ne sont probablement pas retirées <eos>,13,retirées,retirés,11,F,S,retirées,-7.8720336,retirés,-10.115475,1
3868,P_NOUN_8_PASS_b,F,P,les bougies avec la pendule que j' aime beaucoup ne sont probablement pas tombées <eos>,13,tombées,tombés,11,F,S,tombées,-7.454945,tombés,-7.747029,1
3869,P_NOUN_8_PASS_b,F,P,les bougies avec la pendule que j' aime beaucoup ne sont probablement pas utilisées <eos>,13,utilisées,utilisés,11,F,S,utilisées,-5.2461715,utilisés,-6.5297914,1
3870,P_NOUN_8_PASS_b,F,P,les bougies avec la cloche que j' aime beaucoup ne sont probablement pas achetées <eos>,13,achetées,achetés,11,F,S,achetées,-10.315887,achetés,-10.790891,1
3871,P_NOUN_8_PASS_b,F,P,les bougies avec la cloche que j' aime beaucoup ne sont probablement pas brisées <eos>,13,brisées,brisés,11,F,S,brisées,-9.098246,brisés,-12.353116,1
3872,P_NOUN_8_PASS_b,F,P,les bougies avec la cloche que j' aime beaucoup ne sont probablement pas cachées <eos>,13,cachées,cachés,11,F,S,cachées,-7.5958185,cachés,-9.000681,1
3873,P_NOUN_8_PASS_b,F,P,les bougies avec la cloche que j' aime beaucoup ne sont probablement pas cassées <eos>,13,cassées,cassés,11,F,S,cassées,-8.547237,cassés,-10.307129,1
3874,P_NOUN_8_PASS_b,F,P,les bougies avec la cloche que j' aime beaucoup ne sont probablement pas couvertes <eos>,13,couvertes,couverts,11,F,S,couvertes,-8.117306,couverts,-8.857494,1
3875,P_NOUN_8_PASS_b,F,P,les bougies avec la cloche que j' aime beaucoup ne sont probablement pas déformées <eos>,13,déformées,déformés,11,F,S,déformées,-8.486921,déformés,-13.143186,1
3876,P_NOUN_8_PASS_b,F,P,les bougies avec la cloche que j' aime beaucoup ne sont probablement pas fixées <eos>,13,fixées,fixés,11,F,S,fixées,-8.1202,fixés,-9.694705,1
3877,P_NOUN_8_PASS_b,F,P,les bougies avec la cloche que j' aime beaucoup ne sont probablement pas jetées <eos>,13,jetées,jetés,11,F,S,jetées,-8.509517,jetés,-9.266664,1
3878,P_NOUN_8_PASS_b,F,P,les bougies avec la cloche que j' aime beaucoup ne sont probablement pas laissées <eos>,13,laissées,laissés,11,F,S,laissées,-8.214479,laissés,-10.079319,1
3879,P_NOUN_8_PASS_b,F,P,les bougies avec la cloche que j' aime beaucoup ne sont probablement pas ouvertes <eos>,13,ouvertes,ouverts,11,F,S,ouvertes,-7.7470756,ouverts,-9.611246,1
3880,P_NOUN_8_PASS_b,F,P,les bougies avec la cloche que j' aime beaucoup ne sont probablement pas perdues <eos>,13,perdues,perdus,11,F,S,perdues,-7.33535,perdus,-8.537838,1
3881,P_NOUN_8_PASS_b,F,P,les bougies avec la cloche que j' aime beaucoup ne sont probablement pas réparées <eos>,13,réparées,réparés,11,F,S,réparées,-9.174724,réparés,-12.360417,1
3882,P_NOUN_8_PASS_b,F,P,les bougies avec la cloche que j' aime beaucoup ne sont probablement pas retirées <eos>,13,retirées,retirés,11,F,S,retirées,-8.009121,retirés,-10.174114,1
3883,P_NOUN_8_PASS_b,F,P,les bougies avec la cloche que j' aime beaucoup ne sont probablement pas tombées <eos>,13,tombées,tombés,11,F,S,tombées,-7.557092,tombés,-7.2501044,0
3884,P_NOUN_8_PASS_b,F,P,les bougies avec la cloche que j' aime beaucoup ne sont probablement pas utilisées <eos>,13,utilisées,utilisés,11,F,S,utilisées,-5.5157056,utilisés,-6.9418864,1
3885,P_NOUN_8_PASS_b,F,P,les bougies avec la cerise que j' aime beaucoup ne sont probablement pas achetées <eos>,13,achetées,achetés,11,F,S,achetées,-10.362698,achetés,-10.408972,1
3886,P_NOUN_8_PASS_b,F,P,les bougies avec la cerise que j' aime beaucoup ne sont probablement pas brisées <eos>,13,brisées,brisés,11,F,S,brisées,-9.445812,brisés,-12.731071,1
3887,P_NOUN_8_PASS_b,F,P,les bougies avec la cerise que j' aime beaucoup ne sont probablement pas cachées <eos>,13,cachées,cachés,11,F,S,cachées,-7.8221426,cachés,-9.570685,1
3888,P_NOUN_8_PASS_b,F,P,les bougies avec la cerise que j' aime beaucoup ne sont probablement pas cassées <eos>,13,cassées,cassés,11,F,S,cassées,-8.511627,cassés,-10.221078,1
3889,P_NOUN_8_PASS_b,F,P,les bougies avec la cerise que j' aime beaucoup ne sont probablement pas couvertes <eos>,13,couvertes,couverts,11,F,S,couvertes,-7.7128215,couverts,-8.29871,1
3890,P_NOUN_8_PASS_b,F,P,les bougies avec la cerise que j' aime beaucoup ne sont probablement pas déformées <eos>,13,déformées,déformés,11,F,S,déformées,-8.552719,déformés,-13.239331,1
3891,P_NOUN_8_PASS_b,F,P,les bougies avec la cerise que j' aime beaucoup ne sont probablement pas fixées <eos>,13,fixées,fixés,11,F,S,fixées,-8.533632,fixés,-9.856888,1
3892,P_NOUN_8_PASS_b,F,P,les bougies avec la cerise que j' aime beaucoup ne sont probablement pas jetées <eos>,13,jetées,jetés,11,F,S,jetées,-9.043964,jetés,-10.245724,1
3893,P_NOUN_8_PASS_b,F,P,les bougies avec la cerise que j' aime beaucoup ne sont probablement pas laissées <eos>,13,laissées,laissés,11,F,S,laissées,-7.9710674,laissés,-10.197506,1
3894,P_NOUN_8_PASS_b,F,P,les bougies avec la cerise que j' aime beaucoup ne sont probablement pas ouvertes <eos>,13,ouvertes,ouverts,11,F,S,ouvertes,-7.930065,ouverts,-9.195359,1
3895,P_NOUN_8_PASS_b,F,P,les bougies avec la cerise que j' aime beaucoup ne sont probablement pas perdues <eos>,13,perdues,perdus,11,F,S,perdues,-7.862833,perdus,-9.07574,1
3896,P_NOUN_8_PASS_b,F,P,les bougies avec la cerise que j' aime beaucoup ne sont probablement pas réparées <eos>,13,réparées,réparés,11,F,S,réparées,-9.537728,réparés,-12.440439,1
3897,P_NOUN_8_PASS_b,F,P,les bougies avec la cerise que j' aime beaucoup ne sont probablement pas retirées <eos>,13,retirées,retirés,11,F,S,retirées,-8.563511,retirés,-10.543705,1
3898,P_NOUN_8_PASS_b,F,P,les bougies avec la cerise que j' aime beaucoup ne sont probablement pas tombées <eos>,13,tombées,tombés,11,F,S,tombées,-7.4422655,tombés,-7.7113533,1
3899,P_NOUN_8_PASS_b,F,P,les bougies avec la cerise que j' aime beaucoup ne sont probablement pas utilisées <eos>,13,utilisées,utilisés,11,F,S,utilisées,-5.5263915,utilisés,-6.9855504,1
3900,P_NOUN_8_PASS_b,F,P,les pochettes avec la gemme que j' aime beaucoup ne sont probablement pas achetées <eos>,13,achetées,achetés,11,F,S,achetées,-10.226934,achetés,-11.429501,1
3901,P_NOUN_8_PASS_b,F,P,les pochettes avec la gemme que j' aime beaucoup ne sont probablement pas brisées <eos>,13,brisées,brisés,11,F,S,brisées,-9.512749,brisés,-13.029016,1
3902,P_NOUN_8_PASS_b,F,P,les pochettes avec la gemme que j' aime beaucoup ne sont probablement pas cachées <eos>,13,cachées,cachés,11,F,S,cachées,-8.222294,cachés,-10.906479,1
3903,P_NOUN_8_PASS_b,F,P,les pochettes avec la gemme que j' aime beaucoup ne sont probablement pas cassées <eos>,13,cassées,cassés,11,F,S,cassées,-9.449123,cassés,-11.827816,1
3904,P_NOUN_8_PASS_b,F,P,les pochettes avec la gemme que j' aime beaucoup ne sont probablement pas couvertes <eos>,13,couvertes,couverts,11,F,S,couvertes,-8.049027,couverts,-10.05676,1
3905,P_NOUN_8_PASS_b,F,P,les pochettes avec la gemme que j' aime beaucoup ne sont probablement pas déformées <eos>,13,déformées,déformés,11,F,S,déformées,-8.237773,déformés,-13.186554,1
3906,P_NOUN_8_PASS_b,F,P,les pochettes avec la gemme que j' aime beaucoup ne sont probablement pas fixées <eos>,13,fixées,fixés,11,F,S,fixées,-8.922385,fixés,-10.953897,1
3907,P_NOUN_8_PASS_b,F,P,les pochettes avec la gemme que j' aime beaucoup ne sont probablement pas jetées <eos>,13,jetées,jetés,11,F,S,jetées,-10.297937,jetés,-11.452797,1
3908,P_NOUN_8_PASS_b,F,P,les pochettes avec la gemme que j' aime beaucoup ne sont probablement pas laissées <eos>,13,laissées,laissés,11,F,S,laissées,-7.7716203,laissés,-11.223452,1
3909,P_NOUN_8_PASS_b,F,P,les pochettes avec la gemme que j' aime beaucoup ne sont probablement pas ouvertes <eos>,13,ouvertes,ouverts,11,F,S,ouvertes,-7.071988,ouverts,-10.035726,1
3910,P_NOUN_8_PASS_b,F,P,les pochettes avec la gemme que j' aime beaucoup ne sont probablement pas perdues <eos>,13,perdues,perdus,11,F,S,perdues,-7.536749,perdus,-9.574076,1
3911,P_NOUN_8_PASS_b,F,P,les pochettes avec la gemme que j' aime beaucoup ne sont probablement pas réparées <eos>,13,réparées,réparés,11,F,S,réparées,-9.516219,réparés,-13.334264,1
3912,P_NOUN_8_PASS_b,F,P,les pochettes avec la gemme que j' aime beaucoup ne sont probablement pas retirées <eos>,13,retirées,retirés,11,F,S,retirées,-8.42823,retirés,-11.642305,1
3913,P_NOUN_8_PASS_b,F,P,les pochettes avec la gemme que j' aime beaucoup ne sont probablement pas tombées <eos>,13,tombées,tombés,11,F,S,tombées,-8.148379,tombés,-9.772119,1
3914,P_NOUN_8_PASS_b,F,P,les pochettes avec la gemme que j' aime beaucoup ne sont probablement pas utilisées <eos>,13,utilisées,utilisés,11,F,S,utilisées,-6.0378656,utilisés,-8.171172,1
3915,P_NOUN_8_PASS_b,F,P,les pochettes avec la chaise que j' aime beaucoup ne sont probablement pas achetées <eos>,13,achetées,achetés,11,F,S,achetées,-10.163576,achetés,-11.2308035,1
3916,P_NOUN_8_PASS_b,F,P,les pochettes avec la chaise que j' aime beaucoup ne sont probablement pas brisées <eos>,13,brisées,brisés,11,F,S,brisées,-9.620698,brisés,-13.276363,1
3917,P_NOUN_8_PASS_b,F,P,les pochettes avec la chaise que j' aime beaucoup ne sont probablement pas cachées <eos>,13,cachées,cachés,11,F,S,cachées,-8.382944,cachés,-11.13958,1
3918,P_NOUN_8_PASS_b,F,P,les pochettes avec la chaise que j' aime beaucoup ne sont probablement pas cassées <eos>,13,cassées,cassés,11,F,S,cassées,-9.219709,cassés,-12.0321455,1
3919,P_NOUN_8_PASS_b,F,P,les pochettes avec la chaise que j' aime beaucoup ne sont probablement pas couvertes <eos>,13,couvertes,couverts,11,F,S,couvertes,-8.400824,couverts,-10.439245,1
3920,P_NOUN_8_PASS_b,F,P,les pochettes avec la chaise que j' aime beaucoup ne sont probablement pas déformées <eos>,13,déformées,déformés,11,F,S,déformées,-8.066803,déformés,-13.44139,1
3921,P_NOUN_8_PASS_b,F,P,les pochettes avec la chaise que j' aime beaucoup ne sont probablement pas fixées <eos>,13,fixées,fixés,11,F,S,fixées,-8.746922,fixés,-10.824899,1
3922,P_NOUN_8_PASS_b,F,P,les pochettes avec la chaise que j' aime beaucoup ne sont probablement pas jetées <eos>,13,jetées,jetés,11,F,S,jetées,-10.254887,jetés,-11.600836,1
3923,P_NOUN_8_PASS_b,F,P,les pochettes avec la chaise que j' aime beaucoup ne sont probablement pas laissées <eos>,13,laissées,laissés,11,F,S,laissées,-7.9933004,laissés,-11.572983,1
3924,P_NOUN_8_PASS_b,F,P,les pochettes avec la chaise que j' aime beaucoup ne sont probablement pas ouvertes <eos>,13,ouvertes,ouverts,11,F,S,ouvertes,-7.3108215,ouverts,-10.120232,1
3925,P_NOUN_8_PASS_b,F,P,les pochettes avec la chaise que j' aime beaucoup ne sont probablement pas perdues <eos>,13,perdues,perdus,11,F,S,perdues,-7.8100414,perdus,-9.8812685,1
3926,P_NOUN_8_PASS_b,F,P,les pochettes avec la chaise que j' aime beaucoup ne sont probablement pas réparées <eos>,13,réparées,réparés,11,F,S,réparées,-9.833126,réparés,-14.155315,1
3927,P_NOUN_8_PASS_b,F,P,les pochettes avec la chaise que j' aime beaucoup ne sont probablement pas retirées <eos>,13,retirées,retirés,11,F,S,retirées,-8.196966,retirés,-11.572769,1
3928,P_NOUN_8_PASS_b,F,P,les pochettes avec la chaise que j' aime beaucoup ne sont probablement pas tombées <eos>,13,tombées,tombés,11,F,S,tombées,-8.573647,tombés,-10.154303,1
3929,P_NOUN_8_PASS_b,F,P,les pochettes avec la chaise que j' aime beaucoup ne sont probablement pas utilisées <eos>,13,utilisées,utilisés,11,F,S,utilisées,-5.8292675,utilisés,-7.8636894,1
3930,P_NOUN_8_PASS_b,F,P,les pochettes avec la poubelle que j' aime beaucoup ne sont probablement pas achetées <eos>,13,achetées,achetés,11,F,S,achetées,-10.01036,achetés,-11.057459,1
3931,P_NOUN_8_PASS_b,F,P,les pochettes avec la poubelle que j' aime beaucoup ne sont probablement pas brisées <eos>,13,brisées,brisés,11,F,S,brisées,-9.492496,brisés,-13.229476,1
3932,P_NOUN_8_PASS_b,F,P,les pochettes avec la poubelle que j' aime beaucoup ne sont probablement pas cachées <eos>,13,cachées,cachés,11,F,S,cachées,-8.012616,cachés,-10.624511,1
3933,P_NOUN_8_PASS_b,F,P,les pochettes avec la poubelle que j' aime beaucoup ne sont probablement pas cassées <eos>,13,cassées,cassés,11,F,S,cassées,-9.288119,cassés,-11.834561,1
3934,P_NOUN_8_PASS_b,F,P,les pochettes avec la poubelle que j' aime beaucoup ne sont probablement pas couvertes <eos>,13,couvertes,couverts,11,F,S,couvertes,-8.188599,couverts,-10.263088,1
3935,P_NOUN_8_PASS_b,F,P,les pochettes avec la poubelle que j' aime beaucoup ne sont probablement pas déformées <eos>,13,déformées,déformés,11,F,S,déformées,-8.068203,déformés,-13.371233,1
3936,P_NOUN_8_PASS_b,F,P,les pochettes avec la poubelle que j' aime beaucoup ne sont probablement pas fixées <eos>,13,fixées,fixés,11,F,S,fixées,-8.730075,fixés,-11.026534,1
3937,P_NOUN_8_PASS_b,F,P,les pochettes avec la poubelle que j' aime beaucoup ne sont probablement pas jetées <eos>,13,jetées,jetés,11,F,S,jetées,-10.002499,jetés,-11.379915,1
3938,P_NOUN_8_PASS_b,F,P,les pochettes avec la poubelle que j' aime beaucoup ne sont probablement pas laissées <eos>,13,laissées,laissés,11,F,S,laissées,-7.8903675,laissés,-11.422242,1
3939,P_NOUN_8_PASS_b,F,P,les pochettes avec la poubelle que j' aime beaucoup ne sont probablement pas ouvertes <eos>,13,ouvertes,ouverts,11,F,S,ouvertes,-7.1810017,ouverts,-10.034441,1
3940,P_NOUN_8_PASS_b,F,P,les pochettes avec la poubelle que j' aime beaucoup ne sont probablement pas perdues <eos>,13,perdues,perdus,11,F,S,perdues,-7.38773,perdus,-9.529674,1
3941,P_NOUN_8_PASS_b,F,P,les pochettes avec la poubelle que j' aime beaucoup ne sont probablement pas réparées <eos>,13,réparées,réparés,11,F,S,réparées,-9.497459,réparés,-13.852223,1
3942,P_NOUN_8_PASS_b,F,P,les pochettes avec la poubelle que j' aime beaucoup ne sont probablement pas retirées <eos>,13,retirées,retirés,11,F,S,retirées,-8.1083355,retirés,-11.478104,1
3943,P_NOUN_8_PASS_b,F,P,les pochettes avec la poubelle que j' aime beaucoup ne sont probablement pas tombées <eos>,13,tombées,tombés,11,F,S,tombées,-8.159275,tombés,-9.859482,1
3944,P_NOUN_8_PASS_b,F,P,les pochettes avec la poubelle que j' aime beaucoup ne sont probablement pas utilisées <eos>,13,utilisées,utilisés,11,F,S,utilisées,-5.7973185,utilisés,-7.9857893,1
3945,P_NOUN_8_PASS_b,F,P,les pochettes avec la chemise que j' aime beaucoup ne sont probablement pas achetées <eos>,13,achetées,achetés,11,F,S,achetées,-10.152109,achetés,-11.629947,1
3946,P_NOUN_8_PASS_b,F,P,les pochettes avec la chemise que j' aime beaucoup ne sont probablement pas brisées <eos>,13,brisées,brisés,11,F,S,brisées,-9.67971,brisés,-13.265947,1
3947,P_NOUN_8_PASS_b,F,P,les pochettes avec la chemise que j' aime beaucoup ne sont probablement pas cachées <eos>,13,cachées,cachés,11,F,S,cachées,-8.055984,cachés,-10.887517,1
3948,P_NOUN_8_PASS_b,F,P,les pochettes avec la chemise que j' aime beaucoup ne sont probablement pas cassées <eos>,13,cassées,cassés,11,F,S,cassées,-9.245415,cassés,-12.123199,1
3949,P_NOUN_8_PASS_b,F,P,les pochettes avec la chemise que j' aime beaucoup ne sont probablement pas couvertes <eos>,13,couvertes,couverts,11,F,S,couvertes,-8.090653,couverts,-10.418679,1
3950,P_NOUN_8_PASS_b,F,P,les pochettes avec la chemise que j' aime beaucoup ne sont probablement pas déformées <eos>,13,déformées,déformés,11,F,S,déformées,-8.354068,déformés,-13.521059,1
3951,P_NOUN_8_PASS_b,F,P,les pochettes avec la chemise que j' aime beaucoup ne sont probablement pas fixées <eos>,13,fixées,fixés,11,F,S,fixées,-8.8533535,fixés,-11.109257,1
3952,P_NOUN_8_PASS_b,F,P,les pochettes avec la chemise que j' aime beaucoup ne sont probablement pas jetées <eos>,13,jetées,jetés,11,F,S,jetées,-10.148663,jetés,-11.508402,1
3953,P_NOUN_8_PASS_b,F,P,les pochettes avec la chemise que j' aime beaucoup ne sont probablement pas laissées <eos>,13,laissées,laissés,11,F,S,laissées,-8.083376,laissés,-11.49672,1
3954,P_NOUN_8_PASS_b,F,P,les pochettes avec la chemise que j' aime beaucoup ne sont probablement pas ouvertes <eos>,13,ouvertes,ouverts,11,F,S,ouvertes,-7.1056976,ouverts,-10.097622,1
3955,P_NOUN_8_PASS_b,F,P,les pochettes avec la chemise que j' aime beaucoup ne sont probablement pas perdues <eos>,13,perdues,perdus,11,F,S,perdues,-7.855032,perdus,-9.900638,1
3956,P_NOUN_8_PASS_b,F,P,les pochettes avec la chemise que j' aime beaucoup ne sont probablement pas réparées <eos>,13,réparées,réparés,11,F,S,réparées,-9.916827,réparés,-13.848389,1
3957,P_NOUN_8_PASS_b,F,P,les pochettes avec la chemise que j' aime beaucoup ne sont probablement pas retirées <eos>,13,retirées,retirés,11,F,S,retirées,-8.291976,retirés,-11.4305935,1
3958,P_NOUN_8_PASS_b,F,P,les pochettes avec la chemise que j' aime beaucoup ne sont probablement pas tombées <eos>,13,tombées,tombés,11,F,S,tombées,-8.44578,tombés,-9.405039,1
3959,P_NOUN_8_PASS_b,F,P,les pochettes avec la chemise que j' aime beaucoup ne sont probablement pas utilisées <eos>,13,utilisées,utilisés,11,F,S,utilisées,-5.7006807,utilisés,-7.8032675,1
3960,P_NOUN_8_PASS_b,F,P,les pochettes avec la recette que j' aime beaucoup ne sont probablement pas achetées <eos>,13,achetées,achetés,11,F,S,achetées,-10.016309,achetés,-11.086982,1
3961,P_NOUN_8_PASS_b,F,P,les pochettes avec la recette que j' aime beaucoup ne sont probablement pas brisées <eos>,13,brisées,brisés,11,F,S,brisées,-10.4770565,brisés,-14.178053,1
3962,P_NOUN_8_PASS_b,F,P,les pochettes avec la recette que j' aime beaucoup ne sont probablement pas cachées <eos>,13,cachées,cachés,11,F,S,cachées,-9.025856,cachés,-11.441497,1
3963,P_NOUN_8_PASS_b,F,P,les pochettes avec la recette que j' aime beaucoup ne sont probablement pas cassées <eos>,13,cassées,cassés,11,F,S,cassées,-10.384069,cassés,-12.209541,1
3964,P_NOUN_8_PASS_b,F,P,les pochettes avec la recette que j' aime beaucoup ne sont probablement pas couvertes <eos>,13,couvertes,couverts,11,F,S,couvertes,-8.374164,couverts,-10.324752,1
3965,P_NOUN_8_PASS_b,F,P,les pochettes avec la recette que j' aime beaucoup ne sont probablement pas déformées <eos>,13,déformées,déformés,11,F,S,déformées,-8.831059,déformés,-14.0360155,1
3966,P_NOUN_8_PASS_b,F,P,les pochettes avec la recette que j' aime beaucoup ne sont probablement pas fixées <eos>,13,fixées,fixés,11,F,S,fixées,-9.444028,fixés,-11.444473,1
3967,P_NOUN_8_PASS_b,F,P,les pochettes avec la recette que j' aime beaucoup ne sont probablement pas jetées <eos>,13,jetées,jetés,11,F,S,jetées,-11.107224,jetés,-12.582553,1
3968,P_NOUN_8_PASS_b,F,P,les pochettes avec la recette que j' aime beaucoup ne sont probablement pas laissées <eos>,13,laissées,laissés,11,F,S,laissées,-8.004709,laissés,-11.735258,1
3969,P_NOUN_8_PASS_b,F,P,les pochettes avec la recette que j' aime beaucoup ne sont probablement pas ouvertes <eos>,13,ouvertes,ouverts,11,F,S,ouvertes,-7.0198264,ouverts,-9.886669,1
3970,P_NOUN_8_PASS_b,F,P,les pochettes avec la recette que j' aime beaucoup ne sont probablement pas perdues <eos>,13,perdues,perdus,11,F,S,perdues,-7.8290744,perdus,-10.105608,1
3971,P_NOUN_8_PASS_b,F,P,les pochettes avec la recette que j' aime beaucoup ne sont probablement pas réparées <eos>,13,réparées,réparés,11,F,S,réparées,-9.837991,réparés,-13.829256,1
3972,P_NOUN_8_PASS_b,F,P,les pochettes avec la recette que j' aime beaucoup ne sont probablement pas retirées <eos>,13,retirées,retirés,11,F,S,retirées,-8.778943,retirés,-11.810296,1
3973,P_NOUN_8_PASS_b,F,P,les pochettes avec la recette que j' aime beaucoup ne sont probablement pas tombées <eos>,13,tombées,tombés,11,F,S,tombées,-8.698531,tombés,-10.244461,1
3974,P_NOUN_8_PASS_b,F,P,les pochettes avec la recette que j' aime beaucoup ne sont probablement pas utilisées <eos>,13,utilisées,utilisés,11,F,S,utilisées,-5.9320908,utilisés,-8.181316,1
3975,P_NOUN_8_PASS_b,F,P,les pochettes avec la jupe que j' aime beaucoup ne sont probablement pas achetées <eos>,13,achetées,achetés,11,F,S,achetées,-9.991974,achetés,-11.456752,1
3976,P_NOUN_8_PASS_b,F,P,les pochettes avec la jupe que j' aime beaucoup ne sont probablement pas brisées <eos>,13,brisées,brisés,11,F,S,brisées,-9.825422,brisés,-13.374753,1
3977,P_NOUN_8_PASS_b,F,P,les pochettes avec la jupe que j' aime beaucoup ne sont probablement pas cachées <eos>,13,cachées,cachés,11,F,S,cachées,-8.474075,cachés,-11.208865,1
3978,P_NOUN_8_PASS_b,F,P,les pochettes avec la jupe que j' aime beaucoup ne sont probablement pas cassées <eos>,13,cassées,cassés,11,F,S,cassées,-9.136879,cassés,-11.856416,1
3979,P_NOUN_8_PASS_b,F,P,les pochettes avec la jupe que j' aime beaucoup ne sont probablement pas couvertes <eos>,13,couvertes,couverts,11,F,S,couvertes,-8.050626,couverts,-10.283735,1
3980,P_NOUN_8_PASS_b,F,P,les pochettes avec la jupe que j' aime beaucoup ne sont probablement pas déformées <eos>,13,déformées,déformés,11,F,S,déformées,-7.883333,déformés,-13.34252,1
3981,P_NOUN_8_PASS_b,F,P,les pochettes avec la jupe que j' aime beaucoup ne sont probablement pas fixées <eos>,13,fixées,fixés,11,F,S,fixées,-8.558296,fixés,-10.887676,1
3982,P_NOUN_8_PASS_b,F,P,les pochettes avec la jupe que j' aime beaucoup ne sont probablement pas jetées <eos>,13,jetées,jetés,11,F,S,jetées,-10.298643,jetés,-11.725991,1
3983,P_NOUN_8_PASS_b,F,P,les pochettes avec la jupe que j' aime beaucoup ne sont probablement pas laissées <eos>,13,laissées,laissés,11,F,S,laissées,-8.038965,laissés,-11.860434,1
3984,P_NOUN_8_PASS_b,F,P,les pochettes avec la jupe que j' aime beaucoup ne sont probablement pas ouvertes <eos>,13,ouvertes,ouverts,11,F,S,ouvertes,-7.1385336,ouverts,-10.053592,1
3985,P_NOUN_8_PASS_b,F,P,les pochettes avec la jupe que j' aime beaucoup ne sont probablement pas perdues <eos>,13,perdues,perdus,11,F,S,perdues,-7.922923,perdus,-10.253449,1
3986,P_NOUN_8_PASS_b,F,P,les pochettes avec la jupe que j' aime beaucoup ne sont probablement pas réparées <eos>,13,réparées,réparés,11,F,S,réparées,-9.639484,réparés,-14.169997,1
3987,P_NOUN_8_PASS_b,F,P,les pochettes avec la jupe que j' aime beaucoup ne sont probablement pas retirées <eos>,13,retirées,retirés,11,F,S,retirées,-8.257778,retirés,-11.666145,1
3988,P_NOUN_8_PASS_b,F,P,les pochettes avec la jupe que j' aime beaucoup ne sont probablement pas tombées <eos>,13,tombées,tombés,11,F,S,tombées,-8.444105,tombés,-10.158981,1
3989,P_NOUN_8_PASS_b,F,P,les pochettes avec la jupe que j' aime beaucoup ne sont probablement pas utilisées <eos>,13,utilisées,utilisés,11,F,S,utilisées,-5.648252,utilisés,-7.984157,1
3990,P_NOUN_8_PASS_b,F,P,les pochettes avec la colle que j' aime beaucoup ne sont probablement pas achetées <eos>,13,achetées,achetés,11,F,S,achetées,-9.778615,achetés,-10.922306,1
3991,P_NOUN_8_PASS_b,F,P,les pochettes avec la colle que j' aime beaucoup ne sont probablement pas brisées <eos>,13,brisées,brisés,11,F,S,brisées,-9.581255,brisés,-13.19066,1
3992,P_NOUN_8_PASS_b,F,P,les pochettes avec la colle que j' aime beaucoup ne sont probablement pas cachées <eos>,13,cachées,cachés,11,F,S,cachées,-8.58321,cachés,-10.935608,1
3993,P_NOUN_8_PASS_b,F,P,les pochettes avec la colle que j' aime beaucoup ne sont probablement pas cassées <eos>,13,cassées,cassés,11,F,S,cassées,-9.035393,cassés,-11.4223585,1
3994,P_NOUN_8_PASS_b,F,P,les pochettes avec la colle que j' aime beaucoup ne sont probablement pas couvertes <eos>,13,couvertes,couverts,11,F,S,couvertes,-8.022013,couverts,-10.118612,1
3995,P_NOUN_8_PASS_b,F,P,les pochettes avec la colle que j' aime beaucoup ne sont probablement pas déformées <eos>,13,déformées,déformés,11,F,S,déformées,-8.007686,déformés,-13.463535,1
3996,P_NOUN_8_PASS_b,F,P,les pochettes avec la colle que j' aime beaucoup ne sont probablement pas fixées <eos>,13,fixées,fixés,11,F,S,fixées,-8.837612,fixés,-11.083994,1
3997,P_NOUN_8_PASS_b,F,P,les pochettes avec la colle que j' aime beaucoup ne sont probablement pas jetées <eos>,13,jetées,jetés,11,F,S,jetées,-10.246601,jetés,-11.3748665,1
3998,P_NOUN_8_PASS_b,F,P,les pochettes avec la colle que j' aime beaucoup ne sont probablement pas laissées <eos>,13,laissées,laissés,11,F,S,laissées,-7.5530715,laissés,-11.4852295,1
3999,P_NOUN_8_PASS_b,F,P,les pochettes avec la colle que j' aime beaucoup ne sont probablement pas ouvertes <eos>,13,ouvertes,ouverts,11,F,S,ouvertes,-7.305627,ouverts,-10.12935,1
4000,P_NOUN_8_PASS_b,F,P,les pochettes avec la colle que j' aime beaucoup ne sont probablement pas perdues <eos>,13,perdues,perdus,11,F,S,perdues,-7.575081,perdus,-9.701595,1
4001,P_NOUN_8_PASS_b,F,P,les pochettes avec la colle que j' aime beaucoup ne sont probablement pas réparées <eos>,13,réparées,réparés,11,F,S,réparées,-9.520277,réparés,-13.842794,1
4002,P_NOUN_8_PASS_b,F,P,les pochettes avec la colle que j' aime beaucoup ne sont probablement pas retirées <eos>,13,retirées,retirés,11,F,S,retirées,-8.187487,retirés,-11.234411,1
4003,P_NOUN_8_PASS_b,F,P,les pochettes avec la colle que j' aime beaucoup ne sont probablement pas tombées <eos>,13,tombées,tombés,11,F,S,tombées,-8.317713,tombés,-10.047591,1
4004,P_NOUN_8_PASS_b,F,P,les pochettes avec la colle que j' aime beaucoup ne sont probablement pas utilisées <eos>,13,utilisées,utilisés,11,F,S,utilisées,-5.5748525,utilisés,-7.8666015,1
4005,P_NOUN_8_PASS_b,F,P,les pochettes avec la lampe que j' aime beaucoup ne sont probablement pas achetées <eos>,13,achetées,achetés,11,F,S,achetées,-9.682718,achetés,-11.265927,1
4006,P_NOUN_8_PASS_b,F,P,les pochettes avec la lampe que j' aime beaucoup ne sont probablement pas brisées <eos>,13,brisées,brisés,11,F,S,brisées,-9.159915,brisés,-13.050705,1
4007,P_NOUN_8_PASS_b,F,P,les pochettes avec la lampe que j' aime beaucoup ne sont probablement pas cachées <eos>,13,cachées,cachés,11,F,S,cachées,-8.100741,cachés,-10.650276,1
4008,P_NOUN_8_PASS_b,F,P,les pochettes avec la lampe que j' aime beaucoup ne sont probablement pas cassées <eos>,13,cassées,cassés,11,F,S,cassées,-9.023376,cassés,-11.667028,1
4009,P_NOUN_8_PASS_b,F,P,les pochettes avec la lampe que j' aime beaucoup ne sont probablement pas couvertes <eos>,13,couvertes,couverts,11,F,S,couvertes,-8.278976,couverts,-10.729847,1
4010,P_NOUN_8_PASS_b,F,P,les pochettes avec la lampe que j' aime beaucoup ne sont probablement pas déformées <eos>,13,déformées,déformés,11,F,S,déformées,-7.47604,déformés,-12.929406,1
4011,P_NOUN_8_PASS_b,F,P,les pochettes avec la lampe que j' aime beaucoup ne sont probablement pas fixées <eos>,13,fixées,fixés,11,F,S,fixées,-8.498983,fixés,-11.001539,1
4012,P_NOUN_8_PASS_b,F,P,les pochettes avec la lampe que j' aime beaucoup ne sont probablement pas jetées <eos>,13,jetées,jetés,11,F,S,jetées,-9.498191,jetés,-11.109396,1
4013,P_NOUN_8_PASS_b,F,P,les pochettes avec la lampe que j' aime beaucoup ne sont probablement pas laissées <eos>,13,laissées,laissés,11,F,S,laissées,-8.001064,laissés,-11.702649,1
4014,P_NOUN_8_PASS_b,F,P,les pochettes avec la lampe que j' aime beaucoup ne sont probablement pas ouvertes <eos>,13,ouvertes,ouverts,11,F,S,ouvertes,-7.123493,ouverts,-10.263415,1
4015,P_NOUN_8_PASS_b,F,P,les pochettes avec la lampe que j' aime beaucoup ne sont probablement pas perdues <eos>,13,perdues,perdus,11,F,S,perdues,-7.193492,perdus,-9.52416,1
4016,P_NOUN_8_PASS_b,F,P,les pochettes avec la lampe que j' aime beaucoup ne sont probablement pas réparées <eos>,13,réparées,réparés,11,F,S,réparées,-9.276209,réparés,-13.746215,1
4017,P_NOUN_8_PASS_b,F,P,les pochettes avec la lampe que j' aime beaucoup ne sont probablement pas retirées <eos>,13,retirées,retirés,11,F,S,retirées,-7.80582,retirés,-11.320196,1
4018,P_NOUN_8_PASS_b,F,P,les pochettes avec la lampe que j' aime beaucoup ne sont probablement pas tombées <eos>,13,tombées,tombés,11,F,S,tombées,-7.945299,tombés,-10.0895,1
4019,P_NOUN_8_PASS_b,F,P,les pochettes avec la lampe que j' aime beaucoup ne sont probablement pas utilisées <eos>,13,utilisées,utilisés,11,F,S,utilisées,-5.319538,utilisés,-7.804596,1
4020,P_NOUN_8_PASS_b,F,P,les pochettes avec la bouteille que j' aime beaucoup ne sont probablement pas achetées <eos>,13,achetées,achetés,11,F,S,achetées,-9.3840475,achetés,-10.898048,1
4021,P_NOUN_8_PASS_b,F,P,les pochettes avec la bouteille que j' aime beaucoup ne sont probablement pas brisées <eos>,13,brisées,brisés,11,F,S,brisées,-9.649875,brisés,-13.438557,1
4022,P_NOUN_8_PASS_b,F,P,les pochettes avec la bouteille que j' aime beaucoup ne sont probablement pas cachées <eos>,13,cachées,cachés,11,F,S,cachées,-8.590019,cachés,-11.086725,1
4023,P_NOUN_8_PASS_b,F,P,les pochettes avec la bouteille que j' aime beaucoup ne sont probablement pas cassées <eos>,13,cassées,cassés,11,F,S,cassées,-9.489479,cassés,-11.675754,1
4024,P_NOUN_8_PASS_b,F,P,les pochettes avec la bouteille que j' aime beaucoup ne sont probablement pas couvertes <eos>,13,couvertes,couverts,11,F,S,couvertes,-7.9662375,couverts,-10.063025,1
4025,P_NOUN_8_PASS_b,F,P,les pochettes avec la bouteille que j' aime beaucoup ne sont probablement pas déformées <eos>,13,déformées,déformés,11,F,S,déformées,-8.16805,déformés,-13.566323,1
4026,P_NOUN_8_PASS_b,F,P,les pochettes avec la bouteille que j' aime beaucoup ne sont probablement pas fixées <eos>,13,fixées,fixés,11,F,S,fixées,-9.224702,fixés,-11.029516,1
4027,P_NOUN_8_PASS_b,F,P,les pochettes avec la bouteille que j' aime beaucoup ne sont probablement pas jetées <eos>,13,jetées,jetés,11,F,S,jetées,-10.612644,jetés,-11.7071495,1
4028,P_NOUN_8_PASS_b,F,P,les pochettes avec la bouteille que j' aime beaucoup ne sont probablement pas laissées <eos>,13,laissées,laissés,11,F,S,laissées,-7.3091664,laissés,-11.615488,1
4029,P_NOUN_8_PASS_b,F,P,les pochettes avec la bouteille que j' aime beaucoup ne sont probablement pas ouvertes <eos>,13,ouvertes,ouverts,11,F,S,ouvertes,-6.919514,ouverts,-9.763308,1
4030,P_NOUN_8_PASS_b,F,P,les pochettes avec la bouteille que j' aime beaucoup ne sont probablement pas perdues <eos>,13,perdues,perdus,11,F,S,perdues,-7.594494,perdus,-9.74912,1
4031,P_NOUN_8_PASS_b,F,P,les pochettes avec la bouteille que j' aime beaucoup ne sont probablement pas réparées <eos>,13,réparées,réparés,11,F,S,réparées,-9.140457,réparés,-13.550329,1
4032,P_NOUN_8_PASS_b,F,P,les pochettes avec la bouteille que j' aime beaucoup ne sont probablement pas retirées <eos>,13,retirées,retirés,11,F,S,retirées,-8.349979,retirés,-11.71047,1
4033,P_NOUN_8_PASS_b,F,P,les pochettes avec la bouteille que j' aime beaucoup ne sont probablement pas tombées <eos>,13,tombées,tombés,11,F,S,tombées,-8.560064,tombés,-10.548447,1
4034,P_NOUN_8_PASS_b,F,P,les pochettes avec la bouteille que j' aime beaucoup ne sont probablement pas utilisées <eos>,13,utilisées,utilisés,11,F,S,utilisées,-5.8815575,utilisés,-8.3053465,1
4035,P_NOUN_8_PASS_b,F,P,les pochettes avec la boisson que j' aime beaucoup ne sont probablement pas achetées <eos>,13,achetées,achetés,11,F,S,achetées,-9.836364,achetés,-10.58608,1
4036,P_NOUN_8_PASS_b,F,P,les pochettes avec la boisson que j' aime beaucoup ne sont probablement pas brisées <eos>,13,brisées,brisés,11,F,S,brisées,-10.047456,brisés,-13.970522,1
4037,P_NOUN_8_PASS_b,F,P,les pochettes avec la boisson que j' aime beaucoup ne sont probablement pas cachées <eos>,13,cachées,cachés,11,F,S,cachées,-8.888319,cachés,-11.30828,1
4038,P_NOUN_8_PASS_b,F,P,les pochettes avec la boisson que j' aime beaucoup ne sont probablement pas cassées <eos>,13,cassées,cassés,11,F,S,cassées,-9.745259,cassés,-11.782517,1
4039,P_NOUN_8_PASS_b,F,P,les pochettes avec la boisson que j' aime beaucoup ne sont probablement pas couvertes <eos>,13,couvertes,couverts,11,F,S,couvertes,-8.243315,couverts,-9.867775,1
4040,P_NOUN_8_PASS_b,F,P,les pochettes avec la boisson que j' aime beaucoup ne sont probablement pas déformées <eos>,13,déformées,déformés,11,F,S,déformées,-8.949326,déformés,-14.003987,1
4041,P_NOUN_8_PASS_b,F,P,les pochettes avec la boisson que j' aime beaucoup ne sont probablement pas fixées <eos>,13,fixées,fixés,11,F,S,fixées,-9.401544,fixés,-11.291715,1
4042,P_NOUN_8_PASS_b,F,P,les pochettes avec la boisson que j' aime beaucoup ne sont probablement pas jetées <eos>,13,jetées,jetés,11,F,S,jetées,-10.845638,jetés,-12.116089,1
4043,P_NOUN_8_PASS_b,F,P,les pochettes avec la boisson que j' aime beaucoup ne sont probablement pas laissées <eos>,13,laissées,laissés,11,F,S,laissées,-7.554003,laissés,-11.478803,1
4044,P_NOUN_8_PASS_b,F,P,les pochettes avec la boisson que j' aime beaucoup ne sont probablement pas ouvertes <eos>,13,ouvertes,ouverts,11,F,S,ouvertes,-7.3604994,ouverts,-10.015974,1
4045,P_NOUN_8_PASS_b,F,P,les pochettes avec la boisson que j' aime beaucoup ne sont probablement pas perdues <eos>,13,perdues,perdus,11,F,S,perdues,-8.096851,perdus,-10.009993,1
4046,P_NOUN_8_PASS_b,F,P,les pochettes avec la boisson que j' aime beaucoup ne sont probablement pas réparées <eos>,13,réparées,réparés,11,F,S,réparées,-9.941685,réparés,-13.765432,1
4047,P_NOUN_8_PASS_b,F,P,les pochettes avec la boisson que j' aime beaucoup ne sont probablement pas retirées <eos>,13,retirées,retirés,11,F,S,retirées,-8.618506,retirés,-11.592795,1
4048,P_NOUN_8_PASS_b,F,P,les pochettes avec la boisson que j' aime beaucoup ne sont probablement pas tombées <eos>,13,tombées,tombés,11,F,S,tombées,-8.580868,tombés,-10.013828,1
4049,P_NOUN_8_PASS_b,F,P,les pochettes avec la boisson que j' aime beaucoup ne sont probablement pas utilisées <eos>,13,utilisées,utilisés,11,F,S,utilisées,-6.0667105,utilisés,-8.155609,1
4050,P_NOUN_8_PASS_b,F,P,les pochettes avec la pomme que j' aime beaucoup ne sont probablement pas achetées <eos>,13,achetées,achetés,11,F,S,achetées,-9.312289,achetés,-10.472616,1
4051,P_NOUN_8_PASS_b,F,P,les pochettes avec la pomme que j' aime beaucoup ne sont probablement pas brisées <eos>,13,brisées,brisés,11,F,S,brisées,-9.899186,brisés,-13.73456,1
4052,P_NOUN_8_PASS_b,F,P,les pochettes avec la pomme que j' aime beaucoup ne sont probablement pas cachées <eos>,13,cachées,cachés,11,F,S,cachées,-8.528654,cachés,-11.131683,1
4053,P_NOUN_8_PASS_b,F,P,les pochettes avec la pomme que j' aime beaucoup ne sont probablement pas cassées <eos>,13,cassées,cassés,11,F,S,cassées,-9.592896,cassés,-11.642309,1
4054,P_NOUN_8_PASS_b,F,P,les pochettes avec la pomme que j' aime beaucoup ne sont probablement pas couvertes <eos>,13,couvertes,couverts,11,F,S,couvertes,-8.044296,couverts,-9.983107,1
4055,P_NOUN_8_PASS_b,F,P,les pochettes avec la pomme que j' aime beaucoup ne sont probablement pas déformées <eos>,13,déformées,déformés,11,F,S,déformées,-8.600162,déformés,-13.998118,1
4056,P_NOUN_8_PASS_b,F,P,les pochettes avec la pomme que j' aime beaucoup ne sont probablement pas fixées <eos>,13,fixées,fixés,11,F,S,fixées,-9.468864,fixés,-11.242787,1
4057,P_NOUN_8_PASS_b,F,P,les pochettes avec la pomme que j' aime beaucoup ne sont probablement pas jetées <eos>,13,jetées,jetés,11,F,S,jetées,-10.852909,jetés,-12.06056,1
4058,P_NOUN_8_PASS_b,F,P,les pochettes avec la pomme que j' aime beaucoup ne sont probablement pas laissées <eos>,13,laissées,laissés,11,F,S,laissées,-7.657091,laissés,-11.451504,1
4059,P_NOUN_8_PASS_b,F,P,les pochettes avec la pomme que j' aime beaucoup ne sont probablement pas ouvertes <eos>,13,ouvertes,ouverts,11,F,S,ouvertes,-7.072567,ouverts,-9.945434,1
4060,P_NOUN_8_PASS_b,F,P,les pochettes avec la pomme que j' aime beaucoup ne sont probablement pas perdues <eos>,13,perdues,perdus,11,F,S,perdues,-7.6931295,perdus,-9.945122,1
4061,P_NOUN_8_PASS_b,F,P,les pochettes avec la pomme que j' aime beaucoup ne sont probablement pas réparées <eos>,13,réparées,réparés,11,F,S,réparées,-9.7412195,réparés,-13.946032,1
4062,P_NOUN_8_PASS_b,F,P,les pochettes avec la pomme que j' aime beaucoup ne sont probablement pas retirées <eos>,13,retirées,retirés,11,F,S,retirées,-8.459123,retirés,-11.619579,1
4063,P_NOUN_8_PASS_b,F,P,les pochettes avec la pomme que j' aime beaucoup ne sont probablement pas tombées <eos>,13,tombées,tombés,11,F,S,tombées,-8.483168,tombés,-10.214851,1
4064,P_NOUN_8_PASS_b,F,P,les pochettes avec la pomme que j' aime beaucoup ne sont probablement pas utilisées <eos>,13,utilisées,utilisés,11,F,S,utilisées,-5.833329,utilisés,-8.106786,1
4065,P_NOUN_8_PASS_b,F,P,les pochettes avec la tasse que j' aime beaucoup ne sont probablement pas achetées <eos>,13,achetées,achetés,11,F,S,achetées,-9.41966,achetés,-10.708729,1
4066,P_NOUN_8_PASS_b,F,P,les pochettes avec la tasse que j' aime beaucoup ne sont probablement pas brisées <eos>,13,brisées,brisés,11,F,S,brisées,-9.560268,brisés,-13.389538,1
4067,P_NOUN_8_PASS_b,F,P,les pochettes avec la tasse que j' aime beaucoup ne sont probablement pas cachées <eos>,13,cachées,cachés,11,F,S,cachées,-8.650143,cachés,-11.591223,1
4068,P_NOUN_8_PASS_b,F,P,les pochettes avec la tasse que j' aime beaucoup ne sont probablement pas cassées <eos>,13,cassées,cassés,11,F,S,cassées,-9.291107,cassés,-11.598536,1
4069,P_NOUN_8_PASS_b,F,P,les pochettes avec la tasse que j' aime beaucoup ne sont probablement pas couvertes <eos>,13,couvertes,couverts,11,F,S,couvertes,-7.5983753,couverts,-9.642841,1
4070,P_NOUN_8_PASS_b,F,P,les pochettes avec la tasse que j' aime beaucoup ne sont probablement pas déformées <eos>,13,déformées,déformés,11,F,S,déformées,-8.494759,déformés,-13.728272,1
4071,P_NOUN_8_PASS_b,F,P,les pochettes avec la tasse que j' aime beaucoup ne sont probablement pas fixées <eos>,13,fixées,fixés,11,F,S,fixées,-9.091617,fixés,-11.160456,1
4072,P_NOUN_8_PASS_b,F,P,les pochettes avec la tasse que j' aime beaucoup ne sont probablement pas jetées <eos>,13,jetées,jetés,11,F,S,jetées,-10.496836,jetés,-11.903322,1
4073,P_NOUN_8_PASS_b,F,P,les pochettes avec la tasse que j' aime beaucoup ne sont probablement pas laissées <eos>,13,laissées,laissés,11,F,S,laissées,-7.287677,laissés,-11.47274,1
4074,P_NOUN_8_PASS_b,F,P,les pochettes avec la tasse que j' aime beaucoup ne sont probablement pas ouvertes <eos>,13,ouvertes,ouverts,11,F,S,ouvertes,-6.61252,ouverts,-9.464234,1
4075,P_NOUN_8_PASS_b,F,P,les pochettes avec la tasse que j' aime beaucoup ne sont probablement pas perdues <eos>,13,perdues,perdus,11,F,S,perdues,-8.001072,perdus,-10.056789,1
4076,P_NOUN_8_PASS_b,F,P,les pochettes avec la tasse que j' aime beaucoup ne sont probablement pas réparées <eos>,13,réparées,réparés,11,F,S,réparées,-9.1094675,réparés,-13.471203,1
4077,P_NOUN_8_PASS_b,F,P,les pochettes avec la tasse que j' aime beaucoup ne sont probablement pas retirées <eos>,13,retirées,retirés,11,F,S,retirées,-8.383816,retirés,-11.69063,1
4078,P_NOUN_8_PASS_b,F,P,les pochettes avec la tasse que j' aime beaucoup ne sont probablement pas tombées <eos>,13,tombées,tombés,11,F,S,tombées,-8.51154,tombés,-10.45881,1
4079,P_NOUN_8_PASS_b,F,P,les pochettes avec la tasse que j' aime beaucoup ne sont probablement pas utilisées <eos>,13,utilisées,utilisés,11,F,S,utilisées,-5.9330244,utilisés,-8.346795,1
4080,P_NOUN_8_PASS_b,F,P,les pochettes avec la bougie que j' aime beaucoup ne sont probablement pas achetées <eos>,13,achetées,achetés,11,F,S,achetées,-9.534788,achetés,-11.191553,1
4081,P_NOUN_8_PASS_b,F,P,les pochettes avec la bougie que j' aime beaucoup ne sont probablement pas brisées <eos>,13,brisées,brisés,11,F,S,brisées,-9.440894,brisés,-13.069779,1
4082,P_NOUN_8_PASS_b,F,P,les pochettes avec la bougie que j' aime beaucoup ne sont probablement pas cachées <eos>,13,cachées,cachés,11,F,S,cachées,-8.451722,cachés,-10.794567,1
4083,P_NOUN_8_PASS_b,F,P,les pochettes avec la bougie que j' aime beaucoup ne sont probablement pas cassées <eos>,13,cassées,cassés,11,F,S,cassées,-9.044276,cassés,-11.6455145,1
4084,P_NOUN_8_PASS_b,F,P,les pochettes avec la bougie que j' aime beaucoup ne sont probablement pas couvertes <eos>,13,couvertes,couverts,11,F,S,couvertes,-8.311014,couverts,-10.4545765,1
4085,P_NOUN_8_PASS_b,F,P,les pochettes avec la bougie que j' aime beaucoup ne sont probablement pas déformées <eos>,13,déformées,déformés,11,F,S,déformées,-7.9858103,déformés,-13.099615,1
4086,P_NOUN_8_PASS_b,F,P,les pochettes avec la bougie que j' aime beaucoup ne sont probablement pas fixées <eos>,13,fixées,fixés,11,F,S,fixées,-8.762356,fixés,-10.90453,1
4087,P_NOUN_8_PASS_b,F,P,les pochettes avec la bougie que j' aime beaucoup ne sont probablement pas jetées <eos>,13,jetées,jetés,11,F,S,jetées,-10.157297,jetés,-11.26262,1
4088,P_NOUN_8_PASS_b,F,P,les pochettes avec la bougie que j' aime beaucoup ne sont probablement pas laissées <eos>,13,laissées,laissés,11,F,S,laissées,-7.689536,laissés,-11.460092,1
4089,P_NOUN_8_PASS_b,F,P,les pochettes avec la bougie que j' aime beaucoup ne sont probablement pas ouvertes <eos>,13,ouvertes,ouverts,11,F,S,ouvertes,-7.3199463,ouverts,-10.281509,1
4090,P_NOUN_8_PASS_b,F,P,les pochettes avec la bougie que j' aime beaucoup ne sont probablement pas perdues <eos>,13,perdues,perdus,11,F,S,perdues,-7.3724804,perdus,-9.634263,1
4091,P_NOUN_8_PASS_b,F,P,les pochettes avec la bougie que j' aime beaucoup ne sont probablement pas réparées <eos>,13,réparées,réparés,11,F,S,réparées,-9.223721,réparés,-13.576958,1
4092,P_NOUN_8_PASS_b,F,P,les pochettes avec la bougie que j' aime beaucoup ne sont probablement pas retirées <eos>,13,retirées,retirés,11,F,S,retirées,-7.9330864,retirés,-11.409978,1
4093,P_NOUN_8_PASS_b,F,P,les pochettes avec la bougie que j' aime beaucoup ne sont probablement pas tombées <eos>,13,tombées,tombés,11,F,S,tombées,-8.220074,tombés,-10.050973,1
4094,P_NOUN_8_PASS_b,F,P,les pochettes avec la bougie que j' aime beaucoup ne sont probablement pas utilisées <eos>,13,utilisées,utilisés,11,F,S,utilisées,-5.7277727,utilisés,-8.02787,1
4095,P_NOUN_8_PASS_b,F,P,les pochettes avec la pochette que j' aime beaucoup ne sont probablement pas achetées <eos>,13,achetées,achetés,11,F,S,achetées,-9.624995,achetés,-11.22896,1
4096,P_NOUN_8_PASS_b,F,P,les pochettes avec la pochette que j' aime beaucoup ne sont probablement pas brisées <eos>,13,brisées,brisés,11,F,S,brisées,-9.890381,brisés,-13.644494,1
4097,P_NOUN_8_PASS_b,F,P,les pochettes avec la pochette que j' aime beaucoup ne sont probablement pas cachées <eos>,13,cachées,cachés,11,F,S,cachées,-8.607299,cachés,-11.148296,1
4098,P_NOUN_8_PASS_b,F,P,les pochettes avec la pochette que j' aime beaucoup ne sont probablement pas cassées <eos>,13,cassées,cassés,11,F,S,cassées,-9.497831,cassés,-12.032352,1
4099,P_NOUN_8_PASS_b,F,P,les pochettes avec la pochette que j' aime beaucoup ne sont probablement pas couvertes <eos>,13,couvertes,couverts,11,F,S,couvertes,-8.833877,couverts,-10.905879,1
4100,P_NOUN_8_PASS_b,F,P,les pochettes avec la pochette que j' aime beaucoup ne sont probablement pas déformées <eos>,13,déformées,déformés,11,F,S,déformées,-8.284943,déformés,-13.458866,1
4101,P_NOUN_8_PASS_b,F,P,les pochettes avec la pochette que j' aime beaucoup ne sont probablement pas fixées <eos>,13,fixées,fixés,11,F,S,fixées,-8.965868,fixés,-11.210988,1
4102,P_NOUN_8_PASS_b,F,P,les pochettes avec la pochette que j' aime beaucoup ne sont probablement pas jetées <eos>,13,jetées,jetés,11,F,S,jetées,-10.7429495,jetés,-11.955054,1
4103,P_NOUN_8_PASS_b,F,P,les pochettes avec la pochette que j' aime beaucoup ne sont probablement pas laissées <eos>,13,laissées,laissés,11,F,S,laissées,-8.135527,laissés,-12.027347,1
4104,P_NOUN_8_PASS_b,F,P,les pochettes avec la pochette que j' aime beaucoup ne sont probablement pas ouvertes <eos>,13,ouvertes,ouverts,11,F,S,ouvertes,-7.563751,ouverts,-10.456928,1
4105,P_NOUN_8_PASS_b,F,P,les pochettes avec la pochette que j' aime beaucoup ne sont probablement pas perdues <eos>,13,perdues,perdus,11,F,S,perdues,-7.6827555,perdus,-9.829228,1
4106,P_NOUN_8_PASS_b,F,P,les pochettes avec la pochette que j' aime beaucoup ne sont probablement pas réparées <eos>,13,réparées,réparés,11,F,S,réparées,-9.849789,réparés,-14.467661,1
4107,P_NOUN_8_PASS_b,F,P,les pochettes avec la pochette que j' aime beaucoup ne sont probablement pas retirées <eos>,13,retirées,retirés,11,F,S,retirées,-7.913827,retirés,-11.59575,1
4108,P_NOUN_8_PASS_b,F,P,les pochettes avec la pochette que j' aime beaucoup ne sont probablement pas tombées <eos>,13,tombées,tombés,11,F,S,tombées,-8.461151,tombés,-10.089743,1
4109,P_NOUN_8_PASS_b,F,P,les pochettes avec la pochette que j' aime beaucoup ne sont probablement pas utilisées <eos>,13,utilisées,utilisés,11,F,S,utilisées,-6.0431647,utilisés,-8.344439,1
4110,P_NOUN_8_PASS_b,F,P,les pochettes avec la banane que j' aime beaucoup ne sont probablement pas achetées <eos>,13,achetées,achetés,11,F,S,achetées,-9.686365,achetés,-10.68921,1
4111,P_NOUN_8_PASS_b,F,P,les pochettes avec la banane que j' aime beaucoup ne sont probablement pas brisées <eos>,13,brisées,brisés,11,F,S,brisées,-9.500029,brisés,-13.318563,1
4112,P_NOUN_8_PASS_b,F,P,les pochettes avec la banane que j' aime beaucoup ne sont probablement pas cachées <eos>,13,cachées,cachés,11,F,S,cachées,-8.899864,cachés,-11.2454,1
4113,P_NOUN_8_PASS_b,F,P,les pochettes avec la banane que j' aime beaucoup ne sont probablement pas cassées <eos>,13,cassées,cassés,11,F,S,cassées,-9.266478,cassés,-11.184924,1
4114,P_NOUN_8_PASS_b,F,P,les pochettes avec la banane que j' aime beaucoup ne sont probablement pas couvertes <eos>,13,couvertes,couverts,11,F,S,couvertes,-7.9285555,couverts,-9.73752,1
4115,P_NOUN_8_PASS_b,F,P,les pochettes avec la banane que j' aime beaucoup ne sont probablement pas déformées <eos>,13,déformées,déformés,11,F,S,déformées,-8.358007,déformés,-13.592871,1
4116,P_NOUN_8_PASS_b,F,P,les pochettes avec la banane que j' aime beaucoup ne sont probablement pas fixées <eos>,13,fixées,fixés,11,F,S,fixées,-8.640661,fixés,-10.484429,1
4117,P_NOUN_8_PASS_b,F,P,les pochettes avec la banane que j' aime beaucoup ne sont probablement pas jetées <eos>,13,jetées,jetés,11,F,S,jetées,-9.258136,jetés,-11.573221,1
4118,P_NOUN_8_PASS_b,F,P,les pochettes avec la banane que j' aime beaucoup ne sont probablement pas laissées <eos>,13,laissées,laissés,11,F,S,laissées,-7.523681,laissés,-11.148533,1
4119,P_NOUN_8_PASS_b,F,P,les pochettes avec la banane que j' aime beaucoup ne sont probablement pas ouvertes <eos>,13,ouvertes,ouverts,11,F,S,ouvertes,-7.7971106,ouverts,-10.393584,1
4120,P_NOUN_8_PASS_b,F,P,les pochettes avec la banane que j' aime beaucoup ne sont probablement pas perdues <eos>,13,perdues,perdus,11,F,S,perdues,-7.777792,perdus,-9.611295,1
4121,P_NOUN_8_PASS_b,F,P,les pochettes avec la banane que j' aime beaucoup ne sont probablement pas réparées <eos>,13,réparées,réparés,11,F,S,réparées,-9.644278,réparés,-13.239063,1
4122,P_NOUN_8_PASS_b,F,P,les pochettes avec la banane que j' aime beaucoup ne sont probablement pas retirées <eos>,13,retirées,retirés,11,F,S,retirées,-8.432836,retirés,-11.305065,1
4123,P_NOUN_8_PASS_b,F,P,les pochettes avec la banane que j' aime beaucoup ne sont probablement pas tombées <eos>,13,tombées,tombés,11,F,S,tombées,-7.8305244,tombés,-9.518176,1
4124,P_NOUN_8_PASS_b,F,P,les pochettes avec la banane que j' aime beaucoup ne sont probablement pas utilisées <eos>,13,utilisées,utilisés,11,F,S,utilisées,-5.5355988,utilisés,-7.746293,1
4125,P_NOUN_8_PASS_b,F,P,les pochettes avec la robe que j' aime beaucoup ne sont probablement pas achetées <eos>,13,achetées,achetés,11,F,S,achetées,-10.482218,achetés,-11.480236,1
4126,P_NOUN_8_PASS_b,F,P,les pochettes avec la robe que j' aime beaucoup ne sont probablement pas brisées <eos>,13,brisées,brisés,11,F,S,brisées,-9.846219,brisés,-13.650103,1
4127,P_NOUN_8_PASS_b,F,P,les pochettes avec la robe que j' aime beaucoup ne sont probablement pas cachées <eos>,13,cachées,cachés,11,F,S,cachées,-8.4210005,cachés,-11.043882,1
4128,P_NOUN_8_PASS_b,F,P,les pochettes avec la robe que j' aime beaucoup ne sont probablement pas cassées <eos>,13,cassées,cassés,11,F,S,cassées,-9.582425,cassés,-12.13092,1
4129,P_NOUN_8_PASS_b,F,P,les pochettes avec la robe que j' aime beaucoup ne sont probablement pas couvertes <eos>,13,couvertes,couverts,11,F,S,couvertes,-8.096299,couverts,-10.164791,1
4130,P_NOUN_8_PASS_b,F,P,les pochettes avec la robe que j' aime beaucoup ne sont probablement pas déformées <eos>,13,déformées,déformés,11,F,S,déformées,-8.509802,déformés,-13.381963,1
4131,P_NOUN_8_PASS_b,F,P,les pochettes avec la robe que j' aime beaucoup ne sont probablement pas fixées <eos>,13,fixées,fixés,11,F,S,fixées,-9.043062,fixés,-11.218163,1
4132,P_NOUN_8_PASS_b,F,P,les pochettes avec la robe que j' aime beaucoup ne sont probablement pas jetées <eos>,13,jetées,jetés,11,F,S,jetées,-10.410108,jetés,-11.908664,1
4133,P_NOUN_8_PASS_b,F,P,les pochettes avec la robe que j' aime beaucoup ne sont probablement pas laissées <eos>,13,laissées,laissés,11,F,S,laissées,-8.197582,laissés,-11.778616,1
4134,P_NOUN_8_PASS_b,F,P,les pochettes avec la robe que j' aime beaucoup ne sont probablement pas ouvertes <eos>,13,ouvertes,ouverts,11,F,S,ouvertes,-7.280532,ouverts,-10.273176,1
4135,P_NOUN_8_PASS_b,F,P,les pochettes avec la robe que j' aime beaucoup ne sont probablement pas perdues <eos>,13,perdues,perdus,11,F,S,perdues,-7.980242,perdus,-10.277918,1
4136,P_NOUN_8_PASS_b,F,P,les pochettes avec la robe que j' aime beaucoup ne sont probablement pas réparées <eos>,13,réparées,réparés,11,F,S,réparées,-9.929329,réparés,-13.61584,1
4137,P_NOUN_8_PASS_b,F,P,les pochettes avec la robe que j' aime beaucoup ne sont probablement pas retirées <eos>,13,retirées,retirés,11,F,S,retirées,-8.646595,retirés,-11.876381,1
4138,P_NOUN_8_PASS_b,F,P,les pochettes avec la robe que j' aime beaucoup ne sont probablement pas tombées <eos>,13,tombées,tombés,11,F,S,tombées,-8.29893,tombés,-9.706135,1
4139,P_NOUN_8_PASS_b,F,P,les pochettes avec la robe que j' aime beaucoup ne sont probablement pas utilisées <eos>,13,utilisées,utilisés,11,F,S,utilisées,-5.763544,utilisés,-7.9089146,1
4140,P_NOUN_8_PASS_b,F,P,les pochettes avec la valise que j' aime beaucoup ne sont probablement pas achetées <eos>,13,achetées,achetés,11,F,S,achetées,-8.85803,achetés,-10.7552395,1
4141,P_NOUN_8_PASS_b,F,P,les pochettes avec la valise que j' aime beaucoup ne sont probablement pas brisées <eos>,13,brisées,brisés,11,F,S,brisées,-9.635197,brisés,-13.380418,1
4142,P_NOUN_8_PASS_b,F,P,les pochettes avec la valise que j' aime beaucoup ne sont probablement pas cachées <eos>,13,cachées,cachés,11,F,S,cachées,-8.058719,cachés,-10.175886,1
4143,P_NOUN_8_PASS_b,F,P,les pochettes avec la valise que j' aime beaucoup ne sont probablement pas cassées <eos>,13,cassées,cassés,11,F,S,cassées,-9.581541,cassés,-11.851202,1
4144,P_NOUN_8_PASS_b,F,P,les pochettes avec la valise que j' aime beaucoup ne sont probablement pas couvertes <eos>,13,couvertes,couverts,11,F,S,couvertes,-8.528954,couverts,-10.896315,1
4145,P_NOUN_8_PASS_b,F,P,les pochettes avec la valise que j' aime beaucoup ne sont probablement pas déformées <eos>,13,déformées,déformés,11,F,S,déformées,-7.8243213,déformés,-13.905428,1
4146,P_NOUN_8_PASS_b,F,P,les pochettes avec la valise que j' aime beaucoup ne sont probablement pas fixées <eos>,13,fixées,fixés,11,F,S,fixées,-8.764556,fixés,-10.841957,1
4147,P_NOUN_8_PASS_b,F,P,les pochettes avec la valise que j' aime beaucoup ne sont probablement pas jetées <eos>,13,jetées,jetés,11,F,S,jetées,-9.596763,jetés,-11.008289,1
4148,P_NOUN_8_PASS_b,F,P,les pochettes avec la valise que j' aime beaucoup ne sont probablement pas laissées <eos>,13,laissées,laissés,11,F,S,laissées,-7.951255,laissés,-11.34558,1
4149,P_NOUN_8_PASS_b,F,P,les pochettes avec la valise que j' aime beaucoup ne sont probablement pas ouvertes <eos>,13,ouvertes,ouverts,11,F,S,ouvertes,-7.154953,ouverts,-9.780037,1
4150,P_NOUN_8_PASS_b,F,P,les pochettes avec la valise que j' aime beaucoup ne sont probablement pas perdues <eos>,13,perdues,perdus,11,F,S,perdues,-7.274872,perdus,-9.367126,1
4151,P_NOUN_8_PASS_b,F,P,les pochettes avec la valise que j' aime beaucoup ne sont probablement pas réparées <eos>,13,réparées,réparés,11,F,S,réparées,-9.4725,réparés,-14.223421,1
4152,P_NOUN_8_PASS_b,F,P,les pochettes avec la valise que j' aime beaucoup ne sont probablement pas retirées <eos>,13,retirées,retirés,11,F,S,retirées,-8.081356,retirés,-11.114116,1
4153,P_NOUN_8_PASS_b,F,P,les pochettes avec la valise que j' aime beaucoup ne sont probablement pas tombées <eos>,13,tombées,tombés,11,F,S,tombées,-8.43639,tombés,-9.729181,1
4154,P_NOUN_8_PASS_b,F,P,les pochettes avec la valise que j' aime beaucoup ne sont probablement pas utilisées <eos>,13,utilisées,utilisés,11,F,S,utilisées,-5.3877435,utilisés,-7.6606965,1
4155,P_NOUN_8_PASS_b,F,P,les pochettes avec la pendule que j' aime beaucoup ne sont probablement pas achetées <eos>,13,achetées,achetés,11,F,S,achetées,-10.403099,achetés,-11.476482,1
4156,P_NOUN_8_PASS_b,F,P,les pochettes avec la pendule que j' aime beaucoup ne sont probablement pas brisées <eos>,13,brisées,brisés,11,F,S,brisées,-9.278853,brisés,-12.994856,1
4157,P_NOUN_8_PASS_b,F,P,les pochettes avec la pendule que j' aime beaucoup ne sont probablement pas cachées <eos>,13,cachées,cachés,11,F,S,cachées,-8.378211,cachés,-10.698702,1
4158,P_NOUN_8_PASS_b,F,P,les pochettes avec la pendule que j' aime beaucoup ne sont probablement pas cassées <eos>,13,cassées,cassés,11,F,S,cassées,-8.744925,cassés,-11.788733,1
4159,P_NOUN_8_PASS_b,F,P,les pochettes avec la pendule que j' aime beaucoup ne sont probablement pas couvertes <eos>,13,couvertes,couverts,11,F,S,couvertes,-8.16772,couverts,-10.362803,1
4160,P_NOUN_8_PASS_b,F,P,les pochettes avec la pendule que j' aime beaucoup ne sont probablement pas déformées <eos>,13,déformées,déformés,11,F,S,déformées,-7.4461603,déformés,-12.8672695,1
4161,P_NOUN_8_PASS_b,F,P,les pochettes avec la pendule que j' aime beaucoup ne sont probablement pas fixées <eos>,13,fixées,fixés,11,F,S,fixées,-8.545709,fixés,-10.852199,1
4162,P_NOUN_8_PASS_b,F,P,les pochettes avec la pendule que j' aime beaucoup ne sont probablement pas jetées <eos>,13,jetées,jetés,11,F,S,jetées,-10.008206,jetés,-11.105087,1
4163,P_NOUN_8_PASS_b,F,P,les pochettes avec la pendule que j' aime beaucoup ne sont probablement pas laissées <eos>,13,laissées,laissés,11,F,S,laissées,-7.78294,laissés,-11.8220005,1
4164,P_NOUN_8_PASS_b,F,P,les pochettes avec la pendule que j' aime beaucoup ne sont probablement pas ouvertes <eos>,13,ouvertes,ouverts,11,F,S,ouvertes,-7.122261,ouverts,-9.826679,1
4165,P_NOUN_8_PASS_b,F,P,les pochettes avec la pendule que j' aime beaucoup ne sont probablement pas perdues <eos>,13,perdues,perdus,11,F,S,perdues,-7.4727335,perdus,-9.449332,1
4166,P_NOUN_8_PASS_b,F,P,les pochettes avec la pendule que j' aime beaucoup ne sont probablement pas réparées <eos>,13,réparées,réparés,11,F,S,réparées,-9.477697,réparés,-13.780198,1
4167,P_NOUN_8_PASS_b,F,P,les pochettes avec la pendule que j' aime beaucoup ne sont probablement pas retirées <eos>,13,retirées,retirés,11,F,S,retirées,-8.110855,retirés,-11.469681,1
4168,P_NOUN_8_PASS_b,F,P,les pochettes avec la pendule que j' aime beaucoup ne sont probablement pas tombées <eos>,13,tombées,tombés,11,F,S,tombées,-8.331965,tombés,-10.3482685,1
4169,P_NOUN_8_PASS_b,F,P,les pochettes avec la pendule que j' aime beaucoup ne sont probablement pas utilisées <eos>,13,utilisées,utilisés,11,F,S,utilisées,-5.6277466,utilisés,-7.75113,1
4170,P_NOUN_8_PASS_b,F,P,les pochettes avec la cloche que j' aime beaucoup ne sont probablement pas achetées <eos>,13,achetées,achetés,11,F,S,achetées,-9.887103,achetés,-11.270983,1
4171,P_NOUN_8_PASS_b,F,P,les pochettes avec la cloche que j' aime beaucoup ne sont probablement pas brisées <eos>,13,brisées,brisés,11,F,S,brisées,-9.511027,brisés,-13.089034,1
4172,P_NOUN_8_PASS_b,F,P,les pochettes avec la cloche que j' aime beaucoup ne sont probablement pas cachées <eos>,13,cachées,cachés,11,F,S,cachées,-8.326122,cachés,-10.628536,1
4173,P_NOUN_8_PASS_b,F,P,les pochettes avec la cloche que j' aime beaucoup ne sont probablement pas cassées <eos>,13,cassées,cassés,11,F,S,cassées,-9.5504465,cassés,-11.767626,1
4174,P_NOUN_8_PASS_b,F,P,les pochettes avec la cloche que j' aime beaucoup ne sont probablement pas couvertes <eos>,13,couvertes,couverts,11,F,S,couvertes,-8.337569,couverts,-10.361204,1
4175,P_NOUN_8_PASS_b,F,P,les pochettes avec la cloche que j' aime beaucoup ne sont probablement pas déformées <eos>,13,déformées,déformés,11,F,S,déformées,-8.447542,déformés,-13.666631,1
4176,P_NOUN_8_PASS_b,F,P,les pochettes avec la cloche que j' aime beaucoup ne sont probablement pas fixées <eos>,13,fixées,fixés,11,F,S,fixées,-8.8858795,fixés,-10.92385,1
4177,P_NOUN_8_PASS_b,F,P,les pochettes avec la cloche que j' aime beaucoup ne sont probablement pas jetées <eos>,13,jetées,jetés,11,F,S,jetées,-10.035353,jetés,-11.165676,1
4178,P_NOUN_8_PASS_b,F,P,les pochettes avec la cloche que j' aime beaucoup ne sont probablement pas laissées <eos>,13,laissées,laissés,11,F,S,laissées,-8.184033,laissés,-11.272816,1
4179,P_NOUN_8_PASS_b,F,P,les pochettes avec la cloche que j' aime beaucoup ne sont probablement pas ouvertes <eos>,13,ouvertes,ouverts,11,F,S,ouvertes,-7.1171246,ouverts,-10.2188835,1
4180,P_NOUN_8_PASS_b,F,P,les pochettes avec la cloche que j' aime beaucoup ne sont probablement pas perdues <eos>,13,perdues,perdus,11,F,S,perdues,-7.1777534,perdus,-9.40677,1
4181,P_NOUN_8_PASS_b,F,P,les pochettes avec la cloche que j' aime beaucoup ne sont probablement pas réparées <eos>,13,réparées,réparés,11,F,S,réparées,-9.515207,réparés,-13.427662,1
4182,P_NOUN_8_PASS_b,F,P,les pochettes avec la cloche que j' aime beaucoup ne sont probablement pas retirées <eos>,13,retirées,retirés,11,F,S,retirées,-8.025653,retirés,-11.188226,1
4183,P_NOUN_8_PASS_b,F,P,les pochettes avec la cloche que j' aime beaucoup ne sont probablement pas tombées <eos>,13,tombées,tombés,11,F,S,tombées,-8.18364,tombés,-9.511531,1
4184,P_NOUN_8_PASS_b,F,P,les pochettes avec la cloche que j' aime beaucoup ne sont probablement pas utilisées <eos>,13,utilisées,utilisés,11,F,S,utilisées,-5.7902517,utilisés,-7.9706306,1
4185,P_NOUN_8_PASS_b,F,P,les pochettes avec la cerise que j' aime beaucoup ne sont probablement pas achetées <eos>,13,achetées,achetés,11,F,S,achetées,-9.550711,achetés,-10.817704,1
4186,P_NOUN_8_PASS_b,F,P,les pochettes avec la cerise que j' aime beaucoup ne sont probablement pas brisées <eos>,13,brisées,brisés,11,F,S,brisées,-9.776375,brisés,-13.48361,1
4187,P_NOUN_8_PASS_b,F,P,les pochettes avec la cerise que j' aime beaucoup ne sont probablement pas cachées <eos>,13,cachées,cachés,11,F,S,cachées,-8.593545,cachés,-11.242408,1
4188,P_NOUN_8_PASS_b,F,P,les pochettes avec la cerise que j' aime beaucoup ne sont probablement pas cassées <eos>,13,cassées,cassés,11,F,S,cassées,-9.325647,cassés,-11.440828,1
4189,P_NOUN_8_PASS_b,F,P,les pochettes avec la cerise que j' aime beaucoup ne sont probablement pas couvertes <eos>,13,couvertes,couverts,11,F,S,couvertes,-8.072861,couverts,-10.120869,1
4190,P_NOUN_8_PASS_b,F,P,les pochettes avec la cerise que j' aime beaucoup ne sont probablement pas déformées <eos>,13,déformées,déformés,11,F,S,déformées,-8.543983,déformés,-13.692235,1
4191,P_NOUN_8_PASS_b,F,P,les pochettes avec la cerise que j' aime beaucoup ne sont probablement pas fixées <eos>,13,fixées,fixés,11,F,S,fixées,-9.279573,fixés,-11.139508,1
4192,P_NOUN_8_PASS_b,F,P,les pochettes avec la cerise que j' aime beaucoup ne sont probablement pas jetées <eos>,13,jetées,jetés,11,F,S,jetées,-10.553526,jetés,-12.134211,1
4193,P_NOUN_8_PASS_b,F,P,les pochettes avec la cerise que j' aime beaucoup ne sont probablement pas laissées <eos>,13,laissées,laissés,11,F,S,laissées,-7.717097,laissés,-11.4432125,1
4194,P_NOUN_8_PASS_b,F,P,les pochettes avec la cerise que j' aime beaucoup ne sont probablement pas ouvertes <eos>,13,ouvertes,ouverts,11,F,S,ouvertes,-7.327997,ouverts,-10.021017,1
4195,P_NOUN_8_PASS_b,F,P,les pochettes avec la cerise que j' aime beaucoup ne sont probablement pas perdues <eos>,13,perdues,perdus,11,F,S,perdues,-7.812002,perdus,-10.165801,1
4196,P_NOUN_8_PASS_b,F,P,les pochettes avec la cerise que j' aime beaucoup ne sont probablement pas réparées <eos>,13,réparées,réparés,11,F,S,réparées,-9.615932,réparés,-13.504478,1
4197,P_NOUN_8_PASS_b,F,P,les pochettes avec la cerise que j' aime beaucoup ne sont probablement pas retirées <eos>,13,retirées,retirés,11,F,S,retirées,-8.580153,retirés,-11.652044,1
4198,P_NOUN_8_PASS_b,F,P,les pochettes avec la cerise que j' aime beaucoup ne sont probablement pas tombées <eos>,13,tombées,tombés,11,F,S,tombées,-8.209129,tombés,-10.130453,1
4199,P_NOUN_8_PASS_b,F,P,les pochettes avec la cerise que j' aime beaucoup ne sont probablement pas utilisées <eos>,13,utilisées,utilisés,11,F,S,utilisées,-5.871851,utilisés,-8.155226,1
4200,P_NOUN_8_PASS_b,F,P,les bananes avec la gemme que j' aime beaucoup ne sont probablement pas achetées <eos>,13,achetées,achetés,11,F,S,achetées,-10.668452,achetés,-9.696353,0
4201,P_NOUN_8_PASS_b,F,P,les bananes avec la gemme que j' aime beaucoup ne sont probablement pas brisées <eos>,13,brisées,brisés,11,F,S,brisées,-9.883007,brisés,-12.919285,1
4202,P_NOUN_8_PASS_b,F,P,les bananes avec la gemme que j' aime beaucoup ne sont probablement pas cachées <eos>,13,cachées,cachés,11,F,S,cachées,-8.628538,cachés,-10.086729,1
4203,P_NOUN_8_PASS_b,F,P,les bananes avec la gemme que j' aime beaucoup ne sont probablement pas cassées <eos>,13,cassées,cassés,11,F,S,cassées,-9.230453,cassés,-10.228836,1
4204,P_NOUN_8_PASS_b,F,P,les bananes avec la gemme que j' aime beaucoup ne sont probablement pas couvertes <eos>,13,couvertes,couverts,11,F,S,couvertes,-7.697621,couverts,-8.061201,1
4205,P_NOUN_8_PASS_b,F,P,les bananes avec la gemme que j' aime beaucoup ne sont probablement pas déformées <eos>,13,déformées,déformés,11,F,S,déformées,-9.012388,déformés,-13.70509,1
4206,P_NOUN_8_PASS_b,F,P,les bananes avec la gemme que j' aime beaucoup ne sont probablement pas fixées <eos>,13,fixées,fixés,11,F,S,fixées,-9.047949,fixés,-9.453585,1
4207,P_NOUN_8_PASS_b,F,P,les bananes avec la gemme que j' aime beaucoup ne sont probablement pas jetées <eos>,13,jetées,jetés,11,F,S,jetées,-8.762432,jetés,-10.6352415,1
4208,P_NOUN_8_PASS_b,F,P,les bananes avec la gemme que j' aime beaucoup ne sont probablement pas laissées <eos>,13,laissées,laissés,11,F,S,laissées,-7.8310604,laissés,-9.587687,1
4209,P_NOUN_8_PASS_b,F,P,les bananes avec la gemme que j' aime beaucoup ne sont probablement pas ouvertes <eos>,13,ouvertes,ouverts,11,F,S,ouvertes,-8.41805,ouverts,-9.362463,1
4210,P_NOUN_8_PASS_b,F,P,les bananes avec la gemme que j' aime beaucoup ne sont probablement pas perdues <eos>,13,perdues,perdus,11,F,S,perdues,-7.885603,perdus,-8.719446,1
4211,P_NOUN_8_PASS_b,F,P,les bananes avec la gemme que j' aime beaucoup ne sont probablement pas réparées <eos>,13,réparées,réparés,11,F,S,réparées,-10.518918,réparés,-12.3079195,1
4212,P_NOUN_8_PASS_b,F,P,les bananes avec la gemme que j' aime beaucoup ne sont probablement pas retirées <eos>,13,retirées,retirés,11,F,S,retirées,-9.207691,retirés,-10.438412,1
4213,P_NOUN_8_PASS_b,F,P,les bananes avec la gemme que j' aime beaucoup ne sont probablement pas tombées <eos>,13,tombées,tombés,11,F,S,tombées,-7.5825033,tombés,-8.242149,1
4214,P_NOUN_8_PASS_b,F,P,les bananes avec la gemme que j' aime beaucoup ne sont probablement pas utilisées <eos>,13,utilisées,utilisés,11,F,S,utilisées,-5.522938,utilisés,-6.6222134,1
4215,P_NOUN_8_PASS_b,F,P,les bananes avec la chaise que j' aime beaucoup ne sont probablement pas achetées <eos>,13,achetées,achetés,11,F,S,achetées,-10.476772,achetés,-9.902264,0
4216,P_NOUN_8_PASS_b,F,P,les bananes avec la chaise que j' aime beaucoup ne sont probablement pas brisées <eos>,13,brisées,brisés,11,F,S,brisées,-9.530374,brisés,-12.717646,1
4217,P_NOUN_8_PASS_b,F,P,les bananes avec la chaise que j' aime beaucoup ne sont probablement pas cachées <eos>,13,cachées,cachés,11,F,S,cachées,-8.375701,cachés,-10.33252,1
4218,P_NOUN_8_PASS_b,F,P,les bananes avec la chaise que j' aime beaucoup ne sont probablement pas cassées <eos>,13,cassées,cassés,11,F,S,cassées,-8.9377165,cassés,-10.172614,1
4219,P_NOUN_8_PASS_b,F,P,les bananes avec la chaise que j' aime beaucoup ne sont probablement pas couvertes <eos>,13,couvertes,couverts,11,F,S,couvertes,-7.6401453,couverts,-8.351305,1
4220,P_NOUN_8_PASS_b,F,P,les bananes avec la chaise que j' aime beaucoup ne sont probablement pas déformées <eos>,13,déformées,déformés,11,F,S,déformées,-8.628494,déformés,-13.621353,1
4221,P_NOUN_8_PASS_b,F,P,les bananes avec la chaise que j' aime beaucoup ne sont probablement pas fixées <eos>,13,fixées,fixés,11,F,S,fixées,-8.4855995,fixés,-9.254954,1
4222,P_NOUN_8_PASS_b,F,P,les bananes avec la chaise que j' aime beaucoup ne sont probablement pas jetées <eos>,13,jetées,jetés,11,F,S,jetées,-8.616001,jetés,-10.742981,1
4223,P_NOUN_8_PASS_b,F,P,les bananes avec la chaise que j' aime beaucoup ne sont probablement pas laissées <eos>,13,laissées,laissés,11,F,S,laissées,-7.6464767,laissés,-9.816783,1
4224,P_NOUN_8_PASS_b,F,P,les bananes avec la chaise que j' aime beaucoup ne sont probablement pas ouvertes <eos>,13,ouvertes,ouverts,11,F,S,ouvertes,-8.164758,ouverts,-9.276088,1
4225,P_NOUN_8_PASS_b,F,P,les bananes avec la chaise que j' aime beaucoup ne sont probablement pas perdues <eos>,13,perdues,perdus,11,F,S,perdues,-8.049756,perdus,-8.844954,1
4226,P_NOUN_8_PASS_b,F,P,les bananes avec la chaise que j' aime beaucoup ne sont probablement pas réparées <eos>,13,réparées,réparés,11,F,S,réparées,-10.250603,réparés,-12.836455,1
4227,P_NOUN_8_PASS_b,F,P,les bananes avec la chaise que j' aime beaucoup ne sont probablement pas retirées <eos>,13,retirées,retirés,11,F,S,retirées,-9.001202,retirés,-10.58244,1
4228,P_NOUN_8_PASS_b,F,P,les bananes avec la chaise que j' aime beaucoup ne sont probablement pas tombées <eos>,13,tombées,tombés,11,F,S,tombées,-8.046706,tombés,-8.796848,1
4229,P_NOUN_8_PASS_b,F,P,les bananes avec la chaise que j' aime beaucoup ne sont probablement pas utilisées <eos>,13,utilisées,utilisés,11,F,S,utilisées,-5.268016,utilisés,-6.4525166,1
4230,P_NOUN_8_PASS_b,F,P,les bananes avec la poubelle que j' aime beaucoup ne sont probablement pas achetées <eos>,13,achetées,achetés,11,F,S,achetées,-10.4759865,achetés,-9.502085,0
4231,P_NOUN_8_PASS_b,F,P,les bananes avec la poubelle que j' aime beaucoup ne sont probablement pas brisées <eos>,13,brisées,brisés,11,F,S,brisées,-9.849431,brisés,-12.971626,1
4232,P_NOUN_8_PASS_b,F,P,les bananes avec la poubelle que j' aime beaucoup ne sont probablement pas cachées <eos>,13,cachées,cachés,11,F,S,cachées,-8.131582,cachés,-9.5487,1
4233,P_NOUN_8_PASS_b,F,P,les bananes avec la poubelle que j' aime beaucoup ne sont probablement pas cassées <eos>,13,cassées,cassés,11,F,S,cassées,-9.02017,cassés,-10.185481,1
4234,P_NOUN_8_PASS_b,F,P,les bananes avec la poubelle que j' aime beaucoup ne sont probablement pas couvertes <eos>,13,couvertes,couverts,11,F,S,couvertes,-7.6062202,couverts,-8.351884,1
4235,P_NOUN_8_PASS_b,F,P,les bananes avec la poubelle que j' aime beaucoup ne sont probablement pas déformées <eos>,13,déformées,déformés,11,F,S,déformées,-8.768921,déformés,-13.655495,1
4236,P_NOUN_8_PASS_b,F,P,les bananes avec la poubelle que j' aime beaucoup ne sont probablement pas fixées <eos>,13,fixées,fixés,11,F,S,fixées,-8.828385,fixés,-9.766013,1
4237,P_NOUN_8_PASS_b,F,P,les bananes avec la poubelle que j' aime beaucoup ne sont probablement pas jetées <eos>,13,jetées,jetés,11,F,S,jetées,-8.653461,jetés,-10.403739,1
4238,P_NOUN_8_PASS_b,F,P,les bananes avec la poubelle que j' aime beaucoup ne sont probablement pas laissées <eos>,13,laissées,laissés,11,F,S,laissées,-7.7862597,laissés,-9.616166,1
4239,P_NOUN_8_PASS_b,F,P,les bananes avec la poubelle que j' aime beaucoup ne sont probablement pas ouvertes <eos>,13,ouvertes,ouverts,11,F,S,ouvertes,-8.095859,ouverts,-9.305159,1
4240,P_NOUN_8_PASS_b,F,P,les bananes avec la poubelle que j' aime beaucoup ne sont probablement pas perdues <eos>,13,perdues,perdus,11,F,S,perdues,-7.903534,perdus,-8.835026,1
4241,P_NOUN_8_PASS_b,F,P,les bananes avec la poubelle que j' aime beaucoup ne sont probablement pas réparées <eos>,13,réparées,réparés,11,F,S,réparées,-10.0704975,réparés,-12.544806,1
4242,P_NOUN_8_PASS_b,F,P,les bananes avec la poubelle que j' aime beaucoup ne sont probablement pas retirées <eos>,13,retirées,retirés,11,F,S,retirées,-8.830488,retirés,-10.409236,1
4243,P_NOUN_8_PASS_b,F,P,les bananes avec la poubelle que j' aime beaucoup ne sont probablement pas tombées <eos>,13,tombées,tombés,11,F,S,tombées,-7.6254854,tombés,-8.265149,1
4244,P_NOUN_8_PASS_b,F,P,les bananes avec la poubelle que j' aime beaucoup ne sont probablement pas utilisées <eos>,13,utilisées,utilisés,11,F,S,utilisées,-5.322818,utilisés,-6.443925,1
4245,P_NOUN_8_PASS_b,F,P,les bananes avec la chemise que j' aime beaucoup ne sont probablement pas achetées <eos>,13,achetées,achetés,11,F,S,achetées,-10.388523,achetés,-9.993687,0
4246,P_NOUN_8_PASS_b,F,P,les bananes avec la chemise que j' aime beaucoup ne sont probablement pas brisées <eos>,13,brisées,brisés,11,F,S,brisées,-9.660561,brisés,-12.83391,1
4247,P_NOUN_8_PASS_b,F,P,les bananes avec la chemise que j' aime beaucoup ne sont probablement pas cachées <eos>,13,cachées,cachés,11,F,S,cachées,-8.237214,cachés,-9.952078,1
4248,P_NOUN_8_PASS_b,F,P,les bananes avec la chemise que j' aime beaucoup ne sont probablement pas cassées <eos>,13,cassées,cassés,11,F,S,cassées,-8.808284,cassés,-10.21718,1
4249,P_NOUN_8_PASS_b,F,P,les bananes avec la chemise que j' aime beaucoup ne sont probablement pas couvertes <eos>,13,couvertes,couverts,11,F,S,couvertes,-7.3488865,couverts,-8.266799,1
4250,P_NOUN_8_PASS_b,F,P,les bananes avec la chemise que j' aime beaucoup ne sont probablement pas déformées <eos>,13,déformées,déformés,11,F,S,déformées,-8.843904,déformés,-13.846495,1
4251,P_NOUN_8_PASS_b,F,P,les bananes avec la chemise que j' aime beaucoup ne sont probablement pas fixées <eos>,13,fixées,fixés,11,F,S,fixées,-8.790283,fixés,-9.534679,1
4252,P_NOUN_8_PASS_b,F,P,les bananes avec la chemise que j' aime beaucoup ne sont probablement pas jetées <eos>,13,jetées,jetés,11,F,S,jetées,-8.384227,jetés,-10.668754,1
4253,P_NOUN_8_PASS_b,F,P,les bananes avec la chemise que j' aime beaucoup ne sont probablement pas laissées <eos>,13,laissées,laissés,11,F,S,laissées,-8.06296,laissés,-9.766873,1
4254,P_NOUN_8_PASS_b,F,P,les bananes avec la chemise que j' aime beaucoup ne sont probablement pas ouvertes <eos>,13,ouvertes,ouverts,11,F,S,ouvertes,-8.096027,ouverts,-9.218566,1
4255,P_NOUN_8_PASS_b,F,P,les bananes avec la chemise que j' aime beaucoup ne sont probablement pas perdues <eos>,13,perdues,perdus,11,F,S,perdues,-8.282623,perdus,-9.01957,1
4256,P_NOUN_8_PASS_b,F,P,les bananes avec la chemise que j' aime beaucoup ne sont probablement pas réparées <eos>,13,réparées,réparés,11,F,S,réparées,-10.522599,réparés,-12.688457,1
4257,P_NOUN_8_PASS_b,F,P,les bananes avec la chemise que j' aime beaucoup ne sont probablement pas retirées <eos>,13,retirées,retirés,11,F,S,retirées,-9.001055,retirés,-10.328326,1
4258,P_NOUN_8_PASS_b,F,P,les bananes avec la chemise que j' aime beaucoup ne sont probablement pas tombées <eos>,13,tombées,tombés,11,F,S,tombées,-7.86123,tombés,-7.887615,1
4259,P_NOUN_8_PASS_b,F,P,les bananes avec la chemise que j' aime beaucoup ne sont probablement pas utilisées <eos>,13,utilisées,utilisés,11,F,S,utilisées,-5.1248517,utilisés,-6.277056,1
4260,P_NOUN_8_PASS_b,F,P,les bananes avec la recette que j' aime beaucoup ne sont probablement pas achetées <eos>,13,achetées,achetés,11,F,S,achetées,-10.594037,achetés,-9.648832,0
4261,P_NOUN_8_PASS_b,F,P,les bananes avec la recette que j' aime beaucoup ne sont probablement pas brisées <eos>,13,brisées,brisés,11,F,S,brisées,-10.530358,brisés,-13.769385,1
4262,P_NOUN_8_PASS_b,F,P,les bananes avec la recette que j' aime beaucoup ne sont probablement pas cachées <eos>,13,cachées,cachés,11,F,S,cachées,-9.230451,cachés,-10.523458,1
4263,P_NOUN_8_PASS_b,F,P,les bananes avec la recette que j' aime beaucoup ne sont probablement pas cassées <eos>,13,cassées,cassés,11,F,S,cassées,-9.897144,cassés,-10.50111,1
4264,P_NOUN_8_PASS_b,F,P,les bananes avec la recette que j' aime beaucoup ne sont probablement pas couvertes <eos>,13,couvertes,couverts,11,F,S,couvertes,-7.9341063,couverts,-8.245712,1
4265,P_NOUN_8_PASS_b,F,P,les bananes avec la recette que j' aime beaucoup ne sont probablement pas déformées <eos>,13,déformées,déformés,11,F,S,déformées,-9.458954,déformés,-14.231194,1
4266,P_NOUN_8_PASS_b,F,P,les bananes avec la recette que j' aime beaucoup ne sont probablement pas fixées <eos>,13,fixées,fixés,11,F,S,fixées,-9.223263,fixés,-9.914315,1
4267,P_NOUN_8_PASS_b,F,P,les bananes avec la recette que j' aime beaucoup ne sont probablement pas jetées <eos>,13,jetées,jetés,11,F,S,jetées,-9.530146,jetés,-11.798491,1
4268,P_NOUN_8_PASS_b,F,P,les bananes avec la recette que j' aime beaucoup ne sont probablement pas laissées <eos>,13,laissées,laissés,11,F,S,laissées,-8.01995,laissés,-10.298843,1
4269,P_NOUN_8_PASS_b,F,P,les bananes avec la recette que j' aime beaucoup ne sont probablement pas ouvertes <eos>,13,ouvertes,ouverts,11,F,S,ouvertes,-8.297818,ouverts,-9.225101,1
4270,P_NOUN_8_PASS_b,F,P,les bananes avec la recette que j' aime beaucoup ne sont probablement pas perdues <eos>,13,perdues,perdus,11,F,S,perdues,-8.197399,perdus,-9.083367,1
4271,P_NOUN_8_PASS_b,F,P,les bananes avec la recette que j' aime beaucoup ne sont probablement pas réparées <eos>,13,réparées,réparés,11,F,S,réparées,-10.610773,réparés,-12.82019,1
4272,P_NOUN_8_PASS_b,F,P,les bananes avec la recette que j' aime beaucoup ne sont probablement pas retirées <eos>,13,retirées,retirés,11,F,S,retirées,-9.561292,retirés,-10.491425,1
4273,P_NOUN_8_PASS_b,F,P,les bananes avec la recette que j' aime beaucoup ne sont probablement pas tombées <eos>,13,tombées,tombés,11,F,S,tombées,-8.155146,tombés,-8.844387,1
4274,P_NOUN_8_PASS_b,F,P,les bananes avec la recette que j' aime beaucoup ne sont probablement pas utilisées <eos>,13,utilisées,utilisés,11,F,S,utilisées,-5.5312757,utilisés,-6.738348,1
4275,P_NOUN_8_PASS_b,F,P,les bananes avec la jupe que j' aime beaucoup ne sont probablement pas achetées <eos>,13,achetées,achetés,11,F,S,achetées,-10.444698,achetés,-10.011892,0
4276,P_NOUN_8_PASS_b,F,P,les bananes avec la jupe que j' aime beaucoup ne sont probablement pas brisées <eos>,13,brisées,brisés,11,F,S,brisées,-9.796219,brisés,-12.839329,1
4277,P_NOUN_8_PASS_b,F,P,les bananes avec la jupe que j' aime beaucoup ne sont probablement pas cachées <eos>,13,cachées,cachés,11,F,S,cachées,-8.368558,cachés,-10.153796,1
4278,P_NOUN_8_PASS_b,F,P,les bananes avec la jupe que j' aime beaucoup ne sont probablement pas cassées <eos>,13,cassées,cassés,11,F,S,cassées,-8.766552,cassés,-10.063882,1
4279,P_NOUN_8_PASS_b,F,P,les bananes avec la jupe que j' aime beaucoup ne sont probablement pas couvertes <eos>,13,couvertes,couverts,11,F,S,couvertes,-7.296627,couverts,-8.209165,1
4280,P_NOUN_8_PASS_b,F,P,les bananes avec la jupe que j' aime beaucoup ne sont probablement pas déformées <eos>,13,déformées,déformés,11,F,S,déformées,-8.359911,déformés,-13.529462,1
4281,P_NOUN_8_PASS_b,F,P,les bananes avec la jupe que j' aime beaucoup ne sont probablement pas fixées <eos>,13,fixées,fixés,11,F,S,fixées,-8.6382265,fixés,-9.68956,1
4282,P_NOUN_8_PASS_b,F,P,les bananes avec la jupe que j' aime beaucoup ne sont probablement pas jetées <eos>,13,jetées,jetés,11,F,S,jetées,-8.658365,jetés,-10.76179,1
4283,P_NOUN_8_PASS_b,F,P,les bananes avec la jupe que j' aime beaucoup ne sont probablement pas laissées <eos>,13,laissées,laissés,11,F,S,laissées,-7.901944,laissés,-10.001519,1
4284,P_NOUN_8_PASS_b,F,P,les bananes avec la jupe que j' aime beaucoup ne sont probablement pas ouvertes <eos>,13,ouvertes,ouverts,11,F,S,ouvertes,-7.9372106,ouverts,-9.009124,1
4285,P_NOUN_8_PASS_b,F,P,les bananes avec la jupe que j' aime beaucoup ne sont probablement pas perdues <eos>,13,perdues,perdus,11,F,S,perdues,-8.261015,perdus,-9.376113,1
4286,P_NOUN_8_PASS_b,F,P,les bananes avec la jupe que j' aime beaucoup ne sont probablement pas réparées <eos>,13,réparées,réparés,11,F,S,réparées,-10.135803,réparés,-12.804069,1
4287,P_NOUN_8_PASS_b,F,P,les bananes avec la jupe que j' aime beaucoup ne sont probablement pas retirées <eos>,13,retirées,retirés,11,F,S,retirées,-8.962913,retirés,-10.545128,1
4288,P_NOUN_8_PASS_b,F,P,les bananes avec la jupe que j' aime beaucoup ne sont probablement pas tombées <eos>,13,tombées,tombés,11,F,S,tombées,-7.8276253,tombés,-8.467768,1
4289,P_NOUN_8_PASS_b,F,P,les bananes avec la jupe que j' aime beaucoup ne sont probablement pas utilisées <eos>,13,utilisées,utilisés,11,F,S,utilisées,-5.085082,utilisés,-6.506778,1
4290,P_NOUN_8_PASS_b,F,P,les bananes avec la colle que j' aime beaucoup ne sont probablement pas achetées <eos>,13,achetées,achetés,11,F,S,achetées,-10.351772,achetés,-9.40186,0
4291,P_NOUN_8_PASS_b,F,P,les bananes avec la colle que j' aime beaucoup ne sont probablement pas brisées <eos>,13,brisées,brisés,11,F,S,brisées,-9.698251,brisés,-12.952437,1
4292,P_NOUN_8_PASS_b,F,P,les bananes avec la colle que j' aime beaucoup ne sont probablement pas cachées <eos>,13,cachées,cachés,11,F,S,cachées,-8.632151,cachés,-9.7893095,1
4293,P_NOUN_8_PASS_b,F,P,les bananes avec la colle que j' aime beaucoup ne sont probablement pas cassées <eos>,13,cassées,cassés,11,F,S,cassées,-8.817824,cassés,-9.88418,1
4294,P_NOUN_8_PASS_b,F,P,les bananes avec la colle que j' aime beaucoup ne sont probablement pas couvertes <eos>,13,couvertes,couverts,11,F,S,couvertes,-7.4958315,couverts,-8.194689,1
4295,P_NOUN_8_PASS_b,F,P,les bananes avec la colle que j' aime beaucoup ne sont probablement pas déformées <eos>,13,déformées,déformés,11,F,S,déformées,-8.567299,déformés,-14.048854,1
4296,P_NOUN_8_PASS_b,F,P,les bananes avec la colle que j' aime beaucoup ne sont probablement pas fixées <eos>,13,fixées,fixés,11,F,S,fixées,-8.702847,fixés,-9.604603,1
4297,P_NOUN_8_PASS_b,F,P,les bananes avec la colle que j' aime beaucoup ne sont probablement pas jetées <eos>,13,jetées,jetés,11,F,S,jetées,-8.486537,jetés,-10.368585,1
4298,P_NOUN_8_PASS_b,F,P,les bananes avec la colle que j' aime beaucoup ne sont probablement pas laissées <eos>,13,laissées,laissés,11,F,S,laissées,-7.716983,laissés,-9.783598,1
4299,P_NOUN_8_PASS_b,F,P,les bananes avec la colle que j' aime beaucoup ne sont probablement pas ouvertes <eos>,13,ouvertes,ouverts,11,F,S,ouvertes,-8.359442,ouverts,-9.482411,1
4300,P_NOUN_8_PASS_b,F,P,les bananes avec la colle que j' aime beaucoup ne sont probablement pas perdues <eos>,13,perdues,perdus,11,F,S,perdues,-7.831424,perdus,-8.88859,1
4301,P_NOUN_8_PASS_b,F,P,les bananes avec la colle que j' aime beaucoup ne sont probablement pas réparées <eos>,13,réparées,réparés,11,F,S,réparées,-10.322856,réparés,-12.6901455,1
4302,P_NOUN_8_PASS_b,F,P,les bananes avec la colle que j' aime beaucoup ne sont probablement pas retirées <eos>,13,retirées,retirés,11,F,S,retirées,-8.870471,retirés,-10.113157,1
4303,P_NOUN_8_PASS_b,F,P,les bananes avec la colle que j' aime beaucoup ne sont probablement pas tombées <eos>,13,tombées,tombés,11,F,S,tombées,-7.63684,tombés,-8.568487,1
4304,P_NOUN_8_PASS_b,F,P,les bananes avec la colle que j' aime beaucoup ne sont probablement pas utilisées <eos>,13,utilisées,utilisés,11,F,S,utilisées,-4.846542,utilisés,-6.1422734,1
4305,P_NOUN_8_PASS_b,F,P,les bananes avec la lampe que j' aime beaucoup ne sont probablement pas achetées <eos>,13,achetées,achetés,11,F,S,achetées,-10.263947,achetés,-9.837536,0
4306,P_NOUN_8_PASS_b,F,P,les bananes avec la lampe que j' aime beaucoup ne sont probablement pas brisées <eos>,13,brisées,brisés,11,F,S,brisées,-9.110837,brisés,-12.708553,1
4307,P_NOUN_8_PASS_b,F,P,les bananes avec la lampe que j' aime beaucoup ne sont probablement pas cachées <eos>,13,cachées,cachés,11,F,S,cachées,-8.180607,cachés,-9.6964035,1
4308,P_NOUN_8_PASS_b,F,P,les bananes avec la lampe que j' aime beaucoup ne sont probablement pas cassées <eos>,13,cassées,cassés,11,F,S,cassées,-8.74625,cassés,-10.221623,1
4309,P_NOUN_8_PASS_b,F,P,les bananes avec la lampe que j' aime beaucoup ne sont probablement pas couvertes <eos>,13,couvertes,couverts,11,F,S,couvertes,-7.877498,couverts,-8.815091,1
4310,P_NOUN_8_PASS_b,F,P,les bananes avec la lampe que j' aime beaucoup ne sont probablement pas déformées <eos>,13,déformées,déformés,11,F,S,déformées,-7.9796925,déformés,-13.367959,1
4311,P_NOUN_8_PASS_b,F,P,les bananes avec la lampe que j' aime beaucoup ne sont probablement pas fixées <eos>,13,fixées,fixés,11,F,S,fixées,-8.327937,fixés,-9.555724,1
4312,P_NOUN_8_PASS_b,F,P,les bananes avec la lampe que j' aime beaucoup ne sont probablement pas jetées <eos>,13,jetées,jetés,11,F,S,jetées,-7.8719416,jetés,-10.096423,1
4313,P_NOUN_8_PASS_b,F,P,les bananes avec la lampe que j' aime beaucoup ne sont probablement pas laissées <eos>,13,laissées,laissés,11,F,S,laissées,-7.6371937,laissés,-9.948326,1
4314,P_NOUN_8_PASS_b,F,P,les bananes avec la lampe que j' aime beaucoup ne sont probablement pas ouvertes <eos>,13,ouvertes,ouverts,11,F,S,ouvertes,-8.186377,ouverts,-9.734975,1
4315,P_NOUN_8_PASS_b,F,P,les bananes avec la lampe que j' aime beaucoup ne sont probablement pas perdues <eos>,13,perdues,perdus,11,F,S,perdues,-7.4441695,perdus,-8.595471,1
4316,P_NOUN_8_PASS_b,F,P,les bananes avec la lampe que j' aime beaucoup ne sont probablement pas réparées <eos>,13,réparées,réparés,11,F,S,réparées,-9.876781,réparés,-12.693107,1
4317,P_NOUN_8_PASS_b,F,P,les bananes avec la lampe que j' aime beaucoup ne sont probablement pas retirées <eos>,13,retirées,retirés,11,F,S,retirées,-8.399038,retirés,-10.125201,1
4318,P_NOUN_8_PASS_b,F,P,les bananes avec la lampe que j' aime beaucoup ne sont probablement pas tombées <eos>,13,tombées,tombés,11,F,S,tombées,-7.4145813,tombés,-8.745046,1
4319,P_NOUN_8_PASS_b,F,P,les bananes avec la lampe que j' aime beaucoup ne sont probablement pas utilisées <eos>,13,utilisées,utilisés,11,F,S,utilisées,-4.8176847,utilisés,-6.295898,1
4320,P_NOUN_8_PASS_b,F,P,les bananes avec la bouteille que j' aime beaucoup ne sont probablement pas achetées <eos>,13,achetées,achetés,11,F,S,achetées,-9.860042,achetés,-9.410168,0
4321,P_NOUN_8_PASS_b,F,P,les bananes avec la bouteille que j' aime beaucoup ne sont probablement pas brisées <eos>,13,brisées,brisés,11,F,S,brisées,-9.877287,brisés,-13.166008,1
4322,P_NOUN_8_PASS_b,F,P,les bananes avec la bouteille que j' aime beaucoup ne sont probablement pas cachées <eos>,13,cachées,cachés,11,F,S,cachées,-8.693019,cachés,-10.015993,1
4323,P_NOUN_8_PASS_b,F,P,les bananes avec la bouteille que j' aime beaucoup ne sont probablement pas cassées <eos>,13,cassées,cassés,11,F,S,cassées,-9.037573,cassés,-10.175583,1
4324,P_NOUN_8_PASS_b,F,P,les bananes avec la bouteille que j' aime beaucoup ne sont probablement pas couvertes <eos>,13,couvertes,couverts,11,F,S,couvertes,-7.6738043,couverts,-8.287115,1
4325,P_NOUN_8_PASS_b,F,P,les bananes avec la bouteille que j' aime beaucoup ne sont probablement pas déformées <eos>,13,déformées,déformés,11,F,S,déformées,-8.711818,déformés,-13.833877,1
4326,P_NOUN_8_PASS_b,F,P,les bananes avec la bouteille que j' aime beaucoup ne sont probablement pas fixées <eos>,13,fixées,fixés,11,F,S,fixées,-9.175966,fixés,-9.650904,1
4327,P_NOUN_8_PASS_b,F,P,les bananes avec la bouteille que j' aime beaucoup ne sont probablement pas jetées <eos>,13,jetées,jetés,11,F,S,jetées,-9.018273,jetés,-10.899202,1
4328,P_NOUN_8_PASS_b,F,P,les bananes avec la bouteille que j' aime beaucoup ne sont probablement pas laissées <eos>,13,laissées,laissés,11,F,S,laissées,-7.4378157,laissés,-9.9597845,1
4329,P_NOUN_8_PASS_b,F,P,les bananes avec la bouteille que j' aime beaucoup ne sont probablement pas ouvertes <eos>,13,ouvertes,ouverts,11,F,S,ouvertes,-8.158309,ouverts,-9.216003,1
4330,P_NOUN_8_PASS_b,F,P,les bananes avec la bouteille que j' aime beaucoup ne sont probablement pas perdues <eos>,13,perdues,perdus,11,F,S,perdues,-7.889277,perdus,-8.732729,1
4331,P_NOUN_8_PASS_b,F,P,les bananes avec la bouteille que j' aime beaucoup ne sont probablement pas réparées <eos>,13,réparées,réparés,11,F,S,réparées,-10.076635,réparés,-12.72295,1
4332,P_NOUN_8_PASS_b,F,P,les bananes avec la bouteille que j' aime beaucoup ne sont probablement pas retirées <eos>,13,retirées,retirés,11,F,S,retirées,-8.916092,retirés,-10.4796715,1
4333,P_NOUN_8_PASS_b,F,P,les bananes avec la bouteille que j' aime beaucoup ne sont probablement pas tombées <eos>,13,tombées,tombés,11,F,S,tombées,-7.8700724,tombés,-8.83919,1
4334,P_NOUN_8_PASS_b,F,P,les bananes avec la bouteille que j' aime beaucoup ne sont probablement pas utilisées <eos>,13,utilisées,utilisés,11,F,S,utilisées,-5.290552,utilisés,-6.635023,1
4335,P_NOUN_8_PASS_b,F,P,les bananes avec la boisson que j' aime beaucoup ne sont probablement pas achetées <eos>,13,achetées,achetés,11,F,S,achetées,-10.607463,achetés,-9.593695,0
4336,P_NOUN_8_PASS_b,F,P,les bananes avec la boisson que j' aime beaucoup ne sont probablement pas brisées <eos>,13,brisées,brisés,11,F,S,brisées,-10.352937,brisés,-13.573043,1
4337,P_NOUN_8_PASS_b,F,P,les bananes avec la boisson que j' aime beaucoup ne sont probablement pas cachées <eos>,13,cachées,cachés,11,F,S,cachées,-8.767976,cachés,-10.099092,1
4338,P_NOUN_8_PASS_b,F,P,les bananes avec la boisson que j' aime beaucoup ne sont probablement pas cassées <eos>,13,cassées,cassés,11,F,S,cassées,-9.744107,cassés,-10.457277,1
4339,P_NOUN_8_PASS_b,F,P,les bananes avec la boisson que j' aime beaucoup ne sont probablement pas couvertes <eos>,13,couvertes,couverts,11,F,S,couvertes,-8.103149,couverts,-8.285379,1
4340,P_NOUN_8_PASS_b,F,P,les bananes avec la boisson que j' aime beaucoup ne sont probablement pas déformées <eos>,13,déformées,déformés,11,F,S,déformées,-9.37836,déformés,-14.110671,1
4341,P_NOUN_8_PASS_b,F,P,les bananes avec la boisson que j' aime beaucoup ne sont probablement pas fixées <eos>,13,fixées,fixés,11,F,S,fixées,-9.21078,fixés,-9.86146,1
4342,P_NOUN_8_PASS_b,F,P,les bananes avec la boisson que j' aime beaucoup ne sont probablement pas jetées <eos>,13,jetées,jetés,11,F,S,jetées,-9.382969,jetés,-11.145883,1
4343,P_NOUN_8_PASS_b,F,P,les bananes avec la boisson que j' aime beaucoup ne sont probablement pas laissées <eos>,13,laissées,laissés,11,F,S,laissées,-7.963077,laissés,-9.940992,1
4344,P_NOUN_8_PASS_b,F,P,les bananes avec la boisson que j' aime beaucoup ne sont probablement pas ouvertes <eos>,13,ouvertes,ouverts,11,F,S,ouvertes,-8.447807,ouverts,-9.462698,1
4345,P_NOUN_8_PASS_b,F,P,les bananes avec la boisson que j' aime beaucoup ne sont probablement pas perdues <eos>,13,perdues,perdus,11,F,S,perdues,-8.164909,perdus,-8.924637,1
4346,P_NOUN_8_PASS_b,F,P,les bananes avec la boisson que j' aime beaucoup ne sont probablement pas réparées <eos>,13,réparées,réparés,11,F,S,réparées,-10.808667,réparés,-13.028817,1
4347,P_NOUN_8_PASS_b,F,P,les bananes avec la boisson que j' aime beaucoup ne sont probablement pas retirées <eos>,13,retirées,retirés,11,F,S,retirées,-9.408123,retirés,-10.520505,1
4348,P_NOUN_8_PASS_b,F,P,les bananes avec la boisson que j' aime beaucoup ne sont probablement pas tombées <eos>,13,tombées,tombés,11,F,S,tombées,-7.969971,tombés,-8.474253,1
4349,P_NOUN_8_PASS_b,F,P,les bananes avec la boisson que j' aime beaucoup ne sont probablement pas utilisées <eos>,13,utilisées,utilisés,11,F,S,utilisées,-5.683942,utilisés,-6.79723,1
4350,P_NOUN_8_PASS_b,F,P,les bananes avec la pomme que j' aime beaucoup ne sont probablement pas achetées <eos>,13,achetées,achetés,11,F,S,achetées,-10.095954,achetés,-9.376706,0
4351,P_NOUN_8_PASS_b,F,P,les bananes avec la pomme que j' aime beaucoup ne sont probablement pas brisées <eos>,13,brisées,brisés,11,F,S,brisées,-10.200832,brisés,-13.292656,1
4352,P_NOUN_8_PASS_b,F,P,les bananes avec la pomme que j' aime beaucoup ne sont probablement pas cachées <eos>,13,cachées,cachés,11,F,S,cachées,-8.823119,cachés,-10.33733,1
4353,P_NOUN_8_PASS_b,F,P,les bananes avec la pomme que j' aime beaucoup ne sont probablement pas cassées <eos>,13,cassées,cassés,11,F,S,cassées,-9.4291935,cassés,-9.976646,1
4354,P_NOUN_8_PASS_b,F,P,les bananes avec la pomme que j' aime beaucoup ne sont probablement pas couvertes <eos>,13,couvertes,couverts,11,F,S,couvertes,-7.541142,couverts,-8.064768,1
4355,P_NOUN_8_PASS_b,F,P,les bananes avec la pomme que j' aime beaucoup ne sont probablement pas déformées <eos>,13,déformées,déformés,11,F,S,déformées,-9.111647,déformés,-14.235283,1
4356,P_NOUN_8_PASS_b,F,P,les bananes avec la pomme que j' aime beaucoup ne sont probablement pas fixées <eos>,13,fixées,fixés,11,F,S,fixées,-9.241839,fixés,-9.546197,1
4357,P_NOUN_8_PASS_b,F,P,les bananes avec la pomme que j' aime beaucoup ne sont probablement pas jetées <eos>,13,jetées,jetés,11,F,S,jetées,-9.371586,jetés,-11.4426,1
4358,P_NOUN_8_PASS_b,F,P,les bananes avec la pomme que j' aime beaucoup ne sont probablement pas laissées <eos>,13,laissées,laissés,11,F,S,laissées,-7.811246,laissés,-9.774189,1
4359,P_NOUN_8_PASS_b,F,P,les bananes avec la pomme que j' aime beaucoup ne sont probablement pas ouvertes <eos>,13,ouvertes,ouverts,11,F,S,ouvertes,-8.186965,ouverts,-9.282472,1
4360,P_NOUN_8_PASS_b,F,P,les bananes avec la pomme que j' aime beaucoup ne sont probablement pas perdues <eos>,13,perdues,perdus,11,F,S,perdues,-7.9103436,perdus,-8.899367,1
4361,P_NOUN_8_PASS_b,F,P,les bananes avec la pomme que j' aime beaucoup ne sont probablement pas réparées <eos>,13,réparées,réparés,11,F,S,réparées,-10.745506,réparés,-12.812613,1
4362,P_NOUN_8_PASS_b,F,P,les bananes avec la pomme que j' aime beaucoup ne sont probablement pas retirées <eos>,13,retirées,retirés,11,F,S,retirées,-9.363429,retirés,-10.6418295,1
4363,P_NOUN_8_PASS_b,F,P,les bananes avec la pomme que j' aime beaucoup ne sont probablement pas tombées <eos>,13,tombées,tombés,11,F,S,tombées,-7.747742,tombés,-8.485903,1
4364,P_NOUN_8_PASS_b,F,P,les bananes avec la pomme que j' aime beaucoup ne sont probablement pas utilisées <eos>,13,utilisées,utilisés,11,F,S,utilisées,-5.218482,utilisés,-6.557028,1
4365,P_NOUN_8_PASS_b,F,P,les bananes avec la tasse que j' aime beaucoup ne sont probablement pas achetées <eos>,13,achetées,achetés,11,F,S,achetées,-9.994944,achetés,-9.574173,0
4366,P_NOUN_8_PASS_b,F,P,les bananes avec la tasse que j' aime beaucoup ne sont probablement pas brisées <eos>,13,brisées,brisés,11,F,S,brisées,-9.638796,brisés,-12.982431,1
4367,P_NOUN_8_PASS_b,F,P,les bananes avec la tasse que j' aime beaucoup ne sont probablement pas cachées <eos>,13,cachées,cachés,11,F,S,cachées,-8.447018,cachés,-10.438215,1
4368,P_NOUN_8_PASS_b,F,P,les bananes avec la tasse que j' aime beaucoup ne sont probablement pas cassées <eos>,13,cassées,cassés,11,F,S,cassées,-8.909857,cassés,-10.175415,1
4369,P_NOUN_8_PASS_b,F,P,les bananes avec la tasse que j' aime beaucoup ne sont probablement pas couvertes <eos>,13,couvertes,couverts,11,F,S,couvertes,-7.0874386,couverts,-7.8312693,1
4370,P_NOUN_8_PASS_b,F,P,les bananes avec la tasse que j' aime beaucoup ne sont probablement pas déformées <eos>,13,déformées,déformés,11,F,S,déformées,-8.954321,déformés,-13.932941,1
4371,P_NOUN_8_PASS_b,F,P,les bananes avec la tasse que j' aime beaucoup ne sont probablement pas fixées <eos>,13,fixées,fixés,11,F,S,fixées,-9.130199,fixés,-10.037636,1
4372,P_NOUN_8_PASS_b,F,P,les bananes avec la tasse que j' aime beaucoup ne sont probablement pas jetées <eos>,13,jetées,jetés,11,F,S,jetées,-8.938329,jetés,-10.9263,1
4373,P_NOUN_8_PASS_b,F,P,les bananes avec la tasse que j' aime beaucoup ne sont probablement pas laissées <eos>,13,laissées,laissés,11,F,S,laissées,-7.383117,laissés,-9.746244,1
4374,P_NOUN_8_PASS_b,F,P,les bananes avec la tasse que j' aime beaucoup ne sont probablement pas ouvertes <eos>,13,ouvertes,ouverts,11,F,S,ouvertes,-7.398676,ouverts,-8.414777,1
4375,P_NOUN_8_PASS_b,F,P,les bananes avec la tasse que j' aime beaucoup ne sont probablement pas perdues <eos>,13,perdues,perdus,11,F,S,perdues,-8.290366,perdus,-9.328557,1
4376,P_NOUN_8_PASS_b,F,P,les bananes avec la tasse que j' aime beaucoup ne sont probablement pas réparées <eos>,13,réparées,réparés,11,F,S,réparées,-9.794913,réparés,-12.499296,1
4377,P_NOUN_8_PASS_b,F,P,les bananes avec la tasse que j' aime beaucoup ne sont probablement pas retirées <eos>,13,retirées,retirés,11,F,S,retirées,-9.106031,retirés,-10.701545,1
4378,P_NOUN_8_PASS_b,F,P,les bananes avec la tasse que j' aime beaucoup ne sont probablement pas tombées <eos>,13,tombées,tombés,11,F,S,tombées,-8.031721,tombés,-8.885395,1
4379,P_NOUN_8_PASS_b,F,P,les bananes avec la tasse que j' aime beaucoup ne sont probablement pas utilisées <eos>,13,utilisées,utilisés,11,F,S,utilisées,-5.5353546,utilisés,-7.0358486,1
4380,P_NOUN_8_PASS_b,F,P,les bananes avec la bougie que j' aime beaucoup ne sont probablement pas achetées <eos>,13,achetées,achetés,11,F,S,achetées,-10.092123,achetés,-9.649747,0
4381,P_NOUN_8_PASS_b,F,P,les bananes avec la bougie que j' aime beaucoup ne sont probablement pas brisées <eos>,13,brisées,brisés,11,F,S,brisées,-9.719899,brisés,-12.870619,1
4382,P_NOUN_8_PASS_b,F,P,les bananes avec la bougie que j' aime beaucoup ne sont probablement pas cachées <eos>,13,cachées,cachés,11,F,S,cachées,-8.643199,cachés,-9.759381,1
4383,P_NOUN_8_PASS_b,F,P,les bananes avec la bougie que j' aime beaucoup ne sont probablement pas cassées <eos>,13,cassées,cassés,11,F,S,cassées,-8.8312435,cassés,-10.125133,1
4384,P_NOUN_8_PASS_b,F,P,les bananes avec la bougie que j' aime beaucoup ne sont probablement pas couvertes <eos>,13,couvertes,couverts,11,F,S,couvertes,-7.70329,couverts,-8.401426,1
4385,P_NOUN_8_PASS_b,F,P,les bananes avec la bougie que j' aime beaucoup ne sont probablement pas déformées <eos>,13,déformées,déformés,11,F,S,déformées,-8.718589,déformés,-13.614599,1
4386,P_NOUN_8_PASS_b,F,P,les bananes avec la bougie que j' aime beaucoup ne sont probablement pas fixées <eos>,13,fixées,fixés,11,F,S,fixées,-8.845633,fixés,-9.4752035,1
4387,P_NOUN_8_PASS_b,F,P,les bananes avec la bougie que j' aime beaucoup ne sont probablement pas jetées <eos>,13,jetées,jetés,11,F,S,jetées,-8.677532,jetés,-10.373829,1
4388,P_NOUN_8_PASS_b,F,P,les bananes avec la bougie que j' aime beaucoup ne sont probablement pas laissées <eos>,13,laissées,laissés,11,F,S,laissées,-7.696151,laissés,-9.747139,1
4389,P_NOUN_8_PASS_b,F,P,les bananes avec la bougie que j' aime beaucoup ne sont probablement pas ouvertes <eos>,13,ouvertes,ouverts,11,F,S,ouvertes,-8.245142,ouverts,-9.246686,1
4390,P_NOUN_8_PASS_b,F,P,les bananes avec la bougie que j' aime beaucoup ne sont probablement pas perdues <eos>,13,perdues,perdus,11,F,S,perdues,-7.8493724,perdus,-8.70577,1
4391,P_NOUN_8_PASS_b,F,P,les bananes avec la bougie que j' aime beaucoup ne sont probablement pas réparées <eos>,13,réparées,réparés,11,F,S,réparées,-9.87972,réparés,-12.306907,1
4392,P_NOUN_8_PASS_b,F,P,les bananes avec la bougie que j' aime beaucoup ne sont probablement pas retirées <eos>,13,retirées,retirés,11,F,S,retirées,-8.698444,retirés,-10.310799,1
4393,P_NOUN_8_PASS_b,F,P,les bananes avec la bougie que j' aime beaucoup ne sont probablement pas tombées <eos>,13,tombées,tombés,11,F,S,tombées,-7.5288563,tombés,-8.242087,1
4394,P_NOUN_8_PASS_b,F,P,les bananes avec la bougie que j' aime beaucoup ne sont probablement pas utilisées <eos>,13,utilisées,utilisés,11,F,S,utilisées,-5.241254,utilisés,-6.481557,1
4395,P_NOUN_8_PASS_b,F,P,les bananes avec la pochette que j' aime beaucoup ne sont probablement pas achetées <eos>,13,achetées,achetés,11,F,S,achetées,-9.943404,achetés,-10.319679,1
4396,P_NOUN_8_PASS_b,F,P,les bananes avec la pochette que j' aime beaucoup ne sont probablement pas brisées <eos>,13,brisées,brisés,11,F,S,brisées,-9.588239,brisés,-13.088131,1
4397,P_NOUN_8_PASS_b,F,P,les bananes avec la pochette que j' aime beaucoup ne sont probablement pas cachées <eos>,13,cachées,cachés,11,F,S,cachées,-8.437111,cachés,-10.3494215,1
4398,P_NOUN_8_PASS_b,F,P,les bananes avec la pochette que j' aime beaucoup ne sont probablement pas cassées <eos>,13,cassées,cassés,11,F,S,cassées,-9.406183,cassés,-11.014273,1
4399,P_NOUN_8_PASS_b,F,P,les bananes avec la pochette que j' aime beaucoup ne sont probablement pas couvertes <eos>,13,couvertes,couverts,11,F,S,couvertes,-8.632154,couverts,-9.524513,1
4400,P_NOUN_8_PASS_b,F,P,les bananes avec la pochette que j' aime beaucoup ne sont probablement pas déformées <eos>,13,déformées,déformés,11,F,S,déformées,-8.321148,déformés,-13.221378,1
4401,P_NOUN_8_PASS_b,F,P,les bananes avec la pochette que j' aime beaucoup ne sont probablement pas fixées <eos>,13,fixées,fixés,11,F,S,fixées,-8.921038,fixés,-10.174824,1
4402,P_NOUN_8_PASS_b,F,P,les bananes avec la pochette que j' aime beaucoup ne sont probablement pas jetées <eos>,13,jetées,jetés,11,F,S,jetées,-9.756462,jetés,-11.207747,1
4403,P_NOUN_8_PASS_b,F,P,les bananes avec la pochette que j' aime beaucoup ne sont probablement pas laissées <eos>,13,laissées,laissés,11,F,S,laissées,-7.8681593,laissés,-10.605037,1
4404,P_NOUN_8_PASS_b,F,P,les bananes avec la pochette que j' aime beaucoup ne sont probablement pas ouvertes <eos>,13,ouvertes,ouverts,11,F,S,ouvertes,-8.27808,ouverts,-9.9190035,1
4405,P_NOUN_8_PASS_b,F,P,les bananes avec la pochette que j' aime beaucoup ne sont probablement pas perdues <eos>,13,perdues,perdus,11,F,S,perdues,-7.9641643,perdus,-9.133253,1
4406,P_NOUN_8_PASS_b,F,P,les bananes avec la pochette que j' aime beaucoup ne sont probablement pas réparées <eos>,13,réparées,réparés,11,F,S,réparées,-10.16861,réparés,-13.630695,1
4407,P_NOUN_8_PASS_b,F,P,les bananes avec la pochette que j' aime beaucoup ne sont probablement pas retirées <eos>,13,retirées,retirés,11,F,S,retirées,-8.590791,retirés,-11.091511,1
4408,P_NOUN_8_PASS_b,F,P,les bananes avec la pochette que j' aime beaucoup ne sont probablement pas tombées <eos>,13,tombées,tombés,11,F,S,tombées,-8.296833,tombés,-9.18962,1
4409,P_NOUN_8_PASS_b,F,P,les bananes avec la pochette que j' aime beaucoup ne sont probablement pas utilisées <eos>,13,utilisées,utilisés,11,F,S,utilisées,-5.835534,utilisés,-7.353367,1
4410,P_NOUN_8_PASS_b,F,P,les bananes avec la banane que j' aime beaucoup ne sont probablement pas achetées <eos>,13,achetées,achetés,11,F,S,achetées,-10.758308,achetés,-9.827299,0
4411,P_NOUN_8_PASS_b,F,P,les bananes avec la banane que j' aime beaucoup ne sont probablement pas brisées <eos>,13,brisées,brisés,11,F,S,brisées,-10.012459,brisés,-13.000099,1
4412,P_NOUN_8_PASS_b,F,P,les bananes avec la banane que j' aime beaucoup ne sont probablement pas cachées <eos>,13,cachées,cachés,11,F,S,cachées,-9.077288,cachés,-10.456489,1
4413,P_NOUN_8_PASS_b,F,P,les bananes avec la banane que j' aime beaucoup ne sont probablement pas cassées <eos>,13,cassées,cassés,11,F,S,cassées,-9.138504,cassés,-10.033759,1
4414,P_NOUN_8_PASS_b,F,P,les bananes avec la banane que j' aime beaucoup ne sont probablement pas couvertes <eos>,13,couvertes,couverts,11,F,S,couvertes,-7.615241,couverts,-8.244709,1
4415,P_NOUN_8_PASS_b,F,P,les bananes avec la banane que j' aime beaucoup ne sont probablement pas déformées <eos>,13,déformées,déformés,11,F,S,déformées,-8.895856,déformés,-13.844775,1
4416,P_NOUN_8_PASS_b,F,P,les bananes avec la banane que j' aime beaucoup ne sont probablement pas fixées <eos>,13,fixées,fixés,11,F,S,fixées,-8.846167,fixés,-9.298641,1
4417,P_NOUN_8_PASS_b,F,P,les bananes avec la banane que j' aime beaucoup ne sont probablement pas jetées <eos>,13,jetées,jetés,11,F,S,jetées,-8.402583,jetés,-11.027715,1
4418,P_NOUN_8_PASS_b,F,P,les bananes avec la banane que j' aime beaucoup ne sont probablement pas laissées <eos>,13,laissées,laissés,11,F,S,laissées,-7.821787,laissés,-9.868523,1
4419,P_NOUN_8_PASS_b,F,P,les bananes avec la banane que j' aime beaucoup ne sont probablement pas ouvertes <eos>,13,ouvertes,ouverts,11,F,S,ouvertes,-8.7019615,ouverts,-9.514304,1
4420,P_NOUN_8_PASS_b,F,P,les bananes avec la banane que j' aime beaucoup ne sont probablement pas perdues <eos>,13,perdues,perdus,11,F,S,perdues,-8.208306,perdus,-8.915967,1
4421,P_NOUN_8_PASS_b,F,P,les bananes avec la banane que j' aime beaucoup ne sont probablement pas réparées <eos>,13,réparées,réparés,11,F,S,réparées,-10.711564,réparés,-12.408662,1
4422,P_NOUN_8_PASS_b,F,P,les bananes avec la banane que j' aime beaucoup ne sont probablement pas retirées <eos>,13,retirées,retirés,11,F,S,retirées,-9.357367,retirés,-10.541941,1
4423,P_NOUN_8_PASS_b,F,P,les bananes avec la banane que j' aime beaucoup ne sont probablement pas tombées <eos>,13,tombées,tombés,11,F,S,tombées,-7.638968,tombés,-8.502321,1
4424,P_NOUN_8_PASS_b,F,P,les bananes avec la banane que j' aime beaucoup ne sont probablement pas utilisées <eos>,13,utilisées,utilisés,11,F,S,utilisées,-5.1778297,utilisés,-6.3250103,1
4425,P_NOUN_8_PASS_b,F,P,les bananes avec la robe que j' aime beaucoup ne sont probablement pas achetées <eos>,13,achetées,achetés,11,F,S,achetées,-10.811764,achetés,-10.068938,0
4426,P_NOUN_8_PASS_b,F,P,les bananes avec la robe que j' aime beaucoup ne sont probablement pas brisées <eos>,13,brisées,brisés,11,F,S,brisées,-10.140478,brisés,-13.462389,1
4427,P_NOUN_8_PASS_b,F,P,les bananes avec la robe que j' aime beaucoup ne sont probablement pas cachées <eos>,13,cachées,cachés,11,F,S,cachées,-8.381957,cachés,-10.137856,1
4428,P_NOUN_8_PASS_b,F,P,les bananes avec la robe que j' aime beaucoup ne sont probablement pas cassées <eos>,13,cassées,cassés,11,F,S,cassées,-9.449991,cassés,-10.7897,1
4429,P_NOUN_8_PASS_b,F,P,les bananes avec la robe que j' aime beaucoup ne sont probablement pas couvertes <eos>,13,couvertes,couverts,11,F,S,couvertes,-7.6214476,couverts,-8.373252,1
4430,P_NOUN_8_PASS_b,F,P,les bananes avec la robe que j' aime beaucoup ne sont probablement pas déformées <eos>,13,déformées,déformés,11,F,S,déformées,-8.917364,déformés,-13.715574,1
4431,P_NOUN_8_PASS_b,F,P,les bananes avec la robe que j' aime beaucoup ne sont probablement pas fixées <eos>,13,fixées,fixés,11,F,S,fixées,-9.1866455,fixés,-10.180559,1
4432,P_NOUN_8_PASS_b,F,P,les bananes avec la robe que j' aime beaucoup ne sont probablement pas jetées <eos>,13,jetées,jetés,11,F,S,jetées,-9.116375,jetés,-11.18154,1
4433,P_NOUN_8_PASS_b,F,P,les bananes avec la robe que j' aime beaucoup ne sont probablement pas laissées <eos>,13,laissées,laissés,11,F,S,laissées,-8.247782,laissés,-10.1591625,1
4434,P_NOUN_8_PASS_b,F,P,les bananes avec la robe que j' aime beaucoup ne sont probablement pas ouvertes <eos>,13,ouvertes,ouverts,11,F,S,ouvertes,-7.987488,ouverts,-9.17152,1
4435,P_NOUN_8_PASS_b,F,P,les bananes avec la robe que j' aime beaucoup ne sont probablement pas perdues <eos>,13,perdues,perdus,11,F,S,perdues,-8.327958,perdus,-9.474019,1
4436,P_NOUN_8_PASS_b,F,P,les bananes avec la robe que j' aime beaucoup ne sont probablement pas réparées <eos>,13,réparées,réparés,11,F,S,réparées,-10.666276,réparés,-12.756631,1
4437,P_NOUN_8_PASS_b,F,P,les bananes avec la robe que j' aime beaucoup ne sont probablement pas retirées <eos>,13,retirées,retirés,11,F,S,retirées,-9.508344,retirés,-10.7270975,1
4438,P_NOUN_8_PASS_b,F,P,les bananes avec la robe que j' aime beaucoup ne sont probablement pas tombées <eos>,13,tombées,tombés,11,F,S,tombées,-7.9403296,tombés,-8.24009,1
4439,P_NOUN_8_PASS_b,F,P,les bananes avec la robe que j' aime beaucoup ne sont probablement pas utilisées <eos>,13,utilisées,utilisés,11,F,S,utilisées,-5.2389536,utilisés,-6.5843325,1
4440,P_NOUN_8_PASS_b,F,P,les bananes avec la valise que j' aime beaucoup ne sont probablement pas achetées <eos>,13,achetées,achetés,11,F,S,achetées,-8.700792,achetés,-9.110978,1
4441,P_NOUN_8_PASS_b,F,P,les bananes avec la valise que j' aime beaucoup ne sont probablement pas brisées <eos>,13,brisées,brisés,11,F,S,brisées,-9.157237,brisés,-12.535238,1
4442,P_NOUN_8_PASS_b,F,P,les bananes avec la valise que j' aime beaucoup ne sont probablement pas cachées <eos>,13,cachées,cachés,11,F,S,cachées,-8.110334,cachés,-9.145296,1
4443,P_NOUN_8_PASS_b,F,P,les bananes avec la valise que j' aime beaucoup ne sont probablement pas cassées <eos>,13,cassées,cassés,11,F,S,cassées,-8.797256,cassés,-10.148599,1
4444,P_NOUN_8_PASS_b,F,P,les bananes avec la valise que j' aime beaucoup ne sont probablement pas couvertes <eos>,13,couvertes,couverts,11,F,S,couvertes,-8.165568,couverts,-9.1008,1
4445,P_NOUN_8_PASS_b,F,P,les bananes avec la valise que j' aime beaucoup ne sont probablement pas déformées <eos>,13,déformées,déformés,11,F,S,déformées,-8.173129,déformés,-13.956618,1
4446,P_NOUN_8_PASS_b,F,P,les bananes avec la valise que j' aime beaucoup ne sont probablement pas fixées <eos>,13,fixées,fixés,11,F,S,fixées,-8.824322,fixés,-9.876968,1
4447,P_NOUN_8_PASS_b,F,P,les bananes avec la valise que j' aime beaucoup ne sont probablement pas jetées <eos>,13,jetées,jetés,11,F,S,jetées,-8.076852,jetés,-9.887517,1
4448,P_NOUN_8_PASS_b,F,P,les bananes avec la valise que j' aime beaucoup ne sont probablement pas laissées <eos>,13,laissées,laissés,11,F,S,laissées,-7.3464413,laissés,-9.681375,1
4449,P_NOUN_8_PASS_b,F,P,les bananes avec la valise que j' aime beaucoup ne sont probablement pas ouvertes <eos>,13,ouvertes,ouverts,11,F,S,ouvertes,-8.092436,ouverts,-9.123877,1
4450,P_NOUN_8_PASS_b,F,P,les bananes avec la valise que j' aime beaucoup ne sont probablement pas perdues <eos>,13,perdues,perdus,11,F,S,perdues,-7.4684076,perdus,-8.271818,1
4451,P_NOUN_8_PASS_b,F,P,les bananes avec la valise que j' aime beaucoup ne sont probablement pas réparées <eos>,13,réparées,réparés,11,F,S,réparées,-9.8733425,réparés,-13.259401,1
4452,P_NOUN_8_PASS_b,F,P,les bananes avec la valise que j' aime beaucoup ne sont probablement pas retirées <eos>,13,retirées,retirés,11,F,S,retirées,-8.627071,retirés,-9.880609,1
4453,P_NOUN_8_PASS_b,F,P,les bananes avec la valise que j' aime beaucoup ne sont probablement pas tombées <eos>,13,tombées,tombés,11,F,S,tombées,-8.090235,tombés,-8.613203,1
4454,P_NOUN_8_PASS_b,F,P,les bananes avec la valise que j' aime beaucoup ne sont probablement pas utilisées <eos>,13,utilisées,utilisés,11,F,S,utilisées,-5.1988554,utilisés,-6.6327944,1
4455,P_NOUN_8_PASS_b,F,P,les bananes avec la pendule que j' aime beaucoup ne sont probablement pas achetées <eos>,13,achetées,achetés,11,F,S,achetées,-10.915284,achetés,-10.0915785,0
4456,P_NOUN_8_PASS_b,F,P,les bananes avec la pendule que j' aime beaucoup ne sont probablement pas brisées <eos>,13,brisées,brisés,11,F,S,brisées,-9.888392,brisés,-12.90435,1
4457,P_NOUN_8_PASS_b,F,P,les bananes avec la pendule que j' aime beaucoup ne sont probablement pas cachées <eos>,13,cachées,cachés,11,F,S,cachées,-8.712037,cachés,-9.903239,1
4458,P_NOUN_8_PASS_b,F,P,les bananes avec la pendule que j' aime beaucoup ne sont probablement pas cassées <eos>,13,cassées,cassés,11,F,S,cassées,-8.719201,cassés,-10.200074,1
4459,P_NOUN_8_PASS_b,F,P,les bananes avec la pendule que j' aime beaucoup ne sont probablement pas couvertes <eos>,13,couvertes,couverts,11,F,S,couvertes,-7.5376115,couverts,-8.316939,1
4460,P_NOUN_8_PASS_b,F,P,les bananes avec la pendule que j' aime beaucoup ne sont probablement pas déformées <eos>,13,déformées,déformés,11,F,S,déformées,-8.062611,déformés,-13.427233,1
4461,P_NOUN_8_PASS_b,F,P,les bananes avec la pendule que j' aime beaucoup ne sont probablement pas fixées <eos>,13,fixées,fixés,11,F,S,fixées,-8.499544,fixés,-9.241379,1
4462,P_NOUN_8_PASS_b,F,P,les bananes avec la pendule que j' aime beaucoup ne sont probablement pas jetées <eos>,13,jetées,jetés,11,F,S,jetées,-8.49321,jetés,-10.177559,1
4463,P_NOUN_8_PASS_b,F,P,les bananes avec la pendule que j' aime beaucoup ne sont probablement pas laissées <eos>,13,laissées,laissés,11,F,S,laissées,-7.8158407,laissés,-10.131983,1
4464,P_NOUN_8_PASS_b,F,P,les bananes avec la pendule que j' aime beaucoup ne sont probablement pas ouvertes <eos>,13,ouvertes,ouverts,11,F,S,ouvertes,-7.966072,ouverts,-8.917458,1
4465,P_NOUN_8_PASS_b,F,P,les bananes avec la pendule que j' aime beaucoup ne sont probablement pas perdues <eos>,13,perdues,perdus,11,F,S,perdues,-7.747447,perdus,-8.467836,1
4466,P_NOUN_8_PASS_b,F,P,les bananes avec la pendule que j' aime beaucoup ne sont probablement pas réparées <eos>,13,réparées,réparés,11,F,S,réparées,-9.955054,réparés,-12.279397,1
4467,P_NOUN_8_PASS_b,F,P,les bananes avec la pendule que j' aime beaucoup ne sont probablement pas retirées <eos>,13,retirées,retirés,11,F,S,retirées,-8.708074,retirés,-10.169605,1
4468,P_NOUN_8_PASS_b,F,P,les bananes avec la pendule que j' aime beaucoup ne sont probablement pas tombées <eos>,13,tombées,tombés,11,F,S,tombées,-7.6689415,tombés,-8.590673,1
4469,P_NOUN_8_PASS_b,F,P,les bananes avec la pendule que j' aime beaucoup ne sont probablement pas utilisées <eos>,13,utilisées,utilisés,11,F,S,utilisées,-4.847383,utilisés,-5.9944406,1
4470,P_NOUN_8_PASS_b,F,P,les bananes avec la cloche que j' aime beaucoup ne sont probablement pas achetées <eos>,13,achetées,achetés,11,F,S,achetées,-10.174467,achetés,-9.850315,0
4471,P_NOUN_8_PASS_b,F,P,les bananes avec la cloche que j' aime beaucoup ne sont probablement pas brisées <eos>,13,brisées,brisés,11,F,S,brisées,-9.645252,brisés,-12.902761,1
4472,P_NOUN_8_PASS_b,F,P,les bananes avec la cloche que j' aime beaucoup ne sont probablement pas cachées <eos>,13,cachées,cachés,11,F,S,cachées,-8.456603,cachés,-9.766163,1
4473,P_NOUN_8_PASS_b,F,P,les bananes avec la cloche que j' aime beaucoup ne sont probablement pas cassées <eos>,13,cassées,cassés,11,F,S,cassées,-9.1850815,cassés,-10.055248,1
4474,P_NOUN_8_PASS_b,F,P,les bananes avec la cloche que j' aime beaucoup ne sont probablement pas couvertes <eos>,13,couvertes,couverts,11,F,S,couvertes,-8.047656,couverts,-8.500708,1
4475,P_NOUN_8_PASS_b,F,P,les bananes avec la cloche que j' aime beaucoup ne sont probablement pas déformées <eos>,13,déformées,déformés,11,F,S,déformées,-9.076508,déformés,-14.163444,1
4476,P_NOUN_8_PASS_b,F,P,les bananes avec la cloche que j' aime beaucoup ne sont probablement pas fixées <eos>,13,fixées,fixés,11,F,S,fixées,-8.764066,fixés,-9.471416,1
4477,P_NOUN_8_PASS_b,F,P,les bananes avec la cloche que j' aime beaucoup ne sont probablement pas jetées <eos>,13,jetées,jetés,11,F,S,jetées,-8.258237,jetés,-10.250316,1
4478,P_NOUN_8_PASS_b,F,P,les bananes avec la cloche que j' aime beaucoup ne sont probablement pas laissées <eos>,13,laissées,laissés,11,F,S,laissées,-7.7851534,laissés,-9.614138,1
4479,P_NOUN_8_PASS_b,F,P,les bananes avec la cloche que j' aime beaucoup ne sont probablement pas ouvertes <eos>,13,ouvertes,ouverts,11,F,S,ouvertes,-8.231447,ouverts,-9.654996,1
4480,P_NOUN_8_PASS_b,F,P,les bananes avec la cloche que j' aime beaucoup ne sont probablement pas perdues <eos>,13,perdues,perdus,11,F,S,perdues,-7.635891,perdus,-8.744545,1
4481,P_NOUN_8_PASS_b,F,P,les bananes avec la cloche que j' aime beaucoup ne sont probablement pas réparées <eos>,13,réparées,réparés,11,F,S,réparées,-10.265449,réparés,-12.544262,1
4482,P_NOUN_8_PASS_b,F,P,les bananes avec la cloche que j' aime beaucoup ne sont probablement pas retirées <eos>,13,retirées,retirés,11,F,S,retirées,-8.885962,retirés,-10.259623,1
4483,P_NOUN_8_PASS_b,F,P,les bananes avec la cloche que j' aime beaucoup ne sont probablement pas tombées <eos>,13,tombées,tombés,11,F,S,tombées,-7.6618223,tombés,-8.1019945,1
4484,P_NOUN_8_PASS_b,F,P,les bananes avec la cloche que j' aime beaucoup ne sont probablement pas utilisées <eos>,13,utilisées,utilisés,11,F,S,utilisées,-5.3385496,utilisés,-6.617691,1
4485,P_NOUN_8_PASS_b,F,P,les bananes avec la cerise que j' aime beaucoup ne sont probablement pas achetées <eos>,13,achetées,achetés,11,F,S,achetées,-10.344958,achetés,-9.504925,0
4486,P_NOUN_8_PASS_b,F,P,les bananes avec la cerise que j' aime beaucoup ne sont probablement pas brisées <eos>,13,brisées,brisés,11,F,S,brisées,-10.089485,brisés,-13.098303,1
4487,P_NOUN_8_PASS_b,F,P,les bananes avec la cerise que j' aime beaucoup ne sont probablement pas cachées <eos>,13,cachées,cachés,11,F,S,cachées,-8.860131,cachés,-10.326306,1
4488,P_NOUN_8_PASS_b,F,P,les bananes avec la cerise que j' aime beaucoup ne sont probablement pas cassées <eos>,13,cassées,cassés,11,F,S,cassées,-9.290321,cassés,-10.038357,1
4489,P_NOUN_8_PASS_b,F,P,les bananes avec la cerise que j' aime beaucoup ne sont probablement pas couvertes <eos>,13,couvertes,couverts,11,F,S,couvertes,-7.567856,couverts,-8.013565,1
4490,P_NOUN_8_PASS_b,F,P,les bananes avec la cerise que j' aime beaucoup ne sont probablement pas déformées <eos>,13,déformées,déformés,11,F,S,déformées,-9.056874,déformés,-14.050497,1
4491,P_NOUN_8_PASS_b,F,P,les bananes avec la cerise que j' aime beaucoup ne sont probablement pas fixées <eos>,13,fixées,fixés,11,F,S,fixées,-9.094439,fixés,-9.719225,1
4492,P_NOUN_8_PASS_b,F,P,les bananes avec la cerise que j' aime beaucoup ne sont probablement pas jetées <eos>,13,jetées,jetés,11,F,S,jetées,-9.117199,jetés,-11.252308,1
4493,P_NOUN_8_PASS_b,F,P,les bananes avec la cerise que j' aime beaucoup ne sont probablement pas laissées <eos>,13,laissées,laissés,11,F,S,laissées,-7.7999854,laissés,-9.741205,1
4494,P_NOUN_8_PASS_b,F,P,les bananes avec la cerise que j' aime beaucoup ne sont probablement pas ouvertes <eos>,13,ouvertes,ouverts,11,F,S,ouvertes,-8.200388,ouverts,-9.13135,1
4495,P_NOUN_8_PASS_b,F,P,les bananes avec la cerise que j' aime beaucoup ne sont probablement pas perdues <eos>,13,perdues,perdus,11,F,S,perdues,-8.002949,perdus,-8.989141,1
4496,P_NOUN_8_PASS_b,F,P,les bananes avec la cerise que j' aime beaucoup ne sont probablement pas réparées <eos>,13,réparées,réparés,11,F,S,réparées,-10.559802,réparés,-12.47889,1
4497,P_NOUN_8_PASS_b,F,P,les bananes avec la cerise que j' aime beaucoup ne sont probablement pas retirées <eos>,13,retirées,retirés,11,F,S,retirées,-9.201153,retirés,-10.427548,1
4498,P_NOUN_8_PASS_b,F,P,les bananes avec la cerise que j' aime beaucoup ne sont probablement pas tombées <eos>,13,tombées,tombés,11,F,S,tombées,-7.662429,tombés,-8.347401,1
4499,P_NOUN_8_PASS_b,F,P,les bananes avec la cerise que j' aime beaucoup ne sont probablement pas utilisées <eos>,13,utilisées,utilisés,11,F,S,utilisées,-5.2754774,utilisés,-6.472581,1
4500,P_NOUN_8_PASS_b,F,P,les robes avec la gemme que j' aime beaucoup ne sont probablement pas achetées <eos>,13,achetées,achetés,11,F,S,achetées,-12.2809105,achetés,-11.671402,0
4501,P_NOUN_8_PASS_b,F,P,les robes avec la gemme que j' aime beaucoup ne sont probablement pas brisées <eos>,13,brisées,brisés,11,F,S,brisées,-10.020089,brisés,-13.472303,1
4502,P_NOUN_8_PASS_b,F,P,les robes avec la gemme que j' aime beaucoup ne sont probablement pas cachées <eos>,13,cachées,cachés,11,F,S,cachées,-8.527092,cachés,-10.1368065,1
4503,P_NOUN_8_PASS_b,F,P,les robes avec la gemme que j' aime beaucoup ne sont probablement pas cassées <eos>,13,cassées,cassés,11,F,S,cassées,-9.359347,cassés,-11.780738,1
4504,P_NOUN_8_PASS_b,F,P,les robes avec la gemme que j' aime beaucoup ne sont probablement pas couvertes <eos>,13,couvertes,couverts,11,F,S,couvertes,-8.032473,couverts,-8.763279,1
4505,P_NOUN_8_PASS_b,F,P,les robes avec la gemme que j' aime beaucoup ne sont probablement pas déformées <eos>,13,déformées,déformés,11,F,S,déformées,-9.156418,déformés,-12.878433,1
4506,P_NOUN_8_PASS_b,F,P,les robes avec la gemme que j' aime beaucoup ne sont probablement pas fixées <eos>,13,fixées,fixés,11,F,S,fixées,-8.329425,fixés,-10.117869,1
4507,P_NOUN_8_PASS_b,F,P,les robes avec la gemme que j' aime beaucoup ne sont probablement pas jetées <eos>,13,jetées,jetés,11,F,S,jetées,-9.293559,jetés,-11.235022,1
4508,P_NOUN_8_PASS_b,F,P,les robes avec la gemme que j' aime beaucoup ne sont probablement pas laissées <eos>,13,laissées,laissés,11,F,S,laissées,-8.384431,laissés,-10.980356,1
4509,P_NOUN_8_PASS_b,F,P,les robes avec la gemme que j' aime beaucoup ne sont probablement pas ouvertes <eos>,13,ouvertes,ouverts,11,F,S,ouvertes,-8.063007,ouverts,-10.0130005,1
4510,P_NOUN_8_PASS_b,F,P,les robes avec la gemme que j' aime beaucoup ne sont probablement pas perdues <eos>,13,perdues,perdus,11,F,S,perdues,-8.755449,perdus,-10.001848,1
4511,P_NOUN_8_PASS_b,F,P,les robes avec la gemme que j' aime beaucoup ne sont probablement pas réparées <eos>,13,réparées,réparés,11,F,S,réparées,-10.2644825,réparés,-12.455431,1
4512,P_NOUN_8_PASS_b,F,P,les robes avec la gemme que j' aime beaucoup ne sont probablement pas retirées <eos>,13,retirées,retirés,11,F,S,retirées,-9.242783,retirés,-11.018579,1
4513,P_NOUN_8_PASS_b,F,P,les robes avec la gemme que j' aime beaucoup ne sont probablement pas tombées <eos>,13,tombées,tombés,11,F,S,tombées,-7.8032117,tombés,-8.209831,1
4514,P_NOUN_8_PASS_b,F,P,les robes avec la gemme que j' aime beaucoup ne sont probablement pas utilisées <eos>,13,utilisées,utilisés,11,F,S,utilisées,-5.567832,utilisés,-6.7328625,1
4515,P_NOUN_8_PASS_b,F,P,les robes avec la chaise que j' aime beaucoup ne sont probablement pas achetées <eos>,13,achetées,achetés,11,F,S,achetées,-11.834563,achetés,-11.24807,0
4516,P_NOUN_8_PASS_b,F,P,les robes avec la chaise que j' aime beaucoup ne sont probablement pas brisées <eos>,13,brisées,brisés,11,F,S,brisées,-9.55352,brisés,-13.084821,1
4517,P_NOUN_8_PASS_b,F,P,les robes avec la chaise que j' aime beaucoup ne sont probablement pas cachées <eos>,13,cachées,cachés,11,F,S,cachées,-8.446156,cachés,-10.45565,1
4518,P_NOUN_8_PASS_b,F,P,les robes avec la chaise que j' aime beaucoup ne sont probablement pas cassées <eos>,13,cassées,cassés,11,F,S,cassées,-9.160717,cassés,-11.510731,1
4519,P_NOUN_8_PASS_b,F,P,les robes avec la chaise que j' aime beaucoup ne sont probablement pas couvertes <eos>,13,couvertes,couverts,11,F,S,couvertes,-8.018506,couverts,-8.948582,1
4520,P_NOUN_8_PASS_b,F,P,les robes avec la chaise que j' aime beaucoup ne sont probablement pas déformées <eos>,13,déformées,déformés,11,F,S,déformées,-8.978058,déformés,-12.89715,1
4521,P_NOUN_8_PASS_b,F,P,les robes avec la chaise que j' aime beaucoup ne sont probablement pas fixées <eos>,13,fixées,fixés,11,F,S,fixées,-7.8461485,fixés,-9.883539,1
4522,P_NOUN_8_PASS_b,F,P,les robes avec la chaise que j' aime beaucoup ne sont probablement pas jetées <eos>,13,jetées,jetés,11,F,S,jetées,-9.356483,jetés,-11.125549,1
4523,P_NOUN_8_PASS_b,F,P,les robes avec la chaise que j' aime beaucoup ne sont probablement pas laissées <eos>,13,laissées,laissés,11,F,S,laissées,-8.338645,laissés,-11.067564,1
4524,P_NOUN_8_PASS_b,F,P,les robes avec la chaise que j' aime beaucoup ne sont probablement pas ouvertes <eos>,13,ouvertes,ouverts,11,F,S,ouvertes,-7.8621726,ouverts,-10.003048,1
4525,P_NOUN_8_PASS_b,F,P,les robes avec la chaise que j' aime beaucoup ne sont probablement pas perdues <eos>,13,perdues,perdus,11,F,S,perdues,-8.603124,perdus,-9.816809,1
4526,P_NOUN_8_PASS_b,F,P,les robes avec la chaise que j' aime beaucoup ne sont probablement pas réparées <eos>,13,réparées,réparés,11,F,S,réparées,-10.095755,réparés,-12.863227,1
4527,P_NOUN_8_PASS_b,F,P,les robes avec la chaise que j' aime beaucoup ne sont probablement pas retirées <eos>,13,retirées,retirés,11,F,S,retirées,-9.046882,retirés,-10.88935,1
4528,P_NOUN_8_PASS_b,F,P,les robes avec la chaise que j' aime beaucoup ne sont probablement pas tombées <eos>,13,tombées,tombés,11,F,S,tombées,-8.251373,tombés,-8.892048,1
4529,P_NOUN_8_PASS_b,F,P,les robes avec la chaise que j' aime beaucoup ne sont probablement pas utilisées <eos>,13,utilisées,utilisés,11,F,S,utilisées,-5.5326195,utilisés,-6.784569,1
4530,P_NOUN_8_PASS_b,F,P,les robes avec la poubelle que j' aime beaucoup ne sont probablement pas achetées <eos>,13,achetées,achetés,11,F,S,achetées,-11.960601,achetés,-11.15758,0
4531,P_NOUN_8_PASS_b,F,P,les robes avec la poubelle que j' aime beaucoup ne sont probablement pas brisées <eos>,13,brisées,brisés,11,F,S,brisées,-9.717321,brisés,-13.25972,1
4532,P_NOUN_8_PASS_b,F,P,les robes avec la poubelle que j' aime beaucoup ne sont probablement pas cachées <eos>,13,cachées,cachés,11,F,S,cachées,-8.291345,cachés,-9.779013,1
4533,P_NOUN_8_PASS_b,F,P,les robes avec la poubelle que j' aime beaucoup ne sont probablement pas cassées <eos>,13,cassées,cassés,11,F,S,cassées,-9.300769,cassés,-11.73713,1
4534,P_NOUN_8_PASS_b,F,P,les robes avec la poubelle que j' aime beaucoup ne sont probablement pas couvertes <eos>,13,couvertes,couverts,11,F,S,couvertes,-8.198381,couverts,-9.068121,1
4535,P_NOUN_8_PASS_b,F,P,les robes avec la poubelle que j' aime beaucoup ne sont probablement pas déformées <eos>,13,déformées,déformés,11,F,S,déformées,-8.985722,déformés,-12.866013,1
4536,P_NOUN_8_PASS_b,F,P,les robes avec la poubelle que j' aime beaucoup ne sont probablement pas fixées <eos>,13,fixées,fixés,11,F,S,fixées,-8.08786,fixés,-10.097494,1
4537,P_NOUN_8_PASS_b,F,P,les robes avec la poubelle que j' aime beaucoup ne sont probablement pas jetées <eos>,13,jetées,jetés,11,F,S,jetées,-9.1191435,jetés,-10.872052,1
4538,P_NOUN_8_PASS_b,F,P,les robes avec la poubelle que j' aime beaucoup ne sont probablement pas laissées <eos>,13,laissées,laissés,11,F,S,laissées,-8.307436,laissés,-10.961681,1
4539,P_NOUN_8_PASS_b,F,P,les robes avec la poubelle que j' aime beaucoup ne sont probablement pas ouvertes <eos>,13,ouvertes,ouverts,11,F,S,ouvertes,-7.954174,ouverts,-10.017003,1
4540,P_NOUN_8_PASS_b,F,P,les robes avec la poubelle que j' aime beaucoup ne sont probablement pas perdues <eos>,13,perdues,perdus,11,F,S,perdues,-8.504194,perdus,-9.70426,1
4541,P_NOUN_8_PASS_b,F,P,les robes avec la poubelle que j' aime beaucoup ne sont probablement pas réparées <eos>,13,réparées,réparés,11,F,S,réparées,-10.190832,réparés,-12.844072,1
4542,P_NOUN_8_PASS_b,F,P,les robes avec la poubelle que j' aime beaucoup ne sont probablement pas retirées <eos>,13,retirées,retirés,11,F,S,retirées,-8.999125,retirés,-10.813974,1
4543,P_NOUN_8_PASS_b,F,P,les robes avec la poubelle que j' aime beaucoup ne sont probablement pas tombées <eos>,13,tombées,tombés,11,F,S,tombées,-8.000652,tombés,-8.477878,1
4544,P_NOUN_8_PASS_b,F,P,les robes avec la poubelle que j' aime beaucoup ne sont probablement pas utilisées <eos>,13,utilisées,utilisés,11,F,S,utilisées,-5.410972,utilisés,-6.610142,1
4545,P_NOUN_8_PASS_b,F,P,les robes avec la chemise que j' aime beaucoup ne sont probablement pas achetées <eos>,13,achetées,achetés,11,F,S,achetées,-12.093206,achetés,-11.693365,0
4546,P_NOUN_8_PASS_b,F,P,les robes avec la chemise que j' aime beaucoup ne sont probablement pas brisées <eos>,13,brisées,brisés,11,F,S,brisées,-9.951582,brisés,-13.396538,1
4547,P_NOUN_8_PASS_b,F,P,les robes avec la chemise que j' aime beaucoup ne sont probablement pas cachées <eos>,13,cachées,cachés,11,F,S,cachées,-8.506098,cachés,-10.1435795,1
4548,P_NOUN_8_PASS_b,F,P,les robes avec la chemise que j' aime beaucoup ne sont probablement pas cassées <eos>,13,cassées,cassés,11,F,S,cassées,-9.12033,cassés,-11.748693,1
4549,P_NOUN_8_PASS_b,F,P,les robes avec la chemise que j' aime beaucoup ne sont probablement pas couvertes <eos>,13,couvertes,couverts,11,F,S,couvertes,-7.8762956,couverts,-9.025181,1
4550,P_NOUN_8_PASS_b,F,P,les robes avec la chemise que j' aime beaucoup ne sont probablement pas déformées <eos>,13,déformées,déformés,11,F,S,déformées,-9.189079,déformés,-13.163338,1
4551,P_NOUN_8_PASS_b,F,P,les robes avec la chemise que j' aime beaucoup ne sont probablement pas fixées <eos>,13,fixées,fixés,11,F,S,fixées,-8.231215,fixés,-10.1373,1
4552,P_NOUN_8_PASS_b,F,P,les robes avec la chemise que j' aime beaucoup ne sont probablement pas jetées <eos>,13,jetées,jetés,11,F,S,jetées,-9.191543,jetés,-11.249002,1
4553,P_NOUN_8_PASS_b,F,P,les robes avec la chemise que j' aime beaucoup ne sont probablement pas laissées <eos>,13,laissées,laissés,11,F,S,laissées,-8.677144,laissés,-11.263581,1
4554,P_NOUN_8_PASS_b,F,P,les robes avec la chemise que j' aime beaucoup ne sont probablement pas ouvertes <eos>,13,ouvertes,ouverts,11,F,S,ouvertes,-7.8514166,ouverts,-9.830694,1
4555,P_NOUN_8_PASS_b,F,P,les robes avec la chemise que j' aime beaucoup ne sont probablement pas perdues <eos>,13,perdues,perdus,11,F,S,perdues,-8.925079,perdus,-10.105342,1
4556,P_NOUN_8_PASS_b,F,P,les robes avec la chemise que j' aime beaucoup ne sont probablement pas réparées <eos>,13,réparées,réparés,11,F,S,réparées,-10.648109,réparés,-12.886003,1
4557,P_NOUN_8_PASS_b,F,P,les robes avec la chemise que j' aime beaucoup ne sont probablement pas retirées <eos>,13,retirées,retirés,11,F,S,retirées,-9.40898,retirés,-10.910993,1
4558,P_NOUN_8_PASS_b,F,P,les robes avec la chemise que j' aime beaucoup ne sont probablement pas tombées <eos>,13,tombées,tombés,11,F,S,tombées,-8.189147,tombés,-8.06348,0
4559,P_NOUN_8_PASS_b,F,P,les robes avec la chemise que j' aime beaucoup ne sont probablement pas utilisées <eos>,13,utilisées,utilisés,11,F,S,utilisées,-5.361186,utilisés,-6.59575,1
4560,P_NOUN_8_PASS_b,F,P,les robes avec la recette que j' aime beaucoup ne sont probablement pas achetées <eos>,13,achetées,achetés,11,F,S,achetées,-11.907314,achetés,-11.149658,0
4561,P_NOUN_8_PASS_b,F,P,les robes avec la recette que j' aime beaucoup ne sont probablement pas brisées <eos>,13,brisées,brisés,11,F,S,brisées,-10.549749,brisés,-14.331065,1
4562,P_NOUN_8_PASS_b,F,P,les robes avec la recette que j' aime beaucoup ne sont probablement pas cachées <eos>,13,cachées,cachés,11,F,S,cachées,-9.36602,cachés,-10.68342,1
4563,P_NOUN_8_PASS_b,F,P,les robes avec la recette que j' aime beaucoup ne sont probablement pas cassées <eos>,13,cassées,cassés,11,F,S,cassées,-10.152523,cassés,-11.997356,1
4564,P_NOUN_8_PASS_b,F,P,les robes avec la recette que j' aime beaucoup ne sont probablement pas couvertes <eos>,13,couvertes,couverts,11,F,S,couvertes,-8.239267,couverts,-8.8679085,1
4565,P_NOUN_8_PASS_b,F,P,les robes avec la recette que j' aime beaucoup ne sont probablement pas déformées <eos>,13,déformées,déformés,11,F,S,déformées,-9.714151,déformés,-13.522556,1
4566,P_NOUN_8_PASS_b,F,P,les robes avec la recette que j' aime beaucoup ne sont probablement pas fixées <eos>,13,fixées,fixés,11,F,S,fixées,-8.616066,fixés,-10.5360985,1
4567,P_NOUN_8_PASS_b,F,P,les robes avec la recette que j' aime beaucoup ne sont probablement pas jetées <eos>,13,jetées,jetés,11,F,S,jetées,-10.084345,jetés,-12.308045,1
4568,P_NOUN_8_PASS_b,F,P,les robes avec la recette que j' aime beaucoup ne sont probablement pas laissées <eos>,13,laissées,laissés,11,F,S,laissées,-8.402522,laissés,-11.436366,1
4569,P_NOUN_8_PASS_b,F,P,les robes avec la recette que j' aime beaucoup ne sont probablement pas ouvertes <eos>,13,ouvertes,ouverts,11,F,S,ouvertes,-7.9626746,ouverts,-9.9006195,1
4570,P_NOUN_8_PASS_b,F,P,les robes avec la recette que j' aime beaucoup ne sont probablement pas perdues <eos>,13,perdues,perdus,11,F,S,perdues,-8.59264,perdus,-10.140255,1
4571,P_NOUN_8_PASS_b,F,P,les robes avec la recette que j' aime beaucoup ne sont probablement pas réparées <eos>,13,réparées,réparés,11,F,S,réparées,-10.477955,réparés,-12.935766,1
4572,P_NOUN_8_PASS_b,F,P,les robes avec la recette que j' aime beaucoup ne sont probablement pas retirées <eos>,13,retirées,retirés,11,F,S,retirées,-9.567535,retirés,-11.022177,1
4573,P_NOUN_8_PASS_b,F,P,les robes avec la recette que j' aime beaucoup ne sont probablement pas tombées <eos>,13,tombées,tombés,11,F,S,tombées,-8.328179,tombés,-8.799015,1
4574,P_NOUN_8_PASS_b,F,P,les robes avec la recette que j' aime beaucoup ne sont probablement pas utilisées <eos>,13,utilisées,utilisés,11,F,S,utilisées,-5.469077,utilisés,-6.9214582,1
4575,P_NOUN_8_PASS_b,F,P,les robes avec la jupe que j' aime beaucoup ne sont probablement pas achetées <eos>,13,achetées,achetés,11,F,S,achetées,-12.092562,achetés,-11.688749,0
4576,P_NOUN_8_PASS_b,F,P,les robes avec la jupe que j' aime beaucoup ne sont probablement pas brisées <eos>,13,brisées,brisés,11,F,S,brisées,-9.992447,brisés,-13.459142,1
4577,P_NOUN_8_PASS_b,F,P,les robes avec la jupe que j' aime beaucoup ne sont probablement pas cachées <eos>,13,cachées,cachés,11,F,S,cachées,-8.749985,cachés,-10.565365,1
4578,P_NOUN_8_PASS_b,F,P,les robes avec la jupe que j' aime beaucoup ne sont probablement pas cassées <eos>,13,cassées,cassés,11,F,S,cassées,-9.222291,cassés,-11.7435875,1
4579,P_NOUN_8_PASS_b,F,P,les robes avec la jupe que j' aime beaucoup ne sont probablement pas couvertes <eos>,13,couvertes,couverts,11,F,S,couvertes,-7.9069223,couverts,-9.013993,1
4580,P_NOUN_8_PASS_b,F,P,les robes avec la jupe que j' aime beaucoup ne sont probablement pas déformées <eos>,13,déformées,déformés,11,F,S,déformées,-8.767225,déformés,-12.94403,1
4581,P_NOUN_8_PASS_b,F,P,les robes avec la jupe que j' aime beaucoup ne sont probablement pas fixées <eos>,13,fixées,fixés,11,F,S,fixées,-8.100602,fixés,-10.181106,1
4582,P_NOUN_8_PASS_b,F,P,les robes avec la jupe que j' aime beaucoup ne sont probablement pas jetées <eos>,13,jetées,jetés,11,F,S,jetées,-9.452515,jetés,-11.562122,1
4583,P_NOUN_8_PASS_b,F,P,les robes avec la jupe que j' aime beaucoup ne sont probablement pas laissées <eos>,13,laissées,laissés,11,F,S,laissées,-8.570143,laissés,-11.525646,1
4584,P_NOUN_8_PASS_b,F,P,les robes avec la jupe que j' aime beaucoup ne sont probablement pas ouvertes <eos>,13,ouvertes,ouverts,11,F,S,ouvertes,-7.777714,ouverts,-9.78704,1
4585,P_NOUN_8_PASS_b,F,P,les robes avec la jupe que j' aime beaucoup ne sont probablement pas perdues <eos>,13,perdues,perdus,11,F,S,perdues,-8.978957,perdus,-10.448793,1
4586,P_NOUN_8_PASS_b,F,P,les robes avec la jupe que j' aime beaucoup ne sont probablement pas réparées <eos>,13,réparées,réparés,11,F,S,réparées,-10.382089,réparés,-13.110537,1
4587,P_NOUN_8_PASS_b,F,P,les robes avec la jupe que j' aime beaucoup ne sont probablement pas retirées <eos>,13,retirées,retirés,11,F,S,retirées,-9.35215,retirés,-11.20236,1
4588,P_NOUN_8_PASS_b,F,P,les robes avec la jupe que j' aime beaucoup ne sont probablement pas tombées <eos>,13,tombées,tombés,11,F,S,tombées,-8.227392,tombés,-8.788982,1
4589,P_NOUN_8_PASS_b,F,P,les robes avec la jupe que j' aime beaucoup ne sont probablement pas utilisées <eos>,13,utilisées,utilisés,11,F,S,utilisées,-5.3931627,utilisés,-6.852251,1
4590,P_NOUN_8_PASS_b,F,P,les robes avec la colle que j' aime beaucoup ne sont probablement pas achetées <eos>,13,achetées,achetés,11,F,S,achetées,-11.840241,achetés,-11.012961,0
4591,P_NOUN_8_PASS_b,F,P,les robes avec la colle que j' aime beaucoup ne sont probablement pas brisées <eos>,13,brisées,brisés,11,F,S,brisées,-9.850125,brisés,-13.38191,1
4592,P_NOUN_8_PASS_b,F,P,les robes avec la colle que j' aime beaucoup ne sont probablement pas cachées <eos>,13,cachées,cachés,11,F,S,cachées,-8.691685,cachés,-9.98175,1
4593,P_NOUN_8_PASS_b,F,P,les robes avec la colle que j' aime beaucoup ne sont probablement pas cassées <eos>,13,cassées,cassés,11,F,S,cassées,-8.987667,cassés,-11.239841,1
4594,P_NOUN_8_PASS_b,F,P,les robes avec la colle que j' aime beaucoup ne sont probablement pas couvertes <eos>,13,couvertes,couverts,11,F,S,couvertes,-7.872496,couverts,-8.681942,1
4595,P_NOUN_8_PASS_b,F,P,les robes avec la colle que j' aime beaucoup ne sont probablement pas déformées <eos>,13,déformées,déformés,11,F,S,déformées,-8.858574,déformés,-13.170147,1
4596,P_NOUN_8_PASS_b,F,P,les robes avec la colle que j' aime beaucoup ne sont probablement pas fixées <eos>,13,fixées,fixés,11,F,S,fixées,-8.359214,fixés,-10.23659,1
4597,P_NOUN_8_PASS_b,F,P,les robes avec la colle que j' aime beaucoup ne sont probablement pas jetées <eos>,13,jetées,jetés,11,F,S,jetées,-9.243251,jetés,-10.903254,1
4598,P_NOUN_8_PASS_b,F,P,les robes avec la colle que j' aime beaucoup ne sont probablement pas laissées <eos>,13,laissées,laissés,11,F,S,laissées,-8.186234,laissés,-11.033304,1
4599,P_NOUN_8_PASS_b,F,P,les robes avec la colle que j' aime beaucoup ne sont probablement pas ouvertes <eos>,13,ouvertes,ouverts,11,F,S,ouvertes,-8.005066,ouverts,-9.784728,1
4600,P_NOUN_8_PASS_b,F,P,les robes avec la colle que j' aime beaucoup ne sont probablement pas perdues <eos>,13,perdues,perdus,11,F,S,perdues,-8.590408,perdus,-9.923829,1
4601,P_NOUN_8_PASS_b,F,P,les robes avec la colle que j' aime beaucoup ne sont probablement pas réparées <eos>,13,réparées,réparés,11,F,S,réparées,-10.27391,réparés,-12.787994,1
4602,P_NOUN_8_PASS_b,F,P,les robes avec la colle que j' aime beaucoup ne sont probablement pas retirées <eos>,13,retirées,retirés,11,F,S,retirées,-9.166744,retirés,-10.723643,1
4603,P_NOUN_8_PASS_b,F,P,les robes avec la colle que j' aime beaucoup ne sont probablement pas tombées <eos>,13,tombées,tombés,11,F,S,tombées,-7.969637,tombés,-8.537653,1
4604,P_NOUN_8_PASS_b,F,P,les robes avec la colle que j' aime beaucoup ne sont probablement pas utilisées <eos>,13,utilisées,utilisés,11,F,S,utilisées,-5.157221,utilisés,-6.4712944,1
4605,P_NOUN_8_PASS_b,F,P,les robes avec la lampe que j' aime beaucoup ne sont probablement pas achetées <eos>,13,achetées,achetés,11,F,S,achetées,-11.983088,achetés,-11.595889,0
4606,P_NOUN_8_PASS_b,F,P,les robes avec la lampe que j' aime beaucoup ne sont probablement pas brisées <eos>,13,brisées,brisés,11,F,S,brisées,-9.387381,brisés,-13.158505,1
4607,P_NOUN_8_PASS_b,F,P,les robes avec la lampe que j' aime beaucoup ne sont probablement pas cachées <eos>,13,cachées,cachés,11,F,S,cachées,-8.491513,cachés,-10.134272,1
4608,P_NOUN_8_PASS_b,F,P,les robes avec la lampe que j' aime beaucoup ne sont probablement pas cassées <eos>,13,cassées,cassés,11,F,S,cassées,-9.091815,cassés,-11.794316,1
4609,P_NOUN_8_PASS_b,F,P,les robes avec la lampe que j' aime beaucoup ne sont probablement pas couvertes <eos>,13,couvertes,couverts,11,F,S,couvertes,-8.2425375,couverts,-9.276706,1
4610,P_NOUN_8_PASS_b,F,P,les robes avec la lampe que j' aime beaucoup ne sont probablement pas déformées <eos>,13,déformées,déformés,11,F,S,déformées,-8.449568,déformés,-12.560913,1
4611,P_NOUN_8_PASS_b,F,P,les robes avec la lampe que j' aime beaucoup ne sont probablement pas fixées <eos>,13,fixées,fixés,11,F,S,fixées,-7.771408,fixés,-10.090271,1
4612,P_NOUN_8_PASS_b,F,P,les robes avec la lampe que j' aime beaucoup ne sont probablement pas jetées <eos>,13,jetées,jetés,11,F,S,jetées,-8.69022,jetés,-10.588681,1
4613,P_NOUN_8_PASS_b,F,P,les robes avec la lampe que j' aime beaucoup ne sont probablement pas laissées <eos>,13,laissées,laissés,11,F,S,laissées,-8.220814,laissés,-11.208599,1
4614,P_NOUN_8_PASS_b,F,P,les robes avec la lampe que j' aime beaucoup ne sont probablement pas ouvertes <eos>,13,ouvertes,ouverts,11,F,S,ouvertes,-7.9034476,ouverts,-10.264669,1
4615,P_NOUN_8_PASS_b,F,P,les robes avec la lampe que j' aime beaucoup ne sont probablement pas perdues <eos>,13,perdues,perdus,11,F,S,perdues,-8.219858,perdus,-9.659012,1
4616,P_NOUN_8_PASS_b,F,P,les robes avec la lampe que j' aime beaucoup ne sont probablement pas réparées <eos>,13,réparées,réparés,11,F,S,réparées,-9.848296,réparés,-12.698668,1
4617,P_NOUN_8_PASS_b,F,P,les robes avec la lampe que j' aime beaucoup ne sont probablement pas retirées <eos>,13,retirées,retirés,11,F,S,retirées,-8.716278,retirés,-10.813497,1
4618,P_NOUN_8_PASS_b,F,P,les robes avec la lampe que j' aime beaucoup ne sont probablement pas tombées <eos>,13,tombées,tombés,11,F,S,tombées,-7.857588,tombés,-8.816804,1
4619,P_NOUN_8_PASS_b,F,P,les robes avec la lampe que j' aime beaucoup ne sont probablement pas utilisées <eos>,13,utilisées,utilisés,11,F,S,utilisées,-5.1948442,utilisés,-6.6649895,1
4620,P_NOUN_8_PASS_b,F,P,les robes avec la bouteille que j' aime beaucoup ne sont probablement pas achetées <eos>,13,achetées,achetés,11,F,S,achetées,-11.472471,achetés,-11.073743,0
4621,P_NOUN_8_PASS_b,F,P,les robes avec la bouteille que j' aime beaucoup ne sont probablement pas brisées <eos>,13,brisées,brisés,11,F,S,brisées,-10.041847,brisés,-13.716058,1
4622,P_NOUN_8_PASS_b,F,P,les robes avec la bouteille que j' aime beaucoup ne sont probablement pas cachées <eos>,13,cachées,cachés,11,F,S,cachées,-8.818779,cachés,-10.374927,1
4623,P_NOUN_8_PASS_b,F,P,les robes avec la bouteille que j' aime beaucoup ne sont probablement pas cassées <eos>,13,cassées,cassés,11,F,S,cassées,-9.387638,cassés,-11.654237,1
4624,P_NOUN_8_PASS_b,F,P,les robes avec la bouteille que j' aime beaucoup ne sont probablement pas couvertes <eos>,13,couvertes,couverts,11,F,S,couvertes,-8.093937,couverts,-8.818188,1
4625,P_NOUN_8_PASS_b,F,P,les robes avec la bouteille que j' aime beaucoup ne sont probablement pas déformées <eos>,13,déformées,déformés,11,F,S,déformées,-9.133996,déformés,-13.172241,1
4626,P_NOUN_8_PASS_b,F,P,les robes avec la bouteille que j' aime beaucoup ne sont probablement pas fixées <eos>,13,fixées,fixés,11,F,S,fixées,-8.848335,fixés,-10.295057,1
4627,P_NOUN_8_PASS_b,F,P,les robes avec la bouteille que j' aime beaucoup ne sont probablement pas jetées <eos>,13,jetées,jetés,11,F,S,jetées,-9.762512,jetés,-11.307788,1
4628,P_NOUN_8_PASS_b,F,P,les robes avec la bouteille que j' aime beaucoup ne sont probablement pas laissées <eos>,13,laissées,laissés,11,F,S,laissées,-7.8832493,laissés,-11.133338,1
4629,P_NOUN_8_PASS_b,F,P,les robes avec la bouteille que j' aime beaucoup ne sont probablement pas ouvertes <eos>,13,ouvertes,ouverts,11,F,S,ouvertes,-7.844405,ouverts,-9.630568,1
4630,P_NOUN_8_PASS_b,F,P,les robes avec la bouteille que j' aime beaucoup ne sont probablement pas perdues <eos>,13,perdues,perdus,11,F,S,perdues,-8.715306,perdus,-9.988206,1
4631,P_NOUN_8_PASS_b,F,P,les robes avec la bouteille que j' aime beaucoup ne sont probablement pas réparées <eos>,13,réparées,réparés,11,F,S,réparées,-10.048788,réparés,-12.740212,1
4632,P_NOUN_8_PASS_b,F,P,les robes avec la bouteille que j' aime beaucoup ne sont probablement pas retirées <eos>,13,retirées,retirés,11,F,S,retirées,-9.327154,retirés,-11.234364,1
4633,P_NOUN_8_PASS_b,F,P,les robes avec la bouteille que j' aime beaucoup ne sont probablement pas tombées <eos>,13,tombées,tombés,11,F,S,tombées,-8.338557,tombés,-9.0403385,1
4634,P_NOUN_8_PASS_b,F,P,les robes avec la bouteille que j' aime beaucoup ne sont probablement pas utilisées <eos>,13,utilisées,utilisés,11,F,S,utilisées,-5.638658,utilisés,-7.004248,1
4635,P_NOUN_8_PASS_b,F,P,les robes avec la boisson que j' aime beaucoup ne sont probablement pas achetées <eos>,13,achetées,achetés,11,F,S,achetées,-11.824025,achetés,-10.939167,0
4636,P_NOUN_8_PASS_b,F,P,les robes avec la boisson que j' aime beaucoup ne sont probablement pas brisées <eos>,13,brisées,brisés,11,F,S,brisées,-10.304843,brisés,-14.067041,1
4637,P_NOUN_8_PASS_b,F,P,les robes avec la boisson que j' aime beaucoup ne sont probablement pas cachées <eos>,13,cachées,cachés,11,F,S,cachées,-8.868613,cachés,-10.258707,1
4638,P_NOUN_8_PASS_b,F,P,les robes avec la boisson que j' aime beaucoup ne sont probablement pas cassées <eos>,13,cassées,cassés,11,F,S,cassées,-9.935622,cassés,-11.738905,1
4639,P_NOUN_8_PASS_b,F,P,les robes avec la boisson que j' aime beaucoup ne sont probablement pas couvertes <eos>,13,couvertes,couverts,11,F,S,couvertes,-8.307903,couverts,-8.7085905,1
4640,P_NOUN_8_PASS_b,F,P,les robes avec la boisson que j' aime beaucoup ne sont probablement pas déformées <eos>,13,déformées,déformés,11,F,S,déformées,-9.623254,déformés,-13.523661,1
4641,P_NOUN_8_PASS_b,F,P,les robes avec la boisson que j' aime beaucoup ne sont probablement pas fixées <eos>,13,fixées,fixés,11,F,S,fixées,-8.87899,fixés,-10.47073,1
4642,P_NOUN_8_PASS_b,F,P,les robes avec la boisson que j' aime beaucoup ne sont probablement pas jetées <eos>,13,jetées,jetés,11,F,S,jetées,-9.902357,jetés,-11.514723,1
4643,P_NOUN_8_PASS_b,F,P,les robes avec la boisson que j' aime beaucoup ne sont probablement pas laissées <eos>,13,laissées,laissés,11,F,S,laissées,-8.267,laissés,-11.038237,1
4644,P_NOUN_8_PASS_b,F,P,les robes avec la boisson que j' aime beaucoup ne sont probablement pas ouvertes <eos>,13,ouvertes,ouverts,11,F,S,ouvertes,-8.130047,ouverts,-9.905583,1
4645,P_NOUN_8_PASS_b,F,P,les robes avec la boisson que j' aime beaucoup ne sont probablement pas perdues <eos>,13,perdues,perdus,11,F,S,perdues,-8.860679,perdus,-10.054087,1
4646,P_NOUN_8_PASS_b,F,P,les robes avec la boisson que j' aime beaucoup ne sont probablement pas réparées <eos>,13,réparées,réparés,11,F,S,réparées,-10.671818,réparés,-13.025137,1
4647,P_NOUN_8_PASS_b,F,P,les robes avec la boisson que j' aime beaucoup ne sont probablement pas retirées <eos>,13,retirées,retirés,11,F,S,retirées,-9.626237,retirés,-11.056358,1
4648,P_NOUN_8_PASS_b,F,P,les robes avec la boisson que j' aime beaucoup ne sont probablement pas tombées <eos>,13,tombées,tombés,11,F,S,tombées,-8.2759075,tombés,-8.5277,1
4649,P_NOUN_8_PASS_b,F,P,les robes avec la boisson que j' aime beaucoup ne sont probablement pas utilisées <eos>,13,utilisées,utilisés,11,F,S,utilisées,-5.6868057,utilisés,-6.889043,1
4650,P_NOUN_8_PASS_b,F,P,les robes avec la pomme que j' aime beaucoup ne sont probablement pas achetées <eos>,13,achetées,achetés,11,F,S,achetées,-11.318475,achetés,-10.663779,0
4651,P_NOUN_8_PASS_b,F,P,les robes avec la pomme que j' aime beaucoup ne sont probablement pas brisées <eos>,13,brisées,brisés,11,F,S,brisées,-10.198238,brisés,-13.914366,1
4652,P_NOUN_8_PASS_b,F,P,les robes avec la pomme que j' aime beaucoup ne sont probablement pas cachées <eos>,13,cachées,cachés,11,F,S,cachées,-8.843493,cachés,-10.149648,1
4653,P_NOUN_8_PASS_b,F,P,les robes avec la pomme que j' aime beaucoup ne sont probablement pas cassées <eos>,13,cassées,cassés,11,F,S,cassées,-9.513483,cassés,-11.338606,1
4654,P_NOUN_8_PASS_b,F,P,les robes avec la pomme que j' aime beaucoup ne sont probablement pas couvertes <eos>,13,couvertes,couverts,11,F,S,couvertes,-7.9319634,couverts,-8.577179,1
4655,P_NOUN_8_PASS_b,F,P,les robes avec la pomme que j' aime beaucoup ne sont probablement pas déformées <eos>,13,déformées,déformés,11,F,S,déformées,-9.521269,déformés,-13.697395,1
4656,P_NOUN_8_PASS_b,F,P,les robes avec la pomme que j' aime beaucoup ne sont probablement pas fixées <eos>,13,fixées,fixés,11,F,S,fixées,-8.732922,fixés,-10.151881,1
4657,P_NOUN_8_PASS_b,F,P,les robes avec la pomme que j' aime beaucoup ne sont probablement pas jetées <eos>,13,jetées,jetés,11,F,S,jetées,-9.685638,jetés,-11.509723,1
4658,P_NOUN_8_PASS_b,F,P,les robes avec la pomme que j' aime beaucoup ne sont probablement pas laissées <eos>,13,laissées,laissés,11,F,S,laissées,-8.272289,laissés,-10.917524,1
4659,P_NOUN_8_PASS_b,F,P,les robes avec la pomme que j' aime beaucoup ne sont probablement pas ouvertes <eos>,13,ouvertes,ouverts,11,F,S,ouvertes,-8.00481,ouverts,-9.850651,1
4660,P_NOUN_8_PASS_b,F,P,les robes avec la pomme que j' aime beaucoup ne sont probablement pas perdues <eos>,13,perdues,perdus,11,F,S,perdues,-8.602573,perdus,-10.099908,1
4661,P_NOUN_8_PASS_b,F,P,les robes avec la pomme que j' aime beaucoup ne sont probablement pas réparées <eos>,13,réparées,réparés,11,F,S,réparées,-10.595537,réparés,-12.941565,1
4662,P_NOUN_8_PASS_b,F,P,les robes avec la pomme que j' aime beaucoup ne sont probablement pas retirées <eos>,13,retirées,retirés,11,F,S,retirées,-9.409864,retirés,-10.919816,1
4663,P_NOUN_8_PASS_b,F,P,les robes avec la pomme que j' aime beaucoup ne sont probablement pas tombées <eos>,13,tombées,tombés,11,F,S,tombées,-8.068959,tombés,-8.417397,1
4664,P_NOUN_8_PASS_b,F,P,les robes avec la pomme que j' aime beaucoup ne sont probablement pas utilisées <eos>,13,utilisées,utilisés,11,F,S,utilisées,-5.2852297,utilisés,-6.609292,1
4665,P_NOUN_8_PASS_b,F,P,les robes avec la tasse que j' aime beaucoup ne sont probablement pas achetées <eos>,13,achetées,achetés,11,F,S,achetées,-11.221749,achetés,-10.929185,0
4666,P_NOUN_8_PASS_b,F,P,les robes avec la tasse que j' aime beaucoup ne sont probablement pas brisées <eos>,13,brisées,brisés,11,F,S,brisées,-9.884312,brisés,-13.598431,1
4667,P_NOUN_8_PASS_b,F,P,les robes avec la tasse que j' aime beaucoup ne sont probablement pas cachées <eos>,13,cachées,cachés,11,F,S,cachées,-8.674882,cachés,-10.607602,1
4668,P_NOUN_8_PASS_b,F,P,les robes avec la tasse que j' aime beaucoup ne sont probablement pas cassées <eos>,13,cassées,cassés,11,F,S,cassées,-9.306992,cassés,-11.365736,1
4669,P_NOUN_8_PASS_b,F,P,les robes avec la tasse que j' aime beaucoup ne sont probablement pas couvertes <eos>,13,couvertes,couverts,11,F,S,couvertes,-7.738311,couverts,-8.491209,1
4670,P_NOUN_8_PASS_b,F,P,les robes avec la tasse que j' aime beaucoup ne sont probablement pas déformées <eos>,13,déformées,déformés,11,F,S,déformées,-9.304451,déformés,-13.345911,1
4671,P_NOUN_8_PASS_b,F,P,les robes avec la tasse que j' aime beaucoup ne sont probablement pas fixées <eos>,13,fixées,fixés,11,F,S,fixées,-8.724691,fixés,-10.306537,1
4672,P_NOUN_8_PASS_b,F,P,les robes avec la tasse que j' aime beaucoup ne sont probablement pas jetées <eos>,13,jetées,jetés,11,F,S,jetées,-9.419081,jetés,-11.454654,1
4673,P_NOUN_8_PASS_b,F,P,les robes avec la tasse que j' aime beaucoup ne sont probablement pas laissées <eos>,13,laissées,laissés,11,F,S,laissées,-7.8817387,laissés,-10.825345,1
4674,P_NOUN_8_PASS_b,F,P,les robes avec la tasse que j' aime beaucoup ne sont probablement pas ouvertes <eos>,13,ouvertes,ouverts,11,F,S,ouvertes,-7.6132884,ouverts,-9.472931,1
4675,P_NOUN_8_PASS_b,F,P,les robes avec la tasse que j' aime beaucoup ne sont probablement pas perdues <eos>,13,perdues,perdus,11,F,S,perdues,-8.767442,perdus,-10.076701,1
4676,P_NOUN_8_PASS_b,F,P,les robes avec la tasse que j' aime beaucoup ne sont probablement pas réparées <eos>,13,réparées,réparés,11,F,S,réparées,-9.90461,réparés,-12.561302,1
4677,P_NOUN_8_PASS_b,F,P,les robes avec la tasse que j' aime beaucoup ne sont probablement pas retirées <eos>,13,retirées,retirés,11,F,S,retirées,-9.41292,retirés,-11.223522,1
4678,P_NOUN_8_PASS_b,F,P,les robes avec la tasse que j' aime beaucoup ne sont probablement pas tombées <eos>,13,tombées,tombés,11,F,S,tombées,-8.0321865,tombés,-8.736982,1
4679,P_NOUN_8_PASS_b,F,P,les robes avec la tasse que j' aime beaucoup ne sont probablement pas utilisées <eos>,13,utilisées,utilisés,11,F,S,utilisées,-5.6464224,utilisés,-7.128071,1
4680,P_NOUN_8_PASS_b,F,P,les robes avec la bougie que j' aime beaucoup ne sont probablement pas achetées <eos>,13,achetées,achetés,11,F,S,achetées,-11.7210245,achetés,-11.315655,0
4681,P_NOUN_8_PASS_b,F,P,les robes avec la bougie que j' aime beaucoup ne sont probablement pas brisées <eos>,13,brisées,brisés,11,F,S,brisées,-9.937748,brisés,-13.403141,1
4682,P_NOUN_8_PASS_b,F,P,les robes avec la bougie que j' aime beaucoup ne sont probablement pas cachées <eos>,13,cachées,cachés,11,F,S,cachées,-8.78415,cachés,-10.0749445,1
4683,P_NOUN_8_PASS_b,F,P,les robes avec la bougie que j' aime beaucoup ne sont probablement pas cassées <eos>,13,cassées,cassés,11,F,S,cassées,-9.254433,cassés,-11.698212,1
4684,P_NOUN_8_PASS_b,F,P,les robes avec la bougie que j' aime beaucoup ne sont probablement pas couvertes <eos>,13,couvertes,couverts,11,F,S,couvertes,-8.282493,couverts,-8.974891,1
4685,P_NOUN_8_PASS_b,F,P,les robes avec la bougie que j' aime beaucoup ne sont probablement pas déformées <eos>,13,déformées,déformés,11,F,S,déformées,-9.092659,déformés,-12.863125,1
4686,P_NOUN_8_PASS_b,F,P,les robes avec la bougie que j' aime beaucoup ne sont probablement pas fixées <eos>,13,fixées,fixés,11,F,S,fixées,-8.219191,fixés,-10.038393,1
4687,P_NOUN_8_PASS_b,F,P,les robes avec la bougie que j' aime beaucoup ne sont probablement pas jetées <eos>,13,jetées,jetés,11,F,S,jetées,-9.376108,jetés,-10.90478,1
4688,P_NOUN_8_PASS_b,F,P,les robes avec la bougie que j' aime beaucoup ne sont probablement pas laissées <eos>,13,laissées,laissés,11,F,S,laissées,-8.231423,laissés,-11.015448,1
4689,P_NOUN_8_PASS_b,F,P,les robes avec la bougie que j' aime beaucoup ne sont probablement pas ouvertes <eos>,13,ouvertes,ouverts,11,F,S,ouvertes,-8.0593605,ouverts,-9.870478,1
4690,P_NOUN_8_PASS_b,F,P,les robes avec la bougie que j' aime beaucoup ne sont probablement pas perdues <eos>,13,perdues,perdus,11,F,S,perdues,-8.409285,perdus,-9.7028675,1
4691,P_NOUN_8_PASS_b,F,P,les robes avec la bougie que j' aime beaucoup ne sont probablement pas réparées <eos>,13,réparées,réparés,11,F,S,réparées,-10.020637,réparés,-12.510127,1
4692,P_NOUN_8_PASS_b,F,P,les robes avec la bougie que j' aime beaucoup ne sont probablement pas retirées <eos>,13,retirées,retirés,11,F,S,retirées,-8.964063,retirés,-10.930506,1
4693,P_NOUN_8_PASS_b,F,P,les robes avec la bougie que j' aime beaucoup ne sont probablement pas tombées <eos>,13,tombées,tombés,11,F,S,tombées,-7.947247,tombés,-8.458033,1
4694,P_NOUN_8_PASS_b,F,P,les robes avec la bougie que j' aime beaucoup ne sont probablement pas utilisées <eos>,13,utilisées,utilisés,11,F,S,utilisées,-5.5298166,utilisés,-6.8213835,1
4695,P_NOUN_8_PASS_b,F,P,les robes avec la pochette que j' aime beaucoup ne sont probablement pas achetées <eos>,13,achetées,achetés,11,F,S,achetées,-11.398535,achetés,-11.907184,1
4696,P_NOUN_8_PASS_b,F,P,les robes avec la pochette que j' aime beaucoup ne sont probablement pas brisées <eos>,13,brisées,brisés,11,F,S,brisées,-9.491098,brisés,-13.193813,1
4697,P_NOUN_8_PASS_b,F,P,les robes avec la pochette que j' aime beaucoup ne sont probablement pas cachées <eos>,13,cachées,cachés,11,F,S,cachées,-8.595494,cachés,-10.87606,1
4698,P_NOUN_8_PASS_b,F,P,les robes avec la pochette que j' aime beaucoup ne sont probablement pas cassées <eos>,13,cassées,cassés,11,F,S,cassées,-9.280512,cassés,-12.045362,1
4699,P_NOUN_8_PASS_b,F,P,les robes avec la pochette que j' aime beaucoup ne sont probablement pas couvertes <eos>,13,couvertes,couverts,11,F,S,couvertes,-8.794853,couverts,-9.998961,1
4700,P_NOUN_8_PASS_b,F,P,les robes avec la pochette que j' aime beaucoup ne sont probablement pas déformées <eos>,13,déformées,déformés,11,F,S,déformées,-8.464294,déformés,-12.558169,1
4701,P_NOUN_8_PASS_b,F,P,les robes avec la pochette que j' aime beaucoup ne sont probablement pas fixées <eos>,13,fixées,fixés,11,F,S,fixées,-8.326694,fixés,-10.477173,1
4702,P_NOUN_8_PASS_b,F,P,les robes avec la pochette que j' aime beaucoup ne sont probablement pas jetées <eos>,13,jetées,jetés,11,F,S,jetées,-10.11643,jetés,-11.687972,1
4703,P_NOUN_8_PASS_b,F,P,les robes avec la pochette que j' aime beaucoup ne sont probablement pas laissées <eos>,13,laissées,laissés,11,F,S,laissées,-8.182679,laissés,-11.634987,1
4704,P_NOUN_8_PASS_b,F,P,les robes avec la pochette que j' aime beaucoup ne sont probablement pas ouvertes <eos>,13,ouvertes,ouverts,11,F,S,ouvertes,-8.052504,ouverts,-10.5371685,1
4705,P_NOUN_8_PASS_b,F,P,les robes avec la pochette que j' aime beaucoup ne sont probablement pas perdues <eos>,13,perdues,perdus,11,F,S,perdues,-8.238526,perdus,-9.843611,1
4706,P_NOUN_8_PASS_b,F,P,les robes avec la pochette que j' aime beaucoup ne sont probablement pas réparées <eos>,13,réparées,réparés,11,F,S,réparées,-10.182873,réparés,-13.811884,1
4707,P_NOUN_8_PASS_b,F,P,les robes avec la pochette que j' aime beaucoup ne sont probablement pas retirées <eos>,13,retirées,retirés,11,F,S,retirées,-8.843656,retirés,-11.494767,1
4708,P_NOUN_8_PASS_b,F,P,les robes avec la pochette que j' aime beaucoup ne sont probablement pas tombées <eos>,13,tombées,tombés,11,F,S,tombées,-8.389721,tombés,-9.547818,1
4709,P_NOUN_8_PASS_b,F,P,les robes avec la pochette que j' aime beaucoup ne sont probablement pas utilisées <eos>,13,utilisées,utilisés,11,F,S,utilisées,-5.813056,utilisés,-7.52184,1
4710,P_NOUN_8_PASS_b,F,P,les robes avec la banane que j' aime beaucoup ne sont probablement pas achetées <eos>,13,achetées,achetés,11,F,S,achetées,-11.582811,achetés,-11.172758,0
4711,P_NOUN_8_PASS_b,F,P,les robes avec la banane que j' aime beaucoup ne sont probablement pas brisées <eos>,13,brisées,brisés,11,F,S,brisées,-9.7456045,brisés,-13.375833,1
4712,P_NOUN_8_PASS_b,F,P,les robes avec la banane que j' aime beaucoup ne sont probablement pas cachées <eos>,13,cachées,cachés,11,F,S,cachées,-8.793776,cachés,-10.509829,1
4713,P_NOUN_8_PASS_b,F,P,les robes avec la banane que j' aime beaucoup ne sont probablement pas cassées <eos>,13,cassées,cassés,11,F,S,cassées,-9.22673,cassés,-11.326035,1
4714,P_NOUN_8_PASS_b,F,P,les robes avec la banane que j' aime beaucoup ne sont probablement pas couvertes <eos>,13,couvertes,couverts,11,F,S,couvertes,-7.9092035,couverts,-8.729582,1
4715,P_NOUN_8_PASS_b,F,P,les robes avec la banane que j' aime beaucoup ne sont probablement pas déformées <eos>,13,déformées,déformés,11,F,S,déformées,-9.100955,déformés,-13.192068,1
4716,P_NOUN_8_PASS_b,F,P,les robes avec la banane que j' aime beaucoup ne sont probablement pas fixées <eos>,13,fixées,fixés,11,F,S,fixées,-8.415066,fixés,-9.992073,1
4717,P_NOUN_8_PASS_b,F,P,les robes avec la banane que j' aime beaucoup ne sont probablement pas jetées <eos>,13,jetées,jetés,11,F,S,jetées,-8.641295,jetés,-11.558309,1
4718,P_NOUN_8_PASS_b,F,P,les robes avec la banane que j' aime beaucoup ne sont probablement pas laissées <eos>,13,laissées,laissés,11,F,S,laissées,-7.9551783,laissés,-10.6405525,1
4719,P_NOUN_8_PASS_b,F,P,les robes avec la banane que j' aime beaucoup ne sont probablement pas ouvertes <eos>,13,ouvertes,ouverts,11,F,S,ouvertes,-8.392173,ouverts,-10.146841,1
4720,P_NOUN_8_PASS_b,F,P,les robes avec la banane que j' aime beaucoup ne sont probablement pas perdues <eos>,13,perdues,perdus,11,F,S,perdues,-8.718161,perdus,-9.919266,1
4721,P_NOUN_8_PASS_b,F,P,les robes avec la banane que j' aime beaucoup ne sont probablement pas réparées <eos>,13,réparées,réparés,11,F,S,réparées,-10.06823,réparés,-12.256504,1
4722,P_NOUN_8_PASS_b,F,P,les robes avec la banane que j' aime beaucoup ne sont probablement pas retirées <eos>,13,retirées,retirés,11,F,S,retirées,-9.356144,retirés,-11.156941,1
4723,P_NOUN_8_PASS_b,F,P,les robes avec la banane que j' aime beaucoup ne sont probablement pas tombées <eos>,13,tombées,tombés,11,F,S,tombées,-7.65407,tombés,-8.37668,1
4724,P_NOUN_8_PASS_b,F,P,les robes avec la banane que j' aime beaucoup ne sont probablement pas utilisées <eos>,13,utilisées,utilisés,11,F,S,utilisées,-5.414115,utilisés,-6.793745,1
4725,P_NOUN_8_PASS_b,F,P,les robes avec la robe que j' aime beaucoup ne sont probablement pas achetées <eos>,13,achetées,achetés,11,F,S,achetées,-12.564347,achetés,-11.900937,0
4726,P_NOUN_8_PASS_b,F,P,les robes avec la robe que j' aime beaucoup ne sont probablement pas brisées <eos>,13,brisées,brisés,11,F,S,brisées,-10.367964,brisés,-14.005685,1
4727,P_NOUN_8_PASS_b,F,P,les robes avec la robe que j' aime beaucoup ne sont probablement pas cachées <eos>,13,cachées,cachés,11,F,S,cachées,-8.782883,cachés,-10.382381,1
4728,P_NOUN_8_PASS_b,F,P,les robes avec la robe que j' aime beaucoup ne sont probablement pas cassées <eos>,13,cassées,cassés,11,F,S,cassées,-9.857704,cassés,-12.293026,1
4729,P_NOUN_8_PASS_b,F,P,les robes avec la robe que j' aime beaucoup ne sont probablement pas couvertes <eos>,13,couvertes,couverts,11,F,S,couvertes,-8.188778,couverts,-9.09944,1
4730,P_NOUN_8_PASS_b,F,P,les robes avec la robe que j' aime beaucoup ne sont probablement pas déformées <eos>,13,déformées,déformés,11,F,S,déformées,-9.360443,déformés,-12.99968,1
4731,P_NOUN_8_PASS_b,F,P,les robes avec la robe que j' aime beaucoup ne sont probablement pas fixées <eos>,13,fixées,fixés,11,F,S,fixées,-8.773122,fixés,-10.536152,1
4732,P_NOUN_8_PASS_b,F,P,les robes avec la robe que j' aime beaucoup ne sont probablement pas jetées <eos>,13,jetées,jetés,11,F,S,jetées,-9.790316,jetés,-11.838522,1
4733,P_NOUN_8_PASS_b,F,P,les robes avec la robe que j' aime beaucoup ne sont probablement pas laissées <eos>,13,laissées,laissés,11,F,S,laissées,-8.7569475,laissés,-11.469063,1
4734,P_NOUN_8_PASS_b,F,P,les robes avec la robe que j' aime beaucoup ne sont probablement pas ouvertes <eos>,13,ouvertes,ouverts,11,F,S,ouvertes,-7.9811087,ouverts,-9.890671,1
4735,P_NOUN_8_PASS_b,F,P,les robes avec la robe que j' aime beaucoup ne sont probablement pas perdues <eos>,13,perdues,perdus,11,F,S,perdues,-9.105509,perdus,-10.42206,1
4736,P_NOUN_8_PASS_b,F,P,les robes avec la robe que j' aime beaucoup ne sont probablement pas réparées <eos>,13,réparées,réparés,11,F,S,réparées,-10.6831455,réparés,-12.7167225,1
4737,P_NOUN_8_PASS_b,F,P,les robes avec la robe que j' aime beaucoup ne sont probablement pas retirées <eos>,13,retirées,retirés,11,F,S,retirées,-9.8460865,retirés,-11.48227,1
4738,P_NOUN_8_PASS_b,F,P,les robes avec la robe que j' aime beaucoup ne sont probablement pas tombées <eos>,13,tombées,tombés,11,F,S,tombées,-8.162327,tombés,-8.416582,1
4739,P_NOUN_8_PASS_b,F,P,les robes avec la robe que j' aime beaucoup ne sont probablement pas utilisées <eos>,13,utilisées,utilisés,11,F,S,utilisées,-5.617856,utilisés,-6.93301,1
4740,P_NOUN_8_PASS_b,F,P,les robes avec la valise que j' aime beaucoup ne sont probablement pas achetées <eos>,13,achetées,achetés,11,F,S,achetées,-10.65685,achetés,-10.765687,1
4741,P_NOUN_8_PASS_b,F,P,les robes avec la valise que j' aime beaucoup ne sont probablement pas brisées <eos>,13,brisées,brisés,11,F,S,brisées,-9.489485,brisés,-13.243157,1
4742,P_NOUN_8_PASS_b,F,P,les robes avec la valise que j' aime beaucoup ne sont probablement pas cachées <eos>,13,cachées,cachés,11,F,S,cachées,-8.417793,cachés,-9.541403,1
4743,P_NOUN_8_PASS_b,F,P,les robes avec la valise que j' aime beaucoup ne sont probablement pas cassées <eos>,13,cassées,cassés,11,F,S,cassées,-9.2948475,cassés,-11.721411,1
4744,P_NOUN_8_PASS_b,F,P,les robes avec la valise que j' aime beaucoup ne sont probablement pas couvertes <eos>,13,couvertes,couverts,11,F,S,couvertes,-8.508481,couverts,-9.592917,1
4745,P_NOUN_8_PASS_b,F,P,les robes avec la valise que j' aime beaucoup ne sont probablement pas déformées <eos>,13,déformées,déformés,11,F,S,déformées,-8.606481,déformés,-13.33393,1
4746,P_NOUN_8_PASS_b,F,P,les robes avec la valise que j' aime beaucoup ne sont probablement pas fixées <eos>,13,fixées,fixés,11,F,S,fixées,-8.161086,fixés,-10.184612,1
4747,P_NOUN_8_PASS_b,F,P,les robes avec la valise que j' aime beaucoup ne sont probablement pas jetées <eos>,13,jetées,jetés,11,F,S,jetées,-8.701422,jetés,-10.515747,1
4748,P_NOUN_8_PASS_b,F,P,les robes avec la valise que j' aime beaucoup ne sont probablement pas laissées <eos>,13,laissées,laissés,11,F,S,laissées,-7.9412003,laissés,-10.696548,1
4749,P_NOUN_8_PASS_b,F,P,les robes avec la valise que j' aime beaucoup ne sont probablement pas ouvertes <eos>,13,ouvertes,ouverts,11,F,S,ouvertes,-7.944573,ouverts,-9.872355,1
4750,P_NOUN_8_PASS_b,F,P,les robes avec la valise que j' aime beaucoup ne sont probablement pas perdues <eos>,13,perdues,perdus,11,F,S,perdues,-8.031504,perdus,-9.169924,1
4751,P_NOUN_8_PASS_b,F,P,les robes avec la valise que j' aime beaucoup ne sont probablement pas réparées <eos>,13,réparées,réparés,11,F,S,réparées,-9.905729,réparés,-13.1288,1
4752,P_NOUN_8_PASS_b,F,P,les robes avec la valise que j' aime beaucoup ne sont probablement pas retirées <eos>,13,retirées,retirés,11,F,S,retirées,-8.907174,retirés,-10.458215,1
4753,P_NOUN_8_PASS_b,F,P,les robes avec la valise que j' aime beaucoup ne sont probablement pas tombées <eos>,13,tombées,tombés,11,F,S,tombées,-8.277548,tombés,-8.59255,1
4754,P_NOUN_8_PASS_b,F,P,les robes avec la valise que j' aime beaucoup ne sont probablement pas utilisées <eos>,13,utilisées,utilisés,11,F,S,utilisées,-5.2374043,utilisés,-6.6613545,1
4755,P_NOUN_8_PASS_b,F,P,les robes avec la pendule que j' aime beaucoup ne sont probablement pas achetées <eos>,13,achetées,achetés,11,F,S,achetées,-12.311945,achetés,-11.520097,0
4756,P_NOUN_8_PASS_b,F,P,les robes avec la pendule que j' aime beaucoup ne sont probablement pas brisées <eos>,13,brisées,brisés,11,F,S,brisées,-9.781963,brisés,-13.231025,1
4757,P_NOUN_8_PASS_b,F,P,les robes avec la pendule que j' aime beaucoup ne sont probablement pas cachées <eos>,13,cachées,cachés,11,F,S,cachées,-8.866475,cachés,-10.038411,1
4758,P_NOUN_8_PASS_b,F,P,les robes avec la pendule que j' aime beaucoup ne sont probablement pas cassées <eos>,13,cassées,cassés,11,F,S,cassées,-8.809282,cassés,-11.713748,1
4759,P_NOUN_8_PASS_b,F,P,les robes avec la pendule que j' aime beaucoup ne sont probablement pas couvertes <eos>,13,couvertes,couverts,11,F,S,couvertes,-8.011692,couverts,-9.05326,1
4760,P_NOUN_8_PASS_b,F,P,les robes avec la pendule que j' aime beaucoup ne sont probablement pas déformées <eos>,13,déformées,déformés,11,F,S,déformées,-8.425512,déformés,-12.589699,1
4761,P_NOUN_8_PASS_b,F,P,les robes avec la pendule que j' aime beaucoup ne sont probablement pas fixées <eos>,13,fixées,fixés,11,F,S,fixées,-7.904393,fixés,-9.880226,1
4762,P_NOUN_8_PASS_b,F,P,les robes avec la pendule que j' aime beaucoup ne sont probablement pas jetées <eos>,13,jetées,jetés,11,F,S,jetées,-9.008712,jetés,-10.5760565,1
4763,P_NOUN_8_PASS_b,F,P,les robes avec la pendule que j' aime beaucoup ne sont probablement pas laissées <eos>,13,laissées,laissés,11,F,S,laissées,-8.359375,laissés,-11.45179,1
4764,P_NOUN_8_PASS_b,F,P,les robes avec la pendule que j' aime beaucoup ne sont probablement pas ouvertes <eos>,13,ouvertes,ouverts,11,F,S,ouvertes,-7.8168697,ouverts,-9.53407,1
4765,P_NOUN_8_PASS_b,F,P,les robes avec la pendule que j' aime beaucoup ne sont probablement pas perdues <eos>,13,perdues,perdus,11,F,S,perdues,-8.625135,perdus,-9.750296,1
4766,P_NOUN_8_PASS_b,F,P,les robes avec la pendule que j' aime beaucoup ne sont probablement pas réparées <eos>,13,réparées,réparés,11,F,S,réparées,-10.009811,réparés,-12.537163,1
4767,P_NOUN_8_PASS_b,F,P,les robes avec la pendule que j' aime beaucoup ne sont probablement pas retirées <eos>,13,retirées,retirés,11,F,S,retirées,-8.928712,retirés,-10.720218,1
4768,P_NOUN_8_PASS_b,F,P,les robes avec la pendule que j' aime beaucoup ne sont probablement pas tombées <eos>,13,tombées,tombés,11,F,S,tombées,-8.151247,tombés,-8.881999,1
4769,P_NOUN_8_PASS_b,F,P,les robes avec la pendule que j' aime beaucoup ne sont probablement pas utilisées <eos>,13,utilisées,utilisés,11,F,S,utilisées,-5.210173,utilisés,-6.3895993,1
4770,P_NOUN_8_PASS_b,F,P,les robes avec la cloche que j' aime beaucoup ne sont probablement pas achetées <eos>,13,achetées,achetés,11,F,S,achetées,-11.791805,achetés,-11.641107,0
4771,P_NOUN_8_PASS_b,F,P,les robes avec la cloche que j' aime beaucoup ne sont probablement pas brisées <eos>,13,brisées,brisés,11,F,S,brisées,-9.793816,brisés,-13.385107,1
4772,P_NOUN_8_PASS_b,F,P,les robes avec la cloche que j' aime beaucoup ne sont probablement pas cachées <eos>,13,cachées,cachés,11,F,S,cachées,-8.735302,cachés,-10.02694,1
4773,P_NOUN_8_PASS_b,F,P,les robes avec la cloche que j' aime beaucoup ne sont probablement pas cassées <eos>,13,cassées,cassés,11,F,S,cassées,-9.380569,cassés,-11.70529,1
4774,P_NOUN_8_PASS_b,F,P,les robes avec la cloche que j' aime beaucoup ne sont probablement pas couvertes <eos>,13,couvertes,couverts,11,F,S,couvertes,-8.400799,couverts,-9.248513,1
4775,P_NOUN_8_PASS_b,F,P,les robes avec la cloche que j' aime beaucoup ne sont probablement pas déformées <eos>,13,déformées,déformés,11,F,S,déformées,-9.182913,déformés,-13.048337,1
4776,P_NOUN_8_PASS_b,F,P,les robes avec la cloche que j' aime beaucoup ne sont probablement pas fixées <eos>,13,fixées,fixés,11,F,S,fixées,-8.064075,fixés,-10.110128,1
4777,P_NOUN_8_PASS_b,F,P,les robes avec la cloche que j' aime beaucoup ne sont probablement pas jetées <eos>,13,jetées,jetés,11,F,S,jetées,-9.013103,jetés,-10.762891,1
4778,P_NOUN_8_PASS_b,F,P,les robes avec la cloche que j' aime beaucoup ne sont probablement pas laissées <eos>,13,laissées,laissés,11,F,S,laissées,-8.538527,laissés,-11.144737,1
4779,P_NOUN_8_PASS_b,F,P,les robes avec la cloche que j' aime beaucoup ne sont probablement pas ouvertes <eos>,13,ouvertes,ouverts,11,F,S,ouvertes,-7.920477,ouverts,-10.365549,1
4780,P_NOUN_8_PASS_b,F,P,les robes avec la cloche que j' aime beaucoup ne sont probablement pas perdues <eos>,13,perdues,perdus,11,F,S,perdues,-8.245668,perdus,-9.854469,1
4781,P_NOUN_8_PASS_b,F,P,les robes avec la cloche que j' aime beaucoup ne sont probablement pas réparées <eos>,13,réparées,réparés,11,F,S,réparées,-10.218843,réparés,-12.809325,1
4782,P_NOUN_8_PASS_b,F,P,les robes avec la cloche que j' aime beaucoup ne sont probablement pas retirées <eos>,13,retirées,retirés,11,F,S,retirées,-8.983496,retirés,-10.751703,1
4783,P_NOUN_8_PASS_b,F,P,les robes avec la cloche que j' aime beaucoup ne sont probablement pas tombées <eos>,13,tombées,tombés,11,F,S,tombées,-8.109136,tombés,-8.396745,1
4784,P_NOUN_8_PASS_b,F,P,les robes avec la cloche que j' aime beaucoup ne sont probablement pas utilisées <eos>,13,utilisées,utilisés,11,F,S,utilisées,-5.4452477,utilisés,-6.8613863,1
4785,P_NOUN_8_PASS_b,F,P,les robes avec la cerise que j' aime beaucoup ne sont probablement pas achetées <eos>,13,achetées,achetés,11,F,S,achetées,-11.619931,achetés,-11.07969,0
4786,P_NOUN_8_PASS_b,F,P,les robes avec la cerise que j' aime beaucoup ne sont probablement pas brisées <eos>,13,brisées,brisés,11,F,S,brisées,-10.041229,brisés,-13.625795,1
4787,P_NOUN_8_PASS_b,F,P,les robes avec la cerise que j' aime beaucoup ne sont probablement pas cachées <eos>,13,cachées,cachés,11,F,S,cachées,-8.831804,cachés,-10.533487,1
4788,P_NOUN_8_PASS_b,F,P,les robes avec la cerise que j' aime beaucoup ne sont probablement pas cassées <eos>,13,cassées,cassés,11,F,S,cassées,-9.178587,cassés,-11.249921,1
4789,P_NOUN_8_PASS_b,F,P,les robes avec la cerise que j' aime beaucoup ne sont probablement pas couvertes <eos>,13,couvertes,couverts,11,F,S,couvertes,-7.911603,couverts,-8.560333,1
4790,P_NOUN_8_PASS_b,F,P,les robes avec la cerise que j' aime beaucoup ne sont probablement pas déformées <eos>,13,déformées,déformés,11,F,S,déformées,-9.110601,déformés,-13.390736,1
4791,P_NOUN_8_PASS_b,F,P,les robes avec la cerise que j' aime beaucoup ne sont probablement pas fixées <eos>,13,fixées,fixés,11,F,S,fixées,-8.64673,fixés,-10.202181,1
4792,P_NOUN_8_PASS_b,F,P,les robes avec la cerise que j' aime beaucoup ne sont probablement pas jetées <eos>,13,jetées,jetés,11,F,S,jetées,-9.583165,jetés,-11.773543,1
4793,P_NOUN_8_PASS_b,F,P,les robes avec la cerise que j' aime beaucoup ne sont probablement pas laissées <eos>,13,laissées,laissés,11,F,S,laissées,-8.138935,laissés,-11.002508,1
4794,P_NOUN_8_PASS_b,F,P,les robes avec la cerise que j' aime beaucoup ne sont probablement pas ouvertes <eos>,13,ouvertes,ouverts,11,F,S,ouvertes,-8.098869,ouverts,-9.709644,1
4795,P_NOUN_8_PASS_b,F,P,les robes avec la cerise que j' aime beaucoup ne sont probablement pas perdues <eos>,13,perdues,perdus,11,F,S,perdues,-8.78943,perdus,-10.237076,1
4796,P_NOUN_8_PASS_b,F,P,les robes avec la cerise que j' aime beaucoup ne sont probablement pas réparées <eos>,13,réparées,réparés,11,F,S,réparées,-10.384796,réparés,-12.673367,1
4797,P_NOUN_8_PASS_b,F,P,les robes avec la cerise que j' aime beaucoup ne sont probablement pas retirées <eos>,13,retirées,retirés,11,F,S,retirées,-9.486645,retirés,-11.134537,1
4798,P_NOUN_8_PASS_b,F,P,les robes avec la cerise que j' aime beaucoup ne sont probablement pas tombées <eos>,13,tombées,tombés,11,F,S,tombées,-7.8642316,tombés,-8.547308,1
4799,P_NOUN_8_PASS_b,F,P,les robes avec la cerise que j' aime beaucoup ne sont probablement pas utilisées <eos>,13,utilisées,utilisés,11,F,S,utilisées,-5.342303,utilisés,-6.7119756,1
4800,P_NOUN_8_PASS_b,F,P,les valises avec la gemme que j' aime beaucoup ne sont probablement pas achetées <eos>,13,achetées,achetés,11,F,S,achetées,-10.337432,achetés,-10.225684,0
4801,P_NOUN_8_PASS_b,F,P,les valises avec la gemme que j' aime beaucoup ne sont probablement pas brisées <eos>,13,brisées,brisés,11,F,S,brisées,-9.402809,brisés,-12.540671,1
4802,P_NOUN_8_PASS_b,F,P,les valises avec la gemme que j' aime beaucoup ne sont probablement pas cachées <eos>,13,cachées,cachés,11,F,S,cachées,-7.1267157,cachés,-8.621041,1
4803,P_NOUN_8_PASS_b,F,P,les valises avec la gemme que j' aime beaucoup ne sont probablement pas cassées <eos>,13,cassées,cassés,11,F,S,cassées,-8.887003,cassés,-10.354579,1
4804,P_NOUN_8_PASS_b,F,P,les valises avec la gemme que j' aime beaucoup ne sont probablement pas couvertes <eos>,13,couvertes,couverts,11,F,S,couvertes,-7.1061296,couverts,-8.051333,1
4805,P_NOUN_8_PASS_b,F,P,les valises avec la gemme que j' aime beaucoup ne sont probablement pas déformées <eos>,13,déformées,déformés,11,F,S,déformées,-8.535758,déformés,-13.256837,1
4806,P_NOUN_8_PASS_b,F,P,les valises avec la gemme que j' aime beaucoup ne sont probablement pas fixées <eos>,13,fixées,fixés,11,F,S,fixées,-8.039669,fixés,-9.249871,1
4807,P_NOUN_8_PASS_b,F,P,les valises avec la gemme que j' aime beaucoup ne sont probablement pas jetées <eos>,13,jetées,jetés,11,F,S,jetées,-8.39982,jetés,-9.293307,1
4808,P_NOUN_8_PASS_b,F,P,les valises avec la gemme que j' aime beaucoup ne sont probablement pas laissées <eos>,13,laissées,laissés,11,F,S,laissées,-7.636103,laissés,-9.695255,1
4809,P_NOUN_8_PASS_b,F,P,les valises avec la gemme que j' aime beaucoup ne sont probablement pas ouvertes <eos>,13,ouvertes,ouverts,11,F,S,ouvertes,-7.2207317,ouverts,-8.704061,1
4810,P_NOUN_8_PASS_b,F,P,les valises avec la gemme que j' aime beaucoup ne sont probablement pas perdues <eos>,13,perdues,perdus,11,F,S,perdues,-7.717368,perdus,-8.541382,1
4811,P_NOUN_8_PASS_b,F,P,les valises avec la gemme que j' aime beaucoup ne sont probablement pas réparées <eos>,13,réparées,réparés,11,F,S,réparées,-9.019238,réparés,-12.172913,1
4812,P_NOUN_8_PASS_b,F,P,les valises avec la gemme que j' aime beaucoup ne sont probablement pas retirées <eos>,13,retirées,retirés,11,F,S,retirées,-8.136534,retirés,-10.179287,1
4813,P_NOUN_8_PASS_b,F,P,les valises avec la gemme que j' aime beaucoup ne sont probablement pas tombées <eos>,13,tombées,tombés,11,F,S,tombées,-7.4932337,tombés,-7.928401,1
4814,P_NOUN_8_PASS_b,F,P,les valises avec la gemme que j' aime beaucoup ne sont probablement pas utilisées <eos>,13,utilisées,utilisés,11,F,S,utilisées,-5.4729395,utilisés,-6.848708,1
4815,P_NOUN_8_PASS_b,F,P,les valises avec la chaise que j' aime beaucoup ne sont probablement pas achetées <eos>,13,achetées,achetés,11,F,S,achetées,-10.688998,achetés,-10.386979,0
4816,P_NOUN_8_PASS_b,F,P,les valises avec la chaise que j' aime beaucoup ne sont probablement pas brisées <eos>,13,brisées,brisés,11,F,S,brisées,-9.245538,brisés,-12.602818,1
4817,P_NOUN_8_PASS_b,F,P,les valises avec la chaise que j' aime beaucoup ne sont probablement pas cachées <eos>,13,cachées,cachés,11,F,S,cachées,-7.452915,cachés,-9.419207,1
4818,P_NOUN_8_PASS_b,F,P,les valises avec la chaise que j' aime beaucoup ne sont probablement pas cassées <eos>,13,cassées,cassés,11,F,S,cassées,-8.64572,cassés,-10.576606,1
4819,P_NOUN_8_PASS_b,F,P,les valises avec la chaise que j' aime beaucoup ne sont probablement pas couvertes <eos>,13,couvertes,couverts,11,F,S,couvertes,-7.165842,couverts,-8.236984,1
4820,P_NOUN_8_PASS_b,F,P,les valises avec la chaise que j' aime beaucoup ne sont probablement pas déformées <eos>,13,déformées,déformés,11,F,S,déformées,-8.400512,déformés,-13.207776,1
4821,P_NOUN_8_PASS_b,F,P,les valises avec la chaise que j' aime beaucoup ne sont probablement pas fixées <eos>,13,fixées,fixés,11,F,S,fixées,-7.666283,fixés,-9.123905,1
4822,P_NOUN_8_PASS_b,F,P,les valises avec la chaise que j' aime beaucoup ne sont probablement pas jetées <eos>,13,jetées,jetés,11,F,S,jetées,-8.705008,jetés,-9.874223,1
4823,P_NOUN_8_PASS_b,F,P,les valises avec la chaise que j' aime beaucoup ne sont probablement pas laissées <eos>,13,laissées,laissés,11,F,S,laissées,-7.5728216,laissés,-10.208448,1
4824,P_NOUN_8_PASS_b,F,P,les valises avec la chaise que j' aime beaucoup ne sont probablement pas ouvertes <eos>,13,ouvertes,ouverts,11,F,S,ouvertes,-7.134572,ouverts,-8.612719,1
4825,P_NOUN_8_PASS_b,F,P,les valises avec la chaise que j' aime beaucoup ne sont probablement pas perdues <eos>,13,perdues,perdus,11,F,S,perdues,-7.9718065,perdus,-8.800611,1
4826,P_NOUN_8_PASS_b,F,P,les valises avec la chaise que j' aime beaucoup ne sont probablement pas réparées <eos>,13,réparées,réparés,11,F,S,réparées,-9.201578,réparés,-12.730791,1
4827,P_NOUN_8_PASS_b,F,P,les valises avec la chaise que j' aime beaucoup ne sont probablement pas retirées <eos>,13,retirées,retirés,11,F,S,retirées,-8.359364,retirés,-10.765259,1
4828,P_NOUN_8_PASS_b,F,P,les valises avec la chaise que j' aime beaucoup ne sont probablement pas tombées <eos>,13,tombées,tombés,11,F,S,tombées,-8.126171,tombés,-8.953188,1
4829,P_NOUN_8_PASS_b,F,P,les valises avec la chaise que j' aime beaucoup ne sont probablement pas utilisées <eos>,13,utilisées,utilisés,11,F,S,utilisées,-5.554003,utilisés,-6.9578753,1
4830,P_NOUN_8_PASS_b,F,P,les valises avec la poubelle que j' aime beaucoup ne sont probablement pas achetées <eos>,13,achetées,achetés,11,F,S,achetées,-10.114918,achetés,-9.945679,0
4831,P_NOUN_8_PASS_b,F,P,les valises avec la poubelle que j' aime beaucoup ne sont probablement pas brisées <eos>,13,brisées,brisés,11,F,S,brisées,-9.420359,brisés,-12.742148,1
4832,P_NOUN_8_PASS_b,F,P,les valises avec la poubelle que j' aime beaucoup ne sont probablement pas cachées <eos>,13,cachées,cachés,11,F,S,cachées,-6.9620075,cachés,-8.306405,1
4833,P_NOUN_8_PASS_b,F,P,les valises avec la poubelle que j' aime beaucoup ne sont probablement pas cassées <eos>,13,cassées,cassés,11,F,S,cassées,-8.848948,cassés,-10.415184,1
4834,P_NOUN_8_PASS_b,F,P,les valises avec la poubelle que j' aime beaucoup ne sont probablement pas couvertes <eos>,13,couvertes,couverts,11,F,S,couvertes,-7.227947,couverts,-8.520927,1
4835,P_NOUN_8_PASS_b,F,P,les valises avec la poubelle que j' aime beaucoup ne sont probablement pas déformées <eos>,13,déformées,déformés,11,F,S,déformées,-8.428481,déformés,-13.232738,1
4836,P_NOUN_8_PASS_b,F,P,les valises avec la poubelle que j' aime beaucoup ne sont probablement pas fixées <eos>,13,fixées,fixés,11,F,S,fixées,-7.9315615,fixés,-9.453885,1
4837,P_NOUN_8_PASS_b,F,P,les valises avec la poubelle que j' aime beaucoup ne sont probablement pas jetées <eos>,13,jetées,jetés,11,F,S,jetées,-8.235386,jetés,-9.244577,1
4838,P_NOUN_8_PASS_b,F,P,les valises avec la poubelle que j' aime beaucoup ne sont probablement pas laissées <eos>,13,laissées,laissés,11,F,S,laissées,-7.739399,laissés,-9.729695,1
4839,P_NOUN_8_PASS_b,F,P,les valises avec la poubelle que j' aime beaucoup ne sont probablement pas ouvertes <eos>,13,ouvertes,ouverts,11,F,S,ouvertes,-7.0895348,ouverts,-8.734138,1
4840,P_NOUN_8_PASS_b,F,P,les valises avec la poubelle que j' aime beaucoup ne sont probablement pas perdues <eos>,13,perdues,perdus,11,F,S,perdues,-7.8333664,perdus,-8.820844,1
4841,P_NOUN_8_PASS_b,F,P,les valises avec la poubelle que j' aime beaucoup ne sont probablement pas réparées <eos>,13,réparées,réparés,11,F,S,réparées,-8.768031,réparés,-12.423715,1
4842,P_NOUN_8_PASS_b,F,P,les valises avec la poubelle que j' aime beaucoup ne sont probablement pas retirées <eos>,13,retirées,retirés,11,F,S,retirées,-8.062798,retirés,-10.412813,1
4843,P_NOUN_8_PASS_b,F,P,les valises avec la poubelle que j' aime beaucoup ne sont probablement pas tombées <eos>,13,tombées,tombés,11,F,S,tombées,-7.7403593,tombés,-8.390022,1
4844,P_NOUN_8_PASS_b,F,P,les valises avec la poubelle que j' aime beaucoup ne sont probablement pas utilisées <eos>,13,utilisées,utilisés,11,F,S,utilisées,-5.2685184,utilisés,-6.756336,1
4845,P_NOUN_8_PASS_b,F,P,les valises avec la chemise que j' aime beaucoup ne sont probablement pas achetées <eos>,13,achetées,achetés,11,F,S,achetées,-10.273936,achetés,-10.43191,1
4846,P_NOUN_8_PASS_b,F,P,les valises avec la chemise que j' aime beaucoup ne sont probablement pas brisées <eos>,13,brisées,brisés,11,F,S,brisées,-9.306144,brisés,-12.651151,1
4847,P_NOUN_8_PASS_b,F,P,les valises avec la chemise que j' aime beaucoup ne sont probablement pas cachées <eos>,13,cachées,cachés,11,F,S,cachées,-6.996828,cachés,-8.623995,1
4848,P_NOUN_8_PASS_b,F,P,les valises avec la chemise que j' aime beaucoup ne sont probablement pas cassées <eos>,13,cassées,cassés,11,F,S,cassées,-8.6283455,cassés,-10.544532,1
4849,P_NOUN_8_PASS_b,F,P,les valises avec la chemise que j' aime beaucoup ne sont probablement pas couvertes <eos>,13,couvertes,couverts,11,F,S,couvertes,-7.06119,couverts,-8.399184,1
4850,P_NOUN_8_PASS_b,F,P,les valises avec la chemise que j' aime beaucoup ne sont probablement pas déformées <eos>,13,déformées,déformés,11,F,S,déformées,-8.742143,déformés,-13.527059,1
4851,P_NOUN_8_PASS_b,F,P,les valises avec la chemise que j' aime beaucoup ne sont probablement pas fixées <eos>,13,fixées,fixés,11,F,S,fixées,-7.897253,fixés,-9.449691,1
4852,P_NOUN_8_PASS_b,F,P,les valises avec la chemise que j' aime beaucoup ne sont probablement pas jetées <eos>,13,jetées,jetés,11,F,S,jetées,-8.174892,jetés,-9.417425,1
4853,P_NOUN_8_PASS_b,F,P,les valises avec la chemise que j' aime beaucoup ne sont probablement pas laissées <eos>,13,laissées,laissés,11,F,S,laissées,-7.886559,laissés,-9.842333,1
4854,P_NOUN_8_PASS_b,F,P,les valises avec la chemise que j' aime beaucoup ne sont probablement pas ouvertes <eos>,13,ouvertes,ouverts,11,F,S,ouvertes,-7.0608125,ouverts,-8.721588,1
4855,P_NOUN_8_PASS_b,F,P,les valises avec la chemise que j' aime beaucoup ne sont probablement pas perdues <eos>,13,perdues,perdus,11,F,S,perdues,-8.019939,perdus,-8.791811,1
4856,P_NOUN_8_PASS_b,F,P,les valises avec la chemise que j' aime beaucoup ne sont probablement pas réparées <eos>,13,réparées,réparés,11,F,S,réparées,-9.240868,réparés,-12.356965,1
4857,P_NOUN_8_PASS_b,F,P,les valises avec la chemise que j' aime beaucoup ne sont probablement pas retirées <eos>,13,retirées,retirés,11,F,S,retirées,-8.232868,retirés,-10.209102,1
4858,P_NOUN_8_PASS_b,F,P,les valises avec la chemise que j' aime beaucoup ne sont probablement pas tombées <eos>,13,tombées,tombés,11,F,S,tombées,-7.9689035,tombés,-7.7908325,0
4859,P_NOUN_8_PASS_b,F,P,les valises avec la chemise que j' aime beaucoup ne sont probablement pas utilisées <eos>,13,utilisées,utilisés,11,F,S,utilisées,-5.251838,utilisés,-6.61995,1
4860,P_NOUN_8_PASS_b,F,P,les valises avec la recette que j' aime beaucoup ne sont probablement pas achetées <eos>,13,achetées,achetés,11,F,S,achetées,-9.804934,achetés,-9.755036,0
4861,P_NOUN_8_PASS_b,F,P,les valises avec la recette que j' aime beaucoup ne sont probablement pas brisées <eos>,13,brisées,brisés,11,F,S,brisées,-9.829843,brisés,-13.223787,1
4862,P_NOUN_8_PASS_b,F,P,les valises avec la recette que j' aime beaucoup ne sont probablement pas cachées <eos>,13,cachées,cachés,11,F,S,cachées,-7.9127483,cachés,-9.176828,1
4863,P_NOUN_8_PASS_b,F,P,les valises avec la recette que j' aime beaucoup ne sont probablement pas cassées <eos>,13,cassées,cassés,11,F,S,cassées,-9.463514,cassés,-10.341623,1
4864,P_NOUN_8_PASS_b,F,P,les valises avec la recette que j' aime beaucoup ne sont probablement pas couvertes <eos>,13,couvertes,couverts,11,F,S,couvertes,-7.2038465,couverts,-8.084375,1
4865,P_NOUN_8_PASS_b,F,P,les valises avec la recette que j' aime beaucoup ne sont probablement pas déformées <eos>,13,déformées,déformés,11,F,S,déformées,-8.958528,déformés,-13.916392,1
4866,P_NOUN_8_PASS_b,F,P,les valises avec la recette que j' aime beaucoup ne sont probablement pas fixées <eos>,13,fixées,fixés,11,F,S,fixées,-8.331245,fixés,-9.498762,1
4867,P_NOUN_8_PASS_b,F,P,les valises avec la recette que j' aime beaucoup ne sont probablement pas jetées <eos>,13,jetées,jetés,11,F,S,jetées,-9.008188,jetés,-10.201436,1
4868,P_NOUN_8_PASS_b,F,P,les valises avec la recette que j' aime beaucoup ne sont probablement pas laissées <eos>,13,laissées,laissés,11,F,S,laissées,-7.5918856,laissés,-10.306728,1
4869,P_NOUN_8_PASS_b,F,P,les valises avec la recette que j' aime beaucoup ne sont probablement pas ouvertes <eos>,13,ouvertes,ouverts,11,F,S,ouvertes,-7.11047,ouverts,-8.581551,1
4870,P_NOUN_8_PASS_b,F,P,les valises avec la recette que j' aime beaucoup ne sont probablement pas perdues <eos>,13,perdues,perdus,11,F,S,perdues,-7.914953,perdus,-8.94036,1
4871,P_NOUN_8_PASS_b,F,P,les valises avec la recette que j' aime beaucoup ne sont probablement pas réparées <eos>,13,réparées,réparés,11,F,S,réparées,-9.030586,réparés,-12.454158,1
4872,P_NOUN_8_PASS_b,F,P,les valises avec la recette que j' aime beaucoup ne sont probablement pas retirées <eos>,13,retirées,retirés,11,F,S,retirées,-8.556156,retirés,-10.26022,1
4873,P_NOUN_8_PASS_b,F,P,les valises avec la recette que j' aime beaucoup ne sont probablement pas tombées <eos>,13,tombées,tombés,11,F,S,tombées,-8.276048,tombés,-8.990723,1
4874,P_NOUN_8_PASS_b,F,P,les valises avec la recette que j' aime beaucoup ne sont probablement pas utilisées <eos>,13,utilisées,utilisés,11,F,S,utilisées,-5.2156134,utilisés,-6.7941694,1
4875,P_NOUN_8_PASS_b,F,P,les valises avec la jupe que j' aime beaucoup ne sont probablement pas achetées <eos>,13,achetées,achetés,11,F,S,achetées,-10.061512,achetés,-10.252117,1
4876,P_NOUN_8_PASS_b,F,P,les valises avec la jupe que j' aime beaucoup ne sont probablement pas brisées <eos>,13,brisées,brisés,11,F,S,brisées,-9.324358,brisés,-12.585586,1
4877,P_NOUN_8_PASS_b,F,P,les valises avec la jupe que j' aime beaucoup ne sont probablement pas cachées <eos>,13,cachées,cachés,11,F,S,cachées,-7.457327,cachés,-9.021645,1
4878,P_NOUN_8_PASS_b,F,P,les valises avec la jupe que j' aime beaucoup ne sont probablement pas cassées <eos>,13,cassées,cassés,11,F,S,cassées,-8.4028,cassés,-10.088562,1
4879,P_NOUN_8_PASS_b,F,P,les valises avec la jupe que j' aime beaucoup ne sont probablement pas couvertes <eos>,13,couvertes,couverts,11,F,S,couvertes,-6.9890127,couverts,-8.306713,1
4880,P_NOUN_8_PASS_b,F,P,les valises avec la jupe que j' aime beaucoup ne sont probablement pas déformées <eos>,13,déformées,déformés,11,F,S,déformées,-8.079265,déformés,-13.111116,1
4881,P_NOUN_8_PASS_b,F,P,les valises avec la jupe que j' aime beaucoup ne sont probablement pas fixées <eos>,13,fixées,fixés,11,F,S,fixées,-7.784563,fixés,-9.364264,1
4882,P_NOUN_8_PASS_b,F,P,les valises avec la jupe que j' aime beaucoup ne sont probablement pas jetées <eos>,13,jetées,jetés,11,F,S,jetées,-8.35302,jetés,-9.547228,1
4883,P_NOUN_8_PASS_b,F,P,les valises avec la jupe que j' aime beaucoup ne sont probablement pas laissées <eos>,13,laissées,laissés,11,F,S,laissées,-7.676992,laissés,-10.160928,1
4884,P_NOUN_8_PASS_b,F,P,les valises avec la jupe que j' aime beaucoup ne sont probablement pas ouvertes <eos>,13,ouvertes,ouverts,11,F,S,ouvertes,-7.0514536,ouverts,-8.58599,1
4885,P_NOUN_8_PASS_b,F,P,les valises avec la jupe que j' aime beaucoup ne sont probablement pas perdues <eos>,13,perdues,perdus,11,F,S,perdues,-8.121284,perdus,-9.120638,1
4886,P_NOUN_8_PASS_b,F,P,les valises avec la jupe que j' aime beaucoup ne sont probablement pas réparées <eos>,13,réparées,réparés,11,F,S,réparées,-8.74875,réparés,-12.548524,1
4887,P_NOUN_8_PASS_b,F,P,les valises avec la jupe que j' aime beaucoup ne sont probablement pas retirées <eos>,13,retirées,retirés,11,F,S,retirées,-8.070478,retirés,-10.423012,1
4888,P_NOUN_8_PASS_b,F,P,les valises avec la jupe que j' aime beaucoup ne sont probablement pas tombées <eos>,13,tombées,tombés,11,F,S,tombées,-8.004681,tombés,-8.736359,1
4889,P_NOUN_8_PASS_b,F,P,les valises avec la jupe que j' aime beaucoup ne sont probablement pas utilisées <eos>,13,utilisées,utilisés,11,F,S,utilisées,-5.193503,utilisés,-6.851642,1
4890,P_NOUN_8_PASS_b,F,P,les valises avec la colle que j' aime beaucoup ne sont probablement pas achetées <eos>,13,achetées,achetés,11,F,S,achetées,-9.999087,achetés,-9.699497,0
4891,P_NOUN_8_PASS_b,F,P,les valises avec la colle que j' aime beaucoup ne sont probablement pas brisées <eos>,13,brisées,brisés,11,F,S,brisées,-9.501796,brisés,-12.69252,1
4892,P_NOUN_8_PASS_b,F,P,les valises avec la colle que j' aime beaucoup ne sont probablement pas cachées <eos>,13,cachées,cachés,11,F,S,cachées,-7.577095,cachés,-8.472172,1
4893,P_NOUN_8_PASS_b,F,P,les valises avec la colle que j' aime beaucoup ne sont probablement pas cassées <eos>,13,cassées,cassés,11,F,S,cassées,-8.61911,cassés,-9.906511,1
4894,P_NOUN_8_PASS_b,F,P,les valises avec la colle que j' aime beaucoup ne sont probablement pas couvertes <eos>,13,couvertes,couverts,11,F,S,couvertes,-7.2165575,couverts,-8.239135,1
4895,P_NOUN_8_PASS_b,F,P,les valises avec la colle que j' aime beaucoup ne sont probablement pas déformées <eos>,13,déformées,déformés,11,F,S,déformées,-8.383365,déformés,-13.529891,1
4896,P_NOUN_8_PASS_b,F,P,les valises avec la colle que j' aime beaucoup ne sont probablement pas fixées <eos>,13,fixées,fixés,11,F,S,fixées,-8.0519285,fixés,-9.4388485,1
4897,P_NOUN_8_PASS_b,F,P,les valises avec la colle que j' aime beaucoup ne sont probablement pas jetées <eos>,13,jetées,jetés,11,F,S,jetées,-8.386626,jetés,-9.098007,1
4898,P_NOUN_8_PASS_b,F,P,les valises avec la colle que j' aime beaucoup ne sont probablement pas laissées <eos>,13,laissées,laissés,11,F,S,laissées,-7.5116906,laissés,-9.71981,1
4899,P_NOUN_8_PASS_b,F,P,les valises avec la colle que j' aime beaucoup ne sont probablement pas ouvertes <eos>,13,ouvertes,ouverts,11,F,S,ouvertes,-7.3970027,ouverts,-8.885504,1
4900,P_NOUN_8_PASS_b,F,P,les valises avec la colle que j' aime beaucoup ne sont probablement pas perdues <eos>,13,perdues,perdus,11,F,S,perdues,-7.6891675,perdus,-8.643108,1
4901,P_NOUN_8_PASS_b,F,P,les valises avec la colle que j' aime beaucoup ne sont probablement pas réparées <eos>,13,réparées,réparés,11,F,S,réparées,-8.94097,réparés,-12.378752,1
4902,P_NOUN_8_PASS_b,F,P,les valises avec la colle que j' aime beaucoup ne sont probablement pas retirées <eos>,13,retirées,retirés,11,F,S,retirées,-8.006727,retirés,-9.933589,1
4903,P_NOUN_8_PASS_b,F,P,les valises avec la colle que j' aime beaucoup ne sont probablement pas tombées <eos>,13,tombées,tombés,11,F,S,tombées,-7.814049,tombés,-8.48062,1
4904,P_NOUN_8_PASS_b,F,P,les valises avec la colle que j' aime beaucoup ne sont probablement pas utilisées <eos>,13,utilisées,utilisés,11,F,S,utilisées,-5.079113,utilisés,-6.5167522,1
4905,P_NOUN_8_PASS_b,F,P,les valises avec la lampe que j' aime beaucoup ne sont probablement pas achetées <eos>,13,achetées,achetés,11,F,S,achetées,-10.057353,achetés,-10.285181,1
4906,P_NOUN_8_PASS_b,F,P,les valises avec la lampe que j' aime beaucoup ne sont probablement pas brisées <eos>,13,brisées,brisés,11,F,S,brisées,-9.068729,brisés,-12.575575,1
4907,P_NOUN_8_PASS_b,F,P,les valises avec la lampe que j' aime beaucoup ne sont probablement pas cachées <eos>,13,cachées,cachés,11,F,S,cachées,-6.9403696,cachés,-8.235333,1
4908,P_NOUN_8_PASS_b,F,P,les valises avec la lampe que j' aime beaucoup ne sont probablement pas cassées <eos>,13,cassées,cassés,11,F,S,cassées,-8.597403,cassés,-10.417311,1
4909,P_NOUN_8_PASS_b,F,P,les valises avec la lampe que j' aime beaucoup ne sont probablement pas couvertes <eos>,13,couvertes,couverts,11,F,S,couvertes,-7.34429,couverts,-8.859031,1
4910,P_NOUN_8_PASS_b,F,P,les valises avec la lampe que j' aime beaucoup ne sont probablement pas déformées <eos>,13,déformées,déformés,11,F,S,déformées,-7.755136,déformés,-12.820608,1
4911,P_NOUN_8_PASS_b,F,P,les valises avec la lampe que j' aime beaucoup ne sont probablement pas fixées <eos>,13,fixées,fixés,11,F,S,fixées,-7.729558,fixés,-9.22785,1
4912,P_NOUN_8_PASS_b,F,P,les valises avec la lampe que j' aime beaucoup ne sont probablement pas jetées <eos>,13,jetées,jetés,11,F,S,jetées,-7.5559154,jetés,-8.67136,1
4913,P_NOUN_8_PASS_b,F,P,les valises avec la lampe que j' aime beaucoup ne sont probablement pas laissées <eos>,13,laissées,laissés,11,F,S,laissées,-7.9938073,laissés,-10.053303,1
4914,P_NOUN_8_PASS_b,F,P,les valises avec la lampe que j' aime beaucoup ne sont probablement pas ouvertes <eos>,13,ouvertes,ouverts,11,F,S,ouvertes,-7.1137395,ouverts,-8.864567,1
4915,P_NOUN_8_PASS_b,F,P,les valises avec la lampe que j' aime beaucoup ne sont probablement pas perdues <eos>,13,perdues,perdus,11,F,S,perdues,-7.3711476,perdus,-8.61161,1
4916,P_NOUN_8_PASS_b,F,P,les valises avec la lampe que j' aime beaucoup ne sont probablement pas réparées <eos>,13,réparées,réparés,11,F,S,réparées,-8.686057,réparés,-12.231104,1
4917,P_NOUN_8_PASS_b,F,P,les valises avec la lampe que j' aime beaucoup ne sont probablement pas retirées <eos>,13,retirées,retirés,11,F,S,retirées,-7.728326,retirés,-10.066376,1
4918,P_NOUN_8_PASS_b,F,P,les valises avec la lampe que j' aime beaucoup ne sont probablement pas tombées <eos>,13,tombées,tombés,11,F,S,tombées,-7.4188776,tombés,-8.569444,1
4919,P_NOUN_8_PASS_b,F,P,les valises avec la lampe que j' aime beaucoup ne sont probablement pas utilisées <eos>,13,utilisées,utilisés,11,F,S,utilisées,-4.9032063,utilisés,-6.555617,1
4920,P_NOUN_8_PASS_b,F,P,les valises avec la bouteille que j' aime beaucoup ne sont probablement pas achetées <eos>,13,achetées,achetés,11,F,S,achetées,-9.336338,achetés,-9.698097,1
4921,P_NOUN_8_PASS_b,F,P,les valises avec la bouteille que j' aime beaucoup ne sont probablement pas brisées <eos>,13,brisées,brisés,11,F,S,brisées,-9.65279,brisés,-13.033508,1
4922,P_NOUN_8_PASS_b,F,P,les valises avec la bouteille que j' aime beaucoup ne sont probablement pas cachées <eos>,13,cachées,cachés,11,F,S,cachées,-7.7313757,cachés,-8.840904,1
4923,P_NOUN_8_PASS_b,F,P,les valises avec la bouteille que j' aime beaucoup ne sont probablement pas cassées <eos>,13,cassées,cassés,11,F,S,cassées,-8.838223,cassés,-10.304432,1
4924,P_NOUN_8_PASS_b,F,P,les valises avec la bouteille que j' aime beaucoup ne sont probablement pas couvertes <eos>,13,couvertes,couverts,11,F,S,couvertes,-7.1822453,couverts,-8.252058,1
4925,P_NOUN_8_PASS_b,F,P,les valises avec la bouteille que j' aime beaucoup ne sont probablement pas déformées <eos>,13,déformées,déformés,11,F,S,déformées,-8.456815,déformés,-13.536916,1
4926,P_NOUN_8_PASS_b,F,P,les valises avec la bouteille que j' aime beaucoup ne sont probablement pas fixées <eos>,13,fixées,fixés,11,F,S,fixées,-8.419792,fixés,-9.475951,1
4927,P_NOUN_8_PASS_b,F,P,les valises avec la bouteille que j' aime beaucoup ne sont probablement pas jetées <eos>,13,jetées,jetés,11,F,S,jetées,-9.024962,jetés,-9.611402,1
4928,P_NOUN_8_PASS_b,F,P,les valises avec la bouteille que j' aime beaucoup ne sont probablement pas laissées <eos>,13,laissées,laissés,11,F,S,laissées,-7.1207657,laissés,-9.969811,1
4929,P_NOUN_8_PASS_b,F,P,les valises avec la bouteille que j' aime beaucoup ne sont probablement pas ouvertes <eos>,13,ouvertes,ouverts,11,F,S,ouvertes,-7.0093536,ouverts,-8.436697,1
4930,P_NOUN_8_PASS_b,F,P,les valises avec la bouteille que j' aime beaucoup ne sont probablement pas perdues <eos>,13,perdues,perdus,11,F,S,perdues,-7.7466784,perdus,-8.657483,1
4931,P_NOUN_8_PASS_b,F,P,les valises avec la bouteille que j' aime beaucoup ne sont probablement pas réparées <eos>,13,réparées,réparés,11,F,S,réparées,-8.680847,réparés,-12.398392,1
4932,P_NOUN_8_PASS_b,F,P,les valises avec la bouteille que j' aime beaucoup ne sont probablement pas retirées <eos>,13,retirées,retirés,11,F,S,retirées,-8.017692,retirés,-10.352536,1
4933,P_NOUN_8_PASS_b,F,P,les valises avec la bouteille que j' aime beaucoup ne sont probablement pas tombées <eos>,13,tombées,tombés,11,F,S,tombées,-8.04403,tombés,-9.009676,1
4934,P_NOUN_8_PASS_b,F,P,les valises avec la bouteille que j' aime beaucoup ne sont probablement pas utilisées <eos>,13,utilisées,utilisés,11,F,S,utilisées,-5.4058065,utilisés,-7.0042086,1
4935,P_NOUN_8_PASS_b,F,P,les valises avec la boisson que j' aime beaucoup ne sont probablement pas achetées <eos>,13,achetées,achetés,11,F,S,achetées,-10.061534,achetés,-9.738086,0
4936,P_NOUN_8_PASS_b,F,P,les valises avec la boisson que j' aime beaucoup ne sont probablement pas brisées <eos>,13,brisées,brisés,11,F,S,brisées,-9.770428,brisés,-13.49866,1
4937,P_NOUN_8_PASS_b,F,P,les valises avec la boisson que j' aime beaucoup ne sont probablement pas cachées <eos>,13,cachées,cachés,11,F,S,cachées,-7.744559,cachés,-8.970724,1
4938,P_NOUN_8_PASS_b,F,P,les valises avec la boisson que j' aime beaucoup ne sont probablement pas cassées <eos>,13,cassées,cassés,11,F,S,cassées,-9.3048525,cassés,-10.386027,1
4939,P_NOUN_8_PASS_b,F,P,les valises avec la boisson que j' aime beaucoup ne sont probablement pas couvertes <eos>,13,couvertes,couverts,11,F,S,couvertes,-7.6593113,couverts,-8.167254,1
4940,P_NOUN_8_PASS_b,F,P,les valises avec la boisson que j' aime beaucoup ne sont probablement pas déformées <eos>,13,déformées,déformés,11,F,S,déformées,-9.073841,déformés,-13.888995,1
4941,P_NOUN_8_PASS_b,F,P,les valises avec la boisson que j' aime beaucoup ne sont probablement pas fixées <eos>,13,fixées,fixés,11,F,S,fixées,-8.488283,fixés,-9.589283,1
4942,P_NOUN_8_PASS_b,F,P,les valises avec la boisson que j' aime beaucoup ne sont probablement pas jetées <eos>,13,jetées,jetés,11,F,S,jetées,-9.008651,jetés,-10.038715,1
4943,P_NOUN_8_PASS_b,F,P,les valises avec la boisson que j' aime beaucoup ne sont probablement pas laissées <eos>,13,laissées,laissés,11,F,S,laissées,-7.581787,laissés,-10.027571,1
4944,P_NOUN_8_PASS_b,F,P,les valises avec la boisson que j' aime beaucoup ne sont probablement pas ouvertes <eos>,13,ouvertes,ouverts,11,F,S,ouvertes,-7.671203,ouverts,-9.216386,1
4945,P_NOUN_8_PASS_b,F,P,les valises avec la boisson que j' aime beaucoup ne sont probablement pas perdues <eos>,13,perdues,perdus,11,F,S,perdues,-8.14918,perdus,-8.989248,1
4946,P_NOUN_8_PASS_b,F,P,les valises avec la boisson que j' aime beaucoup ne sont probablement pas réparées <eos>,13,réparées,réparés,11,F,S,réparées,-9.863566,réparés,-13.191529,1
4947,P_NOUN_8_PASS_b,F,P,les valises avec la boisson que j' aime beaucoup ne sont probablement pas retirées <eos>,13,retirées,retirés,11,F,S,retirées,-8.663337,retirés,-10.616209,1
4948,P_NOUN_8_PASS_b,F,P,les valises avec la boisson que j' aime beaucoup ne sont probablement pas tombées <eos>,13,tombées,tombés,11,F,S,tombées,-8.023563,tombés,-8.561605,1
4949,P_NOUN_8_PASS_b,F,P,les valises avec la boisson que j' aime beaucoup ne sont probablement pas utilisées <eos>,13,utilisées,utilisés,11,F,S,utilisées,-5.6040397,utilisés,-7.005856,1
4950,P_NOUN_8_PASS_b,F,P,les valises avec la pomme que j' aime beaucoup ne sont probablement pas achetées <eos>,13,achetées,achetés,11,F,S,achetées,-9.298298,achetés,-9.384011,1
4951,P_NOUN_8_PASS_b,F,P,les valises avec la pomme que j' aime beaucoup ne sont probablement pas brisées <eos>,13,brisées,brisés,11,F,S,brisées,-9.652924,brisés,-13.296995,1
4952,P_NOUN_8_PASS_b,F,P,les valises avec la pomme que j' aime beaucoup ne sont probablement pas cachées <eos>,13,cachées,cachés,11,F,S,cachées,-7.367818,cachés,-9.035205,1
4953,P_NOUN_8_PASS_b,F,P,les valises avec la pomme que j' aime beaucoup ne sont probablement pas cassées <eos>,13,cassées,cassés,11,F,S,cassées,-9.157363,cassés,-10.035692,1
4954,P_NOUN_8_PASS_b,F,P,les valises avec la pomme que j' aime beaucoup ne sont probablement pas couvertes <eos>,13,couvertes,couverts,11,F,S,couvertes,-7.1432204,couverts,-8.007965,1
4955,P_NOUN_8_PASS_b,F,P,les valises avec la pomme que j' aime beaucoup ne sont probablement pas déformées <eos>,13,déformées,déformés,11,F,S,déformées,-8.92817,déformés,-14.131914,1
4956,P_NOUN_8_PASS_b,F,P,les valises avec la pomme que j' aime beaucoup ne sont probablement pas fixées <eos>,13,fixées,fixés,11,F,S,fixées,-8.437359,fixés,-9.298653,1
4957,P_NOUN_8_PASS_b,F,P,les valises avec la pomme que j' aime beaucoup ne sont probablement pas jetées <eos>,13,jetées,jetés,11,F,S,jetées,-9.033007,jetés,-10.340393,1
4958,P_NOUN_8_PASS_b,F,P,les valises avec la pomme que j' aime beaucoup ne sont probablement pas laissées <eos>,13,laissées,laissés,11,F,S,laissées,-7.351401,laissés,-9.751404,1
4959,P_NOUN_8_PASS_b,F,P,les valises avec la pomme que j' aime beaucoup ne sont probablement pas ouvertes <eos>,13,ouvertes,ouverts,11,F,S,ouvertes,-7.151311,ouverts,-8.729386,1
4960,P_NOUN_8_PASS_b,F,P,les valises avec la pomme que j' aime beaucoup ne sont probablement pas perdues <eos>,13,perdues,perdus,11,F,S,perdues,-7.6920395,perdus,-8.917779,1
4961,P_NOUN_8_PASS_b,F,P,les valises avec la pomme que j' aime beaucoup ne sont probablement pas réparées <eos>,13,réparées,réparés,11,F,S,réparées,-9.562523,réparés,-13.009863,1
4962,P_NOUN_8_PASS_b,F,P,les valises avec la pomme que j' aime beaucoup ne sont probablement pas retirées <eos>,13,retirées,retirés,11,F,S,retirées,-8.64591,retirés,-10.667686,1
4963,P_NOUN_8_PASS_b,F,P,les valises avec la pomme que j' aime beaucoup ne sont probablement pas tombées <eos>,13,tombées,tombés,11,F,S,tombées,-7.8046265,tombés,-8.624999,1
4964,P_NOUN_8_PASS_b,F,P,les valises avec la pomme que j' aime beaucoup ne sont probablement pas utilisées <eos>,13,utilisées,utilisés,11,F,S,utilisées,-5.238417,utilisés,-6.9443774,1
4965,P_NOUN_8_PASS_b,F,P,les valises avec la tasse que j' aime beaucoup ne sont probablement pas achetées <eos>,13,achetées,achetés,11,F,S,achetées,-9.407176,achetés,-9.763381,1
4966,P_NOUN_8_PASS_b,F,P,les valises avec la tasse que j' aime beaucoup ne sont probablement pas brisées <eos>,13,brisées,brisés,11,F,S,brisées,-9.242094,brisés,-12.82207,1
4967,P_NOUN_8_PASS_b,F,P,les valises avec la tasse que j' aime beaucoup ne sont probablement pas cachées <eos>,13,cachées,cachés,11,F,S,cachées,-7.6621156,cachés,-9.384989,1
4968,P_NOUN_8_PASS_b,F,P,les valises avec la tasse que j' aime beaucoup ne sont probablement pas cassées <eos>,13,cassées,cassés,11,F,S,cassées,-8.564008,cassés,-10.085751,1
4969,P_NOUN_8_PASS_b,F,P,les valises avec la tasse que j' aime beaucoup ne sont probablement pas couvertes <eos>,13,couvertes,couverts,11,F,S,couvertes,-6.722173,couverts,-7.8330007,1
4970,P_NOUN_8_PASS_b,F,P,les valises avec la tasse que j' aime beaucoup ne sont probablement pas déformées <eos>,13,déformées,déformés,11,F,S,déformées,-8.746555,déformés,-13.726842,1
4971,P_NOUN_8_PASS_b,F,P,les valises avec la tasse que j' aime beaucoup ne sont probablement pas fixées <eos>,13,fixées,fixés,11,F,S,fixées,-8.206123,fixés,-9.561523,1
4972,P_NOUN_8_PASS_b,F,P,les valises avec la tasse que j' aime beaucoup ne sont probablement pas jetées <eos>,13,jetées,jetés,11,F,S,jetées,-8.409611,jetés,-9.865804,1
4973,P_NOUN_8_PASS_b,F,P,les valises avec la tasse que j' aime beaucoup ne sont probablement pas laissées <eos>,13,laissées,laissés,11,F,S,laissées,-6.9840755,laissés,-9.755952,1
4974,P_NOUN_8_PASS_b,F,P,les valises avec la tasse que j' aime beaucoup ne sont probablement pas ouvertes <eos>,13,ouvertes,ouverts,11,F,S,ouvertes,-6.7016478,ouverts,-8.191084,1
4975,P_NOUN_8_PASS_b,F,P,les valises avec la tasse que j' aime beaucoup ne sont probablement pas perdues <eos>,13,perdues,perdus,11,F,S,perdues,-8.114197,perdus,-9.143151,1
4976,P_NOUN_8_PASS_b,F,P,les valises avec la tasse que j' aime beaucoup ne sont probablement pas réparées <eos>,13,réparées,réparés,11,F,S,réparées,-8.568737,réparés,-12.245831,1
4977,P_NOUN_8_PASS_b,F,P,les valises avec la tasse que j' aime beaucoup ne sont probablement pas retirées <eos>,13,retirées,retirés,11,F,S,retirées,-8.339642,retirés,-10.629827,1
4978,P_NOUN_8_PASS_b,F,P,les valises avec la tasse que j' aime beaucoup ne sont probablement pas tombées <eos>,13,tombées,tombés,11,F,S,tombées,-7.96254,tombés,-8.940747,1
4979,P_NOUN_8_PASS_b,F,P,les valises avec la tasse que j' aime beaucoup ne sont probablement pas utilisées <eos>,13,utilisées,utilisés,11,F,S,utilisées,-5.4690523,utilisés,-7.3019724,1
4980,P_NOUN_8_PASS_b,F,P,les valises avec la bougie que j' aime beaucoup ne sont probablement pas achetées <eos>,13,achetées,achetés,11,F,S,achetées,-9.817476,achetés,-10.365978,1
4981,P_NOUN_8_PASS_b,F,P,les valises avec la bougie que j' aime beaucoup ne sont probablement pas brisées <eos>,13,brisées,brisés,11,F,S,brisées,-9.356781,brisés,-12.4322195,1
4982,P_NOUN_8_PASS_b,F,P,les valises avec la bougie que j' aime beaucoup ne sont probablement pas cachées <eos>,13,cachées,cachés,11,F,S,cachées,-7.509985,cachés,-8.616673,1
4983,P_NOUN_8_PASS_b,F,P,les valises avec la bougie que j' aime beaucoup ne sont probablement pas cassées <eos>,13,cassées,cassés,11,F,S,cassées,-8.416969,cassés,-10.292143,1
4984,P_NOUN_8_PASS_b,F,P,les valises avec la bougie que j' aime beaucoup ne sont probablement pas couvertes <eos>,13,couvertes,couverts,11,F,S,couvertes,-7.4436026,couverts,-8.706459,1
4985,P_NOUN_8_PASS_b,F,P,les valises avec la bougie que j' aime beaucoup ne sont probablement pas déformées <eos>,13,déformées,déformés,11,F,S,déformées,-8.328853,déformés,-13.002551,1
4986,P_NOUN_8_PASS_b,F,P,les valises avec la bougie que j' aime beaucoup ne sont probablement pas fixées <eos>,13,fixées,fixés,11,F,S,fixées,-8.038924,fixés,-9.275603,1
4987,P_NOUN_8_PASS_b,F,P,les valises avec la bougie que j' aime beaucoup ne sont probablement pas jetées <eos>,13,jetées,jetés,11,F,S,jetées,-8.459918,jetés,-9.081132,1
4988,P_NOUN_8_PASS_b,F,P,les valises avec la bougie que j' aime beaucoup ne sont probablement pas laissées <eos>,13,laissées,laissés,11,F,S,laissées,-7.555238,laissés,-9.890034,1
4989,P_NOUN_8_PASS_b,F,P,les valises avec la bougie que j' aime beaucoup ne sont probablement pas ouvertes <eos>,13,ouvertes,ouverts,11,F,S,ouvertes,-7.276905,ouverts,-8.734564,1
4990,P_NOUN_8_PASS_b,F,P,les valises avec la bougie que j' aime beaucoup ne sont probablement pas perdues <eos>,13,perdues,perdus,11,F,S,perdues,-7.585454,perdus,-8.650388,1
4991,P_NOUN_8_PASS_b,F,P,les valises avec la bougie que j' aime beaucoup ne sont probablement pas réparées <eos>,13,réparées,réparés,11,F,S,réparées,-8.472017,réparés,-12.060631,1
4992,P_NOUN_8_PASS_b,F,P,les valises avec la bougie que j' aime beaucoup ne sont probablement pas retirées <eos>,13,retirées,retirés,11,F,S,retirées,-7.7537565,retirés,-10.251551,1
4993,P_NOUN_8_PASS_b,F,P,les valises avec la bougie que j' aime beaucoup ne sont probablement pas tombées <eos>,13,tombées,tombés,11,F,S,tombées,-7.720226,tombés,-8.423545,1
4994,P_NOUN_8_PASS_b,F,P,les valises avec la bougie que j' aime beaucoup ne sont probablement pas utilisées <eos>,13,utilisées,utilisés,11,F,S,utilisées,-5.3589153,utilisés,-6.9244337,1
4995,P_NOUN_8_PASS_b,F,P,les valises avec la pochette que j' aime beaucoup ne sont probablement pas achetées <eos>,13,achetées,achetés,11,F,S,achetées,-9.680287,achetés,-10.713993,1
4996,P_NOUN_8_PASS_b,F,P,les valises avec la pochette que j' aime beaucoup ne sont probablement pas brisées <eos>,13,brisées,brisés,11,F,S,brisées,-9.078947,brisés,-12.710636,1
4997,P_NOUN_8_PASS_b,F,P,les valises avec la pochette que j' aime beaucoup ne sont probablement pas cachées <eos>,13,cachées,cachés,11,F,S,cachées,-7.514065,cachés,-9.49461,1
4998,P_NOUN_8_PASS_b,F,P,les valises avec la pochette que j' aime beaucoup ne sont probablement pas cassées <eos>,13,cassées,cassés,11,F,S,cassées,-8.829615,cassés,-10.8897,1
4999,P_NOUN_8_PASS_b,F,P,les valises avec la pochette que j' aime beaucoup ne sont probablement pas couvertes <eos>,13,couvertes,couverts,11,F,S,couvertes,-8.155443,couverts,-9.624914,1
5000,P_NOUN_8_PASS_b,F,P,les valises avec la pochette que j' aime beaucoup ne sont probablement pas déformées <eos>,13,déformées,déformés,11,F,S,déformées,-7.874198,déformés,-12.852983,1
5001,P_NOUN_8_PASS_b,F,P,les valises avec la pochette que j' aime beaucoup ne sont probablement pas fixées <eos>,13,fixées,fixés,11,F,S,fixées,-8.169382,fixés,-9.931549,1
5002,P_NOUN_8_PASS_b,F,P,les valises avec la pochette que j' aime beaucoup ne sont probablement pas jetées <eos>,13,jetées,jetés,11,F,S,jetées,-9.626202,jetés,-10.344312,1
5003,P_NOUN_8_PASS_b,F,P,les valises avec la pochette que j' aime beaucoup ne sont probablement pas laissées <eos>,13,laissées,laissés,11,F,S,laissées,-7.778075,laissés,-10.73287,1
5004,P_NOUN_8_PASS_b,F,P,les valises avec la pochette que j' aime beaucoup ne sont probablement pas ouvertes <eos>,13,ouvertes,ouverts,11,F,S,ouvertes,-7.4022503,ouverts,-9.589839,1
5005,P_NOUN_8_PASS_b,F,P,les valises avec la pochette que j' aime beaucoup ne sont probablement pas perdues <eos>,13,perdues,perdus,11,F,S,perdues,-7.5819507,perdus,-9.032449,1
5006,P_NOUN_8_PASS_b,F,P,les valises avec la pochette que j' aime beaucoup ne sont probablement pas réparées <eos>,13,réparées,réparés,11,F,S,réparées,-9.217588,réparés,-13.481132,1
5007,P_NOUN_8_PASS_b,F,P,les valises avec la pochette que j' aime beaucoup ne sont probablement pas retirées <eos>,13,retirées,retirés,11,F,S,retirées,-7.8315506,retirés,-10.930813,1
5008,P_NOUN_8_PASS_b,F,P,les valises avec la pochette que j' aime beaucoup ne sont probablement pas tombées <eos>,13,tombées,tombés,11,F,S,tombées,-8.008198,tombés,-9.375234,1
5009,P_NOUN_8_PASS_b,F,P,les valises avec la pochette que j' aime beaucoup ne sont probablement pas utilisées <eos>,13,utilisées,utilisés,11,F,S,utilisées,-5.6320047,utilisés,-7.610862,1
5010,P_NOUN_8_PASS_b,F,P,les valises avec la banane que j' aime beaucoup ne sont probablement pas achetées <eos>,13,achetées,achetés,11,F,S,achetées,-9.782847,achetés,-9.843387,1
5011,P_NOUN_8_PASS_b,F,P,les valises avec la banane que j' aime beaucoup ne sont probablement pas brisées <eos>,13,brisées,brisés,11,F,S,brisées,-9.303096,brisés,-12.825584,1
5012,P_NOUN_8_PASS_b,F,P,les valises avec la banane que j' aime beaucoup ne sont probablement pas cachées <eos>,13,cachées,cachés,11,F,S,cachées,-8.036795,cachés,-9.284585,1
5013,P_NOUN_8_PASS_b,F,P,les valises avec la banane que j' aime beaucoup ne sont probablement pas cassées <eos>,13,cassées,cassés,11,F,S,cassées,-8.76138,cassés,-10.154087,1
5014,P_NOUN_8_PASS_b,F,P,les valises avec la banane que j' aime beaucoup ne sont probablement pas couvertes <eos>,13,couvertes,couverts,11,F,S,couvertes,-7.5591307,couverts,-8.525086,1
5015,P_NOUN_8_PASS_b,F,P,les valises avec la banane que j' aime beaucoup ne sont probablement pas déformées <eos>,13,déformées,déformés,11,F,S,déformées,-8.535263,déformés,-13.44972,1
5016,P_NOUN_8_PASS_b,F,P,les valises avec la banane que j' aime beaucoup ne sont probablement pas fixées <eos>,13,fixées,fixés,11,F,S,fixées,-8.272688,fixés,-9.081543,1
5017,P_NOUN_8_PASS_b,F,P,les valises avec la banane que j' aime beaucoup ne sont probablement pas jetées <eos>,13,jetées,jetés,11,F,S,jetées,-7.707589,jetés,-10.147073,1
5018,P_NOUN_8_PASS_b,F,P,les valises avec la banane que j' aime beaucoup ne sont probablement pas laissées <eos>,13,laissées,laissés,11,F,S,laissées,-7.3604765,laissés,-9.786218,1
5019,P_NOUN_8_PASS_b,F,P,les valises avec la banane que j' aime beaucoup ne sont probablement pas ouvertes <eos>,13,ouvertes,ouverts,11,F,S,ouvertes,-7.952222,ouverts,-9.387343,1
5020,P_NOUN_8_PASS_b,F,P,les valises avec la banane que j' aime beaucoup ne sont probablement pas perdues <eos>,13,perdues,perdus,11,F,S,perdues,-7.8334627,perdus,-8.466677,1
5021,P_NOUN_8_PASS_b,F,P,les valises avec la banane que j' aime beaucoup ne sont probablement pas réparées <eos>,13,réparées,réparés,11,F,S,réparées,-9.445283,réparés,-12.358222,1
5022,P_NOUN_8_PASS_b,F,P,les valises avec la banane que j' aime beaucoup ne sont probablement pas retirées <eos>,13,retirées,retirés,11,F,S,retirées,-8.625864,retirés,-10.479843,1
5023,P_NOUN_8_PASS_b,F,P,les valises avec la banane que j' aime beaucoup ne sont probablement pas tombées <eos>,13,tombées,tombés,11,F,S,tombées,-7.5402927,tombés,-8.376793,1
5024,P_NOUN_8_PASS_b,F,P,les valises avec la banane que j' aime beaucoup ne sont probablement pas utilisées <eos>,13,utilisées,utilisés,11,F,S,utilisées,-5.1586285,utilisés,-6.733732,1
5025,P_NOUN_8_PASS_b,F,P,les valises avec la robe que j' aime beaucoup ne sont probablement pas achetées <eos>,13,achetées,achetés,11,F,S,achetées,-10.560201,achetés,-10.391304,0
5026,P_NOUN_8_PASS_b,F,P,les valises avec la robe que j' aime beaucoup ne sont probablement pas brisées <eos>,13,brisées,brisés,11,F,S,brisées,-9.645515,brisés,-13.406177,1
5027,P_NOUN_8_PASS_b,F,P,les valises avec la robe que j' aime beaucoup ne sont probablement pas cachées <eos>,13,cachées,cachés,11,F,S,cachées,-7.224124,cachés,-8.875635,1
5028,P_NOUN_8_PASS_b,F,P,les valises avec la robe que j' aime beaucoup ne sont probablement pas cassées <eos>,13,cassées,cassés,11,F,S,cassées,-9.118675,cassés,-10.950738,1
5029,P_NOUN_8_PASS_b,F,P,les valises avec la robe que j' aime beaucoup ne sont probablement pas couvertes <eos>,13,couvertes,couverts,11,F,S,couvertes,-7.419388,couverts,-8.4245405,1
5030,P_NOUN_8_PASS_b,F,P,les valises avec la robe que j' aime beaucoup ne sont probablement pas déformées <eos>,13,déformées,déformés,11,F,S,déformées,-8.818264,déformés,-13.258522,1
5031,P_NOUN_8_PASS_b,F,P,les valises avec la robe que j' aime beaucoup ne sont probablement pas fixées <eos>,13,fixées,fixés,11,F,S,fixées,-8.257311,fixés,-9.852627,1
5032,P_NOUN_8_PASS_b,F,P,les valises avec la robe que j' aime beaucoup ne sont probablement pas jetées <eos>,13,jetées,jetés,11,F,S,jetées,-8.74529,jetés,-9.919805,1
5033,P_NOUN_8_PASS_b,F,P,les valises avec la robe que j' aime beaucoup ne sont probablement pas laissées <eos>,13,laissées,laissés,11,F,S,laissées,-8.162039,laissés,-10.317608,1
5034,P_NOUN_8_PASS_b,F,P,les valises avec la robe que j' aime beaucoup ne sont probablement pas ouvertes <eos>,13,ouvertes,ouverts,11,F,S,ouvertes,-7.450036,ouverts,-9.300046,1
5035,P_NOUN_8_PASS_b,F,P,les valises avec la robe que j' aime beaucoup ne sont probablement pas perdues <eos>,13,perdues,perdus,11,F,S,perdues,-8.220873,perdus,-9.389011,1
5036,P_NOUN_8_PASS_b,F,P,les valises avec la robe que j' aime beaucoup ne sont probablement pas réparées <eos>,13,réparées,réparés,11,F,S,réparées,-9.447359,réparés,-12.552815,1
5037,P_NOUN_8_PASS_b,F,P,les valises avec la robe que j' aime beaucoup ne sont probablement pas retirées <eos>,13,retirées,retirés,11,F,S,retirées,-8.658012,retirés,-10.816175,1
5038,P_NOUN_8_PASS_b,F,P,les valises avec la robe que j' aime beaucoup ne sont probablement pas tombées <eos>,13,tombées,tombés,11,F,S,tombées,-7.829627,tombés,-8.148993,1
5039,P_NOUN_8_PASS_b,F,P,les valises avec la robe que j' aime beaucoup ne sont probablement pas utilisées <eos>,13,utilisées,utilisés,11,F,S,utilisées,-5.3110805,utilisés,-6.896255,1
5040,P_NOUN_8_PASS_b,F,P,les valises avec la valise que j' aime beaucoup ne sont probablement pas achetées <eos>,13,achetées,achetés,11,F,S,achetées,-8.778941,achetés,-9.724401,1
5041,P_NOUN_8_PASS_b,F,P,les valises avec la valise que j' aime beaucoup ne sont probablement pas brisées <eos>,13,brisées,brisés,11,F,S,brisées,-9.2475395,brisés,-13.007278,1
5042,P_NOUN_8_PASS_b,F,P,les valises avec la valise que j' aime beaucoup ne sont probablement pas cachées <eos>,13,cachées,cachés,11,F,S,cachées,-6.8204427,cachés,-7.915975,1
5043,P_NOUN_8_PASS_b,F,P,les valises avec la valise que j' aime beaucoup ne sont probablement pas cassées <eos>,13,cassées,cassés,11,F,S,cassées,-9.050394,cassés,-10.558626,1
5044,P_NOUN_8_PASS_b,F,P,les valises avec la valise que j' aime beaucoup ne sont probablement pas couvertes <eos>,13,couvertes,couverts,11,F,S,couvertes,-7.71383,couverts,-9.31518,1
5045,P_NOUN_8_PASS_b,F,P,les valises avec la valise que j' aime beaucoup ne sont probablement pas déformées <eos>,13,déformées,déformés,11,F,S,déformées,-7.953243,déformés,-13.750916,1
5046,P_NOUN_8_PASS_b,F,P,les valises avec la valise que j' aime beaucoup ne sont probablement pas fixées <eos>,13,fixées,fixés,11,F,S,fixées,-8.111649,fixés,-9.583236,1
5047,P_NOUN_8_PASS_b,F,P,les valises avec la valise que j' aime beaucoup ne sont probablement pas jetées <eos>,13,jetées,jetés,11,F,S,jetées,-8.004766,jetés,-8.979747,1
5048,P_NOUN_8_PASS_b,F,P,les valises avec la valise que j' aime beaucoup ne sont probablement pas laissées <eos>,13,laissées,laissés,11,F,S,laissées,-7.8237095,laissés,-9.828923,1
5049,P_NOUN_8_PASS_b,F,P,les valises avec la valise que j' aime beaucoup ne sont probablement pas ouvertes <eos>,13,ouvertes,ouverts,11,F,S,ouvertes,-7.2174273,ouverts,-8.663122,1
5050,P_NOUN_8_PASS_b,F,P,les valises avec la valise que j' aime beaucoup ne sont probablement pas perdues <eos>,13,perdues,perdus,11,F,S,perdues,-7.2971334,perdus,-8.495363,1
5051,P_NOUN_8_PASS_b,F,P,les valises avec la valise que j' aime beaucoup ne sont probablement pas réparées <eos>,13,réparées,réparés,11,F,S,réparées,-9.085725,réparés,-13.33544,1
5052,P_NOUN_8_PASS_b,F,P,les valises avec la valise que j' aime beaucoup ne sont probablement pas retirées <eos>,13,retirées,retirés,11,F,S,retirées,-8.01144,retirés,-10.243379,1
5053,P_NOUN_8_PASS_b,F,P,les valises avec la valise que j' aime beaucoup ne sont probablement pas tombées <eos>,13,tombées,tombés,11,F,S,tombées,-7.8947535,tombés,-8.610752,1
5054,P_NOUN_8_PASS_b,F,P,les valises avec la valise que j' aime beaucoup ne sont probablement pas utilisées <eos>,13,utilisées,utilisés,11,F,S,utilisées,-5.0944242,utilisés,-6.8457985,1
5055,P_NOUN_8_PASS_b,F,P,les valises avec la pendule que j' aime beaucoup ne sont probablement pas achetées <eos>,13,achetées,achetés,11,F,S,achetées,-10.572697,achetés,-10.563869,0
5056,P_NOUN_8_PASS_b,F,P,les valises avec la pendule que j' aime beaucoup ne sont probablement pas brisées <eos>,13,brisées,brisés,11,F,S,brisées,-9.397813,brisés,-12.5838,1
5057,P_NOUN_8_PASS_b,F,P,les valises avec la pendule que j' aime beaucoup ne sont probablement pas cachées <eos>,13,cachées,cachés,11,F,S,cachées,-7.527611,cachés,-8.635867,1
5058,P_NOUN_8_PASS_b,F,P,les valises avec la pendule que j' aime beaucoup ne sont probablement pas cassées <eos>,13,cassées,cassés,11,F,S,cassées,-8.469629,cassés,-10.510073,1
5059,P_NOUN_8_PASS_b,F,P,les valises avec la pendule que j' aime beaucoup ne sont probablement pas couvertes <eos>,13,couvertes,couverts,11,F,S,couvertes,-7.356961,couverts,-8.596609,1
5060,P_NOUN_8_PASS_b,F,P,les valises avec la pendule que j' aime beaucoup ne sont probablement pas déformées <eos>,13,déformées,déformés,11,F,S,déformées,-7.841421,déformés,-12.926623,1
5061,P_NOUN_8_PASS_b,F,P,les valises avec la pendule que j' aime beaucoup ne sont probablement pas fixées <eos>,13,fixées,fixés,11,F,S,fixées,-7.5595655,fixés,-9.024201,1
5062,P_NOUN_8_PASS_b,F,P,les valises avec la pendule que j' aime beaucoup ne sont probablement pas jetées <eos>,13,jetées,jetés,11,F,S,jetées,-7.9837847,jetés,-8.886305,1
5063,P_NOUN_8_PASS_b,F,P,les valises avec la pendule que j' aime beaucoup ne sont probablement pas laissées <eos>,13,laissées,laissés,11,F,S,laissées,-7.8086605,laissés,-10.192923,1
5064,P_NOUN_8_PASS_b,F,P,les valises avec la pendule que j' aime beaucoup ne sont probablement pas ouvertes <eos>,13,ouvertes,ouverts,11,F,S,ouvertes,-7.1818104,ouverts,-8.505465,1
5065,P_NOUN_8_PASS_b,F,P,les valises avec la pendule que j' aime beaucoup ne sont probablement pas perdues <eos>,13,perdues,perdus,11,F,S,perdues,-7.5236416,perdus,-8.379924,1
5066,P_NOUN_8_PASS_b,F,P,les valises avec la pendule que j' aime beaucoup ne sont probablement pas réparées <eos>,13,réparées,réparés,11,F,S,réparées,-8.601835,réparés,-12.017463,1
5067,P_NOUN_8_PASS_b,F,P,les valises avec la pendule que j' aime beaucoup ne sont probablement pas retirées <eos>,13,retirées,retirés,11,F,S,retirées,-7.8658915,retirés,-10.0726385,1
5068,P_NOUN_8_PASS_b,F,P,les valises avec la pendule que j' aime beaucoup ne sont probablement pas tombées <eos>,13,tombées,tombés,11,F,S,tombées,-7.735066,tombés,-8.588062,1
5069,P_NOUN_8_PASS_b,F,P,les valises avec la pendule que j' aime beaucoup ne sont probablement pas utilisées <eos>,13,utilisées,utilisés,11,F,S,utilisées,-5.1711993,utilisés,-6.5118957,1
5070,P_NOUN_8_PASS_b,F,P,les valises avec la cloche que j' aime beaucoup ne sont probablement pas achetées <eos>,13,achetées,achetés,11,F,S,achetées,-10.088303,achetés,-10.141299,1
5071,P_NOUN_8_PASS_b,F,P,les valises avec la cloche que j' aime beaucoup ne sont probablement pas brisées <eos>,13,brisées,brisés,11,F,S,brisées,-9.005987,brisés,-12.236776,1
5072,P_NOUN_8_PASS_b,F,P,les valises avec la cloche que j' aime beaucoup ne sont probablement pas cachées <eos>,13,cachées,cachés,11,F,S,cachées,-7.0446773,cachés,-8.485369,1
5073,P_NOUN_8_PASS_b,F,P,les valises avec la cloche que j' aime beaucoup ne sont probablement pas cassées <eos>,13,cassées,cassés,11,F,S,cassées,-8.948254,cassés,-10.177992,1
5074,P_NOUN_8_PASS_b,F,P,les valises avec la cloche que j' aime beaucoup ne sont probablement pas couvertes <eos>,13,couvertes,couverts,11,F,S,couvertes,-7.3825254,couverts,-8.40812,1
5075,P_NOUN_8_PASS_b,F,P,les valises avec la cloche que j' aime beaucoup ne sont probablement pas déformées <eos>,13,déformées,déformés,11,F,S,déformées,-8.727804,déformés,-13.30866,1
5076,P_NOUN_8_PASS_b,F,P,les valises avec la cloche que j' aime beaucoup ne sont probablement pas fixées <eos>,13,fixées,fixés,11,F,S,fixées,-8.260975,fixés,-9.469791,1
5077,P_NOUN_8_PASS_b,F,P,les valises avec la cloche que j' aime beaucoup ne sont probablement pas jetées <eos>,13,jetées,jetés,11,F,S,jetées,-8.243195,jetés,-8.967927,1
5078,P_NOUN_8_PASS_b,F,P,les valises avec la cloche que j' aime beaucoup ne sont probablement pas laissées <eos>,13,laissées,laissés,11,F,S,laissées,-7.8267746,laissés,-9.49141,1
5079,P_NOUN_8_PASS_b,F,P,les valises avec la cloche que j' aime beaucoup ne sont probablement pas ouvertes <eos>,13,ouvertes,ouverts,11,F,S,ouvertes,-7.0244074,ouverts,-8.872955,1
5080,P_NOUN_8_PASS_b,F,P,les valises avec la cloche que j' aime beaucoup ne sont probablement pas perdues <eos>,13,perdues,perdus,11,F,S,perdues,-7.363586,perdus,-8.476503,1
5081,P_NOUN_8_PASS_b,F,P,les valises avec la cloche que j' aime beaucoup ne sont probablement pas réparées <eos>,13,réparées,réparés,11,F,S,réparées,-8.675469,réparés,-11.906645,1
5082,P_NOUN_8_PASS_b,F,P,les valises avec la cloche que j' aime beaucoup ne sont probablement pas retirées <eos>,13,retirées,retirés,11,F,S,retirées,-7.9882693,retirés,-10.129322,1
5083,P_NOUN_8_PASS_b,F,P,les valises avec la cloche que j' aime beaucoup ne sont probablement pas tombées <eos>,13,tombées,tombés,11,F,S,tombées,-7.7465982,tombés,-8.083946,1
5084,P_NOUN_8_PASS_b,F,P,les valises avec la cloche que j' aime beaucoup ne sont probablement pas utilisées <eos>,13,utilisées,utilisés,11,F,S,utilisées,-5.484124,utilisés,-6.988678,1
5085,P_NOUN_8_PASS_b,F,P,les valises avec la cerise que j' aime beaucoup ne sont probablement pas achetées <eos>,13,achetées,achetés,11,F,S,achetées,-9.55242,achetés,-9.640553,1
5086,P_NOUN_8_PASS_b,F,P,les valises avec la cerise que j' aime beaucoup ne sont probablement pas brisées <eos>,13,brisées,brisés,11,F,S,brisées,-9.491433,brisés,-12.893908,1
5087,P_NOUN_8_PASS_b,F,P,les valises avec la cerise que j' aime beaucoup ne sont probablement pas cachées <eos>,13,cachées,cachés,11,F,S,cachées,-7.5078616,cachés,-9.13277,1
5088,P_NOUN_8_PASS_b,F,P,les valises avec la cerise que j' aime beaucoup ne sont probablement pas cassées <eos>,13,cassées,cassés,11,F,S,cassées,-8.705257,cassés,-9.8572035,1
5089,P_NOUN_8_PASS_b,F,P,les valises avec la cerise que j' aime beaucoup ne sont probablement pas couvertes <eos>,13,couvertes,couverts,11,F,S,couvertes,-7.0989275,couverts,-8.042884,1
5090,P_NOUN_8_PASS_b,F,P,les valises avec la cerise que j' aime beaucoup ne sont probablement pas déformées <eos>,13,déformées,déformés,11,F,S,déformées,-8.625992,déformés,-13.781458,1
5091,P_NOUN_8_PASS_b,F,P,les valises avec la cerise que j' aime beaucoup ne sont probablement pas fixées <eos>,13,fixées,fixés,11,F,S,fixées,-8.432465,fixés,-9.422175,1
5092,P_NOUN_8_PASS_b,F,P,les valises avec la cerise que j' aime beaucoup ne sont probablement pas jetées <eos>,13,jetées,jetés,11,F,S,jetées,-8.535898,jetés,-10.011705,1
5093,P_NOUN_8_PASS_b,F,P,les valises avec la cerise que j' aime beaucoup ne sont probablement pas laissées <eos>,13,laissées,laissés,11,F,S,laissées,-7.368199,laissés,-9.796418,1
5094,P_NOUN_8_PASS_b,F,P,les valises avec la cerise que j' aime beaucoup ne sont probablement pas ouvertes <eos>,13,ouvertes,ouverts,11,F,S,ouvertes,-7.3592596,ouverts,-8.650221,1
5095,P_NOUN_8_PASS_b,F,P,les valises avec la cerise que j' aime beaucoup ne sont probablement pas perdues <eos>,13,perdues,perdus,11,F,S,perdues,-7.819078,perdus,-8.965919,1
5096,P_NOUN_8_PASS_b,F,P,les valises avec la cerise que j' aime beaucoup ne sont probablement pas réparées <eos>,13,réparées,réparés,11,F,S,réparées,-9.051781,réparés,-12.26047,1
5097,P_NOUN_8_PASS_b,F,P,les valises avec la cerise que j' aime beaucoup ne sont probablement pas retirées <eos>,13,retirées,retirés,11,F,S,retirées,-8.414258,retirés,-10.336083,1
5098,P_NOUN_8_PASS_b,F,P,les valises avec la cerise que j' aime beaucoup ne sont probablement pas tombées <eos>,13,tombées,tombés,11,F,S,tombées,-7.566134,tombés,-8.459157,1
5099,P_NOUN_8_PASS_b,F,P,les valises avec la cerise que j' aime beaucoup ne sont probablement pas utilisées <eos>,13,utilisées,utilisés,11,F,S,utilisées,-5.166494,utilisés,-6.843084,1
5100,P_NOUN_8_PASS_b,F,P,les pendules avec la gemme que j' aime beaucoup ne sont probablement pas achetées <eos>,13,achetées,achetés,11,F,S,achetées,-10.660988,achetés,-10.577968,0
5101,P_NOUN_8_PASS_b,F,P,les pendules avec la gemme que j' aime beaucoup ne sont probablement pas brisées <eos>,13,brisées,brisés,11,F,S,brisées,-9.18611,brisés,-12.603096,1
5102,P_NOUN_8_PASS_b,F,P,les pendules avec la gemme que j' aime beaucoup ne sont probablement pas cachées <eos>,13,cachées,cachés,11,F,S,cachées,-7.6050806,cachés,-8.961326,1
5103,P_NOUN_8_PASS_b,F,P,les pendules avec la gemme que j' aime beaucoup ne sont probablement pas cassées <eos>,13,cassées,cassés,11,F,S,cassées,-8.3845825,cassés,-10.113527,1
5104,P_NOUN_8_PASS_b,F,P,les pendules avec la gemme que j' aime beaucoup ne sont probablement pas couvertes <eos>,13,couvertes,couverts,11,F,S,couvertes,-7.394735,couverts,-8.745141,1
5105,P_NOUN_8_PASS_b,F,P,les pendules avec la gemme que j' aime beaucoup ne sont probablement pas déformées <eos>,13,déformées,déformés,11,F,S,déformées,-8.005686,déformés,-13.068279,1
5106,P_NOUN_8_PASS_b,F,P,les pendules avec la gemme que j' aime beaucoup ne sont probablement pas fixées <eos>,13,fixées,fixés,11,F,S,fixées,-7.8644314,fixés,-9.495612,1
5107,P_NOUN_8_PASS_b,F,P,les pendules avec la gemme que j' aime beaucoup ne sont probablement pas jetées <eos>,13,jetées,jetés,11,F,S,jetées,-8.807315,jetés,-9.585476,1
5108,P_NOUN_8_PASS_b,F,P,les pendules avec la gemme que j' aime beaucoup ne sont probablement pas laissées <eos>,13,laissées,laissés,11,F,S,laissées,-7.991781,laissés,-10.446712,1
5109,P_NOUN_8_PASS_b,F,P,les pendules avec la gemme que j' aime beaucoup ne sont probablement pas ouvertes <eos>,13,ouvertes,ouverts,11,F,S,ouvertes,-7.5338206,ouverts,-9.301934,1
5110,P_NOUN_8_PASS_b,F,P,les pendules avec la gemme que j' aime beaucoup ne sont probablement pas perdues <eos>,13,perdues,perdus,11,F,S,perdues,-7.6758113,perdus,-8.955116,1
5111,P_NOUN_8_PASS_b,F,P,les pendules avec la gemme que j' aime beaucoup ne sont probablement pas réparées <eos>,13,réparées,réparés,11,F,S,réparées,-8.508678,réparés,-12.055521,1
5112,P_NOUN_8_PASS_b,F,P,les pendules avec la gemme que j' aime beaucoup ne sont probablement pas retirées <eos>,13,retirées,retirés,11,F,S,retirées,-7.4299955,retirés,-10.122607,1
5113,P_NOUN_8_PASS_b,F,P,les pendules avec la gemme que j' aime beaucoup ne sont probablement pas tombées <eos>,13,tombées,tombés,11,F,S,tombées,-7.3540945,tombés,-8.62607,1
5114,P_NOUN_8_PASS_b,F,P,les pendules avec la gemme que j' aime beaucoup ne sont probablement pas utilisées <eos>,13,utilisées,utilisés,11,F,S,utilisées,-5.0821037,utilisés,-6.69516,1
5115,P_NOUN_8_PASS_b,F,P,les pendules avec la chaise que j' aime beaucoup ne sont probablement pas achetées <eos>,13,achetées,achetés,11,F,S,achetées,-10.707146,achetés,-10.703106,0
5116,P_NOUN_8_PASS_b,F,P,les pendules avec la chaise que j' aime beaucoup ne sont probablement pas brisées <eos>,13,brisées,brisés,11,F,S,brisées,-8.996338,brisés,-12.44593,1
5117,P_NOUN_8_PASS_b,F,P,les pendules avec la chaise que j' aime beaucoup ne sont probablement pas cachées <eos>,13,cachées,cachés,11,F,S,cachées,-7.697356,cachés,-9.356181,1
5118,P_NOUN_8_PASS_b,F,P,les pendules avec la chaise que j' aime beaucoup ne sont probablement pas cassées <eos>,13,cassées,cassés,11,F,S,cassées,-8.049408,cassés,-10.069377,1
5119,P_NOUN_8_PASS_b,F,P,les pendules avec la chaise que j' aime beaucoup ne sont probablement pas couvertes <eos>,13,couvertes,couverts,11,F,S,couvertes,-7.5455275,couverts,-9.068095,1
5120,P_NOUN_8_PASS_b,F,P,les pendules avec la chaise que j' aime beaucoup ne sont probablement pas déformées <eos>,13,déformées,déformés,11,F,S,déformées,-7.6102552,déformés,-12.94433,1
5121,P_NOUN_8_PASS_b,F,P,les pendules avec la chaise que j' aime beaucoup ne sont probablement pas fixées <eos>,13,fixées,fixés,11,F,S,fixées,-7.371983,fixés,-9.330247,1
5122,P_NOUN_8_PASS_b,F,P,les pendules avec la chaise que j' aime beaucoup ne sont probablement pas jetées <eos>,13,jetées,jetés,11,F,S,jetées,-8.882467,jetés,-9.8203945,1
5123,P_NOUN_8_PASS_b,F,P,les pendules avec la chaise que j' aime beaucoup ne sont probablement pas laissées <eos>,13,laissées,laissés,11,F,S,laissées,-7.9901867,laissés,-10.807128,1
5124,P_NOUN_8_PASS_b,F,P,les pendules avec la chaise que j' aime beaucoup ne sont probablement pas ouvertes <eos>,13,ouvertes,ouverts,11,F,S,ouvertes,-7.4542403,ouverts,-9.321524,1
5125,P_NOUN_8_PASS_b,F,P,les pendules avec la chaise que j' aime beaucoup ne sont probablement pas perdues <eos>,13,perdues,perdus,11,F,S,perdues,-7.789314,perdus,-9.080217,1
5126,P_NOUN_8_PASS_b,F,P,les pendules avec la chaise que j' aime beaucoup ne sont probablement pas réparées <eos>,13,réparées,réparés,11,F,S,réparées,-8.641399,réparés,-12.701455,1
5127,P_NOUN_8_PASS_b,F,P,les pendules avec la chaise que j' aime beaucoup ne sont probablement pas retirées <eos>,13,retirées,retirés,11,F,S,retirées,-7.4687815,retirés,-10.251166,1
5128,P_NOUN_8_PASS_b,F,P,les pendules avec la chaise que j' aime beaucoup ne sont probablement pas tombées <eos>,13,tombées,tombés,11,F,S,tombées,-7.750885,tombés,-9.306807,1
5129,P_NOUN_8_PASS_b,F,P,les pendules avec la chaise que j' aime beaucoup ne sont probablement pas utilisées <eos>,13,utilisées,utilisés,11,F,S,utilisées,-5.0127044,utilisés,-6.6653,1
5130,P_NOUN_8_PASS_b,F,P,les pendules avec la poubelle que j' aime beaucoup ne sont probablement pas achetées <eos>,13,achetées,achetés,11,F,S,achetées,-10.556787,achetés,-10.422599,0
5131,P_NOUN_8_PASS_b,F,P,les pendules avec la poubelle que j' aime beaucoup ne sont probablement pas brisées <eos>,13,brisées,brisés,11,F,S,brisées,-9.093001,brisés,-12.67833,1
5132,P_NOUN_8_PASS_b,F,P,les pendules avec la poubelle que j' aime beaucoup ne sont probablement pas cachées <eos>,13,cachées,cachés,11,F,S,cachées,-7.30711,cachés,-8.651905,1
5133,P_NOUN_8_PASS_b,F,P,les pendules avec la poubelle que j' aime beaucoup ne sont probablement pas cassées <eos>,13,cassées,cassés,11,F,S,cassées,-8.289241,cassés,-10.288393,1
5134,P_NOUN_8_PASS_b,F,P,les pendules avec la poubelle que j' aime beaucoup ne sont probablement pas couvertes <eos>,13,couvertes,couverts,11,F,S,couvertes,-7.540746,couverts,-9.156723,1
5135,P_NOUN_8_PASS_b,F,P,les pendules avec la poubelle que j' aime beaucoup ne sont probablement pas déformées <eos>,13,déformées,déformés,11,F,S,déformées,-7.724496,déformés,-13.078179,1
5136,P_NOUN_8_PASS_b,F,P,les pendules avec la poubelle que j' aime beaucoup ne sont probablement pas fixées <eos>,13,fixées,fixés,11,F,S,fixées,-7.6131763,fixés,-9.650157,1
5137,P_NOUN_8_PASS_b,F,P,les pendules avec la poubelle que j' aime beaucoup ne sont probablement pas jetées <eos>,13,jetées,jetés,11,F,S,jetées,-8.491134,jetés,-9.531704,1
5138,P_NOUN_8_PASS_b,F,P,les pendules avec la poubelle que j' aime beaucoup ne sont probablement pas laissées <eos>,13,laissées,laissés,11,F,S,laissées,-8.051117,laissés,-10.466583,1
5139,P_NOUN_8_PASS_b,F,P,les pendules avec la poubelle que j' aime beaucoup ne sont probablement pas ouvertes <eos>,13,ouvertes,ouverts,11,F,S,ouvertes,-7.429934,ouverts,-9.382289,1
5140,P_NOUN_8_PASS_b,F,P,les pendules avec la poubelle que j' aime beaucoup ne sont probablement pas perdues <eos>,13,perdues,perdus,11,F,S,perdues,-7.5162463,perdus,-9.003528,1
5141,P_NOUN_8_PASS_b,F,P,les pendules avec la poubelle que j' aime beaucoup ne sont probablement pas réparées <eos>,13,réparées,réparés,11,F,S,réparées,-8.501062,réparés,-12.523358,1
5142,P_NOUN_8_PASS_b,F,P,les pendules avec la poubelle que j' aime beaucoup ne sont probablement pas retirées <eos>,13,retirées,retirés,11,F,S,retirées,-7.4045696,retirés,-10.179751,1
5143,P_NOUN_8_PASS_b,F,P,les pendules avec la poubelle que j' aime beaucoup ne sont probablement pas tombées <eos>,13,tombées,tombés,11,F,S,tombées,-7.373522,tombés,-8.850558,1
5144,P_NOUN_8_PASS_b,F,P,les pendules avec la poubelle que j' aime beaucoup ne sont probablement pas utilisées <eos>,13,utilisées,utilisés,11,F,S,utilisées,-4.8976555,utilisés,-6.6274395,1
5145,P_NOUN_8_PASS_b,F,P,les pendules avec la chemise que j' aime beaucoup ne sont probablement pas achetées <eos>,13,achetées,achetés,11,F,S,achetées,-10.687132,achetés,-10.786531,1
5146,P_NOUN_8_PASS_b,F,P,les pendules avec la chemise que j' aime beaucoup ne sont probablement pas brisées <eos>,13,brisées,brisés,11,F,S,brisées,-8.948709,brisés,-12.372606,1
5147,P_NOUN_8_PASS_b,F,P,les pendules avec la chemise que j' aime beaucoup ne sont probablement pas cachées <eos>,13,cachées,cachés,11,F,S,cachées,-7.5387955,cachés,-9.020652,1
5148,P_NOUN_8_PASS_b,F,P,les pendules avec la chemise que j' aime beaucoup ne sont probablement pas cassées <eos>,13,cassées,cassés,11,F,S,cassées,-8.12893,cassés,-9.927564,1
5149,P_NOUN_8_PASS_b,F,P,les pendules avec la chemise que j' aime beaucoup ne sont probablement pas couvertes <eos>,13,couvertes,couverts,11,F,S,couvertes,-7.253042,couverts,-8.848408,1
5150,P_NOUN_8_PASS_b,F,P,les pendules avec la chemise que j' aime beaucoup ne sont probablement pas déformées <eos>,13,déformées,déformés,11,F,S,déformées,-7.9901457,déformés,-13.145673,1
5151,P_NOUN_8_PASS_b,F,P,les pendules avec la chemise que j' aime beaucoup ne sont probablement pas fixées <eos>,13,fixées,fixés,11,F,S,fixées,-7.5986576,fixés,-9.422466,1
5152,P_NOUN_8_PASS_b,F,P,les pendules avec la chemise que j' aime beaucoup ne sont probablement pas jetées <eos>,13,jetées,jetés,11,F,S,jetées,-8.731536,jetés,-9.465145,1
5153,P_NOUN_8_PASS_b,F,P,les pendules avec la chemise que j' aime beaucoup ne sont probablement pas laissées <eos>,13,laissées,laissés,11,F,S,laissées,-8.293099,laissés,-10.6628895,1
5154,P_NOUN_8_PASS_b,F,P,les pendules avec la chemise que j' aime beaucoup ne sont probablement pas ouvertes <eos>,13,ouvertes,ouverts,11,F,S,ouvertes,-7.302939,ouverts,-9.287218,1
5155,P_NOUN_8_PASS_b,F,P,les pendules avec la chemise que j' aime beaucoup ne sont probablement pas perdues <eos>,13,perdues,perdus,11,F,S,perdues,-7.939251,perdus,-9.118313,1
5156,P_NOUN_8_PASS_b,F,P,les pendules avec la chemise que j' aime beaucoup ne sont probablement pas réparées <eos>,13,réparées,réparés,11,F,S,réparées,-8.66566,réparés,-12.297857,1
5157,P_NOUN_8_PASS_b,F,P,les pendules avec la chemise que j' aime beaucoup ne sont probablement pas retirées <eos>,13,retirées,retirés,11,F,S,retirées,-7.3740625,retirés,-9.98392,1
5158,P_NOUN_8_PASS_b,F,P,les pendules avec la chemise que j' aime beaucoup ne sont probablement pas tombées <eos>,13,tombées,tombés,11,F,S,tombées,-7.65736,tombés,-8.695895,1
5159,P_NOUN_8_PASS_b,F,P,les pendules avec la chemise que j' aime beaucoup ne sont probablement pas utilisées <eos>,13,utilisées,utilisés,11,F,S,utilisées,-4.969516,utilisés,-6.596835,1
5160,P_NOUN_8_PASS_b,F,P,les pendules avec la recette que j' aime beaucoup ne sont probablement pas achetées <eos>,13,achetées,achetés,11,F,S,achetées,-10.505167,achetés,-10.378567,0
5161,P_NOUN_8_PASS_b,F,P,les pendules avec la recette que j' aime beaucoup ne sont probablement pas brisées <eos>,13,brisées,brisés,11,F,S,brisées,-9.731183,brisés,-13.387258,1
5162,P_NOUN_8_PASS_b,F,P,les pendules avec la recette que j' aime beaucoup ne sont probablement pas cachées <eos>,13,cachées,cachés,11,F,S,cachées,-8.168686,cachés,-9.44912,1
5163,P_NOUN_8_PASS_b,F,P,les pendules avec la recette que j' aime beaucoup ne sont probablement pas cassées <eos>,13,cassées,cassés,11,F,S,cassées,-8.976015,cassés,-10.337502,1
5164,P_NOUN_8_PASS_b,F,P,les pendules avec la recette que j' aime beaucoup ne sont probablement pas couvertes <eos>,13,couvertes,couverts,11,F,S,couvertes,-7.607033,couverts,-8.9779005,1
5165,P_NOUN_8_PASS_b,F,P,les pendules avec la recette que j' aime beaucoup ne sont probablement pas déformées <eos>,13,déformées,déformés,11,F,S,déformées,-8.359027,déformés,-13.590401,1
5166,P_NOUN_8_PASS_b,F,P,les pendules avec la recette que j' aime beaucoup ne sont probablement pas fixées <eos>,13,fixées,fixés,11,F,S,fixées,-8.120218,fixés,-9.843768,1
5167,P_NOUN_8_PASS_b,F,P,les pendules avec la recette que j' aime beaucoup ne sont probablement pas jetées <eos>,13,jetées,jetés,11,F,S,jetées,-9.550555,jetés,-10.662862,1
5168,P_NOUN_8_PASS_b,F,P,les pendules avec la recette que j' aime beaucoup ne sont probablement pas laissées <eos>,13,laissées,laissés,11,F,S,laissées,-8.052736,laissés,-11.120164,1
5169,P_NOUN_8_PASS_b,F,P,les pendules avec la recette que j' aime beaucoup ne sont probablement pas ouvertes <eos>,13,ouvertes,ouverts,11,F,S,ouvertes,-7.4055514,ouverts,-9.337517,1
5170,P_NOUN_8_PASS_b,F,P,les pendules avec la recette que j' aime beaucoup ne sont probablement pas perdues <eos>,13,perdues,perdus,11,F,S,perdues,-7.9533405,perdus,-9.457113,1
5171,P_NOUN_8_PASS_b,F,P,les pendules avec la recette que j' aime beaucoup ne sont probablement pas réparées <eos>,13,réparées,réparés,11,F,S,réparées,-8.676734,réparés,-12.450152,1
5172,P_NOUN_8_PASS_b,F,P,les pendules avec la recette que j' aime beaucoup ne sont probablement pas retirées <eos>,13,retirées,retirés,11,F,S,retirées,-7.880383,retirés,-10.260004,1
5173,P_NOUN_8_PASS_b,F,P,les pendules avec la recette que j' aime beaucoup ne sont probablement pas tombées <eos>,13,tombées,tombés,11,F,S,tombées,-8.035424,tombés,-9.393895,1
5174,P_NOUN_8_PASS_b,F,P,les pendules avec la recette que j' aime beaucoup ne sont probablement pas utilisées <eos>,13,utilisées,utilisés,11,F,S,utilisées,-4.878774,utilisés,-6.610437,1
5175,P_NOUN_8_PASS_b,F,P,les pendules avec la jupe que j' aime beaucoup ne sont probablement pas achetées <eos>,13,achetées,achetés,11,F,S,achetées,-10.674493,achetés,-10.852594,1
5176,P_NOUN_8_PASS_b,F,P,les pendules avec la jupe que j' aime beaucoup ne sont probablement pas brisées <eos>,13,brisées,brisés,11,F,S,brisées,-9.171013,brisés,-12.660755,1
5177,P_NOUN_8_PASS_b,F,P,les pendules avec la jupe que j' aime beaucoup ne sont probablement pas cachées <eos>,13,cachées,cachés,11,F,S,cachées,-7.795638,cachés,-9.440543,1
5178,P_NOUN_8_PASS_b,F,P,les pendules avec la jupe que j' aime beaucoup ne sont probablement pas cassées <eos>,13,cassées,cassés,11,F,S,cassées,-8.078812,cassés,-10.034927,1
5179,P_NOUN_8_PASS_b,F,P,les pendules avec la jupe que j' aime beaucoup ne sont probablement pas couvertes <eos>,13,couvertes,couverts,11,F,S,couvertes,-7.3056417,couverts,-8.993014,1
5180,P_NOUN_8_PASS_b,F,P,les pendules avec la jupe que j' aime beaucoup ne sont probablement pas déformées <eos>,13,déformées,déformés,11,F,S,déformées,-7.4169145,déformés,-12.974984,1
5181,P_NOUN_8_PASS_b,F,P,les pendules avec la jupe que j' aime beaucoup ne sont probablement pas fixées <eos>,13,fixées,fixés,11,F,S,fixées,-7.474019,fixés,-9.535772,1
5182,P_NOUN_8_PASS_b,F,P,les pendules avec la jupe que j' aime beaucoup ne sont probablement pas jetées <eos>,13,jetées,jetés,11,F,S,jetées,-8.994959,jetés,-10.103693,1
5183,P_NOUN_8_PASS_b,F,P,les pendules avec la jupe que j' aime beaucoup ne sont probablement pas laissées <eos>,13,laissées,laissés,11,F,S,laissées,-8.0385895,laissés,-11.041935,1
5184,P_NOUN_8_PASS_b,F,P,les pendules avec la jupe que j' aime beaucoup ne sont probablement pas ouvertes <eos>,13,ouvertes,ouverts,11,F,S,ouvertes,-7.2553864,ouverts,-9.165321,1
5185,P_NOUN_8_PASS_b,F,P,les pendules avec la jupe que j' aime beaucoup ne sont probablement pas perdues <eos>,13,perdues,perdus,11,F,S,perdues,-8.027223,perdus,-9.493944,1
5186,P_NOUN_8_PASS_b,F,P,les pendules avec la jupe que j' aime beaucoup ne sont probablement pas réparées <eos>,13,réparées,réparés,11,F,S,réparées,-8.5239315,réparés,-12.631514,1
5187,P_NOUN_8_PASS_b,F,P,les pendules avec la jupe que j' aime beaucoup ne sont probablement pas retirées <eos>,13,retirées,retirés,11,F,S,retirées,-7.5003257,retirés,-10.3282,1
5188,P_NOUN_8_PASS_b,F,P,les pendules avec la jupe que j' aime beaucoup ne sont probablement pas tombées <eos>,13,tombées,tombés,11,F,S,tombées,-7.6957808,tombés,-9.309922,1
5189,P_NOUN_8_PASS_b,F,P,les pendules avec la jupe que j' aime beaucoup ne sont probablement pas utilisées <eos>,13,utilisées,utilisés,11,F,S,utilisées,-4.925529,utilisés,-6.8109355,1
5190,P_NOUN_8_PASS_b,F,P,les pendules avec la colle que j' aime beaucoup ne sont probablement pas achetées <eos>,13,achetées,achetés,11,F,S,achetées,-10.47715,achetés,-10.236742,0
5191,P_NOUN_8_PASS_b,F,P,les pendules avec la colle que j' aime beaucoup ne sont probablement pas brisées <eos>,13,brisées,brisés,11,F,S,brisées,-9.097838,brisés,-12.558873,1
5192,P_NOUN_8_PASS_b,F,P,les pendules avec la colle que j' aime beaucoup ne sont probablement pas cachées <eos>,13,cachées,cachés,11,F,S,cachées,-8.086609,cachés,-9.052019,1
5193,P_NOUN_8_PASS_b,F,P,les pendules avec la colle que j' aime beaucoup ne sont probablement pas cassées <eos>,13,cassées,cassés,11,F,S,cassées,-8.063403,cassés,-9.797285,1
5194,P_NOUN_8_PASS_b,F,P,les pendules avec la colle que j' aime beaucoup ne sont probablement pas couvertes <eos>,13,couvertes,couverts,11,F,S,couvertes,-7.3810983,couverts,-8.834112,1
5195,P_NOUN_8_PASS_b,F,P,les pendules avec la colle que j' aime beaucoup ne sont probablement pas déformées <eos>,13,déformées,déformés,11,F,S,déformées,-7.7548637,déformés,-13.337127,1
5196,P_NOUN_8_PASS_b,F,P,les pendules avec la colle que j' aime beaucoup ne sont probablement pas fixées <eos>,13,fixées,fixés,11,F,S,fixées,-7.7031097,fixés,-9.623353,1
5197,P_NOUN_8_PASS_b,F,P,les pendules avec la colle que j' aime beaucoup ne sont probablement pas jetées <eos>,13,jetées,jetés,11,F,S,jetées,-8.816203,jetés,-9.615866,1
5198,P_NOUN_8_PASS_b,F,P,les pendules avec la colle que j' aime beaucoup ne sont probablement pas laissées <eos>,13,laissées,laissés,11,F,S,laissées,-7.667853,laissés,-10.598715,1
5199,P_NOUN_8_PASS_b,F,P,les pendules avec la colle que j' aime beaucoup ne sont probablement pas ouvertes <eos>,13,ouvertes,ouverts,11,F,S,ouvertes,-7.596305,ouverts,-9.519571,1
5200,P_NOUN_8_PASS_b,F,P,les pendules avec la colle que j' aime beaucoup ne sont probablement pas perdues <eos>,13,perdues,perdus,11,F,S,perdues,-7.601912,perdus,-8.900715,1
5201,P_NOUN_8_PASS_b,F,P,les pendules avec la colle que j' aime beaucoup ne sont probablement pas réparées <eos>,13,réparées,réparés,11,F,S,réparées,-8.383446,réparés,-12.145276,1
5202,P_NOUN_8_PASS_b,F,P,les pendules avec la colle que j' aime beaucoup ne sont probablement pas retirées <eos>,13,retirées,retirés,11,F,S,retirées,-7.273312,retirés,-9.824202,1
5203,P_NOUN_8_PASS_b,F,P,les pendules avec la colle que j' aime beaucoup ne sont probablement pas tombées <eos>,13,tombées,tombés,11,F,S,tombées,-7.500927,tombés,-9.006068,1
5204,P_NOUN_8_PASS_b,F,P,les pendules avec la colle que j' aime beaucoup ne sont probablement pas utilisées <eos>,13,utilisées,utilisés,11,F,S,utilisées,-4.6756525,utilisés,-6.4095926,1
5205,P_NOUN_8_PASS_b,F,P,les pendules avec la lampe que j' aime beaucoup ne sont probablement pas achetées <eos>,13,achetées,achetés,11,F,S,achetées,-10.590574,achetés,-10.8777485,1
5206,P_NOUN_8_PASS_b,F,P,les pendules avec la lampe que j' aime beaucoup ne sont probablement pas brisées <eos>,13,brisées,brisés,11,F,S,brisées,-8.8486595,brisés,-12.579394,1
5207,P_NOUN_8_PASS_b,F,P,les pendules avec la lampe que j' aime beaucoup ne sont probablement pas cachées <eos>,13,cachées,cachés,11,F,S,cachées,-7.457279,cachés,-8.842795,1
5208,P_NOUN_8_PASS_b,F,P,les pendules avec la lampe que j' aime beaucoup ne sont probablement pas cassées <eos>,13,cassées,cassés,11,F,S,cassées,-8.068039,cassés,-10.3459835,1
5209,P_NOUN_8_PASS_b,F,P,les pendules avec la lampe que j' aime beaucoup ne sont probablement pas couvertes <eos>,13,couvertes,couverts,11,F,S,couvertes,-7.380138,couverts,-9.333035,1
5210,P_NOUN_8_PASS_b,F,P,les pendules avec la lampe que j' aime beaucoup ne sont probablement pas déformées <eos>,13,déformées,déformés,11,F,S,déformées,-7.2494774,déformés,-12.71767,1
5211,P_NOUN_8_PASS_b,F,P,les pendules avec la lampe que j' aime beaucoup ne sont probablement pas fixées <eos>,13,fixées,fixés,11,F,S,fixées,-7.4696,fixés,-9.540087,1
5212,P_NOUN_8_PASS_b,F,P,les pendules avec la lampe que j' aime beaucoup ne sont probablement pas jetées <eos>,13,jetées,jetés,11,F,S,jetées,-8.240837,jetés,-9.345025,1
5213,P_NOUN_8_PASS_b,F,P,les pendules avec la lampe que j' aime beaucoup ne sont probablement pas laissées <eos>,13,laissées,laissés,11,F,S,laissées,-8.053074,laissés,-10.845666,1
5214,P_NOUN_8_PASS_b,F,P,les pendules avec la lampe que j' aime beaucoup ne sont probablement pas ouvertes <eos>,13,ouvertes,ouverts,11,F,S,ouvertes,-7.2976913,ouverts,-9.329935,1
5215,P_NOUN_8_PASS_b,F,P,les pendules avec la lampe que j' aime beaucoup ne sont probablement pas perdues <eos>,13,perdues,perdus,11,F,S,perdues,-7.3957477,perdus,-9.015186,1
5216,P_NOUN_8_PASS_b,F,P,les pendules avec la lampe que j' aime beaucoup ne sont probablement pas réparées <eos>,13,réparées,réparés,11,F,S,réparées,-8.230492,réparés,-12.14155,1
5217,P_NOUN_8_PASS_b,F,P,les pendules avec la lampe que j' aime beaucoup ne sont probablement pas retirées <eos>,13,retirées,retirés,11,F,S,retirées,-7.1419644,retirés,-10.064027,1
5218,P_NOUN_8_PASS_b,F,P,les pendules avec la lampe que j' aime beaucoup ne sont probablement pas tombées <eos>,13,tombées,tombés,11,F,S,tombées,-7.0620613,tombés,-9.08733,1
5219,P_NOUN_8_PASS_b,F,P,les pendules avec la lampe que j' aime beaucoup ne sont probablement pas utilisées <eos>,13,utilisées,utilisés,11,F,S,utilisées,-4.6669297,utilisés,-6.5680165,1
5220,P_NOUN_8_PASS_b,F,P,les pendules avec la bouteille que j' aime beaucoup ne sont probablement pas achetées <eos>,13,achetées,achetés,11,F,S,achetées,-10.039421,achetés,-10.4102,1
5221,P_NOUN_8_PASS_b,F,P,les pendules avec la bouteille que j' aime beaucoup ne sont probablement pas brisées <eos>,13,brisées,brisés,11,F,S,brisées,-9.291867,brisés,-12.889003,1
5222,P_NOUN_8_PASS_b,F,P,les pendules avec la bouteille que j' aime beaucoup ne sont probablement pas cachées <eos>,13,cachées,cachés,11,F,S,cachées,-7.963706,cachés,-9.134132,1
5223,P_NOUN_8_PASS_b,F,P,les pendules avec la bouteille que j' aime beaucoup ne sont probablement pas cassées <eos>,13,cassées,cassés,11,F,S,cassées,-8.305037,cassés,-10.135752,1
5224,P_NOUN_8_PASS_b,F,P,les pendules avec la bouteille que j' aime beaucoup ne sont probablement pas couvertes <eos>,13,couvertes,couverts,11,F,S,couvertes,-7.3874707,couverts,-8.972749,1
5225,P_NOUN_8_PASS_b,F,P,les pendules avec la bouteille que j' aime beaucoup ne sont probablement pas déformées <eos>,13,déformées,déformés,11,F,S,déformées,-7.8560977,déformés,-13.250512,1
5226,P_NOUN_8_PASS_b,F,P,les pendules avec la bouteille que j' aime beaucoup ne sont probablement pas fixées <eos>,13,fixées,fixés,11,F,S,fixées,-8.113008,fixés,-9.730452,1
5227,P_NOUN_8_PASS_b,F,P,les pendules avec la bouteille que j' aime beaucoup ne sont probablement pas jetées <eos>,13,jetées,jetés,11,F,S,jetées,-9.342082,jetés,-9.944635,1
5228,P_NOUN_8_PASS_b,F,P,les pendules avec la bouteille que j' aime beaucoup ne sont probablement pas laissées <eos>,13,laissées,laissés,11,F,S,laissées,-7.537328,laissés,-10.734028,1
5229,P_NOUN_8_PASS_b,F,P,les pendules avec la bouteille que j' aime beaucoup ne sont probablement pas ouvertes <eos>,13,ouvertes,ouverts,11,F,S,ouvertes,-7.3470354,ouverts,-9.195727,1
5230,P_NOUN_8_PASS_b,F,P,les pendules avec la bouteille que j' aime beaucoup ne sont probablement pas perdues <eos>,13,perdues,perdus,11,F,S,perdues,-7.685697,perdus,-9.016294,1
5231,P_NOUN_8_PASS_b,F,P,les pendules avec la bouteille que j' aime beaucoup ne sont probablement pas réparées <eos>,13,réparées,réparés,11,F,S,réparées,-8.263741,réparés,-12.179779,1
5232,P_NOUN_8_PASS_b,F,P,les pendules avec la bouteille que j' aime beaucoup ne sont probablement pas retirées <eos>,13,retirées,retirés,11,F,S,retirées,-7.33249,retirés,-10.1977,1
5233,P_NOUN_8_PASS_b,F,P,les pendules avec la bouteille que j' aime beaucoup ne sont probablement pas tombées <eos>,13,tombées,tombés,11,F,S,tombées,-7.487767,tombés,-9.185753,1
5234,P_NOUN_8_PASS_b,F,P,les pendules avec la bouteille que j' aime beaucoup ne sont probablement pas utilisées <eos>,13,utilisées,utilisés,11,F,S,utilisées,-5.0559454,utilisés,-6.8874083,1
5235,P_NOUN_8_PASS_b,F,P,les pendules avec la boisson que j' aime beaucoup ne sont probablement pas achetées <eos>,13,achetées,achetés,11,F,S,achetées,-10.388191,achetés,-10.027281,0
5236,P_NOUN_8_PASS_b,F,P,les pendules avec la boisson que j' aime beaucoup ne sont probablement pas brisées <eos>,13,brisées,brisés,11,F,S,brisées,-9.605838,brisés,-13.239875,1
5237,P_NOUN_8_PASS_b,F,P,les pendules avec la boisson que j' aime beaucoup ne sont probablement pas cachées <eos>,13,cachées,cachés,11,F,S,cachées,-8.183775,cachés,-9.39256,1
5238,P_NOUN_8_PASS_b,F,P,les pendules avec la boisson que j' aime beaucoup ne sont probablement pas cassées <eos>,13,cassées,cassés,11,F,S,cassées,-8.665397,cassés,-10.094674,1
5239,P_NOUN_8_PASS_b,F,P,les pendules avec la boisson que j' aime beaucoup ne sont probablement pas couvertes <eos>,13,couvertes,couverts,11,F,S,couvertes,-7.580578,couverts,-8.746355,1
5240,P_NOUN_8_PASS_b,F,P,les pendules avec la boisson que j' aime beaucoup ne sont probablement pas déformées <eos>,13,déformées,déformés,11,F,S,déformées,-8.458922,déformés,-13.610332,1
5241,P_NOUN_8_PASS_b,F,P,les pendules avec la boisson que j' aime beaucoup ne sont probablement pas fixées <eos>,13,fixées,fixés,11,F,S,fixées,-8.324945,fixés,-9.74003,1
5242,P_NOUN_8_PASS_b,F,P,les pendules avec la boisson que j' aime beaucoup ne sont probablement pas jetées <eos>,13,jetées,jetés,11,F,S,jetées,-9.344808,jetés,-10.194811,1
5243,P_NOUN_8_PASS_b,F,P,les pendules avec la boisson que j' aime beaucoup ne sont probablement pas laissées <eos>,13,laissées,laissés,11,F,S,laissées,-7.760113,laissés,-10.659567,1
5244,P_NOUN_8_PASS_b,F,P,les pendules avec la boisson que j' aime beaucoup ne sont probablement pas ouvertes <eos>,13,ouvertes,ouverts,11,F,S,ouvertes,-7.8102393,ouverts,-9.455271,1
5245,P_NOUN_8_PASS_b,F,P,les pendules avec la boisson que j' aime beaucoup ne sont probablement pas perdues <eos>,13,perdues,perdus,11,F,S,perdues,-8.109367,perdus,-9.290938,1
5246,P_NOUN_8_PASS_b,F,P,les pendules avec la boisson que j' aime beaucoup ne sont probablement pas réparées <eos>,13,réparées,réparés,11,F,S,réparées,-9.098717,réparés,-12.586263,1
5247,P_NOUN_8_PASS_b,F,P,les pendules avec la boisson que j' aime beaucoup ne sont probablement pas retirées <eos>,13,retirées,retirés,11,F,S,retirées,-7.8459425,retirés,-10.265678,1
5248,P_NOUN_8_PASS_b,F,P,les pendules avec la boisson que j' aime beaucoup ne sont probablement pas tombées <eos>,13,tombées,tombés,11,F,S,tombées,-7.837783,tombés,-8.931074,1
5249,P_NOUN_8_PASS_b,F,P,les pendules avec la boisson que j' aime beaucoup ne sont probablement pas utilisées <eos>,13,utilisées,utilisés,11,F,S,utilisées,-5.1455584,utilisés,-6.7569504,1
5250,P_NOUN_8_PASS_b,F,P,les pendules avec la pomme que j' aime beaucoup ne sont probablement pas achetées <eos>,13,achetées,achetés,11,F,S,achetées,-9.77932,achetés,-9.780838,1
5251,P_NOUN_8_PASS_b,F,P,les pendules avec la pomme que j' aime beaucoup ne sont probablement pas brisées <eos>,13,brisées,brisés,11,F,S,brisées,-9.364444,brisés,-13.122998,1
5252,P_NOUN_8_PASS_b,F,P,les pendules avec la pomme que j' aime beaucoup ne sont probablement pas cachées <eos>,13,cachées,cachés,11,F,S,cachées,-7.6964755,cachés,-9.060122,1
5253,P_NOUN_8_PASS_b,F,P,les pendules avec la pomme que j' aime beaucoup ne sont probablement pas cassées <eos>,13,cassées,cassés,11,F,S,cassées,-8.400357,cassés,-9.741682,1
5254,P_NOUN_8_PASS_b,F,P,les pendules avec la pomme que j' aime beaucoup ne sont probablement pas couvertes <eos>,13,couvertes,couverts,11,F,S,couvertes,-7.31085,couverts,-8.690443,1
5255,P_NOUN_8_PASS_b,F,P,les pendules avec la pomme que j' aime beaucoup ne sont probablement pas déformées <eos>,13,déformées,déformés,11,F,S,déformées,-8.145133,déformés,-13.678757,1
5256,P_NOUN_8_PASS_b,F,P,les pendules avec la pomme que j' aime beaucoup ne sont probablement pas fixées <eos>,13,fixées,fixés,11,F,S,fixées,-8.123901,fixés,-9.586969,1
5257,P_NOUN_8_PASS_b,F,P,les pendules avec la pomme que j' aime beaucoup ne sont probablement pas jetées <eos>,13,jetées,jetés,11,F,S,jetées,-9.146438,jetés,-10.13635,1
5258,P_NOUN_8_PASS_b,F,P,les pendules avec la pomme que j' aime beaucoup ne sont probablement pas laissées <eos>,13,laissées,laissés,11,F,S,laissées,-7.814846,laissés,-10.431852,1
5259,P_NOUN_8_PASS_b,F,P,les pendules avec la pomme que j' aime beaucoup ne sont probablement pas ouvertes <eos>,13,ouvertes,ouverts,11,F,S,ouvertes,-7.497002,ouverts,-9.345038,1
5260,P_NOUN_8_PASS_b,F,P,les pendules avec la pomme que j' aime beaucoup ne sont probablement pas perdues <eos>,13,perdues,perdus,11,F,S,perdues,-7.619172,perdus,-9.196882,1
5261,P_NOUN_8_PASS_b,F,P,les pendules avec la pomme que j' aime beaucoup ne sont probablement pas réparées <eos>,13,réparées,réparés,11,F,S,réparées,-8.906327,réparés,-12.755514,1
5262,P_NOUN_8_PASS_b,F,P,les pendules avec la pomme que j' aime beaucoup ne sont probablement pas retirées <eos>,13,retirées,retirés,11,F,S,retirées,-7.6714773,retirés,-10.247238,1
5263,P_NOUN_8_PASS_b,F,P,les pendules avec la pomme que j' aime beaucoup ne sont probablement pas tombées <eos>,13,tombées,tombés,11,F,S,tombées,-7.3944798,tombés,-8.941041,1
5264,P_NOUN_8_PASS_b,F,P,les pendules avec la pomme que j' aime beaucoup ne sont probablement pas utilisées <eos>,13,utilisées,utilisés,11,F,S,utilisées,-4.804882,utilisés,-6.626438,1
5265,P_NOUN_8_PASS_b,F,P,les pendules avec la tasse que j' aime beaucoup ne sont probablement pas achetées <eos>,13,achetées,achetés,11,F,S,achetées,-9.881855,achetés,-10.12113,1
5266,P_NOUN_8_PASS_b,F,P,les pendules avec la tasse que j' aime beaucoup ne sont probablement pas brisées <eos>,13,brisées,brisés,11,F,S,brisées,-9.143341,brisés,-12.688426,1
5267,P_NOUN_8_PASS_b,F,P,les pendules avec la tasse que j' aime beaucoup ne sont probablement pas cachées <eos>,13,cachées,cachés,11,F,S,cachées,-7.900496,cachés,-9.486436,1
5268,P_NOUN_8_PASS_b,F,P,les pendules avec la tasse que j' aime beaucoup ne sont probablement pas cassées <eos>,13,cassées,cassés,11,F,S,cassées,-8.21539,cassés,-9.936684,1
5269,P_NOUN_8_PASS_b,F,P,les pendules avec la tasse que j' aime beaucoup ne sont probablement pas couvertes <eos>,13,couvertes,couverts,11,F,S,couvertes,-7.189361,couverts,-8.566735,1
5270,P_NOUN_8_PASS_b,F,P,les pendules avec la tasse que j' aime beaucoup ne sont probablement pas déformées <eos>,13,déformées,déformés,11,F,S,déformées,-8.238662,déformés,-13.327612,1
5271,P_NOUN_8_PASS_b,F,P,les pendules avec la tasse que j' aime beaucoup ne sont probablement pas fixées <eos>,13,fixées,fixés,11,F,S,fixées,-8.061152,fixés,-9.786547,1
5272,P_NOUN_8_PASS_b,F,P,les pendules avec la tasse que j' aime beaucoup ne sont probablement pas jetées <eos>,13,jetées,jetés,11,F,S,jetées,-8.825071,jetés,-10.036205,1
5273,P_NOUN_8_PASS_b,F,P,les pendules avec la tasse que j' aime beaucoup ne sont probablement pas laissées <eos>,13,laissées,laissés,11,F,S,laissées,-7.3706636,laissés,-10.378413,1
5274,P_NOUN_8_PASS_b,F,P,les pendules avec la tasse que j' aime beaucoup ne sont probablement pas ouvertes <eos>,13,ouvertes,ouverts,11,F,S,ouvertes,-7.1430736,ouverts,-8.933423,1
5275,P_NOUN_8_PASS_b,F,P,les pendules avec la tasse que j' aime beaucoup ne sont probablement pas perdues <eos>,13,perdues,perdus,11,F,S,perdues,-7.9582267,perdus,-9.211336,1
5276,P_NOUN_8_PASS_b,F,P,les pendules avec la tasse que j' aime beaucoup ne sont probablement pas réparées <eos>,13,réparées,réparés,11,F,S,réparées,-8.303444,réparés,-12.130237,1
5277,P_NOUN_8_PASS_b,F,P,les pendules avec la tasse que j' aime beaucoup ne sont probablement pas retirées <eos>,13,retirées,retirés,11,F,S,retirées,-7.628731,retirés,-10.258886,1
5278,P_NOUN_8_PASS_b,F,P,les pendules avec la tasse que j' aime beaucoup ne sont probablement pas tombées <eos>,13,tombées,tombés,11,F,S,tombées,-7.5618706,tombés,-9.091868,1
5279,P_NOUN_8_PASS_b,F,P,les pendules avec la tasse que j' aime beaucoup ne sont probablement pas utilisées <eos>,13,utilisées,utilisés,11,F,S,utilisées,-5.3192987,utilisés,-7.2325296,1
5280,P_NOUN_8_PASS_b,F,P,les pendules avec la bougie que j' aime beaucoup ne sont probablement pas achetées <eos>,13,achetées,achetés,11,F,S,achetées,-10.424706,achetés,-10.847861,1
5281,P_NOUN_8_PASS_b,F,P,les pendules avec la bougie que j' aime beaucoup ne sont probablement pas brisées <eos>,13,brisées,brisés,11,F,S,brisées,-9.089918,brisés,-12.558131,1
5282,P_NOUN_8_PASS_b,F,P,les pendules avec la bougie que j' aime beaucoup ne sont probablement pas cachées <eos>,13,cachées,cachés,11,F,S,cachées,-7.884241,cachés,-9.124482,1
5283,P_NOUN_8_PASS_b,F,P,les pendules avec la bougie que j' aime beaucoup ne sont probablement pas cassées <eos>,13,cassées,cassés,11,F,S,cassées,-7.977769,cassés,-10.281799,1
5284,P_NOUN_8_PASS_b,F,P,les pendules avec la bougie que j' aime beaucoup ne sont probablement pas couvertes <eos>,13,couvertes,couverts,11,F,S,couvertes,-7.5363417,couverts,-9.2153,1
5285,P_NOUN_8_PASS_b,F,P,les pendules avec la bougie que j' aime beaucoup ne sont probablement pas déformées <eos>,13,déformées,déformés,11,F,S,déformées,-7.6992764,déformés,-12.949023,1
5286,P_NOUN_8_PASS_b,F,P,les pendules avec la bougie que j' aime beaucoup ne sont probablement pas fixées <eos>,13,fixées,fixés,11,F,S,fixées,-7.650657,fixés,-9.5442295,1
5287,P_NOUN_8_PASS_b,F,P,les pendules avec la bougie que j' aime beaucoup ne sont probablement pas jetées <eos>,13,jetées,jetés,11,F,S,jetées,-8.921596,jetés,-9.65235,1
5288,P_NOUN_8_PASS_b,F,P,les pendules avec la bougie que j' aime beaucoup ne sont probablement pas laissées <eos>,13,laissées,laissés,11,F,S,laissées,-7.8404336,laissés,-10.789217,1
5289,P_NOUN_8_PASS_b,F,P,les pendules avec la bougie que j' aime beaucoup ne sont probablement pas ouvertes <eos>,13,ouvertes,ouverts,11,F,S,ouvertes,-7.499695,ouverts,-9.379185,1
5290,P_NOUN_8_PASS_b,F,P,les pendules avec la bougie que j' aime beaucoup ne sont probablement pas perdues <eos>,13,perdues,perdus,11,F,S,perdues,-7.523889,perdus,-9.090578,1
5291,P_NOUN_8_PASS_b,F,P,les pendules avec la bougie que j' aime beaucoup ne sont probablement pas réparées <eos>,13,réparées,réparés,11,F,S,réparées,-8.2778225,réparés,-12.238584,1
5292,P_NOUN_8_PASS_b,F,P,les pendules avec la bougie que j' aime beaucoup ne sont probablement pas retirées <eos>,13,retirées,retirés,11,F,S,retirées,-7.1238155,retirés,-10.195006,1
5293,P_NOUN_8_PASS_b,F,P,les pendules avec la bougie que j' aime beaucoup ne sont probablement pas tombées <eos>,13,tombées,tombés,11,F,S,tombées,-7.276377,tombés,-8.927931,1
5294,P_NOUN_8_PASS_b,F,P,les pendules avec la bougie que j' aime beaucoup ne sont probablement pas utilisées <eos>,13,utilisées,utilisés,11,F,S,utilisées,-4.9452915,utilisés,-6.734744,1
5295,P_NOUN_8_PASS_b,F,P,les pendules avec la pochette que j' aime beaucoup ne sont probablement pas achetées <eos>,13,achetées,achetés,11,F,S,achetées,-9.971107,achetés,-11.144686,1
5296,P_NOUN_8_PASS_b,F,P,les pendules avec la pochette que j' aime beaucoup ne sont probablement pas brisées <eos>,13,brisées,brisés,11,F,S,brisées,-8.860998,brisés,-12.731775,1
5297,P_NOUN_8_PASS_b,F,P,les pendules avec la pochette que j' aime beaucoup ne sont probablement pas cachées <eos>,13,cachées,cachés,11,F,S,cachées,-7.79135,cachés,-9.8130665,1
5298,P_NOUN_8_PASS_b,F,P,les pendules avec la pochette que j' aime beaucoup ne sont probablement pas cassées <eos>,13,cassées,cassés,11,F,S,cassées,-8.340548,cassés,-10.691729,1
5299,P_NOUN_8_PASS_b,F,P,les pendules avec la pochette que j' aime beaucoup ne sont probablement pas couvertes <eos>,13,couvertes,couverts,11,F,S,couvertes,-8.263765,couverts,-10.008034,1
5300,P_NOUN_8_PASS_b,F,P,les pendules avec la pochette que j' aime beaucoup ne sont probablement pas déformées <eos>,13,déformées,déformés,11,F,S,déformées,-7.4997363,déformés,-12.878675,1
5301,P_NOUN_8_PASS_b,F,P,les pendules avec la pochette que j' aime beaucoup ne sont probablement pas fixées <eos>,13,fixées,fixés,11,F,S,fixées,-7.760235,fixés,-10.040244,1
5302,P_NOUN_8_PASS_b,F,P,les pendules avec la pochette que j' aime beaucoup ne sont probablement pas jetées <eos>,13,jetées,jetés,11,F,S,jetées,-9.605122,jetés,-10.45646,1
5303,P_NOUN_8_PASS_b,F,P,les pendules avec la pochette que j' aime beaucoup ne sont probablement pas laissées <eos>,13,laissées,laissés,11,F,S,laissées,-7.9875154,laissés,-11.453801,1
5304,P_NOUN_8_PASS_b,F,P,les pendules avec la pochette que j' aime beaucoup ne sont probablement pas ouvertes <eos>,13,ouvertes,ouverts,11,F,S,ouvertes,-7.6813507,ouverts,-10.086245,1
5305,P_NOUN_8_PASS_b,F,P,les pendules avec la pochette que j' aime beaucoup ne sont probablement pas perdues <eos>,13,perdues,perdus,11,F,S,perdues,-7.424553,perdus,-9.370735,1
5306,P_NOUN_8_PASS_b,F,P,les pendules avec la pochette que j' aime beaucoup ne sont probablement pas réparées <eos>,13,réparées,réparés,11,F,S,réparées,-9.008107,réparés,-13.697058,1
5307,P_NOUN_8_PASS_b,F,P,les pendules avec la pochette que j' aime beaucoup ne sont probablement pas retirées <eos>,13,retirées,retirés,11,F,S,retirées,-7.3579874,retirés,-10.809914,1
5308,P_NOUN_8_PASS_b,F,P,les pendules avec la pochette que j' aime beaucoup ne sont probablement pas tombées <eos>,13,tombées,tombés,11,F,S,tombées,-7.62423,tombés,-9.625554,1
5309,P_NOUN_8_PASS_b,F,P,les pendules avec la pochette que j' aime beaucoup ne sont probablement pas utilisées <eos>,13,utilisées,utilisés,11,F,S,utilisées,-5.4715614,utilisés,-7.679411,1
5310,P_NOUN_8_PASS_b,F,P,les pendules avec la banane que j' aime beaucoup ne sont probablement pas achetées <eos>,13,achetées,achetés,11,F,S,achetées,-10.343807,achetés,-10.23711,0
5311,P_NOUN_8_PASS_b,F,P,les pendules avec la banane que j' aime beaucoup ne sont probablement pas brisées <eos>,13,brisées,brisés,11,F,S,brisées,-9.100417,brisés,-12.7504425,1
5312,P_NOUN_8_PASS_b,F,P,les pendules avec la banane que j' aime beaucoup ne sont probablement pas cachées <eos>,13,cachées,cachés,11,F,S,cachées,-8.219364,cachés,-9.434796,1
5313,P_NOUN_8_PASS_b,F,P,les pendules avec la banane que j' aime beaucoup ne sont probablement pas cassées <eos>,13,cassées,cassés,11,F,S,cassées,-8.342063,cassés,-9.999329,1
5314,P_NOUN_8_PASS_b,F,P,les pendules avec la banane que j' aime beaucoup ne sont probablement pas couvertes <eos>,13,couvertes,couverts,11,F,S,couvertes,-7.542867,couverts,-8.865428,1
5315,P_NOUN_8_PASS_b,F,P,les pendules avec la banane que j' aime beaucoup ne sont probablement pas déformées <eos>,13,déformées,déformés,11,F,S,déformées,-8.101582,déformés,-13.193895,1
5316,P_NOUN_8_PASS_b,F,P,les pendules avec la banane que j' aime beaucoup ne sont probablement pas fixées <eos>,13,fixées,fixés,11,F,S,fixées,-8.007936,fixés,-9.352309,1
5317,P_NOUN_8_PASS_b,F,P,les pendules avec la banane que j' aime beaucoup ne sont probablement pas jetées <eos>,13,jetées,jetés,11,F,S,jetées,-8.014479,jetés,-10.237772,1
5318,P_NOUN_8_PASS_b,F,P,les pendules avec la banane que j' aime beaucoup ne sont probablement pas laissées <eos>,13,laissées,laissés,11,F,S,laissées,-7.650632,laissés,-10.251664,1
5319,P_NOUN_8_PASS_b,F,P,les pendules avec la banane que j' aime beaucoup ne sont probablement pas ouvertes <eos>,13,ouvertes,ouverts,11,F,S,ouvertes,-8.150851,ouverts,-9.842309,1
5320,P_NOUN_8_PASS_b,F,P,les pendules avec la banane que j' aime beaucoup ne sont probablement pas perdues <eos>,13,perdues,perdus,11,F,S,perdues,-7.8713217,perdus,-8.956981,1
5321,P_NOUN_8_PASS_b,F,P,les pendules avec la banane que j' aime beaucoup ne sont probablement pas réparées <eos>,13,réparées,réparés,11,F,S,réparées,-8.86333,réparés,-12.088549,1
5322,P_NOUN_8_PASS_b,F,P,les pendules avec la banane que j' aime beaucoup ne sont probablement pas retirées <eos>,13,retirées,retirés,11,F,S,retirées,-7.898665,retirés,-10.280043,1
5323,P_NOUN_8_PASS_b,F,P,les pendules avec la banane que j' aime beaucoup ne sont probablement pas tombées <eos>,13,tombées,tombés,11,F,S,tombées,-7.184684,tombés,-8.5616255,1
5324,P_NOUN_8_PASS_b,F,P,les pendules avec la banane que j' aime beaucoup ne sont probablement pas utilisées <eos>,13,utilisées,utilisés,11,F,S,utilisées,-4.9589543,utilisés,-6.712051,1
5325,P_NOUN_8_PASS_b,F,P,les pendules avec la robe que j' aime beaucoup ne sont probablement pas achetées <eos>,13,achetées,achetés,11,F,S,achetées,-11.041139,achetés,-10.812396,0
5326,P_NOUN_8_PASS_b,F,P,les pendules avec la robe que j' aime beaucoup ne sont probablement pas brisées <eos>,13,brisées,brisés,11,F,S,brisées,-9.5933695,brisés,-13.340573,1
5327,P_NOUN_8_PASS_b,F,P,les pendules avec la robe que j' aime beaucoup ne sont probablement pas cachées <eos>,13,cachées,cachés,11,F,S,cachées,-7.632801,cachés,-9.262333,1
5328,P_NOUN_8_PASS_b,F,P,les pendules avec la robe que j' aime beaucoup ne sont probablement pas cassées <eos>,13,cassées,cassés,11,F,S,cassées,-8.913046,cassés,-10.850783,1
5329,P_NOUN_8_PASS_b,F,P,les pendules avec la robe que j' aime beaucoup ne sont probablement pas couvertes <eos>,13,couvertes,couverts,11,F,S,couvertes,-7.559187,couverts,-9.093513,1
5330,P_NOUN_8_PASS_b,F,P,les pendules avec la robe que j' aime beaucoup ne sont probablement pas déformées <eos>,13,déformées,déformés,11,F,S,déformées,-8.092259,déformés,-13.014523,1
5331,P_NOUN_8_PASS_b,F,P,les pendules avec la robe que j' aime beaucoup ne sont probablement pas fixées <eos>,13,fixées,fixés,11,F,S,fixées,-8.085249,fixés,-9.989155,1
5332,P_NOUN_8_PASS_b,F,P,les pendules avec la robe que j' aime beaucoup ne sont probablement pas jetées <eos>,13,jetées,jetés,11,F,S,jetées,-9.286552,jetés,-10.362376,1
5333,P_NOUN_8_PASS_b,F,P,les pendules avec la robe que j' aime beaucoup ne sont probablement pas laissées <eos>,13,laissées,laissés,11,F,S,laissées,-8.349241,laissés,-11.031963,1
5334,P_NOUN_8_PASS_b,F,P,les pendules avec la robe que j' aime beaucoup ne sont probablement pas ouvertes <eos>,13,ouvertes,ouverts,11,F,S,ouvertes,-7.548176,ouverts,-9.611317,1
5335,P_NOUN_8_PASS_b,F,P,les pendules avec la robe que j' aime beaucoup ne sont probablement pas perdues <eos>,13,perdues,perdus,11,F,S,perdues,-8.216663,perdus,-9.657339,1
5336,P_NOUN_8_PASS_b,F,P,les pendules avec la robe que j' aime beaucoup ne sont probablement pas réparées <eos>,13,réparées,réparés,11,F,S,réparées,-9.069063,réparés,-12.4208,1
5337,P_NOUN_8_PASS_b,F,P,les pendules avec la robe que j' aime beaucoup ne sont probablement pas retirées <eos>,13,retirées,retirés,11,F,S,retirées,-8.041013,retirés,-10.640087,1
5338,P_NOUN_8_PASS_b,F,P,les pendules avec la robe que j' aime beaucoup ne sont probablement pas tombées <eos>,13,tombées,tombés,11,F,S,tombées,-7.747937,tombés,-8.768905,1
5339,P_NOUN_8_PASS_b,F,P,les pendules avec la robe que j' aime beaucoup ne sont probablement pas utilisées <eos>,13,utilisées,utilisés,11,F,S,utilisées,-4.9884686,utilisés,-6.699961,1
5340,P_NOUN_8_PASS_b,F,P,les pendules avec la valise que j' aime beaucoup ne sont probablement pas achetées <eos>,13,achetées,achetés,11,F,S,achetées,-9.529244,achetés,-10.190133,1
5341,P_NOUN_8_PASS_b,F,P,les pendules avec la valise que j' aime beaucoup ne sont probablement pas brisées <eos>,13,brisées,brisés,11,F,S,brisées,-8.995228,brisés,-12.86022,1
5342,P_NOUN_8_PASS_b,F,P,les pendules avec la valise que j' aime beaucoup ne sont probablement pas cachées <eos>,13,cachées,cachés,11,F,S,cachées,-7.1750526,cachés,-8.262864,1
5343,P_NOUN_8_PASS_b,F,P,les pendules avec la valise que j' aime beaucoup ne sont probablement pas cassées <eos>,13,cassées,cassés,11,F,S,cassées,-8.547574,cassés,-10.407482,1
5344,P_NOUN_8_PASS_b,F,P,les pendules avec la valise que j' aime beaucoup ne sont probablement pas couvertes <eos>,13,couvertes,couverts,11,F,S,couvertes,-7.880642,couverts,-9.713563,1
5345,P_NOUN_8_PASS_b,F,P,les pendules avec la valise que j' aime beaucoup ne sont probablement pas déformées <eos>,13,déformées,déformés,11,F,S,déformées,-7.253366,déformés,-13.354633,1
5346,P_NOUN_8_PASS_b,F,P,les pendules avec la valise que j' aime beaucoup ne sont probablement pas fixées <eos>,13,fixées,fixés,11,F,S,fixées,-7.7628803,fixés,-9.827108,1
5347,P_NOUN_8_PASS_b,F,P,les pendules avec la valise que j' aime beaucoup ne sont probablement pas jetées <eos>,13,jetées,jetés,11,F,S,jetées,-8.452553,jetés,-9.348905,1
5348,P_NOUN_8_PASS_b,F,P,les pendules avec la valise que j' aime beaucoup ne sont probablement pas laissées <eos>,13,laissées,laissés,11,F,S,laissées,-7.9666195,laissés,-10.559109,1
5349,P_NOUN_8_PASS_b,F,P,les pendules avec la valise que j' aime beaucoup ne sont probablement pas ouvertes <eos>,13,ouvertes,ouverts,11,F,S,ouvertes,-7.4138823,ouverts,-9.182348,1
5350,P_NOUN_8_PASS_b,F,P,les pendules avec la valise que j' aime beaucoup ne sont probablement pas perdues <eos>,13,perdues,perdus,11,F,S,perdues,-7.2177544,perdus,-8.759435,1
5351,P_NOUN_8_PASS_b,F,P,les pendules avec la valise que j' aime beaucoup ne sont probablement pas réparées <eos>,13,réparées,réparés,11,F,S,réparées,-8.692722,réparés,-13.108278,1
5352,P_NOUN_8_PASS_b,F,P,les pendules avec la valise que j' aime beaucoup ne sont probablement pas retirées <eos>,13,retirées,retirés,11,F,S,retirées,-7.5152216,retirés,-9.993415,1
5353,P_NOUN_8_PASS_b,F,P,les pendules avec la valise que j' aime beaucoup ne sont probablement pas tombées <eos>,13,tombées,tombés,11,F,S,tombées,-7.5607986,tombés,-9.016811,1
5354,P_NOUN_8_PASS_b,F,P,les pendules avec la valise que j' aime beaucoup ne sont probablement pas utilisées <eos>,13,utilisées,utilisés,11,F,S,utilisées,-4.791377,utilisés,-6.6423807,1
5355,P_NOUN_8_PASS_b,F,P,les pendules avec la pendule que j' aime beaucoup ne sont probablement pas achetées <eos>,13,achetées,achetés,11,F,S,achetées,-10.977991,achetés,-11.05001,1
5356,P_NOUN_8_PASS_b,F,P,les pendules avec la pendule que j' aime beaucoup ne sont probablement pas brisées <eos>,13,brisées,brisés,11,F,S,brisées,-9.043589,brisés,-12.583429,1
5357,P_NOUN_8_PASS_b,F,P,les pendules avec la pendule que j' aime beaucoup ne sont probablement pas cachées <eos>,13,cachées,cachés,11,F,S,cachées,-7.9609127,cachés,-9.089228,1
5358,P_NOUN_8_PASS_b,F,P,les pendules avec la pendule que j' aime beaucoup ne sont probablement pas cassées <eos>,13,cassées,cassés,11,F,S,cassées,-7.930776,cassés,-10.479574,1
5359,P_NOUN_8_PASS_b,F,P,les pendules avec la pendule que j' aime beaucoup ne sont probablement pas couvertes <eos>,13,couvertes,couverts,11,F,S,couvertes,-7.5590973,couverts,-9.321911,1
5360,P_NOUN_8_PASS_b,F,P,les pendules avec la pendule que j' aime beaucoup ne sont probablement pas déformées <eos>,13,déformées,déformés,11,F,S,déformées,-7.310454,déformés,-12.8994465,1
5361,P_NOUN_8_PASS_b,F,P,les pendules avec la pendule que j' aime beaucoup ne sont probablement pas fixées <eos>,13,fixées,fixés,11,F,S,fixées,-7.3160753,fixés,-9.377852,1
5362,P_NOUN_8_PASS_b,F,P,les pendules avec la pendule que j' aime beaucoup ne sont probablement pas jetées <eos>,13,jetées,jetés,11,F,S,jetées,-8.503272,jetés,-9.479728,1
5363,P_NOUN_8_PASS_b,F,P,les pendules avec la pendule que j' aime beaucoup ne sont probablement pas laissées <eos>,13,laissées,laissés,11,F,S,laissées,-8.13464,laissés,-11.086759,1
5364,P_NOUN_8_PASS_b,F,P,les pendules avec la pendule que j' aime beaucoup ne sont probablement pas ouvertes <eos>,13,ouvertes,ouverts,11,F,S,ouvertes,-7.3840857,ouverts,-9.1942835,1
5365,P_NOUN_8_PASS_b,F,P,les pendules avec la pendule que j' aime beaucoup ne sont probablement pas perdues <eos>,13,perdues,perdus,11,F,S,perdues,-7.47639,perdus,-8.995064,1
5366,P_NOUN_8_PASS_b,F,P,les pendules avec la pendule que j' aime beaucoup ne sont probablement pas réparées <eos>,13,réparées,réparés,11,F,S,réparées,-8.409986,réparés,-12.278379,1
5367,P_NOUN_8_PASS_b,F,P,les pendules avec la pendule que j' aime beaucoup ne sont probablement pas retirées <eos>,13,retirées,retirés,11,F,S,retirées,-7.29714,retirés,-9.99218,1
5368,P_NOUN_8_PASS_b,F,P,les pendules avec la pendule que j' aime beaucoup ne sont probablement pas tombées <eos>,13,tombées,tombés,11,F,S,tombées,-7.4553943,tombés,-9.2314415,1
5369,P_NOUN_8_PASS_b,F,P,les pendules avec la pendule que j' aime beaucoup ne sont probablement pas utilisées <eos>,13,utilisées,utilisés,11,F,S,utilisées,-4.6973524,utilisés,-6.419794,1
5370,P_NOUN_8_PASS_b,F,P,les pendules avec la cloche que j' aime beaucoup ne sont probablement pas achetées <eos>,13,achetées,achetés,11,F,S,achetées,-10.5058565,achetés,-10.725161,1
5371,P_NOUN_8_PASS_b,F,P,les pendules avec la cloche que j' aime beaucoup ne sont probablement pas brisées <eos>,13,brisées,brisés,11,F,S,brisées,-9.04034,brisés,-12.515608,1
5372,P_NOUN_8_PASS_b,F,P,les pendules avec la cloche que j' aime beaucoup ne sont probablement pas cachées <eos>,13,cachées,cachés,11,F,S,cachées,-7.508738,cachés,-8.835281,1
5373,P_NOUN_8_PASS_b,F,P,les pendules avec la cloche que j' aime beaucoup ne sont probablement pas cassées <eos>,13,cassées,cassés,11,F,S,cassées,-8.38237,cassés,-10.063806,1
5374,P_NOUN_8_PASS_b,F,P,les pendules avec la cloche que j' aime beaucoup ne sont probablement pas couvertes <eos>,13,couvertes,couverts,11,F,S,couvertes,-7.598615,couverts,-9.120782,1
5375,P_NOUN_8_PASS_b,F,P,les pendules avec la cloche que j' aime beaucoup ne sont probablement pas déformées <eos>,13,déformées,déformés,11,F,S,déformées,-7.9929314,déformés,-13.266075,1
5376,P_NOUN_8_PASS_b,F,P,les pendules avec la cloche que j' aime beaucoup ne sont probablement pas fixées <eos>,13,fixées,fixés,11,F,S,fixées,-7.657416,fixés,-9.447878,1
5377,P_NOUN_8_PASS_b,F,P,les pendules avec la cloche que j' aime beaucoup ne sont probablement pas jetées <eos>,13,jetées,jetés,11,F,S,jetées,-8.691713,jetés,-9.306733,1
5378,P_NOUN_8_PASS_b,F,P,les pendules avec la cloche que j' aime beaucoup ne sont probablement pas laissées <eos>,13,laissées,laissés,11,F,S,laissées,-8.189278,laissés,-10.596302,1
5379,P_NOUN_8_PASS_b,F,P,les pendules avec la cloche que j' aime beaucoup ne sont probablement pas ouvertes <eos>,13,ouvertes,ouverts,11,F,S,ouvertes,-7.454375,ouverts,-9.600666,1
5380,P_NOUN_8_PASS_b,F,P,les pendules avec la cloche que j' aime beaucoup ne sont probablement pas perdues <eos>,13,perdues,perdus,11,F,S,perdues,-7.3787293,perdus,-9.0770445,1
5381,P_NOUN_8_PASS_b,F,P,les pendules avec la cloche que j' aime beaucoup ne sont probablement pas réparées <eos>,13,réparées,réparés,11,F,S,réparées,-8.500593,réparés,-12.297945,1
5382,P_NOUN_8_PASS_b,F,P,les pendules avec la cloche que j' aime beaucoup ne sont probablement pas retirées <eos>,13,retirées,retirés,11,F,S,retirées,-7.1852617,retirés,-9.982223,1
5383,P_NOUN_8_PASS_b,F,P,les pendules avec la cloche que j' aime beaucoup ne sont probablement pas tombées <eos>,13,tombées,tombés,11,F,S,tombées,-7.444229,tombés,-8.718952,1
5384,P_NOUN_8_PASS_b,F,P,les pendules avec la cloche que j' aime beaucoup ne sont probablement pas utilisées <eos>,13,utilisées,utilisés,11,F,S,utilisées,-4.969575,utilisés,-6.718814,1
5385,P_NOUN_8_PASS_b,F,P,les pendules avec la cerise que j' aime beaucoup ne sont probablement pas achetées <eos>,13,achetées,achetés,11,F,S,achetées,-10.21323,achetés,-10.162437,0
5386,P_NOUN_8_PASS_b,F,P,les pendules avec la cerise que j' aime beaucoup ne sont probablement pas brisées <eos>,13,brisées,brisés,11,F,S,brisées,-9.269393,brisés,-12.82262,1
5387,P_NOUN_8_PASS_b,F,P,les pendules avec la cerise que j' aime beaucoup ne sont probablement pas cachées <eos>,13,cachées,cachés,11,F,S,cachées,-7.7819552,cachés,-9.310161,1
5388,P_NOUN_8_PASS_b,F,P,les pendules avec la cerise que j' aime beaucoup ne sont probablement pas cassées <eos>,13,cassées,cassés,11,F,S,cassées,-8.344304,cassés,-9.888459,1
5389,P_NOUN_8_PASS_b,F,P,les pendules avec la cerise que j' aime beaucoup ne sont probablement pas couvertes <eos>,13,couvertes,couverts,11,F,S,couvertes,-7.3210974,couverts,-8.696859,1
5390,P_NOUN_8_PASS_b,F,P,les pendules avec la cerise que j' aime beaucoup ne sont probablement pas déformées <eos>,13,déformées,déformés,11,F,S,déformées,-8.040497,déformés,-13.402312,1
5391,P_NOUN_8_PASS_b,F,P,les pendules avec la cerise que j' aime beaucoup ne sont probablement pas fixées <eos>,13,fixées,fixés,11,F,S,fixées,-8.06251,fixés,-9.618796,1
5392,P_NOUN_8_PASS_b,F,P,les pendules avec la cerise que j' aime beaucoup ne sont probablement pas jetées <eos>,13,jetées,jetés,11,F,S,jetées,-9.030615,jetés,-10.303144,1
5393,P_NOUN_8_PASS_b,F,P,les pendules avec la cerise que j' aime beaucoup ne sont probablement pas laissées <eos>,13,laissées,laissés,11,F,S,laissées,-7.750397,laissés,-10.606607,1
5394,P_NOUN_8_PASS_b,F,P,les pendules avec la cerise que j' aime beaucoup ne sont probablement pas ouvertes <eos>,13,ouvertes,ouverts,11,F,S,ouvertes,-7.575978,ouverts,-9.288849,1
5395,P_NOUN_8_PASS_b,F,P,les pendules avec la cerise que j' aime beaucoup ne sont probablement pas perdues <eos>,13,perdues,perdus,11,F,S,perdues,-7.7513304,perdus,-9.286801,1
5396,P_NOUN_8_PASS_b,F,P,les pendules avec la cerise que j' aime beaucoup ne sont probablement pas réparées <eos>,13,réparées,réparés,11,F,S,réparées,-8.763117,réparés,-12.257681,1
5397,P_NOUN_8_PASS_b,F,P,les pendules avec la cerise que j' aime beaucoup ne sont probablement pas retirées <eos>,13,retirées,retirés,11,F,S,retirées,-7.714825,retirés,-10.259233,1
5398,P_NOUN_8_PASS_b,F,P,les pendules avec la cerise que j' aime beaucoup ne sont probablement pas tombées <eos>,13,tombées,tombés,11,F,S,tombées,-7.356741,tombés,-9.037019,1
5399,P_NOUN_8_PASS_b,F,P,les pendules avec la cerise que j' aime beaucoup ne sont probablement pas utilisées <eos>,13,utilisées,utilisés,11,F,S,utilisées,-4.847933,utilisés,-6.6547766,1
5400,P_NOUN_8_PASS_b,F,P,les cloches avec la gemme que j' aime beaucoup ne sont probablement pas achetées <eos>,13,achetées,achetés,11,F,S,achetées,-10.2263155,achetés,-10.721562,1
5401,P_NOUN_8_PASS_b,F,P,les cloches avec la gemme que j' aime beaucoup ne sont probablement pas brisées <eos>,13,brisées,brisés,11,F,S,brisées,-8.8165245,brisés,-12.171094,1
5402,P_NOUN_8_PASS_b,F,P,les cloches avec la gemme que j' aime beaucoup ne sont probablement pas cachées <eos>,13,cachées,cachés,11,F,S,cachées,-7.5223784,cachés,-9.402846,1
5403,P_NOUN_8_PASS_b,F,P,les cloches avec la gemme que j' aime beaucoup ne sont probablement pas cassées <eos>,13,cassées,cassés,11,F,S,cassées,-8.302916,cassés,-9.878201,1
5404,P_NOUN_8_PASS_b,F,P,les cloches avec la gemme que j' aime beaucoup ne sont probablement pas couvertes <eos>,13,couvertes,couverts,11,F,S,couvertes,-7.4579144,couverts,-8.139734,1
5405,P_NOUN_8_PASS_b,F,P,les cloches avec la gemme que j' aime beaucoup ne sont probablement pas déformées <eos>,13,déformées,déformés,11,F,S,déformées,-8.873069,déformés,-13.325416,1
5406,P_NOUN_8_PASS_b,F,P,les cloches avec la gemme que j' aime beaucoup ne sont probablement pas fixées <eos>,13,fixées,fixés,11,F,S,fixées,-8.170438,fixés,-9.74923,1
5407,P_NOUN_8_PASS_b,F,P,les cloches avec la gemme que j' aime beaucoup ne sont probablement pas jetées <eos>,13,jetées,jetés,11,F,S,jetées,-8.230513,jetés,-9.14241,1
5408,P_NOUN_8_PASS_b,F,P,les cloches avec la gemme que j' aime beaucoup ne sont probablement pas laissées <eos>,13,laissées,laissés,11,F,S,laissées,-8.329971,laissés,-9.933252,1
5409,P_NOUN_8_PASS_b,F,P,les cloches avec la gemme que j' aime beaucoup ne sont probablement pas ouvertes <eos>,13,ouvertes,ouverts,11,F,S,ouvertes,-7.4556975,ouverts,-9.718566,1
5410,P_NOUN_8_PASS_b,F,P,les cloches avec la gemme que j' aime beaucoup ne sont probablement pas perdues <eos>,13,perdues,perdus,11,F,S,perdues,-7.2168493,perdus,-8.707247,1
5411,P_NOUN_8_PASS_b,F,P,les cloches avec la gemme que j' aime beaucoup ne sont probablement pas réparées <eos>,13,réparées,réparés,11,F,S,réparées,-8.313238,réparés,-11.275047,1
5412,P_NOUN_8_PASS_b,F,P,les cloches avec la gemme que j' aime beaucoup ne sont probablement pas retirées <eos>,13,retirées,retirés,11,F,S,retirées,-7.516931,retirés,-9.956358,1
5413,P_NOUN_8_PASS_b,F,P,les cloches avec la gemme que j' aime beaucoup ne sont probablement pas tombées <eos>,13,tombées,tombés,11,F,S,tombées,-6.9146605,tombés,-6.9972,1
5414,P_NOUN_8_PASS_b,F,P,les cloches avec la gemme que j' aime beaucoup ne sont probablement pas utilisées <eos>,13,utilisées,utilisés,11,F,S,utilisées,-5.547214,utilisés,-7.0995097,1
5415,P_NOUN_8_PASS_b,F,P,les cloches avec la chaise que j' aime beaucoup ne sont probablement pas achetées <eos>,13,achetées,achetés,11,F,S,achetées,-10.512976,achetés,-10.965176,1
5416,P_NOUN_8_PASS_b,F,P,les cloches avec la chaise que j' aime beaucoup ne sont probablement pas brisées <eos>,13,brisées,brisés,11,F,S,brisées,-8.605562,brisés,-12.021986,1
5417,P_NOUN_8_PASS_b,F,P,les cloches avec la chaise que j' aime beaucoup ne sont probablement pas cachées <eos>,13,cachées,cachés,11,F,S,cachées,-7.479412,cachés,-10.138803,1
5418,P_NOUN_8_PASS_b,F,P,les cloches avec la chaise que j' aime beaucoup ne sont probablement pas cassées <eos>,13,cassées,cassés,11,F,S,cassées,-8.133861,cassés,-10.0508375,1
5419,P_NOUN_8_PASS_b,F,P,les cloches avec la chaise que j' aime beaucoup ne sont probablement pas couvertes <eos>,13,couvertes,couverts,11,F,S,couvertes,-7.2056584,couverts,-8.312447,1
5420,P_NOUN_8_PASS_b,F,P,les cloches avec la chaise que j' aime beaucoup ne sont probablement pas déformées <eos>,13,déformées,déformés,11,F,S,déformées,-8.645992,déformés,-13.187143,1
5421,P_NOUN_8_PASS_b,F,P,les cloches avec la chaise que j' aime beaucoup ne sont probablement pas fixées <eos>,13,fixées,fixés,11,F,S,fixées,-7.9850883,fixés,-9.989723,1
5422,P_NOUN_8_PASS_b,F,P,les cloches avec la chaise que j' aime beaucoup ne sont probablement pas jetées <eos>,13,jetées,jetés,11,F,S,jetées,-8.684137,jetés,-9.810157,1
5423,P_NOUN_8_PASS_b,F,P,les cloches avec la chaise que j' aime beaucoup ne sont probablement pas laissées <eos>,13,laissées,laissés,11,F,S,laissées,-8.280207,laissés,-10.238383,1
5424,P_NOUN_8_PASS_b,F,P,les cloches avec la chaise que j' aime beaucoup ne sont probablement pas ouvertes <eos>,13,ouvertes,ouverts,11,F,S,ouvertes,-7.083,ouverts,-9.648966,1
5425,P_NOUN_8_PASS_b,F,P,les cloches avec la chaise que j' aime beaucoup ne sont probablement pas perdues <eos>,13,perdues,perdus,11,F,S,perdues,-7.288019,perdus,-8.855533,1
5426,P_NOUN_8_PASS_b,F,P,les cloches avec la chaise que j' aime beaucoup ne sont probablement pas réparées <eos>,13,réparées,réparés,11,F,S,réparées,-8.209314,réparés,-11.635682,1
5427,P_NOUN_8_PASS_b,F,P,les cloches avec la chaise que j' aime beaucoup ne sont probablement pas retirées <eos>,13,retirées,retirés,11,F,S,retirées,-7.561229,retirés,-10.261066,1
5428,P_NOUN_8_PASS_b,F,P,les cloches avec la chaise que j' aime beaucoup ne sont probablement pas tombées <eos>,13,tombées,tombés,11,F,S,tombées,-7.357211,tombés,-7.9099665,1
5429,P_NOUN_8_PASS_b,F,P,les cloches avec la chaise que j' aime beaucoup ne sont probablement pas utilisées <eos>,13,utilisées,utilisés,11,F,S,utilisées,-5.3232584,utilisés,-7.1034536,1
5430,P_NOUN_8_PASS_b,F,P,les cloches avec la poubelle que j' aime beaucoup ne sont probablement pas achetées <eos>,13,achetées,achetés,11,F,S,achetées,-10.171958,achetés,-10.447443,1
5431,P_NOUN_8_PASS_b,F,P,les cloches avec la poubelle que j' aime beaucoup ne sont probablement pas brisées <eos>,13,brisées,brisés,11,F,S,brisées,-8.950342,brisés,-12.226442,1
5432,P_NOUN_8_PASS_b,F,P,les cloches avec la poubelle que j' aime beaucoup ne sont probablement pas cachées <eos>,13,cachées,cachés,11,F,S,cachées,-7.345807,cachés,-9.289534,1
5433,P_NOUN_8_PASS_b,F,P,les cloches avec la poubelle que j' aime beaucoup ne sont probablement pas cassées <eos>,13,cassées,cassés,11,F,S,cassées,-8.380495,cassés,-10.136456,1
5434,P_NOUN_8_PASS_b,F,P,les cloches avec la poubelle que j' aime beaucoup ne sont probablement pas couvertes <eos>,13,couvertes,couverts,11,F,S,couvertes,-7.422535,couverts,-8.449861,1
5435,P_NOUN_8_PASS_b,F,P,les cloches avec la poubelle que j' aime beaucoup ne sont probablement pas déformées <eos>,13,déformées,déformés,11,F,S,déformées,-8.874992,déformés,-13.32382,1
5436,P_NOUN_8_PASS_b,F,P,les cloches avec la poubelle que j' aime beaucoup ne sont probablement pas fixées <eos>,13,fixées,fixés,11,F,S,fixées,-8.254497,fixés,-10.037975,1
5437,P_NOUN_8_PASS_b,F,P,les cloches avec la poubelle que j' aime beaucoup ne sont probablement pas jetées <eos>,13,jetées,jetés,11,F,S,jetées,-8.420668,jetés,-9.462983,1
5438,P_NOUN_8_PASS_b,F,P,les cloches avec la poubelle que j' aime beaucoup ne sont probablement pas laissées <eos>,13,laissées,laissés,11,F,S,laissées,-8.402563,laissés,-10.082811,1
5439,P_NOUN_8_PASS_b,F,P,les cloches avec la poubelle que j' aime beaucoup ne sont probablement pas ouvertes <eos>,13,ouvertes,ouverts,11,F,S,ouvertes,-7.35064,ouverts,-9.668743,1
5440,P_NOUN_8_PASS_b,F,P,les cloches avec la poubelle que j' aime beaucoup ne sont probablement pas perdues <eos>,13,perdues,perdus,11,F,S,perdues,-7.1943235,perdus,-8.62179,1
5441,P_NOUN_8_PASS_b,F,P,les cloches avec la poubelle que j' aime beaucoup ne sont probablement pas réparées <eos>,13,réparées,réparés,11,F,S,réparées,-8.233021,réparés,-11.628698,1
5442,P_NOUN_8_PASS_b,F,P,les cloches avec la poubelle que j' aime beaucoup ne sont probablement pas retirées <eos>,13,retirées,retirés,11,F,S,retirées,-7.350616,retirés,-9.995333,1
5443,P_NOUN_8_PASS_b,F,P,les cloches avec la poubelle que j' aime beaucoup ne sont probablement pas tombées <eos>,13,tombées,tombés,11,F,S,tombées,-7.112196,tombés,-7.2251396,1
5444,P_NOUN_8_PASS_b,F,P,les cloches avec la poubelle que j' aime beaucoup ne sont probablement pas utilisées <eos>,13,utilisées,utilisés,11,F,S,utilisées,-5.339581,utilisés,-6.959368,1
5445,P_NOUN_8_PASS_b,F,P,les cloches avec la chemise que j' aime beaucoup ne sont probablement pas achetées <eos>,13,achetées,achetés,11,F,S,achetées,-10.289077,achetés,-10.949107,1
5446,P_NOUN_8_PASS_b,F,P,les cloches avec la chemise que j' aime beaucoup ne sont probablement pas brisées <eos>,13,brisées,brisés,11,F,S,brisées,-8.86953,brisés,-12.212504,1
5447,P_NOUN_8_PASS_b,F,P,les cloches avec la chemise que j' aime beaucoup ne sont probablement pas cachées <eos>,13,cachées,cachés,11,F,S,cachées,-7.4686594,cachés,-9.6592,1
5448,P_NOUN_8_PASS_b,F,P,les cloches avec la chemise que j' aime beaucoup ne sont probablement pas cassées <eos>,13,cassées,cassés,11,F,S,cassées,-8.13163,cassés,-10.127079,1
5449,P_NOUN_8_PASS_b,F,P,les cloches avec la chemise que j' aime beaucoup ne sont probablement pas couvertes <eos>,13,couvertes,couverts,11,F,S,couvertes,-7.2024975,couverts,-8.459094,1
5450,P_NOUN_8_PASS_b,F,P,les cloches avec la chemise que j' aime beaucoup ne sont probablement pas déformées <eos>,13,déformées,déformés,11,F,S,déformées,-8.83515,déformés,-13.405267,1
5451,P_NOUN_8_PASS_b,F,P,les cloches avec la chemise que j' aime beaucoup ne sont probablement pas fixées <eos>,13,fixées,fixés,11,F,S,fixées,-8.061718,fixés,-10.021478,1
5452,P_NOUN_8_PASS_b,F,P,les cloches avec la chemise que j' aime beaucoup ne sont probablement pas jetées <eos>,13,jetées,jetés,11,F,S,jetées,-8.336595,jetés,-9.547819,1
5453,P_NOUN_8_PASS_b,F,P,les cloches avec la chemise que j' aime beaucoup ne sont probablement pas laissées <eos>,13,laissées,laissés,11,F,S,laissées,-8.501679,laissés,-10.185665,1
5454,P_NOUN_8_PASS_b,F,P,les cloches avec la chemise que j' aime beaucoup ne sont probablement pas ouvertes <eos>,13,ouvertes,ouverts,11,F,S,ouvertes,-7.1555643,ouverts,-9.63261,1
5455,P_NOUN_8_PASS_b,F,P,les cloches avec la chemise que j' aime beaucoup ne sont probablement pas perdues <eos>,13,perdues,perdus,11,F,S,perdues,-7.4245157,perdus,-8.955183,1
5456,P_NOUN_8_PASS_b,F,P,les cloches avec la chemise que j' aime beaucoup ne sont probablement pas réparées <eos>,13,réparées,réparés,11,F,S,réparées,-8.414782,réparés,-11.608815,1
5457,P_NOUN_8_PASS_b,F,P,les cloches avec la chemise que j' aime beaucoup ne sont probablement pas retirées <eos>,13,retirées,retirés,11,F,S,retirées,-7.5363293,retirés,-9.982329,1
5458,P_NOUN_8_PASS_b,F,P,les cloches avec la chemise que j' aime beaucoup ne sont probablement pas tombées <eos>,13,tombées,tombés,11,F,S,tombées,-7.2525635,tombés,-7.176449,0
5459,P_NOUN_8_PASS_b,F,P,les cloches avec la chemise que j' aime beaucoup ne sont probablement pas utilisées <eos>,13,utilisées,utilisés,11,F,S,utilisées,-5.2343736,utilisés,-6.990748,1
5460,P_NOUN_8_PASS_b,F,P,les cloches avec la recette que j' aime beaucoup ne sont probablement pas achetées <eos>,13,achetées,achetés,11,F,S,achetées,-10.44252,achetés,-10.710804,1
5461,P_NOUN_8_PASS_b,F,P,les cloches avec la recette que j' aime beaucoup ne sont probablement pas brisées <eos>,13,brisées,brisés,11,F,S,brisées,-9.684044,brisés,-13.026097,1
5462,P_NOUN_8_PASS_b,F,P,les cloches avec la recette que j' aime beaucoup ne sont probablement pas cachées <eos>,13,cachées,cachés,11,F,S,cachées,-8.136198,cachés,-10.043814,1
5463,P_NOUN_8_PASS_b,F,P,les cloches avec la recette que j' aime beaucoup ne sont probablement pas cassées <eos>,13,cassées,cassés,11,F,S,cassées,-9.090006,cassés,-10.433673,1
5464,P_NOUN_8_PASS_b,F,P,les cloches avec la recette que j' aime beaucoup ne sont probablement pas couvertes <eos>,13,couvertes,couverts,11,F,S,couvertes,-7.6758475,couverts,-8.272678,1
5465,P_NOUN_8_PASS_b,F,P,les cloches avec la recette que j' aime beaucoup ne sont probablement pas déformées <eos>,13,déformées,déformés,11,F,S,déformées,-9.330814,déformés,-13.669874,1
5466,P_NOUN_8_PASS_b,F,P,les cloches avec la recette que j' aime beaucoup ne sont probablement pas fixées <eos>,13,fixées,fixés,11,F,S,fixées,-8.772363,fixés,-10.468647,1
5467,P_NOUN_8_PASS_b,F,P,les cloches avec la recette que j' aime beaucoup ne sont probablement pas jetées <eos>,13,jetées,jetés,11,F,S,jetées,-9.440956,jetés,-10.555226,1
5468,P_NOUN_8_PASS_b,F,P,les cloches avec la recette que j' aime beaucoup ne sont probablement pas laissées <eos>,13,laissées,laissés,11,F,S,laissées,-8.599723,laissés,-10.577816,1
5469,P_NOUN_8_PASS_b,F,P,les cloches avec la recette que j' aime beaucoup ne sont probablement pas ouvertes <eos>,13,ouvertes,ouverts,11,F,S,ouvertes,-7.3913393,ouverts,-9.528919,1
5470,P_NOUN_8_PASS_b,F,P,les cloches avec la recette que j' aime beaucoup ne sont probablement pas perdues <eos>,13,perdues,perdus,11,F,S,perdues,-7.307146,perdus,-9.0535755,1
5471,P_NOUN_8_PASS_b,F,P,les cloches avec la recette que j' aime beaucoup ne sont probablement pas réparées <eos>,13,réparées,réparés,11,F,S,réparées,-8.7457695,réparés,-11.969265,1
5472,P_NOUN_8_PASS_b,F,P,les cloches avec la recette que j' aime beaucoup ne sont probablement pas retirées <eos>,13,retirées,retirés,11,F,S,retirées,-8.02555,retirés,-10.26967,1
5473,P_NOUN_8_PASS_b,F,P,les cloches avec la recette que j' aime beaucoup ne sont probablement pas tombées <eos>,13,tombées,tombés,11,F,S,tombées,-7.5635815,tombés,-7.8361263,1
5474,P_NOUN_8_PASS_b,F,P,les cloches avec la recette que j' aime beaucoup ne sont probablement pas utilisées <eos>,13,utilisées,utilisés,11,F,S,utilisées,-5.5980535,utilisés,-7.360927,1
5475,P_NOUN_8_PASS_b,F,P,les cloches avec la jupe que j' aime beaucoup ne sont probablement pas achetées <eos>,13,achetées,achetés,11,F,S,achetées,-10.377058,achetés,-11.222366,1
5476,P_NOUN_8_PASS_b,F,P,les cloches avec la jupe que j' aime beaucoup ne sont probablement pas brisées <eos>,13,brisées,brisés,11,F,S,brisées,-9.050039,brisés,-12.330103,1
5477,P_NOUN_8_PASS_b,F,P,les cloches avec la jupe que j' aime beaucoup ne sont probablement pas cachées <eos>,13,cachées,cachés,11,F,S,cachées,-7.5269203,cachés,-9.940296,1
5478,P_NOUN_8_PASS_b,F,P,les cloches avec la jupe que j' aime beaucoup ne sont probablement pas cassées <eos>,13,cassées,cassés,11,F,S,cassées,-8.031669,cassés,-10.019672,1
5479,P_NOUN_8_PASS_b,F,P,les cloches avec la jupe que j' aime beaucoup ne sont probablement pas couvertes <eos>,13,couvertes,couverts,11,F,S,couvertes,-7.1041145,couverts,-8.253873,1
5480,P_NOUN_8_PASS_b,F,P,les cloches avec la jupe que j' aime beaucoup ne sont probablement pas déformées <eos>,13,déformées,déformés,11,F,S,déformées,-8.408432,déformés,-13.157509,1
5481,P_NOUN_8_PASS_b,F,P,les cloches avec la jupe que j' aime beaucoup ne sont probablement pas fixées <eos>,13,fixées,fixés,11,F,S,fixées,-7.8317785,fixés,-9.941357,1
5482,P_NOUN_8_PASS_b,F,P,les cloches avec la jupe que j' aime beaucoup ne sont probablement pas jetées <eos>,13,jetées,jetés,11,F,S,jetées,-8.52296,jetés,-9.688789,1
5483,P_NOUN_8_PASS_b,F,P,les cloches avec la jupe que j' aime beaucoup ne sont probablement pas laissées <eos>,13,laissées,laissés,11,F,S,laissées,-8.484146,laissés,-10.494914,1
5484,P_NOUN_8_PASS_b,F,P,les cloches avec la jupe que j' aime beaucoup ne sont probablement pas ouvertes <eos>,13,ouvertes,ouverts,11,F,S,ouvertes,-7.0528736,ouverts,-9.533904,1
5485,P_NOUN_8_PASS_b,F,P,les cloches avec la jupe que j' aime beaucoup ne sont probablement pas perdues <eos>,13,perdues,perdus,11,F,S,perdues,-7.5540276,perdus,-9.401161,1
5486,P_NOUN_8_PASS_b,F,P,les cloches avec la jupe que j' aime beaucoup ne sont probablement pas réparées <eos>,13,réparées,réparés,11,F,S,réparées,-8.403255,réparés,-12.087989,1
5487,P_NOUN_8_PASS_b,F,P,les cloches avec la jupe que j' aime beaucoup ne sont probablement pas retirées <eos>,13,retirées,retirés,11,F,S,retirées,-7.503266,retirés,-10.248301,1
5488,P_NOUN_8_PASS_b,F,P,les cloches avec la jupe que j' aime beaucoup ne sont probablement pas tombées <eos>,13,tombées,tombés,11,F,S,tombées,-7.2295237,tombés,-7.6918335,1
5489,P_NOUN_8_PASS_b,F,P,les cloches avec la jupe que j' aime beaucoup ne sont probablement pas utilisées <eos>,13,utilisées,utilisés,11,F,S,utilisées,-5.3170843,utilisés,-7.2613745,1
5490,P_NOUN_8_PASS_b,F,P,les cloches avec la colle que j' aime beaucoup ne sont probablement pas achetées <eos>,13,achetées,achetés,11,F,S,achetées,-10.062891,achetés,-10.438706,1
5491,P_NOUN_8_PASS_b,F,P,les cloches avec la colle que j' aime beaucoup ne sont probablement pas brisées <eos>,13,brisées,brisés,11,F,S,brisées,-8.842445,brisés,-12.304424,1
5492,P_NOUN_8_PASS_b,F,P,les cloches avec la colle que j' aime beaucoup ne sont probablement pas cachées <eos>,13,cachées,cachés,11,F,S,cachées,-7.813674,cachés,-9.288212,1
5493,P_NOUN_8_PASS_b,F,P,les cloches avec la colle que j' aime beaucoup ne sont probablement pas cassées <eos>,13,cassées,cassés,11,F,S,cassées,-7.999448,cassés,-9.699036,1
5494,P_NOUN_8_PASS_b,F,P,les cloches avec la colle que j' aime beaucoup ne sont probablement pas couvertes <eos>,13,couvertes,couverts,11,F,S,couvertes,-7.4040546,couverts,-8.284538,1
5495,P_NOUN_8_PASS_b,F,P,les cloches avec la colle que j' aime beaucoup ne sont probablement pas déformées <eos>,13,déformées,déformés,11,F,S,déformées,-8.591247,déformés,-13.682492,1
5496,P_NOUN_8_PASS_b,F,P,les cloches avec la colle que j' aime beaucoup ne sont probablement pas fixées <eos>,13,fixées,fixés,11,F,S,fixées,-8.021633,fixés,-9.8990965,1
5497,P_NOUN_8_PASS_b,F,P,les cloches avec la colle que j' aime beaucoup ne sont probablement pas jetées <eos>,13,jetées,jetés,11,F,S,jetées,-8.181015,jetés,-8.95208,1
5498,P_NOUN_8_PASS_b,F,P,les cloches avec la colle que j' aime beaucoup ne sont probablement pas laissées <eos>,13,laissées,laissés,11,F,S,laissées,-8.057788,laissés,-10.067362,1
5499,P_NOUN_8_PASS_b,F,P,les cloches avec la colle que j' aime beaucoup ne sont probablement pas ouvertes <eos>,13,ouvertes,ouverts,11,F,S,ouvertes,-7.6174784,ouverts,-9.786194,1
5500,P_NOUN_8_PASS_b,F,P,les cloches avec la colle que j' aime beaucoup ne sont probablement pas perdues <eos>,13,perdues,perdus,11,F,S,perdues,-7.091694,perdus,-8.790969,1
5501,P_NOUN_8_PASS_b,F,P,les cloches avec la colle que j' aime beaucoup ne sont probablement pas réparées <eos>,13,réparées,réparés,11,F,S,réparées,-8.40258,réparés,-11.703295,1
5502,P_NOUN_8_PASS_b,F,P,les cloches avec la colle que j' aime beaucoup ne sont probablement pas retirées <eos>,13,retirées,retirés,11,F,S,retirées,-7.3937483,retirés,-9.688029,1
5503,P_NOUN_8_PASS_b,F,P,les cloches avec la colle que j' aime beaucoup ne sont probablement pas tombées <eos>,13,tombées,tombés,11,F,S,tombées,-7.1309843,tombés,-7.295946,1
5504,P_NOUN_8_PASS_b,F,P,les cloches avec la colle que j' aime beaucoup ne sont probablement pas utilisées <eos>,13,utilisées,utilisés,11,F,S,utilisées,-5.1328487,utilisés,-6.853512,1
5505,P_NOUN_8_PASS_b,F,P,les cloches avec la lampe que j' aime beaucoup ne sont probablement pas achetées <eos>,13,achetées,achetés,11,F,S,achetées,-10.133756,achetés,-10.9720545,1
5506,P_NOUN_8_PASS_b,F,P,les cloches avec la lampe que j' aime beaucoup ne sont probablement pas brisées <eos>,13,brisées,brisés,11,F,S,brisées,-8.52796,brisés,-12.237858,1
5507,P_NOUN_8_PASS_b,F,P,les cloches avec la lampe que j' aime beaucoup ne sont probablement pas cachées <eos>,13,cachées,cachés,11,F,S,cachées,-7.37568,cachés,-9.496136,1
5508,P_NOUN_8_PASS_b,F,P,les cloches avec la lampe que j' aime beaucoup ne sont probablement pas cassées <eos>,13,cassées,cassés,11,F,S,cassées,-8.132477,cassés,-10.14771,1
5509,P_NOUN_8_PASS_b,F,P,les cloches avec la lampe que j' aime beaucoup ne sont probablement pas couvertes <eos>,13,couvertes,couverts,11,F,S,couvertes,-7.430851,couverts,-8.795196,1
5510,P_NOUN_8_PASS_b,F,P,les cloches avec la lampe que j' aime beaucoup ne sont probablement pas déformées <eos>,13,déformées,déformés,11,F,S,déformées,-8.1736555,déformés,-13.099984,1
5511,P_NOUN_8_PASS_b,F,P,les cloches avec la lampe que j' aime beaucoup ne sont probablement pas fixées <eos>,13,fixées,fixés,11,F,S,fixées,-7.911781,fixés,-10.11569,1
5512,P_NOUN_8_PASS_b,F,P,les cloches avec la lampe que j' aime beaucoup ne sont probablement pas jetées <eos>,13,jetées,jetés,11,F,S,jetées,-7.930372,jetés,-9.133875,1
5513,P_NOUN_8_PASS_b,F,P,les cloches avec la lampe que j' aime beaucoup ne sont probablement pas laissées <eos>,13,laissées,laissés,11,F,S,laissées,-8.288996,laissés,-10.347308,1
5514,P_NOUN_8_PASS_b,F,P,les cloches avec la lampe que j' aime beaucoup ne sont probablement pas ouvertes <eos>,13,ouvertes,ouverts,11,F,S,ouvertes,-7.2087626,ouverts,-9.884147,1
5515,P_NOUN_8_PASS_b,F,P,les cloches avec la lampe que j' aime beaucoup ne sont probablement pas perdues <eos>,13,perdues,perdus,11,F,S,perdues,-6.8973417,perdus,-8.723615,1
5516,P_NOUN_8_PASS_b,F,P,les cloches avec la lampe que j' aime beaucoup ne sont probablement pas réparées <eos>,13,réparées,réparés,11,F,S,réparées,-7.914414,réparés,-11.532047,1
5517,P_NOUN_8_PASS_b,F,P,les cloches avec la lampe que j' aime beaucoup ne sont probablement pas retirées <eos>,13,retirées,retirés,11,F,S,retirées,-7.061166,retirés,-9.934139,1
5518,P_NOUN_8_PASS_b,F,P,les cloches avec la lampe que j' aime beaucoup ne sont probablement pas tombées <eos>,13,tombées,tombés,11,F,S,tombées,-6.957177,tombés,-7.67064,1
5519,P_NOUN_8_PASS_b,F,P,les cloches avec la lampe que j' aime beaucoup ne sont probablement pas utilisées <eos>,13,utilisées,utilisés,11,F,S,utilisées,-4.900436,utilisés,-6.9454923,1
5520,P_NOUN_8_PASS_b,F,P,les cloches avec la bouteille que j' aime beaucoup ne sont probablement pas achetées <eos>,13,achetées,achetés,11,F,S,achetées,-9.594183,achetés,-10.406936,1
5521,P_NOUN_8_PASS_b,F,P,les cloches avec la bouteille que j' aime beaucoup ne sont probablement pas brisées <eos>,13,brisées,brisés,11,F,S,brisées,-9.115744,brisés,-12.580297,1
5522,P_NOUN_8_PASS_b,F,P,les cloches avec la bouteille que j' aime beaucoup ne sont probablement pas cachées <eos>,13,cachées,cachés,11,F,S,cachées,-7.6865053,cachés,-9.698418,1
5523,P_NOUN_8_PASS_b,F,P,les cloches avec la bouteille que j' aime beaucoup ne sont probablement pas cassées <eos>,13,cassées,cassés,11,F,S,cassées,-8.376334,cassés,-10.057377,1
5524,P_NOUN_8_PASS_b,F,P,les cloches avec la bouteille que j' aime beaucoup ne sont probablement pas couvertes <eos>,13,couvertes,couverts,11,F,S,couvertes,-7.278697,couverts,-8.226091,1
5525,P_NOUN_8_PASS_b,F,P,les cloches avec la bouteille que j' aime beaucoup ne sont probablement pas déformées <eos>,13,déformées,déformés,11,F,S,déformées,-8.799715,déformés,-13.463079,1
5526,P_NOUN_8_PASS_b,F,P,les cloches avec la bouteille que j' aime beaucoup ne sont probablement pas fixées <eos>,13,fixées,fixés,11,F,S,fixées,-8.695037,fixés,-10.150629,1
5527,P_NOUN_8_PASS_b,F,P,les cloches avec la bouteille que j' aime beaucoup ne sont probablement pas jetées <eos>,13,jetées,jetés,11,F,S,jetées,-8.964263,jetés,-9.747974,1
5528,P_NOUN_8_PASS_b,F,P,les cloches avec la bouteille que j' aime beaucoup ne sont probablement pas laissées <eos>,13,laissées,laissés,11,F,S,laissées,-7.933937,laissés,-10.262359,1
5529,P_NOUN_8_PASS_b,F,P,les cloches avec la bouteille que j' aime beaucoup ne sont probablement pas ouvertes <eos>,13,ouvertes,ouverts,11,F,S,ouvertes,-7.0756345,ouverts,-9.281069,1
5530,P_NOUN_8_PASS_b,F,P,les cloches avec la bouteille que j' aime beaucoup ne sont probablement pas perdues <eos>,13,perdues,perdus,11,F,S,perdues,-7.250466,perdus,-8.816314,1
5531,P_NOUN_8_PASS_b,F,P,les cloches avec la bouteille que j' aime beaucoup ne sont probablement pas réparées <eos>,13,réparées,réparés,11,F,S,réparées,-7.956361,réparés,-11.580302,1
5532,P_NOUN_8_PASS_b,F,P,les cloches avec la bouteille que j' aime beaucoup ne sont probablement pas retirées <eos>,13,retirées,retirés,11,F,S,retirées,-7.489152,retirés,-10.252396,1
5533,P_NOUN_8_PASS_b,F,P,les cloches avec la bouteille que j' aime beaucoup ne sont probablement pas tombées <eos>,13,tombées,tombés,11,F,S,tombées,-7.3910084,tombés,-7.9104414,1
5534,P_NOUN_8_PASS_b,F,P,les cloches avec la bouteille que j' aime beaucoup ne sont probablement pas utilisées <eos>,13,utilisées,utilisés,11,F,S,utilisées,-5.394786,utilisés,-7.308709,1
5535,P_NOUN_8_PASS_b,F,P,les cloches avec la boisson que j' aime beaucoup ne sont probablement pas achetées <eos>,13,achetées,achetés,11,F,S,achetées,-10.24671,achetés,-10.452656,1
5536,P_NOUN_8_PASS_b,F,P,les cloches avec la boisson que j' aime beaucoup ne sont probablement pas brisées <eos>,13,brisées,brisés,11,F,S,brisées,-9.447405,brisés,-12.979172,1
5537,P_NOUN_8_PASS_b,F,P,les cloches avec la boisson que j' aime beaucoup ne sont probablement pas cachées <eos>,13,cachées,cachés,11,F,S,cachées,-7.87967,cachés,-9.685448,1
5538,P_NOUN_8_PASS_b,F,P,les cloches avec la boisson que j' aime beaucoup ne sont probablement pas cassées <eos>,13,cassées,cassés,11,F,S,cassées,-8.968666,cassés,-10.308998,1
5539,P_NOUN_8_PASS_b,F,P,les cloches avec la boisson que j' aime beaucoup ne sont probablement pas couvertes <eos>,13,couvertes,couverts,11,F,S,couvertes,-7.848886,couverts,-8.148689,1
5540,P_NOUN_8_PASS_b,F,P,les cloches avec la boisson que j' aime beaucoup ne sont probablement pas déformées <eos>,13,déformées,déformés,11,F,S,déformées,-9.467434,déformés,-13.8304825,1
5541,P_NOUN_8_PASS_b,F,P,les cloches avec la boisson que j' aime beaucoup ne sont probablement pas fixées <eos>,13,fixées,fixés,11,F,S,fixées,-8.868837,fixés,-10.364809,1
5542,P_NOUN_8_PASS_b,F,P,les cloches avec la boisson que j' aime beaucoup ne sont probablement pas jetées <eos>,13,jetées,jetés,11,F,S,jetées,-9.164494,jetés,-9.928782,1
5543,P_NOUN_8_PASS_b,F,P,les cloches avec la boisson que j' aime beaucoup ne sont probablement pas laissées <eos>,13,laissées,laissés,11,F,S,laissées,-8.376318,laissés,-10.1633005,1
5544,P_NOUN_8_PASS_b,F,P,les cloches avec la boisson que j' aime beaucoup ne sont probablement pas ouvertes <eos>,13,ouvertes,ouverts,11,F,S,ouvertes,-7.68856,ouverts,-9.657691,1
5545,P_NOUN_8_PASS_b,F,P,les cloches avec la boisson que j' aime beaucoup ne sont probablement pas perdues <eos>,13,perdues,perdus,11,F,S,perdues,-7.47923,perdus,-8.954643,1
5546,P_NOUN_8_PASS_b,F,P,les cloches avec la boisson que j' aime beaucoup ne sont probablement pas réparées <eos>,13,réparées,réparés,11,F,S,réparées,-9.072105,réparés,-12.2184,1
5547,P_NOUN_8_PASS_b,F,P,les cloches avec la boisson que j' aime beaucoup ne sont probablement pas retirées <eos>,13,retirées,retirés,11,F,S,retirées,-8.0148115,retirés,-10.233729,1
5548,P_NOUN_8_PASS_b,F,P,les cloches avec la boisson que j' aime beaucoup ne sont probablement pas tombées <eos>,13,tombées,tombés,11,F,S,tombées,-7.4891157,tombés,-7.5168247,1
5549,P_NOUN_8_PASS_b,F,P,les cloches avec la boisson que j' aime beaucoup ne sont probablement pas utilisées <eos>,13,utilisées,utilisés,11,F,S,utilisées,-5.851005,utilisés,-7.446979,1
5550,P_NOUN_8_PASS_b,F,P,les cloches avec la pomme que j' aime beaucoup ne sont probablement pas achetées <eos>,13,achetées,achetés,11,F,S,achetées,-9.562987,achetés,-10.063419,1
5551,P_NOUN_8_PASS_b,F,P,les cloches avec la pomme que j' aime beaucoup ne sont probablement pas brisées <eos>,13,brisées,brisés,11,F,S,brisées,-9.077827,brisés,-12.709337,1
5552,P_NOUN_8_PASS_b,F,P,les cloches avec la pomme que j' aime beaucoup ne sont probablement pas cachées <eos>,13,cachées,cachés,11,F,S,cachées,-7.6626215,cachés,-9.720161,1
5553,P_NOUN_8_PASS_b,F,P,les cloches avec la pomme que j' aime beaucoup ne sont probablement pas cassées <eos>,13,cassées,cassés,11,F,S,cassées,-8.372203,cassés,-9.701749,1
5554,P_NOUN_8_PASS_b,F,P,les cloches avec la pomme que j' aime beaucoup ne sont probablement pas couvertes <eos>,13,couvertes,couverts,11,F,S,couvertes,-7.1946483,couverts,-7.862635,1
5555,P_NOUN_8_PASS_b,F,P,les cloches avec la pomme que j' aime beaucoup ne sont probablement pas déformées <eos>,13,déformées,déformés,11,F,S,déformées,-9.042055,déformés,-13.899786,1
5556,P_NOUN_8_PASS_b,F,P,les cloches avec la pomme que j' aime beaucoup ne sont probablement pas fixées <eos>,13,fixées,fixés,11,F,S,fixées,-8.679363,fixés,-10.167798,1
5557,P_NOUN_8_PASS_b,F,P,les cloches avec la pomme que j' aime beaucoup ne sont probablement pas jetées <eos>,13,jetées,jetés,11,F,S,jetées,-8.813131,jetés,-9.823633,1
5558,P_NOUN_8_PASS_b,F,P,les cloches avec la pomme que j' aime beaucoup ne sont probablement pas laissées <eos>,13,laissées,laissés,11,F,S,laissées,-8.231869,laissés,-9.9876795,1
5559,P_NOUN_8_PASS_b,F,P,les cloches avec la pomme que j' aime beaucoup ne sont probablement pas ouvertes <eos>,13,ouvertes,ouverts,11,F,S,ouvertes,-7.3189487,ouverts,-9.611536,1
5560,P_NOUN_8_PASS_b,F,P,les cloches avec la pomme que j' aime beaucoup ne sont probablement pas perdues <eos>,13,perdues,perdus,11,F,S,perdues,-7.1249676,perdus,-8.949066,1
5561,P_NOUN_8_PASS_b,F,P,les cloches avec la pomme que j' aime beaucoup ne sont probablement pas réparées <eos>,13,réparées,réparés,11,F,S,réparées,-8.621698,réparés,-11.88397,1
5562,P_NOUN_8_PASS_b,F,P,les cloches avec la pomme que j' aime beaucoup ne sont probablement pas retirées <eos>,13,retirées,retirés,11,F,S,retirées,-7.763758,retirés,-10.155985,1
5563,P_NOUN_8_PASS_b,F,P,les cloches avec la pomme que j' aime beaucoup ne sont probablement pas tombées <eos>,13,tombées,tombés,11,F,S,tombées,-7.1002607,tombés,-7.39536,1
5564,P_NOUN_8_PASS_b,F,P,les cloches avec la pomme que j' aime beaucoup ne sont probablement pas utilisées <eos>,13,utilisées,utilisés,11,F,S,utilisées,-5.1594505,utilisés,-7.0371695,1
5565,P_NOUN_8_PASS_b,F,P,les cloches avec la tasse que j' aime beaucoup ne sont probablement pas achetées <eos>,13,achetées,achetés,11,F,S,achetées,-9.939474,achetés,-10.638952,1
5566,P_NOUN_8_PASS_b,F,P,les cloches avec la tasse que j' aime beaucoup ne sont probablement pas brisées <eos>,13,brisées,brisés,11,F,S,brisées,-8.709829,brisés,-12.582354,1
5567,P_NOUN_8_PASS_b,F,P,les cloches avec la tasse que j' aime beaucoup ne sont probablement pas cachées <eos>,13,cachées,cachés,11,F,S,cachées,-7.6455107,cachés,-10.441769,1
5568,P_NOUN_8_PASS_b,F,P,les cloches avec la tasse que j' aime beaucoup ne sont probablement pas cassées <eos>,13,cassées,cassés,11,F,S,cassées,-8.302971,cassés,-10.176061,1
5569,P_NOUN_8_PASS_b,F,P,les cloches avec la tasse que j' aime beaucoup ne sont probablement pas couvertes <eos>,13,couvertes,couverts,11,F,S,couvertes,-6.7981405,couverts,-7.6837234,1
5570,P_NOUN_8_PASS_b,F,P,les cloches avec la tasse que j' aime beaucoup ne sont probablement pas déformées <eos>,13,déformées,déformés,11,F,S,déformées,-9.084109,déformés,-13.563645,1
5571,P_NOUN_8_PASS_b,F,P,les cloches avec la tasse que j' aime beaucoup ne sont probablement pas fixées <eos>,13,fixées,fixés,11,F,S,fixées,-8.615374,fixés,-10.463017,1
5572,P_NOUN_8_PASS_b,F,P,les cloches avec la tasse que j' aime beaucoup ne sont probablement pas jetées <eos>,13,jetées,jetés,11,F,S,jetées,-9.002783,jetés,-10.214598,1
5573,P_NOUN_8_PASS_b,F,P,les cloches avec la tasse que j' aime beaucoup ne sont probablement pas laissées <eos>,13,laissées,laissés,11,F,S,laissées,-7.8574657,laissés,-10.238253,1
5574,P_NOUN_8_PASS_b,F,P,les cloches avec la tasse que j' aime beaucoup ne sont probablement pas ouvertes <eos>,13,ouvertes,ouverts,11,F,S,ouvertes,-6.5311556,ouverts,-8.916835,1
5575,P_NOUN_8_PASS_b,F,P,les cloches avec la tasse que j' aime beaucoup ne sont probablement pas perdues <eos>,13,perdues,perdus,11,F,S,perdues,-7.617405,perdus,-9.163925,1
5576,P_NOUN_8_PASS_b,F,P,les cloches avec la tasse que j' aime beaucoup ne sont probablement pas réparées <eos>,13,réparées,réparés,11,F,S,réparées,-8.052726,réparés,-11.562133,1
5577,P_NOUN_8_PASS_b,F,P,les cloches avec la tasse que j' aime beaucoup ne sont probablement pas retirées <eos>,13,retirées,retirés,11,F,S,retirées,-7.987728,retirés,-10.708582,1
5578,P_NOUN_8_PASS_b,F,P,les cloches avec la tasse que j' aime beaucoup ne sont probablement pas tombées <eos>,13,tombées,tombés,11,F,S,tombées,-7.4289203,tombés,-8.150835,1
5579,P_NOUN_8_PASS_b,F,P,les cloches avec la tasse que j' aime beaucoup ne sont probablement pas utilisées <eos>,13,utilisées,utilisés,11,F,S,utilisées,-5.538685,utilisés,-7.6638155,1
5580,P_NOUN_8_PASS_b,F,P,les cloches avec la bougie que j' aime beaucoup ne sont probablement pas achetées <eos>,13,achetées,achetés,11,F,S,achetées,-9.826225,achetés,-10.882121,1
5581,P_NOUN_8_PASS_b,F,P,les cloches avec la bougie que j' aime beaucoup ne sont probablement pas brisées <eos>,13,brisées,brisés,11,F,S,brisées,-8.896046,brisés,-12.2681465,1
5582,P_NOUN_8_PASS_b,F,P,les cloches avec la bougie que j' aime beaucoup ne sont probablement pas cachées <eos>,13,cachées,cachés,11,F,S,cachées,-7.6605597,cachés,-9.626967,1
5583,P_NOUN_8_PASS_b,F,P,les cloches avec la bougie que j' aime beaucoup ne sont probablement pas cassées <eos>,13,cassées,cassés,11,F,S,cassées,-8.104449,cassés,-10.129725,1
5584,P_NOUN_8_PASS_b,F,P,les cloches avec la bougie que j' aime beaucoup ne sont probablement pas couvertes <eos>,13,couvertes,couverts,11,F,S,couvertes,-7.569546,couverts,-8.582975,1
5585,P_NOUN_8_PASS_b,F,P,les cloches avec la bougie que j' aime beaucoup ne sont probablement pas déformées <eos>,13,déformées,déformés,11,F,S,déformées,-8.740162,déformés,-13.283194,1
5586,P_NOUN_8_PASS_b,F,P,les cloches avec la bougie que j' aime beaucoup ne sont probablement pas fixées <eos>,13,fixées,fixés,11,F,S,fixées,-8.150851,fixés,-10.0883255,1
5587,P_NOUN_8_PASS_b,F,P,les cloches avec la bougie que j' aime beaucoup ne sont probablement pas jetées <eos>,13,jetées,jetés,11,F,S,jetées,-8.523527,jetés,-9.452435,1
5588,P_NOUN_8_PASS_b,F,P,les cloches avec la bougie que j' aime beaucoup ne sont probablement pas laissées <eos>,13,laissées,laissés,11,F,S,laissées,-8.195139,laissés,-10.194677,1
5589,P_NOUN_8_PASS_b,F,P,les cloches avec la bougie que j' aime beaucoup ne sont probablement pas ouvertes <eos>,13,ouvertes,ouverts,11,F,S,ouvertes,-7.3642516,ouverts,-9.775566,1
5590,P_NOUN_8_PASS_b,F,P,les cloches avec la bougie que j' aime beaucoup ne sont probablement pas perdues <eos>,13,perdues,perdus,11,F,S,perdues,-6.9184365,perdus,-8.714365,1
5591,P_NOUN_8_PASS_b,F,P,les cloches avec la bougie que j' aime beaucoup ne sont probablement pas réparées <eos>,13,réparées,réparés,11,F,S,réparées,-7.932971,réparés,-11.413278,1
5592,P_NOUN_8_PASS_b,F,P,les cloches avec la bougie que j' aime beaucoup ne sont probablement pas retirées <eos>,13,retirées,retirés,11,F,S,retirées,-7.1523085,retirés,-10.091877,1
5593,P_NOUN_8_PASS_b,F,P,les cloches avec la bougie que j' aime beaucoup ne sont probablement pas tombées <eos>,13,tombées,tombés,11,F,S,tombées,-7.0445137,tombés,-7.277487,1
5594,P_NOUN_8_PASS_b,F,P,les cloches avec la bougie que j' aime beaucoup ne sont probablement pas utilisées <eos>,13,utilisées,utilisés,11,F,S,utilisées,-5.2826157,utilisés,-7.2048454,1
5595,P_NOUN_8_PASS_b,F,P,les cloches avec la pochette que j' aime beaucoup ne sont probablement pas achetées <eos>,13,achetées,achetés,11,F,S,achetées,-9.973412,achetés,-11.4460335,1
5596,P_NOUN_8_PASS_b,F,P,les cloches avec la pochette que j' aime beaucoup ne sont probablement pas brisées <eos>,13,brisées,brisés,11,F,S,brisées,-8.976111,brisés,-12.358579,1
5597,P_NOUN_8_PASS_b,F,P,les cloches avec la pochette que j' aime beaucoup ne sont probablement pas cachées <eos>,13,cachées,cachés,11,F,S,cachées,-7.71729,cachés,-10.159538,1
5598,P_NOUN_8_PASS_b,F,P,les cloches avec la pochette que j' aime beaucoup ne sont probablement pas cassées <eos>,13,cassées,cassés,11,F,S,cassées,-8.619219,cassés,-10.784725,1
5599,P_NOUN_8_PASS_b,F,P,les cloches avec la pochette que j' aime beaucoup ne sont probablement pas couvertes <eos>,13,couvertes,couverts,11,F,S,couvertes,-8.14089,couverts,-9.509718,1
5600,P_NOUN_8_PASS_b,F,P,les cloches avec la pochette que j' aime beaucoup ne sont probablement pas déformées <eos>,13,déformées,déformés,11,F,S,déformées,-8.408489,déformés,-12.814123,1
5601,P_NOUN_8_PASS_b,F,P,les cloches avec la pochette que j' aime beaucoup ne sont probablement pas fixées <eos>,13,fixées,fixés,11,F,S,fixées,-8.278633,fixés,-10.409137,1
5602,P_NOUN_8_PASS_b,F,P,les cloches avec la pochette que j' aime beaucoup ne sont probablement pas jetées <eos>,13,jetées,jetés,11,F,S,jetées,-9.578812,jetés,-10.431037,1
5603,P_NOUN_8_PASS_b,F,P,les cloches avec la pochette que j' aime beaucoup ne sont probablement pas laissées <eos>,13,laissées,laissés,11,F,S,laissées,-8.361202,laissés,-10.9647455,1
5604,P_NOUN_8_PASS_b,F,P,les cloches avec la pochette que j' aime beaucoup ne sont probablement pas ouvertes <eos>,13,ouvertes,ouverts,11,F,S,ouvertes,-7.5150785,ouverts,-10.209353,1
5605,P_NOUN_8_PASS_b,F,P,les cloches avec la pochette que j' aime beaucoup ne sont probablement pas perdues <eos>,13,perdues,perdus,11,F,S,perdues,-7.1447134,perdus,-8.8767605,1
5606,P_NOUN_8_PASS_b,F,P,les cloches avec la pochette que j' aime beaucoup ne sont probablement pas réparées <eos>,13,réparées,réparés,11,F,S,réparées,-8.844673,réparés,-12.736106,1
5607,P_NOUN_8_PASS_b,F,P,les cloches avec la pochette que j' aime beaucoup ne sont probablement pas retirées <eos>,13,retirées,retirés,11,F,S,retirées,-7.517991,retirés,-10.615613,1
5608,P_NOUN_8_PASS_b,F,P,les cloches avec la pochette que j' aime beaucoup ne sont probablement pas tombées <eos>,13,tombées,tombés,11,F,S,tombées,-7.5194397,tombés,-8.150885,1
5609,P_NOUN_8_PASS_b,F,P,les cloches avec la pochette que j' aime beaucoup ne sont probablement pas utilisées <eos>,13,utilisées,utilisés,11,F,S,utilisées,-5.819119,utilisés,-7.8459563,1
5610,P_NOUN_8_PASS_b,F,P,les cloches avec la banane que j' aime beaucoup ne sont probablement pas achetées <eos>,13,achetées,achetés,11,F,S,achetées,-9.967858,achetés,-10.406111,1
5611,P_NOUN_8_PASS_b,F,P,les cloches avec la banane que j' aime beaucoup ne sont probablement pas brisées <eos>,13,brisées,brisés,11,F,S,brisées,-9.126308,brisés,-12.598203,1
5612,P_NOUN_8_PASS_b,F,P,les cloches avec la banane que j' aime beaucoup ne sont probablement pas cachées <eos>,13,cachées,cachés,11,F,S,cachées,-8.056336,cachés,-9.835456,1
5613,P_NOUN_8_PASS_b,F,P,les cloches avec la banane que j' aime beaucoup ne sont probablement pas cassées <eos>,13,cassées,cassés,11,F,S,cassées,-8.361105,cassés,-9.893249,1
5614,P_NOUN_8_PASS_b,F,P,les cloches avec la banane que j' aime beaucoup ne sont probablement pas couvertes <eos>,13,couvertes,couverts,11,F,S,couvertes,-7.5300174,couverts,-8.400248,1
5615,P_NOUN_8_PASS_b,F,P,les cloches avec la banane que j' aime beaucoup ne sont probablement pas déformées <eos>,13,déformées,déformés,11,F,S,déformées,-8.902008,déformés,-13.5805235,1
5616,P_NOUN_8_PASS_b,F,P,les cloches avec la banane que j' aime beaucoup ne sont probablement pas fixées <eos>,13,fixées,fixés,11,F,S,fixées,-8.465069,fixés,-9.725589,1
5617,P_NOUN_8_PASS_b,F,P,les cloches avec la banane que j' aime beaucoup ne sont probablement pas jetées <eos>,13,jetées,jetés,11,F,S,jetées,-7.7666254,jetés,-9.981493,1
5618,P_NOUN_8_PASS_b,F,P,les cloches avec la banane que j' aime beaucoup ne sont probablement pas laissées <eos>,13,laissées,laissés,11,F,S,laissées,-8.125458,laissés,-9.915012,1
5619,P_NOUN_8_PASS_b,F,P,les cloches avec la banane que j' aime beaucoup ne sont probablement pas ouvertes <eos>,13,ouvertes,ouverts,11,F,S,ouvertes,-8.0433445,ouverts,-9.998786,1
5620,P_NOUN_8_PASS_b,F,P,les cloches avec la banane que j' aime beaucoup ne sont probablement pas perdues <eos>,13,perdues,perdus,11,F,S,perdues,-7.481828,perdus,-8.914098,1
5621,P_NOUN_8_PASS_b,F,P,les cloches avec la banane que j' aime beaucoup ne sont probablement pas réparées <eos>,13,réparées,réparés,11,F,S,réparées,-8.736948,réparés,-11.534693,1
5622,P_NOUN_8_PASS_b,F,P,les cloches avec la banane que j' aime beaucoup ne sont probablement pas retirées <eos>,13,retirées,retirés,11,F,S,retirées,-7.9869566,retirés,-10.179408,1
5623,P_NOUN_8_PASS_b,F,P,les cloches avec la banane que j' aime beaucoup ne sont probablement pas tombées <eos>,13,tombées,tombés,11,F,S,tombées,-7.03612,tombés,-7.334994,1
5624,P_NOUN_8_PASS_b,F,P,les cloches avec la banane que j' aime beaucoup ne sont probablement pas utilisées <eos>,13,utilisées,utilisés,11,F,S,utilisées,-5.1702075,utilisés,-6.978501,1
5625,P_NOUN_8_PASS_b,F,P,les cloches avec la robe que j' aime beaucoup ne sont probablement pas achetées <eos>,13,achetées,achetés,11,F,S,achetées,-10.6959305,achetés,-11.182129,1
5626,P_NOUN_8_PASS_b,F,P,les cloches avec la robe que j' aime beaucoup ne sont probablement pas brisées <eos>,13,brisées,brisés,11,F,S,brisées,-9.300926,brisés,-12.999747,1
5627,P_NOUN_8_PASS_b,F,P,les cloches avec la robe que j' aime beaucoup ne sont probablement pas cachées <eos>,13,cachées,cachés,11,F,S,cachées,-7.6391306,cachés,-9.820447,1
5628,P_NOUN_8_PASS_b,F,P,les cloches avec la robe que j' aime beaucoup ne sont probablement pas cassées <eos>,13,cassées,cassés,11,F,S,cassées,-8.735355,cassés,-10.749938,1
5629,P_NOUN_8_PASS_b,F,P,les cloches avec la robe que j' aime beaucoup ne sont probablement pas couvertes <eos>,13,couvertes,couverts,11,F,S,couvertes,-7.4560504,couverts,-8.396969,1
5630,P_NOUN_8_PASS_b,F,P,les cloches avec la robe que j' aime beaucoup ne sont probablement pas déformées <eos>,13,déformées,déformés,11,F,S,déformées,-9.011717,déformés,-13.292973,1
5631,P_NOUN_8_PASS_b,F,P,les cloches avec la robe que j' aime beaucoup ne sont probablement pas fixées <eos>,13,fixées,fixés,11,F,S,fixées,-8.39082,fixés,-10.412342,1
5632,P_NOUN_8_PASS_b,F,P,les cloches avec la robe que j' aime beaucoup ne sont probablement pas jetées <eos>,13,jetées,jetés,11,F,S,jetées,-8.864412,jetés,-10.007277,1
5633,P_NOUN_8_PASS_b,F,P,les cloches avec la robe que j' aime beaucoup ne sont probablement pas laissées <eos>,13,laissées,laissés,11,F,S,laissées,-8.691793,laissés,-10.676657,1
5634,P_NOUN_8_PASS_b,F,P,les cloches avec la robe que j' aime beaucoup ne sont probablement pas ouvertes <eos>,13,ouvertes,ouverts,11,F,S,ouvertes,-7.258877,ouverts,-9.837217,1
5635,P_NOUN_8_PASS_b,F,P,les cloches avec la robe que j' aime beaucoup ne sont probablement pas perdues <eos>,13,perdues,perdus,11,F,S,perdues,-7.611412,perdus,-9.495884,1
5636,P_NOUN_8_PASS_b,F,P,les cloches avec la robe que j' aime beaucoup ne sont probablement pas réparées <eos>,13,réparées,réparés,11,F,S,réparées,-8.79468,réparés,-11.916916,1
5637,P_NOUN_8_PASS_b,F,P,les cloches avec la robe que j' aime beaucoup ne sont probablement pas retirées <eos>,13,retirées,retirés,11,F,S,retirées,-7.970022,retirés,-10.5439205,1
5638,P_NOUN_8_PASS_b,F,P,les cloches avec la robe que j' aime beaucoup ne sont probablement pas tombées <eos>,13,tombées,tombés,11,F,S,tombées,-7.329206,tombés,-7.6354003,1
5639,P_NOUN_8_PASS_b,F,P,les cloches avec la robe que j' aime beaucoup ne sont probablement pas utilisées <eos>,13,utilisées,utilisés,11,F,S,utilisées,-5.405096,utilisés,-7.270047,1
5640,P_NOUN_8_PASS_b,F,P,les cloches avec la valise que j' aime beaucoup ne sont probablement pas achetées <eos>,13,achetées,achetés,11,F,S,achetées,-9.096391,achetés,-10.336569,1
5641,P_NOUN_8_PASS_b,F,P,les cloches avec la valise que j' aime beaucoup ne sont probablement pas brisées <eos>,13,brisées,brisés,11,F,S,brisées,-8.685143,brisés,-12.200705,1
5642,P_NOUN_8_PASS_b,F,P,les cloches avec la valise que j' aime beaucoup ne sont probablement pas cachées <eos>,13,cachées,cachés,11,F,S,cachées,-7.237674,cachés,-8.950299,1
5643,P_NOUN_8_PASS_b,F,P,les cloches avec la valise que j' aime beaucoup ne sont probablement pas cassées <eos>,13,cassées,cassés,11,F,S,cassées,-8.530094,cassés,-10.210211,1
5644,P_NOUN_8_PASS_b,F,P,les cloches avec la valise que j' aime beaucoup ne sont probablement pas couvertes <eos>,13,couvertes,couverts,11,F,S,couvertes,-7.6201563,couverts,-8.928594,1
5645,P_NOUN_8_PASS_b,F,P,les cloches avec la valise que j' aime beaucoup ne sont probablement pas déformées <eos>,13,déformées,déformés,11,F,S,déformées,-8.489237,déformés,-13.7528,1
5646,P_NOUN_8_PASS_b,F,P,les cloches avec la valise que j' aime beaucoup ne sont probablement pas fixées <eos>,13,fixées,fixés,11,F,S,fixées,-8.085611,fixés,-10.057409,1
5647,P_NOUN_8_PASS_b,F,P,les cloches avec la valise que j' aime beaucoup ne sont probablement pas jetées <eos>,13,jetées,jetés,11,F,S,jetées,-7.867074,jetés,-8.99462,1
5648,P_NOUN_8_PASS_b,F,P,les cloches avec la valise que j' aime beaucoup ne sont probablement pas laissées <eos>,13,laissées,laissés,11,F,S,laissées,-8.260021,laissés,-9.937696,1
5649,P_NOUN_8_PASS_b,F,P,les cloches avec la valise que j' aime beaucoup ne sont probablement pas ouvertes <eos>,13,ouvertes,ouverts,11,F,S,ouvertes,-7.138241,ouverts,-9.335648,1
5650,P_NOUN_8_PASS_b,F,P,les cloches avec la valise que j' aime beaucoup ne sont probablement pas perdues <eos>,13,perdues,perdus,11,F,S,perdues,-6.786895,perdus,-8.259679,1
5651,P_NOUN_8_PASS_b,F,P,les cloches avec la valise que j' aime beaucoup ne sont probablement pas réparées <eos>,13,réparées,réparés,11,F,S,réparées,-8.032053,réparés,-11.810654,1
5652,P_NOUN_8_PASS_b,F,P,les cloches avec la valise que j' aime beaucoup ne sont probablement pas retirées <eos>,13,retirées,retirés,11,F,S,retirées,-7.4064736,retirés,-9.626667,1
5653,P_NOUN_8_PASS_b,F,P,les cloches avec la valise que j' aime beaucoup ne sont probablement pas tombées <eos>,13,tombées,tombés,11,F,S,tombées,-7.172927,tombés,-7.099782,0
5654,P_NOUN_8_PASS_b,F,P,les cloches avec la valise que j' aime beaucoup ne sont probablement pas utilisées <eos>,13,utilisées,utilisés,11,F,S,utilisées,-5.0316763,utilisés,-6.880953,1
5655,P_NOUN_8_PASS_b,F,P,les cloches avec la pendule que j' aime beaucoup ne sont probablement pas achetées <eos>,13,achetées,achetés,11,F,S,achetées,-10.39671,achetés,-10.8633175,1
5656,P_NOUN_8_PASS_b,F,P,les cloches avec la pendule que j' aime beaucoup ne sont probablement pas brisées <eos>,13,brisées,brisés,11,F,S,brisées,-8.706412,brisés,-12.065323,1
5657,P_NOUN_8_PASS_b,F,P,les cloches avec la pendule que j' aime beaucoup ne sont probablement pas cachées <eos>,13,cachées,cachés,11,F,S,cachées,-7.7053914,cachés,-9.480232,1
5658,P_NOUN_8_PASS_b,F,P,les cloches avec la pendule que j' aime beaucoup ne sont probablement pas cassées <eos>,13,cassées,cassés,11,F,S,cassées,-7.879421,cassés,-10.040766,1
5659,P_NOUN_8_PASS_b,F,P,les cloches avec la pendule que j' aime beaucoup ne sont probablement pas couvertes <eos>,13,couvertes,couverts,11,F,S,couvertes,-7.312061,couverts,-8.572273,1
5660,P_NOUN_8_PASS_b,F,P,les cloches avec la pendule que j' aime beaucoup ne sont probablement pas déformées <eos>,13,déformées,déformés,11,F,S,déformées,-8.104323,déformés,-13.1282425,1
5661,P_NOUN_8_PASS_b,F,P,les cloches avec la pendule que j' aime beaucoup ne sont probablement pas fixées <eos>,13,fixées,fixés,11,F,S,fixées,-7.888776,fixés,-9.830139,1
5662,P_NOUN_8_PASS_b,F,P,les cloches avec la pendule que j' aime beaucoup ne sont probablement pas jetées <eos>,13,jetées,jetés,11,F,S,jetées,-8.136645,jetés,-9.164311,1
5663,P_NOUN_8_PASS_b,F,P,les cloches avec la pendule que j' aime beaucoup ne sont probablement pas laissées <eos>,13,laissées,laissés,11,F,S,laissées,-8.187021,laissés,-10.313052,1
5664,P_NOUN_8_PASS_b,F,P,les cloches avec la pendule que j' aime beaucoup ne sont probablement pas ouvertes <eos>,13,ouvertes,ouverts,11,F,S,ouvertes,-7.233118,ouverts,-9.440441,1
5665,P_NOUN_8_PASS_b,F,P,les cloches avec la pendule que j' aime beaucoup ne sont probablement pas perdues <eos>,13,perdues,perdus,11,F,S,perdues,-6.961978,perdus,-8.454457,1
5666,P_NOUN_8_PASS_b,F,P,les cloches avec la pendule que j' aime beaucoup ne sont probablement pas réparées <eos>,13,réparées,réparés,11,F,S,réparées,-7.819435,réparés,-11.323457,1
5667,P_NOUN_8_PASS_b,F,P,les cloches avec la pendule que j' aime beaucoup ne sont probablement pas retirées <eos>,13,retirées,retirés,11,F,S,retirées,-7.1268625,retirés,-9.808348,1
5668,P_NOUN_8_PASS_b,F,P,les cloches avec la pendule que j' aime beaucoup ne sont probablement pas tombées <eos>,13,tombées,tombés,11,F,S,tombées,-7.09852,tombés,-7.604319,1
5669,P_NOUN_8_PASS_b,F,P,les cloches avec la pendule que j' aime beaucoup ne sont probablement pas utilisées <eos>,13,utilisées,utilisés,11,F,S,utilisées,-4.9799395,utilisés,-6.6802807,1
5670,P_NOUN_8_PASS_b,F,P,les cloches avec la cloche que j' aime beaucoup ne sont probablement pas achetées <eos>,13,achetées,achetés,11,F,S,achetées,-9.845787,achetés,-10.562287,1
5671,P_NOUN_8_PASS_b,F,P,les cloches avec la cloche que j' aime beaucoup ne sont probablement pas brisées <eos>,13,brisées,brisés,11,F,S,brisées,-8.721113,brisés,-12.230645,1
5672,P_NOUN_8_PASS_b,F,P,les cloches avec la cloche que j' aime beaucoup ne sont probablement pas cachées <eos>,13,cachées,cachés,11,F,S,cachées,-7.762695,cachés,-9.534529,1
5673,P_NOUN_8_PASS_b,F,P,les cloches avec la cloche que j' aime beaucoup ne sont probablement pas cassées <eos>,13,cassées,cassés,11,F,S,cassées,-8.701495,cassés,-9.938479,1
5674,P_NOUN_8_PASS_b,F,P,les cloches avec la cloche que j' aime beaucoup ne sont probablement pas couvertes <eos>,13,couvertes,couverts,11,F,S,couvertes,-7.5795765,couverts,-8.633512,1
5675,P_NOUN_8_PASS_b,F,P,les cloches avec la cloche que j' aime beaucoup ne sont probablement pas déformées <eos>,13,déformées,déformés,11,F,S,déformées,-9.112284,déformés,-13.578127,1
5676,P_NOUN_8_PASS_b,F,P,les cloches avec la cloche que j' aime beaucoup ne sont probablement pas fixées <eos>,13,fixées,fixés,11,F,S,fixées,-8.591133,fixés,-10.345947,1
5677,P_NOUN_8_PASS_b,F,P,les cloches avec la cloche que j' aime beaucoup ne sont probablement pas jetées <eos>,13,jetées,jetés,11,F,S,jetées,-8.599602,jetés,-9.571854,1
5678,P_NOUN_8_PASS_b,F,P,les cloches avec la cloche que j' aime beaucoup ne sont probablement pas laissées <eos>,13,laissées,laissés,11,F,S,laissées,-8.402899,laissés,-9.91577,1
5679,P_NOUN_8_PASS_b,F,P,les cloches avec la cloche que j' aime beaucoup ne sont probablement pas ouvertes <eos>,13,ouvertes,ouverts,11,F,S,ouvertes,-7.195025,ouverts,-9.914528,1
5680,P_NOUN_8_PASS_b,F,P,les cloches avec la cloche que j' aime beaucoup ne sont probablement pas perdues <eos>,13,perdues,perdus,11,F,S,perdues,-6.742132,perdus,-8.344667,1
5681,P_NOUN_8_PASS_b,F,P,les cloches avec la cloche que j' aime beaucoup ne sont probablement pas réparées <eos>,13,réparées,réparés,11,F,S,réparées,-8.096391,réparés,-11.094808,1
5682,P_NOUN_8_PASS_b,F,P,les cloches avec la cloche que j' aime beaucoup ne sont probablement pas retirées <eos>,13,retirées,retirés,11,F,S,retirées,-7.30624,retirés,-9.676174,1
5683,P_NOUN_8_PASS_b,F,P,les cloches avec la cloche que j' aime beaucoup ne sont probablement pas tombées <eos>,13,tombées,tombés,11,F,S,tombées,-7.269745,tombés,-7.0609837,0
5684,P_NOUN_8_PASS_b,F,P,les cloches avec la cloche que j' aime beaucoup ne sont probablement pas utilisées <eos>,13,utilisées,utilisés,11,F,S,utilisées,-5.1723394,utilisés,-6.913741,1
5685,P_NOUN_8_PASS_b,F,P,les cloches avec la cerise que j' aime beaucoup ne sont probablement pas achetées <eos>,13,achetées,achetés,11,F,S,achetées,-9.958618,achetés,-10.405193,1
5686,P_NOUN_8_PASS_b,F,P,les cloches avec la cerise que j' aime beaucoup ne sont probablement pas brisées <eos>,13,brisées,brisés,11,F,S,brisées,-9.248037,brisés,-12.657189,1
5687,P_NOUN_8_PASS_b,F,P,les cloches avec la cerise que j' aime beaucoup ne sont probablement pas cachées <eos>,13,cachées,cachés,11,F,S,cachées,-7.795249,cachés,-9.880774,1
5688,P_NOUN_8_PASS_b,F,P,les cloches avec la cerise que j' aime beaucoup ne sont probablement pas cassées <eos>,13,cassées,cassés,11,F,S,cassées,-8.400559,cassés,-9.959583,1
5689,P_NOUN_8_PASS_b,F,P,les cloches avec la cerise que j' aime beaucoup ne sont probablement pas couvertes <eos>,13,couvertes,couverts,11,F,S,couvertes,-7.5107455,couverts,-8.119627,1
5690,P_NOUN_8_PASS_b,F,P,les cloches avec la cerise que j' aime beaucoup ne sont probablement pas déformées <eos>,13,déformées,déformés,11,F,S,déformées,-9.1059475,déformés,-13.707178,1
5691,P_NOUN_8_PASS_b,F,P,les cloches avec la cerise que j' aime beaucoup ne sont probablement pas fixées <eos>,13,fixées,fixés,11,F,S,fixées,-8.740691,fixés,-10.146231,1
5692,P_NOUN_8_PASS_b,F,P,les cloches avec la cerise que j' aime beaucoup ne sont probablement pas jetées <eos>,13,jetées,jetés,11,F,S,jetées,-8.864284,jetés,-10.031558,1
5693,P_NOUN_8_PASS_b,F,P,les cloches avec la cerise que j' aime beaucoup ne sont probablement pas laissées <eos>,13,laissées,laissés,11,F,S,laissées,-8.335389,laissés,-10.176685,1
5694,P_NOUN_8_PASS_b,F,P,les cloches avec la cerise que j' aime beaucoup ne sont probablement pas ouvertes <eos>,13,ouvertes,ouverts,11,F,S,ouvertes,-7.658618,ouverts,-9.624708,1
5695,P_NOUN_8_PASS_b,F,P,les cloches avec la cerise que j' aime beaucoup ne sont probablement pas perdues <eos>,13,perdues,perdus,11,F,S,perdues,-7.402624,perdus,-9.214514,1
5696,P_NOUN_8_PASS_b,F,P,les cloches avec la cerise que j' aime beaucoup ne sont probablement pas réparées <eos>,13,réparées,réparés,11,F,S,réparées,-8.822926,réparés,-11.850696,1
5697,P_NOUN_8_PASS_b,F,P,les cloches avec la cerise que j' aime beaucoup ne sont probablement pas retirées <eos>,13,retirées,retirés,11,F,S,retirées,-7.919327,retirés,-10.310027,1
5698,P_NOUN_8_PASS_b,F,P,les cloches avec la cerise que j' aime beaucoup ne sont probablement pas tombées <eos>,13,tombées,tombés,11,F,S,tombées,-7.1909018,tombés,-7.635872,1
5699,P_NOUN_8_PASS_b,F,P,les cloches avec la cerise que j' aime beaucoup ne sont probablement pas utilisées <eos>,13,utilisées,utilisés,11,F,S,utilisées,-5.438254,utilisés,-7.2380643,1
5700,P_NOUN_8_PASS_b,F,P,les cerises avec la gemme que j' aime beaucoup ne sont probablement pas achetées <eos>,13,achetées,achetés,11,F,S,achetées,-10.444736,achetés,-10.1123085,0
5701,P_NOUN_8_PASS_b,F,P,les cerises avec la gemme que j' aime beaucoup ne sont probablement pas brisées <eos>,13,brisées,brisés,11,F,S,brisées,-9.776335,brisés,-12.728951,1
5702,P_NOUN_8_PASS_b,F,P,les cerises avec la gemme que j' aime beaucoup ne sont probablement pas cachées <eos>,13,cachées,cachés,11,F,S,cachées,-7.8354993,cachés,-9.667489,1
5703,P_NOUN_8_PASS_b,F,P,les cerises avec la gemme que j' aime beaucoup ne sont probablement pas cassées <eos>,13,cassées,cassés,11,F,S,cassées,-8.336068,cassés,-10.072133,1
5704,P_NOUN_8_PASS_b,F,P,les cerises avec la gemme que j' aime beaucoup ne sont probablement pas couvertes <eos>,13,couvertes,couverts,11,F,S,couvertes,-7.284998,couverts,-7.8111105,1
5705,P_NOUN_8_PASS_b,F,P,les cerises avec la gemme que j' aime beaucoup ne sont probablement pas déformées <eos>,13,déformées,déformés,11,F,S,déformées,-8.607418,déformés,-13.290947,1
5706,P_NOUN_8_PASS_b,F,P,les cerises avec la gemme que j' aime beaucoup ne sont probablement pas fixées <eos>,13,fixées,fixés,11,F,S,fixées,-8.6556835,fixés,-9.761049,1
5707,P_NOUN_8_PASS_b,F,P,les cerises avec la gemme que j' aime beaucoup ne sont probablement pas jetées <eos>,13,jetées,jetés,11,F,S,jetées,-9.171766,jetés,-9.998254,1
5708,P_NOUN_8_PASS_b,F,P,les cerises avec la gemme que j' aime beaucoup ne sont probablement pas laissées <eos>,13,laissées,laissés,11,F,S,laissées,-7.695548,laissés,-9.911955,1
5709,P_NOUN_8_PASS_b,F,P,les cerises avec la gemme que j' aime beaucoup ne sont probablement pas ouvertes <eos>,13,ouvertes,ouverts,11,F,S,ouvertes,-7.727894,ouverts,-9.201351,1
5710,P_NOUN_8_PASS_b,F,P,les cerises avec la gemme que j' aime beaucoup ne sont probablement pas perdues <eos>,13,perdues,perdus,11,F,S,perdues,-7.907322,perdus,-9.20892,1
5711,P_NOUN_8_PASS_b,F,P,les cerises avec la gemme que j' aime beaucoup ne sont probablement pas réparées <eos>,13,réparées,réparés,11,F,S,réparées,-9.401475,réparés,-12.072548,1
5712,P_NOUN_8_PASS_b,F,P,les cerises avec la gemme que j' aime beaucoup ne sont probablement pas retirées <eos>,13,retirées,retirés,11,F,S,retirées,-8.521229,retirés,-10.430294,1
5713,P_NOUN_8_PASS_b,F,P,les cerises avec la gemme que j' aime beaucoup ne sont probablement pas tombées <eos>,13,tombées,tombés,11,F,S,tombées,-7.5019617,tombés,-8.095993,1
5714,P_NOUN_8_PASS_b,F,P,les cerises avec la gemme que j' aime beaucoup ne sont probablement pas utilisées <eos>,13,utilisées,utilisés,11,F,S,utilisées,-5.3460827,utilisés,-6.942255,1
5715,P_NOUN_8_PASS_b,F,P,les cerises avec la chaise que j' aime beaucoup ne sont probablement pas achetées <eos>,13,achetées,achetés,11,F,S,achetées,-10.074385,achetés,-10.096236,1
5716,P_NOUN_8_PASS_b,F,P,les cerises avec la chaise que j' aime beaucoup ne sont probablement pas brisées <eos>,13,brisées,brisés,11,F,S,brisées,-9.4553795,brisés,-12.527414,1
5717,P_NOUN_8_PASS_b,F,P,les cerises avec la chaise que j' aime beaucoup ne sont probablement pas cachées <eos>,13,cachées,cachés,11,F,S,cachées,-7.8428507,cachés,-9.98753,1
5718,P_NOUN_8_PASS_b,F,P,les cerises avec la chaise que j' aime beaucoup ne sont probablement pas cassées <eos>,13,cassées,cassés,11,F,S,cassées,-8.034666,cassés,-9.94308,1
5719,P_NOUN_8_PASS_b,F,P,les cerises avec la chaise que j' aime beaucoup ne sont probablement pas couvertes <eos>,13,couvertes,couverts,11,F,S,couvertes,-7.468069,couverts,-8.0888195,1
5720,P_NOUN_8_PASS_b,F,P,les cerises avec la chaise que j' aime beaucoup ne sont probablement pas déformées <eos>,13,déformées,déformés,11,F,S,déformées,-8.466279,déformés,-13.230732,1
5721,P_NOUN_8_PASS_b,F,P,les cerises avec la chaise que j' aime beaucoup ne sont probablement pas fixées <eos>,13,fixées,fixés,11,F,S,fixées,-8.126706,fixés,-9.530571,1
5722,P_NOUN_8_PASS_b,F,P,les cerises avec la chaise que j' aime beaucoup ne sont probablement pas jetées <eos>,13,jetées,jetés,11,F,S,jetées,-9.177638,jetés,-10.038622,1
5723,P_NOUN_8_PASS_b,F,P,les cerises avec la chaise que j' aime beaucoup ne sont probablement pas laissées <eos>,13,laissées,laissés,11,F,S,laissées,-7.557141,laissés,-10.048481,1
5724,P_NOUN_8_PASS_b,F,P,les cerises avec la chaise que j' aime beaucoup ne sont probablement pas ouvertes <eos>,13,ouvertes,ouverts,11,F,S,ouvertes,-7.702712,ouverts,-9.290008,1
5725,P_NOUN_8_PASS_b,F,P,les cerises avec la chaise que j' aime beaucoup ne sont probablement pas perdues <eos>,13,perdues,perdus,11,F,S,perdues,-7.869257,perdus,-9.20924,1
5726,P_NOUN_8_PASS_b,F,P,les cerises avec la chaise que j' aime beaucoup ne sont probablement pas réparées <eos>,13,réparées,réparés,11,F,S,réparées,-9.275553,réparés,-12.598952,1
5727,P_NOUN_8_PASS_b,F,P,les cerises avec la chaise que j' aime beaucoup ne sont probablement pas retirées <eos>,13,retirées,retirés,11,F,S,retirées,-8.430674,retirés,-10.473646,1
5728,P_NOUN_8_PASS_b,F,P,les cerises avec la chaise que j' aime beaucoup ne sont probablement pas tombées <eos>,13,tombées,tombés,11,F,S,tombées,-7.959833,tombés,-8.629425,1
5729,P_NOUN_8_PASS_b,F,P,les cerises avec la chaise que j' aime beaucoup ne sont probablement pas utilisées <eos>,13,utilisées,utilisés,11,F,S,utilisées,-5.3437796,utilisés,-6.9688883,1
5730,P_NOUN_8_PASS_b,F,P,les cerises avec la poubelle que j' aime beaucoup ne sont probablement pas achetées <eos>,13,achetées,achetés,11,F,S,achetées,-10.396723,achetés,-9.777498,0
5731,P_NOUN_8_PASS_b,F,P,les cerises avec la poubelle que j' aime beaucoup ne sont probablement pas brisées <eos>,13,brisées,brisés,11,F,S,brisées,-9.660109,brisés,-12.766801,1
5732,P_NOUN_8_PASS_b,F,P,les cerises avec la poubelle que j' aime beaucoup ne sont probablement pas cachées <eos>,13,cachées,cachés,11,F,S,cachées,-7.611351,cachés,-9.189821,1
5733,P_NOUN_8_PASS_b,F,P,les cerises avec la poubelle que j' aime beaucoup ne sont probablement pas cassées <eos>,13,cassées,cassés,11,F,S,cassées,-8.277992,cassés,-10.0434,1
5734,P_NOUN_8_PASS_b,F,P,les cerises avec la poubelle que j' aime beaucoup ne sont probablement pas couvertes <eos>,13,couvertes,couverts,11,F,S,couvertes,-7.3478613,couverts,-8.121731,1
5735,P_NOUN_8_PASS_b,F,P,les cerises avec la poubelle que j' aime beaucoup ne sont probablement pas déformées <eos>,13,déformées,déformés,11,F,S,déformées,-8.550365,déformés,-13.414299,1
5736,P_NOUN_8_PASS_b,F,P,les cerises avec la poubelle que j' aime beaucoup ne sont probablement pas fixées <eos>,13,fixées,fixés,11,F,S,fixées,-8.539404,fixés,-9.834931,1
5737,P_NOUN_8_PASS_b,F,P,les cerises avec la poubelle que j' aime beaucoup ne sont probablement pas jetées <eos>,13,jetées,jetés,11,F,S,jetées,-8.964638,jetés,-9.744191,1
5738,P_NOUN_8_PASS_b,F,P,les cerises avec la poubelle que j' aime beaucoup ne sont probablement pas laissées <eos>,13,laissées,laissés,11,F,S,laissées,-7.6590204,laissés,-9.8386,1
5739,P_NOUN_8_PASS_b,F,P,les cerises avec la poubelle que j' aime beaucoup ne sont probablement pas ouvertes <eos>,13,ouvertes,ouverts,11,F,S,ouvertes,-7.5730066,ouverts,-9.140693,1
5740,P_NOUN_8_PASS_b,F,P,les cerises avec la poubelle que j' aime beaucoup ne sont probablement pas perdues <eos>,13,perdues,perdus,11,F,S,perdues,-7.9265146,perdus,-9.1958065,1
5741,P_NOUN_8_PASS_b,F,P,les cerises avec la poubelle que j' aime beaucoup ne sont probablement pas réparées <eos>,13,réparées,réparés,11,F,S,réparées,-9.276233,réparés,-12.29028,1
5742,P_NOUN_8_PASS_b,F,P,les cerises avec la poubelle que j' aime beaucoup ne sont probablement pas retirées <eos>,13,retirées,retirés,11,F,S,retirées,-8.343532,retirés,-10.248524,1
5743,P_NOUN_8_PASS_b,F,P,les cerises avec la poubelle que j' aime beaucoup ne sont probablement pas tombées <eos>,13,tombées,tombés,11,F,S,tombées,-7.6973147,tombés,-8.214963,1
5744,P_NOUN_8_PASS_b,F,P,les cerises avec la poubelle que j' aime beaucoup ne sont probablement pas utilisées <eos>,13,utilisées,utilisés,11,F,S,utilisées,-5.1491137,utilisés,-6.6651373,1
5745,P_NOUN_8_PASS_b,F,P,les cerises avec la chemise que j' aime beaucoup ne sont probablement pas achetées <eos>,13,achetées,achetés,11,F,S,achetées,-10.226507,achetés,-10.362385,1
5746,P_NOUN_8_PASS_b,F,P,les cerises avec la chemise que j' aime beaucoup ne sont probablement pas brisées <eos>,13,brisées,brisés,11,F,S,brisées,-9.709063,brisés,-12.803746,1
5747,P_NOUN_8_PASS_b,F,P,les cerises avec la chemise que j' aime beaucoup ne sont probablement pas cachées <eos>,13,cachées,cachés,11,F,S,cachées,-7.789203,cachés,-9.734337,1
5748,P_NOUN_8_PASS_b,F,P,les cerises avec la chemise que j' aime beaucoup ne sont probablement pas cassées <eos>,13,cassées,cassés,11,F,S,cassées,-8.017247,cassés,-10.172005,1
5749,P_NOUN_8_PASS_b,F,P,les cerises avec la chemise que j' aime beaucoup ne sont probablement pas couvertes <eos>,13,couvertes,couverts,11,F,S,couvertes,-7.1782017,couverts,-8.113006,1
5750,P_NOUN_8_PASS_b,F,P,les cerises avec la chemise que j' aime beaucoup ne sont probablement pas déformées <eos>,13,déformées,déformés,11,F,S,déformées,-8.68835,déformés,-13.569332,1
5751,P_NOUN_8_PASS_b,F,P,les cerises avec la chemise que j' aime beaucoup ne sont probablement pas fixées <eos>,13,fixées,fixés,11,F,S,fixées,-8.440862,fixés,-9.807229,1
5752,P_NOUN_8_PASS_b,F,P,les cerises avec la chemise que j' aime beaucoup ne sont probablement pas jetées <eos>,13,jetées,jetés,11,F,S,jetées,-9.025018,jetés,-10.126237,1
5753,P_NOUN_8_PASS_b,F,P,les cerises avec la chemise que j' aime beaucoup ne sont probablement pas laissées <eos>,13,laissées,laissés,11,F,S,laissées,-8.023535,laissés,-10.176719,1
5754,P_NOUN_8_PASS_b,F,P,les cerises avec la chemise que j' aime beaucoup ne sont probablement pas ouvertes <eos>,13,ouvertes,ouverts,11,F,S,ouvertes,-7.5334754,ouverts,-9.071716,1
5755,P_NOUN_8_PASS_b,F,P,les cerises avec la chemise que j' aime beaucoup ne sont probablement pas perdues <eos>,13,perdues,perdus,11,F,S,perdues,-8.226841,perdus,-9.4839115,1
5756,P_NOUN_8_PASS_b,F,P,les cerises avec la chemise que j' aime beaucoup ne sont probablement pas réparées <eos>,13,réparées,réparés,11,F,S,réparées,-9.687925,réparés,-12.495035,1
5757,P_NOUN_8_PASS_b,F,P,les cerises avec la chemise que j' aime beaucoup ne sont probablement pas retirées <eos>,13,retirées,retirés,11,F,S,retirées,-8.641407,retirés,-10.331515,1
5758,P_NOUN_8_PASS_b,F,P,les cerises avec la chemise que j' aime beaucoup ne sont probablement pas tombées <eos>,13,tombées,tombés,11,F,S,tombées,-7.9189844,tombés,-7.7699223,0
5759,P_NOUN_8_PASS_b,F,P,les cerises avec la chemise que j' aime beaucoup ne sont probablement pas utilisées <eos>,13,utilisées,utilisés,11,F,S,utilisées,-5.088395,utilisés,-6.7151346,1
5760,P_NOUN_8_PASS_b,F,P,les cerises avec la recette que j' aime beaucoup ne sont probablement pas achetées <eos>,13,achetées,achetés,11,F,S,achetées,-10.188805,achetés,-9.858175,0
5761,P_NOUN_8_PASS_b,F,P,les cerises avec la recette que j' aime beaucoup ne sont probablement pas brisées <eos>,13,brisées,brisés,11,F,S,brisées,-10.314242,brisés,-13.539277,1
5762,P_NOUN_8_PASS_b,F,P,les cerises avec la recette que j' aime beaucoup ne sont probablement pas cachées <eos>,13,cachées,cachés,11,F,S,cachées,-8.51321,cachés,-10.191147,1
5763,P_NOUN_8_PASS_b,F,P,les cerises avec la recette que j' aime beaucoup ne sont probablement pas cassées <eos>,13,cassées,cassés,11,F,S,cassées,-8.953172,cassés,-10.363173,1
5764,P_NOUN_8_PASS_b,F,P,les cerises avec la recette que j' aime beaucoup ne sont probablement pas couvertes <eos>,13,couvertes,couverts,11,F,S,couvertes,-7.580312,couverts,-7.9905376,1
5765,P_NOUN_8_PASS_b,F,P,les cerises avec la recette que j' aime beaucoup ne sont probablement pas déformées <eos>,13,déformées,déformés,11,F,S,déformées,-9.209778,déformés,-13.911092,1
5766,P_NOUN_8_PASS_b,F,P,les cerises avec la recette que j' aime beaucoup ne sont probablement pas fixées <eos>,13,fixées,fixés,11,F,S,fixées,-8.847343,fixés,-10.065916,1
5767,P_NOUN_8_PASS_b,F,P,les cerises avec la recette que j' aime beaucoup ne sont probablement pas jetées <eos>,13,jetées,jetés,11,F,S,jetées,-9.868532,jetés,-11.078022,1
5768,P_NOUN_8_PASS_b,F,P,les cerises avec la recette que j' aime beaucoup ne sont probablement pas laissées <eos>,13,laissées,laissés,11,F,S,laissées,-7.740382,laissés,-10.511468,1
5769,P_NOUN_8_PASS_b,F,P,les cerises avec la recette que j' aime beaucoup ne sont probablement pas ouvertes <eos>,13,ouvertes,ouverts,11,F,S,ouvertes,-7.6560535,ouverts,-9.20181,1
5770,P_NOUN_8_PASS_b,F,P,les cerises avec la recette que j' aime beaucoup ne sont probablement pas perdues <eos>,13,perdues,perdus,11,F,S,perdues,-8.010127,perdus,-9.512804,1
5771,P_NOUN_8_PASS_b,F,P,les cerises avec la recette que j' aime beaucoup ne sont probablement pas réparées <eos>,13,réparées,réparés,11,F,S,réparées,-9.404911,réparés,-12.440854,1
5772,P_NOUN_8_PASS_b,F,P,les cerises avec la recette que j' aime beaucoup ne sont probablement pas retirées <eos>,13,retirées,retirés,11,F,S,retirées,-8.915574,retirés,-10.47506,1
5773,P_NOUN_8_PASS_b,F,P,les cerises avec la recette que j' aime beaucoup ne sont probablement pas tombées <eos>,13,tombées,tombés,11,F,S,tombées,-8.132484,tombés,-8.744664,1
5774,P_NOUN_8_PASS_b,F,P,les cerises avec la recette que j' aime beaucoup ne sont probablement pas utilisées <eos>,13,utilisées,utilisés,11,F,S,utilisées,-5.3591385,utilisés,-7.0711126,1
5775,P_NOUN_8_PASS_b,F,P,les cerises avec la jupe que j' aime beaucoup ne sont probablement pas achetées <eos>,13,achetées,achetés,11,F,S,achetées,-10.344467,achetés,-10.366785,1
5776,P_NOUN_8_PASS_b,F,P,les cerises avec la jupe que j' aime beaucoup ne sont probablement pas brisées <eos>,13,brisées,brisés,11,F,S,brisées,-9.848693,brisés,-12.959819,1
5777,P_NOUN_8_PASS_b,F,P,les cerises avec la jupe que j' aime beaucoup ne sont probablement pas cachées <eos>,13,cachées,cachés,11,F,S,cachées,-8.002463,cachés,-10.105158,1
5778,P_NOUN_8_PASS_b,F,P,les cerises avec la jupe que j' aime beaucoup ne sont probablement pas cassées <eos>,13,cassées,cassés,11,F,S,cassées,-8.096291,cassés,-10.149143,1
5779,P_NOUN_8_PASS_b,F,P,les cerises avec la jupe que j' aime beaucoup ne sont probablement pas couvertes <eos>,13,couvertes,couverts,11,F,S,couvertes,-7.1878986,couverts,-8.0535,1
5780,P_NOUN_8_PASS_b,F,P,les cerises avec la jupe que j' aime beaucoup ne sont probablement pas déformées <eos>,13,déformées,déformés,11,F,S,déformées,-8.189699,déformés,-13.326919,1
5781,P_NOUN_8_PASS_b,F,P,les cerises avec la jupe que j' aime beaucoup ne sont probablement pas fixées <eos>,13,fixées,fixés,11,F,S,fixées,-8.288403,fixés,-9.90333,1
5782,P_NOUN_8_PASS_b,F,P,les cerises avec la jupe que j' aime beaucoup ne sont probablement pas jetées <eos>,13,jetées,jetés,11,F,S,jetées,-9.345449,jetés,-10.428331,1
5783,P_NOUN_8_PASS_b,F,P,les cerises avec la jupe que j' aime beaucoup ne sont probablement pas laissées <eos>,13,laissées,laissés,11,F,S,laissées,-7.840155,laissés,-10.485872,1
5784,P_NOUN_8_PASS_b,F,P,les cerises avec la jupe que j' aime beaucoup ne sont probablement pas ouvertes <eos>,13,ouvertes,ouverts,11,F,S,ouvertes,-7.432956,ouverts,-8.977112,1
5785,P_NOUN_8_PASS_b,F,P,les cerises avec la jupe que j' aime beaucoup ne sont probablement pas perdues <eos>,13,perdues,perdus,11,F,S,perdues,-8.245177,perdus,-9.848435,1
5786,P_NOUN_8_PASS_b,F,P,les cerises avec la jupe que j' aime beaucoup ne sont probablement pas réparées <eos>,13,réparées,réparés,11,F,S,réparées,-9.438467,réparés,-12.793002,1
5787,P_NOUN_8_PASS_b,F,P,les cerises avec la jupe que j' aime beaucoup ne sont probablement pas retirées <eos>,13,retirées,retirés,11,F,S,retirées,-8.589881,retirés,-10.667154,1
5788,P_NOUN_8_PASS_b,F,P,les cerises avec la jupe que j' aime beaucoup ne sont probablement pas tombées <eos>,13,tombées,tombés,11,F,S,tombées,-7.8825684,tombés,-8.577898,1
5789,P_NOUN_8_PASS_b,F,P,les cerises avec la jupe que j' aime beaucoup ne sont probablement pas utilisées <eos>,13,utilisées,utilisés,11,F,S,utilisées,-5.1174793,utilisés,-6.9636917,1
5790,P_NOUN_8_PASS_b,F,P,les cerises avec la colle que j' aime beaucoup ne sont probablement pas achetées <eos>,13,achetées,achetés,11,F,S,achetées,-10.249273,achetés,-9.743273,0
5791,P_NOUN_8_PASS_b,F,P,les cerises avec la colle que j' aime beaucoup ne sont probablement pas brisées <eos>,13,brisées,brisés,11,F,S,brisées,-9.70627,brisés,-12.848629,1
5792,P_NOUN_8_PASS_b,F,P,les cerises avec la colle que j' aime beaucoup ne sont probablement pas cachées <eos>,13,cachées,cachés,11,F,S,cachées,-8.108297,cachés,-9.544298,1
5793,P_NOUN_8_PASS_b,F,P,les cerises avec la colle que j' aime beaucoup ne sont probablement pas cassées <eos>,13,cassées,cassés,11,F,S,cassées,-8.103454,cassés,-9.850442,1
5794,P_NOUN_8_PASS_b,F,P,les cerises avec la colle que j' aime beaucoup ne sont probablement pas couvertes <eos>,13,couvertes,couverts,11,F,S,couvertes,-7.261991,couverts,-8.012361,1
5795,P_NOUN_8_PASS_b,F,P,les cerises avec la colle que j' aime beaucoup ne sont probablement pas déformées <eos>,13,déformées,déformés,11,F,S,déformées,-8.390785,déformés,-13.684681,1
5796,P_NOUN_8_PASS_b,F,P,les cerises avec la colle que j' aime beaucoup ne sont probablement pas fixées <eos>,13,fixées,fixés,11,F,S,fixées,-8.446069,fixés,-9.892686,1
5797,P_NOUN_8_PASS_b,F,P,les cerises avec la colle que j' aime beaucoup ne sont probablement pas jetées <eos>,13,jetées,jetés,11,F,S,jetées,-9.11928,jetés,-9.881902,1
5798,P_NOUN_8_PASS_b,F,P,les cerises avec la colle que j' aime beaucoup ne sont probablement pas laissées <eos>,13,laissées,laissés,11,F,S,laissées,-7.6296654,laissés,-10.166023,1
5799,P_NOUN_8_PASS_b,F,P,les cerises avec la colle que j' aime beaucoup ne sont probablement pas ouvertes <eos>,13,ouvertes,ouverts,11,F,S,ouvertes,-7.8397284,ouverts,-9.341311,1
5800,P_NOUN_8_PASS_b,F,P,les cerises avec la colle que j' aime beaucoup ne sont probablement pas perdues <eos>,13,perdues,perdus,11,F,S,perdues,-7.806576,perdus,-9.302745,1
5801,P_NOUN_8_PASS_b,F,P,les cerises avec la colle que j' aime beaucoup ne sont probablement pas réparées <eos>,13,réparées,réparés,11,F,S,réparées,-9.320589,réparés,-12.421866,1
5802,P_NOUN_8_PASS_b,F,P,les cerises avec la colle que j' aime beaucoup ne sont probablement pas retirées <eos>,13,retirées,retirés,11,F,S,retirées,-8.367742,retirés,-10.147754,1
5803,P_NOUN_8_PASS_b,F,P,les cerises avec la colle que j' aime beaucoup ne sont probablement pas tombées <eos>,13,tombées,tombés,11,F,S,tombées,-7.7094493,tombés,-8.537164,1
5804,P_NOUN_8_PASS_b,F,P,les cerises avec la colle que j' aime beaucoup ne sont probablement pas utilisées <eos>,13,utilisées,utilisés,11,F,S,utilisées,-4.868978,utilisés,-6.582314,1
5805,P_NOUN_8_PASS_b,F,P,les cerises avec la lampe que j' aime beaucoup ne sont probablement pas achetées <eos>,13,achetées,achetés,11,F,S,achetées,-10.167292,achetés,-10.130304,0
5806,P_NOUN_8_PASS_b,F,P,les cerises avec la lampe que j' aime beaucoup ne sont probablement pas brisées <eos>,13,brisées,brisés,11,F,S,brisées,-9.1171875,brisés,-12.593808,1
5807,P_NOUN_8_PASS_b,F,P,les cerises avec la lampe que j' aime beaucoup ne sont probablement pas cachées <eos>,13,cachées,cachés,11,F,S,cachées,-7.735771,cachés,-9.418258,1
5808,P_NOUN_8_PASS_b,F,P,les cerises avec la lampe que j' aime beaucoup ne sont probablement pas cassées <eos>,13,cassées,cassés,11,F,S,cassées,-7.936882,cassés,-10.147664,1
5809,P_NOUN_8_PASS_b,F,P,les cerises avec la lampe que j' aime beaucoup ne sont probablement pas couvertes <eos>,13,couvertes,couverts,11,F,S,couvertes,-7.5588737,couverts,-8.564087,1
5810,P_NOUN_8_PASS_b,F,P,les cerises avec la lampe que j' aime beaucoup ne sont probablement pas déformées <eos>,13,déformées,déformés,11,F,S,déformées,-7.8402452,déformés,-13.016369,1
5811,P_NOUN_8_PASS_b,F,P,les cerises avec la lampe que j' aime beaucoup ne sont probablement pas fixées <eos>,13,fixées,fixés,11,F,S,fixées,-7.9749203,fixés,-9.748038,1
5812,P_NOUN_8_PASS_b,F,P,les cerises avec la lampe que j' aime beaucoup ne sont probablement pas jetées <eos>,13,jetées,jetés,11,F,S,jetées,-8.316859,jetés,-9.349142,1
5813,P_NOUN_8_PASS_b,F,P,les cerises avec la lampe que j' aime beaucoup ne sont probablement pas laissées <eos>,13,laissées,laissés,11,F,S,laissées,-7.5796804,laissés,-10.260878,1
5814,P_NOUN_8_PASS_b,F,P,les cerises avec la lampe que j' aime beaucoup ne sont probablement pas ouvertes <eos>,13,ouvertes,ouverts,11,F,S,ouvertes,-7.625191,ouverts,-9.540395,1
5815,P_NOUN_8_PASS_b,F,P,les cerises avec la lampe que j' aime beaucoup ne sont probablement pas perdues <eos>,13,perdues,perdus,11,F,S,perdues,-7.439981,perdus,-9.002646,1
5816,P_NOUN_8_PASS_b,F,P,les cerises avec la lampe que j' aime beaucoup ne sont probablement pas réparées <eos>,13,réparées,réparés,11,F,S,réparées,-8.89304,réparés,-12.345578,1
5817,P_NOUN_8_PASS_b,F,P,les cerises avec la lampe que j' aime beaucoup ne sont probablement pas retirées <eos>,13,retirées,retirés,11,F,S,retirées,-7.889677,retirés,-10.12572,1
5818,P_NOUN_8_PASS_b,F,P,les cerises avec la lampe que j' aime beaucoup ne sont probablement pas tombées <eos>,13,tombées,tombés,11,F,S,tombées,-7.482703,tombés,-8.678753,1
5819,P_NOUN_8_PASS_b,F,P,les cerises avec la lampe que j' aime beaucoup ne sont probablement pas utilisées <eos>,13,utilisées,utilisés,11,F,S,utilisées,-4.826523,utilisés,-6.6777325,1
5820,P_NOUN_8_PASS_b,F,P,les cerises avec la bouteille que j' aime beaucoup ne sont probablement pas achetées <eos>,13,achetées,achetés,11,F,S,achetées,-9.573676,achetés,-9.627199,1
5821,P_NOUN_8_PASS_b,F,P,les cerises avec la bouteille que j' aime beaucoup ne sont probablement pas brisées <eos>,13,brisées,brisés,11,F,S,brisées,-9.816056,brisés,-12.995886,1
5822,P_NOUN_8_PASS_b,F,P,les cerises avec la bouteille que j' aime beaucoup ne sont probablement pas cachées <eos>,13,cachées,cachés,11,F,S,cachées,-8.199464,cachés,-9.71374,1
5823,P_NOUN_8_PASS_b,F,P,les cerises avec la bouteille que j' aime beaucoup ne sont probablement pas cassées <eos>,13,cassées,cassés,11,F,S,cassées,-8.301846,cassés,-10.051213,1
5824,P_NOUN_8_PASS_b,F,P,les cerises avec la bouteille que j' aime beaucoup ne sont probablement pas couvertes <eos>,13,couvertes,couverts,11,F,S,couvertes,-7.338727,couverts,-8.085963,1
5825,P_NOUN_8_PASS_b,F,P,les cerises avec la bouteille que j' aime beaucoup ne sont probablement pas déformées <eos>,13,déformées,déformés,11,F,S,déformées,-8.531125,déformés,-13.58632,1
5826,P_NOUN_8_PASS_b,F,P,les cerises avec la bouteille que j' aime beaucoup ne sont probablement pas fixées <eos>,13,fixées,fixés,11,F,S,fixées,-8.804089,fixés,-9.83759,1
5827,P_NOUN_8_PASS_b,F,P,les cerises avec la bouteille que j' aime beaucoup ne sont probablement pas jetées <eos>,13,jetées,jetés,11,F,S,jetées,-9.534447,jetés,-10.216751,1
5828,P_NOUN_8_PASS_b,F,P,les cerises avec la bouteille que j' aime beaucoup ne sont probablement pas laissées <eos>,13,laissées,laissés,11,F,S,laissées,-7.243684,laissés,-10.208577,1
5829,P_NOUN_8_PASS_b,F,P,les cerises avec la bouteille que j' aime beaucoup ne sont probablement pas ouvertes <eos>,13,ouvertes,ouverts,11,F,S,ouvertes,-7.521565,ouverts,-9.008427,1
5830,P_NOUN_8_PASS_b,F,P,les cerises avec la bouteille que j' aime beaucoup ne sont probablement pas perdues <eos>,13,perdues,perdus,11,F,S,perdues,-7.76276,perdus,-9.106152,1
5831,P_NOUN_8_PASS_b,F,P,les cerises avec la bouteille que j' aime beaucoup ne sont probablement pas réparées <eos>,13,réparées,réparés,11,F,S,réparées,-8.972552,réparés,-12.244858,1
5832,P_NOUN_8_PASS_b,F,P,les cerises avec la bouteille que j' aime beaucoup ne sont probablement pas retirées <eos>,13,retirées,retirés,11,F,S,retirées,-8.319838,retirés,-10.373555,1
5833,P_NOUN_8_PASS_b,F,P,les cerises avec la bouteille que j' aime beaucoup ne sont probablement pas tombées <eos>,13,tombées,tombés,11,F,S,tombées,-7.926154,tombés,-8.85247,1
5834,P_NOUN_8_PASS_b,F,P,les cerises avec la bouteille que j' aime beaucoup ne sont probablement pas utilisées <eos>,13,utilisées,utilisés,11,F,S,utilisées,-5.2155304,utilisés,-6.9715366,1
5835,P_NOUN_8_PASS_b,F,P,les cerises avec la boisson que j' aime beaucoup ne sont probablement pas achetées <eos>,13,achetées,achetés,11,F,S,achetées,-10.246388,achetés,-9.8041935,0
5836,P_NOUN_8_PASS_b,F,P,les cerises avec la boisson que j' aime beaucoup ne sont probablement pas brisées <eos>,13,brisées,brisés,11,F,S,brisées,-10.200405,brisés,-13.513046,1
5837,P_NOUN_8_PASS_b,F,P,les cerises avec la boisson que j' aime beaucoup ne sont probablement pas cachées <eos>,13,cachées,cachés,11,F,S,cachées,-8.245962,cachés,-9.844603,1
5838,P_NOUN_8_PASS_b,F,P,les cerises avec la boisson que j' aime beaucoup ne sont probablement pas cassées <eos>,13,cassées,cassés,11,F,S,cassées,-9.010968,cassés,-10.374205,1
5839,P_NOUN_8_PASS_b,F,P,les cerises avec la boisson que j' aime beaucoup ne sont probablement pas couvertes <eos>,13,couvertes,couverts,11,F,S,couvertes,-7.862194,couverts,-8.110884,1
5840,P_NOUN_8_PASS_b,F,P,les cerises avec la boisson que j' aime beaucoup ne sont probablement pas déformées <eos>,13,déformées,déformés,11,F,S,déformées,-9.220456,déformés,-13.90516,1
5841,P_NOUN_8_PASS_b,F,P,les cerises avec la boisson que j' aime beaucoup ne sont probablement pas fixées <eos>,13,fixées,fixés,11,F,S,fixées,-8.842387,fixés,-10.077358,1
5842,P_NOUN_8_PASS_b,F,P,les cerises avec la boisson que j' aime beaucoup ne sont probablement pas jetées <eos>,13,jetées,jetés,11,F,S,jetées,-9.7401705,jetés,-10.631199,1
5843,P_NOUN_8_PASS_b,F,P,les cerises avec la boisson que j' aime beaucoup ne sont probablement pas laissées <eos>,13,laissées,laissés,11,F,S,laissées,-7.839365,laissés,-10.205985,1
5844,P_NOUN_8_PASS_b,F,P,les cerises avec la boisson que j' aime beaucoup ne sont probablement pas ouvertes <eos>,13,ouvertes,ouverts,11,F,S,ouvertes,-7.993879,ouverts,-9.509911,1
5845,P_NOUN_8_PASS_b,F,P,les cerises avec la boisson que j' aime beaucoup ne sont probablement pas perdues <eos>,13,perdues,perdus,11,F,S,perdues,-8.089881,perdus,-9.39558,1
5846,P_NOUN_8_PASS_b,F,P,les cerises avec la boisson que j' aime beaucoup ne sont probablement pas réparées <eos>,13,réparées,réparés,11,F,S,réparées,-9.886106,réparés,-12.829047,1
5847,P_NOUN_8_PASS_b,F,P,les cerises avec la boisson que j' aime beaucoup ne sont probablement pas retirées <eos>,13,retirées,retirés,11,F,S,retirées,-8.820788,retirés,-10.401546,1
5848,P_NOUN_8_PASS_b,F,P,les cerises avec la boisson que j' aime beaucoup ne sont probablement pas tombées <eos>,13,tombées,tombés,11,F,S,tombées,-7.9600215,tombés,-8.382698,1
5849,P_NOUN_8_PASS_b,F,P,les cerises avec la boisson que j' aime beaucoup ne sont probablement pas utilisées <eos>,13,utilisées,utilisés,11,F,S,utilisées,-5.5389447,utilisés,-7.1169343,1
5850,P_NOUN_8_PASS_b,F,P,les cerises avec la pomme que j' aime beaucoup ne sont probablement pas achetées <eos>,13,achetées,achetés,11,F,S,achetées,-9.565124,achetés,-9.446428,0
5851,P_NOUN_8_PASS_b,F,P,les cerises avec la pomme que j' aime beaucoup ne sont probablement pas brisées <eos>,13,brisées,brisés,11,F,S,brisées,-9.977337,brisés,-13.124474,1
5852,P_NOUN_8_PASS_b,F,P,les cerises avec la pomme que j' aime beaucoup ne sont probablement pas cachées <eos>,13,cachées,cachés,11,F,S,cachées,-8.1835575,cachés,-9.932999,1
5853,P_NOUN_8_PASS_b,F,P,les cerises avec la pomme que j' aime beaucoup ne sont probablement pas cassées <eos>,13,cassées,cassés,11,F,S,cassées,-8.634105,cassés,-9.883,1
5854,P_NOUN_8_PASS_b,F,P,les cerises avec la pomme que j' aime beaucoup ne sont probablement pas couvertes <eos>,13,couvertes,couverts,11,F,S,couvertes,-7.350749,couverts,-7.8514423,1
5855,P_NOUN_8_PASS_b,F,P,les cerises avec la pomme que j' aime beaucoup ne sont probablement pas déformées <eos>,13,déformées,déformés,11,F,S,déformées,-8.979248,déformés,-13.958942,1
5856,P_NOUN_8_PASS_b,F,P,les cerises avec la pomme que j' aime beaucoup ne sont probablement pas fixées <eos>,13,fixées,fixés,11,F,S,fixées,-8.832581,fixés,-9.682848,1
5857,P_NOUN_8_PASS_b,F,P,les cerises avec la pomme que j' aime beaucoup ne sont probablement pas jetées <eos>,13,jetées,jetés,11,F,S,jetées,-9.633832,jetés,-10.711135,1
5858,P_NOUN_8_PASS_b,F,P,les cerises avec la pomme que j' aime beaucoup ne sont probablement pas laissées <eos>,13,laissées,laissés,11,F,S,laissées,-7.5931854,laissés,-9.875977,1
5859,P_NOUN_8_PASS_b,F,P,les cerises avec la pomme que j' aime beaucoup ne sont probablement pas ouvertes <eos>,13,ouvertes,ouverts,11,F,S,ouvertes,-7.7242875,ouverts,-9.340647,1
5860,P_NOUN_8_PASS_b,F,P,les cerises avec la pomme que j' aime beaucoup ne sont probablement pas perdues <eos>,13,perdues,perdus,11,F,S,perdues,-7.635308,perdus,-9.205132,1
5861,P_NOUN_8_PASS_b,F,P,les cerises avec la pomme que j' aime beaucoup ne sont probablement pas réparées <eos>,13,réparées,réparés,11,F,S,réparées,-9.646458,réparés,-12.495817,1
5862,P_NOUN_8_PASS_b,F,P,les cerises avec la pomme que j' aime beaucoup ne sont probablement pas retirées <eos>,13,retirées,retirés,11,F,S,retirées,-8.683071,retirés,-10.49309,1
5863,P_NOUN_8_PASS_b,F,P,les cerises avec la pomme que j' aime beaucoup ne sont probablement pas tombées <eos>,13,tombées,tombés,11,F,S,tombées,-7.6335516,tombés,-8.214334,1
5864,P_NOUN_8_PASS_b,F,P,les cerises avec la pomme que j' aime beaucoup ne sont probablement pas utilisées <eos>,13,utilisées,utilisés,11,F,S,utilisées,-5.1389384,utilisés,-6.95365,1
5865,P_NOUN_8_PASS_b,F,P,les cerises avec la tasse que j' aime beaucoup ne sont probablement pas achetées <eos>,13,achetées,achetés,11,F,S,achetées,-9.623044,achetés,-9.760242,1
5866,P_NOUN_8_PASS_b,F,P,les cerises avec la tasse que j' aime beaucoup ne sont probablement pas brisées <eos>,13,brisées,brisés,11,F,S,brisées,-9.605158,brisés,-12.952176,1
5867,P_NOUN_8_PASS_b,F,P,les cerises avec la tasse que j' aime beaucoup ne sont probablement pas cachées <eos>,13,cachées,cachés,11,F,S,cachées,-7.939703,cachés,-10.161969,1
5868,P_NOUN_8_PASS_b,F,P,les cerises avec la tasse que j' aime beaucoup ne sont probablement pas cassées <eos>,13,cassées,cassés,11,F,S,cassées,-8.320895,cassés,-10.066,1
5869,P_NOUN_8_PASS_b,F,P,les cerises avec la tasse que j' aime beaucoup ne sont probablement pas couvertes <eos>,13,couvertes,couverts,11,F,S,couvertes,-7.0162916,couverts,-7.765378,1
5870,P_NOUN_8_PASS_b,F,P,les cerises avec la tasse que j' aime beaucoup ne sont probablement pas déformées <eos>,13,déformées,déformés,11,F,S,déformées,-8.75636,déformés,-13.67747,1
5871,P_NOUN_8_PASS_b,F,P,les cerises avec la tasse que j' aime beaucoup ne sont probablement pas fixées <eos>,13,fixées,fixés,11,F,S,fixées,-8.745125,fixés,-10.093539,1
5872,P_NOUN_8_PASS_b,F,P,les cerises avec la tasse que j' aime beaucoup ne sont probablement pas jetées <eos>,13,jetées,jetés,11,F,S,jetées,-9.191888,jetés,-10.441157,1
5873,P_NOUN_8_PASS_b,F,P,les cerises avec la tasse que j' aime beaucoup ne sont probablement pas laissées <eos>,13,laissées,laissés,11,F,S,laissées,-7.272356,laissés,-9.972484,1
5874,P_NOUN_8_PASS_b,F,P,les cerises avec la tasse que j' aime beaucoup ne sont probablement pas ouvertes <eos>,13,ouvertes,ouverts,11,F,S,ouvertes,-7.092019,ouverts,-8.671941,1
5875,P_NOUN_8_PASS_b,F,P,les cerises avec la tasse que j' aime beaucoup ne sont probablement pas perdues <eos>,13,perdues,perdus,11,F,S,perdues,-8.052079,perdus,-9.552342,1
5876,P_NOUN_8_PASS_b,F,P,les cerises avec la tasse que j' aime beaucoup ne sont probablement pas réparées <eos>,13,réparées,réparés,11,F,S,réparées,-9.054631,réparés,-12.39437,1
5877,P_NOUN_8_PASS_b,F,P,les cerises avec la tasse que j' aime beaucoup ne sont probablement pas retirées <eos>,13,retirées,retirés,11,F,S,retirées,-8.655474,retirés,-10.62768,1
5878,P_NOUN_8_PASS_b,F,P,les cerises avec la tasse que j' aime beaucoup ne sont probablement pas tombées <eos>,13,tombées,tombés,11,F,S,tombées,-7.8968277,tombés,-8.66892,1
5879,P_NOUN_8_PASS_b,F,P,les cerises avec la tasse que j' aime beaucoup ne sont probablement pas utilisées <eos>,13,utilisées,utilisés,11,F,S,utilisées,-5.446519,utilisés,-7.394925,1
5880,P_NOUN_8_PASS_b,F,P,les cerises avec la bougie que j' aime beaucoup ne sont probablement pas achetées <eos>,13,achetées,achetés,11,F,S,achetées,-10.043556,achetés,-10.06995,1
5881,P_NOUN_8_PASS_b,F,P,les cerises avec la bougie que j' aime beaucoup ne sont probablement pas brisées <eos>,13,brisées,brisés,11,F,S,brisées,-9.665897,brisés,-12.675725,1
5882,P_NOUN_8_PASS_b,F,P,les cerises avec la bougie que j' aime beaucoup ne sont probablement pas cachées <eos>,13,cachées,cachés,11,F,S,cachées,-8.093784,cachés,-9.590926,1
5883,P_NOUN_8_PASS_b,F,P,les cerises avec la bougie que j' aime beaucoup ne sont probablement pas cassées <eos>,13,cassées,cassés,11,F,S,cassées,-8.020651,cassés,-10.061578,1
5884,P_NOUN_8_PASS_b,F,P,les cerises avec la bougie que j' aime beaucoup ne sont probablement pas couvertes <eos>,13,couvertes,couverts,11,F,S,couvertes,-7.4650364,couverts,-8.168177,1
5885,P_NOUN_8_PASS_b,F,P,les cerises avec la bougie que j' aime beaucoup ne sont probablement pas déformées <eos>,13,déformées,déformés,11,F,S,déformées,-8.52873,déformés,-13.285037,1
5886,P_NOUN_8_PASS_b,F,P,les cerises avec la bougie que j' aime beaucoup ne sont probablement pas fixées <eos>,13,fixées,fixés,11,F,S,fixées,-8.5630245,fixés,-9.74148,1
5887,P_NOUN_8_PASS_b,F,P,les cerises avec la bougie que j' aime beaucoup ne sont probablement pas jetées <eos>,13,jetées,jetés,11,F,S,jetées,-9.177097,jetés,-9.706282,1
5888,P_NOUN_8_PASS_b,F,P,les cerises avec la bougie que j' aime beaucoup ne sont probablement pas laissées <eos>,13,laissées,laissés,11,F,S,laissées,-7.510132,laissés,-10.0577135,1
5889,P_NOUN_8_PASS_b,F,P,les cerises avec la bougie que j' aime beaucoup ne sont probablement pas ouvertes <eos>,13,ouvertes,ouverts,11,F,S,ouvertes,-7.689154,ouverts,-9.133887,1
5890,P_NOUN_8_PASS_b,F,P,les cerises avec la bougie que j' aime beaucoup ne sont probablement pas perdues <eos>,13,perdues,perdus,11,F,S,perdues,-7.75272,perdus,-9.144738,1
5891,P_NOUN_8_PASS_b,F,P,les cerises avec la bougie que j' aime beaucoup ne sont probablement pas réparées <eos>,13,réparées,réparés,11,F,S,réparées,-8.939052,réparés,-12.013109,1
5892,P_NOUN_8_PASS_b,F,P,les cerises avec la bougie que j' aime beaucoup ne sont probablement pas retirées <eos>,13,retirées,retirés,11,F,S,retirées,-8.18439,retirés,-10.386634,1
5893,P_NOUN_8_PASS_b,F,P,les cerises avec la bougie que j' aime beaucoup ne sont probablement pas tombées <eos>,13,tombées,tombés,11,F,S,tombées,-7.6766953,tombés,-8.360788,1
5894,P_NOUN_8_PASS_b,F,P,les cerises avec la bougie que j' aime beaucoup ne sont probablement pas utilisées <eos>,13,utilisées,utilisés,11,F,S,utilisées,-5.248053,utilisés,-6.8861756,1
5895,P_NOUN_8_PASS_b,F,P,les cerises avec la pochette que j' aime beaucoup ne sont probablement pas achetées <eos>,13,achetées,achetés,11,F,S,achetées,-9.736373,achetés,-10.651878,1
5896,P_NOUN_8_PASS_b,F,P,les cerises avec la pochette que j' aime beaucoup ne sont probablement pas brisées <eos>,13,brisées,brisés,11,F,S,brisées,-9.372545,brisés,-12.836836,1
5897,P_NOUN_8_PASS_b,F,P,les cerises avec la pochette que j' aime beaucoup ne sont probablement pas cachées <eos>,13,cachées,cachés,11,F,S,cachées,-8.02648,cachés,-10.217354,1
5898,P_NOUN_8_PASS_b,F,P,les cerises avec la pochette que j' aime beaucoup ne sont probablement pas cassées <eos>,13,cassées,cassés,11,F,S,cassées,-8.493343,cassés,-10.856831,1
5899,P_NOUN_8_PASS_b,F,P,les cerises avec la pochette que j' aime beaucoup ne sont probablement pas couvertes <eos>,13,couvertes,couverts,11,F,S,couvertes,-8.394878,couverts,-9.455575,1
5900,P_NOUN_8_PASS_b,F,P,les cerises avec la pochette que j' aime beaucoup ne sont probablement pas déformées <eos>,13,déformées,déformés,11,F,S,déformées,-8.157226,déformés,-12.914208,1
5901,P_NOUN_8_PASS_b,F,P,les cerises avec la pochette que j' aime beaucoup ne sont probablement pas fixées <eos>,13,fixées,fixés,11,F,S,fixées,-8.5588255,fixés,-10.218876,1
5902,P_NOUN_8_PASS_b,F,P,les cerises avec la pochette que j' aime beaucoup ne sont probablement pas jetées <eos>,13,jetées,jetés,11,F,S,jetées,-10.037259,jetés,-10.56324,1
5903,P_NOUN_8_PASS_b,F,P,les cerises avec la pochette que j' aime beaucoup ne sont probablement pas laissées <eos>,13,laissées,laissés,11,F,S,laissées,-7.6709356,laissés,-10.803072,1
5904,P_NOUN_8_PASS_b,F,P,les cerises avec la pochette que j' aime beaucoup ne sont probablement pas ouvertes <eos>,13,ouvertes,ouverts,11,F,S,ouvertes,-7.982589,ouverts,-10.026295,1
5905,P_NOUN_8_PASS_b,F,P,les cerises avec la pochette que j' aime beaucoup ne sont probablement pas perdues <eos>,13,perdues,perdus,11,F,S,perdues,-7.7929926,perdus,-9.438346,1
5906,P_NOUN_8_PASS_b,F,P,les cerises avec la pochette que j' aime beaucoup ne sont probablement pas réparées <eos>,13,réparées,réparés,11,F,S,réparées,-9.369534,réparés,-13.530662,1
5907,P_NOUN_8_PASS_b,F,P,les cerises avec la pochette que j' aime beaucoup ne sont probablement pas retirées <eos>,13,retirées,retirés,11,F,S,retirées,-8.100458,retirés,-11.063841,1
5908,P_NOUN_8_PASS_b,F,P,les cerises avec la pochette que j' aime beaucoup ne sont probablement pas tombées <eos>,13,tombées,tombés,11,F,S,tombées,-8.226211,tombés,-9.298843,1
5909,P_NOUN_8_PASS_b,F,P,les cerises avec la pochette que j' aime beaucoup ne sont probablement pas utilisées <eos>,13,utilisées,utilisés,11,F,S,utilisées,-5.8040237,utilisés,-7.7295437,1
5910,P_NOUN_8_PASS_b,F,P,les cerises avec la banane que j' aime beaucoup ne sont probablement pas achetées <eos>,13,achetées,achetés,11,F,S,achetées,-10.221301,achetés,-9.965756,0
5911,P_NOUN_8_PASS_b,F,P,les cerises avec la banane que j' aime beaucoup ne sont probablement pas brisées <eos>,13,brisées,brisés,11,F,S,brisées,-9.7254925,brisés,-13.019237,1
5912,P_NOUN_8_PASS_b,F,P,les cerises avec la banane que j' aime beaucoup ne sont probablement pas cachées <eos>,13,cachées,cachés,11,F,S,cachées,-8.521102,cachés,-10.2467575,1
5913,P_NOUN_8_PASS_b,F,P,les cerises avec la banane que j' aime beaucoup ne sont probablement pas cassées <eos>,13,cassées,cassés,11,F,S,cassées,-8.5143585,cassés,-10.156633,1
5914,P_NOUN_8_PASS_b,F,P,les cerises avec la banane que j' aime beaucoup ne sont probablement pas couvertes <eos>,13,couvertes,couverts,11,F,S,couvertes,-7.4567847,couverts,-8.254767,1
5915,P_NOUN_8_PASS_b,F,P,les cerises avec la banane que j' aime beaucoup ne sont probablement pas déformées <eos>,13,déformées,déformés,11,F,S,déformées,-8.588463,déformés,-13.632874,1
5916,P_NOUN_8_PASS_b,F,P,les cerises avec la banane que j' aime beaucoup ne sont probablement pas fixées <eos>,13,fixées,fixés,11,F,S,fixées,-8.641413,fixés,-9.569276,1
5917,P_NOUN_8_PASS_b,F,P,les cerises avec la banane que j' aime beaucoup ne sont probablement pas jetées <eos>,13,jetées,jetés,11,F,S,jetées,-8.5391035,jetés,-10.738862,1
5918,P_NOUN_8_PASS_b,F,P,les cerises avec la banane que j' aime beaucoup ne sont probablement pas laissées <eos>,13,laissées,laissés,11,F,S,laissées,-7.605636,laissés,-10.018521,1
5919,P_NOUN_8_PASS_b,F,P,les cerises avec la banane que j' aime beaucoup ne sont probablement pas ouvertes <eos>,13,ouvertes,ouverts,11,F,S,ouvertes,-8.274774,ouverts,-9.531622,1
5920,P_NOUN_8_PASS_b,F,P,les cerises avec la banane que j' aime beaucoup ne sont probablement pas perdues <eos>,13,perdues,perdus,11,F,S,perdues,-8.064947,perdus,-9.335167,1
5921,P_NOUN_8_PASS_b,F,P,les cerises avec la banane que j' aime beaucoup ne sont probablement pas réparées <eos>,13,réparées,réparés,11,F,S,réparées,-9.916455,réparés,-12.35619,1
5922,P_NOUN_8_PASS_b,F,P,les cerises avec la banane que j' aime beaucoup ne sont probablement pas retirées <eos>,13,retirées,retirés,11,F,S,retirées,-8.982432,retirés,-10.650536,1
5923,P_NOUN_8_PASS_b,F,P,les cerises avec la banane que j' aime beaucoup ne sont probablement pas tombées <eos>,13,tombées,tombés,11,F,S,tombées,-7.6247625,tombés,-8.449886,1
5924,P_NOUN_8_PASS_b,F,P,les cerises avec la banane que j' aime beaucoup ne sont probablement pas utilisées <eos>,13,utilisées,utilisés,11,F,S,utilisées,-4.9902916,utilisés,-6.7297306,1
5925,P_NOUN_8_PASS_b,F,P,les cerises avec la robe que j' aime beaucoup ne sont probablement pas achetées <eos>,13,achetées,achetés,11,F,S,achetées,-10.866079,achetés,-10.412141,0
5926,P_NOUN_8_PASS_b,F,P,les cerises avec la robe que j' aime beaucoup ne sont probablement pas brisées <eos>,13,brisées,brisés,11,F,S,brisées,-10.185756,brisés,-13.541593,1
5927,P_NOUN_8_PASS_b,F,P,les cerises avec la robe que j' aime beaucoup ne sont probablement pas cachées <eos>,13,cachées,cachés,11,F,S,cachées,-8.011079,cachés,-10.005617,1
5928,P_NOUN_8_PASS_b,F,P,les cerises avec la robe que j' aime beaucoup ne sont probablement pas cassées <eos>,13,cassées,cassés,11,F,S,cassées,-8.853809,cassés,-10.791687,1
5929,P_NOUN_8_PASS_b,F,P,les cerises avec la robe que j' aime beaucoup ne sont probablement pas couvertes <eos>,13,couvertes,couverts,11,F,S,couvertes,-7.428716,couverts,-8.126237,1
5930,P_NOUN_8_PASS_b,F,P,les cerises avec la robe que j' aime beaucoup ne sont probablement pas déformées <eos>,13,déformées,déformés,11,F,S,déformées,-8.869047,déformés,-13.454202,1
5931,P_NOUN_8_PASS_b,F,P,les cerises avec la robe que j' aime beaucoup ne sont probablement pas fixées <eos>,13,fixées,fixés,11,F,S,fixées,-8.960253,fixés,-10.425421,1
5932,P_NOUN_8_PASS_b,F,P,les cerises avec la robe que j' aime beaucoup ne sont probablement pas jetées <eos>,13,jetées,jetés,11,F,S,jetées,-9.708932,jetés,-10.751379,1
5933,P_NOUN_8_PASS_b,F,P,les cerises avec la robe que j' aime beaucoup ne sont probablement pas laissées <eos>,13,laissées,laissés,11,F,S,laissées,-8.3150215,laissés,-10.4880295,1
5934,P_NOUN_8_PASS_b,F,P,les cerises avec la robe que j' aime beaucoup ne sont probablement pas ouvertes <eos>,13,ouvertes,ouverts,11,F,S,ouvertes,-7.5645123,ouverts,-9.076865,1
5935,P_NOUN_8_PASS_b,F,P,les cerises avec la robe que j' aime beaucoup ne sont probablement pas perdues <eos>,13,perdues,perdus,11,F,S,perdues,-8.427942,perdus,-10.0002985,1
5936,P_NOUN_8_PASS_b,F,P,les cerises avec la robe que j' aime beaucoup ne sont probablement pas réparées <eos>,13,réparées,réparés,11,F,S,réparées,-9.98144,réparés,-12.550424,1
5937,P_NOUN_8_PASS_b,F,P,les cerises avec la robe que j' aime beaucoup ne sont probablement pas retirées <eos>,13,retirées,retirés,11,F,S,retirées,-9.158556,retirés,-10.8370905,1
5938,P_NOUN_8_PASS_b,F,P,les cerises avec la robe que j' aime beaucoup ne sont probablement pas tombées <eos>,13,tombées,tombés,11,F,S,tombées,-7.906068,tombés,-8.206009,1
5939,P_NOUN_8_PASS_b,F,P,les cerises avec la robe que j' aime beaucoup ne sont probablement pas utilisées <eos>,13,utilisées,utilisés,11,F,S,utilisées,-5.3071237,utilisés,-7.031508,1
5940,P_NOUN_8_PASS_b,F,P,les cerises avec la valise que j' aime beaucoup ne sont probablement pas achetées <eos>,13,achetées,achetés,11,F,S,achetées,-8.755223,achetés,-9.40769,1
5941,P_NOUN_8_PASS_b,F,P,les cerises avec la valise que j' aime beaucoup ne sont probablement pas brisées <eos>,13,brisées,brisés,11,F,S,brisées,-9.198106,brisés,-12.567228,1
5942,P_NOUN_8_PASS_b,F,P,les cerises avec la valise que j' aime beaucoup ne sont probablement pas cachées <eos>,13,cachées,cachés,11,F,S,cachées,-7.792761,cachés,-9.031806,1
5943,P_NOUN_8_PASS_b,F,P,les cerises avec la valise que j' aime beaucoup ne sont probablement pas cassées <eos>,13,cassées,cassés,11,F,S,cassées,-8.097483,cassés,-10.171219,1
5944,P_NOUN_8_PASS_b,F,P,les cerises avec la valise que j' aime beaucoup ne sont probablement pas couvertes <eos>,13,couvertes,couverts,11,F,S,couvertes,-7.874228,couverts,-8.952777,1
5945,P_NOUN_8_PASS_b,F,P,les cerises avec la valise que j' aime beaucoup ne sont probablement pas déformées <eos>,13,déformées,déformés,11,F,S,déformées,-8.096836,déformés,-13.802875,1
5946,P_NOUN_8_PASS_b,F,P,les cerises avec la valise que j' aime beaucoup ne sont probablement pas fixées <eos>,13,fixées,fixés,11,F,S,fixées,-8.482149,fixés,-9.964739,1
5947,P_NOUN_8_PASS_b,F,P,les cerises avec la valise que j' aime beaucoup ne sont probablement pas jetées <eos>,13,jetées,jetés,11,F,S,jetées,-8.496443,jetés,-9.398194,1
5948,P_NOUN_8_PASS_b,F,P,les cerises avec la valise que j' aime beaucoup ne sont probablement pas laissées <eos>,13,laissées,laissés,11,F,S,laissées,-7.2608457,laissés,-9.940062,1
5949,P_NOUN_8_PASS_b,F,P,les cerises avec la valise que j' aime beaucoup ne sont probablement pas ouvertes <eos>,13,ouvertes,ouverts,11,F,S,ouvertes,-7.778827,ouverts,-9.232716,1
5950,P_NOUN_8_PASS_b,F,P,les cerises avec la valise que j' aime beaucoup ne sont probablement pas perdues <eos>,13,perdues,perdus,11,F,S,perdues,-7.537901,perdus,-8.794294,1
5951,P_NOUN_8_PASS_b,F,P,les cerises avec la valise que j' aime beaucoup ne sont probablement pas réparées <eos>,13,réparées,réparés,11,F,S,réparées,-9.082138,réparés,-13.052934,1
5952,P_NOUN_8_PASS_b,F,P,les cerises avec la valise que j' aime beaucoup ne sont probablement pas retirées <eos>,13,retirées,retirés,11,F,S,retirées,-8.264073,retirés,-9.991706,1
5953,P_NOUN_8_PASS_b,F,P,les cerises avec la valise que j' aime beaucoup ne sont probablement pas tombées <eos>,13,tombées,tombés,11,F,S,tombées,-8.116811,tombés,-8.696197,1
5954,P_NOUN_8_PASS_b,F,P,les cerises avec la valise que j' aime beaucoup ne sont probablement pas utilisées <eos>,13,utilisées,utilisés,11,F,S,utilisées,-5.1242676,utilisés,-6.8817053,1
5955,P_NOUN_8_PASS_b,F,P,les cerises avec la pendule que j' aime beaucoup ne sont probablement pas achetées <eos>,13,achetées,achetés,11,F,S,achetées,-10.788066,achetés,-10.319839,0
5956,P_NOUN_8_PASS_b,F,P,les cerises avec la pendule que j' aime beaucoup ne sont probablement pas brisées <eos>,13,brisées,brisés,11,F,S,brisées,-9.768848,brisés,-12.744876,1
5957,P_NOUN_8_PASS_b,F,P,les cerises avec la pendule que j' aime beaucoup ne sont probablement pas cachées <eos>,13,cachées,cachés,11,F,S,cachées,-8.381852,cachés,-9.695596,1
5958,P_NOUN_8_PASS_b,F,P,les cerises avec la pendule que j' aime beaucoup ne sont probablement pas cassées <eos>,13,cassées,cassés,11,F,S,cassées,-7.944541,cassés,-10.043505,1
5959,P_NOUN_8_PASS_b,F,P,les cerises avec la pendule que j' aime beaucoup ne sont probablement pas couvertes <eos>,13,couvertes,couverts,11,F,S,couvertes,-7.324924,couverts,-8.173641,1
5960,P_NOUN_8_PASS_b,F,P,les cerises avec la pendule que j' aime beaucoup ne sont probablement pas déformées <eos>,13,déformées,déformés,11,F,S,déformées,-7.850517,déformés,-13.075211,1
5961,P_NOUN_8_PASS_b,F,P,les cerises avec la pendule que j' aime beaucoup ne sont probablement pas fixées <eos>,13,fixées,fixés,11,F,S,fixées,-8.20444,fixés,-9.442568,1
5962,P_NOUN_8_PASS_b,F,P,les cerises avec la pendule que j' aime beaucoup ne sont probablement pas jetées <eos>,13,jetées,jetés,11,F,S,jetées,-8.876848,jetés,-9.615901,1
5963,P_NOUN_8_PASS_b,F,P,les cerises avec la pendule que j' aime beaucoup ne sont probablement pas laissées <eos>,13,laissées,laissés,11,F,S,laissées,-7.6732073,laissés,-10.428823,1
5964,P_NOUN_8_PASS_b,F,P,les cerises avec la pendule que j' aime beaucoup ne sont probablement pas ouvertes <eos>,13,ouvertes,ouverts,11,F,S,ouvertes,-7.5630164,ouverts,-8.845377,1
5965,P_NOUN_8_PASS_b,F,P,les cerises avec la pendule que j' aime beaucoup ne sont probablement pas perdues <eos>,13,perdues,perdus,11,F,S,perdues,-7.8050776,perdus,-8.901705,1
5966,P_NOUN_8_PASS_b,F,P,les cerises avec la pendule que j' aime beaucoup ne sont probablement pas réparées <eos>,13,réparées,réparés,11,F,S,réparées,-8.996093,réparés,-11.870592,1
5967,P_NOUN_8_PASS_b,F,P,les cerises avec la pendule que j' aime beaucoup ne sont probablement pas retirées <eos>,13,retirées,retirés,11,F,S,retirées,-8.228277,retirés,-10.17243,1
5968,P_NOUN_8_PASS_b,F,P,les cerises avec la pendule que j' aime beaucoup ne sont probablement pas tombées <eos>,13,tombées,tombés,11,F,S,tombées,-7.7214136,tombés,-8.584975,1
5969,P_NOUN_8_PASS_b,F,P,les cerises avec la pendule que j' aime beaucoup ne sont probablement pas utilisées <eos>,13,utilisées,utilisés,11,F,S,utilisées,-4.8673105,utilisés,-6.3599358,1
5970,P_NOUN_8_PASS_b,F,P,les cerises avec la cloche que j' aime beaucoup ne sont probablement pas achetées <eos>,13,achetées,achetés,11,F,S,achetées,-9.8675785,achetés,-10.1262,1
5971,P_NOUN_8_PASS_b,F,P,les cerises avec la cloche que j' aime beaucoup ne sont probablement pas brisées <eos>,13,brisées,brisés,11,F,S,brisées,-9.611178,brisés,-12.734102,1
5972,P_NOUN_8_PASS_b,F,P,les cerises avec la cloche que j' aime beaucoup ne sont probablement pas cachées <eos>,13,cachées,cachés,11,F,S,cachées,-7.8992195,cachés,-9.48607,1
5973,P_NOUN_8_PASS_b,F,P,les cerises avec la cloche que j' aime beaucoup ne sont probablement pas cassées <eos>,13,cassées,cassés,11,F,S,cassées,-8.275624,cassés,-10.019928,1
5974,P_NOUN_8_PASS_b,F,P,les cerises avec la cloche que j' aime beaucoup ne sont probablement pas couvertes <eos>,13,couvertes,couverts,11,F,S,couvertes,-7.737668,couverts,-8.171418,1
5975,P_NOUN_8_PASS_b,F,P,les cerises avec la cloche que j' aime beaucoup ne sont probablement pas déformées <eos>,13,déformées,déformés,11,F,S,déformées,-8.855017,déformés,-13.763852,1
5976,P_NOUN_8_PASS_b,F,P,les cerises avec la cloche que j' aime beaucoup ne sont probablement pas fixées <eos>,13,fixées,fixés,11,F,S,fixées,-8.328074,fixés,-9.651887,1
5977,P_NOUN_8_PASS_b,F,P,les cerises avec la cloche que j' aime beaucoup ne sont probablement pas jetées <eos>,13,jetées,jetés,11,F,S,jetées,-8.821575,jetés,-9.498198,1
5978,P_NOUN_8_PASS_b,F,P,les cerises avec la cloche que j' aime beaucoup ne sont probablement pas laissées <eos>,13,laissées,laissés,11,F,S,laissées,-7.6507053,laissés,-9.857778,1
5979,P_NOUN_8_PASS_b,F,P,les cerises avec la cloche que j' aime beaucoup ne sont probablement pas ouvertes <eos>,13,ouvertes,ouverts,11,F,S,ouvertes,-7.6641645,ouverts,-9.496244,1
5980,P_NOUN_8_PASS_b,F,P,les cerises avec la cloche que j' aime beaucoup ne sont probablement pas perdues <eos>,13,perdues,perdus,11,F,S,perdues,-7.5593557,perdus,-9.254136,1
5981,P_NOUN_8_PASS_b,F,P,les cerises avec la cloche que j' aime beaucoup ne sont probablement pas réparées <eos>,13,réparées,réparés,11,F,S,réparées,-9.316525,réparés,-12.352831,1
5982,P_NOUN_8_PASS_b,F,P,les cerises avec la cloche que j' aime beaucoup ne sont probablement pas retirées <eos>,13,retirées,retirés,11,F,S,retirées,-8.307517,retirés,-10.171672,1
5983,P_NOUN_8_PASS_b,F,P,les cerises avec la cloche que j' aime beaucoup ne sont probablement pas tombées <eos>,13,tombées,tombés,11,F,S,tombées,-7.6686077,tombés,-8.06223,1
5984,P_NOUN_8_PASS_b,F,P,les cerises avec la cloche que j' aime beaucoup ne sont probablement pas utilisées <eos>,13,utilisées,utilisés,11,F,S,utilisées,-5.336048,utilisés,-7.058321,1
5985,P_NOUN_8_PASS_b,F,P,les cerises avec la cerise que j' aime beaucoup ne sont probablement pas achetées <eos>,13,achetées,achetés,11,F,S,achetées,-10.185469,achetés,-9.93052,0
5986,P_NOUN_8_PASS_b,F,P,les cerises avec la cerise que j' aime beaucoup ne sont probablement pas brisées <eos>,13,brisées,brisés,11,F,S,brisées,-9.994364,brisés,-13.076441,1
5987,P_NOUN_8_PASS_b,F,P,les cerises avec la cerise que j' aime beaucoup ne sont probablement pas cachées <eos>,13,cachées,cachés,11,F,S,cachées,-8.247822,cachés,-10.206671,1
5988,P_NOUN_8_PASS_b,F,P,les cerises avec la cerise que j' aime beaucoup ne sont probablement pas cassées <eos>,13,cassées,cassés,11,F,S,cassées,-8.530649,cassés,-10.123267,1
5989,P_NOUN_8_PASS_b,F,P,les cerises avec la cerise que j' aime beaucoup ne sont probablement pas couvertes <eos>,13,couvertes,couverts,11,F,S,couvertes,-7.2983685,couverts,-7.8611784,1
5990,P_NOUN_8_PASS_b,F,P,les cerises avec la cerise que j' aime beaucoup ne sont probablement pas déformées <eos>,13,déformées,déformés,11,F,S,déformées,-8.78525,déformés,-13.764645,1
5991,P_NOUN_8_PASS_b,F,P,les cerises avec la cerise que j' aime beaucoup ne sont probablement pas fixées <eos>,13,fixées,fixés,11,F,S,fixées,-8.747443,fixés,-9.854813,1
5992,P_NOUN_8_PASS_b,F,P,les cerises avec la cerise que j' aime beaucoup ne sont probablement pas jetées <eos>,13,jetées,jetés,11,F,S,jetées,-9.524864,jetés,-10.820558,1
5993,P_NOUN_8_PASS_b,F,P,les cerises avec la cerise que j' aime beaucoup ne sont probablement pas laissées <eos>,13,laissées,laissés,11,F,S,laissées,-7.656143,laissés,-10.145606,1
5994,P_NOUN_8_PASS_b,F,P,les cerises avec la cerise que j' aime beaucoup ne sont probablement pas ouvertes <eos>,13,ouvertes,ouverts,11,F,S,ouvertes,-7.746205,ouverts,-9.168228,1
5995,P_NOUN_8_PASS_b,F,P,les cerises avec la cerise que j' aime beaucoup ne sont probablement pas perdues <eos>,13,perdues,perdus,11,F,S,perdues,-7.9795823,perdus,-9.60144,1
5996,P_NOUN_8_PASS_b,F,P,les cerises avec la cerise que j' aime beaucoup ne sont probablement pas réparées <eos>,13,réparées,réparés,11,F,S,réparées,-9.619909,réparés,-12.280058,1
5997,P_NOUN_8_PASS_b,F,P,les cerises avec la cerise que j' aime beaucoup ne sont probablement pas retirées <eos>,13,retirées,retirés,11,F,S,retirées,-8.774457,retirés,-10.614515,1
5998,P_NOUN_8_PASS_b,F,P,les cerises avec la cerise que j' aime beaucoup ne sont probablement pas tombées <eos>,13,tombées,tombés,11,F,S,tombées,-7.6260157,tombés,-8.387354,1
5999,P_NOUN_8_PASS_b,F,P,les cerises avec la cerise que j' aime beaucoup ne sont probablement pas utilisées <eos>,13,utilisées,utilisés,11,F,S,utilisées,-5.150299,utilisés,-6.914447,1
6000,P_NOUN_8_PASS_b,M,P,les bracelets avec le bracelet que j' aime beaucoup ne sont probablement pas achetés <eos>,13,achetés,achetées,11,M,S,achetés,-9.250908,achetées,-12.949435,1
6001,P_NOUN_8_PASS_b,M,P,les bracelets avec le bracelet que j' aime beaucoup ne sont probablement pas brisés <eos>,13,brisés,brisées,11,M,S,brisés,-10.259337,brisées,-10.966128,1
6002,P_NOUN_8_PASS_b,M,P,les bracelets avec le bracelet que j' aime beaucoup ne sont probablement pas cachés <eos>,13,cachés,cachées,11,M,S,cachés,-7.19202,cachées,-10.862347,1
6003,P_NOUN_8_PASS_b,M,P,les bracelets avec le bracelet que j' aime beaucoup ne sont probablement pas cassés <eos>,13,cassés,cassées,11,M,S,cassés,-9.60157,cassées,-10.624817,1
6004,P_NOUN_8_PASS_b,M,P,les bracelets avec le bracelet que j' aime beaucoup ne sont probablement pas couverts <eos>,13,couverts,couvertes,11,M,S,couverts,-7.733901,couvertes,-11.833586,1
6005,P_NOUN_8_PASS_b,M,P,les bracelets avec le bracelet que j' aime beaucoup ne sont probablement pas déformés <eos>,13,déformés,déformées,11,M,S,déformés,-11.843076,déformées,-10.894449,0
6006,P_NOUN_8_PASS_b,M,P,les bracelets avec le bracelet que j' aime beaucoup ne sont probablement pas fixés <eos>,13,fixés,fixées,11,M,S,fixés,-8.126718,fixées,-10.357412,1
6007,P_NOUN_8_PASS_b,M,P,les bracelets avec le bracelet que j' aime beaucoup ne sont probablement pas jetés <eos>,13,jetés,jetées,11,M,S,jetés,-7.233199,jetées,-10.894845,1
6008,P_NOUN_8_PASS_b,M,P,les bracelets avec le bracelet que j' aime beaucoup ne sont probablement pas laissés <eos>,13,laissés,laissées,11,M,S,laissés,-8.347155,laissées,-11.423733,1
6009,P_NOUN_8_PASS_b,M,P,les bracelets avec le bracelet que j' aime beaucoup ne sont probablement pas ouverts <eos>,13,ouverts,ouvertes,11,M,S,ouverts,-8.377013,ouvertes,-11.581729,1
6010,P_NOUN_8_PASS_b,M,P,les bracelets avec le bracelet que j' aime beaucoup ne sont probablement pas perdus <eos>,13,perdus,perdues,11,M,S,perdus,-6.2997527,perdues,-9.790754,1
6011,P_NOUN_8_PASS_b,M,P,les bracelets avec le bracelet que j' aime beaucoup ne sont probablement pas réparés <eos>,13,réparés,réparées,11,M,S,réparés,-11.617007,réparées,-12.819548,1
6012,P_NOUN_8_PASS_b,M,P,les bracelets avec le bracelet que j' aime beaucoup ne sont probablement pas retirés <eos>,13,retirés,retirées,11,M,S,retirés,-8.401686,retirées,-11.011932,1
6013,P_NOUN_8_PASS_b,M,P,les bracelets avec le bracelet que j' aime beaucoup ne sont probablement pas tombés <eos>,13,tombés,tombées,11,M,S,tombés,-5.705495,tombées,-10.511478,1
6014,P_NOUN_8_PASS_b,M,P,les bracelets avec le bracelet que j' aime beaucoup ne sont probablement pas utilisés <eos>,13,utilisés,utilisées,11,M,S,utilisés,-5.0894375,utilisées,-8.640684,1
6015,P_NOUN_8_PASS_b,M,P,les bracelets avec le miroir que j' aime beaucoup ne sont probablement pas achetés <eos>,13,achetés,achetées,11,M,S,achetés,-9.534587,achetées,-13.572731,1
6016,P_NOUN_8_PASS_b,M,P,les bracelets avec le miroir que j' aime beaucoup ne sont probablement pas brisés <eos>,13,brisés,brisées,11,M,S,brisés,-10.155393,brisées,-11.310968,1
6017,P_NOUN_8_PASS_b,M,P,les bracelets avec le miroir que j' aime beaucoup ne sont probablement pas cachés <eos>,13,cachés,cachées,11,M,S,cachés,-7.24125,cachées,-10.374983,1
6018,P_NOUN_8_PASS_b,M,P,les bracelets avec le miroir que j' aime beaucoup ne sont probablement pas cassés <eos>,13,cassés,cassées,11,M,S,cassés,-9.661981,cassées,-10.747426,1
6019,P_NOUN_8_PASS_b,M,P,les bracelets avec le miroir que j' aime beaucoup ne sont probablement pas couverts <eos>,13,couverts,couvertes,11,M,S,couverts,-7.700666,couvertes,-11.491772,1
6020,P_NOUN_8_PASS_b,M,P,les bracelets avec le miroir que j' aime beaucoup ne sont probablement pas déformés <eos>,13,déformés,déformées,11,M,S,déformés,-10.917759,déformées,-9.991064,0
6021,P_NOUN_8_PASS_b,M,P,les bracelets avec le miroir que j' aime beaucoup ne sont probablement pas fixés <eos>,13,fixés,fixées,11,M,S,fixés,-8.950131,fixées,-10.846641,1
6022,P_NOUN_8_PASS_b,M,P,les bracelets avec le miroir que j' aime beaucoup ne sont probablement pas jetés <eos>,13,jetés,jetées,11,M,S,jetés,-7.8366084,jetées,-11.419365,1
6023,P_NOUN_8_PASS_b,M,P,les bracelets avec le miroir que j' aime beaucoup ne sont probablement pas laissés <eos>,13,laissés,laissées,11,M,S,laissés,-8.288783,laissées,-11.323316,1
6024,P_NOUN_8_PASS_b,M,P,les bracelets avec le miroir que j' aime beaucoup ne sont probablement pas ouverts <eos>,13,ouverts,ouvertes,11,M,S,ouverts,-8.001955,ouvertes,-11.208731,1
6025,P_NOUN_8_PASS_b,M,P,les bracelets avec le miroir que j' aime beaucoup ne sont probablement pas perdus <eos>,13,perdus,perdues,11,M,S,perdus,-6.3903513,perdues,-9.604831,1
6026,P_NOUN_8_PASS_b,M,P,les bracelets avec le miroir que j' aime beaucoup ne sont probablement pas réparés <eos>,13,réparés,réparées,11,M,S,réparés,-11.872527,réparées,-12.592126,1
6027,P_NOUN_8_PASS_b,M,P,les bracelets avec le miroir que j' aime beaucoup ne sont probablement pas retirés <eos>,13,retirés,retirées,11,M,S,retirés,-8.775805,retirées,-11.199412,1
6028,P_NOUN_8_PASS_b,M,P,les bracelets avec le miroir que j' aime beaucoup ne sont probablement pas tombés <eos>,13,tombés,tombées,11,M,S,tombés,-6.6624827,tombées,-10.563299,1
6029,P_NOUN_8_PASS_b,M,P,les bracelets avec le miroir que j' aime beaucoup ne sont probablement pas utilisés <eos>,13,utilisés,utilisées,11,M,S,utilisés,-5.356595,utilisées,-8.706887,1
6030,P_NOUN_8_PASS_b,M,P,les bracelets avec le crayon que j' aime beaucoup ne sont probablement pas achetés <eos>,13,achetés,achetées,11,M,S,achetés,-8.720256,achetées,-12.854586,1
6031,P_NOUN_8_PASS_b,M,P,les bracelets avec le crayon que j' aime beaucoup ne sont probablement pas brisés <eos>,13,brisés,brisées,11,M,S,brisés,-10.473292,brisées,-11.443606,1
6032,P_NOUN_8_PASS_b,M,P,les bracelets avec le crayon que j' aime beaucoup ne sont probablement pas cachés <eos>,13,cachés,cachées,11,M,S,cachés,-7.135063,cachées,-10.859057,1
6033,P_NOUN_8_PASS_b,M,P,les bracelets avec le crayon que j' aime beaucoup ne sont probablement pas cassés <eos>,13,cassés,cassées,11,M,S,cassés,-9.328321,cassées,-10.569575,1
6034,P_NOUN_8_PASS_b,M,P,les bracelets avec le crayon que j' aime beaucoup ne sont probablement pas couverts <eos>,13,couverts,couvertes,11,M,S,couverts,-7.4261518,couvertes,-11.401152,1
6035,P_NOUN_8_PASS_b,M,P,les bracelets avec le crayon que j' aime beaucoup ne sont probablement pas déformés <eos>,13,déformés,déformées,11,M,S,déformés,-11.420536,déformées,-10.150602,0
6036,P_NOUN_8_PASS_b,M,P,les bracelets avec le crayon que j' aime beaucoup ne sont probablement pas fixés <eos>,13,fixés,fixées,11,M,S,fixés,-8.8538685,fixées,-10.679554,1
6037,P_NOUN_8_PASS_b,M,P,les bracelets avec le crayon que j' aime beaucoup ne sont probablement pas jetés <eos>,13,jetés,jetées,11,M,S,jetés,-7.5127754,jetées,-11.039359,1
6038,P_NOUN_8_PASS_b,M,P,les bracelets avec le crayon que j' aime beaucoup ne sont probablement pas laissés <eos>,13,laissés,laissées,11,M,S,laissés,-7.9496574,laissées,-11.044328,1
6039,P_NOUN_8_PASS_b,M,P,les bracelets avec le crayon que j' aime beaucoup ne sont probablement pas ouverts <eos>,13,ouverts,ouvertes,11,M,S,ouverts,-8.349808,ouvertes,-11.569192,1
6040,P_NOUN_8_PASS_b,M,P,les bracelets avec le crayon que j' aime beaucoup ne sont probablement pas perdus <eos>,13,perdus,perdues,11,M,S,perdus,-6.5679836,perdues,-9.366539,1
6041,P_NOUN_8_PASS_b,M,P,les bracelets avec le crayon que j' aime beaucoup ne sont probablement pas réparés <eos>,13,réparés,réparées,11,M,S,réparés,-11.486943,réparées,-12.0160675,1
6042,P_NOUN_8_PASS_b,M,P,les bracelets avec le crayon que j' aime beaucoup ne sont probablement pas retirés <eos>,13,retirés,retirées,11,M,S,retirés,-8.473076,retirées,-10.598755,1
6043,P_NOUN_8_PASS_b,M,P,les bracelets avec le crayon que j' aime beaucoup ne sont probablement pas tombés <eos>,13,tombés,tombées,11,M,S,tombés,-6.6109114,tombées,-10.397296,1
6044,P_NOUN_8_PASS_b,M,P,les bracelets avec le crayon que j' aime beaucoup ne sont probablement pas utilisés <eos>,13,utilisés,utilisées,11,M,S,utilisés,-4.8957376,utilisées,-8.287065,1
6045,P_NOUN_8_PASS_b,M,P,les bracelets avec le rideau que j' aime beaucoup ne sont probablement pas achetés <eos>,13,achetés,achetées,11,M,S,achetés,-9.759992,achetées,-13.502603,1
6046,P_NOUN_8_PASS_b,M,P,les bracelets avec le rideau que j' aime beaucoup ne sont probablement pas brisés <eos>,13,brisés,brisées,11,M,S,brisés,-10.204187,brisées,-11.344435,1
6047,P_NOUN_8_PASS_b,M,P,les bracelets avec le rideau que j' aime beaucoup ne sont probablement pas cachés <eos>,13,cachés,cachées,11,M,S,cachés,-7.5450783,cachées,-10.551318,1
6048,P_NOUN_8_PASS_b,M,P,les bracelets avec le rideau que j' aime beaucoup ne sont probablement pas cassés <eos>,13,cassés,cassées,11,M,S,cassés,-9.718638,cassées,-10.492989,1
6049,P_NOUN_8_PASS_b,M,P,les bracelets avec le rideau que j' aime beaucoup ne sont probablement pas couverts <eos>,13,couverts,couvertes,11,M,S,couverts,-7.398262,couvertes,-11.225436,1
6050,P_NOUN_8_PASS_b,M,P,les bracelets avec le rideau que j' aime beaucoup ne sont probablement pas déformés <eos>,13,déformés,déformées,11,M,S,déformés,-11.103405,déformées,-10.403643,0
6051,P_NOUN_8_PASS_b,M,P,les bracelets avec le rideau que j' aime beaucoup ne sont probablement pas fixés <eos>,13,fixés,fixées,11,M,S,fixés,-8.520609,fixées,-10.420215,1
6052,P_NOUN_8_PASS_b,M,P,les bracelets avec le rideau que j' aime beaucoup ne sont probablement pas jetés <eos>,13,jetés,jetées,11,M,S,jetés,-7.6129313,jetées,-10.954866,1
6053,P_NOUN_8_PASS_b,M,P,les bracelets avec le rideau que j' aime beaucoup ne sont probablement pas laissés <eos>,13,laissés,laissées,11,M,S,laissés,-8.336706,laissées,-11.284441,1
6054,P_NOUN_8_PASS_b,M,P,les bracelets avec le rideau que j' aime beaucoup ne sont probablement pas ouverts <eos>,13,ouverts,ouvertes,11,M,S,ouverts,-8.015593,ouvertes,-11.169308,1
6055,P_NOUN_8_PASS_b,M,P,les bracelets avec le rideau que j' aime beaucoup ne sont probablement pas perdus <eos>,13,perdus,perdues,11,M,S,perdus,-6.7612867,perdues,-10.009544,1
6056,P_NOUN_8_PASS_b,M,P,les bracelets avec le rideau que j' aime beaucoup ne sont probablement pas réparés <eos>,13,réparés,réparées,11,M,S,réparés,-11.363382,réparées,-12.394666,1
6057,P_NOUN_8_PASS_b,M,P,les bracelets avec le rideau que j' aime beaucoup ne sont probablement pas retirés <eos>,13,retirés,retirées,11,M,S,retirés,-8.8328285,retirées,-11.070566,1
6058,P_NOUN_8_PASS_b,M,P,les bracelets avec le rideau que j' aime beaucoup ne sont probablement pas tombés <eos>,13,tombés,tombées,11,M,S,tombés,-6.264081,tombées,-10.327637,1
6059,P_NOUN_8_PASS_b,M,P,les bracelets avec le rideau que j' aime beaucoup ne sont probablement pas utilisés <eos>,13,utilisés,utilisées,11,M,S,utilisés,-5.2176256,utilisées,-8.606408,1
6060,P_NOUN_8_PASS_b,M,P,les bracelets avec le cahier que j' aime beaucoup ne sont probablement pas achetés <eos>,13,achetés,achetées,11,M,S,achetés,-9.255095,achetées,-13.439123,1
6061,P_NOUN_8_PASS_b,M,P,les bracelets avec le cahier que j' aime beaucoup ne sont probablement pas brisés <eos>,13,brisés,brisées,11,M,S,brisés,-10.4093075,brisées,-11.93165,1
6062,P_NOUN_8_PASS_b,M,P,les bracelets avec le cahier que j' aime beaucoup ne sont probablement pas cachés <eos>,13,cachés,cachées,11,M,S,cachés,-7.540096,cachées,-11.344837,1
6063,P_NOUN_8_PASS_b,M,P,les bracelets avec le cahier que j' aime beaucoup ne sont probablement pas cassés <eos>,13,cassés,cassées,11,M,S,cassés,-10.294473,cassées,-11.193933,1
6064,P_NOUN_8_PASS_b,M,P,les bracelets avec le cahier que j' aime beaucoup ne sont probablement pas couverts <eos>,13,couverts,couvertes,11,M,S,couverts,-7.3098106,couvertes,-12.08223,1
6065,P_NOUN_8_PASS_b,M,P,les bracelets avec le cahier que j' aime beaucoup ne sont probablement pas déformés <eos>,13,déformés,déformées,11,M,S,déformés,-10.865377,déformées,-10.898644,1
6066,P_NOUN_8_PASS_b,M,P,les bracelets avec le cahier que j' aime beaucoup ne sont probablement pas fixés <eos>,13,fixés,fixées,11,M,S,fixés,-8.887714,fixées,-10.942365,1
6067,P_NOUN_8_PASS_b,M,P,les bracelets avec le cahier que j' aime beaucoup ne sont probablement pas jetés <eos>,13,jetés,jetées,11,M,S,jetés,-8.0529995,jetées,-11.952459,1
6068,P_NOUN_8_PASS_b,M,P,les bracelets avec le cahier que j' aime beaucoup ne sont probablement pas laissés <eos>,13,laissés,laissées,11,M,S,laissés,-8.143338,laissées,-11.985719,1
6069,P_NOUN_8_PASS_b,M,P,les bracelets avec le cahier que j' aime beaucoup ne sont probablement pas ouverts <eos>,13,ouverts,ouvertes,11,M,S,ouverts,-7.7428837,ouvertes,-11.651915,1
6070,P_NOUN_8_PASS_b,M,P,les bracelets avec le cahier que j' aime beaucoup ne sont probablement pas perdus <eos>,13,perdus,perdues,11,M,S,perdus,-5.9959254,perdues,-9.654875,1
6071,P_NOUN_8_PASS_b,M,P,les bracelets avec le cahier que j' aime beaucoup ne sont probablement pas réparés <eos>,13,réparés,réparées,11,M,S,réparés,-11.650588,réparées,-12.687663,1
6072,P_NOUN_8_PASS_b,M,P,les bracelets avec le cahier que j' aime beaucoup ne sont probablement pas retirés <eos>,13,retirés,retirées,11,M,S,retirés,-8.205912,retirées,-11.184815,1
6073,P_NOUN_8_PASS_b,M,P,les bracelets avec le cahier que j' aime beaucoup ne sont probablement pas tombés <eos>,13,tombés,tombées,11,M,S,tombés,-6.1627445,tombées,-10.835789,1
6074,P_NOUN_8_PASS_b,M,P,les bracelets avec le cahier que j' aime beaucoup ne sont probablement pas utilisés <eos>,13,utilisés,utilisées,11,M,S,utilisés,-5.314231,utilisées,-9.07426,1
6075,P_NOUN_8_PASS_b,M,P,les bracelets avec le micro que j' aime beaucoup ne sont probablement pas achetés <eos>,13,achetés,achetées,11,M,S,achetés,-9.519687,achetées,-13.353228,1
6076,P_NOUN_8_PASS_b,M,P,les bracelets avec le micro que j' aime beaucoup ne sont probablement pas brisés <eos>,13,brisés,brisées,11,M,S,brisés,-10.202291,brisées,-11.365196,1
6077,P_NOUN_8_PASS_b,M,P,les bracelets avec le micro que j' aime beaucoup ne sont probablement pas cachés <eos>,13,cachés,cachées,11,M,S,cachés,-7.2785587,cachées,-10.5816345,1
6078,P_NOUN_8_PASS_b,M,P,les bracelets avec le micro que j' aime beaucoup ne sont probablement pas cassés <eos>,13,cassés,cassées,11,M,S,cassés,-9.843744,cassées,-10.648553,1
6079,P_NOUN_8_PASS_b,M,P,les bracelets avec le micro que j' aime beaucoup ne sont probablement pas couverts <eos>,13,couverts,couvertes,11,M,S,couverts,-7.6279917,couvertes,-11.297642,1
6080,P_NOUN_8_PASS_b,M,P,les bracelets avec le micro que j' aime beaucoup ne sont probablement pas déformés <eos>,13,déformés,déformées,11,M,S,déformés,-11.19382,déformées,-10.602908,0
6081,P_NOUN_8_PASS_b,M,P,les bracelets avec le micro que j' aime beaucoup ne sont probablement pas fixés <eos>,13,fixés,fixées,11,M,S,fixés,-8.496218,fixées,-10.933277,1
6082,P_NOUN_8_PASS_b,M,P,les bracelets avec le micro que j' aime beaucoup ne sont probablement pas jetés <eos>,13,jetés,jetées,11,M,S,jetés,-7.789345,jetées,-11.2265625,1
6083,P_NOUN_8_PASS_b,M,P,les bracelets avec le micro que j' aime beaucoup ne sont probablement pas laissés <eos>,13,laissés,laissées,11,M,S,laissés,-8.343271,laissées,-11.242499,1
6084,P_NOUN_8_PASS_b,M,P,les bracelets avec le micro que j' aime beaucoup ne sont probablement pas ouverts <eos>,13,ouverts,ouvertes,11,M,S,ouverts,-7.951159,ouvertes,-11.266502,1
6085,P_NOUN_8_PASS_b,M,P,les bracelets avec le micro que j' aime beaucoup ne sont probablement pas perdus <eos>,13,perdus,perdues,11,M,S,perdus,-6.743047,perdues,-10.250931,1
6086,P_NOUN_8_PASS_b,M,P,les bracelets avec le micro que j' aime beaucoup ne sont probablement pas réparés <eos>,13,réparés,réparées,11,M,S,réparés,-11.577496,réparées,-12.520054,1
6087,P_NOUN_8_PASS_b,M,P,les bracelets avec le micro que j' aime beaucoup ne sont probablement pas retirés <eos>,13,retirés,retirées,11,M,S,retirés,-8.862767,retirées,-11.11843,1
6088,P_NOUN_8_PASS_b,M,P,les bracelets avec le micro que j' aime beaucoup ne sont probablement pas tombés <eos>,13,tombés,tombées,11,M,S,tombés,-6.72149,tombées,-10.73036,1
6089,P_NOUN_8_PASS_b,M,P,les bracelets avec le micro que j' aime beaucoup ne sont probablement pas utilisés <eos>,13,utilisés,utilisées,11,M,S,utilisés,-5.2771635,utilisées,-8.711917,1
6090,P_NOUN_8_PASS_b,M,P,les bracelets avec le sac que j' aime beaucoup ne sont probablement pas achetés <eos>,13,achetés,achetées,11,M,S,achetés,-9.38493,achetées,-13.372542,1
6091,P_NOUN_8_PASS_b,M,P,les bracelets avec le sac que j' aime beaucoup ne sont probablement pas brisés <eos>,13,brisés,brisées,11,M,S,brisés,-10.201964,brisées,-11.331054,1
6092,P_NOUN_8_PASS_b,M,P,les bracelets avec le sac que j' aime beaucoup ne sont probablement pas cachés <eos>,13,cachés,cachées,11,M,S,cachés,-7.1941814,cachées,-10.649305,1
6093,P_NOUN_8_PASS_b,M,P,les bracelets avec le sac que j' aime beaucoup ne sont probablement pas cassés <eos>,13,cassés,cassées,11,M,S,cassés,-9.63338,cassées,-10.265945,1
6094,P_NOUN_8_PASS_b,M,P,les bracelets avec le sac que j' aime beaucoup ne sont probablement pas couverts <eos>,13,couverts,couvertes,11,M,S,couverts,-7.4157987,couvertes,-11.312849,1
6095,P_NOUN_8_PASS_b,M,P,les bracelets avec le sac que j' aime beaucoup ne sont probablement pas déformés <eos>,13,déformés,déformées,11,M,S,déformés,-11.467442,déformées,-10.587449,0
6096,P_NOUN_8_PASS_b,M,P,les bracelets avec le sac que j' aime beaucoup ne sont probablement pas fixés <eos>,13,fixés,fixées,11,M,S,fixés,-8.628047,fixées,-10.647298,1
6097,P_NOUN_8_PASS_b,M,P,les bracelets avec le sac que j' aime beaucoup ne sont probablement pas jetés <eos>,13,jetés,jetées,11,M,S,jetés,-7.4688807,jetées,-10.785947,1
6098,P_NOUN_8_PASS_b,M,P,les bracelets avec le sac que j' aime beaucoup ne sont probablement pas laissés <eos>,13,laissés,laissées,11,M,S,laissés,-8.181955,laissées,-11.262262,1
6099,P_NOUN_8_PASS_b,M,P,les bracelets avec le sac que j' aime beaucoup ne sont probablement pas ouverts <eos>,13,ouverts,ouvertes,11,M,S,ouverts,-8.219167,ouvertes,-11.368335,1
6100,P_NOUN_8_PASS_b,M,P,les bracelets avec le sac que j' aime beaucoup ne sont probablement pas perdus <eos>,13,perdus,perdues,11,M,S,perdus,-6.696805,perdues,-9.807041,1
6101,P_NOUN_8_PASS_b,M,P,les bracelets avec le sac que j' aime beaucoup ne sont probablement pas réparés <eos>,13,réparés,réparées,11,M,S,réparés,-11.443379,réparées,-12.401077,1
6102,P_NOUN_8_PASS_b,M,P,les bracelets avec le sac que j' aime beaucoup ne sont probablement pas retirés <eos>,13,retirés,retirées,11,M,S,retirés,-8.574719,retirées,-11.031861,1
6103,P_NOUN_8_PASS_b,M,P,les bracelets avec le sac que j' aime beaucoup ne sont probablement pas tombés <eos>,13,tombés,tombées,11,M,S,tombés,-6.0623045,tombées,-10.4152775,1
6104,P_NOUN_8_PASS_b,M,P,les bracelets avec le sac que j' aime beaucoup ne sont probablement pas utilisés <eos>,13,utilisés,utilisées,11,M,S,utilisés,-4.996797,utilisées,-8.490436,1
6105,P_NOUN_8_PASS_b,M,P,les bracelets avec le clavier que j' aime beaucoup ne sont probablement pas achetés <eos>,13,achetés,achetées,11,M,S,achetés,-9.7660055,achetées,-13.643059,1
6106,P_NOUN_8_PASS_b,M,P,les bracelets avec le clavier que j' aime beaucoup ne sont probablement pas brisés <eos>,13,brisés,brisées,11,M,S,brisés,-10.343113,brisées,-11.375521,1
6107,P_NOUN_8_PASS_b,M,P,les bracelets avec le clavier que j' aime beaucoup ne sont probablement pas cachés <eos>,13,cachés,cachées,11,M,S,cachés,-7.3353586,cachées,-10.576077,1
6108,P_NOUN_8_PASS_b,M,P,les bracelets avec le clavier que j' aime beaucoup ne sont probablement pas cassés <eos>,13,cassés,cassées,11,M,S,cassés,-9.993872,cassées,-10.727626,1
6109,P_NOUN_8_PASS_b,M,P,les bracelets avec le clavier que j' aime beaucoup ne sont probablement pas couverts <eos>,13,couverts,couvertes,11,M,S,couverts,-7.867568,couvertes,-11.61776,1
6110,P_NOUN_8_PASS_b,M,P,les bracelets avec le clavier que j' aime beaucoup ne sont probablement pas déformés <eos>,13,déformés,déformées,11,M,S,déformés,-11.129004,déformées,-10.041296,0
6111,P_NOUN_8_PASS_b,M,P,les bracelets avec le clavier que j' aime beaucoup ne sont probablement pas fixés <eos>,13,fixés,fixées,11,M,S,fixés,-8.276422,fixées,-10.738806,1
6112,P_NOUN_8_PASS_b,M,P,les bracelets avec le clavier que j' aime beaucoup ne sont probablement pas jetés <eos>,13,jetés,jetées,11,M,S,jetés,-8.018408,jetées,-11.5789585,1
6113,P_NOUN_8_PASS_b,M,P,les bracelets avec le clavier que j' aime beaucoup ne sont probablement pas laissés <eos>,13,laissés,laissées,11,M,S,laissés,-8.485722,laissées,-11.288412,1
6114,P_NOUN_8_PASS_b,M,P,les bracelets avec le clavier que j' aime beaucoup ne sont probablement pas ouverts <eos>,13,ouverts,ouvertes,11,M,S,ouverts,-8.1827965,ouvertes,-11.452639,1
6115,P_NOUN_8_PASS_b,M,P,les bracelets avec le clavier que j' aime beaucoup ne sont probablement pas perdus <eos>,13,perdus,perdues,11,M,S,perdus,-6.707089,perdues,-9.972561,1
6116,P_NOUN_8_PASS_b,M,P,les bracelets avec le clavier que j' aime beaucoup ne sont probablement pas réparés <eos>,13,réparés,réparées,11,M,S,réparés,-11.839348,réparées,-12.745056,1
6117,P_NOUN_8_PASS_b,M,P,les bracelets avec le clavier que j' aime beaucoup ne sont probablement pas retirés <eos>,13,retirés,retirées,11,M,S,retirés,-8.941664,retirées,-11.152526,1
6118,P_NOUN_8_PASS_b,M,P,les bracelets avec le clavier que j' aime beaucoup ne sont probablement pas tombés <eos>,13,tombés,tombées,11,M,S,tombés,-6.9036245,tombées,-10.965437,1
6119,P_NOUN_8_PASS_b,M,P,les bracelets avec le clavier que j' aime beaucoup ne sont probablement pas utilisés <eos>,13,utilisés,utilisées,11,M,S,utilisés,-4.752544,utilisées,-8.29707,1
6120,P_NOUN_8_PASS_b,M,P,les bracelets avec le raisin que j' aime beaucoup ne sont probablement pas achetés <eos>,13,achetés,achetées,11,M,S,achetés,-8.626122,achetées,-12.650231,1
6121,P_NOUN_8_PASS_b,M,P,les bracelets avec le raisin que j' aime beaucoup ne sont probablement pas brisés <eos>,13,brisés,brisées,11,M,S,brisés,-10.715654,brisées,-11.595071,1
6122,P_NOUN_8_PASS_b,M,P,les bracelets avec le raisin que j' aime beaucoup ne sont probablement pas cachés <eos>,13,cachés,cachées,11,M,S,cachés,-7.6548615,cachées,-10.795793,1
6123,P_NOUN_8_PASS_b,M,P,les bracelets avec le raisin que j' aime beaucoup ne sont probablement pas cassés <eos>,13,cassés,cassées,11,M,S,cassés,-8.75927,cassées,-10.595191,1
6124,P_NOUN_8_PASS_b,M,P,les bracelets avec le raisin que j' aime beaucoup ne sont probablement pas couverts <eos>,13,couverts,couvertes,11,M,S,couverts,-6.933586,couvertes,-11.233537,1
6125,P_NOUN_8_PASS_b,M,P,les bracelets avec le raisin que j' aime beaucoup ne sont probablement pas déformés <eos>,13,déformés,déformées,11,M,S,déformés,-12.167644,déformées,-10.966857,0
6126,P_NOUN_8_PASS_b,M,P,les bracelets avec le raisin que j' aime beaucoup ne sont probablement pas fixés <eos>,13,fixés,fixées,11,M,S,fixés,-8.490633,fixées,-10.827126,1
6127,P_NOUN_8_PASS_b,M,P,les bracelets avec le raisin que j' aime beaucoup ne sont probablement pas jetés <eos>,13,jetés,jetées,11,M,S,jetés,-8.227106,jetées,-12.189344,1
6128,P_NOUN_8_PASS_b,M,P,les bracelets avec le raisin que j' aime beaucoup ne sont probablement pas laissés <eos>,13,laissés,laissées,11,M,S,laissés,-8.105916,laissées,-10.995321,1
6129,P_NOUN_8_PASS_b,M,P,les bracelets avec le raisin que j' aime beaucoup ne sont probablement pas ouverts <eos>,13,ouverts,ouvertes,11,M,S,ouverts,-8.748371,ouvertes,-11.531941,1
6130,P_NOUN_8_PASS_b,M,P,les bracelets avec le raisin que j' aime beaucoup ne sont probablement pas perdus <eos>,13,perdus,perdues,11,M,S,perdus,-7.2208414,perdues,-10.064263,1
6131,P_NOUN_8_PASS_b,M,P,les bracelets avec le raisin que j' aime beaucoup ne sont probablement pas réparés <eos>,13,réparés,réparées,11,M,S,réparés,-11.885006,réparées,-12.689825,1
6132,P_NOUN_8_PASS_b,M,P,les bracelets avec le raisin que j' aime beaucoup ne sont probablement pas retirés <eos>,13,retirés,retirées,11,M,S,retirés,-8.500785,retirées,-10.846602,1
6133,P_NOUN_8_PASS_b,M,P,les bracelets avec le raisin que j' aime beaucoup ne sont probablement pas tombés <eos>,13,tombés,tombées,11,M,S,tombés,-6.2874603,tombées,-10.082456,1
6134,P_NOUN_8_PASS_b,M,P,les bracelets avec le raisin que j' aime beaucoup ne sont probablement pas utilisés <eos>,13,utilisés,utilisées,11,M,S,utilisés,-4.7888584,utilisées,-8.181515,1
6135,P_NOUN_8_PASS_b,M,P,les bracelets avec le chargeur que j' aime beaucoup ne sont probablement pas achetés <eos>,13,achetés,achetées,11,M,S,achetés,-8.96439,achetées,-12.866816,1
6136,P_NOUN_8_PASS_b,M,P,les bracelets avec le chargeur que j' aime beaucoup ne sont probablement pas brisés <eos>,13,brisés,brisées,11,M,S,brisés,-10.625029,brisées,-11.438065,1
6137,P_NOUN_8_PASS_b,M,P,les bracelets avec le chargeur que j' aime beaucoup ne sont probablement pas cachés <eos>,13,cachés,cachées,11,M,S,cachés,-6.771805,cachées,-10.920188,1
6138,P_NOUN_8_PASS_b,M,P,les bracelets avec le chargeur que j' aime beaucoup ne sont probablement pas cassés <eos>,13,cassés,cassées,11,M,S,cassés,-9.660196,cassées,-10.724815,1
6139,P_NOUN_8_PASS_b,M,P,les bracelets avec le chargeur que j' aime beaucoup ne sont probablement pas couverts <eos>,13,couverts,couvertes,11,M,S,couverts,-7.8868523,couvertes,-11.477242,1
6140,P_NOUN_8_PASS_b,M,P,les bracelets avec le chargeur que j' aime beaucoup ne sont probablement pas déformés <eos>,13,déformés,déformées,11,M,S,déformés,-11.998515,déformées,-10.715429,0
6141,P_NOUN_8_PASS_b,M,P,les bracelets avec le chargeur que j' aime beaucoup ne sont probablement pas fixés <eos>,13,fixés,fixées,11,M,S,fixés,-8.539257,fixées,-10.445603,1
6142,P_NOUN_8_PASS_b,M,P,les bracelets avec le chargeur que j' aime beaucoup ne sont probablement pas jetés <eos>,13,jetés,jetées,11,M,S,jetés,-7.76042,jetées,-11.362882,1
6143,P_NOUN_8_PASS_b,M,P,les bracelets avec le chargeur que j' aime beaucoup ne sont probablement pas laissés <eos>,13,laissés,laissées,11,M,S,laissés,-8.047968,laissées,-11.298479,1
6144,P_NOUN_8_PASS_b,M,P,les bracelets avec le chargeur que j' aime beaucoup ne sont probablement pas ouverts <eos>,13,ouverts,ouvertes,11,M,S,ouverts,-8.274473,ouvertes,-11.3001585,1
6145,P_NOUN_8_PASS_b,M,P,les bracelets avec le chargeur que j' aime beaucoup ne sont probablement pas perdus <eos>,13,perdus,perdues,11,M,S,perdus,-6.612987,perdues,-9.545098,1
6146,P_NOUN_8_PASS_b,M,P,les bracelets avec le chargeur que j' aime beaucoup ne sont probablement pas réparés <eos>,13,réparés,réparées,11,M,S,réparés,-11.277643,réparées,-12.184134,1
6147,P_NOUN_8_PASS_b,M,P,les bracelets avec le chargeur que j' aime beaucoup ne sont probablement pas retirés <eos>,13,retirés,retirées,11,M,S,retirés,-7.8509245,retirées,-10.683112,1
6148,P_NOUN_8_PASS_b,M,P,les bracelets avec le chargeur que j' aime beaucoup ne sont probablement pas tombés <eos>,13,tombés,tombées,11,M,S,tombés,-6.330695,tombées,-10.613672,1
6149,P_NOUN_8_PASS_b,M,P,les bracelets avec le chargeur que j' aime beaucoup ne sont probablement pas utilisés <eos>,13,utilisés,utilisées,11,M,S,utilisés,-4.634651,utilisées,-8.161617,1
6150,P_NOUN_8_PASS_b,M,P,les bracelets avec le vase que j' aime beaucoup ne sont probablement pas achetés <eos>,13,achetés,achetées,11,M,S,achetés,-9.196161,achetées,-13.147388,1
6151,P_NOUN_8_PASS_b,M,P,les bracelets avec le vase que j' aime beaucoup ne sont probablement pas brisés <eos>,13,brisés,brisées,11,M,S,brisés,-10.155204,brisées,-11.220679,1
6152,P_NOUN_8_PASS_b,M,P,les bracelets avec le vase que j' aime beaucoup ne sont probablement pas cachés <eos>,13,cachés,cachées,11,M,S,cachés,-7.26411,cachées,-10.606771,1
6153,P_NOUN_8_PASS_b,M,P,les bracelets avec le vase que j' aime beaucoup ne sont probablement pas cassés <eos>,13,cassés,cassées,11,M,S,cassés,-9.354669,cassées,-10.719138,1
6154,P_NOUN_8_PASS_b,M,P,les bracelets avec le vase que j' aime beaucoup ne sont probablement pas couverts <eos>,13,couverts,couvertes,11,M,S,couverts,-7.3858852,couvertes,-11.2543335,1
6155,P_NOUN_8_PASS_b,M,P,les bracelets avec le vase que j' aime beaucoup ne sont probablement pas déformés <eos>,13,déformés,déformées,11,M,S,déformés,-11.071615,déformées,-10.334517,0
6156,P_NOUN_8_PASS_b,M,P,les bracelets avec le vase que j' aime beaucoup ne sont probablement pas fixés <eos>,13,fixés,fixées,11,M,S,fixés,-8.5546665,fixées,-10.781237,1
6157,P_NOUN_8_PASS_b,M,P,les bracelets avec le vase que j' aime beaucoup ne sont probablement pas jetés <eos>,13,jetés,jetées,11,M,S,jetés,-7.4154778,jetées,-10.867942,1
6158,P_NOUN_8_PASS_b,M,P,les bracelets avec le vase que j' aime beaucoup ne sont probablement pas laissés <eos>,13,laissés,laissées,11,M,S,laissés,-7.8759627,laissées,-10.941225,1
6159,P_NOUN_8_PASS_b,M,P,les bracelets avec le vase que j' aime beaucoup ne sont probablement pas ouverts <eos>,13,ouverts,ouvertes,11,M,S,ouverts,-7.802185,ouvertes,-11.122711,1
6160,P_NOUN_8_PASS_b,M,P,les bracelets avec le vase que j' aime beaucoup ne sont probablement pas perdus <eos>,13,perdus,perdues,11,M,S,perdus,-6.1744304,perdues,-9.570559,1
6161,P_NOUN_8_PASS_b,M,P,les bracelets avec le vase que j' aime beaucoup ne sont probablement pas réparés <eos>,13,réparés,réparées,11,M,S,réparés,-10.977319,réparées,-12.1501665,1
6162,P_NOUN_8_PASS_b,M,P,les bracelets avec le vase que j' aime beaucoup ne sont probablement pas retirés <eos>,13,retirés,retirées,11,M,S,retirés,-8.578072,retirées,-11.040558,1
6163,P_NOUN_8_PASS_b,M,P,les bracelets avec le vase que j' aime beaucoup ne sont probablement pas tombés <eos>,13,tombés,tombées,11,M,S,tombés,-6.291114,tombées,-10.181853,1
6164,P_NOUN_8_PASS_b,M,P,les bracelets avec le vase que j' aime beaucoup ne sont probablement pas utilisés <eos>,13,utilisés,utilisées,11,M,S,utilisés,-5.448976,utilisées,-8.748838,1
6165,P_NOUN_8_PASS_b,M,P,les bracelets avec le panier que j' aime beaucoup ne sont probablement pas achetés <eos>,13,achetés,achetées,11,M,S,achetés,-9.058052,achetées,-12.859562,1
6166,P_NOUN_8_PASS_b,M,P,les bracelets avec le panier que j' aime beaucoup ne sont probablement pas brisés <eos>,13,brisés,brisées,11,M,S,brisés,-10.21648,brisées,-11.186985,1
6167,P_NOUN_8_PASS_b,M,P,les bracelets avec le panier que j' aime beaucoup ne sont probablement pas cachés <eos>,13,cachés,cachées,11,M,S,cachés,-7.419733,cachées,-10.95604,1
6168,P_NOUN_8_PASS_b,M,P,les bracelets avec le panier que j' aime beaucoup ne sont probablement pas cassés <eos>,13,cassés,cassées,11,M,S,cassés,-9.632087,cassées,-10.538693,1
6169,P_NOUN_8_PASS_b,M,P,les bracelets avec le panier que j' aime beaucoup ne sont probablement pas couverts <eos>,13,couverts,couvertes,11,M,S,couverts,-7.341147,couvertes,-11.399071,1
6170,P_NOUN_8_PASS_b,M,P,les bracelets avec le panier que j' aime beaucoup ne sont probablement pas déformés <eos>,13,déformés,déformées,11,M,S,déformés,-11.676181,déformées,-10.747139,0
6171,P_NOUN_8_PASS_b,M,P,les bracelets avec le panier que j' aime beaucoup ne sont probablement pas fixés <eos>,13,fixés,fixées,11,M,S,fixés,-8.367133,fixées,-10.810593,1
6172,P_NOUN_8_PASS_b,M,P,les bracelets avec le panier que j' aime beaucoup ne sont probablement pas jetés <eos>,13,jetés,jetées,11,M,S,jetés,-7.597918,jetées,-11.091152,1
6173,P_NOUN_8_PASS_b,M,P,les bracelets avec le panier que j' aime beaucoup ne sont probablement pas laissés <eos>,13,laissés,laissées,11,M,S,laissés,-8.16017,laissées,-11.136725,1
6174,P_NOUN_8_PASS_b,M,P,les bracelets avec le panier que j' aime beaucoup ne sont probablement pas ouverts <eos>,13,ouverts,ouvertes,11,M,S,ouverts,-7.935876,ouvertes,-11.366797,1
6175,P_NOUN_8_PASS_b,M,P,les bracelets avec le panier que j' aime beaucoup ne sont probablement pas perdus <eos>,13,perdus,perdues,11,M,S,perdus,-6.358245,perdues,-9.770747,1
6176,P_NOUN_8_PASS_b,M,P,les bracelets avec le panier que j' aime beaucoup ne sont probablement pas réparés <eos>,13,réparés,réparées,11,M,S,réparés,-11.374718,réparées,-12.404021,1
6177,P_NOUN_8_PASS_b,M,P,les bracelets avec le panier que j' aime beaucoup ne sont probablement pas retirés <eos>,13,retirés,retirées,11,M,S,retirés,-8.464654,retirées,-11.008221,1
6178,P_NOUN_8_PASS_b,M,P,les bracelets avec le panier que j' aime beaucoup ne sont probablement pas tombés <eos>,13,tombés,tombées,11,M,S,tombés,-6.300193,tombées,-10.591238,1
6179,P_NOUN_8_PASS_b,M,P,les bracelets avec le panier que j' aime beaucoup ne sont probablement pas utilisés <eos>,13,utilisés,utilisées,11,M,S,utilisés,-5.1367273,utilisées,-8.640297,1
6180,P_NOUN_8_PASS_b,M,P,les bracelets avec le collier que j' aime beaucoup ne sont probablement pas achetés <eos>,13,achetés,achetées,11,M,S,achetés,-9.387035,achetées,-13.294351,1
6181,P_NOUN_8_PASS_b,M,P,les bracelets avec le collier que j' aime beaucoup ne sont probablement pas brisés <eos>,13,brisés,brisées,11,M,S,brisés,-10.257889,brisées,-11.259281,1
6182,P_NOUN_8_PASS_b,M,P,les bracelets avec le collier que j' aime beaucoup ne sont probablement pas cachés <eos>,13,cachés,cachées,11,M,S,cachés,-7.302602,cachées,-10.796208,1
6183,P_NOUN_8_PASS_b,M,P,les bracelets avec le collier que j' aime beaucoup ne sont probablement pas cassés <eos>,13,cassés,cassées,11,M,S,cassés,-9.738002,cassées,-10.548048,1
6184,P_NOUN_8_PASS_b,M,P,les bracelets avec le collier que j' aime beaucoup ne sont probablement pas couverts <eos>,13,couverts,couvertes,11,M,S,couverts,-7.6425633,couvertes,-11.748106,1
6185,P_NOUN_8_PASS_b,M,P,les bracelets avec le collier que j' aime beaucoup ne sont probablement pas déformés <eos>,13,déformés,déformées,11,M,S,déformés,-11.445847,déformées,-10.673321,0
6186,P_NOUN_8_PASS_b,M,P,les bracelets avec le collier que j' aime beaucoup ne sont probablement pas fixés <eos>,13,fixés,fixées,11,M,S,fixés,-8.574945,fixées,-10.668728,1
6187,P_NOUN_8_PASS_b,M,P,les bracelets avec le collier que j' aime beaucoup ne sont probablement pas jetés <eos>,13,jetés,jetées,11,M,S,jetés,-7.3954945,jetées,-10.943421,1
6188,P_NOUN_8_PASS_b,M,P,les bracelets avec le collier que j' aime beaucoup ne sont probablement pas laissés <eos>,13,laissés,laissées,11,M,S,laissés,-8.357384,laissées,-11.479935,1
6189,P_NOUN_8_PASS_b,M,P,les bracelets avec le collier que j' aime beaucoup ne sont probablement pas ouverts <eos>,13,ouverts,ouvertes,11,M,S,ouverts,-8.370052,ouvertes,-11.707783,1
6190,P_NOUN_8_PASS_b,M,P,les bracelets avec le collier que j' aime beaucoup ne sont probablement pas perdus <eos>,13,perdus,perdues,11,M,S,perdus,-6.5669327,perdues,-9.772577,1
6191,P_NOUN_8_PASS_b,M,P,les bracelets avec le collier que j' aime beaucoup ne sont probablement pas réparés <eos>,13,réparés,réparées,11,M,S,réparés,-11.583823,réparées,-12.7588215,1
6192,P_NOUN_8_PASS_b,M,P,les bracelets avec le collier que j' aime beaucoup ne sont probablement pas retirés <eos>,13,retirés,retirées,11,M,S,retirés,-8.53191,retirées,-11.236839,1
6193,P_NOUN_8_PASS_b,M,P,les bracelets avec le collier que j' aime beaucoup ne sont probablement pas tombés <eos>,13,tombés,tombées,11,M,S,tombés,-5.9258146,tombées,-10.605087,1
6194,P_NOUN_8_PASS_b,M,P,les bracelets avec le collier que j' aime beaucoup ne sont probablement pas utilisés <eos>,13,utilisés,utilisées,11,M,S,utilisés,-5.1443176,utilisées,-8.760152,1
6195,P_NOUN_8_PASS_b,M,P,les bracelets avec le chapeau que j' aime beaucoup ne sont probablement pas achetés <eos>,13,achetés,achetées,11,M,S,achetés,-9.382984,achetées,-13.2182255,1
6196,P_NOUN_8_PASS_b,M,P,les bracelets avec le chapeau que j' aime beaucoup ne sont probablement pas brisés <eos>,13,brisés,brisées,11,M,S,brisés,-10.285742,brisées,-11.32896,1
6197,P_NOUN_8_PASS_b,M,P,les bracelets avec le chapeau que j' aime beaucoup ne sont probablement pas cachés <eos>,13,cachés,cachées,11,M,S,cachés,-7.1376486,cachées,-10.4540615,1
6198,P_NOUN_8_PASS_b,M,P,les bracelets avec le chapeau que j' aime beaucoup ne sont probablement pas cassés <eos>,13,cassés,cassées,11,M,S,cassés,-9.611511,cassées,-10.331343,1
6199,P_NOUN_8_PASS_b,M,P,les bracelets avec le chapeau que j' aime beaucoup ne sont probablement pas couverts <eos>,13,couverts,couvertes,11,M,S,couverts,-7.472973,couvertes,-11.294606,1
6200,P_NOUN_8_PASS_b,M,P,les bracelets avec le chapeau que j' aime beaucoup ne sont probablement pas déformés <eos>,13,déformés,déformées,11,M,S,déformés,-11.244286,déformées,-10.362486,0
6201,P_NOUN_8_PASS_b,M,P,les bracelets avec le chapeau que j' aime beaucoup ne sont probablement pas fixés <eos>,13,fixés,fixées,11,M,S,fixés,-8.889091,fixées,-10.888184,1
6202,P_NOUN_8_PASS_b,M,P,les bracelets avec le chapeau que j' aime beaucoup ne sont probablement pas jetés <eos>,13,jetés,jetées,11,M,S,jetés,-7.46134,jetées,-10.944762,1
6203,P_NOUN_8_PASS_b,M,P,les bracelets avec le chapeau que j' aime beaucoup ne sont probablement pas laissés <eos>,13,laissés,laissées,11,M,S,laissés,-8.216237,laissées,-11.294075,1
6204,P_NOUN_8_PASS_b,M,P,les bracelets avec le chapeau que j' aime beaucoup ne sont probablement pas ouverts <eos>,13,ouverts,ouvertes,11,M,S,ouverts,-8.011495,ouvertes,-11.261215,1
6205,P_NOUN_8_PASS_b,M,P,les bracelets avec le chapeau que j' aime beaucoup ne sont probablement pas perdus <eos>,13,perdus,perdues,11,M,S,perdus,-6.6127405,perdues,-9.754807,1
6206,P_NOUN_8_PASS_b,M,P,les bracelets avec le chapeau que j' aime beaucoup ne sont probablement pas réparés <eos>,13,réparés,réparées,11,M,S,réparés,-11.6466255,réparées,-12.58247,1
6207,P_NOUN_8_PASS_b,M,P,les bracelets avec le chapeau que j' aime beaucoup ne sont probablement pas retirés <eos>,13,retirés,retirées,11,M,S,retirés,-8.553298,retirées,-11.036632,1
6208,P_NOUN_8_PASS_b,M,P,les bracelets avec le chapeau que j' aime beaucoup ne sont probablement pas tombés <eos>,13,tombés,tombées,11,M,S,tombés,-6.0975323,tombées,-10.290929,1
6209,P_NOUN_8_PASS_b,M,P,les bracelets avec le chapeau que j' aime beaucoup ne sont probablement pas utilisés <eos>,13,utilisés,utilisées,11,M,S,utilisés,-5.266868,utilisées,-8.6008625,1
6210,P_NOUN_8_PASS_b,M,P,les bracelets avec le pot que j' aime beaucoup ne sont probablement pas achetés <eos>,13,achetés,achetées,11,M,S,achetés,-9.197195,achetées,-13.101311,1
6211,P_NOUN_8_PASS_b,M,P,les bracelets avec le pot que j' aime beaucoup ne sont probablement pas brisés <eos>,13,brisés,brisées,11,M,S,brisés,-10.349173,brisées,-11.390917,1
6212,P_NOUN_8_PASS_b,M,P,les bracelets avec le pot que j' aime beaucoup ne sont probablement pas cachés <eos>,13,cachés,cachées,11,M,S,cachés,-7.226156,cachées,-10.69082,1
6213,P_NOUN_8_PASS_b,M,P,les bracelets avec le pot que j' aime beaucoup ne sont probablement pas cassés <eos>,13,cassés,cassées,11,M,S,cassés,-9.447517,cassées,-10.562349,1
6214,P_NOUN_8_PASS_b,M,P,les bracelets avec le pot que j' aime beaucoup ne sont probablement pas couverts <eos>,13,couverts,couvertes,11,M,S,couverts,-7.3230486,couvertes,-11.262062,1
6215,P_NOUN_8_PASS_b,M,P,les bracelets avec le pot que j' aime beaucoup ne sont probablement pas déformés <eos>,13,déformés,déformées,11,M,S,déformés,-11.577562,déformées,-10.744862,0
6216,P_NOUN_8_PASS_b,M,P,les bracelets avec le pot que j' aime beaucoup ne sont probablement pas fixés <eos>,13,fixés,fixées,11,M,S,fixés,-8.474454,fixées,-10.743127,1
6217,P_NOUN_8_PASS_b,M,P,les bracelets avec le pot que j' aime beaucoup ne sont probablement pas jetés <eos>,13,jetés,jetées,11,M,S,jetés,-7.6359825,jetées,-11.017666,1
6218,P_NOUN_8_PASS_b,M,P,les bracelets avec le pot que j' aime beaucoup ne sont probablement pas laissés <eos>,13,laissés,laissées,11,M,S,laissés,-8.116688,laissées,-11.034214,1
6219,P_NOUN_8_PASS_b,M,P,les bracelets avec le pot que j' aime beaucoup ne sont probablement pas ouverts <eos>,13,ouverts,ouvertes,11,M,S,ouverts,-8.2315445,ouvertes,-11.453238,1
6220,P_NOUN_8_PASS_b,M,P,les bracelets avec le pot que j' aime beaucoup ne sont probablement pas perdus <eos>,13,perdus,perdues,11,M,S,perdus,-6.58331,perdues,-9.825202,1
6221,P_NOUN_8_PASS_b,M,P,les bracelets avec le pot que j' aime beaucoup ne sont probablement pas réparés <eos>,13,réparés,réparées,11,M,S,réparés,-11.282267,réparées,-12.348306,1
6222,P_NOUN_8_PASS_b,M,P,les bracelets avec le pot que j' aime beaucoup ne sont probablement pas retirés <eos>,13,retirés,retirées,11,M,S,retirés,-8.60349,retirées,-10.965209,1
6223,P_NOUN_8_PASS_b,M,P,les bracelets avec le pot que j' aime beaucoup ne sont probablement pas tombés <eos>,13,tombés,tombées,11,M,S,tombés,-6.139452,tombées,-10.240565,1
6224,P_NOUN_8_PASS_b,M,P,les bracelets avec le pot que j' aime beaucoup ne sont probablement pas utilisés <eos>,13,utilisés,utilisées,11,M,S,utilisés,-5.133539,utilisées,-8.575073,1
6225,P_NOUN_8_PASS_b,M,P,les bracelets avec le coussin que j' aime beaucoup ne sont probablement pas achetés <eos>,13,achetés,achetées,11,M,S,achetés,-9.671776,achetées,-13.359405,1
6226,P_NOUN_8_PASS_b,M,P,les bracelets avec le coussin que j' aime beaucoup ne sont probablement pas brisés <eos>,13,brisés,brisées,11,M,S,brisés,-10.066245,brisées,-11.232613,1
6227,P_NOUN_8_PASS_b,M,P,les bracelets avec le coussin que j' aime beaucoup ne sont probablement pas cachés <eos>,13,cachés,cachées,11,M,S,cachés,-7.1682796,cachées,-10.669586,1
6228,P_NOUN_8_PASS_b,M,P,les bracelets avec le coussin que j' aime beaucoup ne sont probablement pas cassés <eos>,13,cassés,cassées,11,M,S,cassés,-9.717604,cassées,-10.368452,1
6229,P_NOUN_8_PASS_b,M,P,les bracelets avec le coussin que j' aime beaucoup ne sont probablement pas couverts <eos>,13,couverts,couvertes,11,M,S,couverts,-7.717077,couvertes,-11.244078,1
6230,P_NOUN_8_PASS_b,M,P,les bracelets avec le coussin que j' aime beaucoup ne sont probablement pas déformés <eos>,13,déformés,déformées,11,M,S,déformés,-11.359975,déformées,-10.459233,0
6231,P_NOUN_8_PASS_b,M,P,les bracelets avec le coussin que j' aime beaucoup ne sont probablement pas fixés <eos>,13,fixés,fixées,11,M,S,fixés,-8.383257,fixées,-10.467102,1
6232,P_NOUN_8_PASS_b,M,P,les bracelets avec le coussin que j' aime beaucoup ne sont probablement pas jetés <eos>,13,jetés,jetées,11,M,S,jetés,-7.7167907,jetées,-10.993011,1
6233,P_NOUN_8_PASS_b,M,P,les bracelets avec le coussin que j' aime beaucoup ne sont probablement pas laissés <eos>,13,laissés,laissées,11,M,S,laissés,-8.310021,laissées,-11.2812395,1
6234,P_NOUN_8_PASS_b,M,P,les bracelets avec le coussin que j' aime beaucoup ne sont probablement pas ouverts <eos>,13,ouverts,ouvertes,11,M,S,ouverts,-8.1930485,ouvertes,-11.331903,1
6235,P_NOUN_8_PASS_b,M,P,les bracelets avec le coussin que j' aime beaucoup ne sont probablement pas perdus <eos>,13,perdus,perdues,11,M,S,perdus,-6.855483,perdues,-10.094098,1
6236,P_NOUN_8_PASS_b,M,P,les bracelets avec le coussin que j' aime beaucoup ne sont probablement pas réparés <eos>,13,réparés,réparées,11,M,S,réparés,-11.638943,réparées,-12.630058,1
6237,P_NOUN_8_PASS_b,M,P,les bracelets avec le coussin que j' aime beaucoup ne sont probablement pas retirés <eos>,13,retirés,retirées,11,M,S,retirés,-8.507778,retirées,-10.956716,1
6238,P_NOUN_8_PASS_b,M,P,les bracelets avec le coussin que j' aime beaucoup ne sont probablement pas tombés <eos>,13,tombés,tombées,11,M,S,tombés,-6.3223534,tombées,-10.569122,1
6239,P_NOUN_8_PASS_b,M,P,les bracelets avec le coussin que j' aime beaucoup ne sont probablement pas utilisés <eos>,13,utilisés,utilisées,11,M,S,utilisés,-5.022622,utilisées,-8.494376,1
6240,P_NOUN_8_PASS_b,M,P,les bracelets avec le jouet que j' aime beaucoup ne sont probablement pas achetés <eos>,13,achetés,achetées,11,M,S,achetés,-9.404396,achetées,-13.467447,1
6241,P_NOUN_8_PASS_b,M,P,les bracelets avec le jouet que j' aime beaucoup ne sont probablement pas brisés <eos>,13,brisés,brisées,11,M,S,brisés,-10.26572,brisées,-11.354679,1
6242,P_NOUN_8_PASS_b,M,P,les bracelets avec le jouet que j' aime beaucoup ne sont probablement pas cachés <eos>,13,cachés,cachées,11,M,S,cachés,-7.3572516,cachées,-10.639383,1
6243,P_NOUN_8_PASS_b,M,P,les bracelets avec le jouet que j' aime beaucoup ne sont probablement pas cassés <eos>,13,cassés,cassées,11,M,S,cassés,-9.747285,cassées,-10.571522,1
6244,P_NOUN_8_PASS_b,M,P,les bracelets avec le jouet que j' aime beaucoup ne sont probablement pas couverts <eos>,13,couverts,couvertes,11,M,S,couverts,-7.680817,couvertes,-11.495003,1
6245,P_NOUN_8_PASS_b,M,P,les bracelets avec le jouet que j' aime beaucoup ne sont probablement pas déformés <eos>,13,déformés,déformées,11,M,S,déformés,-11.241306,déformées,-10.557678,0
6246,P_NOUN_8_PASS_b,M,P,les bracelets avec le jouet que j' aime beaucoup ne sont probablement pas fixés <eos>,13,fixés,fixées,11,M,S,fixés,-8.593814,fixées,-10.710103,1
6247,P_NOUN_8_PASS_b,M,P,les bracelets avec le jouet que j' aime beaucoup ne sont probablement pas jetés <eos>,13,jetés,jetées,11,M,S,jetés,-7.7889843,jetées,-11.213317,1
6248,P_NOUN_8_PASS_b,M,P,les bracelets avec le jouet que j' aime beaucoup ne sont probablement pas laissés <eos>,13,laissés,laissées,11,M,S,laissés,-8.422547,laissées,-11.351984,1
6249,P_NOUN_8_PASS_b,M,P,les bracelets avec le jouet que j' aime beaucoup ne sont probablement pas ouverts <eos>,13,ouverts,ouvertes,11,M,S,ouverts,-8.073475,ouvertes,-11.419431,1
6250,P_NOUN_8_PASS_b,M,P,les bracelets avec le jouet que j' aime beaucoup ne sont probablement pas perdus <eos>,13,perdus,perdues,11,M,S,perdus,-6.7808485,perdues,-10.05896,1
6251,P_NOUN_8_PASS_b,M,P,les bracelets avec le jouet que j' aime beaucoup ne sont probablement pas réparés <eos>,13,réparés,réparées,11,M,S,réparés,-11.9004545,réparées,-12.778219,1
6252,P_NOUN_8_PASS_b,M,P,les bracelets avec le jouet que j' aime beaucoup ne sont probablement pas retirés <eos>,13,retirés,retirées,11,M,S,retirés,-8.8436165,retirées,-11.186884,1
6253,P_NOUN_8_PASS_b,M,P,les bracelets avec le jouet que j' aime beaucoup ne sont probablement pas tombés <eos>,13,tombés,tombées,11,M,S,tombés,-6.657773,tombées,-10.714226,1
6254,P_NOUN_8_PASS_b,M,P,les bracelets avec le jouet que j' aime beaucoup ne sont probablement pas utilisés <eos>,13,utilisés,utilisées,11,M,S,utilisés,-5.2868547,utilisées,-8.676301,1
6255,P_NOUN_8_PASS_b,M,P,les bracelets avec le clou que j' aime beaucoup ne sont probablement pas achetés <eos>,13,achetés,achetées,11,M,S,achetés,-9.474959,achetées,-13.241389,1
6256,P_NOUN_8_PASS_b,M,P,les bracelets avec le clou que j' aime beaucoup ne sont probablement pas brisés <eos>,13,brisés,brisées,11,M,S,brisés,-9.997552,brisées,-11.208958,1
6257,P_NOUN_8_PASS_b,M,P,les bracelets avec le clou que j' aime beaucoup ne sont probablement pas cachés <eos>,13,cachés,cachées,11,M,S,cachés,-7.413686,cachées,-10.6838,1
6258,P_NOUN_8_PASS_b,M,P,les bracelets avec le clou que j' aime beaucoup ne sont probablement pas cassés <eos>,13,cassés,cassées,11,M,S,cassés,-9.463509,cassées,-10.361956,1
6259,P_NOUN_8_PASS_b,M,P,les bracelets avec le clou que j' aime beaucoup ne sont probablement pas couverts <eos>,13,couverts,couvertes,11,M,S,couverts,-7.555459,couvertes,-11.355728,1
6260,P_NOUN_8_PASS_b,M,P,les bracelets avec le clou que j' aime beaucoup ne sont probablement pas déformés <eos>,13,déformés,déformées,11,M,S,déformés,-11.093309,déformées,-10.480923,0
6261,P_NOUN_8_PASS_b,M,P,les bracelets avec le clou que j' aime beaucoup ne sont probablement pas fixés <eos>,13,fixés,fixées,11,M,S,fixés,-8.57595,fixées,-10.65011,1
6262,P_NOUN_8_PASS_b,M,P,les bracelets avec le clou que j' aime beaucoup ne sont probablement pas jetés <eos>,13,jetés,jetées,11,M,S,jetés,-7.754511,jetées,-11.2142105,1
6263,P_NOUN_8_PASS_b,M,P,les bracelets avec le clou que j' aime beaucoup ne sont probablement pas laissés <eos>,13,laissés,laissées,11,M,S,laissés,-8.309729,laissées,-11.35801,1
6264,P_NOUN_8_PASS_b,M,P,les bracelets avec le clou que j' aime beaucoup ne sont probablement pas ouverts <eos>,13,ouverts,ouvertes,11,M,S,ouverts,-8.217775,ouvertes,-11.418383,1
6265,P_NOUN_8_PASS_b,M,P,les bracelets avec le clou que j' aime beaucoup ne sont probablement pas perdus <eos>,13,perdus,perdues,11,M,S,perdus,-6.419919,perdues,-9.797819,1
6266,P_NOUN_8_PASS_b,M,P,les bracelets avec le clou que j' aime beaucoup ne sont probablement pas réparés <eos>,13,réparés,réparées,11,M,S,réparés,-11.454912,réparées,-12.38122,1
6267,P_NOUN_8_PASS_b,M,P,les bracelets avec le clou que j' aime beaucoup ne sont probablement pas retirés <eos>,13,retirés,retirées,11,M,S,retirés,-8.482611,retirées,-10.843227,1
6268,P_NOUN_8_PASS_b,M,P,les bracelets avec le clou que j' aime beaucoup ne sont probablement pas tombés <eos>,13,tombés,tombées,11,M,S,tombés,-6.0850787,tombées,-10.256083,1
6269,P_NOUN_8_PASS_b,M,P,les bracelets avec le clou que j' aime beaucoup ne sont probablement pas utilisés <eos>,13,utilisés,utilisées,11,M,S,utilisés,-5.260864,utilisées,-8.678587,1
6270,P_NOUN_8_PASS_b,M,P,les bracelets avec le billet que j' aime beaucoup ne sont probablement pas achetés <eos>,13,achetés,achetées,11,M,S,achetés,-9.1102495,achetées,-12.644153,1
6271,P_NOUN_8_PASS_b,M,P,les bracelets avec le billet que j' aime beaucoup ne sont probablement pas brisés <eos>,13,brisés,brisées,11,M,S,brisés,-10.943388,brisées,-11.70185,1
6272,P_NOUN_8_PASS_b,M,P,les bracelets avec le billet que j' aime beaucoup ne sont probablement pas cachés <eos>,13,cachés,cachées,11,M,S,cachés,-7.1475143,cachées,-10.945028,1
6273,P_NOUN_8_PASS_b,M,P,les bracelets avec le billet que j' aime beaucoup ne sont probablement pas cassés <eos>,13,cassés,cassées,11,M,S,cassés,-10.073627,cassées,-10.997272,1
6274,P_NOUN_8_PASS_b,M,P,les bracelets avec le billet que j' aime beaucoup ne sont probablement pas couverts <eos>,13,couverts,couvertes,11,M,S,couverts,-7.79671,couvertes,-11.999869,1
6275,P_NOUN_8_PASS_b,M,P,les bracelets avec le billet que j' aime beaucoup ne sont probablement pas déformés <eos>,13,déformés,déformées,11,M,S,déformés,-11.876779,déformées,-11.033997,0
6276,P_NOUN_8_PASS_b,M,P,les bracelets avec le billet que j' aime beaucoup ne sont probablement pas fixés <eos>,13,fixés,fixées,11,M,S,fixés,-8.509075,fixées,-10.707521,1
6277,P_NOUN_8_PASS_b,M,P,les bracelets avec le billet que j' aime beaucoup ne sont probablement pas jetés <eos>,13,jetés,jetées,11,M,S,jetés,-7.784478,jetées,-11.237829,1
6278,P_NOUN_8_PASS_b,M,P,les bracelets avec le billet que j' aime beaucoup ne sont probablement pas laissés <eos>,13,laissés,laissées,11,M,S,laissés,-8.535003,laissées,-11.4357605,1
6279,P_NOUN_8_PASS_b,M,P,les bracelets avec le billet que j' aime beaucoup ne sont probablement pas ouverts <eos>,13,ouverts,ouvertes,11,M,S,ouverts,-8.262222,ouvertes,-11.794196,1
6280,P_NOUN_8_PASS_b,M,P,les bracelets avec le billet que j' aime beaucoup ne sont probablement pas perdus <eos>,13,perdus,perdues,11,M,S,perdus,-6.415116,perdues,-9.403638,1
6281,P_NOUN_8_PASS_b,M,P,les bracelets avec le billet que j' aime beaucoup ne sont probablement pas réparés <eos>,13,réparés,réparées,11,M,S,réparés,-11.966088,réparées,-12.737004,1
6282,P_NOUN_8_PASS_b,M,P,les bracelets avec le billet que j' aime beaucoup ne sont probablement pas retirés <eos>,13,retirés,retirées,11,M,S,retirés,-8.387241,retirées,-10.89575,1
6283,P_NOUN_8_PASS_b,M,P,les bracelets avec le billet que j' aime beaucoup ne sont probablement pas tombés <eos>,13,tombés,tombées,11,M,S,tombés,-6.2592134,tombées,-10.698385,1
6284,P_NOUN_8_PASS_b,M,P,les bracelets avec le billet que j' aime beaucoup ne sont probablement pas utilisés <eos>,13,utilisés,utilisées,11,M,S,utilisés,-5.280266,utilisées,-8.682735,1
6285,P_NOUN_8_PASS_b,M,P,les bracelets avec le légume que j' aime beaucoup ne sont probablement pas achetés <eos>,13,achetés,achetées,11,M,S,achetés,-8.920493,achetées,-13.093344,1
6286,P_NOUN_8_PASS_b,M,P,les bracelets avec le légume que j' aime beaucoup ne sont probablement pas brisés <eos>,13,brisés,brisées,11,M,S,brisés,-10.59099,brisées,-11.631395,1
6287,P_NOUN_8_PASS_b,M,P,les bracelets avec le légume que j' aime beaucoup ne sont probablement pas cachés <eos>,13,cachés,cachées,11,M,S,cachés,-7.833741,cachées,-11.237852,1
6288,P_NOUN_8_PASS_b,M,P,les bracelets avec le légume que j' aime beaucoup ne sont probablement pas cassés <eos>,13,cassés,cassées,11,M,S,cassés,-9.276088,cassées,-10.62616,1
6289,P_NOUN_8_PASS_b,M,P,les bracelets avec le légume que j' aime beaucoup ne sont probablement pas couverts <eos>,13,couverts,couvertes,11,M,S,couverts,-6.8036795,couvertes,-11.120987,1
6290,P_NOUN_8_PASS_b,M,P,les bracelets avec le légume que j' aime beaucoup ne sont probablement pas déformés <eos>,13,déformés,déformées,11,M,S,déformés,-11.908217,déformées,-11.469656,0
6291,P_NOUN_8_PASS_b,M,P,les bracelets avec le légume que j' aime beaucoup ne sont probablement pas fixés <eos>,13,fixés,fixées,11,M,S,fixés,-8.879982,fixées,-11.381709,1
6292,P_NOUN_8_PASS_b,M,P,les bracelets avec le légume que j' aime beaucoup ne sont probablement pas jetés <eos>,13,jetés,jetées,11,M,S,jetés,-8.324047,jetées,-11.285041,1
6293,P_NOUN_8_PASS_b,M,P,les bracelets avec le légume que j' aime beaucoup ne sont probablement pas laissés <eos>,13,laissés,laissées,11,M,S,laissés,-7.9403954,laissées,-10.766643,1
6294,P_NOUN_8_PASS_b,M,P,les bracelets avec le légume que j' aime beaucoup ne sont probablement pas ouverts <eos>,13,ouverts,ouvertes,11,M,S,ouverts,-7.8403835,ouvertes,-11.400296,1
6295,P_NOUN_8_PASS_b,M,P,les bracelets avec le légume que j' aime beaucoup ne sont probablement pas perdus <eos>,13,perdus,perdues,11,M,S,perdus,-6.87907,perdues,-10.148767,1
6296,P_NOUN_8_PASS_b,M,P,les bracelets avec le légume que j' aime beaucoup ne sont probablement pas réparés <eos>,13,réparés,réparées,11,M,S,réparés,-11.374058,réparées,-12.833982,1
6297,P_NOUN_8_PASS_b,M,P,les bracelets avec le légume que j' aime beaucoup ne sont probablement pas retirés <eos>,13,retirés,retirées,11,M,S,retirés,-8.889797,retirées,-11.523152,1
6298,P_NOUN_8_PASS_b,M,P,les bracelets avec le légume que j' aime beaucoup ne sont probablement pas tombés <eos>,13,tombés,tombées,11,M,S,tombés,-6.5481606,tombées,-10.494238,1
6299,P_NOUN_8_PASS_b,M,P,les bracelets avec le légume que j' aime beaucoup ne sont probablement pas utilisés <eos>,13,utilisés,utilisées,11,M,S,utilisés,-5.446143,utilisées,-8.84026,1
6300,P_NOUN_8_PASS_b,M,P,les miroirs avec le bracelet que j' aime beaucoup ne sont probablement pas achetés <eos>,13,achetés,achetées,11,M,S,achetés,-9.72691,achetées,-13.906167,1
6301,P_NOUN_8_PASS_b,M,P,les miroirs avec le bracelet que j' aime beaucoup ne sont probablement pas brisés <eos>,13,brisés,brisées,11,M,S,brisés,-9.745008,brisées,-10.971983,1
6302,P_NOUN_8_PASS_b,M,P,les miroirs avec le bracelet que j' aime beaucoup ne sont probablement pas cachés <eos>,13,cachés,cachées,11,M,S,cachés,-7.4508295,cachées,-11.03964,1
6303,P_NOUN_8_PASS_b,M,P,les miroirs avec le bracelet que j' aime beaucoup ne sont probablement pas cassés <eos>,13,cassés,cassées,11,M,S,cassés,-9.6976185,cassées,-10.73847,1
6304,P_NOUN_8_PASS_b,M,P,les miroirs avec le bracelet que j' aime beaucoup ne sont probablement pas couverts <eos>,13,couverts,couvertes,11,M,S,couverts,-7.4171367,couvertes,-11.388523,1
6305,P_NOUN_8_PASS_b,M,P,les miroirs avec le bracelet que j' aime beaucoup ne sont probablement pas déformés <eos>,13,déformés,déformées,11,M,S,déformés,-10.372604,déformées,-9.708476,0
6306,P_NOUN_8_PASS_b,M,P,les miroirs avec le bracelet que j' aime beaucoup ne sont probablement pas fixés <eos>,13,fixés,fixées,11,M,S,fixés,-7.679136,fixées,-10.154654,1
6307,P_NOUN_8_PASS_b,M,P,les miroirs avec le bracelet que j' aime beaucoup ne sont probablement pas jetés <eos>,13,jetés,jetées,11,M,S,jetés,-7.3094196,jetées,-11.125972,1
6308,P_NOUN_8_PASS_b,M,P,les miroirs avec le bracelet que j' aime beaucoup ne sont probablement pas laissés <eos>,13,laissés,laissées,11,M,S,laissés,-8.614604,laissées,-11.342648,1
6309,P_NOUN_8_PASS_b,M,P,les miroirs avec le bracelet que j' aime beaucoup ne sont probablement pas ouverts <eos>,13,ouverts,ouvertes,11,M,S,ouverts,-7.642394,ouvertes,-11.362873,1
6310,P_NOUN_8_PASS_b,M,P,les miroirs avec le bracelet que j' aime beaucoup ne sont probablement pas perdus <eos>,13,perdus,perdues,11,M,S,perdus,-6.1109357,perdues,-9.917816,1
6311,P_NOUN_8_PASS_b,M,P,les miroirs avec le bracelet que j' aime beaucoup ne sont probablement pas réparés <eos>,13,réparés,réparées,11,M,S,réparés,-10.759148,réparées,-11.966373,1
6312,P_NOUN_8_PASS_b,M,P,les miroirs avec le bracelet que j' aime beaucoup ne sont probablement pas retirés <eos>,13,retirés,retirées,11,M,S,retirés,-8.430761,retirées,-10.814999,1
6313,P_NOUN_8_PASS_b,M,P,les miroirs avec le bracelet que j' aime beaucoup ne sont probablement pas tombés <eos>,13,tombés,tombées,11,M,S,tombés,-6.988417,tombées,-10.861622,1
6314,P_NOUN_8_PASS_b,M,P,les miroirs avec le bracelet que j' aime beaucoup ne sont probablement pas utilisés <eos>,13,utilisés,utilisées,11,M,S,utilisés,-4.542671,utilisées,-8.248663,1
6315,P_NOUN_8_PASS_b,M,P,les miroirs avec le miroir que j' aime beaucoup ne sont probablement pas achetés <eos>,13,achetés,achetées,11,M,S,achetés,-10.152331,achetées,-14.780936,1
6316,P_NOUN_8_PASS_b,M,P,les miroirs avec le miroir que j' aime beaucoup ne sont probablement pas brisés <eos>,13,brisés,brisées,11,M,S,brisés,-9.493072,brisées,-11.242611,1
6317,P_NOUN_8_PASS_b,M,P,les miroirs avec le miroir que j' aime beaucoup ne sont probablement pas cachés <eos>,13,cachés,cachées,11,M,S,cachés,-7.620634,cachées,-10.714438,1
6318,P_NOUN_8_PASS_b,M,P,les miroirs avec le miroir que j' aime beaucoup ne sont probablement pas cassés <eos>,13,cassés,cassées,11,M,S,cassés,-9.910807,cassées,-10.873859,1
6319,P_NOUN_8_PASS_b,M,P,les miroirs avec le miroir que j' aime beaucoup ne sont probablement pas couverts <eos>,13,couverts,couvertes,11,M,S,couverts,-7.4433985,couvertes,-10.897332,1
6320,P_NOUN_8_PASS_b,M,P,les miroirs avec le miroir que j' aime beaucoup ne sont probablement pas déformés <eos>,13,déformés,déformées,11,M,S,déformés,-9.476271,déformées,-8.732499,0
6321,P_NOUN_8_PASS_b,M,P,les miroirs avec le miroir que j' aime beaucoup ne sont probablement pas fixés <eos>,13,fixés,fixées,11,M,S,fixés,-8.446227,fixées,-10.733515,1
6322,P_NOUN_8_PASS_b,M,P,les miroirs avec le miroir que j' aime beaucoup ne sont probablement pas jetés <eos>,13,jetés,jetées,11,M,S,jetés,-8.166359,jetées,-11.853996,1
6323,P_NOUN_8_PASS_b,M,P,les miroirs avec le miroir que j' aime beaucoup ne sont probablement pas laissés <eos>,13,laissés,laissées,11,M,S,laissés,-8.711332,laissées,-11.282183,1
6324,P_NOUN_8_PASS_b,M,P,les miroirs avec le miroir que j' aime beaucoup ne sont probablement pas ouverts <eos>,13,ouverts,ouvertes,11,M,S,ouverts,-6.928749,ouvertes,-10.733217,1
6325,P_NOUN_8_PASS_b,M,P,les miroirs avec le miroir que j' aime beaucoup ne sont probablement pas perdus <eos>,13,perdus,perdues,11,M,S,perdus,-6.187218,perdues,-10.047949,1
6326,P_NOUN_8_PASS_b,M,P,les miroirs avec le miroir que j' aime beaucoup ne sont probablement pas réparés <eos>,13,réparés,réparées,11,M,S,réparés,-11.119431,réparées,-11.753544,1
6327,P_NOUN_8_PASS_b,M,P,les miroirs avec le miroir que j' aime beaucoup ne sont probablement pas retirés <eos>,13,retirés,retirées,11,M,S,retirés,-8.821986,retirées,-11.102846,1
6328,P_NOUN_8_PASS_b,M,P,les miroirs avec le miroir que j' aime beaucoup ne sont probablement pas tombés <eos>,13,tombés,tombées,11,M,S,tombés,-8.271042,tombées,-11.142466,1
6329,P_NOUN_8_PASS_b,M,P,les miroirs avec le miroir que j' aime beaucoup ne sont probablement pas utilisés <eos>,13,utilisés,utilisées,11,M,S,utilisés,-4.800888,utilisées,-8.403793,1
6330,P_NOUN_8_PASS_b,M,P,les miroirs avec le crayon que j' aime beaucoup ne sont probablement pas achetés <eos>,13,achetés,achetées,11,M,S,achetés,-9.349926,achetées,-14.175526,1
6331,P_NOUN_8_PASS_b,M,P,les miroirs avec le crayon que j' aime beaucoup ne sont probablement pas brisés <eos>,13,brisés,brisées,11,M,S,brisés,-9.978413,brisées,-11.444998,1
6332,P_NOUN_8_PASS_b,M,P,les miroirs avec le crayon que j' aime beaucoup ne sont probablement pas cachés <eos>,13,cachés,cachées,11,M,S,cachés,-7.3940706,cachées,-10.985643,1
6333,P_NOUN_8_PASS_b,M,P,les miroirs avec le crayon que j' aime beaucoup ne sont probablement pas cassés <eos>,13,cassés,cassées,11,M,S,cassés,-9.761972,cassées,-11.007971,1
6334,P_NOUN_8_PASS_b,M,P,les miroirs avec le crayon que j' aime beaucoup ne sont probablement pas couverts <eos>,13,couverts,couvertes,11,M,S,couverts,-7.3726745,couvertes,-11.036419,1
6335,P_NOUN_8_PASS_b,M,P,les miroirs avec le crayon que j' aime beaucoup ne sont probablement pas déformés <eos>,13,déformés,déformées,11,M,S,déformés,-10.041562,déformées,-9.023396,0
6336,P_NOUN_8_PASS_b,M,P,les miroirs avec le crayon que j' aime beaucoup ne sont probablement pas fixés <eos>,13,fixés,fixées,11,M,S,fixés,-8.501018,fixées,-10.693256,1
6337,P_NOUN_8_PASS_b,M,P,les miroirs avec le crayon que j' aime beaucoup ne sont probablement pas jetés <eos>,13,jetés,jetées,11,M,S,jetés,-7.873819,jetées,-11.48967,1
6338,P_NOUN_8_PASS_b,M,P,les miroirs avec le crayon que j' aime beaucoup ne sont probablement pas laissés <eos>,13,laissés,laissées,11,M,S,laissés,-8.333371,laissées,-11.187384,1
6339,P_NOUN_8_PASS_b,M,P,les miroirs avec le crayon que j' aime beaucoup ne sont probablement pas ouverts <eos>,13,ouverts,ouvertes,11,M,S,ouverts,-7.309312,ouvertes,-11.0702915,1
6340,P_NOUN_8_PASS_b,M,P,les miroirs avec le crayon que j' aime beaucoup ne sont probablement pas perdus <eos>,13,perdus,perdues,11,M,S,perdus,-6.3687162,perdues,-9.824125,1
6341,P_NOUN_8_PASS_b,M,P,les miroirs avec le crayon que j' aime beaucoup ne sont probablement pas réparés <eos>,13,réparés,réparées,11,M,S,réparés,-10.684847,réparées,-11.340345,1
6342,P_NOUN_8_PASS_b,M,P,les miroirs avec le crayon que j' aime beaucoup ne sont probablement pas retirés <eos>,13,retirés,retirées,11,M,S,retirés,-8.646546,retirées,-10.633791,1
6343,P_NOUN_8_PASS_b,M,P,les miroirs avec le crayon que j' aime beaucoup ne sont probablement pas tombés <eos>,13,tombés,tombées,11,M,S,tombés,-8.218697,tombées,-10.963393,1
6344,P_NOUN_8_PASS_b,M,P,les miroirs avec le crayon que j' aime beaucoup ne sont probablement pas utilisés <eos>,13,utilisés,utilisées,11,M,S,utilisés,-4.575968,utilisées,-8.137733,1
6345,P_NOUN_8_PASS_b,M,P,les miroirs avec le rideau que j' aime beaucoup ne sont probablement pas achetés <eos>,13,achetés,achetées,11,M,S,achetés,-10.467053,achetées,-14.975593,1
6346,P_NOUN_8_PASS_b,M,P,les miroirs avec le rideau que j' aime beaucoup ne sont probablement pas brisés <eos>,13,brisés,brisées,11,M,S,brisés,-9.702286,brisées,-11.36199,1
6347,P_NOUN_8_PASS_b,M,P,les miroirs avec le rideau que j' aime beaucoup ne sont probablement pas cachés <eos>,13,cachés,cachées,11,M,S,cachés,-7.880238,cachées,-10.5235195,1
6348,P_NOUN_8_PASS_b,M,P,les miroirs avec le rideau que j' aime beaucoup ne sont probablement pas cassés <eos>,13,cassés,cassées,11,M,S,cassés,-9.9466,cassées,-10.701023,1
6349,P_NOUN_8_PASS_b,M,P,les miroirs avec le rideau que j' aime beaucoup ne sont probablement pas couverts <eos>,13,couverts,couvertes,11,M,S,couverts,-7.1397743,couvertes,-10.659182,1
6350,P_NOUN_8_PASS_b,M,P,les miroirs avec le rideau que j' aime beaucoup ne sont probablement pas déformés <eos>,13,déformés,déformées,11,M,S,déformés,-9.454925,déformées,-9.018978,0
6351,P_NOUN_8_PASS_b,M,P,les miroirs avec le rideau que j' aime beaucoup ne sont probablement pas fixés <eos>,13,fixés,fixées,11,M,S,fixés,-8.201,fixées,-10.364634,1
6352,P_NOUN_8_PASS_b,M,P,les miroirs avec le rideau que j' aime beaucoup ne sont probablement pas jetés <eos>,13,jetés,jetées,11,M,S,jetés,-8.009331,jetées,-11.476496,1
6353,P_NOUN_8_PASS_b,M,P,les miroirs avec le rideau que j' aime beaucoup ne sont probablement pas laissés <eos>,13,laissés,laissées,11,M,S,laissés,-8.704218,laissées,-11.295793,1
6354,P_NOUN_8_PASS_b,M,P,les miroirs avec le rideau que j' aime beaucoup ne sont probablement pas ouverts <eos>,13,ouverts,ouvertes,11,M,S,ouverts,-6.884546,ouvertes,-10.644146,1
6355,P_NOUN_8_PASS_b,M,P,les miroirs avec le rideau que j' aime beaucoup ne sont probablement pas perdus <eos>,13,perdus,perdues,11,M,S,perdus,-6.5565357,perdues,-10.516179,1
6356,P_NOUN_8_PASS_b,M,P,les miroirs avec le rideau que j' aime beaucoup ne sont probablement pas réparés <eos>,13,réparés,réparées,11,M,S,réparés,-10.524525,réparées,-11.480997,1
6357,P_NOUN_8_PASS_b,M,P,les miroirs avec le rideau que j' aime beaucoup ne sont probablement pas retirés <eos>,13,retirés,retirées,11,M,S,retirés,-9.102472,retirées,-11.069266,1
6358,P_NOUN_8_PASS_b,M,P,les miroirs avec le rideau que j' aime beaucoup ne sont probablement pas tombés <eos>,13,tombés,tombées,11,M,S,tombés,-7.9743586,tombées,-10.84895,1
6359,P_NOUN_8_PASS_b,M,P,les miroirs avec le rideau que j' aime beaucoup ne sont probablement pas utilisés <eos>,13,utilisés,utilisées,11,M,S,utilisés,-4.8219604,utilisées,-8.410289,1
6360,P_NOUN_8_PASS_b,M,P,les miroirs avec le cahier que j' aime beaucoup ne sont probablement pas achetés <eos>,13,achetés,achetées,11,M,S,achetés,-9.907413,achetées,-14.917553,1
6361,P_NOUN_8_PASS_b,M,P,les miroirs avec le cahier que j' aime beaucoup ne sont probablement pas brisés <eos>,13,brisés,brisées,11,M,S,brisés,-9.964054,brisées,-12.007527,1
6362,P_NOUN_8_PASS_b,M,P,les miroirs avec le cahier que j' aime beaucoup ne sont probablement pas cachés <eos>,13,cachés,cachées,11,M,S,cachés,-7.6919847,cachées,-11.2650585,1
6363,P_NOUN_8_PASS_b,M,P,les miroirs avec le cahier que j' aime beaucoup ne sont probablement pas cassés <eos>,13,cassés,cassées,11,M,S,cassés,-10.622953,cassées,-11.4692545,1
6364,P_NOUN_8_PASS_b,M,P,les miroirs avec le cahier que j' aime beaucoup ne sont probablement pas couverts <eos>,13,couverts,couvertes,11,M,S,couverts,-7.1973753,couvertes,-11.3529005,1
6365,P_NOUN_8_PASS_b,M,P,les miroirs avec le cahier que j' aime beaucoup ne sont probablement pas déformés <eos>,13,déformés,déformées,11,M,S,déformés,-9.368616,déformées,-9.233233,0
6366,P_NOUN_8_PASS_b,M,P,les miroirs avec le cahier que j' aime beaucoup ne sont probablement pas fixés <eos>,13,fixés,fixées,11,M,S,fixés,-8.533764,fixées,-10.859474,1
6367,P_NOUN_8_PASS_b,M,P,les miroirs avec le cahier que j' aime beaucoup ne sont probablement pas jetés <eos>,13,jetés,jetées,11,M,S,jetés,-8.31916,jetées,-12.274851,1
6368,P_NOUN_8_PASS_b,M,P,les miroirs avec le cahier que j' aime beaucoup ne sont probablement pas laissés <eos>,13,laissés,laissées,11,M,S,laissés,-8.564156,laissées,-12.027429,1
6369,P_NOUN_8_PASS_b,M,P,les miroirs avec le cahier que j' aime beaucoup ne sont probablement pas ouverts <eos>,13,ouverts,ouvertes,11,M,S,ouverts,-6.5246844,ouvertes,-10.867102,1
6370,P_NOUN_8_PASS_b,M,P,les miroirs avec le cahier que j' aime beaucoup ne sont probablement pas perdus <eos>,13,perdus,perdues,11,M,S,perdus,-5.86204,perdues,-10.020274,1
6371,P_NOUN_8_PASS_b,M,P,les miroirs avec le cahier que j' aime beaucoup ne sont probablement pas réparés <eos>,13,réparés,réparées,11,M,S,réparés,-10.91506,réparées,-11.794961,1
6372,P_NOUN_8_PASS_b,M,P,les miroirs avec le cahier que j' aime beaucoup ne sont probablement pas retirés <eos>,13,retirés,retirées,11,M,S,retirés,-8.599443,retirées,-11.168732,1
6373,P_NOUN_8_PASS_b,M,P,les miroirs avec le cahier que j' aime beaucoup ne sont probablement pas tombés <eos>,13,tombés,tombées,11,M,S,tombés,-8.014624,tombées,-11.463455,1
6374,P_NOUN_8_PASS_b,M,P,les miroirs avec le cahier que j' aime beaucoup ne sont probablement pas utilisés <eos>,13,utilisés,utilisées,11,M,S,utilisés,-4.7686043,utilisées,-8.7166195,1
6375,P_NOUN_8_PASS_b,M,P,les miroirs avec le micro que j' aime beaucoup ne sont probablement pas achetés <eos>,13,achetés,achetées,11,M,S,achetés,-10.128128,achetées,-14.451663,1
6376,P_NOUN_8_PASS_b,M,P,les miroirs avec le micro que j' aime beaucoup ne sont probablement pas brisés <eos>,13,brisés,brisées,11,M,S,brisés,-9.539884,brisées,-11.190343,1
6377,P_NOUN_8_PASS_b,M,P,les miroirs avec le micro que j' aime beaucoup ne sont probablement pas cachés <eos>,13,cachés,cachées,11,M,S,cachés,-7.538455,cachées,-10.617615,1
6378,P_NOUN_8_PASS_b,M,P,les miroirs avec le micro que j' aime beaucoup ne sont probablement pas cassés <eos>,13,cassés,cassées,11,M,S,cassés,-9.963279,cassées,-11.00907,1
6379,P_NOUN_8_PASS_b,M,P,les miroirs avec le micro que j' aime beaucoup ne sont probablement pas couverts <eos>,13,couverts,couvertes,11,M,S,couverts,-7.4271903,couvertes,-10.774914,1
6380,P_NOUN_8_PASS_b,M,P,les miroirs avec le micro que j' aime beaucoup ne sont probablement pas déformés <eos>,13,déformés,déformées,11,M,S,déformés,-9.7422085,déformées,-9.141517,0
6381,P_NOUN_8_PASS_b,M,P,les miroirs avec le micro que j' aime beaucoup ne sont probablement pas fixés <eos>,13,fixés,fixées,11,M,S,fixés,-7.9311705,fixées,-10.7647085,1
6382,P_NOUN_8_PASS_b,M,P,les miroirs avec le micro que j' aime beaucoup ne sont probablement pas jetés <eos>,13,jetés,jetées,11,M,S,jetés,-8.185863,jetées,-11.800494,1
6383,P_NOUN_8_PASS_b,M,P,les miroirs avec le micro que j' aime beaucoup ne sont probablement pas laissés <eos>,13,laissés,laissées,11,M,S,laissés,-8.779486,laissées,-11.167225,1
6384,P_NOUN_8_PASS_b,M,P,les miroirs avec le micro que j' aime beaucoup ne sont probablement pas ouverts <eos>,13,ouverts,ouvertes,11,M,S,ouverts,-6.9618115,ouvertes,-10.698015,1
6385,P_NOUN_8_PASS_b,M,P,les miroirs avec le micro que j' aime beaucoup ne sont probablement pas perdus <eos>,13,perdus,perdues,11,M,S,perdus,-6.378889,perdues,-10.451147,1
6386,P_NOUN_8_PASS_b,M,P,les miroirs avec le micro que j' aime beaucoup ne sont probablement pas réparés <eos>,13,réparés,réparées,11,M,S,réparés,-10.848478,réparées,-11.574186,1
6387,P_NOUN_8_PASS_b,M,P,les miroirs avec le micro que j' aime beaucoup ne sont probablement pas retirés <eos>,13,retirés,retirées,11,M,S,retirés,-9.034768,retirées,-11.073813,1
6388,P_NOUN_8_PASS_b,M,P,les miroirs avec le micro que j' aime beaucoup ne sont probablement pas tombés <eos>,13,tombés,tombées,11,M,S,tombés,-8.4684,tombées,-11.242305,1
6389,P_NOUN_8_PASS_b,M,P,les miroirs avec le micro que j' aime beaucoup ne sont probablement pas utilisés <eos>,13,utilisés,utilisées,11,M,S,utilisés,-4.7754,utilisées,-8.347415,1
6390,P_NOUN_8_PASS_b,M,P,les miroirs avec le sac que j' aime beaucoup ne sont probablement pas achetés <eos>,13,achetés,achetées,11,M,S,achetés,-9.932465,achetées,-14.513609,1
6391,P_NOUN_8_PASS_b,M,P,les miroirs avec le sac que j' aime beaucoup ne sont probablement pas brisés <eos>,13,brisés,brisées,11,M,S,brisés,-9.716303,brisées,-11.420645,1
6392,P_NOUN_8_PASS_b,M,P,les miroirs avec le sac que j' aime beaucoup ne sont probablement pas cachés <eos>,13,cachés,cachées,11,M,S,cachés,-7.4231515,cachées,-10.643805,1
6393,P_NOUN_8_PASS_b,M,P,les miroirs avec le sac que j' aime beaucoup ne sont probablement pas cassés <eos>,13,cassés,cassées,11,M,S,cassés,-9.862907,cassées,-10.506371,1
6394,P_NOUN_8_PASS_b,M,P,les miroirs avec le sac que j' aime beaucoup ne sont probablement pas couverts <eos>,13,couverts,couvertes,11,M,S,couverts,-7.238818,couvertes,-10.818133,1
6395,P_NOUN_8_PASS_b,M,P,les miroirs avec le sac que j' aime beaucoup ne sont probablement pas déformés <eos>,13,déformés,déformées,11,M,S,déformés,-9.887026,déformées,-9.243812,0
6396,P_NOUN_8_PASS_b,M,P,les miroirs avec le sac que j' aime beaucoup ne sont probablement pas fixés <eos>,13,fixés,fixées,11,M,S,fixés,-8.306431,fixées,-10.707379,1
6397,P_NOUN_8_PASS_b,M,P,les miroirs avec le sac que j' aime beaucoup ne sont probablement pas jetés <eos>,13,jetés,jetées,11,M,S,jetés,-7.7692347,jetées,-11.241182,1
6398,P_NOUN_8_PASS_b,M,P,les miroirs avec le sac que j' aime beaucoup ne sont probablement pas laissés <eos>,13,laissés,laissées,11,M,S,laissés,-8.505945,laissées,-11.306925,1
6399,P_NOUN_8_PASS_b,M,P,les miroirs avec le sac que j' aime beaucoup ne sont probablement pas ouverts <eos>,13,ouverts,ouvertes,11,M,S,ouverts,-7.2268047,ouvertes,-10.946074,1
6400,P_NOUN_8_PASS_b,M,P,les miroirs avec le sac que j' aime beaucoup ne sont probablement pas perdus <eos>,13,perdus,perdues,11,M,S,perdus,-6.4376593,perdues,-10.121055,1
6401,P_NOUN_8_PASS_b,M,P,les miroirs avec le sac que j' aime beaucoup ne sont probablement pas réparés <eos>,13,réparés,réparées,11,M,S,réparés,-10.544817,réparées,-11.460506,1
6402,P_NOUN_8_PASS_b,M,P,les miroirs avec le sac que j' aime beaucoup ne sont probablement pas retirés <eos>,13,retirés,retirées,11,M,S,retirés,-8.785402,retirées,-10.968668,1
6403,P_NOUN_8_PASS_b,M,P,les miroirs avec le sac que j' aime beaucoup ne sont probablement pas tombés <eos>,13,tombés,tombées,11,M,S,tombés,-7.5528483,tombées,-10.823978,1
6404,P_NOUN_8_PASS_b,M,P,les miroirs avec le sac que j' aime beaucoup ne sont probablement pas utilisés <eos>,13,utilisés,utilisées,11,M,S,utilisés,-4.5864964,utilisées,-8.2155,1
6405,P_NOUN_8_PASS_b,M,P,les miroirs avec le clavier que j' aime beaucoup ne sont probablement pas achetés <eos>,13,achetés,achetées,11,M,S,achetés,-10.094667,achetées,-14.53689,1
6406,P_NOUN_8_PASS_b,M,P,les miroirs avec le clavier que j' aime beaucoup ne sont probablement pas brisés <eos>,13,brisés,brisées,11,M,S,brisés,-9.967361,brisées,-11.444871,1
6407,P_NOUN_8_PASS_b,M,P,les miroirs avec le clavier que j' aime beaucoup ne sont probablement pas cachés <eos>,13,cachés,cachées,11,M,S,cachés,-7.6747828,cachées,-10.759524,1
6408,P_NOUN_8_PASS_b,M,P,les miroirs avec le clavier que j' aime beaucoup ne sont probablement pas cassés <eos>,13,cassés,cassées,11,M,S,cassés,-10.193629,cassées,-11.198536,1
6409,P_NOUN_8_PASS_b,M,P,les miroirs avec le clavier que j' aime beaucoup ne sont probablement pas couverts <eos>,13,couverts,couvertes,11,M,S,couverts,-7.764932,couvertes,-11.237448,1
6410,P_NOUN_8_PASS_b,M,P,les miroirs avec le clavier que j' aime beaucoup ne sont probablement pas déformés <eos>,13,déformés,déformées,11,M,S,déformés,-10.20287,déformées,-9.111159,0
6411,P_NOUN_8_PASS_b,M,P,les miroirs avec le clavier que j' aime beaucoup ne sont probablement pas fixés <eos>,13,fixés,fixées,11,M,S,fixés,-8.030758,fixées,-10.791206,1
6412,P_NOUN_8_PASS_b,M,P,les miroirs avec le clavier que j' aime beaucoup ne sont probablement pas jetés <eos>,13,jetés,jetées,11,M,S,jetés,-8.529139,jetées,-12.156746,1
6413,P_NOUN_8_PASS_b,M,P,les miroirs avec le clavier que j' aime beaucoup ne sont probablement pas laissés <eos>,13,laissés,laissées,11,M,S,laissés,-8.869952,laissées,-11.511125,1
6414,P_NOUN_8_PASS_b,M,P,les miroirs avec le clavier que j' aime beaucoup ne sont probablement pas ouverts <eos>,13,ouverts,ouvertes,11,M,S,ouverts,-7.268201,ouvertes,-10.976373,1
6415,P_NOUN_8_PASS_b,M,P,les miroirs avec le clavier que j' aime beaucoup ne sont probablement pas perdus <eos>,13,perdus,perdues,11,M,S,perdus,-6.5927033,perdues,-10.435829,1
6416,P_NOUN_8_PASS_b,M,P,les miroirs avec le clavier que j' aime beaucoup ne sont probablement pas réparés <eos>,13,réparés,réparées,11,M,S,réparés,-11.384875,réparées,-12.048811,1
6417,P_NOUN_8_PASS_b,M,P,les miroirs avec le clavier que j' aime beaucoup ne sont probablement pas retirés <eos>,13,retirés,retirées,11,M,S,retirés,-9.240141,retirées,-11.145868,1
6418,P_NOUN_8_PASS_b,M,P,les miroirs avec le clavier que j' aime beaucoup ne sont probablement pas tombés <eos>,13,tombés,tombées,11,M,S,tombés,-8.434572,tombées,-11.527807,1
6419,P_NOUN_8_PASS_b,M,P,les miroirs avec le clavier que j' aime beaucoup ne sont probablement pas utilisés <eos>,13,utilisés,utilisées,11,M,S,utilisés,-4.481617,utilisées,-8.178826,1
6420,P_NOUN_8_PASS_b,M,P,les miroirs avec le raisin que j' aime beaucoup ne sont probablement pas achetés <eos>,13,achetés,achetées,11,M,S,achetés,-8.845862,achetées,-13.548885,1
6421,P_NOUN_8_PASS_b,M,P,les miroirs avec le raisin que j' aime beaucoup ne sont probablement pas brisés <eos>,13,brisés,brisées,11,M,S,brisés,-10.425368,brisées,-11.806855,1
6422,P_NOUN_8_PASS_b,M,P,les miroirs avec le raisin que j' aime beaucoup ne sont probablement pas cachés <eos>,13,cachés,cachées,11,M,S,cachés,-8.142742,cachées,-10.989075,1
6423,P_NOUN_8_PASS_b,M,P,les miroirs avec le raisin que j' aime beaucoup ne sont probablement pas cassés <eos>,13,cassés,cassées,11,M,S,cassés,-8.976976,cassées,-11.261617,1
6424,P_NOUN_8_PASS_b,M,P,les miroirs avec le raisin que j' aime beaucoup ne sont probablement pas couverts <eos>,13,couverts,couvertes,11,M,S,couverts,-6.6156907,couvertes,-10.775677,1
6425,P_NOUN_8_PASS_b,M,P,les miroirs avec le raisin que j' aime beaucoup ne sont probablement pas déformés <eos>,13,déformés,déformées,11,M,S,déformés,-11.287339,déformées,-10.00153,0
6426,P_NOUN_8_PASS_b,M,P,les miroirs avec le raisin que j' aime beaucoup ne sont probablement pas fixés <eos>,13,fixés,fixées,11,M,S,fixés,-7.8490353,fixées,-10.649496,1
6427,P_NOUN_8_PASS_b,M,P,les miroirs avec le raisin que j' aime beaucoup ne sont probablement pas jetés <eos>,13,jetés,jetées,11,M,S,jetés,-9.12573,jetées,-13.124092,1
6428,P_NOUN_8_PASS_b,M,P,les miroirs avec le raisin que j' aime beaucoup ne sont probablement pas laissés <eos>,13,laissés,laissées,11,M,S,laissés,-8.360203,laissées,-10.867289,1
6429,P_NOUN_8_PASS_b,M,P,les miroirs avec le raisin que j' aime beaucoup ne sont probablement pas ouverts <eos>,13,ouverts,ouvertes,11,M,S,ouverts,-7.982957,ouvertes,-11.00146,1
6430,P_NOUN_8_PASS_b,M,P,les miroirs avec le raisin que j' aime beaucoup ne sont probablement pas perdus <eos>,13,perdus,perdues,11,M,S,perdus,-7.188954,perdues,-10.433041,1
6431,P_NOUN_8_PASS_b,M,P,les miroirs avec le raisin que j' aime beaucoup ne sont probablement pas réparés <eos>,13,réparés,réparées,11,M,S,réparés,-11.664679,réparées,-12.271976,1
6432,P_NOUN_8_PASS_b,M,P,les miroirs avec le raisin que j' aime beaucoup ne sont probablement pas retirés <eos>,13,retirés,retirées,11,M,S,retirés,-8.652761,retirées,-10.652784,1
6433,P_NOUN_8_PASS_b,M,P,les miroirs avec le raisin que j' aime beaucoup ne sont probablement pas tombés <eos>,13,tombés,tombées,11,M,S,tombés,-7.571126,tombées,-10.367351,1
6434,P_NOUN_8_PASS_b,M,P,les miroirs avec le raisin que j' aime beaucoup ne sont probablement pas utilisés <eos>,13,utilisés,utilisées,11,M,S,utilisés,-4.336113,utilisées,-7.7736025,1
6435,P_NOUN_8_PASS_b,M,P,les miroirs avec le chargeur que j' aime beaucoup ne sont probablement pas achetés <eos>,13,achetés,achetées,11,M,S,achetés,-9.285313,achetées,-13.745816,1
6436,P_NOUN_8_PASS_b,M,P,les miroirs avec le chargeur que j' aime beaucoup ne sont probablement pas brisés <eos>,13,brisés,brisées,11,M,S,brisés,-10.452467,brisées,-11.730933,1
6437,P_NOUN_8_PASS_b,M,P,les miroirs avec le chargeur que j' aime beaucoup ne sont probablement pas cachés <eos>,13,cachés,cachées,11,M,S,cachés,-6.8751383,cachées,-10.752887,1
6438,P_NOUN_8_PASS_b,M,P,les miroirs avec le chargeur que j' aime beaucoup ne sont probablement pas cassés <eos>,13,cassés,cassées,11,M,S,cassés,-9.949931,cassées,-11.409394,1
6439,P_NOUN_8_PASS_b,M,P,les miroirs avec le chargeur que j' aime beaucoup ne sont probablement pas couverts <eos>,13,couverts,couvertes,11,M,S,couverts,-7.7868156,couvertes,-10.994156,1
6440,P_NOUN_8_PASS_b,M,P,les miroirs avec le chargeur que j' aime beaucoup ne sont probablement pas déformés <eos>,13,déformés,déformées,11,M,S,déformés,-11.089657,déformées,-9.662981,0
6441,P_NOUN_8_PASS_b,M,P,les miroirs avec le chargeur que j' aime beaucoup ne sont probablement pas fixés <eos>,13,fixés,fixées,11,M,S,fixés,-8.3615055,fixées,-10.543573,1
6442,P_NOUN_8_PASS_b,M,P,les miroirs avec le chargeur que j' aime beaucoup ne sont probablement pas jetés <eos>,13,jetés,jetées,11,M,S,jetés,-8.454786,jetées,-12.286451,1
6443,P_NOUN_8_PASS_b,M,P,les miroirs avec le chargeur que j' aime beaucoup ne sont probablement pas laissés <eos>,13,laissés,laissées,11,M,S,laissés,-8.430291,laissées,-11.506358,1
6444,P_NOUN_8_PASS_b,M,P,les miroirs avec le chargeur que j' aime beaucoup ne sont probablement pas ouverts <eos>,13,ouverts,ouvertes,11,M,S,ouverts,-7.663682,ouvertes,-11.016537,1
6445,P_NOUN_8_PASS_b,M,P,les miroirs avec le chargeur que j' aime beaucoup ne sont probablement pas perdus <eos>,13,perdus,perdues,11,M,S,perdus,-6.5461802,perdues,-9.840982,1
6446,P_NOUN_8_PASS_b,M,P,les miroirs avec le chargeur que j' aime beaucoup ne sont probablement pas réparés <eos>,13,réparés,réparées,11,M,S,réparés,-10.640642,réparées,-11.447973,1
6447,P_NOUN_8_PASS_b,M,P,les miroirs avec le chargeur que j' aime beaucoup ne sont probablement pas retirés <eos>,13,retirés,retirées,11,M,S,retirés,-7.8796005,retirées,-10.641475,1
6448,P_NOUN_8_PASS_b,M,P,les miroirs avec le chargeur que j' aime beaucoup ne sont probablement pas tombés <eos>,13,tombés,tombées,11,M,S,tombés,-7.491784,tombées,-10.988527,1
6449,P_NOUN_8_PASS_b,M,P,les miroirs avec le chargeur que j' aime beaucoup ne sont probablement pas utilisés <eos>,13,utilisés,utilisées,11,M,S,utilisés,-4.0020356,utilisées,-7.7099824,1
6450,P_NOUN_8_PASS_b,M,P,les miroirs avec le vase que j' aime beaucoup ne sont probablement pas achetés <eos>,13,achetés,achetées,11,M,S,achetés,-9.8557625,achetées,-14.428801,1
6451,P_NOUN_8_PASS_b,M,P,les miroirs avec le vase que j' aime beaucoup ne sont probablement pas brisés <eos>,13,brisés,brisées,11,M,S,brisés,-9.636473,brisées,-11.384382,1
6452,P_NOUN_8_PASS_b,M,P,les miroirs avec le vase que j' aime beaucoup ne sont probablement pas cachés <eos>,13,cachés,cachées,11,M,S,cachés,-7.575966,cachées,-10.643732,1
6453,P_NOUN_8_PASS_b,M,P,les miroirs avec le vase que j' aime beaucoup ne sont probablement pas cassés <eos>,13,cassés,cassées,11,M,S,cassés,-9.631318,cassées,-11.011361,1
6454,P_NOUN_8_PASS_b,M,P,les miroirs avec le vase que j' aime beaucoup ne sont probablement pas couverts <eos>,13,couverts,couvertes,11,M,S,couverts,-7.0531664,couvertes,-10.611944,1
6455,P_NOUN_8_PASS_b,M,P,les miroirs avec le vase que j' aime beaucoup ne sont probablement pas déformés <eos>,13,déformés,déformées,11,M,S,déformés,-9.503942,déformées,-9.158761,0
6456,P_NOUN_8_PASS_b,M,P,les miroirs avec le vase que j' aime beaucoup ne sont probablement pas fixés <eos>,13,fixés,fixées,11,M,S,fixés,-8.243904,fixées,-10.870325,1
6457,P_NOUN_8_PASS_b,M,P,les miroirs avec le vase que j' aime beaucoup ne sont probablement pas jetés <eos>,13,jetés,jetées,11,M,S,jetés,-7.7901177,jetées,-11.51795,1
6458,P_NOUN_8_PASS_b,M,P,les miroirs avec le vase que j' aime beaucoup ne sont probablement pas laissés <eos>,13,laissés,laissées,11,M,S,laissés,-8.148386,laissées,-10.921745,1
6459,P_NOUN_8_PASS_b,M,P,les miroirs avec le vase que j' aime beaucoup ne sont probablement pas ouverts <eos>,13,ouverts,ouvertes,11,M,S,ouverts,-6.7213182,ouvertes,-10.553412,1
6460,P_NOUN_8_PASS_b,M,P,les miroirs avec le vase que j' aime beaucoup ne sont probablement pas perdus <eos>,13,perdus,perdues,11,M,S,perdus,-6.0931807,perdues,-10.134972,1
6461,P_NOUN_8_PASS_b,M,P,les miroirs avec le vase que j' aime beaucoup ne sont probablement pas réparés <eos>,13,réparés,réparées,11,M,S,réparés,-10.1338415,réparées,-11.26402,1
6462,P_NOUN_8_PASS_b,M,P,les miroirs avec le vase que j' aime beaucoup ne sont probablement pas retirés <eos>,13,retirés,retirées,11,M,S,retirés,-8.780066,retirées,-10.96617,1
6463,P_NOUN_8_PASS_b,M,P,les miroirs avec le vase que j' aime beaucoup ne sont probablement pas tombés <eos>,13,tombés,tombées,11,M,S,tombés,-7.7845106,tombées,-10.684301,1
6464,P_NOUN_8_PASS_b,M,P,les miroirs avec le vase que j' aime beaucoup ne sont probablement pas utilisés <eos>,13,utilisés,utilisées,11,M,S,utilisés,-5.0398207,utilisées,-8.532054,1
6465,P_NOUN_8_PASS_b,M,P,les miroirs avec le panier que j' aime beaucoup ne sont probablement pas achetés <eos>,13,achetés,achetées,11,M,S,achetés,-9.707049,achetées,-14.1704235,1
6466,P_NOUN_8_PASS_b,M,P,les miroirs avec le panier que j' aime beaucoup ne sont probablement pas brisés <eos>,13,brisés,brisées,11,M,S,brisés,-9.636749,brisées,-11.298685,1
6467,P_NOUN_8_PASS_b,M,P,les miroirs avec le panier que j' aime beaucoup ne sont probablement pas cachés <eos>,13,cachés,cachées,11,M,S,cachés,-7.658492,cachées,-11.091103,1
6468,P_NOUN_8_PASS_b,M,P,les miroirs avec le panier que j' aime beaucoup ne sont probablement pas cassés <eos>,13,cassés,cassées,11,M,S,cassés,-9.833732,cassées,-10.859836,1
6469,P_NOUN_8_PASS_b,M,P,les miroirs avec le panier que j' aime beaucoup ne sont probablement pas couverts <eos>,13,couverts,couvertes,11,M,S,couverts,-7.0951405,couvertes,-10.797122,1
6470,P_NOUN_8_PASS_b,M,P,les miroirs avec le panier que j' aime beaucoup ne sont probablement pas déformés <eos>,13,déformés,déformées,11,M,S,déformés,-10.045501,déformées,-9.29686,0
6471,P_NOUN_8_PASS_b,M,P,les miroirs avec le panier que j' aime beaucoup ne sont probablement pas fixés <eos>,13,fixés,fixées,11,M,S,fixés,-7.90559,fixées,-10.663538,1
6472,P_NOUN_8_PASS_b,M,P,les miroirs avec le panier que j' aime beaucoup ne sont probablement pas jetés <eos>,13,jetés,jetées,11,M,S,jetés,-7.8543406,jetées,-11.601131,1
6473,P_NOUN_8_PASS_b,M,P,les miroirs avec le panier que j' aime beaucoup ne sont probablement pas laissés <eos>,13,laissés,laissées,11,M,S,laissés,-8.510298,laissées,-11.114411,1
6474,P_NOUN_8_PASS_b,M,P,les miroirs avec le panier que j' aime beaucoup ne sont probablement pas ouverts <eos>,13,ouverts,ouvertes,11,M,S,ouverts,-6.8969135,ouvertes,-10.807048,1
6475,P_NOUN_8_PASS_b,M,P,les miroirs avec le panier que j' aime beaucoup ne sont probablement pas perdus <eos>,13,perdus,perdues,11,M,S,perdus,-6.206107,perdues,-10.10795,1
6476,P_NOUN_8_PASS_b,M,P,les miroirs avec le panier que j' aime beaucoup ne sont probablement pas réparés <eos>,13,réparés,réparées,11,M,S,réparés,-10.609926,réparées,-11.501756,1
6477,P_NOUN_8_PASS_b,M,P,les miroirs avec le panier que j' aime beaucoup ne sont probablement pas retirés <eos>,13,retirés,retirées,11,M,S,retirés,-8.537095,retirées,-10.863491,1
6478,P_NOUN_8_PASS_b,M,P,les miroirs avec le panier que j' aime beaucoup ne sont probablement pas tombés <eos>,13,tombés,tombées,11,M,S,tombés,-8.031947,tombées,-11.126264,1
6479,P_NOUN_8_PASS_b,M,P,les miroirs avec le panier que j' aime beaucoup ne sont probablement pas utilisés <eos>,13,utilisés,utilisées,11,M,S,utilisés,-4.5971613,utilisées,-8.280672,1
6480,P_NOUN_8_PASS_b,M,P,les miroirs avec le collier que j' aime beaucoup ne sont probablement pas achetés <eos>,13,achetés,achetées,11,M,S,achetés,-10.000017,achetées,-14.607815,1
6481,P_NOUN_8_PASS_b,M,P,les miroirs avec le collier que j' aime beaucoup ne sont probablement pas brisés <eos>,13,brisés,brisées,11,M,S,brisés,-9.742661,brisées,-11.306014,1
6482,P_NOUN_8_PASS_b,M,P,les miroirs avec le collier que j' aime beaucoup ne sont probablement pas cachés <eos>,13,cachés,cachées,11,M,S,cachés,-7.5542283,cachées,-10.60121,1
6483,P_NOUN_8_PASS_b,M,P,les miroirs avec le collier que j' aime beaucoup ne sont probablement pas cassés <eos>,13,cassés,cassées,11,M,S,cassés,-10.00333,cassées,-10.757197,1
6484,P_NOUN_8_PASS_b,M,P,les miroirs avec le collier que j' aime beaucoup ne sont probablement pas couverts <eos>,13,couverts,couvertes,11,M,S,couverts,-7.418623,couvertes,-11.118652,1
6485,P_NOUN_8_PASS_b,M,P,les miroirs avec le collier que j' aime beaucoup ne sont probablement pas déformés <eos>,13,déformés,déformées,11,M,S,déformés,-9.799515,déformées,-9.38397,0
6486,P_NOUN_8_PASS_b,M,P,les miroirs avec le collier que j' aime beaucoup ne sont probablement pas fixés <eos>,13,fixés,fixées,11,M,S,fixés,-8.327512,fixées,-10.672417,1
6487,P_NOUN_8_PASS_b,M,P,les miroirs avec le collier que j' aime beaucoup ne sont probablement pas jetés <eos>,13,jetés,jetées,11,M,S,jetés,-7.7574835,jetées,-11.39649,1
6488,P_NOUN_8_PASS_b,M,P,les miroirs avec le collier que j' aime beaucoup ne sont probablement pas laissés <eos>,13,laissés,laissées,11,M,S,laissés,-8.636945,laissées,-11.513403,1
6489,P_NOUN_8_PASS_b,M,P,les miroirs avec le collier que j' aime beaucoup ne sont probablement pas ouverts <eos>,13,ouverts,ouvertes,11,M,S,ouverts,-7.3419895,ouvertes,-11.226329,1
6490,P_NOUN_8_PASS_b,M,P,les miroirs avec le collier que j' aime beaucoup ne sont probablement pas perdus <eos>,13,perdus,perdues,11,M,S,perdus,-6.4060736,perdues,-10.1496935,1
6491,P_NOUN_8_PASS_b,M,P,les miroirs avec le collier que j' aime beaucoup ne sont probablement pas réparés <eos>,13,réparés,réparées,11,M,S,réparés,-10.839048,réparées,-11.926401,1
6492,P_NOUN_8_PASS_b,M,P,les miroirs avec le collier que j' aime beaucoup ne sont probablement pas retirés <eos>,13,retirés,retirées,11,M,S,retirés,-8.819978,retirées,-11.195708,1
6493,P_NOUN_8_PASS_b,M,P,les miroirs avec le collier que j' aime beaucoup ne sont probablement pas tombés <eos>,13,tombés,tombées,11,M,S,tombés,-7.5550156,tombées,-10.988357,1
6494,P_NOUN_8_PASS_b,M,P,les miroirs avec le collier que j' aime beaucoup ne sont probablement pas utilisés <eos>,13,utilisés,utilisées,11,M,S,utilisés,-4.7910757,utilisées,-8.538047,1
6495,P_NOUN_8_PASS_b,M,P,les miroirs avec le chapeau que j' aime beaucoup ne sont probablement pas achetés <eos>,13,achetés,achetées,11,M,S,achetés,-10.048662,achetées,-14.602133,1
6496,P_NOUN_8_PASS_b,M,P,les miroirs avec le chapeau que j' aime beaucoup ne sont probablement pas brisés <eos>,13,brisés,brisées,11,M,S,brisés,-9.702204,brisées,-11.298876,1
6497,P_NOUN_8_PASS_b,M,P,les miroirs avec le chapeau que j' aime beaucoup ne sont probablement pas cachés <eos>,13,cachés,cachées,11,M,S,cachés,-7.3244977,cachées,-10.359436,1
6498,P_NOUN_8_PASS_b,M,P,les miroirs avec le chapeau que j' aime beaucoup ne sont probablement pas cassés <eos>,13,cassés,cassées,11,M,S,cassés,-9.87979,cassées,-10.491863,1
6499,P_NOUN_8_PASS_b,M,P,les miroirs avec le chapeau que j' aime beaucoup ne sont probablement pas couverts <eos>,13,couverts,couvertes,11,M,S,couverts,-7.2807837,couvertes,-10.766682,1
6500,P_NOUN_8_PASS_b,M,P,les miroirs avec le chapeau que j' aime beaucoup ne sont probablement pas déformés <eos>,13,déformés,déformées,11,M,S,déformés,-9.530276,déformées,-9.065366,0
6501,P_NOUN_8_PASS_b,M,P,les miroirs avec le chapeau que j' aime beaucoup ne sont probablement pas fixés <eos>,13,fixés,fixées,11,M,S,fixés,-8.534493,fixées,-10.873126,1
6502,P_NOUN_8_PASS_b,M,P,les miroirs avec le chapeau que j' aime beaucoup ne sont probablement pas jetés <eos>,13,jetés,jetées,11,M,S,jetés,-7.6983886,jetées,-11.3392105,1
6503,P_NOUN_8_PASS_b,M,P,les miroirs avec le chapeau que j' aime beaucoup ne sont probablement pas laissés <eos>,13,laissés,laissées,11,M,S,laissés,-8.48996,laissées,-11.264167,1
6504,P_NOUN_8_PASS_b,M,P,les miroirs avec le chapeau que j' aime beaucoup ne sont probablement pas ouverts <eos>,13,ouverts,ouvertes,11,M,S,ouverts,-7.063592,ouvertes,-10.833326,1
6505,P_NOUN_8_PASS_b,M,P,les miroirs avec le chapeau que j' aime beaucoup ne sont probablement pas perdus <eos>,13,perdus,perdues,11,M,S,perdus,-6.2819824,perdues,-10.118679,1
6506,P_NOUN_8_PASS_b,M,P,les miroirs avec le chapeau que j' aime beaucoup ne sont probablement pas réparés <eos>,13,réparés,réparées,11,M,S,réparés,-10.746983,réparées,-11.688898,1
6507,P_NOUN_8_PASS_b,M,P,les miroirs avec le chapeau que j' aime beaucoup ne sont probablement pas retirés <eos>,13,retirés,retirées,11,M,S,retirés,-8.761636,retirées,-10.961585,1
6508,P_NOUN_8_PASS_b,M,P,les miroirs avec le chapeau que j' aime beaucoup ne sont probablement pas tombés <eos>,13,tombés,tombées,11,M,S,tombés,-7.5868435,tombées,-10.671632,1
6509,P_NOUN_8_PASS_b,M,P,les miroirs avec le chapeau que j' aime beaucoup ne sont probablement pas utilisés <eos>,13,utilisés,utilisées,11,M,S,utilisés,-4.8243876,utilisées,-8.367886,1
6510,P_NOUN_8_PASS_b,M,P,les miroirs avec le pot que j' aime beaucoup ne sont probablement pas achetés <eos>,13,achetés,achetées,11,M,S,achetés,-9.819319,achetées,-14.338093,1
6511,P_NOUN_8_PASS_b,M,P,les miroirs avec le pot que j' aime beaucoup ne sont probablement pas brisés <eos>,13,brisés,brisées,11,M,S,brisés,-9.794653,brisées,-11.48639,1
6512,P_NOUN_8_PASS_b,M,P,les miroirs avec le pot que j' aime beaucoup ne sont probablement pas cachés <eos>,13,cachés,cachées,11,M,S,cachés,-7.5988274,cachées,-10.9018,1
6513,P_NOUN_8_PASS_b,M,P,les miroirs avec le pot que j' aime beaucoup ne sont probablement pas cassés <eos>,13,cassés,cassées,11,M,S,cassés,-9.746781,cassées,-10.92166,1
6514,P_NOUN_8_PASS_b,M,P,les miroirs avec le pot que j' aime beaucoup ne sont probablement pas couverts <eos>,13,couverts,couvertes,11,M,S,couverts,-7.025458,couvertes,-10.76601,1
6515,P_NOUN_8_PASS_b,M,P,les miroirs avec le pot que j' aime beaucoup ne sont probablement pas déformés <eos>,13,déformés,déformées,11,M,S,déformés,-9.950001,déformées,-9.472492,0
6516,P_NOUN_8_PASS_b,M,P,les miroirs avec le pot que j' aime beaucoup ne sont probablement pas fixés <eos>,13,fixés,fixées,11,M,S,fixés,-8.0959425,fixées,-10.671977,1
6517,P_NOUN_8_PASS_b,M,P,les miroirs avec le pot que j' aime beaucoup ne sont probablement pas jetés <eos>,13,jetés,jetées,11,M,S,jetés,-8.12412,jetées,-11.829258,1
6518,P_NOUN_8_PASS_b,M,P,les miroirs avec le pot que j' aime beaucoup ne sont probablement pas laissés <eos>,13,laissés,laissées,11,M,S,laissés,-8.424341,laissées,-11.004028,1
6519,P_NOUN_8_PASS_b,M,P,les miroirs avec le pot que j' aime beaucoup ne sont probablement pas ouverts <eos>,13,ouverts,ouvertes,11,M,S,ouverts,-7.31939,ouvertes,-11.076275,1
6520,P_NOUN_8_PASS_b,M,P,les miroirs avec le pot que j' aime beaucoup ne sont probablement pas perdus <eos>,13,perdus,perdues,11,M,S,perdus,-6.447423,perdues,-10.269755,1
6521,P_NOUN_8_PASS_b,M,P,les miroirs avec le pot que j' aime beaucoup ne sont probablement pas réparés <eos>,13,réparés,réparées,11,M,S,réparés,-10.534966,réparées,-11.476773,1
6522,P_NOUN_8_PASS_b,M,P,les miroirs avec le pot que j' aime beaucoup ne sont probablement pas retirés <eos>,13,retirés,retirées,11,M,S,retirés,-8.752456,retirées,-10.753131,1
6523,P_NOUN_8_PASS_b,M,P,les miroirs avec le pot que j' aime beaucoup ne sont probablement pas tombés <eos>,13,tombés,tombées,11,M,S,tombés,-7.551757,tombées,-10.622995,1
6524,P_NOUN_8_PASS_b,M,P,les miroirs avec le pot que j' aime beaucoup ne sont probablement pas utilisés <eos>,13,utilisés,utilisées,11,M,S,utilisés,-4.5897703,utilisées,-8.284696,1
6525,P_NOUN_8_PASS_b,M,P,les miroirs avec le coussin que j' aime beaucoup ne sont probablement pas achetés <eos>,13,achetés,achetées,11,M,S,achetés,-10.329707,achetées,-14.586062,1
6526,P_NOUN_8_PASS_b,M,P,les miroirs avec le coussin que j' aime beaucoup ne sont probablement pas brisés <eos>,13,brisés,brisées,11,M,S,brisés,-9.504379,brisées,-11.172217,1
6527,P_NOUN_8_PASS_b,M,P,les miroirs avec le coussin que j' aime beaucoup ne sont probablement pas cachés <eos>,13,cachés,cachées,11,M,S,cachés,-7.540817,cachées,-10.739969,1
6528,P_NOUN_8_PASS_b,M,P,les miroirs avec le coussin que j' aime beaucoup ne sont probablement pas cassés <eos>,13,cassés,cassées,11,M,S,cassés,-9.863479,cassées,-10.627075,1
6529,P_NOUN_8_PASS_b,M,P,les miroirs avec le coussin que j' aime beaucoup ne sont probablement pas couverts <eos>,13,couverts,couvertes,11,M,S,couverts,-7.437375,couvertes,-10.578954,1
6530,P_NOUN_8_PASS_b,M,P,les miroirs avec le coussin que j' aime beaucoup ne sont probablement pas déformés <eos>,13,déformés,déformées,11,M,S,déformés,-9.876107,déformées,-8.990366,0
6531,P_NOUN_8_PASS_b,M,P,les miroirs avec le coussin que j' aime beaucoup ne sont probablement pas fixés <eos>,13,fixés,fixées,11,M,S,fixés,-8.087924,fixées,-10.376173,1
6532,P_NOUN_8_PASS_b,M,P,les miroirs avec le coussin que j' aime beaucoup ne sont probablement pas jetés <eos>,13,jetés,jetées,11,M,S,jetés,-8.135708,jetées,-11.565001,1
6533,P_NOUN_8_PASS_b,M,P,les miroirs avec le coussin que j' aime beaucoup ne sont probablement pas laissés <eos>,13,laissés,laissées,11,M,S,laissés,-8.726681,laissées,-11.177118,1
6534,P_NOUN_8_PASS_b,M,P,les miroirs avec le coussin que j' aime beaucoup ne sont probablement pas ouverts <eos>,13,ouverts,ouvertes,11,M,S,ouverts,-7.1003847,ouvertes,-10.732789,1
6535,P_NOUN_8_PASS_b,M,P,les miroirs avec le coussin que j' aime beaucoup ne sont probablement pas perdus <eos>,13,perdus,perdues,11,M,S,perdus,-6.532301,perdues,-10.361956,1
6536,P_NOUN_8_PASS_b,M,P,les miroirs avec le coussin que j' aime beaucoup ne sont probablement pas réparés <eos>,13,réparés,réparées,11,M,S,réparés,-10.796634,réparées,-11.7037325,1
6537,P_NOUN_8_PASS_b,M,P,les miroirs avec le coussin que j' aime beaucoup ne sont probablement pas retirés <eos>,13,retirés,retirées,11,M,S,retirés,-8.653777,retirées,-10.990616,1
6538,P_NOUN_8_PASS_b,M,P,les miroirs avec le coussin que j' aime beaucoup ne sont probablement pas tombés <eos>,13,tombés,tombées,11,M,S,tombés,-7.8895645,tombées,-11.109345,1
6539,P_NOUN_8_PASS_b,M,P,les miroirs avec le coussin que j' aime beaucoup ne sont probablement pas utilisés <eos>,13,utilisés,utilisées,11,M,S,utilisés,-4.4880342,utilisées,-8.104451,1
6540,P_NOUN_8_PASS_b,M,P,les miroirs avec le jouet que j' aime beaucoup ne sont probablement pas achetés <eos>,13,achetés,achetées,11,M,S,achetés,-9.936385,achetées,-14.624448,1
6541,P_NOUN_8_PASS_b,M,P,les miroirs avec le jouet que j' aime beaucoup ne sont probablement pas brisés <eos>,13,brisés,brisées,11,M,S,brisés,-9.806156,brisées,-11.428661,1
6542,P_NOUN_8_PASS_b,M,P,les miroirs avec le jouet que j' aime beaucoup ne sont probablement pas cachés <eos>,13,cachés,cachées,11,M,S,cachés,-7.676733,cachées,-10.74909,1
6543,P_NOUN_8_PASS_b,M,P,les miroirs avec le jouet que j' aime beaucoup ne sont probablement pas cassés <eos>,13,cassés,cassées,11,M,S,cassés,-9.983175,cassées,-10.782697,1
6544,P_NOUN_8_PASS_b,M,P,les miroirs avec le jouet que j' aime beaucoup ne sont probablement pas couverts <eos>,13,couverts,couvertes,11,M,S,couverts,-7.5354953,couvertes,-11.052046,1
6545,P_NOUN_8_PASS_b,M,P,les miroirs avec le jouet que j' aime beaucoup ne sont probablement pas déformés <eos>,13,déformés,déformées,11,M,S,déformés,-9.784075,déformées,-9.272373,0
6546,P_NOUN_8_PASS_b,M,P,les miroirs avec le jouet que j' aime beaucoup ne sont probablement pas fixés <eos>,13,fixés,fixées,11,M,S,fixés,-8.222633,fixées,-10.675621,1
6547,P_NOUN_8_PASS_b,M,P,les miroirs avec le jouet que j' aime beaucoup ne sont probablement pas jetés <eos>,13,jetés,jetées,11,M,S,jetés,-8.182774,jetées,-11.62016,1
6548,P_NOUN_8_PASS_b,M,P,les miroirs avec le jouet que j' aime beaucoup ne sont probablement pas laissés <eos>,13,laissés,laissées,11,M,S,laissés,-8.834856,laissées,-11.4016,1
6549,P_NOUN_8_PASS_b,M,P,les miroirs avec le jouet que j' aime beaucoup ne sont probablement pas ouverts <eos>,13,ouverts,ouvertes,11,M,S,ouverts,-7.0090995,ouvertes,-10.979343,1
6550,P_NOUN_8_PASS_b,M,P,les miroirs avec le jouet que j' aime beaucoup ne sont probablement pas perdus <eos>,13,perdus,perdues,11,M,S,perdus,-6.486009,perdues,-10.313105,1
6551,P_NOUN_8_PASS_b,M,P,les miroirs avec le jouet que j' aime beaucoup ne sont probablement pas réparés <eos>,13,réparés,réparées,11,M,S,réparés,-11.04842,réparées,-11.856178,1
6552,P_NOUN_8_PASS_b,M,P,les miroirs avec le jouet que j' aime beaucoup ne sont probablement pas retirés <eos>,13,retirés,retirées,11,M,S,retirés,-9.072162,retirées,-11.196016,1
6553,P_NOUN_8_PASS_b,M,P,les miroirs avec le jouet que j' aime beaucoup ne sont probablement pas tombés <eos>,13,tombés,tombées,11,M,S,tombés,-8.292641,tombées,-11.200046,1
6554,P_NOUN_8_PASS_b,M,P,les miroirs avec le jouet que j' aime beaucoup ne sont probablement pas utilisés <eos>,13,utilisés,utilisées,11,M,S,utilisés,-4.8716507,utilisées,-8.392675,1
6555,P_NOUN_8_PASS_b,M,P,les miroirs avec le clou que j' aime beaucoup ne sont probablement pas achetés <eos>,13,achetés,achetées,11,M,S,achetés,-10.12912,achetées,-14.570376,1
6556,P_NOUN_8_PASS_b,M,P,les miroirs avec le clou que j' aime beaucoup ne sont probablement pas brisés <eos>,13,brisés,brisées,11,M,S,brisés,-9.431669,brisées,-11.162184,1
6557,P_NOUN_8_PASS_b,M,P,les miroirs avec le clou que j' aime beaucoup ne sont probablement pas cachés <eos>,13,cachés,cachées,11,M,S,cachés,-7.6467977,cachées,-10.636724,1
6558,P_NOUN_8_PASS_b,M,P,les miroirs avec le clou que j' aime beaucoup ne sont probablement pas cassés <eos>,13,cassés,cassées,11,M,S,cassés,-9.592002,cassées,-10.472619,1
6559,P_NOUN_8_PASS_b,M,P,les miroirs avec le clou que j' aime beaucoup ne sont probablement pas couverts <eos>,13,couverts,couvertes,11,M,S,couverts,-7.3486814,couvertes,-10.621513,1
6560,P_NOUN_8_PASS_b,M,P,les miroirs avec le clou que j' aime beaucoup ne sont probablement pas déformés <eos>,13,déformés,déformées,11,M,S,déformés,-9.570793,déformées,-9.125675,0
6561,P_NOUN_8_PASS_b,M,P,les miroirs avec le clou que j' aime beaucoup ne sont probablement pas fixés <eos>,13,fixés,fixées,11,M,S,fixés,-8.258194,fixées,-10.547699,1
6562,P_NOUN_8_PASS_b,M,P,les miroirs avec le clou que j' aime beaucoup ne sont probablement pas jetés <eos>,13,jetés,jetées,11,M,S,jetés,-7.9841337,jetées,-11.519986,1
6563,P_NOUN_8_PASS_b,M,P,les miroirs avec le clou que j' aime beaucoup ne sont probablement pas laissés <eos>,13,laissés,laissées,11,M,S,laissés,-8.603064,laissées,-11.294323,1
6564,P_NOUN_8_PASS_b,M,P,les miroirs avec le clou que j' aime beaucoup ne sont probablement pas ouverts <eos>,13,ouverts,ouvertes,11,M,S,ouverts,-7.2602987,ouvertes,-10.817247,1
6565,P_NOUN_8_PASS_b,M,P,les miroirs avec le clou que j' aime beaucoup ne sont probablement pas perdus <eos>,13,perdus,perdues,11,M,S,perdus,-6.3040466,perdues,-10.127213,1
6566,P_NOUN_8_PASS_b,M,P,les miroirs avec le clou que j' aime beaucoup ne sont probablement pas réparés <eos>,13,réparés,réparées,11,M,S,réparés,-10.678244,réparées,-11.521877,1
6567,P_NOUN_8_PASS_b,M,P,les miroirs avec le clou que j' aime beaucoup ne sont probablement pas retirés <eos>,13,retirés,retirées,11,M,S,retirés,-8.716772,retirées,-10.757083,1
6568,P_NOUN_8_PASS_b,M,P,les miroirs avec le clou que j' aime beaucoup ne sont probablement pas tombés <eos>,13,tombés,tombées,11,M,S,tombés,-7.64316,tombées,-10.683328,1
6569,P_NOUN_8_PASS_b,M,P,les miroirs avec le clou que j' aime beaucoup ne sont probablement pas utilisés <eos>,13,utilisés,utilisées,11,M,S,utilisés,-4.868985,utilisées,-8.378594,1
6570,P_NOUN_8_PASS_b,M,P,les miroirs avec le billet que j' aime beaucoup ne sont probablement pas achetés <eos>,13,achetés,achetées,11,M,S,achetés,-9.637852,achetées,-13.823426,1
6571,P_NOUN_8_PASS_b,M,P,les miroirs avec le billet que j' aime beaucoup ne sont probablement pas brisés <eos>,13,brisés,brisées,11,M,S,brisés,-10.428959,brisées,-11.702255,1
6572,P_NOUN_8_PASS_b,M,P,les miroirs avec le billet que j' aime beaucoup ne sont probablement pas cachés <eos>,13,cachés,cachées,11,M,S,cachés,-7.3108897,cachées,-10.934963,1
6573,P_NOUN_8_PASS_b,M,P,les miroirs avec le billet que j' aime beaucoup ne sont probablement pas cassés <eos>,13,cassés,cassées,11,M,S,cassés,-10.268094,cassées,-11.174604,1
6574,P_NOUN_8_PASS_b,M,P,les miroirs avec le billet que j' aime beaucoup ne sont probablement pas couverts <eos>,13,couverts,couvertes,11,M,S,couverts,-7.6073055,couvertes,-11.4492235,1
6575,P_NOUN_8_PASS_b,M,P,les miroirs avec le billet que j' aime beaucoup ne sont probablement pas déformés <eos>,13,déformés,déformées,11,M,S,déformés,-10.343908,déformées,-9.748113,0
6576,P_NOUN_8_PASS_b,M,P,les miroirs avec le billet que j' aime beaucoup ne sont probablement pas fixés <eos>,13,fixés,fixées,11,M,S,fixés,-8.0598345,fixées,-10.621389,1
6577,P_NOUN_8_PASS_b,M,P,les miroirs avec le billet que j' aime beaucoup ne sont probablement pas jetés <eos>,13,jetés,jetées,11,M,S,jetés,-7.979952,jetées,-11.606752,1
6578,P_NOUN_8_PASS_b,M,P,les miroirs avec le billet que j' aime beaucoup ne sont probablement pas laissés <eos>,13,laissés,laissées,11,M,S,laissés,-9.001362,laissées,-11.568993,1
6579,P_NOUN_8_PASS_b,M,P,les miroirs avec le billet que j' aime beaucoup ne sont probablement pas ouverts <eos>,13,ouverts,ouvertes,11,M,S,ouverts,-7.410768,ouvertes,-11.546263,1
6580,P_NOUN_8_PASS_b,M,P,les miroirs avec le billet que j' aime beaucoup ne sont probablement pas perdus <eos>,13,perdus,perdues,11,M,S,perdus,-6.196081,perdues,-9.639842,1
6581,P_NOUN_8_PASS_b,M,P,les miroirs avec le billet que j' aime beaucoup ne sont probablement pas réparés <eos>,13,réparés,réparées,11,M,S,réparés,-11.115234,réparées,-11.965373,1
6582,P_NOUN_8_PASS_b,M,P,les miroirs avec le billet que j' aime beaucoup ne sont probablement pas retirés <eos>,13,retirés,retirées,11,M,S,retirés,-8.357971,retirées,-10.697584,1
6583,P_NOUN_8_PASS_b,M,P,les miroirs avec le billet que j' aime beaucoup ne sont probablement pas tombés <eos>,13,tombés,tombées,11,M,S,tombés,-7.838084,tombées,-11.060698,1
6584,P_NOUN_8_PASS_b,M,P,les miroirs avec le billet que j' aime beaucoup ne sont probablement pas utilisés <eos>,13,utilisés,utilisées,11,M,S,utilisés,-4.7099295,utilisées,-8.31062,1
6585,P_NOUN_8_PASS_b,M,P,les miroirs avec le légume que j' aime beaucoup ne sont probablement pas achetés <eos>,13,achetés,achetées,11,M,S,achetés,-9.347697,achetées,-14.16321,1
6586,P_NOUN_8_PASS_b,M,P,les miroirs avec le légume que j' aime beaucoup ne sont probablement pas brisés <eos>,13,brisés,brisées,11,M,S,brisés,-10.184969,brisées,-11.680282,1
6587,P_NOUN_8_PASS_b,M,P,les miroirs avec le légume que j' aime beaucoup ne sont probablement pas cachés <eos>,13,cachés,cachées,11,M,S,cachés,-8.483745,cachées,-11.497349,1
6588,P_NOUN_8_PASS_b,M,P,les miroirs avec le légume que j' aime beaucoup ne sont probablement pas cassés <eos>,13,cassés,cassées,11,M,S,cassés,-9.41008,cassées,-10.86407,1
6589,P_NOUN_8_PASS_b,M,P,les miroirs avec le légume que j' aime beaucoup ne sont probablement pas couverts <eos>,13,couverts,couvertes,11,M,S,couverts,-6.635818,couvertes,-10.668457,1
6590,P_NOUN_8_PASS_b,M,P,les miroirs avec le légume que j' aime beaucoup ne sont probablement pas déformés <eos>,13,déformés,déformées,11,M,S,déformés,-10.918748,déformées,-10.322932,0
6591,P_NOUN_8_PASS_b,M,P,les miroirs avec le légume que j' aime beaucoup ne sont probablement pas fixés <eos>,13,fixés,fixées,11,M,S,fixés,-8.381111,fixées,-11.17521,1
6592,P_NOUN_8_PASS_b,M,P,les miroirs avec le légume que j' aime beaucoup ne sont probablement pas jetés <eos>,13,jetés,jetées,11,M,S,jetés,-9.150417,jetées,-11.701349,1
6593,P_NOUN_8_PASS_b,M,P,les miroirs avec le légume que j' aime beaucoup ne sont probablement pas laissés <eos>,13,laissés,laissées,11,M,S,laissés,-8.273708,laissées,-10.694151,1
6594,P_NOUN_8_PASS_b,M,P,les miroirs avec le légume que j' aime beaucoup ne sont probablement pas ouverts <eos>,13,ouverts,ouvertes,11,M,S,ouverts,-7.0974207,ouvertes,-11.094551,1
6595,P_NOUN_8_PASS_b,M,P,les miroirs avec le légume que j' aime beaucoup ne sont probablement pas perdus <eos>,13,perdus,perdues,11,M,S,perdus,-6.8896027,perdues,-10.663315,1
6596,P_NOUN_8_PASS_b,M,P,les miroirs avec le légume que j' aime beaucoup ne sont probablement pas réparés <eos>,13,réparés,réparées,11,M,S,réparés,-11.0401,réparées,-12.26754,1
6597,P_NOUN_8_PASS_b,M,P,les miroirs avec le légume que j' aime beaucoup ne sont probablement pas retirés <eos>,13,retirés,retirées,11,M,S,retirés,-8.99797,retirées,-11.413777,1
6598,P_NOUN_8_PASS_b,M,P,les miroirs avec le légume que j' aime beaucoup ne sont probablement pas tombés <eos>,13,tombés,tombées,11,M,S,tombés,-7.8071423,tombées,-10.845197,1
6599,P_NOUN_8_PASS_b,M,P,les miroirs avec le légume que j' aime beaucoup ne sont probablement pas utilisés <eos>,13,utilisés,utilisées,11,M,S,utilisés,-4.927571,utilisées,-8.381498,1
6600,P_NOUN_8_PASS_b,M,P,les crayons avec le bracelet que j' aime beaucoup ne sont probablement pas achetés <eos>,13,achetés,achetées,11,M,S,achetés,-8.423712,achetées,-12.708931,1
6601,P_NOUN_8_PASS_b,M,P,les crayons avec le bracelet que j' aime beaucoup ne sont probablement pas brisés <eos>,13,brisés,brisées,11,M,S,brisés,-10.389336,brisées,-11.2213,1
6602,P_NOUN_8_PASS_b,M,P,les crayons avec le bracelet que j' aime beaucoup ne sont probablement pas cachés <eos>,13,cachés,cachées,11,M,S,cachés,-7.608641,cachées,-11.540693,1
6603,P_NOUN_8_PASS_b,M,P,les crayons avec le bracelet que j' aime beaucoup ne sont probablement pas cassés <eos>,13,cassés,cassées,11,M,S,cassés,-9.189018,cassées,-10.691509,1
6604,P_NOUN_8_PASS_b,M,P,les crayons avec le bracelet que j' aime beaucoup ne sont probablement pas couverts <eos>,13,couverts,couvertes,11,M,S,couverts,-7.2664185,couvertes,-11.709721,1
6605,P_NOUN_8_PASS_b,M,P,les crayons avec le bracelet que j' aime beaucoup ne sont probablement pas déformés <eos>,13,déformés,déformées,11,M,S,déformés,-11.549202,déformées,-10.828138,0
6606,P_NOUN_8_PASS_b,M,P,les crayons avec le bracelet que j' aime beaucoup ne sont probablement pas fixés <eos>,13,fixés,fixées,11,M,S,fixés,-8.083199,fixées,-10.727495,1
6607,P_NOUN_8_PASS_b,M,P,les crayons avec le bracelet que j' aime beaucoup ne sont probablement pas jetés <eos>,13,jetés,jetées,11,M,S,jetés,-7.4267845,jetées,-11.4648695,1
6608,P_NOUN_8_PASS_b,M,P,les crayons avec le bracelet que j' aime beaucoup ne sont probablement pas laissés <eos>,13,laissés,laissées,11,M,S,laissés,-8.3005295,laissées,-11.301615,1
6609,P_NOUN_8_PASS_b,M,P,les crayons avec le bracelet que j' aime beaucoup ne sont probablement pas ouverts <eos>,13,ouverts,ouvertes,11,M,S,ouverts,-8.341376,ouvertes,-11.858017,1
6610,P_NOUN_8_PASS_b,M,P,les crayons avec le bracelet que j' aime beaucoup ne sont probablement pas perdus <eos>,13,perdus,perdues,11,M,S,perdus,-6.391123,perdues,-9.970062,1
6611,P_NOUN_8_PASS_b,M,P,les crayons avec le bracelet que j' aime beaucoup ne sont probablement pas réparés <eos>,13,réparés,réparées,11,M,S,réparés,-11.057962,réparées,-12.393831,1
6612,P_NOUN_8_PASS_b,M,P,les crayons avec le bracelet que j' aime beaucoup ne sont probablement pas retirés <eos>,13,retirés,retirées,11,M,S,retirés,-8.248672,retirées,-10.772668,1
6613,P_NOUN_8_PASS_b,M,P,les crayons avec le bracelet que j' aime beaucoup ne sont probablement pas tombés <eos>,13,tombés,tombées,11,M,S,tombés,-6.4541464,tombées,-10.672607,1
6614,P_NOUN_8_PASS_b,M,P,les crayons avec le bracelet que j' aime beaucoup ne sont probablement pas utilisés <eos>,13,utilisés,utilisées,11,M,S,utilisés,-4.629467,utilisées,-8.357819,1
6615,P_NOUN_8_PASS_b,M,P,les crayons avec le miroir que j' aime beaucoup ne sont probablement pas achetés <eos>,13,achetés,achetées,11,M,S,achetés,-8.6307955,achetées,-13.538156,1
6616,P_NOUN_8_PASS_b,M,P,les crayons avec le miroir que j' aime beaucoup ne sont probablement pas brisés <eos>,13,brisés,brisées,11,M,S,brisés,-10.309969,brisées,-11.754057,1
6617,P_NOUN_8_PASS_b,M,P,les crayons avec le miroir que j' aime beaucoup ne sont probablement pas cachés <eos>,13,cachés,cachées,11,M,S,cachés,-7.711133,cachées,-11.2599125,1
6618,P_NOUN_8_PASS_b,M,P,les crayons avec le miroir que j' aime beaucoup ne sont probablement pas cassés <eos>,13,cassés,cassées,11,M,S,cassés,-9.287024,cassées,-10.95977,1
6619,P_NOUN_8_PASS_b,M,P,les crayons avec le miroir que j' aime beaucoup ne sont probablement pas couverts <eos>,13,couverts,couvertes,11,M,S,couverts,-7.113927,couvertes,-11.28571,1
6620,P_NOUN_8_PASS_b,M,P,les crayons avec le miroir que j' aime beaucoup ne sont probablement pas déformés <eos>,13,déformés,déformées,11,M,S,déformés,-10.647946,déformées,-10.071853,0
6621,P_NOUN_8_PASS_b,M,P,les crayons avec le miroir que j' aime beaucoup ne sont probablement pas fixés <eos>,13,fixés,fixées,11,M,S,fixés,-8.938678,fixées,-11.388584,1
6622,P_NOUN_8_PASS_b,M,P,les crayons avec le miroir que j' aime beaucoup ne sont probablement pas jetés <eos>,13,jetés,jetées,11,M,S,jetés,-8.350744,jetées,-12.258099,1
6623,P_NOUN_8_PASS_b,M,P,les crayons avec le miroir que j' aime beaucoup ne sont probablement pas laissés <eos>,13,laissés,laissées,11,M,S,laissés,-8.163006,laissées,-11.098559,1
6624,P_NOUN_8_PASS_b,M,P,les crayons avec le miroir que j' aime beaucoup ne sont probablement pas ouverts <eos>,13,ouverts,ouvertes,11,M,S,ouverts,-7.720339,ouvertes,-11.319736,1
6625,P_NOUN_8_PASS_b,M,P,les crayons avec le miroir que j' aime beaucoup ne sont probablement pas perdus <eos>,13,perdus,perdues,11,M,S,perdus,-6.52494,perdues,-9.939766,1
6626,P_NOUN_8_PASS_b,M,P,les crayons avec le miroir que j' aime beaucoup ne sont probablement pas réparés <eos>,13,réparés,réparées,11,M,S,réparés,-10.989445,réparées,-12.048157,1
6627,P_NOUN_8_PASS_b,M,P,les crayons avec le miroir que j' aime beaucoup ne sont probablement pas retirés <eos>,13,retirés,retirées,11,M,S,retirés,-8.655533,retirées,-10.948754,1
6628,P_NOUN_8_PASS_b,M,P,les crayons avec le miroir que j' aime beaucoup ne sont probablement pas tombés <eos>,13,tombés,tombées,11,M,S,tombés,-7.82279,tombées,-10.867331,1
6629,P_NOUN_8_PASS_b,M,P,les crayons avec le miroir que j' aime beaucoup ne sont probablement pas utilisés <eos>,13,utilisés,utilisées,11,M,S,utilisés,-4.960971,utilisées,-8.575489,1
6630,P_NOUN_8_PASS_b,M,P,les crayons avec le crayon que j' aime beaucoup ne sont probablement pas achetés <eos>,13,achetés,achetées,11,M,S,achetés,-7.9983373,achetées,-12.932777,1
6631,P_NOUN_8_PASS_b,M,P,les crayons avec le crayon que j' aime beaucoup ne sont probablement pas brisés <eos>,13,brisés,brisées,11,M,S,brisés,-10.753719,brisées,-12.034627,1
6632,P_NOUN_8_PASS_b,M,P,les crayons avec le crayon que j' aime beaucoup ne sont probablement pas cachés <eos>,13,cachés,cachées,11,M,S,cachés,-7.696106,cachées,-11.695786,1
6633,P_NOUN_8_PASS_b,M,P,les crayons avec le crayon que j' aime beaucoup ne sont probablement pas cassés <eos>,13,cassés,cassées,11,M,S,cassés,-9.147545,cassées,-10.851153,1
6634,P_NOUN_8_PASS_b,M,P,les crayons avec le crayon que j' aime beaucoup ne sont probablement pas couverts <eos>,13,couverts,couvertes,11,M,S,couverts,-6.9482255,couvertes,-11.3239975,1
6635,P_NOUN_8_PASS_b,M,P,les crayons avec le crayon que j' aime beaucoup ne sont probablement pas déformés <eos>,13,déformés,déformées,11,M,S,déformés,-11.230413,déformées,-10.375528,0
6636,P_NOUN_8_PASS_b,M,P,les crayons avec le crayon que j' aime beaucoup ne sont probablement pas fixés <eos>,13,fixés,fixées,11,M,S,fixés,-8.8910265,fixées,-11.290049,1
6637,P_NOUN_8_PASS_b,M,P,les crayons avec le crayon que j' aime beaucoup ne sont probablement pas jetés <eos>,13,jetés,jetées,11,M,S,jetés,-8.235165,jetées,-11.925391,1
6638,P_NOUN_8_PASS_b,M,P,les crayons avec le crayon que j' aime beaucoup ne sont probablement pas laissés <eos>,13,laissés,laissées,11,M,S,laissés,-7.8896017,laissées,-11.001671,1
6639,P_NOUN_8_PASS_b,M,P,les crayons avec le crayon que j' aime beaucoup ne sont probablement pas ouverts <eos>,13,ouverts,ouvertes,11,M,S,ouverts,-7.9342613,ouvertes,-11.609777,1
6640,P_NOUN_8_PASS_b,M,P,les crayons avec le crayon que j' aime beaucoup ne sont probablement pas perdus <eos>,13,perdus,perdues,11,M,S,perdus,-6.881135,perdues,-9.976295,1
6641,P_NOUN_8_PASS_b,M,P,les crayons avec le crayon que j' aime beaucoup ne sont probablement pas réparés <eos>,13,réparés,réparées,11,M,S,réparés,-10.858089,réparées,-11.688795,1
6642,P_NOUN_8_PASS_b,M,P,les crayons avec le crayon que j' aime beaucoup ne sont probablement pas retirés <eos>,13,retirés,retirées,11,M,S,retirés,-8.614815,retirées,-10.639646,1
6643,P_NOUN_8_PASS_b,M,P,les crayons avec le crayon que j' aime beaucoup ne sont probablement pas tombés <eos>,13,tombés,tombées,11,M,S,tombés,-7.7534676,tombées,-10.725027,1
6644,P_NOUN_8_PASS_b,M,P,les crayons avec le crayon que j' aime beaucoup ne sont probablement pas utilisés <eos>,13,utilisés,utilisées,11,M,S,utilisés,-4.7765856,utilisées,-8.348253,1
6645,P_NOUN_8_PASS_b,M,P,les crayons avec le rideau que j' aime beaucoup ne sont probablement pas achetés <eos>,13,achetés,achetées,11,M,S,achetés,-9.036684,achetées,-13.584541,1
6646,P_NOUN_8_PASS_b,M,P,les crayons avec le rideau que j' aime beaucoup ne sont probablement pas brisés <eos>,13,brisés,brisées,11,M,S,brisés,-10.475549,brisées,-11.907366,1
6647,P_NOUN_8_PASS_b,M,P,les crayons avec le rideau que j' aime beaucoup ne sont probablement pas cachés <eos>,13,cachés,cachées,11,M,S,cachés,-8.159485,cachées,-11.237223,1
6648,P_NOUN_8_PASS_b,M,P,les crayons avec le rideau que j' aime beaucoup ne sont probablement pas cassés <eos>,13,cassés,cassées,11,M,S,cassés,-9.43911,cassées,-10.754573,1
6649,P_NOUN_8_PASS_b,M,P,les crayons avec le rideau que j' aime beaucoup ne sont probablement pas couverts <eos>,13,couverts,couvertes,11,M,S,couverts,-6.875925,couvertes,-11.08736,1
6650,P_NOUN_8_PASS_b,M,P,les crayons avec le rideau que j' aime beaucoup ne sont probablement pas déformés <eos>,13,déformés,déformées,11,M,S,déformés,-10.741524,déformées,-10.439075,0
6651,P_NOUN_8_PASS_b,M,P,les crayons avec le rideau que j' aime beaucoup ne sont probablement pas fixés <eos>,13,fixés,fixées,11,M,S,fixés,-8.678499,fixées,-11.104371,1
6652,P_NOUN_8_PASS_b,M,P,les crayons avec le rideau que j' aime beaucoup ne sont probablement pas jetés <eos>,13,jetés,jetées,11,M,S,jetés,-8.362346,jetées,-11.9752245,1
6653,P_NOUN_8_PASS_b,M,P,les crayons avec le rideau que j' aime beaucoup ne sont probablement pas laissés <eos>,13,laissés,laissées,11,M,S,laissés,-8.255858,laissées,-11.205632,1
6654,P_NOUN_8_PASS_b,M,P,les crayons avec le rideau que j' aime beaucoup ne sont probablement pas ouverts <eos>,13,ouverts,ouvertes,11,M,S,ouverts,-7.691533,ouvertes,-11.307422,1
6655,P_NOUN_8_PASS_b,M,P,les crayons avec le rideau que j' aime beaucoup ne sont probablement pas perdus <eos>,13,perdus,perdues,11,M,S,perdus,-7.1282988,perdues,-10.5683565,1
6656,P_NOUN_8_PASS_b,M,P,les crayons avec le rideau que j' aime beaucoup ne sont probablement pas réparés <eos>,13,réparés,réparées,11,M,S,réparés,-10.631495,réparées,-11.926458,1
6657,P_NOUN_8_PASS_b,M,P,les crayons avec le rideau que j' aime beaucoup ne sont probablement pas retirés <eos>,13,retirés,retirées,11,M,S,retirés,-8.975608,retirées,-11.061564,1
6658,P_NOUN_8_PASS_b,M,P,les crayons avec le rideau que j' aime beaucoup ne sont probablement pas tombés <eos>,13,tombés,tombées,11,M,S,tombés,-7.5108886,tombées,-10.66016,1
6659,P_NOUN_8_PASS_b,M,P,les crayons avec le rideau que j' aime beaucoup ne sont probablement pas utilisés <eos>,13,utilisés,utilisées,11,M,S,utilisés,-5.0477543,utilisées,-8.65408,1
6660,P_NOUN_8_PASS_b,M,P,les crayons avec le cahier que j' aime beaucoup ne sont probablement pas achetés <eos>,13,achetés,achetées,11,M,S,achetés,-8.260664,achetées,-13.295731,1
6661,P_NOUN_8_PASS_b,M,P,les crayons avec le cahier que j' aime beaucoup ne sont probablement pas brisés <eos>,13,brisés,brisées,11,M,S,brisés,-10.866215,brisées,-12.740185,1
6662,P_NOUN_8_PASS_b,M,P,les crayons avec le cahier que j' aime beaucoup ne sont probablement pas cachés <eos>,13,cachés,cachées,11,M,S,cachés,-7.969121,cachées,-12.112008,1
6663,P_NOUN_8_PASS_b,M,P,les crayons avec le cahier que j' aime beaucoup ne sont probablement pas cassés <eos>,13,cassés,cassées,11,M,S,cassés,-9.998948,cassées,-11.620737,1
6664,P_NOUN_8_PASS_b,M,P,les crayons avec le cahier que j' aime beaucoup ne sont probablement pas couverts <eos>,13,couverts,couvertes,11,M,S,couverts,-6.804187,couvertes,-11.82938,1
6665,P_NOUN_8_PASS_b,M,P,les crayons avec le cahier que j' aime beaucoup ne sont probablement pas déformés <eos>,13,déformés,déformées,11,M,S,déformés,-10.808034,déformées,-10.989215,1
6666,P_NOUN_8_PASS_b,M,P,les crayons avec le cahier que j' aime beaucoup ne sont probablement pas fixés <eos>,13,fixés,fixées,11,M,S,fixés,-8.999119,fixées,-11.618309,1
6667,P_NOUN_8_PASS_b,M,P,les crayons avec le cahier que j' aime beaucoup ne sont probablement pas jetés <eos>,13,jetés,jetées,11,M,S,jetés,-8.766398,jetées,-12.894854,1
6668,P_NOUN_8_PASS_b,M,P,les crayons avec le cahier que j' aime beaucoup ne sont probablement pas laissés <eos>,13,laissés,laissées,11,M,S,laissés,-7.9071207,laissées,-11.876775,1
6669,P_NOUN_8_PASS_b,M,P,les crayons avec le cahier que j' aime beaucoup ne sont probablement pas ouverts <eos>,13,ouverts,ouvertes,11,M,S,ouverts,-7.30577,ouvertes,-11.635293,1
6670,P_NOUN_8_PASS_b,M,P,les crayons avec le cahier que j' aime beaucoup ne sont probablement pas perdus <eos>,13,perdus,perdues,11,M,S,perdus,-6.317091,perdues,-10.0196295,1
6671,P_NOUN_8_PASS_b,M,P,les crayons avec le cahier que j' aime beaucoup ne sont probablement pas réparés <eos>,13,réparés,réparées,11,M,S,réparés,-10.992115,réparées,-12.24421,1
6672,P_NOUN_8_PASS_b,M,P,les crayons avec le cahier que j' aime beaucoup ne sont probablement pas retirés <eos>,13,retirés,retirées,11,M,S,retirés,-8.40288,retirées,-11.040264,1
6673,P_NOUN_8_PASS_b,M,P,les crayons avec le cahier que j' aime beaucoup ne sont probablement pas tombés <eos>,13,tombés,tombées,11,M,S,tombés,-7.304736,tombées,-11.117193,1
6674,P_NOUN_8_PASS_b,M,P,les crayons avec le cahier que j' aime beaucoup ne sont probablement pas utilisés <eos>,13,utilisés,utilisées,11,M,S,utilisés,-5.108856,utilisées,-9.061751,1
6675,P_NOUN_8_PASS_b,M,P,les crayons avec le micro que j' aime beaucoup ne sont probablement pas achetés <eos>,13,achetés,achetées,11,M,S,achetés,-8.7131605,achetées,-13.144947,1
6676,P_NOUN_8_PASS_b,M,P,les crayons avec le micro que j' aime beaucoup ne sont probablement pas brisés <eos>,13,brisés,brisées,11,M,S,brisés,-10.405712,brisées,-11.867615,1
6677,P_NOUN_8_PASS_b,M,P,les crayons avec le micro que j' aime beaucoup ne sont probablement pas cachés <eos>,13,cachés,cachées,11,M,S,cachés,-7.799407,cachées,-11.29398,1
6678,P_NOUN_8_PASS_b,M,P,les crayons avec le micro que j' aime beaucoup ne sont probablement pas cassés <eos>,13,cassés,cassées,11,M,S,cassés,-9.495909,cassées,-10.849415,1
6679,P_NOUN_8_PASS_b,M,P,les crayons avec le micro que j' aime beaucoup ne sont probablement pas couverts <eos>,13,couverts,couvertes,11,M,S,couverts,-7.058972,couvertes,-11.048637,1
6680,P_NOUN_8_PASS_b,M,P,les crayons avec le micro que j' aime beaucoup ne sont probablement pas déformés <eos>,13,déformés,déformées,11,M,S,déformés,-11.068211,déformées,-10.684301,0
6681,P_NOUN_8_PASS_b,M,P,les crayons avec le micro que j' aime beaucoup ne sont probablement pas fixés <eos>,13,fixés,fixées,11,M,S,fixés,-8.528321,fixées,-11.697951,1
6682,P_NOUN_8_PASS_b,M,P,les crayons avec le micro que j' aime beaucoup ne sont probablement pas jetés <eos>,13,jetés,jetées,11,M,S,jetés,-8.422647,jetées,-12.206723,1
6683,P_NOUN_8_PASS_b,M,P,les crayons avec le micro que j' aime beaucoup ne sont probablement pas laissés <eos>,13,laissés,laissées,11,M,S,laissés,-8.301559,laissées,-11.069066,1
6684,P_NOUN_8_PASS_b,M,P,les crayons avec le micro que j' aime beaucoup ne sont probablement pas ouverts <eos>,13,ouverts,ouvertes,11,M,S,ouverts,-7.5679893,ouvertes,-11.356282,1
6685,P_NOUN_8_PASS_b,M,P,les crayons avec le micro que j' aime beaucoup ne sont probablement pas perdus <eos>,13,perdus,perdues,11,M,S,perdus,-6.9602184,perdues,-10.694137,1
6686,P_NOUN_8_PASS_b,M,P,les crayons avec le micro que j' aime beaucoup ne sont probablement pas réparés <eos>,13,réparés,réparées,11,M,S,réparés,-10.816069,réparées,-12.003069,1
6687,P_NOUN_8_PASS_b,M,P,les crayons avec le micro que j' aime beaucoup ne sont probablement pas retirés <eos>,13,retirés,retirées,11,M,S,retirés,-8.926199,retirées,-11.034666,1
6688,P_NOUN_8_PASS_b,M,P,les crayons avec le micro que j' aime beaucoup ne sont probablement pas tombés <eos>,13,tombés,tombées,11,M,S,tombés,-7.7133703,tombées,-10.938742,1
6689,P_NOUN_8_PASS_b,M,P,les crayons avec le micro que j' aime beaucoup ne sont probablement pas utilisés <eos>,13,utilisés,utilisées,11,M,S,utilisés,-5.057026,utilisées,-8.644676,1
6690,P_NOUN_8_PASS_b,M,P,les crayons avec le sac que j' aime beaucoup ne sont probablement pas achetés <eos>,13,achetés,achetées,11,M,S,achetés,-8.606366,achetées,-13.365438,1
6691,P_NOUN_8_PASS_b,M,P,les crayons avec le sac que j' aime beaucoup ne sont probablement pas brisés <eos>,13,brisés,brisées,11,M,S,brisés,-10.505846,brisées,-11.839607,1
6692,P_NOUN_8_PASS_b,M,P,les crayons avec le sac que j' aime beaucoup ne sont probablement pas cachés <eos>,13,cachés,cachées,11,M,S,cachés,-7.665518,cachées,-11.322704,1
6693,P_NOUN_8_PASS_b,M,P,les crayons avec le sac que j' aime beaucoup ne sont probablement pas cassés <eos>,13,cassés,cassées,11,M,S,cassés,-9.319217,cassées,-10.410723,1
6694,P_NOUN_8_PASS_b,M,P,les crayons avec le sac que j' aime beaucoup ne sont probablement pas couverts <eos>,13,couverts,couvertes,11,M,S,couverts,-6.87371,couvertes,-11.145069,1
6695,P_NOUN_8_PASS_b,M,P,les crayons avec le sac que j' aime beaucoup ne sont probablement pas déformés <eos>,13,déformés,déformées,11,M,S,déformés,-11.184973,déformées,-10.602421,0
6696,P_NOUN_8_PASS_b,M,P,les crayons avec le sac que j' aime beaucoup ne sont probablement pas fixés <eos>,13,fixés,fixées,11,M,S,fixés,-8.820367,fixées,-11.353597,1
6697,P_NOUN_8_PASS_b,M,P,les crayons avec le sac que j' aime beaucoup ne sont probablement pas jetés <eos>,13,jetés,jetées,11,M,S,jetés,-8.103258,jetées,-11.61577,1
6698,P_NOUN_8_PASS_b,M,P,les crayons avec le sac que j' aime beaucoup ne sont probablement pas laissés <eos>,13,laissés,laissées,11,M,S,laissés,-8.047629,laissées,-11.172856,1
6699,P_NOUN_8_PASS_b,M,P,les crayons avec le sac que j' aime beaucoup ne sont probablement pas ouverts <eos>,13,ouverts,ouvertes,11,M,S,ouverts,-7.9304895,ouvertes,-11.517842,1
6700,P_NOUN_8_PASS_b,M,P,les crayons avec le sac que j' aime beaucoup ne sont probablement pas perdus <eos>,13,perdus,perdues,11,M,S,perdus,-6.9311,perdues,-10.200967,1
6701,P_NOUN_8_PASS_b,M,P,les crayons avec le sac que j' aime beaucoup ne sont probablement pas réparés <eos>,13,réparés,réparées,11,M,S,réparés,-10.740441,réparées,-11.918932,1
6702,P_NOUN_8_PASS_b,M,P,les crayons avec le sac que j' aime beaucoup ne sont probablement pas retirés <eos>,13,retirés,retirées,11,M,S,retirés,-8.540455,retirées,-10.878879,1
6703,P_NOUN_8_PASS_b,M,P,les crayons avec le sac que j' aime beaucoup ne sont probablement pas tombés <eos>,13,tombés,tombées,11,M,S,tombés,-7.029397,tombées,-10.632668,1
6704,P_NOUN_8_PASS_b,M,P,les crayons avec le sac que j' aime beaucoup ne sont probablement pas utilisés <eos>,13,utilisés,utilisées,11,M,S,utilisés,-4.6383185,utilisées,-8.306103,1
6705,P_NOUN_8_PASS_b,M,P,les crayons avec le clavier que j' aime beaucoup ne sont probablement pas achetés <eos>,13,achetés,achetées,11,M,S,achetés,-9.161143,achetées,-13.581215,1
6706,P_NOUN_8_PASS_b,M,P,les crayons avec le clavier que j' aime beaucoup ne sont probablement pas brisés <eos>,13,brisés,brisées,11,M,S,brisés,-10.743971,brisées,-11.842439,1
6707,P_NOUN_8_PASS_b,M,P,les crayons avec le clavier que j' aime beaucoup ne sont probablement pas cachés <eos>,13,cachés,cachées,11,M,S,cachés,-7.8999386,cachées,-11.26085,1
6708,P_NOUN_8_PASS_b,M,P,les crayons avec le clavier que j' aime beaucoup ne sont probablement pas cassés <eos>,13,cassés,cassées,11,M,S,cassés,-9.972492,cassées,-11.203229,1
6709,P_NOUN_8_PASS_b,M,P,les crayons avec le clavier que j' aime beaucoup ne sont probablement pas couverts <eos>,13,couverts,couvertes,11,M,S,couverts,-7.506046,couvertes,-11.494467,1
6710,P_NOUN_8_PASS_b,M,P,les crayons avec le clavier que j' aime beaucoup ne sont probablement pas déformés <eos>,13,déformés,déformées,11,M,S,déformés,-11.080619,déformées,-10.177437,0
6711,P_NOUN_8_PASS_b,M,P,les crayons avec le clavier que j' aime beaucoup ne sont probablement pas fixés <eos>,13,fixés,fixées,11,M,S,fixés,-8.304395,fixées,-11.229302,1
6712,P_NOUN_8_PASS_b,M,P,les crayons avec le clavier que j' aime beaucoup ne sont probablement pas jetés <eos>,13,jetés,jetées,11,M,S,jetés,-8.599234,jetées,-12.375844,1
6713,P_NOUN_8_PASS_b,M,P,les crayons avec le clavier que j' aime beaucoup ne sont probablement pas laissés <eos>,13,laissés,laissées,11,M,S,laissés,-8.559559,laissées,-11.338423,1
6714,P_NOUN_8_PASS_b,M,P,les crayons avec le clavier que j' aime beaucoup ne sont probablement pas ouverts <eos>,13,ouverts,ouvertes,11,M,S,ouverts,-8.0135975,ouvertes,-11.650355,1
6715,P_NOUN_8_PASS_b,M,P,les crayons avec le clavier que j' aime beaucoup ne sont probablement pas perdus <eos>,13,perdus,perdues,11,M,S,perdus,-6.979671,perdues,-10.476809,1
6716,P_NOUN_8_PASS_b,M,P,les crayons avec le clavier que j' aime beaucoup ne sont probablement pas réparés <eos>,13,réparés,réparées,11,M,S,réparés,-11.444127,réparées,-12.350676,1
6717,P_NOUN_8_PASS_b,M,P,les crayons avec le clavier que j' aime beaucoup ne sont probablement pas retirés <eos>,13,retirés,retirées,11,M,S,retirés,-9.260473,retirées,-11.132214,1
6718,P_NOUN_8_PASS_b,M,P,les crayons avec le clavier que j' aime beaucoup ne sont probablement pas tombés <eos>,13,tombés,tombées,11,M,S,tombés,-7.9898653,tombées,-11.288547,1
6719,P_NOUN_8_PASS_b,M,P,les crayons avec le clavier que j' aime beaucoup ne sont probablement pas utilisés <eos>,13,utilisés,utilisées,11,M,S,utilisés,-4.6032114,utilisées,-8.286347,1
6720,P_NOUN_8_PASS_b,M,P,les crayons avec le raisin que j' aime beaucoup ne sont probablement pas achetés <eos>,13,achetés,achetées,11,M,S,achetés,-7.9907837,achetées,-12.728231,1
6721,P_NOUN_8_PASS_b,M,P,les crayons avec le raisin que j' aime beaucoup ne sont probablement pas brisés <eos>,13,brisés,brisées,11,M,S,brisés,-10.832965,brisées,-12.280713,1
6722,P_NOUN_8_PASS_b,M,P,les crayons avec le raisin que j' aime beaucoup ne sont probablement pas cachés <eos>,13,cachés,cachées,11,M,S,cachés,-8.360337,cachées,-11.7976,1
6723,P_NOUN_8_PASS_b,M,P,les crayons avec le raisin que j' aime beaucoup ne sont probablement pas cassés <eos>,13,cassés,cassées,11,M,S,cassés,-8.687275,cassées,-11.201612,1
6724,P_NOUN_8_PASS_b,M,P,les crayons avec le raisin que j' aime beaucoup ne sont probablement pas couverts <eos>,13,couverts,couvertes,11,M,S,couverts,-6.449892,couvertes,-11.022205,1
6725,P_NOUN_8_PASS_b,M,P,les crayons avec le raisin que j' aime beaucoup ne sont probablement pas déformés <eos>,13,déformés,déformées,11,M,S,déformés,-12.027516,déformées,-11.224685,0
6726,P_NOUN_8_PASS_b,M,P,les crayons avec le raisin que j' aime beaucoup ne sont probablement pas fixés <eos>,13,fixés,fixées,11,M,S,fixés,-8.251181,fixées,-11.389591,1
6727,P_NOUN_8_PASS_b,M,P,les crayons avec le raisin que j' aime beaucoup ne sont probablement pas jetés <eos>,13,jetés,jetées,11,M,S,jetés,-9.081618,jetées,-13.29464,1
6728,P_NOUN_8_PASS_b,M,P,les crayons avec le raisin que j' aime beaucoup ne sont probablement pas laissés <eos>,13,laissés,laissées,11,M,S,laissés,-8.109922,laissées,-10.947535,1
6729,P_NOUN_8_PASS_b,M,P,les crayons avec le raisin que j' aime beaucoup ne sont probablement pas ouverts <eos>,13,ouverts,ouvertes,11,M,S,ouverts,-8.434301,ouvertes,-11.564791,1
6730,P_NOUN_8_PASS_b,M,P,les crayons avec le raisin que j' aime beaucoup ne sont probablement pas perdus <eos>,13,perdus,perdues,11,M,S,perdus,-7.32866,perdues,-10.569241,1
6731,P_NOUN_8_PASS_b,M,P,les crayons avec le raisin que j' aime beaucoup ne sont probablement pas réparés <eos>,13,réparés,réparées,11,M,S,réparés,-11.058108,réparées,-12.482619,1
6732,P_NOUN_8_PASS_b,M,P,les crayons avec le raisin que j' aime beaucoup ne sont probablement pas retirés <eos>,13,retirés,retirées,11,M,S,retirés,-8.571789,retirées,-10.759345,1
6733,P_NOUN_8_PASS_b,M,P,les crayons avec le raisin que j' aime beaucoup ne sont probablement pas tombés <eos>,13,tombés,tombées,11,M,S,tombés,-7.201708,tombées,-10.291765,1
6734,P_NOUN_8_PASS_b,M,P,les crayons avec le raisin que j' aime beaucoup ne sont probablement pas utilisés <eos>,13,utilisés,utilisées,11,M,S,utilisés,-4.553014,utilisées,-8.179803,1
6735,P_NOUN_8_PASS_b,M,P,les crayons avec le chargeur que j' aime beaucoup ne sont probablement pas achetés <eos>,13,achetés,achetées,11,M,S,achetés,-8.065822,achetées,-12.532921,1
6736,P_NOUN_8_PASS_b,M,P,les crayons avec le chargeur que j' aime beaucoup ne sont probablement pas brisés <eos>,13,brisés,brisées,11,M,S,brisés,-11.117462,brisées,-11.991446,1
6737,P_NOUN_8_PASS_b,M,P,les crayons avec le chargeur que j' aime beaucoup ne sont probablement pas cachés <eos>,13,cachés,cachées,11,M,S,cachés,-7.174718,cachées,-11.62062,1
6738,P_NOUN_8_PASS_b,M,P,les crayons avec le chargeur que j' aime beaucoup ne sont probablement pas cassés <eos>,13,cassés,cassées,11,M,S,cassés,-9.502539,cassées,-11.026773,1
6739,P_NOUN_8_PASS_b,M,P,les crayons avec le chargeur que j' aime beaucoup ne sont probablement pas couverts <eos>,13,couverts,couvertes,11,M,S,couverts,-7.506528,couvertes,-11.263298,1
6740,P_NOUN_8_PASS_b,M,P,les crayons avec le chargeur que j' aime beaucoup ne sont probablement pas déformés <eos>,13,déformés,déformées,11,M,S,déformés,-11.851787,déformées,-10.672999,0
6741,P_NOUN_8_PASS_b,M,P,les crayons avec le chargeur que j' aime beaucoup ne sont probablement pas fixés <eos>,13,fixés,fixées,11,M,S,fixés,-8.579031,fixées,-10.916004,1
6742,P_NOUN_8_PASS_b,M,P,les crayons avec le chargeur que j' aime beaucoup ne sont probablement pas jetés <eos>,13,jetés,jetées,11,M,S,jetés,-8.366202,jetées,-12.157513,1
6743,P_NOUN_8_PASS_b,M,P,les crayons avec le chargeur que j' aime beaucoup ne sont probablement pas laissés <eos>,13,laissés,laissées,11,M,S,laissés,-8.121062,laissées,-11.153756,1
6744,P_NOUN_8_PASS_b,M,P,les crayons avec le chargeur que j' aime beaucoup ne sont probablement pas ouverts <eos>,13,ouverts,ouvertes,11,M,S,ouverts,-8.170366,ouvertes,-11.510074,1
6745,P_NOUN_8_PASS_b,M,P,les crayons avec le chargeur que j' aime beaucoup ne sont probablement pas perdus <eos>,13,perdus,perdues,11,M,S,perdus,-6.8274813,perdues,-9.860016,1
6746,P_NOUN_8_PASS_b,M,P,les crayons avec le chargeur que j' aime beaucoup ne sont probablement pas réparés <eos>,13,réparés,réparées,11,M,S,réparés,-10.824917,réparées,-11.682356,1
6747,P_NOUN_8_PASS_b,M,P,les crayons avec le chargeur que j' aime beaucoup ne sont probablement pas retirés <eos>,13,retirés,retirées,11,M,S,retirés,-7.8225775,retirées,-10.460316,1
6748,P_NOUN_8_PASS_b,M,P,les crayons avec le chargeur que j' aime beaucoup ne sont probablement pas tombés <eos>,13,tombés,tombées,11,M,S,tombés,-7.4641495,tombées,-10.851972,1
6749,P_NOUN_8_PASS_b,M,P,les crayons avec le chargeur que j' aime beaucoup ne sont probablement pas utilisés <eos>,13,utilisés,utilisées,11,M,S,utilisés,-4.228911,utilisées,-7.9070106,1
6750,P_NOUN_8_PASS_b,M,P,les crayons avec le vase que j' aime beaucoup ne sont probablement pas achetés <eos>,13,achetés,achetées,11,M,S,achetés,-8.151258,achetées,-12.969662,1
6751,P_NOUN_8_PASS_b,M,P,les crayons avec le vase que j' aime beaucoup ne sont probablement pas brisés <eos>,13,brisés,brisées,11,M,S,brisés,-10.320522,brisées,-11.718136,1
6752,P_NOUN_8_PASS_b,M,P,les crayons avec le vase que j' aime beaucoup ne sont probablement pas cachés <eos>,13,cachés,cachées,11,M,S,cachés,-7.702196,cachées,-11.342417,1
6753,P_NOUN_8_PASS_b,M,P,les crayons avec le vase que j' aime beaucoup ne sont probablement pas cassés <eos>,13,cassés,cassées,11,M,S,cassés,-9.045668,cassées,-10.831098,1
6754,P_NOUN_8_PASS_b,M,P,les crayons avec le vase que j' aime beaucoup ne sont probablement pas couverts <eos>,13,couverts,couvertes,11,M,S,couverts,-6.78541,couvertes,-11.015539,1
6755,P_NOUN_8_PASS_b,M,P,les crayons avec le vase que j' aime beaucoup ne sont probablement pas déformés <eos>,13,déformés,déformées,11,M,S,déformés,-10.934135,déformées,-10.483452,0
6756,P_NOUN_8_PASS_b,M,P,les crayons avec le vase que j' aime beaucoup ne sont probablement pas fixés <eos>,13,fixés,fixées,11,M,S,fixés,-8.5714245,fixées,-11.446582,1
6757,P_NOUN_8_PASS_b,M,P,les crayons avec le vase que j' aime beaucoup ne sont probablement pas jetés <eos>,13,jetés,jetées,11,M,S,jetés,-7.8607874,jetées,-11.70799,1
6758,P_NOUN_8_PASS_b,M,P,les crayons avec le vase que j' aime beaucoup ne sont probablement pas laissés <eos>,13,laissés,laissées,11,M,S,laissés,-7.7762156,laissées,-10.87253,1
6759,P_NOUN_8_PASS_b,M,P,les crayons avec le vase que j' aime beaucoup ne sont probablement pas ouverts <eos>,13,ouverts,ouvertes,11,M,S,ouverts,-7.4723697,ouvertes,-11.236734,1
6760,P_NOUN_8_PASS_b,M,P,les crayons avec le vase que j' aime beaucoup ne sont probablement pas perdus <eos>,13,perdus,perdues,11,M,S,perdus,-6.398416,perdues,-10.018988,1
6761,P_NOUN_8_PASS_b,M,P,les crayons avec le vase que j' aime beaucoup ne sont probablement pas réparés <eos>,13,réparés,réparées,11,M,S,réparés,-10.275307,réparées,-11.719672,1
6762,P_NOUN_8_PASS_b,M,P,les crayons avec le vase que j' aime beaucoup ne sont probablement pas retirés <eos>,13,retirés,retirées,11,M,S,retirés,-8.454605,retirées,-10.78543,1
6763,P_NOUN_8_PASS_b,M,P,les crayons avec le vase que j' aime beaucoup ne sont probablement pas tombés <eos>,13,tombés,tombées,11,M,S,tombés,-7.302582,tombées,-10.372774,1
6764,P_NOUN_8_PASS_b,M,P,les crayons avec le vase que j' aime beaucoup ne sont probablement pas utilisés <eos>,13,utilisés,utilisées,11,M,S,utilisés,-5.1849623,utilisées,-8.71017,1
6765,P_NOUN_8_PASS_b,M,P,les crayons avec le panier que j' aime beaucoup ne sont probablement pas achetés <eos>,13,achetés,achetées,11,M,S,achetés,-7.8964596,achetées,-12.469372,1
6766,P_NOUN_8_PASS_b,M,P,les crayons avec le panier que j' aime beaucoup ne sont probablement pas brisés <eos>,13,brisés,brisées,11,M,S,brisés,-10.561131,brisées,-11.813965,1
6767,P_NOUN_8_PASS_b,M,P,les crayons avec le panier que j' aime beaucoup ne sont probablement pas cachés <eos>,13,cachés,cachées,11,M,S,cachés,-7.854452,cachées,-11.78575,1
6768,P_NOUN_8_PASS_b,M,P,les crayons avec le panier que j' aime beaucoup ne sont probablement pas cassés <eos>,13,cassés,cassées,11,M,S,cassés,-9.227108,cassées,-10.810598,1
6769,P_NOUN_8_PASS_b,M,P,les crayons avec le panier que j' aime beaucoup ne sont probablement pas couverts <eos>,13,couverts,couvertes,11,M,S,couverts,-6.7470016,couvertes,-11.182659,1
6770,P_NOUN_8_PASS_b,M,P,les crayons avec le panier que j' aime beaucoup ne sont probablement pas déformés <eos>,13,déformés,déformées,11,M,S,déformés,-11.60848,déformées,-10.855059,0
6771,P_NOUN_8_PASS_b,M,P,les crayons avec le panier que j' aime beaucoup ne sont probablement pas fixés <eos>,13,fixés,fixées,11,M,S,fixés,-8.419462,fixées,-11.461266,1
6772,P_NOUN_8_PASS_b,M,P,les crayons avec le panier que j' aime beaucoup ne sont probablement pas jetés <eos>,13,jetés,jetées,11,M,S,jetés,-8.0938835,jetées,-12.032876,1
6773,P_NOUN_8_PASS_b,M,P,les crayons avec le panier que j' aime beaucoup ne sont probablement pas laissés <eos>,13,laissés,laissées,11,M,S,laissés,-7.9775224,laissées,-10.911638,1
6774,P_NOUN_8_PASS_b,M,P,les crayons avec le panier que j' aime beaucoup ne sont probablement pas ouverts <eos>,13,ouverts,ouvertes,11,M,S,ouverts,-7.6302366,ouvertes,-11.464108,1
6775,P_NOUN_8_PASS_b,M,P,les crayons avec le panier que j' aime beaucoup ne sont probablement pas perdus <eos>,13,perdus,perdues,11,M,S,perdus,-6.6250777,perdues,-10.102659,1
6776,P_NOUN_8_PASS_b,M,P,les crayons avec le panier que j' aime beaucoup ne sont probablement pas réparés <eos>,13,réparés,réparées,11,M,S,réparés,-10.676164,réparées,-11.909366,1
6777,P_NOUN_8_PASS_b,M,P,les crayons avec le panier que j' aime beaucoup ne sont probablement pas retirés <eos>,13,retirés,retirées,11,M,S,retirés,-8.305382,retirées,-10.757867,1
6778,P_NOUN_8_PASS_b,M,P,les crayons avec le panier que j' aime beaucoup ne sont probablement pas tombés <eos>,13,tombés,tombées,11,M,S,tombés,-7.489802,tombées,-10.907778,1
6779,P_NOUN_8_PASS_b,M,P,les crayons avec le panier que j' aime beaucoup ne sont probablement pas utilisés <eos>,13,utilisés,utilisées,11,M,S,utilisés,-4.797721,utilisées,-8.481467,1
6780,P_NOUN_8_PASS_b,M,P,les crayons avec le collier que j' aime beaucoup ne sont probablement pas achetés <eos>,13,achetés,achetées,11,M,S,achetés,-8.663097,achetées,-13.291838,1
6781,P_NOUN_8_PASS_b,M,P,les crayons avec le collier que j' aime beaucoup ne sont probablement pas brisés <eos>,13,brisés,brisées,11,M,S,brisés,-10.519128,brisées,-11.772143,1
6782,P_NOUN_8_PASS_b,M,P,les crayons avec le collier que j' aime beaucoup ne sont probablement pas cachés <eos>,13,cachés,cachées,11,M,S,cachés,-7.7632694,cachées,-11.414431,1
6783,P_NOUN_8_PASS_b,M,P,les crayons avec le collier que j' aime beaucoup ne sont probablement pas cassés <eos>,13,cassés,cassées,11,M,S,cassés,-9.404038,cassées,-10.724448,1
6784,P_NOUN_8_PASS_b,M,P,les crayons avec le collier que j' aime beaucoup ne sont probablement pas couverts <eos>,13,couverts,couvertes,11,M,S,couverts,-7.1342525,couvertes,-11.542831,1
6785,P_NOUN_8_PASS_b,M,P,les crayons avec le collier que j' aime beaucoup ne sont probablement pas déformés <eos>,13,déformés,déformées,11,M,S,déformés,-11.082678,déformées,-10.748253,0
6786,P_NOUN_8_PASS_b,M,P,les crayons avec le collier que j' aime beaucoup ne sont probablement pas fixés <eos>,13,fixés,fixées,11,M,S,fixés,-8.797187,fixées,-11.413353,1
6787,P_NOUN_8_PASS_b,M,P,les crayons avec le collier que j' aime beaucoup ne sont probablement pas jetés <eos>,13,jetés,jetées,11,M,S,jetés,-8.005167,jetées,-11.790477,1
6788,P_NOUN_8_PASS_b,M,P,les crayons avec le collier que j' aime beaucoup ne sont probablement pas laissés <eos>,13,laissés,laissées,11,M,S,laissés,-8.224538,laissées,-11.349063,1
6789,P_NOUN_8_PASS_b,M,P,les crayons avec le collier que j' aime beaucoup ne sont probablement pas ouverts <eos>,13,ouverts,ouvertes,11,M,S,ouverts,-8.131431,ouvertes,-11.88625,1
6790,P_NOUN_8_PASS_b,M,P,les crayons avec le collier que j' aime beaucoup ne sont probablement pas perdus <eos>,13,perdus,perdues,11,M,S,perdus,-6.9340825,perdues,-10.303974,1
6791,P_NOUN_8_PASS_b,M,P,les crayons avec le collier que j' aime beaucoup ne sont probablement pas réparés <eos>,13,réparés,réparées,11,M,S,réparés,-10.915062,réparées,-12.30169,1
6792,P_NOUN_8_PASS_b,M,P,les crayons avec le collier que j' aime beaucoup ne sont probablement pas retirés <eos>,13,retirés,retirées,11,M,S,retirés,-8.672811,retirées,-11.211886,1
6793,P_NOUN_8_PASS_b,M,P,les crayons avec le collier que j' aime beaucoup ne sont probablement pas tombés <eos>,13,tombés,tombées,11,M,S,tombés,-7.0239635,tombées,-10.85247,1
6794,P_NOUN_8_PASS_b,M,P,les crayons avec le collier que j' aime beaucoup ne sont probablement pas utilisés <eos>,13,utilisés,utilisées,11,M,S,utilisés,-5.0003114,utilisées,-8.784935,1
6795,P_NOUN_8_PASS_b,M,P,les crayons avec le chapeau que j' aime beaucoup ne sont probablement pas achetés <eos>,13,achetés,achetées,11,M,S,achetés,-8.54057,achetées,-13.238186,1
6796,P_NOUN_8_PASS_b,M,P,les crayons avec le chapeau que j' aime beaucoup ne sont probablement pas brisés <eos>,13,brisés,brisées,11,M,S,brisés,-10.567982,brisées,-11.984842,1
6797,P_NOUN_8_PASS_b,M,P,les crayons avec le chapeau que j' aime beaucoup ne sont probablement pas cachés <eos>,13,cachés,cachées,11,M,S,cachés,-7.6993847,cachées,-11.142765,1
6798,P_NOUN_8_PASS_b,M,P,les crayons avec le chapeau que j' aime beaucoup ne sont probablement pas cassés <eos>,13,cassés,cassées,11,M,S,cassés,-9.29711,cassées,-10.464343,1
6799,P_NOUN_8_PASS_b,M,P,les crayons avec le chapeau que j' aime beaucoup ne sont probablement pas couverts <eos>,13,couverts,couvertes,11,M,S,couverts,-6.864834,couvertes,-11.083881,1
6800,P_NOUN_8_PASS_b,M,P,les crayons avec le chapeau que j' aime beaucoup ne sont probablement pas déformés <eos>,13,déformés,déformées,11,M,S,déformés,-11.076689,déformées,-10.445033,0
6801,P_NOUN_8_PASS_b,M,P,les crayons avec le chapeau que j' aime beaucoup ne sont probablement pas fixés <eos>,13,fixés,fixées,11,M,S,fixés,-8.989277,fixées,-11.695693,1
6802,P_NOUN_8_PASS_b,M,P,les crayons avec le chapeau que j' aime beaucoup ne sont probablement pas jetés <eos>,13,jetés,jetées,11,M,S,jetés,-8.244069,jetées,-11.859503,1
6803,P_NOUN_8_PASS_b,M,P,les crayons avec le chapeau que j' aime beaucoup ne sont probablement pas laissés <eos>,13,laissés,laissées,11,M,S,laissés,-8.118721,laissées,-11.190638,1
6804,P_NOUN_8_PASS_b,M,P,les crayons avec le chapeau que j' aime beaucoup ne sont probablement pas ouverts <eos>,13,ouverts,ouvertes,11,M,S,ouverts,-7.6004314,ouvertes,-11.313459,1
6805,P_NOUN_8_PASS_b,M,P,les crayons avec le chapeau que j' aime beaucoup ne sont probablement pas perdus <eos>,13,perdus,perdues,11,M,S,perdus,-7.0006037,perdues,-10.281813,1
6806,P_NOUN_8_PASS_b,M,P,les crayons avec le chapeau que j' aime beaucoup ne sont probablement pas réparés <eos>,13,réparés,réparées,11,M,S,réparés,-11.005195,réparées,-12.249609,1
6807,P_NOUN_8_PASS_b,M,P,les crayons avec le chapeau que j' aime beaucoup ne sont probablement pas retirés <eos>,13,retirés,retirées,11,M,S,retirés,-8.686754,retirées,-11.0420265,1
6808,P_NOUN_8_PASS_b,M,P,les crayons avec le chapeau que j' aime beaucoup ne sont probablement pas tombés <eos>,13,tombés,tombées,11,M,S,tombés,-7.23567,tombées,-10.508994,1
6809,P_NOUN_8_PASS_b,M,P,les crayons avec le chapeau que j' aime beaucoup ne sont probablement pas utilisés <eos>,13,utilisés,utilisées,11,M,S,utilisés,-5.071585,utilisées,-8.578592,1
6810,P_NOUN_8_PASS_b,M,P,les crayons avec le pot que j' aime beaucoup ne sont probablement pas achetés <eos>,13,achetés,achetées,11,M,S,achetés,-8.187699,achetées,-12.884173,1
6811,P_NOUN_8_PASS_b,M,P,les crayons avec le pot que j' aime beaucoup ne sont probablement pas brisés <eos>,13,brisés,brisées,11,M,S,brisés,-10.534395,brisées,-11.916343,1
6812,P_NOUN_8_PASS_b,M,P,les crayons avec le pot que j' aime beaucoup ne sont probablement pas cachés <eos>,13,cachés,cachées,11,M,S,cachés,-7.7471437,cachées,-11.469908,1
6813,P_NOUN_8_PASS_b,M,P,les crayons avec le pot que j' aime beaucoup ne sont probablement pas cassés <eos>,13,cassés,cassées,11,M,S,cassés,-9.087473,cassées,-10.664945,1
6814,P_NOUN_8_PASS_b,M,P,les crayons avec le pot que j' aime beaucoup ne sont probablement pas couverts <eos>,13,couverts,couvertes,11,M,S,couverts,-6.654871,couvertes,-10.994284,1
6815,P_NOUN_8_PASS_b,M,P,les crayons avec le pot que j' aime beaucoup ne sont probablement pas déformés <eos>,13,déformés,déformées,11,M,S,déformés,-11.313414,déformées,-10.850283,0
6816,P_NOUN_8_PASS_b,M,P,les crayons avec le pot que j' aime beaucoup ne sont probablement pas fixés <eos>,13,fixés,fixées,11,M,S,fixés,-8.615833,fixées,-11.497762,1
6817,P_NOUN_8_PASS_b,M,P,les crayons avec le pot que j' aime beaucoup ne sont probablement pas jetés <eos>,13,jetés,jetées,11,M,S,jetés,-8.20427,jetées,-11.960535,1
6818,P_NOUN_8_PASS_b,M,P,les crayons avec le pot que j' aime beaucoup ne sont probablement pas laissés <eos>,13,laissés,laissées,11,M,S,laissés,-7.9823923,laissées,-10.899216,1
6819,P_NOUN_8_PASS_b,M,P,les crayons avec le pot que j' aime beaucoup ne sont probablement pas ouverts <eos>,13,ouverts,ouvertes,11,M,S,ouverts,-7.8572874,ouvertes,-11.571492,1
6820,P_NOUN_8_PASS_b,M,P,les crayons avec le pot que j' aime beaucoup ne sont probablement pas perdus <eos>,13,perdus,perdues,11,M,S,perdus,-6.870135,perdues,-10.305777,1
6821,P_NOUN_8_PASS_b,M,P,les crayons avec le pot que j' aime beaucoup ne sont probablement pas réparés <eos>,13,réparés,réparées,11,M,S,réparés,-10.511166,réparées,-11.852692,1
6822,P_NOUN_8_PASS_b,M,P,les crayons avec le pot que j' aime beaucoup ne sont probablement pas retirés <eos>,13,retirés,retirées,11,M,S,retirés,-8.500138,retirées,-10.756939,1
6823,P_NOUN_8_PASS_b,M,P,les crayons avec le pot que j' aime beaucoup ne sont probablement pas tombés <eos>,13,tombés,tombées,11,M,S,tombés,-7.245092,tombées,-10.516632,1
6824,P_NOUN_8_PASS_b,M,P,les crayons avec le pot que j' aime beaucoup ne sont probablement pas utilisés <eos>,13,utilisés,utilisées,11,M,S,utilisés,-4.8654623,utilisées,-8.530627,1
6825,P_NOUN_8_PASS_b,M,P,les crayons avec le coussin que j' aime beaucoup ne sont probablement pas achetés <eos>,13,achetés,achetées,11,M,S,achetés,-8.908119,achetées,-13.26824,1
6826,P_NOUN_8_PASS_b,M,P,les crayons avec le coussin que j' aime beaucoup ne sont probablement pas brisés <eos>,13,brisés,brisées,11,M,S,brisés,-10.365668,brisées,-11.69082,1
6827,P_NOUN_8_PASS_b,M,P,les crayons avec le coussin que j' aime beaucoup ne sont probablement pas cachés <eos>,13,cachés,cachées,11,M,S,cachés,-7.6881347,cachées,-11.316963,1
6828,P_NOUN_8_PASS_b,M,P,les crayons avec le coussin que j' aime beaucoup ne sont probablement pas cassés <eos>,13,cassés,cassées,11,M,S,cassés,-9.410819,cassées,-10.445736,1
6829,P_NOUN_8_PASS_b,M,P,les crayons avec le coussin que j' aime beaucoup ne sont probablement pas couverts <eos>,13,couverts,couvertes,11,M,S,couverts,-7.161174,couvertes,-10.981517,1
6830,P_NOUN_8_PASS_b,M,P,les crayons avec le coussin que j' aime beaucoup ne sont probablement pas déformés <eos>,13,déformés,déformées,11,M,S,déformés,-11.090231,déformées,-10.406206,0
6831,P_NOUN_8_PASS_b,M,P,les crayons avec le coussin que j' aime beaucoup ne sont probablement pas fixés <eos>,13,fixés,fixées,11,M,S,fixés,-8.516268,fixées,-11.050056,1
6832,P_NOUN_8_PASS_b,M,P,les crayons avec le coussin que j' aime beaucoup ne sont probablement pas jetés <eos>,13,jetés,jetées,11,M,S,jetés,-8.325846,jetées,-11.864316,1
6833,P_NOUN_8_PASS_b,M,P,les crayons avec le coussin que j' aime beaucoup ne sont probablement pas laissés <eos>,13,laissés,laissées,11,M,S,laissés,-8.280358,laissées,-11.07387,1
6834,P_NOUN_8_PASS_b,M,P,les crayons avec le coussin que j' aime beaucoup ne sont probablement pas ouverts <eos>,13,ouverts,ouvertes,11,M,S,ouverts,-7.9992633,ouvertes,-11.496262,1
6835,P_NOUN_8_PASS_b,M,P,les crayons avec le coussin que j' aime beaucoup ne sont probablement pas perdus <eos>,13,perdus,perdues,11,M,S,perdus,-7.046071,perdues,-10.414498,1
6836,P_NOUN_8_PASS_b,M,P,les crayons avec le coussin que j' aime beaucoup ne sont probablement pas réparés <eos>,13,réparés,réparées,11,M,S,réparés,-11.010073,réparées,-12.177578,1
6837,P_NOUN_8_PASS_b,M,P,les crayons avec le coussin que j' aime beaucoup ne sont probablement pas retirés <eos>,13,retirés,retirées,11,M,S,retirés,-8.505854,retirées,-10.838742,1
6838,P_NOUN_8_PASS_b,M,P,les crayons avec le coussin que j' aime beaucoup ne sont probablement pas tombés <eos>,13,tombés,tombées,11,M,S,tombés,-7.3153496,tombées,-10.717082,1
6839,P_NOUN_8_PASS_b,M,P,les crayons avec le coussin que j' aime beaucoup ne sont probablement pas utilisés <eos>,13,utilisés,utilisées,11,M,S,utilisés,-4.659911,utilisées,-8.285742,1
6840,P_NOUN_8_PASS_b,M,P,les crayons avec le jouet que j' aime beaucoup ne sont probablement pas achetés <eos>,13,achetés,achetées,11,M,S,achetés,-8.625598,achetées,-13.522805,1
6841,P_NOUN_8_PASS_b,M,P,les crayons avec le jouet que j' aime beaucoup ne sont probablement pas brisés <eos>,13,brisés,brisées,11,M,S,brisés,-10.469476,brisées,-11.85016,1
6842,P_NOUN_8_PASS_b,M,P,les crayons avec le jouet que j' aime beaucoup ne sont probablement pas cachés <eos>,13,cachés,cachées,11,M,S,cachés,-7.9512978,cachées,-11.39963,1
6843,P_NOUN_8_PASS_b,M,P,les crayons avec le jouet que j' aime beaucoup ne sont probablement pas cassés <eos>,13,cassés,cassées,11,M,S,cassés,-9.389502,cassées,-10.796965,1
6844,P_NOUN_8_PASS_b,M,P,les crayons avec le jouet que j' aime beaucoup ne sont probablement pas couverts <eos>,13,couverts,couvertes,11,M,S,couverts,-7.2692385,couvertes,-11.428409,1
6845,P_NOUN_8_PASS_b,M,P,les crayons avec le jouet que j' aime beaucoup ne sont probablement pas déformés <eos>,13,déformés,déformées,11,M,S,déformés,-10.952162,déformées,-10.655104,0
6846,P_NOUN_8_PASS_b,M,P,les crayons avec le jouet que j' aime beaucoup ne sont probablement pas fixés <eos>,13,fixés,fixées,11,M,S,fixés,-8.756026,fixées,-11.471804,1
6847,P_NOUN_8_PASS_b,M,P,les crayons avec le jouet que j' aime beaucoup ne sont probablement pas jetés <eos>,13,jetés,jetées,11,M,S,jetés,-8.532854,jetées,-12.248851,1
6848,P_NOUN_8_PASS_b,M,P,les crayons avec le jouet que j' aime beaucoup ne sont probablement pas laissés <eos>,13,laissés,laissées,11,M,S,laissés,-8.391062,laissées,-11.242331,1
6849,P_NOUN_8_PASS_b,M,P,les crayons avec le jouet que j' aime beaucoup ne sont probablement pas ouverts <eos>,13,ouverts,ouvertes,11,M,S,ouverts,-7.764347,ouvertes,-11.66256,1
6850,P_NOUN_8_PASS_b,M,P,les crayons avec le jouet que j' aime beaucoup ne sont probablement pas perdus <eos>,13,perdus,perdues,11,M,S,perdus,-6.9465647,perdues,-10.493157,1
6851,P_NOUN_8_PASS_b,M,P,les crayons avec le jouet que j' aime beaucoup ne sont probablement pas réparés <eos>,13,réparés,réparées,11,M,S,réparés,-11.123999,réparées,-12.2854395,1
6852,P_NOUN_8_PASS_b,M,P,les crayons avec le jouet que j' aime beaucoup ne sont probablement pas retirés <eos>,13,retirés,retirées,11,M,S,retirés,-8.888748,retirées,-11.131197,1
6853,P_NOUN_8_PASS_b,M,P,les crayons avec le jouet que j' aime beaucoup ne sont probablement pas tombés <eos>,13,tombés,tombées,11,M,S,tombés,-7.668092,tombées,-10.986149,1
6854,P_NOUN_8_PASS_b,M,P,les crayons avec le jouet que j' aime beaucoup ne sont probablement pas utilisés <eos>,13,utilisés,utilisées,11,M,S,utilisés,-5.050472,utilisées,-8.646484,1
6855,P_NOUN_8_PASS_b,M,P,les crayons avec le clou que j' aime beaucoup ne sont probablement pas achetés <eos>,13,achetés,achetées,11,M,S,achetés,-8.648625,achetées,-13.182112,1
6856,P_NOUN_8_PASS_b,M,P,les crayons avec le clou que j' aime beaucoup ne sont probablement pas brisés <eos>,13,brisés,brisées,11,M,S,brisés,-10.374378,brisées,-11.831856,1
6857,P_NOUN_8_PASS_b,M,P,les crayons avec le clou que j' aime beaucoup ne sont probablement pas cachés <eos>,13,cachés,cachées,11,M,S,cachés,-7.9670963,cachées,-11.462838,1
6858,P_NOUN_8_PASS_b,M,P,les crayons avec le clou que j' aime beaucoup ne sont probablement pas cassés <eos>,13,cassés,cassées,11,M,S,cassés,-9.191316,cassées,-10.715834,1
6859,P_NOUN_8_PASS_b,M,P,les crayons avec le clou que j' aime beaucoup ne sont probablement pas couverts <eos>,13,couverts,couvertes,11,M,S,couverts,-7.067377,couvertes,-11.212797,1
6860,P_NOUN_8_PASS_b,M,P,les crayons avec le clou que j' aime beaucoup ne sont probablement pas déformés <eos>,13,déformés,déformées,11,M,S,déformés,-10.808426,déformées,-10.651267,0
6861,P_NOUN_8_PASS_b,M,P,les crayons avec le clou que j' aime beaucoup ne sont probablement pas fixés <eos>,13,fixés,fixées,11,M,S,fixés,-8.774183,fixées,-11.451708,1
6862,P_NOUN_8_PASS_b,M,P,les crayons avec le clou que j' aime beaucoup ne sont probablement pas jetés <eos>,13,jetés,jetées,11,M,S,jetés,-8.452517,jetées,-12.1881075,1
6863,P_NOUN_8_PASS_b,M,P,les crayons avec le clou que j' aime beaucoup ne sont probablement pas laissés <eos>,13,laissés,laissées,11,M,S,laissés,-8.241517,laissées,-11.299057,1
6864,P_NOUN_8_PASS_b,M,P,les crayons avec le clou que j' aime beaucoup ne sont probablement pas ouverts <eos>,13,ouverts,ouvertes,11,M,S,ouverts,-8.0009,ouvertes,-11.570765,1
6865,P_NOUN_8_PASS_b,M,P,les crayons avec le clou que j' aime beaucoup ne sont probablement pas perdus <eos>,13,perdus,perdues,11,M,S,perdus,-6.819825,perdues,-10.221176,1
6866,P_NOUN_8_PASS_b,M,P,les crayons avec le clou que j' aime beaucoup ne sont probablement pas réparés <eos>,13,réparés,réparées,11,M,S,réparés,-10.840595,réparées,-11.9658985,1
6867,P_NOUN_8_PASS_b,M,P,les crayons avec le clou que j' aime beaucoup ne sont probablement pas retirés <eos>,13,retirés,retirées,11,M,S,retirés,-8.6771555,retirées,-10.833505,1
6868,P_NOUN_8_PASS_b,M,P,les crayons avec le clou que j' aime beaucoup ne sont probablement pas tombés <eos>,13,tombés,tombées,11,M,S,tombés,-7.3579016,tombées,-10.555131,1
6869,P_NOUN_8_PASS_b,M,P,les crayons avec le clou que j' aime beaucoup ne sont probablement pas utilisés <eos>,13,utilisés,utilisées,11,M,S,utilisés,-5.2195034,utilisées,-8.786767,1
6870,P_NOUN_8_PASS_b,M,P,les crayons avec le billet que j' aime beaucoup ne sont probablement pas achetés <eos>,13,achetés,achetées,11,M,S,achetés,-8.138711,achetées,-12.34884,1
6871,P_NOUN_8_PASS_b,M,P,les crayons avec le billet que j' aime beaucoup ne sont probablement pas brisés <eos>,13,brisés,brisées,11,M,S,brisés,-11.322858,brisées,-12.32855,1
6872,P_NOUN_8_PASS_b,M,P,les crayons avec le billet que j' aime beaucoup ne sont probablement pas cachés <eos>,13,cachés,cachées,11,M,S,cachés,-7.4287343,cachées,-11.598227,1
6873,P_NOUN_8_PASS_b,M,P,les crayons avec le billet que j' aime beaucoup ne sont probablement pas cassés <eos>,13,cassés,cassées,11,M,S,cassés,-9.742826,cassées,-11.26065,1
6874,P_NOUN_8_PASS_b,M,P,les crayons avec le billet que j' aime beaucoup ne sont probablement pas couverts <eos>,13,couverts,couvertes,11,M,S,couverts,-7.3818564,couvertes,-11.871361,1
6875,P_NOUN_8_PASS_b,M,P,les crayons avec le billet que j' aime beaucoup ne sont probablement pas déformés <eos>,13,déformés,déformées,11,M,S,déformés,-11.71933,déformées,-11.143265,0
6876,P_NOUN_8_PASS_b,M,P,les crayons avec le billet que j' aime beaucoup ne sont probablement pas fixés <eos>,13,fixés,fixées,11,M,S,fixés,-8.566298,fixées,-11.34453,1
6877,P_NOUN_8_PASS_b,M,P,les crayons avec le billet que j' aime beaucoup ne sont probablement pas jetés <eos>,13,jetés,jetées,11,M,S,jetés,-8.300079,jetées,-12.07234,1
6878,P_NOUN_8_PASS_b,M,P,les crayons avec le billet que j' aime beaucoup ne sont probablement pas laissés <eos>,13,laissés,laissées,11,M,S,laissés,-8.45783,laissées,-11.28881,1
6879,P_NOUN_8_PASS_b,M,P,les crayons avec le billet que j' aime beaucoup ne sont probablement pas ouverts <eos>,13,ouverts,ouvertes,11,M,S,ouverts,-8.082916,ouvertes,-12.049759,1
6880,P_NOUN_8_PASS_b,M,P,les crayons avec le billet que j' aime beaucoup ne sont probablement pas perdus <eos>,13,perdus,perdues,11,M,S,perdus,-6.6837697,perdues,-9.673534,1
6881,P_NOUN_8_PASS_b,M,P,les crayons avec le billet que j' aime beaucoup ne sont probablement pas réparés <eos>,13,réparés,réparées,11,M,S,réparés,-11.279027,réparées,-12.227988,1
6882,P_NOUN_8_PASS_b,M,P,les crayons avec le billet que j' aime beaucoup ne sont probablement pas retirés <eos>,13,retirés,retirées,11,M,S,retirés,-8.292242,retirées,-10.696308,1
6883,P_NOUN_8_PASS_b,M,P,les crayons avec le billet que j' aime beaucoup ne sont probablement pas tombés <eos>,13,tombés,tombées,11,M,S,tombés,-7.363368,tombées,-10.900127,1
6884,P_NOUN_8_PASS_b,M,P,les crayons avec le billet que j' aime beaucoup ne sont probablement pas utilisés <eos>,13,utilisés,utilisées,11,M,S,utilisés,-5.0069795,utilisées,-8.536316,1
6885,P_NOUN_8_PASS_b,M,P,les crayons avec le légume que j' aime beaucoup ne sont probablement pas achetés <eos>,13,achetés,achetées,11,M,S,achetés,-8.341263,achetées,-13.253755,1
6886,P_NOUN_8_PASS_b,M,P,les crayons avec le légume que j' aime beaucoup ne sont probablement pas brisés <eos>,13,brisés,brisées,11,M,S,brisés,-10.739912,brisées,-12.2077675,1
6887,P_NOUN_8_PASS_b,M,P,les crayons avec le légume que j' aime beaucoup ne sont probablement pas cachés <eos>,13,cachés,cachées,11,M,S,cachés,-8.439536,cachées,-12.080043,1
6888,P_NOUN_8_PASS_b,M,P,les crayons avec le légume que j' aime beaucoup ne sont probablement pas cassés <eos>,13,cassés,cassées,11,M,S,cassés,-9.24968,cassées,-11.006828,1
6889,P_NOUN_8_PASS_b,M,P,les crayons avec le légume que j' aime beaucoup ne sont probablement pas couverts <eos>,13,couverts,couvertes,11,M,S,couverts,-6.4406586,couvertes,-11.042127,1
6890,P_NOUN_8_PASS_b,M,P,les crayons avec le légume que j' aime beaucoup ne sont probablement pas déformés <eos>,13,déformés,déformées,11,M,S,déformés,-11.800745,déformées,-11.692618,0
6891,P_NOUN_8_PASS_b,M,P,les crayons avec le légume que j' aime beaucoup ne sont probablement pas fixés <eos>,13,fixés,fixées,11,M,S,fixés,-8.873934,fixées,-11.963143,1
6892,P_NOUN_8_PASS_b,M,P,les crayons avec le légume que j' aime beaucoup ne sont probablement pas jetés <eos>,13,jetés,jetées,11,M,S,jetés,-9.080419,jetées,-12.107916,1
6893,P_NOUN_8_PASS_b,M,P,les crayons avec le légume que j' aime beaucoup ne sont probablement pas laissés <eos>,13,laissés,laissées,11,M,S,laissés,-7.924817,laissées,-10.919256,1
6894,P_NOUN_8_PASS_b,M,P,les crayons avec le légume que j' aime beaucoup ne sont probablement pas ouverts <eos>,13,ouverts,ouvertes,11,M,S,ouverts,-7.5573673,ouvertes,-11.634221,1
6895,P_NOUN_8_PASS_b,M,P,les crayons avec le légume que j' aime beaucoup ne sont probablement pas perdus <eos>,13,perdus,perdues,11,M,S,perdus,-7.137451,perdues,-10.659203,1
6896,P_NOUN_8_PASS_b,M,P,les crayons avec le légume que j' aime beaucoup ne sont probablement pas réparés <eos>,13,réparés,réparées,11,M,S,réparés,-10.843023,réparées,-12.724083,1
6897,P_NOUN_8_PASS_b,M,P,les crayons avec le légume que j' aime beaucoup ne sont probablement pas retirés <eos>,13,retirés,retirées,11,M,S,retirés,-8.810326,retirées,-11.53281,1
6898,P_NOUN_8_PASS_b,M,P,les crayons avec le légume que j' aime beaucoup ne sont probablement pas tombés <eos>,13,tombés,tombées,11,M,S,tombés,-7.373933,tombées,-10.748407,1
6899,P_NOUN_8_PASS_b,M,P,les crayons avec le légume que j' aime beaucoup ne sont probablement pas utilisés <eos>,13,utilisés,utilisées,11,M,S,utilisés,-5.17811,utilisées,-8.80765,1
6900,P_NOUN_8_PASS_b,M,P,les rideaux avec le bracelet que j' aime beaucoup ne sont probablement pas achetés <eos>,13,achetés,achetées,11,M,S,achetés,-9.264123,achetées,-13.012936,1
6901,P_NOUN_8_PASS_b,M,P,les rideaux avec le bracelet que j' aime beaucoup ne sont probablement pas brisés <eos>,13,brisés,brisées,11,M,S,brisés,-9.851491,brisées,-11.166091,1
6902,P_NOUN_8_PASS_b,M,P,les rideaux avec le bracelet que j' aime beaucoup ne sont probablement pas cachés <eos>,13,cachés,cachées,11,M,S,cachés,-7.1019225,cachées,-10.820269,1
6903,P_NOUN_8_PASS_b,M,P,les rideaux avec le bracelet que j' aime beaucoup ne sont probablement pas cassés <eos>,13,cassés,cassées,11,M,S,cassés,-9.403971,cassées,-10.600315,1
6904,P_NOUN_8_PASS_b,M,P,les rideaux avec le bracelet que j' aime beaucoup ne sont probablement pas couverts <eos>,13,couverts,couvertes,11,M,S,couverts,-7.4257264,couvertes,-11.717146,1
6905,P_NOUN_8_PASS_b,M,P,les rideaux avec le bracelet que j' aime beaucoup ne sont probablement pas déformés <eos>,13,déformés,déformées,11,M,S,déformés,-11.317636,déformées,-10.911176,0
6906,P_NOUN_8_PASS_b,M,P,les rideaux avec le bracelet que j' aime beaucoup ne sont probablement pas fixés <eos>,13,fixés,fixées,11,M,S,fixés,-7.8086824,fixées,-10.390499,1
6907,P_NOUN_8_PASS_b,M,P,les rideaux avec le bracelet que j' aime beaucoup ne sont probablement pas jetés <eos>,13,jetés,jetées,11,M,S,jetés,-7.019223,jetées,-10.990571,1
6908,P_NOUN_8_PASS_b,M,P,les rideaux avec le bracelet que j' aime beaucoup ne sont probablement pas laissés <eos>,13,laissés,laissées,11,M,S,laissés,-8.007486,laissées,-11.465954,1
6909,P_NOUN_8_PASS_b,M,P,les rideaux avec le bracelet que j' aime beaucoup ne sont probablement pas ouverts <eos>,13,ouverts,ouvertes,11,M,S,ouverts,-7.909554,ouvertes,-11.508633,1
6910,P_NOUN_8_PASS_b,M,P,les rideaux avec le bracelet que j' aime beaucoup ne sont probablement pas perdus <eos>,13,perdus,perdues,11,M,S,perdus,-6.2463894,perdues,-10.15305,1
6911,P_NOUN_8_PASS_b,M,P,les rideaux avec le bracelet que j' aime beaucoup ne sont probablement pas réparés <eos>,13,réparés,réparées,11,M,S,réparés,-11.044853,réparées,-12.251919,1
6912,P_NOUN_8_PASS_b,M,P,les rideaux avec le bracelet que j' aime beaucoup ne sont probablement pas retirés <eos>,13,retirés,retirées,11,M,S,retirés,-8.74313,retirées,-10.8249,1
6913,P_NOUN_8_PASS_b,M,P,les rideaux avec le bracelet que j' aime beaucoup ne sont probablement pas tombés <eos>,13,tombés,tombées,11,M,S,tombés,-5.668247,tombées,-10.598675,1
6914,P_NOUN_8_PASS_b,M,P,les rideaux avec le bracelet que j' aime beaucoup ne sont probablement pas utilisés <eos>,13,utilisés,utilisées,11,M,S,utilisés,-5.196492,utilisées,-8.919121,1
6915,P_NOUN_8_PASS_b,M,P,les rideaux avec le miroir que j' aime beaucoup ne sont probablement pas achetés <eos>,13,achetés,achetées,11,M,S,achetés,-9.47019,achetées,-13.742361,1
6916,P_NOUN_8_PASS_b,M,P,les rideaux avec le miroir que j' aime beaucoup ne sont probablement pas brisés <eos>,13,brisés,brisées,11,M,S,brisés,-9.710149,brisées,-11.6405,1
6917,P_NOUN_8_PASS_b,M,P,les rideaux avec le miroir que j' aime beaucoup ne sont probablement pas cachés <eos>,13,cachés,cachées,11,M,S,cachés,-7.2273483,cachées,-10.35607,1
6918,P_NOUN_8_PASS_b,M,P,les rideaux avec le miroir que j' aime beaucoup ne sont probablement pas cassés <eos>,13,cassés,cassées,11,M,S,cassés,-9.525296,cassées,-10.793846,1
6919,P_NOUN_8_PASS_b,M,P,les rideaux avec le miroir que j' aime beaucoup ne sont probablement pas couverts <eos>,13,couverts,couvertes,11,M,S,couverts,-7.2477913,couvertes,-11.183693,1
6920,P_NOUN_8_PASS_b,M,P,les rideaux avec le miroir que j' aime beaucoup ne sont probablement pas déformés <eos>,13,déformés,déformées,11,M,S,déformés,-10.257163,déformées,-10.031052,0
6921,P_NOUN_8_PASS_b,M,P,les rideaux avec le miroir que j' aime beaucoup ne sont probablement pas fixés <eos>,13,fixés,fixées,11,M,S,fixés,-8.744383,fixées,-11.130328,1
6922,P_NOUN_8_PASS_b,M,P,les rideaux avec le miroir que j' aime beaucoup ne sont probablement pas jetés <eos>,13,jetés,jetées,11,M,S,jetés,-7.8115726,jetées,-11.739281,1
6923,P_NOUN_8_PASS_b,M,P,les rideaux avec le miroir que j' aime beaucoup ne sont probablement pas laissés <eos>,13,laissés,laissées,11,M,S,laissés,-7.9410973,laissées,-11.396194,1
6924,P_NOUN_8_PASS_b,M,P,les rideaux avec le miroir que j' aime beaucoup ne sont probablement pas ouverts <eos>,13,ouverts,ouvertes,11,M,S,ouverts,-7.2426286,ouvertes,-11.014883,1
6925,P_NOUN_8_PASS_b,M,P,les rideaux avec le miroir que j' aime beaucoup ne sont probablement pas perdus <eos>,13,perdus,perdues,11,M,S,perdus,-6.3677874,perdues,-10.13921,1
6926,P_NOUN_8_PASS_b,M,P,les rideaux avec le miroir que j' aime beaucoup ne sont probablement pas réparés <eos>,13,réparés,réparées,11,M,S,réparés,-11.263209,réparées,-11.956326,1
6927,P_NOUN_8_PASS_b,M,P,les rideaux avec le miroir que j' aime beaucoup ne sont probablement pas retirés <eos>,13,retirés,retirées,11,M,S,retirés,-9.248208,retirées,-10.99029,1
6928,P_NOUN_8_PASS_b,M,P,les rideaux avec le miroir que j' aime beaucoup ne sont probablement pas tombés <eos>,13,tombés,tombées,11,M,S,tombés,-6.926977,tombées,-10.756422,1
6929,P_NOUN_8_PASS_b,M,P,les rideaux avec le miroir que j' aime beaucoup ne sont probablement pas utilisés <eos>,13,utilisés,utilisées,11,M,S,utilisés,-5.621357,utilisées,-9.198018,1
6930,P_NOUN_8_PASS_b,M,P,les rideaux avec le crayon que j' aime beaucoup ne sont probablement pas achetés <eos>,13,achetés,achetées,11,M,S,achetés,-8.6142,achetées,-13.011657,1
6931,P_NOUN_8_PASS_b,M,P,les rideaux avec le crayon que j' aime beaucoup ne sont probablement pas brisés <eos>,13,brisés,brisées,11,M,S,brisés,-10.09842,brisées,-11.710856,1
6932,P_NOUN_8_PASS_b,M,P,les rideaux avec le crayon que j' aime beaucoup ne sont probablement pas cachés <eos>,13,cachés,cachées,11,M,S,cachés,-7.1503124,cachées,-10.839941,1
6933,P_NOUN_8_PASS_b,M,P,les rideaux avec le crayon que j' aime beaucoup ne sont probablement pas cassés <eos>,13,cassés,cassées,11,M,S,cassés,-9.313942,cassées,-10.689436,1
6934,P_NOUN_8_PASS_b,M,P,les rideaux avec le crayon que j' aime beaucoup ne sont probablement pas couverts <eos>,13,couverts,couvertes,11,M,S,couverts,-7.1071887,couvertes,-11.316111,1
6935,P_NOUN_8_PASS_b,M,P,les rideaux avec le crayon que j' aime beaucoup ne sont probablement pas déformés <eos>,13,déformés,déformées,11,M,S,déformés,-10.758473,déformées,-10.009164,0
6936,P_NOUN_8_PASS_b,M,P,les rideaux avec le crayon que j' aime beaucoup ne sont probablement pas fixés <eos>,13,fixés,fixées,11,M,S,fixés,-8.684038,fixées,-10.962805,1
6937,P_NOUN_8_PASS_b,M,P,les rideaux avec le crayon que j' aime beaucoup ne sont probablement pas jetés <eos>,13,jetés,jetées,11,M,S,jetés,-7.5878973,jetées,-11.374912,1
6938,P_NOUN_8_PASS_b,M,P,les rideaux avec le crayon que j' aime beaucoup ne sont probablement pas laissés <eos>,13,laissés,laissées,11,M,S,laissés,-7.676531,laissées,-11.098675,1
6939,P_NOUN_8_PASS_b,M,P,les rideaux avec le crayon que j' aime beaucoup ne sont probablement pas ouverts <eos>,13,ouverts,ouvertes,11,M,S,ouverts,-7.8006773,ouvertes,-11.48455,1
6940,P_NOUN_8_PASS_b,M,P,les rideaux avec le crayon que j' aime beaucoup ne sont probablement pas perdus <eos>,13,perdus,perdues,11,M,S,perdus,-6.4790897,perdues,-9.801559,1
6941,P_NOUN_8_PASS_b,M,P,les rideaux avec le crayon que j' aime beaucoup ne sont probablement pas réparés <eos>,13,réparés,réparées,11,M,S,réparés,-11.148298,réparées,-11.636079,1
6942,P_NOUN_8_PASS_b,M,P,les rideaux avec le crayon que j' aime beaucoup ne sont probablement pas retirés <eos>,13,retirés,retirées,11,M,S,retirés,-8.902288,retirées,-10.454536,1
6943,P_NOUN_8_PASS_b,M,P,les rideaux avec le crayon que j' aime beaucoup ne sont probablement pas tombés <eos>,13,tombés,tombées,11,M,S,tombés,-7.060485,tombées,-10.567203,1
6944,P_NOUN_8_PASS_b,M,P,les rideaux avec le crayon que j' aime beaucoup ne sont probablement pas utilisés <eos>,13,utilisés,utilisées,11,M,S,utilisés,-5.121166,utilisées,-8.677518,1
6945,P_NOUN_8_PASS_b,M,P,les rideaux avec le rideau que j' aime beaucoup ne sont probablement pas achetés <eos>,13,achetés,achetées,11,M,S,achetés,-9.769493,achetées,-13.80522,1
6946,P_NOUN_8_PASS_b,M,P,les rideaux avec le rideau que j' aime beaucoup ne sont probablement pas brisés <eos>,13,brisés,brisées,11,M,S,brisés,-9.75947,brisées,-11.629886,1
6947,P_NOUN_8_PASS_b,M,P,les rideaux avec le rideau que j' aime beaucoup ne sont probablement pas cachés <eos>,13,cachés,cachées,11,M,S,cachés,-7.650841,cachées,-10.489096,1
6948,P_NOUN_8_PASS_b,M,P,les rideaux avec le rideau que j' aime beaucoup ne sont probablement pas cassés <eos>,13,cassés,cassées,11,M,S,cassés,-9.531089,cassées,-10.565763,1
6949,P_NOUN_8_PASS_b,M,P,les rideaux avec le rideau que j' aime beaucoup ne sont probablement pas couverts <eos>,13,couverts,couvertes,11,M,S,couverts,-6.8305206,couvertes,-10.837052,1
6950,P_NOUN_8_PASS_b,M,P,les rideaux avec le rideau que j' aime beaucoup ne sont probablement pas déformés <eos>,13,déformés,déformées,11,M,S,déformés,-10.334519,déformées,-10.358711,1
6951,P_NOUN_8_PASS_b,M,P,les rideaux avec le rideau que j' aime beaucoup ne sont probablement pas fixés <eos>,13,fixés,fixées,11,M,S,fixés,-8.325759,fixées,-10.6726265,1
6952,P_NOUN_8_PASS_b,M,P,les rideaux avec le rideau que j' aime beaucoup ne sont probablement pas jetés <eos>,13,jetés,jetées,11,M,S,jetés,-7.7745557,jetées,-11.334839,1
6953,P_NOUN_8_PASS_b,M,P,les rideaux avec le rideau que j' aime beaucoup ne sont probablement pas laissés <eos>,13,laissés,laissées,11,M,S,laissés,-7.946339,laissées,-11.260134,1
6954,P_NOUN_8_PASS_b,M,P,les rideaux avec le rideau que j' aime beaucoup ne sont probablement pas ouverts <eos>,13,ouverts,ouvertes,11,M,S,ouverts,-7.1495314,ouvertes,-10.859142,1
6955,P_NOUN_8_PASS_b,M,P,les rideaux avec le rideau que j' aime beaucoup ne sont probablement pas perdus <eos>,13,perdus,perdues,11,M,S,perdus,-6.751121,perdues,-10.586445,1
6956,P_NOUN_8_PASS_b,M,P,les rideaux avec le rideau que j' aime beaucoup ne sont probablement pas réparés <eos>,13,réparés,réparées,11,M,S,réparés,-10.700108,réparées,-11.698458,1
6957,P_NOUN_8_PASS_b,M,P,les rideaux avec le rideau que j' aime beaucoup ne sont probablement pas retirés <eos>,13,retirés,retirées,11,M,S,retirés,-9.392612,retirées,-10.906429,1
6958,P_NOUN_8_PASS_b,M,P,les rideaux avec le rideau que j' aime beaucoup ne sont probablement pas tombés <eos>,13,tombés,tombées,11,M,S,tombés,-6.6916,tombées,-10.479299,1
6959,P_NOUN_8_PASS_b,M,P,les rideaux avec le rideau que j' aime beaucoup ne sont probablement pas utilisés <eos>,13,utilisés,utilisées,11,M,S,utilisés,-5.5740976,utilisées,-9.094691,1
6960,P_NOUN_8_PASS_b,M,P,les rideaux avec le cahier que j' aime beaucoup ne sont probablement pas achetés <eos>,13,achetés,achetées,11,M,S,achetés,-9.192269,achetées,-13.515979,1
6961,P_NOUN_8_PASS_b,M,P,les rideaux avec le cahier que j' aime beaucoup ne sont probablement pas brisés <eos>,13,brisés,brisées,11,M,S,brisés,-9.900743,brisées,-12.12074,1
6962,P_NOUN_8_PASS_b,M,P,les rideaux avec le cahier que j' aime beaucoup ne sont probablement pas cachés <eos>,13,cachés,cachées,11,M,S,cachés,-7.380817,cachées,-11.018585,1
6963,P_NOUN_8_PASS_b,M,P,les rideaux avec le cahier que j' aime beaucoup ne sont probablement pas cassés <eos>,13,cassés,cassées,11,M,S,cassés,-10.030349,cassées,-11.003371,1
6964,P_NOUN_8_PASS_b,M,P,les rideaux avec le cahier que j' aime beaucoup ne sont probablement pas couverts <eos>,13,couverts,couvertes,11,M,S,couverts,-6.7879953,couvertes,-11.573378,1
6965,P_NOUN_8_PASS_b,M,P,les rideaux avec le cahier que j' aime beaucoup ne sont probablement pas déformés <eos>,13,déformés,déformées,11,M,S,déformés,-10.058369,déformées,-10.601108,1
6966,P_NOUN_8_PASS_b,M,P,les rideaux avec le cahier que j' aime beaucoup ne sont probablement pas fixés <eos>,13,fixés,fixées,11,M,S,fixés,-8.525812,fixées,-11.089755,1
6967,P_NOUN_8_PASS_b,M,P,les rideaux avec le cahier que j' aime beaucoup ne sont probablement pas jetés <eos>,13,jetés,jetées,11,M,S,jetés,-7.896691,jetées,-12.019091,1
6968,P_NOUN_8_PASS_b,M,P,les rideaux avec le cahier que j' aime beaucoup ne sont probablement pas laissés <eos>,13,laissés,laissées,11,M,S,laissés,-7.7449603,laissées,-11.830063,1
6969,P_NOUN_8_PASS_b,M,P,les rideaux avec le cahier que j' aime beaucoup ne sont probablement pas ouverts <eos>,13,ouverts,ouvertes,11,M,S,ouverts,-6.9952717,ouvertes,-11.291369,1
6970,P_NOUN_8_PASS_b,M,P,les rideaux avec le cahier que j' aime beaucoup ne sont probablement pas perdus <eos>,13,perdus,perdues,11,M,S,perdus,-6.0292244,perdues,-10.158111,1
6971,P_NOUN_8_PASS_b,M,P,les rideaux avec le cahier que j' aime beaucoup ne sont probablement pas réparés <eos>,13,réparés,réparées,11,M,S,réparés,-11.04372,réparées,-11.923461,1
6972,P_NOUN_8_PASS_b,M,P,les rideaux avec le cahier que j' aime beaucoup ne sont probablement pas retirés <eos>,13,retirés,retirées,11,M,S,retirés,-8.778973,retirées,-10.902927,1
6973,P_NOUN_8_PASS_b,M,P,les rideaux avec le cahier que j' aime beaucoup ne sont probablement pas tombés <eos>,13,tombés,tombées,11,M,S,tombés,-6.5144167,tombées,-10.953916,1
6974,P_NOUN_8_PASS_b,M,P,les rideaux avec le cahier que j' aime beaucoup ne sont probablement pas utilisés <eos>,13,utilisés,utilisées,11,M,S,utilisés,-5.45802,utilisées,-9.358037,1
6975,P_NOUN_8_PASS_b,M,P,les rideaux avec le micro que j' aime beaucoup ne sont probablement pas achetés <eos>,13,achetés,achetées,11,M,S,achetés,-9.47765,achetées,-13.5019655,1
6976,P_NOUN_8_PASS_b,M,P,les rideaux avec le micro que j' aime beaucoup ne sont probablement pas brisés <eos>,13,brisés,brisées,11,M,S,brisés,-9.78005,brisées,-11.625833,1
6977,P_NOUN_8_PASS_b,M,P,les rideaux avec le micro que j' aime beaucoup ne sont probablement pas cachés <eos>,13,cachés,cachées,11,M,S,cachés,-7.2745404,cachées,-10.488035,1
6978,P_NOUN_8_PASS_b,M,P,les rideaux avec le micro que j' aime beaucoup ne sont probablement pas cassés <eos>,13,cassés,cassées,11,M,S,cassés,-9.71451,cassées,-10.703724,1
6979,P_NOUN_8_PASS_b,M,P,les rideaux avec le micro que j' aime beaucoup ne sont probablement pas couverts <eos>,13,couverts,couvertes,11,M,S,couverts,-7.1548643,couvertes,-11.018519,1
6980,P_NOUN_8_PASS_b,M,P,les rideaux avec le micro que j' aime beaucoup ne sont probablement pas déformés <eos>,13,déformés,déformées,11,M,S,déformés,-10.52524,déformées,-10.564283,1
6981,P_NOUN_8_PASS_b,M,P,les rideaux avec le micro que j' aime beaucoup ne sont probablement pas fixés <eos>,13,fixés,fixées,11,M,S,fixés,-8.244688,fixées,-11.154336,1
6982,P_NOUN_8_PASS_b,M,P,les rideaux avec le micro que j' aime beaucoup ne sont probablement pas jetés <eos>,13,jetés,jetées,11,M,S,jetés,-7.8153744,jetées,-11.552155,1
6983,P_NOUN_8_PASS_b,M,P,les rideaux avec le micro que j' aime beaucoup ne sont probablement pas laissés <eos>,13,laissés,laissées,11,M,S,laissés,-8.022882,laissées,-11.250325,1
6984,P_NOUN_8_PASS_b,M,P,les rideaux avec le micro que j' aime beaucoup ne sont probablement pas ouverts <eos>,13,ouverts,ouvertes,11,M,S,ouverts,-7.153384,ouvertes,-10.9832735,1
6985,P_NOUN_8_PASS_b,M,P,les rideaux avec le micro que j' aime beaucoup ne sont probablement pas perdus <eos>,13,perdus,perdues,11,M,S,perdus,-6.71898,perdues,-10.690426,1
6986,P_NOUN_8_PASS_b,M,P,les rideaux avec le micro que j' aime beaucoup ne sont probablement pas réparés <eos>,13,réparés,réparées,11,M,S,réparés,-11.005938,réparées,-11.858266,1
6987,P_NOUN_8_PASS_b,M,P,les rideaux avec le micro que j' aime beaucoup ne sont probablement pas retirés <eos>,13,retirés,retirées,11,M,S,retirés,-9.391319,retirées,-10.929907,1
6988,P_NOUN_8_PASS_b,M,P,les rideaux avec le micro que j' aime beaucoup ne sont probablement pas tombés <eos>,13,tombés,tombées,11,M,S,tombés,-7.119049,tombées,-10.942576,1
6989,P_NOUN_8_PASS_b,M,P,les rideaux avec le micro que j' aime beaucoup ne sont probablement pas utilisés <eos>,13,utilisés,utilisées,11,M,S,utilisés,-5.51581,utilisées,-9.093765,1
6990,P_NOUN_8_PASS_b,M,P,les rideaux avec le sac que j' aime beaucoup ne sont probablement pas achetés <eos>,13,achetés,achetées,11,M,S,achetés,-9.355904,achetées,-13.483071,1
6991,P_NOUN_8_PASS_b,M,P,les rideaux avec le sac que j' aime beaucoup ne sont probablement pas brisés <eos>,13,brisés,brisées,11,M,S,brisés,-9.861883,brisées,-11.701769,1
6992,P_NOUN_8_PASS_b,M,P,les rideaux avec le sac que j' aime beaucoup ne sont probablement pas cachés <eos>,13,cachés,cachées,11,M,S,cachés,-7.185748,cachées,-10.544515,1
6993,P_NOUN_8_PASS_b,M,P,les rideaux avec le sac que j' aime beaucoup ne sont probablement pas cassés <eos>,13,cassés,cassées,11,M,S,cassés,-9.541935,cassées,-10.310315,1
6994,P_NOUN_8_PASS_b,M,P,les rideaux avec le sac que j' aime beaucoup ne sont probablement pas couverts <eos>,13,couverts,couvertes,11,M,S,couverts,-6.9682074,couvertes,-11.037621,1
6995,P_NOUN_8_PASS_b,M,P,les rideaux avec le sac que j' aime beaucoup ne sont probablement pas déformés <eos>,13,déformés,déformées,11,M,S,déformés,-10.771886,déformées,-10.615138,0
6996,P_NOUN_8_PASS_b,M,P,les rideaux avec le sac que j' aime beaucoup ne sont probablement pas fixés <eos>,13,fixés,fixées,11,M,S,fixés,-8.439428,fixées,-10.87665,1
6997,P_NOUN_8_PASS_b,M,P,les rideaux avec le sac que j' aime beaucoup ne sont probablement pas jetés <eos>,13,jetés,jetées,11,M,S,jetés,-7.510832,jetées,-11.101652,1
6998,P_NOUN_8_PASS_b,M,P,les rideaux avec le sac que j' aime beaucoup ne sont probablement pas laissés <eos>,13,laissés,laissées,11,M,S,laissés,-7.7891912,laissées,-11.30759,1
6999,P_NOUN_8_PASS_b,M,P,les rideaux avec le sac que j' aime beaucoup ne sont probablement pas ouverts <eos>,13,ouverts,ouvertes,11,M,S,ouverts,-7.5165644,ouvertes,-11.175412,1
7000,P_NOUN_8_PASS_b,M,P,les rideaux avec le sac que j' aime beaucoup ne sont probablement pas perdus <eos>,13,perdus,perdues,11,M,S,perdus,-6.6661067,perdues,-10.213062,1
7001,P_NOUN_8_PASS_b,M,P,les rideaux avec le sac que j' aime beaucoup ne sont probablement pas réparés <eos>,13,réparés,réparées,11,M,S,réparés,-10.851512,réparées,-11.783645,1
7002,P_NOUN_8_PASS_b,M,P,les rideaux avec le sac que j' aime beaucoup ne sont probablement pas retirés <eos>,13,retirés,retirées,11,M,S,retirés,-9.067189,retirées,-10.839842,1
7003,P_NOUN_8_PASS_b,M,P,les rideaux avec le sac que j' aime beaucoup ne sont probablement pas tombés <eos>,13,tombés,tombées,11,M,S,tombés,-6.2123914,tombées,-10.512144,1
7004,P_NOUN_8_PASS_b,M,P,les rideaux avec le sac que j' aime beaucoup ne sont probablement pas utilisés <eos>,13,utilisés,utilisées,11,M,S,utilisés,-5.260949,utilisées,-8.895261,1
7005,P_NOUN_8_PASS_b,M,P,les rideaux avec le clavier que j' aime beaucoup ne sont probablement pas achetés <eos>,13,achetés,achetées,11,M,S,achetés,-9.685186,achetées,-13.781105,1
7006,P_NOUN_8_PASS_b,M,P,les rideaux avec le clavier que j' aime beaucoup ne sont probablement pas brisés <eos>,13,brisés,brisées,11,M,S,brisés,-10.036282,brisées,-11.717821,1
7007,P_NOUN_8_PASS_b,M,P,les rideaux avec le clavier que j' aime beaucoup ne sont probablement pas cachés <eos>,13,cachés,cachées,11,M,S,cachés,-7.408868,cachées,-10.590315,1
7008,P_NOUN_8_PASS_b,M,P,les rideaux avec le clavier que j' aime beaucoup ne sont probablement pas cassés <eos>,13,cassés,cassées,11,M,S,cassés,-9.942293,cassées,-10.92165,1
7009,P_NOUN_8_PASS_b,M,P,les rideaux avec le clavier que j' aime beaucoup ne sont probablement pas couverts <eos>,13,couverts,couvertes,11,M,S,couverts,-7.4385805,couvertes,-11.381494,1
7010,P_NOUN_8_PASS_b,M,P,les rideaux avec le clavier que j' aime beaucoup ne sont probablement pas déformés <eos>,13,déformés,déformées,11,M,S,déformés,-10.640954,déformées,-9.979494,0
7011,P_NOUN_8_PASS_b,M,P,les rideaux avec le clavier que j' aime beaucoup ne sont probablement pas fixés <eos>,13,fixés,fixées,11,M,S,fixés,-8.057334,fixées,-10.953134,1
7012,P_NOUN_8_PASS_b,M,P,les rideaux avec le clavier que j' aime beaucoup ne sont probablement pas jetés <eos>,13,jetés,jetées,11,M,S,jetés,-8.003691,jetées,-11.925726,1
7013,P_NOUN_8_PASS_b,M,P,les rideaux avec le clavier que j' aime beaucoup ne sont probablement pas laissés <eos>,13,laissés,laissées,11,M,S,laissés,-8.230378,laissées,-11.413725,1
7014,P_NOUN_8_PASS_b,M,P,les rideaux avec le clavier que j' aime beaucoup ne sont probablement pas ouverts <eos>,13,ouverts,ouvertes,11,M,S,ouverts,-7.5328417,ouvertes,-11.223071,1
7015,P_NOUN_8_PASS_b,M,P,les rideaux avec le clavier que j' aime beaucoup ne sont probablement pas perdus <eos>,13,perdus,perdues,11,M,S,perdus,-6.7433586,perdues,-10.473305,1
7016,P_NOUN_8_PASS_b,M,P,les rideaux avec le clavier que j' aime beaucoup ne sont probablement pas réparés <eos>,13,réparés,réparées,11,M,S,réparés,-11.378369,réparées,-12.203446,1
7017,P_NOUN_8_PASS_b,M,P,les rideaux avec le clavier que j' aime beaucoup ne sont probablement pas retirés <eos>,13,retirés,retirées,11,M,S,retirés,-9.382458,retirées,-10.976197,1
7018,P_NOUN_8_PASS_b,M,P,les rideaux avec le clavier que j' aime beaucoup ne sont probablement pas tombés <eos>,13,tombés,tombées,11,M,S,tombés,-7.337219,tombées,-11.207188,1
7019,P_NOUN_8_PASS_b,M,P,les rideaux avec le clavier que j' aime beaucoup ne sont probablement pas utilisés <eos>,13,utilisés,utilisées,11,M,S,utilisés,-4.8880835,utilisées,-8.612211,1
7020,P_NOUN_8_PASS_b,M,P,les rideaux avec le raisin que j' aime beaucoup ne sont probablement pas achetés <eos>,13,achetés,achetées,11,M,S,achetés,-8.430513,achetées,-12.839142,1
7021,P_NOUN_8_PASS_b,M,P,les rideaux avec le raisin que j' aime beaucoup ne sont probablement pas brisés <eos>,13,brisés,brisées,11,M,S,brisés,-10.260844,brisées,-11.875397,1
7022,P_NOUN_8_PASS_b,M,P,les rideaux avec le raisin que j' aime beaucoup ne sont probablement pas cachés <eos>,13,cachés,cachées,11,M,S,cachés,-7.7392406,cachées,-10.8193,1
7023,P_NOUN_8_PASS_b,M,P,les rideaux avec le raisin que j' aime beaucoup ne sont probablement pas cassés <eos>,13,cassés,cassées,11,M,S,cassés,-8.62725,cassées,-10.6559,1
7024,P_NOUN_8_PASS_b,M,P,les rideaux avec le raisin que j' aime beaucoup ne sont probablement pas couverts <eos>,13,couverts,couvertes,11,M,S,couverts,-6.405343,couvertes,-10.911794,1
7025,P_NOUN_8_PASS_b,M,P,les rideaux avec le raisin que j' aime beaucoup ne sont probablement pas déformés <eos>,13,déformés,déformées,11,M,S,déformés,-11.542587,déformées,-10.9047365,0
7026,P_NOUN_8_PASS_b,M,P,les rideaux avec le raisin que j' aime beaucoup ne sont probablement pas fixés <eos>,13,fixés,fixées,11,M,S,fixés,-8.186257,fixées,-11.002258,1
7027,P_NOUN_8_PASS_b,M,P,les rideaux avec le raisin que j' aime beaucoup ne sont probablement pas jetés <eos>,13,jetés,jetées,11,M,S,jetés,-8.392691,jetées,-12.552063,1
7028,P_NOUN_8_PASS_b,M,P,les rideaux avec le raisin que j' aime beaucoup ne sont probablement pas laissés <eos>,13,laissés,laissées,11,M,S,laissés,-7.7929654,laissées,-11.024721,1
7029,P_NOUN_8_PASS_b,M,P,les rideaux avec le raisin que j' aime beaucoup ne sont probablement pas ouverts <eos>,13,ouverts,ouvertes,11,M,S,ouverts,-8.173746,ouvertes,-11.369417,1
7030,P_NOUN_8_PASS_b,M,P,les rideaux avec le raisin que j' aime beaucoup ne sont probablement pas perdus <eos>,13,perdus,perdues,11,M,S,perdus,-7.1151567,perdues,-10.407585,1
7031,P_NOUN_8_PASS_b,M,P,les rideaux avec le raisin que j' aime beaucoup ne sont probablement pas réparés <eos>,13,réparés,réparées,11,M,S,réparés,-11.2519,réparées,-12.090283,1
7032,P_NOUN_8_PASS_b,M,P,les rideaux avec le raisin que j' aime beaucoup ne sont probablement pas retirés <eos>,13,retirés,retirées,11,M,S,retirés,-8.866339,retirées,-10.5176525,1
7033,P_NOUN_8_PASS_b,M,P,les rideaux avec le raisin que j' aime beaucoup ne sont probablement pas tombés <eos>,13,tombés,tombées,11,M,S,tombés,-6.5084696,tombées,-10.024256,1
7034,P_NOUN_8_PASS_b,M,P,les rideaux avec le raisin que j' aime beaucoup ne sont probablement pas utilisés <eos>,13,utilisés,utilisées,11,M,S,utilisés,-4.9409375,utilisées,-8.499239,1
7035,P_NOUN_8_PASS_b,M,P,les rideaux avec le chargeur que j' aime beaucoup ne sont probablement pas achetés <eos>,13,achetés,achetées,11,M,S,achetés,-8.947052,achetées,-13.120543,1
7036,P_NOUN_8_PASS_b,M,P,les rideaux avec le chargeur que j' aime beaucoup ne sont probablement pas brisés <eos>,13,brisés,brisées,11,M,S,brisés,-10.33241,brisées,-11.816415,1
7037,P_NOUN_8_PASS_b,M,P,les rideaux avec le chargeur que j' aime beaucoup ne sont probablement pas cachés <eos>,13,cachés,cachées,11,M,S,cachés,-6.6166124,cachées,-10.764557,1
7038,P_NOUN_8_PASS_b,M,P,les rideaux avec le chargeur que j' aime beaucoup ne sont probablement pas cassés <eos>,13,cassés,cassées,11,M,S,cassés,-9.619849,cassées,-10.812382,1
7039,P_NOUN_8_PASS_b,M,P,les rideaux avec le chargeur que j' aime beaucoup ne sont probablement pas couverts <eos>,13,couverts,couvertes,11,M,S,couverts,-7.496686,couvertes,-11.08327,1
7040,P_NOUN_8_PASS_b,M,P,les rideaux avec le chargeur que j' aime beaucoup ne sont probablement pas déformés <eos>,13,déformés,déformées,11,M,S,déformés,-11.481174,déformées,-10.760143,0
7041,P_NOUN_8_PASS_b,M,P,les rideaux avec le chargeur que j' aime beaucoup ne sont probablement pas fixés <eos>,13,fixés,fixées,11,M,S,fixés,-8.337887,fixées,-10.562721,1
7042,P_NOUN_8_PASS_b,M,P,les rideaux avec le chargeur que j' aime beaucoup ne sont probablement pas jetés <eos>,13,jetés,jetées,11,M,S,jetés,-7.7908716,jetées,-11.673566,1
7043,P_NOUN_8_PASS_b,M,P,les rideaux avec le chargeur que j' aime beaucoup ne sont probablement pas laissés <eos>,13,laissés,laissées,11,M,S,laissés,-7.7502365,laissées,-11.445795,1
7044,P_NOUN_8_PASS_b,M,P,les rideaux avec le chargeur que j' aime beaucoup ne sont probablement pas ouverts <eos>,13,ouverts,ouvertes,11,M,S,ouverts,-7.7592444,ouvertes,-11.126785,1
7045,P_NOUN_8_PASS_b,M,P,les rideaux avec le chargeur que j' aime beaucoup ne sont probablement pas perdus <eos>,13,perdus,perdues,11,M,S,perdus,-6.709755,perdues,-10.021391,1
7046,P_NOUN_8_PASS_b,M,P,les rideaux avec le chargeur que j' aime beaucoup ne sont probablement pas réparés <eos>,13,réparés,réparées,11,M,S,réparés,-10.695837,réparées,-11.610597,1
7047,P_NOUN_8_PASS_b,M,P,les rideaux avec le chargeur que j' aime beaucoup ne sont probablement pas retirés <eos>,13,retirés,retirées,11,M,S,retirés,-8.162099,retirées,-10.453409,1
7048,P_NOUN_8_PASS_b,M,P,les rideaux avec le chargeur que j' aime beaucoup ne sont probablement pas tombés <eos>,13,tombés,tombées,11,M,S,tombés,-6.4907427,tombées,-10.665466,1
7049,P_NOUN_8_PASS_b,M,P,les rideaux avec le chargeur que j' aime beaucoup ne sont probablement pas utilisés <eos>,13,utilisés,utilisées,11,M,S,utilisés,-4.6254015,utilisées,-8.364918,1
7050,P_NOUN_8_PASS_b,M,P,les rideaux avec le vase que j' aime beaucoup ne sont probablement pas achetés <eos>,13,achetés,achetées,11,M,S,achetés,-9.14438,achetées,-13.365851,1
7051,P_NOUN_8_PASS_b,M,P,les rideaux avec le vase que j' aime beaucoup ne sont probablement pas brisés <eos>,13,brisés,brisées,11,M,S,brisés,-9.592959,brisées,-11.4749155,1
7052,P_NOUN_8_PASS_b,M,P,les rideaux avec le vase que j' aime beaucoup ne sont probablement pas cachés <eos>,13,cachés,cachées,11,M,S,cachés,-7.2394047,cachées,-10.555035,1
7053,P_NOUN_8_PASS_b,M,P,les rideaux avec le vase que j' aime beaucoup ne sont probablement pas cassés <eos>,13,cassés,cassées,11,M,S,cassés,-9.100691,cassées,-10.650017,1
7054,P_NOUN_8_PASS_b,M,P,les rideaux avec le vase que j' aime beaucoup ne sont probablement pas couverts <eos>,13,couverts,couvertes,11,M,S,couverts,-6.9050074,couvertes,-10.848141,1
7055,P_NOUN_8_PASS_b,M,P,les rideaux avec le vase que j' aime beaucoup ne sont probablement pas déformés <eos>,13,déformés,déformées,11,M,S,déformés,-10.329146,déformées,-10.2574415,0
7056,P_NOUN_8_PASS_b,M,P,les rideaux avec le vase que j' aime beaucoup ne sont probablement pas fixés <eos>,13,fixés,fixées,11,M,S,fixés,-8.3048935,fixées,-10.98736,1
7057,P_NOUN_8_PASS_b,M,P,les rideaux avec le vase que j' aime beaucoup ne sont probablement pas jetés <eos>,13,jetés,jetées,11,M,S,jetés,-7.3409986,jetées,-11.082258,1
7058,P_NOUN_8_PASS_b,M,P,les rideaux avec le vase que j' aime beaucoup ne sont probablement pas laissés <eos>,13,laissés,laissées,11,M,S,laissés,-7.518689,laissées,-10.970459,1
7059,P_NOUN_8_PASS_b,M,P,les rideaux avec le vase que j' aime beaucoup ne sont probablement pas ouverts <eos>,13,ouverts,ouvertes,11,M,S,ouverts,-7.081897,ouvertes,-10.8719845,1
7060,P_NOUN_8_PASS_b,M,P,les rideaux avec le vase que j' aime beaucoup ne sont probablement pas perdus <eos>,13,perdus,perdues,11,M,S,perdus,-6.196436,perdues,-10.146406,1
7061,P_NOUN_8_PASS_b,M,P,les rideaux avec le vase que j' aime beaucoup ne sont probablement pas réparés <eos>,13,réparés,réparées,11,M,S,réparés,-10.281866,réparées,-11.436001,1
7062,P_NOUN_8_PASS_b,M,P,les rideaux avec le vase que j' aime beaucoup ne sont probablement pas retirés <eos>,13,retirés,retirées,11,M,S,retirés,-8.999157,retirées,-10.795296,1
7063,P_NOUN_8_PASS_b,M,P,les rideaux avec le vase que j' aime beaucoup ne sont probablement pas tombés <eos>,13,tombés,tombées,11,M,S,tombés,-6.5917664,tombées,-10.292527,1
7064,P_NOUN_8_PASS_b,M,P,les rideaux avec le vase que j' aime beaucoup ne sont probablement pas utilisés <eos>,13,utilisés,utilisées,11,M,S,utilisés,-5.665976,utilisées,-9.157625,1
7065,P_NOUN_8_PASS_b,M,P,les rideaux avec le panier que j' aime beaucoup ne sont probablement pas achetés <eos>,13,achetés,achetées,11,M,S,achetés,-8.826164,achetées,-12.814661,1
7066,P_NOUN_8_PASS_b,M,P,les rideaux avec le panier que j' aime beaucoup ne sont probablement pas brisés <eos>,13,brisés,brisées,11,M,S,brisés,-9.896344,brisées,-11.548194,1
7067,P_NOUN_8_PASS_b,M,P,les rideaux avec le panier que j' aime beaucoup ne sont probablement pas cachés <eos>,13,cachés,cachées,11,M,S,cachés,-7.429448,cachées,-11.036066,1
7068,P_NOUN_8_PASS_b,M,P,les rideaux avec le panier que j' aime beaucoup ne sont probablement pas cassés <eos>,13,cassés,cassées,11,M,S,cassés,-9.433706,cassées,-10.58847,1
7069,P_NOUN_8_PASS_b,M,P,les rideaux avec le panier que j' aime beaucoup ne sont probablement pas couverts <eos>,13,couverts,couvertes,11,M,S,couverts,-6.8699265,couvertes,-11.121617,1
7070,P_NOUN_8_PASS_b,M,P,les rideaux avec le panier que j' aime beaucoup ne sont probablement pas déformés <eos>,13,déformés,déformées,11,M,S,déformés,-11.109629,déformées,-10.782005,0
7071,P_NOUN_8_PASS_b,M,P,les rideaux avec le panier que j' aime beaucoup ne sont probablement pas fixés <eos>,13,fixés,fixées,11,M,S,fixés,-8.104483,fixées,-11.051464,1
7072,P_NOUN_8_PASS_b,M,P,les rideaux avec le panier que j' aime beaucoup ne sont probablement pas jetés <eos>,13,jetés,jetées,11,M,S,jetés,-7.5591736,jetées,-11.387523,1
7073,P_NOUN_8_PASS_b,M,P,les rideaux avec le panier que j' aime beaucoup ne sont probablement pas laissés <eos>,13,laissés,laissées,11,M,S,laissés,-7.794277,laissées,-11.084952,1
7074,P_NOUN_8_PASS_b,M,P,les rideaux avec le panier que j' aime beaucoup ne sont probablement pas ouverts <eos>,13,ouverts,ouvertes,11,M,S,ouverts,-7.2948585,ouvertes,-11.20907,1
7075,P_NOUN_8_PASS_b,M,P,les rideaux avec le panier que j' aime beaucoup ne sont probablement pas perdus <eos>,13,perdus,perdues,11,M,S,perdus,-6.3908796,perdues,-10.2394495,1
7076,P_NOUN_8_PASS_b,M,P,les rideaux avec le panier que j' aime beaucoup ne sont probablement pas réparés <eos>,13,réparés,réparées,11,M,S,réparés,-10.785913,réparées,-11.658983,1
7077,P_NOUN_8_PASS_b,M,P,les rideaux avec le panier que j' aime beaucoup ne sont probablement pas retirés <eos>,13,retirés,retirées,11,M,S,retirés,-9.00263,retirées,-10.777167,1
7078,P_NOUN_8_PASS_b,M,P,les rideaux avec le panier que j' aime beaucoup ne sont probablement pas tombés <eos>,13,tombés,tombées,11,M,S,tombés,-6.711226,tombées,-10.799309,1
7079,P_NOUN_8_PASS_b,M,P,les rideaux avec le panier que j' aime beaucoup ne sont probablement pas utilisés <eos>,13,utilisés,utilisées,11,M,S,utilisés,-5.3980227,utilisées,-9.04081,1
7080,P_NOUN_8_PASS_b,M,P,les rideaux avec le collier que j' aime beaucoup ne sont probablement pas achetés <eos>,13,achetés,achetées,11,M,S,achetés,-9.392206,achetées,-13.494472,1
7081,P_NOUN_8_PASS_b,M,P,les rideaux avec le collier que j' aime beaucoup ne sont probablement pas brisés <eos>,13,brisés,brisées,11,M,S,brisés,-9.825679,brisées,-11.5235,1
7082,P_NOUN_8_PASS_b,M,P,les rideaux avec le collier que j' aime beaucoup ne sont probablement pas cachés <eos>,13,cachés,cachées,11,M,S,cachés,-7.269331,cachées,-10.604965,1
7083,P_NOUN_8_PASS_b,M,P,les rideaux avec le collier que j' aime beaucoup ne sont probablement pas cassés <eos>,13,cassés,cassées,11,M,S,cassés,-9.555186,cassées,-10.531591,1
7084,P_NOUN_8_PASS_b,M,P,les rideaux avec le collier que j' aime beaucoup ne sont probablement pas couverts <eos>,13,couverts,couvertes,11,M,S,couverts,-7.175308,couvertes,-11.3942795,1
7085,P_NOUN_8_PASS_b,M,P,les rideaux avec le collier que j' aime beaucoup ne sont probablement pas déformés <eos>,13,déformés,déformées,11,M,S,déformés,-10.687218,déformées,-10.655771,0
7086,P_NOUN_8_PASS_b,M,P,les rideaux avec le collier que j' aime beaucoup ne sont probablement pas fixés <eos>,13,fixés,fixées,11,M,S,fixés,-8.380301,fixées,-10.831555,1
7087,P_NOUN_8_PASS_b,M,P,les rideaux avec le collier que j' aime beaucoup ne sont probablement pas jetés <eos>,13,jetés,jetées,11,M,S,jetés,-7.448743,jetées,-11.20595,1
7088,P_NOUN_8_PASS_b,M,P,les rideaux avec le collier que j' aime beaucoup ne sont probablement pas laissés <eos>,13,laissés,laissées,11,M,S,laissés,-7.957094,laissées,-11.451774,1
7089,P_NOUN_8_PASS_b,M,P,les rideaux avec le collier que j' aime beaucoup ne sont probablement pas ouverts <eos>,13,ouverts,ouvertes,11,M,S,ouverts,-7.713068,ouvertes,-11.450903,1
7090,P_NOUN_8_PASS_b,M,P,les rideaux avec le collier que j' aime beaucoup ne sont probablement pas perdus <eos>,13,perdus,perdues,11,M,S,perdus,-6.550258,perdues,-10.25811,1
7091,P_NOUN_8_PASS_b,M,P,les rideaux avec le collier que j' aime beaucoup ne sont probablement pas réparés <eos>,13,réparés,réparées,11,M,S,réparés,-10.984519,réparées,-12.137447,1
7092,P_NOUN_8_PASS_b,M,P,les rideaux avec le collier que j' aime beaucoup ne sont probablement pas retirés <eos>,13,retirés,retirées,11,M,S,retirés,-9.054609,retirées,-11.038179,1
7093,P_NOUN_8_PASS_b,M,P,les rideaux avec le collier que j' aime beaucoup ne sont probablement pas tombés <eos>,13,tombés,tombées,11,M,S,tombés,-6.1299458,tombées,-10.656333,1
7094,P_NOUN_8_PASS_b,M,P,les rideaux avec le collier que j' aime beaucoup ne sont probablement pas utilisés <eos>,13,utilisés,utilisées,11,M,S,utilisés,-5.4041805,utilisées,-9.164009,1
7095,P_NOUN_8_PASS_b,M,P,les rideaux avec le chapeau que j' aime beaucoup ne sont probablement pas achetés <eos>,13,achetés,achetées,11,M,S,achetés,-9.319087,achetées,-13.398408,1
7096,P_NOUN_8_PASS_b,M,P,les rideaux avec le chapeau que j' aime beaucoup ne sont probablement pas brisés <eos>,13,brisés,brisées,11,M,S,brisés,-9.874471,brisées,-11.704912,1
7097,P_NOUN_8_PASS_b,M,P,les rideaux avec le chapeau que j' aime beaucoup ne sont probablement pas cachés <eos>,13,cachés,cachées,11,M,S,cachés,-7.135528,cachées,-10.382799,1
7098,P_NOUN_8_PASS_b,M,P,les rideaux avec le chapeau que j' aime beaucoup ne sont probablement pas cassés <eos>,13,cassés,cassées,11,M,S,cassés,-9.51539,cassées,-10.424501,1
7099,P_NOUN_8_PASS_b,M,P,les rideaux avec le chapeau que j' aime beaucoup ne sont probablement pas couverts <eos>,13,couverts,couvertes,11,M,S,couverts,-6.994178,couvertes,-11.030681,1
7100,P_NOUN_8_PASS_b,M,P,les rideaux avec le chapeau que j' aime beaucoup ne sont probablement pas déformés <eos>,13,déformés,déformées,11,M,S,déformés,-10.532433,déformées,-10.465007,0
7101,P_NOUN_8_PASS_b,M,P,les rideaux avec le chapeau que j' aime beaucoup ne sont probablement pas fixés <eos>,13,fixés,fixées,11,M,S,fixés,-8.722162,fixées,-11.189201,1
7102,P_NOUN_8_PASS_b,M,P,les rideaux avec le chapeau que j' aime beaucoup ne sont probablement pas jetés <eos>,13,jetés,jetées,11,M,S,jetés,-7.568827,jetées,-11.29092,1
7103,P_NOUN_8_PASS_b,M,P,les rideaux avec le chapeau que j' aime beaucoup ne sont probablement pas laissés <eos>,13,laissés,laissées,11,M,S,laissés,-7.818482,laissées,-11.353035,1
7104,P_NOUN_8_PASS_b,M,P,les rideaux avec le chapeau que j' aime beaucoup ne sont probablement pas ouverts <eos>,13,ouverts,ouvertes,11,M,S,ouverts,-7.3085494,ouvertes,-11.087666,1
7105,P_NOUN_8_PASS_b,M,P,les rideaux avec le chapeau que j' aime beaucoup ne sont probablement pas perdus <eos>,13,perdus,perdues,11,M,S,perdus,-6.551904,perdues,-10.228157,1
7106,P_NOUN_8_PASS_b,M,P,les rideaux avec le chapeau que j' aime beaucoup ne sont probablement pas réparés <eos>,13,réparés,réparées,11,M,S,réparés,-11.037445,réparées,-11.996266,1
7107,P_NOUN_8_PASS_b,M,P,les rideaux avec le chapeau que j' aime beaucoup ne sont probablement pas retirés <eos>,13,retirés,retirées,11,M,S,retirés,-9.072806,retirées,-10.871434,1
7108,P_NOUN_8_PASS_b,M,P,les rideaux avec le chapeau que j' aime beaucoup ne sont probablement pas tombés <eos>,13,tombés,tombées,11,M,S,tombés,-6.356188,tombées,-10.399231,1
7109,P_NOUN_8_PASS_b,M,P,les rideaux avec le chapeau que j' aime beaucoup ne sont probablement pas utilisés <eos>,13,utilisés,utilisées,11,M,S,utilisés,-5.608333,utilisées,-9.110329,1
7110,P_NOUN_8_PASS_b,M,P,les rideaux avec le pot que j' aime beaucoup ne sont probablement pas achetés <eos>,13,achetés,achetées,11,M,S,achetés,-9.12707,achetées,-13.259974,1
7111,P_NOUN_8_PASS_b,M,P,les rideaux avec le pot que j' aime beaucoup ne sont probablement pas brisés <eos>,13,brisés,brisées,11,M,S,brisés,-9.841673,brisées,-11.699037,1
7112,P_NOUN_8_PASS_b,M,P,les rideaux avec le pot que j' aime beaucoup ne sont probablement pas cachés <eos>,13,cachés,cachées,11,M,S,cachés,-7.2960653,cachées,-10.689358,1
7113,P_NOUN_8_PASS_b,M,P,les rideaux avec le pot que j' aime beaucoup ne sont probablement pas cassés <eos>,13,cassés,cassées,11,M,S,cassés,-9.260672,cassées,-10.540936,1
7114,P_NOUN_8_PASS_b,M,P,les rideaux avec le pot que j' aime beaucoup ne sont probablement pas couverts <eos>,13,couverts,couvertes,11,M,S,couverts,-6.7737255,couvertes,-10.880085,1
7115,P_NOUN_8_PASS_b,M,P,les rideaux avec le pot que j' aime beaucoup ne sont probablement pas déformés <eos>,13,déformés,déformées,11,M,S,déformés,-10.849955,déformées,-10.753431,0
7116,P_NOUN_8_PASS_b,M,P,les rideaux avec le pot que j' aime beaucoup ne sont probablement pas fixés <eos>,13,fixés,fixées,11,M,S,fixés,-8.227615,fixées,-10.926924,1
7117,P_NOUN_8_PASS_b,M,P,les rideaux avec le pot que j' aime beaucoup ne sont probablement pas jetés <eos>,13,jetés,jetées,11,M,S,jetés,-7.6573763,jetées,-11.309384,1
7118,P_NOUN_8_PASS_b,M,P,les rideaux avec le pot que j' aime beaucoup ne sont probablement pas laissés <eos>,13,laissés,laissées,11,M,S,laissés,-7.7285666,laissées,-11.043404,1
7119,P_NOUN_8_PASS_b,M,P,les rideaux avec le pot que j' aime beaucoup ne sont probablement pas ouverts <eos>,13,ouverts,ouvertes,11,M,S,ouverts,-7.517441,ouvertes,-11.264125,1
7120,P_NOUN_8_PASS_b,M,P,les rideaux avec le pot que j' aime beaucoup ne sont probablement pas perdus <eos>,13,perdus,perdues,11,M,S,perdus,-6.5945897,perdues,-10.353802,1
7121,P_NOUN_8_PASS_b,M,P,les rideaux avec le pot que j' aime beaucoup ne sont probablement pas réparés <eos>,13,réparés,réparées,11,M,S,réparés,-10.567288,réparées,-11.608202,1
7122,P_NOUN_8_PASS_b,M,P,les rideaux avec le pot que j' aime beaucoup ne sont probablement pas retirés <eos>,13,retirés,retirées,11,M,S,retirés,-9.0883465,retirées,-10.691898,1
7123,P_NOUN_8_PASS_b,M,P,les rideaux avec le pot que j' aime beaucoup ne sont probablement pas tombés <eos>,13,tombés,tombées,11,M,S,tombés,-6.429723,tombées,-10.30979,1
7124,P_NOUN_8_PASS_b,M,P,les rideaux avec le pot que j' aime beaucoup ne sont probablement pas utilisés <eos>,13,utilisés,utilisées,11,M,S,utilisés,-5.368917,utilisées,-8.990692,1
7125,P_NOUN_8_PASS_b,M,P,les rideaux avec le coussin que j' aime beaucoup ne sont probablement pas achetés <eos>,13,achetés,achetées,11,M,S,achetés,-9.603086,achetées,-13.485143,1
7126,P_NOUN_8_PASS_b,M,P,les rideaux avec le coussin que j' aime beaucoup ne sont probablement pas brisés <eos>,13,brisés,brisées,11,M,S,brisés,-9.690046,brisées,-11.526723,1
7127,P_NOUN_8_PASS_b,M,P,les rideaux avec le coussin que j' aime beaucoup ne sont probablement pas cachés <eos>,13,cachés,cachées,11,M,S,cachés,-7.1307645,cachées,-10.552706,1
7128,P_NOUN_8_PASS_b,M,P,les rideaux avec le coussin que j' aime beaucoup ne sont probablement pas cassés <eos>,13,cassés,cassées,11,M,S,cassés,-9.590744,cassées,-10.387107,1
7129,P_NOUN_8_PASS_b,M,P,les rideaux avec le coussin que j' aime beaucoup ne sont probablement pas couverts <eos>,13,couverts,couvertes,11,M,S,couverts,-7.189291,couvertes,-10.870578,1
7130,P_NOUN_8_PASS_b,M,P,les rideaux avec le coussin que j' aime beaucoup ne sont probablement pas déformés <eos>,13,déformés,déformées,11,M,S,déformés,-10.698479,déformées,-10.459178,0
7131,P_NOUN_8_PASS_b,M,P,les rideaux avec le coussin que j' aime beaucoup ne sont probablement pas fixés <eos>,13,fixés,fixées,11,M,S,fixés,-8.25221,fixées,-10.690368,1
7132,P_NOUN_8_PASS_b,M,P,les rideaux avec le coussin que j' aime beaucoup ne sont probablement pas jetés <eos>,13,jetés,jetées,11,M,S,jetés,-7.7222633,jetées,-11.282855,1
7133,P_NOUN_8_PASS_b,M,P,les rideaux avec le coussin que j' aime beaucoup ne sont probablement pas laissés <eos>,13,laissés,laissées,11,M,S,laissés,-7.9472685,laissées,-11.250693,1
7134,P_NOUN_8_PASS_b,M,P,les rideaux avec le coussin que j' aime beaucoup ne sont probablement pas ouverts <eos>,13,ouverts,ouvertes,11,M,S,ouverts,-7.413803,ouvertes,-11.055427,1
7135,P_NOUN_8_PASS_b,M,P,les rideaux avec le coussin que j' aime beaucoup ne sont probablement pas perdus <eos>,13,perdus,perdues,11,M,S,perdus,-6.719472,perdues,-10.485767,1
7136,P_NOUN_8_PASS_b,M,P,les rideaux avec le coussin que j' aime beaucoup ne sont probablement pas réparés <eos>,13,réparés,réparées,11,M,S,réparés,-11.060764,réparées,-11.994372,1
7137,P_NOUN_8_PASS_b,M,P,les rideaux avec le coussin que j' aime beaucoup ne sont probablement pas retirés <eos>,13,retirés,retirées,11,M,S,retirés,-8.944161,retirées,-10.737783,1
7138,P_NOUN_8_PASS_b,M,P,les rideaux avec le coussin que j' aime beaucoup ne sont probablement pas tombés <eos>,13,tombés,tombées,11,M,S,tombés,-6.4764805,tombées,-10.661014,1
7139,P_NOUN_8_PASS_b,M,P,les rideaux avec le coussin que j' aime beaucoup ne sont probablement pas utilisés <eos>,13,utilisés,utilisées,11,M,S,utilisés,-5.2119927,utilisées,-8.827318,1
7140,P_NOUN_8_PASS_b,M,P,les rideaux avec le jouet que j' aime beaucoup ne sont probablement pas achetés <eos>,13,achetés,achetées,11,M,S,achetés,-9.394747,achetées,-13.653068,1
7141,P_NOUN_8_PASS_b,M,P,les rideaux avec le jouet que j' aime beaucoup ne sont probablement pas brisés <eos>,13,brisés,brisées,11,M,S,brisés,-9.84303,brisées,-11.696651,1
7142,P_NOUN_8_PASS_b,M,P,les rideaux avec le jouet que j' aime beaucoup ne sont probablement pas cachés <eos>,13,cachés,cachées,11,M,S,cachés,-7.426295,cachées,-10.650852,1
7143,P_NOUN_8_PASS_b,M,P,les rideaux avec le jouet que j' aime beaucoup ne sont probablement pas cassés <eos>,13,cassés,cassées,11,M,S,cassés,-9.6390915,cassées,-10.629566,1
7144,P_NOUN_8_PASS_b,M,P,les rideaux avec le jouet que j' aime beaucoup ne sont probablement pas couverts <eos>,13,couverts,couvertes,11,M,S,couverts,-7.292466,couvertes,-11.3161125,1
7145,P_NOUN_8_PASS_b,M,P,les rideaux avec le jouet que j' aime beaucoup ne sont probablement pas déformés <eos>,13,déformés,déformées,11,M,S,déformés,-10.519663,déformées,-10.578758,1
7146,P_NOUN_8_PASS_b,M,P,les rideaux avec le jouet que j' aime beaucoup ne sont probablement pas fixés <eos>,13,fixés,fixées,11,M,S,fixés,-8.339562,fixées,-10.966883,1
7147,P_NOUN_8_PASS_b,M,P,les rideaux avec le jouet que j' aime beaucoup ne sont probablement pas jetés <eos>,13,jetés,jetées,11,M,S,jetés,-7.8725038,jetées,-11.597361,1
7148,P_NOUN_8_PASS_b,M,P,les rideaux avec le jouet que j' aime beaucoup ne sont probablement pas laissés <eos>,13,laissés,laissées,11,M,S,laissés,-8.101889,laissées,-11.424291,1
7149,P_NOUN_8_PASS_b,M,P,les rideaux avec le jouet que j' aime beaucoup ne sont probablement pas ouverts <eos>,13,ouverts,ouvertes,11,M,S,ouverts,-7.340393,ouvertes,-11.242229,1
7150,P_NOUN_8_PASS_b,M,P,les rideaux avec le jouet que j' aime beaucoup ne sont probablement pas perdus <eos>,13,perdus,perdues,11,M,S,perdus,-6.7718763,perdues,-10.588117,1
7151,P_NOUN_8_PASS_b,M,P,les rideaux avec le jouet que j' aime beaucoup ne sont probablement pas réparés <eos>,13,réparés,réparées,11,M,S,réparés,-11.325777,réparées,-12.203789,1
7152,P_NOUN_8_PASS_b,M,P,les rideaux avec le jouet que j' aime beaucoup ne sont probablement pas retirés <eos>,13,retirés,retirées,11,M,S,retirés,-9.348147,retirées,-11.058471,1
7153,P_NOUN_8_PASS_b,M,P,les rideaux avec le jouet que j' aime beaucoup ne sont probablement pas tombés <eos>,13,tombés,tombées,11,M,S,tombés,-6.964737,tombées,-10.945739,1
7154,P_NOUN_8_PASS_b,M,P,les rideaux avec le jouet que j' aime beaucoup ne sont probablement pas utilisés <eos>,13,utilisés,utilisées,11,M,S,utilisés,-5.565371,utilisées,-9.110565,1
7155,P_NOUN_8_PASS_b,M,P,les rideaux avec le clou que j' aime beaucoup ne sont probablement pas achetés <eos>,13,achetés,achetées,11,M,S,achetés,-9.523287,achetées,-13.517042,1
7156,P_NOUN_8_PASS_b,M,P,les rideaux avec le clou que j' aime beaucoup ne sont probablement pas brisés <eos>,13,brisés,brisées,11,M,S,brisés,-9.604989,brisées,-11.500782,1
7157,P_NOUN_8_PASS_b,M,P,les rideaux avec le clou que j' aime beaucoup ne sont probablement pas cachés <eos>,13,cachés,cachées,11,M,S,cachés,-7.4590435,cachées,-10.5825405,1
7158,P_NOUN_8_PASS_b,M,P,les rideaux avec le clou que j' aime beaucoup ne sont probablement pas cassés <eos>,13,cassés,cassées,11,M,S,cassés,-9.353936,cassées,-10.434303,1
7159,P_NOUN_8_PASS_b,M,P,les rideaux avec le clou que j' aime beaucoup ne sont probablement pas couverts <eos>,13,couverts,couvertes,11,M,S,couverts,-7.069371,couvertes,-11.014373,1
7160,P_NOUN_8_PASS_b,M,P,les rideaux avec le clou que j' aime beaucoup ne sont probablement pas déformés <eos>,13,déformés,déformées,11,M,S,déformés,-10.503049,déformées,-10.57457,1
7161,P_NOUN_8_PASS_b,M,P,les rideaux avec le clou que j' aime beaucoup ne sont probablement pas fixés <eos>,13,fixés,fixées,11,M,S,fixés,-8.410766,fixées,-10.909833,1
7162,P_NOUN_8_PASS_b,M,P,les rideaux avec le clou que j' aime beaucoup ne sont probablement pas jetés <eos>,13,jetés,jetées,11,M,S,jetés,-7.834437,jetées,-11.45738,1
7163,P_NOUN_8_PASS_b,M,P,les rideaux avec le clou que j' aime beaucoup ne sont probablement pas laissés <eos>,13,laissés,laissées,11,M,S,laissés,-7.9936237,laissées,-11.406474,1
7164,P_NOUN_8_PASS_b,M,P,les rideaux avec le clou que j' aime beaucoup ne sont probablement pas ouverts <eos>,13,ouverts,ouvertes,11,M,S,ouverts,-7.6455555,ouvertes,-11.232322,1
7165,P_NOUN_8_PASS_b,M,P,les rideaux avec le clou que j' aime beaucoup ne sont probablement pas perdus <eos>,13,perdus,perdues,11,M,S,perdus,-6.4494486,perdues,-10.2428665,1
7166,P_NOUN_8_PASS_b,M,P,les rideaux avec le clou que j' aime beaucoup ne sont probablement pas réparés <eos>,13,réparés,réparées,11,M,S,réparés,-10.886774,réparées,-11.865913,1
7167,P_NOUN_8_PASS_b,M,P,les rideaux avec le clou que j' aime beaucoup ne sont probablement pas retirés <eos>,13,retirés,retirées,11,M,S,retirés,-8.965805,retirées,-10.67216,1
7168,P_NOUN_8_PASS_b,M,P,les rideaux avec le clou que j' aime beaucoup ne sont probablement pas tombés <eos>,13,tombés,tombées,11,M,S,tombés,-6.265356,tombées,-10.2831745,1
7169,P_NOUN_8_PASS_b,M,P,les rideaux avec le clou que j' aime beaucoup ne sont probablement pas utilisés <eos>,13,utilisés,utilisées,11,M,S,utilisés,-5.5564075,utilisées,-9.107889,1
7170,P_NOUN_8_PASS_b,M,P,les rideaux avec le billet que j' aime beaucoup ne sont probablement pas achetés <eos>,13,achetés,achetées,11,M,S,achetés,-8.917143,achetées,-12.614126,1
7171,P_NOUN_8_PASS_b,M,P,les rideaux avec le billet que j' aime beaucoup ne sont probablement pas brisés <eos>,13,brisés,brisées,11,M,S,brisés,-10.604734,brisées,-12.068527,1
7172,P_NOUN_8_PASS_b,M,P,les rideaux avec le billet que j' aime beaucoup ne sont probablement pas cachés <eos>,13,cachés,cachées,11,M,S,cachés,-7.0907497,cachées,-10.948386,1
7173,P_NOUN_8_PASS_b,M,P,les rideaux avec le billet que j' aime beaucoup ne sont probablement pas cassés <eos>,13,cassés,cassées,11,M,S,cassés,-9.927376,cassées,-10.963216,1
7174,P_NOUN_8_PASS_b,M,P,les rideaux avec le billet que j' aime beaucoup ne sont probablement pas couverts <eos>,13,couverts,couvertes,11,M,S,couverts,-7.4131618,couvertes,-11.744251,1
7175,P_NOUN_8_PASS_b,M,P,les rideaux avec le billet que j' aime beaucoup ne sont probablement pas déformés <eos>,13,déformés,déformées,11,M,S,déformés,-11.288882,déformées,-11.12049,0
7176,P_NOUN_8_PASS_b,M,P,les rideaux avec le billet que j' aime beaucoup ne sont probablement pas fixés <eos>,13,fixés,fixées,11,M,S,fixés,-8.20709,fixées,-10.940165,1
7177,P_NOUN_8_PASS_b,M,P,les rideaux avec le billet que j' aime beaucoup ne sont probablement pas jetés <eos>,13,jetés,jetées,11,M,S,jetés,-7.737072,jetées,-11.497846,1
7178,P_NOUN_8_PASS_b,M,P,les rideaux avec le billet que j' aime beaucoup ne sont probablement pas laissés <eos>,13,laissés,laissées,11,M,S,laissés,-8.179044,laissées,-11.463203,1
7179,P_NOUN_8_PASS_b,M,P,les rideaux avec le billet que j' aime beaucoup ne sont probablement pas ouverts <eos>,13,ouverts,ouvertes,11,M,S,ouverts,-7.585043,ouvertes,-11.69066,1
7180,P_NOUN_8_PASS_b,M,P,les rideaux avec le billet que j' aime beaucoup ne sont probablement pas perdus <eos>,13,perdus,perdues,11,M,S,perdus,-6.4241095,perdues,-9.83524,1
7181,P_NOUN_8_PASS_b,M,P,les rideaux avec le billet que j' aime beaucoup ne sont probablement pas réparés <eos>,13,réparés,réparées,11,M,S,réparés,-11.354248,réparées,-12.075407,1
7182,P_NOUN_8_PASS_b,M,P,les rideaux avec le billet que j' aime beaucoup ne sont probablement pas retirés <eos>,13,retirés,retirées,11,M,S,retirés,-8.871803,retirées,-10.700491,1
7183,P_NOUN_8_PASS_b,M,P,les rideaux avec le billet que j' aime beaucoup ne sont probablement pas tombés <eos>,13,tombés,tombées,11,M,S,tombés,-6.5470123,tombées,-10.883797,1
7184,P_NOUN_8_PASS_b,M,P,les rideaux avec le billet que j' aime beaucoup ne sont probablement pas utilisés <eos>,13,utilisés,utilisées,11,M,S,utilisés,-5.5150547,utilisées,-9.113759,1
7185,P_NOUN_8_PASS_b,M,P,les rideaux avec le légume que j' aime beaucoup ne sont probablement pas achetés <eos>,13,achetés,achetées,11,M,S,achetés,-8.8881855,achetées,-13.405425,1
7186,P_NOUN_8_PASS_b,M,P,les rideaux avec le légume que j' aime beaucoup ne sont probablement pas brisés <eos>,13,brisés,brisées,11,M,S,brisés,-10.1458025,brisées,-11.911783,1
7187,P_NOUN_8_PASS_b,M,P,les rideaux avec le légume que j' aime beaucoup ne sont probablement pas cachés <eos>,13,cachés,cachées,11,M,S,cachés,-7.9709263,cachées,-11.330688,1
7188,P_NOUN_8_PASS_b,M,P,les rideaux avec le légume que j' aime beaucoup ne sont probablement pas cassés <eos>,13,cassés,cassées,11,M,S,cassés,-9.210088,cassées,-10.670602,1
7189,P_NOUN_8_PASS_b,M,P,les rideaux avec le légume que j' aime beaucoup ne sont probablement pas couverts <eos>,13,couverts,couvertes,11,M,S,couverts,-6.333244,couvertes,-10.810724,1
7190,P_NOUN_8_PASS_b,M,P,les rideaux avec le légume que j' aime beaucoup ne sont probablement pas déformés <eos>,13,déformés,déformées,11,M,S,déformés,-11.439175,déformées,-11.533047,1
7191,P_NOUN_8_PASS_b,M,P,les rideaux avec le légume que j' aime beaucoup ne sont probablement pas fixés <eos>,13,fixés,fixées,11,M,S,fixés,-8.648661,fixées,-11.51334,1
7192,P_NOUN_8_PASS_b,M,P,les rideaux avec le légume que j' aime beaucoup ne sont probablement pas jetés <eos>,13,jetés,jetées,11,M,S,jetés,-8.432095,jetées,-11.447769,1
7193,P_NOUN_8_PASS_b,M,P,les rideaux avec le légume que j' aime beaucoup ne sont probablement pas laissés <eos>,13,laissés,laissées,11,M,S,laissés,-7.612064,laissées,-10.848156,1
7194,P_NOUN_8_PASS_b,M,P,les rideaux avec le légume que j' aime beaucoup ne sont probablement pas ouverts <eos>,13,ouverts,ouvertes,11,M,S,ouverts,-7.142351,ouvertes,-11.222049,1
7195,P_NOUN_8_PASS_b,M,P,les rideaux avec le légume que j' aime beaucoup ne sont probablement pas perdus <eos>,13,perdus,perdues,11,M,S,perdus,-6.928092,perdues,-10.64943,1
7196,P_NOUN_8_PASS_b,M,P,les rideaux avec le légume que j' aime beaucoup ne sont probablement pas réparés <eos>,13,réparés,réparées,11,M,S,réparés,-10.868441,réparées,-12.342779,1
7197,P_NOUN_8_PASS_b,M,P,les rideaux avec le légume que j' aime beaucoup ne sont probablement pas retirés <eos>,13,retirés,retirées,11,M,S,retirés,-9.253666,retirées,-11.390724,1
7198,P_NOUN_8_PASS_b,M,P,les rideaux avec le légume que j' aime beaucoup ne sont probablement pas tombés <eos>,13,tombés,tombées,11,M,S,tombés,-6.7804284,tombées,-10.618765,1
7199,P_NOUN_8_PASS_b,M,P,les rideaux avec le légume que j' aime beaucoup ne sont probablement pas utilisés <eos>,13,utilisés,utilisées,11,M,S,utilisés,-5.608965,utilisées,-9.169982,1
7200,P_NOUN_8_PASS_b,M,P,les cahiers avec le bracelet que j' aime beaucoup ne sont probablement pas achetés <eos>,13,achetés,achetées,11,M,S,achetés,-8.866426,achetées,-12.878819,1
7201,P_NOUN_8_PASS_b,M,P,les cahiers avec le bracelet que j' aime beaucoup ne sont probablement pas brisés <eos>,13,brisés,brisées,11,M,S,brisés,-10.9769745,brisées,-12.189798,1
7202,P_NOUN_8_PASS_b,M,P,les cahiers avec le bracelet que j' aime beaucoup ne sont probablement pas cachés <eos>,13,cachés,cachées,11,M,S,cachés,-8.094863,cachées,-11.945354,1
7203,P_NOUN_8_PASS_b,M,P,les cahiers avec le bracelet que j' aime beaucoup ne sont probablement pas cassés <eos>,13,cassés,cassées,11,M,S,cassés,-10.814309,cassées,-11.785272,1
7204,P_NOUN_8_PASS_b,M,P,les cahiers avec le bracelet que j' aime beaucoup ne sont probablement pas couverts <eos>,13,couverts,couvertes,11,M,S,couverts,-7.813994,couvertes,-12.585722,1
7205,P_NOUN_8_PASS_b,M,P,les cahiers avec le bracelet que j' aime beaucoup ne sont probablement pas déformés <eos>,13,déformés,déformées,11,M,S,déformés,-11.862312,déformées,-11.235775,0
7206,P_NOUN_8_PASS_b,M,P,les cahiers avec le bracelet que j' aime beaucoup ne sont probablement pas fixés <eos>,13,fixés,fixées,11,M,S,fixés,-9.058958,fixées,-11.180231,1
7207,P_NOUN_8_PASS_b,M,P,les cahiers avec le bracelet que j' aime beaucoup ne sont probablement pas jetés <eos>,13,jetés,jetées,11,M,S,jetés,-8.148998,jetées,-12.389187,1
7208,P_NOUN_8_PASS_b,M,P,les cahiers avec le bracelet que j' aime beaucoup ne sont probablement pas laissés <eos>,13,laissés,laissées,11,M,S,laissés,-8.292835,laissées,-12.086006,1
7209,P_NOUN_8_PASS_b,M,P,les cahiers avec le bracelet que j' aime beaucoup ne sont probablement pas ouverts <eos>,13,ouverts,ouvertes,11,M,S,ouverts,-7.680689,ouvertes,-11.331629,1
7210,P_NOUN_8_PASS_b,M,P,les cahiers avec le bracelet que j' aime beaucoup ne sont probablement pas perdus <eos>,13,perdus,perdues,11,M,S,perdus,-5.6622562,perdues,-9.518642,1
7211,P_NOUN_8_PASS_b,M,P,les cahiers avec le bracelet que j' aime beaucoup ne sont probablement pas réparés <eos>,13,réparés,réparées,11,M,S,réparés,-12.080799,réparées,-13.368319,1
7212,P_NOUN_8_PASS_b,M,P,les cahiers avec le bracelet que j' aime beaucoup ne sont probablement pas retirés <eos>,13,retirés,retirées,11,M,S,retirés,-8.623482,retirées,-11.019856,1
7213,P_NOUN_8_PASS_b,M,P,les cahiers avec le bracelet que j' aime beaucoup ne sont probablement pas tombés <eos>,13,tombés,tombées,11,M,S,tombés,-6.434106,tombées,-11.324232,1
7214,P_NOUN_8_PASS_b,M,P,les cahiers avec le bracelet que j' aime beaucoup ne sont probablement pas utilisés <eos>,13,utilisés,utilisées,11,M,S,utilisés,-5.38245,utilisées,-9.495151,1
7215,P_NOUN_8_PASS_b,M,P,les cahiers avec le miroir que j' aime beaucoup ne sont probablement pas achetés <eos>,13,achetés,achetées,11,M,S,achetés,-9.298782,achetées,-13.749756,1
7216,P_NOUN_8_PASS_b,M,P,les cahiers avec le miroir que j' aime beaucoup ne sont probablement pas brisés <eos>,13,brisés,brisées,11,M,S,brisés,-11.283211,brisées,-13.114433,1
7217,P_NOUN_8_PASS_b,M,P,les cahiers avec le miroir que j' aime beaucoup ne sont probablement pas cachés <eos>,13,cachés,cachées,11,M,S,cachés,-8.3316,cachées,-11.79323,1
7218,P_NOUN_8_PASS_b,M,P,les cahiers avec le miroir que j' aime beaucoup ne sont probablement pas cassés <eos>,13,cassés,cassées,11,M,S,cassés,-11.380119,cassées,-12.566818,1
7219,P_NOUN_8_PASS_b,M,P,les cahiers avec le miroir que j' aime beaucoup ne sont probablement pas couverts <eos>,13,couverts,couvertes,11,M,S,couverts,-7.815958,couvertes,-12.437396,1
7220,P_NOUN_8_PASS_b,M,P,les cahiers avec le miroir que j' aime beaucoup ne sont probablement pas déformés <eos>,13,déformés,déformées,11,M,S,déformés,-11.012391,déformées,-10.7179575,0
7221,P_NOUN_8_PASS_b,M,P,les cahiers avec le miroir que j' aime beaucoup ne sont probablement pas fixés <eos>,13,fixés,fixées,11,M,S,fixés,-10.112746,fixées,-12.158754,1
7222,P_NOUN_8_PASS_b,M,P,les cahiers avec le miroir que j' aime beaucoup ne sont probablement pas jetés <eos>,13,jetés,jetées,11,M,S,jetés,-9.270493,jetées,-13.371597,1
7223,P_NOUN_8_PASS_b,M,P,les cahiers avec le miroir que j' aime beaucoup ne sont probablement pas laissés <eos>,13,laissés,laissées,11,M,S,laissés,-8.158219,laissées,-12.173923,1
7224,P_NOUN_8_PASS_b,M,P,les cahiers avec le miroir que j' aime beaucoup ne sont probablement pas ouverts <eos>,13,ouverts,ouvertes,11,M,S,ouverts,-7.1603866,ouvertes,-11.030678,1
7225,P_NOUN_8_PASS_b,M,P,les cahiers avec le miroir que j' aime beaucoup ne sont probablement pas perdus <eos>,13,perdus,perdues,11,M,S,perdus,-5.5715723,perdues,-9.235146,1
7226,P_NOUN_8_PASS_b,M,P,les cahiers avec le miroir que j' aime beaucoup ne sont probablement pas réparés <eos>,13,réparés,réparées,11,M,S,réparés,-12.123059,réparées,-13.255877,1
7227,P_NOUN_8_PASS_b,M,P,les cahiers avec le miroir que j' aime beaucoup ne sont probablement pas retirés <eos>,13,retirés,retirées,11,M,S,retirés,-9.300495,retirées,-11.367844,1
7228,P_NOUN_8_PASS_b,M,P,les cahiers avec le miroir que j' aime beaucoup ne sont probablement pas tombés <eos>,13,tombés,tombées,11,M,S,tombés,-7.4241414,tombées,-11.448486,1
7229,P_NOUN_8_PASS_b,M,P,les cahiers avec le miroir que j' aime beaucoup ne sont probablement pas utilisés <eos>,13,utilisés,utilisées,11,M,S,utilisés,-5.8992777,utilisées,-9.919487,1
7230,P_NOUN_8_PASS_b,M,P,les cahiers avec le crayon que j' aime beaucoup ne sont probablement pas achetés <eos>,13,achetés,achetées,11,M,S,achetés,-8.469356,achetées,-13.0514555,1
7231,P_NOUN_8_PASS_b,M,P,les cahiers avec le crayon que j' aime beaucoup ne sont probablement pas brisés <eos>,13,brisés,brisées,11,M,S,brisés,-11.345407,brisées,-13.026112,1
7232,P_NOUN_8_PASS_b,M,P,les cahiers avec le crayon que j' aime beaucoup ne sont probablement pas cachés <eos>,13,cachés,cachées,11,M,S,cachés,-8.139717,cachées,-12.082276,1
7233,P_NOUN_8_PASS_b,M,P,les cahiers avec le crayon que j' aime beaucoup ne sont probablement pas cassés <eos>,13,cassés,cassées,11,M,S,cassés,-10.899147,cassées,-12.146755,1
7234,P_NOUN_8_PASS_b,M,P,les cahiers avec le crayon que j' aime beaucoup ne sont probablement pas couverts <eos>,13,couverts,couvertes,11,M,S,couverts,-7.6276007,couvertes,-12.212392,1
7235,P_NOUN_8_PASS_b,M,P,les cahiers avec le crayon que j' aime beaucoup ne sont probablement pas déformés <eos>,13,déformés,déformées,11,M,S,déformés,-11.49524,déformées,-10.796332,0
7236,P_NOUN_8_PASS_b,M,P,les cahiers avec le crayon que j' aime beaucoup ne sont probablement pas fixés <eos>,13,fixés,fixées,11,M,S,fixés,-9.930724,fixées,-11.917402,1
7237,P_NOUN_8_PASS_b,M,P,les cahiers avec le crayon que j' aime beaucoup ne sont probablement pas jetés <eos>,13,jetés,jetées,11,M,S,jetés,-8.950704,jetées,-12.996059,1
7238,P_NOUN_8_PASS_b,M,P,les cahiers avec le crayon que j' aime beaucoup ne sont probablement pas laissés <eos>,13,laissés,laissées,11,M,S,laissés,-7.847928,laissées,-11.965089,1
7239,P_NOUN_8_PASS_b,M,P,les cahiers avec le crayon que j' aime beaucoup ne sont probablement pas ouverts <eos>,13,ouverts,ouvertes,11,M,S,ouverts,-7.3766017,ouvertes,-11.208002,1
7240,P_NOUN_8_PASS_b,M,P,les cahiers avec le crayon que j' aime beaucoup ne sont probablement pas perdus <eos>,13,perdus,perdues,11,M,S,perdus,-5.933007,perdues,-9.164167,1
7241,P_NOUN_8_PASS_b,M,P,les cahiers avec le crayon que j' aime beaucoup ne sont probablement pas réparés <eos>,13,réparés,réparées,11,M,S,réparés,-11.748951,réparées,-12.621109,1
7242,P_NOUN_8_PASS_b,M,P,les cahiers avec le crayon que j' aime beaucoup ne sont probablement pas retirés <eos>,13,retirés,retirées,11,M,S,retirés,-9.106333,retirées,-10.816354,1
7243,P_NOUN_8_PASS_b,M,P,les cahiers avec le crayon que j' aime beaucoup ne sont probablement pas tombés <eos>,13,tombés,tombées,11,M,S,tombés,-7.5195293,tombées,-11.360519,1
7244,P_NOUN_8_PASS_b,M,P,les cahiers avec le crayon que j' aime beaucoup ne sont probablement pas utilisés <eos>,13,utilisés,utilisées,11,M,S,utilisés,-5.452986,utilisées,-9.471254,1
7245,P_NOUN_8_PASS_b,M,P,les cahiers avec le rideau que j' aime beaucoup ne sont probablement pas achetés <eos>,13,achetés,achetées,11,M,S,achetés,-9.496891,achetées,-13.841196,1
7246,P_NOUN_8_PASS_b,M,P,les cahiers avec le rideau que j' aime beaucoup ne sont probablement pas brisés <eos>,13,brisés,brisées,11,M,S,brisés,-11.2332735,brisées,-13.108477,1
7247,P_NOUN_8_PASS_b,M,P,les cahiers avec le rideau que j' aime beaucoup ne sont probablement pas cachés <eos>,13,cachés,cachées,11,M,S,cachés,-8.762863,cachées,-12.090339,1
7248,P_NOUN_8_PASS_b,M,P,les cahiers avec le rideau que j' aime beaucoup ne sont probablement pas cassés <eos>,13,cassés,cassées,11,M,S,cassés,-11.373748,cassées,-12.459025,1
7249,P_NOUN_8_PASS_b,M,P,les cahiers avec le rideau que j' aime beaucoup ne sont probablement pas couverts <eos>,13,couverts,couvertes,11,M,S,couverts,-7.539828,couvertes,-12.23101,1
7250,P_NOUN_8_PASS_b,M,P,les cahiers avec le rideau que j' aime beaucoup ne sont probablement pas déformés <eos>,13,déformés,déformées,11,M,S,déformés,-11.040711,déformées,-11.165852,1
7251,P_NOUN_8_PASS_b,M,P,les cahiers avec le rideau que j' aime beaucoup ne sont probablement pas fixés <eos>,13,fixés,fixées,11,M,S,fixés,-9.595955,fixées,-11.66086,1
7252,P_NOUN_8_PASS_b,M,P,les cahiers avec le rideau que j' aime beaucoup ne sont probablement pas jetés <eos>,13,jetés,jetées,11,M,S,jetés,-9.217342,jetées,-13.185762,1
7253,P_NOUN_8_PASS_b,M,P,les cahiers avec le rideau que j' aime beaucoup ne sont probablement pas laissés <eos>,13,laissés,laissées,11,M,S,laissés,-8.237896,laissées,-12.198124,1
7254,P_NOUN_8_PASS_b,M,P,les cahiers avec le rideau que j' aime beaucoup ne sont probablement pas ouverts <eos>,13,ouverts,ouvertes,11,M,S,ouverts,-7.2555237,ouvertes,-11.062008,1
7255,P_NOUN_8_PASS_b,M,P,les cahiers avec le rideau que j' aime beaucoup ne sont probablement pas perdus <eos>,13,perdus,perdues,11,M,S,perdus,-5.966116,perdues,-9.68515,1
7256,P_NOUN_8_PASS_b,M,P,les cahiers avec le rideau que j' aime beaucoup ne sont probablement pas réparés <eos>,13,réparés,réparées,11,M,S,réparés,-11.7545,réparées,-13.216215,1
7257,P_NOUN_8_PASS_b,M,P,les cahiers avec le rideau que j' aime beaucoup ne sont probablement pas retirés <eos>,13,retirés,retirées,11,M,S,retirés,-9.42186,retirées,-11.364356,1
7258,P_NOUN_8_PASS_b,M,P,les cahiers avec le rideau que j' aime beaucoup ne sont probablement pas tombés <eos>,13,tombés,tombées,11,M,S,tombés,-7.300467,tombées,-11.321842,1
7259,P_NOUN_8_PASS_b,M,P,les cahiers avec le rideau que j' aime beaucoup ne sont probablement pas utilisés <eos>,13,utilisés,utilisées,11,M,S,utilisés,-5.9231195,utilisées,-10.004129,1
7260,P_NOUN_8_PASS_b,M,P,les cahiers avec le cahier que j' aime beaucoup ne sont probablement pas achetés <eos>,13,achetés,achetées,11,M,S,achetés,-8.983191,achetées,-13.53997,1
7261,P_NOUN_8_PASS_b,M,P,les cahiers avec le cahier que j' aime beaucoup ne sont probablement pas brisés <eos>,13,brisés,brisées,11,M,S,brisés,-11.661547,brisées,-13.788189,1
7262,P_NOUN_8_PASS_b,M,P,les cahiers avec le cahier que j' aime beaucoup ne sont probablement pas cachés <eos>,13,cachés,cachées,11,M,S,cachés,-8.727141,cachées,-12.630636,1
7263,P_NOUN_8_PASS_b,M,P,les cahiers avec le cahier que j' aime beaucoup ne sont probablement pas cassés <eos>,13,cassés,cassées,11,M,S,cassés,-11.991545,cassées,-13.213982,1
7264,P_NOUN_8_PASS_b,M,P,les cahiers avec le cahier que j' aime beaucoup ne sont probablement pas couverts <eos>,13,couverts,couvertes,11,M,S,couverts,-7.530673,couvertes,-12.740793,1
7265,P_NOUN_8_PASS_b,M,P,les cahiers avec le cahier que j' aime beaucoup ne sont probablement pas déformés <eos>,13,déformés,déformées,11,M,S,déformés,-11.1195755,déformées,-11.527881,1
7266,P_NOUN_8_PASS_b,M,P,les cahiers avec le cahier que j' aime beaucoup ne sont probablement pas fixés <eos>,13,fixés,fixées,11,M,S,fixés,-9.994541,fixées,-12.20237,1
7267,P_NOUN_8_PASS_b,M,P,les cahiers avec le cahier que j' aime beaucoup ne sont probablement pas jetés <eos>,13,jetés,jetées,11,M,S,jetés,-9.716824,jetées,-13.991356,1
7268,P_NOUN_8_PASS_b,M,P,les cahiers avec le cahier que j' aime beaucoup ne sont probablement pas laissés <eos>,13,laissés,laissées,11,M,S,laissés,-8.017059,laissées,-12.645645,1
7269,P_NOUN_8_PASS_b,M,P,les cahiers avec le cahier que j' aime beaucoup ne sont probablement pas ouverts <eos>,13,ouverts,ouvertes,11,M,S,ouverts,-6.7520227,ouvertes,-11.103781,1
7270,P_NOUN_8_PASS_b,M,P,les cahiers avec le cahier que j' aime beaucoup ne sont probablement pas perdus <eos>,13,perdus,perdues,11,M,S,perdus,-5.453761,perdues,-9.389965,1
7271,P_NOUN_8_PASS_b,M,P,les cahiers avec le cahier que j' aime beaucoup ne sont probablement pas réparés <eos>,13,réparés,réparées,11,M,S,réparés,-12.017553,réparées,-13.434973,1
7272,P_NOUN_8_PASS_b,M,P,les cahiers avec le cahier que j' aime beaucoup ne sont probablement pas retirés <eos>,13,retirés,retirées,11,M,S,retirés,-9.137894,retirées,-11.387821,1
7273,P_NOUN_8_PASS_b,M,P,les cahiers avec le cahier que j' aime beaucoup ne sont probablement pas tombés <eos>,13,tombés,tombées,11,M,S,tombés,-7.3194027,tombées,-11.853337,1
7274,P_NOUN_8_PASS_b,M,P,les cahiers avec le cahier que j' aime beaucoup ne sont probablement pas utilisés <eos>,13,utilisés,utilisées,11,M,S,utilisés,-5.9630394,utilisées,-10.285839,1
7275,P_NOUN_8_PASS_b,M,P,les cahiers avec le micro que j' aime beaucoup ne sont probablement pas achetés <eos>,13,achetés,achetées,11,M,S,achetés,-9.169684,achetées,-13.432635,1
7276,P_NOUN_8_PASS_b,M,P,les cahiers avec le micro que j' aime beaucoup ne sont probablement pas brisés <eos>,13,brisés,brisées,11,M,S,brisés,-11.234145,brisées,-13.008607,1
7277,P_NOUN_8_PASS_b,M,P,les cahiers avec le micro que j' aime beaucoup ne sont probablement pas cachés <eos>,13,cachés,cachées,11,M,S,cachés,-8.6306095,cachées,-12.066509,1
7278,P_NOUN_8_PASS_b,M,P,les cahiers avec le micro que j' aime beaucoup ne sont probablement pas cassés <eos>,13,cassés,cassées,11,M,S,cassés,-11.6469,cassées,-12.577159,1
7279,P_NOUN_8_PASS_b,M,P,les cahiers avec le micro que j' aime beaucoup ne sont probablement pas couverts <eos>,13,couverts,couvertes,11,M,S,couverts,-7.5902996,couvertes,-12.188282,1
7280,P_NOUN_8_PASS_b,M,P,les cahiers avec le micro que j' aime beaucoup ne sont probablement pas déformés <eos>,13,déformés,déformées,11,M,S,déformés,-11.1691,déformées,-11.294714,1
7281,P_NOUN_8_PASS_b,M,P,les cahiers avec le micro que j' aime beaucoup ne sont probablement pas fixés <eos>,13,fixés,fixées,11,M,S,fixés,-9.558159,fixées,-12.182633,1
7282,P_NOUN_8_PASS_b,M,P,les cahiers avec le micro que j' aime beaucoup ne sont probablement pas jetés <eos>,13,jetés,jetées,11,M,S,jetés,-9.442043,jetées,-13.610254,1
7283,P_NOUN_8_PASS_b,M,P,les cahiers avec le micro que j' aime beaucoup ne sont probablement pas laissés <eos>,13,laissés,laissées,11,M,S,laissés,-8.39762,laissées,-12.031604,1
7284,P_NOUN_8_PASS_b,M,P,les cahiers avec le micro que j' aime beaucoup ne sont probablement pas ouverts <eos>,13,ouverts,ouvertes,11,M,S,ouverts,-6.979824,ouvertes,-10.950599,1
7285,P_NOUN_8_PASS_b,M,P,les cahiers avec le micro que j' aime beaucoup ne sont probablement pas perdus <eos>,13,perdus,perdues,11,M,S,perdus,-5.8333244,perdues,-9.629198,1
7286,P_NOUN_8_PASS_b,M,P,les cahiers avec le micro que j' aime beaucoup ne sont probablement pas réparés <eos>,13,réparés,réparées,11,M,S,réparés,-11.729267,réparées,-13.160778,1
7287,P_NOUN_8_PASS_b,M,P,les cahiers avec le micro que j' aime beaucoup ne sont probablement pas retirés <eos>,13,retirés,retirées,11,M,S,retirés,-9.331673,retirées,-11.308921,1
7288,P_NOUN_8_PASS_b,M,P,les cahiers avec le micro que j' aime beaucoup ne sont probablement pas tombés <eos>,13,tombés,tombées,11,M,S,tombés,-7.806222,tombées,-11.770597,1
7289,P_NOUN_8_PASS_b,M,P,les cahiers avec le micro que j' aime beaucoup ne sont probablement pas utilisés <eos>,13,utilisés,utilisées,11,M,S,utilisés,-5.8515015,utilisées,-9.822864,1
7290,P_NOUN_8_PASS_b,M,P,les cahiers avec le sac que j' aime beaucoup ne sont probablement pas achetés <eos>,13,achetés,achetées,11,M,S,achetés,-9.076904,achetées,-13.580799,1
7291,P_NOUN_8_PASS_b,M,P,les cahiers avec le sac que j' aime beaucoup ne sont probablement pas brisés <eos>,13,brisés,brisées,11,M,S,brisés,-11.347017,brisées,-13.074423,1
7292,P_NOUN_8_PASS_b,M,P,les cahiers avec le sac que j' aime beaucoup ne sont probablement pas cachés <eos>,13,cachés,cachées,11,M,S,cachés,-8.369887,cachées,-12.153349,1
7293,P_NOUN_8_PASS_b,M,P,les cahiers avec le sac que j' aime beaucoup ne sont probablement pas cassés <eos>,13,cassés,cassées,11,M,S,cassés,-11.434707,cassées,-12.195724,1
7294,P_NOUN_8_PASS_b,M,P,les cahiers avec le sac que j' aime beaucoup ne sont probablement pas couverts <eos>,13,couverts,couvertes,11,M,S,couverts,-7.5052485,couvertes,-12.384178,1
7295,P_NOUN_8_PASS_b,M,P,les cahiers avec le sac que j' aime beaucoup ne sont probablement pas déformés <eos>,13,déformés,déformées,11,M,S,déformés,-11.3334,déformées,-11.237279,0
7296,P_NOUN_8_PASS_b,M,P,les cahiers avec le sac que j' aime beaucoup ne sont probablement pas fixés <eos>,13,fixés,fixées,11,M,S,fixés,-9.891152,fixées,-11.942432,1
7297,P_NOUN_8_PASS_b,M,P,les cahiers avec le sac que j' aime beaucoup ne sont probablement pas jetés <eos>,13,jetés,jetées,11,M,S,jetés,-9.118904,jetées,-13.115531,1
7298,P_NOUN_8_PASS_b,M,P,les cahiers avec le sac que j' aime beaucoup ne sont probablement pas laissés <eos>,13,laissés,laissées,11,M,S,laissés,-8.182312,laissées,-12.295708,1
7299,P_NOUN_8_PASS_b,M,P,les cahiers avec le sac que j' aime beaucoup ne sont probablement pas ouverts <eos>,13,ouverts,ouvertes,11,M,S,ouverts,-7.184296,ouvertes,-11.075178,1
7300,P_NOUN_8_PASS_b,M,P,les cahiers avec le sac que j' aime beaucoup ne sont probablement pas perdus <eos>,13,perdus,perdues,11,M,S,perdus,-5.745721,perdues,-9.283307,1
7301,P_NOUN_8_PASS_b,M,P,les cahiers avec le sac que j' aime beaucoup ne sont probablement pas réparés <eos>,13,réparés,réparées,11,M,S,réparés,-11.946576,réparées,-13.174086,1
7302,P_NOUN_8_PASS_b,M,P,les cahiers avec le sac que j' aime beaucoup ne sont probablement pas retirés <eos>,13,retirés,retirées,11,M,S,retirés,-9.141407,retirées,-11.238904,1
7303,P_NOUN_8_PASS_b,M,P,les cahiers avec le sac que j' aime beaucoup ne sont probablement pas tombés <eos>,13,tombés,tombées,11,M,S,tombés,-7.063429,tombées,-11.440528,1
7304,P_NOUN_8_PASS_b,M,P,les cahiers avec le sac que j' aime beaucoup ne sont probablement pas utilisés <eos>,13,utilisés,utilisées,11,M,S,utilisés,-5.6751475,utilisées,-9.758962,1
7305,P_NOUN_8_PASS_b,M,P,les cahiers avec le clavier que j' aime beaucoup ne sont probablement pas achetés <eos>,13,achetés,achetées,11,M,S,achetés,-9.529274,achetées,-13.788778,1
7306,P_NOUN_8_PASS_b,M,P,les cahiers avec le clavier que j' aime beaucoup ne sont probablement pas brisés <eos>,13,brisés,brisées,11,M,S,brisés,-11.360607,brisées,-12.945951,1
7307,P_NOUN_8_PASS_b,M,P,les cahiers avec le clavier que j' aime beaucoup ne sont probablement pas cachés <eos>,13,cachés,cachées,11,M,S,cachés,-8.494897,cachées,-11.87176,1
7308,P_NOUN_8_PASS_b,M,P,les cahiers avec le clavier que j' aime beaucoup ne sont probablement pas cassés <eos>,13,cassés,cassées,11,M,S,cassés,-11.653312,cassées,-12.463699,1
7309,P_NOUN_8_PASS_b,M,P,les cahiers avec le clavier que j' aime beaucoup ne sont probablement pas couverts <eos>,13,couverts,couvertes,11,M,S,couverts,-8.044251,couvertes,-12.351634,1
7310,P_NOUN_8_PASS_b,M,P,les cahiers avec le clavier que j' aime beaucoup ne sont probablement pas déformés <eos>,13,déformés,déformées,11,M,S,déformés,-11.331998,déformées,-10.717057,0
7311,P_NOUN_8_PASS_b,M,P,les cahiers avec le clavier que j' aime beaucoup ne sont probablement pas fixés <eos>,13,fixés,fixées,11,M,S,fixés,-9.409462,fixées,-11.8827305,1
7312,P_NOUN_8_PASS_b,M,P,les cahiers avec le clavier que j' aime beaucoup ne sont probablement pas jetés <eos>,13,jetés,jetées,11,M,S,jetés,-9.350933,jetées,-13.560762,1
7313,P_NOUN_8_PASS_b,M,P,les cahiers avec le clavier que j' aime beaucoup ne sont probablement pas laissés <eos>,13,laissés,laissées,11,M,S,laissés,-8.470655,laissées,-12.173996,1
7314,P_NOUN_8_PASS_b,M,P,les cahiers avec le clavier que j' aime beaucoup ne sont probablement pas ouverts <eos>,13,ouverts,ouvertes,11,M,S,ouverts,-7.1677055,ouvertes,-11.124074,1
7315,P_NOUN_8_PASS_b,M,P,les cahiers avec le clavier que j' aime beaucoup ne sont probablement pas perdus <eos>,13,perdus,perdues,11,M,S,perdus,-6.0880194,perdues,-9.739102,1
7316,P_NOUN_8_PASS_b,M,P,les cahiers avec le clavier que j' aime beaucoup ne sont probablement pas réparés <eos>,13,réparés,réparées,11,M,S,réparés,-12.279146,réparées,-13.381401,1
7317,P_NOUN_8_PASS_b,M,P,les cahiers avec le clavier que j' aime beaucoup ne sont probablement pas retirés <eos>,13,retirés,retirées,11,M,S,retirés,-9.574724,retirées,-11.421377,1
7318,P_NOUN_8_PASS_b,M,P,les cahiers avec le clavier que j' aime beaucoup ne sont probablement pas tombés <eos>,13,tombés,tombées,11,M,S,tombés,-7.7168474,tombées,-11.882182,1
7319,P_NOUN_8_PASS_b,M,P,les cahiers avec le clavier que j' aime beaucoup ne sont probablement pas utilisés <eos>,13,utilisés,utilisées,11,M,S,utilisés,-5.360565,utilisées,-9.433476,1
7320,P_NOUN_8_PASS_b,M,P,les cahiers avec le raisin que j' aime beaucoup ne sont probablement pas achetés <eos>,13,achetés,achetées,11,M,S,achetés,-8.33753,achetées,-12.73024,1
7321,P_NOUN_8_PASS_b,M,P,les cahiers avec le raisin que j' aime beaucoup ne sont probablement pas brisés <eos>,13,brisés,brisées,11,M,S,brisés,-11.542563,brisées,-13.286265,1
7322,P_NOUN_8_PASS_b,M,P,les cahiers avec le raisin que j' aime beaucoup ne sont probablement pas cachés <eos>,13,cachés,cachées,11,M,S,cachés,-8.771095,cachées,-12.062878,1
7323,P_NOUN_8_PASS_b,M,P,les cahiers avec le raisin que j' aime beaucoup ne sont probablement pas cassés <eos>,13,cassés,cassées,11,M,S,cassés,-10.241186,cassées,-12.35701,1
7324,P_NOUN_8_PASS_b,M,P,les cahiers avec le raisin que j' aime beaucoup ne sont probablement pas couverts <eos>,13,couverts,couvertes,11,M,S,couverts,-7.025622,couvertes,-11.928127,1
7325,P_NOUN_8_PASS_b,M,P,les cahiers avec le raisin que j' aime beaucoup ne sont probablement pas déformés <eos>,13,déformés,déformées,11,M,S,déformés,-12.211018,déformées,-11.763124,0
7326,P_NOUN_8_PASS_b,M,P,les cahiers avec le raisin que j' aime beaucoup ne sont probablement pas fixés <eos>,13,fixés,fixées,11,M,S,fixés,-9.3946495,fixées,-11.775927,1
7327,P_NOUN_8_PASS_b,M,P,les cahiers avec le raisin que j' aime beaucoup ne sont probablement pas jetés <eos>,13,jetés,jetées,11,M,S,jetés,-9.743095,jetées,-14.239876,1
7328,P_NOUN_8_PASS_b,M,P,les cahiers avec le raisin que j' aime beaucoup ne sont probablement pas laissés <eos>,13,laissés,laissées,11,M,S,laissés,-7.938007,laissées,-11.834726,1
7329,P_NOUN_8_PASS_b,M,P,les cahiers avec le raisin que j' aime beaucoup ne sont probablement pas ouverts <eos>,13,ouverts,ouvertes,11,M,S,ouverts,-7.812981,ouvertes,-11.217638,1
7330,P_NOUN_8_PASS_b,M,P,les cahiers avec le raisin que j' aime beaucoup ne sont probablement pas perdus <eos>,13,perdus,perdues,11,M,S,perdus,-6.6784577,perdues,-9.975453,1
7331,P_NOUN_8_PASS_b,M,P,les cahiers avec le raisin que j' aime beaucoup ne sont probablement pas réparés <eos>,13,réparés,réparées,11,M,S,réparés,-12.14201,réparées,-13.307099,1
7332,P_NOUN_8_PASS_b,M,P,les cahiers avec le raisin que j' aime beaucoup ne sont probablement pas retirés <eos>,13,retirés,retirées,11,M,S,retirés,-8.943029,retirées,-11.116629,1
7333,P_NOUN_8_PASS_b,M,P,les cahiers avec le raisin que j' aime beaucoup ne sont probablement pas tombés <eos>,13,tombés,tombées,11,M,S,tombés,-7.22861,tombées,-10.968971,1
7334,P_NOUN_8_PASS_b,M,P,les cahiers avec le raisin que j' aime beaucoup ne sont probablement pas utilisés <eos>,13,utilisés,utilisées,11,M,S,utilisés,-5.5654917,utilisées,-9.437508,1
7335,P_NOUN_8_PASS_b,M,P,les cahiers avec le chargeur que j' aime beaucoup ne sont probablement pas achetés <eos>,13,achetés,achetées,11,M,S,achetés,-8.704815,achetées,-12.992179,1
7336,P_NOUN_8_PASS_b,M,P,les cahiers avec le chargeur que j' aime beaucoup ne sont probablement pas brisés <eos>,13,brisés,brisées,11,M,S,brisés,-11.56455,brisées,-12.821722,1
7337,P_NOUN_8_PASS_b,M,P,les cahiers avec le chargeur que j' aime beaucoup ne sont probablement pas cachés <eos>,13,cachés,cachées,11,M,S,cachés,-7.571805,cachées,-11.68531,1
7338,P_NOUN_8_PASS_b,M,P,les cahiers avec le chargeur que j' aime beaucoup ne sont probablement pas cassés <eos>,13,cassés,cassées,11,M,S,cassés,-11.177916,cassées,-12.0359,1
7339,P_NOUN_8_PASS_b,M,P,les cahiers avec le chargeur que j' aime beaucoup ne sont probablement pas couverts <eos>,13,couverts,couvertes,11,M,S,couverts,-8.013587,couvertes,-12.176033,1
7340,P_NOUN_8_PASS_b,M,P,les cahiers avec le chargeur que j' aime beaucoup ne sont probablement pas déformés <eos>,13,déformés,déformées,11,M,S,déformés,-12.056455,déformées,-11.323926,0
7341,P_NOUN_8_PASS_b,M,P,les cahiers avec le chargeur que j' aime beaucoup ne sont probablement pas fixés <eos>,13,fixés,fixées,11,M,S,fixés,-9.759806,fixées,-11.576265,1
7342,P_NOUN_8_PASS_b,M,P,les cahiers avec le chargeur que j' aime beaucoup ne sont probablement pas jetés <eos>,13,jetés,jetées,11,M,S,jetés,-8.925858,jetées,-13.125522,1
7343,P_NOUN_8_PASS_b,M,P,les cahiers avec le chargeur que j' aime beaucoup ne sont probablement pas laissés <eos>,13,laissés,laissées,11,M,S,laissés,-8.086716,laissées,-12.1165085,1
7344,P_NOUN_8_PASS_b,M,P,les cahiers avec le chargeur que j' aime beaucoup ne sont probablement pas ouverts <eos>,13,ouverts,ouvertes,11,M,S,ouverts,-7.593198,ouvertes,-11.045428,1
7345,P_NOUN_8_PASS_b,M,P,les cahiers avec le chargeur que j' aime beaucoup ne sont probablement pas perdus <eos>,13,perdus,perdues,11,M,S,perdus,-5.963586,perdues,-9.144363,1
7346,P_NOUN_8_PASS_b,M,P,les cahiers avec le chargeur que j' aime beaucoup ne sont probablement pas réparés <eos>,13,réparés,réparées,11,M,S,réparés,-11.732553,réparées,-12.831025,1
7347,P_NOUN_8_PASS_b,M,P,les cahiers avec le chargeur que j' aime beaucoup ne sont probablement pas retirés <eos>,13,retirés,retirées,11,M,S,retirés,-8.264909,retirées,-10.819536,1
7348,P_NOUN_8_PASS_b,M,P,les cahiers avec le chargeur que j' aime beaucoup ne sont probablement pas tombés <eos>,13,tombés,tombées,11,M,S,tombés,-6.9305673,tombées,-11.298798,1
7349,P_NOUN_8_PASS_b,M,P,les cahiers avec le chargeur que j' aime beaucoup ne sont probablement pas utilisés <eos>,13,utilisés,utilisées,11,M,S,utilisés,-5.120432,utilisées,-9.141984,1
7350,P_NOUN_8_PASS_b,M,P,les cahiers avec le vase que j' aime beaucoup ne sont probablement pas achetés <eos>,13,achetés,achetées,11,M,S,achetés,-8.966866,achetées,-13.200539,1
7351,P_NOUN_8_PASS_b,M,P,les cahiers avec le vase que j' aime beaucoup ne sont probablement pas brisés <eos>,13,brisés,brisées,11,M,S,brisés,-11.011045,brisées,-12.758324,1
7352,P_NOUN_8_PASS_b,M,P,les cahiers avec le vase que j' aime beaucoup ne sont probablement pas cachés <eos>,13,cachés,cachées,11,M,S,cachés,-8.134517,cachées,-11.758367,1
7353,P_NOUN_8_PASS_b,M,P,les cahiers avec le vase que j' aime beaucoup ne sont probablement pas cassés <eos>,13,cassés,cassées,11,M,S,cassés,-10.794214,cassées,-12.144473,1
7354,P_NOUN_8_PASS_b,M,P,les cahiers avec le vase que j' aime beaucoup ne sont probablement pas couverts <eos>,13,couverts,couvertes,11,M,S,couverts,-7.562626,couvertes,-12.077611,1
7355,P_NOUN_8_PASS_b,M,P,les cahiers avec le vase que j' aime beaucoup ne sont probablement pas déformés <eos>,13,déformés,déformées,11,M,S,déformés,-11.103145,déformées,-10.816795,0
7356,P_NOUN_8_PASS_b,M,P,les cahiers avec le vase que j' aime beaucoup ne sont probablement pas fixés <eos>,13,fixés,fixées,11,M,S,fixés,-9.693998,fixées,-11.838749,1
7357,P_NOUN_8_PASS_b,M,P,les cahiers avec le vase que j' aime beaucoup ne sont probablement pas jetés <eos>,13,jetés,jetées,11,M,S,jetés,-8.669262,jetées,-12.642384,1
7358,P_NOUN_8_PASS_b,M,P,les cahiers avec le vase que j' aime beaucoup ne sont probablement pas laissés <eos>,13,laissés,laissées,11,M,S,laissés,-7.7408657,laissées,-11.692303,1
7359,P_NOUN_8_PASS_b,M,P,les cahiers avec le vase que j' aime beaucoup ne sont probablement pas ouverts <eos>,13,ouverts,ouvertes,11,M,S,ouverts,-6.988324,ouvertes,-10.882545,1
7360,P_NOUN_8_PASS_b,M,P,les cahiers avec le vase que j' aime beaucoup ne sont probablement pas perdus <eos>,13,perdus,perdues,11,M,S,perdus,-5.4841022,perdues,-9.315844,1
7361,P_NOUN_8_PASS_b,M,P,les cahiers avec le vase que j' aime beaucoup ne sont probablement pas réparés <eos>,13,réparés,réparées,11,M,S,réparés,-11.5360985,réparées,-12.902777,1
7362,P_NOUN_8_PASS_b,M,P,les cahiers avec le vase que j' aime beaucoup ne sont probablement pas retirés <eos>,13,retirés,retirées,11,M,S,retirés,-8.982205,retirées,-11.207463,1
7363,P_NOUN_8_PASS_b,M,P,les cahiers avec le vase que j' aime beaucoup ne sont probablement pas tombés <eos>,13,tombés,tombées,11,M,S,tombés,-7.141866,tombées,-11.180506,1
7364,P_NOUN_8_PASS_b,M,P,les cahiers avec le vase que j' aime beaucoup ne sont probablement pas utilisés <eos>,13,utilisés,utilisées,11,M,S,utilisés,-5.9246387,utilisées,-9.875547,1
7365,P_NOUN_8_PASS_b,M,P,les cahiers avec le panier que j' aime beaucoup ne sont probablement pas achetés <eos>,13,achetés,achetées,11,M,S,achetés,-8.489659,achetées,-12.803336,1
7366,P_NOUN_8_PASS_b,M,P,les cahiers avec le panier que j' aime beaucoup ne sont probablement pas brisés <eos>,13,brisés,brisées,11,M,S,brisés,-11.614656,brisées,-13.022503,1
7367,P_NOUN_8_PASS_b,M,P,les cahiers avec le panier que j' aime beaucoup ne sont probablement pas cachés <eos>,13,cachés,cachées,11,M,S,cachés,-8.652982,cachées,-12.448573,1
7368,P_NOUN_8_PASS_b,M,P,les cahiers avec le panier que j' aime beaucoup ne sont probablement pas cassés <eos>,13,cassés,cassées,11,M,S,cassés,-11.351261,cassées,-12.47518,1
7369,P_NOUN_8_PASS_b,M,P,les cahiers avec le panier que j' aime beaucoup ne sont probablement pas couverts <eos>,13,couverts,couvertes,11,M,S,couverts,-7.509177,couvertes,-12.470688,1
7370,P_NOUN_8_PASS_b,M,P,les cahiers avec le panier que j' aime beaucoup ne sont probablement pas déformés <eos>,13,déformés,déformées,11,M,S,déformés,-12.1038685,déformées,-11.518114,0
7371,P_NOUN_8_PASS_b,M,P,les cahiers avec le panier que j' aime beaucoup ne sont probablement pas fixés <eos>,13,fixés,fixées,11,M,S,fixés,-9.675515,fixées,-12.238892,1
7372,P_NOUN_8_PASS_b,M,P,les cahiers avec le panier que j' aime beaucoup ne sont probablement pas jetés <eos>,13,jetés,jetées,11,M,S,jetés,-9.037985,jetées,-13.309922,1
7373,P_NOUN_8_PASS_b,M,P,les cahiers avec le panier que j' aime beaucoup ne sont probablement pas laissés <eos>,13,laissés,laissées,11,M,S,laissés,-8.258958,laissées,-11.947743,1
7374,P_NOUN_8_PASS_b,M,P,les cahiers avec le panier que j' aime beaucoup ne sont probablement pas ouverts <eos>,13,ouverts,ouvertes,11,M,S,ouverts,-7.214566,ouvertes,-11.20162,1
7375,P_NOUN_8_PASS_b,M,P,les cahiers avec le panier que j' aime beaucoup ne sont probablement pas perdus <eos>,13,perdus,perdues,11,M,S,perdus,-5.7181454,perdues,-9.4960575,1
7376,P_NOUN_8_PASS_b,M,P,les cahiers avec le panier que j' aime beaucoup ne sont probablement pas réparés <eos>,13,réparés,réparées,11,M,S,réparés,-11.969433,réparées,-13.29122,1
7377,P_NOUN_8_PASS_b,M,P,les cahiers avec le panier que j' aime beaucoup ne sont probablement pas retirés <eos>,13,retirés,retirées,11,M,S,retirés,-9.056393,retirées,-11.266717,1
7378,P_NOUN_8_PASS_b,M,P,les cahiers avec le panier que j' aime beaucoup ne sont probablement pas tombés <eos>,13,tombés,tombées,11,M,S,tombés,-7.1842093,tombées,-11.6498375,1
7379,P_NOUN_8_PASS_b,M,P,les cahiers avec le panier que j' aime beaucoup ne sont probablement pas utilisés <eos>,13,utilisés,utilisées,11,M,S,utilisés,-5.815152,utilisées,-9.98309,1
7380,P_NOUN_8_PASS_b,M,P,les cahiers avec le collier que j' aime beaucoup ne sont probablement pas achetés <eos>,13,achetés,achetées,11,M,S,achetés,-9.149406,achetées,-13.496418,1
7381,P_NOUN_8_PASS_b,M,P,les cahiers avec le collier que j' aime beaucoup ne sont probablement pas brisés <eos>,13,brisés,brisées,11,M,S,brisés,-11.3133745,brisées,-12.888909,1
7382,P_NOUN_8_PASS_b,M,P,les cahiers avec le collier que j' aime beaucoup ne sont probablement pas cachés <eos>,13,cachés,cachées,11,M,S,cachés,-8.32349,cachées,-12.100456,1
7383,P_NOUN_8_PASS_b,M,P,les cahiers avec le collier que j' aime beaucoup ne sont probablement pas cassés <eos>,13,cassés,cassées,11,M,S,cassés,-11.304681,cassées,-12.251815,1
7384,P_NOUN_8_PASS_b,M,P,les cahiers avec le collier que j' aime beaucoup ne sont probablement pas couverts <eos>,13,couverts,couvertes,11,M,S,couverts,-7.7906585,couvertes,-12.734455,1
7385,P_NOUN_8_PASS_b,M,P,les cahiers avec le collier que j' aime beaucoup ne sont probablement pas déformés <eos>,13,déformés,déformées,11,M,S,déformés,-11.422472,déformées,-11.388512,0
7386,P_NOUN_8_PASS_b,M,P,les cahiers avec le collier que j' aime beaucoup ne sont probablement pas fixés <eos>,13,fixés,fixées,11,M,S,fixés,-9.64309,fixées,-11.9328985,1
7387,P_NOUN_8_PASS_b,M,P,les cahiers avec le collier que j' aime beaucoup ne sont probablement pas jetés <eos>,13,jetés,jetées,11,M,S,jetés,-8.938808,jetées,-13.025499,1
7388,P_NOUN_8_PASS_b,M,P,les cahiers avec le collier que j' aime beaucoup ne sont probablement pas laissés <eos>,13,laissés,laissées,11,M,S,laissés,-8.413805,laissées,-12.219076,1
7389,P_NOUN_8_PASS_b,M,P,les cahiers avec le collier que j' aime beaucoup ne sont probablement pas ouverts <eos>,13,ouverts,ouvertes,11,M,S,ouverts,-7.6434884,ouvertes,-11.533613,1
7390,P_NOUN_8_PASS_b,M,P,les cahiers avec le collier que j' aime beaucoup ne sont probablement pas perdus <eos>,13,perdus,perdues,11,M,S,perdus,-5.807309,perdues,-9.401991,1
7391,P_NOUN_8_PASS_b,M,P,les cahiers avec le collier que j' aime beaucoup ne sont probablement pas réparés <eos>,13,réparés,réparées,11,M,S,réparés,-11.893456,réparées,-13.457059,1
7392,P_NOUN_8_PASS_b,M,P,les cahiers avec le collier que j' aime beaucoup ne sont probablement pas retirés <eos>,13,retirés,retirées,11,M,S,retirés,-9.017854,retirées,-11.473397,1
7393,P_NOUN_8_PASS_b,M,P,les cahiers avec le collier que j' aime beaucoup ne sont probablement pas tombés <eos>,13,tombés,tombées,11,M,S,tombés,-6.704112,tombées,-11.601838,1
7394,P_NOUN_8_PASS_b,M,P,les cahiers avec le collier que j' aime beaucoup ne sont probablement pas utilisés <eos>,13,utilisés,utilisées,11,M,S,utilisés,-5.719021,utilisées,-9.930951,1
7395,P_NOUN_8_PASS_b,M,P,les cahiers avec le chapeau que j' aime beaucoup ne sont probablement pas achetés <eos>,13,achetés,achetées,11,M,S,achetés,-9.098905,achetées,-13.413932,1
7396,P_NOUN_8_PASS_b,M,P,les cahiers avec le chapeau que j' aime beaucoup ne sont probablement pas brisés <eos>,13,brisés,brisées,11,M,S,brisés,-11.210414,brisées,-12.771474,1
7397,P_NOUN_8_PASS_b,M,P,les cahiers avec le chapeau que j' aime beaucoup ne sont probablement pas cachés <eos>,13,cachés,cachées,11,M,S,cachés,-8.056053,cachées,-11.603243,1
7398,P_NOUN_8_PASS_b,M,P,les cahiers avec le chapeau que j' aime beaucoup ne sont probablement pas cassés <eos>,13,cassés,cassées,11,M,S,cassés,-11.15489,cassées,-11.927231,1
7399,P_NOUN_8_PASS_b,M,P,les cahiers avec le chapeau que j' aime beaucoup ne sont probablement pas couverts <eos>,13,couverts,couvertes,11,M,S,couverts,-7.699554,couvertes,-12.23938,1
7400,P_NOUN_8_PASS_b,M,P,les cahiers avec le chapeau que j' aime beaucoup ne sont probablement pas déformés <eos>,13,déformés,déformées,11,M,S,déformés,-11.211805,déformées,-10.90922,0
7401,P_NOUN_8_PASS_b,M,P,les cahiers avec le chapeau que j' aime beaucoup ne sont probablement pas fixés <eos>,13,fixés,fixées,11,M,S,fixés,-9.9041815,fixées,-12.005095,1
7402,P_NOUN_8_PASS_b,M,P,les cahiers avec le chapeau que j' aime beaucoup ne sont probablement pas jetés <eos>,13,jetés,jetées,11,M,S,jetés,-8.8001795,jetées,-12.841255,1
7403,P_NOUN_8_PASS_b,M,P,les cahiers avec le chapeau que j' aime beaucoup ne sont probablement pas laissés <eos>,13,laissés,laissées,11,M,S,laissés,-8.107479,laissées,-12.010732,1
7404,P_NOUN_8_PASS_b,M,P,les cahiers avec le chapeau que j' aime beaucoup ne sont probablement pas ouverts <eos>,13,ouverts,ouvertes,11,M,S,ouverts,-7.431905,ouvertes,-11.097405,1
7405,P_NOUN_8_PASS_b,M,P,les cahiers avec le chapeau que j' aime beaucoup ne sont probablement pas perdus <eos>,13,perdus,perdues,11,M,S,perdus,-5.9230003,perdues,-9.447021,1
7406,P_NOUN_8_PASS_b,M,P,les cahiers avec le chapeau que j' aime beaucoup ne sont probablement pas réparés <eos>,13,réparés,réparées,11,M,S,réparés,-12.115576,réparées,-13.308261,1
7407,P_NOUN_8_PASS_b,M,P,les cahiers avec le chapeau que j' aime beaucoup ne sont probablement pas retirés <eos>,13,retirés,retirées,11,M,S,retirés,-9.115967,retirées,-11.187839,1
7408,P_NOUN_8_PASS_b,M,P,les cahiers avec le chapeau que j' aime beaucoup ne sont probablement pas tombés <eos>,13,tombés,tombées,11,M,S,tombés,-7.080288,tombées,-11.31713,1
7409,P_NOUN_8_PASS_b,M,P,les cahiers avec le chapeau que j' aime beaucoup ne sont probablement pas utilisés <eos>,13,utilisés,utilisées,11,M,S,utilisés,-5.7072926,utilisées,-9.746274,1
7410,P_NOUN_8_PASS_b,M,P,les cahiers avec le pot que j' aime beaucoup ne sont probablement pas achetés <eos>,13,achetés,achetées,11,M,S,achetés,-8.953493,achetées,-13.354933,1
7411,P_NOUN_8_PASS_b,M,P,les cahiers avec le pot que j' aime beaucoup ne sont probablement pas brisés <eos>,13,brisés,brisées,11,M,S,brisés,-11.435423,brisées,-13.23636,1
7412,P_NOUN_8_PASS_b,M,P,les cahiers avec le pot que j' aime beaucoup ne sont probablement pas cachés <eos>,13,cachés,cachées,11,M,S,cachés,-8.507489,cachées,-12.175514,1
7413,P_NOUN_8_PASS_b,M,P,les cahiers avec le pot que j' aime beaucoup ne sont probablement pas cassés <eos>,13,cassés,cassées,11,M,S,cassés,-11.305447,cassées,-12.523775,1
7414,P_NOUN_8_PASS_b,M,P,les cahiers avec le pot que j' aime beaucoup ne sont probablement pas couverts <eos>,13,couverts,couvertes,11,M,S,couverts,-7.4212556,couvertes,-12.254765,1
7415,P_NOUN_8_PASS_b,M,P,les cahiers avec le pot que j' aime beaucoup ne sont probablement pas déformés <eos>,13,déformés,déformées,11,M,S,déformés,-11.559868,déformées,-11.438589,0
7416,P_NOUN_8_PASS_b,M,P,les cahiers avec le pot que j' aime beaucoup ne sont probablement pas fixés <eos>,13,fixés,fixées,11,M,S,fixés,-9.743879,fixées,-11.939772,1
7417,P_NOUN_8_PASS_b,M,P,les cahiers avec le pot que j' aime beaucoup ne sont probablement pas jetés <eos>,13,jetés,jetées,11,M,S,jetés,-9.243614,jetées,-13.269768,1
7418,P_NOUN_8_PASS_b,M,P,les cahiers avec le pot que j' aime beaucoup ne sont probablement pas laissés <eos>,13,laissés,laissées,11,M,S,laissés,-8.054478,laissées,-12.055895,1
7419,P_NOUN_8_PASS_b,M,P,les cahiers avec le pot que j' aime beaucoup ne sont probablement pas ouverts <eos>,13,ouverts,ouvertes,11,M,S,ouverts,-7.2584696,ouvertes,-11.0991125,1
7420,P_NOUN_8_PASS_b,M,P,les cahiers avec le pot que j' aime beaucoup ne sont probablement pas perdus <eos>,13,perdus,perdues,11,M,S,perdus,-5.7548127,perdues,-9.482019,1
7421,P_NOUN_8_PASS_b,M,P,les cahiers avec le pot que j' aime beaucoup ne sont probablement pas réparés <eos>,13,réparés,réparées,11,M,S,réparés,-11.877596,réparées,-13.240065,1
7422,P_NOUN_8_PASS_b,M,P,les cahiers avec le pot que j' aime beaucoup ne sont probablement pas retirés <eos>,13,retirés,retirées,11,M,S,retirés,-9.211374,retirées,-11.212329,1
7423,P_NOUN_8_PASS_b,M,P,les cahiers avec le pot que j' aime beaucoup ne sont probablement pas tombés <eos>,13,tombés,tombées,11,M,S,tombés,-7.124288,tombées,-11.293358,1
7424,P_NOUN_8_PASS_b,M,P,les cahiers avec le pot que j' aime beaucoup ne sont probablement pas utilisés <eos>,13,utilisés,utilisées,11,M,S,utilisés,-5.86306,utilisées,-9.944949,1
7425,P_NOUN_8_PASS_b,M,P,les cahiers avec le coussin que j' aime beaucoup ne sont probablement pas achetés <eos>,13,achetés,achetées,11,M,S,achetés,-9.267521,achetées,-13.447123,1
7426,P_NOUN_8_PASS_b,M,P,les cahiers avec le coussin que j' aime beaucoup ne sont probablement pas brisés <eos>,13,brisés,brisées,11,M,S,brisés,-11.2037325,brisées,-12.881833,1
7427,P_NOUN_8_PASS_b,M,P,les cahiers avec le coussin que j' aime beaucoup ne sont probablement pas cachés <eos>,13,cachés,cachées,11,M,S,cachés,-8.181612,cachées,-11.963919,1
7428,P_NOUN_8_PASS_b,M,P,les cahiers avec le coussin que j' aime beaucoup ne sont probablement pas cassés <eos>,13,cassés,cassées,11,M,S,cassés,-11.451066,cassées,-12.091416,1
7429,P_NOUN_8_PASS_b,M,P,les cahiers avec le coussin que j' aime beaucoup ne sont probablement pas couverts <eos>,13,couverts,couvertes,11,M,S,couverts,-7.7675195,couvertes,-12.145739,1
7430,P_NOUN_8_PASS_b,M,P,les cahiers avec le coussin que j' aime beaucoup ne sont probablement pas déformés <eos>,13,déformés,déformées,11,M,S,déformés,-11.348944,déformées,-11.072418,0
7431,P_NOUN_8_PASS_b,M,P,les cahiers avec le coussin que j' aime beaucoup ne sont probablement pas fixés <eos>,13,fixés,fixées,11,M,S,fixés,-9.678887,fixées,-11.785482,1
7432,P_NOUN_8_PASS_b,M,P,les cahiers avec le coussin que j' aime beaucoup ne sont probablement pas jetés <eos>,13,jetés,jetées,11,M,S,jetés,-9.027396,jetées,-13.081032,1
7433,P_NOUN_8_PASS_b,M,P,les cahiers avec le coussin que j' aime beaucoup ne sont probablement pas laissés <eos>,13,laissés,laissées,11,M,S,laissés,-8.263227,laissées,-12.0884695,1
7434,P_NOUN_8_PASS_b,M,P,les cahiers avec le coussin que j' aime beaucoup ne sont probablement pas ouverts <eos>,13,ouverts,ouvertes,11,M,S,ouverts,-7.3518896,ouvertes,-11.110319,1
7435,P_NOUN_8_PASS_b,M,P,les cahiers avec le coussin que j' aime beaucoup ne sont probablement pas perdus <eos>,13,perdus,perdues,11,M,S,perdus,-6.0054264,perdues,-9.55646,1
7436,P_NOUN_8_PASS_b,M,P,les cahiers avec le coussin que j' aime beaucoup ne sont probablement pas réparés <eos>,13,réparés,réparées,11,M,S,réparés,-12.0364,réparées,-13.266455,1
7437,P_NOUN_8_PASS_b,M,P,les cahiers avec le coussin que j' aime beaucoup ne sont probablement pas retirés <eos>,13,retirés,retirées,11,M,S,retirés,-8.923432,retirées,-11.059793,1
7438,P_NOUN_8_PASS_b,M,P,les cahiers avec le coussin que j' aime beaucoup ne sont probablement pas tombés <eos>,13,tombés,tombées,11,M,S,tombés,-7.236832,tombées,-11.461288,1
7439,P_NOUN_8_PASS_b,M,P,les cahiers avec le coussin que j' aime beaucoup ne sont probablement pas utilisés <eos>,13,utilisés,utilisées,11,M,S,utilisés,-5.5666018,utilisées,-9.621608,1
7440,P_NOUN_8_PASS_b,M,P,les cahiers avec le jouet que j' aime beaucoup ne sont probablement pas achetés <eos>,13,achetés,achetées,11,M,S,achetés,-9.069855,achetées,-13.661638,1
7441,P_NOUN_8_PASS_b,M,P,les cahiers avec le jouet que j' aime beaucoup ne sont probablement pas brisés <eos>,13,brisés,brisées,11,M,S,brisés,-11.273851,brisées,-13.023239,1
7442,P_NOUN_8_PASS_b,M,P,les cahiers avec le jouet que j' aime beaucoup ne sont probablement pas cachés <eos>,13,cachés,cachées,11,M,S,cachés,-8.513321,cachées,-12.13683,1
7443,P_NOUN_8_PASS_b,M,P,les cahiers avec le jouet que j' aime beaucoup ne sont probablement pas cassés <eos>,13,cassés,cassées,11,M,S,cassés,-11.468642,cassées,-12.515433,1
7444,P_NOUN_8_PASS_b,M,P,les cahiers avec le jouet que j' aime beaucoup ne sont probablement pas couverts <eos>,13,couverts,couvertes,11,M,S,couverts,-7.6818285,couvertes,-12.330731,1
7445,P_NOUN_8_PASS_b,M,P,les cahiers avec le jouet que j' aime beaucoup ne sont probablement pas déformés <eos>,13,déformés,déformées,11,M,S,déformés,-11.108015,déformées,-11.196091,1
7446,P_NOUN_8_PASS_b,M,P,les cahiers avec le jouet que j' aime beaucoup ne sont probablement pas fixés <eos>,13,fixés,fixées,11,M,S,fixés,-9.704241,fixées,-11.96778,1
7447,P_NOUN_8_PASS_b,M,P,les cahiers avec le jouet que j' aime beaucoup ne sont probablement pas jetés <eos>,13,jetés,jetées,11,M,S,jetés,-9.310621,jetées,-13.377138,1
7448,P_NOUN_8_PASS_b,M,P,les cahiers avec le jouet que j' aime beaucoup ne sont probablement pas laissés <eos>,13,laissés,laissées,11,M,S,laissés,-8.270624,laissées,-12.152451,1
7449,P_NOUN_8_PASS_b,M,P,les cahiers avec le jouet que j' aime beaucoup ne sont probablement pas ouverts <eos>,13,ouverts,ouvertes,11,M,S,ouverts,-7.078634,ouvertes,-11.126057,1
7450,P_NOUN_8_PASS_b,M,P,les cahiers avec le jouet que j' aime beaucoup ne sont probablement pas perdus <eos>,13,perdus,perdues,11,M,S,perdus,-5.8946185,perdues,-9.634783,1
7451,P_NOUN_8_PASS_b,M,P,les cahiers avec le jouet que j' aime beaucoup ne sont probablement pas réparés <eos>,13,réparés,réparées,11,M,S,réparés,-12.081386,réparées,-13.384979,1
7452,P_NOUN_8_PASS_b,M,P,les cahiers avec le jouet que j' aime beaucoup ne sont probablement pas retirés <eos>,13,retirés,retirées,11,M,S,retirés,-9.392696,retirées,-11.317334,1
7453,P_NOUN_8_PASS_b,M,P,les cahiers avec le jouet que j' aime beaucoup ne sont probablement pas tombés <eos>,13,tombés,tombées,11,M,S,tombés,-7.6152434,tombées,-11.638891,1
7454,P_NOUN_8_PASS_b,M,P,les cahiers avec le jouet que j' aime beaucoup ne sont probablement pas utilisés <eos>,13,utilisés,utilisées,11,M,S,utilisés,-5.8647556,utilisées,-9.868816,1
7455,P_NOUN_8_PASS_b,M,P,les cahiers avec le clou que j' aime beaucoup ne sont probablement pas achetés <eos>,13,achetés,achetées,11,M,S,achetés,-9.358717,achetées,-13.674709,1
7456,P_NOUN_8_PASS_b,M,P,les cahiers avec le clou que j' aime beaucoup ne sont probablement pas brisés <eos>,13,brisés,brisées,11,M,S,brisés,-11.123139,brisées,-12.896492,1
7457,P_NOUN_8_PASS_b,M,P,les cahiers avec le clou que j' aime beaucoup ne sont probablement pas cachés <eos>,13,cachés,cachées,11,M,S,cachés,-8.34687,cachées,-11.774399,1
7458,P_NOUN_8_PASS_b,M,P,les cahiers avec le clou que j' aime beaucoup ne sont probablement pas cassés <eos>,13,cassés,cassées,11,M,S,cassés,-10.957144,cassées,-12.177358,1
7459,P_NOUN_8_PASS_b,M,P,les cahiers avec le clou que j' aime beaucoup ne sont probablement pas couverts <eos>,13,couverts,couvertes,11,M,S,couverts,-7.719289,couvertes,-12.182489,1
7460,P_NOUN_8_PASS_b,M,P,les cahiers avec le clou que j' aime beaucoup ne sont probablement pas déformés <eos>,13,déformés,déformées,11,M,S,déformés,-11.058373,déformées,-11.135642,1
7461,P_NOUN_8_PASS_b,M,P,les cahiers avec le clou que j' aime beaucoup ne sont probablement pas fixés <eos>,13,fixés,fixées,11,M,S,fixés,-9.826392,fixées,-11.9461155,1
7462,P_NOUN_8_PASS_b,M,P,les cahiers avec le clou que j' aime beaucoup ne sont probablement pas jetés <eos>,13,jetés,jetées,11,M,S,jetés,-9.153422,jetées,-13.214828,1
7463,P_NOUN_8_PASS_b,M,P,les cahiers avec le clou que j' aime beaucoup ne sont probablement pas laissés <eos>,13,laissés,laissées,11,M,S,laissés,-8.121195,laissées,-12.047374,1
7464,P_NOUN_8_PASS_b,M,P,les cahiers avec le clou que j' aime beaucoup ne sont probablement pas ouverts <eos>,13,ouverts,ouvertes,11,M,S,ouverts,-7.612076,ouvertes,-11.176623,1
7465,P_NOUN_8_PASS_b,M,P,les cahiers avec le clou que j' aime beaucoup ne sont probablement pas perdus <eos>,13,perdus,perdues,11,M,S,perdus,-5.944601,perdues,-9.427954,1
7466,P_NOUN_8_PASS_b,M,P,les cahiers avec le clou que j' aime beaucoup ne sont probablement pas réparés <eos>,13,réparés,réparées,11,M,S,réparés,-11.794307,réparées,-13.109301,1
7467,P_NOUN_8_PASS_b,M,P,les cahiers avec le clou que j' aime beaucoup ne sont probablement pas retirés <eos>,13,retirés,retirées,11,M,S,retirés,-9.118754,retirées,-11.124652,1
7468,P_NOUN_8_PASS_b,M,P,les cahiers avec le clou que j' aime beaucoup ne sont probablement pas tombés <eos>,13,tombés,tombées,11,M,S,tombés,-6.911028,tombées,-11.154807,1
7469,P_NOUN_8_PASS_b,M,P,les cahiers avec le clou que j' aime beaucoup ne sont probablement pas utilisés <eos>,13,utilisés,utilisées,11,M,S,utilisés,-5.861637,utilisées,-9.86674,1
7470,P_NOUN_8_PASS_b,M,P,les cahiers avec le billet que j' aime beaucoup ne sont probablement pas achetés <eos>,13,achetés,achetées,11,M,S,achetés,-8.881743,achetées,-12.870401,1
7471,P_NOUN_8_PASS_b,M,P,les cahiers avec le billet que j' aime beaucoup ne sont probablement pas brisés <eos>,13,brisés,brisées,11,M,S,brisés,-11.894274,brisées,-13.15488,1
7472,P_NOUN_8_PASS_b,M,P,les cahiers avec le billet que j' aime beaucoup ne sont probablement pas cachés <eos>,13,cachés,cachées,11,M,S,cachés,-8.11828,cachées,-12.1704235,1
7473,P_NOUN_8_PASS_b,M,P,les cahiers avec le billet que j' aime beaucoup ne sont probablement pas cassés <eos>,13,cassés,cassées,11,M,S,cassés,-11.471534,cassées,-12.686657,1
7474,P_NOUN_8_PASS_b,M,P,les cahiers avec le billet que j' aime beaucoup ne sont probablement pas couverts <eos>,13,couverts,couvertes,11,M,S,couverts,-7.731107,couvertes,-12.72386,1
7475,P_NOUN_8_PASS_b,M,P,les cahiers avec le billet que j' aime beaucoup ne sont probablement pas déformés <eos>,13,déformés,déformées,11,M,S,déformés,-11.996197,déformées,-11.616366,0
7476,P_NOUN_8_PASS_b,M,P,les cahiers avec le billet que j' aime beaucoup ne sont probablement pas fixés <eos>,13,fixés,fixées,11,M,S,fixés,-9.529675,fixées,-11.797287,1
7477,P_NOUN_8_PASS_b,M,P,les cahiers avec le billet que j' aime beaucoup ne sont probablement pas jetés <eos>,13,jetés,jetées,11,M,S,jetés,-9.083937,jetées,-13.124092,1
7478,P_NOUN_8_PASS_b,M,P,les cahiers avec le billet que j' aime beaucoup ne sont probablement pas laissés <eos>,13,laissés,laissées,11,M,S,laissés,-8.518235,laissées,-12.098122,1
7479,P_NOUN_8_PASS_b,M,P,les cahiers avec le billet que j' aime beaucoup ne sont probablement pas ouverts <eos>,13,ouverts,ouvertes,11,M,S,ouverts,-7.421673,ouvertes,-11.499385,1
7480,P_NOUN_8_PASS_b,M,P,les cahiers avec le billet que j' aime beaucoup ne sont probablement pas perdus <eos>,13,perdus,perdues,11,M,S,perdus,-5.843577,perdues,-9.078121,1
7481,P_NOUN_8_PASS_b,M,P,les cahiers avec le billet que j' aime beaucoup ne sont probablement pas réparés <eos>,13,réparés,réparées,11,M,S,réparés,-12.18342,réparées,-13.374199,1
7482,P_NOUN_8_PASS_b,M,P,les cahiers avec le billet que j' aime beaucoup ne sont probablement pas retirés <eos>,13,retirés,retirées,11,M,S,retirés,-8.8121195,retirées,-11.060499,1
7483,P_NOUN_8_PASS_b,M,P,les cahiers avec le billet que j' aime beaucoup ne sont probablement pas tombés <eos>,13,tombés,tombées,11,M,S,tombés,-7.0288935,tombées,-11.4858885,1
7484,P_NOUN_8_PASS_b,M,P,les cahiers avec le billet que j' aime beaucoup ne sont probablement pas utilisés <eos>,13,utilisés,utilisées,11,M,S,utilisés,-5.7231727,utilisées,-9.727514,1
7485,P_NOUN_8_PASS_b,M,P,les cahiers avec le légume que j' aime beaucoup ne sont probablement pas achetés <eos>,13,achetés,achetées,11,M,S,achetés,-8.922659,achetées,-13.50004,1
7486,P_NOUN_8_PASS_b,M,P,les cahiers avec le légume que j' aime beaucoup ne sont probablement pas brisés <eos>,13,brisés,brisées,11,M,S,brisés,-11.573493,brisées,-13.305943,1
7487,P_NOUN_8_PASS_b,M,P,les cahiers avec le légume que j' aime beaucoup ne sont probablement pas cachés <eos>,13,cachés,cachées,11,M,S,cachés,-9.205551,cachées,-12.720388,1
7488,P_NOUN_8_PASS_b,M,P,les cahiers avec le légume que j' aime beaucoup ne sont probablement pas cassés <eos>,13,cassés,cassées,11,M,S,cassés,-10.846378,cassées,-12.427664,1
7489,P_NOUN_8_PASS_b,M,P,les cahiers avec le légume que j' aime beaucoup ne sont probablement pas couverts <eos>,13,couverts,couvertes,11,M,S,couverts,-7.0391717,couvertes,-12.021807,1
7490,P_NOUN_8_PASS_b,M,P,les cahiers avec le légume que j' aime beaucoup ne sont probablement pas déformés <eos>,13,déformés,déformées,11,M,S,déformés,-12.029213,déformées,-12.055941,1
7491,P_NOUN_8_PASS_b,M,P,les cahiers avec le légume que j' aime beaucoup ne sont probablement pas fixés <eos>,13,fixés,fixées,11,M,S,fixés,-9.946707,fixées,-12.194095,1
7492,P_NOUN_8_PASS_b,M,P,les cahiers avec le légume que j' aime beaucoup ne sont probablement pas jetés <eos>,13,jetés,jetées,11,M,S,jetés,-10.074293,jetées,-13.2136545,1
7493,P_NOUN_8_PASS_b,M,P,les cahiers avec le légume que j' aime beaucoup ne sont probablement pas laissés <eos>,13,laissés,laissées,11,M,S,laissés,-8.091072,laissées,-11.653835,1
7494,P_NOUN_8_PASS_b,M,P,les cahiers avec le légume que j' aime beaucoup ne sont probablement pas ouverts <eos>,13,ouverts,ouvertes,11,M,S,ouverts,-7.255041,ouvertes,-11.296877,1
7495,P_NOUN_8_PASS_b,M,P,les cahiers avec le légume que j' aime beaucoup ne sont probablement pas perdus <eos>,13,perdus,perdues,11,M,S,perdus,-6.360771,perdues,-10.033781,1
7496,P_NOUN_8_PASS_b,M,P,les cahiers avec le légume que j' aime beaucoup ne sont probablement pas réparés <eos>,13,réparés,réparées,11,M,S,réparés,-12.106752,réparées,-13.685015,1
7497,P_NOUN_8_PASS_b,M,P,les cahiers avec le légume que j' aime beaucoup ne sont probablement pas retirés <eos>,13,retirés,retirées,11,M,S,retirés,-9.333952,retirées,-11.944557,1
7498,P_NOUN_8_PASS_b,M,P,les cahiers avec le légume que j' aime beaucoup ne sont probablement pas tombés <eos>,13,tombés,tombées,11,M,S,tombés,-7.6121206,tombées,-11.350523,1
7499,P_NOUN_8_PASS_b,M,P,les cahiers avec le légume que j' aime beaucoup ne sont probablement pas utilisés <eos>,13,utilisés,utilisées,11,M,S,utilisés,-6.0170145,utilisées,-10.014685,1
7500,P_NOUN_8_PASS_b,M,P,les micros avec le bracelet que j' aime beaucoup ne sont probablement pas achetés <eos>,13,achetés,achetées,11,M,S,achetés,-9.483544,achetées,-13.35697,1
7501,P_NOUN_8_PASS_b,M,P,les micros avec le bracelet que j' aime beaucoup ne sont probablement pas brisés <eos>,13,brisés,brisées,11,M,S,brisés,-10.246717,brisées,-11.406118,1
7502,P_NOUN_8_PASS_b,M,P,les micros avec le bracelet que j' aime beaucoup ne sont probablement pas cachés <eos>,13,cachés,cachées,11,M,S,cachés,-8.0248375,cachées,-11.862893,1
7503,P_NOUN_8_PASS_b,M,P,les micros avec le bracelet que j' aime beaucoup ne sont probablement pas cassés <eos>,13,cassés,cassées,11,M,S,cassés,-10.045298,cassées,-11.129379,1
7504,P_NOUN_8_PASS_b,M,P,les micros avec le bracelet que j' aime beaucoup ne sont probablement pas couverts <eos>,13,couverts,couvertes,11,M,S,couverts,-7.428005,couvertes,-12.006804,1
7505,P_NOUN_8_PASS_b,M,P,les micros avec le bracelet que j' aime beaucoup ne sont probablement pas déformés <eos>,13,déformés,déformées,11,M,S,déformés,-11.389943,déformées,-10.926675,0
7506,P_NOUN_8_PASS_b,M,P,les micros avec le bracelet que j' aime beaucoup ne sont probablement pas fixés <eos>,13,fixés,fixées,11,M,S,fixés,-7.3935566,fixées,-10.456812,1
7507,P_NOUN_8_PASS_b,M,P,les micros avec le bracelet que j' aime beaucoup ne sont probablement pas jetés <eos>,13,jetés,jetées,11,M,S,jetés,-8.072587,jetées,-11.916032,1
7508,P_NOUN_8_PASS_b,M,P,les micros avec le bracelet que j' aime beaucoup ne sont probablement pas laissés <eos>,13,laissés,laissées,11,M,S,laissés,-9.037175,laissées,-11.644716,1
7509,P_NOUN_8_PASS_b,M,P,les micros avec le bracelet que j' aime beaucoup ne sont probablement pas ouverts <eos>,13,ouverts,ouvertes,11,M,S,ouverts,-8.099357,ouvertes,-12.039538,1
7510,P_NOUN_8_PASS_b,M,P,les micros avec le bracelet que j' aime beaucoup ne sont probablement pas perdus <eos>,13,perdus,perdues,11,M,S,perdus,-6.6213636,perdues,-10.696985,1
7511,P_NOUN_8_PASS_b,M,P,les micros avec le bracelet que j' aime beaucoup ne sont probablement pas réparés <eos>,13,réparés,réparées,11,M,S,réparés,-11.361545,réparées,-12.844808,1
7512,P_NOUN_8_PASS_b,M,P,les micros avec le bracelet que j' aime beaucoup ne sont probablement pas retirés <eos>,13,retirés,retirées,11,M,S,retirés,-8.503065,retirées,-10.972622,1
7513,P_NOUN_8_PASS_b,M,P,les micros avec le bracelet que j' aime beaucoup ne sont probablement pas tombés <eos>,13,tombés,tombées,11,M,S,tombés,-6.571023,tombées,-11.485408,1
7514,P_NOUN_8_PASS_b,M,P,les micros avec le bracelet que j' aime beaucoup ne sont probablement pas utilisés <eos>,13,utilisés,utilisées,11,M,S,utilisés,-4.309307,utilisées,-8.520788,1
7515,P_NOUN_8_PASS_b,M,P,les micros avec le miroir que j' aime beaucoup ne sont probablement pas achetés <eos>,13,achetés,achetées,11,M,S,achetés,-9.957699,achetées,-14.353453,1
7516,P_NOUN_8_PASS_b,M,P,les micros avec le miroir que j' aime beaucoup ne sont probablement pas brisés <eos>,13,brisés,brisées,11,M,S,brisés,-10.336138,brisées,-11.84266,1
7517,P_NOUN_8_PASS_b,M,P,les micros avec le miroir que j' aime beaucoup ne sont probablement pas cachés <eos>,13,cachés,cachées,11,M,S,cachés,-8.50803,cachées,-11.745562,1
7518,P_NOUN_8_PASS_b,M,P,les micros avec le miroir que j' aime beaucoup ne sont probablement pas cassés <eos>,13,cassés,cassées,11,M,S,cassés,-10.481916,cassées,-11.40197,1
7519,P_NOUN_8_PASS_b,M,P,les micros avec le miroir que j' aime beaucoup ne sont probablement pas couverts <eos>,13,couverts,couvertes,11,M,S,couverts,-7.193822,couvertes,-11.688877,1
7520,P_NOUN_8_PASS_b,M,P,les micros avec le miroir que j' aime beaucoup ne sont probablement pas déformés <eos>,13,déformés,déformées,11,M,S,déformés,-10.490923,déformées,-10.0085745,0
7521,P_NOUN_8_PASS_b,M,P,les micros avec le miroir que j' aime beaucoup ne sont probablement pas fixés <eos>,13,fixés,fixées,11,M,S,fixés,-7.9557285,fixées,-10.997373,1
7522,P_NOUN_8_PASS_b,M,P,les micros avec le miroir que j' aime beaucoup ne sont probablement pas jetés <eos>,13,jetés,jetées,11,M,S,jetés,-8.985773,jetées,-12.581108,1
7523,P_NOUN_8_PASS_b,M,P,les micros avec le miroir que j' aime beaucoup ne sont probablement pas laissés <eos>,13,laissés,laissées,11,M,S,laissés,-9.0726795,laissées,-11.622395,1
7524,P_NOUN_8_PASS_b,M,P,les micros avec le miroir que j' aime beaucoup ne sont probablement pas ouverts <eos>,13,ouverts,ouvertes,11,M,S,ouverts,-7.541953,ouvertes,-11.71889,1
7525,P_NOUN_8_PASS_b,M,P,les micros avec le miroir que j' aime beaucoup ne sont probablement pas perdus <eos>,13,perdus,perdues,11,M,S,perdus,-6.762379,perdues,-10.79262,1
7526,P_NOUN_8_PASS_b,M,P,les micros avec le miroir que j' aime beaucoup ne sont probablement pas réparés <eos>,13,réparés,réparées,11,M,S,réparés,-11.686119,réparées,-12.908852,1
7527,P_NOUN_8_PASS_b,M,P,les micros avec le miroir que j' aime beaucoup ne sont probablement pas retirés <eos>,13,retirés,retirées,11,M,S,retirés,-9.321663,retirées,-11.252045,1
7528,P_NOUN_8_PASS_b,M,P,les micros avec le miroir que j' aime beaucoup ne sont probablement pas tombés <eos>,13,tombés,tombées,11,M,S,tombés,-7.825583,tombées,-11.602997,1
7529,P_NOUN_8_PASS_b,M,P,les micros avec le miroir que j' aime beaucoup ne sont probablement pas utilisés <eos>,13,utilisés,utilisées,11,M,S,utilisés,-4.6182613,utilisées,-8.790763,1
7530,P_NOUN_8_PASS_b,M,P,les micros avec le crayon que j' aime beaucoup ne sont probablement pas achetés <eos>,13,achetés,achetées,11,M,S,achetés,-9.198297,achetées,-13.595938,1
7531,P_NOUN_8_PASS_b,M,P,les micros avec le crayon que j' aime beaucoup ne sont probablement pas brisés <eos>,13,brisés,brisées,11,M,S,brisés,-10.734407,brisées,-12.062328,1
7532,P_NOUN_8_PASS_b,M,P,les micros avec le crayon que j' aime beaucoup ne sont probablement pas cachés <eos>,13,cachés,cachées,11,M,S,cachés,-8.295492,cachées,-12.056768,1
7533,P_NOUN_8_PASS_b,M,P,les micros avec le crayon que j' aime beaucoup ne sont probablement pas cassés <eos>,13,cassés,cassées,11,M,S,cassés,-9.9835,cassées,-11.230835,1
7534,P_NOUN_8_PASS_b,M,P,les micros avec le crayon que j' aime beaucoup ne sont probablement pas couverts <eos>,13,couverts,couvertes,11,M,S,couverts,-7.058421,couvertes,-11.597605,1
7535,P_NOUN_8_PASS_b,M,P,les micros avec le crayon que j' aime beaucoup ne sont probablement pas déformés <eos>,13,déformés,déformées,11,M,S,déformés,-11.149729,déformées,-10.344053,0
7536,P_NOUN_8_PASS_b,M,P,les micros avec le crayon que j' aime beaucoup ne sont probablement pas fixés <eos>,13,fixés,fixées,11,M,S,fixés,-8.053467,fixées,-10.929764,1
7537,P_NOUN_8_PASS_b,M,P,les micros avec le crayon que j' aime beaucoup ne sont probablement pas jetés <eos>,13,jetés,jetées,11,M,S,jetés,-8.846026,jetées,-12.289895,1
7538,P_NOUN_8_PASS_b,M,P,les micros avec le crayon que j' aime beaucoup ne sont probablement pas laissés <eos>,13,laissés,laissées,11,M,S,laissés,-8.640829,laissées,-11.420752,1
7539,P_NOUN_8_PASS_b,M,P,les micros avec le crayon que j' aime beaucoup ne sont probablement pas ouverts <eos>,13,ouverts,ouvertes,11,M,S,ouverts,-7.9754715,ouvertes,-12.093303,1
7540,P_NOUN_8_PASS_b,M,P,les micros avec le crayon que j' aime beaucoup ne sont probablement pas perdus <eos>,13,perdus,perdues,11,M,S,perdus,-7.1456146,perdues,-10.6796665,1
7541,P_NOUN_8_PASS_b,M,P,les micros avec le crayon que j' aime beaucoup ne sont probablement pas réparés <eos>,13,réparés,réparées,11,M,S,réparés,-11.260736,réparées,-12.18895,1
7542,P_NOUN_8_PASS_b,M,P,les micros avec le crayon que j' aime beaucoup ne sont probablement pas retirés <eos>,13,retirés,retirées,11,M,S,retirés,-9.049682,retirées,-10.708367,1
7543,P_NOUN_8_PASS_b,M,P,les micros avec le crayon que j' aime beaucoup ne sont probablement pas tombés <eos>,13,tombés,tombées,11,M,S,tombés,-7.9138184,tombées,-11.355985,1
7544,P_NOUN_8_PASS_b,M,P,les micros avec le crayon que j' aime beaucoup ne sont probablement pas utilisés <eos>,13,utilisés,utilisées,11,M,S,utilisés,-4.423403,utilisées,-8.50519,1
7545,P_NOUN_8_PASS_b,M,P,les micros avec le rideau que j' aime beaucoup ne sont probablement pas achetés <eos>,13,achetés,achetées,11,M,S,achetés,-10.25887,achetées,-14.511729,1
7546,P_NOUN_8_PASS_b,M,P,les micros avec le rideau que j' aime beaucoup ne sont probablement pas brisés <eos>,13,brisés,brisées,11,M,S,brisés,-10.520144,brisées,-12.132689,1
7547,P_NOUN_8_PASS_b,M,P,les micros avec le rideau que j' aime beaucoup ne sont probablement pas cachés <eos>,13,cachés,cachées,11,M,S,cachés,-8.945573,cachées,-11.864587,1
7548,P_NOUN_8_PASS_b,M,P,les micros avec le rideau que j' aime beaucoup ne sont probablement pas cassés <eos>,13,cassés,cassées,11,M,S,cassés,-10.81977,cassées,-11.514445,1
7549,P_NOUN_8_PASS_b,M,P,les micros avec le rideau que j' aime beaucoup ne sont probablement pas couverts <eos>,13,couverts,couvertes,11,M,S,couverts,-7.0963655,couvertes,-11.561848,1
7550,P_NOUN_8_PASS_b,M,P,les micros avec le rideau que j' aime beaucoup ne sont probablement pas déformés <eos>,13,déformés,déformées,11,M,S,déformés,-10.6950865,déformées,-10.681314,0
7551,P_NOUN_8_PASS_b,M,P,les micros avec le rideau que j' aime beaucoup ne sont probablement pas fixés <eos>,13,fixés,fixées,11,M,S,fixés,-7.9161463,fixées,-10.862486,1
7552,P_NOUN_8_PASS_b,M,P,les micros avec le rideau que j' aime beaucoup ne sont probablement pas jetés <eos>,13,jetés,jetées,11,M,S,jetés,-8.963466,jetées,-12.459634,1
7553,P_NOUN_8_PASS_b,M,P,les micros avec le rideau que j' aime beaucoup ne sont probablement pas laissés <eos>,13,laissés,laissées,11,M,S,laissés,-9.097222,laissées,-11.807782,1
7554,P_NOUN_8_PASS_b,M,P,les micros avec le rideau que j' aime beaucoup ne sont probablement pas ouverts <eos>,13,ouverts,ouvertes,11,M,S,ouverts,-7.5104,ouvertes,-11.6044655,1
7555,P_NOUN_8_PASS_b,M,P,les micros avec le rideau que j' aime beaucoup ne sont probablement pas perdus <eos>,13,perdus,perdues,11,M,S,perdus,-7.4230943,perdues,-11.342461,1
7556,P_NOUN_8_PASS_b,M,P,les micros avec le rideau que j' aime beaucoup ne sont probablement pas réparés <eos>,13,réparés,réparées,11,M,S,réparés,-11.249524,réparées,-12.798039,1
7557,P_NOUN_8_PASS_b,M,P,les micros avec le rideau que j' aime beaucoup ne sont probablement pas retirés <eos>,13,retirés,retirées,11,M,S,retirés,-9.562945,retirées,-11.3903265,1
7558,P_NOUN_8_PASS_b,M,P,les micros avec le rideau que j' aime beaucoup ne sont probablement pas tombés <eos>,13,tombés,tombées,11,M,S,tombés,-7.7250233,tombées,-11.645428,1
7559,P_NOUN_8_PASS_b,M,P,les micros avec le rideau que j' aime beaucoup ne sont probablement pas utilisés <eos>,13,utilisés,utilisées,11,M,S,utilisés,-4.7978115,utilisées,-8.963578,1
7560,P_NOUN_8_PASS_b,M,P,les micros avec le cahier que j' aime beaucoup ne sont probablement pas achetés <eos>,13,achetés,achetées,11,M,S,achetés,-9.4833555,achetées,-14.06088,1
7561,P_NOUN_8_PASS_b,M,P,les micros avec le cahier que j' aime beaucoup ne sont probablement pas brisés <eos>,13,brisés,brisées,11,M,S,brisés,-11.034397,brisées,-12.854164,1
7562,P_NOUN_8_PASS_b,M,P,les micros avec le cahier que j' aime beaucoup ne sont probablement pas cachés <eos>,13,cachés,cachées,11,M,S,cachés,-8.793778,cachées,-12.648723,1
7563,P_NOUN_8_PASS_b,M,P,les micros avec le cahier que j' aime beaucoup ne sont probablement pas cassés <eos>,13,cassés,cassées,11,M,S,cassés,-11.346517,cassées,-12.350295,1
7564,P_NOUN_8_PASS_b,M,P,les micros avec le cahier que j' aime beaucoup ne sont probablement pas couverts <eos>,13,couverts,couvertes,11,M,S,couverts,-7.039715,couvertes,-12.177086,1
7565,P_NOUN_8_PASS_b,M,P,les micros avec le cahier que j' aime beaucoup ne sont probablement pas déformés <eos>,13,déformés,déformées,11,M,S,déformés,-10.898184,déformées,-10.991011,1
7566,P_NOUN_8_PASS_b,M,P,les micros avec le cahier que j' aime beaucoup ne sont probablement pas fixés <eos>,13,fixés,fixées,11,M,S,fixés,-8.141425,fixées,-11.324895,1
7567,P_NOUN_8_PASS_b,M,P,les micros avec le cahier que j' aime beaucoup ne sont probablement pas jetés <eos>,13,jetés,jetées,11,M,S,jetés,-9.405565,jetées,-13.313688,1
7568,P_NOUN_8_PASS_b,M,P,les micros avec le cahier que j' aime beaucoup ne sont probablement pas laissés <eos>,13,laissés,laissées,11,M,S,laissés,-9.00178,laissées,-12.425061,1
7569,P_NOUN_8_PASS_b,M,P,les micros avec le cahier que j' aime beaucoup ne sont probablement pas ouverts <eos>,13,ouverts,ouvertes,11,M,S,ouverts,-7.0783663,ouvertes,-11.682788,1
7570,P_NOUN_8_PASS_b,M,P,les micros avec le cahier que j' aime beaucoup ne sont probablement pas perdus <eos>,13,perdus,perdues,11,M,S,perdus,-6.562546,perdues,-10.688827,1
7571,P_NOUN_8_PASS_b,M,P,les micros avec le cahier que j' aime beaucoup ne sont probablement pas réparés <eos>,13,réparés,réparées,11,M,S,réparés,-11.734168,réparées,-13.065951,1
7572,P_NOUN_8_PASS_b,M,P,les micros avec le cahier que j' aime beaucoup ne sont probablement pas retirés <eos>,13,retirés,retirées,11,M,S,retirés,-9.101341,retirées,-11.402644,1
7573,P_NOUN_8_PASS_b,M,P,les micros avec le cahier que j' aime beaucoup ne sont probablement pas tombés <eos>,13,tombés,tombées,11,M,S,tombés,-7.5885067,tombées,-12.098481,1
7574,P_NOUN_8_PASS_b,M,P,les micros avec le cahier que j' aime beaucoup ne sont probablement pas utilisés <eos>,13,utilisés,utilisées,11,M,S,utilisés,-4.770054,utilisées,-9.144411,1
7575,P_NOUN_8_PASS_b,M,P,les micros avec le micro que j' aime beaucoup ne sont probablement pas achetés <eos>,13,achetés,achetées,11,M,S,achetés,-9.846718,achetées,-14.280855,1
7576,P_NOUN_8_PASS_b,M,P,les micros avec le micro que j' aime beaucoup ne sont probablement pas brisés <eos>,13,brisés,brisées,11,M,S,brisés,-10.584125,brisées,-12.050179,1
7577,P_NOUN_8_PASS_b,M,P,les micros avec le micro que j' aime beaucoup ne sont probablement pas cachés <eos>,13,cachés,cachées,11,M,S,cachés,-8.538638,cachées,-11.938536,1
7578,P_NOUN_8_PASS_b,M,P,les micros avec le micro que j' aime beaucoup ne sont probablement pas cassés <eos>,13,cassés,cassées,11,M,S,cassés,-10.814283,cassées,-11.698307,1
7579,P_NOUN_8_PASS_b,M,P,les micros avec le micro que j' aime beaucoup ne sont probablement pas couverts <eos>,13,couverts,couvertes,11,M,S,couverts,-7.1716805,couvertes,-11.710138,1
7580,P_NOUN_8_PASS_b,M,P,les micros avec le micro que j' aime beaucoup ne sont probablement pas déformés <eos>,13,déformés,déformées,11,M,S,déformés,-10.830894,déformées,-10.798031,0
7581,P_NOUN_8_PASS_b,M,P,les micros avec le micro que j' aime beaucoup ne sont probablement pas fixés <eos>,13,fixés,fixées,11,M,S,fixés,-7.7783175,fixées,-11.314173,1
7582,P_NOUN_8_PASS_b,M,P,les micros avec le micro que j' aime beaucoup ne sont probablement pas jetés <eos>,13,jetés,jetées,11,M,S,jetés,-8.998167,jetées,-12.670734,1
7583,P_NOUN_8_PASS_b,M,P,les micros avec le micro que j' aime beaucoup ne sont probablement pas laissés <eos>,13,laissés,laissées,11,M,S,laissés,-9.131932,laissées,-11.662464,1
7584,P_NOUN_8_PASS_b,M,P,les micros avec le micro que j' aime beaucoup ne sont probablement pas ouverts <eos>,13,ouverts,ouvertes,11,M,S,ouverts,-7.6171503,ouvertes,-11.669345,1
7585,P_NOUN_8_PASS_b,M,P,les micros avec le micro que j' aime beaucoup ne sont probablement pas perdus <eos>,13,perdus,perdues,11,M,S,perdus,-7.193621,perdues,-11.281746,1
7586,P_NOUN_8_PASS_b,M,P,les micros avec le micro que j' aime beaucoup ne sont probablement pas réparés <eos>,13,réparés,réparées,11,M,S,réparés,-11.4004545,réparées,-12.886124,1
7587,P_NOUN_8_PASS_b,M,P,les micros avec le micro que j' aime beaucoup ne sont probablement pas retirés <eos>,13,retirés,retirées,11,M,S,retirés,-9.486576,retirées,-11.399381,1
7588,P_NOUN_8_PASS_b,M,P,les micros avec le micro que j' aime beaucoup ne sont probablement pas tombés <eos>,13,tombés,tombées,11,M,S,tombés,-8.1549835,tombées,-11.952555,1
7589,P_NOUN_8_PASS_b,M,P,les micros avec le micro que j' aime beaucoup ne sont probablement pas utilisés <eos>,13,utilisés,utilisées,11,M,S,utilisés,-4.672512,utilisées,-8.860872,1
7590,P_NOUN_8_PASS_b,M,P,les micros avec le sac que j' aime beaucoup ne sont probablement pas achetés <eos>,13,achetés,achetées,11,M,S,achetés,-9.660821,achetées,-14.0832,1
7591,P_NOUN_8_PASS_b,M,P,les micros avec le sac que j' aime beaucoup ne sont probablement pas brisés <eos>,13,brisés,brisées,11,M,S,brisés,-10.627731,brisées,-12.092575,1
7592,P_NOUN_8_PASS_b,M,P,les micros avec le sac que j' aime beaucoup ne sont probablement pas cachés <eos>,13,cachés,cachées,11,M,S,cachés,-8.334709,cachées,-11.801518,1
7593,P_NOUN_8_PASS_b,M,P,les micros avec le sac que j' aime beaucoup ne sont probablement pas cassés <eos>,13,cassés,cassées,11,M,S,cassés,-10.629131,cassées,-11.151129,1
7594,P_NOUN_8_PASS_b,M,P,les micros avec le sac que j' aime beaucoup ne sont probablement pas couverts <eos>,13,couverts,couvertes,11,M,S,couverts,-7.047961,couvertes,-11.579009,1
7595,P_NOUN_8_PASS_b,M,P,les micros avec le sac que j' aime beaucoup ne sont probablement pas déformés <eos>,13,déformés,déformées,11,M,S,déformés,-11.029619,déformées,-10.720404,0
7596,P_NOUN_8_PASS_b,M,P,les micros avec le sac que j' aime beaucoup ne sont probablement pas fixés <eos>,13,fixés,fixées,11,M,S,fixés,-8.030679,fixées,-11.095819,1
7597,P_NOUN_8_PASS_b,M,P,les micros avec le sac que j' aime beaucoup ne sont probablement pas jetés <eos>,13,jetés,jetées,11,M,S,jetés,-8.69426,jetées,-12.112271,1
7598,P_NOUN_8_PASS_b,M,P,les micros avec le sac que j' aime beaucoup ne sont probablement pas laissés <eos>,13,laissés,laissées,11,M,S,laissés,-8.85018,laissées,-11.58576,1
7599,P_NOUN_8_PASS_b,M,P,les micros avec le sac que j' aime beaucoup ne sont probablement pas ouverts <eos>,13,ouverts,ouvertes,11,M,S,ouverts,-7.708247,ouvertes,-11.735093,1
7600,P_NOUN_8_PASS_b,M,P,les micros avec le sac que j' aime beaucoup ne sont probablement pas perdus <eos>,13,perdus,perdues,11,M,S,perdus,-7.007287,perdues,-10.850436,1
7601,P_NOUN_8_PASS_b,M,P,les micros avec le sac que j' aime beaucoup ne sont probablement pas réparés <eos>,13,réparés,réparées,11,M,S,réparés,-11.276693,réparées,-12.689304,1
7602,P_NOUN_8_PASS_b,M,P,les micros avec le sac que j' aime beaucoup ne sont probablement pas retirés <eos>,13,retirés,retirées,11,M,S,retirés,-9.158563,retirées,-11.243919,1
7603,P_NOUN_8_PASS_b,M,P,les micros avec le sac que j' aime beaucoup ne sont probablement pas tombés <eos>,13,tombés,tombées,11,M,S,tombés,-7.230011,tombées,-11.595924,1
7604,P_NOUN_8_PASS_b,M,P,les micros avec le sac que j' aime beaucoup ne sont probablement pas utilisés <eos>,13,utilisés,utilisées,11,M,S,utilisés,-4.41817,utilisées,-8.597689,1
7605,P_NOUN_8_PASS_b,M,P,les micros avec le clavier que j' aime beaucoup ne sont probablement pas achetés <eos>,13,achetés,achetées,11,M,S,achetés,-10.002756,achetées,-14.592859,1
7606,P_NOUN_8_PASS_b,M,P,les micros avec le clavier que j' aime beaucoup ne sont probablement pas brisés <eos>,13,brisés,brisées,11,M,S,brisés,-10.834717,brisées,-12.211451,1
7607,P_NOUN_8_PASS_b,M,P,les micros avec le clavier que j' aime beaucoup ne sont probablement pas cachés <eos>,13,cachés,cachées,11,M,S,cachés,-8.411015,cachées,-11.7336645,1
7608,P_NOUN_8_PASS_b,M,P,les micros avec le clavier que j' aime beaucoup ne sont probablement pas cassés <eos>,13,cassés,cassées,11,M,S,cassés,-10.858686,cassées,-11.73024,1
7609,P_NOUN_8_PASS_b,M,P,les micros avec le clavier que j' aime beaucoup ne sont probablement pas couverts <eos>,13,couverts,couvertes,11,M,S,couverts,-7.588373,couvertes,-11.938944,1
7610,P_NOUN_8_PASS_b,M,P,les micros avec le clavier que j' aime beaucoup ne sont probablement pas déformés <eos>,13,déformés,déformées,11,M,S,déformés,-10.86286,déformées,-10.3756275,0
7611,P_NOUN_8_PASS_b,M,P,les micros avec le clavier que j' aime beaucoup ne sont probablement pas fixés <eos>,13,fixés,fixées,11,M,S,fixés,-7.970532,fixées,-11.249573,1
7612,P_NOUN_8_PASS_b,M,P,les micros avec le clavier que j' aime beaucoup ne sont probablement pas jetés <eos>,13,jetés,jetées,11,M,S,jetés,-9.117732,jetées,-12.7941,1
7613,P_NOUN_8_PASS_b,M,P,les micros avec le clavier que j' aime beaucoup ne sont probablement pas laissés <eos>,13,laissés,laissées,11,M,S,laissés,-9.120254,laissées,-11.90805,1
7614,P_NOUN_8_PASS_b,M,P,les micros avec le clavier que j' aime beaucoup ne sont probablement pas ouverts <eos>,13,ouverts,ouvertes,11,M,S,ouverts,-7.944508,ouvertes,-11.846708,1
7615,P_NOUN_8_PASS_b,M,P,les micros avec le clavier que j' aime beaucoup ne sont probablement pas perdus <eos>,13,perdus,perdues,11,M,S,perdus,-7.231529,perdues,-11.050253,1
7616,P_NOUN_8_PASS_b,M,P,les micros avec le clavier que j' aime beaucoup ne sont probablement pas réparés <eos>,13,réparés,réparées,11,M,S,réparés,-11.7553425,réparées,-13.047409,1
7617,P_NOUN_8_PASS_b,M,P,les micros avec le clavier que j' aime beaucoup ne sont probablement pas retirés <eos>,13,retirés,retirées,11,M,S,retirés,-9.687137,retirées,-11.483191,1
7618,P_NOUN_8_PASS_b,M,P,les micros avec le clavier que j' aime beaucoup ne sont probablement pas tombés <eos>,13,tombés,tombées,11,M,S,tombés,-8.144963,tombées,-11.992936,1
7619,P_NOUN_8_PASS_b,M,P,les micros avec le clavier que j' aime beaucoup ne sont probablement pas utilisés <eos>,13,utilisés,utilisées,11,M,S,utilisés,-4.4009743,utilisées,-8.594622,1
7620,P_NOUN_8_PASS_b,M,P,les micros avec le raisin que j' aime beaucoup ne sont probablement pas achetés <eos>,13,achetés,achetées,11,M,S,achetés,-8.73428,achetées,-13.156492,1
7621,P_NOUN_8_PASS_b,M,P,les micros avec le raisin que j' aime beaucoup ne sont probablement pas brisés <eos>,13,brisés,brisées,11,M,S,brisés,-10.700226,brisées,-12.22996,1
7622,P_NOUN_8_PASS_b,M,P,les micros avec le raisin que j' aime beaucoup ne sont probablement pas cachés <eos>,13,cachés,cachées,11,M,S,cachés,-8.617819,cachées,-12.106197,1
7623,P_NOUN_8_PASS_b,M,P,les micros avec le raisin que j' aime beaucoup ne sont probablement pas cassés <eos>,13,cassés,cassées,11,M,S,cassés,-9.132067,cassées,-11.115819,1
7624,P_NOUN_8_PASS_b,M,P,les micros avec le raisin que j' aime beaucoup ne sont probablement pas couverts <eos>,13,couverts,couvertes,11,M,S,couverts,-6.3812428,couvertes,-11.211465,1
7625,P_NOUN_8_PASS_b,M,P,les micros avec le raisin que j' aime beaucoup ne sont probablement pas déformés <eos>,13,déformés,déformées,11,M,S,déformés,-11.891756,déformées,-11.3544,0
7626,P_NOUN_8_PASS_b,M,P,les micros avec le raisin que j' aime beaucoup ne sont probablement pas fixés <eos>,13,fixés,fixées,11,M,S,fixés,-7.651888,fixées,-10.8438635,1
7627,P_NOUN_8_PASS_b,M,P,les micros avec le raisin que j' aime beaucoup ne sont probablement pas jetés <eos>,13,jetés,jetées,11,M,S,jetés,-9.367236,jetées,-13.192305,1
7628,P_NOUN_8_PASS_b,M,P,les micros avec le raisin que j' aime beaucoup ne sont probablement pas laissés <eos>,13,laissés,laissées,11,M,S,laissés,-8.65453,laissées,-11.314474,1
7629,P_NOUN_8_PASS_b,M,P,les micros avec le raisin que j' aime beaucoup ne sont probablement pas ouverts <eos>,13,ouverts,ouvertes,11,M,S,ouverts,-8.562883,ouvertes,-11.90744,1
7630,P_NOUN_8_PASS_b,M,P,les micros avec le raisin que j' aime beaucoup ne sont probablement pas perdus <eos>,13,perdus,perdues,11,M,S,perdus,-7.572625,perdues,-10.948649,1
7631,P_NOUN_8_PASS_b,M,P,les micros avec le raisin que j' aime beaucoup ne sont probablement pas réparés <eos>,13,réparés,réparées,11,M,S,réparés,-11.399225,réparées,-12.582518,1
7632,P_NOUN_8_PASS_b,M,P,les micros avec le raisin que j' aime beaucoup ne sont probablement pas retirés <eos>,13,retirés,retirées,11,M,S,retirés,-8.636367,retirées,-10.690645,1
7633,P_NOUN_8_PASS_b,M,P,les micros avec le raisin que j' aime beaucoup ne sont probablement pas tombés <eos>,13,tombés,tombées,11,M,S,tombés,-7.3565373,tombées,-10.791685,1
7634,P_NOUN_8_PASS_b,M,P,les micros avec le raisin que j' aime beaucoup ne sont probablement pas utilisés <eos>,13,utilisés,utilisées,11,M,S,utilisés,-4.1480436,utilisées,-8.243901,1
7635,P_NOUN_8_PASS_b,M,P,les micros avec le chargeur que j' aime beaucoup ne sont probablement pas achetés <eos>,13,achetés,achetées,11,M,S,achetés,-9.358288,achetées,-13.697853,1
7636,P_NOUN_8_PASS_b,M,P,les micros avec le chargeur que j' aime beaucoup ne sont probablement pas brisés <eos>,13,brisés,brisées,11,M,S,brisés,-11.045666,brisées,-12.309505,1
7637,P_NOUN_8_PASS_b,M,P,les micros avec le chargeur que j' aime beaucoup ne sont probablement pas cachés <eos>,13,cachés,cachées,11,M,S,cachés,-7.6318436,cachées,-11.740759,1
7638,P_NOUN_8_PASS_b,M,P,les micros avec le chargeur que j' aime beaucoup ne sont probablement pas cassés <eos>,13,cassés,cassées,11,M,S,cassés,-10.6131,cassées,-11.496501,1
7639,P_NOUN_8_PASS_b,M,P,les micros avec le chargeur que j' aime beaucoup ne sont probablement pas couverts <eos>,13,couverts,couvertes,11,M,S,couverts,-7.586481,couvertes,-11.579023,1
7640,P_NOUN_8_PASS_b,M,P,les micros avec le chargeur que j' aime beaucoup ne sont probablement pas déformés <eos>,13,déformés,déformées,11,M,S,déformés,-11.603303,déformées,-11.0825205,0
7641,P_NOUN_8_PASS_b,M,P,les micros avec le chargeur que j' aime beaucoup ne sont probablement pas fixés <eos>,13,fixés,fixées,11,M,S,fixés,-8.164171,fixées,-10.792185,1
7642,P_NOUN_8_PASS_b,M,P,les micros avec le chargeur que j' aime beaucoup ne sont probablement pas jetés <eos>,13,jetés,jetées,11,M,S,jetés,-8.983157,jetées,-12.666923,1
7643,P_NOUN_8_PASS_b,M,P,les micros avec le chargeur que j' aime beaucoup ne sont probablement pas laissés <eos>,13,laissés,laissées,11,M,S,laissés,-8.822763,laissées,-11.910181,1
7644,P_NOUN_8_PASS_b,M,P,les micros avec le chargeur que j' aime beaucoup ne sont probablement pas ouverts <eos>,13,ouverts,ouvertes,11,M,S,ouverts,-8.184246,ouvertes,-11.814089,1
7645,P_NOUN_8_PASS_b,M,P,les micros avec le chargeur que j' aime beaucoup ne sont probablement pas perdus <eos>,13,perdus,perdues,11,M,S,perdus,-7.163001,perdues,-10.558538,1
7646,P_NOUN_8_PASS_b,M,P,les micros avec le chargeur que j' aime beaucoup ne sont probablement pas réparés <eos>,13,réparés,réparées,11,M,S,réparés,-11.088108,réparées,-12.504392,1
7647,P_NOUN_8_PASS_b,M,P,les micros avec le chargeur que j' aime beaucoup ne sont probablement pas retirés <eos>,13,retirés,retirées,11,M,S,retirés,-8.146142,retirées,-10.900877,1
7648,P_NOUN_8_PASS_b,M,P,les micros avec le chargeur que j' aime beaucoup ne sont probablement pas tombés <eos>,13,tombés,tombées,11,M,S,tombés,-7.2615976,tombées,-11.458342,1
7649,P_NOUN_8_PASS_b,M,P,les micros avec le chargeur que j' aime beaucoup ne sont probablement pas utilisés <eos>,13,utilisés,utilisées,11,M,S,utilisés,-4.0329037,utilisées,-8.224405,1
7650,P_NOUN_8_PASS_b,M,P,les micros avec le vase que j' aime beaucoup ne sont probablement pas achetés <eos>,13,achetés,achetées,11,M,S,achetés,-9.396228,achetées,-13.775208,1
7651,P_NOUN_8_PASS_b,M,P,les micros avec le vase que j' aime beaucoup ne sont probablement pas brisés <eos>,13,brisés,brisées,11,M,S,brisés,-10.387742,brisées,-11.811423,1
7652,P_NOUN_8_PASS_b,M,P,les micros avec le vase que j' aime beaucoup ne sont probablement pas cachés <eos>,13,cachés,cachées,11,M,S,cachés,-8.315054,cachées,-11.749576,1
7653,P_NOUN_8_PASS_b,M,P,les micros avec le vase que j' aime beaucoup ne sont probablement pas cassés <eos>,13,cassés,cassées,11,M,S,cassés,-10.030619,cassées,-11.270647,1
7654,P_NOUN_8_PASS_b,M,P,les micros avec le vase que j' aime beaucoup ne sont probablement pas couverts <eos>,13,couverts,couvertes,11,M,S,couverts,-6.940544,couvertes,-11.370505,1
7655,P_NOUN_8_PASS_b,M,P,les micros avec le vase que j' aime beaucoup ne sont probablement pas déformés <eos>,13,déformés,déformées,11,M,S,déformés,-10.718087,déformées,-10.550161,0
7656,P_NOUN_8_PASS_b,M,P,les micros avec le vase que j' aime beaucoup ne sont probablement pas fixés <eos>,13,fixés,fixées,11,M,S,fixés,-7.835113,fixées,-11.266249,1
7657,P_NOUN_8_PASS_b,M,P,les micros avec le vase que j' aime beaucoup ne sont probablement pas jetés <eos>,13,jetés,jetées,11,M,S,jetés,-8.556886,jetées,-12.076093,1
7658,P_NOUN_8_PASS_b,M,P,les micros avec le vase que j' aime beaucoup ne sont probablement pas laissés <eos>,13,laissés,laissées,11,M,S,laissés,-8.641485,laissées,-11.299948,1
7659,P_NOUN_8_PASS_b,M,P,les micros avec le vase que j' aime beaucoup ne sont probablement pas ouverts <eos>,13,ouverts,ouvertes,11,M,S,ouverts,-7.359976,ouvertes,-11.611019,1
7660,P_NOUN_8_PASS_b,M,P,les micros avec le vase que j' aime beaucoup ne sont probablement pas perdus <eos>,13,perdus,perdues,11,M,S,perdus,-6.621598,perdues,-10.8018055,1
7661,P_NOUN_8_PASS_b,M,P,les micros avec le vase que j' aime beaucoup ne sont probablement pas réparés <eos>,13,réparés,réparées,11,M,S,réparés,-10.707458,réparées,-12.251506,1
7662,P_NOUN_8_PASS_b,M,P,les micros avec le vase que j' aime beaucoup ne sont probablement pas retirés <eos>,13,retirés,retirées,11,M,S,retirés,-9.114195,retirées,-11.05517,1
7663,P_NOUN_8_PASS_b,M,P,les micros avec le vase que j' aime beaucoup ne sont probablement pas tombés <eos>,13,tombés,tombées,11,M,S,tombés,-7.477084,tombées,-11.213578,1
7664,P_NOUN_8_PASS_b,M,P,les micros avec le vase que j' aime beaucoup ne sont probablement pas utilisés <eos>,13,utilisés,utilisées,11,M,S,utilisés,-4.917106,utilisées,-8.977257,1
7665,P_NOUN_8_PASS_b,M,P,les micros avec le panier que j' aime beaucoup ne sont probablement pas achetés <eos>,13,achetés,achetées,11,M,S,achetés,-9.087855,achetées,-13.177806,1
7666,P_NOUN_8_PASS_b,M,P,les micros avec le panier que j' aime beaucoup ne sont probablement pas brisés <eos>,13,brisés,brisées,11,M,S,brisés,-10.774595,brisées,-12.060112,1
7667,P_NOUN_8_PASS_b,M,P,les micros avec le panier que j' aime beaucoup ne sont probablement pas cachés <eos>,13,cachés,cachées,11,M,S,cachés,-8.514563,cachées,-12.225817,1
7668,P_NOUN_8_PASS_b,M,P,les micros avec le panier que j' aime beaucoup ne sont probablement pas cassés <eos>,13,cassés,cassées,11,M,S,cassés,-10.484306,cassées,-11.547436,1
7669,P_NOUN_8_PASS_b,M,P,les micros avec le panier que j' aime beaucoup ne sont probablement pas couverts <eos>,13,couverts,couvertes,11,M,S,couverts,-6.9757223,couvertes,-11.653785,1
7670,P_NOUN_8_PASS_b,M,P,les micros avec le panier que j' aime beaucoup ne sont probablement pas déformés <eos>,13,déformés,déformées,11,M,S,déformés,-11.520897,déformées,-10.885441,0
7671,P_NOUN_8_PASS_b,M,P,les micros avec le panier que j' aime beaucoup ne sont probablement pas fixés <eos>,13,fixés,fixées,11,M,S,fixés,-7.6198044,fixées,-11.16334,1
7672,P_NOUN_8_PASS_b,M,P,les micros avec le panier que j' aime beaucoup ne sont probablement pas jetés <eos>,13,jetés,jetées,11,M,S,jetés,-8.742843,jetées,-12.446269,1
7673,P_NOUN_8_PASS_b,M,P,les micros avec le panier que j' aime beaucoup ne sont probablement pas laissés <eos>,13,laissés,laissées,11,M,S,laissés,-8.895008,laissées,-11.32452,1
7674,P_NOUN_8_PASS_b,M,P,les micros avec le panier que j' aime beaucoup ne sont probablement pas ouverts <eos>,13,ouverts,ouvertes,11,M,S,ouverts,-7.4928346,ouvertes,-11.735323,1
7675,P_NOUN_8_PASS_b,M,P,les micros avec le panier que j' aime beaucoup ne sont probablement pas perdus <eos>,13,perdus,perdues,11,M,S,perdus,-6.878744,perdues,-10.78591,1
7676,P_NOUN_8_PASS_b,M,P,les micros avec le panier que j' aime beaucoup ne sont probablement pas réparés <eos>,13,réparés,réparées,11,M,S,réparés,-11.386552,réparées,-12.657439,1
7677,P_NOUN_8_PASS_b,M,P,les micros avec le panier que j' aime beaucoup ne sont probablement pas retirés <eos>,13,retirés,retirées,11,M,S,retirés,-8.938753,retirées,-11.1040325,1
7678,P_NOUN_8_PASS_b,M,P,les micros avec le panier que j' aime beaucoup ne sont probablement pas tombés <eos>,13,tombés,tombées,11,M,S,tombés,-7.766443,tombées,-11.95813,1
7679,P_NOUN_8_PASS_b,M,P,les micros avec le panier que j' aime beaucoup ne sont probablement pas utilisés <eos>,13,utilisés,utilisées,11,M,S,utilisés,-4.508024,utilisées,-8.64479,1
7680,P_NOUN_8_PASS_b,M,P,les micros avec le collier que j' aime beaucoup ne sont probablement pas achetés <eos>,13,achetés,achetées,11,M,S,achetés,-9.729865,achetées,-13.977051,1
7681,P_NOUN_8_PASS_b,M,P,les micros avec le collier que j' aime beaucoup ne sont probablement pas brisés <eos>,13,brisés,brisées,11,M,S,brisés,-10.523881,brisées,-11.969207,1
7682,P_NOUN_8_PASS_b,M,P,les micros avec le collier que j' aime beaucoup ne sont probablement pas cachés <eos>,13,cachés,cachées,11,M,S,cachés,-8.355667,cachées,-11.774481,1
7683,P_NOUN_8_PASS_b,M,P,les micros avec le collier que j' aime beaucoup ne sont probablement pas cassés <eos>,13,cassés,cassées,11,M,S,cassés,-10.646597,cassées,-11.2917,1
7684,P_NOUN_8_PASS_b,M,P,les micros avec le collier que j' aime beaucoup ne sont probablement pas couverts <eos>,13,couverts,couvertes,11,M,S,couverts,-7.3906603,couvertes,-11.892899,1
7685,P_NOUN_8_PASS_b,M,P,les micros avec le collier que j' aime beaucoup ne sont probablement pas déformés <eos>,13,déformés,déformées,11,M,S,déformés,-11.138118,déformées,-10.950322,0
7686,P_NOUN_8_PASS_b,M,P,les micros avec le collier que j' aime beaucoup ne sont probablement pas fixés <eos>,13,fixés,fixées,11,M,S,fixés,-7.980462,fixées,-11.127985,1
7687,P_NOUN_8_PASS_b,M,P,les micros avec le collier que j' aime beaucoup ne sont probablement pas jetés <eos>,13,jetés,jetées,11,M,S,jetés,-8.624764,jetées,-12.188163,1
7688,P_NOUN_8_PASS_b,M,P,les micros avec le collier que j' aime beaucoup ne sont probablement pas laissés <eos>,13,laissés,laissées,11,M,S,laissés,-9.052578,laissées,-11.798649,1
7689,P_NOUN_8_PASS_b,M,P,les micros avec le collier que j' aime beaucoup ne sont probablement pas ouverts <eos>,13,ouverts,ouvertes,11,M,S,ouverts,-7.902158,ouvertes,-12.067493,1
7690,P_NOUN_8_PASS_b,M,P,les micros avec le collier que j' aime beaucoup ne sont probablement pas perdus <eos>,13,perdus,perdues,11,M,S,perdus,-7.070801,perdues,-10.921081,1
7691,P_NOUN_8_PASS_b,M,P,les micros avec le collier que j' aime beaucoup ne sont probablement pas réparés <eos>,13,réparés,réparées,11,M,S,réparés,-11.46424,réparées,-13.038313,1
7692,P_NOUN_8_PASS_b,M,P,les micros avec le collier que j' aime beaucoup ne sont probablement pas retirés <eos>,13,retirés,retirées,11,M,S,retirés,-9.109298,retirées,-11.438332,1
7693,P_NOUN_8_PASS_b,M,P,les micros avec le collier que j' aime beaucoup ne sont probablement pas tombés <eos>,13,tombés,tombées,11,M,S,tombés,-7.139933,tombées,-11.748425,1
7694,P_NOUN_8_PASS_b,M,P,les micros avec le collier que j' aime beaucoup ne sont probablement pas utilisés <eos>,13,utilisés,utilisées,11,M,S,utilisés,-4.65158,utilisées,-8.937974,1
7695,P_NOUN_8_PASS_b,M,P,les micros avec le chapeau que j' aime beaucoup ne sont probablement pas achetés <eos>,13,achetés,achetées,11,M,S,achetés,-9.693201,achetées,-13.8940525,1
7696,P_NOUN_8_PASS_b,M,P,les micros avec le chapeau que j' aime beaucoup ne sont probablement pas brisés <eos>,13,brisés,brisées,11,M,S,brisés,-10.6431875,brisées,-12.098054,1
7697,P_NOUN_8_PASS_b,M,P,les micros avec le chapeau que j' aime beaucoup ne sont probablement pas cachés <eos>,13,cachés,cachées,11,M,S,cachés,-8.303303,cachées,-11.623859,1
7698,P_NOUN_8_PASS_b,M,P,les micros avec le chapeau que j' aime beaucoup ne sont probablement pas cassés <eos>,13,cassés,cassées,11,M,S,cassés,-10.639775,cassées,-11.266017,1
7699,P_NOUN_8_PASS_b,M,P,les micros avec le chapeau que j' aime beaucoup ne sont probablement pas couverts <eos>,13,couverts,couvertes,11,M,S,couverts,-7.16127,couvertes,-11.546166,1
7700,P_NOUN_8_PASS_b,M,P,les micros avec le chapeau que j' aime beaucoup ne sont probablement pas déformés <eos>,13,déformés,déformées,11,M,S,déformés,-11.0977745,déformées,-10.752789,0
7701,P_NOUN_8_PASS_b,M,P,les micros avec le chapeau que j' aime beaucoup ne sont probablement pas fixés <eos>,13,fixés,fixées,11,M,S,fixés,-8.169808,fixées,-11.411585,1
7702,P_NOUN_8_PASS_b,M,P,les micros avec le chapeau que j' aime beaucoup ne sont probablement pas jetés <eos>,13,jetés,jetées,11,M,S,jetés,-8.6084,jetées,-12.219666,1
7703,P_NOUN_8_PASS_b,M,P,les micros avec le chapeau que j' aime beaucoup ne sont probablement pas laissés <eos>,13,laissés,laissées,11,M,S,laissés,-8.912297,laissées,-11.653275,1
7704,P_NOUN_8_PASS_b,M,P,les micros avec le chapeau que j' aime beaucoup ne sont probablement pas ouverts <eos>,13,ouverts,ouvertes,11,M,S,ouverts,-7.5061717,ouvertes,-11.607603,1
7705,P_NOUN_8_PASS_b,M,P,les micros avec le chapeau que j' aime beaucoup ne sont probablement pas perdus <eos>,13,perdus,perdues,11,M,S,perdus,-7.1152086,perdues,-10.981021,1
7706,P_NOUN_8_PASS_b,M,P,les micros avec le chapeau que j' aime beaucoup ne sont probablement pas réparés <eos>,13,réparés,réparées,11,M,S,réparés,-11.517832,réparées,-12.892654,1
7707,P_NOUN_8_PASS_b,M,P,les micros avec le chapeau que j' aime beaucoup ne sont probablement pas retirés <eos>,13,retirés,retirées,11,M,S,retirés,-9.187872,retirées,-11.259532,1
7708,P_NOUN_8_PASS_b,M,P,les micros avec le chapeau que j' aime beaucoup ne sont probablement pas tombés <eos>,13,tombés,tombées,11,M,S,tombés,-7.369655,tombées,-11.611408,1
7709,P_NOUN_8_PASS_b,M,P,les micros avec le chapeau que j' aime beaucoup ne sont probablement pas utilisés <eos>,13,utilisés,utilisées,11,M,S,utilisés,-4.8195148,utilisées,-8.875795,1
7710,P_NOUN_8_PASS_b,M,P,les micros avec le pot que j' aime beaucoup ne sont probablement pas achetés <eos>,13,achetés,achetées,11,M,S,achetés,-9.474247,achetées,-13.817451,1
7711,P_NOUN_8_PASS_b,M,P,les micros avec le pot que j' aime beaucoup ne sont probablement pas brisés <eos>,13,brisés,brisées,11,M,S,brisés,-10.656859,brisées,-12.097032,1
7712,P_NOUN_8_PASS_b,M,P,les micros avec le pot que j' aime beaucoup ne sont probablement pas cachés <eos>,13,cachés,cachées,11,M,S,cachés,-8.499494,cachées,-11.999382,1
7713,P_NOUN_8_PASS_b,M,P,les micros avec le pot que j' aime beaucoup ne sont probablement pas cassés <eos>,13,cassés,cassées,11,M,S,cassés,-10.389332,cassées,-11.535748,1
7714,P_NOUN_8_PASS_b,M,P,les micros avec le pot que j' aime beaucoup ne sont probablement pas couverts <eos>,13,couverts,couvertes,11,M,S,couverts,-6.85091,couvertes,-11.479652,1
7715,P_NOUN_8_PASS_b,M,P,les micros avec le pot que j' aime beaucoup ne sont probablement pas déformés <eos>,13,déformés,déformées,11,M,S,déformés,-11.134512,déformées,-10.923153,0
7716,P_NOUN_8_PASS_b,M,P,les micros avec le pot que j' aime beaucoup ne sont probablement pas fixés <eos>,13,fixés,fixées,11,M,S,fixés,-7.7601385,fixées,-11.194235,1
7717,P_NOUN_8_PASS_b,M,P,les micros avec le pot que j' aime beaucoup ne sont probablement pas jetés <eos>,13,jetés,jetées,11,M,S,jetés,-8.85179,jetées,-12.4298935,1
7718,P_NOUN_8_PASS_b,M,P,les micros avec le pot que j' aime beaucoup ne sont probablement pas laissés <eos>,13,laissés,laissées,11,M,S,laissés,-8.812384,laissées,-11.336809,1
7719,P_NOUN_8_PASS_b,M,P,les micros avec le pot que j' aime beaucoup ne sont probablement pas ouverts <eos>,13,ouverts,ouvertes,11,M,S,ouverts,-7.781836,ouvertes,-11.856775,1
7720,P_NOUN_8_PASS_b,M,P,les micros avec le pot que j' aime beaucoup ne sont probablement pas perdus <eos>,13,perdus,perdues,11,M,S,perdus,-6.98525,perdues,-10.968435,1
7721,P_NOUN_8_PASS_b,M,P,les micros avec le pot que j' aime beaucoup ne sont probablement pas réparés <eos>,13,réparés,réparées,11,M,S,réparés,-11.061632,réparées,-12.594211,1
7722,P_NOUN_8_PASS_b,M,P,les micros avec le pot que j' aime beaucoup ne sont probablement pas retirés <eos>,13,retirés,retirées,11,M,S,retirés,-9.235811,retirées,-11.169304,1
7723,P_NOUN_8_PASS_b,M,P,les micros avec le pot que j' aime beaucoup ne sont probablement pas tombés <eos>,13,tombés,tombées,11,M,S,tombés,-7.4918904,tombées,-11.537405,1
7724,P_NOUN_8_PASS_b,M,P,les micros avec le pot que j' aime beaucoup ne sont probablement pas utilisés <eos>,13,utilisés,utilisées,11,M,S,utilisés,-4.551523,utilisées,-8.742751,1
7725,P_NOUN_8_PASS_b,M,P,les micros avec le coussin que j' aime beaucoup ne sont probablement pas achetés <eos>,13,achetés,achetées,11,M,S,achetés,-10.11414,achetées,-14.367508,1
7726,P_NOUN_8_PASS_b,M,P,les micros avec le coussin que j' aime beaucoup ne sont probablement pas brisés <eos>,13,brisés,brisées,11,M,S,brisés,-10.594343,brisées,-12.093288,1
7727,P_NOUN_8_PASS_b,M,P,les micros avec le coussin que j' aime beaucoup ne sont probablement pas cachés <eos>,13,cachés,cachées,11,M,S,cachés,-8.370926,cachées,-11.867599,1
7728,P_NOUN_8_PASS_b,M,P,les micros avec le coussin que j' aime beaucoup ne sont probablement pas cassés <eos>,13,cassés,cassées,11,M,S,cassés,-10.810765,cassées,-11.280225,1
7729,P_NOUN_8_PASS_b,M,P,les micros avec le coussin que j' aime beaucoup ne sont probablement pas couverts <eos>,13,couverts,couvertes,11,M,S,couverts,-7.34658,couvertes,-11.608591,1
7730,P_NOUN_8_PASS_b,M,P,les micros avec le coussin que j' aime beaucoup ne sont probablement pas déformés <eos>,13,déformés,déformées,11,M,S,déformés,-10.988201,déformées,-10.636425,0
7731,P_NOUN_8_PASS_b,M,P,les micros avec le coussin que j' aime beaucoup ne sont probablement pas fixés <eos>,13,fixés,fixées,11,M,S,fixés,-7.959719,fixées,-10.891325,1
7732,P_NOUN_8_PASS_b,M,P,les micros avec le coussin que j' aime beaucoup ne sont probablement pas jetés <eos>,13,jetés,jetées,11,M,S,jetés,-8.897165,jetées,-12.322937,1
7733,P_NOUN_8_PASS_b,M,P,les micros avec le coussin que j' aime beaucoup ne sont probablement pas laissés <eos>,13,laissés,laissées,11,M,S,laissés,-9.061034,laissées,-11.73243,1
7734,P_NOUN_8_PASS_b,M,P,les micros avec le coussin que j' aime beaucoup ne sont probablement pas ouverts <eos>,13,ouverts,ouvertes,11,M,S,ouverts,-7.8051367,ouvertes,-11.829292,1
7735,P_NOUN_8_PASS_b,M,P,les micros avec le coussin que j' aime beaucoup ne sont probablement pas perdus <eos>,13,perdus,perdues,11,M,S,perdus,-7.4032345,perdues,-11.229896,1
7736,P_NOUN_8_PASS_b,M,P,les micros avec le coussin que j' aime beaucoup ne sont probablement pas réparés <eos>,13,réparés,réparées,11,M,S,réparés,-11.556427,réparées,-13.114709,1
7737,P_NOUN_8_PASS_b,M,P,les micros avec le coussin que j' aime beaucoup ne sont probablement pas retirés <eos>,13,retirés,retirées,11,M,S,retirés,-9.120888,retirées,-11.375131,1
7738,P_NOUN_8_PASS_b,M,P,les micros avec le coussin que j' aime beaucoup ne sont probablement pas tombés <eos>,13,tombés,tombées,11,M,S,tombés,-7.485361,tombées,-11.771594,1
7739,P_NOUN_8_PASS_b,M,P,les micros avec le coussin que j' aime beaucoup ne sont probablement pas utilisés <eos>,13,utilisés,utilisées,11,M,S,utilisés,-4.379071,utilisées,-8.6169195,1
7740,P_NOUN_8_PASS_b,M,P,les micros avec le jouet que j' aime beaucoup ne sont probablement pas achetés <eos>,13,achetés,achetées,11,M,S,achetés,-9.762004,achetées,-14.405484,1
7741,P_NOUN_8_PASS_b,M,P,les micros avec le jouet que j' aime beaucoup ne sont probablement pas brisés <eos>,13,brisés,brisées,11,M,S,brisés,-10.533234,brisées,-12.041735,1
7742,P_NOUN_8_PASS_b,M,P,les micros avec le jouet que j' aime beaucoup ne sont probablement pas cachés <eos>,13,cachés,cachées,11,M,S,cachés,-8.631865,cachées,-11.896818,1
7743,P_NOUN_8_PASS_b,M,P,les micros avec le jouet que j' aime beaucoup ne sont probablement pas cassés <eos>,13,cassés,cassées,11,M,S,cassés,-10.703655,cassées,-11.480047,1
7744,P_NOUN_8_PASS_b,M,P,les micros avec le jouet que j' aime beaucoup ne sont probablement pas couverts <eos>,13,couverts,couvertes,11,M,S,couverts,-7.493597,couvertes,-11.929614,1
7745,P_NOUN_8_PASS_b,M,P,les micros avec le jouet que j' aime beaucoup ne sont probablement pas déformés <eos>,13,déformés,déformées,11,M,S,déformés,-10.8059845,déformées,-10.799673,0
7746,P_NOUN_8_PASS_b,M,P,les micros avec le jouet que j' aime beaucoup ne sont probablement pas fixés <eos>,13,fixés,fixées,11,M,S,fixés,-7.9817266,fixées,-11.197936,1
7747,P_NOUN_8_PASS_b,M,P,les micros avec le jouet que j' aime beaucoup ne sont probablement pas jetés <eos>,13,jetés,jetées,11,M,S,jetés,-9.044846,jetées,-12.612091,1
7748,P_NOUN_8_PASS_b,M,P,les micros avec le jouet que j' aime beaucoup ne sont probablement pas laissés <eos>,13,laissés,laissées,11,M,S,laissés,-9.228823,laissées,-11.810672,1
7749,P_NOUN_8_PASS_b,M,P,les micros avec le jouet que j' aime beaucoup ne sont probablement pas ouverts <eos>,13,ouverts,ouvertes,11,M,S,ouverts,-7.5928116,ouvertes,-11.913947,1
7750,P_NOUN_8_PASS_b,M,P,les micros avec le jouet que j' aime beaucoup ne sont probablement pas perdus <eos>,13,perdus,perdues,11,M,S,perdus,-7.2243814,perdues,-11.272821,1
7751,P_NOUN_8_PASS_b,M,P,les micros avec le jouet que j' aime beaucoup ne sont probablement pas réparés <eos>,13,réparés,réparées,11,M,S,réparés,-11.873595,réparées,-13.261271,1
7752,P_NOUN_8_PASS_b,M,P,les micros avec le jouet que j' aime beaucoup ne sont probablement pas retirés <eos>,13,retirés,retirées,11,M,S,retirés,-9.481474,retirées,-11.534436,1
7753,P_NOUN_8_PASS_b,M,P,les micros avec le jouet que j' aime beaucoup ne sont probablement pas tombés <eos>,13,tombés,tombées,11,M,S,tombés,-7.90491,tombées,-11.949017,1
7754,P_NOUN_8_PASS_b,M,P,les micros avec le jouet que j' aime beaucoup ne sont probablement pas utilisés <eos>,13,utilisés,utilisées,11,M,S,utilisés,-4.8378887,utilisées,-8.918678,1
7755,P_NOUN_8_PASS_b,M,P,les micros avec le clou que j' aime beaucoup ne sont probablement pas achetés <eos>,13,achetés,achetées,11,M,S,achetés,-9.85097,achetées,-13.962685,1
7756,P_NOUN_8_PASS_b,M,P,les micros avec le clou que j' aime beaucoup ne sont probablement pas brisés <eos>,13,brisés,brisées,11,M,S,brisés,-10.533876,brisées,-12.1208515,1
7757,P_NOUN_8_PASS_b,M,P,les micros avec le clou que j' aime beaucoup ne sont probablement pas cachés <eos>,13,cachés,cachées,11,M,S,cachés,-8.611301,cachées,-11.812813,1
7758,P_NOUN_8_PASS_b,M,P,les micros avec le clou que j' aime beaucoup ne sont probablement pas cassés <eos>,13,cassés,cassées,11,M,S,cassés,-10.51175,cassées,-11.347069,1
7759,P_NOUN_8_PASS_b,M,P,les micros avec le clou que j' aime beaucoup ne sont probablement pas couverts <eos>,13,couverts,couvertes,11,M,S,couverts,-7.236046,couvertes,-11.581903,1
7760,P_NOUN_8_PASS_b,M,P,les micros avec le clou que j' aime beaucoup ne sont probablement pas déformés <eos>,13,déformés,déformées,11,M,S,déformés,-10.949318,déformées,-10.913702,0
7761,P_NOUN_8_PASS_b,M,P,les micros avec le clou que j' aime beaucoup ne sont probablement pas fixés <eos>,13,fixés,fixées,11,M,S,fixés,-8.077726,fixées,-11.187506,1
7762,P_NOUN_8_PASS_b,M,P,les micros avec le clou que j' aime beaucoup ne sont probablement pas jetés <eos>,13,jetés,jetées,11,M,S,jetés,-8.833284,jetées,-12.432045,1
7763,P_NOUN_8_PASS_b,M,P,les micros avec le clou que j' aime beaucoup ne sont probablement pas laissés <eos>,13,laissés,laissées,11,M,S,laissés,-8.9210005,laissées,-11.878071,1
7764,P_NOUN_8_PASS_b,M,P,les micros avec le clou que j' aime beaucoup ne sont probablement pas ouverts <eos>,13,ouverts,ouvertes,11,M,S,ouverts,-7.8087378,ouvertes,-11.722077,1
7765,P_NOUN_8_PASS_b,M,P,les micros avec le clou que j' aime beaucoup ne sont probablement pas perdus <eos>,13,perdus,perdues,11,M,S,perdus,-7.0305667,perdues,-10.890629,1
7766,P_NOUN_8_PASS_b,M,P,les micros avec le clou que j' aime beaucoup ne sont probablement pas réparés <eos>,13,réparés,réparées,11,M,S,réparés,-11.337229,réparées,-12.714982,1
7767,P_NOUN_8_PASS_b,M,P,les micros avec le clou que j' aime beaucoup ne sont probablement pas retirés <eos>,13,retirés,retirées,11,M,S,retirés,-9.152044,retirées,-11.007108,1
7768,P_NOUN_8_PASS_b,M,P,les micros avec le clou que j' aime beaucoup ne sont probablement pas tombés <eos>,13,tombés,tombées,11,M,S,tombés,-7.1394124,tombées,-11.412586,1
7769,P_NOUN_8_PASS_b,M,P,les micros avec le clou que j' aime beaucoup ne sont probablement pas utilisés <eos>,13,utilisés,utilisées,11,M,S,utilisés,-4.9134855,utilisées,-9.014711,1
7770,P_NOUN_8_PASS_b,M,P,les micros avec le billet que j' aime beaucoup ne sont probablement pas achetés <eos>,13,achetés,achetées,11,M,S,achetés,-9.280405,achetées,-13.049705,1
7771,P_NOUN_8_PASS_b,M,P,les micros avec le billet que j' aime beaucoup ne sont probablement pas brisés <eos>,13,brisés,brisées,11,M,S,brisés,-11.394503,brisées,-12.50141,1
7772,P_NOUN_8_PASS_b,M,P,les micros avec le billet que j' aime beaucoup ne sont probablement pas cachés <eos>,13,cachés,cachées,11,M,S,cachés,-8.225815,cachées,-12.148821,1
7773,P_NOUN_8_PASS_b,M,P,les micros avec le billet que j' aime beaucoup ne sont probablement pas cassés <eos>,13,cassés,cassées,11,M,S,cassés,-11.005819,cassées,-11.959299,1
7774,P_NOUN_8_PASS_b,M,P,les micros avec le billet que j' aime beaucoup ne sont probablement pas couverts <eos>,13,couverts,couvertes,11,M,S,couverts,-7.479885,couvertes,-12.254029,1
7775,P_NOUN_8_PASS_b,M,P,les micros avec le billet que j' aime beaucoup ne sont probablement pas déformés <eos>,13,déformés,déformées,11,M,S,déformés,-11.827494,déformées,-11.272911,0
7776,P_NOUN_8_PASS_b,M,P,les micros avec le billet que j' aime beaucoup ne sont probablement pas fixés <eos>,13,fixés,fixées,11,M,S,fixés,-7.6550703,fixées,-11.060851,1
7777,P_NOUN_8_PASS_b,M,P,les micros avec le billet que j' aime beaucoup ne sont probablement pas jetés <eos>,13,jetés,jetées,11,M,S,jetés,-8.955755,jetées,-12.59669,1
7778,P_NOUN_8_PASS_b,M,P,les micros avec le billet que j' aime beaucoup ne sont probablement pas laissés <eos>,13,laissés,laissées,11,M,S,laissés,-9.406563,laissées,-11.781132,1
7779,P_NOUN_8_PASS_b,M,P,les micros avec le billet que j' aime beaucoup ne sont probablement pas ouverts <eos>,13,ouverts,ouvertes,11,M,S,ouverts,-7.8067975,ouvertes,-12.242613,1
7780,P_NOUN_8_PASS_b,M,P,les micros avec le billet que j' aime beaucoup ne sont probablement pas perdus <eos>,13,perdus,perdues,11,M,S,perdus,-6.857133,perdues,-10.425192,1
7781,P_NOUN_8_PASS_b,M,P,les micros avec le billet que j' aime beaucoup ne sont probablement pas réparés <eos>,13,réparés,réparées,11,M,S,réparés,-11.831702,réparées,-13.111212,1
7782,P_NOUN_8_PASS_b,M,P,les micros avec le billet que j' aime beaucoup ne sont probablement pas retirés <eos>,13,retirés,retirées,11,M,S,retirés,-8.785325,retirées,-11.014028,1
7783,P_NOUN_8_PASS_b,M,P,les micros avec le billet que j' aime beaucoup ne sont probablement pas tombés <eos>,13,tombés,tombées,11,M,S,tombés,-7.5169673,tombées,-11.889547,1
7784,P_NOUN_8_PASS_b,M,P,les micros avec le billet que j' aime beaucoup ne sont probablement pas utilisés <eos>,13,utilisés,utilisées,11,M,S,utilisés,-4.6580033,utilisées,-8.709515,1
7785,P_NOUN_8_PASS_b,M,P,les micros avec le légume que j' aime beaucoup ne sont probablement pas achetés <eos>,13,achetés,achetées,11,M,S,achetés,-9.1858225,achetées,-13.851517,1
7786,P_NOUN_8_PASS_b,M,P,les micros avec le légume que j' aime beaucoup ne sont probablement pas brisés <eos>,13,brisés,brisées,11,M,S,brisés,-10.630687,brisées,-12.235341,1
7787,P_NOUN_8_PASS_b,M,P,les micros avec le légume que j' aime beaucoup ne sont probablement pas cachés <eos>,13,cachés,cachées,11,M,S,cachés,-8.998076,cachées,-12.498112,1
7788,P_NOUN_8_PASS_b,M,P,les micros avec le légume que j' aime beaucoup ne sont probablement pas cassés <eos>,13,cassés,cassées,11,M,S,cassés,-9.981958,cassées,-11.263666,1
7789,P_NOUN_8_PASS_b,M,P,les micros avec le légume que j' aime beaucoup ne sont probablement pas couverts <eos>,13,couverts,couvertes,11,M,S,couverts,-6.4194727,couvertes,-11.275725,1
7790,P_NOUN_8_PASS_b,M,P,les micros avec le légume que j' aime beaucoup ne sont probablement pas déformés <eos>,13,déformés,déformées,11,M,S,déformés,-11.611599,déformées,-11.852322,1
7791,P_NOUN_8_PASS_b,M,P,les micros avec le légume que j' aime beaucoup ne sont probablement pas fixés <eos>,13,fixés,fixées,11,M,S,fixés,-8.280411,fixées,-11.630583,1
7792,P_NOUN_8_PASS_b,M,P,les micros avec le légume que j' aime beaucoup ne sont probablement pas jetés <eos>,13,jetés,jetées,11,M,S,jetés,-9.668652,jetées,-12.344685,1
7793,P_NOUN_8_PASS_b,M,P,les micros avec le légume que j' aime beaucoup ne sont probablement pas laissés <eos>,13,laissés,laissées,11,M,S,laissés,-8.610655,laissées,-11.291895,1
7794,P_NOUN_8_PASS_b,M,P,les micros avec le légume que j' aime beaucoup ne sont probablement pas ouverts <eos>,13,ouverts,ouvertes,11,M,S,ouverts,-7.5824223,ouvertes,-11.942252,1
7795,P_NOUN_8_PASS_b,M,P,les micros avec le légume que j' aime beaucoup ne sont probablement pas perdus <eos>,13,perdus,perdues,11,M,S,perdus,-7.2914906,perdues,-11.21684,1
7796,P_NOUN_8_PASS_b,M,P,les micros avec le légume que j' aime beaucoup ne sont probablement pas réparés <eos>,13,réparés,réparées,11,M,S,réparés,-11.299673,réparées,-13.162039,1
7797,P_NOUN_8_PASS_b,M,P,les micros avec le légume que j' aime beaucoup ne sont probablement pas retirés <eos>,13,retirés,retirées,11,M,S,retirés,-9.202747,retirées,-11.719299,1
7798,P_NOUN_8_PASS_b,M,P,les micros avec le légume que j' aime beaucoup ne sont probablement pas tombés <eos>,13,tombés,tombées,11,M,S,tombés,-7.606225,tombées,-11.369776,1
7799,P_NOUN_8_PASS_b,M,P,les micros avec le légume que j' aime beaucoup ne sont probablement pas utilisés <eos>,13,utilisés,utilisées,11,M,S,utilisés,-5.0026374,utilisées,-9.04624,1
7800,P_NOUN_8_PASS_b,M,P,les sacs avec le bracelet que j' aime beaucoup ne sont probablement pas achetés <eos>,13,achetés,achetées,11,M,S,achetés,-8.341167,achetées,-12.662922,1
7801,P_NOUN_8_PASS_b,M,P,les sacs avec le bracelet que j' aime beaucoup ne sont probablement pas brisés <eos>,13,brisés,brisées,11,M,S,brisés,-9.998886,brisées,-11.180042,1
7802,P_NOUN_8_PASS_b,M,P,les sacs avec le bracelet que j' aime beaucoup ne sont probablement pas cachés <eos>,13,cachés,cachées,11,M,S,cachés,-7.200243,cachées,-11.459828,1
7803,P_NOUN_8_PASS_b,M,P,les sacs avec le bracelet que j' aime beaucoup ne sont probablement pas cassés <eos>,13,cassés,cassées,11,M,S,cassés,-9.373479,cassées,-10.587444,1
7804,P_NOUN_8_PASS_b,M,P,les sacs avec le bracelet que j' aime beaucoup ne sont probablement pas couverts <eos>,13,couverts,couvertes,11,M,S,couverts,-6.9040675,couvertes,-11.110844,1
7805,P_NOUN_8_PASS_b,M,P,les sacs avec le bracelet que j' aime beaucoup ne sont probablement pas déformés <eos>,13,déformés,déformées,11,M,S,déformés,-12.014917,déformées,-11.370105,0
7806,P_NOUN_8_PASS_b,M,P,les sacs avec le bracelet que j' aime beaucoup ne sont probablement pas fixés <eos>,13,fixés,fixées,11,M,S,fixés,-7.334417,fixées,-10.443909,1
7807,P_NOUN_8_PASS_b,M,P,les sacs avec le bracelet que j' aime beaucoup ne sont probablement pas jetés <eos>,13,jetés,jetées,11,M,S,jetés,-6.799467,jetées,-10.664179,1
7808,P_NOUN_8_PASS_b,M,P,les sacs avec le bracelet que j' aime beaucoup ne sont probablement pas laissés <eos>,13,laissés,laissées,11,M,S,laissés,-8.163689,laissées,-11.457761,1
7809,P_NOUN_8_PASS_b,M,P,les sacs avec le bracelet que j' aime beaucoup ne sont probablement pas ouverts <eos>,13,ouverts,ouvertes,11,M,S,ouverts,-8.124836,ouvertes,-11.606557,1
7810,P_NOUN_8_PASS_b,M,P,les sacs avec le bracelet que j' aime beaucoup ne sont probablement pas perdus <eos>,13,perdus,perdues,11,M,S,perdus,-6.536359,perdues,-10.45457,1
7811,P_NOUN_8_PASS_b,M,P,les sacs avec le bracelet que j' aime beaucoup ne sont probablement pas réparés <eos>,13,réparés,réparées,11,M,S,réparés,-11.042235,réparées,-12.562754,1
7812,P_NOUN_8_PASS_b,M,P,les sacs avec le bracelet que j' aime beaucoup ne sont probablement pas retirés <eos>,13,retirés,retirées,11,M,S,retirés,-7.997177,retirées,-10.649539,1
7813,P_NOUN_8_PASS_b,M,P,les sacs avec le bracelet que j' aime beaucoup ne sont probablement pas tombés <eos>,13,tombés,tombées,11,M,S,tombés,-6.2381763,tombées,-10.699774,1
7814,P_NOUN_8_PASS_b,M,P,les sacs avec le bracelet que j' aime beaucoup ne sont probablement pas utilisés <eos>,13,utilisés,utilisées,11,M,S,utilisés,-4.291329,utilisées,-8.2243805,1
7815,P_NOUN_8_PASS_b,M,P,les sacs avec le miroir que j' aime beaucoup ne sont probablement pas achetés <eos>,13,achetés,achetées,11,M,S,achetés,-8.546159,achetées,-13.16831,1
7816,P_NOUN_8_PASS_b,M,P,les sacs avec le miroir que j' aime beaucoup ne sont probablement pas brisés <eos>,13,brisés,brisées,11,M,S,brisés,-9.903483,brisées,-11.583912,1
7817,P_NOUN_8_PASS_b,M,P,les sacs avec le miroir que j' aime beaucoup ne sont probablement pas cachés <eos>,13,cachés,cachées,11,M,S,cachés,-7.181776,cachées,-10.900261,1
7818,P_NOUN_8_PASS_b,M,P,les sacs avec le miroir que j' aime beaucoup ne sont probablement pas cassés <eos>,13,cassés,cassées,11,M,S,cassés,-9.170017,cassées,-10.730164,1
7819,P_NOUN_8_PASS_b,M,P,les sacs avec le miroir que j' aime beaucoup ne sont probablement pas couverts <eos>,13,couverts,couvertes,11,M,S,couverts,-6.776906,couvertes,-10.727256,1
7820,P_NOUN_8_PASS_b,M,P,les sacs avec le miroir que j' aime beaucoup ne sont probablement pas déformés <eos>,13,déformés,déformées,11,M,S,déformés,-11.259451,déformées,-10.45005,0
7821,P_NOUN_8_PASS_b,M,P,les sacs avec le miroir que j' aime beaucoup ne sont probablement pas fixés <eos>,13,fixés,fixées,11,M,S,fixés,-8.173058,fixées,-10.98979,1
7822,P_NOUN_8_PASS_b,M,P,les sacs avec le miroir que j' aime beaucoup ne sont probablement pas jetés <eos>,13,jetés,jetées,11,M,S,jetés,-7.5851135,jetées,-11.274177,1
7823,P_NOUN_8_PASS_b,M,P,les sacs avec le miroir que j' aime beaucoup ne sont probablement pas laissés <eos>,13,laissés,laissées,11,M,S,laissés,-7.9300575,laissées,-11.169683,1
7824,P_NOUN_8_PASS_b,M,P,les sacs avec le miroir que j' aime beaucoup ne sont probablement pas ouverts <eos>,13,ouverts,ouvertes,11,M,S,ouverts,-7.453371,ouvertes,-11.016737,1
7825,P_NOUN_8_PASS_b,M,P,les sacs avec le miroir que j' aime beaucoup ne sont probablement pas perdus <eos>,13,perdus,perdues,11,M,S,perdus,-6.5018616,perdues,-10.108981,1
7826,P_NOUN_8_PASS_b,M,P,les sacs avec le miroir que j' aime beaucoup ne sont probablement pas réparés <eos>,13,réparés,réparées,11,M,S,réparés,-11.185183,réparées,-12.147413,1
7827,P_NOUN_8_PASS_b,M,P,les sacs avec le miroir que j' aime beaucoup ne sont probablement pas retirés <eos>,13,retirés,retirées,11,M,S,retirés,-8.203341,retirées,-10.826424,1
7828,P_NOUN_8_PASS_b,M,P,les sacs avec le miroir que j' aime beaucoup ne sont probablement pas tombés <eos>,13,tombés,tombées,11,M,S,tombés,-7.2326117,tombées,-10.799369,1
7829,P_NOUN_8_PASS_b,M,P,les sacs avec le miroir que j' aime beaucoup ne sont probablement pas utilisés <eos>,13,utilisés,utilisées,11,M,S,utilisés,-4.5924535,utilisées,-8.272573,1
7830,P_NOUN_8_PASS_b,M,P,les sacs avec le crayon que j' aime beaucoup ne sont probablement pas achetés <eos>,13,achetés,achetées,11,M,S,achetés,-7.8139844,achetées,-12.404402,1
7831,P_NOUN_8_PASS_b,M,P,les sacs avec le crayon que j' aime beaucoup ne sont probablement pas brisés <eos>,13,brisés,brisées,11,M,S,brisés,-10.557922,brisées,-11.90391,1
7832,P_NOUN_8_PASS_b,M,P,les sacs avec le crayon que j' aime beaucoup ne sont probablement pas cachés <eos>,13,cachés,cachées,11,M,S,cachés,-7.1059265,cachées,-11.410874,1
7833,P_NOUN_8_PASS_b,M,P,les sacs avec le crayon que j' aime beaucoup ne sont probablement pas cassés <eos>,13,cassés,cassées,11,M,S,cassés,-9.070196,cassées,-10.649319,1
7834,P_NOUN_8_PASS_b,M,P,les sacs avec le crayon que j' aime beaucoup ne sont probablement pas couverts <eos>,13,couverts,couvertes,11,M,S,couverts,-6.631163,couvertes,-10.863771,1
7835,P_NOUN_8_PASS_b,M,P,les sacs avec le crayon que j' aime beaucoup ne sont probablement pas déformés <eos>,13,déformés,déformées,11,M,S,déformés,-11.806714,déformées,-10.525808,0
7836,P_NOUN_8_PASS_b,M,P,les sacs avec le crayon que j' aime beaucoup ne sont probablement pas fixés <eos>,13,fixés,fixées,11,M,S,fixés,-8.293524,fixées,-10.878593,1
7837,P_NOUN_8_PASS_b,M,P,les sacs avec le crayon que j' aime beaucoup ne sont probablement pas jetés <eos>,13,jetés,jetées,11,M,S,jetés,-7.313059,jetées,-10.932709,1
7838,P_NOUN_8_PASS_b,M,P,les sacs avec le crayon que j' aime beaucoup ne sont probablement pas laissés <eos>,13,laissés,laissées,11,M,S,laissés,-7.608698,laissées,-11.048426,1
7839,P_NOUN_8_PASS_b,M,P,les sacs avec le crayon que j' aime beaucoup ne sont probablement pas ouverts <eos>,13,ouverts,ouvertes,11,M,S,ouverts,-7.918706,ouvertes,-11.481001,1
7840,P_NOUN_8_PASS_b,M,P,les sacs avec le crayon que j' aime beaucoup ne sont probablement pas perdus <eos>,13,perdus,perdues,11,M,S,perdus,-6.887553,perdues,-10.02944,1
7841,P_NOUN_8_PASS_b,M,P,les sacs avec le crayon que j' aime beaucoup ne sont probablement pas réparés <eos>,13,réparés,réparées,11,M,S,réparés,-10.915637,réparées,-11.672952,1
7842,P_NOUN_8_PASS_b,M,P,les sacs avec le crayon que j' aime beaucoup ne sont probablement pas retirés <eos>,13,retirés,retirées,11,M,S,retirés,-8.07916,retirées,-10.347109,1
7843,P_NOUN_8_PASS_b,M,P,les sacs avec le crayon que j' aime beaucoup ne sont probablement pas tombés <eos>,13,tombés,tombées,11,M,S,tombés,-7.38319,tombées,-10.680112,1
7844,P_NOUN_8_PASS_b,M,P,les sacs avec le crayon que j' aime beaucoup ne sont probablement pas utilisés <eos>,13,utilisés,utilisées,11,M,S,utilisés,-4.2458186,utilisées,-7.8844333,1
7845,P_NOUN_8_PASS_b,M,P,les sacs avec le rideau que j' aime beaucoup ne sont probablement pas achetés <eos>,13,achetés,achetées,11,M,S,achetés,-8.934423,achetées,-13.382145,1
7846,P_NOUN_8_PASS_b,M,P,les sacs avec le rideau que j' aime beaucoup ne sont probablement pas brisés <eos>,13,brisés,brisées,11,M,S,brisés,-10.181585,brisées,-11.776644,1
7847,P_NOUN_8_PASS_b,M,P,les sacs avec le rideau que j' aime beaucoup ne sont probablement pas cachés <eos>,13,cachés,cachées,11,M,S,cachés,-7.68489,cachées,-11.059927,1
7848,P_NOUN_8_PASS_b,M,P,les sacs avec le rideau que j' aime beaucoup ne sont probablement pas cassés <eos>,13,cassés,cassées,11,M,S,cassés,-9.531555,cassées,-10.603121,1
7849,P_NOUN_8_PASS_b,M,P,les sacs avec le rideau que j' aime beaucoup ne sont probablement pas couverts <eos>,13,couverts,couvertes,11,M,S,couverts,-6.496108,couvertes,-10.619683,1
7850,P_NOUN_8_PASS_b,M,P,les sacs avec le rideau que j' aime beaucoup ne sont probablement pas déformés <eos>,13,déformés,déformées,11,M,S,déformés,-11.304575,déformées,-11.046459,0
7851,P_NOUN_8_PASS_b,M,P,les sacs avec le rideau que j' aime beaucoup ne sont probablement pas fixés <eos>,13,fixés,fixées,11,M,S,fixés,-7.9057617,fixées,-10.698215,1
7852,P_NOUN_8_PASS_b,M,P,les sacs avec le rideau que j' aime beaucoup ne sont probablement pas jetés <eos>,13,jetés,jetées,11,M,S,jetés,-7.574136,jetées,-11.006416,1
7853,P_NOUN_8_PASS_b,M,P,les sacs avec le rideau que j' aime beaucoup ne sont probablement pas laissés <eos>,13,laissés,laissées,11,M,S,laissés,-8.092773,laissées,-11.3372135,1
7854,P_NOUN_8_PASS_b,M,P,les sacs avec le rideau que j' aime beaucoup ne sont probablement pas ouverts <eos>,13,ouverts,ouvertes,11,M,S,ouverts,-7.410671,ouvertes,-11.021532,1
7855,P_NOUN_8_PASS_b,M,P,les sacs avec le rideau que j' aime beaucoup ne sont probablement pas perdus <eos>,13,perdus,perdues,11,M,S,perdus,-7.056855,perdues,-10.750258,1
7856,P_NOUN_8_PASS_b,M,P,les sacs avec le rideau que j' aime beaucoup ne sont probablement pas réparés <eos>,13,réparés,réparées,11,M,S,réparés,-10.635088,réparées,-12.0489025,1
7857,P_NOUN_8_PASS_b,M,P,les sacs avec le rideau que j' aime beaucoup ne sont probablement pas retirés <eos>,13,retirés,retirées,11,M,S,retirés,-8.63119,retirées,-10.999642,1
7858,P_NOUN_8_PASS_b,M,P,les sacs avec le rideau que j' aime beaucoup ne sont probablement pas tombés <eos>,13,tombés,tombées,11,M,S,tombés,-7.0507345,tombées,-10.755527,1
7859,P_NOUN_8_PASS_b,M,P,les sacs avec le rideau que j' aime beaucoup ne sont probablement pas utilisés <eos>,13,utilisés,utilisées,11,M,S,utilisés,-4.716767,utilisées,-8.444609,1
7860,P_NOUN_8_PASS_b,M,P,les sacs avec le cahier que j' aime beaucoup ne sont probablement pas achetés <eos>,13,achetés,achetées,11,M,S,achetés,-8.043545,achetées,-12.885188,1
7861,P_NOUN_8_PASS_b,M,P,les sacs avec le cahier que j' aime beaucoup ne sont probablement pas brisés <eos>,13,brisés,brisées,11,M,S,brisés,-10.432314,brisées,-12.3974495,1
7862,P_NOUN_8_PASS_b,M,P,les sacs avec le cahier que j' aime beaucoup ne sont probablement pas cachés <eos>,13,cachés,cachées,11,M,S,cachés,-7.3529706,cachées,-11.778414,1
7863,P_NOUN_8_PASS_b,M,P,les sacs avec le cahier que j' aime beaucoup ne sont probablement pas cassés <eos>,13,cassés,cassées,11,M,S,cassés,-9.970295,cassées,-11.295278,1
7864,P_NOUN_8_PASS_b,M,P,les sacs avec le cahier que j' aime beaucoup ne sont probablement pas couverts <eos>,13,couverts,couvertes,11,M,S,couverts,-6.340338,couvertes,-11.251038,1
7865,P_NOUN_8_PASS_b,M,P,les sacs avec le cahier que j' aime beaucoup ne sont probablement pas déformés <eos>,13,déformés,déformées,11,M,S,déformés,-11.494959,déformées,-11.495465,1
7866,P_NOUN_8_PASS_b,M,P,les sacs avec le cahier que j' aime beaucoup ne sont probablement pas fixés <eos>,13,fixés,fixées,11,M,S,fixés,-8.049618,fixées,-11.102339,1
7867,P_NOUN_8_PASS_b,M,P,les sacs avec le cahier que j' aime beaucoup ne sont probablement pas jetés <eos>,13,jetés,jetées,11,M,S,jetés,-7.7906566,jetées,-11.70245,1
7868,P_NOUN_8_PASS_b,M,P,les sacs avec le cahier que j' aime beaucoup ne sont probablement pas laissés <eos>,13,laissés,laissées,11,M,S,laissés,-7.780564,laissées,-11.988289,1
7869,P_NOUN_8_PASS_b,M,P,les sacs avec le cahier que j' aime beaucoup ne sont probablement pas ouverts <eos>,13,ouverts,ouvertes,11,M,S,ouverts,-7.157921,ouvertes,-11.330006,1
7870,P_NOUN_8_PASS_b,M,P,les sacs avec le cahier que j' aime beaucoup ne sont probablement pas perdus <eos>,13,perdus,perdues,11,M,S,perdus,-6.3881087,perdues,-10.2592125,1
7871,P_NOUN_8_PASS_b,M,P,les sacs avec le cahier que j' aime beaucoup ne sont probablement pas réparés <eos>,13,réparés,réparées,11,M,S,réparés,-11.013332,réparées,-12.37447,1
7872,P_NOUN_8_PASS_b,M,P,les sacs avec le cahier que j' aime beaucoup ne sont probablement pas retirés <eos>,13,retirés,retirées,11,M,S,retirés,-7.8178782,retirées,-10.916079,1
7873,P_NOUN_8_PASS_b,M,P,les sacs avec le cahier que j' aime beaucoup ne sont probablement pas tombés <eos>,13,tombés,tombées,11,M,S,tombés,-7.0148296,tombées,-11.268557,1
7874,P_NOUN_8_PASS_b,M,P,les sacs avec le cahier que j' aime beaucoup ne sont probablement pas utilisés <eos>,13,utilisés,utilisées,11,M,S,utilisés,-4.556116,utilisées,-8.600781,1
7875,P_NOUN_8_PASS_b,M,P,les sacs avec le micro que j' aime beaucoup ne sont probablement pas achetés <eos>,13,achetés,achetées,11,M,S,achetés,-8.45921,achetées,-12.930346,1
7876,P_NOUN_8_PASS_b,M,P,les sacs avec le micro que j' aime beaucoup ne sont probablement pas brisés <eos>,13,brisés,brisées,11,M,S,brisés,-10.089983,brisées,-11.71246,1
7877,P_NOUN_8_PASS_b,M,P,les sacs avec le micro que j' aime beaucoup ne sont probablement pas cachés <eos>,13,cachés,cachées,11,M,S,cachés,-7.2562327,cachées,-11.129986,1
7878,P_NOUN_8_PASS_b,M,P,les sacs avec le micro que j' aime beaucoup ne sont probablement pas cassés <eos>,13,cassés,cassées,11,M,S,cassés,-9.659149,cassées,-10.806932,1
7879,P_NOUN_8_PASS_b,M,P,les sacs avec le micro que j' aime beaucoup ne sont probablement pas couverts <eos>,13,couverts,couvertes,11,M,S,couverts,-6.6563644,couvertes,-10.607454,1
7880,P_NOUN_8_PASS_b,M,P,les sacs avec le micro que j' aime beaucoup ne sont probablement pas déformés <eos>,13,déformés,déformées,11,M,S,déformés,-11.67961,déformées,-11.355024,0
7881,P_NOUN_8_PASS_b,M,P,les sacs avec le micro que j' aime beaucoup ne sont probablement pas fixés <eos>,13,fixés,fixées,11,M,S,fixés,-7.6912746,fixées,-11.178177,1
7882,P_NOUN_8_PASS_b,M,P,les sacs avec le micro que j' aime beaucoup ne sont probablement pas jetés <eos>,13,jetés,jetées,11,M,S,jetés,-7.6184044,jetées,-11.150975,1
7883,P_NOUN_8_PASS_b,M,P,les sacs avec le micro que j' aime beaucoup ne sont probablement pas laissés <eos>,13,laissés,laissées,11,M,S,laissés,-8.098928,laissées,-11.284624,1
7884,P_NOUN_8_PASS_b,M,P,les sacs avec le micro que j' aime beaucoup ne sont probablement pas ouverts <eos>,13,ouverts,ouvertes,11,M,S,ouverts,-7.421933,ouvertes,-11.017015,1
7885,P_NOUN_8_PASS_b,M,P,les sacs avec le micro que j' aime beaucoup ne sont probablement pas perdus <eos>,13,perdus,perdues,11,M,S,perdus,-6.984274,perdues,-10.810694,1
7886,P_NOUN_8_PASS_b,M,P,les sacs avec le micro que j' aime beaucoup ne sont probablement pas réparés <eos>,13,réparés,réparées,11,M,S,réparés,-10.874611,réparées,-12.17953,1
7887,P_NOUN_8_PASS_b,M,P,les sacs avec le micro que j' aime beaucoup ne sont probablement pas retirés <eos>,13,retirés,retirées,11,M,S,retirés,-8.478345,retirées,-10.910279,1
7888,P_NOUN_8_PASS_b,M,P,les sacs avec le micro que j' aime beaucoup ne sont probablement pas tombés <eos>,13,tombés,tombées,11,M,S,tombés,-7.5253778,tombées,-11.169058,1
7889,P_NOUN_8_PASS_b,M,P,les sacs avec le micro que j' aime beaucoup ne sont probablement pas utilisés <eos>,13,utilisés,utilisées,11,M,S,utilisés,-4.538725,utilisées,-8.279982,1
7890,P_NOUN_8_PASS_b,M,P,les sacs avec le sac que j' aime beaucoup ne sont probablement pas achetés <eos>,13,achetés,achetées,11,M,S,achetés,-8.38094,achetées,-13.0697565,1
7891,P_NOUN_8_PASS_b,M,P,les sacs avec le sac que j' aime beaucoup ne sont probablement pas brisés <eos>,13,brisés,brisées,11,M,S,brisés,-10.037813,brisées,-11.684275,1
7892,P_NOUN_8_PASS_b,M,P,les sacs avec le sac que j' aime beaucoup ne sont probablement pas cachés <eos>,13,cachés,cachées,11,M,S,cachés,-7.2050924,cachées,-11.308634,1
7893,P_NOUN_8_PASS_b,M,P,les sacs avec le sac que j' aime beaucoup ne sont probablement pas cassés <eos>,13,cassés,cassées,11,M,S,cassés,-9.326125,cassées,-10.222311,1
7894,P_NOUN_8_PASS_b,M,P,les sacs avec le sac que j' aime beaucoup ne sont probablement pas couverts <eos>,13,couverts,couvertes,11,M,S,couverts,-6.452387,couvertes,-10.596724,1
7895,P_NOUN_8_PASS_b,M,P,les sacs avec le sac que j' aime beaucoup ne sont probablement pas déformés <eos>,13,déformés,déformées,11,M,S,déformés,-11.707626,déformées,-11.220544,0
7896,P_NOUN_8_PASS_b,M,P,les sacs avec le sac que j' aime beaucoup ne sont probablement pas fixés <eos>,13,fixés,fixées,11,M,S,fixés,-7.7979245,fixées,-10.838459,1
7897,P_NOUN_8_PASS_b,M,P,les sacs avec le sac que j' aime beaucoup ne sont probablement pas jetés <eos>,13,jetés,jetées,11,M,S,jetés,-7.2701035,jetées,-10.549909,1
7898,P_NOUN_8_PASS_b,M,P,les sacs avec le sac que j' aime beaucoup ne sont probablement pas laissés <eos>,13,laissés,laissées,11,M,S,laissés,-7.81785,laissées,-11.276266,1
7899,P_NOUN_8_PASS_b,M,P,les sacs avec le sac que j' aime beaucoup ne sont probablement pas ouverts <eos>,13,ouverts,ouvertes,11,M,S,ouverts,-7.693751,ouvertes,-11.223015,1
7900,P_NOUN_8_PASS_b,M,P,les sacs avec le sac que j' aime beaucoup ne sont probablement pas perdus <eos>,13,perdus,perdues,11,M,S,perdus,-6.8514576,perdues,-10.393725,1
7901,P_NOUN_8_PASS_b,M,P,les sacs avec le sac que j' aime beaucoup ne sont probablement pas réparés <eos>,13,réparés,réparées,11,M,S,réparés,-10.576225,réparées,-11.989161,1
7902,P_NOUN_8_PASS_b,M,P,les sacs avec le sac que j' aime beaucoup ne sont probablement pas retirés <eos>,13,retirés,retirées,11,M,S,retirés,-8.121712,retirées,-10.731628,1
7903,P_NOUN_8_PASS_b,M,P,les sacs avec le sac que j' aime beaucoup ne sont probablement pas tombés <eos>,13,tombés,tombées,11,M,S,tombés,-6.6655684,tombées,-10.741748,1
7904,P_NOUN_8_PASS_b,M,P,les sacs avec le sac que j' aime beaucoup ne sont probablement pas utilisés <eos>,13,utilisés,utilisées,11,M,S,utilisés,-4.1966057,utilisées,-8.064959,1
7905,P_NOUN_8_PASS_b,M,P,les sacs avec le clavier que j' aime beaucoup ne sont probablement pas achetés <eos>,13,achetés,achetées,11,M,S,achetés,-9.0352335,achetées,-13.433898,1
7906,P_NOUN_8_PASS_b,M,P,les sacs avec le clavier que j' aime beaucoup ne sont probablement pas brisés <eos>,13,brisés,brisées,11,M,S,brisés,-10.442264,brisées,-11.809371,1
7907,P_NOUN_8_PASS_b,M,P,les sacs avec le clavier que j' aime beaucoup ne sont probablement pas cachés <eos>,13,cachés,cachées,11,M,S,cachés,-7.235418,cachées,-11.037962,1
7908,P_NOUN_8_PASS_b,M,P,les sacs avec le clavier que j' aime beaucoup ne sont probablement pas cassés <eos>,13,cassés,cassées,11,M,S,cassés,-9.87163,cassées,-10.958201,1
7909,P_NOUN_8_PASS_b,M,P,les sacs avec le clavier que j' aime beaucoup ne sont probablement pas couverts <eos>,13,couverts,couvertes,11,M,S,couverts,-7.14835,couvertes,-11.063485,1
7910,P_NOUN_8_PASS_b,M,P,les sacs avec le clavier que j' aime beaucoup ne sont probablement pas déformés <eos>,13,déformés,déformées,11,M,S,déformés,-11.524701,déformées,-10.519647,0
7911,P_NOUN_8_PASS_b,M,P,les sacs avec le clavier que j' aime beaucoup ne sont probablement pas fixés <eos>,13,fixés,fixées,11,M,S,fixés,-7.6930428,fixées,-10.9482975,1
7912,P_NOUN_8_PASS_b,M,P,les sacs avec le clavier que j' aime beaucoup ne sont probablement pas jetés <eos>,13,jetés,jetées,11,M,S,jetés,-7.8587685,jetées,-11.518898,1
7913,P_NOUN_8_PASS_b,M,P,les sacs avec le clavier que j' aime beaucoup ne sont probablement pas laissés <eos>,13,laissés,laissées,11,M,S,laissés,-8.321665,laissées,-11.452774,1
7914,P_NOUN_8_PASS_b,M,P,les sacs avec le clavier que j' aime beaucoup ne sont probablement pas ouverts <eos>,13,ouverts,ouvertes,11,M,S,ouverts,-7.9499407,ouvertes,-11.328669,1
7915,P_NOUN_8_PASS_b,M,P,les sacs avec le clavier que j' aime beaucoup ne sont probablement pas perdus <eos>,13,perdus,perdues,11,M,S,perdus,-7.0766053,perdues,-10.700819,1
7916,P_NOUN_8_PASS_b,M,P,les sacs avec le clavier que j' aime beaucoup ne sont probablement pas réparés <eos>,13,réparés,réparées,11,M,S,réparés,-11.364468,réparées,-12.452204,1
7917,P_NOUN_8_PASS_b,M,P,les sacs avec le clavier que j' aime beaucoup ne sont probablement pas retirés <eos>,13,retirés,retirées,11,M,S,retirés,-8.759756,retirées,-11.050936,1
7918,P_NOUN_8_PASS_b,M,P,les sacs avec le clavier que j' aime beaucoup ne sont probablement pas tombés <eos>,13,tombés,tombées,11,M,S,tombés,-7.6228313,tombées,-11.383963,1
7919,P_NOUN_8_PASS_b,M,P,les sacs avec le clavier que j' aime beaucoup ne sont probablement pas utilisés <eos>,13,utilisés,utilisées,11,M,S,utilisés,-4.084094,utilisées,-7.936737,1
7920,P_NOUN_8_PASS_b,M,P,les sacs avec le raisin que j' aime beaucoup ne sont probablement pas achetés <eos>,13,achetés,achetées,11,M,S,achetés,-7.7237535,achetées,-12.43337,1
7921,P_NOUN_8_PASS_b,M,P,les sacs avec le raisin que j' aime beaucoup ne sont probablement pas brisés <eos>,13,brisés,brisées,11,M,S,brisés,-10.693233,brisées,-12.1941805,1
7922,P_NOUN_8_PASS_b,M,P,les sacs avec le raisin que j' aime beaucoup ne sont probablement pas cachés <eos>,13,cachés,cachées,11,M,S,cachés,-7.7610016,cachées,-11.583425,1
7923,P_NOUN_8_PASS_b,M,P,les sacs avec le raisin que j' aime beaucoup ne sont probablement pas cassés <eos>,13,cassés,cassées,11,M,S,cassés,-8.760746,cassées,-11.033103,1
7924,P_NOUN_8_PASS_b,M,P,les sacs avec le raisin que j' aime beaucoup ne sont probablement pas couverts <eos>,13,couverts,couvertes,11,M,S,couverts,-6.0977044,couvertes,-10.707128,1
7925,P_NOUN_8_PASS_b,M,P,les sacs avec le raisin que j' aime beaucoup ne sont probablement pas déformés <eos>,13,déformés,déformées,11,M,S,déformés,-12.503491,déformées,-11.458906,0
7926,P_NOUN_8_PASS_b,M,P,les sacs avec le raisin que j' aime beaucoup ne sont probablement pas fixés <eos>,13,fixés,fixées,11,M,S,fixés,-7.670782,fixées,-11.061719,1
7927,P_NOUN_8_PASS_b,M,P,les sacs avec le raisin que j' aime beaucoup ne sont probablement pas jetés <eos>,13,jetés,jetées,11,M,S,jetés,-8.369879,jetées,-12.365215,1
7928,P_NOUN_8_PASS_b,M,P,les sacs avec le raisin que j' aime beaucoup ne sont probablement pas laissés <eos>,13,laissés,laissées,11,M,S,laissés,-7.878045,laissées,-11.050994,1
7929,P_NOUN_8_PASS_b,M,P,les sacs avec le raisin que j' aime beaucoup ne sont probablement pas ouverts <eos>,13,ouverts,ouvertes,11,M,S,ouverts,-8.403007,ouvertes,-11.410883,1
7930,P_NOUN_8_PASS_b,M,P,les sacs avec le raisin que j' aime beaucoup ne sont probablement pas perdus <eos>,13,perdus,perdues,11,M,S,perdus,-7.3072515,perdues,-10.6030855,1
7931,P_NOUN_8_PASS_b,M,P,les sacs avec le raisin que j' aime beaucoup ne sont probablement pas réparés <eos>,13,réparés,réparées,11,M,S,réparés,-11.197153,réparées,-12.563612,1
7932,P_NOUN_8_PASS_b,M,P,les sacs avec le raisin que j' aime beaucoup ne sont probablement pas retirés <eos>,13,retirés,retirées,11,M,S,retirés,-8.196747,retirées,-10.559254,1
7933,P_NOUN_8_PASS_b,M,P,les sacs avec le raisin que j' aime beaucoup ne sont probablement pas tombés <eos>,13,tombés,tombées,11,M,S,tombés,-6.8761034,tombées,-10.385797,1
7934,P_NOUN_8_PASS_b,M,P,les sacs avec le raisin que j' aime beaucoup ne sont probablement pas utilisés <eos>,13,utilisés,utilisées,11,M,S,utilisés,-4.042898,utilisées,-7.8046045,1
7935,P_NOUN_8_PASS_b,M,P,les sacs avec le chargeur que j' aime beaucoup ne sont probablement pas achetés <eos>,13,achetés,achetées,11,M,S,achetés,-8.068134,achetées,-12.5557,1
7936,P_NOUN_8_PASS_b,M,P,les sacs avec le chargeur que j' aime beaucoup ne sont probablement pas brisés <eos>,13,brisés,brisées,11,M,S,brisés,-10.827792,brisées,-12.048028,1
7937,P_NOUN_8_PASS_b,M,P,les sacs avec le chargeur que j' aime beaucoup ne sont probablement pas cachés <eos>,13,cachés,cachées,11,M,S,cachés,-6.589508,cachées,-11.406872,1
7938,P_NOUN_8_PASS_b,M,P,les sacs avec le chargeur que j' aime beaucoup ne sont probablement pas cassés <eos>,13,cassés,cassées,11,M,S,cassés,-9.66795,cassées,-11.023818,1
7939,P_NOUN_8_PASS_b,M,P,les sacs avec le chargeur que j' aime beaucoup ne sont probablement pas couverts <eos>,13,couverts,couvertes,11,M,S,couverts,-7.1967783,couvertes,-10.832333,1
7940,P_NOUN_8_PASS_b,M,P,les sacs avec le chargeur que j' aime beaucoup ne sont probablement pas déformés <eos>,13,déformés,déformées,11,M,S,déformés,-12.403999,déformées,-11.271642,0
7941,P_NOUN_8_PASS_b,M,P,les sacs avec le chargeur que j' aime beaucoup ne sont probablement pas fixés <eos>,13,fixés,fixées,11,M,S,fixés,-7.9599137,fixées,-10.662376,1
7942,P_NOUN_8_PASS_b,M,P,les sacs avec le chargeur que j' aime beaucoup ne sont probablement pas jetés <eos>,13,jetés,jetées,11,M,S,jetés,-7.6624465,jetées,-11.3658695,1
7943,P_NOUN_8_PASS_b,M,P,les sacs avec le chargeur que j' aime beaucoup ne sont probablement pas laissés <eos>,13,laissés,laissées,11,M,S,laissés,-7.866978,laissées,-11.385517,1
7944,P_NOUN_8_PASS_b,M,P,les sacs avec le chargeur que j' aime beaucoup ne sont probablement pas ouverts <eos>,13,ouverts,ouvertes,11,M,S,ouverts,-8.025905,ouvertes,-11.255321,1
7945,P_NOUN_8_PASS_b,M,P,les sacs avec le chargeur que j' aime beaucoup ne sont probablement pas perdus <eos>,13,perdus,perdues,11,M,S,perdus,-6.947919,perdues,-10.137909,1
7946,P_NOUN_8_PASS_b,M,P,les sacs avec le chargeur que j' aime beaucoup ne sont probablement pas réparés <eos>,13,réparés,réparées,11,M,S,réparés,-10.64314,réparées,-11.854621,1
7947,P_NOUN_8_PASS_b,M,P,les sacs avec le chargeur que j' aime beaucoup ne sont probablement pas retirés <eos>,13,retirés,retirées,11,M,S,retirés,-7.3089724,retirées,-10.46178,1
7948,P_NOUN_8_PASS_b,M,P,les sacs avec le chargeur que j' aime beaucoup ne sont probablement pas tombés <eos>,13,tombés,tombées,11,M,S,tombés,-7.0671234,tombées,-11.031839,1
7949,P_NOUN_8_PASS_b,M,P,les sacs avec le chargeur que j' aime beaucoup ne sont probablement pas utilisés <eos>,13,utilisés,utilisées,11,M,S,utilisés,-3.7521424,utilisées,-7.652557,1
7950,P_NOUN_8_PASS_b,M,P,les sacs avec le vase que j' aime beaucoup ne sont probablement pas achetés <eos>,13,achetés,achetées,11,M,S,achetés,-8.130659,achetées,-12.781608,1
7951,P_NOUN_8_PASS_b,M,P,les sacs avec le vase que j' aime beaucoup ne sont probablement pas brisés <eos>,13,brisés,brisées,11,M,S,brisés,-10.0738,brisées,-11.684852,1
7952,P_NOUN_8_PASS_b,M,P,les sacs avec le vase que j' aime beaucoup ne sont probablement pas cachés <eos>,13,cachés,cachées,11,M,S,cachés,-7.231559,cachées,-11.095428,1
7953,P_NOUN_8_PASS_b,M,P,les sacs avec le vase que j' aime beaucoup ne sont probablement pas cassés <eos>,13,cassés,cassées,11,M,S,cassés,-9.0660305,cassées,-10.788353,1
7954,P_NOUN_8_PASS_b,M,P,les sacs avec le vase que j' aime beaucoup ne sont probablement pas couverts <eos>,13,couverts,couvertes,11,M,S,couverts,-6.384444,couvertes,-10.49162,1
7955,P_NOUN_8_PASS_b,M,P,les sacs avec le vase que j' aime beaucoup ne sont probablement pas déformés <eos>,13,déformés,déformées,11,M,S,déformés,-11.517203,déformées,-10.976839,0
7956,P_NOUN_8_PASS_b,M,P,les sacs avec le vase que j' aime beaucoup ne sont probablement pas fixés <eos>,13,fixés,fixées,11,M,S,fixés,-7.800177,fixées,-11.126942,1
7957,P_NOUN_8_PASS_b,M,P,les sacs avec le vase que j' aime beaucoup ne sont probablement pas jetés <eos>,13,jetés,jetées,11,M,S,jetés,-7.170286,jetées,-10.721814,1
7958,P_NOUN_8_PASS_b,M,P,les sacs avec le vase que j' aime beaucoup ne sont probablement pas laissés <eos>,13,laissés,laissées,11,M,S,laissés,-7.5699515,laissées,-11.005295,1
7959,P_NOUN_8_PASS_b,M,P,les sacs avec le vase que j' aime beaucoup ne sont probablement pas ouverts <eos>,13,ouverts,ouvertes,11,M,S,ouverts,-7.2259283,ouvertes,-10.929893,1
7960,P_NOUN_8_PASS_b,M,P,les sacs avec le vase que j' aime beaucoup ne sont probablement pas perdus <eos>,13,perdus,perdues,11,M,S,perdus,-6.3906765,perdues,-10.244438,1
7961,P_NOUN_8_PASS_b,M,P,les sacs avec le vase que j' aime beaucoup ne sont probablement pas réparés <eos>,13,réparés,réparées,11,M,S,réparés,-10.133463,réparées,-11.696818,1
7962,P_NOUN_8_PASS_b,M,P,les sacs avec le vase que j' aime beaucoup ne sont probablement pas retirés <eos>,13,retirés,retirées,11,M,S,retirés,-8.173655,retirées,-10.69627,1
7963,P_NOUN_8_PASS_b,M,P,les sacs avec le vase que j' aime beaucoup ne sont probablement pas tombés <eos>,13,tombés,tombées,11,M,S,tombés,-6.751398,tombées,-10.314629,1
7964,P_NOUN_8_PASS_b,M,P,les sacs avec le vase que j' aime beaucoup ne sont probablement pas utilisés <eos>,13,utilisés,utilisées,11,M,S,utilisés,-4.8017483,utilisées,-8.461417,1
7965,P_NOUN_8_PASS_b,M,P,les sacs avec le panier que j' aime beaucoup ne sont probablement pas achetés <eos>,13,achetés,achetées,11,M,S,achetés,-7.9713206,achetées,-12.2889595,1
7966,P_NOUN_8_PASS_b,M,P,les sacs avec le panier que j' aime beaucoup ne sont probablement pas brisés <eos>,13,brisés,brisées,11,M,S,brisés,-10.164533,brisées,-11.615177,1
7967,P_NOUN_8_PASS_b,M,P,les sacs avec le panier que j' aime beaucoup ne sont probablement pas cachés <eos>,13,cachés,cachées,11,M,S,cachés,-7.4530993,cachées,-11.646013,1
7968,P_NOUN_8_PASS_b,M,P,les sacs avec le panier que j' aime beaucoup ne sont probablement pas cassés <eos>,13,cassés,cassées,11,M,S,cassés,-9.288418,cassées,-10.645777,1
7969,P_NOUN_8_PASS_b,M,P,les sacs avec le panier que j' aime beaucoup ne sont probablement pas couverts <eos>,13,couverts,couvertes,11,M,S,couverts,-6.396613,couvertes,-10.680077,1
7970,P_NOUN_8_PASS_b,M,P,les sacs avec le panier que j' aime beaucoup ne sont probablement pas déformés <eos>,13,déformés,déformées,11,M,S,déformés,-12.093191,déformées,-11.395936,0
7971,P_NOUN_8_PASS_b,M,P,les sacs avec le panier que j' aime beaucoup ne sont probablement pas fixés <eos>,13,fixés,fixées,11,M,S,fixés,-7.5146055,fixées,-10.947998,1
7972,P_NOUN_8_PASS_b,M,P,les sacs avec le panier que j' aime beaucoup ne sont probablement pas jetés <eos>,13,jetés,jetées,11,M,S,jetés,-7.374019,jetées,-11.024023,1
7973,P_NOUN_8_PASS_b,M,P,les sacs avec le panier que j' aime beaucoup ne sont probablement pas laissés <eos>,13,laissés,laissées,11,M,S,laissés,-7.843692,laissées,-11.011942,1
7974,P_NOUN_8_PASS_b,M,P,les sacs avec le panier que j' aime beaucoup ne sont probablement pas ouverts <eos>,13,ouverts,ouvertes,11,M,S,ouverts,-7.489155,ouvertes,-11.221945,1
7975,P_NOUN_8_PASS_b,M,P,les sacs avec le panier que j' aime beaucoup ne sont probablement pas perdus <eos>,13,perdus,perdues,11,M,S,perdus,-6.5875654,perdues,-10.329097,1
7976,P_NOUN_8_PASS_b,M,P,les sacs avec le panier que j' aime beaucoup ne sont probablement pas réparés <eos>,13,réparés,réparées,11,M,S,réparés,-10.611511,réparées,-11.920275,1
7977,P_NOUN_8_PASS_b,M,P,les sacs avec le panier que j' aime beaucoup ne sont probablement pas retirés <eos>,13,retirés,retirées,11,M,S,retirés,-7.9501204,retirées,-10.637545,1
7978,P_NOUN_8_PASS_b,M,P,les sacs avec le panier que j' aime beaucoup ne sont probablement pas tombés <eos>,13,tombés,tombées,11,M,S,tombés,-7.093712,tombées,-11.0041895,1
7979,P_NOUN_8_PASS_b,M,P,les sacs avec le panier que j' aime beaucoup ne sont probablement pas utilisés <eos>,13,utilisés,utilisées,11,M,S,utilisés,-4.387163,utilisées,-8.190012,1
7980,P_NOUN_8_PASS_b,M,P,les sacs avec le collier que j' aime beaucoup ne sont probablement pas achetés <eos>,13,achetés,achetées,11,M,S,achetés,-8.478378,achetées,-12.985325,1
7981,P_NOUN_8_PASS_b,M,P,les sacs avec le collier que j' aime beaucoup ne sont probablement pas brisés <eos>,13,brisés,brisées,11,M,S,brisés,-10.144801,brisées,-11.569241,1
7982,P_NOUN_8_PASS_b,M,P,les sacs avec le collier que j' aime beaucoup ne sont probablement pas cachés <eos>,13,cachés,cachées,11,M,S,cachés,-7.300747,cachées,-11.235311,1
7983,P_NOUN_8_PASS_b,M,P,les sacs avec le collier que j' aime beaucoup ne sont probablement pas cassés <eos>,13,cassés,cassées,11,M,S,cassés,-9.439555,cassées,-10.47561,1
7984,P_NOUN_8_PASS_b,M,P,les sacs avec le collier que j' aime beaucoup ne sont probablement pas couverts <eos>,13,couverts,couvertes,11,M,S,couverts,-6.76411,couvertes,-11.077486,1
7985,P_NOUN_8_PASS_b,M,P,les sacs avec le collier que j' aime beaucoup ne sont probablement pas déformés <eos>,13,déformés,déformées,11,M,S,déformés,-11.709509,déformées,-11.301553,0
7986,P_NOUN_8_PASS_b,M,P,les sacs avec le collier que j' aime beaucoup ne sont probablement pas fixés <eos>,13,fixés,fixées,11,M,S,fixés,-7.924912,fixées,-10.905939,1
7987,P_NOUN_8_PASS_b,M,P,les sacs avec le collier que j' aime beaucoup ne sont probablement pas jetés <eos>,13,jetés,jetées,11,M,S,jetés,-7.1446295,jetées,-10.751064,1
7988,P_NOUN_8_PASS_b,M,P,les sacs avec le collier que j' aime beaucoup ne sont probablement pas laissés <eos>,13,laissés,laissées,11,M,S,laissés,-8.008005,laissées,-11.425259,1
7989,P_NOUN_8_PASS_b,M,P,les sacs avec le collier que j' aime beaucoup ne sont probablement pas ouverts <eos>,13,ouverts,ouvertes,11,M,S,ouverts,-7.9141674,ouvertes,-11.579948,1
7990,P_NOUN_8_PASS_b,M,P,les sacs avec le collier que j' aime beaucoup ne sont probablement pas perdus <eos>,13,perdus,perdues,11,M,S,perdus,-6.851927,perdues,-10.406701,1
7991,P_NOUN_8_PASS_b,M,P,les sacs avec le collier que j' aime beaucoup ne sont probablement pas réparés <eos>,13,réparés,réparées,11,M,S,réparés,-10.895717,réparées,-12.405119,1
7992,P_NOUN_8_PASS_b,M,P,les sacs avec le collier que j' aime beaucoup ne sont probablement pas retirés <eos>,13,retirés,retirées,11,M,S,retirés,-8.247774,retirées,-11.024855,1
7993,P_NOUN_8_PASS_b,M,P,les sacs avec le collier que j' aime beaucoup ne sont probablement pas tombés <eos>,13,tombés,tombées,11,M,S,tombés,-6.513093,tombées,-10.86539,1
7994,P_NOUN_8_PASS_b,M,P,les sacs avec le collier que j' aime beaucoup ne sont probablement pas utilisés <eos>,13,utilisés,utilisées,11,M,S,utilisés,-4.519079,utilisées,-8.434042,1
7995,P_NOUN_8_PASS_b,M,P,les sacs avec le chapeau que j' aime beaucoup ne sont probablement pas achetés <eos>,13,achetés,achetées,11,M,S,achetés,-8.398867,achetées,-12.940818,1
7996,P_NOUN_8_PASS_b,M,P,les sacs avec le chapeau que j' aime beaucoup ne sont probablement pas brisés <eos>,13,brisés,brisées,11,M,S,brisés,-10.192999,brisées,-11.724499,1
7997,P_NOUN_8_PASS_b,M,P,les sacs avec le chapeau que j' aime beaucoup ne sont probablement pas cachés <eos>,13,cachés,cachées,11,M,S,cachés,-7.09847,cachées,-10.977791,1
7998,P_NOUN_8_PASS_b,M,P,les sacs avec le chapeau que j' aime beaucoup ne sont probablement pas cassés <eos>,13,cassés,cassées,11,M,S,cassés,-9.371678,cassées,-10.294724,1
7999,P_NOUN_8_PASS_b,M,P,les sacs avec le chapeau que j' aime beaucoup ne sont probablement pas couverts <eos>,13,couverts,couvertes,11,M,S,couverts,-6.6271887,couvertes,-10.736709,1
8000,P_NOUN_8_PASS_b,M,P,les sacs avec le chapeau que j' aime beaucoup ne sont probablement pas déformés <eos>,13,déformés,déformées,11,M,S,déformés,-11.61654,déformées,-11.01203,0
8001,P_NOUN_8_PASS_b,M,P,les sacs avec le chapeau que j' aime beaucoup ne sont probablement pas fixés <eos>,13,fixés,fixées,11,M,S,fixés,-8.242824,fixées,-11.203324,1
8002,P_NOUN_8_PASS_b,M,P,les sacs avec le chapeau que j' aime beaucoup ne sont probablement pas jetés <eos>,13,jetés,jetées,11,M,S,jetés,-7.2662077,jetées,-10.775907,1
8003,P_NOUN_8_PASS_b,M,P,les sacs avec le chapeau que j' aime beaucoup ne sont probablement pas laissés <eos>,13,laissés,laissées,11,M,S,laissés,-7.9127326,laissées,-11.350613,1
8004,P_NOUN_8_PASS_b,M,P,les sacs avec le chapeau que j' aime beaucoup ne sont probablement pas ouverts <eos>,13,ouverts,ouvertes,11,M,S,ouverts,-7.5508327,ouvertes,-11.221022,1
8005,P_NOUN_8_PASS_b,M,P,les sacs avec le chapeau que j' aime beaucoup ne sont probablement pas perdus <eos>,13,perdus,perdues,11,M,S,perdus,-6.887616,perdues,-10.370517,1
8006,P_NOUN_8_PASS_b,M,P,les sacs avec le chapeau que j' aime beaucoup ne sont probablement pas réparés <eos>,13,réparés,réparées,11,M,S,réparés,-11.029273,réparées,-12.386361,1
8007,P_NOUN_8_PASS_b,M,P,les sacs avec le chapeau que j' aime beaucoup ne sont probablement pas retirés <eos>,13,retirés,retirées,11,M,S,retirés,-8.169516,retirées,-10.844326,1
8008,P_NOUN_8_PASS_b,M,P,les sacs avec le chapeau que j' aime beaucoup ne sont probablement pas tombés <eos>,13,tombés,tombées,11,M,S,tombés,-6.766759,tombées,-10.620005,1
8009,P_NOUN_8_PASS_b,M,P,les sacs avec le chapeau que j' aime beaucoup ne sont probablement pas utilisés <eos>,13,utilisés,utilisées,11,M,S,utilisés,-4.6636953,utilisées,-8.312727,1
8010,P_NOUN_8_PASS_b,M,P,les sacs avec le pot que j' aime beaucoup ne sont probablement pas achetés <eos>,13,achetés,achetées,11,M,S,achetés,-8.195946,achetées,-12.739589,1
8011,P_NOUN_8_PASS_b,M,P,les sacs avec le pot que j' aime beaucoup ne sont probablement pas brisés <eos>,13,brisés,brisées,11,M,S,brisés,-10.168369,brisées,-11.771032,1
8012,P_NOUN_8_PASS_b,M,P,les sacs avec le pot que j' aime beaucoup ne sont probablement pas cachés <eos>,13,cachés,cachées,11,M,S,cachés,-7.3189144,cachées,-11.38867,1
8013,P_NOUN_8_PASS_b,M,P,les sacs avec le pot que j' aime beaucoup ne sont probablement pas cassés <eos>,13,cassés,cassées,11,M,S,cassés,-9.196035,cassées,-10.598339,1
8014,P_NOUN_8_PASS_b,M,P,les sacs avec le pot que j' aime beaucoup ne sont probablement pas couverts <eos>,13,couverts,couvertes,11,M,S,couverts,-6.283077,couvertes,-10.524513,1
8015,P_NOUN_8_PASS_b,M,P,les sacs avec le pot que j' aime beaucoup ne sont probablement pas déformés <eos>,13,déformés,déformées,11,M,S,déformés,-11.782763,déformées,-11.3860855,0
8016,P_NOUN_8_PASS_b,M,P,les sacs avec le pot que j' aime beaucoup ne sont probablement pas fixés <eos>,13,fixés,fixées,11,M,S,fixés,-7.71231,fixées,-11.011293,1
8017,P_NOUN_8_PASS_b,M,P,les sacs avec le pot que j' aime beaucoup ne sont probablement pas jetés <eos>,13,jetés,jetées,11,M,S,jetés,-7.4635086,jetées,-10.949893,1
8018,P_NOUN_8_PASS_b,M,P,les sacs avec le pot que j' aime beaucoup ne sont probablement pas laissés <eos>,13,laissés,laissées,11,M,S,laissés,-7.798917,laissées,-10.998626,1
8019,P_NOUN_8_PASS_b,M,P,les sacs avec le pot que j' aime beaucoup ne sont probablement pas ouverts <eos>,13,ouverts,ouvertes,11,M,S,ouverts,-7.742754,ouvertes,-11.368839,1
8020,P_NOUN_8_PASS_b,M,P,les sacs avec le pot que j' aime beaucoup ne sont probablement pas perdus <eos>,13,perdus,perdues,11,M,S,perdus,-6.815417,perdues,-10.4870205,1
8021,P_NOUN_8_PASS_b,M,P,les sacs avec le pot que j' aime beaucoup ne sont probablement pas réparés <eos>,13,réparés,réparées,11,M,S,réparés,-10.398401,réparées,-11.943121,1
8022,P_NOUN_8_PASS_b,M,P,les sacs avec le pot que j' aime beaucoup ne sont probablement pas retirés <eos>,13,retirés,retirées,11,M,S,retirés,-8.171207,retirées,-10.660963,1
8023,P_NOUN_8_PASS_b,M,P,les sacs avec le pot que j' aime beaucoup ne sont probablement pas tombés <eos>,13,tombés,tombées,11,M,S,tombés,-6.816553,tombées,-10.581986,1
8024,P_NOUN_8_PASS_b,M,P,les sacs avec le pot que j' aime beaucoup ne sont probablement pas utilisés <eos>,13,utilisés,utilisées,11,M,S,utilisés,-4.370922,utilisées,-8.221901,1
8025,P_NOUN_8_PASS_b,M,P,les sacs avec le coussin que j' aime beaucoup ne sont probablement pas achetés <eos>,13,achetés,achetées,11,M,S,achetés,-8.810703,achetées,-13.154475,1
8026,P_NOUN_8_PASS_b,M,P,les sacs avec le coussin que j' aime beaucoup ne sont probablement pas brisés <eos>,13,brisés,brisées,11,M,S,brisés,-9.960941,brisées,-11.607095,1
8027,P_NOUN_8_PASS_b,M,P,les sacs avec le coussin que j' aime beaucoup ne sont probablement pas cachés <eos>,13,cachés,cachées,11,M,S,cachés,-7.228174,cachées,-11.321627,1
8028,P_NOUN_8_PASS_b,M,P,les sacs avec le coussin que j' aime beaucoup ne sont probablement pas cassés <eos>,13,cassés,cassées,11,M,S,cassés,-9.493576,cassées,-10.355356,1
8029,P_NOUN_8_PASS_b,M,P,les sacs avec le coussin que j' aime beaucoup ne sont probablement pas couverts <eos>,13,couverts,couvertes,11,M,S,couverts,-6.891143,couvertes,-10.527943,1
8030,P_NOUN_8_PASS_b,M,P,les sacs avec le coussin que j' aime beaucoup ne sont probablement pas déformés <eos>,13,déformés,déformées,11,M,S,déformés,-11.700751,déformées,-11.101794,0
8031,P_NOUN_8_PASS_b,M,P,les sacs avec le coussin que j' aime beaucoup ne sont probablement pas fixés <eos>,13,fixés,fixées,11,M,S,fixés,-7.665147,fixées,-10.647211,1
8032,P_NOUN_8_PASS_b,M,P,les sacs avec le coussin que j' aime beaucoup ne sont probablement pas jetés <eos>,13,jetés,jetées,11,M,S,jetés,-7.603716,jetées,-10.923441,1
8033,P_NOUN_8_PASS_b,M,P,les sacs avec le coussin que j' aime beaucoup ne sont probablement pas laissés <eos>,13,laissés,laissées,11,M,S,laissés,-8.086983,laissées,-11.233143,1
8034,P_NOUN_8_PASS_b,M,P,les sacs avec le coussin que j' aime beaucoup ne sont probablement pas ouverts <eos>,13,ouverts,ouvertes,11,M,S,ouverts,-7.807745,ouvertes,-11.272842,1
8035,P_NOUN_8_PASS_b,M,P,les sacs avec le coussin que j' aime beaucoup ne sont probablement pas perdus <eos>,13,perdus,perdues,11,M,S,perdus,-7.127979,perdues,-10.707014,1
8036,P_NOUN_8_PASS_b,M,P,les sacs avec le coussin que j' aime beaucoup ne sont probablement pas réparés <eos>,13,réparés,réparées,11,M,S,réparés,-10.956102,réparées,-12.326288,1
8037,P_NOUN_8_PASS_b,M,P,les sacs avec le coussin que j' aime beaucoup ne sont probablement pas retirés <eos>,13,retirés,retirées,11,M,S,retirés,-8.114603,retirées,-10.777241,1
8038,P_NOUN_8_PASS_b,M,P,les sacs avec le coussin que j' aime beaucoup ne sont probablement pas tombés <eos>,13,tombés,tombées,11,M,S,tombés,-7.0429373,tombées,-10.913867,1
8039,P_NOUN_8_PASS_b,M,P,les sacs avec le coussin que j' aime beaucoup ne sont probablement pas utilisés <eos>,13,utilisés,utilisées,11,M,S,utilisés,-4.255185,utilisées,-8.077505,1
8040,P_NOUN_8_PASS_b,M,P,les sacs avec le jouet que j' aime beaucoup ne sont probablement pas achetés <eos>,13,achetés,achetées,11,M,S,achetés,-8.3985405,achetées,-13.292351,1
8041,P_NOUN_8_PASS_b,M,P,les sacs avec le jouet que j' aime beaucoup ne sont probablement pas brisés <eos>,13,brisés,brisées,11,M,S,brisés,-10.075813,brisées,-11.68428,1
8042,P_NOUN_8_PASS_b,M,P,les sacs avec le jouet que j' aime beaucoup ne sont probablement pas cachés <eos>,13,cachés,cachées,11,M,S,cachés,-7.4539757,cachées,-11.284236,1
8043,P_NOUN_8_PASS_b,M,P,les sacs avec le jouet que j' aime beaucoup ne sont probablement pas cassés <eos>,13,cassés,cassées,11,M,S,cassés,-9.517233,cassées,-10.584716,1
8044,P_NOUN_8_PASS_b,M,P,les sacs avec le jouet que j' aime beaucoup ne sont probablement pas couverts <eos>,13,couverts,couvertes,11,M,S,couverts,-6.796438,couvertes,-10.851532,1
8045,P_NOUN_8_PASS_b,M,P,les sacs avec le jouet que j' aime beaucoup ne sont probablement pas déformés <eos>,13,déformés,déformées,11,M,S,déformés,-11.524912,déformées,-11.209679,0
8046,P_NOUN_8_PASS_b,M,P,les sacs avec le jouet que j' aime beaucoup ne sont probablement pas fixés <eos>,13,fixés,fixées,11,M,S,fixés,-7.895315,fixées,-10.944962,1
8047,P_NOUN_8_PASS_b,M,P,les sacs avec le jouet que j' aime beaucoup ne sont probablement pas jetés <eos>,13,jetés,jetées,11,M,S,jetés,-7.5378675,jetées,-11.056886,1
8048,P_NOUN_8_PASS_b,M,P,les sacs avec le jouet que j' aime beaucoup ne sont probablement pas laissés <eos>,13,laissés,laissées,11,M,S,laissés,-8.195038,laissées,-11.432955,1
8049,P_NOUN_8_PASS_b,M,P,les sacs avec le jouet que j' aime beaucoup ne sont probablement pas ouverts <eos>,13,ouverts,ouvertes,11,M,S,ouverts,-7.6028805,ouvertes,-11.327232,1
8050,P_NOUN_8_PASS_b,M,P,les sacs avec le jouet que j' aime beaucoup ne sont probablement pas perdus <eos>,13,perdus,perdues,11,M,S,perdus,-7.0980005,perdues,-10.810908,1
8051,P_NOUN_8_PASS_b,M,P,les sacs avec le jouet que j' aime beaucoup ne sont probablement pas réparés <eos>,13,réparés,réparées,11,M,S,réparés,-11.279627,réparées,-12.5682125,1
8052,P_NOUN_8_PASS_b,M,P,les sacs avec le jouet que j' aime beaucoup ne sont probablement pas retirés <eos>,13,retirés,retirées,11,M,S,retirés,-8.462803,retirées,-11.005858,1
8053,P_NOUN_8_PASS_b,M,P,les sacs avec le jouet que j' aime beaucoup ne sont probablement pas tombés <eos>,13,tombés,tombées,11,M,S,tombés,-7.3793144,tombées,-11.106626,1
8054,P_NOUN_8_PASS_b,M,P,les sacs avec le jouet que j' aime beaucoup ne sont probablement pas utilisés <eos>,13,utilisés,utilisées,11,M,S,utilisés,-4.5823097,utilisées,-8.332815,1
8055,P_NOUN_8_PASS_b,M,P,les sacs avec le clou que j' aime beaucoup ne sont probablement pas achetés <eos>,13,achetés,achetées,11,M,S,achetés,-8.597521,achetées,-12.974514,1
8056,P_NOUN_8_PASS_b,M,P,les sacs avec le clou que j' aime beaucoup ne sont probablement pas brisés <eos>,13,brisés,brisées,11,M,S,brisés,-9.997981,brisées,-11.635863,1
8057,P_NOUN_8_PASS_b,M,P,les sacs avec le clou que j' aime beaucoup ne sont probablement pas cachés <eos>,13,cachés,cachées,11,M,S,cachés,-7.496257,cachées,-11.172596,1
8058,P_NOUN_8_PASS_b,M,P,les sacs avec le clou que j' aime beaucoup ne sont probablement pas cassés <eos>,13,cassés,cassées,11,M,S,cassés,-9.16642,cassées,-10.359739,1
8059,P_NOUN_8_PASS_b,M,P,les sacs avec le clou que j' aime beaucoup ne sont probablement pas couverts <eos>,13,couverts,couvertes,11,M,S,couverts,-6.646323,couvertes,-10.612142,1
8060,P_NOUN_8_PASS_b,M,P,les sacs avec le clou que j' aime beaucoup ne sont probablement pas déformés <eos>,13,déformés,déformées,11,M,S,déformés,-11.479463,déformées,-11.125669,0
8061,P_NOUN_8_PASS_b,M,P,les sacs avec le clou que j' aime beaucoup ne sont probablement pas fixés <eos>,13,fixés,fixées,11,M,S,fixés,-7.9822936,fixées,-10.923449,1
8062,P_NOUN_8_PASS_b,M,P,les sacs avec le clou que j' aime beaucoup ne sont probablement pas jetés <eos>,13,jetés,jetées,11,M,S,jetés,-7.606067,jetées,-11.099354,1
8063,P_NOUN_8_PASS_b,M,P,les sacs avec le clou que j' aime beaucoup ne sont probablement pas laissés <eos>,13,laissés,laissées,11,M,S,laissés,-8.0388975,laissées,-11.393648,1
8064,P_NOUN_8_PASS_b,M,P,les sacs avec le clou que j' aime beaucoup ne sont probablement pas ouverts <eos>,13,ouverts,ouvertes,11,M,S,ouverts,-7.7464504,ouvertes,-11.268581,1
8065,P_NOUN_8_PASS_b,M,P,les sacs avec le clou que j' aime beaucoup ne sont probablement pas perdus <eos>,13,perdus,perdues,11,M,S,perdus,-6.8389683,perdues,-10.442496,1
8066,P_NOUN_8_PASS_b,M,P,les sacs avec le clou que j' aime beaucoup ne sont probablement pas réparés <eos>,13,réparés,réparées,11,M,S,réparés,-10.867271,réparées,-12.023312,1
8067,P_NOUN_8_PASS_b,M,P,les sacs avec le clou que j' aime beaucoup ne sont probablement pas retirés <eos>,13,retirés,retirées,11,M,S,retirés,-8.252918,retirées,-10.64246,1
8068,P_NOUN_8_PASS_b,M,P,les sacs avec le clou que j' aime beaucoup ne sont probablement pas tombés <eos>,13,tombés,tombées,11,M,S,tombés,-6.7436905,tombées,-10.544445,1
8069,P_NOUN_8_PASS_b,M,P,les sacs avec le clou que j' aime beaucoup ne sont probablement pas utilisés <eos>,13,utilisés,utilisées,11,M,S,utilisés,-4.746642,utilisées,-8.418135,1
8070,P_NOUN_8_PASS_b,M,P,les sacs avec le billet que j' aime beaucoup ne sont probablement pas achetés <eos>,13,achetés,achetées,11,M,S,achetés,-8.134616,achetées,-12.138933,1
8071,P_NOUN_8_PASS_b,M,P,les sacs avec le billet que j' aime beaucoup ne sont probablement pas brisés <eos>,13,brisés,brisées,11,M,S,brisés,-10.891121,brisées,-12.013105,1
8072,P_NOUN_8_PASS_b,M,P,les sacs avec le billet que j' aime beaucoup ne sont probablement pas cachés <eos>,13,cachés,cachées,11,M,S,cachés,-6.966958,cachées,-11.376303,1
8073,P_NOUN_8_PASS_b,M,P,les sacs avec le billet que j' aime beaucoup ne sont probablement pas cassés <eos>,13,cassés,cassées,11,M,S,cassés,-9.808114,cassées,-10.937516,1
8074,P_NOUN_8_PASS_b,M,P,les sacs avec le billet que j' aime beaucoup ne sont probablement pas couverts <eos>,13,couverts,couvertes,11,M,S,couverts,-6.929826,couvertes,-11.299407,1
8075,P_NOUN_8_PASS_b,M,P,les sacs avec le billet que j' aime beaucoup ne sont probablement pas déformés <eos>,13,déformés,déformées,11,M,S,déformés,-12.201348,déformées,-11.647274,0
8076,P_NOUN_8_PASS_b,M,P,les sacs avec le billet que j' aime beaucoup ne sont probablement pas fixés <eos>,13,fixés,fixées,11,M,S,fixés,-7.6496353,fixées,-10.780253,1
8077,P_NOUN_8_PASS_b,M,P,les sacs avec le billet que j' aime beaucoup ne sont probablement pas jetés <eos>,13,jetés,jetées,11,M,S,jetés,-7.422101,jetées,-10.964378,1
8078,P_NOUN_8_PASS_b,M,P,les sacs avec le billet que j' aime beaucoup ne sont probablement pas laissés <eos>,13,laissés,laissées,11,M,S,laissés,-8.281938,laissées,-11.4347725,1
8079,P_NOUN_8_PASS_b,M,P,les sacs avec le billet que j' aime beaucoup ne sont probablement pas ouverts <eos>,13,ouverts,ouvertes,11,M,S,ouverts,-7.9276047,ouvertes,-11.80246,1
8080,P_NOUN_8_PASS_b,M,P,les sacs avec le billet que j' aime beaucoup ne sont probablement pas perdus <eos>,13,perdus,perdues,11,M,S,perdus,-6.7404747,perdues,-10.008476,1
8081,P_NOUN_8_PASS_b,M,P,les sacs avec le billet que j' aime beaucoup ne sont probablement pas réparés <eos>,13,réparés,réparées,11,M,S,réparés,-11.298206,réparées,-12.459339,1
8082,P_NOUN_8_PASS_b,M,P,les sacs avec le billet que j' aime beaucoup ne sont probablement pas retirés <eos>,13,retirés,retirées,11,M,S,retirés,-7.9126987,retirées,-10.579824,1
8083,P_NOUN_8_PASS_b,M,P,les sacs avec le billet que j' aime beaucoup ne sont probablement pas tombés <eos>,13,tombés,tombées,11,M,S,tombés,-7.035547,tombées,-10.996227,1
8084,P_NOUN_8_PASS_b,M,P,les sacs avec le billet que j' aime beaucoup ne sont probablement pas utilisés <eos>,13,utilisés,utilisées,11,M,S,utilisés,-4.471858,utilisées,-8.184713,1
8085,P_NOUN_8_PASS_b,M,P,les sacs avec le légume que j' aime beaucoup ne sont probablement pas achetés <eos>,13,achetés,achetées,11,M,S,achetés,-8.188531,achetées,-13.081326,1
8086,P_NOUN_8_PASS_b,M,P,les sacs avec le légume que j' aime beaucoup ne sont probablement pas brisés <eos>,13,brisés,brisées,11,M,S,brisés,-10.47479,brisées,-12.045407,1
8087,P_NOUN_8_PASS_b,M,P,les sacs avec le légume que j' aime beaucoup ne sont probablement pas cachés <eos>,13,cachés,cachées,11,M,S,cachés,-8.022188,cachées,-11.937792,1
8088,P_NOUN_8_PASS_b,M,P,les sacs avec le légume que j' aime beaucoup ne sont probablement pas cassés <eos>,13,cassés,cassées,11,M,S,cassés,-9.1611,cassées,-10.793394,1
8089,P_NOUN_8_PASS_b,M,P,les sacs avec le légume que j' aime beaucoup ne sont probablement pas couverts <eos>,13,couverts,couvertes,11,M,S,couverts,-5.8085346,couvertes,-10.454458,1
8090,P_NOUN_8_PASS_b,M,P,les sacs avec le légume que j' aime beaucoup ne sont probablement pas déformés <eos>,13,déformés,déformées,11,M,S,déformés,-12.146368,déformées,-11.937792,0
8091,P_NOUN_8_PASS_b,M,P,les sacs avec le légume que j' aime beaucoup ne sont probablement pas fixés <eos>,13,fixés,fixées,11,M,S,fixés,-8.13276,fixées,-11.459033,1
8092,P_NOUN_8_PASS_b,M,P,les sacs avec le légume que j' aime beaucoup ne sont probablement pas jetés <eos>,13,jetés,jetées,11,M,S,jetés,-8.33677,jetées,-11.191188,1
8093,P_NOUN_8_PASS_b,M,P,les sacs avec le légume que j' aime beaucoup ne sont probablement pas laissés <eos>,13,laissés,laissées,11,M,S,laissés,-7.6886053,laissées,-10.876785,1
8094,P_NOUN_8_PASS_b,M,P,les sacs avec le légume que j' aime beaucoup ne sont probablement pas ouverts <eos>,13,ouverts,ouvertes,11,M,S,ouverts,-7.3739567,ouvertes,-11.31204,1
8095,P_NOUN_8_PASS_b,M,P,les sacs avec le légume que j' aime beaucoup ne sont probablement pas perdus <eos>,13,perdus,perdues,11,M,S,perdus,-7.045882,perdues,-10.782449,1
8096,P_NOUN_8_PASS_b,M,P,les sacs avec le légume que j' aime beaucoup ne sont probablement pas réparés <eos>,13,réparés,réparées,11,M,S,réparés,-10.783022,réparées,-12.681562,1
8097,P_NOUN_8_PASS_b,M,P,les sacs avec le légume que j' aime beaucoup ne sont probablement pas retirés <eos>,13,retirés,retirées,11,M,S,retirés,-8.582082,retirées,-11.323518,1
8098,P_NOUN_8_PASS_b,M,P,les sacs avec le légume que j' aime beaucoup ne sont probablement pas tombés <eos>,13,tombés,tombées,11,M,S,tombés,-6.9663296,tombées,-10.757912,1
8099,P_NOUN_8_PASS_b,M,P,les sacs avec le légume que j' aime beaucoup ne sont probablement pas utilisés <eos>,13,utilisés,utilisées,11,M,S,utilisés,-4.686975,utilisées,-8.462977,1
8100,P_NOUN_8_PASS_b,M,P,les claviers avec le bracelet que j' aime beaucoup ne sont probablement pas achetés <eos>,13,achetés,achetées,11,M,S,achetés,-9.120771,achetées,-12.766395,1
8101,P_NOUN_8_PASS_b,M,P,les claviers avec le bracelet que j' aime beaucoup ne sont probablement pas brisés <eos>,13,brisés,brisées,11,M,S,brisés,-10.483039,brisées,-11.409989,1
8102,P_NOUN_8_PASS_b,M,P,les claviers avec le bracelet que j' aime beaucoup ne sont probablement pas cachés <eos>,13,cachés,cachées,11,M,S,cachés,-7.9237056,cachées,-11.742353,1
8103,P_NOUN_8_PASS_b,M,P,les claviers avec le bracelet que j' aime beaucoup ne sont probablement pas cassés <eos>,13,cassés,cassées,11,M,S,cassés,-10.116013,cassées,-11.240343,1
8104,P_NOUN_8_PASS_b,M,P,les claviers avec le bracelet que j' aime beaucoup ne sont probablement pas couverts <eos>,13,couverts,couvertes,11,M,S,couverts,-7.925806,couvertes,-12.18294,1
8105,P_NOUN_8_PASS_b,M,P,les claviers avec le bracelet que j' aime beaucoup ne sont probablement pas déformés <eos>,13,déformés,déformées,11,M,S,déformés,-12.0622425,déformées,-11.05971,0
8106,P_NOUN_8_PASS_b,M,P,les claviers avec le bracelet que j' aime beaucoup ne sont probablement pas fixés <eos>,13,fixés,fixées,11,M,S,fixés,-7.7019567,fixées,-10.815099,1
8107,P_NOUN_8_PASS_b,M,P,les claviers avec le bracelet que j' aime beaucoup ne sont probablement pas jetés <eos>,13,jetés,jetées,11,M,S,jetés,-8.130249,jetées,-12.067239,1
8108,P_NOUN_8_PASS_b,M,P,les claviers avec le bracelet que j' aime beaucoup ne sont probablement pas laissés <eos>,13,laissés,laissées,11,M,S,laissés,-8.762371,laissées,-11.737398,1
8109,P_NOUN_8_PASS_b,M,P,les claviers avec le bracelet que j' aime beaucoup ne sont probablement pas ouverts <eos>,13,ouverts,ouvertes,11,M,S,ouverts,-8.036918,ouvertes,-11.584998,1
8110,P_NOUN_8_PASS_b,M,P,les claviers avec le bracelet que j' aime beaucoup ne sont probablement pas perdus <eos>,13,perdus,perdues,11,M,S,perdus,-6.395909,perdues,-10.095998,1
8111,P_NOUN_8_PASS_b,M,P,les claviers avec le bracelet que j' aime beaucoup ne sont probablement pas réparés <eos>,13,réparés,réparées,11,M,S,réparés,-11.507669,réparées,-12.759032,1
8112,P_NOUN_8_PASS_b,M,P,les claviers avec le bracelet que j' aime beaucoup ne sont probablement pas retirés <eos>,13,retirés,retirées,11,M,S,retirés,-8.410306,retirées,-10.665824,1
8113,P_NOUN_8_PASS_b,M,P,les claviers avec le bracelet que j' aime beaucoup ne sont probablement pas tombés <eos>,13,tombés,tombées,11,M,S,tombés,-7.072798,tombées,-11.464578,1
8114,P_NOUN_8_PASS_b,M,P,les claviers avec le bracelet que j' aime beaucoup ne sont probablement pas utilisés <eos>,13,utilisés,utilisées,11,M,S,utilisés,-4.6795034,utilisées,-8.518495,1
8115,P_NOUN_8_PASS_b,M,P,les claviers avec le miroir que j' aime beaucoup ne sont probablement pas achetés <eos>,13,achetés,achetées,11,M,S,achetés,-9.572111,achetées,-13.508234,1
8116,P_NOUN_8_PASS_b,M,P,les claviers avec le miroir que j' aime beaucoup ne sont probablement pas brisés <eos>,13,brisés,brisées,11,M,S,brisés,-10.446596,brisées,-11.813519,1
8117,P_NOUN_8_PASS_b,M,P,les claviers avec le miroir que j' aime beaucoup ne sont probablement pas cachés <eos>,13,cachés,cachées,11,M,S,cachés,-8.1668215,cachées,-11.449573,1
8118,P_NOUN_8_PASS_b,M,P,les claviers avec le miroir que j' aime beaucoup ne sont probablement pas cassés <eos>,13,cassés,cassées,11,M,S,cassés,-10.563888,cassées,-11.532846,1
8119,P_NOUN_8_PASS_b,M,P,les claviers avec le miroir que j' aime beaucoup ne sont probablement pas couverts <eos>,13,couverts,couvertes,11,M,S,couverts,-7.930463,couvertes,-11.893374,1
8120,P_NOUN_8_PASS_b,M,P,les claviers avec le miroir que j' aime beaucoup ne sont probablement pas déformés <eos>,13,déformés,déformées,11,M,S,déformés,-11.395814,déformées,-10.212924,0
8121,P_NOUN_8_PASS_b,M,P,les claviers avec le miroir que j' aime beaucoup ne sont probablement pas fixés <eos>,13,fixés,fixées,11,M,S,fixés,-8.264625,fixées,-11.315975,1
8122,P_NOUN_8_PASS_b,M,P,les claviers avec le miroir que j' aime beaucoup ne sont probablement pas jetés <eos>,13,jetés,jetées,11,M,S,jetés,-8.727438,jetées,-12.582125,1
8123,P_NOUN_8_PASS_b,M,P,les claviers avec le miroir que j' aime beaucoup ne sont probablement pas laissés <eos>,13,laissés,laissées,11,M,S,laissés,-8.723953,laissées,-11.825987,1
8124,P_NOUN_8_PASS_b,M,P,les claviers avec le miroir que j' aime beaucoup ne sont probablement pas ouverts <eos>,13,ouverts,ouvertes,11,M,S,ouverts,-7.5147038,ouvertes,-11.107808,1
8125,P_NOUN_8_PASS_b,M,P,les claviers avec le miroir que j' aime beaucoup ne sont probablement pas perdus <eos>,13,perdus,perdues,11,M,S,perdus,-6.5167494,perdues,-10.092801,1
8126,P_NOUN_8_PASS_b,M,P,les claviers avec le miroir que j' aime beaucoup ne sont probablement pas réparés <eos>,13,réparés,réparées,11,M,S,réparés,-11.910019,réparées,-12.710947,1
8127,P_NOUN_8_PASS_b,M,P,les claviers avec le miroir que j' aime beaucoup ne sont probablement pas retirés <eos>,13,retirés,retirées,11,M,S,retirés,-9.031015,retirées,-10.890512,1
8128,P_NOUN_8_PASS_b,M,P,les claviers avec le miroir que j' aime beaucoup ne sont probablement pas tombés <eos>,13,tombés,tombées,11,M,S,tombés,-8.116991,tombées,-11.642084,1
8129,P_NOUN_8_PASS_b,M,P,les claviers avec le miroir que j' aime beaucoup ne sont probablement pas utilisés <eos>,13,utilisés,utilisées,11,M,S,utilisés,-4.884572,utilisées,-8.594383,1
8130,P_NOUN_8_PASS_b,M,P,les claviers avec le crayon que j' aime beaucoup ne sont probablement pas achetés <eos>,13,achetés,achetées,11,M,S,achetés,-8.82473,achetées,-12.898865,1
8131,P_NOUN_8_PASS_b,M,P,les claviers avec le crayon que j' aime beaucoup ne sont probablement pas brisés <eos>,13,brisés,brisées,11,M,S,brisés,-10.825559,brisées,-12.034024,1
8132,P_NOUN_8_PASS_b,M,P,les claviers avec le crayon que j' aime beaucoup ne sont probablement pas cachés <eos>,13,cachés,cachées,11,M,S,cachés,-8.139299,cachées,-11.866693,1
8133,P_NOUN_8_PASS_b,M,P,les claviers avec le crayon que j' aime beaucoup ne sont probablement pas cassés <eos>,13,cassés,cassées,11,M,S,cassés,-10.153352,cassées,-11.376412,1
8134,P_NOUN_8_PASS_b,M,P,les claviers avec le crayon que j' aime beaucoup ne sont probablement pas couverts <eos>,13,couverts,couvertes,11,M,S,couverts,-7.712569,couvertes,-11.76299,1
8135,P_NOUN_8_PASS_b,M,P,les claviers avec le crayon que j' aime beaucoup ne sont probablement pas déformés <eos>,13,déformés,déformées,11,M,S,déformés,-11.863038,déformées,-10.467636,0
8136,P_NOUN_8_PASS_b,M,P,les claviers avec le crayon que j' aime beaucoup ne sont probablement pas fixés <eos>,13,fixés,fixées,11,M,S,fixés,-8.251936,fixées,-11.184538,1
8137,P_NOUN_8_PASS_b,M,P,les claviers avec le crayon que j' aime beaucoup ne sont probablement pas jetés <eos>,13,jetés,jetées,11,M,S,jetés,-8.732977,jetées,-12.35238,1
8138,P_NOUN_8_PASS_b,M,P,les claviers avec le crayon que j' aime beaucoup ne sont probablement pas laissés <eos>,13,laissés,laissées,11,M,S,laissés,-8.464333,laissées,-11.589119,1
8139,P_NOUN_8_PASS_b,M,P,les claviers avec le crayon que j' aime beaucoup ne sont probablement pas ouverts <eos>,13,ouverts,ouvertes,11,M,S,ouverts,-7.8311434,ouvertes,-11.543955,1
8140,P_NOUN_8_PASS_b,M,P,les claviers avec le crayon que j' aime beaucoup ne sont probablement pas perdus <eos>,13,perdus,perdues,11,M,S,perdus,-6.7543774,perdues,-9.973098,1
8141,P_NOUN_8_PASS_b,M,P,les claviers avec le crayon que j' aime beaucoup ne sont probablement pas réparés <eos>,13,réparés,réparées,11,M,S,réparés,-11.410903,réparées,-12.069293,1
8142,P_NOUN_8_PASS_b,M,P,les claviers avec le crayon que j' aime beaucoup ne sont probablement pas retirés <eos>,13,retirés,retirées,11,M,S,retirés,-8.856083,retirées,-10.447531,1
8143,P_NOUN_8_PASS_b,M,P,les claviers avec le crayon que j' aime beaucoup ne sont probablement pas tombés <eos>,13,tombés,tombées,11,M,S,tombés,-8.227709,tombées,-11.432843,1
8144,P_NOUN_8_PASS_b,M,P,les claviers avec le crayon que j' aime beaucoup ne sont probablement pas utilisés <eos>,13,utilisés,utilisées,11,M,S,utilisés,-4.6827793,utilisées,-8.398948,1
8145,P_NOUN_8_PASS_b,M,P,les claviers avec le rideau que j' aime beaucoup ne sont probablement pas achetés <eos>,13,achetés,achetées,11,M,S,achetés,-9.814948,achetées,-13.796273,1
8146,P_NOUN_8_PASS_b,M,P,les claviers avec le rideau que j' aime beaucoup ne sont probablement pas brisés <eos>,13,brisés,brisées,11,M,S,brisés,-10.532587,brisées,-11.864567,1
8147,P_NOUN_8_PASS_b,M,P,les claviers avec le rideau que j' aime beaucoup ne sont probablement pas cachés <eos>,13,cachés,cachées,11,M,S,cachés,-8.567624,cachées,-11.550475,1
8148,P_NOUN_8_PASS_b,M,P,les claviers avec le rideau que j' aime beaucoup ne sont probablement pas cassés <eos>,13,cassés,cassées,11,M,S,cassés,-10.696934,cassées,-11.370211,1
8149,P_NOUN_8_PASS_b,M,P,les claviers avec le rideau que j' aime beaucoup ne sont probablement pas couverts <eos>,13,couverts,couvertes,11,M,S,couverts,-7.6801376,couvertes,-11.628877,1
8150,P_NOUN_8_PASS_b,M,P,les claviers avec le rideau que j' aime beaucoup ne sont probablement pas déformés <eos>,13,déformés,déformées,11,M,S,déformés,-11.461346,déformées,-10.618719,0
8151,P_NOUN_8_PASS_b,M,P,les claviers avec le rideau que j' aime beaucoup ne sont probablement pas fixés <eos>,13,fixés,fixées,11,M,S,fixés,-8.133086,fixées,-11.024199,1
8152,P_NOUN_8_PASS_b,M,P,les claviers avec le rideau que j' aime beaucoup ne sont probablement pas jetés <eos>,13,jetés,jetées,11,M,S,jetés,-8.754899,jetées,-12.364911,1
8153,P_NOUN_8_PASS_b,M,P,les claviers avec le rideau que j' aime beaucoup ne sont probablement pas laissés <eos>,13,laissés,laissées,11,M,S,laissés,-8.822069,laissées,-11.793435,1
8154,P_NOUN_8_PASS_b,M,P,les claviers avec le rideau que j' aime beaucoup ne sont probablement pas ouverts <eos>,13,ouverts,ouvertes,11,M,S,ouverts,-7.5482435,ouvertes,-11.019146,1
8155,P_NOUN_8_PASS_b,M,P,les claviers avec le rideau que j' aime beaucoup ne sont probablement pas perdus <eos>,13,perdus,perdues,11,M,S,perdus,-6.9923887,perdues,-10.583859,1
8156,P_NOUN_8_PASS_b,M,P,les claviers avec le rideau que j' aime beaucoup ne sont probablement pas réparés <eos>,13,réparés,réparées,11,M,S,réparés,-11.419786,réparées,-12.520554,1
8157,P_NOUN_8_PASS_b,M,P,les claviers avec le rideau que j' aime beaucoup ne sont probablement pas retirés <eos>,13,retirés,retirées,11,M,S,retirés,-9.241974,retirées,-10.95723,1
8158,P_NOUN_8_PASS_b,M,P,les claviers avec le rideau que j' aime beaucoup ne sont probablement pas tombés <eos>,13,tombés,tombées,11,M,S,tombés,-8.089724,tombées,-11.635197,1
8159,P_NOUN_8_PASS_b,M,P,les claviers avec le rideau que j' aime beaucoup ne sont probablement pas utilisés <eos>,13,utilisés,utilisées,11,M,S,utilisés,-4.9166527,utilisées,-8.677398,1
8160,P_NOUN_8_PASS_b,M,P,les claviers avec le cahier que j' aime beaucoup ne sont probablement pas achetés <eos>,13,achetés,achetées,11,M,S,achetés,-9.234141,achetées,-13.456712,1
8161,P_NOUN_8_PASS_b,M,P,les claviers avec le cahier que j' aime beaucoup ne sont probablement pas brisés <eos>,13,brisés,brisées,11,M,S,brisés,-11.1123705,brisées,-12.767031,1
8162,P_NOUN_8_PASS_b,M,P,les claviers avec le cahier que j' aime beaucoup ne sont probablement pas cachés <eos>,13,cachés,cachées,11,M,S,cachés,-8.546869,cachées,-12.4150915,1
8163,P_NOUN_8_PASS_b,M,P,les claviers avec le cahier que j' aime beaucoup ne sont probablement pas cassés <eos>,13,cassés,cassées,11,M,S,cassés,-11.403454,cassées,-12.352389,1
8164,P_NOUN_8_PASS_b,M,P,les claviers avec le cahier que j' aime beaucoup ne sont probablement pas couverts <eos>,13,couverts,couvertes,11,M,S,couverts,-7.8521934,couvertes,-12.410238,1
8165,P_NOUN_8_PASS_b,M,P,les claviers avec le cahier que j' aime beaucoup ne sont probablement pas déformés <eos>,13,déformés,déformées,11,M,S,déformés,-11.716207,déformées,-11.052096,0
8166,P_NOUN_8_PASS_b,M,P,les claviers avec le cahier que j' aime beaucoup ne sont probablement pas fixés <eos>,13,fixés,fixées,11,M,S,fixés,-8.465247,fixées,-11.632383,1
8167,P_NOUN_8_PASS_b,M,P,les claviers avec le cahier que j' aime beaucoup ne sont probablement pas jetés <eos>,13,jetés,jetées,11,M,S,jetés,-9.186805,jetées,-13.26317,1
8168,P_NOUN_8_PASS_b,M,P,les claviers avec le cahier que j' aime beaucoup ne sont probablement pas laissés <eos>,13,laissés,laissées,11,M,S,laissés,-8.657951,laissées,-12.537994,1
8169,P_NOUN_8_PASS_b,M,P,les claviers avec le cahier que j' aime beaucoup ne sont probablement pas ouverts <eos>,13,ouverts,ouvertes,11,M,S,ouverts,-7.1504593,ouvertes,-11.240301,1
8170,P_NOUN_8_PASS_b,M,P,les claviers avec le cahier que j' aime beaucoup ne sont probablement pas perdus <eos>,13,perdus,perdues,11,M,S,perdus,-6.2870994,perdues,-10.030312,1
8171,P_NOUN_8_PASS_b,M,P,les claviers avec le cahier que j' aime beaucoup ne sont probablement pas réparés <eos>,13,réparés,réparées,11,M,S,réparés,-11.890252,réparées,-12.874569,1
8172,P_NOUN_8_PASS_b,M,P,les claviers avec le cahier que j' aime beaucoup ne sont probablement pas retirés <eos>,13,retirés,retirées,11,M,S,retirés,-8.942827,retirées,-11.080174,1
8173,P_NOUN_8_PASS_b,M,P,les claviers avec le cahier que j' aime beaucoup ne sont probablement pas tombés <eos>,13,tombés,tombées,11,M,S,tombés,-7.9778814,tombées,-12.071432,1
8174,P_NOUN_8_PASS_b,M,P,les claviers avec le cahier que j' aime beaucoup ne sont probablement pas utilisés <eos>,13,utilisés,utilisées,11,M,S,utilisés,-5.0134144,utilisées,-9.011874,1
8175,P_NOUN_8_PASS_b,M,P,les claviers avec le micro que j' aime beaucoup ne sont probablement pas achetés <eos>,13,achetés,achetées,11,M,S,achetés,-9.512336,achetées,-13.544904,1
8176,P_NOUN_8_PASS_b,M,P,les claviers avec le micro que j' aime beaucoup ne sont probablement pas brisés <eos>,13,brisés,brisées,11,M,S,brisés,-10.774747,brisées,-12.092677,1
8177,P_NOUN_8_PASS_b,M,P,les claviers avec le micro que j' aime beaucoup ne sont probablement pas cachés <eos>,13,cachés,cachées,11,M,S,cachés,-8.300993,cachées,-11.6767025,1
8178,P_NOUN_8_PASS_b,M,P,les claviers avec le micro que j' aime beaucoup ne sont probablement pas cassés <eos>,13,cassés,cassées,11,M,S,cassés,-10.919607,cassées,-11.782941,1
8179,P_NOUN_8_PASS_b,M,P,les claviers avec le micro que j' aime beaucoup ne sont probablement pas couverts <eos>,13,couverts,couvertes,11,M,S,couverts,-7.927371,couvertes,-11.930164,1
8180,P_NOUN_8_PASS_b,M,P,les claviers avec le micro que j' aime beaucoup ne sont probablement pas déformés <eos>,13,déformés,déformées,11,M,S,déformés,-11.670093,déformées,-10.827266,0
8181,P_NOUN_8_PASS_b,M,P,les claviers avec le micro que j' aime beaucoup ne sont probablement pas fixés <eos>,13,fixés,fixées,11,M,S,fixés,-8.087586,fixées,-11.495301,1
8182,P_NOUN_8_PASS_b,M,P,les claviers avec le micro que j' aime beaucoup ne sont probablement pas jetés <eos>,13,jetés,jetées,11,M,S,jetés,-8.918089,jetées,-12.71449,1
8183,P_NOUN_8_PASS_b,M,P,les claviers avec le micro que j' aime beaucoup ne sont probablement pas laissés <eos>,13,laissés,laissées,11,M,S,laissés,-8.855915,laissées,-11.826775,1
8184,P_NOUN_8_PASS_b,M,P,les claviers avec le micro que j' aime beaucoup ne sont probablement pas ouverts <eos>,13,ouverts,ouvertes,11,M,S,ouverts,-7.511391,ouvertes,-11.125658,1
8185,P_NOUN_8_PASS_b,M,P,les claviers avec le micro que j' aime beaucoup ne sont probablement pas perdus <eos>,13,perdus,perdues,11,M,S,perdus,-6.8203483,perdues,-10.475058,1
8186,P_NOUN_8_PASS_b,M,P,les claviers avec le micro que j' aime beaucoup ne sont probablement pas réparés <eos>,13,réparés,réparées,11,M,S,réparés,-11.721249,réparées,-12.697357,1
8187,P_NOUN_8_PASS_b,M,P,les claviers avec le micro que j' aime beaucoup ne sont probablement pas retirés <eos>,13,retirés,retirées,11,M,S,retirés,-9.255642,retirées,-11.091843,1
8188,P_NOUN_8_PASS_b,M,P,les claviers avec le micro que j' aime beaucoup ne sont probablement pas tombés <eos>,13,tombés,tombées,11,M,S,tombés,-8.443787,tombées,-11.9369545,1
8189,P_NOUN_8_PASS_b,M,P,les claviers avec le micro que j' aime beaucoup ne sont probablement pas utilisés <eos>,13,utilisés,utilisées,11,M,S,utilisés,-4.9704084,utilisées,-8.701677,1
8190,P_NOUN_8_PASS_b,M,P,les claviers avec le sac que j' aime beaucoup ne sont probablement pas achetés <eos>,13,achetés,achetées,11,M,S,achetés,-9.412626,achetées,-13.43082,1
8191,P_NOUN_8_PASS_b,M,P,les claviers avec le sac que j' aime beaucoup ne sont probablement pas brisés <eos>,13,brisés,brisées,11,M,S,brisés,-10.7563305,brisées,-12.028191,1
8192,P_NOUN_8_PASS_b,M,P,les claviers avec le sac que j' aime beaucoup ne sont probablement pas cachés <eos>,13,cachés,cachées,11,M,S,cachés,-8.10309,cachées,-11.563375,1
8193,P_NOUN_8_PASS_b,M,P,les claviers avec le sac que j' aime beaucoup ne sont probablement pas cassés <eos>,13,cassés,cassées,11,M,S,cassés,-10.7162,cassées,-11.295614,1
8194,P_NOUN_8_PASS_b,M,P,les claviers avec le sac que j' aime beaucoup ne sont probablement pas couverts <eos>,13,couverts,couvertes,11,M,S,couverts,-7.7508154,couvertes,-11.8394575,1
8195,P_NOUN_8_PASS_b,M,P,les claviers avec le sac que j' aime beaucoup ne sont probablement pas déformés <eos>,13,déformés,déformées,11,M,S,déformés,-11.7333765,déformées,-10.766344,0
8196,P_NOUN_8_PASS_b,M,P,les claviers avec le sac que j' aime beaucoup ne sont probablement pas fixés <eos>,13,fixés,fixées,11,M,S,fixés,-8.28389,fixées,-11.300784,1
8197,P_NOUN_8_PASS_b,M,P,les claviers avec le sac que j' aime beaucoup ne sont probablement pas jetés <eos>,13,jetés,jetées,11,M,S,jetés,-8.594916,jetées,-12.207961,1
8198,P_NOUN_8_PASS_b,M,P,les claviers avec le sac que j' aime beaucoup ne sont probablement pas laissés <eos>,13,laissés,laissées,11,M,S,laissés,-8.580033,laissées,-11.78387,1
8199,P_NOUN_8_PASS_b,M,P,les claviers avec le sac que j' aime beaucoup ne sont probablement pas ouverts <eos>,13,ouverts,ouvertes,11,M,S,ouverts,-7.6622105,ouvertes,-11.211152,1
8200,P_NOUN_8_PASS_b,M,P,les claviers avec le sac que j' aime beaucoup ne sont probablement pas perdus <eos>,13,perdus,perdues,11,M,S,perdus,-6.7565413,perdues,-10.209084,1
8201,P_NOUN_8_PASS_b,M,P,les claviers avec le sac que j' aime beaucoup ne sont probablement pas réparés <eos>,13,réparés,réparées,11,M,S,réparés,-11.536676,réparées,-12.559504,1
8202,P_NOUN_8_PASS_b,M,P,les claviers avec le sac que j' aime beaucoup ne sont probablement pas retirés <eos>,13,retirés,retirées,11,M,S,retirés,-8.989899,retirées,-10.919949,1
8203,P_NOUN_8_PASS_b,M,P,les claviers avec le sac que j' aime beaucoup ne sont probablement pas tombés <eos>,13,tombés,tombées,11,M,S,tombés,-7.6456423,tombées,-11.595387,1
8204,P_NOUN_8_PASS_b,M,P,les claviers avec le sac que j' aime beaucoup ne sont probablement pas utilisés <eos>,13,utilisés,utilisées,11,M,S,utilisés,-4.772708,utilisées,-8.540021,1
8205,P_NOUN_8_PASS_b,M,P,les claviers avec le clavier que j' aime beaucoup ne sont probablement pas achetés <eos>,13,achetés,achetées,11,M,S,achetés,-9.6299095,achetées,-13.869424,1
8206,P_NOUN_8_PASS_b,M,P,les claviers avec le clavier que j' aime beaucoup ne sont probablement pas brisés <eos>,13,brisés,brisées,11,M,S,brisés,-10.923021,brisées,-12.131443,1
8207,P_NOUN_8_PASS_b,M,P,les claviers avec le clavier que j' aime beaucoup ne sont probablement pas cachés <eos>,13,cachés,cachées,11,M,S,cachés,-8.302292,cachées,-11.59155,1
8208,P_NOUN_8_PASS_b,M,P,les claviers avec le clavier que j' aime beaucoup ne sont probablement pas cassés <eos>,13,cassés,cassées,11,M,S,cassés,-10.964367,cassées,-11.818506,1
8209,P_NOUN_8_PASS_b,M,P,les claviers avec le clavier que j' aime beaucoup ne sont probablement pas couverts <eos>,13,couverts,couvertes,11,M,S,couverts,-8.121937,couvertes,-11.981031,1
8210,P_NOUN_8_PASS_b,M,P,les claviers avec le clavier que j' aime beaucoup ne sont probablement pas déformés <eos>,13,déformés,déformées,11,M,S,déformés,-11.591709,déformées,-10.496666,0
8211,P_NOUN_8_PASS_b,M,P,les claviers avec le clavier que j' aime beaucoup ne sont probablement pas fixés <eos>,13,fixés,fixées,11,M,S,fixés,-8.254999,fixées,-11.453823,1
8212,P_NOUN_8_PASS_b,M,P,les claviers avec le clavier que j' aime beaucoup ne sont probablement pas jetés <eos>,13,jetés,jetées,11,M,S,jetés,-8.984215,jetées,-12.827,1
8213,P_NOUN_8_PASS_b,M,P,les claviers avec le clavier que j' aime beaucoup ne sont probablement pas laissés <eos>,13,laissés,laissées,11,M,S,laissés,-8.885104,laissées,-12.015306,1
8214,P_NOUN_8_PASS_b,M,P,les claviers avec le clavier que j' aime beaucoup ne sont probablement pas ouverts <eos>,13,ouverts,ouvertes,11,M,S,ouverts,-7.5955505,ouvertes,-11.2389965,1
8215,P_NOUN_8_PASS_b,M,P,les claviers avec le clavier que j' aime beaucoup ne sont probablement pas perdus <eos>,13,perdus,perdues,11,M,S,perdus,-6.873436,perdues,-10.353749,1
8216,P_NOUN_8_PASS_b,M,P,les claviers avec le clavier que j' aime beaucoup ne sont probablement pas réparés <eos>,13,réparés,réparées,11,M,S,réparés,-11.809599,réparées,-12.808685,1
8217,P_NOUN_8_PASS_b,M,P,les claviers avec le clavier que j' aime beaucoup ne sont probablement pas retirés <eos>,13,retirés,retirées,11,M,S,retirés,-9.417245,retirées,-11.117393,1
8218,P_NOUN_8_PASS_b,M,P,les claviers avec le clavier que j' aime beaucoup ne sont probablement pas tombés <eos>,13,tombés,tombées,11,M,S,tombés,-8.413262,tombées,-11.978163,1
8219,P_NOUN_8_PASS_b,M,P,les claviers avec le clavier que j' aime beaucoup ne sont probablement pas utilisés <eos>,13,utilisés,utilisées,11,M,S,utilisés,-4.703656,utilisées,-8.51369,1
8220,P_NOUN_8_PASS_b,M,P,les claviers avec le raisin que j' aime beaucoup ne sont probablement pas achetés <eos>,13,achetés,achetées,11,M,S,achetés,-8.690205,achetées,-12.639732,1
8221,P_NOUN_8_PASS_b,M,P,les claviers avec le raisin que j' aime beaucoup ne sont probablement pas brisés <eos>,13,brisés,brisées,11,M,S,brisés,-10.706356,brisées,-12.055801,1
8222,P_NOUN_8_PASS_b,M,P,les claviers avec le raisin que j' aime beaucoup ne sont probablement pas cachés <eos>,13,cachés,cachées,11,M,S,cachés,-8.422191,cachées,-11.775352,1
8223,P_NOUN_8_PASS_b,M,P,les claviers avec le raisin que j' aime beaucoup ne sont probablement pas cassés <eos>,13,cassés,cassées,11,M,S,cassés,-9.4229145,cassées,-11.217853,1
8224,P_NOUN_8_PASS_b,M,P,les claviers avec le raisin que j' aime beaucoup ne sont probablement pas couverts <eos>,13,couverts,couvertes,11,M,S,couverts,-7.1983213,couvertes,-11.3885145,1
8225,P_NOUN_8_PASS_b,M,P,les claviers avec le raisin que j' aime beaucoup ne sont probablement pas déformés <eos>,13,déformés,déformées,11,M,S,déformés,-12.443054,déformées,-11.368058,0
8226,P_NOUN_8_PASS_b,M,P,les claviers avec le raisin que j' aime beaucoup ne sont probablement pas fixés <eos>,13,fixés,fixées,11,M,S,fixés,-7.920103,fixées,-11.002558,1
8227,P_NOUN_8_PASS_b,M,P,les claviers avec le raisin que j' aime beaucoup ne sont probablement pas jetés <eos>,13,jetés,jetées,11,M,S,jetés,-9.152972,jetées,-13.138266,1
8228,P_NOUN_8_PASS_b,M,P,les claviers avec le raisin que j' aime beaucoup ne sont probablement pas laissés <eos>,13,laissés,laissées,11,M,S,laissés,-8.505444,laissées,-11.489535,1
8229,P_NOUN_8_PASS_b,M,P,les claviers avec le raisin que j' aime beaucoup ne sont probablement pas ouverts <eos>,13,ouverts,ouvertes,11,M,S,ouverts,-8.249289,ouvertes,-11.3445425,1
8230,P_NOUN_8_PASS_b,M,P,les claviers avec le raisin que j' aime beaucoup ne sont probablement pas perdus <eos>,13,perdus,perdues,11,M,S,perdus,-7.257719,perdues,-10.370147,1
8231,P_NOUN_8_PASS_b,M,P,les claviers avec le raisin que j' aime beaucoup ne sont probablement pas réparés <eos>,13,réparés,réparées,11,M,S,réparés,-11.629811,réparées,-12.3718195,1
8232,P_NOUN_8_PASS_b,M,P,les claviers avec le raisin que j' aime beaucoup ne sont probablement pas retirés <eos>,13,retirés,retirées,11,M,S,retirés,-8.532808,retirées,-10.556253,1
8233,P_NOUN_8_PASS_b,M,P,les claviers avec le raisin que j' aime beaucoup ne sont probablement pas tombés <eos>,13,tombés,tombées,11,M,S,tombés,-7.8387113,tombées,-10.979485,1
8234,P_NOUN_8_PASS_b,M,P,les claviers avec le raisin que j' aime beaucoup ne sont probablement pas utilisés <eos>,13,utilisés,utilisées,11,M,S,utilisés,-4.6164722,utilisées,-8.269303,1
8235,P_NOUN_8_PASS_b,M,P,les claviers avec le chargeur que j' aime beaucoup ne sont probablement pas achetés <eos>,13,achetés,achetées,11,M,S,achetés,-9.079306,achetées,-13.018818,1
8236,P_NOUN_8_PASS_b,M,P,les claviers avec le chargeur que j' aime beaucoup ne sont probablement pas brisés <eos>,13,brisés,brisées,11,M,S,brisés,-11.239309,brisées,-12.258949,1
8237,P_NOUN_8_PASS_b,M,P,les claviers avec le chargeur que j' aime beaucoup ne sont probablement pas cachés <eos>,13,cachés,cachées,11,M,S,cachés,-7.616239,cachées,-11.544367,1
8238,P_NOUN_8_PASS_b,M,P,les claviers avec le chargeur que j' aime beaucoup ne sont probablement pas cassés <eos>,13,cassés,cassées,11,M,S,cassés,-10.810981,cassées,-11.646974,1
8239,P_NOUN_8_PASS_b,M,P,les claviers avec le chargeur que j' aime beaucoup ne sont probablement pas couverts <eos>,13,couverts,couvertes,11,M,S,couverts,-8.104635,couvertes,-11.70672,1
8240,P_NOUN_8_PASS_b,M,P,les claviers avec le chargeur que j' aime beaucoup ne sont probablement pas déformés <eos>,13,déformés,déformées,11,M,S,déformés,-12.31548,déformées,-11.156446,0
8241,P_NOUN_8_PASS_b,M,P,les claviers avec le chargeur que j' aime beaucoup ne sont probablement pas fixés <eos>,13,fixés,fixées,11,M,S,fixés,-8.376718,fixées,-11.076364,1
8242,P_NOUN_8_PASS_b,M,P,les claviers avec le chargeur que j' aime beaucoup ne sont probablement pas jetés <eos>,13,jetés,jetées,11,M,S,jetés,-8.86801,jetées,-12.620632,1
8243,P_NOUN_8_PASS_b,M,P,les claviers avec le chargeur que j' aime beaucoup ne sont probablement pas laissés <eos>,13,laissés,laissées,11,M,S,laissés,-8.655514,laissées,-12.019659,1
8244,P_NOUN_8_PASS_b,M,P,les claviers avec le chargeur que j' aime beaucoup ne sont probablement pas ouverts <eos>,13,ouverts,ouvertes,11,M,S,ouverts,-7.895511,ouvertes,-11.273586,1
8245,P_NOUN_8_PASS_b,M,P,les claviers avec le chargeur que j' aime beaucoup ne sont probablement pas perdus <eos>,13,perdus,perdues,11,M,S,perdus,-6.872526,perdues,-9.897047,1
8246,P_NOUN_8_PASS_b,M,P,les claviers avec le chargeur que j' aime beaucoup ne sont probablement pas réparés <eos>,13,réparés,réparées,11,M,S,réparés,-11.347753,réparées,-12.489684,1
8247,P_NOUN_8_PASS_b,M,P,les claviers avec le chargeur que j' aime beaucoup ne sont probablement pas retirés <eos>,13,retirés,retirées,11,M,S,retirés,-8.110828,retirées,-10.649946,1
8248,P_NOUN_8_PASS_b,M,P,les claviers avec le chargeur que j' aime beaucoup ne sont probablement pas tombés <eos>,13,tombés,tombées,11,M,S,tombés,-7.6353188,tombées,-11.510396,1
8249,P_NOUN_8_PASS_b,M,P,les claviers avec le chargeur que j' aime beaucoup ne sont probablement pas utilisés <eos>,13,utilisés,utilisées,11,M,S,utilisés,-4.385956,utilisées,-8.172148,1
8250,P_NOUN_8_PASS_b,M,P,les claviers avec le vase que j' aime beaucoup ne sont probablement pas achetés <eos>,13,achetés,achetées,11,M,S,achetés,-9.0300665,achetées,-13.046254,1
8251,P_NOUN_8_PASS_b,M,P,les claviers avec le vase que j' aime beaucoup ne sont probablement pas brisés <eos>,13,brisés,brisées,11,M,S,brisés,-10.552919,brisées,-11.771828,1
8252,P_NOUN_8_PASS_b,M,P,les claviers avec le vase que j' aime beaucoup ne sont probablement pas cachés <eos>,13,cachés,cachées,11,M,S,cachés,-8.058619,cachées,-11.531645,1
8253,P_NOUN_8_PASS_b,M,P,les claviers avec le vase que j' aime beaucoup ne sont probablement pas cassés <eos>,13,cassés,cassées,11,M,S,cassés,-10.189875,cassées,-11.400501,1
8254,P_NOUN_8_PASS_b,M,P,les claviers avec le vase que j' aime beaucoup ne sont probablement pas couverts <eos>,13,couverts,couvertes,11,M,S,couverts,-7.6353416,couvertes,-11.675151,1
8255,P_NOUN_8_PASS_b,M,P,les claviers avec le vase que j' aime beaucoup ne sont probablement pas déformés <eos>,13,déformés,déformées,11,M,S,déformés,-11.468411,déformées,-10.726294,0
8256,P_NOUN_8_PASS_b,M,P,les claviers avec le vase que j' aime beaucoup ne sont probablement pas fixés <eos>,13,fixés,fixées,11,M,S,fixés,-8.182735,fixées,-11.536742,1
8257,P_NOUN_8_PASS_b,M,P,les claviers avec le vase que j' aime beaucoup ne sont probablement pas jetés <eos>,13,jetés,jetées,11,M,S,jetés,-8.432009,jetées,-12.167306,1
8258,P_NOUN_8_PASS_b,M,P,les claviers avec le vase que j' aime beaucoup ne sont probablement pas laissés <eos>,13,laissés,laissées,11,M,S,laissés,-8.342134,laissées,-11.481787,1
8259,P_NOUN_8_PASS_b,M,P,les claviers avec le vase que j' aime beaucoup ne sont probablement pas ouverts <eos>,13,ouverts,ouvertes,11,M,S,ouverts,-7.351108,ouvertes,-11.134647,1
8260,P_NOUN_8_PASS_b,M,P,les claviers avec le vase que j' aime beaucoup ne sont probablement pas perdus <eos>,13,perdus,perdues,11,M,S,perdus,-6.299205,perdues,-10.122008,1
8261,P_NOUN_8_PASS_b,M,P,les claviers avec le vase que j' aime beaucoup ne sont probablement pas réparés <eos>,13,réparés,réparées,11,M,S,réparés,-10.959251,réparées,-12.183128,1
8262,P_NOUN_8_PASS_b,M,P,les claviers avec le vase que j' aime beaucoup ne sont probablement pas retirés <eos>,13,retirés,retirées,11,M,S,retirés,-8.90881,retirées,-10.737473,1
8263,P_NOUN_8_PASS_b,M,P,les claviers avec le vase que j' aime beaucoup ne sont probablement pas tombés <eos>,13,tombés,tombées,11,M,S,tombés,-7.740228,tombées,-11.254965,1
8264,P_NOUN_8_PASS_b,M,P,les claviers avec le vase que j' aime beaucoup ne sont probablement pas utilisés <eos>,13,utilisés,utilisées,11,M,S,utilisés,-5.1772127,utilisées,-8.860642,1
8265,P_NOUN_8_PASS_b,M,P,les claviers avec le panier que j' aime beaucoup ne sont probablement pas achetés <eos>,13,achetés,achetées,11,M,S,achetés,-9.014617,achetées,-12.883037,1
8266,P_NOUN_8_PASS_b,M,P,les claviers avec le panier que j' aime beaucoup ne sont probablement pas brisés <eos>,13,brisés,brisées,11,M,S,brisés,-10.811352,brisées,-12.0140295,1
8267,P_NOUN_8_PASS_b,M,P,les claviers avec le panier que j' aime beaucoup ne sont probablement pas cachés <eos>,13,cachés,cachées,11,M,S,cachés,-8.38607,cachées,-11.980705,1
8268,P_NOUN_8_PASS_b,M,P,les claviers avec le panier que j' aime beaucoup ne sont probablement pas cassés <eos>,13,cassés,cassées,11,M,S,cassés,-10.74201,cassées,-11.664284,1
8269,P_NOUN_8_PASS_b,M,P,les claviers avec le panier que j' aime beaucoup ne sont probablement pas couverts <eos>,13,couverts,couvertes,11,M,S,couverts,-7.7257605,couvertes,-11.929299,1
8270,P_NOUN_8_PASS_b,M,P,les claviers avec le panier que j' aime beaucoup ne sont probablement pas déformés <eos>,13,déformés,déformées,11,M,S,déformés,-12.125481,déformées,-10.951489,0
8271,P_NOUN_8_PASS_b,M,P,les claviers avec le panier que j' aime beaucoup ne sont probablement pas fixés <eos>,13,fixés,fixées,11,M,S,fixés,-8.044933,fixées,-11.426634,1
8272,P_NOUN_8_PASS_b,M,P,les claviers avec le panier que j' aime beaucoup ne sont probablement pas jetés <eos>,13,jetés,jetées,11,M,S,jetés,-8.677572,jetées,-12.583849,1
8273,P_NOUN_8_PASS_b,M,P,les claviers avec le panier que j' aime beaucoup ne sont probablement pas laissés <eos>,13,laissés,laissées,11,M,S,laissés,-8.664793,laissées,-11.699296,1
8274,P_NOUN_8_PASS_b,M,P,les claviers avec le panier que j' aime beaucoup ne sont probablement pas ouverts <eos>,13,ouverts,ouvertes,11,M,S,ouverts,-7.4321856,ouvertes,-11.2125225,1
8275,P_NOUN_8_PASS_b,M,P,les claviers avec le panier que j' aime beaucoup ne sont probablement pas perdus <eos>,13,perdus,perdues,11,M,S,perdus,-6.5392494,perdues,-10.159522,1
8276,P_NOUN_8_PASS_b,M,P,les claviers avec le panier que j' aime beaucoup ne sont probablement pas réparés <eos>,13,réparés,réparées,11,M,S,réparés,-11.5783615,réparées,-12.5411,1
8277,P_NOUN_8_PASS_b,M,P,les claviers avec le panier que j' aime beaucoup ne sont probablement pas retirés <eos>,13,retirés,retirées,11,M,S,retirés,-8.792463,retirées,-10.851664,1
8278,P_NOUN_8_PASS_b,M,P,les claviers avec le panier que j' aime beaucoup ne sont probablement pas tombés <eos>,13,tombés,tombées,11,M,S,tombés,-8.044876,tombées,-11.95403,1
8279,P_NOUN_8_PASS_b,M,P,les claviers avec le panier que j' aime beaucoup ne sont probablement pas utilisés <eos>,13,utilisés,utilisées,11,M,S,utilisés,-4.807323,utilisées,-8.638582,1
8280,P_NOUN_8_PASS_b,M,P,les claviers avec le collier que j' aime beaucoup ne sont probablement pas achetés <eos>,13,achetés,achetées,11,M,S,achetés,-9.3634,achetées,-13.3432665,1
8281,P_NOUN_8_PASS_b,M,P,les claviers avec le collier que j' aime beaucoup ne sont probablement pas brisés <eos>,13,brisés,brisées,11,M,S,brisés,-10.540396,brisées,-11.787714,1
8282,P_NOUN_8_PASS_b,M,P,les claviers avec le collier que j' aime beaucoup ne sont probablement pas cachés <eos>,13,cachés,cachées,11,M,S,cachés,-8.133828,cachées,-11.609384,1
8283,P_NOUN_8_PASS_b,M,P,les claviers avec le collier que j' aime beaucoup ne sont probablement pas cassés <eos>,13,cassés,cassées,11,M,S,cassés,-10.611537,cassées,-11.275537,1
8284,P_NOUN_8_PASS_b,M,P,les claviers avec le collier que j' aime beaucoup ne sont probablement pas couverts <eos>,13,couverts,couvertes,11,M,S,couverts,-7.9155273,couvertes,-12.083286,1
8285,P_NOUN_8_PASS_b,M,P,les claviers avec le collier que j' aime beaucoup ne sont probablement pas déformés <eos>,13,déformés,déformées,11,M,S,déformés,-11.782825,déformées,-10.898745,0
8286,P_NOUN_8_PASS_b,M,P,les claviers avec le collier que j' aime beaucoup ne sont probablement pas fixés <eos>,13,fixés,fixées,11,M,S,fixés,-8.156893,fixées,-11.271086,1
8287,P_NOUN_8_PASS_b,M,P,les claviers avec le collier que j' aime beaucoup ne sont probablement pas jetés <eos>,13,jetés,jetées,11,M,S,jetés,-8.494059,jetées,-12.228241,1
8288,P_NOUN_8_PASS_b,M,P,les claviers avec le collier que j' aime beaucoup ne sont probablement pas laissés <eos>,13,laissés,laissées,11,M,S,laissés,-8.762527,laissées,-11.915501,1
8289,P_NOUN_8_PASS_b,M,P,les claviers avec le collier que j' aime beaucoup ne sont probablement pas ouverts <eos>,13,ouverts,ouvertes,11,M,S,ouverts,-7.918584,ouvertes,-11.596358,1
8290,P_NOUN_8_PASS_b,M,P,les claviers avec le collier que j' aime beaucoup ne sont probablement pas perdus <eos>,13,perdus,perdues,11,M,S,perdus,-6.7630816,perdues,-10.212267,1
8291,P_NOUN_8_PASS_b,M,P,les claviers avec le collier que j' aime beaucoup ne sont probablement pas réparés <eos>,13,réparés,réparées,11,M,S,réparés,-11.626221,réparées,-12.821603,1
8292,P_NOUN_8_PASS_b,M,P,les claviers avec le collier que j' aime beaucoup ne sont probablement pas retirés <eos>,13,retirés,retirées,11,M,S,retirés,-8.81542,retirées,-11.012017,1
8293,P_NOUN_8_PASS_b,M,P,les claviers avec le collier que j' aime beaucoup ne sont probablement pas tombés <eos>,13,tombés,tombées,11,M,S,tombés,-7.5631504,tombées,-11.698324,1
8294,P_NOUN_8_PASS_b,M,P,les claviers avec le collier que j' aime beaucoup ne sont probablement pas utilisés <eos>,13,utilisés,utilisées,11,M,S,utilisés,-4.781061,utilisées,-8.6979885,1
8295,P_NOUN_8_PASS_b,M,P,les claviers avec le chapeau que j' aime beaucoup ne sont probablement pas achetés <eos>,13,achetés,achetées,11,M,S,achetés,-9.3621025,achetées,-13.235998,1
8296,P_NOUN_8_PASS_b,M,P,les claviers avec le chapeau que j' aime beaucoup ne sont probablement pas brisés <eos>,13,brisés,brisées,11,M,S,brisés,-10.704985,brisées,-11.9419365,1
8297,P_NOUN_8_PASS_b,M,P,les claviers avec le chapeau que j' aime beaucoup ne sont probablement pas cachés <eos>,13,cachés,cachées,11,M,S,cachés,-8.058231,cachées,-11.40526,1
8298,P_NOUN_8_PASS_b,M,P,les claviers avec le chapeau que j' aime beaucoup ne sont probablement pas cassés <eos>,13,cassés,cassées,11,M,S,cassés,-10.614119,cassées,-11.263825,1
8299,P_NOUN_8_PASS_b,M,P,les claviers avec le chapeau que j' aime beaucoup ne sont probablement pas couverts <eos>,13,couverts,couvertes,11,M,S,couverts,-7.831582,couvertes,-11.772721,1
8300,P_NOUN_8_PASS_b,M,P,les claviers avec le chapeau que j' aime beaucoup ne sont probablement pas déformés <eos>,13,déformés,déformées,11,M,S,déformés,-11.7480345,déformées,-10.763128,0
8301,P_NOUN_8_PASS_b,M,P,les claviers avec le chapeau que j' aime beaucoup ne sont probablement pas fixés <eos>,13,fixés,fixées,11,M,S,fixés,-8.375017,fixées,-11.617739,1
8302,P_NOUN_8_PASS_b,M,P,les claviers avec le chapeau que j' aime beaucoup ne sont probablement pas jetés <eos>,13,jetés,jetées,11,M,S,jetés,-8.525515,jetées,-12.224196,1
8303,P_NOUN_8_PASS_b,M,P,les claviers avec le chapeau que j' aime beaucoup ne sont probablement pas laissés <eos>,13,laissés,laissées,11,M,S,laissés,-8.617505,laissées,-11.753463,1
8304,P_NOUN_8_PASS_b,M,P,les claviers avec le chapeau que j' aime beaucoup ne sont probablement pas ouverts <eos>,13,ouverts,ouvertes,11,M,S,ouverts,-7.560345,ouvertes,-11.138741,1
8305,P_NOUN_8_PASS_b,M,P,les claviers avec le chapeau que j' aime beaucoup ne sont probablement pas perdus <eos>,13,perdus,perdues,11,M,S,perdus,-6.7721057,perdues,-10.29007,1
8306,P_NOUN_8_PASS_b,M,P,les claviers avec le chapeau que j' aime beaucoup ne sont probablement pas réparés <eos>,13,réparés,réparées,11,M,S,réparés,-11.599417,réparées,-12.600175,1
8307,P_NOUN_8_PASS_b,M,P,les claviers avec le chapeau que j' aime beaucoup ne sont probablement pas retirés <eos>,13,retirés,retirées,11,M,S,retirés,-8.972797,retirées,-10.874659,1
8308,P_NOUN_8_PASS_b,M,P,les claviers avec le chapeau que j' aime beaucoup ne sont probablement pas tombés <eos>,13,tombés,tombées,11,M,S,tombés,-7.6451545,tombées,-11.523773,1
8309,P_NOUN_8_PASS_b,M,P,les claviers avec le chapeau que j' aime beaucoup ne sont probablement pas utilisés <eos>,13,utilisés,utilisées,11,M,S,utilisés,-4.9927745,utilisées,-8.648615,1
8310,P_NOUN_8_PASS_b,M,P,les claviers avec le pot que j' aime beaucoup ne sont probablement pas achetés <eos>,13,achetés,achetées,11,M,S,achetés,-9.231709,achetées,-13.280588,1
8311,P_NOUN_8_PASS_b,M,P,les claviers avec le pot que j' aime beaucoup ne sont probablement pas brisés <eos>,13,brisés,brisées,11,M,S,brisés,-10.759271,brisées,-12.038886,1
8312,P_NOUN_8_PASS_b,M,P,les claviers avec le pot que j' aime beaucoup ne sont probablement pas cachés <eos>,13,cachés,cachées,11,M,S,cachés,-8.277597,cachées,-11.758071,1
8313,P_NOUN_8_PASS_b,M,P,les claviers avec le pot que j' aime beaucoup ne sont probablement pas cassés <eos>,13,cassés,cassées,11,M,S,cassés,-10.606,cassées,-11.633515,1
8314,P_NOUN_8_PASS_b,M,P,les claviers avec le pot que j' aime beaucoup ne sont probablement pas couverts <eos>,13,couverts,couvertes,11,M,S,couverts,-7.6080246,couvertes,-11.790948,1
8315,P_NOUN_8_PASS_b,M,P,les claviers avec le pot que j' aime beaucoup ne sont probablement pas déformés <eos>,13,déformés,déformées,11,M,S,déformés,-11.84286,déformées,-11.022248,0
8316,P_NOUN_8_PASS_b,M,P,les claviers avec le pot que j' aime beaucoup ne sont probablement pas fixés <eos>,13,fixés,fixées,11,M,S,fixés,-8.111016,fixées,-11.465097,1
8317,P_NOUN_8_PASS_b,M,P,les claviers avec le pot que j' aime beaucoup ne sont probablement pas jetés <eos>,13,jetés,jetées,11,M,S,jetés,-8.725093,jetées,-12.503917,1
8318,P_NOUN_8_PASS_b,M,P,les claviers avec le pot que j' aime beaucoup ne sont probablement pas laissés <eos>,13,laissés,laissées,11,M,S,laissés,-8.540531,laissées,-11.619608,1
8319,P_NOUN_8_PASS_b,M,P,les claviers avec le pot que j' aime beaucoup ne sont probablement pas ouverts <eos>,13,ouverts,ouvertes,11,M,S,ouverts,-7.631022,ouvertes,-11.28928,1
8320,P_NOUN_8_PASS_b,M,P,les claviers avec le pot que j' aime beaucoup ne sont probablement pas perdus <eos>,13,perdus,perdues,11,M,S,perdus,-6.6101265,perdues,-10.299683,1
8321,P_NOUN_8_PASS_b,M,P,les claviers avec le pot que j' aime beaucoup ne sont probablement pas réparés <eos>,13,réparés,réparées,11,M,S,réparés,-11.24651,réparées,-12.449324,1
8322,P_NOUN_8_PASS_b,M,P,les claviers avec le pot que j' aime beaucoup ne sont probablement pas retirés <eos>,13,retirés,retirées,11,M,S,retirés,-9.024366,retirées,-10.892078,1
8323,P_NOUN_8_PASS_b,M,P,les claviers avec le pot que j' aime beaucoup ne sont probablement pas tombés <eos>,13,tombés,tombées,11,M,S,tombés,-7.856513,tombées,-11.585255,1
8324,P_NOUN_8_PASS_b,M,P,les claviers avec le pot que j' aime beaucoup ne sont probablement pas utilisés <eos>,13,utilisés,utilisées,11,M,S,utilisés,-4.9130683,utilisées,-8.7143345,1
8325,P_NOUN_8_PASS_b,M,P,les claviers avec le coussin que j' aime beaucoup ne sont probablement pas achetés <eos>,13,achetés,achetées,11,M,S,achetés,-9.677407,achetées,-13.555323,1
8326,P_NOUN_8_PASS_b,M,P,les claviers avec le coussin que j' aime beaucoup ne sont probablement pas brisés <eos>,13,brisés,brisées,11,M,S,brisés,-10.689499,brisées,-11.994409,1
8327,P_NOUN_8_PASS_b,M,P,les claviers avec le coussin que j' aime beaucoup ne sont probablement pas cachés <eos>,13,cachés,cachées,11,M,S,cachés,-8.114404,cachées,-11.594428,1
8328,P_NOUN_8_PASS_b,M,P,les claviers avec le coussin que j' aime beaucoup ne sont probablement pas cassés <eos>,13,cassés,cassées,11,M,S,cassés,-10.788505,cassées,-11.344607,1
8329,P_NOUN_8_PASS_b,M,P,les claviers avec le coussin que j' aime beaucoup ne sont probablement pas couverts <eos>,13,couverts,couvertes,11,M,S,couverts,-7.9096127,couvertes,-11.807503,1
8330,P_NOUN_8_PASS_b,M,P,les claviers avec le coussin que j' aime beaucoup ne sont probablement pas déformés <eos>,13,déformés,déformées,11,M,S,déformés,-11.6975,déformées,-10.655304,0
8331,P_NOUN_8_PASS_b,M,P,les claviers avec le coussin que j' aime beaucoup ne sont probablement pas fixés <eos>,13,fixés,fixées,11,M,S,fixés,-8.167718,fixées,-11.090541,1
8332,P_NOUN_8_PASS_b,M,P,les claviers avec le coussin que j' aime beaucoup ne sont probablement pas jetés <eos>,13,jetés,jetées,11,M,S,jetés,-8.73674,jetées,-12.312578,1
8333,P_NOUN_8_PASS_b,M,P,les claviers avec le coussin que j' aime beaucoup ne sont probablement pas laissés <eos>,13,laissés,laissées,11,M,S,laissés,-8.741454,laissées,-11.824543,1
8334,P_NOUN_8_PASS_b,M,P,les claviers avec le coussin que j' aime beaucoup ne sont probablement pas ouverts <eos>,13,ouverts,ouvertes,11,M,S,ouverts,-7.8016834,ouvertes,-11.313827,1
8335,P_NOUN_8_PASS_b,M,P,les claviers avec le coussin que j' aime beaucoup ne sont probablement pas perdus <eos>,13,perdus,perdues,11,M,S,perdus,-7.030818,perdues,-10.387422,1
8336,P_NOUN_8_PASS_b,M,P,les claviers avec le coussin que j' aime beaucoup ne sont probablement pas réparés <eos>,13,réparés,réparées,11,M,S,réparés,-11.716498,réparées,-12.826636,1
8337,P_NOUN_8_PASS_b,M,P,les claviers avec le coussin que j' aime beaucoup ne sont probablement pas retirés <eos>,13,retirés,retirées,11,M,S,retirés,-8.854415,retirées,-10.931295,1
8338,P_NOUN_8_PASS_b,M,P,les claviers avec le coussin que j' aime beaucoup ne sont probablement pas tombés <eos>,13,tombés,tombées,11,M,S,tombés,-7.887369,tombées,-11.709932,1
8339,P_NOUN_8_PASS_b,M,P,les claviers avec le coussin que j' aime beaucoup ne sont probablement pas utilisés <eos>,13,utilisés,utilisées,11,M,S,utilisés,-4.685904,utilisées,-8.471519,1
8340,P_NOUN_8_PASS_b,M,P,les claviers avec le jouet que j' aime beaucoup ne sont probablement pas achetés <eos>,13,achetés,achetées,11,M,S,achetés,-9.463225,achetées,-13.669507,1
8341,P_NOUN_8_PASS_b,M,P,les claviers avec le jouet que j' aime beaucoup ne sont probablement pas brisés <eos>,13,brisés,brisées,11,M,S,brisés,-10.62072,brisées,-11.948725,1
8342,P_NOUN_8_PASS_b,M,P,les claviers avec le jouet que j' aime beaucoup ne sont probablement pas cachés <eos>,13,cachés,cachées,11,M,S,cachés,-8.403225,cachées,-11.68751,1
8343,P_NOUN_8_PASS_b,M,P,les claviers avec le jouet que j' aime beaucoup ne sont probablement pas cassés <eos>,13,cassés,cassées,11,M,S,cassés,-10.725537,cassées,-11.439475,1
8344,P_NOUN_8_PASS_b,M,P,les claviers avec le jouet que j' aime beaucoup ne sont probablement pas couverts <eos>,13,couverts,couvertes,11,M,S,couverts,-8.144037,couvertes,-12.110941,1
8345,P_NOUN_8_PASS_b,M,P,les claviers avec le jouet que j' aime beaucoup ne sont probablement pas déformés <eos>,13,déformés,déformées,11,M,S,déformés,-11.539655,déformées,-10.703515,0
8346,P_NOUN_8_PASS_b,M,P,les claviers avec le jouet que j' aime beaucoup ne sont probablement pas fixés <eos>,13,fixés,fixées,11,M,S,fixés,-8.186225,fixées,-11.318625,1
8347,P_NOUN_8_PASS_b,M,P,les claviers avec le jouet que j' aime beaucoup ne sont probablement pas jetés <eos>,13,jetés,jetées,11,M,S,jetés,-8.952801,jetées,-12.630684,1
8348,P_NOUN_8_PASS_b,M,P,les claviers avec le jouet que j' aime beaucoup ne sont probablement pas laissés <eos>,13,laissés,laissées,11,M,S,laissés,-8.931303,laissées,-11.885176,1
8349,P_NOUN_8_PASS_b,M,P,les claviers avec le jouet que j' aime beaucoup ne sont probablement pas ouverts <eos>,13,ouverts,ouvertes,11,M,S,ouverts,-7.576871,ouvertes,-11.347211,1
8350,P_NOUN_8_PASS_b,M,P,les claviers avec le jouet que j' aime beaucoup ne sont probablement pas perdus <eos>,13,perdus,perdues,11,M,S,perdus,-6.921095,perdues,-10.574795,1
8351,P_NOUN_8_PASS_b,M,P,les claviers avec le jouet que j' aime beaucoup ne sont probablement pas réparés <eos>,13,réparés,réparées,11,M,S,réparés,-12.028252,réparées,-12.981312,1
8352,P_NOUN_8_PASS_b,M,P,les claviers avec le jouet que j' aime beaucoup ne sont probablement pas retirés <eos>,13,retirés,retirées,11,M,S,retirés,-9.221254,retirées,-11.133764,1
8353,P_NOUN_8_PASS_b,M,P,les claviers avec le jouet que j' aime beaucoup ne sont probablement pas tombés <eos>,13,tombés,tombées,11,M,S,tombés,-8.31441,tombées,-11.948437,1
8354,P_NOUN_8_PASS_b,M,P,les claviers avec le jouet que j' aime beaucoup ne sont probablement pas utilisés <eos>,13,utilisés,utilisées,11,M,S,utilisés,-4.9802485,utilisées,-8.675854,1
8355,P_NOUN_8_PASS_b,M,P,les claviers avec le clou que j' aime beaucoup ne sont probablement pas achetés <eos>,13,achetés,achetées,11,M,S,achetés,-9.584564,achetées,-13.45271,1
8356,P_NOUN_8_PASS_b,M,P,les claviers avec le clou que j' aime beaucoup ne sont probablement pas brisés <eos>,13,brisés,brisées,11,M,S,brisés,-10.497365,brisées,-11.880073,1
8357,P_NOUN_8_PASS_b,M,P,les claviers avec le clou que j' aime beaucoup ne sont probablement pas cachés <eos>,13,cachés,cachées,11,M,S,cachés,-8.284691,cachées,-11.502611,1
8358,P_NOUN_8_PASS_b,M,P,les claviers avec le clou que j' aime beaucoup ne sont probablement pas cassés <eos>,13,cassés,cassées,11,M,S,cassés,-10.491837,cassées,-11.276075,1
8359,P_NOUN_8_PASS_b,M,P,les claviers avec le clou que j' aime beaucoup ne sont probablement pas couverts <eos>,13,couverts,couvertes,11,M,S,couverts,-7.85145,couvertes,-11.715598,1
8360,P_NOUN_8_PASS_b,M,P,les claviers avec le clou que j' aime beaucoup ne sont probablement pas déformés <eos>,13,déformés,déformées,11,M,S,déformés,-11.686255,déformées,-10.875702,0
8361,P_NOUN_8_PASS_b,M,P,les claviers avec le clou que j' aime beaucoup ne sont probablement pas fixés <eos>,13,fixés,fixées,11,M,S,fixés,-8.296605,fixées,-11.322058,1
8362,P_NOUN_8_PASS_b,M,P,les claviers avec le clou que j' aime beaucoup ne sont probablement pas jetés <eos>,13,jetés,jetées,11,M,S,jetés,-8.589788,jetées,-12.286058,1
8363,P_NOUN_8_PASS_b,M,P,les claviers avec le clou que j' aime beaucoup ne sont probablement pas laissés <eos>,13,laissés,laissées,11,M,S,laissés,-8.669337,laissées,-12.001614,1
8364,P_NOUN_8_PASS_b,M,P,les claviers avec le clou que j' aime beaucoup ne sont probablement pas ouverts <eos>,13,ouverts,ouvertes,11,M,S,ouverts,-7.858659,ouvertes,-11.236081,1
8365,P_NOUN_8_PASS_b,M,P,les claviers avec le clou que j' aime beaucoup ne sont probablement pas perdus <eos>,13,perdus,perdues,11,M,S,perdus,-6.7679873,perdues,-10.2315645,1
8366,P_NOUN_8_PASS_b,M,P,les claviers avec le clou que j' aime beaucoup ne sont probablement pas réparés <eos>,13,réparés,réparées,11,M,S,réparés,-11.5239105,réparées,-12.525595,1
8367,P_NOUN_8_PASS_b,M,P,les claviers avec le clou que j' aime beaucoup ne sont probablement pas retirés <eos>,13,retirés,retirées,11,M,S,retirés,-8.84433,retirées,-10.668161,1
8368,P_NOUN_8_PASS_b,M,P,les claviers avec le clou que j' aime beaucoup ne sont probablement pas tombés <eos>,13,tombés,tombées,11,M,S,tombés,-7.433238,tombées,-11.364941,1
8369,P_NOUN_8_PASS_b,M,P,les claviers avec le clou que j' aime beaucoup ne sont probablement pas utilisés <eos>,13,utilisés,utilisées,11,M,S,utilisés,-4.9550247,utilisées,-8.67164,1
8370,P_NOUN_8_PASS_b,M,P,les claviers avec le billet que j' aime beaucoup ne sont probablement pas achetés <eos>,13,achetés,achetées,11,M,S,achetés,-9.118765,achetées,-12.693592,1
8371,P_NOUN_8_PASS_b,M,P,les claviers avec le billet que j' aime beaucoup ne sont probablement pas brisés <eos>,13,brisés,brisées,11,M,S,brisés,-11.395693,brisées,-12.347492,1
8372,P_NOUN_8_PASS_b,M,P,les claviers avec le billet que j' aime beaucoup ne sont probablement pas cachés <eos>,13,cachés,cachées,11,M,S,cachés,-8.123275,cachées,-11.944316,1
8373,P_NOUN_8_PASS_b,M,P,les claviers avec le billet que j' aime beaucoup ne sont probablement pas cassés <eos>,13,cassés,cassées,11,M,S,cassés,-11.025856,cassées,-11.897993,1
8374,P_NOUN_8_PASS_b,M,P,les claviers avec le billet que j' aime beaucoup ne sont probablement pas couverts <eos>,13,couverts,couvertes,11,M,S,couverts,-8.128066,couvertes,-12.373638,1
8375,P_NOUN_8_PASS_b,M,P,les claviers avec le billet que j' aime beaucoup ne sont probablement pas déformés <eos>,13,déformés,déformées,11,M,S,déformés,-12.445126,déformées,-11.152109,0
8376,P_NOUN_8_PASS_b,M,P,les claviers avec le billet que j' aime beaucoup ne sont probablement pas fixés <eos>,13,fixés,fixées,11,M,S,fixés,-7.9261184,fixées,-11.269726,1
8377,P_NOUN_8_PASS_b,M,P,les claviers avec le billet que j' aime beaucoup ne sont probablement pas jetés <eos>,13,jetés,jetées,11,M,S,jetés,-8.947175,jetées,-12.667182,1
8378,P_NOUN_8_PASS_b,M,P,les claviers avec le billet que j' aime beaucoup ne sont probablement pas laissés <eos>,13,laissés,laissées,11,M,S,laissés,-9.126509,laissées,-11.951641,1
8379,P_NOUN_8_PASS_b,M,P,les claviers avec le billet que j' aime beaucoup ne sont probablement pas ouverts <eos>,13,ouverts,ouvertes,11,M,S,ouverts,-7.715421,ouvertes,-11.641186,1
8380,P_NOUN_8_PASS_b,M,P,les claviers avec le billet que j' aime beaucoup ne sont probablement pas perdus <eos>,13,perdus,perdues,11,M,S,perdus,-6.6484423,perdues,-9.937269,1
8381,P_NOUN_8_PASS_b,M,P,les claviers avec le billet que j' aime beaucoup ne sont probablement pas réparés <eos>,13,réparés,réparées,11,M,S,réparés,-12.002811,réparées,-12.934095,1
8382,P_NOUN_8_PASS_b,M,P,les claviers avec le billet que j' aime beaucoup ne sont probablement pas retirés <eos>,13,retirés,retirées,11,M,S,retirés,-8.690418,retirées,-10.687841,1
8383,P_NOUN_8_PASS_b,M,P,les claviers avec le billet que j' aime beaucoup ne sont probablement pas tombés <eos>,13,tombés,tombées,11,M,S,tombés,-7.930825,tombées,-11.826012,1
8384,P_NOUN_8_PASS_b,M,P,les claviers avec le billet que j' aime beaucoup ne sont probablement pas utilisés <eos>,13,utilisés,utilisées,11,M,S,utilisés,-4.8642597,utilisées,-8.549669,1
8385,P_NOUN_8_PASS_b,M,P,les claviers avec le légume que j' aime beaucoup ne sont probablement pas achetés <eos>,13,achetés,achetées,11,M,S,achetés,-9.070441,achetées,-13.411889,1
8386,P_NOUN_8_PASS_b,M,P,les claviers avec le légume que j' aime beaucoup ne sont probablement pas brisés <eos>,13,brisés,brisées,11,M,S,brisés,-10.635197,brisées,-12.005951,1
8387,P_NOUN_8_PASS_b,M,P,les claviers avec le légume que j' aime beaucoup ne sont probablement pas cachés <eos>,13,cachés,cachées,11,M,S,cachés,-8.8663225,cachées,-12.323432,1
8388,P_NOUN_8_PASS_b,M,P,les claviers avec le légume que j' aime beaucoup ne sont probablement pas cassés <eos>,13,cassés,cassées,11,M,S,cassés,-10.091605,cassées,-11.184478,1
8389,P_NOUN_8_PASS_b,M,P,les claviers avec le légume que j' aime beaucoup ne sont probablement pas couverts <eos>,13,couverts,couvertes,11,M,S,couverts,-7.122871,couvertes,-11.375214,1
8390,P_NOUN_8_PASS_b,M,P,les claviers avec le légume que j' aime beaucoup ne sont probablement pas déformés <eos>,13,déformés,déformées,11,M,S,déformés,-12.217604,déformées,-11.78424,0
8391,P_NOUN_8_PASS_b,M,P,les claviers avec le légume que j' aime beaucoup ne sont probablement pas fixés <eos>,13,fixés,fixées,11,M,S,fixés,-8.389082,fixées,-11.617447,1
8392,P_NOUN_8_PASS_b,M,P,les claviers avec le légume que j' aime beaucoup ne sont probablement pas jetés <eos>,13,jetés,jetées,11,M,S,jetés,-9.566618,jetées,-12.325781,1
8393,P_NOUN_8_PASS_b,M,P,les claviers avec le légume que j' aime beaucoup ne sont probablement pas laissés <eos>,13,laissés,laissées,11,M,S,laissés,-8.521036,laissées,-11.283813,1
8394,P_NOUN_8_PASS_b,M,P,les claviers avec le légume que j' aime beaucoup ne sont probablement pas ouverts <eos>,13,ouverts,ouvertes,11,M,S,ouverts,-7.519835,ouvertes,-11.426556,1
8395,P_NOUN_8_PASS_b,M,P,les claviers avec le légume que j' aime beaucoup ne sont probablement pas perdus <eos>,13,perdus,perdues,11,M,S,perdus,-7.0113897,perdues,-10.711146,1
8396,P_NOUN_8_PASS_b,M,P,les claviers avec le légume que j' aime beaucoup ne sont probablement pas réparés <eos>,13,réparés,réparées,11,M,S,réparés,-11.2635355,réparées,-12.786683,1
8397,P_NOUN_8_PASS_b,M,P,les claviers avec le légume que j' aime beaucoup ne sont probablement pas retirés <eos>,13,retirés,retirées,11,M,S,retirés,-8.969477,retirées,-11.353876,1
8398,P_NOUN_8_PASS_b,M,P,les claviers avec le légume que j' aime beaucoup ne sont probablement pas tombés <eos>,13,tombés,tombées,11,M,S,tombés,-8.072336,tombées,-11.418755,1
8399,P_NOUN_8_PASS_b,M,P,les claviers avec le légume que j' aime beaucoup ne sont probablement pas utilisés <eos>,13,utilisés,utilisées,11,M,S,utilisés,-5.152833,utilisées,-8.824891,1
8400,P_NOUN_8_PASS_b,M,P,les raisins avec le bracelet que j' aime beaucoup ne sont probablement pas achetés <eos>,13,achetés,achetées,11,M,S,achetés,-7.625645,achetées,-11.732927,1
8401,P_NOUN_8_PASS_b,M,P,les raisins avec le bracelet que j' aime beaucoup ne sont probablement pas brisés <eos>,13,brisés,brisées,11,M,S,brisés,-10.248357,brisées,-11.352763,1
8402,P_NOUN_8_PASS_b,M,P,les raisins avec le bracelet que j' aime beaucoup ne sont probablement pas cachés <eos>,13,cachés,cachées,11,M,S,cachés,-7.7192726,cachées,-11.921349,1
8403,P_NOUN_8_PASS_b,M,P,les raisins avec le bracelet que j' aime beaucoup ne sont probablement pas cassés <eos>,13,cassés,cassées,11,M,S,cassés,-8.566922,cassées,-10.93209,1
8404,P_NOUN_8_PASS_b,M,P,les raisins avec le bracelet que j' aime beaucoup ne sont probablement pas couverts <eos>,13,couverts,couvertes,11,M,S,couverts,-6.545,couvertes,-11.530698,1
8405,P_NOUN_8_PASS_b,M,P,les raisins avec le bracelet que j' aime beaucoup ne sont probablement pas déformés <eos>,13,déformés,déformées,11,M,S,déformés,-12.666074,déformées,-11.6134205,0
8406,P_NOUN_8_PASS_b,M,P,les raisins avec le bracelet que j' aime beaucoup ne sont probablement pas fixés <eos>,13,fixés,fixées,11,M,S,fixés,-7.496777,fixées,-10.768414,1
8407,P_NOUN_8_PASS_b,M,P,les raisins avec le bracelet que j' aime beaucoup ne sont probablement pas jetés <eos>,13,jetés,jetées,11,M,S,jetés,-7.7872634,jetées,-12.175465,1
8408,P_NOUN_8_PASS_b,M,P,les raisins avec le bracelet que j' aime beaucoup ne sont probablement pas laissés <eos>,13,laissés,laissées,11,M,S,laissés,-8.056552,laissées,-11.213062,1
8409,P_NOUN_8_PASS_b,M,P,les raisins avec le bracelet que j' aime beaucoup ne sont probablement pas ouverts <eos>,13,ouverts,ouvertes,11,M,S,ouverts,-8.587402,ouvertes,-12.114714,1
8410,P_NOUN_8_PASS_b,M,P,les raisins avec le bracelet que j' aime beaucoup ne sont probablement pas perdus <eos>,13,perdus,perdues,11,M,S,perdus,-6.6828566,perdues,-10.748109,1
8411,P_NOUN_8_PASS_b,M,P,les raisins avec le bracelet que j' aime beaucoup ne sont probablement pas réparés <eos>,13,réparés,réparées,11,M,S,réparés,-11.416862,réparées,-12.8756275,1
8412,P_NOUN_8_PASS_b,M,P,les raisins avec le bracelet que j' aime beaucoup ne sont probablement pas retirés <eos>,13,retirés,retirées,11,M,S,retirés,-7.8904552,retirées,-10.711595,1
8413,P_NOUN_8_PASS_b,M,P,les raisins avec le bracelet que j' aime beaucoup ne sont probablement pas tombés <eos>,13,tombés,tombées,11,M,S,tombés,-6.3208175,tombées,-10.551258,1
8414,P_NOUN_8_PASS_b,M,P,les raisins avec le bracelet que j' aime beaucoup ne sont probablement pas utilisés <eos>,13,utilisés,utilisées,11,M,S,utilisés,-4.223117,utilisées,-8.166822,1
8415,P_NOUN_8_PASS_b,M,P,les raisins avec le miroir que j' aime beaucoup ne sont probablement pas achetés <eos>,13,achetés,achetées,11,M,S,achetés,-7.5501456,achetées,-12.188463,1
8416,P_NOUN_8_PASS_b,M,P,les raisins avec le miroir que j' aime beaucoup ne sont probablement pas brisés <eos>,13,brisés,brisées,11,M,S,brisés,-10.610455,brisées,-12.031239,1
8417,P_NOUN_8_PASS_b,M,P,les raisins avec le miroir que j' aime beaucoup ne sont probablement pas cachés <eos>,13,cachés,cachées,11,M,S,cachés,-7.7061667,cachées,-11.800285,1
8418,P_NOUN_8_PASS_b,M,P,les raisins avec le miroir que j' aime beaucoup ne sont probablement pas cassés <eos>,13,cassés,cassées,11,M,S,cassés,-8.535531,cassées,-11.264936,1
8419,P_NOUN_8_PASS_b,M,P,les raisins avec le miroir que j' aime beaucoup ne sont probablement pas couverts <eos>,13,couverts,couvertes,11,M,S,couverts,-6.2980227,couvertes,-11.251211,1
8420,P_NOUN_8_PASS_b,M,P,les raisins avec le miroir que j' aime beaucoup ne sont probablement pas déformés <eos>,13,déformés,déformées,11,M,S,déformés,-12.206623,déformées,-11.150009,0
8421,P_NOUN_8_PASS_b,M,P,les raisins avec le miroir que j' aime beaucoup ne sont probablement pas fixés <eos>,13,fixés,fixées,11,M,S,fixés,-8.379192,fixées,-11.530655,1
8422,P_NOUN_8_PASS_b,M,P,les raisins avec le miroir que j' aime beaucoup ne sont probablement pas jetés <eos>,13,jetés,jetées,11,M,S,jetés,-8.917528,jetées,-13.026035,1
8423,P_NOUN_8_PASS_b,M,P,les raisins avec le miroir que j' aime beaucoup ne sont probablement pas laissés <eos>,13,laissés,laissées,11,M,S,laissés,-7.7115026,laissées,-10.768967,1
8424,P_NOUN_8_PASS_b,M,P,les raisins avec le miroir que j' aime beaucoup ne sont probablement pas ouverts <eos>,13,ouverts,ouvertes,11,M,S,ouverts,-8.208034,ouvertes,-11.72288,1
8425,P_NOUN_8_PASS_b,M,P,les raisins avec le miroir que j' aime beaucoup ne sont probablement pas perdus <eos>,13,perdus,perdues,11,M,S,perdus,-6.7689323,perdues,-10.6665325,1
8426,P_NOUN_8_PASS_b,M,P,les raisins avec le miroir que j' aime beaucoup ne sont probablement pas réparés <eos>,13,réparés,réparées,11,M,S,réparés,-11.402078,réparées,-12.755807,1
8427,P_NOUN_8_PASS_b,M,P,les raisins avec le miroir que j' aime beaucoup ne sont probablement pas retirés <eos>,13,retirés,retirées,11,M,S,retirés,-8.239452,retirées,-10.93782,1
8428,P_NOUN_8_PASS_b,M,P,les raisins avec le miroir que j' aime beaucoup ne sont probablement pas tombés <eos>,13,tombés,tombées,11,M,S,tombés,-7.1162686,tombées,-10.561192,1
8429,P_NOUN_8_PASS_b,M,P,les raisins avec le miroir que j' aime beaucoup ne sont probablement pas utilisés <eos>,13,utilisés,utilisées,11,M,S,utilisés,-4.5413485,utilisées,-8.38907,1
8430,P_NOUN_8_PASS_b,M,P,les raisins avec le crayon que j' aime beaucoup ne sont probablement pas achetés <eos>,13,achetés,achetées,11,M,S,achetés,-7.047454,achetées,-11.611858,1
8431,P_NOUN_8_PASS_b,M,P,les raisins avec le crayon que j' aime beaucoup ne sont probablement pas brisés <eos>,13,brisés,brisées,11,M,S,brisés,-10.92899,brisées,-12.25229,1
8432,P_NOUN_8_PASS_b,M,P,les raisins avec le crayon que j' aime beaucoup ne sont probablement pas cachés <eos>,13,cachés,cachées,11,M,S,cachés,-7.457308,cachées,-11.982461,1
8433,P_NOUN_8_PASS_b,M,P,les raisins avec le crayon que j' aime beaucoup ne sont probablement pas cassés <eos>,13,cassés,cassées,11,M,S,cassés,-8.3432455,cassées,-11.134895,1
8434,P_NOUN_8_PASS_b,M,P,les raisins avec le crayon que j' aime beaucoup ne sont probablement pas couverts <eos>,13,couverts,couvertes,11,M,S,couverts,-6.2394743,couvertes,-11.328787,1
8435,P_NOUN_8_PASS_b,M,P,les raisins avec le crayon que j' aime beaucoup ne sont probablement pas déformés <eos>,13,déformés,déformées,11,M,S,déformés,-12.503977,déformées,-11.089663,0
8436,P_NOUN_8_PASS_b,M,P,les raisins avec le crayon que j' aime beaucoup ne sont probablement pas fixés <eos>,13,fixés,fixées,11,M,S,fixés,-8.401539,fixées,-11.34691,1
8437,P_NOUN_8_PASS_b,M,P,les raisins avec le crayon que j' aime beaucoup ne sont probablement pas jetés <eos>,13,jetés,jetées,11,M,S,jetés,-8.491605,jetées,-12.5722885,1
8438,P_NOUN_8_PASS_b,M,P,les raisins avec le crayon que j' aime beaucoup ne sont probablement pas laissés <eos>,13,laissés,laissées,11,M,S,laissés,-7.415881,laissées,-10.801989,1
8439,P_NOUN_8_PASS_b,M,P,les raisins avec le crayon que j' aime beaucoup ne sont probablement pas ouverts <eos>,13,ouverts,ouvertes,11,M,S,ouverts,-8.484795,ouvertes,-11.99901,1
8440,P_NOUN_8_PASS_b,M,P,les raisins avec le crayon que j' aime beaucoup ne sont probablement pas perdus <eos>,13,perdus,perdues,11,M,S,perdus,-7.100939,perdues,-10.657727,1
8441,P_NOUN_8_PASS_b,M,P,les raisins avec le crayon que j' aime beaucoup ne sont probablement pas réparés <eos>,13,réparés,réparées,11,M,S,réparés,-11.203048,réparées,-12.280853,1
8442,P_NOUN_8_PASS_b,M,P,les raisins avec le crayon que j' aime beaucoup ne sont probablement pas retirés <eos>,13,retirés,retirées,11,M,S,retirés,-8.224112,retirées,-10.639324,1
8443,P_NOUN_8_PASS_b,M,P,les raisins avec le crayon que j' aime beaucoup ne sont probablement pas tombés <eos>,13,tombés,tombées,11,M,S,tombés,-7.3261366,tombées,-10.54875,1
8444,P_NOUN_8_PASS_b,M,P,les raisins avec le crayon que j' aime beaucoup ne sont probablement pas utilisés <eos>,13,utilisés,utilisées,11,M,S,utilisés,-4.338974,utilisées,-8.078763,1
8445,P_NOUN_8_PASS_b,M,P,les raisins avec le rideau que j' aime beaucoup ne sont probablement pas achetés <eos>,13,achetés,achetées,11,M,S,achetés,-8.067216,achetées,-12.386818,1
8446,P_NOUN_8_PASS_b,M,P,les raisins avec le rideau que j' aime beaucoup ne sont probablement pas brisés <eos>,13,brisés,brisées,11,M,S,brisés,-10.779378,brisées,-12.3550005,1
8447,P_NOUN_8_PASS_b,M,P,les raisins avec le rideau que j' aime beaucoup ne sont probablement pas cachés <eos>,13,cachés,cachées,11,M,S,cachés,-8.337238,cachées,-11.837861,1
8448,P_NOUN_8_PASS_b,M,P,les raisins avec le rideau que j' aime beaucoup ne sont probablement pas cassés <eos>,13,cassés,cassées,11,M,S,cassés,-8.85548,cassées,-11.336424,1
8449,P_NOUN_8_PASS_b,M,P,les raisins avec le rideau que j' aime beaucoup ne sont probablement pas couverts <eos>,13,couverts,couvertes,11,M,S,couverts,-6.1858644,couvertes,-11.1777115,1
8450,P_NOUN_8_PASS_b,M,P,les raisins avec le rideau que j' aime beaucoup ne sont probablement pas déformés <eos>,13,déformés,déformées,11,M,S,déformés,-12.205406,déformées,-11.584023,0
8451,P_NOUN_8_PASS_b,M,P,les raisins avec le rideau que j' aime beaucoup ne sont probablement pas fixés <eos>,13,fixés,fixées,11,M,S,fixés,-8.159361,fixées,-11.335627,1
8452,P_NOUN_8_PASS_b,M,P,les raisins avec le rideau que j' aime beaucoup ne sont probablement pas jetés <eos>,13,jetés,jetées,11,M,S,jetés,-9.0592575,jetées,-12.9342,1
8453,P_NOUN_8_PASS_b,M,P,les raisins avec le rideau que j' aime beaucoup ne sont probablement pas laissés <eos>,13,laissés,laissées,11,M,S,laissés,-7.8500304,laissées,-11.036958,1
8454,P_NOUN_8_PASS_b,M,P,les raisins avec le rideau que j' aime beaucoup ne sont probablement pas ouverts <eos>,13,ouverts,ouvertes,11,M,S,ouverts,-8.00901,ouvertes,-11.618657,1
8455,P_NOUN_8_PASS_b,M,P,les raisins avec le rideau que j' aime beaucoup ne sont probablement pas perdus <eos>,13,perdus,perdues,11,M,S,perdus,-7.261047,perdues,-11.29346,1
8456,P_NOUN_8_PASS_b,M,P,les raisins avec le rideau que j' aime beaucoup ne sont probablement pas réparés <eos>,13,réparés,réparées,11,M,S,réparés,-10.89116,réparées,-12.571969,1
8457,P_NOUN_8_PASS_b,M,P,les raisins avec le rideau que j' aime beaucoup ne sont probablement pas retirés <eos>,13,retirés,retirées,11,M,S,retirés,-8.693543,retirées,-11.304782,1
8458,P_NOUN_8_PASS_b,M,P,les raisins avec le rideau que j' aime beaucoup ne sont probablement pas tombés <eos>,13,tombés,tombées,11,M,S,tombés,-7.0152416,tombées,-10.700963,1
8459,P_NOUN_8_PASS_b,M,P,les raisins avec le rideau que j' aime beaucoup ne sont probablement pas utilisés <eos>,13,utilisés,utilisées,11,M,S,utilisés,-4.791144,utilisées,-8.654343,1
8460,P_NOUN_8_PASS_b,M,P,les raisins avec le cahier que j' aime beaucoup ne sont probablement pas achetés <eos>,13,achetés,achetées,11,M,S,achetés,-7.193662,achetées,-11.837669,1
8461,P_NOUN_8_PASS_b,M,P,les raisins avec le cahier que j' aime beaucoup ne sont probablement pas brisés <eos>,13,brisés,brisées,11,M,S,brisés,-10.952008,brisées,-12.9162035,1
8462,P_NOUN_8_PASS_b,M,P,les raisins avec le cahier que j' aime beaucoup ne sont probablement pas cachés <eos>,13,cachés,cachées,11,M,S,cachés,-7.8476677,cachées,-12.470448,1
8463,P_NOUN_8_PASS_b,M,P,les raisins avec le cahier que j' aime beaucoup ne sont probablement pas cassés <eos>,13,cassés,cassées,11,M,S,cassés,-9.153969,cassées,-12.023939,1
8464,P_NOUN_8_PASS_b,M,P,les raisins avec le cahier que j' aime beaucoup ne sont probablement pas couverts <eos>,13,couverts,couvertes,11,M,S,couverts,-5.994672,couvertes,-11.650601,1
8465,P_NOUN_8_PASS_b,M,P,les raisins avec le cahier que j' aime beaucoup ne sont probablement pas déformés <eos>,13,déformés,déformées,11,M,S,déformés,-12.363052,déformées,-11.969582,0
8466,P_NOUN_8_PASS_b,M,P,les raisins avec le cahier que j' aime beaucoup ne sont probablement pas fixés <eos>,13,fixés,fixées,11,M,S,fixés,-8.416998,fixées,-11.926745,1
8467,P_NOUN_8_PASS_b,M,P,les raisins avec le cahier que j' aime beaucoup ne sont probablement pas jetés <eos>,13,jetés,jetées,11,M,S,jetés,-9.199261,jetées,-13.617216,1
8468,P_NOUN_8_PASS_b,M,P,les raisins avec le cahier que j' aime beaucoup ne sont probablement pas laissés <eos>,13,laissés,laissées,11,M,S,laissés,-7.460929,laissées,-11.292879,1
8469,P_NOUN_8_PASS_b,M,P,les raisins avec le cahier que j' aime beaucoup ne sont probablement pas ouverts <eos>,13,ouverts,ouvertes,11,M,S,ouverts,-7.822361,ouvertes,-11.835732,1
8470,P_NOUN_8_PASS_b,M,P,les raisins avec le cahier que j' aime beaucoup ne sont probablement pas perdus <eos>,13,perdus,perdues,11,M,S,perdus,-6.473541,perdues,-10.762861,1
8471,P_NOUN_8_PASS_b,M,P,les raisins avec le cahier que j' aime beaucoup ne sont probablement pas réparés <eos>,13,réparés,réparées,11,M,S,réparés,-11.223246,réparées,-12.885185,1
8472,P_NOUN_8_PASS_b,M,P,les raisins avec le cahier que j' aime beaucoup ne sont probablement pas retirés <eos>,13,retirés,retirées,11,M,S,retirés,-8.136569,retirées,-11.263847,1
8473,P_NOUN_8_PASS_b,M,P,les raisins avec le cahier que j' aime beaucoup ne sont probablement pas tombés <eos>,13,tombés,tombées,11,M,S,tombés,-6.8288317,tombées,-11.008605,1
8474,P_NOUN_8_PASS_b,M,P,les raisins avec le cahier que j' aime beaucoup ne sont probablement pas utilisés <eos>,13,utilisés,utilisées,11,M,S,utilisés,-4.862871,utilisées,-8.856445,1
8475,P_NOUN_8_PASS_b,M,P,les raisins avec le micro que j' aime beaucoup ne sont probablement pas achetés <eos>,13,achetés,achetées,11,M,S,achetés,-7.6456213,achetées,-11.96488,1
8476,P_NOUN_8_PASS_b,M,P,les raisins avec le micro que j' aime beaucoup ne sont probablement pas brisés <eos>,13,brisés,brisées,11,M,S,brisés,-10.69048,brisées,-12.283128,1
8477,P_NOUN_8_PASS_b,M,P,les raisins avec le micro que j' aime beaucoup ne sont probablement pas cachés <eos>,13,cachés,cachées,11,M,S,cachés,-7.8862433,cachées,-12.098692,1
8478,P_NOUN_8_PASS_b,M,P,les raisins avec le micro que j' aime beaucoup ne sont probablement pas cassés <eos>,13,cassés,cassées,11,M,S,cassés,-8.769968,cassées,-11.33736,1
8479,P_NOUN_8_PASS_b,M,P,les raisins avec le micro que j' aime beaucoup ne sont probablement pas couverts <eos>,13,couverts,couvertes,11,M,S,couverts,-6.2165527,couvertes,-10.961442,1
8480,P_NOUN_8_PASS_b,M,P,les raisins avec le micro que j' aime beaucoup ne sont probablement pas déformés <eos>,13,déformés,déformées,11,M,S,déformés,-12.493414,déformées,-11.83699,0
8481,P_NOUN_8_PASS_b,M,P,les raisins avec le micro que j' aime beaucoup ne sont probablement pas fixés <eos>,13,fixés,fixées,11,M,S,fixés,-7.911438,fixées,-11.787126,1
8482,P_NOUN_8_PASS_b,M,P,les raisins avec le micro que j' aime beaucoup ne sont probablement pas jetés <eos>,13,jetés,jetées,11,M,S,jetés,-9.025223,jetées,-13.040699,1
8483,P_NOUN_8_PASS_b,M,P,les raisins avec le micro que j' aime beaucoup ne sont probablement pas laissés <eos>,13,laissés,laissées,11,M,S,laissés,-7.848316,laissées,-10.766722,1
8484,P_NOUN_8_PASS_b,M,P,les raisins avec le micro que j' aime beaucoup ne sont probablement pas ouverts <eos>,13,ouverts,ouvertes,11,M,S,ouverts,-8.158493,ouvertes,-11.785686,1
8485,P_NOUN_8_PASS_b,M,P,les raisins avec le micro que j' aime beaucoup ne sont probablement pas perdus <eos>,13,perdus,perdues,11,M,S,perdus,-7.085996,perdues,-11.288591,1
8486,P_NOUN_8_PASS_b,M,P,les raisins avec le micro que j' aime beaucoup ne sont probablement pas réparés <eos>,13,réparés,réparées,11,M,S,réparés,-10.915518,réparées,-12.657023,1
8487,P_NOUN_8_PASS_b,M,P,les raisins avec le micro que j' aime beaucoup ne sont probablement pas retirés <eos>,13,retirés,retirées,11,M,S,retirés,-8.552129,retirées,-11.034673,1
8488,P_NOUN_8_PASS_b,M,P,les raisins avec le micro que j' aime beaucoup ne sont probablement pas tombés <eos>,13,tombés,tombées,11,M,S,tombés,-7.2035236,tombées,-10.696492,1
8489,P_NOUN_8_PASS_b,M,P,les raisins avec le micro que j' aime beaucoup ne sont probablement pas utilisés <eos>,13,utilisés,utilisées,11,M,S,utilisés,-4.5975466,utilisées,-8.451415,1
8490,P_NOUN_8_PASS_b,M,P,les raisins avec le sac que j' aime beaucoup ne sont probablement pas achetés <eos>,13,achetés,achetées,11,M,S,achetés,-7.635792,achetées,-12.16785,1
8491,P_NOUN_8_PASS_b,M,P,les raisins avec le sac que j' aime beaucoup ne sont probablement pas brisés <eos>,13,brisés,brisées,11,M,S,brisés,-10.526698,brisées,-12.054791,1
8492,P_NOUN_8_PASS_b,M,P,les raisins avec le sac que j' aime beaucoup ne sont probablement pas cachés <eos>,13,cachés,cachées,11,M,S,cachés,-7.828265,cachées,-12.014017,1
8493,P_NOUN_8_PASS_b,M,P,les raisins avec le sac que j' aime beaucoup ne sont probablement pas cassés <eos>,13,cassés,cassées,11,M,S,cassés,-8.543751,cassées,-10.833345,1
8494,P_NOUN_8_PASS_b,M,P,les raisins avec le sac que j' aime beaucoup ne sont probablement pas couverts <eos>,13,couverts,couvertes,11,M,S,couverts,-5.956138,couvertes,-11.000605,1
8495,P_NOUN_8_PASS_b,M,P,les raisins avec le sac que j' aime beaucoup ne sont probablement pas déformés <eos>,13,déformés,déformées,11,M,S,déformés,-12.43941,déformées,-11.552518,0
8496,P_NOUN_8_PASS_b,M,P,les raisins avec le sac que j' aime beaucoup ne sont probablement pas fixés <eos>,13,fixés,fixées,11,M,S,fixés,-8.111306,fixées,-11.481102,1
8497,P_NOUN_8_PASS_b,M,P,les raisins avec le sac que j' aime beaucoup ne sont probablement pas jetés <eos>,13,jetés,jetées,11,M,S,jetés,-8.620373,jetées,-12.400747,1
8498,P_NOUN_8_PASS_b,M,P,les raisins avec le sac que j' aime beaucoup ne sont probablement pas laissés <eos>,13,laissés,laissées,11,M,S,laissés,-7.586897,laissées,-10.892689,1
8499,P_NOUN_8_PASS_b,M,P,les raisins avec le sac que j' aime beaucoup ne sont probablement pas ouverts <eos>,13,ouverts,ouvertes,11,M,S,ouverts,-8.149727,ouvertes,-11.711533,1
8500,P_NOUN_8_PASS_b,M,P,les raisins avec le sac que j' aime beaucoup ne sont probablement pas perdus <eos>,13,perdus,perdues,11,M,S,perdus,-6.9423475,perdues,-10.891488,1
8501,P_NOUN_8_PASS_b,M,P,les raisins avec le sac que j' aime beaucoup ne sont probablement pas réparés <eos>,13,réparés,réparées,11,M,S,réparés,-10.856786,réparées,-12.489232,1
8502,P_NOUN_8_PASS_b,M,P,les raisins avec le sac que j' aime beaucoup ne sont probablement pas retirés <eos>,13,retirés,retirées,11,M,S,retirés,-8.273627,retirées,-10.999689,1
8503,P_NOUN_8_PASS_b,M,P,les raisins avec le sac que j' aime beaucoup ne sont probablement pas tombés <eos>,13,tombés,tombées,11,M,S,tombés,-6.553776,tombées,-10.544435,1
8504,P_NOUN_8_PASS_b,M,P,les raisins avec le sac que j' aime beaucoup ne sont probablement pas utilisés <eos>,13,utilisés,utilisées,11,M,S,utilisés,-4.293894,utilisées,-8.192873,1
8505,P_NOUN_8_PASS_b,M,P,les raisins avec le clavier que j' aime beaucoup ne sont probablement pas achetés <eos>,13,achetés,achetées,11,M,S,achetés,-8.229132,achetées,-12.420265,1
8506,P_NOUN_8_PASS_b,M,P,les raisins avec le clavier que j' aime beaucoup ne sont probablement pas brisés <eos>,13,brisés,brisées,11,M,S,brisés,-10.659816,brisées,-11.924258,1
8507,P_NOUN_8_PASS_b,M,P,les raisins avec le clavier que j' aime beaucoup ne sont probablement pas cachés <eos>,13,cachés,cachées,11,M,S,cachés,-7.775221,cachées,-11.710485,1
8508,P_NOUN_8_PASS_b,M,P,les raisins avec le clavier que j' aime beaucoup ne sont probablement pas cassés <eos>,13,cassés,cassées,11,M,S,cassés,-8.872988,cassées,-11.047456,1
8509,P_NOUN_8_PASS_b,M,P,les raisins avec le clavier que j' aime beaucoup ne sont probablement pas couverts <eos>,13,couverts,couvertes,11,M,S,couverts,-6.657441,couvertes,-11.264342,1
8510,P_NOUN_8_PASS_b,M,P,les raisins avec le clavier que j' aime beaucoup ne sont probablement pas déformés <eos>,13,déformés,déformées,11,M,S,déformés,-12.224027,déformées,-11.0599575,0
8511,P_NOUN_8_PASS_b,M,P,les raisins avec le clavier que j' aime beaucoup ne sont probablement pas fixés <eos>,13,fixés,fixées,11,M,S,fixés,-7.8024054,fixées,-11.091216,1
8512,P_NOUN_8_PASS_b,M,P,les raisins avec le clavier que j' aime beaucoup ne sont probablement pas jetés <eos>,13,jetés,jetées,11,M,S,jetés,-8.6917925,jetées,-12.691243,1
8513,P_NOUN_8_PASS_b,M,P,les raisins avec le clavier que j' aime beaucoup ne sont probablement pas laissés <eos>,13,laissés,laissées,11,M,S,laissés,-8.145337,laissées,-11.010159,1
8514,P_NOUN_8_PASS_b,M,P,les raisins avec le clavier que j' aime beaucoup ne sont probablement pas ouverts <eos>,13,ouverts,ouvertes,11,M,S,ouverts,-8.544733,ouvertes,-11.979986,1
8515,P_NOUN_8_PASS_b,M,P,les raisins avec le clavier que j' aime beaucoup ne sont probablement pas perdus <eos>,13,perdus,perdues,11,M,S,perdus,-7.2417746,perdues,-11.095901,1
8516,P_NOUN_8_PASS_b,M,P,les raisins avec le clavier que j' aime beaucoup ne sont probablement pas réparés <eos>,13,réparés,réparées,11,M,S,réparés,-11.618423,réparées,-12.639528,1
8517,P_NOUN_8_PASS_b,M,P,les raisins avec le clavier que j' aime beaucoup ne sont probablement pas retirés <eos>,13,retirés,retirées,11,M,S,retirés,-8.659932,retirées,-11.044621,1
8518,P_NOUN_8_PASS_b,M,P,les raisins avec le clavier que j' aime beaucoup ne sont probablement pas tombés <eos>,13,tombés,tombées,11,M,S,tombés,-7.573681,tombées,-11.019336,1
8519,P_NOUN_8_PASS_b,M,P,les raisins avec le clavier que j' aime beaucoup ne sont probablement pas utilisés <eos>,13,utilisés,utilisées,11,M,S,utilisés,-4.2487187,utilisées,-8.100866,1
8520,P_NOUN_8_PASS_b,M,P,les raisins avec le raisin que j' aime beaucoup ne sont probablement pas achetés <eos>,13,achetés,achetées,11,M,S,achetés,-7.5103602,achetées,-12.200941,1
8521,P_NOUN_8_PASS_b,M,P,les raisins avec le raisin que j' aime beaucoup ne sont probablement pas brisés <eos>,13,brisés,brisées,11,M,S,brisés,-10.9679985,brisées,-12.712748,1
8522,P_NOUN_8_PASS_b,M,P,les raisins avec le raisin que j' aime beaucoup ne sont probablement pas cachés <eos>,13,cachés,cachées,11,M,S,cachés,-8.250594,cachées,-12.436051,1
8523,P_NOUN_8_PASS_b,M,P,les raisins avec le raisin que j' aime beaucoup ne sont probablement pas cassés <eos>,13,cassés,cassées,11,M,S,cassés,-8.616563,cassées,-11.820233,1
8524,P_NOUN_8_PASS_b,M,P,les raisins avec le raisin que j' aime beaucoup ne sont probablement pas couverts <eos>,13,couverts,couvertes,11,M,S,couverts,-6.1257887,couvertes,-11.19913,1
8525,P_NOUN_8_PASS_b,M,P,les raisins avec le raisin que j' aime beaucoup ne sont probablement pas déformés <eos>,13,déformés,déformées,11,M,S,déformés,-12.647499,déformées,-11.808189,0
8526,P_NOUN_8_PASS_b,M,P,les raisins avec le raisin que j' aime beaucoup ne sont probablement pas fixés <eos>,13,fixés,fixées,11,M,S,fixés,-7.922893,fixées,-11.648901,1
8527,P_NOUN_8_PASS_b,M,P,les raisins avec le raisin que j' aime beaucoup ne sont probablement pas jetés <eos>,13,jetés,jetées,11,M,S,jetés,-9.227079,jetées,-13.644091,1
8528,P_NOUN_8_PASS_b,M,P,les raisins avec le raisin que j' aime beaucoup ne sont probablement pas laissés <eos>,13,laissés,laissées,11,M,S,laissés,-7.653975,laissées,-10.943199,1
8529,P_NOUN_8_PASS_b,M,P,les raisins avec le raisin que j' aime beaucoup ne sont probablement pas ouverts <eos>,13,ouverts,ouvertes,11,M,S,ouverts,-8.569244,ouvertes,-11.81005,1
8530,P_NOUN_8_PASS_b,M,P,les raisins avec le raisin que j' aime beaucoup ne sont probablement pas perdus <eos>,13,perdus,perdues,11,M,S,perdus,-7.1113276,perdues,-11.025263,1
8531,P_NOUN_8_PASS_b,M,P,les raisins avec le raisin que j' aime beaucoup ne sont probablement pas réparés <eos>,13,réparés,réparées,11,M,S,réparés,-10.884397,réparées,-13.126198,1
8532,P_NOUN_8_PASS_b,M,P,les raisins avec le raisin que j' aime beaucoup ne sont probablement pas retirés <eos>,13,retirés,retirées,11,M,S,retirés,-8.428119,retirées,-11.058146,1
8533,P_NOUN_8_PASS_b,M,P,les raisins avec le raisin que j' aime beaucoup ne sont probablement pas tombés <eos>,13,tombés,tombées,11,M,S,tombés,-6.850492,tombées,-10.417787,1
8534,P_NOUN_8_PASS_b,M,P,les raisins avec le raisin que j' aime beaucoup ne sont probablement pas utilisés <eos>,13,utilisés,utilisées,11,M,S,utilisés,-4.367451,utilisées,-8.291031,1
8535,P_NOUN_8_PASS_b,M,P,les raisins avec le chargeur que j' aime beaucoup ne sont probablement pas achetés <eos>,13,achetés,achetées,11,M,S,achetés,-7.424541,achetées,-11.625776,1
8536,P_NOUN_8_PASS_b,M,P,les raisins avec le chargeur que j' aime beaucoup ne sont probablement pas brisés <eos>,13,brisés,brisées,11,M,S,brisés,-11.154434,brisées,-12.146158,1
8537,P_NOUN_8_PASS_b,M,P,les raisins avec le chargeur que j' aime beaucoup ne sont probablement pas cachés <eos>,13,cachés,cachées,11,M,S,cachés,-7.4167175,cachées,-12.27283,1
8538,P_NOUN_8_PASS_b,M,P,les raisins avec le chargeur que j' aime beaucoup ne sont probablement pas cassés <eos>,13,cassés,cassées,11,M,S,cassés,-8.788565,cassées,-10.9918995,1
8539,P_NOUN_8_PASS_b,M,P,les raisins avec le chargeur que j' aime beaucoup ne sont probablement pas couverts <eos>,13,couverts,couvertes,11,M,S,couverts,-6.6873236,couvertes,-11.091536,1
8540,P_NOUN_8_PASS_b,M,P,les raisins avec le chargeur que j' aime beaucoup ne sont probablement pas déformés <eos>,13,déformés,déformées,11,M,S,déformés,-12.941,déformées,-11.573046,0
8541,P_NOUN_8_PASS_b,M,P,les raisins avec le chargeur que j' aime beaucoup ne sont probablement pas fixés <eos>,13,fixés,fixées,11,M,S,fixés,-8.004504,fixées,-10.832418,1
8542,P_NOUN_8_PASS_b,M,P,les raisins avec le chargeur que j' aime beaucoup ne sont probablement pas jetés <eos>,13,jetés,jetées,11,M,S,jetés,-8.56259,jetées,-12.356696,1
8543,P_NOUN_8_PASS_b,M,P,les raisins avec le chargeur que j' aime beaucoup ne sont probablement pas laissés <eos>,13,laissés,laissées,11,M,S,laissés,-7.84232,laissées,-10.8339405,1
8544,P_NOUN_8_PASS_b,M,P,les raisins avec le chargeur que j' aime beaucoup ne sont probablement pas ouverts <eos>,13,ouverts,ouvertes,11,M,S,ouverts,-8.490943,ouvertes,-11.803467,1
8545,P_NOUN_8_PASS_b,M,P,les raisins avec le chargeur que j' aime beaucoup ne sont probablement pas perdus <eos>,13,perdus,perdues,11,M,S,perdus,-7.073769,perdues,-10.680414,1
8546,P_NOUN_8_PASS_b,M,P,les raisins avec le chargeur que j' aime beaucoup ne sont probablement pas réparés <eos>,13,réparés,réparées,11,M,S,réparés,-10.97704,réparées,-12.127943,1
8547,P_NOUN_8_PASS_b,M,P,les raisins avec le chargeur que j' aime beaucoup ne sont probablement pas retirés <eos>,13,retirés,retirées,11,M,S,retirés,-7.515856,retirées,-10.561643,1
8548,P_NOUN_8_PASS_b,M,P,les raisins avec le chargeur que j' aime beaucoup ne sont probablement pas tombés <eos>,13,tombés,tombées,11,M,S,tombés,-7.0005064,tombées,-10.746463,1
8549,P_NOUN_8_PASS_b,M,P,les raisins avec le chargeur que j' aime beaucoup ne sont probablement pas utilisés <eos>,13,utilisés,utilisées,11,M,S,utilisés,-3.875607,utilisées,-7.7317805,1
8550,P_NOUN_8_PASS_b,M,P,les raisins avec le vase que j' aime beaucoup ne sont probablement pas achetés <eos>,13,achetés,achetées,11,M,S,achetés,-7.2744427,achetées,-11.981359,1
8551,P_NOUN_8_PASS_b,M,P,les raisins avec le vase que j' aime beaucoup ne sont probablement pas brisés <eos>,13,brisés,brisées,11,M,S,brisés,-10.720745,brisées,-12.153039,1
8552,P_NOUN_8_PASS_b,M,P,les raisins avec le vase que j' aime beaucoup ne sont probablement pas cachés <eos>,13,cachés,cachées,11,M,S,cachés,-7.9178724,cachées,-11.987348,1
8553,P_NOUN_8_PASS_b,M,P,les raisins avec le vase que j' aime beaucoup ne sont probablement pas cassés <eos>,13,cassés,cassées,11,M,S,cassés,-8.507352,cassées,-11.387402,1
8554,P_NOUN_8_PASS_b,M,P,les raisins avec le vase que j' aime beaucoup ne sont probablement pas couverts <eos>,13,couverts,couvertes,11,M,S,couverts,-6.1228886,couvertes,-11.168204,1
8555,P_NOUN_8_PASS_b,M,P,les raisins avec le vase que j' aime beaucoup ne sont probablement pas déformés <eos>,13,déformés,déformées,11,M,S,déformés,-12.44532,déformées,-11.514086,0
8556,P_NOUN_8_PASS_b,M,P,les raisins avec le vase que j' aime beaucoup ne sont probablement pas fixés <eos>,13,fixés,fixées,11,M,S,fixés,-7.9652014,fixées,-11.543406,1
8557,P_NOUN_8_PASS_b,M,P,les raisins avec le vase que j' aime beaucoup ne sont probablement pas jetés <eos>,13,jetés,jetées,11,M,S,jetés,-8.635448,jetées,-12.640922,1
8558,P_NOUN_8_PASS_b,M,P,les raisins avec le vase que j' aime beaucoup ne sont probablement pas laissés <eos>,13,laissés,laissées,11,M,S,laissés,-7.5125723,laissées,-10.795941,1
8559,P_NOUN_8_PASS_b,M,P,les raisins avec le vase que j' aime beaucoup ne sont probablement pas ouverts <eos>,13,ouverts,ouvertes,11,M,S,ouverts,-7.9844675,ouvertes,-11.629449,1
8560,P_NOUN_8_PASS_b,M,P,les raisins avec le vase que j' aime beaucoup ne sont probablement pas perdus <eos>,13,perdus,perdues,11,M,S,perdus,-6.5726366,perdues,-10.706095,1
8561,P_NOUN_8_PASS_b,M,P,les raisins avec le vase que j' aime beaucoup ne sont probablement pas réparés <eos>,13,réparés,réparées,11,M,S,réparés,-10.728897,réparées,-12.528423,1
8562,P_NOUN_8_PASS_b,M,P,les raisins avec le vase que j' aime beaucoup ne sont probablement pas retirés <eos>,13,retirés,retirées,11,M,S,retirés,-8.302129,retirées,-10.923526,1
8563,P_NOUN_8_PASS_b,M,P,les raisins avec le vase que j' aime beaucoup ne sont probablement pas tombés <eos>,13,tombés,tombées,11,M,S,tombés,-6.7678623,tombées,-10.29556,1
8564,P_NOUN_8_PASS_b,M,P,les raisins avec le vase que j' aime beaucoup ne sont probablement pas utilisés <eos>,13,utilisés,utilisées,11,M,S,utilisés,-4.7416983,utilisées,-8.591636,1
8565,P_NOUN_8_PASS_b,M,P,les raisins avec le panier que j' aime beaucoup ne sont probablement pas achetés <eos>,13,achetés,achetées,11,M,S,achetés,-7.1448,achetées,-11.36741,1
8566,P_NOUN_8_PASS_b,M,P,les raisins avec le panier que j' aime beaucoup ne sont probablement pas brisés <eos>,13,brisés,brisées,11,M,S,brisés,-10.684602,brisées,-12.141639,1
8567,P_NOUN_8_PASS_b,M,P,les raisins avec le panier que j' aime beaucoup ne sont probablement pas cachés <eos>,13,cachés,cachées,11,M,S,cachés,-7.9579,cachées,-12.366791,1
8568,P_NOUN_8_PASS_b,M,P,les raisins avec le panier que j' aime beaucoup ne sont probablement pas cassés <eos>,13,cassés,cassées,11,M,S,cassés,-8.62167,cassées,-11.352991,1
8569,P_NOUN_8_PASS_b,M,P,les raisins avec le panier que j' aime beaucoup ne sont probablement pas couverts <eos>,13,couverts,couvertes,11,M,S,couverts,-6.107849,couvertes,-11.17433,1
8570,P_NOUN_8_PASS_b,M,P,les raisins avec le panier que j' aime beaucoup ne sont probablement pas déformés <eos>,13,déformés,déformées,11,M,S,déformés,-12.747039,déformées,-11.85938,0
8571,P_NOUN_8_PASS_b,M,P,les raisins avec le panier que j' aime beaucoup ne sont probablement pas fixés <eos>,13,fixés,fixées,11,M,S,fixés,-7.727786,fixées,-11.489218,1
8572,P_NOUN_8_PASS_b,M,P,les raisins avec le panier que j' aime beaucoup ne sont probablement pas jetés <eos>,13,jetés,jetées,11,M,S,jetés,-8.670479,jetées,-12.873141,1
8573,P_NOUN_8_PASS_b,M,P,les raisins avec le panier que j' aime beaucoup ne sont probablement pas laissés <eos>,13,laissés,laissées,11,M,S,laissés,-7.5706415,laissées,-10.711424,1
8574,P_NOUN_8_PASS_b,M,P,les raisins avec le panier que j' aime beaucoup ne sont probablement pas ouverts <eos>,13,ouverts,ouvertes,11,M,S,ouverts,-8.098776,ouvertes,-11.847244,1
8575,P_NOUN_8_PASS_b,M,P,les raisins avec le panier que j' aime beaucoup ne sont probablement pas perdus <eos>,13,perdus,perdues,11,M,S,perdus,-6.615689,perdues,-10.726892,1
8576,P_NOUN_8_PASS_b,M,P,les raisins avec le panier que j' aime beaucoup ne sont probablement pas réparés <eos>,13,réparés,réparées,11,M,S,réparés,-10.6934395,réparées,-12.348064,1
8577,P_NOUN_8_PASS_b,M,P,les raisins avec le panier que j' aime beaucoup ne sont probablement pas retirés <eos>,13,retirés,retirées,11,M,S,retirés,-8.069233,retirées,-10.852386,1
8578,P_NOUN_8_PASS_b,M,P,les raisins avec le panier que j' aime beaucoup ne sont probablement pas tombés <eos>,13,tombés,tombées,11,M,S,tombés,-6.984556,tombées,-10.756374,1
8579,P_NOUN_8_PASS_b,M,P,les raisins avec le panier que j' aime beaucoup ne sont probablement pas utilisés <eos>,13,utilisés,utilisées,11,M,S,utilisés,-4.4798574,utilisées,-8.385358,1
8580,P_NOUN_8_PASS_b,M,P,les raisins avec le collier que j' aime beaucoup ne sont probablement pas achetés <eos>,13,achetés,achetées,11,M,S,achetés,-7.744956,achetées,-12.102515,1
8581,P_NOUN_8_PASS_b,M,P,les raisins avec le collier que j' aime beaucoup ne sont probablement pas brisés <eos>,13,brisés,brisées,11,M,S,brisés,-10.634935,brisées,-12.034036,1
8582,P_NOUN_8_PASS_b,M,P,les raisins avec le collier que j' aime beaucoup ne sont probablement pas cachés <eos>,13,cachés,cachées,11,M,S,cachés,-7.912057,cachées,-11.969457,1
8583,P_NOUN_8_PASS_b,M,P,les raisins avec le collier que j' aime beaucoup ne sont probablement pas cassés <eos>,13,cassés,cassées,11,M,S,cassés,-8.694284,cassées,-11.151733,1
8584,P_NOUN_8_PASS_b,M,P,les raisins avec le collier que j' aime beaucoup ne sont probablement pas couverts <eos>,13,couverts,couvertes,11,M,S,couverts,-6.2677727,couvertes,-11.46636,1
8585,P_NOUN_8_PASS_b,M,P,les raisins avec le collier que j' aime beaucoup ne sont probablement pas déformés <eos>,13,déformés,déformées,11,M,S,déformés,-12.471245,déformées,-11.741427,0
8586,P_NOUN_8_PASS_b,M,P,les raisins avec le collier que j' aime beaucoup ne sont probablement pas fixés <eos>,13,fixés,fixées,11,M,S,fixés,-8.192151,fixées,-11.5617695,1
8587,P_NOUN_8_PASS_b,M,P,les raisins avec le collier que j' aime beaucoup ne sont probablement pas jetés <eos>,13,jetés,jetées,11,M,S,jetés,-8.459291,jetées,-12.608692,1
8588,P_NOUN_8_PASS_b,M,P,les raisins avec le collier que j' aime beaucoup ne sont probablement pas laissés <eos>,13,laissés,laissées,11,M,S,laissés,-7.8183537,laissées,-11.079043,1
8589,P_NOUN_8_PASS_b,M,P,les raisins avec le collier que j' aime beaucoup ne sont probablement pas ouverts <eos>,13,ouverts,ouvertes,11,M,S,ouverts,-8.351282,ouvertes,-12.055774,1
8590,P_NOUN_8_PASS_b,M,P,les raisins avec le collier que j' aime beaucoup ne sont probablement pas perdus <eos>,13,perdus,perdues,11,M,S,perdus,-6.993985,perdues,-10.947813,1
8591,P_NOUN_8_PASS_b,M,P,les raisins avec le collier que j' aime beaucoup ne sont probablement pas réparés <eos>,13,réparés,réparées,11,M,S,réparés,-11.077859,réparées,-12.792769,1
8592,P_NOUN_8_PASS_b,M,P,les raisins avec le collier que j' aime beaucoup ne sont probablement pas retirés <eos>,13,retirés,retirées,11,M,S,retirés,-8.335602,retirées,-11.285446,1
8593,P_NOUN_8_PASS_b,M,P,les raisins avec le collier que j' aime beaucoup ne sont probablement pas tombés <eos>,13,tombés,tombées,11,M,S,tombés,-6.47711,tombées,-10.74116,1
8594,P_NOUN_8_PASS_b,M,P,les raisins avec le collier que j' aime beaucoup ne sont probablement pas utilisés <eos>,13,utilisés,utilisées,11,M,S,utilisés,-4.623254,utilisées,-8.611587,1
8595,P_NOUN_8_PASS_b,M,P,les raisins avec le chapeau que j' aime beaucoup ne sont probablement pas achetés <eos>,13,achetés,achetées,11,M,S,achetés,-7.592214,achetées,-12.055505,1
8596,P_NOUN_8_PASS_b,M,P,les raisins avec le chapeau que j' aime beaucoup ne sont probablement pas brisés <eos>,13,brisés,brisées,11,M,S,brisés,-10.762983,brisées,-12.253355,1
8597,P_NOUN_8_PASS_b,M,P,les raisins avec le chapeau que j' aime beaucoup ne sont probablement pas cachés <eos>,13,cachés,cachées,11,M,S,cachés,-7.765091,cachées,-11.647077,1
8598,P_NOUN_8_PASS_b,M,P,les raisins avec le chapeau que j' aime beaucoup ne sont probablement pas cassés <eos>,13,cassés,cassées,11,M,S,cassés,-8.670815,cassées,-10.918294,1
8599,P_NOUN_8_PASS_b,M,P,les raisins avec le chapeau que j' aime beaucoup ne sont probablement pas couverts <eos>,13,couverts,couvertes,11,M,S,couverts,-6.1371784,couvertes,-11.049373,1
8600,P_NOUN_8_PASS_b,M,P,les raisins avec le chapeau que j' aime beaucoup ne sont probablement pas déformés <eos>,13,déformés,déformées,11,M,S,déformés,-12.600733,déformées,-11.251667,0
8601,P_NOUN_8_PASS_b,M,P,les raisins avec le chapeau que j' aime beaucoup ne sont probablement pas fixés <eos>,13,fixés,fixées,11,M,S,fixés,-8.356844,fixées,-11.66351,1
8602,P_NOUN_8_PASS_b,M,P,les raisins avec le chapeau que j' aime beaucoup ne sont probablement pas jetés <eos>,13,jetés,jetées,11,M,S,jetés,-8.79893,jetées,-12.548192,1
8603,P_NOUN_8_PASS_b,M,P,les raisins avec le chapeau que j' aime beaucoup ne sont probablement pas laissés <eos>,13,laissés,laissées,11,M,S,laissés,-7.7844563,laissées,-11.027598,1
8604,P_NOUN_8_PASS_b,M,P,les raisins avec le chapeau que j' aime beaucoup ne sont probablement pas ouverts <eos>,13,ouverts,ouvertes,11,M,S,ouverts,-8.01947,ouvertes,-11.569725,1
8605,P_NOUN_8_PASS_b,M,P,les raisins avec le chapeau que j' aime beaucoup ne sont probablement pas perdus <eos>,13,perdus,perdues,11,M,S,perdus,-7.1763844,perdues,-10.856254,1
8606,P_NOUN_8_PASS_b,M,P,les raisins avec le chapeau que j' aime beaucoup ne sont probablement pas réparés <eos>,13,réparés,réparées,11,M,S,réparés,-11.471773,réparées,-12.956473,1
8607,P_NOUN_8_PASS_b,M,P,les raisins avec le chapeau que j' aime beaucoup ne sont probablement pas retirés <eos>,13,retirés,retirées,11,M,S,retirés,-8.327295,retirées,-11.093538,1
8608,P_NOUN_8_PASS_b,M,P,les raisins avec le chapeau que j' aime beaucoup ne sont probablement pas tombés <eos>,13,tombés,tombées,11,M,S,tombés,-6.7796717,tombées,-10.47134,1
8609,P_NOUN_8_PASS_b,M,P,les raisins avec le chapeau que j' aime beaucoup ne sont probablement pas utilisés <eos>,13,utilisés,utilisées,11,M,S,utilisés,-4.5767126,utilisées,-8.241806,1
8610,P_NOUN_8_PASS_b,M,P,les raisins avec le pot que j' aime beaucoup ne sont probablement pas achetés <eos>,13,achetés,achetées,11,M,S,achetés,-7.369408,achetées,-11.839523,1
8611,P_NOUN_8_PASS_b,M,P,les raisins avec le pot que j' aime beaucoup ne sont probablement pas brisés <eos>,13,brisés,brisées,11,M,S,brisés,-10.768767,brisées,-12.314811,1
8612,P_NOUN_8_PASS_b,M,P,les raisins avec le pot que j' aime beaucoup ne sont probablement pas cachés <eos>,13,cachés,cachées,11,M,S,cachés,-7.9042673,cachées,-12.159305,1
8613,P_NOUN_8_PASS_b,M,P,les raisins avec le pot que j' aime beaucoup ne sont probablement pas cassés <eos>,13,cassés,cassées,11,M,S,cassés,-8.688572,cassées,-11.295764,1
8614,P_NOUN_8_PASS_b,M,P,les raisins avec le pot que j' aime beaucoup ne sont probablement pas couverts <eos>,13,couverts,couvertes,11,M,S,couverts,-6.008446,couvertes,-10.996128,1
8615,P_NOUN_8_PASS_b,M,P,les raisins avec le pot que j' aime beaucoup ne sont probablement pas déformés <eos>,13,déformés,déformées,11,M,S,déformés,-12.515708,déformées,-11.745638,0
8616,P_NOUN_8_PASS_b,M,P,les raisins avec le pot que j' aime beaucoup ne sont probablement pas fixés <eos>,13,fixés,fixées,11,M,S,fixés,-7.9510913,fixées,-11.628683,1
8617,P_NOUN_8_PASS_b,M,P,les raisins avec le pot que j' aime beaucoup ne sont probablement pas jetés <eos>,13,jetés,jetées,11,M,S,jetés,-8.801789,jetées,-12.79475,1
8618,P_NOUN_8_PASS_b,M,P,les raisins avec le pot que j' aime beaucoup ne sont probablement pas laissés <eos>,13,laissés,laissées,11,M,S,laissés,-7.5750523,laissées,-10.707143,1
8619,P_NOUN_8_PASS_b,M,P,les raisins avec le pot que j' aime beaucoup ne sont probablement pas ouverts <eos>,13,ouverts,ouvertes,11,M,S,ouverts,-8.203508,ouvertes,-11.872385,1
8620,P_NOUN_8_PASS_b,M,P,les raisins avec le pot que j' aime beaucoup ne sont probablement pas perdus <eos>,13,perdus,perdues,11,M,S,perdus,-6.8930497,perdues,-10.9403715,1
8621,P_NOUN_8_PASS_b,M,P,les raisins avec le pot que j' aime beaucoup ne sont probablement pas réparés <eos>,13,réparés,réparées,11,M,S,réparés,-10.630594,réparées,-12.536036,1
8622,P_NOUN_8_PASS_b,M,P,les raisins avec le pot que j' aime beaucoup ne sont probablement pas retirés <eos>,13,retirés,retirées,11,M,S,retirés,-8.32468,retirées,-10.9421015,1
8623,P_NOUN_8_PASS_b,M,P,les raisins avec le pot que j' aime beaucoup ne sont probablement pas tombés <eos>,13,tombés,tombées,11,M,S,tombés,-6.8593254,tombées,-10.49048,1
8624,P_NOUN_8_PASS_b,M,P,les raisins avec le pot que j' aime beaucoup ne sont probablement pas utilisés <eos>,13,utilisés,utilisées,11,M,S,utilisés,-4.5185976,utilisées,-8.426169,1
8625,P_NOUN_8_PASS_b,M,P,les raisins avec le coussin que j' aime beaucoup ne sont probablement pas achetés <eos>,13,achetés,achetées,11,M,S,achetés,-7.8835087,achetées,-12.093883,1
8626,P_NOUN_8_PASS_b,M,P,les raisins avec le coussin que j' aime beaucoup ne sont probablement pas brisés <eos>,13,brisés,brisées,11,M,S,brisés,-10.602195,brisées,-12.086804,1
8627,P_NOUN_8_PASS_b,M,P,les raisins avec le coussin que j' aime beaucoup ne sont probablement pas cachés <eos>,13,cachés,cachées,11,M,S,cachés,-7.8803444,cachées,-12.007889,1
8628,P_NOUN_8_PASS_b,M,P,les raisins avec le coussin que j' aime beaucoup ne sont probablement pas cassés <eos>,13,cassés,cassées,11,M,S,cassés,-8.748493,cassées,-10.82037,1
8629,P_NOUN_8_PASS_b,M,P,les raisins avec le coussin que j' aime beaucoup ne sont probablement pas couverts <eos>,13,couverts,couvertes,11,M,S,couverts,-6.37693,couvertes,-10.959644,1
8630,P_NOUN_8_PASS_b,M,P,les raisins avec le coussin que j' aime beaucoup ne sont probablement pas déformés <eos>,13,déformés,déformées,11,M,S,déformés,-12.51772,déformées,-11.625944,0
8631,P_NOUN_8_PASS_b,M,P,les raisins avec le coussin que j' aime beaucoup ne sont probablement pas fixés <eos>,13,fixés,fixées,11,M,S,fixés,-7.807681,fixées,-11.134904,1
8632,P_NOUN_8_PASS_b,M,P,les raisins avec le coussin que j' aime beaucoup ne sont probablement pas jetés <eos>,13,jetés,jetées,11,M,S,jetés,-8.850817,jetées,-12.528035,1
8633,P_NOUN_8_PASS_b,M,P,les raisins avec le coussin que j' aime beaucoup ne sont probablement pas laissés <eos>,13,laissés,laissées,11,M,S,laissés,-7.8724737,laissées,-10.929891,1
8634,P_NOUN_8_PASS_b,M,P,les raisins avec le coussin que j' aime beaucoup ne sont probablement pas ouverts <eos>,13,ouverts,ouvertes,11,M,S,ouverts,-8.459962,ouvertes,-11.91291,1
8635,P_NOUN_8_PASS_b,M,P,les raisins avec le coussin que j' aime beaucoup ne sont probablement pas perdus <eos>,13,perdus,perdues,11,M,S,perdus,-7.310439,perdues,-11.185517,1
8636,P_NOUN_8_PASS_b,M,P,les raisins avec le coussin que j' aime beaucoup ne sont probablement pas réparés <eos>,13,réparés,réparées,11,M,S,réparés,-11.224515,réparées,-12.7353115,1
8637,P_NOUN_8_PASS_b,M,P,les raisins avec le coussin que j' aime beaucoup ne sont probablement pas retirés <eos>,13,retirés,retirées,11,M,S,retirés,-8.254977,retirées,-10.834959,1
8638,P_NOUN_8_PASS_b,M,P,les raisins avec le coussin que j' aime beaucoup ne sont probablement pas tombés <eos>,13,tombés,tombées,11,M,S,tombés,-6.8551497,tombées,-10.576198,1
8639,P_NOUN_8_PASS_b,M,P,les raisins avec le coussin que j' aime beaucoup ne sont probablement pas utilisés <eos>,13,utilisés,utilisées,11,M,S,utilisés,-4.236169,utilisées,-8.1567,1
8640,P_NOUN_8_PASS_b,M,P,les raisins avec le jouet que j' aime beaucoup ne sont probablement pas achetés <eos>,13,achetés,achetées,11,M,S,achetés,-7.687977,achetées,-12.445909,1
8641,P_NOUN_8_PASS_b,M,P,les raisins avec le jouet que j' aime beaucoup ne sont probablement pas brisés <eos>,13,brisés,brisées,11,M,S,brisés,-10.617959,brisées,-12.138429,1
8642,P_NOUN_8_PASS_b,M,P,les raisins avec le jouet que j' aime beaucoup ne sont probablement pas cachés <eos>,13,cachés,cachées,11,M,S,cachés,-8.059301,cachées,-11.965644,1
8643,P_NOUN_8_PASS_b,M,P,les raisins avec le jouet que j' aime beaucoup ne sont probablement pas cassés <eos>,13,cassés,cassées,11,M,S,cassés,-8.707646,cassées,-11.269643,1
8644,P_NOUN_8_PASS_b,M,P,les raisins avec le jouet que j' aime beaucoup ne sont probablement pas couverts <eos>,13,couverts,couvertes,11,M,S,couverts,-6.481844,couvertes,-11.344971,1
8645,P_NOUN_8_PASS_b,M,P,les raisins avec le jouet que j' aime beaucoup ne sont probablement pas déformés <eos>,13,déformés,déformées,11,M,S,déformés,-12.2831745,déformées,-11.538488,0
8646,P_NOUN_8_PASS_b,M,P,les raisins avec le jouet que j' aime beaucoup ne sont probablement pas fixés <eos>,13,fixés,fixées,11,M,S,fixés,-8.073541,fixées,-11.532358,1
8647,P_NOUN_8_PASS_b,M,P,les raisins avec le jouet que j' aime beaucoup ne sont probablement pas jetés <eos>,13,jetés,jetées,11,M,S,jetés,-9.022164,jetées,-13.067322,1
8648,P_NOUN_8_PASS_b,M,P,les raisins avec le jouet que j' aime beaucoup ne sont probablement pas laissés <eos>,13,laissés,laissées,11,M,S,laissés,-8.006548,laissées,-11.047987,1
8649,P_NOUN_8_PASS_b,M,P,les raisins avec le jouet que j' aime beaucoup ne sont probablement pas ouverts <eos>,13,ouverts,ouvertes,11,M,S,ouverts,-8.2093315,ouvertes,-11.959658,1
8650,P_NOUN_8_PASS_b,M,P,les raisins avec le jouet que j' aime beaucoup ne sont probablement pas perdus <eos>,13,perdus,perdues,11,M,S,perdus,-7.1184926,perdues,-11.203133,1
8651,P_NOUN_8_PASS_b,M,P,les raisins avec le jouet que j' aime beaucoup ne sont probablement pas réparés <eos>,13,réparés,réparées,11,M,S,réparés,-11.313273,réparées,-12.967743,1
8652,P_NOUN_8_PASS_b,M,P,les raisins avec le jouet que j' aime beaucoup ne sont probablement pas retirés <eos>,13,retirés,retirées,11,M,S,retirés,-8.569403,retirées,-11.222328,1
8653,P_NOUN_8_PASS_b,M,P,les raisins avec le jouet que j' aime beaucoup ne sont probablement pas tombés <eos>,13,tombés,tombées,11,M,S,tombés,-7.106282,tombées,-10.749535,1
8654,P_NOUN_8_PASS_b,M,P,les raisins avec le jouet que j' aime beaucoup ne sont probablement pas utilisés <eos>,13,utilisés,utilisées,11,M,S,utilisés,-4.6095157,utilisées,-8.477535,1
8655,P_NOUN_8_PASS_b,M,P,les raisins avec le clou que j' aime beaucoup ne sont probablement pas achetés <eos>,13,achetés,achetées,11,M,S,achetés,-7.906992,achetées,-12.1581335,1
8656,P_NOUN_8_PASS_b,M,P,les raisins avec le clou que j' aime beaucoup ne sont probablement pas brisés <eos>,13,brisés,brisées,11,M,S,brisés,-10.699644,brisées,-12.18065,1
8657,P_NOUN_8_PASS_b,M,P,les raisins avec le clou que j' aime beaucoup ne sont probablement pas cachés <eos>,13,cachés,cachées,11,M,S,cachés,-7.9898524,cachées,-11.772232,1
8658,P_NOUN_8_PASS_b,M,P,les raisins avec le clou que j' aime beaucoup ne sont probablement pas cassés <eos>,13,cassés,cassées,11,M,S,cassés,-8.618354,cassées,-11.129561,1
8659,P_NOUN_8_PASS_b,M,P,les raisins avec le clou que j' aime beaucoup ne sont probablement pas couverts <eos>,13,couverts,couvertes,11,M,S,couverts,-6.338624,couvertes,-11.117397,1
8660,P_NOUN_8_PASS_b,M,P,les raisins avec le clou que j' aime beaucoup ne sont probablement pas déformés <eos>,13,déformés,déformées,11,M,S,déformés,-12.372645,déformées,-11.685085,0
8661,P_NOUN_8_PASS_b,M,P,les raisins avec le clou que j' aime beaucoup ne sont probablement pas fixés <eos>,13,fixés,fixées,11,M,S,fixés,-8.256004,fixées,-11.519882,1
8662,P_NOUN_8_PASS_b,M,P,les raisins avec le clou que j' aime beaucoup ne sont probablement pas jetés <eos>,13,jetés,jetées,11,M,S,jetés,-8.984802,jetées,-12.917135,1
8663,P_NOUN_8_PASS_b,M,P,les raisins avec le clou que j' aime beaucoup ne sont probablement pas laissés <eos>,13,laissés,laissées,11,M,S,laissés,-7.8274717,laissées,-11.150055,1
8664,P_NOUN_8_PASS_b,M,P,les raisins avec le clou que j' aime beaucoup ne sont probablement pas ouverts <eos>,13,ouverts,ouvertes,11,M,S,ouverts,-8.382032,ouvertes,-11.849445,1
8665,P_NOUN_8_PASS_b,M,P,les raisins avec le clou que j' aime beaucoup ne sont probablement pas perdus <eos>,13,perdus,perdues,11,M,S,perdus,-7.1617002,perdues,-10.938967,1
8666,P_NOUN_8_PASS_b,M,P,les raisins avec le clou que j' aime beaucoup ne sont probablement pas réparés <eos>,13,réparés,réparées,11,M,S,réparés,-11.172944,réparées,-12.549625,1
8667,P_NOUN_8_PASS_b,M,P,les raisins avec le clou que j' aime beaucoup ne sont probablement pas retirés <eos>,13,retirés,retirées,11,M,S,retirés,-8.503241,retirées,-11.012491,1
8668,P_NOUN_8_PASS_b,M,P,les raisins avec le clou que j' aime beaucoup ne sont probablement pas tombés <eos>,13,tombés,tombées,11,M,S,tombés,-6.780637,tombées,-10.453178,1
8669,P_NOUN_8_PASS_b,M,P,les raisins avec le clou que j' aime beaucoup ne sont probablement pas utilisés <eos>,13,utilisés,utilisées,11,M,S,utilisés,-4.863929,utilisées,-8.625194,1
8670,P_NOUN_8_PASS_b,M,P,les raisins avec le billet que j' aime beaucoup ne sont probablement pas achetés <eos>,13,achetés,achetées,11,M,S,achetés,-7.407692,achetées,-11.238727,1
8671,P_NOUN_8_PASS_b,M,P,les raisins avec le billet que j' aime beaucoup ne sont probablement pas brisés <eos>,13,brisés,brisées,11,M,S,brisés,-11.340822,brisées,-12.491959,1
8672,P_NOUN_8_PASS_b,M,P,les raisins avec le billet que j' aime beaucoup ne sont probablement pas cachés <eos>,13,cachés,cachées,11,M,S,cachés,-7.5194216,cachées,-12.161438,1
8673,P_NOUN_8_PASS_b,M,P,les raisins avec le billet que j' aime beaucoup ne sont probablement pas cassés <eos>,13,cassés,cassées,11,M,S,cassés,-9.009919,cassées,-11.550636,1
8674,P_NOUN_8_PASS_b,M,P,les raisins avec le billet que j' aime beaucoup ne sont probablement pas couverts <eos>,13,couverts,couvertes,11,M,S,couverts,-6.5610228,couvertes,-11.755372,1
8675,P_NOUN_8_PASS_b,M,P,les raisins avec le billet que j' aime beaucoup ne sont probablement pas déformés <eos>,13,déformés,déformées,11,M,S,déformés,-12.984784,déformées,-12.009748,0
8676,P_NOUN_8_PASS_b,M,P,les raisins avec le billet que j' aime beaucoup ne sont probablement pas fixés <eos>,13,fixés,fixées,11,M,S,fixés,-7.91615,fixées,-11.382368,1
8677,P_NOUN_8_PASS_b,M,P,les raisins avec le billet que j' aime beaucoup ne sont probablement pas jetés <eos>,13,jetés,jetées,11,M,S,jetés,-8.741692,jetées,-12.872324,1
8678,P_NOUN_8_PASS_b,M,P,les raisins avec le billet que j' aime beaucoup ne sont probablement pas laissés <eos>,13,laissés,laissées,11,M,S,laissés,-8.1013565,laissées,-10.993675,1
8679,P_NOUN_8_PASS_b,M,P,les raisins avec le billet que j' aime beaucoup ne sont probablement pas ouverts <eos>,13,ouverts,ouvertes,11,M,S,ouverts,-8.520521,ouvertes,-12.410736,1
8680,P_NOUN_8_PASS_b,M,P,les raisins avec le billet que j' aime beaucoup ne sont probablement pas perdus <eos>,13,perdus,perdues,11,M,S,perdus,-6.8871064,perdues,-10.462124,1
8681,P_NOUN_8_PASS_b,M,P,les raisins avec le billet que j' aime beaucoup ne sont probablement pas réparés <eos>,13,réparés,réparées,11,M,S,réparés,-11.44896,réparées,-12.81157,1
8682,P_NOUN_8_PASS_b,M,P,les raisins avec le billet que j' aime beaucoup ne sont probablement pas retirés <eos>,13,retirés,retirées,11,M,S,retirés,-7.91686,retirées,-10.803297,1
8683,P_NOUN_8_PASS_b,M,P,les raisins avec le billet que j' aime beaucoup ne sont probablement pas tombés <eos>,13,tombés,tombées,11,M,S,tombés,-7.101816,tombées,-10.82863,1
8684,P_NOUN_8_PASS_b,M,P,les raisins avec le billet que j' aime beaucoup ne sont probablement pas utilisés <eos>,13,utilisés,utilisées,11,M,S,utilisés,-4.5944014,utilisées,-8.301557,1
8685,P_NOUN_8_PASS_b,M,P,les raisins avec le légume que j' aime beaucoup ne sont probablement pas achetés <eos>,13,achetés,achetées,11,M,S,achetés,-7.893863,achetées,-12.614389,1
8686,P_NOUN_8_PASS_b,M,P,les raisins avec le légume que j' aime beaucoup ne sont probablement pas brisés <eos>,13,brisés,brisées,11,M,S,brisés,-10.965168,brisées,-12.698882,1
8687,P_NOUN_8_PASS_b,M,P,les raisins avec le légume que j' aime beaucoup ne sont probablement pas cachés <eos>,13,cachés,cachées,11,M,S,cachés,-8.517606,cachées,-12.596254,1
8688,P_NOUN_8_PASS_b,M,P,les raisins avec le légume que j' aime beaucoup ne sont probablement pas cassés <eos>,13,cassés,cassées,11,M,S,cassés,-9.023218,cassées,-11.686589,1
8689,P_NOUN_8_PASS_b,M,P,les raisins avec le légume que j' aime beaucoup ne sont probablement pas couverts <eos>,13,couverts,couvertes,11,M,S,couverts,-5.928382,couvertes,-11.117229,1
8690,P_NOUN_8_PASS_b,M,P,les raisins avec le légume que j' aime beaucoup ne sont probablement pas déformés <eos>,13,déformés,déformées,11,M,S,déformés,-12.617459,déformées,-12.242823,0
8691,P_NOUN_8_PASS_b,M,P,les raisins avec le légume que j' aime beaucoup ne sont probablement pas fixés <eos>,13,fixés,fixées,11,M,S,fixés,-8.353855,fixées,-11.939135,1
8692,P_NOUN_8_PASS_b,M,P,les raisins avec le légume que j' aime beaucoup ne sont probablement pas jetés <eos>,13,jetés,jetées,11,M,S,jetés,-9.500138,jetées,-12.8225765,1
8693,P_NOUN_8_PASS_b,M,P,les raisins avec le légume que j' aime beaucoup ne sont probablement pas laissés <eos>,13,laissés,laissées,11,M,S,laissés,-7.5696397,laissées,-10.917828,1
8694,P_NOUN_8_PASS_b,M,P,les raisins avec le légume que j' aime beaucoup ne sont probablement pas ouverts <eos>,13,ouverts,ouvertes,11,M,S,ouverts,-7.715375,ouvertes,-11.753397,1
8695,P_NOUN_8_PASS_b,M,P,les raisins avec le légume que j' aime beaucoup ne sont probablement pas perdus <eos>,13,perdus,perdues,11,M,S,perdus,-7.0901055,perdues,-11.194786,1
8696,P_NOUN_8_PASS_b,M,P,les raisins avec le légume que j' aime beaucoup ne sont probablement pas réparés <eos>,13,réparés,réparées,11,M,S,réparés,-10.900679,réparées,-13.253184,1
8697,P_NOUN_8_PASS_b,M,P,les raisins avec le légume que j' aime beaucoup ne sont probablement pas retirés <eos>,13,retirés,retirées,11,M,S,retirés,-8.699591,retirées,-11.709094,1
8698,P_NOUN_8_PASS_b,M,P,les raisins avec le légume que j' aime beaucoup ne sont probablement pas tombés <eos>,13,tombés,tombées,11,M,S,tombés,-6.9279566,tombées,-10.803708,1
8699,P_NOUN_8_PASS_b,M,P,les raisins avec le légume que j' aime beaucoup ne sont probablement pas utilisés <eos>,13,utilisés,utilisées,11,M,S,utilisés,-4.883248,utilisées,-8.785625,1
8700,P_NOUN_8_PASS_b,M,P,les chargeurs avec le bracelet que j' aime beaucoup ne sont probablement pas achetés <eos>,13,achetés,achetées,11,M,S,achetés,-9.3776,achetées,-13.09441,1
8701,P_NOUN_8_PASS_b,M,P,les chargeurs avec le bracelet que j' aime beaucoup ne sont probablement pas brisés <eos>,13,brisés,brisées,11,M,S,brisés,-10.304049,brisées,-11.430163,1
8702,P_NOUN_8_PASS_b,M,P,les chargeurs avec le bracelet que j' aime beaucoup ne sont probablement pas cachés <eos>,13,cachés,cachées,11,M,S,cachés,-7.139335,cachées,-12.122953,1
8703,P_NOUN_8_PASS_b,M,P,les chargeurs avec le bracelet que j' aime beaucoup ne sont probablement pas cassés <eos>,13,cassés,cassées,11,M,S,cassés,-9.833937,cassées,-11.4135895,1
8704,P_NOUN_8_PASS_b,M,P,les chargeurs avec le bracelet que j' aime beaucoup ne sont probablement pas couverts <eos>,13,couverts,couvertes,11,M,S,couverts,-7.5508165,couvertes,-11.51163,1
8705,P_NOUN_8_PASS_b,M,P,les chargeurs avec le bracelet que j' aime beaucoup ne sont probablement pas déformés <eos>,13,déformés,déformées,11,M,S,déformés,-12.309299,déformées,-11.6916685,0
8706,P_NOUN_8_PASS_b,M,P,les chargeurs avec le bracelet que j' aime beaucoup ne sont probablement pas fixés <eos>,13,fixés,fixées,11,M,S,fixés,-6.9098334,fixées,-9.933663,1
8707,P_NOUN_8_PASS_b,M,P,les chargeurs avec le bracelet que j' aime beaucoup ne sont probablement pas jetés <eos>,13,jetés,jetées,11,M,S,jetés,-7.7291527,jetées,-11.842182,1
8708,P_NOUN_8_PASS_b,M,P,les chargeurs avec le bracelet que j' aime beaucoup ne sont probablement pas laissés <eos>,13,laissés,laissées,11,M,S,laissés,-8.722723,laissées,-11.621108,1
8709,P_NOUN_8_PASS_b,M,P,les chargeurs avec le bracelet que j' aime beaucoup ne sont probablement pas ouverts <eos>,13,ouverts,ouvertes,11,M,S,ouverts,-8.157913,ouvertes,-12.140191,1
8710,P_NOUN_8_PASS_b,M,P,les chargeurs avec le bracelet que j' aime beaucoup ne sont probablement pas perdus <eos>,13,perdus,perdues,11,M,S,perdus,-6.4982615,perdues,-10.43971,1
8711,P_NOUN_8_PASS_b,M,P,les chargeurs avec le bracelet que j' aime beaucoup ne sont probablement pas réparés <eos>,13,réparés,réparées,11,M,S,réparés,-10.225469,réparées,-12.50037,1
8712,P_NOUN_8_PASS_b,M,P,les chargeurs avec le bracelet que j' aime beaucoup ne sont probablement pas retirés <eos>,13,retirés,retirées,11,M,S,retirés,-6.9178653,retirées,-10.403715,1
8713,P_NOUN_8_PASS_b,M,P,les chargeurs avec le bracelet que j' aime beaucoup ne sont probablement pas tombés <eos>,13,tombés,tombées,11,M,S,tombés,-6.4655676,tombées,-11.35276,1
8714,P_NOUN_8_PASS_b,M,P,les chargeurs avec le bracelet que j' aime beaucoup ne sont probablement pas utilisés <eos>,13,utilisés,utilisées,11,M,S,utilisés,-3.8061814,utilisées,-7.8034654,1
8715,P_NOUN_8_PASS_b,M,P,les chargeurs avec le miroir que j' aime beaucoup ne sont probablement pas achetés <eos>,13,achetés,achetées,11,M,S,achetés,-9.395901,achetées,-13.344078,1
8716,P_NOUN_8_PASS_b,M,P,les chargeurs avec le miroir que j' aime beaucoup ne sont probablement pas brisés <eos>,13,brisés,brisées,11,M,S,brisés,-10.4523535,brisées,-11.841975,1
8717,P_NOUN_8_PASS_b,M,P,les chargeurs avec le miroir que j' aime beaucoup ne sont probablement pas cachés <eos>,13,cachés,cachées,11,M,S,cachés,-6.9839535,cachées,-11.614776,1
8718,P_NOUN_8_PASS_b,M,P,les chargeurs avec le miroir que j' aime beaucoup ne sont probablement pas cassés <eos>,13,cassés,cassées,11,M,S,cassés,-9.801538,cassées,-11.552469,1
8719,P_NOUN_8_PASS_b,M,P,les chargeurs avec le miroir que j' aime beaucoup ne sont probablement pas couverts <eos>,13,couverts,couvertes,11,M,S,couverts,-7.3955917,couvertes,-11.024288,1
8720,P_NOUN_8_PASS_b,M,P,les chargeurs avec le miroir que j' aime beaucoup ne sont probablement pas déformés <eos>,13,déformés,déformées,11,M,S,déformés,-11.712449,déformées,-10.915736,0
8721,P_NOUN_8_PASS_b,M,P,les chargeurs avec le miroir que j' aime beaucoup ne sont probablement pas fixés <eos>,13,fixés,fixées,11,M,S,fixés,-7.7922907,fixées,-10.538713,1
8722,P_NOUN_8_PASS_b,M,P,les chargeurs avec le miroir que j' aime beaucoup ne sont probablement pas jetés <eos>,13,jetés,jetées,11,M,S,jetés,-8.491371,jetées,-12.431703,1
8723,P_NOUN_8_PASS_b,M,P,les chargeurs avec le miroir que j' aime beaucoup ne sont probablement pas laissés <eos>,13,laissés,laissées,11,M,S,laissés,-8.361566,laissées,-11.410983,1
8724,P_NOUN_8_PASS_b,M,P,les chargeurs avec le miroir que j' aime beaucoup ne sont probablement pas ouverts <eos>,13,ouverts,ouvertes,11,M,S,ouverts,-7.5601873,ouvertes,-11.560131,1
8725,P_NOUN_8_PASS_b,M,P,les chargeurs avec le miroir que j' aime beaucoup ne sont probablement pas perdus <eos>,13,perdus,perdues,11,M,S,perdus,-6.599536,perdues,-10.258224,1
8726,P_NOUN_8_PASS_b,M,P,les chargeurs avec le miroir que j' aime beaucoup ne sont probablement pas réparés <eos>,13,réparés,réparées,11,M,S,réparés,-10.403847,réparées,-12.169146,1
8727,P_NOUN_8_PASS_b,M,P,les chargeurs avec le miroir que j' aime beaucoup ne sont probablement pas retirés <eos>,13,retirés,retirées,11,M,S,retirés,-7.0784225,retirées,-10.53671,1
8728,P_NOUN_8_PASS_b,M,P,les chargeurs avec le miroir que j' aime beaucoup ne sont probablement pas tombés <eos>,13,tombés,tombées,11,M,S,tombés,-7.2061176,tombées,-11.513437,1
8729,P_NOUN_8_PASS_b,M,P,les chargeurs avec le miroir que j' aime beaucoup ne sont probablement pas utilisés <eos>,13,utilisés,utilisées,11,M,S,utilisés,-3.9974978,utilisées,-7.9050913,1
8730,P_NOUN_8_PASS_b,M,P,les chargeurs avec le crayon que j' aime beaucoup ne sont probablement pas achetés <eos>,13,achetés,achetées,11,M,S,achetés,-8.740471,achetées,-12.599845,1
8731,P_NOUN_8_PASS_b,M,P,les chargeurs avec le crayon que j' aime beaucoup ne sont probablement pas brisés <eos>,13,brisés,brisées,11,M,S,brisés,-11.247059,brisées,-12.202789,1
8732,P_NOUN_8_PASS_b,M,P,les chargeurs avec le crayon que j' aime beaucoup ne sont probablement pas cachés <eos>,13,cachés,cachées,11,M,S,cachés,-6.9549723,cachées,-12.023429,1
8733,P_NOUN_8_PASS_b,M,P,les chargeurs avec le crayon que j' aime beaucoup ne sont probablement pas cassés <eos>,13,cassés,cassées,11,M,S,cassés,-9.473634,cassées,-11.581251,1
8734,P_NOUN_8_PASS_b,M,P,les chargeurs avec le crayon que j' aime beaucoup ne sont probablement pas couverts <eos>,13,couverts,couvertes,11,M,S,couverts,-7.1577663,couvertes,-11.171134,1
8735,P_NOUN_8_PASS_b,M,P,les chargeurs avec le crayon que j' aime beaucoup ne sont probablement pas déformés <eos>,13,déformés,déformées,11,M,S,déformés,-12.396438,déformées,-10.9358635,0
8736,P_NOUN_8_PASS_b,M,P,les chargeurs avec le crayon que j' aime beaucoup ne sont probablement pas fixés <eos>,13,fixés,fixées,11,M,S,fixés,-7.8235383,fixées,-10.360493,1
8737,P_NOUN_8_PASS_b,M,P,les chargeurs avec le crayon que j' aime beaucoup ne sont probablement pas jetés <eos>,13,jetés,jetées,11,M,S,jetés,-8.238136,jetées,-12.07286,1
8738,P_NOUN_8_PASS_b,M,P,les chargeurs avec le crayon que j' aime beaucoup ne sont probablement pas laissés <eos>,13,laissés,laissées,11,M,S,laissés,-7.9958057,laissées,-11.131322,1
8739,P_NOUN_8_PASS_b,M,P,les chargeurs avec le crayon que j' aime beaucoup ne sont probablement pas ouverts <eos>,13,ouverts,ouvertes,11,M,S,ouverts,-8.075758,ouvertes,-12.06286,1
8740,P_NOUN_8_PASS_b,M,P,les chargeurs avec le crayon que j' aime beaucoup ne sont probablement pas perdus <eos>,13,perdus,perdues,11,M,S,perdus,-6.763739,perdues,-10.026905,1
8741,P_NOUN_8_PASS_b,M,P,les chargeurs avec le crayon que j' aime beaucoup ne sont probablement pas réparés <eos>,13,réparés,réparées,11,M,S,réparés,-10.228405,réparées,-11.737312,1
8742,P_NOUN_8_PASS_b,M,P,les chargeurs avec le crayon que j' aime beaucoup ne sont probablement pas retirés <eos>,13,retirés,retirées,11,M,S,retirés,-7.0085588,retirées,-10.007971,1
8743,P_NOUN_8_PASS_b,M,P,les chargeurs avec le crayon que j' aime beaucoup ne sont probablement pas tombés <eos>,13,tombés,tombées,11,M,S,tombés,-7.441127,tombées,-11.280331,1
8744,P_NOUN_8_PASS_b,M,P,les chargeurs avec le crayon que j' aime beaucoup ne sont probablement pas utilisés <eos>,13,utilisés,utilisées,11,M,S,utilisés,-3.7436163,utilisées,-7.4389534,1
8745,P_NOUN_8_PASS_b,M,P,les chargeurs avec le rideau que j' aime beaucoup ne sont probablement pas achetés <eos>,13,achetés,achetées,11,M,S,achetés,-9.799007,achetées,-13.592462,1
8746,P_NOUN_8_PASS_b,M,P,les chargeurs avec le rideau que j' aime beaucoup ne sont probablement pas brisés <eos>,13,brisés,brisées,11,M,S,brisés,-10.86994,brisées,-12.031378,1
8747,P_NOUN_8_PASS_b,M,P,les chargeurs avec le rideau que j' aime beaucoup ne sont probablement pas cachés <eos>,13,cachés,cachées,11,M,S,cachés,-7.3766003,cachées,-11.502004,1
8748,P_NOUN_8_PASS_b,M,P,les chargeurs avec le rideau que j' aime beaucoup ne sont probablement pas cassés <eos>,13,cassés,cassées,11,M,S,cassés,-10.117146,cassées,-11.392086,1
8749,P_NOUN_8_PASS_b,M,P,les chargeurs avec le rideau que j' aime beaucoup ne sont probablement pas couverts <eos>,13,couverts,couvertes,11,M,S,couverts,-7.1280656,couvertes,-10.8963585,1
8750,P_NOUN_8_PASS_b,M,P,les chargeurs avec le rideau que j' aime beaucoup ne sont probablement pas déformés <eos>,13,déformés,déformées,11,M,S,déformés,-11.999165,déformées,-11.618121,0
8751,P_NOUN_8_PASS_b,M,P,les chargeurs avec le rideau que j' aime beaucoup ne sont probablement pas fixés <eos>,13,fixés,fixées,11,M,S,fixés,-7.4608665,fixées,-10.087674,1
8752,P_NOUN_8_PASS_b,M,P,les chargeurs avec le rideau que j' aime beaucoup ne sont probablement pas jetés <eos>,13,jetés,jetées,11,M,S,jetés,-8.349283,jetées,-11.957574,1
8753,P_NOUN_8_PASS_b,M,P,les chargeurs avec le rideau que j' aime beaucoup ne sont probablement pas laissés <eos>,13,laissés,laissées,11,M,S,laissés,-8.533697,laissées,-11.57337,1
8754,P_NOUN_8_PASS_b,M,P,les chargeurs avec le rideau que j' aime beaucoup ne sont probablement pas ouverts <eos>,13,ouverts,ouvertes,11,M,S,ouverts,-7.505235,ouvertes,-11.577942,1
8755,P_NOUN_8_PASS_b,M,P,les chargeurs avec le rideau que j' aime beaucoup ne sont probablement pas perdus <eos>,13,perdus,perdues,11,M,S,perdus,-7.045825,perdues,-10.678572,1
8756,P_NOUN_8_PASS_b,M,P,les chargeurs avec le rideau que j' aime beaucoup ne sont probablement pas réparés <eos>,13,réparés,réparées,11,M,S,réparés,-9.913094,réparées,-12.0324335,1
8757,P_NOUN_8_PASS_b,M,P,les chargeurs avec le rideau que j' aime beaucoup ne sont probablement pas retirés <eos>,13,retirés,retirées,11,M,S,retirés,-7.541976,retirées,-10.596231,1
8758,P_NOUN_8_PASS_b,M,P,les chargeurs avec le rideau que j' aime beaucoup ne sont probablement pas tombés <eos>,13,tombés,tombées,11,M,S,tombés,-6.993285,tombées,-11.323225,1
8759,P_NOUN_8_PASS_b,M,P,les chargeurs avec le rideau que j' aime beaucoup ne sont probablement pas utilisés <eos>,13,utilisés,utilisées,11,M,S,utilisés,-4.0488715,utilisées,-7.917423,1
8760,P_NOUN_8_PASS_b,M,P,les chargeurs avec le cahier que j' aime beaucoup ne sont probablement pas achetés <eos>,13,achetés,achetées,11,M,S,achetés,-9.241647,achetées,-13.38276,1
8761,P_NOUN_8_PASS_b,M,P,les chargeurs avec le cahier que j' aime beaucoup ne sont probablement pas brisés <eos>,13,brisés,brisées,11,M,S,brisés,-11.322086,brisées,-12.809427,1
8762,P_NOUN_8_PASS_b,M,P,les chargeurs avec le cahier que j' aime beaucoup ne sont probablement pas cachés <eos>,13,cachés,cachées,11,M,S,cachés,-7.1532555,cachées,-12.206457,1
8763,P_NOUN_8_PASS_b,M,P,les chargeurs avec le cahier que j' aime beaucoup ne sont probablement pas cassés <eos>,13,cassés,cassées,11,M,S,cassés,-10.587553,cassées,-12.464558,1
8764,P_NOUN_8_PASS_b,M,P,les chargeurs avec le cahier que j' aime beaucoup ne sont probablement pas couverts <eos>,13,couverts,couvertes,11,M,S,couverts,-7.203455,couvertes,-11.509889,1
8765,P_NOUN_8_PASS_b,M,P,les chargeurs avec le cahier que j' aime beaucoup ne sont probablement pas déformés <eos>,13,déformés,déformées,11,M,S,déformés,-12.27822,déformées,-12.047973,0
8766,P_NOUN_8_PASS_b,M,P,les chargeurs avec le cahier que j' aime beaucoup ne sont probablement pas fixés <eos>,13,fixés,fixées,11,M,S,fixés,-7.7367253,fixées,-10.577124,1
8767,P_NOUN_8_PASS_b,M,P,les chargeurs avec le cahier que j' aime beaucoup ne sont probablement pas jetés <eos>,13,jetés,jetées,11,M,S,jetés,-8.930896,jetées,-12.989257,1
8768,P_NOUN_8_PASS_b,M,P,les chargeurs avec le cahier que j' aime beaucoup ne sont probablement pas laissés <eos>,13,laissés,laissées,11,M,S,laissés,-8.475254,laissées,-12.278627,1
8769,P_NOUN_8_PASS_b,M,P,les chargeurs avec le cahier que j' aime beaucoup ne sont probablement pas ouverts <eos>,13,ouverts,ouvertes,11,M,S,ouverts,-7.6119146,ouvertes,-11.882,1
8770,P_NOUN_8_PASS_b,M,P,les chargeurs avec le cahier que j' aime beaucoup ne sont probablement pas perdus <eos>,13,perdus,perdues,11,M,S,perdus,-6.713979,perdues,-10.290631,1
8771,P_NOUN_8_PASS_b,M,P,les chargeurs avec le cahier que j' aime beaucoup ne sont probablement pas réparés <eos>,13,réparés,réparées,11,M,S,réparés,-10.406489,réparées,-12.514318,1
8772,P_NOUN_8_PASS_b,M,P,les chargeurs avec le cahier que j' aime beaucoup ne sont probablement pas retirés <eos>,13,retirés,retirées,11,M,S,retirés,-6.9315605,retirées,-10.7349,1
8773,P_NOUN_8_PASS_b,M,P,les chargeurs avec le cahier que j' aime beaucoup ne sont probablement pas tombés <eos>,13,tombés,tombées,11,M,S,tombés,-7.1120443,tombées,-11.911033,1
8774,P_NOUN_8_PASS_b,M,P,les chargeurs avec le cahier que j' aime beaucoup ne sont probablement pas utilisés <eos>,13,utilisés,utilisées,11,M,S,utilisés,-4.084652,utilisées,-8.119356,1
8775,P_NOUN_8_PASS_b,M,P,les chargeurs avec le micro que j' aime beaucoup ne sont probablement pas achetés <eos>,13,achetés,achetées,11,M,S,achetés,-9.450476,achetées,-13.09257,1
8776,P_NOUN_8_PASS_b,M,P,les chargeurs avec le micro que j' aime beaucoup ne sont probablement pas brisés <eos>,13,brisés,brisées,11,M,S,brisés,-10.783256,brisées,-12.056474,1
8777,P_NOUN_8_PASS_b,M,P,les chargeurs avec le micro que j' aime beaucoup ne sont probablement pas cachés <eos>,13,cachés,cachées,11,M,S,cachés,-7.1273603,cachées,-11.809981,1
8778,P_NOUN_8_PASS_b,M,P,les chargeurs avec le micro que j' aime beaucoup ne sont probablement pas cassés <eos>,13,cassés,cassées,11,M,S,cassés,-10.251432,cassées,-11.796728,1
8779,P_NOUN_8_PASS_b,M,P,les chargeurs avec le micro que j' aime beaucoup ne sont probablement pas couverts <eos>,13,couverts,couvertes,11,M,S,couverts,-7.370507,couvertes,-11.004482,1
8780,P_NOUN_8_PASS_b,M,P,les chargeurs avec le micro que j' aime beaucoup ne sont probablement pas déformés <eos>,13,déformés,déformées,11,M,S,déformés,-12.246875,déformées,-11.921546,0
8781,P_NOUN_8_PASS_b,M,P,les chargeurs avec le micro que j' aime beaucoup ne sont probablement pas fixés <eos>,13,fixés,fixées,11,M,S,fixés,-7.275704,fixées,-10.659714,1
8782,P_NOUN_8_PASS_b,M,P,les chargeurs avec le micro que j' aime beaucoup ne sont probablement pas jetés <eos>,13,jetés,jetées,11,M,S,jetés,-8.479204,jetées,-12.464672,1
8783,P_NOUN_8_PASS_b,M,P,les chargeurs avec le micro que j' aime beaucoup ne sont probablement pas laissés <eos>,13,laissés,laissées,11,M,S,laissés,-8.620865,laissées,-11.583086,1
8784,P_NOUN_8_PASS_b,M,P,les chargeurs avec le micro que j' aime beaucoup ne sont probablement pas ouverts <eos>,13,ouverts,ouvertes,11,M,S,ouverts,-7.6584215,ouvertes,-11.698208,1
8785,P_NOUN_8_PASS_b,M,P,les chargeurs avec le micro que j' aime beaucoup ne sont probablement pas perdus <eos>,13,perdus,perdues,11,M,S,perdus,-6.9410954,perdues,-10.755358,1
8786,P_NOUN_8_PASS_b,M,P,les chargeurs avec le micro que j' aime beaucoup ne sont probablement pas réparés <eos>,13,réparés,réparées,11,M,S,réparés,-10.011854,réparées,-12.209988,1
8787,P_NOUN_8_PASS_b,M,P,les chargeurs avec le micro que j' aime beaucoup ne sont probablement pas retirés <eos>,13,retirés,retirées,11,M,S,retirés,-7.268605,retirées,-10.613638,1
8788,P_NOUN_8_PASS_b,M,P,les chargeurs avec le micro que j' aime beaucoup ne sont probablement pas tombés <eos>,13,tombés,tombées,11,M,S,tombés,-7.483681,tombées,-11.789055,1
8789,P_NOUN_8_PASS_b,M,P,les chargeurs avec le micro que j' aime beaucoup ne sont probablement pas utilisés <eos>,13,utilisés,utilisées,11,M,S,utilisés,-4.004451,utilisées,-7.913827,1
8790,P_NOUN_8_PASS_b,M,P,les chargeurs avec le sac que j' aime beaucoup ne sont probablement pas achetés <eos>,13,achetés,achetées,11,M,S,achetés,-9.374898,achetées,-13.225902,1
8791,P_NOUN_8_PASS_b,M,P,les chargeurs avec le sac que j' aime beaucoup ne sont probablement pas brisés <eos>,13,brisés,brisées,11,M,S,brisés,-10.805297,brisées,-12.121886,1
8792,P_NOUN_8_PASS_b,M,P,les chargeurs avec le sac que j' aime beaucoup ne sont probablement pas cachés <eos>,13,cachés,cachées,11,M,S,cachés,-7.1947374,cachées,-11.894813,1
8793,P_NOUN_8_PASS_b,M,P,les chargeurs avec le sac que j' aime beaucoup ne sont probablement pas cassés <eos>,13,cassés,cassées,11,M,S,cassés,-9.96306,cassées,-11.379363,1
8794,P_NOUN_8_PASS_b,M,P,les chargeurs avec le sac que j' aime beaucoup ne sont probablement pas couverts <eos>,13,couverts,couvertes,11,M,S,couverts,-7.199499,couvertes,-11.002716,1
8795,P_NOUN_8_PASS_b,M,P,les chargeurs avec le sac que j' aime beaucoup ne sont probablement pas déformés <eos>,13,déformés,déformées,11,M,S,déformés,-12.313029,déformées,-11.892018,0
8796,P_NOUN_8_PASS_b,M,P,les chargeurs avec le sac que j' aime beaucoup ne sont probablement pas fixés <eos>,13,fixés,fixées,11,M,S,fixés,-7.4256454,fixées,-10.460089,1
8797,P_NOUN_8_PASS_b,M,P,les chargeurs avec le sac que j' aime beaucoup ne sont probablement pas jetés <eos>,13,jetés,jetées,11,M,S,jetés,-8.318526,jetées,-11.903681,1
8798,P_NOUN_8_PASS_b,M,P,les chargeurs avec le sac que j' aime beaucoup ne sont probablement pas laissés <eos>,13,laissés,laissées,11,M,S,laissés,-8.329231,laissées,-11.566694,1
8799,P_NOUN_8_PASS_b,M,P,les chargeurs avec le sac que j' aime beaucoup ne sont probablement pas ouverts <eos>,13,ouverts,ouvertes,11,M,S,ouverts,-7.862822,ouvertes,-11.848558,1
8800,P_NOUN_8_PASS_b,M,P,les chargeurs avec le sac que j' aime beaucoup ne sont probablement pas perdus <eos>,13,perdus,perdues,11,M,S,perdus,-7.0112524,perdues,-10.560468,1
8801,P_NOUN_8_PASS_b,M,P,les chargeurs avec le sac que j' aime beaucoup ne sont probablement pas réparés <eos>,13,réparés,réparées,11,M,S,réparés,-9.721493,réparées,-12.030497,1
8802,P_NOUN_8_PASS_b,M,P,les chargeurs avec le sac que j' aime beaucoup ne sont probablement pas retirés <eos>,13,retirés,retirées,11,M,S,retirés,-7.133439,retirées,-10.5569515,1
8803,P_NOUN_8_PASS_b,M,P,les chargeurs avec le sac que j' aime beaucoup ne sont probablement pas tombés <eos>,13,tombés,tombées,11,M,S,tombés,-6.8654814,tombées,-11.51565,1
8804,P_NOUN_8_PASS_b,M,P,les chargeurs avec le sac que j' aime beaucoup ne sont probablement pas utilisés <eos>,13,utilisés,utilisées,11,M,S,utilisés,-3.8016963,utilisées,-7.764275,1
8805,P_NOUN_8_PASS_b,M,P,les chargeurs avec le clavier que j' aime beaucoup ne sont probablement pas achetés <eos>,13,achetés,achetées,11,M,S,achetés,-9.716576,achetées,-13.630367,1
8806,P_NOUN_8_PASS_b,M,P,les chargeurs avec le clavier que j' aime beaucoup ne sont probablement pas brisés <eos>,13,brisés,brisées,11,M,S,brisés,-10.940883,brisées,-12.112124,1
8807,P_NOUN_8_PASS_b,M,P,les chargeurs avec le clavier que j' aime beaucoup ne sont probablement pas cachés <eos>,13,cachés,cachées,11,M,S,cachés,-7.0823154,cachées,-11.672029,1
8808,P_NOUN_8_PASS_b,M,P,les chargeurs avec le clavier que j' aime beaucoup ne sont probablement pas cassés <eos>,13,cassés,cassées,11,M,S,cassés,-10.398853,cassées,-11.778435,1
8809,P_NOUN_8_PASS_b,M,P,les chargeurs avec le clavier que j' aime beaucoup ne sont probablement pas couverts <eos>,13,couverts,couvertes,11,M,S,couverts,-7.810198,couvertes,-11.469147,1
8810,P_NOUN_8_PASS_b,M,P,les chargeurs avec le clavier que j' aime beaucoup ne sont probablement pas déformés <eos>,13,déformés,déformées,11,M,S,déformés,-11.976109,déformées,-11.028031,0
8811,P_NOUN_8_PASS_b,M,P,les chargeurs avec le clavier que j' aime beaucoup ne sont probablement pas fixés <eos>,13,fixés,fixées,11,M,S,fixés,-7.353973,fixées,-10.6020565,1
8812,P_NOUN_8_PASS_b,M,P,les chargeurs avec le clavier que j' aime beaucoup ne sont probablement pas jetés <eos>,13,jetés,jetées,11,M,S,jetés,-8.5991955,jetées,-12.565628,1
8813,P_NOUN_8_PASS_b,M,P,les chargeurs avec le clavier que j' aime beaucoup ne sont probablement pas laissés <eos>,13,laissés,laissées,11,M,S,laissés,-8.806397,laissées,-11.721858,1
8814,P_NOUN_8_PASS_b,M,P,les chargeurs avec le clavier que j' aime beaucoup ne sont probablement pas ouverts <eos>,13,ouverts,ouvertes,11,M,S,ouverts,-7.9665174,ouvertes,-11.849748,1
8815,P_NOUN_8_PASS_b,M,P,les chargeurs avec le clavier que j' aime beaucoup ne sont probablement pas perdus <eos>,13,perdus,perdues,11,M,S,perdus,-7.057166,perdues,-10.731453,1
8816,P_NOUN_8_PASS_b,M,P,les chargeurs avec le clavier que j' aime beaucoup ne sont probablement pas réparés <eos>,13,réparés,réparées,11,M,S,réparés,-10.800857,réparées,-12.567343,1
8817,P_NOUN_8_PASS_b,M,P,les chargeurs avec le clavier que j' aime beaucoup ne sont probablement pas retirés <eos>,13,retirés,retirées,11,M,S,retirés,-7.713398,retirées,-10.904138,1
8818,P_NOUN_8_PASS_b,M,P,les chargeurs avec le clavier que j' aime beaucoup ne sont probablement pas tombés <eos>,13,tombés,tombées,11,M,S,tombés,-7.7037296,tombées,-11.996433,1
8819,P_NOUN_8_PASS_b,M,P,les chargeurs avec le clavier que j' aime beaucoup ne sont probablement pas utilisés <eos>,13,utilisés,utilisées,11,M,S,utilisés,-3.8323965,utilisées,-7.7489786,1
8820,P_NOUN_8_PASS_b,M,P,les chargeurs avec le raisin que j' aime beaucoup ne sont probablement pas achetés <eos>,13,achetés,achetées,11,M,S,achetés,-8.774048,achetées,-12.591044,1
8821,P_NOUN_8_PASS_b,M,P,les chargeurs avec le raisin que j' aime beaucoup ne sont probablement pas brisés <eos>,13,brisés,brisées,11,M,S,brisés,-11.221132,brisées,-12.415854,1
8822,P_NOUN_8_PASS_b,M,P,les chargeurs avec le raisin que j' aime beaucoup ne sont probablement pas cachés <eos>,13,cachés,cachées,11,M,S,cachés,-7.848587,cachées,-12.39599,1
8823,P_NOUN_8_PASS_b,M,P,les chargeurs avec le raisin que j' aime beaucoup ne sont probablement pas cassés <eos>,13,cassés,cassées,11,M,S,cassés,-9.105919,cassées,-11.519672,1
8824,P_NOUN_8_PASS_b,M,P,les chargeurs avec le raisin que j' aime beaucoup ne sont probablement pas couverts <eos>,13,couverts,couvertes,11,M,S,couverts,-6.8262134,couvertes,-11.123455,1
8825,P_NOUN_8_PASS_b,M,P,les chargeurs avec le raisin que j' aime beaucoup ne sont probablement pas déformés <eos>,13,déformés,déformées,11,M,S,déformés,-12.98035,déformées,-11.764215,0
8826,P_NOUN_8_PASS_b,M,P,les chargeurs avec le raisin que j' aime beaucoup ne sont probablement pas fixés <eos>,13,fixés,fixées,11,M,S,fixés,-6.9595184,fixées,-10.287361,1
8827,P_NOUN_8_PASS_b,M,P,les chargeurs avec le raisin que j' aime beaucoup ne sont probablement pas jetés <eos>,13,jetés,jetées,11,M,S,jetés,-9.014769,jetées,-13.048305,1
8828,P_NOUN_8_PASS_b,M,P,les chargeurs avec le raisin que j' aime beaucoup ne sont probablement pas laissés <eos>,13,laissés,laissées,11,M,S,laissés,-8.361555,laissées,-11.158772,1
8829,P_NOUN_8_PASS_b,M,P,les chargeurs avec le raisin que j' aime beaucoup ne sont probablement pas ouverts <eos>,13,ouverts,ouvertes,11,M,S,ouverts,-8.824459,ouvertes,-12.033329,1
8830,P_NOUN_8_PASS_b,M,P,les chargeurs avec le raisin que j' aime beaucoup ne sont probablement pas perdus <eos>,13,perdus,perdues,11,M,S,perdus,-7.3292446,perdues,-10.539342,1
8831,P_NOUN_8_PASS_b,M,P,les chargeurs avec le raisin que j' aime beaucoup ne sont probablement pas réparés <eos>,13,réparés,réparées,11,M,S,réparés,-10.763292,réparées,-12.723511,1
8832,P_NOUN_8_PASS_b,M,P,les chargeurs avec le raisin que j' aime beaucoup ne sont probablement pas retirés <eos>,13,retirés,retirées,11,M,S,retirés,-7.2288465,retirées,-10.199906,1
8833,P_NOUN_8_PASS_b,M,P,les chargeurs avec le raisin que j' aime beaucoup ne sont probablement pas tombés <eos>,13,tombés,tombées,11,M,S,tombés,-7.1259165,tombées,-10.901074,1
8834,P_NOUN_8_PASS_b,M,P,les chargeurs avec le raisin que j' aime beaucoup ne sont probablement pas utilisés <eos>,13,utilisés,utilisées,11,M,S,utilisés,-3.6924152,utilisées,-7.3542433,1
8835,P_NOUN_8_PASS_b,M,P,les chargeurs avec le chargeur que j' aime beaucoup ne sont probablement pas achetés <eos>,13,achetés,achetées,11,M,S,achetés,-9.13159,achetées,-12.954683,1
8836,P_NOUN_8_PASS_b,M,P,les chargeurs avec le chargeur que j' aime beaucoup ne sont probablement pas brisés <eos>,13,brisés,brisées,11,M,S,brisés,-11.10055,brisées,-12.450351,1
8837,P_NOUN_8_PASS_b,M,P,les chargeurs avec le chargeur que j' aime beaucoup ne sont probablement pas cachés <eos>,13,cachés,cachées,11,M,S,cachés,-6.7434664,cachées,-12.0275755,1
8838,P_NOUN_8_PASS_b,M,P,les chargeurs avec le chargeur que j' aime beaucoup ne sont probablement pas cassés <eos>,13,cassés,cassées,11,M,S,cassés,-10.279208,cassées,-11.817827,1
8839,P_NOUN_8_PASS_b,M,P,les chargeurs avec le chargeur que j' aime beaucoup ne sont probablement pas couverts <eos>,13,couverts,couvertes,11,M,S,couverts,-7.6768565,couvertes,-11.225849,1
8840,P_NOUN_8_PASS_b,M,P,les chargeurs avec le chargeur que j' aime beaucoup ne sont probablement pas déformés <eos>,13,déformés,déformées,11,M,S,déformés,-12.55919,déformées,-11.675359,0
8841,P_NOUN_8_PASS_b,M,P,les chargeurs avec le chargeur que j' aime beaucoup ne sont probablement pas fixés <eos>,13,fixés,fixées,11,M,S,fixés,-7.54867,fixées,-10.280114,1
8842,P_NOUN_8_PASS_b,M,P,les chargeurs avec le chargeur que j' aime beaucoup ne sont probablement pas jetés <eos>,13,jetés,jetées,11,M,S,jetés,-8.521959,jetées,-12.6364765,1
8843,P_NOUN_8_PASS_b,M,P,les chargeurs avec le chargeur que j' aime beaucoup ne sont probablement pas laissés <eos>,13,laissés,laissées,11,M,S,laissés,-8.473226,laissées,-11.782245,1
8844,P_NOUN_8_PASS_b,M,P,les chargeurs avec le chargeur que j' aime beaucoup ne sont probablement pas ouverts <eos>,13,ouverts,ouvertes,11,M,S,ouverts,-7.9152126,ouvertes,-11.802568,1
8845,P_NOUN_8_PASS_b,M,P,les chargeurs avec le chargeur que j' aime beaucoup ne sont probablement pas perdus <eos>,13,perdus,perdues,11,M,S,perdus,-7.0890985,perdues,-10.390671,1
8846,P_NOUN_8_PASS_b,M,P,les chargeurs avec le chargeur que j' aime beaucoup ne sont probablement pas réparés <eos>,13,réparés,réparées,11,M,S,réparés,-9.99717,réparées,-12.048146,1
8847,P_NOUN_8_PASS_b,M,P,les chargeurs avec le chargeur que j' aime beaucoup ne sont probablement pas retirés <eos>,13,retirés,retirées,11,M,S,retirés,-6.5447006,retirées,-10.399617,1
8848,P_NOUN_8_PASS_b,M,P,les chargeurs avec le chargeur que j' aime beaucoup ne sont probablement pas tombés <eos>,13,tombés,tombées,11,M,S,tombés,-7.335269,tombées,-11.668315,1
8849,P_NOUN_8_PASS_b,M,P,les chargeurs avec le chargeur que j' aime beaucoup ne sont probablement pas utilisés <eos>,13,utilisés,utilisées,11,M,S,utilisés,-3.6018698,utilisées,-7.6145287,1
8850,P_NOUN_8_PASS_b,M,P,les chargeurs avec le vase que j' aime beaucoup ne sont probablement pas achetés <eos>,13,achetés,achetées,11,M,S,achetés,-9.161846,achetées,-13.147593,1
8851,P_NOUN_8_PASS_b,M,P,les chargeurs avec le vase que j' aime beaucoup ne sont probablement pas brisés <eos>,13,brisés,brisées,11,M,S,brisés,-10.779825,brisées,-12.061459,1
8852,P_NOUN_8_PASS_b,M,P,les chargeurs avec le vase que j' aime beaucoup ne sont probablement pas cachés <eos>,13,cachés,cachées,11,M,S,cachés,-7.1735983,cachées,-11.800578,1
8853,P_NOUN_8_PASS_b,M,P,les chargeurs avec le vase que j' aime beaucoup ne sont probablement pas cassés <eos>,13,cassés,cassées,11,M,S,cassés,-9.796119,cassées,-11.762678,1
8854,P_NOUN_8_PASS_b,M,P,les chargeurs avec le vase que j' aime beaucoup ne sont probablement pas couverts <eos>,13,couverts,couvertes,11,M,S,couverts,-7.05357,couvertes,-10.870281,1
8855,P_NOUN_8_PASS_b,M,P,les chargeurs avec le vase que j' aime beaucoup ne sont probablement pas déformés <eos>,13,déformés,déformées,11,M,S,déformés,-11.946058,déformées,-11.606327,0
8856,P_NOUN_8_PASS_b,M,P,les chargeurs avec le vase que j' aime beaucoup ne sont probablement pas fixés <eos>,13,fixés,fixées,11,M,S,fixés,-7.3502645,fixées,-10.663479,1
8857,P_NOUN_8_PASS_b,M,P,les chargeurs avec le vase que j' aime beaucoup ne sont probablement pas jetés <eos>,13,jetés,jetées,11,M,S,jetés,-8.075788,jetées,-11.9126625,1
8858,P_NOUN_8_PASS_b,M,P,les chargeurs avec le vase que j' aime beaucoup ne sont probablement pas laissés <eos>,13,laissés,laissées,11,M,S,laissés,-8.031747,laissées,-11.240866,1
8859,P_NOUN_8_PASS_b,M,P,les chargeurs avec le vase que j' aime beaucoup ne sont probablement pas ouverts <eos>,13,ouverts,ouvertes,11,M,S,ouverts,-7.267044,ouvertes,-11.550354,1
8860,P_NOUN_8_PASS_b,M,P,les chargeurs avec le vase que j' aime beaucoup ne sont probablement pas perdus <eos>,13,perdus,perdues,11,M,S,perdus,-6.479421,perdues,-10.307764,1
8861,P_NOUN_8_PASS_b,M,P,les chargeurs avec le vase que j' aime beaucoup ne sont probablement pas réparés <eos>,13,réparés,réparées,11,M,S,réparés,-9.319344,réparées,-11.7036085,1
8862,P_NOUN_8_PASS_b,M,P,les chargeurs avec le vase que j' aime beaucoup ne sont probablement pas retirés <eos>,13,retirés,retirées,11,M,S,retirés,-7.190339,retirées,-10.405652,1
8863,P_NOUN_8_PASS_b,M,P,les chargeurs avec le vase que j' aime beaucoup ne sont probablement pas tombés <eos>,13,tombés,tombées,11,M,S,tombés,-6.843774,tombées,-11.118171,1
8864,P_NOUN_8_PASS_b,M,P,les chargeurs avec le vase que j' aime beaucoup ne sont probablement pas utilisés <eos>,13,utilisés,utilisées,11,M,S,utilisés,-4.2690134,utilisées,-8.05251,1
8865,P_NOUN_8_PASS_b,M,P,les chargeurs avec le panier que j' aime beaucoup ne sont probablement pas achetés <eos>,13,achetés,achetées,11,M,S,achetés,-9.386753,achetées,-12.787383,1
8866,P_NOUN_8_PASS_b,M,P,les chargeurs avec le panier que j' aime beaucoup ne sont probablement pas brisés <eos>,13,brisés,brisées,11,M,S,brisés,-10.8138275,brisées,-12.07007,1
8867,P_NOUN_8_PASS_b,M,P,les chargeurs avec le panier que j' aime beaucoup ne sont probablement pas cachés <eos>,13,cachés,cachées,11,M,S,cachés,-7.438581,cachées,-12.244671,1
8868,P_NOUN_8_PASS_b,M,P,les chargeurs avec le panier que j' aime beaucoup ne sont probablement pas cassés <eos>,13,cassés,cassées,11,M,S,cassés,-9.932735,cassées,-11.498212,1
8869,P_NOUN_8_PASS_b,M,P,les chargeurs avec le panier que j' aime beaucoup ne sont probablement pas couverts <eos>,13,couverts,couvertes,11,M,S,couverts,-7.0463963,couvertes,-10.79656,1
8870,P_NOUN_8_PASS_b,M,P,les chargeurs avec le panier que j' aime beaucoup ne sont probablement pas déformés <eos>,13,déformés,déformées,11,M,S,déformés,-12.559144,déformées,-11.99657,0
8871,P_NOUN_8_PASS_b,M,P,les chargeurs avec le panier que j' aime beaucoup ne sont probablement pas fixés <eos>,13,fixés,fixées,11,M,S,fixés,-7.0725756,fixées,-10.308964,1
8872,P_NOUN_8_PASS_b,M,P,les chargeurs avec le panier que j' aime beaucoup ne sont probablement pas jetés <eos>,13,jetés,jetées,11,M,S,jetés,-8.338576,jetées,-12.114032,1
8873,P_NOUN_8_PASS_b,M,P,les chargeurs avec le panier que j' aime beaucoup ne sont probablement pas laissés <eos>,13,laissés,laissées,11,M,S,laissés,-8.343678,laissées,-11.277513,1
8874,P_NOUN_8_PASS_b,M,P,les chargeurs avec le panier que j' aime beaucoup ne sont probablement pas ouverts <eos>,13,ouverts,ouvertes,11,M,S,ouverts,-7.586296,ouvertes,-11.709094,1
8875,P_NOUN_8_PASS_b,M,P,les chargeurs avec le panier que j' aime beaucoup ne sont probablement pas perdus <eos>,13,perdus,perdues,11,M,S,perdus,-6.728861,perdues,-10.378303,1
8876,P_NOUN_8_PASS_b,M,P,les chargeurs avec le panier que j' aime beaucoup ne sont probablement pas réparés <eos>,13,réparés,réparées,11,M,S,réparés,-9.7926,réparées,-11.932308,1
8877,P_NOUN_8_PASS_b,M,P,les chargeurs avec le panier que j' aime beaucoup ne sont probablement pas retirés <eos>,13,retirés,retirées,11,M,S,retirés,-6.942091,retirées,-10.332056,1
8878,P_NOUN_8_PASS_b,M,P,les chargeurs avec le panier que j' aime beaucoup ne sont probablement pas tombés <eos>,13,tombés,tombées,11,M,S,tombés,-7.1175356,tombées,-11.608479,1
8879,P_NOUN_8_PASS_b,M,P,les chargeurs avec le panier que j' aime beaucoup ne sont probablement pas utilisés <eos>,13,utilisés,utilisées,11,M,S,utilisés,-3.9036255,utilisées,-7.724516,1
8880,P_NOUN_8_PASS_b,M,P,les chargeurs avec le collier que j' aime beaucoup ne sont probablement pas achetés <eos>,13,achetés,achetées,11,M,S,achetés,-9.464971,achetées,-13.385281,1
8881,P_NOUN_8_PASS_b,M,P,les chargeurs avec le collier que j' aime beaucoup ne sont probablement pas brisés <eos>,13,brisés,brisées,11,M,S,brisés,-10.796645,brisées,-12.0168085,1
8882,P_NOUN_8_PASS_b,M,P,les chargeurs avec le collier que j' aime beaucoup ne sont probablement pas cachés <eos>,13,cachés,cachées,11,M,S,cachés,-7.202222,cachées,-11.7173605,1
8883,P_NOUN_8_PASS_b,M,P,les chargeurs avec le collier que j' aime beaucoup ne sont probablement pas cassés <eos>,13,cassés,cassées,11,M,S,cassés,-10.049188,cassées,-11.423534,1
8884,P_NOUN_8_PASS_b,M,P,les chargeurs avec le collier que j' aime beaucoup ne sont probablement pas couverts <eos>,13,couverts,couvertes,11,M,S,couverts,-7.433832,couvertes,-11.29225,1
8885,P_NOUN_8_PASS_b,M,P,les chargeurs avec le collier que j' aime beaucoup ne sont probablement pas déformés <eos>,13,déformés,déformées,11,M,S,déformés,-12.209169,déformées,-11.798134,0
8886,P_NOUN_8_PASS_b,M,P,les chargeurs avec le collier que j' aime beaucoup ne sont probablement pas fixés <eos>,13,fixés,fixées,11,M,S,fixés,-7.5227876,fixées,-10.396673,1
8887,P_NOUN_8_PASS_b,M,P,les chargeurs avec le collier que j' aime beaucoup ne sont probablement pas jetés <eos>,13,jetés,jetées,11,M,S,jetés,-8.226675,jetées,-11.993681,1
8888,P_NOUN_8_PASS_b,M,P,les chargeurs avec le collier que j' aime beaucoup ne sont probablement pas laissés <eos>,13,laissés,laissées,11,M,S,laissés,-8.53115,laissées,-11.7122755,1
8889,P_NOUN_8_PASS_b,M,P,les chargeurs avec le collier que j' aime beaucoup ne sont probablement pas ouverts <eos>,13,ouverts,ouvertes,11,M,S,ouverts,-7.935979,ouvertes,-12.046769,1
8890,P_NOUN_8_PASS_b,M,P,les chargeurs avec le collier que j' aime beaucoup ne sont probablement pas perdus <eos>,13,perdus,perdues,11,M,S,perdus,-7.008943,perdues,-10.584032,1
8891,P_NOUN_8_PASS_b,M,P,les chargeurs avec le collier que j' aime beaucoup ne sont probablement pas réparés <eos>,13,réparés,réparées,11,M,S,réparés,-10.111349,réparées,-12.303867,1
8892,P_NOUN_8_PASS_b,M,P,les chargeurs avec le collier que j' aime beaucoup ne sont probablement pas retirés <eos>,13,retirés,retirées,11,M,S,retirés,-7.2461333,retirées,-10.7355175,1
8893,P_NOUN_8_PASS_b,M,P,les chargeurs avec le collier que j' aime beaucoup ne sont probablement pas tombés <eos>,13,tombés,tombées,11,M,S,tombés,-6.798591,tombées,-11.507805,1
8894,P_NOUN_8_PASS_b,M,P,les chargeurs avec le collier que j' aime beaucoup ne sont probablement pas utilisés <eos>,13,utilisés,utilisées,11,M,S,utilisés,-3.9768028,utilisées,-7.979912,1
8895,P_NOUN_8_PASS_b,M,P,les chargeurs avec le chapeau que j' aime beaucoup ne sont probablement pas achetés <eos>,13,achetés,achetées,11,M,S,achetés,-9.520737,achetées,-13.429079,1
8896,P_NOUN_8_PASS_b,M,P,les chargeurs avec le chapeau que j' aime beaucoup ne sont probablement pas brisés <eos>,13,brisés,brisées,11,M,S,brisés,-10.929982,brisées,-12.150227,1
8897,P_NOUN_8_PASS_b,M,P,les chargeurs avec le chapeau que j' aime beaucoup ne sont probablement pas cachés <eos>,13,cachés,cachées,11,M,S,cachés,-6.9241743,cachées,-11.518962,1
8898,P_NOUN_8_PASS_b,M,P,les chargeurs avec le chapeau que j' aime beaucoup ne sont probablement pas cassés <eos>,13,cassés,cassées,11,M,S,cassés,-10.141265,cassées,-11.259102,1
8899,P_NOUN_8_PASS_b,M,P,les chargeurs avec le chapeau que j' aime beaucoup ne sont probablement pas couverts <eos>,13,couverts,couvertes,11,M,S,couverts,-7.381935,couvertes,-11.192828,1
8900,P_NOUN_8_PASS_b,M,P,les chargeurs avec le chapeau que j' aime beaucoup ne sont probablement pas déformés <eos>,13,déformés,déformées,11,M,S,déformés,-12.173052,déformées,-11.607163,0
8901,P_NOUN_8_PASS_b,M,P,les chargeurs avec le chapeau que j' aime beaucoup ne sont probablement pas fixés <eos>,13,fixés,fixées,11,M,S,fixés,-7.870885,fixées,-10.724987,1
8902,P_NOUN_8_PASS_b,M,P,les chargeurs avec le chapeau que j' aime beaucoup ne sont probablement pas jetés <eos>,13,jetés,jetées,11,M,S,jetés,-8.052945,jetées,-11.771112,1
8903,P_NOUN_8_PASS_b,M,P,les chargeurs avec le chapeau que j' aime beaucoup ne sont probablement pas laissés <eos>,13,laissés,laissées,11,M,S,laissés,-8.361594,laissées,-11.732888,1
8904,P_NOUN_8_PASS_b,M,P,les chargeurs avec le chapeau que j' aime beaucoup ne sont probablement pas ouverts <eos>,13,ouverts,ouvertes,11,M,S,ouverts,-7.795265,ouvertes,-11.891527,1
8905,P_NOUN_8_PASS_b,M,P,les chargeurs avec le chapeau que j' aime beaucoup ne sont probablement pas perdus <eos>,13,perdus,perdues,11,M,S,perdus,-7.012472,perdues,-10.479491,1
8906,P_NOUN_8_PASS_b,M,P,les chargeurs avec le chapeau que j' aime beaucoup ne sont probablement pas réparés <eos>,13,réparés,réparées,11,M,S,réparés,-10.386529,réparées,-12.524365,1
8907,P_NOUN_8_PASS_b,M,P,les chargeurs avec le chapeau que j' aime beaucoup ne sont probablement pas retirés <eos>,13,retirés,retirées,11,M,S,retirés,-7.17873,retirées,-10.70085,1
8908,P_NOUN_8_PASS_b,M,P,les chargeurs avec le chapeau que j' aime beaucoup ne sont probablement pas tombés <eos>,13,tombés,tombées,11,M,S,tombés,-6.7908278,tombées,-11.310332,1
8909,P_NOUN_8_PASS_b,M,P,les chargeurs avec le chapeau que j' aime beaucoup ne sont probablement pas utilisés <eos>,13,utilisés,utilisées,11,M,S,utilisés,-4.056365,utilisées,-7.886298,1
8910,P_NOUN_8_PASS_b,M,P,les chargeurs avec le pot que j' aime beaucoup ne sont probablement pas achetés <eos>,13,achetés,achetées,11,M,S,achetés,-9.299721,achetées,-13.006069,1
8911,P_NOUN_8_PASS_b,M,P,les chargeurs avec le pot que j' aime beaucoup ne sont probablement pas brisés <eos>,13,brisés,brisées,11,M,S,brisés,-10.86919,brisées,-12.143716,1
8912,P_NOUN_8_PASS_b,M,P,les chargeurs avec le pot que j' aime beaucoup ne sont probablement pas cachés <eos>,13,cachés,cachées,11,M,S,cachés,-7.20945,cachées,-12.155127,1
8913,P_NOUN_8_PASS_b,M,P,les chargeurs avec le pot que j' aime beaucoup ne sont probablement pas cassés <eos>,13,cassés,cassées,11,M,S,cassés,-9.881093,cassées,-11.4497795,1
8914,P_NOUN_8_PASS_b,M,P,les chargeurs avec le pot que j' aime beaucoup ne sont probablement pas couverts <eos>,13,couverts,couvertes,11,M,S,couverts,-7.011429,couvertes,-10.915688,1
8915,P_NOUN_8_PASS_b,M,P,les chargeurs avec le pot que j' aime beaucoup ne sont probablement pas déformés <eos>,13,déformés,déformées,11,M,S,déformés,-12.220357,déformées,-12.012334,0
8916,P_NOUN_8_PASS_b,M,P,les chargeurs avec le pot que j' aime beaucoup ne sont probablement pas fixés <eos>,13,fixés,fixées,11,M,S,fixés,-7.246024,fixées,-10.401964,1
8917,P_NOUN_8_PASS_b,M,P,les chargeurs avec le pot que j' aime beaucoup ne sont probablement pas jetés <eos>,13,jetés,jetées,11,M,S,jetés,-8.361288,jetées,-12.060664,1
8918,P_NOUN_8_PASS_b,M,P,les chargeurs avec le pot que j' aime beaucoup ne sont probablement pas laissés <eos>,13,laissés,laissées,11,M,S,laissés,-8.293999,laissées,-11.232195,1
8919,P_NOUN_8_PASS_b,M,P,les chargeurs avec le pot que j' aime beaucoup ne sont probablement pas ouverts <eos>,13,ouverts,ouvertes,11,M,S,ouverts,-7.840661,ouvertes,-11.952746,1
8920,P_NOUN_8_PASS_b,M,P,les chargeurs avec le pot que j' aime beaucoup ne sont probablement pas perdus <eos>,13,perdus,perdues,11,M,S,perdus,-6.825614,perdues,-10.560557,1
8921,P_NOUN_8_PASS_b,M,P,les chargeurs avec le pot que j' aime beaucoup ne sont probablement pas réparés <eos>,13,réparés,réparées,11,M,S,réparés,-9.598733,réparées,-11.903839,1
8922,P_NOUN_8_PASS_b,M,P,les chargeurs avec le pot que j' aime beaucoup ne sont probablement pas retirés <eos>,13,retirés,retirées,11,M,S,retirés,-7.039827,retirées,-10.2830925,1
8923,P_NOUN_8_PASS_b,M,P,les chargeurs avec le pot que j' aime beaucoup ne sont probablement pas tombés <eos>,13,tombés,tombées,11,M,S,tombés,-6.8890433,tombées,-11.276009,1
8924,P_NOUN_8_PASS_b,M,P,les chargeurs avec le pot que j' aime beaucoup ne sont probablement pas utilisés <eos>,13,utilisés,utilisées,11,M,S,utilisés,-3.906432,utilisées,-7.84863,1
8925,P_NOUN_8_PASS_b,M,P,les chargeurs avec le coussin que j' aime beaucoup ne sont probablement pas achetés <eos>,13,achetés,achetées,11,M,S,achetés,-9.7783575,achetées,-13.283939,1
8926,P_NOUN_8_PASS_b,M,P,les chargeurs avec le coussin que j' aime beaucoup ne sont probablement pas brisés <eos>,13,brisés,brisées,11,M,S,brisés,-10.553559,brisées,-11.996337,1
8927,P_NOUN_8_PASS_b,M,P,les chargeurs avec le coussin que j' aime beaucoup ne sont probablement pas cachés <eos>,13,cachés,cachées,11,M,S,cachés,-7.23509,cachées,-12.078344,1
8928,P_NOUN_8_PASS_b,M,P,les chargeurs avec le coussin que j' aime beaucoup ne sont probablement pas cassés <eos>,13,cassés,cassées,11,M,S,cassés,-10.033134,cassées,-11.287817,1
8929,P_NOUN_8_PASS_b,M,P,les chargeurs avec le coussin que j' aime beaucoup ne sont probablement pas couverts <eos>,13,couverts,couvertes,11,M,S,couverts,-7.4458504,couvertes,-10.923108,1
8930,P_NOUN_8_PASS_b,M,P,les chargeurs avec le coussin que j' aime beaucoup ne sont probablement pas déformés <eos>,13,déformés,déformées,11,M,S,déformés,-12.182162,déformées,-11.717412,0
8931,P_NOUN_8_PASS_b,M,P,les chargeurs avec le coussin que j' aime beaucoup ne sont probablement pas fixés <eos>,13,fixés,fixées,11,M,S,fixés,-7.261919,fixées,-10.244796,1
8932,P_NOUN_8_PASS_b,M,P,les chargeurs avec le coussin que j' aime beaucoup ne sont probablement pas jetés <eos>,13,jetés,jetées,11,M,S,jetés,-8.513714,jetées,-12.286531,1
8933,P_NOUN_8_PASS_b,M,P,les chargeurs avec le coussin que j' aime beaucoup ne sont probablement pas laissés <eos>,13,laissés,laissées,11,M,S,laissés,-8.575199,laissées,-11.4284,1
8934,P_NOUN_8_PASS_b,M,P,les chargeurs avec le coussin que j' aime beaucoup ne sont probablement pas ouverts <eos>,13,ouverts,ouvertes,11,M,S,ouverts,-7.8494573,ouvertes,-11.902842,1
8935,P_NOUN_8_PASS_b,M,P,les chargeurs avec le coussin que j' aime beaucoup ne sont probablement pas perdus <eos>,13,perdus,perdues,11,M,S,perdus,-7.0930862,perdues,-10.786269,1
8936,P_NOUN_8_PASS_b,M,P,les chargeurs avec le coussin que j' aime beaucoup ne sont probablement pas réparés <eos>,13,réparés,réparées,11,M,S,réparés,-10.03383,réparées,-12.328994,1
8937,P_NOUN_8_PASS_b,M,P,les chargeurs avec le coussin que j' aime beaucoup ne sont probablement pas retirés <eos>,13,retirés,retirées,11,M,S,retirés,-7.0202255,retirées,-10.560928,1
8938,P_NOUN_8_PASS_b,M,P,les chargeurs avec le coussin que j' aime beaucoup ne sont probablement pas tombés <eos>,13,tombés,tombées,11,M,S,tombés,-7.08099,tombées,-11.649267,1
8939,P_NOUN_8_PASS_b,M,P,les chargeurs avec le coussin que j' aime beaucoup ne sont probablement pas utilisés <eos>,13,utilisés,utilisées,11,M,S,utilisés,-3.7954524,utilisées,-7.822199,1
8940,P_NOUN_8_PASS_b,M,P,les chargeurs avec le jouet que j' aime beaucoup ne sont probablement pas achetés <eos>,13,achetés,achetées,11,M,S,achetés,-9.336692,achetées,-13.521937,1
8941,P_NOUN_8_PASS_b,M,P,les chargeurs avec le jouet que j' aime beaucoup ne sont probablement pas brisés <eos>,13,brisés,brisées,11,M,S,brisés,-10.598252,brisées,-11.94342,1
8942,P_NOUN_8_PASS_b,M,P,les chargeurs avec le jouet que j' aime beaucoup ne sont probablement pas cachés <eos>,13,cachés,cachées,11,M,S,cachés,-7.3459187,cachées,-11.819526,1
8943,P_NOUN_8_PASS_b,M,P,les chargeurs avec le jouet que j' aime beaucoup ne sont probablement pas cassés <eos>,13,cassés,cassées,11,M,S,cassés,-10.016525,cassées,-11.524567,1
8944,P_NOUN_8_PASS_b,M,P,les chargeurs avec le jouet que j' aime beaucoup ne sont probablement pas couverts <eos>,13,couverts,couvertes,11,M,S,couverts,-7.496767,couvertes,-11.302107,1
8945,P_NOUN_8_PASS_b,M,P,les chargeurs avec le jouet que j' aime beaucoup ne sont probablement pas déformés <eos>,13,déformés,déformées,11,M,S,déformés,-12.083564,déformées,-11.686702,0
8946,P_NOUN_8_PASS_b,M,P,les chargeurs avec le jouet que j' aime beaucoup ne sont probablement pas fixés <eos>,13,fixés,fixées,11,M,S,fixés,-7.4712515,fixées,-10.383365,1
8947,P_NOUN_8_PASS_b,M,P,les chargeurs avec le jouet que j' aime beaucoup ne sont probablement pas jetés <eos>,13,jetés,jetées,11,M,S,jetés,-8.437661,jetées,-12.3059025,1
8948,P_NOUN_8_PASS_b,M,P,les chargeurs avec le jouet que j' aime beaucoup ne sont probablement pas laissés <eos>,13,laissés,laissées,11,M,S,laissés,-8.759968,laissées,-11.636955,1
8949,P_NOUN_8_PASS_b,M,P,les chargeurs avec le jouet que j' aime beaucoup ne sont probablement pas ouverts <eos>,13,ouverts,ouvertes,11,M,S,ouverts,-7.7126827,ouvertes,-11.85091,1
8950,P_NOUN_8_PASS_b,M,P,les chargeurs avec le jouet que j' aime beaucoup ne sont probablement pas perdus <eos>,13,perdus,perdues,11,M,S,perdus,-6.9057426,perdues,-10.760796,1
8951,P_NOUN_8_PASS_b,M,P,les chargeurs avec le jouet que j' aime beaucoup ne sont probablement pas réparés <eos>,13,réparés,réparées,11,M,S,réparés,-10.422594,réparées,-12.530939,1
8952,P_NOUN_8_PASS_b,M,P,les chargeurs avec le jouet que j' aime beaucoup ne sont probablement pas retirés <eos>,13,retirés,retirées,11,M,S,retirés,-7.2424517,retirées,-10.750697,1
8953,P_NOUN_8_PASS_b,M,P,les chargeurs avec le jouet que j' aime beaucoup ne sont probablement pas tombés <eos>,13,tombés,tombées,11,M,S,tombés,-7.249739,tombées,-11.740942,1
8954,P_NOUN_8_PASS_b,M,P,les chargeurs avec le jouet que j' aime beaucoup ne sont probablement pas utilisés <eos>,13,utilisés,utilisées,11,M,S,utilisés,-3.987851,utilisées,-7.910283,1
8955,P_NOUN_8_PASS_b,M,P,les chargeurs avec le clou que j' aime beaucoup ne sont probablement pas achetés <eos>,13,achetés,achetées,11,M,S,achetés,-9.603382,achetées,-13.41704,1
8956,P_NOUN_8_PASS_b,M,P,les chargeurs avec le clou que j' aime beaucoup ne sont probablement pas brisés <eos>,13,brisés,brisées,11,M,S,brisés,-10.492004,brisées,-11.922752,1
8957,P_NOUN_8_PASS_b,M,P,les chargeurs avec le clou que j' aime beaucoup ne sont probablement pas cachés <eos>,13,cachés,cachées,11,M,S,cachés,-7.218232,cachées,-11.68632,1
8958,P_NOUN_8_PASS_b,M,P,les chargeurs avec le clou que j' aime beaucoup ne sont probablement pas cassés <eos>,13,cassés,cassées,11,M,S,cassés,-9.745388,cassées,-11.110974,1
8959,P_NOUN_8_PASS_b,M,P,les chargeurs avec le clou que j' aime beaucoup ne sont probablement pas couverts <eos>,13,couverts,couvertes,11,M,S,couverts,-7.343087,couvertes,-11.0645075,1
8960,P_NOUN_8_PASS_b,M,P,les chargeurs avec le clou que j' aime beaucoup ne sont probablement pas déformés <eos>,13,déformés,déformées,11,M,S,déformés,-12.078517,déformées,-11.666121,0
8961,P_NOUN_8_PASS_b,M,P,les chargeurs avec le clou que j' aime beaucoup ne sont probablement pas fixés <eos>,13,fixés,fixées,11,M,S,fixés,-7.59507,fixées,-10.454261,1
8962,P_NOUN_8_PASS_b,M,P,les chargeurs avec le clou que j' aime beaucoup ne sont probablement pas jetés <eos>,13,jetés,jetées,11,M,S,jetés,-8.241894,jetées,-12.00615,1
8963,P_NOUN_8_PASS_b,M,P,les chargeurs avec le clou que j' aime beaucoup ne sont probablement pas laissés <eos>,13,laissés,laissées,11,M,S,laissés,-8.334003,laissées,-11.663367,1
8964,P_NOUN_8_PASS_b,M,P,les chargeurs avec le clou que j' aime beaucoup ne sont probablement pas ouverts <eos>,13,ouverts,ouvertes,11,M,S,ouverts,-7.803425,ouvertes,-11.813106,1
8965,P_NOUN_8_PASS_b,M,P,les chargeurs avec le clou que j' aime beaucoup ne sont probablement pas perdus <eos>,13,perdus,perdues,11,M,S,perdus,-6.904644,perdues,-10.540096,1
8966,P_NOUN_8_PASS_b,M,P,les chargeurs avec le clou que j' aime beaucoup ne sont probablement pas réparés <eos>,13,réparés,réparées,11,M,S,réparés,-10.190485,réparées,-12.093201,1
8967,P_NOUN_8_PASS_b,M,P,les chargeurs avec le clou que j' aime beaucoup ne sont probablement pas retirés <eos>,13,retirés,retirées,11,M,S,retirés,-7.315193,retirées,-10.50955,1
8968,P_NOUN_8_PASS_b,M,P,les chargeurs avec le clou que j' aime beaucoup ne sont probablement pas tombés <eos>,13,tombés,tombées,11,M,S,tombés,-6.874238,tombées,-11.316839,1
8969,P_NOUN_8_PASS_b,M,P,les chargeurs avec le clou que j' aime beaucoup ne sont probablement pas utilisés <eos>,13,utilisés,utilisées,11,M,S,utilisés,-4.2322693,utilisées,-8.122868,1
8970,P_NOUN_8_PASS_b,M,P,les chargeurs avec le billet que j' aime beaucoup ne sont probablement pas achetés <eos>,13,achetés,achetées,11,M,S,achetés,-9.221076,achetées,-12.887458,1
8971,P_NOUN_8_PASS_b,M,P,les chargeurs avec le billet que j' aime beaucoup ne sont probablement pas brisés <eos>,13,brisés,brisées,11,M,S,brisés,-11.568328,brisées,-12.510538,1
8972,P_NOUN_8_PASS_b,M,P,les chargeurs avec le billet que j' aime beaucoup ne sont probablement pas cachés <eos>,13,cachés,cachées,11,M,S,cachés,-7.034087,cachées,-11.949113,1
8973,P_NOUN_8_PASS_b,M,P,les chargeurs avec le billet que j' aime beaucoup ne sont probablement pas cassés <eos>,13,cassés,cassées,11,M,S,cassés,-10.446638,cassées,-11.866607,1
8974,P_NOUN_8_PASS_b,M,P,les chargeurs avec le billet que j' aime beaucoup ne sont probablement pas couverts <eos>,13,couverts,couvertes,11,M,S,couverts,-7.573848,couvertes,-11.5873165,1
8975,P_NOUN_8_PASS_b,M,P,les chargeurs avec le billet que j' aime beaucoup ne sont probablement pas déformés <eos>,13,déformés,déformées,11,M,S,déformés,-12.669233,déformées,-12.079357,0
8976,P_NOUN_8_PASS_b,M,P,les chargeurs avec le billet que j' aime beaucoup ne sont probablement pas fixés <eos>,13,fixés,fixées,11,M,S,fixés,-7.4211235,fixées,-10.360837,1
8977,P_NOUN_8_PASS_b,M,P,les chargeurs avec le billet que j' aime beaucoup ne sont probablement pas jetés <eos>,13,jetés,jetées,11,M,S,jetés,-8.516815,jetées,-12.203577,1
8978,P_NOUN_8_PASS_b,M,P,les chargeurs avec le billet que j' aime beaucoup ne sont probablement pas laissés <eos>,13,laissés,laissées,11,M,S,laissés,-8.7696,laissées,-11.846229,1
8979,P_NOUN_8_PASS_b,M,P,les chargeurs avec le billet que j' aime beaucoup ne sont probablement pas ouverts <eos>,13,ouverts,ouvertes,11,M,S,ouverts,-8.143141,ouvertes,-12.286699,1
8980,P_NOUN_8_PASS_b,M,P,les chargeurs avec le billet que j' aime beaucoup ne sont probablement pas perdus <eos>,13,perdus,perdues,11,M,S,perdus,-6.9987135,perdues,-10.258731,1
8981,P_NOUN_8_PASS_b,M,P,les chargeurs avec le billet que j' aime beaucoup ne sont probablement pas réparés <eos>,13,réparés,réparées,11,M,S,réparés,-10.700855,réparées,-12.63871,1
8982,P_NOUN_8_PASS_b,M,P,les chargeurs avec le billet que j' aime beaucoup ne sont probablement pas retirés <eos>,13,retirés,retirées,11,M,S,retirés,-7.0947227,retirées,-10.542175,1
8983,P_NOUN_8_PASS_b,M,P,les chargeurs avec le billet que j' aime beaucoup ne sont probablement pas tombés <eos>,13,tombés,tombées,11,M,S,tombés,-7.3263035,tombées,-11.739871,1
8984,P_NOUN_8_PASS_b,M,P,les chargeurs avec le billet que j' aime beaucoup ne sont probablement pas utilisés <eos>,13,utilisés,utilisées,11,M,S,utilisés,-4.0255456,utilisées,-7.869571,1
8985,P_NOUN_8_PASS_b,M,P,les chargeurs avec le légume que j' aime beaucoup ne sont probablement pas achetés <eos>,13,achetés,achetées,11,M,S,achetés,-9.196494,achetées,-13.286628,1
8986,P_NOUN_8_PASS_b,M,P,les chargeurs avec le légume que j' aime beaucoup ne sont probablement pas brisés <eos>,13,brisés,brisées,11,M,S,brisés,-10.957743,brisées,-12.22002,1
8987,P_NOUN_8_PASS_b,M,P,les chargeurs avec le légume que j' aime beaucoup ne sont probablement pas cachés <eos>,13,cachés,cachées,11,M,S,cachés,-8.059879,cachées,-12.614037,1
8988,P_NOUN_8_PASS_b,M,P,les chargeurs avec le légume que j' aime beaucoup ne sont probablement pas cassés <eos>,13,cassés,cassées,11,M,S,cassés,-9.405939,cassées,-11.200362,1
8989,P_NOUN_8_PASS_b,M,P,les chargeurs avec le légume que j' aime beaucoup ne sont probablement pas couverts <eos>,13,couverts,couvertes,11,M,S,couverts,-6.3752832,couvertes,-10.814458,1
8990,P_NOUN_8_PASS_b,M,P,les chargeurs avec le légume que j' aime beaucoup ne sont probablement pas déformés <eos>,13,déformés,déformées,11,M,S,déformés,-12.548033,déformées,-12.36108,0
8991,P_NOUN_8_PASS_b,M,P,les chargeurs avec le légume que j' aime beaucoup ne sont probablement pas fixés <eos>,13,fixés,fixées,11,M,S,fixés,-7.5265846,fixées,-10.702752,1
8992,P_NOUN_8_PASS_b,M,P,les chargeurs avec le légume que j' aime beaucoup ne sont probablement pas jetés <eos>,13,jetés,jetées,11,M,S,jetés,-9.016684,jetées,-12.009386,1
8993,P_NOUN_8_PASS_b,M,P,les chargeurs avec le légume que j' aime beaucoup ne sont probablement pas laissés <eos>,13,laissés,laissées,11,M,S,laissés,-8.233766,laissées,-10.904869,1
8994,P_NOUN_8_PASS_b,M,P,les chargeurs avec le légume que j' aime beaucoup ne sont probablement pas ouverts <eos>,13,ouverts,ouvertes,11,M,S,ouverts,-7.5288305,ouvertes,-11.928722,1
8995,P_NOUN_8_PASS_b,M,P,les chargeurs avec le légume que j' aime beaucoup ne sont probablement pas perdus <eos>,13,perdus,perdues,11,M,S,perdus,-7.0127907,perdues,-10.79986,1
8996,P_NOUN_8_PASS_b,M,P,les chargeurs avec le légume que j' aime beaucoup ne sont probablement pas réparés <eos>,13,réparés,réparées,11,M,S,réparés,-10.319519,réparées,-12.723397,1
8997,P_NOUN_8_PASS_b,M,P,les chargeurs avec le légume que j' aime beaucoup ne sont probablement pas retirés <eos>,13,retirés,retirées,11,M,S,retirés,-7.469045,retirées,-10.875987,1
8998,P_NOUN_8_PASS_b,M,P,les chargeurs avec le légume que j' aime beaucoup ne sont probablement pas tombés <eos>,13,tombés,tombées,11,M,S,tombés,-7.188574,tombées,-11.338154,1
8999,P_NOUN_8_PASS_b,M,P,les chargeurs avec le légume que j' aime beaucoup ne sont probablement pas utilisés <eos>,13,utilisés,utilisées,11,M,S,utilisés,-4.285655,utilisées,-8.057768,1
9000,P_NOUN_8_PASS_b,M,P,les vases avec le bracelet que j' aime beaucoup ne sont probablement pas achetés <eos>,13,achetés,achetées,11,M,S,achetés,-8.866522,achetées,-13.098152,1
9001,P_NOUN_8_PASS_b,M,P,les vases avec le bracelet que j' aime beaucoup ne sont probablement pas brisés <eos>,13,brisés,brisées,11,M,S,brisés,-9.711309,brisées,-10.959438,1
9002,P_NOUN_8_PASS_b,M,P,les vases avec le bracelet que j' aime beaucoup ne sont probablement pas cachés <eos>,13,cachés,cachées,11,M,S,cachés,-7.8701825,cachées,-11.457132,1
9003,P_NOUN_8_PASS_b,M,P,les vases avec le bracelet que j' aime beaucoup ne sont probablement pas cassés <eos>,13,cassés,cassées,11,M,S,cassés,-8.882439,cassées,-10.676249,1
9004,P_NOUN_8_PASS_b,M,P,les vases avec le bracelet que j' aime beaucoup ne sont probablement pas couverts <eos>,13,couverts,couvertes,11,M,S,couverts,-6.839004,couvertes,-11.669212,1
9005,P_NOUN_8_PASS_b,M,P,les vases avec le bracelet que j' aime beaucoup ne sont probablement pas déformés <eos>,13,déformés,déformées,11,M,S,déformés,-11.112127,déformées,-10.74196,0
9006,P_NOUN_8_PASS_b,M,P,les vases avec le bracelet que j' aime beaucoup ne sont probablement pas fixés <eos>,13,fixés,fixées,11,M,S,fixés,-7.877132,fixées,-10.569729,1
9007,P_NOUN_8_PASS_b,M,P,les vases avec le bracelet que j' aime beaucoup ne sont probablement pas jetés <eos>,13,jetés,jetées,11,M,S,jetés,-7.19036,jetées,-11.479634,1
9008,P_NOUN_8_PASS_b,M,P,les vases avec le bracelet que j' aime beaucoup ne sont probablement pas laissés <eos>,13,laissés,laissées,11,M,S,laissés,-7.9722476,laissées,-11.327389,1
9009,P_NOUN_8_PASS_b,M,P,les vases avec le bracelet que j' aime beaucoup ne sont probablement pas ouverts <eos>,13,ouverts,ouvertes,11,M,S,ouverts,-8.108367,ouvertes,-11.773573,1
9010,P_NOUN_8_PASS_b,M,P,les vases avec le bracelet que j' aime beaucoup ne sont probablement pas perdus <eos>,13,perdus,perdues,11,M,S,perdus,-6.2998977,perdues,-10.285124,1
9011,P_NOUN_8_PASS_b,M,P,les vases avec le bracelet que j' aime beaucoup ne sont probablement pas réparés <eos>,13,réparés,réparées,11,M,S,réparés,-10.957469,réparées,-12.41518,1
9012,P_NOUN_8_PASS_b,M,P,les vases avec le bracelet que j' aime beaucoup ne sont probablement pas retirés <eos>,13,retirés,retirées,11,M,S,retirés,-8.1927185,retirées,-11.066921,1
9013,P_NOUN_8_PASS_b,M,P,les vases avec le bracelet que j' aime beaucoup ne sont probablement pas tombés <eos>,13,tombés,tombées,11,M,S,tombés,-6.184061,tombées,-10.819323,1
9014,P_NOUN_8_PASS_b,M,P,les vases avec le bracelet que j' aime beaucoup ne sont probablement pas utilisés <eos>,13,utilisés,utilisées,11,M,S,utilisés,-4.5893564,utilisées,-8.559661,1
9015,P_NOUN_8_PASS_b,M,P,les vases avec le miroir que j' aime beaucoup ne sont probablement pas achetés <eos>,13,achetés,achetées,11,M,S,achetés,-9.204927,achetées,-13.757041,1
9016,P_NOUN_8_PASS_b,M,P,les vases avec le miroir que j' aime beaucoup ne sont probablement pas brisés <eos>,13,brisés,brisées,11,M,S,brisés,-9.641845,brisées,-11.46781,1
9017,P_NOUN_8_PASS_b,M,P,les vases avec le miroir que j' aime beaucoup ne sont probablement pas cachés <eos>,13,cachés,cachées,11,M,S,cachés,-8.058764,cachées,-11.204672,1
9018,P_NOUN_8_PASS_b,M,P,les vases avec le miroir que j' aime beaucoup ne sont probablement pas cassés <eos>,13,cassés,cassées,11,M,S,cassés,-9.02874,cassées,-10.717136,1
9019,P_NOUN_8_PASS_b,M,P,les vases avec le miroir que j' aime beaucoup ne sont probablement pas couverts <eos>,13,couverts,couvertes,11,M,S,couverts,-6.9023876,couvertes,-11.297618,1
9020,P_NOUN_8_PASS_b,M,P,les vases avec le miroir que j' aime beaucoup ne sont probablement pas déformés <eos>,13,déformés,déformées,11,M,S,déformés,-10.336949,déformées,-10.149583,0
9021,P_NOUN_8_PASS_b,M,P,les vases avec le miroir que j' aime beaucoup ne sont probablement pas fixés <eos>,13,fixés,fixées,11,M,S,fixés,-8.551069,fixées,-11.034048,1
9022,P_NOUN_8_PASS_b,M,P,les vases avec le miroir que j' aime beaucoup ne sont probablement pas jetés <eos>,13,jetés,jetées,11,M,S,jetés,-8.02533,jetées,-12.049106,1
9023,P_NOUN_8_PASS_b,M,P,les vases avec le miroir que j' aime beaucoup ne sont probablement pas laissés <eos>,13,laissés,laissées,11,M,S,laissés,-7.844937,laissées,-11.140966,1
9024,P_NOUN_8_PASS_b,M,P,les vases avec le miroir que j' aime beaucoup ne sont probablement pas ouverts <eos>,13,ouverts,ouvertes,11,M,S,ouverts,-7.661628,ouvertes,-11.43842,1
9025,P_NOUN_8_PASS_b,M,P,les vases avec le miroir que j' aime beaucoup ne sont probablement pas perdus <eos>,13,perdus,perdues,11,M,S,perdus,-6.4805937,perdues,-10.382878,1
9026,P_NOUN_8_PASS_b,M,P,les vases avec le miroir que j' aime beaucoup ne sont probablement pas réparés <eos>,13,réparés,réparées,11,M,S,réparés,-11.0390215,réparées,-12.219152,1
9027,P_NOUN_8_PASS_b,M,P,les vases avec le miroir que j' aime beaucoup ne sont probablement pas retirés <eos>,13,retirés,retirées,11,M,S,retirés,-8.528006,retirées,-11.223485,1
9028,P_NOUN_8_PASS_b,M,P,les vases avec le miroir que j' aime beaucoup ne sont probablement pas tombés <eos>,13,tombés,tombées,11,M,S,tombés,-7.200778,tombées,-10.95182,1
9029,P_NOUN_8_PASS_b,M,P,les vases avec le miroir que j' aime beaucoup ne sont probablement pas utilisés <eos>,13,utilisés,utilisées,11,M,S,utilisés,-4.925127,utilisées,-8.796168,1
9030,P_NOUN_8_PASS_b,M,P,les vases avec le crayon que j' aime beaucoup ne sont probablement pas achetés <eos>,13,achetés,achetées,11,M,S,achetés,-8.588907,achetées,-13.252733,1
9031,P_NOUN_8_PASS_b,M,P,les vases avec le crayon que j' aime beaucoup ne sont probablement pas brisés <eos>,13,brisés,brisées,11,M,S,brisés,-9.979496,brisées,-11.51942,1
9032,P_NOUN_8_PASS_b,M,P,les vases avec le crayon que j' aime beaucoup ne sont probablement pas cachés <eos>,13,cachés,cachées,11,M,S,cachés,-7.7616315,cachées,-11.468119,1
9033,P_NOUN_8_PASS_b,M,P,les vases avec le crayon que j' aime beaucoup ne sont probablement pas cassés <eos>,13,cassés,cassées,11,M,S,cassés,-8.820434,cassées,-10.690762,1
9034,P_NOUN_8_PASS_b,M,P,les vases avec le crayon que j' aime beaucoup ne sont probablement pas couverts <eos>,13,couverts,couvertes,11,M,S,couverts,-6.737488,couvertes,-11.389096,1
9035,P_NOUN_8_PASS_b,M,P,les vases avec le crayon que j' aime beaucoup ne sont probablement pas déformés <eos>,13,déformés,déformées,11,M,S,déformés,-10.717819,déformées,-10.084121,0
9036,P_NOUN_8_PASS_b,M,P,les vases avec le crayon que j' aime beaucoup ne sont probablement pas fixés <eos>,13,fixés,fixées,11,M,S,fixés,-8.720227,fixées,-11.003188,1
9037,P_NOUN_8_PASS_b,M,P,les vases avec le crayon que j' aime beaucoup ne sont probablement pas jetés <eos>,13,jetés,jetées,11,M,S,jetés,-7.669431,jetées,-11.742769,1
9038,P_NOUN_8_PASS_b,M,P,les vases avec le crayon que j' aime beaucoup ne sont probablement pas laissés <eos>,13,laissés,laissées,11,M,S,laissés,-7.539557,laissées,-11.025465,1
9039,P_NOUN_8_PASS_b,M,P,les vases avec le crayon que j' aime beaucoup ne sont probablement pas ouverts <eos>,13,ouverts,ouvertes,11,M,S,ouverts,-8.229607,ouvertes,-11.851658,1
9040,P_NOUN_8_PASS_b,M,P,les vases avec le crayon que j' aime beaucoup ne sont probablement pas perdus <eos>,13,perdus,perdues,11,M,S,perdus,-6.69849,perdues,-10.119381,1
9041,P_NOUN_8_PASS_b,M,P,les vases avec le crayon que j' aime beaucoup ne sont probablement pas réparés <eos>,13,réparés,réparées,11,M,S,réparés,-11.057243,réparées,-12.037331,1
9042,P_NOUN_8_PASS_b,M,P,les vases avec le crayon que j' aime beaucoup ne sont probablement pas retirés <eos>,13,retirés,retirées,11,M,S,retirés,-8.435419,retirées,-10.883938,1
9043,P_NOUN_8_PASS_b,M,P,les vases avec le crayon que j' aime beaucoup ne sont probablement pas tombés <eos>,13,tombés,tombées,11,M,S,tombés,-7.272849,tombées,-10.886175,1
9044,P_NOUN_8_PASS_b,M,P,les vases avec le crayon que j' aime beaucoup ne sont probablement pas utilisés <eos>,13,utilisés,utilisées,11,M,S,utilisés,-4.6319222,utilisées,-8.457397,1
9045,P_NOUN_8_PASS_b,M,P,les vases avec le rideau que j' aime beaucoup ne sont probablement pas achetés <eos>,13,achetés,achetées,11,M,S,achetés,-9.530676,achetées,-13.832616,1
9046,P_NOUN_8_PASS_b,M,P,les vases avec le rideau que j' aime beaucoup ne sont probablement pas brisés <eos>,13,brisés,brisées,11,M,S,brisés,-9.686095,brisées,-11.524507,1
9047,P_NOUN_8_PASS_b,M,P,les vases avec le rideau que j' aime beaucoup ne sont probablement pas cachés <eos>,13,cachés,cachées,11,M,S,cachés,-8.415777,cachées,-11.262528,1
9048,P_NOUN_8_PASS_b,M,P,les vases avec le rideau que j' aime beaucoup ne sont probablement pas cassés <eos>,13,cassés,cassées,11,M,S,cassés,-9.062481,cassées,-10.614464,1
9049,P_NOUN_8_PASS_b,M,P,les vases avec le rideau que j' aime beaucoup ne sont probablement pas couverts <eos>,13,couverts,couvertes,11,M,S,couverts,-6.5787096,couvertes,-11.112281,1
9050,P_NOUN_8_PASS_b,M,P,les vases avec le rideau que j' aime beaucoup ne sont probablement pas déformés <eos>,13,déformés,déformées,11,M,S,déformés,-10.316538,déformées,-10.458467,1
9051,P_NOUN_8_PASS_b,M,P,les vases avec le rideau que j' aime beaucoup ne sont probablement pas fixés <eos>,13,fixés,fixées,11,M,S,fixés,-8.426848,fixées,-10.8176155,1
9052,P_NOUN_8_PASS_b,M,P,les vases avec le rideau que j' aime beaucoup ne sont probablement pas jetés <eos>,13,jetés,jetées,11,M,S,jetés,-7.8965197,jetées,-11.880255,1
9053,P_NOUN_8_PASS_b,M,P,les vases avec le rideau que j' aime beaucoup ne sont probablement pas laissés <eos>,13,laissés,laissées,11,M,S,laissés,-7.8216486,laissées,-11.169296,1
9054,P_NOUN_8_PASS_b,M,P,les vases avec le rideau que j' aime beaucoup ne sont probablement pas ouverts <eos>,13,ouverts,ouvertes,11,M,S,ouverts,-7.665401,ouvertes,-11.3231735,1
9055,P_NOUN_8_PASS_b,M,P,les vases avec le rideau que j' aime beaucoup ne sont probablement pas perdus <eos>,13,perdus,perdues,11,M,S,perdus,-6.910945,perdues,-10.91239,1
9056,P_NOUN_8_PASS_b,M,P,les vases avec le rideau que j' aime beaucoup ne sont probablement pas réparés <eos>,13,réparés,réparées,11,M,S,réparés,-10.554471,réparées,-12.036572,1
9057,P_NOUN_8_PASS_b,M,P,les vases avec le rideau que j' aime beaucoup ne sont probablement pas retirés <eos>,13,retirés,retirées,11,M,S,retirés,-8.794543,retirées,-11.313657,1
9058,P_NOUN_8_PASS_b,M,P,les vases avec le rideau que j' aime beaucoup ne sont probablement pas tombés <eos>,13,tombés,tombées,11,M,S,tombés,-7.074584,tombées,-10.907322,1
9059,P_NOUN_8_PASS_b,M,P,les vases avec le rideau que j' aime beaucoup ne sont probablement pas utilisés <eos>,13,utilisés,utilisées,11,M,S,utilisés,-4.9462533,utilisées,-8.893938,1
9060,P_NOUN_8_PASS_b,M,P,les vases avec le cahier que j' aime beaucoup ne sont probablement pas achetés <eos>,13,achetés,achetées,11,M,S,achetés,-8.890364,achetées,-13.423588,1
9061,P_NOUN_8_PASS_b,M,P,les vases avec le cahier que j' aime beaucoup ne sont probablement pas brisés <eos>,13,brisés,brisées,11,M,S,brisés,-9.77523,brisées,-12.006383,1
9062,P_NOUN_8_PASS_b,M,P,les vases avec le cahier que j' aime beaucoup ne sont probablement pas cachés <eos>,13,cachés,cachées,11,M,S,cachés,-8.177985,cachées,-11.678794,1
9063,P_NOUN_8_PASS_b,M,P,les vases avec le cahier que j' aime beaucoup ne sont probablement pas cassés <eos>,13,cassés,cassées,11,M,S,cassés,-9.376566,cassées,-11.153769,1
9064,P_NOUN_8_PASS_b,M,P,les vases avec le cahier que j' aime beaucoup ne sont probablement pas couverts <eos>,13,couverts,couvertes,11,M,S,couverts,-6.4202547,couvertes,-11.740602,1
9065,P_NOUN_8_PASS_b,M,P,les vases avec le cahier que j' aime beaucoup ne sont probablement pas déformés <eos>,13,déformés,déformées,11,M,S,déformés,-10.131132,déformées,-10.717798,1
9066,P_NOUN_8_PASS_b,M,P,les vases avec le cahier que j' aime beaucoup ne sont probablement pas fixés <eos>,13,fixés,fixées,11,M,S,fixés,-8.692327,fixées,-11.217039,1
9067,P_NOUN_8_PASS_b,M,P,les vases avec le cahier que j' aime beaucoup ne sont probablement pas jetés <eos>,13,jetés,jetées,11,M,S,jetés,-8.131893,jetées,-12.588396,1
9068,P_NOUN_8_PASS_b,M,P,les vases avec le cahier que j' aime beaucoup ne sont probablement pas laissés <eos>,13,laissés,laissées,11,M,S,laissés,-7.5826206,laissées,-11.714811,1
9069,P_NOUN_8_PASS_b,M,P,les vases avec le cahier que j' aime beaucoup ne sont probablement pas ouverts <eos>,13,ouverts,ouvertes,11,M,S,ouverts,-7.4226556,ouvertes,-11.497356,1
9070,P_NOUN_8_PASS_b,M,P,les vases avec le cahier que j' aime beaucoup ne sont probablement pas perdus <eos>,13,perdus,perdues,11,M,S,perdus,-6.068425,perdues,-10.304771,1
9071,P_NOUN_8_PASS_b,M,P,les vases avec le cahier que j' aime beaucoup ne sont probablement pas réparés <eos>,13,réparés,réparées,11,M,S,réparés,-11.014937,réparées,-12.208591,1
9072,P_NOUN_8_PASS_b,M,P,les vases avec le cahier que j' aime beaucoup ne sont probablement pas retirés <eos>,13,retirés,retirées,11,M,S,retirés,-8.12715,retirées,-11.281754,1
9073,P_NOUN_8_PASS_b,M,P,les vases avec le cahier que j' aime beaucoup ne sont probablement pas tombés <eos>,13,tombés,tombées,11,M,S,tombés,-6.7045155,tombées,-11.21437,1
9074,P_NOUN_8_PASS_b,M,P,les vases avec le cahier que j' aime beaucoup ne sont probablement pas utilisés <eos>,13,utilisés,utilisées,11,M,S,utilisés,-5.0476427,utilisées,-9.135388,1
9075,P_NOUN_8_PASS_b,M,P,les vases avec le micro que j' aime beaucoup ne sont probablement pas achetés <eos>,13,achetés,achetées,11,M,S,achetés,-9.20396,achetées,-13.580629,1
9076,P_NOUN_8_PASS_b,M,P,les vases avec le micro que j' aime beaucoup ne sont probablement pas brisés <eos>,13,brisés,brisées,11,M,S,brisés,-9.52099,brisées,-11.384644,1
9077,P_NOUN_8_PASS_b,M,P,les vases avec le micro que j' aime beaucoup ne sont probablement pas cachés <eos>,13,cachés,cachées,11,M,S,cachés,-7.9968004,cachées,-11.191957,1
9078,P_NOUN_8_PASS_b,M,P,les vases avec le micro que j' aime beaucoup ne sont probablement pas cassés <eos>,13,cassés,cassées,11,M,S,cassés,-9.068812,cassées,-10.618811,1
9079,P_NOUN_8_PASS_b,M,P,les vases avec le micro que j' aime beaucoup ne sont probablement pas couverts <eos>,13,couverts,couvertes,11,M,S,couverts,-6.7694006,couvertes,-11.07859,1
9080,P_NOUN_8_PASS_b,M,P,les vases avec le micro que j' aime beaucoup ne sont probablement pas déformés <eos>,13,déformés,déformées,11,M,S,déformés,-10.52906,déformées,-10.537229,1
9081,P_NOUN_8_PASS_b,M,P,les vases avec le micro que j' aime beaucoup ne sont probablement pas fixés <eos>,13,fixés,fixées,11,M,S,fixés,-8.229015,fixées,-11.156256,1
9082,P_NOUN_8_PASS_b,M,P,les vases avec le micro que j' aime beaucoup ne sont probablement pas jetés <eos>,13,jetés,jetées,11,M,S,jetés,-7.9186563,jetées,-11.808752,1
9083,P_NOUN_8_PASS_b,M,P,les vases avec le micro que j' aime beaucoup ne sont probablement pas laissés <eos>,13,laissés,laissées,11,M,S,laissés,-7.800153,laissées,-11.017803,1
9084,P_NOUN_8_PASS_b,M,P,les vases avec le micro que j' aime beaucoup ne sont probablement pas ouverts <eos>,13,ouverts,ouvertes,11,M,S,ouverts,-7.707257,ouvertes,-11.441187,1
9085,P_NOUN_8_PASS_b,M,P,les vases avec le micro que j' aime beaucoup ne sont probablement pas perdus <eos>,13,perdus,perdues,11,M,S,perdus,-6.656358,perdues,-10.786465,1
9086,P_NOUN_8_PASS_b,M,P,les vases avec le micro que j' aime beaucoup ne sont probablement pas réparés <eos>,13,réparés,réparées,11,M,S,réparés,-10.743193,réparées,-12.091679,1
9087,P_NOUN_8_PASS_b,M,P,les vases avec le micro que j' aime beaucoup ne sont probablement pas retirés <eos>,13,retirés,retirées,11,M,S,retirés,-8.744766,retirées,-11.269714,1
9088,P_NOUN_8_PASS_b,M,P,les vases avec le micro que j' aime beaucoup ne sont probablement pas tombés <eos>,13,tombés,tombées,11,M,S,tombés,-7.246169,tombées,-11.075569,1
9089,P_NOUN_8_PASS_b,M,P,les vases avec le micro que j' aime beaucoup ne sont probablement pas utilisés <eos>,13,utilisés,utilisées,11,M,S,utilisés,-4.882395,utilisées,-8.782846,1
9090,P_NOUN_8_PASS_b,M,P,les vases avec le sac que j' aime beaucoup ne sont probablement pas achetés <eos>,13,achetés,achetées,11,M,S,achetés,-9.015303,achetées,-13.529286,1
9091,P_NOUN_8_PASS_b,M,P,les vases avec le sac que j' aime beaucoup ne sont probablement pas brisés <eos>,13,brisés,brisées,11,M,S,brisés,-9.684917,brisées,-11.433668,1
9092,P_NOUN_8_PASS_b,M,P,les vases avec le sac que j' aime beaucoup ne sont probablement pas cachés <eos>,13,cachés,cachées,11,M,S,cachés,-7.957492,cachées,-11.331009,1
9093,P_NOUN_8_PASS_b,M,P,les vases avec le sac que j' aime beaucoup ne sont probablement pas cassés <eos>,13,cassés,cassées,11,M,S,cassés,-8.891295,cassées,-10.23349,1
9094,P_NOUN_8_PASS_b,M,P,les vases avec le sac que j' aime beaucoup ne sont probablement pas couverts <eos>,13,couverts,couvertes,11,M,S,couverts,-6.5027018,couvertes,-11.086334,1
9095,P_NOUN_8_PASS_b,M,P,les vases avec le sac que j' aime beaucoup ne sont probablement pas déformés <eos>,13,déformés,déformées,11,M,S,déformés,-10.770718,déformées,-10.61705,0
9096,P_NOUN_8_PASS_b,M,P,les vases avec le sac que j' aime beaucoup ne sont probablement pas fixés <eos>,13,fixés,fixées,11,M,S,fixés,-8.464962,fixées,-11.076137,1
9097,P_NOUN_8_PASS_b,M,P,les vases avec le sac que j' aime beaucoup ne sont probablement pas jetés <eos>,13,jetés,jetées,11,M,S,jetés,-7.663955,jetées,-11.490118,1
9098,P_NOUN_8_PASS_b,M,P,les vases avec le sac que j' aime beaucoup ne sont probablement pas laissés <eos>,13,laissés,laissées,11,M,S,laissés,-7.6672144,laissées,-11.175163,1
9099,P_NOUN_8_PASS_b,M,P,les vases avec le sac que j' aime beaucoup ne sont probablement pas ouverts <eos>,13,ouverts,ouvertes,11,M,S,ouverts,-7.833867,ouvertes,-11.53961,1
9100,P_NOUN_8_PASS_b,M,P,les vases avec le sac que j' aime beaucoup ne sont probablement pas perdus <eos>,13,perdus,perdues,11,M,S,perdus,-6.651422,perdues,-10.485657,1
9101,P_NOUN_8_PASS_b,M,P,les vases avec le sac que j' aime beaucoup ne sont probablement pas réparés <eos>,13,réparés,réparées,11,M,S,réparés,-10.577673,réparées,-11.950022,1
9102,P_NOUN_8_PASS_b,M,P,les vases avec le sac que j' aime beaucoup ne sont probablement pas retirés <eos>,13,retirés,retirées,11,M,S,retirés,-8.439463,retirées,-11.125053,1
9103,P_NOUN_8_PASS_b,M,P,les vases avec le sac que j' aime beaucoup ne sont probablement pas tombés <eos>,13,tombés,tombées,11,M,S,tombés,-6.549861,tombées,-10.790802,1
9104,P_NOUN_8_PASS_b,M,P,les vases avec le sac que j' aime beaucoup ne sont probablement pas utilisés <eos>,13,utilisés,utilisées,11,M,S,utilisés,-4.6259813,utilisées,-8.589408,1
9105,P_NOUN_8_PASS_b,M,P,les vases avec le clavier que j' aime beaucoup ne sont probablement pas achetés <eos>,13,achetés,achetées,11,M,S,achetés,-9.620616,achetées,-13.907832,1
9106,P_NOUN_8_PASS_b,M,P,les vases avec le clavier que j' aime beaucoup ne sont probablement pas brisés <eos>,13,brisés,brisées,11,M,S,brisés,-9.814499,brisées,-11.497237,1
9107,P_NOUN_8_PASS_b,M,P,les vases avec le clavier que j' aime beaucoup ne sont probablement pas cachés <eos>,13,cachés,cachées,11,M,S,cachés,-8.031157,cachées,-11.1901045,1
9108,P_NOUN_8_PASS_b,M,P,les vases avec le clavier que j' aime beaucoup ne sont probablement pas cassés <eos>,13,cassés,cassées,11,M,S,cassés,-9.3138895,cassées,-10.731312,1
9109,P_NOUN_8_PASS_b,M,P,les vases avec le clavier que j' aime beaucoup ne sont probablement pas couverts <eos>,13,couverts,couvertes,11,M,S,couverts,-7.1374993,couvertes,-11.399977,1
9110,P_NOUN_8_PASS_b,M,P,les vases avec le clavier que j' aime beaucoup ne sont probablement pas déformés <eos>,13,déformés,déformées,11,M,S,déformés,-10.572502,déformées,-10.149229,0
9111,P_NOUN_8_PASS_b,M,P,les vases avec le clavier que j' aime beaucoup ne sont probablement pas fixés <eos>,13,fixés,fixées,11,M,S,fixés,-8.038186,fixées,-10.879011,1
9112,P_NOUN_8_PASS_b,M,P,les vases avec le clavier que j' aime beaucoup ne sont probablement pas jetés <eos>,13,jetés,jetées,11,M,S,jetés,-8.116955,jetées,-11.990961,1
9113,P_NOUN_8_PASS_b,M,P,les vases avec le clavier que j' aime beaucoup ne sont probablement pas laissés <eos>,13,laissés,laissées,11,M,S,laissés,-8.079586,laissées,-11.237287,1
9114,P_NOUN_8_PASS_b,M,P,les vases avec le clavier que j' aime beaucoup ne sont probablement pas ouverts <eos>,13,ouverts,ouvertes,11,M,S,ouverts,-8.089452,ouvertes,-11.825377,1
9115,P_NOUN_8_PASS_b,M,P,les vases avec le clavier que j' aime beaucoup ne sont probablement pas perdus <eos>,13,perdus,perdues,11,M,S,perdus,-6.8839197,perdues,-10.690961,1
9116,P_NOUN_8_PASS_b,M,P,les vases avec le clavier que j' aime beaucoup ne sont probablement pas réparés <eos>,13,réparés,réparées,11,M,S,réparés,-11.248277,réparées,-12.502884,1
9117,P_NOUN_8_PASS_b,M,P,les vases avec le clavier que j' aime beaucoup ne sont probablement pas retirés <eos>,13,retirés,retirées,11,M,S,retirés,-8.959763,retirées,-11.343556,1
9118,P_NOUN_8_PASS_b,M,P,les vases avec le clavier que j' aime beaucoup ne sont probablement pas tombés <eos>,13,tombés,tombées,11,M,S,tombés,-7.472461,tombées,-11.255234,1
9119,P_NOUN_8_PASS_b,M,P,les vases avec le clavier que j' aime beaucoup ne sont probablement pas utilisés <eos>,13,utilisés,utilisées,11,M,S,utilisés,-4.5384407,utilisées,-8.511084,1
9120,P_NOUN_8_PASS_b,M,P,les vases avec le raisin que j' aime beaucoup ne sont probablement pas achetés <eos>,13,achetés,achetées,11,M,S,achetés,-8.443237,achetées,-12.998993,1
9121,P_NOUN_8_PASS_b,M,P,les vases avec le raisin que j' aime beaucoup ne sont probablement pas brisés <eos>,13,brisés,brisées,11,M,S,brisés,-10.312269,brisées,-11.902632,1
9122,P_NOUN_8_PASS_b,M,P,les vases avec le raisin que j' aime beaucoup ne sont probablement pas cachés <eos>,13,cachés,cachées,11,M,S,cachés,-8.312307,cachées,-11.609139,1
9123,P_NOUN_8_PASS_b,M,P,les vases avec le raisin que j' aime beaucoup ne sont probablement pas cassés <eos>,13,cassés,cassées,11,M,S,cassés,-8.478037,cassées,-10.986796,1
9124,P_NOUN_8_PASS_b,M,P,les vases avec le raisin que j' aime beaucoup ne sont probablement pas couverts <eos>,13,couverts,couvertes,11,M,S,couverts,-6.3041,couvertes,-11.279154,1
9125,P_NOUN_8_PASS_b,M,P,les vases avec le raisin que j' aime beaucoup ne sont probablement pas déformés <eos>,13,déformés,déformées,11,M,S,déformés,-11.539686,déformées,-11.084448,0
9126,P_NOUN_8_PASS_b,M,P,les vases avec le raisin que j' aime beaucoup ne sont probablement pas fixés <eos>,13,fixés,fixées,11,M,S,fixés,-8.272535,fixées,-11.140262,1
9127,P_NOUN_8_PASS_b,M,P,les vases avec le raisin que j' aime beaucoup ne sont probablement pas jetés <eos>,13,jetés,jetées,11,M,S,jetés,-8.475737,jetées,-12.951845,1
9128,P_NOUN_8_PASS_b,M,P,les vases avec le raisin que j' aime beaucoup ne sont probablement pas laissés <eos>,13,laissés,laissées,11,M,S,laissés,-7.5844393,laissées,-10.988961,1
9129,P_NOUN_8_PASS_b,M,P,les vases avec le raisin que j' aime beaucoup ne sont probablement pas ouverts <eos>,13,ouverts,ouvertes,11,M,S,ouverts,-8.399213,ouvertes,-11.648757,1
9130,P_NOUN_8_PASS_b,M,P,les vases avec le raisin que j' aime beaucoup ne sont probablement pas perdus <eos>,13,perdus,perdues,11,M,S,perdus,-7.234761,perdues,-10.754651,1
9131,P_NOUN_8_PASS_b,M,P,les vases avec le raisin que j' aime beaucoup ne sont probablement pas réparés <eos>,13,réparés,réparées,11,M,S,réparés,-11.236637,réparées,-12.593565,1
9132,P_NOUN_8_PASS_b,M,P,les vases avec le raisin que j' aime beaucoup ne sont probablement pas retirés <eos>,13,retirés,retirées,11,M,S,retirés,-8.484268,retirées,-11.047036,1
9133,P_NOUN_8_PASS_b,M,P,les vases avec le raisin que j' aime beaucoup ne sont probablement pas tombés <eos>,13,tombés,tombées,11,M,S,tombés,-6.8129873,tombées,-10.782637,1
9134,P_NOUN_8_PASS_b,M,P,les vases avec le raisin que j' aime beaucoup ne sont probablement pas utilisés <eos>,13,utilisés,utilisées,11,M,S,utilisés,-4.4421406,utilisées,-8.382768,1
9135,P_NOUN_8_PASS_b,M,P,les vases avec le chargeur que j' aime beaucoup ne sont probablement pas achetés <eos>,13,achetés,achetées,11,M,S,achetés,-8.605791,achetées,-13.038371,1
9136,P_NOUN_8_PASS_b,M,P,les vases avec le chargeur que j' aime beaucoup ne sont probablement pas brisés <eos>,13,brisés,brisées,11,M,S,brisés,-10.428341,brisées,-11.717791,1
9137,P_NOUN_8_PASS_b,M,P,les vases avec le chargeur que j' aime beaucoup ne sont probablement pas cachés <eos>,13,cachés,cachées,11,M,S,cachés,-7.5982304,cachées,-11.655687,1
9138,P_NOUN_8_PASS_b,M,P,les vases avec le chargeur que j' aime beaucoup ne sont probablement pas cassés <eos>,13,cassés,cassées,11,M,S,cassés,-9.180201,cassées,-10.892733,1
9139,P_NOUN_8_PASS_b,M,P,les vases avec le chargeur que j' aime beaucoup ne sont probablement pas couverts <eos>,13,couverts,couvertes,11,M,S,couverts,-7.1834803,couvertes,-11.315722,1
9140,P_NOUN_8_PASS_b,M,P,les vases avec le chargeur que j' aime beaucoup ne sont probablement pas déformés <eos>,13,déformés,déformées,11,M,S,déformés,-11.482489,déformées,-10.652914,0
9141,P_NOUN_8_PASS_b,M,P,les vases avec le chargeur que j' aime beaucoup ne sont probablement pas fixés <eos>,13,fixés,fixées,11,M,S,fixés,-8.380163,fixées,-10.741171,1
9142,P_NOUN_8_PASS_b,M,P,les vases avec le chargeur que j' aime beaucoup ne sont probablement pas jetés <eos>,13,jetés,jetées,11,M,S,jetés,-8.0378895,jetées,-11.8965025,1
9143,P_NOUN_8_PASS_b,M,P,les vases avec le chargeur que j' aime beaucoup ne sont probablement pas laissés <eos>,13,laissés,laissées,11,M,S,laissés,-7.672694,laissées,-11.059085,1
9144,P_NOUN_8_PASS_b,M,P,les vases avec le chargeur que j' aime beaucoup ne sont probablement pas ouverts <eos>,13,ouverts,ouvertes,11,M,S,ouverts,-8.111851,ouvertes,-11.609788,1
9145,P_NOUN_8_PASS_b,M,P,les vases avec le chargeur que j' aime beaucoup ne sont probablement pas perdus <eos>,13,perdus,perdues,11,M,S,perdus,-6.676606,perdues,-10.088026,1
9146,P_NOUN_8_PASS_b,M,P,les vases avec le chargeur que j' aime beaucoup ne sont probablement pas réparés <eos>,13,réparés,réparées,11,M,S,réparés,-10.693819,réparées,-11.920847,1
9147,P_NOUN_8_PASS_b,M,P,les vases avec le chargeur que j' aime beaucoup ne sont probablement pas retirés <eos>,13,retirés,retirées,11,M,S,retirés,-7.839801,retirées,-10.910605,1
9148,P_NOUN_8_PASS_b,M,P,les vases avec le chargeur que j' aime beaucoup ne sont probablement pas tombés <eos>,13,tombés,tombées,11,M,S,tombés,-6.8335977,tombées,-10.97714,1
9149,P_NOUN_8_PASS_b,M,P,les vases avec le chargeur que j' aime beaucoup ne sont probablement pas utilisés <eos>,13,utilisés,utilisées,11,M,S,utilisés,-4.2093434,utilisées,-8.129589,1
9150,P_NOUN_8_PASS_b,M,P,les vases avec le vase que j' aime beaucoup ne sont probablement pas achetés <eos>,13,achetés,achetées,11,M,S,achetés,-8.95833,achetées,-13.441021,1
9151,P_NOUN_8_PASS_b,M,P,les vases avec le vase que j' aime beaucoup ne sont probablement pas brisés <eos>,13,brisés,brisées,11,M,S,brisés,-9.736105,brisées,-11.489,1
9152,P_NOUN_8_PASS_b,M,P,les vases avec le vase que j' aime beaucoup ne sont probablement pas cachés <eos>,13,cachés,cachées,11,M,S,cachés,-7.985636,cachées,-11.293949,1
9153,P_NOUN_8_PASS_b,M,P,les vases avec le vase que j' aime beaucoup ne sont probablement pas cassés <eos>,13,cassés,cassées,11,M,S,cassés,-8.760882,cassées,-10.843417,1
9154,P_NOUN_8_PASS_b,M,P,les vases avec le vase que j' aime beaucoup ne sont probablement pas couverts <eos>,13,couverts,couvertes,11,M,S,couverts,-6.6812773,couvertes,-11.129442,1
9155,P_NOUN_8_PASS_b,M,P,les vases avec le vase que j' aime beaucoup ne sont probablement pas déformés <eos>,13,déformés,déformées,11,M,S,déformés,-10.438035,déformées,-10.436524,0
9156,P_NOUN_8_PASS_b,M,P,les vases avec le vase que j' aime beaucoup ne sont probablement pas fixés <eos>,13,fixés,fixées,11,M,S,fixés,-8.416446,fixées,-11.216295,1
9157,P_NOUN_8_PASS_b,M,P,les vases avec le vase que j' aime beaucoup ne sont probablement pas jetés <eos>,13,jetés,jetées,11,M,S,jetés,-7.6609163,jetées,-11.702838,1
9158,P_NOUN_8_PASS_b,M,P,les vases avec le vase que j' aime beaucoup ne sont probablement pas laissés <eos>,13,laissés,laissées,11,M,S,laissés,-7.3833227,laissées,-10.81804,1
9159,P_NOUN_8_PASS_b,M,P,les vases avec le vase que j' aime beaucoup ne sont probablement pas ouverts <eos>,13,ouverts,ouvertes,11,M,S,ouverts,-7.4878397,ouvertes,-11.306393,1
9160,P_NOUN_8_PASS_b,M,P,les vases avec le vase que j' aime beaucoup ne sont probablement pas perdus <eos>,13,perdus,perdues,11,M,S,perdus,-6.286913,perdues,-10.384319,1
9161,P_NOUN_8_PASS_b,M,P,les vases avec le vase que j' aime beaucoup ne sont probablement pas réparés <eos>,13,réparés,réparées,11,M,S,réparés,-10.29428,réparées,-11.890292,1
9162,P_NOUN_8_PASS_b,M,P,les vases avec le vase que j' aime beaucoup ne sont probablement pas retirés <eos>,13,retirés,retirées,11,M,S,retirés,-8.472376,retirées,-11.185463,1
9163,P_NOUN_8_PASS_b,M,P,les vases avec le vase que j' aime beaucoup ne sont probablement pas tombés <eos>,13,tombés,tombées,11,M,S,tombés,-6.9034967,tombées,-10.737008,1
9164,P_NOUN_8_PASS_b,M,P,les vases avec le vase que j' aime beaucoup ne sont probablement pas utilisés <eos>,13,utilisés,utilisées,11,M,S,utilisés,-5.12981,utilisées,-8.933079,1
9165,P_NOUN_8_PASS_b,M,P,les vases avec le panier que j' aime beaucoup ne sont probablement pas achetés <eos>,13,achetés,achetées,11,M,S,achetés,-8.67874,achetées,-12.990113,1
9166,P_NOUN_8_PASS_b,M,P,les vases avec le panier que j' aime beaucoup ne sont probablement pas brisés <eos>,13,brisés,brisées,11,M,S,brisés,-9.758296,brisées,-11.384009,1
9167,P_NOUN_8_PASS_b,M,P,les vases avec le panier que j' aime beaucoup ne sont probablement pas cachés <eos>,13,cachés,cachées,11,M,S,cachés,-8.156913,cachées,-11.667386,1
9168,P_NOUN_8_PASS_b,M,P,les vases avec le panier que j' aime beaucoup ne sont probablement pas cassés <eos>,13,cassés,cassées,11,M,S,cassés,-8.938584,cassées,-10.732105,1
9169,P_NOUN_8_PASS_b,M,P,les vases avec le panier que j' aime beaucoup ne sont probablement pas couverts <eos>,13,couverts,couvertes,11,M,S,couverts,-6.504221,couvertes,-11.199147,1
9170,P_NOUN_8_PASS_b,M,P,les vases avec le panier que j' aime beaucoup ne sont probablement pas déformés <eos>,13,déformés,déformées,11,M,S,déformés,-11.009387,déformées,-10.723515,0
9171,P_NOUN_8_PASS_b,M,P,les vases avec le panier que j' aime beaucoup ne sont probablement pas fixés <eos>,13,fixés,fixées,11,M,S,fixés,-8.193529,fixées,-11.109007,1
9172,P_NOUN_8_PASS_b,M,P,les vases avec le panier que j' aime beaucoup ne sont probablement pas jetés <eos>,13,jetés,jetées,11,M,S,jetés,-7.699524,jetées,-11.827304,1
9173,P_NOUN_8_PASS_b,M,P,les vases avec le panier que j' aime beaucoup ne sont probablement pas laissés <eos>,13,laissés,laissées,11,M,S,laissés,-7.637306,laissées,-10.954107,1
9174,P_NOUN_8_PASS_b,M,P,les vases avec le panier que j' aime beaucoup ne sont probablement pas ouverts <eos>,13,ouverts,ouvertes,11,M,S,ouverts,-7.6775703,ouvertes,-11.50967,1
9175,P_NOUN_8_PASS_b,M,P,les vases avec le panier que j' aime beaucoup ne sont probablement pas perdus <eos>,13,perdus,perdues,11,M,S,perdus,-6.4275684,perdues,-10.392533,1
9176,P_NOUN_8_PASS_b,M,P,les vases avec le panier que j' aime beaucoup ne sont probablement pas réparés <eos>,13,réparés,réparées,11,M,S,réparés,-10.581682,réparées,-11.962695,1
9177,P_NOUN_8_PASS_b,M,P,les vases avec le panier que j' aime beaucoup ne sont probablement pas retirés <eos>,13,retirés,retirées,11,M,S,retirés,-8.330807,retirées,-11.112492,1
9178,P_NOUN_8_PASS_b,M,P,les vases avec le panier que j' aime beaucoup ne sont probablement pas tombés <eos>,13,tombés,tombées,11,M,S,tombés,-6.9737835,tombées,-11.06594,1
9179,P_NOUN_8_PASS_b,M,P,les vases avec le panier que j' aime beaucoup ne sont probablement pas utilisés <eos>,13,utilisés,utilisées,11,M,S,utilisés,-4.717964,utilisées,-8.652402,1
9180,P_NOUN_8_PASS_b,M,P,les vases avec le collier que j' aime beaucoup ne sont probablement pas achetés <eos>,13,achetés,achetées,11,M,S,achetés,-9.061035,achetées,-13.506779,1
9181,P_NOUN_8_PASS_b,M,P,les vases avec le collier que j' aime beaucoup ne sont probablement pas brisés <eos>,13,brisés,brisées,11,M,S,brisés,-9.791349,brisées,-11.404817,1
9182,P_NOUN_8_PASS_b,M,P,les vases avec le collier que j' aime beaucoup ne sont probablement pas cachés <eos>,13,cachés,cachées,11,M,S,cachés,-8.11759,cachées,-11.3134165,1
9183,P_NOUN_8_PASS_b,M,P,les vases avec le collier que j' aime beaucoup ne sont probablement pas cassés <eos>,13,cassés,cassées,11,M,S,cassés,-9.031777,cassées,-10.524805,1
9184,P_NOUN_8_PASS_b,M,P,les vases avec le collier que j' aime beaucoup ne sont probablement pas couverts <eos>,13,couverts,couvertes,11,M,S,couverts,-6.8227253,couvertes,-11.480942,1
9185,P_NOUN_8_PASS_b,M,P,les vases avec le collier que j' aime beaucoup ne sont probablement pas déformés <eos>,13,déformés,déformées,11,M,S,déformés,-10.5597515,déformées,-10.56764,1
9186,P_NOUN_8_PASS_b,M,P,les vases avec le collier que j' aime beaucoup ne sont probablement pas fixés <eos>,13,fixés,fixées,11,M,S,fixés,-8.448991,fixées,-11.073537,1
9187,P_NOUN_8_PASS_b,M,P,les vases avec le collier que j' aime beaucoup ne sont probablement pas jetés <eos>,13,jetés,jetées,11,M,S,jetés,-7.6692424,jetées,-11.711693,1
9188,P_NOUN_8_PASS_b,M,P,les vases avec le collier que j' aime beaucoup ne sont probablement pas laissés <eos>,13,laissés,laissées,11,M,S,laissés,-7.844371,laissées,-11.258517,1
9189,P_NOUN_8_PASS_b,M,P,les vases avec le collier que j' aime beaucoup ne sont probablement pas ouverts <eos>,13,ouverts,ouvertes,11,M,S,ouverts,-7.885423,ouvertes,-11.727867,1
9190,P_NOUN_8_PASS_b,M,P,les vases avec le collier que j' aime beaucoup ne sont probablement pas perdus <eos>,13,perdus,perdues,11,M,S,perdus,-6.640108,perdues,-10.600332,1
9191,P_NOUN_8_PASS_b,M,P,les vases avec le collier que j' aime beaucoup ne sont probablement pas réparés <eos>,13,réparés,réparées,11,M,S,réparés,-10.844019,réparées,-12.256199,1
9192,P_NOUN_8_PASS_b,M,P,les vases avec le collier que j' aime beaucoup ne sont probablement pas retirés <eos>,13,retirés,retirées,11,M,S,retirés,-8.546205,retirées,-11.416382,1
9193,P_NOUN_8_PASS_b,M,P,les vases avec le collier que j' aime beaucoup ne sont probablement pas tombés <eos>,13,tombés,tombées,11,M,S,tombés,-6.7649155,tombées,-11.046021,1
9194,P_NOUN_8_PASS_b,M,P,les vases avec le collier que j' aime beaucoup ne sont probablement pas utilisés <eos>,13,utilisés,utilisées,11,M,S,utilisés,-4.958807,utilisées,-8.984961,1
9195,P_NOUN_8_PASS_b,M,P,les vases avec le chapeau que j' aime beaucoup ne sont probablement pas achetés <eos>,13,achetés,achetées,11,M,S,achetés,-9.011178,achetées,-13.397949,1
9196,P_NOUN_8_PASS_b,M,P,les vases avec le chapeau que j' aime beaucoup ne sont probablement pas brisés <eos>,13,brisés,brisées,11,M,S,brisés,-9.822921,brisées,-11.534424,1
9197,P_NOUN_8_PASS_b,M,P,les vases avec le chapeau que j' aime beaucoup ne sont probablement pas cachés <eos>,13,cachés,cachées,11,M,S,cachés,-7.9426446,cachées,-11.18321,1
9198,P_NOUN_8_PASS_b,M,P,les vases avec le chapeau que j' aime beaucoup ne sont probablement pas cassés <eos>,13,cassés,cassées,11,M,S,cassés,-8.887172,cassées,-10.456366,1
9199,P_NOUN_8_PASS_b,M,P,les vases avec le chapeau que j' aime beaucoup ne sont probablement pas couverts <eos>,13,couverts,couvertes,11,M,S,couverts,-6.601588,couvertes,-11.1347885,1
9200,P_NOUN_8_PASS_b,M,P,les vases avec le chapeau que j' aime beaucoup ne sont probablement pas déformés <eos>,13,déformés,déformées,11,M,S,déformés,-10.587244,déformées,-10.463545,0
9201,P_NOUN_8_PASS_b,M,P,les vases avec le chapeau que j' aime beaucoup ne sont probablement pas fixés <eos>,13,fixés,fixées,11,M,S,fixés,-8.625531,fixées,-11.193904,1
9202,P_NOUN_8_PASS_b,M,P,les vases avec le chapeau que j' aime beaucoup ne sont probablement pas jetés <eos>,13,jetés,jetées,11,M,S,jetés,-7.7824116,jetées,-11.810151,1
9203,P_NOUN_8_PASS_b,M,P,les vases avec le chapeau que j' aime beaucoup ne sont probablement pas laissés <eos>,13,laissés,laissées,11,M,S,laissés,-7.6540546,laissées,-11.083908,1
9204,P_NOUN_8_PASS_b,M,P,les vases avec le chapeau que j' aime beaucoup ne sont probablement pas ouverts <eos>,13,ouverts,ouvertes,11,M,S,ouverts,-7.675273,ouvertes,-11.372848,1
9205,P_NOUN_8_PASS_b,M,P,les vases avec le chapeau que j' aime beaucoup ne sont probablement pas perdus <eos>,13,perdus,perdues,11,M,S,perdus,-6.606417,perdues,-10.4844,1
9206,P_NOUN_8_PASS_b,M,P,les vases avec le chapeau que j' aime beaucoup ne sont probablement pas réparés <eos>,13,réparés,réparées,11,M,S,réparés,-10.826826,réparées,-12.14463,1
9207,P_NOUN_8_PASS_b,M,P,les vases avec le chapeau que j' aime beaucoup ne sont probablement pas retirés <eos>,13,retirés,retirées,11,M,S,retirés,-8.435609,retirées,-11.145346,1
9208,P_NOUN_8_PASS_b,M,P,les vases avec le chapeau que j' aime beaucoup ne sont probablement pas tombés <eos>,13,tombés,tombées,11,M,S,tombés,-6.844692,tombées,-10.765082,1
9209,P_NOUN_8_PASS_b,M,P,les vases avec le chapeau que j' aime beaucoup ne sont probablement pas utilisés <eos>,13,utilisés,utilisées,11,M,S,utilisés,-4.9568005,utilisées,-8.792446,1
9210,P_NOUN_8_PASS_b,M,P,les vases avec le pot que j' aime beaucoup ne sont probablement pas achetés <eos>,13,achetés,achetées,11,M,S,achetés,-8.919332,achetées,-13.402464,1
9211,P_NOUN_8_PASS_b,M,P,les vases avec le pot que j' aime beaucoup ne sont probablement pas brisés <eos>,13,brisés,brisées,11,M,S,brisés,-9.817891,brisées,-11.49813,1
9212,P_NOUN_8_PASS_b,M,P,les vases avec le pot que j' aime beaucoup ne sont probablement pas cachés <eos>,13,cachés,cachées,11,M,S,cachés,-8.06222,cachées,-11.374759,1
9213,P_NOUN_8_PASS_b,M,P,les vases avec le pot que j' aime beaucoup ne sont probablement pas cassés <eos>,13,cassés,cassées,11,M,S,cassés,-8.776772,cassées,-10.695036,1
9214,P_NOUN_8_PASS_b,M,P,les vases avec le pot que j' aime beaucoup ne sont probablement pas couverts <eos>,13,couverts,couvertes,11,M,S,couverts,-6.457056,couvertes,-11.0623255,1
9215,P_NOUN_8_PASS_b,M,P,les vases avec le pot que j' aime beaucoup ne sont probablement pas déformés <eos>,13,déformés,déformées,11,M,S,déformés,-10.787589,déformées,-10.728481,0
9216,P_NOUN_8_PASS_b,M,P,les vases avec le pot que j' aime beaucoup ne sont probablement pas fixés <eos>,13,fixés,fixées,11,M,S,fixés,-8.400604,fixées,-11.164233,1
9217,P_NOUN_8_PASS_b,M,P,les vases avec le pot que j' aime beaucoup ne sont probablement pas jetés <eos>,13,jetés,jetées,11,M,S,jetés,-7.9109163,jetées,-11.855374,1
9218,P_NOUN_8_PASS_b,M,P,les vases avec le pot que j' aime beaucoup ne sont probablement pas laissés <eos>,13,laissés,laissées,11,M,S,laissés,-7.5523696,laissées,-10.85025,1
9219,P_NOUN_8_PASS_b,M,P,les vases avec le pot que j' aime beaucoup ne sont probablement pas ouverts <eos>,13,ouverts,ouvertes,11,M,S,ouverts,-7.936472,ouvertes,-11.582727,1
9220,P_NOUN_8_PASS_b,M,P,les vases avec le pot que j' aime beaucoup ne sont probablement pas perdus <eos>,13,perdus,perdues,11,M,S,perdus,-6.6538544,perdues,-10.574971,1
9221,P_NOUN_8_PASS_b,M,P,les vases avec le pot que j' aime beaucoup ne sont probablement pas réparés <eos>,13,réparés,réparées,11,M,S,réparés,-10.4374695,réparées,-11.955598,1
9222,P_NOUN_8_PASS_b,M,P,les vases avec le pot que j' aime beaucoup ne sont probablement pas retirés <eos>,13,retirés,retirées,11,M,S,retirés,-8.56773,retirées,-11.14839,1
9223,P_NOUN_8_PASS_b,M,P,les vases avec le pot que j' aime beaucoup ne sont probablement pas tombés <eos>,13,tombés,tombées,11,M,S,tombés,-6.8513165,tombées,-10.807406,1
9224,P_NOUN_8_PASS_b,M,P,les vases avec le pot que j' aime beaucoup ne sont probablement pas utilisés <eos>,13,utilisés,utilisées,11,M,S,utilisés,-4.733403,utilisées,-8.6751375,1
9225,P_NOUN_8_PASS_b,M,P,les vases avec le coussin que j' aime beaucoup ne sont probablement pas achetés <eos>,13,achetés,achetées,11,M,S,achetés,-9.3501005,achetées,-13.505381,1
9226,P_NOUN_8_PASS_b,M,P,les vases avec le coussin que j' aime beaucoup ne sont probablement pas brisés <eos>,13,brisés,brisées,11,M,S,brisés,-9.6279335,brisées,-11.310934,1
9227,P_NOUN_8_PASS_b,M,P,les vases avec le coussin que j' aime beaucoup ne sont probablement pas cachés <eos>,13,cachés,cachées,11,M,S,cachés,-7.9751596,cachées,-11.2818165,1
9228,P_NOUN_8_PASS_b,M,P,les vases avec le coussin que j' aime beaucoup ne sont probablement pas cassés <eos>,13,cassés,cassées,11,M,S,cassés,-9.008482,cassées,-10.303021,1
9229,P_NOUN_8_PASS_b,M,P,les vases avec le coussin que j' aime beaucoup ne sont probablement pas couverts <eos>,13,couverts,couvertes,11,M,S,couverts,-6.8574753,couvertes,-11.043982,1
9230,P_NOUN_8_PASS_b,M,P,les vases avec le coussin que j' aime beaucoup ne sont probablement pas déformés <eos>,13,déformés,déformées,11,M,S,déformés,-10.696333,déformées,-10.36327,0
9231,P_NOUN_8_PASS_b,M,P,les vases avec le coussin que j' aime beaucoup ne sont probablement pas fixés <eos>,13,fixés,fixées,11,M,S,fixés,-8.225563,fixées,-10.683536,1
9232,P_NOUN_8_PASS_b,M,P,les vases avec le coussin que j' aime beaucoup ne sont probablement pas jetés <eos>,13,jetés,jetées,11,M,S,jetés,-7.886854,jetées,-11.549444,1
9233,P_NOUN_8_PASS_b,M,P,les vases avec le coussin que j' aime beaucoup ne sont probablement pas laissés <eos>,13,laissés,laissées,11,M,S,laissés,-7.8760786,laissées,-11.111359,1
9234,P_NOUN_8_PASS_b,M,P,les vases avec le coussin que j' aime beaucoup ne sont probablement pas ouverts <eos>,13,ouverts,ouvertes,11,M,S,ouverts,-7.9897094,ouvertes,-11.583542,1
9235,P_NOUN_8_PASS_b,M,P,les vases avec le coussin que j' aime beaucoup ne sont probablement pas perdus <eos>,13,perdus,perdues,11,M,S,perdus,-6.905265,perdues,-10.679761,1
9236,P_NOUN_8_PASS_b,M,P,les vases avec le coussin que j' aime beaucoup ne sont probablement pas réparés <eos>,13,réparés,réparées,11,M,S,réparés,-10.842745,réparées,-12.244469,1
9237,P_NOUN_8_PASS_b,M,P,les vases avec le coussin que j' aime beaucoup ne sont probablement pas retirés <eos>,13,retirés,retirées,11,M,S,retirés,-8.428156,retirées,-11.153755,1
9238,P_NOUN_8_PASS_b,M,P,les vases avec le coussin que j' aime beaucoup ne sont probablement pas tombés <eos>,13,tombés,tombées,11,M,S,tombés,-6.7371454,tombées,-10.886288,1
9239,P_NOUN_8_PASS_b,M,P,les vases avec le coussin que j' aime beaucoup ne sont probablement pas utilisés <eos>,13,utilisés,utilisées,11,M,S,utilisés,-4.5324144,utilisées,-8.455688,1
9240,P_NOUN_8_PASS_b,M,P,les vases avec le jouet que j' aime beaucoup ne sont probablement pas achetés <eos>,13,achetés,achetées,11,M,S,achetés,-8.997785,achetées,-13.6933,1
9241,P_NOUN_8_PASS_b,M,P,les vases avec le jouet que j' aime beaucoup ne sont probablement pas brisés <eos>,13,brisés,brisées,11,M,S,brisés,-9.70874,brisées,-11.432821,1
9242,P_NOUN_8_PASS_b,M,P,les vases avec le jouet que j' aime beaucoup ne sont probablement pas cachés <eos>,13,cachés,cachées,11,M,S,cachés,-8.067187,cachées,-11.266608,1
9243,P_NOUN_8_PASS_b,M,P,les vases avec le jouet que j' aime beaucoup ne sont probablement pas cassés <eos>,13,cassés,cassées,11,M,S,cassés,-8.947882,cassées,-10.484945,1
9244,P_NOUN_8_PASS_b,M,P,les vases avec le jouet que j' aime beaucoup ne sont probablement pas couverts <eos>,13,couverts,couvertes,11,M,S,couverts,-6.8262377,couvertes,-11.267886,1
9245,P_NOUN_8_PASS_b,M,P,les vases avec le jouet que j' aime beaucoup ne sont probablement pas déformés <eos>,13,déformés,déformées,11,M,S,déformés,-10.547236,déformées,-10.4517355,0
9246,P_NOUN_8_PASS_b,M,P,les vases avec le jouet que j' aime beaucoup ne sont probablement pas fixés <eos>,13,fixés,fixées,11,M,S,fixés,-8.423317,fixées,-10.93826,1
9247,P_NOUN_8_PASS_b,M,P,les vases avec le jouet que j' aime beaucoup ne sont probablement pas jetés <eos>,13,jetés,jetées,11,M,S,jetés,-7.8179207,jetées,-11.766885,1
9248,P_NOUN_8_PASS_b,M,P,les vases avec le jouet que j' aime beaucoup ne sont probablement pas laissés <eos>,13,laissés,laissées,11,M,S,laissés,-7.970874,laissées,-11.213257,1
9249,P_NOUN_8_PASS_b,M,P,les vases avec le jouet que j' aime beaucoup ne sont probablement pas ouverts <eos>,13,ouverts,ouvertes,11,M,S,ouverts,-7.9239545,ouvertes,-11.6217785,1
9250,P_NOUN_8_PASS_b,M,P,les vases avec le jouet que j' aime beaucoup ne sont probablement pas perdus <eos>,13,perdus,perdues,11,M,S,perdus,-6.772729,perdues,-10.633062,1
9251,P_NOUN_8_PASS_b,M,P,les vases avec le jouet que j' aime beaucoup ne sont probablement pas réparés <eos>,13,réparés,réparées,11,M,S,réparés,-11.101493,réparées,-12.352746,1
9252,P_NOUN_8_PASS_b,M,P,les vases avec le jouet que j' aime beaucoup ne sont probablement pas retirés <eos>,13,retirés,retirées,11,M,S,retirés,-8.637419,retirées,-11.219408,1
9253,P_NOUN_8_PASS_b,M,P,les vases avec le jouet que j' aime beaucoup ne sont probablement pas tombés <eos>,13,tombés,tombées,11,M,S,tombés,-7.109149,tombées,-10.996675,1
9254,P_NOUN_8_PASS_b,M,P,les vases avec le jouet que j' aime beaucoup ne sont probablement pas utilisés <eos>,13,utilisés,utilisées,11,M,S,utilisés,-4.8070307,utilisées,-8.675733,1
9255,P_NOUN_8_PASS_b,M,P,les vases avec le clou que j' aime beaucoup ne sont probablement pas achetés <eos>,13,achetés,achetées,11,M,S,achetés,-9.262096,achetées,-13.5313,1
9256,P_NOUN_8_PASS_b,M,P,les vases avec le clou que j' aime beaucoup ne sont probablement pas brisés <eos>,13,brisés,brisées,11,M,S,brisés,-9.771248,brisées,-11.653311,1
9257,P_NOUN_8_PASS_b,M,P,les vases avec le clou que j' aime beaucoup ne sont probablement pas cachés <eos>,13,cachés,cachées,11,M,S,cachés,-8.242199,cachées,-11.425163,1
9258,P_NOUN_8_PASS_b,M,P,les vases avec le clou que j' aime beaucoup ne sont probablement pas cassés <eos>,13,cassés,cassées,11,M,S,cassés,-9.026735,cassées,-10.611765,1
9259,P_NOUN_8_PASS_b,M,P,les vases avec le clou que j' aime beaucoup ne sont probablement pas couverts <eos>,13,couverts,couvertes,11,M,S,couverts,-6.9723225,couvertes,-11.370754,1
9260,P_NOUN_8_PASS_b,M,P,les vases avec le clou que j' aime beaucoup ne sont probablement pas déformés <eos>,13,déformés,déformées,11,M,S,déformés,-10.357115,déformées,-10.572658,1
9261,P_NOUN_8_PASS_b,M,P,les vases avec le clou que j' aime beaucoup ne sont probablement pas fixés <eos>,13,fixés,fixées,11,M,S,fixés,-8.439201,fixées,-11.019664,1
9262,P_NOUN_8_PASS_b,M,P,les vases avec le clou que j' aime beaucoup ne sont probablement pas jetés <eos>,13,jetés,jetées,11,M,S,jetés,-8.095884,jetées,-12.079941,1
9263,P_NOUN_8_PASS_b,M,P,les vases avec le clou que j' aime beaucoup ne sont probablement pas laissés <eos>,13,laissés,laissées,11,M,S,laissés,-7.884237,laissées,-11.2939415,1
9264,P_NOUN_8_PASS_b,M,P,les vases avec le clou que j' aime beaucoup ne sont probablement pas ouverts <eos>,13,ouverts,ouvertes,11,M,S,ouverts,-7.911291,ouvertes,-11.644537,1
9265,P_NOUN_8_PASS_b,M,P,les vases avec le clou que j' aime beaucoup ne sont probablement pas perdus <eos>,13,perdus,perdues,11,M,S,perdus,-6.6773167,perdues,-10.583219,1
9266,P_NOUN_8_PASS_b,M,P,les vases avec le clou que j' aime beaucoup ne sont probablement pas réparés <eos>,13,réparés,réparées,11,M,S,réparés,-10.89625,réparées,-12.1333475,1
9267,P_NOUN_8_PASS_b,M,P,les vases avec le clou que j' aime beaucoup ne sont probablement pas retirés <eos>,13,retirés,retirées,11,M,S,retirés,-8.569075,retirées,-11.165005,1
9268,P_NOUN_8_PASS_b,M,P,les vases avec le clou que j' aime beaucoup ne sont probablement pas tombés <eos>,13,tombés,tombées,11,M,S,tombés,-7.0110598,tombées,-10.89459,1
9269,P_NOUN_8_PASS_b,M,P,les vases avec le clou que j' aime beaucoup ne sont probablement pas utilisés <eos>,13,utilisés,utilisées,11,M,S,utilisés,-5.1360173,utilisées,-9.015534,1
9270,P_NOUN_8_PASS_b,M,P,les vases avec le billet que j' aime beaucoup ne sont probablement pas achetés <eos>,13,achetés,achetées,11,M,S,achetés,-9.029397,achetées,-12.925125,1
9271,P_NOUN_8_PASS_b,M,P,les vases avec le billet que j' aime beaucoup ne sont probablement pas brisés <eos>,13,brisés,brisées,11,M,S,brisés,-10.351253,brisées,-11.784072,1
9272,P_NOUN_8_PASS_b,M,P,les vases avec le billet que j' aime beaucoup ne sont probablement pas cachés <eos>,13,cachés,cachées,11,M,S,cachés,-7.8830338,cachées,-11.423408,1
9273,P_NOUN_8_PASS_b,M,P,les vases avec le billet que j' aime beaucoup ne sont probablement pas cassés <eos>,13,cassés,cassées,11,M,S,cassés,-9.336343,cassées,-11.01206,1
9274,P_NOUN_8_PASS_b,M,P,les vases avec le billet que j' aime beaucoup ne sont probablement pas couverts <eos>,13,couverts,couvertes,11,M,S,couverts,-6.967251,couvertes,-11.825438,1
9275,P_NOUN_8_PASS_b,M,P,les vases avec le billet que j' aime beaucoup ne sont probablement pas déformés <eos>,13,déformés,déformées,11,M,S,déformés,-10.975907,déformées,-10.925304,0
9276,P_NOUN_8_PASS_b,M,P,les vases avec le billet que j' aime beaucoup ne sont probablement pas fixés <eos>,13,fixés,fixées,11,M,S,fixés,-8.367872,fixées,-10.9572735,1
9277,P_NOUN_8_PASS_b,M,P,les vases avec le billet que j' aime beaucoup ne sont probablement pas jetés <eos>,13,jetés,jetées,11,M,S,jetés,-7.963847,jetées,-12.051089,1
9278,P_NOUN_8_PASS_b,M,P,les vases avec le billet que j' aime beaucoup ne sont probablement pas laissés <eos>,13,laissés,laissées,11,M,S,laissés,-8.028684,laissées,-11.303477,1
9279,P_NOUN_8_PASS_b,M,P,les vases avec le billet que j' aime beaucoup ne sont probablement pas ouverts <eos>,13,ouverts,ouvertes,11,M,S,ouverts,-7.906605,ouvertes,-11.919699,1
9280,P_NOUN_8_PASS_b,M,P,les vases avec le billet que j' aime beaucoup ne sont probablement pas perdus <eos>,13,perdus,perdues,11,M,S,perdus,-6.454129,perdues,-10.036682,1
9281,P_NOUN_8_PASS_b,M,P,les vases avec le billet que j' aime beaucoup ne sont probablement pas réparés <eos>,13,réparés,réparées,11,M,S,réparés,-11.171884,réparées,-12.230715,1
9282,P_NOUN_8_PASS_b,M,P,les vases avec le billet que j' aime beaucoup ne sont probablement pas retirés <eos>,13,retirés,retirées,11,M,S,retirés,-8.241958,retirées,-11.075965,1
9283,P_NOUN_8_PASS_b,M,P,les vases avec le billet que j' aime beaucoup ne sont probablement pas tombés <eos>,13,tombés,tombées,11,M,S,tombés,-6.7781076,tombées,-11.047734,1
9284,P_NOUN_8_PASS_b,M,P,les vases avec le billet que j' aime beaucoup ne sont probablement pas utilisés <eos>,13,utilisés,utilisées,11,M,S,utilisés,-5.0135937,utilisées,-8.804391,1
9285,P_NOUN_8_PASS_b,M,P,les vases avec le légume que j' aime beaucoup ne sont probablement pas achetés <eos>,13,achetés,achetées,11,M,S,achetés,-8.728813,achetées,-13.498226,1
9286,P_NOUN_8_PASS_b,M,P,les vases avec le légume que j' aime beaucoup ne sont probablement pas brisés <eos>,13,brisés,brisées,11,M,S,brisés,-10.261489,brisées,-11.87713,1
9287,P_NOUN_8_PASS_b,M,P,les vases avec le légume que j' aime beaucoup ne sont probablement pas cachés <eos>,13,cachés,cachées,11,M,S,cachés,-8.536772,cachées,-11.974974,1
9288,P_NOUN_8_PASS_b,M,P,les vases avec le légume que j' aime beaucoup ne sont probablement pas cassés <eos>,13,cassés,cassées,11,M,S,cassés,-9.019135,cassées,-10.890915,1
9289,P_NOUN_8_PASS_b,M,P,les vases avec le légume que j' aime beaucoup ne sont probablement pas couverts <eos>,13,couverts,couvertes,11,M,S,couverts,-6.1422453,couvertes,-11.111546,1
9290,P_NOUN_8_PASS_b,M,P,les vases avec le légume que j' aime beaucoup ne sont probablement pas déformés <eos>,13,déformés,déformées,11,M,S,déformés,-11.360669,déformées,-11.545244,1
9291,P_NOUN_8_PASS_b,M,P,les vases avec le légume que j' aime beaucoup ne sont probablement pas fixés <eos>,13,fixés,fixées,11,M,S,fixés,-8.671917,fixées,-11.658799,1
9292,P_NOUN_8_PASS_b,M,P,les vases avec le légume que j' aime beaucoup ne sont probablement pas jetés <eos>,13,jetés,jetées,11,M,S,jetés,-8.580957,jetées,-11.979242,1
9293,P_NOUN_8_PASS_b,M,P,les vases avec le légume que j' aime beaucoup ne sont probablement pas laissés <eos>,13,laissés,laissées,11,M,S,laissés,-7.6520166,laissées,-10.987295,1
9294,P_NOUN_8_PASS_b,M,P,les vases avec le légume que j' aime beaucoup ne sont probablement pas ouverts <eos>,13,ouverts,ouvertes,11,M,S,ouverts,-7.578497,ouvertes,-11.645188,1
9295,P_NOUN_8_PASS_b,M,P,les vases avec le légume que j' aime beaucoup ne sont probablement pas perdus <eos>,13,perdus,perdues,11,M,S,perdus,-6.988388,perdues,-10.923378,1
9296,P_NOUN_8_PASS_b,M,P,les vases avec le légume que j' aime beaucoup ne sont probablement pas réparés <eos>,13,réparés,réparées,11,M,S,réparés,-10.815451,réparées,-12.738567,1
9297,P_NOUN_8_PASS_b,M,P,les vases avec le légume que j' aime beaucoup ne sont probablement pas retirés <eos>,13,retirés,retirées,11,M,S,retirés,-8.856071,retirées,-11.74679,1
9298,P_NOUN_8_PASS_b,M,P,les vases avec le légume que j' aime beaucoup ne sont probablement pas tombés <eos>,13,tombés,tombées,11,M,S,tombés,-7.067518,tombées,-11.040731,1
9299,P_NOUN_8_PASS_b,M,P,les vases avec le légume que j' aime beaucoup ne sont probablement pas utilisés <eos>,13,utilisés,utilisées,11,M,S,utilisés,-5.0308743,utilisées,-8.985724,1
9300,P_NOUN_8_PASS_b,M,P,les paniers avec le bracelet que j' aime beaucoup ne sont probablement pas achetés <eos>,13,achetés,achetées,11,M,S,achetés,-8.915814,achetées,-12.949389,1
9301,P_NOUN_8_PASS_b,M,P,les paniers avec le bracelet que j' aime beaucoup ne sont probablement pas brisés <eos>,13,brisés,brisées,11,M,S,brisés,-10.25232,brisées,-11.204524,1
9302,P_NOUN_8_PASS_b,M,P,les paniers avec le bracelet que j' aime beaucoup ne sont probablement pas cachés <eos>,13,cachés,cachées,11,M,S,cachés,-7.6869516,cachées,-11.454738,1
9303,P_NOUN_8_PASS_b,M,P,les paniers avec le bracelet que j' aime beaucoup ne sont probablement pas cassés <eos>,13,cassés,cassées,11,M,S,cassés,-9.400274,cassées,-10.764756,1
9304,P_NOUN_8_PASS_b,M,P,les paniers avec le bracelet que j' aime beaucoup ne sont probablement pas couverts <eos>,13,couverts,couvertes,11,M,S,couverts,-7.0288877,couvertes,-11.281242,1
9305,P_NOUN_8_PASS_b,M,P,les paniers avec le bracelet que j' aime beaucoup ne sont probablement pas déformés <eos>,13,déformés,déformées,11,M,S,déformés,-11.911179,déformées,-11.32564,0
9306,P_NOUN_8_PASS_b,M,P,les paniers avec le bracelet que j' aime beaucoup ne sont probablement pas fixés <eos>,13,fixés,fixées,11,M,S,fixés,-7.458923,fixées,-10.574272,1
9307,P_NOUN_8_PASS_b,M,P,les paniers avec le bracelet que j' aime beaucoup ne sont probablement pas jetés <eos>,13,jetés,jetées,11,M,S,jetés,-7.4097757,jetées,-11.118575,1
9308,P_NOUN_8_PASS_b,M,P,les paniers avec le bracelet que j' aime beaucoup ne sont probablement pas laissés <eos>,13,laissés,laissées,11,M,S,laissés,-8.456283,laissées,-11.505316,1
9309,P_NOUN_8_PASS_b,M,P,les paniers avec le bracelet que j' aime beaucoup ne sont probablement pas ouverts <eos>,13,ouverts,ouvertes,11,M,S,ouverts,-8.243483,ouvertes,-11.64987,1
9310,P_NOUN_8_PASS_b,M,P,les paniers avec le bracelet que j' aime beaucoup ne sont probablement pas perdus <eos>,13,perdus,perdues,11,M,S,perdus,-6.5877905,perdues,-10.377791,1
9311,P_NOUN_8_PASS_b,M,P,les paniers avec le bracelet que j' aime beaucoup ne sont probablement pas réparés <eos>,13,réparés,réparées,11,M,S,réparés,-11.0045805,réparées,-12.577727,1
9312,P_NOUN_8_PASS_b,M,P,les paniers avec le bracelet que j' aime beaucoup ne sont probablement pas retirés <eos>,13,retirés,retirées,11,M,S,retirés,-8.366196,retirées,-10.820745,1
9313,P_NOUN_8_PASS_b,M,P,les paniers avec le bracelet que j' aime beaucoup ne sont probablement pas tombés <eos>,13,tombés,tombées,11,M,S,tombés,-6.2278214,tombées,-10.766085,1
9314,P_NOUN_8_PASS_b,M,P,les paniers avec le bracelet que j' aime beaucoup ne sont probablement pas utilisés <eos>,13,utilisés,utilisées,11,M,S,utilisés,-4.4638996,utilisées,-8.219378,1
9315,P_NOUN_8_PASS_b,M,P,les paniers avec le miroir que j' aime beaucoup ne sont probablement pas achetés <eos>,13,achetés,achetées,11,M,S,achetés,-9.1521225,achetées,-13.58729,1
9316,P_NOUN_8_PASS_b,M,P,les paniers avec le miroir que j' aime beaucoup ne sont probablement pas brisés <eos>,13,brisés,brisées,11,M,S,brisés,-10.109305,brisées,-11.597219,1
9317,P_NOUN_8_PASS_b,M,P,les paniers avec le miroir que j' aime beaucoup ne sont probablement pas cachés <eos>,13,cachés,cachées,11,M,S,cachés,-7.775444,cachées,-10.968595,1
9318,P_NOUN_8_PASS_b,M,P,les paniers avec le miroir que j' aime beaucoup ne sont probablement pas cassés <eos>,13,cassés,cassées,11,M,S,cassés,-9.380161,cassées,-10.847437,1
9319,P_NOUN_8_PASS_b,M,P,les paniers avec le miroir que j' aime beaucoup ne sont probablement pas couverts <eos>,13,couverts,couvertes,11,M,S,couverts,-6.9415073,couvertes,-10.869333,1
9320,P_NOUN_8_PASS_b,M,P,les paniers avec le miroir que j' aime beaucoup ne sont probablement pas déformés <eos>,13,déformés,déformées,11,M,S,déformés,-11.113398,déformées,-10.45176,0
9321,P_NOUN_8_PASS_b,M,P,les paniers avec le miroir que j' aime beaucoup ne sont probablement pas fixés <eos>,13,fixés,fixées,11,M,S,fixés,-8.279549,fixées,-11.076001,1
9322,P_NOUN_8_PASS_b,M,P,les paniers avec le miroir que j' aime beaucoup ne sont probablement pas jetés <eos>,13,jetés,jetées,11,M,S,jetés,-8.19213,jetées,-11.627029,1
9323,P_NOUN_8_PASS_b,M,P,les paniers avec le miroir que j' aime beaucoup ne sont probablement pas laissés <eos>,13,laissés,laissées,11,M,S,laissés,-8.257546,laissées,-11.398894,1
9324,P_NOUN_8_PASS_b,M,P,les paniers avec le miroir que j' aime beaucoup ne sont probablement pas ouverts <eos>,13,ouverts,ouvertes,11,M,S,ouverts,-7.7130632,ouvertes,-11.116841,1
9325,P_NOUN_8_PASS_b,M,P,les paniers avec le miroir que j' aime beaucoup ne sont probablement pas perdus <eos>,13,perdus,perdues,11,M,S,perdus,-6.6774445,perdues,-10.2308,1
9326,P_NOUN_8_PASS_b,M,P,les paniers avec le miroir que j' aime beaucoup ne sont probablement pas réparés <eos>,13,réparés,réparées,11,M,S,réparés,-11.234335,réparées,-12.287739,1
9327,P_NOUN_8_PASS_b,M,P,les paniers avec le miroir que j' aime beaucoup ne sont probablement pas retirés <eos>,13,retirés,retirées,11,M,S,retirés,-8.734327,retirées,-11.022237,1
9328,P_NOUN_8_PASS_b,M,P,les paniers avec le miroir que j' aime beaucoup ne sont probablement pas tombés <eos>,13,tombés,tombées,11,M,S,tombés,-7.1982603,tombées,-10.802542,1
9329,P_NOUN_8_PASS_b,M,P,les paniers avec le miroir que j' aime beaucoup ne sont probablement pas utilisés <eos>,13,utilisés,utilisées,11,M,S,utilisés,-4.76886,utilisées,-8.306581,1
9330,P_NOUN_8_PASS_b,M,P,les paniers avec le crayon que j' aime beaucoup ne sont probablement pas achetés <eos>,13,achetés,achetées,11,M,S,achetés,-8.524978,achetées,-13.040264,1
9331,P_NOUN_8_PASS_b,M,P,les paniers avec le crayon que j' aime beaucoup ne sont probablement pas brisés <eos>,13,brisés,brisées,11,M,S,brisés,-10.697016,brisées,-11.918487,1
9332,P_NOUN_8_PASS_b,M,P,les paniers avec le crayon que j' aime beaucoup ne sont probablement pas cachés <eos>,13,cachés,cachées,11,M,S,cachés,-7.6192145,cachées,-11.366371,1
9333,P_NOUN_8_PASS_b,M,P,les paniers avec le crayon que j' aime beaucoup ne sont probablement pas cassés <eos>,13,cassés,cassées,11,M,S,cassés,-9.2267885,cassées,-10.814661,1
9334,P_NOUN_8_PASS_b,M,P,les paniers avec le crayon que j' aime beaucoup ne sont probablement pas couverts <eos>,13,couverts,couvertes,11,M,S,couverts,-6.8632317,couvertes,-11.056501,1
9335,P_NOUN_8_PASS_b,M,P,les paniers avec le crayon que j' aime beaucoup ne sont probablement pas déformés <eos>,13,déformés,déformées,11,M,S,déformés,-11.56303,déformées,-10.505623,0
9336,P_NOUN_8_PASS_b,M,P,les paniers avec le crayon que j' aime beaucoup ne sont probablement pas fixés <eos>,13,fixés,fixées,11,M,S,fixés,-8.523787,fixées,-11.114378,1
9337,P_NOUN_8_PASS_b,M,P,les paniers avec le crayon que j' aime beaucoup ne sont probablement pas jetés <eos>,13,jetés,jetées,11,M,S,jetés,-8.028623,jetées,-11.4004755,1
9338,P_NOUN_8_PASS_b,M,P,les paniers avec le crayon que j' aime beaucoup ne sont probablement pas laissés <eos>,13,laissés,laissées,11,M,S,laissés,-7.9898834,laissées,-11.267384,1
9339,P_NOUN_8_PASS_b,M,P,les paniers avec le crayon que j' aime beaucoup ne sont probablement pas ouverts <eos>,13,ouverts,ouvertes,11,M,S,ouverts,-8.147588,ouvertes,-11.635072,1
9340,P_NOUN_8_PASS_b,M,P,les paniers avec le crayon que j' aime beaucoup ne sont probablement pas perdus <eos>,13,perdus,perdues,11,M,S,perdus,-7.0487866,perdues,-10.057417,1
9341,P_NOUN_8_PASS_b,M,P,les paniers avec le crayon que j' aime beaucoup ne sont probablement pas réparés <eos>,13,réparés,réparées,11,M,S,réparés,-10.973405,réparées,-11.86114,1
9342,P_NOUN_8_PASS_b,M,P,les paniers avec le crayon que j' aime beaucoup ne sont probablement pas retirés <eos>,13,retirés,retirées,11,M,S,retirés,-8.604919,retirées,-10.63237,1
9343,P_NOUN_8_PASS_b,M,P,les paniers avec le crayon que j' aime beaucoup ne sont probablement pas tombés <eos>,13,tombés,tombées,11,M,S,tombés,-7.397292,tombées,-10.66864,1
9344,P_NOUN_8_PASS_b,M,P,les paniers avec le crayon que j' aime beaucoup ne sont probablement pas utilisés <eos>,13,utilisés,utilisées,11,M,S,utilisés,-4.5707173,utilisées,-8.074795,1
9345,P_NOUN_8_PASS_b,M,P,les paniers avec le rideau que j' aime beaucoup ne sont probablement pas achetés <eos>,13,achetés,achetées,11,M,S,achetés,-9.617786,achetées,-13.83799,1
9346,P_NOUN_8_PASS_b,M,P,les paniers avec le rideau que j' aime beaucoup ne sont probablement pas brisés <eos>,13,brisés,brisées,11,M,S,brisés,-10.334187,brisées,-11.840092,1
9347,P_NOUN_8_PASS_b,M,P,les paniers avec le rideau que j' aime beaucoup ne sont probablement pas cachés <eos>,13,cachés,cachées,11,M,S,cachés,-8.277845,cachées,-11.135358,1
9348,P_NOUN_8_PASS_b,M,P,les paniers avec le rideau que j' aime beaucoup ne sont probablement pas cassés <eos>,13,cassés,cassées,11,M,S,cassés,-9.702348,cassées,-10.781825,1
9349,P_NOUN_8_PASS_b,M,P,les paniers avec le rideau que j' aime beaucoup ne sont probablement pas couverts <eos>,13,couverts,couvertes,11,M,S,couverts,-6.778561,couvertes,-10.773954,1
9350,P_NOUN_8_PASS_b,M,P,les paniers avec le rideau que j' aime beaucoup ne sont probablement pas déformés <eos>,13,déformés,déformées,11,M,S,déformés,-11.212832,déformées,-11.050091,0
9351,P_NOUN_8_PASS_b,M,P,les paniers avec le rideau que j' aime beaucoup ne sont probablement pas fixés <eos>,13,fixés,fixées,11,M,S,fixés,-8.066017,fixées,-10.84038,1
9352,P_NOUN_8_PASS_b,M,P,les paniers avec le rideau que j' aime beaucoup ne sont probablement pas jetés <eos>,13,jetés,jetées,11,M,S,jetés,-8.201522,jetées,-11.38549,1
9353,P_NOUN_8_PASS_b,M,P,les paniers avec le rideau que j' aime beaucoup ne sont probablement pas laissés <eos>,13,laissés,laissées,11,M,S,laissés,-8.393703,laissées,-11.574287,1
9354,P_NOUN_8_PASS_b,M,P,les paniers avec le rideau que j' aime beaucoup ne sont probablement pas ouverts <eos>,13,ouverts,ouvertes,11,M,S,ouverts,-7.7008085,ouvertes,-11.123911,1
9355,P_NOUN_8_PASS_b,M,P,les paniers avec le rideau que j' aime beaucoup ne sont probablement pas perdus <eos>,13,perdus,perdues,11,M,S,perdus,-7.27001,perdues,-10.8501005,1
9356,P_NOUN_8_PASS_b,M,P,les paniers avec le rideau que j' aime beaucoup ne sont probablement pas réparés <eos>,13,réparés,réparées,11,M,S,réparés,-10.703183,réparées,-12.196157,1
9357,P_NOUN_8_PASS_b,M,P,les paniers avec le rideau que j' aime beaucoup ne sont probablement pas retirés <eos>,13,retirés,retirées,11,M,S,retirés,-9.113699,retirées,-11.178074,1
9358,P_NOUN_8_PASS_b,M,P,les paniers avec le rideau que j' aime beaucoup ne sont probablement pas tombés <eos>,13,tombés,tombées,11,M,S,tombés,-7.0501986,tombées,-10.730952,1
9359,P_NOUN_8_PASS_b,M,P,les paniers avec le rideau que j' aime beaucoup ne sont probablement pas utilisés <eos>,13,utilisés,utilisées,11,M,S,utilisés,-4.925643,utilisées,-8.53167,1
9360,P_NOUN_8_PASS_b,M,P,les paniers avec le cahier que j' aime beaucoup ne sont probablement pas achetés <eos>,13,achetés,achetées,11,M,S,achetés,-8.880674,achetées,-13.58536,1
9361,P_NOUN_8_PASS_b,M,P,les paniers avec le cahier que j' aime beaucoup ne sont probablement pas brisés <eos>,13,brisés,brisées,11,M,S,brisés,-10.50422,brisées,-12.373453,1
9362,P_NOUN_8_PASS_b,M,P,les paniers avec le cahier que j' aime beaucoup ne sont probablement pas cachés <eos>,13,cachés,cachées,11,M,S,cachés,-7.963931,cachées,-11.761876,1
9363,P_NOUN_8_PASS_b,M,P,les paniers avec le cahier que j' aime beaucoup ne sont probablement pas cassés <eos>,13,cassés,cassées,11,M,S,cassés,-10.117494,cassées,-11.329236,1
9364,P_NOUN_8_PASS_b,M,P,les paniers avec le cahier que j' aime beaucoup ne sont probablement pas couverts <eos>,13,couverts,couvertes,11,M,S,couverts,-6.600174,couvertes,-11.484537,1
9365,P_NOUN_8_PASS_b,M,P,les paniers avec le cahier que j' aime beaucoup ne sont probablement pas déformés <eos>,13,déformés,déformées,11,M,S,déformés,-11.072567,déformées,-11.344125,1
9366,P_NOUN_8_PASS_b,M,P,les paniers avec le cahier que j' aime beaucoup ne sont probablement pas fixés <eos>,13,fixés,fixées,11,M,S,fixés,-8.259351,fixées,-11.263476,1
9367,P_NOUN_8_PASS_b,M,P,les paniers avec le cahier que j' aime beaucoup ne sont probablement pas jetés <eos>,13,jetés,jetées,11,M,S,jetés,-8.44732,jetées,-12.132798,1
9368,P_NOUN_8_PASS_b,M,P,les paniers avec le cahier que j' aime beaucoup ne sont probablement pas laissés <eos>,13,laissés,laissées,11,M,S,laissés,-8.11196,laissées,-12.124734,1
9369,P_NOUN_8_PASS_b,M,P,les paniers avec le cahier que j' aime beaucoup ne sont probablement pas ouverts <eos>,13,ouverts,ouvertes,11,M,S,ouverts,-7.5165296,ouvertes,-11.600721,1
9370,P_NOUN_8_PASS_b,M,P,les paniers avec le cahier que j' aime beaucoup ne sont probablement pas perdus <eos>,13,perdus,perdues,11,M,S,perdus,-6.4941425,perdues,-10.3011,1
9371,P_NOUN_8_PASS_b,M,P,les paniers avec le cahier que j' aime beaucoup ne sont probablement pas réparés <eos>,13,réparés,réparées,11,M,S,réparés,-11.1562605,réparées,-12.560048,1
9372,P_NOUN_8_PASS_b,M,P,les paniers avec le cahier que j' aime beaucoup ne sont probablement pas retirés <eos>,13,retirés,retirées,11,M,S,retirés,-8.438889,retirées,-11.243542,1
9373,P_NOUN_8_PASS_b,M,P,les paniers avec le cahier que j' aime beaucoup ne sont probablement pas tombés <eos>,13,tombés,tombées,11,M,S,tombés,-6.9191933,tombées,-11.186414,1
9374,P_NOUN_8_PASS_b,M,P,les paniers avec le cahier que j' aime beaucoup ne sont probablement pas utilisés <eos>,13,utilisés,utilisées,11,M,S,utilisés,-4.900978,utilisées,-8.774198,1
9375,P_NOUN_8_PASS_b,M,P,les paniers avec le micro que j' aime beaucoup ne sont probablement pas achetés <eos>,13,achetés,achetées,11,M,S,achetés,-9.209433,achetées,-13.482376,1
9376,P_NOUN_8_PASS_b,M,P,les paniers avec le micro que j' aime beaucoup ne sont probablement pas brisés <eos>,13,brisés,brisées,11,M,S,brisés,-10.308995,brisées,-11.769108,1
9377,P_NOUN_8_PASS_b,M,P,les paniers avec le micro que j' aime beaucoup ne sont probablement pas cachés <eos>,13,cachés,cachées,11,M,S,cachés,-7.9266224,cachées,-11.160952,1
9378,P_NOUN_8_PASS_b,M,P,les paniers avec le micro que j' aime beaucoup ne sont probablement pas cassés <eos>,13,cassés,cassées,11,M,S,cassés,-9.7734,cassées,-10.801957,1
9379,P_NOUN_8_PASS_b,M,P,les paniers avec le micro que j' aime beaucoup ne sont probablement pas couverts <eos>,13,couverts,couvertes,11,M,S,couverts,-6.9265547,couvertes,-10.721843,1
9380,P_NOUN_8_PASS_b,M,P,les paniers avec le micro que j' aime beaucoup ne sont probablement pas déformés <eos>,13,déformés,déformées,11,M,S,déformés,-11.543552,déformées,-11.164966,0
9381,P_NOUN_8_PASS_b,M,P,les paniers avec le micro que j' aime beaucoup ne sont probablement pas fixés <eos>,13,fixés,fixées,11,M,S,fixés,-7.8635077,fixées,-11.290531,1
9382,P_NOUN_8_PASS_b,M,P,les paniers avec le micro que j' aime beaucoup ne sont probablement pas jetés <eos>,13,jetés,jetées,11,M,S,jetés,-8.332206,jetées,-11.507038,1
9383,P_NOUN_8_PASS_b,M,P,les paniers avec le micro que j' aime beaucoup ne sont probablement pas laissés <eos>,13,laissés,laissées,11,M,S,laissés,-8.489239,laissées,-11.407914,1
9384,P_NOUN_8_PASS_b,M,P,les paniers avec le micro que j' aime beaucoup ne sont probablement pas ouverts <eos>,13,ouverts,ouvertes,11,M,S,ouverts,-7.7250853,ouvertes,-11.173031,1
9385,P_NOUN_8_PASS_b,M,P,les paniers avec le micro que j' aime beaucoup ne sont probablement pas perdus <eos>,13,perdus,perdues,11,M,S,perdus,-7.1431007,perdues,-10.840953,1
9386,P_NOUN_8_PASS_b,M,P,les paniers avec le micro que j' aime beaucoup ne sont probablement pas réparés <eos>,13,réparés,réparées,11,M,S,réparés,-11.068836,réparées,-12.394917,1
9387,P_NOUN_8_PASS_b,M,P,les paniers avec le micro que j' aime beaucoup ne sont probablement pas retirés <eos>,13,retirés,retirées,11,M,S,retirés,-9.075422,retirées,-11.147602,1
9388,P_NOUN_8_PASS_b,M,P,les paniers avec le micro que j' aime beaucoup ne sont probablement pas tombés <eos>,13,tombés,tombées,11,M,S,tombés,-7.453223,tombées,-11.108821,1
9389,P_NOUN_8_PASS_b,M,P,les paniers avec le micro que j' aime beaucoup ne sont probablement pas utilisés <eos>,13,utilisés,utilisées,11,M,S,utilisés,-4.781498,utilisées,-8.30818,1
9390,P_NOUN_8_PASS_b,M,P,les paniers avec le sac que j' aime beaucoup ne sont probablement pas achetés <eos>,13,achetés,achetées,11,M,S,achetés,-9.045127,achetées,-13.46398,1
9391,P_NOUN_8_PASS_b,M,P,les paniers avec le sac que j' aime beaucoup ne sont probablement pas brisés <eos>,13,brisés,brisées,11,M,S,brisés,-10.2579975,brisées,-11.773944,1
9392,P_NOUN_8_PASS_b,M,P,les paniers avec le sac que j' aime beaucoup ne sont probablement pas cachés <eos>,13,cachés,cachées,11,M,S,cachés,-7.7304506,cachées,-11.260335,1
9393,P_NOUN_8_PASS_b,M,P,les paniers avec le sac que j' aime beaucoup ne sont probablement pas cassés <eos>,13,cassés,cassées,11,M,S,cassés,-9.509997,cassées,-10.375023,1
9394,P_NOUN_8_PASS_b,M,P,les paniers avec le sac que j' aime beaucoup ne sont probablement pas couverts <eos>,13,couverts,couvertes,11,M,S,couverts,-6.708251,couvertes,-10.787845,1
9395,P_NOUN_8_PASS_b,M,P,les paniers avec le sac que j' aime beaucoup ne sont probablement pas déformés <eos>,13,déformés,déformées,11,M,S,déformés,-11.561435,déformées,-11.162778,0
9396,P_NOUN_8_PASS_b,M,P,les paniers avec le sac que j' aime beaucoup ne sont probablement pas fixés <eos>,13,fixés,fixées,11,M,S,fixés,-8.029307,fixées,-11.022666,1
9397,P_NOUN_8_PASS_b,M,P,les paniers avec le sac que j' aime beaucoup ne sont probablement pas jetés <eos>,13,jetés,jetées,11,M,S,jetés,-7.8949223,jetées,-11.001811,1
9398,P_NOUN_8_PASS_b,M,P,les paniers avec le sac que j' aime beaucoup ne sont probablement pas laissés <eos>,13,laissés,laissées,11,M,S,laissés,-8.129667,laissées,-11.394062,1
9399,P_NOUN_8_PASS_b,M,P,les paniers avec le sac que j' aime beaucoup ne sont probablement pas ouverts <eos>,13,ouverts,ouvertes,11,M,S,ouverts,-7.963396,ouvertes,-11.3994875,1
9400,P_NOUN_8_PASS_b,M,P,les paniers avec le sac que j' aime beaucoup ne sont probablement pas perdus <eos>,13,perdus,perdues,11,M,S,perdus,-6.960209,perdues,-10.439907,1
9401,P_NOUN_8_PASS_b,M,P,les paniers avec le sac que j' aime beaucoup ne sont probablement pas réparés <eos>,13,réparés,réparées,11,M,S,réparés,-10.705584,réparées,-12.1285305,1
9402,P_NOUN_8_PASS_b,M,P,les paniers avec le sac que j' aime beaucoup ne sont probablement pas retirés <eos>,13,retirés,retirées,11,M,S,retirés,-8.706466,retirées,-11.01264,1
9403,P_NOUN_8_PASS_b,M,P,les paniers avec le sac que j' aime beaucoup ne sont probablement pas tombés <eos>,13,tombés,tombées,11,M,S,tombés,-6.60466,tombées,-10.752203,1
9404,P_NOUN_8_PASS_b,M,P,les paniers avec le sac que j' aime beaucoup ne sont probablement pas utilisés <eos>,13,utilisés,utilisées,11,M,S,utilisés,-4.460477,utilisées,-8.1888895,1
9405,P_NOUN_8_PASS_b,M,P,les paniers avec le clavier que j' aime beaucoup ne sont probablement pas achetés <eos>,13,achetés,achetées,11,M,S,achetés,-9.605299,achetées,-13.948729,1
9406,P_NOUN_8_PASS_b,M,P,les paniers avec le clavier que j' aime beaucoup ne sont probablement pas brisés <eos>,13,brisés,brisées,11,M,S,brisés,-10.525982,brisées,-11.790548,1
9407,P_NOUN_8_PASS_b,M,P,les paniers avec le clavier que j' aime beaucoup ne sont probablement pas cachés <eos>,13,cachés,cachées,11,M,S,cachés,-7.9333344,cachées,-11.07467,1
9408,P_NOUN_8_PASS_b,M,P,les paniers avec le clavier que j' aime beaucoup ne sont probablement pas cassés <eos>,13,cassés,cassées,11,M,S,cassés,-9.975772,cassées,-11.157972,1
9409,P_NOUN_8_PASS_b,M,P,les paniers avec le clavier que j' aime beaucoup ne sont probablement pas couverts <eos>,13,couverts,couvertes,11,M,S,couverts,-7.2574167,couvertes,-11.143931,1
9410,P_NOUN_8_PASS_b,M,P,les paniers avec le clavier que j' aime beaucoup ne sont probablement pas déformés <eos>,13,déformés,déformées,11,M,S,déformés,-11.383346,déformées,-10.534197,0
9411,P_NOUN_8_PASS_b,M,P,les paniers avec le clavier que j' aime beaucoup ne sont probablement pas fixés <eos>,13,fixés,fixées,11,M,S,fixés,-7.9226522,fixées,-11.156341,1
9412,P_NOUN_8_PASS_b,M,P,les paniers avec le clavier que j' aime beaucoup ne sont probablement pas jetés <eos>,13,jetés,jetées,11,M,S,jetés,-8.462928,jetées,-11.863079,1
9413,P_NOUN_8_PASS_b,M,P,les paniers avec le clavier que j' aime beaucoup ne sont probablement pas laissés <eos>,13,laissés,laissées,11,M,S,laissés,-8.554215,laissées,-11.517404,1
9414,P_NOUN_8_PASS_b,M,P,les paniers avec le clavier que j' aime beaucoup ne sont probablement pas ouverts <eos>,13,ouverts,ouvertes,11,M,S,ouverts,-8.09053,ouvertes,-11.407896,1
9415,P_NOUN_8_PASS_b,M,P,les paniers avec le clavier que j' aime beaucoup ne sont probablement pas perdus <eos>,13,perdus,perdues,11,M,S,perdus,-7.234935,perdues,-10.754211,1
9416,P_NOUN_8_PASS_b,M,P,les paniers avec le clavier que j' aime beaucoup ne sont probablement pas réparés <eos>,13,réparés,réparées,11,M,S,réparés,-11.40594,réparées,-12.652947,1
9417,P_NOUN_8_PASS_b,M,P,les paniers avec le clavier que j' aime beaucoup ne sont probablement pas retirés <eos>,13,retirés,retirées,11,M,S,retirés,-9.327103,retirées,-11.305258,1
9418,P_NOUN_8_PASS_b,M,P,les paniers avec le clavier que j' aime beaucoup ne sont probablement pas tombés <eos>,13,tombés,tombées,11,M,S,tombés,-7.639021,tombées,-11.374585,1
9419,P_NOUN_8_PASS_b,M,P,les paniers avec le clavier que j' aime beaucoup ne sont probablement pas utilisés <eos>,13,utilisés,utilisées,11,M,S,utilisés,-4.4067707,utilisées,-8.12023,1
9420,P_NOUN_8_PASS_b,M,P,les paniers avec le raisin que j' aime beaucoup ne sont probablement pas achetés <eos>,13,achetés,achetées,11,M,S,achetés,-8.394003,achetées,-12.956143,1
9421,P_NOUN_8_PASS_b,M,P,les paniers avec le raisin que j' aime beaucoup ne sont probablement pas brisés <eos>,13,brisés,brisées,11,M,S,brisés,-10.685011,brisées,-12.085124,1
9422,P_NOUN_8_PASS_b,M,P,les paniers avec le raisin que j' aime beaucoup ne sont probablement pas cachés <eos>,13,cachés,cachées,11,M,S,cachés,-8.220758,cachées,-11.387415,1
9423,P_NOUN_8_PASS_b,M,P,les paniers avec le raisin que j' aime beaucoup ne sont probablement pas cassés <eos>,13,cassés,cassées,11,M,S,cassés,-8.789919,cassées,-11.000362,1
9424,P_NOUN_8_PASS_b,M,P,les paniers avec le raisin que j' aime beaucoup ne sont probablement pas couverts <eos>,13,couverts,couvertes,11,M,S,couverts,-6.2362266,couvertes,-10.7497425,1
9425,P_NOUN_8_PASS_b,M,P,les paniers avec le raisin que j' aime beaucoup ne sont probablement pas déformés <eos>,13,déformés,déformées,11,M,S,déformés,-12.342915,déformées,-11.395206,0
9426,P_NOUN_8_PASS_b,M,P,les paniers avec le raisin que j' aime beaucoup ne sont probablement pas fixés <eos>,13,fixés,fixées,11,M,S,fixés,-7.9232965,fixées,-11.121385,1
9427,P_NOUN_8_PASS_b,M,P,les paniers avec le raisin que j' aime beaucoup ne sont probablement pas jetés <eos>,13,jetés,jetées,11,M,S,jetés,-8.868674,jetées,-12.507965,1
9428,P_NOUN_8_PASS_b,M,P,les paniers avec le raisin que j' aime beaucoup ne sont probablement pas laissés <eos>,13,laissés,laissées,11,M,S,laissés,-8.08568,laissées,-11.256582,1
9429,P_NOUN_8_PASS_b,M,P,les paniers avec le raisin que j' aime beaucoup ne sont probablement pas ouverts <eos>,13,ouverts,ouvertes,11,M,S,ouverts,-8.472675,ouvertes,-11.323623,1
9430,P_NOUN_8_PASS_b,M,P,les paniers avec le raisin que j' aime beaucoup ne sont probablement pas perdus <eos>,13,perdus,perdues,11,M,S,perdus,-7.4487953,perdues,-10.549238,1
9431,P_NOUN_8_PASS_b,M,P,les paniers avec le raisin que j' aime beaucoup ne sont probablement pas réparés <eos>,13,réparés,réparées,11,M,S,réparés,-11.202204,réparées,-12.628525,1
9432,P_NOUN_8_PASS_b,M,P,les paniers avec le raisin que j' aime beaucoup ne sont probablement pas retirés <eos>,13,retirés,retirées,11,M,S,retirés,-8.553014,retirées,-10.685347,1
9433,P_NOUN_8_PASS_b,M,P,les paniers avec le raisin que j' aime beaucoup ne sont probablement pas tombés <eos>,13,tombés,tombées,11,M,S,tombés,-6.82943,tombées,-10.310841,1
9434,P_NOUN_8_PASS_b,M,P,les paniers avec le raisin que j' aime beaucoup ne sont probablement pas utilisés <eos>,13,utilisés,utilisées,11,M,S,utilisés,-4.260976,utilisées,-7.871907,1
9435,P_NOUN_8_PASS_b,M,P,les paniers avec le chargeur que j' aime beaucoup ne sont probablement pas achetés <eos>,13,achetés,achetées,11,M,S,achetés,-8.592096,achetées,-12.823048,1
9436,P_NOUN_8_PASS_b,M,P,les paniers avec le chargeur que j' aime beaucoup ne sont probablement pas brisés <eos>,13,brisés,brisées,11,M,S,brisés,-10.96633,brisées,-12.011093,1
9437,P_NOUN_8_PASS_b,M,P,les paniers avec le chargeur que j' aime beaucoup ne sont probablement pas cachés <eos>,13,cachés,cachées,11,M,S,cachés,-7.2719507,cachées,-11.480585,1
9438,P_NOUN_8_PASS_b,M,P,les paniers avec le chargeur que j' aime beaucoup ne sont probablement pas cassés <eos>,13,cassés,cassées,11,M,S,cassés,-9.648667,cassées,-11.052097,1
9439,P_NOUN_8_PASS_b,M,P,les paniers avec le chargeur que j' aime beaucoup ne sont probablement pas couverts <eos>,13,couverts,couvertes,11,M,S,couverts,-7.2343216,couvertes,-10.887222,1
9440,P_NOUN_8_PASS_b,M,P,les paniers avec le chargeur que j' aime beaucoup ne sont probablement pas déformés <eos>,13,déformés,déformées,11,M,S,déformés,-12.35298,déformées,-11.243202,0
9441,P_NOUN_8_PASS_b,M,P,les paniers avec le chargeur que j' aime beaucoup ne sont probablement pas fixés <eos>,13,fixés,fixées,11,M,S,fixés,-8.101381,fixées,-10.728062,1
9442,P_NOUN_8_PASS_b,M,P,les paniers avec le chargeur que j' aime beaucoup ne sont probablement pas jetés <eos>,13,jetés,jetées,11,M,S,jetés,-8.251856,jetées,-11.566252,1
9443,P_NOUN_8_PASS_b,M,P,les paniers avec le chargeur que j' aime beaucoup ne sont probablement pas laissés <eos>,13,laissés,laissées,11,M,S,laissés,-8.116221,laissées,-11.304398,1
9444,P_NOUN_8_PASS_b,M,P,les paniers avec le chargeur que j' aime beaucoup ne sont probablement pas ouverts <eos>,13,ouverts,ouvertes,11,M,S,ouverts,-8.168177,ouvertes,-11.271316,1
9445,P_NOUN_8_PASS_b,M,P,les paniers avec le chargeur que j' aime beaucoup ne sont probablement pas perdus <eos>,13,perdus,perdues,11,M,S,perdus,-7.0060215,perdues,-10.143119,1
9446,P_NOUN_8_PASS_b,M,P,les paniers avec le chargeur que j' aime beaucoup ne sont probablement pas réparés <eos>,13,réparés,réparées,11,M,S,réparés,-10.651462,réparées,-11.980678,1
9447,P_NOUN_8_PASS_b,M,P,les paniers avec le chargeur que j' aime beaucoup ne sont probablement pas retirés <eos>,13,retirés,retirées,11,M,S,retirés,-7.831115,retirées,-10.66594,1
9448,P_NOUN_8_PASS_b,M,P,les paniers avec le chargeur que j' aime beaucoup ne sont probablement pas tombés <eos>,13,tombés,tombées,11,M,S,tombés,-7.0306015,tombées,-10.993538,1
9449,P_NOUN_8_PASS_b,M,P,les paniers avec le chargeur que j' aime beaucoup ne sont probablement pas utilisés <eos>,13,utilisés,utilisées,11,M,S,utilisés,-3.9762204,utilisées,-7.6676645,1
9450,P_NOUN_8_PASS_b,M,P,les paniers avec le vase que j' aime beaucoup ne sont probablement pas achetés <eos>,13,achetés,achetées,11,M,S,achetés,-8.733249,achetées,-13.195363,1
9451,P_NOUN_8_PASS_b,M,P,les paniers avec le vase que j' aime beaucoup ne sont probablement pas brisés <eos>,13,brisés,brisées,11,M,S,brisés,-10.174131,brisées,-11.675474,1
9452,P_NOUN_8_PASS_b,M,P,les paniers avec le vase que j' aime beaucoup ne sont probablement pas cachés <eos>,13,cachés,cachées,11,M,S,cachés,-7.7892847,cachées,-11.09423,1
9453,P_NOUN_8_PASS_b,M,P,les paniers avec le vase que j' aime beaucoup ne sont probablement pas cassés <eos>,13,cassés,cassées,11,M,S,cassés,-9.09563,cassées,-10.896552,1
9454,P_NOUN_8_PASS_b,M,P,les paniers avec le vase que j' aime beaucoup ne sont probablement pas couverts <eos>,13,couverts,couvertes,11,M,S,couverts,-6.5936556,couvertes,-10.651913,1
9455,P_NOUN_8_PASS_b,M,P,les paniers avec le vase que j' aime beaucoup ne sont probablement pas déformés <eos>,13,déformés,déformées,11,M,S,déformés,-11.282564,déformées,-10.984747,0
9456,P_NOUN_8_PASS_b,M,P,les paniers avec le vase que j' aime beaucoup ne sont probablement pas fixés <eos>,13,fixés,fixées,11,M,S,fixés,-8.040935,fixées,-11.316812,1
9457,P_NOUN_8_PASS_b,M,P,les paniers avec le vase que j' aime beaucoup ne sont probablement pas jetés <eos>,13,jetés,jetées,11,M,S,jetés,-7.8165007,jetées,-11.134329,1
9458,P_NOUN_8_PASS_b,M,P,les paniers avec le vase que j' aime beaucoup ne sont probablement pas laissés <eos>,13,laissés,laissées,11,M,S,laissés,-7.782052,laissées,-11.17264,1
9459,P_NOUN_8_PASS_b,M,P,les paniers avec le vase que j' aime beaucoup ne sont probablement pas ouverts <eos>,13,ouverts,ouvertes,11,M,S,ouverts,-7.439619,ouvertes,-10.991649,1
9460,P_NOUN_8_PASS_b,M,P,les paniers avec le vase que j' aime beaucoup ne sont probablement pas perdus <eos>,13,perdus,perdues,11,M,S,perdus,-6.474558,perdues,-10.251627,1
9461,P_NOUN_8_PASS_b,M,P,les paniers avec le vase que j' aime beaucoup ne sont probablement pas réparés <eos>,13,réparés,réparées,11,M,S,réparés,-10.063835,réparées,-11.676084,1
9462,P_NOUN_8_PASS_b,M,P,les paniers avec le vase que j' aime beaucoup ne sont probablement pas retirés <eos>,13,retirés,retirées,11,M,S,retirés,-8.606829,retirées,-10.848556,1
9463,P_NOUN_8_PASS_b,M,P,les paniers avec le vase que j' aime beaucoup ne sont probablement pas tombés <eos>,13,tombés,tombées,11,M,S,tombés,-6.746227,tombées,-10.292868,1
9464,P_NOUN_8_PASS_b,M,P,les paniers avec le vase que j' aime beaucoup ne sont probablement pas utilisés <eos>,13,utilisés,utilisées,11,M,S,utilisés,-5.04504,utilisées,-8.579141,1
9465,P_NOUN_8_PASS_b,M,P,les paniers avec le panier que j' aime beaucoup ne sont probablement pas achetés <eos>,13,achetés,achetées,11,M,S,achetés,-8.735327,achetées,-12.879252,1
9466,P_NOUN_8_PASS_b,M,P,les paniers avec le panier que j' aime beaucoup ne sont probablement pas brisés <eos>,13,brisés,brisées,11,M,S,brisés,-10.390755,brisées,-11.740717,1
9467,P_NOUN_8_PASS_b,M,P,les paniers avec le panier que j' aime beaucoup ne sont probablement pas cachés <eos>,13,cachés,cachées,11,M,S,cachés,-8.067913,cachées,-11.68799,1
9468,P_NOUN_8_PASS_b,M,P,les paniers avec le panier que j' aime beaucoup ne sont probablement pas cassés <eos>,13,cassés,cassées,11,M,S,cassés,-9.511235,cassées,-10.786205,1
9469,P_NOUN_8_PASS_b,M,P,les paniers avec le panier que j' aime beaucoup ne sont probablement pas couverts <eos>,13,couverts,couvertes,11,M,S,couverts,-6.7420387,couvertes,-10.945527,1
9470,P_NOUN_8_PASS_b,M,P,les paniers avec le panier que j' aime beaucoup ne sont probablement pas déformés <eos>,13,déformés,déformées,11,M,S,déformés,-11.871398,déformées,-11.399748,0
9471,P_NOUN_8_PASS_b,M,P,les paniers avec le panier que j' aime beaucoup ne sont probablement pas fixés <eos>,13,fixés,fixées,11,M,S,fixés,-7.7314687,fixées,-11.148125,1
9472,P_NOUN_8_PASS_b,M,P,les paniers avec le panier que j' aime beaucoup ne sont probablement pas jetés <eos>,13,jetés,jetées,11,M,S,jetés,-8.079881,jetées,-11.477795,1
9473,P_NOUN_8_PASS_b,M,P,les paniers avec le panier que j' aime beaucoup ne sont probablement pas laissés <eos>,13,laissés,laissées,11,M,S,laissés,-8.151855,laissées,-11.322065,1
9474,P_NOUN_8_PASS_b,M,P,les paniers avec le panier que j' aime beaucoup ne sont probablement pas ouverts <eos>,13,ouverts,ouvertes,11,M,S,ouverts,-7.7463036,ouvertes,-11.453754,1
9475,P_NOUN_8_PASS_b,M,P,les paniers avec le panier que j' aime beaucoup ne sont probablement pas perdus <eos>,13,perdus,perdues,11,M,S,perdus,-6.692811,perdues,-10.357572,1
9476,P_NOUN_8_PASS_b,M,P,les paniers avec le panier que j' aime beaucoup ne sont probablement pas réparés <eos>,13,réparés,réparées,11,M,S,réparés,-10.63941,réparées,-12.083387,1
9477,P_NOUN_8_PASS_b,M,P,les paniers avec le panier que j' aime beaucoup ne sont probablement pas retirés <eos>,13,retirés,retirées,11,M,S,retirés,-8.529549,retirées,-10.929976,1
9478,P_NOUN_8_PASS_b,M,P,les paniers avec le panier que j' aime beaucoup ne sont probablement pas tombés <eos>,13,tombés,tombées,11,M,S,tombés,-6.992978,tombées,-11.017659,1
9479,P_NOUN_8_PASS_b,M,P,les paniers avec le panier que j' aime beaucoup ne sont probablement pas utilisés <eos>,13,utilisés,utilisées,11,M,S,utilisés,-4.6807823,utilisées,-8.37732,1
9480,P_NOUN_8_PASS_b,M,P,les paniers avec le collier que j' aime beaucoup ne sont probablement pas achetés <eos>,13,achetés,achetées,11,M,S,achetés,-9.137771,achetées,-13.466262,1
9481,P_NOUN_8_PASS_b,M,P,les paniers avec le collier que j' aime beaucoup ne sont probablement pas brisés <eos>,13,brisés,brisées,11,M,S,brisés,-10.392387,brisées,-11.698364,1
9482,P_NOUN_8_PASS_b,M,P,les paniers avec le collier que j' aime beaucoup ne sont probablement pas cachés <eos>,13,cachés,cachées,11,M,S,cachés,-7.940527,cachées,-11.284529,1
9483,P_NOUN_8_PASS_b,M,P,les paniers avec le collier que j' aime beaucoup ne sont probablement pas cassés <eos>,13,cassés,cassées,11,M,S,cassés,-9.687415,cassées,-10.678828,1
9484,P_NOUN_8_PASS_b,M,P,les paniers avec le collier que j' aime beaucoup ne sont probablement pas couverts <eos>,13,couverts,couvertes,11,M,S,couverts,-7.0380464,couvertes,-11.285402,1
9485,P_NOUN_8_PASS_b,M,P,les paniers avec le collier que j' aime beaucoup ne sont probablement pas déformés <eos>,13,déformés,déformées,11,M,S,déformés,-11.543116,déformées,-11.264574,0
9486,P_NOUN_8_PASS_b,M,P,les paniers avec le collier que j' aime beaucoup ne sont probablement pas fixés <eos>,13,fixés,fixées,11,M,S,fixés,-8.12838,fixées,-11.103416,1
9487,P_NOUN_8_PASS_b,M,P,les paniers avec le collier que j' aime beaucoup ne sont probablement pas jetés <eos>,13,jetés,jetées,11,M,S,jetés,-7.9108915,jetées,-11.310878,1
9488,P_NOUN_8_PASS_b,M,P,les paniers avec le collier que j' aime beaucoup ne sont probablement pas laissés <eos>,13,laissés,laissées,11,M,S,laissés,-8.382715,laissées,-11.627468,1
9489,P_NOUN_8_PASS_b,M,P,les paniers avec le collier que j' aime beaucoup ne sont probablement pas ouverts <eos>,13,ouverts,ouvertes,11,M,S,ouverts,-8.098642,ouvertes,-11.720835,1
9490,P_NOUN_8_PASS_b,M,P,les paniers avec le collier que j' aime beaucoup ne sont probablement pas perdus <eos>,13,perdus,perdues,11,M,S,perdus,-6.985698,perdues,-10.520477,1
9491,P_NOUN_8_PASS_b,M,P,les paniers avec le collier que j' aime beaucoup ne sont probablement pas réparés <eos>,13,réparés,réparées,11,M,S,réparés,-11.003468,réparées,-12.565561,1
9492,P_NOUN_8_PASS_b,M,P,les paniers avec le collier que j' aime beaucoup ne sont probablement pas retirés <eos>,13,retirés,retirées,11,M,S,retirés,-8.740944,retirées,-11.311499,1
9493,P_NOUN_8_PASS_b,M,P,les paniers avec le collier que j' aime beaucoup ne sont probablement pas tombés <eos>,13,tombés,tombées,11,M,S,tombés,-6.616272,tombées,-10.973575,1
9494,P_NOUN_8_PASS_b,M,P,les paniers avec le collier que j' aime beaucoup ne sont probablement pas utilisés <eos>,13,utilisés,utilisées,11,M,S,utilisés,-4.7643347,utilisées,-8.559734,1
9495,P_NOUN_8_PASS_b,M,P,les paniers avec le chapeau que j' aime beaucoup ne sont probablement pas achetés <eos>,13,achetés,achetées,11,M,S,achetés,-9.098346,achetées,-13.395128,1
9496,P_NOUN_8_PASS_b,M,P,les paniers avec le chapeau que j' aime beaucoup ne sont probablement pas brisés <eos>,13,brisés,brisées,11,M,S,brisés,-10.39231,brisées,-11.767297,1
9497,P_NOUN_8_PASS_b,M,P,les paniers avec le chapeau que j' aime beaucoup ne sont probablement pas cachés <eos>,13,cachés,cachées,11,M,S,cachés,-7.7033806,cachées,-10.903295,1
9498,P_NOUN_8_PASS_b,M,P,les paniers avec le chapeau que j' aime beaucoup ne sont probablement pas cassés <eos>,13,cassés,cassées,11,M,S,cassés,-9.497933,cassées,-10.471022,1
9499,P_NOUN_8_PASS_b,M,P,les paniers avec le chapeau que j' aime beaucoup ne sont probablement pas couverts <eos>,13,couverts,couvertes,11,M,S,couverts,-6.7544937,couvertes,-10.734851,1
9500,P_NOUN_8_PASS_b,M,P,les paniers avec le chapeau que j' aime beaucoup ne sont probablement pas déformés <eos>,13,déformés,déformées,11,M,S,déformés,-11.423859,déformées,-10.975246,0
9501,P_NOUN_8_PASS_b,M,P,les paniers avec le chapeau que j' aime beaucoup ne sont probablement pas fixés <eos>,13,fixés,fixées,11,M,S,fixés,-8.400407,fixées,-11.418588,1
9502,P_NOUN_8_PASS_b,M,P,les paniers avec le chapeau que j' aime beaucoup ne sont probablement pas jetés <eos>,13,jetés,jetées,11,M,S,jetés,-7.9786587,jetées,-11.190159,1
9503,P_NOUN_8_PASS_b,M,P,les paniers avec le chapeau que j' aime beaucoup ne sont probablement pas laissés <eos>,13,laissés,laissées,11,M,S,laissés,-8.236528,laissées,-11.497337,1
9504,P_NOUN_8_PASS_b,M,P,les paniers avec le chapeau que j' aime beaucoup ne sont probablement pas ouverts <eos>,13,ouverts,ouvertes,11,M,S,ouverts,-7.6703944,ouvertes,-11.134424,1
9505,P_NOUN_8_PASS_b,M,P,les paniers avec le chapeau que j' aime beaucoup ne sont probablement pas perdus <eos>,13,perdus,perdues,11,M,S,perdus,-7.074623,perdues,-10.531321,1
9506,P_NOUN_8_PASS_b,M,P,les paniers avec le chapeau que j' aime beaucoup ne sont probablement pas réparés <eos>,13,réparés,réparées,11,M,S,réparés,-11.022779,réparées,-12.41947,1
9507,P_NOUN_8_PASS_b,M,P,les paniers avec le chapeau que j' aime beaucoup ne sont probablement pas retirés <eos>,13,retirés,retirées,11,M,S,retirés,-8.80766,retirées,-11.1117325,1
9508,P_NOUN_8_PASS_b,M,P,les paniers avec le chapeau que j' aime beaucoup ne sont probablement pas tombés <eos>,13,tombés,tombées,11,M,S,tombés,-6.8102055,tombées,-10.64221,1
9509,P_NOUN_8_PASS_b,M,P,les paniers avec le chapeau que j' aime beaucoup ne sont probablement pas utilisés <eos>,13,utilisés,utilisées,11,M,S,utilisés,-4.9361525,utilisées,-8.377246,1
9510,P_NOUN_8_PASS_b,M,P,les paniers avec le pot que j' aime beaucoup ne sont probablement pas achetés <eos>,13,achetés,achetées,11,M,S,achetés,-8.912092,achetées,-13.269432,1
9511,P_NOUN_8_PASS_b,M,P,les paniers avec le pot que j' aime beaucoup ne sont probablement pas brisés <eos>,13,brisés,brisées,11,M,S,brisés,-10.320824,brisées,-11.824604,1
9512,P_NOUN_8_PASS_b,M,P,les paniers avec le pot que j' aime beaucoup ne sont probablement pas cachés <eos>,13,cachés,cachées,11,M,S,cachés,-7.8909173,cachées,-11.358082,1
9513,P_NOUN_8_PASS_b,M,P,les paniers avec le pot que j' aime beaucoup ne sont probablement pas cassés <eos>,13,cassés,cassées,11,M,S,cassés,-9.340279,cassées,-10.687809,1
9514,P_NOUN_8_PASS_b,M,P,les paniers avec le pot que j' aime beaucoup ne sont probablement pas couverts <eos>,13,couverts,couvertes,11,M,S,couverts,-6.523728,couvertes,-10.688232,1
9515,P_NOUN_8_PASS_b,M,P,les paniers avec le pot que j' aime beaucoup ne sont probablement pas déformés <eos>,13,déformés,déformées,11,M,S,déformés,-11.616164,déformées,-11.363486,0
9516,P_NOUN_8_PASS_b,M,P,les paniers avec le pot que j' aime beaucoup ne sont probablement pas fixés <eos>,13,fixés,fixées,11,M,S,fixés,-7.91695,fixées,-11.178689,1
9517,P_NOUN_8_PASS_b,M,P,les paniers avec le pot que j' aime beaucoup ne sont probablement pas jetés <eos>,13,jetés,jetées,11,M,S,jetés,-8.15735,jetées,-11.3281,1
9518,P_NOUN_8_PASS_b,M,P,les paniers avec le pot que j' aime beaucoup ne sont probablement pas laissés <eos>,13,laissés,laissées,11,M,S,laissés,-8.108285,laissées,-11.252972,1
9519,P_NOUN_8_PASS_b,M,P,les paniers avec le pot que j' aime beaucoup ne sont probablement pas ouverts <eos>,13,ouverts,ouvertes,11,M,S,ouverts,-7.923008,ouvertes,-11.4686775,1
9520,P_NOUN_8_PASS_b,M,P,les paniers avec le pot que j' aime beaucoup ne sont probablement pas perdus <eos>,13,perdus,perdues,11,M,S,perdus,-6.974352,perdues,-10.5760145,1
9521,P_NOUN_8_PASS_b,M,P,les paniers avec le pot que j' aime beaucoup ne sont probablement pas réparés <eos>,13,réparés,réparées,11,M,S,réparés,-10.460322,réparées,-12.067843,1
9522,P_NOUN_8_PASS_b,M,P,les paniers avec le pot que j' aime beaucoup ne sont probablement pas retirés <eos>,13,retirés,retirées,11,M,S,retirés,-8.727043,retirées,-10.914738,1
9523,P_NOUN_8_PASS_b,M,P,les paniers avec le pot que j' aime beaucoup ne sont probablement pas tombés <eos>,13,tombés,tombées,11,M,S,tombés,-6.8341045,tombées,-10.580439,1
9524,P_NOUN_8_PASS_b,M,P,les paniers avec le pot que j' aime beaucoup ne sont probablement pas utilisés <eos>,13,utilisés,utilisées,11,M,S,utilisés,-4.6780796,utilisées,-8.38504,1
9525,P_NOUN_8_PASS_b,M,P,les paniers avec le coussin que j' aime beaucoup ne sont probablement pas achetés <eos>,13,achetés,achetées,11,M,S,achetés,-9.443694,achetées,-13.575343,1
9526,P_NOUN_8_PASS_b,M,P,les paniers avec le coussin que j' aime beaucoup ne sont probablement pas brisés <eos>,13,brisés,brisées,11,M,S,brisés,-10.304209,brisées,-11.752075,1
9527,P_NOUN_8_PASS_b,M,P,les paniers avec le coussin que j' aime beaucoup ne sont probablement pas cachés <eos>,13,cachés,cachées,11,M,S,cachés,-7.8713026,cachées,-11.312386,1
9528,P_NOUN_8_PASS_b,M,P,les paniers avec le coussin que j' aime beaucoup ne sont probablement pas cassés <eos>,13,cassés,cassées,11,M,S,cassés,-9.734488,cassées,-10.53117,1
9529,P_NOUN_8_PASS_b,M,P,les paniers avec le coussin que j' aime beaucoup ne sont probablement pas couverts <eos>,13,couverts,couvertes,11,M,S,couverts,-7.0631537,couvertes,-10.687929,1
9530,P_NOUN_8_PASS_b,M,P,les paniers avec le coussin que j' aime beaucoup ne sont probablement pas déformés <eos>,13,déformés,déformées,11,M,S,déformés,-11.599061,déformées,-11.075304,0
9531,P_NOUN_8_PASS_b,M,P,les paniers avec le coussin que j' aime beaucoup ne sont probablement pas fixés <eos>,13,fixés,fixées,11,M,S,fixés,-7.87463,fixées,-10.826687,1
9532,P_NOUN_8_PASS_b,M,P,les paniers avec le coussin que j' aime beaucoup ne sont probablement pas jetés <eos>,13,jetés,jetées,11,M,S,jetés,-8.307291,jetées,-11.377866,1
9533,P_NOUN_8_PASS_b,M,P,les paniers avec le coussin que j' aime beaucoup ne sont probablement pas laissés <eos>,13,laissés,laissées,11,M,S,laissés,-8.431954,laissées,-11.386801,1
9534,P_NOUN_8_PASS_b,M,P,les paniers avec le coussin que j' aime beaucoup ne sont probablement pas ouverts <eos>,13,ouverts,ouvertes,11,M,S,ouverts,-7.986043,ouvertes,-11.35352,1
9535,P_NOUN_8_PASS_b,M,P,les paniers avec le coussin que j' aime beaucoup ne sont probablement pas perdus <eos>,13,perdus,perdues,11,M,S,perdus,-7.275014,perdues,-10.741626,1
9536,P_NOUN_8_PASS_b,M,P,les paniers avec le coussin que j' aime beaucoup ne sont probablement pas réparés <eos>,13,réparés,réparées,11,M,S,réparés,-11.071323,réparées,-12.527199,1
9537,P_NOUN_8_PASS_b,M,P,les paniers avec le coussin que j' aime beaucoup ne sont probablement pas retirés <eos>,13,retirés,retirées,11,M,S,retirés,-8.724151,retirées,-11.062793,1
9538,P_NOUN_8_PASS_b,M,P,les paniers avec le coussin que j' aime beaucoup ne sont probablement pas tombés <eos>,13,tombés,tombées,11,M,S,tombés,-7.063401,tombées,-10.966935,1
9539,P_NOUN_8_PASS_b,M,P,les paniers avec le coussin que j' aime beaucoup ne sont probablement pas utilisés <eos>,13,utilisés,utilisées,11,M,S,utilisés,-4.54503,utilisées,-8.181196,1
9540,P_NOUN_8_PASS_b,M,P,les paniers avec le jouet que j' aime beaucoup ne sont probablement pas achetés <eos>,13,achetés,achetées,11,M,S,achetés,-9.109085,achetées,-13.740974,1
9541,P_NOUN_8_PASS_b,M,P,les paniers avec le jouet que j' aime beaucoup ne sont probablement pas brisés <eos>,13,brisés,brisées,11,M,S,brisés,-10.219409,brisées,-11.676135,1
9542,P_NOUN_8_PASS_b,M,P,les paniers avec le jouet que j' aime beaucoup ne sont probablement pas cachés <eos>,13,cachés,cachées,11,M,S,cachés,-7.9344063,cachées,-11.113037,1
9543,P_NOUN_8_PASS_b,M,P,les paniers avec le jouet que j' aime beaucoup ne sont probablement pas cassés <eos>,13,cassés,cassées,11,M,S,cassés,-9.664118,cassées,-10.72444,1
9544,P_NOUN_8_PASS_b,M,P,les paniers avec le jouet que j' aime beaucoup ne sont probablement pas couverts <eos>,13,couverts,couvertes,11,M,S,couverts,-7.1227007,couvertes,-11.085957,1
9545,P_NOUN_8_PASS_b,M,P,les paniers avec le jouet que j' aime beaucoup ne sont probablement pas déformés <eos>,13,déformés,déformées,11,M,S,déformés,-11.327454,déformées,-11.04951,0
9546,P_NOUN_8_PASS_b,M,P,les paniers avec le jouet que j' aime beaucoup ne sont probablement pas fixés <eos>,13,fixés,fixées,11,M,S,fixés,-8.080155,fixées,-11.100803,1
9547,P_NOUN_8_PASS_b,M,P,les paniers avec le jouet que j' aime beaucoup ne sont probablement pas jetés <eos>,13,jetés,jetées,11,M,S,jetés,-8.228228,jetées,-11.507644,1
9548,P_NOUN_8_PASS_b,M,P,les paniers avec le jouet que j' aime beaucoup ne sont probablement pas laissés <eos>,13,laissés,laissées,11,M,S,laissés,-8.518221,laissées,-11.562948,1
9549,P_NOUN_8_PASS_b,M,P,les paniers avec le jouet que j' aime beaucoup ne sont probablement pas ouverts <eos>,13,ouverts,ouvertes,11,M,S,ouverts,-7.870556,ouvertes,-11.434935,1
9550,P_NOUN_8_PASS_b,M,P,les paniers avec le jouet que j' aime beaucoup ne sont probablement pas perdus <eos>,13,perdus,perdues,11,M,S,perdus,-7.1170735,perdues,-10.7699585,1
9551,P_NOUN_8_PASS_b,M,P,les paniers avec le jouet que j' aime beaucoup ne sont probablement pas réparés <eos>,13,réparés,réparées,11,M,S,réparés,-11.412455,réparées,-12.706404,1
9552,P_NOUN_8_PASS_b,M,P,les paniers avec le jouet que j' aime beaucoup ne sont probablement pas retirés <eos>,13,retirés,retirées,11,M,S,retirés,-9.045286,retirées,-11.252282,1
9553,P_NOUN_8_PASS_b,M,P,les paniers avec le jouet que j' aime beaucoup ne sont probablement pas tombés <eos>,13,tombés,tombées,11,M,S,tombés,-7.3064747,tombées,-11.071206,1
9554,P_NOUN_8_PASS_b,M,P,les paniers avec le jouet que j' aime beaucoup ne sont probablement pas utilisés <eos>,13,utilisés,utilisées,11,M,S,utilisés,-4.8164015,utilisées,-8.415929,1
9555,P_NOUN_8_PASS_b,M,P,les paniers avec le clou que j' aime beaucoup ne sont probablement pas achetés <eos>,13,achetés,achetées,11,M,S,achetés,-9.147312,achetées,-13.308926,1
9556,P_NOUN_8_PASS_b,M,P,les paniers avec le clou que j' aime beaucoup ne sont probablement pas brisés <eos>,13,brisés,brisées,11,M,S,brisés,-10.2523,brisées,-11.688831,1
9557,P_NOUN_8_PASS_b,M,P,les paniers avec le clou que j' aime beaucoup ne sont probablement pas cachés <eos>,13,cachés,cachées,11,M,S,cachés,-8.09397,cachées,-11.153774,1
9558,P_NOUN_8_PASS_b,M,P,les paniers avec le clou que j' aime beaucoup ne sont probablement pas cassés <eos>,13,cassés,cassées,11,M,S,cassés,-9.349753,cassées,-10.5252495,1
9559,P_NOUN_8_PASS_b,M,P,les paniers avec le clou que j' aime beaucoup ne sont probablement pas couverts <eos>,13,couverts,couvertes,11,M,S,couverts,-6.9003596,couvertes,-10.725248,1
9560,P_NOUN_8_PASS_b,M,P,les paniers avec le clou que j' aime beaucoup ne sont probablement pas déformés <eos>,13,déformés,déformées,11,M,S,déformés,-11.327483,déformées,-11.100631,0
9561,P_NOUN_8_PASS_b,M,P,les paniers avec le clou que j' aime beaucoup ne sont probablement pas fixés <eos>,13,fixés,fixées,11,M,S,fixés,-8.132801,fixées,-11.086622,1
9562,P_NOUN_8_PASS_b,M,P,les paniers avec le clou que j' aime beaucoup ne sont probablement pas jetés <eos>,13,jetés,jetées,11,M,S,jetés,-8.320459,jetées,-11.556332,1
9563,P_NOUN_8_PASS_b,M,P,les paniers avec le clou que j' aime beaucoup ne sont probablement pas laissés <eos>,13,laissés,laissées,11,M,S,laissés,-8.359789,laissées,-11.531093,1
9564,P_NOUN_8_PASS_b,M,P,les paniers avec le clou que j' aime beaucoup ne sont probablement pas ouverts <eos>,13,ouverts,ouvertes,11,M,S,ouverts,-7.9112897,ouvertes,-11.213442,1
9565,P_NOUN_8_PASS_b,M,P,les paniers avec le clou que j' aime beaucoup ne sont probablement pas perdus <eos>,13,perdus,perdues,11,M,S,perdus,-6.953735,perdues,-10.48937,1
9566,P_NOUN_8_PASS_b,M,P,les paniers avec le clou que j' aime beaucoup ne sont probablement pas réparés <eos>,13,réparés,réparées,11,M,S,réparés,-10.926564,réparées,-12.098844,1
9567,P_NOUN_8_PASS_b,M,P,les paniers avec le clou que j' aime beaucoup ne sont probablement pas retirés <eos>,13,retirés,retirées,11,M,S,retirés,-8.821704,retirées,-10.856818,1
9568,P_NOUN_8_PASS_b,M,P,les paniers avec le clou que j' aime beaucoup ne sont probablement pas tombés <eos>,13,tombés,tombées,11,M,S,tombés,-6.8767023,tombées,-10.6257305,1
9569,P_NOUN_8_PASS_b,M,P,les paniers avec le clou que j' aime beaucoup ne sont probablement pas utilisés <eos>,13,utilisés,utilisées,11,M,S,utilisés,-5.0184956,utilisées,-8.491988,1
9570,P_NOUN_8_PASS_b,M,P,les paniers avec le billet que j' aime beaucoup ne sont probablement pas achetés <eos>,13,achetés,achetées,11,M,S,achetés,-8.890093,achetées,-12.641985,1
9571,P_NOUN_8_PASS_b,M,P,les paniers avec le billet que j' aime beaucoup ne sont probablement pas brisés <eos>,13,brisés,brisées,11,M,S,brisés,-11.081194,brisées,-12.1181755,1
9572,P_NOUN_8_PASS_b,M,P,les paniers avec le billet que j' aime beaucoup ne sont probablement pas cachés <eos>,13,cachés,cachées,11,M,S,cachés,-7.683323,cachées,-11.402247,1
9573,P_NOUN_8_PASS_b,M,P,les paniers avec le billet que j' aime beaucoup ne sont probablement pas cassés <eos>,13,cassés,cassées,11,M,S,cassés,-10.008386,cassées,-11.055863,1
9574,P_NOUN_8_PASS_b,M,P,les paniers avec le billet que j' aime beaucoup ne sont probablement pas couverts <eos>,13,couverts,couvertes,11,M,S,couverts,-7.1693974,couvertes,-11.4435005,1
9575,P_NOUN_8_PASS_b,M,P,les paniers avec le billet que j' aime beaucoup ne sont probablement pas déformés <eos>,13,déformés,déformées,11,M,S,déformés,-12.024687,déformées,-11.56949,0
9576,P_NOUN_8_PASS_b,M,P,les paniers avec le billet que j' aime beaucoup ne sont probablement pas fixés <eos>,13,fixés,fixées,11,M,S,fixés,-7.891597,fixées,-10.9621725,1
9577,P_NOUN_8_PASS_b,M,P,les paniers avec le billet que j' aime beaucoup ne sont probablement pas jetés <eos>,13,jetés,jetées,11,M,S,jetés,-8.181893,jetées,-11.473352,1
9578,P_NOUN_8_PASS_b,M,P,les paniers avec le billet que j' aime beaucoup ne sont probablement pas laissés <eos>,13,laissés,laissées,11,M,S,laissés,-8.664579,laissées,-11.551369,1
9579,P_NOUN_8_PASS_b,M,P,les paniers avec le billet que j' aime beaucoup ne sont probablement pas ouverts <eos>,13,ouverts,ouvertes,11,M,S,ouverts,-8.054995,ouvertes,-11.83437,1
9580,P_NOUN_8_PASS_b,M,P,les paniers avec le billet que j' aime beaucoup ne sont probablement pas perdus <eos>,13,perdus,perdues,11,M,S,perdus,-6.8549156,perdues,-10.084983,1
9581,P_NOUN_8_PASS_b,M,P,les paniers avec le billet que j' aime beaucoup ne sont probablement pas réparés <eos>,13,réparés,réparées,11,M,S,réparés,-11.346955,réparées,-12.522185,1
9582,P_NOUN_8_PASS_b,M,P,les paniers avec le billet que j' aime beaucoup ne sont probablement pas retirés <eos>,13,retirés,retirées,11,M,S,retirés,-8.443267,retirées,-10.858688,1
9583,P_NOUN_8_PASS_b,M,P,les paniers avec le billet que j' aime beaucoup ne sont probablement pas tombés <eos>,13,tombés,tombées,11,M,S,tombés,-6.9783654,tombées,-10.988121,1
9584,P_NOUN_8_PASS_b,M,P,les paniers avec le billet que j' aime beaucoup ne sont probablement pas utilisés <eos>,13,utilisés,utilisées,11,M,S,utilisés,-4.7580605,utilisées,-8.258578,1
9585,P_NOUN_8_PASS_b,M,P,les paniers avec le légume que j' aime beaucoup ne sont probablement pas achetés <eos>,13,achetés,achetées,11,M,S,achetés,-8.92259,achetées,-13.593344,1
9586,P_NOUN_8_PASS_b,M,P,les paniers avec le légume que j' aime beaucoup ne sont probablement pas brisés <eos>,13,brisés,brisées,11,M,S,brisés,-10.532019,brisées,-12.015223,1
9587,P_NOUN_8_PASS_b,M,P,les paniers avec le légume que j' aime beaucoup ne sont probablement pas cachés <eos>,13,cachés,cachées,11,M,S,cachés,-8.545951,cachées,-11.863367,1
9588,P_NOUN_8_PASS_b,M,P,les paniers avec le légume que j' aime beaucoup ne sont probablement pas cassés <eos>,13,cassés,cassées,11,M,S,cassés,-9.255831,cassées,-10.897694,1
9589,P_NOUN_8_PASS_b,M,P,les paniers avec le légume que j' aime beaucoup ne sont probablement pas couverts <eos>,13,couverts,couvertes,11,M,S,couverts,-6.136672,couvertes,-10.641104,1
9590,P_NOUN_8_PASS_b,M,P,les paniers avec le légume que j' aime beaucoup ne sont probablement pas déformés <eos>,13,déformés,déformées,11,M,S,déformés,-11.973343,déformées,-11.949409,0
9591,P_NOUN_8_PASS_b,M,P,les paniers avec le légume que j' aime beaucoup ne sont probablement pas fixés <eos>,13,fixés,fixées,11,M,S,fixés,-8.359423,fixées,-11.614635,1
9592,P_NOUN_8_PASS_b,M,P,les paniers avec le légume que j' aime beaucoup ne sont probablement pas jetés <eos>,13,jetés,jetées,11,M,S,jetés,-8.985966,jetées,-11.524544,1
9593,P_NOUN_8_PASS_b,M,P,les paniers avec le légume que j' aime beaucoup ne sont probablement pas laissés <eos>,13,laissés,laissées,11,M,S,laissés,-8.003937,laissées,-11.150131,1
9594,P_NOUN_8_PASS_b,M,P,les paniers avec le légume que j' aime beaucoup ne sont probablement pas ouverts <eos>,13,ouverts,ouvertes,11,M,S,ouverts,-7.5684714,ouvertes,-11.415157,1
9595,P_NOUN_8_PASS_b,M,P,les paniers avec le légume que j' aime beaucoup ne sont probablement pas perdus <eos>,13,perdus,perdues,11,M,S,perdus,-7.2308683,perdues,-10.826148,1
9596,P_NOUN_8_PASS_b,M,P,les paniers avec le légume que j' aime beaucoup ne sont probablement pas réparés <eos>,13,réparés,réparées,11,M,S,réparés,-10.746082,réparées,-12.71449,1
9597,P_NOUN_8_PASS_b,M,P,les paniers avec le légume que j' aime beaucoup ne sont probablement pas retirés <eos>,13,retirés,retirées,11,M,S,retirés,-8.979286,retirées,-11.5382595,1
9598,P_NOUN_8_PASS_b,M,P,les paniers avec le légume que j' aime beaucoup ne sont probablement pas tombés <eos>,13,tombés,tombées,11,M,S,tombés,-7.071471,tombées,-10.750315,1
9599,P_NOUN_8_PASS_b,M,P,les paniers avec le légume que j' aime beaucoup ne sont probablement pas utilisés <eos>,13,utilisés,utilisées,11,M,S,utilisés,-4.9584656,utilisées,-8.596813,1
9600,P_NOUN_8_PASS_b,M,P,les colliers avec le bracelet que j' aime beaucoup ne sont probablement pas achetés <eos>,13,achetés,achetées,11,M,S,achetés,-9.216999,achetées,-13.128596,1
9601,P_NOUN_8_PASS_b,M,P,les colliers avec le bracelet que j' aime beaucoup ne sont probablement pas brisés <eos>,13,brisés,brisées,11,M,S,brisés,-9.646066,brisées,-10.725737,1
9602,P_NOUN_8_PASS_b,M,P,les colliers avec le bracelet que j' aime beaucoup ne sont probablement pas cachés <eos>,13,cachés,cachées,11,M,S,cachés,-7.8238764,cachées,-11.700527,1
9603,P_NOUN_8_PASS_b,M,P,les colliers avec le bracelet que j' aime beaucoup ne sont probablement pas cassés <eos>,13,cassés,cassées,11,M,S,cassés,-8.774148,cassées,-10.5286665,1
9604,P_NOUN_8_PASS_b,M,P,les colliers avec le bracelet que j' aime beaucoup ne sont probablement pas couverts <eos>,13,couverts,couvertes,11,M,S,couverts,-7.2118073,couvertes,-11.429047,1
9605,P_NOUN_8_PASS_b,M,P,les colliers avec le bracelet que j' aime beaucoup ne sont probablement pas déformés <eos>,13,déformés,déformées,11,M,S,déformés,-11.053468,déformées,-10.430675,0
9606,P_NOUN_8_PASS_b,M,P,les colliers avec le bracelet que j' aime beaucoup ne sont probablement pas fixés <eos>,13,fixés,fixées,11,M,S,fixés,-7.5354595,fixées,-9.94167,1
9607,P_NOUN_8_PASS_b,M,P,les colliers avec le bracelet que j' aime beaucoup ne sont probablement pas jetés <eos>,13,jetés,jetées,11,M,S,jetés,-7.2097087,jetées,-11.403885,1
9608,P_NOUN_8_PASS_b,M,P,les colliers avec le bracelet que j' aime beaucoup ne sont probablement pas laissés <eos>,13,laissés,laissées,11,M,S,laissés,-8.490885,laissées,-11.13826,1
9609,P_NOUN_8_PASS_b,M,P,les colliers avec le bracelet que j' aime beaucoup ne sont probablement pas ouverts <eos>,13,ouverts,ouvertes,11,M,S,ouverts,-8.533121,ouvertes,-11.939473,1
9610,P_NOUN_8_PASS_b,M,P,les colliers avec le bracelet que j' aime beaucoup ne sont probablement pas perdus <eos>,13,perdus,perdues,11,M,S,perdus,-6.267411,perdues,-10.076337,1
9611,P_NOUN_8_PASS_b,M,P,les colliers avec le bracelet que j' aime beaucoup ne sont probablement pas réparés <eos>,13,réparés,réparées,11,M,S,réparés,-10.8048115,réparées,-12.223467,1
9612,P_NOUN_8_PASS_b,M,P,les colliers avec le bracelet que j' aime beaucoup ne sont probablement pas retirés <eos>,13,retirés,retirées,11,M,S,retirés,-8.013622,retirées,-10.546332,1
9613,P_NOUN_8_PASS_b,M,P,les colliers avec le bracelet que j' aime beaucoup ne sont probablement pas tombés <eos>,13,tombés,tombées,11,M,S,tombés,-6.3192015,tombées,-10.519037,1
9614,P_NOUN_8_PASS_b,M,P,les colliers avec le bracelet que j' aime beaucoup ne sont probablement pas utilisés <eos>,13,utilisés,utilisées,11,M,S,utilisés,-4.4310226,utilisées,-8.166088,1
9615,P_NOUN_8_PASS_b,M,P,les colliers avec le miroir que j' aime beaucoup ne sont probablement pas achetés <eos>,13,achetés,achetées,11,M,S,achetés,-9.468903,achetées,-13.755116,1
9616,P_NOUN_8_PASS_b,M,P,les colliers avec le miroir que j' aime beaucoup ne sont probablement pas brisés <eos>,13,brisés,brisées,11,M,S,brisés,-9.498026,brisées,-11.169308,1
9617,P_NOUN_8_PASS_b,M,P,les colliers avec le miroir que j' aime beaucoup ne sont probablement pas cachés <eos>,13,cachés,cachées,11,M,S,cachés,-7.95522,cachées,-11.530214,1
9618,P_NOUN_8_PASS_b,M,P,les colliers avec le miroir que j' aime beaucoup ne sont probablement pas cassés <eos>,13,cassés,cassées,11,M,S,cassés,-8.809932,cassées,-10.822502,1
9619,P_NOUN_8_PASS_b,M,P,les colliers avec le miroir que j' aime beaucoup ne sont probablement pas couverts <eos>,13,couverts,couvertes,11,M,S,couverts,-7.138339,couvertes,-11.024944,1
9620,P_NOUN_8_PASS_b,M,P,les colliers avec le miroir que j' aime beaucoup ne sont probablement pas déformés <eos>,13,déformés,déformées,11,M,S,déformés,-10.216099,déformées,-9.67926,0
9621,P_NOUN_8_PASS_b,M,P,les colliers avec le miroir que j' aime beaucoup ne sont probablement pas fixés <eos>,13,fixés,fixées,11,M,S,fixés,-8.251577,fixées,-10.42954,1
9622,P_NOUN_8_PASS_b,M,P,les colliers avec le miroir que j' aime beaucoup ne sont probablement pas jetés <eos>,13,jetés,jetées,11,M,S,jetés,-7.950571,jetées,-12.126972,1
9623,P_NOUN_8_PASS_b,M,P,les colliers avec le miroir que j' aime beaucoup ne sont probablement pas laissés <eos>,13,laissés,laissées,11,M,S,laissés,-8.32779,laissées,-10.941509,1
9624,P_NOUN_8_PASS_b,M,P,les colliers avec le miroir que j' aime beaucoup ne sont probablement pas ouverts <eos>,13,ouverts,ouvertes,11,M,S,ouverts,-8.038017,ouvertes,-11.450083,1
9625,P_NOUN_8_PASS_b,M,P,les colliers avec le miroir que j' aime beaucoup ne sont probablement pas perdus <eos>,13,perdus,perdues,11,M,S,perdus,-6.2743435,perdues,-10.007487,1
9626,P_NOUN_8_PASS_b,M,P,les colliers avec le miroir que j' aime beaucoup ne sont probablement pas réparés <eos>,13,réparés,réparées,11,M,S,réparés,-10.907115,réparées,-11.948864,1
9627,P_NOUN_8_PASS_b,M,P,les colliers avec le miroir que j' aime beaucoup ne sont probablement pas retirés <eos>,13,retirés,retirées,11,M,S,retirés,-8.1977005,retirées,-10.654954,1
9628,P_NOUN_8_PASS_b,M,P,les colliers avec le miroir que j' aime beaucoup ne sont probablement pas tombés <eos>,13,tombés,tombées,11,M,S,tombés,-7.426879,tombées,-10.70625,1
9629,P_NOUN_8_PASS_b,M,P,les colliers avec le miroir que j' aime beaucoup ne sont probablement pas utilisés <eos>,13,utilisés,utilisées,11,M,S,utilisés,-4.6864433,utilisées,-8.299881,1
9630,P_NOUN_8_PASS_b,M,P,les colliers avec le crayon que j' aime beaucoup ne sont probablement pas achetés <eos>,13,achetés,achetées,11,M,S,achetés,-8.814158,achetées,-13.233163,1
9631,P_NOUN_8_PASS_b,M,P,les colliers avec le crayon que j' aime beaucoup ne sont probablement pas brisés <eos>,13,brisés,brisées,11,M,S,brisés,-9.998865,brisées,-11.475653,1
9632,P_NOUN_8_PASS_b,M,P,les colliers avec le crayon que j' aime beaucoup ne sont probablement pas cachés <eos>,13,cachés,cachées,11,M,S,cachés,-7.7696247,cachées,-11.746241,1
9633,P_NOUN_8_PASS_b,M,P,les colliers avec le crayon que j' aime beaucoup ne sont probablement pas cassés <eos>,13,cassés,cassées,11,M,S,cassés,-8.551436,cassées,-10.643589,1
9634,P_NOUN_8_PASS_b,M,P,les colliers avec le crayon que j' aime beaucoup ne sont probablement pas couverts <eos>,13,couverts,couvertes,11,M,S,couverts,-6.977535,couvertes,-10.969183,1
9635,P_NOUN_8_PASS_b,M,P,les colliers avec le crayon que j' aime beaucoup ne sont probablement pas déformés <eos>,13,déformés,déformées,11,M,S,déformés,-10.764298,déformées,-9.800537,0
9636,P_NOUN_8_PASS_b,M,P,les colliers avec le crayon que j' aime beaucoup ne sont probablement pas fixés <eos>,13,fixés,fixées,11,M,S,fixés,-8.299324,fixées,-10.391151,1
9637,P_NOUN_8_PASS_b,M,P,les colliers avec le crayon que j' aime beaucoup ne sont probablement pas jetés <eos>,13,jetés,jetées,11,M,S,jetés,-7.8167963,jetées,-11.705651,1
9638,P_NOUN_8_PASS_b,M,P,les colliers avec le crayon que j' aime beaucoup ne sont probablement pas laissés <eos>,13,laissés,laissées,11,M,S,laissés,-8.098787,laissées,-10.84157,1
9639,P_NOUN_8_PASS_b,M,P,les colliers avec le crayon que j' aime beaucoup ne sont probablement pas ouverts <eos>,13,ouverts,ouvertes,11,M,S,ouverts,-8.296045,ouvertes,-11.747599,1
9640,P_NOUN_8_PASS_b,M,P,les colliers avec le crayon que j' aime beaucoup ne sont probablement pas perdus <eos>,13,perdus,perdues,11,M,S,perdus,-6.737116,perdues,-10.020239,1
9641,P_NOUN_8_PASS_b,M,P,les colliers avec le crayon que j' aime beaucoup ne sont probablement pas réparés <eos>,13,réparés,réparées,11,M,S,réparés,-10.746884,réparées,-11.581437,1
9642,P_NOUN_8_PASS_b,M,P,les colliers avec le crayon que j' aime beaucoup ne sont probablement pas retirés <eos>,13,retirés,retirées,11,M,S,retirés,-8.243885,retirées,-10.31047,1
9643,P_NOUN_8_PASS_b,M,P,les colliers avec le crayon que j' aime beaucoup ne sont probablement pas tombés <eos>,13,tombés,tombées,11,M,S,tombés,-7.4545135,tombées,-10.53209,1
9644,P_NOUN_8_PASS_b,M,P,les colliers avec le crayon que j' aime beaucoup ne sont probablement pas utilisés <eos>,13,utilisés,utilisées,11,M,S,utilisés,-4.488141,utilisées,-7.99611,1
9645,P_NOUN_8_PASS_b,M,P,les colliers avec le rideau que j' aime beaucoup ne sont probablement pas achetés <eos>,13,achetés,achetées,11,M,S,achetés,-9.906189,achetées,-13.8741665,1
9646,P_NOUN_8_PASS_b,M,P,les colliers avec le rideau que j' aime beaucoup ne sont probablement pas brisés <eos>,13,brisés,brisées,11,M,S,brisés,-9.779901,brisées,-11.453741,1
9647,P_NOUN_8_PASS_b,M,P,les colliers avec le rideau que j' aime beaucoup ne sont probablement pas cachés <eos>,13,cachés,cachées,11,M,S,cachés,-8.283873,cachées,-11.424345,1
9648,P_NOUN_8_PASS_b,M,P,les colliers avec le rideau que j' aime beaucoup ne sont probablement pas cassés <eos>,13,cassés,cassées,11,M,S,cassés,-8.967311,cassées,-10.551675,1
9649,P_NOUN_8_PASS_b,M,P,les colliers avec le rideau que j' aime beaucoup ne sont probablement pas couverts <eos>,13,couverts,couvertes,11,M,S,couverts,-6.898694,couvertes,-10.908043,1
9650,P_NOUN_8_PASS_b,M,P,les colliers avec le rideau que j' aime beaucoup ne sont probablement pas déformés <eos>,13,déformés,déformées,11,M,S,déformés,-10.317781,déformées,-10.112759,0
9651,P_NOUN_8_PASS_b,M,P,les colliers avec le rideau que j' aime beaucoup ne sont probablement pas fixés <eos>,13,fixés,fixées,11,M,S,fixés,-8.045128,fixées,-10.160129,1
9652,P_NOUN_8_PASS_b,M,P,les colliers avec le rideau que j' aime beaucoup ne sont probablement pas jetés <eos>,13,jetés,jetées,11,M,S,jetés,-7.9017477,jetées,-11.775508,1
9653,P_NOUN_8_PASS_b,M,P,les colliers avec le rideau que j' aime beaucoup ne sont probablement pas laissés <eos>,13,laissés,laissées,11,M,S,laissés,-8.437475,laissées,-11.149415,1
9654,P_NOUN_8_PASS_b,M,P,les colliers avec le rideau que j' aime beaucoup ne sont probablement pas ouverts <eos>,13,ouverts,ouvertes,11,M,S,ouverts,-8.043252,ouvertes,-11.502964,1
9655,P_NOUN_8_PASS_b,M,P,les colliers avec le rideau que j' aime beaucoup ne sont probablement pas perdus <eos>,13,perdus,perdues,11,M,S,perdus,-6.94278,perdues,-10.66087,1
9656,P_NOUN_8_PASS_b,M,P,les colliers avec le rideau que j' aime beaucoup ne sont probablement pas réparés <eos>,13,réparés,réparées,11,M,S,réparés,-10.524935,réparées,-11.932732,1
9657,P_NOUN_8_PASS_b,M,P,les colliers avec le rideau que j' aime beaucoup ne sont probablement pas retirés <eos>,13,retirés,retirées,11,M,S,retirés,-8.548199,retirées,-10.725492,1
9658,P_NOUN_8_PASS_b,M,P,les colliers avec le rideau que j' aime beaucoup ne sont probablement pas tombés <eos>,13,tombés,tombées,11,M,S,tombés,-7.0970964,tombées,-10.430959,1
9659,P_NOUN_8_PASS_b,M,P,les colliers avec le rideau que j' aime beaucoup ne sont probablement pas utilisés <eos>,13,utilisés,utilisées,11,M,S,utilisés,-4.777154,utilisées,-8.422254,1
9660,P_NOUN_8_PASS_b,M,P,les colliers avec le cahier que j' aime beaucoup ne sont probablement pas achetés <eos>,13,achetés,achetées,11,M,S,achetés,-9.314363,achetées,-13.750437,1
9661,P_NOUN_8_PASS_b,M,P,les colliers avec le cahier que j' aime beaucoup ne sont probablement pas brisés <eos>,13,brisés,brisées,11,M,S,brisés,-9.836513,brisées,-11.965807,1
9662,P_NOUN_8_PASS_b,M,P,les colliers avec le cahier que j' aime beaucoup ne sont probablement pas cachés <eos>,13,cachés,cachées,11,M,S,cachés,-8.118153,cachées,-12.113306,1
9663,P_NOUN_8_PASS_b,M,P,les colliers avec le cahier que j' aime beaucoup ne sont probablement pas cassés <eos>,13,cassés,cassées,11,M,S,cassés,-9.282334,cassées,-11.182618,1
9664,P_NOUN_8_PASS_b,M,P,les colliers avec le cahier que j' aime beaucoup ne sont probablement pas couverts <eos>,13,couverts,couvertes,11,M,S,couverts,-6.7396517,couvertes,-11.506663,1
9665,P_NOUN_8_PASS_b,M,P,les colliers avec le cahier que j' aime beaucoup ne sont probablement pas déformés <eos>,13,déformés,déformées,11,M,S,déformés,-10.151005,déformées,-10.380602,1
9666,P_NOUN_8_PASS_b,M,P,les colliers avec le cahier que j' aime beaucoup ne sont probablement pas fixés <eos>,13,fixés,fixées,11,M,S,fixés,-8.267548,fixées,-10.586844,1
9667,P_NOUN_8_PASS_b,M,P,les colliers avec le cahier que j' aime beaucoup ne sont probablement pas jetés <eos>,13,jetés,jetées,11,M,S,jetés,-8.266266,jetées,-12.629574,1
9668,P_NOUN_8_PASS_b,M,P,les colliers avec le cahier que j' aime beaucoup ne sont probablement pas laissés <eos>,13,laissés,laissées,11,M,S,laissés,-8.201511,laissées,-11.668228,1
9669,P_NOUN_8_PASS_b,M,P,les colliers avec le cahier que j' aime beaucoup ne sont probablement pas ouverts <eos>,13,ouverts,ouvertes,11,M,S,ouverts,-7.760584,ouvertes,-11.746803,1
9670,P_NOUN_8_PASS_b,M,P,les colliers avec le cahier que j' aime beaucoup ne sont probablement pas perdus <eos>,13,perdus,perdues,11,M,S,perdus,-6.146678,perdues,-10.201413,1
9671,P_NOUN_8_PASS_b,M,P,les colliers avec le cahier que j' aime beaucoup ne sont probablement pas réparés <eos>,13,réparés,réparées,11,M,S,réparés,-10.888741,réparées,-12.134073,1
9672,P_NOUN_8_PASS_b,M,P,les colliers avec le cahier que j' aime beaucoup ne sont probablement pas retirés <eos>,13,retirés,retirées,11,M,S,retirés,-7.9465137,retirées,-10.829271,1
9673,P_NOUN_8_PASS_b,M,P,les colliers avec le cahier que j' aime beaucoup ne sont probablement pas tombés <eos>,13,tombés,tombées,11,M,S,tombés,-6.935183,tombées,-10.901855,1
9674,P_NOUN_8_PASS_b,M,P,les colliers avec le cahier que j' aime beaucoup ne sont probablement pas utilisés <eos>,13,utilisés,utilisées,11,M,S,utilisés,-4.861426,utilisées,-8.747168,1
9675,P_NOUN_8_PASS_b,M,P,les colliers avec le micro que j' aime beaucoup ne sont probablement pas achetés <eos>,13,achetés,achetées,11,M,S,achetés,-9.528585,achetées,-13.57349,1
9676,P_NOUN_8_PASS_b,M,P,les colliers avec le micro que j' aime beaucoup ne sont probablement pas brisés <eos>,13,brisés,brisées,11,M,S,brisés,-9.545389,brisées,-11.304233,1
9677,P_NOUN_8_PASS_b,M,P,les colliers avec le micro que j' aime beaucoup ne sont probablement pas cachés <eos>,13,cachés,cachées,11,M,S,cachés,-8.060994,cachées,-11.608929,1
9678,P_NOUN_8_PASS_b,M,P,les colliers avec le micro que j' aime beaucoup ne sont probablement pas cassés <eos>,13,cassés,cassées,11,M,S,cassés,-8.943044,cassées,-10.665252,1
9679,P_NOUN_8_PASS_b,M,P,les colliers avec le micro que j' aime beaucoup ne sont probablement pas couverts <eos>,13,couverts,couvertes,11,M,S,couverts,-7.0622673,couvertes,-10.821164,1
9680,P_NOUN_8_PASS_b,M,P,les colliers avec le micro que j' aime beaucoup ne sont probablement pas déformés <eos>,13,déformés,déformées,11,M,S,déformés,-10.542779,déformées,-10.195782,0
9681,P_NOUN_8_PASS_b,M,P,les colliers avec le micro que j' aime beaucoup ne sont probablement pas fixés <eos>,13,fixés,fixées,11,M,S,fixés,-7.907073,fixées,-10.669295,1
9682,P_NOUN_8_PASS_b,M,P,les colliers avec le micro que j' aime beaucoup ne sont probablement pas jetés <eos>,13,jetés,jetées,11,M,S,jetés,-8.061074,jetées,-11.970364,1
9683,P_NOUN_8_PASS_b,M,P,les colliers avec le micro que j' aime beaucoup ne sont probablement pas laissés <eos>,13,laissés,laissées,11,M,S,laissés,-8.483014,laissées,-10.96727,1
9684,P_NOUN_8_PASS_b,M,P,les colliers avec le micro que j' aime beaucoup ne sont probablement pas ouverts <eos>,13,ouverts,ouvertes,11,M,S,ouverts,-7.8939533,ouvertes,-11.482258,1
9685,P_NOUN_8_PASS_b,M,P,les colliers avec le micro que j' aime beaucoup ne sont probablement pas perdus <eos>,13,perdus,perdues,11,M,S,perdus,-6.6749525,perdues,-10.671089,1
9686,P_NOUN_8_PASS_b,M,P,les colliers avec le micro que j' aime beaucoup ne sont probablement pas réparés <eos>,13,réparés,réparées,11,M,S,réparés,-10.630897,réparées,-11.90684,1
9687,P_NOUN_8_PASS_b,M,P,les colliers avec le micro que j' aime beaucoup ne sont probablement pas retirés <eos>,13,retirés,retirées,11,M,S,retirés,-8.5123005,retirées,-10.75519,1
9688,P_NOUN_8_PASS_b,M,P,les colliers avec le micro que j' aime beaucoup ne sont probablement pas tombés <eos>,13,tombés,tombées,11,M,S,tombés,-7.431118,tombées,-10.787198,1
9689,P_NOUN_8_PASS_b,M,P,les colliers avec le micro que j' aime beaucoup ne sont probablement pas utilisés <eos>,13,utilisés,utilisées,11,M,S,utilisés,-4.754604,utilisées,-8.3403015,1
9690,P_NOUN_8_PASS_b,M,P,les colliers avec le sac que j' aime beaucoup ne sont probablement pas achetés <eos>,13,achetés,achetées,11,M,S,achetés,-9.471643,achetées,-13.6843195,1
9691,P_NOUN_8_PASS_b,M,P,les colliers avec le sac que j' aime beaucoup ne sont probablement pas brisés <eos>,13,brisés,brisées,11,M,S,brisés,-9.596706,brisées,-11.246125,1
9692,P_NOUN_8_PASS_b,M,P,les colliers avec le sac que j' aime beaucoup ne sont probablement pas cachés <eos>,13,cachés,cachées,11,M,S,cachés,-7.873258,cachées,-11.539892,1
9693,P_NOUN_8_PASS_b,M,P,les colliers avec le sac que j' aime beaucoup ne sont probablement pas cassés <eos>,13,cassés,cassées,11,M,S,cassés,-8.731591,cassées,-10.163998,1
9694,P_NOUN_8_PASS_b,M,P,les colliers avec le sac que j' aime beaucoup ne sont probablement pas couverts <eos>,13,couverts,couvertes,11,M,S,couverts,-6.855199,couvertes,-10.864415,1
9695,P_NOUN_8_PASS_b,M,P,les colliers avec le sac que j' aime beaucoup ne sont probablement pas déformés <eos>,13,déformés,déformées,11,M,S,déformés,-10.62003,déformées,-10.108923,0
9696,P_NOUN_8_PASS_b,M,P,les colliers avec le sac que j' aime beaucoup ne sont probablement pas fixés <eos>,13,fixés,fixées,11,M,S,fixés,-8.125025,fixées,-10.366951,1
9697,P_NOUN_8_PASS_b,M,P,les colliers avec le sac que j' aime beaucoup ne sont probablement pas jetés <eos>,13,jetés,jetées,11,M,S,jetés,-7.705756,jetées,-11.440883,1
9698,P_NOUN_8_PASS_b,M,P,les colliers avec le sac que j' aime beaucoup ne sont probablement pas laissés <eos>,13,laissés,laissées,11,M,S,laissés,-8.249226,laissées,-10.987162,1
9699,P_NOUN_8_PASS_b,M,P,les colliers avec le sac que j' aime beaucoup ne sont probablement pas ouverts <eos>,13,ouverts,ouvertes,11,M,S,ouverts,-8.174822,ouvertes,-11.666044,1
9700,P_NOUN_8_PASS_b,M,P,les colliers avec le sac que j' aime beaucoup ne sont probablement pas perdus <eos>,13,perdus,perdues,11,M,S,perdus,-6.6453657,perdues,-10.296025,1
9701,P_NOUN_8_PASS_b,M,P,les colliers avec le sac que j' aime beaucoup ne sont probablement pas réparés <eos>,13,réparés,réparées,11,M,S,réparés,-10.559138,réparées,-11.816102,1
9702,P_NOUN_8_PASS_b,M,P,les colliers avec le sac que j' aime beaucoup ne sont probablement pas retirés <eos>,13,retirés,retirées,11,M,S,retirés,-8.182724,retirées,-10.575874,1
9703,P_NOUN_8_PASS_b,M,P,les colliers avec le sac que j' aime beaucoup ne sont probablement pas tombés <eos>,13,tombés,tombées,11,M,S,tombés,-6.7100325,tombées,-10.490115,1
9704,P_NOUN_8_PASS_b,M,P,les colliers avec le sac que j' aime beaucoup ne sont probablement pas utilisés <eos>,13,utilisés,utilisées,11,M,S,utilisés,-4.402259,utilisées,-8.0727825,1
9705,P_NOUN_8_PASS_b,M,P,les colliers avec le clavier que j' aime beaucoup ne sont probablement pas achetés <eos>,13,achetés,achetées,11,M,S,achetés,-9.845345,achetées,-13.907265,1
9706,P_NOUN_8_PASS_b,M,P,les colliers avec le clavier que j' aime beaucoup ne sont probablement pas brisés <eos>,13,brisés,brisées,11,M,S,brisés,-9.878969,brisées,-11.353101,1
9707,P_NOUN_8_PASS_b,M,P,les colliers avec le clavier que j' aime beaucoup ne sont probablement pas cachés <eos>,13,cachés,cachées,11,M,S,cachés,-8.009254,cachées,-11.412825,1
9708,P_NOUN_8_PASS_b,M,P,les colliers avec le clavier que j' aime beaucoup ne sont probablement pas cassés <eos>,13,cassés,cassées,11,M,S,cassés,-9.270287,cassées,-10.856838,1
9709,P_NOUN_8_PASS_b,M,P,les colliers avec le clavier que j' aime beaucoup ne sont probablement pas couverts <eos>,13,couverts,couvertes,11,M,S,couverts,-7.4880776,couvertes,-11.268452,1
9710,P_NOUN_8_PASS_b,M,P,les colliers avec le clavier que j' aime beaucoup ne sont probablement pas déformés <eos>,13,déformés,déformées,11,M,S,déformés,-10.634339,déformées,-9.841578,0
9711,P_NOUN_8_PASS_b,M,P,les colliers avec le clavier que j' aime beaucoup ne sont probablement pas fixés <eos>,13,fixés,fixées,11,M,S,fixés,-7.808604,fixées,-10.50267,1
9712,P_NOUN_8_PASS_b,M,P,les colliers avec le clavier que j' aime beaucoup ne sont probablement pas jetés <eos>,13,jetés,jetées,11,M,S,jetés,-8.171313,jetées,-12.089451,1
9713,P_NOUN_8_PASS_b,M,P,les colliers avec le clavier que j' aime beaucoup ne sont probablement pas laissés <eos>,13,laissés,laissées,11,M,S,laissés,-8.587379,laissées,-11.087247,1
9714,P_NOUN_8_PASS_b,M,P,les colliers avec le clavier que j' aime beaucoup ne sont probablement pas ouverts <eos>,13,ouverts,ouvertes,11,M,S,ouverts,-8.27184,ouvertes,-11.77443,1
9715,P_NOUN_8_PASS_b,M,P,les colliers avec le clavier que j' aime beaucoup ne sont probablement pas perdus <eos>,13,perdus,perdues,11,M,S,perdus,-6.7955747,perdues,-10.428146,1
9716,P_NOUN_8_PASS_b,M,P,les colliers avec le clavier que j' aime beaucoup ne sont probablement pas réparés <eos>,13,réparés,réparées,11,M,S,réparés,-11.248852,réparées,-12.37956,1
9717,P_NOUN_8_PASS_b,M,P,les colliers avec le clavier que j' aime beaucoup ne sont probablement pas retirés <eos>,13,retirés,retirées,11,M,S,retirés,-8.822102,retirées,-10.915848,1
9718,P_NOUN_8_PASS_b,M,P,les colliers avec le clavier que j' aime beaucoup ne sont probablement pas tombés <eos>,13,tombés,tombées,11,M,S,tombés,-7.668275,tombées,-11.039595,1
9719,P_NOUN_8_PASS_b,M,P,les colliers avec le clavier que j' aime beaucoup ne sont probablement pas utilisés <eos>,13,utilisés,utilisées,11,M,S,utilisés,-4.467739,utilisées,-8.137919,1
9720,P_NOUN_8_PASS_b,M,P,les colliers avec le raisin que j' aime beaucoup ne sont probablement pas achetés <eos>,13,achetés,achetées,11,M,S,achetés,-8.668886,achetées,-12.973682,1
9721,P_NOUN_8_PASS_b,M,P,les colliers avec le raisin que j' aime beaucoup ne sont probablement pas brisés <eos>,13,brisés,brisées,11,M,S,brisés,-10.187641,brisées,-11.751673,1
9722,P_NOUN_8_PASS_b,M,P,les colliers avec le raisin que j' aime beaucoup ne sont probablement pas cachés <eos>,13,cachés,cachées,11,M,S,cachés,-8.334369,cachées,-11.881775,1
9723,P_NOUN_8_PASS_b,M,P,les colliers avec le raisin que j' aime beaucoup ne sont probablement pas cassés <eos>,13,cassés,cassées,11,M,S,cassés,-8.162839,cassées,-10.910912,1
9724,P_NOUN_8_PASS_b,M,P,les colliers avec le raisin que j' aime beaucoup ne sont probablement pas couverts <eos>,13,couverts,couvertes,11,M,S,couverts,-6.415546,couvertes,-10.797445,1
9725,P_NOUN_8_PASS_b,M,P,les colliers avec le raisin que j' aime beaucoup ne sont probablement pas déformés <eos>,13,déformés,déformées,11,M,S,déformés,-11.570688,déformées,-10.712432,0
9726,P_NOUN_8_PASS_b,M,P,les colliers avec le raisin que j' aime beaucoup ne sont probablement pas fixés <eos>,13,fixés,fixées,11,M,S,fixés,-7.908826,fixées,-10.676874,1
9727,P_NOUN_8_PASS_b,M,P,les colliers avec le raisin que j' aime beaucoup ne sont probablement pas jetés <eos>,13,jetés,jetées,11,M,S,jetés,-8.504258,jetées,-12.898449,1
9728,P_NOUN_8_PASS_b,M,P,les colliers avec le raisin que j' aime beaucoup ne sont probablement pas laissés <eos>,13,laissés,laissées,11,M,S,laissés,-8.110044,laissées,-10.744604,1
9729,P_NOUN_8_PASS_b,M,P,les colliers avec le raisin que j' aime beaucoup ne sont probablement pas ouverts <eos>,13,ouverts,ouvertes,11,M,S,ouverts,-8.471409,ouvertes,-11.5643835,1
9730,P_NOUN_8_PASS_b,M,P,les colliers avec le raisin que j' aime beaucoup ne sont probablement pas perdus <eos>,13,perdus,perdues,11,M,S,perdus,-7.13706,perdues,-10.488202,1
9731,P_NOUN_8_PASS_b,M,P,les colliers avec le raisin que j' aime beaucoup ne sont probablement pas réparés <eos>,13,réparés,réparées,11,M,S,réparés,-10.99494,réparées,-12.479676,1
9732,P_NOUN_8_PASS_b,M,P,les colliers avec le raisin que j' aime beaucoup ne sont probablement pas retirés <eos>,13,retirés,retirées,11,M,S,retirés,-8.190847,retirées,-10.505755,1
9733,P_NOUN_8_PASS_b,M,P,les colliers avec le raisin que j' aime beaucoup ne sont probablement pas tombés <eos>,13,tombés,tombées,11,M,S,tombés,-6.9211173,tombées,-10.253963,1
9734,P_NOUN_8_PASS_b,M,P,les colliers avec le raisin que j' aime beaucoup ne sont probablement pas utilisés <eos>,13,utilisés,utilisées,11,M,S,utilisés,-4.303636,utilisées,-7.8890986,1
9735,P_NOUN_8_PASS_b,M,P,les colliers avec le chargeur que j' aime beaucoup ne sont probablement pas achetés <eos>,13,achetés,achetées,11,M,S,achetés,-8.831474,achetées,-12.920758,1
9736,P_NOUN_8_PASS_b,M,P,les colliers avec le chargeur que j' aime beaucoup ne sont probablement pas brisés <eos>,13,brisés,brisées,11,M,S,brisés,-10.234297,brisées,-11.473005,1
9737,P_NOUN_8_PASS_b,M,P,les colliers avec le chargeur que j' aime beaucoup ne sont probablement pas cachés <eos>,13,cachés,cachées,11,M,S,cachés,-7.4689493,cachées,-11.881952,1
9738,P_NOUN_8_PASS_b,M,P,les colliers avec le chargeur que j' aime beaucoup ne sont probablement pas cassés <eos>,13,cassés,cassées,11,M,S,cassés,-9.009511,cassées,-10.725204,1
9739,P_NOUN_8_PASS_b,M,P,les colliers avec le chargeur que j' aime beaucoup ne sont probablement pas couverts <eos>,13,couverts,couvertes,11,M,S,couverts,-7.4541345,couvertes,-11.12361,1
9740,P_NOUN_8_PASS_b,M,P,les colliers avec le chargeur que j' aime beaucoup ne sont probablement pas déformés <eos>,13,déformés,déformées,11,M,S,déformés,-11.395185,déformées,-10.305738,0
9741,P_NOUN_8_PASS_b,M,P,les colliers avec le chargeur que j' aime beaucoup ne sont probablement pas fixés <eos>,13,fixés,fixées,11,M,S,fixés,-8.108319,fixées,-10.175244,1
9742,P_NOUN_8_PASS_b,M,P,les colliers avec le chargeur que j' aime beaucoup ne sont probablement pas jetés <eos>,13,jetés,jetées,11,M,S,jetés,-7.9517097,jetées,-11.868978,1
9743,P_NOUN_8_PASS_b,M,P,les colliers avec le chargeur que j' aime beaucoup ne sont probablement pas laissés <eos>,13,laissés,laissées,11,M,S,laissés,-8.215522,laissées,-10.832596,1
9744,P_NOUN_8_PASS_b,M,P,les colliers avec le chargeur que j' aime beaucoup ne sont probablement pas ouverts <eos>,13,ouverts,ouvertes,11,M,S,ouverts,-8.298209,ouvertes,-11.58145,1
9745,P_NOUN_8_PASS_b,M,P,les colliers avec le chargeur que j' aime beaucoup ne sont probablement pas perdus <eos>,13,perdus,perdues,11,M,S,perdus,-6.563887,perdues,-9.880204,1
9746,P_NOUN_8_PASS_b,M,P,les colliers avec le chargeur que j' aime beaucoup ne sont probablement pas réparés <eos>,13,réparés,réparées,11,M,S,réparés,-10.6442795,réparées,-11.667583,1
9747,P_NOUN_8_PASS_b,M,P,les colliers avec le chargeur que j' aime beaucoup ne sont probablement pas retirés <eos>,13,retirés,retirées,11,M,S,retirés,-7.4848747,retirées,-10.311459,1
9748,P_NOUN_8_PASS_b,M,P,les colliers avec le chargeur que j' aime beaucoup ne sont probablement pas tombés <eos>,13,tombés,tombées,11,M,S,tombés,-7.118343,tombées,-10.744603,1
9749,P_NOUN_8_PASS_b,M,P,les colliers avec le chargeur que j' aime beaucoup ne sont probablement pas utilisés <eos>,13,utilisés,utilisées,11,M,S,utilisés,-4.123917,utilisées,-7.810719,1
9750,P_NOUN_8_PASS_b,M,P,les colliers avec le vase que j' aime beaucoup ne sont probablement pas achetés <eos>,13,achetés,achetées,11,M,S,achetés,-8.995619,achetées,-13.282595,1
9751,P_NOUN_8_PASS_b,M,P,les colliers avec le vase que j' aime beaucoup ne sont probablement pas brisés <eos>,13,brisés,brisées,11,M,S,brisés,-9.729464,brisées,-11.317748,1
9752,P_NOUN_8_PASS_b,M,P,les colliers avec le vase que j' aime beaucoup ne sont probablement pas cachés <eos>,13,cachés,cachées,11,M,S,cachés,-7.8303843,cachées,-11.444551,1
9753,P_NOUN_8_PASS_b,M,P,les colliers avec le vase que j' aime beaucoup ne sont probablement pas cassés <eos>,13,cassés,cassées,11,M,S,cassés,-8.617753,cassées,-10.789802,1
9754,P_NOUN_8_PASS_b,M,P,les colliers avec le vase que j' aime beaucoup ne sont probablement pas couverts <eos>,13,couverts,couvertes,11,M,S,couverts,-6.8287926,couvertes,-10.779321,1
9755,P_NOUN_8_PASS_b,M,P,les colliers avec le vase que j' aime beaucoup ne sont probablement pas déformés <eos>,13,déformés,déformées,11,M,S,déformés,-10.548605,déformées,-10.131805,0
9756,P_NOUN_8_PASS_b,M,P,les colliers avec le vase que j' aime beaucoup ne sont probablement pas fixés <eos>,13,fixés,fixées,11,M,S,fixés,-8.043722,fixées,-10.645541,1
9757,P_NOUN_8_PASS_b,M,P,les colliers avec le vase que j' aime beaucoup ne sont probablement pas jetés <eos>,13,jetés,jetées,11,M,S,jetés,-7.6751976,jetées,-11.601024,1
9758,P_NOUN_8_PASS_b,M,P,les colliers avec le vase que j' aime beaucoup ne sont probablement pas laissés <eos>,13,laissés,laissées,11,M,S,laissés,-7.8933897,laissées,-10.6768465,1
9759,P_NOUN_8_PASS_b,M,P,les colliers avec le vase que j' aime beaucoup ne sont probablement pas ouverts <eos>,13,ouverts,ouvertes,11,M,S,ouverts,-7.6510935,ouvertes,-11.307022,1
9760,P_NOUN_8_PASS_b,M,P,les colliers avec le vase que j' aime beaucoup ne sont probablement pas perdus <eos>,13,perdus,perdues,11,M,S,perdus,-6.2197437,perdues,-10.113931,1
9761,P_NOUN_8_PASS_b,M,P,les colliers avec le vase que j' aime beaucoup ne sont probablement pas réparés <eos>,13,réparés,réparées,11,M,S,réparés,-10.100574,réparées,-11.559266,1
9762,P_NOUN_8_PASS_b,M,P,les colliers avec le vase que j' aime beaucoup ne sont probablement pas retirés <eos>,13,retirés,retirées,11,M,S,retirés,-8.12896,retirées,-10.528109,1
9763,P_NOUN_8_PASS_b,M,P,les colliers avec le vase que j' aime beaucoup ne sont probablement pas tombés <eos>,13,tombés,tombées,11,M,S,tombés,-7.062256,tombées,-10.295026,1
9764,P_NOUN_8_PASS_b,M,P,les colliers avec le vase que j' aime beaucoup ne sont probablement pas utilisés <eos>,13,utilisés,utilisées,11,M,S,utilisés,-4.9615426,utilisées,-8.462086,1
9765,P_NOUN_8_PASS_b,M,P,les colliers avec le panier que j' aime beaucoup ne sont probablement pas achetés <eos>,13,achetés,achetées,11,M,S,achetés,-8.933924,achetées,-12.990427,1
9766,P_NOUN_8_PASS_b,M,P,les colliers avec le panier que j' aime beaucoup ne sont probablement pas brisés <eos>,13,brisés,brisées,11,M,S,brisés,-9.776529,brisées,-11.275975,1
9767,P_NOUN_8_PASS_b,M,P,les colliers avec le panier que j' aime beaucoup ne sont probablement pas cachés <eos>,13,cachés,cachées,11,M,S,cachés,-8.093785,cachées,-11.897341,1
9768,P_NOUN_8_PASS_b,M,P,les colliers avec le panier que j' aime beaucoup ne sont probablement pas cassés <eos>,13,cassés,cassées,11,M,S,cassés,-8.78147,cassées,-10.672355,1
9769,P_NOUN_8_PASS_b,M,P,les colliers avec le panier que j' aime beaucoup ne sont probablement pas couverts <eos>,13,couverts,couvertes,11,M,S,couverts,-6.810258,couvertes,-10.886308,1
9770,P_NOUN_8_PASS_b,M,P,les colliers avec le panier que j' aime beaucoup ne sont probablement pas déformés <eos>,13,déformés,déformées,11,M,S,déformés,-11.010792,déformées,-10.301972,0
9771,P_NOUN_8_PASS_b,M,P,les colliers avec le panier que j' aime beaucoup ne sont probablement pas fixés <eos>,13,fixés,fixées,11,M,S,fixés,-7.826064,fixées,-10.505864,1
9772,P_NOUN_8_PASS_b,M,P,les colliers avec le panier que j' aime beaucoup ne sont probablement pas jetés <eos>,13,jetés,jetées,11,M,S,jetés,-7.83379,jetées,-11.8736725,1
9773,P_NOUN_8_PASS_b,M,P,les colliers avec le panier que j' aime beaucoup ne sont probablement pas laissés <eos>,13,laissés,laissées,11,M,S,laissés,-8.226105,laissées,-10.838052,1
9774,P_NOUN_8_PASS_b,M,P,les colliers avec le panier que j' aime beaucoup ne sont probablement pas ouverts <eos>,13,ouverts,ouvertes,11,M,S,ouverts,-7.8340225,ouvertes,-11.539626,1
9775,P_NOUN_8_PASS_b,M,P,les colliers avec le panier que j' aime beaucoup ne sont probablement pas perdus <eos>,13,perdus,perdues,11,M,S,perdus,-6.427352,perdues,-10.21454,1
9776,P_NOUN_8_PASS_b,M,P,les colliers avec le panier que j' aime beaucoup ne sont probablement pas réparés <eos>,13,réparés,réparées,11,M,S,réparés,-10.533284,réparées,-11.819247,1
9777,P_NOUN_8_PASS_b,M,P,les colliers avec le panier que j' aime beaucoup ne sont probablement pas retirés <eos>,13,retirés,retirées,11,M,S,retirés,-8.026569,retirées,-10.540251,1
9778,P_NOUN_8_PASS_b,M,P,les colliers avec le panier que j' aime beaucoup ne sont probablement pas tombés <eos>,13,tombés,tombées,11,M,S,tombés,-7.1708817,tombées,-10.723248,1
9779,P_NOUN_8_PASS_b,M,P,les colliers avec le panier que j' aime beaucoup ne sont probablement pas utilisés <eos>,13,utilisés,utilisées,11,M,S,utilisés,-4.530858,utilisées,-8.176903,1
9780,P_NOUN_8_PASS_b,M,P,les colliers avec le collier que j' aime beaucoup ne sont probablement pas achetés <eos>,13,achetés,achetées,11,M,S,achetés,-9.481966,achetées,-13.685288,1
9781,P_NOUN_8_PASS_b,M,P,les colliers avec le collier que j' aime beaucoup ne sont probablement pas brisés <eos>,13,brisés,brisées,11,M,S,brisés,-9.819086,brisées,-11.331594,1
9782,P_NOUN_8_PASS_b,M,P,les colliers avec le collier que j' aime beaucoup ne sont probablement pas cachés <eos>,13,cachés,cachées,11,M,S,cachés,-8.043814,cachées,-11.583603,1
9783,P_NOUN_8_PASS_b,M,P,les colliers avec le collier que j' aime beaucoup ne sont probablement pas cassés <eos>,13,cassés,cassées,11,M,S,cassés,-9.021394,cassées,-10.516483,1
9784,P_NOUN_8_PASS_b,M,P,les colliers avec le collier que j' aime beaucoup ne sont probablement pas couverts <eos>,13,couverts,couvertes,11,M,S,couverts,-7.20111,couvertes,-11.31827,1
9785,P_NOUN_8_PASS_b,M,P,les colliers avec le collier que j' aime beaucoup ne sont probablement pas déformés <eos>,13,déformés,déformées,11,M,S,déformés,-10.514713,déformées,-10.275853,0
9786,P_NOUN_8_PASS_b,M,P,les colliers avec le collier que j' aime beaucoup ne sont probablement pas fixés <eos>,13,fixés,fixées,11,M,S,fixés,-8.169394,fixées,-10.503359,1
9787,P_NOUN_8_PASS_b,M,P,les colliers avec le collier que j' aime beaucoup ne sont probablement pas jetés <eos>,13,jetés,jetées,11,M,S,jetés,-7.7817154,jetées,-11.708733,1
9788,P_NOUN_8_PASS_b,M,P,les colliers avec le collier que j' aime beaucoup ne sont probablement pas laissés <eos>,13,laissés,laissées,11,M,S,laissés,-8.485769,laissées,-11.256198,1
9789,P_NOUN_8_PASS_b,M,P,les colliers avec le collier que j' aime beaucoup ne sont probablement pas ouverts <eos>,13,ouverts,ouvertes,11,M,S,ouverts,-8.336985,ouvertes,-12.001378,1
9790,P_NOUN_8_PASS_b,M,P,les colliers avec le collier que j' aime beaucoup ne sont probablement pas perdus <eos>,13,perdus,perdues,11,M,S,perdus,-6.7221203,perdues,-10.465062,1
9791,P_NOUN_8_PASS_b,M,P,les colliers avec le collier que j' aime beaucoup ne sont probablement pas réparés <eos>,13,réparés,réparées,11,M,S,réparés,-10.828596,réparées,-12.210891,1
9792,P_NOUN_8_PASS_b,M,P,les colliers avec le collier que j' aime beaucoup ne sont probablement pas retirés <eos>,13,retirés,retirées,11,M,S,retirés,-8.391335,retirées,-10.978049,1
9793,P_NOUN_8_PASS_b,M,P,les colliers avec le collier que j' aime beaucoup ne sont probablement pas tombés <eos>,13,tombés,tombées,11,M,S,tombés,-6.8790226,tombées,-10.732514,1
9794,P_NOUN_8_PASS_b,M,P,les colliers avec le collier que j' aime beaucoup ne sont probablement pas utilisés <eos>,13,utilisés,utilisées,11,M,S,utilisés,-4.776913,utilisées,-8.546785,1
9795,P_NOUN_8_PASS_b,M,P,les colliers avec le chapeau que j' aime beaucoup ne sont probablement pas achetés <eos>,13,achetés,achetées,11,M,S,achetés,-9.420605,achetées,-13.590679,1
9796,P_NOUN_8_PASS_b,M,P,les colliers avec le chapeau que j' aime beaucoup ne sont probablement pas brisés <eos>,13,brisés,brisées,11,M,S,brisés,-9.888224,brisées,-11.469248,1
9797,P_NOUN_8_PASS_b,M,P,les colliers avec le chapeau que j' aime beaucoup ne sont probablement pas cachés <eos>,13,cachés,cachées,11,M,S,cachés,-7.8569717,cachées,-11.331376,1
9798,P_NOUN_8_PASS_b,M,P,les colliers avec le chapeau que j' aime beaucoup ne sont probablement pas cassés <eos>,13,cassés,cassées,11,M,S,cassés,-8.833914,cassées,-10.333707,1
9799,P_NOUN_8_PASS_b,M,P,les colliers avec le chapeau que j' aime beaucoup ne sont probablement pas couverts <eos>,13,couverts,couvertes,11,M,S,couverts,-6.9316835,couvertes,-10.8676,1
9800,P_NOUN_8_PASS_b,M,P,les colliers avec le chapeau que j' aime beaucoup ne sont probablement pas déformés <eos>,13,déformés,déformées,11,M,S,déformés,-10.573175,déformées,-10.021195,0
9801,P_NOUN_8_PASS_b,M,P,les colliers avec le chapeau que j' aime beaucoup ne sont probablement pas fixés <eos>,13,fixés,fixées,11,M,S,fixés,-8.30983,fixées,-10.674504,1
9802,P_NOUN_8_PASS_b,M,P,les colliers avec le chapeau que j' aime beaucoup ne sont probablement pas jetés <eos>,13,jetés,jetées,11,M,S,jetés,-7.8593173,jetées,-11.700953,1
9803,P_NOUN_8_PASS_b,M,P,les colliers avec le chapeau que j' aime beaucoup ne sont probablement pas laissés <eos>,13,laissés,laissées,11,M,S,laissés,-8.415884,laissées,-11.137112,1
9804,P_NOUN_8_PASS_b,M,P,les colliers avec le chapeau que j' aime beaucoup ne sont probablement pas ouverts <eos>,13,ouverts,ouvertes,11,M,S,ouverts,-7.9217105,ouvertes,-11.547779,1
9805,P_NOUN_8_PASS_b,M,P,les colliers avec le chapeau que j' aime beaucoup ne sont probablement pas perdus <eos>,13,perdus,perdues,11,M,S,perdus,-6.7658606,perdues,-10.387835,1
9806,P_NOUN_8_PASS_b,M,P,les colliers avec le chapeau que j' aime beaucoup ne sont probablement pas réparés <eos>,13,réparés,réparées,11,M,S,réparés,-10.925354,réparées,-12.161272,1
9807,P_NOUN_8_PASS_b,M,P,les colliers avec le chapeau que j' aime beaucoup ne sont probablement pas retirés <eos>,13,retirés,retirées,11,M,S,retirés,-8.337822,retirées,-10.723783,1
9808,P_NOUN_8_PASS_b,M,P,les colliers avec le chapeau que j' aime beaucoup ne sont probablement pas tombés <eos>,13,tombés,tombées,11,M,S,tombés,-6.955575,tombées,-10.365233,1
9809,P_NOUN_8_PASS_b,M,P,les colliers avec le chapeau que j' aime beaucoup ne sont probablement pas utilisés <eos>,13,utilisés,utilisées,11,M,S,utilisés,-4.827531,utilisées,-8.322111,1
9810,P_NOUN_8_PASS_b,M,P,les colliers avec le pot que j' aime beaucoup ne sont probablement pas achetés <eos>,13,achetés,achetées,11,M,S,achetés,-9.224172,achetées,-13.414838,1
9811,P_NOUN_8_PASS_b,M,P,les colliers avec le pot que j' aime beaucoup ne sont probablement pas brisés <eos>,13,brisés,brisées,11,M,S,brisés,-9.784626,brisées,-11.397356,1
9812,P_NOUN_8_PASS_b,M,P,les colliers avec le pot que j' aime beaucoup ne sont probablement pas cachés <eos>,13,cachés,cachées,11,M,S,cachés,-7.9298716,cachées,-11.645197,1
9813,P_NOUN_8_PASS_b,M,P,les colliers avec le pot que j' aime beaucoup ne sont probablement pas cassés <eos>,13,cassés,cassées,11,M,S,cassés,-8.641367,cassées,-10.546577,1
9814,P_NOUN_8_PASS_b,M,P,les colliers avec le pot que j' aime beaucoup ne sont probablement pas couverts <eos>,13,couverts,couvertes,11,M,S,couverts,-6.7297955,couvertes,-10.768584,1
9815,P_NOUN_8_PASS_b,M,P,les colliers avec le pot que j' aime beaucoup ne sont probablement pas déformés <eos>,13,déformés,déformées,11,M,S,déformés,-10.731434,déformées,-10.340725,0
9816,P_NOUN_8_PASS_b,M,P,les colliers avec le pot que j' aime beaucoup ne sont probablement pas fixés <eos>,13,fixés,fixées,11,M,S,fixés,-7.954315,fixées,-10.494107,1
9817,P_NOUN_8_PASS_b,M,P,les colliers avec le pot que j' aime beaucoup ne sont probablement pas jetés <eos>,13,jetés,jetées,11,M,S,jetés,-7.9320626,jetées,-11.777922,1
9818,P_NOUN_8_PASS_b,M,P,les colliers avec le pot que j' aime beaucoup ne sont probablement pas laissés <eos>,13,laissés,laissées,11,M,S,laissés,-8.205944,laissées,-10.797527,1
9819,P_NOUN_8_PASS_b,M,P,les colliers avec le pot que j' aime beaucoup ne sont probablement pas ouverts <eos>,13,ouverts,ouvertes,11,M,S,ouverts,-8.133386,ouvertes,-11.7283535,1
9820,P_NOUN_8_PASS_b,M,P,les colliers avec le pot que j' aime beaucoup ne sont probablement pas perdus <eos>,13,perdus,perdues,11,M,S,perdus,-6.664504,perdues,-10.39298,1
9821,P_NOUN_8_PASS_b,M,P,les colliers avec le pot que j' aime beaucoup ne sont probablement pas réparés <eos>,13,réparés,réparées,11,M,S,réparés,-10.346541,réparées,-11.807591,1
9822,P_NOUN_8_PASS_b,M,P,les colliers avec le pot que j' aime beaucoup ne sont probablement pas retirés <eos>,13,retirés,retirées,11,M,S,retirés,-8.227432,retirées,-10.553614,1
9823,P_NOUN_8_PASS_b,M,P,les colliers avec le pot que j' aime beaucoup ne sont probablement pas tombés <eos>,13,tombés,tombées,11,M,S,tombés,-6.930271,tombées,-10.360561,1
9824,P_NOUN_8_PASS_b,M,P,les colliers avec le pot que j' aime beaucoup ne sont probablement pas utilisés <eos>,13,utilisés,utilisées,11,M,S,utilisés,-4.567603,utilisées,-8.228395,1
9825,P_NOUN_8_PASS_b,M,P,les colliers avec le coussin que j' aime beaucoup ne sont probablement pas achetés <eos>,13,achetés,achetées,11,M,S,achetés,-9.754634,achetées,-13.6054,1
9826,P_NOUN_8_PASS_b,M,P,les colliers avec le coussin que j' aime beaucoup ne sont probablement pas brisés <eos>,13,brisés,brisées,11,M,S,brisés,-9.608036,brisées,-11.206047,1
9827,P_NOUN_8_PASS_b,M,P,les colliers avec le coussin que j' aime beaucoup ne sont probablement pas cachés <eos>,13,cachés,cachées,11,M,S,cachés,-7.9580727,cachées,-11.604723,1
9828,P_NOUN_8_PASS_b,M,P,les colliers avec le coussin que j' aime beaucoup ne sont probablement pas cassés <eos>,13,cassés,cassées,11,M,S,cassés,-8.899796,cassées,-10.337867,1
9829,P_NOUN_8_PASS_b,M,P,les colliers avec le coussin que j' aime beaucoup ne sont probablement pas couverts <eos>,13,couverts,couvertes,11,M,S,couverts,-7.234033,couvertes,-10.8120365,1
9830,P_NOUN_8_PASS_b,M,P,les colliers avec le coussin que j' aime beaucoup ne sont probablement pas déformés <eos>,13,déformés,déformées,11,M,S,déformés,-10.698323,déformées,-10.011778,0
9831,P_NOUN_8_PASS_b,M,P,les colliers avec le coussin que j' aime beaucoup ne sont probablement pas fixés <eos>,13,fixés,fixées,11,M,S,fixés,-7.886195,fixées,-10.121554,1
9832,P_NOUN_8_PASS_b,M,P,les colliers avec le coussin que j' aime beaucoup ne sont probablement pas jetés <eos>,13,jetés,jetées,11,M,S,jetés,-8.0074835,jetées,-11.711281,1
9833,P_NOUN_8_PASS_b,M,P,les colliers avec le coussin que j' aime beaucoup ne sont probablement pas laissés <eos>,13,laissés,laissées,11,M,S,laissés,-8.536356,laissées,-10.96093,1
9834,P_NOUN_8_PASS_b,M,P,les colliers avec le coussin que j' aime beaucoup ne sont probablement pas ouverts <eos>,13,ouverts,ouvertes,11,M,S,ouverts,-8.292751,ouvertes,-11.596413,1
9835,P_NOUN_8_PASS_b,M,P,les colliers avec le coussin que j' aime beaucoup ne sont probablement pas perdus <eos>,13,perdus,perdues,11,M,S,perdus,-6.9023952,perdues,-10.484073,1
9836,P_NOUN_8_PASS_b,M,P,les colliers avec le coussin que j' aime beaucoup ne sont probablement pas réparés <eos>,13,réparés,réparées,11,M,S,réparés,-10.861071,réparées,-12.122065,1
9837,P_NOUN_8_PASS_b,M,P,les colliers avec le coussin que j' aime beaucoup ne sont probablement pas retirés <eos>,13,retirés,retirées,11,M,S,retirés,-8.183031,retirées,-10.656453,1
9838,P_NOUN_8_PASS_b,M,P,les colliers avec le coussin que j' aime beaucoup ne sont probablement pas tombés <eos>,13,tombés,tombées,11,M,S,tombés,-7.03808,tombées,-10.640185,1
9839,P_NOUN_8_PASS_b,M,P,les colliers avec le coussin que j' aime beaucoup ne sont probablement pas utilisés <eos>,13,utilisés,utilisées,11,M,S,utilisés,-4.4238834,utilisées,-8.031185,1
9840,P_NOUN_8_PASS_b,M,P,les colliers avec le jouet que j' aime beaucoup ne sont probablement pas achetés <eos>,13,achetés,achetées,11,M,S,achetés,-9.373645,achetées,-13.765873,1
9841,P_NOUN_8_PASS_b,M,P,les colliers avec le jouet que j' aime beaucoup ne sont probablement pas brisés <eos>,13,brisés,brisées,11,M,S,brisés,-9.655229,brisées,-11.259184,1
9842,P_NOUN_8_PASS_b,M,P,les colliers avec le jouet que j' aime beaucoup ne sont probablement pas cachés <eos>,13,cachés,cachées,11,M,S,cachés,-8.031812,cachées,-11.531235,1
9843,P_NOUN_8_PASS_b,M,P,les colliers avec le jouet que j' aime beaucoup ne sont probablement pas cassés <eos>,13,cassés,cassées,11,M,S,cassés,-8.872713,cassées,-10.568493,1
9844,P_NOUN_8_PASS_b,M,P,les colliers avec le jouet que j' aime beaucoup ne sont probablement pas couverts <eos>,13,couverts,couvertes,11,M,S,couverts,-7.1903205,couvertes,-11.1222515,1
9845,P_NOUN_8_PASS_b,M,P,les colliers avec le jouet que j' aime beaucoup ne sont probablement pas déformés <eos>,13,déformés,déformées,11,M,S,déformés,-10.488001,déformées,-10.15077,0
9846,P_NOUN_8_PASS_b,M,P,les colliers avec le jouet que j' aime beaucoup ne sont probablement pas fixés <eos>,13,fixés,fixées,11,M,S,fixés,-8.094419,fixées,-10.423012,1
9847,P_NOUN_8_PASS_b,M,P,les colliers avec le jouet que j' aime beaucoup ne sont probablement pas jetés <eos>,13,jetés,jetées,11,M,S,jetés,-7.952656,jetées,-11.870003,1
9848,P_NOUN_8_PASS_b,M,P,les colliers avec le jouet que j' aime beaucoup ne sont probablement pas laissés <eos>,13,laissés,laissées,11,M,S,laissés,-8.529012,laissées,-11.081154,1
9849,P_NOUN_8_PASS_b,M,P,les colliers avec le jouet que j' aime beaucoup ne sont probablement pas ouverts <eos>,13,ouverts,ouvertes,11,M,S,ouverts,-8.174351,ouvertes,-11.803904,1
9850,P_NOUN_8_PASS_b,M,P,les colliers avec le jouet que j' aime beaucoup ne sont probablement pas perdus <eos>,13,perdus,perdues,11,M,S,perdus,-6.6484156,perdues,-10.402137,1
9851,P_NOUN_8_PASS_b,M,P,les colliers avec le jouet que j' aime beaucoup ne sont probablement pas réparés <eos>,13,réparés,réparées,11,M,S,réparés,-10.981602,réparées,-12.147363,1
9852,P_NOUN_8_PASS_b,M,P,les colliers avec le jouet que j' aime beaucoup ne sont probablement pas retirés <eos>,13,retirés,retirées,11,M,S,retirés,-8.445173,retirées,-10.750571,1
9853,P_NOUN_8_PASS_b,M,P,les colliers avec le jouet que j' aime beaucoup ne sont probablement pas tombés <eos>,13,tombés,tombées,11,M,S,tombés,-7.307659,tombées,-10.718276,1
9854,P_NOUN_8_PASS_b,M,P,les colliers avec le jouet que j' aime beaucoup ne sont probablement pas utilisés <eos>,13,utilisés,utilisées,11,M,S,utilisés,-4.7184443,utilisées,-8.330492,1
9855,P_NOUN_8_PASS_b,M,P,les colliers avec le clou que j' aime beaucoup ne sont probablement pas achetés <eos>,13,achetés,achetées,11,M,S,achetés,-9.465178,achetées,-13.492704,1
9856,P_NOUN_8_PASS_b,M,P,les colliers avec le clou que j' aime beaucoup ne sont probablement pas brisés <eos>,13,brisés,brisées,11,M,S,brisés,-9.723508,brisées,-11.403802,1
9857,P_NOUN_8_PASS_b,M,P,les colliers avec le clou que j' aime beaucoup ne sont probablement pas cachés <eos>,13,cachés,cachées,11,M,S,cachés,-8.158368,cachées,-11.632401,1
9858,P_NOUN_8_PASS_b,M,P,les colliers avec le clou que j' aime beaucoup ne sont probablement pas cassés <eos>,13,cassés,cassées,11,M,S,cassés,-8.79791,cassées,-10.579771,1
9859,P_NOUN_8_PASS_b,M,P,les colliers avec le clou que j' aime beaucoup ne sont probablement pas couverts <eos>,13,couverts,couvertes,11,M,S,couverts,-7.1667786,couvertes,-11.032478,1
9860,P_NOUN_8_PASS_b,M,P,les colliers avec le clou que j' aime beaucoup ne sont probablement pas déformés <eos>,13,déformés,déformées,11,M,S,déformés,-10.396445,déformées,-10.208384,0
9861,P_NOUN_8_PASS_b,M,P,les colliers avec le clou que j' aime beaucoup ne sont probablement pas fixés <eos>,13,fixés,fixées,11,M,S,fixés,-8.123822,fixées,-10.4846115,1
9862,P_NOUN_8_PASS_b,M,P,les colliers avec le clou que j' aime beaucoup ne sont probablement pas jetés <eos>,13,jetés,jetées,11,M,S,jetés,-8.064292,jetées,-12.0507145,1
9863,P_NOUN_8_PASS_b,M,P,les colliers avec le clou que j' aime beaucoup ne sont probablement pas laissés <eos>,13,laissés,laissées,11,M,S,laissés,-8.495843,laissées,-11.2240505,1
9864,P_NOUN_8_PASS_b,M,P,les colliers avec le clou que j' aime beaucoup ne sont probablement pas ouverts <eos>,13,ouverts,ouvertes,11,M,S,ouverts,-8.223713,ouvertes,-11.687158,1
9865,P_NOUN_8_PASS_b,M,P,les colliers avec le clou que j' aime beaucoup ne sont probablement pas perdus <eos>,13,perdus,perdues,11,M,S,perdus,-6.596121,perdues,-10.304974,1
9866,P_NOUN_8_PASS_b,M,P,les colliers avec le clou que j' aime beaucoup ne sont probablement pas réparés <eos>,13,réparés,réparées,11,M,S,réparés,-10.81043,réparées,-11.944308,1
9867,P_NOUN_8_PASS_b,M,P,les colliers avec le clou que j' aime beaucoup ne sont probablement pas retirés <eos>,13,retirés,retirées,11,M,S,retirés,-8.359289,retirées,-10.558198,1
9868,P_NOUN_8_PASS_b,M,P,les colliers avec le clou que j' aime beaucoup ne sont probablement pas tombés <eos>,13,tombés,tombées,11,M,S,tombés,-7.125874,tombées,-10.448399,1
9869,P_NOUN_8_PASS_b,M,P,les colliers avec le clou que j' aime beaucoup ne sont probablement pas utilisés <eos>,13,utilisés,utilisées,11,M,S,utilisés,-4.960499,utilisées,-8.526891,1
9870,P_NOUN_8_PASS_b,M,P,les colliers avec le billet que j' aime beaucoup ne sont probablement pas achetés <eos>,13,achetés,achetées,11,M,S,achetés,-9.203527,achetées,-12.872542,1
9871,P_NOUN_8_PASS_b,M,P,les colliers avec le billet que j' aime beaucoup ne sont probablement pas brisés <eos>,13,brisés,brisées,11,M,S,brisés,-10.438726,brisées,-11.651657,1
9872,P_NOUN_8_PASS_b,M,P,les colliers avec le billet que j' aime beaucoup ne sont probablement pas cachés <eos>,13,cachés,cachées,11,M,S,cachés,-7.704028,cachées,-11.63543,1
9873,P_NOUN_8_PASS_b,M,P,les colliers avec le billet que j' aime beaucoup ne sont probablement pas cassés <eos>,13,cassés,cassées,11,M,S,cassés,-9.214241,cassées,-10.887641,1
9874,P_NOUN_8_PASS_b,M,P,les colliers avec le billet que j' aime beaucoup ne sont probablement pas couverts <eos>,13,couverts,couvertes,11,M,S,couverts,-7.3469462,couvertes,-11.586943,1
9875,P_NOUN_8_PASS_b,M,P,les colliers avec le billet que j' aime beaucoup ne sont probablement pas déformés <eos>,13,déformés,déformées,11,M,S,déformés,-11.06617,déformées,-10.543616,0
9876,P_NOUN_8_PASS_b,M,P,les colliers avec le billet que j' aime beaucoup ne sont probablement pas fixés <eos>,13,fixés,fixées,11,M,S,fixés,-7.98244,fixées,-10.390248,1
9877,P_NOUN_8_PASS_b,M,P,les colliers avec le billet que j' aime beaucoup ne sont probablement pas jetés <eos>,13,jetés,jetées,11,M,S,jetés,-7.9780703,jetées,-11.899304,1
9878,P_NOUN_8_PASS_b,M,P,les colliers avec le billet que j' aime beaucoup ne sont probablement pas laissés <eos>,13,laissés,laissées,11,M,S,laissés,-8.654446,laissées,-11.150033,1
9879,P_NOUN_8_PASS_b,M,P,les colliers avec le billet que j' aime beaucoup ne sont probablement pas ouverts <eos>,13,ouverts,ouvertes,11,M,S,ouverts,-8.322425,ouvertes,-12.116877,1
9880,P_NOUN_8_PASS_b,M,P,les colliers avec le billet que j' aime beaucoup ne sont probablement pas perdus <eos>,13,perdus,perdues,11,M,S,perdus,-6.5351415,perdues,-9.884327,1
9881,P_NOUN_8_PASS_b,M,P,les colliers avec le billet que j' aime beaucoup ne sont probablement pas réparés <eos>,13,réparés,réparées,11,M,S,réparés,-11.184479,réparées,-12.181274,1
9882,P_NOUN_8_PASS_b,M,P,les colliers avec le billet que j' aime beaucoup ne sont probablement pas retirés <eos>,13,retirés,retirées,11,M,S,retirés,-7.9637427,retirées,-10.479918,1
9883,P_NOUN_8_PASS_b,M,P,les colliers avec le billet que j' aime beaucoup ne sont probablement pas tombés <eos>,13,tombés,tombées,11,M,S,tombés,-7.04438,tombées,-10.711728,1
9884,P_NOUN_8_PASS_b,M,P,les colliers avec le billet que j' aime beaucoup ne sont probablement pas utilisés <eos>,13,utilisés,utilisées,11,M,S,utilisés,-4.7667418,utilisées,-8.274457,1
9885,P_NOUN_8_PASS_b,M,P,les colliers avec le légume que j' aime beaucoup ne sont probablement pas achetés <eos>,13,achetés,achetées,11,M,S,achetés,-9.067097,achetées,-13.581378,1
9886,P_NOUN_8_PASS_b,M,P,les colliers avec le légume que j' aime beaucoup ne sont probablement pas brisés <eos>,13,brisés,brisées,11,M,S,brisés,-10.172285,brisées,-11.734108,1
9887,P_NOUN_8_PASS_b,M,P,les colliers avec le légume que j' aime beaucoup ne sont probablement pas cachés <eos>,13,cachés,cachées,11,M,S,cachés,-8.459846,cachées,-12.080806,1
9888,P_NOUN_8_PASS_b,M,P,les colliers avec le légume que j' aime beaucoup ne sont probablement pas cassés <eos>,13,cassés,cassées,11,M,S,cassés,-8.776628,cassées,-10.804358,1
9889,P_NOUN_8_PASS_b,M,P,les colliers avec le légume que j' aime beaucoup ne sont probablement pas couverts <eos>,13,couverts,couvertes,11,M,S,couverts,-6.3648105,couvertes,-10.804918,1
9890,P_NOUN_8_PASS_b,M,P,les colliers avec le légume que j' aime beaucoup ne sont probablement pas déformés <eos>,13,déformés,déformées,11,M,S,déformés,-11.219142,déformées,-11.163189,0
9891,P_NOUN_8_PASS_b,M,P,les colliers avec le légume que j' aime beaucoup ne sont probablement pas fixés <eos>,13,fixés,fixées,11,M,S,fixés,-8.398085,fixées,-11.210938,1
9892,P_NOUN_8_PASS_b,M,P,les colliers avec le légume que j' aime beaucoup ne sont probablement pas jetés <eos>,13,jetés,jetées,11,M,S,jetés,-8.665991,jetées,-11.987537,1
9893,P_NOUN_8_PASS_b,M,P,les colliers avec le légume que j' aime beaucoup ne sont probablement pas laissés <eos>,13,laissés,laissées,11,M,S,laissés,-8.090318,laissées,-10.832805,1
9894,P_NOUN_8_PASS_b,M,P,les colliers avec le légume que j' aime beaucoup ne sont probablement pas ouverts <eos>,13,ouverts,ouvertes,11,M,S,ouverts,-7.7187724,ouvertes,-11.726676,1
9895,P_NOUN_8_PASS_b,M,P,les colliers avec le légume que j' aime beaucoup ne sont probablement pas perdus <eos>,13,perdus,perdues,11,M,S,perdus,-6.989419,perdues,-10.687356,1
9896,P_NOUN_8_PASS_b,M,P,les colliers avec le légume que j' aime beaucoup ne sont probablement pas réparés <eos>,13,réparés,réparées,11,M,S,réparés,-10.722651,réparées,-12.670919,1
9897,P_NOUN_8_PASS_b,M,P,les colliers avec le légume que j' aime beaucoup ne sont probablement pas retirés <eos>,13,retirés,retirées,11,M,S,retirés,-8.590235,retirées,-11.2871275,1
9898,P_NOUN_8_PASS_b,M,P,les colliers avec le légume que j' aime beaucoup ne sont probablement pas tombés <eos>,13,tombés,tombées,11,M,S,tombés,-7.219493,tombées,-10.621089,1
9899,P_NOUN_8_PASS_b,M,P,les colliers avec le légume que j' aime beaucoup ne sont probablement pas utilisés <eos>,13,utilisés,utilisées,11,M,S,utilisés,-4.961836,utilisées,-8.565548,1
9900,P_NOUN_8_PASS_b,M,P,les chapeaux avec le bracelet que j' aime beaucoup ne sont probablement pas achetés <eos>,13,achetés,achetées,11,M,S,achetés,-9.1659155,achetées,-12.700177,1
9901,P_NOUN_8_PASS_b,M,P,les chapeaux avec le bracelet que j' aime beaucoup ne sont probablement pas brisés <eos>,13,brisés,brisées,11,M,S,brisés,-10.820438,brisées,-11.474379,1
9902,P_NOUN_8_PASS_b,M,P,les chapeaux avec le bracelet que j' aime beaucoup ne sont probablement pas cachés <eos>,13,cachés,cachées,11,M,S,cachés,-7.7349014,cachées,-11.165035,1
9903,P_NOUN_8_PASS_b,M,P,les chapeaux avec le bracelet que j' aime beaucoup ne sont probablement pas cassés <eos>,13,cassés,cassées,11,M,S,cassés,-10.031004,cassées,-11.039047,1
9904,P_NOUN_8_PASS_b,M,P,les chapeaux avec le bracelet que j' aime beaucoup ne sont probablement pas couverts <eos>,13,couverts,couvertes,11,M,S,couverts,-7.59585,couvertes,-11.848284,1
9905,P_NOUN_8_PASS_b,M,P,les chapeaux avec le bracelet que j' aime beaucoup ne sont probablement pas déformés <eos>,13,déformés,déformées,11,M,S,déformés,-12.052576,déformées,-11.769852,0
9906,P_NOUN_8_PASS_b,M,P,les chapeaux avec le bracelet que j' aime beaucoup ne sont probablement pas fixés <eos>,13,fixés,fixées,11,M,S,fixés,-7.822919,fixées,-10.559559,1
9907,P_NOUN_8_PASS_b,M,P,les chapeaux avec le bracelet que j' aime beaucoup ne sont probablement pas jetés <eos>,13,jetés,jetées,11,M,S,jetés,-8.100224,jetées,-11.423866,1
9908,P_NOUN_8_PASS_b,M,P,les chapeaux avec le bracelet que j' aime beaucoup ne sont probablement pas laissés <eos>,13,laissés,laissées,11,M,S,laissés,-8.809047,laissées,-11.471223,1
9909,P_NOUN_8_PASS_b,M,P,les chapeaux avec le bracelet que j' aime beaucoup ne sont probablement pas ouverts <eos>,13,ouverts,ouvertes,11,M,S,ouverts,-8.539609,ouvertes,-11.709328,1
9910,P_NOUN_8_PASS_b,M,P,les chapeaux avec le bracelet que j' aime beaucoup ne sont probablement pas perdus <eos>,13,perdus,perdues,11,M,S,perdus,-6.73794,perdues,-10.304338,1
9911,P_NOUN_8_PASS_b,M,P,les chapeaux avec le bracelet que j' aime beaucoup ne sont probablement pas réparés <eos>,13,réparés,réparées,11,M,S,réparés,-11.257618,réparées,-12.7436695,1
9912,P_NOUN_8_PASS_b,M,P,les chapeaux avec le bracelet que j' aime beaucoup ne sont probablement pas retirés <eos>,13,retirés,retirées,11,M,S,retirés,-8.367172,retirées,-10.917342,1
9913,P_NOUN_8_PASS_b,M,P,les chapeaux avec le bracelet que j' aime beaucoup ne sont probablement pas tombés <eos>,13,tombés,tombées,11,M,S,tombés,-5.773238,tombées,-10.988833,1
9914,P_NOUN_8_PASS_b,M,P,les chapeaux avec le bracelet que j' aime beaucoup ne sont probablement pas utilisés <eos>,13,utilisés,utilisées,11,M,S,utilisés,-4.9455833,utilisées,-8.522334,1
9915,P_NOUN_8_PASS_b,M,P,les chapeaux avec le miroir que j' aime beaucoup ne sont probablement pas achetés <eos>,13,achetés,achetées,11,M,S,achetés,-9.490013,achetées,-13.661528,1
9916,P_NOUN_8_PASS_b,M,P,les chapeaux avec le miroir que j' aime beaucoup ne sont probablement pas brisés <eos>,13,brisés,brisées,11,M,S,brisés,-10.590196,brisées,-11.796617,1
9917,P_NOUN_8_PASS_b,M,P,les chapeaux avec le miroir que j' aime beaucoup ne sont probablement pas cachés <eos>,13,cachés,cachées,11,M,S,cachés,-7.763697,cachées,-10.688372,1
9918,P_NOUN_8_PASS_b,M,P,les chapeaux avec le miroir que j' aime beaucoup ne sont probablement pas cassés <eos>,13,cassés,cassées,11,M,S,cassés,-10.232461,cassées,-11.222472,1
9919,P_NOUN_8_PASS_b,M,P,les chapeaux avec le miroir que j' aime beaucoup ne sont probablement pas couverts <eos>,13,couverts,couvertes,11,M,S,couverts,-7.501459,couvertes,-11.500763,1
9920,P_NOUN_8_PASS_b,M,P,les chapeaux avec le miroir que j' aime beaucoup ne sont probablement pas déformés <eos>,13,déformés,déformées,11,M,S,déformés,-11.025667,déformées,-10.9459305,0
9921,P_NOUN_8_PASS_b,M,P,les chapeaux avec le miroir que j' aime beaucoup ne sont probablement pas fixés <eos>,13,fixés,fixées,11,M,S,fixés,-8.739271,fixées,-11.294206,1
9922,P_NOUN_8_PASS_b,M,P,les chapeaux avec le miroir que j' aime beaucoup ne sont probablement pas jetés <eos>,13,jetés,jetées,11,M,S,jetés,-8.830021,jetées,-11.980776,1
9923,P_NOUN_8_PASS_b,M,P,les chapeaux avec le miroir que j' aime beaucoup ne sont probablement pas laissés <eos>,13,laissés,laissées,11,M,S,laissés,-8.615833,laissées,-11.531452,1
9924,P_NOUN_8_PASS_b,M,P,les chapeaux avec le miroir que j' aime beaucoup ne sont probablement pas ouverts <eos>,13,ouverts,ouvertes,11,M,S,ouverts,-7.979621,ouvertes,-11.361583,1
9925,P_NOUN_8_PASS_b,M,P,les chapeaux avec le miroir que j' aime beaucoup ne sont probablement pas perdus <eos>,13,perdus,perdues,11,M,S,perdus,-6.8648014,perdues,-10.244873,1
9926,P_NOUN_8_PASS_b,M,P,les chapeaux avec le miroir que j' aime beaucoup ne sont probablement pas réparés <eos>,13,réparés,réparées,11,M,S,réparés,-11.479101,réparées,-12.586266,1
9927,P_NOUN_8_PASS_b,M,P,les chapeaux avec le miroir que j' aime beaucoup ne sont probablement pas retirés <eos>,13,retirés,retirées,11,M,S,retirés,-8.969513,retirées,-11.21855,1
9928,P_NOUN_8_PASS_b,M,P,les chapeaux avec le miroir que j' aime beaucoup ne sont probablement pas tombés <eos>,13,tombés,tombées,11,M,S,tombés,-6.9517403,tombées,-11.004038,1
9929,P_NOUN_8_PASS_b,M,P,les chapeaux avec le miroir que j' aime beaucoup ne sont probablement pas utilisés <eos>,13,utilisés,utilisées,11,M,S,utilisés,-5.38952,utilisées,-8.870886,1
9930,P_NOUN_8_PASS_b,M,P,les chapeaux avec le crayon que j' aime beaucoup ne sont probablement pas achetés <eos>,13,achetés,achetées,11,M,S,achetés,-8.689144,achetées,-13.02146,1
9931,P_NOUN_8_PASS_b,M,P,les chapeaux avec le crayon que j' aime beaucoup ne sont probablement pas brisés <eos>,13,brisés,brisées,11,M,S,brisés,-11.06644,brisées,-12.052966,1
9932,P_NOUN_8_PASS_b,M,P,les chapeaux avec le crayon que j' aime beaucoup ne sont probablement pas cachés <eos>,13,cachés,cachées,11,M,S,cachés,-7.764516,cachées,-11.297191,1
9933,P_NOUN_8_PASS_b,M,P,les chapeaux avec le crayon que j' aime beaucoup ne sont probablement pas cassés <eos>,13,cassés,cassées,11,M,S,cassés,-10.000829,cassées,-11.187017,1
9934,P_NOUN_8_PASS_b,M,P,les chapeaux avec le crayon que j' aime beaucoup ne sont probablement pas couverts <eos>,13,couverts,couvertes,11,M,S,couverts,-7.245392,couvertes,-11.555702,1
9935,P_NOUN_8_PASS_b,M,P,les chapeaux avec le crayon que j' aime beaucoup ne sont probablement pas déformés <eos>,13,déformés,déformées,11,M,S,déformés,-11.53467,déformées,-11.000218,0
9936,P_NOUN_8_PASS_b,M,P,les chapeaux avec le crayon que j' aime beaucoup ne sont probablement pas fixés <eos>,13,fixés,fixées,11,M,S,fixés,-8.661089,fixées,-11.047411,1
9937,P_NOUN_8_PASS_b,M,P,les chapeaux avec le crayon que j' aime beaucoup ne sont probablement pas jetés <eos>,13,jetés,jetées,11,M,S,jetés,-8.713591,jetées,-11.749529,1
9938,P_NOUN_8_PASS_b,M,P,les chapeaux avec le crayon que j' aime beaucoup ne sont probablement pas laissés <eos>,13,laissés,laissées,11,M,S,laissés,-8.354313,laissées,-11.314432,1
9939,P_NOUN_8_PASS_b,M,P,les chapeaux avec le crayon que j' aime beaucoup ne sont probablement pas ouverts <eos>,13,ouverts,ouvertes,11,M,S,ouverts,-8.342281,ouvertes,-11.825617,1
9940,P_NOUN_8_PASS_b,M,P,les chapeaux avec le crayon que j' aime beaucoup ne sont probablement pas perdus <eos>,13,perdus,perdues,11,M,S,perdus,-7.1215897,perdues,-9.983341,1
9941,P_NOUN_8_PASS_b,M,P,les chapeaux avec le crayon que j' aime beaucoup ne sont probablement pas réparés <eos>,13,réparés,réparées,11,M,S,réparés,-11.170734,réparées,-12.078503,1
9942,P_NOUN_8_PASS_b,M,P,les chapeaux avec le crayon que j' aime beaucoup ne sont probablement pas retirés <eos>,13,retirés,retirées,11,M,S,retirés,-8.700937,retirées,-10.765537,1
9943,P_NOUN_8_PASS_b,M,P,les chapeaux avec le crayon que j' aime beaucoup ne sont probablement pas tombés <eos>,13,tombés,tombées,11,M,S,tombés,-7.161316,tombées,-10.799679,1
9944,P_NOUN_8_PASS_b,M,P,les chapeaux avec le crayon que j' aime beaucoup ne sont probablement pas utilisés <eos>,13,utilisés,utilisées,11,M,S,utilisés,-4.959548,utilisées,-8.458646,1
9945,P_NOUN_8_PASS_b,M,P,les chapeaux avec le rideau que j' aime beaucoup ne sont probablement pas achetés <eos>,13,achetés,achetées,11,M,S,achetés,-9.833286,achetées,-13.759602,1
9946,P_NOUN_8_PASS_b,M,P,les chapeaux avec le rideau que j' aime beaucoup ne sont probablement pas brisés <eos>,13,brisés,brisées,11,M,S,brisés,-10.738297,brisées,-11.92287,1
9947,P_NOUN_8_PASS_b,M,P,les chapeaux avec le rideau que j' aime beaucoup ne sont probablement pas cachés <eos>,13,cachés,cachées,11,M,S,cachés,-8.393101,cachées,-10.853384,1
9948,P_NOUN_8_PASS_b,M,P,les chapeaux avec le rideau que j' aime beaucoup ne sont probablement pas cassés <eos>,13,cassés,cassées,11,M,S,cassés,-10.490964,cassées,-11.112891,1
9949,P_NOUN_8_PASS_b,M,P,les chapeaux avec le rideau que j' aime beaucoup ne sont probablement pas couverts <eos>,13,couverts,couvertes,11,M,S,couverts,-7.2320304,couvertes,-11.180147,1
9950,P_NOUN_8_PASS_b,M,P,les chapeaux avec le rideau que j' aime beaucoup ne sont probablement pas déformés <eos>,13,déformés,déformées,11,M,S,déformés,-11.280857,déformées,-11.507708,1
9951,P_NOUN_8_PASS_b,M,P,les chapeaux avec le rideau que j' aime beaucoup ne sont probablement pas fixés <eos>,13,fixés,fixées,11,M,S,fixés,-8.418558,fixées,-10.925189,1
9952,P_NOUN_8_PASS_b,M,P,les chapeaux avec le rideau que j' aime beaucoup ne sont probablement pas jetés <eos>,13,jetés,jetées,11,M,S,jetés,-8.868293,jetées,-11.725923,1
9953,P_NOUN_8_PASS_b,M,P,les chapeaux avec le rideau que j' aime beaucoup ne sont probablement pas laissés <eos>,13,laissés,laissées,11,M,S,laissés,-8.778927,laissées,-11.558597,1
9954,P_NOUN_8_PASS_b,M,P,les chapeaux avec le rideau que j' aime beaucoup ne sont probablement pas ouverts <eos>,13,ouverts,ouvertes,11,M,S,ouverts,-7.8691196,ouvertes,-11.202632,1
9955,P_NOUN_8_PASS_b,M,P,les chapeaux avec le rideau que j' aime beaucoup ne sont probablement pas perdus <eos>,13,perdus,perdues,11,M,S,perdus,-7.419537,perdues,-10.850155,1
9956,P_NOUN_8_PASS_b,M,P,les chapeaux avec le rideau que j' aime beaucoup ne sont probablement pas réparés <eos>,13,réparés,réparées,11,M,S,réparés,-10.951959,réparées,-12.382282,1
9957,P_NOUN_8_PASS_b,M,P,les chapeaux avec le rideau que j' aime beaucoup ne sont probablement pas retirés <eos>,13,retirés,retirées,11,M,S,retirés,-9.216313,retirées,-11.302894,1
9958,P_NOUN_8_PASS_b,M,P,les chapeaux avec le rideau que j' aime beaucoup ne sont probablement pas tombés <eos>,13,tombés,tombées,11,M,S,tombés,-6.802532,tombées,-10.909479,1
9959,P_NOUN_8_PASS_b,M,P,les chapeaux avec le rideau que j' aime beaucoup ne sont probablement pas utilisés <eos>,13,utilisés,utilisées,11,M,S,utilisés,-5.400356,utilisées,-8.873619,1
9960,P_NOUN_8_PASS_b,M,P,les chapeaux avec le cahier que j' aime beaucoup ne sont probablement pas achetés <eos>,13,achetés,achetées,11,M,S,achetés,-9.038042,achetées,-13.35324,1
9961,P_NOUN_8_PASS_b,M,P,les chapeaux avec le cahier que j' aime beaucoup ne sont probablement pas brisés <eos>,13,brisés,brisées,11,M,S,brisés,-11.053895,brisées,-12.623548,1
9962,P_NOUN_8_PASS_b,M,P,les chapeaux avec le cahier que j' aime beaucoup ne sont probablement pas cachés <eos>,13,cachés,cachées,11,M,S,cachés,-8.1416445,cachées,-11.712957,1
9963,P_NOUN_8_PASS_b,M,P,les chapeaux avec le cahier que j' aime beaucoup ne sont probablement pas cassés <eos>,13,cassés,cassées,11,M,S,cassés,-10.942658,cassées,-11.853973,1
9964,P_NOUN_8_PASS_b,M,P,les chapeaux avec le cahier que j' aime beaucoup ne sont probablement pas couverts <eos>,13,couverts,couvertes,11,M,S,couverts,-7.122502,couvertes,-12.071184,1
9965,P_NOUN_8_PASS_b,M,P,les chapeaux avec le cahier que j' aime beaucoup ne sont probablement pas déformés <eos>,13,déformés,déformées,11,M,S,déformés,-11.207384,déformées,-11.920037,1
9966,P_NOUN_8_PASS_b,M,P,les chapeaux avec le cahier que j' aime beaucoup ne sont probablement pas fixés <eos>,13,fixés,fixées,11,M,S,fixés,-8.676475,fixées,-11.371556,1
9967,P_NOUN_8_PASS_b,M,P,les chapeaux avec le cahier que j' aime beaucoup ne sont probablement pas jetés <eos>,13,jetés,jetées,11,M,S,jetés,-9.260625,jetées,-12.607034,1
9968,P_NOUN_8_PASS_b,M,P,les chapeaux avec le cahier que j' aime beaucoup ne sont probablement pas laissés <eos>,13,laissés,laissées,11,M,S,laissés,-8.564208,laissées,-12.372095,1
9969,P_NOUN_8_PASS_b,M,P,les chapeaux avec le cahier que j' aime beaucoup ne sont probablement pas ouverts <eos>,13,ouverts,ouvertes,11,M,S,ouverts,-7.70599,ouvertes,-11.748642,1
9970,P_NOUN_8_PASS_b,M,P,les chapeaux avec le cahier que j' aime beaucoup ne sont probablement pas perdus <eos>,13,perdus,perdues,11,M,S,perdus,-6.4967995,perdues,-10.177935,1
9971,P_NOUN_8_PASS_b,M,P,les chapeaux avec le cahier que j' aime beaucoup ne sont probablement pas réparés <eos>,13,réparés,réparées,11,M,S,réparés,-11.360308,réparées,-12.736997,1
9972,P_NOUN_8_PASS_b,M,P,les chapeaux avec le cahier que j' aime beaucoup ne sont probablement pas retirés <eos>,13,retirés,retirées,11,M,S,retirés,-8.4573,retirées,-11.237052,1
9973,P_NOUN_8_PASS_b,M,P,les chapeaux avec le cahier que j' aime beaucoup ne sont probablement pas tombés <eos>,13,tombés,tombées,11,M,S,tombés,-6.551553,tombées,-11.321555,1
9974,P_NOUN_8_PASS_b,M,P,les chapeaux avec le cahier que j' aime beaucoup ne sont probablement pas utilisés <eos>,13,utilisés,utilisées,11,M,S,utilisés,-5.395404,utilisées,-9.19917,1
9975,P_NOUN_8_PASS_b,M,P,les chapeaux avec le micro que j' aime beaucoup ne sont probablement pas achetés <eos>,13,achetés,achetées,11,M,S,achetés,-9.490408,achetées,-13.449105,1
9976,P_NOUN_8_PASS_b,M,P,les chapeaux avec le micro que j' aime beaucoup ne sont probablement pas brisés <eos>,13,brisés,brisées,11,M,S,brisés,-10.864521,brisées,-12.034632,1
9977,P_NOUN_8_PASS_b,M,P,les chapeaux avec le micro que j' aime beaucoup ne sont probablement pas cachés <eos>,13,cachés,cachées,11,M,S,cachés,-7.966698,cachées,-10.936369,1
9978,P_NOUN_8_PASS_b,M,P,les chapeaux avec le micro que j' aime beaucoup ne sont probablement pas cassés <eos>,13,cassés,cassées,11,M,S,cassés,-10.625599,cassées,-11.27662,1
9979,P_NOUN_8_PASS_b,M,P,les chapeaux avec le micro que j' aime beaucoup ne sont probablement pas couverts <eos>,13,couverts,couvertes,11,M,S,couverts,-7.438346,couvertes,-11.360129,1
9980,P_NOUN_8_PASS_b,M,P,les chapeaux avec le micro que j' aime beaucoup ne sont probablement pas déformés <eos>,13,déformés,déformées,11,M,S,déformés,-11.487131,déformées,-11.734373,1
9981,P_NOUN_8_PASS_b,M,P,les chapeaux avec le micro que j' aime beaucoup ne sont probablement pas fixés <eos>,13,fixés,fixées,11,M,S,fixés,-8.351915,fixées,-11.462711,1
9982,P_NOUN_8_PASS_b,M,P,les chapeaux avec le micro que j' aime beaucoup ne sont probablement pas jetés <eos>,13,jetés,jetées,11,M,S,jetés,-9.062018,jetées,-12.081781,1
9983,P_NOUN_8_PASS_b,M,P,les chapeaux avec le micro que j' aime beaucoup ne sont probablement pas laissés <eos>,13,laissés,laissées,11,M,S,laissés,-8.870682,laissées,-11.523586,1
9984,P_NOUN_8_PASS_b,M,P,les chapeaux avec le micro que j' aime beaucoup ne sont probablement pas ouverts <eos>,13,ouverts,ouvertes,11,M,S,ouverts,-7.9797106,ouvertes,-11.391744,1
9985,P_NOUN_8_PASS_b,M,P,les chapeaux avec le micro que j' aime beaucoup ne sont probablement pas perdus <eos>,13,perdus,perdues,11,M,S,perdus,-7.3183126,perdues,-10.930918,1
9986,P_NOUN_8_PASS_b,M,P,les chapeaux avec le micro que j' aime beaucoup ne sont probablement pas réparés <eos>,13,réparés,réparées,11,M,S,réparés,-11.264055,réparées,-12.588022,1
9987,P_NOUN_8_PASS_b,M,P,les chapeaux avec le micro que j' aime beaucoup ne sont probablement pas retirés <eos>,13,retirés,retirées,11,M,S,retirés,-9.129862,retirées,-11.294939,1
9988,P_NOUN_8_PASS_b,M,P,les chapeaux avec le micro que j' aime beaucoup ne sont probablement pas tombés <eos>,13,tombés,tombées,11,M,S,tombés,-7.140153,tombées,-11.358342,1
9989,P_NOUN_8_PASS_b,M,P,les chapeaux avec le micro que j' aime beaucoup ne sont probablement pas utilisés <eos>,13,utilisés,utilisées,11,M,S,utilisés,-5.364407,utilisées,-8.875288,1
9990,P_NOUN_8_PASS_b,M,P,les chapeaux avec le sac que j' aime beaucoup ne sont probablement pas achetés <eos>,13,achetés,achetées,11,M,S,achetés,-9.456401,achetées,-13.44327,1
9991,P_NOUN_8_PASS_b,M,P,les chapeaux avec le sac que j' aime beaucoup ne sont probablement pas brisés <eos>,13,brisés,brisées,11,M,S,brisés,-10.687982,brisées,-11.9586115,1
9992,P_NOUN_8_PASS_b,M,P,les chapeaux avec le sac que j' aime beaucoup ne sont probablement pas cachés <eos>,13,cachés,cachées,11,M,S,cachés,-7.816038,cachées,-10.95036,1
9993,P_NOUN_8_PASS_b,M,P,les chapeaux avec le sac que j' aime beaucoup ne sont probablement pas cassés <eos>,13,cassés,cassées,11,M,S,cassés,-10.327942,cassées,-10.815809,1
9994,P_NOUN_8_PASS_b,M,P,les chapeaux avec le sac que j' aime beaucoup ne sont probablement pas couverts <eos>,13,couverts,couvertes,11,M,S,couverts,-7.259843,couvertes,-11.379881,1
9995,P_NOUN_8_PASS_b,M,P,les chapeaux avec le sac que j' aime beaucoup ne sont probablement pas déformés <eos>,13,déformés,déformées,11,M,S,déformés,-11.523273,déformées,-11.639221,1
9996,P_NOUN_8_PASS_b,M,P,les chapeaux avec le sac que j' aime beaucoup ne sont probablement pas fixés <eos>,13,fixés,fixées,11,M,S,fixés,-8.542697,fixées,-11.166566,1
9997,P_NOUN_8_PASS_b,M,P,les chapeaux avec le sac que j' aime beaucoup ne sont probablement pas jetés <eos>,13,jetés,jetées,11,M,S,jetés,-8.580122,jetées,-11.493975,1
9998,P_NOUN_8_PASS_b,M,P,les chapeaux avec le sac que j' aime beaucoup ne sont probablement pas laissés <eos>,13,laissés,laissées,11,M,S,laissés,-8.501015,laissées,-11.512604,1
9999,P_NOUN_8_PASS_b,M,P,les chapeaux avec le sac que j' aime beaucoup ne sont probablement pas ouverts <eos>,13,ouverts,ouvertes,11,M,S,ouverts,-8.043955,ouvertes,-11.436756,1
10000,P_NOUN_8_PASS_b,M,P,les chapeaux avec le sac que j' aime beaucoup ne sont probablement pas perdus <eos>,13,perdus,perdues,11,M,S,perdus,-7.192959,perdues,-10.442208,1
10001,P_NOUN_8_PASS_b,M,P,les chapeaux avec le sac que j' aime beaucoup ne sont probablement pas réparés <eos>,13,réparés,réparées,11,M,S,réparés,-11.02981,réparées,-12.363905,1
10002,P_NOUN_8_PASS_b,M,P,les chapeaux avec le sac que j' aime beaucoup ne sont probablement pas retirés <eos>,13,retirés,retirées,11,M,S,retirés,-8.858793,retirées,-11.270607,1
10003,P_NOUN_8_PASS_b,M,P,les chapeaux avec le sac que j' aime beaucoup ne sont probablement pas tombés <eos>,13,tombés,tombées,11,M,S,tombés,-6.3112383,tombées,-10.939685,1
10004,P_NOUN_8_PASS_b,M,P,les chapeaux avec le sac que j' aime beaucoup ne sont probablement pas utilisés <eos>,13,utilisés,utilisées,11,M,S,utilisés,-5.1777716,utilisées,-8.733875,1
10005,P_NOUN_8_PASS_b,M,P,les chapeaux avec le clavier que j' aime beaucoup ne sont probablement pas achetés <eos>,13,achetés,achetées,11,M,S,achetés,-9.814985,achetées,-14.030877,1
10006,P_NOUN_8_PASS_b,M,P,les chapeaux avec le clavier que j' aime beaucoup ne sont probablement pas brisés <eos>,13,brisés,brisées,11,M,S,brisés,-10.881661,brisées,-11.940694,1
10007,P_NOUN_8_PASS_b,M,P,les chapeaux avec le clavier que j' aime beaucoup ne sont probablement pas cachés <eos>,13,cachés,cachées,11,M,S,cachés,-8.140503,cachées,-11.022591,1
10008,P_NOUN_8_PASS_b,M,P,les chapeaux avec le clavier que j' aime beaucoup ne sont probablement pas cassés <eos>,13,cassés,cassées,11,M,S,cassés,-10.767003,cassées,-11.543895,1
10009,P_NOUN_8_PASS_b,M,P,les chapeaux avec le clavier que j' aime beaucoup ne sont probablement pas couverts <eos>,13,couverts,couvertes,11,M,S,couverts,-7.6630535,couvertes,-11.635419,1
10010,P_NOUN_8_PASS_b,M,P,les chapeaux avec le clavier que j' aime beaucoup ne sont probablement pas déformés <eos>,13,déformés,déformées,11,M,S,déformés,-11.219972,déformées,-10.832295,0
10011,P_NOUN_8_PASS_b,M,P,les chapeaux avec le clavier que j' aime beaucoup ne sont probablement pas fixés <eos>,13,fixés,fixées,11,M,S,fixés,-8.1971855,fixées,-11.1843195,1
10012,P_NOUN_8_PASS_b,M,P,les chapeaux avec le clavier que j' aime beaucoup ne sont probablement pas jetés <eos>,13,jetés,jetées,11,M,S,jetés,-9.120682,jetées,-12.30187,1
10013,P_NOUN_8_PASS_b,M,P,les chapeaux avec le clavier que j' aime beaucoup ne sont probablement pas laissés <eos>,13,laissés,laissées,11,M,S,laissés,-8.942242,laissées,-11.590343,1
10014,P_NOUN_8_PASS_b,M,P,les chapeaux avec le clavier que j' aime beaucoup ne sont probablement pas ouverts <eos>,13,ouverts,ouvertes,11,M,S,ouverts,-8.101139,ouvertes,-11.529449,1
10015,P_NOUN_8_PASS_b,M,P,les chapeaux avec le clavier que j' aime beaucoup ne sont probablement pas perdus <eos>,13,perdus,perdues,11,M,S,perdus,-7.317438,perdues,-10.756485,1
10016,P_NOUN_8_PASS_b,M,P,les chapeaux avec le clavier que j' aime beaucoup ne sont probablement pas réparés <eos>,13,réparés,réparées,11,M,S,réparés,-11.563008,réparées,-12.851608,1
10017,P_NOUN_8_PASS_b,M,P,les chapeaux avec le clavier que j' aime beaucoup ne sont probablement pas retirés <eos>,13,retirés,retirées,11,M,S,retirés,-9.473088,retirées,-11.489212,1
10018,P_NOUN_8_PASS_b,M,P,les chapeaux avec le clavier que j' aime beaucoup ne sont probablement pas tombés <eos>,13,tombés,tombées,11,M,S,tombés,-7.54093,tombées,-11.558852,1
10019,P_NOUN_8_PASS_b,M,P,les chapeaux avec le clavier que j' aime beaucoup ne sont probablement pas utilisés <eos>,13,utilisés,utilisées,11,M,S,utilisés,-4.841928,utilisées,-8.484488,1
10020,P_NOUN_8_PASS_b,M,P,les chapeaux avec le raisin que j' aime beaucoup ne sont probablement pas achetés <eos>,13,achetés,achetées,11,M,S,achetés,-8.535883,achetées,-12.8615,1
10021,P_NOUN_8_PASS_b,M,P,les chapeaux avec le raisin que j' aime beaucoup ne sont probablement pas brisés <eos>,13,brisés,brisées,11,M,S,brisés,-11.118704,brisées,-12.186582,1
10022,P_NOUN_8_PASS_b,M,P,les chapeaux avec le raisin que j' aime beaucoup ne sont probablement pas cachés <eos>,13,cachés,cachées,11,M,S,cachés,-8.417318,cachées,-11.366432,1
10023,P_NOUN_8_PASS_b,M,P,les chapeaux avec le raisin que j' aime beaucoup ne sont probablement pas cassés <eos>,13,cassés,cassées,11,M,S,cassés,-9.321292,cassées,-11.264239,1
10024,P_NOUN_8_PASS_b,M,P,les chapeaux avec le raisin que j' aime beaucoup ne sont probablement pas couverts <eos>,13,couverts,couvertes,11,M,S,couverts,-6.478083,couvertes,-11.148281,1
10025,P_NOUN_8_PASS_b,M,P,les chapeaux avec le raisin que j' aime beaucoup ne sont probablement pas déformés <eos>,13,déformés,déformées,11,M,S,déformés,-12.280775,déformées,-11.853315,0
10026,P_NOUN_8_PASS_b,M,P,les chapeaux avec le raisin que j' aime beaucoup ne sont probablement pas fixés <eos>,13,fixés,fixées,11,M,S,fixés,-8.254086,fixées,-11.14728,1
10027,P_NOUN_8_PASS_b,M,P,les chapeaux avec le raisin que j' aime beaucoup ne sont probablement pas jetés <eos>,13,jetés,jetées,11,M,S,jetés,-9.310543,jetées,-12.913826,1
10028,P_NOUN_8_PASS_b,M,P,les chapeaux avec le raisin que j' aime beaucoup ne sont probablement pas laissés <eos>,13,laissés,laissées,11,M,S,laissés,-8.392438,laissées,-11.251626,1
10029,P_NOUN_8_PASS_b,M,P,les chapeaux avec le raisin que j' aime beaucoup ne sont probablement pas ouverts <eos>,13,ouverts,ouvertes,11,M,S,ouverts,-8.627501,ouvertes,-11.5190525,1
10030,P_NOUN_8_PASS_b,M,P,les chapeaux avec le raisin que j' aime beaucoup ne sont probablement pas perdus <eos>,13,perdus,perdues,11,M,S,perdus,-7.66312,perdues,-10.625832,1
10031,P_NOUN_8_PASS_b,M,P,les chapeaux avec le raisin que j' aime beaucoup ne sont probablement pas réparés <eos>,13,réparés,réparées,11,M,S,réparés,-11.232786,réparées,-12.557184,1
10032,P_NOUN_8_PASS_b,M,P,les chapeaux avec le raisin que j' aime beaucoup ne sont probablement pas retirés <eos>,13,retirés,retirées,11,M,S,retirés,-8.563859,retirées,-10.875995,1
10033,P_NOUN_8_PASS_b,M,P,les chapeaux avec le raisin que j' aime beaucoup ne sont probablement pas tombés <eos>,13,tombés,tombées,11,M,S,tombés,-6.712365,tombées,-10.419477,1
10034,P_NOUN_8_PASS_b,M,P,les chapeaux avec le raisin que j' aime beaucoup ne sont probablement pas utilisés <eos>,13,utilisés,utilisées,11,M,S,utilisés,-4.7583685,utilisées,-8.334083,1
10035,P_NOUN_8_PASS_b,M,P,les chapeaux avec le chargeur que j' aime beaucoup ne sont probablement pas achetés <eos>,13,achetés,achetées,11,M,S,achetés,-8.981364,achetées,-12.896449,1
10036,P_NOUN_8_PASS_b,M,P,les chapeaux avec le chargeur que j' aime beaucoup ne sont probablement pas brisés <eos>,13,brisés,brisées,11,M,S,brisés,-11.264519,brisées,-12.053236,1
10037,P_NOUN_8_PASS_b,M,P,les chapeaux avec le chargeur que j' aime beaucoup ne sont probablement pas cachés <eos>,13,cachés,cachées,11,M,S,cachés,-7.236332,cachées,-11.0067425,1
10038,P_NOUN_8_PASS_b,M,P,les chapeaux avec le chargeur que j' aime beaucoup ne sont probablement pas cassés <eos>,13,cassés,cassées,11,M,S,cassés,-10.343452,cassées,-11.25627,1
10039,P_NOUN_8_PASS_b,M,P,les chapeaux avec le chargeur que j' aime beaucoup ne sont probablement pas couverts <eos>,13,couverts,couvertes,11,M,S,couverts,-7.6282735,couvertes,-11.25625,1
10040,P_NOUN_8_PASS_b,M,P,les chapeaux avec le chargeur que j' aime beaucoup ne sont probablement pas déformés <eos>,13,déformés,déformées,11,M,S,déformés,-12.223276,déformées,-11.635806,0
10041,P_NOUN_8_PASS_b,M,P,les chapeaux avec le chargeur que j' aime beaucoup ne sont probablement pas fixés <eos>,13,fixés,fixées,11,M,S,fixés,-8.477371,fixées,-10.686175,1
10042,P_NOUN_8_PASS_b,M,P,les chapeaux avec le chargeur que j' aime beaucoup ne sont probablement pas jetés <eos>,13,jetés,jetées,11,M,S,jetés,-8.706461,jetées,-11.977095,1
10043,P_NOUN_8_PASS_b,M,P,les chapeaux avec le chargeur que j' aime beaucoup ne sont probablement pas laissés <eos>,13,laissés,laissées,11,M,S,laissés,-8.412659,laissées,-11.555103,1
10044,P_NOUN_8_PASS_b,M,P,les chapeaux avec le chargeur que j' aime beaucoup ne sont probablement pas ouverts <eos>,13,ouverts,ouvertes,11,M,S,ouverts,-8.371666,ouvertes,-11.327479,1
10045,P_NOUN_8_PASS_b,M,P,les chapeaux avec le chargeur que j' aime beaucoup ne sont probablement pas perdus <eos>,13,perdus,perdues,11,M,S,perdus,-7.169532,perdues,-10.104274,1
10046,P_NOUN_8_PASS_b,M,P,les chapeaux avec le chargeur que j' aime beaucoup ne sont probablement pas réparés <eos>,13,réparés,réparées,11,M,S,réparés,-10.84112,réparées,-12.170874,1
10047,P_NOUN_8_PASS_b,M,P,les chapeaux avec le chargeur que j' aime beaucoup ne sont probablement pas retirés <eos>,13,retirés,retirées,11,M,S,retirés,-7.836404,retirées,-10.672906,1
10048,P_NOUN_8_PASS_b,M,P,les chapeaux avec le chargeur que j' aime beaucoup ne sont probablement pas tombés <eos>,13,tombés,tombées,11,M,S,tombés,-6.4955425,tombées,-10.958511,1
10049,P_NOUN_8_PASS_b,M,P,les chapeaux avec le chargeur que j' aime beaucoup ne sont probablement pas utilisés <eos>,13,utilisés,utilisées,11,M,S,utilisés,-4.438201,utilisées,-8.047263,1
10050,P_NOUN_8_PASS_b,M,P,les chapeaux avec le vase que j' aime beaucoup ne sont probablement pas achetés <eos>,13,achetés,achetées,11,M,S,achetés,-8.977114,achetées,-13.038065,1
10051,P_NOUN_8_PASS_b,M,P,les chapeaux avec le vase que j' aime beaucoup ne sont probablement pas brisés <eos>,13,brisés,brisées,11,M,S,brisés,-10.665325,brisées,-11.764456,1
10052,P_NOUN_8_PASS_b,M,P,les chapeaux avec le vase que j' aime beaucoup ne sont probablement pas cachés <eos>,13,cachés,cachées,11,M,S,cachés,-7.8311214,cachées,-10.973495,1
10053,P_NOUN_8_PASS_b,M,P,les chapeaux avec le vase que j' aime beaucoup ne sont probablement pas cassés <eos>,13,cassés,cassées,11,M,S,cassés,-9.837105,cassées,-11.059326,1
10054,P_NOUN_8_PASS_b,M,P,les chapeaux avec le vase que j' aime beaucoup ne sont probablement pas couverts <eos>,13,couverts,couvertes,11,M,S,couverts,-7.1651106,couvertes,-11.269648,1
10055,P_NOUN_8_PASS_b,M,P,les chapeaux avec le vase que j' aime beaucoup ne sont probablement pas déformés <eos>,13,déformés,déformées,11,M,S,déformés,-11.234811,déformées,-11.419621,1
10056,P_NOUN_8_PASS_b,M,P,les chapeaux avec le vase que j' aime beaucoup ne sont probablement pas fixés <eos>,13,fixés,fixées,11,M,S,fixés,-8.387636,fixées,-11.232168,1
10057,P_NOUN_8_PASS_b,M,P,les chapeaux avec le vase que j' aime beaucoup ne sont probablement pas jetés <eos>,13,jetés,jetées,11,M,S,jetés,-8.388723,jetées,-11.35855,1
10058,P_NOUN_8_PASS_b,M,P,les chapeaux avec le vase que j' aime beaucoup ne sont probablement pas laissés <eos>,13,laissés,laissées,11,M,S,laissés,-8.222284,laissées,-11.188744,1
10059,P_NOUN_8_PASS_b,M,P,les chapeaux avec le vase que j' aime beaucoup ne sont probablement pas ouverts <eos>,13,ouverts,ouvertes,11,M,S,ouverts,-7.766873,ouvertes,-11.327339,1
10060,P_NOUN_8_PASS_b,M,P,les chapeaux avec le vase que j' aime beaucoup ne sont probablement pas perdus <eos>,13,perdus,perdues,11,M,S,perdus,-6.6806755,perdues,-10.207303,1
10061,P_NOUN_8_PASS_b,M,P,les chapeaux avec le vase que j' aime beaucoup ne sont probablement pas réparés <eos>,13,réparés,réparées,11,M,S,réparés,-10.534426,réparées,-11.9819,1
10062,P_NOUN_8_PASS_b,M,P,les chapeaux avec le vase que j' aime beaucoup ne sont probablement pas retirés <eos>,13,retirés,retirées,11,M,S,retirés,-8.688187,retirées,-10.9338255,1
10063,P_NOUN_8_PASS_b,M,P,les chapeaux avec le vase que j' aime beaucoup ne sont probablement pas tombés <eos>,13,tombés,tombées,11,M,S,tombés,-6.5145464,tombées,-10.4981365,1
10064,P_NOUN_8_PASS_b,M,P,les chapeaux avec le vase que j' aime beaucoup ne sont probablement pas utilisés <eos>,13,utilisés,utilisées,11,M,S,utilisés,-5.5650845,utilisées,-9.001488,1
10065,P_NOUN_8_PASS_b,M,P,les chapeaux avec le panier que j' aime beaucoup ne sont probablement pas achetés <eos>,13,achetés,achetées,11,M,S,achetés,-8.700744,achetées,-12.502365,1
10066,P_NOUN_8_PASS_b,M,P,les chapeaux avec le panier que j' aime beaucoup ne sont probablement pas brisés <eos>,13,brisés,brisées,11,M,S,brisés,-11.056549,brisées,-11.909269,1
10067,P_NOUN_8_PASS_b,M,P,les chapeaux avec le panier que j' aime beaucoup ne sont probablement pas cachés <eos>,13,cachés,cachées,11,M,S,cachés,-8.1350765,cachées,-11.554038,1
10068,P_NOUN_8_PASS_b,M,P,les chapeaux avec le panier que j' aime beaucoup ne sont probablement pas cassés <eos>,13,cassés,cassées,11,M,S,cassés,-10.170361,cassées,-11.106308,1
10069,P_NOUN_8_PASS_b,M,P,les chapeaux avec le panier que j' aime beaucoup ne sont probablement pas couverts <eos>,13,couverts,couvertes,11,M,S,couverts,-7.071417,couvertes,-11.375023,1
10070,P_NOUN_8_PASS_b,M,P,les chapeaux avec le panier que j' aime beaucoup ne sont probablement pas déformés <eos>,13,déformés,déformées,11,M,S,déformés,-12.10483,déformées,-11.90723,0
10071,P_NOUN_8_PASS_b,M,P,les chapeaux avec le panier que j' aime beaucoup ne sont probablement pas fixés <eos>,13,fixés,fixées,11,M,S,fixés,-8.147739,fixées,-11.29724,1
10072,P_NOUN_8_PASS_b,M,P,les chapeaux avec le panier que j' aime beaucoup ne sont probablement pas jetés <eos>,13,jetés,jetées,11,M,S,jetés,-8.815319,jetées,-11.9714155,1
10073,P_NOUN_8_PASS_b,M,P,les chapeaux avec le panier que j' aime beaucoup ne sont probablement pas laissés <eos>,13,laissés,laissées,11,M,S,laissés,-8.619437,laissées,-11.274006,1
10074,P_NOUN_8_PASS_b,M,P,les chapeaux avec le panier que j' aime beaucoup ne sont probablement pas ouverts <eos>,13,ouverts,ouvertes,11,M,S,ouverts,-7.9532704,ouvertes,-11.504583,1
10075,P_NOUN_8_PASS_b,M,P,les chapeaux avec le panier que j' aime beaucoup ne sont probablement pas perdus <eos>,13,perdus,perdues,11,M,S,perdus,-6.916112,perdues,-10.471161,1
10076,P_NOUN_8_PASS_b,M,P,les chapeaux avec le panier que j' aime beaucoup ne sont probablement pas réparés <eos>,13,réparés,réparées,11,M,S,réparés,-10.971901,réparées,-12.270599,1
10077,P_NOUN_8_PASS_b,M,P,les chapeaux avec le panier que j' aime beaucoup ne sont probablement pas retirés <eos>,13,retirés,retirées,11,M,S,retirés,-8.516682,retirées,-10.943244,1
10078,P_NOUN_8_PASS_b,M,P,les chapeaux avec le panier que j' aime beaucoup ne sont probablement pas tombés <eos>,13,tombés,tombées,11,M,S,tombés,-6.773005,tombées,-11.328915,1
10079,P_NOUN_8_PASS_b,M,P,les chapeaux avec le panier que j' aime beaucoup ne sont probablement pas utilisés <eos>,13,utilisés,utilisées,11,M,S,utilisés,-5.131572,utilisées,-8.737308,1
10080,P_NOUN_8_PASS_b,M,P,les chapeaux avec le collier que j' aime beaucoup ne sont probablement pas achetés <eos>,13,achetés,achetées,11,M,S,achetés,-9.480981,achetées,-13.432191,1
10081,P_NOUN_8_PASS_b,M,P,les chapeaux avec le collier que j' aime beaucoup ne sont probablement pas brisés <eos>,13,brisés,brisées,11,M,S,brisés,-10.882679,brisées,-11.972813,1
10082,P_NOUN_8_PASS_b,M,P,les chapeaux avec le collier que j' aime beaucoup ne sont probablement pas cachés <eos>,13,cachés,cachées,11,M,S,cachés,-7.972792,cachées,-11.118616,1
10083,P_NOUN_8_PASS_b,M,P,les chapeaux avec le collier que j' aime beaucoup ne sont probablement pas cassés <eos>,13,cassés,cassées,11,M,S,cassés,-10.476538,cassées,-11.1942425,1
10084,P_NOUN_8_PASS_b,M,P,les chapeaux avec le collier que j' aime beaucoup ne sont probablement pas couverts <eos>,13,couverts,couvertes,11,M,S,couverts,-7.601125,couvertes,-11.845231,1
10085,P_NOUN_8_PASS_b,M,P,les chapeaux avec le collier que j' aime beaucoup ne sont probablement pas déformés <eos>,13,déformés,déformées,11,M,S,déformés,-11.64693,déformées,-11.799775,1
10086,P_NOUN_8_PASS_b,M,P,les chapeaux avec le collier que j' aime beaucoup ne sont probablement pas fixés <eos>,13,fixés,fixées,11,M,S,fixés,-8.493708,fixées,-11.232711,1
10087,P_NOUN_8_PASS_b,M,P,les chapeaux avec le collier que j' aime beaucoup ne sont probablement pas jetés <eos>,13,jetés,jetées,11,M,S,jetés,-8.700215,jetées,-11.758636,1
10088,P_NOUN_8_PASS_b,M,P,les chapeaux avec le collier que j' aime beaucoup ne sont probablement pas laissés <eos>,13,laissés,laissées,11,M,S,laissés,-8.7802725,laissées,-11.7532835,1
10089,P_NOUN_8_PASS_b,M,P,les chapeaux avec le collier que j' aime beaucoup ne sont probablement pas ouverts <eos>,13,ouverts,ouvertes,11,M,S,ouverts,-8.297363,ouvertes,-11.812258,1
10090,P_NOUN_8_PASS_b,M,P,les chapeaux avec le collier que j' aime beaucoup ne sont probablement pas perdus <eos>,13,perdus,perdues,11,M,S,perdus,-7.1425467,perdues,-10.535303,1
10091,P_NOUN_8_PASS_b,M,P,les chapeaux avec le collier que j' aime beaucoup ne sont probablement pas réparés <eos>,13,réparés,réparées,11,M,S,réparés,-11.207306,réparées,-12.820927,1
10092,P_NOUN_8_PASS_b,M,P,les chapeaux avec le collier que j' aime beaucoup ne sont probablement pas retirés <eos>,13,retirés,retirées,11,M,S,retirés,-8.79301,retirées,-11.467682,1
10093,P_NOUN_8_PASS_b,M,P,les chapeaux avec le collier que j' aime beaucoup ne sont probablement pas tombés <eos>,13,tombés,tombées,11,M,S,tombés,-6.2500925,tombées,-11.221705,1
10094,P_NOUN_8_PASS_b,M,P,les chapeaux avec le collier que j' aime beaucoup ne sont probablement pas utilisés <eos>,13,utilisés,utilisées,11,M,S,utilisés,-5.2965055,utilisées,-9.015408,1
10095,P_NOUN_8_PASS_b,M,P,les chapeaux avec le chapeau que j' aime beaucoup ne sont probablement pas achetés <eos>,13,achetés,achetées,11,M,S,achetés,-9.440187,achetées,-13.310598,1
10096,P_NOUN_8_PASS_b,M,P,les chapeaux avec le chapeau que j' aime beaucoup ne sont probablement pas brisés <eos>,13,brisés,brisées,11,M,S,brisés,-10.897029,brisées,-11.966109,1
10097,P_NOUN_8_PASS_b,M,P,les chapeaux avec le chapeau que j' aime beaucoup ne sont probablement pas cachés <eos>,13,cachés,cachées,11,M,S,cachés,-7.780261,cachées,-10.716596,1
10098,P_NOUN_8_PASS_b,M,P,les chapeaux avec le chapeau que j' aime beaucoup ne sont probablement pas cassés <eos>,13,cassés,cassées,11,M,S,cassés,-10.372552,cassées,-10.872094,1
10099,P_NOUN_8_PASS_b,M,P,les chapeaux avec le chapeau que j' aime beaucoup ne sont probablement pas couverts <eos>,13,couverts,couvertes,11,M,S,couverts,-7.3792467,couvertes,-11.342674,1
10100,P_NOUN_8_PASS_b,M,P,les chapeaux avec le chapeau que j' aime beaucoup ne sont probablement pas déformés <eos>,13,déformés,déformées,11,M,S,déformés,-11.511726,déformées,-11.489595,0
10101,P_NOUN_8_PASS_b,M,P,les chapeaux avec le chapeau que j' aime beaucoup ne sont probablement pas fixés <eos>,13,fixés,fixées,11,M,S,fixés,-8.806356,fixées,-11.549875,1
10102,P_NOUN_8_PASS_b,M,P,les chapeaux avec le chapeau que j' aime beaucoup ne sont probablement pas jetés <eos>,13,jetés,jetées,11,M,S,jetés,-8.698104,jetées,-11.620016,1
10103,P_NOUN_8_PASS_b,M,P,les chapeaux avec le chapeau que j' aime beaucoup ne sont probablement pas laissés <eos>,13,laissés,laissées,11,M,S,laissés,-8.664318,laissées,-11.62694,1
10104,P_NOUN_8_PASS_b,M,P,les chapeaux avec le chapeau que j' aime beaucoup ne sont probablement pas ouverts <eos>,13,ouverts,ouvertes,11,M,S,ouverts,-7.913075,ouvertes,-11.303804,1
10105,P_NOUN_8_PASS_b,M,P,les chapeaux avec le chapeau que j' aime beaucoup ne sont probablement pas perdus <eos>,13,perdus,perdues,11,M,S,perdus,-7.2729845,perdues,-10.537911,1
10106,P_NOUN_8_PASS_b,M,P,les chapeaux avec le chapeau que j' aime beaucoup ne sont probablement pas réparés <eos>,13,réparés,réparées,11,M,S,réparés,-11.3621235,réparées,-12.710558,1
10107,P_NOUN_8_PASS_b,M,P,les chapeaux avec le chapeau que j' aime beaucoup ne sont probablement pas retirés <eos>,13,retirés,retirées,11,M,S,retirés,-8.848516,retirées,-11.221062,1
10108,P_NOUN_8_PASS_b,M,P,les chapeaux avec le chapeau que j' aime beaucoup ne sont probablement pas tombés <eos>,13,tombés,tombées,11,M,S,tombés,-6.4590154,tombées,-10.872232,1
10109,P_NOUN_8_PASS_b,M,P,les chapeaux avec le chapeau que j' aime beaucoup ne sont probablement pas utilisés <eos>,13,utilisés,utilisées,11,M,S,utilisés,-5.469179,utilisées,-8.828128,1
10110,P_NOUN_8_PASS_b,M,P,les chapeaux avec le pot que j' aime beaucoup ne sont probablement pas achetés <eos>,13,achetés,achetées,11,M,S,achetés,-9.137363,achetées,-13.162801,1
10111,P_NOUN_8_PASS_b,M,P,les chapeaux avec le pot que j' aime beaucoup ne sont probablement pas brisés <eos>,13,brisés,brisées,11,M,S,brisés,-10.7544565,brisées,-11.917752,1
10112,P_NOUN_8_PASS_b,M,P,les chapeaux avec le pot que j' aime beaucoup ne sont probablement pas cachés <eos>,13,cachés,cachées,11,M,S,cachés,-7.89931,cachées,-11.058267,1
10113,P_NOUN_8_PASS_b,M,P,les chapeaux avec le pot que j' aime beaucoup ne sont probablement pas cassés <eos>,13,cassés,cassées,11,M,S,cassés,-10.065239,cassées,-11.061819,1
10114,P_NOUN_8_PASS_b,M,P,les chapeaux avec le pot que j' aime beaucoup ne sont probablement pas couverts <eos>,13,couverts,couvertes,11,M,S,couverts,-6.991583,couvertes,-11.180184,1
10115,P_NOUN_8_PASS_b,M,P,les chapeaux avec le pot que j' aime beaucoup ne sont probablement pas déformés <eos>,13,déformés,déformées,11,M,S,déformés,-11.659441,déformées,-11.834845,1
10116,P_NOUN_8_PASS_b,M,P,les chapeaux avec le pot que j' aime beaucoup ne sont probablement pas fixés <eos>,13,fixés,fixées,11,M,S,fixés,-8.281371,fixées,-11.269106,1
10117,P_NOUN_8_PASS_b,M,P,les chapeaux avec le pot que j' aime beaucoup ne sont probablement pas jetés <eos>,13,jetés,jetées,11,M,S,jetés,-8.736167,jetées,-11.646174,1
10118,P_NOUN_8_PASS_b,M,P,les chapeaux avec le pot que j' aime beaucoup ne sont probablement pas laissés <eos>,13,laissés,laissées,11,M,S,laissés,-8.410736,laissées,-11.248011,1
10119,P_NOUN_8_PASS_b,M,P,les chapeaux avec le pot que j' aime beaucoup ne sont probablement pas ouverts <eos>,13,ouverts,ouvertes,11,M,S,ouverts,-8.14705,ouvertes,-11.597578,1
10120,P_NOUN_8_PASS_b,M,P,les chapeaux avec le pot que j' aime beaucoup ne sont probablement pas perdus <eos>,13,perdus,perdues,11,M,S,perdus,-7.108892,perdues,-10.540018,1
10121,P_NOUN_8_PASS_b,M,P,les chapeaux avec le pot que j' aime beaucoup ne sont probablement pas réparés <eos>,13,réparés,réparées,11,M,S,réparés,-10.672756,réparées,-12.214108,1
10122,P_NOUN_8_PASS_b,M,P,les chapeaux avec le pot que j' aime beaucoup ne sont probablement pas retirés <eos>,13,retirés,retirées,11,M,S,retirés,-8.837948,retirées,-11.0718155,1
10123,P_NOUN_8_PASS_b,M,P,les chapeaux avec le pot que j' aime beaucoup ne sont probablement pas tombés <eos>,13,tombés,tombées,11,M,S,tombés,-6.538233,tombées,-10.716532,1
10124,P_NOUN_8_PASS_b,M,P,les chapeaux avec le pot que j' aime beaucoup ne sont probablement pas utilisés <eos>,13,utilisés,utilisées,11,M,S,utilisés,-5.202467,utilisées,-8.788562,1
10125,P_NOUN_8_PASS_b,M,P,les chapeaux avec le coussin que j' aime beaucoup ne sont probablement pas achetés <eos>,13,achetés,achetées,11,M,S,achetés,-9.6739435,achetées,-13.522728,1
10126,P_NOUN_8_PASS_b,M,P,les chapeaux avec le coussin que j' aime beaucoup ne sont probablement pas brisés <eos>,13,brisés,brisées,11,M,S,brisés,-10.805998,brisées,-11.940416,1
10127,P_NOUN_8_PASS_b,M,P,les chapeaux avec le coussin que j' aime beaucoup ne sont probablement pas cachés <eos>,13,cachés,cachées,11,M,S,cachés,-7.835293,cachées,-11.046068,1
10128,P_NOUN_8_PASS_b,M,P,les chapeaux avec le coussin que j' aime beaucoup ne sont probablement pas cassés <eos>,13,cassés,cassées,11,M,S,cassés,-10.408676,cassées,-10.924906,1
10129,P_NOUN_8_PASS_b,M,P,les chapeaux avec le coussin que j' aime beaucoup ne sont probablement pas couverts <eos>,13,couverts,couvertes,11,M,S,couverts,-7.4596214,couvertes,-11.126164,1
10130,P_NOUN_8_PASS_b,M,P,les chapeaux avec le coussin que j' aime beaucoup ne sont probablement pas déformés <eos>,13,déformés,déformées,11,M,S,déformés,-11.551048,déformées,-11.458244,0
10131,P_NOUN_8_PASS_b,M,P,les chapeaux avec le coussin que j' aime beaucoup ne sont probablement pas fixés <eos>,13,fixés,fixées,11,M,S,fixés,-8.193482,fixées,-10.840967,1
10132,P_NOUN_8_PASS_b,M,P,les chapeaux avec le coussin que j' aime beaucoup ne sont probablement pas jetés <eos>,13,jetés,jetées,11,M,S,jetés,-9.006858,jetées,-11.756161,1
10133,P_NOUN_8_PASS_b,M,P,les chapeaux avec le coussin que j' aime beaucoup ne sont probablement pas laissés <eos>,13,laissés,laissées,11,M,S,laissés,-8.758961,laissées,-11.45528,1
10134,P_NOUN_8_PASS_b,M,P,les chapeaux avec le coussin que j' aime beaucoup ne sont probablement pas ouverts <eos>,13,ouverts,ouvertes,11,M,S,ouverts,-8.182447,ouvertes,-11.477976,1
10135,P_NOUN_8_PASS_b,M,P,les chapeaux avec le coussin que j' aime beaucoup ne sont probablement pas perdus <eos>,13,perdus,perdues,11,M,S,perdus,-7.493643,perdues,-10.794369,1
10136,P_NOUN_8_PASS_b,M,P,les chapeaux avec le coussin que j' aime beaucoup ne sont probablement pas réparés <eos>,13,réparés,réparées,11,M,S,réparés,-11.272392,réparées,-12.732641,1
10137,P_NOUN_8_PASS_b,M,P,les chapeaux avec le coussin que j' aime beaucoup ne sont probablement pas retirés <eos>,13,retirés,retirées,11,M,S,retirés,-8.744031,retirées,-11.152704,1
10138,P_NOUN_8_PASS_b,M,P,les chapeaux avec le coussin que j' aime beaucoup ne sont probablement pas tombés <eos>,13,tombés,tombées,11,M,S,tombés,-6.764233,tombées,-11.149885,1
10139,P_NOUN_8_PASS_b,M,P,les chapeaux avec le coussin que j' aime beaucoup ne sont probablement pas utilisés <eos>,13,utilisés,utilisées,11,M,S,utilisés,-4.984315,utilisées,-8.543249,1
10140,P_NOUN_8_PASS_b,M,P,les chapeaux avec le jouet que j' aime beaucoup ne sont probablement pas achetés <eos>,13,achetés,achetées,11,M,S,achetés,-9.413173,achetées,-13.654835,1
10141,P_NOUN_8_PASS_b,M,P,les chapeaux avec le jouet que j' aime beaucoup ne sont probablement pas brisés <eos>,13,brisés,brisées,11,M,S,brisés,-10.812576,brisées,-11.983156,1
10142,P_NOUN_8_PASS_b,M,P,les chapeaux avec le jouet que j' aime beaucoup ne sont probablement pas cachés <eos>,13,cachés,cachées,11,M,S,cachés,-8.126224,cachées,-10.976977,1
10143,P_NOUN_8_PASS_b,M,P,les chapeaux avec le jouet que j' aime beaucoup ne sont probablement pas cassés <eos>,13,cassés,cassées,11,M,S,cassés,-10.508254,cassées,-11.17206,1
10144,P_NOUN_8_PASS_b,M,P,les chapeaux avec le jouet que j' aime beaucoup ne sont probablement pas couverts <eos>,13,couverts,couvertes,11,M,S,couverts,-7.695751,couvertes,-11.646769,1
10145,P_NOUN_8_PASS_b,M,P,les chapeaux avec le jouet que j' aime beaucoup ne sont probablement pas déformés <eos>,13,déformés,déformées,11,M,S,déformés,-11.366045,déformées,-11.596539,1
10146,P_NOUN_8_PASS_b,M,P,les chapeaux avec le jouet que j' aime beaucoup ne sont probablement pas fixés <eos>,13,fixés,fixées,11,M,S,fixés,-8.456362,fixées,-11.245762,1
10147,P_NOUN_8_PASS_b,M,P,les chapeaux avec le jouet que j' aime beaucoup ne sont probablement pas jetés <eos>,13,jetés,jetées,11,M,S,jetés,-9.051001,jetées,-12.023349,1
10148,P_NOUN_8_PASS_b,M,P,les chapeaux avec le jouet que j' aime beaucoup ne sont probablement pas laissés <eos>,13,laissés,laissées,11,M,S,laissés,-8.940369,laissées,-11.655073,1
10149,P_NOUN_8_PASS_b,M,P,les chapeaux avec le jouet que j' aime beaucoup ne sont probablement pas ouverts <eos>,13,ouverts,ouvertes,11,M,S,ouverts,-8.013054,ouvertes,-11.585159,1
10150,P_NOUN_8_PASS_b,M,P,les chapeaux avec le jouet que j' aime beaucoup ne sont probablement pas perdus <eos>,13,perdus,perdues,11,M,S,perdus,-7.4152355,perdues,-10.8589735,1
10151,P_NOUN_8_PASS_b,M,P,les chapeaux avec le jouet que j' aime beaucoup ne sont probablement pas réparés <eos>,13,réparés,réparées,11,M,S,réparés,-11.632013,réparées,-12.86735,1
10152,P_NOUN_8_PASS_b,M,P,les chapeaux avec le jouet que j' aime beaucoup ne sont probablement pas retirés <eos>,13,retirés,retirées,11,M,S,retirés,-9.1766205,retirées,-11.434761,1
10153,P_NOUN_8_PASS_b,M,P,les chapeaux avec le jouet que j' aime beaucoup ne sont probablement pas tombés <eos>,13,tombés,tombées,11,M,S,tombés,-7.062826,tombées,-11.338951,1
10154,P_NOUN_8_PASS_b,M,P,les chapeaux avec le jouet que j' aime beaucoup ne sont probablement pas utilisés <eos>,13,utilisés,utilisées,11,M,S,utilisés,-5.446831,utilisées,-8.867361,1
10155,P_NOUN_8_PASS_b,M,P,les chapeaux avec le clou que j' aime beaucoup ne sont probablement pas achetés <eos>,13,achetés,achetées,11,M,S,achetés,-9.591696,achetées,-13.3204365,1
10156,P_NOUN_8_PASS_b,M,P,les chapeaux avec le clou que j' aime beaucoup ne sont probablement pas brisés <eos>,13,brisés,brisées,11,M,S,brisés,-10.802841,brisées,-11.949123,1
10157,P_NOUN_8_PASS_b,M,P,les chapeaux avec le clou que j' aime beaucoup ne sont probablement pas cachés <eos>,13,cachés,cachées,11,M,S,cachés,-8.154531,cachées,-10.903211,1
10158,P_NOUN_8_PASS_b,M,P,les chapeaux avec le clou que j' aime beaucoup ne sont probablement pas cassés <eos>,13,cassés,cassées,11,M,S,cassés,-10.197018,cassées,-10.977608,1
10159,P_NOUN_8_PASS_b,M,P,les chapeaux avec le clou que j' aime beaucoup ne sont probablement pas couverts <eos>,13,couverts,couvertes,11,M,S,couverts,-7.4701014,couvertes,-11.254942,1
10160,P_NOUN_8_PASS_b,M,P,les chapeaux avec le clou que j' aime beaucoup ne sont probablement pas déformés <eos>,13,déformés,déformées,11,M,S,déformés,-11.483358,déformées,-11.68084,1
10161,P_NOUN_8_PASS_b,M,P,les chapeaux avec le clou que j' aime beaucoup ne sont probablement pas fixés <eos>,13,fixés,fixées,11,M,S,fixés,-8.607561,fixées,-11.313444,1
10162,P_NOUN_8_PASS_b,M,P,les chapeaux avec le clou que j' aime beaucoup ne sont probablement pas jetés <eos>,13,jetés,jetées,11,M,S,jetés,-9.144106,jetées,-12.025107,1
10163,P_NOUN_8_PASS_b,M,P,les chapeaux avec le clou que j' aime beaucoup ne sont probablement pas laissés <eos>,13,laissés,laissées,11,M,S,laissés,-8.787228,laissées,-11.701006,1
10164,P_NOUN_8_PASS_b,M,P,les chapeaux avec le clou que j' aime beaucoup ne sont probablement pas ouverts <eos>,13,ouverts,ouvertes,11,M,S,ouverts,-8.214785,ouvertes,-11.359145,1
10165,P_NOUN_8_PASS_b,M,P,les chapeaux avec le clou que j' aime beaucoup ne sont probablement pas perdus <eos>,13,perdus,perdues,11,M,S,perdus,-7.2295666,perdues,-10.645026,1
10166,P_NOUN_8_PASS_b,M,P,les chapeaux avec le clou que j' aime beaucoup ne sont probablement pas réparés <eos>,13,réparés,réparées,11,M,S,réparés,-11.147358,réparées,-12.440628,1
10167,P_NOUN_8_PASS_b,M,P,les chapeaux avec le clou que j' aime beaucoup ne sont probablement pas retirés <eos>,13,retirés,retirées,11,M,S,retirés,-8.776476,retirées,-10.968159,1
10168,P_NOUN_8_PASS_b,M,P,les chapeaux avec le clou que j' aime beaucoup ne sont probablement pas tombés <eos>,13,tombés,tombées,11,M,S,tombés,-6.435869,tombées,-10.905445,1
10169,P_NOUN_8_PASS_b,M,P,les chapeaux avec le clou que j' aime beaucoup ne sont probablement pas utilisés <eos>,13,utilisés,utilisées,11,M,S,utilisés,-5.4909115,utilisées,-8.911264,1
10170,P_NOUN_8_PASS_b,M,P,les chapeaux avec le billet que j' aime beaucoup ne sont probablement pas achetés <eos>,13,achetés,achetées,11,M,S,achetés,-8.968211,achetées,-12.506014,1
10171,P_NOUN_8_PASS_b,M,P,les chapeaux avec le billet que j' aime beaucoup ne sont probablement pas brisés <eos>,13,brisés,brisées,11,M,S,brisés,-11.655133,brisées,-12.372699,1
10172,P_NOUN_8_PASS_b,M,P,les chapeaux avec le billet que j' aime beaucoup ne sont probablement pas cachés <eos>,13,cachés,cachées,11,M,S,cachés,-7.7703104,cachées,-11.389631,1
10173,P_NOUN_8_PASS_b,M,P,les chapeaux avec le billet que j' aime beaucoup ne sont probablement pas cassés <eos>,13,cassés,cassées,11,M,S,cassés,-10.771412,cassées,-11.616231,1
10174,P_NOUN_8_PASS_b,M,P,les chapeaux avec le billet que j' aime beaucoup ne sont probablement pas couverts <eos>,13,couverts,couvertes,11,M,S,couverts,-7.7700186,couvertes,-12.034257,1
10175,P_NOUN_8_PASS_b,M,P,les chapeaux avec le billet que j' aime beaucoup ne sont probablement pas déformés <eos>,13,déformés,déformées,11,M,S,déformés,-12.24165,déformées,-12.092267,0
10176,P_NOUN_8_PASS_b,M,P,les chapeaux avec le billet que j' aime beaucoup ne sont probablement pas fixés <eos>,13,fixés,fixées,11,M,S,fixés,-8.313607,fixées,-11.180161,1
10177,P_NOUN_8_PASS_b,M,P,les chapeaux avec le billet que j' aime beaucoup ne sont probablement pas jetés <eos>,13,jetés,jetées,11,M,S,jetés,-8.967358,jetées,-12.0043,1
10178,P_NOUN_8_PASS_b,M,P,les chapeaux avec le billet que j' aime beaucoup ne sont probablement pas laissés <eos>,13,laissés,laissées,11,M,S,laissés,-9.163641,laissées,-11.649207,1
10179,P_NOUN_8_PASS_b,M,P,les chapeaux avec le billet que j' aime beaucoup ne sont probablement pas ouverts <eos>,13,ouverts,ouvertes,11,M,S,ouverts,-8.256266,ouvertes,-11.986303,1
10180,P_NOUN_8_PASS_b,M,P,les chapeaux avec le billet que j' aime beaucoup ne sont probablement pas perdus <eos>,13,perdus,perdues,11,M,S,perdus,-7.015337,perdues,-10.051141,1
10181,P_NOUN_8_PASS_b,M,P,les chapeaux avec le billet que j' aime beaucoup ne sont probablement pas réparés <eos>,13,réparés,réparées,11,M,S,réparés,-11.623006,réparées,-12.72582,1
10182,P_NOUN_8_PASS_b,M,P,les chapeaux avec le billet que j' aime beaucoup ne sont probablement pas retirés <eos>,13,retirés,retirées,11,M,S,retirés,-8.474419,retirées,-10.959658,1
10183,P_NOUN_8_PASS_b,M,P,les chapeaux avec le billet que j' aime beaucoup ne sont probablement pas tombés <eos>,13,tombés,tombées,11,M,S,tombés,-6.6635346,tombées,-11.236975,1
10184,P_NOUN_8_PASS_b,M,P,les chapeaux avec le billet que j' aime beaucoup ne sont probablement pas utilisés <eos>,13,utilisés,utilisées,11,M,S,utilisés,-5.3167324,utilisées,-8.70581,1
10185,P_NOUN_8_PASS_b,M,P,les chapeaux avec le légume que j' aime beaucoup ne sont probablement pas achetés <eos>,13,achetés,achetées,11,M,S,achetés,-9.125715,achetées,-13.6208935,1
10186,P_NOUN_8_PASS_b,M,P,les chapeaux avec le légume que j' aime beaucoup ne sont probablement pas brisés <eos>,13,brisés,brisées,11,M,S,brisés,-10.968653,brisées,-12.227888,1
10187,P_NOUN_8_PASS_b,M,P,les chapeaux avec le légume que j' aime beaucoup ne sont probablement pas cachés <eos>,13,cachés,cachées,11,M,S,cachés,-8.782772,cachées,-11.837274,1
10188,P_NOUN_8_PASS_b,M,P,les chapeaux avec le légume que j' aime beaucoup ne sont probablement pas cassés <eos>,13,cassés,cassées,11,M,S,cassés,-10.090447,cassées,-11.475119,1
10189,P_NOUN_8_PASS_b,M,P,les chapeaux avec le légume que j' aime beaucoup ne sont probablement pas couverts <eos>,13,couverts,couvertes,11,M,S,couverts,-6.56639,couvertes,-11.126095,1
10190,P_NOUN_8_PASS_b,M,P,les chapeaux avec le légume que j' aime beaucoup ne sont probablement pas déformés <eos>,13,déformés,déformées,11,M,S,déformés,-12.01562,déformées,-12.508508,1
10191,P_NOUN_8_PASS_b,M,P,les chapeaux avec le légume que j' aime beaucoup ne sont probablement pas fixés <eos>,13,fixés,fixées,11,M,S,fixés,-8.79468,fixées,-11.863802,1
10192,P_NOUN_8_PASS_b,M,P,les chapeaux avec le légume que j' aime beaucoup ne sont probablement pas jetés <eos>,13,jetés,jetées,11,M,S,jetés,-9.832462,jetées,-12.077541,1
10193,P_NOUN_8_PASS_b,M,P,les chapeaux avec le légume que j' aime beaucoup ne sont probablement pas laissés <eos>,13,laissés,laissées,11,M,S,laissés,-8.359024,laissées,-11.1819725,1
10194,P_NOUN_8_PASS_b,M,P,les chapeaux avec le légume que j' aime beaucoup ne sont probablement pas ouverts <eos>,13,ouverts,ouvertes,11,M,S,ouverts,-7.5348597,ouvertes,-11.501321,1
10195,P_NOUN_8_PASS_b,M,P,les chapeaux avec le légume que j' aime beaucoup ne sont probablement pas perdus <eos>,13,perdus,perdues,11,M,S,perdus,-7.3941493,perdues,-10.852388,1
10196,P_NOUN_8_PASS_b,M,P,les chapeaux avec le légume que j' aime beaucoup ne sont probablement pas réparés <eos>,13,réparés,réparées,11,M,S,réparés,-10.924724,réparées,-12.925853,1
10197,P_NOUN_8_PASS_b,M,P,les chapeaux avec le légume que j' aime beaucoup ne sont probablement pas retirés <eos>,13,retirés,retirées,11,M,S,retirés,-9.217783,retirées,-11.898937,1
10198,P_NOUN_8_PASS_b,M,P,les chapeaux avec le légume que j' aime beaucoup ne sont probablement pas tombés <eos>,13,tombés,tombées,11,M,S,tombés,-7.1422677,tombées,-11.032185,1
10199,P_NOUN_8_PASS_b,M,P,les chapeaux avec le légume que j' aime beaucoup ne sont probablement pas utilisés <eos>,13,utilisés,utilisées,11,M,S,utilisés,-5.5949316,utilisées,-9.109561,1
10200,P_NOUN_8_PASS_b,M,P,les pots avec le bracelet que j' aime beaucoup ne sont probablement pas achetés <eos>,13,achetés,achetées,11,M,S,achetés,-8.594444,achetées,-12.749865,1
10201,P_NOUN_8_PASS_b,M,P,les pots avec le bracelet que j' aime beaucoup ne sont probablement pas brisés <eos>,13,brisés,brisées,11,M,S,brisés,-9.868505,brisées,-11.161505,1
10202,P_NOUN_8_PASS_b,M,P,les pots avec le bracelet que j' aime beaucoup ne sont probablement pas cachés <eos>,13,cachés,cachées,11,M,S,cachés,-7.6318884,cachées,-11.633266,1
10203,P_NOUN_8_PASS_b,M,P,les pots avec le bracelet que j' aime beaucoup ne sont probablement pas cassés <eos>,13,cassés,cassées,11,M,S,cassés,-9.100086,cassées,-10.404854,1
10204,P_NOUN_8_PASS_b,M,P,les pots avec le bracelet que j' aime beaucoup ne sont probablement pas couverts <eos>,13,couverts,couvertes,11,M,S,couverts,-6.843977,couvertes,-11.361448,1
10205,P_NOUN_8_PASS_b,M,P,les pots avec le bracelet que j' aime beaucoup ne sont probablement pas déformés <eos>,13,déformés,déformées,11,M,S,déformés,-11.805177,déformées,-11.084261,0
10206,P_NOUN_8_PASS_b,M,P,les pots avec le bracelet que j' aime beaucoup ne sont probablement pas fixés <eos>,13,fixés,fixées,11,M,S,fixés,-7.4181433,fixées,-10.49808,1
10207,P_NOUN_8_PASS_b,M,P,les pots avec le bracelet que j' aime beaucoup ne sont probablement pas jetés <eos>,13,jetés,jetées,11,M,S,jetés,-7.1419487,jetées,-11.298608,1
10208,P_NOUN_8_PASS_b,M,P,les pots avec le bracelet que j' aime beaucoup ne sont probablement pas laissés <eos>,13,laissés,laissées,11,M,S,laissés,-8.358405,laissées,-11.304062,1
10209,P_NOUN_8_PASS_b,M,P,les pots avec le bracelet que j' aime beaucoup ne sont probablement pas ouverts <eos>,13,ouverts,ouvertes,11,M,S,ouverts,-8.089914,ouvertes,-11.84623,1
10210,P_NOUN_8_PASS_b,M,P,les pots avec le bracelet que j' aime beaucoup ne sont probablement pas perdus <eos>,13,perdus,perdues,11,M,S,perdus,-6.2845373,perdues,-10.306689,1
10211,P_NOUN_8_PASS_b,M,P,les pots avec le bracelet que j' aime beaucoup ne sont probablement pas réparés <eos>,13,réparés,réparées,11,M,S,réparés,-10.85654,réparées,-12.373503,1
10212,P_NOUN_8_PASS_b,M,P,les pots avec le bracelet que j' aime beaucoup ne sont probablement pas retirés <eos>,13,retirés,retirées,11,M,S,retirés,-7.8388042,retirées,-10.65091,1
10213,P_NOUN_8_PASS_b,M,P,les pots avec le bracelet que j' aime beaucoup ne sont probablement pas tombés <eos>,13,tombés,tombées,11,M,S,tombés,-5.8829336,tombées,-10.615439,1
10214,P_NOUN_8_PASS_b,M,P,les pots avec le bracelet que j' aime beaucoup ne sont probablement pas utilisés <eos>,13,utilisés,utilisées,11,M,S,utilisés,-4.2037725,utilisées,-8.1847925,1
10215,P_NOUN_8_PASS_b,M,P,les pots avec le miroir que j' aime beaucoup ne sont probablement pas achetés <eos>,13,achetés,achetées,11,M,S,achetés,-8.666448,achetées,-13.482693,1
10216,P_NOUN_8_PASS_b,M,P,les pots avec le miroir que j' aime beaucoup ne sont probablement pas brisés <eos>,13,brisés,brisées,11,M,S,brisés,-9.641608,brisées,-11.516189,1
10217,P_NOUN_8_PASS_b,M,P,les pots avec le miroir que j' aime beaucoup ne sont probablement pas cachés <eos>,13,cachés,cachées,11,M,S,cachés,-7.769924,cachées,-11.369153,1
10218,P_NOUN_8_PASS_b,M,P,les pots avec le miroir que j' aime beaucoup ne sont probablement pas cassés <eos>,13,cassés,cassées,11,M,S,cassés,-8.966524,cassées,-10.521902,1
10219,P_NOUN_8_PASS_b,M,P,les pots avec le miroir que j' aime beaucoup ne sont probablement pas couverts <eos>,13,couverts,couvertes,11,M,S,couverts,-6.62829,couvertes,-10.880739,1
10220,P_NOUN_8_PASS_b,M,P,les pots avec le miroir que j' aime beaucoup ne sont probablement pas déformés <eos>,13,déformés,déformées,11,M,S,déformés,-11.050894,déformées,-10.189941,0
10221,P_NOUN_8_PASS_b,M,P,les pots avec le miroir que j' aime beaucoup ne sont probablement pas fixés <eos>,13,fixés,fixées,11,M,S,fixés,-8.266277,fixées,-11.051738,1
10222,P_NOUN_8_PASS_b,M,P,les pots avec le miroir que j' aime beaucoup ne sont probablement pas jetés <eos>,13,jetés,jetées,11,M,S,jetés,-7.9365606,jetées,-11.930352,1
10223,P_NOUN_8_PASS_b,M,P,les pots avec le miroir que j' aime beaucoup ne sont probablement pas laissés <eos>,13,laissés,laissées,11,M,S,laissés,-8.088136,laissées,-10.951687,1
10224,P_NOUN_8_PASS_b,M,P,les pots avec le miroir que j' aime beaucoup ne sont probablement pas ouverts <eos>,13,ouverts,ouvertes,11,M,S,ouverts,-7.4234257,ouvertes,-11.183446,1
10225,P_NOUN_8_PASS_b,M,P,les pots avec le miroir que j' aime beaucoup ne sont probablement pas perdus <eos>,13,perdus,perdues,11,M,S,perdus,-6.351071,perdues,-10.221476,1
10226,P_NOUN_8_PASS_b,M,P,les pots avec le miroir que j' aime beaucoup ne sont probablement pas réparés <eos>,13,réparés,réparées,11,M,S,réparés,-11.064782,réparées,-12.120842,1
10227,P_NOUN_8_PASS_b,M,P,les pots avec le miroir que j' aime beaucoup ne sont probablement pas retirés <eos>,13,retirés,retirées,11,M,S,retirés,-8.008453,retirées,-10.828913,1
10228,P_NOUN_8_PASS_b,M,P,les pots avec le miroir que j' aime beaucoup ne sont probablement pas tombés <eos>,13,tombés,tombées,11,M,S,tombés,-7.1070814,tombées,-10.855999,1
10229,P_NOUN_8_PASS_b,M,P,les pots avec le miroir que j' aime beaucoup ne sont probablement pas utilisés <eos>,13,utilisés,utilisées,11,M,S,utilisés,-4.4437666,utilisées,-8.312738,1
10230,P_NOUN_8_PASS_b,M,P,les pots avec le crayon que j' aime beaucoup ne sont probablement pas achetés <eos>,13,achetés,achetées,11,M,S,achetés,-8.005471,achetées,-12.875921,1
10231,P_NOUN_8_PASS_b,M,P,les pots avec le crayon que j' aime beaucoup ne sont probablement pas brisés <eos>,13,brisés,brisées,11,M,S,brisés,-10.386993,brisées,-11.898611,1
10232,P_NOUN_8_PASS_b,M,P,les pots avec le crayon que j' aime beaucoup ne sont probablement pas cachés <eos>,13,cachés,cachées,11,M,S,cachés,-7.5420113,cachées,-11.799654,1
10233,P_NOUN_8_PASS_b,M,P,les pots avec le crayon que j' aime beaucoup ne sont probablement pas cassés <eos>,13,cassés,cassées,11,M,S,cassés,-8.904453,cassées,-10.558098,1
10234,P_NOUN_8_PASS_b,M,P,les pots avec le crayon que j' aime beaucoup ne sont probablement pas couverts <eos>,13,couverts,couvertes,11,M,S,couverts,-6.643097,couvertes,-11.116354,1
10235,P_NOUN_8_PASS_b,M,P,les pots avec le crayon que j' aime beaucoup ne sont probablement pas déformés <eos>,13,déformés,déformées,11,M,S,déformés,-11.586342,déformées,-10.360429,0
10236,P_NOUN_8_PASS_b,M,P,les pots avec le crayon que j' aime beaucoup ne sont probablement pas fixés <eos>,13,fixés,fixées,11,M,S,fixés,-8.407346,fixées,-11.014969,1
10237,P_NOUN_8_PASS_b,M,P,les pots avec le crayon que j' aime beaucoup ne sont probablement pas jetés <eos>,13,jetés,jetées,11,M,S,jetés,-7.753334,jetées,-11.613399,1
10238,P_NOUN_8_PASS_b,M,P,les pots avec le crayon que j' aime beaucoup ne sont probablement pas laissés <eos>,13,laissés,laissées,11,M,S,laissés,-7.837798,laissées,-10.947205,1
10239,P_NOUN_8_PASS_b,M,P,les pots avec le crayon que j' aime beaucoup ne sont probablement pas ouverts <eos>,13,ouverts,ouvertes,11,M,S,ouverts,-7.888359,ouvertes,-11.757574,1
10240,P_NOUN_8_PASS_b,M,P,les pots avec le crayon que j' aime beaucoup ne sont probablement pas perdus <eos>,13,perdus,perdues,11,M,S,perdus,-6.826764,perdues,-10.119003,1
10241,P_NOUN_8_PASS_b,M,P,les pots avec le crayon que j' aime beaucoup ne sont probablement pas réparés <eos>,13,réparés,réparées,11,M,S,réparés,-10.761945,réparées,-11.707633,1
10242,P_NOUN_8_PASS_b,M,P,les pots avec le crayon que j' aime beaucoup ne sont probablement pas retirés <eos>,13,retirés,retirées,11,M,S,retirés,-7.893511,retirées,-10.445737,1
10243,P_NOUN_8_PASS_b,M,P,les pots avec le crayon que j' aime beaucoup ne sont probablement pas tombés <eos>,13,tombés,tombées,11,M,S,tombés,-7.3386116,tombées,-10.807624,1
10244,P_NOUN_8_PASS_b,M,P,les pots avec le crayon que j' aime beaucoup ne sont probablement pas utilisés <eos>,13,utilisés,utilisées,11,M,S,utilisés,-4.165706,utilisées,-7.9444623,1
10245,P_NOUN_8_PASS_b,M,P,les pots avec le rideau que j' aime beaucoup ne sont probablement pas achetés <eos>,13,achetés,achetées,11,M,S,achetés,-9.236736,achetées,-13.682604,1
10246,P_NOUN_8_PASS_b,M,P,les pots avec le rideau que j' aime beaucoup ne sont probablement pas brisés <eos>,13,brisés,brisées,11,M,S,brisés,-9.92952,brisées,-11.825496,1
10247,P_NOUN_8_PASS_b,M,P,les pots avec le rideau que j' aime beaucoup ne sont probablement pas cachés <eos>,13,cachés,cachées,11,M,S,cachés,-8.355747,cachées,-11.449507,1
10248,P_NOUN_8_PASS_b,M,P,les pots avec le rideau que j' aime beaucoup ne sont probablement pas cassés <eos>,13,cassés,cassées,11,M,S,cassés,-9.262123,cassées,-10.344836,1
10249,P_NOUN_8_PASS_b,M,P,les pots avec le rideau que j' aime beaucoup ne sont probablement pas couverts <eos>,13,couverts,couvertes,11,M,S,couverts,-6.4582977,couvertes,-10.744753,1
10250,P_NOUN_8_PASS_b,M,P,les pots avec le rideau que j' aime beaucoup ne sont probablement pas déformés <eos>,13,déformés,déformées,11,M,S,déformés,-11.106246,déformées,-10.7370205,0
10251,P_NOUN_8_PASS_b,M,P,les pots avec le rideau que j' aime beaucoup ne sont probablement pas fixés <eos>,13,fixés,fixées,11,M,S,fixés,-8.0232935,fixées,-10.804706,1
10252,P_NOUN_8_PASS_b,M,P,les pots avec le rideau que j' aime beaucoup ne sont probablement pas jetés <eos>,13,jetés,jetées,11,M,S,jetés,-8.019548,jetées,-11.674159,1
10253,P_NOUN_8_PASS_b,M,P,les pots avec le rideau que j' aime beaucoup ne sont probablement pas laissés <eos>,13,laissés,laissées,11,M,S,laissés,-8.282768,laissées,-11.190512,1
10254,P_NOUN_8_PASS_b,M,P,les pots avec le rideau que j' aime beaucoup ne sont probablement pas ouverts <eos>,13,ouverts,ouvertes,11,M,S,ouverts,-7.430714,ouvertes,-11.244883,1
10255,P_NOUN_8_PASS_b,M,P,les pots avec le rideau que j' aime beaucoup ne sont probablement pas perdus <eos>,13,perdus,perdues,11,M,S,perdus,-7.078022,perdues,-10.951214,1
10256,P_NOUN_8_PASS_b,M,P,les pots avec le rideau que j' aime beaucoup ne sont probablement pas réparés <eos>,13,réparés,réparées,11,M,S,réparés,-10.458176,réparées,-11.926905,1
10257,P_NOUN_8_PASS_b,M,P,les pots avec le rideau que j' aime beaucoup ne sont probablement pas retirés <eos>,13,retirés,retirées,11,M,S,retirés,-8.542418,retirées,-11.003045,1
10258,P_NOUN_8_PASS_b,M,P,les pots avec le rideau que j' aime beaucoup ne sont probablement pas tombés <eos>,13,tombés,tombées,11,M,S,tombés,-6.8872147,tombées,-10.794434,1
10259,P_NOUN_8_PASS_b,M,P,les pots avec le rideau que j' aime beaucoup ne sont probablement pas utilisés <eos>,13,utilisés,utilisées,11,M,S,utilisés,-4.605123,utilisées,-8.503349,1
10260,P_NOUN_8_PASS_b,M,P,les pots avec le cahier que j' aime beaucoup ne sont probablement pas achetés <eos>,13,achetés,achetées,11,M,S,achetés,-8.329238,achetées,-13.297525,1
10261,P_NOUN_8_PASS_b,M,P,les pots avec le cahier que j' aime beaucoup ne sont probablement pas brisés <eos>,13,brisés,brisées,11,M,S,brisés,-10.141704,brisées,-12.355949,1
10262,P_NOUN_8_PASS_b,M,P,les pots avec le cahier que j' aime beaucoup ne sont probablement pas cachés <eos>,13,cachés,cachées,11,M,S,cachés,-8.011514,cachées,-12.19951,1
10263,P_NOUN_8_PASS_b,M,P,les pots avec le cahier que j' aime beaucoup ne sont probablement pas cassés <eos>,13,cassés,cassées,11,M,S,cassés,-9.634838,cassées,-10.98011,1
10264,P_NOUN_8_PASS_b,M,P,les pots avec le cahier que j' aime beaucoup ne sont probablement pas couverts <eos>,13,couverts,couvertes,11,M,S,couverts,-6.23825,couvertes,-11.357213,1
10265,P_NOUN_8_PASS_b,M,P,les pots avec le cahier que j' aime beaucoup ne sont probablement pas déformés <eos>,13,déformés,déformées,11,M,S,déformés,-11.198853,déformées,-11.067019,0
10266,P_NOUN_8_PASS_b,M,P,les pots avec le cahier que j' aime beaucoup ne sont probablement pas fixés <eos>,13,fixés,fixées,11,M,S,fixés,-8.115444,fixées,-11.0736,1
10267,P_NOUN_8_PASS_b,M,P,les pots avec le cahier que j' aime beaucoup ne sont probablement pas jetés <eos>,13,jetés,jetées,11,M,S,jetés,-8.293969,jetées,-12.404004,1
10268,P_NOUN_8_PASS_b,M,P,les pots avec le cahier que j' aime beaucoup ne sont probablement pas laissés <eos>,13,laissés,laissées,11,M,S,laissés,-8.017305,laissées,-11.687382,1
10269,P_NOUN_8_PASS_b,M,P,les pots avec le cahier que j' aime beaucoup ne sont probablement pas ouverts <eos>,13,ouverts,ouvertes,11,M,S,ouverts,-7.1377335,ouvertes,-11.573055,1
10270,P_NOUN_8_PASS_b,M,P,les pots avec le cahier que j' aime beaucoup ne sont probablement pas perdus <eos>,13,perdus,perdues,11,M,S,perdus,-6.2362003,perdues,-10.323583,1
10271,P_NOUN_8_PASS_b,M,P,les pots avec le cahier que j' aime beaucoup ne sont probablement pas réparés <eos>,13,réparés,réparées,11,M,S,réparés,-10.916236,réparées,-12.246605,1
10272,P_NOUN_8_PASS_b,M,P,les pots avec le cahier que j' aime beaucoup ne sont probablement pas retirés <eos>,13,retirés,retirées,11,M,S,retirés,-7.5908766,retirées,-10.918047,1
10273,P_NOUN_8_PASS_b,M,P,les pots avec le cahier que j' aime beaucoup ne sont probablement pas tombés <eos>,13,tombés,tombées,11,M,S,tombés,-6.663643,tombées,-11.149684,1
10274,P_NOUN_8_PASS_b,M,P,les pots avec le cahier que j' aime beaucoup ne sont probablement pas utilisés <eos>,13,utilisés,utilisées,11,M,S,utilisés,-4.420971,utilisées,-8.561317,1
10275,P_NOUN_8_PASS_b,M,P,les pots avec le micro que j' aime beaucoup ne sont probablement pas achetés <eos>,13,achetés,achetées,11,M,S,achetés,-8.786625,achetées,-13.224718,1
10276,P_NOUN_8_PASS_b,M,P,les pots avec le micro que j' aime beaucoup ne sont probablement pas brisés <eos>,13,brisés,brisées,11,M,S,brisés,-9.75046,brisées,-11.680826,1
10277,P_NOUN_8_PASS_b,M,P,les pots avec le micro que j' aime beaucoup ne sont probablement pas cachés <eos>,13,cachés,cachées,11,M,S,cachés,-7.9833536,cachées,-11.635488,1
10278,P_NOUN_8_PASS_b,M,P,les pots avec le micro que j' aime beaucoup ne sont probablement pas cassés <eos>,13,cassés,cassées,11,M,S,cassés,-9.19963,cassées,-10.435292,1
10279,P_NOUN_8_PASS_b,M,P,les pots avec le micro que j' aime beaucoup ne sont probablement pas couverts <eos>,13,couverts,couvertes,11,M,S,couverts,-6.561718,couvertes,-10.697981,1
10280,P_NOUN_8_PASS_b,M,P,les pots avec le micro que j' aime beaucoup ne sont probablement pas déformés <eos>,13,déformés,déformées,11,M,S,déformés,-11.499565,déformées,-10.893164,0
10281,P_NOUN_8_PASS_b,M,P,les pots avec le micro que j' aime beaucoup ne sont probablement pas fixés <eos>,13,fixés,fixées,11,M,S,fixés,-7.7174387,fixées,-11.253491,1
10282,P_NOUN_8_PASS_b,M,P,les pots avec le micro que j' aime beaucoup ne sont probablement pas jetés <eos>,13,jetés,jetées,11,M,S,jetés,-8.089687,jetées,-11.849686,1
10283,P_NOUN_8_PASS_b,M,P,les pots avec le micro que j' aime beaucoup ne sont probablement pas laissés <eos>,13,laissés,laissées,11,M,S,laissés,-8.341375,laissées,-10.9788265,1
10284,P_NOUN_8_PASS_b,M,P,les pots avec le micro que j' aime beaucoup ne sont probablement pas ouverts <eos>,13,ouverts,ouvertes,11,M,S,ouverts,-7.447673,ouvertes,-11.305492,1
10285,P_NOUN_8_PASS_b,M,P,les pots avec le micro que j' aime beaucoup ne sont probablement pas perdus <eos>,13,perdus,perdues,11,M,S,perdus,-6.7748632,perdues,-10.893155,1
10286,P_NOUN_8_PASS_b,M,P,les pots avec le micro que j' aime beaucoup ne sont probablement pas réparés <eos>,13,réparés,réparées,11,M,S,réparés,-10.701356,réparées,-12.036477,1
10287,P_NOUN_8_PASS_b,M,P,les pots avec le micro que j' aime beaucoup ne sont probablement pas retirés <eos>,13,retirés,retirées,11,M,S,retirés,-8.287707,retirées,-10.837908,1
10288,P_NOUN_8_PASS_b,M,P,les pots avec le micro que j' aime beaucoup ne sont probablement pas tombés <eos>,13,tombés,tombées,11,M,S,tombés,-7.223783,tombées,-11.019352,1
10289,P_NOUN_8_PASS_b,M,P,les pots avec le micro que j' aime beaucoup ne sont probablement pas utilisés <eos>,13,utilisés,utilisées,11,M,S,utilisés,-4.3610907,utilisées,-8.220782,1
10290,P_NOUN_8_PASS_b,M,P,les pots avec le sac que j' aime beaucoup ne sont probablement pas achetés <eos>,13,achetés,achetées,11,M,S,achetés,-8.655114,achetées,-13.302473,1
10291,P_NOUN_8_PASS_b,M,P,les pots avec le sac que j' aime beaucoup ne sont probablement pas brisés <eos>,13,brisés,brisées,11,M,S,brisés,-9.8650875,brisées,-11.733147,1
10292,P_NOUN_8_PASS_b,M,P,les pots avec le sac que j' aime beaucoup ne sont probablement pas cachés <eos>,13,cachés,cachées,11,M,S,cachés,-7.8130474,cachées,-11.63534,1
10293,P_NOUN_8_PASS_b,M,P,les pots avec le sac que j' aime beaucoup ne sont probablement pas cassés <eos>,13,cassés,cassées,11,M,S,cassés,-9.019072,cassées,-9.948872,1
10294,P_NOUN_8_PASS_b,M,P,les pots avec le sac que j' aime beaucoup ne sont probablement pas couverts <eos>,13,couverts,couvertes,11,M,S,couverts,-6.381084,couvertes,-10.744228,1
10295,P_NOUN_8_PASS_b,M,P,les pots avec le sac que j' aime beaucoup ne sont probablement pas déformés <eos>,13,déformés,déformées,11,M,S,déformés,-11.558536,déformées,-10.83957,0
10296,P_NOUN_8_PASS_b,M,P,les pots avec le sac que j' aime beaucoup ne sont probablement pas fixés <eos>,13,fixés,fixées,11,M,S,fixés,-7.96356,fixées,-10.965169,1
10297,P_NOUN_8_PASS_b,M,P,les pots avec le sac que j' aime beaucoup ne sont probablement pas jetés <eos>,13,jetés,jetées,11,M,S,jetés,-7.7702923,jetées,-11.219324,1
10298,P_NOUN_8_PASS_b,M,P,les pots avec le sac que j' aime beaucoup ne sont probablement pas laissés <eos>,13,laissés,laissées,11,M,S,laissés,-8.0194025,laissées,-11.01345,1
10299,P_NOUN_8_PASS_b,M,P,les pots avec le sac que j' aime beaucoup ne sont probablement pas ouverts <eos>,13,ouverts,ouvertes,11,M,S,ouverts,-7.659251,ouvertes,-11.440812,1
10300,P_NOUN_8_PASS_b,M,P,les pots avec le sac que j' aime beaucoup ne sont probablement pas perdus <eos>,13,perdus,perdues,11,M,S,perdus,-6.6664767,perdues,-10.477226,1
10301,P_NOUN_8_PASS_b,M,P,les pots avec le sac que j' aime beaucoup ne sont probablement pas réparés <eos>,13,réparés,réparées,11,M,S,réparés,-10.419201,réparées,-11.777718,1
10302,P_NOUN_8_PASS_b,M,P,les pots avec le sac que j' aime beaucoup ne sont probablement pas retirés <eos>,13,retirés,retirées,11,M,S,retirés,-8.013225,retirées,-10.718627,1
10303,P_NOUN_8_PASS_b,M,P,les pots avec le sac que j' aime beaucoup ne sont probablement pas tombés <eos>,13,tombés,tombées,11,M,S,tombés,-6.307637,tombées,-10.679388,1
10304,P_NOUN_8_PASS_b,M,P,les pots avec le sac que j' aime beaucoup ne sont probablement pas utilisés <eos>,13,utilisés,utilisées,11,M,S,utilisés,-4.083917,utilisées,-8.059612,1
10305,P_NOUN_8_PASS_b,M,P,les pots avec le clavier que j' aime beaucoup ne sont probablement pas achetés <eos>,13,achetés,achetées,11,M,S,achetés,-9.211741,achetées,-13.641285,1
10306,P_NOUN_8_PASS_b,M,P,les pots avec le clavier que j' aime beaucoup ne sont probablement pas brisés <eos>,13,brisés,brisées,11,M,S,brisés,-10.161534,brisées,-11.691464,1
10307,P_NOUN_8_PASS_b,M,P,les pots avec le clavier que j' aime beaucoup ne sont probablement pas cachés <eos>,13,cachés,cachées,11,M,S,cachés,-7.705289,cachées,-11.30858,1
10308,P_NOUN_8_PASS_b,M,P,les pots avec le clavier que j' aime beaucoup ne sont probablement pas cassés <eos>,13,cassés,cassées,11,M,S,cassés,-9.586929,cassées,-10.676607,1
10309,P_NOUN_8_PASS_b,M,P,les pots avec le clavier que j' aime beaucoup ne sont probablement pas couverts <eos>,13,couverts,couvertes,11,M,S,couverts,-7.111657,couvertes,-11.194358,1
10310,P_NOUN_8_PASS_b,M,P,les pots avec le clavier que j' aime beaucoup ne sont probablement pas déformés <eos>,13,déformés,déformées,11,M,S,déformés,-11.293495,déformées,-10.283051,0
10311,P_NOUN_8_PASS_b,M,P,les pots avec le clavier que j' aime beaucoup ne sont probablement pas fixés <eos>,13,fixés,fixées,11,M,S,fixés,-7.801592,fixées,-10.999853,1
10312,P_NOUN_8_PASS_b,M,P,les pots avec le clavier que j' aime beaucoup ne sont probablement pas jetés <eos>,13,jetés,jetées,11,M,S,jetés,-8.206773,jetées,-11.946836,1
10313,P_NOUN_8_PASS_b,M,P,les pots avec le clavier que j' aime beaucoup ne sont probablement pas laissés <eos>,13,laissés,laissées,11,M,S,laissés,-8.42747,laissées,-11.219772,1
10314,P_NOUN_8_PASS_b,M,P,les pots avec le clavier que j' aime beaucoup ne sont probablement pas ouverts <eos>,13,ouverts,ouvertes,11,M,S,ouverts,-8.009517,ouvertes,-11.636962,1
10315,P_NOUN_8_PASS_b,M,P,les pots avec le clavier que j' aime beaucoup ne sont probablement pas perdus <eos>,13,perdus,perdues,11,M,S,perdus,-6.9428787,perdues,-10.758822,1
10316,P_NOUN_8_PASS_b,M,P,les pots avec le clavier que j' aime beaucoup ne sont probablement pas réparés <eos>,13,réparés,réparées,11,M,S,réparés,-11.228318,réparées,-12.234073,1
10317,P_NOUN_8_PASS_b,M,P,les pots avec le clavier que j' aime beaucoup ne sont probablement pas retirés <eos>,13,retirés,retirées,11,M,S,retirés,-8.696707,retirées,-11.060507,1
10318,P_NOUN_8_PASS_b,M,P,les pots avec le clavier que j' aime beaucoup ne sont probablement pas tombés <eos>,13,tombés,tombées,11,M,S,tombés,-7.522751,tombées,-11.371884,1
10319,P_NOUN_8_PASS_b,M,P,les pots avec le clavier que j' aime beaucoup ne sont probablement pas utilisés <eos>,13,utilisés,utilisées,11,M,S,utilisés,-4.1040764,utilisées,-8.046553,1
10320,P_NOUN_8_PASS_b,M,P,les pots avec le raisin que j' aime beaucoup ne sont probablement pas achetés <eos>,13,achetés,achetées,11,M,S,achetés,-8.0579815,achetées,-12.868315,1
10321,P_NOUN_8_PASS_b,M,P,les pots avec le raisin que j' aime beaucoup ne sont probablement pas brisés <eos>,13,brisés,brisées,11,M,S,brisés,-10.512997,brisées,-12.255825,1
10322,P_NOUN_8_PASS_b,M,P,les pots avec le raisin que j' aime beaucoup ne sont probablement pas cachés <eos>,13,cachés,cachées,11,M,S,cachés,-8.307616,cachées,-11.987625,1
10323,P_NOUN_8_PASS_b,M,P,les pots avec le raisin que j' aime beaucoup ne sont probablement pas cassés <eos>,13,cassés,cassées,11,M,S,cassés,-8.692856,cassées,-11.0361,1
10324,P_NOUN_8_PASS_b,M,P,les pots avec le raisin que j' aime beaucoup ne sont probablement pas couverts <eos>,13,couverts,couvertes,11,M,S,couverts,-6.127351,couvertes,-10.902736,1
10325,P_NOUN_8_PASS_b,M,P,les pots avec le raisin que j' aime beaucoup ne sont probablement pas déformés <eos>,13,déformés,déformées,11,M,S,déformés,-12.252589,déformées,-11.283523,0
10326,P_NOUN_8_PASS_b,M,P,les pots avec le raisin que j' aime beaucoup ne sont probablement pas fixés <eos>,13,fixés,fixées,11,M,S,fixés,-7.767395,fixées,-11.152875,1
10327,P_NOUN_8_PASS_b,M,P,les pots avec le raisin que j' aime beaucoup ne sont probablement pas jetés <eos>,13,jetés,jetées,11,M,S,jetés,-8.646426,jetées,-12.870054,1
10328,P_NOUN_8_PASS_b,M,P,les pots avec le raisin que j' aime beaucoup ne sont probablement pas laissés <eos>,13,laissés,laissées,11,M,S,laissés,-7.973102,laissées,-10.97904,1
10329,P_NOUN_8_PASS_b,M,P,les pots avec le raisin que j' aime beaucoup ne sont probablement pas ouverts <eos>,13,ouverts,ouvertes,11,M,S,ouverts,-8.381905,ouvertes,-11.597416,1
10330,P_NOUN_8_PASS_b,M,P,les pots avec le raisin que j' aime beaucoup ne sont probablement pas perdus <eos>,13,perdus,perdues,11,M,S,perdus,-7.2036457,perdues,-10.684429,1
10331,P_NOUN_8_PASS_b,M,P,les pots avec le raisin que j' aime beaucoup ne sont probablement pas réparés <eos>,13,réparés,réparées,11,M,S,réparés,-11.014619,réparées,-12.595895,1
10332,P_NOUN_8_PASS_b,M,P,les pots avec le raisin que j' aime beaucoup ne sont probablement pas retirés <eos>,13,retirés,retirées,11,M,S,retirés,-8.136264,retirées,-10.655333,1
10333,P_NOUN_8_PASS_b,M,P,les pots avec le raisin que j' aime beaucoup ne sont probablement pas tombés <eos>,13,tombés,tombées,11,M,S,tombés,-6.70788,tombées,-10.463074,1
10334,P_NOUN_8_PASS_b,M,P,les pots avec le raisin que j' aime beaucoup ne sont probablement pas utilisés <eos>,13,utilisés,utilisées,11,M,S,utilisés,-4.0253434,utilisées,-7.941465,1
10335,P_NOUN_8_PASS_b,M,P,les pots avec le chargeur que j' aime beaucoup ne sont probablement pas achetés <eos>,13,achetés,achetées,11,M,S,achetés,-8.241108,achetées,-12.560106,1
10336,P_NOUN_8_PASS_b,M,P,les pots avec le chargeur que j' aime beaucoup ne sont probablement pas brisés <eos>,13,brisés,brisées,11,M,S,brisés,-10.607786,brisées,-11.98498,1
10337,P_NOUN_8_PASS_b,M,P,les pots avec le chargeur que j' aime beaucoup ne sont probablement pas cachés <eos>,13,cachés,cachées,11,M,S,cachés,-7.184328,cachées,-11.852186,1
10338,P_NOUN_8_PASS_b,M,P,les pots avec le chargeur que j' aime beaucoup ne sont probablement pas cassés <eos>,13,cassés,cassées,11,M,S,cassés,-9.377027,cassées,-10.756946,1
10339,P_NOUN_8_PASS_b,M,P,les pots avec le chargeur que j' aime beaucoup ne sont probablement pas couverts <eos>,13,couverts,couvertes,11,M,S,couverts,-7.118191,couvertes,-10.986542,1
10340,P_NOUN_8_PASS_b,M,P,les pots avec le chargeur que j' aime beaucoup ne sont probablement pas déformés <eos>,13,déformés,déformées,11,M,S,déformés,-12.228943,déformées,-10.964518,0
10341,P_NOUN_8_PASS_b,M,P,les pots avec le chargeur que j' aime beaucoup ne sont probablement pas fixés <eos>,13,fixés,fixées,11,M,S,fixés,-8.07909,fixées,-10.689967,1
10342,P_NOUN_8_PASS_b,M,P,les pots avec le chargeur que j' aime beaucoup ne sont probablement pas jetés <eos>,13,jetés,jetées,11,M,S,jetés,-7.9862857,jetées,-11.88193,1
10343,P_NOUN_8_PASS_b,M,P,les pots avec le chargeur que j' aime beaucoup ne sont probablement pas laissés <eos>,13,laissés,laissées,11,M,S,laissés,-8.005173,laissées,-11.087831,1
10344,P_NOUN_8_PASS_b,M,P,les pots avec le chargeur que j' aime beaucoup ne sont probablement pas ouverts <eos>,13,ouverts,ouvertes,11,M,S,ouverts,-8.077845,ouvertes,-11.496434,1
10345,P_NOUN_8_PASS_b,M,P,les pots avec le chargeur que j' aime beaucoup ne sont probablement pas perdus <eos>,13,perdus,perdues,11,M,S,perdus,-6.651693,perdues,-10.106352,1
10346,P_NOUN_8_PASS_b,M,P,les pots avec le chargeur que j' aime beaucoup ne sont probablement pas réparés <eos>,13,réparés,réparées,11,M,S,réparés,-10.493204,réparées,-11.613443,1
10347,P_NOUN_8_PASS_b,M,P,les pots avec le chargeur que j' aime beaucoup ne sont probablement pas retirés <eos>,13,retirés,retirées,11,M,S,retirés,-7.200165,retirées,-10.3880205,1
10348,P_NOUN_8_PASS_b,M,P,les pots avec le chargeur que j' aime beaucoup ne sont probablement pas tombés <eos>,13,tombés,tombées,11,M,S,tombés,-6.7106504,tombées,-10.942704,1
10349,P_NOUN_8_PASS_b,M,P,les pots avec le chargeur que j' aime beaucoup ne sont probablement pas utilisés <eos>,13,utilisés,utilisées,11,M,S,utilisés,-3.717649,utilisées,-7.6910977,1
10350,P_NOUN_8_PASS_b,M,P,les pots avec le vase que j' aime beaucoup ne sont probablement pas achetés <eos>,13,achetés,achetées,11,M,S,achetés,-8.268305,achetées,-13.068164,1
10351,P_NOUN_8_PASS_b,M,P,les pots avec le vase que j' aime beaucoup ne sont probablement pas brisés <eos>,13,brisés,brisées,11,M,S,brisés,-9.863265,brisées,-11.659049,1
10352,P_NOUN_8_PASS_b,M,P,les pots avec le vase que j' aime beaucoup ne sont probablement pas cachés <eos>,13,cachés,cachées,11,M,S,cachés,-7.8222003,cachées,-11.526866,1
10353,P_NOUN_8_PASS_b,M,P,les pots avec le vase que j' aime beaucoup ne sont probablement pas cassés <eos>,13,cassés,cassées,11,M,S,cassés,-8.794436,cassées,-10.565669,1
10354,P_NOUN_8_PASS_b,M,P,les pots avec le vase que j' aime beaucoup ne sont probablement pas couverts <eos>,13,couverts,couvertes,11,M,S,couverts,-6.2885857,couvertes,-10.646312,1
10355,P_NOUN_8_PASS_b,M,P,les pots avec le vase que j' aime beaucoup ne sont probablement pas déformés <eos>,13,déformés,déformées,11,M,S,déformés,-11.278324,déformées,-10.706407,0
10356,P_NOUN_8_PASS_b,M,P,les pots avec le vase que j' aime beaucoup ne sont probablement pas fixés <eos>,13,fixés,fixées,11,M,S,fixés,-7.886784,fixées,-11.252754,1
10357,P_NOUN_8_PASS_b,M,P,les pots avec le vase que j' aime beaucoup ne sont probablement pas jetés <eos>,13,jetés,jetées,11,M,S,jetés,-7.5947576,jetées,-11.429472,1
10358,P_NOUN_8_PASS_b,M,P,les pots avec le vase que j' aime beaucoup ne sont probablement pas laissés <eos>,13,laissés,laissées,11,M,S,laissés,-7.739765,laissées,-10.76527,1
10359,P_NOUN_8_PASS_b,M,P,les pots avec le vase que j' aime beaucoup ne sont probablement pas ouverts <eos>,13,ouverts,ouvertes,11,M,S,ouverts,-7.166891,ouvertes,-11.088495,1
10360,P_NOUN_8_PASS_b,M,P,les pots avec le vase que j' aime beaucoup ne sont probablement pas perdus <eos>,13,perdus,perdues,11,M,S,perdus,-6.199253,perdues,-10.334221,1
10361,P_NOUN_8_PASS_b,M,P,les pots avec le vase que j' aime beaucoup ne sont probablement pas réparés <eos>,13,réparés,réparées,11,M,S,réparés,-9.975565,réparées,-11.626423,1
10362,P_NOUN_8_PASS_b,M,P,les pots avec le vase que j' aime beaucoup ne sont probablement pas retirés <eos>,13,retirés,retirées,11,M,S,retirés,-8.06998,retirées,-10.719626,1
10363,P_NOUN_8_PASS_b,M,P,les pots avec le vase que j' aime beaucoup ne sont probablement pas tombés <eos>,13,tombés,tombées,11,M,S,tombés,-6.6491218,tombées,-10.407452,1
10364,P_NOUN_8_PASS_b,M,P,les pots avec le vase que j' aime beaucoup ne sont probablement pas utilisés <eos>,13,utilisés,utilisées,11,M,S,utilisés,-4.705024,utilisées,-8.50293,1
10365,P_NOUN_8_PASS_b,M,P,les pots avec le panier que j' aime beaucoup ne sont probablement pas achetés <eos>,13,achetés,achetées,11,M,S,achetés,-8.2055025,achetées,-12.483224,1
10366,P_NOUN_8_PASS_b,M,P,les pots avec le panier que j' aime beaucoup ne sont probablement pas brisés <eos>,13,brisés,brisées,11,M,S,brisés,-9.952291,brisées,-11.673406,1
10367,P_NOUN_8_PASS_b,M,P,les pots avec le panier que j' aime beaucoup ne sont probablement pas cachés <eos>,13,cachés,cachées,11,M,S,cachés,-8.063969,cachées,-12.068001,1
10368,P_NOUN_8_PASS_b,M,P,les pots avec le panier que j' aime beaucoup ne sont probablement pas cassés <eos>,13,cassés,cassées,11,M,S,cassés,-8.968177,cassées,-10.430679,1
10369,P_NOUN_8_PASS_b,M,P,les pots avec le panier que j' aime beaucoup ne sont probablement pas couverts <eos>,13,couverts,couvertes,11,M,S,couverts,-6.348205,couvertes,-10.7876625,1
10370,P_NOUN_8_PASS_b,M,P,les pots avec le panier que j' aime beaucoup ne sont probablement pas déformés <eos>,13,déformés,déformées,11,M,S,déformés,-11.861425,déformées,-11.043118,0
10371,P_NOUN_8_PASS_b,M,P,les pots avec le panier que j' aime beaucoup ne sont probablement pas fixés <eos>,13,fixés,fixées,11,M,S,fixés,-7.5766096,fixées,-10.988362,1
10372,P_NOUN_8_PASS_b,M,P,les pots avec le panier que j' aime beaucoup ne sont probablement pas jetés <eos>,13,jetés,jetées,11,M,S,jetés,-7.853777,jetées,-11.707122,1
10373,P_NOUN_8_PASS_b,M,P,les pots avec le panier que j' aime beaucoup ne sont probablement pas laissés <eos>,13,laissés,laissées,11,M,S,laissés,-7.943946,laissées,-10.747626,1
10374,P_NOUN_8_PASS_b,M,P,les pots avec le panier que j' aime beaucoup ne sont probablement pas ouverts <eos>,13,ouverts,ouvertes,11,M,S,ouverts,-7.365074,ouvertes,-11.349505,1
10375,P_NOUN_8_PASS_b,M,P,les pots avec le panier que j' aime beaucoup ne sont probablement pas perdus <eos>,13,perdus,perdues,11,M,S,perdus,-6.347251,perdues,-10.306929,1
10376,P_NOUN_8_PASS_b,M,P,les pots avec le panier que j' aime beaucoup ne sont probablement pas réparés <eos>,13,réparés,réparées,11,M,S,réparés,-10.364437,réparées,-11.695873,1
10377,P_NOUN_8_PASS_b,M,P,les pots avec le panier que j' aime beaucoup ne sont probablement pas retirés <eos>,13,retirés,retirées,11,M,S,retirés,-7.7583637,retirées,-10.574555,1
10378,P_NOUN_8_PASS_b,M,P,les pots avec le panier que j' aime beaucoup ne sont probablement pas tombés <eos>,13,tombés,tombées,11,M,S,tombés,-6.9099646,tombées,-10.986707,1
10379,P_NOUN_8_PASS_b,M,P,les pots avec le panier que j' aime beaucoup ne sont probablement pas utilisés <eos>,13,utilisés,utilisées,11,M,S,utilisés,-4.2841606,utilisées,-8.178014,1
10380,P_NOUN_8_PASS_b,M,P,les pots avec le collier que j' aime beaucoup ne sont probablement pas achetés <eos>,13,achetés,achetées,11,M,S,achetés,-8.670979,achetées,-13.210932,1
10381,P_NOUN_8_PASS_b,M,P,les pots avec le collier que j' aime beaucoup ne sont probablement pas brisés <eos>,13,brisés,brisées,11,M,S,brisés,-9.98288,brisées,-11.580124,1
10382,P_NOUN_8_PASS_b,M,P,les pots avec le collier que j' aime beaucoup ne sont probablement pas cachés <eos>,13,cachés,cachées,11,M,S,cachés,-7.94466,cachées,-11.5448265,1
10383,P_NOUN_8_PASS_b,M,P,les pots avec le collier que j' aime beaucoup ne sont probablement pas cassés <eos>,13,cassés,cassées,11,M,S,cassés,-9.157711,cassées,-10.225553,1
10384,P_NOUN_8_PASS_b,M,P,les pots avec le collier que j' aime beaucoup ne sont probablement pas couverts <eos>,13,couverts,couvertes,11,M,S,couverts,-6.6558905,couvertes,-11.106917,1
10385,P_NOUN_8_PASS_b,M,P,les pots avec le collier que j' aime beaucoup ne sont probablement pas déformés <eos>,13,déformés,déformées,11,M,S,déformés,-11.568509,déformées,-10.95134,0
10386,P_NOUN_8_PASS_b,M,P,les pots avec le collier que j' aime beaucoup ne sont probablement pas fixés <eos>,13,fixés,fixées,11,M,S,fixés,-8.051762,fixées,-11.000103,1
10387,P_NOUN_8_PASS_b,M,P,les pots avec le collier que j' aime beaucoup ne sont probablement pas jetés <eos>,13,jetés,jetées,11,M,S,jetés,-7.6674786,jetées,-11.427323,1
10388,P_NOUN_8_PASS_b,M,P,les pots avec le collier que j' aime beaucoup ne sont probablement pas laissés <eos>,13,laissés,laissées,11,M,S,laissés,-8.284082,laissées,-11.225726,1
10389,P_NOUN_8_PASS_b,M,P,les pots avec le collier que j' aime beaucoup ne sont probablement pas ouverts <eos>,13,ouverts,ouvertes,11,M,S,ouverts,-7.847783,ouvertes,-11.745493,1
10390,P_NOUN_8_PASS_b,M,P,les pots avec le collier que j' aime beaucoup ne sont probablement pas perdus <eos>,13,perdus,perdues,11,M,S,perdus,-6.761801,perdues,-10.524446,1
10391,P_NOUN_8_PASS_b,M,P,les pots avec le collier que j' aime beaucoup ne sont probablement pas réparés <eos>,13,réparés,réparées,11,M,S,réparés,-10.826918,réparées,-12.284048,1
10392,P_NOUN_8_PASS_b,M,P,les pots avec le collier que j' aime beaucoup ne sont probablement pas retirés <eos>,13,retirés,retirées,11,M,S,retirés,-8.16634,retirées,-11.016031,1
10393,P_NOUN_8_PASS_b,M,P,les pots avec le collier que j' aime beaucoup ne sont probablement pas tombés <eos>,13,tombés,tombées,11,M,S,tombés,-6.3733664,tombées,-10.819451,1
10394,P_NOUN_8_PASS_b,M,P,les pots avec le collier que j' aime beaucoup ne sont probablement pas utilisés <eos>,13,utilisés,utilisées,11,M,S,utilisés,-4.440528,utilisées,-8.403493,1
10395,P_NOUN_8_PASS_b,M,P,les pots avec le chapeau que j' aime beaucoup ne sont probablement pas achetés <eos>,13,achetés,achetées,11,M,S,achetés,-8.628492,achetées,-13.1832695,1
10396,P_NOUN_8_PASS_b,M,P,les pots avec le chapeau que j' aime beaucoup ne sont probablement pas brisés <eos>,13,brisés,brisées,11,M,S,brisés,-9.996494,brisées,-11.746391,1
10397,P_NOUN_8_PASS_b,M,P,les pots avec le chapeau que j' aime beaucoup ne sont probablement pas cachés <eos>,13,cachés,cachées,11,M,S,cachés,-7.7406054,cachées,-11.262802,1
10398,P_NOUN_8_PASS_b,M,P,les pots avec le chapeau que j' aime beaucoup ne sont probablement pas cassés <eos>,13,cassés,cassées,11,M,S,cassés,-9.014707,cassées,-9.980986,1
10399,P_NOUN_8_PASS_b,M,P,les pots avec le chapeau que j' aime beaucoup ne sont probablement pas couverts <eos>,13,couverts,couvertes,11,M,S,couverts,-6.4252777,couvertes,-10.727648,1
10400,P_NOUN_8_PASS_b,M,P,les pots avec le chapeau que j' aime beaucoup ne sont probablement pas déformés <eos>,13,déformés,déformées,11,M,S,déformés,-11.441546,déformées,-10.585679,0
10401,P_NOUN_8_PASS_b,M,P,les pots avec le chapeau que j' aime beaucoup ne sont probablement pas fixés <eos>,13,fixés,fixées,11,M,S,fixés,-8.345312,fixées,-11.3123,1
10402,P_NOUN_8_PASS_b,M,P,les pots avec le chapeau que j' aime beaucoup ne sont probablement pas jetés <eos>,13,jetés,jetées,11,M,S,jetés,-7.7579083,jetées,-11.462285,1
10403,P_NOUN_8_PASS_b,M,P,les pots avec le chapeau que j' aime beaucoup ne sont probablement pas laissés <eos>,13,laissés,laissées,11,M,S,laissés,-8.095512,laissées,-11.119478,1
10404,P_NOUN_8_PASS_b,M,P,les pots avec le chapeau que j' aime beaucoup ne sont probablement pas ouverts <eos>,13,ouverts,ouvertes,11,M,S,ouverts,-7.3782606,ouvertes,-11.261668,1
10405,P_NOUN_8_PASS_b,M,P,les pots avec le chapeau que j' aime beaucoup ne sont probablement pas perdus <eos>,13,perdus,perdues,11,M,S,perdus,-6.8047233,perdues,-10.51199,1
10406,P_NOUN_8_PASS_b,M,P,les pots avec le chapeau que j' aime beaucoup ne sont probablement pas réparés <eos>,13,réparés,réparées,11,M,S,réparés,-10.899206,réparées,-12.24513,1
10407,P_NOUN_8_PASS_b,M,P,les pots avec le chapeau que j' aime beaucoup ne sont probablement pas retirés <eos>,13,retirés,retirées,11,M,S,retirés,-8.070192,retirées,-10.843188,1
10408,P_NOUN_8_PASS_b,M,P,les pots avec le chapeau que j' aime beaucoup ne sont probablement pas tombés <eos>,13,tombés,tombées,11,M,S,tombés,-6.524127,tombées,-10.559519,1
10409,P_NOUN_8_PASS_b,M,P,les pots avec le chapeau que j' aime beaucoup ne sont probablement pas utilisés <eos>,13,utilisés,utilisées,11,M,S,utilisés,-4.5519285,utilisées,-8.283597,1
10410,P_NOUN_8_PASS_b,M,P,les pots avec le pot que j' aime beaucoup ne sont probablement pas achetés <eos>,13,achetés,achetées,11,M,S,achetés,-8.455944,achetées,-13.045729,1
10411,P_NOUN_8_PASS_b,M,P,les pots avec le pot que j' aime beaucoup ne sont probablement pas brisés <eos>,13,brisés,brisées,11,M,S,brisés,-9.943909,brisées,-11.791506,1
10412,P_NOUN_8_PASS_b,M,P,les pots avec le pot que j' aime beaucoup ne sont probablement pas cachés <eos>,13,cachés,cachées,11,M,S,cachés,-7.9242034,cachées,-11.73094,1
10413,P_NOUN_8_PASS_b,M,P,les pots avec le pot que j' aime beaucoup ne sont probablement pas cassés <eos>,13,cassés,cassées,11,M,S,cassés,-8.950312,cassées,-10.412873,1
10414,P_NOUN_8_PASS_b,M,P,les pots avec le pot que j' aime beaucoup ne sont probablement pas couverts <eos>,13,couverts,couvertes,11,M,S,couverts,-6.2355404,couvertes,-10.622622,1
10415,P_NOUN_8_PASS_b,M,P,les pots avec le pot que j' aime beaucoup ne sont probablement pas déformés <eos>,13,déformés,déformées,11,M,S,déformés,-11.549461,déformées,-11.007468,0
10416,P_NOUN_8_PASS_b,M,P,les pots avec le pot que j' aime beaucoup ne sont probablement pas fixés <eos>,13,fixés,fixées,11,M,S,fixés,-7.8190956,fixées,-11.151149,1
10417,P_NOUN_8_PASS_b,M,P,les pots avec le pot que j' aime beaucoup ne sont probablement pas jetés <eos>,13,jetés,jetées,11,M,S,jetés,-7.9418573,jetées,-11.658101,1
10418,P_NOUN_8_PASS_b,M,P,les pots avec le pot que j' aime beaucoup ne sont probablement pas laissés <eos>,13,laissés,laissées,11,M,S,laissés,-7.957617,laissées,-10.78578,1
10419,P_NOUN_8_PASS_b,M,P,les pots avec le pot que j' aime beaucoup ne sont probablement pas ouverts <eos>,13,ouverts,ouvertes,11,M,S,ouverts,-7.663098,ouvertes,-11.553478,1
10420,P_NOUN_8_PASS_b,M,P,les pots avec le pot que j' aime beaucoup ne sont probablement pas perdus <eos>,13,perdus,perdues,11,M,S,perdus,-6.6709948,perdues,-10.578082,1
10421,P_NOUN_8_PASS_b,M,P,les pots avec le pot que j' aime beaucoup ne sont probablement pas réparés <eos>,13,réparés,réparées,11,M,S,réparés,-10.22314,réparées,-11.825692,1
10422,P_NOUN_8_PASS_b,M,P,les pots avec le pot que j' aime beaucoup ne sont probablement pas retirés <eos>,13,retirés,retirées,11,M,S,retirés,-8.091812,retirées,-10.663494,1
10423,P_NOUN_8_PASS_b,M,P,les pots avec le pot que j' aime beaucoup ne sont probablement pas tombés <eos>,13,tombés,tombées,11,M,S,tombés,-6.624647,tombées,-10.552919,1
10424,P_NOUN_8_PASS_b,M,P,les pots avec le pot que j' aime beaucoup ne sont probablement pas utilisés <eos>,13,utilisés,utilisées,11,M,S,utilisés,-4.2700377,utilisées,-8.227626,1
10425,P_NOUN_8_PASS_b,M,P,les pots avec le coussin que j' aime beaucoup ne sont probablement pas achetés <eos>,13,achetés,achetées,11,M,S,achetés,-9.079506,achetées,-13.338108,1
10426,P_NOUN_8_PASS_b,M,P,les pots avec le coussin que j' aime beaucoup ne sont probablement pas brisés <eos>,13,brisés,brisées,11,M,S,brisés,-9.8321495,brisées,-11.667188,1
10427,P_NOUN_8_PASS_b,M,P,les pots avec le coussin que j' aime beaucoup ne sont probablement pas cachés <eos>,13,cachés,cachées,11,M,S,cachés,-7.890196,cachées,-11.709095,1
10428,P_NOUN_8_PASS_b,M,P,les pots avec le coussin que j' aime beaucoup ne sont probablement pas cassés <eos>,13,cassés,cassées,11,M,S,cassés,-9.21007,cassées,-10.104622,1
10429,P_NOUN_8_PASS_b,M,P,les pots avec le coussin que j' aime beaucoup ne sont probablement pas couverts <eos>,13,couverts,couvertes,11,M,S,couverts,-6.7724733,couvertes,-10.6274605,1
10430,P_NOUN_8_PASS_b,M,P,les pots avec le coussin que j' aime beaucoup ne sont probablement pas déformés <eos>,13,déformés,déformées,11,M,S,déformés,-11.519399,déformées,-10.710172,0
10431,P_NOUN_8_PASS_b,M,P,les pots avec le coussin que j' aime beaucoup ne sont probablement pas fixés <eos>,13,fixés,fixées,11,M,S,fixés,-7.7028847,fixées,-10.657042,1
10432,P_NOUN_8_PASS_b,M,P,les pots avec le coussin que j' aime beaucoup ne sont probablement pas jetés <eos>,13,jetés,jetées,11,M,S,jetés,-8.097277,jetées,-11.592314,1
10433,P_NOUN_8_PASS_b,M,P,les pots avec le coussin que j' aime beaucoup ne sont probablement pas laissés <eos>,13,laissés,laissées,11,M,S,laissés,-8.302983,laissées,-11.022529,1
10434,P_NOUN_8_PASS_b,M,P,les pots avec le coussin que j' aime beaucoup ne sont probablement pas ouverts <eos>,13,ouverts,ouvertes,11,M,S,ouverts,-7.839568,ouvertes,-11.49776,1
10435,P_NOUN_8_PASS_b,M,P,les pots avec le coussin que j' aime beaucoup ne sont probablement pas perdus <eos>,13,perdus,perdues,11,M,S,perdus,-7.0025797,perdues,-10.747747,1
10436,P_NOUN_8_PASS_b,M,P,les pots avec le coussin que j' aime beaucoup ne sont probablement pas réparés <eos>,13,réparés,réparées,11,M,S,réparés,-10.79492,réparées,-12.169338,1
10437,P_NOUN_8_PASS_b,M,P,les pots avec le coussin que j' aime beaucoup ne sont probablement pas retirés <eos>,13,retirés,retirées,11,M,S,retirés,-7.9869657,retirées,-10.745235,1
10438,P_NOUN_8_PASS_b,M,P,les pots avec le coussin que j' aime beaucoup ne sont probablement pas tombés <eos>,13,tombés,tombées,11,M,S,tombés,-6.750559,tombées,-10.822638,1
10439,P_NOUN_8_PASS_b,M,P,les pots avec le coussin que j' aime beaucoup ne sont probablement pas utilisés <eos>,13,utilisés,utilisées,11,M,S,utilisés,-4.087353,utilisées,-8.018355,1
10440,P_NOUN_8_PASS_b,M,P,les pots avec le jouet que j' aime beaucoup ne sont probablement pas achetés <eos>,13,achetés,achetées,11,M,S,achetés,-8.667605,achetées,-13.534009,1
10441,P_NOUN_8_PASS_b,M,P,les pots avec le jouet que j' aime beaucoup ne sont probablement pas brisés <eos>,13,brisés,brisées,11,M,S,brisés,-9.965724,brisées,-11.701483,1
10442,P_NOUN_8_PASS_b,M,P,les pots avec le jouet que j' aime beaucoup ne sont probablement pas cachés <eos>,13,cachés,cachées,11,M,S,cachés,-8.011677,cachées,-11.529075,1
10443,P_NOUN_8_PASS_b,M,P,les pots avec le jouet que j' aime beaucoup ne sont probablement pas cassés <eos>,13,cassés,cassées,11,M,S,cassés,-9.208236,cassées,-10.334724,1
10444,P_NOUN_8_PASS_b,M,P,les pots avec le jouet que j' aime beaucoup ne sont probablement pas couverts <eos>,13,couverts,couvertes,11,M,S,couverts,-6.7935066,couvertes,-11.0469675,1
10445,P_NOUN_8_PASS_b,M,P,les pots avec le jouet que j' aime beaucoup ne sont probablement pas déformés <eos>,13,déformés,déformées,11,M,S,déformés,-11.37678,déformées,-10.802296,0
10446,P_NOUN_8_PASS_b,M,P,les pots avec le jouet que j' aime beaucoup ne sont probablement pas fixés <eos>,13,fixés,fixées,11,M,S,fixés,-7.9798684,fixées,-11.010824,1
10447,P_NOUN_8_PASS_b,M,P,les pots avec le jouet que j' aime beaucoup ne sont probablement pas jetés <eos>,13,jetés,jetées,11,M,S,jetés,-8.089309,jetées,-11.764798,1
10448,P_NOUN_8_PASS_b,M,P,les pots avec le jouet que j' aime beaucoup ne sont probablement pas laissés <eos>,13,laissés,laissées,11,M,S,laissés,-8.432171,laissées,-11.195411,1
10449,P_NOUN_8_PASS_b,M,P,les pots avec le jouet que j' aime beaucoup ne sont probablement pas ouverts <eos>,13,ouverts,ouvertes,11,M,S,ouverts,-7.6447215,ouvertes,-11.573505,1
10450,P_NOUN_8_PASS_b,M,P,les pots avec le jouet que j' aime beaucoup ne sont probablement pas perdus <eos>,13,perdus,perdues,11,M,S,perdus,-6.8800025,perdues,-10.78077,1
10451,P_NOUN_8_PASS_b,M,P,les pots avec le jouet que j' aime beaucoup ne sont probablement pas réparés <eos>,13,réparés,réparées,11,M,S,réparés,-11.144884,réparées,-12.374397,1
10452,P_NOUN_8_PASS_b,M,P,les pots avec le jouet que j' aime beaucoup ne sont probablement pas retirés <eos>,13,retirés,retirées,11,M,S,retirés,-8.37314,retirées,-11.004345,1
10453,P_NOUN_8_PASS_b,M,P,les pots avec le jouet que j' aime beaucoup ne sont probablement pas tombés <eos>,13,tombés,tombées,11,M,S,tombés,-7.104577,tombées,-11.024397,1
10454,P_NOUN_8_PASS_b,M,P,les pots avec le jouet que j' aime beaucoup ne sont probablement pas utilisés <eos>,13,utilisés,utilisées,11,M,S,utilisés,-4.438864,utilisées,-8.296259,1
10455,P_NOUN_8_PASS_b,M,P,les pots avec le clou que j' aime beaucoup ne sont probablement pas achetés <eos>,13,achetés,achetées,11,M,S,achetés,-8.781012,achetées,-13.143042,1
10456,P_NOUN_8_PASS_b,M,P,les pots avec le clou que j' aime beaucoup ne sont probablement pas brisés <eos>,13,brisés,brisées,11,M,S,brisés,-9.805865,brisées,-11.6568985,1
10457,P_NOUN_8_PASS_b,M,P,les pots avec le clou que j' aime beaucoup ne sont probablement pas cachés <eos>,13,cachés,cachées,11,M,S,cachés,-8.100641,cachées,-11.588076,1
10458,P_NOUN_8_PASS_b,M,P,les pots avec le clou que j' aime beaucoup ne sont probablement pas cassés <eos>,13,cassés,cassées,11,M,S,cassés,-8.887006,cassées,-10.151444,1
10459,P_NOUN_8_PASS_b,M,P,les pots avec le clou que j' aime beaucoup ne sont probablement pas couverts <eos>,13,couverts,couvertes,11,M,S,couverts,-6.639628,couvertes,-10.766676,1
10460,P_NOUN_8_PASS_b,M,P,les pots avec le clou que j' aime beaucoup ne sont probablement pas déformés <eos>,13,déformés,déformées,11,M,S,déformés,-11.31381,déformées,-10.821451,0
10461,P_NOUN_8_PASS_b,M,P,les pots avec le clou que j' aime beaucoup ne sont probablement pas fixés <eos>,13,fixés,fixées,11,M,S,fixés,-8.021809,fixées,-10.9560795,1
10462,P_NOUN_8_PASS_b,M,P,les pots avec le clou que j' aime beaucoup ne sont probablement pas jetés <eos>,13,jetés,jetées,11,M,S,jetés,-8.067598,jetées,-11.770729,1
10463,P_NOUN_8_PASS_b,M,P,les pots avec le clou que j' aime beaucoup ne sont probablement pas laissés <eos>,13,laissés,laissées,11,M,S,laissés,-8.24468,laissées,-11.234017,1
10464,P_NOUN_8_PASS_b,M,P,les pots avec le clou que j' aime beaucoup ne sont probablement pas ouverts <eos>,13,ouverts,ouvertes,11,M,S,ouverts,-7.70507,ouvertes,-11.418016,1
10465,P_NOUN_8_PASS_b,M,P,les pots avec le clou que j' aime beaucoup ne sont probablement pas perdus <eos>,13,perdus,perdues,11,M,S,perdus,-6.758052,perdues,-10.536277,1
10466,P_NOUN_8_PASS_b,M,P,les pots avec le clou que j' aime beaucoup ne sont probablement pas réparés <eos>,13,réparés,réparées,11,M,S,réparés,-10.7511635,réparées,-11.928741,1
10467,P_NOUN_8_PASS_b,M,P,les pots avec le clou que j' aime beaucoup ne sont probablement pas retirés <eos>,13,retirés,retirées,11,M,S,retirés,-8.118963,retirées,-10.62019,1
10468,P_NOUN_8_PASS_b,M,P,les pots avec le clou que j' aime beaucoup ne sont probablement pas tombés <eos>,13,tombés,tombées,11,M,S,tombés,-6.690251,tombées,-10.603205,1
10469,P_NOUN_8_PASS_b,M,P,les pots avec le clou que j' aime beaucoup ne sont probablement pas utilisés <eos>,13,utilisés,utilisées,11,M,S,utilisés,-4.6512756,utilisées,-8.450454,1
10470,P_NOUN_8_PASS_b,M,P,les pots avec le billet que j' aime beaucoup ne sont probablement pas achetés <eos>,13,achetés,achetées,11,M,S,achetés,-8.342325,achetées,-12.342253,1
10471,P_NOUN_8_PASS_b,M,P,les pots avec le billet que j' aime beaucoup ne sont probablement pas brisés <eos>,13,brisés,brisées,11,M,S,brisés,-10.6474085,brisées,-12.063037,1
10472,P_NOUN_8_PASS_b,M,P,les pots avec le billet que j' aime beaucoup ne sont probablement pas cachés <eos>,13,cachés,cachées,11,M,S,cachés,-7.648673,cachées,-11.778155,1
10473,P_NOUN_8_PASS_b,M,P,les pots avec le billet que j' aime beaucoup ne sont probablement pas cassés <eos>,13,cassés,cassées,11,M,S,cassés,-9.494176,cassées,-10.657959,1
10474,P_NOUN_8_PASS_b,M,P,les pots avec le billet que j' aime beaucoup ne sont probablement pas couverts <eos>,13,couverts,couvertes,11,M,S,couverts,-6.878833,couvertes,-11.467932,1
10475,P_NOUN_8_PASS_b,M,P,les pots avec le billet que j' aime beaucoup ne sont probablement pas déformés <eos>,13,déformés,déformées,11,M,S,déformés,-11.966655,déformées,-11.273552,0
10476,P_NOUN_8_PASS_b,M,P,les pots avec le billet que j' aime beaucoup ne sont probablement pas fixés <eos>,13,fixés,fixées,11,M,S,fixés,-7.770668,fixées,-10.858763,1
10477,P_NOUN_8_PASS_b,M,P,les pots avec le billet que j' aime beaucoup ne sont probablement pas jetés <eos>,13,jetés,jetées,11,M,S,jetés,-7.9672594,jetées,-11.694872,1
10478,P_NOUN_8_PASS_b,M,P,les pots avec le billet que j' aime beaucoup ne sont probablement pas laissés <eos>,13,laissés,laissées,11,M,S,laissés,-8.511689,laissées,-11.185386,1
10479,P_NOUN_8_PASS_b,M,P,les pots avec le billet que j' aime beaucoup ne sont probablement pas ouverts <eos>,13,ouverts,ouvertes,11,M,S,ouverts,-7.921909,ouvertes,-12.046991,1
10480,P_NOUN_8_PASS_b,M,P,les pots avec le billet que j' aime beaucoup ne sont probablement pas perdus <eos>,13,perdus,perdues,11,M,S,perdus,-6.544638,perdues,-10.018936,1
10481,P_NOUN_8_PASS_b,M,P,les pots avec le billet que j' aime beaucoup ne sont probablement pas réparés <eos>,13,réparés,réparées,11,M,S,réparés,-11.183736,réparées,-12.250966,1
10482,P_NOUN_8_PASS_b,M,P,les pots avec le billet que j' aime beaucoup ne sont probablement pas retirés <eos>,13,retirés,retirées,11,M,S,retirés,-7.7363963,retirées,-10.526659,1
10483,P_NOUN_8_PASS_b,M,P,les pots avec le billet que j' aime beaucoup ne sont probablement pas tombés <eos>,13,tombés,tombées,11,M,S,tombés,-6.8309464,tombées,-10.920773,1
10484,P_NOUN_8_PASS_b,M,P,les pots avec le billet que j' aime beaucoup ne sont probablement pas utilisés <eos>,13,utilisés,utilisées,11,M,S,utilisés,-4.4387674,utilisées,-8.206843,1
10485,P_NOUN_8_PASS_b,M,P,les pots avec le légume que j' aime beaucoup ne sont probablement pas achetés <eos>,13,achetés,achetées,11,M,S,achetés,-8.502664,achetées,-13.479388,1
10486,P_NOUN_8_PASS_b,M,P,les pots avec le légume que j' aime beaucoup ne sont probablement pas brisés <eos>,13,brisés,brisées,11,M,S,brisés,-10.399456,brisées,-12.177183,1
10487,P_NOUN_8_PASS_b,M,P,les pots avec le légume que j' aime beaucoup ne sont probablement pas cachés <eos>,13,cachés,cachées,11,M,S,cachés,-8.53055,cachées,-12.186333,1
10488,P_NOUN_8_PASS_b,M,P,les pots avec le légume que j' aime beaucoup ne sont probablement pas cassés <eos>,13,cassés,cassées,11,M,S,cassés,-9.238853,cassées,-10.851889,1
10489,P_NOUN_8_PASS_b,M,P,les pots avec le légume que j' aime beaucoup ne sont probablement pas couverts <eos>,13,couverts,couvertes,11,M,S,couverts,-5.9343867,couvertes,-10.71945,1
10490,P_NOUN_8_PASS_b,M,P,les pots avec le légume que j' aime beaucoup ne sont probablement pas déformés <eos>,13,déformés,déformées,11,M,S,déformés,-11.940196,déformées,-11.824497,0
10491,P_NOUN_8_PASS_b,M,P,les pots avec le légume que j' aime beaucoup ne sont probablement pas fixés <eos>,13,fixés,fixées,11,M,S,fixés,-8.299101,fixées,-11.701149,1
10492,P_NOUN_8_PASS_b,M,P,les pots avec le légume que j' aime beaucoup ne sont probablement pas jetés <eos>,13,jetés,jetées,11,M,S,jetés,-8.804995,jetées,-11.8015995,1
10493,P_NOUN_8_PASS_b,M,P,les pots avec le légume que j' aime beaucoup ne sont probablement pas laissés <eos>,13,laissés,laissées,11,M,S,laissés,-7.871153,laissées,-10.957006,1
10494,P_NOUN_8_PASS_b,M,P,les pots avec le légume que j' aime beaucoup ne sont probablement pas ouverts <eos>,13,ouverts,ouvertes,11,M,S,ouverts,-7.3966546,ouvertes,-11.60672,1
10495,P_NOUN_8_PASS_b,M,P,les pots avec le légume que j' aime beaucoup ne sont probablement pas perdus <eos>,13,perdus,perdues,11,M,S,perdus,-7.070266,perdues,-10.930591,1
10496,P_NOUN_8_PASS_b,M,P,les pots avec le légume que j' aime beaucoup ne sont probablement pas réparés <eos>,13,réparés,réparées,11,M,S,réparés,-10.639033,réparées,-12.716071,1
10497,P_NOUN_8_PASS_b,M,P,les pots avec le légume que j' aime beaucoup ne sont probablement pas retirés <eos>,13,retirés,retirées,11,M,S,retirés,-8.576121,retirées,-11.493238,1
10498,P_NOUN_8_PASS_b,M,P,les pots avec le légume que j' aime beaucoup ne sont probablement pas tombés <eos>,13,tombés,tombées,11,M,S,tombés,-6.898585,tombées,-10.882891,1
10499,P_NOUN_8_PASS_b,M,P,les pots avec le légume que j' aime beaucoup ne sont probablement pas utilisés <eos>,13,utilisés,utilisées,11,M,S,utilisés,-4.6443315,utilisées,-8.587872,1
10500,P_NOUN_8_PASS_b,M,P,les coussins avec le bracelet que j' aime beaucoup ne sont probablement pas achetés <eos>,13,achetés,achetées,11,M,S,achetés,-9.241842,achetées,-12.704372,1
10501,P_NOUN_8_PASS_b,M,P,les coussins avec le bracelet que j' aime beaucoup ne sont probablement pas brisés <eos>,13,brisés,brisées,11,M,S,brisés,-9.794367,brisées,-10.914401,1
10502,P_NOUN_8_PASS_b,M,P,les coussins avec le bracelet que j' aime beaucoup ne sont probablement pas cachés <eos>,13,cachés,cachées,11,M,S,cachés,-7.490178,cachées,-11.194618,1
10503,P_NOUN_8_PASS_b,M,P,les coussins avec le bracelet que j' aime beaucoup ne sont probablement pas cassés <eos>,13,cassés,cassées,11,M,S,cassés,-9.501874,cassées,-10.243477,1
10504,P_NOUN_8_PASS_b,M,P,les coussins avec le bracelet que j' aime beaucoup ne sont probablement pas couverts <eos>,13,couverts,couvertes,11,M,S,couverts,-7.423657,couvertes,-11.069073,1
10505,P_NOUN_8_PASS_b,M,P,les coussins avec le bracelet que j' aime beaucoup ne sont probablement pas déformés <eos>,13,déformés,déformées,11,M,S,déformés,-11.412171,déformées,-10.771461,0
10506,P_NOUN_8_PASS_b,M,P,les coussins avec le bracelet que j' aime beaucoup ne sont probablement pas fixés <eos>,13,fixés,fixées,11,M,S,fixés,-7.2920504,fixées,-10.015822,1
10507,P_NOUN_8_PASS_b,M,P,les coussins avec le bracelet que j' aime beaucoup ne sont probablement pas jetés <eos>,13,jetés,jetées,11,M,S,jetés,-7.0625343,jetées,-10.258282,1
10508,P_NOUN_8_PASS_b,M,P,les coussins avec le bracelet que j' aime beaucoup ne sont probablement pas laissés <eos>,13,laissés,laissées,11,M,S,laissés,-8.467493,laissées,-11.136593,1
10509,P_NOUN_8_PASS_b,M,P,les coussins avec le bracelet que j' aime beaucoup ne sont probablement pas ouverts <eos>,13,ouverts,ouvertes,11,M,S,ouverts,-7.605077,ouvertes,-11.185749,1
10510,P_NOUN_8_PASS_b,M,P,les coussins avec le bracelet que j' aime beaucoup ne sont probablement pas perdus <eos>,13,perdus,perdues,11,M,S,perdus,-6.2781086,perdues,-10.28283,1
10511,P_NOUN_8_PASS_b,M,P,les coussins avec le bracelet que j' aime beaucoup ne sont probablement pas réparés <eos>,13,réparés,réparées,11,M,S,réparés,-10.436256,réparées,-11.8415,1
10512,P_NOUN_8_PASS_b,M,P,les coussins avec le bracelet que j' aime beaucoup ne sont probablement pas retirés <eos>,13,retirés,retirées,11,M,S,retirés,-8.327098,retirées,-10.460126,1
10513,P_NOUN_8_PASS_b,M,P,les coussins avec le bracelet que j' aime beaucoup ne sont probablement pas tombés <eos>,13,tombés,tombées,11,M,S,tombés,-6.1611056,tombées,-10.677826,1
10514,P_NOUN_8_PASS_b,M,P,les coussins avec le bracelet que j' aime beaucoup ne sont probablement pas utilisés <eos>,13,utilisés,utilisées,11,M,S,utilisés,-4.715494,utilisées,-8.257945,1
10515,P_NOUN_8_PASS_b,M,P,les coussins avec le miroir que j' aime beaucoup ne sont probablement pas achetés <eos>,13,achetés,achetées,11,M,S,achetés,-9.453896,achetées,-13.462139,1
10516,P_NOUN_8_PASS_b,M,P,les coussins avec le miroir que j' aime beaucoup ne sont probablement pas brisés <eos>,13,brisés,brisées,11,M,S,brisés,-9.557053,brisées,-11.2722645,1
10517,P_NOUN_8_PASS_b,M,P,les coussins avec le miroir que j' aime beaucoup ne sont probablement pas cachés <eos>,13,cachés,cachées,11,M,S,cachés,-7.696452,cachées,-10.894905,1
10518,P_NOUN_8_PASS_b,M,P,les coussins avec le miroir que j' aime beaucoup ne sont probablement pas cassés <eos>,13,cassés,cassées,11,M,S,cassés,-9.424504,cassées,-10.274829,1
10519,P_NOUN_8_PASS_b,M,P,les coussins avec le miroir que j' aime beaucoup ne sont probablement pas couverts <eos>,13,couverts,couvertes,11,M,S,couverts,-7.156064,couvertes,-10.416401,1
10520,P_NOUN_8_PASS_b,M,P,les coussins avec le miroir que j' aime beaucoup ne sont probablement pas déformés <eos>,13,déformés,déformées,11,M,S,déformés,-10.384847,déformées,-9.757671,0
10521,P_NOUN_8_PASS_b,M,P,les coussins avec le miroir que j' aime beaucoup ne sont probablement pas fixés <eos>,13,fixés,fixées,11,M,S,fixés,-8.100666,fixées,-10.5936,1
10522,P_NOUN_8_PASS_b,M,P,les coussins avec le miroir que j' aime beaucoup ne sont probablement pas jetés <eos>,13,jetés,jetées,11,M,S,jetés,-7.830079,jetées,-10.881538,1
10523,P_NOUN_8_PASS_b,M,P,les coussins avec le miroir que j' aime beaucoup ne sont probablement pas laissés <eos>,13,laissés,laissées,11,M,S,laissés,-8.264803,laissées,-10.873085,1
10524,P_NOUN_8_PASS_b,M,P,les coussins avec le miroir que j' aime beaucoup ne sont probablement pas ouverts <eos>,13,ouverts,ouvertes,11,M,S,ouverts,-6.748847,ouvertes,-10.48665,1
10525,P_NOUN_8_PASS_b,M,P,les coussins avec le miroir que j' aime beaucoup ne sont probablement pas perdus <eos>,13,perdus,perdues,11,M,S,perdus,-6.271383,perdues,-10.236477,1
10526,P_NOUN_8_PASS_b,M,P,les coussins avec le miroir que j' aime beaucoup ne sont probablement pas réparés <eos>,13,réparés,réparées,11,M,S,réparés,-10.4615135,réparées,-11.324259,1
10527,P_NOUN_8_PASS_b,M,P,les coussins avec le miroir que j' aime beaucoup ne sont probablement pas retirés <eos>,13,retirés,retirées,11,M,S,retirés,-8.652435,retirées,-10.564505,1
10528,P_NOUN_8_PASS_b,M,P,les coussins avec le miroir que j' aime beaucoup ne sont probablement pas tombés <eos>,13,tombés,tombées,11,M,S,tombés,-7.3532004,tombées,-10.780777,1
10529,P_NOUN_8_PASS_b,M,P,les coussins avec le miroir que j' aime beaucoup ne sont probablement pas utilisés <eos>,13,utilisés,utilisées,11,M,S,utilisés,-5.0345426,utilisées,-8.419838,1
10530,P_NOUN_8_PASS_b,M,P,les coussins avec le crayon que j' aime beaucoup ne sont probablement pas achetés <eos>,13,achetés,achetées,11,M,S,achetés,-8.580087,achetées,-12.703222,1
10531,P_NOUN_8_PASS_b,M,P,les coussins avec le crayon que j' aime beaucoup ne sont probablement pas brisés <eos>,13,brisés,brisées,11,M,S,brisés,-10.063698,brisées,-11.449566,1
10532,P_NOUN_8_PASS_b,M,P,les coussins avec le crayon que j' aime beaucoup ne sont probablement pas cachés <eos>,13,cachés,cachées,11,M,S,cachés,-7.4633865,cachées,-11.227986,1
10533,P_NOUN_8_PASS_b,M,P,les coussins avec le crayon que j' aime beaucoup ne sont probablement pas cassés <eos>,13,cassés,cassées,11,M,S,cassés,-9.235561,cassées,-10.215581,1
10534,P_NOUN_8_PASS_b,M,P,les coussins avec le crayon que j' aime beaucoup ne sont probablement pas couverts <eos>,13,couverts,couvertes,11,M,S,couverts,-7.0740585,couvertes,-10.597348,1
10535,P_NOUN_8_PASS_b,M,P,les coussins avec le crayon que j' aime beaucoup ne sont probablement pas déformés <eos>,13,déformés,déformées,11,M,S,déformés,-10.930603,déformées,-9.754105,0
10536,P_NOUN_8_PASS_b,M,P,les coussins avec le crayon que j' aime beaucoup ne sont probablement pas fixés <eos>,13,fixés,fixées,11,M,S,fixés,-8.17745,fixées,-10.494007,1
10537,P_NOUN_8_PASS_b,M,P,les coussins avec le crayon que j' aime beaucoup ne sont probablement pas jetés <eos>,13,jetés,jetées,11,M,S,jetés,-7.450776,jetées,-10.414076,1
10538,P_NOUN_8_PASS_b,M,P,les coussins avec le crayon que j' aime beaucoup ne sont probablement pas laissés <eos>,13,laissés,laissées,11,M,S,laissés,-7.9677505,laissées,-10.717183,1
10539,P_NOUN_8_PASS_b,M,P,les coussins avec le crayon que j' aime beaucoup ne sont probablement pas ouverts <eos>,13,ouverts,ouvertes,11,M,S,ouverts,-7.3562965,ouvertes,-10.99036,1
10540,P_NOUN_8_PASS_b,M,P,les coussins avec le crayon que j' aime beaucoup ne sont probablement pas perdus <eos>,13,perdus,perdues,11,M,S,perdus,-6.5015635,perdues,-9.934387,1
10541,P_NOUN_8_PASS_b,M,P,les coussins avec le crayon que j' aime beaucoup ne sont probablement pas réparés <eos>,13,réparés,réparées,11,M,S,réparés,-10.289826,réparées,-10.939013,1
10542,P_NOUN_8_PASS_b,M,P,les coussins avec le crayon que j' aime beaucoup ne sont probablement pas retirés <eos>,13,retirés,retirées,11,M,S,retirés,-8.413299,retirées,-10.093557,1
10543,P_NOUN_8_PASS_b,M,P,les coussins avec le crayon que j' aime beaucoup ne sont probablement pas tombés <eos>,13,tombés,tombées,11,M,S,tombés,-7.4887304,tombées,-10.654504,1
10544,P_NOUN_8_PASS_b,M,P,les coussins avec le crayon que j' aime beaucoup ne sont probablement pas utilisés <eos>,13,utilisés,utilisées,11,M,S,utilisés,-4.624264,utilisées,-7.9643,1
10545,P_NOUN_8_PASS_b,M,P,les coussins avec le rideau que j' aime beaucoup ne sont probablement pas achetés <eos>,13,achetés,achetées,11,M,S,achetés,-9.717101,achetées,-13.540086,1
10546,P_NOUN_8_PASS_b,M,P,les coussins avec le rideau que j' aime beaucoup ne sont probablement pas brisés <eos>,13,brisés,brisées,11,M,S,brisés,-9.76757,brisées,-11.375128,1
10547,P_NOUN_8_PASS_b,M,P,les coussins avec le rideau que j' aime beaucoup ne sont probablement pas cachés <eos>,13,cachés,cachées,11,M,S,cachés,-8.043394,cachées,-10.920329,1
10548,P_NOUN_8_PASS_b,M,P,les coussins avec le rideau que j' aime beaucoup ne sont probablement pas cassés <eos>,13,cassés,cassées,11,M,S,cassés,-9.657385,cassées,-10.072351,1
10549,P_NOUN_8_PASS_b,M,P,les coussins avec le rideau que j' aime beaucoup ne sont probablement pas couverts <eos>,13,couverts,couvertes,11,M,S,couverts,-6.9439697,couvertes,-10.27003,1
10550,P_NOUN_8_PASS_b,M,P,les coussins avec le rideau que j' aime beaucoup ne sont probablement pas déformés <eos>,13,déformés,déformées,11,M,S,déformés,-10.552245,déformées,-10.273418,0
10551,P_NOUN_8_PASS_b,M,P,les coussins avec le rideau que j' aime beaucoup ne sont probablement pas fixés <eos>,13,fixés,fixées,11,M,S,fixés,-7.836336,fixées,-10.307113,1
10552,P_NOUN_8_PASS_b,M,P,les coussins avec le rideau que j' aime beaucoup ne sont probablement pas jetés <eos>,13,jetés,jetées,11,M,S,jetés,-7.717146,jetées,-10.448364,1
10553,P_NOUN_8_PASS_b,M,P,les coussins avec le rideau que j' aime beaucoup ne sont probablement pas laissés <eos>,13,laissés,laissées,11,M,S,laissés,-8.386007,laissées,-10.946237,1
10554,P_NOUN_8_PASS_b,M,P,les coussins avec le rideau que j' aime beaucoup ne sont probablement pas ouverts <eos>,13,ouverts,ouvertes,11,M,S,ouverts,-6.7918997,ouvertes,-10.517011,1
10555,P_NOUN_8_PASS_b,M,P,les coussins avec le rideau que j' aime beaucoup ne sont probablement pas perdus <eos>,13,perdus,perdues,11,M,S,perdus,-6.7444515,perdues,-10.69501,1
10556,P_NOUN_8_PASS_b,M,P,les coussins avec le rideau que j' aime beaucoup ne sont probablement pas réparés <eos>,13,réparés,réparées,11,M,S,réparés,-10.007736,réparées,-11.219522,1
10557,P_NOUN_8_PASS_b,M,P,les coussins avec le rideau que j' aime beaucoup ne sont probablement pas retirés <eos>,13,retirés,retirées,11,M,S,retirés,-8.997303,retirées,-10.635233,1
10558,P_NOUN_8_PASS_b,M,P,les coussins avec le rideau que j' aime beaucoup ne sont probablement pas tombés <eos>,13,tombés,tombées,11,M,S,tombés,-7.133399,tombées,-10.693114,1
10559,P_NOUN_8_PASS_b,M,P,les coussins avec le rideau que j' aime beaucoup ne sont probablement pas utilisés <eos>,13,utilisés,utilisées,11,M,S,utilisés,-5.0954285,utilisées,-8.455851,1
10560,P_NOUN_8_PASS_b,M,P,les coussins avec le cahier que j' aime beaucoup ne sont probablement pas achetés <eos>,13,achetés,achetées,11,M,S,achetés,-9.076569,achetées,-13.210401,1
10561,P_NOUN_8_PASS_b,M,P,les coussins avec le cahier que j' aime beaucoup ne sont probablement pas brisés <eos>,13,brisés,brisées,11,M,S,brisés,-9.911983,brisées,-11.873009,1
10562,P_NOUN_8_PASS_b,M,P,les coussins avec le cahier que j' aime beaucoup ne sont probablement pas cachés <eos>,13,cachés,cachées,11,M,S,cachés,-7.8718867,cachées,-11.661211,1
10563,P_NOUN_8_PASS_b,M,P,les coussins avec le cahier que j' aime beaucoup ne sont probablement pas cassés <eos>,13,cassés,cassées,11,M,S,cassés,-10.093124,cassées,-10.617575,1
10564,P_NOUN_8_PASS_b,M,P,les coussins avec le cahier que j' aime beaucoup ne sont probablement pas couverts <eos>,13,couverts,couvertes,11,M,S,couverts,-6.7820654,couvertes,-10.947171,1
10565,P_NOUN_8_PASS_b,M,P,les coussins avec le cahier que j' aime beaucoup ne sont probablement pas déformés <eos>,13,déformés,déformées,11,M,S,déformés,-10.388682,déformées,-10.560182,1
10566,P_NOUN_8_PASS_b,M,P,les coussins avec le cahier que j' aime beaucoup ne sont probablement pas fixés <eos>,13,fixés,fixées,11,M,S,fixés,-7.880961,fixées,-10.597628,1
10567,P_NOUN_8_PASS_b,M,P,les coussins avec le cahier que j' aime beaucoup ne sont probablement pas jetés <eos>,13,jetés,jetées,11,M,S,jetés,-7.816748,jetées,-11.037672,1
10568,P_NOUN_8_PASS_b,M,P,les coussins avec le cahier que j' aime beaucoup ne sont probablement pas laissés <eos>,13,laissés,laissées,11,M,S,laissés,-8.118498,laissées,-11.515566,1
10569,P_NOUN_8_PASS_b,M,P,les coussins avec le cahier que j' aime beaucoup ne sont probablement pas ouverts <eos>,13,ouverts,ouvertes,11,M,S,ouverts,-6.5201025,ouvertes,-10.870642,1
10570,P_NOUN_8_PASS_b,M,P,les coussins avec le cahier que j' aime beaucoup ne sont probablement pas perdus <eos>,13,perdus,perdues,11,M,S,perdus,-6.01588,perdues,-10.262209,1
10571,P_NOUN_8_PASS_b,M,P,les coussins avec le cahier que j' aime beaucoup ne sont probablement pas réparés <eos>,13,réparés,réparées,11,M,S,réparés,-10.279981,réparées,-11.398633,1
10572,P_NOUN_8_PASS_b,M,P,les coussins avec le cahier que j' aime beaucoup ne sont probablement pas retirés <eos>,13,retirés,retirées,11,M,S,retirés,-8.280217,retirées,-10.66419,1
10573,P_NOUN_8_PASS_b,M,P,les coussins avec le cahier que j' aime beaucoup ne sont probablement pas tombés <eos>,13,tombés,tombées,11,M,S,tombés,-7.123371,tombées,-11.232858,1
10574,P_NOUN_8_PASS_b,M,P,les coussins avec le cahier que j' aime beaucoup ne sont probablement pas utilisés <eos>,13,utilisés,utilisées,11,M,S,utilisés,-4.972546,utilisées,-8.697052,1
10575,P_NOUN_8_PASS_b,M,P,les coussins avec le micro que j' aime beaucoup ne sont probablement pas achetés <eos>,13,achetés,achetées,11,M,S,achetés,-9.396683,achetées,-13.248051,1
10576,P_NOUN_8_PASS_b,M,P,les coussins avec le micro que j' aime beaucoup ne sont probablement pas brisés <eos>,13,brisés,brisées,11,M,S,brisés,-9.718379,brisées,-11.352789,1
10577,P_NOUN_8_PASS_b,M,P,les coussins avec le micro que j' aime beaucoup ne sont probablement pas cachés <eos>,13,cachés,cachées,11,M,S,cachés,-7.7811136,cachées,-11.007452,1
10578,P_NOUN_8_PASS_b,M,P,les coussins avec le micro que j' aime beaucoup ne sont probablement pas cassés <eos>,13,cassés,cassées,11,M,S,cassés,-9.759823,cassées,-10.350718,1
10579,P_NOUN_8_PASS_b,M,P,les coussins avec le micro que j' aime beaucoup ne sont probablement pas couverts <eos>,13,couverts,couvertes,11,M,S,couverts,-7.169159,couvertes,-10.391958,1
10580,P_NOUN_8_PASS_b,M,P,les coussins avec le micro que j' aime beaucoup ne sont probablement pas déformés <eos>,13,déformés,déformées,11,M,S,déformés,-10.761126,déformées,-10.478283,0
10581,P_NOUN_8_PASS_b,M,P,les coussins avec le micro que j' aime beaucoup ne sont probablement pas fixés <eos>,13,fixés,fixées,11,M,S,fixés,-7.7350407,fixées,-10.73491,1
10582,P_NOUN_8_PASS_b,M,P,les coussins avec le micro que j' aime beaucoup ne sont probablement pas jetés <eos>,13,jetés,jetées,11,M,S,jetés,-7.8742886,jetées,-10.772337,1
10583,P_NOUN_8_PASS_b,M,P,les coussins avec le micro que j' aime beaucoup ne sont probablement pas laissés <eos>,13,laissés,laissées,11,M,S,laissés,-8.403609,laissées,-10.871975,1
10584,P_NOUN_8_PASS_b,M,P,les coussins avec le micro que j' aime beaucoup ne sont probablement pas ouverts <eos>,13,ouverts,ouvertes,11,M,S,ouverts,-6.82456,ouvertes,-10.464153,1
10585,P_NOUN_8_PASS_b,M,P,les coussins avec le micro que j' aime beaucoup ne sont probablement pas perdus <eos>,13,perdus,perdues,11,M,S,perdus,-6.6368074,perdues,-10.822193,1
10586,P_NOUN_8_PASS_b,M,P,les coussins avec le micro que j' aime beaucoup ne sont probablement pas réparés <eos>,13,réparés,réparées,11,M,S,réparés,-10.236886,réparées,-11.311957,1
10587,P_NOUN_8_PASS_b,M,P,les coussins avec le micro que j' aime beaucoup ne sont probablement pas retirés <eos>,13,retirés,retirées,11,M,S,retirés,-8.914588,retirées,-10.684364,1
10588,P_NOUN_8_PASS_b,M,P,les coussins avec le micro que j' aime beaucoup ne sont probablement pas tombés <eos>,13,tombés,tombées,11,M,S,tombés,-7.635045,tombées,-11.127346,1
10589,P_NOUN_8_PASS_b,M,P,les coussins avec le micro que j' aime beaucoup ne sont probablement pas utilisés <eos>,13,utilisés,utilisées,11,M,S,utilisés,-5.0579815,utilisées,-8.440999,1
10590,P_NOUN_8_PASS_b,M,P,les coussins avec le sac que j' aime beaucoup ne sont probablement pas achetés <eos>,13,achetés,achetées,11,M,S,achetés,-9.376124,achetées,-13.290425,1
10591,P_NOUN_8_PASS_b,M,P,les coussins avec le sac que j' aime beaucoup ne sont probablement pas brisés <eos>,13,brisés,brisées,11,M,S,brisés,-9.713117,brisées,-11.411599,1
10592,P_NOUN_8_PASS_b,M,P,les coussins avec le sac que j' aime beaucoup ne sont probablement pas cachés <eos>,13,cachés,cachées,11,M,S,cachés,-7.64606,cachées,-11.053269,1
10593,P_NOUN_8_PASS_b,M,P,les coussins avec le sac que j' aime beaucoup ne sont probablement pas cassés <eos>,13,cassés,cassées,11,M,S,cassés,-9.556408,cassées,-9.784395,1
10594,P_NOUN_8_PASS_b,M,P,les coussins avec le sac que j' aime beaucoup ne sont probablement pas couverts <eos>,13,couverts,couvertes,11,M,S,couverts,-6.9717827,couvertes,-10.386187,1
10595,P_NOUN_8_PASS_b,M,P,les coussins avec le sac que j' aime beaucoup ne sont probablement pas déformés <eos>,13,déformés,déformées,11,M,S,déformés,-10.869349,déformées,-10.48251,0
10596,P_NOUN_8_PASS_b,M,P,les coussins avec le sac que j' aime beaucoup ne sont probablement pas fixés <eos>,13,fixés,fixées,11,M,S,fixés,-7.9028444,fixées,-10.507741,1
10597,P_NOUN_8_PASS_b,M,P,les coussins avec le sac que j' aime beaucoup ne sont probablement pas jetés <eos>,13,jetés,jetées,11,M,S,jetés,-7.4970818,jetées,-10.180293,1
10598,P_NOUN_8_PASS_b,M,P,les coussins avec le sac que j' aime beaucoup ne sont probablement pas laissés <eos>,13,laissés,laissées,11,M,S,laissés,-8.130898,laissées,-10.913444,1
10599,P_NOUN_8_PASS_b,M,P,les coussins avec le sac que j' aime beaucoup ne sont probablement pas ouverts <eos>,13,ouverts,ouvertes,11,M,S,ouverts,-7.003133,ouvertes,-10.70324,1
10600,P_NOUN_8_PASS_b,M,P,les coussins avec le sac que j' aime beaucoup ne sont probablement pas perdus <eos>,13,perdus,perdues,11,M,S,perdus,-6.5843678,perdues,-10.437108,1
10601,P_NOUN_8_PASS_b,M,P,les coussins avec le sac que j' aime beaucoup ne sont probablement pas réparés <eos>,13,réparés,réparées,11,M,S,réparés,-9.977514,réparées,-11.208969,1
10602,P_NOUN_8_PASS_b,M,P,les coussins avec le sac que j' aime beaucoup ne sont probablement pas retirés <eos>,13,retirés,retirées,11,M,S,retirés,-8.591829,retirées,-10.562583,1
10603,P_NOUN_8_PASS_b,M,P,les coussins avec le sac que j' aime beaucoup ne sont probablement pas tombés <eos>,13,tombés,tombées,11,M,S,tombés,-6.7193384,tombées,-10.712394,1
10604,P_NOUN_8_PASS_b,M,P,les coussins avec le sac que j' aime beaucoup ne sont probablement pas utilisés <eos>,13,utilisés,utilisées,11,M,S,utilisés,-4.774617,utilisées,-8.262306,1
10605,P_NOUN_8_PASS_b,M,P,les coussins avec le clavier que j' aime beaucoup ne sont probablement pas achetés <eos>,13,achetés,achetées,11,M,S,achetés,-9.710862,achetées,-13.652316,1
10606,P_NOUN_8_PASS_b,M,P,les coussins avec le clavier que j' aime beaucoup ne sont probablement pas brisés <eos>,13,brisés,brisées,11,M,S,brisés,-10.16773,brisées,-11.520012,1
10607,P_NOUN_8_PASS_b,M,P,les coussins avec le clavier que j' aime beaucoup ne sont probablement pas cachés <eos>,13,cachés,cachées,11,M,S,cachés,-7.699893,cachées,-10.918333,1
10608,P_NOUN_8_PASS_b,M,P,les coussins avec le clavier que j' aime beaucoup ne sont probablement pas cassés <eos>,13,cassés,cassées,11,M,S,cassés,-10.0368,cassées,-10.710184,1
10609,P_NOUN_8_PASS_b,M,P,les coussins avec le clavier que j' aime beaucoup ne sont probablement pas couverts <eos>,13,couverts,couvertes,11,M,S,couverts,-7.554617,couvertes,-10.904514,1
10610,P_NOUN_8_PASS_b,M,P,les coussins avec le clavier que j' aime beaucoup ne sont probablement pas déformés <eos>,13,déformés,déformées,11,M,S,déformés,-10.830221,déformées,-9.87543,0
10611,P_NOUN_8_PASS_b,M,P,les coussins avec le clavier que j' aime beaucoup ne sont probablement pas fixés <eos>,13,fixés,fixées,11,M,S,fixés,-7.7514,fixées,-10.683209,1
10612,P_NOUN_8_PASS_b,M,P,les coussins avec le clavier que j' aime beaucoup ne sont probablement pas jetés <eos>,13,jetés,jetées,11,M,S,jetés,-8.044996,jetées,-11.275507,1
10613,P_NOUN_8_PASS_b,M,P,les coussins avec le clavier que j' aime beaucoup ne sont probablement pas laissés <eos>,13,laissés,laissées,11,M,S,laissés,-8.591941,laissées,-11.194783,1
10614,P_NOUN_8_PASS_b,M,P,les coussins avec le clavier que j' aime beaucoup ne sont probablement pas ouverts <eos>,13,ouverts,ouvertes,11,M,S,ouverts,-7.342558,ouvertes,-10.86793,1
10615,P_NOUN_8_PASS_b,M,P,les coussins avec le clavier que j' aime beaucoup ne sont probablement pas perdus <eos>,13,perdus,perdues,11,M,S,perdus,-6.901594,perdues,-10.685545,1
10616,P_NOUN_8_PASS_b,M,P,les coussins avec le clavier que j' aime beaucoup ne sont probablement pas réparés <eos>,13,réparés,réparées,11,M,S,réparés,-10.917033,réparées,-11.83047,1
10617,P_NOUN_8_PASS_b,M,P,les coussins avec le clavier que j' aime beaucoup ne sont probablement pas retirés <eos>,13,retirés,retirées,11,M,S,retirés,-9.170068,retirées,-10.880875,1
10618,P_NOUN_8_PASS_b,M,P,les coussins avec le clavier que j' aime beaucoup ne sont probablement pas tombés <eos>,13,tombés,tombées,11,M,S,tombés,-7.849535,tombées,-11.403405,1
10619,P_NOUN_8_PASS_b,M,P,les coussins avec le clavier que j' aime beaucoup ne sont probablement pas utilisés <eos>,13,utilisés,utilisées,11,M,S,utilisés,-4.574875,utilisées,-8.08398,1
10620,P_NOUN_8_PASS_b,M,P,les coussins avec le raisin que j' aime beaucoup ne sont probablement pas achetés <eos>,13,achetés,achetées,11,M,S,achetés,-8.264219,achetées,-12.593928,1
10621,P_NOUN_8_PASS_b,M,P,les coussins avec le raisin que j' aime beaucoup ne sont probablement pas brisés <eos>,13,brisés,brisées,11,M,S,brisés,-10.518907,brisées,-11.881169,1
10622,P_NOUN_8_PASS_b,M,P,les coussins avec le raisin que j' aime beaucoup ne sont probablement pas cachés <eos>,13,cachés,cachées,11,M,S,cachés,-8.167125,cachées,-11.30563,1
10623,P_NOUN_8_PASS_b,M,P,les coussins avec le raisin que j' aime beaucoup ne sont probablement pas cassés <eos>,13,cassés,cassées,11,M,S,cassés,-8.633865,cassées,-10.7762375,1
10624,P_NOUN_8_PASS_b,M,P,les coussins avec le raisin que j' aime beaucoup ne sont probablement pas couverts <eos>,13,couverts,couvertes,11,M,S,couverts,-6.347152,couvertes,-10.479789,1
10625,P_NOUN_8_PASS_b,M,P,les coussins avec le raisin que j' aime beaucoup ne sont probablement pas déformés <eos>,13,déformés,déformées,11,M,S,déformés,-12.123748,déformées,-10.950681,0
10626,P_NOUN_8_PASS_b,M,P,les coussins avec le raisin que j' aime beaucoup ne sont probablement pas fixés <eos>,13,fixés,fixées,11,M,S,fixés,-7.7367144,fixées,-10.623602,1
10627,P_NOUN_8_PASS_b,M,P,les coussins avec le raisin que j' aime beaucoup ne sont probablement pas jetés <eos>,13,jetés,jetées,11,M,S,jetés,-8.794448,jetées,-12.421397,1
10628,P_NOUN_8_PASS_b,M,P,les coussins avec le raisin que j' aime beaucoup ne sont probablement pas laissés <eos>,13,laissés,laissées,11,M,S,laissés,-8.073694,laissées,-10.735274,1
10629,P_NOUN_8_PASS_b,M,P,les coussins avec le raisin que j' aime beaucoup ne sont probablement pas ouverts <eos>,13,ouverts,ouvertes,11,M,S,ouverts,-8.123501,ouvertes,-11.012016,1
10630,P_NOUN_8_PASS_b,M,P,les coussins avec le raisin que j' aime beaucoup ne sont probablement pas perdus <eos>,13,perdus,perdues,11,M,S,perdus,-7.2471647,perdues,-10.50295,1
10631,P_NOUN_8_PASS_b,M,P,les coussins avec le raisin que j' aime beaucoup ne sont probablement pas réparés <eos>,13,réparés,réparées,11,M,S,réparés,-10.949687,réparées,-11.970132,1
10632,P_NOUN_8_PASS_b,M,P,les coussins avec le raisin que j' aime beaucoup ne sont probablement pas retirés <eos>,13,retirés,retirées,11,M,S,retirés,-8.440308,retirées,-10.234382,1
10633,P_NOUN_8_PASS_b,M,P,les coussins avec le raisin que j' aime beaucoup ne sont probablement pas tombés <eos>,13,tombés,tombées,11,M,S,tombés,-6.841095,tombées,-10.089024,1
10634,P_NOUN_8_PASS_b,M,P,les coussins avec le raisin que j' aime beaucoup ne sont probablement pas utilisés <eos>,13,utilisés,utilisées,11,M,S,utilisés,-4.3829937,utilisées,-7.8323746,1
10635,P_NOUN_8_PASS_b,M,P,les coussins avec le chargeur que j' aime beaucoup ne sont probablement pas achetés <eos>,13,achetés,achetées,11,M,S,achetés,-8.96077,achetées,-12.858442,1
10636,P_NOUN_8_PASS_b,M,P,les coussins avec le chargeur que j' aime beaucoup ne sont probablement pas brisés <eos>,13,brisés,brisées,11,M,S,brisés,-10.489222,brisées,-11.747787,1
10637,P_NOUN_8_PASS_b,M,P,les coussins avec le chargeur que j' aime beaucoup ne sont probablement pas cachés <eos>,13,cachés,cachées,11,M,S,cachés,-7.004909,cachées,-11.143755,1
10638,P_NOUN_8_PASS_b,M,P,les coussins avec le chargeur que j' aime beaucoup ne sont probablement pas cassés <eos>,13,cassés,cassées,11,M,S,cassés,-9.744112,cassées,-10.715176,1
10639,P_NOUN_8_PASS_b,M,P,les coussins avec le chargeur que j' aime beaucoup ne sont probablement pas couverts <eos>,13,couverts,couvertes,11,M,S,couverts,-7.551013,couvertes,-10.566946,1
10640,P_NOUN_8_PASS_b,M,P,les coussins avec le chargeur que j' aime beaucoup ne sont probablement pas déformés <eos>,13,déformés,déformées,11,M,S,déformés,-11.889683,déformées,-10.78362,0
10641,P_NOUN_8_PASS_b,M,P,les coussins avec le chargeur que j' aime beaucoup ne sont probablement pas fixés <eos>,13,fixés,fixées,11,M,S,fixés,-8.066117,fixées,-10.28842,1
10642,P_NOUN_8_PASS_b,M,P,les coussins avec le chargeur que j' aime beaucoup ne sont probablement pas jetés <eos>,13,jetés,jetées,11,M,S,jetés,-7.9880724,jetées,-11.318398,1
10643,P_NOUN_8_PASS_b,M,P,les coussins avec le chargeur que j' aime beaucoup ne sont probablement pas laissés <eos>,13,laissés,laissées,11,M,S,laissés,-8.106923,laissées,-11.130823,1
10644,P_NOUN_8_PASS_b,M,P,les coussins avec le chargeur que j' aime beaucoup ne sont probablement pas ouverts <eos>,13,ouverts,ouvertes,11,M,S,ouverts,-7.5724583,ouvertes,-10.759502,1
10645,P_NOUN_8_PASS_b,M,P,les coussins avec le chargeur que j' aime beaucoup ne sont probablement pas perdus <eos>,13,perdus,perdues,11,M,S,perdus,-6.805827,perdues,-10.104926,1
10646,P_NOUN_8_PASS_b,M,P,les coussins avec le chargeur que j' aime beaucoup ne sont probablement pas réparés <eos>,13,réparés,réparées,11,M,S,réparés,-10.136035,réparées,-11.233933,1
10647,P_NOUN_8_PASS_b,M,P,les coussins avec le chargeur que j' aime beaucoup ne sont probablement pas retirés <eos>,13,retirés,retirées,11,M,S,retirés,-7.5977407,retirées,-10.229757,1
10648,P_NOUN_8_PASS_b,M,P,les coussins avec le chargeur que j' aime beaucoup ne sont probablement pas tombés <eos>,13,tombés,tombées,11,M,S,tombés,-6.953518,tombées,-10.904274,1
10649,P_NOUN_8_PASS_b,M,P,les coussins avec le chargeur que j' aime beaucoup ne sont probablement pas utilisés <eos>,13,utilisés,utilisées,11,M,S,utilisés,-4.1477575,utilisées,-7.7228603,1
10650,P_NOUN_8_PASS_b,M,P,les coussins avec le vase que j' aime beaucoup ne sont probablement pas achetés <eos>,13,achetés,achetées,11,M,S,achetés,-9.043592,achetées,-13.039539,1
10651,P_NOUN_8_PASS_b,M,P,les coussins avec le vase que j' aime beaucoup ne sont probablement pas brisés <eos>,13,brisés,brisées,11,M,S,brisés,-9.673296,brisées,-11.335152,1
10652,P_NOUN_8_PASS_b,M,P,les coussins avec le vase que j' aime beaucoup ne sont probablement pas cachés <eos>,13,cachés,cachées,11,M,S,cachés,-7.7483253,cachées,-11.02602,1
10653,P_NOUN_8_PASS_b,M,P,les coussins avec le vase que j' aime beaucoup ne sont probablement pas cassés <eos>,13,cassés,cassées,11,M,S,cassés,-9.192462,cassées,-10.313158,1
10654,P_NOUN_8_PASS_b,M,P,les coussins avec le vase que j' aime beaucoup ne sont probablement pas couverts <eos>,13,couverts,couvertes,11,M,S,couverts,-6.8547387,couvertes,-10.220646,1
10655,P_NOUN_8_PASS_b,M,P,les coussins avec le vase que j' aime beaucoup ne sont probablement pas déformés <eos>,13,déformés,déformées,11,M,S,déformés,-10.68676,déformées,-10.300077,0
10656,P_NOUN_8_PASS_b,M,P,les coussins avec le vase que j' aime beaucoup ne sont probablement pas fixés <eos>,13,fixés,fixées,11,M,S,fixés,-7.8108535,fixées,-10.7239685,1
10657,P_NOUN_8_PASS_b,M,P,les coussins avec le vase que j' aime beaucoup ne sont probablement pas jetés <eos>,13,jetés,jetées,11,M,S,jetés,-7.504114,jetées,-10.414113,1
10658,P_NOUN_8_PASS_b,M,P,les coussins avec le vase que j' aime beaucoup ne sont probablement pas laissés <eos>,13,laissés,laissées,11,M,S,laissés,-7.959303,laissées,-10.702827,1
10659,P_NOUN_8_PASS_b,M,P,les coussins avec le vase que j' aime beaucoup ne sont probablement pas ouverts <eos>,13,ouverts,ouvertes,11,M,S,ouverts,-6.6761436,ouvertes,-10.444774,1
10660,P_NOUN_8_PASS_b,M,P,les coussins avec le vase que j' aime beaucoup ne sont probablement pas perdus <eos>,13,perdus,perdues,11,M,S,perdus,-6.2337966,perdues,-10.270317,1
10661,P_NOUN_8_PASS_b,M,P,les coussins avec le vase que j' aime beaucoup ne sont probablement pas réparés <eos>,13,réparés,réparées,11,M,S,réparés,-9.547281,réparées,-10.902184,1
10662,P_NOUN_8_PASS_b,M,P,les coussins avec le vase que j' aime beaucoup ne sont probablement pas retirés <eos>,13,retirés,retirées,11,M,S,retirés,-8.562042,retirées,-10.427021,1
10663,P_NOUN_8_PASS_b,M,P,les coussins avec le vase que j' aime beaucoup ne sont probablement pas tombés <eos>,13,tombés,tombées,11,M,S,tombés,-6.95923,tombées,-10.350849,1
10664,P_NOUN_8_PASS_b,M,P,les coussins avec le vase que j' aime beaucoup ne sont probablement pas utilisés <eos>,13,utilisés,utilisées,11,M,S,utilisés,-5.229226,utilisées,-8.543949,1
10665,P_NOUN_8_PASS_b,M,P,les coussins avec le panier que j' aime beaucoup ne sont probablement pas achetés <eos>,13,achetés,achetées,11,M,S,achetés,-9.10357,achetées,-12.6822195,1
10666,P_NOUN_8_PASS_b,M,P,les coussins avec le panier que j' aime beaucoup ne sont probablement pas brisés <eos>,13,brisés,brisées,11,M,S,brisés,-9.862433,brisées,-11.355329,1
10667,P_NOUN_8_PASS_b,M,P,les coussins avec le panier que j' aime beaucoup ne sont probablement pas cachés <eos>,13,cachés,cachées,11,M,S,cachés,-7.9342356,cachées,-11.509355,1
10668,P_NOUN_8_PASS_b,M,P,les coussins avec le panier que j' aime beaucoup ne sont probablement pas cassés <eos>,13,cassés,cassées,11,M,S,cassés,-9.515085,cassées,-10.161068,1
10669,P_NOUN_8_PASS_b,M,P,les coussins avec le panier que j' aime beaucoup ne sont probablement pas couverts <eos>,13,couverts,couvertes,11,M,S,couverts,-6.8072414,couvertes,-10.2750025,1
10670,P_NOUN_8_PASS_b,M,P,les coussins avec le panier que j' aime beaucoup ne sont probablement pas déformés <eos>,13,déformés,déformées,11,M,S,déformés,-11.301684,déformées,-10.6546,0
10671,P_NOUN_8_PASS_b,M,P,les coussins avec le panier que j' aime beaucoup ne sont probablement pas fixés <eos>,13,fixés,fixées,11,M,S,fixés,-7.4736614,fixées,-10.490189,1
10672,P_NOUN_8_PASS_b,M,P,les coussins avec le panier que j' aime beaucoup ne sont probablement pas jetés <eos>,13,jetés,jetées,11,M,S,jetés,-7.657192,jetées,-10.578303,1
10673,P_NOUN_8_PASS_b,M,P,les coussins avec le panier que j' aime beaucoup ne sont probablement pas laissés <eos>,13,laissés,laissées,11,M,S,laissés,-8.173934,laissées,-10.634911,1
10674,P_NOUN_8_PASS_b,M,P,les coussins avec le panier que j' aime beaucoup ne sont probablement pas ouverts <eos>,13,ouverts,ouvertes,11,M,S,ouverts,-6.7561903,ouvertes,-10.578137,1
10675,P_NOUN_8_PASS_b,M,P,les coussins avec le panier que j' aime beaucoup ne sont probablement pas perdus <eos>,13,perdus,perdues,11,M,S,perdus,-6.33469,perdues,-10.3381405,1
10676,P_NOUN_8_PASS_b,M,P,les coussins avec le panier que j' aime beaucoup ne sont probablement pas réparés <eos>,13,réparés,réparées,11,M,S,réparés,-9.880574,réparées,-11.083648,1
10677,P_NOUN_8_PASS_b,M,P,les coussins avec le panier que j' aime beaucoup ne sont probablement pas retirés <eos>,13,retirés,retirées,11,M,S,retirés,-8.309829,retirées,-10.323152,1
10678,P_NOUN_8_PASS_b,M,P,les coussins avec le panier que j' aime beaucoup ne sont probablement pas tombés <eos>,13,tombés,tombées,11,M,S,tombés,-7.1086664,tombées,-10.910866,1
10679,P_NOUN_8_PASS_b,M,P,les coussins avec le panier que j' aime beaucoup ne sont probablement pas utilisés <eos>,13,utilisés,utilisées,11,M,S,utilisés,-4.7999444,utilisées,-8.225628,1
10680,P_NOUN_8_PASS_b,M,P,les coussins avec le collier que j' aime beaucoup ne sont probablement pas achetés <eos>,13,achetés,achetées,11,M,S,achetés,-9.357847,achetées,-13.231805,1
10681,P_NOUN_8_PASS_b,M,P,les coussins avec le collier que j' aime beaucoup ne sont probablement pas brisés <eos>,13,brisés,brisées,11,M,S,brisés,-9.794164,brisées,-11.305306,1
10682,P_NOUN_8_PASS_b,M,P,les coussins avec le collier que j' aime beaucoup ne sont probablement pas cachés <eos>,13,cachés,cachées,11,M,S,cachés,-7.7131395,cachées,-11.0902195,1
10683,P_NOUN_8_PASS_b,M,P,les coussins avec le collier que j' aime beaucoup ne sont probablement pas cassés <eos>,13,cassés,cassées,11,M,S,cassés,-9.699305,cassées,-10.085848,1
10684,P_NOUN_8_PASS_b,M,P,les coussins avec le collier que j' aime beaucoup ne sont probablement pas couverts <eos>,13,couverts,couvertes,11,M,S,couverts,-7.2775984,couvertes,-10.869483,1
10685,P_NOUN_8_PASS_b,M,P,les coussins avec le collier que j' aime beaucoup ne sont probablement pas déformés <eos>,13,déformés,déformées,11,M,S,déformés,-10.906923,déformées,-10.658904,0
10686,P_NOUN_8_PASS_b,M,P,les coussins avec le collier que j' aime beaucoup ne sont probablement pas fixés <eos>,13,fixés,fixées,11,M,S,fixés,-7.909175,fixées,-10.581536,1
10687,P_NOUN_8_PASS_b,M,P,les coussins avec le collier que j' aime beaucoup ne sont probablement pas jetés <eos>,13,jetés,jetées,11,M,S,jetés,-7.436077,jetées,-10.374557,1
10688,P_NOUN_8_PASS_b,M,P,les coussins avec le collier que j' aime beaucoup ne sont probablement pas laissés <eos>,13,laissés,laissées,11,M,S,laissés,-8.345484,laissées,-11.181618,1
10689,P_NOUN_8_PASS_b,M,P,les coussins avec le collier que j' aime beaucoup ne sont probablement pas ouverts <eos>,13,ouverts,ouvertes,11,M,S,ouverts,-7.290163,ouvertes,-11.121364,1
10690,P_NOUN_8_PASS_b,M,P,les coussins avec le collier que j' aime beaucoup ne sont probablement pas perdus <eos>,13,perdus,perdues,11,M,S,perdus,-6.5866137,perdues,-10.5001335,1
10691,P_NOUN_8_PASS_b,M,P,les coussins avec le collier que j' aime beaucoup ne sont probablement pas réparés <eos>,13,réparés,réparées,11,M,S,réparés,-10.267823,réparées,-11.661841,1
10692,P_NOUN_8_PASS_b,M,P,les coussins avec le collier que j' aime beaucoup ne sont probablement pas retirés <eos>,13,retirés,retirées,11,M,S,retirés,-8.684959,retirées,-10.815355,1
10693,P_NOUN_8_PASS_b,M,P,les coussins avec le collier que j' aime beaucoup ne sont probablement pas tombés <eos>,13,tombés,tombées,11,M,S,tombés,-6.627445,tombées,-10.946119,1
10694,P_NOUN_8_PASS_b,M,P,les coussins avec le collier que j' aime beaucoup ne sont probablement pas utilisés <eos>,13,utilisés,utilisées,11,M,S,utilisés,-5.005661,utilisées,-8.623594,1
10695,P_NOUN_8_PASS_b,M,P,les coussins avec le chapeau que j' aime beaucoup ne sont probablement pas achetés <eos>,13,achetés,achetées,11,M,S,achetés,-9.375397,achetées,-13.231023,1
10696,P_NOUN_8_PASS_b,M,P,les coussins avec le chapeau que j' aime beaucoup ne sont probablement pas brisés <eos>,13,brisés,brisées,11,M,S,brisés,-9.784566,brisées,-11.394682,1
10697,P_NOUN_8_PASS_b,M,P,les coussins avec le chapeau que j' aime beaucoup ne sont probablement pas cachés <eos>,13,cachés,cachées,11,M,S,cachés,-7.5861197,cachées,-10.814212,1
10698,P_NOUN_8_PASS_b,M,P,les coussins avec le chapeau que j' aime beaucoup ne sont probablement pas cassés <eos>,13,cassés,cassées,11,M,S,cassés,-9.565177,cassées,-9.875504,1
10699,P_NOUN_8_PASS_b,M,P,les coussins avec le chapeau que j' aime beaucoup ne sont probablement pas couverts <eos>,13,couverts,couvertes,11,M,S,couverts,-7.0532203,couvertes,-10.394669,1
10700,P_NOUN_8_PASS_b,M,P,les coussins avec le chapeau que j' aime beaucoup ne sont probablement pas déformés <eos>,13,déformés,déformées,11,M,S,déformés,-10.725285,déformées,-10.3422365,0
10701,P_NOUN_8_PASS_b,M,P,les coussins avec le chapeau que j' aime beaucoup ne sont probablement pas fixés <eos>,13,fixés,fixées,11,M,S,fixés,-8.187473,fixées,-10.851076,1
10702,P_NOUN_8_PASS_b,M,P,les coussins avec le chapeau que j' aime beaucoup ne sont probablement pas jetés <eos>,13,jetés,jetées,11,M,S,jetés,-7.574648,jetées,-10.385061,1
10703,P_NOUN_8_PASS_b,M,P,les coussins avec le chapeau que j' aime beaucoup ne sont probablement pas laissés <eos>,13,laissés,laissées,11,M,S,laissés,-8.232716,laissées,-10.981067,1
10704,P_NOUN_8_PASS_b,M,P,les coussins avec le chapeau que j' aime beaucoup ne sont probablement pas ouverts <eos>,13,ouverts,ouvertes,11,M,S,ouverts,-6.8781433,ouvertes,-10.656062,1
10705,P_NOUN_8_PASS_b,M,P,les coussins avec le chapeau que j' aime beaucoup ne sont probablement pas perdus <eos>,13,perdus,perdues,11,M,S,perdus,-6.557006,perdues,-10.414033,1
10706,P_NOUN_8_PASS_b,M,P,les coussins avec le chapeau que j' aime beaucoup ne sont probablement pas réparés <eos>,13,réparés,réparées,11,M,S,réparés,-10.235591,réparées,-11.515152,1
10707,P_NOUN_8_PASS_b,M,P,les coussins avec le chapeau que j' aime beaucoup ne sont probablement pas retirés <eos>,13,retirés,retirées,11,M,S,retirés,-8.627397,retirées,-10.599232,1
10708,P_NOUN_8_PASS_b,M,P,les coussins avec le chapeau que j' aime beaucoup ne sont probablement pas tombés <eos>,13,tombés,tombées,11,M,S,tombés,-6.7884846,tombées,-10.576792,1
10709,P_NOUN_8_PASS_b,M,P,les coussins avec le chapeau que j' aime beaucoup ne sont probablement pas utilisés <eos>,13,utilisés,utilisées,11,M,S,utilisés,-5.1354017,utilisées,-8.451375,1
10710,P_NOUN_8_PASS_b,M,P,les coussins avec le pot que j' aime beaucoup ne sont probablement pas achetés <eos>,13,achetés,achetées,11,M,S,achetés,-9.10319,achetées,-12.941213,1
10711,P_NOUN_8_PASS_b,M,P,les coussins avec le pot que j' aime beaucoup ne sont probablement pas brisés <eos>,13,brisés,brisées,11,M,S,brisés,-9.840643,brisées,-11.459928,1
10712,P_NOUN_8_PASS_b,M,P,les coussins avec le pot que j' aime beaucoup ne sont probablement pas cachés <eos>,13,cachés,cachées,11,M,S,cachés,-7.761242,cachées,-11.237249,1
10713,P_NOUN_8_PASS_b,M,P,les coussins avec le pot que j' aime beaucoup ne sont probablement pas cassés <eos>,13,cassés,cassées,11,M,S,cassés,-9.303725,cassées,-10.23579,1
10714,P_NOUN_8_PASS_b,M,P,les coussins avec le pot que j' aime beaucoup ne sont probablement pas couverts <eos>,13,couverts,couvertes,11,M,S,couverts,-6.77738,couvertes,-10.258853,1
10715,P_NOUN_8_PASS_b,M,P,les coussins avec le pot que j' aime beaucoup ne sont probablement pas déformés <eos>,13,déformés,déformées,11,M,S,déformés,-11.0605,déformées,-10.7217865,0
10716,P_NOUN_8_PASS_b,M,P,les coussins avec le pot que j' aime beaucoup ne sont probablement pas fixés <eos>,13,fixés,fixées,11,M,S,fixés,-7.6794825,fixées,-10.526355,1
10717,P_NOUN_8_PASS_b,M,P,les coussins avec le pot que j' aime beaucoup ne sont probablement pas jetés <eos>,13,jetés,jetées,11,M,S,jetés,-7.7791023,jetées,-10.670208,1
10718,P_NOUN_8_PASS_b,M,P,les coussins avec le pot que j' aime beaucoup ne sont probablement pas laissés <eos>,13,laissés,laissées,11,M,S,laissés,-8.0650625,laissées,-10.632673,1
10719,P_NOUN_8_PASS_b,M,P,les coussins avec le pot que j' aime beaucoup ne sont probablement pas ouverts <eos>,13,ouverts,ouvertes,11,M,S,ouverts,-7.1871324,ouvertes,-10.854412,1
10720,P_NOUN_8_PASS_b,M,P,les coussins avec le pot que j' aime beaucoup ne sont probablement pas perdus <eos>,13,perdus,perdues,11,M,S,perdus,-6.5746765,perdues,-10.487711,1
10721,P_NOUN_8_PASS_b,M,P,les coussins avec le pot que j' aime beaucoup ne sont probablement pas réparés <eos>,13,réparés,réparées,11,M,S,réparés,-9.785217,réparées,-11.059618,1
10722,P_NOUN_8_PASS_b,M,P,les coussins avec le pot que j' aime beaucoup ne sont probablement pas retirés <eos>,13,retirés,retirées,11,M,S,retirés,-8.546072,retirées,-10.299831,1
10723,P_NOUN_8_PASS_b,M,P,les coussins avec le pot que j' aime beaucoup ne sont probablement pas tombés <eos>,13,tombés,tombées,11,M,S,tombés,-6.8512373,tombées,-10.468253,1
10724,P_NOUN_8_PASS_b,M,P,les coussins avec le pot que j' aime beaucoup ne sont probablement pas utilisés <eos>,13,utilisés,utilisées,11,M,S,utilisés,-4.808256,utilisées,-8.330437,1
10725,P_NOUN_8_PASS_b,M,P,les coussins avec le coussin que j' aime beaucoup ne sont probablement pas achetés <eos>,13,achetés,achetées,11,M,S,achetés,-9.778853,achetées,-13.43948,1
10726,P_NOUN_8_PASS_b,M,P,les coussins avec le coussin que j' aime beaucoup ne sont probablement pas brisés <eos>,13,brisés,brisées,11,M,S,brisés,-9.641125,brisées,-11.30642,1
10727,P_NOUN_8_PASS_b,M,P,les coussins avec le coussin que j' aime beaucoup ne sont probablement pas cachés <eos>,13,cachés,cachées,11,M,S,cachés,-7.6600966,cachées,-11.1058445,1
10728,P_NOUN_8_PASS_b,M,P,les coussins avec le coussin que j' aime beaucoup ne sont probablement pas cassés <eos>,13,cassés,cassées,11,M,S,cassés,-9.685377,cassées,-10.003174,1
10729,P_NOUN_8_PASS_b,M,P,les coussins avec le coussin que j' aime beaucoup ne sont probablement pas couverts <eos>,13,couverts,couvertes,11,M,S,couverts,-7.292327,couvertes,-10.273974,1
10730,P_NOUN_8_PASS_b,M,P,les coussins avec le coussin que j' aime beaucoup ne sont probablement pas déformés <eos>,13,déformés,déformées,11,M,S,déformés,-10.844118,déformées,-10.338357,0
10731,P_NOUN_8_PASS_b,M,P,les coussins avec le coussin que j' aime beaucoup ne sont probablement pas fixés <eos>,13,fixés,fixées,11,M,S,fixés,-7.7676086,fixées,-10.342238,1
10732,P_NOUN_8_PASS_b,M,P,les coussins avec le coussin que j' aime beaucoup ne sont probablement pas jetés <eos>,13,jetés,jetées,11,M,S,jetés,-7.8137493,jetées,-10.623996,1
10733,P_NOUN_8_PASS_b,M,P,les coussins avec le coussin que j' aime beaucoup ne sont probablement pas laissés <eos>,13,laissés,laissées,11,M,S,laissés,-8.333387,laissées,-10.880005,1
10734,P_NOUN_8_PASS_b,M,P,les coussins avec le coussin que j' aime beaucoup ne sont probablement pas ouverts <eos>,13,ouverts,ouvertes,11,M,S,ouverts,-7.020516,ouvertes,-10.628416,1
10735,P_NOUN_8_PASS_b,M,P,les coussins avec le coussin que j' aime beaucoup ne sont probablement pas perdus <eos>,13,perdus,perdues,11,M,S,perdus,-6.789747,perdues,-10.664445,1
10736,P_NOUN_8_PASS_b,M,P,les coussins avec le coussin que j' aime beaucoup ne sont probablement pas réparés <eos>,13,réparés,réparées,11,M,S,réparés,-10.290849,réparées,-11.507363,1
10737,P_NOUN_8_PASS_b,M,P,les coussins avec le coussin que j' aime beaucoup ne sont probablement pas retirés <eos>,13,retirés,retirées,11,M,S,retirés,-8.5222645,retirées,-10.585532,1
10738,P_NOUN_8_PASS_b,M,P,les coussins avec le coussin que j' aime beaucoup ne sont probablement pas tombés <eos>,13,tombés,tombées,11,M,S,tombés,-7.1038055,tombées,-10.924379,1
10739,P_NOUN_8_PASS_b,M,P,les coussins avec le coussin que j' aime beaucoup ne sont probablement pas utilisés <eos>,13,utilisés,utilisées,11,M,S,utilisés,-4.7586455,utilisées,-8.208036,1
10740,P_NOUN_8_PASS_b,M,P,les coussins avec le jouet que j' aime beaucoup ne sont probablement pas achetés <eos>,13,achetés,achetées,11,M,S,achetés,-9.360472,achetées,-13.450224,1
10741,P_NOUN_8_PASS_b,M,P,les coussins avec le jouet que j' aime beaucoup ne sont probablement pas brisés <eos>,13,brisés,brisées,11,M,S,brisés,-9.807435,brisées,-11.444773,1
10742,P_NOUN_8_PASS_b,M,P,les coussins avec le jouet que j' aime beaucoup ne sont probablement pas cachés <eos>,13,cachés,cachées,11,M,S,cachés,-7.8597507,cachées,-11.112729,1
10743,P_NOUN_8_PASS_b,M,P,les coussins avec le jouet que j' aime beaucoup ne sont probablement pas cassés <eos>,13,cassés,cassées,11,M,S,cassés,-9.682852,cassées,-10.162843,1
10744,P_NOUN_8_PASS_b,M,P,les coussins avec le jouet que j' aime beaucoup ne sont probablement pas couverts <eos>,13,couverts,couvertes,11,M,S,couverts,-7.3026037,couvertes,-10.675724,1
10745,P_NOUN_8_PASS_b,M,P,les coussins avec le jouet que j' aime beaucoup ne sont probablement pas déformés <eos>,13,déformés,déformées,11,M,S,déformés,-10.706841,déformées,-10.427551,0
10746,P_NOUN_8_PASS_b,M,P,les coussins avec le jouet que j' aime beaucoup ne sont probablement pas fixés <eos>,13,fixés,fixées,11,M,S,fixés,-7.8368235,fixées,-10.534024,1
10747,P_NOUN_8_PASS_b,M,P,les coussins avec le jouet que j' aime beaucoup ne sont probablement pas jetés <eos>,13,jetés,jetées,11,M,S,jetés,-7.811171,jetées,-10.682512,1
10748,P_NOUN_8_PASS_b,M,P,les coussins avec le jouet que j' aime beaucoup ne sont probablement pas laissés <eos>,13,laissés,laissées,11,M,S,laissés,-8.514325,laissées,-11.086037,1
10749,P_NOUN_8_PASS_b,M,P,les coussins avec le jouet que j' aime beaucoup ne sont probablement pas ouverts <eos>,13,ouverts,ouvertes,11,M,S,ouverts,-6.9494715,ouvertes,-10.787021,1
10750,P_NOUN_8_PASS_b,M,P,les coussins avec le jouet que j' aime beaucoup ne sont probablement pas perdus <eos>,13,perdus,perdues,11,M,S,perdus,-6.7430525,perdues,-10.740829,1
10751,P_NOUN_8_PASS_b,M,P,les coussins avec le jouet que j' aime beaucoup ne sont probablement pas réparés <eos>,13,réparés,réparées,11,M,S,réparés,-10.630845,réparées,-11.740424,1
10752,P_NOUN_8_PASS_b,M,P,les coussins avec le jouet que j' aime beaucoup ne sont probablement pas retirés <eos>,13,retirés,retirées,11,M,S,retirés,-8.888359,retirées,-10.773142,1
10753,P_NOUN_8_PASS_b,M,P,les coussins avec le jouet que j' aime beaucoup ne sont probablement pas tombés <eos>,13,tombés,tombées,11,M,S,tombés,-7.402168,tombées,-11.067135,1
10754,P_NOUN_8_PASS_b,M,P,les coussins avec le jouet que j' aime beaucoup ne sont probablement pas utilisés <eos>,13,utilisés,utilisées,11,M,S,utilisés,-5.0786114,utilisées,-8.444582,1
10755,P_NOUN_8_PASS_b,M,P,les coussins avec le clou que j' aime beaucoup ne sont probablement pas achetés <eos>,13,achetés,achetées,11,M,S,achetés,-9.398455,achetées,-13.174729,1
10756,P_NOUN_8_PASS_b,M,P,les coussins avec le clou que j' aime beaucoup ne sont probablement pas brisés <eos>,13,brisés,brisées,11,M,S,brisés,-9.627398,brisées,-11.263986,1
10757,P_NOUN_8_PASS_b,M,P,les coussins avec le clou que j' aime beaucoup ne sont probablement pas cachés <eos>,13,cachés,cachées,11,M,S,cachés,-7.8654118,cachées,-11.0033045,1
10758,P_NOUN_8_PASS_b,M,P,les coussins avec le clou que j' aime beaucoup ne sont probablement pas cassés <eos>,13,cassés,cassées,11,M,S,cassés,-9.359585,cassées,-9.953354,1
10759,P_NOUN_8_PASS_b,M,P,les coussins avec le clou que j' aime beaucoup ne sont probablement pas couverts <eos>,13,couverts,couvertes,11,M,S,couverts,-7.109907,couvertes,-10.282547,1
10760,P_NOUN_8_PASS_b,M,P,les coussins avec le clou que j' aime beaucoup ne sont probablement pas déformés <eos>,13,déformés,déformées,11,M,S,déformés,-10.727583,déformées,-10.468512,0
10761,P_NOUN_8_PASS_b,M,P,les coussins avec le clou que j' aime beaucoup ne sont probablement pas fixés <eos>,13,fixés,fixées,11,M,S,fixés,-7.9070473,fixées,-10.537378,1
10762,P_NOUN_8_PASS_b,M,P,les coussins avec le clou que j' aime beaucoup ne sont probablement pas jetés <eos>,13,jetés,jetées,11,M,S,jetés,-7.804902,jetées,-10.599586,1
10763,P_NOUN_8_PASS_b,M,P,les coussins avec le clou que j' aime beaucoup ne sont probablement pas laissés <eos>,13,laissés,laissées,11,M,S,laissés,-8.362252,laissées,-11.027919,1
10764,P_NOUN_8_PASS_b,M,P,les coussins avec le clou que j' aime beaucoup ne sont probablement pas ouverts <eos>,13,ouverts,ouvertes,11,M,S,ouverts,-7.130286,ouvertes,-10.715808,1
10765,P_NOUN_8_PASS_b,M,P,les coussins avec le clou que j' aime beaucoup ne sont probablement pas perdus <eos>,13,perdus,perdues,11,M,S,perdus,-6.4915447,perdues,-10.407222,1
10766,P_NOUN_8_PASS_b,M,P,les coussins avec le clou que j' aime beaucoup ne sont probablement pas réparés <eos>,13,réparés,réparées,11,M,S,réparés,-10.1140995,réparées,-11.228344,1
10767,P_NOUN_8_PASS_b,M,P,les coussins avec le clou que j' aime beaucoup ne sont probablement pas retirés <eos>,13,retirés,retirées,11,M,S,retirés,-8.580465,retirées,-10.332615,1
10768,P_NOUN_8_PASS_b,M,P,les coussins avec le clou que j' aime beaucoup ne sont probablement pas tombés <eos>,13,tombés,tombées,11,M,S,tombés,-6.8209186,tombées,-10.508614,1
10769,P_NOUN_8_PASS_b,M,P,les coussins avec le clou que j' aime beaucoup ne sont probablement pas utilisés <eos>,13,utilisés,utilisées,11,M,S,utilisés,-5.1653395,utilisées,-8.492677,1
10770,P_NOUN_8_PASS_b,M,P,les coussins avec le billet que j' aime beaucoup ne sont probablement pas achetés <eos>,13,achetés,achetées,11,M,S,achetés,-8.982727,achetées,-12.288958,1
10771,P_NOUN_8_PASS_b,M,P,les coussins avec le billet que j' aime beaucoup ne sont probablement pas brisés <eos>,13,brisés,brisées,11,M,S,brisés,-10.532896,brisées,-11.713581,1
10772,P_NOUN_8_PASS_b,M,P,les coussins avec le billet que j' aime beaucoup ne sont probablement pas cachés <eos>,13,cachés,cachées,11,M,S,cachés,-7.5087185,cachées,-11.336555,1
10773,P_NOUN_8_PASS_b,M,P,les coussins avec le billet que j' aime beaucoup ne sont probablement pas cassés <eos>,13,cassés,cassées,11,M,S,cassés,-9.924571,cassées,-10.469561,1
10774,P_NOUN_8_PASS_b,M,P,les coussins avec le billet que j' aime beaucoup ne sont probablement pas couverts <eos>,13,couverts,couvertes,11,M,S,couverts,-7.398819,couvertes,-11.041887,1
10775,P_NOUN_8_PASS_b,M,P,les coussins avec le billet que j' aime beaucoup ne sont probablement pas déformés <eos>,13,déformés,déformées,11,M,S,déformés,-11.429777,déformées,-10.946091,0
10776,P_NOUN_8_PASS_b,M,P,les coussins avec le billet que j' aime beaucoup ne sont probablement pas fixés <eos>,13,fixés,fixées,11,M,S,fixés,-7.5580435,fixées,-10.428892,1
10777,P_NOUN_8_PASS_b,M,P,les coussins avec le billet que j' aime beaucoup ne sont probablement pas jetés <eos>,13,jetés,jetées,11,M,S,jetés,-7.62631,jetées,-10.542597,1
10778,P_NOUN_8_PASS_b,M,P,les coussins avec le billet que j' aime beaucoup ne sont probablement pas laissés <eos>,13,laissés,laissées,11,M,S,laissés,-8.618913,laissées,-11.015002,1
10779,P_NOUN_8_PASS_b,M,P,les coussins avec le billet que j' aime beaucoup ne sont probablement pas ouverts <eos>,13,ouverts,ouvertes,11,M,S,ouverts,-7.239645,ouvertes,-11.300929,1
10780,P_NOUN_8_PASS_b,M,P,les coussins avec le billet que j' aime beaucoup ne sont probablement pas perdus <eos>,13,perdus,perdues,11,M,S,perdus,-6.3956203,perdues,-9.97805,1
10781,P_NOUN_8_PASS_b,M,P,les coussins avec le billet que j' aime beaucoup ne sont probablement pas réparés <eos>,13,réparés,réparées,11,M,S,réparés,-10.50338,réparées,-11.560707,1
10782,P_NOUN_8_PASS_b,M,P,les coussins avec le billet que j' aime beaucoup ne sont probablement pas retirés <eos>,13,retirés,retirées,11,M,S,retirés,-8.311798,retirées,-10.319908,1
10783,P_NOUN_8_PASS_b,M,P,les coussins avec le billet que j' aime beaucoup ne sont probablement pas tombés <eos>,13,tombés,tombées,11,M,S,tombés,-7.0908713,tombées,-10.944752,1
10784,P_NOUN_8_PASS_b,M,P,les coussins avec le billet que j' aime beaucoup ne sont probablement pas utilisés <eos>,13,utilisés,utilisées,11,M,S,utilisés,-4.9729204,utilisées,-8.310895,1
10785,P_NOUN_8_PASS_b,M,P,les coussins avec le légume que j' aime beaucoup ne sont probablement pas achetés <eos>,13,achetés,achetées,11,M,S,achetés,-8.793615,achetées,-13.07291,1
10786,P_NOUN_8_PASS_b,M,P,les coussins avec le légume que j' aime beaucoup ne sont probablement pas brisés <eos>,13,brisés,brisées,11,M,S,brisés,-10.219948,brisées,-11.717096,1
10787,P_NOUN_8_PASS_b,M,P,les coussins avec le légume que j' aime beaucoup ne sont probablement pas cachés <eos>,13,cachés,cachées,11,M,S,cachés,-8.371441,cachées,-11.617225,1
10788,P_NOUN_8_PASS_b,M,P,les coussins avec le légume que j' aime beaucoup ne sont probablement pas cassés <eos>,13,cassés,cassées,11,M,S,cassés,-9.139822,cassées,-10.474105,1
10789,P_NOUN_8_PASS_b,M,P,les coussins avec le légume que j' aime beaucoup ne sont probablement pas couverts <eos>,13,couverts,couvertes,11,M,S,couverts,-6.2917466,couvertes,-10.247454,1
10790,P_NOUN_8_PASS_b,M,P,les coussins avec le légume que j' aime beaucoup ne sont probablement pas déformés <eos>,13,déformés,déformées,11,M,S,déformés,-11.670557,déformées,-11.416988,0
10791,P_NOUN_8_PASS_b,M,P,les coussins avec le légume que j' aime beaucoup ne sont probablement pas fixés <eos>,13,fixés,fixées,11,M,S,fixés,-8.177199,fixées,-11.107109,1
10792,P_NOUN_8_PASS_b,M,P,les coussins avec le légume que j' aime beaucoup ne sont probablement pas jetés <eos>,13,jetés,jetées,11,M,S,jetés,-8.634762,jetées,-10.941101,1
10793,P_NOUN_8_PASS_b,M,P,les coussins avec le légume que j' aime beaucoup ne sont probablement pas laissés <eos>,13,laissés,laissées,11,M,S,laissés,-7.903907,laissées,-10.579182,1
10794,P_NOUN_8_PASS_b,M,P,les coussins avec le légume que j' aime beaucoup ne sont probablement pas ouverts <eos>,13,ouverts,ouvertes,11,M,S,ouverts,-6.918062,ouvertes,-10.856433,1
10795,P_NOUN_8_PASS_b,M,P,les coussins avec le légume que j' aime beaucoup ne sont probablement pas perdus <eos>,13,perdus,perdues,11,M,S,perdus,-6.990655,perdues,-10.783498,1
10796,P_NOUN_8_PASS_b,M,P,les coussins avec le légume que j' aime beaucoup ne sont probablement pas réparés <eos>,13,réparés,réparées,11,M,S,réparés,-10.3486805,réparées,-11.991126,1
10797,P_NOUN_8_PASS_b,M,P,les coussins avec le légume que j' aime beaucoup ne sont probablement pas retirés <eos>,13,retirés,retirées,11,M,S,retirés,-8.868802,retirées,-11.06557,1
10798,P_NOUN_8_PASS_b,M,P,les coussins avec le légume que j' aime beaucoup ne sont probablement pas tombés <eos>,13,tombés,tombées,11,M,S,tombés,-7.096176,tombées,-10.645287,1
10799,P_NOUN_8_PASS_b,M,P,les coussins avec le légume que j' aime beaucoup ne sont probablement pas utilisés <eos>,13,utilisés,utilisées,11,M,S,utilisés,-5.1635313,utilisées,-8.519953,1
10800,P_NOUN_8_PASS_b,M,P,les jouets avec le bracelet que j' aime beaucoup ne sont probablement pas achetés <eos>,13,achetés,achetées,11,M,S,achetés,-8.795101,achetées,-12.544425,1
10801,P_NOUN_8_PASS_b,M,P,les jouets avec le bracelet que j' aime beaucoup ne sont probablement pas brisés <eos>,13,brisés,brisées,11,M,S,brisés,-10.814726,brisées,-11.585461,1
10802,P_NOUN_8_PASS_b,M,P,les jouets avec le bracelet que j' aime beaucoup ne sont probablement pas cachés <eos>,13,cachés,cachées,11,M,S,cachés,-7.4897575,cachées,-11.107881,1
10803,P_NOUN_8_PASS_b,M,P,les jouets avec le bracelet que j' aime beaucoup ne sont probablement pas cassés <eos>,13,cassés,cassées,11,M,S,cassés,-9.895554,cassées,-11.273025,1
10804,P_NOUN_8_PASS_b,M,P,les jouets avec le bracelet que j' aime beaucoup ne sont probablement pas couverts <eos>,13,couverts,couvertes,11,M,S,couverts,-7.961628,couvertes,-12.026738,1
10805,P_NOUN_8_PASS_b,M,P,les jouets avec le bracelet que j' aime beaucoup ne sont probablement pas déformés <eos>,13,déformés,déformées,11,M,S,déformés,-12.043621,déformées,-11.471778,0
10806,P_NOUN_8_PASS_b,M,P,les jouets avec le bracelet que j' aime beaucoup ne sont probablement pas fixés <eos>,13,fixés,fixées,11,M,S,fixés,-8.112179,fixées,-11.073407,1
10807,P_NOUN_8_PASS_b,M,P,les jouets avec le bracelet que j' aime beaucoup ne sont probablement pas jetés <eos>,13,jetés,jetées,11,M,S,jetés,-7.9029837,jetées,-11.556987,1
10808,P_NOUN_8_PASS_b,M,P,les jouets avec le bracelet que j' aime beaucoup ne sont probablement pas laissés <eos>,13,laissés,laissées,11,M,S,laissés,-8.551962,laissées,-11.745039,1
10809,P_NOUN_8_PASS_b,M,P,les jouets avec le bracelet que j' aime beaucoup ne sont probablement pas ouverts <eos>,13,ouverts,ouvertes,11,M,S,ouverts,-8.175428,ouvertes,-11.600326,1
10810,P_NOUN_8_PASS_b,M,P,les jouets avec le bracelet que j' aime beaucoup ne sont probablement pas perdus <eos>,13,perdus,perdues,11,M,S,perdus,-6.699718,perdues,-10.392439,1
10811,P_NOUN_8_PASS_b,M,P,les jouets avec le bracelet que j' aime beaucoup ne sont probablement pas réparés <eos>,13,réparés,réparées,11,M,S,réparés,-11.741019,réparées,-12.779868,1
10812,P_NOUN_8_PASS_b,M,P,les jouets avec le bracelet que j' aime beaucoup ne sont probablement pas retirés <eos>,13,retirés,retirées,11,M,S,retirés,-9.005559,retirées,-11.066061,1
10813,P_NOUN_8_PASS_b,M,P,les jouets avec le bracelet que j' aime beaucoup ne sont probablement pas tombés <eos>,13,tombés,tombées,11,M,S,tombés,-6.36645,tombées,-11.210932,1
10814,P_NOUN_8_PASS_b,M,P,les jouets avec le bracelet que j' aime beaucoup ne sont probablement pas utilisés <eos>,13,utilisés,utilisées,11,M,S,utilisés,-5.343767,utilisées,-8.960083,1
10815,P_NOUN_8_PASS_b,M,P,les jouets avec le miroir que j' aime beaucoup ne sont probablement pas achetés <eos>,13,achetés,achetées,11,M,S,achetés,-8.96508,achetées,-13.201628,1
10816,P_NOUN_8_PASS_b,M,P,les jouets avec le miroir que j' aime beaucoup ne sont probablement pas brisés <eos>,13,brisés,brisées,11,M,S,brisés,-10.826127,brisées,-12.052687,1
10817,P_NOUN_8_PASS_b,M,P,les jouets avec le miroir que j' aime beaucoup ne sont probablement pas cachés <eos>,13,cachés,cachées,11,M,S,cachés,-7.5844536,cachées,-10.746284,1
10818,P_NOUN_8_PASS_b,M,P,les jouets avec le miroir que j' aime beaucoup ne sont probablement pas cassés <eos>,13,cassés,cassées,11,M,S,cassés,-10.175322,cassées,-11.504053,1
10819,P_NOUN_8_PASS_b,M,P,les jouets avec le miroir que j' aime beaucoup ne sont probablement pas couverts <eos>,13,couverts,couvertes,11,M,S,couverts,-7.916298,couvertes,-11.663882,1
10820,P_NOUN_8_PASS_b,M,P,les jouets avec le miroir que j' aime beaucoup ne sont probablement pas déformés <eos>,13,déformés,déformées,11,M,S,déformés,-11.206398,déformées,-10.768472,0
10821,P_NOUN_8_PASS_b,M,P,les jouets avec le miroir que j' aime beaucoup ne sont probablement pas fixés <eos>,13,fixés,fixées,11,M,S,fixés,-8.923742,fixées,-11.750247,1
10822,P_NOUN_8_PASS_b,M,P,les jouets avec le miroir que j' aime beaucoup ne sont probablement pas jetés <eos>,13,jetés,jetées,11,M,S,jetés,-8.646762,jetées,-12.173467,1
10823,P_NOUN_8_PASS_b,M,P,les jouets avec le miroir que j' aime beaucoup ne sont probablement pas laissés <eos>,13,laissés,laissées,11,M,S,laissés,-8.544844,laissées,-11.933811,1
10824,P_NOUN_8_PASS_b,M,P,les jouets avec le miroir que j' aime beaucoup ne sont probablement pas ouverts <eos>,13,ouverts,ouvertes,11,M,S,ouverts,-7.5873795,ouvertes,-11.271547,1
10825,P_NOUN_8_PASS_b,M,P,les jouets avec le miroir que j' aime beaucoup ne sont probablement pas perdus <eos>,13,perdus,perdues,11,M,S,perdus,-6.881896,perdues,-10.423407,1
10826,P_NOUN_8_PASS_b,M,P,les jouets avec le miroir que j' aime beaucoup ne sont probablement pas réparés <eos>,13,réparés,réparées,11,M,S,réparés,-12.065544,réparées,-12.600512,1
10827,P_NOUN_8_PASS_b,M,P,les jouets avec le miroir que j' aime beaucoup ne sont probablement pas retirés <eos>,13,retirés,retirées,11,M,S,retirés,-9.48107,retirées,-11.277171,1
10828,P_NOUN_8_PASS_b,M,P,les jouets avec le miroir que j' aime beaucoup ne sont probablement pas tombés <eos>,13,tombés,tombées,11,M,S,tombés,-7.5878983,tombées,-11.222145,1
10829,P_NOUN_8_PASS_b,M,P,les jouets avec le miroir que j' aime beaucoup ne sont probablement pas utilisés <eos>,13,utilisés,utilisées,11,M,S,utilisés,-5.7418823,utilisées,-9.194064,1
10830,P_NOUN_8_PASS_b,M,P,les jouets avec le crayon que j' aime beaucoup ne sont probablement pas achetés <eos>,13,achetés,achetées,11,M,S,achetés,-8.300838,achetées,-12.725803,1
10831,P_NOUN_8_PASS_b,M,P,les jouets avec le crayon que j' aime beaucoup ne sont probablement pas brisés <eos>,13,brisés,brisées,11,M,S,brisés,-10.973454,brisées,-12.011671,1
10832,P_NOUN_8_PASS_b,M,P,les jouets avec le crayon que j' aime beaucoup ne sont probablement pas cachés <eos>,13,cachés,cachées,11,M,S,cachés,-7.478372,cachées,-11.081984,1
10833,P_NOUN_8_PASS_b,M,P,les jouets avec le crayon que j' aime beaucoup ne sont probablement pas cassés <eos>,13,cassés,cassées,11,M,S,cassés,-9.800419,cassées,-11.409349,1
10834,P_NOUN_8_PASS_b,M,P,les jouets avec le crayon que j' aime beaucoup ne sont probablement pas couverts <eos>,13,couverts,couvertes,11,M,S,couverts,-7.726884,couvertes,-11.633351,1
10835,P_NOUN_8_PASS_b,M,P,les jouets avec le crayon que j' aime beaucoup ne sont probablement pas déformés <eos>,13,déformés,déformées,11,M,S,déformés,-11.586098,déformées,-10.709474,0
10836,P_NOUN_8_PASS_b,M,P,les jouets avec le crayon que j' aime beaucoup ne sont probablement pas fixés <eos>,13,fixés,fixées,11,M,S,fixés,-8.876455,fixées,-11.559609,1
10837,P_NOUN_8_PASS_b,M,P,les jouets avec le crayon que j' aime beaucoup ne sont probablement pas jetés <eos>,13,jetés,jetées,11,M,S,jetés,-8.490286,jetées,-11.936613,1
10838,P_NOUN_8_PASS_b,M,P,les jouets avec le crayon que j' aime beaucoup ne sont probablement pas laissés <eos>,13,laissés,laissées,11,M,S,laissés,-8.260355,laissées,-11.672518,1
10839,P_NOUN_8_PASS_b,M,P,les jouets avec le crayon que j' aime beaucoup ne sont probablement pas ouverts <eos>,13,ouverts,ouvertes,11,M,S,ouverts,-7.9319296,ouvertes,-11.523972,1
10840,P_NOUN_8_PASS_b,M,P,les jouets avec le crayon que j' aime beaucoup ne sont probablement pas perdus <eos>,13,perdus,perdues,11,M,S,perdus,-7.0253115,perdues,-10.211668,1
10841,P_NOUN_8_PASS_b,M,P,les jouets avec le crayon que j' aime beaucoup ne sont probablement pas réparés <eos>,13,réparés,réparées,11,M,S,réparés,-11.806501,réparées,-12.210116,1
10842,P_NOUN_8_PASS_b,M,P,les jouets avec le crayon que j' aime beaucoup ne sont probablement pas retirés <eos>,13,retirés,retirées,11,M,S,retirés,-9.237909,retirées,-10.810408,1
10843,P_NOUN_8_PASS_b,M,P,les jouets avec le crayon que j' aime beaucoup ne sont probablement pas tombés <eos>,13,tombés,tombées,11,M,S,tombés,-7.6924076,tombées,-11.085413,1
10844,P_NOUN_8_PASS_b,M,P,les jouets avec le crayon que j' aime beaucoup ne sont probablement pas utilisés <eos>,13,utilisés,utilisées,11,M,S,utilisés,-5.267803,utilisées,-8.731264,1
10845,P_NOUN_8_PASS_b,M,P,les jouets avec le rideau que j' aime beaucoup ne sont probablement pas achetés <eos>,13,achetés,achetées,11,M,S,achetés,-9.276201,achetées,-13.385557,1
10846,P_NOUN_8_PASS_b,M,P,les jouets avec le rideau que j' aime beaucoup ne sont probablement pas brisés <eos>,13,brisés,brisées,11,M,S,brisés,-10.75462,brisées,-12.012184,1
10847,P_NOUN_8_PASS_b,M,P,les jouets avec le rideau que j' aime beaucoup ne sont probablement pas cachés <eos>,13,cachés,cachées,11,M,S,cachés,-8.035419,cachées,-10.845919,1
10848,P_NOUN_8_PASS_b,M,P,les jouets avec le rideau que j' aime beaucoup ne sont probablement pas cassés <eos>,13,cassés,cassées,11,M,S,cassés,-10.204847,cassées,-11.377197,1
10849,P_NOUN_8_PASS_b,M,P,les jouets avec le rideau que j' aime beaucoup ne sont probablement pas couverts <eos>,13,couverts,couvertes,11,M,S,couverts,-7.62363,couvertes,-11.351902,1
10850,P_NOUN_8_PASS_b,M,P,les jouets avec le rideau que j' aime beaucoup ne sont probablement pas déformés <eos>,13,déformés,déformées,11,M,S,déformés,-11.23281,déformées,-11.08388,0
10851,P_NOUN_8_PASS_b,M,P,les jouets avec le rideau que j' aime beaucoup ne sont probablement pas fixés <eos>,13,fixés,fixées,11,M,S,fixés,-8.515409,fixées,-11.339439,1
10852,P_NOUN_8_PASS_b,M,P,les jouets avec le rideau que j' aime beaucoup ne sont probablement pas jetés <eos>,13,jetés,jetées,11,M,S,jetés,-8.646912,jetées,-11.916397,1
10853,P_NOUN_8_PASS_b,M,P,les jouets avec le rideau que j' aime beaucoup ne sont probablement pas laissés <eos>,13,laissés,laissées,11,M,S,laissés,-8.618733,laissées,-11.849952,1
10854,P_NOUN_8_PASS_b,M,P,les jouets avec le rideau que j' aime beaucoup ne sont probablement pas ouverts <eos>,13,ouverts,ouvertes,11,M,S,ouverts,-7.529229,ouvertes,-11.11757,1
10855,P_NOUN_8_PASS_b,M,P,les jouets avec le rideau que j' aime beaucoup ne sont probablement pas perdus <eos>,13,perdus,perdues,11,M,S,perdus,-7.319082,perdues,-10.957876,1
10856,P_NOUN_8_PASS_b,M,P,les jouets avec le rideau que j' aime beaucoup ne sont probablement pas réparés <eos>,13,réparés,réparées,11,M,S,réparés,-11.57566,réparées,-12.435457,1
10857,P_NOUN_8_PASS_b,M,P,les jouets avec le rideau que j' aime beaucoup ne sont probablement pas retirés <eos>,13,retirés,retirées,11,M,S,retirés,-9.719215,retirées,-11.294357,1
10858,P_NOUN_8_PASS_b,M,P,les jouets avec le rideau que j' aime beaucoup ne sont probablement pas tombés <eos>,13,tombés,tombées,11,M,S,tombés,-7.433522,tombées,-11.183745,1
10859,P_NOUN_8_PASS_b,M,P,les jouets avec le rideau que j' aime beaucoup ne sont probablement pas utilisés <eos>,13,utilisés,utilisées,11,M,S,utilisés,-5.6454325,utilisées,-9.116176,1
10860,P_NOUN_8_PASS_b,M,P,les jouets avec le cahier que j' aime beaucoup ne sont probablement pas achetés <eos>,13,achetés,achetées,11,M,S,achetés,-8.542997,achetées,-13.031848,1
10861,P_NOUN_8_PASS_b,M,P,les jouets avec le cahier que j' aime beaucoup ne sont probablement pas brisés <eos>,13,brisés,brisées,11,M,S,brisés,-11.186524,brisées,-12.679981,1
10862,P_NOUN_8_PASS_b,M,P,les jouets avec le cahier que j' aime beaucoup ne sont probablement pas cachés <eos>,13,cachés,cachées,11,M,S,cachés,-7.823922,cachées,-11.580478,1
10863,P_NOUN_8_PASS_b,M,P,les jouets avec le cahier que j' aime beaucoup ne sont probablement pas cassés <eos>,13,cassés,cassées,11,M,S,cassés,-10.7865925,cassées,-12.017401,1
10864,P_NOUN_8_PASS_b,M,P,les jouets avec le cahier que j' aime beaucoup ne sont probablement pas couverts <eos>,13,couverts,couvertes,11,M,S,couverts,-7.609192,couvertes,-12.13427,1
10865,P_NOUN_8_PASS_b,M,P,les jouets avec le cahier que j' aime beaucoup ne sont probablement pas déformés <eos>,13,déformés,déformées,11,M,S,déformés,-11.329666,déformées,-11.554855,1
10866,P_NOUN_8_PASS_b,M,P,les jouets avec le cahier que j' aime beaucoup ne sont probablement pas fixés <eos>,13,fixés,fixées,11,M,S,fixés,-8.892576,fixées,-11.876476,1
10867,P_NOUN_8_PASS_b,M,P,les jouets avec le cahier que j' aime beaucoup ne sont probablement pas jetés <eos>,13,jetés,jetées,11,M,S,jetés,-8.864671,jetées,-12.686495,1
10868,P_NOUN_8_PASS_b,M,P,les jouets avec le cahier que j' aime beaucoup ne sont probablement pas laissés <eos>,13,laissés,laissées,11,M,S,laissés,-8.426552,laissées,-12.595551,1
10869,P_NOUN_8_PASS_b,M,P,les jouets avec le cahier que j' aime beaucoup ne sont probablement pas ouverts <eos>,13,ouverts,ouvertes,11,M,S,ouverts,-7.286089,ouvertes,-11.492149,1
10870,P_NOUN_8_PASS_b,M,P,les jouets avec le cahier que j' aime beaucoup ne sont probablement pas perdus <eos>,13,perdus,perdues,11,M,S,perdus,-6.7275934,perdues,-10.603934,1
10871,P_NOUN_8_PASS_b,M,P,les jouets avec le cahier que j' aime beaucoup ne sont probablement pas réparés <eos>,13,réparés,réparées,11,M,S,réparés,-11.977046,réparées,-12.753678,1
10872,P_NOUN_8_PASS_b,M,P,les jouets avec le cahier que j' aime beaucoup ne sont probablement pas retirés <eos>,13,retirés,retirées,11,M,S,retirés,-9.15159,retirées,-11.255832,1
10873,P_NOUN_8_PASS_b,M,P,les jouets avec le cahier que j' aime beaucoup ne sont probablement pas tombés <eos>,13,tombés,tombées,11,M,S,tombés,-7.358341,tombées,-11.662556,1
10874,P_NOUN_8_PASS_b,M,P,les jouets avec le cahier que j' aime beaucoup ne sont probablement pas utilisés <eos>,13,utilisés,utilisées,11,M,S,utilisés,-5.565217,utilisées,-9.446308,1
10875,P_NOUN_8_PASS_b,M,P,les jouets avec le micro que j' aime beaucoup ne sont probablement pas achetés <eos>,13,achetés,achetées,11,M,S,achetés,-9.037249,achetées,-13.215925,1
10876,P_NOUN_8_PASS_b,M,P,les jouets avec le micro que j' aime beaucoup ne sont probablement pas brisés <eos>,13,brisés,brisées,11,M,S,brisés,-10.842482,brisées,-12.067471,1
10877,P_NOUN_8_PASS_b,M,P,les jouets avec le micro que j' aime beaucoup ne sont probablement pas cachés <eos>,13,cachés,cachées,11,M,S,cachés,-7.672598,cachées,-10.780746,1
10878,P_NOUN_8_PASS_b,M,P,les jouets avec le micro que j' aime beaucoup ne sont probablement pas cassés <eos>,13,cassés,cassées,11,M,S,cassés,-10.384431,cassées,-11.570219,1
10879,P_NOUN_8_PASS_b,M,P,les jouets avec le micro que j' aime beaucoup ne sont probablement pas couverts <eos>,13,couverts,couvertes,11,M,S,couverts,-7.8700075,couvertes,-11.520442,1
10880,P_NOUN_8_PASS_b,M,P,les jouets avec le micro que j' aime beaucoup ne sont probablement pas déformés <eos>,13,déformés,déformées,11,M,S,déformés,-11.371355,déformées,-11.236676,0
10881,P_NOUN_8_PASS_b,M,P,les jouets avec le micro que j' aime beaucoup ne sont probablement pas fixés <eos>,13,fixés,fixées,11,M,S,fixés,-8.517031,fixées,-11.799398,1
10882,P_NOUN_8_PASS_b,M,P,les jouets avec le micro que j' aime beaucoup ne sont probablement pas jetés <eos>,13,jetés,jetées,11,M,S,jetés,-8.832116,jetées,-12.210541,1
10883,P_NOUN_8_PASS_b,M,P,les jouets avec le micro que j' aime beaucoup ne sont probablement pas laissés <eos>,13,laissés,laissées,11,M,S,laissés,-8.669644,laissées,-11.826272,1
10884,P_NOUN_8_PASS_b,M,P,les jouets avec le micro que j' aime beaucoup ne sont probablement pas ouverts <eos>,13,ouverts,ouvertes,11,M,S,ouverts,-7.546995,ouvertes,-11.168837,1
10885,P_NOUN_8_PASS_b,M,P,les jouets avec le micro que j' aime beaucoup ne sont probablement pas perdus <eos>,13,perdus,perdues,11,M,S,perdus,-7.303774,perdues,-11.077932,1
10886,P_NOUN_8_PASS_b,M,P,les jouets avec le micro que j' aime beaucoup ne sont probablement pas réparés <eos>,13,réparés,réparées,11,M,S,réparés,-11.89903,réparées,-12.620599,1
10887,P_NOUN_8_PASS_b,M,P,les jouets avec le micro que j' aime beaucoup ne sont probablement pas retirés <eos>,13,retirés,retirées,11,M,S,retirés,-9.698345,retirées,-11.379738,1
10888,P_NOUN_8_PASS_b,M,P,les jouets avec le micro que j' aime beaucoup ne sont probablement pas tombés <eos>,13,tombés,tombées,11,M,S,tombés,-7.8709097,tombées,-11.516838,1
10889,P_NOUN_8_PASS_b,M,P,les jouets avec le micro que j' aime beaucoup ne sont probablement pas utilisés <eos>,13,utilisés,utilisées,11,M,S,utilisés,-5.6929617,utilisées,-9.135269,1
10890,P_NOUN_8_PASS_b,M,P,les jouets avec le sac que j' aime beaucoup ne sont probablement pas achetés <eos>,13,achetés,achetées,11,M,S,achetés,-8.96633,achetées,-13.188702,1
10891,P_NOUN_8_PASS_b,M,P,les jouets avec le sac que j' aime beaucoup ne sont probablement pas brisés <eos>,13,brisés,brisées,11,M,S,brisés,-10.8030815,brisées,-12.01885,1
10892,P_NOUN_8_PASS_b,M,P,les jouets avec le sac que j' aime beaucoup ne sont probablement pas cachés <eos>,13,cachés,cachées,11,M,S,cachés,-7.582258,cachées,-10.811439,1
10893,P_NOUN_8_PASS_b,M,P,les jouets avec le sac que j' aime beaucoup ne sont probablement pas cassés <eos>,13,cassés,cassées,11,M,S,cassés,-10.141516,cassées,-11.127516,1
10894,P_NOUN_8_PASS_b,M,P,les jouets avec le sac que j' aime beaucoup ne sont probablement pas couverts <eos>,13,couverts,couvertes,11,M,S,couverts,-7.6308513,couvertes,-11.483931,1
10895,P_NOUN_8_PASS_b,M,P,les jouets avec le sac que j' aime beaucoup ne sont probablement pas déformés <eos>,13,déformés,déformées,11,M,S,déformés,-11.555059,déformées,-11.250057,0
10896,P_NOUN_8_PASS_b,M,P,les jouets avec le sac que j' aime beaucoup ne sont probablement pas fixés <eos>,13,fixés,fixées,11,M,S,fixés,-8.700102,fixées,-11.551469,1
10897,P_NOUN_8_PASS_b,M,P,les jouets avec le sac que j' aime beaucoup ne sont probablement pas jetés <eos>,13,jetés,jetées,11,M,S,jetés,-8.476745,jetées,-11.727368,1
10898,P_NOUN_8_PASS_b,M,P,les jouets avec le sac que j' aime beaucoup ne sont probablement pas laissés <eos>,13,laissés,laissées,11,M,S,laissés,-8.43672,laissées,-11.835176,1
10899,P_NOUN_8_PASS_b,M,P,les jouets avec le sac que j' aime beaucoup ne sont probablement pas ouverts <eos>,13,ouverts,ouvertes,11,M,S,ouverts,-7.7347584,ouvertes,-11.263733,1
10900,P_NOUN_8_PASS_b,M,P,les jouets avec le sac que j' aime beaucoup ne sont probablement pas perdus <eos>,13,perdus,perdues,11,M,S,perdus,-7.184358,perdues,-10.621519,1
10901,P_NOUN_8_PASS_b,M,P,les jouets avec le sac que j' aime beaucoup ne sont probablement pas réparés <eos>,13,réparés,réparées,11,M,S,réparés,-11.698811,réparées,-12.509784,1
10902,P_NOUN_8_PASS_b,M,P,les jouets avec le sac que j' aime beaucoup ne sont probablement pas retirés <eos>,13,retirés,retirées,11,M,S,retirés,-9.417591,retirées,-11.213654,1
10903,P_NOUN_8_PASS_b,M,P,les jouets avec le sac que j' aime beaucoup ne sont probablement pas tombés <eos>,13,tombés,tombées,11,M,S,tombés,-7.052529,tombées,-11.134117,1
10904,P_NOUN_8_PASS_b,M,P,les jouets avec le sac que j' aime beaucoup ne sont probablement pas utilisés <eos>,13,utilisés,utilisées,11,M,S,utilisés,-5.4412603,utilisées,-8.965195,1
10905,P_NOUN_8_PASS_b,M,P,les jouets avec le clavier que j' aime beaucoup ne sont probablement pas achetés <eos>,13,achetés,achetées,11,M,S,achetés,-9.232292,achetées,-13.602776,1
10906,P_NOUN_8_PASS_b,M,P,les jouets avec le clavier que j' aime beaucoup ne sont probablement pas brisés <eos>,13,brisés,brisées,11,M,S,brisés,-10.866306,brisées,-11.974924,1
10907,P_NOUN_8_PASS_b,M,P,les jouets avec le clavier que j' aime beaucoup ne sont probablement pas cachés <eos>,13,cachés,cachées,11,M,S,cachés,-7.8464775,cachées,-10.948004,1
10908,P_NOUN_8_PASS_b,M,P,les jouets avec le clavier que j' aime beaucoup ne sont probablement pas cassés <eos>,13,cassés,cassées,11,M,S,cassés,-10.485428,cassées,-11.585841,1
10909,P_NOUN_8_PASS_b,M,P,les jouets avec le clavier que j' aime beaucoup ne sont probablement pas couverts <eos>,13,couverts,couvertes,11,M,S,couverts,-8.02511,couvertes,-11.77677,1
10910,P_NOUN_8_PASS_b,M,P,les jouets avec le clavier que j' aime beaucoup ne sont probablement pas déformés <eos>,13,déformés,déformées,11,M,S,déformés,-11.278288,déformées,-10.59177,0
10911,P_NOUN_8_PASS_b,M,P,les jouets avec le clavier que j' aime beaucoup ne sont probablement pas fixés <eos>,13,fixés,fixées,11,M,S,fixés,-8.462673,fixées,-11.57991,1
10912,P_NOUN_8_PASS_b,M,P,les jouets avec le clavier que j' aime beaucoup ne sont probablement pas jetés <eos>,13,jetés,jetées,11,M,S,jetés,-8.905508,jetées,-12.462116,1
10913,P_NOUN_8_PASS_b,M,P,les jouets avec le clavier que j' aime beaucoup ne sont probablement pas laissés <eos>,13,laissés,laissées,11,M,S,laissés,-8.806454,laissées,-11.886116,1
10914,P_NOUN_8_PASS_b,M,P,les jouets avec le clavier que j' aime beaucoup ne sont probablement pas ouverts <eos>,13,ouverts,ouvertes,11,M,S,ouverts,-7.780532,ouvertes,-11.405734,1
10915,P_NOUN_8_PASS_b,M,P,les jouets avec le clavier que j' aime beaucoup ne sont probablement pas perdus <eos>,13,perdus,perdues,11,M,S,perdus,-7.134714,perdues,-10.687299,1
10916,P_NOUN_8_PASS_b,M,P,les jouets avec le clavier que j' aime beaucoup ne sont probablement pas réparés <eos>,13,réparés,réparées,11,M,S,réparés,-12.066923,réparées,-12.846167,1
10917,P_NOUN_8_PASS_b,M,P,les jouets avec le clavier que j' aime beaucoup ne sont probablement pas retirés <eos>,13,retirés,retirées,11,M,S,retirés,-9.697821,retirées,-11.322684,1
10918,P_NOUN_8_PASS_b,M,P,les jouets avec le clavier que j' aime beaucoup ne sont probablement pas tombés <eos>,13,tombés,tombées,11,M,S,tombés,-7.904274,tombées,-11.603697,1
10919,P_NOUN_8_PASS_b,M,P,les jouets avec le clavier que j' aime beaucoup ne sont probablement pas utilisés <eos>,13,utilisés,utilisées,11,M,S,utilisés,-5.044264,utilisées,-8.667121,1
10920,P_NOUN_8_PASS_b,M,P,les jouets avec le raisin que j' aime beaucoup ne sont probablement pas achetés <eos>,13,achetés,achetées,11,M,S,achetés,-8.217415,achetées,-12.665072,1
10921,P_NOUN_8_PASS_b,M,P,les jouets avec le raisin que j' aime beaucoup ne sont probablement pas brisés <eos>,13,brisés,brisées,11,M,S,brisés,-11.0998955,brisées,-12.202549,1
10922,P_NOUN_8_PASS_b,M,P,les jouets avec le raisin que j' aime beaucoup ne sont probablement pas cachés <eos>,13,cachés,cachées,11,M,S,cachés,-8.010422,cachées,-11.031733,1
10923,P_NOUN_8_PASS_b,M,P,les jouets avec le raisin que j' aime beaucoup ne sont probablement pas cassés <eos>,13,cassés,cassées,11,M,S,cassés,-9.197569,cassées,-11.420445,1
10924,P_NOUN_8_PASS_b,M,P,les jouets avec le raisin que j' aime beaucoup ne sont probablement pas couverts <eos>,13,couverts,couvertes,11,M,S,couverts,-7.082259,couvertes,-11.349572,1
10925,P_NOUN_8_PASS_b,M,P,les jouets avec le raisin que j' aime beaucoup ne sont probablement pas déformés <eos>,13,déformés,déformées,11,M,S,déformés,-12.281998,déformées,-11.603483,0
10926,P_NOUN_8_PASS_b,M,P,les jouets avec le raisin que j' aime beaucoup ne sont probablement pas fixés <eos>,13,fixés,fixées,11,M,S,fixés,-8.483407,fixées,-11.537667,1
10927,P_NOUN_8_PASS_b,M,P,les jouets avec le raisin que j' aime beaucoup ne sont probablement pas jetés <eos>,13,jetés,jetées,11,M,S,jetés,-9.183623,jetées,-13.090759,1
10928,P_NOUN_8_PASS_b,M,P,les jouets avec le raisin que j' aime beaucoup ne sont probablement pas laissés <eos>,13,laissés,laissées,11,M,S,laissés,-8.400111,laissées,-11.63639,1
10929,P_NOUN_8_PASS_b,M,P,les jouets avec le raisin que j' aime beaucoup ne sont probablement pas ouverts <eos>,13,ouverts,ouvertes,11,M,S,ouverts,-8.380315,ouvertes,-11.473715,1
10930,P_NOUN_8_PASS_b,M,P,les jouets avec le raisin que j' aime beaucoup ne sont probablement pas perdus <eos>,13,perdus,perdues,11,M,S,perdus,-7.6480665,perdues,-10.798033,1
10931,P_NOUN_8_PASS_b,M,P,les jouets avec le raisin que j' aime beaucoup ne sont probablement pas réparés <eos>,13,réparés,réparées,11,M,S,réparés,-12.041811,réparées,-12.660249,1
10932,P_NOUN_8_PASS_b,M,P,les jouets avec le raisin que j' aime beaucoup ne sont probablement pas retirés <eos>,13,retirés,retirées,11,M,S,retirés,-9.142118,retirées,-10.946575,1
10933,P_NOUN_8_PASS_b,M,P,les jouets avec le raisin que j' aime beaucoup ne sont probablement pas tombés <eos>,13,tombés,tombées,11,M,S,tombés,-7.213216,tombées,-10.656714,1
10934,P_NOUN_8_PASS_b,M,P,les jouets avec le raisin que j' aime beaucoup ne sont probablement pas utilisés <eos>,13,utilisés,utilisées,11,M,S,utilisés,-5.166424,utilisées,-8.664504,1
10935,P_NOUN_8_PASS_b,M,P,les jouets avec le chargeur que j' aime beaucoup ne sont probablement pas achetés <eos>,13,achetés,achetées,11,M,S,achetés,-8.485792,achetées,-12.763264,1
10936,P_NOUN_8_PASS_b,M,P,les jouets avec le chargeur que j' aime beaucoup ne sont probablement pas brisés <eos>,13,brisés,brisées,11,M,S,brisés,-11.384216,brisées,-12.200457,1
10937,P_NOUN_8_PASS_b,M,P,les jouets avec le chargeur que j' aime beaucoup ne sont probablement pas cachés <eos>,13,cachés,cachées,11,M,S,cachés,-7.1431584,cachées,-11.016092,1
10938,P_NOUN_8_PASS_b,M,P,les jouets avec le chargeur que j' aime beaucoup ne sont probablement pas cassés <eos>,13,cassés,cassées,11,M,S,cassés,-10.225537,cassées,-11.556675,1
10939,P_NOUN_8_PASS_b,M,P,les jouets avec le chargeur que j' aime beaucoup ne sont probablement pas couverts <eos>,13,couverts,couvertes,11,M,S,couverts,-8.001392,couvertes,-11.48628,1
10940,P_NOUN_8_PASS_b,M,P,les jouets avec le chargeur que j' aime beaucoup ne sont probablement pas déformés <eos>,13,déformés,déformées,11,M,S,déformés,-12.181997,déformées,-11.424,0
10941,P_NOUN_8_PASS_b,M,P,les jouets avec le chargeur que j' aime beaucoup ne sont probablement pas fixés <eos>,13,fixés,fixées,11,M,S,fixés,-8.633471,fixées,-11.234676,1
10942,P_NOUN_8_PASS_b,M,P,les jouets avec le chargeur que j' aime beaucoup ne sont probablement pas jetés <eos>,13,jetés,jetées,11,M,S,jetés,-8.759184,jetées,-12.316269,1
10943,P_NOUN_8_PASS_b,M,P,les jouets avec le chargeur que j' aime beaucoup ne sont probablement pas laissés <eos>,13,laissés,laissées,11,M,S,laissés,-8.412224,laissées,-11.882442,1
10944,P_NOUN_8_PASS_b,M,P,les jouets avec le chargeur que j' aime beaucoup ne sont probablement pas ouverts <eos>,13,ouverts,ouvertes,11,M,S,ouverts,-7.9648447,ouvertes,-11.261637,1
10945,P_NOUN_8_PASS_b,M,P,les jouets avec le chargeur que j' aime beaucoup ne sont probablement pas perdus <eos>,13,perdus,perdues,11,M,S,perdus,-7.234768,perdues,-10.395909,1
10946,P_NOUN_8_PASS_b,M,P,les jouets avec le chargeur que j' aime beaucoup ne sont probablement pas réparés <eos>,13,réparés,réparées,11,M,S,réparés,-11.649294,réparées,-12.387168,1
10947,P_NOUN_8_PASS_b,M,P,les jouets avec le chargeur que j' aime beaucoup ne sont probablement pas retirés <eos>,13,retirés,retirées,11,M,S,retirés,-8.542075,retirées,-10.852011,1
10948,P_NOUN_8_PASS_b,M,P,les jouets avec le chargeur que j' aime beaucoup ne sont probablement pas tombés <eos>,13,tombés,tombées,11,M,S,tombés,-7.342452,tombées,-11.215437,1
10949,P_NOUN_8_PASS_b,M,P,les jouets avec le chargeur que j' aime beaucoup ne sont probablement pas utilisés <eos>,13,utilisés,utilisées,11,M,S,utilisés,-4.900495,utilisées,-8.475594,1
10950,P_NOUN_8_PASS_b,M,P,les jouets avec le vase que j' aime beaucoup ne sont probablement pas achetés <eos>,13,achetés,achetées,11,M,S,achetés,-8.619002,achetées,-12.779877,1
10951,P_NOUN_8_PASS_b,M,P,les jouets avec le vase que j' aime beaucoup ne sont probablement pas brisés <eos>,13,brisés,brisées,11,M,S,brisés,-10.666888,brisées,-11.801496,1
10952,P_NOUN_8_PASS_b,M,P,les jouets avec le vase que j' aime beaucoup ne sont probablement pas cachés <eos>,13,cachés,cachées,11,M,S,cachés,-7.5756674,cachées,-10.8636265,1
10953,P_NOUN_8_PASS_b,M,P,les jouets avec le vase que j' aime beaucoup ne sont probablement pas cassés <eos>,13,cassés,cassées,11,M,S,cassés,-9.712739,cassées,-11.311168,1
10954,P_NOUN_8_PASS_b,M,P,les jouets avec le vase que j' aime beaucoup ne sont probablement pas couverts <eos>,13,couverts,couvertes,11,M,S,couverts,-7.5566425,couvertes,-11.298451,1
10955,P_NOUN_8_PASS_b,M,P,les jouets avec le vase que j' aime beaucoup ne sont probablement pas déformés <eos>,13,déformés,déformées,11,M,S,déformés,-11.320206,déformées,-11.001711,0
10956,P_NOUN_8_PASS_b,M,P,les jouets avec le vase que j' aime beaucoup ne sont probablement pas fixés <eos>,13,fixés,fixées,11,M,S,fixés,-8.543275,fixées,-11.634227,1
10957,P_NOUN_8_PASS_b,M,P,les jouets avec le vase que j' aime beaucoup ne sont probablement pas jetés <eos>,13,jetés,jetées,11,M,S,jetés,-8.078711,jetées,-11.459368,1
10958,P_NOUN_8_PASS_b,M,P,les jouets avec le vase que j' aime beaucoup ne sont probablement pas laissés <eos>,13,laissés,laissées,11,M,S,laissés,-8.141244,laissées,-11.527007,1
10959,P_NOUN_8_PASS_b,M,P,les jouets avec le vase que j' aime beaucoup ne sont probablement pas ouverts <eos>,13,ouverts,ouvertes,11,M,S,ouverts,-7.4299097,ouvertes,-11.057269,1
10960,P_NOUN_8_PASS_b,M,P,les jouets avec le vase que j' aime beaucoup ne sont probablement pas perdus <eos>,13,perdus,perdues,11,M,S,perdus,-6.6992025,perdues,-10.402598,1
10961,P_NOUN_8_PASS_b,M,P,les jouets avec le vase que j' aime beaucoup ne sont probablement pas réparés <eos>,13,réparés,réparées,11,M,S,réparés,-11.095896,réparées,-11.9971285,1
10962,P_NOUN_8_PASS_b,M,P,les jouets avec le vase que j' aime beaucoup ne sont probablement pas retirés <eos>,13,retirés,retirées,11,M,S,retirés,-9.270668,retirées,-11.023468,1
10963,P_NOUN_8_PASS_b,M,P,les jouets avec le vase que j' aime beaucoup ne sont probablement pas tombés <eos>,13,tombés,tombées,11,M,S,tombés,-7.1902685,tombées,-10.83754,1
10964,P_NOUN_8_PASS_b,M,P,les jouets avec le vase que j' aime beaucoup ne sont probablement pas utilisés <eos>,13,utilisés,utilisées,11,M,S,utilisés,-5.818158,utilisées,-9.2142725,1
10965,P_NOUN_8_PASS_b,M,P,les jouets avec le panier que j' aime beaucoup ne sont probablement pas achetés <eos>,13,achetés,achetées,11,M,S,achetés,-8.383667,achetées,-12.444527,1
10966,P_NOUN_8_PASS_b,M,P,les jouets avec le panier que j' aime beaucoup ne sont probablement pas brisés <eos>,13,brisés,brisées,11,M,S,brisés,-10.982326,brisées,-11.938602,1
10967,P_NOUN_8_PASS_b,M,P,les jouets avec le panier que j' aime beaucoup ne sont probablement pas cachés <eos>,13,cachés,cachées,11,M,S,cachés,-7.779213,cachées,-11.294235,1
10968,P_NOUN_8_PASS_b,M,P,les jouets avec le panier que j' aime beaucoup ne sont probablement pas cassés <eos>,13,cassés,cassées,11,M,S,cassés,-10.103632,cassées,-11.402902,1
10969,P_NOUN_8_PASS_b,M,P,les jouets avec le panier que j' aime beaucoup ne sont probablement pas couverts <eos>,13,couverts,couvertes,11,M,S,couverts,-7.595497,couvertes,-11.624739,1
10970,P_NOUN_8_PASS_b,M,P,les jouets avec le panier que j' aime beaucoup ne sont probablement pas déformés <eos>,13,déformés,déformées,11,M,S,déformés,-11.975304,déformées,-11.420582,0
10971,P_NOUN_8_PASS_b,M,P,les jouets avec le panier que j' aime beaucoup ne sont probablement pas fixés <eos>,13,fixés,fixées,11,M,S,fixés,-8.404943,fixées,-11.683181,1
10972,P_NOUN_8_PASS_b,M,P,les jouets avec le panier que j' aime beaucoup ne sont probablement pas jetés <eos>,13,jetés,jetées,11,M,S,jetés,-8.460713,jetées,-12.033677,1
10973,P_NOUN_8_PASS_b,M,P,les jouets avec le panier que j' aime beaucoup ne sont probablement pas laissés <eos>,13,laissés,laissées,11,M,S,laissés,-8.493424,laissées,-11.675097,1
10974,P_NOUN_8_PASS_b,M,P,les jouets avec le panier que j' aime beaucoup ne sont probablement pas ouverts <eos>,13,ouverts,ouvertes,11,M,S,ouverts,-7.6100955,ouvertes,-11.377539,1
10975,P_NOUN_8_PASS_b,M,P,les jouets avec le panier que j' aime beaucoup ne sont probablement pas perdus <eos>,13,perdus,perdues,11,M,S,perdus,-6.9972944,perdues,-10.661312,1
10976,P_NOUN_8_PASS_b,M,P,les jouets avec le panier que j' aime beaucoup ne sont probablement pas réparés <eos>,13,réparés,réparées,11,M,S,réparés,-11.784706,réparées,-12.440554,1
10977,P_NOUN_8_PASS_b,M,P,les jouets avec le panier que j' aime beaucoup ne sont probablement pas retirés <eos>,13,retirés,retirées,11,M,S,retirés,-9.207028,retirées,-11.048068,1
10978,P_NOUN_8_PASS_b,M,P,les jouets avec le panier que j' aime beaucoup ne sont probablement pas tombés <eos>,13,tombés,tombées,11,M,S,tombés,-7.400488,tombées,-11.460036,1
10979,P_NOUN_8_PASS_b,M,P,les jouets avec le panier que j' aime beaucoup ne sont probablement pas utilisés <eos>,13,utilisés,utilisées,11,M,S,utilisés,-5.499113,utilisées,-9.091815,1
10980,P_NOUN_8_PASS_b,M,P,les jouets avec le collier que j' aime beaucoup ne sont probablement pas achetés <eos>,13,achetés,achetées,11,M,S,achetés,-8.943926,achetées,-13.052126,1
10981,P_NOUN_8_PASS_b,M,P,les jouets avec le collier que j' aime beaucoup ne sont probablement pas brisés <eos>,13,brisés,brisées,11,M,S,brisés,-10.8728695,brisées,-11.9621935,1
10982,P_NOUN_8_PASS_b,M,P,les jouets avec le collier que j' aime beaucoup ne sont probablement pas cachés <eos>,13,cachés,cachées,11,M,S,cachés,-7.656376,cachées,-10.996624,1
10983,P_NOUN_8_PASS_b,M,P,les jouets avec le collier que j' aime beaucoup ne sont probablement pas cassés <eos>,13,cassés,cassées,11,M,S,cassés,-10.19334,cassées,-11.358058,1
10984,P_NOUN_8_PASS_b,M,P,les jouets avec le collier que j' aime beaucoup ne sont probablement pas couverts <eos>,13,couverts,couvertes,11,M,S,couverts,-7.9346,couvertes,-11.964801,1
10985,P_NOUN_8_PASS_b,M,P,les jouets avec le collier que j' aime beaucoup ne sont probablement pas déformés <eos>,13,déformés,déformées,11,M,S,déformés,-11.624249,déformées,-11.402916,0
10986,P_NOUN_8_PASS_b,M,P,les jouets avec le collier que j' aime beaucoup ne sont probablement pas fixés <eos>,13,fixés,fixées,11,M,S,fixés,-8.646883,fixées,-11.569626,1
10987,P_NOUN_8_PASS_b,M,P,les jouets avec le collier que j' aime beaucoup ne sont probablement pas jetés <eos>,13,jetés,jetées,11,M,S,jetés,-8.405933,jetées,-11.931566,1
10988,P_NOUN_8_PASS_b,M,P,les jouets avec le collier que j' aime beaucoup ne sont probablement pas laissés <eos>,13,laissés,laissées,11,M,S,laissés,-8.64035,laissées,-12.038013,1
10989,P_NOUN_8_PASS_b,M,P,les jouets avec le collier que j' aime beaucoup ne sont probablement pas ouverts <eos>,13,ouverts,ouvertes,11,M,S,ouverts,-8.0102625,ouvertes,-11.67902,1
10990,P_NOUN_8_PASS_b,M,P,les jouets avec le collier que j' aime beaucoup ne sont probablement pas perdus <eos>,13,perdus,perdues,11,M,S,perdus,-7.06584,perdues,-10.54809,1
10991,P_NOUN_8_PASS_b,M,P,les jouets avec le collier que j' aime beaucoup ne sont probablement pas réparés <eos>,13,réparés,réparées,11,M,S,réparés,-11.911305,réparées,-12.856318,1
10992,P_NOUN_8_PASS_b,M,P,les jouets avec le collier que j' aime beaucoup ne sont probablement pas retirés <eos>,13,retirés,retirées,11,M,S,retirés,-9.325094,retirées,-11.394225,1
10993,P_NOUN_8_PASS_b,M,P,les jouets avec le collier que j' aime beaucoup ne sont probablement pas tombés <eos>,13,tombés,tombées,11,M,S,tombés,-6.801676,tombées,-11.394177,1
10994,P_NOUN_8_PASS_b,M,P,les jouets avec le collier que j' aime beaucoup ne sont probablement pas utilisés <eos>,13,utilisés,utilisées,11,M,S,utilisés,-5.558485,utilisées,-9.251867,1
10995,P_NOUN_8_PASS_b,M,P,les jouets avec le chapeau que j' aime beaucoup ne sont probablement pas achetés <eos>,13,achetés,achetées,11,M,S,achetés,-8.857064,achetées,-13.001332,1
10996,P_NOUN_8_PASS_b,M,P,les jouets avec le chapeau que j' aime beaucoup ne sont probablement pas brisés <eos>,13,brisés,brisées,11,M,S,brisés,-10.91663,brisées,-12.040159,1
10997,P_NOUN_8_PASS_b,M,P,les jouets avec le chapeau que j' aime beaucoup ne sont probablement pas cachés <eos>,13,cachés,cachées,11,M,S,cachés,-7.527544,cachées,-10.729048,1
10998,P_NOUN_8_PASS_b,M,P,les jouets avec le chapeau que j' aime beaucoup ne sont probablement pas cassés <eos>,13,cassés,cassées,11,M,S,cassés,-10.149921,cassées,-11.250089,1
10999,P_NOUN_8_PASS_b,M,P,les jouets avec le chapeau que j' aime beaucoup ne sont probablement pas couverts <eos>,13,couverts,couvertes,11,M,S,couverts,-7.7543497,couvertes,-11.524335,1
11000,P_NOUN_8_PASS_b,M,P,les jouets avec le chapeau que j' aime beaucoup ne sont probablement pas déformés <eos>,13,déformés,déformées,11,M,S,déformés,-11.495967,déformées,-11.20344,0
11001,P_NOUN_8_PASS_b,M,P,les jouets avec le chapeau que j' aime beaucoup ne sont probablement pas fixés <eos>,13,fixés,fixées,11,M,S,fixés,-8.942441,fixées,-11.942497,1
11002,P_NOUN_8_PASS_b,M,P,les jouets avec le chapeau que j' aime beaucoup ne sont probablement pas jetés <eos>,13,jetés,jetées,11,M,S,jetés,-8.50812,jetées,-11.943523,1
11003,P_NOUN_8_PASS_b,M,P,les jouets avec le chapeau que j' aime beaucoup ne sont probablement pas laissés <eos>,13,laissés,laissées,11,M,S,laissés,-8.54013,laissées,-11.902351,1
11004,P_NOUN_8_PASS_b,M,P,les jouets avec le chapeau que j' aime beaucoup ne sont probablement pas ouverts <eos>,13,ouverts,ouvertes,11,M,S,ouverts,-7.6160183,ouvertes,-11.290657,1
11005,P_NOUN_8_PASS_b,M,P,les jouets avec le chapeau que j' aime beaucoup ne sont probablement pas perdus <eos>,13,perdus,perdues,11,M,S,perdus,-7.1875067,perdues,-10.663523,1
11006,P_NOUN_8_PASS_b,M,P,les jouets avec le chapeau que j' aime beaucoup ne sont probablement pas réparés <eos>,13,réparés,réparées,11,M,S,réparés,-11.9213705,réparées,-12.703532,1
11007,P_NOUN_8_PASS_b,M,P,les jouets avec le chapeau que j' aime beaucoup ne sont probablement pas retirés <eos>,13,retirés,retirées,11,M,S,retirés,-9.4199295,retirées,-11.2279825,1
11008,P_NOUN_8_PASS_b,M,P,les jouets avec le chapeau que j' aime beaucoup ne sont probablement pas tombés <eos>,13,tombés,tombées,11,M,S,tombés,-7.1733866,tombées,-11.12264,1
11009,P_NOUN_8_PASS_b,M,P,les jouets avec le chapeau que j' aime beaucoup ne sont probablement pas utilisés <eos>,13,utilisés,utilisées,11,M,S,utilisés,-5.7904167,utilisées,-9.21158,1
11010,P_NOUN_8_PASS_b,M,P,les jouets avec le pot que j' aime beaucoup ne sont probablement pas achetés <eos>,13,achetés,achetées,11,M,S,achetés,-8.63881,achetées,-12.820667,1
11011,P_NOUN_8_PASS_b,M,P,les jouets avec le pot que j' aime beaucoup ne sont probablement pas brisés <eos>,13,brisés,brisées,11,M,S,brisés,-10.842916,brisées,-11.97231,1
11012,P_NOUN_8_PASS_b,M,P,les jouets avec le pot que j' aime beaucoup ne sont probablement pas cachés <eos>,13,cachés,cachées,11,M,S,cachés,-7.63963,cachées,-10.987896,1
11013,P_NOUN_8_PASS_b,M,P,les jouets avec le pot que j' aime beaucoup ne sont probablement pas cassés <eos>,13,cassés,cassées,11,M,S,cassés,-9.858353,cassées,-11.323326,1
11014,P_NOUN_8_PASS_b,M,P,les jouets avec le pot que j' aime beaucoup ne sont probablement pas couverts <eos>,13,couverts,couvertes,11,M,S,couverts,-7.420217,couvertes,-11.33338,1
11015,P_NOUN_8_PASS_b,M,P,les jouets avec le pot que j' aime beaucoup ne sont probablement pas déformés <eos>,13,déformés,déformées,11,M,S,déformés,-11.711536,déformées,-11.426056,0
11016,P_NOUN_8_PASS_b,M,P,les jouets avec le pot que j' aime beaucoup ne sont probablement pas fixés <eos>,13,fixés,fixées,11,M,S,fixés,-8.466376,fixées,-11.578091,1
11017,P_NOUN_8_PASS_b,M,P,les jouets avec le pot que j' aime beaucoup ne sont probablement pas jetés <eos>,13,jetés,jetées,11,M,S,jetés,-8.502555,jetées,-11.869676,1
11018,P_NOUN_8_PASS_b,M,P,les jouets avec le pot que j' aime beaucoup ne sont probablement pas laissés <eos>,13,laissés,laissées,11,M,S,laissés,-8.4033985,laissées,-11.6309395,1
11019,P_NOUN_8_PASS_b,M,P,les jouets avec le pot que j' aime beaucoup ne sont probablement pas ouverts <eos>,13,ouverts,ouvertes,11,M,S,ouverts,-7.814147,ouvertes,-11.358484,1
11020,P_NOUN_8_PASS_b,M,P,les jouets avec le pot que j' aime beaucoup ne sont probablement pas perdus <eos>,13,perdus,perdues,11,M,S,perdus,-7.0975666,perdues,-10.713772,1
11021,P_NOUN_8_PASS_b,M,P,les jouets avec le pot que j' aime beaucoup ne sont probablement pas réparés <eos>,13,réparés,réparées,11,M,S,réparés,-11.510109,réparées,-12.316355,1
11022,P_NOUN_8_PASS_b,M,P,les jouets avec le pot que j' aime beaucoup ne sont probablement pas retirés <eos>,13,retirés,retirées,11,M,S,retirés,-9.351412,retirées,-11.02024,1
11023,P_NOUN_8_PASS_b,M,P,les jouets avec le pot que j' aime beaucoup ne sont probablement pas tombés <eos>,13,tombés,tombées,11,M,S,tombés,-7.2023854,tombées,-10.992357,1
11024,P_NOUN_8_PASS_b,M,P,les jouets avec le pot que j' aime beaucoup ne sont probablement pas utilisés <eos>,13,utilisés,utilisées,11,M,S,utilisés,-5.4852467,utilisées,-9.012703,1
11025,P_NOUN_8_PASS_b,M,P,les jouets avec le coussin que j' aime beaucoup ne sont probablement pas achetés <eos>,13,achetés,achetées,11,M,S,achetés,-9.145717,achetées,-13.20703,1
11026,P_NOUN_8_PASS_b,M,P,les jouets avec le coussin que j' aime beaucoup ne sont probablement pas brisés <eos>,13,brisés,brisées,11,M,S,brisés,-10.846914,brisées,-12.044522,1
11027,P_NOUN_8_PASS_b,M,P,les jouets avec le coussin que j' aime beaucoup ne sont probablement pas cachés <eos>,13,cachés,cachées,11,M,S,cachés,-7.594555,cachées,-10.925532,1
11028,P_NOUN_8_PASS_b,M,P,les jouets avec le coussin que j' aime beaucoup ne sont probablement pas cassés <eos>,13,cassés,cassées,11,M,S,cassés,-10.33772,cassées,-11.224624,1
11029,P_NOUN_8_PASS_b,M,P,les jouets avec le coussin que j' aime beaucoup ne sont probablement pas couverts <eos>,13,couverts,couvertes,11,M,S,couverts,-7.878063,couvertes,-11.398209,1
11030,P_NOUN_8_PASS_b,M,P,les jouets avec le coussin que j' aime beaucoup ne sont probablement pas déformés <eos>,13,déformés,déformées,11,M,S,déformés,-11.5174465,déformées,-11.1953125,0
11031,P_NOUN_8_PASS_b,M,P,les jouets avec le coussin que j' aime beaucoup ne sont probablement pas fixés <eos>,13,fixés,fixées,11,M,S,fixés,-8.565586,fixées,-11.405125,1
11032,P_NOUN_8_PASS_b,M,P,les jouets avec le coussin que j' aime beaucoup ne sont probablement pas jetés <eos>,13,jetés,jetées,11,M,S,jetés,-8.6732235,jetées,-11.967581,1
11033,P_NOUN_8_PASS_b,M,P,les jouets avec le coussin que j' aime beaucoup ne sont probablement pas laissés <eos>,13,laissés,laissées,11,M,S,laissés,-8.653539,laissées,-11.863591,1
11034,P_NOUN_8_PASS_b,M,P,les jouets avec le coussin que j' aime beaucoup ne sont probablement pas ouverts <eos>,13,ouverts,ouvertes,11,M,S,ouverts,-7.7986517,ouvertes,-11.382439,1
11035,P_NOUN_8_PASS_b,M,P,les jouets avec le coussin que j' aime beaucoup ne sont probablement pas perdus <eos>,13,perdus,perdues,11,M,S,perdus,-7.410648,perdues,-10.859562,1
11036,P_NOUN_8_PASS_b,M,P,les jouets avec le coussin que j' aime beaucoup ne sont probablement pas réparés <eos>,13,réparés,réparées,11,M,S,réparés,-11.9477415,réparées,-12.760853,1
11037,P_NOUN_8_PASS_b,M,P,les jouets avec le coussin que j' aime beaucoup ne sont probablement pas retirés <eos>,13,retirés,retirées,11,M,S,retirés,-9.308049,retirées,-11.165267,1
11038,P_NOUN_8_PASS_b,M,P,les jouets avec le coussin que j' aime beaucoup ne sont probablement pas tombés <eos>,13,tombés,tombées,11,M,S,tombés,-7.3823576,tombées,-11.275122,1
11039,P_NOUN_8_PASS_b,M,P,les jouets avec le coussin que j' aime beaucoup ne sont probablement pas utilisés <eos>,13,utilisés,utilisées,11,M,S,utilisés,-5.397049,utilisées,-8.925706,1
11040,P_NOUN_8_PASS_b,M,P,les jouets avec le jouet que j' aime beaucoup ne sont probablement pas achetés <eos>,13,achetés,achetées,11,M,S,achetés,-9.043564,achetées,-13.302931,1
11041,P_NOUN_8_PASS_b,M,P,les jouets avec le jouet que j' aime beaucoup ne sont probablement pas brisés <eos>,13,brisés,brisées,11,M,S,brisés,-10.866376,brisées,-12.104621,1
11042,P_NOUN_8_PASS_b,M,P,les jouets avec le jouet que j' aime beaucoup ne sont probablement pas cachés <eos>,13,cachés,cachées,11,M,S,cachés,-7.789781,cachées,-10.895134,1
11043,P_NOUN_8_PASS_b,M,P,les jouets avec le jouet que j' aime beaucoup ne sont probablement pas cassés <eos>,13,cassés,cassées,11,M,S,cassés,-10.273352,cassées,-11.403097,1
11044,P_NOUN_8_PASS_b,M,P,les jouets avec le jouet que j' aime beaucoup ne sont probablement pas couverts <eos>,13,couverts,couvertes,11,M,S,couverts,-7.9938946,couvertes,-11.74516,1
11045,P_NOUN_8_PASS_b,M,P,les jouets avec le jouet que j' aime beaucoup ne sont probablement pas déformés <eos>,13,déformés,déformées,11,M,S,déformés,-11.377285,déformées,-11.211754,0
11046,P_NOUN_8_PASS_b,M,P,les jouets avec le jouet que j' aime beaucoup ne sont probablement pas fixés <eos>,13,fixés,fixées,11,M,S,fixés,-8.623942,fixées,-11.657792,1
11047,P_NOUN_8_PASS_b,M,P,les jouets avec le jouet que j' aime beaucoup ne sont probablement pas jetés <eos>,13,jetés,jetées,11,M,S,jetés,-8.840813,jetées,-12.182777,1
11048,P_NOUN_8_PASS_b,M,P,les jouets avec le jouet que j' aime beaucoup ne sont probablement pas laissés <eos>,13,laissés,laissées,11,M,S,laissés,-8.668415,laissées,-11.896391,1
11049,P_NOUN_8_PASS_b,M,P,les jouets avec le jouet que j' aime beaucoup ne sont probablement pas ouverts <eos>,13,ouverts,ouvertes,11,M,S,ouverts,-7.653105,ouvertes,-11.407572,1
11050,P_NOUN_8_PASS_b,M,P,les jouets avec le jouet que j' aime beaucoup ne sont probablement pas perdus <eos>,13,perdus,perdues,11,M,S,perdus,-7.3515387,perdues,-10.931524,1
11051,P_NOUN_8_PASS_b,M,P,les jouets avec le jouet que j' aime beaucoup ne sont probablement pas réparés <eos>,13,réparés,réparées,11,M,S,réparés,-12.100252,réparées,-12.840771,1
11052,P_NOUN_8_PASS_b,M,P,les jouets avec le jouet que j' aime beaucoup ne sont probablement pas retirés <eos>,13,retirés,retirées,11,M,S,retirés,-9.720899,retirées,-11.446512,1
11053,P_NOUN_8_PASS_b,M,P,les jouets avec le jouet que j' aime beaucoup ne sont probablement pas tombés <eos>,13,tombés,tombées,11,M,S,tombés,-7.6908894,tombées,-11.525991,1
11054,P_NOUN_8_PASS_b,M,P,les jouets avec le jouet que j' aime beaucoup ne sont probablement pas utilisés <eos>,13,utilisés,utilisées,11,M,S,utilisés,-5.720533,utilisées,-9.133053,1
11055,P_NOUN_8_PASS_b,M,P,les jouets avec le clou que j' aime beaucoup ne sont probablement pas achetés <eos>,13,achetés,achetées,11,M,S,achetés,-8.987718,achetées,-13.065858,1
11056,P_NOUN_8_PASS_b,M,P,les jouets avec le clou que j' aime beaucoup ne sont probablement pas brisés <eos>,13,brisés,brisées,11,M,S,brisés,-10.760654,brisées,-12.020119,1
11057,P_NOUN_8_PASS_b,M,P,les jouets avec le clou que j' aime beaucoup ne sont probablement pas cachés <eos>,13,cachés,cachées,11,M,S,cachés,-7.950076,cachées,-10.978537,1
11058,P_NOUN_8_PASS_b,M,P,les jouets avec le clou que j' aime beaucoup ne sont probablement pas cassés <eos>,13,cassés,cassées,11,M,S,cassés,-10.055595,cassées,-11.292763,1
11059,P_NOUN_8_PASS_b,M,P,les jouets avec le clou que j' aime beaucoup ne sont probablement pas couverts <eos>,13,couverts,couvertes,11,M,S,couverts,-7.8328977,couvertes,-11.509899,1
11060,P_NOUN_8_PASS_b,M,P,les jouets avec le clou que j' aime beaucoup ne sont probablement pas déformés <eos>,13,déformés,déformées,11,M,S,déformés,-11.371323,déformées,-11.331398,0
11061,P_NOUN_8_PASS_b,M,P,les jouets avec le clou que j' aime beaucoup ne sont probablement pas fixés <eos>,13,fixés,fixées,11,M,S,fixés,-8.664458,fixées,-11.721653,1
11062,P_NOUN_8_PASS_b,M,P,les jouets avec le clou que j' aime beaucoup ne sont probablement pas jetés <eos>,13,jetés,jetées,11,M,S,jetés,-8.889832,jetées,-12.248903,1
11063,P_NOUN_8_PASS_b,M,P,les jouets avec le clou que j' aime beaucoup ne sont probablement pas laissés <eos>,13,laissés,laissées,11,M,S,laissés,-8.714191,laissées,-11.940824,1
11064,P_NOUN_8_PASS_b,M,P,les jouets avec le clou que j' aime beaucoup ne sont probablement pas ouverts <eos>,13,ouverts,ouvertes,11,M,S,ouverts,-7.8057356,ouvertes,-11.390679,1
11065,P_NOUN_8_PASS_b,M,P,les jouets avec le clou que j' aime beaucoup ne sont probablement pas perdus <eos>,13,perdus,perdues,11,M,S,perdus,-7.1240664,perdues,-10.794548,1
11066,P_NOUN_8_PASS_b,M,P,les jouets avec le clou que j' aime beaucoup ne sont probablement pas réparés <eos>,13,réparés,réparées,11,M,S,réparés,-11.6939745,réparées,-12.49549,1
11067,P_NOUN_8_PASS_b,M,P,les jouets avec le clou que j' aime beaucoup ne sont probablement pas retirés <eos>,13,retirés,retirées,11,M,S,retirés,-9.348882,retirées,-11.070108,1
11068,P_NOUN_8_PASS_b,M,P,les jouets avec le clou que j' aime beaucoup ne sont probablement pas tombés <eos>,13,tombés,tombées,11,M,S,tombés,-7.188502,tombées,-11.1002445,1
11069,P_NOUN_8_PASS_b,M,P,les jouets avec le clou que j' aime beaucoup ne sont probablement pas utilisés <eos>,13,utilisés,utilisées,11,M,S,utilisés,-5.7478046,utilisées,-9.2393465,1
11070,P_NOUN_8_PASS_b,M,P,les jouets avec le billet que j' aime beaucoup ne sont probablement pas achetés <eos>,13,achetés,achetées,11,M,S,achetés,-8.500774,achetées,-12.331154,1
11071,P_NOUN_8_PASS_b,M,P,les jouets avec le billet que j' aime beaucoup ne sont probablement pas brisés <eos>,13,brisés,brisées,11,M,S,brisés,-11.567521,brisées,-12.329753,1
11072,P_NOUN_8_PASS_b,M,P,les jouets avec le billet que j' aime beaucoup ne sont probablement pas cachés <eos>,13,cachés,cachées,11,M,S,cachés,-7.5451794,cachées,-11.23282,1
11073,P_NOUN_8_PASS_b,M,P,les jouets avec le billet que j' aime beaucoup ne sont probablement pas cassés <eos>,13,cassés,cassées,11,M,S,cassés,-10.4810915,cassées,-11.814011,1
11074,P_NOUN_8_PASS_b,M,P,les jouets avec le billet que j' aime beaucoup ne sont probablement pas couverts <eos>,13,couverts,couvertes,11,M,S,couverts,-7.9160986,couvertes,-12.019196,1
11075,P_NOUN_8_PASS_b,M,P,les jouets avec le billet que j' aime beaucoup ne sont probablement pas déformés <eos>,13,déformés,déformées,11,M,S,déformés,-12.173959,déformées,-11.639105,0
11076,P_NOUN_8_PASS_b,M,P,les jouets avec le billet que j' aime beaucoup ne sont probablement pas fixés <eos>,13,fixés,fixées,11,M,S,fixés,-8.370871,fixées,-11.462578,1
11077,P_NOUN_8_PASS_b,M,P,les jouets avec le billet que j' aime beaucoup ne sont probablement pas jetés <eos>,13,jetés,jetées,11,M,S,jetés,-8.671894,jetées,-12.111869,1
11078,P_NOUN_8_PASS_b,M,P,les jouets avec le billet que j' aime beaucoup ne sont probablement pas laissés <eos>,13,laissés,laissées,11,M,S,laissés,-8.958831,laissées,-11.975363,1
11079,P_NOUN_8_PASS_b,M,P,les jouets avec le billet que j' aime beaucoup ne sont probablement pas ouverts <eos>,13,ouverts,ouvertes,11,M,S,ouverts,-7.8762975,ouvertes,-11.75963,1
11080,P_NOUN_8_PASS_b,M,P,les jouets avec le billet que j' aime beaucoup ne sont probablement pas perdus <eos>,13,perdus,perdues,11,M,S,perdus,-7.022828,perdues,-10.28483,1
11081,P_NOUN_8_PASS_b,M,P,les jouets avec le billet que j' aime beaucoup ne sont probablement pas réparés <eos>,13,réparés,réparées,11,M,S,réparés,-12.171001,réparées,-12.787138,1
11082,P_NOUN_8_PASS_b,M,P,les jouets avec le billet que j' aime beaucoup ne sont probablement pas retirés <eos>,13,retirés,retirées,11,M,S,retirés,-9.065129,retirées,-10.906391,1
11083,P_NOUN_8_PASS_b,M,P,les jouets avec le billet que j' aime beaucoup ne sont probablement pas tombés <eos>,13,tombés,tombées,11,M,S,tombés,-7.2226744,tombées,-11.328884,1
11084,P_NOUN_8_PASS_b,M,P,les jouets avec le billet que j' aime beaucoup ne sont probablement pas utilisés <eos>,13,utilisés,utilisées,11,M,S,utilisés,-5.527227,utilisées,-8.966879,1
11085,P_NOUN_8_PASS_b,M,P,les jouets avec le légume que j' aime beaucoup ne sont probablement pas achetés <eos>,13,achetés,achetées,11,M,S,achetés,-8.719146,achetées,-13.186132,1
11086,P_NOUN_8_PASS_b,M,P,les jouets avec le légume que j' aime beaucoup ne sont probablement pas brisés <eos>,13,brisés,brisées,11,M,S,brisés,-10.909344,brisées,-12.178713,1
11087,P_NOUN_8_PASS_b,M,P,les jouets avec le légume que j' aime beaucoup ne sont probablement pas cachés <eos>,13,cachés,cachées,11,M,S,cachés,-8.245298,cachées,-11.486232,1
11088,P_NOUN_8_PASS_b,M,P,les jouets avec le légume que j' aime beaucoup ne sont probablement pas cassés <eos>,13,cassés,cassées,11,M,S,cassés,-9.653672,cassées,-11.292329,1
11089,P_NOUN_8_PASS_b,M,P,les jouets avec le légume que j' aime beaucoup ne sont probablement pas couverts <eos>,13,couverts,couvertes,11,M,S,couverts,-6.9745293,couvertes,-11.185104,1
11090,P_NOUN_8_PASS_b,M,P,les jouets avec le légume que j' aime beaucoup ne sont probablement pas déformés <eos>,13,déformés,déformées,11,M,S,déformés,-11.966322,déformées,-11.951191,0
11091,P_NOUN_8_PASS_b,M,P,les jouets avec le légume que j' aime beaucoup ne sont probablement pas fixés <eos>,13,fixés,fixées,11,M,S,fixés,-8.892303,fixées,-12.054302,1
11092,P_NOUN_8_PASS_b,M,P,les jouets avec le légume que j' aime beaucoup ne sont probablement pas jetés <eos>,13,jetés,jetées,11,M,S,jetés,-9.310024,jetées,-12.05967,1
11093,P_NOUN_8_PASS_b,M,P,les jouets avec le légume que j' aime beaucoup ne sont probablement pas laissés <eos>,13,laissés,laissées,11,M,S,laissés,-8.242216,laissées,-11.25917,1
11094,P_NOUN_8_PASS_b,M,P,les jouets avec le légume que j' aime beaucoup ne sont probablement pas ouverts <eos>,13,ouverts,ouvertes,11,M,S,ouverts,-7.5008945,ouvertes,-11.366441,1
11095,P_NOUN_8_PASS_b,M,P,les jouets avec le légume que j' aime beaucoup ne sont probablement pas perdus <eos>,13,perdus,perdues,11,M,S,perdus,-7.3570046,perdues,-10.97505,1
11096,P_NOUN_8_PASS_b,M,P,les jouets avec le légume que j' aime beaucoup ne sont probablement pas réparés <eos>,13,réparés,réparées,11,M,S,réparés,-11.559991,réparées,-12.818233,1
11097,P_NOUN_8_PASS_b,M,P,les jouets avec le légume que j' aime beaucoup ne sont probablement pas retirés <eos>,13,retirés,retirées,11,M,S,retirés,-9.608206,retirées,-11.685209,1
11098,P_NOUN_8_PASS_b,M,P,les jouets avec le légume que j' aime beaucoup ne sont probablement pas tombés <eos>,13,tombés,tombées,11,M,S,tombés,-7.4497547,tombées,-11.138406,1
11099,P_NOUN_8_PASS_b,M,P,les jouets avec le légume que j' aime beaucoup ne sont probablement pas utilisés <eos>,13,utilisés,utilisées,11,M,S,utilisés,-5.7654133,utilisées,-9.228034,1
11100,P_NOUN_8_PASS_b,M,P,les clous avec le bracelet que j' aime beaucoup ne sont probablement pas achetés <eos>,13,achetés,achetées,11,M,S,achetés,-9.097349,achetées,-12.974748,1
11101,P_NOUN_8_PASS_b,M,P,les clous avec le bracelet que j' aime beaucoup ne sont probablement pas brisés <eos>,13,brisés,brisées,11,M,S,brisés,-9.878971,brisées,-10.979207,1
11102,P_NOUN_8_PASS_b,M,P,les clous avec le bracelet que j' aime beaucoup ne sont probablement pas cachés <eos>,13,cachés,cachées,11,M,S,cachés,-7.4950666,cachées,-11.252563,1
11103,P_NOUN_8_PASS_b,M,P,les clous avec le bracelet que j' aime beaucoup ne sont probablement pas cassés <eos>,13,cassés,cassées,11,M,S,cassés,-9.103121,cassées,-10.49137,1
11104,P_NOUN_8_PASS_b,M,P,les clous avec le bracelet que j' aime beaucoup ne sont probablement pas couverts <eos>,13,couverts,couvertes,11,M,S,couverts,-7.032091,couvertes,-11.133731,1
11105,P_NOUN_8_PASS_b,M,P,les clous avec le bracelet que j' aime beaucoup ne sont probablement pas déformés <eos>,13,déformés,déformées,11,M,S,déformés,-11.659737,déformées,-11.054658,0
11106,P_NOUN_8_PASS_b,M,P,les clous avec le bracelet que j' aime beaucoup ne sont probablement pas fixés <eos>,13,fixés,fixées,11,M,S,fixés,-7.438512,fixées,-10.155423,1
11107,P_NOUN_8_PASS_b,M,P,les clous avec le bracelet que j' aime beaucoup ne sont probablement pas jetés <eos>,13,jetés,jetées,11,M,S,jetés,-6.9834185,jetées,-10.909414,1
11108,P_NOUN_8_PASS_b,M,P,les clous avec le bracelet que j' aime beaucoup ne sont probablement pas laissés <eos>,13,laissés,laissées,11,M,S,laissés,-8.199099,laissées,-11.347203,1
11109,P_NOUN_8_PASS_b,M,P,les clous avec le bracelet que j' aime beaucoup ne sont probablement pas ouverts <eos>,13,ouverts,ouvertes,11,M,S,ouverts,-8.256883,ouvertes,-11.571462,1
11110,P_NOUN_8_PASS_b,M,P,les clous avec le bracelet que j' aime beaucoup ne sont probablement pas perdus <eos>,13,perdus,perdues,11,M,S,perdus,-6.5227666,perdues,-10.13423,1
11111,P_NOUN_8_PASS_b,M,P,les clous avec le bracelet que j' aime beaucoup ne sont probablement pas réparés <eos>,13,réparés,réparées,11,M,S,réparés,-10.576233,réparées,-11.948372,1
11112,P_NOUN_8_PASS_b,M,P,les clous avec le bracelet que j' aime beaucoup ne sont probablement pas retirés <eos>,13,retirés,retirées,11,M,S,retirés,-8.112843,retirées,-10.445147,1
11113,P_NOUN_8_PASS_b,M,P,les clous avec le bracelet que j' aime beaucoup ne sont probablement pas tombés <eos>,13,tombés,tombées,11,M,S,tombés,-6.021188,tombées,-10.394902,1
11114,P_NOUN_8_PASS_b,M,P,les clous avec le bracelet que j' aime beaucoup ne sont probablement pas utilisés <eos>,13,utilisés,utilisées,11,M,S,utilisés,-4.3577514,utilisées,-8.041973,1
11115,P_NOUN_8_PASS_b,M,P,les clous avec le miroir que j' aime beaucoup ne sont probablement pas achetés <eos>,13,achetés,achetées,11,M,S,achetés,-9.28502,achetées,-13.439165,1
11116,P_NOUN_8_PASS_b,M,P,les clous avec le miroir que j' aime beaucoup ne sont probablement pas brisés <eos>,13,brisés,brisées,11,M,S,brisés,-9.711195,brisées,-11.339833,1
11117,P_NOUN_8_PASS_b,M,P,les clous avec le miroir que j' aime beaucoup ne sont probablement pas cachés <eos>,13,cachés,cachées,11,M,S,cachés,-7.4896164,cachées,-10.806381,1
11118,P_NOUN_8_PASS_b,M,P,les clous avec le miroir que j' aime beaucoup ne sont probablement pas cassés <eos>,13,cassés,cassées,11,M,S,cassés,-8.945959,cassées,-10.444721,1
11119,P_NOUN_8_PASS_b,M,P,les clous avec le miroir que j' aime beaucoup ne sont probablement pas couverts <eos>,13,couverts,couvertes,11,M,S,couverts,-6.989649,couvertes,-10.69093,1
11120,P_NOUN_8_PASS_b,M,P,les clous avec le miroir que j' aime beaucoup ne sont probablement pas déformés <eos>,13,déformés,déformées,11,M,S,déformés,-10.968096,déformées,-10.25737,0
11121,P_NOUN_8_PASS_b,M,P,les clous avec le miroir que j' aime beaucoup ne sont probablement pas fixés <eos>,13,fixés,fixées,11,M,S,fixés,-8.132074,fixées,-10.576423,1
11122,P_NOUN_8_PASS_b,M,P,les clous avec le miroir que j' aime beaucoup ne sont probablement pas jetés <eos>,13,jetés,jetées,11,M,S,jetés,-7.778722,jetées,-11.373549,1
11123,P_NOUN_8_PASS_b,M,P,les clous avec le miroir que j' aime beaucoup ne sont probablement pas laissés <eos>,13,laissés,laissées,11,M,S,laissés,-7.957288,laissées,-11.133553,1
11124,P_NOUN_8_PASS_b,M,P,les clous avec le miroir que j' aime beaucoup ne sont probablement pas ouverts <eos>,13,ouverts,ouvertes,11,M,S,ouverts,-7.762873,ouvertes,-11.071623,1
11125,P_NOUN_8_PASS_b,M,P,les clous avec le miroir que j' aime beaucoup ne sont probablement pas perdus <eos>,13,perdus,perdues,11,M,S,perdus,-6.533608,perdues,-9.998163,1
11126,P_NOUN_8_PASS_b,M,P,les clous avec le miroir que j' aime beaucoup ne sont probablement pas réparés <eos>,13,réparés,réparées,11,M,S,réparés,-10.712597,réparées,-11.522459,1
11127,P_NOUN_8_PASS_b,M,P,les clous avec le miroir que j' aime beaucoup ne sont probablement pas retirés <eos>,13,retirés,retirées,11,M,S,retirés,-8.361654,retirées,-10.503543,1
11128,P_NOUN_8_PASS_b,M,P,les clous avec le miroir que j' aime beaucoup ne sont probablement pas tombés <eos>,13,tombés,tombées,11,M,S,tombés,-6.9215508,tombées,-10.431327,1
11129,P_NOUN_8_PASS_b,M,P,les clous avec le miroir que j' aime beaucoup ne sont probablement pas utilisés <eos>,13,utilisés,utilisées,11,M,S,utilisés,-4.6348295,utilisées,-8.116792,1
11130,P_NOUN_8_PASS_b,M,P,les clous avec le crayon que j' aime beaucoup ne sont probablement pas achetés <eos>,13,achetés,achetées,11,M,S,achetés,-8.628681,achetées,-12.805999,1
11131,P_NOUN_8_PASS_b,M,P,les clous avec le crayon que j' aime beaucoup ne sont probablement pas brisés <eos>,13,brisés,brisées,11,M,S,brisés,-10.208333,brisées,-11.494287,1
11132,P_NOUN_8_PASS_b,M,P,les clous avec le crayon que j' aime beaucoup ne sont probablement pas cachés <eos>,13,cachés,cachées,11,M,S,cachés,-7.326064,cachées,-11.157819,1
11133,P_NOUN_8_PASS_b,M,P,les clous avec le crayon que j' aime beaucoup ne sont probablement pas cassés <eos>,13,cassés,cassées,11,M,S,cassés,-8.819092,cassées,-10.415672,1
11134,P_NOUN_8_PASS_b,M,P,les clous avec le crayon que j' aime beaucoup ne sont probablement pas couverts <eos>,13,couverts,couvertes,11,M,S,couverts,-6.8494205,couvertes,-10.890836,1
11135,P_NOUN_8_PASS_b,M,P,les clous avec le crayon que j' aime beaucoup ne sont probablement pas déformés <eos>,13,déformés,déformées,11,M,S,déformés,-11.295604,déformées,-10.188664,0
11136,P_NOUN_8_PASS_b,M,P,les clous avec le crayon que j' aime beaucoup ne sont probablement pas fixés <eos>,13,fixés,fixées,11,M,S,fixés,-8.239603,fixées,-10.502606,1
11137,P_NOUN_8_PASS_b,M,P,les clous avec le crayon que j' aime beaucoup ne sont probablement pas jetés <eos>,13,jetés,jetées,11,M,S,jetés,-7.4743724,jetées,-11.097834,1
11138,P_NOUN_8_PASS_b,M,P,les clous avec le crayon que j' aime beaucoup ne sont probablement pas laissés <eos>,13,laissés,laissées,11,M,S,laissés,-7.7219863,laissées,-10.950319,1
11139,P_NOUN_8_PASS_b,M,P,les clous avec le crayon que j' aime beaucoup ne sont probablement pas ouverts <eos>,13,ouverts,ouvertes,11,M,S,ouverts,-8.313785,ouvertes,-11.599769,1
11140,P_NOUN_8_PASS_b,M,P,les clous avec le crayon que j' aime beaucoup ne sont probablement pas perdus <eos>,13,perdus,perdues,11,M,S,perdus,-6.7636695,perdues,-9.798159,1
11141,P_NOUN_8_PASS_b,M,P,les clous avec le crayon que j' aime beaucoup ne sont probablement pas réparés <eos>,13,réparés,réparées,11,M,S,réparés,-10.624065,réparées,-11.272606,1
11142,P_NOUN_8_PASS_b,M,P,les clous avec le crayon que j' aime beaucoup ne sont probablement pas retirés <eos>,13,retirés,retirées,11,M,S,retirés,-8.220155,retirées,-10.094318,1
11143,P_NOUN_8_PASS_b,M,P,les clous avec le crayon que j' aime beaucoup ne sont probablement pas tombés <eos>,13,tombés,tombées,11,M,S,tombés,-7.0930734,tombées,-10.309027,1
11144,P_NOUN_8_PASS_b,M,P,les clous avec le crayon que j' aime beaucoup ne sont probablement pas utilisés <eos>,13,utilisés,utilisées,11,M,S,utilisés,-4.359932,utilisées,-7.8279257,1
11145,P_NOUN_8_PASS_b,M,P,les clous avec le rideau que j' aime beaucoup ne sont probablement pas achetés <eos>,13,achetés,achetées,11,M,S,achetés,-9.582031,achetées,-13.618385,1
11146,P_NOUN_8_PASS_b,M,P,les clous avec le rideau que j' aime beaucoup ne sont probablement pas brisés <eos>,13,brisés,brisées,11,M,S,brisés,-9.8955345,brisées,-11.431989,1
11147,P_NOUN_8_PASS_b,M,P,les clous avec le rideau que j' aime beaucoup ne sont probablement pas cachés <eos>,13,cachés,cachées,11,M,S,cachés,-7.8326674,cachées,-10.795372,1
11148,P_NOUN_8_PASS_b,M,P,les clous avec le rideau que j' aime beaucoup ne sont probablement pas cassés <eos>,13,cassés,cassées,11,M,S,cassés,-9.231659,cassées,-10.342673,1
11149,P_NOUN_8_PASS_b,M,P,les clous avec le rideau que j' aime beaucoup ne sont probablement pas couverts <eos>,13,couverts,couvertes,11,M,S,couverts,-6.6624184,couvertes,-10.553562,1
11150,P_NOUN_8_PASS_b,M,P,les clous avec le rideau que j' aime beaucoup ne sont probablement pas déformés <eos>,13,déformés,déformées,11,M,S,déformés,-10.956945,déformées,-10.707205,0
11151,P_NOUN_8_PASS_b,M,P,les clous avec le rideau que j' aime beaucoup ne sont probablement pas fixés <eos>,13,fixés,fixées,11,M,S,fixés,-7.9594946,fixées,-10.313535,1
11152,P_NOUN_8_PASS_b,M,P,les clous avec le rideau que j' aime beaucoup ne sont probablement pas jetés <eos>,13,jetés,jetées,11,M,S,jetés,-7.6205206,jetées,-11.145813,1
11153,P_NOUN_8_PASS_b,M,P,les clous avec le rideau que j' aime beaucoup ne sont probablement pas laissés <eos>,13,laissés,laissées,11,M,S,laissés,-8.006792,laissées,-11.212998,1
11154,P_NOUN_8_PASS_b,M,P,les clous avec le rideau que j' aime beaucoup ne sont probablement pas ouverts <eos>,13,ouverts,ouvertes,11,M,S,ouverts,-7.7260036,ouvertes,-11.021,1
11155,P_NOUN_8_PASS_b,M,P,les clous avec le rideau que j' aime beaucoup ne sont probablement pas perdus <eos>,13,perdus,perdues,11,M,S,perdus,-6.996909,perdues,-10.531373,1
11156,P_NOUN_8_PASS_b,M,P,les clous avec le rideau que j' aime beaucoup ne sont probablement pas réparés <eos>,13,réparés,réparées,11,M,S,réparés,-10.291779,réparées,-11.402405,1
11157,P_NOUN_8_PASS_b,M,P,les clous avec le rideau que j' aime beaucoup ne sont probablement pas retirés <eos>,13,retirés,retirées,11,M,S,retirés,-8.658457,retirées,-10.597403,1
11158,P_NOUN_8_PASS_b,M,P,les clous avec le rideau que j' aime beaucoup ne sont probablement pas tombés <eos>,13,tombés,tombées,11,M,S,tombés,-6.824996,tombées,-10.358669,1
11159,P_NOUN_8_PASS_b,M,P,les clous avec le rideau que j' aime beaucoup ne sont probablement pas utilisés <eos>,13,utilisés,utilisées,11,M,S,utilisés,-4.723194,utilisées,-8.303272,1
11160,P_NOUN_8_PASS_b,M,P,les clous avec le cahier que j' aime beaucoup ne sont probablement pas achetés <eos>,13,achetés,achetées,11,M,S,achetés,-9.026777,achetées,-13.348761,1
11161,P_NOUN_8_PASS_b,M,P,les clous avec le cahier que j' aime beaucoup ne sont probablement pas brisés <eos>,13,brisés,brisées,11,M,S,brisés,-9.950446,brisées,-11.908899,1
11162,P_NOUN_8_PASS_b,M,P,les clous avec le cahier que j' aime beaucoup ne sont probablement pas cachés <eos>,13,cachés,cachées,11,M,S,cachés,-7.541195,cachées,-11.403701,1
11163,P_NOUN_8_PASS_b,M,P,les clous avec le cahier que j' aime beaucoup ne sont probablement pas cassés <eos>,13,cassés,cassées,11,M,S,cassés,-9.515038,cassées,-10.885033,1
11164,P_NOUN_8_PASS_b,M,P,les clous avec le cahier que j' aime beaucoup ne sont probablement pas couverts <eos>,13,couverts,couvertes,11,M,S,couverts,-6.5657997,couvertes,-11.134387,1
11165,P_NOUN_8_PASS_b,M,P,les clous avec le cahier que j' aime beaucoup ne sont probablement pas déformés <eos>,13,déformés,déformées,11,M,S,déformés,-10.842745,déformées,-10.944991,1
11166,P_NOUN_8_PASS_b,M,P,les clous avec le cahier que j' aime beaucoup ne sont probablement pas fixés <eos>,13,fixés,fixées,11,M,S,fixés,-8.053485,fixées,-10.595288,1
11167,P_NOUN_8_PASS_b,M,P,les clous avec le cahier que j' aime beaucoup ne sont probablement pas jetés <eos>,13,jetés,jetées,11,M,S,jetés,-7.6891437,jetées,-11.680365,1
11168,P_NOUN_8_PASS_b,M,P,les clous avec le cahier que j' aime beaucoup ne sont probablement pas laissés <eos>,13,laissés,laissées,11,M,S,laissés,-7.6765504,laissées,-11.727413,1
11169,P_NOUN_8_PASS_b,M,P,les clous avec le cahier que j' aime beaucoup ne sont probablement pas ouverts <eos>,13,ouverts,ouvertes,11,M,S,ouverts,-7.6676254,ouvertes,-11.375991,1
11170,P_NOUN_8_PASS_b,M,P,les clous avec le cahier que j' aime beaucoup ne sont probablement pas perdus <eos>,13,perdus,perdues,11,M,S,perdus,-6.392975,perdues,-10.002047,1
11171,P_NOUN_8_PASS_b,M,P,les clous avec le cahier que j' aime beaucoup ne sont probablement pas réparés <eos>,13,réparés,réparées,11,M,S,réparés,-10.582806,réparées,-11.616093,1
11172,P_NOUN_8_PASS_b,M,P,les clous avec le cahier que j' aime beaucoup ne sont probablement pas retirés <eos>,13,retirés,retirées,11,M,S,retirés,-7.9922466,retirées,-10.576469,1
11173,P_NOUN_8_PASS_b,M,P,les clous avec le cahier que j' aime beaucoup ne sont probablement pas tombés <eos>,13,tombés,tombées,11,M,S,tombés,-6.668104,tombées,-10.7170105,1
11174,P_NOUN_8_PASS_b,M,P,les clous avec le cahier que j' aime beaucoup ne sont probablement pas utilisés <eos>,13,utilisés,utilisées,11,M,S,utilisés,-4.634286,utilisées,-8.425972,1
11175,P_NOUN_8_PASS_b,M,P,les clous avec le micro que j' aime beaucoup ne sont probablement pas achetés <eos>,13,achetés,achetées,11,M,S,achetés,-9.262002,achetées,-13.251263,1
11176,P_NOUN_8_PASS_b,M,P,les clous avec le micro que j' aime beaucoup ne sont probablement pas brisés <eos>,13,brisés,brisées,11,M,S,brisés,-9.743292,brisées,-11.342377,1
11177,P_NOUN_8_PASS_b,M,P,les clous avec le micro que j' aime beaucoup ne sont probablement pas cachés <eos>,13,cachés,cachées,11,M,S,cachés,-7.504387,cachées,-10.971218,1
11178,P_NOUN_8_PASS_b,M,P,les clous avec le micro que j' aime beaucoup ne sont probablement pas cassés <eos>,13,cassés,cassées,11,M,S,cassés,-9.210406,cassées,-10.415727,1
11179,P_NOUN_8_PASS_b,M,P,les clous avec le micro que j' aime beaucoup ne sont probablement pas couverts <eos>,13,couverts,couvertes,11,M,S,couverts,-6.9403696,couvertes,-10.573819,1
11180,P_NOUN_8_PASS_b,M,P,les clous avec le micro que j' aime beaucoup ne sont probablement pas déformés <eos>,13,déformés,déformées,11,M,S,déformés,-11.307526,déformées,-10.962339,0
11181,P_NOUN_8_PASS_b,M,P,les clous avec le micro que j' aime beaucoup ne sont probablement pas fixés <eos>,13,fixés,fixées,11,M,S,fixés,-7.6743383,fixées,-10.6785145,1
11182,P_NOUN_8_PASS_b,M,P,les clous avec le micro que j' aime beaucoup ne sont probablement pas jetés <eos>,13,jetés,jetées,11,M,S,jetés,-7.630017,jetées,-11.134953,1
11183,P_NOUN_8_PASS_b,M,P,les clous avec le micro que j' aime beaucoup ne sont probablement pas laissés <eos>,13,laissés,laissées,11,M,S,laissés,-8.005062,laissées,-11.115586,1
11184,P_NOUN_8_PASS_b,M,P,les clous avec le micro que j' aime beaucoup ne sont probablement pas ouverts <eos>,13,ouverts,ouvertes,11,M,S,ouverts,-7.852439,ouvertes,-11.124868,1
11185,P_NOUN_8_PASS_b,M,P,les clous avec le micro que j' aime beaucoup ne sont probablement pas perdus <eos>,13,perdus,perdues,11,M,S,perdus,-6.8976736,perdues,-10.494026,1
11186,P_NOUN_8_PASS_b,M,P,les clous avec le micro que j' aime beaucoup ne sont probablement pas réparés <eos>,13,réparés,réparées,11,M,S,réparés,-10.399074,réparées,-11.487596,1
11187,P_NOUN_8_PASS_b,M,P,les clous avec le micro que j' aime beaucoup ne sont probablement pas retirés <eos>,13,retirés,retirées,11,M,S,retirés,-8.56986,retirées,-10.543107,1
11188,P_NOUN_8_PASS_b,M,P,les clous avec le micro que j' aime beaucoup ne sont probablement pas tombés <eos>,13,tombés,tombées,11,M,S,tombés,-7.1933217,tombées,-10.673161,1
11189,P_NOUN_8_PASS_b,M,P,les clous avec le micro que j' aime beaucoup ne sont probablement pas utilisés <eos>,13,utilisés,utilisées,11,M,S,utilisés,-4.621134,utilisées,-8.163005,1
11190,P_NOUN_8_PASS_b,M,P,les clous avec le sac que j' aime beaucoup ne sont probablement pas achetés <eos>,13,achetés,achetées,11,M,S,achetés,-9.2398615,achetées,-13.366413,1
11191,P_NOUN_8_PASS_b,M,P,les clous avec le sac que j' aime beaucoup ne sont probablement pas brisés <eos>,13,brisés,brisées,11,M,S,brisés,-9.74894,brisées,-11.387321,1
11192,P_NOUN_8_PASS_b,M,P,les clous avec le sac que j' aime beaucoup ne sont probablement pas cachés <eos>,13,cachés,cachées,11,M,S,cachés,-7.4108257,cachées,-11.022001,1
11193,P_NOUN_8_PASS_b,M,P,les clous avec le sac que j' aime beaucoup ne sont probablement pas cassés <eos>,13,cassés,cassées,11,M,S,cassés,-9.034523,cassées,-10.004749,1
11194,P_NOUN_8_PASS_b,M,P,les clous avec le sac que j' aime beaucoup ne sont probablement pas couverts <eos>,13,couverts,couvertes,11,M,S,couverts,-6.7340574,couvertes,-10.586663,1
11195,P_NOUN_8_PASS_b,M,P,les clous avec le sac que j' aime beaucoup ne sont probablement pas déformés <eos>,13,déformés,déformées,11,M,S,déformés,-11.265133,déformées,-10.821688,0
11196,P_NOUN_8_PASS_b,M,P,les clous avec le sac que j' aime beaucoup ne sont probablement pas fixés <eos>,13,fixés,fixées,11,M,S,fixés,-7.8897133,fixées,-10.479824,1
11197,P_NOUN_8_PASS_b,M,P,les clous avec le sac que j' aime beaucoup ne sont probablement pas jetés <eos>,13,jetés,jetées,11,M,S,jetés,-7.303525,jetées,-10.745677,1
11198,P_NOUN_8_PASS_b,M,P,les clous avec le sac que j' aime beaucoup ne sont probablement pas laissés <eos>,13,laissés,laissées,11,M,S,laissés,-7.801152,laissées,-11.148946,1
11199,P_NOUN_8_PASS_b,M,P,les clous avec le sac que j' aime beaucoup ne sont probablement pas ouverts <eos>,13,ouverts,ouvertes,11,M,S,ouverts,-7.9677534,ouvertes,-11.272204,1
11200,P_NOUN_8_PASS_b,M,P,les clous avec le sac que j' aime beaucoup ne sont probablement pas perdus <eos>,13,perdus,perdues,11,M,S,perdus,-6.829625,perdues,-10.194909,1
11201,P_NOUN_8_PASS_b,M,P,les clous avec le sac que j' aime beaucoup ne sont probablement pas réparés <eos>,13,réparés,réparées,11,M,S,réparés,-10.240168,réparées,-11.402475,1
11202,P_NOUN_8_PASS_b,M,P,les clous avec le sac que j' aime beaucoup ne sont probablement pas retirés <eos>,13,retirés,retirées,11,M,S,retirés,-8.288724,retirées,-10.490923,1
11203,P_NOUN_8_PASS_b,M,P,les clous avec le sac que j' aime beaucoup ne sont probablement pas tombés <eos>,13,tombés,tombées,11,M,S,tombés,-6.3861113,tombées,-10.37021,1
11204,P_NOUN_8_PASS_b,M,P,les clous avec le sac que j' aime beaucoup ne sont probablement pas utilisés <eos>,13,utilisés,utilisées,11,M,S,utilisés,-4.3343935,utilisées,-7.965848,1
11205,P_NOUN_8_PASS_b,M,P,les clous avec le clavier que j' aime beaucoup ne sont probablement pas achetés <eos>,13,achetés,achetées,11,M,S,achetés,-9.685845,achetées,-13.617465,1
11206,P_NOUN_8_PASS_b,M,P,les clous avec le clavier que j' aime beaucoup ne sont probablement pas brisés <eos>,13,brisés,brisées,11,M,S,brisés,-10.070407,brisées,-11.493894,1
11207,P_NOUN_8_PASS_b,M,P,les clous avec le clavier que j' aime beaucoup ne sont probablement pas cachés <eos>,13,cachés,cachées,11,M,S,cachés,-7.61752,cachées,-10.903608,1
11208,P_NOUN_8_PASS_b,M,P,les clous avec le clavier que j' aime beaucoup ne sont probablement pas cassés <eos>,13,cassés,cassées,11,M,S,cassés,-9.46026,cassées,-10.655565,1
11209,P_NOUN_8_PASS_b,M,P,les clous avec le clavier que j' aime beaucoup ne sont probablement pas couverts <eos>,13,couverts,couvertes,11,M,S,couverts,-7.275732,couvertes,-10.919636,1
11210,P_NOUN_8_PASS_b,M,P,les clous avec le clavier que j' aime beaucoup ne sont probablement pas déformés <eos>,13,déformés,déformées,11,M,S,déformés,-11.207324,déformées,-10.369752,0
11211,P_NOUN_8_PASS_b,M,P,les clous avec le clavier que j' aime beaucoup ne sont probablement pas fixés <eos>,13,fixés,fixées,11,M,S,fixés,-7.728503,fixées,-10.569652,1
11212,P_NOUN_8_PASS_b,M,P,les clous avec le clavier que j' aime beaucoup ne sont probablement pas jetés <eos>,13,jetés,jetées,11,M,S,jetés,-7.904034,jetées,-11.538401,1
11213,P_NOUN_8_PASS_b,M,P,les clous avec le clavier que j' aime beaucoup ne sont probablement pas laissés <eos>,13,laissés,laissées,11,M,S,laissés,-8.281178,laissées,-11.355503,1
11214,P_NOUN_8_PASS_b,M,P,les clous avec le clavier que j' aime beaucoup ne sont probablement pas ouverts <eos>,13,ouverts,ouvertes,11,M,S,ouverts,-8.027066,ouvertes,-11.29607,1
11215,P_NOUN_8_PASS_b,M,P,les clous avec le clavier que j' aime beaucoup ne sont probablement pas perdus <eos>,13,perdus,perdues,11,M,S,perdus,-7.044053,perdues,-10.462288,1
11216,P_NOUN_8_PASS_b,M,P,les clous avec le clavier que j' aime beaucoup ne sont probablement pas réparés <eos>,13,réparés,réparées,11,M,S,réparés,-10.943069,réparées,-11.951958,1
11217,P_NOUN_8_PASS_b,M,P,les clous avec le clavier que j' aime beaucoup ne sont probablement pas retirés <eos>,13,retirés,retirées,11,M,S,retirés,-8.792994,retirées,-10.750051,1
11218,P_NOUN_8_PASS_b,M,P,les clous avec le clavier que j' aime beaucoup ne sont probablement pas tombés <eos>,13,tombés,tombées,11,M,S,tombés,-7.3131323,tombées,-10.884589,1
11219,P_NOUN_8_PASS_b,M,P,les clous avec le clavier que j' aime beaucoup ne sont probablement pas utilisés <eos>,13,utilisés,utilisées,11,M,S,utilisés,-4.334075,utilisées,-7.9621162,1
11220,P_NOUN_8_PASS_b,M,P,les clous avec le raisin que j' aime beaucoup ne sont probablement pas achetés <eos>,13,achetés,achetées,11,M,S,achetés,-8.517011,achetées,-12.64976,1
11221,P_NOUN_8_PASS_b,M,P,les clous avec le raisin que j' aime beaucoup ne sont probablement pas brisés <eos>,13,brisés,brisées,11,M,S,brisés,-10.498186,brisées,-11.773271,1
11222,P_NOUN_8_PASS_b,M,P,les clous avec le raisin que j' aime beaucoup ne sont probablement pas cachés <eos>,13,cachés,cachées,11,M,S,cachés,-7.980051,cachées,-11.248377,1
11223,P_NOUN_8_PASS_b,M,P,les clous avec le raisin que j' aime beaucoup ne sont probablement pas cassés <eos>,13,cassés,cassées,11,M,S,cassés,-8.417238,cassées,-10.639658,1
11224,P_NOUN_8_PASS_b,M,P,les clous avec le raisin que j' aime beaucoup ne sont probablement pas couverts <eos>,13,couverts,couvertes,11,M,S,couverts,-6.364289,couvertes,-10.643517,1
11225,P_NOUN_8_PASS_b,M,P,les clous avec le raisin que j' aime beaucoup ne sont probablement pas déformés <eos>,13,déformés,déformées,11,M,S,déformés,-12.126857,déformées,-11.189764,0
11226,P_NOUN_8_PASS_b,M,P,les clous avec le raisin que j' aime beaucoup ne sont probablement pas fixés <eos>,13,fixés,fixées,11,M,S,fixés,-7.723798,fixées,-10.6755085,1
11227,P_NOUN_8_PASS_b,M,P,les clous avec le raisin que j' aime beaucoup ne sont probablement pas jetés <eos>,13,jetés,jetées,11,M,S,jetés,-8.355703,jetées,-12.2544365,1
11228,P_NOUN_8_PASS_b,M,P,les clous avec le raisin que j' aime beaucoup ne sont probablement pas laissés <eos>,13,laissés,laissées,11,M,S,laissés,-7.8622375,laissées,-10.916586,1
11229,P_NOUN_8_PASS_b,M,P,les clous avec le raisin que j' aime beaucoup ne sont probablement pas ouverts <eos>,13,ouverts,ouvertes,11,M,S,ouverts,-8.504956,ouvertes,-11.301902,1
11230,P_NOUN_8_PASS_b,M,P,les clous avec le raisin que j' aime beaucoup ne sont probablement pas perdus <eos>,13,perdus,perdues,11,M,S,perdus,-7.356984,perdues,-10.461694,1
11231,P_NOUN_8_PASS_b,M,P,les clous avec le raisin que j' aime beaucoup ne sont probablement pas réparés <eos>,13,réparés,réparées,11,M,S,réparés,-10.919258,réparées,-12.005156,1
11232,P_NOUN_8_PASS_b,M,P,les clous avec le raisin que j' aime beaucoup ne sont probablement pas retirés <eos>,13,retirés,retirées,11,M,S,retirés,-8.3585205,retirées,-10.359516,1
11233,P_NOUN_8_PASS_b,M,P,les clous avec le raisin que j' aime beaucoup ne sont probablement pas tombés <eos>,13,tombés,tombées,11,M,S,tombés,-6.762629,tombées,-10.138505,1
11234,P_NOUN_8_PASS_b,M,P,les clous avec le raisin que j' aime beaucoup ne sont probablement pas utilisés <eos>,13,utilisés,utilisées,11,M,S,utilisés,-4.2548532,utilisées,-7.7393637,1
11235,P_NOUN_8_PASS_b,M,P,les clous avec le chargeur que j' aime beaucoup ne sont probablement pas achetés <eos>,13,achetés,achetées,11,M,S,achetés,-8.838223,achetées,-12.910561,1
11236,P_NOUN_8_PASS_b,M,P,les clous avec le chargeur que j' aime beaucoup ne sont probablement pas brisés <eos>,13,brisés,brisées,11,M,S,brisés,-10.564268,brisées,-11.715789,1
11237,P_NOUN_8_PASS_b,M,P,les clous avec le chargeur que j' aime beaucoup ne sont probablement pas cachés <eos>,13,cachés,cachées,11,M,S,cachés,-7.0536656,cachées,-11.307739,1
11238,P_NOUN_8_PASS_b,M,P,les clous avec le chargeur que j' aime beaucoup ne sont probablement pas cassés <eos>,13,cassés,cassées,11,M,S,cassés,-9.322048,cassées,-10.726299,1
11239,P_NOUN_8_PASS_b,M,P,les clous avec le chargeur que j' aime beaucoup ne sont probablement pas couverts <eos>,13,couverts,couvertes,11,M,S,couverts,-7.321279,couvertes,-10.738676,1
11240,P_NOUN_8_PASS_b,M,P,les clous avec le chargeur que j' aime beaucoup ne sont probablement pas déformés <eos>,13,déformés,déformées,11,M,S,déformés,-12.106344,déformées,-10.978876,0
11241,P_NOUN_8_PASS_b,M,P,les clous avec le chargeur que j' aime beaucoup ne sont probablement pas fixés <eos>,13,fixés,fixées,11,M,S,fixés,-8.004968,fixées,-10.327452,1
11242,P_NOUN_8_PASS_b,M,P,les clous avec le chargeur que j' aime beaucoup ne sont probablement pas jetés <eos>,13,jetés,jetées,11,M,S,jetés,-7.799407,jetées,-11.295775,1
11243,P_NOUN_8_PASS_b,M,P,les clous avec le chargeur que j' aime beaucoup ne sont probablement pas laissés <eos>,13,laissés,laissées,11,M,S,laissés,-7.9064436,laissées,-11.213677,1
11244,P_NOUN_8_PASS_b,M,P,les clous avec le chargeur que j' aime beaucoup ne sont probablement pas ouverts <eos>,13,ouverts,ouvertes,11,M,S,ouverts,-8.114164,ouvertes,-11.222528,1
11245,P_NOUN_8_PASS_b,M,P,les clous avec le chargeur que j' aime beaucoup ne sont probablement pas perdus <eos>,13,perdus,perdues,11,M,S,perdus,-6.867739,perdues,-9.945585,1
11246,P_NOUN_8_PASS_b,M,P,les clous avec le chargeur que j' aime beaucoup ne sont probablement pas réparés <eos>,13,réparés,réparées,11,M,S,réparés,-10.208879,réparées,-11.366806,1
11247,P_NOUN_8_PASS_b,M,P,les clous avec le chargeur que j' aime beaucoup ne sont probablement pas retirés <eos>,13,retirés,retirées,11,M,S,retirés,-7.5408773,retirées,-10.289698,1
11248,P_NOUN_8_PASS_b,M,P,les clous avec le chargeur que j' aime beaucoup ne sont probablement pas tombés <eos>,13,tombés,tombées,11,M,S,tombés,-6.660368,tombées,-10.603521,1
11249,P_NOUN_8_PASS_b,M,P,les clous avec le chargeur que j' aime beaucoup ne sont probablement pas utilisés <eos>,13,utilisés,utilisées,11,M,S,utilisés,-3.8903,utilisées,-7.544442,1
11250,P_NOUN_8_PASS_b,M,P,les clous avec le vase que j' aime beaucoup ne sont probablement pas achetés <eos>,13,achetés,achetées,11,M,S,achetés,-8.963173,achetées,-13.163399,1
11251,P_NOUN_8_PASS_b,M,P,les clous avec le vase que j' aime beaucoup ne sont probablement pas brisés <eos>,13,brisés,brisées,11,M,S,brisés,-9.96171,brisées,-11.4806185,1
11252,P_NOUN_8_PASS_b,M,P,les clous avec le vase que j' aime beaucoup ne sont probablement pas cachés <eos>,13,cachés,cachées,11,M,S,cachés,-7.5142565,cachées,-10.898153,1
11253,P_NOUN_8_PASS_b,M,P,les clous avec le vase que j' aime beaucoup ne sont probablement pas cassés <eos>,13,cassés,cassées,11,M,S,cassés,-8.885841,cassées,-10.554336,1
11254,P_NOUN_8_PASS_b,M,P,les clous avec le vase que j' aime beaucoup ne sont probablement pas couverts <eos>,13,couverts,couvertes,11,M,S,couverts,-6.67456,couvertes,-10.56415,1
11255,P_NOUN_8_PASS_b,M,P,les clous avec le vase que j' aime beaucoup ne sont probablement pas déformés <eos>,13,déformés,déformées,11,M,S,déformés,-11.098012,déformées,-10.78323,0
11256,P_NOUN_8_PASS_b,M,P,les clous avec le vase que j' aime beaucoup ne sont probablement pas fixés <eos>,13,fixés,fixées,11,M,S,fixés,-7.9865866,fixées,-10.820905,1
11257,P_NOUN_8_PASS_b,M,P,les clous avec le vase que j' aime beaucoup ne sont probablement pas jetés <eos>,13,jetés,jetées,11,M,S,jetés,-7.4934955,jetées,-11.028147,1
11258,P_NOUN_8_PASS_b,M,P,les clous avec le vase que j' aime beaucoup ne sont probablement pas laissés <eos>,13,laissés,laissées,11,M,S,laissés,-7.6167192,laissées,-11.022655,1
11259,P_NOUN_8_PASS_b,M,P,les clous avec le vase que j' aime beaucoup ne sont probablement pas ouverts <eos>,13,ouverts,ouvertes,11,M,S,ouverts,-7.593967,ouvertes,-11.040653,1
11260,P_NOUN_8_PASS_b,M,P,les clous avec le vase que j' aime beaucoup ne sont probablement pas perdus <eos>,13,perdus,perdues,11,M,S,perdus,-6.5543118,perdues,-10.161411,1
11261,P_NOUN_8_PASS_b,M,P,les clous avec le vase que j' aime beaucoup ne sont probablement pas réparés <eos>,13,réparés,réparées,11,M,S,réparés,-9.880515,réparées,-11.225904,1
11262,P_NOUN_8_PASS_b,M,P,les clous avec le vase que j' aime beaucoup ne sont probablement pas retirés <eos>,13,retirés,retirées,11,M,S,retirés,-8.378988,retirées,-10.438833,1
11263,P_NOUN_8_PASS_b,M,P,les clous avec le vase que j' aime beaucoup ne sont probablement pas tombés <eos>,13,tombés,tombées,11,M,S,tombés,-6.614124,tombées,-10.095997,1
11264,P_NOUN_8_PASS_b,M,P,les clous avec le vase que j' aime beaucoup ne sont probablement pas utilisés <eos>,13,utilisés,utilisées,11,M,S,utilisés,-4.896836,utilisées,-8.372204,1
11265,P_NOUN_8_PASS_b,M,P,les clous avec le panier que j' aime beaucoup ne sont probablement pas achetés <eos>,13,achetés,achetées,11,M,S,achetés,-8.845555,achetées,-12.792031,1
11266,P_NOUN_8_PASS_b,M,P,les clous avec le panier que j' aime beaucoup ne sont probablement pas brisés <eos>,13,brisés,brisées,11,M,S,brisés,-9.894951,brisées,-11.3724985,1
11267,P_NOUN_8_PASS_b,M,P,les clous avec le panier que j' aime beaucoup ne sont probablement pas cachés <eos>,13,cachés,cachées,11,M,S,cachés,-7.642129,cachées,-11.386442,1
11268,P_NOUN_8_PASS_b,M,P,les clous avec le panier que j' aime beaucoup ne sont probablement pas cassés <eos>,13,cassés,cassées,11,M,S,cassés,-9.103021,cassées,-10.4823265,1
11269,P_NOUN_8_PASS_b,M,P,les clous avec le panier que j' aime beaucoup ne sont probablement pas couverts <eos>,13,couverts,couvertes,11,M,S,couverts,-6.671001,couvertes,-10.73222,1
11270,P_NOUN_8_PASS_b,M,P,les clous avec le panier que j' aime beaucoup ne sont probablement pas déformés <eos>,13,déformés,déformées,11,M,S,déformés,-11.621472,déformées,-11.074048,0
11271,P_NOUN_8_PASS_b,M,P,les clous avec le panier que j' aime beaucoup ne sont probablement pas fixés <eos>,13,fixés,fixées,11,M,S,fixés,-7.6442943,fixées,-10.6256695,1
11272,P_NOUN_8_PASS_b,M,P,les clous avec le panier que j' aime beaucoup ne sont probablement pas jetés <eos>,13,jetés,jetées,11,M,S,jetés,-7.4737835,jetées,-11.156709,1
11273,P_NOUN_8_PASS_b,M,P,les clous avec le panier que j' aime beaucoup ne sont probablement pas laissés <eos>,13,laissés,laissées,11,M,S,laissés,-7.8085613,laissées,-11.088299,1
11274,P_NOUN_8_PASS_b,M,P,les clous avec le panier que j' aime beaucoup ne sont probablement pas ouverts <eos>,13,ouverts,ouvertes,11,M,S,ouverts,-7.8274364,ouvertes,-11.350303,1
11275,P_NOUN_8_PASS_b,M,P,les clous avec le panier que j' aime beaucoup ne sont probablement pas perdus <eos>,13,perdus,perdues,11,M,S,perdus,-6.636528,perdues,-10.119867,1
11276,P_NOUN_8_PASS_b,M,P,les clous avec le panier que j' aime beaucoup ne sont probablement pas réparés <eos>,13,réparés,réparées,11,M,S,réparés,-10.208172,réparées,-11.37034,1
11277,P_NOUN_8_PASS_b,M,P,les clous avec le panier que j' aime beaucoup ne sont probablement pas retirés <eos>,13,retirés,retirées,11,M,S,retirés,-8.204516,retirées,-10.435762,1
11278,P_NOUN_8_PASS_b,M,P,les clous avec le panier que j' aime beaucoup ne sont probablement pas tombés <eos>,13,tombés,tombées,11,M,S,tombés,-6.8604383,tombées,-10.633543,1
11279,P_NOUN_8_PASS_b,M,P,les clous avec le panier que j' aime beaucoup ne sont probablement pas utilisés <eos>,13,utilisés,utilisées,11,M,S,utilisés,-4.4731164,utilisées,-8.132866,1
11280,P_NOUN_8_PASS_b,M,P,les clous avec le collier que j' aime beaucoup ne sont probablement pas achetés <eos>,13,achetés,achetées,11,M,S,achetés,-9.304787,achetées,-13.366632,1
11281,P_NOUN_8_PASS_b,M,P,les clous avec le collier que j' aime beaucoup ne sont probablement pas brisés <eos>,13,brisés,brisées,11,M,S,brisés,-9.851137,brisées,-11.359503,1
11282,P_NOUN_8_PASS_b,M,P,les clous avec le collier que j' aime beaucoup ne sont probablement pas cachés <eos>,13,cachés,cachées,11,M,S,cachés,-7.5491195,cachées,-11.040714,1
11283,P_NOUN_8_PASS_b,M,P,les clous avec le collier que j' aime beaucoup ne sont probablement pas cassés <eos>,13,cassés,cassées,11,M,S,cassés,-9.251744,cassées,-10.35069,1
11284,P_NOUN_8_PASS_b,M,P,les clous avec le collier que j' aime beaucoup ne sont probablement pas couverts <eos>,13,couverts,couvertes,11,M,S,couverts,-6.9585586,couvertes,-11.050209,1
11285,P_NOUN_8_PASS_b,M,P,les clous avec le collier que j' aime beaucoup ne sont probablement pas déformés <eos>,13,déformés,déformées,11,M,S,déformés,-11.222694,déformées,-10.924625,0
11286,P_NOUN_8_PASS_b,M,P,les clous avec le collier que j' aime beaucoup ne sont probablement pas fixés <eos>,13,fixés,fixées,11,M,S,fixés,-7.9707375,fixées,-10.54416,1
11287,P_NOUN_8_PASS_b,M,P,les clous avec le collier que j' aime beaucoup ne sont probablement pas jetés <eos>,13,jetés,jetées,11,M,S,jetés,-7.3130646,jetées,-11.027956,1
11288,P_NOUN_8_PASS_b,M,P,les clous avec le collier que j' aime beaucoup ne sont probablement pas laissés <eos>,13,laissés,laissées,11,M,S,laissés,-7.960534,laissées,-11.370741,1
11289,P_NOUN_8_PASS_b,M,P,les clous avec le collier que j' aime beaucoup ne sont probablement pas ouverts <eos>,13,ouverts,ouvertes,11,M,S,ouverts,-8.135,ouvertes,-11.584429,1
11290,P_NOUN_8_PASS_b,M,P,les clous avec le collier que j' aime beaucoup ne sont probablement pas perdus <eos>,13,perdus,perdues,11,M,S,perdus,-6.8066487,perdues,-10.246229,1
11291,P_NOUN_8_PASS_b,M,P,les clous avec le collier que j' aime beaucoup ne sont probablement pas réparés <eos>,13,réparés,réparées,11,M,S,réparés,-10.465702,réparées,-11.819552,1
11292,P_NOUN_8_PASS_b,M,P,les clous avec le collier que j' aime beaucoup ne sont probablement pas retirés <eos>,13,retirés,retirées,11,M,S,retirés,-8.324137,retirées,-10.728276,1
11293,P_NOUN_8_PASS_b,M,P,les clous avec le collier que j' aime beaucoup ne sont probablement pas tombés <eos>,13,tombés,tombées,11,M,S,tombés,-6.395135,tombées,-10.57226,1
11294,P_NOUN_8_PASS_b,M,P,les clous avec le collier que j' aime beaucoup ne sont probablement pas utilisés <eos>,13,utilisés,utilisées,11,M,S,utilisés,-4.548896,utilisées,-8.333222,1
11295,P_NOUN_8_PASS_b,M,P,les clous avec le chapeau que j' aime beaucoup ne sont probablement pas achetés <eos>,13,achetés,achetées,11,M,S,achetés,-9.171031,achetées,-13.212245,1
11296,P_NOUN_8_PASS_b,M,P,les clous avec le chapeau que j' aime beaucoup ne sont probablement pas brisés <eos>,13,brisés,brisées,11,M,S,brisés,-9.926542,brisées,-11.441499,1
11297,P_NOUN_8_PASS_b,M,P,les clous avec le chapeau que j' aime beaucoup ne sont probablement pas cachés <eos>,13,cachés,cachées,11,M,S,cachés,-7.3561535,cachées,-10.715724,1
11298,P_NOUN_8_PASS_b,M,P,les clous avec le chapeau que j' aime beaucoup ne sont probablement pas cassés <eos>,13,cassés,cassées,11,M,S,cassés,-9.105843,cassées,-10.2178135,1
11299,P_NOUN_8_PASS_b,M,P,les clous avec le chapeau que j' aime beaucoup ne sont probablement pas couverts <eos>,13,couverts,couvertes,11,M,S,couverts,-6.809353,couvertes,-10.646261,1
11300,P_NOUN_8_PASS_b,M,P,les clous avec le chapeau que j' aime beaucoup ne sont probablement pas déformés <eos>,13,déformés,déformées,11,M,S,déformés,-11.189464,déformées,-10.797907,0
11301,P_NOUN_8_PASS_b,M,P,les clous avec le chapeau que j' aime beaucoup ne sont probablement pas fixés <eos>,13,fixés,fixées,11,M,S,fixés,-8.247936,fixées,-10.84425,1
11302,P_NOUN_8_PASS_b,M,P,les clous avec le chapeau que j' aime beaucoup ne sont probablement pas jetés <eos>,13,jetés,jetées,11,M,S,jetés,-7.4267316,jetées,-10.990303,1
11303,P_NOUN_8_PASS_b,M,P,les clous avec le chapeau que j' aime beaucoup ne sont probablement pas laissés <eos>,13,laissés,laissées,11,M,S,laissés,-7.802396,laissées,-11.214747,1
11304,P_NOUN_8_PASS_b,M,P,les clous avec le chapeau que j' aime beaucoup ne sont probablement pas ouverts <eos>,13,ouverts,ouvertes,11,M,S,ouverts,-7.8232193,ouvertes,-11.128221,1
11305,P_NOUN_8_PASS_b,M,P,les clous avec le chapeau que j' aime beaucoup ne sont probablement pas perdus <eos>,13,perdus,perdues,11,M,S,perdus,-6.7609396,perdues,-10.158148,1
11306,P_NOUN_8_PASS_b,M,P,les clous avec le chapeau que j' aime beaucoup ne sont probablement pas réparés <eos>,13,réparés,réparées,11,M,S,réparés,-10.453487,réparées,-11.604397,1
11307,P_NOUN_8_PASS_b,M,P,les clous avec le chapeau que j' aime beaucoup ne sont probablement pas retirés <eos>,13,retirés,retirées,11,M,S,retirés,-8.32596,retirées,-10.533981,1
11308,P_NOUN_8_PASS_b,M,P,les clous avec le chapeau que j' aime beaucoup ne sont probablement pas tombés <eos>,13,tombés,tombées,11,M,S,tombés,-6.524896,tombées,-10.237104,1
11309,P_NOUN_8_PASS_b,M,P,les clous avec le chapeau que j' aime beaucoup ne sont probablement pas utilisés <eos>,13,utilisés,utilisées,11,M,S,utilisés,-4.7557297,utilisées,-8.229279,1
11310,P_NOUN_8_PASS_b,M,P,les clous avec le pot que j' aime beaucoup ne sont probablement pas achetés <eos>,13,achetés,achetées,11,M,S,achetés,-9.076246,achetées,-13.159256,1
11311,P_NOUN_8_PASS_b,M,P,les clous avec le pot que j' aime beaucoup ne sont probablement pas brisés <eos>,13,brisés,brisées,11,M,S,brisés,-9.961354,brisées,-11.527475,1
11312,P_NOUN_8_PASS_b,M,P,les clous avec le pot que j' aime beaucoup ne sont probablement pas cachés <eos>,13,cachés,cachées,11,M,S,cachés,-7.5458293,cachées,-11.12561,1
11313,P_NOUN_8_PASS_b,M,P,les clous avec le pot que j' aime beaucoup ne sont probablement pas cassés <eos>,13,cassés,cassées,11,M,S,cassés,-8.991225,cassées,-10.436479,1
11314,P_NOUN_8_PASS_b,M,P,les clous avec le pot que j' aime beaucoup ne sont probablement pas couverts <eos>,13,couverts,couvertes,11,M,S,couverts,-6.617199,couvertes,-10.572867,1
11315,P_NOUN_8_PASS_b,M,P,les clous avec le pot que j' aime beaucoup ne sont probablement pas déformés <eos>,13,déformés,déformées,11,M,S,déformés,-11.329409,déformées,-11.059696,0
11316,P_NOUN_8_PASS_b,M,P,les clous avec le pot que j' aime beaucoup ne sont probablement pas fixés <eos>,13,fixés,fixées,11,M,S,fixés,-7.8408813,fixées,-10.664933,1
11317,P_NOUN_8_PASS_b,M,P,les clous avec le pot que j' aime beaucoup ne sont probablement pas jetés <eos>,13,jetés,jetées,11,M,S,jetés,-7.607188,jetées,-11.14388,1
11318,P_NOUN_8_PASS_b,M,P,les clous avec le pot que j' aime beaucoup ne sont probablement pas laissés <eos>,13,laissés,laissées,11,M,S,laissés,-7.755476,laissées,-10.976041,1
11319,P_NOUN_8_PASS_b,M,P,les clous avec le pot que j' aime beaucoup ne sont probablement pas ouverts <eos>,13,ouverts,ouvertes,11,M,S,ouverts,-8.000092,ouvertes,-11.376776,1
11320,P_NOUN_8_PASS_b,M,P,les clous avec le pot que j' aime beaucoup ne sont probablement pas perdus <eos>,13,perdus,perdues,11,M,S,perdus,-6.788652,perdues,-10.294163,1
11321,P_NOUN_8_PASS_b,M,P,les clous avec le pot que j' aime beaucoup ne sont probablement pas réparés <eos>,13,réparés,réparées,11,M,S,réparés,-9.976564,réparées,-11.281292,1
11322,P_NOUN_8_PASS_b,M,P,les clous avec le pot que j' aime beaucoup ne sont probablement pas retirés <eos>,13,retirés,retirées,11,M,S,retirés,-8.356187,retirées,-10.41257,1
11323,P_NOUN_8_PASS_b,M,P,les clous avec le pot que j' aime beaucoup ne sont probablement pas tombés <eos>,13,tombés,tombées,11,M,S,tombés,-6.6082544,tombées,-10.257589,1
11324,P_NOUN_8_PASS_b,M,P,les clous avec le pot que j' aime beaucoup ne sont probablement pas utilisés <eos>,13,utilisés,utilisées,11,M,S,utilisés,-4.52584,utilisées,-8.190864,1
11325,P_NOUN_8_PASS_b,M,P,les clous avec le coussin que j' aime beaucoup ne sont probablement pas achetés <eos>,13,achetés,achetées,11,M,S,achetés,-9.488861,achetées,-13.390512,1
11326,P_NOUN_8_PASS_b,M,P,les clous avec le coussin que j' aime beaucoup ne sont probablement pas brisés <eos>,13,brisés,brisées,11,M,S,brisés,-9.733593,brisées,-11.290525,1
11327,P_NOUN_8_PASS_b,M,P,les clous avec le coussin que j' aime beaucoup ne sont probablement pas cachés <eos>,13,cachés,cachées,11,M,S,cachés,-7.5248294,cachées,-11.061747,1
11328,P_NOUN_8_PASS_b,M,P,les clous avec le coussin que j' aime beaucoup ne sont probablement pas cassés <eos>,13,cassés,cassées,11,M,S,cassés,-9.177045,cassées,-10.1362295,1
11329,P_NOUN_8_PASS_b,M,P,les clous avec le coussin que j' aime beaucoup ne sont probablement pas couverts <eos>,13,couverts,couvertes,11,M,S,couverts,-7.035651,couvertes,-10.535604,1
11330,P_NOUN_8_PASS_b,M,P,les clous avec le coussin que j' aime beaucoup ne sont probablement pas déformés <eos>,13,déformés,déformées,11,M,S,déformés,-11.342629,déformées,-10.812849,0
11331,P_NOUN_8_PASS_b,M,P,les clous avec le coussin que j' aime beaucoup ne sont probablement pas fixés <eos>,13,fixés,fixées,11,M,S,fixés,-7.773117,fixées,-10.308042,1
11332,P_NOUN_8_PASS_b,M,P,les clous avec le coussin que j' aime beaucoup ne sont probablement pas jetés <eos>,13,jetés,jetées,11,M,S,jetés,-7.711808,jetées,-11.072064,1
11333,P_NOUN_8_PASS_b,M,P,les clous avec le coussin que j' aime beaucoup ne sont probablement pas laissés <eos>,13,laissés,laissées,11,M,S,laissés,-8.052617,laissées,-11.171838,1
11334,P_NOUN_8_PASS_b,M,P,les clous avec le coussin que j' aime beaucoup ne sont probablement pas ouverts <eos>,13,ouverts,ouvertes,11,M,S,ouverts,-8.073392,ouvertes,-11.308778,1
11335,P_NOUN_8_PASS_b,M,P,les clous avec le coussin que j' aime beaucoup ne sont probablement pas perdus <eos>,13,perdus,perdues,11,M,S,perdus,-6.997052,perdues,-10.398956,1
11336,P_NOUN_8_PASS_b,M,P,les clous avec le coussin que j' aime beaucoup ne sont probablement pas réparés <eos>,13,réparés,réparées,11,M,S,réparés,-10.53028,réparées,-11.722161,1
11337,P_NOUN_8_PASS_b,M,P,les clous avec le coussin que j' aime beaucoup ne sont probablement pas retirés <eos>,13,retirés,retirées,11,M,S,retirés,-8.260147,retirées,-10.494349,1
11338,P_NOUN_8_PASS_b,M,P,les clous avec le coussin que j' aime beaucoup ne sont probablement pas tombés <eos>,13,tombés,tombées,11,M,S,tombés,-6.65087,tombées,-10.487429,1
11339,P_NOUN_8_PASS_b,M,P,les clous avec le coussin que j' aime beaucoup ne sont probablement pas utilisés <eos>,13,utilisés,utilisées,11,M,S,utilisés,-4.367708,utilisées,-7.984789,1
11340,P_NOUN_8_PASS_b,M,P,les clous avec le jouet que j' aime beaucoup ne sont probablement pas achetés <eos>,13,achetés,achetées,11,M,S,achetés,-9.182431,achetées,-13.527932,1
11341,P_NOUN_8_PASS_b,M,P,les clous avec le jouet que j' aime beaucoup ne sont probablement pas brisés <eos>,13,brisés,brisées,11,M,S,brisés,-9.821909,brisées,-11.340846,1
11342,P_NOUN_8_PASS_b,M,P,les clous avec le jouet que j' aime beaucoup ne sont probablement pas cachés <eos>,13,cachés,cachées,11,M,S,cachés,-7.6310964,cachées,-10.99448,1
11343,P_NOUN_8_PASS_b,M,P,les clous avec le jouet que j' aime beaucoup ne sont probablement pas cassés <eos>,13,cassés,cassées,11,M,S,cassés,-9.1281805,cassées,-10.270721,1
11344,P_NOUN_8_PASS_b,M,P,les clous avec le jouet que j' aime beaucoup ne sont probablement pas couverts <eos>,13,couverts,couvertes,11,M,S,couverts,-7.0010233,couvertes,-10.834537,1
11345,P_NOUN_8_PASS_b,M,P,les clous avec le jouet que j' aime beaucoup ne sont probablement pas déformés <eos>,13,déformés,déformées,11,M,S,déformés,-11.107443,déformées,-10.774047,0
11346,P_NOUN_8_PASS_b,M,P,les clous avec le jouet que j' aime beaucoup ne sont probablement pas fixés <eos>,13,fixés,fixées,11,M,S,fixés,-7.9352846,fixées,-10.477266,1
11347,P_NOUN_8_PASS_b,M,P,les clous avec le jouet que j' aime beaucoup ne sont probablement pas jetés <eos>,13,jetés,jetées,11,M,S,jetés,-7.572016,jetées,-11.144667,1
11348,P_NOUN_8_PASS_b,M,P,les clous avec le jouet que j' aime beaucoup ne sont probablement pas laissés <eos>,13,laissés,laissées,11,M,S,laissés,-8.1775875,laissées,-11.295325,1
11349,P_NOUN_8_PASS_b,M,P,les clous avec le jouet que j' aime beaucoup ne sont probablement pas ouverts <eos>,13,ouverts,ouvertes,11,M,S,ouverts,-7.9691515,ouvertes,-11.327476,1
11350,P_NOUN_8_PASS_b,M,P,les clous avec le jouet que j' aime beaucoup ne sont probablement pas perdus <eos>,13,perdus,perdues,11,M,S,perdus,-6.9813485,perdues,-10.446972,1
11351,P_NOUN_8_PASS_b,M,P,les clous avec le jouet que j' aime beaucoup ne sont probablement pas réparés <eos>,13,réparés,réparées,11,M,S,réparés,-10.831831,réparées,-11.867537,1
11352,P_NOUN_8_PASS_b,M,P,les clous avec le jouet que j' aime beaucoup ne sont probablement pas retirés <eos>,13,retirés,retirées,11,M,S,retirés,-8.541832,retirées,-10.639521,1
11353,P_NOUN_8_PASS_b,M,P,les clous avec le jouet que j' aime beaucoup ne sont probablement pas tombés <eos>,13,tombés,tombées,11,M,S,tombés,-6.997258,tombées,-10.614044,1
11354,P_NOUN_8_PASS_b,M,P,les clous avec le jouet que j' aime beaucoup ne sont probablement pas utilisés <eos>,13,utilisés,utilisées,11,M,S,utilisés,-4.6170425,utilisées,-8.15907,1
11355,P_NOUN_8_PASS_b,M,P,les clous avec le clou que j' aime beaucoup ne sont probablement pas achetés <eos>,13,achetés,achetées,11,M,S,achetés,-9.255194,achetées,-13.206524,1
11356,P_NOUN_8_PASS_b,M,P,les clous avec le clou que j' aime beaucoup ne sont probablement pas brisés <eos>,13,brisés,brisées,11,M,S,brisés,-9.752933,brisées,-11.350189,1
11357,P_NOUN_8_PASS_b,M,P,les clous avec le clou que j' aime beaucoup ne sont probablement pas cachés <eos>,13,cachés,cachées,11,M,S,cachés,-7.5997953,cachées,-10.898989,1
11358,P_NOUN_8_PASS_b,M,P,les clous avec le clou que j' aime beaucoup ne sont probablement pas cassés <eos>,13,cassés,cassées,11,M,S,cassés,-8.9274025,cassées,-10.200727,1
11359,P_NOUN_8_PASS_b,M,P,les clous avec le clou que j' aime beaucoup ne sont probablement pas couverts <eos>,13,couverts,couvertes,11,M,S,couverts,-6.938395,couvertes,-10.618303,1
11360,P_NOUN_8_PASS_b,M,P,les clous avec le clou que j' aime beaucoup ne sont probablement pas déformés <eos>,13,déformés,déformées,11,M,S,déformés,-11.172033,déformées,-10.85664,0
11361,P_NOUN_8_PASS_b,M,P,les clous avec le clou que j' aime beaucoup ne sont probablement pas fixés <eos>,13,fixés,fixées,11,M,S,fixés,-8.013433,fixées,-10.526613,1
11362,P_NOUN_8_PASS_b,M,P,les clous avec le clou que j' aime beaucoup ne sont probablement pas jetés <eos>,13,jetés,jetées,11,M,S,jetés,-7.6780157,jetées,-11.151875,1
11363,P_NOUN_8_PASS_b,M,P,les clous avec le clou que j' aime beaucoup ne sont probablement pas laissés <eos>,13,laissés,laissées,11,M,S,laissés,-7.967766,laissées,-11.299692,1
11364,P_NOUN_8_PASS_b,M,P,les clous avec le clou que j' aime beaucoup ne sont probablement pas ouverts <eos>,13,ouverts,ouvertes,11,M,S,ouverts,-8.08738,ouvertes,-11.256158,1
11365,P_NOUN_8_PASS_b,M,P,les clous avec le clou que j' aime beaucoup ne sont probablement pas perdus <eos>,13,perdus,perdues,11,M,S,perdus,-6.7399487,perdues,-10.149712,1
11366,P_NOUN_8_PASS_b,M,P,les clous avec le clou que j' aime beaucoup ne sont probablement pas réparés <eos>,13,réparés,réparées,11,M,S,réparés,-10.431708,réparées,-11.4405575,1
11367,P_NOUN_8_PASS_b,M,P,les clous avec le clou que j' aime beaucoup ne sont probablement pas retirés <eos>,13,retirés,retirées,11,M,S,retirés,-8.36147,retirées,-10.331864,1
11368,P_NOUN_8_PASS_b,M,P,les clous avec le clou que j' aime beaucoup ne sont probablement pas tombés <eos>,13,tombés,tombées,11,M,S,tombés,-6.555214,tombées,-10.195855,1
11369,P_NOUN_8_PASS_b,M,P,les clous avec le clou que j' aime beaucoup ne sont probablement pas utilisés <eos>,13,utilisés,utilisées,11,M,S,utilisés,-4.817955,utilisées,-8.300581,1
11370,P_NOUN_8_PASS_b,M,P,les clous avec le billet que j' aime beaucoup ne sont probablement pas achetés <eos>,13,achetés,achetées,11,M,S,achetés,-9.004394,achetées,-12.523154,1
11371,P_NOUN_8_PASS_b,M,P,les clous avec le billet que j' aime beaucoup ne sont probablement pas brisés <eos>,13,brisés,brisées,11,M,S,brisés,-10.55589,brisées,-11.748863,1
11372,P_NOUN_8_PASS_b,M,P,les clous avec le billet que j' aime beaucoup ne sont probablement pas cachés <eos>,13,cachés,cachées,11,M,S,cachés,-7.2860293,cachées,-11.156759,1
11373,P_NOUN_8_PASS_b,M,P,les clous avec le billet que j' aime beaucoup ne sont probablement pas cassés <eos>,13,cassés,cassées,11,M,S,cassés,-9.477378,cassées,-10.72469,1
11374,P_NOUN_8_PASS_b,M,P,les clous avec le billet que j' aime beaucoup ne sont probablement pas couverts <eos>,13,couverts,couvertes,11,M,S,couverts,-7.105074,couvertes,-11.22624,1
11375,P_NOUN_8_PASS_b,M,P,les clous avec le billet que j' aime beaucoup ne sont probablement pas déformés <eos>,13,déformés,déformées,11,M,S,déformés,-11.762617,déformées,-11.308266,0
11376,P_NOUN_8_PASS_b,M,P,les clous avec le billet que j' aime beaucoup ne sont probablement pas fixés <eos>,13,fixés,fixées,11,M,S,fixés,-7.7885976,fixées,-10.479067,1
11377,P_NOUN_8_PASS_b,M,P,les clous avec le billet que j' aime beaucoup ne sont probablement pas jetés <eos>,13,jetés,jetées,11,M,S,jetés,-7.5989876,jetées,-11.245399,1
11378,P_NOUN_8_PASS_b,M,P,les clous avec le billet que j' aime beaucoup ne sont probablement pas laissés <eos>,13,laissés,laissées,11,M,S,laissés,-8.176843,laissées,-11.328136,1
11379,P_NOUN_8_PASS_b,M,P,les clous avec le billet que j' aime beaucoup ne sont probablement pas ouverts <eos>,13,ouverts,ouvertes,11,M,S,ouverts,-8.033088,ouvertes,-11.69159,1
11380,P_NOUN_8_PASS_b,M,P,les clous avec le billet que j' aime beaucoup ne sont probablement pas perdus <eos>,13,perdus,perdues,11,M,S,perdus,-6.7166233,perdues,-9.78501,1
11381,P_NOUN_8_PASS_b,M,P,les clous avec le billet que j' aime beaucoup ne sont probablement pas réparés <eos>,13,réparés,réparées,11,M,S,réparés,-10.809889,réparées,-11.789793,1
11382,P_NOUN_8_PASS_b,M,P,les clous avec le billet que j' aime beaucoup ne sont probablement pas retirés <eos>,13,retirés,retirées,11,M,S,retirés,-8.036518,retirées,-10.338136,1
11383,P_NOUN_8_PASS_b,M,P,les clous avec le billet que j' aime beaucoup ne sont probablement pas tombés <eos>,13,tombés,tombées,11,M,S,tombés,-6.71185,tombées,-10.578609,1
11384,P_NOUN_8_PASS_b,M,P,les clous avec le billet que j' aime beaucoup ne sont probablement pas utilisés <eos>,13,utilisés,utilisées,11,M,S,utilisés,-4.643137,utilisées,-8.13931,1
11385,P_NOUN_8_PASS_b,M,P,les clous avec le légume que j' aime beaucoup ne sont probablement pas achetés <eos>,13,achetés,achetées,11,M,S,achetés,-8.912554,achetées,-13.294935,1
11386,P_NOUN_8_PASS_b,M,P,les clous avec le légume que j' aime beaucoup ne sont probablement pas brisés <eos>,13,brisés,brisées,11,M,S,brisés,-10.299335,brisées,-11.678601,1
11387,P_NOUN_8_PASS_b,M,P,les clous avec le légume que j' aime beaucoup ne sont probablement pas cachés <eos>,13,cachés,cachées,11,M,S,cachés,-8.245453,cachées,-11.708296,1
11388,P_NOUN_8_PASS_b,M,P,les clous avec le légume que j' aime beaucoup ne sont probablement pas cassés <eos>,13,cassés,cassées,11,M,S,cassés,-8.891813,cassées,-10.510038,1
11389,P_NOUN_8_PASS_b,M,P,les clous avec le légume que j' aime beaucoup ne sont probablement pas couverts <eos>,13,couverts,couvertes,11,M,S,couverts,-6.1270237,couvertes,-10.45067,1
11390,P_NOUN_8_PASS_b,M,P,les clous avec le légume que j' aime beaucoup ne sont probablement pas déformés <eos>,13,déformés,déformées,11,M,S,déformés,-11.889446,déformées,-11.709184,0
11391,P_NOUN_8_PASS_b,M,P,les clous avec le légume que j' aime beaucoup ne sont probablement pas fixés <eos>,13,fixés,fixées,11,M,S,fixés,-8.186777,fixées,-11.117128,1
11392,P_NOUN_8_PASS_b,M,P,les clous avec le légume que j' aime beaucoup ne sont probablement pas jetés <eos>,13,jetés,jetées,11,M,S,jetés,-8.341934,jetées,-11.241137,1
11393,P_NOUN_8_PASS_b,M,P,les clous avec le légume que j' aime beaucoup ne sont probablement pas laissés <eos>,13,laissés,laissées,11,M,S,laissés,-7.7576694,laissées,-10.815702,1
11394,P_NOUN_8_PASS_b,M,P,les clous avec le légume que j' aime beaucoup ne sont probablement pas ouverts <eos>,13,ouverts,ouvertes,11,M,S,ouverts,-7.60217,ouvertes,-11.25725,1
11395,P_NOUN_8_PASS_b,M,P,les clous avec le légume que j' aime beaucoup ne sont probablement pas perdus <eos>,13,perdus,perdues,11,M,S,perdus,-7.226139,perdues,-10.767951,1
11396,P_NOUN_8_PASS_b,M,P,les clous avec le légume que j' aime beaucoup ne sont probablement pas réparés <eos>,13,réparés,réparées,11,M,S,réparés,-10.431061,réparées,-12.147962,1
11397,P_NOUN_8_PASS_b,M,P,les clous avec le légume que j' aime beaucoup ne sont probablement pas retirés <eos>,13,retirés,retirées,11,M,S,retirés,-8.623083,retirées,-11.077947,1
11398,P_NOUN_8_PASS_b,M,P,les clous avec le légume que j' aime beaucoup ne sont probablement pas tombés <eos>,13,tombés,tombées,11,M,S,tombés,-6.986274,tombées,-10.540909,1
11399,P_NOUN_8_PASS_b,M,P,les clous avec le légume que j' aime beaucoup ne sont probablement pas utilisés <eos>,13,utilisés,utilisées,11,M,S,utilisés,-4.793419,utilisées,-8.372535,1
11400,P_NOUN_8_PASS_b,M,P,les billets avec le bracelet que j' aime beaucoup ne sont probablement pas achetés <eos>,13,achetés,achetées,11,M,S,achetés,-8.15137,achetées,-11.824653,1
11401,P_NOUN_8_PASS_b,M,P,les billets avec le bracelet que j' aime beaucoup ne sont probablement pas brisés <eos>,13,brisés,brisées,11,M,S,brisés,-10.741877,brisées,-11.454942,1
11402,P_NOUN_8_PASS_b,M,P,les billets avec le bracelet que j' aime beaucoup ne sont probablement pas cachés <eos>,13,cachés,cachées,11,M,S,cachés,-7.2414637,cachées,-12.1229925,1
11403,P_NOUN_8_PASS_b,M,P,les billets avec le bracelet que j' aime beaucoup ne sont probablement pas cassés <eos>,13,cassés,cassées,11,M,S,cassés,-10.067225,cassées,-11.471039,1
11404,P_NOUN_8_PASS_b,M,P,les billets avec le bracelet que j' aime beaucoup ne sont probablement pas couverts <eos>,13,couverts,couvertes,11,M,S,couverts,-7.3838882,couvertes,-11.9939165,1
11405,P_NOUN_8_PASS_b,M,P,les billets avec le bracelet que j' aime beaucoup ne sont probablement pas déformés <eos>,13,déformés,déformées,11,M,S,déformés,-12.226072,déformées,-11.653427,0
11406,P_NOUN_8_PASS_b,M,P,les billets avec le bracelet que j' aime beaucoup ne sont probablement pas fixés <eos>,13,fixés,fixées,11,M,S,fixés,-7.162652,fixées,-10.20307,1
11407,P_NOUN_8_PASS_b,M,P,les billets avec le bracelet que j' aime beaucoup ne sont probablement pas jetés <eos>,13,jetés,jetées,11,M,S,jetés,-7.2257204,jetées,-11.350447,1
11408,P_NOUN_8_PASS_b,M,P,les billets avec le bracelet que j' aime beaucoup ne sont probablement pas laissés <eos>,13,laissés,laissées,11,M,S,laissés,-8.698263,laissées,-11.657551,1
11409,P_NOUN_8_PASS_b,M,P,les billets avec le bracelet que j' aime beaucoup ne sont probablement pas ouverts <eos>,13,ouverts,ouvertes,11,M,S,ouverts,-7.952401,ouvertes,-12.344063,1
11410,P_NOUN_8_PASS_b,M,P,les billets avec le bracelet que j' aime beaucoup ne sont probablement pas perdus <eos>,13,perdus,perdues,11,M,S,perdus,-6.476001,perdues,-10.231452,1
11411,P_NOUN_8_PASS_b,M,P,les billets avec le bracelet que j' aime beaucoup ne sont probablement pas réparés <eos>,13,réparés,réparées,11,M,S,réparés,-11.521973,réparées,-13.045229,1
11412,P_NOUN_8_PASS_b,M,P,les billets avec le bracelet que j' aime beaucoup ne sont probablement pas retirés <eos>,13,retirés,retirées,11,M,S,retirés,-7.5516796,retirées,-10.272846,1
11413,P_NOUN_8_PASS_b,M,P,les billets avec le bracelet que j' aime beaucoup ne sont probablement pas tombés <eos>,13,tombés,tombées,11,M,S,tombés,-6.9631615,tombées,-11.195137,1
11414,P_NOUN_8_PASS_b,M,P,les billets avec le bracelet que j' aime beaucoup ne sont probablement pas utilisés <eos>,13,utilisés,utilisées,11,M,S,utilisés,-4.464709,utilisées,-8.447275,1
11415,P_NOUN_8_PASS_b,M,P,les billets avec le miroir que j' aime beaucoup ne sont probablement pas achetés <eos>,13,achetés,achetées,11,M,S,achetés,-8.276159,achetées,-12.19764,1
11416,P_NOUN_8_PASS_b,M,P,les billets avec le miroir que j' aime beaucoup ne sont probablement pas brisés <eos>,13,brisés,brisées,11,M,S,brisés,-10.920668,brisées,-11.808332,1
11417,P_NOUN_8_PASS_b,M,P,les billets avec le miroir que j' aime beaucoup ne sont probablement pas cachés <eos>,13,cachés,cachées,11,M,S,cachés,-7.2208138,cachées,-11.968806,1
11418,P_NOUN_8_PASS_b,M,P,les billets avec le miroir que j' aime beaucoup ne sont probablement pas cassés <eos>,13,cassés,cassées,11,M,S,cassés,-10.15317,cassées,-11.661413,1
11419,P_NOUN_8_PASS_b,M,P,les billets avec le miroir que j' aime beaucoup ne sont probablement pas couverts <eos>,13,couverts,couvertes,11,M,S,couverts,-7.496606,couvertes,-12.049885,1
11420,P_NOUN_8_PASS_b,M,P,les billets avec le miroir que j' aime beaucoup ne sont probablement pas déformés <eos>,13,déformés,déformées,11,M,S,déformés,-11.874193,déformées,-11.083996,0
11421,P_NOUN_8_PASS_b,M,P,les billets avec le miroir que j' aime beaucoup ne sont probablement pas fixés <eos>,13,fixés,fixées,11,M,S,fixés,-7.999465,fixées,-10.808377,1
11422,P_NOUN_8_PASS_b,M,P,les billets avec le miroir que j' aime beaucoup ne sont probablement pas jetés <eos>,13,jetés,jetées,11,M,S,jetés,-7.878731,jetées,-11.76034,1
11423,P_NOUN_8_PASS_b,M,P,les billets avec le miroir que j' aime beaucoup ne sont probablement pas laissés <eos>,13,laissés,laissées,11,M,S,laissés,-8.527035,laissées,-11.597743,1
11424,P_NOUN_8_PASS_b,M,P,les billets avec le miroir que j' aime beaucoup ne sont probablement pas ouverts <eos>,13,ouverts,ouvertes,11,M,S,ouverts,-7.577516,ouvertes,-12.152449,1
11425,P_NOUN_8_PASS_b,M,P,les billets avec le miroir que j' aime beaucoup ne sont probablement pas perdus <eos>,13,perdus,perdues,11,M,S,perdus,-6.306497,perdues,-9.692095,1
11426,P_NOUN_8_PASS_b,M,P,les billets avec le miroir que j' aime beaucoup ne sont probablement pas réparés <eos>,13,réparés,réparées,11,M,S,réparés,-11.757218,réparées,-12.898911,1
11427,P_NOUN_8_PASS_b,M,P,les billets avec le miroir que j' aime beaucoup ne sont probablement pas retirés <eos>,13,retirés,retirées,11,M,S,retirés,-7.821968,retirées,-10.474966,1
11428,P_NOUN_8_PASS_b,M,P,les billets avec le miroir que j' aime beaucoup ne sont probablement pas tombés <eos>,13,tombés,tombées,11,M,S,tombés,-7.6086035,tombées,-11.3534565,1
11429,P_NOUN_8_PASS_b,M,P,les billets avec le miroir que j' aime beaucoup ne sont probablement pas utilisés <eos>,13,utilisés,utilisées,11,M,S,utilisés,-4.832513,utilisées,-8.790602,1
11430,P_NOUN_8_PASS_b,M,P,les billets avec le crayon que j' aime beaucoup ne sont probablement pas achetés <eos>,13,achetés,achetées,11,M,S,achetés,-7.566703,achetées,-11.352739,1
11431,P_NOUN_8_PASS_b,M,P,les billets avec le crayon que j' aime beaucoup ne sont probablement pas brisés <eos>,13,brisés,brisées,11,M,S,brisés,-11.32682,brisées,-12.099947,1
11432,P_NOUN_8_PASS_b,M,P,les billets avec le crayon que j' aime beaucoup ne sont probablement pas cachés <eos>,13,cachés,cachées,11,M,S,cachés,-6.897058,cachées,-12.292143,1
11433,P_NOUN_8_PASS_b,M,P,les billets avec le crayon que j' aime beaucoup ne sont probablement pas cassés <eos>,13,cassés,cassées,11,M,S,cassés,-9.642233,cassées,-11.616457,1
11434,P_NOUN_8_PASS_b,M,P,les billets avec le crayon que j' aime beaucoup ne sont probablement pas couverts <eos>,13,couverts,couvertes,11,M,S,couverts,-7.0725164,couvertes,-11.836543,1
11435,P_NOUN_8_PASS_b,M,P,les billets avec le crayon que j' aime beaucoup ne sont probablement pas déformés <eos>,13,déformés,déformées,11,M,S,déformés,-12.387939,déformées,-11.26502,0
11436,P_NOUN_8_PASS_b,M,P,les billets avec le crayon que j' aime beaucoup ne sont probablement pas fixés <eos>,13,fixés,fixées,11,M,S,fixés,-7.8203444,fixées,-10.582611,1
11437,P_NOUN_8_PASS_b,M,P,les billets avec le crayon que j' aime beaucoup ne sont probablement pas jetés <eos>,13,jetés,jetées,11,M,S,jetés,-7.466497,jetées,-11.4604,1
11438,P_NOUN_8_PASS_b,M,P,les billets avec le crayon que j' aime beaucoup ne sont probablement pas laissés <eos>,13,laissés,laissées,11,M,S,laissés,-7.999236,laissées,-11.347324,1
11439,P_NOUN_8_PASS_b,M,P,les billets avec le crayon que j' aime beaucoup ne sont probablement pas ouverts <eos>,13,ouverts,ouvertes,11,M,S,ouverts,-7.970063,ouvertes,-12.302352,1
11440,P_NOUN_8_PASS_b,M,P,les billets avec le crayon que j' aime beaucoup ne sont probablement pas perdus <eos>,13,perdus,perdues,11,M,S,perdus,-6.644474,perdues,-9.72554,1
11441,P_NOUN_8_PASS_b,M,P,les billets avec le crayon que j' aime beaucoup ne sont probablement pas réparés <eos>,13,réparés,réparées,11,M,S,réparés,-11.062878,réparées,-12.134325,1
11442,P_NOUN_8_PASS_b,M,P,les billets avec le crayon que j' aime beaucoup ne sont probablement pas retirés <eos>,13,retirés,retirées,11,M,S,retirés,-7.6247854,retirées,-9.910143,1
11443,P_NOUN_8_PASS_b,M,P,les billets avec le crayon que j' aime beaucoup ne sont probablement pas tombés <eos>,13,tombés,tombées,11,M,S,tombés,-7.600793,tombées,-11.177707,1
11444,P_NOUN_8_PASS_b,M,P,les billets avec le crayon que j' aime beaucoup ne sont probablement pas utilisés <eos>,13,utilisés,utilisées,11,M,S,utilisés,-4.3304443,utilisées,-8.249242,1
11445,P_NOUN_8_PASS_b,M,P,les billets avec le rideau que j' aime beaucoup ne sont probablement pas achetés <eos>,13,achetés,achetées,11,M,S,achetés,-8.354405,achetées,-12.075895,1
11446,P_NOUN_8_PASS_b,M,P,les billets avec le rideau que j' aime beaucoup ne sont probablement pas brisés <eos>,13,brisés,brisées,11,M,S,brisés,-11.005717,brisées,-11.866666,1
11447,P_NOUN_8_PASS_b,M,P,les billets avec le rideau que j' aime beaucoup ne sont probablement pas cachés <eos>,13,cachés,cachées,11,M,S,cachés,-7.6091256,cachées,-12.107521,1
11448,P_NOUN_8_PASS_b,M,P,les billets avec le rideau que j' aime beaucoup ne sont probablement pas cassés <eos>,13,cassés,cassées,11,M,S,cassés,-10.216182,cassées,-11.61649,1
11449,P_NOUN_8_PASS_b,M,P,les billets avec le rideau que j' aime beaucoup ne sont probablement pas couverts <eos>,13,couverts,couvertes,11,M,S,couverts,-7.137677,couvertes,-11.722632,1
11450,P_NOUN_8_PASS_b,M,P,les billets avec le rideau que j' aime beaucoup ne sont probablement pas déformés <eos>,13,déformés,déformées,11,M,S,déformés,-12.013012,déformées,-11.563797,0
11451,P_NOUN_8_PASS_b,M,P,les billets avec le rideau que j' aime beaucoup ne sont probablement pas fixés <eos>,13,fixés,fixées,11,M,S,fixés,-7.5465236,fixées,-10.367033,1
11452,P_NOUN_8_PASS_b,M,P,les billets avec le rideau que j' aime beaucoup ne sont probablement pas jetés <eos>,13,jetés,jetées,11,M,S,jetés,-7.7115097,jetées,-11.53212,1
11453,P_NOUN_8_PASS_b,M,P,les billets avec le rideau que j' aime beaucoup ne sont probablement pas laissés <eos>,13,laissés,laissées,11,M,S,laissés,-8.591259,laissées,-11.553668,1
11454,P_NOUN_8_PASS_b,M,P,les billets avec le rideau que j' aime beaucoup ne sont probablement pas ouverts <eos>,13,ouverts,ouvertes,11,M,S,ouverts,-7.640498,ouvertes,-12.004626,1
11455,P_NOUN_8_PASS_b,M,P,les billets avec le rideau que j' aime beaucoup ne sont probablement pas perdus <eos>,13,perdus,perdues,11,M,S,perdus,-6.7612343,perdues,-10.257612,1
11456,P_NOUN_8_PASS_b,M,P,les billets avec le rideau que j' aime beaucoup ne sont probablement pas réparés <eos>,13,réparés,réparées,11,M,S,réparés,-11.11742,réparées,-12.59412,1
11457,P_NOUN_8_PASS_b,M,P,les billets avec le rideau que j' aime beaucoup ne sont probablement pas retirés <eos>,13,retirés,retirées,11,M,S,retirés,-7.9877124,retirées,-10.442003,1
11458,P_NOUN_8_PASS_b,M,P,les billets avec le rideau que j' aime beaucoup ne sont probablement pas tombés <eos>,13,tombés,tombées,11,M,S,tombés,-7.479059,tombées,-11.337442,1
11459,P_NOUN_8_PASS_b,M,P,les billets avec le rideau que j' aime beaucoup ne sont probablement pas utilisés <eos>,13,utilisés,utilisées,11,M,S,utilisés,-4.6870112,utilisées,-8.622097,1
11460,P_NOUN_8_PASS_b,M,P,les billets avec le cahier que j' aime beaucoup ne sont probablement pas achetés <eos>,13,achetés,achetées,11,M,S,achetés,-7.7805395,achetées,-11.871242,1
11461,P_NOUN_8_PASS_b,M,P,les billets avec le cahier que j' aime beaucoup ne sont probablement pas brisés <eos>,13,brisés,brisées,11,M,S,brisés,-11.601725,brisées,-12.782064,1
11462,P_NOUN_8_PASS_b,M,P,les billets avec le cahier que j' aime beaucoup ne sont probablement pas cachés <eos>,13,cachés,cachées,11,M,S,cachés,-7.5982876,cachées,-13.049097,1
11463,P_NOUN_8_PASS_b,M,P,les billets avec le cahier que j' aime beaucoup ne sont probablement pas cassés <eos>,13,cassés,cassées,11,M,S,cassés,-10.78353,cassées,-12.461275,1
11464,P_NOUN_8_PASS_b,M,P,les billets avec le cahier que j' aime beaucoup ne sont probablement pas couverts <eos>,13,couverts,couvertes,11,M,S,couverts,-7.168232,couvertes,-12.363245,1
11465,P_NOUN_8_PASS_b,M,P,les billets avec le cahier que j' aime beaucoup ne sont probablement pas déformés <eos>,13,déformés,déformées,11,M,S,déformés,-12.268256,déformées,-12.049078,0
11466,P_NOUN_8_PASS_b,M,P,les billets avec le cahier que j' aime beaucoup ne sont probablement pas fixés <eos>,13,fixés,fixées,11,M,S,fixés,-7.767255,fixées,-10.688984,1
11467,P_NOUN_8_PASS_b,M,P,les billets avec le cahier que j' aime beaucoup ne sont probablement pas jetés <eos>,13,jetés,jetées,11,M,S,jetés,-8.410231,jetées,-12.491432,1
11468,P_NOUN_8_PASS_b,M,P,les billets avec le cahier que j' aime beaucoup ne sont probablement pas laissés <eos>,13,laissés,laissées,11,M,S,laissés,-8.682158,laissées,-12.4574,1
11469,P_NOUN_8_PASS_b,M,P,les billets avec le cahier que j' aime beaucoup ne sont probablement pas ouverts <eos>,13,ouverts,ouvertes,11,M,S,ouverts,-7.2841616,ouvertes,-12.240771,1
11470,P_NOUN_8_PASS_b,M,P,les billets avec le cahier que j' aime beaucoup ne sont probablement pas perdus <eos>,13,perdus,perdues,11,M,S,perdus,-6.23166,perdues,-9.813358,1
11471,P_NOUN_8_PASS_b,M,P,les billets avec le cahier que j' aime beaucoup ne sont probablement pas réparés <eos>,13,réparés,réparées,11,M,S,réparés,-11.617876,réparées,-13.142167,1
11472,P_NOUN_8_PASS_b,M,P,les billets avec le cahier que j' aime beaucoup ne sont probablement pas retirés <eos>,13,retirés,retirées,11,M,S,retirés,-7.56005,retirées,-10.467601,1
11473,P_NOUN_8_PASS_b,M,P,les billets avec le cahier que j' aime beaucoup ne sont probablement pas tombés <eos>,13,tombés,tombées,11,M,S,tombés,-7.519816,tombées,-11.668663,1
11474,P_NOUN_8_PASS_b,M,P,les billets avec le cahier que j' aime beaucoup ne sont probablement pas utilisés <eos>,13,utilisés,utilisées,11,M,S,utilisés,-4.7334743,utilisées,-8.958303,1
11475,P_NOUN_8_PASS_b,M,P,les billets avec le micro que j' aime beaucoup ne sont probablement pas achetés <eos>,13,achetés,achetées,11,M,S,achetés,-8.191447,achetées,-11.765111,1
11476,P_NOUN_8_PASS_b,M,P,les billets avec le micro que j' aime beaucoup ne sont probablement pas brisés <eos>,13,brisés,brisées,11,M,S,brisés,-11.046492,brisées,-11.889778,1
11477,P_NOUN_8_PASS_b,M,P,les billets avec le micro que j' aime beaucoup ne sont probablement pas cachés <eos>,13,cachés,cachées,11,M,S,cachés,-7.319151,cachées,-12.248292,1
11478,P_NOUN_8_PASS_b,M,P,les billets avec le micro que j' aime beaucoup ne sont probablement pas cassés <eos>,13,cassés,cassées,11,M,S,cassés,-10.387148,cassées,-11.816734,1
11479,P_NOUN_8_PASS_b,M,P,les billets avec le micro que j' aime beaucoup ne sont probablement pas couverts <eos>,13,couverts,couvertes,11,M,S,couverts,-7.2703333,couvertes,-11.804235,1
11480,P_NOUN_8_PASS_b,M,P,les billets avec le micro que j' aime beaucoup ne sont probablement pas déformés <eos>,13,déformés,déformées,11,M,S,déformés,-12.271536,déformées,-11.846848,0
11481,P_NOUN_8_PASS_b,M,P,les billets avec le micro que j' aime beaucoup ne sont probablement pas fixés <eos>,13,fixés,fixées,11,M,S,fixés,-7.2894926,fixées,-10.744266,1
11482,P_NOUN_8_PASS_b,M,P,les billets avec le micro que j' aime beaucoup ne sont probablement pas jetés <eos>,13,jetés,jetées,11,M,S,jetés,-7.8343153,jetées,-11.785534,1
11483,P_NOUN_8_PASS_b,M,P,les billets avec le micro que j' aime beaucoup ne sont probablement pas laissés <eos>,13,laissés,laissées,11,M,S,laissés,-8.789257,laissées,-11.567418,1
11484,P_NOUN_8_PASS_b,M,P,les billets avec le micro que j' aime beaucoup ne sont probablement pas ouverts <eos>,13,ouverts,ouvertes,11,M,S,ouverts,-7.669237,ouvertes,-12.127755,1
11485,P_NOUN_8_PASS_b,M,P,les billets avec le micro que j' aime beaucoup ne sont probablement pas perdus <eos>,13,perdus,perdues,11,M,S,perdus,-6.75753,perdues,-10.366823,1
11486,P_NOUN_8_PASS_b,M,P,les billets avec le micro que j' aime beaucoup ne sont probablement pas réparés <eos>,13,réparés,réparées,11,M,S,réparés,-11.346748,réparées,-12.85195,1
11487,P_NOUN_8_PASS_b,M,P,les billets avec le micro que j' aime beaucoup ne sont probablement pas retirés <eos>,13,retirés,retirées,11,M,S,retirés,-7.8085175,retirées,-10.328022,1
11488,P_NOUN_8_PASS_b,M,P,les billets avec le micro que j' aime beaucoup ne sont probablement pas tombés <eos>,13,tombés,tombées,11,M,S,tombés,-7.9899325,tombées,-11.628054,1
11489,P_NOUN_8_PASS_b,M,P,les billets avec le micro que j' aime beaucoup ne sont probablement pas utilisés <eos>,13,utilisés,utilisées,11,M,S,utilisés,-4.683559,utilisées,-8.60965,1
11490,P_NOUN_8_PASS_b,M,P,les billets avec le sac que j' aime beaucoup ne sont probablement pas achetés <eos>,13,achetés,achetées,11,M,S,achetés,-8.029416,achetées,-11.761878,1
11491,P_NOUN_8_PASS_b,M,P,les billets avec le sac que j' aime beaucoup ne sont probablement pas brisés <eos>,13,brisés,brisées,11,M,S,brisés,-10.971092,brisées,-11.807091,1
11492,P_NOUN_8_PASS_b,M,P,les billets avec le sac que j' aime beaucoup ne sont probablement pas cachés <eos>,13,cachés,cachées,11,M,S,cachés,-7.129713,cachées,-12.091187,1
11493,P_NOUN_8_PASS_b,M,P,les billets avec le sac que j' aime beaucoup ne sont probablement pas cassés <eos>,13,cassés,cassées,11,M,S,cassés,-10.10817,cassées,-11.355601,1
11494,P_NOUN_8_PASS_b,M,P,les billets avec le sac que j' aime beaucoup ne sont probablement pas couverts <eos>,13,couverts,couvertes,11,M,S,couverts,-7.211048,couvertes,-11.839579,1
11495,P_NOUN_8_PASS_b,M,P,les billets avec le sac que j' aime beaucoup ne sont probablement pas déformés <eos>,13,déformés,déformées,11,M,S,déformés,-12.245885,déformées,-11.7112055,0
11496,P_NOUN_8_PASS_b,M,P,les billets avec le sac que j' aime beaucoup ne sont probablement pas fixés <eos>,13,fixés,fixées,11,M,S,fixés,-7.69217,fixées,-10.669507,1
11497,P_NOUN_8_PASS_b,M,P,les billets avec le sac que j' aime beaucoup ne sont probablement pas jetés <eos>,13,jetés,jetées,11,M,S,jetés,-7.4312515,jetées,-11.28769,1
11498,P_NOUN_8_PASS_b,M,P,les billets avec le sac que j' aime beaucoup ne sont probablement pas laissés <eos>,13,laissés,laissées,11,M,S,laissés,-8.396328,laissées,-11.474886,1
11499,P_NOUN_8_PASS_b,M,P,les billets avec le sac que j' aime beaucoup ne sont probablement pas ouverts <eos>,13,ouverts,ouvertes,11,M,S,ouverts,-7.7454195,ouvertes,-12.105314,1
11500,P_NOUN_8_PASS_b,M,P,les billets avec le sac que j' aime beaucoup ne sont probablement pas perdus <eos>,13,perdus,perdues,11,M,S,perdus,-6.511179,perdues,-9.917689,1
11501,P_NOUN_8_PASS_b,M,P,les billets avec le sac que j' aime beaucoup ne sont probablement pas réparés <eos>,13,réparés,réparées,11,M,S,réparés,-11.119389,réparées,-12.589386,1
11502,P_NOUN_8_PASS_b,M,P,les billets avec le sac que j' aime beaucoup ne sont probablement pas retirés <eos>,13,retirés,retirées,11,M,S,retirés,-7.6305294,retirées,-10.329541,1
11503,P_NOUN_8_PASS_b,M,P,les billets avec le sac que j' aime beaucoup ne sont probablement pas tombés <eos>,13,tombés,tombées,11,M,S,tombés,-7.294402,tombées,-11.333057,1
11504,P_NOUN_8_PASS_b,M,P,les billets avec le sac que j' aime beaucoup ne sont probablement pas utilisés <eos>,13,utilisés,utilisées,11,M,S,utilisés,-4.5177155,utilisées,-8.481113,1
11505,P_NOUN_8_PASS_b,M,P,les billets avec le clavier que j' aime beaucoup ne sont probablement pas achetés <eos>,13,achetés,achetées,11,M,S,achetés,-8.740696,achetées,-12.35858,1
11506,P_NOUN_8_PASS_b,M,P,les billets avec le clavier que j' aime beaucoup ne sont probablement pas brisés <eos>,13,brisés,brisées,11,M,S,brisés,-11.157222,brisées,-11.940467,1
11507,P_NOUN_8_PASS_b,M,P,les billets avec le clavier que j' aime beaucoup ne sont probablement pas cachés <eos>,13,cachés,cachées,11,M,S,cachés,-7.3250065,cachées,-11.961879,1
11508,P_NOUN_8_PASS_b,M,P,les billets avec le clavier que j' aime beaucoup ne sont probablement pas cassés <eos>,13,cassés,cassées,11,M,S,cassés,-10.44038,cassées,-11.742666,1
11509,P_NOUN_8_PASS_b,M,P,les billets avec le clavier que j' aime beaucoup ne sont probablement pas couverts <eos>,13,couverts,couvertes,11,M,S,couverts,-7.6357536,couvertes,-11.974007,1
11510,P_NOUN_8_PASS_b,M,P,les billets avec le clavier que j' aime beaucoup ne sont probablement pas déformés <eos>,13,déformés,déformées,11,M,S,déformés,-12.208583,déformées,-11.080279,0
11511,P_NOUN_8_PASS_b,M,P,les billets avec le clavier que j' aime beaucoup ne sont probablement pas fixés <eos>,13,fixés,fixées,11,M,S,fixés,-7.3681183,fixées,-10.608154,1
11512,P_NOUN_8_PASS_b,M,P,les billets avec le clavier que j' aime beaucoup ne sont probablement pas jetés <eos>,13,jetés,jetées,11,M,S,jetés,-7.982914,jetées,-11.950736,1
11513,P_NOUN_8_PASS_b,M,P,les billets avec le clavier que j' aime beaucoup ne sont probablement pas laissés <eos>,13,laissés,laissées,11,M,S,laissés,-8.735171,laissées,-11.656457,1
11514,P_NOUN_8_PASS_b,M,P,les billets avec le clavier que j' aime beaucoup ne sont probablement pas ouverts <eos>,13,ouverts,ouvertes,11,M,S,ouverts,-7.7348843,ouvertes,-11.864016,1
11515,P_NOUN_8_PASS_b,M,P,les billets avec le clavier que j' aime beaucoup ne sont probablement pas perdus <eos>,13,perdus,perdues,11,M,S,perdus,-6.797576,perdues,-10.424253,1
11516,P_NOUN_8_PASS_b,M,P,les billets avec le clavier que j' aime beaucoup ne sont probablement pas réparés <eos>,13,réparés,réparées,11,M,S,réparés,-11.762174,réparées,-13.038042,1
11517,P_NOUN_8_PASS_b,M,P,les billets avec le clavier que j' aime beaucoup ne sont probablement pas retirés <eos>,13,retirés,retirées,11,M,S,retirés,-8.330793,retirées,-10.703277,1
11518,P_NOUN_8_PASS_b,M,P,les billets avec le clavier que j' aime beaucoup ne sont probablement pas tombés <eos>,13,tombés,tombées,11,M,S,tombés,-7.7609854,tombées,-11.780475,1
11519,P_NOUN_8_PASS_b,M,P,les billets avec le clavier que j' aime beaucoup ne sont probablement pas utilisés <eos>,13,utilisés,utilisées,11,M,S,utilisés,-4.3718357,utilisées,-8.351311,1
11520,P_NOUN_8_PASS_b,M,P,les billets avec le raisin que j' aime beaucoup ne sont probablement pas achetés <eos>,13,achetés,achetées,11,M,S,achetés,-7.415066,achetées,-11.210431,1
11521,P_NOUN_8_PASS_b,M,P,les billets avec le raisin que j' aime beaucoup ne sont probablement pas brisés <eos>,13,brisés,brisées,11,M,S,brisés,-11.308112,brisées,-12.1491785,1
11522,P_NOUN_8_PASS_b,M,P,les billets avec le raisin que j' aime beaucoup ne sont probablement pas cachés <eos>,13,cachés,cachées,11,M,S,cachés,-7.536968,cachées,-12.277405,1
11523,P_NOUN_8_PASS_b,M,P,les billets avec le raisin que j' aime beaucoup ne sont probablement pas cassés <eos>,13,cassés,cassées,11,M,S,cassés,-9.282455,cassées,-11.675854,1
11524,P_NOUN_8_PASS_b,M,P,les billets avec le raisin que j' aime beaucoup ne sont probablement pas couverts <eos>,13,couverts,couvertes,11,M,S,couverts,-6.6203012,couvertes,-11.586377,1
11525,P_NOUN_8_PASS_b,M,P,les billets avec le raisin que j' aime beaucoup ne sont probablement pas déformés <eos>,13,déformés,déformées,11,M,S,déformés,-12.921138,déformées,-12.000539,0
11526,P_NOUN_8_PASS_b,M,P,les billets avec le raisin que j' aime beaucoup ne sont probablement pas fixés <eos>,13,fixés,fixées,11,M,S,fixés,-7.4577303,fixées,-10.6461315,1
11527,P_NOUN_8_PASS_b,M,P,les billets avec le raisin que j' aime beaucoup ne sont probablement pas jetés <eos>,13,jetés,jetées,11,M,S,jetés,-8.172947,jetées,-12.55402,1
11528,P_NOUN_8_PASS_b,M,P,les billets avec le raisin que j' aime beaucoup ne sont probablement pas laissés <eos>,13,laissés,laissées,11,M,S,laissés,-8.304836,laissées,-11.354812,1
11529,P_NOUN_8_PASS_b,M,P,les billets avec le raisin que j' aime beaucoup ne sont probablement pas ouverts <eos>,13,ouverts,ouvertes,11,M,S,ouverts,-8.451582,ouvertes,-12.280305,1
11530,P_NOUN_8_PASS_b,M,P,les billets avec le raisin que j' aime beaucoup ne sont probablement pas perdus <eos>,13,perdus,perdues,11,M,S,perdus,-7.3083477,perdues,-10.352742,1
11531,P_NOUN_8_PASS_b,M,P,les billets avec le raisin que j' aime beaucoup ne sont probablement pas réparés <eos>,13,réparés,réparées,11,M,S,réparés,-11.6106615,réparées,-12.78849,1
11532,P_NOUN_8_PASS_b,M,P,les billets avec le raisin que j' aime beaucoup ne sont probablement pas retirés <eos>,13,retirés,retirées,11,M,S,retirés,-7.593294,retirées,-10.081095,1
11533,P_NOUN_8_PASS_b,M,P,les billets avec le raisin que j' aime beaucoup ne sont probablement pas tombés <eos>,13,tombés,tombées,11,M,S,tombés,-7.6130733,tombées,-11.020685,1
11534,P_NOUN_8_PASS_b,M,P,les billets avec le raisin que j' aime beaucoup ne sont probablement pas utilisés <eos>,13,utilisés,utilisées,11,M,S,utilisés,-4.2330995,utilisées,-8.055309,1
11535,P_NOUN_8_PASS_b,M,P,les billets avec le chargeur que j' aime beaucoup ne sont probablement pas achetés <eos>,13,achetés,achetées,11,M,S,achetés,-7.966527,achetées,-11.679619,1
11536,P_NOUN_8_PASS_b,M,P,les billets avec le chargeur que j' aime beaucoup ne sont probablement pas brisés <eos>,13,brisés,brisées,11,M,S,brisés,-11.472818,brisées,-12.126459,1
11537,P_NOUN_8_PASS_b,M,P,les billets avec le chargeur que j' aime beaucoup ne sont probablement pas cachés <eos>,13,cachés,cachées,11,M,S,cachés,-6.572563,cachées,-11.9936905,1
11538,P_NOUN_8_PASS_b,M,P,les billets avec le chargeur que j' aime beaucoup ne sont probablement pas cassés <eos>,13,cassés,cassées,11,M,S,cassés,-10.285505,cassées,-11.637911,1
11539,P_NOUN_8_PASS_b,M,P,les billets avec le chargeur que j' aime beaucoup ne sont probablement pas couverts <eos>,13,couverts,couvertes,11,M,S,couverts,-7.6537867,couvertes,-11.850037,1
11540,P_NOUN_8_PASS_b,M,P,les billets avec le chargeur que j' aime beaucoup ne sont probablement pas déformés <eos>,13,déformés,déformées,11,M,S,déformés,-12.826421,déformées,-11.7439165,0
11541,P_NOUN_8_PASS_b,M,P,les billets avec le chargeur que j' aime beaucoup ne sont probablement pas fixés <eos>,13,fixés,fixées,11,M,S,fixés,-7.8547416,fixées,-10.456247,1
11542,P_NOUN_8_PASS_b,M,P,les billets avec le chargeur que j' aime beaucoup ne sont probablement pas jetés <eos>,13,jetés,jetées,11,M,S,jetés,-7.847375,jetées,-11.833281,1
11543,P_NOUN_8_PASS_b,M,P,les billets avec le chargeur que j' aime beaucoup ne sont probablement pas laissés <eos>,13,laissés,laissées,11,M,S,laissés,-8.392097,laissées,-11.659973,1
11544,P_NOUN_8_PASS_b,M,P,les billets avec le chargeur que j' aime beaucoup ne sont probablement pas ouverts <eos>,13,ouverts,ouvertes,11,M,S,ouverts,-7.9964333,ouvertes,-12.023435,1
11545,P_NOUN_8_PASS_b,M,P,les billets avec le chargeur que j' aime beaucoup ne sont probablement pas perdus <eos>,13,perdus,perdues,11,M,S,perdus,-6.73536,perdues,-9.893222,1
11546,P_NOUN_8_PASS_b,M,P,les billets avec le chargeur que j' aime beaucoup ne sont probablement pas réparés <eos>,13,réparés,réparées,11,M,S,réparés,-11.214198,réparées,-12.590066,1
11547,P_NOUN_8_PASS_b,M,P,les billets avec le chargeur que j' aime beaucoup ne sont probablement pas retirés <eos>,13,retirés,retirées,11,M,S,retirés,-6.9709253,retirées,-10.160853,1
11548,P_NOUN_8_PASS_b,M,P,les billets avec le chargeur que j' aime beaucoup ne sont probablement pas tombés <eos>,13,tombés,tombées,11,M,S,tombés,-7.1880054,tombées,-11.334143,1
11549,P_NOUN_8_PASS_b,M,P,les billets avec le chargeur que j' aime beaucoup ne sont probablement pas utilisés <eos>,13,utilisés,utilisées,11,M,S,utilisés,-4.0833006,utilisées,-8.063986,1
11550,P_NOUN_8_PASS_b,M,P,les billets avec le vase que j' aime beaucoup ne sont probablement pas achetés <eos>,13,achetés,achetées,11,M,S,achetés,-7.9517937,achetées,-11.776528,1
11551,P_NOUN_8_PASS_b,M,P,les billets avec le vase que j' aime beaucoup ne sont probablement pas brisés <eos>,13,brisés,brisées,11,M,S,brisés,-10.976955,brisées,-11.807286,1
11552,P_NOUN_8_PASS_b,M,P,les billets avec le vase que j' aime beaucoup ne sont probablement pas cachés <eos>,13,cachés,cachées,11,M,S,cachés,-7.1779575,cachées,-12.104415,1
11553,P_NOUN_8_PASS_b,M,P,les billets avec le vase que j' aime beaucoup ne sont probablement pas cassés <eos>,13,cassés,cassées,11,M,S,cassés,-9.868024,cassées,-11.674366,1
11554,P_NOUN_8_PASS_b,M,P,les billets avec le vase que j' aime beaucoup ne sont probablement pas couverts <eos>,13,couverts,couvertes,11,M,S,couverts,-7.1355686,couvertes,-11.62508,1
11555,P_NOUN_8_PASS_b,M,P,les billets avec le vase que j' aime beaucoup ne sont probablement pas déformés <eos>,13,déformés,déformées,11,M,S,déformés,-11.948191,déformées,-11.575842,0
11556,P_NOUN_8_PASS_b,M,P,les billets avec le vase que j' aime beaucoup ne sont probablement pas fixés <eos>,13,fixés,fixées,11,M,S,fixés,-7.6606016,fixées,-10.88428,1
11557,P_NOUN_8_PASS_b,M,P,les billets avec le vase que j' aime beaucoup ne sont probablement pas jetés <eos>,13,jetés,jetées,11,M,S,jetés,-7.406844,jetées,-11.208173,1
11558,P_NOUN_8_PASS_b,M,P,les billets avec le vase que j' aime beaucoup ne sont probablement pas laissés <eos>,13,laissés,laissées,11,M,S,laissés,-8.132681,laissées,-11.223747,1
11559,P_NOUN_8_PASS_b,M,P,les billets avec le vase que j' aime beaucoup ne sont probablement pas ouverts <eos>,13,ouverts,ouvertes,11,M,S,ouverts,-7.465232,ouvertes,-12.028713,1
11560,P_NOUN_8_PASS_b,M,P,les billets avec le vase que j' aime beaucoup ne sont probablement pas perdus <eos>,13,perdus,perdues,11,M,S,perdus,-6.263752,perdues,-9.993254,1
11561,P_NOUN_8_PASS_b,M,P,les billets avec le vase que j' aime beaucoup ne sont probablement pas réparés <eos>,13,réparés,réparées,11,M,S,réparés,-10.644753,réparées,-12.267826,1
11562,P_NOUN_8_PASS_b,M,P,les billets avec le vase que j' aime beaucoup ne sont probablement pas retirés <eos>,13,retirés,retirées,11,M,S,retirés,-7.7906647,retirées,-10.359845,1
11563,P_NOUN_8_PASS_b,M,P,les billets avec le vase que j' aime beaucoup ne sont probablement pas tombés <eos>,13,tombés,tombées,11,M,S,tombés,-7.370181,tombées,-11.024756,1
11564,P_NOUN_8_PASS_b,M,P,les billets avec le vase que j' aime beaucoup ne sont probablement pas utilisés <eos>,13,utilisés,utilisées,11,M,S,utilisés,-5.0556526,utilisées,-8.887281,1
11565,P_NOUN_8_PASS_b,M,P,les billets avec le panier que j' aime beaucoup ne sont probablement pas achetés <eos>,13,achetés,achetées,11,M,S,achetés,-7.7178755,achetées,-11.357645,1
11566,P_NOUN_8_PASS_b,M,P,les billets avec le panier que j' aime beaucoup ne sont probablement pas brisés <eos>,13,brisés,brisées,11,M,S,brisés,-11.20078,brisées,-11.886098,1
11567,P_NOUN_8_PASS_b,M,P,les billets avec le panier que j' aime beaucoup ne sont probablement pas cachés <eos>,13,cachés,cachées,11,M,S,cachés,-7.5138416,cachées,-12.587914,1
11568,P_NOUN_8_PASS_b,M,P,les billets avec le panier que j' aime beaucoup ne sont probablement pas cassés <eos>,13,cassés,cassées,11,M,S,cassés,-10.143094,cassées,-11.701479,1
11569,P_NOUN_8_PASS_b,M,P,les billets avec le panier que j' aime beaucoup ne sont probablement pas couverts <eos>,13,couverts,couvertes,11,M,S,couverts,-7.0823784,couvertes,-11.8081455,1
11570,P_NOUN_8_PASS_b,M,P,les billets avec le panier que j' aime beaucoup ne sont probablement pas déformés <eos>,13,déformés,déformées,11,M,S,déformés,-12.563227,déformées,-11.789616,0
11571,P_NOUN_8_PASS_b,M,P,les billets avec le panier que j' aime beaucoup ne sont probablement pas fixés <eos>,13,fixés,fixées,11,M,S,fixés,-7.4400125,fixées,-10.751177,1
11572,P_NOUN_8_PASS_b,M,P,les billets avec le panier que j' aime beaucoup ne sont probablement pas jetés <eos>,13,jetés,jetées,11,M,S,jetés,-7.771904,jetées,-11.788985,1
11573,P_NOUN_8_PASS_b,M,P,les billets avec le panier que j' aime beaucoup ne sont probablement pas laissés <eos>,13,laissés,laissées,11,M,S,laissés,-8.595646,laissées,-11.427761,1
11574,P_NOUN_8_PASS_b,M,P,les billets avec le panier que j' aime beaucoup ne sont probablement pas ouverts <eos>,13,ouverts,ouvertes,11,M,S,ouverts,-7.580921,ouvertes,-12.18535,1
11575,P_NOUN_8_PASS_b,M,P,les billets avec le panier que j' aime beaucoup ne sont probablement pas perdus <eos>,13,perdus,perdues,11,M,S,perdus,-6.5046043,perdues,-10.02072,1
11576,P_NOUN_8_PASS_b,M,P,les billets avec le panier que j' aime beaucoup ne sont probablement pas réparés <eos>,13,réparés,réparées,11,M,S,réparés,-11.381235,réparées,-12.743992,1
11577,P_NOUN_8_PASS_b,M,P,les billets avec le panier que j' aime beaucoup ne sont probablement pas retirés <eos>,13,retirés,retirées,11,M,S,retirés,-7.5594597,retirées,-10.265907,1
11578,P_NOUN_8_PASS_b,M,P,les billets avec le panier que j' aime beaucoup ne sont probablement pas tombés <eos>,13,tombés,tombées,11,M,S,tombés,-7.7517047,tombées,-11.539663,1
11579,P_NOUN_8_PASS_b,M,P,les billets avec le panier que j' aime beaucoup ne sont probablement pas utilisés <eos>,13,utilisés,utilisées,11,M,S,utilisés,-4.579887,utilisées,-8.518816,1
11580,P_NOUN_8_PASS_b,M,P,les billets avec le collier que j' aime beaucoup ne sont probablement pas achetés <eos>,13,achetés,achetées,11,M,S,achetés,-8.297922,achetées,-11.966225,1
11581,P_NOUN_8_PASS_b,M,P,les billets avec le collier que j' aime beaucoup ne sont probablement pas brisés <eos>,13,brisés,brisées,11,M,S,brisés,-11.126896,brisées,-11.881451,1
11582,P_NOUN_8_PASS_b,M,P,les billets avec le collier que j' aime beaucoup ne sont probablement pas cachés <eos>,13,cachés,cachées,11,M,S,cachés,-7.2807665,cachées,-12.118073,1
11583,P_NOUN_8_PASS_b,M,P,les billets avec le collier que j' aime beaucoup ne sont probablement pas cassés <eos>,13,cassés,cassées,11,M,S,cassés,-10.323643,cassées,-11.59964,1
11584,P_NOUN_8_PASS_b,M,P,les billets avec le collier que j' aime beaucoup ne sont probablement pas couverts <eos>,13,couverts,couvertes,11,M,S,couverts,-7.502723,couvertes,-12.21777,1
11585,P_NOUN_8_PASS_b,M,P,les billets avec le collier que j' aime beaucoup ne sont probablement pas déformés <eos>,13,déformés,déformées,11,M,S,déformés,-12.342483,déformées,-11.812083,0
11586,P_NOUN_8_PASS_b,M,P,les billets avec le collier que j' aime beaucoup ne sont probablement pas fixés <eos>,13,fixés,fixées,11,M,S,fixés,-7.7632294,fixées,-10.724676,1
11587,P_NOUN_8_PASS_b,M,P,les billets avec le collier que j' aime beaucoup ne sont probablement pas jetés <eos>,13,jetés,jetées,11,M,S,jetés,-7.651829,jetées,-11.567354,1
11588,P_NOUN_8_PASS_b,M,P,les billets avec le collier que j' aime beaucoup ne sont probablement pas laissés <eos>,13,laissés,laissées,11,M,S,laissés,-8.678158,laissées,-11.673834,1
11589,P_NOUN_8_PASS_b,M,P,les billets avec le collier que j' aime beaucoup ne sont probablement pas ouverts <eos>,13,ouverts,ouvertes,11,M,S,ouverts,-7.9795656,ouvertes,-12.427492,1
11590,P_NOUN_8_PASS_b,M,P,les billets avec le collier que j' aime beaucoup ne sont probablement pas perdus <eos>,13,perdus,perdues,11,M,S,perdus,-6.6473284,perdues,-10.013723,1
11591,P_NOUN_8_PASS_b,M,P,les billets avec le collier que j' aime beaucoup ne sont probablement pas réparés <eos>,13,réparés,réparées,11,M,S,réparés,-11.490068,réparées,-13.061621,1
11592,P_NOUN_8_PASS_b,M,P,les billets avec le collier que j' aime beaucoup ne sont probablement pas retirés <eos>,13,retirés,retirées,11,M,S,retirés,-7.739565,retirées,-10.619933,1
11593,P_NOUN_8_PASS_b,M,P,les billets avec le collier que j' aime beaucoup ne sont probablement pas tombés <eos>,13,tombés,tombées,11,M,S,tombés,-7.133926,tombées,-11.484907,1
11594,P_NOUN_8_PASS_b,M,P,les billets avec le collier que j' aime beaucoup ne sont probablement pas utilisés <eos>,13,utilisés,utilisées,11,M,S,utilisés,-4.692276,utilisées,-8.741371,1
11595,P_NOUN_8_PASS_b,M,P,les billets avec le chapeau que j' aime beaucoup ne sont probablement pas achetés <eos>,13,achetés,achetées,11,M,S,achetés,-8.18487,achetées,-11.920603,1
11596,P_NOUN_8_PASS_b,M,P,les billets avec le chapeau que j' aime beaucoup ne sont probablement pas brisés <eos>,13,brisés,brisées,11,M,S,brisés,-11.226689,brisées,-12.008155,1
11597,P_NOUN_8_PASS_b,M,P,les billets avec le chapeau que j' aime beaucoup ne sont probablement pas cachés <eos>,13,cachés,cachées,11,M,S,cachés,-7.121756,cachées,-11.998699,1
11598,P_NOUN_8_PASS_b,M,P,les billets avec le chapeau que j' aime beaucoup ne sont probablement pas cassés <eos>,13,cassés,cassées,11,M,S,cassés,-10.263351,cassées,-11.475417,1
11599,P_NOUN_8_PASS_b,M,P,les billets avec le chapeau que j' aime beaucoup ne sont probablement pas couverts <eos>,13,couverts,couvertes,11,M,S,couverts,-7.3867273,couvertes,-11.912427,1
11600,P_NOUN_8_PASS_b,M,P,les billets avec le chapeau que j' aime beaucoup ne sont probablement pas déformés <eos>,13,déformés,déformées,11,M,S,déformés,-12.256557,déformées,-11.641065,0
11601,P_NOUN_8_PASS_b,M,P,les billets avec le chapeau que j' aime beaucoup ne sont probablement pas fixés <eos>,13,fixés,fixées,11,M,S,fixés,-7.968261,fixées,-10.966498,1
11602,P_NOUN_8_PASS_b,M,P,les billets avec le chapeau que j' aime beaucoup ne sont probablement pas jetés <eos>,13,jetés,jetées,11,M,S,jetés,-7.648638,jetées,-11.45517,1
11603,P_NOUN_8_PASS_b,M,P,les billets avec le chapeau que j' aime beaucoup ne sont probablement pas laissés <eos>,13,laissés,laissées,11,M,S,laissés,-8.492909,laissées,-11.621766,1
11604,P_NOUN_8_PASS_b,M,P,les billets avec le chapeau que j' aime beaucoup ne sont probablement pas ouverts <eos>,13,ouverts,ouvertes,11,M,S,ouverts,-7.7090607,ouvertes,-12.055417,1
11605,P_NOUN_8_PASS_b,M,P,les billets avec le chapeau que j' aime beaucoup ne sont probablement pas perdus <eos>,13,perdus,perdues,11,M,S,perdus,-6.758828,perdues,-10.131832,1
11606,P_NOUN_8_PASS_b,M,P,les billets avec le chapeau que j' aime beaucoup ne sont probablement pas réparés <eos>,13,réparés,réparées,11,M,S,réparés,-11.503405,réparées,-12.914099,1
11607,P_NOUN_8_PASS_b,M,P,les billets avec le chapeau que j' aime beaucoup ne sont probablement pas retirés <eos>,13,retirés,retirées,11,M,S,retirés,-7.8307257,retirées,-10.473832,1
11608,P_NOUN_8_PASS_b,M,P,les billets avec le chapeau que j' aime beaucoup ne sont probablement pas tombés <eos>,13,tombés,tombées,11,M,S,tombés,-7.3649254,tombées,-11.337243,1
11609,P_NOUN_8_PASS_b,M,P,les billets avec le chapeau que j' aime beaucoup ne sont probablement pas utilisés <eos>,13,utilisés,utilisées,11,M,S,utilisés,-4.8697186,utilisées,-8.793442,1
11610,P_NOUN_8_PASS_b,M,P,les billets avec le pot que j' aime beaucoup ne sont probablement pas achetés <eos>,13,achetés,achetées,11,M,S,achetés,-7.9388504,achetées,-11.663213,1
11611,P_NOUN_8_PASS_b,M,P,les billets avec le pot que j' aime beaucoup ne sont probablement pas brisés <eos>,13,brisés,brisées,11,M,S,brisés,-11.136035,brisées,-11.951081,1
11612,P_NOUN_8_PASS_b,M,P,les billets avec le pot que j' aime beaucoup ne sont probablement pas cachés <eos>,13,cachés,cachées,11,M,S,cachés,-7.23487,cachées,-12.361013,1
11613,P_NOUN_8_PASS_b,M,P,les billets avec le pot que j' aime beaucoup ne sont probablement pas cassés <eos>,13,cassés,cassées,11,M,S,cassés,-9.936544,cassées,-11.66444,1
11614,P_NOUN_8_PASS_b,M,P,les billets avec le pot que j' aime beaucoup ne sont probablement pas couverts <eos>,13,couverts,couvertes,11,M,S,couverts,-6.9488363,couvertes,-11.65563,1
11615,P_NOUN_8_PASS_b,M,P,les billets avec le pot que j' aime beaucoup ne sont probablement pas déformés <eos>,13,déformés,déformées,11,M,S,déformés,-12.291838,déformées,-11.866343,0
11616,P_NOUN_8_PASS_b,M,P,les billets avec le pot que j' aime beaucoup ne sont probablement pas fixés <eos>,13,fixés,fixées,11,M,S,fixés,-7.4566693,fixées,-10.660509,1
11617,P_NOUN_8_PASS_b,M,P,les billets avec le pot que j' aime beaucoup ne sont probablement pas jetés <eos>,13,jetés,jetées,11,M,S,jetés,-7.6933336,jetées,-11.59451,1
11618,P_NOUN_8_PASS_b,M,P,les billets avec le pot que j' aime beaucoup ne sont probablement pas laissés <eos>,13,laissés,laissées,11,M,S,laissés,-8.3701105,laissées,-11.2993965,1
11619,P_NOUN_8_PASS_b,M,P,les billets avec le pot que j' aime beaucoup ne sont probablement pas ouverts <eos>,13,ouverts,ouvertes,11,M,S,ouverts,-7.829573,ouvertes,-12.29479,1
11620,P_NOUN_8_PASS_b,M,P,les billets avec le pot que j' aime beaucoup ne sont probablement pas perdus <eos>,13,perdus,perdues,11,M,S,perdus,-6.6163244,perdues,-10.113384,1
11621,P_NOUN_8_PASS_b,M,P,les billets avec le pot que j' aime beaucoup ne sont probablement pas réparés <eos>,13,réparés,réparées,11,M,S,réparés,-10.9547205,réparées,-12.516703,1
11622,P_NOUN_8_PASS_b,M,P,les billets avec le pot que j' aime beaucoup ne sont probablement pas retirés <eos>,13,retirés,retirées,11,M,S,retirés,-7.6498394,retirées,-10.189307,1
11623,P_NOUN_8_PASS_b,M,P,les billets avec le pot que j' aime beaucoup ne sont probablement pas tombés <eos>,13,tombés,tombées,11,M,S,tombés,-7.433035,tombées,-11.183873,1
11624,P_NOUN_8_PASS_b,M,P,les billets avec le pot que j' aime beaucoup ne sont probablement pas utilisés <eos>,13,utilisés,utilisées,11,M,S,utilisés,-4.531349,utilisées,-8.530903,1
11625,P_NOUN_8_PASS_b,M,P,les billets avec le coussin que j' aime beaucoup ne sont probablement pas achetés <eos>,13,achetés,achetées,11,M,S,achetés,-8.530855,achetées,-11.9875145,1
11626,P_NOUN_8_PASS_b,M,P,les billets avec le coussin que j' aime beaucoup ne sont probablement pas brisés <eos>,13,brisés,brisées,11,M,S,brisés,-10.89362,brisées,-11.772577,1
11627,P_NOUN_8_PASS_b,M,P,les billets avec le coussin que j' aime beaucoup ne sont probablement pas cachés <eos>,13,cachés,cachées,11,M,S,cachés,-7.091158,cachées,-12.173544,1
11628,P_NOUN_8_PASS_b,M,P,les billets avec le coussin que j' aime beaucoup ne sont probablement pas cassés <eos>,13,cassés,cassées,11,M,S,cassés,-10.26778,cassées,-11.366972,1
11629,P_NOUN_8_PASS_b,M,P,les billets avec le coussin que j' aime beaucoup ne sont probablement pas couverts <eos>,13,couverts,couvertes,11,M,S,couverts,-7.5242066,couvertes,-11.762218,1
11630,P_NOUN_8_PASS_b,M,P,les billets avec le coussin que j' aime beaucoup ne sont probablement pas déformés <eos>,13,déformés,déformées,11,M,S,déformés,-12.222374,déformées,-11.552053,0
11631,P_NOUN_8_PASS_b,M,P,les billets avec le coussin que j' aime beaucoup ne sont probablement pas fixés <eos>,13,fixés,fixées,11,M,S,fixés,-7.4971585,fixées,-10.467033,1
11632,P_NOUN_8_PASS_b,M,P,les billets avec le coussin que j' aime beaucoup ne sont probablement pas jetés <eos>,13,jetés,jetées,11,M,S,jetés,-7.679905,jetées,-11.537849,1
11633,P_NOUN_8_PASS_b,M,P,les billets avec le coussin que j' aime beaucoup ne sont probablement pas laissés <eos>,13,laissés,laissées,11,M,S,laissés,-8.654379,laissées,-11.567223,1
11634,P_NOUN_8_PASS_b,M,P,les billets avec le coussin que j' aime beaucoup ne sont probablement pas ouverts <eos>,13,ouverts,ouvertes,11,M,S,ouverts,-7.8650756,ouvertes,-12.30217,1
11635,P_NOUN_8_PASS_b,M,P,les billets avec le coussin que j' aime beaucoup ne sont probablement pas perdus <eos>,13,perdus,perdues,11,M,S,perdus,-6.8328505,perdues,-10.213148,1
11636,P_NOUN_8_PASS_b,M,P,les billets avec le coussin que j' aime beaucoup ne sont probablement pas réparés <eos>,13,réparés,réparées,11,M,S,réparés,-11.540966,réparées,-13.030417,1
11637,P_NOUN_8_PASS_b,M,P,les billets avec le coussin que j' aime beaucoup ne sont probablement pas retirés <eos>,13,retirés,retirées,11,M,S,retirés,-7.5694466,retirées,-10.324584,1
11638,P_NOUN_8_PASS_b,M,P,les billets avec le coussin que j' aime beaucoup ne sont probablement pas tombés <eos>,13,tombés,tombées,11,M,S,tombés,-7.4266396,tombées,-11.420469,1
11639,P_NOUN_8_PASS_b,M,P,les billets avec le coussin que j' aime beaucoup ne sont probablement pas utilisés <eos>,13,utilisés,utilisées,11,M,S,utilisés,-4.3826723,utilisées,-8.395146,1
11640,P_NOUN_8_PASS_b,M,P,les billets avec le jouet que j' aime beaucoup ne sont probablement pas achetés <eos>,13,achetés,achetées,11,M,S,achetés,-7.961918,achetées,-12.0025215,1
11641,P_NOUN_8_PASS_b,M,P,les billets avec le jouet que j' aime beaucoup ne sont probablement pas brisés <eos>,13,brisés,brisées,11,M,S,brisés,-11.02595,brisées,-11.7965765,1
11642,P_NOUN_8_PASS_b,M,P,les billets avec le jouet que j' aime beaucoup ne sont probablement pas cachés <eos>,13,cachés,cachées,11,M,S,cachés,-7.3416986,cachées,-12.128119,1
11643,P_NOUN_8_PASS_b,M,P,les billets avec le jouet que j' aime beaucoup ne sont probablement pas cassés <eos>,13,cassés,cassées,11,M,S,cassés,-10.26461,cassées,-11.5808525,1
11644,P_NOUN_8_PASS_b,M,P,les billets avec le jouet que j' aime beaucoup ne sont probablement pas couverts <eos>,13,couverts,couvertes,11,M,S,couverts,-7.37635,couvertes,-11.92622,1
11645,P_NOUN_8_PASS_b,M,P,les billets avec le jouet que j' aime beaucoup ne sont probablement pas déformés <eos>,13,déformés,déformées,11,M,S,déformés,-12.157984,déformées,-11.635597,0
11646,P_NOUN_8_PASS_b,M,P,les billets avec le jouet que j' aime beaucoup ne sont probablement pas fixés <eos>,13,fixés,fixées,11,M,S,fixés,-7.610343,fixées,-10.52007,1
11647,P_NOUN_8_PASS_b,M,P,les billets avec le jouet que j' aime beaucoup ne sont probablement pas jetés <eos>,13,jetés,jetées,11,M,S,jetés,-7.6204815,jetées,-11.517116,1
11648,P_NOUN_8_PASS_b,M,P,les billets avec le jouet que j' aime beaucoup ne sont probablement pas laissés <eos>,13,laissés,laissées,11,M,S,laissés,-8.719917,laissées,-11.673447,1
11649,P_NOUN_8_PASS_b,M,P,les billets avec le jouet que j' aime beaucoup ne sont probablement pas ouverts <eos>,13,ouverts,ouvertes,11,M,S,ouverts,-7.704859,ouvertes,-12.155113,1
11650,P_NOUN_8_PASS_b,M,P,les billets avec le jouet que j' aime beaucoup ne sont probablement pas perdus <eos>,13,perdus,perdues,11,M,S,perdus,-6.776085,perdues,-10.29399,1
11651,P_NOUN_8_PASS_b,M,P,les billets avec le jouet que j' aime beaucoup ne sont probablement pas réparés <eos>,13,réparés,réparées,11,M,S,réparés,-11.758024,réparées,-13.056289,1
11652,P_NOUN_8_PASS_b,M,P,les billets avec le jouet que j' aime beaucoup ne sont probablement pas retirés <eos>,13,retirés,retirées,11,M,S,retirés,-7.8935556,retirées,-10.441152,1
11653,P_NOUN_8_PASS_b,M,P,les billets avec le jouet que j' aime beaucoup ne sont probablement pas tombés <eos>,13,tombés,tombées,11,M,S,tombés,-7.6981277,tombées,-11.536453,1
11654,P_NOUN_8_PASS_b,M,P,les billets avec le jouet que j' aime beaucoup ne sont probablement pas utilisés <eos>,13,utilisés,utilisées,11,M,S,utilisés,-4.681302,utilisées,-8.565454,1
11655,P_NOUN_8_PASS_b,M,P,les billets avec le clou que j' aime beaucoup ne sont probablement pas achetés <eos>,13,achetés,achetées,11,M,S,achetés,-8.376442,achetées,-11.990377,1
11656,P_NOUN_8_PASS_b,M,P,les billets avec le clou que j' aime beaucoup ne sont probablement pas brisés <eos>,13,brisés,brisées,11,M,S,brisés,-10.902391,brisées,-11.844683,1
11657,P_NOUN_8_PASS_b,M,P,les billets avec le clou que j' aime beaucoup ne sont probablement pas cachés <eos>,13,cachés,cachées,11,M,S,cachés,-7.3568907,cachées,-12.044199,1
11658,P_NOUN_8_PASS_b,M,P,les billets avec le clou que j' aime beaucoup ne sont probablement pas cassés <eos>,13,cassés,cassées,11,M,S,cassés,-9.971134,cassées,-11.377184,1
11659,P_NOUN_8_PASS_b,M,P,les billets avec le clou que j' aime beaucoup ne sont probablement pas couverts <eos>,13,couverts,couvertes,11,M,S,couverts,-7.465163,couvertes,-11.891272,1
11660,P_NOUN_8_PASS_b,M,P,les billets avec le clou que j' aime beaucoup ne sont probablement pas déformés <eos>,13,déformés,déformées,11,M,S,déformés,-12.211643,déformées,-11.662756,0
11661,P_NOUN_8_PASS_b,M,P,les billets avec le clou que j' aime beaucoup ne sont probablement pas fixés <eos>,13,fixés,fixées,11,M,S,fixés,-7.769825,fixées,-10.664695,1
11662,P_NOUN_8_PASS_b,M,P,les billets avec le clou que j' aime beaucoup ne sont probablement pas jetés <eos>,13,jetés,jetées,11,M,S,jetés,-7.779124,jetées,-11.629639,1
11663,P_NOUN_8_PASS_b,M,P,les billets avec le clou que j' aime beaucoup ne sont probablement pas laissés <eos>,13,laissés,laissées,11,M,S,laissés,-8.512871,laissées,-11.712791,1
11664,P_NOUN_8_PASS_b,M,P,les billets avec le clou que j' aime beaucoup ne sont probablement pas ouverts <eos>,13,ouverts,ouvertes,11,M,S,ouverts,-7.968748,ouvertes,-12.12361,1
11665,P_NOUN_8_PASS_b,M,P,les billets avec le clou que j' aime beaucoup ne sont probablement pas perdus <eos>,13,perdus,perdues,11,M,S,perdus,-6.6674833,perdues,-10.079143,1
11666,P_NOUN_8_PASS_b,M,P,les billets avec le clou que j' aime beaucoup ne sont probablement pas réparés <eos>,13,réparés,réparées,11,M,S,réparés,-11.419097,réparées,-12.708603,1
11667,P_NOUN_8_PASS_b,M,P,les billets avec le clou que j' aime beaucoup ne sont probablement pas retirés <eos>,13,retirés,retirées,11,M,S,retirés,-7.738077,retirées,-10.262462,1
11668,P_NOUN_8_PASS_b,M,P,les billets avec le clou que j' aime beaucoup ne sont probablement pas tombés <eos>,13,tombés,tombées,11,M,S,tombés,-7.130384,tombées,-11.157534,1
11669,P_NOUN_8_PASS_b,M,P,les billets avec le clou que j' aime beaucoup ne sont probablement pas utilisés <eos>,13,utilisés,utilisées,11,M,S,utilisés,-4.8955426,utilisées,-8.831039,1
11670,P_NOUN_8_PASS_b,M,P,les billets avec le billet que j' aime beaucoup ne sont probablement pas achetés <eos>,13,achetés,achetées,11,M,S,achetés,-8.096771,achetées,-11.572381,1
11671,P_NOUN_8_PASS_b,M,P,les billets avec le billet que j' aime beaucoup ne sont probablement pas brisés <eos>,13,brisés,brisées,11,M,S,brisés,-11.718898,brisées,-12.34192,1
11672,P_NOUN_8_PASS_b,M,P,les billets avec le billet que j' aime beaucoup ne sont probablement pas cachés <eos>,13,cachés,cachées,11,M,S,cachés,-7.14036,cachées,-12.460362,1
11673,P_NOUN_8_PASS_b,M,P,les billets avec le billet que j' aime beaucoup ne sont probablement pas cassés <eos>,13,cassés,cassées,11,M,S,cassés,-10.648671,cassées,-12.018247,1
11674,P_NOUN_8_PASS_b,M,P,les billets avec le billet que j' aime beaucoup ne sont probablement pas couverts <eos>,13,couverts,couvertes,11,M,S,couverts,-7.619384,couvertes,-12.348678,1
11675,P_NOUN_8_PASS_b,M,P,les billets avec le billet que j' aime beaucoup ne sont probablement pas déformés <eos>,13,déformés,déformées,11,M,S,déformés,-12.6649885,déformées,-11.933392,0
11676,P_NOUN_8_PASS_b,M,P,les billets avec le billet que j' aime beaucoup ne sont probablement pas fixés <eos>,13,fixés,fixées,11,M,S,fixés,-7.640769,fixées,-10.649886,1
11677,P_NOUN_8_PASS_b,M,P,les billets avec le billet que j' aime beaucoup ne sont probablement pas jetés <eos>,13,jetés,jetées,11,M,S,jetés,-8.004635,jetées,-11.746197,1
11678,P_NOUN_8_PASS_b,M,P,les billets avec le billet que j' aime beaucoup ne sont probablement pas laissés <eos>,13,laissés,laissées,11,M,S,laissés,-8.932908,laissées,-11.768031,1
11679,P_NOUN_8_PASS_b,M,P,les billets avec le billet que j' aime beaucoup ne sont probablement pas ouverts <eos>,13,ouverts,ouvertes,11,M,S,ouverts,-7.8775425,ouvertes,-12.451241,1
11680,P_NOUN_8_PASS_b,M,P,les billets avec le billet que j' aime beaucoup ne sont probablement pas perdus <eos>,13,perdus,perdues,11,M,S,perdus,-6.66018,perdues,-9.84498,1
11681,P_NOUN_8_PASS_b,M,P,les billets avec le billet que j' aime beaucoup ne sont probablement pas réparés <eos>,13,réparés,réparées,11,M,S,réparés,-11.919507,réparées,-13.132312,1
11682,P_NOUN_8_PASS_b,M,P,les billets avec le billet que j' aime beaucoup ne sont probablement pas retirés <eos>,13,retirés,retirées,11,M,S,retirés,-7.6224365,retirées,-10.314592,1
11683,P_NOUN_8_PASS_b,M,P,les billets avec le billet que j' aime beaucoup ne sont probablement pas tombés <eos>,13,tombés,tombées,11,M,S,tombés,-7.7049437,tombées,-11.553557,1
11684,P_NOUN_8_PASS_b,M,P,les billets avec le billet que j' aime beaucoup ne sont probablement pas utilisés <eos>,13,utilisés,utilisées,11,M,S,utilisés,-4.7163663,utilisées,-8.593636,1
11685,P_NOUN_8_PASS_b,M,P,les billets avec le légume que j' aime beaucoup ne sont probablement pas achetés <eos>,13,achetés,achetées,11,M,S,achetés,-8.088565,achetées,-11.941383,1
11686,P_NOUN_8_PASS_b,M,P,les billets avec le légume que j' aime beaucoup ne sont probablement pas brisés <eos>,13,brisés,brisées,11,M,S,brisés,-11.153231,brisées,-12.090733,1
11687,P_NOUN_8_PASS_b,M,P,les billets avec le légume que j' aime beaucoup ne sont probablement pas cachés <eos>,13,cachés,cachées,11,M,S,cachés,-7.955068,cachées,-12.834398,1
11688,P_NOUN_8_PASS_b,M,P,les billets avec le légume que j' aime beaucoup ne sont probablement pas cassés <eos>,13,cassés,cassées,11,M,S,cassés,-9.714731,cassées,-11.698814,1
11689,P_NOUN_8_PASS_b,M,P,les billets avec le légume que j' aime beaucoup ne sont probablement pas couverts <eos>,13,couverts,couvertes,11,M,S,couverts,-6.4614534,couvertes,-11.512438,1
11690,P_NOUN_8_PASS_b,M,P,les billets avec le légume que j' aime beaucoup ne sont probablement pas déformés <eos>,13,déformés,déformées,11,M,S,déformés,-12.580959,déformées,-12.443878,0
11691,P_NOUN_8_PASS_b,M,P,les billets avec le légume que j' aime beaucoup ne sont probablement pas fixés <eos>,13,fixés,fixées,11,M,S,fixés,-8.032526,fixées,-11.129916,1
11692,P_NOUN_8_PASS_b,M,P,les billets avec le légume que j' aime beaucoup ne sont probablement pas jetés <eos>,13,jetés,jetées,11,M,S,jetés,-8.434891,jetées,-11.781723,1
11693,P_NOUN_8_PASS_b,M,P,les billets avec le légume que j' aime beaucoup ne sont probablement pas laissés <eos>,13,laissés,laissées,11,M,S,laissés,-8.282175,laissées,-11.135735,1
11694,P_NOUN_8_PASS_b,M,P,les billets avec le légume que j' aime beaucoup ne sont probablement pas ouverts <eos>,13,ouverts,ouvertes,11,M,S,ouverts,-7.4103937,ouvertes,-12.200533,1
11695,P_NOUN_8_PASS_b,M,P,les billets avec le légume que j' aime beaucoup ne sont probablement pas perdus <eos>,13,perdus,perdues,11,M,S,perdus,-6.7865157,perdues,-10.365679,1
11696,P_NOUN_8_PASS_b,M,P,les billets avec le légume que j' aime beaucoup ne sont probablement pas réparés <eos>,13,réparés,réparées,11,M,S,réparés,-11.199203,réparées,-13.019731,1
11697,P_NOUN_8_PASS_b,M,P,les billets avec le légume que j' aime beaucoup ne sont probablement pas retirés <eos>,13,retirés,retirées,11,M,S,retirés,-8.009491,retirées,-10.886877,1
11698,P_NOUN_8_PASS_b,M,P,les billets avec le légume que j' aime beaucoup ne sont probablement pas tombés <eos>,13,tombés,tombées,11,M,S,tombés,-7.555252,tombées,-11.272745,1
11699,P_NOUN_8_PASS_b,M,P,les billets avec le légume que j' aime beaucoup ne sont probablement pas utilisés <eos>,13,utilisés,utilisées,11,M,S,utilisés,-4.9422717,utilisées,-8.789291,1
11700,P_NOUN_8_PASS_b,M,P,les légumes avec le bracelet que j' aime beaucoup ne sont probablement pas achetés <eos>,13,achetés,achetées,11,M,S,achetés,-8.581635,achetées,-12.589487,1
11701,P_NOUN_8_PASS_b,M,P,les légumes avec le bracelet que j' aime beaucoup ne sont probablement pas brisés <eos>,13,brisés,brisées,11,M,S,brisés,-10.45409,brisées,-11.3413925,1
11702,P_NOUN_8_PASS_b,M,P,les légumes avec le bracelet que j' aime beaucoup ne sont probablement pas cachés <eos>,13,cachés,cachées,11,M,S,cachés,-8.014773,cachées,-11.513549,1
11703,P_NOUN_8_PASS_b,M,P,les légumes avec le bracelet que j' aime beaucoup ne sont probablement pas cassés <eos>,13,cassés,cassées,11,M,S,cassés,-9.080103,cassées,-10.816102,1
11704,P_NOUN_8_PASS_b,M,P,les légumes avec le bracelet que j' aime beaucoup ne sont probablement pas couverts <eos>,13,couverts,couvertes,11,M,S,couverts,-6.829852,couvertes,-11.111318,1
11705,P_NOUN_8_PASS_b,M,P,les légumes avec le bracelet que j' aime beaucoup ne sont probablement pas déformés <eos>,13,déformés,déformées,11,M,S,déformés,-12.496653,déformées,-11.407448,0
11706,P_NOUN_8_PASS_b,M,P,les légumes avec le bracelet que j' aime beaucoup ne sont probablement pas fixés <eos>,13,fixés,fixées,11,M,S,fixés,-7.8662405,fixées,-10.654963,1
11707,P_NOUN_8_PASS_b,M,P,les légumes avec le bracelet que j' aime beaucoup ne sont probablement pas jetés <eos>,13,jetés,jetées,11,M,S,jetés,-7.8820333,jetées,-11.169014,1
11708,P_NOUN_8_PASS_b,M,P,les légumes avec le bracelet que j' aime beaucoup ne sont probablement pas laissés <eos>,13,laissés,laissées,11,M,S,laissés,-8.361666,laissées,-11.280531,1
11709,P_NOUN_8_PASS_b,M,P,les légumes avec le bracelet que j' aime beaucoup ne sont probablement pas ouverts <eos>,13,ouverts,ouvertes,11,M,S,ouverts,-8.236604,ouvertes,-11.656683,1
11710,P_NOUN_8_PASS_b,M,P,les légumes avec le bracelet que j' aime beaucoup ne sont probablement pas perdus <eos>,13,perdus,perdues,11,M,S,perdus,-7.0726423,perdues,-10.497402,1
11711,P_NOUN_8_PASS_b,M,P,les légumes avec le bracelet que j' aime beaucoup ne sont probablement pas réparés <eos>,13,réparés,réparées,11,M,S,réparés,-11.764194,réparées,-13.127467,1
11712,P_NOUN_8_PASS_b,M,P,les légumes avec le bracelet que j' aime beaucoup ne sont probablement pas retirés <eos>,13,retirés,retirées,11,M,S,retirés,-8.280018,retirées,-11.11436,1
11713,P_NOUN_8_PASS_b,M,P,les légumes avec le bracelet que j' aime beaucoup ne sont probablement pas tombés <eos>,13,tombés,tombées,11,M,S,tombés,-6.3273916,tombées,-10.527556,1
11714,P_NOUN_8_PASS_b,M,P,les légumes avec le bracelet que j' aime beaucoup ne sont probablement pas utilisés <eos>,13,utilisés,utilisées,11,M,S,utilisés,-4.4057264,utilisées,-8.006789,1
11715,P_NOUN_8_PASS_b,M,P,les légumes avec le miroir que j' aime beaucoup ne sont probablement pas achetés <eos>,13,achetés,achetées,11,M,S,achetés,-8.737543,achetées,-13.389063,1
11716,P_NOUN_8_PASS_b,M,P,les légumes avec le miroir que j' aime beaucoup ne sont probablement pas brisés <eos>,13,brisés,brisées,11,M,S,brisés,-10.507092,brisées,-11.934542,1
11717,P_NOUN_8_PASS_b,M,P,les légumes avec le miroir que j' aime beaucoup ne sont probablement pas cachés <eos>,13,cachés,cachées,11,M,S,cachés,-8.165409,cachées,-11.315656,1
11718,P_NOUN_8_PASS_b,M,P,les légumes avec le miroir que j' aime beaucoup ne sont probablement pas cassés <eos>,13,cassés,cassées,11,M,S,cassés,-8.9654,cassées,-11.064098,1
11719,P_NOUN_8_PASS_b,M,P,les légumes avec le miroir que j' aime beaucoup ne sont probablement pas couverts <eos>,13,couverts,couvertes,11,M,S,couverts,-6.6181173,couvertes,-10.804275,1
11720,P_NOUN_8_PASS_b,M,P,les légumes avec le miroir que j' aime beaucoup ne sont probablement pas déformés <eos>,13,déformés,déformées,11,M,S,déformés,-11.80377,déformées,-10.790774,0
11721,P_NOUN_8_PASS_b,M,P,les légumes avec le miroir que j' aime beaucoup ne sont probablement pas fixés <eos>,13,fixés,fixées,11,M,S,fixés,-8.823713,fixées,-11.511145,1
11722,P_NOUN_8_PASS_b,M,P,les légumes avec le miroir que j' aime beaucoup ne sont probablement pas jetés <eos>,13,jetés,jetées,11,M,S,jetés,-9.05192,jetées,-12.03517,1
11723,P_NOUN_8_PASS_b,M,P,les légumes avec le miroir que j' aime beaucoup ne sont probablement pas laissés <eos>,13,laissés,laissées,11,M,S,laissés,-8.174693,laissées,-11.043616,1
11724,P_NOUN_8_PASS_b,M,P,les légumes avec le miroir que j' aime beaucoup ne sont probablement pas ouverts <eos>,13,ouverts,ouvertes,11,M,S,ouverts,-7.7617226,ouvertes,-11.320452,1
11725,P_NOUN_8_PASS_b,M,P,les légumes avec le miroir que j' aime beaucoup ne sont probablement pas perdus <eos>,13,perdus,perdues,11,M,S,perdus,-7.178412,perdues,-10.535955,1
11726,P_NOUN_8_PASS_b,M,P,les légumes avec le miroir que j' aime beaucoup ne sont probablement pas réparés <eos>,13,réparés,réparées,11,M,S,réparés,-11.71397,réparées,-12.995404,1
11727,P_NOUN_8_PASS_b,M,P,les légumes avec le miroir que j' aime beaucoup ne sont probablement pas retirés <eos>,13,retirés,retirées,11,M,S,retirés,-8.7032385,retirées,-11.434038,1
11728,P_NOUN_8_PASS_b,M,P,les légumes avec le miroir que j' aime beaucoup ne sont probablement pas tombés <eos>,13,tombés,tombées,11,M,S,tombés,-7.213958,tombées,-10.537306,1
11729,P_NOUN_8_PASS_b,M,P,les légumes avec le miroir que j' aime beaucoup ne sont probablement pas utilisés <eos>,13,utilisés,utilisées,11,M,S,utilisés,-4.8103704,utilisées,-8.306863,1
11730,P_NOUN_8_PASS_b,M,P,les légumes avec le crayon que j' aime beaucoup ne sont probablement pas achetés <eos>,13,achetés,achetées,11,M,S,achetés,-8.134134,achetées,-12.767561,1
11731,P_NOUN_8_PASS_b,M,P,les légumes avec le crayon que j' aime beaucoup ne sont probablement pas brisés <eos>,13,brisés,brisées,11,M,S,brisés,-10.88798,brisées,-12.062663,1
11732,P_NOUN_8_PASS_b,M,P,les légumes avec le crayon que j' aime beaucoup ne sont probablement pas cachés <eos>,13,cachés,cachées,11,M,S,cachés,-7.9376125,cachées,-11.530045,1
11733,P_NOUN_8_PASS_b,M,P,les légumes avec le crayon que j' aime beaucoup ne sont probablement pas cassés <eos>,13,cassés,cassées,11,M,S,cassés,-8.801689,cassées,-10.902575,1
11734,P_NOUN_8_PASS_b,M,P,les légumes avec le crayon que j' aime beaucoup ne sont probablement pas couverts <eos>,13,couverts,couvertes,11,M,S,couverts,-6.5352306,couvertes,-10.827946,1
11735,P_NOUN_8_PASS_b,M,P,les légumes avec le crayon que j' aime beaucoup ne sont probablement pas déformés <eos>,13,déformés,déformées,11,M,S,déformés,-12.230011,déformées,-10.6825695,0
11736,P_NOUN_8_PASS_b,M,P,les légumes avec le crayon que j' aime beaucoup ne sont probablement pas fixés <eos>,13,fixés,fixées,11,M,S,fixés,-8.845049,fixées,-11.307907,1
11737,P_NOUN_8_PASS_b,M,P,les légumes avec le crayon que j' aime beaucoup ne sont probablement pas jetés <eos>,13,jetés,jetées,11,M,S,jetés,-8.70101,jetées,-11.656257,1
11738,P_NOUN_8_PASS_b,M,P,les légumes avec le crayon que j' aime beaucoup ne sont probablement pas laissés <eos>,13,laissés,laissées,11,M,S,laissés,-7.999399,laissées,-11.019828,1
11739,P_NOUN_8_PASS_b,M,P,les légumes avec le crayon que j' aime beaucoup ne sont probablement pas ouverts <eos>,13,ouverts,ouvertes,11,M,S,ouverts,-8.080708,ouvertes,-11.670517,1
11740,P_NOUN_8_PASS_b,M,P,les légumes avec le crayon que j' aime beaucoup ne sont probablement pas perdus <eos>,13,perdus,perdues,11,M,S,perdus,-7.5616717,perdues,-10.39846,1
11741,P_NOUN_8_PASS_b,M,P,les légumes avec le crayon que j' aime beaucoup ne sont probablement pas réparés <eos>,13,réparés,réparées,11,M,S,réparés,-11.623913,réparées,-12.511599,1
11742,P_NOUN_8_PASS_b,M,P,les légumes avec le crayon que j' aime beaucoup ne sont probablement pas retirés <eos>,13,retirés,retirées,11,M,S,retirés,-8.600401,retirées,-11.030622,1
11743,P_NOUN_8_PASS_b,M,P,les légumes avec le crayon que j' aime beaucoup ne sont probablement pas tombés <eos>,13,tombés,tombées,11,M,S,tombés,-7.454111,tombées,-10.456049,1
11744,P_NOUN_8_PASS_b,M,P,les légumes avec le crayon que j' aime beaucoup ne sont probablement pas utilisés <eos>,13,utilisés,utilisées,11,M,S,utilisés,-4.461441,utilisées,-7.844821,1
11745,P_NOUN_8_PASS_b,M,P,les légumes avec le rideau que j' aime beaucoup ne sont probablement pas achetés <eos>,13,achetés,achetées,11,M,S,achetés,-9.16338,achetées,-13.462587,1
11746,P_NOUN_8_PASS_b,M,P,les légumes avec le rideau que j' aime beaucoup ne sont probablement pas brisés <eos>,13,brisés,brisées,11,M,S,brisés,-10.677451,brisées,-12.179885,1
11747,P_NOUN_8_PASS_b,M,P,les légumes avec le rideau que j' aime beaucoup ne sont probablement pas cachés <eos>,13,cachés,cachées,11,M,S,cachés,-8.770026,cachées,-11.432434,1
11748,P_NOUN_8_PASS_b,M,P,les légumes avec le rideau que j' aime beaucoup ne sont probablement pas cassés <eos>,13,cassés,cassées,11,M,S,cassés,-9.405099,cassées,-11.1817875,1
11749,P_NOUN_8_PASS_b,M,P,les légumes avec le rideau que j' aime beaucoup ne sont probablement pas couverts <eos>,13,couverts,couvertes,11,M,S,couverts,-6.4684477,couvertes,-10.677194,1
11750,P_NOUN_8_PASS_b,M,P,les légumes avec le rideau que j' aime beaucoup ne sont probablement pas déformés <eos>,13,déformés,déformées,11,M,S,déformés,-11.818504,déformées,-11.270193,0
11751,P_NOUN_8_PASS_b,M,P,les légumes avec le rideau que j' aime beaucoup ne sont probablement pas fixés <eos>,13,fixés,fixées,11,M,S,fixés,-8.555656,fixées,-11.240987,1
11752,P_NOUN_8_PASS_b,M,P,les légumes avec le rideau que j' aime beaucoup ne sont probablement pas jetés <eos>,13,jetés,jetées,11,M,S,jetés,-9.171143,jetées,-11.863326,1
11753,P_NOUN_8_PASS_b,M,P,les légumes avec le rideau que j' aime beaucoup ne sont probablement pas laissés <eos>,13,laissés,laissées,11,M,S,laissés,-8.295087,laissées,-11.2686615,1
11754,P_NOUN_8_PASS_b,M,P,les légumes avec le rideau que j' aime beaucoup ne sont probablement pas ouverts <eos>,13,ouverts,ouvertes,11,M,S,ouverts,-7.573842,ouvertes,-11.174628,1
11755,P_NOUN_8_PASS_b,M,P,les légumes avec le rideau que j' aime beaucoup ne sont probablement pas perdus <eos>,13,perdus,perdues,11,M,S,perdus,-7.756176,perdues,-11.092568,1
11756,P_NOUN_8_PASS_b,M,P,les légumes avec le rideau que j' aime beaucoup ne sont probablement pas réparés <eos>,13,réparés,réparées,11,M,S,réparés,-11.298984,réparées,-12.876491,1
11757,P_NOUN_8_PASS_b,M,P,les légumes avec le rideau que j' aime beaucoup ne sont probablement pas retirés <eos>,13,retirés,retirées,11,M,S,retirés,-9.145393,retirées,-11.682209,1
11758,P_NOUN_8_PASS_b,M,P,les légumes avec le rideau que j' aime beaucoup ne sont probablement pas tombés <eos>,13,tombés,tombées,11,M,S,tombés,-7.1873274,tombées,-10.60408,1
11759,P_NOUN_8_PASS_b,M,P,les légumes avec le rideau que j' aime beaucoup ne sont probablement pas utilisés <eos>,13,utilisés,utilisées,11,M,S,utilisés,-5.030323,utilisées,-8.421906,1
11760,P_NOUN_8_PASS_b,M,P,les légumes avec le cahier que j' aime beaucoup ne sont probablement pas achetés <eos>,13,achetés,achetées,11,M,S,achetés,-8.294032,achetées,-13.0349245,1
11761,P_NOUN_8_PASS_b,M,P,les légumes avec le cahier que j' aime beaucoup ne sont probablement pas brisés <eos>,13,brisés,brisées,11,M,S,brisés,-10.817213,brisées,-12.674177,1
11762,P_NOUN_8_PASS_b,M,P,les légumes avec le cahier que j' aime beaucoup ne sont probablement pas cachés <eos>,13,cachés,cachées,11,M,S,cachés,-8.355468,cachées,-12.134609,1
11763,P_NOUN_8_PASS_b,M,P,les légumes avec le cahier que j' aime beaucoup ne sont probablement pas cassés <eos>,13,cassés,cassées,11,M,S,cassés,-9.629121,cassées,-11.782647,1
11764,P_NOUN_8_PASS_b,M,P,les légumes avec le cahier que j' aime beaucoup ne sont probablement pas couverts <eos>,13,couverts,couvertes,11,M,S,couverts,-6.3273153,couvertes,-11.328689,1
11765,P_NOUN_8_PASS_b,M,P,les légumes avec le cahier que j' aime beaucoup ne sont probablement pas déformés <eos>,13,déformés,déformées,11,M,S,déformés,-11.999884,déformées,-11.711859,0
11766,P_NOUN_8_PASS_b,M,P,les légumes avec le cahier que j' aime beaucoup ne sont probablement pas fixés <eos>,13,fixés,fixées,11,M,S,fixés,-8.81336,fixées,-11.775416,1
11767,P_NOUN_8_PASS_b,M,P,les légumes avec le cahier que j' aime beaucoup ne sont probablement pas jetés <eos>,13,jetés,jetées,11,M,S,jetés,-9.269598,jetées,-12.55904,1
11768,P_NOUN_8_PASS_b,M,P,les légumes avec le cahier que j' aime beaucoup ne sont probablement pas laissés <eos>,13,laissés,laissées,11,M,S,laissés,-7.909387,laissées,-11.669823,1
11769,P_NOUN_8_PASS_b,M,P,les légumes avec le cahier que j' aime beaucoup ne sont probablement pas ouverts <eos>,13,ouverts,ouvertes,11,M,S,ouverts,-7.3216457,ouvertes,-11.525603,1
11770,P_NOUN_8_PASS_b,M,P,les légumes avec le cahier que j' aime beaucoup ne sont probablement pas perdus <eos>,13,perdus,perdues,11,M,S,perdus,-6.7933273,perdues,-10.566951,1
11771,P_NOUN_8_PASS_b,M,P,les légumes avec le cahier que j' aime beaucoup ne sont probablement pas réparés <eos>,13,réparés,réparées,11,M,S,réparés,-11.511567,réparées,-13.093806,1
11772,P_NOUN_8_PASS_b,M,P,les légumes avec le cahier que j' aime beaucoup ne sont probablement pas retirés <eos>,13,retirés,retirées,11,M,S,retirés,-8.297937,retirées,-11.630173,1
11773,P_NOUN_8_PASS_b,M,P,les légumes avec le cahier que j' aime beaucoup ne sont probablement pas tombés <eos>,13,tombés,tombées,11,M,S,tombés,-6.8946896,tombées,-11.068838,1
11774,P_NOUN_8_PASS_b,M,P,les légumes avec le cahier que j' aime beaucoup ne sont probablement pas utilisés <eos>,13,utilisés,utilisées,11,M,S,utilisés,-4.9270887,utilisées,-8.697732,1
11775,P_NOUN_8_PASS_b,M,P,les légumes avec le micro que j' aime beaucoup ne sont probablement pas achetés <eos>,13,achetés,achetées,11,M,S,achetés,-8.731854,achetées,-13.215046,1
11776,P_NOUN_8_PASS_b,M,P,les légumes avec le micro que j' aime beaucoup ne sont probablement pas brisés <eos>,13,brisés,brisées,11,M,S,brisés,-10.568787,brisées,-12.052223,1
11777,P_NOUN_8_PASS_b,M,P,les légumes avec le micro que j' aime beaucoup ne sont probablement pas cachés <eos>,13,cachés,cachées,11,M,S,cachés,-8.371794,cachées,-11.690413,1
11778,P_NOUN_8_PASS_b,M,P,les légumes avec le micro que j' aime beaucoup ne sont probablement pas cassés <eos>,13,cassés,cassées,11,M,S,cassés,-9.205023,cassées,-11.167528,1
11779,P_NOUN_8_PASS_b,M,P,les légumes avec le micro que j' aime beaucoup ne sont probablement pas couverts <eos>,13,couverts,couvertes,11,M,S,couverts,-6.4383445,couvertes,-10.527487,1
11780,P_NOUN_8_PASS_b,M,P,les légumes avec le micro que j' aime beaucoup ne sont probablement pas déformés <eos>,13,déformés,déformées,11,M,S,déformés,-12.213105,déformées,-11.587666,0
11781,P_NOUN_8_PASS_b,M,P,les légumes avec le micro que j' aime beaucoup ne sont probablement pas fixés <eos>,13,fixés,fixées,11,M,S,fixés,-8.365118,fixées,-11.789025,1
11782,P_NOUN_8_PASS_b,M,P,les légumes avec le micro que j' aime beaucoup ne sont probablement pas jetés <eos>,13,jetés,jetées,11,M,S,jetés,-9.187288,jetées,-12.017646,1
11783,P_NOUN_8_PASS_b,M,P,les légumes avec le micro que j' aime beaucoup ne sont probablement pas laissés <eos>,13,laissés,laissées,11,M,S,laissés,-8.32765,laissées,-11.118467,1
11784,P_NOUN_8_PASS_b,M,P,les légumes avec le micro que j' aime beaucoup ne sont probablement pas ouverts <eos>,13,ouverts,ouvertes,11,M,S,ouverts,-7.619474,ouvertes,-11.32642,1
11785,P_NOUN_8_PASS_b,M,P,les légumes avec le micro que j' aime beaucoup ne sont probablement pas perdus <eos>,13,perdus,perdues,11,M,S,perdus,-7.553009,perdues,-11.241574,1
11786,P_NOUN_8_PASS_b,M,P,les légumes avec le micro que j' aime beaucoup ne sont probablement pas réparés <eos>,13,réparés,réparées,11,M,S,réparés,-11.267658,réparées,-12.946671,1
11787,P_NOUN_8_PASS_b,M,P,les légumes avec le micro que j' aime beaucoup ne sont probablement pas retirés <eos>,13,retirés,retirées,11,M,S,retirés,-8.947628,retirées,-11.57545,1
11788,P_NOUN_8_PASS_b,M,P,les légumes avec le micro que j' aime beaucoup ne sont probablement pas tombés <eos>,13,tombés,tombées,11,M,S,tombés,-7.3655767,tombées,-10.782069,1
11789,P_NOUN_8_PASS_b,M,P,les légumes avec le micro que j' aime beaucoup ne sont probablement pas utilisés <eos>,13,utilisés,utilisées,11,M,S,utilisés,-4.824897,utilisées,-8.340285,1
11790,P_NOUN_8_PASS_b,M,P,les légumes avec le sac que j' aime beaucoup ne sont probablement pas achetés <eos>,13,achetés,achetées,11,M,S,achetés,-8.651911,achetées,-13.2126465,1
11791,P_NOUN_8_PASS_b,M,P,les légumes avec le sac que j' aime beaucoup ne sont probablement pas brisés <eos>,13,brisés,brisées,11,M,S,brisés,-10.569274,brisées,-11.995112,1
11792,P_NOUN_8_PASS_b,M,P,les légumes avec le sac que j' aime beaucoup ne sont probablement pas cachés <eos>,13,cachés,cachées,11,M,S,cachés,-8.223321,cachées,-11.646952,1
11793,P_NOUN_8_PASS_b,M,P,les légumes avec le sac que j' aime beaucoup ne sont probablement pas cassés <eos>,13,cassés,cassées,11,M,S,cassés,-9.091042,cassées,-10.716111,1
11794,P_NOUN_8_PASS_b,M,P,les légumes avec le sac que j' aime beaucoup ne sont probablement pas couverts <eos>,13,couverts,couvertes,11,M,S,couverts,-6.3164597,couvertes,-10.611404,1
11795,P_NOUN_8_PASS_b,M,P,les légumes avec le sac que j' aime beaucoup ne sont probablement pas déformés <eos>,13,déformés,déformées,11,M,S,déformés,-12.207827,déformées,-11.332865,0
11796,P_NOUN_8_PASS_b,M,P,les légumes avec le sac que j' aime beaucoup ne sont probablement pas fixés <eos>,13,fixés,fixées,11,M,S,fixés,-8.574661,fixées,-11.321461,1
11797,P_NOUN_8_PASS_b,M,P,les légumes avec le sac que j' aime beaucoup ne sont probablement pas jetés <eos>,13,jetés,jetées,11,M,S,jetés,-8.743378,jetées,-11.422335,1
11798,P_NOUN_8_PASS_b,M,P,les légumes avec le sac que j' aime beaucoup ne sont probablement pas laissés <eos>,13,laissés,laissées,11,M,S,laissés,-8.021914,laissées,-11.160132,1
11799,P_NOUN_8_PASS_b,M,P,les légumes avec le sac que j' aime beaucoup ne sont probablement pas ouverts <eos>,13,ouverts,ouvertes,11,M,S,ouverts,-7.7206626,ouvertes,-11.324916,1
11800,P_NOUN_8_PASS_b,M,P,les légumes avec le sac que j' aime beaucoup ne sont probablement pas perdus <eos>,13,perdus,perdues,11,M,S,perdus,-7.3593626,perdues,-10.655513,1
11801,P_NOUN_8_PASS_b,M,P,les légumes avec le sac que j' aime beaucoup ne sont probablement pas réparés <eos>,13,réparés,réparées,11,M,S,réparés,-11.32729,réparées,-12.775099,1
11802,P_NOUN_8_PASS_b,M,P,les légumes avec le sac que j' aime beaucoup ne sont probablement pas retirés <eos>,13,retirés,retirées,11,M,S,retirés,-8.564962,retirées,-11.375181,1
11803,P_NOUN_8_PASS_b,M,P,les légumes avec le sac que j' aime beaucoup ne sont probablement pas tombés <eos>,13,tombés,tombées,11,M,S,tombés,-6.6567984,tombées,-10.514182,1
11804,P_NOUN_8_PASS_b,M,P,les légumes avec le sac que j' aime beaucoup ne sont probablement pas utilisés <eos>,13,utilisés,utilisées,11,M,S,utilisés,-4.495101,utilisées,-8.030764,1
11805,P_NOUN_8_PASS_b,M,P,les légumes avec le clavier que j' aime beaucoup ne sont probablement pas achetés <eos>,13,achetés,achetées,11,M,S,achetés,-9.160984,achetées,-13.423275,1
11806,P_NOUN_8_PASS_b,M,P,les légumes avec le clavier que j' aime beaucoup ne sont probablement pas brisés <eos>,13,brisés,brisées,11,M,S,brisés,-10.631695,brisées,-11.788828,1
11807,P_NOUN_8_PASS_b,M,P,les légumes avec le clavier que j' aime beaucoup ne sont probablement pas cachés <eos>,13,cachés,cachées,11,M,S,cachés,-8.181953,cachées,-11.229349,1
11808,P_NOUN_8_PASS_b,M,P,les légumes avec le clavier que j' aime beaucoup ne sont probablement pas cassés <eos>,13,cassés,cassées,11,M,S,cassés,-9.487425,cassées,-11.122249,1
11809,P_NOUN_8_PASS_b,M,P,les légumes avec le clavier que j' aime beaucoup ne sont probablement pas couverts <eos>,13,couverts,couvertes,11,M,S,couverts,-6.985615,couvertes,-10.944035,1
11810,P_NOUN_8_PASS_b,M,P,les légumes avec le clavier que j' aime beaucoup ne sont probablement pas déformés <eos>,13,déformés,déformées,11,M,S,déformés,-11.926906,déformées,-10.789744,0
11811,P_NOUN_8_PASS_b,M,P,les légumes avec le clavier que j' aime beaucoup ne sont probablement pas fixés <eos>,13,fixés,fixées,11,M,S,fixés,-8.256842,fixées,-11.170082,1
11812,P_NOUN_8_PASS_b,M,P,les légumes avec le clavier que j' aime beaucoup ne sont probablement pas jetés <eos>,13,jetés,jetées,11,M,S,jetés,-8.929344,jetées,-11.90936,1
11813,P_NOUN_8_PASS_b,M,P,les légumes avec le clavier que j' aime beaucoup ne sont probablement pas laissés <eos>,13,laissés,laissées,11,M,S,laissés,-8.503705,laissées,-11.214392,1
11814,P_NOUN_8_PASS_b,M,P,les légumes avec le clavier que j' aime beaucoup ne sont probablement pas ouverts <eos>,13,ouverts,ouvertes,11,M,S,ouverts,-8.149404,ouvertes,-11.586536,1
11815,P_NOUN_8_PASS_b,M,P,les légumes avec le clavier que j' aime beaucoup ne sont probablement pas perdus <eos>,13,perdus,perdues,11,M,S,perdus,-7.5489225,perdues,-10.845047,1
11816,P_NOUN_8_PASS_b,M,P,les légumes avec le clavier que j' aime beaucoup ne sont probablement pas réparés <eos>,13,réparés,réparées,11,M,S,réparés,-11.93612,réparées,-12.995584,1
11817,P_NOUN_8_PASS_b,M,P,les légumes avec le clavier que j' aime beaucoup ne sont probablement pas retirés <eos>,13,retirés,retirées,11,M,S,retirés,-9.152762,retirées,-11.498941,1
11818,P_NOUN_8_PASS_b,M,P,les légumes avec le clavier que j' aime beaucoup ne sont probablement pas tombés <eos>,13,tombés,tombées,11,M,S,tombés,-7.6416554,tombées,-10.983946,1
11819,P_NOUN_8_PASS_b,M,P,les légumes avec le clavier que j' aime beaucoup ne sont probablement pas utilisés <eos>,13,utilisés,utilisées,11,M,S,utilisés,-4.4892592,utilisées,-7.9624352,1
11820,P_NOUN_8_PASS_b,M,P,les légumes avec le raisin que j' aime beaucoup ne sont probablement pas achetés <eos>,13,achetés,achetées,11,M,S,achetés,-8.328546,achetées,-13.011661,1
11821,P_NOUN_8_PASS_b,M,P,les légumes avec le raisin que j' aime beaucoup ne sont probablement pas brisés <eos>,13,brisés,brisées,11,M,S,brisés,-11.066352,brisées,-12.577649,1
11822,P_NOUN_8_PASS_b,M,P,les légumes avec le raisin que j' aime beaucoup ne sont probablement pas cachés <eos>,13,cachés,cachées,11,M,S,cachés,-8.665178,cachées,-12.014925,1
11823,P_NOUN_8_PASS_b,M,P,les légumes avec le raisin que j' aime beaucoup ne sont probablement pas cassés <eos>,13,cassés,cassées,11,M,S,cassés,-8.740278,cassées,-11.6557255,1
11824,P_NOUN_8_PASS_b,M,P,les légumes avec le raisin que j' aime beaucoup ne sont probablement pas couverts <eos>,13,couverts,couvertes,11,M,S,couverts,-6.103883,couvertes,-10.672037,1
11825,P_NOUN_8_PASS_b,M,P,les légumes avec le raisin que j' aime beaucoup ne sont probablement pas déformés <eos>,13,déformés,déformées,11,M,S,déformés,-12.611917,déformées,-11.624871,0
11826,P_NOUN_8_PASS_b,M,P,les légumes avec le raisin que j' aime beaucoup ne sont probablement pas fixés <eos>,13,fixés,fixées,11,M,S,fixés,-8.368116,fixées,-11.464153,1
11827,P_NOUN_8_PASS_b,M,P,les légumes avec le raisin que j' aime beaucoup ne sont probablement pas jetés <eos>,13,jetés,jetées,11,M,S,jetés,-9.520347,jetées,-13.153921,1
11828,P_NOUN_8_PASS_b,M,P,les légumes avec le raisin que j' aime beaucoup ne sont probablement pas laissés <eos>,13,laissés,laissées,11,M,S,laissés,-8.100205,laissées,-11.080363,1
11829,P_NOUN_8_PASS_b,M,P,les légumes avec le raisin que j' aime beaucoup ne sont probablement pas ouverts <eos>,13,ouverts,ouvertes,11,M,S,ouverts,-8.315265,ouvertes,-11.437876,1
11830,P_NOUN_8_PASS_b,M,P,les légumes avec le raisin que j' aime beaucoup ne sont probablement pas perdus <eos>,13,perdus,perdues,11,M,S,perdus,-7.5466447,perdues,-10.722343,1
11831,P_NOUN_8_PASS_b,M,P,les légumes avec le raisin que j' aime beaucoup ne sont probablement pas réparés <eos>,13,réparés,réparées,11,M,S,réparés,-11.443773,réparées,-13.220486,1
11832,P_NOUN_8_PASS_b,M,P,les légumes avec le raisin que j' aime beaucoup ne sont probablement pas retirés <eos>,13,retirés,retirées,11,M,S,retirés,-8.74509,retirées,-11.197608,1
11833,P_NOUN_8_PASS_b,M,P,les légumes avec le raisin que j' aime beaucoup ne sont probablement pas tombés <eos>,13,tombés,tombées,11,M,S,tombés,-6.870722,tombées,-10.207581,1
11834,P_NOUN_8_PASS_b,M,P,les légumes avec le raisin que j' aime beaucoup ne sont probablement pas utilisés <eos>,13,utilisés,utilisées,11,M,S,utilisés,-4.426919,utilisées,-7.9744177,1
11835,P_NOUN_8_PASS_b,M,P,les légumes avec le chargeur que j' aime beaucoup ne sont probablement pas achetés <eos>,13,achetés,achetées,11,M,S,achetés,-8.406291,achetées,-12.666183,1
11836,P_NOUN_8_PASS_b,M,P,les légumes avec le chargeur que j' aime beaucoup ne sont probablement pas brisés <eos>,13,brisés,brisées,11,M,S,brisés,-11.146208,brisées,-12.022372,1
11837,P_NOUN_8_PASS_b,M,P,les légumes avec le chargeur que j' aime beaucoup ne sont probablement pas cachés <eos>,13,cachés,cachées,11,M,S,cachés,-7.715206,cachées,-11.5972595,1
11838,P_NOUN_8_PASS_b,M,P,les légumes avec le chargeur que j' aime beaucoup ne sont probablement pas cassés <eos>,13,cassés,cassées,11,M,S,cassés,-9.309393,cassées,-10.945734,1
11839,P_NOUN_8_PASS_b,M,P,les légumes avec le chargeur que j' aime beaucoup ne sont probablement pas couverts <eos>,13,couverts,couvertes,11,M,S,couverts,-6.9579644,couvertes,-10.742864,1
11840,P_NOUN_8_PASS_b,M,P,les légumes avec le chargeur que j' aime beaucoup ne sont probablement pas déformés <eos>,13,déformés,déformées,11,M,S,déformés,-12.625172,déformées,-11.300879,0
11841,P_NOUN_8_PASS_b,M,P,les légumes avec le chargeur que j' aime beaucoup ne sont probablement pas fixés <eos>,13,fixés,fixées,11,M,S,fixés,-8.573529,fixées,-10.9055395,1
11842,P_NOUN_8_PASS_b,M,P,les légumes avec le chargeur que j' aime beaucoup ne sont probablement pas jetés <eos>,13,jetés,jetées,11,M,S,jetés,-8.766624,jetées,-11.69923,1
11843,P_NOUN_8_PASS_b,M,P,les légumes avec le chargeur que j' aime beaucoup ne sont probablement pas laissés <eos>,13,laissés,laissées,11,M,S,laissés,-8.141972,laissées,-11.0543375,1
11844,P_NOUN_8_PASS_b,M,P,les légumes avec le chargeur que j' aime beaucoup ne sont probablement pas ouverts <eos>,13,ouverts,ouvertes,11,M,S,ouverts,-8.136128,ouvertes,-11.367007,1
11845,P_NOUN_8_PASS_b,M,P,les légumes avec le chargeur que j' aime beaucoup ne sont probablement pas perdus <eos>,13,perdus,perdues,11,M,S,perdus,-7.382318,perdues,-10.344356,1
11846,P_NOUN_8_PASS_b,M,P,les légumes avec le chargeur que j' aime beaucoup ne sont probablement pas réparés <eos>,13,réparés,réparées,11,M,S,réparés,-11.427326,réparées,-12.554319,1
11847,P_NOUN_8_PASS_b,M,P,les légumes avec le chargeur que j' aime beaucoup ne sont probablement pas retirés <eos>,13,retirés,retirées,11,M,S,retirés,-7.9627304,retirées,-11.00605,1
11848,P_NOUN_8_PASS_b,M,P,les légumes avec le chargeur que j' aime beaucoup ne sont probablement pas tombés <eos>,13,tombés,tombées,11,M,S,tombés,-6.9747663,tombées,-10.596046,1
11849,P_NOUN_8_PASS_b,M,P,les légumes avec le chargeur que j' aime beaucoup ne sont probablement pas utilisés <eos>,13,utilisés,utilisées,11,M,S,utilisés,-4.158293,utilisées,-7.6423454,1
11850,P_NOUN_8_PASS_b,M,P,les légumes avec le vase que j' aime beaucoup ne sont probablement pas achetés <eos>,13,achetés,achetées,11,M,S,achetés,-8.3778925,achetées,-12.9848585,1
11851,P_NOUN_8_PASS_b,M,P,les légumes avec le vase que j' aime beaucoup ne sont probablement pas brisés <eos>,13,brisés,brisées,11,M,S,brisés,-10.644741,brisées,-11.954929,1
11852,P_NOUN_8_PASS_b,M,P,les légumes avec le vase que j' aime beaucoup ne sont probablement pas cachés <eos>,13,cachés,cachées,11,M,S,cachés,-8.312681,cachées,-11.365896,1
11853,P_NOUN_8_PASS_b,M,P,les légumes avec le vase que j' aime beaucoup ne sont probablement pas cassés <eos>,13,cassés,cassées,11,M,S,cassés,-8.959139,cassées,-11.112875,1
11854,P_NOUN_8_PASS_b,M,P,les légumes avec le vase que j' aime beaucoup ne sont probablement pas couverts <eos>,13,couverts,couvertes,11,M,S,couverts,-6.445705,couvertes,-10.644339,1
11855,P_NOUN_8_PASS_b,M,P,les légumes avec le vase que j' aime beaucoup ne sont probablement pas déformés <eos>,13,déformés,déformées,11,M,S,déformés,-12.059744,déformées,-11.121582,0
11856,P_NOUN_8_PASS_b,M,P,les légumes avec le vase que j' aime beaucoup ne sont probablement pas fixés <eos>,13,fixés,fixées,11,M,S,fixés,-8.437719,fixées,-11.481585,1
11857,P_NOUN_8_PASS_b,M,P,les légumes avec le vase que j' aime beaucoup ne sont probablement pas jetés <eos>,13,jetés,jetées,11,M,S,jetés,-8.683056,jetées,-11.470354,1
11858,P_NOUN_8_PASS_b,M,P,les légumes avec le vase que j' aime beaucoup ne sont probablement pas laissés <eos>,13,laissés,laissées,11,M,S,laissés,-7.8582582,laissées,-10.9573765,1
11859,P_NOUN_8_PASS_b,M,P,les légumes avec le vase que j' aime beaucoup ne sont probablement pas ouverts <eos>,13,ouverts,ouvertes,11,M,S,ouverts,-7.580742,ouvertes,-11.237931,1
11860,P_NOUN_8_PASS_b,M,P,les légumes avec le vase que j' aime beaucoup ne sont probablement pas perdus <eos>,13,perdus,perdues,11,M,S,perdus,-7.060859,perdues,-10.510166,1
11861,P_NOUN_8_PASS_b,M,P,les légumes avec le vase que j' aime beaucoup ne sont probablement pas réparés <eos>,13,réparés,réparées,11,M,S,réparés,-10.988602,réparées,-12.575916,1
11862,P_NOUN_8_PASS_b,M,P,les légumes avec le vase que j' aime beaucoup ne sont probablement pas retirés <eos>,13,retirés,retirées,11,M,S,retirés,-8.708195,retirées,-11.272057,1
11863,P_NOUN_8_PASS_b,M,P,les légumes avec le vase que j' aime beaucoup ne sont probablement pas tombés <eos>,13,tombés,tombées,11,M,S,tombés,-6.922195,tombées,-10.170252,1
11864,P_NOUN_8_PASS_b,M,P,les légumes avec le vase que j' aime beaucoup ne sont probablement pas utilisés <eos>,13,utilisés,utilisées,11,M,S,utilisés,-4.9318647,utilisées,-8.345211,1
11865,P_NOUN_8_PASS_b,M,P,les légumes avec le panier que j' aime beaucoup ne sont probablement pas achetés <eos>,13,achetés,achetées,11,M,S,achetés,-8.160156,achetées,-12.473582,1
11866,P_NOUN_8_PASS_b,M,P,les légumes avec le panier que j' aime beaucoup ne sont probablement pas brisés <eos>,13,brisés,brisées,11,M,S,brisés,-10.681784,brisées,-11.970987,1
11867,P_NOUN_8_PASS_b,M,P,les légumes avec le panier que j' aime beaucoup ne sont probablement pas cachés <eos>,13,cachés,cachées,11,M,S,cachés,-8.391451,cachées,-11.8272,1
11868,P_NOUN_8_PASS_b,M,P,les légumes avec le panier que j' aime beaucoup ne sont probablement pas cassés <eos>,13,cassés,cassées,11,M,S,cassés,-9.153006,cassées,-11.190571,1
11869,P_NOUN_8_PASS_b,M,P,les légumes avec le panier que j' aime beaucoup ne sont probablement pas couverts <eos>,13,couverts,couvertes,11,M,S,couverts,-6.351576,couvertes,-10.722836,1
11870,P_NOUN_8_PASS_b,M,P,les légumes avec le panier que j' aime beaucoup ne sont probablement pas déformés <eos>,13,déformés,déformées,11,M,S,déformés,-12.528876,déformées,-11.5311165,0
11871,P_NOUN_8_PASS_b,M,P,les légumes avec le panier que j' aime beaucoup ne sont probablement pas fixés <eos>,13,fixés,fixées,11,M,S,fixés,-8.308371,fixées,-11.451807,1
11872,P_NOUN_8_PASS_b,M,P,les légumes avec le panier que j' aime beaucoup ne sont probablement pas jetés <eos>,13,jetés,jetées,11,M,S,jetés,-8.8625555,jetées,-11.870251,1
11873,P_NOUN_8_PASS_b,M,P,les légumes avec le panier que j' aime beaucoup ne sont probablement pas laissés <eos>,13,laissés,laissées,11,M,S,laissés,-7.9862337,laissées,-10.9027605,1
11874,P_NOUN_8_PASS_b,M,P,les légumes avec le panier que j' aime beaucoup ne sont probablement pas ouverts <eos>,13,ouverts,ouvertes,11,M,S,ouverts,-7.5919433,ouvertes,-11.320988,1
11875,P_NOUN_8_PASS_b,M,P,les légumes avec le panier que j' aime beaucoup ne sont probablement pas perdus <eos>,13,perdus,perdues,11,M,S,perdus,-7.0921526,perdues,-10.565785,1
11876,P_NOUN_8_PASS_b,M,P,les légumes avec le panier que j' aime beaucoup ne sont probablement pas réparés <eos>,13,réparés,réparées,11,M,S,réparés,-11.222291,réparées,-12.683753,1
11877,P_NOUN_8_PASS_b,M,P,les légumes avec le panier que j' aime beaucoup ne sont probablement pas retirés <eos>,13,retirés,retirées,11,M,S,retirés,-8.384787,retirées,-11.240007,1
11878,P_NOUN_8_PASS_b,M,P,les légumes avec le panier que j' aime beaucoup ne sont probablement pas tombés <eos>,13,tombés,tombées,11,M,S,tombés,-7.0765724,tombées,-10.772199,1
11879,P_NOUN_8_PASS_b,M,P,les légumes avec le panier que j' aime beaucoup ne sont probablement pas utilisés <eos>,13,utilisés,utilisées,11,M,S,utilisés,-4.641492,utilisées,-8.22112,1
11880,P_NOUN_8_PASS_b,M,P,les légumes avec le collier que j' aime beaucoup ne sont probablement pas achetés <eos>,13,achetés,achetées,11,M,S,achetés,-8.731655,achetées,-13.1693,1
11881,P_NOUN_8_PASS_b,M,P,les légumes avec le collier que j' aime beaucoup ne sont probablement pas brisés <eos>,13,brisés,brisées,11,M,S,brisés,-10.696363,brisées,-12.027502,1
11882,P_NOUN_8_PASS_b,M,P,les légumes avec le collier que j' aime beaucoup ne sont probablement pas cachés <eos>,13,cachés,cachées,11,M,S,cachés,-8.361942,cachées,-11.648201,1
11883,P_NOUN_8_PASS_b,M,P,les légumes avec le collier que j' aime beaucoup ne sont probablement pas cassés <eos>,13,cassés,cassées,11,M,S,cassés,-9.321131,cassées,-11.035595,1
11884,P_NOUN_8_PASS_b,M,P,les légumes avec le collier que j' aime beaucoup ne sont probablement pas couverts <eos>,13,couverts,couvertes,11,M,S,couverts,-6.6132116,couvertes,-11.070473,1
11885,P_NOUN_8_PASS_b,M,P,les légumes avec le collier que j' aime beaucoup ne sont probablement pas déformés <eos>,13,déformés,déformées,11,M,S,déformés,-12.214317,déformées,-11.513229,0
11886,P_NOUN_8_PASS_b,M,P,les légumes avec le collier que j' aime beaucoup ne sont probablement pas fixés <eos>,13,fixés,fixées,11,M,S,fixés,-8.606986,fixées,-11.504734,1
11887,P_NOUN_8_PASS_b,M,P,les légumes avec le collier que j' aime beaucoup ne sont probablement pas jetés <eos>,13,jetés,jetées,11,M,S,jetés,-8.713021,jetées,-11.647698,1
11888,P_NOUN_8_PASS_b,M,P,les légumes avec le collier que j' aime beaucoup ne sont probablement pas laissés <eos>,13,laissés,laissées,11,M,S,laissés,-8.309289,laissées,-11.386412,1
11889,P_NOUN_8_PASS_b,M,P,les légumes avec le collier que j' aime beaucoup ne sont probablement pas ouverts <eos>,13,ouverts,ouvertes,11,M,S,ouverts,-7.897853,ouvertes,-11.661802,1
11890,P_NOUN_8_PASS_b,M,P,les légumes avec le collier que j' aime beaucoup ne sont probablement pas perdus <eos>,13,perdus,perdues,11,M,S,perdus,-7.445582,perdues,-10.791788,1
11891,P_NOUN_8_PASS_b,M,P,les légumes avec le collier que j' aime beaucoup ne sont probablement pas réparés <eos>,13,réparés,réparées,11,M,S,réparés,-11.468905,réparées,-13.116218,1
11892,P_NOUN_8_PASS_b,M,P,les légumes avec le collier que j' aime beaucoup ne sont probablement pas retirés <eos>,13,retirés,retirées,11,M,S,retirés,-8.716753,retirées,-11.706323,1
11893,P_NOUN_8_PASS_b,M,P,les légumes avec le collier que j' aime beaucoup ne sont probablement pas tombés <eos>,13,tombés,tombées,11,M,S,tombés,-6.6636505,tombées,-10.804022,1
11894,P_NOUN_8_PASS_b,M,P,les légumes avec le collier que j' aime beaucoup ne sont probablement pas utilisés <eos>,13,utilisés,utilisées,11,M,S,utilisés,-4.778019,utilisées,-8.445979,1
11895,P_NOUN_8_PASS_b,M,P,les légumes avec le chapeau que j' aime beaucoup ne sont probablement pas achetés <eos>,13,achetés,achetées,11,M,S,achetés,-8.58391,achetées,-13.032902,1
11896,P_NOUN_8_PASS_b,M,P,les légumes avec le chapeau que j' aime beaucoup ne sont probablement pas brisés <eos>,13,brisés,brisées,11,M,S,brisés,-10.665152,brisées,-12.04553,1
11897,P_NOUN_8_PASS_b,M,P,les légumes avec le chapeau que j' aime beaucoup ne sont probablement pas cachés <eos>,13,cachés,cachées,11,M,S,cachés,-8.132009,cachées,-11.224078,1
11898,P_NOUN_8_PASS_b,M,P,les légumes avec le chapeau que j' aime beaucoup ne sont probablement pas cassés <eos>,13,cassés,cassées,11,M,S,cassés,-9.089636,cassées,-10.767668,1
11899,P_NOUN_8_PASS_b,M,P,les légumes avec le chapeau que j' aime beaucoup ne sont probablement pas couverts <eos>,13,couverts,couvertes,11,M,S,couverts,-6.4313335,couvertes,-10.542775,1
11900,P_NOUN_8_PASS_b,M,P,les légumes avec le chapeau que j' aime beaucoup ne sont probablement pas déformés <eos>,13,déformés,déformées,11,M,S,déformés,-12.2949095,déformées,-11.046549,0
11901,P_NOUN_8_PASS_b,M,P,les légumes avec le chapeau que j' aime beaucoup ne sont probablement pas fixés <eos>,13,fixés,fixées,11,M,S,fixés,-8.772337,fixées,-11.655287,1
11902,P_NOUN_8_PASS_b,M,P,les légumes avec le chapeau que j' aime beaucoup ne sont probablement pas jetés <eos>,13,jetés,jetées,11,M,S,jetés,-8.920311,jetées,-11.5577135,1
11903,P_NOUN_8_PASS_b,M,P,les légumes avec le chapeau que j' aime beaucoup ne sont probablement pas laissés <eos>,13,laissés,laissées,11,M,S,laissés,-8.181599,laissées,-11.1914015,1
11904,P_NOUN_8_PASS_b,M,P,les légumes avec le chapeau que j' aime beaucoup ne sont probablement pas ouverts <eos>,13,ouverts,ouvertes,11,M,S,ouverts,-7.525738,ouvertes,-11.135897,1
11905,P_NOUN_8_PASS_b,M,P,les légumes avec le chapeau que j' aime beaucoup ne sont probablement pas perdus <eos>,13,perdus,perdues,11,M,S,perdus,-7.568781,perdues,-10.676701,1
11906,P_NOUN_8_PASS_b,M,P,les légumes avec le chapeau que j' aime beaucoup ne sont probablement pas réparés <eos>,13,réparés,réparées,11,M,S,réparés,-11.689391,réparées,-13.1382475,1
11907,P_NOUN_8_PASS_b,M,P,les légumes avec le chapeau que j' aime beaucoup ne sont probablement pas retirés <eos>,13,retirés,retirées,11,M,S,retirés,-8.6583395,retirées,-11.472206,1
11908,P_NOUN_8_PASS_b,M,P,les légumes avec le chapeau que j' aime beaucoup ne sont probablement pas tombés <eos>,13,tombés,tombées,11,M,S,tombés,-6.861056,tombées,-10.41424,1
11909,P_NOUN_8_PASS_b,M,P,les légumes avec le chapeau que j' aime beaucoup ne sont probablement pas utilisés <eos>,13,utilisés,utilisées,11,M,S,utilisés,-4.7892737,utilisées,-8.081924,1
11910,P_NOUN_8_PASS_b,M,P,les légumes avec le pot que j' aime beaucoup ne sont probablement pas achetés <eos>,13,achetés,achetées,11,M,S,achetés,-8.424244,achetées,-12.954456,1
11911,P_NOUN_8_PASS_b,M,P,les légumes avec le pot que j' aime beaucoup ne sont probablement pas brisés <eos>,13,brisés,brisées,11,M,S,brisés,-10.773315,brisées,-12.157253,1
11912,P_NOUN_8_PASS_b,M,P,les légumes avec le pot que j' aime beaucoup ne sont probablement pas cachés <eos>,13,cachés,cachées,11,M,S,cachés,-8.388713,cachées,-11.6741905,1
11913,P_NOUN_8_PASS_b,M,P,les légumes avec le pot que j' aime beaucoup ne sont probablement pas cassés <eos>,13,cassés,cassées,11,M,S,cassés,-9.172702,cassées,-11.188855,1
11914,P_NOUN_8_PASS_b,M,P,les légumes avec le pot que j' aime beaucoup ne sont probablement pas couverts <eos>,13,couverts,couvertes,11,M,S,couverts,-6.2831035,couvertes,-10.545786,1
11915,P_NOUN_8_PASS_b,M,P,les légumes avec le pot que j' aime beaucoup ne sont probablement pas déformés <eos>,13,déformés,déformées,11,M,S,déformés,-12.381905,déformées,-11.495902,0
11916,P_NOUN_8_PASS_b,M,P,les légumes avec le pot que j' aime beaucoup ne sont probablement pas fixés <eos>,13,fixés,fixées,11,M,S,fixés,-8.434397,fixées,-11.523753,1
11917,P_NOUN_8_PASS_b,M,P,les légumes avec le pot que j' aime beaucoup ne sont probablement pas jetés <eos>,13,jetés,jetées,11,M,S,jetés,-9.053634,jetées,-11.773739,1
11918,P_NOUN_8_PASS_b,M,P,les légumes avec le pot que j' aime beaucoup ne sont probablement pas laissés <eos>,13,laissés,laissées,11,M,S,laissés,-8.059673,laissées,-10.974061,1
11919,P_NOUN_8_PASS_b,M,P,les légumes avec le pot que j' aime beaucoup ne sont probablement pas ouverts <eos>,13,ouverts,ouvertes,11,M,S,ouverts,-7.745838,ouvertes,-11.449905,1
11920,P_NOUN_8_PASS_b,M,P,les légumes avec le pot que j' aime beaucoup ne sont probablement pas perdus <eos>,13,perdus,perdues,11,M,S,perdus,-7.423222,perdues,-10.788637,1
11921,P_NOUN_8_PASS_b,M,P,les légumes avec le pot que j' aime beaucoup ne sont probablement pas réparés <eos>,13,réparés,réparées,11,M,S,réparés,-11.139646,réparées,-12.825773,1
11922,P_NOUN_8_PASS_b,M,P,les légumes avec le pot que j' aime beaucoup ne sont probablement pas retirés <eos>,13,retirés,retirées,11,M,S,retirés,-8.712059,retirées,-11.39555,1
11923,P_NOUN_8_PASS_b,M,P,les légumes avec le pot que j' aime beaucoup ne sont probablement pas tombés <eos>,13,tombés,tombées,11,M,S,tombés,-7.0028877,tombées,-10.450223,1
11924,P_NOUN_8_PASS_b,M,P,les légumes avec le pot que j' aime beaucoup ne sont probablement pas utilisés <eos>,13,utilisés,utilisées,11,M,S,utilisés,-4.672294,utilisées,-8.17305,1
11925,P_NOUN_8_PASS_b,M,P,les légumes avec le coussin que j' aime beaucoup ne sont probablement pas achetés <eos>,13,achetés,achetées,11,M,S,achetés,-8.993776,achetées,-13.167113,1
11926,P_NOUN_8_PASS_b,M,P,les légumes avec le coussin que j' aime beaucoup ne sont probablement pas brisés <eos>,13,brisés,brisées,11,M,S,brisés,-10.569043,brisées,-11.940541,1
11927,P_NOUN_8_PASS_b,M,P,les légumes avec le coussin que j' aime beaucoup ne sont probablement pas cachés <eos>,13,cachés,cachées,11,M,S,cachés,-8.30529,cachées,-11.583702,1
11928,P_NOUN_8_PASS_b,M,P,les légumes avec le coussin que j' aime beaucoup ne sont probablement pas cassés <eos>,13,cassés,cassées,11,M,S,cassés,-9.22328,cassées,-10.708202,1
11929,P_NOUN_8_PASS_b,M,P,les légumes avec le coussin que j' aime beaucoup ne sont probablement pas couverts <eos>,13,couverts,couvertes,11,M,S,couverts,-6.6816177,couvertes,-10.540929,1
11930,P_NOUN_8_PASS_b,M,P,les légumes avec le coussin que j' aime beaucoup ne sont probablement pas déformés <eos>,13,déformés,déformées,11,M,S,déformés,-12.236791,déformées,-11.292065,0
11931,P_NOUN_8_PASS_b,M,P,les légumes avec le coussin que j' aime beaucoup ne sont probablement pas fixés <eos>,13,fixés,fixées,11,M,S,fixés,-8.273818,fixées,-11.074111,1
11932,P_NOUN_8_PASS_b,M,P,les légumes avec le coussin que j' aime beaucoup ne sont probablement pas jetés <eos>,13,jetés,jetées,11,M,S,jetés,-8.964731,jetées,-11.583459,1
11933,P_NOUN_8_PASS_b,M,P,les légumes avec le coussin que j' aime beaucoup ne sont probablement pas laissés <eos>,13,laissés,laissées,11,M,S,laissés,-8.336195,laissées,-11.12685,1
11934,P_NOUN_8_PASS_b,M,P,les légumes avec le coussin que j' aime beaucoup ne sont probablement pas ouverts <eos>,13,ouverts,ouvertes,11,M,S,ouverts,-7.988248,ouvertes,-11.472738,1
11935,P_NOUN_8_PASS_b,M,P,les légumes avec le coussin que j' aime beaucoup ne sont probablement pas perdus <eos>,13,perdus,perdues,11,M,S,perdus,-7.820243,perdues,-11.056389,1
11936,P_NOUN_8_PASS_b,M,P,les légumes avec le coussin que j' aime beaucoup ne sont probablement pas réparés <eos>,13,réparés,réparées,11,M,S,réparés,-11.661495,réparées,-13.10244,1
11937,P_NOUN_8_PASS_b,M,P,les légumes avec le coussin que j' aime beaucoup ne sont probablement pas retirés <eos>,13,retirés,retirées,11,M,S,retirés,-8.635336,retirées,-11.404602,1
11938,P_NOUN_8_PASS_b,M,P,les légumes avec le coussin que j' aime beaucoup ne sont probablement pas tombés <eos>,13,tombés,tombées,11,M,S,tombés,-6.992915,tombées,-10.616668,1
11939,P_NOUN_8_PASS_b,M,P,les légumes avec le coussin que j' aime beaucoup ne sont probablement pas utilisés <eos>,13,utilisés,utilisées,11,M,S,utilisés,-4.46652,utilisées,-7.996593,1
11940,P_NOUN_8_PASS_b,M,P,les légumes avec le jouet que j' aime beaucoup ne sont probablement pas achetés <eos>,13,achetés,achetées,11,M,S,achetés,-8.613453,achetées,-13.402874,1
11941,P_NOUN_8_PASS_b,M,P,les légumes avec le jouet que j' aime beaucoup ne sont probablement pas brisés <eos>,13,brisés,brisées,11,M,S,brisés,-10.565457,brisées,-11.977266,1
11942,P_NOUN_8_PASS_b,M,P,les légumes avec le jouet que j' aime beaucoup ne sont probablement pas cachés <eos>,13,cachés,cachées,11,M,S,cachés,-8.403113,cachées,-11.6150255,1
11943,P_NOUN_8_PASS_b,M,P,les légumes avec le jouet que j' aime beaucoup ne sont probablement pas cassés <eos>,13,cassés,cassées,11,M,S,cassés,-9.176556,cassées,-11.104129,1
11944,P_NOUN_8_PASS_b,M,P,les légumes avec le jouet que j' aime beaucoup ne sont probablement pas couverts <eos>,13,couverts,couvertes,11,M,S,couverts,-6.641759,couvertes,-10.853497,1
11945,P_NOUN_8_PASS_b,M,P,les légumes avec le jouet que j' aime beaucoup ne sont probablement pas déformés <eos>,13,déformés,déformées,11,M,S,déformés,-11.977174,déformées,-11.3869505,0
11946,P_NOUN_8_PASS_b,M,P,les légumes avec le jouet que j' aime beaucoup ne sont probablement pas fixés <eos>,13,fixés,fixées,11,M,S,fixés,-8.522262,fixées,-11.466519,1
11947,P_NOUN_8_PASS_b,M,P,les légumes avec le jouet que j' aime beaucoup ne sont probablement pas jetés <eos>,13,jetés,jetées,11,M,S,jetés,-9.075394,jetées,-11.966673,1
11948,P_NOUN_8_PASS_b,M,P,les légumes avec le jouet que j' aime beaucoup ne sont probablement pas laissés <eos>,13,laissés,laissées,11,M,S,laissés,-8.308797,laissées,-11.212789,1
11949,P_NOUN_8_PASS_b,M,P,les légumes avec le jouet que j' aime beaucoup ne sont probablement pas ouverts <eos>,13,ouverts,ouvertes,11,M,S,ouverts,-7.7181506,ouvertes,-11.555368,1
11950,P_NOUN_8_PASS_b,M,P,les légumes avec le jouet que j' aime beaucoup ne sont probablement pas perdus <eos>,13,perdus,perdues,11,M,S,perdus,-7.4666343,perdues,-10.964102,1
11951,P_NOUN_8_PASS_b,M,P,les légumes avec le jouet que j' aime beaucoup ne sont probablement pas réparés <eos>,13,réparés,réparées,11,M,S,réparés,-11.61029,réparées,-13.12927,1
11952,P_NOUN_8_PASS_b,M,P,les légumes avec le jouet que j' aime beaucoup ne sont probablement pas retirés <eos>,13,retirés,retirées,11,M,S,retirés,-8.892082,retirées,-11.593958,1
11953,P_NOUN_8_PASS_b,M,P,les légumes avec le jouet que j' aime beaucoup ne sont probablement pas tombés <eos>,13,tombés,tombées,11,M,S,tombés,-7.269,tombées,-10.742021,1
11954,P_NOUN_8_PASS_b,M,P,les légumes avec le jouet que j' aime beaucoup ne sont probablement pas utilisés <eos>,13,utilisés,utilisées,11,M,S,utilisés,-4.8820977,utilisées,-8.375343,1
11955,P_NOUN_8_PASS_b,M,P,les légumes avec le clou que j' aime beaucoup ne sont probablement pas achetés <eos>,13,achetés,achetées,11,M,S,achetés,-8.877874,achetées,-13.073511,1
11956,P_NOUN_8_PASS_b,M,P,les légumes avec le clou que j' aime beaucoup ne sont probablement pas brisés <eos>,13,brisés,brisées,11,M,S,brisés,-10.59704,brisées,-12.084972,1
11957,P_NOUN_8_PASS_b,M,P,les légumes avec le clou que j' aime beaucoup ne sont probablement pas cachés <eos>,13,cachés,cachées,11,M,S,cachés,-8.5119915,cachées,-11.444085,1
11958,P_NOUN_8_PASS_b,M,P,les légumes avec le clou que j' aime beaucoup ne sont probablement pas cassés <eos>,13,cassés,cassées,11,M,S,cassés,-9.031901,cassées,-11.032272,1
11959,P_NOUN_8_PASS_b,M,P,les légumes avec le clou que j' aime beaucoup ne sont probablement pas couverts <eos>,13,couverts,couvertes,11,M,S,couverts,-6.580922,couvertes,-10.651435,1
11960,P_NOUN_8_PASS_b,M,P,les légumes avec le clou que j' aime beaucoup ne sont probablement pas déformés <eos>,13,déformés,déformées,11,M,S,déformés,-12.01699,déformées,-11.396345,0
11961,P_NOUN_8_PASS_b,M,P,les légumes avec le clou que j' aime beaucoup ne sont probablement pas fixés <eos>,13,fixés,fixées,11,M,S,fixés,-8.639102,fixées,-11.503386,1
11962,P_NOUN_8_PASS_b,M,P,les légumes avec le clou que j' aime beaucoup ne sont probablement pas jetés <eos>,13,jetés,jetées,11,M,S,jetés,-9.217441,jetées,-12.006618,1
11963,P_NOUN_8_PASS_b,M,P,les légumes avec le clou que j' aime beaucoup ne sont probablement pas laissés <eos>,13,laissés,laissées,11,M,S,laissés,-8.305893,laissées,-11.33844,1
11964,P_NOUN_8_PASS_b,M,P,les légumes avec le clou que j' aime beaucoup ne sont probablement pas ouverts <eos>,13,ouverts,ouvertes,11,M,S,ouverts,-7.9230146,ouvertes,-11.312244,1
11965,P_NOUN_8_PASS_b,M,P,les légumes avec le clou que j' aime beaucoup ne sont probablement pas perdus <eos>,13,perdus,perdues,11,M,S,perdus,-7.440345,perdues,-10.732022,1
11966,P_NOUN_8_PASS_b,M,P,les légumes avec le clou que j' aime beaucoup ne sont probablement pas réparés <eos>,13,réparés,réparées,11,M,S,réparés,-11.448229,réparées,-12.863851,1
11967,P_NOUN_8_PASS_b,M,P,les légumes avec le clou que j' aime beaucoup ne sont probablement pas retirés <eos>,13,retirés,retirées,11,M,S,retirés,-8.797359,retirées,-11.3661175,1
11968,P_NOUN_8_PASS_b,M,P,les légumes avec le clou que j' aime beaucoup ne sont probablement pas tombés <eos>,13,tombés,tombées,11,M,S,tombés,-6.8149633,tombées,-10.392164,1
11969,P_NOUN_8_PASS_b,M,P,les légumes avec le clou que j' aime beaucoup ne sont probablement pas utilisés <eos>,13,utilisés,utilisées,11,M,S,utilisés,-5.0325017,utilisées,-8.41954,1
11970,P_NOUN_8_PASS_b,M,P,les légumes avec le billet que j' aime beaucoup ne sont probablement pas achetés <eos>,13,achetés,achetées,11,M,S,achetés,-8.539211,achetées,-12.357737,1
11971,P_NOUN_8_PASS_b,M,P,les légumes avec le billet que j' aime beaucoup ne sont probablement pas brisés <eos>,13,brisés,brisées,11,M,S,brisés,-11.307407,brisées,-12.244034,1
11972,P_NOUN_8_PASS_b,M,P,les légumes avec le billet que j' aime beaucoup ne sont probablement pas cachés <eos>,13,cachés,cachées,11,M,S,cachés,-7.9187984,cachées,-11.574245,1
11973,P_NOUN_8_PASS_b,M,P,les légumes avec le billet que j' aime beaucoup ne sont probablement pas cassés <eos>,13,cassés,cassées,11,M,S,cassés,-9.517635,cassées,-11.367076,1
11974,P_NOUN_8_PASS_b,M,P,les légumes avec le billet que j' aime beaucoup ne sont probablement pas couverts <eos>,13,couverts,couvertes,11,M,S,couverts,-6.908741,couvertes,-11.272368,1
11975,P_NOUN_8_PASS_b,M,P,les légumes avec le billet que j' aime beaucoup ne sont probablement pas déformés <eos>,13,déformés,déformées,11,M,S,déformés,-12.618881,déformées,-11.659377,0
11976,P_NOUN_8_PASS_b,M,P,les légumes avec le billet que j' aime beaucoup ne sont probablement pas fixés <eos>,13,fixés,fixées,11,M,S,fixés,-8.323485,fixées,-11.221351,1
11977,P_NOUN_8_PASS_b,M,P,les légumes avec le billet que j' aime beaucoup ne sont probablement pas jetés <eos>,13,jetés,jetées,11,M,S,jetés,-8.930678,jetées,-11.821411,1
11978,P_NOUN_8_PASS_b,M,P,les légumes avec le billet que j' aime beaucoup ne sont probablement pas laissés <eos>,13,laissés,laissées,11,M,S,laissés,-8.5891075,laissées,-11.157026,1
11979,P_NOUN_8_PASS_b,M,P,les légumes avec le billet que j' aime beaucoup ne sont probablement pas ouverts <eos>,13,ouverts,ouvertes,11,M,S,ouverts,-8.019783,ouvertes,-11.814463,1
11980,P_NOUN_8_PASS_b,M,P,les légumes avec le billet que j' aime beaucoup ne sont probablement pas perdus <eos>,13,perdus,perdues,11,M,S,perdus,-7.3194656,perdues,-10.322645,1
11981,P_NOUN_8_PASS_b,M,P,les légumes avec le billet que j' aime beaucoup ne sont probablement pas réparés <eos>,13,réparés,réparées,11,M,S,réparés,-11.839981,réparées,-13.057964,1
11982,P_NOUN_8_PASS_b,M,P,les légumes avec le billet que j' aime beaucoup ne sont probablement pas retirés <eos>,13,retirés,retirées,11,M,S,retirés,-8.321341,retirées,-11.172901,1
11983,P_NOUN_8_PASS_b,M,P,les légumes avec le billet que j' aime beaucoup ne sont probablement pas tombés <eos>,13,tombés,tombées,11,M,S,tombés,-7.1278863,tombées,-10.77586,1
11984,P_NOUN_8_PASS_b,M,P,les légumes avec le billet que j' aime beaucoup ne sont probablement pas utilisés <eos>,13,utilisés,utilisées,11,M,S,utilisés,-4.7257376,utilisées,-8.055768,1
11985,P_NOUN_8_PASS_b,M,P,les légumes avec le légume que j' aime beaucoup ne sont probablement pas achetés <eos>,13,achetés,achetées,11,M,S,achetés,-8.735868,achetées,-13.618735,1
11986,P_NOUN_8_PASS_b,M,P,les légumes avec le légume que j' aime beaucoup ne sont probablement pas brisés <eos>,13,brisés,brisées,11,M,S,brisés,-11.002294,brisées,-12.566962,1
11987,P_NOUN_8_PASS_b,M,P,les légumes avec le légume que j' aime beaucoup ne sont probablement pas cachés <eos>,13,cachés,cachées,11,M,S,cachés,-8.926216,cachées,-12.214787,1
11988,P_NOUN_8_PASS_b,M,P,les légumes avec le légume que j' aime beaucoup ne sont probablement pas cassés <eos>,13,cassés,cassées,11,M,S,cassés,-9.358585,cassées,-11.511238,1
11989,P_NOUN_8_PASS_b,M,P,les légumes avec le légume que j' aime beaucoup ne sont probablement pas couverts <eos>,13,couverts,couvertes,11,M,S,couverts,-6.133548,couvertes,-10.647036,1
11990,P_NOUN_8_PASS_b,M,P,les légumes avec le légume que j' aime beaucoup ne sont probablement pas déformés <eos>,13,déformés,déformées,11,M,S,déformés,-12.511188,déformées,-12.083444,0
11991,P_NOUN_8_PASS_b,M,P,les légumes avec le légume que j' aime beaucoup ne sont probablement pas fixés <eos>,13,fixés,fixées,11,M,S,fixés,-8.827663,fixées,-11.957451,1
11992,P_NOUN_8_PASS_b,M,P,les légumes avec le légume que j' aime beaucoup ne sont probablement pas jetés <eos>,13,jetés,jetées,11,M,S,jetés,-9.778398,jetées,-12.238238,1
11993,P_NOUN_8_PASS_b,M,P,les légumes avec le légume que j' aime beaucoup ne sont probablement pas laissés <eos>,13,laissés,laissées,11,M,S,laissés,-8.123806,laissées,-11.205611,1
11994,P_NOUN_8_PASS_b,M,P,les légumes avec le légume que j' aime beaucoup ne sont probablement pas ouverts <eos>,13,ouverts,ouvertes,11,M,S,ouverts,-7.5605183,ouvertes,-11.451892,1
11995,P_NOUN_8_PASS_b,M,P,les légumes avec le légume que j' aime beaucoup ne sont probablement pas perdus <eos>,13,perdus,perdues,11,M,S,perdus,-7.681049,perdues,-11.060553,1
11996,P_NOUN_8_PASS_b,M,P,les légumes avec le légume que j' aime beaucoup ne sont probablement pas réparés <eos>,13,réparés,réparées,11,M,S,réparés,-11.2822,réparées,-13.479864,1
11997,P_NOUN_8_PASS_b,M,P,les légumes avec le légume que j' aime beaucoup ne sont probablement pas retirés <eos>,13,retirés,retirées,11,M,S,retirés,-9.134392,retirées,-12.040113,1
11998,P_NOUN_8_PASS_b,M,P,les légumes avec le légume que j' aime beaucoup ne sont probablement pas tombés <eos>,13,tombés,tombées,11,M,S,tombés,-7.271201,tombées,-10.748044,1
11999,P_NOUN_8_PASS_b,M,P,les légumes avec le légume que j' aime beaucoup ne sont probablement pas utilisés <eos>,13,utilisés,utilisées,11,M,S,utilisés,-4.96092,utilisées,-8.479109,1
