,Paradigm,Gen,Num,Sent,Eval,Corr,Wrong,Dist,Attr_Gen,corr_word,corr_prob,wrong_word,wrong_prob,answer
0,S_NOUN_1_PASS_b,F,S,la gemme avec le bracelet était achetée <eos>,6,achetée,acheté,4,M,achetée,-8.606995,acheté,-9.748778,1
1,S_NOUN_1_PASS_b,F,S,la gemme avec le bracelet était brisée <eos>,6,brisée,brisé,4,M,brisée,-7.826218,brisé,-10.835026,1
2,S_NOUN_1_PASS_b,F,S,la gemme avec le bracelet était cachée <eos>,6,cachée,caché,4,M,cachée,-7.2769976,caché,-9.419818,1
3,S_NOUN_1_PASS_b,F,S,la gemme avec le bracelet était cassée <eos>,6,cassée,cassé,4,M,cassée,-7.737405,cassé,-10.66122,1
4,S_NOUN_1_PASS_b,F,S,la gemme avec le bracelet était couverte <eos>,6,couverte,couvert,4,M,couverte,-6.4054017,couvert,-9.486665,1
5,S_NOUN_1_PASS_b,F,S,la gemme avec le bracelet était déformée <eos>,6,déformée,déformé,4,M,déformée,-10.684944,déformé,-13.089838,1
6,S_NOUN_1_PASS_b,F,S,la gemme avec le bracelet était fixée <eos>,6,fixée,fixé,4,M,fixée,-5.0110836,fixé,-7.716811,1
7,S_NOUN_1_PASS_b,F,S,la gemme avec le bracelet était jetée <eos>,6,jetée,jeté,4,M,jetée,-9.306609,jeté,-11.151306,1
8,S_NOUN_1_PASS_b,F,S,la gemme avec le bracelet était laissée <eos>,6,laissée,laissé,4,M,laissée,-7.934835,laissé,-10.371084,1
9,S_NOUN_1_PASS_b,F,S,la gemme avec le bracelet était ouverte <eos>,6,ouverte,ouvert,4,M,ouverte,-5.9433556,ouvert,-9.720165,1
10,S_NOUN_1_PASS_b,F,S,la gemme avec le bracelet était perdue <eos>,6,perdue,perdu,4,M,perdue,-8.828484,perdu,-11.375792,1
11,S_NOUN_1_PASS_b,F,S,la gemme avec le bracelet était réparée <eos>,6,réparée,réparé,4,M,réparée,-11.616951,réparé,-14.868513,1
12,S_NOUN_1_PASS_b,F,S,la gemme avec le bracelet était retirée <eos>,6,retirée,retiré,4,M,retirée,-9.35555,retiré,-10.789931,1
13,S_NOUN_1_PASS_b,F,S,la gemme avec le bracelet était tombée <eos>,6,tombée,tombé,4,M,tombée,-8.390085,tombé,-10.312606,1
14,S_NOUN_1_PASS_b,F,S,la gemme avec le bracelet était utilisée <eos>,6,utilisée,utilisé,4,M,utilisée,-5.1236687,utilisé,-7.28564,1
15,S_NOUN_1_PASS_b,F,S,la gemme avec le miroir était achetée <eos>,6,achetée,acheté,4,M,achetée,-8.561366,acheté,-12.229512,1
16,S_NOUN_1_PASS_b,F,S,la gemme avec le miroir était brisée <eos>,6,brisée,brisé,4,M,brisée,-6.8476067,brisé,-10.414696,1
17,S_NOUN_1_PASS_b,F,S,la gemme avec le miroir était cachée <eos>,6,cachée,caché,4,M,cachée,-6.8386545,caché,-9.764757,1
18,S_NOUN_1_PASS_b,F,S,la gemme avec le miroir était cassée <eos>,6,cassée,cassé,4,M,cassée,-7.828916,cassé,-10.497349,1
19,S_NOUN_1_PASS_b,F,S,la gemme avec le miroir était couverte <eos>,6,couverte,couvert,4,M,couverte,-5.6664934,couvert,-9.2696495,1
20,S_NOUN_1_PASS_b,F,S,la gemme avec le miroir était déformée <eos>,6,déformée,déformé,4,M,déformée,-9.463017,déformé,-12.586145,1
21,S_NOUN_1_PASS_b,F,S,la gemme avec le miroir était fixée <eos>,6,fixée,fixé,4,M,fixée,-5.2681537,fixé,-7.7715144,1
22,S_NOUN_1_PASS_b,F,S,la gemme avec le miroir était jetée <eos>,6,jetée,jeté,4,M,jetée,-8.799446,jeté,-11.47144,1
23,S_NOUN_1_PASS_b,F,S,la gemme avec le miroir était laissée <eos>,6,laissée,laissé,4,M,laissée,-7.6798296,laissé,-10.592691,1
24,S_NOUN_1_PASS_b,F,S,la gemme avec le miroir était ouverte <eos>,6,ouverte,ouvert,4,M,ouverte,-5.5754957,ouvert,-10.015708,1
25,S_NOUN_1_PASS_b,F,S,la gemme avec le miroir était perdue <eos>,6,perdue,perdu,4,M,perdue,-8.79323,perdu,-12.069395,1
26,S_NOUN_1_PASS_b,F,S,la gemme avec le miroir était réparée <eos>,6,réparée,réparé,4,M,réparée,-10.756982,réparé,-14.509318,1
27,S_NOUN_1_PASS_b,F,S,la gemme avec le miroir était retirée <eos>,6,retirée,retiré,4,M,retirée,-8.802532,retiré,-11.172659,1
28,S_NOUN_1_PASS_b,F,S,la gemme avec le miroir était tombée <eos>,6,tombée,tombé,4,M,tombée,-8.325843,tombé,-10.828664,1
29,S_NOUN_1_PASS_b,F,S,la gemme avec le miroir était utilisée <eos>,6,utilisée,utilisé,4,M,utilisée,-5.1741896,utilisé,-7.703779,1
30,S_NOUN_1_PASS_b,F,S,la gemme avec le crayon était achetée <eos>,6,achetée,acheté,4,M,achetée,-8.561888,acheté,-12.208407,1
31,S_NOUN_1_PASS_b,F,S,la gemme avec le crayon était brisée <eos>,6,brisée,brisé,4,M,brisée,-8.348536,brisé,-12.611868,1
32,S_NOUN_1_PASS_b,F,S,la gemme avec le crayon était cachée <eos>,6,cachée,caché,4,M,cachée,-7.791543,caché,-10.234245,1
33,S_NOUN_1_PASS_b,F,S,la gemme avec le crayon était cassée <eos>,6,cassée,cassé,4,M,cassée,-8.099724,cassé,-12.22832,1
34,S_NOUN_1_PASS_b,F,S,la gemme avec le crayon était couverte <eos>,6,couverte,couvert,4,M,couverte,-6.47581,couvert,-10.266195,1
35,S_NOUN_1_PASS_b,F,S,la gemme avec le crayon était déformée <eos>,6,déformée,déformé,4,M,déformée,-9.366882,déformé,-13.123643,1
36,S_NOUN_1_PASS_b,F,S,la gemme avec le crayon était fixée <eos>,6,fixée,fixé,4,M,fixée,-6.2430735,fixé,-8.696497,1
37,S_NOUN_1_PASS_b,F,S,la gemme avec le crayon était jetée <eos>,6,jetée,jeté,4,M,jetée,-8.739212,jeté,-12.223612,1
38,S_NOUN_1_PASS_b,F,S,la gemme avec le crayon était laissée <eos>,6,laissée,laissé,4,M,laissée,-7.2037363,laissé,-11.010199,1
39,S_NOUN_1_PASS_b,F,S,la gemme avec le crayon était ouverte <eos>,6,ouverte,ouvert,4,M,ouverte,-6.253483,ouvert,-10.509021,1
40,S_NOUN_1_PASS_b,F,S,la gemme avec le crayon était perdue <eos>,6,perdue,perdu,4,M,perdue,-8.128206,perdu,-11.811366,1
41,S_NOUN_1_PASS_b,F,S,la gemme avec le crayon était réparée <eos>,6,réparée,réparé,4,M,réparée,-11.376951,réparé,-15.179714,1
42,S_NOUN_1_PASS_b,F,S,la gemme avec le crayon était retirée <eos>,6,retirée,retiré,4,M,retirée,-9.300637,retiré,-11.158836,1
43,S_NOUN_1_PASS_b,F,S,la gemme avec le crayon était tombée <eos>,6,tombée,tombé,4,M,tombée,-8.152482,tombé,-10.829296,1
44,S_NOUN_1_PASS_b,F,S,la gemme avec le crayon était utilisée <eos>,6,utilisée,utilisé,4,M,utilisée,-4.303241,utilisé,-7.2024603,1
45,S_NOUN_1_PASS_b,F,S,la gemme avec le rideau était achetée <eos>,6,achetée,acheté,4,M,achetée,-8.716732,acheté,-11.807001,1
46,S_NOUN_1_PASS_b,F,S,la gemme avec le rideau était brisée <eos>,6,brisée,brisé,4,M,brisée,-6.634761,brisé,-9.611939,1
47,S_NOUN_1_PASS_b,F,S,la gemme avec le rideau était cachée <eos>,6,cachée,caché,4,M,cachée,-7.114776,caché,-9.141739,1
48,S_NOUN_1_PASS_b,F,S,la gemme avec le rideau était cassée <eos>,6,cassée,cassé,4,M,cassée,-8.025597,cassé,-9.731117,1
49,S_NOUN_1_PASS_b,F,S,la gemme avec le rideau était couverte <eos>,6,couverte,couvert,4,M,couverte,-5.653528,couvert,-8.210718,1
50,S_NOUN_1_PASS_b,F,S,la gemme avec le rideau était déformée <eos>,6,déformée,déformé,4,M,déformée,-9.434435,déformé,-11.838224,1
51,S_NOUN_1_PASS_b,F,S,la gemme avec le rideau était fixée <eos>,6,fixée,fixé,4,M,fixée,-5.4096103,fixé,-7.9272475,1
52,S_NOUN_1_PASS_b,F,S,la gemme avec le rideau était jetée <eos>,6,jetée,jeté,4,M,jetée,-8.99363,jeté,-10.93388,1
53,S_NOUN_1_PASS_b,F,S,la gemme avec le rideau était laissée <eos>,6,laissée,laissé,4,M,laissée,-6.9341364,laissé,-9.663157,1
54,S_NOUN_1_PASS_b,F,S,la gemme avec le rideau était ouverte <eos>,6,ouverte,ouvert,4,M,ouverte,-6.471529,ouvert,-9.339758,1
55,S_NOUN_1_PASS_b,F,S,la gemme avec le rideau était perdue <eos>,6,perdue,perdu,4,M,perdue,-8.843641,perdu,-11.113125,1
56,S_NOUN_1_PASS_b,F,S,la gemme avec le rideau était réparée <eos>,6,réparée,réparé,4,M,réparée,-10.913526,réparé,-12.859482,1
57,S_NOUN_1_PASS_b,F,S,la gemme avec le rideau était retirée <eos>,6,retirée,retiré,4,M,retirée,-7.892478,retiré,-10.161065,1
58,S_NOUN_1_PASS_b,F,S,la gemme avec le rideau était tombée <eos>,6,tombée,tombé,4,M,tombée,-7.683193,tombé,-9.384533,1
59,S_NOUN_1_PASS_b,F,S,la gemme avec le rideau était utilisée <eos>,6,utilisée,utilisé,4,M,utilisée,-5.365292,utilisé,-7.1627936,1
60,S_NOUN_1_PASS_b,F,S,la gemme avec le cahier était achetée <eos>,6,achetée,acheté,4,M,achetée,-8.916233,acheté,-11.278807,1
61,S_NOUN_1_PASS_b,F,S,la gemme avec le cahier était brisée <eos>,6,brisée,brisé,4,M,brisée,-7.645343,brisé,-9.919614,1
62,S_NOUN_1_PASS_b,F,S,la gemme avec le cahier était cachée <eos>,6,cachée,caché,4,M,cachée,-8.183334,caché,-9.309607,1
63,S_NOUN_1_PASS_b,F,S,la gemme avec le cahier était cassée <eos>,6,cassée,cassé,4,M,cassée,-8.645522,cassé,-10.887713,1
64,S_NOUN_1_PASS_b,F,S,la gemme avec le cahier était couverte <eos>,6,couverte,couvert,4,M,couverte,-5.989847,couvert,-8.213936,1
65,S_NOUN_1_PASS_b,F,S,la gemme avec le cahier était déformée <eos>,6,déformée,déformé,4,M,déformée,-10.098379,déformé,-11.960674,1
66,S_NOUN_1_PASS_b,F,S,la gemme avec le cahier était fixée <eos>,6,fixée,fixé,4,M,fixée,-4.751547,fixé,-6.109967,1
67,S_NOUN_1_PASS_b,F,S,la gemme avec le cahier était jetée <eos>,6,jetée,jeté,4,M,jetée,-9.217304,jeté,-10.958889,1
68,S_NOUN_1_PASS_b,F,S,la gemme avec le cahier était laissée <eos>,6,laissée,laissé,4,M,laissée,-7.720318,laissé,-9.997142,1
69,S_NOUN_1_PASS_b,F,S,la gemme avec le cahier était ouverte <eos>,6,ouverte,ouvert,4,M,ouverte,-6.0388165,ouvert,-8.076098,1
70,S_NOUN_1_PASS_b,F,S,la gemme avec le cahier était perdue <eos>,6,perdue,perdu,4,M,perdue,-8.228219,perdu,-9.921532,1
71,S_NOUN_1_PASS_b,F,S,la gemme avec le cahier était réparée <eos>,6,réparée,réparé,4,M,réparée,-10.856907,réparé,-13.772645,1
72,S_NOUN_1_PASS_b,F,S,la gemme avec le cahier était retirée <eos>,6,retirée,retiré,4,M,retirée,-8.460109,retiré,-8.984271,1
73,S_NOUN_1_PASS_b,F,S,la gemme avec le cahier était tombée <eos>,6,tombée,tombé,4,M,tombée,-7.9503226,tombé,-9.597801,1
74,S_NOUN_1_PASS_b,F,S,la gemme avec le cahier était utilisée <eos>,6,utilisée,utilisé,4,M,utilisée,-5.0826707,utilisé,-6.684809,1
75,S_NOUN_1_PASS_b,F,S,la gemme avec le micro était achetée <eos>,6,achetée,acheté,4,M,achetée,-9.143468,acheté,-12.240638,1
76,S_NOUN_1_PASS_b,F,S,la gemme avec le micro était brisée <eos>,6,brisée,brisé,4,M,brisée,-7.252371,brisé,-10.25584,1
77,S_NOUN_1_PASS_b,F,S,la gemme avec le micro était cachée <eos>,6,cachée,caché,4,M,cachée,-7.9019804,caché,-10.177422,1
78,S_NOUN_1_PASS_b,F,S,la gemme avec le micro était cassée <eos>,6,cassée,cassé,4,M,cassée,-7.41628,cassé,-9.367187,1
79,S_NOUN_1_PASS_b,F,S,la gemme avec le micro était couverte <eos>,6,couverte,couvert,4,M,couverte,-5.7851844,couvert,-8.693239,1
80,S_NOUN_1_PASS_b,F,S,la gemme avec le micro était déformée <eos>,6,déformée,déformé,4,M,déformée,-9.106403,déformé,-12.059491,1
81,S_NOUN_1_PASS_b,F,S,la gemme avec le micro était fixée <eos>,6,fixée,fixé,4,M,fixée,-5.1552672,fixé,-7.351644,1
82,S_NOUN_1_PASS_b,F,S,la gemme avec le micro était jetée <eos>,6,jetée,jeté,4,M,jetée,-8.794432,jeté,-11.257964,1
83,S_NOUN_1_PASS_b,F,S,la gemme avec le micro était laissée <eos>,6,laissée,laissé,4,M,laissée,-7.786603,laissé,-10.479766,1
84,S_NOUN_1_PASS_b,F,S,la gemme avec le micro était ouverte <eos>,6,ouverte,ouvert,4,M,ouverte,-6.2036724,ouvert,-9.544352,1
85,S_NOUN_1_PASS_b,F,S,la gemme avec le micro était perdue <eos>,6,perdue,perdu,4,M,perdue,-8.884041,perdu,-12.015312,1
86,S_NOUN_1_PASS_b,F,S,la gemme avec le micro était réparée <eos>,6,réparée,réparé,4,M,réparée,-10.665613,réparé,-14.376722,1
87,S_NOUN_1_PASS_b,F,S,la gemme avec le micro était retirée <eos>,6,retirée,retiré,4,M,retirée,-8.697355,retiré,-10.422947,1
88,S_NOUN_1_PASS_b,F,S,la gemme avec le micro était tombée <eos>,6,tombée,tombé,4,M,tombée,-8.541704,tombé,-10.0894375,1
89,S_NOUN_1_PASS_b,F,S,la gemme avec le micro était utilisée <eos>,6,utilisée,utilisé,4,M,utilisée,-5.322731,utilisé,-7.3732224,1
90,S_NOUN_1_PASS_b,F,S,la gemme avec le sac était achetée <eos>,6,achetée,acheté,4,M,achetée,-7.9361496,acheté,-11.366861,1
91,S_NOUN_1_PASS_b,F,S,la gemme avec le sac était brisée <eos>,6,brisée,brisé,4,M,brisée,-7.2545547,brisé,-10.331453,1
92,S_NOUN_1_PASS_b,F,S,la gemme avec le sac était cachée <eos>,6,cachée,caché,4,M,cachée,-7.1632113,caché,-9.595074,1
93,S_NOUN_1_PASS_b,F,S,la gemme avec le sac était cassée <eos>,6,cassée,cassé,4,M,cassée,-6.7456827,cassé,-10.558747,1
94,S_NOUN_1_PASS_b,F,S,la gemme avec le sac était couverte <eos>,6,couverte,couvert,4,M,couverte,-5.241248,couvert,-8.598497,1
95,S_NOUN_1_PASS_b,F,S,la gemme avec le sac était déformée <eos>,6,déformée,déformé,4,M,déformée,-9.386705,déformé,-12.108694,1
96,S_NOUN_1_PASS_b,F,S,la gemme avec le sac était fixée <eos>,6,fixée,fixé,4,M,fixée,-5.0069494,fixé,-7.697177,1
97,S_NOUN_1_PASS_b,F,S,la gemme avec le sac était jetée <eos>,6,jetée,jeté,4,M,jetée,-7.376325,jeté,-10.46524,1
98,S_NOUN_1_PASS_b,F,S,la gemme avec le sac était laissée <eos>,6,laissée,laissé,4,M,laissée,-6.7235007,laissé,-9.840723,1
99,S_NOUN_1_PASS_b,F,S,la gemme avec le sac était ouverte <eos>,6,ouverte,ouvert,4,M,ouverte,-5.2800493,ouvert,-9.204181,1
100,S_NOUN_1_PASS_b,F,S,la gemme avec le sac était perdue <eos>,6,perdue,perdu,4,M,perdue,-8.063022,perdu,-11.360581,1
101,S_NOUN_1_PASS_b,F,S,la gemme avec le sac était réparée <eos>,6,réparée,réparé,4,M,réparée,-10.33745,réparé,-13.46673,1
102,S_NOUN_1_PASS_b,F,S,la gemme avec le sac était retirée <eos>,6,retirée,retiré,4,M,retirée,-8.056627,retiré,-9.808545,1
103,S_NOUN_1_PASS_b,F,S,la gemme avec le sac était tombée <eos>,6,tombée,tombé,4,M,tombée,-7.8565083,tombé,-10.446615,1
104,S_NOUN_1_PASS_b,F,S,la gemme avec le sac était utilisée <eos>,6,utilisée,utilisé,4,M,utilisée,-5.010142,utilisé,-7.5902934,1
105,S_NOUN_1_PASS_b,F,S,la gemme avec le clavier était achetée <eos>,6,achetée,acheté,4,M,achetée,-9.461015,acheté,-12.013693,1
106,S_NOUN_1_PASS_b,F,S,la gemme avec le clavier était brisée <eos>,6,brisée,brisé,4,M,brisée,-8.140505,brisé,-11.5423355,1
107,S_NOUN_1_PASS_b,F,S,la gemme avec le clavier était cachée <eos>,6,cachée,caché,4,M,cachée,-7.334896,caché,-10.122612,1
108,S_NOUN_1_PASS_b,F,S,la gemme avec le clavier était cassée <eos>,6,cassée,cassé,4,M,cassée,-7.694193,cassé,-10.835472,1
109,S_NOUN_1_PASS_b,F,S,la gemme avec le clavier était couverte <eos>,6,couverte,couvert,4,M,couverte,-5.944378,couvert,-9.723574,1
110,S_NOUN_1_PASS_b,F,S,la gemme avec le clavier était déformée <eos>,6,déformée,déformé,4,M,déformée,-9.280321,déformé,-13.194596,1
111,S_NOUN_1_PASS_b,F,S,la gemme avec le clavier était fixée <eos>,6,fixée,fixé,4,M,fixée,-4.834606,fixé,-7.229865,1
112,S_NOUN_1_PASS_b,F,S,la gemme avec le clavier était jetée <eos>,6,jetée,jeté,4,M,jetée,-10.060095,jeté,-12.728653,1
113,S_NOUN_1_PASS_b,F,S,la gemme avec le clavier était laissée <eos>,6,laissée,laissé,4,M,laissée,-8.022027,laissé,-10.993779,1
114,S_NOUN_1_PASS_b,F,S,la gemme avec le clavier était ouverte <eos>,6,ouverte,ouvert,4,M,ouverte,-5.8256207,ouvert,-9.250504,1
115,S_NOUN_1_PASS_b,F,S,la gemme avec le clavier était perdue <eos>,6,perdue,perdu,4,M,perdue,-9.0708065,perdu,-12.054798,1
116,S_NOUN_1_PASS_b,F,S,la gemme avec le clavier était réparée <eos>,6,réparée,réparé,4,M,réparée,-10.927894,réparé,-14.949309,1
117,S_NOUN_1_PASS_b,F,S,la gemme avec le clavier était retirée <eos>,6,retirée,retiré,4,M,retirée,-9.359827,retiré,-10.709526,1
118,S_NOUN_1_PASS_b,F,S,la gemme avec le clavier était tombée <eos>,6,tombée,tombé,4,M,tombée,-7.816529,tombé,-10.554153,1
119,S_NOUN_1_PASS_b,F,S,la gemme avec le clavier était utilisée <eos>,6,utilisée,utilisé,4,M,utilisée,-4.9623547,utilisé,-7.243414,1
120,S_NOUN_1_PASS_b,F,S,la gemme avec le raisin était achetée <eos>,6,achetée,acheté,4,M,achetée,-8.192947,acheté,-11.678573,1
121,S_NOUN_1_PASS_b,F,S,la gemme avec le raisin était brisée <eos>,6,brisée,brisé,4,M,brisée,-8.343364,brisé,-12.745567,1
122,S_NOUN_1_PASS_b,F,S,la gemme avec le raisin était cachée <eos>,6,cachée,caché,4,M,cachée,-8.3885,caché,-10.824007,1
123,S_NOUN_1_PASS_b,F,S,la gemme avec le raisin était cassée <eos>,6,cassée,cassé,4,M,cassée,-7.744116,cassé,-11.264254,1
124,S_NOUN_1_PASS_b,F,S,la gemme avec le raisin était couverte <eos>,6,couverte,couvert,4,M,couverte,-6.439646,couvert,-9.709757,1
125,S_NOUN_1_PASS_b,F,S,la gemme avec le raisin était déformée <eos>,6,déformée,déformé,4,M,déformée,-10.114601,déformé,-13.811525,1
126,S_NOUN_1_PASS_b,F,S,la gemme avec le raisin était fixée <eos>,6,fixée,fixé,4,M,fixée,-5.428087,fixé,-8.165732,1
127,S_NOUN_1_PASS_b,F,S,la gemme avec le raisin était jetée <eos>,6,jetée,jeté,4,M,jetée,-7.975849,jeté,-11.8171625,1
128,S_NOUN_1_PASS_b,F,S,la gemme avec le raisin était laissée <eos>,6,laissée,laissé,4,M,laissée,-7.2534094,laissé,-10.558694,1
129,S_NOUN_1_PASS_b,F,S,la gemme avec le raisin était ouverte <eos>,6,ouverte,ouvert,4,M,ouverte,-6.241566,ouvert,-10.252005,1
130,S_NOUN_1_PASS_b,F,S,la gemme avec le raisin était perdue <eos>,6,perdue,perdu,4,M,perdue,-8.666946,perdu,-11.779336,1
131,S_NOUN_1_PASS_b,F,S,la gemme avec le raisin était réparée <eos>,6,réparée,réparé,4,M,réparée,-11.753921,réparé,-14.472134,1
132,S_NOUN_1_PASS_b,F,S,la gemme avec le raisin était retirée <eos>,6,retirée,retiré,4,M,retirée,-8.713071,retiré,-10.865754,1
133,S_NOUN_1_PASS_b,F,S,la gemme avec le raisin était tombée <eos>,6,tombée,tombé,4,M,tombée,-7.567519,tombé,-11.112855,1
134,S_NOUN_1_PASS_b,F,S,la gemme avec le raisin était utilisée <eos>,6,utilisée,utilisé,4,M,utilisée,-4.825334,utilisé,-7.516578,1
135,S_NOUN_1_PASS_b,F,S,la gemme avec le chargeur était achetée <eos>,6,achetée,acheté,4,M,achetée,-9.729599,acheté,-12.406345,1
136,S_NOUN_1_PASS_b,F,S,la gemme avec le chargeur était brisée <eos>,6,brisée,brisé,4,M,brisée,-7.8205624,brisé,-10.794092,1
137,S_NOUN_1_PASS_b,F,S,la gemme avec le chargeur était cachée <eos>,6,cachée,caché,4,M,cachée,-7.5705843,caché,-10.386696,1
138,S_NOUN_1_PASS_b,F,S,la gemme avec le chargeur était cassée <eos>,6,cassée,cassé,4,M,cassée,-6.94299,cassé,-10.612083,1
139,S_NOUN_1_PASS_b,F,S,la gemme avec le chargeur était couverte <eos>,6,couverte,couvert,4,M,couverte,-6.5119333,couvert,-9.699863,1
140,S_NOUN_1_PASS_b,F,S,la gemme avec le chargeur était déformée <eos>,6,déformée,déformé,4,M,déformée,-9.432472,déformé,-13.069654,1
141,S_NOUN_1_PASS_b,F,S,la gemme avec le chargeur était fixée <eos>,6,fixée,fixé,4,M,fixée,-5.036912,fixé,-7.699685,1
142,S_NOUN_1_PASS_b,F,S,la gemme avec le chargeur était jetée <eos>,6,jetée,jeté,4,M,jetée,-9.20315,jeté,-12.310444,1
143,S_NOUN_1_PASS_b,F,S,la gemme avec le chargeur était laissée <eos>,6,laissée,laissé,4,M,laissée,-8.349629,laissé,-11.019575,1
144,S_NOUN_1_PASS_b,F,S,la gemme avec le chargeur était ouverte <eos>,6,ouverte,ouvert,4,M,ouverte,-6.174897,ouvert,-10.084949,1
145,S_NOUN_1_PASS_b,F,S,la gemme avec le chargeur était perdue <eos>,6,perdue,perdu,4,M,perdue,-9.345106,perdu,-11.907557,1
146,S_NOUN_1_PASS_b,F,S,la gemme avec le chargeur était réparée <eos>,6,réparée,réparé,4,M,réparée,-9.908245,réparé,-14.637099,1
147,S_NOUN_1_PASS_b,F,S,la gemme avec le chargeur était retirée <eos>,6,retirée,retiré,4,M,retirée,-8.476273,retiré,-10.351238,1
148,S_NOUN_1_PASS_b,F,S,la gemme avec le chargeur était tombée <eos>,6,tombée,tombé,4,M,tombée,-9.013914,tombé,-11.249094,1
149,S_NOUN_1_PASS_b,F,S,la gemme avec le chargeur était utilisée <eos>,6,utilisée,utilisé,4,M,utilisée,-5.3522024,utilisé,-7.841655,1
150,S_NOUN_1_PASS_b,F,S,la gemme avec le vase était achetée <eos>,6,achetée,acheté,4,M,achetée,-8.572856,acheté,-11.789331,1
151,S_NOUN_1_PASS_b,F,S,la gemme avec le vase était brisée <eos>,6,brisée,brisé,4,M,brisée,-7.065351,brisé,-10.294674,1
152,S_NOUN_1_PASS_b,F,S,la gemme avec le vase était cachée <eos>,6,cachée,caché,4,M,cachée,-7.475233,caché,-10.055148,1
153,S_NOUN_1_PASS_b,F,S,la gemme avec le vase était cassée <eos>,6,cassée,cassé,4,M,cassée,-7.350541,cassé,-10.815992,1
154,S_NOUN_1_PASS_b,F,S,la gemme avec le vase était couverte <eos>,6,couverte,couvert,4,M,couverte,-4.9862614,couvert,-8.780445,1
155,S_NOUN_1_PASS_b,F,S,la gemme avec le vase était déformée <eos>,6,déformée,déformé,4,M,déformée,-10.01654,déformé,-12.962036,1
156,S_NOUN_1_PASS_b,F,S,la gemme avec le vase était fixée <eos>,6,fixée,fixé,4,M,fixée,-5.0752406,fixé,-7.739001,1
157,S_NOUN_1_PASS_b,F,S,la gemme avec le vase était jetée <eos>,6,jetée,jeté,4,M,jetée,-7.7785387,jeté,-11.004936,1
158,S_NOUN_1_PASS_b,F,S,la gemme avec le vase était laissée <eos>,6,laissée,laissé,4,M,laissée,-7.2251005,laissé,-10.053099,1
159,S_NOUN_1_PASS_b,F,S,la gemme avec le vase était ouverte <eos>,6,ouverte,ouvert,4,M,ouverte,-5.8096094,ouvert,-9.834138,1
160,S_NOUN_1_PASS_b,F,S,la gemme avec le vase était perdue <eos>,6,perdue,perdu,4,M,perdue,-8.028857,perdu,-10.971437,1
161,S_NOUN_1_PASS_b,F,S,la gemme avec le vase était réparée <eos>,6,réparée,réparé,4,M,réparée,-10.429939,réparé,-13.675764,1
162,S_NOUN_1_PASS_b,F,S,la gemme avec le vase était retirée <eos>,6,retirée,retiré,4,M,retirée,-8.191705,retiré,-10.993241,1
163,S_NOUN_1_PASS_b,F,S,la gemme avec le vase était tombée <eos>,6,tombée,tombé,4,M,tombée,-7.2112255,tombé,-10.535541,1
164,S_NOUN_1_PASS_b,F,S,la gemme avec le vase était utilisée <eos>,6,utilisée,utilisé,4,M,utilisée,-5.0025215,utilisé,-7.586669,1
165,S_NOUN_1_PASS_b,F,S,la gemme avec le panier était achetée <eos>,6,achetée,acheté,4,M,achetée,-9.200145,acheté,-12.129206,1
166,S_NOUN_1_PASS_b,F,S,la gemme avec le panier était brisée <eos>,6,brisée,brisé,4,M,brisée,-7.937478,brisé,-10.842761,1
167,S_NOUN_1_PASS_b,F,S,la gemme avec le panier était cachée <eos>,6,cachée,caché,4,M,cachée,-7.6471577,caché,-9.887471,1
168,S_NOUN_1_PASS_b,F,S,la gemme avec le panier était cassée <eos>,6,cassée,cassé,4,M,cassée,-7.346856,cassé,-10.990249,1
169,S_NOUN_1_PASS_b,F,S,la gemme avec le panier était couverte <eos>,6,couverte,couvert,4,M,couverte,-6.018385,couvert,-8.981737,1
170,S_NOUN_1_PASS_b,F,S,la gemme avec le panier était déformée <eos>,6,déformée,déformé,4,M,déformée,-9.515628,déformé,-13.289108,1
171,S_NOUN_1_PASS_b,F,S,la gemme avec le panier était fixée <eos>,6,fixée,fixé,4,M,fixée,-5.468727,fixé,-7.640195,1
172,S_NOUN_1_PASS_b,F,S,la gemme avec le panier était jetée <eos>,6,jetée,jeté,4,M,jetée,-8.618961,jeté,-11.79936,1
173,S_NOUN_1_PASS_b,F,S,la gemme avec le panier était laissée <eos>,6,laissée,laissé,4,M,laissée,-6.7989063,laissé,-10.172,1
174,S_NOUN_1_PASS_b,F,S,la gemme avec le panier était ouverte <eos>,6,ouverte,ouvert,4,M,ouverte,-6.183906,ouvert,-9.708796,1
175,S_NOUN_1_PASS_b,F,S,la gemme avec le panier était perdue <eos>,6,perdue,perdu,4,M,perdue,-9.108337,perdu,-11.966772,1
176,S_NOUN_1_PASS_b,F,S,la gemme avec le panier était réparée <eos>,6,réparée,réparé,4,M,réparée,-11.082275,réparé,-13.96923,1
177,S_NOUN_1_PASS_b,F,S,la gemme avec le panier était retirée <eos>,6,retirée,retiré,4,M,retirée,-8.78056,retiré,-10.616773,1
178,S_NOUN_1_PASS_b,F,S,la gemme avec le panier était tombée <eos>,6,tombée,tombé,4,M,tombée,-8.228195,tombé,-10.345409,1
179,S_NOUN_1_PASS_b,F,S,la gemme avec le panier était utilisée <eos>,6,utilisée,utilisé,4,M,utilisée,-5.2458253,utilisé,-7.25141,1
180,S_NOUN_1_PASS_b,F,S,la gemme avec le collier était achetée <eos>,6,achetée,acheté,4,M,achetée,-8.155903,acheté,-11.124016,1
181,S_NOUN_1_PASS_b,F,S,la gemme avec le collier était brisée <eos>,6,brisée,brisé,4,M,brisée,-7.39394,brisé,-10.222094,1
182,S_NOUN_1_PASS_b,F,S,la gemme avec le collier était cachée <eos>,6,cachée,caché,4,M,cachée,-7.3078213,caché,-9.487565,1
183,S_NOUN_1_PASS_b,F,S,la gemme avec le collier était cassée <eos>,6,cassée,cassé,4,M,cassée,-7.6816387,cassé,-10.028226,1
184,S_NOUN_1_PASS_b,F,S,la gemme avec le collier était couverte <eos>,6,couverte,couvert,4,M,couverte,-5.8246,couvert,-9.0279455,1
185,S_NOUN_1_PASS_b,F,S,la gemme avec le collier était déformée <eos>,6,déformée,déformé,4,M,déformée,-9.934547,déformé,-12.397301,1
186,S_NOUN_1_PASS_b,F,S,la gemme avec le collier était fixée <eos>,6,fixée,fixé,4,M,fixée,-5.248065,fixé,-7.5263433,1
187,S_NOUN_1_PASS_b,F,S,la gemme avec le collier était jetée <eos>,6,jetée,jeté,4,M,jetée,-8.845087,jeté,-10.773973,1
188,S_NOUN_1_PASS_b,F,S,la gemme avec le collier était laissée <eos>,6,laissée,laissé,4,M,laissée,-7.697588,laissé,-10.156773,1
189,S_NOUN_1_PASS_b,F,S,la gemme avec le collier était ouverte <eos>,6,ouverte,ouvert,4,M,ouverte,-6.149146,ouvert,-9.821814,1
190,S_NOUN_1_PASS_b,F,S,la gemme avec le collier était perdue <eos>,6,perdue,perdu,4,M,perdue,-9.049473,perdu,-11.87635,1
191,S_NOUN_1_PASS_b,F,S,la gemme avec le collier était réparée <eos>,6,réparée,réparé,4,M,réparée,-11.419321,réparé,-14.23209,1
192,S_NOUN_1_PASS_b,F,S,la gemme avec le collier était retirée <eos>,6,retirée,retiré,4,M,retirée,-8.650192,retiré,-10.122803,1
193,S_NOUN_1_PASS_b,F,S,la gemme avec le collier était tombée <eos>,6,tombée,tombé,4,M,tombée,-8.326398,tombé,-10.084548,1
194,S_NOUN_1_PASS_b,F,S,la gemme avec le collier était utilisée <eos>,6,utilisée,utilisé,4,M,utilisée,-5.269049,utilisé,-7.195523,1
195,S_NOUN_1_PASS_b,F,S,la gemme avec le chapeau était achetée <eos>,6,achetée,acheté,4,M,achetée,-8.643068,acheté,-11.565819,1
196,S_NOUN_1_PASS_b,F,S,la gemme avec le chapeau était brisée <eos>,6,brisée,brisé,4,M,brisée,-7.4536915,brisé,-11.25342,1
197,S_NOUN_1_PASS_b,F,S,la gemme avec le chapeau était cachée <eos>,6,cachée,caché,4,M,cachée,-8.183852,caché,-10.351892,1
198,S_NOUN_1_PASS_b,F,S,la gemme avec le chapeau était cassée <eos>,6,cassée,cassé,4,M,cassée,-7.735796,cassé,-10.053894,1
199,S_NOUN_1_PASS_b,F,S,la gemme avec le chapeau était couverte <eos>,6,couverte,couvert,4,M,couverte,-5.2617617,couvert,-9.128209,1
200,S_NOUN_1_PASS_b,F,S,la gemme avec le chapeau était déformée <eos>,6,déformée,déformé,4,M,déformée,-8.822,déformé,-11.911243,1
201,S_NOUN_1_PASS_b,F,S,la gemme avec le chapeau était fixée <eos>,6,fixée,fixé,4,M,fixée,-5.35156,fixé,-7.595815,1
202,S_NOUN_1_PASS_b,F,S,la gemme avec le chapeau était jetée <eos>,6,jetée,jeté,4,M,jetée,-8.868144,jeté,-11.227256,1
203,S_NOUN_1_PASS_b,F,S,la gemme avec le chapeau était laissée <eos>,6,laissée,laissé,4,M,laissée,-7.519174,laissé,-10.499489,1
204,S_NOUN_1_PASS_b,F,S,la gemme avec le chapeau était ouverte <eos>,6,ouverte,ouvert,4,M,ouverte,-6.128148,ouvert,-10.357659,1
205,S_NOUN_1_PASS_b,F,S,la gemme avec le chapeau était perdue <eos>,6,perdue,perdu,4,M,perdue,-9.4876175,perdu,-12.078936,1
206,S_NOUN_1_PASS_b,F,S,la gemme avec le chapeau était réparée <eos>,6,réparée,réparé,4,M,réparée,-10.987893,réparé,-14.732643,1
207,S_NOUN_1_PASS_b,F,S,la gemme avec le chapeau était retirée <eos>,6,retirée,retiré,4,M,retirée,-8.588763,retiré,-9.934265,1
208,S_NOUN_1_PASS_b,F,S,la gemme avec le chapeau était tombée <eos>,6,tombée,tombé,4,M,tombée,-8.165285,tombé,-10.391098,1
209,S_NOUN_1_PASS_b,F,S,la gemme avec le chapeau était utilisée <eos>,6,utilisée,utilisé,4,M,utilisée,-5.058014,utilisé,-7.2727747,1
210,S_NOUN_1_PASS_b,F,S,la gemme avec le pot était achetée <eos>,6,achetée,acheté,4,M,achetée,-8.397448,acheté,-11.200708,1
211,S_NOUN_1_PASS_b,F,S,la gemme avec le pot était brisée <eos>,6,brisée,brisé,4,M,brisée,-7.662318,brisé,-10.424165,1
212,S_NOUN_1_PASS_b,F,S,la gemme avec le pot était cachée <eos>,6,cachée,caché,4,M,cachée,-7.901026,caché,-9.554568,1
213,S_NOUN_1_PASS_b,F,S,la gemme avec le pot était cassée <eos>,6,cassée,cassé,4,M,cassée,-7.706182,cassé,-10.775564,1
214,S_NOUN_1_PASS_b,F,S,la gemme avec le pot était couverte <eos>,6,couverte,couvert,4,M,couverte,-6.3713713,couvert,-8.694201,1
215,S_NOUN_1_PASS_b,F,S,la gemme avec le pot était déformée <eos>,6,déformée,déformé,4,M,déformée,-9.804832,déformé,-12.226938,1
216,S_NOUN_1_PASS_b,F,S,la gemme avec le pot était fixée <eos>,6,fixée,fixé,4,M,fixée,-5.182509,fixé,-7.342363,1
217,S_NOUN_1_PASS_b,F,S,la gemme avec le pot était jetée <eos>,6,jetée,jeté,4,M,jetée,-7.9576035,jeté,-10.774754,1
218,S_NOUN_1_PASS_b,F,S,la gemme avec le pot était laissée <eos>,6,laissée,laissé,4,M,laissée,-7.188287,laissé,-10.013612,1
219,S_NOUN_1_PASS_b,F,S,la gemme avec le pot était ouverte <eos>,6,ouverte,ouvert,4,M,ouverte,-6.6825237,ouvert,-9.475292,1
220,S_NOUN_1_PASS_b,F,S,la gemme avec le pot était perdue <eos>,6,perdue,perdu,4,M,perdue,-8.639031,perdu,-10.909907,1
221,S_NOUN_1_PASS_b,F,S,la gemme avec le pot était réparée <eos>,6,réparée,réparé,4,M,réparée,-10.766873,réparé,-13.458086,1
222,S_NOUN_1_PASS_b,F,S,la gemme avec le pot était retirée <eos>,6,retirée,retiré,4,M,retirée,-8.577597,retiré,-9.733936,1
223,S_NOUN_1_PASS_b,F,S,la gemme avec le pot était tombée <eos>,6,tombée,tombé,4,M,tombée,-7.2691727,tombé,-9.980906,1
224,S_NOUN_1_PASS_b,F,S,la gemme avec le pot était utilisée <eos>,6,utilisée,utilisé,4,M,utilisée,-4.899641,utilisé,-6.7404156,1
225,S_NOUN_1_PASS_b,F,S,la gemme avec le coussin était achetée <eos>,6,achetée,acheté,4,M,achetée,-9.3439045,acheté,-12.605053,1
226,S_NOUN_1_PASS_b,F,S,la gemme avec le coussin était brisée <eos>,6,brisée,brisé,4,M,brisée,-7.3028774,brisé,-11.42782,1
227,S_NOUN_1_PASS_b,F,S,la gemme avec le coussin était cachée <eos>,6,cachée,caché,4,M,cachée,-7.567465,caché,-10.272982,1
228,S_NOUN_1_PASS_b,F,S,la gemme avec le coussin était cassée <eos>,6,cassée,cassé,4,M,cassée,-7.189996,cassé,-10.613143,1
229,S_NOUN_1_PASS_b,F,S,la gemme avec le coussin était couverte <eos>,6,couverte,couvert,4,M,couverte,-5.568993,couvert,-9.394864,1
230,S_NOUN_1_PASS_b,F,S,la gemme avec le coussin était déformée <eos>,6,déformée,déformé,4,M,déformée,-10.313343,déformé,-13.909997,1
231,S_NOUN_1_PASS_b,F,S,la gemme avec le coussin était fixée <eos>,6,fixée,fixé,4,M,fixée,-4.2574797,fixé,-7.7299957,1
232,S_NOUN_1_PASS_b,F,S,la gemme avec le coussin était jetée <eos>,6,jetée,jeté,4,M,jetée,-9.9111,jeté,-12.747511,1
233,S_NOUN_1_PASS_b,F,S,la gemme avec le coussin était laissée <eos>,6,laissée,laissé,4,M,laissée,-7.7659893,laissé,-10.856353,1
234,S_NOUN_1_PASS_b,F,S,la gemme avec le coussin était ouverte <eos>,6,ouverte,ouvert,4,M,ouverte,-5.322606,ouvert,-10.004428,1
235,S_NOUN_1_PASS_b,F,S,la gemme avec le coussin était perdue <eos>,6,perdue,perdu,4,M,perdue,-10.045395,perdu,-12.781835,1
236,S_NOUN_1_PASS_b,F,S,la gemme avec le coussin était réparée <eos>,6,réparée,réparé,4,M,réparée,-10.677837,réparé,-15.054681,1
237,S_NOUN_1_PASS_b,F,S,la gemme avec le coussin était retirée <eos>,6,retirée,retiré,4,M,retirée,-8.931936,retiré,-11.156782,1
238,S_NOUN_1_PASS_b,F,S,la gemme avec le coussin était tombée <eos>,6,tombée,tombé,4,M,tombée,-9.929235,tombé,-11.440922,1
239,S_NOUN_1_PASS_b,F,S,la gemme avec le coussin était utilisée <eos>,6,utilisée,utilisé,4,M,utilisée,-5.2691097,utilisé,-7.8532724,1
240,S_NOUN_1_PASS_b,F,S,la gemme avec le jouet était achetée <eos>,6,achetée,acheté,4,M,achetée,-8.324015,acheté,-11.454883,1
241,S_NOUN_1_PASS_b,F,S,la gemme avec le jouet était brisée <eos>,6,brisée,brisé,4,M,brisée,-7.858056,brisé,-10.819526,1
242,S_NOUN_1_PASS_b,F,S,la gemme avec le jouet était cachée <eos>,6,cachée,caché,4,M,cachée,-7.6005707,caché,-9.939812,1
243,S_NOUN_1_PASS_b,F,S,la gemme avec le jouet était cassée <eos>,6,cassée,cassé,4,M,cassée,-7.662649,cassé,-11.426623,1
244,S_NOUN_1_PASS_b,F,S,la gemme avec le jouet était couverte <eos>,6,couverte,couvert,4,M,couverte,-6.367255,couvert,-10.048512,1
245,S_NOUN_1_PASS_b,F,S,la gemme avec le jouet était déformée <eos>,6,déformée,déformé,4,M,déformée,-10.597174,déformé,-13.28351,1
246,S_NOUN_1_PASS_b,F,S,la gemme avec le jouet était fixée <eos>,6,fixée,fixé,4,M,fixée,-5.881258,fixé,-8.576857,1
247,S_NOUN_1_PASS_b,F,S,la gemme avec le jouet était jetée <eos>,6,jetée,jeté,4,M,jetée,-9.284242,jeté,-11.751056,1
248,S_NOUN_1_PASS_b,F,S,la gemme avec le jouet était laissée <eos>,6,laissée,laissé,4,M,laissée,-8.207171,laissé,-10.672555,1
249,S_NOUN_1_PASS_b,F,S,la gemme avec le jouet était ouverte <eos>,6,ouverte,ouvert,4,M,ouverte,-6.481308,ouvert,-10.131699,1
250,S_NOUN_1_PASS_b,F,S,la gemme avec le jouet était perdue <eos>,6,perdue,perdu,4,M,perdue,-9.874442,perdu,-12.157929,1
251,S_NOUN_1_PASS_b,F,S,la gemme avec le jouet était réparée <eos>,6,réparée,réparé,4,M,réparée,-11.449236,réparé,-14.059517,1
252,S_NOUN_1_PASS_b,F,S,la gemme avec le jouet était retirée <eos>,6,retirée,retiré,4,M,retirée,-9.494646,retiré,-11.909229,1
253,S_NOUN_1_PASS_b,F,S,la gemme avec le jouet était tombée <eos>,6,tombée,tombé,4,M,tombée,-8.380983,tombé,-10.549271,1
254,S_NOUN_1_PASS_b,F,S,la gemme avec le jouet était utilisée <eos>,6,utilisée,utilisé,4,M,utilisée,-5.1888638,utilisé,-7.119626,1
255,S_NOUN_1_PASS_b,F,S,la gemme avec le clou était achetée <eos>,6,achetée,acheté,4,M,achetée,-8.537142,acheté,-12.166493,1
256,S_NOUN_1_PASS_b,F,S,la gemme avec le clou était brisée <eos>,6,brisée,brisé,4,M,brisée,-7.7625284,brisé,-11.241351,1
257,S_NOUN_1_PASS_b,F,S,la gemme avec le clou était cachée <eos>,6,cachée,caché,4,M,cachée,-7.5099077,caché,-10.619051,1
258,S_NOUN_1_PASS_b,F,S,la gemme avec le clou était cassée <eos>,6,cassée,cassé,4,M,cassée,-7.345478,cassé,-10.990644,1
259,S_NOUN_1_PASS_b,F,S,la gemme avec le clou était couverte <eos>,6,couverte,couvert,4,M,couverte,-5.9793653,couvert,-9.727228,1
260,S_NOUN_1_PASS_b,F,S,la gemme avec le clou était déformée <eos>,6,déformée,déformé,4,M,déformée,-9.712196,déformé,-13.308239,1
261,S_NOUN_1_PASS_b,F,S,la gemme avec le clou était fixée <eos>,6,fixée,fixé,4,M,fixée,-4.7035103,fixé,-7.4595413,1
262,S_NOUN_1_PASS_b,F,S,la gemme avec le clou était jetée <eos>,6,jetée,jeté,4,M,jetée,-7.793047,jeté,-11.669822,1
263,S_NOUN_1_PASS_b,F,S,la gemme avec le clou était laissée <eos>,6,laissée,laissé,4,M,laissée,-6.9097195,laissé,-10.505164,1
264,S_NOUN_1_PASS_b,F,S,la gemme avec le clou était ouverte <eos>,6,ouverte,ouvert,4,M,ouverte,-6.701409,ouvert,-10.579859,1
265,S_NOUN_1_PASS_b,F,S,la gemme avec le clou était perdue <eos>,6,perdue,perdu,4,M,perdue,-8.29335,perdu,-11.582169,1
266,S_NOUN_1_PASS_b,F,S,la gemme avec le clou était réparée <eos>,6,réparée,réparé,4,M,réparée,-11.129246,réparé,-14.40112,1
267,S_NOUN_1_PASS_b,F,S,la gemme avec le clou était retirée <eos>,6,retirée,retiré,4,M,retirée,-7.8751717,retiré,-10.346425,1
268,S_NOUN_1_PASS_b,F,S,la gemme avec le clou était tombée <eos>,6,tombée,tombé,4,M,tombée,-7.072379,tombé,-10.41394,1
269,S_NOUN_1_PASS_b,F,S,la gemme avec le clou était utilisée <eos>,6,utilisée,utilisé,4,M,utilisée,-4.827199,utilisé,-7.386839,1
270,S_NOUN_1_PASS_b,F,S,la gemme avec le billet était achetée <eos>,6,achetée,acheté,4,M,achetée,-7.6680765,acheté,-10.467516,1
271,S_NOUN_1_PASS_b,F,S,la gemme avec le billet était brisée <eos>,6,brisée,brisé,4,M,brisée,-8.526428,brisé,-11.006241,1
272,S_NOUN_1_PASS_b,F,S,la gemme avec le billet était cachée <eos>,6,cachée,caché,4,M,cachée,-7.3742657,caché,-9.278147,1
273,S_NOUN_1_PASS_b,F,S,la gemme avec le billet était cassée <eos>,6,cassée,cassé,4,M,cassée,-8.386343,cassé,-10.7797165,1
274,S_NOUN_1_PASS_b,F,S,la gemme avec le billet était couverte <eos>,6,couverte,couvert,4,M,couverte,-6.4550543,couvert,-8.7272835,1
275,S_NOUN_1_PASS_b,F,S,la gemme avec le billet était déformée <eos>,6,déformée,déformé,4,M,déformée,-9.727439,déformé,-12.698871,1
276,S_NOUN_1_PASS_b,F,S,la gemme avec le billet était fixée <eos>,6,fixée,fixé,4,M,fixée,-5.2207775,fixé,-7.1445837,1
277,S_NOUN_1_PASS_b,F,S,la gemme avec le billet était jetée <eos>,6,jetée,jeté,4,M,jetée,-8.1213455,jeté,-10.761461,1
278,S_NOUN_1_PASS_b,F,S,la gemme avec le billet était laissée <eos>,6,laissée,laissé,4,M,laissée,-7.4997435,laissé,-9.4199095,1
279,S_NOUN_1_PASS_b,F,S,la gemme avec le billet était ouverte <eos>,6,ouverte,ouvert,4,M,ouverte,-6.3475447,ouvert,-9.482827,1
280,S_NOUN_1_PASS_b,F,S,la gemme avec le billet était perdue <eos>,6,perdue,perdu,4,M,perdue,-8.479908,perdu,-10.074924,1
281,S_NOUN_1_PASS_b,F,S,la gemme avec le billet était réparée <eos>,6,réparée,réparé,4,M,réparée,-10.8872595,réparé,-13.569517,1
282,S_NOUN_1_PASS_b,F,S,la gemme avec le billet était retirée <eos>,6,retirée,retiré,4,M,retirée,-8.732679,retiré,-9.41749,1
283,S_NOUN_1_PASS_b,F,S,la gemme avec le billet était tombée <eos>,6,tombée,tombé,4,M,tombée,-7.525729,tombé,-9.597989,1
284,S_NOUN_1_PASS_b,F,S,la gemme avec le billet était utilisée <eos>,6,utilisée,utilisé,4,M,utilisée,-5.437314,utilisé,-7.0931387,1
285,S_NOUN_1_PASS_b,F,S,la gemme avec le légume était achetée <eos>,6,achetée,acheté,4,M,achetée,-9.624016,acheté,-11.80257,1
286,S_NOUN_1_PASS_b,F,S,la gemme avec le légume était brisée <eos>,6,brisée,brisé,4,M,brisée,-9.569965,brisé,-11.813919,1
287,S_NOUN_1_PASS_b,F,S,la gemme avec le légume était cachée <eos>,6,cachée,caché,4,M,cachée,-8.573125,caché,-10.371385,1
288,S_NOUN_1_PASS_b,F,S,la gemme avec le légume était cassée <eos>,6,cassée,cassé,4,M,cassée,-8.755605,cassé,-11.838991,1
289,S_NOUN_1_PASS_b,F,S,la gemme avec le légume était couverte <eos>,6,couverte,couvert,4,M,couverte,-6.8893228,couvert,-10.20124,1
290,S_NOUN_1_PASS_b,F,S,la gemme avec le légume était déformée <eos>,6,déformée,déformé,4,M,déformée,-11.370987,déformé,-14.482948,1
291,S_NOUN_1_PASS_b,F,S,la gemme avec le légume était fixée <eos>,6,fixée,fixé,4,M,fixée,-6.4686985,fixé,-8.704534,1
292,S_NOUN_1_PASS_b,F,S,la gemme avec le légume était jetée <eos>,6,jetée,jeté,4,M,jetée,-8.558463,jeté,-12.449635,1
293,S_NOUN_1_PASS_b,F,S,la gemme avec le légume était laissée <eos>,6,laissée,laissé,4,M,laissée,-7.387564,laissé,-10.570919,1
294,S_NOUN_1_PASS_b,F,S,la gemme avec le légume était ouverte <eos>,6,ouverte,ouvert,4,M,ouverte,-7.1056337,ouvert,-10.737451,1
295,S_NOUN_1_PASS_b,F,S,la gemme avec le légume était perdue <eos>,6,perdue,perdu,4,M,perdue,-8.719554,perdu,-11.5642605,1
296,S_NOUN_1_PASS_b,F,S,la gemme avec le légume était réparée <eos>,6,réparée,réparé,4,M,réparée,-12.980237,réparé,-14.633497,1
297,S_NOUN_1_PASS_b,F,S,la gemme avec le légume était retirée <eos>,6,retirée,retiré,4,M,retirée,-9.213366,retiré,-11.249705,1
298,S_NOUN_1_PASS_b,F,S,la gemme avec le légume était tombée <eos>,6,tombée,tombé,4,M,tombée,-7.925557,tombé,-10.768094,1
299,S_NOUN_1_PASS_b,F,S,la gemme avec le légume était utilisée <eos>,6,utilisée,utilisé,4,M,utilisée,-5.002596,utilisé,-7.0272465,1
300,S_NOUN_1_PASS_b,F,S,la chaise avec le bracelet était achetée <eos>,6,achetée,acheté,4,M,achetée,-8.122947,acheté,-10.802367,1
301,S_NOUN_1_PASS_b,F,S,la chaise avec le bracelet était brisée <eos>,6,brisée,brisé,4,M,brisée,-8.006651,brisé,-11.379541,1
302,S_NOUN_1_PASS_b,F,S,la chaise avec le bracelet était cachée <eos>,6,cachée,caché,4,M,cachée,-8.0010195,caché,-9.711545,1
303,S_NOUN_1_PASS_b,F,S,la chaise avec le bracelet était cassée <eos>,6,cassée,cassé,4,M,cassée,-8.150987,cassé,-9.866827,1
304,S_NOUN_1_PASS_b,F,S,la chaise avec le bracelet était couverte <eos>,6,couverte,couvert,4,M,couverte,-6.3036995,couvert,-9.3858795,1
305,S_NOUN_1_PASS_b,F,S,la chaise avec le bracelet était déformée <eos>,6,déformée,déformé,4,M,déformée,-9.99769,déformé,-13.345022,1
306,S_NOUN_1_PASS_b,F,S,la chaise avec le bracelet était fixée <eos>,6,fixée,fixé,4,M,fixée,-5.093203,fixé,-7.8528056,1
307,S_NOUN_1_PASS_b,F,S,la chaise avec le bracelet était jetée <eos>,6,jetée,jeté,4,M,jetée,-10.491761,jeté,-11.072071,1
308,S_NOUN_1_PASS_b,F,S,la chaise avec le bracelet était laissée <eos>,6,laissée,laissé,4,M,laissée,-8.468795,laissé,-10.421085,1
309,S_NOUN_1_PASS_b,F,S,la chaise avec le bracelet était ouverte <eos>,6,ouverte,ouvert,4,M,ouverte,-5.7559824,ouvert,-9.168384,1
310,S_NOUN_1_PASS_b,F,S,la chaise avec le bracelet était perdue <eos>,6,perdue,perdu,4,M,perdue,-9.241128,perdu,-11.469665,1
311,S_NOUN_1_PASS_b,F,S,la chaise avec le bracelet était réparée <eos>,6,réparée,réparé,4,M,réparée,-10.88563,réparé,-14.937103,1
312,S_NOUN_1_PASS_b,F,S,la chaise avec le bracelet était retirée <eos>,6,retirée,retiré,4,M,retirée,-8.130266,retiré,-10.316746,1
313,S_NOUN_1_PASS_b,F,S,la chaise avec le bracelet était tombée <eos>,6,tombée,tombé,4,M,tombée,-9.149139,tombé,-10.070664,1
314,S_NOUN_1_PASS_b,F,S,la chaise avec le bracelet était utilisée <eos>,6,utilisée,utilisé,4,M,utilisée,-4.1835938,utilisé,-6.7632713,1
315,S_NOUN_1_PASS_b,F,S,la chaise avec le miroir était achetée <eos>,6,achetée,acheté,4,M,achetée,-8.985273,acheté,-11.79114,1
316,S_NOUN_1_PASS_b,F,S,la chaise avec le miroir était brisée <eos>,6,brisée,brisé,4,M,brisée,-7.3366594,brisé,-10.756286,1
317,S_NOUN_1_PASS_b,F,S,la chaise avec le miroir était cachée <eos>,6,cachée,caché,4,M,cachée,-7.22781,caché,-9.432906,1
318,S_NOUN_1_PASS_b,F,S,la chaise avec le miroir était cassée <eos>,6,cassée,cassé,4,M,cassée,-8.124956,cassé,-9.295931,1
319,S_NOUN_1_PASS_b,F,S,la chaise avec le miroir était couverte <eos>,6,couverte,couvert,4,M,couverte,-5.57158,couvert,-9.041616,1
320,S_NOUN_1_PASS_b,F,S,la chaise avec le miroir était déformée <eos>,6,déformée,déformé,4,M,déformée,-8.840245,déformé,-12.82177,1
321,S_NOUN_1_PASS_b,F,S,la chaise avec le miroir était fixée <eos>,6,fixée,fixé,4,M,fixée,-5.6018505,fixé,-8.190843,1
322,S_NOUN_1_PASS_b,F,S,la chaise avec le miroir était jetée <eos>,6,jetée,jeté,4,M,jetée,-10.262863,jeté,-11.299662,1
323,S_NOUN_1_PASS_b,F,S,la chaise avec le miroir était laissée <eos>,6,laissée,laissé,4,M,laissée,-8.316605,laissé,-10.912027,1
324,S_NOUN_1_PASS_b,F,S,la chaise avec le miroir était ouverte <eos>,6,ouverte,ouvert,4,M,ouverte,-5.5654845,ouvert,-9.649386,1
325,S_NOUN_1_PASS_b,F,S,la chaise avec le miroir était perdue <eos>,6,perdue,perdu,4,M,perdue,-9.046171,perdu,-12.107506,1
326,S_NOUN_1_PASS_b,F,S,la chaise avec le miroir était réparée <eos>,6,réparée,réparé,4,M,réparée,-10.012149,réparé,-14.103175,1
327,S_NOUN_1_PASS_b,F,S,la chaise avec le miroir était retirée <eos>,6,retirée,retiré,4,M,retirée,-7.978482,retiré,-10.853266,1
328,S_NOUN_1_PASS_b,F,S,la chaise avec le miroir était tombée <eos>,6,tombée,tombé,4,M,tombée,-8.877068,tombé,-10.221693,1
329,S_NOUN_1_PASS_b,F,S,la chaise avec le miroir était utilisée <eos>,6,utilisée,utilisé,4,M,utilisée,-4.5737185,utilisé,-7.207108,1
330,S_NOUN_1_PASS_b,F,S,la chaise avec le crayon était achetée <eos>,6,achetée,acheté,4,M,achetée,-8.361635,acheté,-11.882309,1
331,S_NOUN_1_PASS_b,F,S,la chaise avec le crayon était brisée <eos>,6,brisée,brisé,4,M,brisée,-8.854694,brisé,-13.109074,1
332,S_NOUN_1_PASS_b,F,S,la chaise avec le crayon était cachée <eos>,6,cachée,caché,4,M,cachée,-8.296095,caché,-10.387425,1
333,S_NOUN_1_PASS_b,F,S,la chaise avec le crayon était cassée <eos>,6,cassée,cassé,4,M,cassée,-8.232933,cassé,-11.898653,1
334,S_NOUN_1_PASS_b,F,S,la chaise avec le crayon était couverte <eos>,6,couverte,couvert,4,M,couverte,-6.1642637,couvert,-10.109525,1
335,S_NOUN_1_PASS_b,F,S,la chaise avec le crayon était déformée <eos>,6,déformée,déformé,4,M,déformée,-8.847919,déformé,-13.541576,1
336,S_NOUN_1_PASS_b,F,S,la chaise avec le crayon était fixée <eos>,6,fixée,fixé,4,M,fixée,-6.268381,fixé,-9.3281555,1
337,S_NOUN_1_PASS_b,F,S,la chaise avec le crayon était jetée <eos>,6,jetée,jeté,4,M,jetée,-9.646613,jeté,-12.386521,1
338,S_NOUN_1_PASS_b,F,S,la chaise avec le crayon était laissée <eos>,6,laissée,laissé,4,M,laissée,-7.5698614,laissé,-11.229097,1
339,S_NOUN_1_PASS_b,F,S,la chaise avec le crayon était ouverte <eos>,6,ouverte,ouvert,4,M,ouverte,-5.794945,ouvert,-9.974613,1
340,S_NOUN_1_PASS_b,F,S,la chaise avec le crayon était perdue <eos>,6,perdue,perdu,4,M,perdue,-8.210078,perdu,-11.592993,1
341,S_NOUN_1_PASS_b,F,S,la chaise avec le crayon était réparée <eos>,6,réparée,réparé,4,M,réparée,-10.4475565,réparé,-15.142767,1
342,S_NOUN_1_PASS_b,F,S,la chaise avec le crayon était retirée <eos>,6,retirée,retiré,4,M,retirée,-8.495222,retiré,-10.979115,1
343,S_NOUN_1_PASS_b,F,S,la chaise avec le crayon était tombée <eos>,6,tombée,tombé,4,M,tombée,-8.734312,tombé,-10.300936,1
344,S_NOUN_1_PASS_b,F,S,la chaise avec le crayon était utilisée <eos>,6,utilisée,utilisé,4,M,utilisée,-3.3210073,utilisé,-6.800174,1
345,S_NOUN_1_PASS_b,F,S,la chaise avec le rideau était achetée <eos>,6,achetée,acheté,4,M,achetée,-8.982203,acheté,-12.005623,1
346,S_NOUN_1_PASS_b,F,S,la chaise avec le rideau était brisée <eos>,6,brisée,brisé,4,M,brisée,-6.924427,brisé,-10.418197,1
347,S_NOUN_1_PASS_b,F,S,la chaise avec le rideau était cachée <eos>,6,cachée,caché,4,M,cachée,-8.188976,caché,-9.704764,1
348,S_NOUN_1_PASS_b,F,S,la chaise avec le rideau était cassée <eos>,6,cassée,cassé,4,M,cassée,-8.264841,cassé,-9.07453,1
349,S_NOUN_1_PASS_b,F,S,la chaise avec le rideau était couverte <eos>,6,couverte,couvert,4,M,couverte,-5.702486,couvert,-8.559772,1
350,S_NOUN_1_PASS_b,F,S,la chaise avec le rideau était déformée <eos>,6,déformée,déformé,4,M,déformée,-8.6027155,déformé,-12.5942335,1
351,S_NOUN_1_PASS_b,F,S,la chaise avec le rideau était fixée <eos>,6,fixée,fixé,4,M,fixée,-6.0315876,fixé,-8.762908,1
352,S_NOUN_1_PASS_b,F,S,la chaise avec le rideau était jetée <eos>,6,jetée,jeté,4,M,jetée,-10.237593,jeté,-11.242,1
353,S_NOUN_1_PASS_b,F,S,la chaise avec le rideau était laissée <eos>,6,laissée,laissé,4,M,laissée,-7.815616,laissé,-10.267128,1
354,S_NOUN_1_PASS_b,F,S,la chaise avec le rideau était ouverte <eos>,6,ouverte,ouvert,4,M,ouverte,-6.0860386,ouvert,-9.038621,1
355,S_NOUN_1_PASS_b,F,S,la chaise avec le rideau était perdue <eos>,6,perdue,perdu,4,M,perdue,-9.27978,perdu,-11.306094,1
356,S_NOUN_1_PASS_b,F,S,la chaise avec le rideau était réparée <eos>,6,réparée,réparé,4,M,réparée,-9.997081,réparé,-13.124061,1
357,S_NOUN_1_PASS_b,F,S,la chaise avec le rideau était retirée <eos>,6,retirée,retiré,4,M,retirée,-7.0506325,retiré,-10.168606,1
358,S_NOUN_1_PASS_b,F,S,la chaise avec le rideau était tombée <eos>,6,tombée,tombé,4,M,tombée,-8.366674,tombé,-9.214525,1
359,S_NOUN_1_PASS_b,F,S,la chaise avec le rideau était utilisée <eos>,6,utilisée,utilisé,4,M,utilisée,-4.642357,utilisé,-7.1640406,1
360,S_NOUN_1_PASS_b,F,S,la chaise avec le cahier était achetée <eos>,6,achetée,acheté,4,M,achetée,-9.234469,acheté,-11.488345,1
361,S_NOUN_1_PASS_b,F,S,la chaise avec le cahier était brisée <eos>,6,brisée,brisé,4,M,brisée,-8.060809,brisé,-10.327165,1
362,S_NOUN_1_PASS_b,F,S,la chaise avec le cahier était cachée <eos>,6,cachée,caché,4,M,cachée,-9.117895,caché,-9.867313,1
363,S_NOUN_1_PASS_b,F,S,la chaise avec le cahier était cassée <eos>,6,cassée,cassé,4,M,cassée,-8.646558,cassé,-9.784765,1
364,S_NOUN_1_PASS_b,F,S,la chaise avec le cahier était couverte <eos>,6,couverte,couvert,4,M,couverte,-6.037114,couvert,-8.652025,1
365,S_NOUN_1_PASS_b,F,S,la chaise avec le cahier était déformée <eos>,6,déformée,déformé,4,M,déformée,-9.554128,déformé,-12.783807,1
366,S_NOUN_1_PASS_b,F,S,la chaise avec le cahier était fixée <eos>,6,fixée,fixé,4,M,fixée,-5.4235706,fixé,-7.3787384,1
367,S_NOUN_1_PASS_b,F,S,la chaise avec le cahier était jetée <eos>,6,jetée,jeté,4,M,jetée,-10.623818,jeté,-10.919247,1
368,S_NOUN_1_PASS_b,F,S,la chaise avec le cahier était laissée <eos>,6,laissée,laissé,4,M,laissée,-8.528575,laissé,-10.378576,1
369,S_NOUN_1_PASS_b,F,S,la chaise avec le cahier était ouverte <eos>,6,ouverte,ouvert,4,M,ouverte,-5.7667365,ouvert,-8.003353,1
370,S_NOUN_1_PASS_b,F,S,la chaise avec le cahier était perdue <eos>,6,perdue,perdu,4,M,perdue,-8.940885,perdu,-10.075328,1
371,S_NOUN_1_PASS_b,F,S,la chaise avec le cahier était réparée <eos>,6,réparée,réparé,4,M,réparée,-10.065413,réparé,-13.73865,1
372,S_NOUN_1_PASS_b,F,S,la chaise avec le cahier était retirée <eos>,6,retirée,retiré,4,M,retirée,-7.3926225,retiré,-8.826015,1
373,S_NOUN_1_PASS_b,F,S,la chaise avec le cahier était tombée <eos>,6,tombée,tombé,4,M,tombée,-8.590443,tombé,-9.61634,1
374,S_NOUN_1_PASS_b,F,S,la chaise avec le cahier était utilisée <eos>,6,utilisée,utilisé,4,M,utilisée,-4.6522346,utilisé,-6.6221194,1
375,S_NOUN_1_PASS_b,F,S,la chaise avec le micro était achetée <eos>,6,achetée,acheté,4,M,achetée,-9.362798,acheté,-12.621968,1
376,S_NOUN_1_PASS_b,F,S,la chaise avec le micro était brisée <eos>,6,brisée,brisé,4,M,brisée,-7.5243263,brisé,-10.744607,1
377,S_NOUN_1_PASS_b,F,S,la chaise avec le micro était cachée <eos>,6,cachée,caché,4,M,cachée,-8.231722,caché,-10.236025,1
378,S_NOUN_1_PASS_b,F,S,la chaise avec le micro était cassée <eos>,6,cassée,cassé,4,M,cassée,-6.8724174,cassé,-8.567894,1
379,S_NOUN_1_PASS_b,F,S,la chaise avec le micro était couverte <eos>,6,couverte,couvert,4,M,couverte,-5.5837755,couvert,-9.160887,1
380,S_NOUN_1_PASS_b,F,S,la chaise avec le micro était déformée <eos>,6,déformée,déformé,4,M,déformée,-8.265648,déformé,-12.938488,1
381,S_NOUN_1_PASS_b,F,S,la chaise avec le micro était fixée <eos>,6,fixée,fixé,4,M,fixée,-5.3040333,fixé,-8.525721,1
382,S_NOUN_1_PASS_b,F,S,la chaise avec le micro était jetée <eos>,6,jetée,jeté,4,M,jetée,-9.906656,jeté,-11.241888,1
383,S_NOUN_1_PASS_b,F,S,la chaise avec le micro était laissée <eos>,6,laissée,laissé,4,M,laissée,-7.8453903,laissé,-10.6243305,1
384,S_NOUN_1_PASS_b,F,S,la chaise avec le micro était ouverte <eos>,6,ouverte,ouvert,4,M,ouverte,-5.2137823,ouvert,-8.967821,1
385,S_NOUN_1_PASS_b,F,S,la chaise avec le micro était perdue <eos>,6,perdue,perdu,4,M,perdue,-9.363497,perdu,-12.444902,1
386,S_NOUN_1_PASS_b,F,S,la chaise avec le micro était réparée <eos>,6,réparée,réparé,4,M,réparée,-9.973527,réparé,-14.848177,1
387,S_NOUN_1_PASS_b,F,S,la chaise avec le micro était retirée <eos>,6,retirée,retiré,4,M,retirée,-7.9813995,retiré,-10.60149,1
388,S_NOUN_1_PASS_b,F,S,la chaise avec le micro était tombée <eos>,6,tombée,tombé,4,M,tombée,-9.356351,tombé,-10.041422,1
389,S_NOUN_1_PASS_b,F,S,la chaise avec le micro était utilisée <eos>,6,utilisée,utilisé,4,M,utilisée,-4.778947,utilisé,-7.7694073,1
390,S_NOUN_1_PASS_b,F,S,la chaise avec le sac était achetée <eos>,6,achetée,acheté,4,M,achetée,-7.9547086,acheté,-10.847919,1
391,S_NOUN_1_PASS_b,F,S,la chaise avec le sac était brisée <eos>,6,brisée,brisé,4,M,brisée,-7.3258796,brisé,-11.132355,1
392,S_NOUN_1_PASS_b,F,S,la chaise avec le sac était cachée <eos>,6,cachée,caché,4,M,cachée,-7.310762,caché,-9.347355,1
393,S_NOUN_1_PASS_b,F,S,la chaise avec le sac était cassée <eos>,6,cassée,cassé,4,M,cassée,-6.7473807,cassé,-9.386005,1
394,S_NOUN_1_PASS_b,F,S,la chaise avec le sac était couverte <eos>,6,couverte,couvert,4,M,couverte,-5.216404,couvert,-8.598883,1
395,S_NOUN_1_PASS_b,F,S,la chaise avec le sac était déformée <eos>,6,déformée,déformé,4,M,déformée,-8.695566,déformé,-12.4974785,1
396,S_NOUN_1_PASS_b,F,S,la chaise avec le sac était fixée <eos>,6,fixée,fixé,4,M,fixée,-5.285041,fixé,-8.215976,1
397,S_NOUN_1_PASS_b,F,S,la chaise avec le sac était jetée <eos>,6,jetée,jeté,4,M,jetée,-8.69244,jeté,-10.313947,1
398,S_NOUN_1_PASS_b,F,S,la chaise avec le sac était laissée <eos>,6,laissée,laissé,4,M,laissée,-7.2311068,laissé,-9.758784,1
399,S_NOUN_1_PASS_b,F,S,la chaise avec le sac était ouverte <eos>,6,ouverte,ouvert,4,M,ouverte,-4.8291807,ouvert,-8.623959,1
400,S_NOUN_1_PASS_b,F,S,la chaise avec le sac était perdue <eos>,6,perdue,perdu,4,M,perdue,-8.349552,perdu,-11.421072,1
401,S_NOUN_1_PASS_b,F,S,la chaise avec le sac était réparée <eos>,6,réparée,réparé,4,M,réparée,-9.7177515,réparé,-13.494322,1
402,S_NOUN_1_PASS_b,F,S,la chaise avec le sac était retirée <eos>,6,retirée,retiré,4,M,retirée,-6.963105,retiré,-9.596992,1
403,S_NOUN_1_PASS_b,F,S,la chaise avec le sac était tombée <eos>,6,tombée,tombé,4,M,tombée,-8.866493,tombé,-10.128489,1
404,S_NOUN_1_PASS_b,F,S,la chaise avec le sac était utilisée <eos>,6,utilisée,utilisé,4,M,utilisée,-4.5847926,utilisé,-7.433553,1
405,S_NOUN_1_PASS_b,F,S,la chaise avec le clavier était achetée <eos>,6,achetée,acheté,4,M,achetée,-10.025853,acheté,-12.326829,1
406,S_NOUN_1_PASS_b,F,S,la chaise avec le clavier était brisée <eos>,6,brisée,brisé,4,M,brisée,-8.711575,brisé,-12.11438,1
407,S_NOUN_1_PASS_b,F,S,la chaise avec le clavier était cachée <eos>,6,cachée,caché,4,M,cachée,-8.020038,caché,-10.020935,1
408,S_NOUN_1_PASS_b,F,S,la chaise avec le clavier était cassée <eos>,6,cassée,cassé,4,M,cassée,-7.901307,cassé,-10.17235,1
409,S_NOUN_1_PASS_b,F,S,la chaise avec le clavier était couverte <eos>,6,couverte,couvert,4,M,couverte,-5.894367,couvert,-9.480874,1
410,S_NOUN_1_PASS_b,F,S,la chaise avec le clavier était déformée <eos>,6,déformée,déformé,4,M,déformée,-8.756148,déformé,-14.039391,1
411,S_NOUN_1_PASS_b,F,S,la chaise avec le clavier était fixée <eos>,6,fixée,fixé,4,M,fixée,-5.3995833,fixé,-8.201582,1
412,S_NOUN_1_PASS_b,F,S,la chaise avec le clavier était jetée <eos>,6,jetée,jeté,4,M,jetée,-11.302145,jeté,-12.653544,1
413,S_NOUN_1_PASS_b,F,S,la chaise avec le clavier était laissée <eos>,6,laissée,laissé,4,M,laissée,-8.619693,laissé,-11.181178,1
414,S_NOUN_1_PASS_b,F,S,la chaise avec le clavier était ouverte <eos>,6,ouverte,ouvert,4,M,ouverte,-5.5166883,ouvert,-8.868818,1
415,S_NOUN_1_PASS_b,F,S,la chaise avec le clavier était perdue <eos>,6,perdue,perdu,4,M,perdue,-9.199438,perdu,-12.157664,1
416,S_NOUN_1_PASS_b,F,S,la chaise avec le clavier était réparée <eos>,6,réparée,réparé,4,M,réparée,-10.211202,réparé,-14.867038,1
417,S_NOUN_1_PASS_b,F,S,la chaise avec le clavier était retirée <eos>,6,retirée,retiré,4,M,retirée,-8.871806,retiré,-10.911078,1
418,S_NOUN_1_PASS_b,F,S,la chaise avec le clavier était tombée <eos>,6,tombée,tombé,4,M,tombée,-8.417309,tombé,-10.213286,1
419,S_NOUN_1_PASS_b,F,S,la chaise avec le clavier était utilisée <eos>,6,utilisée,utilisé,4,M,utilisée,-4.385947,utilisé,-7.230212,1
420,S_NOUN_1_PASS_b,F,S,la chaise avec le raisin était achetée <eos>,6,achetée,acheté,4,M,achetée,-7.925272,acheté,-11.227556,1
421,S_NOUN_1_PASS_b,F,S,la chaise avec le raisin était brisée <eos>,6,brisée,brisé,4,M,brisée,-8.372876,brisé,-13.518929,1
422,S_NOUN_1_PASS_b,F,S,la chaise avec le raisin était cachée <eos>,6,cachée,caché,4,M,cachée,-8.942236,caché,-11.022257,1
423,S_NOUN_1_PASS_b,F,S,la chaise avec le raisin était cassée <eos>,6,cassée,cassé,4,M,cassée,-7.493428,cassé,-10.061197,1
424,S_NOUN_1_PASS_b,F,S,la chaise avec le raisin était couverte <eos>,6,couverte,couvert,4,M,couverte,-6.205306,couvert,-9.687412,1
425,S_NOUN_1_PASS_b,F,S,la chaise avec le raisin était déformée <eos>,6,déformée,déformé,4,M,déformée,-9.067369,déformé,-13.747093,1
426,S_NOUN_1_PASS_b,F,S,la chaise avec le raisin était fixée <eos>,6,fixée,fixé,4,M,fixée,-5.5266666,fixé,-8.731073,1
427,S_NOUN_1_PASS_b,F,S,la chaise avec le raisin était jetée <eos>,6,jetée,jeté,4,M,jetée,-8.704047,jeté,-11.690239,1
428,S_NOUN_1_PASS_b,F,S,la chaise avec le raisin était laissée <eos>,6,laissée,laissé,4,M,laissée,-7.750243,laissé,-10.758726,1
429,S_NOUN_1_PASS_b,F,S,la chaise avec le raisin était ouverte <eos>,6,ouverte,ouvert,4,M,ouverte,-5.534854,ouvert,-9.541616,1
430,S_NOUN_1_PASS_b,F,S,la chaise avec le raisin était perdue <eos>,6,perdue,perdu,4,M,perdue,-9.126328,perdu,-11.976244,1
431,S_NOUN_1_PASS_b,F,S,la chaise avec le raisin était réparée <eos>,6,réparée,réparé,4,M,réparée,-10.6626625,réparé,-14.418122,1
432,S_NOUN_1_PASS_b,F,S,la chaise avec le raisin était retirée <eos>,6,retirée,retiré,4,M,retirée,-7.439149,retiré,-10.267893,1
433,S_NOUN_1_PASS_b,F,S,la chaise avec le raisin était tombée <eos>,6,tombée,tombé,4,M,tombée,-8.527109,tombé,-11.051662,1
434,S_NOUN_1_PASS_b,F,S,la chaise avec le raisin était utilisée <eos>,6,utilisée,utilisé,4,M,utilisée,-4.0571566,utilisé,-7.264558,1
435,S_NOUN_1_PASS_b,F,S,la chaise avec le chargeur était achetée <eos>,6,achetée,acheté,4,M,achetée,-9.888081,acheté,-12.171109,1
436,S_NOUN_1_PASS_b,F,S,la chaise avec le chargeur était brisée <eos>,6,brisée,brisé,4,M,brisée,-7.93657,brisé,-11.181113,1
437,S_NOUN_1_PASS_b,F,S,la chaise avec le chargeur était cachée <eos>,6,cachée,caché,4,M,cachée,-8.52861,caché,-10.307911,1
438,S_NOUN_1_PASS_b,F,S,la chaise avec le chargeur était cassée <eos>,6,cassée,cassé,4,M,cassée,-7.189473,cassé,-10.016227,1
439,S_NOUN_1_PASS_b,F,S,la chaise avec le chargeur était couverte <eos>,6,couverte,couvert,4,M,couverte,-6.2770324,couvert,-9.277835,1
440,S_NOUN_1_PASS_b,F,S,la chaise avec le chargeur était déformée <eos>,6,déformée,déformé,4,M,déformée,-8.913436,déformé,-13.41181,1
441,S_NOUN_1_PASS_b,F,S,la chaise avec le chargeur était fixée <eos>,6,fixée,fixé,4,M,fixée,-5.72153,fixé,-8.38191,1
442,S_NOUN_1_PASS_b,F,S,la chaise avec le chargeur était jetée <eos>,6,jetée,jeté,4,M,jetée,-10.303588,jeté,-12.075905,1
443,S_NOUN_1_PASS_b,F,S,la chaise avec le chargeur était laissée <eos>,6,laissée,laissé,4,M,laissée,-8.532499,laissé,-10.988115,1
444,S_NOUN_1_PASS_b,F,S,la chaise avec le chargeur était ouverte <eos>,6,ouverte,ouvert,4,M,ouverte,-5.6939545,ouvert,-9.208279,1
445,S_NOUN_1_PASS_b,F,S,la chaise avec le chargeur était perdue <eos>,6,perdue,perdu,4,M,perdue,-9.619036,perdu,-11.464291,1
446,S_NOUN_1_PASS_b,F,S,la chaise avec le chargeur était réparée <eos>,6,réparée,réparé,4,M,réparée,-9.179377,réparé,-14.142949,1
447,S_NOUN_1_PASS_b,F,S,la chaise avec le chargeur était retirée <eos>,6,retirée,retiré,4,M,retirée,-7.5808525,retiré,-9.847038,1
448,S_NOUN_1_PASS_b,F,S,la chaise avec le chargeur était tombée <eos>,6,tombée,tombé,4,M,tombée,-9.944866,tombé,-10.971576,1
449,S_NOUN_1_PASS_b,F,S,la chaise avec le chargeur était utilisée <eos>,6,utilisée,utilisé,4,M,utilisée,-4.915178,utilisé,-7.507361,1
450,S_NOUN_1_PASS_b,F,S,la chaise avec le vase était achetée <eos>,6,achetée,acheté,4,M,achetée,-8.519845,acheté,-11.476877,1
451,S_NOUN_1_PASS_b,F,S,la chaise avec le vase était brisée <eos>,6,brisée,brisé,4,M,brisée,-7.151948,brisé,-10.745935,1
452,S_NOUN_1_PASS_b,F,S,la chaise avec le vase était cachée <eos>,6,cachée,caché,4,M,cachée,-7.976567,caché,-10.078781,1
453,S_NOUN_1_PASS_b,F,S,la chaise avec le vase était cassée <eos>,6,cassée,cassé,4,M,cassée,-7.4449873,cassé,-10.454568,1
454,S_NOUN_1_PASS_b,F,S,la chaise avec le vase était couverte <eos>,6,couverte,couvert,4,M,couverte,-4.8375096,couvert,-8.4289055,1
455,S_NOUN_1_PASS_b,F,S,la chaise avec le vase était déformée <eos>,6,déformée,déformé,4,M,déformée,-9.323873,déformé,-13.432088,1
456,S_NOUN_1_PASS_b,F,S,la chaise avec le vase était fixée <eos>,6,fixée,fixé,4,M,fixée,-5.413497,fixé,-8.393396,1
457,S_NOUN_1_PASS_b,F,S,la chaise avec le vase était jetée <eos>,6,jetée,jeté,4,M,jetée,-9.024097,jeté,-10.849485,1
458,S_NOUN_1_PASS_b,F,S,la chaise avec le vase était laissée <eos>,6,laissée,laissé,4,M,laissée,-7.6035986,laissé,-10.0904045,1
459,S_NOUN_1_PASS_b,F,S,la chaise avec le vase était ouverte <eos>,6,ouverte,ouvert,4,M,ouverte,-5.303401,ouvert,-9.221106,1
460,S_NOUN_1_PASS_b,F,S,la chaise avec le vase était perdue <eos>,6,perdue,perdu,4,M,perdue,-8.521015,perdu,-10.979027,1
461,S_NOUN_1_PASS_b,F,S,la chaise avec le vase était réparée <eos>,6,réparée,réparé,4,M,réparée,-9.450745,réparé,-13.477134,1
462,S_NOUN_1_PASS_b,F,S,la chaise avec le vase était retirée <eos>,6,retirée,retiré,4,M,retirée,-7.4065404,retiré,-10.792931,1
463,S_NOUN_1_PASS_b,F,S,la chaise avec le vase était tombée <eos>,6,tombée,tombé,4,M,tombée,-8.211257,tombé,-10.578425,1
464,S_NOUN_1_PASS_b,F,S,la chaise avec le vase était utilisée <eos>,6,utilisée,utilisé,4,M,utilisée,-4.526208,utilisé,-7.4945574,1
465,S_NOUN_1_PASS_b,F,S,la chaise avec le panier était achetée <eos>,6,achetée,acheté,4,M,achetée,-9.548315,acheté,-12.108314,1
466,S_NOUN_1_PASS_b,F,S,la chaise avec le panier était brisée <eos>,6,brisée,brisé,4,M,brisée,-7.924164,brisé,-11.146312,1
467,S_NOUN_1_PASS_b,F,S,la chaise avec le panier était cachée <eos>,6,cachée,caché,4,M,cachée,-8.239873,caché,-9.992146,1
468,S_NOUN_1_PASS_b,F,S,la chaise avec le panier était cassée <eos>,6,cassée,cassé,4,M,cassée,-7.736057,cassé,-10.122551,1
469,S_NOUN_1_PASS_b,F,S,la chaise avec le panier était couverte <eos>,6,couverte,couvert,4,M,couverte,-5.7939377,couvert,-8.637259,1
470,S_NOUN_1_PASS_b,F,S,la chaise avec le panier était déformée <eos>,6,déformée,déformé,4,M,déformée,-8.762226,déformé,-13.439024,1
471,S_NOUN_1_PASS_b,F,S,la chaise avec le panier était fixée <eos>,6,fixée,fixé,4,M,fixée,-5.8889046,fixé,-8.291071,1
472,S_NOUN_1_PASS_b,F,S,la chaise avec le panier était jetée <eos>,6,jetée,jeté,4,M,jetée,-10.122375,jeté,-11.952581,1
473,S_NOUN_1_PASS_b,F,S,la chaise avec le panier était laissée <eos>,6,laissée,laissé,4,M,laissée,-7.615573,laissé,-10.359281,1
474,S_NOUN_1_PASS_b,F,S,la chaise avec le panier était ouverte <eos>,6,ouverte,ouvert,4,M,ouverte,-5.661971,ouvert,-9.038673,1
475,S_NOUN_1_PASS_b,F,S,la chaise avec le panier était perdue <eos>,6,perdue,perdu,4,M,perdue,-9.73274,perdu,-12.187574,1
476,S_NOUN_1_PASS_b,F,S,la chaise avec le panier était réparée <eos>,6,réparée,réparé,4,M,réparée,-10.037586,réparé,-13.970494,1
477,S_NOUN_1_PASS_b,F,S,la chaise avec le panier était retirée <eos>,6,retirée,retiré,4,M,retirée,-7.746773,retiré,-10.820318,1
478,S_NOUN_1_PASS_b,F,S,la chaise avec le panier était tombée <eos>,6,tombée,tombé,4,M,tombée,-9.267213,tombé,-10.402979,1
479,S_NOUN_1_PASS_b,F,S,la chaise avec le panier était utilisée <eos>,6,utilisée,utilisé,4,M,utilisée,-4.867813,utilisé,-7.1591787,1
480,S_NOUN_1_PASS_b,F,S,la chaise avec le collier était achetée <eos>,6,achetée,acheté,4,M,achetée,-8.339052,acheté,-11.28702,1
481,S_NOUN_1_PASS_b,F,S,la chaise avec le collier était brisée <eos>,6,brisée,brisé,4,M,brisée,-7.6543117,brisé,-10.9371605,1
482,S_NOUN_1_PASS_b,F,S,la chaise avec le collier était cachée <eos>,6,cachée,caché,4,M,cachée,-7.802731,caché,-9.858791,1
483,S_NOUN_1_PASS_b,F,S,la chaise avec le collier était cassée <eos>,6,cassée,cassé,4,M,cassée,-8.179956,cassé,-9.423034,1
484,S_NOUN_1_PASS_b,F,S,la chaise avec le collier était couverte <eos>,6,couverte,couvert,4,M,couverte,-5.7315593,couvert,-9.012574,1
485,S_NOUN_1_PASS_b,F,S,la chaise avec le collier était déformée <eos>,6,déformée,déformé,4,M,déformée,-9.265462,déformé,-12.893352,1
486,S_NOUN_1_PASS_b,F,S,la chaise avec le collier était fixée <eos>,6,fixée,fixé,4,M,fixée,-5.621206,fixé,-8.306648,1
487,S_NOUN_1_PASS_b,F,S,la chaise avec le collier était jetée <eos>,6,jetée,jeté,4,M,jetée,-10.135253,jeté,-11.01071,1
488,S_NOUN_1_PASS_b,F,S,la chaise avec le collier était laissée <eos>,6,laissée,laissé,4,M,laissée,-8.14132,laissé,-10.420253,1
489,S_NOUN_1_PASS_b,F,S,la chaise avec le collier était ouverte <eos>,6,ouverte,ouvert,4,M,ouverte,-5.6803913,ouvert,-9.499884,1
490,S_NOUN_1_PASS_b,F,S,la chaise avec le collier était perdue <eos>,6,perdue,perdu,4,M,perdue,-9.487995,perdu,-12.012451,1
491,S_NOUN_1_PASS_b,F,S,la chaise avec le collier était réparée <eos>,6,réparée,réparé,4,M,réparée,-10.519392,réparé,-14.254684,1
492,S_NOUN_1_PASS_b,F,S,la chaise avec le collier était retirée <eos>,6,retirée,retiré,4,M,retirée,-7.5409813,retiré,-9.936823,1
493,S_NOUN_1_PASS_b,F,S,la chaise avec le collier était tombée <eos>,6,tombée,tombé,4,M,tombée,-8.617357,tombé,-9.912018,1
494,S_NOUN_1_PASS_b,F,S,la chaise avec le collier était utilisée <eos>,6,utilisée,utilisé,4,M,utilisée,-4.623128,utilisé,-7.1409187,1
495,S_NOUN_1_PASS_b,F,S,la chaise avec le chapeau était achetée <eos>,6,achetée,acheté,4,M,achetée,-8.599319,acheté,-11.464426,1
496,S_NOUN_1_PASS_b,F,S,la chaise avec le chapeau était brisée <eos>,6,brisée,brisé,4,M,brisée,-7.6458263,brisé,-11.970272,1
497,S_NOUN_1_PASS_b,F,S,la chaise avec le chapeau était cachée <eos>,6,cachée,caché,4,M,cachée,-8.52736,caché,-10.373077,1
498,S_NOUN_1_PASS_b,F,S,la chaise avec le chapeau était cassée <eos>,6,cassée,cassé,4,M,cassée,-7.9024515,cassé,-9.522776,1
499,S_NOUN_1_PASS_b,F,S,la chaise avec le chapeau était couverte <eos>,6,couverte,couvert,4,M,couverte,-5.035054,couvert,-8.9902935,1
500,S_NOUN_1_PASS_b,F,S,la chaise avec le chapeau était déformée <eos>,6,déformée,déformé,4,M,déformée,-8.429859,déformé,-12.244361,1
501,S_NOUN_1_PASS_b,F,S,la chaise avec le chapeau était fixée <eos>,6,fixée,fixé,4,M,fixée,-5.4687777,fixé,-8.212979,1
502,S_NOUN_1_PASS_b,F,S,la chaise avec le chapeau était jetée <eos>,6,jetée,jeté,4,M,jetée,-9.764513,jeté,-11.289473,1
503,S_NOUN_1_PASS_b,F,S,la chaise avec le chapeau était laissée <eos>,6,laissée,laissé,4,M,laissée,-7.952384,laissé,-10.632961,1
504,S_NOUN_1_PASS_b,F,S,la chaise avec le chapeau était ouverte <eos>,6,ouverte,ouvert,4,M,ouverte,-5.5386963,ouvert,-9.99164,1
505,S_NOUN_1_PASS_b,F,S,la chaise avec le chapeau était perdue <eos>,6,perdue,perdu,4,M,perdue,-9.739414,perdu,-11.994433,1
506,S_NOUN_1_PASS_b,F,S,la chaise avec le chapeau était réparée <eos>,6,réparée,réparé,4,M,réparée,-9.896441,réparé,-14.579922,1
507,S_NOUN_1_PASS_b,F,S,la chaise avec le chapeau était retirée <eos>,6,retirée,retiré,4,M,retirée,-7.5997267,retiré,-9.827714,1
508,S_NOUN_1_PASS_b,F,S,la chaise avec le chapeau était tombée <eos>,6,tombée,tombé,4,M,tombée,-8.862122,tombé,-10.1657095,1
509,S_NOUN_1_PASS_b,F,S,la chaise avec le chapeau était utilisée <eos>,6,utilisée,utilisé,4,M,utilisée,-4.35702,utilisé,-7.1514735,1
510,S_NOUN_1_PASS_b,F,S,la chaise avec le pot était achetée <eos>,6,achetée,acheté,4,M,achetée,-8.483314,acheté,-10.615555,1
511,S_NOUN_1_PASS_b,F,S,la chaise avec le pot était brisée <eos>,6,brisée,brisé,4,M,brisée,-7.779791,brisé,-10.620507,1
512,S_NOUN_1_PASS_b,F,S,la chaise avec le pot était cachée <eos>,6,cachée,caché,4,M,cachée,-8.487321,caché,-9.368524,1
513,S_NOUN_1_PASS_b,F,S,la chaise avec le pot était cassée <eos>,6,cassée,cassé,4,M,cassée,-7.8475065,cassé,-9.561465,1
514,S_NOUN_1_PASS_b,F,S,la chaise avec le pot était couverte <eos>,6,couverte,couvert,4,M,couverte,-6.3767037,couvert,-8.22481,1
515,S_NOUN_1_PASS_b,F,S,la chaise avec le pot était déformée <eos>,6,déformée,déformé,4,M,déformée,-9.207523,déformé,-12.344767,1
516,S_NOUN_1_PASS_b,F,S,la chaise avec le pot était fixée <eos>,6,fixée,fixé,4,M,fixée,-5.5596085,fixé,-7.643218,1
517,S_NOUN_1_PASS_b,F,S,la chaise avec le pot était jetée <eos>,6,jetée,jeté,4,M,jetée,-9.032282,jeté,-10.498163,1
518,S_NOUN_1_PASS_b,F,S,la chaise avec le pot était laissée <eos>,6,laissée,laissé,4,M,laissée,-7.820052,laissé,-10.037346,1
519,S_NOUN_1_PASS_b,F,S,la chaise avec le pot était ouverte <eos>,6,ouverte,ouvert,4,M,ouverte,-5.972026,ouvert,-8.54123,1
520,S_NOUN_1_PASS_b,F,S,la chaise avec le pot était perdue <eos>,6,perdue,perdu,4,M,perdue,-9.377129,perdu,-11.260649,1
521,S_NOUN_1_PASS_b,F,S,la chaise avec le pot était réparée <eos>,6,réparée,réparé,4,M,réparée,-10.228315,réparé,-13.163199,1
522,S_NOUN_1_PASS_b,F,S,la chaise avec le pot était retirée <eos>,6,retirée,retiré,4,M,retirée,-7.7157497,retiré,-9.301517,1
523,S_NOUN_1_PASS_b,F,S,la chaise avec le pot était tombée <eos>,6,tombée,tombé,4,M,tombée,-8.500576,tombé,-9.746895,1
524,S_NOUN_1_PASS_b,F,S,la chaise avec le pot était utilisée <eos>,6,utilisée,utilisé,4,M,utilisée,-4.2713604,utilisé,-6.19588,1
525,S_NOUN_1_PASS_b,F,S,la chaise avec le coussin était achetée <eos>,6,achetée,acheté,4,M,achetée,-9.158432,acheté,-12.105576,1
526,S_NOUN_1_PASS_b,F,S,la chaise avec le coussin était brisée <eos>,6,brisée,brisé,4,M,brisée,-7.4876013,brisé,-11.799988,1
527,S_NOUN_1_PASS_b,F,S,la chaise avec le coussin était cachée <eos>,6,cachée,caché,4,M,cachée,-8.356271,caché,-10.292386,1
528,S_NOUN_1_PASS_b,F,S,la chaise avec le coussin était cassée <eos>,6,cassée,cassé,4,M,cassée,-7.432672,cassé,-9.579709,1
529,S_NOUN_1_PASS_b,F,S,la chaise avec le coussin était couverte <eos>,6,couverte,couvert,4,M,couverte,-5.5031977,couvert,-9.025195,1
530,S_NOUN_1_PASS_b,F,S,la chaise avec le coussin était déformée <eos>,6,déformée,déformé,4,M,déformée,-9.665336,déformé,-13.711935,1
531,S_NOUN_1_PASS_b,F,S,la chaise avec le coussin était fixée <eos>,6,fixée,fixé,4,M,fixée,-4.8664513,fixé,-8.049945,1
532,S_NOUN_1_PASS_b,F,S,la chaise avec le coussin était jetée <eos>,6,jetée,jeté,4,M,jetée,-10.826422,jeté,-12.475458,1
533,S_NOUN_1_PASS_b,F,S,la chaise avec le coussin était laissée <eos>,6,laissée,laissé,4,M,laissée,-7.9487095,laissé,-10.792404,1
534,S_NOUN_1_PASS_b,F,S,la chaise avec le coussin était ouverte <eos>,6,ouverte,ouvert,4,M,ouverte,-4.988766,ouvert,-9.386971,1
535,S_NOUN_1_PASS_b,F,S,la chaise avec le coussin était perdue <eos>,6,perdue,perdu,4,M,perdue,-10.389103,perdu,-12.730019,1
536,S_NOUN_1_PASS_b,F,S,la chaise avec le coussin était réparée <eos>,6,réparée,réparé,4,M,réparée,-10.347233,réparé,-15.254919,1
537,S_NOUN_1_PASS_b,F,S,la chaise avec le coussin était retirée <eos>,6,retirée,retiré,4,M,retirée,-8.104088,retiré,-10.959038,1
538,S_NOUN_1_PASS_b,F,S,la chaise avec le coussin était tombée <eos>,6,tombée,tombé,4,M,tombée,-10.57525,tombé,-11.393004,1
539,S_NOUN_1_PASS_b,F,S,la chaise avec le coussin était utilisée <eos>,6,utilisée,utilisé,4,M,utilisée,-4.607005,utilisé,-7.515501,1
540,S_NOUN_1_PASS_b,F,S,la chaise avec le jouet était achetée <eos>,6,achetée,acheté,4,M,achetée,-8.430386,acheté,-11.625521,1
541,S_NOUN_1_PASS_b,F,S,la chaise avec le jouet était brisée <eos>,6,brisée,brisé,4,M,brisée,-8.112706,brisé,-11.648826,1
542,S_NOUN_1_PASS_b,F,S,la chaise avec le jouet était cachée <eos>,6,cachée,caché,4,M,cachée,-7.8422112,caché,-10.246872,1
543,S_NOUN_1_PASS_b,F,S,la chaise avec le jouet était cassée <eos>,6,cassée,cassé,4,M,cassée,-8.054985,cassé,-11.121511,1
544,S_NOUN_1_PASS_b,F,S,la chaise avec le jouet était couverte <eos>,6,couverte,couvert,4,M,couverte,-6.2103205,couvert,-9.801165,1
545,S_NOUN_1_PASS_b,F,S,la chaise avec le jouet était déformée <eos>,6,déformée,déformé,4,M,déformée,-9.760366,déformé,-13.657528,1
546,S_NOUN_1_PASS_b,F,S,la chaise avec le jouet était fixée <eos>,6,fixée,fixé,4,M,fixée,-5.8107095,fixé,-9.156675,1
547,S_NOUN_1_PASS_b,F,S,la chaise avec le jouet était jetée <eos>,6,jetée,jeté,4,M,jetée,-10.304634,jeté,-11.549148,1
548,S_NOUN_1_PASS_b,F,S,la chaise avec le jouet était laissée <eos>,6,laissée,laissé,4,M,laissée,-8.445102,laissé,-10.654189,1
549,S_NOUN_1_PASS_b,F,S,la chaise avec le jouet était ouverte <eos>,6,ouverte,ouvert,4,M,ouverte,-5.750128,ouvert,-9.362573,1
550,S_NOUN_1_PASS_b,F,S,la chaise avec le jouet était perdue <eos>,6,perdue,perdu,4,M,perdue,-9.681181,perdu,-11.994856,1
551,S_NOUN_1_PASS_b,F,S,la chaise avec le jouet était réparée <eos>,6,réparée,réparé,4,M,réparée,-10.352482,réparé,-14.116632,1
552,S_NOUN_1_PASS_b,F,S,la chaise avec le jouet était retirée <eos>,6,retirée,retiré,4,M,retirée,-8.450569,retiré,-11.6751375,1
553,S_NOUN_1_PASS_b,F,S,la chaise avec le jouet était tombée <eos>,6,tombée,tombé,4,M,tombée,-8.897381,tombé,-9.813965,1
554,S_NOUN_1_PASS_b,F,S,la chaise avec le jouet était utilisée <eos>,6,utilisée,utilisé,4,M,utilisée,-4.4937477,utilisé,-7.1434345,1
555,S_NOUN_1_PASS_b,F,S,la chaise avec le clou était achetée <eos>,6,achetée,acheté,4,M,achetée,-8.835641,acheté,-12.044728,1
556,S_NOUN_1_PASS_b,F,S,la chaise avec le clou était brisée <eos>,6,brisée,brisé,4,M,brisée,-8.2617035,brisé,-11.926273,1
557,S_NOUN_1_PASS_b,F,S,la chaise avec le clou était cachée <eos>,6,cachée,caché,4,M,cachée,-8.24822,caché,-10.802594,1
558,S_NOUN_1_PASS_b,F,S,la chaise avec le clou était cassée <eos>,6,cassée,cassé,4,M,cassée,-7.701132,cassé,-10.252744,1
559,S_NOUN_1_PASS_b,F,S,la chaise avec le clou était couverte <eos>,6,couverte,couvert,4,M,couverte,-5.4918222,couvert,-9.320168,1
560,S_NOUN_1_PASS_b,F,S,la chaise avec le clou était déformée <eos>,6,déformée,déformé,4,M,déformée,-8.831795,déformé,-13.592207,1
561,S_NOUN_1_PASS_b,F,S,la chaise avec le clou était fixée <eos>,6,fixée,fixé,4,M,fixée,-5.101289,fixé,-8.338043,1
562,S_NOUN_1_PASS_b,F,S,la chaise avec le clou était jetée <eos>,6,jetée,jeté,4,M,jetée,-9.400439,jeté,-11.692983,1
563,S_NOUN_1_PASS_b,F,S,la chaise avec le clou était laissée <eos>,6,laissée,laissé,4,M,laissée,-7.648317,laissé,-10.78401,1
564,S_NOUN_1_PASS_b,F,S,la chaise avec le clou était ouverte <eos>,6,ouverte,ouvert,4,M,ouverte,-5.977612,ouvert,-9.952286,1
565,S_NOUN_1_PASS_b,F,S,la chaise avec le clou était perdue <eos>,6,perdue,perdu,4,M,perdue,-9.219246,perdu,-11.921267,1
566,S_NOUN_1_PASS_b,F,S,la chaise avec le clou était réparée <eos>,6,réparée,réparé,4,M,réparée,-9.968971,réparé,-14.37476,1
567,S_NOUN_1_PASS_b,F,S,la chaise avec le clou était retirée <eos>,6,retirée,retiré,4,M,retirée,-6.6335607,retiré,-10.138674,1
568,S_NOUN_1_PASS_b,F,S,la chaise avec le clou était tombée <eos>,6,tombée,tombé,4,M,tombée,-8.09361,tombé,-10.176526,1
569,S_NOUN_1_PASS_b,F,S,la chaise avec le clou était utilisée <eos>,6,utilisée,utilisé,4,M,utilisée,-4.0402536,utilisé,-7.2091513,1
570,S_NOUN_1_PASS_b,F,S,la chaise avec le billet était achetée <eos>,6,achetée,acheté,4,M,achetée,-8.061894,acheté,-10.268015,1
571,S_NOUN_1_PASS_b,F,S,la chaise avec le billet était brisée <eos>,6,brisée,brisé,4,M,brisée,-8.54631,brisé,-10.970251,1
572,S_NOUN_1_PASS_b,F,S,la chaise avec le billet était cachée <eos>,6,cachée,caché,4,M,cachée,-8.183355,caché,-9.3833885,1
573,S_NOUN_1_PASS_b,F,S,la chaise avec le billet était cassée <eos>,6,cassée,cassé,4,M,cassée,-8.784398,cassé,-9.8481865,1
574,S_NOUN_1_PASS_b,F,S,la chaise avec le billet était couverte <eos>,6,couverte,couvert,4,M,couverte,-6.491108,couvert,-8.444293,1
575,S_NOUN_1_PASS_b,F,S,la chaise avec le billet était déformée <eos>,6,déformée,déformé,4,M,déformée,-9.397024,déformé,-13.187773,1
576,S_NOUN_1_PASS_b,F,S,la chaise avec le billet était fixée <eos>,6,fixée,fixé,4,M,fixée,-5.5115232,fixé,-7.227268,1
577,S_NOUN_1_PASS_b,F,S,la chaise avec le billet était jetée <eos>,6,jetée,jeté,4,M,jetée,-9.445039,jeté,-10.701178,1
578,S_NOUN_1_PASS_b,F,S,la chaise avec le billet était laissée <eos>,6,laissée,laissé,4,M,laissée,-8.1733,laissé,-9.328127,1
579,S_NOUN_1_PASS_b,F,S,la chaise avec le billet était ouverte <eos>,6,ouverte,ouvert,4,M,ouverte,-5.784956,ouvert,-8.875033,1
580,S_NOUN_1_PASS_b,F,S,la chaise avec le billet était perdue <eos>,6,perdue,perdu,4,M,perdue,-9.343124,perdu,-10.260959,1
581,S_NOUN_1_PASS_b,F,S,la chaise avec le billet était réparée <eos>,6,réparée,réparé,4,M,réparée,-10.244922,réparé,-13.105611,1
582,S_NOUN_1_PASS_b,F,S,la chaise avec le billet était retirée <eos>,6,retirée,retiré,4,M,retirée,-7.765161,retiré,-8.92787,1
583,S_NOUN_1_PASS_b,F,S,la chaise avec le billet était tombée <eos>,6,tombée,tombé,4,M,tombée,-8.321004,tombé,-9.272364,1
584,S_NOUN_1_PASS_b,F,S,la chaise avec le billet était utilisée <eos>,6,utilisée,utilisé,4,M,utilisée,-5.142501,utilisé,-6.7533464,1
585,S_NOUN_1_PASS_b,F,S,la chaise avec le légume était achetée <eos>,6,achetée,acheté,4,M,achetée,-9.381491,acheté,-11.43359,1
586,S_NOUN_1_PASS_b,F,S,la chaise avec le légume était brisée <eos>,6,brisée,brisé,4,M,brisée,-9.5990505,brisé,-12.552385,1
587,S_NOUN_1_PASS_b,F,S,la chaise avec le légume était cachée <eos>,6,cachée,caché,4,M,cachée,-8.686519,caché,-10.317188,1
588,S_NOUN_1_PASS_b,F,S,la chaise avec le légume était cassée <eos>,6,cassée,cassé,4,M,cassée,-8.666549,cassé,-10.847872,1
589,S_NOUN_1_PASS_b,F,S,la chaise avec le légume était couverte <eos>,6,couverte,couvert,4,M,couverte,-6.5116262,couvert,-9.855362,1
590,S_NOUN_1_PASS_b,F,S,la chaise avec le légume était déformée <eos>,6,déformée,déformé,4,M,déformée,-10.45257,déformé,-14.446686,1
591,S_NOUN_1_PASS_b,F,S,la chaise avec le légume était fixée <eos>,6,fixée,fixé,4,M,fixée,-6.892213,fixé,-9.396245,1
592,S_NOUN_1_PASS_b,F,S,la chaise avec le légume était jetée <eos>,6,jetée,jeté,4,M,jetée,-9.338876,jeté,-12.378682,1
593,S_NOUN_1_PASS_b,F,S,la chaise avec le légume était laissée <eos>,6,laissée,laissé,4,M,laissée,-7.7666492,laissé,-10.601646,1
594,S_NOUN_1_PASS_b,F,S,la chaise avec le légume était ouverte <eos>,6,ouverte,ouvert,4,M,ouverte,-6.3800716,ouvert,-10.291255,1
595,S_NOUN_1_PASS_b,F,S,la chaise avec le légume était perdue <eos>,6,perdue,perdu,4,M,perdue,-8.354698,perdu,-11.421121,1
596,S_NOUN_1_PASS_b,F,S,la chaise avec le légume était réparée <eos>,6,réparée,réparé,4,M,réparée,-12.148484,réparé,-14.6952,1
597,S_NOUN_1_PASS_b,F,S,la chaise avec le légume était retirée <eos>,6,retirée,retiré,4,M,retirée,-7.8927374,retiré,-10.414942,1
598,S_NOUN_1_PASS_b,F,S,la chaise avec le légume était tombée <eos>,6,tombée,tombé,4,M,tombée,-8.227296,tombé,-10.415192,1
599,S_NOUN_1_PASS_b,F,S,la chaise avec le légume était utilisée <eos>,6,utilisée,utilisé,4,M,utilisée,-3.943571,utilisé,-6.5704613,1
600,S_NOUN_1_PASS_b,F,S,la poubelle avec le bracelet était achetée <eos>,6,achetée,acheté,4,M,achetée,-6.314907,acheté,-9.843394,1
601,S_NOUN_1_PASS_b,F,S,la poubelle avec le bracelet était brisée <eos>,6,brisée,brisé,4,M,brisée,-7.293253,brisé,-11.365932,1
602,S_NOUN_1_PASS_b,F,S,la poubelle avec le bracelet était cachée <eos>,6,cachée,caché,4,M,cachée,-5.896174,caché,-8.104549,1
603,S_NOUN_1_PASS_b,F,S,la poubelle avec le bracelet était cassée <eos>,6,cassée,cassé,4,M,cassée,-7.0478086,cassé,-10.062709,1
604,S_NOUN_1_PASS_b,F,S,la poubelle avec le bracelet était couverte <eos>,6,couverte,couvert,4,M,couverte,-6.70358,couvert,-9.955133,1
605,S_NOUN_1_PASS_b,F,S,la poubelle avec le bracelet était déformée <eos>,6,déformée,déformé,4,M,déformée,-10.549513,déformé,-12.86824,1
606,S_NOUN_1_PASS_b,F,S,la poubelle avec le bracelet était fixée <eos>,6,fixée,fixé,4,M,fixée,-5.6586113,fixé,-8.241203,1
607,S_NOUN_1_PASS_b,F,S,la poubelle avec le bracelet était jetée <eos>,6,jetée,jeté,4,M,jetée,-7.5676575,jeté,-10.158505,1
608,S_NOUN_1_PASS_b,F,S,la poubelle avec le bracelet était laissée <eos>,6,laissée,laissé,4,M,laissée,-6.977293,laissé,-9.156751,1
609,S_NOUN_1_PASS_b,F,S,la poubelle avec le bracelet était ouverte <eos>,6,ouverte,ouvert,4,M,ouverte,-5.872283,ouvert,-9.749953,1
610,S_NOUN_1_PASS_b,F,S,la poubelle avec le bracelet était perdue <eos>,6,perdue,perdu,4,M,perdue,-7.182347,perdu,-9.896866,1
611,S_NOUN_1_PASS_b,F,S,la poubelle avec le bracelet était réparée <eos>,6,réparée,réparé,4,M,réparée,-10.207766,réparé,-13.481454,1
612,S_NOUN_1_PASS_b,F,S,la poubelle avec le bracelet était retirée <eos>,6,retirée,retiré,4,M,retirée,-7.286477,retiré,-9.461697,1
613,S_NOUN_1_PASS_b,F,S,la poubelle avec le bracelet était tombée <eos>,6,tombée,tombé,4,M,tombée,-7.434902,tombé,-9.72469,1
614,S_NOUN_1_PASS_b,F,S,la poubelle avec le bracelet était utilisée <eos>,6,utilisée,utilisé,4,M,utilisée,-4.786133,utilisé,-7.3763676,1
615,S_NOUN_1_PASS_b,F,S,la poubelle avec le miroir était achetée <eos>,6,achetée,acheté,4,M,achetée,-7.2867603,acheté,-10.635811,1
616,S_NOUN_1_PASS_b,F,S,la poubelle avec le miroir était brisée <eos>,6,brisée,brisé,4,M,brisée,-6.8853984,brisé,-10.933325,1
617,S_NOUN_1_PASS_b,F,S,la poubelle avec le miroir était cachée <eos>,6,cachée,caché,4,M,cachée,-5.5535827,caché,-8.439499,1
618,S_NOUN_1_PASS_b,F,S,la poubelle avec le miroir était cassée <eos>,6,cassée,cassé,4,M,cassée,-7.124529,cassé,-9.829679,1
619,S_NOUN_1_PASS_b,F,S,la poubelle avec le miroir était couverte <eos>,6,couverte,couvert,4,M,couverte,-6.3915915,couvert,-9.874168,1
620,S_NOUN_1_PASS_b,F,S,la poubelle avec le miroir était déformée <eos>,6,déformée,déformé,4,M,déformée,-9.391339,déformé,-12.467771,1
621,S_NOUN_1_PASS_b,F,S,la poubelle avec le miroir était fixée <eos>,6,fixée,fixé,4,M,fixée,-6.1653214,fixé,-8.846838,1
622,S_NOUN_1_PASS_b,F,S,la poubelle avec le miroir était jetée <eos>,6,jetée,jeté,4,M,jetée,-7.8966427,jeté,-10.562883,1
623,S_NOUN_1_PASS_b,F,S,la poubelle avec le miroir était laissée <eos>,6,laissée,laissé,4,M,laissée,-7.0389075,laissé,-9.69895,1
624,S_NOUN_1_PASS_b,F,S,la poubelle avec le miroir était ouverte <eos>,6,ouverte,ouvert,4,M,ouverte,-5.5829024,ouvert,-9.898218,1
625,S_NOUN_1_PASS_b,F,S,la poubelle avec le miroir était perdue <eos>,6,perdue,perdu,4,M,perdue,-7.48746,perdu,-10.629883,1
626,S_NOUN_1_PASS_b,F,S,la poubelle avec le miroir était réparée <eos>,6,réparée,réparé,4,M,réparée,-9.994301,réparé,-13.324823,1
627,S_NOUN_1_PASS_b,F,S,la poubelle avec le miroir était retirée <eos>,6,retirée,retiré,4,M,retirée,-7.4212284,retiré,-9.916824,1
628,S_NOUN_1_PASS_b,F,S,la poubelle avec le miroir était tombée <eos>,6,tombée,tombé,4,M,tombée,-7.3446417,tombé,-10.027188,1
629,S_NOUN_1_PASS_b,F,S,la poubelle avec le miroir était utilisée <eos>,6,utilisée,utilisé,4,M,utilisée,-4.8825564,utilisé,-7.6666875,1
630,S_NOUN_1_PASS_b,F,S,la poubelle avec le crayon était achetée <eos>,6,achetée,acheté,4,M,achetée,-7.2963166,acheté,-11.016695,1
631,S_NOUN_1_PASS_b,F,S,la poubelle avec le crayon était brisée <eos>,6,brisée,brisé,4,M,brisée,-8.27067,brisé,-12.779917,1
632,S_NOUN_1_PASS_b,F,S,la poubelle avec le crayon était cachée <eos>,6,cachée,caché,4,M,cachée,-6.656834,caché,-9.204639,1
633,S_NOUN_1_PASS_b,F,S,la poubelle avec le crayon était cassée <eos>,6,cassée,cassé,4,M,cassée,-7.608186,cassé,-11.770155,1
634,S_NOUN_1_PASS_b,F,S,la poubelle avec le crayon était couverte <eos>,6,couverte,couvert,4,M,couverte,-6.9337873,couvert,-10.713809,1
635,S_NOUN_1_PASS_b,F,S,la poubelle avec le crayon était déformée <eos>,6,déformée,déformé,4,M,déformée,-9.190851,déformé,-12.950425,1
636,S_NOUN_1_PASS_b,F,S,la poubelle avec le crayon était fixée <eos>,6,fixée,fixé,4,M,fixée,-7.112177,fixé,-9.797805,1
637,S_NOUN_1_PASS_b,F,S,la poubelle avec le crayon était jetée <eos>,6,jetée,jeté,4,M,jetée,-7.747553,jeté,-11.798271,1
638,S_NOUN_1_PASS_b,F,S,la poubelle avec le crayon était laissée <eos>,6,laissée,laissé,4,M,laissée,-6.8747406,laissé,-10.472238,1
639,S_NOUN_1_PASS_b,F,S,la poubelle avec le crayon était ouverte <eos>,6,ouverte,ouvert,4,M,ouverte,-5.9985857,ouvert,-10.420078,1
640,S_NOUN_1_PASS_b,F,S,la poubelle avec le crayon était perdue <eos>,6,perdue,perdu,4,M,perdue,-7.098855,perdu,-10.625355,1
641,S_NOUN_1_PASS_b,F,S,la poubelle avec le crayon était réparée <eos>,6,réparée,réparé,4,M,réparée,-10.55761,réparé,-14.166044,1
642,S_NOUN_1_PASS_b,F,S,la poubelle avec le crayon était retirée <eos>,6,retirée,retiré,4,M,retirée,-7.764559,retiré,-10.158233,1
643,S_NOUN_1_PASS_b,F,S,la poubelle avec le crayon était tombée <eos>,6,tombée,tombé,4,M,tombée,-7.4481215,tombé,-10.277283,1
644,S_NOUN_1_PASS_b,F,S,la poubelle avec le crayon était utilisée <eos>,6,utilisée,utilisé,4,M,utilisée,-3.9321578,utilisé,-7.340123,1
645,S_NOUN_1_PASS_b,F,S,la poubelle avec le rideau était achetée <eos>,6,achetée,acheté,4,M,achetée,-7.257124,acheté,-10.559531,1
646,S_NOUN_1_PASS_b,F,S,la poubelle avec le rideau était brisée <eos>,6,brisée,brisé,4,M,brisée,-5.764863,brisé,-9.977024,1
647,S_NOUN_1_PASS_b,F,S,la poubelle avec le rideau était cachée <eos>,6,cachée,caché,4,M,cachée,-5.5514135,caché,-7.9202476,1
648,S_NOUN_1_PASS_b,F,S,la poubelle avec le rideau était cassée <eos>,6,cassée,cassé,4,M,cassée,-6.9967594,cassé,-9.254595,1
649,S_NOUN_1_PASS_b,F,S,la poubelle avec le rideau était couverte <eos>,6,couverte,couvert,4,M,couverte,-5.999769,couvert,-9.11647,1
650,S_NOUN_1_PASS_b,F,S,la poubelle avec le rideau était déformée <eos>,6,déformée,déformé,4,M,déformée,-8.898679,déformé,-11.693045,1
651,S_NOUN_1_PASS_b,F,S,la poubelle avec le rideau était fixée <eos>,6,fixée,fixé,4,M,fixée,-6.07686,fixé,-8.678287,1
652,S_NOUN_1_PASS_b,F,S,la poubelle avec le rideau était jetée <eos>,6,jetée,jeté,4,M,jetée,-7.8735275,jeté,-9.868097,1
653,S_NOUN_1_PASS_b,F,S,la poubelle avec le rideau était laissée <eos>,6,laissée,laissé,4,M,laissée,-6.3968325,laissé,-9.234865,1
654,S_NOUN_1_PASS_b,F,S,la poubelle avec le rideau était ouverte <eos>,6,ouverte,ouvert,4,M,ouverte,-5.606348,ouvert,-9.148862,1
655,S_NOUN_1_PASS_b,F,S,la poubelle avec le rideau était perdue <eos>,6,perdue,perdu,4,M,perdue,-7.5605764,perdu,-10.418516,1
656,S_NOUN_1_PASS_b,F,S,la poubelle avec le rideau était réparée <eos>,6,réparée,réparé,4,M,réparée,-9.678106,réparé,-12.013239,1
657,S_NOUN_1_PASS_b,F,S,la poubelle avec le rideau était retirée <eos>,6,retirée,retiré,4,M,retirée,-6.350364,retiré,-9.08321,1
658,S_NOUN_1_PASS_b,F,S,la poubelle avec le rideau était tombée <eos>,6,tombée,tombé,4,M,tombée,-7.0245585,tombé,-8.772999,1
659,S_NOUN_1_PASS_b,F,S,la poubelle avec le rideau était utilisée <eos>,6,utilisée,utilisé,4,M,utilisée,-5.189008,utilisé,-7.640283,1
660,S_NOUN_1_PASS_b,F,S,la poubelle avec le cahier était achetée <eos>,6,achetée,acheté,4,M,achetée,-7.078861,acheté,-9.569669,1
661,S_NOUN_1_PASS_b,F,S,la poubelle avec le cahier était brisée <eos>,6,brisée,brisé,4,M,brisée,-7.64159,brisé,-10.733382,1
662,S_NOUN_1_PASS_b,F,S,la poubelle avec le cahier était cachée <eos>,6,cachée,caché,4,M,cachée,-6.611579,caché,-8.158577,1
663,S_NOUN_1_PASS_b,F,S,la poubelle avec le cahier était cassée <eos>,6,cassée,cassé,4,M,cassée,-7.9669337,cassé,-10.600225,1
664,S_NOUN_1_PASS_b,F,S,la poubelle avec le cahier était couverte <eos>,6,couverte,couvert,4,M,couverte,-6.388409,couvert,-9.182681,1
665,S_NOUN_1_PASS_b,F,S,la poubelle avec le cahier était déformée <eos>,6,déformée,déformé,4,M,déformée,-10.280611,déformé,-11.955589,1
666,S_NOUN_1_PASS_b,F,S,la poubelle avec le cahier était fixée <eos>,6,fixée,fixé,4,M,fixée,-5.8152122,fixé,-7.708852,1
667,S_NOUN_1_PASS_b,F,S,la poubelle avec le cahier était jetée <eos>,6,jetée,jeté,4,M,jetée,-8.153345,jeté,-10.275072,1
668,S_NOUN_1_PASS_b,F,S,la poubelle avec le cahier était laissée <eos>,6,laissée,laissé,4,M,laissée,-7.1301317,laissé,-9.52368,1
669,S_NOUN_1_PASS_b,F,S,la poubelle avec le cahier était ouverte <eos>,6,ouverte,ouvert,4,M,ouverte,-5.787179,ouvert,-8.293855,1
670,S_NOUN_1_PASS_b,F,S,la poubelle avec le cahier était perdue <eos>,6,perdue,perdu,4,M,perdue,-7.39243,perdu,-9.032501,1
671,S_NOUN_1_PASS_b,F,S,la poubelle avec le cahier était réparée <eos>,6,réparée,réparé,4,M,réparée,-10.071786,réparé,-12.596217,1
672,S_NOUN_1_PASS_b,F,S,la poubelle avec le cahier était retirée <eos>,6,retirée,retiré,4,M,retirée,-6.7495317,retiré,-8.146026,1
673,S_NOUN_1_PASS_b,F,S,la poubelle avec le cahier était tombée <eos>,6,tombée,tombé,4,M,tombée,-7.3574867,tombé,-9.295708,1
674,S_NOUN_1_PASS_b,F,S,la poubelle avec le cahier était utilisée <eos>,6,utilisée,utilisé,4,M,utilisée,-4.7630134,utilisé,-6.7177386,1
675,S_NOUN_1_PASS_b,F,S,la poubelle avec le micro était achetée <eos>,6,achetée,acheté,4,M,achetée,-7.1691914,acheté,-10.780946,1
676,S_NOUN_1_PASS_b,F,S,la poubelle avec le micro était brisée <eos>,6,brisée,brisé,4,M,brisée,-7.0243607,brisé,-11.117536,1
677,S_NOUN_1_PASS_b,F,S,la poubelle avec le micro était cachée <eos>,6,cachée,caché,4,M,cachée,-6.209132,caché,-8.5678425,1
678,S_NOUN_1_PASS_b,F,S,la poubelle avec le micro était cassée <eos>,6,cassée,cassé,4,M,cassée,-6.380732,cassé,-9.420777,1
679,S_NOUN_1_PASS_b,F,S,la poubelle avec le micro était couverte <eos>,6,couverte,couvert,4,M,couverte,-6.2379804,couvert,-9.4703865,1
680,S_NOUN_1_PASS_b,F,S,la poubelle avec le micro était déformée <eos>,6,déformée,déformé,4,M,déformée,-8.945753,déformé,-12.084602,1
681,S_NOUN_1_PASS_b,F,S,la poubelle avec le micro était fixée <eos>,6,fixée,fixé,4,M,fixée,-6.022417,fixé,-8.782212,1
682,S_NOUN_1_PASS_b,F,S,la poubelle avec le micro était jetée <eos>,6,jetée,jeté,4,M,jetée,-7.520252,jeté,-10.210572,1
683,S_NOUN_1_PASS_b,F,S,la poubelle avec le micro était laissée <eos>,6,laissée,laissé,4,M,laissée,-6.5291944,laissé,-9.594221,1
684,S_NOUN_1_PASS_b,F,S,la poubelle avec le micro était ouverte <eos>,6,ouverte,ouvert,4,M,ouverte,-5.695053,ouvert,-9.487709,1
685,S_NOUN_1_PASS_b,F,S,la poubelle avec le micro était perdue <eos>,6,perdue,perdu,4,M,perdue,-7.470215,perdu,-10.609744,1
686,S_NOUN_1_PASS_b,F,S,la poubelle avec le micro était réparée <eos>,6,réparée,réparé,4,M,réparée,-9.852582,réparé,-13.080172,1
687,S_NOUN_1_PASS_b,F,S,la poubelle avec le micro était retirée <eos>,6,retirée,retiré,4,M,retirée,-7.111132,retiré,-9.567726,1
688,S_NOUN_1_PASS_b,F,S,la poubelle avec le micro était tombée <eos>,6,tombée,tombé,4,M,tombée,-7.306482,tombé,-9.383564,1
689,S_NOUN_1_PASS_b,F,S,la poubelle avec le micro était utilisée <eos>,6,utilisée,utilisé,4,M,utilisée,-4.8940387,utilisé,-7.6605945,1
690,S_NOUN_1_PASS_b,F,S,la poubelle avec le sac était achetée <eos>,6,achetée,acheté,4,M,achetée,-6.4215984,acheté,-9.948549,1
691,S_NOUN_1_PASS_b,F,S,la poubelle avec le sac était brisée <eos>,6,brisée,brisé,4,M,brisée,-6.978944,brisé,-11.37412,1
692,S_NOUN_1_PASS_b,F,S,la poubelle avec le sac était cachée <eos>,6,cachée,caché,4,M,cachée,-5.2435,caché,-7.9713683,1
693,S_NOUN_1_PASS_b,F,S,la poubelle avec le sac était cassée <eos>,6,cassée,cassé,4,M,cassée,-6.491106,cassé,-10.221029,1
694,S_NOUN_1_PASS_b,F,S,la poubelle avec le sac était couverte <eos>,6,couverte,couvert,4,M,couverte,-5.915802,couvert,-9.293837,1
695,S_NOUN_1_PASS_b,F,S,la poubelle avec le sac était déformée <eos>,6,déformée,déformé,4,M,déformée,-9.474155,déformé,-12.045204,1
696,S_NOUN_1_PASS_b,F,S,la poubelle avec le sac était fixée <eos>,6,fixée,fixé,4,M,fixée,-5.989759,fixé,-8.697735,1
697,S_NOUN_1_PASS_b,F,S,la poubelle avec le sac était jetée <eos>,6,jetée,jeté,4,M,jetée,-6.633422,jeté,-9.958915,1
698,S_NOUN_1_PASS_b,F,S,la poubelle avec le sac était laissée <eos>,6,laissée,laissé,4,M,laissée,-6.47264,laissé,-9.2564,1
699,S_NOUN_1_PASS_b,F,S,la poubelle avec le sac était ouverte <eos>,6,ouverte,ouvert,4,M,ouverte,-5.3005304,ouvert,-9.283399,1
700,S_NOUN_1_PASS_b,F,S,la poubelle avec le sac était perdue <eos>,6,perdue,perdu,4,M,perdue,-7.0394073,perdu,-10.376942,1
701,S_NOUN_1_PASS_b,F,S,la poubelle avec le sac était réparée <eos>,6,réparée,réparé,4,M,réparée,-9.625772,réparé,-12.374949,1
702,S_NOUN_1_PASS_b,F,S,la poubelle avec le sac était retirée <eos>,6,retirée,retiré,4,M,retirée,-6.4990907,retiré,-8.882713,1
703,S_NOUN_1_PASS_b,F,S,la poubelle avec le sac était tombée <eos>,6,tombée,tombé,4,M,tombée,-7.41148,tombé,-9.958852,1
704,S_NOUN_1_PASS_b,F,S,la poubelle avec le sac était utilisée <eos>,6,utilisée,utilisé,4,M,utilisée,-4.9099374,utilisé,-7.7534633,1
705,S_NOUN_1_PASS_b,F,S,la poubelle avec le clavier était achetée <eos>,6,achetée,acheté,4,M,achetée,-7.8053207,acheté,-10.49133,1
706,S_NOUN_1_PASS_b,F,S,la poubelle avec le clavier était brisée <eos>,6,brisée,brisé,4,M,brisée,-8.181613,brisé,-12.400934,1
707,S_NOUN_1_PASS_b,F,S,la poubelle avec le clavier était cachée <eos>,6,cachée,caché,4,M,cachée,-6.2146587,caché,-8.803301,1
708,S_NOUN_1_PASS_b,F,S,la poubelle avec le clavier était cassée <eos>,6,cassée,cassé,4,M,cassée,-6.9254894,cassé,-10.423607,1
709,S_NOUN_1_PASS_b,F,S,la poubelle avec le clavier était couverte <eos>,6,couverte,couvert,4,M,couverte,-6.631963,couvert,-10.12135,1
710,S_NOUN_1_PASS_b,F,S,la poubelle avec le clavier était déformée <eos>,6,déformée,déformé,4,M,déformée,-8.957889,déformé,-13.051813,1
711,S_NOUN_1_PASS_b,F,S,la poubelle avec le clavier était fixée <eos>,6,fixée,fixé,4,M,fixée,-6.0277176,fixé,-8.606456,1
712,S_NOUN_1_PASS_b,F,S,la poubelle avec le clavier était jetée <eos>,6,jetée,jeté,4,M,jetée,-8.553263,jeté,-11.425868,1
713,S_NOUN_1_PASS_b,F,S,la poubelle avec le clavier était laissée <eos>,6,laissée,laissé,4,M,laissée,-6.9419975,laissé,-9.936454,1
714,S_NOUN_1_PASS_b,F,S,la poubelle avec le clavier était ouverte <eos>,6,ouverte,ouvert,4,M,ouverte,-5.616926,ouvert,-9.110519,1
715,S_NOUN_1_PASS_b,F,S,la poubelle avec le clavier était perdue <eos>,6,perdue,perdu,4,M,perdue,-7.519747,perdu,-10.382596,1
716,S_NOUN_1_PASS_b,F,S,la poubelle avec le clavier était réparée <eos>,6,réparée,réparé,4,M,réparée,-10.062683,réparé,-13.384215,1
717,S_NOUN_1_PASS_b,F,S,la poubelle avec le clavier était retirée <eos>,6,retirée,retiré,4,M,retirée,-7.4582963,retiré,-9.613674,1
718,S_NOUN_1_PASS_b,F,S,la poubelle avec le clavier était tombée <eos>,6,tombée,tombé,4,M,tombée,-7.104162,tombé,-9.953725,1
719,S_NOUN_1_PASS_b,F,S,la poubelle avec le clavier était utilisée <eos>,6,utilisée,utilisé,4,M,utilisée,-4.6986995,utilisé,-7.3654523,1
720,S_NOUN_1_PASS_b,F,S,la poubelle avec le raisin était achetée <eos>,6,achetée,acheté,4,M,achetée,-6.4673533,acheté,-10.218989,1
721,S_NOUN_1_PASS_b,F,S,la poubelle avec le raisin était brisée <eos>,6,brisée,brisé,4,M,brisée,-7.837163,brisé,-13.424577,1
722,S_NOUN_1_PASS_b,F,S,la poubelle avec le raisin était cachée <eos>,6,cachée,caché,4,M,cachée,-7.1371326,caché,-9.545317,1
723,S_NOUN_1_PASS_b,F,S,la poubelle avec le raisin était cassée <eos>,6,cassée,cassé,4,M,cassée,-7.156107,cassé,-10.975282,1
724,S_NOUN_1_PASS_b,F,S,la poubelle avec le raisin était couverte <eos>,6,couverte,couvert,4,M,couverte,-6.834246,couvert,-10.333495,1
725,S_NOUN_1_PASS_b,F,S,la poubelle avec le raisin était déformée <eos>,6,déformée,déformé,4,M,déformée,-9.980928,déformé,-13.348786,1
726,S_NOUN_1_PASS_b,F,S,la poubelle avec le raisin était fixée <eos>,6,fixée,fixé,4,M,fixée,-6.2816257,fixé,-8.986607,1
727,S_NOUN_1_PASS_b,F,S,la poubelle avec le raisin était jetée <eos>,6,jetée,jeté,4,M,jetée,-6.8553886,jeté,-10.910245,1
728,S_NOUN_1_PASS_b,F,S,la poubelle avec le raisin était laissée <eos>,6,laissée,laissé,4,M,laissée,-6.2508307,laissé,-9.741757,1
729,S_NOUN_1_PASS_b,F,S,la poubelle avec le raisin était ouverte <eos>,6,ouverte,ouvert,4,M,ouverte,-6.0309944,ouvert,-10.511031,1
730,S_NOUN_1_PASS_b,F,S,la poubelle avec le raisin était perdue <eos>,6,perdue,perdu,4,M,perdue,-6.869755,perdu,-10.303875,1
731,S_NOUN_1_PASS_b,F,S,la poubelle avec le raisin était réparée <eos>,6,réparée,réparé,4,M,réparée,-10.562293,réparé,-13.142385,1
732,S_NOUN_1_PASS_b,F,S,la poubelle avec le raisin était retirée <eos>,6,retirée,retiré,4,M,retirée,-6.7427406,retiré,-9.662559,1
733,S_NOUN_1_PASS_b,F,S,la poubelle avec le raisin était tombée <eos>,6,tombée,tombé,4,M,tombée,-6.7867875,tombé,-10.700527,1
734,S_NOUN_1_PASS_b,F,S,la poubelle avec le raisin était utilisée <eos>,6,utilisée,utilisé,4,M,utilisée,-4.3702145,utilisé,-7.519699,1
735,S_NOUN_1_PASS_b,F,S,la poubelle avec le chargeur était achetée <eos>,6,achetée,acheté,4,M,achetée,-7.7839127,acheté,-10.847328,1
736,S_NOUN_1_PASS_b,F,S,la poubelle avec le chargeur était brisée <eos>,6,brisée,brisé,4,M,brisée,-7.9719553,brisé,-11.938053,1
737,S_NOUN_1_PASS_b,F,S,la poubelle avec le chargeur était cachée <eos>,6,cachée,caché,4,M,cachée,-6.524091,caché,-8.997461,1
738,S_NOUN_1_PASS_b,F,S,la poubelle avec le chargeur était cassée <eos>,6,cassée,cassé,4,M,cassée,-6.358702,cassé,-10.558863,1
739,S_NOUN_1_PASS_b,F,S,la poubelle avec le chargeur était couverte <eos>,6,couverte,couvert,4,M,couverte,-6.5737934,couvert,-10.381624,1
740,S_NOUN_1_PASS_b,F,S,la poubelle avec le chargeur était déformée <eos>,6,déformée,déformé,4,M,déformée,-9.412943,déformé,-13.219174,1
741,S_NOUN_1_PASS_b,F,S,la poubelle avec le chargeur était fixée <eos>,6,fixée,fixé,4,M,fixée,-5.9631968,fixé,-8.930444,1
742,S_NOUN_1_PASS_b,F,S,la poubelle avec le chargeur était jetée <eos>,6,jetée,jeté,4,M,jetée,-8.054864,jeté,-11.507761,1
743,S_NOUN_1_PASS_b,F,S,la poubelle avec le chargeur était laissée <eos>,6,laissée,laissé,4,M,laissée,-7.136012,laissé,-10.038398,1
744,S_NOUN_1_PASS_b,F,S,la poubelle avec le chargeur était ouverte <eos>,6,ouverte,ouvert,4,M,ouverte,-6.0617337,ouvert,-10.168213,1
745,S_NOUN_1_PASS_b,F,S,la poubelle avec le chargeur était perdue <eos>,6,perdue,perdu,4,M,perdue,-7.6472,perdu,-10.479908,1
746,S_NOUN_1_PASS_b,F,S,la poubelle avec le chargeur était réparée <eos>,6,réparée,réparé,4,M,réparée,-9.37223,réparé,-13.492879,1
747,S_NOUN_1_PASS_b,F,S,la poubelle avec le chargeur était retirée <eos>,6,retirée,retiré,4,M,retirée,-6.5860276,retiré,-9.3226385,1
748,S_NOUN_1_PASS_b,F,S,la poubelle avec le chargeur était tombée <eos>,6,tombée,tombé,4,M,tombée,-8.042902,tombé,-10.627029,1
749,S_NOUN_1_PASS_b,F,S,la poubelle avec le chargeur était utilisée <eos>,6,utilisée,utilisé,4,M,utilisée,-4.998615,utilisé,-7.9017196,1
750,S_NOUN_1_PASS_b,F,S,la poubelle avec le vase était achetée <eos>,6,achetée,acheté,4,M,achetée,-6.9319487,acheté,-10.243656,1
751,S_NOUN_1_PASS_b,F,S,la poubelle avec le vase était brisée <eos>,6,brisée,brisé,4,M,brisée,-6.5945115,brisé,-10.971291,1
752,S_NOUN_1_PASS_b,F,S,la poubelle avec le vase était cachée <eos>,6,cachée,caché,4,M,cachée,-5.978129,caché,-8.752987,1
753,S_NOUN_1_PASS_b,F,S,la poubelle avec le vase était cassée <eos>,6,cassée,cassé,4,M,cassée,-6.629179,cassé,-10.168934,1
754,S_NOUN_1_PASS_b,F,S,la poubelle avec le vase était couverte <eos>,6,couverte,couvert,4,M,couverte,-5.82279,couvert,-9.508797,1
755,S_NOUN_1_PASS_b,F,S,la poubelle avec le vase était déformée <eos>,6,déformée,déformé,4,M,déformée,-9.826326,déformé,-12.640135,1
756,S_NOUN_1_PASS_b,F,S,la poubelle avec le vase était fixée <eos>,6,fixée,fixé,4,M,fixée,-6.319922,fixé,-8.948671,1
757,S_NOUN_1_PASS_b,F,S,la poubelle avec le vase était jetée <eos>,6,jetée,jeté,4,M,jetée,-6.7347393,jeté,-10.1158085,1
758,S_NOUN_1_PASS_b,F,S,la poubelle avec le vase était laissée <eos>,6,laissée,laissé,4,M,laissée,-6.4326077,laissé,-9.097503,1
759,S_NOUN_1_PASS_b,F,S,la poubelle avec le vase était ouverte <eos>,6,ouverte,ouvert,4,M,ouverte,-5.4756494,ouvert,-9.679371,1
760,S_NOUN_1_PASS_b,F,S,la poubelle avec le vase était perdue <eos>,6,perdue,perdu,4,M,perdue,-6.714619,perdu,-9.614952,1
761,S_NOUN_1_PASS_b,F,S,la poubelle avec le vase était réparée <eos>,6,réparée,réparé,4,M,réparée,-9.531913,réparé,-12.438324,1
762,S_NOUN_1_PASS_b,F,S,la poubelle avec le vase était retirée <eos>,6,retirée,retiré,4,M,retirée,-6.6331654,retiré,-9.645427,1
763,S_NOUN_1_PASS_b,F,S,la poubelle avec le vase était tombée <eos>,6,tombée,tombé,4,M,tombée,-6.584053,tombé,-9.922198,1
764,S_NOUN_1_PASS_b,F,S,la poubelle avec le vase était utilisée <eos>,6,utilisée,utilisé,4,M,utilisée,-4.7851644,utilisé,-7.7936997,1
765,S_NOUN_1_PASS_b,F,S,la poubelle avec le panier était achetée <eos>,6,achetée,acheté,4,M,achetée,-7.47921,acheté,-10.894486,1
766,S_NOUN_1_PASS_b,F,S,la poubelle avec le panier était brisée <eos>,6,brisée,brisé,4,M,brisée,-7.3180666,brisé,-11.521258,1
767,S_NOUN_1_PASS_b,F,S,la poubelle avec le panier était cachée <eos>,6,cachée,caché,4,M,cachée,-6.0585837,caché,-8.491144,1
768,S_NOUN_1_PASS_b,F,S,la poubelle avec le panier était cassée <eos>,6,cassée,cassé,4,M,cassée,-6.8206186,cassé,-10.465912,1
769,S_NOUN_1_PASS_b,F,S,la poubelle avec le panier était couverte <eos>,6,couverte,couvert,4,M,couverte,-6.2357,couvert,-9.423944,1
770,S_NOUN_1_PASS_b,F,S,la poubelle avec le panier était déformée <eos>,6,déformée,déformé,4,M,déformée,-9.323397,déformé,-12.870396,1
771,S_NOUN_1_PASS_b,F,S,la poubelle avec le panier était fixée <eos>,6,fixée,fixé,4,M,fixée,-6.186354,fixé,-8.627192,1
772,S_NOUN_1_PASS_b,F,S,la poubelle avec le panier était jetée <eos>,6,jetée,jeté,4,M,jetée,-7.223799,jeté,-10.797939,1
773,S_NOUN_1_PASS_b,F,S,la poubelle avec le panier était laissée <eos>,6,laissée,laissé,4,M,laissée,-6.0993357,laissé,-9.333223,1
774,S_NOUN_1_PASS_b,F,S,la poubelle avec le panier était ouverte <eos>,6,ouverte,ouvert,4,M,ouverte,-5.8685255,ouvert,-9.691042,1
775,S_NOUN_1_PASS_b,F,S,la poubelle avec le panier était perdue <eos>,6,perdue,perdu,4,M,perdue,-7.5794697,perdu,-10.712785,1
776,S_NOUN_1_PASS_b,F,S,la poubelle avec le panier était réparée <eos>,6,réparée,réparé,4,M,réparée,-9.924432,réparé,-12.868328,1
777,S_NOUN_1_PASS_b,F,S,la poubelle avec le panier était retirée <eos>,6,retirée,retiré,4,M,retirée,-6.92354,retiré,-9.709461,1
778,S_NOUN_1_PASS_b,F,S,la poubelle avec le panier était tombée <eos>,6,tombée,tombé,4,M,tombée,-7.4060526,tombé,-9.754748,1
779,S_NOUN_1_PASS_b,F,S,la poubelle avec le panier était utilisée <eos>,6,utilisée,utilisé,4,M,utilisée,-5.043968,utilisé,-7.6332026,1
780,S_NOUN_1_PASS_b,F,S,la poubelle avec le collier était achetée <eos>,6,achetée,acheté,4,M,achetée,-6.3210516,acheté,-9.74321,1
781,S_NOUN_1_PASS_b,F,S,la poubelle avec le collier était brisée <eos>,6,brisée,brisé,4,M,brisée,-6.7912273,brisé,-10.672217,1
782,S_NOUN_1_PASS_b,F,S,la poubelle avec le collier était cachée <eos>,6,cachée,caché,4,M,cachée,-5.684732,caché,-8.110649,1
783,S_NOUN_1_PASS_b,F,S,la poubelle avec le collier était cassée <eos>,6,cassée,cassé,4,M,cassée,-6.935134,cassé,-9.617119,1
784,S_NOUN_1_PASS_b,F,S,la poubelle avec le collier était couverte <eos>,6,couverte,couvert,4,M,couverte,-6.312887,couvert,-9.593899,1
785,S_NOUN_1_PASS_b,F,S,la poubelle avec le collier était déformée <eos>,6,déformée,déformé,4,M,déformée,-9.750946,déformé,-12.143779,1
786,S_NOUN_1_PASS_b,F,S,la poubelle avec le collier était fixée <eos>,6,fixée,fixé,4,M,fixée,-6.318099,fixé,-8.724498,1
787,S_NOUN_1_PASS_b,F,S,la poubelle avec le collier était jetée <eos>,6,jetée,jeté,4,M,jetée,-7.3783617,jeté,-9.945368,1
788,S_NOUN_1_PASS_b,F,S,la poubelle avec le collier était laissée <eos>,6,laissée,laissé,4,M,laissée,-6.8579206,laissé,-9.41901,1
789,S_NOUN_1_PASS_b,F,S,la poubelle avec le collier était ouverte <eos>,6,ouverte,ouvert,4,M,ouverte,-5.888755,ouvert,-9.90506,1
790,S_NOUN_1_PASS_b,F,S,la poubelle avec le collier était perdue <eos>,6,perdue,perdu,4,M,perdue,-7.3400426,perdu,-10.296865,1
791,S_NOUN_1_PASS_b,F,S,la poubelle avec le collier était réparée <eos>,6,réparée,réparé,4,M,réparée,-10.170502,réparé,-12.942088,1
792,S_NOUN_1_PASS_b,F,S,la poubelle avec le collier était retirée <eos>,6,retirée,retiré,4,M,retirée,-6.710523,retiré,-8.981159,1
793,S_NOUN_1_PASS_b,F,S,la poubelle avec le collier était tombée <eos>,6,tombée,tombé,4,M,tombée,-7.2808323,tombé,-9.601062,1
794,S_NOUN_1_PASS_b,F,S,la poubelle avec le collier était utilisée <eos>,6,utilisée,utilisé,4,M,utilisée,-4.7724957,utilisé,-7.4036365,1
795,S_NOUN_1_PASS_b,F,S,la poubelle avec le chapeau était achetée <eos>,6,achetée,acheté,4,M,achetée,-6.679765,acheté,-10.086462,1
796,S_NOUN_1_PASS_b,F,S,la poubelle avec le chapeau était brisée <eos>,6,brisée,brisé,4,M,brisée,-6.9590607,brisé,-11.869077,1
797,S_NOUN_1_PASS_b,F,S,la poubelle avec le chapeau était cachée <eos>,6,cachée,caché,4,M,cachée,-6.3682356,caché,-8.948361,1
798,S_NOUN_1_PASS_b,F,S,la poubelle avec le chapeau était cassée <eos>,6,cassée,cassé,4,M,cassée,-6.524003,cassé,-9.680613,1
799,S_NOUN_1_PASS_b,F,S,la poubelle avec le chapeau était couverte <eos>,6,couverte,couvert,4,M,couverte,-5.658734,couvert,-9.95236,1
800,S_NOUN_1_PASS_b,F,S,la poubelle avec le chapeau était déformée <eos>,6,déformée,déformé,4,M,déformée,-8.887911,déformé,-11.889818,1
801,S_NOUN_1_PASS_b,F,S,la poubelle avec le chapeau était fixée <eos>,6,fixée,fixé,4,M,fixée,-6.341449,fixé,-8.87514,1
802,S_NOUN_1_PASS_b,F,S,la poubelle avec le chapeau était jetée <eos>,6,jetée,jeté,4,M,jetée,-7.2116327,jeté,-10.262826,1
803,S_NOUN_1_PASS_b,F,S,la poubelle avec le chapeau était laissée <eos>,6,laissée,laissé,4,M,laissée,-6.4386115,laissé,-9.631098,1
804,S_NOUN_1_PASS_b,F,S,la poubelle avec le chapeau était ouverte <eos>,6,ouverte,ouvert,4,M,ouverte,-5.6438704,ouvert,-10.4269,1
805,S_NOUN_1_PASS_b,F,S,la poubelle avec le chapeau était perdue <eos>,6,perdue,perdu,4,M,perdue,-7.6080136,perdu,-10.572269,1
806,S_NOUN_1_PASS_b,F,S,la poubelle avec le chapeau était réparée <eos>,6,réparée,réparé,4,M,réparée,-9.738993,réparé,-13.2023945,1
807,S_NOUN_1_PASS_b,F,S,la poubelle avec le chapeau était retirée <eos>,6,retirée,retiré,4,M,retirée,-6.6023083,retiré,-8.940667,1
808,S_NOUN_1_PASS_b,F,S,la poubelle avec le chapeau était tombée <eos>,6,tombée,tombé,4,M,tombée,-7.190258,tombé,-9.933611,1
809,S_NOUN_1_PASS_b,F,S,la poubelle avec le chapeau était utilisée <eos>,6,utilisée,utilisé,4,M,utilisée,-4.5755224,utilisé,-7.5996046,1
810,S_NOUN_1_PASS_b,F,S,la poubelle avec le pot était achetée <eos>,6,achetée,acheté,4,M,achetée,-6.3107414,acheté,-9.417274,1
811,S_NOUN_1_PASS_b,F,S,la poubelle avec le pot était brisée <eos>,6,brisée,brisé,4,M,brisée,-7.447299,brisé,-11.341028,1
812,S_NOUN_1_PASS_b,F,S,la poubelle avec le pot était cachée <eos>,6,cachée,caché,4,M,cachée,-6.2562733,caché,-8.270597,1
813,S_NOUN_1_PASS_b,F,S,la poubelle avec le pot était cassée <eos>,6,cassée,cassé,4,M,cassée,-7.0113173,cassé,-10.564508,1
814,S_NOUN_1_PASS_b,F,S,la poubelle avec le pot était couverte <eos>,6,couverte,couvert,4,M,couverte,-6.5928226,couvert,-9.53993,1
815,S_NOUN_1_PASS_b,F,S,la poubelle avec le pot était déformée <eos>,6,déformée,déformé,4,M,déformée,-9.753822,déformé,-11.961402,1
816,S_NOUN_1_PASS_b,F,S,la poubelle avec le pot était fixée <eos>,6,fixée,fixé,4,M,fixée,-6.226515,fixé,-8.567452,1
817,S_NOUN_1_PASS_b,F,S,la poubelle avec le pot était jetée <eos>,6,jetée,jeté,4,M,jetée,-6.807288,jeté,-9.838651,1
818,S_NOUN_1_PASS_b,F,S,la poubelle avec le pot était laissée <eos>,6,laissée,laissé,4,M,laissée,-6.165216,laissé,-9.053993,1
819,S_NOUN_1_PASS_b,F,S,la poubelle avec le pot était ouverte <eos>,6,ouverte,ouvert,4,M,ouverte,-6.168859,ouvert,-9.507661,1
820,S_NOUN_1_PASS_b,F,S,la poubelle avec le pot était perdue <eos>,6,perdue,perdu,4,M,perdue,-7.14796,perdu,-9.821327,1
821,S_NOUN_1_PASS_b,F,S,la poubelle avec le pot était réparée <eos>,6,réparée,réparé,4,M,réparée,-9.82819,réparé,-12.012273,1
822,S_NOUN_1_PASS_b,F,S,la poubelle avec le pot était retirée <eos>,6,retirée,retiré,4,M,retirée,-6.8617477,retiré,-8.924435,1
823,S_NOUN_1_PASS_b,F,S,la poubelle avec le pot était tombée <eos>,6,tombée,tombé,4,M,tombée,-6.684966,tombé,-9.739379,1
824,S_NOUN_1_PASS_b,F,S,la poubelle avec le pot était utilisée <eos>,6,utilisée,utilisé,4,M,utilisée,-4.563466,utilisé,-6.906846,1
825,S_NOUN_1_PASS_b,F,S,la poubelle avec le coussin était achetée <eos>,6,achetée,acheté,4,M,achetée,-7.4601035,acheté,-11.137436,1
826,S_NOUN_1_PASS_b,F,S,la poubelle avec le coussin était brisée <eos>,6,brisée,brisé,4,M,brisée,-6.920703,brisé,-11.630684,1
827,S_NOUN_1_PASS_b,F,S,la poubelle avec le coussin était cachée <eos>,6,cachée,caché,4,M,cachée,-6.260708,caché,-8.593835,1
828,S_NOUN_1_PASS_b,F,S,la poubelle avec le coussin était cassée <eos>,6,cassée,cassé,4,M,cassée,-6.202208,cassé,-9.75734,1
829,S_NOUN_1_PASS_b,F,S,la poubelle avec le coussin était couverte <eos>,6,couverte,couvert,4,M,couverte,-5.9501133,couvert,-9.752302,1
830,S_NOUN_1_PASS_b,F,S,la poubelle avec le coussin était déformée <eos>,6,déformée,déformé,4,M,déformée,-10.3805065,déformé,-13.663971,1
831,S_NOUN_1_PASS_b,F,S,la poubelle avec le coussin était fixée <eos>,6,fixée,fixé,4,M,fixée,-5.5186863,fixé,-8.820887,1
832,S_NOUN_1_PASS_b,F,S,la poubelle avec le coussin était jetée <eos>,6,jetée,jeté,4,M,jetée,-7.8821898,jeté,-11.17344,1
833,S_NOUN_1_PASS_b,F,S,la poubelle avec le coussin était laissée <eos>,6,laissée,laissé,4,M,laissée,-6.895972,laissé,-10.008955,1
834,S_NOUN_1_PASS_b,F,S,la poubelle avec le coussin était ouverte <eos>,6,ouverte,ouvert,4,M,ouverte,-5.141153,ouvert,-9.837282,1
835,S_NOUN_1_PASS_b,F,S,la poubelle avec le coussin était perdue <eos>,6,perdue,perdu,4,M,perdue,-8.425223,perdu,-11.113957,1
836,S_NOUN_1_PASS_b,F,S,la poubelle avec le coussin était réparée <eos>,6,réparée,réparé,4,M,réparée,-10.122249,réparé,-13.978083,1
837,S_NOUN_1_PASS_b,F,S,la poubelle avec le coussin était retirée <eos>,6,retirée,retiré,4,M,retirée,-6.8945293,retiré,-9.93767,1
838,S_NOUN_1_PASS_b,F,S,la poubelle avec le coussin était tombée <eos>,6,tombée,tombé,4,M,tombée,-8.570742,tombé,-10.813438,1
839,S_NOUN_1_PASS_b,F,S,la poubelle avec le coussin était utilisée <eos>,6,utilisée,utilisé,4,M,utilisée,-4.7477636,utilisé,-7.8394833,1
840,S_NOUN_1_PASS_b,F,S,la poubelle avec le jouet était achetée <eos>,6,achetée,acheté,4,M,achetée,-6.938008,acheté,-10.537191,1
841,S_NOUN_1_PASS_b,F,S,la poubelle avec le jouet était brisée <eos>,6,brisée,brisé,4,M,brisée,-7.528228,brisé,-11.682212,1
842,S_NOUN_1_PASS_b,F,S,la poubelle avec le jouet était cachée <eos>,6,cachée,caché,4,M,cachée,-5.9372654,caché,-8.7104225,1
843,S_NOUN_1_PASS_b,F,S,la poubelle avec le jouet était cassée <eos>,6,cassée,cassé,4,M,cassée,-7.2579947,cassé,-11.201545,1
844,S_NOUN_1_PASS_b,F,S,la poubelle avec le jouet était couverte <eos>,6,couverte,couvert,4,M,couverte,-6.8200016,couvert,-10.512663,1
845,S_NOUN_1_PASS_b,F,S,la poubelle avec le jouet était déformée <eos>,6,déformée,déformé,4,M,déformée,-10.239359,déformé,-12.9672165,1
846,S_NOUN_1_PASS_b,F,S,la poubelle avec le jouet était fixée <eos>,6,fixée,fixé,4,M,fixée,-6.729287,fixé,-9.671762,1
847,S_NOUN_1_PASS_b,F,S,la poubelle avec le jouet était jetée <eos>,6,jetée,jeté,4,M,jetée,-7.8674097,jeté,-10.936831,1
848,S_NOUN_1_PASS_b,F,S,la poubelle avec le jouet était laissée <eos>,6,laissée,laissé,4,M,laissée,-7.004939,laissé,-9.5800705,1
849,S_NOUN_1_PASS_b,F,S,la poubelle avec le jouet était ouverte <eos>,6,ouverte,ouvert,4,M,ouverte,-6.059329,ouvert,-9.988106,1
850,S_NOUN_1_PASS_b,F,S,la poubelle avec le jouet était perdue <eos>,6,perdue,perdu,4,M,perdue,-8.054977,perdu,-10.674687,1
851,S_NOUN_1_PASS_b,F,S,la poubelle avec le jouet était réparée <eos>,6,réparée,réparé,4,M,réparée,-10.35009,réparé,-12.97494,1
852,S_NOUN_1_PASS_b,F,S,la poubelle avec le jouet était retirée <eos>,6,retirée,retiré,4,M,retirée,-7.7545304,retiré,-10.680712,1
853,S_NOUN_1_PASS_b,F,S,la poubelle avec le jouet était tombée <eos>,6,tombée,tombé,4,M,tombée,-7.5013986,tombé,-9.747301,1
854,S_NOUN_1_PASS_b,F,S,la poubelle avec le jouet était utilisée <eos>,6,utilisée,utilisé,4,M,utilisée,-4.7790575,utilisé,-7.5441,1
855,S_NOUN_1_PASS_b,F,S,la poubelle avec le clou était achetée <eos>,6,achetée,acheté,4,M,achetée,-6.4875164,acheté,-10.415011,1
856,S_NOUN_1_PASS_b,F,S,la poubelle avec le clou était brisée <eos>,6,brisée,brisé,4,M,brisée,-7.018671,brisé,-12.029688,1
857,S_NOUN_1_PASS_b,F,S,la poubelle avec le clou était cachée <eos>,6,cachée,caché,4,M,cachée,-5.876874,caché,-8.9255705,1
858,S_NOUN_1_PASS_b,F,S,la poubelle avec le clou était cassée <eos>,6,cassée,cassé,4,M,cassée,-6.3807793,cassé,-10.170638,1
859,S_NOUN_1_PASS_b,F,S,la poubelle avec le clou était couverte <eos>,6,couverte,couvert,4,M,couverte,-5.946013,couvert,-9.670523,1
860,S_NOUN_1_PASS_b,F,S,la poubelle avec le clou était déformée <eos>,6,déformée,déformé,4,M,déformée,-9.068529,déformé,-12.627911,1
861,S_NOUN_1_PASS_b,F,S,la poubelle avec le clou était fixée <eos>,6,fixée,fixé,4,M,fixée,-5.283065,fixé,-8.196699,1
862,S_NOUN_1_PASS_b,F,S,la poubelle avec le clou était jetée <eos>,6,jetée,jeté,4,M,jetée,-6.64595,jeté,-10.316992,1
863,S_NOUN_1_PASS_b,F,S,la poubelle avec le clou était laissée <eos>,6,laissée,laissé,4,M,laissée,-5.890723,laissé,-9.570869,1
864,S_NOUN_1_PASS_b,F,S,la poubelle avec le clou était ouverte <eos>,6,ouverte,ouvert,4,M,ouverte,-5.7656274,ouvert,-10.350998,1
865,S_NOUN_1_PASS_b,F,S,la poubelle avec le clou était perdue <eos>,6,perdue,perdu,4,M,perdue,-6.643852,perdu,-10.323676,1
866,S_NOUN_1_PASS_b,F,S,la poubelle avec le clou était réparée <eos>,6,réparée,réparé,4,M,réparée,-9.506542,réparé,-12.931536,1
867,S_NOUN_1_PASS_b,F,S,la poubelle avec le clou était retirée <eos>,6,retirée,retiré,4,M,retirée,-5.7377605,retiré,-9.08984,1
868,S_NOUN_1_PASS_b,F,S,la poubelle avec le clou était tombée <eos>,6,tombée,tombé,4,M,tombée,-6.5456796,tombé,-10.231653,1
869,S_NOUN_1_PASS_b,F,S,la poubelle avec le clou était utilisée <eos>,6,utilisée,utilisé,4,M,utilisée,-4.5434446,utilisé,-7.6355658,1
870,S_NOUN_1_PASS_b,F,S,la poubelle avec le billet était achetée <eos>,6,achetée,acheté,4,M,achetée,-6.004485,acheté,-9.19287,1
871,S_NOUN_1_PASS_b,F,S,la poubelle avec le billet était brisée <eos>,6,brisée,brisé,4,M,brisée,-7.9595428,brisé,-11.686136,1
872,S_NOUN_1_PASS_b,F,S,la poubelle avec le billet était cachée <eos>,6,cachée,caché,4,M,cachée,-5.8740926,caché,-8.116395,1
873,S_NOUN_1_PASS_b,F,S,la poubelle avec le billet était cassée <eos>,6,cassée,cassé,4,M,cassée,-7.570553,cassé,-10.630399,1
874,S_NOUN_1_PASS_b,F,S,la poubelle avec le billet était couverte <eos>,6,couverte,couvert,4,M,couverte,-6.8126354,couvert,-9.445192,1
875,S_NOUN_1_PASS_b,F,S,la poubelle avec le billet était déformée <eos>,6,déformée,déformé,4,M,déformée,-9.8552,déformé,-12.739149,1
876,S_NOUN_1_PASS_b,F,S,la poubelle avec le billet était fixée <eos>,6,fixée,fixé,4,M,fixée,-6.2771726,fixé,-8.406197,1
877,S_NOUN_1_PASS_b,F,S,la poubelle avec le billet était jetée <eos>,6,jetée,jeté,4,M,jetée,-7.0285826,jeté,-10.169502,1
878,S_NOUN_1_PASS_b,F,S,la poubelle avec le billet était laissée <eos>,6,laissée,laissé,4,M,laissée,-6.6114416,laissé,-8.744119,1
879,S_NOUN_1_PASS_b,F,S,la poubelle avec le billet était ouverte <eos>,6,ouverte,ouvert,4,M,ouverte,-5.9408836,ouvert,-9.647396,1
880,S_NOUN_1_PASS_b,F,S,la poubelle avec le billet était perdue <eos>,6,perdue,perdu,4,M,perdue,-7.317648,perdu,-9.217649,1
881,S_NOUN_1_PASS_b,F,S,la poubelle avec le billet était réparée <eos>,6,réparée,réparé,4,M,réparée,-9.910411,réparé,-12.323816,1
882,S_NOUN_1_PASS_b,F,S,la poubelle avec le billet était retirée <eos>,6,retirée,retiré,4,M,retirée,-6.8750153,retiré,-8.681911,1
883,S_NOUN_1_PASS_b,F,S,la poubelle avec le billet était tombée <eos>,6,tombée,tombé,4,M,tombée,-6.8083115,tombé,-9.436424,1
884,S_NOUN_1_PASS_b,F,S,la poubelle avec le billet était utilisée <eos>,6,utilisée,utilisé,4,M,utilisée,-5.308701,utilisé,-7.484983,1
885,S_NOUN_1_PASS_b,F,S,la poubelle avec le légume était achetée <eos>,6,achetée,acheté,4,M,achetée,-7.5067368,acheté,-10.33894,1
886,S_NOUN_1_PASS_b,F,S,la poubelle avec le légume était brisée <eos>,6,brisée,brisé,4,M,brisée,-8.67832,brisé,-12.670071,1
887,S_NOUN_1_PASS_b,F,S,la poubelle avec le légume était cachée <eos>,6,cachée,caché,4,M,cachée,-7.2272716,caché,-9.260492,1
888,S_NOUN_1_PASS_b,F,S,la poubelle avec le légume était cassée <eos>,6,cassée,cassé,4,M,cassée,-7.517971,cassé,-11.44612,1
889,S_NOUN_1_PASS_b,F,S,la poubelle avec le légume était couverte <eos>,6,couverte,couvert,4,M,couverte,-6.7929235,couvert,-10.163237,1
890,S_NOUN_1_PASS_b,F,S,la poubelle avec le légume était déformée <eos>,6,déformée,déformé,4,M,déformée,-10.690353,déformé,-13.903503,1
891,S_NOUN_1_PASS_b,F,S,la poubelle avec le légume était fixée <eos>,6,fixée,fixé,4,M,fixée,-7.0066223,fixé,-9.501887,1
892,S_NOUN_1_PASS_b,F,S,la poubelle avec le légume était jetée <eos>,6,jetée,jeté,4,M,jetée,-7.0782833,jeté,-11.386739,1
893,S_NOUN_1_PASS_b,F,S,la poubelle avec le légume était laissée <eos>,6,laissée,laissé,4,M,laissée,-6.190317,laissé,-9.587203,1
894,S_NOUN_1_PASS_b,F,S,la poubelle avec le légume était ouverte <eos>,6,ouverte,ouvert,4,M,ouverte,-6.1133246,ouvert,-10.498926,1
895,S_NOUN_1_PASS_b,F,S,la poubelle avec le légume était perdue <eos>,6,perdue,perdu,4,M,perdue,-6.893503,perdu,-10.031462,1
896,S_NOUN_1_PASS_b,F,S,la poubelle avec le légume était réparée <eos>,6,réparée,réparé,4,M,réparée,-11.075292,réparé,-13.123414,1
897,S_NOUN_1_PASS_b,F,S,la poubelle avec le légume était retirée <eos>,6,retirée,retiré,4,M,retirée,-6.92041,retiré,-9.9837265,1
898,S_NOUN_1_PASS_b,F,S,la poubelle avec le légume était tombée <eos>,6,tombée,tombé,4,M,tombée,-6.764845,tombé,-10.285466,1
899,S_NOUN_1_PASS_b,F,S,la poubelle avec le légume était utilisée <eos>,6,utilisée,utilisé,4,M,utilisée,-4.7308683,utilisé,-7.5186844,1
900,S_NOUN_1_PASS_b,F,S,la chemise avec le bracelet était achetée <eos>,6,achetée,acheté,4,M,achetée,-8.52026,acheté,-11.04969,1
901,S_NOUN_1_PASS_b,F,S,la chemise avec le bracelet était brisée <eos>,6,brisée,brisé,4,M,brisée,-7.8489866,brisé,-10.991219,1
902,S_NOUN_1_PASS_b,F,S,la chemise avec le bracelet était cachée <eos>,6,cachée,caché,4,M,cachée,-7.528285,caché,-9.464029,1
903,S_NOUN_1_PASS_b,F,S,la chemise avec le bracelet était cassée <eos>,6,cassée,cassé,4,M,cassée,-8.31291,cassé,-10.043208,1
904,S_NOUN_1_PASS_b,F,S,la chemise avec le bracelet était couverte <eos>,6,couverte,couvert,4,M,couverte,-5.266103,couvert,-8.704128,1
905,S_NOUN_1_PASS_b,F,S,la chemise avec le bracelet était déformée <eos>,6,déformée,déformé,4,M,déformée,-10.315907,déformé,-13.207098,1
906,S_NOUN_1_PASS_b,F,S,la chemise avec le bracelet était fixée <eos>,6,fixée,fixé,4,M,fixée,-4.438444,fixé,-7.114504,1
907,S_NOUN_1_PASS_b,F,S,la chemise avec le bracelet était jetée <eos>,6,jetée,jeté,4,M,jetée,-10.153875,jeté,-10.314669,1
908,S_NOUN_1_PASS_b,F,S,la chemise avec le bracelet était laissée <eos>,6,laissée,laissé,4,M,laissée,-7.7617826,laissé,-9.954594,1
909,S_NOUN_1_PASS_b,F,S,la chemise avec le bracelet était ouverte <eos>,6,ouverte,ouvert,4,M,ouverte,-5.3854666,ouvert,-8.98306,1
910,S_NOUN_1_PASS_b,F,S,la chemise avec le bracelet était perdue <eos>,6,perdue,perdu,4,M,perdue,-9.11158,perdu,-11.442192,1
911,S_NOUN_1_PASS_b,F,S,la chemise avec le bracelet était réparée <eos>,6,réparée,réparé,4,M,réparée,-10.955,réparé,-14.879568,1
912,S_NOUN_1_PASS_b,F,S,la chemise avec le bracelet était retirée <eos>,6,retirée,retiré,4,M,retirée,-7.747636,retiré,-9.455169,1
913,S_NOUN_1_PASS_b,F,S,la chemise avec le bracelet était tombée <eos>,6,tombée,tombé,4,M,tombée,-8.291535,tombé,-9.80672,1
914,S_NOUN_1_PASS_b,F,S,la chemise avec le bracelet était utilisée <eos>,6,utilisée,utilisé,4,M,utilisée,-4.5362005,utilisé,-6.8929214,1
915,S_NOUN_1_PASS_b,F,S,la chemise avec le miroir était achetée <eos>,6,achetée,acheté,4,M,achetée,-9.244225,acheté,-11.996433,1
916,S_NOUN_1_PASS_b,F,S,la chemise avec le miroir était brisée <eos>,6,brisée,brisé,4,M,brisée,-7.043995,brisé,-10.679592,1
917,S_NOUN_1_PASS_b,F,S,la chemise avec le miroir était cachée <eos>,6,cachée,caché,4,M,cachée,-6.648588,caché,-9.215795,1
918,S_NOUN_1_PASS_b,F,S,la chemise avec le miroir était cassée <eos>,6,cassée,cassé,4,M,cassée,-7.9930105,cassé,-9.673428,1
919,S_NOUN_1_PASS_b,F,S,la chemise avec le miroir était couverte <eos>,6,couverte,couvert,4,M,couverte,-4.965518,couvert,-8.744246,1
920,S_NOUN_1_PASS_b,F,S,la chemise avec le miroir était déformée <eos>,6,déformée,déformé,4,M,déformée,-9.11501,déformé,-12.71841,1
921,S_NOUN_1_PASS_b,F,S,la chemise avec le miroir était fixée <eos>,6,fixée,fixé,4,M,fixée,-4.8644886,fixé,-7.678193,1
922,S_NOUN_1_PASS_b,F,S,la chemise avec le miroir était jetée <eos>,6,jetée,jeté,4,M,jetée,-9.679064,jeté,-10.561677,1
923,S_NOUN_1_PASS_b,F,S,la chemise avec le miroir était laissée <eos>,6,laissée,laissé,4,M,laissée,-7.89138,laissé,-10.634371,1
924,S_NOUN_1_PASS_b,F,S,la chemise avec le miroir était ouverte <eos>,6,ouverte,ouvert,4,M,ouverte,-5.375387,ouvert,-9.875384,1
925,S_NOUN_1_PASS_b,F,S,la chemise avec le miroir était perdue <eos>,6,perdue,perdu,4,M,perdue,-8.598882,perdu,-11.697953,1
926,S_NOUN_1_PASS_b,F,S,la chemise avec le miroir était réparée <eos>,6,réparée,réparé,4,M,réparée,-10.040738,réparé,-14.316902,1
927,S_NOUN_1_PASS_b,F,S,la chemise avec le miroir était retirée <eos>,6,retirée,retiré,4,M,retirée,-7.397723,retiré,-9.576069,1
928,S_NOUN_1_PASS_b,F,S,la chemise avec le miroir était tombée <eos>,6,tombée,tombé,4,M,tombée,-7.504071,tombé,-10.191398,1
929,S_NOUN_1_PASS_b,F,S,la chemise avec le miroir était utilisée <eos>,6,utilisée,utilisé,4,M,utilisée,-4.606023,utilisé,-7.454811,1
930,S_NOUN_1_PASS_b,F,S,la chemise avec le crayon était achetée <eos>,6,achetée,acheté,4,M,achetée,-8.3025055,acheté,-12.151021,1
931,S_NOUN_1_PASS_b,F,S,la chemise avec le crayon était brisée <eos>,6,brisée,brisé,4,M,brisée,-8.272366,brisé,-12.651808,1
932,S_NOUN_1_PASS_b,F,S,la chemise avec le crayon était cachée <eos>,6,cachée,caché,4,M,cachée,-7.599202,caché,-10.324564,1
933,S_NOUN_1_PASS_b,F,S,la chemise avec le crayon était cassée <eos>,6,cassée,cassé,4,M,cassée,-8.184704,cassé,-11.813776,1
934,S_NOUN_1_PASS_b,F,S,la chemise avec le crayon était couverte <eos>,6,couverte,couvert,4,M,couverte,-5.509534,couvert,-9.811638,1
935,S_NOUN_1_PASS_b,F,S,la chemise avec le crayon était déformée <eos>,6,déformée,déformé,4,M,déformée,-8.844017,déformé,-13.41614,1
936,S_NOUN_1_PASS_b,F,S,la chemise avec le crayon était fixée <eos>,6,fixée,fixé,4,M,fixée,-5.247094,fixé,-8.6972065,1
937,S_NOUN_1_PASS_b,F,S,la chemise avec le crayon était jetée <eos>,6,jetée,jeté,4,M,jetée,-9.089224,jeté,-11.804774,1
938,S_NOUN_1_PASS_b,F,S,la chemise avec le crayon était laissée <eos>,6,laissée,laissé,4,M,laissée,-6.8299146,laissé,-11.130367,1
939,S_NOUN_1_PASS_b,F,S,la chemise avec le crayon était ouverte <eos>,6,ouverte,ouvert,4,M,ouverte,-5.55397,ouvert,-10.351744,1
940,S_NOUN_1_PASS_b,F,S,la chemise avec le crayon était perdue <eos>,6,perdue,perdu,4,M,perdue,-7.7708883,perdu,-11.543992,1
941,S_NOUN_1_PASS_b,F,S,la chemise avec le crayon était réparée <eos>,6,réparée,réparé,4,M,réparée,-10.399246,réparé,-15.411955,1
942,S_NOUN_1_PASS_b,F,S,la chemise avec le crayon était retirée <eos>,6,retirée,retiré,4,M,retirée,-7.481621,retiré,-10.10681,1
943,S_NOUN_1_PASS_b,F,S,la chemise avec le crayon était tombée <eos>,6,tombée,tombé,4,M,tombée,-7.6111765,tombé,-10.482722,1
944,S_NOUN_1_PASS_b,F,S,la chemise avec le crayon était utilisée <eos>,6,utilisée,utilisé,4,M,utilisée,-3.4603148,utilisé,-7.312195,1
945,S_NOUN_1_PASS_b,F,S,la chemise avec le rideau était achetée <eos>,6,achetée,acheté,4,M,achetée,-8.965593,acheté,-11.902335,1
946,S_NOUN_1_PASS_b,F,S,la chemise avec le rideau était brisée <eos>,6,brisée,brisé,4,M,brisée,-6.326204,brisé,-9.857779,1
947,S_NOUN_1_PASS_b,F,S,la chemise avec le rideau était cachée <eos>,6,cachée,caché,4,M,cachée,-7.4908524,caché,-9.591835,1
948,S_NOUN_1_PASS_b,F,S,la chemise avec le rideau était cassée <eos>,6,cassée,cassé,4,M,cassée,-8.083865,cassé,-8.969227,1
949,S_NOUN_1_PASS_b,F,S,la chemise avec le rideau était couverte <eos>,6,couverte,couvert,4,M,couverte,-5.049561,couvert,-8.301091,1
950,S_NOUN_1_PASS_b,F,S,la chemise avec le rideau était déformée <eos>,6,déformée,déformé,4,M,déformée,-8.88768,déformé,-12.218339,1
951,S_NOUN_1_PASS_b,F,S,la chemise avec le rideau était fixée <eos>,6,fixée,fixé,4,M,fixée,-4.871644,fixé,-7.702715,1
952,S_NOUN_1_PASS_b,F,S,la chemise avec le rideau était jetée <eos>,6,jetée,jeté,4,M,jetée,-9.466883,jeté,-10.008932,1
953,S_NOUN_1_PASS_b,F,S,la chemise avec le rideau était laissée <eos>,6,laissée,laissé,4,M,laissée,-7.28659,laissé,-10.256111,1
954,S_NOUN_1_PASS_b,F,S,la chemise avec le rideau était ouverte <eos>,6,ouverte,ouvert,4,M,ouverte,-5.8173437,ouvert,-9.31554,1
955,S_NOUN_1_PASS_b,F,S,la chemise avec le rideau était perdue <eos>,6,perdue,perdu,4,M,perdue,-8.952502,perdu,-11.305099,1
956,S_NOUN_1_PASS_b,F,S,la chemise avec le rideau était réparée <eos>,6,réparée,réparé,4,M,réparée,-9.937195,réparé,-13.350009,1
957,S_NOUN_1_PASS_b,F,S,la chemise avec le rideau était retirée <eos>,6,retirée,retiré,4,M,retirée,-6.2921963,retiré,-8.804979,1
958,S_NOUN_1_PASS_b,F,S,la chemise avec le rideau était tombée <eos>,6,tombée,tombé,4,M,tombée,-7.3085403,tombé,-8.951574,1
959,S_NOUN_1_PASS_b,F,S,la chemise avec le rideau était utilisée <eos>,6,utilisée,utilisé,4,M,utilisée,-4.6730685,utilisé,-7.1816297,1
960,S_NOUN_1_PASS_b,F,S,la chemise avec le cahier était achetée <eos>,6,achetée,acheté,4,M,achetée,-9.549412,acheté,-11.488962,1
961,S_NOUN_1_PASS_b,F,S,la chemise avec le cahier était brisée <eos>,6,brisée,brisé,4,M,brisée,-8.1192875,brisé,-10.534,1
962,S_NOUN_1_PASS_b,F,S,la chemise avec le cahier était cachée <eos>,6,cachée,caché,4,M,cachée,-9.041244,caché,-9.848992,1
963,S_NOUN_1_PASS_b,F,S,la chemise avec le cahier était cassée <eos>,6,cassée,cassé,4,M,cassée,-9.350905,cassé,-10.247913,1
964,S_NOUN_1_PASS_b,F,S,la chemise avec le cahier était couverte <eos>,6,couverte,couvert,4,M,couverte,-5.3822694,couvert,-8.304663,1
965,S_NOUN_1_PASS_b,F,S,la chemise avec le cahier était déformée <eos>,6,déformée,déformé,4,M,déformée,-9.812165,déformé,-12.343942,1
966,S_NOUN_1_PASS_b,F,S,la chemise avec le cahier était fixée <eos>,6,fixée,fixé,4,M,fixée,-4.599349,fixé,-6.3784733,1
967,S_NOUN_1_PASS_b,F,S,la chemise avec le cahier était jetée <eos>,6,jetée,jeté,4,M,jetée,-10.317806,jeté,-10.442137,1
968,S_NOUN_1_PASS_b,F,S,la chemise avec le cahier était laissée <eos>,6,laissée,laissé,4,M,laissée,-8.388784,laissé,-10.426157,1
969,S_NOUN_1_PASS_b,F,S,la chemise avec le cahier était ouverte <eos>,6,ouverte,ouvert,4,M,ouverte,-5.6358356,ouvert,-8.211045,1
970,S_NOUN_1_PASS_b,F,S,la chemise avec le cahier était perdue <eos>,6,perdue,perdu,4,M,perdue,-9.06086,perdu,-10.378382,1
971,S_NOUN_1_PASS_b,F,S,la chemise avec le cahier était réparée <eos>,6,réparée,réparé,4,M,réparée,-10.424101,réparé,-14.034911,1
972,S_NOUN_1_PASS_b,F,S,la chemise avec le cahier était retirée <eos>,6,retirée,retiré,4,M,retirée,-6.8057365,retiré,-7.478941,1
973,S_NOUN_1_PASS_b,F,S,la chemise avec le cahier était tombée <eos>,6,tombée,tombé,4,M,tombée,-7.627766,tombé,-9.227314,1
974,S_NOUN_1_PASS_b,F,S,la chemise avec le cahier était utilisée <eos>,6,utilisée,utilisé,4,M,utilisée,-4.56938,utilisé,-6.3320627,1
975,S_NOUN_1_PASS_b,F,S,la chemise avec le micro était achetée <eos>,6,achetée,acheté,4,M,achetée,-9.511191,acheté,-12.368801,1
976,S_NOUN_1_PASS_b,F,S,la chemise avec le micro était brisée <eos>,6,brisée,brisé,4,M,brisée,-7.6142454,brisé,-10.700018,1
977,S_NOUN_1_PASS_b,F,S,la chemise avec le micro était cachée <eos>,6,cachée,caché,4,M,cachée,-8.094117,caché,-10.180612,1
978,S_NOUN_1_PASS_b,F,S,la chemise avec le micro était cassée <eos>,6,cassée,cassé,4,M,cassée,-7.3205247,cassé,-8.597651,1
979,S_NOUN_1_PASS_b,F,S,la chemise avec le micro était couverte <eos>,6,couverte,couvert,4,M,couverte,-4.9590106,couvert,-8.586775,1
980,S_NOUN_1_PASS_b,F,S,la chemise avec le micro était déformée <eos>,6,déformée,déformé,4,M,déformée,-8.684806,déformé,-12.69288,1
981,S_NOUN_1_PASS_b,F,S,la chemise avec le micro était fixée <eos>,6,fixée,fixé,4,M,fixée,-4.839428,fixé,-7.52493,1
982,S_NOUN_1_PASS_b,F,S,la chemise avec le micro était jetée <eos>,6,jetée,jeté,4,M,jetée,-9.345213,jeté,-10.424037,1
983,S_NOUN_1_PASS_b,F,S,la chemise avec le micro était laissée <eos>,6,laissée,laissé,4,M,laissée,-7.8751354,laissé,-10.71593,1
984,S_NOUN_1_PASS_b,F,S,la chemise avec le micro était ouverte <eos>,6,ouverte,ouvert,4,M,ouverte,-5.347261,ouvert,-9.207221,1
985,S_NOUN_1_PASS_b,F,S,la chemise avec le micro était perdue <eos>,6,perdue,perdu,4,M,perdue,-9.117733,perdu,-11.939274,1
986,S_NOUN_1_PASS_b,F,S,la chemise avec le micro était réparée <eos>,6,réparée,réparé,4,M,réparée,-10.362493,réparé,-15.089641,1
987,S_NOUN_1_PASS_b,F,S,la chemise avec le micro était retirée <eos>,6,retirée,retiré,4,M,retirée,-7.263051,retiré,-8.962501,1
988,S_NOUN_1_PASS_b,F,S,la chemise avec le micro était tombée <eos>,6,tombée,tombé,4,M,tombée,-7.8991814,tombé,-9.707139,1
989,S_NOUN_1_PASS_b,F,S,la chemise avec le micro était utilisée <eos>,6,utilisée,utilisé,4,M,utilisée,-4.7712336,utilisé,-7.568286,1
990,S_NOUN_1_PASS_b,F,S,la chemise avec le sac était achetée <eos>,6,achetée,acheté,4,M,achetée,-8.380087,acheté,-11.332167,1
991,S_NOUN_1_PASS_b,F,S,la chemise avec le sac était brisée <eos>,6,brisée,brisé,4,M,brisée,-7.103741,brisé,-11.079449,1
992,S_NOUN_1_PASS_b,F,S,la chemise avec le sac était cachée <eos>,6,cachée,caché,4,M,cachée,-7.0196714,caché,-9.584658,1
993,S_NOUN_1_PASS_b,F,S,la chemise avec le sac était cassée <eos>,6,cassée,cassé,4,M,cassée,-7.3230705,cassé,-9.768139,1
994,S_NOUN_1_PASS_b,F,S,la chemise avec le sac était couverte <eos>,6,couverte,couvert,4,M,couverte,-4.576995,couvert,-8.434688,1
995,S_NOUN_1_PASS_b,F,S,la chemise avec le sac était déformée <eos>,6,déformée,déformé,4,M,déformée,-8.887377,déformé,-12.441177,1
996,S_NOUN_1_PASS_b,F,S,la chemise avec le sac était fixée <eos>,6,fixée,fixé,4,M,fixée,-4.591913,fixé,-7.550642,1
997,S_NOUN_1_PASS_b,F,S,la chemise avec le sac était jetée <eos>,6,jetée,jeté,4,M,jetée,-8.51758,jeté,-9.889492,1
998,S_NOUN_1_PASS_b,F,S,la chemise avec le sac était laissée <eos>,6,laissée,laissé,4,M,laissée,-7.007471,laissé,-9.9504175,1
999,S_NOUN_1_PASS_b,F,S,la chemise avec le sac était ouverte <eos>,6,ouverte,ouvert,4,M,ouverte,-4.711592,ouvert,-9.048042,1
1000,S_NOUN_1_PASS_b,F,S,la chemise avec le sac était perdue <eos>,6,perdue,perdu,4,M,perdue,-8.101138,perdu,-11.455625,1
1001,S_NOUN_1_PASS_b,F,S,la chemise avec le sac était réparée <eos>,6,réparée,réparé,4,M,réparée,-9.977316,réparé,-13.98588,1
1002,S_NOUN_1_PASS_b,F,S,la chemise avec le sac était retirée <eos>,6,retirée,retiré,4,M,retirée,-6.355213,retiré,-8.398867,1
1003,S_NOUN_1_PASS_b,F,S,la chemise avec le sac était tombée <eos>,6,tombée,tombé,4,M,tombée,-7.9693127,tombé,-9.82477,1
1004,S_NOUN_1_PASS_b,F,S,la chemise avec le sac était utilisée <eos>,6,utilisée,utilisé,4,M,utilisée,-4.645629,utilisé,-7.610078,1
1005,S_NOUN_1_PASS_b,F,S,la chemise avec le clavier était achetée <eos>,6,achetée,acheté,4,M,achetée,-9.894236,acheté,-12.056083,1
1006,S_NOUN_1_PASS_b,F,S,la chemise avec le clavier était brisée <eos>,6,brisée,brisé,4,M,brisée,-8.223593,brisé,-11.752771,1
1007,S_NOUN_1_PASS_b,F,S,la chemise avec le clavier était cachée <eos>,6,cachée,caché,4,M,cachée,-7.3292856,caché,-9.9254875,1
1008,S_NOUN_1_PASS_b,F,S,la chemise avec le clavier était cassée <eos>,6,cassée,cassé,4,M,cassée,-7.8620734,cassé,-10.403447,1
1009,S_NOUN_1_PASS_b,F,S,la chemise avec le clavier était couverte <eos>,6,couverte,couvert,4,M,couverte,-5.0498595,couvert,-8.945807,1
1010,S_NOUN_1_PASS_b,F,S,la chemise avec le clavier était déformée <eos>,6,déformée,déformé,4,M,déformée,-8.867395,déformé,-13.435009,1
1011,S_NOUN_1_PASS_b,F,S,la chemise avec le clavier était fixée <eos>,6,fixée,fixé,4,M,fixée,-4.701277,fixé,-7.560439,1
1012,S_NOUN_1_PASS_b,F,S,la chemise avec le clavier était jetée <eos>,6,jetée,jeté,4,M,jetée,-10.309288,jeté,-11.840449,1
1013,S_NOUN_1_PASS_b,F,S,la chemise avec le clavier était laissée <eos>,6,laissée,laissé,4,M,laissée,-7.8360357,laissé,-11.006088,1
1014,S_NOUN_1_PASS_b,F,S,la chemise avec le clavier était ouverte <eos>,6,ouverte,ouvert,4,M,ouverte,-5.3151894,ouvert,-8.85695,1
1015,S_NOUN_1_PASS_b,F,S,la chemise avec le clavier était perdue <eos>,6,perdue,perdu,4,M,perdue,-8.707594,perdu,-11.898936,1
1016,S_NOUN_1_PASS_b,F,S,la chemise avec le clavier était réparée <eos>,6,réparée,réparé,4,M,réparée,-10.338855,réparé,-14.941963,1
1017,S_NOUN_1_PASS_b,F,S,la chemise avec le clavier était retirée <eos>,6,retirée,retiré,4,M,retirée,-8.206301,retiré,-9.58198,1
1018,S_NOUN_1_PASS_b,F,S,la chemise avec le clavier était tombée <eos>,6,tombée,tombé,4,M,tombée,-7.391765,tombé,-10.179026,1
1019,S_NOUN_1_PASS_b,F,S,la chemise avec le clavier était utilisée <eos>,6,utilisée,utilisé,4,M,utilisée,-4.295302,utilisé,-7.231378,1
1020,S_NOUN_1_PASS_b,F,S,la chemise avec le raisin était achetée <eos>,6,achetée,acheté,4,M,achetée,-8.0281925,acheté,-11.384834,1
1021,S_NOUN_1_PASS_b,F,S,la chemise avec le raisin était brisée <eos>,6,brisée,brisé,4,M,brisée,-8.348362,brisé,-13.22724,1
1022,S_NOUN_1_PASS_b,F,S,la chemise avec le raisin était cachée <eos>,6,cachée,caché,4,M,cachée,-8.659198,caché,-10.989137,1
1023,S_NOUN_1_PASS_b,F,S,la chemise avec le raisin était cassée <eos>,6,cassée,cassé,4,M,cassée,-7.7191143,cassé,-10.228641,1
1024,S_NOUN_1_PASS_b,F,S,la chemise avec le raisin était couverte <eos>,6,couverte,couvert,4,M,couverte,-5.569289,couvert,-9.440876,1
1025,S_NOUN_1_PASS_b,F,S,la chemise avec le raisin était déformée <eos>,6,déformée,déformé,4,M,déformée,-9.3238945,déformé,-13.570397,1
1026,S_NOUN_1_PASS_b,F,S,la chemise avec le raisin était fixée <eos>,6,fixée,fixé,4,M,fixée,-4.7616553,fixé,-8.04212,1
1027,S_NOUN_1_PASS_b,F,S,la chemise avec le raisin était jetée <eos>,6,jetée,jeté,4,M,jetée,-8.340921,jeté,-10.969274,1
1028,S_NOUN_1_PASS_b,F,S,la chemise avec le raisin était laissée <eos>,6,laissée,laissé,4,M,laissée,-7.3484116,laissé,-10.62194,1
1029,S_NOUN_1_PASS_b,F,S,la chemise avec le raisin était ouverte <eos>,6,ouverte,ouvert,4,M,ouverte,-5.4789963,ouvert,-9.829093,1
1030,S_NOUN_1_PASS_b,F,S,la chemise avec le raisin était perdue <eos>,6,perdue,perdu,4,M,perdue,-8.78799,perdu,-11.924163,1
1031,S_NOUN_1_PASS_b,F,S,la chemise avec le raisin était réparée <eos>,6,réparée,réparé,4,M,réparée,-10.8121395,réparé,-14.81053,1
1032,S_NOUN_1_PASS_b,F,S,la chemise avec le raisin était retirée <eos>,6,retirée,retiré,4,M,retirée,-6.691057,retiré,-9.063776,1
1033,S_NOUN_1_PASS_b,F,S,la chemise avec le raisin était tombée <eos>,6,tombée,tombé,4,M,tombée,-7.426511,tombé,-10.658327,1
1034,S_NOUN_1_PASS_b,F,S,la chemise avec le raisin était utilisée <eos>,6,utilisée,utilisé,4,M,utilisée,-4.2312536,utilisé,-7.446249,1
1035,S_NOUN_1_PASS_b,F,S,la chemise avec le chargeur était achetée <eos>,6,achetée,acheté,4,M,achetée,-9.991511,acheté,-12.223293,1
1036,S_NOUN_1_PASS_b,F,S,la chemise avec le chargeur était brisée <eos>,6,brisée,brisé,4,M,brisée,-7.7177124,brisé,-10.919142,1
1037,S_NOUN_1_PASS_b,F,S,la chemise avec le chargeur était cachée <eos>,6,cachée,caché,4,M,cachée,-7.76461,caché,-10.341658,1
1038,S_NOUN_1_PASS_b,F,S,la chemise avec le chargeur était cassée <eos>,6,cassée,cassé,4,M,cassée,-7.409909,cassé,-9.8808155,1
1039,S_NOUN_1_PASS_b,F,S,la chemise avec le chargeur était couverte <eos>,6,couverte,couvert,4,M,couverte,-5.2043924,couvert,-8.787614,1
1040,S_NOUN_1_PASS_b,F,S,la chemise avec le chargeur était déformée <eos>,6,déformée,déformé,4,M,déformée,-8.7353735,déformé,-12.919665,1
1041,S_NOUN_1_PASS_b,F,S,la chemise avec le chargeur était fixée <eos>,6,fixée,fixé,4,M,fixée,-4.690175,fixé,-7.4870777,1
1042,S_NOUN_1_PASS_b,F,S,la chemise avec le chargeur était jetée <eos>,6,jetée,jeté,4,M,jetée,-9.565471,jeté,-11.190708,1
1043,S_NOUN_1_PASS_b,F,S,la chemise avec le chargeur était laissée <eos>,6,laissée,laissé,4,M,laissée,-7.921719,laissé,-10.749626,1
1044,S_NOUN_1_PASS_b,F,S,la chemise avec le chargeur était ouverte <eos>,6,ouverte,ouvert,4,M,ouverte,-5.634947,ouvert,-9.433365,1
1045,S_NOUN_1_PASS_b,F,S,la chemise avec le chargeur était perdue <eos>,6,perdue,perdu,4,M,perdue,-9.51063,perdu,-11.6365185,1
1046,S_NOUN_1_PASS_b,F,S,la chemise avec le chargeur était réparée <eos>,6,réparée,réparé,4,M,réparée,-9.485764,réparé,-14.50722,1
1047,S_NOUN_1_PASS_b,F,S,la chemise avec le chargeur était retirée <eos>,6,retirée,retiré,4,M,retirée,-7.100311,retiré,-8.701273,1
1048,S_NOUN_1_PASS_b,F,S,la chemise avec le chargeur était tombée <eos>,6,tombée,tombé,4,M,tombée,-8.942529,tombé,-10.595011,1
1049,S_NOUN_1_PASS_b,F,S,la chemise avec le chargeur était utilisée <eos>,6,utilisée,utilisé,4,M,utilisée,-4.7706795,utilisé,-7.529294,1
1050,S_NOUN_1_PASS_b,F,S,la chemise avec le vase était achetée <eos>,6,achetée,acheté,4,M,achetée,-8.768187,acheté,-11.622982,1
1051,S_NOUN_1_PASS_b,F,S,la chemise avec le vase était brisée <eos>,6,brisée,brisé,4,M,brisée,-7.0569506,brisé,-10.608998,1
1052,S_NOUN_1_PASS_b,F,S,la chemise avec le vase était cachée <eos>,6,cachée,caché,4,M,cachée,-7.4556494,caché,-10.003067,1
1053,S_NOUN_1_PASS_b,F,S,la chemise avec le vase était cassée <eos>,6,cassée,cassé,4,M,cassée,-7.7923136,cassé,-10.146149,1
1054,S_NOUN_1_PASS_b,F,S,la chemise avec le vase était couverte <eos>,6,couverte,couvert,4,M,couverte,-4.2412333,couvert,-8.245266,1
1055,S_NOUN_1_PASS_b,F,S,la chemise avec le vase était déformée <eos>,6,déformée,déformé,4,M,déformée,-9.474413,déformé,-13.077152,1
1056,S_NOUN_1_PASS_b,F,S,la chemise avec le vase était fixée <eos>,6,fixée,fixé,4,M,fixée,-4.757128,fixé,-7.7945185,1
1057,S_NOUN_1_PASS_b,F,S,la chemise avec le vase était jetée <eos>,6,jetée,jeté,4,M,jetée,-8.863323,jeté,-10.175838,1
1058,S_NOUN_1_PASS_b,F,S,la chemise avec le vase était laissée <eos>,6,laissée,laissé,4,M,laissée,-7.333289,laissé,-10.031328,1
1059,S_NOUN_1_PASS_b,F,S,la chemise avec le vase était ouverte <eos>,6,ouverte,ouvert,4,M,ouverte,-5.3445024,ouvert,-9.635564,1
1060,S_NOUN_1_PASS_b,F,S,la chemise avec le vase était perdue <eos>,6,perdue,perdu,4,M,perdue,-8.113814,perdu,-10.881915,1
1061,S_NOUN_1_PASS_b,F,S,la chemise avec le vase était réparée <eos>,6,réparée,réparé,4,M,réparée,-9.505731,réparé,-13.708153,1
1062,S_NOUN_1_PASS_b,F,S,la chemise avec le vase était retirée <eos>,6,retirée,retiré,4,M,retirée,-6.9348407,retiré,-9.4926815,1
1063,S_NOUN_1_PASS_b,F,S,la chemise avec le vase était tombée <eos>,6,tombée,tombé,4,M,tombée,-7.335846,tombé,-10.018854,1
1064,S_NOUN_1_PASS_b,F,S,la chemise avec le vase était utilisée <eos>,6,utilisée,utilisé,4,M,utilisée,-4.4910545,utilisé,-7.5221004,1
1065,S_NOUN_1_PASS_b,F,S,la chemise avec le panier était achetée <eos>,6,achetée,acheté,4,M,achetée,-9.566942,acheté,-12.359937,1
1066,S_NOUN_1_PASS_b,F,S,la chemise avec le panier était brisée <eos>,6,brisée,brisé,4,M,brisée,-7.827729,brisé,-11.15386,1
1067,S_NOUN_1_PASS_b,F,S,la chemise avec le panier était cachée <eos>,6,cachée,caché,4,M,cachée,-7.9719143,caché,-10.308589,1
1068,S_NOUN_1_PASS_b,F,S,la chemise avec le panier était cassée <eos>,6,cassée,cassé,4,M,cassée,-7.8260403,cassé,-10.039412,1
1069,S_NOUN_1_PASS_b,F,S,la chemise avec le panier était couverte <eos>,6,couverte,couvert,4,M,couverte,-5.014619,couvert,-8.384246,1
1070,S_NOUN_1_PASS_b,F,S,la chemise avec le panier était déformée <eos>,6,déformée,déformé,4,M,déformée,-8.974796,déformé,-13.381512,1
1071,S_NOUN_1_PASS_b,F,S,la chemise avec le panier était fixée <eos>,6,fixée,fixé,4,M,fixée,-4.8399143,fixé,-7.2444715,1
1072,S_NOUN_1_PASS_b,F,S,la chemise avec le panier était jetée <eos>,6,jetée,jeté,4,M,jetée,-9.588764,jeté,-11.132071,1
1073,S_NOUN_1_PASS_b,F,S,la chemise avec le panier était laissée <eos>,6,laissée,laissé,4,M,laissée,-7.289753,laissé,-10.520842,1
1074,S_NOUN_1_PASS_b,F,S,la chemise avec le panier était ouverte <eos>,6,ouverte,ouvert,4,M,ouverte,-5.6001177,ouvert,-9.405057,1
1075,S_NOUN_1_PASS_b,F,S,la chemise avec le panier était perdue <eos>,6,perdue,perdu,4,M,perdue,-9.367699,perdu,-12.042815,1
1076,S_NOUN_1_PASS_b,F,S,la chemise avec le panier était réparée <eos>,6,réparée,réparé,4,M,réparée,-10.192621,réparé,-14.439429,1
1077,S_NOUN_1_PASS_b,F,S,la chemise avec le panier était retirée <eos>,6,retirée,retiré,4,M,retirée,-6.8396635,retiré,-9.286651,1
1078,S_NOUN_1_PASS_b,F,S,la chemise avec le panier était tombée <eos>,6,tombée,tombé,4,M,tombée,-7.984496,tombé,-10.284725,1
1079,S_NOUN_1_PASS_b,F,S,la chemise avec le panier était utilisée <eos>,6,utilisée,utilisé,4,M,utilisée,-4.791975,utilisé,-7.20866,1
1080,S_NOUN_1_PASS_b,F,S,la chemise avec le collier était achetée <eos>,6,achetée,acheté,4,M,achetée,-8.685201,acheté,-11.578091,1
1081,S_NOUN_1_PASS_b,F,S,la chemise avec le collier était brisée <eos>,6,brisée,brisé,4,M,brisée,-7.544881,brisé,-10.681214,1
1082,S_NOUN_1_PASS_b,F,S,la chemise avec le collier était cachée <eos>,6,cachée,caché,4,M,cachée,-7.6000714,caché,-9.772364,1
1083,S_NOUN_1_PASS_b,F,S,la chemise avec le collier était cassée <eos>,6,cassée,cassé,4,M,cassée,-8.407761,cassé,-9.522302,1
1084,S_NOUN_1_PASS_b,F,S,la chemise avec le collier était couverte <eos>,6,couverte,couvert,4,M,couverte,-5.231671,couvert,-8.639306,1
1085,S_NOUN_1_PASS_b,F,S,la chemise avec le collier était déformée <eos>,6,déformée,déformé,4,M,déformée,-9.8199215,déformé,-12.6088295,1
1086,S_NOUN_1_PASS_b,F,S,la chemise avec le collier était fixée <eos>,6,fixée,fixé,4,M,fixée,-5.1354723,fixé,-7.5226336,1
1087,S_NOUN_1_PASS_b,F,S,la chemise avec le collier était jetée <eos>,6,jetée,jeté,4,M,jetée,-9.869953,jeté,-10.143261,1
1088,S_NOUN_1_PASS_b,F,S,la chemise avec le collier était laissée <eos>,6,laissée,laissé,4,M,laissée,-7.8490853,laissé,-10.285709,1
1089,S_NOUN_1_PASS_b,F,S,la chemise avec le collier était ouverte <eos>,6,ouverte,ouvert,4,M,ouverte,-5.768264,ouvert,-9.833196,1
1090,S_NOUN_1_PASS_b,F,S,la chemise avec le collier était perdue <eos>,6,perdue,perdu,4,M,perdue,-9.099133,perdu,-11.700693,1
1091,S_NOUN_1_PASS_b,F,S,la chemise avec le collier était réparée <eos>,6,réparée,réparé,4,M,réparée,-10.860391,réparé,-14.617733,1
1092,S_NOUN_1_PASS_b,F,S,la chemise avec le collier était retirée <eos>,6,retirée,retiré,4,M,retirée,-7.1585436,retiré,-8.86236,1
1093,S_NOUN_1_PASS_b,F,S,la chemise avec le collier était tombée <eos>,6,tombée,tombé,4,M,tombée,-7.8590417,tombé,-9.614082,1
1094,S_NOUN_1_PASS_b,F,S,la chemise avec le collier était utilisée <eos>,6,utilisée,utilisé,4,M,utilisée,-4.831547,utilisé,-7.1211386,1
1095,S_NOUN_1_PASS_b,F,S,la chemise avec le chapeau était achetée <eos>,6,achetée,acheté,4,M,achetée,-8.8751955,acheté,-11.577025,1
1096,S_NOUN_1_PASS_b,F,S,la chemise avec le chapeau était brisée <eos>,6,brisée,brisé,4,M,brisée,-7.4670944,brisé,-11.643282,1
1097,S_NOUN_1_PASS_b,F,S,la chemise avec le chapeau était cachée <eos>,6,cachée,caché,4,M,cachée,-8.179514,caché,-10.413476,1
1098,S_NOUN_1_PASS_b,F,S,la chemise avec le chapeau était cassée <eos>,6,cassée,cassé,4,M,cassée,-8.052071,cassé,-9.587774,1
1099,S_NOUN_1_PASS_b,F,S,la chemise avec le chapeau était couverte <eos>,6,couverte,couvert,4,M,couverte,-4.5659604,couvert,-8.731892,1
1100,S_NOUN_1_PASS_b,F,S,la chemise avec le chapeau était déformée <eos>,6,déformée,déformé,4,M,déformée,-8.945531,déformé,-12.207367,1
1101,S_NOUN_1_PASS_b,F,S,la chemise avec le chapeau était fixée <eos>,6,fixée,fixé,4,M,fixée,-5.034155,fixé,-7.6412153,1
1102,S_NOUN_1_PASS_b,F,S,la chemise avec le chapeau était jetée <eos>,6,jetée,jeté,4,M,jetée,-9.460754,jeté,-10.583281,1
1103,S_NOUN_1_PASS_b,F,S,la chemise avec le chapeau était laissée <eos>,6,laissée,laissé,4,M,laissée,-7.5834765,laissé,-10.583494,1
1104,S_NOUN_1_PASS_b,F,S,la chemise avec le chapeau était ouverte <eos>,6,ouverte,ouvert,4,M,ouverte,-5.6724496,ouvert,-10.218838,1
1105,S_NOUN_1_PASS_b,F,S,la chemise avec le chapeau était perdue <eos>,6,perdue,perdu,4,M,perdue,-9.481909,perdu,-12.020729,1
1106,S_NOUN_1_PASS_b,F,S,la chemise avec le chapeau était réparée <eos>,6,réparée,réparé,4,M,réparée,-10.212122,réparé,-14.764749,1
1107,S_NOUN_1_PASS_b,F,S,la chemise avec le chapeau était retirée <eos>,6,retirée,retiré,4,M,retirée,-7.143693,retiré,-8.824351,1
1108,S_NOUN_1_PASS_b,F,S,la chemise avec le chapeau était tombée <eos>,6,tombée,tombé,4,M,tombée,-8.003562,tombé,-9.959541,1
1109,S_NOUN_1_PASS_b,F,S,la chemise avec le chapeau était utilisée <eos>,6,utilisée,utilisé,4,M,utilisée,-4.5408587,utilisé,-7.36165,1
1110,S_NOUN_1_PASS_b,F,S,la chemise avec le pot était achetée <eos>,6,achetée,acheté,4,M,achetée,-8.831816,acheté,-11.08042,1
1111,S_NOUN_1_PASS_b,F,S,la chemise avec le pot était brisée <eos>,6,brisée,brisé,4,M,brisée,-7.577425,brisé,-10.537724,1
1112,S_NOUN_1_PASS_b,F,S,la chemise avec le pot était cachée <eos>,6,cachée,caché,4,M,cachée,-7.9185896,caché,-9.462284,1
1113,S_NOUN_1_PASS_b,F,S,la chemise avec le pot était cassée <eos>,6,cassée,cassé,4,M,cassée,-7.9773016,cassé,-9.713266,1
1114,S_NOUN_1_PASS_b,F,S,la chemise avec le pot était couverte <eos>,6,couverte,couvert,4,M,couverte,-5.6430116,couvert,-8.266449,1
1115,S_NOUN_1_PASS_b,F,S,la chemise avec le pot était déformée <eos>,6,déformée,déformé,4,M,déformée,-9.265076,déformé,-12.249277,1
1116,S_NOUN_1_PASS_b,F,S,la chemise avec le pot était fixée <eos>,6,fixée,fixé,4,M,fixée,-4.7979984,fixé,-6.9325466,1
1117,S_NOUN_1_PASS_b,F,S,la chemise avec le pot était jetée <eos>,6,jetée,jeté,4,M,jetée,-8.759057,jeté,-10.053075,1
1118,S_NOUN_1_PASS_b,F,S,la chemise avec le pot était laissée <eos>,6,laissée,laissé,4,M,laissée,-7.4267287,laissé,-9.999237,1
1119,S_NOUN_1_PASS_b,F,S,la chemise avec le pot était ouverte <eos>,6,ouverte,ouvert,4,M,ouverte,-5.945553,ouvert,-9.029075,1
1120,S_NOUN_1_PASS_b,F,S,la chemise avec le pot était perdue <eos>,6,perdue,perdu,4,M,perdue,-8.778207,perdu,-11.178675,1
1121,S_NOUN_1_PASS_b,F,S,la chemise avec le pot était réparée <eos>,6,réparée,réparé,4,M,réparée,-10.122367,réparé,-13.473585,1
1122,S_NOUN_1_PASS_b,F,S,la chemise avec le pot était retirée <eos>,6,retirée,retiré,4,M,retirée,-6.9642897,retiré,-8.279673,1
1123,S_NOUN_1_PASS_b,F,S,la chemise avec le pot était tombée <eos>,6,tombée,tombé,4,M,tombée,-7.1745696,tombé,-9.400448,1
1124,S_NOUN_1_PASS_b,F,S,la chemise avec le pot était utilisée <eos>,6,utilisée,utilisé,4,M,utilisée,-4.4710712,utilisé,-6.5786495,1
1125,S_NOUN_1_PASS_b,F,S,la chemise avec le coussin était achetée <eos>,6,achetée,acheté,4,M,achetée,-9.255322,acheté,-12.066324,1
1126,S_NOUN_1_PASS_b,F,S,la chemise avec le coussin était brisée <eos>,6,brisée,brisé,4,M,brisée,-7.1675553,brisé,-11.2999325,1
1127,S_NOUN_1_PASS_b,F,S,la chemise avec le coussin était cachée <eos>,6,cachée,caché,4,M,cachée,-7.6971426,caché,-9.910924,1
1128,S_NOUN_1_PASS_b,F,S,la chemise avec le coussin était cassée <eos>,6,cassée,cassé,4,M,cassée,-7.4177327,cassé,-9.589453,1
1129,S_NOUN_1_PASS_b,F,S,la chemise avec le coussin était couverte <eos>,6,couverte,couvert,4,M,couverte,-4.728387,couvert,-8.555915,1
1130,S_NOUN_1_PASS_b,F,S,la chemise avec le coussin était déformée <eos>,6,déformée,déformé,4,M,déformée,-9.965729,déformé,-13.237077,1
1131,S_NOUN_1_PASS_b,F,S,la chemise avec le coussin était fixée <eos>,6,fixée,fixé,4,M,fixée,-4.3169093,fixé,-7.463841,1
1132,S_NOUN_1_PASS_b,F,S,la chemise avec le coussin était jetée <eos>,6,jetée,jeté,4,M,jetée,-9.96336,jeté,-10.988133,1
1133,S_NOUN_1_PASS_b,F,S,la chemise avec le coussin était laissée <eos>,6,laissée,laissé,4,M,laissée,-7.421917,laissé,-10.397652,1
1134,S_NOUN_1_PASS_b,F,S,la chemise avec le coussin était ouverte <eos>,6,ouverte,ouvert,4,M,ouverte,-4.93445,ouvert,-9.616922,1
1135,S_NOUN_1_PASS_b,F,S,la chemise avec le coussin était perdue <eos>,6,perdue,perdu,4,M,perdue,-9.808202,perdu,-12.382781,1
1136,S_NOUN_1_PASS_b,F,S,la chemise avec le coussin était réparée <eos>,6,réparée,réparé,4,M,réparée,-10.431044,réparé,-15.201738,1
1137,S_NOUN_1_PASS_b,F,S,la chemise avec le coussin était retirée <eos>,6,retirée,retiré,4,M,retirée,-7.468305,retiré,-9.6877,1
1138,S_NOUN_1_PASS_b,F,S,la chemise avec le coussin était tombée <eos>,6,tombée,tombé,4,M,tombée,-9.106115,tombé,-10.861422,1
1139,S_NOUN_1_PASS_b,F,S,la chemise avec le coussin était utilisée <eos>,6,utilisée,utilisé,4,M,utilisée,-4.864558,utilisé,-7.5942707,1
1140,S_NOUN_1_PASS_b,F,S,la chemise avec le jouet était achetée <eos>,6,achetée,acheté,4,M,achetée,-8.750374,acheté,-11.657488,1
1141,S_NOUN_1_PASS_b,F,S,la chemise avec le jouet était brisée <eos>,6,brisée,brisé,4,M,brisée,-7.818385,brisé,-11.043453,1
1142,S_NOUN_1_PASS_b,F,S,la chemise avec le jouet était cachée <eos>,6,cachée,caché,4,M,cachée,-7.1927137,caché,-9.931973,1
1143,S_NOUN_1_PASS_b,F,S,la chemise avec le jouet était cassée <eos>,6,cassée,cassé,4,M,cassée,-8.077023,cassé,-10.895517,1
1144,S_NOUN_1_PASS_b,F,S,la chemise avec le jouet était couverte <eos>,6,couverte,couvert,4,M,couverte,-5.1253366,couvert,-9.129235,1
1145,S_NOUN_1_PASS_b,F,S,la chemise avec le jouet était déformée <eos>,6,déformée,déformé,4,M,déformée,-9.902961,déformé,-13.256988,1
1146,S_NOUN_1_PASS_b,F,S,la chemise avec le jouet était fixée <eos>,6,fixée,fixé,4,M,fixée,-4.9380474,fixé,-8.063878,1
1147,S_NOUN_1_PASS_b,F,S,la chemise avec le jouet était jetée <eos>,6,jetée,jeté,4,M,jetée,-9.972437,jeté,-10.702979,1
1148,S_NOUN_1_PASS_b,F,S,la chemise avec le jouet était laissée <eos>,6,laissée,laissé,4,M,laissée,-7.600056,laissé,-10.440165,1
1149,S_NOUN_1_PASS_b,F,S,la chemise avec le jouet était ouverte <eos>,6,ouverte,ouvert,4,M,ouverte,-5.483176,ouvert,-9.501707,1
1150,S_NOUN_1_PASS_b,F,S,la chemise avec le jouet était perdue <eos>,6,perdue,perdu,4,M,perdue,-9.433256,perdu,-11.843212,1
1151,S_NOUN_1_PASS_b,F,S,la chemise avec le jouet était réparée <eos>,6,réparée,réparé,4,M,réparée,-10.559009,réparé,-14.335904,1
1152,S_NOUN_1_PASS_b,F,S,la chemise avec le jouet était retirée <eos>,6,retirée,retiré,4,M,retirée,-7.7447085,retiré,-10.260838,1
1153,S_NOUN_1_PASS_b,F,S,la chemise avec le jouet était tombée <eos>,6,tombée,tombé,4,M,tombée,-7.5614076,tombé,-9.35849,1
1154,S_NOUN_1_PASS_b,F,S,la chemise avec le jouet était utilisée <eos>,6,utilisée,utilisé,4,M,utilisée,-4.3431816,utilisé,-6.877447,1
1155,S_NOUN_1_PASS_b,F,S,la chemise avec le clou était achetée <eos>,6,achetée,acheté,4,M,achetée,-9.124248,acheté,-12.500118,1
1156,S_NOUN_1_PASS_b,F,S,la chemise avec le clou était brisée <eos>,6,brisée,brisé,4,M,brisée,-7.749646,brisé,-11.43993,1
1157,S_NOUN_1_PASS_b,F,S,la chemise avec le clou était cachée <eos>,6,cachée,caché,4,M,cachée,-7.941433,caché,-10.91996,1
1158,S_NOUN_1_PASS_b,F,S,la chemise avec le clou était cassée <eos>,6,cassée,cassé,4,M,cassée,-8.075065,cassé,-10.274688,1
1159,S_NOUN_1_PASS_b,F,S,la chemise avec le clou était couverte <eos>,6,couverte,couvert,4,M,couverte,-4.879613,couvert,-8.853896,1
1160,S_NOUN_1_PASS_b,F,S,la chemise avec le clou était déformée <eos>,6,déformée,déformé,4,M,déformée,-9.042812,déformé,-13.262001,1
1161,S_NOUN_1_PASS_b,F,S,la chemise avec le clou était fixée <eos>,6,fixée,fixé,4,M,fixée,-4.230891,fixé,-7.233122,1
1162,S_NOUN_1_PASS_b,F,S,la chemise avec le clou était jetée <eos>,6,jetée,jeté,4,M,jetée,-8.776567,jeté,-10.7241,1
1163,S_NOUN_1_PASS_b,F,S,la chemise avec le clou était laissée <eos>,6,laissée,laissé,4,M,laissée,-7.1817083,laissé,-10.705576,1
1164,S_NOUN_1_PASS_b,F,S,la chemise avec le clou était ouverte <eos>,6,ouverte,ouvert,4,M,ouverte,-5.9670925,ouvert,-10.281923,1
1165,S_NOUN_1_PASS_b,F,S,la chemise avec le clou était perdue <eos>,6,perdue,perdu,4,M,perdue,-8.676209,perdu,-11.700972,1
1166,S_NOUN_1_PASS_b,F,S,la chemise avec le clou était réparée <eos>,6,réparée,réparé,4,M,réparée,-10.226273,réparé,-14.774507,1
1167,S_NOUN_1_PASS_b,F,S,la chemise avec le clou était retirée <eos>,6,retirée,retiré,4,M,retirée,-6.1238894,retiré,-8.72356,1
1168,S_NOUN_1_PASS_b,F,S,la chemise avec le clou était tombée <eos>,6,tombée,tombé,4,M,tombée,-6.958723,tombé,-9.776162,1
1169,S_NOUN_1_PASS_b,F,S,la chemise avec le clou était utilisée <eos>,6,utilisée,utilisé,4,M,utilisée,-4.153517,utilisé,-7.1663074,1
1170,S_NOUN_1_PASS_b,F,S,la chemise avec le billet était achetée <eos>,6,achetée,acheté,4,M,achetée,-8.760487,acheté,-10.971468,1
1171,S_NOUN_1_PASS_b,F,S,la chemise avec le billet était brisée <eos>,6,brisée,brisé,4,M,brisée,-8.2593565,brisé,-10.7308035,1
1172,S_NOUN_1_PASS_b,F,S,la chemise avec le billet était cachée <eos>,6,cachée,caché,4,M,cachée,-7.906365,caché,-9.537614,1
1173,S_NOUN_1_PASS_b,F,S,la chemise avec le billet était cassée <eos>,6,cassée,cassé,4,M,cassée,-9.043591,cassé,-10.245649,1
1174,S_NOUN_1_PASS_b,F,S,la chemise avec le billet était couverte <eos>,6,couverte,couvert,4,M,couverte,-5.7120104,couvert,-8.181229,1
1175,S_NOUN_1_PASS_b,F,S,la chemise avec le billet était déformée <eos>,6,déformée,déformé,4,M,déformée,-9.251435,déformé,-12.60417,1
1176,S_NOUN_1_PASS_b,F,S,la chemise avec le billet était fixée <eos>,6,fixée,fixé,4,M,fixée,-4.872593,fixé,-6.3962965,1
1177,S_NOUN_1_PASS_b,F,S,la chemise avec le billet était jetée <eos>,6,jetée,jeté,4,M,jetée,-9.380485,jeté,-10.11895,1
1178,S_NOUN_1_PASS_b,F,S,la chemise avec le billet était laissée <eos>,6,laissée,laissé,4,M,laissée,-7.7787485,laissé,-9.461569,1
1179,S_NOUN_1_PASS_b,F,S,la chemise avec le billet était ouverte <eos>,6,ouverte,ouvert,4,M,ouverte,-5.8122964,ouvert,-9.30629,1
1180,S_NOUN_1_PASS_b,F,S,la chemise avec le billet était perdue <eos>,6,perdue,perdu,4,M,perdue,-9.129859,perdu,-10.354274,1
1181,S_NOUN_1_PASS_b,F,S,la chemise avec le billet était réparée <eos>,6,réparée,réparé,4,M,réparée,-10.81287,réparé,-13.978571,1
1182,S_NOUN_1_PASS_b,F,S,la chemise avec le billet était retirée <eos>,6,retirée,retiré,4,M,retirée,-7.2238665,retiré,-7.7591,1
1183,S_NOUN_1_PASS_b,F,S,la chemise avec le billet était tombée <eos>,6,tombée,tombé,4,M,tombée,-7.757803,tombé,-9.261693,1
1184,S_NOUN_1_PASS_b,F,S,la chemise avec le billet était utilisée <eos>,6,utilisée,utilisé,4,M,utilisée,-5.1478124,utilisé,-6.767941,1
1185,S_NOUN_1_PASS_b,F,S,la chemise avec le légume était achetée <eos>,6,achetée,acheté,4,M,achetée,-9.064991,acheté,-11.27877,1
1186,S_NOUN_1_PASS_b,F,S,la chemise avec le légume était brisée <eos>,6,brisée,brisé,4,M,brisée,-8.699864,brisé,-11.768391,1
1187,S_NOUN_1_PASS_b,F,S,la chemise avec le légume était cachée <eos>,6,cachée,caché,4,M,cachée,-8.3169,caché,-10.307056,1
1188,S_NOUN_1_PASS_b,F,S,la chemise avec le légume était cassée <eos>,6,cassée,cassé,4,M,cassée,-8.1567,cassé,-10.213732,1
1189,S_NOUN_1_PASS_b,F,S,la chemise avec le légume était couverte <eos>,6,couverte,couvert,4,M,couverte,-5.613148,couvert,-9.297634,1
1190,S_NOUN_1_PASS_b,F,S,la chemise avec le légume était déformée <eos>,6,déformée,déformé,4,M,déformée,-10.309775,déformé,-13.977404,1
1191,S_NOUN_1_PASS_b,F,S,la chemise avec le légume était fixée <eos>,6,fixée,fixé,4,M,fixée,-5.9288325,fixé,-8.474081,1
1192,S_NOUN_1_PASS_b,F,S,la chemise avec le légume était jetée <eos>,6,jetée,jeté,4,M,jetée,-8.817924,jeté,-11.180775,1
1193,S_NOUN_1_PASS_b,F,S,la chemise avec le légume était laissée <eos>,6,laissée,laissé,4,M,laissée,-6.6809444,laissé,-10.241505,1
1194,S_NOUN_1_PASS_b,F,S,la chemise avec le légume était ouverte <eos>,6,ouverte,ouvert,4,M,ouverte,-6.056587,ouvert,-10.595159,1
1195,S_NOUN_1_PASS_b,F,S,la chemise avec le légume était perdue <eos>,6,perdue,perdu,4,M,perdue,-7.937105,perdu,-11.348906,1
1196,S_NOUN_1_PASS_b,F,S,la chemise avec le légume était réparée <eos>,6,réparée,réparé,4,M,réparée,-11.880632,réparé,-14.701277,1
1197,S_NOUN_1_PASS_b,F,S,la chemise avec le légume était retirée <eos>,6,retirée,retiré,4,M,retirée,-7.1038237,retiré,-9.37462,1
1198,S_NOUN_1_PASS_b,F,S,la chemise avec le légume était tombée <eos>,6,tombée,tombé,4,M,tombée,-7.153822,tombé,-10.115113,1
1199,S_NOUN_1_PASS_b,F,S,la chemise avec le légume était utilisée <eos>,6,utilisée,utilisé,4,M,utilisée,-3.874199,utilisé,-6.5984106,1
1200,S_NOUN_1_PASS_b,F,S,la recette avec le bracelet était achetée <eos>,6,achetée,acheté,4,M,achetée,-9.184503,acheté,-10.940545,1
1201,S_NOUN_1_PASS_b,F,S,la recette avec le bracelet était brisée <eos>,6,brisée,brisé,4,M,brisée,-8.509342,brisé,-10.984433,1
1202,S_NOUN_1_PASS_b,F,S,la recette avec le bracelet était cachée <eos>,6,cachée,caché,4,M,cachée,-8.756493,caché,-9.862425,1
1203,S_NOUN_1_PASS_b,F,S,la recette avec le bracelet était cassée <eos>,6,cassée,cassé,4,M,cassée,-8.509106,cassé,-10.95905,1
1204,S_NOUN_1_PASS_b,F,S,la recette avec le bracelet était couverte <eos>,6,couverte,couvert,4,M,couverte,-7.593602,couvert,-9.809967,1
1205,S_NOUN_1_PASS_b,F,S,la recette avec le bracelet était déformée <eos>,6,déformée,déformé,4,M,déformée,-10.980728,déformé,-13.636614,1
1206,S_NOUN_1_PASS_b,F,S,la recette avec le bracelet était fixée <eos>,6,fixée,fixé,4,M,fixée,-4.398404,fixé,-6.6557083,1
1207,S_NOUN_1_PASS_b,F,S,la recette avec le bracelet était jetée <eos>,6,jetée,jeté,4,M,jetée,-10.328266,jeté,-11.272984,1
1208,S_NOUN_1_PASS_b,F,S,la recette avec le bracelet était laissée <eos>,6,laissée,laissé,4,M,laissée,-8.506897,laissé,-10.683317,1
1209,S_NOUN_1_PASS_b,F,S,la recette avec le bracelet était ouverte <eos>,6,ouverte,ouvert,4,M,ouverte,-7.284005,ouvert,-10.185636,1
1210,S_NOUN_1_PASS_b,F,S,la recette avec le bracelet était perdue <eos>,6,perdue,perdu,4,M,perdue,-8.144414,perdu,-11.25299,1
1211,S_NOUN_1_PASS_b,F,S,la recette avec le bracelet était réparée <eos>,6,réparée,réparé,4,M,réparée,-12.157442,réparé,-15.138701,1
1212,S_NOUN_1_PASS_b,F,S,la recette avec le bracelet était retirée <eos>,6,retirée,retiré,4,M,retirée,-8.936278,retiré,-9.85177,1
1213,S_NOUN_1_PASS_b,F,S,la recette avec le bracelet était tombée <eos>,6,tombée,tombé,4,M,tombée,-8.831513,tombé,-9.823617,1
1214,S_NOUN_1_PASS_b,F,S,la recette avec le bracelet était utilisée <eos>,6,utilisée,utilisé,4,M,utilisée,-4.781032,utilisé,-6.6115613,1
1215,S_NOUN_1_PASS_b,F,S,la recette avec le miroir était achetée <eos>,6,achetée,acheté,4,M,achetée,-9.265645,acheté,-11.324975,1
1216,S_NOUN_1_PASS_b,F,S,la recette avec le miroir était brisée <eos>,6,brisée,brisé,4,M,brisée,-7.4770684,brisé,-10.498085,1
1217,S_NOUN_1_PASS_b,F,S,la recette avec le miroir était cachée <eos>,6,cachée,caché,4,M,cachée,-8.099374,caché,-9.812987,1
1218,S_NOUN_1_PASS_b,F,S,la recette avec le miroir était cassée <eos>,6,cassée,cassé,4,M,cassée,-7.7723546,cassé,-10.179924,1
1219,S_NOUN_1_PASS_b,F,S,la recette avec le miroir était couverte <eos>,6,couverte,couvert,4,M,couverte,-6.914852,couvert,-9.658386,1
1220,S_NOUN_1_PASS_b,F,S,la recette avec le miroir était déformée <eos>,6,déformée,déformé,4,M,déformée,-9.633152,déformé,-13.57765,1
1221,S_NOUN_1_PASS_b,F,S,la recette avec le miroir était fixée <eos>,6,fixée,fixé,4,M,fixée,-5.1846676,fixé,-7.626485,1
1222,S_NOUN_1_PASS_b,F,S,la recette avec le miroir était jetée <eos>,6,jetée,jeté,4,M,jetée,-9.340537,jeté,-11.488516,1
1223,S_NOUN_1_PASS_b,F,S,la recette avec le miroir était laissée <eos>,6,laissée,laissé,4,M,laissée,-7.954977,laissé,-10.713328,1
1224,S_NOUN_1_PASS_b,F,S,la recette avec le miroir était ouverte <eos>,6,ouverte,ouvert,4,M,ouverte,-6.6858473,ouvert,-10.6560955,1
1225,S_NOUN_1_PASS_b,F,S,la recette avec le miroir était perdue <eos>,6,perdue,perdu,4,M,perdue,-7.3106647,perdu,-11.468977,1
1226,S_NOUN_1_PASS_b,F,S,la recette avec le miroir était réparée <eos>,6,réparée,réparé,4,M,réparée,-11.429546,réparé,-14.198956,1
1227,S_NOUN_1_PASS_b,F,S,la recette avec le miroir était retirée <eos>,6,retirée,retiré,4,M,retirée,-8.194348,retiré,-10.397673,1
1228,S_NOUN_1_PASS_b,F,S,la recette avec le miroir était tombée <eos>,6,tombée,tombé,4,M,tombée,-8.786615,tombé,-10.266064,1
1229,S_NOUN_1_PASS_b,F,S,la recette avec le miroir était utilisée <eos>,6,utilisée,utilisé,4,M,utilisée,-4.7660313,utilisé,-7.1137123,1
1230,S_NOUN_1_PASS_b,F,S,la recette avec le crayon était achetée <eos>,6,achetée,acheté,4,M,achetée,-8.747602,acheté,-11.243781,1
1231,S_NOUN_1_PASS_b,F,S,la recette avec le crayon était brisée <eos>,6,brisée,brisé,4,M,brisée,-8.980867,brisé,-12.666769,1
1232,S_NOUN_1_PASS_b,F,S,la recette avec le crayon était cachée <eos>,6,cachée,caché,4,M,cachée,-8.777502,caché,-10.336049,1
1233,S_NOUN_1_PASS_b,F,S,la recette avec le crayon était cassée <eos>,6,cassée,cassé,4,M,cassée,-8.344058,cassé,-12.39618,1
1234,S_NOUN_1_PASS_b,F,S,la recette avec le crayon était couverte <eos>,6,couverte,couvert,4,M,couverte,-7.1232376,couvert,-10.3444395,1
1235,S_NOUN_1_PASS_b,F,S,la recette avec le crayon était déformée <eos>,6,déformée,déformé,4,M,déformée,-10.011874,déformé,-14.167456,1
1236,S_NOUN_1_PASS_b,F,S,la recette avec le crayon était fixée <eos>,6,fixée,fixé,4,M,fixée,-6.5731506,fixé,-8.871067,1
1237,S_NOUN_1_PASS_b,F,S,la recette avec le crayon était jetée <eos>,6,jetée,jeté,4,M,jetée,-9.78547,jeté,-12.475969,1
1238,S_NOUN_1_PASS_b,F,S,la recette avec le crayon était laissée <eos>,6,laissée,laissé,4,M,laissée,-7.5066166,laissé,-10.955351,1
1239,S_NOUN_1_PASS_b,F,S,la recette avec le crayon était ouverte <eos>,6,ouverte,ouvert,4,M,ouverte,-6.7324185,ouvert,-10.785308,1
1240,S_NOUN_1_PASS_b,F,S,la recette avec le crayon était perdue <eos>,6,perdue,perdu,4,M,perdue,-7.7734365,perdu,-11.222903,1
1241,S_NOUN_1_PASS_b,F,S,la recette avec le crayon était réparée <eos>,6,réparée,réparé,4,M,réparée,-11.9872465,réparé,-14.883244,1
1242,S_NOUN_1_PASS_b,F,S,la recette avec le crayon était retirée <eos>,6,retirée,retiré,4,M,retirée,-8.688318,retiré,-10.153906,1
1243,S_NOUN_1_PASS_b,F,S,la recette avec le crayon était tombée <eos>,6,tombée,tombé,4,M,tombée,-8.835954,tombé,-10.916748,1
1244,S_NOUN_1_PASS_b,F,S,la recette avec le crayon était utilisée <eos>,6,utilisée,utilisé,4,M,utilisée,-3.8997798,utilisé,-6.6191697,1
1245,S_NOUN_1_PASS_b,F,S,la recette avec le rideau était achetée <eos>,6,achetée,acheté,4,M,achetée,-9.68157,acheté,-11.666085,1
1246,S_NOUN_1_PASS_b,F,S,la recette avec le rideau était brisée <eos>,6,brisée,brisé,4,M,brisée,-7.1609683,brisé,-10.174246,1
1247,S_NOUN_1_PASS_b,F,S,la recette avec le rideau était cachée <eos>,6,cachée,caché,4,M,cachée,-8.5437975,caché,-9.924407,1
1248,S_NOUN_1_PASS_b,F,S,la recette avec le rideau était cassée <eos>,6,cassée,cassé,4,M,cassée,-8.462862,cassé,-10.453931,1
1249,S_NOUN_1_PASS_b,F,S,la recette avec le rideau était couverte <eos>,6,couverte,couvert,4,M,couverte,-7.1746283,couvert,-9.177267,1
1250,S_NOUN_1_PASS_b,F,S,la recette avec le rideau était déformée <eos>,6,déformée,déformé,4,M,déformée,-10.049772,déformé,-13.536749,1
1251,S_NOUN_1_PASS_b,F,S,la recette avec le rideau était fixée <eos>,6,fixée,fixé,4,M,fixée,-5.8728924,fixé,-8.075203,1
1252,S_NOUN_1_PASS_b,F,S,la recette avec le rideau était jetée <eos>,6,jetée,jeté,4,M,jetée,-10.7466,jeté,-12.038997,1
1253,S_NOUN_1_PASS_b,F,S,la recette avec le rideau était laissée <eos>,6,laissée,laissé,4,M,laissée,-8.148758,laissé,-10.361351,1
1254,S_NOUN_1_PASS_b,F,S,la recette avec le rideau était ouverte <eos>,6,ouverte,ouvert,4,M,ouverte,-7.217409,ouvert,-10.2909,1
1255,S_NOUN_1_PASS_b,F,S,la recette avec le rideau était perdue <eos>,6,perdue,perdu,4,M,perdue,-8.446081,perdu,-10.978032,1
1256,S_NOUN_1_PASS_b,F,S,la recette avec le rideau était réparée <eos>,6,réparée,réparé,4,M,réparée,-12.085249,réparé,-13.360553,1
1257,S_NOUN_1_PASS_b,F,S,la recette avec le rideau était retirée <eos>,6,retirée,retiré,4,M,retirée,-7.316798,retiré,-9.535963,1
1258,S_NOUN_1_PASS_b,F,S,la recette avec le rideau était tombée <eos>,6,tombée,tombé,4,M,tombée,-8.768835,tombé,-9.373842,1
1259,S_NOUN_1_PASS_b,F,S,la recette avec le rideau était utilisée <eos>,6,utilisée,utilisé,4,M,utilisée,-5.180912,utilisé,-7.2018127,1
1260,S_NOUN_1_PASS_b,F,S,la recette avec le cahier était achetée <eos>,6,achetée,acheté,4,M,achetée,-10.146289,acheté,-10.895853,1
1261,S_NOUN_1_PASS_b,F,S,la recette avec le cahier était brisée <eos>,6,brisée,brisé,4,M,brisée,-9.366216,brisé,-10.968103,1
1262,S_NOUN_1_PASS_b,F,S,la recette avec le cahier était cachée <eos>,6,cachée,caché,4,M,cachée,-10.341846,caché,-10.0247555,0
1263,S_NOUN_1_PASS_b,F,S,la recette avec le cahier était cassée <eos>,6,cassée,cassé,4,M,cassée,-9.612356,cassé,-11.177492,1
1264,S_NOUN_1_PASS_b,F,S,la recette avec le cahier était couverte <eos>,6,couverte,couvert,4,M,couverte,-7.953614,couvert,-9.247723,1
1265,S_NOUN_1_PASS_b,F,S,la recette avec le cahier était déformée <eos>,6,déformée,déformé,4,M,déformée,-11.028707,déformé,-13.503025,1
1266,S_NOUN_1_PASS_b,F,S,la recette avec le cahier était fixée <eos>,6,fixée,fixé,4,M,fixée,-4.7492867,fixé,-6.397401,1
1267,S_NOUN_1_PASS_b,F,S,la recette avec le cahier était jetée <eos>,6,jetée,jeté,4,M,jetée,-10.918582,jeté,-11.517918,1
1268,S_NOUN_1_PASS_b,F,S,la recette avec le cahier était laissée <eos>,6,laissée,laissé,4,M,laissée,-8.6479435,laissé,-10.186657,1
1269,S_NOUN_1_PASS_b,F,S,la recette avec le cahier était ouverte <eos>,6,ouverte,ouvert,4,M,ouverte,-7.56044,ouvert,-9.219702,1
1270,S_NOUN_1_PASS_b,F,S,la recette avec le cahier était perdue <eos>,6,perdue,perdu,4,M,perdue,-8.6025715,perdu,-9.5105715,1
1271,S_NOUN_1_PASS_b,F,S,la recette avec le cahier était réparée <eos>,6,réparée,réparé,4,M,réparée,-12.858098,réparé,-14.563044,1
1272,S_NOUN_1_PASS_b,F,S,la recette avec le cahier était retirée <eos>,6,retirée,retiré,4,M,retirée,-8.301567,retiré,-8.207297,0
1273,S_NOUN_1_PASS_b,F,S,la recette avec le cahier était tombée <eos>,6,tombée,tombé,4,M,tombée,-9.035746,tombé,-9.676064,1
1274,S_NOUN_1_PASS_b,F,S,la recette avec le cahier était utilisée <eos>,6,utilisée,utilisé,4,M,utilisée,-5.7042055,utilisé,-6.755394,1
1275,S_NOUN_1_PASS_b,F,S,la recette avec le micro était achetée <eos>,6,achetée,acheté,4,M,achetée,-9.849333,acheté,-11.526355,1
1276,S_NOUN_1_PASS_b,F,S,la recette avec le micro était brisée <eos>,6,brisée,brisé,4,M,brisée,-8.613512,brisé,-10.535384,1
1277,S_NOUN_1_PASS_b,F,S,la recette avec le micro était cachée <eos>,6,cachée,caché,4,M,cachée,-9.16859,caché,-10.009372,1
1278,S_NOUN_1_PASS_b,F,S,la recette avec le micro était cassée <eos>,6,cassée,cassé,4,M,cassée,-7.4805975,cassé,-9.910109,1
1279,S_NOUN_1_PASS_b,F,S,la recette avec le micro était couverte <eos>,6,couverte,couvert,4,M,couverte,-7.5883846,couvert,-9.469499,1
1280,S_NOUN_1_PASS_b,F,S,la recette avec le micro était déformée <eos>,6,déformée,déformé,4,M,déformée,-9.870568,déformé,-13.531016,1
1281,S_NOUN_1_PASS_b,F,S,la recette avec le micro était fixée <eos>,6,fixée,fixé,4,M,fixée,-5.223138,fixé,-7.380294,1
1282,S_NOUN_1_PASS_b,F,S,la recette avec le micro était jetée <eos>,6,jetée,jeté,4,M,jetée,-9.960844,jeté,-11.554047,1
1283,S_NOUN_1_PASS_b,F,S,la recette avec le micro était laissée <eos>,6,laissée,laissé,4,M,laissée,-8.174881,laissé,-10.471104,1
1284,S_NOUN_1_PASS_b,F,S,la recette avec le micro était ouverte <eos>,6,ouverte,ouvert,4,M,ouverte,-7.4438505,ouvert,-10.074565,1
1285,S_NOUN_1_PASS_b,F,S,la recette avec le micro était perdue <eos>,6,perdue,perdu,4,M,perdue,-8.209969,perdu,-11.378847,1
1286,S_NOUN_1_PASS_b,F,S,la recette avec le micro était réparée <eos>,6,réparée,réparé,4,M,réparée,-12.103864,réparé,-14.571189,1
1287,S_NOUN_1_PASS_b,F,S,la recette avec le micro était retirée <eos>,6,retirée,retiré,4,M,retirée,-8.74579,retiré,-9.521966,1
1288,S_NOUN_1_PASS_b,F,S,la recette avec le micro était tombée <eos>,6,tombée,tombé,4,M,tombée,-8.535999,tombé,-9.515102,1
1289,S_NOUN_1_PASS_b,F,S,la recette avec le micro était utilisée <eos>,6,utilisée,utilisé,4,M,utilisée,-5.3685207,utilisé,-7.129633,1
1290,S_NOUN_1_PASS_b,F,S,la recette avec le sac était achetée <eos>,6,achetée,acheté,4,M,achetée,-8.773793,acheté,-10.633666,1
1291,S_NOUN_1_PASS_b,F,S,la recette avec le sac était brisée <eos>,6,brisée,brisé,4,M,brisée,-8.369304,brisé,-10.47141,1
1292,S_NOUN_1_PASS_b,F,S,la recette avec le sac était cachée <eos>,6,cachée,caché,4,M,cachée,-8.070248,caché,-9.528524,1
1293,S_NOUN_1_PASS_b,F,S,la recette avec le sac était cassée <eos>,6,cassée,cassé,4,M,cassée,-7.6891527,cassé,-11.077438,1
1294,S_NOUN_1_PASS_b,F,S,la recette avec le sac était couverte <eos>,6,couverte,couvert,4,M,couverte,-6.68859,couvert,-9.437167,1
1295,S_NOUN_1_PASS_b,F,S,la recette avec le sac était déformée <eos>,6,déformée,déformé,4,M,déformée,-10.317171,déformé,-13.318964,1
1296,S_NOUN_1_PASS_b,F,S,la recette avec le sac était fixée <eos>,6,fixée,fixé,4,M,fixée,-5.016202,fixé,-7.4778843,1
1297,S_NOUN_1_PASS_b,F,S,la recette avec le sac était jetée <eos>,6,jetée,jeté,4,M,jetée,-8.526884,jeté,-10.951504,1
1298,S_NOUN_1_PASS_b,F,S,la recette avec le sac était laissée <eos>,6,laissée,laissé,4,M,laissée,-7.2116137,laissé,-9.647932,1
1299,S_NOUN_1_PASS_b,F,S,la recette avec le sac était ouverte <eos>,6,ouverte,ouvert,4,M,ouverte,-6.3647223,ouvert,-9.80028,1
1300,S_NOUN_1_PASS_b,F,S,la recette avec le sac était perdue <eos>,6,perdue,perdu,4,M,perdue,-6.7858305,perdu,-10.678264,1
1301,S_NOUN_1_PASS_b,F,S,la recette avec le sac était réparée <eos>,6,réparée,réparé,4,M,réparée,-11.507678,réparé,-13.577451,1
1302,S_NOUN_1_PASS_b,F,S,la recette avec le sac était retirée <eos>,6,retirée,retiré,4,M,retirée,-7.418396,retiré,-9.052193,1
1303,S_NOUN_1_PASS_b,F,S,la recette avec le sac était tombée <eos>,6,tombée,tombé,4,M,tombée,-8.398293,tombé,-10.047554,1
1304,S_NOUN_1_PASS_b,F,S,la recette avec le sac était utilisée <eos>,6,utilisée,utilisé,4,M,utilisée,-4.946763,utilisé,-7.1498137,1
1305,S_NOUN_1_PASS_b,F,S,la recette avec le clavier était achetée <eos>,6,achetée,acheté,4,M,achetée,-11.217083,acheté,-12.036343,1
1306,S_NOUN_1_PASS_b,F,S,la recette avec le clavier était brisée <eos>,6,brisée,brisé,4,M,brisée,-9.806763,brisé,-12.1116295,1
1307,S_NOUN_1_PASS_b,F,S,la recette avec le clavier était cachée <eos>,6,cachée,caché,4,M,cachée,-8.564451,caché,-10.4626875,1
1308,S_NOUN_1_PASS_b,F,S,la recette avec le clavier était cassée <eos>,6,cassée,cassé,4,M,cassée,-8.232047,cassé,-11.182855,1
1309,S_NOUN_1_PASS_b,F,S,la recette avec le clavier était couverte <eos>,6,couverte,couvert,4,M,couverte,-7.6802845,couvert,-10.173554,1
1310,S_NOUN_1_PASS_b,F,S,la recette avec le clavier était déformée <eos>,6,déformée,déformé,4,M,déformée,-9.709526,déformé,-14.467167,1
1311,S_NOUN_1_PASS_b,F,S,la recette avec le clavier était fixée <eos>,6,fixée,fixé,4,M,fixée,-5.210002,fixé,-7.7667446,1
1312,S_NOUN_1_PASS_b,F,S,la recette avec le clavier était jetée <eos>,6,jetée,jeté,4,M,jetée,-11.83278,jeté,-13.039384,1
1313,S_NOUN_1_PASS_b,F,S,la recette avec le clavier était laissée <eos>,6,laissée,laissé,4,M,laissée,-8.8130245,laissé,-11.0114565,1
1314,S_NOUN_1_PASS_b,F,S,la recette avec le clavier était ouverte <eos>,6,ouverte,ouvert,4,M,ouverte,-6.913412,ouvert,-9.706472,1
1315,S_NOUN_1_PASS_b,F,S,la recette avec le clavier était perdue <eos>,6,perdue,perdu,4,M,perdue,-9.450765,perdu,-11.759347,1
1316,S_NOUN_1_PASS_b,F,S,la recette avec le clavier était réparée <eos>,6,réparée,réparé,4,M,réparée,-12.108277,réparé,-15.012532,1
1317,S_NOUN_1_PASS_b,F,S,la recette avec le clavier était retirée <eos>,6,retirée,retiré,4,M,retirée,-9.738587,retiré,-10.2910595,1
1318,S_NOUN_1_PASS_b,F,S,la recette avec le clavier était tombée <eos>,6,tombée,tombé,4,M,tombée,-8.703579,tombé,-10.932218,1
1319,S_NOUN_1_PASS_b,F,S,la recette avec le clavier était utilisée <eos>,6,utilisée,utilisé,4,M,utilisée,-5.3951693,utilisé,-7.3281164,1
1320,S_NOUN_1_PASS_b,F,S,la recette avec le raisin était achetée <eos>,6,achetée,acheté,4,M,achetée,-9.8231,acheté,-11.459755,1
1321,S_NOUN_1_PASS_b,F,S,la recette avec le raisin était brisée <eos>,6,brisée,brisé,4,M,brisée,-9.954382,brisé,-13.645971,1
1322,S_NOUN_1_PASS_b,F,S,la recette avec le raisin était cachée <eos>,6,cachée,caché,4,M,cachée,-10.2524605,caché,-11.609776,1
1323,S_NOUN_1_PASS_b,F,S,la recette avec le raisin était cassée <eos>,6,cassée,cassé,4,M,cassée,-8.83354,cassé,-12.302113,1
1324,S_NOUN_1_PASS_b,F,S,la recette avec le raisin était couverte <eos>,6,couverte,couvert,4,M,couverte,-8.213939,couvert,-10.494907,1
1325,S_NOUN_1_PASS_b,F,S,la recette avec le raisin était déformée <eos>,6,déformée,déformé,4,M,déformée,-11.220341,déformé,-15.274568,1
1326,S_NOUN_1_PASS_b,F,S,la recette avec le raisin était fixée <eos>,6,fixée,fixé,4,M,fixée,-6.087729,fixé,-8.720158,1
1327,S_NOUN_1_PASS_b,F,S,la recette avec le raisin était jetée <eos>,6,jetée,jeté,4,M,jetée,-10.069598,jeté,-12.675076,1
1328,S_NOUN_1_PASS_b,F,S,la recette avec le raisin était laissée <eos>,6,laissée,laissé,4,M,laissée,-7.980309,laissé,-10.818663,1
1329,S_NOUN_1_PASS_b,F,S,la recette avec le raisin était ouverte <eos>,6,ouverte,ouvert,4,M,ouverte,-7.282984,ouvert,-11.003639,1
1330,S_NOUN_1_PASS_b,F,S,la recette avec le raisin était perdue <eos>,6,perdue,perdu,4,M,perdue,-8.611565,perdu,-11.616865,1
1331,S_NOUN_1_PASS_b,F,S,la recette avec le raisin était réparée <eos>,6,réparée,réparé,4,M,réparée,-12.874066,réparé,-14.558857,1
1332,S_NOUN_1_PASS_b,F,S,la recette avec le raisin était retirée <eos>,6,retirée,retiré,4,M,retirée,-9.026012,retiré,-10.605158,1
1333,S_NOUN_1_PASS_b,F,S,la recette avec le raisin était tombée <eos>,6,tombée,tombé,4,M,tombée,-8.557014,tombé,-11.178169,1
1334,S_NOUN_1_PASS_b,F,S,la recette avec le raisin était utilisée <eos>,6,utilisée,utilisé,4,M,utilisée,-5.703311,utilisé,-8.167533,1
1335,S_NOUN_1_PASS_b,F,S,la recette avec le chargeur était achetée <eos>,6,achetée,acheté,4,M,achetée,-10.658131,acheté,-11.962631,1
1336,S_NOUN_1_PASS_b,F,S,la recette avec le chargeur était brisée <eos>,6,brisée,brisé,4,M,brisée,-9.581447,brisé,-11.134428,1
1337,S_NOUN_1_PASS_b,F,S,la recette avec le chargeur était cachée <eos>,6,cachée,caché,4,M,cachée,-9.171232,caché,-10.495256,1
1338,S_NOUN_1_PASS_b,F,S,la recette avec le chargeur était cassée <eos>,6,cassée,cassé,4,M,cassée,-7.6688194,cassé,-10.765817,1
1339,S_NOUN_1_PASS_b,F,S,la recette avec le chargeur était couverte <eos>,6,couverte,couvert,4,M,couverte,-8.439659,couvert,-10.485255,1
1340,S_NOUN_1_PASS_b,F,S,la recette avec le chargeur était déformée <eos>,6,déformée,déformé,4,M,déformée,-10.114826,déformé,-14.162313,1
1341,S_NOUN_1_PASS_b,F,S,la recette avec le chargeur était fixée <eos>,6,fixée,fixé,4,M,fixée,-5.216074,fixé,-7.49667,1
1342,S_NOUN_1_PASS_b,F,S,la recette avec le chargeur était jetée <eos>,6,jetée,jeté,4,M,jetée,-10.33471,jeté,-12.608756,1
1343,S_NOUN_1_PASS_b,F,S,la recette avec le chargeur était laissée <eos>,6,laissée,laissé,4,M,laissée,-8.604528,laissé,-10.901962,1
1344,S_NOUN_1_PASS_b,F,S,la recette avec le chargeur était ouverte <eos>,6,ouverte,ouvert,4,M,ouverte,-7.557875,ouvert,-10.354306,1
1345,S_NOUN_1_PASS_b,F,S,la recette avec le chargeur était perdue <eos>,6,perdue,perdu,4,M,perdue,-9.5389385,perdu,-11.441432,1
1346,S_NOUN_1_PASS_b,F,S,la recette avec le chargeur était réparée <eos>,6,réparée,réparé,4,M,réparée,-11.186221,réparé,-14.450297,1
1347,S_NOUN_1_PASS_b,F,S,la recette avec le chargeur était retirée <eos>,6,retirée,retiré,4,M,retirée,-8.612047,retiré,-9.069863,1
1348,S_NOUN_1_PASS_b,F,S,la recette avec le chargeur était tombée <eos>,6,tombée,tombé,4,M,tombée,-9.649475,tombé,-11.07818,1
1349,S_NOUN_1_PASS_b,F,S,la recette avec le chargeur était utilisée <eos>,6,utilisée,utilisé,4,M,utilisée,-5.466739,utilisé,-7.4908385,1
1350,S_NOUN_1_PASS_b,F,S,la recette avec le vase était achetée <eos>,6,achetée,acheté,4,M,achetée,-9.582721,acheté,-11.530739,1
1351,S_NOUN_1_PASS_b,F,S,la recette avec le vase était brisée <eos>,6,brisée,brisé,4,M,brisée,-8.039888,brisé,-10.556826,1
1352,S_NOUN_1_PASS_b,F,S,la recette avec le vase était cachée <eos>,6,cachée,caché,4,M,cachée,-8.872521,caché,-10.486986,1
1353,S_NOUN_1_PASS_b,F,S,la recette avec le vase était cassée <eos>,6,cassée,cassé,4,M,cassée,-7.9268236,cassé,-11.412018,1
1354,S_NOUN_1_PASS_b,F,S,la recette avec le vase était couverte <eos>,6,couverte,couvert,4,M,couverte,-6.370486,couvert,-9.192902,1
1355,S_NOUN_1_PASS_b,F,S,la recette avec le vase était déformée <eos>,6,déformée,déformé,4,M,déformée,-10.709098,déformé,-14.186048,1
1356,S_NOUN_1_PASS_b,F,S,la recette avec le vase était fixée <eos>,6,fixée,fixé,4,M,fixée,-5.3861303,fixé,-7.911809,1
1357,S_NOUN_1_PASS_b,F,S,la recette avec le vase était jetée <eos>,6,jetée,jeté,4,M,jetée,-9.0625725,jeté,-11.30345,1
1358,S_NOUN_1_PASS_b,F,S,la recette avec le vase était laissée <eos>,6,laissée,laissé,4,M,laissée,-7.59081,laissé,-10.240255,1
1359,S_NOUN_1_PASS_b,F,S,la recette avec le vase était ouverte <eos>,6,ouverte,ouvert,4,M,ouverte,-6.7840023,ouvert,-10.275232,1
1360,S_NOUN_1_PASS_b,F,S,la recette avec le vase était perdue <eos>,6,perdue,perdu,4,M,perdue,-7.529052,perdu,-10.370265,1
1361,S_NOUN_1_PASS_b,F,S,la recette avec le vase était réparée <eos>,6,réparée,réparé,4,M,réparée,-11.332886,réparé,-13.82431,1
1362,S_NOUN_1_PASS_b,F,S,la recette avec le vase était retirée <eos>,6,retirée,retiré,4,M,retirée,-8.257839,retiré,-10.443188,1
1363,S_NOUN_1_PASS_b,F,S,la recette avec le vase était tombée <eos>,6,tombée,tombé,4,M,tombée,-8.289112,tombé,-10.418653,1
1364,S_NOUN_1_PASS_b,F,S,la recette avec le vase était utilisée <eos>,6,utilisée,utilisé,4,M,utilisée,-4.9613447,utilisé,-7.3663855,1
1365,S_NOUN_1_PASS_b,F,S,la recette avec le panier était achetée <eos>,6,achetée,acheté,4,M,achetée,-10.594092,acheté,-12.13485,1
1366,S_NOUN_1_PASS_b,F,S,la recette avec le panier était brisée <eos>,6,brisée,brisé,4,M,brisée,-8.797394,brisé,-11.073246,1
1367,S_NOUN_1_PASS_b,F,S,la recette avec le panier était cachée <eos>,6,cachée,caché,4,M,cachée,-8.746304,caché,-10.22493,1
1368,S_NOUN_1_PASS_b,F,S,la recette avec le panier était cassée <eos>,6,cassée,cassé,4,M,cassée,-7.9691973,cassé,-11.327373,1
1369,S_NOUN_1_PASS_b,F,S,la recette avec le panier était couverte <eos>,6,couverte,couvert,4,M,couverte,-7.4696054,couvert,-9.694287,1
1370,S_NOUN_1_PASS_b,F,S,la recette avec le panier était déformée <eos>,6,déformée,déformé,4,M,déformée,-10.471518,déformé,-14.622661,1
1371,S_NOUN_1_PASS_b,F,S,la recette avec le panier était fixée <eos>,6,fixée,fixé,4,M,fixée,-5.9282093,fixé,-7.837844,1
1372,S_NOUN_1_PASS_b,F,S,la recette avec le panier était jetée <eos>,6,jetée,jeté,4,M,jetée,-10.081361,jeté,-12.706092,1
1373,S_NOUN_1_PASS_b,F,S,la recette avec le panier était laissée <eos>,6,laissée,laissé,4,M,laissée,-7.509427,laissé,-10.425663,1
1374,S_NOUN_1_PASS_b,F,S,la recette avec le panier était ouverte <eos>,6,ouverte,ouvert,4,M,ouverte,-7.236004,ouvert,-10.261046,1
1375,S_NOUN_1_PASS_b,F,S,la recette avec le panier était perdue <eos>,6,perdue,perdu,4,M,perdue,-8.630588,perdu,-11.554831,1
1376,S_NOUN_1_PASS_b,F,S,la recette avec le panier était réparée <eos>,6,réparée,réparé,4,M,réparée,-12.749115,réparé,-14.613481,1
1377,S_NOUN_1_PASS_b,F,S,la recette avec le panier était retirée <eos>,6,retirée,retiré,4,M,retirée,-8.447338,retiré,-10.171893,1
1378,S_NOUN_1_PASS_b,F,S,la recette avec le panier était tombée <eos>,6,tombée,tombé,4,M,tombée,-8.7013,tombé,-10.228935,1
1379,S_NOUN_1_PASS_b,F,S,la recette avec le panier était utilisée <eos>,6,utilisée,utilisé,4,M,utilisée,-5.4700556,utilisé,-7.2556105,1
1380,S_NOUN_1_PASS_b,F,S,la recette avec le collier était achetée <eos>,6,achetée,acheté,4,M,achetée,-8.998597,acheté,-10.7344675,1
1381,S_NOUN_1_PASS_b,F,S,la recette avec le collier était brisée <eos>,6,brisée,brisé,4,M,brisée,-8.216295,brisé,-10.440301,1
1382,S_NOUN_1_PASS_b,F,S,la recette avec le collier était cachée <eos>,6,cachée,caché,4,M,cachée,-8.412459,caché,-9.360277,1
1383,S_NOUN_1_PASS_b,F,S,la recette avec le collier était cassée <eos>,6,cassée,cassé,4,M,cassée,-7.8442087,cassé,-9.896712,1
1384,S_NOUN_1_PASS_b,F,S,la recette avec le collier était couverte <eos>,6,couverte,couvert,4,M,couverte,-7.1382704,couvert,-9.35484,1
1385,S_NOUN_1_PASS_b,F,S,la recette avec le collier était déformée <eos>,6,déformée,déformé,4,M,déformée,-10.548759,déformé,-13.096241,1
1386,S_NOUN_1_PASS_b,F,S,la recette avec le collier était fixée <eos>,6,fixée,fixé,4,M,fixée,-5.3879924,fixé,-7.3332667,1
1387,S_NOUN_1_PASS_b,F,S,la recette avec le collier était jetée <eos>,6,jetée,jeté,4,M,jetée,-9.948671,jeté,-10.7299595,1
1388,S_NOUN_1_PASS_b,F,S,la recette avec le collier était laissée <eos>,6,laissée,laissé,4,M,laissée,-8.43372,laissé,-10.273727,1
1389,S_NOUN_1_PASS_b,F,S,la recette avec le collier était ouverte <eos>,6,ouverte,ouvert,4,M,ouverte,-7.0579433,ouvert,-10.55703,1
1390,S_NOUN_1_PASS_b,F,S,la recette avec le collier était perdue <eos>,6,perdue,perdu,4,M,perdue,-8.147165,perdu,-11.046404,1
1391,S_NOUN_1_PASS_b,F,S,la recette avec le collier était réparée <eos>,6,réparée,réparé,4,M,réparée,-12.442873,réparé,-14.689213,1
1392,S_NOUN_1_PASS_b,F,S,la recette avec le collier était retirée <eos>,6,retirée,retiré,4,M,retirée,-8.152425,retiré,-8.926999,1
1393,S_NOUN_1_PASS_b,F,S,la recette avec le collier était tombée <eos>,6,tombée,tombé,4,M,tombée,-9.043082,tombé,-9.686367,1
1394,S_NOUN_1_PASS_b,F,S,la recette avec le collier était utilisée <eos>,6,utilisée,utilisé,4,M,utilisée,-4.8240857,utilisé,-6.49309,1
1395,S_NOUN_1_PASS_b,F,S,la recette avec le chapeau était achetée <eos>,6,achetée,acheté,4,M,achetée,-9.337624,acheté,-11.0019865,1
1396,S_NOUN_1_PASS_b,F,S,la recette avec le chapeau était brisée <eos>,6,brisée,brisé,4,M,brisée,-8.470593,brisé,-11.740893,1
1397,S_NOUN_1_PASS_b,F,S,la recette avec le chapeau était cachée <eos>,6,cachée,caché,4,M,cachée,-9.154289,caché,-10.418693,1
1398,S_NOUN_1_PASS_b,F,S,la recette avec le chapeau était cassée <eos>,6,cassée,cassé,4,M,cassée,-7.8634396,cassé,-10.03233,1
1399,S_NOUN_1_PASS_b,F,S,la recette avec le chapeau était couverte <eos>,6,couverte,couvert,4,M,couverte,-6.6902075,couvert,-9.762453,1
1400,S_NOUN_1_PASS_b,F,S,la recette avec le chapeau était déformée <eos>,6,déformée,déformé,4,M,déformée,-9.343855,déformé,-12.601124,1
1401,S_NOUN_1_PASS_b,F,S,la recette avec le chapeau était fixée <eos>,6,fixée,fixé,4,M,fixée,-5.3970585,fixé,-7.291012,1
1402,S_NOUN_1_PASS_b,F,S,la recette avec le chapeau était jetée <eos>,6,jetée,jeté,4,M,jetée,-10.008707,jeté,-11.237468,1
1403,S_NOUN_1_PASS_b,F,S,la recette avec le chapeau était laissée <eos>,6,laissée,laissé,4,M,laissée,-8.259565,laissé,-10.570025,1
1404,S_NOUN_1_PASS_b,F,S,la recette avec le chapeau était ouverte <eos>,6,ouverte,ouvert,4,M,ouverte,-7.0664454,ouvert,-10.982578,1
1405,S_NOUN_1_PASS_b,F,S,la recette avec le chapeau était perdue <eos>,6,perdue,perdu,4,M,perdue,-9.005924,perdu,-11.595121,1
1406,S_NOUN_1_PASS_b,F,S,la recette avec le chapeau était réparée <eos>,6,réparée,réparé,4,M,réparée,-12.074512,réparé,-14.89655,1
1407,S_NOUN_1_PASS_b,F,S,la recette avec le chapeau était retirée <eos>,6,retirée,retiré,4,M,retirée,-8.373272,retiré,-8.947762,1
1408,S_NOUN_1_PASS_b,F,S,la recette avec le chapeau était tombée <eos>,6,tombée,tombé,4,M,tombée,-8.834507,tombé,-9.664173,1
1409,S_NOUN_1_PASS_b,F,S,la recette avec le chapeau était utilisée <eos>,6,utilisée,utilisé,4,M,utilisée,-5.085354,utilisé,-6.9204245,1
1410,S_NOUN_1_PASS_b,F,S,la recette avec le pot était achetée <eos>,6,achetée,acheté,4,M,achetée,-9.503689,acheté,-10.431387,1
1411,S_NOUN_1_PASS_b,F,S,la recette avec le pot était brisée <eos>,6,brisée,brisé,4,M,brisée,-9.089719,brisé,-10.355069,1
1412,S_NOUN_1_PASS_b,F,S,la recette avec le pot était cachée <eos>,6,cachée,caché,4,M,cachée,-9.579352,caché,-9.527545,0
1413,S_NOUN_1_PASS_b,F,S,la recette avec le pot était cassée <eos>,6,cassée,cassé,4,M,cassée,-8.726345,cassé,-10.74213,1
1414,S_NOUN_1_PASS_b,F,S,la recette avec le pot était couverte <eos>,6,couverte,couvert,4,M,couverte,-8.245459,couvert,-8.779978,1
1415,S_NOUN_1_PASS_b,F,S,la recette avec le pot était déformée <eos>,6,déformée,déformé,4,M,déformée,-10.890086,déformé,-13.290112,1
1416,S_NOUN_1_PASS_b,F,S,la recette avec le pot était fixée <eos>,6,fixée,fixé,4,M,fixée,-5.643134,fixé,-7.0621195,1
1417,S_NOUN_1_PASS_b,F,S,la recette avec le pot était jetée <eos>,6,jetée,jeté,4,M,jetée,-9.3602085,jeté,-10.763545,1
1418,S_NOUN_1_PASS_b,F,S,la recette avec le pot était laissée <eos>,6,laissée,laissé,4,M,laissée,-7.7660303,laissé,-9.732398,1
1419,S_NOUN_1_PASS_b,F,S,la recette avec le pot était ouverte <eos>,6,ouverte,ouvert,4,M,ouverte,-7.919979,ouvert,-9.561043,1
1420,S_NOUN_1_PASS_b,F,S,la recette avec le pot était perdue <eos>,6,perdue,perdu,4,M,perdue,-8.289548,perdu,-10.498215,1
1421,S_NOUN_1_PASS_b,F,S,la recette avec le pot était réparée <eos>,6,réparée,réparé,4,M,réparée,-12.486558,réparé,-13.110039,1
1422,S_NOUN_1_PASS_b,F,S,la recette avec le pot était retirée <eos>,6,retirée,retiré,4,M,retirée,-8.596163,retiré,-8.848114,1
1423,S_NOUN_1_PASS_b,F,S,la recette avec le pot était tombée <eos>,6,tombée,tombé,4,M,tombée,-8.570215,tombé,-9.7628765,1
1424,S_NOUN_1_PASS_b,F,S,la recette avec le pot était utilisée <eos>,6,utilisée,utilisé,4,M,utilisée,-5.2139273,utilisé,-6.293748,1
1425,S_NOUN_1_PASS_b,F,S,la recette avec le coussin était achetée <eos>,6,achetée,acheté,4,M,achetée,-10.009574,acheté,-12.107822,1
1426,S_NOUN_1_PASS_b,F,S,la recette avec le coussin était brisée <eos>,6,brisée,brisé,4,M,brisée,-7.7854853,brisé,-11.264006,1
1427,S_NOUN_1_PASS_b,F,S,la recette avec le coussin était cachée <eos>,6,cachée,caché,4,M,cachée,-8.375482,caché,-9.872732,1
1428,S_NOUN_1_PASS_b,F,S,la recette avec le coussin était cassée <eos>,6,cassée,cassé,4,M,cassée,-6.90149,cassé,-10.12158,1
1429,S_NOUN_1_PASS_b,F,S,la recette avec le coussin était couverte <eos>,6,couverte,couvert,4,M,couverte,-6.669448,couvert,-9.715964,1
1430,S_NOUN_1_PASS_b,F,S,la recette avec le coussin était déformée <eos>,6,déformée,déformé,4,M,déformée,-10.677862,déformé,-14.3289585,1
1431,S_NOUN_1_PASS_b,F,S,la recette avec le coussin était fixée <eos>,6,fixée,fixé,4,M,fixée,-4.6901627,fixé,-7.6613617,1
1432,S_NOUN_1_PASS_b,F,S,la recette avec le coussin était jetée <eos>,6,jetée,jeté,4,M,jetée,-10.1016865,jeté,-12.397048,1
1433,S_NOUN_1_PASS_b,F,S,la recette avec le coussin était laissée <eos>,6,laissée,laissé,4,M,laissée,-7.8128633,laissé,-10.63266,1
1434,S_NOUN_1_PASS_b,F,S,la recette avec le coussin était ouverte <eos>,6,ouverte,ouvert,4,M,ouverte,-5.8533363,ouvert,-10.240795,1
1435,S_NOUN_1_PASS_b,F,S,la recette avec le coussin était perdue <eos>,6,perdue,perdu,4,M,perdue,-9.100735,perdu,-12.170185,1
1436,S_NOUN_1_PASS_b,F,S,la recette avec le coussin était réparée <eos>,6,réparée,réparé,4,M,réparée,-11.652195,réparé,-15.459648,1
1437,S_NOUN_1_PASS_b,F,S,la recette avec le coussin était retirée <eos>,6,retirée,retiré,4,M,retirée,-8.656525,retiré,-10.003826,1
1438,S_NOUN_1_PASS_b,F,S,la recette avec le coussin était tombée <eos>,6,tombée,tombé,4,M,tombée,-10.401885,tombé,-11.52537,1
1439,S_NOUN_1_PASS_b,F,S,la recette avec le coussin était utilisée <eos>,6,utilisée,utilisé,4,M,utilisée,-4.9709682,utilisé,-7.2868547,1
1440,S_NOUN_1_PASS_b,F,S,la recette avec le jouet était achetée <eos>,6,achetée,acheté,4,M,achetée,-9.343977,acheté,-11.38831,1
1441,S_NOUN_1_PASS_b,F,S,la recette avec le jouet était brisée <eos>,6,brisée,brisé,4,M,brisée,-9.055702,brisé,-11.434153,1
1442,S_NOUN_1_PASS_b,F,S,la recette avec le jouet était cachée <eos>,6,cachée,caché,4,M,cachée,-8.503536,caché,-10.324989,1
1443,S_NOUN_1_PASS_b,F,S,la recette avec le jouet était cassée <eos>,6,cassée,cassé,4,M,cassée,-8.679812,cassé,-12.437051,1
1444,S_NOUN_1_PASS_b,F,S,la recette avec le jouet était couverte <eos>,6,couverte,couvert,4,M,couverte,-7.691104,couvert,-10.699661,1
1445,S_NOUN_1_PASS_b,F,S,la recette avec le jouet était déformée <eos>,6,déformée,déformé,4,M,déformée,-11.446451,déformé,-14.5161,1
1446,S_NOUN_1_PASS_b,F,S,la recette avec le jouet était fixée <eos>,6,fixée,fixé,4,M,fixée,-6.1120114,fixé,-8.983817,1
1447,S_NOUN_1_PASS_b,F,S,la recette avec le jouet était jetée <eos>,6,jetée,jeté,4,M,jetée,-10.218475,jeté,-11.860362,1
1448,S_NOUN_1_PASS_b,F,S,la recette avec le jouet était laissée <eos>,6,laissée,laissé,4,M,laissée,-8.408709,laissé,-10.724038,1
1449,S_NOUN_1_PASS_b,F,S,la recette avec le jouet était ouverte <eos>,6,ouverte,ouvert,4,M,ouverte,-7.184105,ouvert,-10.839274,1
1450,S_NOUN_1_PASS_b,F,S,la recette avec le jouet était perdue <eos>,6,perdue,perdu,4,M,perdue,-8.625097,perdu,-11.582147,1
1451,S_NOUN_1_PASS_b,F,S,la recette avec le jouet était réparée <eos>,6,réparée,réparé,4,M,réparée,-12.203883,réparé,-14.225657,1
1452,S_NOUN_1_PASS_b,F,S,la recette avec le jouet était retirée <eos>,6,retirée,retiré,4,M,retirée,-8.840702,retiré,-11.040674,1
1453,S_NOUN_1_PASS_b,F,S,la recette avec le jouet était tombée <eos>,6,tombée,tombé,4,M,tombée,-9.059355,tombé,-10.091885,1
1454,S_NOUN_1_PASS_b,F,S,la recette avec le jouet était utilisée <eos>,6,utilisée,utilisé,4,M,utilisée,-4.631093,utilisé,-6.8146048,1
1455,S_NOUN_1_PASS_b,F,S,la recette avec le clou était achetée <eos>,6,achetée,acheté,4,M,achetée,-9.75358,acheté,-12.156855,1
1456,S_NOUN_1_PASS_b,F,S,la recette avec le clou était brisée <eos>,6,brisée,brisé,4,M,brisée,-8.841398,brisé,-12.282151,1
1457,S_NOUN_1_PASS_b,F,S,la recette avec le clou était cachée <eos>,6,cachée,caché,4,M,cachée,-8.559471,caché,-10.810598,1
1458,S_NOUN_1_PASS_b,F,S,la recette avec le clou était cassée <eos>,6,cassée,cassé,4,M,cassée,-8.366643,cassé,-11.872661,1
1459,S_NOUN_1_PASS_b,F,S,la recette avec le clou était couverte <eos>,6,couverte,couvert,4,M,couverte,-7.0069304,couvert,-10.434869,1
1460,S_NOUN_1_PASS_b,F,S,la recette avec le clou était déformée <eos>,6,déformée,déformé,4,M,déformée,-10.621288,déformé,-14.513503,1
1461,S_NOUN_1_PASS_b,F,S,la recette avec le clou était fixée <eos>,6,fixée,fixé,4,M,fixée,-4.9237585,fixé,-8.099088,1
1462,S_NOUN_1_PASS_b,F,S,la recette avec le clou était jetée <eos>,6,jetée,jeté,4,M,jetée,-9.026424,jeté,-12.323193,1
1463,S_NOUN_1_PASS_b,F,S,la recette avec le clou était laissée <eos>,6,laissée,laissé,4,M,laissée,-7.3818817,laissé,-10.841654,1
1464,S_NOUN_1_PASS_b,F,S,la recette avec le clou était ouverte <eos>,6,ouverte,ouvert,4,M,ouverte,-7.483567,ouvert,-11.679028,1
1465,S_NOUN_1_PASS_b,F,S,la recette avec le clou était perdue <eos>,6,perdue,perdu,4,M,perdue,-7.26643,perdu,-11.260565,1
1466,S_NOUN_1_PASS_b,F,S,la recette avec le clou était réparée <eos>,6,réparée,réparé,4,M,réparée,-12.394413,réparé,-15.009424,1
1467,S_NOUN_1_PASS_b,F,S,la recette avec le clou était retirée <eos>,6,retirée,retiré,4,M,retirée,-7.514845,retiré,-10.232473,1
1468,S_NOUN_1_PASS_b,F,S,la recette avec le clou était tombée <eos>,6,tombée,tombé,4,M,tombée,-7.8039794,tombé,-10.438145,1
1469,S_NOUN_1_PASS_b,F,S,la recette avec le clou était utilisée <eos>,6,utilisée,utilisé,4,M,utilisée,-4.36402,utilisé,-7.2743993,1
1470,S_NOUN_1_PASS_b,F,S,la recette avec le billet était achetée <eos>,6,achetée,acheté,4,M,achetée,-9.299445,acheté,-9.784843,1
1471,S_NOUN_1_PASS_b,F,S,la recette avec le billet était brisée <eos>,6,brisée,brisé,4,M,brisée,-9.957356,brisé,-11.332779,1
1472,S_NOUN_1_PASS_b,F,S,la recette avec le billet était cachée <eos>,6,cachée,caché,4,M,cachée,-9.353022,caché,-9.591364,1
1473,S_NOUN_1_PASS_b,F,S,la recette avec le billet était cassée <eos>,6,cassée,cassé,4,M,cassée,-10.250513,cassé,-11.122347,1
1474,S_NOUN_1_PASS_b,F,S,la recette avec le billet était couverte <eos>,6,couverte,couvert,4,M,couverte,-8.559069,couvert,-9.3094,1
1475,S_NOUN_1_PASS_b,F,S,la recette avec le billet était déformée <eos>,6,déformée,déformé,4,M,déformée,-11.335648,déformé,-13.463427,1
1476,S_NOUN_1_PASS_b,F,S,la recette avec le billet était fixée <eos>,6,fixée,fixé,4,M,fixée,-5.6434164,fixé,-6.5343018,1
1477,S_NOUN_1_PASS_b,F,S,la recette avec le billet était jetée <eos>,6,jetée,jeté,4,M,jetée,-10.079235,jeté,-11.14535,1
1478,S_NOUN_1_PASS_b,F,S,la recette avec le billet était laissée <eos>,6,laissée,laissé,4,M,laissée,-9.081125,laissé,-9.476372,1
1479,S_NOUN_1_PASS_b,F,S,la recette avec le billet était ouverte <eos>,6,ouverte,ouvert,4,M,ouverte,-8.148132,ouvert,-10.203549,1
1480,S_NOUN_1_PASS_b,F,S,la recette avec le billet était perdue <eos>,6,perdue,perdu,4,M,perdue,-8.785257,perdu,-9.6029215,1
1481,S_NOUN_1_PASS_b,F,S,la recette avec le billet était réparée <eos>,6,réparée,réparé,4,M,réparée,-12.722929,réparé,-13.68733,1
1482,S_NOUN_1_PASS_b,F,S,la recette avec le billet était retirée <eos>,6,retirée,retiré,4,M,retirée,-8.857783,retiré,-8.295816,0
1483,S_NOUN_1_PASS_b,F,S,la recette avec le billet était tombée <eos>,6,tombée,tombé,4,M,tombée,-9.38107,tombé,-9.382354,1
1484,S_NOUN_1_PASS_b,F,S,la recette avec le billet était utilisée <eos>,6,utilisée,utilisé,4,M,utilisée,-6.1154575,utilisé,-6.5383625,1
1485,S_NOUN_1_PASS_b,F,S,la recette avec le légume était achetée <eos>,6,achetée,acheté,4,M,achetée,-10.753803,acheté,-12.26337,1
1486,S_NOUN_1_PASS_b,F,S,la recette avec le légume était brisée <eos>,6,brisée,brisé,4,M,brisée,-10.653001,brisé,-12.674284,1
1487,S_NOUN_1_PASS_b,F,S,la recette avec le légume était cachée <eos>,6,cachée,caché,4,M,cachée,-9.2836075,caché,-11.373251,1
1488,S_NOUN_1_PASS_b,F,S,la recette avec le légume était cassée <eos>,6,cassée,cassé,4,M,cassée,-10.284577,cassé,-13.365692,1
1489,S_NOUN_1_PASS_b,F,S,la recette avec le légume était couverte <eos>,6,couverte,couvert,4,M,couverte,-8.210734,couvert,-11.1726265,1
1490,S_NOUN_1_PASS_b,F,S,la recette avec le légume était déformée <eos>,6,déformée,déformé,4,M,déformée,-11.927179,déformé,-15.666219,1
1491,S_NOUN_1_PASS_b,F,S,la recette avec le légume était fixée <eos>,6,fixée,fixé,4,M,fixée,-6.455023,fixé,-9.161743,1
1492,S_NOUN_1_PASS_b,F,S,la recette avec le légume était jetée <eos>,6,jetée,jeté,4,M,jetée,-11.016038,jeté,-13.4322195,1
1493,S_NOUN_1_PASS_b,F,S,la recette avec le légume était laissée <eos>,6,laissée,laissé,4,M,laissée,-8.163683,laissé,-11.552275,1
1494,S_NOUN_1_PASS_b,F,S,la recette avec le légume était ouverte <eos>,6,ouverte,ouvert,4,M,ouverte,-8.034095,ouvert,-12.053492,1
1495,S_NOUN_1_PASS_b,F,S,la recette avec le légume était perdue <eos>,6,perdue,perdu,4,M,perdue,-7.8496723,perdu,-11.463164,1
1496,S_NOUN_1_PASS_b,F,S,la recette avec le légume était réparée <eos>,6,réparée,réparé,4,M,réparée,-14.243605,réparé,-15.377468,1
1497,S_NOUN_1_PASS_b,F,S,la recette avec le légume était retirée <eos>,6,retirée,retiré,4,M,retirée,-9.134752,retiré,-11.394419,1
1498,S_NOUN_1_PASS_b,F,S,la recette avec le légume était tombée <eos>,6,tombée,tombé,4,M,tombée,-8.579705,tombé,-10.652682,1
1499,S_NOUN_1_PASS_b,F,S,la recette avec le légume était utilisée <eos>,6,utilisée,utilisé,4,M,utilisée,-4.712989,utilisé,-7.1076965,1
1500,S_NOUN_1_PASS_b,F,S,la jupe avec le bracelet était achetée <eos>,6,achetée,acheté,4,M,achetée,-8.140565,acheté,-11.122208,1
1501,S_NOUN_1_PASS_b,F,S,la jupe avec le bracelet était brisée <eos>,6,brisée,brisé,4,M,brisée,-8.452737,brisé,-11.649426,1
1502,S_NOUN_1_PASS_b,F,S,la jupe avec le bracelet était cachée <eos>,6,cachée,caché,4,M,cachée,-8.106893,caché,-10.267257,1
1503,S_NOUN_1_PASS_b,F,S,la jupe avec le bracelet était cassée <eos>,6,cassée,cassé,4,M,cassée,-8.49206,cassé,-10.322048,1
1504,S_NOUN_1_PASS_b,F,S,la jupe avec le bracelet était couverte <eos>,6,couverte,couvert,4,M,couverte,-5.777602,couvert,-9.133564,1
1505,S_NOUN_1_PASS_b,F,S,la jupe avec le bracelet était déformée <eos>,6,déformée,déformé,4,M,déformée,-9.716106,déformé,-13.690394,1
1506,S_NOUN_1_PASS_b,F,S,la jupe avec le bracelet était fixée <eos>,6,fixée,fixé,4,M,fixée,-4.6697545,fixé,-7.86832,1
1507,S_NOUN_1_PASS_b,F,S,la jupe avec le bracelet était jetée <eos>,6,jetée,jeté,4,M,jetée,-10.298632,jeté,-11.550396,1
1508,S_NOUN_1_PASS_b,F,S,la jupe avec le bracelet était laissée <eos>,6,laissée,laissé,4,M,laissée,-7.258106,laissé,-10.354898,1
1509,S_NOUN_1_PASS_b,F,S,la jupe avec le bracelet était ouverte <eos>,6,ouverte,ouvert,4,M,ouverte,-5.3917284,ouvert,-9.267407,1
1510,S_NOUN_1_PASS_b,F,S,la jupe avec le bracelet était perdue <eos>,6,perdue,perdu,4,M,perdue,-9.131252,perdu,-12.141262,1
1511,S_NOUN_1_PASS_b,F,S,la jupe avec le bracelet était réparée <eos>,6,réparée,réparé,4,M,réparée,-10.768951,réparé,-15.012789,1
1512,S_NOUN_1_PASS_b,F,S,la jupe avec le bracelet était retirée <eos>,6,retirée,retiré,4,M,retirée,-7.8323603,retiré,-10.014938,1
1513,S_NOUN_1_PASS_b,F,S,la jupe avec le bracelet était tombée <eos>,6,tombée,tombé,4,M,tombée,-8.839641,tombé,-10.368346,1
1514,S_NOUN_1_PASS_b,F,S,la jupe avec le bracelet était utilisée <eos>,6,utilisée,utilisé,4,M,utilisée,-4.197677,utilisé,-7.2191625,1
1515,S_NOUN_1_PASS_b,F,S,la jupe avec le miroir était achetée <eos>,6,achetée,acheté,4,M,achetée,-8.48446,acheté,-11.723563,1
1516,S_NOUN_1_PASS_b,F,S,la jupe avec le miroir était brisée <eos>,6,brisée,brisé,4,M,brisée,-7.7886934,brisé,-11.409982,1
1517,S_NOUN_1_PASS_b,F,S,la jupe avec le miroir était cachée <eos>,6,cachée,caché,4,M,cachée,-7.475131,caché,-9.883866,1
1518,S_NOUN_1_PASS_b,F,S,la jupe avec le miroir était cassée <eos>,6,cassée,cassé,4,M,cassée,-8.240095,cassé,-9.683397,1
1519,S_NOUN_1_PASS_b,F,S,la jupe avec le miroir était couverte <eos>,6,couverte,couvert,4,M,couverte,-5.545767,couvert,-9.213978,1
1520,S_NOUN_1_PASS_b,F,S,la jupe avec le miroir était déformée <eos>,6,déformée,déformé,4,M,déformée,-8.912762,déformé,-13.036711,1
1521,S_NOUN_1_PASS_b,F,S,la jupe avec le miroir était fixée <eos>,6,fixée,fixé,4,M,fixée,-5.1743865,fixé,-8.046591,1
1522,S_NOUN_1_PASS_b,F,S,la jupe avec le miroir était jetée <eos>,6,jetée,jeté,4,M,jetée,-9.906847,jeté,-11.795383,1
1523,S_NOUN_1_PASS_b,F,S,la jupe avec le miroir était laissée <eos>,6,laissée,laissé,4,M,laissée,-7.5903006,laissé,-11.059925,1
1524,S_NOUN_1_PASS_b,F,S,la jupe avec le miroir était ouverte <eos>,6,ouverte,ouvert,4,M,ouverte,-5.387996,ouvert,-9.9646,1
1525,S_NOUN_1_PASS_b,F,S,la jupe avec le miroir était perdue <eos>,6,perdue,perdu,4,M,perdue,-8.661188,perdu,-12.270559,1
1526,S_NOUN_1_PASS_b,F,S,la jupe avec le miroir était réparée <eos>,6,réparée,réparé,4,M,réparée,-9.969833,réparé,-14.4367695,1
1527,S_NOUN_1_PASS_b,F,S,la jupe avec le miroir était retirée <eos>,6,retirée,retiré,4,M,retirée,-7.5134616,retiré,-9.889999,1
1528,S_NOUN_1_PASS_b,F,S,la jupe avec le miroir était tombée <eos>,6,tombée,tombé,4,M,tombée,-8.212624,tombé,-10.519323,1
1529,S_NOUN_1_PASS_b,F,S,la jupe avec le miroir était utilisée <eos>,6,utilisée,utilisé,4,M,utilisée,-4.5081034,utilisé,-7.458433,1
1530,S_NOUN_1_PASS_b,F,S,la jupe avec le crayon était achetée <eos>,6,achetée,acheté,4,M,achetée,-7.9219522,acheté,-11.93687,1
1531,S_NOUN_1_PASS_b,F,S,la jupe avec le crayon était brisée <eos>,6,brisée,brisé,4,M,brisée,-8.598421,brisé,-13.0306225,1
1532,S_NOUN_1_PASS_b,F,S,la jupe avec le crayon était cachée <eos>,6,cachée,caché,4,M,cachée,-7.9131393,caché,-10.590965,1
1533,S_NOUN_1_PASS_b,F,S,la jupe avec le crayon était cassée <eos>,6,cassée,cassé,4,M,cassée,-8.308457,cassé,-11.987837,1
1534,S_NOUN_1_PASS_b,F,S,la jupe avec le crayon était couverte <eos>,6,couverte,couvert,4,M,couverte,-5.8963265,couvert,-9.971317,1
1535,S_NOUN_1_PASS_b,F,S,la jupe avec le crayon était déformée <eos>,6,déformée,déformé,4,M,déformée,-8.74571,déformé,-13.528505,1
1536,S_NOUN_1_PASS_b,F,S,la jupe avec le crayon était fixée <eos>,6,fixée,fixé,4,M,fixée,-5.5805964,fixé,-9.107586,1
1537,S_NOUN_1_PASS_b,F,S,la jupe avec le crayon était jetée <eos>,6,jetée,jeté,4,M,jetée,-9.001879,jeté,-12.326826,1
1538,S_NOUN_1_PASS_b,F,S,la jupe avec le crayon était laissée <eos>,6,laissée,laissé,4,M,laissée,-6.5320563,laissé,-11.050108,1
1539,S_NOUN_1_PASS_b,F,S,la jupe avec le crayon était ouverte <eos>,6,ouverte,ouvert,4,M,ouverte,-5.5785713,ouvert,-10.540233,1
1540,S_NOUN_1_PASS_b,F,S,la jupe avec le crayon était perdue <eos>,6,perdue,perdu,4,M,perdue,-7.722825,perdu,-11.674689,1
1541,S_NOUN_1_PASS_b,F,S,la jupe avec le crayon était réparée <eos>,6,réparée,réparé,4,M,réparée,-10.054163,réparé,-15.123253,1
1542,S_NOUN_1_PASS_b,F,S,la jupe avec le crayon était retirée <eos>,6,retirée,retiré,4,M,retirée,-7.6067653,retiré,-10.205553,1
1543,S_NOUN_1_PASS_b,F,S,la jupe avec le crayon était tombée <eos>,6,tombée,tombé,4,M,tombée,-8.038725,tombé,-10.495175,1
1544,S_NOUN_1_PASS_b,F,S,la jupe avec le crayon était utilisée <eos>,6,utilisée,utilisé,4,M,utilisée,-3.3078492,utilisé,-7.322444,1
1545,S_NOUN_1_PASS_b,F,S,la jupe avec le rideau était achetée <eos>,6,achetée,acheté,4,M,achetée,-8.438911,acheté,-11.937368,1
1546,S_NOUN_1_PASS_b,F,S,la jupe avec le rideau était brisée <eos>,6,brisée,brisé,4,M,brisée,-7.770233,brisé,-10.930739,1
1547,S_NOUN_1_PASS_b,F,S,la jupe avec le rideau était cachée <eos>,6,cachée,caché,4,M,cachée,-8.316858,caché,-10.227187,1
1548,S_NOUN_1_PASS_b,F,S,la jupe avec le rideau était cassée <eos>,6,cassée,cassé,4,M,cassée,-8.6379175,cassé,-9.454921,1
1549,S_NOUN_1_PASS_b,F,S,la jupe avec le rideau était couverte <eos>,6,couverte,couvert,4,M,couverte,-5.7950263,couvert,-8.757256,1
1550,S_NOUN_1_PASS_b,F,S,la jupe avec le rideau était déformée <eos>,6,déformée,déformé,4,M,déformée,-8.886521,déformé,-12.829599,1
1551,S_NOUN_1_PASS_b,F,S,la jupe avec le rideau était fixée <eos>,6,fixée,fixé,4,M,fixée,-5.62924,fixé,-8.563553,1
1552,S_NOUN_1_PASS_b,F,S,la jupe avec le rideau était jetée <eos>,6,jetée,jeté,4,M,jetée,-9.849205,jeté,-11.630596,1
1553,S_NOUN_1_PASS_b,F,S,la jupe avec le rideau était laissée <eos>,6,laissée,laissé,4,M,laissée,-7.180404,laissé,-10.402727,1
1554,S_NOUN_1_PASS_b,F,S,la jupe avec le rideau était ouverte <eos>,6,ouverte,ouvert,4,M,ouverte,-6.2487116,ouvert,-9.782778,1
1555,S_NOUN_1_PASS_b,F,S,la jupe avec le rideau était perdue <eos>,6,perdue,perdu,4,M,perdue,-9.247408,perdu,-11.749235,1
1556,S_NOUN_1_PASS_b,F,S,la jupe avec le rideau était réparée <eos>,6,réparée,réparé,4,M,réparée,-10.129723,réparé,-13.703646,1
1557,S_NOUN_1_PASS_b,F,S,la jupe avec le rideau était retirée <eos>,6,retirée,retiré,4,M,retirée,-6.493207,retiré,-9.156388,1
1558,S_NOUN_1_PASS_b,F,S,la jupe avec le rideau était tombée <eos>,6,tombée,tombé,4,M,tombée,-8.268133,tombé,-9.448718,1
1559,S_NOUN_1_PASS_b,F,S,la jupe avec le rideau était utilisée <eos>,6,utilisée,utilisé,4,M,utilisée,-4.4150085,utilisé,-7.2103806,1
1560,S_NOUN_1_PASS_b,F,S,la jupe avec le cahier était achetée <eos>,6,achetée,acheté,4,M,achetée,-8.910058,acheté,-11.2736635,1
1561,S_NOUN_1_PASS_b,F,S,la jupe avec le cahier était brisée <eos>,6,brisée,brisé,4,M,brisée,-9.169939,brisé,-10.919732,1
1562,S_NOUN_1_PASS_b,F,S,la jupe avec le cahier était cachée <eos>,6,cachée,caché,4,M,cachée,-9.790036,caché,-10.346558,1
1563,S_NOUN_1_PASS_b,F,S,la jupe avec le cahier était cassée <eos>,6,cassée,cassé,4,M,cassée,-9.44751,cassé,-10.343329,1
1564,S_NOUN_1_PASS_b,F,S,la jupe avec le cahier était couverte <eos>,6,couverte,couvert,4,M,couverte,-6.0439544,couvert,-8.750607,1
1565,S_NOUN_1_PASS_b,F,S,la jupe avec le cahier était déformée <eos>,6,déformée,déformé,4,M,déformée,-9.830622,déformé,-12.938601,1
1566,S_NOUN_1_PASS_b,F,S,la jupe avec le cahier était fixée <eos>,6,fixée,fixé,4,M,fixée,-5.0366125,fixé,-7.1937227,1
1567,S_NOUN_1_PASS_b,F,S,la jupe avec le cahier était jetée <eos>,6,jetée,jeté,4,M,jetée,-10.284833,jeté,-11.782821,1
1568,S_NOUN_1_PASS_b,F,S,la jupe avec le cahier était laissée <eos>,6,laissée,laissé,4,M,laissée,-8.038264,laissé,-10.9036665,1
1569,S_NOUN_1_PASS_b,F,S,la jupe avec le cahier était ouverte <eos>,6,ouverte,ouvert,4,M,ouverte,-5.7360187,ouvert,-8.683996,1
1570,S_NOUN_1_PASS_b,F,S,la jupe avec le cahier était perdue <eos>,6,perdue,perdu,4,M,perdue,-9.041576,perdu,-10.731195,1
1571,S_NOUN_1_PASS_b,F,S,la jupe avec le cahier était réparée <eos>,6,réparée,réparé,4,M,réparée,-10.199349,réparé,-14.055378,1
1572,S_NOUN_1_PASS_b,F,S,la jupe avec le cahier était retirée <eos>,6,retirée,retiré,4,M,retirée,-7.0288954,retiré,-8.034825,1
1573,S_NOUN_1_PASS_b,F,S,la jupe avec le cahier était tombée <eos>,6,tombée,tombé,4,M,tombée,-7.9127383,tombé,-9.354805,1
1574,S_NOUN_1_PASS_b,F,S,la jupe avec le cahier était utilisée <eos>,6,utilisée,utilisé,4,M,utilisée,-4.2660336,utilisé,-6.6320577,1
1575,S_NOUN_1_PASS_b,F,S,la jupe avec le micro était achetée <eos>,6,achetée,acheté,4,M,achetée,-8.936296,acheté,-12.287491,1
1576,S_NOUN_1_PASS_b,F,S,la jupe avec le micro était brisée <eos>,6,brisée,brisé,4,M,brisée,-8.574811,brisé,-11.4424715,1
1577,S_NOUN_1_PASS_b,F,S,la jupe avec le micro était cachée <eos>,6,cachée,caché,4,M,cachée,-8.585552,caché,-10.606014,1
1578,S_NOUN_1_PASS_b,F,S,la jupe avec le micro était cassée <eos>,6,cassée,cassé,4,M,cassée,-7.749057,cassé,-8.689307,1
1579,S_NOUN_1_PASS_b,F,S,la jupe avec le micro était couverte <eos>,6,couverte,couvert,4,M,couverte,-5.767166,couvert,-9.003999,1
1580,S_NOUN_1_PASS_b,F,S,la jupe avec le micro était déformée <eos>,6,déformée,déformé,4,M,déformée,-8.741299,déformé,-13.055086,1
1581,S_NOUN_1_PASS_b,F,S,la jupe avec le micro était fixée <eos>,6,fixée,fixé,4,M,fixée,-5.1819096,fixé,-7.9571257,1
1582,S_NOUN_1_PASS_b,F,S,la jupe avec le micro était jetée <eos>,6,jetée,jeté,4,M,jetée,-9.915258,jeté,-11.687017,1
1583,S_NOUN_1_PASS_b,F,S,la jupe avec le micro était laissée <eos>,6,laissée,laissé,4,M,laissée,-7.5142894,laissé,-10.665373,1
1584,S_NOUN_1_PASS_b,F,S,la jupe avec le micro était ouverte <eos>,6,ouverte,ouvert,4,M,ouverte,-5.877282,ouvert,-9.370799,1
1585,S_NOUN_1_PASS_b,F,S,la jupe avec le micro était perdue <eos>,6,perdue,perdu,4,M,perdue,-9.702053,perdu,-12.65255,1
1586,S_NOUN_1_PASS_b,F,S,la jupe avec le micro était réparée <eos>,6,réparée,réparé,4,M,réparée,-10.401147,réparé,-14.87492,1
1587,S_NOUN_1_PASS_b,F,S,la jupe avec le micro était retirée <eos>,6,retirée,retiré,4,M,retirée,-7.374136,retiré,-9.120474,1
1588,S_NOUN_1_PASS_b,F,S,la jupe avec le micro était tombée <eos>,6,tombée,tombé,4,M,tombée,-8.991316,tombé,-9.975733,1
1589,S_NOUN_1_PASS_b,F,S,la jupe avec le micro était utilisée <eos>,6,utilisée,utilisé,4,M,utilisée,-4.809199,utilisé,-7.591741,1
1590,S_NOUN_1_PASS_b,F,S,la jupe avec le sac était achetée <eos>,6,achetée,acheté,4,M,achetée,-7.9979725,acheté,-11.256576,1
1591,S_NOUN_1_PASS_b,F,S,la jupe avec le sac était brisée <eos>,6,brisée,brisé,4,M,brisée,-8.09713,brisé,-11.70015,1
1592,S_NOUN_1_PASS_b,F,S,la jupe avec le sac était cachée <eos>,6,cachée,caché,4,M,cachée,-7.8939085,caché,-10.155055,1
1593,S_NOUN_1_PASS_b,F,S,la jupe avec le sac était cassée <eos>,6,cassée,cassé,4,M,cassée,-7.587914,cassé,-9.694239,1
1594,S_NOUN_1_PASS_b,F,S,la jupe avec le sac était couverte <eos>,6,couverte,couvert,4,M,couverte,-5.2711716,couvert,-8.590383,1
1595,S_NOUN_1_PASS_b,F,S,la jupe avec le sac était déformée <eos>,6,déformée,déformé,4,M,déformée,-8.697085,déformé,-12.739497,1
1596,S_NOUN_1_PASS_b,F,S,la jupe avec le sac était fixée <eos>,6,fixée,fixé,4,M,fixée,-5.0371943,fixé,-8.114549,1
1597,S_NOUN_1_PASS_b,F,S,la jupe avec le sac était jetée <eos>,6,jetée,jeté,4,M,jetée,-9.086574,jeté,-11.082867,1
1598,S_NOUN_1_PASS_b,F,S,la jupe avec le sac était laissée <eos>,6,laissée,laissé,4,M,laissée,-6.980184,laissé,-10.174496,1
1599,S_NOUN_1_PASS_b,F,S,la jupe avec le sac était ouverte <eos>,6,ouverte,ouvert,4,M,ouverte,-5.0744486,ouvert,-9.283148,1
1600,S_NOUN_1_PASS_b,F,S,la jupe avec le sac était perdue <eos>,6,perdue,perdu,4,M,perdue,-8.38953,perdu,-11.937105,1
1601,S_NOUN_1_PASS_b,F,S,la jupe avec le sac était réparée <eos>,6,réparée,réparé,4,M,réparée,-10.038298,réparé,-14.056091,1
1602,S_NOUN_1_PASS_b,F,S,la jupe avec le sac était retirée <eos>,6,retirée,retiré,4,M,retirée,-6.498274,retiré,-8.629375,1
1603,S_NOUN_1_PASS_b,F,S,la jupe avec le sac était tombée <eos>,6,tombée,tombé,4,M,tombée,-8.939049,tombé,-10.166136,1
1604,S_NOUN_1_PASS_b,F,S,la jupe avec le sac était utilisée <eos>,6,utilisée,utilisé,4,M,utilisée,-4.5022826,utilisé,-7.70699,1
1605,S_NOUN_1_PASS_b,F,S,la jupe avec le clavier était achetée <eos>,6,achetée,acheté,4,M,achetée,-9.6343355,acheté,-11.967773,1
1606,S_NOUN_1_PASS_b,F,S,la jupe avec le clavier était brisée <eos>,6,brisée,brisé,4,M,brisée,-9.05519,brisé,-12.259186,1
1607,S_NOUN_1_PASS_b,F,S,la jupe avec le clavier était cachée <eos>,6,cachée,caché,4,M,cachée,-8.198208,caché,-10.702763,1
1608,S_NOUN_1_PASS_b,F,S,la jupe avec le clavier était cassée <eos>,6,cassée,cassé,4,M,cassée,-8.304992,cassé,-10.371515,1
1609,S_NOUN_1_PASS_b,F,S,la jupe avec le clavier était couverte <eos>,6,couverte,couvert,4,M,couverte,-5.409256,couvert,-9.335792,1
1610,S_NOUN_1_PASS_b,F,S,la jupe avec le clavier était déformée <eos>,6,déformée,déformé,4,M,déformée,-8.911514,déformé,-13.888574,1
1611,S_NOUN_1_PASS_b,F,S,la jupe avec le clavier était fixée <eos>,6,fixée,fixé,4,M,fixée,-4.9089317,fixé,-8.008217,1
1612,S_NOUN_1_PASS_b,F,S,la jupe avec le clavier était jetée <eos>,6,jetée,jeté,4,M,jetée,-11.010295,jeté,-13.042045,1
1613,S_NOUN_1_PASS_b,F,S,la jupe avec le clavier était laissée <eos>,6,laissée,laissé,4,M,laissée,-7.941428,laissé,-11.210885,1
1614,S_NOUN_1_PASS_b,F,S,la jupe avec le clavier était ouverte <eos>,6,ouverte,ouvert,4,M,ouverte,-5.6730475,ouvert,-9.057565,1
1615,S_NOUN_1_PASS_b,F,S,la jupe avec le clavier était perdue <eos>,6,perdue,perdu,4,M,perdue,-9.323778,perdu,-12.539703,1
1616,S_NOUN_1_PASS_b,F,S,la jupe avec le clavier était réparée <eos>,6,réparée,réparé,4,M,réparée,-10.375862,réparé,-15.117028,1
1617,S_NOUN_1_PASS_b,F,S,la jupe avec le clavier était retirée <eos>,6,retirée,retiré,4,M,retirée,-8.414906,retiré,-10.068586,1
1618,S_NOUN_1_PASS_b,F,S,la jupe avec le clavier était tombée <eos>,6,tombée,tombé,4,M,tombée,-8.072527,tombé,-10.422295,1
1619,S_NOUN_1_PASS_b,F,S,la jupe avec le clavier était utilisée <eos>,6,utilisée,utilisé,4,M,utilisée,-4.6619387,utilisé,-7.550703,1
1620,S_NOUN_1_PASS_b,F,S,la jupe avec le raisin était achetée <eos>,6,achetée,acheté,4,M,achetée,-8.133536,acheté,-11.715271,1
1621,S_NOUN_1_PASS_b,F,S,la jupe avec le raisin était brisée <eos>,6,brisée,brisé,4,M,brisée,-9.305375,brisé,-14.141499,1
1622,S_NOUN_1_PASS_b,F,S,la jupe avec le raisin était cachée <eos>,6,cachée,caché,4,M,cachée,-9.287002,caché,-11.727277,1
1623,S_NOUN_1_PASS_b,F,S,la jupe avec le raisin était cassée <eos>,6,cassée,cassé,4,M,cassée,-8.079632,cassé,-10.276703,1
1624,S_NOUN_1_PASS_b,F,S,la jupe avec le raisin était couverte <eos>,6,couverte,couvert,4,M,couverte,-6.2499137,couvert,-9.917422,1
1625,S_NOUN_1_PASS_b,F,S,la jupe avec le raisin était déformée <eos>,6,déformée,déformé,4,M,déformée,-9.347066,déformé,-14.20171,1
1626,S_NOUN_1_PASS_b,F,S,la jupe avec le raisin était fixée <eos>,6,fixée,fixé,4,M,fixée,-5.385717,fixé,-8.6535225,1
1627,S_NOUN_1_PASS_b,F,S,la jupe avec le raisin était jetée <eos>,6,jetée,jeté,4,M,jetée,-9.512858,jeté,-12.186977,1
1628,S_NOUN_1_PASS_b,F,S,la jupe avec le raisin était laissée <eos>,6,laissée,laissé,4,M,laissée,-7.699459,laissé,-10.898176,1
1629,S_NOUN_1_PASS_b,F,S,la jupe avec le raisin était ouverte <eos>,6,ouverte,ouvert,4,M,ouverte,-5.835524,ouvert,-10.044393,1
1630,S_NOUN_1_PASS_b,F,S,la jupe avec le raisin était perdue <eos>,6,perdue,perdu,4,M,perdue,-9.297922,perdu,-12.491257,1
1631,S_NOUN_1_PASS_b,F,S,la jupe avec le raisin était réparée <eos>,6,réparée,réparé,4,M,réparée,-10.829246,réparé,-14.947341,1
1632,S_NOUN_1_PASS_b,F,S,la jupe avec le raisin était retirée <eos>,6,retirée,retiré,4,M,retirée,-7.2973895,retiré,-9.613783,1
1633,S_NOUN_1_PASS_b,F,S,la jupe avec le raisin était tombée <eos>,6,tombée,tombé,4,M,tombée,-8.04696,tombé,-10.954541,1
1634,S_NOUN_1_PASS_b,F,S,la jupe avec le raisin était utilisée <eos>,6,utilisée,utilisé,4,M,utilisée,-4.3856735,utilisé,-7.6710873,1
1635,S_NOUN_1_PASS_b,F,S,la jupe avec le chargeur était achetée <eos>,6,achetée,acheté,4,M,achetée,-9.873756,acheté,-12.397394,1
1636,S_NOUN_1_PASS_b,F,S,la jupe avec le chargeur était brisée <eos>,6,brisée,brisé,4,M,brisée,-8.454063,brisé,-11.69884,1
1637,S_NOUN_1_PASS_b,F,S,la jupe avec le chargeur était cachée <eos>,6,cachée,caché,4,M,cachée,-8.381617,caché,-11.091459,1
1638,S_NOUN_1_PASS_b,F,S,la jupe avec le chargeur était cassée <eos>,6,cassée,cassé,4,M,cassée,-7.8186235,cassé,-10.204183,1
1639,S_NOUN_1_PASS_b,F,S,la jupe avec le chargeur était couverte <eos>,6,couverte,couvert,4,M,couverte,-5.7904663,couvert,-9.27826,1
1640,S_NOUN_1_PASS_b,F,S,la jupe avec le chargeur était déformée <eos>,6,déformée,déformé,4,M,déformée,-8.796162,déformé,-13.403086,1
1641,S_NOUN_1_PASS_b,F,S,la jupe avec le chargeur était fixée <eos>,6,fixée,fixé,4,M,fixée,-4.940896,fixé,-8.049452,1
1642,S_NOUN_1_PASS_b,F,S,la jupe avec le chargeur était jetée <eos>,6,jetée,jeté,4,M,jetée,-10.340093,jeté,-12.551196,1
1643,S_NOUN_1_PASS_b,F,S,la jupe avec le chargeur était laissée <eos>,6,laissée,laissé,4,M,laissée,-7.8824577,laissé,-11.01591,1
1644,S_NOUN_1_PASS_b,F,S,la jupe avec le chargeur était ouverte <eos>,6,ouverte,ouvert,4,M,ouverte,-5.855587,ouvert,-9.590252,1
1645,S_NOUN_1_PASS_b,F,S,la jupe avec le chargeur était perdue <eos>,6,perdue,perdu,4,M,perdue,-9.788616,perdu,-12.453453,1
1646,S_NOUN_1_PASS_b,F,S,la jupe avec le chargeur était réparée <eos>,6,réparée,réparé,4,M,réparée,-9.579852,réparé,-14.718208,1
1647,S_NOUN_1_PASS_b,F,S,la jupe avec le chargeur était retirée <eos>,6,retirée,retiré,4,M,retirée,-7.2181907,retiré,-9.092556,1
1648,S_NOUN_1_PASS_b,F,S,la jupe avec le chargeur était tombée <eos>,6,tombée,tombé,4,M,tombée,-9.587556,tombé,-11.001719,1
1649,S_NOUN_1_PASS_b,F,S,la jupe avec le chargeur était utilisée <eos>,6,utilisée,utilisé,4,M,utilisée,-4.6915073,utilisé,-7.714793,1
1650,S_NOUN_1_PASS_b,F,S,la jupe avec le vase était achetée <eos>,6,achetée,acheté,4,M,achetée,-8.363759,acheté,-11.677655,1
1651,S_NOUN_1_PASS_b,F,S,la jupe avec le vase était brisée <eos>,6,brisée,brisé,4,M,brisée,-8.0889635,brisé,-11.183584,1
1652,S_NOUN_1_PASS_b,F,S,la jupe avec le vase était cachée <eos>,6,cachée,caché,4,M,cachée,-8.450343,caché,-10.637383,1
1653,S_NOUN_1_PASS_b,F,S,la jupe avec le vase était cassée <eos>,6,cassée,cassé,4,M,cassée,-8.134325,cassé,-10.586151,1
1654,S_NOUN_1_PASS_b,F,S,la jupe avec le vase était couverte <eos>,6,couverte,couvert,4,M,couverte,-4.7891703,couvert,-8.59563,1
1655,S_NOUN_1_PASS_b,F,S,la jupe avec le vase était déformée <eos>,6,déformée,déformé,4,M,déformée,-9.253884,déformé,-13.487722,1
1656,S_NOUN_1_PASS_b,F,S,la jupe avec le vase était fixée <eos>,6,fixée,fixé,4,M,fixée,-5.097872,fixé,-8.277257,1
1657,S_NOUN_1_PASS_b,F,S,la jupe avec le vase était jetée <eos>,6,jetée,jeté,4,M,jetée,-9.427334,jeté,-11.51762,1
1658,S_NOUN_1_PASS_b,F,S,la jupe avec le vase était laissée <eos>,6,laissée,laissé,4,M,laissée,-7.1005774,laissé,-10.355443,1
1659,S_NOUN_1_PASS_b,F,S,la jupe avec le vase était ouverte <eos>,6,ouverte,ouvert,4,M,ouverte,-5.5132885,ouvert,-9.734062,1
1660,S_NOUN_1_PASS_b,F,S,la jupe avec le vase était perdue <eos>,6,perdue,perdu,4,M,perdue,-8.487429,perdu,-11.69701,1
1661,S_NOUN_1_PASS_b,F,S,la jupe avec le vase était réparée <eos>,6,réparée,réparé,4,M,réparée,-9.798049,réparé,-14.050978,1
1662,S_NOUN_1_PASS_b,F,S,la jupe avec le vase était retirée <eos>,6,retirée,retiré,4,M,retirée,-7.2000585,retiré,-10.03894,1
1663,S_NOUN_1_PASS_b,F,S,la jupe avec le vase était tombée <eos>,6,tombée,tombé,4,M,tombée,-7.6967487,tombé,-10.342935,1
1664,S_NOUN_1_PASS_b,F,S,la jupe avec le vase était utilisée <eos>,6,utilisée,utilisé,4,M,utilisée,-4.7177725,utilisé,-7.8818703,1
1665,S_NOUN_1_PASS_b,F,S,la jupe avec le panier était achetée <eos>,6,achetée,acheté,4,M,achetée,-9.204817,acheté,-12.421886,1
1666,S_NOUN_1_PASS_b,F,S,la jupe avec le panier était brisée <eos>,6,brisée,brisé,4,M,brisée,-8.687679,brisé,-11.643904,1
1667,S_NOUN_1_PASS_b,F,S,la jupe avec le panier était cachée <eos>,6,cachée,caché,4,M,cachée,-8.837559,caché,-11.022123,1
1668,S_NOUN_1_PASS_b,F,S,la jupe avec le panier était cassée <eos>,6,cassée,cassé,4,M,cassée,-8.199646,cassé,-10.247379,1
1669,S_NOUN_1_PASS_b,F,S,la jupe avec le panier était couverte <eos>,6,couverte,couvert,4,M,couverte,-5.5885468,couvert,-8.617757,1
1670,S_NOUN_1_PASS_b,F,S,la jupe avec le panier était déformée <eos>,6,déformée,déformé,4,M,déformée,-9.000846,déformé,-13.81071,1
1671,S_NOUN_1_PASS_b,F,S,la jupe avec le panier était fixée <eos>,6,fixée,fixé,4,M,fixée,-5.3713503,fixé,-8.137651,1
1672,S_NOUN_1_PASS_b,F,S,la jupe avec le panier était jetée <eos>,6,jetée,jeté,4,M,jetée,-10.4357395,jeté,-12.375405,1
1673,S_NOUN_1_PASS_b,F,S,la jupe avec le panier était laissée <eos>,6,laissée,laissé,4,M,laissée,-7.119462,laissé,-10.653915,1
1674,S_NOUN_1_PASS_b,F,S,la jupe avec le panier était ouverte <eos>,6,ouverte,ouvert,4,M,ouverte,-5.821233,ouvert,-9.498825,1
1675,S_NOUN_1_PASS_b,F,S,la jupe avec le panier était perdue <eos>,6,perdue,perdu,4,M,perdue,-9.668868,perdu,-12.778835,1
1676,S_NOUN_1_PASS_b,F,S,la jupe avec le panier était réparée <eos>,6,réparée,réparé,4,M,réparée,-10.272542,réparé,-14.514288,1
1677,S_NOUN_1_PASS_b,F,S,la jupe avec le panier était retirée <eos>,6,retirée,retiré,4,M,retirée,-7.2438135,retiré,-9.935428,1
1678,S_NOUN_1_PASS_b,F,S,la jupe avec le panier était tombée <eos>,6,tombée,tombé,4,M,tombée,-8.887725,tombé,-10.506987,1
1679,S_NOUN_1_PASS_b,F,S,la jupe avec le panier était utilisée <eos>,6,utilisée,utilisé,4,M,utilisée,-4.8348575,utilisé,-7.538297,1
1680,S_NOUN_1_PASS_b,F,S,la jupe avec le collier était achetée <eos>,6,achetée,acheté,4,M,achetée,-8.395275,acheté,-11.753743,1
1681,S_NOUN_1_PASS_b,F,S,la jupe avec le collier était brisée <eos>,6,brisée,brisé,4,M,brisée,-8.698544,brisé,-11.644745,1
1682,S_NOUN_1_PASS_b,F,S,la jupe avec le collier était cachée <eos>,6,cachée,caché,4,M,cachée,-8.2003,caché,-10.468166,1
1683,S_NOUN_1_PASS_b,F,S,la jupe avec le collier était cassée <eos>,6,cassée,cassé,4,M,cassée,-8.804608,cassé,-9.747824,1
1684,S_NOUN_1_PASS_b,F,S,la jupe avec le collier était couverte <eos>,6,couverte,couvert,4,M,couverte,-5.9562426,couvert,-9.167378,1
1685,S_NOUN_1_PASS_b,F,S,la jupe avec le collier était déformée <eos>,6,déformée,déformé,4,M,déformée,-9.471768,déformé,-13.149642,1
1686,S_NOUN_1_PASS_b,F,S,la jupe avec le collier était fixée <eos>,6,fixée,fixé,4,M,fixée,-5.4512215,fixé,-8.15886,1
1687,S_NOUN_1_PASS_b,F,S,la jupe avec le collier était jetée <eos>,6,jetée,jeté,4,M,jetée,-10.235943,jeté,-11.616501,1
1688,S_NOUN_1_PASS_b,F,S,la jupe avec le collier était laissée <eos>,6,laissée,laissé,4,M,laissée,-7.6456566,laissé,-10.619604,1
1689,S_NOUN_1_PASS_b,F,S,la jupe avec le collier était ouverte <eos>,6,ouverte,ouvert,4,M,ouverte,-6.1083593,ouvert,-10.1380625,1
1690,S_NOUN_1_PASS_b,F,S,la jupe avec le collier était perdue <eos>,6,perdue,perdu,4,M,perdue,-9.4549,perdu,-12.45911,1
1691,S_NOUN_1_PASS_b,F,S,la jupe avec le collier était réparée <eos>,6,réparée,réparé,4,M,réparée,-10.898907,réparé,-14.873528,1
1692,S_NOUN_1_PASS_b,F,S,la jupe avec le collier était retirée <eos>,6,retirée,retiré,4,M,retirée,-7.463606,retiré,-9.379194,1
1693,S_NOUN_1_PASS_b,F,S,la jupe avec le collier était tombée <eos>,6,tombée,tombé,4,M,tombée,-8.4089365,tombé,-10.09066,1
1694,S_NOUN_1_PASS_b,F,S,la jupe avec le collier était utilisée <eos>,6,utilisée,utilisé,4,M,utilisée,-4.8670025,utilisé,-7.6090603,1
1695,S_NOUN_1_PASS_b,F,S,la jupe avec le chapeau était achetée <eos>,6,achetée,acheté,4,M,achetée,-8.52825,acheté,-11.736025,1
1696,S_NOUN_1_PASS_b,F,S,la jupe avec le chapeau était brisée <eos>,6,brisée,brisé,4,M,brisée,-8.584315,brisé,-12.566125,1
1697,S_NOUN_1_PASS_b,F,S,la jupe avec le chapeau était cachée <eos>,6,cachée,caché,4,M,cachée,-8.807409,caché,-10.891958,1
1698,S_NOUN_1_PASS_b,F,S,la jupe avec le chapeau était cassée <eos>,6,cassée,cassé,4,M,cassée,-8.50353,cassé,-9.726767,1
1699,S_NOUN_1_PASS_b,F,S,la jupe avec le chapeau était couverte <eos>,6,couverte,couvert,4,M,couverte,-5.2529764,couvert,-9.130947,1
1700,S_NOUN_1_PASS_b,F,S,la jupe avec le chapeau était déformée <eos>,6,déformée,déformé,4,M,déformée,-8.615912,déformé,-12.616303,1
1701,S_NOUN_1_PASS_b,F,S,la jupe avec le chapeau était fixée <eos>,6,fixée,fixé,4,M,fixée,-5.41751,fixé,-8.158226,1
1702,S_NOUN_1_PASS_b,F,S,la jupe avec le chapeau était jetée <eos>,6,jetée,jeté,4,M,jetée,-10.06197,jeté,-11.91741,1
1703,S_NOUN_1_PASS_b,F,S,la jupe avec le chapeau était laissée <eos>,6,laissée,laissé,4,M,laissée,-7.590417,laissé,-10.810035,1
1704,S_NOUN_1_PASS_b,F,S,la jupe avec le chapeau était ouverte <eos>,6,ouverte,ouvert,4,M,ouverte,-6.0566645,ouvert,-10.376563,1
1705,S_NOUN_1_PASS_b,F,S,la jupe avec le chapeau était perdue <eos>,6,perdue,perdu,4,M,perdue,-9.818672,perdu,-12.543937,1
1706,S_NOUN_1_PASS_b,F,S,la jupe avec le chapeau était réparée <eos>,6,réparée,réparé,4,M,réparée,-10.280035,réparé,-14.915657,1
1707,S_NOUN_1_PASS_b,F,S,la jupe avec le chapeau était retirée <eos>,6,retirée,retiré,4,M,retirée,-7.4926596,retiré,-9.27685,1
1708,S_NOUN_1_PASS_b,F,S,la jupe avec le chapeau était tombée <eos>,6,tombée,tombé,4,M,tombée,-8.580621,tombé,-10.116944,1
1709,S_NOUN_1_PASS_b,F,S,la jupe avec le chapeau était utilisée <eos>,6,utilisée,utilisé,4,M,utilisée,-4.5095263,utilisé,-7.465497,1
1710,S_NOUN_1_PASS_b,F,S,la jupe avec le pot était achetée <eos>,6,achetée,acheté,4,M,achetée,-8.330524,acheté,-10.962483,1
1711,S_NOUN_1_PASS_b,F,S,la jupe avec le pot était brisée <eos>,6,brisée,brisé,4,M,brisée,-8.526612,brisé,-11.024122,1
1712,S_NOUN_1_PASS_b,F,S,la jupe avec le pot était cachée <eos>,6,cachée,caché,4,M,cachée,-8.538196,caché,-9.903603,1
1713,S_NOUN_1_PASS_b,F,S,la jupe avec le pot était cassée <eos>,6,cassée,cassé,4,M,cassée,-8.101027,cassé,-9.62401,1
1714,S_NOUN_1_PASS_b,F,S,la jupe avec le pot était couverte <eos>,6,couverte,couvert,4,M,couverte,-6.28952,couvert,-8.284014,1
1715,S_NOUN_1_PASS_b,F,S,la jupe avec le pot était déformée <eos>,6,déformée,déformé,4,M,déformée,-9.007404,déformé,-12.55699,1
1716,S_NOUN_1_PASS_b,F,S,la jupe avec le pot était fixée <eos>,6,fixée,fixé,4,M,fixée,-5.2758627,fixé,-7.5715027,1
1717,S_NOUN_1_PASS_b,F,S,la jupe avec le pot était jetée <eos>,6,jetée,jeté,4,M,jetée,-9.307639,jeté,-10.969372,1
1718,S_NOUN_1_PASS_b,F,S,la jupe avec le pot était laissée <eos>,6,laissée,laissé,4,M,laissée,-7.2277412,laissé,-10.160293,1
1719,S_NOUN_1_PASS_b,F,S,la jupe avec le pot était ouverte <eos>,6,ouverte,ouvert,4,M,ouverte,-5.9342704,ouvert,-8.897112,1
1720,S_NOUN_1_PASS_b,F,S,la jupe avec le pot était perdue <eos>,6,perdue,perdu,4,M,perdue,-9.245926,perdu,-11.766351,1
1721,S_NOUN_1_PASS_b,F,S,la jupe avec le pot était réparée <eos>,6,réparée,réparé,4,M,réparée,-10.034223,réparé,-13.354768,1
1722,S_NOUN_1_PASS_b,F,S,la jupe avec le pot était retirée <eos>,6,retirée,retiré,4,M,retirée,-7.1514645,retiré,-8.476986,1
1723,S_NOUN_1_PASS_b,F,S,la jupe avec le pot était tombée <eos>,6,tombée,tombé,4,M,tombée,-8.030284,tombé,-9.674091,1
1724,S_NOUN_1_PASS_b,F,S,la jupe avec le pot était utilisée <eos>,6,utilisée,utilisé,4,M,utilisée,-4.314137,utilisé,-6.6597686,1
1725,S_NOUN_1_PASS_b,F,S,la jupe avec le coussin était achetée <eos>,6,achetée,acheté,4,M,achetée,-9.042979,acheté,-12.332871,1
1726,S_NOUN_1_PASS_b,F,S,la jupe avec le coussin était brisée <eos>,6,brisée,brisé,4,M,brisée,-8.106899,brisé,-12.153034,1
1727,S_NOUN_1_PASS_b,F,S,la jupe avec le coussin était cachée <eos>,6,cachée,caché,4,M,cachée,-8.297874,caché,-10.490783,1
1728,S_NOUN_1_PASS_b,F,S,la jupe avec le coussin était cassée <eos>,6,cassée,cassé,4,M,cassée,-7.731141,cassé,-9.902579,1
1729,S_NOUN_1_PASS_b,F,S,la jupe avec le coussin était couverte <eos>,6,couverte,couvert,4,M,couverte,-5.4764023,couvert,-9.068294,1
1730,S_NOUN_1_PASS_b,F,S,la jupe avec le coussin était déformée <eos>,6,déformée,déformé,4,M,déformée,-9.446303,déformé,-13.576903,1
1731,S_NOUN_1_PASS_b,F,S,la jupe avec le coussin était fixée <eos>,6,fixée,fixé,4,M,fixée,-4.7706637,fixé,-8.21715,1
1732,S_NOUN_1_PASS_b,F,S,la jupe avec le coussin était jetée <eos>,6,jetée,jeté,4,M,jetée,-10.544502,jeté,-12.350785,1
1733,S_NOUN_1_PASS_b,F,S,la jupe avec le coussin était laissée <eos>,6,laissée,laissé,4,M,laissée,-7.2599845,laissé,-10.823233,1
1734,S_NOUN_1_PASS_b,F,S,la jupe avec le coussin était ouverte <eos>,6,ouverte,ouvert,4,M,ouverte,-5.141769,ouvert,-9.821689,1
1735,S_NOUN_1_PASS_b,F,S,la jupe avec le coussin était perdue <eos>,6,perdue,perdu,4,M,perdue,-10.007972,perdu,-12.959984,1
1736,S_NOUN_1_PASS_b,F,S,la jupe avec le coussin était réparée <eos>,6,réparée,réparé,4,M,réparée,-10.329736,réparé,-15.482926,1
1737,S_NOUN_1_PASS_b,F,S,la jupe avec le coussin était retirée <eos>,6,retirée,retiré,4,M,retirée,-7.581723,retiré,-10.105371,1
1738,S_NOUN_1_PASS_b,F,S,la jupe avec le coussin était tombée <eos>,6,tombée,tombé,4,M,tombée,-9.771175,tombé,-11.270552,1
1739,S_NOUN_1_PASS_b,F,S,la jupe avec le coussin était utilisée <eos>,6,utilisée,utilisé,4,M,utilisée,-4.677138,utilisé,-7.9426713,1
1740,S_NOUN_1_PASS_b,F,S,la jupe avec le jouet était achetée <eos>,6,achetée,acheté,4,M,achetée,-8.117558,acheté,-11.514908,1
1741,S_NOUN_1_PASS_b,F,S,la jupe avec le jouet était brisée <eos>,6,brisée,brisé,4,M,brisée,-8.464938,brisé,-11.848039,1
1742,S_NOUN_1_PASS_b,F,S,la jupe avec le jouet était cachée <eos>,6,cachée,caché,4,M,cachée,-8.123376,caché,-10.642437,1
1743,S_NOUN_1_PASS_b,F,S,la jupe avec le jouet était cassée <eos>,6,cassée,cassé,4,M,cassée,-8.381465,cassé,-11.060398,1
1744,S_NOUN_1_PASS_b,F,S,la jupe avec le jouet était couverte <eos>,6,couverte,couvert,4,M,couverte,-5.7014723,couvert,-9.607558,1
1745,S_NOUN_1_PASS_b,F,S,la jupe avec le jouet était déformée <eos>,6,déformée,déformé,4,M,déformée,-9.817025,déformé,-13.781768,1
1746,S_NOUN_1_PASS_b,F,S,la jupe avec le jouet était fixée <eos>,6,fixée,fixé,4,M,fixée,-5.0703955,fixé,-8.608297,1
1747,S_NOUN_1_PASS_b,F,S,la jupe avec le jouet était jetée <eos>,6,jetée,jeté,4,M,jetée,-10.189007,jeté,-11.889096,1
1748,S_NOUN_1_PASS_b,F,S,la jupe avec le jouet était laissée <eos>,6,laissée,laissé,4,M,laissée,-7.337142,laissé,-10.779317,1
1749,S_NOUN_1_PASS_b,F,S,la jupe avec le jouet était ouverte <eos>,6,ouverte,ouvert,4,M,ouverte,-5.623233,ouvert,-9.8004265,1
1750,S_NOUN_1_PASS_b,F,S,la jupe avec le jouet était perdue <eos>,6,perdue,perdu,4,M,perdue,-9.666082,perdu,-12.600908,1
1751,S_NOUN_1_PASS_b,F,S,la jupe avec le jouet était réparée <eos>,6,réparée,réparé,4,M,réparée,-10.325838,réparé,-14.281313,1
1752,S_NOUN_1_PASS_b,F,S,la jupe avec le jouet était retirée <eos>,6,retirée,retiré,4,M,retirée,-7.706415,retiré,-10.48128,1
1753,S_NOUN_1_PASS_b,F,S,la jupe avec le jouet était tombée <eos>,6,tombée,tombé,4,M,tombée,-8.609921,tombé,-10.003923,1
1754,S_NOUN_1_PASS_b,F,S,la jupe avec le jouet était utilisée <eos>,6,utilisée,utilisé,4,M,utilisée,-4.078162,utilisé,-6.9516296,1
1755,S_NOUN_1_PASS_b,F,S,la jupe avec le clou était achetée <eos>,6,achetée,acheté,4,M,achetée,-8.580063,acheté,-12.365957,1
1756,S_NOUN_1_PASS_b,F,S,la jupe avec le clou était brisée <eos>,6,brisée,brisé,4,M,brisée,-8.950727,brisé,-12.315781,1
1757,S_NOUN_1_PASS_b,F,S,la jupe avec le clou était cachée <eos>,6,cachée,caché,4,M,cachée,-8.567893,caché,-11.666379,1
1758,S_NOUN_1_PASS_b,F,S,la jupe avec le clou était cassée <eos>,6,cassée,cassé,4,M,cassée,-8.409778,cassé,-10.330494,1
1759,S_NOUN_1_PASS_b,F,S,la jupe avec le clou était couverte <eos>,6,couverte,couvert,4,M,couverte,-5.6993847,couvert,-9.436081,1
1760,S_NOUN_1_PASS_b,F,S,la jupe avec le clou était déformée <eos>,6,déformée,déformé,4,M,déformée,-8.881205,déformé,-13.626371,1
1761,S_NOUN_1_PASS_b,F,S,la jupe avec le clou était fixée <eos>,6,fixée,fixé,4,M,fixée,-4.792968,fixé,-7.930578,1
1762,S_NOUN_1_PASS_b,F,S,la jupe avec le clou était jetée <eos>,6,jetée,jeté,4,M,jetée,-9.162281,jeté,-12.100634,1
1763,S_NOUN_1_PASS_b,F,S,la jupe avec le clou était laissée <eos>,6,laissée,laissé,4,M,laissée,-6.954323,laissé,-10.802355,1
1764,S_NOUN_1_PASS_b,F,S,la jupe avec le clou était ouverte <eos>,6,ouverte,ouvert,4,M,ouverte,-6.230563,ouvert,-10.407289,1
1765,S_NOUN_1_PASS_b,F,S,la jupe avec le clou était perdue <eos>,6,perdue,perdu,4,M,perdue,-9.017344,perdu,-12.372535,1
1766,S_NOUN_1_PASS_b,F,S,la jupe avec le clou était réparée <eos>,6,réparée,réparé,4,M,réparée,-10.415535,réparé,-15.058327,1
1767,S_NOUN_1_PASS_b,F,S,la jupe avec le clou était retirée <eos>,6,retirée,retiré,4,M,retirée,-6.5352573,retiré,-9.264499,1
1768,S_NOUN_1_PASS_b,F,S,la jupe avec le clou était tombée <eos>,6,tombée,tombé,4,M,tombée,-7.6900663,tombé,-10.07742,1
1769,S_NOUN_1_PASS_b,F,S,la jupe avec le clou était utilisée <eos>,6,utilisée,utilisé,4,M,utilisée,-4.2215033,utilisé,-7.4839087,1
1770,S_NOUN_1_PASS_b,F,S,la jupe avec le billet était achetée <eos>,6,achetée,acheté,4,M,achetée,-8.427481,acheté,-10.999712,1
1771,S_NOUN_1_PASS_b,F,S,la jupe avec le billet était brisée <eos>,6,brisée,brisé,4,M,brisée,-8.9974785,brisé,-11.119972,1
1772,S_NOUN_1_PASS_b,F,S,la jupe avec le billet était cachée <eos>,6,cachée,caché,4,M,cachée,-8.577083,caché,-10.343895,1
1773,S_NOUN_1_PASS_b,F,S,la jupe avec le billet était cassée <eos>,6,cassée,cassé,4,M,cassée,-9.101586,cassé,-10.375736,1
1774,S_NOUN_1_PASS_b,F,S,la jupe avec le billet était couverte <eos>,6,couverte,couvert,4,M,couverte,-6.131198,couvert,-8.583778,1
1775,S_NOUN_1_PASS_b,F,S,la jupe avec le billet était déformée <eos>,6,déformée,déformé,4,M,déformée,-8.921412,déformé,-13.174894,1
1776,S_NOUN_1_PASS_b,F,S,la jupe avec le billet était fixée <eos>,6,fixée,fixé,4,M,fixée,-5.4784727,fixé,-7.5689907,1
1777,S_NOUN_1_PASS_b,F,S,la jupe avec le billet était jetée <eos>,6,jetée,jeté,4,M,jetée,-10.001731,jeté,-11.452776,1
1778,S_NOUN_1_PASS_b,F,S,la jupe avec le billet était laissée <eos>,6,laissée,laissé,4,M,laissée,-7.6279964,laissé,-9.776008,1
1779,S_NOUN_1_PASS_b,F,S,la jupe avec le billet était ouverte <eos>,6,ouverte,ouvert,4,M,ouverte,-6.003479,ouvert,-9.582559,1
1780,S_NOUN_1_PASS_b,F,S,la jupe avec le billet était perdue <eos>,6,perdue,perdu,4,M,perdue,-9.534924,perdu,-11.329445,1
1781,S_NOUN_1_PASS_b,F,S,la jupe avec le billet était réparée <eos>,6,réparée,réparé,4,M,réparée,-10.903599,réparé,-14.215022,1
1782,S_NOUN_1_PASS_b,F,S,la jupe avec le billet était retirée <eos>,6,retirée,retiré,4,M,retirée,-7.7704954,retiré,-8.515325,1
1783,S_NOUN_1_PASS_b,F,S,la jupe avec le billet était tombée <eos>,6,tombée,tombé,4,M,tombée,-8.633828,tombé,-10.040875,1
1784,S_NOUN_1_PASS_b,F,S,la jupe avec le billet était utilisée <eos>,6,utilisée,utilisé,4,M,utilisée,-5.436831,utilisé,-7.434726,1
1785,S_NOUN_1_PASS_b,F,S,la jupe avec le légume était achetée <eos>,6,achetée,acheté,4,M,achetée,-8.894195,acheté,-11.596158,1
1786,S_NOUN_1_PASS_b,F,S,la jupe avec le légume était brisée <eos>,6,brisée,brisé,4,M,brisée,-9.739859,brisé,-12.632771,1
1787,S_NOUN_1_PASS_b,F,S,la jupe avec le légume était cachée <eos>,6,cachée,caché,4,M,cachée,-9.109743,caché,-11.185066,1
1788,S_NOUN_1_PASS_b,F,S,la jupe avec le légume était cassée <eos>,6,cassée,cassé,4,M,cassée,-8.447101,cassé,-11.062124,1
1789,S_NOUN_1_PASS_b,F,S,la jupe avec le légume était couverte <eos>,6,couverte,couvert,4,M,couverte,-6.0710993,couvert,-9.892033,1
1790,S_NOUN_1_PASS_b,F,S,la jupe avec le légume était déformée <eos>,6,déformée,déformé,4,M,déformée,-10.116934,déformé,-14.713173,1
1791,S_NOUN_1_PASS_b,F,S,la jupe avec le légume était fixée <eos>,6,fixée,fixé,4,M,fixée,-6.0543585,fixé,-8.995154,1
1792,S_NOUN_1_PASS_b,F,S,la jupe avec le légume était jetée <eos>,6,jetée,jeté,4,M,jetée,-9.901999,jeté,-12.164956,1
1793,S_NOUN_1_PASS_b,F,S,la jupe avec le légume était laissée <eos>,6,laissée,laissé,4,M,laissée,-6.5700116,laissé,-10.52977,1
1794,S_NOUN_1_PASS_b,F,S,la jupe avec le légume était ouverte <eos>,6,ouverte,ouvert,4,M,ouverte,-6.376812,ouvert,-10.868845,1
1795,S_NOUN_1_PASS_b,F,S,la jupe avec le légume était perdue <eos>,6,perdue,perdu,4,M,perdue,-8.458689,perdu,-12.133114,1
1796,S_NOUN_1_PASS_b,F,S,la jupe avec le légume était réparée <eos>,6,réparée,réparé,4,M,réparée,-12.12188,réparé,-15.132858,1
1797,S_NOUN_1_PASS_b,F,S,la jupe avec le légume était retirée <eos>,6,retirée,retiré,4,M,retirée,-7.6225576,retiré,-10.088644,1
1798,S_NOUN_1_PASS_b,F,S,la jupe avec le légume était tombée <eos>,6,tombée,tombé,4,M,tombée,-7.7112064,tombé,-10.237336,1
1799,S_NOUN_1_PASS_b,F,S,la jupe avec le légume était utilisée <eos>,6,utilisée,utilisé,4,M,utilisée,-3.9995599,utilisé,-6.9402566,1
1800,S_NOUN_1_PASS_b,F,S,la colle avec le bracelet était achetée <eos>,6,achetée,acheté,4,M,achetée,-7.6431284,acheté,-10.411682,1
1801,S_NOUN_1_PASS_b,F,S,la colle avec le bracelet était brisée <eos>,6,brisée,brisé,4,M,brisée,-9.05506,brisé,-11.95046,1
1802,S_NOUN_1_PASS_b,F,S,la colle avec le bracelet était cachée <eos>,6,cachée,caché,4,M,cachée,-8.206319,caché,-9.844081,1
1803,S_NOUN_1_PASS_b,F,S,la colle avec le bracelet était cassée <eos>,6,cassée,cassé,4,M,cassée,-8.6645775,cassé,-11.09026,1
1804,S_NOUN_1_PASS_b,F,S,la colle avec le bracelet était couverte <eos>,6,couverte,couvert,4,M,couverte,-6.7817802,couvert,-9.7133255,1
1805,S_NOUN_1_PASS_b,F,S,la colle avec le bracelet était déformée <eos>,6,déformée,déformé,4,M,déformée,-10.647412,déformé,-12.460959,1
1806,S_NOUN_1_PASS_b,F,S,la colle avec le bracelet était fixée <eos>,6,fixée,fixé,4,M,fixée,-5.3230295,fixé,-7.474312,1
1807,S_NOUN_1_PASS_b,F,S,la colle avec le bracelet était jetée <eos>,6,jetée,jeté,4,M,jetée,-8.889334,jeté,-11.1388855,1
1808,S_NOUN_1_PASS_b,F,S,la colle avec le bracelet était laissée <eos>,6,laissée,laissé,4,M,laissée,-7.354043,laissé,-10.021265,1
1809,S_NOUN_1_PASS_b,F,S,la colle avec le bracelet était ouverte <eos>,6,ouverte,ouvert,4,M,ouverte,-6.411463,ouvert,-9.513923,1
1810,S_NOUN_1_PASS_b,F,S,la colle avec le bracelet était perdue <eos>,6,perdue,perdu,4,M,perdue,-8.912589,perdu,-11.517964,1
1811,S_NOUN_1_PASS_b,F,S,la colle avec le bracelet était réparée <eos>,6,réparée,réparé,4,M,réparée,-11.705833,réparé,-14.258338,1
1812,S_NOUN_1_PASS_b,F,S,la colle avec le bracelet était retirée <eos>,6,retirée,retiré,4,M,retirée,-7.7506685,retiré,-9.181689,1
1813,S_NOUN_1_PASS_b,F,S,la colle avec le bracelet était tombée <eos>,6,tombée,tombé,4,M,tombée,-8.596085,tombé,-10.079128,1
1814,S_NOUN_1_PASS_b,F,S,la colle avec le bracelet était utilisée <eos>,6,utilisée,utilisé,4,M,utilisée,-3.2177002,utilisé,-5.3400316,1
1815,S_NOUN_1_PASS_b,F,S,la colle avec le miroir était achetée <eos>,6,achetée,acheté,4,M,achetée,-8.336365,acheté,-11.069385,1
1816,S_NOUN_1_PASS_b,F,S,la colle avec le miroir était brisée <eos>,6,brisée,brisé,4,M,brisée,-8.402613,brisé,-11.47504,1
1817,S_NOUN_1_PASS_b,F,S,la colle avec le miroir était cachée <eos>,6,cachée,caché,4,M,cachée,-7.6214476,caché,-9.535254,1
1818,S_NOUN_1_PASS_b,F,S,la colle avec le miroir était cassée <eos>,6,cassée,cassé,4,M,cassée,-8.644466,cassé,-10.871233,1
1819,S_NOUN_1_PASS_b,F,S,la colle avec le miroir était couverte <eos>,6,couverte,couvert,4,M,couverte,-6.3672447,couvert,-9.283439,1
1820,S_NOUN_1_PASS_b,F,S,la colle avec le miroir était déformée <eos>,6,déformée,déformé,4,M,déformée,-9.815275,déformé,-12.092857,1
1821,S_NOUN_1_PASS_b,F,S,la colle avec le miroir était fixée <eos>,6,fixée,fixé,4,M,fixée,-5.601268,fixé,-7.4443455,1
1822,S_NOUN_1_PASS_b,F,S,la colle avec le miroir était jetée <eos>,6,jetée,jeté,4,M,jetée,-9.031191,jeté,-11.84518,1
1823,S_NOUN_1_PASS_b,F,S,la colle avec le miroir était laissée <eos>,6,laissée,laissé,4,M,laissée,-7.412834,laissé,-10.284699,1
1824,S_NOUN_1_PASS_b,F,S,la colle avec le miroir était ouverte <eos>,6,ouverte,ouvert,4,M,ouverte,-6.354871,ouvert,-9.698486,1
1825,S_NOUN_1_PASS_b,F,S,la colle avec le miroir était perdue <eos>,6,perdue,perdu,4,M,perdue,-8.749229,perdu,-12.042076,1
1826,S_NOUN_1_PASS_b,F,S,la colle avec le miroir était réparée <eos>,6,réparée,réparé,4,M,réparée,-11.265082,réparé,-13.867976,1
1827,S_NOUN_1_PASS_b,F,S,la colle avec le miroir était retirée <eos>,6,retirée,retiré,4,M,retirée,-7.41002,retiré,-9.150149,1
1828,S_NOUN_1_PASS_b,F,S,la colle avec le miroir était tombée <eos>,6,tombée,tombé,4,M,tombée,-8.721062,tombé,-10.549862,1
1829,S_NOUN_1_PASS_b,F,S,la colle avec le miroir était utilisée <eos>,6,utilisée,utilisé,4,M,utilisée,-3.376203,utilisé,-5.618876,1
1830,S_NOUN_1_PASS_b,F,S,la colle avec le crayon était achetée <eos>,6,achetée,acheté,4,M,achetée,-8.000846,acheté,-11.616773,1
1831,S_NOUN_1_PASS_b,F,S,la colle avec le crayon était brisée <eos>,6,brisée,brisé,4,M,brisée,-9.394942,brisé,-13.660619,1
1832,S_NOUN_1_PASS_b,F,S,la colle avec le crayon était cachée <eos>,6,cachée,caché,4,M,cachée,-8.32518,caché,-10.624342,1
1833,S_NOUN_1_PASS_b,F,S,la colle avec le crayon était cassée <eos>,6,cassée,cassé,4,M,cassée,-8.869785,cassé,-12.916704,1
1834,S_NOUN_1_PASS_b,F,S,la colle avec le crayon était couverte <eos>,6,couverte,couvert,4,M,couverte,-6.7169533,couvert,-10.48603,1
1835,S_NOUN_1_PASS_b,F,S,la colle avec le crayon était déformée <eos>,6,déformée,déformé,4,M,déformée,-9.488003,déformé,-12.995863,1
1836,S_NOUN_1_PASS_b,F,S,la colle avec le crayon était fixée <eos>,6,fixée,fixé,4,M,fixée,-6.566129,fixé,-9.02331,1
1837,S_NOUN_1_PASS_b,F,S,la colle avec le crayon était jetée <eos>,6,jetée,jeté,4,M,jetée,-9.027845,jeté,-12.869788,1
1838,S_NOUN_1_PASS_b,F,S,la colle avec le crayon était laissée <eos>,6,laissée,laissé,4,M,laissée,-6.7726088,laissé,-11.059691,1
1839,S_NOUN_1_PASS_b,F,S,la colle avec le crayon était ouverte <eos>,6,ouverte,ouvert,4,M,ouverte,-6.4229116,ouvert,-10.480277,1
1840,S_NOUN_1_PASS_b,F,S,la colle avec le crayon était perdue <eos>,6,perdue,perdu,4,M,perdue,-8.175389,perdu,-11.568595,1
1841,S_NOUN_1_PASS_b,F,S,la colle avec le crayon était réparée <eos>,6,réparée,réparé,4,M,réparée,-11.543317,réparé,-14.897396,1
1842,S_NOUN_1_PASS_b,F,S,la colle avec le crayon était retirée <eos>,6,retirée,retiré,4,M,retirée,-7.590189,retiré,-9.413159,1
1843,S_NOUN_1_PASS_b,F,S,la colle avec le crayon était tombée <eos>,6,tombée,tombé,4,M,tombée,-8.195774,tombé,-10.768366,1
1844,S_NOUN_1_PASS_b,F,S,la colle avec le crayon était utilisée <eos>,6,utilisée,utilisé,4,M,utilisée,-2.591876,utilisé,-5.8640566,1
1845,S_NOUN_1_PASS_b,F,S,la colle avec le rideau était achetée <eos>,6,achetée,acheté,4,M,achetée,-8.593756,acheté,-11.457638,1
1846,S_NOUN_1_PASS_b,F,S,la colle avec le rideau était brisée <eos>,6,brisée,brisé,4,M,brisée,-8.195869,brisé,-10.929411,1
1847,S_NOUN_1_PASS_b,F,S,la colle avec le rideau était cachée <eos>,6,cachée,caché,4,M,cachée,-8.228492,caché,-9.920253,1
1848,S_NOUN_1_PASS_b,F,S,la colle avec le rideau était cassée <eos>,6,cassée,cassé,4,M,cassée,-8.9171295,cassé,-10.965807,1
1849,S_NOUN_1_PASS_b,F,S,la colle avec le rideau était couverte <eos>,6,couverte,couvert,4,M,couverte,-6.4362555,couvert,-8.681009,1
1850,S_NOUN_1_PASS_b,F,S,la colle avec le rideau était déformée <eos>,6,déformée,déformé,4,M,déformée,-9.253636,déformé,-11.860413,1
1851,S_NOUN_1_PASS_b,F,S,la colle avec le rideau était fixée <eos>,6,fixée,fixé,4,M,fixée,-6.1767883,fixé,-7.8487816,1
1852,S_NOUN_1_PASS_b,F,S,la colle avec le rideau était jetée <eos>,6,jetée,jeté,4,M,jetée,-9.18034,jeté,-11.521362,1
1853,S_NOUN_1_PASS_b,F,S,la colle avec le rideau était laissée <eos>,6,laissée,laissé,4,M,laissée,-6.7991595,laissé,-9.691912,1
1854,S_NOUN_1_PASS_b,F,S,la colle avec le rideau était ouverte <eos>,6,ouverte,ouvert,4,M,ouverte,-6.6571846,ouvert,-9.318274,1
1855,S_NOUN_1_PASS_b,F,S,la colle avec le rideau était perdue <eos>,6,perdue,perdu,4,M,perdue,-9.245129,perdu,-11.388197,1
1856,S_NOUN_1_PASS_b,F,S,la colle avec le rideau était réparée <eos>,6,réparée,réparé,4,M,réparée,-11.392236,réparé,-12.943839,1
1857,S_NOUN_1_PASS_b,F,S,la colle avec le rideau était retirée <eos>,6,retirée,retiré,4,M,retirée,-6.4739537,retiré,-8.838812,1
1858,S_NOUN_1_PASS_b,F,S,la colle avec le rideau était tombée <eos>,6,tombée,tombé,4,M,tombée,-8.021455,tombé,-9.470059,1
1859,S_NOUN_1_PASS_b,F,S,la colle avec le rideau était utilisée <eos>,6,utilisée,utilisé,4,M,utilisée,-3.7952204,utilisé,-5.831787,1
1860,S_NOUN_1_PASS_b,F,S,la colle avec le cahier était achetée <eos>,6,achetée,acheté,4,M,achetée,-8.143752,acheté,-10.0111265,1
1861,S_NOUN_1_PASS_b,F,S,la colle avec le cahier était brisée <eos>,6,brisée,brisé,4,M,brisée,-9.193258,brisé,-11.3071375,1
1862,S_NOUN_1_PASS_b,F,S,la colle avec le cahier était cachée <eos>,6,cachée,caché,4,M,cachée,-9.536706,caché,-9.9322195,1
1863,S_NOUN_1_PASS_b,F,S,la colle avec le cahier était cassée <eos>,6,cassée,cassé,4,M,cassée,-9.593582,cassé,-11.9341755,1
1864,S_NOUN_1_PASS_b,F,S,la colle avec le cahier était couverte <eos>,6,couverte,couvert,4,M,couverte,-7.047885,couvert,-8.803437,1
1865,S_NOUN_1_PASS_b,F,S,la colle avec le cahier était déformée <eos>,6,déformée,déformé,4,M,déformée,-10.562254,déformé,-11.919416,1
1866,S_NOUN_1_PASS_b,F,S,la colle avec le cahier était fixée <eos>,6,fixée,fixé,4,M,fixée,-5.419774,fixé,-6.4754877,1
1867,S_NOUN_1_PASS_b,F,S,la colle avec le cahier était jetée <eos>,6,jetée,jeté,4,M,jetée,-9.382337,jeté,-11.776863,1
1868,S_NOUN_1_PASS_b,F,S,la colle avec le cahier était laissée <eos>,6,laissée,laissé,4,M,laissée,-7.544492,laissé,-9.638384,1
1869,S_NOUN_1_PASS_b,F,S,la colle avec le cahier était ouverte <eos>,6,ouverte,ouvert,4,M,ouverte,-6.598541,ouvert,-8.243517,1
1870,S_NOUN_1_PASS_b,F,S,la colle avec le cahier était perdue <eos>,6,perdue,perdu,4,M,perdue,-8.792601,perdu,-9.973736,1
1871,S_NOUN_1_PASS_b,F,S,la colle avec le cahier était réparée <eos>,6,réparée,réparé,4,M,réparée,-11.757482,réparé,-13.443216,1
1872,S_NOUN_1_PASS_b,F,S,la colle avec le cahier était retirée <eos>,6,retirée,retiré,4,M,retirée,-6.870879,retiré,-6.9874525,1
1873,S_NOUN_1_PASS_b,F,S,la colle avec le cahier était tombée <eos>,6,tombée,tombé,4,M,tombée,-8.631704,tombé,-9.960669,1
1874,S_NOUN_1_PASS_b,F,S,la colle avec le cahier était utilisée <eos>,6,utilisée,utilisé,4,M,utilisée,-3.7747936,utilisé,-5.105054,1
1875,S_NOUN_1_PASS_b,F,S,la colle avec le micro était achetée <eos>,6,achetée,acheté,4,M,achetée,-8.820434,acheté,-11.3825,1
1876,S_NOUN_1_PASS_b,F,S,la colle avec le micro était brisée <eos>,6,brisée,brisé,4,M,brisée,-9.061609,brisé,-11.64863,1
1877,S_NOUN_1_PASS_b,F,S,la colle avec le micro était cachée <eos>,6,cachée,caché,4,M,cachée,-9.168175,caché,-10.176539,1
1878,S_NOUN_1_PASS_b,F,S,la colle avec le micro était cassée <eos>,6,cassée,cassé,4,M,cassée,-8.468188,cassé,-10.698768,1
1879,S_NOUN_1_PASS_b,F,S,la colle avec le micro était couverte <eos>,6,couverte,couvert,4,M,couverte,-6.6883817,couvert,-9.168882,1
1880,S_NOUN_1_PASS_b,F,S,la colle avec le micro était déformée <eos>,6,déformée,déformé,4,M,déformée,-9.653949,déformé,-12.224089,1
1881,S_NOUN_1_PASS_b,F,S,la colle avec le micro était fixée <eos>,6,fixée,fixé,4,M,fixée,-6.0241194,fixé,-7.6440125,1
1882,S_NOUN_1_PASS_b,F,S,la colle avec le micro était jetée <eos>,6,jetée,jeté,4,M,jetée,-9.31374,jeté,-12.086691,1
1883,S_NOUN_1_PASS_b,F,S,la colle avec le micro était laissée <eos>,6,laissée,laissé,4,M,laissée,-7.575013,laissé,-10.443679,1
1884,S_NOUN_1_PASS_b,F,S,la colle avec le micro était ouverte <eos>,6,ouverte,ouvert,4,M,ouverte,-6.667801,ouvert,-9.211082,1
1885,S_NOUN_1_PASS_b,F,S,la colle avec le micro était perdue <eos>,6,perdue,perdu,4,M,perdue,-9.440924,perdu,-11.910791,1
1886,S_NOUN_1_PASS_b,F,S,la colle avec le micro était réparée <eos>,6,réparée,réparé,4,M,réparée,-11.953484,réparé,-14.068754,1
1887,S_NOUN_1_PASS_b,F,S,la colle avec le micro était retirée <eos>,6,retirée,retiré,4,M,retirée,-7.2691855,retiré,-8.539297,1
1888,S_NOUN_1_PASS_b,F,S,la colle avec le micro était tombée <eos>,6,tombée,tombé,4,M,tombée,-8.816301,tombé,-10.078101,1
1889,S_NOUN_1_PASS_b,F,S,la colle avec le micro était utilisée <eos>,6,utilisée,utilisé,4,M,utilisée,-3.6991043,utilisé,-5.6583185,1
1890,S_NOUN_1_PASS_b,F,S,la colle avec le sac était achetée <eos>,6,achetée,acheté,4,M,achetée,-7.6219463,acheté,-10.683224,1
1891,S_NOUN_1_PASS_b,F,S,la colle avec le sac était brisée <eos>,6,brisée,brisé,4,M,brisée,-8.9887295,brisé,-12.209465,1
1892,S_NOUN_1_PASS_b,F,S,la colle avec le sac était cachée <eos>,6,cachée,caché,4,M,cachée,-7.7104588,caché,-10.071525,1
1893,S_NOUN_1_PASS_b,F,S,la colle avec le sac était cassée <eos>,6,cassée,cassé,4,M,cassée,-8.392025,cassé,-11.909412,1
1894,S_NOUN_1_PASS_b,F,S,la colle avec le sac était couverte <eos>,6,couverte,couvert,4,M,couverte,-6.304062,couvert,-9.574295,1
1895,S_NOUN_1_PASS_b,F,S,la colle avec le sac était déformée <eos>,6,déformée,déformé,4,M,déformée,-9.684543,déformé,-12.040065,1
1896,S_NOUN_1_PASS_b,F,S,la colle avec le sac était fixée <eos>,6,fixée,fixé,4,M,fixée,-5.82797,fixé,-7.9062724,1
1897,S_NOUN_1_PASS_b,F,S,la colle avec le sac était jetée <eos>,6,jetée,jeté,4,M,jetée,-8.415539,jeté,-11.850773,1
1898,S_NOUN_1_PASS_b,F,S,la colle avec le sac était laissée <eos>,6,laissée,laissé,4,M,laissée,-6.7171116,laissé,-9.887706,1
1899,S_NOUN_1_PASS_b,F,S,la colle avec le sac était ouverte <eos>,6,ouverte,ouvert,4,M,ouverte,-6.080536,ouvert,-9.450925,1
1900,S_NOUN_1_PASS_b,F,S,la colle avec le sac était perdue <eos>,6,perdue,perdu,4,M,perdue,-8.174107,perdu,-11.5879135,1
1901,S_NOUN_1_PASS_b,F,S,la colle avec le sac était réparée <eos>,6,réparée,réparé,4,M,réparée,-11.320716,réparé,-13.532943,1
1902,S_NOUN_1_PASS_b,F,S,la colle avec le sac était retirée <eos>,6,retirée,retiré,4,M,retirée,-6.249788,retiré,-8.102621,1
1903,S_NOUN_1_PASS_b,F,S,la colle avec le sac était tombée <eos>,6,tombée,tombé,4,M,tombée,-8.911608,tombé,-11.072839,1
1904,S_NOUN_1_PASS_b,F,S,la colle avec le sac était utilisée <eos>,6,utilisée,utilisé,4,M,utilisée,-3.313281,utilisé,-5.9331036,1
1905,S_NOUN_1_PASS_b,F,S,la colle avec le clavier était achetée <eos>,6,achetée,acheté,4,M,achetée,-9.154545,acheté,-11.249292,1
1906,S_NOUN_1_PASS_b,F,S,la colle avec le clavier était brisée <eos>,6,brisée,brisé,4,M,brisée,-9.719991,brisé,-12.882773,1
1907,S_NOUN_1_PASS_b,F,S,la colle avec le clavier était cachée <eos>,6,cachée,caché,4,M,cachée,-8.232236,caché,-10.388474,1
1908,S_NOUN_1_PASS_b,F,S,la colle avec le clavier était cassée <eos>,6,cassée,cassé,4,M,cassée,-8.930636,cassé,-11.7360115,1
1909,S_NOUN_1_PASS_b,F,S,la colle avec le clavier était couverte <eos>,6,couverte,couvert,4,M,couverte,-6.7400713,couvert,-9.584086,1
1910,S_NOUN_1_PASS_b,F,S,la colle avec le clavier était déformée <eos>,6,déformée,déformé,4,M,déformée,-9.740053,déformé,-13.154843,1
1911,S_NOUN_1_PASS_b,F,S,la colle avec le clavier était fixée <eos>,6,fixée,fixé,4,M,fixée,-5.642908,fixé,-7.797181,1
1912,S_NOUN_1_PASS_b,F,S,la colle avec le clavier était jetée <eos>,6,jetée,jeté,4,M,jetée,-10.350332,jeté,-13.054217,1
1913,S_NOUN_1_PASS_b,F,S,la colle avec le clavier était laissée <eos>,6,laissée,laissé,4,M,laissée,-7.929972,laissé,-10.721325,1
1914,S_NOUN_1_PASS_b,F,S,la colle avec le clavier était ouverte <eos>,6,ouverte,ouvert,4,M,ouverte,-6.513674,ouvert,-9.137354,1
1915,S_NOUN_1_PASS_b,F,S,la colle avec le clavier était perdue <eos>,6,perdue,perdu,4,M,perdue,-9.650373,perdu,-11.752485,1
1916,S_NOUN_1_PASS_b,F,S,la colle avec le clavier était réparée <eos>,6,réparée,réparé,4,M,réparée,-11.720234,réparé,-14.397346,1
1917,S_NOUN_1_PASS_b,F,S,la colle avec le clavier était retirée <eos>,6,retirée,retiré,4,M,retirée,-8.026097,retiré,-9.239604,1
1918,S_NOUN_1_PASS_b,F,S,la colle avec le clavier était tombée <eos>,6,tombée,tombé,4,M,tombée,-8.242922,tombé,-10.626346,1
1919,S_NOUN_1_PASS_b,F,S,la colle avec le clavier était utilisée <eos>,6,utilisée,utilisé,4,M,utilisée,-3.865364,utilisé,-5.9079323,1
1920,S_NOUN_1_PASS_b,F,S,la colle avec le raisin était achetée <eos>,6,achetée,acheté,4,M,achetée,-7.7089334,acheté,-10.786835,1
1921,S_NOUN_1_PASS_b,F,S,la colle avec le raisin était brisée <eos>,6,brisée,brisé,4,M,brisée,-10.217712,brisé,-14.507276,1
1922,S_NOUN_1_PASS_b,F,S,la colle avec le raisin était cachée <eos>,6,cachée,caché,4,M,cachée,-9.444525,caché,-11.277399,1
1923,S_NOUN_1_PASS_b,F,S,la colle avec le raisin était cassée <eos>,6,cassée,cassé,4,M,cassée,-9.241454,cassé,-12.518719,1
1924,S_NOUN_1_PASS_b,F,S,la colle avec le raisin était couverte <eos>,6,couverte,couvert,4,M,couverte,-7.1680584,couvert,-10.462816,1
1925,S_NOUN_1_PASS_b,F,S,la colle avec le raisin était déformée <eos>,6,déformée,déformé,4,M,déformée,-10.537642,déformé,-13.653168,1
1926,S_NOUN_1_PASS_b,F,S,la colle avec le raisin était fixée <eos>,6,fixée,fixé,4,M,fixée,-6.6400237,fixé,-8.653965,1
1927,S_NOUN_1_PASS_b,F,S,la colle avec le raisin était jetée <eos>,6,jetée,jeté,4,M,jetée,-8.589699,jeté,-12.427608,1
1928,S_NOUN_1_PASS_b,F,S,la colle avec le raisin était laissée <eos>,6,laissée,laissé,4,M,laissée,-6.835397,laissé,-10.371108,1
1929,S_NOUN_1_PASS_b,F,S,la colle avec le raisin était ouverte <eos>,6,ouverte,ouvert,4,M,ouverte,-6.5517764,ouvert,-10.335138,1
1930,S_NOUN_1_PASS_b,F,S,la colle avec le raisin était perdue <eos>,6,perdue,perdu,4,M,perdue,-8.574652,perdu,-11.531485,1
1931,S_NOUN_1_PASS_b,F,S,la colle avec le raisin était réparée <eos>,6,réparée,réparé,4,M,réparée,-12.230314,réparé,-14.207943,1
1932,S_NOUN_1_PASS_b,F,S,la colle avec le raisin était retirée <eos>,6,retirée,retiré,4,M,retirée,-7.041566,retiré,-9.367354,1
1933,S_NOUN_1_PASS_b,F,S,la colle avec le raisin était tombée <eos>,6,tombée,tombé,4,M,tombée,-7.758688,tombé,-11.510098,1
1934,S_NOUN_1_PASS_b,F,S,la colle avec le raisin était utilisée <eos>,6,utilisée,utilisé,4,M,utilisée,-3.1530898,utilisé,-6.046735,1
1935,S_NOUN_1_PASS_b,F,S,la colle avec le chargeur était achetée <eos>,6,achetée,acheté,4,M,achetée,-9.228779,acheté,-11.856615,1
1936,S_NOUN_1_PASS_b,F,S,la colle avec le chargeur était brisée <eos>,6,brisée,brisé,4,M,brisée,-9.479355,brisé,-12.35826,1
1937,S_NOUN_1_PASS_b,F,S,la colle avec le chargeur était cachée <eos>,6,cachée,caché,4,M,cachée,-8.59708,caché,-10.60351,1
1938,S_NOUN_1_PASS_b,F,S,la colle avec le chargeur était cassée <eos>,6,cassée,cassé,4,M,cassée,-8.04993,cassé,-11.9796295,1
1939,S_NOUN_1_PASS_b,F,S,la colle avec le chargeur était couverte <eos>,6,couverte,couvert,4,M,couverte,-6.904256,couvert,-10.0164385,1
1940,S_NOUN_1_PASS_b,F,S,la colle avec le chargeur était déformée <eos>,6,déformée,déformé,4,M,déformée,-10.015565,déformé,-13.290939,1
1941,S_NOUN_1_PASS_b,F,S,la colle avec le chargeur était fixée <eos>,6,fixée,fixé,4,M,fixée,-5.479801,fixé,-7.9827414,1
1942,S_NOUN_1_PASS_b,F,S,la colle avec le chargeur était jetée <eos>,6,jetée,jeté,4,M,jetée,-9.333981,jeté,-12.596395,1
1943,S_NOUN_1_PASS_b,F,S,la colle avec le chargeur était laissée <eos>,6,laissée,laissé,4,M,laissée,-7.536026,laissé,-10.536,1
1944,S_NOUN_1_PASS_b,F,S,la colle avec le chargeur était ouverte <eos>,6,ouverte,ouvert,4,M,ouverte,-6.9328136,ouvert,-10.120523,1
1945,S_NOUN_1_PASS_b,F,S,la colle avec le chargeur était perdue <eos>,6,perdue,perdu,4,M,perdue,-9.704037,perdu,-12.164433,1
1946,S_NOUN_1_PASS_b,F,S,la colle avec le chargeur était réparée <eos>,6,réparée,réparé,4,M,réparée,-10.525101,réparé,-14.0508795,1
1947,S_NOUN_1_PASS_b,F,S,la colle avec le chargeur était retirée <eos>,6,retirée,retiré,4,M,retirée,-7.0262847,retiré,-9.057215,1
1948,S_NOUN_1_PASS_b,F,S,la colle avec le chargeur était tombée <eos>,6,tombée,tombé,4,M,tombée,-9.373032,tombé,-11.2928295,1
1949,S_NOUN_1_PASS_b,F,S,la colle avec le chargeur était utilisée <eos>,6,utilisée,utilisé,4,M,utilisée,-3.6892319,utilisé,-6.162367,1
1950,S_NOUN_1_PASS_b,F,S,la colle avec le vase était achetée <eos>,6,achetée,acheté,4,M,achetée,-8.2055645,acheté,-10.906165,1
1951,S_NOUN_1_PASS_b,F,S,la colle avec le vase était brisée <eos>,6,brisée,brisé,4,M,brisée,-8.6119175,brisé,-11.230683,1
1952,S_NOUN_1_PASS_b,F,S,la colle avec le vase était cachée <eos>,6,cachée,caché,4,M,cachée,-8.435038,caché,-10.292951,1
1953,S_NOUN_1_PASS_b,F,S,la colle avec le vase était cassée <eos>,6,cassée,cassé,4,M,cassée,-8.356218,cassé,-11.679014,1
1954,S_NOUN_1_PASS_b,F,S,la colle avec le vase était couverte <eos>,6,couverte,couvert,4,M,couverte,-5.8819695,couvert,-9.089733,1
1955,S_NOUN_1_PASS_b,F,S,la colle avec le vase était déformée <eos>,6,déformée,déformé,4,M,déformée,-10.211317,déformé,-12.668034,1
1956,S_NOUN_1_PASS_b,F,S,la colle avec le vase était fixée <eos>,6,fixée,fixé,4,M,fixée,-5.8306265,fixé,-7.7614613,1
1957,S_NOUN_1_PASS_b,F,S,la colle avec le vase était jetée <eos>,6,jetée,jeté,4,M,jetée,-8.220297,jeté,-11.248503,1
1958,S_NOUN_1_PASS_b,F,S,la colle avec le vase était laissée <eos>,6,laissée,laissé,4,M,laissée,-6.768361,laissé,-9.628781,1
1959,S_NOUN_1_PASS_b,F,S,la colle avec le vase était ouverte <eos>,6,ouverte,ouvert,4,M,ouverte,-6.4710994,ouvert,-9.562555,1
1960,S_NOUN_1_PASS_b,F,S,la colle avec le vase était perdue <eos>,6,perdue,perdu,4,M,perdue,-8.225376,perdu,-11.129016,1
1961,S_NOUN_1_PASS_b,F,S,la colle avec le vase était réparée <eos>,6,réparée,réparé,4,M,réparée,-10.8562355,réparé,-12.888879,1
1962,S_NOUN_1_PASS_b,F,S,la colle avec le vase était retirée <eos>,6,retirée,retiré,4,M,retirée,-6.737802,retiré,-9.411554,1
1963,S_NOUN_1_PASS_b,F,S,la colle avec le vase était tombée <eos>,6,tombée,tombé,4,M,tombée,-7.5741167,tombé,-10.372066,1
1964,S_NOUN_1_PASS_b,F,S,la colle avec le vase était utilisée <eos>,6,utilisée,utilisé,4,M,utilisée,-3.2947438,utilisé,-5.5938625,1
1965,S_NOUN_1_PASS_b,F,S,la colle avec le panier était achetée <eos>,6,achetée,acheté,4,M,achetée,-8.801956,acheté,-11.5072155,1
1966,S_NOUN_1_PASS_b,F,S,la colle avec le panier était brisée <eos>,6,brisée,brisé,4,M,brisée,-9.718521,brisé,-12.105897,1
1967,S_NOUN_1_PASS_b,F,S,la colle avec le panier était cachée <eos>,6,cachée,caché,4,M,cachée,-8.2625265,caché,-10.293147,1
1968,S_NOUN_1_PASS_b,F,S,la colle avec le panier était cassée <eos>,6,cassée,cassé,4,M,cassée,-8.472895,cassé,-11.9649105,1
1969,S_NOUN_1_PASS_b,F,S,la colle avec le panier était couverte <eos>,6,couverte,couvert,4,M,couverte,-6.696243,couvert,-9.201746,1
1970,S_NOUN_1_PASS_b,F,S,la colle avec le panier était déformée <eos>,6,déformée,déformé,4,M,déformée,-9.714434,déformé,-13.067818,1
1971,S_NOUN_1_PASS_b,F,S,la colle avec le panier était fixée <eos>,6,fixée,fixé,4,M,fixée,-6.0949326,fixé,-7.667095,1
1972,S_NOUN_1_PASS_b,F,S,la colle avec le panier était jetée <eos>,6,jetée,jeté,4,M,jetée,-8.944035,jeté,-12.589773,1
1973,S_NOUN_1_PASS_b,F,S,la colle avec le panier était laissée <eos>,6,laissée,laissé,4,M,laissée,-6.393216,laissé,-10.074029,1
1974,S_NOUN_1_PASS_b,F,S,la colle avec le panier était ouverte <eos>,6,ouverte,ouvert,4,M,ouverte,-6.651582,ouvert,-9.527073,1
1975,S_NOUN_1_PASS_b,F,S,la colle avec le panier était perdue <eos>,6,perdue,perdu,4,M,perdue,-9.167165,perdu,-12.0265875,1
1976,S_NOUN_1_PASS_b,F,S,la colle avec le panier était réparée <eos>,6,réparée,réparé,4,M,réparée,-11.81047,réparé,-13.8881445,1
1977,S_NOUN_1_PASS_b,F,S,la colle avec le panier était retirée <eos>,6,retirée,retiré,4,M,retirée,-6.979622,retiré,-9.169228,1
1978,S_NOUN_1_PASS_b,F,S,la colle avec le panier était tombée <eos>,6,tombée,tombé,4,M,tombée,-8.20731,tombé,-10.375244,1
1979,S_NOUN_1_PASS_b,F,S,la colle avec le panier était utilisée <eos>,6,utilisée,utilisé,4,M,utilisée,-3.583903,utilisé,-5.6467915,1
1980,S_NOUN_1_PASS_b,F,S,la colle avec le collier était achetée <eos>,6,achetée,acheté,4,M,achetée,-7.7209997,acheté,-10.4796295,1
1981,S_NOUN_1_PASS_b,F,S,la colle avec le collier était brisée <eos>,6,brisée,brisé,4,M,brisée,-9.027735,brisé,-11.361613,1
1982,S_NOUN_1_PASS_b,F,S,la colle avec le collier était cachée <eos>,6,cachée,caché,4,M,cachée,-7.8555255,caché,-9.552647,1
1983,S_NOUN_1_PASS_b,F,S,la colle avec le collier était cassée <eos>,6,cassée,cassé,4,M,cassée,-8.588244,cassé,-10.59323,1
1984,S_NOUN_1_PASS_b,F,S,la colle avec le collier était couverte <eos>,6,couverte,couvert,4,M,couverte,-6.4796233,couvert,-9.076518,1
1985,S_NOUN_1_PASS_b,F,S,la colle avec le collier était déformée <eos>,6,déformée,déformé,4,M,déformée,-9.831352,déformé,-11.843256,1
1986,S_NOUN_1_PASS_b,F,S,la colle avec le collier était fixée <eos>,6,fixée,fixé,4,M,fixée,-5.990958,fixé,-7.365535,1
1987,S_NOUN_1_PASS_b,F,S,la colle avec le collier était jetée <eos>,6,jetée,jeté,4,M,jetée,-8.737772,jeté,-11.13642,1
1988,S_NOUN_1_PASS_b,F,S,la colle avec le collier était laissée <eos>,6,laissée,laissé,4,M,laissée,-7.1702833,laissé,-9.903886,1
1989,S_NOUN_1_PASS_b,F,S,la colle avec le collier était ouverte <eos>,6,ouverte,ouvert,4,M,ouverte,-6.560875,ouvert,-9.665619,1
1990,S_NOUN_1_PASS_b,F,S,la colle avec le collier était perdue <eos>,6,perdue,perdu,4,M,perdue,-8.917204,perdu,-11.6551895,1
1991,S_NOUN_1_PASS_b,F,S,la colle avec le collier était réparée <eos>,6,réparée,réparé,4,M,réparée,-11.809134,réparé,-13.782323,1
1992,S_NOUN_1_PASS_b,F,S,la colle avec le collier était retirée <eos>,6,retirée,retiré,4,M,retirée,-7.0702953,retiré,-8.25929,1
1993,S_NOUN_1_PASS_b,F,S,la colle avec le collier était tombée <eos>,6,tombée,tombé,4,M,tombée,-8.375084,tombé,-9.989418,1
1994,S_NOUN_1_PASS_b,F,S,la colle avec le collier était utilisée <eos>,6,utilisée,utilisé,4,M,utilisée,-3.1009066,utilisé,-5.130191,1
1995,S_NOUN_1_PASS_b,F,S,la colle avec le chapeau était achetée <eos>,6,achetée,acheté,4,M,achetée,-7.8480825,acheté,-10.7633,1
1996,S_NOUN_1_PASS_b,F,S,la colle avec le chapeau était brisée <eos>,6,brisée,brisé,4,M,brisée,-8.904055,brisé,-12.351871,1
1997,S_NOUN_1_PASS_b,F,S,la colle avec le chapeau était cachée <eos>,6,cachée,caché,4,M,cachée,-8.68767,caché,-10.63318,1
1998,S_NOUN_1_PASS_b,F,S,la colle avec le chapeau était cassée <eos>,6,cassée,cassé,4,M,cassée,-8.312576,cassé,-10.812255,1
1999,S_NOUN_1_PASS_b,F,S,la colle avec le chapeau était couverte <eos>,6,couverte,couvert,4,M,couverte,-5.7350273,couvert,-9.23879,1
2000,S_NOUN_1_PASS_b,F,S,la colle avec le chapeau était déformée <eos>,6,déformée,déformé,4,M,déformée,-8.906495,déformé,-11.604037,1
2001,S_NOUN_1_PASS_b,F,S,la colle avec le chapeau était fixée <eos>,6,fixée,fixé,4,M,fixée,-6.1290836,fixé,-7.7995663,1
2002,S_NOUN_1_PASS_b,F,S,la colle avec le chapeau était jetée <eos>,6,jetée,jeté,4,M,jetée,-8.579832,jeté,-11.435495,1
2003,S_NOUN_1_PASS_b,F,S,la colle avec le chapeau était laissée <eos>,6,laissée,laissé,4,M,laissée,-6.8241196,laissé,-9.954323,1
2004,S_NOUN_1_PASS_b,F,S,la colle avec le chapeau était ouverte <eos>,6,ouverte,ouvert,4,M,ouverte,-6.265945,ouvert,-10.095324,1
2005,S_NOUN_1_PASS_b,F,S,la colle avec le chapeau était perdue <eos>,6,perdue,perdu,4,M,perdue,-9.407103,perdu,-11.82906,1
2006,S_NOUN_1_PASS_b,F,S,la colle avec le chapeau était réparée <eos>,6,réparée,réparé,4,M,réparée,-11.21517,réparé,-14.033463,1
2007,S_NOUN_1_PASS_b,F,S,la colle avec le chapeau était retirée <eos>,6,retirée,retiré,4,M,retirée,-7.015027,retiré,-8.362818,1
2008,S_NOUN_1_PASS_b,F,S,la colle avec le chapeau était tombée <eos>,6,tombée,tombé,4,M,tombée,-8.210886,tombé,-10.267395,1
2009,S_NOUN_1_PASS_b,F,S,la colle avec le chapeau était utilisée <eos>,6,utilisée,utilisé,4,M,utilisée,-3.2013485,utilisé,-5.6631937,1
2010,S_NOUN_1_PASS_b,F,S,la colle avec le pot était achetée <eos>,6,achetée,acheté,4,M,achetée,-8.088499,acheté,-10.679116,1
2011,S_NOUN_1_PASS_b,F,S,la colle avec le pot était brisée <eos>,6,brisée,brisé,4,M,brisée,-9.589624,brisé,-11.847041,1
2012,S_NOUN_1_PASS_b,F,S,la colle avec le pot était cachée <eos>,6,cachée,caché,4,M,cachée,-8.845596,caché,-9.969156,1
2013,S_NOUN_1_PASS_b,F,S,la colle avec le pot était cassée <eos>,6,cassée,cassé,4,M,cassée,-8.8487015,cassé,-11.732342,1
2014,S_NOUN_1_PASS_b,F,S,la colle avec le pot était couverte <eos>,6,couverte,couvert,4,M,couverte,-7.277792,couvert,-9.3892975,1
2015,S_NOUN_1_PASS_b,F,S,la colle avec le pot était déformée <eos>,6,déformée,déformé,4,M,déformée,-10.019488,déformé,-12.222555,1
2016,S_NOUN_1_PASS_b,F,S,la colle avec le pot était fixée <eos>,6,fixée,fixé,4,M,fixée,-6.1470118,fixé,-7.6528015,1
2017,S_NOUN_1_PASS_b,F,S,la colle avec le pot était jetée <eos>,6,jetée,jeté,4,M,jetée,-8.623685,jeté,-11.606224,1
2018,S_NOUN_1_PASS_b,F,S,la colle avec le pot était laissée <eos>,6,laissée,laissé,4,M,laissée,-6.8745556,laissé,-9.795389,1
2019,S_NOUN_1_PASS_b,F,S,la colle avec le pot était ouverte <eos>,6,ouverte,ouvert,4,M,ouverte,-6.9923515,ouvert,-9.326887,1
2020,S_NOUN_1_PASS_b,F,S,la colle avec le pot était perdue <eos>,6,perdue,perdu,4,M,perdue,-8.828327,perdu,-11.347067,1
2021,S_NOUN_1_PASS_b,F,S,la colle avec le pot était réparée <eos>,6,réparée,réparé,4,M,réparée,-11.332183,réparé,-12.672668,1
2022,S_NOUN_1_PASS_b,F,S,la colle avec le pot était retirée <eos>,6,retirée,retiré,4,M,retirée,-6.9053755,retiré,-8.312258,1
2023,S_NOUN_1_PASS_b,F,S,la colle avec le pot était tombée <eos>,6,tombée,tombé,4,M,tombée,-7.8712945,tombé,-10.292366,1
2024,S_NOUN_1_PASS_b,F,S,la colle avec le pot était utilisée <eos>,6,utilisée,utilisé,4,M,utilisée,-3.0866776,utilisé,-5.0589695,1
2025,S_NOUN_1_PASS_b,F,S,la colle avec le coussin était achetée <eos>,6,achetée,acheté,4,M,achetée,-8.777526,acheté,-12.042929,1
2026,S_NOUN_1_PASS_b,F,S,la colle avec le coussin était brisée <eos>,6,brisée,brisé,4,M,brisée,-9.017406,brisé,-12.614483,1
2027,S_NOUN_1_PASS_b,F,S,la colle avec le coussin était cachée <eos>,6,cachée,caché,4,M,cachée,-8.591213,caché,-10.593258,1
2028,S_NOUN_1_PASS_b,F,S,la colle avec le coussin était cassée <eos>,6,cassée,cassé,4,M,cassée,-7.787496,cassé,-10.996962,1
2029,S_NOUN_1_PASS_b,F,S,la colle avec le coussin était couverte <eos>,6,couverte,couvert,4,M,couverte,-6.450391,couvert,-10.004048,1
2030,S_NOUN_1_PASS_b,F,S,la colle avec le coussin était déformée <eos>,6,déformée,déformé,4,M,déformée,-10.300793,déformé,-13.44813,1
2031,S_NOUN_1_PASS_b,F,S,la colle avec le coussin était fixée <eos>,6,fixée,fixé,4,M,fixée,-5.337618,fixé,-7.940941,1
2032,S_NOUN_1_PASS_b,F,S,la colle avec le coussin était jetée <eos>,6,jetée,jeté,4,M,jetée,-9.412567,jeté,-12.553983,1
2033,S_NOUN_1_PASS_b,F,S,la colle avec le coussin était laissée <eos>,6,laissée,laissé,4,M,laissée,-7.419644,laissé,-10.628384,1
2034,S_NOUN_1_PASS_b,F,S,la colle avec le coussin était ouverte <eos>,6,ouverte,ouvert,4,M,ouverte,-5.8803167,ouvert,-9.949903,1
2035,S_NOUN_1_PASS_b,F,S,la colle avec le coussin était perdue <eos>,6,perdue,perdu,4,M,perdue,-9.847434,perdu,-12.689991,1
2036,S_NOUN_1_PASS_b,F,S,la colle avec le coussin était réparée <eos>,6,réparée,réparé,4,M,réparée,-11.280321,réparé,-15.096731,1
2037,S_NOUN_1_PASS_b,F,S,la colle avec le coussin était retirée <eos>,6,retirée,retiré,4,M,retirée,-7.542683,retiré,-9.657827,1
2038,S_NOUN_1_PASS_b,F,S,la colle avec le coussin était tombée <eos>,6,tombée,tombé,4,M,tombée,-9.989158,tombé,-11.436841,1
2039,S_NOUN_1_PASS_b,F,S,la colle avec le coussin était utilisée <eos>,6,utilisée,utilisé,4,M,utilisée,-3.4132836,utilisé,-6.2306404,1
2040,S_NOUN_1_PASS_b,F,S,la colle avec le jouet était achetée <eos>,6,achetée,acheté,4,M,achetée,-8.179958,acheté,-10.752338,1
2041,S_NOUN_1_PASS_b,F,S,la colle avec le jouet était brisée <eos>,6,brisée,brisé,4,M,brisée,-9.686876,brisé,-12.7621355,1
2042,S_NOUN_1_PASS_b,F,S,la colle avec le jouet était cachée <eos>,6,cachée,caché,4,M,cachée,-8.424163,caché,-10.57063,1
2043,S_NOUN_1_PASS_b,F,S,la colle avec le jouet était cassée <eos>,6,cassée,cassé,4,M,cassée,-9.1123295,cassé,-12.62799,1
2044,S_NOUN_1_PASS_b,F,S,la colle avec le jouet était couverte <eos>,6,couverte,couvert,4,M,couverte,-6.933455,couvert,-10.49177,1
2045,S_NOUN_1_PASS_b,F,S,la colle avec le jouet était déformée <eos>,6,déformée,déformé,4,M,déformée,-11.098467,déformé,-13.067131,1
2046,S_NOUN_1_PASS_b,F,S,la colle avec le jouet était fixée <eos>,6,fixée,fixé,4,M,fixée,-6.233302,fixé,-8.573881,1
2047,S_NOUN_1_PASS_b,F,S,la colle avec le jouet était jetée <eos>,6,jetée,jeté,4,M,jetée,-9.553627,jeté,-12.166135,1
2048,S_NOUN_1_PASS_b,F,S,la colle avec le jouet était laissée <eos>,6,laissée,laissé,4,M,laissée,-7.6572814,laissé,-10.418301,1
2049,S_NOUN_1_PASS_b,F,S,la colle avec le jouet était ouverte <eos>,6,ouverte,ouvert,4,M,ouverte,-6.6706414,ouvert,-10.079106,1
2050,S_NOUN_1_PASS_b,F,S,la colle avec le jouet était perdue <eos>,6,perdue,perdu,4,M,perdue,-10.097752,perdu,-12.489863,1
2051,S_NOUN_1_PASS_b,F,S,la colle avec le jouet était réparée <eos>,6,réparée,réparé,4,M,réparée,-12.008826,réparé,-13.890093,1
2052,S_NOUN_1_PASS_b,F,S,la colle avec le jouet était retirée <eos>,6,retirée,retiré,4,M,retirée,-7.7523723,retiré,-9.769048,1
2053,S_NOUN_1_PASS_b,F,S,la colle avec le jouet était tombée <eos>,6,tombée,tombé,4,M,tombée,-8.845957,tombé,-10.213169,1
2054,S_NOUN_1_PASS_b,F,S,la colle avec le jouet était utilisée <eos>,6,utilisée,utilisé,4,M,utilisée,-3.4530296,utilisé,-5.623847,1
2055,S_NOUN_1_PASS_b,F,S,la colle avec le clou était achetée <eos>,6,achetée,acheté,4,M,achetée,-8.03407,acheté,-11.339521,1
2056,S_NOUN_1_PASS_b,F,S,la colle avec le clou était brisée <eos>,6,brisée,brisé,4,M,brisée,-9.753271,brisé,-12.810125,1
2057,S_NOUN_1_PASS_b,F,S,la colle avec le clou était cachée <eos>,6,cachée,caché,4,M,cachée,-8.332724,caché,-11.136108,1
2058,S_NOUN_1_PASS_b,F,S,la colle avec le clou était cassée <eos>,6,cassée,cassé,4,M,cassée,-8.675686,cassé,-12.578296,1
2059,S_NOUN_1_PASS_b,F,S,la colle avec le clou était couverte <eos>,6,couverte,couvert,4,M,couverte,-6.270524,couvert,-9.704301,1
2060,S_NOUN_1_PASS_b,F,S,la colle avec le clou était déformée <eos>,6,déformée,déformé,4,M,déformée,-9.908321,déformé,-13.126929,1
2061,S_NOUN_1_PASS_b,F,S,la colle avec le clou était fixée <eos>,6,fixée,fixé,4,M,fixée,-5.710633,fixé,-7.769979,1
2062,S_NOUN_1_PASS_b,F,S,la colle avec le clou était jetée <eos>,6,jetée,jeté,4,M,jetée,-8.108259,jeté,-12.298746,1
2063,S_NOUN_1_PASS_b,F,S,la colle avec le clou était laissée <eos>,6,laissée,laissé,4,M,laissée,-6.334674,laissé,-10.293188,1
2064,S_NOUN_1_PASS_b,F,S,la colle avec le clou était ouverte <eos>,6,ouverte,ouvert,4,M,ouverte,-6.6820717,ouvert,-10.705535,1
2065,S_NOUN_1_PASS_b,F,S,la colle avec le clou était perdue <eos>,6,perdue,perdu,4,M,perdue,-8.334026,perdu,-11.783151,1
2066,S_NOUN_1_PASS_b,F,S,la colle avec le clou était réparée <eos>,6,réparée,réparé,4,M,réparée,-11.945041,réparé,-14.255137,1
2067,S_NOUN_1_PASS_b,F,S,la colle avec le clou était retirée <eos>,6,retirée,retiré,4,M,retirée,-6.2863684,retiré,-9.081978,1
2068,S_NOUN_1_PASS_b,F,S,la colle avec le clou était tombée <eos>,6,tombée,tombé,4,M,tombée,-7.161473,tombé,-10.477819,1
2069,S_NOUN_1_PASS_b,F,S,la colle avec le clou était utilisée <eos>,6,utilisée,utilisé,4,M,utilisée,-2.9055314,utilisé,-5.713037,1
2070,S_NOUN_1_PASS_b,F,S,la colle avec le billet était achetée <eos>,6,achetée,acheté,4,M,achetée,-7.2044415,acheté,-9.366474,1
2071,S_NOUN_1_PASS_b,F,S,la colle avec le billet était brisée <eos>,6,brisée,brisé,4,M,brisée,-10.166653,brisé,-11.867962,1
2072,S_NOUN_1_PASS_b,F,S,la colle avec le billet était cachée <eos>,6,cachée,caché,4,M,cachée,-8.451231,caché,-9.452818,1
2073,S_NOUN_1_PASS_b,F,S,la colle avec le billet était cassée <eos>,6,cassée,cassé,4,M,cassée,-9.741747,cassé,-11.905039,1
2074,S_NOUN_1_PASS_b,F,S,la colle avec le billet était couverte <eos>,6,couverte,couvert,4,M,couverte,-7.3073454,couvert,-8.836714,1
2075,S_NOUN_1_PASS_b,F,S,la colle avec le billet était déformée <eos>,6,déformée,déformé,4,M,déformée,-10.332083,déformé,-12.248857,1
2076,S_NOUN_1_PASS_b,F,S,la colle avec le billet était fixée <eos>,6,fixée,fixé,4,M,fixée,-6.1989527,fixé,-7.0979624,1
2077,S_NOUN_1_PASS_b,F,S,la colle avec le billet était jetée <eos>,6,jetée,jeté,4,M,jetée,-8.659334,jeté,-11.211927,1
2078,S_NOUN_1_PASS_b,F,S,la colle avec le billet était laissée <eos>,6,laissée,laissé,4,M,laissée,-7.2901306,laissé,-8.97624,1
2079,S_NOUN_1_PASS_b,F,S,la colle avec le billet était ouverte <eos>,6,ouverte,ouvert,4,M,ouverte,-6.5398283,ouvert,-9.394777,1
2080,S_NOUN_1_PASS_b,F,S,la colle avec le billet était perdue <eos>,6,perdue,perdu,4,M,perdue,-8.867409,perdu,-10.065006,1
2081,S_NOUN_1_PASS_b,F,S,la colle avec le billet était réparée <eos>,6,réparée,réparé,4,M,réparée,-11.899672,réparé,-12.970079,1
2082,S_NOUN_1_PASS_b,F,S,la colle avec le billet était retirée <eos>,6,retirée,retiré,4,M,retirée,-7.2508593,retiré,-7.726036,1
2083,S_NOUN_1_PASS_b,F,S,la colle avec le billet était tombée <eos>,6,tombée,tombé,4,M,tombée,-7.8797545,tombé,-9.628941,1
2084,S_NOUN_1_PASS_b,F,S,la colle avec le billet était utilisée <eos>,6,utilisée,utilisé,4,M,utilisée,-4.065219,utilisé,-5.3146486,1
2085,S_NOUN_1_PASS_b,F,S,la colle avec le légume était achetée <eos>,6,achetée,acheté,4,M,achetée,-8.741302,acheté,-11.053632,1
2086,S_NOUN_1_PASS_b,F,S,la colle avec le légume était brisée <eos>,6,brisée,brisé,4,M,brisée,-11.105988,brisé,-12.932541,1
2087,S_NOUN_1_PASS_b,F,S,la colle avec le légume était cachée <eos>,6,cachée,caché,4,M,cachée,-9.27668,caché,-10.909414,1
2088,S_NOUN_1_PASS_b,F,S,la colle avec le légume était cassée <eos>,6,cassée,cassé,4,M,cassée,-9.5935755,cassé,-12.613743,1
2089,S_NOUN_1_PASS_b,F,S,la colle avec le légume était couverte <eos>,6,couverte,couvert,4,M,couverte,-7.135186,couvert,-10.560356,1
2090,S_NOUN_1_PASS_b,F,S,la colle avec le légume était déformée <eos>,6,déformée,déformé,4,M,déformée,-11.253336,déformé,-14.094966,1
2091,S_NOUN_1_PASS_b,F,S,la colle avec le légume était fixée <eos>,6,fixée,fixé,4,M,fixée,-7.199463,fixé,-9.029113,1
2092,S_NOUN_1_PASS_b,F,S,la colle avec le légume était jetée <eos>,6,jetée,jeté,4,M,jetée,-8.888108,jeté,-12.698188,1
2093,S_NOUN_1_PASS_b,F,S,la colle avec le légume était laissée <eos>,6,laissée,laissé,4,M,laissée,-6.879192,laissé,-10.588224,1
2094,S_NOUN_1_PASS_b,F,S,la colle avec le légume était ouverte <eos>,6,ouverte,ouvert,4,M,ouverte,-7.101308,ouvert,-10.891808,1
2095,S_NOUN_1_PASS_b,F,S,la colle avec le légume était perdue <eos>,6,perdue,perdu,4,M,perdue,-8.9113,perdu,-12.057372,1
2096,S_NOUN_1_PASS_b,F,S,la colle avec le légume était réparée <eos>,6,réparée,réparé,4,M,réparée,-13.551346,réparé,-14.512502,1
2097,S_NOUN_1_PASS_b,F,S,la colle avec le légume était retirée <eos>,6,retirée,retiré,4,M,retirée,-7.338192,retiré,-9.861975,1
2098,S_NOUN_1_PASS_b,F,S,la colle avec le légume était tombée <eos>,6,tombée,tombé,4,M,tombée,-7.1097565,tombé,-10.471728,1
2099,S_NOUN_1_PASS_b,F,S,la colle avec le légume était utilisée <eos>,6,utilisée,utilisé,4,M,utilisée,-3.3605068,utilisé,-5.7131376,1
2100,S_NOUN_1_PASS_b,F,S,la lampe avec le bracelet était achetée <eos>,6,achetée,acheté,4,M,achetée,-7.679461,acheté,-10.740385,1
2101,S_NOUN_1_PASS_b,F,S,la lampe avec le bracelet était brisée <eos>,6,brisée,brisé,4,M,brisée,-8.377619,brisé,-10.975111,1
2102,S_NOUN_1_PASS_b,F,S,la lampe avec le bracelet était cachée <eos>,6,cachée,caché,4,M,cachée,-7.7554436,caché,-9.875904,1
2103,S_NOUN_1_PASS_b,F,S,la lampe avec le bracelet était cassée <eos>,6,cassée,cassé,4,M,cassée,-8.453753,cassé,-11.187357,1
2104,S_NOUN_1_PASS_b,F,S,la lampe avec le bracelet était couverte <eos>,6,couverte,couvert,4,M,couverte,-7.0302854,couvert,-9.60339,1
2105,S_NOUN_1_PASS_b,F,S,la lampe avec le bracelet était déformée <eos>,6,déformée,déformé,4,M,déformée,-10.642409,déformé,-13.47191,1
2106,S_NOUN_1_PASS_b,F,S,la lampe avec le bracelet était fixée <eos>,6,fixée,fixé,4,M,fixée,-4.99635,fixé,-7.543319,1
2107,S_NOUN_1_PASS_b,F,S,la lampe avec le bracelet était jetée <eos>,6,jetée,jeté,4,M,jetée,-9.529148,jeté,-11.418485,1
2108,S_NOUN_1_PASS_b,F,S,la lampe avec le bracelet était laissée <eos>,6,laissée,laissé,4,M,laissée,-8.412731,laissé,-10.7959795,1
2109,S_NOUN_1_PASS_b,F,S,la lampe avec le bracelet était ouverte <eos>,6,ouverte,ouvert,4,M,ouverte,-6.1147494,ouvert,-9.270317,1
2110,S_NOUN_1_PASS_b,F,S,la lampe avec le bracelet était perdue <eos>,6,perdue,perdu,4,M,perdue,-8.784234,perdu,-11.892335,1
2111,S_NOUN_1_PASS_b,F,S,la lampe avec le bracelet était réparée <eos>,6,réparée,réparé,4,M,réparée,-10.375816,réparé,-14.44081,1
2112,S_NOUN_1_PASS_b,F,S,la lampe avec le bracelet était retirée <eos>,6,retirée,retiré,4,M,retirée,-7.5391483,retiré,-10.261238,1
2113,S_NOUN_1_PASS_b,F,S,la lampe avec le bracelet était tombée <eos>,6,tombée,tombé,4,M,tombée,-8.763055,tombé,-10.114705,1
2114,S_NOUN_1_PASS_b,F,S,la lampe avec le bracelet était utilisée <eos>,6,utilisée,utilisé,4,M,utilisée,-4.1144276,utilisé,-6.4793606,1
2115,S_NOUN_1_PASS_b,F,S,la lampe avec le miroir était achetée <eos>,6,achetée,acheté,4,M,achetée,-8.411471,acheté,-11.631593,1
2116,S_NOUN_1_PASS_b,F,S,la lampe avec le miroir était brisée <eos>,6,brisée,brisé,4,M,brisée,-6.960804,brisé,-9.806356,1
2117,S_NOUN_1_PASS_b,F,S,la lampe avec le miroir était cachée <eos>,6,cachée,caché,4,M,cachée,-6.769852,caché,-9.179209,1
2118,S_NOUN_1_PASS_b,F,S,la lampe avec le miroir était cassée <eos>,6,cassée,cassé,4,M,cassée,-8.062806,cassé,-10.483374,1
2119,S_NOUN_1_PASS_b,F,S,la lampe avec le miroir était couverte <eos>,6,couverte,couvert,4,M,couverte,-6.523696,couvert,-8.940179,1
2120,S_NOUN_1_PASS_b,F,S,la lampe avec le miroir était déformée <eos>,6,déformée,déformé,4,M,déformée,-9.511808,déformé,-12.945561,1
2121,S_NOUN_1_PASS_b,F,S,la lampe avec le miroir était fixée <eos>,6,fixée,fixé,4,M,fixée,-5.19757,fixé,-7.736063,1
2122,S_NOUN_1_PASS_b,F,S,la lampe avec le miroir était jetée <eos>,6,jetée,jeté,4,M,jetée,-8.912719,jeté,-11.277342,1
2123,S_NOUN_1_PASS_b,F,S,la lampe avec le miroir était laissée <eos>,6,laissée,laissé,4,M,laissée,-8.226685,laissé,-10.958691,1
2124,S_NOUN_1_PASS_b,F,S,la lampe avec le miroir était ouverte <eos>,6,ouverte,ouvert,4,M,ouverte,-5.9096985,ouvert,-9.308777,1
2125,S_NOUN_1_PASS_b,F,S,la lampe avec le miroir était perdue <eos>,6,perdue,perdu,4,M,perdue,-8.317708,perdu,-12.117853,1
2126,S_NOUN_1_PASS_b,F,S,la lampe avec le miroir était réparée <eos>,6,réparée,réparé,4,M,réparée,-9.665791,réparé,-13.502695,1
2127,S_NOUN_1_PASS_b,F,S,la lampe avec le miroir était retirée <eos>,6,retirée,retiré,4,M,retirée,-7.3609676,retiré,-10.382396,1
2128,S_NOUN_1_PASS_b,F,S,la lampe avec le miroir était tombée <eos>,6,tombée,tombé,4,M,tombée,-8.4903965,tombé,-10.31179,1
2129,S_NOUN_1_PASS_b,F,S,la lampe avec le miroir était utilisée <eos>,6,utilisée,utilisé,4,M,utilisée,-4.3208475,utilisé,-6.917018,1
2130,S_NOUN_1_PASS_b,F,S,la lampe avec le crayon était achetée <eos>,6,achetée,acheté,4,M,achetée,-7.952547,acheté,-11.875104,1
2131,S_NOUN_1_PASS_b,F,S,la lampe avec le crayon était brisée <eos>,6,brisée,brisé,4,M,brisée,-8.122179,brisé,-12.287065,1
2132,S_NOUN_1_PASS_b,F,S,la lampe avec le crayon était cachée <eos>,6,cachée,caché,4,M,cachée,-7.6967115,caché,-10.415847,1
2133,S_NOUN_1_PASS_b,F,S,la lampe avec le crayon était cassée <eos>,6,cassée,cassé,4,M,cassée,-8.394728,cassé,-12.76379,1
2134,S_NOUN_1_PASS_b,F,S,la lampe avec le crayon était couverte <eos>,6,couverte,couvert,4,M,couverte,-6.807737,couvert,-10.148496,1
2135,S_NOUN_1_PASS_b,F,S,la lampe avec le crayon était déformée <eos>,6,déformée,déformé,4,M,déformée,-9.275797,déformé,-13.2434025,1
2136,S_NOUN_1_PASS_b,F,S,la lampe avec le crayon était fixée <eos>,6,fixée,fixé,4,M,fixée,-5.944194,fixé,-9.233558,1
2137,S_NOUN_1_PASS_b,F,S,la lampe avec le crayon était jetée <eos>,6,jetée,jeté,4,M,jetée,-8.52097,jeté,-11.9462595,1
2138,S_NOUN_1_PASS_b,F,S,la lampe avec le crayon était laissée <eos>,6,laissée,laissé,4,M,laissée,-7.36642,laissé,-11.504061,1
2139,S_NOUN_1_PASS_b,F,S,la lampe avec le crayon était ouverte <eos>,6,ouverte,ouvert,4,M,ouverte,-6.0663815,ouvert,-10.110343,1
2140,S_NOUN_1_PASS_b,F,S,la lampe avec le crayon était perdue <eos>,6,perdue,perdu,4,M,perdue,-7.9507422,perdu,-11.755133,1
2141,S_NOUN_1_PASS_b,F,S,la lampe avec le crayon était réparée <eos>,6,réparée,réparé,4,M,réparée,-9.972155,réparé,-14.520354,1
2142,S_NOUN_1_PASS_b,F,S,la lampe avec le crayon était retirée <eos>,6,retirée,retiré,4,M,retirée,-7.9471493,retiré,-10.791462,1
2143,S_NOUN_1_PASS_b,F,S,la lampe avec le crayon était tombée <eos>,6,tombée,tombé,4,M,tombée,-8.500277,tombé,-10.60808,1
2144,S_NOUN_1_PASS_b,F,S,la lampe avec le crayon était utilisée <eos>,6,utilisée,utilisé,4,M,utilisée,-3.1943035,utilisé,-6.6260786,1
2145,S_NOUN_1_PASS_b,F,S,la lampe avec le rideau était achetée <eos>,6,achetée,acheté,4,M,achetée,-8.553518,acheté,-11.998708,1
2146,S_NOUN_1_PASS_b,F,S,la lampe avec le rideau était brisée <eos>,6,brisée,brisé,4,M,brisée,-6.533517,brisé,-9.608428,1
2147,S_NOUN_1_PASS_b,F,S,la lampe avec le rideau était cachée <eos>,6,cachée,caché,4,M,cachée,-7.709117,caché,-9.9393015,1
2148,S_NOUN_1_PASS_b,F,S,la lampe avec le rideau était cassée <eos>,6,cassée,cassé,4,M,cassée,-8.458692,cassé,-9.878465,1
2149,S_NOUN_1_PASS_b,F,S,la lampe avec le rideau était couverte <eos>,6,couverte,couvert,4,M,couverte,-6.603505,couvert,-8.776438,1
2150,S_NOUN_1_PASS_b,F,S,la lampe avec le rideau était déformée <eos>,6,déformée,déformé,4,M,déformée,-9.364392,déformé,-12.676825,1
2151,S_NOUN_1_PASS_b,F,S,la lampe avec le rideau était fixée <eos>,6,fixée,fixé,4,M,fixée,-5.4376774,fixé,-8.540648,1
2152,S_NOUN_1_PASS_b,F,S,la lampe avec le rideau était jetée <eos>,6,jetée,jeté,4,M,jetée,-9.012548,jeté,-11.179144,1
2153,S_NOUN_1_PASS_b,F,S,la lampe avec le rideau était laissée <eos>,6,laissée,laissé,4,M,laissée,-8.0771675,laissé,-10.983372,1
2154,S_NOUN_1_PASS_b,F,S,la lampe avec le rideau était ouverte <eos>,6,ouverte,ouvert,4,M,ouverte,-5.93386,ouvert,-9.058811,1
2155,S_NOUN_1_PASS_b,F,S,la lampe avec le rideau était perdue <eos>,6,perdue,perdu,4,M,perdue,-8.93755,perdu,-11.72819,1
2156,S_NOUN_1_PASS_b,F,S,la lampe avec le rideau était réparée <eos>,6,réparée,réparé,4,M,réparée,-9.209464,réparé,-12.507656,1
2157,S_NOUN_1_PASS_b,F,S,la lampe avec le rideau était retirée <eos>,6,retirée,retiré,4,M,retirée,-6.4446707,retiré,-10.01404,1
2158,S_NOUN_1_PASS_b,F,S,la lampe avec le rideau était tombée <eos>,6,tombée,tombé,4,M,tombée,-8.097587,tombé,-9.377139,1
2159,S_NOUN_1_PASS_b,F,S,la lampe avec le rideau était utilisée <eos>,6,utilisée,utilisé,4,M,utilisée,-4.167198,utilisé,-6.851925,1
2160,S_NOUN_1_PASS_b,F,S,la lampe avec le cahier était achetée <eos>,6,achetée,acheté,4,M,achetée,-8.425013,acheté,-11.040887,1
2161,S_NOUN_1_PASS_b,F,S,la lampe avec le cahier était brisée <eos>,6,brisée,brisé,4,M,brisée,-7.947686,brisé,-9.78322,1
2162,S_NOUN_1_PASS_b,F,S,la lampe avec le cahier était cachée <eos>,6,cachée,caché,4,M,cachée,-8.887302,caché,-9.561959,1
2163,S_NOUN_1_PASS_b,F,S,la lampe avec le cahier était cassée <eos>,6,cassée,cassé,4,M,cassée,-9.430599,cassé,-10.922453,1
2164,S_NOUN_1_PASS_b,F,S,la lampe avec le cahier était couverte <eos>,6,couverte,couvert,4,M,couverte,-7.3668795,couvert,-8.342538,1
2165,S_NOUN_1_PASS_b,F,S,la lampe avec le cahier était déformée <eos>,6,déformée,déformé,4,M,déformée,-10.768859,déformé,-12.517884,1
2166,S_NOUN_1_PASS_b,F,S,la lampe avec le cahier était fixée <eos>,6,fixée,fixé,4,M,fixée,-5.4132833,fixé,-7.2086887,1
2167,S_NOUN_1_PASS_b,F,S,la lampe avec le cahier était jetée <eos>,6,jetée,jeté,4,M,jetée,-9.4637375,jeté,-10.821377,1
2168,S_NOUN_1_PASS_b,F,S,la lampe avec le cahier était laissée <eos>,6,laissée,laissé,4,M,laissée,-8.932915,laissé,-10.760452,1
2169,S_NOUN_1_PASS_b,F,S,la lampe avec le cahier était ouverte <eos>,6,ouverte,ouvert,4,M,ouverte,-5.911084,ouvert,-7.7077217,1
2170,S_NOUN_1_PASS_b,F,S,la lampe avec le cahier était perdue <eos>,6,perdue,perdu,4,M,perdue,-8.824624,perdu,-9.973781,1
2171,S_NOUN_1_PASS_b,F,S,la lampe avec le cahier était réparée <eos>,6,réparée,réparé,4,M,réparée,-9.5966625,réparé,-12.637735,1
2172,S_NOUN_1_PASS_b,F,S,la lampe avec le cahier était retirée <eos>,6,retirée,retiré,4,M,retirée,-7.113816,retiré,-8.691498,1
2173,S_NOUN_1_PASS_b,F,S,la lampe avec le cahier était tombée <eos>,6,tombée,tombé,4,M,tombée,-8.441521,tombé,-9.43374,1
2174,S_NOUN_1_PASS_b,F,S,la lampe avec le cahier était utilisée <eos>,6,utilisée,utilisé,4,M,utilisée,-4.340127,utilisé,-5.8009415,1
2175,S_NOUN_1_PASS_b,F,S,la lampe avec le micro était achetée <eos>,6,achetée,acheté,4,M,achetée,-8.660505,acheté,-12.458532,1
2176,S_NOUN_1_PASS_b,F,S,la lampe avec le micro était brisée <eos>,6,brisée,brisé,4,M,brisée,-7.6498117,brisé,-10.386511,1
2177,S_NOUN_1_PASS_b,F,S,la lampe avec le micro était cachée <eos>,6,cachée,caché,4,M,cachée,-7.871106,caché,-10.442063,1
2178,S_NOUN_1_PASS_b,F,S,la lampe avec le micro était cassée <eos>,6,cassée,cassé,4,M,cassée,-7.3297815,cassé,-10.161015,1
2179,S_NOUN_1_PASS_b,F,S,la lampe avec le micro était couverte <eos>,6,couverte,couvert,4,M,couverte,-7.148434,couvert,-9.675773,1
2180,S_NOUN_1_PASS_b,F,S,la lampe avec le micro était déformée <eos>,6,déformée,déformé,4,M,déformée,-9.4498005,déformé,-13.255386,1
2181,S_NOUN_1_PASS_b,F,S,la lampe avec le micro était fixée <eos>,6,fixée,fixé,4,M,fixée,-4.8670826,fixé,-7.8059254,1
2182,S_NOUN_1_PASS_b,F,S,la lampe avec le micro était jetée <eos>,6,jetée,jeté,4,M,jetée,-9.22166,jeté,-11.568943,1
2183,S_NOUN_1_PASS_b,F,S,la lampe avec le micro était laissée <eos>,6,laissée,laissé,4,M,laissée,-8.396229,laissé,-11.303677,1
2184,S_NOUN_1_PASS_b,F,S,la lampe avec le micro était ouverte <eos>,6,ouverte,ouvert,4,M,ouverte,-6.3345613,ouvert,-9.430728,1
2185,S_NOUN_1_PASS_b,F,S,la lampe avec le micro était perdue <eos>,6,perdue,perdu,4,M,perdue,-8.871344,perdu,-12.674337,1
2186,S_NOUN_1_PASS_b,F,S,la lampe avec le micro était réparée <eos>,6,réparée,réparé,4,M,réparée,-9.559492,réparé,-14.270403,1
2187,S_NOUN_1_PASS_b,F,S,la lampe avec le micro était retirée <eos>,6,retirée,retiré,4,M,retirée,-7.109171,retiré,-10.3555355,1
2188,S_NOUN_1_PASS_b,F,S,la lampe avec le micro était tombée <eos>,6,tombée,tombé,4,M,tombée,-9.102064,tombé,-9.939487,1
2189,S_NOUN_1_PASS_b,F,S,la lampe avec le micro était utilisée <eos>,6,utilisée,utilisé,4,M,utilisée,-4.8285604,utilisé,-7.492497,1
2190,S_NOUN_1_PASS_b,F,S,la lampe avec le sac était achetée <eos>,6,achetée,acheté,4,M,achetée,-7.340693,acheté,-11.17766,1
2191,S_NOUN_1_PASS_b,F,S,la lampe avec le sac était brisée <eos>,6,brisée,brisé,4,M,brisée,-7.434331,brisé,-10.948576,1
2192,S_NOUN_1_PASS_b,F,S,la lampe avec le sac était cachée <eos>,6,cachée,caché,4,M,cachée,-6.7938585,caché,-9.696395,1
2193,S_NOUN_1_PASS_b,F,S,la lampe avec le sac était cassée <eos>,6,cassée,cassé,4,M,cassée,-7.341136,cassé,-10.840205,1
2194,S_NOUN_1_PASS_b,F,S,la lampe avec le sac était couverte <eos>,6,couverte,couvert,4,M,couverte,-6.36926,couvert,-9.322011,1
2195,S_NOUN_1_PASS_b,F,S,la lampe avec le sac était déformée <eos>,6,déformée,déformé,4,M,déformée,-9.529274,déformé,-13.000722,1
2196,S_NOUN_1_PASS_b,F,S,la lampe avec le sac était fixée <eos>,6,fixée,fixé,4,M,fixée,-4.7107706,fixé,-7.952942,1
2197,S_NOUN_1_PASS_b,F,S,la lampe avec le sac était jetée <eos>,6,jetée,jeté,4,M,jetée,-7.901081,jeté,-10.992531,1
2198,S_NOUN_1_PASS_b,F,S,la lampe avec le sac était laissée <eos>,6,laissée,laissé,4,M,laissée,-7.657856,laissé,-10.719749,1
2199,S_NOUN_1_PASS_b,F,S,la lampe avec le sac était ouverte <eos>,6,ouverte,ouvert,4,M,ouverte,-5.5824456,ouvert,-9.263749,1
2200,S_NOUN_1_PASS_b,F,S,la lampe avec le sac était perdue <eos>,6,perdue,perdu,4,M,perdue,-7.706687,perdu,-11.859678,1
2201,S_NOUN_1_PASS_b,F,S,la lampe avec le sac était réparée <eos>,6,réparée,réparé,4,M,réparée,-9.131164,réparé,-13.027533,1
2202,S_NOUN_1_PASS_b,F,S,la lampe avec le sac était retirée <eos>,6,retirée,retiré,4,M,retirée,-6.2935205,retiré,-9.663347,1
2203,S_NOUN_1_PASS_b,F,S,la lampe avec le sac était tombée <eos>,6,tombée,tombé,4,M,tombée,-8.450813,tombé,-10.4788685,1
2204,S_NOUN_1_PASS_b,F,S,la lampe avec le sac était utilisée <eos>,6,utilisée,utilisé,4,M,utilisée,-4.048948,utilisé,-7.0945687,1
2205,S_NOUN_1_PASS_b,F,S,la lampe avec le clavier était achetée <eos>,6,achetée,acheté,4,M,achetée,-9.081126,acheté,-11.779215,1
2206,S_NOUN_1_PASS_b,F,S,la lampe avec le clavier était brisée <eos>,6,brisée,brisé,4,M,brisée,-8.629811,brisé,-11.637209,1
2207,S_NOUN_1_PASS_b,F,S,la lampe avec le clavier était cachée <eos>,6,cachée,caché,4,M,cachée,-7.302101,caché,-10.209396,1
2208,S_NOUN_1_PASS_b,F,S,la lampe avec le clavier était cassée <eos>,6,cassée,cassé,4,M,cassée,-7.811882,cassé,-10.757275,1
2209,S_NOUN_1_PASS_b,F,S,la lampe avec le clavier était couverte <eos>,6,couverte,couvert,4,M,couverte,-6.7725964,couvert,-9.719323,1
2210,S_NOUN_1_PASS_b,F,S,la lampe avec le clavier était déformée <eos>,6,déformée,déformé,4,M,déformée,-9.2057,déformé,-13.704868,1
2211,S_NOUN_1_PASS_b,F,S,la lampe avec le clavier était fixée <eos>,6,fixée,fixé,4,M,fixée,-4.832365,fixé,-7.7030334,1
2212,S_NOUN_1_PASS_b,F,S,la lampe avec le clavier était jetée <eos>,6,jetée,jeté,4,M,jetée,-10.3092165,jeté,-12.524982,1
2213,S_NOUN_1_PASS_b,F,S,la lampe avec le clavier était laissée <eos>,6,laissée,laissé,4,M,laissée,-8.753396,laissé,-11.606421,1
2214,S_NOUN_1_PASS_b,F,S,la lampe avec le clavier était ouverte <eos>,6,ouverte,ouvert,4,M,ouverte,-5.7258134,ouvert,-8.620943,1
2215,S_NOUN_1_PASS_b,F,S,la lampe avec le clavier était perdue <eos>,6,perdue,perdu,4,M,perdue,-9.095728,perdu,-12.348913,1
2216,S_NOUN_1_PASS_b,F,S,la lampe avec le clavier était réparée <eos>,6,réparée,réparé,4,M,réparée,-9.783297,réparé,-14.51123,1
2217,S_NOUN_1_PASS_b,F,S,la lampe avec le clavier était retirée <eos>,6,retirée,retiré,4,M,retirée,-7.990959,retiré,-10.306341,1
2218,S_NOUN_1_PASS_b,F,S,la lampe avec le clavier était tombée <eos>,6,tombée,tombé,4,M,tombée,-8.583826,tombé,-10.412038,1
2219,S_NOUN_1_PASS_b,F,S,la lampe avec le clavier était utilisée <eos>,6,utilisée,utilisé,4,M,utilisée,-4.1988254,utilisé,-6.8250384,1
2220,S_NOUN_1_PASS_b,F,S,la lampe avec le raisin était achetée <eos>,6,achetée,acheté,4,M,achetée,-8.031239,acheté,-11.634579,1
2221,S_NOUN_1_PASS_b,F,S,la lampe avec le raisin était brisée <eos>,6,brisée,brisé,4,M,brisée,-8.418707,brisé,-13.180103,1
2222,S_NOUN_1_PASS_b,F,S,la lampe avec le raisin était cachée <eos>,6,cachée,caché,4,M,cachée,-9.041468,caché,-11.423575,1
2223,S_NOUN_1_PASS_b,F,S,la lampe avec le raisin était cassée <eos>,6,cassée,cassé,4,M,cassée,-8.209861,cassé,-11.543126,1
2224,S_NOUN_1_PASS_b,F,S,la lampe avec le raisin était couverte <eos>,6,couverte,couvert,4,M,couverte,-6.879077,couvert,-9.816738,1
2225,S_NOUN_1_PASS_b,F,S,la lampe avec le raisin était déformée <eos>,6,déformée,déformé,4,M,déformée,-9.9406805,déformé,-14.070516,1
2226,S_NOUN_1_PASS_b,F,S,la lampe avec le raisin était fixée <eos>,6,fixée,fixé,4,M,fixée,-5.3657503,fixé,-8.559527,1
2227,S_NOUN_1_PASS_b,F,S,la lampe avec le raisin était jetée <eos>,6,jetée,jeté,4,M,jetée,-7.759591,jeté,-11.655916,1
2228,S_NOUN_1_PASS_b,F,S,la lampe avec le raisin était laissée <eos>,6,laissée,laissé,4,M,laissée,-8.168695,laissé,-11.277983,1
2229,S_NOUN_1_PASS_b,F,S,la lampe avec le raisin était ouverte <eos>,6,ouverte,ouvert,4,M,ouverte,-6.170677,ouvert,-9.938541,1
2230,S_NOUN_1_PASS_b,F,S,la lampe avec le raisin était perdue <eos>,6,perdue,perdu,4,M,perdue,-8.80812,perdu,-12.315158,1
2231,S_NOUN_1_PASS_b,F,S,la lampe avec le raisin était réparée <eos>,6,réparée,réparé,4,M,réparée,-10.16053,réparé,-13.7654915,1
2232,S_NOUN_1_PASS_b,F,S,la lampe avec le raisin était retirée <eos>,6,retirée,retiré,4,M,retirée,-7.131766,retiré,-10.755081,1
2233,S_NOUN_1_PASS_b,F,S,la lampe avec le raisin était tombée <eos>,6,tombée,tombé,4,M,tombée,-8.328997,tombé,-11.072235,1
2234,S_NOUN_1_PASS_b,F,S,la lampe avec le raisin était utilisée <eos>,6,utilisée,utilisé,4,M,utilisée,-3.6932065,utilisé,-6.9261093,1
2235,S_NOUN_1_PASS_b,F,S,la lampe avec le chargeur était achetée <eos>,6,achetée,acheté,4,M,achetée,-9.514029,acheté,-12.488148,1
2236,S_NOUN_1_PASS_b,F,S,la lampe avec le chargeur était brisée <eos>,6,brisée,brisé,4,M,brisée,-8.5946865,brisé,-11.079587,1
2237,S_NOUN_1_PASS_b,F,S,la lampe avec le chargeur était cachée <eos>,6,cachée,caché,4,M,cachée,-8.02923,caché,-10.842972,1
2238,S_NOUN_1_PASS_b,F,S,la lampe avec le chargeur était cassée <eos>,6,cassée,cassé,4,M,cassée,-7.564028,cassé,-11.563486,1
2239,S_NOUN_1_PASS_b,F,S,la lampe avec le chargeur était couverte <eos>,6,couverte,couvert,4,M,couverte,-7.3665423,couvert,-9.797508,1
2240,S_NOUN_1_PASS_b,F,S,la lampe avec le chargeur était déformée <eos>,6,déformée,déformé,4,M,déformée,-9.775759,déformé,-13.916641,1
2241,S_NOUN_1_PASS_b,F,S,la lampe avec le chargeur était fixée <eos>,6,fixée,fixé,4,M,fixée,-5.4094386,fixé,-8.337904,1
2242,S_NOUN_1_PASS_b,F,S,la lampe avec le chargeur était jetée <eos>,6,jetée,jeté,4,M,jetée,-9.152767,jeté,-12.346922,1
2243,S_NOUN_1_PASS_b,F,S,la lampe avec le chargeur était laissée <eos>,6,laissée,laissé,4,M,laissée,-8.863487,laissé,-11.561144,1
2244,S_NOUN_1_PASS_b,F,S,la lampe avec le chargeur était ouverte <eos>,6,ouverte,ouvert,4,M,ouverte,-6.5528126,ouvert,-9.672956,1
2245,S_NOUN_1_PASS_b,F,S,la lampe avec le chargeur était perdue <eos>,6,perdue,perdu,4,M,perdue,-9.835519,perdu,-12.278791,1
2246,S_NOUN_1_PASS_b,F,S,la lampe avec le chargeur était réparée <eos>,6,réparée,réparé,4,M,réparée,-8.609819,réparé,-13.539597,1
2247,S_NOUN_1_PASS_b,F,S,la lampe avec le chargeur était retirée <eos>,6,retirée,retiré,4,M,retirée,-7.4181423,retiré,-10.292986,1
2248,S_NOUN_1_PASS_b,F,S,la lampe avec le chargeur était tombée <eos>,6,tombée,tombé,4,M,tombée,-10.063861,tombé,-11.451144,1
2249,S_NOUN_1_PASS_b,F,S,la lampe avec le chargeur était utilisée <eos>,6,utilisée,utilisé,4,M,utilisée,-4.827648,utilisé,-7.4859953,1
2250,S_NOUN_1_PASS_b,F,S,la lampe avec le vase était achetée <eos>,6,achetée,acheté,4,M,achetée,-7.962784,acheté,-11.636415,1
2251,S_NOUN_1_PASS_b,F,S,la lampe avec le vase était brisée <eos>,6,brisée,brisé,4,M,brisée,-6.923088,brisé,-9.810709,1
2252,S_NOUN_1_PASS_b,F,S,la lampe avec le vase était cachée <eos>,6,cachée,caché,4,M,cachée,-7.18655,caché,-10.159605,1
2253,S_NOUN_1_PASS_b,F,S,la lampe avec le vase était cassée <eos>,6,cassée,cassé,4,M,cassée,-7.5318975,cassé,-11.207378,1
2254,S_NOUN_1_PASS_b,F,S,la lampe avec le vase était couverte <eos>,6,couverte,couvert,4,M,couverte,-5.575575,couvert,-8.702771,1
2255,S_NOUN_1_PASS_b,F,S,la lampe avec le vase était déformée <eos>,6,déformée,déformé,4,M,déformée,-9.832993,déformé,-13.582183,1
2256,S_NOUN_1_PASS_b,F,S,la lampe avec le vase était fixée <eos>,6,fixée,fixé,4,M,fixée,-5.0672674,fixé,-8.3394375,1
2257,S_NOUN_1_PASS_b,F,S,la lampe avec le vase était jetée <eos>,6,jetée,jeté,4,M,jetée,-7.892415,jeté,-10.989672,1
2258,S_NOUN_1_PASS_b,F,S,la lampe avec le vase était laissée <eos>,6,laissée,laissé,4,M,laissée,-7.3812447,laissé,-10.280694,1
2259,S_NOUN_1_PASS_b,F,S,la lampe avec le vase était ouverte <eos>,6,ouverte,ouvert,4,M,ouverte,-5.776951,ouvert,-9.395615,1
2260,S_NOUN_1_PASS_b,F,S,la lampe avec le vase était perdue <eos>,6,perdue,perdu,4,M,perdue,-7.7099752,perdu,-11.341449,1
2261,S_NOUN_1_PASS_b,F,S,la lampe avec le vase était réparée <eos>,6,réparée,réparé,4,M,réparée,-8.879872,réparé,-12.83028,1
2262,S_NOUN_1_PASS_b,F,S,la lampe avec le vase était retirée <eos>,6,retirée,retiré,4,M,retirée,-6.6548443,retiré,-10.648666,1
2263,S_NOUN_1_PASS_b,F,S,la lampe avec le vase était tombée <eos>,6,tombée,tombé,4,M,tombée,-7.836871,tombé,-10.733712,1
2264,S_NOUN_1_PASS_b,F,S,la lampe avec le vase était utilisée <eos>,6,utilisée,utilisé,4,M,utilisée,-4.240796,utilisé,-7.3831806,1
2265,S_NOUN_1_PASS_b,F,S,la lampe avec le panier était achetée <eos>,6,achetée,acheté,4,M,achetée,-8.954461,acheté,-12.156381,1
2266,S_NOUN_1_PASS_b,F,S,la lampe avec le panier était brisée <eos>,6,brisée,brisé,4,M,brisée,-7.977332,brisé,-10.752787,1
2267,S_NOUN_1_PASS_b,F,S,la lampe avec le panier était cachée <eos>,6,cachée,caché,4,M,cachée,-7.6431775,caché,-10.323595,1
2268,S_NOUN_1_PASS_b,F,S,la lampe avec le panier était cassée <eos>,6,cassée,cassé,4,M,cassée,-7.845295,cassé,-10.976154,1
2269,S_NOUN_1_PASS_b,F,S,la lampe avec le panier était couverte <eos>,6,couverte,couvert,4,M,couverte,-7.103029,couvert,-9.264584,1
2270,S_NOUN_1_PASS_b,F,S,la lampe avec le panier était déformée <eos>,6,déformée,déformé,4,M,déformée,-9.448285,déformé,-13.741325,1
2271,S_NOUN_1_PASS_b,F,S,la lampe avec le panier était fixée <eos>,6,fixée,fixé,4,M,fixée,-5.3421545,fixé,-7.8726587,1
2272,S_NOUN_1_PASS_b,F,S,la lampe avec le panier était jetée <eos>,6,jetée,jeté,4,M,jetée,-8.929309,jeté,-11.764993,1
2273,S_NOUN_1_PASS_b,F,S,la lampe avec le panier était laissée <eos>,6,laissée,laissé,4,M,laissée,-7.61565,laissé,-10.848097,1
2274,S_NOUN_1_PASS_b,F,S,la lampe avec le panier était ouverte <eos>,6,ouverte,ouvert,4,M,ouverte,-6.183646,ouvert,-9.128974,1
2275,S_NOUN_1_PASS_b,F,S,la lampe avec le panier était perdue <eos>,6,perdue,perdu,4,M,perdue,-9.279527,perdu,-12.60984,1
2276,S_NOUN_1_PASS_b,F,S,la lampe avec le panier était réparée <eos>,6,réparée,réparé,4,M,réparée,-9.671419,réparé,-13.646256,1
2277,S_NOUN_1_PASS_b,F,S,la lampe avec le panier était retirée <eos>,6,retirée,retiré,4,M,retirée,-6.8357315,retiré,-10.520476,1
2278,S_NOUN_1_PASS_b,F,S,la lampe avec le panier était tombée <eos>,6,tombée,tombé,4,M,tombée,-9.312552,tombé,-10.227327,1
2279,S_NOUN_1_PASS_b,F,S,la lampe avec le panier était utilisée <eos>,6,utilisée,utilisé,4,M,utilisée,-4.3222294,utilisé,-6.576193,1
2280,S_NOUN_1_PASS_b,F,S,la lampe avec le collier était achetée <eos>,6,achetée,acheté,4,M,achetée,-7.678235,acheté,-11.312426,1
2281,S_NOUN_1_PASS_b,F,S,la lampe avec le collier était brisée <eos>,6,brisée,brisé,4,M,brisée,-7.5677977,brisé,-10.234389,1
2282,S_NOUN_1_PASS_b,F,S,la lampe avec le collier était cachée <eos>,6,cachée,caché,4,M,cachée,-6.9753323,caché,-9.667824,1
2283,S_NOUN_1_PASS_b,F,S,la lampe avec le collier était cassée <eos>,6,cassée,cassé,4,M,cassée,-8.203347,cassé,-10.348793,1
2284,S_NOUN_1_PASS_b,F,S,la lampe avec le collier était couverte <eos>,6,couverte,couvert,4,M,couverte,-6.475252,couvert,-9.290091,1
2285,S_NOUN_1_PASS_b,F,S,la lampe avec le collier était déformée <eos>,6,déformée,déformé,4,M,déformée,-9.885029,déformé,-12.98049,1
2286,S_NOUN_1_PASS_b,F,S,la lampe avec le collier était fixée <eos>,6,fixée,fixé,4,M,fixée,-5.1736364,fixé,-7.9407835,1
2287,S_NOUN_1_PASS_b,F,S,la lampe avec le collier était jetée <eos>,6,jetée,jeté,4,M,jetée,-8.810888,jeté,-11.128209,1
2288,S_NOUN_1_PASS_b,F,S,la lampe avec le collier était laissée <eos>,6,laissée,laissé,4,M,laissée,-8.282563,laissé,-10.979502,1
2289,S_NOUN_1_PASS_b,F,S,la lampe avec le collier était ouverte <eos>,6,ouverte,ouvert,4,M,ouverte,-5.8071227,ouvert,-9.567055,1
2290,S_NOUN_1_PASS_b,F,S,la lampe avec le collier était perdue <eos>,6,perdue,perdu,4,M,perdue,-9.117928,perdu,-12.60166,1
2291,S_NOUN_1_PASS_b,F,S,la lampe avec le collier était réparée <eos>,6,réparée,réparé,4,M,réparée,-9.910826,réparé,-13.632154,1
2292,S_NOUN_1_PASS_b,F,S,la lampe avec le collier était retirée <eos>,6,retirée,retiré,4,M,retirée,-6.8220253,retiré,-9.80739,1
2293,S_NOUN_1_PASS_b,F,S,la lampe avec le collier était tombée <eos>,6,tombée,tombé,4,M,tombée,-8.747804,tombé,-10.447913,1
2294,S_NOUN_1_PASS_b,F,S,la lampe avec le collier était utilisée <eos>,6,utilisée,utilisé,4,M,utilisée,-4.127135,utilisé,-6.795136,1
2295,S_NOUN_1_PASS_b,F,S,la lampe avec le chapeau était achetée <eos>,6,achetée,acheté,4,M,achetée,-7.905847,acheté,-11.2346325,1
2296,S_NOUN_1_PASS_b,F,S,la lampe avec le chapeau était brisée <eos>,6,brisée,brisé,4,M,brisée,-7.279196,brisé,-10.960135,1
2297,S_NOUN_1_PASS_b,F,S,la lampe avec le chapeau était cachée <eos>,6,cachée,caché,4,M,cachée,-7.6019278,caché,-10.289213,1
2298,S_NOUN_1_PASS_b,F,S,la lampe avec le chapeau était cassée <eos>,6,cassée,cassé,4,M,cassée,-7.8190312,cassé,-10.2020855,1
2299,S_NOUN_1_PASS_b,F,S,la lampe avec le chapeau était couverte <eos>,6,couverte,couvert,4,M,couverte,-5.7908955,couvert,-8.962426,1
2300,S_NOUN_1_PASS_b,F,S,la lampe avec le chapeau était déformée <eos>,6,déformée,déformé,4,M,déformée,-8.734808,déformé,-12.04006,1
2301,S_NOUN_1_PASS_b,F,S,la lampe avec le chapeau était fixée <eos>,6,fixée,fixé,4,M,fixée,-5.305346,fixé,-7.9887176,1
2302,S_NOUN_1_PASS_b,F,S,la lampe avec le chapeau était jetée <eos>,6,jetée,jeté,4,M,jetée,-8.742823,jeté,-11.236162,1
2303,S_NOUN_1_PASS_b,F,S,la lampe avec le chapeau était laissée <eos>,6,laissée,laissé,4,M,laissée,-8.234246,laissé,-10.939636,1
2304,S_NOUN_1_PASS_b,F,S,la lampe avec le chapeau était ouverte <eos>,6,ouverte,ouvert,4,M,ouverte,-5.6318207,ouvert,-9.713473,1
2305,S_NOUN_1_PASS_b,F,S,la lampe avec le chapeau était perdue <eos>,6,perdue,perdu,4,M,perdue,-9.475084,perdu,-12.438829,1
2306,S_NOUN_1_PASS_b,F,S,la lampe avec le chapeau était réparée <eos>,6,réparée,réparé,4,M,réparée,-9.721691,réparé,-13.876389,1
2307,S_NOUN_1_PASS_b,F,S,la lampe avec le chapeau était retirée <eos>,6,retirée,retiré,4,M,retirée,-7.1049137,retiré,-9.816243,1
2308,S_NOUN_1_PASS_b,F,S,la lampe avec le chapeau était tombée <eos>,6,tombée,tombé,4,M,tombée,-8.894767,tombé,-10.41394,1
2309,S_NOUN_1_PASS_b,F,S,la lampe avec le chapeau était utilisée <eos>,6,utilisée,utilisé,4,M,utilisée,-4.135348,utilisé,-6.8608975,1
2310,S_NOUN_1_PASS_b,F,S,la lampe avec le pot était achetée <eos>,6,achetée,acheté,4,M,achetée,-8.175247,acheté,-11.274704,1
2311,S_NOUN_1_PASS_b,F,S,la lampe avec le pot était brisée <eos>,6,brisée,brisé,4,M,brisée,-7.7937584,brisé,-9.94104,1
2312,S_NOUN_1_PASS_b,F,S,la lampe avec le pot était cachée <eos>,6,cachée,caché,4,M,cachée,-8.04196,caché,-9.585028,1
2313,S_NOUN_1_PASS_b,F,S,la lampe avec le pot était cassée <eos>,6,cassée,cassé,4,M,cassée,-8.2850685,cassé,-10.894581,1
2314,S_NOUN_1_PASS_b,F,S,la lampe avec le pot était couverte <eos>,6,couverte,couvert,4,M,couverte,-7.473842,couvert,-8.4942665,1
2315,S_NOUN_1_PASS_b,F,S,la lampe avec le pot était déformée <eos>,6,déformée,déformé,4,M,déformée,-10.106209,déformé,-12.566503,1
2316,S_NOUN_1_PASS_b,F,S,la lampe avec le pot était fixée <eos>,6,fixée,fixé,4,M,fixée,-5.184867,fixé,-7.43674,1
2317,S_NOUN_1_PASS_b,F,S,la lampe avec le pot était jetée <eos>,6,jetée,jeté,4,M,jetée,-8.068084,jeté,-10.692146,1
2318,S_NOUN_1_PASS_b,F,S,la lampe avec le pot était laissée <eos>,6,laissée,laissé,4,M,laissée,-7.8464193,laissé,-10.553397,1
2319,S_NOUN_1_PASS_b,F,S,la lampe avec le pot était ouverte <eos>,6,ouverte,ouvert,4,M,ouverte,-6.4899445,ouvert,-8.713863,1
2320,S_NOUN_1_PASS_b,F,S,la lampe avec le pot était perdue <eos>,6,perdue,perdu,4,M,perdue,-8.812294,perdu,-11.46051,1
2321,S_NOUN_1_PASS_b,F,S,la lampe avec le pot était réparée <eos>,6,réparée,réparé,4,M,réparée,-9.653429,réparé,-12.322647,1
2322,S_NOUN_1_PASS_b,F,S,la lampe avec le pot était retirée <eos>,6,retirée,retiré,4,M,retirée,-6.8913684,retiré,-9.267364,1
2323,S_NOUN_1_PASS_b,F,S,la lampe avec le pot était tombée <eos>,6,tombée,tombé,4,M,tombée,-7.974946,tombé,-10.00151,1
2324,S_NOUN_1_PASS_b,F,S,la lampe avec le pot était utilisée <eos>,6,utilisée,utilisé,4,M,utilisée,-4.0691743,utilisé,-6.179733,1
2325,S_NOUN_1_PASS_b,F,S,la lampe avec le coussin était achetée <eos>,6,achetée,acheté,4,M,achetée,-8.892622,acheté,-11.95973,1
2326,S_NOUN_1_PASS_b,F,S,la lampe avec le coussin était brisée <eos>,6,brisée,brisé,4,M,brisée,-7.472722,brisé,-11.075206,1
2327,S_NOUN_1_PASS_b,F,S,la lampe avec le coussin était cachée <eos>,6,cachée,caché,4,M,cachée,-7.7107716,caché,-10.055388,1
2328,S_NOUN_1_PASS_b,F,S,la lampe avec le coussin était cassée <eos>,6,cassée,cassé,4,M,cassée,-7.319561,cassé,-10.725788,1
2329,S_NOUN_1_PASS_b,F,S,la lampe avec le coussin était couverte <eos>,6,couverte,couvert,4,M,couverte,-6.0093765,couvert,-9.239098,1
2330,S_NOUN_1_PASS_b,F,S,la lampe avec le coussin était déformée <eos>,6,déformée,déformé,4,M,déformée,-10.1169405,déformé,-13.459396,1
2331,S_NOUN_1_PASS_b,F,S,la lampe avec le coussin était fixée <eos>,6,fixée,fixé,4,M,fixée,-4.646308,fixé,-8.136024,1
2332,S_NOUN_1_PASS_b,F,S,la lampe avec le coussin était jetée <eos>,6,jetée,jeté,4,M,jetée,-9.4527025,jeté,-12.103921,1
2333,S_NOUN_1_PASS_b,F,S,la lampe avec le coussin était laissée <eos>,6,laissée,laissé,4,M,laissée,-8.261955,laissé,-11.089265,1
2334,S_NOUN_1_PASS_b,F,S,la lampe avec le coussin était ouverte <eos>,6,ouverte,ouvert,4,M,ouverte,-5.29445,ouvert,-9.338651,1
2335,S_NOUN_1_PASS_b,F,S,la lampe avec le coussin était perdue <eos>,6,perdue,perdu,4,M,perdue,-9.930508,perdu,-12.910053,1
2336,S_NOUN_1_PASS_b,F,S,la lampe avec le coussin était réparée <eos>,6,réparée,réparé,4,M,réparée,-9.497691,réparé,-14.299201,1
2337,S_NOUN_1_PASS_b,F,S,la lampe avec le coussin était retirée <eos>,6,retirée,retiré,4,M,retirée,-7.875063,retiré,-10.691714,1
2338,S_NOUN_1_PASS_b,F,S,la lampe avec le coussin était tombée <eos>,6,tombée,tombé,4,M,tombée,-10.3904295,tombé,-11.3631,1
2339,S_NOUN_1_PASS_b,F,S,la lampe avec le coussin était utilisée <eos>,6,utilisée,utilisé,4,M,utilisée,-4.4335876,utilisé,-6.985521,1
2340,S_NOUN_1_PASS_b,F,S,la lampe avec le jouet était achetée <eos>,6,achetée,acheté,4,M,achetée,-8.239522,acheté,-11.537452,1
2341,S_NOUN_1_PASS_b,F,S,la lampe avec le jouet était brisée <eos>,6,brisée,brisé,4,M,brisée,-8.035196,brisé,-11.131765,1
2342,S_NOUN_1_PASS_b,F,S,la lampe avec le jouet était cachée <eos>,6,cachée,caché,4,M,cachée,-7.4689913,caché,-10.112106,1
2343,S_NOUN_1_PASS_b,F,S,la lampe avec le jouet était cassée <eos>,6,cassée,cassé,4,M,cassée,-8.438128,cassé,-12.077073,1
2344,S_NOUN_1_PASS_b,F,S,la lampe avec le jouet était couverte <eos>,6,couverte,couvert,4,M,couverte,-6.9133615,couvert,-9.797038,1
2345,S_NOUN_1_PASS_b,F,S,la lampe avec le jouet était déformée <eos>,6,déformée,déformé,4,M,déformée,-10.836456,déformé,-13.33358,1
2346,S_NOUN_1_PASS_b,F,S,la lampe avec le jouet était fixée <eos>,6,fixée,fixé,4,M,fixée,-5.3659086,fixé,-8.568197,1
2347,S_NOUN_1_PASS_b,F,S,la lampe avec le jouet était jetée <eos>,6,jetée,jeté,4,M,jetée,-9.364759,jeté,-11.517131,1
2348,S_NOUN_1_PASS_b,F,S,la lampe avec le jouet était laissée <eos>,6,laissée,laissé,4,M,laissée,-8.606089,laissé,-11.271782,1
2349,S_NOUN_1_PASS_b,F,S,la lampe avec le jouet était ouverte <eos>,6,ouverte,ouvert,4,M,ouverte,-6.356326,ouvert,-9.606695,1
2350,S_NOUN_1_PASS_b,F,S,la lampe avec le jouet était perdue <eos>,6,perdue,perdu,4,M,perdue,-9.460755,perdu,-12.147341,1
2351,S_NOUN_1_PASS_b,F,S,la lampe avec le jouet était réparée <eos>,6,réparée,réparé,4,M,réparée,-9.8168955,réparé,-13.299745,1
2352,S_NOUN_1_PASS_b,F,S,la lampe avec le jouet était retirée <eos>,6,retirée,retiré,4,M,retirée,-7.56024,retiré,-10.917806,1
2353,S_NOUN_1_PASS_b,F,S,la lampe avec le jouet était tombée <eos>,6,tombée,tombé,4,M,tombée,-8.710855,tombé,-10.005043,1
2354,S_NOUN_1_PASS_b,F,S,la lampe avec le jouet était utilisée <eos>,6,utilisée,utilisé,4,M,utilisée,-4.2921076,utilisé,-6.706912,1
2355,S_NOUN_1_PASS_b,F,S,la lampe avec le clou était achetée <eos>,6,achetée,acheté,4,M,achetée,-8.254421,acheté,-12.452137,1
2356,S_NOUN_1_PASS_b,F,S,la lampe avec le clou était brisée <eos>,6,brisée,brisé,4,M,brisée,-7.987812,brisé,-11.155436,1
2357,S_NOUN_1_PASS_b,F,S,la lampe avec le clou était cachée <eos>,6,cachée,caché,4,M,cachée,-7.493513,caché,-11.063244,1
2358,S_NOUN_1_PASS_b,F,S,la lampe avec le clou était cassée <eos>,6,cassée,cassé,4,M,cassée,-8.047064,cassé,-11.432237,1
2359,S_NOUN_1_PASS_b,F,S,la lampe avec le clou était couverte <eos>,6,couverte,couvert,4,M,couverte,-6.0443625,couvert,-9.527104,1
2360,S_NOUN_1_PASS_b,F,S,la lampe avec le clou était déformée <eos>,6,déformée,déformé,4,M,déformée,-9.728458,déformé,-13.828197,1
2361,S_NOUN_1_PASS_b,F,S,la lampe avec le clou était fixée <eos>,6,fixée,fixé,4,M,fixée,-4.5815234,fixé,-8.091942,1
2362,S_NOUN_1_PASS_b,F,S,la lampe avec le clou était jetée <eos>,6,jetée,jeté,4,M,jetée,-8.0653515,jeté,-11.832671,1
2363,S_NOUN_1_PASS_b,F,S,la lampe avec le clou était laissée <eos>,6,laissée,laissé,4,M,laissée,-7.650612,laissé,-11.454202,1
2364,S_NOUN_1_PASS_b,F,S,la lampe avec le clou était ouverte <eos>,6,ouverte,ouvert,4,M,ouverte,-6.418303,ouvert,-10.363152,1
2365,S_NOUN_1_PASS_b,F,S,la lampe avec le clou était perdue <eos>,6,perdue,perdu,4,M,perdue,-8.461841,perdu,-12.366114,1
2366,S_NOUN_1_PASS_b,F,S,la lampe avec le clou était réparée <eos>,6,réparée,réparé,4,M,réparée,-9.257064,réparé,-13.437889,1
2367,S_NOUN_1_PASS_b,F,S,la lampe avec le clou était retirée <eos>,6,retirée,retiré,4,M,retirée,-6.008381,retiré,-10.470559,1
2368,S_NOUN_1_PASS_b,F,S,la lampe avec le clou était tombée <eos>,6,tombée,tombé,4,M,tombée,-7.665114,tombé,-10.663036,1
2369,S_NOUN_1_PASS_b,F,S,la lampe avec le clou était utilisée <eos>,6,utilisée,utilisé,4,M,utilisée,-3.433873,utilisé,-6.7450495,1
2370,S_NOUN_1_PASS_b,F,S,la lampe avec le billet était achetée <eos>,6,achetée,acheté,4,M,achetée,-7.9783783,acheté,-11.227126,1
2371,S_NOUN_1_PASS_b,F,S,la lampe avec le billet était brisée <eos>,6,brisée,brisé,4,M,brisée,-8.490616,brisé,-10.526567,1
2372,S_NOUN_1_PASS_b,F,S,la lampe avec le billet était cachée <eos>,6,cachée,caché,4,M,cachée,-7.7085323,caché,-10.038363,1
2373,S_NOUN_1_PASS_b,F,S,la lampe avec le billet était cassée <eos>,6,cassée,cassé,4,M,cassée,-9.425289,cassé,-11.399231,1
2374,S_NOUN_1_PASS_b,F,S,la lampe avec le billet était couverte <eos>,6,couverte,couvert,4,M,couverte,-7.385483,couvert,-8.813482,1
2375,S_NOUN_1_PASS_b,F,S,la lampe avec le billet était déformée <eos>,6,déformée,déformé,4,M,déformée,-10.176627,déformé,-13.50685,1
2376,S_NOUN_1_PASS_b,F,S,la lampe avec le billet était fixée <eos>,6,fixée,fixé,4,M,fixée,-4.876974,fixé,-6.995802,1
2377,S_NOUN_1_PASS_b,F,S,la lampe avec le billet était jetée <eos>,6,jetée,jeté,4,M,jetée,-8.626152,jeté,-11.210611,1
2378,S_NOUN_1_PASS_b,F,S,la lampe avec le billet était laissée <eos>,6,laissée,laissé,4,M,laissée,-8.404597,laissé,-10.183933,1
2379,S_NOUN_1_PASS_b,F,S,la lampe avec le billet était ouverte <eos>,6,ouverte,ouvert,4,M,ouverte,-6.460431,ouvert,-9.349229,1
2380,S_NOUN_1_PASS_b,F,S,la lampe avec le billet était perdue <eos>,6,perdue,perdu,4,M,perdue,-9.328953,perdu,-11.117416,1
2381,S_NOUN_1_PASS_b,F,S,la lampe avec le billet était réparée <eos>,6,réparée,réparé,4,M,réparée,-9.838369,réparé,-12.900357,1
2382,S_NOUN_1_PASS_b,F,S,la lampe avec le billet était retirée <eos>,6,retirée,retiré,4,M,retirée,-7.509613,retiré,-9.367967,1
2383,S_NOUN_1_PASS_b,F,S,la lampe avec le billet était tombée <eos>,6,tombée,tombé,4,M,tombée,-8.4844,tombé,-9.650435,1
2384,S_NOUN_1_PASS_b,F,S,la lampe avec le billet était utilisée <eos>,6,utilisée,utilisé,4,M,utilisée,-4.5872803,utilisé,-6.452735,1
2385,S_NOUN_1_PASS_b,F,S,la lampe avec le légume était achetée <eos>,6,achetée,acheté,4,M,achetée,-9.149797,acheté,-11.862832,1
2386,S_NOUN_1_PASS_b,F,S,la lampe avec le légume était brisée <eos>,6,brisée,brisé,4,M,brisée,-9.134699,brisé,-11.783413,1
2387,S_NOUN_1_PASS_b,F,S,la lampe avec le légume était cachée <eos>,6,cachée,caché,4,M,cachée,-8.228401,caché,-10.67104,1
2388,S_NOUN_1_PASS_b,F,S,la lampe avec le légume était cassée <eos>,6,cassée,cassé,4,M,cassée,-8.478794,cassé,-11.87443,1
2389,S_NOUN_1_PASS_b,F,S,la lampe avec le légume était couverte <eos>,6,couverte,couvert,4,M,couverte,-7.0914335,couvert,-9.895568,1
2390,S_NOUN_1_PASS_b,F,S,la lampe avec le légume était déformée <eos>,6,déformée,déformé,4,M,déformée,-10.99138,déformé,-14.501517,1
2391,S_NOUN_1_PASS_b,F,S,la lampe avec le légume était fixée <eos>,6,fixée,fixé,4,M,fixée,-5.9181275,fixé,-9.05387,1
2392,S_NOUN_1_PASS_b,F,S,la lampe avec le légume était jetée <eos>,6,jetée,jeté,4,M,jetée,-8.145946,jeté,-12.034621,1
2393,S_NOUN_1_PASS_b,F,S,la lampe avec le légume était laissée <eos>,6,laissée,laissé,4,M,laissée,-7.239126,laissé,-10.862346,1
2394,S_NOUN_1_PASS_b,F,S,la lampe avec le légume était ouverte <eos>,6,ouverte,ouvert,4,M,ouverte,-6.660064,ouvert,-10.417749,1
2395,S_NOUN_1_PASS_b,F,S,la lampe avec le légume était perdue <eos>,6,perdue,perdu,4,M,perdue,-8.016083,perdu,-12.114528,1
2396,S_NOUN_1_PASS_b,F,S,la lampe avec le légume était réparée <eos>,6,réparée,réparé,4,M,réparée,-11.493707,réparé,-13.7269745,1
2397,S_NOUN_1_PASS_b,F,S,la lampe avec le légume était retirée <eos>,6,retirée,retiré,4,M,retirée,-7.2663193,retiré,-11.154659,1
2398,S_NOUN_1_PASS_b,F,S,la lampe avec le légume était tombée <eos>,6,tombée,tombé,4,M,tombée,-7.843054,tombé,-10.529531,1
2399,S_NOUN_1_PASS_b,F,S,la lampe avec le légume était utilisée <eos>,6,utilisée,utilisé,4,M,utilisée,-4.0779767,utilisé,-6.7681174,1
2400,S_NOUN_1_PASS_b,F,S,la bouteille avec le bracelet était achetée <eos>,6,achetée,acheté,4,M,achetée,-7.4157863,acheté,-10.110798,1
2401,S_NOUN_1_PASS_b,F,S,la bouteille avec le bracelet était brisée <eos>,6,brisée,brisé,4,M,brisée,-7.7299232,brisé,-11.1889515,1
2402,S_NOUN_1_PASS_b,F,S,la bouteille avec le bracelet était cachée <eos>,6,cachée,caché,4,M,cachée,-6.9632015,caché,-9.055988,1
2403,S_NOUN_1_PASS_b,F,S,la bouteille avec le bracelet était cassée <eos>,6,cassée,cassé,4,M,cassée,-6.5228853,cassé,-9.56082,1
2404,S_NOUN_1_PASS_b,F,S,la bouteille avec le bracelet était couverte <eos>,6,couverte,couvert,4,M,couverte,-6.631446,couvert,-9.986679,1
2405,S_NOUN_1_PASS_b,F,S,la bouteille avec le bracelet était déformée <eos>,6,déformée,déformé,4,M,déformée,-10.16892,déformé,-12.9375105,1
2406,S_NOUN_1_PASS_b,F,S,la bouteille avec le bracelet était fixée <eos>,6,fixée,fixé,4,M,fixée,-4.76285,fixé,-7.469678,1
2407,S_NOUN_1_PASS_b,F,S,la bouteille avec le bracelet était jetée <eos>,6,jetée,jeté,4,M,jetée,-7.9459105,jeté,-10.343254,1
2408,S_NOUN_1_PASS_b,F,S,la bouteille avec le bracelet était laissée <eos>,6,laissée,laissé,4,M,laissée,-7.323161,laissé,-10.037552,1
2409,S_NOUN_1_PASS_b,F,S,la bouteille avec le bracelet était ouverte <eos>,6,ouverte,ouvert,4,M,ouverte,-5.7796817,ouvert,-9.434425,1
2410,S_NOUN_1_PASS_b,F,S,la bouteille avec le bracelet était perdue <eos>,6,perdue,perdu,4,M,perdue,-7.945656,perdu,-10.8618765,1
2411,S_NOUN_1_PASS_b,F,S,la bouteille avec le bracelet était réparée <eos>,6,réparée,réparé,4,M,réparée,-10.401524,réparé,-14.198712,1
2412,S_NOUN_1_PASS_b,F,S,la bouteille avec le bracelet était retirée <eos>,6,retirée,retiré,4,M,retirée,-7.1928186,retiré,-9.484268,1
2413,S_NOUN_1_PASS_b,F,S,la bouteille avec le bracelet était tombée <eos>,6,tombée,tombé,4,M,tombée,-7.905535,tombé,-9.79505,1
2414,S_NOUN_1_PASS_b,F,S,la bouteille avec le bracelet était utilisée <eos>,6,utilisée,utilisé,4,M,utilisée,-4.4141445,utilisé,-7.1048393,1
2415,S_NOUN_1_PASS_b,F,S,la bouteille avec le miroir était achetée <eos>,6,achetée,acheté,4,M,achetée,-8.563545,acheté,-11.369328,1
2416,S_NOUN_1_PASS_b,F,S,la bouteille avec le miroir était brisée <eos>,6,brisée,brisé,4,M,brisée,-6.6825476,brisé,-10.642767,1
2417,S_NOUN_1_PASS_b,F,S,la bouteille avec le miroir était cachée <eos>,6,cachée,caché,4,M,cachée,-6.076868,caché,-9.030391,1
2418,S_NOUN_1_PASS_b,F,S,la bouteille avec le miroir était cassée <eos>,6,cassée,cassé,4,M,cassée,-6.4922853,cassé,-9.182409,1
2419,S_NOUN_1_PASS_b,F,S,la bouteille avec le miroir était couverte <eos>,6,couverte,couvert,4,M,couverte,-6.2016387,couvert,-9.617189,1
2420,S_NOUN_1_PASS_b,F,S,la bouteille avec le miroir était déformée <eos>,6,déformée,déformé,4,M,déformée,-8.845404,déformé,-12.7852,1
2421,S_NOUN_1_PASS_b,F,S,la bouteille avec le miroir était fixée <eos>,6,fixée,fixé,4,M,fixée,-5.4869537,fixé,-8.469813,1
2422,S_NOUN_1_PASS_b,F,S,la bouteille avec le miroir était jetée <eos>,6,jetée,jeté,4,M,jetée,-7.638607,jeté,-11.0249,1
2423,S_NOUN_1_PASS_b,F,S,la bouteille avec le miroir était laissée <eos>,6,laissée,laissé,4,M,laissée,-7.315802,laissé,-10.646648,1
2424,S_NOUN_1_PASS_b,F,S,la bouteille avec le miroir était ouverte <eos>,6,ouverte,ouvert,4,M,ouverte,-5.806119,ouvert,-10.00581,1
2425,S_NOUN_1_PASS_b,F,S,la bouteille avec le miroir était perdue <eos>,6,perdue,perdu,4,M,perdue,-7.595525,perdu,-11.238403,1
2426,S_NOUN_1_PASS_b,F,S,la bouteille avec le miroir était réparée <eos>,6,réparée,réparé,4,M,réparée,-9.995698,réparé,-13.650384,1
2427,S_NOUN_1_PASS_b,F,S,la bouteille avec le miroir était retirée <eos>,6,retirée,retiré,4,M,retirée,-6.9471407,retiré,-10.125143,1
2428,S_NOUN_1_PASS_b,F,S,la bouteille avec le miroir était tombée <eos>,6,tombée,tombé,4,M,tombée,-7.677556,tombé,-10.167237,1
2429,S_NOUN_1_PASS_b,F,S,la bouteille avec le miroir était utilisée <eos>,6,utilisée,utilisé,4,M,utilisée,-4.548834,utilisé,-7.7313585,1
2430,S_NOUN_1_PASS_b,F,S,la bouteille avec le crayon était achetée <eos>,6,achetée,acheté,4,M,achetée,-8.34058,acheté,-11.661379,1
2431,S_NOUN_1_PASS_b,F,S,la bouteille avec le crayon était brisée <eos>,6,brisée,brisé,4,M,brisée,-8.454252,brisé,-12.868212,1
2432,S_NOUN_1_PASS_b,F,S,la bouteille avec le crayon était cachée <eos>,6,cachée,caché,4,M,cachée,-7.5024376,caché,-10.078641,1
2433,S_NOUN_1_PASS_b,F,S,la bouteille avec le crayon était cassée <eos>,6,cassée,cassé,4,M,cassée,-7.223134,cassé,-11.507521,1
2434,S_NOUN_1_PASS_b,F,S,la bouteille avec le crayon était couverte <eos>,6,couverte,couvert,4,M,couverte,-6.6905284,couvert,-10.552473,1
2435,S_NOUN_1_PASS_b,F,S,la bouteille avec le crayon était déformée <eos>,6,déformée,déformé,4,M,déformée,-9.016453,déformé,-13.334185,1
2436,S_NOUN_1_PASS_b,F,S,la bouteille avec le crayon était fixée <eos>,6,fixée,fixé,4,M,fixée,-6.316128,fixé,-9.232109,1
2437,S_NOUN_1_PASS_b,F,S,la bouteille avec le crayon était jetée <eos>,6,jetée,jeté,4,M,jetée,-7.7516794,jeté,-11.969374,1
2438,S_NOUN_1_PASS_b,F,S,la bouteille avec le crayon était laissée <eos>,6,laissée,laissé,4,M,laissée,-6.7980547,laissé,-11.04458,1
2439,S_NOUN_1_PASS_b,F,S,la bouteille avec le crayon était ouverte <eos>,6,ouverte,ouvert,4,M,ouverte,-6.1211414,ouvert,-10.454435,1
2440,S_NOUN_1_PASS_b,F,S,la bouteille avec le crayon était perdue <eos>,6,perdue,perdu,4,M,perdue,-7.779524,perdu,-11.303218,1
2441,S_NOUN_1_PASS_b,F,S,la bouteille avec le crayon était réparée <eos>,6,réparée,réparé,4,M,réparée,-10.497211,réparé,-14.463503,1
2442,S_NOUN_1_PASS_b,F,S,la bouteille avec le crayon était retirée <eos>,6,retirée,retiré,4,M,retirée,-7.5210896,retiré,-10.147085,1
2443,S_NOUN_1_PASS_b,F,S,la bouteille avec le crayon était tombée <eos>,6,tombée,tombé,4,M,tombée,-7.9147034,tombé,-10.580378,1
2444,S_NOUN_1_PASS_b,F,S,la bouteille avec le crayon était utilisée <eos>,6,utilisée,utilisé,4,M,utilisée,-3.4321022,utilisé,-7.1097603,1
2445,S_NOUN_1_PASS_b,F,S,la bouteille avec le rideau était achetée <eos>,6,achetée,acheté,4,M,achetée,-8.364707,acheté,-11.109272,1
2446,S_NOUN_1_PASS_b,F,S,la bouteille avec le rideau était brisée <eos>,6,brisée,brisé,4,M,brisée,-6.318355,brisé,-9.705887,1
2447,S_NOUN_1_PASS_b,F,S,la bouteille avec le rideau était cachée <eos>,6,cachée,caché,4,M,cachée,-6.7624216,caché,-8.887721,1
2448,S_NOUN_1_PASS_b,F,S,la bouteille avec le rideau était cassée <eos>,6,cassée,cassé,4,M,cassée,-6.61549,cassé,-8.189869,1
2449,S_NOUN_1_PASS_b,F,S,la bouteille avec le rideau était couverte <eos>,6,couverte,couvert,4,M,couverte,-6.1969795,couvert,-8.916159,1
2450,S_NOUN_1_PASS_b,F,S,la bouteille avec le rideau était déformée <eos>,6,déformée,déformé,4,M,déformée,-8.5152,déformé,-11.99625,1
2451,S_NOUN_1_PASS_b,F,S,la bouteille avec le rideau était fixée <eos>,6,fixée,fixé,4,M,fixée,-5.904645,fixé,-8.526163,1
2452,S_NOUN_1_PASS_b,F,S,la bouteille avec le rideau était jetée <eos>,6,jetée,jeté,4,M,jetée,-7.8005357,jeté,-10.537324,1
2453,S_NOUN_1_PASS_b,F,S,la bouteille avec le rideau était laissée <eos>,6,laissée,laissé,4,M,laissée,-6.7245064,laissé,-10.172228,1
2454,S_NOUN_1_PASS_b,F,S,la bouteille avec le rideau était ouverte <eos>,6,ouverte,ouvert,4,M,ouverte,-6.077833,ouvert,-9.156302,1
2455,S_NOUN_1_PASS_b,F,S,la bouteille avec le rideau était perdue <eos>,6,perdue,perdu,4,M,perdue,-8.452717,perdu,-10.942487,1
2456,S_NOUN_1_PASS_b,F,S,la bouteille avec le rideau était réparée <eos>,6,réparée,réparé,4,M,réparée,-9.750866,réparé,-12.189149,1
2457,S_NOUN_1_PASS_b,F,S,la bouteille avec le rideau était retirée <eos>,6,retirée,retiré,4,M,retirée,-5.9826884,retiré,-9.082007,1
2458,S_NOUN_1_PASS_b,F,S,la bouteille avec le rideau était tombée <eos>,6,tombée,tombé,4,M,tombée,-7.3099537,tombé,-9.049446,1
2459,S_NOUN_1_PASS_b,F,S,la bouteille avec le rideau était utilisée <eos>,6,utilisée,utilisé,4,M,utilisée,-4.902809,utilisé,-7.6060867,1
2460,S_NOUN_1_PASS_b,F,S,la bouteille avec le cahier était achetée <eos>,6,achetée,acheté,4,M,achetée,-8.361354,acheté,-9.947403,1
2461,S_NOUN_1_PASS_b,F,S,la bouteille avec le cahier était brisée <eos>,6,brisée,brisé,4,M,brisée,-8.062658,brisé,-10.658487,1
2462,S_NOUN_1_PASS_b,F,S,la bouteille avec le cahier était cachée <eos>,6,cachée,caché,4,M,cachée,-8.15253,caché,-9.023807,1
2463,S_NOUN_1_PASS_b,F,S,la bouteille avec le cahier était cassée <eos>,6,cassée,cassé,4,M,cassée,-7.7009683,cassé,-9.494385,1
2464,S_NOUN_1_PASS_b,F,S,la bouteille avec le cahier était couverte <eos>,6,couverte,couvert,4,M,couverte,-6.9789934,couvert,-8.942564,1
2465,S_NOUN_1_PASS_b,F,S,la bouteille avec le cahier était déformée <eos>,6,déformée,déformé,4,M,déformée,-9.636603,déformé,-12.145281,1
2466,S_NOUN_1_PASS_b,F,S,la bouteille avec le cahier était fixée <eos>,6,fixée,fixé,4,M,fixée,-5.2877073,fixé,-7.0568237,1
2467,S_NOUN_1_PASS_b,F,S,la bouteille avec le cahier était jetée <eos>,6,jetée,jeté,4,M,jetée,-8.632837,jeté,-10.881638,1
2468,S_NOUN_1_PASS_b,F,S,la bouteille avec le cahier était laissée <eos>,6,laissée,laissé,4,M,laissée,-7.6502466,laissé,-10.27078,1
2469,S_NOUN_1_PASS_b,F,S,la bouteille avec le cahier était ouverte <eos>,6,ouverte,ouvert,4,M,ouverte,-6.309824,ouvert,-8.528858,1
2470,S_NOUN_1_PASS_b,F,S,la bouteille avec le cahier était perdue <eos>,6,perdue,perdu,4,M,perdue,-8.250722,perdu,-9.625877,1
2471,S_NOUN_1_PASS_b,F,S,la bouteille avec le cahier était réparée <eos>,6,réparée,réparé,4,M,réparée,-10.448513,réparé,-13.206417,1
2472,S_NOUN_1_PASS_b,F,S,la bouteille avec le cahier était retirée <eos>,6,retirée,retiré,4,M,retirée,-6.284469,retiré,-7.768454,1
2473,S_NOUN_1_PASS_b,F,S,la bouteille avec le cahier était tombée <eos>,6,tombée,tombé,4,M,tombée,-7.8010635,tombé,-9.320096,1
2474,S_NOUN_1_PASS_b,F,S,la bouteille avec le cahier était utilisée <eos>,6,utilisée,utilisé,4,M,utilisée,-4.36469,utilisé,-6.4313784,1
2475,S_NOUN_1_PASS_b,F,S,la bouteille avec le micro était achetée <eos>,6,achetée,acheté,4,M,achetée,-8.728676,acheté,-11.702902,1
2476,S_NOUN_1_PASS_b,F,S,la bouteille avec le micro était brisée <eos>,6,brisée,brisé,4,M,brisée,-7.5152545,brisé,-11.124561,1
2477,S_NOUN_1_PASS_b,F,S,la bouteille avec le micro était cachée <eos>,6,cachée,caché,4,M,cachée,-7.2645674,caché,-9.660049,1
2478,S_NOUN_1_PASS_b,F,S,la bouteille avec le micro était cassée <eos>,6,cassée,cassé,4,M,cassée,-5.982663,cassé,-8.589696,1
2479,S_NOUN_1_PASS_b,F,S,la bouteille avec le micro était couverte <eos>,6,couverte,couvert,4,M,couverte,-6.601718,couvert,-9.790629,1
2480,S_NOUN_1_PASS_b,F,S,la bouteille avec le micro était déformée <eos>,6,déformée,déformé,4,M,déformée,-8.594582,déformé,-12.755123,1
2481,S_NOUN_1_PASS_b,F,S,la bouteille avec le micro était fixée <eos>,6,fixée,fixé,4,M,fixée,-5.2890186,fixé,-8.537444,1
2482,S_NOUN_1_PASS_b,F,S,la bouteille avec le micro était jetée <eos>,6,jetée,jeté,4,M,jetée,-7.591983,jeté,-11.155252,1
2483,S_NOUN_1_PASS_b,F,S,la bouteille avec le micro était laissée <eos>,6,laissée,laissé,4,M,laissée,-6.983898,laissé,-10.791141,1
2484,S_NOUN_1_PASS_b,F,S,la bouteille avec le micro était ouverte <eos>,6,ouverte,ouvert,4,M,ouverte,-6.0645256,ouvert,-9.719633,1
2485,S_NOUN_1_PASS_b,F,S,la bouteille avec le micro était perdue <eos>,6,perdue,perdu,4,M,perdue,-7.9967856,perdu,-11.50514,1
2486,S_NOUN_1_PASS_b,F,S,la bouteille avec le micro était réparée <eos>,6,réparée,réparé,4,M,réparée,-10.191705,réparé,-14.096297,1
2487,S_NOUN_1_PASS_b,F,S,la bouteille avec le micro était retirée <eos>,6,retirée,retiré,4,M,retirée,-6.724759,retiré,-9.804591,1
2488,S_NOUN_1_PASS_b,F,S,la bouteille avec le micro était tombée <eos>,6,tombée,tombé,4,M,tombée,-7.873289,tombé,-9.682576,1
2489,S_NOUN_1_PASS_b,F,S,la bouteille avec le micro était utilisée <eos>,6,utilisée,utilisé,4,M,utilisée,-4.531001,utilisé,-7.875331,1
2490,S_NOUN_1_PASS_b,F,S,la bouteille avec le sac était achetée <eos>,6,achetée,acheté,4,M,achetée,-7.3600607,acheté,-10.328702,1
2491,S_NOUN_1_PASS_b,F,S,la bouteille avec le sac était brisée <eos>,6,brisée,brisé,4,M,brisée,-7.014957,brisé,-10.979052,1
2492,S_NOUN_1_PASS_b,F,S,la bouteille avec le sac était cachée <eos>,6,cachée,caché,4,M,cachée,-6.2312226,caché,-8.883106,1
2493,S_NOUN_1_PASS_b,F,S,la bouteille avec le sac était cassée <eos>,6,cassée,cassé,4,M,cassée,-5.7715464,cassé,-9.424672,1
2494,S_NOUN_1_PASS_b,F,S,la bouteille avec le sac était couverte <eos>,6,couverte,couvert,4,M,couverte,-5.86384,couvert,-9.225739,1
2495,S_NOUN_1_PASS_b,F,S,la bouteille avec le sac était déformée <eos>,6,déformée,déformé,4,M,déformée,-9.181423,déformé,-12.297823,1
2496,S_NOUN_1_PASS_b,F,S,la bouteille avec le sac était fixée <eos>,6,fixée,fixé,4,M,fixée,-5.0787554,fixé,-8.031314,1
2497,S_NOUN_1_PASS_b,F,S,la bouteille avec le sac était jetée <eos>,6,jetée,jeté,4,M,jetée,-6.1440563,jeté,-10.210733,1
2498,S_NOUN_1_PASS_b,F,S,la bouteille avec le sac était laissée <eos>,6,laissée,laissé,4,M,laissée,-6.265575,laissé,-9.847389,1
2499,S_NOUN_1_PASS_b,F,S,la bouteille avec le sac était ouverte <eos>,6,ouverte,ouvert,4,M,ouverte,-5.4605074,ouvert,-9.387368,1
2500,S_NOUN_1_PASS_b,F,S,la bouteille avec le sac était perdue <eos>,6,perdue,perdu,4,M,perdue,-7.0729103,perdu,-10.732961,1
2501,S_NOUN_1_PASS_b,F,S,la bouteille avec le sac était réparée <eos>,6,réparée,réparé,4,M,réparée,-9.576658,réparé,-12.548952,1
2502,S_NOUN_1_PASS_b,F,S,la bouteille avec le sac était retirée <eos>,6,retirée,retiré,4,M,retirée,-5.969674,retiré,-8.986941,1
2503,S_NOUN_1_PASS_b,F,S,la bouteille avec le sac était tombée <eos>,6,tombée,tombé,4,M,tombée,-7.4639454,tombé,-10.185449,1
2504,S_NOUN_1_PASS_b,F,S,la bouteille avec le sac était utilisée <eos>,6,utilisée,utilisé,4,M,utilisée,-4.522197,utilisé,-7.7405443,1
2505,S_NOUN_1_PASS_b,F,S,la bouteille avec le clavier était achetée <eos>,6,achetée,acheté,4,M,achetée,-9.015433,acheté,-11.328369,1
2506,S_NOUN_1_PASS_b,F,S,la bouteille avec le clavier était brisée <eos>,6,brisée,brisé,4,M,brisée,-8.588652,brisé,-12.313303,1
2507,S_NOUN_1_PASS_b,F,S,la bouteille avec le clavier était cachée <eos>,6,cachée,caché,4,M,cachée,-6.9055805,caché,-9.718452,1
2508,S_NOUN_1_PASS_b,F,S,la bouteille avec le clavier était cassée <eos>,6,cassée,cassé,4,M,cassée,-6.6338177,cassé,-9.860567,1
2509,S_NOUN_1_PASS_b,F,S,la bouteille avec le clavier était couverte <eos>,6,couverte,couvert,4,M,couverte,-6.730133,couvert,-10.311012,1
2510,S_NOUN_1_PASS_b,F,S,la bouteille avec le clavier était déformée <eos>,6,déformée,déformé,4,M,déformée,-8.768203,déformé,-13.642792,1
2511,S_NOUN_1_PASS_b,F,S,la bouteille avec le clavier était fixée <eos>,6,fixée,fixé,4,M,fixée,-5.19524,fixé,-8.127721,1
2512,S_NOUN_1_PASS_b,F,S,la bouteille avec le clavier était jetée <eos>,6,jetée,jeté,4,M,jetée,-9.130078,jeté,-12.119349,1
2513,S_NOUN_1_PASS_b,F,S,la bouteille avec le clavier était laissée <eos>,6,laissée,laissé,4,M,laissée,-7.4553137,laissé,-11.005684,1
2514,S_NOUN_1_PASS_b,F,S,la bouteille avec le clavier était ouverte <eos>,6,ouverte,ouvert,4,M,ouverte,-5.7690372,ouvert,-9.322027,1
2515,S_NOUN_1_PASS_b,F,S,la bouteille avec le clavier était perdue <eos>,6,perdue,perdu,4,M,perdue,-8.288754,perdu,-11.432331,1
2516,S_NOUN_1_PASS_b,F,S,la bouteille avec le clavier était réparée <eos>,6,réparée,réparé,4,M,réparée,-10.091686,réparé,-14.2265005,1
2517,S_NOUN_1_PASS_b,F,S,la bouteille avec le clavier était retirée <eos>,6,retirée,retiré,4,M,retirée,-7.2976503,retiré,-9.647618,1
2518,S_NOUN_1_PASS_b,F,S,la bouteille avec le clavier était tombée <eos>,6,tombée,tombé,4,M,tombée,-7.653097,tombé,-10.166892,1
2519,S_NOUN_1_PASS_b,F,S,la bouteille avec le clavier était utilisée <eos>,6,utilisée,utilisé,4,M,utilisée,-4.2536545,utilisé,-7.3031864,1
2520,S_NOUN_1_PASS_b,F,S,la bouteille avec le raisin était achetée <eos>,6,achetée,acheté,4,M,achetée,-7.6901913,acheté,-10.770024,1
2521,S_NOUN_1_PASS_b,F,S,la bouteille avec le raisin était brisée <eos>,6,brisée,brisé,4,M,brisée,-8.224804,brisé,-13.542826,1
2522,S_NOUN_1_PASS_b,F,S,la bouteille avec le raisin était cachée <eos>,6,cachée,caché,4,M,cachée,-8.452708,caché,-10.789537,1
2523,S_NOUN_1_PASS_b,F,S,la bouteille avec le raisin était cassée <eos>,6,cassée,cassé,4,M,cassée,-6.8914833,cassé,-10.377245,1
2524,S_NOUN_1_PASS_b,F,S,la bouteille avec le raisin était couverte <eos>,6,couverte,couvert,4,M,couverte,-6.7326956,couvert,-10.34884,1
2525,S_NOUN_1_PASS_b,F,S,la bouteille avec le raisin était déformée <eos>,6,déformée,déformé,4,M,déformée,-9.680477,déformé,-13.824344,1
2526,S_NOUN_1_PASS_b,F,S,la bouteille avec le raisin était fixée <eos>,6,fixée,fixé,4,M,fixée,-5.4781528,fixé,-8.412939,1
2527,S_NOUN_1_PASS_b,F,S,la bouteille avec le raisin était jetée <eos>,6,jetée,jeté,4,M,jetée,-6.840453,jeté,-11.324158,1
2528,S_NOUN_1_PASS_b,F,S,la bouteille avec le raisin était laissée <eos>,6,laissée,laissé,4,M,laissée,-6.6582813,laissé,-10.581959,1
2529,S_NOUN_1_PASS_b,F,S,la bouteille avec le raisin était ouverte <eos>,6,ouverte,ouvert,4,M,ouverte,-6.1240864,ouvert,-10.389202,1
2530,S_NOUN_1_PASS_b,F,S,la bouteille avec le raisin était perdue <eos>,6,perdue,perdu,4,M,perdue,-7.9113865,perdu,-11.367715,1
2531,S_NOUN_1_PASS_b,F,S,la bouteille avec le raisin était réparée <eos>,6,réparée,réparé,4,M,réparée,-10.79248,réparé,-13.941378,1
2532,S_NOUN_1_PASS_b,F,S,la bouteille avec le raisin était retirée <eos>,6,retirée,retiré,4,M,retirée,-6.7141933,retiré,-9.70375,1
2533,S_NOUN_1_PASS_b,F,S,la bouteille avec le raisin était tombée <eos>,6,tombée,tombé,4,M,tombée,-7.3448076,tombé,-11.098207,1
2534,S_NOUN_1_PASS_b,F,S,la bouteille avec le raisin était utilisée <eos>,6,utilisée,utilisé,4,M,utilisée,-4.149249,utilisé,-7.6239443,1
2535,S_NOUN_1_PASS_b,F,S,la bouteille avec le chargeur était achetée <eos>,6,achetée,acheté,4,M,achetée,-9.077567,acheté,-11.62955,1
2536,S_NOUN_1_PASS_b,F,S,la bouteille avec le chargeur était brisée <eos>,6,brisée,brisé,4,M,brisée,-8.326172,brisé,-11.606049,1
2537,S_NOUN_1_PASS_b,F,S,la bouteille avec le chargeur était cachée <eos>,6,cachée,caché,4,M,cachée,-7.266415,caché,-9.919527,1
2538,S_NOUN_1_PASS_b,F,S,la bouteille avec le chargeur était cassée <eos>,6,cassée,cassé,4,M,cassée,-6.2289877,cassé,-10.095039,1
2539,S_NOUN_1_PASS_b,F,S,la bouteille avec le chargeur était couverte <eos>,6,couverte,couvert,4,M,couverte,-6.9574494,couvert,-10.421568,1
2540,S_NOUN_1_PASS_b,F,S,la bouteille avec le chargeur était déformée <eos>,6,déformée,déformé,4,M,déformée,-9.2163925,déformé,-13.608398,1
2541,S_NOUN_1_PASS_b,F,S,la bouteille avec le chargeur était fixée <eos>,6,fixée,fixé,4,M,fixée,-5.2383533,fixé,-8.277885,1
2542,S_NOUN_1_PASS_b,F,S,la bouteille avec le chargeur était jetée <eos>,6,jetée,jeté,4,M,jetée,-8.28337,jeté,-11.940612,1
2543,S_NOUN_1_PASS_b,F,S,la bouteille avec le chargeur était laissée <eos>,6,laissée,laissé,4,M,laissée,-7.5919943,laissé,-10.791202,1
2544,S_NOUN_1_PASS_b,F,S,la bouteille avec le chargeur était ouverte <eos>,6,ouverte,ouvert,4,M,ouverte,-6.0753784,ouvert,-10.159305,1
2545,S_NOUN_1_PASS_b,F,S,la bouteille avec le chargeur était perdue <eos>,6,perdue,perdu,4,M,perdue,-8.512598,perdu,-11.134284,1
2546,S_NOUN_1_PASS_b,F,S,la bouteille avec le chargeur était réparée <eos>,6,réparée,réparé,4,M,réparée,-9.396795,réparé,-13.992291,1
2547,S_NOUN_1_PASS_b,F,S,la bouteille avec le chargeur était retirée <eos>,6,retirée,retiré,4,M,retirée,-6.56168,retiré,-9.082686,1
2548,S_NOUN_1_PASS_b,F,S,la bouteille avec le chargeur était tombée <eos>,6,tombée,tombé,4,M,tombée,-8.702759,tombé,-10.767552,1
2549,S_NOUN_1_PASS_b,F,S,la bouteille avec le chargeur était utilisée <eos>,6,utilisée,utilisé,4,M,utilisée,-4.689172,utilisé,-7.8108206,1
2550,S_NOUN_1_PASS_b,F,S,la bouteille avec le vase était achetée <eos>,6,achetée,acheté,4,M,achetée,-8.019652,acheté,-10.878347,1
2551,S_NOUN_1_PASS_b,F,S,la bouteille avec le vase était brisée <eos>,6,brisée,brisé,4,M,brisée,-6.740212,brisé,-10.682568,1
2552,S_NOUN_1_PASS_b,F,S,la bouteille avec le vase était cachée <eos>,6,cachée,caché,4,M,cachée,-6.792222,caché,-9.503922,1
2553,S_NOUN_1_PASS_b,F,S,la bouteille avec le vase était cassée <eos>,6,cassée,cassé,4,M,cassée,-6.216442,cassé,-9.810078,1
2554,S_NOUN_1_PASS_b,F,S,la bouteille avec le vase était couverte <eos>,6,couverte,couvert,4,M,couverte,-5.658575,couvert,-9.336651,1
2555,S_NOUN_1_PASS_b,F,S,la bouteille avec le vase était déformée <eos>,6,déformée,déformé,4,M,déformée,-9.496487,déformé,-12.92429,1
2556,S_NOUN_1_PASS_b,F,S,la bouteille avec le vase était fixée <eos>,6,fixée,fixé,4,M,fixée,-5.486553,fixé,-8.337827,1
2557,S_NOUN_1_PASS_b,F,S,la bouteille avec le vase était jetée <eos>,6,jetée,jeté,4,M,jetée,-6.6705413,jeté,-10.469704,1
2558,S_NOUN_1_PASS_b,F,S,la bouteille avec le vase était laissée <eos>,6,laissée,laissé,4,M,laissée,-6.540882,laissé,-9.736975,1
2559,S_NOUN_1_PASS_b,F,S,la bouteille avec le vase était ouverte <eos>,6,ouverte,ouvert,4,M,ouverte,-5.6899652,ouvert,-9.941658,1
2560,S_NOUN_1_PASS_b,F,S,la bouteille avec le vase était perdue <eos>,6,perdue,perdu,4,M,perdue,-6.81017,perdu,-10.035767,1
2561,S_NOUN_1_PASS_b,F,S,la bouteille avec le vase était réparée <eos>,6,réparée,réparé,4,M,réparée,-9.572989,réparé,-12.790727,1
2562,S_NOUN_1_PASS_b,F,S,la bouteille avec le vase était retirée <eos>,6,retirée,retiré,4,M,retirée,-6.3224697,retiré,-9.94585,1
2563,S_NOUN_1_PASS_b,F,S,la bouteille avec le vase était tombée <eos>,6,tombée,tombé,4,M,tombée,-6.8979106,tombé,-10.040932,1
2564,S_NOUN_1_PASS_b,F,S,la bouteille avec le vase était utilisée <eos>,6,utilisée,utilisé,4,M,utilisée,-4.3785987,utilisé,-7.7610908,1
2565,S_NOUN_1_PASS_b,F,S,la bouteille avec le panier était achetée <eos>,6,achetée,acheté,4,M,achetée,-8.921882,acheté,-11.457637,1
2566,S_NOUN_1_PASS_b,F,S,la bouteille avec le panier était brisée <eos>,6,brisée,brisé,4,M,brisée,-7.7138014,brisé,-11.201776,1
2567,S_NOUN_1_PASS_b,F,S,la bouteille avec le panier était cachée <eos>,6,cachée,caché,4,M,cachée,-7.1042233,caché,-9.500618,1
2568,S_NOUN_1_PASS_b,F,S,la bouteille avec le panier était cassée <eos>,6,cassée,cassé,4,M,cassée,-6.2809157,cassé,-9.710323,1
2569,S_NOUN_1_PASS_b,F,S,la bouteille avec le panier était couverte <eos>,6,couverte,couvert,4,M,couverte,-6.4451036,couvert,-9.440086,1
2570,S_NOUN_1_PASS_b,F,S,la bouteille avec le panier était déformée <eos>,6,déformée,déformé,4,M,déformée,-8.89691,déformé,-13.314379,1
2571,S_NOUN_1_PASS_b,F,S,la bouteille avec le panier était fixée <eos>,6,fixée,fixé,4,M,fixée,-5.452563,fixé,-8.038563,1
2572,S_NOUN_1_PASS_b,F,S,la bouteille avec le panier était jetée <eos>,6,jetée,jeté,4,M,jetée,-7.504081,jeté,-11.590198,1
2573,S_NOUN_1_PASS_b,F,S,la bouteille avec le panier était laissée <eos>,6,laissée,laissé,4,M,laissée,-6.3399725,laissé,-10.274806,1
2574,S_NOUN_1_PASS_b,F,S,la bouteille avec le panier était ouverte <eos>,6,ouverte,ouvert,4,M,ouverte,-6.156623,ouvert,-9.791393,1
2575,S_NOUN_1_PASS_b,F,S,la bouteille avec le panier était perdue <eos>,6,perdue,perdu,4,M,perdue,-8.148258,perdu,-11.309353,1
2576,S_NOUN_1_PASS_b,F,S,la bouteille avec le panier était réparée <eos>,6,réparée,réparé,4,M,réparée,-10.019559,réparé,-13.421358,1
2577,S_NOUN_1_PASS_b,F,S,la bouteille avec le panier était retirée <eos>,6,retirée,retiré,4,M,retirée,-6.577791,retiré,-9.616418,1
2578,S_NOUN_1_PASS_b,F,S,la bouteille avec le panier était tombée <eos>,6,tombée,tombé,4,M,tombée,-7.7115946,tombé,-10.022985,1
2579,S_NOUN_1_PASS_b,F,S,la bouteille avec le panier était utilisée <eos>,6,utilisée,utilisé,4,M,utilisée,-4.8189135,utilisé,-7.6469812,1
2580,S_NOUN_1_PASS_b,F,S,la bouteille avec le collier était achetée <eos>,6,achetée,acheté,4,M,achetée,-7.5480037,acheté,-10.355467,1
2581,S_NOUN_1_PASS_b,F,S,la bouteille avec le collier était brisée <eos>,6,brisée,brisé,4,M,brisée,-7.0760307,brisé,-10.607748,1
2582,S_NOUN_1_PASS_b,F,S,la bouteille avec le collier était cachée <eos>,6,cachée,caché,4,M,cachée,-6.6506186,caché,-8.998967,1
2583,S_NOUN_1_PASS_b,F,S,la bouteille avec le collier était cassée <eos>,6,cassée,cassé,4,M,cassée,-6.284304,cassé,-8.73921,1
2584,S_NOUN_1_PASS_b,F,S,la bouteille avec le collier était couverte <eos>,6,couverte,couvert,4,M,couverte,-6.2529964,couvert,-9.79993,1
2585,S_NOUN_1_PASS_b,F,S,la bouteille avec le collier était déformée <eos>,6,déformée,déformé,4,M,déformée,-9.356423,déformé,-12.503742,1
2586,S_NOUN_1_PASS_b,F,S,la bouteille avec le collier était fixée <eos>,6,fixée,fixé,4,M,fixée,-5.474612,fixé,-8.022987,1
2587,S_NOUN_1_PASS_b,F,S,la bouteille avec le collier était jetée <eos>,6,jetée,jeté,4,M,jetée,-7.435051,jeté,-10.295986,1
2588,S_NOUN_1_PASS_b,F,S,la bouteille avec le collier était laissée <eos>,6,laissée,laissé,4,M,laissée,-7.2435436,laissé,-10.257674,1
2589,S_NOUN_1_PASS_b,F,S,la bouteille avec le collier était ouverte <eos>,6,ouverte,ouvert,4,M,ouverte,-5.8911476,ouvert,-10.020279,1
2590,S_NOUN_1_PASS_b,F,S,la bouteille avec le collier était perdue <eos>,6,perdue,perdu,4,M,perdue,-8.290013,perdu,-11.424585,1
2591,S_NOUN_1_PASS_b,F,S,la bouteille avec le collier était réparée <eos>,6,réparée,réparé,4,M,réparée,-10.381294,réparé,-13.726852,1
2592,S_NOUN_1_PASS_b,F,S,la bouteille avec le collier était retirée <eos>,6,retirée,retiré,4,M,retirée,-6.485674,retiré,-8.9688,1
2593,S_NOUN_1_PASS_b,F,S,la bouteille avec le collier était tombée <eos>,6,tombée,tombé,4,M,tombée,-8.020626,tombé,-9.990341,1
2594,S_NOUN_1_PASS_b,F,S,la bouteille avec le collier était utilisée <eos>,6,utilisée,utilisé,4,M,utilisée,-4.5927176,utilisé,-7.452558,1
2595,S_NOUN_1_PASS_b,F,S,la bouteille avec le chapeau était achetée <eos>,6,achetée,acheté,4,M,achetée,-7.6843004,acheté,-10.717375,1
2596,S_NOUN_1_PASS_b,F,S,la bouteille avec le chapeau était brisée <eos>,6,brisée,brisé,4,M,brisée,-7.338893,brisé,-11.824675,1
2597,S_NOUN_1_PASS_b,F,S,la bouteille avec le chapeau était cachée <eos>,6,cachée,caché,4,M,cachée,-7.352319,caché,-9.889619,1
2598,S_NOUN_1_PASS_b,F,S,la bouteille avec le chapeau était cassée <eos>,6,cassée,cassé,4,M,cassée,-6.2562313,cassé,-8.966894,1
2599,S_NOUN_1_PASS_b,F,S,la bouteille avec le chapeau était couverte <eos>,6,couverte,couvert,4,M,couverte,-5.6159787,couvert,-9.748367,1
2600,S_NOUN_1_PASS_b,F,S,la bouteille avec le chapeau était déformée <eos>,6,déformée,déformé,4,M,déformée,-8.383415,déformé,-12.021081,1
2601,S_NOUN_1_PASS_b,F,S,la bouteille avec le chapeau était fixée <eos>,6,fixée,fixé,4,M,fixée,-5.5493765,fixé,-8.211677,1
2602,S_NOUN_1_PASS_b,F,S,la bouteille avec le chapeau était jetée <eos>,6,jetée,jeté,4,M,jetée,-7.1148734,jeté,-10.710779,1
2603,S_NOUN_1_PASS_b,F,S,la bouteille avec le chapeau était laissée <eos>,6,laissée,laissé,4,M,laissée,-6.90366,laissé,-10.539928,1
2604,S_NOUN_1_PASS_b,F,S,la bouteille avec le chapeau était ouverte <eos>,6,ouverte,ouvert,4,M,ouverte,-5.668001,ouvert,-10.488277,1
2605,S_NOUN_1_PASS_b,F,S,la bouteille avec le chapeau était perdue <eos>,6,perdue,perdu,4,M,perdue,-8.40576,perdu,-11.37125,1
2606,S_NOUN_1_PASS_b,F,S,la bouteille avec le chapeau était réparée <eos>,6,réparée,réparé,4,M,réparée,-9.970543,réparé,-13.903535,1
2607,S_NOUN_1_PASS_b,F,S,la bouteille avec le chapeau était retirée <eos>,6,retirée,retiré,4,M,retirée,-6.529537,retiré,-9.261826,1
2608,S_NOUN_1_PASS_b,F,S,la bouteille avec le chapeau était tombée <eos>,6,tombée,tombé,4,M,tombée,-7.7538033,tombé,-10.198347,1
2609,S_NOUN_1_PASS_b,F,S,la bouteille avec le chapeau était utilisée <eos>,6,utilisée,utilisé,4,M,utilisée,-4.302133,utilisé,-7.6689134,1
2610,S_NOUN_1_PASS_b,F,S,la bouteille avec le pot était achetée <eos>,6,achetée,acheté,4,M,achetée,-7.645179,acheté,-10.05616,1
2611,S_NOUN_1_PASS_b,F,S,la bouteille avec le pot était brisée <eos>,6,brisée,brisé,4,M,brisée,-7.7730045,brisé,-11.099527,1
2612,S_NOUN_1_PASS_b,F,S,la bouteille avec le pot était cachée <eos>,6,cachée,caché,4,M,cachée,-7.5303907,caché,-9.295533,1
2613,S_NOUN_1_PASS_b,F,S,la bouteille avec le pot était cassée <eos>,6,cassée,cassé,4,M,cassée,-6.8986926,cassé,-9.750862,1
2614,S_NOUN_1_PASS_b,F,S,la bouteille avec le pot était couverte <eos>,6,couverte,couvert,4,M,couverte,-7.06559,couvert,-9.416045,1
2615,S_NOUN_1_PASS_b,F,S,la bouteille avec le pot était déformée <eos>,6,déformée,déformé,4,M,déformée,-9.607736,déformé,-12.440734,1
2616,S_NOUN_1_PASS_b,F,S,la bouteille avec le pot était fixée <eos>,6,fixée,fixé,4,M,fixée,-5.5253253,fixé,-7.718225,1
2617,S_NOUN_1_PASS_b,F,S,la bouteille avec le pot était jetée <eos>,6,jetée,jeté,4,M,jetée,-6.7995863,jeté,-10.464296,1
2618,S_NOUN_1_PASS_b,F,S,la bouteille avec le pot était laissée <eos>,6,laissée,laissé,4,M,laissée,-6.686056,laissé,-9.981449,1
2619,S_NOUN_1_PASS_b,F,S,la bouteille avec le pot était ouverte <eos>,6,ouverte,ouvert,4,M,ouverte,-6.428027,ouvert,-9.381756,1
2620,S_NOUN_1_PASS_b,F,S,la bouteille avec le pot était perdue <eos>,6,perdue,perdu,4,M,perdue,-8.007073,perdu,-10.655373,1
2621,S_NOUN_1_PASS_b,F,S,la bouteille avec le pot était réparée <eos>,6,réparée,réparé,4,M,réparée,-10.160409,réparé,-12.414538,1
2622,S_NOUN_1_PASS_b,F,S,la bouteille avec le pot était retirée <eos>,6,retirée,retiré,4,M,retirée,-6.5970297,retiré,-8.649063,1
2623,S_NOUN_1_PASS_b,F,S,la bouteille avec le pot était tombée <eos>,6,tombée,tombé,4,M,tombée,-7.207421,tombé,-9.939247,1
2624,S_NOUN_1_PASS_b,F,S,la bouteille avec le pot était utilisée <eos>,6,utilisée,utilisé,4,M,utilisée,-4.150634,utilisé,-6.637124,1
2625,S_NOUN_1_PASS_b,F,S,la bouteille avec le coussin était achetée <eos>,6,achetée,acheté,4,M,achetée,-8.678611,acheté,-11.630682,1
2626,S_NOUN_1_PASS_b,F,S,la bouteille avec le coussin était brisée <eos>,6,brisée,brisé,4,M,brisée,-7.1585183,brisé,-11.651398,1
2627,S_NOUN_1_PASS_b,F,S,la bouteille avec le coussin était cachée <eos>,6,cachée,caché,4,M,cachée,-7.24228,caché,-9.693096,1
2628,S_NOUN_1_PASS_b,F,S,la bouteille avec le coussin était cassée <eos>,6,cassée,cassé,4,M,cassée,-5.6153727,cassé,-9.051737,1
2629,S_NOUN_1_PASS_b,F,S,la bouteille avec le coussin était couverte <eos>,6,couverte,couvert,4,M,couverte,-5.714489,couvert,-9.856803,1
2630,S_NOUN_1_PASS_b,F,S,la bouteille avec le coussin était déformée <eos>,6,déformée,déformé,4,M,déformée,-9.829069,déformé,-13.497472,1
2631,S_NOUN_1_PASS_b,F,S,la bouteille avec le coussin était fixée <eos>,6,fixée,fixé,4,M,fixée,-4.4211397,fixé,-7.885189,1
2632,S_NOUN_1_PASS_b,F,S,la bouteille avec le coussin était jetée <eos>,6,jetée,jeté,4,M,jetée,-8.151226,jeté,-11.511191,1
2633,S_NOUN_1_PASS_b,F,S,la bouteille avec le coussin était laissée <eos>,6,laissée,laissé,4,M,laissée,-7.2841144,laissé,-10.859972,1
2634,S_NOUN_1_PASS_b,F,S,la bouteille avec le coussin était ouverte <eos>,6,ouverte,ouvert,4,M,ouverte,-5.1088943,ouvert,-9.873209,1
2635,S_NOUN_1_PASS_b,F,S,la bouteille avec le coussin était perdue <eos>,6,perdue,perdu,4,M,perdue,-9.512385,perdu,-12.308085,1
2636,S_NOUN_1_PASS_b,F,S,la bouteille avec le coussin était réparée <eos>,6,réparée,réparé,4,M,réparée,-10.1071205,réparé,-14.829823,1
2637,S_NOUN_1_PASS_b,F,S,la bouteille avec le coussin était retirée <eos>,6,retirée,retiré,4,M,retirée,-7.1092463,retiré,-9.909029,1
2638,S_NOUN_1_PASS_b,F,S,la bouteille avec le coussin était tombée <eos>,6,tombée,tombé,4,M,tombée,-9.44435,tombé,-10.923974,1
2639,S_NOUN_1_PASS_b,F,S,la bouteille avec le coussin était utilisée <eos>,6,utilisée,utilisé,4,M,utilisée,-4.6574707,utilisé,-7.7962275,1
2640,S_NOUN_1_PASS_b,F,S,la bouteille avec le jouet était achetée <eos>,6,achetée,acheté,4,M,achetée,-7.992942,acheté,-11.000456,1
2641,S_NOUN_1_PASS_b,F,S,la bouteille avec le jouet était brisée <eos>,6,brisée,brisé,4,M,brisée,-7.606191,brisé,-11.408886,1
2642,S_NOUN_1_PASS_b,F,S,la bouteille avec le jouet était cachée <eos>,6,cachée,caché,4,M,cachée,-6.847185,caché,-9.619238,1
2643,S_NOUN_1_PASS_b,F,S,la bouteille avec le jouet était cassée <eos>,6,cassée,cassé,4,M,cassée,-6.415211,cassé,-10.304718,1
2644,S_NOUN_1_PASS_b,F,S,la bouteille avec le jouet était couverte <eos>,6,couverte,couvert,4,M,couverte,-6.6091633,couvert,-10.284138,1
2645,S_NOUN_1_PASS_b,F,S,la bouteille avec le jouet était déformée <eos>,6,déformée,déformé,4,M,déformée,-9.919377,déformé,-13.279721,1
2646,S_NOUN_1_PASS_b,F,S,la bouteille avec le jouet était fixée <eos>,6,fixée,fixé,4,M,fixée,-5.6938477,fixé,-9.1224785,1
2647,S_NOUN_1_PASS_b,F,S,la bouteille avec le jouet était jetée <eos>,6,jetée,jeté,4,M,jetée,-7.800518,jeté,-10.989283,1
2648,S_NOUN_1_PASS_b,F,S,la bouteille avec le jouet était laissée <eos>,6,laissée,laissé,4,M,laissée,-7.2341805,laissé,-10.553463,1
2649,S_NOUN_1_PASS_b,F,S,la bouteille avec le jouet était ouverte <eos>,6,ouverte,ouvert,4,M,ouverte,-5.963747,ouvert,-9.719614,1
2650,S_NOUN_1_PASS_b,F,S,la bouteille avec le jouet était perdue <eos>,6,perdue,perdu,4,M,perdue,-8.733672,perdu,-11.4449005,1
2651,S_NOUN_1_PASS_b,F,S,la bouteille avec le jouet était réparée <eos>,6,réparée,réparé,4,M,réparée,-10.21828,réparé,-13.445241,1
2652,S_NOUN_1_PASS_b,F,S,la bouteille avec le jouet était retirée <eos>,6,retirée,retiré,4,M,retirée,-7.274386,retiré,-10.677086,1
2653,S_NOUN_1_PASS_b,F,S,la bouteille avec le jouet était tombée <eos>,6,tombée,tombé,4,M,tombée,-8.134331,tombé,-9.83542,1
2654,S_NOUN_1_PASS_b,F,S,la bouteille avec le jouet était utilisée <eos>,6,utilisée,utilisé,4,M,utilisée,-4.3378725,utilisé,-7.4171925,1
2655,S_NOUN_1_PASS_b,F,S,la bouteille avec le clou était achetée <eos>,6,achetée,acheté,4,M,achetée,-7.932748,acheté,-11.181734,1
2656,S_NOUN_1_PASS_b,F,S,la bouteille avec le clou était brisée <eos>,6,brisée,brisé,4,M,brisée,-7.5757546,brisé,-11.765917,1
2657,S_NOUN_1_PASS_b,F,S,la bouteille avec le clou était cachée <eos>,6,cachée,caché,4,M,cachée,-6.9386883,caché,-10.140525,1
2658,S_NOUN_1_PASS_b,F,S,la bouteille avec le clou était cassée <eos>,6,cassée,cassé,4,M,cassée,-6.141082,cassé,-9.638747,1
2659,S_NOUN_1_PASS_b,F,S,la bouteille avec le clou était couverte <eos>,6,couverte,couvert,4,M,couverte,-6.019826,couvert,-9.8974,1
2660,S_NOUN_1_PASS_b,F,S,la bouteille avec le clou était déformée <eos>,6,déformée,déformé,4,M,déformée,-8.533245,déformé,-12.75873,1
2661,S_NOUN_1_PASS_b,F,S,la bouteille avec le clou était fixée <eos>,6,fixée,fixé,4,M,fixée,-4.61759,fixé,-7.871438,1
2662,S_NOUN_1_PASS_b,F,S,la bouteille avec le clou était jetée <eos>,6,jetée,jeté,4,M,jetée,-6.8469625,jeté,-11.024618,1
2663,S_NOUN_1_PASS_b,F,S,la bouteille avec le clou était laissée <eos>,6,laissée,laissé,4,M,laissée,-6.3461924,laissé,-10.654177,1
2664,S_NOUN_1_PASS_b,F,S,la bouteille avec le clou était ouverte <eos>,6,ouverte,ouvert,4,M,ouverte,-6.1098747,ouvert,-10.601846,1
2665,S_NOUN_1_PASS_b,F,S,la bouteille avec le clou était perdue <eos>,6,perdue,perdu,4,M,perdue,-7.3136215,perdu,-11.1393385,1
2666,S_NOUN_1_PASS_b,F,S,la bouteille avec le clou était réparée <eos>,6,réparée,réparé,4,M,réparée,-9.763884,réparé,-13.548904,1
2667,S_NOUN_1_PASS_b,F,S,la bouteille avec le clou était retirée <eos>,6,retirée,retiré,4,M,retirée,-5.4468126,retiré,-9.244657,1
2668,S_NOUN_1_PASS_b,F,S,la bouteille avec le clou était tombée <eos>,6,tombée,tombé,4,M,tombée,-6.8865085,tombé,-10.26861,1
2669,S_NOUN_1_PASS_b,F,S,la bouteille avec le clou était utilisée <eos>,6,utilisée,utilisé,4,M,utilisée,-4.084803,utilisé,-7.586456,1
2670,S_NOUN_1_PASS_b,F,S,la bouteille avec le billet était achetée <eos>,6,achetée,acheté,4,M,achetée,-7.054961,acheté,-9.587353,1
2671,S_NOUN_1_PASS_b,F,S,la bouteille avec le billet était brisée <eos>,6,brisée,brisé,4,M,brisée,-8.649518,brisé,-11.406575,1
2672,S_NOUN_1_PASS_b,F,S,la bouteille avec le billet était cachée <eos>,6,cachée,caché,4,M,cachée,-6.9745293,caché,-9.13539,1
2673,S_NOUN_1_PASS_b,F,S,la bouteille avec le billet était cassée <eos>,6,cassée,cassé,4,M,cassée,-7.589732,cassé,-9.795086,1
2674,S_NOUN_1_PASS_b,F,S,la bouteille avec le billet était couverte <eos>,6,couverte,couvert,4,M,couverte,-7.0361986,couvert,-9.12644,1
2675,S_NOUN_1_PASS_b,F,S,la bouteille avec le billet était déformée <eos>,6,déformée,déformé,4,M,déformée,-9.589403,déformé,-12.807842,1
2676,S_NOUN_1_PASS_b,F,S,la bouteille avec le billet était fixée <eos>,6,fixée,fixé,4,M,fixée,-5.1482487,fixé,-7.3758287,1
2677,S_NOUN_1_PASS_b,F,S,la bouteille avec le billet était jetée <eos>,6,jetée,jeté,4,M,jetée,-7.2713614,jeté,-10.626509,1
2678,S_NOUN_1_PASS_b,F,S,la bouteille avec le billet était laissée <eos>,6,laissée,laissé,4,M,laissée,-7.072418,laissé,-9.719029,1
2679,S_NOUN_1_PASS_b,F,S,la bouteille avec le billet était ouverte <eos>,6,ouverte,ouvert,4,M,ouverte,-6.0718217,ouvert,-9.942354,1
2680,S_NOUN_1_PASS_b,F,S,la bouteille avec le billet était perdue <eos>,6,perdue,perdu,4,M,perdue,-7.979391,perdu,-9.802318,1
2681,S_NOUN_1_PASS_b,F,S,la bouteille avec le billet était réparée <eos>,6,réparée,réparé,4,M,réparée,-10.282255,réparé,-13.064006,1
2682,S_NOUN_1_PASS_b,F,S,la bouteille avec le billet était retirée <eos>,6,retirée,retiré,4,M,retirée,-6.609942,retiré,-8.5326,1
2683,S_NOUN_1_PASS_b,F,S,la bouteille avec le billet était tombée <eos>,6,tombée,tombé,4,M,tombée,-7.288513,tombé,-9.427221,1
2684,S_NOUN_1_PASS_b,F,S,la bouteille avec le billet était utilisée <eos>,6,utilisée,utilisé,4,M,utilisée,-5.066718,utilisé,-7.422847,1
2685,S_NOUN_1_PASS_b,F,S,la bouteille avec le légume était achetée <eos>,6,achetée,acheté,4,M,achetée,-8.906834,acheté,-11.046335,1
2686,S_NOUN_1_PASS_b,F,S,la bouteille avec le légume était brisée <eos>,6,brisée,brisé,4,M,brisée,-9.049695,brisé,-12.479534,1
2687,S_NOUN_1_PASS_b,F,S,la bouteille avec le légume était cachée <eos>,6,cachée,caché,4,M,cachée,-7.8937798,caché,-10.141388,1
2688,S_NOUN_1_PASS_b,F,S,la bouteille avec le légume était cassée <eos>,6,cassée,cassé,4,M,cassée,-7.5332212,cassé,-11.20886,1
2689,S_NOUN_1_PASS_b,F,S,la bouteille avec le légume était couverte <eos>,6,couverte,couvert,4,M,couverte,-6.776738,couvert,-10.092571,1
2690,S_NOUN_1_PASS_b,F,S,la bouteille avec le légume était déformée <eos>,6,déformée,déformé,4,M,déformée,-10.534351,déformé,-14.142316,1
2691,S_NOUN_1_PASS_b,F,S,la bouteille avec le légume était fixée <eos>,6,fixée,fixé,4,M,fixée,-6.374959,fixé,-8.992066,1
2692,S_NOUN_1_PASS_b,F,S,la bouteille avec le légume était jetée <eos>,6,jetée,jeté,4,M,jetée,-7.354636,jeté,-11.773739,1
2693,S_NOUN_1_PASS_b,F,S,la bouteille avec le légume était laissée <eos>,6,laissée,laissé,4,M,laissée,-6.4381595,laissé,-10.290686,1
2694,S_NOUN_1_PASS_b,F,S,la bouteille avec le légume était ouverte <eos>,6,ouverte,ouvert,4,M,ouverte,-6.3980937,ouvert,-10.787182,1
2695,S_NOUN_1_PASS_b,F,S,la bouteille avec le légume était perdue <eos>,6,perdue,perdu,4,M,perdue,-7.335435,perdu,-10.868434,1
2696,S_NOUN_1_PASS_b,F,S,la bouteille avec le légume était réparée <eos>,6,réparée,réparé,4,M,réparée,-11.633808,réparé,-13.929002,1
2697,S_NOUN_1_PASS_b,F,S,la bouteille avec le légume était retirée <eos>,6,retirée,retiré,4,M,retirée,-6.968089,retiré,-10.172363,1
2698,S_NOUN_1_PASS_b,F,S,la bouteille avec le légume était tombée <eos>,6,tombée,tombé,4,M,tombée,-7.1388683,tombé,-10.498954,1
2699,S_NOUN_1_PASS_b,F,S,la bouteille avec le légume était utilisée <eos>,6,utilisée,utilisé,4,M,utilisée,-4.2790213,utilisé,-7.2624674,1
2700,S_NOUN_1_PASS_b,F,S,la boisson avec le bracelet était achetée <eos>,6,achetée,acheté,4,M,achetée,-8.143076,acheté,-10.6086235,1
2701,S_NOUN_1_PASS_b,F,S,la boisson avec le bracelet était brisée <eos>,6,brisée,brisé,4,M,brisée,-9.165479,brisé,-11.908322,1
2702,S_NOUN_1_PASS_b,F,S,la boisson avec le bracelet était cachée <eos>,6,cachée,caché,4,M,cachée,-8.93774,caché,-10.239822,1
2703,S_NOUN_1_PASS_b,F,S,la boisson avec le bracelet était cassée <eos>,6,cassée,cassé,4,M,cassée,-9.477493,cassé,-11.192715,1
2704,S_NOUN_1_PASS_b,F,S,la boisson avec le bracelet était couverte <eos>,6,couverte,couvert,4,M,couverte,-7.467845,couvert,-9.830969,1
2705,S_NOUN_1_PASS_b,F,S,la boisson avec le bracelet était déformée <eos>,6,déformée,déformé,4,M,déformée,-11.371088,déformé,-12.892174,1
2706,S_NOUN_1_PASS_b,F,S,la boisson avec le bracelet était fixée <eos>,6,fixée,fixé,4,M,fixée,-5.559396,fixé,-8.286222,1
2707,S_NOUN_1_PASS_b,F,S,la boisson avec le bracelet était jetée <eos>,6,jetée,jeté,4,M,jetée,-9.123864,jeté,-11.162342,1
2708,S_NOUN_1_PASS_b,F,S,la boisson avec le bracelet était laissée <eos>,6,laissée,laissé,4,M,laissée,-7.799541,laissé,-10.717123,1
2709,S_NOUN_1_PASS_b,F,S,la boisson avec le bracelet était ouverte <eos>,6,ouverte,ouvert,4,M,ouverte,-6.9823036,ouvert,-10.261276,1
2710,S_NOUN_1_PASS_b,F,S,la boisson avec le bracelet était perdue <eos>,6,perdue,perdu,4,M,perdue,-8.49173,perdu,-11.316748,1
2711,S_NOUN_1_PASS_b,F,S,la boisson avec le bracelet était réparée <eos>,6,réparée,réparé,4,M,réparée,-12.481714,réparé,-15.44201,1
2712,S_NOUN_1_PASS_b,F,S,la boisson avec le bracelet était retirée <eos>,6,retirée,retiré,4,M,retirée,-8.534408,retiré,-10.02472,1
2713,S_NOUN_1_PASS_b,F,S,la boisson avec le bracelet était tombée <eos>,6,tombée,tombé,4,M,tombée,-7.98285,tombé,-9.6533165,1
2714,S_NOUN_1_PASS_b,F,S,la boisson avec le bracelet était utilisée <eos>,6,utilisée,utilisé,4,M,utilisée,-4.228956,utilisé,-6.551671,1
2715,S_NOUN_1_PASS_b,F,S,la boisson avec le miroir était achetée <eos>,6,achetée,acheté,4,M,achetée,-8.660292,acheté,-10.860592,1
2716,S_NOUN_1_PASS_b,F,S,la boisson avec le miroir était brisée <eos>,6,brisée,brisé,4,M,brisée,-7.8300014,brisé,-11.606796,1
2717,S_NOUN_1_PASS_b,F,S,la boisson avec le miroir était cachée <eos>,6,cachée,caché,4,M,cachée,-7.9754715,caché,-10.006778,1
2718,S_NOUN_1_PASS_b,F,S,la boisson avec le miroir était cassée <eos>,6,cassée,cassé,4,M,cassée,-9.120009,cassé,-10.213307,1
2719,S_NOUN_1_PASS_b,F,S,la boisson avec le miroir était couverte <eos>,6,couverte,couvert,4,M,couverte,-7.007085,couvert,-9.833881,1
2720,S_NOUN_1_PASS_b,F,S,la boisson avec le miroir était déformée <eos>,6,déformée,déformé,4,M,déformée,-9.834246,déformé,-12.316166,1
2721,S_NOUN_1_PASS_b,F,S,la boisson avec le miroir était fixée <eos>,6,fixée,fixé,4,M,fixée,-5.992281,fixé,-8.680544,1
2722,S_NOUN_1_PASS_b,F,S,la boisson avec le miroir était jetée <eos>,6,jetée,jeté,4,M,jetée,-8.709377,jeté,-11.217194,1
2723,S_NOUN_1_PASS_b,F,S,la boisson avec le miroir était laissée <eos>,6,laissée,laissé,4,M,laissée,-7.7330847,laissé,-10.718066,1
2724,S_NOUN_1_PASS_b,F,S,la boisson avec le miroir était ouverte <eos>,6,ouverte,ouvert,4,M,ouverte,-6.805085,ouvert,-10.710431,1
2725,S_NOUN_1_PASS_b,F,S,la boisson avec le miroir était perdue <eos>,6,perdue,perdu,4,M,perdue,-8.073916,perdu,-11.567559,1
2726,S_NOUN_1_PASS_b,F,S,la boisson avec le miroir était réparée <eos>,6,réparée,réparé,4,M,réparée,-11.976015,réparé,-14.605131,1
2727,S_NOUN_1_PASS_b,F,S,la boisson avec le miroir était retirée <eos>,6,retirée,retiré,4,M,retirée,-8.012541,retiré,-9.986706,1
2728,S_NOUN_1_PASS_b,F,S,la boisson avec le miroir était tombée <eos>,6,tombée,tombé,4,M,tombée,-7.737294,tombé,-9.847706,1
2729,S_NOUN_1_PASS_b,F,S,la boisson avec le miroir était utilisée <eos>,6,utilisée,utilisé,4,M,utilisée,-4.431782,utilisé,-6.7642584,1
2730,S_NOUN_1_PASS_b,F,S,la boisson avec le crayon était achetée <eos>,6,achetée,acheté,4,M,achetée,-8.083191,acheté,-11.407657,1
2731,S_NOUN_1_PASS_b,F,S,la boisson avec le crayon était brisée <eos>,6,brisée,brisé,4,M,brisée,-9.411589,brisé,-13.957225,1
2732,S_NOUN_1_PASS_b,F,S,la boisson avec le crayon était cachée <eos>,6,cachée,caché,4,M,cachée,-9.260843,caché,-10.88501,1
2733,S_NOUN_1_PASS_b,F,S,la boisson avec le crayon était cassée <eos>,6,cassée,cassé,4,M,cassée,-9.416346,cassé,-12.491642,1
2734,S_NOUN_1_PASS_b,F,S,la boisson avec le crayon était couverte <eos>,6,couverte,couvert,4,M,couverte,-7.1012435,couvert,-10.594669,1
2735,S_NOUN_1_PASS_b,F,S,la boisson avec le crayon était déformée <eos>,6,déformée,déformé,4,M,déformée,-10.177694,déformé,-13.617765,1
2736,S_NOUN_1_PASS_b,F,S,la boisson avec le crayon était fixée <eos>,6,fixée,fixé,4,M,fixée,-7.583968,fixé,-10.008328,1
2737,S_NOUN_1_PASS_b,F,S,la boisson avec le crayon était jetée <eos>,6,jetée,jeté,4,M,jetée,-8.849539,jeté,-12.207831,1
2738,S_NOUN_1_PASS_b,F,S,la boisson avec le crayon était laissée <eos>,6,laissée,laissé,4,M,laissée,-7.19386,laissé,-11.331023,1
2739,S_NOUN_1_PASS_b,F,S,la boisson avec le crayon était ouverte <eos>,6,ouverte,ouvert,4,M,ouverte,-6.900266,ouvert,-11.3504505,1
2740,S_NOUN_1_PASS_b,F,S,la boisson avec le crayon était perdue <eos>,6,perdue,perdu,4,M,perdue,-8.172215,perdu,-11.395486,1
2741,S_NOUN_1_PASS_b,F,S,la boisson avec le crayon était réparée <eos>,6,réparée,réparé,4,M,réparée,-12.390911,réparé,-15.594481,1
2742,S_NOUN_1_PASS_b,F,S,la boisson avec le crayon était retirée <eos>,6,retirée,retiré,4,M,retirée,-8.249152,retiré,-10.101366,1
2743,S_NOUN_1_PASS_b,F,S,la boisson avec le crayon était tombée <eos>,6,tombée,tombé,4,M,tombée,-7.772835,tombé,-10.605549,1
2744,S_NOUN_1_PASS_b,F,S,la boisson avec le crayon était utilisée <eos>,6,utilisée,utilisé,4,M,utilisée,-3.531778,utilisé,-6.643941,1
2745,S_NOUN_1_PASS_b,F,S,la boisson avec le rideau était achetée <eos>,6,achetée,acheté,4,M,achetée,-9.034732,acheté,-11.705414,1
2746,S_NOUN_1_PASS_b,F,S,la boisson avec le rideau était brisée <eos>,6,brisée,brisé,4,M,brisée,-8.2045,brisé,-11.131371,1
2747,S_NOUN_1_PASS_b,F,S,la boisson avec le rideau était cachée <eos>,6,cachée,caché,4,M,cachée,-8.502116,caché,-10.363405,1
2748,S_NOUN_1_PASS_b,F,S,la boisson avec le rideau était cassée <eos>,6,cassée,cassé,4,M,cassée,-9.931862,cassé,-10.907991,1
2749,S_NOUN_1_PASS_b,F,S,la boisson avec le rideau était couverte <eos>,6,couverte,couvert,4,M,couverte,-7.3056636,couvert,-9.295587,1
2750,S_NOUN_1_PASS_b,F,S,la boisson avec le rideau était déformée <eos>,6,déformée,déformé,4,M,déformée,-10.242562,déformé,-12.633195,1
2751,S_NOUN_1_PASS_b,F,S,la boisson avec le rideau était fixée <eos>,6,fixée,fixé,4,M,fixée,-6.747366,fixé,-9.276334,1
2752,S_NOUN_1_PASS_b,F,S,la boisson avec le rideau était jetée <eos>,6,jetée,jeté,4,M,jetée,-9.598879,jeté,-11.909681,1
2753,S_NOUN_1_PASS_b,F,S,la boisson avec le rideau était laissée <eos>,6,laissée,laissé,4,M,laissée,-7.8892593,laissé,-10.654426,1
2754,S_NOUN_1_PASS_b,F,S,la boisson avec le rideau était ouverte <eos>,6,ouverte,ouvert,4,M,ouverte,-7.269686,ouvert,-10.211088,1
2755,S_NOUN_1_PASS_b,F,S,la boisson avec le rideau était perdue <eos>,6,perdue,perdu,4,M,perdue,-9.01078,perdu,-11.318974,1
2756,S_NOUN_1_PASS_b,F,S,la boisson avec le rideau était réparée <eos>,6,réparée,réparé,4,M,réparée,-12.739407,réparé,-14.028133,1
2757,S_NOUN_1_PASS_b,F,S,la boisson avec le rideau était retirée <eos>,6,retirée,retiré,4,M,retirée,-7.215255,retiré,-9.2472515,1
2758,S_NOUN_1_PASS_b,F,S,la boisson avec le rideau était tombée <eos>,6,tombée,tombé,4,M,tombée,-7.6437893,tombé,-9.210135,1
2759,S_NOUN_1_PASS_b,F,S,la boisson avec le rideau était utilisée <eos>,6,utilisée,utilisé,4,M,utilisée,-4.732752,utilisé,-6.9260054,1
2760,S_NOUN_1_PASS_b,F,S,la boisson avec le cahier était achetée <eos>,6,achetée,acheté,4,M,achetée,-9.61549,acheté,-11.178092,1
2761,S_NOUN_1_PASS_b,F,S,la boisson avec le cahier était brisée <eos>,6,brisée,brisé,4,M,brisée,-9.1952915,brisé,-11.800896,1
2762,S_NOUN_1_PASS_b,F,S,la boisson avec le cahier était cachée <eos>,6,cachée,caché,4,M,cachée,-10.094798,caché,-10.191189,1
2763,S_NOUN_1_PASS_b,F,S,la boisson avec le cahier était cassée <eos>,6,cassée,cassé,4,M,cassée,-10.437476,cassé,-11.236613,1
2764,S_NOUN_1_PASS_b,F,S,la boisson avec le cahier était couverte <eos>,6,couverte,couvert,4,M,couverte,-7.7242403,couvert,-9.562294,1
2765,S_NOUN_1_PASS_b,F,S,la boisson avec le cahier était déformée <eos>,6,déformée,déformé,4,M,déformée,-10.869335,déformé,-12.449898,1
2766,S_NOUN_1_PASS_b,F,S,la boisson avec le cahier était fixée <eos>,6,fixée,fixé,4,M,fixée,-5.598423,fixé,-7.852685,1
2767,S_NOUN_1_PASS_b,F,S,la boisson avec le cahier était jetée <eos>,6,jetée,jeté,4,M,jetée,-10.164119,jeté,-11.302657,1
2768,S_NOUN_1_PASS_b,F,S,la boisson avec le cahier était laissée <eos>,6,laissée,laissé,4,M,laissée,-8.487996,laissé,-10.682631,1
2769,S_NOUN_1_PASS_b,F,S,la boisson avec le cahier était ouverte <eos>,6,ouverte,ouvert,4,M,ouverte,-7.2203164,ouvert,-9.509747,1
2770,S_NOUN_1_PASS_b,F,S,la boisson avec le cahier était perdue <eos>,6,perdue,perdu,4,M,perdue,-8.812665,perdu,-9.9126425,1
2771,S_NOUN_1_PASS_b,F,S,la boisson avec le cahier était réparée <eos>,6,réparée,réparé,4,M,réparée,-13.276374,réparé,-15.1510315,1
2772,S_NOUN_1_PASS_b,F,S,la boisson avec le cahier était retirée <eos>,6,retirée,retiré,4,M,retirée,-7.828146,retiré,-8.265874,1
2773,S_NOUN_1_PASS_b,F,S,la boisson avec le cahier était tombée <eos>,6,tombée,tombé,4,M,tombée,-8.37878,tombé,-9.341932,1
2774,S_NOUN_1_PASS_b,F,S,la boisson avec le cahier était utilisée <eos>,6,utilisée,utilisé,4,M,utilisée,-4.8292713,utilisé,-6.5519943,1
2775,S_NOUN_1_PASS_b,F,S,la boisson avec le micro était achetée <eos>,6,achetée,acheté,4,M,achetée,-9.075089,acheté,-11.836899,1
2776,S_NOUN_1_PASS_b,F,S,la boisson avec le micro était brisée <eos>,6,brisée,brisé,4,M,brisée,-8.90604,brisé,-12.054955,1
2777,S_NOUN_1_PASS_b,F,S,la boisson avec le micro était cachée <eos>,6,cachée,caché,4,M,cachée,-9.480043,caché,-10.771893,1
2778,S_NOUN_1_PASS_b,F,S,la boisson avec le micro était cassée <eos>,6,cassée,cassé,4,M,cassée,-8.785088,cassé,-10.344721,1
2779,S_NOUN_1_PASS_b,F,S,la boisson avec le micro était couverte <eos>,6,couverte,couvert,4,M,couverte,-7.4081483,couvert,-9.723604,1
2780,S_NOUN_1_PASS_b,F,S,la boisson avec le micro était déformée <eos>,6,déformée,déformé,4,M,déformée,-9.821604,déformé,-12.670637,1
2781,S_NOUN_1_PASS_b,F,S,la boisson avec le micro était fixée <eos>,6,fixée,fixé,4,M,fixée,-6.534298,fixé,-9.208575,1
2782,S_NOUN_1_PASS_b,F,S,la boisson avec le micro était jetée <eos>,6,jetée,jeté,4,M,jetée,-9.187625,jeté,-11.641669,1
2783,S_NOUN_1_PASS_b,F,S,la boisson avec le micro était laissée <eos>,6,laissée,laissé,4,M,laissée,-8.058579,laissé,-11.246597,1
2784,S_NOUN_1_PASS_b,F,S,la boisson avec le micro était ouverte <eos>,6,ouverte,ouvert,4,M,ouverte,-7.3177576,ouvert,-10.595802,1
2785,S_NOUN_1_PASS_b,F,S,la boisson avec le micro était perdue <eos>,6,perdue,perdu,4,M,perdue,-8.68368,perdu,-11.858565,1
2786,S_NOUN_1_PASS_b,F,S,la boisson avec le micro était réparée <eos>,6,réparée,réparé,4,M,réparée,-12.433576,réparé,-15.192983,1
2787,S_NOUN_1_PASS_b,F,S,la boisson avec le micro était retirée <eos>,6,retirée,retiré,4,M,retirée,-8.163621,retiré,-9.96253,1
2788,S_NOUN_1_PASS_b,F,S,la boisson avec le micro était tombée <eos>,6,tombée,tombé,4,M,tombée,-7.9114428,tombé,-9.71224,1
2789,S_NOUN_1_PASS_b,F,S,la boisson avec le micro était utilisée <eos>,6,utilisée,utilisé,4,M,utilisée,-4.8156433,utilisé,-7.147214,1
2790,S_NOUN_1_PASS_b,F,S,la boisson avec le sac était achetée <eos>,6,achetée,acheté,4,M,achetée,-8.071467,acheté,-10.844413,1
2791,S_NOUN_1_PASS_b,F,S,la boisson avec le sac était brisée <eos>,6,brisée,brisé,4,M,brisée,-8.617424,brisé,-11.895141,1
2792,S_NOUN_1_PASS_b,F,S,la boisson avec le sac était cachée <eos>,6,cachée,caché,4,M,cachée,-8.217337,caché,-10.28412,1
2793,S_NOUN_1_PASS_b,F,S,la boisson avec le sac était cassée <eos>,6,cassée,cassé,4,M,cassée,-8.770772,cassé,-11.596436,1
2794,S_NOUN_1_PASS_b,F,S,la boisson avec le sac était couverte <eos>,6,couverte,couvert,4,M,couverte,-6.7758665,couvert,-10.0819645,1
2795,S_NOUN_1_PASS_b,F,S,la boisson avec le sac était déformée <eos>,6,déformée,déformé,4,M,déformée,-10.045584,déformé,-12.665368,1
2796,S_NOUN_1_PASS_b,F,S,la boisson avec le sac était fixée <eos>,6,fixée,fixé,4,M,fixée,-6.1708264,fixé,-9.243736,1
2797,S_NOUN_1_PASS_b,F,S,la boisson avec le sac était jetée <eos>,6,jetée,jeté,4,M,jetée,-8.040644,jeté,-11.238054,1
2798,S_NOUN_1_PASS_b,F,S,la boisson avec le sac était laissée <eos>,6,laissée,laissé,4,M,laissée,-6.9997644,laissé,-10.246445,1
2799,S_NOUN_1_PASS_b,F,S,la boisson avec le sac était ouverte <eos>,6,ouverte,ouvert,4,M,ouverte,-6.4615593,ouvert,-10.329499,1
2800,S_NOUN_1_PASS_b,F,S,la boisson avec le sac était perdue <eos>,6,perdue,perdu,4,M,perdue,-7.0803795,perdu,-11.150072,1
2801,S_NOUN_1_PASS_b,F,S,la boisson avec le sac était réparée <eos>,6,réparée,réparé,4,M,réparée,-11.898077,réparé,-14.028498,1
2802,S_NOUN_1_PASS_b,F,S,la boisson avec le sac était retirée <eos>,6,retirée,retiré,4,M,retirée,-6.875883,retiré,-9.205158,1
2803,S_NOUN_1_PASS_b,F,S,la boisson avec le sac était tombée <eos>,6,tombée,tombé,4,M,tombée,-7.623084,tombé,-10.235068,1
2804,S_NOUN_1_PASS_b,F,S,la boisson avec le sac était utilisée <eos>,6,utilisée,utilisé,4,M,utilisée,-4.346333,utilisé,-7.1446366,1
2805,S_NOUN_1_PASS_b,F,S,la boisson avec le clavier était achetée <eos>,6,achetée,acheté,4,M,achetée,-10.188246,acheté,-11.93135,1
2806,S_NOUN_1_PASS_b,F,S,la boisson avec le clavier était brisée <eos>,6,brisée,brisé,4,M,brisée,-9.9989395,brisé,-13.169201,1
2807,S_NOUN_1_PASS_b,F,S,la boisson avec le clavier était cachée <eos>,6,cachée,caché,4,M,cachée,-8.95538,caché,-10.982872,1
2808,S_NOUN_1_PASS_b,F,S,la boisson avec le clavier était cassée <eos>,6,cassée,cassé,4,M,cassée,-9.410716,cassé,-11.55261,1
2809,S_NOUN_1_PASS_b,F,S,la boisson avec le clavier était couverte <eos>,6,couverte,couvert,4,M,couverte,-7.3981357,couvert,-10.431412,1
2810,S_NOUN_1_PASS_b,F,S,la boisson avec le clavier était déformée <eos>,6,déformée,déformé,4,M,déformée,-9.745933,déformé,-13.597172,1
2811,S_NOUN_1_PASS_b,F,S,la boisson avec le clavier était fixée <eos>,6,fixée,fixé,4,M,fixée,-5.772772,fixé,-8.871471,1
2812,S_NOUN_1_PASS_b,F,S,la boisson avec le clavier était jetée <eos>,6,jetée,jeté,4,M,jetée,-10.670379,jeté,-13.015674,1
2813,S_NOUN_1_PASS_b,F,S,la boisson avec le clavier était laissée <eos>,6,laissée,laissé,4,M,laissée,-8.798325,laissé,-11.685663,1
2814,S_NOUN_1_PASS_b,F,S,la boisson avec le clavier était ouverte <eos>,6,ouverte,ouvert,4,M,ouverte,-6.9085093,ouvert,-10.163427,1
2815,S_NOUN_1_PASS_b,F,S,la boisson avec le clavier était perdue <eos>,6,perdue,perdu,4,M,perdue,-9.78706,perdu,-12.116086,1
2816,S_NOUN_1_PASS_b,F,S,la boisson avec le clavier était réparée <eos>,6,réparée,réparé,4,M,réparée,-12.269206,réparé,-15.335106,1
2817,S_NOUN_1_PASS_b,F,S,la boisson avec le clavier était retirée <eos>,6,retirée,retiré,4,M,retirée,-9.2318535,retiré,-10.189365,1
2818,S_NOUN_1_PASS_b,F,S,la boisson avec le clavier était tombée <eos>,6,tombée,tombé,4,M,tombée,-7.5229983,tombé,-10.509371,1
2819,S_NOUN_1_PASS_b,F,S,la boisson avec le clavier était utilisée <eos>,6,utilisée,utilisé,4,M,utilisée,-4.8608823,utilisé,-7.0712724,1
2820,S_NOUN_1_PASS_b,F,S,la boisson avec le raisin était achetée <eos>,6,achetée,acheté,4,M,achetée,-9.002264,acheté,-11.103105,1
2821,S_NOUN_1_PASS_b,F,S,la boisson avec le raisin était brisée <eos>,6,brisée,brisé,4,M,brisée,-10.769588,brisé,-14.244822,1
2822,S_NOUN_1_PASS_b,F,S,la boisson avec le raisin était cachée <eos>,6,cachée,caché,4,M,cachée,-10.032537,caché,-11.965734,1
2823,S_NOUN_1_PASS_b,F,S,la boisson avec le raisin était cassée <eos>,6,cassée,cassé,4,M,cassée,-10.224684,cassé,-12.937214,1
2824,S_NOUN_1_PASS_b,F,S,la boisson avec le raisin était couverte <eos>,6,couverte,couvert,4,M,couverte,-7.967886,couvert,-10.894693,1
2825,S_NOUN_1_PASS_b,F,S,la boisson avec le raisin était déformée <eos>,6,déformée,déformé,4,M,déformée,-11.334191,déformé,-14.265075,1
2826,S_NOUN_1_PASS_b,F,S,la boisson avec le raisin était fixée <eos>,6,fixée,fixé,4,M,fixée,-7.391944,fixé,-10.164913,1
2827,S_NOUN_1_PASS_b,F,S,la boisson avec le raisin était jetée <eos>,6,jetée,jeté,4,M,jetée,-9.136653,jeté,-12.461578,1
2828,S_NOUN_1_PASS_b,F,S,la boisson avec le raisin était laissée <eos>,6,laissée,laissé,4,M,laissée,-8.015566,laissé,-11.257852,1
2829,S_NOUN_1_PASS_b,F,S,la boisson avec le raisin était ouverte <eos>,6,ouverte,ouvert,4,M,ouverte,-7.6267195,ouvert,-11.129168,1
2830,S_NOUN_1_PASS_b,F,S,la boisson avec le raisin était perdue <eos>,6,perdue,perdu,4,M,perdue,-8.93696,perdu,-11.751448,1
2831,S_NOUN_1_PASS_b,F,S,la boisson avec le raisin était réparée <eos>,6,réparée,réparé,4,M,réparée,-13.262341,réparé,-14.886316,1
2832,S_NOUN_1_PASS_b,F,S,la boisson avec le raisin était retirée <eos>,6,retirée,retiré,4,M,retirée,-8.695395,retiré,-10.41112,1
2833,S_NOUN_1_PASS_b,F,S,la boisson avec le raisin était tombée <eos>,6,tombée,tombé,4,M,tombée,-7.4143004,tombé,-11.382433,1
2834,S_NOUN_1_PASS_b,F,S,la boisson avec le raisin était utilisée <eos>,6,utilisée,utilisé,4,M,utilisée,-4.6635494,utilisé,-7.5412064,1
2835,S_NOUN_1_PASS_b,F,S,la boisson avec le chargeur était achetée <eos>,6,achetée,acheté,4,M,achetée,-9.810518,acheté,-11.533905,1
2836,S_NOUN_1_PASS_b,F,S,la boisson avec le chargeur était brisée <eos>,6,brisée,brisé,4,M,brisée,-9.728817,brisé,-12.370101,1
2837,S_NOUN_1_PASS_b,F,S,la boisson avec le chargeur était cachée <eos>,6,cachée,caché,4,M,cachée,-9.043533,caché,-10.63728,1
2838,S_NOUN_1_PASS_b,F,S,la boisson avec le chargeur était cassée <eos>,6,cassée,cassé,4,M,cassée,-8.477796,cassé,-11.303539,1
2839,S_NOUN_1_PASS_b,F,S,la boisson avec le chargeur était couverte <eos>,6,couverte,couvert,4,M,couverte,-7.9174385,couvert,-10.269142,1
2840,S_NOUN_1_PASS_b,F,S,la boisson avec le chargeur était déformée <eos>,6,déformée,déformé,4,M,déformée,-10.498947,déformé,-13.293799,1
2841,S_NOUN_1_PASS_b,F,S,la boisson avec le chargeur était fixée <eos>,6,fixée,fixé,4,M,fixée,-6.307765,fixé,-8.902136,1
2842,S_NOUN_1_PASS_b,F,S,la boisson avec le chargeur était jetée <eos>,6,jetée,jeté,4,M,jetée,-8.920527,jeté,-12.332735,1
2843,S_NOUN_1_PASS_b,F,S,la boisson avec le chargeur était laissée <eos>,6,laissée,laissé,4,M,laissée,-8.577728,laissé,-11.155758,1
2844,S_NOUN_1_PASS_b,F,S,la boisson avec le chargeur était ouverte <eos>,6,ouverte,ouvert,4,M,ouverte,-7.454221,ouvert,-10.772475,1
2845,S_NOUN_1_PASS_b,F,S,la boisson avec le chargeur était perdue <eos>,6,perdue,perdu,4,M,perdue,-9.934533,perdu,-11.695626,1
2846,S_NOUN_1_PASS_b,F,S,la boisson avec le chargeur était réparée <eos>,6,réparée,réparé,4,M,réparée,-10.907269,réparé,-14.494539,1
2847,S_NOUN_1_PASS_b,F,S,la boisson avec le chargeur était retirée <eos>,6,retirée,retiré,4,M,retirée,-8.047207,retiré,-8.956053,1
2848,S_NOUN_1_PASS_b,F,S,la boisson avec le chargeur était tombée <eos>,6,tombée,tombé,4,M,tombée,-8.796957,tombé,-11.016614,1
2849,S_NOUN_1_PASS_b,F,S,la boisson avec le chargeur était utilisée <eos>,6,utilisée,utilisé,4,M,utilisée,-4.7740455,utilisé,-7.0484195,1
2850,S_NOUN_1_PASS_b,F,S,la boisson avec le vase était achetée <eos>,6,achetée,acheté,4,M,achetée,-8.758049,acheté,-11.197842,1
2851,S_NOUN_1_PASS_b,F,S,la boisson avec le vase était brisée <eos>,6,brisée,brisé,4,M,brisée,-8.473066,brisé,-11.590451,1
2852,S_NOUN_1_PASS_b,F,S,la boisson avec le vase était cachée <eos>,6,cachée,caché,4,M,cachée,-8.510027,caché,-10.729256,1
2853,S_NOUN_1_PASS_b,F,S,la boisson avec le vase était cassée <eos>,6,cassée,cassé,4,M,cassée,-8.902578,cassé,-11.616988,1
2854,S_NOUN_1_PASS_b,F,S,la boisson avec le vase était couverte <eos>,6,couverte,couvert,4,M,couverte,-6.2912617,couvert,-9.618176,1
2855,S_NOUN_1_PASS_b,F,S,la boisson avec le vase était déformée <eos>,6,déformée,déformé,4,M,déformée,-10.4303875,déformé,-13.13473,1
2856,S_NOUN_1_PASS_b,F,S,la boisson avec le vase était fixée <eos>,6,fixée,fixé,4,M,fixée,-6.440036,fixé,-9.106876,1
2857,S_NOUN_1_PASS_b,F,S,la boisson avec le vase était jetée <eos>,6,jetée,jeté,4,M,jetée,-8.111814,jeté,-11.131643,1
2858,S_NOUN_1_PASS_b,F,S,la boisson avec le vase était laissée <eos>,6,laissée,laissé,4,M,laissée,-7.5575433,laissé,-10.503284,1
2859,S_NOUN_1_PASS_b,F,S,la boisson avec le vase était ouverte <eos>,6,ouverte,ouvert,4,M,ouverte,-6.905594,ouvert,-10.609316,1
2860,S_NOUN_1_PASS_b,F,S,la boisson avec le vase était perdue <eos>,6,perdue,perdu,4,M,perdue,-7.7807674,perdu,-10.7627735,1
2861,S_NOUN_1_PASS_b,F,S,la boisson avec le vase était réparée <eos>,6,réparée,réparé,4,M,réparée,-11.658683,réparé,-14.102947,1
2862,S_NOUN_1_PASS_b,F,S,la boisson avec le vase était retirée <eos>,6,retirée,retiré,4,M,retirée,-7.65488,retiré,-10.241944,1
2863,S_NOUN_1_PASS_b,F,S,la boisson avec le vase était tombée <eos>,6,tombée,tombé,4,M,tombée,-7.038576,tombé,-10.332345,1
2864,S_NOUN_1_PASS_b,F,S,la boisson avec le vase était utilisée <eos>,6,utilisée,utilisé,4,M,utilisée,-4.3041687,utilisé,-6.9414673,1
2865,S_NOUN_1_PASS_b,F,S,la boisson avec le panier était achetée <eos>,6,achetée,acheté,4,M,achetée,-9.776042,acheté,-11.710106,1
2866,S_NOUN_1_PASS_b,F,S,la boisson avec le panier était brisée <eos>,6,brisée,brisé,4,M,brisée,-9.353868,brisé,-12.228759,1
2867,S_NOUN_1_PASS_b,F,S,la boisson avec le panier était cachée <eos>,6,cachée,caché,4,M,cachée,-8.882986,caché,-10.693883,1
2868,S_NOUN_1_PASS_b,F,S,la boisson avec le panier était cassée <eos>,6,cassée,cassé,4,M,cassée,-8.895617,cassé,-11.440109,1
2869,S_NOUN_1_PASS_b,F,S,la boisson avec le panier était couverte <eos>,6,couverte,couvert,4,M,couverte,-7.265263,couvert,-9.684471,1
2870,S_NOUN_1_PASS_b,F,S,la boisson avec le panier était déformée <eos>,6,déformée,déformé,4,M,déformée,-10.341159,déformé,-13.533576,1
2871,S_NOUN_1_PASS_b,F,S,la boisson avec le panier était fixée <eos>,6,fixée,fixé,4,M,fixée,-7.0294595,fixé,-8.983627,1
2872,S_NOUN_1_PASS_b,F,S,la boisson avec le panier était jetée <eos>,6,jetée,jeté,4,M,jetée,-9.043734,jeté,-12.151414,1
2873,S_NOUN_1_PASS_b,F,S,la boisson avec le panier était laissée <eos>,6,laissée,laissé,4,M,laissée,-7.273699,laissé,-10.699218,1
2874,S_NOUN_1_PASS_b,F,S,la boisson avec le panier était ouverte <eos>,6,ouverte,ouvert,4,M,ouverte,-7.3588343,ouvert,-10.369524,1
2875,S_NOUN_1_PASS_b,F,S,la boisson avec le panier était perdue <eos>,6,perdue,perdu,4,M,perdue,-9.227438,perdu,-11.903629,1
2876,S_NOUN_1_PASS_b,F,S,la boisson avec le panier était réparée <eos>,6,réparée,réparé,4,M,réparée,-13.041838,réparé,-15.013,1
2877,S_NOUN_1_PASS_b,F,S,la boisson avec le panier était retirée <eos>,6,retirée,retiré,4,M,retirée,-8.027482,retiré,-10.126202,1
2878,S_NOUN_1_PASS_b,F,S,la boisson avec le panier était tombée <eos>,6,tombée,tombé,4,M,tombée,-7.8247385,tombé,-10.325267,1
2879,S_NOUN_1_PASS_b,F,S,la boisson avec le panier était utilisée <eos>,6,utilisée,utilisé,4,M,utilisée,-4.9235973,utilisé,-7.041274,1
2880,S_NOUN_1_PASS_b,F,S,la boisson avec le collier était achetée <eos>,6,achetée,acheté,4,M,achetée,-8.110619,acheté,-10.709555,1
2881,S_NOUN_1_PASS_b,F,S,la boisson avec le collier était brisée <eos>,6,brisée,brisé,4,M,brisée,-8.990698,brisé,-12.121338,1
2882,S_NOUN_1_PASS_b,F,S,la boisson avec le collier était cachée <eos>,6,cachée,caché,4,M,cachée,-8.300491,caché,-10.111851,1
2883,S_NOUN_1_PASS_b,F,S,la boisson avec le collier était cassée <eos>,6,cassée,cassé,4,M,cassée,-9.109507,cassé,-10.588906,1
2884,S_NOUN_1_PASS_b,F,S,la boisson avec le collier était couverte <eos>,6,couverte,couvert,4,M,couverte,-7.29925,couvert,-9.884329,1
2885,S_NOUN_1_PASS_b,F,S,la boisson avec le collier était déformée <eos>,6,déformée,déformé,4,M,déformée,-10.7016325,déformé,-12.607638,1
2886,S_NOUN_1_PASS_b,F,S,la boisson avec le collier était fixée <eos>,6,fixée,fixé,4,M,fixée,-6.6456213,fixé,-8.998827,1
2887,S_NOUN_1_PASS_b,F,S,la boisson avec le collier était jetée <eos>,6,jetée,jeté,4,M,jetée,-9.141584,jeté,-10.951687,1
2888,S_NOUN_1_PASS_b,F,S,la boisson avec le collier était laissée <eos>,6,laissée,laissé,4,M,laissée,-8.009184,laissé,-10.626819,1
2889,S_NOUN_1_PASS_b,F,S,la boisson avec le collier était ouverte <eos>,6,ouverte,ouvert,4,M,ouverte,-7.266842,ouvert,-11.182517,1
2890,S_NOUN_1_PASS_b,F,S,la boisson avec le collier était perdue <eos>,6,perdue,perdu,4,M,perdue,-8.671035,perdu,-11.846746,1
2891,S_NOUN_1_PASS_b,F,S,la boisson avec le collier était réparée <eos>,6,réparée,réparé,4,M,réparée,-12.646491,réparé,-15.137016,1
2892,S_NOUN_1_PASS_b,F,S,la boisson avec le collier était retirée <eos>,6,retirée,retiré,4,M,retirée,-7.659469,retiré,-9.232655,1
2893,S_NOUN_1_PASS_b,F,S,la boisson avec le collier était tombée <eos>,6,tombée,tombé,4,M,tombée,-8.024338,tombé,-9.793118,1
2894,S_NOUN_1_PASS_b,F,S,la boisson avec le collier était utilisée <eos>,6,utilisée,utilisé,4,M,utilisée,-4.1256332,utilisé,-6.5152283,1
2895,S_NOUN_1_PASS_b,F,S,la boisson avec le chapeau était achetée <eos>,6,achetée,acheté,4,M,achetée,-8.530104,acheté,-10.733554,1
2896,S_NOUN_1_PASS_b,F,S,la boisson avec le chapeau était brisée <eos>,6,brisée,brisé,4,M,brisée,-9.104164,brisé,-12.815572,1
2897,S_NOUN_1_PASS_b,F,S,la boisson avec le chapeau était cachée <eos>,6,cachée,caché,4,M,cachée,-9.188391,caché,-10.879528,1
2898,S_NOUN_1_PASS_b,F,S,la boisson avec le chapeau était cassée <eos>,6,cassée,cassé,4,M,cassée,-8.971547,cassé,-10.4095125,1
2899,S_NOUN_1_PASS_b,F,S,la boisson avec le chapeau était couverte <eos>,6,couverte,couvert,4,M,couverte,-6.6901684,couvert,-10.077847,1
2900,S_NOUN_1_PASS_b,F,S,la boisson avec le chapeau était déformée <eos>,6,déformée,déformé,4,M,déformée,-9.462897,déformé,-11.771272,1
2901,S_NOUN_1_PASS_b,F,S,la boisson avec le chapeau était fixée <eos>,6,fixée,fixé,4,M,fixée,-6.442743,fixé,-8.656804,1
2902,S_NOUN_1_PASS_b,F,S,la boisson avec le chapeau était jetée <eos>,6,jetée,jeté,4,M,jetée,-9.30224,jeté,-11.401453,1
2903,S_NOUN_1_PASS_b,F,S,la boisson avec le chapeau était laissée <eos>,6,laissée,laissé,4,M,laissée,-7.8593636,laissé,-10.711901,1
2904,S_NOUN_1_PASS_b,F,S,la boisson avec le chapeau était ouverte <eos>,6,ouverte,ouvert,4,M,ouverte,-6.903932,ouvert,-10.992857,1
2905,S_NOUN_1_PASS_b,F,S,la boisson avec le chapeau était perdue <eos>,6,perdue,perdu,4,M,perdue,-9.315272,perdu,-11.90162,1
2906,S_NOUN_1_PASS_b,F,S,la boisson avec le chapeau était réparée <eos>,6,réparée,réparé,4,M,réparée,-12.470467,réparé,-15.233269,1
2907,S_NOUN_1_PASS_b,F,S,la boisson avec le chapeau était retirée <eos>,6,retirée,retiré,4,M,retirée,-7.8571057,retiré,-8.893982,1
2908,S_NOUN_1_PASS_b,F,S,la boisson avec le chapeau était tombée <eos>,6,tombée,tombé,4,M,tombée,-7.6734276,tombé,-9.638268,1
2909,S_NOUN_1_PASS_b,F,S,la boisson avec le chapeau était utilisée <eos>,6,utilisée,utilisé,4,M,utilisée,-4.653352,utilisé,-6.827035,1
2910,S_NOUN_1_PASS_b,F,S,la boisson avec le pot était achetée <eos>,6,achetée,acheté,4,M,achetée,-8.792103,acheté,-10.472899,1
2911,S_NOUN_1_PASS_b,F,S,la boisson avec le pot était brisée <eos>,6,brisée,brisé,4,M,brisée,-9.3709545,brisé,-11.91139,1
2912,S_NOUN_1_PASS_b,F,S,la boisson avec le pot était cachée <eos>,6,cachée,caché,4,M,cachée,-9.346834,caché,-10.38595,1
2913,S_NOUN_1_PASS_b,F,S,la boisson avec le pot était cassée <eos>,6,cassée,cassé,4,M,cassée,-9.826771,cassé,-11.613563,1
2914,S_NOUN_1_PASS_b,F,S,la boisson avec le pot était couverte <eos>,6,couverte,couvert,4,M,couverte,-8.19446,couvert,-9.494768,1
2915,S_NOUN_1_PASS_b,F,S,la boisson avec le pot était déformée <eos>,6,déformée,déformé,4,M,déformée,-10.645783,déformé,-12.482383,1
2916,S_NOUN_1_PASS_b,F,S,la boisson avec le pot était fixée <eos>,6,fixée,fixé,4,M,fixée,-6.61192,fixé,-8.765631,1
2917,S_NOUN_1_PASS_b,F,S,la boisson avec le pot était jetée <eos>,6,jetée,jeté,4,M,jetée,-8.87331,jeté,-10.9643135,1
2918,S_NOUN_1_PASS_b,F,S,la boisson avec le pot était laissée <eos>,6,laissée,laissé,4,M,laissée,-7.6088314,laissé,-10.533617,1
2919,S_NOUN_1_PASS_b,F,S,la boisson avec le pot était ouverte <eos>,6,ouverte,ouvert,4,M,ouverte,-7.7147436,ouvert,-9.916027,1
2920,S_NOUN_1_PASS_b,F,S,la boisson avec le pot était perdue <eos>,6,perdue,perdu,4,M,perdue,-8.840266,perdu,-11.220328,1
2921,S_NOUN_1_PASS_b,F,S,la boisson avec le pot était réparée <eos>,6,réparée,réparé,4,M,réparée,-12.55423,réparé,-13.700175,1
2922,S_NOUN_1_PASS_b,F,S,la boisson avec le pot était retirée <eos>,6,retirée,retiré,4,M,retirée,-7.800996,retiré,-9.034234,1
2923,S_NOUN_1_PASS_b,F,S,la boisson avec le pot était tombée <eos>,6,tombée,tombé,4,M,tombée,-7.7797804,tombé,-10.120057,1
2924,S_NOUN_1_PASS_b,F,S,la boisson avec le pot était utilisée <eos>,6,utilisée,utilisé,4,M,utilisée,-4.5464144,utilisé,-6.36483,1
2925,S_NOUN_1_PASS_b,F,S,la boisson avec le coussin était achetée <eos>,6,achetée,acheté,4,M,achetée,-9.53195,acheté,-12.014179,1
2926,S_NOUN_1_PASS_b,F,S,la boisson avec le coussin était brisée <eos>,6,brisée,brisé,4,M,brisée,-8.389519,brisé,-12.022535,1
2927,S_NOUN_1_PASS_b,F,S,la boisson avec le coussin était cachée <eos>,6,cachée,caché,4,M,cachée,-8.420899,caché,-10.205982,1
2928,S_NOUN_1_PASS_b,F,S,la boisson avec le coussin était cassée <eos>,6,cassée,cassé,4,M,cassée,-8.143149,cassé,-10.399492,1
2929,S_NOUN_1_PASS_b,F,S,la boisson avec le coussin était couverte <eos>,6,couverte,couvert,4,M,couverte,-6.7256017,couvert,-9.8210945,1
2930,S_NOUN_1_PASS_b,F,S,la boisson avec le coussin était déformée <eos>,6,déformée,déformé,4,M,déformée,-10.8087015,déformé,-13.512293,1
2931,S_NOUN_1_PASS_b,F,S,la boisson avec le coussin était fixée <eos>,6,fixée,fixé,4,M,fixée,-5.9828167,fixé,-8.985058,1
2932,S_NOUN_1_PASS_b,F,S,la boisson avec le coussin était jetée <eos>,6,jetée,jeté,4,M,jetée,-9.617261,jeté,-12.065819,1
2933,S_NOUN_1_PASS_b,F,S,la boisson avec le coussin était laissée <eos>,6,laissée,laissé,4,M,laissée,-7.614932,laissé,-10.89989,1
2934,S_NOUN_1_PASS_b,F,S,la boisson avec le coussin était ouverte <eos>,6,ouverte,ouvert,4,M,ouverte,-6.013979,ouvert,-10.290718,1
2935,S_NOUN_1_PASS_b,F,S,la boisson avec le coussin était perdue <eos>,6,perdue,perdu,4,M,perdue,-9.467024,perdu,-12.393987,1
2936,S_NOUN_1_PASS_b,F,S,la boisson avec le coussin était réparée <eos>,6,réparée,réparé,4,M,réparée,-12.125679,réparé,-15.765552,1
2937,S_NOUN_1_PASS_b,F,S,la boisson avec le coussin était retirée <eos>,6,retirée,retiré,4,M,retirée,-8.439724,retiré,-10.433609,1
2938,S_NOUN_1_PASS_b,F,S,la boisson avec le coussin était tombée <eos>,6,tombée,tombé,4,M,tombée,-9.371233,tombé,-11.251268,1
2939,S_NOUN_1_PASS_b,F,S,la boisson avec le coussin était utilisée <eos>,6,utilisée,utilisé,4,M,utilisée,-4.415598,utilisé,-7.0407677,1
2940,S_NOUN_1_PASS_b,F,S,la boisson avec le jouet était achetée <eos>,6,achetée,acheté,4,M,achetée,-8.451523,acheté,-11.113283,1
2941,S_NOUN_1_PASS_b,F,S,la boisson avec le jouet était brisée <eos>,6,brisée,brisé,4,M,brisée,-9.311361,brisé,-12.570408,1
2942,S_NOUN_1_PASS_b,F,S,la boisson avec le jouet était cachée <eos>,6,cachée,caché,4,M,cachée,-8.944529,caché,-10.866499,1
2943,S_NOUN_1_PASS_b,F,S,la boisson avec le jouet était cassée <eos>,6,cassée,cassé,4,M,cassée,-9.576297,cassé,-12.453963,1
2944,S_NOUN_1_PASS_b,F,S,la boisson avec le jouet était couverte <eos>,6,couverte,couvert,4,M,couverte,-7.7795134,couvert,-10.850585,1
2945,S_NOUN_1_PASS_b,F,S,la boisson avec le jouet était déformée <eos>,6,déformée,déformé,4,M,déformée,-11.875254,déformé,-13.716753,1
2946,S_NOUN_1_PASS_b,F,S,la boisson avec le jouet était fixée <eos>,6,fixée,fixé,4,M,fixée,-7.286091,fixé,-10.429241,1
2947,S_NOUN_1_PASS_b,F,S,la boisson avec le jouet était jetée <eos>,6,jetée,jeté,4,M,jetée,-9.299654,jeté,-11.568866,1
2948,S_NOUN_1_PASS_b,F,S,la boisson avec le jouet était laissée <eos>,6,laissée,laissé,4,M,laissée,-8.435629,laissé,-11.063283,1
2949,S_NOUN_1_PASS_b,F,S,la boisson avec le jouet était ouverte <eos>,6,ouverte,ouvert,4,M,ouverte,-7.115309,ouvert,-10.94375,1
2950,S_NOUN_1_PASS_b,F,S,la boisson avec le jouet était perdue <eos>,6,perdue,perdu,4,M,perdue,-9.421647,perdu,-11.790061,1
2951,S_NOUN_1_PASS_b,F,S,la boisson avec le jouet était réparée <eos>,6,réparée,réparé,4,M,réparée,-12.44735,réparé,-14.557994,1
2952,S_NOUN_1_PASS_b,F,S,la boisson avec le jouet était retirée <eos>,6,retirée,retiré,4,M,retirée,-8.288325,retiré,-10.52412,1
2953,S_NOUN_1_PASS_b,F,S,la boisson avec le jouet était tombée <eos>,6,tombée,tombé,4,M,tombée,-8.271586,tombé,-9.992403,1
2954,S_NOUN_1_PASS_b,F,S,la boisson avec le jouet était utilisée <eos>,6,utilisée,utilisé,4,M,utilisée,-4.6790996,utilisé,-7.0178924,1
2955,S_NOUN_1_PASS_b,F,S,la boisson avec le clou était achetée <eos>,6,achetée,acheté,4,M,achetée,-9.097301,acheté,-12.0936165,1
2956,S_NOUN_1_PASS_b,F,S,la boisson avec le clou était brisée <eos>,6,brisée,brisé,4,M,brisée,-9.565713,brisé,-13.179037,1
2957,S_NOUN_1_PASS_b,F,S,la boisson avec le clou était cachée <eos>,6,cachée,caché,4,M,cachée,-8.63793,caché,-11.566111,1
2958,S_NOUN_1_PASS_b,F,S,la boisson avec le clou était cassée <eos>,6,cassée,cassé,4,M,cassée,-9.7561245,cassé,-12.156372,1
2959,S_NOUN_1_PASS_b,F,S,la boisson avec le clou était couverte <eos>,6,couverte,couvert,4,M,couverte,-7.13293,couvert,-10.560417,1
2960,S_NOUN_1_PASS_b,F,S,la boisson avec le clou était déformée <eos>,6,déformée,déformé,4,M,déformée,-10.7926445,déformé,-13.517902,1
2961,S_NOUN_1_PASS_b,F,S,la boisson avec le clou était fixée <eos>,6,fixée,fixé,4,M,fixée,-6.0093226,fixé,-9.375795,1
2962,S_NOUN_1_PASS_b,F,S,la boisson avec le clou était jetée <eos>,6,jetée,jeté,4,M,jetée,-8.435423,jeté,-12.282646,1
2963,S_NOUN_1_PASS_b,F,S,la boisson avec le clou était laissée <eos>,6,laissée,laissé,4,M,laissée,-7.2816143,laissé,-11.387631,1
2964,S_NOUN_1_PASS_b,F,S,la boisson avec le clou était ouverte <eos>,6,ouverte,ouvert,4,M,ouverte,-7.7891665,ouvert,-12.280104,1
2965,S_NOUN_1_PASS_b,F,S,la boisson avec le clou était perdue <eos>,6,perdue,perdu,4,M,perdue,-7.4229527,perdu,-11.571446,1
2966,S_NOUN_1_PASS_b,F,S,la boisson avec le clou était réparée <eos>,6,réparée,réparé,4,M,réparée,-12.917072,réparé,-15.487778,1
2967,S_NOUN_1_PASS_b,F,S,la boisson avec le clou était retirée <eos>,6,retirée,retiré,4,M,retirée,-7.410349,retiré,-10.246402,1
2968,S_NOUN_1_PASS_b,F,S,la boisson avec le clou était tombée <eos>,6,tombée,tombé,4,M,tombée,-6.9436374,tombé,-10.458244,1
2969,S_NOUN_1_PASS_b,F,S,la boisson avec le clou était utilisée <eos>,6,utilisée,utilisé,4,M,utilisée,-4.0353813,utilisé,-7.2447176,1
2970,S_NOUN_1_PASS_b,F,S,la boisson avec le billet était achetée <eos>,6,achetée,acheté,4,M,achetée,-8.419393,acheté,-10.045088,1
2971,S_NOUN_1_PASS_b,F,S,la boisson avec le billet était brisée <eos>,6,brisée,brisé,4,M,brisée,-10.1738615,brisé,-12.157715,1
2972,S_NOUN_1_PASS_b,F,S,la boisson avec le billet était cachée <eos>,6,cachée,caché,4,M,cachée,-9.248292,caché,-9.94825,1
2973,S_NOUN_1_PASS_b,F,S,la boisson avec le billet était cassée <eos>,6,cassée,cassé,4,M,cassée,-10.714872,cassé,-11.257387,1
2974,S_NOUN_1_PASS_b,F,S,la boisson avec le billet était couverte <eos>,6,couverte,couvert,4,M,couverte,-8.181184,couvert,-9.404106,1
2975,S_NOUN_1_PASS_b,F,S,la boisson avec le billet était déformée <eos>,6,déformée,déformé,4,M,déformée,-10.925033,déformé,-12.599265,1
2976,S_NOUN_1_PASS_b,F,S,la boisson avec le billet était fixée <eos>,6,fixée,fixé,4,M,fixée,-6.4680777,fixé,-7.899619,1
2977,S_NOUN_1_PASS_b,F,S,la boisson avec le billet était jetée <eos>,6,jetée,jeté,4,M,jetée,-9.162153,jeté,-11.035763,1
2978,S_NOUN_1_PASS_b,F,S,la boisson avec le billet était laissée <eos>,6,laissée,laissé,4,M,laissée,-8.537926,laissé,-9.884483,1
2979,S_NOUN_1_PASS_b,F,S,la boisson avec le billet était ouverte <eos>,6,ouverte,ouvert,4,M,ouverte,-7.886842,ouvert,-10.63008,1
2980,S_NOUN_1_PASS_b,F,S,la boisson avec le billet était perdue <eos>,6,perdue,perdu,4,M,perdue,-8.810282,perdu,-10.10948,1
2981,S_NOUN_1_PASS_b,F,S,la boisson avec le billet était réparée <eos>,6,réparée,réparé,4,M,réparée,-12.888807,réparé,-14.205919,1
2982,S_NOUN_1_PASS_b,F,S,la boisson avec le billet était retirée <eos>,6,retirée,retiré,4,M,retirée,-8.4128475,retiré,-8.610339,1
2983,S_NOUN_1_PASS_b,F,S,la boisson avec le billet était tombée <eos>,6,tombée,tombé,4,M,tombée,-7.9404397,tombé,-9.553959,1
2984,S_NOUN_1_PASS_b,F,S,la boisson avec le billet était utilisée <eos>,6,utilisée,utilisé,4,M,utilisée,-5.5514812,utilisé,-6.741459,1
2985,S_NOUN_1_PASS_b,F,S,la boisson avec le légume était achetée <eos>,6,achetée,acheté,4,M,achetée,-9.969477,acheté,-11.797571,1
2986,S_NOUN_1_PASS_b,F,S,la boisson avec le légume était brisée <eos>,6,brisée,brisé,4,M,brisée,-11.36334,brisé,-13.381603,1
2987,S_NOUN_1_PASS_b,F,S,la boisson avec le légume était cachée <eos>,6,cachée,caché,4,M,cachée,-9.250903,caché,-11.519526,1
2988,S_NOUN_1_PASS_b,F,S,la boisson avec le légume était cassée <eos>,6,cassée,cassé,4,M,cassée,-10.964261,cassé,-13.3320875,1
2989,S_NOUN_1_PASS_b,F,S,la boisson avec le légume était couverte <eos>,6,couverte,couvert,4,M,couverte,-8.0962715,couvert,-11.059775,1
2990,S_NOUN_1_PASS_b,F,S,la boisson avec le légume était déformée <eos>,6,déformée,déformé,4,M,déformée,-11.723175,déformé,-14.312954,1
2991,S_NOUN_1_PASS_b,F,S,la boisson avec le légume était fixée <eos>,6,fixée,fixé,4,M,fixée,-7.9590306,fixé,-10.460001,1
2992,S_NOUN_1_PASS_b,F,S,la boisson avec le légume était jetée <eos>,6,jetée,jeté,4,M,jetée,-10.174616,jeté,-13.070528,1
2993,S_NOUN_1_PASS_b,F,S,la boisson avec le légume était laissée <eos>,6,laissée,laissé,4,M,laissée,-8.0243,laissé,-11.575223,1
2994,S_NOUN_1_PASS_b,F,S,la boisson avec le légume était ouverte <eos>,6,ouverte,ouvert,4,M,ouverte,-7.971716,ouvert,-11.82916,1
2995,S_NOUN_1_PASS_b,F,S,la boisson avec le légume était perdue <eos>,6,perdue,perdu,4,M,perdue,-8.622566,perdu,-11.899198,1
2996,S_NOUN_1_PASS_b,F,S,la boisson avec le légume était réparée <eos>,6,réparée,réparé,4,M,réparée,-14.365744,réparé,-15.3030405,1
2997,S_NOUN_1_PASS_b,F,S,la boisson avec le légume était retirée <eos>,6,retirée,retiré,4,M,retirée,-8.851297,retiré,-11.188018,1
2998,S_NOUN_1_PASS_b,F,S,la boisson avec le légume était tombée <eos>,6,tombée,tombé,4,M,tombée,-8.03203,tombé,-10.973061,1
2999,S_NOUN_1_PASS_b,F,S,la boisson avec le légume était utilisée <eos>,6,utilisée,utilisé,4,M,utilisée,-4.9398565,utilisé,-7.317402,1
3000,S_NOUN_1_PASS_b,F,S,la pomme avec le bracelet était achetée <eos>,6,achetée,acheté,4,M,achetée,-8.724305,acheté,-9.428731,1
3001,S_NOUN_1_PASS_b,F,S,la pomme avec le bracelet était brisée <eos>,6,brisée,brisé,4,M,brisée,-9.164671,brisé,-9.94062,1
3002,S_NOUN_1_PASS_b,F,S,la pomme avec le bracelet était cachée <eos>,6,cachée,caché,4,M,cachée,-8.777698,caché,-8.722175,0
3003,S_NOUN_1_PASS_b,F,S,la pomme avec le bracelet était cassée <eos>,6,cassée,cassé,4,M,cassée,-8.89228,cassé,-9.082844,1
3004,S_NOUN_1_PASS_b,F,S,la pomme avec le bracelet était couverte <eos>,6,couverte,couvert,4,M,couverte,-6.773161,couvert,-7.8980055,1
3005,S_NOUN_1_PASS_b,F,S,la pomme avec le bracelet était déformée <eos>,6,déformée,déformé,4,M,déformée,-10.920893,déformé,-11.588566,1
3006,S_NOUN_1_PASS_b,F,S,la pomme avec le bracelet était fixée <eos>,6,fixée,fixé,4,M,fixée,-5.565378,fixé,-6.678998,1
3007,S_NOUN_1_PASS_b,F,S,la pomme avec le bracelet était jetée <eos>,6,jetée,jeté,4,M,jetée,-9.370719,jeté,-9.196852,0
3008,S_NOUN_1_PASS_b,F,S,la pomme avec le bracelet était laissée <eos>,6,laissée,laissé,4,M,laissée,-8.750004,laissé,-9.654869,1
3009,S_NOUN_1_PASS_b,F,S,la pomme avec le bracelet était ouverte <eos>,6,ouverte,ouvert,4,M,ouverte,-6.6317406,ouvert,-8.300081,1
3010,S_NOUN_1_PASS_b,F,S,la pomme avec le bracelet était perdue <eos>,6,perdue,perdu,4,M,perdue,-9.723743,perdu,-10.3901205,1
3011,S_NOUN_1_PASS_b,F,S,la pomme avec le bracelet était réparée <eos>,6,réparée,réparé,4,M,réparée,-12.143345,réparé,-13.751699,1
3012,S_NOUN_1_PASS_b,F,S,la pomme avec le bracelet était retirée <eos>,6,retirée,retiré,4,M,retirée,-8.849858,retiré,-8.619268,0
3013,S_NOUN_1_PASS_b,F,S,la pomme avec le bracelet était tombée <eos>,6,tombée,tombé,4,M,tombée,-9.116256,tombé,-8.6383915,0
3014,S_NOUN_1_PASS_b,F,S,la pomme avec le bracelet était utilisée <eos>,6,utilisée,utilisé,4,M,utilisée,-4.5740595,utilisé,-5.338379,1
3015,S_NOUN_1_PASS_b,F,S,la pomme avec le miroir était achetée <eos>,6,achetée,acheté,4,M,achetée,-9.335321,acheté,-10.130269,1
3016,S_NOUN_1_PASS_b,F,S,la pomme avec le miroir était brisée <eos>,6,brisée,brisé,4,M,brisée,-7.8619766,brisé,-9.5896225,1
3017,S_NOUN_1_PASS_b,F,S,la pomme avec le miroir était cachée <eos>,6,cachée,caché,4,M,cachée,-7.6126723,caché,-8.387869,1
3018,S_NOUN_1_PASS_b,F,S,la pomme avec le miroir était cassée <eos>,6,cassée,cassé,4,M,cassée,-9.113916,cassé,-8.771338,0
3019,S_NOUN_1_PASS_b,F,S,la pomme avec le miroir était couverte <eos>,6,couverte,couvert,4,M,couverte,-6.069237,couvert,-7.512181,1
3020,S_NOUN_1_PASS_b,F,S,la pomme avec le miroir était déformée <eos>,6,déformée,déformé,4,M,déformée,-9.943665,déformé,-11.17166,1
3021,S_NOUN_1_PASS_b,F,S,la pomme avec le miroir était fixée <eos>,6,fixée,fixé,4,M,fixée,-5.9798465,fixé,-6.9335523,1
3022,S_NOUN_1_PASS_b,F,S,la pomme avec le miroir était jetée <eos>,6,jetée,jeté,4,M,jetée,-8.809807,jeté,-9.693335,1
3023,S_NOUN_1_PASS_b,F,S,la pomme avec le miroir était laissée <eos>,6,laissée,laissé,4,M,laissée,-8.389996,laissé,-9.856245,1
3024,S_NOUN_1_PASS_b,F,S,la pomme avec le miroir était ouverte <eos>,6,ouverte,ouvert,4,M,ouverte,-6.890922,ouvert,-9.245998,1
3025,S_NOUN_1_PASS_b,F,S,la pomme avec le miroir était perdue <eos>,6,perdue,perdu,4,M,perdue,-9.430423,perdu,-10.793512,1
3026,S_NOUN_1_PASS_b,F,S,la pomme avec le miroir était réparée <eos>,6,réparée,réparé,4,M,réparée,-11.450879,réparé,-12.693141,1
3027,S_NOUN_1_PASS_b,F,S,la pomme avec le miroir était retirée <eos>,6,retirée,retiré,4,M,retirée,-8.3860235,retiré,-8.963686,1
3028,S_NOUN_1_PASS_b,F,S,la pomme avec le miroir était tombée <eos>,6,tombée,tombé,4,M,tombée,-9.050436,tombé,-8.859037,0
3029,S_NOUN_1_PASS_b,F,S,la pomme avec le miroir était utilisée <eos>,6,utilisée,utilisé,4,M,utilisée,-4.6694374,utilisé,-5.611562,1
3030,S_NOUN_1_PASS_b,F,S,la pomme avec le crayon était achetée <eos>,6,achetée,acheté,4,M,achetée,-8.519467,acheté,-10.701948,1
3031,S_NOUN_1_PASS_b,F,S,la pomme avec le crayon était brisée <eos>,6,brisée,brisé,4,M,brisée,-9.769816,brisé,-12.592786,1
3032,S_NOUN_1_PASS_b,F,S,la pomme avec le crayon était cachée <eos>,6,cachée,caché,4,M,cachée,-8.8057575,caché,-9.569871,1
3033,S_NOUN_1_PASS_b,F,S,la pomme avec le crayon était cassée <eos>,6,cassée,cassé,4,M,cassée,-9.875615,cassé,-11.804171,1
3034,S_NOUN_1_PASS_b,F,S,la pomme avec le crayon était couverte <eos>,6,couverte,couvert,4,M,couverte,-6.92486,couvert,-9.0664215,1
3035,S_NOUN_1_PASS_b,F,S,la pomme avec le crayon était déformée <eos>,6,déformée,déformé,4,M,déformée,-10.312459,déformé,-12.659854,1
3036,S_NOUN_1_PASS_b,F,S,la pomme avec le crayon était fixée <eos>,6,fixée,fixé,4,M,fixée,-7.4616313,fixé,-8.697945,1
3037,S_NOUN_1_PASS_b,F,S,la pomme avec le crayon était jetée <eos>,6,jetée,jeté,4,M,jetée,-8.928382,jeté,-11.294177,1
3038,S_NOUN_1_PASS_b,F,S,la pomme avec le crayon était laissée <eos>,6,laissée,laissé,4,M,laissée,-7.8392015,laissé,-10.588953,1
3039,S_NOUN_1_PASS_b,F,S,la pomme avec le crayon était ouverte <eos>,6,ouverte,ouvert,4,M,ouverte,-7.1623135,ouvert,-9.978635,1
3040,S_NOUN_1_PASS_b,F,S,la pomme avec le crayon était perdue <eos>,6,perdue,perdu,4,M,perdue,-8.812379,perdu,-10.542187,1
3041,S_NOUN_1_PASS_b,F,S,la pomme avec le crayon était réparée <eos>,6,réparée,réparé,4,M,réparée,-11.921506,réparé,-14.082396,1
3042,S_NOUN_1_PASS_b,F,S,la pomme avec le crayon était retirée <eos>,6,retirée,retiré,4,M,retirée,-8.476598,retiré,-9.19578,1
3043,S_NOUN_1_PASS_b,F,S,la pomme avec le crayon était tombée <eos>,6,tombée,tombé,4,M,tombée,-8.948434,tombé,-9.626808,1
3044,S_NOUN_1_PASS_b,F,S,la pomme avec le crayon était utilisée <eos>,6,utilisée,utilisé,4,M,utilisée,-3.3300161,utilisé,-5.3966227,1
3045,S_NOUN_1_PASS_b,F,S,la pomme avec le rideau était achetée <eos>,6,achetée,acheté,4,M,achetée,-9.333814,acheté,-11.0057535,1
3046,S_NOUN_1_PASS_b,F,S,la pomme avec le rideau était brisée <eos>,6,brisée,brisé,4,M,brisée,-7.5233526,brisé,-9.597966,1
3047,S_NOUN_1_PASS_b,F,S,la pomme avec le rideau était cachée <eos>,6,cachée,caché,4,M,cachée,-7.8749,caché,-8.466538,1
3048,S_NOUN_1_PASS_b,F,S,la pomme avec le rideau était cassée <eos>,6,cassée,cassé,4,M,cassée,-9.073574,cassé,-9.127693,1
3049,S_NOUN_1_PASS_b,F,S,la pomme avec le rideau était couverte <eos>,6,couverte,couvert,4,M,couverte,-6.3617125,couvert,-7.54838,1
3050,S_NOUN_1_PASS_b,F,S,la pomme avec le rideau était déformée <eos>,6,déformée,déformé,4,M,déformée,-9.350552,déformé,-11.574933,1
3051,S_NOUN_1_PASS_b,F,S,la pomme avec le rideau était fixée <eos>,6,fixée,fixé,4,M,fixée,-6.6721163,fixé,-8.21274,1
3052,S_NOUN_1_PASS_b,F,S,la pomme avec le rideau était jetée <eos>,6,jetée,jeté,4,M,jetée,-8.870315,jeté,-10.48091,1
3053,S_NOUN_1_PASS_b,F,S,la pomme avec le rideau était laissée <eos>,6,laissée,laissé,4,M,laissée,-8.044077,laissé,-9.635828,1
3054,S_NOUN_1_PASS_b,F,S,la pomme avec le rideau était ouverte <eos>,6,ouverte,ouvert,4,M,ouverte,-7.3312845,ouvert,-8.852877,1
3055,S_NOUN_1_PASS_b,F,S,la pomme avec le rideau était perdue <eos>,6,perdue,perdu,4,M,perdue,-9.14094,perdu,-10.331379,1
3056,S_NOUN_1_PASS_b,F,S,la pomme avec le rideau était réparée <eos>,6,réparée,réparé,4,M,réparée,-11.71492,réparé,-12.215246,1
3057,S_NOUN_1_PASS_b,F,S,la pomme avec le rideau était retirée <eos>,6,retirée,retiré,4,M,retirée,-7.017629,retiré,-8.322901,1
3058,S_NOUN_1_PASS_b,F,S,la pomme avec le rideau était tombée <eos>,6,tombée,tombé,4,M,tombée,-8.2965,tombé,-8.19085,0
3059,S_NOUN_1_PASS_b,F,S,la pomme avec le rideau était utilisée <eos>,6,utilisée,utilisé,4,M,utilisée,-4.545564,utilisé,-6.0029426,1
3060,S_NOUN_1_PASS_b,F,S,la pomme avec le cahier était achetée <eos>,6,achetée,acheté,4,M,achetée,-10.001806,acheté,-9.971594,0
3061,S_NOUN_1_PASS_b,F,S,la pomme avec le cahier était brisée <eos>,6,brisée,brisé,4,M,brisée,-9.422614,brisé,-10.216761,1
3062,S_NOUN_1_PASS_b,F,S,la pomme avec le cahier était cachée <eos>,6,cachée,caché,4,M,cachée,-10.166944,caché,-8.693663,0
3063,S_NOUN_1_PASS_b,F,S,la pomme avec le cahier était cassée <eos>,6,cassée,cassé,4,M,cassée,-10.106063,cassé,-10.218168,1
3064,S_NOUN_1_PASS_b,F,S,la pomme avec le cahier était couverte <eos>,6,couverte,couvert,4,M,couverte,-7.3571644,couvert,-7.60046,1
3065,S_NOUN_1_PASS_b,F,S,la pomme avec le cahier était déformée <eos>,6,déformée,déformé,4,M,déformée,-10.2811,déformé,-11.573704,1
3066,S_NOUN_1_PASS_b,F,S,la pomme avec le cahier était fixée <eos>,6,fixée,fixé,4,M,fixée,-6.1713986,fixé,-6.6306157,1
3067,S_NOUN_1_PASS_b,F,S,la pomme avec le cahier était jetée <eos>,6,jetée,jeté,4,M,jetée,-10.272855,jeté,-10.220272,0
3068,S_NOUN_1_PASS_b,F,S,la pomme avec le cahier était laissée <eos>,6,laissée,laissé,4,M,laissée,-8.710093,laissé,-9.550197,1
3069,S_NOUN_1_PASS_b,F,S,la pomme avec le cahier était ouverte <eos>,6,ouverte,ouvert,4,M,ouverte,-7.495266,ouvert,-7.8598757,1
3070,S_NOUN_1_PASS_b,F,S,la pomme avec le cahier était perdue <eos>,6,perdue,perdu,4,M,perdue,-9.62314,perdu,-9.047161,0
3071,S_NOUN_1_PASS_b,F,S,la pomme avec le cahier était réparée <eos>,6,réparée,réparé,4,M,réparée,-12.561241,réparé,-13.297535,1
3072,S_NOUN_1_PASS_b,F,S,la pomme avec le cahier était retirée <eos>,6,retirée,retiré,4,M,retirée,-8.042421,retiré,-7.2439528,0
3073,S_NOUN_1_PASS_b,F,S,la pomme avec le cahier était tombée <eos>,6,tombée,tombé,4,M,tombée,-9.982147,tombé,-8.953373,0
3074,S_NOUN_1_PASS_b,F,S,la pomme avec le cahier était utilisée <eos>,6,utilisée,utilisé,4,M,utilisée,-5.0411353,utilisé,-5.447785,1
3075,S_NOUN_1_PASS_b,F,S,la pomme avec le micro était achetée <eos>,6,achetée,acheté,4,M,achetée,-9.599048,acheté,-10.797148,1
3076,S_NOUN_1_PASS_b,F,S,la pomme avec le micro était brisée <eos>,6,brisée,brisé,4,M,brisée,-8.896345,brisé,-10.227343,1
3077,S_NOUN_1_PASS_b,F,S,la pomme avec le micro était cachée <eos>,6,cachée,caché,4,M,cachée,-9.106664,caché,-9.089514,0
3078,S_NOUN_1_PASS_b,F,S,la pomme avec le micro était cassée <eos>,6,cassée,cassé,4,M,cassée,-8.88435,cassé,-8.992789,1
3079,S_NOUN_1_PASS_b,F,S,la pomme avec le micro était couverte <eos>,6,couverte,couvert,4,M,couverte,-6.3082247,couvert,-7.557295,1
3080,S_NOUN_1_PASS_b,F,S,la pomme avec le micro était déformée <eos>,6,déformée,déformé,4,M,déformée,-9.889473,déformé,-11.852699,1
3081,S_NOUN_1_PASS_b,F,S,la pomme avec le micro était fixée <eos>,6,fixée,fixé,4,M,fixée,-6.559452,fixé,-7.3689623,1
3082,S_NOUN_1_PASS_b,F,S,la pomme avec le micro était jetée <eos>,6,jetée,jeté,4,M,jetée,-9.230473,jeté,-10.297333,1
3083,S_NOUN_1_PASS_b,F,S,la pomme avec le micro était laissée <eos>,6,laissée,laissé,4,M,laissée,-8.763738,laissé,-10.4219265,1
3084,S_NOUN_1_PASS_b,F,S,la pomme avec le micro était ouverte <eos>,6,ouverte,ouvert,4,M,ouverte,-7.5362663,ouvert,-8.996796,1
3085,S_NOUN_1_PASS_b,F,S,la pomme avec le micro était perdue <eos>,6,perdue,perdu,4,M,perdue,-9.283062,perdu,-10.730082,1
3086,S_NOUN_1_PASS_b,F,S,la pomme avec le micro était réparée <eos>,6,réparée,réparé,4,M,réparée,-11.99472,réparé,-13.262264,1
3087,S_NOUN_1_PASS_b,F,S,la pomme avec le micro était retirée <eos>,6,retirée,retiré,4,M,retirée,-8.1875,retiré,-8.60828,1
3088,S_NOUN_1_PASS_b,F,S,la pomme avec le micro était tombée <eos>,6,tombée,tombé,4,M,tombée,-8.702041,tombé,-8.651129,0
3089,S_NOUN_1_PASS_b,F,S,la pomme avec le micro était utilisée <eos>,6,utilisée,utilisé,4,M,utilisée,-4.735177,utilisé,-5.9564533,1
3090,S_NOUN_1_PASS_b,F,S,la pomme avec le sac était achetée <eos>,6,achetée,acheté,4,M,achetée,-8.481654,acheté,-9.786683,1
3091,S_NOUN_1_PASS_b,F,S,la pomme avec le sac était brisée <eos>,6,brisée,brisé,4,M,brisée,-8.735729,brisé,-10.318193,1
3092,S_NOUN_1_PASS_b,F,S,la pomme avec le sac était cachée <eos>,6,cachée,caché,4,M,cachée,-7.9088964,caché,-8.84684,1
3093,S_NOUN_1_PASS_b,F,S,la pomme avec le sac était cassée <eos>,6,cassée,cassé,4,M,cassée,-8.154605,cassé,-10.0144415,1
3094,S_NOUN_1_PASS_b,F,S,la pomme avec le sac était couverte <eos>,6,couverte,couvert,4,M,couverte,-5.8633456,couvert,-8.047598,1
3095,S_NOUN_1_PASS_b,F,S,la pomme avec le sac était déformée <eos>,6,déformée,déformé,4,M,déformée,-9.844051,déformé,-11.425437,1
3096,S_NOUN_1_PASS_b,F,S,la pomme avec le sac était fixée <eos>,6,fixée,fixé,4,M,fixée,-6.026987,fixé,-7.7384624,1
3097,S_NOUN_1_PASS_b,F,S,la pomme avec le sac était jetée <eos>,6,jetée,jeté,4,M,jetée,-7.5043087,jeté,-9.353984,1
3098,S_NOUN_1_PASS_b,F,S,la pomme avec le sac était laissée <eos>,6,laissée,laissé,4,M,laissée,-7.388712,laissé,-9.360311,1
3099,S_NOUN_1_PASS_b,F,S,la pomme avec le sac était ouverte <eos>,6,ouverte,ouvert,4,M,ouverte,-6.387022,ouvert,-8.762596,1
3100,S_NOUN_1_PASS_b,F,S,la pomme avec le sac était perdue <eos>,6,perdue,perdu,4,M,perdue,-7.9030666,perdu,-10.179301,1
3101,S_NOUN_1_PASS_b,F,S,la pomme avec le sac était réparée <eos>,6,réparée,réparé,4,M,réparée,-11.338897,réparé,-12.268922,1
3102,S_NOUN_1_PASS_b,F,S,la pomme avec le sac était retirée <eos>,6,retirée,retiré,4,M,retirée,-7.043461,retiré,-8.097314,1
3103,S_NOUN_1_PASS_b,F,S,la pomme avec le sac était tombée <eos>,6,tombée,tombé,4,M,tombée,-8.438116,tombé,-9.209208,1
3104,S_NOUN_1_PASS_b,F,S,la pomme avec le sac était utilisée <eos>,6,utilisée,utilisé,4,M,utilisée,-4.2697444,utilisé,-5.9892926,1
3105,S_NOUN_1_PASS_b,F,S,la pomme avec le clavier était achetée <eos>,6,achetée,acheté,4,M,achetée,-10.508294,acheté,-11.163077,1
3106,S_NOUN_1_PASS_b,F,S,la pomme avec le clavier était brisée <eos>,6,brisée,brisé,4,M,brisée,-9.619668,brisé,-11.864485,1
3107,S_NOUN_1_PASS_b,F,S,la pomme avec le clavier était cachée <eos>,6,cachée,caché,4,M,cachée,-8.337332,caché,-9.423669,1
3108,S_NOUN_1_PASS_b,F,S,la pomme avec le clavier était cassée <eos>,6,cassée,cassé,4,M,cassée,-8.938808,cassé,-10.368202,1
3109,S_NOUN_1_PASS_b,F,S,la pomme avec le clavier était couverte <eos>,6,couverte,couvert,4,M,couverte,-6.3107777,couvert,-9.041512,1
3110,S_NOUN_1_PASS_b,F,S,la pomme avec le clavier était déformée <eos>,6,déformée,déformé,4,M,déformée,-9.624373,déformé,-12.881983,1
3111,S_NOUN_1_PASS_b,F,S,la pomme avec le clavier était fixée <eos>,6,fixée,fixé,4,M,fixée,-5.825032,fixé,-7.5817776,1
3112,S_NOUN_1_PASS_b,F,S,la pomme avec le clavier était jetée <eos>,6,jetée,jeté,4,M,jetée,-10.756521,jeté,-11.9596615,1
3113,S_NOUN_1_PASS_b,F,S,la pomme avec le clavier était laissée <eos>,6,laissée,laissé,4,M,laissée,-9.342246,laissé,-11.150967,1
3114,S_NOUN_1_PASS_b,F,S,la pomme avec le clavier était ouverte <eos>,6,ouverte,ouvert,4,M,ouverte,-6.6850224,ouvert,-8.919445,1
3115,S_NOUN_1_PASS_b,F,S,la pomme avec le clavier était perdue <eos>,6,perdue,perdu,4,M,perdue,-9.975126,perdu,-11.556814,1
3116,S_NOUN_1_PASS_b,F,S,la pomme avec le clavier était réparée <eos>,6,réparée,réparé,4,M,réparée,-11.513243,réparé,-13.77149,1
3117,S_NOUN_1_PASS_b,F,S,la pomme avec le clavier était retirée <eos>,6,retirée,retiré,4,M,retirée,-9.266467,retiré,-9.221859,0
3118,S_NOUN_1_PASS_b,F,S,la pomme avec le clavier était tombée <eos>,6,tombée,tombé,4,M,tombée,-8.601189,tombé,-9.651691,1
3119,S_NOUN_1_PASS_b,F,S,la pomme avec le clavier était utilisée <eos>,6,utilisée,utilisé,4,M,utilisée,-4.401275,utilisé,-5.933433,1
3120,S_NOUN_1_PASS_b,F,S,la pomme avec le raisin était achetée <eos>,6,achetée,acheté,4,M,achetée,-9.002453,acheté,-10.537878,1
3121,S_NOUN_1_PASS_b,F,S,la pomme avec le raisin était brisée <eos>,6,brisée,brisé,4,M,brisée,-10.436448,brisé,-13.1079,1
3122,S_NOUN_1_PASS_b,F,S,la pomme avec le raisin était cachée <eos>,6,cachée,caché,4,M,cachée,-9.285288,caché,-10.541178,1
3123,S_NOUN_1_PASS_b,F,S,la pomme avec le raisin était cassée <eos>,6,cassée,cassé,4,M,cassée,-9.728757,cassé,-11.219282,1
3124,S_NOUN_1_PASS_b,F,S,la pomme avec le raisin était couverte <eos>,6,couverte,couvert,4,M,couverte,-6.849043,couvert,-9.410378,1
3125,S_NOUN_1_PASS_b,F,S,la pomme avec le raisin était déformée <eos>,6,déformée,déformé,4,M,déformée,-10.80578,déformé,-13.534008,1
3126,S_NOUN_1_PASS_b,F,S,la pomme avec le raisin était fixée <eos>,6,fixée,fixé,4,M,fixée,-7.0785856,fixé,-8.562434,1
3127,S_NOUN_1_PASS_b,F,S,la pomme avec le raisin était jetée <eos>,6,jetée,jeté,4,M,jetée,-8.69036,jeté,-11.405216,1
3128,S_NOUN_1_PASS_b,F,S,la pomme avec le raisin était laissée <eos>,6,laissée,laissé,4,M,laissée,-8.251684,laissé,-10.474559,1
3129,S_NOUN_1_PASS_b,F,S,la pomme avec le raisin était ouverte <eos>,6,ouverte,ouvert,4,M,ouverte,-7.362107,ouvert,-9.964184,1
3130,S_NOUN_1_PASS_b,F,S,la pomme avec le raisin était perdue <eos>,6,perdue,perdu,4,M,perdue,-9.037629,perdu,-10.82011,1
3131,S_NOUN_1_PASS_b,F,S,la pomme avec le raisin était réparée <eos>,6,réparée,réparé,4,M,réparée,-12.494358,réparé,-13.530951,1
3132,S_NOUN_1_PASS_b,F,S,la pomme avec le raisin était retirée <eos>,6,retirée,retiré,4,M,retirée,-8.245688,retiré,-9.300138,1
3133,S_NOUN_1_PASS_b,F,S,la pomme avec le raisin était tombée <eos>,6,tombée,tombé,4,M,tombée,-7.967109,tombé,-10.7787895,1
3134,S_NOUN_1_PASS_b,F,S,la pomme avec le raisin était utilisée <eos>,6,utilisée,utilisé,4,M,utilisée,-4.0918703,utilisé,-6.3917217,1
3135,S_NOUN_1_PASS_b,F,S,la pomme avec le chargeur était achetée <eos>,6,achetée,acheté,4,M,achetée,-9.93139,acheté,-10.96443,1
3136,S_NOUN_1_PASS_b,F,S,la pomme avec le chargeur était brisée <eos>,6,brisée,brisé,4,M,brisée,-9.069748,brisé,-10.64374,1
3137,S_NOUN_1_PASS_b,F,S,la pomme avec le chargeur était cachée <eos>,6,cachée,caché,4,M,cachée,-8.363968,caché,-9.128069,1
3138,S_NOUN_1_PASS_b,F,S,la pomme avec le chargeur était cassée <eos>,6,cassée,cassé,4,M,cassée,-7.9569488,cassé,-9.81156,1
3139,S_NOUN_1_PASS_b,F,S,la pomme avec le chargeur était couverte <eos>,6,couverte,couvert,4,M,couverte,-6.8656597,couvert,-8.496073,1
3140,S_NOUN_1_PASS_b,F,S,la pomme avec le chargeur était déformée <eos>,6,déformée,déformé,4,M,déformée,-9.82451,déformé,-12.166749,1
3141,S_NOUN_1_PASS_b,F,S,la pomme avec le chargeur était fixée <eos>,6,fixée,fixé,4,M,fixée,-5.6813927,fixé,-7.621009,1
3142,S_NOUN_1_PASS_b,F,S,la pomme avec le chargeur était jetée <eos>,6,jetée,jeté,4,M,jetée,-8.506734,jeté,-10.6431875,1
3143,S_NOUN_1_PASS_b,F,S,la pomme avec le chargeur était laissée <eos>,6,laissée,laissé,4,M,laissée,-8.942677,laissé,-10.60279,1
3144,S_NOUN_1_PASS_b,F,S,la pomme avec le chargeur était ouverte <eos>,6,ouverte,ouvert,4,M,ouverte,-7.0457897,ouvert,-9.213785,1
3145,S_NOUN_1_PASS_b,F,S,la pomme avec le chargeur était perdue <eos>,6,perdue,perdu,4,M,perdue,-9.793711,perdu,-10.670464,1
3146,S_NOUN_1_PASS_b,F,S,la pomme avec le chargeur était réparée <eos>,6,réparée,réparé,4,M,réparée,-10.032533,réparé,-12.906624,1
3147,S_NOUN_1_PASS_b,F,S,la pomme avec le chargeur était retirée <eos>,6,retirée,retiré,4,M,retirée,-7.7967596,retiré,-8.220522,1
3148,S_NOUN_1_PASS_b,F,S,la pomme avec le chargeur était tombée <eos>,6,tombée,tombé,4,M,tombée,-9.775234,tombé,-10.254662,1
3149,S_NOUN_1_PASS_b,F,S,la pomme avec le chargeur était utilisée <eos>,6,utilisée,utilisé,4,M,utilisée,-4.545019,utilisé,-6.2419367,1
3150,S_NOUN_1_PASS_b,F,S,la pomme avec le vase était achetée <eos>,6,achetée,acheté,4,M,achetée,-8.990574,acheté,-10.200169,1
3151,S_NOUN_1_PASS_b,F,S,la pomme avec le vase était brisée <eos>,6,brisée,brisé,4,M,brisée,-8.16107,brisé,-10.079432,1
3152,S_NOUN_1_PASS_b,F,S,la pomme avec le vase était cachée <eos>,6,cachée,caché,4,M,cachée,-8.037865,caché,-9.100077,1
3153,S_NOUN_1_PASS_b,F,S,la pomme avec le vase était cassée <eos>,6,cassée,cassé,4,M,cassée,-8.797216,cassé,-10.166382,1
3154,S_NOUN_1_PASS_b,F,S,la pomme avec le vase était couverte <eos>,6,couverte,couvert,4,M,couverte,-5.375736,couvert,-7.670492,1
3155,S_NOUN_1_PASS_b,F,S,la pomme avec le vase était déformée <eos>,6,déformée,déformé,4,M,déformée,-10.202903,déformé,-11.828158,1
3156,S_NOUN_1_PASS_b,F,S,la pomme avec le vase était fixée <eos>,6,fixée,fixé,4,M,fixée,-6.229331,fixé,-7.555846,1
3157,S_NOUN_1_PASS_b,F,S,la pomme avec le vase était jetée <eos>,6,jetée,jeté,4,M,jetée,-7.7411013,jeté,-9.486309,1
3158,S_NOUN_1_PASS_b,F,S,la pomme avec le vase était laissée <eos>,6,laissée,laissé,4,M,laissée,-7.7639627,laissé,-9.514477,1
3159,S_NOUN_1_PASS_b,F,S,la pomme avec le vase était ouverte <eos>,6,ouverte,ouvert,4,M,ouverte,-7.0903444,ouvert,-9.43964,1
3160,S_NOUN_1_PASS_b,F,S,la pomme avec le vase était perdue <eos>,6,perdue,perdu,4,M,perdue,-7.869502,perdu,-9.60691,1
3161,S_NOUN_1_PASS_b,F,S,la pomme avec le vase était réparée <eos>,6,réparée,réparé,4,M,réparée,-11.158051,réparé,-12.439266,1
3162,S_NOUN_1_PASS_b,F,S,la pomme avec le vase était retirée <eos>,6,retirée,retiré,4,M,retirée,-7.462308,retiré,-9.163423,1
3163,S_NOUN_1_PASS_b,F,S,la pomme avec le vase était tombée <eos>,6,tombée,tombé,4,M,tombée,-7.611947,tombé,-9.025837,1
3164,S_NOUN_1_PASS_b,F,S,la pomme avec le vase était utilisée <eos>,6,utilisée,utilisé,4,M,utilisée,-4.175576,utilisé,-5.8238316,1
3165,S_NOUN_1_PASS_b,F,S,la pomme avec le panier était achetée <eos>,6,achetée,acheté,4,M,achetée,-10.084578,acheté,-10.535727,1
3166,S_NOUN_1_PASS_b,F,S,la pomme avec le panier était brisée <eos>,6,brisée,brisé,4,M,brisée,-9.377533,brisé,-10.610906,1
3167,S_NOUN_1_PASS_b,F,S,la pomme avec le panier était cachée <eos>,6,cachée,caché,4,M,cachée,-8.706112,caché,-9.215937,1
3168,S_NOUN_1_PASS_b,F,S,la pomme avec le panier était cassée <eos>,6,cassée,cassé,4,M,cassée,-8.764899,cassé,-9.94223,1
3169,S_NOUN_1_PASS_b,F,S,la pomme avec le panier était couverte <eos>,6,couverte,couvert,4,M,couverte,-6.625836,couvert,-7.8183,1
3170,S_NOUN_1_PASS_b,F,S,la pomme avec le panier était déformée <eos>,6,déformée,déformé,4,M,déformée,-9.972419,déformé,-12.039883,1
3171,S_NOUN_1_PASS_b,F,S,la pomme avec le panier était fixée <eos>,6,fixée,fixé,4,M,fixée,-6.8379717,fixé,-7.280307,1
3172,S_NOUN_1_PASS_b,F,S,la pomme avec le panier était jetée <eos>,6,jetée,jeté,4,M,jetée,-8.586591,jeté,-10.579291,1
3173,S_NOUN_1_PASS_b,F,S,la pomme avec le panier était laissée <eos>,6,laissée,laissé,4,M,laissée,-7.897409,laissé,-9.7943,1
3174,S_NOUN_1_PASS_b,F,S,la pomme avec le panier était ouverte <eos>,6,ouverte,ouvert,4,M,ouverte,-7.4122725,ouvert,-8.803267,1
3175,S_NOUN_1_PASS_b,F,S,la pomme avec le panier était perdue <eos>,6,perdue,perdu,4,M,perdue,-9.760382,perdu,-10.768976,1
3176,S_NOUN_1_PASS_b,F,S,la pomme avec le panier était réparée <eos>,6,réparée,réparé,4,M,réparée,-12.297087,réparé,-13.077685,1
3177,S_NOUN_1_PASS_b,F,S,la pomme avec le panier était retirée <eos>,6,retirée,retiré,4,M,retirée,-8.161874,retiré,-8.861463,1
3178,S_NOUN_1_PASS_b,F,S,la pomme avec le panier était tombée <eos>,6,tombée,tombé,4,M,tombée,-8.795536,tombé,-9.195896,1
3179,S_NOUN_1_PASS_b,F,S,la pomme avec le panier était utilisée <eos>,6,utilisée,utilisé,4,M,utilisée,-4.8457856,utilisé,-5.7329803,1
3180,S_NOUN_1_PASS_b,F,S,la pomme avec le collier était achetée <eos>,6,achetée,acheté,4,M,achetée,-8.47161,acheté,-9.81296,1
3181,S_NOUN_1_PASS_b,F,S,la pomme avec le collier était brisée <eos>,6,brisée,brisé,4,M,brisée,-8.879489,brisé,-9.933685,1
3182,S_NOUN_1_PASS_b,F,S,la pomme avec le collier était cachée <eos>,6,cachée,caché,4,M,cachée,-8.1763115,caché,-8.371828,1
3183,S_NOUN_1_PASS_b,F,S,la pomme avec le collier était cassée <eos>,6,cassée,cassé,4,M,cassée,-8.979779,cassé,-8.701098,0
3184,S_NOUN_1_PASS_b,F,S,la pomme avec le collier était couverte <eos>,6,couverte,couvert,4,M,couverte,-6.6016006,couvert,-7.7625113,1
3185,S_NOUN_1_PASS_b,F,S,la pomme avec le collier était déformée <eos>,6,déformée,déformé,4,M,déformée,-10.45366,déformé,-11.151976,1
3186,S_NOUN_1_PASS_b,F,S,la pomme avec le collier était fixée <eos>,6,fixée,fixé,4,M,fixée,-6.433486,fixé,-6.888036,1
3187,S_NOUN_1_PASS_b,F,S,la pomme avec le collier était jetée <eos>,6,jetée,jeté,4,M,jetée,-9.006981,jeté,-9.134091,1
3188,S_NOUN_1_PASS_b,F,S,la pomme avec le collier était laissée <eos>,6,laissée,laissé,4,M,laissée,-8.674242,laissé,-9.628672,1
3189,S_NOUN_1_PASS_b,F,S,la pomme avec le collier était ouverte <eos>,6,ouverte,ouvert,4,M,ouverte,-7.532295,ouvert,-9.315472,1
3190,S_NOUN_1_PASS_b,F,S,la pomme avec le collier était perdue <eos>,6,perdue,perdu,4,M,perdue,-9.2471895,perdu,-10.6440735,1
3191,S_NOUN_1_PASS_b,F,S,la pomme avec le collier était réparée <eos>,6,réparée,réparé,4,M,réparée,-12.134767,réparé,-12.951545,1
3192,S_NOUN_1_PASS_b,F,S,la pomme avec le collier était retirée <eos>,6,retirée,retiré,4,M,retirée,-7.9434767,retiré,-7.9203997,0
3193,S_NOUN_1_PASS_b,F,S,la pomme avec le collier était tombée <eos>,6,tombée,tombé,4,M,tombée,-8.984591,tombé,-8.60276,0
3194,S_NOUN_1_PASS_b,F,S,la pomme avec le collier était utilisée <eos>,6,utilisée,utilisé,4,M,utilisée,-4.3534403,utilisé,-5.266243,1
3195,S_NOUN_1_PASS_b,F,S,la pomme avec le chapeau était achetée <eos>,6,achetée,acheté,4,M,achetée,-9.154954,acheté,-10.381058,1
3196,S_NOUN_1_PASS_b,F,S,la pomme avec le chapeau était brisée <eos>,6,brisée,brisé,4,M,brisée,-8.710119,brisé,-11.119727,1
3197,S_NOUN_1_PASS_b,F,S,la pomme avec le chapeau était cachée <eos>,6,cachée,caché,4,M,cachée,-8.523039,caché,-9.439288,1
3198,S_NOUN_1_PASS_b,F,S,la pomme avec le chapeau était cassée <eos>,6,cassée,cassé,4,M,cassée,-8.699747,cassé,-9.148874,1
3199,S_NOUN_1_PASS_b,F,S,la pomme avec le chapeau était couverte <eos>,6,couverte,couvert,4,M,couverte,-5.7333894,couvert,-8.357515,1
3200,S_NOUN_1_PASS_b,F,S,la pomme avec le chapeau était déformée <eos>,6,déformée,déformé,4,M,déformée,-8.883594,déformé,-10.8240385,1
3201,S_NOUN_1_PASS_b,F,S,la pomme avec le chapeau était fixée <eos>,6,fixée,fixé,4,M,fixée,-6.140787,fixé,-7.275201,1
3202,S_NOUN_1_PASS_b,F,S,la pomme avec le chapeau était jetée <eos>,6,jetée,jeté,4,M,jetée,-9.147815,jeté,-9.992362,1
3203,S_NOUN_1_PASS_b,F,S,la pomme avec le chapeau était laissée <eos>,6,laissée,laissé,4,M,laissée,-8.376681,laissé,-10.018829,1
3204,S_NOUN_1_PASS_b,F,S,la pomme avec le chapeau était ouverte <eos>,6,ouverte,ouvert,4,M,ouverte,-7.0026093,ouvert,-9.655413,1
3205,S_NOUN_1_PASS_b,F,S,la pomme avec le chapeau était perdue <eos>,6,perdue,perdu,4,M,perdue,-9.808904,perdu,-11.009851,1
3206,S_NOUN_1_PASS_b,F,S,la pomme avec le chapeau était réparée <eos>,6,réparée,réparé,4,M,réparée,-11.854526,réparé,-13.897619,1
3207,S_NOUN_1_PASS_b,F,S,la pomme avec le chapeau était retirée <eos>,6,retirée,retiré,4,M,retirée,-7.894927,retiré,-8.268381,1
3208,S_NOUN_1_PASS_b,F,S,la pomme avec le chapeau était tombée <eos>,6,tombée,tombé,4,M,tombée,-8.599138,tombé,-8.937526,1
3209,S_NOUN_1_PASS_b,F,S,la pomme avec le chapeau était utilisée <eos>,6,utilisée,utilisé,4,M,utilisée,-4.5257025,utilisé,-5.977009,1
3210,S_NOUN_1_PASS_b,F,S,la pomme avec le pot était achetée <eos>,6,achetée,acheté,4,M,achetée,-8.802294,acheté,-9.442036,1
3211,S_NOUN_1_PASS_b,F,S,la pomme avec le pot était brisée <eos>,6,brisée,brisé,4,M,brisée,-9.424596,brisé,-10.704527,1
3212,S_NOUN_1_PASS_b,F,S,la pomme avec le pot était cachée <eos>,6,cachée,caché,4,M,cachée,-8.932279,caché,-8.882543,0
3213,S_NOUN_1_PASS_b,F,S,la pomme avec le pot était cassée <eos>,6,cassée,cassé,4,M,cassée,-9.629464,cassé,-10.274679,1
3214,S_NOUN_1_PASS_b,F,S,la pomme avec le pot était couverte <eos>,6,couverte,couvert,4,M,couverte,-7.0243745,couvert,-7.6814256,1
3215,S_NOUN_1_PASS_b,F,S,la pomme avec le pot était déformée <eos>,6,déformée,déformé,4,M,déformée,-10.442675,déformé,-11.8112755,1
3216,S_NOUN_1_PASS_b,F,S,la pomme avec le pot était fixée <eos>,6,fixée,fixé,4,M,fixée,-6.3659134,fixé,-7.24483,1
3217,S_NOUN_1_PASS_b,F,S,la pomme avec le pot était jetée <eos>,6,jetée,jeté,4,M,jetée,-8.516417,jeté,-9.735849,1
3218,S_NOUN_1_PASS_b,F,S,la pomme avec le pot était laissée <eos>,6,laissée,laissé,4,M,laissée,-7.8829722,laissé,-9.728502,1
3219,S_NOUN_1_PASS_b,F,S,la pomme avec le pot était ouverte <eos>,6,ouverte,ouvert,4,M,ouverte,-7.8252335,ouvert,-8.87548,1
3220,S_NOUN_1_PASS_b,F,S,la pomme avec le pot était perdue <eos>,6,perdue,perdu,4,M,perdue,-9.538905,perdu,-10.635962,1
3221,S_NOUN_1_PASS_b,F,S,la pomme avec le pot était réparée <eos>,6,réparée,réparé,4,M,réparée,-11.802361,réparé,-12.109337,1
3222,S_NOUN_1_PASS_b,F,S,la pomme avec le pot était retirée <eos>,6,retirée,retiré,4,M,retirée,-7.734149,retiré,-7.9890585,1
3223,S_NOUN_1_PASS_b,F,S,la pomme avec le pot était tombée <eos>,6,tombée,tombé,4,M,tombée,-8.341806,tombé,-9.398681,1
3224,S_NOUN_1_PASS_b,F,S,la pomme avec le pot était utilisée <eos>,6,utilisée,utilisé,4,M,utilisée,-4.211735,utilisé,-5.165057,1
3225,S_NOUN_1_PASS_b,F,S,la pomme avec le coussin était achetée <eos>,6,achetée,acheté,4,M,achetée,-9.47316,acheté,-11.050209,1
3226,S_NOUN_1_PASS_b,F,S,la pomme avec le coussin était brisée <eos>,6,brisée,brisé,4,M,brisée,-8.04632,brisé,-10.807421,1
3227,S_NOUN_1_PASS_b,F,S,la pomme avec le coussin était cachée <eos>,6,cachée,caché,4,M,cachée,-8.52121,caché,-9.348255,1
3228,S_NOUN_1_PASS_b,F,S,la pomme avec le coussin était cassée <eos>,6,cassée,cassé,4,M,cassée,-7.773281,cassé,-8.998743,1
3229,S_NOUN_1_PASS_b,F,S,la pomme avec le coussin était couverte <eos>,6,couverte,couvert,4,M,couverte,-5.9054365,couvert,-8.20289,1
3230,S_NOUN_1_PASS_b,F,S,la pomme avec le coussin était déformée <eos>,6,déformée,déformé,4,M,déformée,-10.366351,déformé,-12.423483,1
3231,S_NOUN_1_PASS_b,F,S,la pomme avec le coussin était fixée <eos>,6,fixée,fixé,4,M,fixée,-5.1434784,fixé,-7.066352,1
3232,S_NOUN_1_PASS_b,F,S,la pomme avec le coussin était jetée <eos>,6,jetée,jeté,4,M,jetée,-9.353064,jeté,-10.523134,1
3233,S_NOUN_1_PASS_b,F,S,la pomme avec le coussin était laissée <eos>,6,laissée,laissé,4,M,laissée,-8.314255,laissé,-10.265623,1
3234,S_NOUN_1_PASS_b,F,S,la pomme avec le coussin était ouverte <eos>,6,ouverte,ouvert,4,M,ouverte,-5.920642,ouvert,-9.054835,1
3235,S_NOUN_1_PASS_b,F,S,la pomme avec le coussin était perdue <eos>,6,perdue,perdu,4,M,perdue,-10.408657,perdu,-11.9015465,1
3236,S_NOUN_1_PASS_b,F,S,la pomme avec le coussin était réparée <eos>,6,réparée,réparé,4,M,réparée,-11.331926,réparé,-14.24368,1
3237,S_NOUN_1_PASS_b,F,S,la pomme avec le coussin était retirée <eos>,6,retirée,retiré,4,M,retirée,-8.499624,retiré,-9.434757,1
3238,S_NOUN_1_PASS_b,F,S,la pomme avec le coussin était tombée <eos>,6,tombée,tombé,4,M,tombée,-10.455644,tombé,-10.486805,1
3239,S_NOUN_1_PASS_b,F,S,la pomme avec le coussin était utilisée <eos>,6,utilisée,utilisé,4,M,utilisée,-4.3952684,utilisé,-5.974839,1
3240,S_NOUN_1_PASS_b,F,S,la pomme avec le jouet était achetée <eos>,6,achetée,acheté,4,M,achetée,-9.142795,acheté,-10.168991,1
3241,S_NOUN_1_PASS_b,F,S,la pomme avec le jouet était brisée <eos>,6,brisée,brisé,4,M,brisée,-9.301979,brisé,-10.536716,1
3242,S_NOUN_1_PASS_b,F,S,la pomme avec le jouet était cachée <eos>,6,cachée,caché,4,M,cachée,-8.591278,caché,-9.086692,1
3243,S_NOUN_1_PASS_b,F,S,la pomme avec le jouet était cassée <eos>,6,cassée,cassé,4,M,cassée,-9.35813,cassé,-10.783654,1
3244,S_NOUN_1_PASS_b,F,S,la pomme avec le jouet était couverte <eos>,6,couverte,couvert,4,M,couverte,-6.9066496,couvert,-8.750842,1
3245,S_NOUN_1_PASS_b,F,S,la pomme avec le jouet était déformée <eos>,6,déformée,déformé,4,M,déformée,-11.603702,déformé,-12.606724,1
3246,S_NOUN_1_PASS_b,F,S,la pomme avec le jouet était fixée <eos>,6,fixée,fixé,4,M,fixée,-6.5607414,fixé,-8.354115,1
3247,S_NOUN_1_PASS_b,F,S,la pomme avec le jouet était jetée <eos>,6,jetée,jeté,4,M,jetée,-9.332283,jeté,-10.181871,1
3248,S_NOUN_1_PASS_b,F,S,la pomme avec le jouet était laissée <eos>,6,laissée,laissé,4,M,laissée,-9.055042,laissé,-10.347862,1
3249,S_NOUN_1_PASS_b,F,S,la pomme avec le jouet était ouverte <eos>,6,ouverte,ouvert,4,M,ouverte,-7.208476,ouvert,-9.278427,1
3250,S_NOUN_1_PASS_b,F,S,la pomme avec le jouet était perdue <eos>,6,perdue,perdu,4,M,perdue,-10.238908,perdu,-11.006427,1
3251,S_NOUN_1_PASS_b,F,S,la pomme avec le jouet était réparée <eos>,6,réparée,réparé,4,M,réparée,-12.40559,réparé,-13.2300625,1
3252,S_NOUN_1_PASS_b,F,S,la pomme avec le jouet était retirée <eos>,6,retirée,retiré,4,M,retirée,-8.998693,retiré,-9.7490425,1
3253,S_NOUN_1_PASS_b,F,S,la pomme avec le jouet était tombée <eos>,6,tombée,tombé,4,M,tombée,-8.974803,tombé,-8.5097475,0
3254,S_NOUN_1_PASS_b,F,S,la pomme avec le jouet était utilisée <eos>,6,utilisée,utilisé,4,M,utilisée,-4.574019,utilisé,-5.6621356,1
3255,S_NOUN_1_PASS_b,F,S,la pomme avec le clou était achetée <eos>,6,achetée,acheté,4,M,achetée,-9.425556,acheté,-11.458268,1
3256,S_NOUN_1_PASS_b,F,S,la pomme avec le clou était brisée <eos>,6,brisée,brisé,4,M,brisée,-9.293943,brisé,-11.865956,1
3257,S_NOUN_1_PASS_b,F,S,la pomme avec le clou était cachée <eos>,6,cachée,caché,4,M,cachée,-8.445776,caché,-10.3020315,1
3258,S_NOUN_1_PASS_b,F,S,la pomme avec le clou était cassée <eos>,6,cassée,cassé,4,M,cassée,-8.758016,cassé,-11.104022,1
3259,S_NOUN_1_PASS_b,F,S,la pomme avec le clou était couverte <eos>,6,couverte,couvert,4,M,couverte,-5.9153013,couvert,-9.375518,1
3260,S_NOUN_1_PASS_b,F,S,la pomme avec le clou était déformée <eos>,6,déformée,déformé,4,M,déformée,-10.203281,déformé,-12.688665,1
3261,S_NOUN_1_PASS_b,F,S,la pomme avec le clou était fixée <eos>,6,fixée,fixé,4,M,fixée,-5.7831535,fixé,-8.069892,1
3262,S_NOUN_1_PASS_b,F,S,la pomme avec le clou était jetée <eos>,6,jetée,jeté,4,M,jetée,-8.205103,jeté,-11.119635,1
3263,S_NOUN_1_PASS_b,F,S,la pomme avec le clou était laissée <eos>,6,laissée,laissé,4,M,laissée,-7.5621314,laissé,-10.720177,1
3264,S_NOUN_1_PASS_b,F,S,la pomme avec le clou était ouverte <eos>,6,ouverte,ouvert,4,M,ouverte,-7.7143297,ouvert,-10.8650465,1
3265,S_NOUN_1_PASS_b,F,S,la pomme avec le clou était perdue <eos>,6,perdue,perdu,4,M,perdue,-8.32616,perdu,-11.104675,1
3266,S_NOUN_1_PASS_b,F,S,la pomme avec le clou était réparée <eos>,6,réparée,réparé,4,M,réparée,-12.235533,réparé,-14.171737,1
3267,S_NOUN_1_PASS_b,F,S,la pomme avec le clou était retirée <eos>,6,retirée,retiré,4,M,retirée,-7.2459507,retiré,-9.228721,1
3268,S_NOUN_1_PASS_b,F,S,la pomme avec le clou était tombée <eos>,6,tombée,tombé,4,M,tombée,-7.4597187,tombé,-9.52355,1
3269,S_NOUN_1_PASS_b,F,S,la pomme avec le clou était utilisée <eos>,6,utilisée,utilisé,4,M,utilisée,-3.72448,utilisé,-6.096157,1
3270,S_NOUN_1_PASS_b,F,S,la pomme avec le billet était achetée <eos>,6,achetée,acheté,4,M,achetée,-8.4833765,acheté,-8.536834,1
3271,S_NOUN_1_PASS_b,F,S,la pomme avec le billet était brisée <eos>,6,brisée,brisé,4,M,brisée,-10.449347,brisé,-10.812974,1
3272,S_NOUN_1_PASS_b,F,S,la pomme avec le billet était cachée <eos>,6,cachée,caché,4,M,cachée,-8.923704,caché,-8.246307,0
3273,S_NOUN_1_PASS_b,F,S,la pomme avec le billet était cassée <eos>,6,cassée,cassé,4,M,cassée,-10.556663,cassé,-9.904478,0
3274,S_NOUN_1_PASS_b,F,S,la pomme avec le billet était couverte <eos>,6,couverte,couvert,4,M,couverte,-7.750654,couvert,-7.8391905,1
3275,S_NOUN_1_PASS_b,F,S,la pomme avec le billet était déformée <eos>,6,déformée,déformé,4,M,déformée,-10.860583,déformé,-11.585393,1
3276,S_NOUN_1_PASS_b,F,S,la pomme avec le billet était fixée <eos>,6,fixée,fixé,4,M,fixée,-6.8632812,fixé,-6.777356,0
3277,S_NOUN_1_PASS_b,F,S,la pomme avec le billet était jetée <eos>,6,jetée,jeté,4,M,jetée,-8.669872,jeté,-9.378129,1
3278,S_NOUN_1_PASS_b,F,S,la pomme avec le billet était laissée <eos>,6,laissée,laissé,4,M,laissée,-8.911867,laissé,-9.0737,1
3279,S_NOUN_1_PASS_b,F,S,la pomme avec le billet était ouverte <eos>,6,ouverte,ouvert,4,M,ouverte,-7.8046,ouvert,-9.244701,1
3280,S_NOUN_1_PASS_b,F,S,la pomme avec le billet était perdue <eos>,6,perdue,perdu,4,M,perdue,-9.082412,perdu,-8.674764,0
3281,S_NOUN_1_PASS_b,F,S,la pomme avec le billet était réparée <eos>,6,réparée,réparé,4,M,réparée,-12.395611,réparé,-12.376448,0
3282,S_NOUN_1_PASS_b,F,S,la pomme avec le billet était retirée <eos>,6,retirée,retiré,4,M,retirée,-8.2549925,retiré,-7.5333943,0
3283,S_NOUN_1_PASS_b,F,S,la pomme avec le billet était tombée <eos>,6,tombée,tombé,4,M,tombée,-8.740654,tombé,-8.405996,0
3284,S_NOUN_1_PASS_b,F,S,la pomme avec le billet était utilisée <eos>,6,utilisée,utilisé,4,M,utilisée,-5.21637,utilisé,-5.3632607,1
3285,S_NOUN_1_PASS_b,F,S,la pomme avec le légume était achetée <eos>,6,achetée,acheté,4,M,achetée,-9.93816,acheté,-10.326756,1
3286,S_NOUN_1_PASS_b,F,S,la pomme avec le légume était brisée <eos>,6,brisée,brisé,4,M,brisée,-11.4224205,brisé,-12.033365,1
3287,S_NOUN_1_PASS_b,F,S,la pomme avec le légume était cachée <eos>,6,cachée,caché,4,M,cachée,-8.94684,caché,-9.696832,1
3288,S_NOUN_1_PASS_b,F,S,la pomme avec le légume était cassée <eos>,6,cassée,cassé,4,M,cassée,-10.61569,cassé,-11.624098,1
3289,S_NOUN_1_PASS_b,F,S,la pomme avec le légume était couverte <eos>,6,couverte,couvert,4,M,couverte,-7.1731853,couvert,-9.3078,1
3290,S_NOUN_1_PASS_b,F,S,la pomme avec le légume était déformée <eos>,6,déformée,déformé,4,M,déformée,-11.786295,déformé,-13.648376,1
3291,S_NOUN_1_PASS_b,F,S,la pomme avec le légume était fixée <eos>,6,fixée,fixé,4,M,fixée,-8.087259,fixé,-8.969192,1
3292,S_NOUN_1_PASS_b,F,S,la pomme avec le légume était jetée <eos>,6,jetée,jeté,4,M,jetée,-9.759611,jeté,-11.650786,1
3293,S_NOUN_1_PASS_b,F,S,la pomme avec le légume était laissée <eos>,6,laissée,laissé,4,M,laissée,-8.646848,laissé,-10.385185,1
3294,S_NOUN_1_PASS_b,F,S,la pomme avec le légume était ouverte <eos>,6,ouverte,ouvert,4,M,ouverte,-7.986889,ouvert,-10.35658,1
3295,S_NOUN_1_PASS_b,F,S,la pomme avec le légume était perdue <eos>,6,perdue,perdu,4,M,perdue,-9.1962805,perdu,-10.970112,1
3296,S_NOUN_1_PASS_b,F,S,la pomme avec le légume était réparée <eos>,6,réparée,réparé,4,M,réparée,-14.049965,réparé,-13.391714,0
3297,S_NOUN_1_PASS_b,F,S,la pomme avec le légume était retirée <eos>,6,retirée,retiré,4,M,retirée,-8.603711,retiré,-9.568101,1
3298,S_NOUN_1_PASS_b,F,S,la pomme avec le légume était tombée <eos>,6,tombée,tombé,4,M,tombée,-8.409949,tombé,-9.927412,1
3299,S_NOUN_1_PASS_b,F,S,la pomme avec le légume était utilisée <eos>,6,utilisée,utilisé,4,M,utilisée,-4.4264717,utilisé,-5.7275887,1
3300,S_NOUN_1_PASS_b,F,S,la tasse avec le bracelet était achetée <eos>,6,achetée,acheté,4,M,achetée,-6.8029118,acheté,-8.957508,1
3301,S_NOUN_1_PASS_b,F,S,la tasse avec le bracelet était brisée <eos>,6,brisée,brisé,4,M,brisée,-8.010795,brisé,-10.992944,1
3302,S_NOUN_1_PASS_b,F,S,la tasse avec le bracelet était cachée <eos>,6,cachée,caché,4,M,cachée,-7.6678524,caché,-8.828389,1
3303,S_NOUN_1_PASS_b,F,S,la tasse avec le bracelet était cassée <eos>,6,cassée,cassé,4,M,cassée,-8.010733,cassé,-9.120626,1
3304,S_NOUN_1_PASS_b,F,S,la tasse avec le bracelet était couverte <eos>,6,couverte,couvert,4,M,couverte,-6.6292305,couvert,-8.826897,1
3305,S_NOUN_1_PASS_b,F,S,la tasse avec le bracelet était déformée <eos>,6,déformée,déformé,4,M,déformée,-10.659436,déformé,-12.673468,1
3306,S_NOUN_1_PASS_b,F,S,la tasse avec le bracelet était fixée <eos>,6,fixée,fixé,4,M,fixée,-5.2331347,fixé,-7.219766,1
3307,S_NOUN_1_PASS_b,F,S,la tasse avec le bracelet était jetée <eos>,6,jetée,jeté,4,M,jetée,-7.8826294,jeté,-9.81999,1
3308,S_NOUN_1_PASS_b,F,S,la tasse avec le bracelet était laissée <eos>,6,laissée,laissé,4,M,laissée,-7.386853,laissé,-9.321411,1
3309,S_NOUN_1_PASS_b,F,S,la tasse avec le bracelet était ouverte <eos>,6,ouverte,ouvert,4,M,ouverte,-5.985688,ouvert,-9.062073,1
3310,S_NOUN_1_PASS_b,F,S,la tasse avec le bracelet était perdue <eos>,6,perdue,perdu,4,M,perdue,-7.38999,perdu,-9.498027,1
3311,S_NOUN_1_PASS_b,F,S,la tasse avec le bracelet était réparée <eos>,6,réparée,réparé,4,M,réparée,-10.797539,réparé,-13.304068,1
3312,S_NOUN_1_PASS_b,F,S,la tasse avec le bracelet était retirée <eos>,6,retirée,retiré,4,M,retirée,-6.4682884,retiré,-7.8544035,1
3313,S_NOUN_1_PASS_b,F,S,la tasse avec le bracelet était tombée <eos>,6,tombée,tombé,4,M,tombée,-8.251683,tombé,-9.234079,1
3314,S_NOUN_1_PASS_b,F,S,la tasse avec le bracelet était utilisée <eos>,6,utilisée,utilisé,4,M,utilisée,-3.789803,utilisé,-5.7376657,1
3315,S_NOUN_1_PASS_b,F,S,la tasse avec le miroir était achetée <eos>,6,achetée,acheté,4,M,achetée,-7.1801662,acheté,-9.342887,1
3316,S_NOUN_1_PASS_b,F,S,la tasse avec le miroir était brisée <eos>,6,brisée,brisé,4,M,brisée,-7.124881,brisé,-10.653767,1
3317,S_NOUN_1_PASS_b,F,S,la tasse avec le miroir était cachée <eos>,6,cachée,caché,4,M,cachée,-6.9781947,caché,-8.638075,1
3318,S_NOUN_1_PASS_b,F,S,la tasse avec le miroir était cassée <eos>,6,cassée,cassé,4,M,cassée,-7.7610703,cassé,-8.485107,1
3319,S_NOUN_1_PASS_b,F,S,la tasse avec le miroir était couverte <eos>,6,couverte,couvert,4,M,couverte,-6.148991,couvert,-8.6896515,1
3320,S_NOUN_1_PASS_b,F,S,la tasse avec le miroir était déformée <eos>,6,déformée,déformé,4,M,déformée,-9.665758,déformé,-12.560522,1
3321,S_NOUN_1_PASS_b,F,S,la tasse avec le miroir était fixée <eos>,6,fixée,fixé,4,M,fixée,-6.0351305,fixé,-8.031935,1
3322,S_NOUN_1_PASS_b,F,S,la tasse avec le miroir était jetée <eos>,6,jetée,jeté,4,M,jetée,-7.776286,jeté,-10.110726,1
3323,S_NOUN_1_PASS_b,F,S,la tasse avec le miroir était laissée <eos>,6,laissée,laissé,4,M,laissée,-7.1540947,laissé,-9.635147,1
3324,S_NOUN_1_PASS_b,F,S,la tasse avec le miroir était ouverte <eos>,6,ouverte,ouvert,4,M,ouverte,-5.939283,ouvert,-9.5545845,1
3325,S_NOUN_1_PASS_b,F,S,la tasse avec le miroir était perdue <eos>,6,perdue,perdu,4,M,perdue,-7.3040457,perdu,-10.22894,1
3326,S_NOUN_1_PASS_b,F,S,la tasse avec le miroir était réparée <eos>,6,réparée,réparé,4,M,réparée,-10.645745,réparé,-12.817753,1
3327,S_NOUN_1_PASS_b,F,S,la tasse avec le miroir était retirée <eos>,6,retirée,retiré,4,M,retirée,-5.954459,retiré,-8.146173,1
3328,S_NOUN_1_PASS_b,F,S,la tasse avec le miroir était tombée <eos>,6,tombée,tombé,4,M,tombée,-8.271997,tombé,-9.760865,1
3329,S_NOUN_1_PASS_b,F,S,la tasse avec le miroir était utilisée <eos>,6,utilisée,utilisé,4,M,utilisée,-3.9891706,utilisé,-6.1638436,1
3330,S_NOUN_1_PASS_b,F,S,la tasse avec le crayon était achetée <eos>,6,achetée,acheté,4,M,achetée,-7.0719805,acheté,-10.035339,1
3331,S_NOUN_1_PASS_b,F,S,la tasse avec le crayon était brisée <eos>,6,brisée,brisé,4,M,brisée,-8.578091,brisé,-13.060018,1
3332,S_NOUN_1_PASS_b,F,S,la tasse avec le crayon était cachée <eos>,6,cachée,caché,4,M,cachée,-7.8821125,caché,-9.6418295,1
3333,S_NOUN_1_PASS_b,F,S,la tasse avec le crayon était cassée <eos>,6,cassée,cassé,4,M,cassée,-8.347736,cassé,-11.16584,1
3334,S_NOUN_1_PASS_b,F,S,la tasse avec le crayon était couverte <eos>,6,couverte,couvert,4,M,couverte,-6.7826242,couvert,-10.093661,1
3335,S_NOUN_1_PASS_b,F,S,la tasse avec le crayon était déformée <eos>,6,déformée,déformé,4,M,déformée,-9.455009,déformé,-13.252056,1
3336,S_NOUN_1_PASS_b,F,S,la tasse avec le crayon était fixée <eos>,6,fixée,fixé,4,M,fixée,-7.136877,fixé,-9.35994,1
3337,S_NOUN_1_PASS_b,F,S,la tasse avec le crayon était jetée <eos>,6,jetée,jeté,4,M,jetée,-7.9518166,jeté,-11.262285,1
3338,S_NOUN_1_PASS_b,F,S,la tasse avec le crayon était laissée <eos>,6,laissée,laissé,4,M,laissée,-6.977672,laissé,-10.546293,1
3339,S_NOUN_1_PASS_b,F,S,la tasse avec le crayon était ouverte <eos>,6,ouverte,ouvert,4,M,ouverte,-6.1296945,ouvert,-10.277018,1
3340,S_NOUN_1_PASS_b,F,S,la tasse avec le crayon était perdue <eos>,6,perdue,perdu,4,M,perdue,-7.3130918,perdu,-10.085459,1
3341,S_NOUN_1_PASS_b,F,S,la tasse avec le crayon était réparée <eos>,6,réparée,réparé,4,M,réparée,-10.9379015,réparé,-14.000805,1
3342,S_NOUN_1_PASS_b,F,S,la tasse avec le crayon était retirée <eos>,6,retirée,retiré,4,M,retirée,-6.638261,retiré,-8.365738,1
3343,S_NOUN_1_PASS_b,F,S,la tasse avec le crayon était tombée <eos>,6,tombée,tombé,4,M,tombée,-8.281902,tombé,-10.269372,1
3344,S_NOUN_1_PASS_b,F,S,la tasse avec le crayon était utilisée <eos>,6,utilisée,utilisé,4,M,utilisée,-2.9747746,utilisé,-5.9566298,1
3345,S_NOUN_1_PASS_b,F,S,la tasse avec le rideau était achetée <eos>,6,achetée,acheté,4,M,achetée,-7.4881763,acheté,-9.831935,1
3346,S_NOUN_1_PASS_b,F,S,la tasse avec le rideau était brisée <eos>,6,brisée,brisé,4,M,brisée,-6.985291,brisé,-10.468958,1
3347,S_NOUN_1_PASS_b,F,S,la tasse avec le rideau était cachée <eos>,6,cachée,caché,4,M,cachée,-7.325494,caché,-8.886689,1
3348,S_NOUN_1_PASS_b,F,S,la tasse avec le rideau était cassée <eos>,6,cassée,cassé,4,M,cassée,-8.12154,cassé,-8.800772,1
3349,S_NOUN_1_PASS_b,F,S,la tasse avec le rideau était couverte <eos>,6,couverte,couvert,4,M,couverte,-6.5945716,couvert,-8.845917,1
3350,S_NOUN_1_PASS_b,F,S,la tasse avec le rideau était déformée <eos>,6,déformée,déformé,4,M,déformée,-9.237579,déformé,-12.348881,1
3351,S_NOUN_1_PASS_b,F,S,la tasse avec le rideau était fixée <eos>,6,fixée,fixé,4,M,fixée,-6.6387553,fixé,-8.624434,1
3352,S_NOUN_1_PASS_b,F,S,la tasse avec le rideau était jetée <eos>,6,jetée,jeté,4,M,jetée,-8.010781,jeté,-10.625296,1
3353,S_NOUN_1_PASS_b,F,S,la tasse avec le rideau était laissée <eos>,6,laissée,laissé,4,M,laissée,-7.162546,laissé,-9.769676,1
3354,S_NOUN_1_PASS_b,F,S,la tasse avec le rideau était ouverte <eos>,6,ouverte,ouvert,4,M,ouverte,-6.140135,ouvert,-9.209108,1
3355,S_NOUN_1_PASS_b,F,S,la tasse avec le rideau était perdue <eos>,6,perdue,perdu,4,M,perdue,-8.183945,perdu,-10.297007,1
3356,S_NOUN_1_PASS_b,F,S,la tasse avec le rideau était réparée <eos>,6,réparée,réparé,4,M,réparée,-10.544626,réparé,-12.119257,1
3357,S_NOUN_1_PASS_b,F,S,la tasse avec le rideau était retirée <eos>,6,retirée,retiré,4,M,retirée,-5.1429043,retiré,-7.725868,1
3358,S_NOUN_1_PASS_b,F,S,la tasse avec le rideau était tombée <eos>,6,tombée,tombé,4,M,tombée,-8.080143,tombé,-9.245085,1
3359,S_NOUN_1_PASS_b,F,S,la tasse avec le rideau était utilisée <eos>,6,utilisée,utilisé,4,M,utilisée,-3.878604,utilisé,-6.2458763,1
3360,S_NOUN_1_PASS_b,F,S,la tasse avec le cahier était achetée <eos>,6,achetée,acheté,4,M,achetée,-7.0060444,acheté,-8.698511,1
3361,S_NOUN_1_PASS_b,F,S,la tasse avec le cahier était brisée <eos>,6,brisée,brisé,4,M,brisée,-8.610887,brisé,-11.430086,1
3362,S_NOUN_1_PASS_b,F,S,la tasse avec le cahier était cachée <eos>,6,cachée,caché,4,M,cachée,-8.876181,caché,-8.876652,1
3363,S_NOUN_1_PASS_b,F,S,la tasse avec le cahier était cassée <eos>,6,cassée,cassé,4,M,cassée,-9.096251,cassé,-10.047458,1
3364,S_NOUN_1_PASS_b,F,S,la tasse avec le cahier était couverte <eos>,6,couverte,couvert,4,M,couverte,-6.643465,couvert,-8.880162,1
3365,S_NOUN_1_PASS_b,F,S,la tasse avec le cahier était déformée <eos>,6,déformée,déformé,4,M,déformée,-10.546197,déformé,-12.523439,1
3366,S_NOUN_1_PASS_b,F,S,la tasse avec le cahier était fixée <eos>,6,fixée,fixé,4,M,fixée,-6.0765347,fixé,-7.283953,1
3367,S_NOUN_1_PASS_b,F,S,la tasse avec le cahier était jetée <eos>,6,jetée,jeté,4,M,jetée,-8.410938,jeté,-10.52594,1
3368,S_NOUN_1_PASS_b,F,S,la tasse avec le cahier était laissée <eos>,6,laissée,laissé,4,M,laissée,-7.607252,laissé,-9.462244,1
3369,S_NOUN_1_PASS_b,F,S,la tasse avec le cahier était ouverte <eos>,6,ouverte,ouvert,4,M,ouverte,-6.059204,ouvert,-8.122813,1
3370,S_NOUN_1_PASS_b,F,S,la tasse avec le cahier était perdue <eos>,6,perdue,perdu,4,M,perdue,-7.8417645,perdu,-8.90558,1
3371,S_NOUN_1_PASS_b,F,S,la tasse avec le cahier était réparée <eos>,6,réparée,réparé,4,M,réparée,-11.068346,réparé,-13.0438595,1
3372,S_NOUN_1_PASS_b,F,S,la tasse avec le cahier était retirée <eos>,6,retirée,retiré,4,M,retirée,-5.620194,retiré,-6.3669286,1
3373,S_NOUN_1_PASS_b,F,S,la tasse avec le cahier était tombée <eos>,6,tombée,tombé,4,M,tombée,-8.972927,tombé,-9.759367,1
3374,S_NOUN_1_PASS_b,F,S,la tasse avec le cahier était utilisée <eos>,6,utilisée,utilisé,4,M,utilisée,-3.8624544,utilisé,-5.33978,1
3375,S_NOUN_1_PASS_b,F,S,la tasse avec le micro était achetée <eos>,6,achetée,acheté,4,M,achetée,-7.7525015,acheté,-10.019778,1
3376,S_NOUN_1_PASS_b,F,S,la tasse avec le micro était brisée <eos>,6,brisée,brisé,4,M,brisée,-8.133289,brisé,-11.092754,1
3377,S_NOUN_1_PASS_b,F,S,la tasse avec le micro était cachée <eos>,6,cachée,caché,4,M,cachée,-8.093716,caché,-9.22374,1
3378,S_NOUN_1_PASS_b,F,S,la tasse avec le micro était cassée <eos>,6,cassée,cassé,4,M,cassée,-7.514614,cassé,-8.777839,1
3379,S_NOUN_1_PASS_b,F,S,la tasse avec le micro était couverte <eos>,6,couverte,couvert,4,M,couverte,-6.7803764,couvert,-9.306045,1
3380,S_NOUN_1_PASS_b,F,S,la tasse avec le micro était déformée <eos>,6,déformée,déformé,4,M,déformée,-9.540066,déformé,-12.554739,1
3381,S_NOUN_1_PASS_b,F,S,la tasse avec le micro était fixée <eos>,6,fixée,fixé,4,M,fixée,-6.312482,fixé,-8.127925,1
3382,S_NOUN_1_PASS_b,F,S,la tasse avec le micro était jetée <eos>,6,jetée,jeté,4,M,jetée,-8.419451,jeté,-10.961691,1
3383,S_NOUN_1_PASS_b,F,S,la tasse avec le micro était laissée <eos>,6,laissée,laissé,4,M,laissée,-7.7756796,laissé,-10.388801,1
3384,S_NOUN_1_PASS_b,F,S,la tasse avec le micro était ouverte <eos>,6,ouverte,ouvert,4,M,ouverte,-6.3232317,ouvert,-9.270848,1
3385,S_NOUN_1_PASS_b,F,S,la tasse avec le micro était perdue <eos>,6,perdue,perdu,4,M,perdue,-7.9520283,perdu,-10.665138,1
3386,S_NOUN_1_PASS_b,F,S,la tasse avec le micro était réparée <eos>,6,réparée,réparé,4,M,réparée,-11.391384,réparé,-14.013328,1
3387,S_NOUN_1_PASS_b,F,S,la tasse avec le micro était retirée <eos>,6,retirée,retiré,4,M,retirée,-6.29344,retiré,-7.9706297,1
3388,S_NOUN_1_PASS_b,F,S,la tasse avec le micro était tombée <eos>,6,tombée,tombé,4,M,tombée,-8.641194,tombé,-9.567901,1
3389,S_NOUN_1_PASS_b,F,S,la tasse avec le micro était utilisée <eos>,6,utilisée,utilisé,4,M,utilisée,-4.1730576,utilisé,-6.383854,1
3390,S_NOUN_1_PASS_b,F,S,la tasse avec le sac était achetée <eos>,6,achetée,acheté,4,M,achetée,-6.461469,acheté,-8.976147,1
3391,S_NOUN_1_PASS_b,F,S,la tasse avec le sac était brisée <eos>,6,brisée,brisé,4,M,brisée,-7.607623,brisé,-11.192301,1
3392,S_NOUN_1_PASS_b,F,S,la tasse avec le sac était cachée <eos>,6,cachée,caché,4,M,cachée,-6.677285,caché,-8.569601,1
3393,S_NOUN_1_PASS_b,F,S,la tasse avec le sac était cassée <eos>,6,cassée,cassé,4,M,cassée,-7.3859625,cassé,-9.506214,1
3394,S_NOUN_1_PASS_b,F,S,la tasse avec le sac était couverte <eos>,6,couverte,couvert,4,M,couverte,-5.9936905,couvert,-9.07748,1
3395,S_NOUN_1_PASS_b,F,S,la tasse avec le sac était déformée <eos>,6,déformée,déformé,4,M,déformée,-9.7501955,déformé,-12.344004,1
3396,S_NOUN_1_PASS_b,F,S,la tasse avec le sac était fixée <eos>,6,fixée,fixé,4,M,fixée,-5.9275947,fixé,-8.048998,1
3397,S_NOUN_1_PASS_b,F,S,la tasse avec le sac était jetée <eos>,6,jetée,jeté,4,M,jetée,-6.471743,jeté,-9.9337,1
3398,S_NOUN_1_PASS_b,F,S,la tasse avec le sac était laissée <eos>,6,laissée,laissé,4,M,laissée,-6.655936,laissé,-9.285473,1
3399,S_NOUN_1_PASS_b,F,S,la tasse avec le sac était ouverte <eos>,6,ouverte,ouvert,4,M,ouverte,-5.4622936,ouvert,-9.072823,1
3400,S_NOUN_1_PASS_b,F,S,la tasse avec le sac était perdue <eos>,6,perdue,perdu,4,M,perdue,-6.4982796,perdu,-9.846058,1
3401,S_NOUN_1_PASS_b,F,S,la tasse avec le sac était réparée <eos>,6,réparée,réparé,4,M,réparée,-10.552819,réparé,-12.769884,1
3402,S_NOUN_1_PASS_b,F,S,la tasse avec le sac était retirée <eos>,6,retirée,retiré,4,M,retirée,-5.1754656,retiré,-7.147456,1
3403,S_NOUN_1_PASS_b,F,S,la tasse avec le sac était tombée <eos>,6,tombée,tombé,4,M,tombée,-8.563248,tombé,-10.409995,1
3404,S_NOUN_1_PASS_b,F,S,la tasse avec le sac était utilisée <eos>,6,utilisée,utilisé,4,M,utilisée,-3.8429046,utilisé,-6.457029,1
3405,S_NOUN_1_PASS_b,F,S,la tasse avec le clavier était achetée <eos>,6,achetée,acheté,4,M,achetée,-8.348867,acheté,-10.135285,1
3406,S_NOUN_1_PASS_b,F,S,la tasse avec le clavier était brisée <eos>,6,brisée,brisé,4,M,brisée,-8.598919,brisé,-12.39535,1
3407,S_NOUN_1_PASS_b,F,S,la tasse avec le clavier était cachée <eos>,6,cachée,caché,4,M,cachée,-7.4393992,caché,-9.298727,1
3408,S_NOUN_1_PASS_b,F,S,la tasse avec le clavier était cassée <eos>,6,cassée,cassé,4,M,cassée,-7.6346602,cassé,-9.530789,1
3409,S_NOUN_1_PASS_b,F,S,la tasse avec le clavier était couverte <eos>,6,couverte,couvert,4,M,couverte,-6.5431914,couvert,-9.690405,1
3410,S_NOUN_1_PASS_b,F,S,la tasse avec le clavier était déformée <eos>,6,déformée,déformé,4,M,déformée,-9.31557,déformé,-13.411513,1
3411,S_NOUN_1_PASS_b,F,S,la tasse avec le clavier était fixée <eos>,6,fixée,fixé,4,M,fixée,-5.611006,fixé,-7.961644,1
3412,S_NOUN_1_PASS_b,F,S,la tasse avec le clavier était jetée <eos>,6,jetée,jeté,4,M,jetée,-9.282555,jeté,-11.894125,1
3413,S_NOUN_1_PASS_b,F,S,la tasse avec le clavier était laissée <eos>,6,laissée,laissé,4,M,laissée,-8.066945,laissé,-10.764163,1
3414,S_NOUN_1_PASS_b,F,S,la tasse avec le clavier était ouverte <eos>,6,ouverte,ouvert,4,M,ouverte,-5.999451,ouvert,-9.30946,1
3415,S_NOUN_1_PASS_b,F,S,la tasse avec le clavier était perdue <eos>,6,perdue,perdu,4,M,perdue,-8.4184,perdu,-10.746754,1
3416,S_NOUN_1_PASS_b,F,S,la tasse avec le clavier était réparée <eos>,6,réparée,réparé,4,M,réparée,-10.657275,réparé,-13.753707,1
3417,S_NOUN_1_PASS_b,F,S,la tasse avec le clavier était retirée <eos>,6,retirée,retiré,4,M,retirée,-6.69042,retiré,-7.983102,1
3418,S_NOUN_1_PASS_b,F,S,la tasse avec le clavier était tombée <eos>,6,tombée,tombé,4,M,tombée,-8.105129,tombé,-10.0924015,1
3419,S_NOUN_1_PASS_b,F,S,la tasse avec le clavier était utilisée <eos>,6,utilisée,utilisé,4,M,utilisée,-3.8433485,utilisé,-6.154524,1
3420,S_NOUN_1_PASS_b,F,S,la tasse avec le raisin était achetée <eos>,6,achetée,acheté,4,M,achetée,-6.956796,acheté,-9.709705,1
3421,S_NOUN_1_PASS_b,F,S,la tasse avec le raisin était brisée <eos>,6,brisée,brisé,4,M,brisée,-8.766157,brisé,-13.659286,1
3422,S_NOUN_1_PASS_b,F,S,la tasse avec le raisin était cachée <eos>,6,cachée,caché,4,M,cachée,-8.584706,caché,-10.359377,1
3423,S_NOUN_1_PASS_b,F,S,la tasse avec le raisin était cassée <eos>,6,cassée,cassé,4,M,cassée,-8.216447,cassé,-10.424484,1
3424,S_NOUN_1_PASS_b,F,S,la tasse avec le raisin était couverte <eos>,6,couverte,couvert,4,M,couverte,-7.082522,couvert,-10.121073,1
3425,S_NOUN_1_PASS_b,F,S,la tasse avec le raisin était déformée <eos>,6,déformée,déformé,4,M,déformée,-10.168388,déformé,-13.951881,1
3426,S_NOUN_1_PASS_b,F,S,la tasse avec le raisin était fixée <eos>,6,fixée,fixé,4,M,fixée,-6.487241,fixé,-8.924039,1
3427,S_NOUN_1_PASS_b,F,S,la tasse avec le raisin était jetée <eos>,6,jetée,jeté,4,M,jetée,-7.3183346,jeté,-11.062462,1
3428,S_NOUN_1_PASS_b,F,S,la tasse avec le raisin était laissée <eos>,6,laissée,laissé,4,M,laissée,-7.0230627,laissé,-10.26726,1
3429,S_NOUN_1_PASS_b,F,S,la tasse avec le raisin était ouverte <eos>,6,ouverte,ouvert,4,M,ouverte,-6.350154,ouvert,-10.343342,1
3430,S_NOUN_1_PASS_b,F,S,la tasse avec le raisin était perdue <eos>,6,perdue,perdu,4,M,perdue,-7.5071764,perdu,-10.609509,1
3431,S_NOUN_1_PASS_b,F,S,la tasse avec le raisin était réparée <eos>,6,réparée,réparé,4,M,réparée,-11.588396,réparé,-13.648848,1
3432,S_NOUN_1_PASS_b,F,S,la tasse avec le raisin était retirée <eos>,6,retirée,retiré,4,M,retirée,-5.968131,retiré,-8.434601,1
3433,S_NOUN_1_PASS_b,F,S,la tasse avec le raisin était tombée <eos>,6,tombée,tombé,4,M,tombée,-7.6319523,tombé,-10.962009,1
3434,S_NOUN_1_PASS_b,F,S,la tasse avec le raisin était utilisée <eos>,6,utilisée,utilisé,4,M,utilisée,-3.7107427,utilisé,-6.6115675,1
3435,S_NOUN_1_PASS_b,F,S,la tasse avec le chargeur était achetée <eos>,6,achetée,acheté,4,M,achetée,-8.160233,acheté,-9.781069,1
3436,S_NOUN_1_PASS_b,F,S,la tasse avec le chargeur était brisée <eos>,6,brisée,brisé,4,M,brisée,-8.592657,brisé,-11.53934,1
3437,S_NOUN_1_PASS_b,F,S,la tasse avec le chargeur était cachée <eos>,6,cachée,caché,4,M,cachée,-7.600159,caché,-9.423159,1
3438,S_NOUN_1_PASS_b,F,S,la tasse avec le chargeur était cassée <eos>,6,cassée,cassé,4,M,cassée,-7.0379066,cassé,-9.932138,1
3439,S_NOUN_1_PASS_b,F,S,la tasse avec le chargeur était couverte <eos>,6,couverte,couvert,4,M,couverte,-6.7150197,couvert,-9.550991,1
3440,S_NOUN_1_PASS_b,F,S,la tasse avec le chargeur était déformée <eos>,6,déformée,déformé,4,M,déformée,-9.518008,déformé,-13.208132,1
3441,S_NOUN_1_PASS_b,F,S,la tasse avec le chargeur était fixée <eos>,6,fixée,fixé,4,M,fixée,-6.044832,fixé,-8.341196,1
3442,S_NOUN_1_PASS_b,F,S,la tasse avec le chargeur était jetée <eos>,6,jetée,jeté,4,M,jetée,-8.123232,jeté,-11.4838,1
3443,S_NOUN_1_PASS_b,F,S,la tasse avec le chargeur était laissée <eos>,6,laissée,laissé,4,M,laissée,-7.5179815,laissé,-10.113598,1
3444,S_NOUN_1_PASS_b,F,S,la tasse avec le chargeur était ouverte <eos>,6,ouverte,ouvert,4,M,ouverte,-6.2578,ouvert,-9.732565,1
3445,S_NOUN_1_PASS_b,F,S,la tasse avec le chargeur était perdue <eos>,6,perdue,perdu,4,M,perdue,-8.311275,perdu,-10.091853,1
3446,S_NOUN_1_PASS_b,F,S,la tasse avec le chargeur était réparée <eos>,6,réparée,réparé,4,M,réparée,-9.971918,réparé,-13.497876,1
3447,S_NOUN_1_PASS_b,F,S,la tasse avec le chargeur était retirée <eos>,6,retirée,retiré,4,M,retirée,-5.724435,retiré,-7.5096817,1
3448,S_NOUN_1_PASS_b,F,S,la tasse avec le chargeur était tombée <eos>,6,tombée,tombé,4,M,tombée,-9.396061,tombé,-10.91037,1
3449,S_NOUN_1_PASS_b,F,S,la tasse avec le chargeur était utilisée <eos>,6,utilisée,utilisé,4,M,utilisée,-4.176632,utilisé,-6.6741543,1
3450,S_NOUN_1_PASS_b,F,S,la tasse avec le vase était achetée <eos>,6,achetée,acheté,4,M,achetée,-7.016046,acheté,-9.418341,1
3451,S_NOUN_1_PASS_b,F,S,la tasse avec le vase était brisée <eos>,6,brisée,brisé,4,M,brisée,-7.3065395,brisé,-10.872373,1
3452,S_NOUN_1_PASS_b,F,S,la tasse avec le vase était cachée <eos>,6,cachée,caché,4,M,cachée,-7.162531,caché,-9.146564,1
3453,S_NOUN_1_PASS_b,F,S,la tasse avec le vase était cassée <eos>,6,cassée,cassé,4,M,cassée,-7.6196756,cassé,-9.8360815,1
3454,S_NOUN_1_PASS_b,F,S,la tasse avec le vase était couverte <eos>,6,couverte,couvert,4,M,couverte,-5.6869984,couvert,-8.959045,1
3455,S_NOUN_1_PASS_b,F,S,la tasse avec le vase était déformée <eos>,6,déformée,déformé,4,M,déformée,-10.227087,déformé,-12.739887,1
3456,S_NOUN_1_PASS_b,F,S,la tasse avec le vase était fixée <eos>,6,fixée,fixé,4,M,fixée,-6.3031387,fixé,-8.476864,1
3457,S_NOUN_1_PASS_b,F,S,la tasse avec le vase était jetée <eos>,6,jetée,jeté,4,M,jetée,-6.8872223,jeté,-9.835343,1
3458,S_NOUN_1_PASS_b,F,S,la tasse avec le vase était laissée <eos>,6,laissée,laissé,4,M,laissée,-6.8517866,laissé,-9.282145,1
3459,S_NOUN_1_PASS_b,F,S,la tasse avec le vase était ouverte <eos>,6,ouverte,ouvert,4,M,ouverte,-5.897111,ouvert,-9.611094,1
3460,S_NOUN_1_PASS_b,F,S,la tasse avec le vase était perdue <eos>,6,perdue,perdu,4,M,perdue,-6.339776,perdu,-9.146631,1
3461,S_NOUN_1_PASS_b,F,S,la tasse avec le vase était réparée <eos>,6,réparée,réparé,4,M,réparée,-10.403063,réparé,-12.705118,1
3462,S_NOUN_1_PASS_b,F,S,la tasse avec le vase était retirée <eos>,6,retirée,retiré,4,M,retirée,-5.652775,retiré,-8.445418,1
3463,S_NOUN_1_PASS_b,F,S,la tasse avec le vase était tombée <eos>,6,tombée,tombé,4,M,tombée,-7.3869824,tombé,-9.901089,1
3464,S_NOUN_1_PASS_b,F,S,la tasse avec le vase était utilisée <eos>,6,utilisée,utilisé,4,M,utilisée,-3.7268343,utilisé,-6.4224215,1
3465,S_NOUN_1_PASS_b,F,S,la tasse avec le panier était achetée <eos>,6,achetée,acheté,4,M,achetée,-8.133978,acheté,-9.750291,1
3466,S_NOUN_1_PASS_b,F,S,la tasse avec le panier était brisée <eos>,6,brisée,brisé,4,M,brisée,-8.374046,brisé,-11.302162,1
3467,S_NOUN_1_PASS_b,F,S,la tasse avec le panier était cachée <eos>,6,cachée,caché,4,M,cachée,-7.524027,caché,-9.043558,1
3468,S_NOUN_1_PASS_b,F,S,la tasse avec le panier était cassée <eos>,6,cassée,cassé,4,M,cassée,-7.877369,cassé,-9.786145,1
3469,S_NOUN_1_PASS_b,F,S,la tasse avec le panier était couverte <eos>,6,couverte,couvert,4,M,couverte,-6.671889,couvert,-8.846075,1
3470,S_NOUN_1_PASS_b,F,S,la tasse avec le panier était déformée <eos>,6,déformée,déformé,4,M,déformée,-9.721893,déformé,-13.162117,1
3471,S_NOUN_1_PASS_b,F,S,la tasse avec le panier était fixée <eos>,6,fixée,fixé,4,M,fixée,-6.5504456,fixé,-7.975713,1
3472,S_NOUN_1_PASS_b,F,S,la tasse avec le panier était jetée <eos>,6,jetée,jeté,4,M,jetée,-7.5231876,jeté,-11.15113,1
3473,S_NOUN_1_PASS_b,F,S,la tasse avec le panier était laissée <eos>,6,laissée,laissé,4,M,laissée,-6.85732,laissé,-9.799572,1
3474,S_NOUN_1_PASS_b,F,S,la tasse avec le panier était ouverte <eos>,6,ouverte,ouvert,4,M,ouverte,-6.4234247,ouvert,-9.255039,1
3475,S_NOUN_1_PASS_b,F,S,la tasse avec le panier était perdue <eos>,6,perdue,perdu,4,M,perdue,-8.342656,perdu,-10.556712,1
3476,S_NOUN_1_PASS_b,F,S,la tasse avec le panier était réparée <eos>,6,réparée,réparé,4,M,réparée,-11.571804,réparé,-13.398158,1
3477,S_NOUN_1_PASS_b,F,S,la tasse avec le panier était retirée <eos>,6,retirée,retiré,4,M,retirée,-6.093074,retiré,-8.111555,1
3478,S_NOUN_1_PASS_b,F,S,la tasse avec le panier était tombée <eos>,6,tombée,tombé,4,M,tombée,-8.391218,tombé,-9.833342,1
3479,S_NOUN_1_PASS_b,F,S,la tasse avec le panier était utilisée <eos>,6,utilisée,utilisé,4,M,utilisée,-4.2781453,utilisé,-6.1092143,1
3480,S_NOUN_1_PASS_b,F,S,la tasse avec le collier était achetée <eos>,6,achetée,acheté,4,M,achetée,-6.862075,acheté,-8.875087,1
3481,S_NOUN_1_PASS_b,F,S,la tasse avec le collier était brisée <eos>,6,brisée,brisé,4,M,brisée,-7.932731,brisé,-10.870703,1
3482,S_NOUN_1_PASS_b,F,S,la tasse avec le collier était cachée <eos>,6,cachée,caché,4,M,cachée,-7.149758,caché,-8.418709,1
3483,S_NOUN_1_PASS_b,F,S,la tasse avec le collier était cassée <eos>,6,cassée,cassé,4,M,cassée,-8.064702,cassé,-8.902097,1
3484,S_NOUN_1_PASS_b,F,S,la tasse avec le collier était couverte <eos>,6,couverte,couvert,4,M,couverte,-6.5714717,couvert,-8.972197,1
3485,S_NOUN_1_PASS_b,F,S,la tasse avec le collier était déformée <eos>,6,déformée,déformé,4,M,déformée,-10.309328,déformé,-12.172269,1
3486,S_NOUN_1_PASS_b,F,S,la tasse avec le collier était fixée <eos>,6,fixée,fixé,4,M,fixée,-6.3760943,fixé,-7.8352027,1
3487,S_NOUN_1_PASS_b,F,S,la tasse avec le collier était jetée <eos>,6,jetée,jeté,4,M,jetée,-7.695905,jeté,-9.994358,1
3488,S_NOUN_1_PASS_b,F,S,la tasse avec le collier était laissée <eos>,6,laissée,laissé,4,M,laissée,-7.563799,laissé,-9.620934,1
3489,S_NOUN_1_PASS_b,F,S,la tasse avec le collier était ouverte <eos>,6,ouverte,ouvert,4,M,ouverte,-6.1592894,ouvert,-9.595551,1
3490,S_NOUN_1_PASS_b,F,S,la tasse avec le collier était perdue <eos>,6,perdue,perdu,4,M,perdue,-7.592482,perdu,-10.128517,1
3491,S_NOUN_1_PASS_b,F,S,la tasse avec le collier était réparée <eos>,6,réparée,réparé,4,M,réparée,-11.315182,réparé,-13.286507,1
3492,S_NOUN_1_PASS_b,F,S,la tasse avec le collier était retirée <eos>,6,retirée,retiré,4,M,retirée,-5.8476334,retiré,-7.123996,1
3493,S_NOUN_1_PASS_b,F,S,la tasse avec le collier était tombée <eos>,6,tombée,tombé,4,M,tombée,-8.486454,tombé,-9.540612,1
3494,S_NOUN_1_PASS_b,F,S,la tasse avec le collier était utilisée <eos>,6,utilisée,utilisé,4,M,utilisée,-3.7432976,utilisé,-5.7693043,1
3495,S_NOUN_1_PASS_b,F,S,la tasse avec le chapeau était achetée <eos>,6,achetée,acheté,4,M,achetée,-6.8429246,acheté,-9.426794,1
3496,S_NOUN_1_PASS_b,F,S,la tasse avec le chapeau était brisée <eos>,6,brisée,brisé,4,M,brisée,-7.937254,brisé,-12.502722,1
3497,S_NOUN_1_PASS_b,F,S,la tasse avec le chapeau était cachée <eos>,6,cachée,caché,4,M,cachée,-7.7967005,caché,-9.72887,1
3498,S_NOUN_1_PASS_b,F,S,la tasse avec le chapeau était cassée <eos>,6,cassée,cassé,4,M,cassée,-7.658674,cassé,-9.198282,1
3499,S_NOUN_1_PASS_b,F,S,la tasse avec le chapeau était couverte <eos>,6,couverte,couvert,4,M,couverte,-5.9078135,couvert,-9.69972,1
3500,S_NOUN_1_PASS_b,F,S,la tasse avec le chapeau était déformée <eos>,6,déformée,déformé,4,M,déformée,-9.23805,déformé,-12.131147,1
3501,S_NOUN_1_PASS_b,F,S,la tasse avec le chapeau était fixée <eos>,6,fixée,fixé,4,M,fixée,-6.2689443,fixé,-8.34831,1
3502,S_NOUN_1_PASS_b,F,S,la tasse avec le chapeau était jetée <eos>,6,jetée,jeté,4,M,jetée,-7.616033,jeté,-10.595211,1
3503,S_NOUN_1_PASS_b,F,S,la tasse avec le chapeau était laissée <eos>,6,laissée,laissé,4,M,laissée,-7.291816,laissé,-10.238543,1
3504,S_NOUN_1_PASS_b,F,S,la tasse avec le chapeau était ouverte <eos>,6,ouverte,ouvert,4,M,ouverte,-5.9782686,ouvert,-10.507375,1
3505,S_NOUN_1_PASS_b,F,S,la tasse avec le chapeau était perdue <eos>,6,perdue,perdu,4,M,perdue,-7.9649353,perdu,-10.662666,1
3506,S_NOUN_1_PASS_b,F,S,la tasse avec le chapeau était réparée <eos>,6,réparée,réparé,4,M,réparée,-10.840326,réparé,-13.880948,1
3507,S_NOUN_1_PASS_b,F,S,la tasse avec le chapeau était retirée <eos>,6,retirée,retiré,4,M,retirée,-5.766698,retiré,-7.440009,1
3508,S_NOUN_1_PASS_b,F,S,la tasse avec le chapeau était tombée <eos>,6,tombée,tombé,4,M,tombée,-8.512038,tombé,-9.950123,1
3509,S_NOUN_1_PASS_b,F,S,la tasse avec le chapeau était utilisée <eos>,6,utilisée,utilisé,4,M,utilisée,-3.4627967,utilisé,-6.21353,1
3510,S_NOUN_1_PASS_b,F,S,la tasse avec le pot était achetée <eos>,6,achetée,acheté,4,M,achetée,-6.5229754,acheté,-8.796793,1
3511,S_NOUN_1_PASS_b,F,S,la tasse avec le pot était brisée <eos>,6,brisée,brisé,4,M,brisée,-8.076195,brisé,-11.339537,1
3512,S_NOUN_1_PASS_b,F,S,la tasse avec le pot était cachée <eos>,6,cachée,caché,4,M,cachée,-8.0974045,caché,-9.113483,1
3513,S_NOUN_1_PASS_b,F,S,la tasse avec le pot était cassée <eos>,6,cassée,cassé,4,M,cassée,-7.986546,cassé,-9.677256,1
3514,S_NOUN_1_PASS_b,F,S,la tasse avec le pot était couverte <eos>,6,couverte,couvert,4,M,couverte,-6.8654633,couvert,-8.882795,1
3515,S_NOUN_1_PASS_b,F,S,la tasse avec le pot était déformée <eos>,6,déformée,déformé,4,M,déformée,-10.112503,déformé,-12.541495,1
3516,S_NOUN_1_PASS_b,F,S,la tasse avec le pot était fixée <eos>,6,fixée,fixé,4,M,fixée,-6.095564,fixé,-7.976679,1
3517,S_NOUN_1_PASS_b,F,S,la tasse avec le pot était jetée <eos>,6,jetée,jeté,4,M,jetée,-6.7816615,jeté,-9.925844,1
3518,S_NOUN_1_PASS_b,F,S,la tasse avec le pot était laissée <eos>,6,laissée,laissé,4,M,laissée,-6.6789985,laissé,-9.250927,1
3519,S_NOUN_1_PASS_b,F,S,la tasse avec le pot était ouverte <eos>,6,ouverte,ouvert,4,M,ouverte,-6.48561,ouvert,-9.2695,1
3520,S_NOUN_1_PASS_b,F,S,la tasse avec le pot était perdue <eos>,6,perdue,perdu,4,M,perdue,-7.6734257,perdu,-10.202553,1
3521,S_NOUN_1_PASS_b,F,S,la tasse avec le pot était réparée <eos>,6,réparée,réparé,4,M,réparée,-10.829168,réparé,-12.2204895,1
3522,S_NOUN_1_PASS_b,F,S,la tasse avec le pot était retirée <eos>,6,retirée,retiré,4,M,retirée,-5.559688,retiré,-7.292849,1
3523,S_NOUN_1_PASS_b,F,S,la tasse avec le pot était tombée <eos>,6,tombée,tombé,4,M,tombée,-7.8218594,tombé,-10.041576,1
3524,S_NOUN_1_PASS_b,F,S,la tasse avec le pot était utilisée <eos>,6,utilisée,utilisé,4,M,utilisée,-3.7992349,utilisé,-5.8120675,1
3525,S_NOUN_1_PASS_b,F,S,la tasse avec le coussin était achetée <eos>,6,achetée,acheté,4,M,achetée,-7.783333,acheté,-10.223923,1
3526,S_NOUN_1_PASS_b,F,S,la tasse avec le coussin était brisée <eos>,6,brisée,brisé,4,M,brisée,-7.6045475,brisé,-11.433343,1
3527,S_NOUN_1_PASS_b,F,S,la tasse avec le coussin était cachée <eos>,6,cachée,caché,4,M,cachée,-7.4328628,caché,-9.018576,1
3528,S_NOUN_1_PASS_b,F,S,la tasse avec le coussin était cassée <eos>,6,cassée,cassé,4,M,cassée,-6.813019,cassé,-8.743185,1
3529,S_NOUN_1_PASS_b,F,S,la tasse avec le coussin était couverte <eos>,6,couverte,couvert,4,M,couverte,-5.766042,couvert,-9.128647,1
3530,S_NOUN_1_PASS_b,F,S,la tasse avec le coussin était déformée <eos>,6,déformée,déformé,4,M,déformée,-10.475934,déformé,-13.388607,1
3531,S_NOUN_1_PASS_b,F,S,la tasse avec le coussin était fixée <eos>,6,fixée,fixé,4,M,fixée,-5.55886,fixé,-7.95382,1
3532,S_NOUN_1_PASS_b,F,S,la tasse avec le coussin était jetée <eos>,6,jetée,jeté,4,M,jetée,-8.158415,jeté,-10.932822,1
3533,S_NOUN_1_PASS_b,F,S,la tasse avec le coussin était laissée <eos>,6,laissée,laissé,4,M,laissée,-7.2456355,laissé,-10.128696,1
3534,S_NOUN_1_PASS_b,F,S,la tasse avec le coussin était ouverte <eos>,6,ouverte,ouvert,4,M,ouverte,-5.1763873,ouvert,-9.562456,1
3535,S_NOUN_1_PASS_b,F,S,la tasse avec le coussin était perdue <eos>,6,perdue,perdu,4,M,perdue,-8.419153,perdu,-10.998335,1
3536,S_NOUN_1_PASS_b,F,S,la tasse avec le coussin était réparée <eos>,6,réparée,réparé,4,M,réparée,-10.7743225,réparé,-14.447593,1
3537,S_NOUN_1_PASS_b,F,S,la tasse avec le coussin était retirée <eos>,6,retirée,retiré,4,M,retirée,-6.5342784,retiré,-8.500401,1
3538,S_NOUN_1_PASS_b,F,S,la tasse avec le coussin était tombée <eos>,6,tombée,tombé,4,M,tombée,-9.409977,tombé,-10.939478,1
3539,S_NOUN_1_PASS_b,F,S,la tasse avec le coussin était utilisée <eos>,6,utilisée,utilisé,4,M,utilisée,-3.8408146,utilisé,-6.5031443,1
3540,S_NOUN_1_PASS_b,F,S,la tasse avec le jouet était achetée <eos>,6,achetée,acheté,4,M,achetée,-7.2854204,acheté,-9.517228,1
3541,S_NOUN_1_PASS_b,F,S,la tasse avec le jouet était brisée <eos>,6,brisée,brisé,4,M,brisée,-8.218791,brisé,-11.719691,1
3542,S_NOUN_1_PASS_b,F,S,la tasse avec le jouet était cachée <eos>,6,cachée,caché,4,M,cachée,-7.547722,caché,-9.3504095,1
3543,S_NOUN_1_PASS_b,F,S,la tasse avec le jouet était cassée <eos>,6,cassée,cassé,4,M,cassée,-8.304788,cassé,-10.6032505,1
3544,S_NOUN_1_PASS_b,F,S,la tasse avec le jouet était couverte <eos>,6,couverte,couvert,4,M,couverte,-6.7051644,couvert,-9.758876,1
3545,S_NOUN_1_PASS_b,F,S,la tasse avec le jouet était déformée <eos>,6,déformée,déformé,4,M,déformée,-10.863707,déformé,-13.212576,1
3546,S_NOUN_1_PASS_b,F,S,la tasse avec le jouet était fixée <eos>,6,fixée,fixé,4,M,fixée,-6.5287156,fixé,-9.1595955,1
3547,S_NOUN_1_PASS_b,F,S,la tasse avec le jouet était jetée <eos>,6,jetée,jeté,4,M,jetée,-8.14418,jeté,-10.696925,1
3548,S_NOUN_1_PASS_b,F,S,la tasse avec le jouet était laissée <eos>,6,laissée,laissé,4,M,laissée,-7.5496607,laissé,-9.914767,1
3549,S_NOUN_1_PASS_b,F,S,la tasse avec le jouet était ouverte <eos>,6,ouverte,ouvert,4,M,ouverte,-6.2417,ouvert,-9.654154,1
3550,S_NOUN_1_PASS_b,F,S,la tasse avec le jouet était perdue <eos>,6,perdue,perdu,4,M,perdue,-8.332071,perdu,-10.643437,1
3551,S_NOUN_1_PASS_b,F,S,la tasse avec le jouet était réparée <eos>,6,réparée,réparé,4,M,réparée,-11.223875,réparé,-13.045097,1
3552,S_NOUN_1_PASS_b,F,S,la tasse avec le jouet était retirée <eos>,6,retirée,retiré,4,M,retirée,-6.381448,retiré,-8.884951,1
3553,S_NOUN_1_PASS_b,F,S,la tasse avec le jouet était tombée <eos>,6,tombée,tombé,4,M,tombée,-8.342894,tombé,-9.300364,1
3554,S_NOUN_1_PASS_b,F,S,la tasse avec le jouet était utilisée <eos>,6,utilisée,utilisé,4,M,utilisée,-3.775257,utilisé,-6.1185675,1
3555,S_NOUN_1_PASS_b,F,S,la tasse avec le clou était achetée <eos>,6,achetée,acheté,4,M,achetée,-7.1259594,acheté,-9.891285,1
3556,S_NOUN_1_PASS_b,F,S,la tasse avec le clou était brisée <eos>,6,brisée,brisé,4,M,brisée,-8.366546,brisé,-12.317776,1
3557,S_NOUN_1_PASS_b,F,S,la tasse avec le clou était cachée <eos>,6,cachée,caché,4,M,cachée,-7.4167414,caché,-9.79383,1
3558,S_NOUN_1_PASS_b,F,S,la tasse avec le clou était cassée <eos>,6,cassée,cassé,4,M,cassée,-7.965966,cassé,-10.245971,1
3559,S_NOUN_1_PASS_b,F,S,la tasse avec le clou était couverte <eos>,6,couverte,couvert,4,M,couverte,-6.1700177,couvert,-9.68018,1
3560,S_NOUN_1_PASS_b,F,S,la tasse avec le clou était déformée <eos>,6,déformée,déformé,4,M,déformée,-9.708572,déformé,-13.209493,1
3561,S_NOUN_1_PASS_b,F,S,la tasse avec le clou était fixée <eos>,6,fixée,fixé,4,M,fixée,-5.6414986,fixé,-8.168824,1
3562,S_NOUN_1_PASS_b,F,S,la tasse avec le clou était jetée <eos>,6,jetée,jeté,4,M,jetée,-7.0194073,jeté,-11.014748,1
3563,S_NOUN_1_PASS_b,F,S,la tasse avec le clou était laissée <eos>,6,laissée,laissé,4,M,laissée,-6.558988,laissé,-10.29376,1
3564,S_NOUN_1_PASS_b,F,S,la tasse avec le clou était ouverte <eos>,6,ouverte,ouvert,4,M,ouverte,-6.5291615,ouvert,-10.863444,1
3565,S_NOUN_1_PASS_b,F,S,la tasse avec le clou était perdue <eos>,6,perdue,perdu,4,M,perdue,-6.88484,perdu,-10.405201,1
3566,S_NOUN_1_PASS_b,F,S,la tasse avec le clou était réparée <eos>,6,réparée,réparé,4,M,réparée,-11.123729,réparé,-13.874513,1
3567,S_NOUN_1_PASS_b,F,S,la tasse avec le clou était retirée <eos>,6,retirée,retiré,4,M,retirée,-5.02544,retiré,-8.034536,1
3568,S_NOUN_1_PASS_b,F,S,la tasse avec le clou était tombée <eos>,6,tombée,tombé,4,M,tombée,-7.3574185,tombé,-10.261553,1
3569,S_NOUN_1_PASS_b,F,S,la tasse avec le clou était utilisée <eos>,6,utilisée,utilisé,4,M,utilisée,-3.4317815,utilisé,-6.3627987,1
3570,S_NOUN_1_PASS_b,F,S,la tasse avec le billet était achetée <eos>,6,achetée,acheté,4,M,achetée,-6.4392643,acheté,-8.078151,1
3571,S_NOUN_1_PASS_b,F,S,la tasse avec le billet était brisée <eos>,6,brisée,brisé,4,M,brisée,-9.156872,brisé,-11.457017,1
3572,S_NOUN_1_PASS_b,F,S,la tasse avec le billet était cachée <eos>,6,cachée,caché,4,M,cachée,-7.693945,caché,-8.630886,1
3573,S_NOUN_1_PASS_b,F,S,la tasse avec le billet était cassée <eos>,6,cassée,cassé,4,M,cassée,-9.190559,cassé,-9.848215,1
3574,S_NOUN_1_PASS_b,F,S,la tasse avec le billet était couverte <eos>,6,couverte,couvert,4,M,couverte,-7.1867228,couvert,-8.755391,1
3575,S_NOUN_1_PASS_b,F,S,la tasse avec le billet était déformée <eos>,6,déformée,déformé,4,M,déformée,-10.529564,déformé,-12.420311,1
3576,S_NOUN_1_PASS_b,F,S,la tasse avec le billet était fixée <eos>,6,fixée,fixé,4,M,fixée,-6.03981,fixé,-7.083317,1
3577,S_NOUN_1_PASS_b,F,S,la tasse avec le billet était jetée <eos>,6,jetée,jeté,4,M,jetée,-7.6262703,jeté,-10.017433,1
3578,S_NOUN_1_PASS_b,F,S,la tasse avec le billet était laissée <eos>,6,laissée,laissé,4,M,laissée,-7.409408,laissé,-8.811491,1
3579,S_NOUN_1_PASS_b,F,S,la tasse avec le billet était ouverte <eos>,6,ouverte,ouvert,4,M,ouverte,-6.6800857,ouvert,-9.401743,1
3580,S_NOUN_1_PASS_b,F,S,la tasse avec le billet était perdue <eos>,6,perdue,perdu,4,M,perdue,-7.809985,perdu,-8.579782,1
3581,S_NOUN_1_PASS_b,F,S,la tasse avec le billet était réparée <eos>,6,réparée,réparé,4,M,réparée,-11.340507,réparé,-12.637821,1
3582,S_NOUN_1_PASS_b,F,S,la tasse avec le billet était retirée <eos>,6,retirée,retiré,4,M,retirée,-6.078875,retiré,-6.511068,1
3583,S_NOUN_1_PASS_b,F,S,la tasse avec le billet était tombée <eos>,6,tombée,tombé,4,M,tombée,-8.049746,tombé,-9.364428,1
3584,S_NOUN_1_PASS_b,F,S,la tasse avec le billet était utilisée <eos>,6,utilisée,utilisé,4,M,utilisée,-4.5337934,utilisé,-5.807479,1
3585,S_NOUN_1_PASS_b,F,S,la tasse avec le légume était achetée <eos>,6,achetée,acheté,4,M,achetée,-7.7702503,acheté,-9.557896,1
3586,S_NOUN_1_PASS_b,F,S,la tasse avec le légume était brisée <eos>,6,brisée,brisé,4,M,brisée,-9.384245,brisé,-12.724854,1
3587,S_NOUN_1_PASS_b,F,S,la tasse avec le légume était cachée <eos>,6,cachée,caché,4,M,cachée,-7.61079,caché,-9.779812,1
3588,S_NOUN_1_PASS_b,F,S,la tasse avec le légume était cassée <eos>,6,cassée,cassé,4,M,cassée,-8.589204,cassé,-10.542791,1
3589,S_NOUN_1_PASS_b,F,S,la tasse avec le légume était couverte <eos>,6,couverte,couvert,4,M,couverte,-6.9757347,couvert,-10.1856985,1
3590,S_NOUN_1_PASS_b,F,S,la tasse avec le légume était déformée <eos>,6,déformée,déformé,4,M,déformée,-10.722555,déformé,-13.911406,1
3591,S_NOUN_1_PASS_b,F,S,la tasse avec le légume était fixée <eos>,6,fixée,fixé,4,M,fixée,-6.633833,fixé,-8.89039,1
3592,S_NOUN_1_PASS_b,F,S,la tasse avec le légume était jetée <eos>,6,jetée,jeté,4,M,jetée,-7.809995,jeté,-11.431711,1
3593,S_NOUN_1_PASS_b,F,S,la tasse avec le légume était laissée <eos>,6,laissée,laissé,4,M,laissée,-6.9741135,laissé,-10.223896,1
3594,S_NOUN_1_PASS_b,F,S,la tasse avec le légume était ouverte <eos>,6,ouverte,ouvert,4,M,ouverte,-6.4956875,ouvert,-10.68662,1
3595,S_NOUN_1_PASS_b,F,S,la tasse avec le légume était perdue <eos>,6,perdue,perdu,4,M,perdue,-7.0370216,perdu,-10.387862,1
3596,S_NOUN_1_PASS_b,F,S,la tasse avec le légume était réparée <eos>,6,réparée,réparé,4,M,réparée,-12.258831,réparé,-13.758678,1
3597,S_NOUN_1_PASS_b,F,S,la tasse avec le légume était retirée <eos>,6,retirée,retiré,4,M,retirée,-6.068631,retiré,-8.599223,1
3598,S_NOUN_1_PASS_b,F,S,la tasse avec le légume était tombée <eos>,6,tombée,tombé,4,M,tombée,-7.426831,tombé,-10.189484,1
3599,S_NOUN_1_PASS_b,F,S,la tasse avec le légume était utilisée <eos>,6,utilisée,utilisé,4,M,utilisée,-3.669821,utilisé,-6.275567,1
3600,S_NOUN_1_PASS_b,F,S,la bougie avec le bracelet était achetée <eos>,6,achetée,acheté,4,M,achetée,-8.199199,acheté,-10.993832,1
3601,S_NOUN_1_PASS_b,F,S,la bougie avec le bracelet était brisée <eos>,6,brisée,brisé,4,M,brisée,-8.690381,brisé,-10.755167,1
3602,S_NOUN_1_PASS_b,F,S,la bougie avec le bracelet était cachée <eos>,6,cachée,caché,4,M,cachée,-8.563503,caché,-9.377989,1
3603,S_NOUN_1_PASS_b,F,S,la bougie avec le bracelet était cassée <eos>,6,cassée,cassé,4,M,cassée,-8.042815,cassé,-10.334885,1
3604,S_NOUN_1_PASS_b,F,S,la bougie avec le bracelet était couverte <eos>,6,couverte,couvert,4,M,couverte,-7.818173,couvert,-10.1054325,1
3605,S_NOUN_1_PASS_b,F,S,la bougie avec le bracelet était déformée <eos>,6,déformée,déformé,4,M,déformée,-11.223944,déformé,-13.584595,1
3606,S_NOUN_1_PASS_b,F,S,la bougie avec le bracelet était fixée <eos>,6,fixée,fixé,4,M,fixée,-5.1203003,fixé,-7.2927313,1
3607,S_NOUN_1_PASS_b,F,S,la bougie avec le bracelet était jetée <eos>,6,jetée,jeté,4,M,jetée,-9.115105,jeté,-11.471365,1
3608,S_NOUN_1_PASS_b,F,S,la bougie avec le bracelet était laissée <eos>,6,laissée,laissé,4,M,laissée,-8.169914,laissé,-10.491907,1
3609,S_NOUN_1_PASS_b,F,S,la bougie avec le bracelet était ouverte <eos>,6,ouverte,ouvert,4,M,ouverte,-7.00515,ouvert,-9.59546,1
3610,S_NOUN_1_PASS_b,F,S,la bougie avec le bracelet était perdue <eos>,6,perdue,perdu,4,M,perdue,-8.28867,perdu,-11.015713,1
3611,S_NOUN_1_PASS_b,F,S,la bougie avec le bracelet était réparée <eos>,6,réparée,réparé,4,M,réparée,-10.810796,réparé,-13.963066,1
3612,S_NOUN_1_PASS_b,F,S,la bougie avec le bracelet était retirée <eos>,6,retirée,retiré,4,M,retirée,-7.495856,retiré,-9.498667,1
3613,S_NOUN_1_PASS_b,F,S,la bougie avec le bracelet était tombée <eos>,6,tombée,tombé,4,M,tombée,-8.772719,tombé,-9.7437315,1
3614,S_NOUN_1_PASS_b,F,S,la bougie avec le bracelet était utilisée <eos>,6,utilisée,utilisé,4,M,utilisée,-4.7410336,utilisé,-6.769663,1
3615,S_NOUN_1_PASS_b,F,S,la bougie avec le miroir était achetée <eos>,6,achetée,acheté,4,M,achetée,-8.781824,acheté,-11.875969,1
3616,S_NOUN_1_PASS_b,F,S,la bougie avec le miroir était brisée <eos>,6,brisée,brisé,4,M,brisée,-7.3135023,brisé,-10.5404215,1
3617,S_NOUN_1_PASS_b,F,S,la bougie avec le miroir était cachée <eos>,6,cachée,caché,4,M,cachée,-7.7732077,caché,-9.260598,1
3618,S_NOUN_1_PASS_b,F,S,la bougie avec le miroir était cassée <eos>,6,cassée,cassé,4,M,cassée,-7.603796,cassé,-10.035657,1
3619,S_NOUN_1_PASS_b,F,S,la bougie avec le miroir était couverte <eos>,6,couverte,couvert,4,M,couverte,-7.212325,couvert,-9.806498,1
3620,S_NOUN_1_PASS_b,F,S,la bougie avec le miroir était déformée <eos>,6,déformée,déformé,4,M,déformée,-10.23209,déformé,-13.341816,1
3621,S_NOUN_1_PASS_b,F,S,la bougie avec le miroir était fixée <eos>,6,fixée,fixé,4,M,fixée,-5.0877337,fixé,-7.8864684,1
3622,S_NOUN_1_PASS_b,F,S,la bougie avec le miroir était jetée <eos>,6,jetée,jeté,4,M,jetée,-8.512199,jeté,-11.626434,1
3623,S_NOUN_1_PASS_b,F,S,la bougie avec le miroir était laissée <eos>,6,laissée,laissé,4,M,laissée,-7.7110124,laissé,-10.882227,1
3624,S_NOUN_1_PASS_b,F,S,la bougie avec le miroir était ouverte <eos>,6,ouverte,ouvert,4,M,ouverte,-6.513688,ouvert,-10.116131,1
3625,S_NOUN_1_PASS_b,F,S,la bougie avec le miroir était perdue <eos>,6,perdue,perdu,4,M,perdue,-7.6887746,perdu,-11.370106,1
3626,S_NOUN_1_PASS_b,F,S,la bougie avec le miroir était réparée <eos>,6,réparée,réparé,4,M,réparée,-10.027882,réparé,-13.563618,1
3627,S_NOUN_1_PASS_b,F,S,la bougie avec le miroir était retirée <eos>,6,retirée,retiré,4,M,retirée,-6.8899746,retiré,-9.703399,1
3628,S_NOUN_1_PASS_b,F,S,la bougie avec le miroir était tombée <eos>,6,tombée,tombé,4,M,tombée,-8.734045,tombé,-10.411156,1
3629,S_NOUN_1_PASS_b,F,S,la bougie avec le miroir était utilisée <eos>,6,utilisée,utilisé,4,M,utilisée,-4.402789,utilisé,-7.1811676,1
3630,S_NOUN_1_PASS_b,F,S,la bougie avec le crayon était achetée <eos>,6,achetée,acheté,4,M,achetée,-8.515263,acheté,-11.7476015,1
3631,S_NOUN_1_PASS_b,F,S,la bougie avec le crayon était brisée <eos>,6,brisée,brisé,4,M,brisée,-8.480546,brisé,-11.982094,1
3632,S_NOUN_1_PASS_b,F,S,la bougie avec le crayon était cachée <eos>,6,cachée,caché,4,M,cachée,-8.306154,caché,-9.873857,1
3633,S_NOUN_1_PASS_b,F,S,la bougie avec le crayon était cassée <eos>,6,cassée,cassé,4,M,cassée,-7.8012,cassé,-11.582846,1
3634,S_NOUN_1_PASS_b,F,S,la bougie avec le crayon était couverte <eos>,6,couverte,couvert,4,M,couverte,-7.4649777,couvert,-10.760744,1
3635,S_NOUN_1_PASS_b,F,S,la bougie avec le crayon était déformée <eos>,6,déformée,déformé,4,M,déformée,-10.249214,déformé,-13.381779,1
3636,S_NOUN_1_PASS_b,F,S,la bougie avec le crayon était fixée <eos>,6,fixée,fixé,4,M,fixée,-6.0985417,fixé,-8.863536,1
3637,S_NOUN_1_PASS_b,F,S,la bougie avec le crayon était jetée <eos>,6,jetée,jeté,4,M,jetée,-8.212612,jeté,-11.961752,1
3638,S_NOUN_1_PASS_b,F,S,la bougie avec le crayon était laissée <eos>,6,laissée,laissé,4,M,laissée,-7.037429,laissé,-10.80373,1
3639,S_NOUN_1_PASS_b,F,S,la bougie avec le crayon était ouverte <eos>,6,ouverte,ouvert,4,M,ouverte,-6.7385936,ouvert,-10.36356,1
3640,S_NOUN_1_PASS_b,F,S,la bougie avec le crayon était perdue <eos>,6,perdue,perdu,4,M,perdue,-7.521905,perdu,-10.832496,1
3641,S_NOUN_1_PASS_b,F,S,la bougie avec le crayon était réparée <eos>,6,réparée,réparé,4,M,réparée,-10.437074,réparé,-13.864962,1
3642,S_NOUN_1_PASS_b,F,S,la bougie avec le crayon était retirée <eos>,6,retirée,retiré,4,M,retirée,-7.150614,retiré,-9.581403,1
3643,S_NOUN_1_PASS_b,F,S,la bougie avec le crayon était tombée <eos>,6,tombée,tombé,4,M,tombée,-8.064357,tombé,-10.0165205,1
3644,S_NOUN_1_PASS_b,F,S,la bougie avec le crayon était utilisée <eos>,6,utilisée,utilisé,4,M,utilisée,-3.7488155,utilisé,-6.7330875,1
3645,S_NOUN_1_PASS_b,F,S,la bougie avec le rideau était achetée <eos>,6,achetée,acheté,4,M,achetée,-9.124207,acheté,-11.733742,1
3646,S_NOUN_1_PASS_b,F,S,la bougie avec le rideau était brisée <eos>,6,brisée,brisé,4,M,brisée,-6.6374664,brisé,-9.095886,1
3647,S_NOUN_1_PASS_b,F,S,la bougie avec le rideau était cachée <eos>,6,cachée,caché,4,M,cachée,-7.8518953,caché,-8.859452,1
3648,S_NOUN_1_PASS_b,F,S,la bougie avec le rideau était cassée <eos>,6,cassée,cassé,4,M,cassée,-6.9766855,cassé,-9.004958,1
3649,S_NOUN_1_PASS_b,F,S,la bougie avec le rideau était couverte <eos>,6,couverte,couvert,4,M,couverte,-7.1736403,couvert,-9.116313,1
3650,S_NOUN_1_PASS_b,F,S,la bougie avec le rideau était déformée <eos>,6,déformée,déformé,4,M,déformée,-9.888225,déformé,-12.583801,1
3651,S_NOUN_1_PASS_b,F,S,la bougie avec le rideau était fixée <eos>,6,fixée,fixé,4,M,fixée,-5.717415,fixé,-7.848073,1
3652,S_NOUN_1_PASS_b,F,S,la bougie avec le rideau était jetée <eos>,6,jetée,jeté,4,M,jetée,-8.426055,jeté,-10.489621,1
3653,S_NOUN_1_PASS_b,F,S,la bougie avec le rideau était laissée <eos>,6,laissée,laissé,4,M,laissée,-7.6046624,laissé,-10.233265,1
3654,S_NOUN_1_PASS_b,F,S,la bougie avec le rideau était ouverte <eos>,6,ouverte,ouvert,4,M,ouverte,-6.567958,ouvert,-9.013263,1
3655,S_NOUN_1_PASS_b,F,S,la bougie avec le rideau était perdue <eos>,6,perdue,perdu,4,M,perdue,-8.418957,perdu,-10.67979,1
3656,S_NOUN_1_PASS_b,F,S,la bougie avec le rideau était réparée <eos>,6,réparée,réparé,4,M,réparée,-9.737358,réparé,-12.201932,1
3657,S_NOUN_1_PASS_b,F,S,la bougie avec le rideau était retirée <eos>,6,retirée,retiré,4,M,retirée,-6.138948,retiré,-8.749796,1
3658,S_NOUN_1_PASS_b,F,S,la bougie avec le rideau était tombée <eos>,6,tombée,tombé,4,M,tombée,-8.099822,tombé,-9.095082,1
3659,S_NOUN_1_PASS_b,F,S,la bougie avec le rideau était utilisée <eos>,6,utilisée,utilisé,4,M,utilisée,-5.097785,utilisé,-7.0875654,1
3660,S_NOUN_1_PASS_b,F,S,la bougie avec le cahier était achetée <eos>,6,achetée,acheté,4,M,achetée,-8.7687,acheté,-10.8574295,1
3661,S_NOUN_1_PASS_b,F,S,la bougie avec le cahier était brisée <eos>,6,brisée,brisé,4,M,brisée,-8.23827,brisé,-9.690313,1
3662,S_NOUN_1_PASS_b,F,S,la bougie avec le cahier était cachée <eos>,6,cachée,caché,4,M,cachée,-9.116677,caché,-9.111181,0
3663,S_NOUN_1_PASS_b,F,S,la bougie avec le cahier était cassée <eos>,6,cassée,cassé,4,M,cassée,-8.363539,cassé,-9.96591,1
3664,S_NOUN_1_PASS_b,F,S,la bougie avec le cahier était couverte <eos>,6,couverte,couvert,4,M,couverte,-7.883628,couvert,-9.134561,1
3665,S_NOUN_1_PASS_b,F,S,la bougie avec le cahier était déformée <eos>,6,déformée,déformé,4,M,déformée,-11.3997345,déformé,-12.829207,1
3666,S_NOUN_1_PASS_b,F,S,la bougie avec le cahier était fixée <eos>,6,fixée,fixé,4,M,fixée,-4.754525,fixé,-6.4308987,1
3667,S_NOUN_1_PASS_b,F,S,la bougie avec le cahier était jetée <eos>,6,jetée,jeté,4,M,jetée,-9.172956,jeté,-11.078239,1
3668,S_NOUN_1_PASS_b,F,S,la bougie avec le cahier était laissée <eos>,6,laissée,laissé,4,M,laissée,-8.435033,laissé,-10.4991255,1
3669,S_NOUN_1_PASS_b,F,S,la bougie avec le cahier était ouverte <eos>,6,ouverte,ouvert,4,M,ouverte,-7.1155157,ouvert,-8.414932,1
3670,S_NOUN_1_PASS_b,F,S,la bougie avec le cahier était perdue <eos>,6,perdue,perdu,4,M,perdue,-8.074132,perdu,-9.225349,1
3671,S_NOUN_1_PASS_b,F,S,la bougie avec le cahier était réparée <eos>,6,réparée,réparé,4,M,réparée,-10.196981,réparé,-12.5470085,1
3672,S_NOUN_1_PASS_b,F,S,la bougie avec le cahier était retirée <eos>,6,retirée,retiré,4,M,retirée,-6.378854,retiré,-7.4735727,1
3673,S_NOUN_1_PASS_b,F,S,la bougie avec le cahier était tombée <eos>,6,tombée,tombé,4,M,tombée,-7.7979374,tombé,-8.877804,1
3674,S_NOUN_1_PASS_b,F,S,la bougie avec le cahier était utilisée <eos>,6,utilisée,utilisé,4,M,utilisée,-4.5957427,utilisé,-6.0873666,1
3675,S_NOUN_1_PASS_b,F,S,la bougie avec le micro était achetée <eos>,6,achetée,acheté,4,M,achetée,-9.041802,acheté,-11.557312,1
3676,S_NOUN_1_PASS_b,F,S,la bougie avec le micro était brisée <eos>,6,brisée,brisé,4,M,brisée,-8.178659,brisé,-10.273426,1
3677,S_NOUN_1_PASS_b,F,S,la bougie avec le micro était cachée <eos>,6,cachée,caché,4,M,cachée,-8.841793,caché,-9.467811,1
3678,S_NOUN_1_PASS_b,F,S,la bougie avec le micro était cassée <eos>,6,cassée,cassé,4,M,cassée,-7.3941174,cassé,-9.425081,1
3679,S_NOUN_1_PASS_b,F,S,la bougie avec le micro était couverte <eos>,6,couverte,couvert,4,M,couverte,-7.811823,couvert,-9.620526,1
3680,S_NOUN_1_PASS_b,F,S,la bougie avec le micro était déformée <eos>,6,déformée,déformé,4,M,déformée,-10.380571,déformé,-13.198165,1
3681,S_NOUN_1_PASS_b,F,S,la bougie avec le micro était fixée <eos>,6,fixée,fixé,4,M,fixée,-5.607087,fixé,-7.6210823,1
3682,S_NOUN_1_PASS_b,F,S,la bougie avec le micro était jetée <eos>,6,jetée,jeté,4,M,jetée,-8.937283,jeté,-11.27992,1
3683,S_NOUN_1_PASS_b,F,S,la bougie avec le micro était laissée <eos>,6,laissée,laissé,4,M,laissée,-8.100906,laissé,-10.35638,1
3684,S_NOUN_1_PASS_b,F,S,la bougie avec le micro était ouverte <eos>,6,ouverte,ouvert,4,M,ouverte,-7.267667,ouvert,-9.500641,1
3685,S_NOUN_1_PASS_b,F,S,la bougie avec le micro était perdue <eos>,6,perdue,perdu,4,M,perdue,-8.208665,perdu,-10.94965,1
3686,S_NOUN_1_PASS_b,F,S,la bougie avec le micro était réparée <eos>,6,réparée,réparé,4,M,réparée,-10.218594,réparé,-13.486368,1
3687,S_NOUN_1_PASS_b,F,S,la bougie avec le micro était retirée <eos>,6,retirée,retiré,4,M,retirée,-6.8146615,retiré,-8.757999,1
3688,S_NOUN_1_PASS_b,F,S,la bougie avec le micro était tombée <eos>,6,tombée,tombé,4,M,tombée,-8.830622,tombé,-9.378101,1
3689,S_NOUN_1_PASS_b,F,S,la bougie avec le micro était utilisée <eos>,6,utilisée,utilisé,4,M,utilisée,-4.973122,utilisé,-6.9585996,1
3690,S_NOUN_1_PASS_b,F,S,la bougie avec le sac était achetée <eos>,6,achetée,acheté,4,M,achetée,-8.020291,acheté,-11.007273,1
3691,S_NOUN_1_PASS_b,F,S,la bougie avec le sac était brisée <eos>,6,brisée,brisé,4,M,brisée,-8.141409,brisé,-10.712169,1
3692,S_NOUN_1_PASS_b,F,S,la bougie avec le sac était cachée <eos>,6,cachée,caché,4,M,cachée,-8.035946,caché,-9.21988,1
3693,S_NOUN_1_PASS_b,F,S,la bougie avec le sac était cassée <eos>,6,cassée,cassé,4,M,cassée,-6.97366,cassé,-10.103519,1
3694,S_NOUN_1_PASS_b,F,S,la bougie avec le sac était couverte <eos>,6,couverte,couvert,4,M,couverte,-7.142338,couvert,-9.653208,1
3695,S_NOUN_1_PASS_b,F,S,la bougie avec le sac était déformée <eos>,6,déformée,déformé,4,M,déformée,-10.43076,déformé,-12.958471,1
3696,S_NOUN_1_PASS_b,F,S,la bougie avec le sac était fixée <eos>,6,fixée,fixé,4,M,fixée,-5.094397,fixé,-7.534038,1
3697,S_NOUN_1_PASS_b,F,S,la bougie avec le sac était jetée <eos>,6,jetée,jeté,4,M,jetée,-7.8136997,jeté,-10.958518,1
3698,S_NOUN_1_PASS_b,F,S,la bougie avec le sac était laissée <eos>,6,laissée,laissé,4,M,laissée,-7.3086023,laissé,-10.061925,1
3699,S_NOUN_1_PASS_b,F,S,la bougie avec le sac était ouverte <eos>,6,ouverte,ouvert,4,M,ouverte,-6.436927,ouvert,-9.471789,1
3700,S_NOUN_1_PASS_b,F,S,la bougie avec le sac était perdue <eos>,6,perdue,perdu,4,M,perdue,-7.103261,perdu,-10.502662,1
3701,S_NOUN_1_PASS_b,F,S,la bougie avec le sac était réparée <eos>,6,réparée,réparé,4,M,réparée,-9.797989,réparé,-12.735283,1
3702,S_NOUN_1_PASS_b,F,S,la bougie avec le sac était retirée <eos>,6,retirée,retiré,4,M,retirée,-6.1495237,retiré,-8.42729,1
3703,S_NOUN_1_PASS_b,F,S,la bougie avec le sac était tombée <eos>,6,tombée,tombé,4,M,tombée,-8.390429,tombé,-10.015957,1
3704,S_NOUN_1_PASS_b,F,S,la bougie avec le sac était utilisée <eos>,6,utilisée,utilisé,4,M,utilisée,-4.57335,utilisé,-7.0395737,1
3705,S_NOUN_1_PASS_b,F,S,la bougie avec le clavier était achetée <eos>,6,achetée,acheté,4,M,achetée,-9.545097,acheté,-11.806166,1
3706,S_NOUN_1_PASS_b,F,S,la bougie avec le clavier était brisée <eos>,6,brisée,brisé,4,M,brisée,-8.484582,brisé,-11.355375,1
3707,S_NOUN_1_PASS_b,F,S,la bougie avec le clavier était cachée <eos>,6,cachée,caché,4,M,cachée,-7.9955873,caché,-9.924383,1
3708,S_NOUN_1_PASS_b,F,S,la bougie avec le clavier était cassée <eos>,6,cassée,cassé,4,M,cassée,-7.2361426,cassé,-10.0225315,1
3709,S_NOUN_1_PASS_b,F,S,la bougie avec le clavier était couverte <eos>,6,couverte,couvert,4,M,couverte,-7.4748588,couvert,-10.102948,1
3710,S_NOUN_1_PASS_b,F,S,la bougie avec le clavier était déformée <eos>,6,déformée,déformé,4,M,déformée,-9.7394285,déformé,-13.647403,1
3711,S_NOUN_1_PASS_b,F,S,la bougie avec le clavier était fixée <eos>,6,fixée,fixé,4,M,fixée,-5.307938,fixé,-7.910623,1
3712,S_NOUN_1_PASS_b,F,S,la bougie avec le clavier était jetée <eos>,6,jetée,jeté,4,M,jetée,-9.628538,jeté,-12.221344,1
3713,S_NOUN_1_PASS_b,F,S,la bougie avec le clavier était laissée <eos>,6,laissée,laissé,4,M,laissée,-8.27954,laissé,-10.915371,1
3714,S_NOUN_1_PASS_b,F,S,la bougie avec le clavier était ouverte <eos>,6,ouverte,ouvert,4,M,ouverte,-6.428872,ouvert,-9.113567,1
3715,S_NOUN_1_PASS_b,F,S,la bougie avec le clavier était perdue <eos>,6,perdue,perdu,4,M,perdue,-8.599161,perdu,-11.228892,1
3716,S_NOUN_1_PASS_b,F,S,la bougie avec le clavier était réparée <eos>,6,réparée,réparé,4,M,réparée,-10.309657,réparé,-13.991584,1
3717,S_NOUN_1_PASS_b,F,S,la bougie avec le clavier était retirée <eos>,6,retirée,retiré,4,M,retirée,-7.4375906,retiré,-9.440302,1
3718,S_NOUN_1_PASS_b,F,S,la bougie avec le clavier était tombée <eos>,6,tombée,tombé,4,M,tombée,-8.484425,tombé,-10.395569,1
3719,S_NOUN_1_PASS_b,F,S,la bougie avec le clavier était utilisée <eos>,6,utilisée,utilisé,4,M,utilisée,-4.9570417,utilisé,-7.2701693,1
3720,S_NOUN_1_PASS_b,F,S,la bougie avec le raisin était achetée <eos>,6,achetée,acheté,4,M,achetée,-8.728329,acheté,-11.727315,1
3721,S_NOUN_1_PASS_b,F,S,la bougie avec le raisin était brisée <eos>,6,brisée,brisé,4,M,brisée,-8.979083,brisé,-12.900707,1
3722,S_NOUN_1_PASS_b,F,S,la bougie avec le raisin était cachée <eos>,6,cachée,caché,4,M,cachée,-9.22885,caché,-10.453213,1
3723,S_NOUN_1_PASS_b,F,S,la bougie avec le raisin était cassée <eos>,6,cassée,cassé,4,M,cassée,-7.8029203,cassé,-11.217227,1
3724,S_NOUN_1_PASS_b,F,S,la bougie avec le raisin était couverte <eos>,6,couverte,couvert,4,M,couverte,-7.875475,couvert,-10.511639,1
3725,S_NOUN_1_PASS_b,F,S,la bougie avec le raisin était déformée <eos>,6,déformée,déformé,4,M,déformée,-10.635784,déformé,-14.42793,1
3726,S_NOUN_1_PASS_b,F,S,la bougie avec le raisin était fixée <eos>,6,fixée,fixé,4,M,fixée,-6.0266685,fixé,-8.582378,1
3727,S_NOUN_1_PASS_b,F,S,la bougie avec le raisin était jetée <eos>,6,jetée,jeté,4,M,jetée,-7.7765083,jeté,-11.967137,1
3728,S_NOUN_1_PASS_b,F,S,la bougie avec le raisin était laissée <eos>,6,laissée,laissé,4,M,laissée,-7.491578,laissé,-10.753416,1
3729,S_NOUN_1_PASS_b,F,S,la bougie avec le raisin était ouverte <eos>,6,ouverte,ouvert,4,M,ouverte,-6.860366,ouvert,-10.196413,1
3730,S_NOUN_1_PASS_b,F,S,la bougie avec le raisin était perdue <eos>,6,perdue,perdu,4,M,perdue,-7.992407,perdu,-10.989271,1
3731,S_NOUN_1_PASS_b,F,S,la bougie avec le raisin était réparée <eos>,6,réparée,réparé,4,M,réparée,-10.923567,réparé,-13.773187,1
3732,S_NOUN_1_PASS_b,F,S,la bougie avec le raisin était retirée <eos>,6,retirée,retiré,4,M,retirée,-6.971031,retiré,-9.5499325,1
3733,S_NOUN_1_PASS_b,F,S,la bougie avec le raisin était tombée <eos>,6,tombée,tombé,4,M,tombée,-7.8268933,tombé,-10.621168,1
3734,S_NOUN_1_PASS_b,F,S,la bougie avec le raisin était utilisée <eos>,6,utilisée,utilisé,4,M,utilisée,-4.521688,utilisé,-7.398125,1
3735,S_NOUN_1_PASS_b,F,S,la bougie avec le chargeur était achetée <eos>,6,achetée,acheté,4,M,achetée,-9.738974,acheté,-12.493864,1
3736,S_NOUN_1_PASS_b,F,S,la bougie avec le chargeur était brisée <eos>,6,brisée,brisé,4,M,brisée,-9.059116,brisé,-11.131823,1
3737,S_NOUN_1_PASS_b,F,S,la bougie avec le chargeur était cachée <eos>,6,cachée,caché,4,M,cachée,-8.779289,caché,-10.209795,1
3738,S_NOUN_1_PASS_b,F,S,la bougie avec le chargeur était cassée <eos>,6,cassée,cassé,4,M,cassée,-7.3454943,cassé,-10.703427,1
3739,S_NOUN_1_PASS_b,F,S,la bougie avec le chargeur était couverte <eos>,6,couverte,couvert,4,M,couverte,-8.156366,couvert,-10.913034,1
3740,S_NOUN_1_PASS_b,F,S,la bougie avec le chargeur était déformée <eos>,6,déformée,déformé,4,M,déformée,-10.210285,déformé,-13.816261,1
3741,S_NOUN_1_PASS_b,F,S,la bougie avec le chargeur était fixée <eos>,6,fixée,fixé,4,M,fixée,-5.567079,fixé,-7.9472528,1
3742,S_NOUN_1_PASS_b,F,S,la bougie avec le chargeur était jetée <eos>,6,jetée,jeté,4,M,jetée,-8.897349,jeté,-12.436941,1
3743,S_NOUN_1_PASS_b,F,S,la bougie avec le chargeur était laissée <eos>,6,laissée,laissé,4,M,laissée,-8.080017,laissé,-10.877619,1
3744,S_NOUN_1_PASS_b,F,S,la bougie avec le chargeur était ouverte <eos>,6,ouverte,ouvert,4,M,ouverte,-7.416351,ouvert,-10.327515,1
3745,S_NOUN_1_PASS_b,F,S,la bougie avec le chargeur était perdue <eos>,6,perdue,perdu,4,M,perdue,-9.05748,perdu,-11.253164,1
3746,S_NOUN_1_PASS_b,F,S,la bougie avec le chargeur était réparée <eos>,6,réparée,réparé,4,M,réparée,-9.859887,réparé,-14.001501,1
3747,S_NOUN_1_PASS_b,F,S,la bougie avec le chargeur était retirée <eos>,6,retirée,retiré,4,M,retirée,-7.235634,retiré,-9.210931,1
3748,S_NOUN_1_PASS_b,F,S,la bougie avec le chargeur était tombée <eos>,6,tombée,tombé,4,M,tombée,-9.554832,tombé,-10.937222,1
3749,S_NOUN_1_PASS_b,F,S,la bougie avec le chargeur était utilisée <eos>,6,utilisée,utilisé,4,M,utilisée,-4.9728107,utilisé,-7.566166,1
3750,S_NOUN_1_PASS_b,F,S,la bougie avec le vase était achetée <eos>,6,achetée,acheté,4,M,achetée,-8.842591,acheté,-11.6887,1
3751,S_NOUN_1_PASS_b,F,S,la bougie avec le vase était brisée <eos>,6,brisée,brisé,4,M,brisée,-7.8334007,brisé,-10.05367,1
3752,S_NOUN_1_PASS_b,F,S,la bougie avec le vase était cachée <eos>,6,cachée,caché,4,M,cachée,-8.246415,caché,-9.638755,1
3753,S_NOUN_1_PASS_b,F,S,la bougie avec le vase était cassée <eos>,6,cassée,cassé,4,M,cassée,-7.45825,cassé,-10.333524,1
3754,S_NOUN_1_PASS_b,F,S,la bougie avec le vase était couverte <eos>,6,couverte,couvert,4,M,couverte,-6.6554174,couvert,-9.419956,1
3755,S_NOUN_1_PASS_b,F,S,la bougie avec le vase était déformée <eos>,6,déformée,déformé,4,M,déformée,-10.698136,déformé,-13.419928,1
3756,S_NOUN_1_PASS_b,F,S,la bougie avec le vase était fixée <eos>,6,fixée,fixé,4,M,fixée,-5.6232796,fixé,-7.993004,1
3757,S_NOUN_1_PASS_b,F,S,la bougie avec le vase était jetée <eos>,6,jetée,jeté,4,M,jetée,-7.871134,jeté,-11.0395355,1
3758,S_NOUN_1_PASS_b,F,S,la bougie avec le vase était laissée <eos>,6,laissée,laissé,4,M,laissée,-7.067334,laissé,-9.8325615,1
3759,S_NOUN_1_PASS_b,F,S,la bougie avec le vase était ouverte <eos>,6,ouverte,ouvert,4,M,ouverte,-6.4894614,ouvert,-9.892321,1
3760,S_NOUN_1_PASS_b,F,S,la bougie avec le vase était perdue <eos>,6,perdue,perdu,4,M,perdue,-7.352368,perdu,-10.3000145,1
3761,S_NOUN_1_PASS_b,F,S,la bougie avec le vase était réparée <eos>,6,réparée,réparé,4,M,réparée,-9.723727,réparé,-12.822269,1
3762,S_NOUN_1_PASS_b,F,S,la bougie avec le vase était retirée <eos>,6,retirée,retiré,4,M,retirée,-6.5568647,retiré,-9.682884,1
3763,S_NOUN_1_PASS_b,F,S,la bougie avec le vase était tombée <eos>,6,tombée,tombé,4,M,tombée,-7.860753,tombé,-10.187785,1
3764,S_NOUN_1_PASS_b,F,S,la bougie avec le vase était utilisée <eos>,6,utilisée,utilisé,4,M,utilisée,-4.5846434,utilisé,-7.240691,1
3765,S_NOUN_1_PASS_b,F,S,la bougie avec le panier était achetée <eos>,6,achetée,acheté,4,M,achetée,-9.249108,acheté,-11.817314,1
3766,S_NOUN_1_PASS_b,F,S,la bougie avec le panier était brisée <eos>,6,brisée,brisé,4,M,brisée,-8.5176735,brisé,-10.516075,1
3767,S_NOUN_1_PASS_b,F,S,la bougie avec le panier était cachée <eos>,6,cachée,caché,4,M,cachée,-8.393089,caché,-9.570859,1
3768,S_NOUN_1_PASS_b,F,S,la bougie avec le panier était cassée <eos>,6,cassée,cassé,4,M,cassée,-7.5245743,cassé,-10.364666,1
3769,S_NOUN_1_PASS_b,F,S,la bougie avec le panier était couverte <eos>,6,couverte,couvert,4,M,couverte,-7.758721,couvert,-9.750288,1
3770,S_NOUN_1_PASS_b,F,S,la bougie avec le panier était déformée <eos>,6,déformée,déformé,4,M,déformée,-10.603213,déformé,-13.972177,1
3771,S_NOUN_1_PASS_b,F,S,la bougie avec le panier était fixée <eos>,6,fixée,fixé,4,M,fixée,-5.825661,fixé,-7.770427,1
3772,S_NOUN_1_PASS_b,F,S,la bougie avec le panier était jetée <eos>,6,jetée,jeté,4,M,jetée,-8.577058,jeté,-11.949677,1
3773,S_NOUN_1_PASS_b,F,S,la bougie avec le panier était laissée <eos>,6,laissée,laissé,4,M,laissée,-7.463357,laissé,-10.425854,1
3774,S_NOUN_1_PASS_b,F,S,la bougie avec le panier était ouverte <eos>,6,ouverte,ouvert,4,M,ouverte,-6.8299475,ouvert,-9.373929,1
3775,S_NOUN_1_PASS_b,F,S,la bougie avec le panier était perdue <eos>,6,perdue,perdu,4,M,perdue,-8.580828,perdu,-11.196455,1
3776,S_NOUN_1_PASS_b,F,S,la bougie avec le panier était réparée <eos>,6,réparée,réparé,4,M,réparée,-10.764117,réparé,-13.513573,1
3777,S_NOUN_1_PASS_b,F,S,la bougie avec le panier était retirée <eos>,6,retirée,retiré,4,M,retirée,-6.6572294,retiré,-9.122753,1
3778,S_NOUN_1_PASS_b,F,S,la bougie avec le panier était tombée <eos>,6,tombée,tombé,4,M,tombée,-8.737982,tombé,-9.941527,1
3779,S_NOUN_1_PASS_b,F,S,la bougie avec le panier était utilisée <eos>,6,utilisée,utilisé,4,M,utilisée,-4.8909845,utilisé,-6.9354973,1
3780,S_NOUN_1_PASS_b,F,S,la bougie avec le collier était achetée <eos>,6,achetée,acheté,4,M,achetée,-8.081676,acheté,-10.898771,1
3781,S_NOUN_1_PASS_b,F,S,la bougie avec le collier était brisée <eos>,6,brisée,brisé,4,M,brisée,-8.229061,brisé,-10.175903,1
3782,S_NOUN_1_PASS_b,F,S,la bougie avec le collier était cachée <eos>,6,cachée,caché,4,M,cachée,-8.196312,caché,-9.0477295,1
3783,S_NOUN_1_PASS_b,F,S,la bougie avec le collier était cassée <eos>,6,cassée,cassé,4,M,cassée,-7.5481462,cassé,-9.486242,1
3784,S_NOUN_1_PASS_b,F,S,la bougie avec le collier était couverte <eos>,6,couverte,couvert,4,M,couverte,-7.214922,couvert,-9.5717745,1
3785,S_NOUN_1_PASS_b,F,S,la bougie avec le collier était déformée <eos>,6,déformée,déformé,4,M,déformée,-10.815198,déformé,-12.894689,1
3786,S_NOUN_1_PASS_b,F,S,la bougie avec le collier était fixée <eos>,6,fixée,fixé,4,M,fixée,-5.486046,fixé,-7.4386005,1
3787,S_NOUN_1_PASS_b,F,S,la bougie avec le collier était jetée <eos>,6,jetée,jeté,4,M,jetée,-8.299318,jeté,-10.7962265,1
3788,S_NOUN_1_PASS_b,F,S,la bougie avec le collier était laissée <eos>,6,laissée,laissé,4,M,laissée,-7.8136683,laissé,-10.243068,1
3789,S_NOUN_1_PASS_b,F,S,la bougie avec le collier était ouverte <eos>,6,ouverte,ouvert,4,M,ouverte,-6.772498,ouvert,-9.674813,1
3790,S_NOUN_1_PASS_b,F,S,la bougie avec le collier était perdue <eos>,6,perdue,perdu,4,M,perdue,-8.241524,perdu,-10.882278,1
3791,S_NOUN_1_PASS_b,F,S,la bougie avec le collier était réparée <eos>,6,réparée,réparé,4,M,réparée,-10.648357,réparé,-13.505828,1
3792,S_NOUN_1_PASS_b,F,S,la bougie avec le collier était retirée <eos>,6,retirée,retiré,4,M,retirée,-6.6916256,retiré,-8.609843,1
3793,S_NOUN_1_PASS_b,F,S,la bougie avec le collier était tombée <eos>,6,tombée,tombé,4,M,tombée,-8.489385,tombé,-9.672498,1
3794,S_NOUN_1_PASS_b,F,S,la bougie avec le collier était utilisée <eos>,6,utilisée,utilisé,4,M,utilisée,-4.6592617,utilisé,-6.7189035,1
3795,S_NOUN_1_PASS_b,F,S,la bougie avec le chapeau était achetée <eos>,6,achetée,acheté,4,M,achetée,-8.193588,acheté,-11.072632,1
3796,S_NOUN_1_PASS_b,F,S,la bougie avec le chapeau était brisée <eos>,6,brisée,brisé,4,M,brisée,-7.851086,brisé,-10.887039,1
3797,S_NOUN_1_PASS_b,F,S,la bougie avec le chapeau était cachée <eos>,6,cachée,caché,4,M,cachée,-8.514105,caché,-9.840702,1
3798,S_NOUN_1_PASS_b,F,S,la bougie avec le chapeau était cassée <eos>,6,cassée,cassé,4,M,cassée,-6.9089355,cassé,-9.321565,1
3799,S_NOUN_1_PASS_b,F,S,la bougie avec le chapeau était couverte <eos>,6,couverte,couvert,4,M,couverte,-6.7137294,couvert,-9.682485,1
3800,S_NOUN_1_PASS_b,F,S,la bougie avec le chapeau était déformée <eos>,6,déformée,déformé,4,M,déformée,-9.638515,déformé,-12.572464,1
3801,S_NOUN_1_PASS_b,F,S,la bougie avec le chapeau était fixée <eos>,6,fixée,fixé,4,M,fixée,-5.47211,fixé,-7.744669,1
3802,S_NOUN_1_PASS_b,F,S,la bougie avec le chapeau était jetée <eos>,6,jetée,jeté,4,M,jetée,-7.9106035,jeté,-10.96041,1
3803,S_NOUN_1_PASS_b,F,S,la bougie avec le chapeau était laissée <eos>,6,laissée,laissé,4,M,laissée,-7.5266256,laissé,-10.418664,1
3804,S_NOUN_1_PASS_b,F,S,la bougie avec le chapeau était ouverte <eos>,6,ouverte,ouvert,4,M,ouverte,-6.42658,ouvert,-10.060047,1
3805,S_NOUN_1_PASS_b,F,S,la bougie avec le chapeau était perdue <eos>,6,perdue,perdu,4,M,perdue,-8.493827,perdu,-11.153157,1
3806,S_NOUN_1_PASS_b,F,S,la bougie avec le chapeau était réparée <eos>,6,réparée,réparé,4,M,réparée,-10.0393095,réparé,-13.534156,1
3807,S_NOUN_1_PASS_b,F,S,la bougie avec le chapeau était retirée <eos>,6,retirée,retiré,4,M,retirée,-6.4690638,retiré,-8.4857025,1
3808,S_NOUN_1_PASS_b,F,S,la bougie avec le chapeau était tombée <eos>,6,tombée,tombé,4,M,tombée,-8.46545,tombé,-10.1428995,1
3809,S_NOUN_1_PASS_b,F,S,la bougie avec le chapeau était utilisée <eos>,6,utilisée,utilisé,4,M,utilisée,-4.5654707,utilisé,-6.9776754,1
3810,S_NOUN_1_PASS_b,F,S,la bougie avec le pot était achetée <eos>,6,achetée,acheté,4,M,achetée,-8.772781,acheté,-11.3134,1
3811,S_NOUN_1_PASS_b,F,S,la bougie avec le pot était brisée <eos>,6,brisée,brisé,4,M,brisée,-8.506247,brisé,-10.568594,1
3812,S_NOUN_1_PASS_b,F,S,la bougie avec le pot était cachée <eos>,6,cachée,caché,4,M,cachée,-9.086868,caché,-9.5448,1
3813,S_NOUN_1_PASS_b,F,S,la bougie avec le pot était cassée <eos>,6,cassée,cassé,4,M,cassée,-8.041231,cassé,-10.781509,1
3814,S_NOUN_1_PASS_b,F,S,la bougie avec le pot était couverte <eos>,6,couverte,couvert,4,M,couverte,-8.028038,couvert,-9.681122,1
3815,S_NOUN_1_PASS_b,F,S,la bougie avec le pot était déformée <eos>,6,déformée,déformé,4,M,déformée,-10.995834,déformé,-13.262814,1
3816,S_NOUN_1_PASS_b,F,S,la bougie avec le pot était fixée <eos>,6,fixée,fixé,4,M,fixée,-5.8399296,fixé,-7.673463,1
3817,S_NOUN_1_PASS_b,F,S,la bougie avec le pot était jetée <eos>,6,jetée,jeté,4,M,jetée,-8.370762,jeté,-11.3918705,1
3818,S_NOUN_1_PASS_b,F,S,la bougie avec le pot était laissée <eos>,6,laissée,laissé,4,M,laissée,-7.5559826,laissé,-10.268844,1
3819,S_NOUN_1_PASS_b,F,S,la bougie avec le pot était ouverte <eos>,6,ouverte,ouvert,4,M,ouverte,-7.2553334,ouvert,-9.395493,1
3820,S_NOUN_1_PASS_b,F,S,la bougie avec le pot était perdue <eos>,6,perdue,perdu,4,M,perdue,-8.190129,perdu,-10.6257515,1
3821,S_NOUN_1_PASS_b,F,S,la bougie avec le pot était réparée <eos>,6,réparée,réparé,4,M,réparée,-10.365455,réparé,-12.530595,1
3822,S_NOUN_1_PASS_b,F,S,la bougie avec le pot était retirée <eos>,6,retirée,retiré,4,M,retirée,-6.883754,retiré,-8.55543,1
3823,S_NOUN_1_PASS_b,F,S,la bougie avec le pot était tombée <eos>,6,tombée,tombé,4,M,tombée,-8.083481,tombé,-10.035896,1
3824,S_NOUN_1_PASS_b,F,S,la bougie avec le pot était utilisée <eos>,6,utilisée,utilisé,4,M,utilisée,-4.3978844,utilisé,-6.420805,1
3825,S_NOUN_1_PASS_b,F,S,la bougie avec le coussin était achetée <eos>,6,achetée,acheté,4,M,achetée,-8.982932,acheté,-11.989599,1
3826,S_NOUN_1_PASS_b,F,S,la bougie avec le coussin était brisée <eos>,6,brisée,brisé,4,M,brisée,-8.209445,brisé,-11.116769,1
3827,S_NOUN_1_PASS_b,F,S,la bougie avec le coussin était cachée <eos>,6,cachée,caché,4,M,cachée,-8.406891,caché,-9.598032,1
3828,S_NOUN_1_PASS_b,F,S,la bougie avec le coussin était cassée <eos>,6,cassée,cassé,4,M,cassée,-7.22705,cassé,-10.092289,1
3829,S_NOUN_1_PASS_b,F,S,la bougie avec le coussin était couverte <eos>,6,couverte,couvert,4,M,couverte,-7.0699654,couvert,-10.146309,1
3830,S_NOUN_1_PASS_b,F,S,la bougie avec le coussin était déformée <eos>,6,déformée,déformé,4,M,déformée,-10.858797,déformé,-13.712426,1
3831,S_NOUN_1_PASS_b,F,S,la bougie avec le coussin était fixée <eos>,6,fixée,fixé,4,M,fixée,-5.1979866,fixé,-7.9387045,1
3832,S_NOUN_1_PASS_b,F,S,la bougie avec le coussin était jetée <eos>,6,jetée,jeté,4,M,jetée,-8.978079,jeté,-12.172691,1
3833,S_NOUN_1_PASS_b,F,S,la bougie avec le coussin était laissée <eos>,6,laissée,laissé,4,M,laissée,-7.7718115,laissé,-10.770697,1
3834,S_NOUN_1_PASS_b,F,S,la bougie avec le coussin était ouverte <eos>,6,ouverte,ouvert,4,M,ouverte,-6.1260076,ouvert,-9.782161,1
3835,S_NOUN_1_PASS_b,F,S,la bougie avec le coussin était perdue <eos>,6,perdue,perdu,4,M,perdue,-8.806074,perdu,-11.586466,1
3836,S_NOUN_1_PASS_b,F,S,la bougie avec le coussin était réparée <eos>,6,réparée,réparé,4,M,réparée,-10.286465,réparé,-14.448353,1
3837,S_NOUN_1_PASS_b,F,S,la bougie avec le coussin était retirée <eos>,6,retirée,retiré,4,M,retirée,-7.1422224,retiré,-9.382774,1
3838,S_NOUN_1_PASS_b,F,S,la bougie avec le coussin était tombée <eos>,6,tombée,tombé,4,M,tombée,-9.749686,tombé,-10.994546,1
3839,S_NOUN_1_PASS_b,F,S,la bougie avec le coussin était utilisée <eos>,6,utilisée,utilisé,4,M,utilisée,-4.7689295,utilisé,-7.4190044,1
3840,S_NOUN_1_PASS_b,F,S,la bougie avec le jouet était achetée <eos>,6,achetée,acheté,4,M,achetée,-8.800949,acheté,-11.556409,1
3841,S_NOUN_1_PASS_b,F,S,la bougie avec le jouet était brisée <eos>,6,brisée,brisé,4,M,brisée,-8.72281,brisé,-11.322989,1
3842,S_NOUN_1_PASS_b,F,S,la bougie avec le jouet était cachée <eos>,6,cachée,caché,4,M,cachée,-8.792514,caché,-9.899968,1
3843,S_NOUN_1_PASS_b,F,S,la bougie avec le jouet était cassée <eos>,6,cassée,cassé,4,M,cassée,-8.023685,cassé,-11.444393,1
3844,S_NOUN_1_PASS_b,F,S,la bougie avec le jouet était couverte <eos>,6,couverte,couvert,4,M,couverte,-7.95521,couvert,-10.664099,1
3845,S_NOUN_1_PASS_b,F,S,la bougie avec le jouet était déformée <eos>,6,déformée,déformé,4,M,déformée,-11.5673,déformé,-13.995259,1
3846,S_NOUN_1_PASS_b,F,S,la bougie avec le jouet était fixée <eos>,6,fixée,fixé,4,M,fixée,-5.9036527,fixé,-8.552215,1
3847,S_NOUN_1_PASS_b,F,S,la bougie avec le jouet était jetée <eos>,6,jetée,jeté,4,M,jetée,-9.223289,jeté,-11.8882475,1
3848,S_NOUN_1_PASS_b,F,S,la bougie avec le jouet était laissée <eos>,6,laissée,laissé,4,M,laissée,-8.213959,laissé,-10.831721,1
3849,S_NOUN_1_PASS_b,F,S,la bougie avec le jouet était ouverte <eos>,6,ouverte,ouvert,4,M,ouverte,-7.111062,ouvert,-10.132085,1
3850,S_NOUN_1_PASS_b,F,S,la bougie avec le jouet était perdue <eos>,6,perdue,perdu,4,M,perdue,-9.001347,perdu,-11.38368,1
3851,S_NOUN_1_PASS_b,F,S,la bougie avec le jouet était réparée <eos>,6,réparée,réparé,4,M,réparée,-10.703306,réparé,-13.231365,1
3852,S_NOUN_1_PASS_b,F,S,la bougie avec le jouet était retirée <eos>,6,retirée,retiré,4,M,retirée,-7.2435064,retiré,-10.12613,1
3853,S_NOUN_1_PASS_b,F,S,la bougie avec le jouet était tombée <eos>,6,tombée,tombé,4,M,tombée,-9.032447,tombé,-10.113994,1
3854,S_NOUN_1_PASS_b,F,S,la bougie avec le jouet était utilisée <eos>,6,utilisée,utilisé,4,M,utilisée,-4.5078926,utilisé,-6.683899,1
3855,S_NOUN_1_PASS_b,F,S,la bougie avec le clou était achetée <eos>,6,achetée,acheté,4,M,achetée,-8.665958,acheté,-12.208394,1
3856,S_NOUN_1_PASS_b,F,S,la bougie avec le clou était brisée <eos>,6,brisée,brisé,4,M,brisée,-8.424582,brisé,-11.383484,1
3857,S_NOUN_1_PASS_b,F,S,la bougie avec le clou était cachée <eos>,6,cachée,caché,4,M,cachée,-8.033224,caché,-10.147324,1
3858,S_NOUN_1_PASS_b,F,S,la bougie avec le clou était cassée <eos>,6,cassée,cassé,4,M,cassée,-7.441985,cassé,-10.714712,1
3859,S_NOUN_1_PASS_b,F,S,la bougie avec le clou était couverte <eos>,6,couverte,couvert,4,M,couverte,-7.2078543,couvert,-10.259787,1
3860,S_NOUN_1_PASS_b,F,S,la bougie avec le clou était déformée <eos>,6,déformée,déformé,4,M,déformée,-10.428558,déformé,-13.825848,1
3861,S_NOUN_1_PASS_b,F,S,la bougie avec le clou était fixée <eos>,6,fixée,fixé,4,M,fixée,-5.1419897,fixé,-7.9163046,1
3862,S_NOUN_1_PASS_b,F,S,la bougie avec le clou était jetée <eos>,6,jetée,jeté,4,M,jetée,-7.7285748,jeté,-11.826781,1
3863,S_NOUN_1_PASS_b,F,S,la bougie avec le clou était laissée <eos>,6,laissée,laissé,4,M,laissée,-7.12082,laissé,-10.844119,1
3864,S_NOUN_1_PASS_b,F,S,la bougie avec le clou était ouverte <eos>,6,ouverte,ouvert,4,M,ouverte,-6.9698668,ouvert,-10.558273,1
3865,S_NOUN_1_PASS_b,F,S,la bougie avec le clou était perdue <eos>,6,perdue,perdu,4,M,perdue,-7.4624214,perdu,-10.872184,1
3866,S_NOUN_1_PASS_b,F,S,la bougie avec le clou était réparée <eos>,6,réparée,réparé,4,M,réparée,-10.306599,réparé,-13.53932,1
3867,S_NOUN_1_PASS_b,F,S,la bougie avec le clou était retirée <eos>,6,retirée,retiré,4,M,retirée,-5.9302897,retiré,-9.469973,1
3868,S_NOUN_1_PASS_b,F,S,la bougie avec le clou était tombée <eos>,6,tombée,tombé,4,M,tombée,-7.3982773,tombé,-10.264193,1
3869,S_NOUN_1_PASS_b,F,S,la bougie avec le clou était utilisée <eos>,6,utilisée,utilisé,4,M,utilisée,-4.280813,utilisé,-7.193677,1
3870,S_NOUN_1_PASS_b,F,S,la bougie avec le billet était achetée <eos>,6,achetée,acheté,4,M,achetée,-8.189486,acheté,-11.055974,1
3871,S_NOUN_1_PASS_b,F,S,la bougie avec le billet était brisée <eos>,6,brisée,brisé,4,M,brisée,-8.89292,brisé,-10.320005,1
3872,S_NOUN_1_PASS_b,F,S,la bougie avec le billet était cachée <eos>,6,cachée,caché,4,M,cachée,-8.711697,caché,-9.483408,1
3873,S_NOUN_1_PASS_b,F,S,la bougie avec le billet était cassée <eos>,6,cassée,cassé,4,M,cassée,-8.536458,cassé,-10.457616,1
3874,S_NOUN_1_PASS_b,F,S,la bougie avec le billet était couverte <eos>,6,couverte,couvert,4,M,couverte,-8.199857,couvert,-9.454245,1
3875,S_NOUN_1_PASS_b,F,S,la bougie avec le billet était déformée <eos>,6,déformée,déformé,4,M,déformée,-10.769308,déformé,-13.474493,1
3876,S_NOUN_1_PASS_b,F,S,la bougie avec le billet était fixée <eos>,6,fixée,fixé,4,M,fixée,-5.429965,fixé,-7.045389,1
3877,S_NOUN_1_PASS_b,F,S,la bougie avec le billet était jetée <eos>,6,jetée,jeté,4,M,jetée,-8.301193,jeté,-11.277525,1
3878,S_NOUN_1_PASS_b,F,S,la bougie avec le billet était laissée <eos>,6,laissée,laissé,4,M,laissée,-7.8990173,laissé,-9.852825,1
3879,S_NOUN_1_PASS_b,F,S,la bougie avec le billet était ouverte <eos>,6,ouverte,ouvert,4,M,ouverte,-7.416006,ouvert,-10.075682,1
3880,S_NOUN_1_PASS_b,F,S,la bougie avec le billet était perdue <eos>,6,perdue,perdu,4,M,perdue,-8.186831,perdu,-10.037663,1
3881,S_NOUN_1_PASS_b,F,S,la bougie avec le billet était réparée <eos>,6,réparée,réparé,4,M,réparée,-10.48469,réparé,-12.873489,1
3882,S_NOUN_1_PASS_b,F,S,la bougie avec le billet était retirée <eos>,6,retirée,retiré,4,M,retirée,-6.861205,retiré,-8.263486,1
3883,S_NOUN_1_PASS_b,F,S,la bougie avec le billet était tombée <eos>,6,tombée,tombé,4,M,tombée,-8.427742,tombé,-9.441975,1
3884,S_NOUN_1_PASS_b,F,S,la bougie avec le billet était utilisée <eos>,6,utilisée,utilisé,4,M,utilisée,-5.192109,utilisé,-6.897358,1
3885,S_NOUN_1_PASS_b,F,S,la bougie avec le légume était achetée <eos>,6,achetée,acheté,4,M,achetée,-9.493938,acheté,-12.118767,1
3886,S_NOUN_1_PASS_b,F,S,la bougie avec le légume était brisée <eos>,6,brisée,brisé,4,M,brisée,-9.601031,brisé,-11.943258,1
3887,S_NOUN_1_PASS_b,F,S,la bougie avec le légume était cachée <eos>,6,cachée,caché,4,M,cachée,-9.155615,caché,-10.612839,1
3888,S_NOUN_1_PASS_b,F,S,la bougie avec le légume était cassée <eos>,6,cassée,cassé,4,M,cassée,-8.356743,cassé,-11.702986,1
3889,S_NOUN_1_PASS_b,F,S,la bougie avec le légume était couverte <eos>,6,couverte,couvert,4,M,couverte,-8.024223,couvert,-11.005949,1
3890,S_NOUN_1_PASS_b,F,S,la bougie avec le légume était déformée <eos>,6,déformée,déformé,4,M,déformée,-11.537758,déformé,-14.729235,1
3891,S_NOUN_1_PASS_b,F,S,la bougie avec le légume était fixée <eos>,6,fixée,fixé,4,M,fixée,-6.771839,fixé,-9.198379,1
3892,S_NOUN_1_PASS_b,F,S,la bougie avec le légume était jetée <eos>,6,jetée,jeté,4,M,jetée,-8.482915,jeté,-12.585297,1
3893,S_NOUN_1_PASS_b,F,S,la bougie avec le légume était laissée <eos>,6,laissée,laissé,4,M,laissée,-7.2508736,laissé,-10.956512,1
3894,S_NOUN_1_PASS_b,F,S,la bougie avec le légume était ouverte <eos>,6,ouverte,ouvert,4,M,ouverte,-7.340001,ouvert,-10.900845,1
3895,S_NOUN_1_PASS_b,F,S,la bougie avec le légume était perdue <eos>,6,perdue,perdu,4,M,perdue,-7.7389402,perdu,-11.138809,1
3896,S_NOUN_1_PASS_b,F,S,la bougie avec le légume était réparée <eos>,6,réparée,réparé,4,M,réparée,-11.849349,réparé,-14.063685,1
3897,S_NOUN_1_PASS_b,F,S,la bougie avec le légume était retirée <eos>,6,retirée,retiré,4,M,retirée,-7.075562,retiré,-10.312979,1
3898,S_NOUN_1_PASS_b,F,S,la bougie avec le légume était tombée <eos>,6,tombée,tombé,4,M,tombée,-7.902361,tombé,-10.8227215,1
3899,S_NOUN_1_PASS_b,F,S,la bougie avec le légume était utilisée <eos>,6,utilisée,utilisé,4,M,utilisée,-4.575111,utilisé,-7.2734685,1
3900,S_NOUN_1_PASS_b,F,S,la pochette avec le bracelet était achetée <eos>,6,achetée,acheté,4,M,achetée,-7.404784,acheté,-9.889992,1
3901,S_NOUN_1_PASS_b,F,S,la pochette avec le bracelet était brisée <eos>,6,brisée,brisé,4,M,brisée,-9.455614,brisé,-11.594816,1
3902,S_NOUN_1_PASS_b,F,S,la pochette avec le bracelet était cachée <eos>,6,cachée,caché,4,M,cachée,-7.482791,caché,-8.582037,1
3903,S_NOUN_1_PASS_b,F,S,la pochette avec le bracelet était cassée <eos>,6,cassée,cassé,4,M,cassée,-9.595801,cassé,-9.7551,1
3904,S_NOUN_1_PASS_b,F,S,la pochette avec le bracelet était couverte <eos>,6,couverte,couvert,4,M,couverte,-7.309582,couvert,-8.473375,1
3905,S_NOUN_1_PASS_b,F,S,la pochette avec le bracelet était déformée <eos>,6,déformée,déformé,4,M,déformée,-10.373634,déformé,-12.15047,1
3906,S_NOUN_1_PASS_b,F,S,la pochette avec le bracelet était fixée <eos>,6,fixée,fixé,4,M,fixée,-5.6742253,fixé,-8.003265,1
3907,S_NOUN_1_PASS_b,F,S,la pochette avec le bracelet était jetée <eos>,6,jetée,jeté,4,M,jetée,-10.405886,jeté,-11.155497,1
3908,S_NOUN_1_PASS_b,F,S,la pochette avec le bracelet était laissée <eos>,6,laissée,laissé,4,M,laissée,-8.584686,laissé,-10.453701,1
3909,S_NOUN_1_PASS_b,F,S,la pochette avec le bracelet était ouverte <eos>,6,ouverte,ouvert,4,M,ouverte,-7.077776,ouvert,-9.846602,1
3910,S_NOUN_1_PASS_b,F,S,la pochette avec le bracelet était perdue <eos>,6,perdue,perdu,4,M,perdue,-7.7741237,perdu,-9.672983,1
3911,S_NOUN_1_PASS_b,F,S,la pochette avec le bracelet était réparée <eos>,6,réparée,réparé,4,M,réparée,-11.616041,réparé,-14.841706,1
3912,S_NOUN_1_PASS_b,F,S,la pochette avec le bracelet était retirée <eos>,6,retirée,retiré,4,M,retirée,-7.466302,retiré,-8.919939,1
3913,S_NOUN_1_PASS_b,F,S,la pochette avec le bracelet était tombée <eos>,6,tombée,tombé,4,M,tombée,-8.750898,tombé,-9.24538,1
3914,S_NOUN_1_PASS_b,F,S,la pochette avec le bracelet était utilisée <eos>,6,utilisée,utilisé,4,M,utilisée,-4.569933,utilisé,-6.646865,1
3915,S_NOUN_1_PASS_b,F,S,la pochette avec le miroir était achetée <eos>,6,achetée,acheté,4,M,achetée,-7.277071,acheté,-9.945937,1
3916,S_NOUN_1_PASS_b,F,S,la pochette avec le miroir était brisée <eos>,6,brisée,brisé,4,M,brisée,-8.869325,brisé,-11.098202,1
3917,S_NOUN_1_PASS_b,F,S,la pochette avec le miroir était cachée <eos>,6,cachée,caché,4,M,cachée,-6.612644,caché,-8.35459,1
3918,S_NOUN_1_PASS_b,F,S,la pochette avec le miroir était cassée <eos>,6,cassée,cassé,4,M,cassée,-9.3646345,cassé,-9.4374895,1
3919,S_NOUN_1_PASS_b,F,S,la pochette avec le miroir était couverte <eos>,6,couverte,couvert,4,M,couverte,-6.6966143,couvert,-8.610341,1
3920,S_NOUN_1_PASS_b,F,S,la pochette avec le miroir était déformée <eos>,6,déformée,déformé,4,M,déformée,-9.115871,déformé,-11.881997,1
3921,S_NOUN_1_PASS_b,F,S,la pochette avec le miroir était fixée <eos>,6,fixée,fixé,4,M,fixée,-5.8066053,fixé,-8.692467,1
3922,S_NOUN_1_PASS_b,F,S,la pochette avec le miroir était jetée <eos>,6,jetée,jeté,4,M,jetée,-9.713074,jeté,-11.7121315,1
3923,S_NOUN_1_PASS_b,F,S,la pochette avec le miroir était laissée <eos>,6,laissée,laissé,4,M,laissée,-8.370807,laissé,-10.898143,1
3924,S_NOUN_1_PASS_b,F,S,la pochette avec le miroir était ouverte <eos>,6,ouverte,ouvert,4,M,ouverte,-6.837446,ouvert,-10.360694,1
3925,S_NOUN_1_PASS_b,F,S,la pochette avec le miroir était perdue <eos>,6,perdue,perdu,4,M,perdue,-7.493593,perdu,-10.156988,1
3926,S_NOUN_1_PASS_b,F,S,la pochette avec le miroir était réparée <eos>,6,réparée,réparé,4,M,réparée,-10.778367,réparé,-13.850633,1
3927,S_NOUN_1_PASS_b,F,S,la pochette avec le miroir était retirée <eos>,6,retirée,retiré,4,M,retirée,-6.7568398,retiré,-9.194666,1
3928,S_NOUN_1_PASS_b,F,S,la pochette avec le miroir était tombée <eos>,6,tombée,tombé,4,M,tombée,-8.524049,tombé,-9.903813,1
3929,S_NOUN_1_PASS_b,F,S,la pochette avec le miroir était utilisée <eos>,6,utilisée,utilisé,4,M,utilisée,-4.8602104,utilisé,-7.431143,1
3930,S_NOUN_1_PASS_b,F,S,la pochette avec le crayon était achetée <eos>,6,achetée,acheté,4,M,achetée,-7.770544,acheté,-11.174954,1
3931,S_NOUN_1_PASS_b,F,S,la pochette avec le crayon était brisée <eos>,6,brisée,brisé,4,M,brisée,-9.9751425,brisé,-12.39213,1
3932,S_NOUN_1_PASS_b,F,S,la pochette avec le crayon était cachée <eos>,6,cachée,caché,4,M,cachée,-7.31048,caché,-9.051811,1
3933,S_NOUN_1_PASS_b,F,S,la pochette avec le crayon était cassée <eos>,6,cassée,cassé,4,M,cassée,-9.298032,cassé,-11.113936,1
3934,S_NOUN_1_PASS_b,F,S,la pochette avec le crayon était couverte <eos>,6,couverte,couvert,4,M,couverte,-7.180109,couvert,-8.814201,1
3935,S_NOUN_1_PASS_b,F,S,la pochette avec le crayon était déformée <eos>,6,déformée,déformé,4,M,déformée,-9.310479,déformé,-12.530979,1
3936,S_NOUN_1_PASS_b,F,S,la pochette avec le crayon était fixée <eos>,6,fixée,fixé,4,M,fixée,-6.688816,fixé,-9.376996,1
3937,S_NOUN_1_PASS_b,F,S,la pochette avec le crayon était jetée <eos>,6,jetée,jeté,4,M,jetée,-9.58567,jeté,-11.8843,1
3938,S_NOUN_1_PASS_b,F,S,la pochette avec le crayon était laissée <eos>,6,laissée,laissé,4,M,laissée,-7.307914,laissé,-10.7057905,1
3939,S_NOUN_1_PASS_b,F,S,la pochette avec le crayon était ouverte <eos>,6,ouverte,ouvert,4,M,ouverte,-6.8311872,ouvert,-10.663997,1
3940,S_NOUN_1_PASS_b,F,S,la pochette avec le crayon était perdue <eos>,6,perdue,perdu,4,M,perdue,-7.6475067,perdu,-9.969864,1
3941,S_NOUN_1_PASS_b,F,S,la pochette avec le crayon était réparée <eos>,6,réparée,réparé,4,M,réparée,-11.139902,réparé,-14.655664,1
3942,S_NOUN_1_PASS_b,F,S,la pochette avec le crayon était retirée <eos>,6,retirée,retiré,4,M,retirée,-7.88995,retiré,-10.1463585,1
3943,S_NOUN_1_PASS_b,F,S,la pochette avec le crayon était tombée <eos>,6,tombée,tombé,4,M,tombée,-8.104838,tombé,-9.81704,1
3944,S_NOUN_1_PASS_b,F,S,la pochette avec le crayon était utilisée <eos>,6,utilisée,utilisé,4,M,utilisée,-3.8394089,utilisé,-6.994133,1
3945,S_NOUN_1_PASS_b,F,S,la pochette avec le rideau était achetée <eos>,6,achetée,acheté,4,M,achetée,-7.326597,acheté,-10.484448,1
3946,S_NOUN_1_PASS_b,F,S,la pochette avec le rideau était brisée <eos>,6,brisée,brisé,4,M,brisée,-8.601543,brisé,-10.932894,1
3947,S_NOUN_1_PASS_b,F,S,la pochette avec le rideau était cachée <eos>,6,cachée,caché,4,M,cachée,-6.965166,caché,-8.399993,1
3948,S_NOUN_1_PASS_b,F,S,la pochette avec le rideau était cassée <eos>,6,cassée,cassé,4,M,cassée,-9.267839,cassé,-9.6639595,1
3949,S_NOUN_1_PASS_b,F,S,la pochette avec le rideau était couverte <eos>,6,couverte,couvert,4,M,couverte,-7.059555,couvert,-8.47835,1
3950,S_NOUN_1_PASS_b,F,S,la pochette avec le rideau était déformée <eos>,6,déformée,déformé,4,M,déformée,-9.409464,déformé,-11.999768,1
3951,S_NOUN_1_PASS_b,F,S,la pochette avec le rideau était fixée <eos>,6,fixée,fixé,4,M,fixée,-5.9180975,fixé,-9.158164,1
3952,S_NOUN_1_PASS_b,F,S,la pochette avec le rideau était jetée <eos>,6,jetée,jeté,4,M,jetée,-9.948343,jeté,-11.875725,1
3953,S_NOUN_1_PASS_b,F,S,la pochette avec le rideau était laissée <eos>,6,laissée,laissé,4,M,laissée,-7.754885,laissé,-10.8241825,1
3954,S_NOUN_1_PASS_b,F,S,la pochette avec le rideau était ouverte <eos>,6,ouverte,ouvert,4,M,ouverte,-7.1752667,ouvert,-10.390752,1
3955,S_NOUN_1_PASS_b,F,S,la pochette avec le rideau était perdue <eos>,6,perdue,perdu,4,M,perdue,-8.556488,perdu,-10.60202,1
3956,S_NOUN_1_PASS_b,F,S,la pochette avec le rideau était réparée <eos>,6,réparée,réparé,4,M,réparée,-10.921608,réparé,-13.185455,1
3957,S_NOUN_1_PASS_b,F,S,la pochette avec le rideau était retirée <eos>,6,retirée,retiré,4,M,retirée,-6.1508665,retiré,-9.377312,1
3958,S_NOUN_1_PASS_b,F,S,la pochette avec le rideau était tombée <eos>,6,tombée,tombé,4,M,tombée,-7.5472865,tombé,-9.327822,1
3959,S_NOUN_1_PASS_b,F,S,la pochette avec le rideau était utilisée <eos>,6,utilisée,utilisé,4,M,utilisée,-4.9528837,utilisé,-7.5892277,1
3960,S_NOUN_1_PASS_b,F,S,la pochette avec le cahier était achetée <eos>,6,achetée,acheté,4,M,achetée,-7.6302614,acheté,-9.707554,1
3961,S_NOUN_1_PASS_b,F,S,la pochette avec le cahier était brisée <eos>,6,brisée,brisé,4,M,brisée,-10.372244,brisé,-11.853676,1
3962,S_NOUN_1_PASS_b,F,S,la pochette avec le cahier était cachée <eos>,6,cachée,caché,4,M,cachée,-8.494043,caché,-8.365223,0
3963,S_NOUN_1_PASS_b,F,S,la pochette avec le cahier était cassée <eos>,6,cassée,cassé,4,M,cassée,-11.127923,cassé,-10.98529,0
3964,S_NOUN_1_PASS_b,F,S,la pochette avec le cahier était couverte <eos>,6,couverte,couvert,4,M,couverte,-8.225316,couvert,-8.068262,0
3965,S_NOUN_1_PASS_b,F,S,la pochette avec le cahier était déformée <eos>,6,déformée,déformé,4,M,déformée,-10.261272,déformé,-12.301637,1
3966,S_NOUN_1_PASS_b,F,S,la pochette avec le cahier était fixée <eos>,6,fixée,fixé,4,M,fixée,-5.943386,fixé,-8.172509,1
3967,S_NOUN_1_PASS_b,F,S,la pochette avec le cahier était jetée <eos>,6,jetée,jeté,4,M,jetée,-11.018749,jeté,-12.106302,1
3968,S_NOUN_1_PASS_b,F,S,la pochette avec le cahier était laissée <eos>,6,laissée,laissé,4,M,laissée,-8.160667,laissé,-10.532713,1
3969,S_NOUN_1_PASS_b,F,S,la pochette avec le cahier était ouverte <eos>,6,ouverte,ouvert,4,M,ouverte,-7.2711983,ouvert,-8.823442,1
3970,S_NOUN_1_PASS_b,F,S,la pochette avec le cahier était perdue <eos>,6,perdue,perdu,4,M,perdue,-8.4886875,perdu,-8.806709,1
3971,S_NOUN_1_PASS_b,F,S,la pochette avec le cahier était réparée <eos>,6,réparée,réparé,4,M,réparée,-11.0271225,réparé,-13.58181,1
3972,S_NOUN_1_PASS_b,F,S,la pochette avec le cahier était retirée <eos>,6,retirée,retiré,4,M,retirée,-6.533457,retiré,-7.439208,1
3973,S_NOUN_1_PASS_b,F,S,la pochette avec le cahier était tombée <eos>,6,tombée,tombé,4,M,tombée,-8.689682,tombé,-9.929348,1
3974,S_NOUN_1_PASS_b,F,S,la pochette avec le cahier était utilisée <eos>,6,utilisée,utilisé,4,M,utilisée,-4.9536753,utilisé,-6.6793957,1
3975,S_NOUN_1_PASS_b,F,S,la pochette avec le micro était achetée <eos>,6,achetée,acheté,4,M,achetée,-7.848426,acheté,-10.771318,1
3976,S_NOUN_1_PASS_b,F,S,la pochette avec le micro était brisée <eos>,6,brisée,brisé,4,M,brisée,-9.825791,brisé,-11.562573,1
3977,S_NOUN_1_PASS_b,F,S,la pochette avec le micro était cachée <eos>,6,cachée,caché,4,M,cachée,-7.487351,caché,-9.244071,1
3978,S_NOUN_1_PASS_b,F,S,la pochette avec le micro était cassée <eos>,6,cassée,cassé,4,M,cassée,-8.444017,cassé,-9.554308,1
3979,S_NOUN_1_PASS_b,F,S,la pochette avec le micro était couverte <eos>,6,couverte,couvert,4,M,couverte,-7.437207,couvert,-8.725605,1
3980,S_NOUN_1_PASS_b,F,S,la pochette avec le micro était déformée <eos>,6,déformée,déformé,4,M,déformée,-9.194109,déformé,-12.50427,1
3981,S_NOUN_1_PASS_b,F,S,la pochette avec le micro était fixée <eos>,6,fixée,fixé,4,M,fixée,-5.982066,fixé,-8.944468,1
3982,S_NOUN_1_PASS_b,F,S,la pochette avec le micro était jetée <eos>,6,jetée,jeté,4,M,jetée,-9.811958,jeté,-11.816591,1
3983,S_NOUN_1_PASS_b,F,S,la pochette avec le micro était laissée <eos>,6,laissée,laissé,4,M,laissée,-7.429281,laissé,-10.325607,1
3984,S_NOUN_1_PASS_b,F,S,la pochette avec le micro était ouverte <eos>,6,ouverte,ouvert,4,M,ouverte,-7.2704725,ouvert,-10.338968,1
3985,S_NOUN_1_PASS_b,F,S,la pochette avec le micro était perdue <eos>,6,perdue,perdu,4,M,perdue,-7.852034,perdu,-10.104464,1
3986,S_NOUN_1_PASS_b,F,S,la pochette avec le micro était réparée <eos>,6,réparée,réparé,4,M,réparée,-10.977005,réparé,-14.269045,1
3987,S_NOUN_1_PASS_b,F,S,la pochette avec le micro était retirée <eos>,6,retirée,retiré,4,M,retirée,-6.974061,retiré,-9.417143,1
3988,S_NOUN_1_PASS_b,F,S,la pochette avec le micro était tombée <eos>,6,tombée,tombé,4,M,tombée,-8.370127,tombé,-9.31545,1
3989,S_NOUN_1_PASS_b,F,S,la pochette avec le micro était utilisée <eos>,6,utilisée,utilisé,4,M,utilisée,-5.125535,utilisé,-7.9192085,1
3990,S_NOUN_1_PASS_b,F,S,la pochette avec le sac était achetée <eos>,6,achetée,acheté,4,M,achetée,-6.884513,acheté,-10.11277,1
3991,S_NOUN_1_PASS_b,F,S,la pochette avec le sac était brisée <eos>,6,brisée,brisé,4,M,brisée,-8.767757,brisé,-11.44791,1
3992,S_NOUN_1_PASS_b,F,S,la pochette avec le sac était cachée <eos>,6,cachée,caché,4,M,cachée,-6.2814827,caché,-7.914626,1
3993,S_NOUN_1_PASS_b,F,S,la pochette avec le sac était cassée <eos>,6,cassée,cassé,4,M,cassée,-8.470614,cassé,-9.695898,1
3994,S_NOUN_1_PASS_b,F,S,la pochette avec le sac était couverte <eos>,6,couverte,couvert,4,M,couverte,-6.6150455,couvert,-8.332798,1
3995,S_NOUN_1_PASS_b,F,S,la pochette avec le sac était déformée <eos>,6,déformée,déformé,4,M,déformée,-9.261002,déformé,-11.623913,1
3996,S_NOUN_1_PASS_b,F,S,la pochette avec le sac était fixée <eos>,6,fixée,fixé,4,M,fixée,-5.785051,fixé,-8.486033,1
3997,S_NOUN_1_PASS_b,F,S,la pochette avec le sac était jetée <eos>,6,jetée,jeté,4,M,jetée,-8.941896,jeté,-10.844415,1
3998,S_NOUN_1_PASS_b,F,S,la pochette avec le sac était laissée <eos>,6,laissée,laissé,4,M,laissée,-7.12374,laissé,-9.812144,1
3999,S_NOUN_1_PASS_b,F,S,la pochette avec le sac était ouverte <eos>,6,ouverte,ouvert,4,M,ouverte,-6.415436,ouvert,-9.955873,1
4000,S_NOUN_1_PASS_b,F,S,la pochette avec le sac était perdue <eos>,6,perdue,perdu,4,M,perdue,-7.188727,perdu,-9.88728,1
4001,S_NOUN_1_PASS_b,F,S,la pochette avec le sac était réparée <eos>,6,réparée,réparé,4,M,réparée,-11.0658245,réparé,-14.054541,1
4002,S_NOUN_1_PASS_b,F,S,la pochette avec le sac était retirée <eos>,6,retirée,retiré,4,M,retirée,-6.2601814,retiré,-8.629815,1
4003,S_NOUN_1_PASS_b,F,S,la pochette avec le sac était tombée <eos>,6,tombée,tombé,4,M,tombée,-8.20851,tombé,-9.646723,1
4004,S_NOUN_1_PASS_b,F,S,la pochette avec le sac était utilisée <eos>,6,utilisée,utilisé,4,M,utilisée,-4.95996,utilisé,-7.7342014,1
4005,S_NOUN_1_PASS_b,F,S,la pochette avec le clavier était achetée <eos>,6,achetée,acheté,4,M,achetée,-9.118407,acheté,-11.101981,1
4006,S_NOUN_1_PASS_b,F,S,la pochette avec le clavier était brisée <eos>,6,brisée,brisé,4,M,brisée,-10.129877,brisé,-11.976437,1
4007,S_NOUN_1_PASS_b,F,S,la pochette avec le clavier était cachée <eos>,6,cachée,caché,4,M,cachée,-7.175104,caché,-9.077265,1
4008,S_NOUN_1_PASS_b,F,S,la pochette avec le clavier était cassée <eos>,6,cassée,cassé,4,M,cassée,-8.804028,cassé,-10.182224,1
4009,S_NOUN_1_PASS_b,F,S,la pochette avec le clavier était couverte <eos>,6,couverte,couvert,4,M,couverte,-7.1954727,couvert,-8.953321,1
4010,S_NOUN_1_PASS_b,F,S,la pochette avec le clavier était déformée <eos>,6,déformée,déformé,4,M,déformée,-9.165647,déformé,-12.995206,1
4011,S_NOUN_1_PASS_b,F,S,la pochette avec le clavier était fixée <eos>,6,fixée,fixé,4,M,fixée,-5.801865,fixé,-8.401741,1
4012,S_NOUN_1_PASS_b,F,S,la pochette avec le clavier était jetée <eos>,6,jetée,jeté,4,M,jetée,-11.222335,jeté,-12.695718,1
4013,S_NOUN_1_PASS_b,F,S,la pochette avec le clavier était laissée <eos>,6,laissée,laissé,4,M,laissée,-8.297385,laissé,-10.647545,1
4014,S_NOUN_1_PASS_b,F,S,la pochette avec le clavier était ouverte <eos>,6,ouverte,ouvert,4,M,ouverte,-6.9422884,ouvert,-9.723528,1
4015,S_NOUN_1_PASS_b,F,S,la pochette avec le clavier était perdue <eos>,6,perdue,perdu,4,M,perdue,-8.276075,perdu,-10.216736,1
4016,S_NOUN_1_PASS_b,F,S,la pochette avec le clavier était réparée <eos>,6,réparée,réparé,4,M,réparée,-10.894597,réparé,-14.653503,1
4017,S_NOUN_1_PASS_b,F,S,la pochette avec le clavier était retirée <eos>,6,retirée,retiré,4,M,retirée,-7.411165,retiré,-9.350682,1
4018,S_NOUN_1_PASS_b,F,S,la pochette avec le clavier était tombée <eos>,6,tombée,tombé,4,M,tombée,-8.135403,tombé,-9.74806,1
4019,S_NOUN_1_PASS_b,F,S,la pochette avec le clavier était utilisée <eos>,6,utilisée,utilisé,4,M,utilisée,-4.685522,utilisé,-7.270073,1
4020,S_NOUN_1_PASS_b,F,S,la pochette avec le raisin était achetée <eos>,6,achetée,acheté,4,M,achetée,-7.6120443,acheté,-10.64268,1
4021,S_NOUN_1_PASS_b,F,S,la pochette avec le raisin était brisée <eos>,6,brisée,brisé,4,M,brisée,-9.036405,brisé,-13.490655,1
4022,S_NOUN_1_PASS_b,F,S,la pochette avec le raisin était cachée <eos>,6,cachée,caché,4,M,cachée,-8.47476,caché,-10.242718,1
4023,S_NOUN_1_PASS_b,F,S,la pochette avec le raisin était cassée <eos>,6,cassée,cassé,4,M,cassée,-8.734751,cassé,-10.144163,1
4024,S_NOUN_1_PASS_b,F,S,la pochette avec le raisin était couverte <eos>,6,couverte,couvert,4,M,couverte,-7.0844975,couvert,-9.223334,1
4025,S_NOUN_1_PASS_b,F,S,la pochette avec le raisin était déformée <eos>,6,déformée,déformé,4,M,déformée,-9.643831,déformé,-13.206817,1
4026,S_NOUN_1_PASS_b,F,S,la pochette avec le raisin était fixée <eos>,6,fixée,fixé,4,M,fixée,-5.6387434,fixé,-9.093646,1
4027,S_NOUN_1_PASS_b,F,S,la pochette avec le raisin était jetée <eos>,6,jetée,jeté,4,M,jetée,-9.294122,jeté,-11.612053,1
4028,S_NOUN_1_PASS_b,F,S,la pochette avec le raisin était laissée <eos>,6,laissée,laissé,4,M,laissée,-8.258077,laissé,-11.058779,1
4029,S_NOUN_1_PASS_b,F,S,la pochette avec le raisin était ouverte <eos>,6,ouverte,ouvert,4,M,ouverte,-6.897457,ouvert,-10.700562,1
4030,S_NOUN_1_PASS_b,F,S,la pochette avec le raisin était perdue <eos>,6,perdue,perdu,4,M,perdue,-8.306352,perdu,-11.1550865,1
4031,S_NOUN_1_PASS_b,F,S,la pochette avec le raisin était réparée <eos>,6,réparée,réparé,4,M,réparée,-11.348425,réparé,-14.700943,1
4032,S_NOUN_1_PASS_b,F,S,la pochette avec le raisin était retirée <eos>,6,retirée,retiré,4,M,retirée,-6.847776,retiré,-9.382433,1
4033,S_NOUN_1_PASS_b,F,S,la pochette avec le raisin était tombée <eos>,6,tombée,tombé,4,M,tombée,-8.076506,tombé,-10.277414,1
4034,S_NOUN_1_PASS_b,F,S,la pochette avec le raisin était utilisée <eos>,6,utilisée,utilisé,4,M,utilisée,-4.653147,utilisé,-7.7976546,1
4035,S_NOUN_1_PASS_b,F,S,la pochette avec le chargeur était achetée <eos>,6,achetée,acheté,4,M,achetée,-8.416584,acheté,-10.820747,1
4036,S_NOUN_1_PASS_b,F,S,la pochette avec le chargeur était brisée <eos>,6,brisée,brisé,4,M,brisée,-9.276537,brisé,-11.61752,1
4037,S_NOUN_1_PASS_b,F,S,la pochette avec le chargeur était cachée <eos>,6,cachée,caché,4,M,cachée,-6.5893517,caché,-8.703303,1
4038,S_NOUN_1_PASS_b,F,S,la pochette avec le chargeur était cassée <eos>,6,cassée,cassé,4,M,cassée,-8.4333935,cassé,-10.302206,1
4039,S_NOUN_1_PASS_b,F,S,la pochette avec le chargeur était couverte <eos>,6,couverte,couvert,4,M,couverte,-7.2699647,couvert,-9.357011,1
4040,S_NOUN_1_PASS_b,F,S,la pochette avec le chargeur était déformée <eos>,6,déformée,déformé,4,M,déformée,-9.400051,déformé,-12.510986,1
4041,S_NOUN_1_PASS_b,F,S,la pochette avec le chargeur était fixée <eos>,6,fixée,fixé,4,M,fixée,-5.8989553,fixé,-8.463437,1
4042,S_NOUN_1_PASS_b,F,S,la pochette avec le chargeur était jetée <eos>,6,jetée,jeté,4,M,jetée,-9.733266,jeté,-11.874399,1
4043,S_NOUN_1_PASS_b,F,S,la pochette avec le chargeur était laissée <eos>,6,laissée,laissé,4,M,laissée,-8.038879,laissé,-10.397367,1
4044,S_NOUN_1_PASS_b,F,S,la pochette avec le chargeur était ouverte <eos>,6,ouverte,ouvert,4,M,ouverte,-6.995963,ouvert,-10.570946,1
4045,S_NOUN_1_PASS_b,F,S,la pochette avec le chargeur était perdue <eos>,6,perdue,perdu,4,M,perdue,-8.201214,perdu,-9.964739,1
4046,S_NOUN_1_PASS_b,F,S,la pochette avec le chargeur était réparée <eos>,6,réparée,réparé,4,M,réparée,-10.897538,réparé,-14.518353,1
4047,S_NOUN_1_PASS_b,F,S,la pochette avec le chargeur était retirée <eos>,6,retirée,retiré,4,M,retirée,-7.099723,retiré,-9.2049265,1
4048,S_NOUN_1_PASS_b,F,S,la pochette avec le chargeur était tombée <eos>,6,tombée,tombé,4,M,tombée,-9.018969,tombé,-10.177722,1
4049,S_NOUN_1_PASS_b,F,S,la pochette avec le chargeur était utilisée <eos>,6,utilisée,utilisé,4,M,utilisée,-5.254925,utilisé,-7.9564056,1
4050,S_NOUN_1_PASS_b,F,S,la pochette avec le vase était achetée <eos>,6,achetée,acheté,4,M,achetée,-7.875054,acheté,-11.094086,1
4051,S_NOUN_1_PASS_b,F,S,la pochette avec le vase était brisée <eos>,6,brisée,brisé,4,M,brisée,-8.8804455,brisé,-11.448461,1
4052,S_NOUN_1_PASS_b,F,S,la pochette avec le vase était cachée <eos>,6,cachée,caché,4,M,cachée,-7.0594754,caché,-8.904181,1
4053,S_NOUN_1_PASS_b,F,S,la pochette avec le vase était cassée <eos>,6,cassée,cassé,4,M,cassée,-9.19878,cassé,-10.456584,1
4054,S_NOUN_1_PASS_b,F,S,la pochette avec le vase était couverte <eos>,6,couverte,couvert,4,M,couverte,-6.621306,couvert,-8.372164,1
4055,S_NOUN_1_PASS_b,F,S,la pochette avec le vase était déformée <eos>,6,déformée,déformé,4,M,déformée,-9.827509,déformé,-12.767688,1
4056,S_NOUN_1_PASS_b,F,S,la pochette avec le vase était fixée <eos>,6,fixée,fixé,4,M,fixée,-6.3056064,fixé,-9.273813,1
4057,S_NOUN_1_PASS_b,F,S,la pochette avec le vase était jetée <eos>,6,jetée,jeté,4,M,jetée,-9.380082,jeté,-11.697829,1
4058,S_NOUN_1_PASS_b,F,S,la pochette avec le vase était laissée <eos>,6,laissée,laissé,4,M,laissée,-8.1097355,laissé,-10.75694,1
4059,S_NOUN_1_PASS_b,F,S,la pochette avec le vase était ouverte <eos>,6,ouverte,ouvert,4,M,ouverte,-7.1396446,ouvert,-10.872223,1
4060,S_NOUN_1_PASS_b,F,S,la pochette avec le vase était perdue <eos>,6,perdue,perdu,4,M,perdue,-7.24083,perdu,-9.565052,1
4061,S_NOUN_1_PASS_b,F,S,la pochette avec le vase était réparée <eos>,6,réparée,réparé,4,M,réparée,-10.790591,réparé,-14.105013,1
4062,S_NOUN_1_PASS_b,F,S,la pochette avec le vase était retirée <eos>,6,retirée,retiré,4,M,retirée,-6.981262,retiré,-9.737195,1
4063,S_NOUN_1_PASS_b,F,S,la pochette avec le vase était tombée <eos>,6,tombée,tombé,4,M,tombée,-7.850665,tombé,-9.630887,1
4064,S_NOUN_1_PASS_b,F,S,la pochette avec le vase était utilisée <eos>,6,utilisée,utilisé,4,M,utilisée,-4.760063,utilisé,-7.870455,1
4065,S_NOUN_1_PASS_b,F,S,la pochette avec le panier était achetée <eos>,6,achetée,acheté,4,M,achetée,-7.8302546,acheté,-10.580108,1
4066,S_NOUN_1_PASS_b,F,S,la pochette avec le panier était brisée <eos>,6,brisée,brisé,4,M,brisée,-9.457028,brisé,-12.290439,1
4067,S_NOUN_1_PASS_b,F,S,la pochette avec le panier était cachée <eos>,6,cachée,caché,4,M,cachée,-7.160176,caché,-8.933346,1
4068,S_NOUN_1_PASS_b,F,S,la pochette avec le panier était cassée <eos>,6,cassée,cassé,4,M,cassée,-8.877318,cassé,-10.346044,1
4069,S_NOUN_1_PASS_b,F,S,la pochette avec le panier était couverte <eos>,6,couverte,couvert,4,M,couverte,-7.60728,couvert,-9.147247,1
4070,S_NOUN_1_PASS_b,F,S,la pochette avec le panier était déformée <eos>,6,déformée,déformé,4,M,déformée,-9.665205,déformé,-12.655496,1
4071,S_NOUN_1_PASS_b,F,S,la pochette avec le panier était fixée <eos>,6,fixée,fixé,4,M,fixée,-6.080921,fixé,-8.435565,1
4072,S_NOUN_1_PASS_b,F,S,la pochette avec le panier était jetée <eos>,6,jetée,jeté,4,M,jetée,-10.0228615,jeté,-12.411419,1
4073,S_NOUN_1_PASS_b,F,S,la pochette avec le panier était laissée <eos>,6,laissée,laissé,4,M,laissée,-7.485671,laissé,-10.577134,1
4074,S_NOUN_1_PASS_b,F,S,la pochette avec le panier était ouverte <eos>,6,ouverte,ouvert,4,M,ouverte,-7.6487074,ouvert,-10.739771,1
4075,S_NOUN_1_PASS_b,F,S,la pochette avec le panier était perdue <eos>,6,perdue,perdu,4,M,perdue,-8.39019,perdu,-10.698849,1
4076,S_NOUN_1_PASS_b,F,S,la pochette avec le panier était réparée <eos>,6,réparée,réparé,4,M,réparée,-11.50268,réparé,-14.404196,1
4077,S_NOUN_1_PASS_b,F,S,la pochette avec le panier était retirée <eos>,6,retirée,retiré,4,M,retirée,-6.5603275,retiré,-8.937787,1
4078,S_NOUN_1_PASS_b,F,S,la pochette avec le panier était tombée <eos>,6,tombée,tombé,4,M,tombée,-8.653637,tombé,-9.956639,1
4079,S_NOUN_1_PASS_b,F,S,la pochette avec le panier était utilisée <eos>,6,utilisée,utilisé,4,M,utilisée,-5.1913037,utilisé,-7.451902,1
4080,S_NOUN_1_PASS_b,F,S,la pochette avec le collier était achetée <eos>,6,achetée,acheté,4,M,achetée,-6.869914,acheté,-9.8674345,1
4081,S_NOUN_1_PASS_b,F,S,la pochette avec le collier était brisée <eos>,6,brisée,brisé,4,M,brisée,-9.235861,brisé,-11.682791,1
4082,S_NOUN_1_PASS_b,F,S,la pochette avec le collier était cachée <eos>,6,cachée,caché,4,M,cachée,-7.0790186,caché,-8.552759,1
4083,S_NOUN_1_PASS_b,F,S,la pochette avec le collier était cassée <eos>,6,cassée,cassé,4,M,cassée,-9.422361,cassé,-9.577363,1
4084,S_NOUN_1_PASS_b,F,S,la pochette avec le collier était couverte <eos>,6,couverte,couvert,4,M,couverte,-7.54088,couvert,-8.995285,1
4085,S_NOUN_1_PASS_b,F,S,la pochette avec le collier était déformée <eos>,6,déformée,déformé,4,M,déformée,-10.246665,déformé,-11.855614,1
4086,S_NOUN_1_PASS_b,F,S,la pochette avec le collier était fixée <eos>,6,fixée,fixé,4,M,fixée,-6.0159864,fixé,-8.428003,1
4087,S_NOUN_1_PASS_b,F,S,la pochette avec le collier était jetée <eos>,6,jetée,jeté,4,M,jetée,-10.10181,jeté,-11.422302,1
4088,S_NOUN_1_PASS_b,F,S,la pochette avec le collier était laissée <eos>,6,laissée,laissé,4,M,laissée,-8.445457,laissé,-10.631874,1
4089,S_NOUN_1_PASS_b,F,S,la pochette avec le collier était ouverte <eos>,6,ouverte,ouvert,4,M,ouverte,-7.610027,ouvert,-11.053602,1
4090,S_NOUN_1_PASS_b,F,S,la pochette avec le collier était perdue <eos>,6,perdue,perdu,4,M,perdue,-7.797757,perdu,-10.250364,1
4091,S_NOUN_1_PASS_b,F,S,la pochette avec le collier était réparée <eos>,6,réparée,réparé,4,M,réparée,-11.783031,réparé,-14.415909,1
4092,S_NOUN_1_PASS_b,F,S,la pochette avec le collier était retirée <eos>,6,retirée,retiré,4,M,retirée,-6.5664473,retiré,-8.495289,1
4093,S_NOUN_1_PASS_b,F,S,la pochette avec le collier était tombée <eos>,6,tombée,tombé,4,M,tombée,-8.637024,tombé,-9.726797,1
4094,S_NOUN_1_PASS_b,F,S,la pochette avec le collier était utilisée <eos>,6,utilisée,utilisé,4,M,utilisée,-5.070843,utilisé,-7.1981683,1
4095,S_NOUN_1_PASS_b,F,S,la pochette avec le chapeau était achetée <eos>,6,achetée,acheté,4,M,achetée,-7.2852664,acheté,-10.373581,1
4096,S_NOUN_1_PASS_b,F,S,la pochette avec le chapeau était brisée <eos>,6,brisée,brisé,4,M,brisée,-8.9853735,brisé,-12.70805,1
4097,S_NOUN_1_PASS_b,F,S,la pochette avec le chapeau était cachée <eos>,6,cachée,caché,4,M,cachée,-7.7287917,caché,-9.2980175,1
4098,S_NOUN_1_PASS_b,F,S,la pochette avec le chapeau était cassée <eos>,6,cassée,cassé,4,M,cassée,-8.75084,cassé,-9.623526,1
4099,S_NOUN_1_PASS_b,F,S,la pochette avec le chapeau était couverte <eos>,6,couverte,couvert,4,M,couverte,-7.0348415,couvert,-9.172135,1
4100,S_NOUN_1_PASS_b,F,S,la pochette avec le chapeau était déformée <eos>,6,déformée,déformé,4,M,déformée,-9.096811,déformé,-11.547571,1
4101,S_NOUN_1_PASS_b,F,S,la pochette avec le chapeau était fixée <eos>,6,fixée,fixé,4,M,fixée,-5.838189,fixé,-8.716302,1
4102,S_NOUN_1_PASS_b,F,S,la pochette avec le chapeau était jetée <eos>,6,jetée,jeté,4,M,jetée,-9.858882,jeté,-11.766001,1
4103,S_NOUN_1_PASS_b,F,S,la pochette avec le chapeau était laissée <eos>,6,laissée,laissé,4,M,laissée,-8.229137,laissé,-10.951366,1
4104,S_NOUN_1_PASS_b,F,S,la pochette avec le chapeau était ouverte <eos>,6,ouverte,ouvert,4,M,ouverte,-7.4369807,ouvert,-11.333204,1
4105,S_NOUN_1_PASS_b,F,S,la pochette avec le chapeau était perdue <eos>,6,perdue,perdu,4,M,perdue,-8.490923,perdu,-10.704832,1
4106,S_NOUN_1_PASS_b,F,S,la pochette avec le chapeau était réparée <eos>,6,réparée,réparé,4,M,réparée,-11.167484,réparé,-14.633831,1
4107,S_NOUN_1_PASS_b,F,S,la pochette avec le chapeau était retirée <eos>,6,retirée,retiré,4,M,retirée,-6.5855923,retiré,-8.907541,1
4108,S_NOUN_1_PASS_b,F,S,la pochette avec le chapeau était tombée <eos>,6,tombée,tombé,4,M,tombée,-8.4485235,tombé,-9.653131,1
4109,S_NOUN_1_PASS_b,F,S,la pochette avec le chapeau était utilisée <eos>,6,utilisée,utilisé,4,M,utilisée,-4.641094,utilisé,-7.487092,1
4110,S_NOUN_1_PASS_b,F,S,la pochette avec le pot était achetée <eos>,6,achetée,acheté,4,M,achetée,-6.9170094,acheté,-9.098288,1
4111,S_NOUN_1_PASS_b,F,S,la pochette avec le pot était brisée <eos>,6,brisée,brisé,4,M,brisée,-9.171717,brisé,-11.151471,1
4112,S_NOUN_1_PASS_b,F,S,la pochette avec le pot était cachée <eos>,6,cachée,caché,4,M,cachée,-7.1203966,caché,-7.9856024,1
4113,S_NOUN_1_PASS_b,F,S,la pochette avec le pot était cassée <eos>,6,cassée,cassé,4,M,cassée,-9.194048,cassé,-9.706011,1
4114,S_NOUN_1_PASS_b,F,S,la pochette avec le pot était couverte <eos>,6,couverte,couvert,4,M,couverte,-7.1107826,couvert,-7.9395666,1
4115,S_NOUN_1_PASS_b,F,S,la pochette avec le pot était déformée <eos>,6,déformée,déformé,4,M,déformée,-9.38371,déformé,-11.521833,1
4116,S_NOUN_1_PASS_b,F,S,la pochette avec le pot était fixée <eos>,6,fixée,fixé,4,M,fixée,-5.5980296,fixé,-7.942948,1
4117,S_NOUN_1_PASS_b,F,S,la pochette avec le pot était jetée <eos>,6,jetée,jeté,4,M,jetée,-9.089283,jeté,-10.691046,1
4118,S_NOUN_1_PASS_b,F,S,la pochette avec le pot était laissée <eos>,6,laissée,laissé,4,M,laissée,-7.481131,laissé,-9.904568,1
4119,S_NOUN_1_PASS_b,F,S,la pochette avec le pot était ouverte <eos>,6,ouverte,ouvert,4,M,ouverte,-7.2619624,ouvert,-9.653357,1
4120,S_NOUN_1_PASS_b,F,S,la pochette avec le pot était perdue <eos>,6,perdue,perdu,4,M,perdue,-7.7141943,perdu,-9.484369,1
4121,S_NOUN_1_PASS_b,F,S,la pochette avec le pot était réparée <eos>,6,réparée,réparé,4,M,réparée,-10.988193,réparé,-13.180899,1
4122,S_NOUN_1_PASS_b,F,S,la pochette avec le pot était retirée <eos>,6,retirée,retiré,4,M,retirée,-6.5000715,retiré,-7.919133,1
4123,S_NOUN_1_PASS_b,F,S,la pochette avec le pot était tombée <eos>,6,tombée,tombé,4,M,tombée,-7.7747374,tombé,-9.037919,1
4124,S_NOUN_1_PASS_b,F,S,la pochette avec le pot était utilisée <eos>,6,utilisée,utilisé,4,M,utilisée,-4.659073,utilisé,-6.77954,1
4125,S_NOUN_1_PASS_b,F,S,la pochette avec le coussin était achetée <eos>,6,achetée,acheté,4,M,achetée,-8.161992,acheté,-11.119757,1
4126,S_NOUN_1_PASS_b,F,S,la pochette avec le coussin était brisée <eos>,6,brisée,brisé,4,M,brisée,-8.023693,brisé,-11.760108,1
4127,S_NOUN_1_PASS_b,F,S,la pochette avec le coussin était cachée <eos>,6,cachée,caché,4,M,cachée,-7.012598,caché,-8.733588,1
4128,S_NOUN_1_PASS_b,F,S,la pochette avec le coussin était cassée <eos>,6,cassée,cassé,4,M,cassée,-8.012028,cassé,-9.6345825,1
4129,S_NOUN_1_PASS_b,F,S,la pochette avec le coussin était couverte <eos>,6,couverte,couvert,4,M,couverte,-6.4619865,couvert,-8.813396,1
4130,S_NOUN_1_PASS_b,F,S,la pochette avec le coussin était déformée <eos>,6,déformée,déformé,4,M,déformée,-9.949389,déformé,-12.59891,1
4131,S_NOUN_1_PASS_b,F,S,la pochette avec le coussin était fixée <eos>,6,fixée,fixé,4,M,fixée,-5.6164637,fixé,-8.820676,1
4132,S_NOUN_1_PASS_b,F,S,la pochette avec le coussin était jetée <eos>,6,jetée,jeté,4,M,jetée,-10.104621,jeté,-12.276393,1
4133,S_NOUN_1_PASS_b,F,S,la pochette avec le coussin était laissée <eos>,6,laissée,laissé,4,M,laissée,-8.562174,laissé,-11.013013,1
4134,S_NOUN_1_PASS_b,F,S,la pochette avec le coussin était ouverte <eos>,6,ouverte,ouvert,4,M,ouverte,-6.224905,ouvert,-10.467883,1
4135,S_NOUN_1_PASS_b,F,S,la pochette avec le coussin était perdue <eos>,6,perdue,perdu,4,M,perdue,-8.612725,perdu,-11.09242,1
4136,S_NOUN_1_PASS_b,F,S,la pochette avec le coussin était réparée <eos>,6,réparée,réparé,4,M,réparée,-10.6554365,réparé,-14.887094,1
4137,S_NOUN_1_PASS_b,F,S,la pochette avec le coussin était retirée <eos>,6,retirée,retiré,4,M,retirée,-7.3645024,retiré,-10.044142,1
4138,S_NOUN_1_PASS_b,F,S,la pochette avec le coussin était tombée <eos>,6,tombée,tombé,4,M,tombée,-9.331676,tombé,-10.888071,1
4139,S_NOUN_1_PASS_b,F,S,la pochette avec le coussin était utilisée <eos>,6,utilisée,utilisé,4,M,utilisée,-5.182835,utilisé,-7.890775,1
4140,S_NOUN_1_PASS_b,F,S,la pochette avec le jouet était achetée <eos>,6,achetée,acheté,4,M,achetée,-6.9966016,acheté,-10.656654,1
4141,S_NOUN_1_PASS_b,F,S,la pochette avec le jouet était brisée <eos>,6,brisée,brisé,4,M,brisée,-9.675611,brisé,-11.78031,1
4142,S_NOUN_1_PASS_b,F,S,la pochette avec le jouet était cachée <eos>,6,cachée,caché,4,M,cachée,-7.3964987,caché,-9.117453,1
4143,S_NOUN_1_PASS_b,F,S,la pochette avec le jouet était cassée <eos>,6,cassée,cassé,4,M,cassée,-9.320192,cassé,-10.961565,1
4144,S_NOUN_1_PASS_b,F,S,la pochette avec le jouet était couverte <eos>,6,couverte,couvert,4,M,couverte,-7.525241,couvert,-9.56758,1
4145,S_NOUN_1_PASS_b,F,S,la pochette avec le jouet était déformée <eos>,6,déformée,déformé,4,M,déformée,-10.498263,déformé,-13.069053,1
4146,S_NOUN_1_PASS_b,F,S,la pochette avec le jouet était fixée <eos>,6,fixée,fixé,4,M,fixée,-6.686242,fixé,-9.890683,1
4147,S_NOUN_1_PASS_b,F,S,la pochette avec le jouet était jetée <eos>,6,jetée,jeté,4,M,jetée,-9.424427,jeté,-11.698583,1
4148,S_NOUN_1_PASS_b,F,S,la pochette avec le jouet était laissée <eos>,6,laissée,laissé,4,M,laissée,-8.260378,laissé,-10.74957,1
4149,S_NOUN_1_PASS_b,F,S,la pochette avec le jouet était ouverte <eos>,6,ouverte,ouvert,4,M,ouverte,-7.0742683,ouvert,-10.594416,1
4150,S_NOUN_1_PASS_b,F,S,la pochette avec le jouet était perdue <eos>,6,perdue,perdu,4,M,perdue,-8.707428,perdu,-10.626297,1
4151,S_NOUN_1_PASS_b,F,S,la pochette avec le jouet était réparée <eos>,6,réparée,réparé,4,M,réparée,-11.3384905,réparé,-14.49059,1
4152,S_NOUN_1_PASS_b,F,S,la pochette avec le jouet était retirée <eos>,6,retirée,retiré,4,M,retirée,-7.2619576,retiré,-10.263498,1
4153,S_NOUN_1_PASS_b,F,S,la pochette avec le jouet était tombée <eos>,6,tombée,tombé,4,M,tombée,-8.089223,tombé,-9.358937,1
4154,S_NOUN_1_PASS_b,F,S,la pochette avec le jouet était utilisée <eos>,6,utilisée,utilisé,4,M,utilisée,-4.671192,utilisé,-7.480444,1
4155,S_NOUN_1_PASS_b,F,S,la pochette avec le clou était achetée <eos>,6,achetée,acheté,4,M,achetée,-7.633959,acheté,-11.36583,1
4156,S_NOUN_1_PASS_b,F,S,la pochette avec le clou était brisée <eos>,6,brisée,brisé,4,M,brisée,-9.848453,brisé,-12.986031,1
4157,S_NOUN_1_PASS_b,F,S,la pochette avec le clou était cachée <eos>,6,cachée,caché,4,M,cachée,-7.7106094,caché,-9.73768,1
4158,S_NOUN_1_PASS_b,F,S,la pochette avec le clou était cassée <eos>,6,cassée,cassé,4,M,cassée,-9.960147,cassé,-11.019359,1
4159,S_NOUN_1_PASS_b,F,S,la pochette avec le clou était couverte <eos>,6,couverte,couvert,4,M,couverte,-7.585122,couvert,-9.966644,1
4160,S_NOUN_1_PASS_b,F,S,la pochette avec le clou était déformée <eos>,6,déformée,déformé,4,M,déformée,-9.951153,déformé,-12.9711685,1
4161,S_NOUN_1_PASS_b,F,S,la pochette avec le clou était fixée <eos>,6,fixée,fixé,4,M,fixée,-5.358414,fixé,-8.851345,1
4162,S_NOUN_1_PASS_b,F,S,la pochette avec le clou était jetée <eos>,6,jetée,jeté,4,M,jetée,-9.88787,jeté,-12.645042,1
4163,S_NOUN_1_PASS_b,F,S,la pochette avec le clou était laissée <eos>,6,laissée,laissé,4,M,laissée,-8.213783,laissé,-11.275414,1
4164,S_NOUN_1_PASS_b,F,S,la pochette avec le clou était ouverte <eos>,6,ouverte,ouvert,4,M,ouverte,-7.9295244,ouvert,-11.722293,1
4165,S_NOUN_1_PASS_b,F,S,la pochette avec le clou était perdue <eos>,6,perdue,perdu,4,M,perdue,-8.042656,perdu,-10.643787,1
4166,S_NOUN_1_PASS_b,F,S,la pochette avec le clou était réparée <eos>,6,réparée,réparé,4,M,réparée,-11.483202,réparé,-14.9482765,1
4167,S_NOUN_1_PASS_b,F,S,la pochette avec le clou était retirée <eos>,6,retirée,retiré,4,M,retirée,-6.2844214,retiré,-9.388048,1
4168,S_NOUN_1_PASS_b,F,S,la pochette avec le clou était tombée <eos>,6,tombée,tombé,4,M,tombée,-7.8767424,tombé,-10.030135,1
4169,S_NOUN_1_PASS_b,F,S,la pochette avec le clou était utilisée <eos>,6,utilisée,utilisé,4,M,utilisée,-4.802096,utilisé,-7.753363,1
4170,S_NOUN_1_PASS_b,F,S,la pochette avec le billet était achetée <eos>,6,achetée,acheté,4,M,achetée,-7.446286,acheté,-9.737607,1
4171,S_NOUN_1_PASS_b,F,S,la pochette avec le billet était brisée <eos>,6,brisée,brisé,4,M,brisée,-10.3299,brisé,-11.931633,1
4172,S_NOUN_1_PASS_b,F,S,la pochette avec le billet était cachée <eos>,6,cachée,caché,4,M,cachée,-7.3792124,caché,-8.436548,1
4173,S_NOUN_1_PASS_b,F,S,la pochette avec le billet était cassée <eos>,6,cassée,cassé,4,M,cassée,-10.7953005,cassé,-10.597205,0
4174,S_NOUN_1_PASS_b,F,S,la pochette avec le billet était couverte <eos>,6,couverte,couvert,4,M,couverte,-8.149006,couvert,-8.548793,1
4175,S_NOUN_1_PASS_b,F,S,la pochette avec le billet était déformée <eos>,6,déformée,déformé,4,M,déformée,-9.9435005,déformé,-12.238828,1
4176,S_NOUN_1_PASS_b,F,S,la pochette avec le billet était fixée <eos>,6,fixée,fixé,4,M,fixée,-5.931238,fixé,-7.8782225,1
4177,S_NOUN_1_PASS_b,F,S,la pochette avec le billet était jetée <eos>,6,jetée,jeté,4,M,jetée,-10.205198,jeté,-11.511202,1
4178,S_NOUN_1_PASS_b,F,S,la pochette avec le billet était laissée <eos>,6,laissée,laissé,4,M,laissée,-8.216721,laissé,-9.87315,1
4179,S_NOUN_1_PASS_b,F,S,la pochette avec le billet était ouverte <eos>,6,ouverte,ouvert,4,M,ouverte,-7.6262345,ouvert,-10.139936,1
4180,S_NOUN_1_PASS_b,F,S,la pochette avec le billet était perdue <eos>,6,perdue,perdu,4,M,perdue,-8.335552,perdu,-9.247625,1
4181,S_NOUN_1_PASS_b,F,S,la pochette avec le billet était réparée <eos>,6,réparée,réparé,4,M,réparée,-11.659429,réparé,-14.209422,1
4182,S_NOUN_1_PASS_b,F,S,la pochette avec le billet était retirée <eos>,6,retirée,retiré,4,M,retirée,-6.8755555,retiré,-7.7714715,1
4183,S_NOUN_1_PASS_b,F,S,la pochette avec le billet était tombée <eos>,6,tombée,tombé,4,M,tombée,-8.818639,tombé,-9.31348,1
4184,S_NOUN_1_PASS_b,F,S,la pochette avec le billet était utilisée <eos>,6,utilisée,utilisé,4,M,utilisée,-5.617112,utilisé,-7.229452,1
4185,S_NOUN_1_PASS_b,F,S,la pochette avec le légume était achetée <eos>,6,achetée,acheté,4,M,achetée,-7.6759667,acheté,-10.172075,1
4186,S_NOUN_1_PASS_b,F,S,la pochette avec le légume était brisée <eos>,6,brisée,brisé,4,M,brisée,-9.89691,brisé,-12.78187,1
4187,S_NOUN_1_PASS_b,F,S,la pochette avec le légume était cachée <eos>,6,cachée,caché,4,M,cachée,-7.636553,caché,-9.275799,1
4188,S_NOUN_1_PASS_b,F,S,la pochette avec le légume était cassée <eos>,6,cassée,cassé,4,M,cassée,-9.824725,cassé,-11.035691,1
4189,S_NOUN_1_PASS_b,F,S,la pochette avec le légume était couverte <eos>,6,couverte,couvert,4,M,couverte,-7.222824,couvert,-10.0903225,1
4190,S_NOUN_1_PASS_b,F,S,la pochette avec le légume était déformée <eos>,6,déformée,déformé,4,M,déformée,-10.945051,déformé,-13.874239,1
4191,S_NOUN_1_PASS_b,F,S,la pochette avec le légume était fixée <eos>,6,fixée,fixé,4,M,fixée,-6.488482,fixé,-9.278231,1
4192,S_NOUN_1_PASS_b,F,S,la pochette avec le légume était jetée <eos>,6,jetée,jeté,4,M,jetée,-9.671845,jeté,-12.814095,1
4193,S_NOUN_1_PASS_b,F,S,la pochette avec le légume était laissée <eos>,6,laissée,laissé,4,M,laissée,-7.6870146,laissé,-10.819557,1
4194,S_NOUN_1_PASS_b,F,S,la pochette avec le légume était ouverte <eos>,6,ouverte,ouvert,4,M,ouverte,-7.7316103,ouvert,-11.598298,1
4195,S_NOUN_1_PASS_b,F,S,la pochette avec le légume était perdue <eos>,6,perdue,perdu,4,M,perdue,-7.719714,perdu,-10.8473625,1
4196,S_NOUN_1_PASS_b,F,S,la pochette avec le légume était réparée <eos>,6,réparée,réparé,4,M,réparée,-12.292892,réparé,-14.707693,1
4197,S_NOUN_1_PASS_b,F,S,la pochette avec le légume était retirée <eos>,6,retirée,retiré,4,M,retirée,-6.861444,retiré,-9.448281,1
4198,S_NOUN_1_PASS_b,F,S,la pochette avec le légume était tombée <eos>,6,tombée,tombé,4,M,tombée,-8.521776,tombé,-10.433998,1
4199,S_NOUN_1_PASS_b,F,S,la pochette avec le légume était utilisée <eos>,6,utilisée,utilisé,4,M,utilisée,-4.268393,utilisé,-7.0185943,1
4200,S_NOUN_1_PASS_b,F,S,la banane avec le bracelet était achetée <eos>,6,achetée,acheté,4,M,achetée,-8.275173,acheté,-10.2253065,1
4201,S_NOUN_1_PASS_b,F,S,la banane avec le bracelet était brisée <eos>,6,brisée,brisé,4,M,brisée,-10.117743,brisé,-10.523971,1
4202,S_NOUN_1_PASS_b,F,S,la banane avec le bracelet était cachée <eos>,6,cachée,caché,4,M,cachée,-8.539405,caché,-9.362101,1
4203,S_NOUN_1_PASS_b,F,S,la banane avec le bracelet était cassée <eos>,6,cassée,cassé,4,M,cassée,-9.506533,cassé,-10.573442,1
4204,S_NOUN_1_PASS_b,F,S,la banane avec le bracelet était couverte <eos>,6,couverte,couvert,4,M,couverte,-7.00879,couvert,-9.474718,1
4205,S_NOUN_1_PASS_b,F,S,la banane avec le bracelet était déformée <eos>,6,déformée,déformé,4,M,déformée,-12.037889,déformé,-13.340066,1
4206,S_NOUN_1_PASS_b,F,S,la banane avec le bracelet était fixée <eos>,6,fixée,fixé,4,M,fixée,-5.5306106,fixé,-7.659765,1
4207,S_NOUN_1_PASS_b,F,S,la banane avec le bracelet était jetée <eos>,6,jetée,jeté,4,M,jetée,-8.697025,jeté,-10.412977,1
4208,S_NOUN_1_PASS_b,F,S,la banane avec le bracelet était laissée <eos>,6,laissée,laissé,4,M,laissée,-7.998826,laissé,-9.89307,1
4209,S_NOUN_1_PASS_b,F,S,la banane avec le bracelet était ouverte <eos>,6,ouverte,ouvert,4,M,ouverte,-5.990325,ouvert,-9.044405,1
4210,S_NOUN_1_PASS_b,F,S,la banane avec le bracelet était perdue <eos>,6,perdue,perdu,4,M,perdue,-8.561321,perdu,-10.512808,1
4211,S_NOUN_1_PASS_b,F,S,la banane avec le bracelet était réparée <eos>,6,réparée,réparé,4,M,réparée,-12.171892,réparé,-13.541492,1
4212,S_NOUN_1_PASS_b,F,S,la banane avec le bracelet était retirée <eos>,6,retirée,retiré,4,M,retirée,-8.201691,retiré,-9.0508175,1
4213,S_NOUN_1_PASS_b,F,S,la banane avec le bracelet était tombée <eos>,6,tombée,tombé,4,M,tombée,-7.9452085,tombé,-9.338423,1
4214,S_NOUN_1_PASS_b,F,S,la banane avec le bracelet était utilisée <eos>,6,utilisée,utilisé,4,M,utilisée,-3.6170557,utilisé,-5.5990143,1
4215,S_NOUN_1_PASS_b,F,S,la banane avec le miroir était achetée <eos>,6,achetée,acheté,4,M,achetée,-8.976501,acheté,-11.417831,1
4216,S_NOUN_1_PASS_b,F,S,la banane avec le miroir était brisée <eos>,6,brisée,brisé,4,M,brisée,-9.007998,brisé,-10.024075,1
4217,S_NOUN_1_PASS_b,F,S,la banane avec le miroir était cachée <eos>,6,cachée,caché,4,M,cachée,-7.748564,caché,-9.26396,1
4218,S_NOUN_1_PASS_b,F,S,la banane avec le miroir était cassée <eos>,6,cassée,cassé,4,M,cassée,-9.128365,cassé,-9.8404455,1
4219,S_NOUN_1_PASS_b,F,S,la banane avec le miroir était couverte <eos>,6,couverte,couvert,4,M,couverte,-6.430794,couvert,-9.206015,1
4220,S_NOUN_1_PASS_b,F,S,la banane avec le miroir était déformée <eos>,6,déformée,déformé,4,M,déformée,-11.056873,déformé,-12.856829,1
4221,S_NOUN_1_PASS_b,F,S,la banane avec le miroir était fixée <eos>,6,fixée,fixé,4,M,fixée,-5.779146,fixé,-7.9905367,1
4222,S_NOUN_1_PASS_b,F,S,la banane avec le miroir était jetée <eos>,6,jetée,jeté,4,M,jetée,-8.290867,jeté,-10.638253,1
4223,S_NOUN_1_PASS_b,F,S,la banane avec le miroir était laissée <eos>,6,laissée,laissé,4,M,laissée,-7.9792213,laissé,-10.185755,1
4224,S_NOUN_1_PASS_b,F,S,la banane avec le miroir était ouverte <eos>,6,ouverte,ouvert,4,M,ouverte,-6.31166,ouvert,-9.983122,1
4225,S_NOUN_1_PASS_b,F,S,la banane avec le miroir était perdue <eos>,6,perdue,perdu,4,M,perdue,-8.750721,perdu,-11.280014,1
4226,S_NOUN_1_PASS_b,F,S,la banane avec le miroir était réparée <eos>,6,réparée,réparé,4,M,réparée,-11.281652,réparé,-13.062483,1
4227,S_NOUN_1_PASS_b,F,S,la banane avec le miroir était retirée <eos>,6,retirée,retiré,4,M,retirée,-8.257256,retiré,-9.507463,1
4228,S_NOUN_1_PASS_b,F,S,la banane avec le miroir était tombée <eos>,6,tombée,tombé,4,M,tombée,-8.081291,tombé,-9.463764,1
4229,S_NOUN_1_PASS_b,F,S,la banane avec le miroir était utilisée <eos>,6,utilisée,utilisé,4,M,utilisée,-3.845093,utilisé,-6.184787,1
4230,S_NOUN_1_PASS_b,F,S,la banane avec le crayon était achetée <eos>,6,achetée,acheté,4,M,achetée,-8.393556,acheté,-11.481423,1
4231,S_NOUN_1_PASS_b,F,S,la banane avec le crayon était brisée <eos>,6,brisée,brisé,4,M,brisée,-10.446972,brisé,-12.494469,1
4232,S_NOUN_1_PASS_b,F,S,la banane avec le crayon était cachée <eos>,6,cachée,caché,4,M,cachée,-8.801765,caché,-10.152987,1
4233,S_NOUN_1_PASS_b,F,S,la banane avec le crayon était cassée <eos>,6,cassée,cassé,4,M,cassée,-10.230303,cassé,-12.50574,1
4234,S_NOUN_1_PASS_b,F,S,la banane avec le crayon était couverte <eos>,6,couverte,couvert,4,M,couverte,-7.2530046,couvert,-10.110321,1
4235,S_NOUN_1_PASS_b,F,S,la banane avec le crayon était déformée <eos>,6,déformée,déformé,4,M,déformée,-11.407949,déformé,-14.060808,1
4236,S_NOUN_1_PASS_b,F,S,la banane avec le crayon était fixée <eos>,6,fixée,fixé,4,M,fixée,-7.224072,fixé,-9.450641,1
4237,S_NOUN_1_PASS_b,F,S,la banane avec le crayon était jetée <eos>,6,jetée,jeté,4,M,jetée,-8.292837,jeté,-11.909421,1
4238,S_NOUN_1_PASS_b,F,S,la banane avec le crayon était laissée <eos>,6,laissée,laissé,4,M,laissée,-7.85546,laissé,-10.834337,1
4239,S_NOUN_1_PASS_b,F,S,la banane avec le crayon était ouverte <eos>,6,ouverte,ouvert,4,M,ouverte,-6.884535,ouvert,-10.462393,1
4240,S_NOUN_1_PASS_b,F,S,la banane avec le crayon était perdue <eos>,6,perdue,perdu,4,M,perdue,-8.43811,perdu,-10.723534,1
4241,S_NOUN_1_PASS_b,F,S,la banane avec le crayon était réparée <eos>,6,réparée,réparé,4,M,réparée,-12.040447,réparé,-14.065445,1
4242,S_NOUN_1_PASS_b,F,S,la banane avec le crayon était retirée <eos>,6,retirée,retiré,4,M,retirée,-8.514391,retiré,-9.560305,1
4243,S_NOUN_1_PASS_b,F,S,la banane avec le crayon était tombée <eos>,6,tombée,tombé,4,M,tombée,-7.6256504,tombé,-9.699599,1
4244,S_NOUN_1_PASS_b,F,S,la banane avec le crayon était utilisée <eos>,6,utilisée,utilisé,4,M,utilisée,-2.8664489,utilisé,-5.8572497,1
4245,S_NOUN_1_PASS_b,F,S,la banane avec le rideau était achetée <eos>,6,achetée,acheté,4,M,achetée,-9.083706,acheté,-11.7700405,1
4246,S_NOUN_1_PASS_b,F,S,la banane avec le rideau était brisée <eos>,6,brisée,brisé,4,M,brisée,-8.960379,brisé,-9.780182,1
4247,S_NOUN_1_PASS_b,F,S,la banane avec le rideau était cachée <eos>,6,cachée,caché,4,M,cachée,-7.9666204,caché,-9.184039,1
4248,S_NOUN_1_PASS_b,F,S,la banane avec le rideau était cassée <eos>,6,cassée,cassé,4,M,cassée,-9.468242,cassé,-10.167788,1
4249,S_NOUN_1_PASS_b,F,S,la banane avec le rideau était couverte <eos>,6,couverte,couvert,4,M,couverte,-6.806181,couvert,-8.7353325,1
4250,S_NOUN_1_PASS_b,F,S,la banane avec le rideau était déformée <eos>,6,déformée,déformé,4,M,déformée,-10.6512785,déformé,-13.178779,1
4251,S_NOUN_1_PASS_b,F,S,la banane avec le rideau était fixée <eos>,6,fixée,fixé,4,M,fixée,-6.2874956,fixé,-8.49272,1
4252,S_NOUN_1_PASS_b,F,S,la banane avec le rideau était jetée <eos>,6,jetée,jeté,4,M,jetée,-8.299807,jeté,-10.794486,1
4253,S_NOUN_1_PASS_b,F,S,la banane avec le rideau était laissée <eos>,6,laissée,laissé,4,M,laissée,-7.7243176,laissé,-10.186548,1
4254,S_NOUN_1_PASS_b,F,S,la banane avec le rideau était ouverte <eos>,6,ouverte,ouvert,4,M,ouverte,-6.9748516,ouvert,-9.280206,1
4255,S_NOUN_1_PASS_b,F,S,la banane avec le rideau était perdue <eos>,6,perdue,perdu,4,M,perdue,-8.954327,perdu,-10.630672,1
4256,S_NOUN_1_PASS_b,F,S,la banane avec le rideau était réparée <eos>,6,réparée,réparé,4,M,réparée,-11.657257,réparé,-12.186977,1
4257,S_NOUN_1_PASS_b,F,S,la banane avec le rideau était retirée <eos>,6,retirée,retiré,4,M,retirée,-6.93483,retiré,-8.844195,1
4258,S_NOUN_1_PASS_b,F,S,la banane avec le rideau était tombée <eos>,6,tombée,tombé,4,M,tombée,-6.793334,tombé,-8.437552,1
4259,S_NOUN_1_PASS_b,F,S,la banane avec le rideau était utilisée <eos>,6,utilisée,utilisé,4,M,utilisée,-3.648404,utilisé,-5.880989,1
4260,S_NOUN_1_PASS_b,F,S,la banane avec le cahier était achetée <eos>,6,achetée,acheté,4,M,achetée,-8.784673,acheté,-10.486208,1
4261,S_NOUN_1_PASS_b,F,S,la banane avec le cahier était brisée <eos>,6,brisée,brisé,4,M,brisée,-9.740656,brisé,-9.572823,0
4262,S_NOUN_1_PASS_b,F,S,la banane avec le cahier était cachée <eos>,6,cachée,caché,4,M,cachée,-9.406599,caché,-9.064138,0
4263,S_NOUN_1_PASS_b,F,S,la banane avec le cahier était cassée <eos>,6,cassée,cassé,4,M,cassée,-9.649027,cassé,-10.489709,1
4264,S_NOUN_1_PASS_b,F,S,la banane avec le cahier était couverte <eos>,6,couverte,couvert,4,M,couverte,-6.9453487,couvert,-8.495027,1
4265,S_NOUN_1_PASS_b,F,S,la banane avec le cahier était déformée <eos>,6,déformée,déformé,4,M,déformée,-10.98382,déformé,-12.562763,1
4266,S_NOUN_1_PASS_b,F,S,la banane avec le cahier était fixée <eos>,6,fixée,fixé,4,M,fixée,-5.7048235,fixé,-7.3441505,1
4267,S_NOUN_1_PASS_b,F,S,la banane avec le cahier était jetée <eos>,6,jetée,jeté,4,M,jetée,-8.476376,jeté,-10.294391,1
4268,S_NOUN_1_PASS_b,F,S,la banane avec le cahier était laissée <eos>,6,laissée,laissé,4,M,laissée,-7.9732885,laissé,-9.740103,1
4269,S_NOUN_1_PASS_b,F,S,la banane avec le cahier était ouverte <eos>,6,ouverte,ouvert,4,M,ouverte,-6.494999,ouvert,-8.090016,1
4270,S_NOUN_1_PASS_b,F,S,la banane avec le cahier était perdue <eos>,6,perdue,perdu,4,M,perdue,-8.803093,perdu,-9.474283,1
4271,S_NOUN_1_PASS_b,F,S,la banane avec le cahier était réparée <eos>,6,réparée,réparé,4,M,réparée,-12.321512,réparé,-12.847309,1
4272,S_NOUN_1_PASS_b,F,S,la banane avec le cahier était retirée <eos>,6,retirée,retiré,4,M,retirée,-7.103437,retiré,-7.328812,1
4273,S_NOUN_1_PASS_b,F,S,la banane avec le cahier était tombée <eos>,6,tombée,tombé,4,M,tombée,-7.924508,tombé,-8.996951,1
4274,S_NOUN_1_PASS_b,F,S,la banane avec le cahier était utilisée <eos>,6,utilisée,utilisé,4,M,utilisée,-3.7869265,utilisé,-5.425043,1
4275,S_NOUN_1_PASS_b,F,S,la banane avec le micro était achetée <eos>,6,achetée,acheté,4,M,achetée,-9.221481,acheté,-11.427859,1
4276,S_NOUN_1_PASS_b,F,S,la banane avec le micro était brisée <eos>,6,brisée,brisé,4,M,brisée,-10.075488,brisé,-10.341246,1
4277,S_NOUN_1_PASS_b,F,S,la banane avec le micro était cachée <eos>,6,cachée,caché,4,M,cachée,-8.896784,caché,-9.630938,1
4278,S_NOUN_1_PASS_b,F,S,la banane avec le micro était cassée <eos>,6,cassée,cassé,4,M,cassée,-9.322372,cassé,-10.132881,1
4279,S_NOUN_1_PASS_b,F,S,la banane avec le micro était couverte <eos>,6,couverte,couvert,4,M,couverte,-6.738344,couvert,-8.986848,1
4280,S_NOUN_1_PASS_b,F,S,la banane avec le micro était déformée <eos>,6,déformée,déformé,4,M,déformée,-11.363664,déformé,-13.488059,1
4281,S_NOUN_1_PASS_b,F,S,la banane avec le micro était fixée <eos>,6,fixée,fixé,4,M,fixée,-6.559398,fixé,-8.154932,1
4282,S_NOUN_1_PASS_b,F,S,la banane avec le micro était jetée <eos>,6,jetée,jeté,4,M,jetée,-8.405276,jeté,-11.104662,1
4283,S_NOUN_1_PASS_b,F,S,la banane avec le micro était laissée <eos>,6,laissée,laissé,4,M,laissée,-8.51899,laissé,-10.828503,1
4284,S_NOUN_1_PASS_b,F,S,la banane avec le micro était ouverte <eos>,6,ouverte,ouvert,4,M,ouverte,-6.8041177,ouvert,-9.23468,1
4285,S_NOUN_1_PASS_b,F,S,la banane avec le micro était perdue <eos>,6,perdue,perdu,4,M,perdue,-8.988597,perdu,-11.111576,1
4286,S_NOUN_1_PASS_b,F,S,la banane avec le micro était réparée <eos>,6,réparée,réparé,4,M,réparée,-12.270199,réparé,-13.312511,1
4287,S_NOUN_1_PASS_b,F,S,la banane avec le micro était retirée <eos>,6,retirée,retiré,4,M,retirée,-8.196446,retiré,-9.198928,1
4288,S_NOUN_1_PASS_b,F,S,la banane avec le micro était tombée <eos>,6,tombée,tombé,4,M,tombée,-7.684786,tombé,-9.2433,1
4289,S_NOUN_1_PASS_b,F,S,la banane avec le micro était utilisée <eos>,6,utilisée,utilisé,4,M,utilisée,-3.7171826,utilisé,-5.991076,1
4290,S_NOUN_1_PASS_b,F,S,la banane avec le sac était achetée <eos>,6,achetée,acheté,4,M,achetée,-8.057505,acheté,-10.413906,1
4291,S_NOUN_1_PASS_b,F,S,la banane avec le sac était brisée <eos>,6,brisée,brisé,4,M,brisée,-9.721949,brisé,-10.854252,1
4292,S_NOUN_1_PASS_b,F,S,la banane avec le sac était cachée <eos>,6,cachée,caché,4,M,cachée,-7.7104473,caché,-9.358698,1
4293,S_NOUN_1_PASS_b,F,S,la banane avec le sac était cassée <eos>,6,cassée,cassé,4,M,cassée,-8.962982,cassé,-11.326359,1
4294,S_NOUN_1_PASS_b,F,S,la banane avec le sac était couverte <eos>,6,couverte,couvert,4,M,couverte,-6.1676264,couvert,-9.340183,1
4295,S_NOUN_1_PASS_b,F,S,la banane avec le sac était déformée <eos>,6,déformée,déformé,4,M,déformée,-11.298141,déformé,-12.918433,1
4296,S_NOUN_1_PASS_b,F,S,la banane avec le sac était fixée <eos>,6,fixée,fixé,4,M,fixée,-5.882633,fixé,-8.4937725,1
4297,S_NOUN_1_PASS_b,F,S,la banane avec le sac était jetée <eos>,6,jetée,jeté,4,M,jetée,-7.1069403,jeté,-10.260582,1
4298,S_NOUN_1_PASS_b,F,S,la banane avec le sac était laissée <eos>,6,laissée,laissé,4,M,laissée,-7.535405,laissé,-9.791673,1
4299,S_NOUN_1_PASS_b,F,S,la banane avec le sac était ouverte <eos>,6,ouverte,ouvert,4,M,ouverte,-6.048661,ouvert,-9.330424,1
4300,S_NOUN_1_PASS_b,F,S,la banane avec le sac était perdue <eos>,6,perdue,perdu,4,M,perdue,-7.4850674,perdu,-10.424913,1
4301,S_NOUN_1_PASS_b,F,S,la banane avec le sac était réparée <eos>,6,réparée,réparé,4,M,réparée,-11.414902,réparé,-12.301771,1
4302,S_NOUN_1_PASS_b,F,S,la banane avec le sac était retirée <eos>,6,retirée,retiré,4,M,retirée,-6.762417,retiré,-8.257544,1
4303,S_NOUN_1_PASS_b,F,S,la banane avec le sac était tombée <eos>,6,tombée,tombé,4,M,tombée,-7.7358456,tombé,-9.918297,1
4304,S_NOUN_1_PASS_b,F,S,la banane avec le sac était utilisée <eos>,6,utilisée,utilisé,4,M,utilisée,-3.3747103,utilisé,-6.03683,1
4305,S_NOUN_1_PASS_b,F,S,la banane avec le clavier était achetée <eos>,6,achetée,acheté,4,M,achetée,-9.849062,acheté,-11.789874,1
4306,S_NOUN_1_PASS_b,F,S,la banane avec le clavier était brisée <eos>,6,brisée,brisé,4,M,brisée,-10.441684,brisé,-11.726852,1
4307,S_NOUN_1_PASS_b,F,S,la banane avec le clavier était cachée <eos>,6,cachée,caché,4,M,cachée,-8.457547,caché,-10.150651,1
4308,S_NOUN_1_PASS_b,F,S,la banane avec le clavier était cassée <eos>,6,cassée,cassé,4,M,cassée,-9.158432,cassé,-10.682034,1
4309,S_NOUN_1_PASS_b,F,S,la banane avec le clavier était couverte <eos>,6,couverte,couvert,4,M,couverte,-6.9249296,couvert,-9.861586,1
4310,S_NOUN_1_PASS_b,F,S,la banane avec le clavier était déformée <eos>,6,déformée,déformé,4,M,déformée,-10.696324,déformé,-13.968956,1
4311,S_NOUN_1_PASS_b,F,S,la banane avec le clavier était fixée <eos>,6,fixée,fixé,4,M,fixée,-5.7287807,fixé,-8.380749,1
4312,S_NOUN_1_PASS_b,F,S,la banane avec le clavier était jetée <eos>,6,jetée,jeté,4,M,jetée,-9.826097,jeté,-12.299534,1
4313,S_NOUN_1_PASS_b,F,S,la banane avec le clavier était laissée <eos>,6,laissée,laissé,4,M,laissée,-8.96371,laissé,-11.168435,1
4314,S_NOUN_1_PASS_b,F,S,la banane avec le clavier était ouverte <eos>,6,ouverte,ouvert,4,M,ouverte,-6.426816,ouvert,-9.213878,1
4315,S_NOUN_1_PASS_b,F,S,la banane avec le clavier était perdue <eos>,6,perdue,perdu,4,M,perdue,-9.515241,perdu,-11.555774,1
4316,S_NOUN_1_PASS_b,F,S,la banane avec le clavier était réparée <eos>,6,réparée,réparé,4,M,réparée,-11.453062,réparé,-13.540903,1
4317,S_NOUN_1_PASS_b,F,S,la banane avec le clavier était retirée <eos>,6,retirée,retiré,4,M,retirée,-8.804844,retiré,-9.470852,1
4318,S_NOUN_1_PASS_b,F,S,la banane avec le clavier était tombée <eos>,6,tombée,tombé,4,M,tombée,-7.804683,tombé,-9.722845,1
4319,S_NOUN_1_PASS_b,F,S,la banane avec le clavier était utilisée <eos>,6,utilisée,utilisé,4,M,utilisée,-3.6217413,utilisé,-5.9219685,1
4320,S_NOUN_1_PASS_b,F,S,la banane avec le raisin était achetée <eos>,6,achetée,acheté,4,M,achetée,-8.737081,acheté,-11.438468,1
4321,S_NOUN_1_PASS_b,F,S,la banane avec le raisin était brisée <eos>,6,brisée,brisé,4,M,brisée,-10.873917,brisé,-12.962985,1
4322,S_NOUN_1_PASS_b,F,S,la banane avec le raisin était cachée <eos>,6,cachée,caché,4,M,cachée,-9.250286,caché,-10.887825,1
4323,S_NOUN_1_PASS_b,F,S,la banane avec le raisin était cassée <eos>,6,cassée,cassé,4,M,cassée,-10.150398,cassé,-12.3316145,1
4324,S_NOUN_1_PASS_b,F,S,la banane avec le raisin était couverte <eos>,6,couverte,couvert,4,M,couverte,-7.420083,couvert,-10.334526,1
4325,S_NOUN_1_PASS_b,F,S,la banane avec le raisin était déformée <eos>,6,déformée,déformé,4,M,déformée,-11.887059,déformé,-14.780785,1
4326,S_NOUN_1_PASS_b,F,S,la banane avec le raisin était fixée <eos>,6,fixée,fixé,4,M,fixée,-6.907896,fixé,-9.158626,1
4327,S_NOUN_1_PASS_b,F,S,la banane avec le raisin était jetée <eos>,6,jetée,jeté,4,M,jetée,-8.222029,jeté,-11.740709,1
4328,S_NOUN_1_PASS_b,F,S,la banane avec le raisin était laissée <eos>,6,laissée,laissé,4,M,laissée,-7.8137884,laissé,-10.624391,1
4329,S_NOUN_1_PASS_b,F,S,la banane avec le raisin était ouverte <eos>,6,ouverte,ouvert,4,M,ouverte,-6.596856,ouvert,-10.194277,1
4330,S_NOUN_1_PASS_b,F,S,la banane avec le raisin était perdue <eos>,6,perdue,perdu,4,M,perdue,-8.247196,perdu,-10.956883,1
4331,S_NOUN_1_PASS_b,F,S,la banane avec le raisin était réparée <eos>,6,réparée,réparé,4,M,réparée,-12.739516,réparé,-13.688334,1
4332,S_NOUN_1_PASS_b,F,S,la banane avec le raisin était retirée <eos>,6,retirée,retiré,4,M,retirée,-8.000307,retiré,-9.940644,1
4333,S_NOUN_1_PASS_b,F,S,la banane avec le raisin était tombée <eos>,6,tombée,tombé,4,M,tombée,-6.887105,tombé,-10.534669,1
4334,S_NOUN_1_PASS_b,F,S,la banane avec le raisin était utilisée <eos>,6,utilisée,utilisé,4,M,utilisée,-3.4051545,utilisé,-6.4437275,1
4335,S_NOUN_1_PASS_b,F,S,la banane avec le chargeur était achetée <eos>,6,achetée,acheté,4,M,achetée,-9.172442,acheté,-11.437218,1
4336,S_NOUN_1_PASS_b,F,S,la banane avec le chargeur était brisée <eos>,6,brisée,brisé,4,M,brisée,-9.927643,brisé,-10.547188,1
4337,S_NOUN_1_PASS_b,F,S,la banane avec le chargeur était cachée <eos>,6,cachée,caché,4,M,cachée,-8.327961,caché,-9.7393875,1
4338,S_NOUN_1_PASS_b,F,S,la banane avec le chargeur était cassée <eos>,6,cassée,cassé,4,M,cassée,-7.843416,cassé,-10.524508,1
4339,S_NOUN_1_PASS_b,F,S,la banane avec le chargeur était couverte <eos>,6,couverte,couvert,4,M,couverte,-6.98879,couvert,-9.641673,1
4340,S_NOUN_1_PASS_b,F,S,la banane avec le chargeur était déformée <eos>,6,déformée,déformé,4,M,déformée,-10.701826,déformé,-13.370832,1
4341,S_NOUN_1_PASS_b,F,S,la banane avec le chargeur était fixée <eos>,6,fixée,fixé,4,M,fixée,-5.380646,fixé,-8.094095,1
4342,S_NOUN_1_PASS_b,F,S,la banane avec le chargeur était jetée <eos>,6,jetée,jeté,4,M,jetée,-7.8544216,jeté,-11.03949,1
4343,S_NOUN_1_PASS_b,F,S,la banane avec le chargeur était laissée <eos>,6,laissée,laissé,4,M,laissée,-8.394535,laissé,-10.475032,1
4344,S_NOUN_1_PASS_b,F,S,la banane avec le chargeur était ouverte <eos>,6,ouverte,ouvert,4,M,ouverte,-6.450405,ouvert,-9.537272,1
4345,S_NOUN_1_PASS_b,F,S,la banane avec le chargeur était perdue <eos>,6,perdue,perdu,4,M,perdue,-8.843727,perdu,-10.858135,1
4346,S_NOUN_1_PASS_b,F,S,la banane avec le chargeur était réparée <eos>,6,réparée,réparé,4,M,réparée,-10.111193,réparé,-12.683436,1
4347,S_NOUN_1_PASS_b,F,S,la banane avec le chargeur était retirée <eos>,6,retirée,retiré,4,M,retirée,-7.273681,retiré,-8.509998,1
4348,S_NOUN_1_PASS_b,F,S,la banane avec le chargeur était tombée <eos>,6,tombée,tombé,4,M,tombée,-8.286647,tombé,-10.285391,1
4349,S_NOUN_1_PASS_b,F,S,la banane avec le chargeur était utilisée <eos>,6,utilisée,utilisé,4,M,utilisée,-3.3845086,utilisé,-6.0215983,1
4350,S_NOUN_1_PASS_b,F,S,la banane avec le vase était achetée <eos>,6,achetée,acheté,4,M,achetée,-8.603823,acheté,-10.956642,1
4351,S_NOUN_1_PASS_b,F,S,la banane avec le vase était brisée <eos>,6,brisée,brisé,4,M,brisée,-9.214189,brisé,-10.439281,1
4352,S_NOUN_1_PASS_b,F,S,la banane avec le vase était cachée <eos>,6,cachée,caché,4,M,cachée,-8.105666,caché,-9.831221,1
4353,S_NOUN_1_PASS_b,F,S,la banane avec le vase était cassée <eos>,6,cassée,cassé,4,M,cassée,-9.2111225,cassé,-11.040239,1
4354,S_NOUN_1_PASS_b,F,S,la banane avec le vase était couverte <eos>,6,couverte,couvert,4,M,couverte,-6.166006,couvert,-9.221329,1
4355,S_NOUN_1_PASS_b,F,S,la banane avec le vase était déformée <eos>,6,déformée,déformé,4,M,déformée,-11.426813,déformé,-13.158573,1
4356,S_NOUN_1_PASS_b,F,S,la banane avec le vase était fixée <eos>,6,fixée,fixé,4,M,fixée,-6.086976,fixé,-8.301315,1
4357,S_NOUN_1_PASS_b,F,S,la banane avec le vase était jetée <eos>,6,jetée,jeté,4,M,jetée,-7.1476135,jeté,-10.29306,1
4358,S_NOUN_1_PASS_b,F,S,la banane avec le vase était laissée <eos>,6,laissée,laissé,4,M,laissée,-7.6695127,laissé,-9.646737,1
4359,S_NOUN_1_PASS_b,F,S,la banane avec le vase était ouverte <eos>,6,ouverte,ouvert,4,M,ouverte,-6.501009,ouvert,-9.784889,1
4360,S_NOUN_1_PASS_b,F,S,la banane avec le vase était perdue <eos>,6,perdue,perdu,4,M,perdue,-7.215161,perdu,-10.022179,1
4361,S_NOUN_1_PASS_b,F,S,la banane avec le vase était réparée <eos>,6,réparée,réparé,4,M,réparée,-11.270994,réparé,-12.471334,1
4362,S_NOUN_1_PASS_b,F,S,la banane avec le vase était retirée <eos>,6,retirée,retiré,4,M,retirée,-7.375677,retiré,-9.625577,1
4363,S_NOUN_1_PASS_b,F,S,la banane avec le vase était tombée <eos>,6,tombée,tombé,4,M,tombée,-6.6725407,tombé,-9.408831,1
4364,S_NOUN_1_PASS_b,F,S,la banane avec le vase était utilisée <eos>,6,utilisée,utilisé,4,M,utilisée,-3.5475912,utilisé,-6.0641804,1
4365,S_NOUN_1_PASS_b,F,S,la banane avec le panier était achetée <eos>,6,achetée,acheté,4,M,achetée,-9.400301,acheté,-11.187435,1
4366,S_NOUN_1_PASS_b,F,S,la banane avec le panier était brisée <eos>,6,brisée,brisé,4,M,brisée,-10.687721,brisé,-10.906082,1
4367,S_NOUN_1_PASS_b,F,S,la banane avec le panier était cachée <eos>,6,cachée,caché,4,M,cachée,-8.289178,caché,-9.541739,1
4368,S_NOUN_1_PASS_b,F,S,la banane avec le panier était cassée <eos>,6,cassée,cassé,4,M,cassée,-9.349671,cassé,-11.609201,1
4369,S_NOUN_1_PASS_b,F,S,la banane avec le panier était couverte <eos>,6,couverte,couvert,4,M,couverte,-7.183154,couvert,-9.371172,1
4370,S_NOUN_1_PASS_b,F,S,la banane avec le panier était déformée <eos>,6,déformée,déformé,4,M,déformée,-11.36922,déformé,-13.96474,1
4371,S_NOUN_1_PASS_b,F,S,la banane avec le panier était fixée <eos>,6,fixée,fixé,4,M,fixée,-6.696813,fixé,-8.182959,1
4372,S_NOUN_1_PASS_b,F,S,la banane avec le panier était jetée <eos>,6,jetée,jeté,4,M,jetée,-8.20146,jeté,-11.561565,1
4373,S_NOUN_1_PASS_b,F,S,la banane avec le panier était laissée <eos>,6,laissée,laissé,4,M,laissée,-7.5366125,laissé,-10.295641,1
4374,S_NOUN_1_PASS_b,F,S,la banane avec le panier était ouverte <eos>,6,ouverte,ouvert,4,M,ouverte,-6.7814255,ouvert,-9.272646,1
4375,S_NOUN_1_PASS_b,F,S,la banane avec le panier était perdue <eos>,6,perdue,perdu,4,M,perdue,-9.029608,perdu,-10.931034,1
4376,S_NOUN_1_PASS_b,F,S,la banane avec le panier était réparée <eos>,6,réparée,réparé,4,M,réparée,-12.600601,réparé,-13.1893215,1
4377,S_NOUN_1_PASS_b,F,S,la banane avec le panier était retirée <eos>,6,retirée,retiré,4,M,retirée,-7.796345,retiré,-9.006693,1
4378,S_NOUN_1_PASS_b,F,S,la banane avec le panier était tombée <eos>,6,tombée,tombé,4,M,tombée,-7.5953517,tombé,-9.621399,1
4379,S_NOUN_1_PASS_b,F,S,la banane avec le panier était utilisée <eos>,6,utilisée,utilisé,4,M,utilisée,-3.6654804,utilisé,-5.7703276,1
4380,S_NOUN_1_PASS_b,F,S,la banane avec le collier était achetée <eos>,6,achetée,acheté,4,M,achetée,-8.248008,acheté,-10.5306835,1
4381,S_NOUN_1_PASS_b,F,S,la banane avec le collier était brisée <eos>,6,brisée,brisé,4,M,brisée,-10.086778,brisé,-10.213638,1
4382,S_NOUN_1_PASS_b,F,S,la banane avec le collier était cachée <eos>,6,cachée,caché,4,M,cachée,-7.8791485,caché,-8.913062,1
4383,S_NOUN_1_PASS_b,F,S,la banane avec le collier était cassée <eos>,6,cassée,cassé,4,M,cassée,-9.587864,cassé,-10.369039,1
4384,S_NOUN_1_PASS_b,F,S,la banane avec le collier était couverte <eos>,6,couverte,couvert,4,M,couverte,-6.8818965,couvert,-9.073503,1
4385,S_NOUN_1_PASS_b,F,S,la banane avec le collier était déformée <eos>,6,déformée,déformé,4,M,déformée,-11.463707,déformé,-12.635124,1
4386,S_NOUN_1_PASS_b,F,S,la banane avec le collier était fixée <eos>,6,fixée,fixé,4,M,fixée,-5.7983794,fixé,-7.631924,1
4387,S_NOUN_1_PASS_b,F,S,la banane avec le collier était jetée <eos>,6,jetée,jeté,4,M,jetée,-8.277493,jeté,-10.002786,1
4388,S_NOUN_1_PASS_b,F,S,la banane avec le collier était laissée <eos>,6,laissée,laissé,4,M,laissée,-8.134019,laissé,-9.974124,1
4389,S_NOUN_1_PASS_b,F,S,la banane avec le collier était ouverte <eos>,6,ouverte,ouvert,4,M,ouverte,-6.7086277,ouvert,-9.554796,1
4390,S_NOUN_1_PASS_b,F,S,la banane avec le collier était perdue <eos>,6,perdue,perdu,4,M,perdue,-8.720127,perdu,-11.188835,1
4391,S_NOUN_1_PASS_b,F,S,la banane avec le collier était réparée <eos>,6,réparée,réparé,4,M,réparée,-12.217127,réparé,-13.126101,1
4392,S_NOUN_1_PASS_b,F,S,la banane avec le collier était retirée <eos>,6,retirée,retiré,4,M,retirée,-7.852313,retiré,-8.599932,1
4393,S_NOUN_1_PASS_b,F,S,la banane avec le collier était tombée <eos>,6,tombée,tombé,4,M,tombée,-7.5927515,tombé,-9.167198,1
4394,S_NOUN_1_PASS_b,F,S,la banane avec le collier était utilisée <eos>,6,utilisée,utilisé,4,M,utilisée,-3.6506262,utilisé,-5.5792027,1
4395,S_NOUN_1_PASS_b,F,S,la banane avec le chapeau était achetée <eos>,6,achetée,acheté,4,M,achetée,-8.388868,acheté,-10.803075,1
4396,S_NOUN_1_PASS_b,F,S,la banane avec le chapeau était brisée <eos>,6,brisée,brisé,4,M,brisée,-9.3280735,brisé,-10.912748,1
4397,S_NOUN_1_PASS_b,F,S,la banane avec le chapeau était cachée <eos>,6,cachée,caché,4,M,cachée,-8.29048,caché,-9.986866,1
4398,S_NOUN_1_PASS_b,F,S,la banane avec le chapeau était cassée <eos>,6,cassée,cassé,4,M,cassée,-9.028608,cassé,-9.794928,1
4399,S_NOUN_1_PASS_b,F,S,la banane avec le chapeau était couverte <eos>,6,couverte,couvert,4,M,couverte,-5.992093,couvert,-9.18285,1
4400,S_NOUN_1_PASS_b,F,S,la banane avec le chapeau était déformée <eos>,6,déformée,déformé,4,M,déformée,-9.907309,déformé,-12.00255,1
4401,S_NOUN_1_PASS_b,F,S,la banane avec le chapeau était fixée <eos>,6,fixée,fixé,4,M,fixée,-6.012665,fixé,-7.967779,1
4402,S_NOUN_1_PASS_b,F,S,la banane avec le chapeau était jetée <eos>,6,jetée,jeté,4,M,jetée,-8.396572,jeté,-10.542247,1
4403,S_NOUN_1_PASS_b,F,S,la banane avec le chapeau était laissée <eos>,6,laissée,laissé,4,M,laissée,-7.803603,laissé,-10.02271,1
4404,S_NOUN_1_PASS_b,F,S,la banane avec le chapeau était ouverte <eos>,6,ouverte,ouvert,4,M,ouverte,-6.1493435,ouvert,-9.659706,1
4405,S_NOUN_1_PASS_b,F,S,la banane avec le chapeau était perdue <eos>,6,perdue,perdu,4,M,perdue,-9.006423,perdu,-11.085255,1
4406,S_NOUN_1_PASS_b,F,S,la banane avec le chapeau était réparée <eos>,6,réparée,réparé,4,M,réparée,-11.494864,réparé,-13.363494,1
4407,S_NOUN_1_PASS_b,F,S,la banane avec le chapeau était retirée <eos>,6,retirée,retiré,4,M,retirée,-7.3303704,retiré,-8.399668,1
4408,S_NOUN_1_PASS_b,F,S,la banane avec le chapeau était tombée <eos>,6,tombée,tombé,4,M,tombée,-7.627874,tombé,-9.242413,1
4409,S_NOUN_1_PASS_b,F,S,la banane avec le chapeau était utilisée <eos>,6,utilisée,utilisé,4,M,utilisée,-3.4197948,utilisé,-5.813322,1
4410,S_NOUN_1_PASS_b,F,S,la banane avec le pot était achetée <eos>,6,achetée,acheté,4,M,achetée,-8.510334,acheté,-10.351673,1
4411,S_NOUN_1_PASS_b,F,S,la banane avec le pot était brisée <eos>,6,brisée,brisé,4,M,brisée,-10.006354,brisé,-10.335373,1
4412,S_NOUN_1_PASS_b,F,S,la banane avec le pot était cachée <eos>,6,cachée,caché,4,M,cachée,-8.743721,caché,-9.364306,1
4413,S_NOUN_1_PASS_b,F,S,la banane avec le pot était cassée <eos>,6,cassée,cassé,4,M,cassée,-9.519609,cassé,-11.042894,1
4414,S_NOUN_1_PASS_b,F,S,la banane avec le pot était couverte <eos>,6,couverte,couvert,4,M,couverte,-7.2718782,couvert,-8.854409,1
4415,S_NOUN_1_PASS_b,F,S,la banane avec le pot était déformée <eos>,6,déformée,déformé,4,M,déformée,-11.473164,déformé,-12.683534,1
4416,S_NOUN_1_PASS_b,F,S,la banane avec le pot était fixée <eos>,6,fixée,fixé,4,M,fixée,-6.1467457,fixé,-7.8236284,1
4417,S_NOUN_1_PASS_b,F,S,la banane avec le pot était jetée <eos>,6,jetée,jeté,4,M,jetée,-7.621168,jeté,-10.159847,1
4418,S_NOUN_1_PASS_b,F,S,la banane avec le pot était laissée <eos>,6,laissée,laissé,4,M,laissée,-7.39927,laissé,-9.517272,1
4419,S_NOUN_1_PASS_b,F,S,la banane avec le pot était ouverte <eos>,6,ouverte,ouvert,4,M,ouverte,-6.9376297,ouvert,-8.992962,1
4420,S_NOUN_1_PASS_b,F,S,la banane avec le pot était perdue <eos>,6,perdue,perdu,4,M,perdue,-8.616463,perdu,-10.51037,1
4421,S_NOUN_1_PASS_b,F,S,la banane avec le pot était réparée <eos>,6,réparée,réparé,4,M,réparée,-11.513712,réparé,-11.773565,1
4422,S_NOUN_1_PASS_b,F,S,la banane avec le pot était retirée <eos>,6,retirée,retiré,4,M,retirée,-7.2318068,retiré,-8.181237,1
4423,S_NOUN_1_PASS_b,F,S,la banane avec le pot était tombée <eos>,6,tombée,tombé,4,M,tombée,-7.2177215,tombé,-9.591297,1
4424,S_NOUN_1_PASS_b,F,S,la banane avec le pot était utilisée <eos>,6,utilisée,utilisé,4,M,utilisée,-3.4334419,utilisé,-5.3048487,1
4425,S_NOUN_1_PASS_b,F,S,la banane avec le coussin était achetée <eos>,6,achetée,acheté,4,M,achetée,-9.021095,acheté,-11.694308,1
4426,S_NOUN_1_PASS_b,F,S,la banane avec le coussin était brisée <eos>,6,brisée,brisé,4,M,brisée,-9.37183,brisé,-11.158586,1
4427,S_NOUN_1_PASS_b,F,S,la banane avec le coussin était cachée <eos>,6,cachée,caché,4,M,cachée,-8.405823,caché,-9.832756,1
4428,S_NOUN_1_PASS_b,F,S,la banane avec le coussin était cassée <eos>,6,cassée,cassé,4,M,cassée,-8.417223,cassé,-10.525293,1
4429,S_NOUN_1_PASS_b,F,S,la banane avec le coussin était couverte <eos>,6,couverte,couvert,4,M,couverte,-6.203658,couvert,-9.69524,1
4430,S_NOUN_1_PASS_b,F,S,la banane avec le coussin était déformée <eos>,6,déformée,déformé,4,M,déformée,-11.334025,déformé,-13.745506,1
4431,S_NOUN_1_PASS_b,F,S,la banane avec le coussin était fixée <eos>,6,fixée,fixé,4,M,fixée,-5.1884003,fixé,-7.672454,1
4432,S_NOUN_1_PASS_b,F,S,la banane avec le coussin était jetée <eos>,6,jetée,jeté,4,M,jetée,-8.829812,jeté,-11.383188,1
4433,S_NOUN_1_PASS_b,F,S,la banane avec le coussin était laissée <eos>,6,laissée,laissé,4,M,laissée,-7.842328,laissé,-10.458897,1
4434,S_NOUN_1_PASS_b,F,S,la banane avec le coussin était ouverte <eos>,6,ouverte,ouvert,4,M,ouverte,-5.7012978,ouvert,-9.449428,1
4435,S_NOUN_1_PASS_b,F,S,la banane avec le coussin était perdue <eos>,6,perdue,perdu,4,M,perdue,-9.664294,perdu,-11.949938,1
4436,S_NOUN_1_PASS_b,F,S,la banane avec le coussin était réparée <eos>,6,réparée,réparé,4,M,réparée,-11.520601,réparé,-14.282421,1
4437,S_NOUN_1_PASS_b,F,S,la banane avec le coussin était retirée <eos>,6,retirée,retiré,4,M,retirée,-7.9957876,retiré,-9.3365,1
4438,S_NOUN_1_PASS_b,F,S,la banane avec le coussin était tombée <eos>,6,tombée,tombé,4,M,tombée,-9.077812,tombé,-10.730162,1
4439,S_NOUN_1_PASS_b,F,S,la banane avec le coussin était utilisée <eos>,6,utilisée,utilisé,4,M,utilisée,-3.490205,utilisé,-5.9895496,1
4440,S_NOUN_1_PASS_b,F,S,la banane avec le jouet était achetée <eos>,6,achetée,acheté,4,M,achetée,-9.020163,acheté,-11.183281,1
4441,S_NOUN_1_PASS_b,F,S,la banane avec le jouet était brisée <eos>,6,brisée,brisé,4,M,brisée,-10.61653,brisé,-11.258235,1
4442,S_NOUN_1_PASS_b,F,S,la banane avec le jouet était cachée <eos>,6,cachée,caché,4,M,cachée,-8.723264,caché,-9.785103,1
4443,S_NOUN_1_PASS_b,F,S,la banane avec le jouet était cassée <eos>,6,cassée,cassé,4,M,cassée,-10.020132,cassé,-12.318323,1
4444,S_NOUN_1_PASS_b,F,S,la banane avec le jouet était couverte <eos>,6,couverte,couvert,4,M,couverte,-7.3741627,couvert,-10.052399,1
4445,S_NOUN_1_PASS_b,F,S,la banane avec le jouet était déformée <eos>,6,déformée,déformé,4,M,déformée,-12.729963,déformé,-14.258537,1
4446,S_NOUN_1_PASS_b,F,S,la banane avec le jouet était fixée <eos>,6,fixée,fixé,4,M,fixée,-6.5658913,fixé,-9.131197,1
4447,S_NOUN_1_PASS_b,F,S,la banane avec le jouet était jetée <eos>,6,jetée,jeté,4,M,jetée,-8.829461,jeté,-11.273984,1
4448,S_NOUN_1_PASS_b,F,S,la banane avec le jouet était laissée <eos>,6,laissée,laissé,4,M,laissée,-8.805466,laissé,-10.623744,1
4449,S_NOUN_1_PASS_b,F,S,la banane avec le jouet était ouverte <eos>,6,ouverte,ouvert,4,M,ouverte,-6.927029,ouvert,-9.72422,1
4450,S_NOUN_1_PASS_b,F,S,la banane avec le jouet était perdue <eos>,6,perdue,perdu,4,M,perdue,-9.742421,perdu,-11.223355,1
4451,S_NOUN_1_PASS_b,F,S,la banane avec le jouet était réparée <eos>,6,réparée,réparé,4,M,réparée,-12.481376,réparé,-13.251315,1
4452,S_NOUN_1_PASS_b,F,S,la banane avec le jouet était retirée <eos>,6,retirée,retiré,4,M,retirée,-8.978306,retiré,-10.103772,1
4453,S_NOUN_1_PASS_b,F,S,la banane avec le jouet était tombée <eos>,6,tombée,tombé,4,M,tombée,-8.295244,tombé,-9.363752,1
4454,S_NOUN_1_PASS_b,F,S,la banane avec le jouet était utilisée <eos>,6,utilisée,utilisé,4,M,utilisée,-3.6286843,utilisé,-5.8056765,1
4455,S_NOUN_1_PASS_b,F,S,la banane avec le clou était achetée <eos>,6,achetée,acheté,4,M,achetée,-8.794093,acheté,-11.931035,1
4456,S_NOUN_1_PASS_b,F,S,la banane avec le clou était brisée <eos>,6,brisée,brisé,4,M,brisée,-10.481114,brisé,-11.465833,1
4457,S_NOUN_1_PASS_b,F,S,la banane avec le clou était cachée <eos>,6,cachée,caché,4,M,cachée,-8.066568,caché,-10.655978,1
4458,S_NOUN_1_PASS_b,F,S,la banane avec le clou était cassée <eos>,6,cassée,cassé,4,M,cassée,-9.168424,cassé,-11.536726,1
4459,S_NOUN_1_PASS_b,F,S,la banane avec le clou était couverte <eos>,6,couverte,couvert,4,M,couverte,-6.37814,couvert,-10.42137,1
4460,S_NOUN_1_PASS_b,F,S,la banane avec le clou était déformée <eos>,6,déformée,déformé,4,M,déformée,-11.107163,déformé,-13.933948,1
4461,S_NOUN_1_PASS_b,F,S,la banane avec le clou était fixée <eos>,6,fixée,fixé,4,M,fixée,-5.860397,fixé,-8.566671,1
4462,S_NOUN_1_PASS_b,F,S,la banane avec le clou était jetée <eos>,6,jetée,jeté,4,M,jetée,-7.3710585,jeté,-11.557632,1
4463,S_NOUN_1_PASS_b,F,S,la banane avec le clou était laissée <eos>,6,laissée,laissé,4,M,laissée,-7.3975277,laissé,-10.9162855,1
4464,S_NOUN_1_PASS_b,F,S,la banane avec le clou était ouverte <eos>,6,ouverte,ouvert,4,M,ouverte,-6.645466,ouvert,-10.706619,1
4465,S_NOUN_1_PASS_b,F,S,la banane avec le clou était perdue <eos>,6,perdue,perdu,4,M,perdue,-8.049097,perdu,-11.301402,1
4466,S_NOUN_1_PASS_b,F,S,la banane avec le clou était réparée <eos>,6,réparée,réparé,4,M,réparée,-12.335569,réparé,-14.136238,1
4467,S_NOUN_1_PASS_b,F,S,la banane avec le clou était retirée <eos>,6,retirée,retiré,4,M,retirée,-7.1101685,retiré,-9.467604,1
4468,S_NOUN_1_PASS_b,F,S,la banane avec le clou était tombée <eos>,6,tombée,tombé,4,M,tombée,-6.4283295,tombé,-10.142782,1
4469,S_NOUN_1_PASS_b,F,S,la banane avec le clou était utilisée <eos>,6,utilisée,utilisé,4,M,utilisée,-3.1411984,utilisé,-6.309058,1
4470,S_NOUN_1_PASS_b,F,S,la banane avec le billet était achetée <eos>,6,achetée,acheté,4,M,achetée,-8.083563,acheté,-9.691504,1
4471,S_NOUN_1_PASS_b,F,S,la banane avec le billet était brisée <eos>,6,brisée,brisé,4,M,brisée,-10.995631,brisé,-10.31668,0
4472,S_NOUN_1_PASS_b,F,S,la banane avec le billet était cachée <eos>,6,cachée,caché,4,M,cachée,-8.307003,caché,-8.891711,1
4473,S_NOUN_1_PASS_b,F,S,la banane avec le billet était cassée <eos>,6,cassée,cassé,4,M,cassée,-10.35696,cassé,-10.641777,1
4474,S_NOUN_1_PASS_b,F,S,la banane avec le billet était couverte <eos>,6,couverte,couvert,4,M,couverte,-7.0967503,couvert,-8.733204,1
4475,S_NOUN_1_PASS_b,F,S,la banane avec le billet était déformée <eos>,6,déformée,déformé,4,M,déformée,-11.525185,déformé,-13.225556,1
4476,S_NOUN_1_PASS_b,F,S,la banane avec le billet était fixée <eos>,6,fixée,fixé,4,M,fixée,-6.465272,fixé,-7.725517,1
4477,S_NOUN_1_PASS_b,F,S,la banane avec le billet était jetée <eos>,6,jetée,jeté,4,M,jetée,-7.3134756,jeté,-9.882664,1
4478,S_NOUN_1_PASS_b,F,S,la banane avec le billet était laissée <eos>,6,laissée,laissé,4,M,laissée,-8.138874,laissé,-9.511602,1
4479,S_NOUN_1_PASS_b,F,S,la banane avec le billet était ouverte <eos>,6,ouverte,ouvert,4,M,ouverte,-6.6810946,ouvert,-9.493702,1
4480,S_NOUN_1_PASS_b,F,S,la banane avec le billet était perdue <eos>,6,perdue,perdu,4,M,perdue,-8.543225,perdu,-9.477843,1
4481,S_NOUN_1_PASS_b,F,S,la banane avec le billet était réparée <eos>,6,réparée,réparé,4,M,réparée,-12.043579,réparé,-12.174376,1
4482,S_NOUN_1_PASS_b,F,S,la banane avec le billet était retirée <eos>,6,retirée,retiré,4,M,retirée,-7.8428955,retiré,-8.048027,1
4483,S_NOUN_1_PASS_b,F,S,la banane avec le billet était tombée <eos>,6,tombée,tombé,4,M,tombée,-7.18195,tombé,-8.81806,1
4484,S_NOUN_1_PASS_b,F,S,la banane avec le billet était utilisée <eos>,6,utilisée,utilisé,4,M,utilisée,-4.138483,utilisé,-5.7686815,1
4485,S_NOUN_1_PASS_b,F,S,la banane avec le légume était achetée <eos>,6,achetée,acheté,4,M,achetée,-9.7230835,acheté,-10.841785,1
4486,S_NOUN_1_PASS_b,F,S,la banane avec le légume était brisée <eos>,6,brisée,brisé,4,M,brisée,-12.396721,brisé,-12.186754,0
4487,S_NOUN_1_PASS_b,F,S,la banane avec le légume était cachée <eos>,6,cachée,caché,4,M,cachée,-9.096157,caché,-10.161963,1
4488,S_NOUN_1_PASS_b,F,S,la banane avec le légume était cassée <eos>,6,cassée,cassé,4,M,cassée,-11.151773,cassé,-12.490498,1
4489,S_NOUN_1_PASS_b,F,S,la banane avec le légume était couverte <eos>,6,couverte,couvert,4,M,couverte,-7.773031,couvert,-10.235122,1
4490,S_NOUN_1_PASS_b,F,S,la banane avec le légume était déformée <eos>,6,déformée,déformé,4,M,déformée,-13.058699,déformé,-15.07394,1
4491,S_NOUN_1_PASS_b,F,S,la banane avec le légume était fixée <eos>,6,fixée,fixé,4,M,fixée,-8.129566,fixé,-9.229107,1
4492,S_NOUN_1_PASS_b,F,S,la banane avec le légume était jetée <eos>,6,jetée,jeté,4,M,jetée,-9.325447,jeté,-12.121493,1
4493,S_NOUN_1_PASS_b,F,S,la banane avec le légume était laissée <eos>,6,laissée,laissé,4,M,laissée,-8.316397,laissé,-10.420387,1
4494,S_NOUN_1_PASS_b,F,S,la banane avec le légume était ouverte <eos>,6,ouverte,ouvert,4,M,ouverte,-7.485447,ouvert,-10.200258,1
4495,S_NOUN_1_PASS_b,F,S,la banane avec le légume était perdue <eos>,6,perdue,perdu,4,M,perdue,-9.03967,perdu,-11.139527,1
4496,S_NOUN_1_PASS_b,F,S,la banane avec le légume était réparée <eos>,6,réparée,réparé,4,M,réparée,-14.237662,réparé,-13.448546,0
4497,S_NOUN_1_PASS_b,F,S,la banane avec le légume était retirée <eos>,6,retirée,retiré,4,M,retirée,-8.763733,retiré,-9.869852,1
4498,S_NOUN_1_PASS_b,F,S,la banane avec le légume était tombée <eos>,6,tombée,tombé,4,M,tombée,-7.6343307,tombé,-10.086106,1
4499,S_NOUN_1_PASS_b,F,S,la banane avec le légume était utilisée <eos>,6,utilisée,utilisé,4,M,utilisée,-4.171536,utilisé,-6.10412,1
4500,S_NOUN_1_PASS_b,F,S,la robe avec le bracelet était achetée <eos>,6,achetée,acheté,4,M,achetée,-8.977245,acheté,-11.362642,1
4501,S_NOUN_1_PASS_b,F,S,la robe avec le bracelet était brisée <eos>,6,brisée,brisé,4,M,brisée,-9.334323,brisé,-12.156317,1
4502,S_NOUN_1_PASS_b,F,S,la robe avec le bracelet était cachée <eos>,6,cachée,caché,4,M,cachée,-9.336414,caché,-10.819525,1
4503,S_NOUN_1_PASS_b,F,S,la robe avec le bracelet était cassée <eos>,6,cassée,cassé,4,M,cassée,-9.965254,cassé,-10.694686,1
4504,S_NOUN_1_PASS_b,F,S,la robe avec le bracelet était couverte <eos>,6,couverte,couvert,4,M,couverte,-6.498173,couvert,-9.118696,1
4505,S_NOUN_1_PASS_b,F,S,la robe avec le bracelet était déformée <eos>,6,déformée,déformé,4,M,déformée,-10.279049,déformé,-13.042017,1
4506,S_NOUN_1_PASS_b,F,S,la robe avec le bracelet était fixée <eos>,6,fixée,fixé,4,M,fixée,-4.6348186,fixé,-7.3529706,1
4507,S_NOUN_1_PASS_b,F,S,la robe avec le bracelet était jetée <eos>,6,jetée,jeté,4,M,jetée,-11.466926,jeté,-11.512506,1
4508,S_NOUN_1_PASS_b,F,S,la robe avec le bracelet était laissée <eos>,6,laissée,laissé,4,M,laissée,-8.233655,laissé,-10.525961,1
4509,S_NOUN_1_PASS_b,F,S,la robe avec le bracelet était ouverte <eos>,6,ouverte,ouvert,4,M,ouverte,-6.8724213,ouvert,-9.893371,1
4510,S_NOUN_1_PASS_b,F,S,la robe avec le bracelet était perdue <eos>,6,perdue,perdu,4,M,perdue,-9.9751625,perdu,-11.840598,1
4511,S_NOUN_1_PASS_b,F,S,la robe avec le bracelet était réparée <eos>,6,réparée,réparé,4,M,réparée,-12.125916,réparé,-16.010435,1
4512,S_NOUN_1_PASS_b,F,S,la robe avec le bracelet était retirée <eos>,6,retirée,retiré,4,M,retirée,-8.421972,retiré,-8.925274,1
4513,S_NOUN_1_PASS_b,F,S,la robe avec le bracelet était tombée <eos>,6,tombée,tombé,4,M,tombée,-9.588104,tombé,-10.330427,1
4514,S_NOUN_1_PASS_b,F,S,la robe avec le bracelet était utilisée <eos>,6,utilisée,utilisé,4,M,utilisée,-4.7521334,utilisé,-6.8563023,1
4515,S_NOUN_1_PASS_b,F,S,la robe avec le miroir était achetée <eos>,6,achetée,acheté,4,M,achetée,-9.042473,acheté,-11.27664,1
4516,S_NOUN_1_PASS_b,F,S,la robe avec le miroir était brisée <eos>,6,brisée,brisé,4,M,brisée,-8.666377,brisé,-11.601571,1
4517,S_NOUN_1_PASS_b,F,S,la robe avec le miroir était cachée <eos>,6,cachée,caché,4,M,cachée,-8.646217,caché,-10.062954,1
4518,S_NOUN_1_PASS_b,F,S,la robe avec le miroir était cassée <eos>,6,cassée,cassé,4,M,cassée,-9.567924,cassé,-9.629305,1
4519,S_NOUN_1_PASS_b,F,S,la robe avec le miroir était couverte <eos>,6,couverte,couvert,4,M,couverte,-5.8399887,couvert,-8.882472,1
4520,S_NOUN_1_PASS_b,F,S,la robe avec le miroir était déformée <eos>,6,déformée,déformé,4,M,déformée,-9.6810465,déformé,-12.591332,1
4521,S_NOUN_1_PASS_b,F,S,la robe avec le miroir était fixée <eos>,6,fixée,fixé,4,M,fixée,-5.1168814,fixé,-7.3266582,1
4522,S_NOUN_1_PASS_b,F,S,la robe avec le miroir était jetée <eos>,6,jetée,jeté,4,M,jetée,-10.902266,jeté,-11.461006,1
4523,S_NOUN_1_PASS_b,F,S,la robe avec le miroir était laissée <eos>,6,laissée,laissé,4,M,laissée,-8.631501,laissé,-11.063758,1
4524,S_NOUN_1_PASS_b,F,S,la robe avec le miroir était ouverte <eos>,6,ouverte,ouvert,4,M,ouverte,-7.1575623,ouvert,-10.648353,1
4525,S_NOUN_1_PASS_b,F,S,la robe avec le miroir était perdue <eos>,6,perdue,perdu,4,M,perdue,-9.7993965,perdu,-11.787777,1
4526,S_NOUN_1_PASS_b,F,S,la robe avec le miroir était réparée <eos>,6,réparée,réparé,4,M,réparée,-11.385968,réparé,-15.071307,1
4527,S_NOUN_1_PASS_b,F,S,la robe avec le miroir était retirée <eos>,6,retirée,retiré,4,M,retirée,-8.31892,retiré,-8.371461,1
4528,S_NOUN_1_PASS_b,F,S,la robe avec le miroir était tombée <eos>,6,tombée,tombé,4,M,tombée,-8.894354,tombé,-9.949553,1
4529,S_NOUN_1_PASS_b,F,S,la robe avec le miroir était utilisée <eos>,6,utilisée,utilisé,4,M,utilisée,-5.1097574,utilisé,-6.9629755,1
4530,S_NOUN_1_PASS_b,F,S,la robe avec le crayon était achetée <eos>,6,achetée,acheté,4,M,achetée,-8.472473,acheté,-11.767155,1
4531,S_NOUN_1_PASS_b,F,S,la robe avec le crayon était brisée <eos>,6,brisée,brisé,4,M,brisée,-9.704504,brisé,-13.826856,1
4532,S_NOUN_1_PASS_b,F,S,la robe avec le crayon était cachée <eos>,6,cachée,caché,4,M,cachée,-8.993046,caché,-10.660289,1
4533,S_NOUN_1_PASS_b,F,S,la robe avec le crayon était cassée <eos>,6,cassée,cassé,4,M,cassée,-9.797462,cassé,-12.107316,1
4534,S_NOUN_1_PASS_b,F,S,la robe avec le crayon était couverte <eos>,6,couverte,couvert,4,M,couverte,-6.4547877,couvert,-10.158737,1
4535,S_NOUN_1_PASS_b,F,S,la robe avec le crayon était déformée <eos>,6,déformée,déformé,4,M,déformée,-9.541557,déformé,-13.871942,1
4536,S_NOUN_1_PASS_b,F,S,la robe avec le crayon était fixée <eos>,6,fixée,fixé,4,M,fixée,-5.7616086,fixé,-8.696915,1
4537,S_NOUN_1_PASS_b,F,S,la robe avec le crayon était jetée <eos>,6,jetée,jeté,4,M,jetée,-10.519655,jeté,-12.941817,1
4538,S_NOUN_1_PASS_b,F,S,la robe avec le crayon était laissée <eos>,6,laissée,laissé,4,M,laissée,-7.5163536,laissé,-11.479843,1
4539,S_NOUN_1_PASS_b,F,S,la robe avec le crayon était ouverte <eos>,6,ouverte,ouvert,4,M,ouverte,-7.0893793,ouvert,-11.306868,1
4540,S_NOUN_1_PASS_b,F,S,la robe avec le crayon était perdue <eos>,6,perdue,perdu,4,M,perdue,-8.785216,perdu,-11.610208,1
4541,S_NOUN_1_PASS_b,F,S,la robe avec le crayon était réparée <eos>,6,réparée,réparé,4,M,réparée,-11.775307,réparé,-16.057098,1
4542,S_NOUN_1_PASS_b,F,S,la robe avec le crayon était retirée <eos>,6,retirée,retiré,4,M,retirée,-7.778184,retiré,-9.051959,1
4543,S_NOUN_1_PASS_b,F,S,la robe avec le crayon était tombée <eos>,6,tombée,tombé,4,M,tombée,-8.281064,tombé,-10.736133,1
4544,S_NOUN_1_PASS_b,F,S,la robe avec le crayon était utilisée <eos>,6,utilisée,utilisé,4,M,utilisée,-3.5439627,utilisé,-6.7866125,1
4545,S_NOUN_1_PASS_b,F,S,la robe avec le rideau était achetée <eos>,6,achetée,acheté,4,M,achetée,-9.119604,acheté,-12.224106,1
4546,S_NOUN_1_PASS_b,F,S,la robe avec le rideau était brisée <eos>,6,brisée,brisé,4,M,brisée,-8.524863,brisé,-11.39208,1
4547,S_NOUN_1_PASS_b,F,S,la robe avec le rideau était cachée <eos>,6,cachée,caché,4,M,cachée,-8.843718,caché,-10.122679,1
4548,S_NOUN_1_PASS_b,F,S,la robe avec le rideau était cassée <eos>,6,cassée,cassé,4,M,cassée,-9.640236,cassé,-10.135915,1
4549,S_NOUN_1_PASS_b,F,S,la robe avec le rideau était couverte <eos>,6,couverte,couvert,4,M,couverte,-6.18008,couvert,-8.890467,1
4550,S_NOUN_1_PASS_b,F,S,la robe avec le rideau était déformée <eos>,6,déformée,déformé,4,M,déformée,-9.361445,déformé,-12.767209,1
4551,S_NOUN_1_PASS_b,F,S,la robe avec le rideau était fixée <eos>,6,fixée,fixé,4,M,fixée,-5.3687773,fixé,-8.092971,1
4552,S_NOUN_1_PASS_b,F,S,la robe avec le rideau était jetée <eos>,6,jetée,jeté,4,M,jetée,-10.437622,jeté,-11.843486,1
4553,S_NOUN_1_PASS_b,F,S,la robe avec le rideau était laissée <eos>,6,laissée,laissé,4,M,laissée,-7.714184,laissé,-10.428784,1
4554,S_NOUN_1_PASS_b,F,S,la robe avec le rideau était ouverte <eos>,6,ouverte,ouvert,4,M,ouverte,-7.845358,ouvert,-10.682945,1
4555,S_NOUN_1_PASS_b,F,S,la robe avec le rideau était perdue <eos>,6,perdue,perdu,4,M,perdue,-9.768192,perdu,-11.273561,1
4556,S_NOUN_1_PASS_b,F,S,la robe avec le rideau était réparée <eos>,6,réparée,réparé,4,M,réparée,-11.706942,réparé,-14.821808,1
4557,S_NOUN_1_PASS_b,F,S,la robe avec le rideau était retirée <eos>,6,retirée,retiré,4,M,retirée,-6.614928,retiré,-8.395306,1
4558,S_NOUN_1_PASS_b,F,S,la robe avec le rideau était tombée <eos>,6,tombée,tombé,4,M,tombée,-8.255601,tombé,-9.644775,1
4559,S_NOUN_1_PASS_b,F,S,la robe avec le rideau était utilisée <eos>,6,utilisée,utilisé,4,M,utilisée,-4.979346,utilisé,-7.234176,1
4560,S_NOUN_1_PASS_b,F,S,la robe avec le cahier était achetée <eos>,6,achetée,acheté,4,M,achetée,-9.898792,acheté,-11.224774,1
4561,S_NOUN_1_PASS_b,F,S,la robe avec le cahier était brisée <eos>,6,brisée,brisé,4,M,brisée,-10.047226,brisé,-12.008434,1
4562,S_NOUN_1_PASS_b,F,S,la robe avec le cahier était cachée <eos>,6,cachée,caché,4,M,cachée,-10.803971,caché,-10.524461,0
4563,S_NOUN_1_PASS_b,F,S,la robe avec le cahier était cassée <eos>,6,cassée,cassé,4,M,cassée,-10.512832,cassé,-10.782755,1
4564,S_NOUN_1_PASS_b,F,S,la robe avec le cahier était couverte <eos>,6,couverte,couvert,4,M,couverte,-6.939681,couvert,-8.989819,1
4565,S_NOUN_1_PASS_b,F,S,la robe avec le cahier était déformée <eos>,6,déformée,déformé,4,M,déformée,-10.460768,déformé,-13.055803,1
4566,S_NOUN_1_PASS_b,F,S,la robe avec le cahier était fixée <eos>,6,fixée,fixé,4,M,fixée,-4.882991,fixé,-6.6646776,1
4567,S_NOUN_1_PASS_b,F,S,la robe avec le cahier était jetée <eos>,6,jetée,jeté,4,M,jetée,-11.933704,jeté,-12.143628,1
4568,S_NOUN_1_PASS_b,F,S,la robe avec le cahier était laissée <eos>,6,laissée,laissé,4,M,laissée,-8.900337,laissé,-10.989265,1
4569,S_NOUN_1_PASS_b,F,S,la robe avec le cahier était ouverte <eos>,6,ouverte,ouvert,4,M,ouverte,-7.5270224,ouvert,-9.331925,1
4570,S_NOUN_1_PASS_b,F,S,la robe avec le cahier était perdue <eos>,6,perdue,perdu,4,M,perdue,-9.982885,perdu,-10.360712,1
4571,S_NOUN_1_PASS_b,F,S,la robe avec le cahier était réparée <eos>,6,réparée,réparé,4,M,réparée,-12.714598,réparé,-15.596171,1
4572,S_NOUN_1_PASS_b,F,S,la robe avec le cahier était retirée <eos>,6,retirée,retiré,4,M,retirée,-7.6149006,retiré,-7.3406925,0
4573,S_NOUN_1_PASS_b,F,S,la robe avec le cahier était tombée <eos>,6,tombée,tombé,4,M,tombée,-9.185329,tombé,-9.892872,1
4574,S_NOUN_1_PASS_b,F,S,la robe avec le cahier était utilisée <eos>,6,utilisée,utilisé,4,M,utilisée,-5.5219173,utilisé,-6.9398394,1
4575,S_NOUN_1_PASS_b,F,S,la robe avec le micro était achetée <eos>,6,achetée,acheté,4,M,achetée,-9.882641,acheté,-12.404827,1
4576,S_NOUN_1_PASS_b,F,S,la robe avec le micro était brisée <eos>,6,brisée,brisé,4,M,brisée,-9.858462,brisé,-12.734802,1
4577,S_NOUN_1_PASS_b,F,S,la robe avec le micro était cachée <eos>,6,cachée,caché,4,M,cachée,-9.963427,caché,-11.105516,1
4578,S_NOUN_1_PASS_b,F,S,la robe avec le micro était cassée <eos>,6,cassée,cassé,4,M,cassée,-9.346333,cassé,-9.680181,1
4579,S_NOUN_1_PASS_b,F,S,la robe avec le micro était couverte <eos>,6,couverte,couvert,4,M,couverte,-6.568838,couvert,-9.643762,1
4580,S_NOUN_1_PASS_b,F,S,la robe avec le micro était déformée <eos>,6,déformée,déformé,4,M,déformée,-9.675053,déformé,-13.401807,1
4581,S_NOUN_1_PASS_b,F,S,la robe avec le micro était fixée <eos>,6,fixée,fixé,4,M,fixée,-5.273249,fixé,-7.936378,1
4582,S_NOUN_1_PASS_b,F,S,la robe avec le micro était jetée <eos>,6,jetée,jeté,4,M,jetée,-11.396211,jeté,-12.397826,1
4583,S_NOUN_1_PASS_b,F,S,la robe avec le micro était laissée <eos>,6,laissée,laissé,4,M,laissée,-9.152131,laissé,-11.560638,1
4584,S_NOUN_1_PASS_b,F,S,la robe avec le micro était ouverte <eos>,6,ouverte,ouvert,4,M,ouverte,-7.766224,ouvert,-10.569369,1
4585,S_NOUN_1_PASS_b,F,S,la robe avec le micro était perdue <eos>,6,perdue,perdu,4,M,perdue,-10.517532,perdu,-12.352652,1
4586,S_NOUN_1_PASS_b,F,S,la robe avec le micro était réparée <eos>,6,réparée,réparé,4,M,réparée,-12.738039,réparé,-16.718126,1
4587,S_NOUN_1_PASS_b,F,S,la robe avec le micro était retirée <eos>,6,retirée,retiré,4,M,retirée,-8.178261,retiré,-8.400549,1
4588,S_NOUN_1_PASS_b,F,S,la robe avec le micro était tombée <eos>,6,tombée,tombé,4,M,tombée,-9.342,tombé,-10.17335,1
4589,S_NOUN_1_PASS_b,F,S,la robe avec le micro était utilisée <eos>,6,utilisée,utilisé,4,M,utilisée,-5.574595,utilisé,-7.6598783,1
4590,S_NOUN_1_PASS_b,F,S,la robe avec le sac était achetée <eos>,6,achetée,acheté,4,M,achetée,-8.576228,acheté,-11.115662,1
4591,S_NOUN_1_PASS_b,F,S,la robe avec le sac était brisée <eos>,6,brisée,brisé,4,M,brisée,-9.011745,brisé,-12.315424,1
4592,S_NOUN_1_PASS_b,F,S,la robe avec le sac était cachée <eos>,6,cachée,caché,4,M,cachée,-8.56675,caché,-10.509518,1
4593,S_NOUN_1_PASS_b,F,S,la robe avec le sac était cassée <eos>,6,cassée,cassé,4,M,cassée,-8.749432,cassé,-10.787689,1
4594,S_NOUN_1_PASS_b,F,S,la robe avec le sac était couverte <eos>,6,couverte,couvert,4,M,couverte,-5.679164,couvert,-9.21189,1
4595,S_NOUN_1_PASS_b,F,S,la robe avec le sac était déformée <eos>,6,déformée,déformé,4,M,déformée,-9.409549,déformé,-13.010287,1
4596,S_NOUN_1_PASS_b,F,S,la robe avec le sac était fixée <eos>,6,fixée,fixé,4,M,fixée,-5.031136,fixé,-7.9906573,1
4597,S_NOUN_1_PASS_b,F,S,la robe avec le sac était jetée <eos>,6,jetée,jeté,4,M,jetée,-9.685593,jeté,-11.334343,1
4598,S_NOUN_1_PASS_b,F,S,la robe avec le sac était laissée <eos>,6,laissée,laissé,4,M,laissée,-7.3058987,laissé,-10.1167,1
4599,S_NOUN_1_PASS_b,F,S,la robe avec le sac était ouverte <eos>,6,ouverte,ouvert,4,M,ouverte,-6.283107,ouvert,-9.816361,1
4600,S_NOUN_1_PASS_b,F,S,la robe avec le sac était perdue <eos>,6,perdue,perdu,4,M,perdue,-8.59049,perdu,-11.370829,1
4601,S_NOUN_1_PASS_b,F,S,la robe avec le sac était réparée <eos>,6,réparée,réparé,4,M,réparée,-11.723003,réparé,-15.21872,1
4602,S_NOUN_1_PASS_b,F,S,la robe avec le sac était retirée <eos>,6,retirée,retiré,4,M,retirée,-6.9037695,retiré,-7.7924414,1
4603,S_NOUN_1_PASS_b,F,S,la robe avec le sac était tombée <eos>,6,tombée,tombé,4,M,tombée,-8.991802,tombé,-10.395609,1
4604,S_NOUN_1_PASS_b,F,S,la robe avec le sac était utilisée <eos>,6,utilisée,utilisé,4,M,utilisée,-4.856444,utilisé,-7.6340766,1
4605,S_NOUN_1_PASS_b,F,S,la robe avec le clavier était achetée <eos>,6,achetée,acheté,4,M,achetée,-10.313781,acheté,-12.319614,1
4606,S_NOUN_1_PASS_b,F,S,la robe avec le clavier était brisée <eos>,6,brisée,brisé,4,M,brisée,-9.943303,brisé,-13.565741,1
4607,S_NOUN_1_PASS_b,F,S,la robe avec le clavier était cachée <eos>,6,cachée,caché,4,M,cachée,-9.440782,caché,-11.517555,1
4608,S_NOUN_1_PASS_b,F,S,la robe avec le clavier était cassée <eos>,6,cassée,cassé,4,M,cassée,-9.333927,cassé,-11.253147,1
4609,S_NOUN_1_PASS_b,F,S,la robe avec le clavier était couverte <eos>,6,couverte,couvert,4,M,couverte,-6.243192,couvert,-10.193886,1
4610,S_NOUN_1_PASS_b,F,S,la robe avec le clavier était déformée <eos>,6,déformée,déformé,4,M,déformée,-9.354878,déformé,-13.9628725,1
4611,S_NOUN_1_PASS_b,F,S,la robe avec le clavier était fixée <eos>,6,fixée,fixé,4,M,fixée,-4.7515535,fixé,-7.823327,1
4612,S_NOUN_1_PASS_b,F,S,la robe avec le clavier était jetée <eos>,6,jetée,jeté,4,M,jetée,-12.316095,jeté,-13.539869,1
4613,S_NOUN_1_PASS_b,F,S,la robe avec le clavier était laissée <eos>,6,laissée,laissé,4,M,laissée,-8.883639,laissé,-11.77062,1
4614,S_NOUN_1_PASS_b,F,S,la robe avec le clavier était ouverte <eos>,6,ouverte,ouvert,4,M,ouverte,-6.831605,ouvert,-10.148349,1
4615,S_NOUN_1_PASS_b,F,S,la robe avec le clavier était perdue <eos>,6,perdue,perdu,4,M,perdue,-10.3359785,perdu,-12.602389,1
4616,S_NOUN_1_PASS_b,F,S,la robe avec le clavier était réparée <eos>,6,réparée,réparé,4,M,réparée,-11.777661,réparé,-16.34457,1
4617,S_NOUN_1_PASS_b,F,S,la robe avec le clavier était retirée <eos>,6,retirée,retiré,4,M,retirée,-8.500286,retiré,-9.032118,1
4618,S_NOUN_1_PASS_b,F,S,la robe avec le clavier était tombée <eos>,6,tombée,tombé,4,M,tombée,-8.721401,tombé,-11.251864,1
4619,S_NOUN_1_PASS_b,F,S,la robe avec le clavier était utilisée <eos>,6,utilisée,utilisé,4,M,utilisée,-5.0657907,utilisé,-7.644836,1
4620,S_NOUN_1_PASS_b,F,S,la robe avec le raisin était achetée <eos>,6,achetée,acheté,4,M,achetée,-9.1821575,acheté,-11.756341,1
4621,S_NOUN_1_PASS_b,F,S,la robe avec le raisin était brisée <eos>,6,brisée,brisé,4,M,brisée,-10.919102,brisé,-14.895971,1
4622,S_NOUN_1_PASS_b,F,S,la robe avec le raisin était cachée <eos>,6,cachée,caché,4,M,cachée,-9.833614,caché,-11.801671,1
4623,S_NOUN_1_PASS_b,F,S,la robe avec le raisin était cassée <eos>,6,cassée,cassé,4,M,cassée,-9.481654,cassé,-11.285469,1
4624,S_NOUN_1_PASS_b,F,S,la robe avec le raisin était couverte <eos>,6,couverte,couvert,4,M,couverte,-6.8647723,couvert,-10.528685,1
4625,S_NOUN_1_PASS_b,F,S,la robe avec le raisin était déformée <eos>,6,déformée,déformé,4,M,déformée,-10.165322,déformé,-14.696069,1
4626,S_NOUN_1_PASS_b,F,S,la robe avec le raisin était fixée <eos>,6,fixée,fixé,4,M,fixée,-5.7553234,fixé,-8.964457,1
4627,S_NOUN_1_PASS_b,F,S,la robe avec le raisin était jetée <eos>,6,jetée,jeté,4,M,jetée,-10.966541,jeté,-12.829901,1
4628,S_NOUN_1_PASS_b,F,S,la robe avec le raisin était laissée <eos>,6,laissée,laissé,4,M,laissée,-7.9294453,laissé,-11.040341,1
4629,S_NOUN_1_PASS_b,F,S,la robe avec le raisin était ouverte <eos>,6,ouverte,ouvert,4,M,ouverte,-7.0046864,ouvert,-10.905993,1
4630,S_NOUN_1_PASS_b,F,S,la robe avec le raisin était perdue <eos>,6,perdue,perdu,4,M,perdue,-9.758625,perdu,-12.243209,1
4631,S_NOUN_1_PASS_b,F,S,la robe avec le raisin était réparée <eos>,6,réparée,réparé,4,M,réparée,-12.478895,réparé,-15.990559,1
4632,S_NOUN_1_PASS_b,F,S,la robe avec le raisin était retirée <eos>,6,retirée,retiré,4,M,retirée,-8.198019,retiré,-9.360123,1
4633,S_NOUN_1_PASS_b,F,S,la robe avec le raisin était tombée <eos>,6,tombée,tombé,4,M,tombée,-8.331805,tombé,-11.523112,1
4634,S_NOUN_1_PASS_b,F,S,la robe avec le raisin était utilisée <eos>,6,utilisée,utilisé,4,M,utilisée,-5.005868,utilisé,-8.014242,1
4635,S_NOUN_1_PASS_b,F,S,la robe avec le chargeur était achetée <eos>,6,achetée,acheté,4,M,achetée,-10.057117,acheté,-12.613404,1
4636,S_NOUN_1_PASS_b,F,S,la robe avec le chargeur était brisée <eos>,6,brisée,brisé,4,M,brisée,-9.073256,brisé,-12.177904,1
4637,S_NOUN_1_PASS_b,F,S,la robe avec le chargeur était cachée <eos>,6,cachée,caché,4,M,cachée,-9.405306,caché,-11.454094,1
4638,S_NOUN_1_PASS_b,F,S,la robe avec le chargeur était cassée <eos>,6,cassée,cassé,4,M,cassée,-8.751012,cassé,-10.355019,1
4639,S_NOUN_1_PASS_b,F,S,la robe avec le chargeur était couverte <eos>,6,couverte,couvert,4,M,couverte,-6.47039,couvert,-9.702253,1
4640,S_NOUN_1_PASS_b,F,S,la robe avec le chargeur était déformée <eos>,6,déformée,déformé,4,M,déformée,-9.204559,déformé,-13.331466,1
4641,S_NOUN_1_PASS_b,F,S,la robe avec le chargeur était fixée <eos>,6,fixée,fixé,4,M,fixée,-4.581294,fixé,-7.685232,1
4642,S_NOUN_1_PASS_b,F,S,la robe avec le chargeur était jetée <eos>,6,jetée,jeté,4,M,jetée,-11.059262,jeté,-12.26484,1
4643,S_NOUN_1_PASS_b,F,S,la robe avec le chargeur était laissée <eos>,6,laissée,laissé,4,M,laissée,-8.77767,laissé,-11.453115,1
4644,S_NOUN_1_PASS_b,F,S,la robe avec le chargeur était ouverte <eos>,6,ouverte,ouvert,4,M,ouverte,-6.8673816,ouvert,-10.436779,1
4645,S_NOUN_1_PASS_b,F,S,la robe avec le chargeur était perdue <eos>,6,perdue,perdu,4,M,perdue,-10.597517,perdu,-12.075067,1
4646,S_NOUN_1_PASS_b,F,S,la robe avec le chargeur était réparée <eos>,6,réparée,réparé,4,M,réparée,-10.95558,réparé,-16.124386,1
4647,S_NOUN_1_PASS_b,F,S,la robe avec le chargeur était retirée <eos>,6,retirée,retiré,4,M,retirée,-7.6609344,retiré,-8.363525,1
4648,S_NOUN_1_PASS_b,F,S,la robe avec le chargeur était tombée <eos>,6,tombée,tombé,4,M,tombée,-9.873827,tombé,-11.442062,1
4649,S_NOUN_1_PASS_b,F,S,la robe avec le chargeur était utilisée <eos>,6,utilisée,utilisé,4,M,utilisée,-5.257473,utilisé,-7.8700495,1
4650,S_NOUN_1_PASS_b,F,S,la robe avec le vase était achetée <eos>,6,achetée,acheté,4,M,achetée,-9.128017,acheté,-11.510484,1
4651,S_NOUN_1_PASS_b,F,S,la robe avec le vase était brisée <eos>,6,brisée,brisé,4,M,brisée,-9.471285,brisé,-12.366507,1
4652,S_NOUN_1_PASS_b,F,S,la robe avec le vase était cachée <eos>,6,cachée,caché,4,M,cachée,-9.165918,caché,-10.853856,1
4653,S_NOUN_1_PASS_b,F,S,la robe avec le vase était cassée <eos>,6,cassée,cassé,4,M,cassée,-9.438074,cassé,-11.218543,1
4654,S_NOUN_1_PASS_b,F,S,la robe avec le vase était couverte <eos>,6,couverte,couvert,4,M,couverte,-5.183709,couvert,-8.908064,1
4655,S_NOUN_1_PASS_b,F,S,la robe avec le vase était déformée <eos>,6,déformée,déformé,4,M,déformée,-9.992759,déformé,-13.584445,1
4656,S_NOUN_1_PASS_b,F,S,la robe avec le vase était fixée <eos>,6,fixée,fixé,4,M,fixée,-5.1945534,fixé,-7.933049,1
4657,S_NOUN_1_PASS_b,F,S,la robe avec le vase était jetée <eos>,6,jetée,jeté,4,M,jetée,-10.301368,jeté,-11.572657,1
4658,S_NOUN_1_PASS_b,F,S,la robe avec le vase était laissée <eos>,6,laissée,laissé,4,M,laissée,-8.083145,laissé,-10.746057,1
4659,S_NOUN_1_PASS_b,F,S,la robe avec le vase était ouverte <eos>,6,ouverte,ouvert,4,M,ouverte,-7.0023975,ouvert,-10.489919,1
4660,S_NOUN_1_PASS_b,F,S,la robe avec le vase était perdue <eos>,6,perdue,perdu,4,M,perdue,-9.180001,perdu,-11.205363,1
4661,S_NOUN_1_PASS_b,F,S,la robe avec le vase était réparée <eos>,6,réparée,réparé,4,M,réparée,-11.580015,réparé,-15.138781,1
4662,S_NOUN_1_PASS_b,F,S,la robe avec le vase était retirée <eos>,6,retirée,retiré,4,M,retirée,-7.7424326,retiré,-9.043224,1
4663,S_NOUN_1_PASS_b,F,S,la robe avec le vase était tombée <eos>,6,tombée,tombé,4,M,tombée,-7.9699945,tombé,-10.351957,1
4664,S_NOUN_1_PASS_b,F,S,la robe avec le vase était utilisée <eos>,6,utilisée,utilisé,4,M,utilisée,-4.8401027,utilisé,-7.431558,1
4665,S_NOUN_1_PASS_b,F,S,la robe avec le panier était achetée <eos>,6,achetée,acheté,4,M,achetée,-9.690912,acheté,-12.269692,1
4666,S_NOUN_1_PASS_b,F,S,la robe avec le panier était brisée <eos>,6,brisée,brisé,4,M,brisée,-9.9955015,brisé,-12.94191,1
4667,S_NOUN_1_PASS_b,F,S,la robe avec le panier était cachée <eos>,6,cachée,caché,4,M,cachée,-9.559638,caché,-11.185287,1
4668,S_NOUN_1_PASS_b,F,S,la robe avec le panier était cassée <eos>,6,cassée,cassé,4,M,cassée,-9.828289,cassé,-11.209645,1
4669,S_NOUN_1_PASS_b,F,S,la robe avec le panier était couverte <eos>,6,couverte,couvert,4,M,couverte,-6.5116816,couvert,-9.448334,1
4670,S_NOUN_1_PASS_b,F,S,la robe avec le panier était déformée <eos>,6,déformée,déformé,4,M,déformée,-10.081259,déformé,-14.34422,1
4671,S_NOUN_1_PASS_b,F,S,la robe avec le panier était fixée <eos>,6,fixée,fixé,4,M,fixée,-5.530177,fixé,-7.910494,1
4672,S_NOUN_1_PASS_b,F,S,la robe avec le panier était jetée <eos>,6,jetée,jeté,4,M,jetée,-11.530104,jeté,-12.910681,1
4673,S_NOUN_1_PASS_b,F,S,la robe avec le panier était laissée <eos>,6,laissée,laissé,4,M,laissée,-8.198267,laissé,-11.069596,1
4674,S_NOUN_1_PASS_b,F,S,la robe avec le panier était ouverte <eos>,6,ouverte,ouvert,4,M,ouverte,-7.388561,ouvert,-10.470215,1
4675,S_NOUN_1_PASS_b,F,S,la robe avec le panier était perdue <eos>,6,perdue,perdu,4,M,perdue,-10.011311,perdu,-12.102444,1
4676,S_NOUN_1_PASS_b,F,S,la robe avec le panier était réparée <eos>,6,réparée,réparé,4,M,réparée,-12.760348,réparé,-16.12858,1
4677,S_NOUN_1_PASS_b,F,S,la robe avec le panier était retirée <eos>,6,retirée,retiré,4,M,retirée,-7.6595554,retiré,-9.026639,1
4678,S_NOUN_1_PASS_b,F,S,la robe avec le panier était tombée <eos>,6,tombée,tombé,4,M,tombée,-8.691005,tombé,-10.664195,1
4679,S_NOUN_1_PASS_b,F,S,la robe avec le panier était utilisée <eos>,6,utilisée,utilisé,4,M,utilisée,-5.276791,utilisé,-7.569984,1
4680,S_NOUN_1_PASS_b,F,S,la robe avec le collier était achetée <eos>,6,achetée,acheté,4,M,achetée,-8.986243,acheté,-11.968695,1
4681,S_NOUN_1_PASS_b,F,S,la robe avec le collier était brisée <eos>,6,brisée,brisé,4,M,brisée,-9.708991,brisé,-12.329739,1
4682,S_NOUN_1_PASS_b,F,S,la robe avec le collier était cachée <eos>,6,cachée,caché,4,M,cachée,-9.013925,caché,-10.93531,1
4683,S_NOUN_1_PASS_b,F,S,la robe avec le collier était cassée <eos>,6,cassée,cassé,4,M,cassée,-9.864037,cassé,-10.198805,1
4684,S_NOUN_1_PASS_b,F,S,la robe avec le collier était couverte <eos>,6,couverte,couvert,4,M,couverte,-6.3468747,couvert,-9.433987,1
4685,S_NOUN_1_PASS_b,F,S,la robe avec le collier était déformée <eos>,6,déformée,déformé,4,M,déformée,-10.081029,déformé,-13.164184,1
4686,S_NOUN_1_PASS_b,F,S,la robe avec le collier était fixée <eos>,6,fixée,fixé,4,M,fixée,-5.6861057,fixé,-8.1572895,1
4687,S_NOUN_1_PASS_b,F,S,la robe avec le collier était jetée <eos>,6,jetée,jeté,4,M,jetée,-11.145858,jeté,-11.710644,1
4688,S_NOUN_1_PASS_b,F,S,la robe avec le collier était laissée <eos>,6,laissée,laissé,4,M,laissée,-8.435621,laissé,-10.716019,1
4689,S_NOUN_1_PASS_b,F,S,la robe avec le collier était ouverte <eos>,6,ouverte,ouvert,4,M,ouverte,-7.406787,ouvert,-10.832584,1
4690,S_NOUN_1_PASS_b,F,S,la robe avec le collier était perdue <eos>,6,perdue,perdu,4,M,perdue,-10.075827,perdu,-11.972799,1
4691,S_NOUN_1_PASS_b,F,S,la robe avec le collier était réparée <eos>,6,réparée,réparé,4,M,réparée,-12.280407,réparé,-15.9144,1
4692,S_NOUN_1_PASS_b,F,S,la robe avec le collier était retirée <eos>,6,retirée,retiré,4,M,retirée,-7.801833,retiré,-8.652221,1
4693,S_NOUN_1_PASS_b,F,S,la robe avec le collier était tombée <eos>,6,tombée,tombé,4,M,tombée,-8.885483,tombé,-10.181274,1
4694,S_NOUN_1_PASS_b,F,S,la robe avec le collier était utilisée <eos>,6,utilisée,utilisé,4,M,utilisée,-4.989482,utilisé,-7.4202814,1
4695,S_NOUN_1_PASS_b,F,S,la robe avec le chapeau était achetée <eos>,6,achetée,acheté,4,M,achetée,-9.82856,acheté,-12.30428,1
4696,S_NOUN_1_PASS_b,F,S,la robe avec le chapeau était brisée <eos>,6,brisée,brisé,4,M,brisée,-9.779373,brisé,-12.727523,1
4697,S_NOUN_1_PASS_b,F,S,la robe avec le chapeau était cachée <eos>,6,cachée,caché,4,M,cachée,-9.637889,caché,-11.182795,1
4698,S_NOUN_1_PASS_b,F,S,la robe avec le chapeau était cassée <eos>,6,cassée,cassé,4,M,cassée,-9.66888,cassé,-9.922016,1
4699,S_NOUN_1_PASS_b,F,S,la robe avec le chapeau était couverte <eos>,6,couverte,couvert,4,M,couverte,-5.888047,couvert,-9.59807,1
4700,S_NOUN_1_PASS_b,F,S,la robe avec le chapeau était déformée <eos>,6,déformée,déformé,4,M,déformée,-9.123959,déformé,-12.701136,1
4701,S_NOUN_1_PASS_b,F,S,la robe avec le chapeau était fixée <eos>,6,fixée,fixé,4,M,fixée,-5.4786625,fixé,-7.960346,1
4702,S_NOUN_1_PASS_b,F,S,la robe avec le chapeau était jetée <eos>,6,jetée,jeté,4,M,jetée,-11.418954,jeté,-12.072796,1
4703,S_NOUN_1_PASS_b,F,S,la robe avec le chapeau était laissée <eos>,6,laissée,laissé,4,M,laissée,-8.828176,laissé,-11.1827135,1
4704,S_NOUN_1_PASS_b,F,S,la robe avec le chapeau était ouverte <eos>,6,ouverte,ouvert,4,M,ouverte,-7.648798,ouvert,-11.003135,1
4705,S_NOUN_1_PASS_b,F,S,la robe avec le chapeau était perdue <eos>,6,perdue,perdu,4,M,perdue,-10.647676,perdu,-12.4693985,1
4706,S_NOUN_1_PASS_b,F,S,la robe avec le chapeau était réparée <eos>,6,réparée,réparé,4,M,réparée,-12.010706,réparé,-16.344189,1
4707,S_NOUN_1_PASS_b,F,S,la robe avec le chapeau était retirée <eos>,6,retirée,retiré,4,M,retirée,-8.160255,retiré,-8.500389,1
4708,S_NOUN_1_PASS_b,F,S,la robe avec le chapeau était tombée <eos>,6,tombée,tombé,4,M,tombée,-9.132122,tombé,-10.44576,1
4709,S_NOUN_1_PASS_b,F,S,la robe avec le chapeau était utilisée <eos>,6,utilisée,utilisé,4,M,utilisée,-5.09297,utilisé,-7.5162735,1
4710,S_NOUN_1_PASS_b,F,S,la robe avec le pot était achetée <eos>,6,achetée,acheté,4,M,achetée,-9.307787,acheté,-11.004019,1
4711,S_NOUN_1_PASS_b,F,S,la robe avec le pot était brisée <eos>,6,brisée,brisé,4,M,brisée,-10.196416,brisé,-12.044807,1
4712,S_NOUN_1_PASS_b,F,S,la robe avec le pot était cachée <eos>,6,cachée,caché,4,M,cachée,-9.667283,caché,-10.460335,1
4713,S_NOUN_1_PASS_b,F,S,la robe avec le pot était cassée <eos>,6,cassée,cassé,4,M,cassée,-9.765421,cassé,-10.771672,1
4714,S_NOUN_1_PASS_b,F,S,la robe avec le pot était couverte <eos>,6,couverte,couvert,4,M,couverte,-6.808318,couvert,-8.856216,1
4715,S_NOUN_1_PASS_b,F,S,la robe avec le pot était déformée <eos>,6,déformée,déformé,4,M,déformée,-9.919902,déformé,-13.114177,1
4716,S_NOUN_1_PASS_b,F,S,la robe avec le pot était fixée <eos>,6,fixée,fixé,4,M,fixée,-5.233058,fixé,-7.5633583,1
4717,S_NOUN_1_PASS_b,F,S,la robe avec le pot était jetée <eos>,6,jetée,jeté,4,M,jetée,-10.945683,jeté,-11.457054,1
4718,S_NOUN_1_PASS_b,F,S,la robe avec le pot était laissée <eos>,6,laissée,laissé,4,M,laissée,-8.163529,laissé,-10.576999,1
4719,S_NOUN_1_PASS_b,F,S,la robe avec le pot était ouverte <eos>,6,ouverte,ouvert,4,M,ouverte,-7.829011,ouvert,-10.076985,1
4720,S_NOUN_1_PASS_b,F,S,la robe avec le pot était perdue <eos>,6,perdue,perdu,4,M,perdue,-10.139808,perdu,-11.811861,1
4721,S_NOUN_1_PASS_b,F,S,la robe avec le pot était réparée <eos>,6,réparée,réparé,4,M,réparée,-12.102813,réparé,-14.870483,1
4722,S_NOUN_1_PASS_b,F,S,la robe avec le pot était retirée <eos>,6,retirée,retiré,4,M,retirée,-7.807962,retiré,-7.9400926,1
4723,S_NOUN_1_PASS_b,F,S,la robe avec le pot était tombée <eos>,6,tombée,tombé,4,M,tombée,-8.465062,tombé,-10.077951,1
4724,S_NOUN_1_PASS_b,F,S,la robe avec le pot était utilisée <eos>,6,utilisée,utilisé,4,M,utilisée,-5.018173,utilisé,-6.865427,1
4725,S_NOUN_1_PASS_b,F,S,la robe avec le coussin était achetée <eos>,6,achetée,acheté,4,M,achetée,-9.515162,acheté,-12.544803,1
4726,S_NOUN_1_PASS_b,F,S,la robe avec le coussin était brisée <eos>,6,brisée,brisé,4,M,brisée,-9.301687,brisé,-13.187862,1
4727,S_NOUN_1_PASS_b,F,S,la robe avec le coussin était cachée <eos>,6,cachée,caché,4,M,cachée,-9.188314,caché,-11.007055,1
4728,S_NOUN_1_PASS_b,F,S,la robe avec le coussin était cassée <eos>,6,cassée,cassé,4,M,cassée,-8.9014225,cassé,-10.063586,1
4729,S_NOUN_1_PASS_b,F,S,la robe avec le coussin était couverte <eos>,6,couverte,couvert,4,M,couverte,-5.9219837,couvert,-9.226787,1
4730,S_NOUN_1_PASS_b,F,S,la robe avec le coussin était déformée <eos>,6,déformée,déformé,4,M,déformée,-10.48479,déformé,-14.221618,1
4731,S_NOUN_1_PASS_b,F,S,la robe avec le coussin était fixée <eos>,6,fixée,fixé,4,M,fixée,-4.8321953,fixé,-7.7520094,1
4732,S_NOUN_1_PASS_b,F,S,la robe avec le coussin était jetée <eos>,6,jetée,jeté,4,M,jetée,-11.814668,jeté,-12.604444,1
4733,S_NOUN_1_PASS_b,F,S,la robe avec le coussin était laissée <eos>,6,laissée,laissé,4,M,laissée,-8.264868,laissé,-11.112745,1
4734,S_NOUN_1_PASS_b,F,S,la robe avec le coussin était ouverte <eos>,6,ouverte,ouvert,4,M,ouverte,-6.4756327,ouvert,-10.553643,1
4735,S_NOUN_1_PASS_b,F,S,la robe avec le coussin était perdue <eos>,6,perdue,perdu,4,M,perdue,-10.889875,perdu,-13.024608,1
4736,S_NOUN_1_PASS_b,F,S,la robe avec le coussin était réparée <eos>,6,réparée,réparé,4,M,réparée,-11.925596,réparé,-16.765736,1
4737,S_NOUN_1_PASS_b,F,S,la robe avec le coussin était retirée <eos>,6,retirée,retiré,4,M,retirée,-8.28775,retiré,-9.296646,1
4738,S_NOUN_1_PASS_b,F,S,la robe avec le coussin était tombée <eos>,6,tombée,tombé,4,M,tombée,-10.518608,tombé,-11.589711,1
4739,S_NOUN_1_PASS_b,F,S,la robe avec le coussin était utilisée <eos>,6,utilisée,utilisé,4,M,utilisée,-5.0127206,utilisé,-7.591437,1
4740,S_NOUN_1_PASS_b,F,S,la robe avec le jouet était achetée <eos>,6,achetée,acheté,4,M,achetée,-8.755571,acheté,-11.562829,1
4741,S_NOUN_1_PASS_b,F,S,la robe avec le jouet était brisée <eos>,6,brisée,brisé,4,M,brisée,-9.621688,brisé,-12.724716,1
4742,S_NOUN_1_PASS_b,F,S,la robe avec le jouet était cachée <eos>,6,cachée,caché,4,M,cachée,-9.059187,caché,-10.984949,1
4743,S_NOUN_1_PASS_b,F,S,la robe avec le jouet était cassée <eos>,6,cassée,cassé,4,M,cassée,-9.980409,cassé,-12.3190775,1
4744,S_NOUN_1_PASS_b,F,S,la robe avec le jouet était couverte <eos>,6,couverte,couvert,4,M,couverte,-6.496649,couvert,-9.9757,1
4745,S_NOUN_1_PASS_b,F,S,la robe avec le jouet était déformée <eos>,6,déformée,déformé,4,M,déformée,-10.730116,déformé,-14.0741825,1
4746,S_NOUN_1_PASS_b,F,S,la robe avec le jouet était fixée <eos>,6,fixée,fixé,4,M,fixée,-5.5701056,fixé,-8.867989,1
4747,S_NOUN_1_PASS_b,F,S,la robe avec le jouet était jetée <eos>,6,jetée,jeté,4,M,jetée,-11.322602,jeté,-12.265696,1
4748,S_NOUN_1_PASS_b,F,S,la robe avec le jouet était laissée <eos>,6,laissée,laissé,4,M,laissée,-8.145208,laissé,-10.7822895,1
4749,S_NOUN_1_PASS_b,F,S,la robe avec le jouet était ouverte <eos>,6,ouverte,ouvert,4,M,ouverte,-7.3595247,ouvert,-10.825267,1
4750,S_NOUN_1_PASS_b,F,S,la robe avec le jouet était perdue <eos>,6,perdue,perdu,4,M,perdue,-10.177225,perdu,-12.259298,1
4751,S_NOUN_1_PASS_b,F,S,la robe avec le jouet était réparée <eos>,6,réparée,réparé,4,M,réparée,-12.305553,réparé,-15.572277,1
4752,S_NOUN_1_PASS_b,F,S,la robe avec le jouet était retirée <eos>,6,retirée,retiré,4,M,retirée,-8.313992,retiré,-9.660588,1
4753,S_NOUN_1_PASS_b,F,S,la robe avec le jouet était tombée <eos>,6,tombée,tombé,4,M,tombée,-8.947779,tombé,-10.037979,1
4754,S_NOUN_1_PASS_b,F,S,la robe avec le jouet était utilisée <eos>,6,utilisée,utilisé,4,M,utilisée,-4.439931,utilisé,-6.8801937,1
4755,S_NOUN_1_PASS_b,F,S,la robe avec le clou était achetée <eos>,6,achetée,acheté,4,M,achetée,-9.388017,acheté,-12.470285,1
4756,S_NOUN_1_PASS_b,F,S,la robe avec le clou était brisée <eos>,6,brisée,brisé,4,M,brisée,-10.401703,brisé,-13.528319,1
4757,S_NOUN_1_PASS_b,F,S,la robe avec le clou était cachée <eos>,6,cachée,caché,4,M,cachée,-9.3875885,caché,-11.659745,1
4758,S_NOUN_1_PASS_b,F,S,la robe avec le clou était cassée <eos>,6,cassée,cassé,4,M,cassée,-9.7150955,cassé,-11.53142,1
4759,S_NOUN_1_PASS_b,F,S,la robe avec le clou était couverte <eos>,6,couverte,couvert,4,M,couverte,-6.4787016,couvert,-10.464601,1
4760,S_NOUN_1_PASS_b,F,S,la robe avec le clou était déformée <eos>,6,déformée,déformé,4,M,déformée,-10.214938,déformé,-14.2586565,1
4761,S_NOUN_1_PASS_b,F,S,la robe avec le clou était fixée <eos>,6,fixée,fixé,4,M,fixée,-4.8415737,fixé,-7.865241,1
4762,S_NOUN_1_PASS_b,F,S,la robe avec le clou était jetée <eos>,6,jetée,jeté,4,M,jetée,-10.576919,jeté,-12.883091,1
4763,S_NOUN_1_PASS_b,F,S,la robe avec le clou était laissée <eos>,6,laissée,laissé,4,M,laissée,-7.875292,laissé,-11.41604,1
4764,S_NOUN_1_PASS_b,F,S,la robe avec le clou était ouverte <eos>,6,ouverte,ouvert,4,M,ouverte,-8.11324,ouvert,-11.8972845,1
4765,S_NOUN_1_PASS_b,F,S,la robe avec le clou était perdue <eos>,6,perdue,perdu,4,M,perdue,-9.347818,perdu,-11.896303,1
4766,S_NOUN_1_PASS_b,F,S,la robe avec le clou était réparée <eos>,6,réparée,réparé,4,M,réparée,-12.740285,réparé,-16.721273,1
4767,S_NOUN_1_PASS_b,F,S,la robe avec le clou était retirée <eos>,6,retirée,retiré,4,M,retirée,-7.4145317,retiré,-8.945778,1
4768,S_NOUN_1_PASS_b,F,S,la robe avec le clou était tombée <eos>,6,tombée,tombé,4,M,tombée,-7.831846,tombé,-10.566527,1
4769,S_NOUN_1_PASS_b,F,S,la robe avec le clou était utilisée <eos>,6,utilisée,utilisé,4,M,utilisée,-4.5946655,utilisé,-7.536231,1
4770,S_NOUN_1_PASS_b,F,S,la robe avec le billet était achetée <eos>,6,achetée,acheté,4,M,achetée,-9.044754,acheté,-10.641428,1
4771,S_NOUN_1_PASS_b,F,S,la robe avec le billet était brisée <eos>,6,brisée,brisé,4,M,brisée,-10.681225,brisé,-12.585989,1
4772,S_NOUN_1_PASS_b,F,S,la robe avec le billet était cachée <eos>,6,cachée,caché,4,M,cachée,-10.155815,caché,-10.637316,1
4773,S_NOUN_1_PASS_b,F,S,la robe avec le billet était cassée <eos>,6,cassée,cassé,4,M,cassée,-10.647343,cassé,-11.078696,1
4774,S_NOUN_1_PASS_b,F,S,la robe avec le billet était couverte <eos>,6,couverte,couvert,4,M,couverte,-7.375677,couvert,-9.076909,1
4775,S_NOUN_1_PASS_b,F,S,la robe avec le billet était déformée <eos>,6,déformée,déformé,4,M,déformée,-10.175786,déformé,-13.193676,1
4776,S_NOUN_1_PASS_b,F,S,la robe avec le billet était fixée <eos>,6,fixée,fixé,4,M,fixée,-5.830334,fixé,-7.243771,1
4777,S_NOUN_1_PASS_b,F,S,la robe avec le billet était jetée <eos>,6,jetée,jeté,4,M,jetée,-11.183727,jeté,-11.258678,1
4778,S_NOUN_1_PASS_b,F,S,la robe avec le billet était laissée <eos>,6,laissée,laissé,4,M,laissée,-8.752396,laissé,-9.867918,1
4779,S_NOUN_1_PASS_b,F,S,la robe avec le billet était ouverte <eos>,6,ouverte,ouvert,4,M,ouverte,-7.678574,ouvert,-10.374212,1
4780,S_NOUN_1_PASS_b,F,S,la robe avec le billet était perdue <eos>,6,perdue,perdu,4,M,perdue,-10.144733,perdu,-10.426629,1
4781,S_NOUN_1_PASS_b,F,S,la robe avec le billet était réparée <eos>,6,réparée,réparé,4,M,réparée,-12.972983,réparé,-15.512972,1
4782,S_NOUN_1_PASS_b,F,S,la robe avec le billet était retirée <eos>,6,retirée,retiré,4,M,retirée,-8.365193,retiré,-7.598673,0
4783,S_NOUN_1_PASS_b,F,S,la robe avec le billet était tombée <eos>,6,tombée,tombé,4,M,tombée,-9.033554,tombé,-9.758379,1
4784,S_NOUN_1_PASS_b,F,S,la robe avec le billet était utilisée <eos>,6,utilisée,utilisé,4,M,utilisée,-5.9336896,utilisé,-7.1288247,1
4785,S_NOUN_1_PASS_b,F,S,la robe avec le légume était achetée <eos>,6,achetée,acheté,4,M,achetée,-9.860564,acheté,-11.720799,1
4786,S_NOUN_1_PASS_b,F,S,la robe avec le légume était brisée <eos>,6,brisée,brisé,4,M,brisée,-11.631909,brisé,-13.449706,1
4787,S_NOUN_1_PASS_b,F,S,la robe avec le légume était cachée <eos>,6,cachée,caché,4,M,cachée,-9.990892,caché,-11.527544,1
4788,S_NOUN_1_PASS_b,F,S,la robe avec le légume était cassée <eos>,6,cassée,cassé,4,M,cassée,-10.491694,cassé,-11.945461,1
4789,S_NOUN_1_PASS_b,F,S,la robe avec le légume était couverte <eos>,6,couverte,couvert,4,M,couverte,-7.033221,couvert,-10.647442,1
4790,S_NOUN_1_PASS_b,F,S,la robe avec le légume était déformée <eos>,6,déformée,déformé,4,M,déformée,-11.060466,déformé,-14.777684,1
4791,S_NOUN_1_PASS_b,F,S,la robe avec le légume était fixée <eos>,6,fixée,fixé,4,M,fixée,-6.6324363,fixé,-9.24159,1
4792,S_NOUN_1_PASS_b,F,S,la robe avec le légume était jetée <eos>,6,jetée,jeté,4,M,jetée,-11.013075,jeté,-12.944071,1
4793,S_NOUN_1_PASS_b,F,S,la robe avec le légume était laissée <eos>,6,laissée,laissé,4,M,laissée,-7.7510996,laissé,-10.813096,1
4794,S_NOUN_1_PASS_b,F,S,la robe avec le légume était ouverte <eos>,6,ouverte,ouvert,4,M,ouverte,-7.872554,ouvert,-11.598717,1
4795,S_NOUN_1_PASS_b,F,S,la robe avec le légume était perdue <eos>,6,perdue,perdu,4,M,perdue,-9.116653,perdu,-11.529755,1
4796,S_NOUN_1_PASS_b,F,S,la robe avec le légume était réparée <eos>,6,réparée,réparé,4,M,réparée,-13.714264,réparé,-15.759377,1
4797,S_NOUN_1_PASS_b,F,S,la robe avec le légume était retirée <eos>,6,retirée,retiré,4,M,retirée,-8.458061,retiré,-9.651907,1
4798,S_NOUN_1_PASS_b,F,S,la robe avec le légume était tombée <eos>,6,tombée,tombé,4,M,tombée,-8.087557,tombé,-10.988519,1
4799,S_NOUN_1_PASS_b,F,S,la robe avec le légume était utilisée <eos>,6,utilisée,utilisé,4,M,utilisée,-4.6098804,utilisé,-7.021059,1
4800,S_NOUN_1_PASS_b,F,S,la valise avec le bracelet était achetée <eos>,6,achetée,acheté,4,M,achetée,-6.475916,acheté,-8.894375,1
4801,S_NOUN_1_PASS_b,F,S,la valise avec le bracelet était brisée <eos>,6,brisée,brisé,4,M,brisée,-6.2306824,brisé,-10.315329,1
4802,S_NOUN_1_PASS_b,F,S,la valise avec le bracelet était cachée <eos>,6,cachée,caché,4,M,cachée,-5.599004,caché,-7.5165224,1
4803,S_NOUN_1_PASS_b,F,S,la valise avec le bracelet était cassée <eos>,6,cassée,cassé,4,M,cassée,-6.359032,cassé,-8.920721,1
4804,S_NOUN_1_PASS_b,F,S,la valise avec le bracelet était couverte <eos>,6,couverte,couvert,4,M,couverte,-6.467557,couvert,-8.714594,1
4805,S_NOUN_1_PASS_b,F,S,la valise avec le bracelet était déformée <eos>,6,déformée,déformé,4,M,déformée,-10.7538,déformé,-13.298514,1
4806,S_NOUN_1_PASS_b,F,S,la valise avec le bracelet était fixée <eos>,6,fixée,fixé,4,M,fixée,-5.1878214,fixé,-8.498508,1
4807,S_NOUN_1_PASS_b,F,S,la valise avec le bracelet était jetée <eos>,6,jetée,jeté,4,M,jetée,-8.269946,jeté,-9.41147,1
4808,S_NOUN_1_PASS_b,F,S,la valise avec le bracelet était laissée <eos>,6,laissée,laissé,4,M,laissée,-7.6425943,laissé,-9.564779,1
4809,S_NOUN_1_PASS_b,F,S,la valise avec le bracelet était ouverte <eos>,6,ouverte,ouvert,4,M,ouverte,-5.2538276,ouvert,-9.335611,1
4810,S_NOUN_1_PASS_b,F,S,la valise avec le bracelet était perdue <eos>,6,perdue,perdu,4,M,perdue,-6.6268673,perdu,-9.349618,1
4811,S_NOUN_1_PASS_b,F,S,la valise avec le bracelet était réparée <eos>,6,réparée,réparé,4,M,réparée,-10.338458,réparé,-13.603679,1
4812,S_NOUN_1_PASS_b,F,S,la valise avec le bracelet était retirée <eos>,6,retirée,retiré,4,M,retirée,-6.175022,retiré,-8.721745,1
4813,S_NOUN_1_PASS_b,F,S,la valise avec le bracelet était tombée <eos>,6,tombée,tombé,4,M,tombée,-7.710742,tombé,-9.061626,1
4814,S_NOUN_1_PASS_b,F,S,la valise avec le bracelet était utilisée <eos>,6,utilisée,utilisé,4,M,utilisée,-5.717207,utilisé,-8.364749,1
4815,S_NOUN_1_PASS_b,F,S,la valise avec le miroir était achetée <eos>,6,achetée,acheté,4,M,achetée,-7.2017574,acheté,-9.434522,1
4816,S_NOUN_1_PASS_b,F,S,la valise avec le miroir était brisée <eos>,6,brisée,brisé,4,M,brisée,-5.5685053,brisé,-9.753245,1
4817,S_NOUN_1_PASS_b,F,S,la valise avec le miroir était cachée <eos>,6,cachée,caché,4,M,cachée,-4.828789,caché,-7.4754653,1
4818,S_NOUN_1_PASS_b,F,S,la valise avec le miroir était cassée <eos>,6,cassée,cassé,4,M,cassée,-6.060356,cassé,-8.451504,1
4819,S_NOUN_1_PASS_b,F,S,la valise avec le miroir était couverte <eos>,6,couverte,couvert,4,M,couverte,-6.3317018,couvert,-8.577284,1
4820,S_NOUN_1_PASS_b,F,S,la valise avec le miroir était déformée <eos>,6,déformée,déformé,4,M,déformée,-9.436129,déformé,-13.115897,1
4821,S_NOUN_1_PASS_b,F,S,la valise avec le miroir était fixée <eos>,6,fixée,fixé,4,M,fixée,-5.763508,fixé,-9.651749,1
4822,S_NOUN_1_PASS_b,F,S,la valise avec le miroir était jetée <eos>,6,jetée,jeté,4,M,jetée,-8.065229,jeté,-9.848082,1
4823,S_NOUN_1_PASS_b,F,S,la valise avec le miroir était laissée <eos>,6,laissée,laissé,4,M,laissée,-7.928961,laissé,-10.187172,1
4824,S_NOUN_1_PASS_b,F,S,la valise avec le miroir était ouverte <eos>,6,ouverte,ouvert,4,M,ouverte,-5.1178875,ouvert,-9.693839,1
4825,S_NOUN_1_PASS_b,F,S,la valise avec le miroir était perdue <eos>,6,perdue,perdu,4,M,perdue,-6.4004173,perdu,-9.916459,1
4826,S_NOUN_1_PASS_b,F,S,la valise avec le miroir était réparée <eos>,6,réparée,réparé,4,M,réparée,-9.869892,réparé,-13.049736,1
4827,S_NOUN_1_PASS_b,F,S,la valise avec le miroir était retirée <eos>,6,retirée,retiré,4,M,retirée,-5.9974995,retiré,-9.189147,1
4828,S_NOUN_1_PASS_b,F,S,la valise avec le miroir était tombée <eos>,6,tombée,tombé,4,M,tombée,-7.82906,tombé,-9.309332,1
4829,S_NOUN_1_PASS_b,F,S,la valise avec le miroir était utilisée <eos>,6,utilisée,utilisé,4,M,utilisée,-5.7266145,utilisé,-8.868292,1
4830,S_NOUN_1_PASS_b,F,S,la valise avec le crayon était achetée <eos>,6,achetée,acheté,4,M,achetée,-6.8217397,acheté,-10.089846,1
4831,S_NOUN_1_PASS_b,F,S,la valise avec le crayon était brisée <eos>,6,brisée,brisé,4,M,brisée,-6.7460985,brisé,-11.86503,1
4832,S_NOUN_1_PASS_b,F,S,la valise avec le crayon était cachée <eos>,6,cachée,caché,4,M,cachée,-5.827415,caché,-8.745426,1
4833,S_NOUN_1_PASS_b,F,S,la valise avec le crayon était cassée <eos>,6,cassée,cassé,4,M,cassée,-6.235574,cassé,-10.624425,1
4834,S_NOUN_1_PASS_b,F,S,la valise avec le crayon était couverte <eos>,6,couverte,couvert,4,M,couverte,-6.3260927,couvert,-9.61945,1
4835,S_NOUN_1_PASS_b,F,S,la valise avec le crayon était déformée <eos>,6,déformée,déformé,4,M,déformée,-9.037648,déformé,-13.654401,1
4836,S_NOUN_1_PASS_b,F,S,la valise avec le crayon était fixée <eos>,6,fixée,fixé,4,M,fixée,-6.0281944,fixé,-10.291519,1
4837,S_NOUN_1_PASS_b,F,S,la valise avec le crayon était jetée <eos>,6,jetée,jeté,4,M,jetée,-7.8323474,jeté,-10.821848,1
4838,S_NOUN_1_PASS_b,F,S,la valise avec le crayon était laissée <eos>,6,laissée,laissé,4,M,laissée,-7.0104685,laissé,-10.685339,1
4839,S_NOUN_1_PASS_b,F,S,la valise avec le crayon était ouverte <eos>,6,ouverte,ouvert,4,M,ouverte,-5.084222,ouvert,-10.2600765,1
4840,S_NOUN_1_PASS_b,F,S,la valise avec le crayon était perdue <eos>,6,perdue,perdu,4,M,perdue,-6.5176983,perdu,-10.190609,1
4841,S_NOUN_1_PASS_b,F,S,la valise avec le crayon était réparée <eos>,6,réparée,réparé,4,M,réparée,-10.130841,réparé,-14.005852,1
4842,S_NOUN_1_PASS_b,F,S,la valise avec le crayon était retirée <eos>,6,retirée,retiré,4,M,retirée,-6.5314956,retiré,-9.783924,1
4843,S_NOUN_1_PASS_b,F,S,la valise avec le crayon était tombée <eos>,6,tombée,tombé,4,M,tombée,-7.77005,tombé,-10.129511,1
4844,S_NOUN_1_PASS_b,F,S,la valise avec le crayon était utilisée <eos>,6,utilisée,utilisé,4,M,utilisée,-4.684286,utilisé,-8.585765,1
4845,S_NOUN_1_PASS_b,F,S,la valise avec le rideau était achetée <eos>,6,achetée,acheté,4,M,achetée,-7.2050037,acheté,-9.4964695,1
4846,S_NOUN_1_PASS_b,F,S,la valise avec le rideau était brisée <eos>,6,brisée,brisé,4,M,brisée,-5.2147946,brisé,-9.20903,1
4847,S_NOUN_1_PASS_b,F,S,la valise avec le rideau était cachée <eos>,6,cachée,caché,4,M,cachée,-5.414767,caché,-7.347153,1
4848,S_NOUN_1_PASS_b,F,S,la valise avec le rideau était cassée <eos>,6,cassée,cassé,4,M,cassée,-6.468961,cassé,-8.380923,1
4849,S_NOUN_1_PASS_b,F,S,la valise avec le rideau était couverte <eos>,6,couverte,couvert,4,M,couverte,-6.301638,couvert,-8.540421,1
4850,S_NOUN_1_PASS_b,F,S,la valise avec le rideau était déformée <eos>,6,déformée,déformé,4,M,déformée,-9.379752,déformé,-12.834843,1
4851,S_NOUN_1_PASS_b,F,S,la valise avec le rideau était fixée <eos>,6,fixée,fixé,4,M,fixée,-6.0034237,fixé,-9.502276,1
4852,S_NOUN_1_PASS_b,F,S,la valise avec le rideau était jetée <eos>,6,jetée,jeté,4,M,jetée,-8.091021,jeté,-9.695526,1
4853,S_NOUN_1_PASS_b,F,S,la valise avec le rideau était laissée <eos>,6,laissée,laissé,4,M,laissée,-7.333269,laissé,-9.807768,1
4854,S_NOUN_1_PASS_b,F,S,la valise avec le rideau était ouverte <eos>,6,ouverte,ouvert,4,M,ouverte,-5.3957825,ouvert,-9.001036,1
4855,S_NOUN_1_PASS_b,F,S,la valise avec le rideau était perdue <eos>,6,perdue,perdu,4,M,perdue,-7.09638,perdu,-9.941526,1
4856,S_NOUN_1_PASS_b,F,S,la valise avec le rideau était réparée <eos>,6,réparée,réparé,4,M,réparée,-9.894838,réparé,-12.211084,1
4857,S_NOUN_1_PASS_b,F,S,la valise avec le rideau était retirée <eos>,6,retirée,retiré,4,M,retirée,-5.3691607,retiré,-8.549025,1
4858,S_NOUN_1_PASS_b,F,S,la valise avec le rideau était tombée <eos>,6,tombée,tombé,4,M,tombée,-7.1271877,tombé,-8.352383,1
4859,S_NOUN_1_PASS_b,F,S,la valise avec le rideau était utilisée <eos>,6,utilisée,utilisé,4,M,utilisée,-5.953291,utilisé,-8.751021,1
4860,S_NOUN_1_PASS_b,F,S,la valise avec le cahier était achetée <eos>,6,achetée,acheté,4,M,achetée,-7.3026323,acheté,-8.100872,1
4861,S_NOUN_1_PASS_b,F,S,la valise avec le cahier était brisée <eos>,6,brisée,brisé,4,M,brisée,-6.998188,brisé,-9.96673,1
4862,S_NOUN_1_PASS_b,F,S,la valise avec le cahier était cachée <eos>,6,cachée,caché,4,M,cachée,-6.9305677,caché,-7.465477,1
4863,S_NOUN_1_PASS_b,F,S,la valise avec le cahier était cassée <eos>,6,cassée,cassé,4,M,cassée,-8.021687,cassé,-9.343446,1
4864,S_NOUN_1_PASS_b,F,S,la valise avec le cahier était couverte <eos>,6,couverte,couvert,4,M,couverte,-6.947601,couvert,-7.9370246,1
4865,S_NOUN_1_PASS_b,F,S,la valise avec le cahier était déformée <eos>,6,déformée,déformé,4,M,déformée,-10.671415,déformé,-12.575996,1
4866,S_NOUN_1_PASS_b,F,S,la valise avec le cahier était fixée <eos>,6,fixée,fixé,4,M,fixée,-5.927373,fixé,-8.130963,1
4867,S_NOUN_1_PASS_b,F,S,la valise avec le cahier était jetée <eos>,6,jetée,jeté,4,M,jetée,-9.04266,jeté,-9.397397,1
4868,S_NOUN_1_PASS_b,F,S,la valise avec le cahier était laissée <eos>,6,laissée,laissé,4,M,laissée,-8.092463,laissé,-9.445738,1
4869,S_NOUN_1_PASS_b,F,S,la valise avec le cahier était ouverte <eos>,6,ouverte,ouvert,4,M,ouverte,-5.589134,ouvert,-7.963114,1
4870,S_NOUN_1_PASS_b,F,S,la valise avec le cahier était perdue <eos>,6,perdue,perdu,4,M,perdue,-7.056272,perdu,-7.956823,1
4871,S_NOUN_1_PASS_b,F,S,la valise avec le cahier était réparée <eos>,6,réparée,réparé,4,M,réparée,-10.352941,réparé,-12.68205,1
4872,S_NOUN_1_PASS_b,F,S,la valise avec le cahier était retirée <eos>,6,retirée,retiré,4,M,retirée,-5.5766745,retiré,-6.457675,1
4873,S_NOUN_1_PASS_b,F,S,la valise avec le cahier était tombée <eos>,6,tombée,tombé,4,M,tombée,-8.167915,tombé,-8.885178,1
4874,S_NOUN_1_PASS_b,F,S,la valise avec le cahier était utilisée <eos>,6,utilisée,utilisé,4,M,utilisée,-5.969661,utilisé,-7.5194354,1
4875,S_NOUN_1_PASS_b,F,S,la valise avec le micro était achetée <eos>,6,achetée,acheté,4,M,achetée,-7.4297767,acheté,-9.6615925,1
4876,S_NOUN_1_PASS_b,F,S,la valise avec le micro était brisée <eos>,6,brisée,brisé,4,M,brisée,-6.403471,brisé,-10.242369,1
4877,S_NOUN_1_PASS_b,F,S,la valise avec le micro était cachée <eos>,6,cachée,caché,4,M,cachée,-6.012541,caché,-7.8546762,1
4878,S_NOUN_1_PASS_b,F,S,la valise avec le micro était cassée <eos>,6,cassée,cassé,4,M,cassée,-5.36246,cassé,-8.396201,1
4879,S_NOUN_1_PASS_b,F,S,la valise avec le micro était couverte <eos>,6,couverte,couvert,4,M,couverte,-6.473838,couvert,-8.803112,1
4880,S_NOUN_1_PASS_b,F,S,la valise avec le micro était déformée <eos>,6,déformée,déformé,4,M,déformée,-9.236055,déformé,-13.247246,1
4881,S_NOUN_1_PASS_b,F,S,la valise avec le micro était fixée <eos>,6,fixée,fixé,4,M,fixée,-5.7205625,fixé,-9.330798,1
4882,S_NOUN_1_PASS_b,F,S,la valise avec le micro était jetée <eos>,6,jetée,jeté,4,M,jetée,-8.454726,jeté,-9.945377,1
4883,S_NOUN_1_PASS_b,F,S,la valise avec le micro était laissée <eos>,6,laissée,laissé,4,M,laissée,-7.410537,laissé,-9.919095,1
4884,S_NOUN_1_PASS_b,F,S,la valise avec le micro était ouverte <eos>,6,ouverte,ouvert,4,M,ouverte,-5.550062,ouvert,-9.495147,1
4885,S_NOUN_1_PASS_b,F,S,la valise avec le micro était perdue <eos>,6,perdue,perdu,4,M,perdue,-6.8992534,perdu,-9.92095,1
4886,S_NOUN_1_PASS_b,F,S,la valise avec le micro était réparée <eos>,6,réparée,réparé,4,M,réparée,-10.003479,réparé,-13.440916,1
4887,S_NOUN_1_PASS_b,F,S,la valise avec le micro était retirée <eos>,6,retirée,retiré,4,M,retirée,-5.8747835,retiré,-8.725732,1
4888,S_NOUN_1_PASS_b,F,S,la valise avec le micro était tombée <eos>,6,tombée,tombé,4,M,tombée,-7.9765573,tombé,-8.951977,1
4889,S_NOUN_1_PASS_b,F,S,la valise avec le micro était utilisée <eos>,6,utilisée,utilisé,4,M,utilisée,-6.0327,utilisé,-8.963694,1
4890,S_NOUN_1_PASS_b,F,S,la valise avec le sac était achetée <eos>,6,achetée,acheté,4,M,achetée,-6.4869404,acheté,-9.443487,1
4891,S_NOUN_1_PASS_b,F,S,la valise avec le sac était brisée <eos>,6,brisée,brisé,4,M,brisée,-5.3726497,brisé,-10.412348,1
4892,S_NOUN_1_PASS_b,F,S,la valise avec le sac était cachée <eos>,6,cachée,caché,4,M,cachée,-4.9342384,caché,-7.3108463,1
4893,S_NOUN_1_PASS_b,F,S,la valise avec le sac était cassée <eos>,6,cassée,cassé,4,M,cassée,-5.2926188,cassé,-8.952578,1
4894,S_NOUN_1_PASS_b,F,S,la valise avec le sac était couverte <eos>,6,couverte,couvert,4,M,couverte,-5.584321,couvert,-8.722875,1
4895,S_NOUN_1_PASS_b,F,S,la valise avec le sac était déformée <eos>,6,déformée,déformé,4,M,déformée,-9.453338,déformé,-13.08688,1
4896,S_NOUN_1_PASS_b,F,S,la valise avec le sac était fixée <eos>,6,fixée,fixé,4,M,fixée,-5.452727,fixé,-9.568787,1
4897,S_NOUN_1_PASS_b,F,S,la valise avec le sac était jetée <eos>,6,jetée,jeté,4,M,jetée,-6.90209,jeté,-9.481889,1
4898,S_NOUN_1_PASS_b,F,S,la valise avec le sac était laissée <eos>,6,laissée,laissé,4,M,laissée,-6.834506,laissé,-9.581345,1
4899,S_NOUN_1_PASS_b,F,S,la valise avec le sac était ouverte <eos>,6,ouverte,ouvert,4,M,ouverte,-4.6512423,ouvert,-9.481396,1
4900,S_NOUN_1_PASS_b,F,S,la valise avec le sac était perdue <eos>,6,perdue,perdu,4,M,perdue,-6.1895075,perdu,-10.015482,1
4901,S_NOUN_1_PASS_b,F,S,la valise avec le sac était réparée <eos>,6,réparée,réparé,4,M,réparée,-9.7594595,réparé,-12.978875,1
4902,S_NOUN_1_PASS_b,F,S,la valise avec le sac était retirée <eos>,6,retirée,retiré,4,M,retirée,-5.226682,retiré,-8.491457,1
4903,S_NOUN_1_PASS_b,F,S,la valise avec le sac était tombée <eos>,6,tombée,tombé,4,M,tombée,-7.8611,tombé,-9.744875,1
4904,S_NOUN_1_PASS_b,F,S,la valise avec le sac était utilisée <eos>,6,utilisée,utilisé,4,M,utilisée,-5.791424,utilisé,-9.306089,1
4905,S_NOUN_1_PASS_b,F,S,la valise avec le clavier était achetée <eos>,6,achetée,acheté,4,M,achetée,-8.018114,acheté,-10.04924,1
4906,S_NOUN_1_PASS_b,F,S,la valise avec le clavier était brisée <eos>,6,brisée,brisé,4,M,brisée,-6.932718,brisé,-11.372719,1
4907,S_NOUN_1_PASS_b,F,S,la valise avec le clavier était cachée <eos>,6,cachée,caché,4,M,cachée,-5.608178,caché,-8.295636,1
4908,S_NOUN_1_PASS_b,F,S,la valise avec le clavier était cassée <eos>,6,cassée,cassé,4,M,cassée,-5.863209,cassé,-9.630796,1
4909,S_NOUN_1_PASS_b,F,S,la valise avec le clavier était couverte <eos>,6,couverte,couvert,4,M,couverte,-6.266462,couvert,-9.371483,1
4910,S_NOUN_1_PASS_b,F,S,la valise avec le clavier était déformée <eos>,6,déformée,déformé,4,M,déformée,-8.868944,déformé,-14.030909,1
4911,S_NOUN_1_PASS_b,F,S,la valise avec le clavier était fixée <eos>,6,fixée,fixé,4,M,fixée,-5.2906346,fixé,-9.17528,1
4912,S_NOUN_1_PASS_b,F,S,la valise avec le clavier était jetée <eos>,6,jetée,jeté,4,M,jetée,-9.159345,jeté,-11.298622,1
4913,S_NOUN_1_PASS_b,F,S,la valise avec le clavier était laissée <eos>,6,laissée,laissé,4,M,laissée,-7.725397,laissé,-10.459565,1
4914,S_NOUN_1_PASS_b,F,S,la valise avec le clavier était ouverte <eos>,6,ouverte,ouvert,4,M,ouverte,-4.892465,ouvert,-9.097882,1
4915,S_NOUN_1_PASS_b,F,S,la valise avec le clavier était perdue <eos>,6,perdue,perdu,4,M,perdue,-6.892231,perdu,-10.225698,1
4916,S_NOUN_1_PASS_b,F,S,la valise avec le clavier était réparée <eos>,6,réparée,réparé,4,M,réparée,-9.715481,réparé,-13.831802,1
4917,S_NOUN_1_PASS_b,F,S,la valise avec le clavier était retirée <eos>,6,retirée,retiré,4,M,retirée,-6.300526,retiré,-9.082508,1
4918,S_NOUN_1_PASS_b,F,S,la valise avec le clavier était tombée <eos>,6,tombée,tombé,4,M,tombée,-7.918724,tombé,-9.655867,1
4919,S_NOUN_1_PASS_b,F,S,la valise avec le clavier était utilisée <eos>,6,utilisée,utilisé,4,M,utilisée,-5.4249086,utilisé,-8.641838,1
4920,S_NOUN_1_PASS_b,F,S,la valise avec le raisin était achetée <eos>,6,achetée,acheté,4,M,achetée,-6.570335,acheté,-9.405924,1
4921,S_NOUN_1_PASS_b,F,S,la valise avec le raisin était brisée <eos>,6,brisée,brisé,4,M,brisée,-5.958643,brisé,-12.224897,1
4922,S_NOUN_1_PASS_b,F,S,la valise avec le raisin était cachée <eos>,6,cachée,caché,4,M,cachée,-6.6753445,caché,-9.073916,1
4923,S_NOUN_1_PASS_b,F,S,la valise avec le raisin était cassée <eos>,6,cassée,cassé,4,M,cassée,-5.870717,cassé,-9.378979,1
4924,S_NOUN_1_PASS_b,F,S,la valise avec le raisin était couverte <eos>,6,couverte,couvert,4,M,couverte,-6.2353344,couvert,-9.372425,1
4925,S_NOUN_1_PASS_b,F,S,la valise avec le raisin était déformée <eos>,6,déformée,déformé,4,M,déformée,-9.624107,déformé,-13.807645,1
4926,S_NOUN_1_PASS_b,F,S,la valise avec le raisin était fixée <eos>,6,fixée,fixé,4,M,fixée,-5.4879856,fixé,-9.547941,1
4927,S_NOUN_1_PASS_b,F,S,la valise avec le raisin était jetée <eos>,6,jetée,jeté,4,M,jetée,-7.1647353,jeté,-10.0103445,1
4928,S_NOUN_1_PASS_b,F,S,la valise avec le raisin était laissée <eos>,6,laissée,laissé,4,M,laissée,-7.208787,laissé,-10.256371,1
4929,S_NOUN_1_PASS_b,F,S,la valise avec le raisin était ouverte <eos>,6,ouverte,ouvert,4,M,ouverte,-5.2125506,ouvert,-10.120207,1
4930,S_NOUN_1_PASS_b,F,S,la valise avec le raisin était perdue <eos>,6,perdue,perdu,4,M,perdue,-6.7785606,perdu,-10.492817,1
4931,S_NOUN_1_PASS_b,F,S,la valise avec le raisin était réparée <eos>,6,réparée,réparé,4,M,réparée,-10.221782,réparé,-13.103872,1
4932,S_NOUN_1_PASS_b,F,S,la valise avec le raisin était retirée <eos>,6,retirée,retiré,4,M,retirée,-5.780751,retiré,-9.011951,1
4933,S_NOUN_1_PASS_b,F,S,la valise avec le raisin était tombée <eos>,6,tombée,tombé,4,M,tombée,-7.4888325,tombé,-10.244229,1
4934,S_NOUN_1_PASS_b,F,S,la valise avec le raisin était utilisée <eos>,6,utilisée,utilisé,4,M,utilisée,-5.318186,utilisé,-8.681858,1
4935,S_NOUN_1_PASS_b,F,S,la valise avec le chargeur était achetée <eos>,6,achetée,acheté,4,M,achetée,-7.6583753,acheté,-9.826492,1
4936,S_NOUN_1_PASS_b,F,S,la valise avec le chargeur était brisée <eos>,6,brisée,brisé,4,M,brisée,-6.3629475,brisé,-10.513342,1
4937,S_NOUN_1_PASS_b,F,S,la valise avec le chargeur était cachée <eos>,6,cachée,caché,4,M,cachée,-5.951146,caché,-8.397122,1
4938,S_NOUN_1_PASS_b,F,S,la valise avec le chargeur était cassée <eos>,6,cassée,cassé,4,M,cassée,-5.3684425,cassé,-9.020517,1
4939,S_NOUN_1_PASS_b,F,S,la valise avec le chargeur était couverte <eos>,6,couverte,couvert,4,M,couverte,-6.2709,couvert,-9.26343,1
4940,S_NOUN_1_PASS_b,F,S,la valise avec le chargeur était déformée <eos>,6,déformée,déformé,4,M,déformée,-9.183432,déformé,-13.487388,1
4941,S_NOUN_1_PASS_b,F,S,la valise avec le chargeur était fixée <eos>,6,fixée,fixé,4,M,fixée,-5.348485,fixé,-9.319494,1
4942,S_NOUN_1_PASS_b,F,S,la valise avec le chargeur était jetée <eos>,6,jetée,jeté,4,M,jetée,-7.980191,jeté,-10.526171,1
4943,S_NOUN_1_PASS_b,F,S,la valise avec le chargeur était laissée <eos>,6,laissée,laissé,4,M,laissée,-7.8542957,laissé,-10.271388,1
4944,S_NOUN_1_PASS_b,F,S,la valise avec le chargeur était ouverte <eos>,6,ouverte,ouvert,4,M,ouverte,-5.155985,ouvert,-9.848535,1
4945,S_NOUN_1_PASS_b,F,S,la valise avec le chargeur était perdue <eos>,6,perdue,perdu,4,M,perdue,-7.060659,perdu,-9.797068,1
4946,S_NOUN_1_PASS_b,F,S,la valise avec le chargeur était réparée <eos>,6,réparée,réparé,4,M,réparée,-9.008898,réparé,-13.22571,1
4947,S_NOUN_1_PASS_b,F,S,la valise avec le chargeur était retirée <eos>,6,retirée,retiré,4,M,retirée,-5.6352444,retiré,-8.511866,1
4948,S_NOUN_1_PASS_b,F,S,la valise avec le chargeur était tombée <eos>,6,tombée,tombé,4,M,tombée,-8.763496,tombé,-10.257747,1
4949,S_NOUN_1_PASS_b,F,S,la valise avec le chargeur était utilisée <eos>,6,utilisée,utilisé,4,M,utilisée,-5.7533903,utilisé,-8.897318,1
4950,S_NOUN_1_PASS_b,F,S,la valise avec le vase était achetée <eos>,6,achetée,acheté,4,M,achetée,-7.170805,acheté,-9.62277,1
4951,S_NOUN_1_PASS_b,F,S,la valise avec le vase était brisée <eos>,6,brisée,brisé,4,M,brisée,-5.2841,brisé,-10.122828,1
4952,S_NOUN_1_PASS_b,F,S,la valise avec le vase était cachée <eos>,6,cachée,caché,4,M,cachée,-5.476202,caché,-8.1591015,1
4953,S_NOUN_1_PASS_b,F,S,la valise avec le vase était cassée <eos>,6,cassée,cassé,4,M,cassée,-5.4768715,cassé,-9.136723,1
4954,S_NOUN_1_PASS_b,F,S,la valise avec le vase était couverte <eos>,6,couverte,couvert,4,M,couverte,-5.2381516,couvert,-8.5699215,1
4955,S_NOUN_1_PASS_b,F,S,la valise avec le vase était déformée <eos>,6,déformée,déformé,4,M,déformée,-9.9073515,déformé,-13.5334015,1
4956,S_NOUN_1_PASS_b,F,S,la valise avec le vase était fixée <eos>,6,fixée,fixé,4,M,fixée,-5.7515864,fixé,-9.793681,1
4957,S_NOUN_1_PASS_b,F,S,la valise avec le vase était jetée <eos>,6,jetée,jeté,4,M,jetée,-7.4620647,jeté,-9.720152,1
4958,S_NOUN_1_PASS_b,F,S,la valise avec le vase était laissée <eos>,6,laissée,laissé,4,M,laissée,-7.3388257,laissé,-9.89485,1
4959,S_NOUN_1_PASS_b,F,S,la valise avec le vase était ouverte <eos>,6,ouverte,ouvert,4,M,ouverte,-4.995218,ouvert,-9.794033,1
4960,S_NOUN_1_PASS_b,F,S,la valise avec le vase était perdue <eos>,6,perdue,perdu,4,M,perdue,-6.066576,perdu,-9.2307005,1
4961,S_NOUN_1_PASS_b,F,S,la valise avec le vase était réparée <eos>,6,réparée,réparé,4,M,réparée,-9.5089655,réparé,-12.917365,1
4962,S_NOUN_1_PASS_b,F,S,la valise avec le vase était retirée <eos>,6,retirée,retiré,4,M,retirée,-5.7439337,retiré,-9.418463,1
4963,S_NOUN_1_PASS_b,F,S,la valise avec le vase était tombée <eos>,6,tombée,tombé,4,M,tombée,-7.393653,tombé,-9.615697,1
4964,S_NOUN_1_PASS_b,F,S,la valise avec le vase était utilisée <eos>,6,utilisée,utilisé,4,M,utilisée,-5.596491,utilisé,-9.135116,1
4965,S_NOUN_1_PASS_b,F,S,la valise avec le panier était achetée <eos>,6,achetée,acheté,4,M,achetée,-7.50989,acheté,-9.768398,1
4966,S_NOUN_1_PASS_b,F,S,la valise avec le panier était brisée <eos>,6,brisée,brisé,4,M,brisée,-6.4180946,brisé,-10.803549,1
4967,S_NOUN_1_PASS_b,F,S,la valise avec le panier était cachée <eos>,6,cachée,caché,4,M,cachée,-5.7129526,caché,-7.91222,1
4968,S_NOUN_1_PASS_b,F,S,la valise avec le panier était cassée <eos>,6,cassée,cassé,4,M,cassée,-5.868692,cassé,-9.346893,1
4969,S_NOUN_1_PASS_b,F,S,la valise avec le panier était couverte <eos>,6,couverte,couvert,4,M,couverte,-6.3439,couvert,-9.00101,1
4970,S_NOUN_1_PASS_b,F,S,la valise avec le panier était déformée <eos>,6,déformée,déformé,4,M,déformée,-9.701266,déformé,-13.806303,1
4971,S_NOUN_1_PASS_b,F,S,la valise avec le panier était fixée <eos>,6,fixée,fixé,4,M,fixée,-5.5638742,fixé,-9.139082,1
4972,S_NOUN_1_PASS_b,F,S,la valise avec le panier était jetée <eos>,6,jetée,jeté,4,M,jetée,-7.800988,jeté,-10.760959,1
4973,S_NOUN_1_PASS_b,F,S,la valise avec le panier était laissée <eos>,6,laissée,laissé,4,M,laissée,-6.9779377,laissé,-10.075478,1
4974,S_NOUN_1_PASS_b,F,S,la valise avec le panier était ouverte <eos>,6,ouverte,ouvert,4,M,ouverte,-5.4867315,ouvert,-9.721989,1
4975,S_NOUN_1_PASS_b,F,S,la valise avec le panier était perdue <eos>,6,perdue,perdu,4,M,perdue,-7.45181,perdu,-10.519181,1
4976,S_NOUN_1_PASS_b,F,S,la valise avec le panier était réparée <eos>,6,réparée,réparé,4,M,réparée,-10.296512,réparé,-13.4481735,1
4977,S_NOUN_1_PASS_b,F,S,la valise avec le panier était retirée <eos>,6,retirée,retiré,4,M,retirée,-5.8133955,retiré,-9.075303,1
4978,S_NOUN_1_PASS_b,F,S,la valise avec le panier était tombée <eos>,6,tombée,tombé,4,M,tombée,-8.1624775,tombé,-9.663517,1
4979,S_NOUN_1_PASS_b,F,S,la valise avec le panier était utilisée <eos>,6,utilisée,utilisé,4,M,utilisée,-5.9030066,utilisé,-8.716016,1
4980,S_NOUN_1_PASS_b,F,S,la valise avec le collier était achetée <eos>,6,achetée,acheté,4,M,achetée,-6.5310426,acheté,-9.056326,1
4981,S_NOUN_1_PASS_b,F,S,la valise avec le collier était brisée <eos>,6,brisée,brisé,4,M,brisée,-5.6322393,brisé,-10.0605,1
4982,S_NOUN_1_PASS_b,F,S,la valise avec le collier était cachée <eos>,6,cachée,caché,4,M,cachée,-5.56526,caché,-7.576496,1
4983,S_NOUN_1_PASS_b,F,S,la valise avec le collier était cassée <eos>,6,cassée,cassé,4,M,cassée,-6.3727818,cassé,-8.846441,1
4984,S_NOUN_1_PASS_b,F,S,la valise avec le collier était couverte <eos>,6,couverte,couvert,4,M,couverte,-6.3515887,couvert,-9.102012,1
4985,S_NOUN_1_PASS_b,F,S,la valise avec le collier était déformée <eos>,6,déformée,déformé,4,M,déformée,-10.239557,déformé,-13.021581,1
4986,S_NOUN_1_PASS_b,F,S,la valise avec le collier était fixée <eos>,6,fixée,fixé,4,M,fixée,-5.8285394,fixé,-9.269647,1
4987,S_NOUN_1_PASS_b,F,S,la valise avec le collier était jetée <eos>,6,jetée,jeté,4,M,jetée,-7.91024,jeté,-9.546234,1
4988,S_NOUN_1_PASS_b,F,S,la valise avec le collier était laissée <eos>,6,laissée,laissé,4,M,laissée,-7.581563,laissé,-9.899128,1
4989,S_NOUN_1_PASS_b,F,S,la valise avec le collier était ouverte <eos>,6,ouverte,ouvert,4,M,ouverte,-5.3288584,ouvert,-9.888161,1
4990,S_NOUN_1_PASS_b,F,S,la valise avec le collier était perdue <eos>,6,perdue,perdu,4,M,perdue,-6.633149,perdu,-9.885904,1
4991,S_NOUN_1_PASS_b,F,S,la valise avec le collier était réparée <eos>,6,réparée,réparé,4,M,réparée,-10.264461,réparé,-13.413135,1
4992,S_NOUN_1_PASS_b,F,S,la valise avec le collier était retirée <eos>,6,retirée,retiré,4,M,retirée,-5.385724,retiré,-8.233134,1
4993,S_NOUN_1_PASS_b,F,S,la valise avec le collier était tombée <eos>,6,tombée,tombé,4,M,tombée,-7.8149033,tombé,-9.326671,1
4994,S_NOUN_1_PASS_b,F,S,la valise avec le collier était utilisée <eos>,6,utilisée,utilisé,4,M,utilisée,-5.644033,utilisé,-8.60387,1
4995,S_NOUN_1_PASS_b,F,S,la valise avec le chapeau était achetée <eos>,6,achetée,acheté,4,M,achetée,-6.4332323,acheté,-9.245572,1
4996,S_NOUN_1_PASS_b,F,S,la valise avec le chapeau était brisée <eos>,6,brisée,brisé,4,M,brisée,-5.526227,brisé,-11.198506,1
4997,S_NOUN_1_PASS_b,F,S,la valise avec le chapeau était cachée <eos>,6,cachée,caché,4,M,cachée,-5.8065615,caché,-8.61795,1
4998,S_NOUN_1_PASS_b,F,S,la valise avec le chapeau était cassée <eos>,6,cassée,cassé,4,M,cassée,-5.732582,cassé,-8.848849,1
4999,S_NOUN_1_PASS_b,F,S,la valise avec le chapeau était couverte <eos>,6,couverte,couvert,4,M,couverte,-5.482539,couvert,-9.217555,1
5000,S_NOUN_1_PASS_b,F,S,la valise avec le chapeau était déformée <eos>,6,déformée,déformé,4,M,déformée,-9.119325,déformé,-12.82805,1
5001,S_NOUN_1_PASS_b,F,S,la valise avec le chapeau était fixée <eos>,6,fixée,fixé,4,M,fixée,-5.4530606,fixé,-9.62602,1
5002,S_NOUN_1_PASS_b,F,S,la valise avec le chapeau était jetée <eos>,6,jetée,jeté,4,M,jetée,-7.4792776,jeté,-9.936645,1
5003,S_NOUN_1_PASS_b,F,S,la valise avec le chapeau était laissée <eos>,6,laissée,laissé,4,M,laissée,-7.333693,laissé,-10.478329,1
5004,S_NOUN_1_PASS_b,F,S,la valise avec le chapeau était ouverte <eos>,6,ouverte,ouvert,4,M,ouverte,-5.0878515,ouvert,-10.629163,1
5005,S_NOUN_1_PASS_b,F,S,la valise avec le chapeau était perdue <eos>,6,perdue,perdu,4,M,perdue,-6.9399433,perdu,-10.280261,1
5006,S_NOUN_1_PASS_b,F,S,la valise avec le chapeau était réparée <eos>,6,réparée,réparé,4,M,réparée,-9.64463,réparé,-13.64287,1
5007,S_NOUN_1_PASS_b,F,S,la valise avec le chapeau était retirée <eos>,6,retirée,retiré,4,M,retirée,-5.4019065,retiré,-8.7618265,1
5008,S_NOUN_1_PASS_b,F,S,la valise avec le chapeau était tombée <eos>,6,tombée,tombé,4,M,tombée,-7.7034855,tombé,-9.6558075,1
5009,S_NOUN_1_PASS_b,F,S,la valise avec le chapeau était utilisée <eos>,6,utilisée,utilisé,4,M,utilisée,-5.2610097,utilisé,-9.071531,1
5010,S_NOUN_1_PASS_b,F,S,la valise avec le pot était achetée <eos>,6,achetée,acheté,4,M,achetée,-6.254133,acheté,-8.18527,1
5011,S_NOUN_1_PASS_b,F,S,la valise avec le pot était brisée <eos>,6,brisée,brisé,4,M,brisée,-5.7691393,brisé,-10.003667,1
5012,S_NOUN_1_PASS_b,F,S,la valise avec le pot était cachée <eos>,6,cachée,caché,4,M,cachée,-5.8349833,caché,-7.5298696,1
5013,S_NOUN_1_PASS_b,F,S,la valise avec le pot était cassée <eos>,6,cassée,cassé,4,M,cassée,-6.116656,cassé,-8.754686,1
5014,S_NOUN_1_PASS_b,F,S,la valise avec le pot était couverte <eos>,6,couverte,couvert,4,M,couverte,-6.5017986,couvert,-8.754241,1
5015,S_NOUN_1_PASS_b,F,S,la valise avec le pot était déformée <eos>,6,déformée,déformé,4,M,déformée,-9.906088,déformé,-12.607391,1
5016,S_NOUN_1_PASS_b,F,S,la valise avec le pot était fixée <eos>,6,fixée,fixé,4,M,fixée,-5.612657,fixé,-8.8914175,1
5017,S_NOUN_1_PASS_b,F,S,la valise avec le pot était jetée <eos>,6,jetée,jeté,4,M,jetée,-7.133668,jeté,-9.143946,1
5018,S_NOUN_1_PASS_b,F,S,la valise avec le pot était laissée <eos>,6,laissée,laissé,4,M,laissée,-7.0962467,laissé,-9.504273,1
5019,S_NOUN_1_PASS_b,F,S,la valise avec le pot était ouverte <eos>,6,ouverte,ouvert,4,M,ouverte,-5.587098,ouvert,-9.325301,1
5020,S_NOUN_1_PASS_b,F,S,la valise avec le pot était perdue <eos>,6,perdue,perdu,4,M,perdue,-6.7686377,perdu,-9.526496,1
5021,S_NOUN_1_PASS_b,F,S,la valise avec le pot était réparée <eos>,6,réparée,réparé,4,M,réparée,-9.888089,réparé,-12.212075,1
5022,S_NOUN_1_PASS_b,F,S,la valise avec le pot était retirée <eos>,6,retirée,retiré,4,M,retirée,-5.4634113,retiré,-7.697171,1
5023,S_NOUN_1_PASS_b,F,S,la valise avec le pot était tombée <eos>,6,tombée,tombé,4,M,tombée,-7.492517,tombé,-9.279972,1
5024,S_NOUN_1_PASS_b,F,S,la valise avec le pot était utilisée <eos>,6,utilisée,utilisé,4,M,utilisée,-5.4065475,utilisé,-7.8597383,1
5025,S_NOUN_1_PASS_b,F,S,la valise avec le coussin était achetée <eos>,6,achetée,acheté,4,M,achetée,-7.34957,acheté,-9.985547,1
5026,S_NOUN_1_PASS_b,F,S,la valise avec le coussin était brisée <eos>,6,brisée,brisé,4,M,brisée,-5.511879,brisé,-10.72474,1
5027,S_NOUN_1_PASS_b,F,S,la valise avec le coussin était cachée <eos>,6,cachée,caché,4,M,cachée,-5.3537483,caché,-7.731271,1
5028,S_NOUN_1_PASS_b,F,S,la valise avec le coussin était cassée <eos>,6,cassée,cassé,4,M,cassée,-5.304159,cassé,-8.485045,1
5029,S_NOUN_1_PASS_b,F,S,la valise avec le coussin était couverte <eos>,6,couverte,couvert,4,M,couverte,-5.722328,couvert,-8.927002,1
5030,S_NOUN_1_PASS_b,F,S,la valise avec le coussin était déformée <eos>,6,déformée,déformé,4,M,déformée,-10.386305,déformé,-13.511409,1
5031,S_NOUN_1_PASS_b,F,S,la valise avec le coussin était fixée <eos>,6,fixée,fixé,4,M,fixée,-4.8757653,fixé,-8.924381,1
5032,S_NOUN_1_PASS_b,F,S,la valise avec le coussin était jetée <eos>,6,jetée,jeté,4,M,jetée,-8.29816,jeté,-10.333401,1
5033,S_NOUN_1_PASS_b,F,S,la valise avec le coussin était laissée <eos>,6,laissée,laissé,4,M,laissée,-7.623832,laissé,-10.308643,1
5034,S_NOUN_1_PASS_b,F,S,la valise avec le coussin était ouverte <eos>,6,ouverte,ouvert,4,M,ouverte,-4.573043,ouvert,-9.820631,1
5035,S_NOUN_1_PASS_b,F,S,la valise avec le coussin était perdue <eos>,6,perdue,perdu,4,M,perdue,-7.5301695,perdu,-10.801083,1
5036,S_NOUN_1_PASS_b,F,S,la valise avec le coussin était réparée <eos>,6,réparée,réparé,4,M,réparée,-10.089422,réparé,-14.026551,1
5037,S_NOUN_1_PASS_b,F,S,la valise avec le coussin était retirée <eos>,6,retirée,retiré,4,M,retirée,-6.119494,retiré,-9.456638,1
5038,S_NOUN_1_PASS_b,F,S,la valise avec le coussin était tombée <eos>,6,tombée,tombé,4,M,tombée,-8.777518,tombé,-10.381407,1
5039,S_NOUN_1_PASS_b,F,S,la valise avec le coussin était utilisée <eos>,6,utilisée,utilisé,4,M,utilisée,-5.5127797,utilisé,-8.677855,1
5040,S_NOUN_1_PASS_b,F,S,la valise avec le jouet était achetée <eos>,6,achetée,acheté,4,M,achetée,-6.7085605,acheté,-9.713976,1
5041,S_NOUN_1_PASS_b,F,S,la valise avec le jouet était brisée <eos>,6,brisée,brisé,4,M,brisée,-6.153283,brisé,-10.27468,1
5042,S_NOUN_1_PASS_b,F,S,la valise avec le jouet était cachée <eos>,6,cachée,caché,4,M,cachée,-5.414728,caché,-7.9706078,1
5043,S_NOUN_1_PASS_b,F,S,la valise avec le jouet était cassée <eos>,6,cassée,cassé,4,M,cassée,-6.1435223,cassé,-9.727503,1
5044,S_NOUN_1_PASS_b,F,S,la valise avec le jouet était couverte <eos>,6,couverte,couvert,4,M,couverte,-6.214365,couvert,-8.986195,1
5045,S_NOUN_1_PASS_b,F,S,la valise avec le jouet était déformée <eos>,6,déformée,déformé,4,M,déformée,-10.491834,déformé,-13.642738,1
5046,S_NOUN_1_PASS_b,F,S,la valise avec le jouet était fixée <eos>,6,fixée,fixé,4,M,fixée,-6.045221,fixé,-10.120886,1
5047,S_NOUN_1_PASS_b,F,S,la valise avec le jouet était jetée <eos>,6,jetée,jeté,4,M,jetée,-8.1027775,jeté,-9.979782,1
5048,S_NOUN_1_PASS_b,F,S,la valise avec le jouet était laissée <eos>,6,laissée,laissé,4,M,laissée,-7.625448,laissé,-10.261505,1
5049,S_NOUN_1_PASS_b,F,S,la valise avec le jouet était ouverte <eos>,6,ouverte,ouvert,4,M,ouverte,-5.143822,ouvert,-9.869174,1
5050,S_NOUN_1_PASS_b,F,S,la valise avec le jouet était perdue <eos>,6,perdue,perdu,4,M,perdue,-7.5173335,perdu,-10.275627,1
5051,S_NOUN_1_PASS_b,F,S,la valise avec le jouet était réparée <eos>,6,réparée,réparé,4,M,réparée,-9.9815855,réparé,-12.9116535,1
5052,S_NOUN_1_PASS_b,F,S,la valise avec le jouet était retirée <eos>,6,retirée,retiré,4,M,retirée,-6.36537,retiré,-9.881247,1
5053,S_NOUN_1_PASS_b,F,S,la valise avec le jouet était tombée <eos>,6,tombée,tombé,4,M,tombée,-7.4624104,tombé,-8.967478,1
5054,S_NOUN_1_PASS_b,F,S,la valise avec le jouet était utilisée <eos>,6,utilisée,utilisé,4,M,utilisée,-5.6173,utilisé,-8.742032,1
5055,S_NOUN_1_PASS_b,F,S,la valise avec le clou était achetée <eos>,6,achetée,acheté,4,M,achetée,-6.687611,acheté,-9.559467,1
5056,S_NOUN_1_PASS_b,F,S,la valise avec le clou était brisée <eos>,6,brisée,brisé,4,M,brisée,-6.1280036,brisé,-11.090975,1
5057,S_NOUN_1_PASS_b,F,S,la valise avec le clou était cachée <eos>,6,cachée,caché,4,M,cachée,-5.9703617,caché,-8.515084,1
5058,S_NOUN_1_PASS_b,F,S,la valise avec le clou était cassée <eos>,6,cassée,cassé,4,M,cassée,-6.0107813,cassé,-9.431854,1
5059,S_NOUN_1_PASS_b,F,S,la valise avec le clou était couverte <eos>,6,couverte,couvert,4,M,couverte,-5.9947987,couvert,-9.293865,1
5060,S_NOUN_1_PASS_b,F,S,la valise avec le clou était déformée <eos>,6,déformée,déformé,4,M,déformée,-9.7632,déformé,-13.81198,1
5061,S_NOUN_1_PASS_b,F,S,la valise avec le clou était fixée <eos>,6,fixée,fixé,4,M,fixée,-4.9571624,fixé,-9.043554,1
5062,S_NOUN_1_PASS_b,F,S,la valise avec le clou était jetée <eos>,6,jetée,jeté,4,M,jetée,-7.4389153,jeté,-10.32838,1
5063,S_NOUN_1_PASS_b,F,S,la valise avec le clou était laissée <eos>,6,laissée,laissé,4,M,laissée,-7.3243985,laissé,-10.463217,1
5064,S_NOUN_1_PASS_b,F,S,la valise avec le clou était ouverte <eos>,6,ouverte,ouvert,4,M,ouverte,-5.378938,ouvert,-10.375578,1
5065,S_NOUN_1_PASS_b,F,S,la valise avec le clou était perdue <eos>,6,perdue,perdu,4,M,perdue,-6.6020427,perdu,-9.965178,1
5066,S_NOUN_1_PASS_b,F,S,la valise avec le clou était réparée <eos>,6,réparée,réparé,4,M,réparée,-9.910596,réparé,-13.641667,1
5067,S_NOUN_1_PASS_b,F,S,la valise avec le clou était retirée <eos>,6,retirée,retiré,4,M,retirée,-4.954073,retiré,-8.477449,1
5068,S_NOUN_1_PASS_b,F,S,la valise avec le clou était tombée <eos>,6,tombée,tombé,4,M,tombée,-7.4022512,tombé,-9.974475,1
5069,S_NOUN_1_PASS_b,F,S,la valise avec le clou était utilisée <eos>,6,utilisée,utilisé,4,M,utilisée,-5.569026,utilisé,-8.968008,1
5070,S_NOUN_1_PASS_b,F,S,la valise avec le billet était achetée <eos>,6,achetée,acheté,4,M,achetée,-6.276511,acheté,-7.8858366,1
5071,S_NOUN_1_PASS_b,F,S,la valise avec le billet était brisée <eos>,6,brisée,brisé,4,M,brisée,-7.0510373,brisé,-10.625071,1
5072,S_NOUN_1_PASS_b,F,S,la valise avec le billet était cachée <eos>,6,cachée,caché,4,M,cachée,-6.01348,caché,-7.1980753,1
5073,S_NOUN_1_PASS_b,F,S,la valise avec le billet était cassée <eos>,6,cassée,cassé,4,M,cassée,-7.249,cassé,-9.117229,1
5074,S_NOUN_1_PASS_b,F,S,la valise avec le billet était couverte <eos>,6,couverte,couvert,4,M,couverte,-7.1442585,couvert,-8.265269,1
5075,S_NOUN_1_PASS_b,F,S,la valise avec le billet était déformée <eos>,6,déformée,déformé,4,M,déformée,-10.185846,déformé,-13.107267,1
5076,S_NOUN_1_PASS_b,F,S,la valise avec le billet était fixée <eos>,6,fixée,fixé,4,M,fixée,-5.928035,fixé,-8.324497,1
5077,S_NOUN_1_PASS_b,F,S,la valise avec le billet était jetée <eos>,6,jetée,jeté,4,M,jetée,-7.931405,jeté,-9.327121,1
5078,S_NOUN_1_PASS_b,F,S,la valise avec le billet était laissée <eos>,6,laissée,laissé,4,M,laissée,-7.8549643,laissé,-9.08048,1
5079,S_NOUN_1_PASS_b,F,S,la valise avec le billet était ouverte <eos>,6,ouverte,ouvert,4,M,ouverte,-5.7120514,ouvert,-9.086424,1
5080,S_NOUN_1_PASS_b,F,S,la valise avec le billet était perdue <eos>,6,perdue,perdu,4,M,perdue,-7.1430316,perdu,-8.250374,1
5081,S_NOUN_1_PASS_b,F,S,la valise avec le billet était réparée <eos>,6,réparée,réparé,4,M,réparée,-10.596092,réparé,-12.872335,1
5082,S_NOUN_1_PASS_b,F,S,la valise avec le billet était retirée <eos>,6,retirée,retiré,4,M,retirée,-5.8525853,retiré,-6.9149737,1
5083,S_NOUN_1_PASS_b,F,S,la valise avec le billet était tombée <eos>,6,tombée,tombé,4,M,tombée,-8.089705,tombé,-8.927868,1
5084,S_NOUN_1_PASS_b,F,S,la valise avec le billet était utilisée <eos>,6,utilisée,utilisé,4,M,utilisée,-6.205144,utilisé,-8.009578,1
5085,S_NOUN_1_PASS_b,F,S,la valise avec le légume était achetée <eos>,6,achetée,acheté,4,M,achetée,-7.086471,acheté,-9.214528,1
5086,S_NOUN_1_PASS_b,F,S,la valise avec le légume était brisée <eos>,6,brisée,brisé,4,M,brisée,-6.5662565,brisé,-11.256986,1
5087,S_NOUN_1_PASS_b,F,S,la valise avec le légume était cachée <eos>,6,cachée,caché,4,M,cachée,-6.0641227,caché,-8.51099,1
5088,S_NOUN_1_PASS_b,F,S,la valise avec le légume était cassée <eos>,6,cassée,cassé,4,M,cassée,-6.2908955,cassé,-9.692183,1
5089,S_NOUN_1_PASS_b,F,S,la valise avec le légume était couverte <eos>,6,couverte,couvert,4,M,couverte,-6.057308,couvert,-9.542654,1
5090,S_NOUN_1_PASS_b,F,S,la valise avec le légume était déformée <eos>,6,déformée,déformé,4,M,déformée,-10.572127,déformé,-14.269911,1
5091,S_NOUN_1_PASS_b,F,S,la valise avec le légume était fixée <eos>,6,fixée,fixé,4,M,fixée,-6.0053744,fixé,-9.6778755,1
5092,S_NOUN_1_PASS_b,F,S,la valise avec le légume était jetée <eos>,6,jetée,jeté,4,M,jetée,-7.6439133,jeté,-10.898706,1
5093,S_NOUN_1_PASS_b,F,S,la valise avec le légume était laissée <eos>,6,laissée,laissé,4,M,laissée,-6.6972733,laissé,-9.96957,1
5094,S_NOUN_1_PASS_b,F,S,la valise avec le légume était ouverte <eos>,6,ouverte,ouvert,4,M,ouverte,-5.467906,ouvert,-10.428579,1
5095,S_NOUN_1_PASS_b,F,S,la valise avec le légume était perdue <eos>,6,perdue,perdu,4,M,perdue,-6.0330396,perdu,-9.907631,1
5096,S_NOUN_1_PASS_b,F,S,la valise avec le légume était réparée <eos>,6,réparée,réparé,4,M,réparée,-10.99821,réparé,-13.495102,1
5097,S_NOUN_1_PASS_b,F,S,la valise avec le légume était retirée <eos>,6,retirée,retiré,4,M,retirée,-5.6795087,retiré,-9.20417,1
5098,S_NOUN_1_PASS_b,F,S,la valise avec le légume était tombée <eos>,6,tombée,tombé,4,M,tombée,-7.4824824,tombé,-9.909485,1
5099,S_NOUN_1_PASS_b,F,S,la valise avec le légume était utilisée <eos>,6,utilisée,utilisé,4,M,utilisée,-5.114514,utilisé,-8.235958,1
5100,S_NOUN_1_PASS_b,F,S,la pendule avec le bracelet était achetée <eos>,6,achetée,acheté,4,M,achetée,-7.6129885,acheté,-10.385579,1
5101,S_NOUN_1_PASS_b,F,S,la pendule avec le bracelet était brisée <eos>,6,brisée,brisé,4,M,brisée,-7.324434,brisé,-10.769934,1
5102,S_NOUN_1_PASS_b,F,S,la pendule avec le bracelet était cachée <eos>,6,cachée,caché,4,M,cachée,-6.78259,caché,-9.045828,1
5103,S_NOUN_1_PASS_b,F,S,la pendule avec le bracelet était cassée <eos>,6,cassée,cassé,4,M,cassée,-6.8968735,cassé,-10.173695,1
5104,S_NOUN_1_PASS_b,F,S,la pendule avec le bracelet était couverte <eos>,6,couverte,couvert,4,M,couverte,-6.611161,couvert,-9.443463,1
5105,S_NOUN_1_PASS_b,F,S,la pendule avec le bracelet était déformée <eos>,6,déformée,déformé,4,M,déformée,-9.850578,déformé,-12.436773,1
5106,S_NOUN_1_PASS_b,F,S,la pendule avec le bracelet était fixée <eos>,6,fixée,fixé,4,M,fixée,-4.5476246,fixé,-7.532895,1
5107,S_NOUN_1_PASS_b,F,S,la pendule avec le bracelet était jetée <eos>,6,jetée,jeté,4,M,jetée,-8.474895,jeté,-10.564552,1
5108,S_NOUN_1_PASS_b,F,S,la pendule avec le bracelet était laissée <eos>,6,laissée,laissé,4,M,laissée,-7.7486634,laissé,-9.886745,1
5109,S_NOUN_1_PASS_b,F,S,la pendule avec le bracelet était ouverte <eos>,6,ouverte,ouvert,4,M,ouverte,-5.847137,ouvert,-8.811057,1
5110,S_NOUN_1_PASS_b,F,S,la pendule avec le bracelet était perdue <eos>,6,perdue,perdu,4,M,perdue,-7.8253126,perdu,-10.780919,1
5111,S_NOUN_1_PASS_b,F,S,la pendule avec le bracelet était réparée <eos>,6,réparée,réparé,4,M,réparée,-10.305267,réparé,-14.157939,1
5112,S_NOUN_1_PASS_b,F,S,la pendule avec le bracelet était retirée <eos>,6,retirée,retiré,4,M,retirée,-7.2899246,retiré,-9.284252,1
5113,S_NOUN_1_PASS_b,F,S,la pendule avec le bracelet était tombée <eos>,6,tombée,tombé,4,M,tombée,-8.824951,tombé,-9.735216,1
5114,S_NOUN_1_PASS_b,F,S,la pendule avec le bracelet était utilisée <eos>,6,utilisée,utilisé,4,M,utilisée,-4.199403,utilisé,-6.6794624,1
5115,S_NOUN_1_PASS_b,F,S,la pendule avec le miroir était achetée <eos>,6,achetée,acheté,4,M,achetée,-8.669823,acheté,-11.837669,1
5116,S_NOUN_1_PASS_b,F,S,la pendule avec le miroir était brisée <eos>,6,brisée,brisé,4,M,brisée,-6.33635,brisé,-10.474531,1
5117,S_NOUN_1_PASS_b,F,S,la pendule avec le miroir était cachée <eos>,6,cachée,caché,4,M,cachée,-5.8174934,caché,-8.81454,1
5118,S_NOUN_1_PASS_b,F,S,la pendule avec le miroir était cassée <eos>,6,cassée,cassé,4,M,cassée,-6.663555,cassé,-10.0314455,1
5119,S_NOUN_1_PASS_b,F,S,la pendule avec le miroir était couverte <eos>,6,couverte,couvert,4,M,couverte,-6.2131834,couvert,-9.343574,1
5120,S_NOUN_1_PASS_b,F,S,la pendule avec le miroir était déformée <eos>,6,déformée,déformé,4,M,déformée,-8.852438,déformé,-12.257476,1
5121,S_NOUN_1_PASS_b,F,S,la pendule avec le miroir était fixée <eos>,6,fixée,fixé,4,M,fixée,-4.7452536,fixé,-8.268203,1
5122,S_NOUN_1_PASS_b,F,S,la pendule avec le miroir était jetée <eos>,6,jetée,jeté,4,M,jetée,-8.367991,jeté,-11.191712,1
5123,S_NOUN_1_PASS_b,F,S,la pendule avec le miroir était laissée <eos>,6,laissée,laissé,4,M,laissée,-7.689161,laissé,-10.51115,1
5124,S_NOUN_1_PASS_b,F,S,la pendule avec le miroir était ouverte <eos>,6,ouverte,ouvert,4,M,ouverte,-5.569231,ouvert,-9.325356,1
5125,S_NOUN_1_PASS_b,F,S,la pendule avec le miroir était perdue <eos>,6,perdue,perdu,4,M,perdue,-7.3870583,perdu,-11.455885,1
5126,S_NOUN_1_PASS_b,F,S,la pendule avec le miroir était réparée <eos>,6,réparée,réparé,4,M,réparée,-9.646486,réparé,-13.882555,1
5127,S_NOUN_1_PASS_b,F,S,la pendule avec le miroir était retirée <eos>,6,retirée,retiré,4,M,retirée,-6.907401,retiré,-9.839938,1
5128,S_NOUN_1_PASS_b,F,S,la pendule avec le miroir était tombée <eos>,6,tombée,tombé,4,M,tombée,-8.880791,tombé,-10.416193,1
5129,S_NOUN_1_PASS_b,F,S,la pendule avec le miroir était utilisée <eos>,6,utilisée,utilisé,4,M,utilisée,-4.158727,utilisé,-7.365256,1
5130,S_NOUN_1_PASS_b,F,S,la pendule avec le crayon était achetée <eos>,6,achetée,acheté,4,M,achetée,-8.613954,acheté,-12.347973,1
5131,S_NOUN_1_PASS_b,F,S,la pendule avec le crayon était brisée <eos>,6,brisée,brisé,4,M,brisée,-7.405797,brisé,-12.310378,1
5132,S_NOUN_1_PASS_b,F,S,la pendule avec le crayon était cachée <eos>,6,cachée,caché,4,M,cachée,-7.2926316,caché,-9.924057,1
5133,S_NOUN_1_PASS_b,F,S,la pendule avec le crayon était cassée <eos>,6,cassée,cassé,4,M,cassée,-6.979195,cassé,-11.850218,1
5134,S_NOUN_1_PASS_b,F,S,la pendule avec le crayon était couverte <eos>,6,couverte,couvert,4,M,couverte,-6.526374,couvert,-10.226759,1
5135,S_NOUN_1_PASS_b,F,S,la pendule avec le crayon était déformée <eos>,6,déformée,déformé,4,M,déformée,-8.699224,déformé,-12.708365,1
5136,S_NOUN_1_PASS_b,F,S,la pendule avec le crayon était fixée <eos>,6,fixée,fixé,4,M,fixée,-5.5260606,fixé,-9.179359,1
5137,S_NOUN_1_PASS_b,F,S,la pendule avec le crayon était jetée <eos>,6,jetée,jeté,4,M,jetée,-8.258469,jeté,-11.734037,1
5138,S_NOUN_1_PASS_b,F,S,la pendule avec le crayon était laissée <eos>,6,laissée,laissé,4,M,laissée,-7.017072,laissé,-10.878983,1
5139,S_NOUN_1_PASS_b,F,S,la pendule avec le crayon était ouverte <eos>,6,ouverte,ouvert,4,M,ouverte,-5.9571257,ouvert,-9.852817,1
5140,S_NOUN_1_PASS_b,F,S,la pendule avec le crayon était perdue <eos>,6,perdue,perdu,4,M,perdue,-7.1359024,perdu,-11.060529,1
5141,S_NOUN_1_PASS_b,F,S,la pendule avec le crayon était réparée <eos>,6,réparée,réparé,4,M,réparée,-9.84494,réparé,-14.343111,1
5142,S_NOUN_1_PASS_b,F,S,la pendule avec le crayon était retirée <eos>,6,retirée,retiré,4,M,retirée,-7.320254,retiré,-9.948523,1
5143,S_NOUN_1_PASS_b,F,S,la pendule avec le crayon était tombée <eos>,6,tombée,tombé,4,M,tombée,-8.684946,tombé,-10.337074,1
5144,S_NOUN_1_PASS_b,F,S,la pendule avec le crayon était utilisée <eos>,6,utilisée,utilisé,4,M,utilisée,-3.3449056,utilisé,-6.91146,1
5145,S_NOUN_1_PASS_b,F,S,la pendule avec le rideau était achetée <eos>,6,achetée,acheté,4,M,achetée,-8.863415,acheté,-11.57375,1
5146,S_NOUN_1_PASS_b,F,S,la pendule avec le rideau était brisée <eos>,6,brisée,brisé,4,M,brisée,-5.726616,brisé,-8.979925,1
5147,S_NOUN_1_PASS_b,F,S,la pendule avec le rideau était cachée <eos>,6,cachée,caché,4,M,cachée,-6.5978494,caché,-8.710192,1
5148,S_NOUN_1_PASS_b,F,S,la pendule avec le rideau était cassée <eos>,6,cassée,cassé,4,M,cassée,-6.954815,cassé,-8.576349,1
5149,S_NOUN_1_PASS_b,F,S,la pendule avec le rideau était couverte <eos>,6,couverte,couvert,4,M,couverte,-6.1187944,couvert,-8.162264,1
5150,S_NOUN_1_PASS_b,F,S,la pendule avec le rideau était déformée <eos>,6,déformée,déformé,4,M,déformée,-8.269118,déformé,-11.362965,1
5151,S_NOUN_1_PASS_b,F,S,la pendule avec le rideau était fixée <eos>,6,fixée,fixé,4,M,fixée,-5.3623757,fixé,-8.393439,1
5152,S_NOUN_1_PASS_b,F,S,la pendule avec le rideau était jetée <eos>,6,jetée,jeté,4,M,jetée,-8.255045,jeté,-9.699102,1
5153,S_NOUN_1_PASS_b,F,S,la pendule avec le rideau était laissée <eos>,6,laissée,laissé,4,M,laissée,-7.453996,laissé,-9.418194,1
5154,S_NOUN_1_PASS_b,F,S,la pendule avec le rideau était ouverte <eos>,6,ouverte,ouvert,4,M,ouverte,-5.9074674,ouvert,-8.376812,1
5155,S_NOUN_1_PASS_b,F,S,la pendule avec le rideau était perdue <eos>,6,perdue,perdu,4,M,perdue,-7.8270164,perdu,-10.558409,1
5156,S_NOUN_1_PASS_b,F,S,la pendule avec le rideau était réparée <eos>,6,réparée,réparé,4,M,réparée,-9.273315,réparé,-12.119065,1
5157,S_NOUN_1_PASS_b,F,S,la pendule avec le rideau était retirée <eos>,6,retirée,retiré,4,M,retirée,-6.1007166,retiré,-8.718045,1
5158,S_NOUN_1_PASS_b,F,S,la pendule avec le rideau était tombée <eos>,6,tombée,tombé,4,M,tombée,-8.397047,tombé,-8.6001625,1
5159,S_NOUN_1_PASS_b,F,S,la pendule avec le rideau était utilisée <eos>,6,utilisée,utilisé,4,M,utilisée,-4.4111147,utilisé,-6.804902,1
5160,S_NOUN_1_PASS_b,F,S,la pendule avec le cahier était achetée <eos>,6,achetée,acheté,4,M,achetée,-8.781845,acheté,-10.598078,1
5161,S_NOUN_1_PASS_b,F,S,la pendule avec le cahier était brisée <eos>,6,brisée,brisé,4,M,brisée,-6.987324,brisé,-9.396587,1
5162,S_NOUN_1_PASS_b,F,S,la pendule avec le cahier était cachée <eos>,6,cachée,caché,4,M,cachée,-7.7552505,caché,-8.75402,1
5163,S_NOUN_1_PASS_b,F,S,la pendule avec le cahier était cassée <eos>,6,cassée,cassé,4,M,cassée,-7.7466426,cassé,-9.698774,1
5164,S_NOUN_1_PASS_b,F,S,la pendule avec le cahier était couverte <eos>,6,couverte,couvert,4,M,couverte,-6.7389393,couvert,-8.202589,1
5165,S_NOUN_1_PASS_b,F,S,la pendule avec le cahier était déformée <eos>,6,déformée,déformé,4,M,déformée,-9.360508,déformé,-10.961185,1
5166,S_NOUN_1_PASS_b,F,S,la pendule avec le cahier était fixée <eos>,6,fixée,fixé,4,M,fixée,-4.684913,fixé,-6.575378,1
5167,S_NOUN_1_PASS_b,F,S,la pendule avec le cahier était jetée <eos>,6,jetée,jeté,4,M,jetée,-8.928085,jeté,-10.204355,1
5168,S_NOUN_1_PASS_b,F,S,la pendule avec le cahier était laissée <eos>,6,laissée,laissé,4,M,laissée,-8.015031,laissé,-9.595229,1
5169,S_NOUN_1_PASS_b,F,S,la pendule avec le cahier était ouverte <eos>,6,ouverte,ouvert,4,M,ouverte,-5.978011,ouvert,-7.3051167,1
5170,S_NOUN_1_PASS_b,F,S,la pendule avec le cahier était perdue <eos>,6,perdue,perdu,4,M,perdue,-7.6144714,perdu,-9.129189,1
5171,S_NOUN_1_PASS_b,F,S,la pendule avec le cahier était réparée <eos>,6,réparée,réparé,4,M,réparée,-10.032808,réparé,-12.946264,1
5172,S_NOUN_1_PASS_b,F,S,la pendule avec le cahier était retirée <eos>,6,retirée,retiré,4,M,retirée,-6.371761,retiré,-7.2306247,1
5173,S_NOUN_1_PASS_b,F,S,la pendule avec le cahier était tombée <eos>,6,tombée,tombé,4,M,tombée,-8.586803,tombé,-8.681865,1
5174,S_NOUN_1_PASS_b,F,S,la pendule avec le cahier était utilisée <eos>,6,utilisée,utilisé,4,M,utilisée,-4.4695435,utilisé,-5.8552685,1
5175,S_NOUN_1_PASS_b,F,S,la pendule avec le micro était achetée <eos>,6,achetée,acheté,4,M,achetée,-9.298042,acheté,-12.402978,1
5176,S_NOUN_1_PASS_b,F,S,la pendule avec le micro était brisée <eos>,6,brisée,brisé,4,M,brisée,-6.8704376,brisé,-10.517276,1
5177,S_NOUN_1_PASS_b,F,S,la pendule avec le micro était cachée <eos>,6,cachée,caché,4,M,cachée,-7.2856045,caché,-9.358264,1
5178,S_NOUN_1_PASS_b,F,S,la pendule avec le micro était cassée <eos>,6,cassée,cassé,4,M,cassée,-6.221493,cassé,-9.176346,1
5179,S_NOUN_1_PASS_b,F,S,la pendule avec le micro était couverte <eos>,6,couverte,couvert,4,M,couverte,-6.6267986,couvert,-9.110142,1
5180,S_NOUN_1_PASS_b,F,S,la pendule avec le micro était déformée <eos>,6,déformée,déformé,4,M,déformée,-8.502677,déformé,-12.135892,1
5181,S_NOUN_1_PASS_b,F,S,la pendule avec le micro était fixée <eos>,6,fixée,fixé,4,M,fixée,-4.68311,fixé,-7.9397697,1
5182,S_NOUN_1_PASS_b,F,S,la pendule avec le micro était jetée <eos>,6,jetée,jeté,4,M,jetée,-8.646237,jeté,-10.858744,1
5183,S_NOUN_1_PASS_b,F,S,la pendule avec le micro était laissée <eos>,6,laissée,laissé,4,M,laissée,-7.926999,laissé,-10.312598,1
5184,S_NOUN_1_PASS_b,F,S,la pendule avec le micro était ouverte <eos>,6,ouverte,ouvert,4,M,ouverte,-5.8426194,ouvert,-8.50007,1
5185,S_NOUN_1_PASS_b,F,S,la pendule avec le micro était perdue <eos>,6,perdue,perdu,4,M,perdue,-8.119851,perdu,-11.418134,1
5186,S_NOUN_1_PASS_b,F,S,la pendule avec le micro était réparée <eos>,6,réparée,réparé,4,M,réparée,-9.94068,réparé,-14.126762,1
5187,S_NOUN_1_PASS_b,F,S,la pendule avec le micro était retirée <eos>,6,retirée,retiré,4,M,retirée,-6.8871927,retiré,-9.1164,1
5188,S_NOUN_1_PASS_b,F,S,la pendule avec le micro était tombée <eos>,6,tombée,tombé,4,M,tombée,-9.398908,tombé,-9.499049,1
5189,S_NOUN_1_PASS_b,F,S,la pendule avec le micro était utilisée <eos>,6,utilisée,utilisé,4,M,utilisée,-4.9446793,utilisé,-7.6156216,1
5190,S_NOUN_1_PASS_b,F,S,la pendule avec le sac était achetée <eos>,6,achetée,acheté,4,M,achetée,-7.8031,acheté,-11.1285305,1
5191,S_NOUN_1_PASS_b,F,S,la pendule avec le sac était brisée <eos>,6,brisée,brisé,4,M,brisée,-6.869981,brisé,-10.838987,1
5192,S_NOUN_1_PASS_b,F,S,la pendule avec le sac était cachée <eos>,6,cachée,caché,4,M,cachée,-6.2818155,caché,-8.971528,1
5193,S_NOUN_1_PASS_b,F,S,la pendule avec le sac était cassée <eos>,6,cassée,cassé,4,M,cassée,-5.9652843,cassé,-10.202641,1
5194,S_NOUN_1_PASS_b,F,S,la pendule avec le sac était couverte <eos>,6,couverte,couvert,4,M,couverte,-6.1268897,couvert,-9.215557,1
5195,S_NOUN_1_PASS_b,F,S,la pendule avec le sac était déformée <eos>,6,déformée,déformé,4,M,déformée,-8.78595,déformé,-11.719692,1
5196,S_NOUN_1_PASS_b,F,S,la pendule avec le sac était fixée <eos>,6,fixée,fixé,4,M,fixée,-4.474586,fixé,-7.9443383,1
5197,S_NOUN_1_PASS_b,F,S,la pendule avec le sac était jetée <eos>,6,jetée,jeté,4,M,jetée,-6.9806166,jeté,-10.255583,1
5198,S_NOUN_1_PASS_b,F,S,la pendule avec le sac était laissée <eos>,6,laissée,laissé,4,M,laissée,-7.0416603,laissé,-9.699808,1
5199,S_NOUN_1_PASS_b,F,S,la pendule avec le sac était ouverte <eos>,6,ouverte,ouvert,4,M,ouverte,-5.3046403,ouvert,-8.808572,1
5200,S_NOUN_1_PASS_b,F,S,la pendule avec le sac était perdue <eos>,6,perdue,perdu,4,M,perdue,-6.6788793,perdu,-10.795631,1
5201,S_NOUN_1_PASS_b,F,S,la pendule avec le sac était réparée <eos>,6,réparée,réparé,4,M,réparée,-9.421572,réparé,-13.122321,1
5202,S_NOUN_1_PASS_b,F,S,la pendule avec le sac était retirée <eos>,6,retirée,retiré,4,M,retirée,-5.9317126,retiré,-8.475775,1
5203,S_NOUN_1_PASS_b,F,S,la pendule avec le sac était tombée <eos>,6,tombée,tombé,4,M,tombée,-8.748755,tombé,-10.272976,1
5204,S_NOUN_1_PASS_b,F,S,la pendule avec le sac était utilisée <eos>,6,utilisée,utilisé,4,M,utilisée,-4.2207103,utilisé,-7.307998,1
5205,S_NOUN_1_PASS_b,F,S,la pendule avec le clavier était achetée <eos>,6,achetée,acheté,4,M,achetée,-9.244834,acheté,-11.934507,1
5206,S_NOUN_1_PASS_b,F,S,la pendule avec le clavier était brisée <eos>,6,brisée,brisé,4,M,brisée,-7.636865,brisé,-11.801386,1
5207,S_NOUN_1_PASS_b,F,S,la pendule avec le clavier était cachée <eos>,6,cachée,caché,4,M,cachée,-6.5216303,caché,-9.443786,1
5208,S_NOUN_1_PASS_b,F,S,la pendule avec le clavier était cassée <eos>,6,cassée,cassé,4,M,cassée,-6.4135,cassé,-10.290036,1
5209,S_NOUN_1_PASS_b,F,S,la pendule avec le clavier était couverte <eos>,6,couverte,couvert,4,M,couverte,-6.540875,couvert,-9.666369,1
5210,S_NOUN_1_PASS_b,F,S,la pendule avec le clavier était déformée <eos>,6,déformée,déformé,4,M,déformée,-8.328405,déformé,-13.022371,1
5211,S_NOUN_1_PASS_b,F,S,la pendule avec le clavier était fixée <eos>,6,fixée,fixé,4,M,fixée,-4.2258816,fixé,-7.8721333,1
5212,S_NOUN_1_PASS_b,F,S,la pendule avec le clavier était jetée <eos>,6,jetée,jeté,4,M,jetée,-9.383434,jeté,-11.963895,1
5213,S_NOUN_1_PASS_b,F,S,la pendule avec le clavier était laissée <eos>,6,laissée,laissé,4,M,laissée,-8.118607,laissé,-10.922184,1
5214,S_NOUN_1_PASS_b,F,S,la pendule avec le clavier était ouverte <eos>,6,ouverte,ouvert,4,M,ouverte,-5.31357,ouvert,-8.436968,1
5215,S_NOUN_1_PASS_b,F,S,la pendule avec le clavier était perdue <eos>,6,perdue,perdu,4,M,perdue,-8.4028225,perdu,-11.612697,1
5216,S_NOUN_1_PASS_b,F,S,la pendule avec le clavier était réparée <eos>,6,réparée,réparé,4,M,réparée,-9.705017,réparé,-14.521555,1
5217,S_NOUN_1_PASS_b,F,S,la pendule avec le clavier était retirée <eos>,6,retirée,retiré,4,M,retirée,-7.5924478,retiré,-9.574368,1
5218,S_NOUN_1_PASS_b,F,S,la pendule avec le clavier était tombée <eos>,6,tombée,tombé,4,M,tombée,-8.433916,tombé,-10.096163,1
5219,S_NOUN_1_PASS_b,F,S,la pendule avec le clavier était utilisée <eos>,6,utilisée,utilisé,4,M,utilisée,-4.2696385,utilisé,-7.209455,1
5220,S_NOUN_1_PASS_b,F,S,la pendule avec le raisin était achetée <eos>,6,achetée,acheté,4,M,achetée,-8.07494,acheté,-11.843113,1
5221,S_NOUN_1_PASS_b,F,S,la pendule avec le raisin était brisée <eos>,6,brisée,brisé,4,M,brisée,-7.5927734,brisé,-12.864845,1
5222,S_NOUN_1_PASS_b,F,S,la pendule avec le raisin était cachée <eos>,6,cachée,caché,4,M,cachée,-7.870268,caché,-10.360995,1
5223,S_NOUN_1_PASS_b,F,S,la pendule avec le raisin était cassée <eos>,6,cassée,cassé,4,M,cassée,-7.1261454,cassé,-10.916816,1
5224,S_NOUN_1_PASS_b,F,S,la pendule avec le raisin était couverte <eos>,6,couverte,couvert,4,M,couverte,-6.802271,couvert,-9.966467,1
5225,S_NOUN_1_PASS_b,F,S,la pendule avec le raisin était déformée <eos>,6,déformée,déformé,4,M,déformée,-8.978302,déformé,-13.303407,1
5226,S_NOUN_1_PASS_b,F,S,la pendule avec le raisin était fixée <eos>,6,fixée,fixé,4,M,fixée,-4.9431496,fixé,-8.454254,1
5227,S_NOUN_1_PASS_b,F,S,la pendule avec le raisin était jetée <eos>,6,jetée,jeté,4,M,jetée,-7.1735663,jeté,-11.216467,1
5228,S_NOUN_1_PASS_b,F,S,la pendule avec le raisin était laissée <eos>,6,laissée,laissé,4,M,laissée,-7.3955803,laissé,-10.381629,1
5229,S_NOUN_1_PASS_b,F,S,la pendule avec le raisin était ouverte <eos>,6,ouverte,ouvert,4,M,ouverte,-5.819858,ouvert,-9.636398,1
5230,S_NOUN_1_PASS_b,F,S,la pendule avec le raisin était perdue <eos>,6,perdue,perdu,4,M,perdue,-7.5845165,perdu,-11.227243,1
5231,S_NOUN_1_PASS_b,F,S,la pendule avec le raisin était réparée <eos>,6,réparée,réparé,4,M,réparée,-10.380324,réparé,-14.024727,1
5232,S_NOUN_1_PASS_b,F,S,la pendule avec le raisin était retirée <eos>,6,retirée,retiré,4,M,retirée,-6.822091,retiré,-9.571156,1
5233,S_NOUN_1_PASS_b,F,S,la pendule avec le raisin était tombée <eos>,6,tombée,tombé,4,M,tombée,-8.02425,tombé,-10.422766,1
5234,S_NOUN_1_PASS_b,F,S,la pendule avec le raisin était utilisée <eos>,6,utilisée,utilisé,4,M,utilisée,-3.8908362,utilisé,-7.3468146,1
5235,S_NOUN_1_PASS_b,F,S,la pendule avec le chargeur était achetée <eos>,6,achetée,acheté,4,M,achetée,-9.201693,acheté,-12.394342,1
5236,S_NOUN_1_PASS_b,F,S,la pendule avec le chargeur était brisée <eos>,6,brisée,brisé,4,M,brisée,-7.285153,brisé,-11.046345,1
5237,S_NOUN_1_PASS_b,F,S,la pendule avec le chargeur était cachée <eos>,6,cachée,caché,4,M,cachée,-7.194894,caché,-9.781957,1
5238,S_NOUN_1_PASS_b,F,S,la pendule avec le chargeur était cassée <eos>,6,cassée,cassé,4,M,cassée,-5.974823,cassé,-10.656253,1
5239,S_NOUN_1_PASS_b,F,S,la pendule avec le chargeur était couverte <eos>,6,couverte,couvert,4,M,couverte,-6.8056493,couvert,-9.842199,1
5240,S_NOUN_1_PASS_b,F,S,la pendule avec le chargeur était déformée <eos>,6,déformée,déformé,4,M,déformée,-8.336264,déformé,-12.7433405,1
5241,S_NOUN_1_PASS_b,F,S,la pendule avec le chargeur était fixée <eos>,6,fixée,fixé,4,M,fixée,-4.5792246,fixé,-8.388336,1
5242,S_NOUN_1_PASS_b,F,S,la pendule avec le chargeur était jetée <eos>,6,jetée,jeté,4,M,jetée,-8.227691,jeté,-11.469754,1
5243,S_NOUN_1_PASS_b,F,S,la pendule avec le chargeur était laissée <eos>,6,laissée,laissé,4,M,laissée,-7.8397465,laissé,-10.5363,1
5244,S_NOUN_1_PASS_b,F,S,la pendule avec le chargeur était ouverte <eos>,6,ouverte,ouvert,4,M,ouverte,-5.763934,ouvert,-9.248942,1
5245,S_NOUN_1_PASS_b,F,S,la pendule avec le chargeur était perdue <eos>,6,perdue,perdu,4,M,perdue,-8.220149,perdu,-11.12335,1
5246,S_NOUN_1_PASS_b,F,S,la pendule avec le chargeur était réparée <eos>,6,réparée,réparé,4,M,réparée,-8.531959,réparé,-13.735883,1
5247,S_NOUN_1_PASS_b,F,S,la pendule avec le chargeur était retirée <eos>,6,retirée,retiré,4,M,retirée,-6.6479344,retiré,-9.251294,1
5248,S_NOUN_1_PASS_b,F,S,la pendule avec le chargeur était tombée <eos>,6,tombée,tombé,4,M,tombée,-9.855746,tombé,-10.838256,1
5249,S_NOUN_1_PASS_b,F,S,la pendule avec le chargeur était utilisée <eos>,6,utilisée,utilisé,4,M,utilisée,-4.695595,utilisé,-7.76536,1
5250,S_NOUN_1_PASS_b,F,S,la pendule avec le vase était achetée <eos>,6,achetée,acheté,4,M,achetée,-8.423713,acheté,-11.557468,1
5251,S_NOUN_1_PASS_b,F,S,la pendule avec le vase était brisée <eos>,6,brisée,brisé,4,M,brisée,-6.159978,brisé,-9.935809,1
5252,S_NOUN_1_PASS_b,F,S,la pendule avec le vase était cachée <eos>,6,cachée,caché,4,M,cachée,-6.5301943,caché,-9.338418,1
5253,S_NOUN_1_PASS_b,F,S,la pendule avec le vase était cassée <eos>,6,cassée,cassé,4,M,cassée,-5.8811316,cassé,-9.920038,1
5254,S_NOUN_1_PASS_b,F,S,la pendule avec le vase était couverte <eos>,6,couverte,couvert,4,M,couverte,-5.3780613,couvert,-8.839527,1
5255,S_NOUN_1_PASS_b,F,S,la pendule avec le vase était déformée <eos>,6,déformée,déformé,4,M,déformée,-8.816387,déformé,-12.372324,1
5256,S_NOUN_1_PASS_b,F,S,la pendule avec le vase était fixée <eos>,6,fixée,fixé,4,M,fixée,-4.76659,fixé,-8.221987,1
5257,S_NOUN_1_PASS_b,F,S,la pendule avec le vase était jetée <eos>,6,jetée,jeté,4,M,jetée,-7.5348873,jeté,-10.309103,1
5258,S_NOUN_1_PASS_b,F,S,la pendule avec le vase était laissée <eos>,6,laissée,laissé,4,M,laissée,-7.0243053,laissé,-9.536644,1
5259,S_NOUN_1_PASS_b,F,S,la pendule avec le vase était ouverte <eos>,6,ouverte,ouvert,4,M,ouverte,-5.388297,ouvert,-8.951516,1
5260,S_NOUN_1_PASS_b,F,S,la pendule avec le vase était perdue <eos>,6,perdue,perdu,4,M,perdue,-6.740246,perdu,-10.341343,1
5261,S_NOUN_1_PASS_b,F,S,la pendule avec le vase était réparée <eos>,6,réparée,réparé,4,M,réparée,-9.272178,réparé,-13.174773,1
5262,S_NOUN_1_PASS_b,F,S,la pendule avec le vase était retirée <eos>,6,retirée,retiré,4,M,retirée,-6.1662273,retiré,-9.617383,1
5263,S_NOUN_1_PASS_b,F,S,la pendule avec le vase était tombée <eos>,6,tombée,tombé,4,M,tombée,-8.078189,tombé,-10.006593,1
5264,S_NOUN_1_PASS_b,F,S,la pendule avec le vase était utilisée <eos>,6,utilisée,utilisé,4,M,utilisée,-4.3467584,utilisé,-7.581537,1
5265,S_NOUN_1_PASS_b,F,S,la pendule avec le panier était achetée <eos>,6,achetée,acheté,4,M,achetée,-9.261267,acheté,-12.143894,1
5266,S_NOUN_1_PASS_b,F,S,la pendule avec le panier était brisée <eos>,6,brisée,brisé,4,M,brisée,-7.545638,brisé,-10.790727,1
5267,S_NOUN_1_PASS_b,F,S,la pendule avec le panier était cachée <eos>,6,cachée,caché,4,M,cachée,-6.9158,caché,-9.59674,1
5268,S_NOUN_1_PASS_b,F,S,la pendule avec le panier était cassée <eos>,6,cassée,cassé,4,M,cassée,-6.771837,cassé,-10.401588,1
5269,S_NOUN_1_PASS_b,F,S,la pendule avec le panier était couverte <eos>,6,couverte,couvert,4,M,couverte,-6.556449,couvert,-8.919958,1
5270,S_NOUN_1_PASS_b,F,S,la pendule avec le panier était déformée <eos>,6,déformée,déformé,4,M,déformée,-8.554711,déformé,-12.688074,1
5271,S_NOUN_1_PASS_b,F,S,la pendule avec le panier était fixée <eos>,6,fixée,fixé,4,M,fixée,-5.1177254,fixé,-8.094436,1
5272,S_NOUN_1_PASS_b,F,S,la pendule avec le panier était jetée <eos>,6,jetée,jeté,4,M,jetée,-8.234751,jeté,-11.472624,1
5273,S_NOUN_1_PASS_b,F,S,la pendule avec le panier était laissée <eos>,6,laissée,laissé,4,M,laissée,-7.0939665,laissé,-10.143793,1
5274,S_NOUN_1_PASS_b,F,S,la pendule avec le panier était ouverte <eos>,6,ouverte,ouvert,4,M,ouverte,-5.8662653,ouvert,-8.849423,1
5275,S_NOUN_1_PASS_b,F,S,la pendule avec le panier était perdue <eos>,6,perdue,perdu,4,M,perdue,-8.1611805,perdu,-11.554459,1
5276,S_NOUN_1_PASS_b,F,S,la pendule avec le panier était réparée <eos>,6,réparée,réparé,4,M,réparée,-10.080941,réparé,-13.684932,1
5277,S_NOUN_1_PASS_b,F,S,la pendule avec le panier était retirée <eos>,6,retirée,retiré,4,M,retirée,-6.827879,retiré,-9.5804405,1
5278,S_NOUN_1_PASS_b,F,S,la pendule avec le panier était tombée <eos>,6,tombée,tombé,4,M,tombée,-8.993595,tombé,-9.740984,1
5279,S_NOUN_1_PASS_b,F,S,la pendule avec le panier était utilisée <eos>,6,utilisée,utilisé,4,M,utilisée,-4.4820585,utilisé,-6.990718,1
5280,S_NOUN_1_PASS_b,F,S,la pendule avec le collier était achetée <eos>,6,achetée,acheté,4,M,achetée,-7.9307995,acheté,-10.958365,1
5281,S_NOUN_1_PASS_b,F,S,la pendule avec le collier était brisée <eos>,6,brisée,brisé,4,M,brisée,-6.6328154,brisé,-10.005492,1
5282,S_NOUN_1_PASS_b,F,S,la pendule avec le collier était cachée <eos>,6,cachée,caché,4,M,cachée,-6.3243575,caché,-8.918158,1
5283,S_NOUN_1_PASS_b,F,S,la pendule avec le collier était cassée <eos>,6,cassée,cassé,4,M,cassée,-6.518067,cassé,-9.0626545,1
5284,S_NOUN_1_PASS_b,F,S,la pendule avec le collier était couverte <eos>,6,couverte,couvert,4,M,couverte,-6.141917,couvert,-8.944578,1
5285,S_NOUN_1_PASS_b,F,S,la pendule avec le collier était déformée <eos>,6,déformée,déformé,4,M,déformée,-8.665493,déformé,-11.556351,1
5286,S_NOUN_1_PASS_b,F,S,la pendule avec le collier était fixée <eos>,6,fixée,fixé,4,M,fixée,-4.8614826,fixé,-7.759433,1
5287,S_NOUN_1_PASS_b,F,S,la pendule avec le collier était jetée <eos>,6,jetée,jeté,4,M,jetée,-7.917847,jeté,-9.960007,1
5288,S_NOUN_1_PASS_b,F,S,la pendule avec le collier était laissée <eos>,6,laissée,laissé,4,M,laissée,-7.6483717,laissé,-9.780914,1
5289,S_NOUN_1_PASS_b,F,S,la pendule avec le collier était ouverte <eos>,6,ouverte,ouvert,4,M,ouverte,-5.5155787,ouvert,-8.888979,1
5290,S_NOUN_1_PASS_b,F,S,la pendule avec le collier était perdue <eos>,6,perdue,perdu,4,M,perdue,-7.808259,perdu,-11.258442,1
5291,S_NOUN_1_PASS_b,F,S,la pendule avec le collier était réparée <eos>,6,réparée,réparé,4,M,réparée,-10.033702,réparé,-13.709162,1
5292,S_NOUN_1_PASS_b,F,S,la pendule avec le collier était retirée <eos>,6,retirée,retiré,4,M,retirée,-6.525975,retiré,-8.52927,1
5293,S_NOUN_1_PASS_b,F,S,la pendule avec le collier était tombée <eos>,6,tombée,tombé,4,M,tombée,-8.894,tombé,-9.55499,1
5294,S_NOUN_1_PASS_b,F,S,la pendule avec le collier était utilisée <eos>,6,utilisée,utilisé,4,M,utilisée,-4.121641,utilisé,-6.7755585,1
5295,S_NOUN_1_PASS_b,F,S,la pendule avec le chapeau était achetée <eos>,6,achetée,acheté,4,M,achetée,-8.159982,acheté,-11.371606,1
5296,S_NOUN_1_PASS_b,F,S,la pendule avec le chapeau était brisée <eos>,6,brisée,brisé,4,M,brisée,-6.585868,brisé,-10.966899,1
5297,S_NOUN_1_PASS_b,F,S,la pendule avec le chapeau était cachée <eos>,6,cachée,caché,4,M,cachée,-6.9387207,caché,-9.74636,1
5298,S_NOUN_1_PASS_b,F,S,la pendule avec le chapeau était cassée <eos>,6,cassée,cassé,4,M,cassée,-6.320857,cassé,-9.453227,1
5299,S_NOUN_1_PASS_b,F,S,la pendule avec le chapeau était couverte <eos>,6,couverte,couvert,4,M,couverte,-5.592429,couvert,-9.178795,1
5300,S_NOUN_1_PASS_b,F,S,la pendule avec le chapeau était déformée <eos>,6,déformée,déformé,4,M,déformée,-7.858941,déformé,-11.3697,1
5301,S_NOUN_1_PASS_b,F,S,la pendule avec le chapeau était fixée <eos>,6,fixée,fixé,4,M,fixée,-4.8164196,fixé,-8.018072,1
5302,S_NOUN_1_PASS_b,F,S,la pendule avec le chapeau était jetée <eos>,6,jetée,jeté,4,M,jetée,-7.745929,jeté,-10.47326,1
5303,S_NOUN_1_PASS_b,F,S,la pendule avec le chapeau était laissée <eos>,6,laissée,laissé,4,M,laissée,-7.401623,laissé,-10.121976,1
5304,S_NOUN_1_PASS_b,F,S,la pendule avec le chapeau était ouverte <eos>,6,ouverte,ouvert,4,M,ouverte,-5.250769,ouvert,-9.537954,1
5305,S_NOUN_1_PASS_b,F,S,la pendule avec le chapeau était perdue <eos>,6,perdue,perdu,4,M,perdue,-8.270931,perdu,-11.390221,1
5306,S_NOUN_1_PASS_b,F,S,la pendule avec le chapeau était réparée <eos>,6,réparée,réparé,4,M,réparée,-9.61495,réparé,-13.994188,1
5307,S_NOUN_1_PASS_b,F,S,la pendule avec le chapeau était retirée <eos>,6,retirée,retiré,4,M,retirée,-6.6797385,retiré,-8.848038,1
5308,S_NOUN_1_PASS_b,F,S,la pendule avec le chapeau était tombée <eos>,6,tombée,tombé,4,M,tombée,-8.858204,tombé,-9.825681,1
5309,S_NOUN_1_PASS_b,F,S,la pendule avec le chapeau était utilisée <eos>,6,utilisée,utilisé,4,M,utilisée,-4.195451,utilisé,-7.2601423,1
5310,S_NOUN_1_PASS_b,F,S,la pendule avec le pot était achetée <eos>,6,achetée,acheté,4,M,achetée,-8.539396,acheté,-11.612099,1
5311,S_NOUN_1_PASS_b,F,S,la pendule avec le pot était brisée <eos>,6,brisée,brisé,4,M,brisée,-7.088946,brisé,-10.540733,1
5312,S_NOUN_1_PASS_b,F,S,la pendule avec le pot était cachée <eos>,6,cachée,caché,4,M,cachée,-7.2163076,caché,-9.105295,1
5313,S_NOUN_1_PASS_b,F,S,la pendule avec le pot était cassée <eos>,6,cassée,cassé,4,M,cassée,-6.9300776,cassé,-10.43074,1
5314,S_NOUN_1_PASS_b,F,S,la pendule avec le pot était couverte <eos>,6,couverte,couvert,4,M,couverte,-7.0977693,couvert,-9.084071,1
5315,S_NOUN_1_PASS_b,F,S,la pendule avec le pot était déformée <eos>,6,déformée,déformé,4,M,déformée,-9.074099,déformé,-11.967041,1
5316,S_NOUN_1_PASS_b,F,S,la pendule avec le pot était fixée <eos>,6,fixée,fixé,4,M,fixée,-4.904645,fixé,-7.6465406,1
5317,S_NOUN_1_PASS_b,F,S,la pendule avec le pot était jetée <eos>,6,jetée,jeté,4,M,jetée,-7.819001,jeté,-10.641345,1
5318,S_NOUN_1_PASS_b,F,S,la pendule avec le pot était laissée <eos>,6,laissée,laissé,4,M,laissée,-7.448017,laissé,-9.826705,1
5319,S_NOUN_1_PASS_b,F,S,la pendule avec le pot était ouverte <eos>,6,ouverte,ouvert,4,M,ouverte,-6.418316,ouvert,-8.774515,1
5320,S_NOUN_1_PASS_b,F,S,la pendule avec le pot était perdue <eos>,6,perdue,perdu,4,M,perdue,-7.767057,perdu,-10.795235,1
5321,S_NOUN_1_PASS_b,F,S,la pendule avec le pot était réparée <eos>,6,réparée,réparé,4,M,réparée,-9.709976,réparé,-12.796165,1
5322,S_NOUN_1_PASS_b,F,S,la pendule avec le pot était retirée <eos>,6,retirée,retiré,4,M,retirée,-6.784683,retiré,-8.639807,1
5323,S_NOUN_1_PASS_b,F,S,la pendule avec le pot était tombée <eos>,6,tombée,tombé,4,M,tombée,-8.002282,tombé,-9.801047,1
5324,S_NOUN_1_PASS_b,F,S,la pendule avec le pot était utilisée <eos>,6,utilisée,utilisé,4,M,utilisée,-4.0044956,utilisé,-6.4942627,1
5325,S_NOUN_1_PASS_b,F,S,la pendule avec le coussin était achetée <eos>,6,achetée,acheté,4,M,achetée,-8.722973,acheté,-12.031096,1
5326,S_NOUN_1_PASS_b,F,S,la pendule avec le coussin était brisée <eos>,6,brisée,brisé,4,M,brisée,-6.7567286,brisé,-11.228361,1
5327,S_NOUN_1_PASS_b,F,S,la pendule avec le coussin était cachée <eos>,6,cachée,caché,4,M,cachée,-7.2358565,caché,-9.632168,1
5328,S_NOUN_1_PASS_b,F,S,la pendule avec le coussin était cassée <eos>,6,cassée,cassé,4,M,cassée,-6.0883417,cassé,-9.907624,1
5329,S_NOUN_1_PASS_b,F,S,la pendule avec le coussin était couverte <eos>,6,couverte,couvert,4,M,couverte,-5.7027864,couvert,-9.331295,1
5330,S_NOUN_1_PASS_b,F,S,la pendule avec le coussin était déformée <eos>,6,déformée,déformé,4,M,déformée,-9.475693,déformé,-12.882108,1
5331,S_NOUN_1_PASS_b,F,S,la pendule avec le coussin était fixée <eos>,6,fixée,fixé,4,M,fixée,-4.2985573,fixé,-8.33127,1
5332,S_NOUN_1_PASS_b,F,S,la pendule avec le coussin était jetée <eos>,6,jetée,jeté,4,M,jetée,-8.5731945,jeté,-11.462764,1
5333,S_NOUN_1_PASS_b,F,S,la pendule avec le coussin était laissée <eos>,6,laissée,laissé,4,M,laissée,-7.567698,laissé,-10.481773,1
5334,S_NOUN_1_PASS_b,F,S,la pendule avec le coussin était ouverte <eos>,6,ouverte,ouvert,4,M,ouverte,-5.0222273,ouvert,-9.218735,1
5335,S_NOUN_1_PASS_b,F,S,la pendule avec le coussin était perdue <eos>,6,perdue,perdu,4,M,perdue,-8.663182,perdu,-12.068056,1
5336,S_NOUN_1_PASS_b,F,S,la pendule avec le coussin était réparée <eos>,6,réparée,réparé,4,M,réparée,-9.688513,réparé,-14.716979,1
5337,S_NOUN_1_PASS_b,F,S,la pendule avec le coussin était retirée <eos>,6,retirée,retiré,4,M,retirée,-7.3165536,retiré,-10.130457,1
5338,S_NOUN_1_PASS_b,F,S,la pendule avec le coussin était tombée <eos>,6,tombée,tombé,4,M,tombée,-10.575737,tombé,-11.126549,1
5339,S_NOUN_1_PASS_b,F,S,la pendule avec le coussin était utilisée <eos>,6,utilisée,utilisé,4,M,utilisée,-4.392864,utilisé,-7.5260115,1
5340,S_NOUN_1_PASS_b,F,S,la pendule avec le jouet était achetée <eos>,6,achetée,acheté,4,M,achetée,-8.765419,acheté,-11.68816,1
5341,S_NOUN_1_PASS_b,F,S,la pendule avec le jouet était brisée <eos>,6,brisée,brisé,4,M,brisée,-7.2892823,brisé,-10.97496,1
5342,S_NOUN_1_PASS_b,F,S,la pendule avec le jouet était cachée <eos>,6,cachée,caché,4,M,cachée,-6.5137863,caché,-9.28001,1
5343,S_NOUN_1_PASS_b,F,S,la pendule avec le jouet était cassée <eos>,6,cassée,cassé,4,M,cassée,-6.8703365,cassé,-11.078004,1
5344,S_NOUN_1_PASS_b,F,S,la pendule avec le jouet était couverte <eos>,6,couverte,couvert,4,M,couverte,-6.637062,couvert,-9.742248,1
5345,S_NOUN_1_PASS_b,F,S,la pendule avec le jouet était déformée <eos>,6,déformée,déformé,4,M,déformée,-9.865274,déformé,-12.499158,1
5346,S_NOUN_1_PASS_b,F,S,la pendule avec le jouet était fixée <eos>,6,fixée,fixé,4,M,fixée,-5.246772,fixé,-8.566624,1
5347,S_NOUN_1_PASS_b,F,S,la pendule avec le jouet était jetée <eos>,6,jetée,jeté,4,M,jetée,-8.700025,jeté,-11.104692,1
5348,S_NOUN_1_PASS_b,F,S,la pendule avec le jouet était laissée <eos>,6,laissée,laissé,4,M,laissée,-8.074626,laissé,-10.472288,1
5349,S_NOUN_1_PASS_b,F,S,la pendule avec le jouet était ouverte <eos>,6,ouverte,ouvert,4,M,ouverte,-5.814575,ouvert,-9.004353,1
5350,S_NOUN_1_PASS_b,F,S,la pendule avec le jouet était perdue <eos>,6,perdue,perdu,4,M,perdue,-8.799177,perdu,-11.543287,1
5351,S_NOUN_1_PASS_b,F,S,la pendule avec le jouet était réparée <eos>,6,réparée,réparé,4,M,réparée,-10.237791,réparé,-13.325546,1
5352,S_NOUN_1_PASS_b,F,S,la pendule avec le jouet était retirée <eos>,6,retirée,retiré,4,M,retirée,-7.434212,retiré,-10.108398,1
5353,S_NOUN_1_PASS_b,F,S,la pendule avec le jouet était tombée <eos>,6,tombée,tombé,4,M,tombée,-9.184667,tombé,-9.96776,1
5354,S_NOUN_1_PASS_b,F,S,la pendule avec le jouet était utilisée <eos>,6,utilisée,utilisé,4,M,utilisée,-4.0786505,utilisé,-6.794489,1
5355,S_NOUN_1_PASS_b,F,S,la pendule avec le clou était achetée <eos>,6,achetée,acheté,4,M,achetée,-8.315779,acheté,-11.848913,1
5356,S_NOUN_1_PASS_b,F,S,la pendule avec le clou était brisée <eos>,6,brisée,brisé,4,M,brisée,-7.0158415,brisé,-11.229194,1
5357,S_NOUN_1_PASS_b,F,S,la pendule avec le clou était cachée <eos>,6,cachée,caché,4,M,cachée,-6.4735637,caché,-10.16184,1
5358,S_NOUN_1_PASS_b,F,S,la pendule avec le clou était cassée <eos>,6,cassée,cassé,4,M,cassée,-6.2896338,cassé,-10.398659,1
5359,S_NOUN_1_PASS_b,F,S,la pendule avec le clou était couverte <eos>,6,couverte,couvert,4,M,couverte,-5.8886356,couvert,-9.265524,1
5360,S_NOUN_1_PASS_b,F,S,la pendule avec le clou était déformée <eos>,6,déformée,déformé,4,M,déformée,-8.321535,déformé,-12.010836,1
5361,S_NOUN_1_PASS_b,F,S,la pendule avec le clou était fixée <eos>,6,fixée,fixé,4,M,fixée,-4.4230065,fixé,-7.8932147,1
5362,S_NOUN_1_PASS_b,F,S,la pendule avec le clou était jetée <eos>,6,jetée,jeté,4,M,jetée,-7.4336705,jeté,-10.924608,1
5363,S_NOUN_1_PASS_b,F,S,la pendule avec le clou était laissée <eos>,6,laissée,laissé,4,M,laissée,-6.9534674,laissé,-10.118566,1
5364,S_NOUN_1_PASS_b,F,S,la pendule avec le clou était ouverte <eos>,6,ouverte,ouvert,4,M,ouverte,-5.9430275,ouvert,-9.82864,1
5365,S_NOUN_1_PASS_b,F,S,la pendule avec le clou était perdue <eos>,6,perdue,perdu,4,M,perdue,-6.946801,perdu,-10.836429,1
5366,S_NOUN_1_PASS_b,F,S,la pendule avec le clou était réparée <eos>,6,réparée,réparé,4,M,réparée,-9.671954,réparé,-13.768266,1
5367,S_NOUN_1_PASS_b,F,S,la pendule avec le clou était retirée <eos>,6,retirée,retiré,4,M,retirée,-5.6996965,retiré,-9.230885,1
5368,S_NOUN_1_PASS_b,F,S,la pendule avec le clou était tombée <eos>,6,tombée,tombé,4,M,tombée,-7.8525205,tombé,-9.881327,1
5369,S_NOUN_1_PASS_b,F,S,la pendule avec le clou était utilisée <eos>,6,utilisée,utilisé,4,M,utilisée,-3.7457776,utilisé,-7.1575036,1
5370,S_NOUN_1_PASS_b,F,S,la pendule avec le billet était achetée <eos>,6,achetée,acheté,4,M,achetée,-7.5402865,acheté,-10.377819,1
5371,S_NOUN_1_PASS_b,F,S,la pendule avec le billet était brisée <eos>,6,brisée,brisé,4,M,brisée,-7.844474,brisé,-10.378122,1
5372,S_NOUN_1_PASS_b,F,S,la pendule avec le billet était cachée <eos>,6,cachée,caché,4,M,cachée,-6.8596663,caché,-8.831842,1
5373,S_NOUN_1_PASS_b,F,S,la pendule avec le billet était cassée <eos>,6,cassée,cassé,4,M,cassée,-7.5349092,cassé,-10.08386,1
5374,S_NOUN_1_PASS_b,F,S,la pendule avec le billet était couverte <eos>,6,couverte,couvert,4,M,couverte,-7.0134215,couvert,-8.541079,1
5375,S_NOUN_1_PASS_b,F,S,la pendule avec le billet était déformée <eos>,6,déformée,déformé,4,M,déformée,-9.199549,déformé,-11.929179,1
5376,S_NOUN_1_PASS_b,F,S,la pendule avec le billet était fixée <eos>,6,fixée,fixé,4,M,fixée,-4.683465,fixé,-6.8976955,1
5377,S_NOUN_1_PASS_b,F,S,la pendule avec le billet était jetée <eos>,6,jetée,jeté,4,M,jetée,-7.80227,jeté,-9.900974,1
5378,S_NOUN_1_PASS_b,F,S,la pendule avec le billet était laissée <eos>,6,laissée,laissé,4,M,laissée,-7.5447636,laissé,-9.169158,1
5379,S_NOUN_1_PASS_b,F,S,la pendule avec le billet était ouverte <eos>,6,ouverte,ouvert,4,M,ouverte,-6.100354,ouvert,-8.947976,1
5380,S_NOUN_1_PASS_b,F,S,la pendule avec le billet était perdue <eos>,6,perdue,perdu,4,M,perdue,-7.785552,perdu,-9.547335,1
5381,S_NOUN_1_PASS_b,F,S,la pendule avec le billet était réparée <eos>,6,réparée,réparé,4,M,réparée,-9.8442135,réparé,-13.000736,1
5382,S_NOUN_1_PASS_b,F,S,la pendule avec le billet était retirée <eos>,6,retirée,retiré,4,M,retirée,-6.8074007,retiré,-8.065634,1
5383,S_NOUN_1_PASS_b,F,S,la pendule avec le billet était tombée <eos>,6,tombée,tombé,4,M,tombée,-8.413213,tombé,-9.016073,1
5384,S_NOUN_1_PASS_b,F,S,la pendule avec le billet était utilisée <eos>,6,utilisée,utilisé,4,M,utilisée,-4.580329,utilisé,-6.5185623,1
5385,S_NOUN_1_PASS_b,F,S,la pendule avec le légume était achetée <eos>,6,achetée,acheté,4,M,achetée,-9.167844,acheté,-11.544842,1
5386,S_NOUN_1_PASS_b,F,S,la pendule avec le légume était brisée <eos>,6,brisée,brisé,4,M,brisée,-8.561081,brisé,-11.741964,1
5387,S_NOUN_1_PASS_b,F,S,la pendule avec le légume était cachée <eos>,6,cachée,caché,4,M,cachée,-7.3721256,caché,-9.815677,1
5388,S_NOUN_1_PASS_b,F,S,la pendule avec le légume était cassée <eos>,6,cassée,cassé,4,M,cassée,-7.4705505,cassé,-10.943154,1
5389,S_NOUN_1_PASS_b,F,S,la pendule avec le légume était couverte <eos>,6,couverte,couvert,4,M,couverte,-6.6572084,couvert,-9.426117,1
5390,S_NOUN_1_PASS_b,F,S,la pendule avec le légume était déformée <eos>,6,déformée,déformé,4,M,déformée,-10.035844,déformé,-13.3112335,1
5391,S_NOUN_1_PASS_b,F,S,la pendule avec le légume était fixée <eos>,6,fixée,fixé,4,M,fixée,-6.1305714,fixé,-8.798227,1
5392,S_NOUN_1_PASS_b,F,S,la pendule avec le légume était jetée <eos>,6,jetée,jeté,4,M,jetée,-7.9262276,jeté,-11.477312,1
5393,S_NOUN_1_PASS_b,F,S,la pendule avec le légume était laissée <eos>,6,laissée,laissé,4,M,laissée,-6.879768,laissé,-10.059902,1
5394,S_NOUN_1_PASS_b,F,S,la pendule avec le légume était ouverte <eos>,6,ouverte,ouvert,4,M,ouverte,-6.068137,ouvert,-9.854685,1
5395,S_NOUN_1_PASS_b,F,S,la pendule avec le légume était perdue <eos>,6,perdue,perdu,4,M,perdue,-7.0566444,perdu,-11.063707,1
5396,S_NOUN_1_PASS_b,F,S,la pendule avec le légume était réparée <eos>,6,réparée,réparé,4,M,réparée,-11.669681,réparé,-13.861791,1
5397,S_NOUN_1_PASS_b,F,S,la pendule avec le légume était retirée <eos>,6,retirée,retiré,4,M,retirée,-7.0527043,retiré,-9.849232,1
5398,S_NOUN_1_PASS_b,F,S,la pendule avec le légume était tombée <eos>,6,tombée,tombé,4,M,tombée,-8.150846,tombé,-10.194883,1
5399,S_NOUN_1_PASS_b,F,S,la pendule avec le légume était utilisée <eos>,6,utilisée,utilisé,4,M,utilisée,-3.7694743,utilisé,-6.505767,1
5400,S_NOUN_1_PASS_b,F,S,la cloche avec le bracelet était achetée <eos>,6,achetée,acheté,4,M,achetée,-7.295883,acheté,-10.112681,1
5401,S_NOUN_1_PASS_b,F,S,la cloche avec le bracelet était brisée <eos>,6,brisée,brisé,4,M,brisée,-7.049407,brisé,-9.907963,1
5402,S_NOUN_1_PASS_b,F,S,la cloche avec le bracelet était cachée <eos>,6,cachée,caché,4,M,cachée,-6.5697546,caché,-9.09812,1
5403,S_NOUN_1_PASS_b,F,S,la cloche avec le bracelet était cassée <eos>,6,cassée,cassé,4,M,cassée,-8.471743,cassé,-10.307355,1
5404,S_NOUN_1_PASS_b,F,S,la cloche avec le bracelet était couverte <eos>,6,couverte,couvert,4,M,couverte,-6.6274457,couvert,-8.372526,1
5405,S_NOUN_1_PASS_b,F,S,la cloche avec le bracelet était déformée <eos>,6,déformée,déformé,4,M,déformée,-11.266297,déformé,-14.055414,1
5406,S_NOUN_1_PASS_b,F,S,la cloche avec le bracelet était fixée <eos>,6,fixée,fixé,4,M,fixée,-4.487501,fixé,-7.9090185,1
5407,S_NOUN_1_PASS_b,F,S,la cloche avec le bracelet était jetée <eos>,6,jetée,jeté,4,M,jetée,-8.516216,jeté,-10.274073,1
5408,S_NOUN_1_PASS_b,F,S,la cloche avec le bracelet était laissée <eos>,6,laissée,laissé,4,M,laissée,-8.346416,laissé,-10.123478,1
5409,S_NOUN_1_PASS_b,F,S,la cloche avec le bracelet était ouverte <eos>,6,ouverte,ouvert,4,M,ouverte,-6.149519,ouvert,-9.43521,1
5410,S_NOUN_1_PASS_b,F,S,la cloche avec le bracelet était perdue <eos>,6,perdue,perdu,4,M,perdue,-8.272896,perdu,-10.535837,1
5411,S_NOUN_1_PASS_b,F,S,la cloche avec le bracelet était réparée <eos>,6,réparée,réparé,4,M,réparée,-8.601567,réparé,-12.745322,1
5412,S_NOUN_1_PASS_b,F,S,la cloche avec le bracelet était retirée <eos>,6,retirée,retiré,4,M,retirée,-7.7844305,retiré,-9.630675,1
5413,S_NOUN_1_PASS_b,F,S,la cloche avec le bracelet était tombée <eos>,6,tombée,tombé,4,M,tombée,-7.298889,tombé,-8.980746,1
5414,S_NOUN_1_PASS_b,F,S,la cloche avec le bracelet était utilisée <eos>,6,utilisée,utilisé,4,M,utilisée,-4.5038624,utilisé,-7.024934,1
5415,S_NOUN_1_PASS_b,F,S,la cloche avec le miroir était achetée <eos>,6,achetée,acheté,4,M,achetée,-7.5894346,acheté,-10.485728,1
5416,S_NOUN_1_PASS_b,F,S,la cloche avec le miroir était brisée <eos>,6,brisée,brisé,4,M,brisée,-5.8496456,brisé,-9.389236,1
5417,S_NOUN_1_PASS_b,F,S,la cloche avec le miroir était cachée <eos>,6,cachée,caché,4,M,cachée,-5.6955853,caché,-8.778129,1
5418,S_NOUN_1_PASS_b,F,S,la cloche avec le miroir était cassée <eos>,6,cassée,cassé,4,M,cassée,-8.205148,cassé,-9.683285,1
5419,S_NOUN_1_PASS_b,F,S,la cloche avec le miroir était couverte <eos>,6,couverte,couvert,4,M,couverte,-6.0470448,couvert,-8.438728,1
5420,S_NOUN_1_PASS_b,F,S,la cloche avec le miroir était déformée <eos>,6,déformée,déformé,4,M,déformée,-9.995154,déformé,-13.613176,1
5421,S_NOUN_1_PASS_b,F,S,la cloche avec le miroir était fixée <eos>,6,fixée,fixé,4,M,fixée,-4.8105326,fixé,-8.248003,1
5422,S_NOUN_1_PASS_b,F,S,la cloche avec le miroir était jetée <eos>,6,jetée,jeté,4,M,jetée,-8.026482,jeté,-10.592129,1
5423,S_NOUN_1_PASS_b,F,S,la cloche avec le miroir était laissée <eos>,6,laissée,laissé,4,M,laissée,-8.198371,laissé,-10.675854,1
5424,S_NOUN_1_PASS_b,F,S,la cloche avec le miroir était ouverte <eos>,6,ouverte,ouvert,4,M,ouverte,-6.0113993,ouvert,-9.755504,1
5425,S_NOUN_1_PASS_b,F,S,la cloche avec le miroir était perdue <eos>,6,perdue,perdu,4,M,perdue,-7.905492,perdu,-11.154044,1
5426,S_NOUN_1_PASS_b,F,S,la cloche avec le miroir était réparée <eos>,6,réparée,réparé,4,M,réparée,-7.411043,réparé,-11.404816,1
5427,S_NOUN_1_PASS_b,F,S,la cloche avec le miroir était retirée <eos>,6,retirée,retiré,4,M,retirée,-7.5181255,retiré,-9.983119,1
5428,S_NOUN_1_PASS_b,F,S,la cloche avec le miroir était tombée <eos>,6,tombée,tombé,4,M,tombée,-7.3309526,tombé,-9.215044,1
5429,S_NOUN_1_PASS_b,F,S,la cloche avec le miroir était utilisée <eos>,6,utilisée,utilisé,4,M,utilisée,-4.8211164,utilisé,-7.5785065,1
5430,S_NOUN_1_PASS_b,F,S,la cloche avec le crayon était achetée <eos>,6,achetée,acheté,4,M,achetée,-7.3492002,acheté,-11.12749,1
5431,S_NOUN_1_PASS_b,F,S,la cloche avec le crayon était brisée <eos>,6,brisée,brisé,4,M,brisée,-7.329128,brisé,-11.324379,1
5432,S_NOUN_1_PASS_b,F,S,la cloche avec le crayon était cachée <eos>,6,cachée,caché,4,M,cachée,-6.673912,caché,-9.7793255,1
5433,S_NOUN_1_PASS_b,F,S,la cloche avec le crayon était cassée <eos>,6,cassée,cassé,4,M,cassée,-7.6140013,cassé,-11.510276,1
5434,S_NOUN_1_PASS_b,F,S,la cloche avec le crayon était couverte <eos>,6,couverte,couvert,4,M,couverte,-6.3999996,couvert,-9.181614,1
5435,S_NOUN_1_PASS_b,F,S,la cloche avec le crayon était déformée <eos>,6,déformée,déformé,4,M,déformée,-9.570117,déformé,-13.78226,1
5436,S_NOUN_1_PASS_b,F,S,la cloche avec le crayon était fixée <eos>,6,fixée,fixé,4,M,fixée,-5.1290855,fixé,-9.018343,1
5437,S_NOUN_1_PASS_b,F,S,la cloche avec le crayon était jetée <eos>,6,jetée,jeté,4,M,jetée,-7.652458,jeté,-10.990795,1
5438,S_NOUN_1_PASS_b,F,S,la cloche avec le crayon était laissée <eos>,6,laissée,laissé,4,M,laissée,-6.9501467,laissé,-10.666271,1
5439,S_NOUN_1_PASS_b,F,S,la cloche avec le crayon était ouverte <eos>,6,ouverte,ouvert,4,M,ouverte,-5.8984766,ouvert,-9.977466,1
5440,S_NOUN_1_PASS_b,F,S,la cloche avec le crayon était perdue <eos>,6,perdue,perdu,4,M,perdue,-7.570042,perdu,-10.717497,1
5441,S_NOUN_1_PASS_b,F,S,la cloche avec le crayon était réparée <eos>,6,réparée,réparé,4,M,réparée,-8.370837,réparé,-12.735779,1
5442,S_NOUN_1_PASS_b,F,S,la cloche avec le crayon était retirée <eos>,6,retirée,retiré,4,M,retirée,-7.879466,retiré,-10.050743,1
5443,S_NOUN_1_PASS_b,F,S,la cloche avec le crayon était tombée <eos>,6,tombée,tombé,4,M,tombée,-6.7810583,tombé,-8.951821,1
5444,S_NOUN_1_PASS_b,F,S,la cloche avec le crayon était utilisée <eos>,6,utilisée,utilisé,4,M,utilisée,-3.517546,utilisé,-6.9423647,1
5445,S_NOUN_1_PASS_b,F,S,la cloche avec le rideau était achetée <eos>,6,achetée,acheté,4,M,achetée,-8.247822,acheté,-10.89216,1
5446,S_NOUN_1_PASS_b,F,S,la cloche avec le rideau était brisée <eos>,6,brisée,brisé,4,M,brisée,-5.5032945,brisé,-8.722683,1
5447,S_NOUN_1_PASS_b,F,S,la cloche avec le rideau était cachée <eos>,6,cachée,caché,4,M,cachée,-6.3567257,caché,-8.851283,1
5448,S_NOUN_1_PASS_b,F,S,la cloche avec le rideau était cassée <eos>,6,cassée,cassé,4,M,cassée,-8.293749,cassé,-9.135853,1
5449,S_NOUN_1_PASS_b,F,S,la cloche avec le rideau était couverte <eos>,6,couverte,couvert,4,M,couverte,-6.144603,couvert,-7.716017,1
5450,S_NOUN_1_PASS_b,F,S,la cloche avec le rideau était déformée <eos>,6,déformée,déformé,4,M,déformée,-9.904651,déformé,-13.120826,1
5451,S_NOUN_1_PASS_b,F,S,la cloche avec le rideau était fixée <eos>,6,fixée,fixé,4,M,fixée,-4.710868,fixé,-8.442919,1
5452,S_NOUN_1_PASS_b,F,S,la cloche avec le rideau était jetée <eos>,6,jetée,jeté,4,M,jetée,-8.016438,jeté,-10.096204,1
5453,S_NOUN_1_PASS_b,F,S,la cloche avec le rideau était laissée <eos>,6,laissée,laissé,4,M,laissée,-7.7670555,laissé,-10.305435,1
5454,S_NOUN_1_PASS_b,F,S,la cloche avec le rideau était ouverte <eos>,6,ouverte,ouvert,4,M,ouverte,-5.997828,ouvert,-8.891933,1
5455,S_NOUN_1_PASS_b,F,S,la cloche avec le rideau était perdue <eos>,6,perdue,perdu,4,M,perdue,-9.068069,perdu,-11.018152,1
5456,S_NOUN_1_PASS_b,F,S,la cloche avec le rideau était réparée <eos>,6,réparée,réparé,4,M,réparée,-7.815839,réparé,-10.455975,1
5457,S_NOUN_1_PASS_b,F,S,la cloche avec le rideau était retirée <eos>,6,retirée,retiré,4,M,retirée,-6.5316205,retiré,-9.023806,1
5458,S_NOUN_1_PASS_b,F,S,la cloche avec le rideau était tombée <eos>,6,tombée,tombé,4,M,tombée,-6.6701317,tombé,-7.8518887,1
5459,S_NOUN_1_PASS_b,F,S,la cloche avec le rideau était utilisée <eos>,6,utilisée,utilisé,4,M,utilisée,-4.6364427,utilisé,-7.233208,1
5460,S_NOUN_1_PASS_b,F,S,la cloche avec le cahier était achetée <eos>,6,achetée,acheté,4,M,achetée,-7.686323,acheté,-10.08506,1
5461,S_NOUN_1_PASS_b,F,S,la cloche avec le cahier était brisée <eos>,6,brisée,brisé,4,M,brisée,-6.9712276,brisé,-9.743412,1
5462,S_NOUN_1_PASS_b,F,S,la cloche avec le cahier était cachée <eos>,6,cachée,caché,4,M,cachée,-7.8080883,caché,-9.268893,1
5463,S_NOUN_1_PASS_b,F,S,la cloche avec le cahier était cassée <eos>,6,cassée,cassé,4,M,cassée,-9.614299,cassé,-10.706791,1
5464,S_NOUN_1_PASS_b,F,S,la cloche avec le cahier était couverte <eos>,6,couverte,couvert,4,M,couverte,-7.0389166,couvert,-7.7099066,1
5465,S_NOUN_1_PASS_b,F,S,la cloche avec le cahier était déformée <eos>,6,déformée,déformé,4,M,déformée,-10.815648,déformé,-13.222526,1
5466,S_NOUN_1_PASS_b,F,S,la cloche avec le cahier était fixée <eos>,6,fixée,fixé,4,M,fixée,-4.538246,fixé,-7.7630672,1
5467,S_NOUN_1_PASS_b,F,S,la cloche avec le cahier était jetée <eos>,6,jetée,jeté,4,M,jetée,-8.538284,jeté,-10.308819,1
5468,S_NOUN_1_PASS_b,F,S,la cloche avec le cahier était laissée <eos>,6,laissée,laissé,4,M,laissée,-8.43718,laissé,-10.086918,1
5469,S_NOUN_1_PASS_b,F,S,la cloche avec le cahier était ouverte <eos>,6,ouverte,ouvert,4,M,ouverte,-6.0212917,ouvert,-8.054804,1
5470,S_NOUN_1_PASS_b,F,S,la cloche avec le cahier était perdue <eos>,6,perdue,perdu,4,M,perdue,-8.101125,perdu,-8.955011,1
5471,S_NOUN_1_PASS_b,F,S,la cloche avec le cahier était réparée <eos>,6,réparée,réparé,4,M,réparée,-7.428037,réparé,-11.060745,1
5472,S_NOUN_1_PASS_b,F,S,la cloche avec le cahier était retirée <eos>,6,retirée,retiré,4,M,retirée,-7.2928195,retiré,-7.466704,1
5473,S_NOUN_1_PASS_b,F,S,la cloche avec le cahier était tombée <eos>,6,tombée,tombé,4,M,tombée,-6.95304,tombé,-7.9649363,1
5474,S_NOUN_1_PASS_b,F,S,la cloche avec le cahier était utilisée <eos>,6,utilisée,utilisé,4,M,utilisée,-4.7724843,utilisé,-6.411629,1
5475,S_NOUN_1_PASS_b,F,S,la cloche avec le micro était achetée <eos>,6,achetée,acheté,4,M,achetée,-8.206989,acheté,-11.188931,1
5476,S_NOUN_1_PASS_b,F,S,la cloche avec le micro était brisée <eos>,6,brisée,brisé,4,M,brisée,-6.8612843,brisé,-9.23416,1
5477,S_NOUN_1_PASS_b,F,S,la cloche avec le micro était cachée <eos>,6,cachée,caché,4,M,cachée,-6.920681,caché,-9.167467,1
5478,S_NOUN_1_PASS_b,F,S,la cloche avec le micro était cassée <eos>,6,cassée,cassé,4,M,cassée,-7.2750535,cassé,-9.150783,1
5479,S_NOUN_1_PASS_b,F,S,la cloche avec le micro était couverte <eos>,6,couverte,couvert,4,M,couverte,-6.750005,couvert,-8.218135,1
5480,S_NOUN_1_PASS_b,F,S,la cloche avec le micro était déformée <eos>,6,déformée,déformé,4,M,déformée,-10.026635,déformé,-13.585251,1
5481,S_NOUN_1_PASS_b,F,S,la cloche avec le micro était fixée <eos>,6,fixée,fixé,4,M,fixée,-4.949747,fixé,-8.387566,1
5482,S_NOUN_1_PASS_b,F,S,la cloche avec le micro était jetée <eos>,6,jetée,jeté,4,M,jetée,-7.875553,jeté,-10.47768,1
5483,S_NOUN_1_PASS_b,F,S,la cloche avec le micro était laissée <eos>,6,laissée,laissé,4,M,laissée,-7.8290653,laissé,-10.495968,1
5484,S_NOUN_1_PASS_b,F,S,la cloche avec le micro était ouverte <eos>,6,ouverte,ouvert,4,M,ouverte,-6.48639,ouvert,-9.502979,1
5485,S_NOUN_1_PASS_b,F,S,la cloche avec le micro était perdue <eos>,6,perdue,perdu,4,M,perdue,-8.395231,perdu,-10.815947,1
5486,S_NOUN_1_PASS_b,F,S,la cloche avec le micro était réparée <eos>,6,réparée,réparé,4,M,réparée,-7.632017,réparé,-11.186871,1
5487,S_NOUN_1_PASS_b,F,S,la cloche avec le micro était retirée <eos>,6,retirée,retiré,4,M,retirée,-7.436924,retiré,-9.2381735,1
5488,S_NOUN_1_PASS_b,F,S,la cloche avec le micro était tombée <eos>,6,tombée,tombé,4,M,tombée,-7.188607,tombé,-8.597717,1
5489,S_NOUN_1_PASS_b,F,S,la cloche avec le micro était utilisée <eos>,6,utilisée,utilisé,4,M,utilisée,-4.8537445,utilisé,-7.319309,1
5490,S_NOUN_1_PASS_b,F,S,la cloche avec le sac était achetée <eos>,6,achetée,acheté,4,M,achetée,-7.0913515,acheté,-10.38428,1
5491,S_NOUN_1_PASS_b,F,S,la cloche avec le sac était brisée <eos>,6,brisée,brisé,4,M,brisée,-6.302453,brisé,-10.004893,1
5492,S_NOUN_1_PASS_b,F,S,la cloche avec le sac était cachée <eos>,6,cachée,caché,4,M,cachée,-5.6932654,caché,-8.631296,1
5493,S_NOUN_1_PASS_b,F,S,la cloche avec le sac était cassée <eos>,6,cassée,cassé,4,M,cassée,-6.674098,cassé,-9.952469,1
5494,S_NOUN_1_PASS_b,F,S,la cloche avec le sac était couverte <eos>,6,couverte,couvert,4,M,couverte,-5.532647,couvert,-8.029641,1
5495,S_NOUN_1_PASS_b,F,S,la cloche avec le sac était déformée <eos>,6,déformée,déformé,4,M,déformée,-9.876311,déformé,-13.597899,1
5496,S_NOUN_1_PASS_b,F,S,la cloche avec le sac était fixée <eos>,6,fixée,fixé,4,M,fixée,-4.1159153,fixé,-8.08846,1
5497,S_NOUN_1_PASS_b,F,S,la cloche avec le sac était jetée <eos>,6,jetée,jeté,4,M,jetée,-6.6040964,jeté,-9.891038,1
5498,S_NOUN_1_PASS_b,F,S,la cloche avec le sac était laissée <eos>,6,laissée,laissé,4,M,laissée,-6.7623277,laissé,-9.655823,1
5499,S_NOUN_1_PASS_b,F,S,la cloche avec le sac était ouverte <eos>,6,ouverte,ouvert,4,M,ouverte,-5.373617,ouvert,-9.183116,1
5500,S_NOUN_1_PASS_b,F,S,la cloche avec le sac était perdue <eos>,6,perdue,perdu,4,M,perdue,-7.48696,perdu,-10.484247,1
5501,S_NOUN_1_PASS_b,F,S,la cloche avec le sac était réparée <eos>,6,réparée,réparé,4,M,réparée,-7.351385,réparé,-10.967754,1
5502,S_NOUN_1_PASS_b,F,S,la cloche avec le sac était retirée <eos>,6,retirée,retiré,4,M,retirée,-6.6471305,retiré,-8.961409,1
5503,S_NOUN_1_PASS_b,F,S,la cloche avec le sac était tombée <eos>,6,tombée,tombé,4,M,tombée,-6.5985966,tombé,-8.799328,1
5504,S_NOUN_1_PASS_b,F,S,la cloche avec le sac était utilisée <eos>,6,utilisée,utilisé,4,M,utilisée,-4.511634,utilisé,-7.7159224,1
5505,S_NOUN_1_PASS_b,F,S,la cloche avec le clavier était achetée <eos>,6,achetée,acheté,4,M,achetée,-8.848942,acheté,-11.05332,1
5506,S_NOUN_1_PASS_b,F,S,la cloche avec le clavier était brisée <eos>,6,brisée,brisé,4,M,brisée,-7.438794,brisé,-10.815336,1
5507,S_NOUN_1_PASS_b,F,S,la cloche avec le clavier était cachée <eos>,6,cachée,caché,4,M,cachée,-6.206542,caché,-9.17216,1
5508,S_NOUN_1_PASS_b,F,S,la cloche avec le clavier était cassée <eos>,6,cassée,cassé,4,M,cassée,-7.581597,cassé,-10.282809,1
5509,S_NOUN_1_PASS_b,F,S,la cloche avec le clavier était couverte <eos>,6,couverte,couvert,4,M,couverte,-6.148108,couvert,-8.911674,1
5510,S_NOUN_1_PASS_b,F,S,la cloche avec le clavier était déformée <eos>,6,déformée,déformé,4,M,déformée,-9.476966,déformé,-14.107389,1
5511,S_NOUN_1_PASS_b,F,S,la cloche avec le clavier était fixée <eos>,6,fixée,fixé,4,M,fixée,-4.392539,fixé,-8.105678,1
5512,S_NOUN_1_PASS_b,F,S,la cloche avec le clavier était jetée <eos>,6,jetée,jeté,4,M,jetée,-9.561773,jeté,-11.546555,1
5513,S_NOUN_1_PASS_b,F,S,la cloche avec le clavier était laissée <eos>,6,laissée,laissé,4,M,laissée,-8.262895,laissé,-10.633085,1
5514,S_NOUN_1_PASS_b,F,S,la cloche avec le clavier était ouverte <eos>,6,ouverte,ouvert,4,M,ouverte,-5.64032,ouvert,-8.768279,1
5515,S_NOUN_1_PASS_b,F,S,la cloche avec le clavier était perdue <eos>,6,perdue,perdu,4,M,perdue,-8.239786,perdu,-11.180359,1
5516,S_NOUN_1_PASS_b,F,S,la cloche avec le clavier était réparée <eos>,6,réparée,réparé,4,M,réparée,-7.9119806,réparé,-12.522371,1
5517,S_NOUN_1_PASS_b,F,S,la cloche avec le clavier était retirée <eos>,6,retirée,retiré,4,M,retirée,-7.968316,retiré,-9.612953,1
5518,S_NOUN_1_PASS_b,F,S,la cloche avec le clavier était tombée <eos>,6,tombée,tombé,4,M,tombée,-7.3991833,tombé,-9.176556,1
5519,S_NOUN_1_PASS_b,F,S,la cloche avec le clavier était utilisée <eos>,6,utilisée,utilisé,4,M,utilisée,-4.443943,utilisé,-7.078722,1
5520,S_NOUN_1_PASS_b,F,S,la cloche avec le raisin était achetée <eos>,6,achetée,acheté,4,M,achetée,-7.104424,acheté,-10.056112,1
5521,S_NOUN_1_PASS_b,F,S,la cloche avec le raisin était brisée <eos>,6,brisée,brisé,4,M,brisée,-7.18038,brisé,-11.884942,1
5522,S_NOUN_1_PASS_b,F,S,la cloche avec le raisin était cachée <eos>,6,cachée,caché,4,M,cachée,-8.051464,caché,-10.599734,1
5523,S_NOUN_1_PASS_b,F,S,la cloche avec le raisin était cassée <eos>,6,cassée,cassé,4,M,cassée,-7.9261675,cassé,-10.559942,1
5524,S_NOUN_1_PASS_b,F,S,la cloche avec le raisin était couverte <eos>,6,couverte,couvert,4,M,couverte,-6.499735,couvert,-8.599424,1
5525,S_NOUN_1_PASS_b,F,S,la cloche avec le raisin était déformée <eos>,6,déformée,déformé,4,M,déformée,-10.584659,déformé,-14.120785,1
5526,S_NOUN_1_PASS_b,F,S,la cloche avec le raisin était fixée <eos>,6,fixée,fixé,4,M,fixée,-4.576615,fixé,-8.715933,1
5527,S_NOUN_1_PASS_b,F,S,la cloche avec le raisin était jetée <eos>,6,jetée,jeté,4,M,jetée,-6.3893194,jeté,-10.284683,1
5528,S_NOUN_1_PASS_b,F,S,la cloche avec le raisin était laissée <eos>,6,laissée,laissé,4,M,laissée,-7.4712725,laissé,-10.3299055,1
5529,S_NOUN_1_PASS_b,F,S,la cloche avec le raisin était ouverte <eos>,6,ouverte,ouvert,4,M,ouverte,-6.4497976,ouvert,-10.097118,1
5530,S_NOUN_1_PASS_b,F,S,la cloche avec le raisin était perdue <eos>,6,perdue,perdu,4,M,perdue,-7.916558,perdu,-10.785242,1
5531,S_NOUN_1_PASS_b,F,S,la cloche avec le raisin était réparée <eos>,6,réparée,réparé,4,M,réparée,-8.637755,réparé,-11.674764,1
5532,S_NOUN_1_PASS_b,F,S,la cloche avec le raisin était retirée <eos>,6,retirée,retiré,4,M,retirée,-7.2528086,retiré,-9.731952,1
5533,S_NOUN_1_PASS_b,F,S,la cloche avec le raisin était tombée <eos>,6,tombée,tombé,4,M,tombée,-6.307646,tombé,-9.390767,1
5534,S_NOUN_1_PASS_b,F,S,la cloche avec le raisin était utilisée <eos>,6,utilisée,utilisé,4,M,utilisée,-3.7558827,utilisé,-7.0681005,1
5535,S_NOUN_1_PASS_b,F,S,la cloche avec le chargeur était achetée <eos>,6,achetée,acheté,4,M,achetée,-8.749119,acheté,-10.860181,1
5536,S_NOUN_1_PASS_b,F,S,la cloche avec le chargeur était brisée <eos>,6,brisée,brisé,4,M,brisée,-7.14881,brisé,-9.973524,1
5537,S_NOUN_1_PASS_b,F,S,la cloche avec le chargeur était cachée <eos>,6,cachée,caché,4,M,cachée,-6.7044454,caché,-9.544338,1
5538,S_NOUN_1_PASS_b,F,S,la cloche avec le chargeur était cassée <eos>,6,cassée,cassé,4,M,cassée,-7.1816425,cassé,-10.23458,1
5539,S_NOUN_1_PASS_b,F,S,la cloche avec le chargeur était couverte <eos>,6,couverte,couvert,4,M,couverte,-6.5132647,couvert,-8.416383,1
5540,S_NOUN_1_PASS_b,F,S,la cloche avec le chargeur était déformée <eos>,6,déformée,déformé,4,M,déformée,-10.321768,déformé,-13.801333,1
5541,S_NOUN_1_PASS_b,F,S,la cloche avec le chargeur était fixée <eos>,6,fixée,fixé,4,M,fixée,-5.0913296,fixé,-8.58067,1
5542,S_NOUN_1_PASS_b,F,S,la cloche avec le chargeur était jetée <eos>,6,jetée,jeté,4,M,jetée,-7.6014166,jeté,-10.782968,1
5543,S_NOUN_1_PASS_b,F,S,la cloche avec le chargeur était laissée <eos>,6,laissée,laissé,4,M,laissée,-8.423354,laissé,-10.343644,1
5544,S_NOUN_1_PASS_b,F,S,la cloche avec le chargeur était ouverte <eos>,6,ouverte,ouvert,4,M,ouverte,-6.226058,ouvert,-9.706429,1
5545,S_NOUN_1_PASS_b,F,S,la cloche avec le chargeur était perdue <eos>,6,perdue,perdu,4,M,perdue,-8.666443,perdu,-10.203862,1
5546,S_NOUN_1_PASS_b,F,S,la cloche avec le chargeur était réparée <eos>,6,réparée,réparé,4,M,réparée,-6.757635,réparé,-11.406334,1
5547,S_NOUN_1_PASS_b,F,S,la cloche avec le chargeur était retirée <eos>,6,retirée,retiré,4,M,retirée,-7.2245197,retiré,-8.95782,1
5548,S_NOUN_1_PASS_b,F,S,la cloche avec le chargeur était tombée <eos>,6,tombée,tombé,4,M,tombée,-8.109839,tombé,-9.464049,1
5549,S_NOUN_1_PASS_b,F,S,la cloche avec le chargeur était utilisée <eos>,6,utilisée,utilisé,4,M,utilisée,-4.689296,utilisé,-7.482687,1
5550,S_NOUN_1_PASS_b,F,S,la cloche avec le vase était achetée <eos>,6,achetée,acheté,4,M,achetée,-7.9009147,acheté,-10.694061,1
5551,S_NOUN_1_PASS_b,F,S,la cloche avec le vase était brisée <eos>,6,brisée,brisé,4,M,brisée,-5.971245,brisé,-9.590225,1
5552,S_NOUN_1_PASS_b,F,S,la cloche avec le vase était cachée <eos>,6,cachée,caché,4,M,cachée,-6.2835474,caché,-9.451594,1
5553,S_NOUN_1_PASS_b,F,S,la cloche avec le vase était cassée <eos>,6,cassée,cassé,4,M,cassée,-7.4263163,cassé,-10.479767,1
5554,S_NOUN_1_PASS_b,F,S,la cloche avec le vase était couverte <eos>,6,couverte,couvert,4,M,couverte,-5.2083416,couvert,-7.75284,1
5555,S_NOUN_1_PASS_b,F,S,la cloche avec le vase était déformée <eos>,6,déformée,déformé,4,M,déformée,-10.350851,déformé,-13.873848,1
5556,S_NOUN_1_PASS_b,F,S,la cloche avec le vase était fixée <eos>,6,fixée,fixé,4,M,fixée,-4.680552,fixé,-8.794517,1
5557,S_NOUN_1_PASS_b,F,S,la cloche avec le vase était jetée <eos>,6,jetée,jeté,4,M,jetée,-7.3961744,jeté,-10.121258,1
5558,S_NOUN_1_PASS_b,F,S,la cloche avec le vase était laissée <eos>,6,laissée,laissé,4,M,laissée,-7.5114822,laissé,-9.80209,1
5559,S_NOUN_1_PASS_b,F,S,la cloche avec le vase était ouverte <eos>,6,ouverte,ouvert,4,M,ouverte,-6.052987,ouvert,-9.549713,1
5560,S_NOUN_1_PASS_b,F,S,la cloche avec le vase était perdue <eos>,6,perdue,perdu,4,M,perdue,-7.3319106,perdu,-9.879778,1
5561,S_NOUN_1_PASS_b,F,S,la cloche avec le vase était réparée <eos>,6,réparée,réparé,4,M,réparée,-7.123608,réparé,-10.990145,1
5562,S_NOUN_1_PASS_b,F,S,la cloche avec le vase était retirée <eos>,6,retirée,retiré,4,M,retirée,-7.09363,retiré,-9.877052,1
5563,S_NOUN_1_PASS_b,F,S,la cloche avec le vase était tombée <eos>,6,tombée,tombé,4,M,tombée,-6.5837855,tombé,-9.451843,1
5564,S_NOUN_1_PASS_b,F,S,la cloche avec le vase était utilisée <eos>,6,utilisée,utilisé,4,M,utilisée,-4.4646597,utilisé,-7.596533,1
5565,S_NOUN_1_PASS_b,F,S,la cloche avec le panier était achetée <eos>,6,achetée,acheté,4,M,achetée,-8.774102,acheté,-10.99095,1
5566,S_NOUN_1_PASS_b,F,S,la cloche avec le panier était brisée <eos>,6,brisée,brisé,4,M,brisée,-6.741561,brisé,-9.549497,1
5567,S_NOUN_1_PASS_b,F,S,la cloche avec le panier était cachée <eos>,6,cachée,caché,4,M,cachée,-6.7863154,caché,-9.104523,1
5568,S_NOUN_1_PASS_b,F,S,la cloche avec le panier était cassée <eos>,6,cassée,cassé,4,M,cassée,-7.2742405,cassé,-9.772575,1
5569,S_NOUN_1_PASS_b,F,S,la cloche avec le panier était couverte <eos>,6,couverte,couvert,4,M,couverte,-6.4284716,couvert,-7.939885,1
5570,S_NOUN_1_PASS_b,F,S,la cloche avec le panier était déformée <eos>,6,déformée,déformé,4,M,déformée,-10.352968,déformé,-14.0729065,1
5571,S_NOUN_1_PASS_b,F,S,la cloche avec le panier était fixée <eos>,6,fixée,fixé,4,M,fixée,-5.486519,fixé,-8.163833,1
5572,S_NOUN_1_PASS_b,F,S,la cloche avec le panier était jetée <eos>,6,jetée,jeté,4,M,jetée,-7.5630865,jeté,-10.793257,1
5573,S_NOUN_1_PASS_b,F,S,la cloche avec le panier était laissée <eos>,6,laissée,laissé,4,M,laissée,-7.3313465,laissé,-10.117397,1
5574,S_NOUN_1_PASS_b,F,S,la cloche avec le panier était ouverte <eos>,6,ouverte,ouvert,4,M,ouverte,-6.3232303,ouvert,-9.173544,1
5575,S_NOUN_1_PASS_b,F,S,la cloche avec le panier était perdue <eos>,6,perdue,perdu,4,M,perdue,-8.971228,perdu,-11.057681,1
5576,S_NOUN_1_PASS_b,F,S,la cloche avec le panier était réparée <eos>,6,réparée,réparé,4,M,réparée,-7.753126,réparé,-11.230808,1
5577,S_NOUN_1_PASS_b,F,S,la cloche avec le panier était retirée <eos>,6,retirée,retiré,4,M,retirée,-7.3718567,retiré,-9.304057,1
5578,S_NOUN_1_PASS_b,F,S,la cloche avec le panier était tombée <eos>,6,tombée,tombé,4,M,tombée,-7.860757,tombé,-9.037485,1
5579,S_NOUN_1_PASS_b,F,S,la cloche avec le panier était utilisée <eos>,6,utilisée,utilisé,4,M,utilisée,-4.7100773,utilisé,-7.0905495,1
5580,S_NOUN_1_PASS_b,F,S,la cloche avec le collier était achetée <eos>,6,achetée,acheté,4,M,achetée,-7.691036,acheté,-11.085803,1
5581,S_NOUN_1_PASS_b,F,S,la cloche avec le collier était brisée <eos>,6,brisée,brisé,4,M,brisée,-6.6335883,brisé,-9.845057,1
5582,S_NOUN_1_PASS_b,F,S,la cloche avec le collier était cachée <eos>,6,cachée,caché,4,M,cachée,-6.620268,caché,-9.209172,1
5583,S_NOUN_1_PASS_b,F,S,la cloche avec le collier était cassée <eos>,6,cassée,cassé,4,M,cassée,-8.337292,cassé,-10.041759,1
5584,S_NOUN_1_PASS_b,F,S,la cloche avec le collier était couverte <eos>,6,couverte,couvert,4,M,couverte,-6.5998926,couvert,-8.545093,1
5585,S_NOUN_1_PASS_b,F,S,la cloche avec le collier était déformée <eos>,6,déformée,déformé,4,M,déformée,-10.756203,déformé,-13.55615,1
5586,S_NOUN_1_PASS_b,F,S,la cloche avec le collier était fixée <eos>,6,fixée,fixé,4,M,fixée,-5.014414,fixé,-8.52171,1
5587,S_NOUN_1_PASS_b,F,S,la cloche avec le collier était jetée <eos>,6,jetée,jeté,4,M,jetée,-8.526606,jeté,-10.555216,1
5588,S_NOUN_1_PASS_b,F,S,la cloche avec le collier était laissée <eos>,6,laissée,laissé,4,M,laissée,-8.237983,laissé,-10.452607,1
5589,S_NOUN_1_PASS_b,F,S,la cloche avec le collier était ouverte <eos>,6,ouverte,ouvert,4,M,ouverte,-6.264822,ouvert,-10.251598,1
5590,S_NOUN_1_PASS_b,F,S,la cloche avec le collier était perdue <eos>,6,perdue,perdu,4,M,perdue,-8.315338,perdu,-11.100412,1
5591,S_NOUN_1_PASS_b,F,S,la cloche avec le collier était réparée <eos>,6,réparée,réparé,4,M,réparée,-8.573981,réparé,-12.59875,1
5592,S_NOUN_1_PASS_b,F,S,la cloche avec le collier était retirée <eos>,6,retirée,retiré,4,M,retirée,-7.104179,retiré,-9.077797,1
5593,S_NOUN_1_PASS_b,F,S,la cloche avec le collier était tombée <eos>,6,tombée,tombé,4,M,tombée,-7.4990497,tombé,-9.18775,1
5594,S_NOUN_1_PASS_b,F,S,la cloche avec le collier était utilisée <eos>,6,utilisée,utilisé,4,M,utilisée,-4.5036736,utilisé,-7.4083424,1
5595,S_NOUN_1_PASS_b,F,S,la cloche avec le chapeau était achetée <eos>,6,achetée,acheté,4,M,achetée,-7.8349977,acheté,-10.317719,1
5596,S_NOUN_1_PASS_b,F,S,la cloche avec le chapeau était brisée <eos>,6,brisée,brisé,4,M,brisée,-6.227139,brisé,-10.6439,1
5597,S_NOUN_1_PASS_b,F,S,la cloche avec le chapeau était cachée <eos>,6,cachée,caché,4,M,cachée,-6.862257,caché,-9.550539,1
5598,S_NOUN_1_PASS_b,F,S,la cloche avec le chapeau était cassée <eos>,6,cassée,cassé,4,M,cassée,-7.3366594,cassé,-9.747253,1
5599,S_NOUN_1_PASS_b,F,S,la cloche avec le chapeau était couverte <eos>,6,couverte,couvert,4,M,couverte,-5.5122576,couvert,-8.459684,1
5600,S_NOUN_1_PASS_b,F,S,la cloche avec le chapeau était déformée <eos>,6,déformée,déformé,4,M,déformée,-9.512728,déformé,-12.565998,1
5601,S_NOUN_1_PASS_b,F,S,la cloche avec le chapeau était fixée <eos>,6,fixée,fixé,4,M,fixée,-4.9801073,fixé,-8.317991,1
5602,S_NOUN_1_PASS_b,F,S,la cloche avec le chapeau était jetée <eos>,6,jetée,jeté,4,M,jetée,-8.172388,jeté,-10.220286,1
5603,S_NOUN_1_PASS_b,F,S,la cloche avec le chapeau était laissée <eos>,6,laissée,laissé,4,M,laissée,-7.9467845,laissé,-10.260414,1
5604,S_NOUN_1_PASS_b,F,S,la cloche avec le chapeau était ouverte <eos>,6,ouverte,ouvert,4,M,ouverte,-5.93676,ouvert,-10.131735,1
5605,S_NOUN_1_PASS_b,F,S,la cloche avec le chapeau était perdue <eos>,6,perdue,perdu,4,M,perdue,-8.666083,perdu,-10.729979,1
5606,S_NOUN_1_PASS_b,F,S,la cloche avec le chapeau était réparée <eos>,6,réparée,réparé,4,M,réparée,-8.220628,réparé,-12.369741,1
5607,S_NOUN_1_PASS_b,F,S,la cloche avec le chapeau était retirée <eos>,6,retirée,retiré,4,M,retirée,-7.0221534,retiré,-8.827375,1
5608,S_NOUN_1_PASS_b,F,S,la cloche avec le chapeau était tombée <eos>,6,tombée,tombé,4,M,tombée,-7.0417156,tombé,-8.621565,1
5609,S_NOUN_1_PASS_b,F,S,la cloche avec le chapeau était utilisée <eos>,6,utilisée,utilisé,4,M,utilisée,-4.2954826,utilisé,-7.3015394,1
5610,S_NOUN_1_PASS_b,F,S,la cloche avec le pot était achetée <eos>,6,achetée,acheté,4,M,achetée,-7.4629173,acheté,-9.957515,1
5611,S_NOUN_1_PASS_b,F,S,la cloche avec le pot était brisée <eos>,6,brisée,brisé,4,M,brisée,-6.4325,brisé,-8.969506,1
5612,S_NOUN_1_PASS_b,F,S,la cloche avec le pot était cachée <eos>,6,cachée,caché,4,M,cachée,-6.596223,caché,-8.918466,1
5613,S_NOUN_1_PASS_b,F,S,la cloche avec le pot était cassée <eos>,6,cassée,cassé,4,M,cassée,-8.171923,cassé,-9.763595,1
5614,S_NOUN_1_PASS_b,F,S,la cloche avec le pot était couverte <eos>,6,couverte,couvert,4,M,couverte,-6.739745,couvert,-7.3861275,1
5615,S_NOUN_1_PASS_b,F,S,la cloche avec le pot était déformée <eos>,6,déformée,déformé,4,M,déformée,-10.285263,déformé,-12.775701,1
5616,S_NOUN_1_PASS_b,F,S,la cloche avec le pot était fixée <eos>,6,fixée,fixé,4,M,fixée,-4.6297436,fixé,-7.7600822,1
5617,S_NOUN_1_PASS_b,F,S,la cloche avec le pot était jetée <eos>,6,jetée,jeté,4,M,jetée,-6.8648214,jeté,-9.610534,1
5618,S_NOUN_1_PASS_b,F,S,la cloche avec le pot était laissée <eos>,6,laissée,laissé,4,M,laissée,-7.614444,laissé,-9.781812,1
5619,S_NOUN_1_PASS_b,F,S,la cloche avec le pot était ouverte <eos>,6,ouverte,ouvert,4,M,ouverte,-6.4208136,ouvert,-8.811545,1
5620,S_NOUN_1_PASS_b,F,S,la cloche avec le pot était perdue <eos>,6,perdue,perdu,4,M,perdue,-8.157122,perdu,-10.185944,1
5621,S_NOUN_1_PASS_b,F,S,la cloche avec le pot était réparée <eos>,6,réparée,réparé,4,M,réparée,-7.5948706,réparé,-10.443939,1
5622,S_NOUN_1_PASS_b,F,S,la cloche avec le pot était retirée <eos>,6,retirée,retiré,4,M,retirée,-6.9336014,retiré,-8.364055,1
5623,S_NOUN_1_PASS_b,F,S,la cloche avec le pot était tombée <eos>,6,tombée,tombé,4,M,tombée,-6.370049,tombé,-8.527782,1
5624,S_NOUN_1_PASS_b,F,S,la cloche avec le pot était utilisée <eos>,6,utilisée,utilisé,4,M,utilisée,-4.528927,utilisé,-6.7684364,1
5625,S_NOUN_1_PASS_b,F,S,la cloche avec le coussin était achetée <eos>,6,achetée,acheté,4,M,achetée,-8.876838,acheté,-11.513881,1
5626,S_NOUN_1_PASS_b,F,S,la cloche avec le coussin était brisée <eos>,6,brisée,brisé,4,M,brisée,-6.0707626,brisé,-9.942447,1
5627,S_NOUN_1_PASS_b,F,S,la cloche avec le coussin était cachée <eos>,6,cachée,caché,4,M,cachée,-6.3136005,caché,-8.939023,1
5628,S_NOUN_1_PASS_b,F,S,la cloche avec le coussin était cassée <eos>,6,cassée,cassé,4,M,cassée,-6.8803463,cassé,-9.6576395,1
5629,S_NOUN_1_PASS_b,F,S,la cloche avec le coussin était couverte <eos>,6,couverte,couvert,4,M,couverte,-5.4208403,couvert,-7.8744564,1
5630,S_NOUN_1_PASS_b,F,S,la cloche avec le coussin était déformée <eos>,6,déformée,déformé,4,M,déformée,-10.47055,déformé,-13.401439,1
5631,S_NOUN_1_PASS_b,F,S,la cloche avec le coussin était fixée <eos>,6,fixée,fixé,4,M,fixée,-4.052812,fixé,-8.147846,1
5632,S_NOUN_1_PASS_b,F,S,la cloche avec le coussin était jetée <eos>,6,jetée,jeté,4,M,jetée,-8.504023,jeté,-10.850728,1
5633,S_NOUN_1_PASS_b,F,S,la cloche avec le coussin était laissée <eos>,6,laissée,laissé,4,M,laissée,-8.115726,laissé,-10.238937,1
5634,S_NOUN_1_PASS_b,F,S,la cloche avec le coussin était ouverte <eos>,6,ouverte,ouvert,4,M,ouverte,-5.347252,ouvert,-9.567518,1
5635,S_NOUN_1_PASS_b,F,S,la cloche avec le coussin était perdue <eos>,6,perdue,perdu,4,M,perdue,-9.646089,perdu,-11.653898,1
5636,S_NOUN_1_PASS_b,F,S,la cloche avec le coussin était réparée <eos>,6,réparée,réparé,4,M,réparée,-7.9040008,réparé,-12.755512,1
5637,S_NOUN_1_PASS_b,F,S,la cloche avec le coussin était retirée <eos>,6,retirée,retiré,4,M,retirée,-7.8607006,retiré,-10.018362,1
5638,S_NOUN_1_PASS_b,F,S,la cloche avec le coussin était tombée <eos>,6,tombée,tombé,4,M,tombée,-8.6989355,tombé,-10.293803,1
5639,S_NOUN_1_PASS_b,F,S,la cloche avec le coussin était utilisée <eos>,6,utilisée,utilisé,4,M,utilisée,-5.099754,utilisé,-7.73788,1
5640,S_NOUN_1_PASS_b,F,S,la cloche avec le jouet était achetée <eos>,6,achetée,acheté,4,M,achetée,-7.3757157,acheté,-10.594757,1
5641,S_NOUN_1_PASS_b,F,S,la cloche avec le jouet était brisée <eos>,6,brisée,brisé,4,M,brisée,-6.9722366,brisé,-9.891324,1
5642,S_NOUN_1_PASS_b,F,S,la cloche avec le jouet était cachée <eos>,6,cachée,caché,4,M,cachée,-6.6922493,caché,-9.540145,1
5643,S_NOUN_1_PASS_b,F,S,la cloche avec le jouet était cassée <eos>,6,cassée,cassé,4,M,cassée,-8.115298,cassé,-10.755924,1
5644,S_NOUN_1_PASS_b,F,S,la cloche avec le jouet était couverte <eos>,6,couverte,couvert,4,M,couverte,-6.8307037,couvert,-8.714621,1
5645,S_NOUN_1_PASS_b,F,S,la cloche avec le jouet était déformée <eos>,6,déformée,déformé,4,M,déformée,-11.290651,déformé,-14.433773,1
5646,S_NOUN_1_PASS_b,F,S,la cloche avec le jouet était fixée <eos>,6,fixée,fixé,4,M,fixée,-5.132288,fixé,-9.063913,1
5647,S_NOUN_1_PASS_b,F,S,la cloche avec le jouet était jetée <eos>,6,jetée,jeté,4,M,jetée,-8.007712,jeté,-10.55805,1
5648,S_NOUN_1_PASS_b,F,S,la cloche avec le jouet était laissée <eos>,6,laissée,laissé,4,M,laissée,-8.237093,laissé,-10.650955,1
5649,S_NOUN_1_PASS_b,F,S,la cloche avec le jouet était ouverte <eos>,6,ouverte,ouvert,4,M,ouverte,-6.436484,ouvert,-9.633154,1
5650,S_NOUN_1_PASS_b,F,S,la cloche avec le jouet était perdue <eos>,6,perdue,perdu,4,M,perdue,-9.129631,perdu,-11.08324,1
5651,S_NOUN_1_PASS_b,F,S,la cloche avec le jouet était réparée <eos>,6,réparée,réparé,4,M,réparée,-7.437913,réparé,-10.896172,1
5652,S_NOUN_1_PASS_b,F,S,la cloche avec le jouet était retirée <eos>,6,retirée,retiré,4,M,retirée,-7.948396,retiré,-10.249117,1
5653,S_NOUN_1_PASS_b,F,S,la cloche avec le jouet était tombée <eos>,6,tombée,tombé,4,M,tombée,-7.0396147,tombé,-8.537057,1
5654,S_NOUN_1_PASS_b,F,S,la cloche avec le jouet était utilisée <eos>,6,utilisée,utilisé,4,M,utilisée,-4.507225,utilisé,-7.039953,1
5655,S_NOUN_1_PASS_b,F,S,la cloche avec le clou était achetée <eos>,6,achetée,acheté,4,M,achetée,-7.9329433,acheté,-11.348757,1
5656,S_NOUN_1_PASS_b,F,S,la cloche avec le clou était brisée <eos>,6,brisée,brisé,4,M,brisée,-6.9524984,brisé,-10.482798,1
5657,S_NOUN_1_PASS_b,F,S,la cloche avec le clou était cachée <eos>,6,cachée,caché,4,M,cachée,-6.747372,caché,-10.180706,1
5658,S_NOUN_1_PASS_b,F,S,la cloche avec le clou était cassée <eos>,6,cassée,cassé,4,M,cassée,-8.038838,cassé,-10.461401,1
5659,S_NOUN_1_PASS_b,F,S,la cloche avec le clou était couverte <eos>,6,couverte,couvert,4,M,couverte,-6.14724,couvert,-8.535557,1
5660,S_NOUN_1_PASS_b,F,S,la cloche avec le clou était déformée <eos>,6,déformée,déformé,4,M,déformée,-10.537163,déformé,-14.000868,1
5661,S_NOUN_1_PASS_b,F,S,la cloche avec le clou était fixée <eos>,6,fixée,fixé,4,M,fixée,-4.2988234,fixé,-8.327007,1
5662,S_NOUN_1_PASS_b,F,S,la cloche avec le clou était jetée <eos>,6,jetée,jeté,4,M,jetée,-6.809079,jeté,-10.749389,1
5663,S_NOUN_1_PASS_b,F,S,la cloche avec le clou était laissée <eos>,6,laissée,laissé,4,M,laissée,-7.6438985,laissé,-10.848404,1
5664,S_NOUN_1_PASS_b,F,S,la cloche avec le clou était ouverte <eos>,6,ouverte,ouvert,4,M,ouverte,-6.7525396,ouvert,-10.490086,1
5665,S_NOUN_1_PASS_b,F,S,la cloche avec le clou était perdue <eos>,6,perdue,perdu,4,M,perdue,-7.9246197,perdu,-10.481232,1
5666,S_NOUN_1_PASS_b,F,S,la cloche avec le clou était réparée <eos>,6,réparée,réparé,4,M,réparée,-7.6108065,réparé,-11.689655,1
5667,S_NOUN_1_PASS_b,F,S,la cloche avec le clou était retirée <eos>,6,retirée,retiré,4,M,retirée,-6.8788805,retiré,-9.365097,1
5668,S_NOUN_1_PASS_b,F,S,la cloche avec le clou était tombée <eos>,6,tombée,tombé,4,M,tombée,-6.1895123,tombé,-9.081809,1
5669,S_NOUN_1_PASS_b,F,S,la cloche avec le clou était utilisée <eos>,6,utilisée,utilisé,4,M,utilisée,-3.983513,utilisé,-7.2458076,1
5670,S_NOUN_1_PASS_b,F,S,la cloche avec le billet était achetée <eos>,6,achetée,acheté,4,M,achetée,-7.1691236,acheté,-10.145382,1
5671,S_NOUN_1_PASS_b,F,S,la cloche avec le billet était brisée <eos>,6,brisée,brisé,4,M,brisée,-7.4370213,brisé,-10.225371,1
5672,S_NOUN_1_PASS_b,F,S,la cloche avec le billet était cachée <eos>,6,cachée,caché,4,M,cachée,-6.488014,caché,-9.034367,1
5673,S_NOUN_1_PASS_b,F,S,la cloche avec le billet était cassée <eos>,6,cassée,cassé,4,M,cassée,-9.172951,cassé,-10.528362,1
5674,S_NOUN_1_PASS_b,F,S,la cloche avec le billet était couverte <eos>,6,couverte,couvert,4,M,couverte,-6.8231974,couvert,-7.8090515,1
5675,S_NOUN_1_PASS_b,F,S,la cloche avec le billet était déformée <eos>,6,déformée,déformé,4,M,déformée,-10.662573,déformé,-13.889761,1
5676,S_NOUN_1_PASS_b,F,S,la cloche avec le billet était fixée <eos>,6,fixée,fixé,4,M,fixée,-4.7061634,fixé,-7.5398016,1
5677,S_NOUN_1_PASS_b,F,S,la cloche avec le billet était jetée <eos>,6,jetée,jeté,4,M,jetée,-7.094159,jeté,-10.313812,1
5678,S_NOUN_1_PASS_b,F,S,la cloche avec le billet était laissée <eos>,6,laissée,laissé,4,M,laissée,-8.135932,laissé,-9.648556,1
5679,S_NOUN_1_PASS_b,F,S,la cloche avec le billet était ouverte <eos>,6,ouverte,ouvert,4,M,ouverte,-6.6760616,ouvert,-9.414865,1
5680,S_NOUN_1_PASS_b,F,S,la cloche avec le billet était perdue <eos>,6,perdue,perdu,4,M,perdue,-8.341625,perdu,-9.741779,1
5681,S_NOUN_1_PASS_b,F,S,la cloche avec le billet était réparée <eos>,6,réparée,réparé,4,M,réparée,-7.6770678,réparé,-10.938523,1
5682,S_NOUN_1_PASS_b,F,S,la cloche avec le billet était retirée <eos>,6,retirée,retiré,4,M,retirée,-7.7093563,retiré,-8.238959,1
5683,S_NOUN_1_PASS_b,F,S,la cloche avec le billet était tombée <eos>,6,tombée,tombé,4,M,tombée,-7.204926,tombé,-8.770538,1
5684,S_NOUN_1_PASS_b,F,S,la cloche avec le billet était utilisée <eos>,6,utilisée,utilisé,4,M,utilisée,-4.9769764,utilisé,-6.9045467,1
5685,S_NOUN_1_PASS_b,F,S,la cloche avec le légume était achetée <eos>,6,achetée,acheté,4,M,achetée,-8.419796,acheté,-11.001654,1
5686,S_NOUN_1_PASS_b,F,S,la cloche avec le légume était brisée <eos>,6,brisée,brisé,4,M,brisée,-7.7920046,brisé,-10.464378,1
5687,S_NOUN_1_PASS_b,F,S,la cloche avec le légume était cachée <eos>,6,cachée,caché,4,M,cachée,-6.7679834,caché,-9.279742,1
5688,S_NOUN_1_PASS_b,F,S,la cloche avec le légume était cassée <eos>,6,cassée,cassé,4,M,cassée,-7.6903057,cassé,-10.139765,1
5689,S_NOUN_1_PASS_b,F,S,la cloche avec le légume était couverte <eos>,6,couverte,couvert,4,M,couverte,-6.5860157,couvert,-8.971928,1
5690,S_NOUN_1_PASS_b,F,S,la cloche avec le légume était déformée <eos>,6,déformée,déformé,4,M,déformée,-10.813954,déformé,-14.399783,1
5691,S_NOUN_1_PASS_b,F,S,la cloche avec le légume était fixée <eos>,6,fixée,fixé,4,M,fixée,-5.1330767,fixé,-8.669962,1
5692,S_NOUN_1_PASS_b,F,S,la cloche avec le légume était jetée <eos>,6,jetée,jeté,4,M,jetée,-7.362798,jeté,-10.89152,1
5693,S_NOUN_1_PASS_b,F,S,la cloche avec le légume était laissée <eos>,6,laissée,laissé,4,M,laissée,-7.028964,laissé,-10.249618,1
5694,S_NOUN_1_PASS_b,F,S,la cloche avec le légume était ouverte <eos>,6,ouverte,ouvert,4,M,ouverte,-6.629917,ouvert,-10.511653,1
5695,S_NOUN_1_PASS_b,F,S,la cloche avec le légume était perdue <eos>,6,perdue,perdu,4,M,perdue,-7.395046,perdu,-11.020067,1
5696,S_NOUN_1_PASS_b,F,S,la cloche avec le légume était réparée <eos>,6,réparée,réparé,4,M,réparée,-9.680608,réparé,-12.481043,1
5697,S_NOUN_1_PASS_b,F,S,la cloche avec le légume était retirée <eos>,6,retirée,retiré,4,M,retirée,-7.6924763,retiré,-10.261686,1
5698,S_NOUN_1_PASS_b,F,S,la cloche avec le légume était tombée <eos>,6,tombée,tombé,4,M,tombée,-6.7344036,tombé,-9.496646,1
5699,S_NOUN_1_PASS_b,F,S,la cloche avec le légume était utilisée <eos>,6,utilisée,utilisé,4,M,utilisée,-4.0840335,utilisé,-7.0098395,1
5700,S_NOUN_1_PASS_b,F,S,la cerise avec le bracelet était achetée <eos>,6,achetée,acheté,4,M,achetée,-8.646408,acheté,-10.489705,1
5701,S_NOUN_1_PASS_b,F,S,la cerise avec le bracelet était brisée <eos>,6,brisée,brisé,4,M,brisée,-10.069677,brisé,-12.549573,1
5702,S_NOUN_1_PASS_b,F,S,la cerise avec le bracelet était cachée <eos>,6,cachée,caché,4,M,cachée,-9.881204,caché,-10.667333,1
5703,S_NOUN_1_PASS_b,F,S,la cerise avec le bracelet était cassée <eos>,6,cassée,cassé,4,M,cassée,-9.618377,cassé,-12.047199,1
5704,S_NOUN_1_PASS_b,F,S,la cerise avec le bracelet était couverte <eos>,6,couverte,couvert,4,M,couverte,-7.5830364,couvert,-10.435869,1
5705,S_NOUN_1_PASS_b,F,S,la cerise avec le bracelet était déformée <eos>,6,déformée,déformé,4,M,déformée,-11.121875,déformé,-13.0922,1
5706,S_NOUN_1_PASS_b,F,S,la cerise avec le bracelet était fixée <eos>,6,fixée,fixé,4,M,fixée,-6.325731,fixé,-8.295675,1
5707,S_NOUN_1_PASS_b,F,S,la cerise avec le bracelet était jetée <eos>,6,jetée,jeté,4,M,jetée,-9.569425,jeté,-12.1401005,1
5708,S_NOUN_1_PASS_b,F,S,la cerise avec le bracelet était laissée <eos>,6,laissée,laissé,4,M,laissée,-7.931157,laissé,-10.801113,1
5709,S_NOUN_1_PASS_b,F,S,la cerise avec le bracelet était ouverte <eos>,6,ouverte,ouvert,4,M,ouverte,-7.49384,ouvert,-9.85967,1
5710,S_NOUN_1_PASS_b,F,S,la cerise avec le bracelet était perdue <eos>,6,perdue,perdu,4,M,perdue,-8.997574,perdu,-11.635065,1
5711,S_NOUN_1_PASS_b,F,S,la cerise avec le bracelet était réparée <eos>,6,réparée,réparé,4,M,réparée,-12.807263,réparé,-15.540479,1
5712,S_NOUN_1_PASS_b,F,S,la cerise avec le bracelet était retirée <eos>,6,retirée,retiré,4,M,retirée,-9.273807,retiré,-10.871285,1
5713,S_NOUN_1_PASS_b,F,S,la cerise avec le bracelet était tombée <eos>,6,tombée,tombé,4,M,tombée,-8.608796,tombé,-10.121631,1
5714,S_NOUN_1_PASS_b,F,S,la cerise avec le bracelet était utilisée <eos>,6,utilisée,utilisé,4,M,utilisée,-4.613138,utilisé,-6.923106,1
5715,S_NOUN_1_PASS_b,F,S,la cerise avec le miroir était achetée <eos>,6,achetée,acheté,4,M,achetée,-8.514701,acheté,-11.0697,1
5716,S_NOUN_1_PASS_b,F,S,la cerise avec le miroir était brisée <eos>,6,brisée,brisé,4,M,brisée,-9.166184,brisé,-12.470748,1
5717,S_NOUN_1_PASS_b,F,S,la cerise avec le miroir était cachée <eos>,6,cachée,caché,4,M,cachée,-9.186798,caché,-10.530881,1
5718,S_NOUN_1_PASS_b,F,S,la cerise avec le miroir était cassée <eos>,6,cassée,cassé,4,M,cassée,-9.523386,cassé,-11.294149,1
5719,S_NOUN_1_PASS_b,F,S,la cerise avec le miroir était couverte <eos>,6,couverte,couvert,4,M,couverte,-7.160023,couvert,-10.33363,1
5720,S_NOUN_1_PASS_b,F,S,la cerise avec le miroir était déformée <eos>,6,déformée,déformé,4,M,déformée,-10.744827,déformé,-12.984689,1
5721,S_NOUN_1_PASS_b,F,S,la cerise avec le miroir était fixée <eos>,6,fixée,fixé,4,M,fixée,-6.5373745,fixé,-8.691544,1
5722,S_NOUN_1_PASS_b,F,S,la cerise avec le miroir était jetée <eos>,6,jetée,jeté,4,M,jetée,-8.963013,jeté,-12.571835,1
5723,S_NOUN_1_PASS_b,F,S,la cerise avec le miroir était laissée <eos>,6,laissée,laissé,4,M,laissée,-7.9288816,laissé,-10.977887,1
5724,S_NOUN_1_PASS_b,F,S,la cerise avec le miroir était ouverte <eos>,6,ouverte,ouvert,4,M,ouverte,-7.3528185,ouvert,-10.509103,1
5725,S_NOUN_1_PASS_b,F,S,la cerise avec le miroir était perdue <eos>,6,perdue,perdu,4,M,perdue,-8.499293,perdu,-11.733614,1
5726,S_NOUN_1_PASS_b,F,S,la cerise avec le miroir était réparée <eos>,6,réparée,réparé,4,M,réparée,-12.35726,réparé,-15.187582,1
5727,S_NOUN_1_PASS_b,F,S,la cerise avec le miroir était retirée <eos>,6,retirée,retiré,4,M,retirée,-8.537957,retiré,-10.571712,1
5728,S_NOUN_1_PASS_b,F,S,la cerise avec le miroir était tombée <eos>,6,tombée,tombé,4,M,tombée,-8.773437,tombé,-10.632769,1
5729,S_NOUN_1_PASS_b,F,S,la cerise avec le miroir était utilisée <eos>,6,utilisée,utilisé,4,M,utilisée,-4.11464,utilisé,-7.1258736,1
5730,S_NOUN_1_PASS_b,F,S,la cerise avec le crayon était achetée <eos>,6,achetée,acheté,4,M,achetée,-8.404128,acheté,-10.743475,1
5731,S_NOUN_1_PASS_b,F,S,la cerise avec le crayon était brisée <eos>,6,brisée,brisé,4,M,brisée,-9.919478,brisé,-13.50543,1
5732,S_NOUN_1_PASS_b,F,S,la cerise avec le crayon était cachée <eos>,6,cachée,caché,4,M,cachée,-9.446058,caché,-10.356191,1
5733,S_NOUN_1_PASS_b,F,S,la cerise avec le crayon était cassée <eos>,6,cassée,cassé,4,M,cassée,-10.060247,cassé,-12.692751,1
5734,S_NOUN_1_PASS_b,F,S,la cerise avec le crayon était couverte <eos>,6,couverte,couvert,4,M,couverte,-7.1586804,couvert,-10.735792,1
5735,S_NOUN_1_PASS_b,F,S,la cerise avec le crayon était déformée <eos>,6,déformée,déformé,4,M,déformée,-10.937404,déformé,-13.476325,1
5736,S_NOUN_1_PASS_b,F,S,la cerise avec le crayon était fixée <eos>,6,fixée,fixé,4,M,fixée,-7.708679,fixé,-9.370651,1
5737,S_NOUN_1_PASS_b,F,S,la cerise avec le crayon était jetée <eos>,6,jetée,jeté,4,M,jetée,-9.554264,jeté,-13.21383,1
5738,S_NOUN_1_PASS_b,F,S,la cerise avec le crayon était laissée <eos>,6,laissée,laissé,4,M,laissée,-7.581021,laissé,-11.324089,1
5739,S_NOUN_1_PASS_b,F,S,la cerise avec le crayon était ouverte <eos>,6,ouverte,ouvert,4,M,ouverte,-7.4370146,ouvert,-10.63302,1
5740,S_NOUN_1_PASS_b,F,S,la cerise avec le crayon était perdue <eos>,6,perdue,perdu,4,M,perdue,-8.465903,perdu,-11.234619,1
5741,S_NOUN_1_PASS_b,F,S,la cerise avec le crayon était réparée <eos>,6,réparée,réparé,4,M,réparée,-12.480477,réparé,-15.218345,1
5742,S_NOUN_1_PASS_b,F,S,la cerise avec le crayon était retirée <eos>,6,retirée,retiré,4,M,retirée,-8.5077,retiré,-10.063759,1
5743,S_NOUN_1_PASS_b,F,S,la cerise avec le crayon était tombée <eos>,6,tombée,tombé,4,M,tombée,-8.258123,tombé,-10.456023,1
5744,S_NOUN_1_PASS_b,F,S,la cerise avec le crayon était utilisée <eos>,6,utilisée,utilisé,4,M,utilisée,-3.6509137,utilisé,-6.3759885,1
5745,S_NOUN_1_PASS_b,F,S,la cerise avec le rideau était achetée <eos>,6,achetée,acheté,4,M,achetée,-9.40726,acheté,-11.346595,1
5746,S_NOUN_1_PASS_b,F,S,la cerise avec le rideau était brisée <eos>,6,brisée,brisé,4,M,brisée,-9.25655,brisé,-11.451003,1
5747,S_NOUN_1_PASS_b,F,S,la cerise avec le rideau était cachée <eos>,6,cachée,caché,4,M,cachée,-9.70274,caché,-10.516673,1
5748,S_NOUN_1_PASS_b,F,S,la cerise avec le rideau était cassée <eos>,6,cassée,cassé,4,M,cassée,-9.35255,cassé,-11.24976,1
5749,S_NOUN_1_PASS_b,F,S,la cerise avec le rideau était couverte <eos>,6,couverte,couvert,4,M,couverte,-7.309433,couvert,-9.449938,1
5750,S_NOUN_1_PASS_b,F,S,la cerise avec le rideau était déformée <eos>,6,déformée,déformé,4,M,déformée,-10.5989,déformé,-12.66721,1
5751,S_NOUN_1_PASS_b,F,S,la cerise avec le rideau était fixée <eos>,6,fixée,fixé,4,M,fixée,-7.554207,fixé,-8.74225,1
5752,S_NOUN_1_PASS_b,F,S,la cerise avec le rideau était jetée <eos>,6,jetée,jeté,4,M,jetée,-9.576704,jeté,-12.352853,1
5753,S_NOUN_1_PASS_b,F,S,la cerise avec le rideau était laissée <eos>,6,laissée,laissé,4,M,laissée,-7.775741,laissé,-10.304656,1
5754,S_NOUN_1_PASS_b,F,S,la cerise avec le rideau était ouverte <eos>,6,ouverte,ouvert,4,M,ouverte,-7.5571537,ouvert,-9.52242,1
5755,S_NOUN_1_PASS_b,F,S,la cerise avec le rideau était perdue <eos>,6,perdue,perdu,4,M,perdue,-9.621681,perdu,-11.428925,1
5756,S_NOUN_1_PASS_b,F,S,la cerise avec le rideau était réparée <eos>,6,réparée,réparé,4,M,réparée,-12.744883,réparé,-14.096255,1
5757,S_NOUN_1_PASS_b,F,S,la cerise avec le rideau était retirée <eos>,6,retirée,retiré,4,M,retirée,-8.14413,retiré,-9.909521,1
5758,S_NOUN_1_PASS_b,F,S,la cerise avec le rideau était tombée <eos>,6,tombée,tombé,4,M,tombée,-8.017207,tombé,-9.460489,1
5759,S_NOUN_1_PASS_b,F,S,la cerise avec le rideau était utilisée <eos>,6,utilisée,utilisé,4,M,utilisée,-5.063016,utilisé,-7.1936903,1
5760,S_NOUN_1_PASS_b,F,S,la cerise avec le cahier était achetée <eos>,6,achetée,acheté,4,M,achetée,-8.874374,acheté,-10.970456,1
5761,S_NOUN_1_PASS_b,F,S,la cerise avec le cahier était brisée <eos>,6,brisée,brisé,4,M,brisée,-9.847467,brisé,-12.25719,1
5762,S_NOUN_1_PASS_b,F,S,la cerise avec le cahier était cachée <eos>,6,cachée,caché,4,M,cachée,-11.04743,caché,-11.405488,1
5763,S_NOUN_1_PASS_b,F,S,la cerise avec le cahier était cassée <eos>,6,cassée,cassé,4,M,cassée,-9.550026,cassé,-11.982836,1
5764,S_NOUN_1_PASS_b,F,S,la cerise avec le cahier était couverte <eos>,6,couverte,couvert,4,M,couverte,-7.1510363,couvert,-10.287071,1
5765,S_NOUN_1_PASS_b,F,S,la cerise avec le cahier était déformée <eos>,6,déformée,déformé,4,M,déformée,-10.883924,déformé,-13.2594185,1
5766,S_NOUN_1_PASS_b,F,S,la cerise avec le cahier était fixée <eos>,6,fixée,fixé,4,M,fixée,-5.951352,fixé,-7.7136345,1
5767,S_NOUN_1_PASS_b,F,S,la cerise avec le cahier était jetée <eos>,6,jetée,jeté,4,M,jetée,-9.661703,jeté,-12.894953,1
5768,S_NOUN_1_PASS_b,F,S,la cerise avec le cahier était laissée <eos>,6,laissée,laissé,4,M,laissée,-8.205278,laissé,-11.153963,1
5769,S_NOUN_1_PASS_b,F,S,la cerise avec le cahier était ouverte <eos>,6,ouverte,ouvert,4,M,ouverte,-7.497972,ouvert,-9.248114,1
5770,S_NOUN_1_PASS_b,F,S,la cerise avec le cahier était perdue <eos>,6,perdue,perdu,4,M,perdue,-9.290884,perdu,-10.882799,1
5771,S_NOUN_1_PASS_b,F,S,la cerise avec le cahier était réparée <eos>,6,réparée,réparé,4,M,réparée,-13.319691,réparé,-15.747292,1
5772,S_NOUN_1_PASS_b,F,S,la cerise avec le cahier était retirée <eos>,6,retirée,retiré,4,M,retirée,-8.480301,retiré,-9.621235,1
5773,S_NOUN_1_PASS_b,F,S,la cerise avec le cahier était tombée <eos>,6,tombée,tombé,4,M,tombée,-7.8705354,tombé,-9.7589855,1
5774,S_NOUN_1_PASS_b,F,S,la cerise avec le cahier était utilisée <eos>,6,utilisée,utilisé,4,M,utilisée,-4.5720606,utilisé,-7.217616,1
5775,S_NOUN_1_PASS_b,F,S,la cerise avec le micro était achetée <eos>,6,achetée,acheté,4,M,achetée,-8.8431835,acheté,-10.773908,1
5776,S_NOUN_1_PASS_b,F,S,la cerise avec le micro était brisée <eos>,6,brisée,brisé,4,M,brisée,-10.013951,brisé,-12.9628,1
5777,S_NOUN_1_PASS_b,F,S,la cerise avec le micro était cachée <eos>,6,cachée,caché,4,M,cachée,-10.212002,caché,-10.9649515,1
5778,S_NOUN_1_PASS_b,F,S,la cerise avec le micro était cassée <eos>,6,cassée,cassé,4,M,cassée,-9.351095,cassé,-10.994616,1
5779,S_NOUN_1_PASS_b,F,S,la cerise avec le micro était couverte <eos>,6,couverte,couvert,4,M,couverte,-7.5827446,couvert,-10.382826,1
5780,S_NOUN_1_PASS_b,F,S,la cerise avec le micro était déformée <eos>,6,déformée,déformé,4,M,déformée,-10.7985735,déformé,-13.073881,1
5781,S_NOUN_1_PASS_b,F,S,la cerise avec le micro était fixée <eos>,6,fixée,fixé,4,M,fixée,-7.272869,fixé,-8.754145,1
5782,S_NOUN_1_PASS_b,F,S,la cerise avec le micro était jetée <eos>,6,jetée,jeté,4,M,jetée,-9.700941,jeté,-13.087684,1
5783,S_NOUN_1_PASS_b,F,S,la cerise avec le micro était laissée <eos>,6,laissée,laissé,4,M,laissée,-8.04866,laissé,-11.439896,1
5784,S_NOUN_1_PASS_b,F,S,la cerise avec le micro était ouverte <eos>,6,ouverte,ouvert,4,M,ouverte,-7.736722,ouvert,-9.766397,1
5785,S_NOUN_1_PASS_b,F,S,la cerise avec le micro était perdue <eos>,6,perdue,perdu,4,M,perdue,-8.842548,perdu,-11.770102,1
5786,S_NOUN_1_PASS_b,F,S,la cerise avec le micro était réparée <eos>,6,réparée,réparé,4,M,réparée,-13.346305,réparé,-15.65261,1
5787,S_NOUN_1_PASS_b,F,S,la cerise avec le micro était retirée <eos>,6,retirée,retiré,4,M,retirée,-8.377345,retiré,-10.026765,1
5788,S_NOUN_1_PASS_b,F,S,la cerise avec le micro était tombée <eos>,6,tombée,tombé,4,M,tombée,-8.426399,tombé,-9.940624,1
5789,S_NOUN_1_PASS_b,F,S,la cerise avec le micro était utilisée <eos>,6,utilisée,utilisé,4,M,utilisée,-4.632521,utilisé,-7.151365,1
5790,S_NOUN_1_PASS_b,F,S,la cerise avec le sac était achetée <eos>,6,achetée,acheté,4,M,achetée,-8.000889,acheté,-10.223139,1
5791,S_NOUN_1_PASS_b,F,S,la cerise avec le sac était brisée <eos>,6,brisée,brisé,4,M,brisée,-9.820037,brisé,-12.951378,1
5792,S_NOUN_1_PASS_b,F,S,la cerise avec le sac était cachée <eos>,6,cachée,caché,4,M,cachée,-9.520866,caché,-10.743156,1
5793,S_NOUN_1_PASS_b,F,S,la cerise avec le sac était cassée <eos>,6,cassée,cassé,4,M,cassée,-8.906202,cassé,-12.115006,1
5794,S_NOUN_1_PASS_b,F,S,la cerise avec le sac était couverte <eos>,6,couverte,couvert,4,M,couverte,-7.055468,couvert,-10.383763,1
5795,S_NOUN_1_PASS_b,F,S,la cerise avec le sac était déformée <eos>,6,déformée,déformé,4,M,déformée,-10.948922,déformé,-12.804905,1
5796,S_NOUN_1_PASS_b,F,S,la cerise avec le sac était fixée <eos>,6,fixée,fixé,4,M,fixée,-7.214755,fixé,-8.944891,1
5797,S_NOUN_1_PASS_b,F,S,la cerise avec le sac était jetée <eos>,6,jetée,jeté,4,M,jetée,-8.838015,jeté,-12.22818,1
5798,S_NOUN_1_PASS_b,F,S,la cerise avec le sac était laissée <eos>,6,laissée,laissé,4,M,laissée,-7.032662,laissé,-10.287962,1
5799,S_NOUN_1_PASS_b,F,S,la cerise avec le sac était ouverte <eos>,6,ouverte,ouvert,4,M,ouverte,-7.0638576,ouvert,-9.6205635,1
5800,S_NOUN_1_PASS_b,F,S,la cerise avec le sac était perdue <eos>,6,perdue,perdu,4,M,perdue,-7.80925,perdu,-10.779074,1
5801,S_NOUN_1_PASS_b,F,S,la cerise avec le sac était réparée <eos>,6,réparée,réparé,4,M,réparée,-12.665237,réparé,-14.583554,1
5802,S_NOUN_1_PASS_b,F,S,la cerise avec le sac était retirée <eos>,6,retirée,retiré,4,M,retirée,-7.5164757,retiré,-9.258982,1
5803,S_NOUN_1_PASS_b,F,S,la cerise avec le sac était tombée <eos>,6,tombée,tombé,4,M,tombée,-8.333305,tombé,-10.677546,1
5804,S_NOUN_1_PASS_b,F,S,la cerise avec le sac était utilisée <eos>,6,utilisée,utilisé,4,M,utilisée,-4.423397,utilisé,-7.1181974,1
5805,S_NOUN_1_PASS_b,F,S,la cerise avec le clavier était achetée <eos>,6,achetée,acheté,4,M,achetée,-9.624111,acheté,-11.3666725,1
5806,S_NOUN_1_PASS_b,F,S,la cerise avec le clavier était brisée <eos>,6,brisée,brisé,4,M,brisée,-10.285156,brisé,-13.520906,1
5807,S_NOUN_1_PASS_b,F,S,la cerise avec le clavier était cachée <eos>,6,cachée,caché,4,M,cachée,-9.854456,caché,-11.40447,1
5808,S_NOUN_1_PASS_b,F,S,la cerise avec le clavier était cassée <eos>,6,cassée,cassé,4,M,cassée,-9.58469,cassé,-11.831743,1
5809,S_NOUN_1_PASS_b,F,S,la cerise avec le clavier était couverte <eos>,6,couverte,couvert,4,M,couverte,-7.5559363,couvert,-10.770971,1
5810,S_NOUN_1_PASS_b,F,S,la cerise avec le clavier était déformée <eos>,6,déformée,déformé,4,M,déformée,-10.370207,déformé,-13.519032,1
5811,S_NOUN_1_PASS_b,F,S,la cerise avec le clavier était fixée <eos>,6,fixée,fixé,4,M,fixée,-6.475567,fixé,-8.567884,1
5812,S_NOUN_1_PASS_b,F,S,la cerise avec le clavier était jetée <eos>,6,jetée,jeté,4,M,jetée,-10.7243595,jeté,-13.825255,1
5813,S_NOUN_1_PASS_b,F,S,la cerise avec le clavier était laissée <eos>,6,laissée,laissé,4,M,laissée,-8.844799,laissé,-11.608981,1
5814,S_NOUN_1_PASS_b,F,S,la cerise avec le clavier était ouverte <eos>,6,ouverte,ouvert,4,M,ouverte,-7.3105927,ouvert,-9.510775,1
5815,S_NOUN_1_PASS_b,F,S,la cerise avec le clavier était perdue <eos>,6,perdue,perdu,4,M,perdue,-10.071314,perdu,-12.240898,1
5816,S_NOUN_1_PASS_b,F,S,la cerise avec le clavier était réparée <eos>,6,réparée,réparé,4,M,réparée,-12.83565,réparé,-15.744832,1
5817,S_NOUN_1_PASS_b,F,S,la cerise avec le clavier était retirée <eos>,6,retirée,retiré,4,M,retirée,-9.257959,retiré,-10.315107,1
5818,S_NOUN_1_PASS_b,F,S,la cerise avec le clavier était tombée <eos>,6,tombée,tombé,4,M,tombée,-8.452621,tombé,-10.850042,1
5819,S_NOUN_1_PASS_b,F,S,la cerise avec le clavier était utilisée <eos>,6,utilisée,utilisé,4,M,utilisée,-5.004133,utilisé,-7.2573853,1
5820,S_NOUN_1_PASS_b,F,S,la cerise avec le raisin était achetée <eos>,6,achetée,acheté,4,M,achetée,-8.857449,acheté,-10.938048,1
5821,S_NOUN_1_PASS_b,F,S,la cerise avec le raisin était brisée <eos>,6,brisée,brisé,4,M,brisée,-11.53924,brisé,-14.685747,1
5822,S_NOUN_1_PASS_b,F,S,la cerise avec le raisin était cachée <eos>,6,cachée,caché,4,M,cachée,-10.571668,caché,-11.830569,1
5823,S_NOUN_1_PASS_b,F,S,la cerise avec le raisin était cassée <eos>,6,cassée,cassé,4,M,cassée,-10.233998,cassé,-12.598122,1
5824,S_NOUN_1_PASS_b,F,S,la cerise avec le raisin était couverte <eos>,6,couverte,couvert,4,M,couverte,-7.955454,couvert,-11.036675,1
5825,S_NOUN_1_PASS_b,F,S,la cerise avec le raisin était déformée <eos>,6,déformée,déformé,4,M,déformée,-11.620865,déformé,-14.421486,1
5826,S_NOUN_1_PASS_b,F,S,la cerise avec le raisin était fixée <eos>,6,fixée,fixé,4,M,fixée,-7.8272295,fixé,-9.617842,1
5827,S_NOUN_1_PASS_b,F,S,la cerise avec le raisin était jetée <eos>,6,jetée,jeté,4,M,jetée,-9.875812,jeté,-13.302204,1
5828,S_NOUN_1_PASS_b,F,S,la cerise avec le raisin était laissée <eos>,6,laissée,laissé,4,M,laissée,-7.801256,laissé,-11.325708,1
5829,S_NOUN_1_PASS_b,F,S,la cerise avec le raisin était ouverte <eos>,6,ouverte,ouvert,4,M,ouverte,-7.5145783,ouvert,-10.4065075,1
5830,S_NOUN_1_PASS_b,F,S,la cerise avec le raisin était perdue <eos>,6,perdue,perdu,4,M,perdue,-9.204092,perdu,-11.635531,1
5831,S_NOUN_1_PASS_b,F,S,la cerise avec le raisin était réparée <eos>,6,réparée,réparé,4,M,réparée,-13.47478,réparé,-15.590182,1
5832,S_NOUN_1_PASS_b,F,S,la cerise avec le raisin était retirée <eos>,6,retirée,retiré,4,M,retirée,-8.791326,retiré,-10.328099,1
5833,S_NOUN_1_PASS_b,F,S,la cerise avec le raisin était tombée <eos>,6,tombée,tombé,4,M,tombée,-8.169446,tombé,-11.742514,1
5834,S_NOUN_1_PASS_b,F,S,la cerise avec le raisin était utilisée <eos>,6,utilisée,utilisé,4,M,utilisée,-4.877947,utilisé,-7.7225904,1
5835,S_NOUN_1_PASS_b,F,S,la cerise avec le chargeur était achetée <eos>,6,achetée,acheté,4,M,achetée,-9.498833,acheté,-11.557784,1
5836,S_NOUN_1_PASS_b,F,S,la cerise avec le chargeur était brisée <eos>,6,brisée,brisé,4,M,brisée,-10.528568,brisé,-13.040199,1
5837,S_NOUN_1_PASS_b,F,S,la cerise avec le chargeur était cachée <eos>,6,cachée,caché,4,M,cachée,-10.358534,caché,-11.569995,1
5838,S_NOUN_1_PASS_b,F,S,la cerise avec le chargeur était cassée <eos>,6,cassée,cassé,4,M,cassée,-9.049114,cassé,-12.111961,1
5839,S_NOUN_1_PASS_b,F,S,la cerise avec le chargeur était couverte <eos>,6,couverte,couvert,4,M,couverte,-7.6404114,couvert,-10.906182,1
5840,S_NOUN_1_PASS_b,F,S,la cerise avec le chargeur était déformée <eos>,6,déformée,déformé,4,M,déformée,-10.785072,déformé,-13.826991,1
5841,S_NOUN_1_PASS_b,F,S,la cerise avec le chargeur était fixée <eos>,6,fixée,fixé,4,M,fixée,-6.53504,fixé,-8.46355,1
5842,S_NOUN_1_PASS_b,F,S,la cerise avec le chargeur était jetée <eos>,6,jetée,jeté,4,M,jetée,-9.674894,jeté,-13.546787,1
5843,S_NOUN_1_PASS_b,F,S,la cerise avec le chargeur était laissée <eos>,6,laissée,laissé,4,M,laissée,-8.28356,laissé,-11.7221,1
5844,S_NOUN_1_PASS_b,F,S,la cerise avec le chargeur était ouverte <eos>,6,ouverte,ouvert,4,M,ouverte,-7.7254577,ouvert,-10.231836,1
5845,S_NOUN_1_PASS_b,F,S,la cerise avec le chargeur était perdue <eos>,6,perdue,perdu,4,M,perdue,-9.856737,perdu,-12.192368,1
5846,S_NOUN_1_PASS_b,F,S,la cerise avec le chargeur était réparée <eos>,6,réparée,réparé,4,M,réparée,-12.011641,réparé,-15.460033,1
5847,S_NOUN_1_PASS_b,F,S,la cerise avec le chargeur était retirée <eos>,6,retirée,retiré,4,M,retirée,-8.5426445,retiré,-10.347721,1
5848,S_NOUN_1_PASS_b,F,S,la cerise avec le chargeur était tombée <eos>,6,tombée,tombé,4,M,tombée,-8.943509,tombé,-11.286343,1
5849,S_NOUN_1_PASS_b,F,S,la cerise avec le chargeur était utilisée <eos>,6,utilisée,utilisé,4,M,utilisée,-4.523032,utilisé,-7.4065104,1
5850,S_NOUN_1_PASS_b,F,S,la cerise avec le vase était achetée <eos>,6,achetée,acheté,4,M,achetée,-8.518568,acheté,-10.520012,1
5851,S_NOUN_1_PASS_b,F,S,la cerise avec le vase était brisée <eos>,6,brisée,brisé,4,M,brisée,-10.023125,brisé,-12.536103,1
5852,S_NOUN_1_PASS_b,F,S,la cerise avec le vase était cachée <eos>,6,cachée,caché,4,M,cachée,-9.457579,caché,-10.741199,1
5853,S_NOUN_1_PASS_b,F,S,la cerise avec le vase était cassée <eos>,6,cassée,cassé,4,M,cassée,-9.280779,cassé,-11.650874,1
5854,S_NOUN_1_PASS_b,F,S,la cerise avec le vase était couverte <eos>,6,couverte,couvert,4,M,couverte,-6.651544,couvert,-9.9889145,1
5855,S_NOUN_1_PASS_b,F,S,la cerise avec le vase était déformée <eos>,6,déformée,déformé,4,M,déformée,-11.253809,déformé,-13.301279,1
5856,S_NOUN_1_PASS_b,F,S,la cerise avec le vase était fixée <eos>,6,fixée,fixé,4,M,fixée,-7.45599,fixé,-9.106042,1
5857,S_NOUN_1_PASS_b,F,S,la cerise avec le vase était jetée <eos>,6,jetée,jeté,4,M,jetée,-8.760052,jeté,-12.180748,1
5858,S_NOUN_1_PASS_b,F,S,la cerise avec le vase était laissée <eos>,6,laissée,laissé,4,M,laissée,-7.3347187,laissé,-10.485464,1
5859,S_NOUN_1_PASS_b,F,S,la cerise avec le vase était ouverte <eos>,6,ouverte,ouvert,4,M,ouverte,-7.4553747,ouvert,-10.28815,1
5860,S_NOUN_1_PASS_b,F,S,la cerise avec le vase était perdue <eos>,6,perdue,perdu,4,M,perdue,-8.001466,perdu,-10.443941,1
5861,S_NOUN_1_PASS_b,F,S,la cerise avec le vase était réparée <eos>,6,réparée,réparé,4,M,réparée,-12.736284,réparé,-14.581943,1
5862,S_NOUN_1_PASS_b,F,S,la cerise avec le vase était retirée <eos>,6,retirée,retiré,4,M,retirée,-7.833309,retiré,-10.564226,1
5863,S_NOUN_1_PASS_b,F,S,la cerise avec le vase était tombée <eos>,6,tombée,tombé,4,M,tombée,-7.2327557,tombé,-10.525822,1
5864,S_NOUN_1_PASS_b,F,S,la cerise avec le vase était utilisée <eos>,6,utilisée,utilisé,4,M,utilisée,-4.3029175,utilisé,-7.1421976,1
5865,S_NOUN_1_PASS_b,F,S,la cerise avec le panier était achetée <eos>,6,achetée,acheté,4,M,achetée,-9.169863,acheté,-11.136519,1
5866,S_NOUN_1_PASS_b,F,S,la cerise avec le panier était brisée <eos>,6,brisée,brisé,4,M,brisée,-10.953796,brisé,-13.316464,1
5867,S_NOUN_1_PASS_b,F,S,la cerise avec le panier était cachée <eos>,6,cachée,caché,4,M,cachée,-10.1026,caché,-11.239089,1
5868,S_NOUN_1_PASS_b,F,S,la cerise avec le panier était cassée <eos>,6,cassée,cassé,4,M,cassée,-9.4420185,cassé,-12.007862,1
5869,S_NOUN_1_PASS_b,F,S,la cerise avec le panier était couverte <eos>,6,couverte,couvert,4,M,couverte,-7.524043,couvert,-10.340984,1
5870,S_NOUN_1_PASS_b,F,S,la cerise avec le panier était déformée <eos>,6,déformée,déformé,4,M,déformée,-11.277601,déformé,-14.121853,1
5871,S_NOUN_1_PASS_b,F,S,la cerise avec le panier était fixée <eos>,6,fixée,fixé,4,M,fixée,-7.623046,fixé,-8.827164,1
5872,S_NOUN_1_PASS_b,F,S,la cerise avec le panier était jetée <eos>,6,jetée,jeté,4,M,jetée,-10.201771,jeté,-13.623605,1
5873,S_NOUN_1_PASS_b,F,S,la cerise avec le panier était laissée <eos>,6,laissée,laissé,4,M,laissée,-7.5255823,laissé,-11.397042,1
5874,S_NOUN_1_PASS_b,F,S,la cerise avec le panier était ouverte <eos>,6,ouverte,ouvert,4,M,ouverte,-7.801844,ouvert,-10.090455,1
5875,S_NOUN_1_PASS_b,F,S,la cerise avec le panier était perdue <eos>,6,perdue,perdu,4,M,perdue,-9.550415,perdu,-12.059591,1
5876,S_NOUN_1_PASS_b,F,S,la cerise avec le panier était réparée <eos>,6,réparée,réparé,4,M,réparée,-13.297561,réparé,-15.424267,1
5877,S_NOUN_1_PASS_b,F,S,la cerise avec le panier était retirée <eos>,6,retirée,retiré,4,M,retirée,-8.230911,retiré,-10.387867,1
5878,S_NOUN_1_PASS_b,F,S,la cerise avec le panier était tombée <eos>,6,tombée,tombé,4,M,tombée,-8.14382,tombé,-10.8245735,1
5879,S_NOUN_1_PASS_b,F,S,la cerise avec le panier était utilisée <eos>,6,utilisée,utilisé,4,M,utilisée,-4.8961487,utilisé,-7.4495487,1
5880,S_NOUN_1_PASS_b,F,S,la cerise avec le collier était achetée <eos>,6,achetée,acheté,4,M,achetée,-8.31959,acheté,-10.193817,1
5881,S_NOUN_1_PASS_b,F,S,la cerise avec le collier était brisée <eos>,6,brisée,brisé,4,M,brisée,-10.310739,brisé,-12.447201,1
5882,S_NOUN_1_PASS_b,F,S,la cerise avec le collier était cachée <eos>,6,cachée,caché,4,M,cachée,-9.499367,caché,-10.377288,1
5883,S_NOUN_1_PASS_b,F,S,la cerise avec le collier était cassée <eos>,6,cassée,cassé,4,M,cassée,-9.490464,cassé,-10.881593,1
5884,S_NOUN_1_PASS_b,F,S,la cerise avec le collier était couverte <eos>,6,couverte,couvert,4,M,couverte,-7.2944164,couvert,-10.061558,1
5885,S_NOUN_1_PASS_b,F,S,la cerise avec le collier était déformée <eos>,6,déformée,déformé,4,M,déformée,-11.358742,déformé,-12.997633,1
5886,S_NOUN_1_PASS_b,F,S,la cerise avec le collier était fixée <eos>,6,fixée,fixé,4,M,fixée,-7.243948,fixé,-8.531111,1
5887,S_NOUN_1_PASS_b,F,S,la cerise avec le collier était jetée <eos>,6,jetée,jeté,4,M,jetée,-9.437668,jeté,-11.963631,1
5888,S_NOUN_1_PASS_b,F,S,la cerise avec le collier était laissée <eos>,6,laissée,laissé,4,M,laissée,-8.018162,laissé,-10.573808,1
5889,S_NOUN_1_PASS_b,F,S,la cerise avec le collier était ouverte <eos>,6,ouverte,ouvert,4,M,ouverte,-7.568095,ouvert,-9.879729,1
5890,S_NOUN_1_PASS_b,F,S,la cerise avec le collier était perdue <eos>,6,perdue,perdu,4,M,perdue,-9.392332,perdu,-11.354055,1
5891,S_NOUN_1_PASS_b,F,S,la cerise avec le collier était réparée <eos>,6,réparée,réparé,4,M,réparée,-12.986067,réparé,-15.076458,1
5892,S_NOUN_1_PASS_b,F,S,la cerise avec le collier était retirée <eos>,6,retirée,retiré,4,M,retirée,-8.4299965,retiré,-9.685263,1
5893,S_NOUN_1_PASS_b,F,S,la cerise avec le collier était tombée <eos>,6,tombée,tombé,4,M,tombée,-8.248446,tombé,-9.983678,1
5894,S_NOUN_1_PASS_b,F,S,la cerise avec le collier était utilisée <eos>,6,utilisée,utilisé,4,M,utilisée,-4.4443884,utilisé,-6.7271814,1
5895,S_NOUN_1_PASS_b,F,S,la cerise avec le chapeau était achetée <eos>,6,achetée,acheté,4,M,achetée,-8.932318,acheté,-10.826166,1
5896,S_NOUN_1_PASS_b,F,S,la cerise avec le chapeau était brisée <eos>,6,brisée,brisé,4,M,brisée,-10.183872,brisé,-12.970373,1
5897,S_NOUN_1_PASS_b,F,S,la cerise avec le chapeau était cachée <eos>,6,cachée,caché,4,M,cachée,-10.071059,caché,-11.238768,1
5898,S_NOUN_1_PASS_b,F,S,la cerise avec le chapeau était cassée <eos>,6,cassée,cassé,4,M,cassée,-9.335854,cassé,-10.928676,1
5899,S_NOUN_1_PASS_b,F,S,la cerise avec le chapeau était couverte <eos>,6,couverte,couvert,4,M,couverte,-6.857357,couvert,-9.977665,1
5900,S_NOUN_1_PASS_b,F,S,la cerise avec le chapeau était déformée <eos>,6,déformée,déformé,4,M,déformée,-10.354938,déformé,-12.73735,1
5901,S_NOUN_1_PASS_b,F,S,la cerise avec le chapeau était fixée <eos>,6,fixée,fixé,4,M,fixée,-7.2991877,fixé,-8.673884,1
5902,S_NOUN_1_PASS_b,F,S,la cerise avec le chapeau était jetée <eos>,6,jetée,jeté,4,M,jetée,-9.565959,jeté,-12.555445,1
5903,S_NOUN_1_PASS_b,F,S,la cerise avec le chapeau était laissée <eos>,6,laissée,laissé,4,M,laissée,-7.7031045,laissé,-10.74469,1
5904,S_NOUN_1_PASS_b,F,S,la cerise avec le chapeau était ouverte <eos>,6,ouverte,ouvert,4,M,ouverte,-7.276026,ouvert,-10.024591,1
5905,S_NOUN_1_PASS_b,F,S,la cerise avec le chapeau était perdue <eos>,6,perdue,perdu,4,M,perdue,-9.756964,perdu,-11.74872,1
5906,S_NOUN_1_PASS_b,F,S,la cerise avec le chapeau était réparée <eos>,6,réparée,réparé,4,M,réparée,-12.272019,réparé,-14.892324,1
5907,S_NOUN_1_PASS_b,F,S,la cerise avec le chapeau était retirée <eos>,6,retirée,retiré,4,M,retirée,-8.329829,retiré,-9.773722,1
5908,S_NOUN_1_PASS_b,F,S,la cerise avec le chapeau était tombée <eos>,6,tombée,tombé,4,M,tombée,-8.096392,tombé,-10.240811,1
5909,S_NOUN_1_PASS_b,F,S,la cerise avec le chapeau était utilisée <eos>,6,utilisée,utilisé,4,M,utilisée,-4.488875,utilisé,-7.0711055,1
5910,S_NOUN_1_PASS_b,F,S,la cerise avec le pot était achetée <eos>,6,achetée,acheté,4,M,achetée,-8.537462,acheté,-10.235297,1
5911,S_NOUN_1_PASS_b,F,S,la cerise avec le pot était brisée <eos>,6,brisée,brisé,4,M,brisée,-10.249573,brisé,-12.574635,1
5912,S_NOUN_1_PASS_b,F,S,la cerise avec le pot était cachée <eos>,6,cachée,caché,4,M,cachée,-10.218163,caché,-10.784426,1
5913,S_NOUN_1_PASS_b,F,S,la cerise avec le pot était cassée <eos>,6,cassée,cassé,4,M,cassée,-9.763866,cassé,-11.922382,1
5914,S_NOUN_1_PASS_b,F,S,la cerise avec le pot était couverte <eos>,6,couverte,couvert,4,M,couverte,-7.9740524,couvert,-10.220699,1
5915,S_NOUN_1_PASS_b,F,S,la cerise avec le pot était déformée <eos>,6,déformée,déformé,4,M,déformée,-11.058651,déformé,-13.289403,1
5916,S_NOUN_1_PASS_b,F,S,la cerise avec le pot était fixée <eos>,6,fixée,fixé,4,M,fixée,-7.318372,fixé,-8.822531,1
5917,S_NOUN_1_PASS_b,F,S,la cerise avec le pot était jetée <eos>,6,jetée,jeté,4,M,jetée,-9.570187,jeté,-12.329455,1
5918,S_NOUN_1_PASS_b,F,S,la cerise avec le pot était laissée <eos>,6,laissée,laissé,4,M,laissée,-7.631578,laissé,-10.757326,1
5919,S_NOUN_1_PASS_b,F,S,la cerise avec le pot était ouverte <eos>,6,ouverte,ouvert,4,M,ouverte,-7.6963997,ouvert,-9.527163,1
5920,S_NOUN_1_PASS_b,F,S,la cerise avec le pot était perdue <eos>,6,perdue,perdu,4,M,perdue,-8.854417,perdu,-11.14653,1
5921,S_NOUN_1_PASS_b,F,S,la cerise avec le pot était réparée <eos>,6,réparée,réparé,4,M,réparée,-12.88123,réparé,-14.371836,1
5922,S_NOUN_1_PASS_b,F,S,la cerise avec le pot était retirée <eos>,6,retirée,retiré,4,M,retirée,-8.219485,retiré,-9.432325,1
5923,S_NOUN_1_PASS_b,F,S,la cerise avec le pot était tombée <eos>,6,tombée,tombé,4,M,tombée,-7.865744,tombé,-10.596935,1
5924,S_NOUN_1_PASS_b,F,S,la cerise avec le pot était utilisée <eos>,6,utilisée,utilisé,4,M,utilisée,-4.5190372,utilisé,-6.876709,1
5925,S_NOUN_1_PASS_b,F,S,la cerise avec le coussin était achetée <eos>,6,achetée,acheté,4,M,achetée,-9.289555,acheté,-11.376693,1
5926,S_NOUN_1_PASS_b,F,S,la cerise avec le coussin était brisée <eos>,6,brisée,brisé,4,M,brisée,-9.754669,brisé,-12.666573,1
5927,S_NOUN_1_PASS_b,F,S,la cerise avec le coussin était cachée <eos>,6,cachée,caché,4,M,cachée,-9.445452,caché,-10.473331,1
5928,S_NOUN_1_PASS_b,F,S,la cerise avec le coussin était cassée <eos>,6,cassée,cassé,4,M,cassée,-8.718506,cassé,-10.884222,1
5929,S_NOUN_1_PASS_b,F,S,la cerise avec le coussin était couverte <eos>,6,couverte,couvert,4,M,couverte,-6.78874,couvert,-10.023338,1
5930,S_NOUN_1_PASS_b,F,S,la cerise avec le coussin était déformée <eos>,6,déformée,déformé,4,M,déformée,-11.184963,déformé,-13.576315,1
5931,S_NOUN_1_PASS_b,F,S,la cerise avec le coussin était fixée <eos>,6,fixée,fixé,4,M,fixée,-6.4537086,fixé,-8.787056,1
5932,S_NOUN_1_PASS_b,F,S,la cerise avec le coussin était jetée <eos>,6,jetée,jeté,4,M,jetée,-9.637027,jeté,-12.732503,1
5933,S_NOUN_1_PASS_b,F,S,la cerise avec le coussin était laissée <eos>,6,laissée,laissé,4,M,laissée,-7.3863344,laissé,-10.923759,1
5934,S_NOUN_1_PASS_b,F,S,la cerise avec le coussin était ouverte <eos>,6,ouverte,ouvert,4,M,ouverte,-6.631403,ouvert,-9.861636,1
5935,S_NOUN_1_PASS_b,F,S,la cerise avec le coussin était perdue <eos>,6,perdue,perdu,4,M,perdue,-9.248603,perdu,-11.863058,1
5936,S_NOUN_1_PASS_b,F,S,la cerise avec le coussin était réparée <eos>,6,réparée,réparé,4,M,réparée,-12.0287075,réparé,-15.467806,1
5937,S_NOUN_1_PASS_b,F,S,la cerise avec le coussin était retirée <eos>,6,retirée,retiré,4,M,retirée,-8.101039,retiré,-10.040636,1
5938,S_NOUN_1_PASS_b,F,S,la cerise avec le coussin était tombée <eos>,6,tombée,tombé,4,M,tombée,-9.409694,tombé,-11.283256,1
5939,S_NOUN_1_PASS_b,F,S,la cerise avec le coussin était utilisée <eos>,6,utilisée,utilisé,4,M,utilisée,-4.1365557,utilisé,-6.977089,1
5940,S_NOUN_1_PASS_b,F,S,la cerise avec le jouet était achetée <eos>,6,achetée,acheté,4,M,achetée,-9.033449,acheté,-10.554756,1
5941,S_NOUN_1_PASS_b,F,S,la cerise avec le jouet était brisée <eos>,6,brisée,brisé,4,M,brisée,-10.326115,brisé,-13.0596,1
5942,S_NOUN_1_PASS_b,F,S,la cerise avec le jouet était cachée <eos>,6,cachée,caché,4,M,cachée,-9.801944,caché,-10.714598,1
5943,S_NOUN_1_PASS_b,F,S,la cerise avec le jouet était cassée <eos>,6,cassée,cassé,4,M,cassée,-10.200021,cassé,-13.104372,1
5944,S_NOUN_1_PASS_b,F,S,la cerise avec le jouet était couverte <eos>,6,couverte,couvert,4,M,couverte,-7.8167086,couvert,-11.002269,1
5945,S_NOUN_1_PASS_b,F,S,la cerise avec le jouet était déformée <eos>,6,déformée,déformé,4,M,déformée,-11.84741,déformé,-13.635357,1
5946,S_NOUN_1_PASS_b,F,S,la cerise avec le jouet était fixée <eos>,6,fixée,fixé,4,M,fixée,-7.744874,fixé,-9.851711,1
5947,S_NOUN_1_PASS_b,F,S,la cerise avec le jouet était jetée <eos>,6,jetée,jeté,4,M,jetée,-9.910435,jeté,-12.850425,1
5948,S_NOUN_1_PASS_b,F,S,la cerise avec le jouet était laissée <eos>,6,laissée,laissé,4,M,laissée,-8.131798,laissé,-11.353536,1
5949,S_NOUN_1_PASS_b,F,S,la cerise avec le jouet était ouverte <eos>,6,ouverte,ouvert,4,M,ouverte,-7.8984632,ouvert,-10.4648075,1
5950,S_NOUN_1_PASS_b,F,S,la cerise avec le jouet était perdue <eos>,6,perdue,perdu,4,M,perdue,-9.380881,perdu,-11.735443,1
5951,S_NOUN_1_PASS_b,F,S,la cerise avec le jouet était réparée <eos>,6,réparée,réparé,4,M,réparée,-13.500291,réparé,-15.143616,1
5952,S_NOUN_1_PASS_b,F,S,la cerise avec le jouet était retirée <eos>,6,retirée,retiré,4,M,retirée,-9.032387,retiré,-11.173086,1
5953,S_NOUN_1_PASS_b,F,S,la cerise avec le jouet était tombée <eos>,6,tombée,tombé,4,M,tombée,-9.015598,tombé,-10.3184395,1
5954,S_NOUN_1_PASS_b,F,S,la cerise avec le jouet était utilisée <eos>,6,utilisée,utilisé,4,M,utilisée,-4.296584,utilisé,-6.7663,1
5955,S_NOUN_1_PASS_b,F,S,la cerise avec le clou était achetée <eos>,6,achetée,acheté,4,M,achetée,-8.504388,acheté,-10.685185,1
5956,S_NOUN_1_PASS_b,F,S,la cerise avec le clou était brisée <eos>,6,brisée,brisé,4,M,brisée,-10.478515,brisé,-13.436649,1
5957,S_NOUN_1_PASS_b,F,S,la cerise avec le clou était cachée <eos>,6,cachée,caché,4,M,cachée,-9.412904,caché,-11.755001,1
5958,S_NOUN_1_PASS_b,F,S,la cerise avec le clou était cassée <eos>,6,cassée,cassé,4,M,cassée,-9.34437,cassé,-12.199743,1
5959,S_NOUN_1_PASS_b,F,S,la cerise avec le clou était couverte <eos>,6,couverte,couvert,4,M,couverte,-6.9826527,couvert,-10.6131735,1
5960,S_NOUN_1_PASS_b,F,S,la cerise avec le clou était déformée <eos>,6,déformée,déformé,4,M,déformée,-11.096112,déformé,-13.817214,1
5961,S_NOUN_1_PASS_b,F,S,la cerise avec le clou était fixée <eos>,6,fixée,fixé,4,M,fixée,-6.9759903,fixé,-8.938404,1
5962,S_NOUN_1_PASS_b,F,S,la cerise avec le clou était jetée <eos>,6,jetée,jeté,4,M,jetée,-8.872299,jeté,-13.016202,1
5963,S_NOUN_1_PASS_b,F,S,la cerise avec le clou était laissée <eos>,6,laissée,laissé,4,M,laissée,-7.132572,laissé,-11.041931,1
5964,S_NOUN_1_PASS_b,F,S,la cerise avec le clou était ouverte <eos>,6,ouverte,ouvert,4,M,ouverte,-8.17997,ouvert,-11.125828,1
5965,S_NOUN_1_PASS_b,F,S,la cerise avec le clou était perdue <eos>,6,perdue,perdu,4,M,perdue,-8.352699,perdu,-11.594135,1
5966,S_NOUN_1_PASS_b,F,S,la cerise avec le clou était réparée <eos>,6,réparée,réparé,4,M,réparée,-13.397541,réparé,-15.488589,1
5967,S_NOUN_1_PASS_b,F,S,la cerise avec le clou était retirée <eos>,6,retirée,retiré,4,M,retirée,-7.2815123,retiré,-10.157015,1
5968,S_NOUN_1_PASS_b,F,S,la cerise avec le clou était tombée <eos>,6,tombée,tombé,4,M,tombée,-7.2237067,tombé,-10.709192,1
5969,S_NOUN_1_PASS_b,F,S,la cerise avec le clou était utilisée <eos>,6,utilisée,utilisé,4,M,utilisée,-4.185992,utilisé,-7.3686576,1
5970,S_NOUN_1_PASS_b,F,S,la cerise avec le billet était achetée <eos>,6,achetée,acheté,4,M,achetée,-8.230164,acheté,-9.750332,1
5971,S_NOUN_1_PASS_b,F,S,la cerise avec le billet était brisée <eos>,6,brisée,brisé,4,M,brisée,-10.950601,brisé,-12.548279,1
5972,S_NOUN_1_PASS_b,F,S,la cerise avec le billet était cachée <eos>,6,cachée,caché,4,M,cachée,-10.498574,caché,-10.695775,1
5973,S_NOUN_1_PASS_b,F,S,la cerise avec le billet était cassée <eos>,6,cassée,cassé,4,M,cassée,-10.452615,cassé,-12.177244,1
5974,S_NOUN_1_PASS_b,F,S,la cerise avec le billet était couverte <eos>,6,couverte,couvert,4,M,couverte,-7.767148,couvert,-9.927336,1
5975,S_NOUN_1_PASS_b,F,S,la cerise avec le billet était déformée <eos>,6,déformée,déformé,4,M,déformée,-11.481409,déformé,-13.498686,1
5976,S_NOUN_1_PASS_b,F,S,la cerise avec le billet était fixée <eos>,6,fixée,fixé,4,M,fixée,-6.9721727,fixé,-8.028354,1
5977,S_NOUN_1_PASS_b,F,S,la cerise avec le billet était jetée <eos>,6,jetée,jeté,4,M,jetée,-9.36828,jeté,-12.458179,1
5978,S_NOUN_1_PASS_b,F,S,la cerise avec le billet était laissée <eos>,6,laissée,laissé,4,M,laissée,-8.322646,laissé,-10.432198,1
5979,S_NOUN_1_PASS_b,F,S,la cerise avec le billet était ouverte <eos>,6,ouverte,ouvert,4,M,ouverte,-8.016197,ouvert,-10.046801,1
5980,S_NOUN_1_PASS_b,F,S,la cerise avec le billet était perdue <eos>,6,perdue,perdu,4,M,perdue,-9.360529,perdu,-10.740269,1
5981,S_NOUN_1_PASS_b,F,S,la cerise avec le billet était réparée <eos>,6,réparée,réparé,4,M,réparée,-13.59775,réparé,-14.901976,1
5982,S_NOUN_1_PASS_b,F,S,la cerise avec le billet était retirée <eos>,6,retirée,retiré,4,M,retirée,-8.865555,retiré,-9.713286,1
5983,S_NOUN_1_PASS_b,F,S,la cerise avec le billet était tombée <eos>,6,tombée,tombé,4,M,tombée,-7.64606,tombé,-9.207649,1
5984,S_NOUN_1_PASS_b,F,S,la cerise avec le billet était utilisée <eos>,6,utilisée,utilisé,4,M,utilisée,-5.383732,utilisé,-7.166193,1
5985,S_NOUN_1_PASS_b,F,S,la cerise avec le légume était achetée <eos>,6,achetée,acheté,4,M,achetée,-9.881353,acheté,-11.233011,1
5986,S_NOUN_1_PASS_b,F,S,la cerise avec le légume était brisée <eos>,6,brisée,brisé,4,M,brisée,-12.63416,brisé,-13.926121,1
5987,S_NOUN_1_PASS_b,F,S,la cerise avec le légume était cachée <eos>,6,cachée,caché,4,M,cachée,-10.346878,caché,-11.557714,1
5988,S_NOUN_1_PASS_b,F,S,la cerise avec le légume était cassée <eos>,6,cassée,cassé,4,M,cassée,-11.551656,cassé,-13.68716,1
5989,S_NOUN_1_PASS_b,F,S,la cerise avec le légume était couverte <eos>,6,couverte,couvert,4,M,couverte,-8.141171,couvert,-11.435974,1
5990,S_NOUN_1_PASS_b,F,S,la cerise avec le légume était déformée <eos>,6,déformée,déformé,4,M,déformée,-12.370676,déformé,-14.651847,1
5991,S_NOUN_1_PASS_b,F,S,la cerise avec le légume était fixée <eos>,6,fixée,fixé,4,M,fixée,-8.311917,fixé,-9.673283,1
5992,S_NOUN_1_PASS_b,F,S,la cerise avec le légume était jetée <eos>,6,jetée,jeté,4,M,jetée,-10.991728,jeté,-13.6131,1
5993,S_NOUN_1_PASS_b,F,S,la cerise avec le légume était laissée <eos>,6,laissée,laissé,4,M,laissée,-8.279584,laissé,-11.352544,1
5994,S_NOUN_1_PASS_b,F,S,la cerise avec le légume était ouverte <eos>,6,ouverte,ouvert,4,M,ouverte,-8.360756,ouvert,-10.852482,1
5995,S_NOUN_1_PASS_b,F,S,la cerise avec le légume était perdue <eos>,6,perdue,perdu,4,M,perdue,-9.259398,perdu,-11.6539135,1
5996,S_NOUN_1_PASS_b,F,S,la cerise avec le légume était réparée <eos>,6,réparée,réparé,4,M,réparée,-14.785468,réparé,-15.672284,1
5997,S_NOUN_1_PASS_b,F,S,la cerise avec le légume était retirée <eos>,6,retirée,retiré,4,M,retirée,-8.991147,retiré,-10.82317,1
5998,S_NOUN_1_PASS_b,F,S,la cerise avec le légume était tombée <eos>,6,tombée,tombé,4,M,tombée,-8.097158,tombé,-10.622256,1
5999,S_NOUN_1_PASS_b,F,S,la cerise avec le légume était utilisée <eos>,6,utilisée,utilisé,4,M,utilisée,-5.0212283,utilisé,-7.089021,1
6000,S_NOUN_1_PASS_b,M,S,le bracelet avec la gemme était acheté <eos>,6,acheté,achetée,4,F,acheté,-7.9967866,achetée,-11.022072,1
6001,S_NOUN_1_PASS_b,M,S,le bracelet avec la gemme était brisé <eos>,6,brisé,brisée,4,F,brisé,-7.4870405,brisée,-10.668497,1
6002,S_NOUN_1_PASS_b,M,S,le bracelet avec la gemme était caché <eos>,6,caché,cachée,4,F,caché,-6.5293436,cachée,-9.604062,1
6003,S_NOUN_1_PASS_b,M,S,le bracelet avec la gemme était cassé <eos>,6,cassé,cassée,4,F,cassé,-5.8974733,cassée,-10.0646515,1
6004,S_NOUN_1_PASS_b,M,S,le bracelet avec la gemme était couvert <eos>,6,couvert,couverte,4,F,couvert,-6.214317,couverte,-10.0267315,1
6005,S_NOUN_1_PASS_b,M,S,le bracelet avec la gemme était déformé <eos>,6,déformé,déformée,4,F,déformé,-10.302036,déformée,-12.63739,1
6006,S_NOUN_1_PASS_b,M,S,le bracelet avec la gemme était fixé <eos>,6,fixé,fixée,4,F,fixé,-4.6456137,fixée,-7.815736,1
6007,S_NOUN_1_PASS_b,M,S,le bracelet avec la gemme était jeté <eos>,6,jeté,jetée,4,F,jeté,-6.986392,jetée,-12.81679,1
6008,S_NOUN_1_PASS_b,M,S,le bracelet avec la gemme était laissé <eos>,6,laissé,laissée,4,F,laissé,-8.529518,laissée,-12.026757,1
6009,S_NOUN_1_PASS_b,M,S,le bracelet avec la gemme était ouvert <eos>,6,ouvert,ouverte,4,F,ouvert,-7.091092,ouverte,-9.946435,1
6010,S_NOUN_1_PASS_b,M,S,le bracelet avec la gemme était perdu <eos>,6,perdu,perdue,4,F,perdu,-8.18565,perdue,-11.8391695,1
6011,S_NOUN_1_PASS_b,M,S,le bracelet avec la gemme était réparé <eos>,6,réparé,réparée,4,F,réparé,-11.111212,réparée,-13.882724,1
6012,S_NOUN_1_PASS_b,M,S,le bracelet avec la gemme était retiré <eos>,6,retiré,retirée,4,F,retiré,-6.1568003,retirée,-11.324027,1
6013,S_NOUN_1_PASS_b,M,S,le bracelet avec la gemme était tombé <eos>,6,tombé,tombée,4,F,tombé,-7.7681675,tombée,-10.968181,1
6014,S_NOUN_1_PASS_b,M,S,le bracelet avec la gemme était utilisé <eos>,6,utilisé,utilisée,4,F,utilisé,-3.5980477,utilisée,-7.7680907,1
6015,S_NOUN_1_PASS_b,M,S,le bracelet avec la chaise était acheté <eos>,6,acheté,achetée,4,F,acheté,-8.121317,achetée,-10.583512,1
6016,S_NOUN_1_PASS_b,M,S,le bracelet avec la chaise était brisé <eos>,6,brisé,brisée,4,F,brisé,-7.0363846,brisée,-9.175655,1
6017,S_NOUN_1_PASS_b,M,S,le bracelet avec la chaise était caché <eos>,6,caché,cachée,4,F,caché,-7.3126545,cachée,-9.048384,1
6018,S_NOUN_1_PASS_b,M,S,le bracelet avec la chaise était cassé <eos>,6,cassé,cassée,4,F,cassé,-5.6842136,cassée,-8.818859,1
6019,S_NOUN_1_PASS_b,M,S,le bracelet avec la chaise était couvert <eos>,6,couvert,couverte,4,F,couvert,-5.404276,couverte,-8.43739,1
6020,S_NOUN_1_PASS_b,M,S,le bracelet avec la chaise était déformé <eos>,6,déformé,déformée,4,F,déformé,-9.961125,déformée,-11.598775,1
6021,S_NOUN_1_PASS_b,M,S,le bracelet avec la chaise était fixé <eos>,6,fixé,fixée,4,F,fixé,-5.612385,fixée,-6.9248095,1
6022,S_NOUN_1_PASS_b,M,S,le bracelet avec la chaise était jeté <eos>,6,jeté,jetée,4,F,jeté,-6.9130383,jetée,-12.231279,1
6023,S_NOUN_1_PASS_b,M,S,le bracelet avec la chaise était laissé <eos>,6,laissé,laissée,4,F,laissé,-8.505205,laissée,-11.174008,1
6024,S_NOUN_1_PASS_b,M,S,le bracelet avec la chaise était ouvert <eos>,6,ouvert,ouverte,4,F,ouvert,-6.226076,ouverte,-8.327704,1
6025,S_NOUN_1_PASS_b,M,S,le bracelet avec la chaise était perdu <eos>,6,perdu,perdue,4,F,perdu,-7.8361073,perdue,-10.914022,1
6026,S_NOUN_1_PASS_b,M,S,le bracelet avec la chaise était réparé <eos>,6,réparé,réparée,4,F,réparé,-10.49033,réparée,-11.803073,1
6027,S_NOUN_1_PASS_b,M,S,le bracelet avec la chaise était retiré <eos>,6,retiré,retirée,4,F,retiré,-6.3116055,retirée,-10.298847,1
6028,S_NOUN_1_PASS_b,M,S,le bracelet avec la chaise était tombé <eos>,6,tombé,tombée,4,F,tombé,-7.484151,tombée,-10.153831,1
6029,S_NOUN_1_PASS_b,M,S,le bracelet avec la chaise était utilisé <eos>,6,utilisé,utilisée,4,F,utilisé,-4.2064075,utilisée,-7.3626328,1
6030,S_NOUN_1_PASS_b,M,S,le bracelet avec la poubelle était acheté <eos>,6,acheté,achetée,4,F,acheté,-7.4362984,achetée,-10.711749,1
6031,S_NOUN_1_PASS_b,M,S,le bracelet avec la poubelle était brisé <eos>,6,brisé,brisée,4,F,brisé,-7.084334,brisée,-10.393366,1
6032,S_NOUN_1_PASS_b,M,S,le bracelet avec la poubelle était caché <eos>,6,caché,cachée,4,F,caché,-6.6088133,cachée,-9.512522,1
6033,S_NOUN_1_PASS_b,M,S,le bracelet avec la poubelle était cassé <eos>,6,cassé,cassée,4,F,cassé,-6.0198727,cassée,-9.633575,1
6034,S_NOUN_1_PASS_b,M,S,le bracelet avec la poubelle était couvert <eos>,6,couvert,couverte,4,F,couvert,-5.9538984,couverte,-9.4585085,1
6035,S_NOUN_1_PASS_b,M,S,le bracelet avec la poubelle était déformé <eos>,6,déformé,déformée,4,F,déformé,-9.297862,déformée,-12.095481,1
6036,S_NOUN_1_PASS_b,M,S,le bracelet avec la poubelle était fixé <eos>,6,fixé,fixée,4,F,fixé,-5.935458,fixée,-8.801545,1
6037,S_NOUN_1_PASS_b,M,S,le bracelet avec la poubelle était jeté <eos>,6,jeté,jetée,4,F,jeté,-6.275287,jetée,-11.250994,1
6038,S_NOUN_1_PASS_b,M,S,le bracelet avec la poubelle était laissé <eos>,6,laissé,laissée,4,F,laissé,-7.558632,laissée,-11.35954,1
6039,S_NOUN_1_PASS_b,M,S,le bracelet avec la poubelle était ouvert <eos>,6,ouvert,ouverte,4,F,ouvert,-6.389497,ouverte,-9.252574,1
6040,S_NOUN_1_PASS_b,M,S,le bracelet avec la poubelle était perdu <eos>,6,perdu,perdue,4,F,perdu,-6.904368,perdue,-11.045277,1
6041,S_NOUN_1_PASS_b,M,S,le bracelet avec la poubelle était réparé <eos>,6,réparé,réparée,4,F,réparé,-10.127444,réparée,-12.515898,1
6042,S_NOUN_1_PASS_b,M,S,le bracelet avec la poubelle était retiré <eos>,6,retiré,retirée,4,F,retiré,-5.9418793,retirée,-10.6318,1
6043,S_NOUN_1_PASS_b,M,S,le bracelet avec la poubelle était tombé <eos>,6,tombé,tombée,4,F,tombé,-7.6067095,tombée,-10.477306,1
6044,S_NOUN_1_PASS_b,M,S,le bracelet avec la poubelle était utilisé <eos>,6,utilisé,utilisée,4,F,utilisé,-4.4434013,utilisée,-8.47592,1
6045,S_NOUN_1_PASS_b,M,S,le bracelet avec la chemise était acheté <eos>,6,acheté,achetée,4,F,acheté,-8.1467905,achetée,-11.493735,1
6046,S_NOUN_1_PASS_b,M,S,le bracelet avec la chemise était brisé <eos>,6,brisé,brisée,4,F,brisé,-7.5246387,brisée,-10.865189,1
6047,S_NOUN_1_PASS_b,M,S,le bracelet avec la chemise était caché <eos>,6,caché,cachée,4,F,caché,-7.1984453,cachée,-10.331447,1
6048,S_NOUN_1_PASS_b,M,S,le bracelet avec la chemise était cassé <eos>,6,cassé,cassée,4,F,cassé,-5.8849792,cassée,-10.912102,1
6049,S_NOUN_1_PASS_b,M,S,le bracelet avec la chemise était couvert <eos>,6,couvert,couverte,4,F,couvert,-5.549861,couverte,-9.369256,1
6050,S_NOUN_1_PASS_b,M,S,le bracelet avec la chemise était déformé <eos>,6,déformé,déformée,4,F,déformé,-10.113056,déformée,-12.326426,1
6051,S_NOUN_1_PASS_b,M,S,le bracelet avec la chemise était fixé <eos>,6,fixé,fixée,4,F,fixé,-4.816152,fixée,-7.8449388,1
6052,S_NOUN_1_PASS_b,M,S,le bracelet avec la chemise était jeté <eos>,6,jeté,jetée,4,F,jeté,-6.6706777,jetée,-13.459137,1
6053,S_NOUN_1_PASS_b,M,S,le bracelet avec la chemise était laissé <eos>,6,laissé,laissée,4,F,laissé,-8.138,laissée,-12.270728,1
6054,S_NOUN_1_PASS_b,M,S,le bracelet avec la chemise était ouvert <eos>,6,ouvert,ouverte,4,F,ouvert,-6.2620344,ouverte,-9.36783,1
6055,S_NOUN_1_PASS_b,M,S,le bracelet avec la chemise était perdu <eos>,6,perdu,perdue,4,F,perdu,-8.121719,perdue,-12.738345,1
6056,S_NOUN_1_PASS_b,M,S,le bracelet avec la chemise était réparé <eos>,6,réparé,réparée,4,F,réparé,-11.528384,réparée,-13.457822,1
6057,S_NOUN_1_PASS_b,M,S,le bracelet avec la chemise était retiré <eos>,6,retiré,retirée,4,F,retiré,-5.462366,retirée,-11.370577,1
6058,S_NOUN_1_PASS_b,M,S,le bracelet avec la chemise était tombé <eos>,6,tombé,tombée,4,F,tombé,-7.1355734,tombée,-10.783062,1
6059,S_NOUN_1_PASS_b,M,S,le bracelet avec la chemise était utilisé <eos>,6,utilisé,utilisée,4,F,utilisé,-3.9857435,utilisée,-8.133051,1
6060,S_NOUN_1_PASS_b,M,S,le bracelet avec la recette était acheté <eos>,6,acheté,achetée,4,F,acheté,-8.401007,achetée,-11.204573,1
6061,S_NOUN_1_PASS_b,M,S,le bracelet avec la recette était brisé <eos>,6,brisé,brisée,4,F,brisé,-8.306808,brisée,-10.703615,1
6062,S_NOUN_1_PASS_b,M,S,le bracelet avec la recette était caché <eos>,6,caché,cachée,4,F,caché,-7.362183,cachée,-10.099007,1
6063,S_NOUN_1_PASS_b,M,S,le bracelet avec la recette était cassé <eos>,6,cassé,cassée,4,F,cassé,-7.4088817,cassée,-10.348324,1
6064,S_NOUN_1_PASS_b,M,S,le bracelet avec la recette était couvert <eos>,6,couvert,couverte,4,F,couvert,-7.220417,couverte,-10.604491,1
6065,S_NOUN_1_PASS_b,M,S,le bracelet avec la recette était déformé <eos>,6,déformé,déformée,4,F,déformé,-11.182053,déformée,-12.597374,1
6066,S_NOUN_1_PASS_b,M,S,le bracelet avec la recette était fixé <eos>,6,fixé,fixée,4,F,fixé,-5.308548,fixée,-7.2999277,1
6067,S_NOUN_1_PASS_b,M,S,le bracelet avec la recette était jeté <eos>,6,jeté,jetée,4,F,jeté,-7.694783,jetée,-13.228369,1
6068,S_NOUN_1_PASS_b,M,S,le bracelet avec la recette était laissé <eos>,6,laissé,laissée,4,F,laissé,-8.961931,laissée,-11.738303,1
6069,S_NOUN_1_PASS_b,M,S,le bracelet avec la recette était ouvert <eos>,6,ouvert,ouverte,4,F,ouvert,-7.0259724,ouverte,-9.734569,1
6070,S_NOUN_1_PASS_b,M,S,le bracelet avec la recette était perdu <eos>,6,perdu,perdue,4,F,perdu,-8.2198925,perdue,-10.923458,1
6071,S_NOUN_1_PASS_b,M,S,le bracelet avec la recette était réparé <eos>,6,réparé,réparée,4,F,réparé,-11.940404,réparée,-14.0536585,1
6072,S_NOUN_1_PASS_b,M,S,le bracelet avec la recette était retiré <eos>,6,retiré,retirée,4,F,retiré,-6.635089,retirée,-10.739581,1
6073,S_NOUN_1_PASS_b,M,S,le bracelet avec la recette était tombé <eos>,6,tombé,tombée,4,F,tombé,-7.5553317,tombée,-10.322092,1
6074,S_NOUN_1_PASS_b,M,S,le bracelet avec la recette était utilisé <eos>,6,utilisé,utilisée,4,F,utilisé,-5.0300016,utilisée,-8.539496,1
6075,S_NOUN_1_PASS_b,M,S,le bracelet avec la jupe était acheté <eos>,6,acheté,achetée,4,F,acheté,-8.953641,achetée,-11.584505,1
6076,S_NOUN_1_PASS_b,M,S,le bracelet avec la jupe était brisé <eos>,6,brisé,brisée,4,F,brisé,-7.0586767,brisée,-9.50975,1
6077,S_NOUN_1_PASS_b,M,S,le bracelet avec la jupe était caché <eos>,6,caché,cachée,4,F,caché,-7.707201,cachée,-9.112795,1
6078,S_NOUN_1_PASS_b,M,S,le bracelet avec la jupe était cassé <eos>,6,cassé,cassée,4,F,cassé,-4.9393983,cassée,-9.031363,1
6079,S_NOUN_1_PASS_b,M,S,le bracelet avec la jupe était couvert <eos>,6,couvert,couverte,4,F,couvert,-5.4429884,couverte,-8.694387,1
6080,S_NOUN_1_PASS_b,M,S,le bracelet avec la jupe était déformé <eos>,6,déformé,déformée,4,F,déformé,-9.923234,déformée,-10.705901,1
6081,S_NOUN_1_PASS_b,M,S,le bracelet avec la jupe était fixé <eos>,6,fixé,fixée,4,F,fixé,-5.515812,fixée,-7.195491,1
6082,S_NOUN_1_PASS_b,M,S,le bracelet avec la jupe était jeté <eos>,6,jeté,jetée,4,F,jeté,-7.1748047,jetée,-13.220785,1
6083,S_NOUN_1_PASS_b,M,S,le bracelet avec la jupe était laissé <eos>,6,laissé,laissée,4,F,laissé,-8.5899105,laissée,-11.635552,1
6084,S_NOUN_1_PASS_b,M,S,le bracelet avec la jupe était ouvert <eos>,6,ouvert,ouverte,4,F,ouvert,-6.438965,ouverte,-8.398073,1
6085,S_NOUN_1_PASS_b,M,S,le bracelet avec la jupe était perdu <eos>,6,perdu,perdue,4,F,perdu,-8.172137,perdue,-11.244165,1
6086,S_NOUN_1_PASS_b,M,S,le bracelet avec la jupe était réparé <eos>,6,réparé,réparée,4,F,réparé,-11.68651,réparée,-12.048584,1
6087,S_NOUN_1_PASS_b,M,S,le bracelet avec la jupe était retiré <eos>,6,retiré,retirée,4,F,retiré,-6.732377,retirée,-10.963264,1
6088,S_NOUN_1_PASS_b,M,S,le bracelet avec la jupe était tombé <eos>,6,tombé,tombée,4,F,tombé,-7.5613394,tombée,-10.546068,1
6089,S_NOUN_1_PASS_b,M,S,le bracelet avec la jupe était utilisé <eos>,6,utilisé,utilisée,4,F,utilisé,-5.4720182,utilisée,-8.419735,1
6090,S_NOUN_1_PASS_b,M,S,le bracelet avec la colle était acheté <eos>,6,acheté,achetée,4,F,acheté,-7.7289543,achetée,-11.1094885,1
6091,S_NOUN_1_PASS_b,M,S,le bracelet avec la colle était brisé <eos>,6,brisé,brisée,4,F,brisé,-7.04556,brisée,-10.509825,1
6092,S_NOUN_1_PASS_b,M,S,le bracelet avec la colle était caché <eos>,6,caché,cachée,4,F,caché,-6.355256,cachée,-9.292461,1
6093,S_NOUN_1_PASS_b,M,S,le bracelet avec la colle était cassé <eos>,6,cassé,cassée,4,F,cassé,-6.118062,cassée,-9.923691,1
6094,S_NOUN_1_PASS_b,M,S,le bracelet avec la colle était couvert <eos>,6,couvert,couverte,4,F,couvert,-6.0315714,couverte,-9.698981,1
6095,S_NOUN_1_PASS_b,M,S,le bracelet avec la colle était déformé <eos>,6,déformé,déformée,4,F,déformé,-9.603224,déformée,-11.946682,1
6096,S_NOUN_1_PASS_b,M,S,le bracelet avec la colle était fixé <eos>,6,fixé,fixée,4,F,fixé,-4.8370166,fixée,-7.7194495,1
6097,S_NOUN_1_PASS_b,M,S,le bracelet avec la colle était jeté <eos>,6,jeté,jetée,4,F,jeté,-6.8412976,jetée,-12.683395,1
6098,S_NOUN_1_PASS_b,M,S,le bracelet avec la colle était laissé <eos>,6,laissé,laissée,4,F,laissé,-8.4519005,laissée,-11.543171,1
6099,S_NOUN_1_PASS_b,M,S,le bracelet avec la colle était ouvert <eos>,6,ouvert,ouverte,4,F,ouvert,-6.786057,ouverte,-9.630718,1
6100,S_NOUN_1_PASS_b,M,S,le bracelet avec la colle était perdu <eos>,6,perdu,perdue,4,F,perdu,-7.8017244,perdue,-10.621274,1
6101,S_NOUN_1_PASS_b,M,S,le bracelet avec la colle était réparé <eos>,6,réparé,réparée,4,F,réparé,-11.053925,réparée,-13.747588,1
6102,S_NOUN_1_PASS_b,M,S,le bracelet avec la colle était retiré <eos>,6,retiré,retirée,4,F,retiré,-5.4470243,retirée,-10.566807,1
6103,S_NOUN_1_PASS_b,M,S,le bracelet avec la colle était tombé <eos>,6,tombé,tombée,4,F,tombé,-7.2078495,tombée,-10.589555,1
6104,S_NOUN_1_PASS_b,M,S,le bracelet avec la colle était utilisé <eos>,6,utilisé,utilisée,4,F,utilisé,-3.9074786,utilisée,-7.9531,1
6105,S_NOUN_1_PASS_b,M,S,le bracelet avec la lampe était acheté <eos>,6,acheté,achetée,4,F,acheté,-8.383044,achetée,-10.131509,1
6106,S_NOUN_1_PASS_b,M,S,le bracelet avec la lampe était brisé <eos>,6,brisé,brisée,4,F,brisé,-6.4839306,brisée,-8.774579,1
6107,S_NOUN_1_PASS_b,M,S,le bracelet avec la lampe était caché <eos>,6,caché,cachée,4,F,caché,-6.4585705,cachée,-8.439766,1
6108,S_NOUN_1_PASS_b,M,S,le bracelet avec la lampe était cassé <eos>,6,cassé,cassée,4,F,cassé,-6.762623,cassée,-8.996731,1
6109,S_NOUN_1_PASS_b,M,S,le bracelet avec la lampe était couvert <eos>,6,couvert,couverte,4,F,couvert,-6.2832003,couverte,-8.907583,1
6110,S_NOUN_1_PASS_b,M,S,le bracelet avec la lampe était déformé <eos>,6,déformé,déformée,4,F,déformé,-10.197576,déformée,-11.466147,1
6111,S_NOUN_1_PASS_b,M,S,le bracelet avec la lampe était fixé <eos>,6,fixé,fixée,4,F,fixé,-5.2649193,fixée,-7.2210865,1
6112,S_NOUN_1_PASS_b,M,S,le bracelet avec la lampe était jeté <eos>,6,jeté,jetée,4,F,jeté,-6.90976,jetée,-11.653643,1
6113,S_NOUN_1_PASS_b,M,S,le bracelet avec la lampe était laissé <eos>,6,laissé,laissée,4,F,laissé,-8.592404,laissée,-10.790531,1
6114,S_NOUN_1_PASS_b,M,S,le bracelet avec la lampe était ouvert <eos>,6,ouvert,ouverte,4,F,ouvert,-6.685172,ouverte,-8.745225,1
6115,S_NOUN_1_PASS_b,M,S,le bracelet avec la lampe était perdu <eos>,6,perdu,perdue,4,F,perdu,-7.952302,perdue,-10.626077,1
6116,S_NOUN_1_PASS_b,M,S,le bracelet avec la lampe était réparé <eos>,6,réparé,réparée,4,F,réparé,-10.906196,réparée,-12.372379,1
6117,S_NOUN_1_PASS_b,M,S,le bracelet avec la lampe était retiré <eos>,6,retiré,retirée,4,F,retiré,-6.5426397,retirée,-10.046244,1
6118,S_NOUN_1_PASS_b,M,S,le bracelet avec la lampe était tombé <eos>,6,tombé,tombée,4,F,tombé,-7.4571543,tombée,-10.054498,1
6119,S_NOUN_1_PASS_b,M,S,le bracelet avec la lampe était utilisé <eos>,6,utilisé,utilisée,4,F,utilisé,-4.5345225,utilisée,-7.6824603,1
6120,S_NOUN_1_PASS_b,M,S,le bracelet avec la bouteille était acheté <eos>,6,acheté,achetée,4,F,acheté,-7.8476934,achetée,-10.878554,1
6121,S_NOUN_1_PASS_b,M,S,le bracelet avec la bouteille était brisé <eos>,6,brisé,brisée,4,F,brisé,-7.0863733,brisée,-9.933468,1
6122,S_NOUN_1_PASS_b,M,S,le bracelet avec la bouteille était caché <eos>,6,caché,cachée,4,F,caché,-6.47099,cachée,-9.400422,1
6123,S_NOUN_1_PASS_b,M,S,le bracelet avec la bouteille était cassé <eos>,6,cassé,cassée,4,F,cassé,-5.3643913,cassée,-9.093808,1
6124,S_NOUN_1_PASS_b,M,S,le bracelet avec la bouteille était couvert <eos>,6,couvert,couverte,4,F,couvert,-5.696285,couverte,-10.047602,1
6125,S_NOUN_1_PASS_b,M,S,le bracelet avec la bouteille était déformé <eos>,6,déformé,déformée,4,F,déformé,-9.852428,déformée,-11.7334,1
6126,S_NOUN_1_PASS_b,M,S,le bracelet avec la bouteille était fixé <eos>,6,fixé,fixée,4,F,fixé,-4.4196124,fixée,-7.521294,1
6127,S_NOUN_1_PASS_b,M,S,le bracelet avec la bouteille était jeté <eos>,6,jeté,jetée,4,F,jeté,-6.3820524,jetée,-12.161672,1
6128,S_NOUN_1_PASS_b,M,S,le bracelet avec la bouteille était laissé <eos>,6,laissé,laissée,4,F,laissé,-8.007262,laissée,-11.486269,1
6129,S_NOUN_1_PASS_b,M,S,le bracelet avec la bouteille était ouvert <eos>,6,ouvert,ouverte,4,F,ouvert,-6.333673,ouverte,-9.317812,1
6130,S_NOUN_1_PASS_b,M,S,le bracelet avec la bouteille était perdu <eos>,6,perdu,perdue,4,F,perdu,-7.4356413,perdue,-11.05936,1
6131,S_NOUN_1_PASS_b,M,S,le bracelet avec la bouteille était réparé <eos>,6,réparé,réparée,4,F,réparé,-10.87072,réparée,-13.414648,1
6132,S_NOUN_1_PASS_b,M,S,le bracelet avec la bouteille était retiré <eos>,6,retiré,retirée,4,F,retiré,-5.564193,retirée,-10.478129,1
6133,S_NOUN_1_PASS_b,M,S,le bracelet avec la bouteille était tombé <eos>,6,tombé,tombée,4,F,tombé,-7.187475,tombée,-10.791279,1
6134,S_NOUN_1_PASS_b,M,S,le bracelet avec la bouteille était utilisé <eos>,6,utilisé,utilisée,4,F,utilisé,-4.4260864,utilisée,-8.400542,1
6135,S_NOUN_1_PASS_b,M,S,le bracelet avec la boisson était acheté <eos>,6,acheté,achetée,4,F,acheté,-8.396897,achetée,-11.346892,1
6136,S_NOUN_1_PASS_b,M,S,le bracelet avec la boisson était brisé <eos>,6,brisé,brisée,4,F,brisé,-9.114935,brisée,-11.48864,1
6137,S_NOUN_1_PASS_b,M,S,le bracelet avec la boisson était caché <eos>,6,caché,cachée,4,F,caché,-8.112959,cachée,-10.667047,1
6138,S_NOUN_1_PASS_b,M,S,le bracelet avec la boisson était cassé <eos>,6,cassé,cassée,4,F,cassé,-7.5156784,cassée,-11.070708,1
6139,S_NOUN_1_PASS_b,M,S,le bracelet avec la boisson était couvert <eos>,6,couvert,couverte,4,F,couvert,-7.318886,couverte,-10.707941,1
6140,S_NOUN_1_PASS_b,M,S,le bracelet avec la boisson était déformé <eos>,6,déformé,déformée,4,F,déformé,-10.77428,déformée,-12.796332,1
6141,S_NOUN_1_PASS_b,M,S,le bracelet avec la boisson était fixé <eos>,6,fixé,fixée,4,F,fixé,-6.1046896,fixée,-8.776321,1
6142,S_NOUN_1_PASS_b,M,S,le bracelet avec la boisson était jeté <eos>,6,jeté,jetée,4,F,jeté,-7.6428604,jetée,-13.332428,1
6143,S_NOUN_1_PASS_b,M,S,le bracelet avec la boisson était laissé <eos>,6,laissé,laissée,4,F,laissé,-9.127905,laissée,-12.202223,1
6144,S_NOUN_1_PASS_b,M,S,le bracelet avec la boisson était ouvert <eos>,6,ouvert,ouverte,4,F,ouvert,-7.730368,ouverte,-10.379824,1
6145,S_NOUN_1_PASS_b,M,S,le bracelet avec la boisson était perdu <eos>,6,perdu,perdue,4,F,perdu,-8.283958,perdue,-11.200134,1
6146,S_NOUN_1_PASS_b,M,S,le bracelet avec la boisson était réparé <eos>,6,réparé,réparée,4,F,réparé,-12.114294,réparée,-14.736254,1
6147,S_NOUN_1_PASS_b,M,S,le bracelet avec la boisson était retiré <eos>,6,retiré,retirée,4,F,retiré,-6.3675284,retirée,-11.025223,1
6148,S_NOUN_1_PASS_b,M,S,le bracelet avec la boisson était tombé <eos>,6,tombé,tombée,4,F,tombé,-7.547946,tombée,-10.375164,1
6149,S_NOUN_1_PASS_b,M,S,le bracelet avec la boisson était utilisé <eos>,6,utilisé,utilisée,4,F,utilisé,-4.4301987,utilisée,-8.005705,1
6150,S_NOUN_1_PASS_b,M,S,le bracelet avec la pomme était acheté <eos>,6,acheté,achetée,4,F,acheté,-8.101179,achetée,-11.3314495,1
6151,S_NOUN_1_PASS_b,M,S,le bracelet avec la pomme était brisé <eos>,6,brisé,brisée,4,F,brisé,-6.880512,brisée,-10.6904545,1
6152,S_NOUN_1_PASS_b,M,S,le bracelet avec la pomme était caché <eos>,6,caché,cachée,4,F,caché,-6.659384,cachée,-10.453637,1
6153,S_NOUN_1_PASS_b,M,S,le bracelet avec la pomme était cassé <eos>,6,cassé,cassée,4,F,cassé,-6.5675054,cassée,-10.380596,1
6154,S_NOUN_1_PASS_b,M,S,le bracelet avec la pomme était couvert <eos>,6,couvert,couverte,4,F,couvert,-6.004085,couverte,-10.355125,1
6155,S_NOUN_1_PASS_b,M,S,le bracelet avec la pomme était déformé <eos>,6,déformé,déformée,4,F,déformé,-10.006516,déformée,-12.427862,1
6156,S_NOUN_1_PASS_b,M,S,le bracelet avec la pomme était fixé <eos>,6,fixé,fixée,4,F,fixé,-5.450765,fixée,-9.084857,1
6157,S_NOUN_1_PASS_b,M,S,le bracelet avec la pomme était jeté <eos>,6,jeté,jetée,4,F,jeté,-6.9437523,jetée,-12.855901,1
6158,S_NOUN_1_PASS_b,M,S,le bracelet avec la pomme était laissé <eos>,6,laissé,laissée,4,F,laissé,-8.424161,laissée,-11.942672,1
6159,S_NOUN_1_PASS_b,M,S,le bracelet avec la pomme était ouvert <eos>,6,ouvert,ouverte,4,F,ouvert,-6.3144226,ouverte,-9.910476,1
6160,S_NOUN_1_PASS_b,M,S,le bracelet avec la pomme était perdu <eos>,6,perdu,perdue,4,F,perdu,-7.712888,perdue,-11.492631,1
6161,S_NOUN_1_PASS_b,M,S,le bracelet avec la pomme était réparé <eos>,6,réparé,réparée,4,F,réparé,-10.594374,réparée,-14.12944,1
6162,S_NOUN_1_PASS_b,M,S,le bracelet avec la pomme était retiré <eos>,6,retiré,retirée,4,F,retiré,-5.4249773,retirée,-10.884645,1
6163,S_NOUN_1_PASS_b,M,S,le bracelet avec la pomme était tombé <eos>,6,tombé,tombée,4,F,tombé,-7.111566,tombée,-11.225855,1
6164,S_NOUN_1_PASS_b,M,S,le bracelet avec la pomme était utilisé <eos>,6,utilisé,utilisée,4,F,utilisé,-3.805115,utilisée,-8.169001,1
6165,S_NOUN_1_PASS_b,M,S,le bracelet avec la tasse était acheté <eos>,6,acheté,achetée,4,F,acheté,-7.6043034,achetée,-10.794368,1
6166,S_NOUN_1_PASS_b,M,S,le bracelet avec la tasse était brisé <eos>,6,brisé,brisée,4,F,brisé,-7.0120726,brisée,-10.700749,1
6167,S_NOUN_1_PASS_b,M,S,le bracelet avec la tasse était caché <eos>,6,caché,cachée,4,F,caché,-6.163411,cachée,-9.802954,1
6168,S_NOUN_1_PASS_b,M,S,le bracelet avec la tasse était cassé <eos>,6,cassé,cassée,4,F,cassé,-6.4455285,cassée,-10.059967,1
6169,S_NOUN_1_PASS_b,M,S,le bracelet avec la tasse était couvert <eos>,6,couvert,couverte,4,F,couvert,-5.5702314,couverte,-9.57617,1
6170,S_NOUN_1_PASS_b,M,S,le bracelet avec la tasse était déformé <eos>,6,déformé,déformée,4,F,déformé,-10.550949,déformée,-12.356262,1
6171,S_NOUN_1_PASS_b,M,S,le bracelet avec la tasse était fixé <eos>,6,fixé,fixée,4,F,fixé,-5.085726,fixée,-8.04342,1
6172,S_NOUN_1_PASS_b,M,S,le bracelet avec la tasse était jeté <eos>,6,jeté,jetée,4,F,jeté,-6.5478945,jetée,-12.304794,1
6173,S_NOUN_1_PASS_b,M,S,le bracelet avec la tasse était laissé <eos>,6,laissé,laissée,4,F,laissé,-8.009972,laissée,-11.017424,1
6174,S_NOUN_1_PASS_b,M,S,le bracelet avec la tasse était ouvert <eos>,6,ouvert,ouverte,4,F,ouvert,-6.150862,ouverte,-8.79953,1
6175,S_NOUN_1_PASS_b,M,S,le bracelet avec la tasse était perdu <eos>,6,perdu,perdue,4,F,perdu,-7.751857,perdue,-11.605841,1
6176,S_NOUN_1_PASS_b,M,S,le bracelet avec la tasse était réparé <eos>,6,réparé,réparée,4,F,réparé,-10.282959,réparée,-13.552925,1
6177,S_NOUN_1_PASS_b,M,S,le bracelet avec la tasse était retiré <eos>,6,retiré,retirée,4,F,retiré,-5.9432225,retirée,-10.212702,1
6178,S_NOUN_1_PASS_b,M,S,le bracelet avec la tasse était tombé <eos>,6,tombé,tombée,4,F,tombé,-7.632085,tombée,-10.847805,1
6179,S_NOUN_1_PASS_b,M,S,le bracelet avec la tasse était utilisé <eos>,6,utilisé,utilisée,4,F,utilisé,-3.59378,utilisée,-7.299255,1
6180,S_NOUN_1_PASS_b,M,S,le bracelet avec la bougie était acheté <eos>,6,acheté,achetée,4,F,acheté,-8.2501955,achetée,-11.511127,1
6181,S_NOUN_1_PASS_b,M,S,le bracelet avec la bougie était brisé <eos>,6,brisé,brisée,4,F,brisé,-7.059016,brisée,-10.870201,1
6182,S_NOUN_1_PASS_b,M,S,le bracelet avec la bougie était caché <eos>,6,caché,cachée,4,F,caché,-6.3735046,cachée,-10.107739,1
6183,S_NOUN_1_PASS_b,M,S,le bracelet avec la bougie était cassé <eos>,6,cassé,cassée,4,F,cassé,-5.7965355,cassée,-10.134912,1
6184,S_NOUN_1_PASS_b,M,S,le bracelet avec la bougie était couvert <eos>,6,couvert,couverte,4,F,couvert,-6.3069715,couverte,-10.39698,1
6185,S_NOUN_1_PASS_b,M,S,le bracelet avec la bougie était déformé <eos>,6,déformé,déformée,4,F,déformé,-10.3539095,déformée,-12.45354,1
6186,S_NOUN_1_PASS_b,M,S,le bracelet avec la bougie était fixé <eos>,6,fixé,fixée,4,F,fixé,-5.372477,fixée,-8.235437,1
6187,S_NOUN_1_PASS_b,M,S,le bracelet avec la bougie était jeté <eos>,6,jeté,jetée,4,F,jeté,-7.3348107,jetée,-13.028103,1
6188,S_NOUN_1_PASS_b,M,S,le bracelet avec la bougie était laissé <eos>,6,laissé,laissée,4,F,laissé,-8.500256,laissée,-12.448473,1
6189,S_NOUN_1_PASS_b,M,S,le bracelet avec la bougie était ouvert <eos>,6,ouvert,ouverte,4,F,ouvert,-6.7306833,ouverte,-10.050749,1
6190,S_NOUN_1_PASS_b,M,S,le bracelet avec la bougie était perdu <eos>,6,perdu,perdue,4,F,perdu,-7.2039766,perdue,-11.126928,1
6191,S_NOUN_1_PASS_b,M,S,le bracelet avec la bougie était réparé <eos>,6,réparé,réparée,4,F,réparé,-10.872082,réparée,-13.309964,1
6192,S_NOUN_1_PASS_b,M,S,le bracelet avec la bougie était retiré <eos>,6,retiré,retirée,4,F,retiré,-6.019788,retirée,-10.425166,1
6193,S_NOUN_1_PASS_b,M,S,le bracelet avec la bougie était tombé <eos>,6,tombé,tombée,4,F,tombé,-7.0773363,tombée,-10.56333,1
6194,S_NOUN_1_PASS_b,M,S,le bracelet avec la bougie était utilisé <eos>,6,utilisé,utilisée,4,F,utilisé,-4.2722635,utilisée,-8.487056,1
6195,S_NOUN_1_PASS_b,M,S,le bracelet avec la pochette était acheté <eos>,6,acheté,achetée,4,F,acheté,-7.900611,achetée,-11.042352,1
6196,S_NOUN_1_PASS_b,M,S,le bracelet avec la pochette était brisé <eos>,6,brisé,brisée,4,F,brisé,-8.609379,brisée,-11.964218,1
6197,S_NOUN_1_PASS_b,M,S,le bracelet avec la pochette était caché <eos>,6,caché,cachée,4,F,caché,-7.472632,cachée,-10.411507,1
6198,S_NOUN_1_PASS_b,M,S,le bracelet avec la pochette était cassé <eos>,6,cassé,cassée,4,F,cassé,-6.777733,cassée,-11.042195,1
6199,S_NOUN_1_PASS_b,M,S,le bracelet avec la pochette était couvert <eos>,6,couvert,couverte,4,F,couvert,-6.6753387,couverte,-10.47927,1
6200,S_NOUN_1_PASS_b,M,S,le bracelet avec la pochette était déformé <eos>,6,déformé,déformée,4,F,déformé,-9.69374,déformée,-11.651683,1
6201,S_NOUN_1_PASS_b,M,S,le bracelet avec la pochette était fixé <eos>,6,fixé,fixée,4,F,fixé,-5.361853,fixée,-7.9761844,1
6202,S_NOUN_1_PASS_b,M,S,le bracelet avec la pochette était jeté <eos>,6,jeté,jetée,4,F,jeté,-8.377227,jetée,-14.188767,1
6203,S_NOUN_1_PASS_b,M,S,le bracelet avec la pochette était laissé <eos>,6,laissé,laissée,4,F,laissé,-8.270756,laissée,-12.116372,1
6204,S_NOUN_1_PASS_b,M,S,le bracelet avec la pochette était ouvert <eos>,6,ouvert,ouverte,4,F,ouvert,-7.9190154,ouverte,-10.670277,1
6205,S_NOUN_1_PASS_b,M,S,le bracelet avec la pochette était perdu <eos>,6,perdu,perdue,4,F,perdu,-8.223019,perdue,-12.305,1
6206,S_NOUN_1_PASS_b,M,S,le bracelet avec la pochette était réparé <eos>,6,réparé,réparée,4,F,réparé,-11.926824,réparée,-13.7691765,1
6207,S_NOUN_1_PASS_b,M,S,le bracelet avec la pochette était retiré <eos>,6,retiré,retirée,4,F,retiré,-5.627983,retirée,-10.230312,1
6208,S_NOUN_1_PASS_b,M,S,le bracelet avec la pochette était tombé <eos>,6,tombé,tombée,4,F,tombé,-7.299856,tombée,-10.850721,1
6209,S_NOUN_1_PASS_b,M,S,le bracelet avec la pochette était utilisé <eos>,6,utilisé,utilisée,4,F,utilisé,-5.6887846,utilisée,-9.433806,1
6210,S_NOUN_1_PASS_b,M,S,le bracelet avec la banane était acheté <eos>,6,acheté,achetée,4,F,acheté,-8.530485,achetée,-11.589121,1
6211,S_NOUN_1_PASS_b,M,S,le bracelet avec la banane était brisé <eos>,6,brisé,brisée,4,F,brisé,-7.7850075,brisée,-11.149396,1
6212,S_NOUN_1_PASS_b,M,S,le bracelet avec la banane était caché <eos>,6,caché,cachée,4,F,caché,-7.759338,cachée,-10.809256,1
6213,S_NOUN_1_PASS_b,M,S,le bracelet avec la banane était cassé <eos>,6,cassé,cassée,4,F,cassé,-6.555817,cassée,-10.785719,1
6214,S_NOUN_1_PASS_b,M,S,le bracelet avec la banane était couvert <eos>,6,couvert,couverte,4,F,couvert,-6.7230744,couverte,-10.070952,1
6215,S_NOUN_1_PASS_b,M,S,le bracelet avec la banane était déformé <eos>,6,déformé,déformée,4,F,déformé,-10.867479,déformée,-12.6321945,1
6216,S_NOUN_1_PASS_b,M,S,le bracelet avec la banane était fixé <eos>,6,fixé,fixée,4,F,fixé,-5.794162,fixée,-7.7948885,1
6217,S_NOUN_1_PASS_b,M,S,le bracelet avec la banane était jeté <eos>,6,jeté,jetée,4,F,jeté,-7.6089425,jetée,-12.62608,1
6218,S_NOUN_1_PASS_b,M,S,le bracelet avec la banane était laissé <eos>,6,laissé,laissée,4,F,laissé,-9.182408,laissée,-12.158625,1
6219,S_NOUN_1_PASS_b,M,S,le bracelet avec la banane était ouvert <eos>,6,ouvert,ouverte,4,F,ouvert,-7.5005684,ouverte,-9.811736,1
6220,S_NOUN_1_PASS_b,M,S,le bracelet avec la banane était perdu <eos>,6,perdu,perdue,4,F,perdu,-8.091064,perdue,-11.008238,1
6221,S_NOUN_1_PASS_b,M,S,le bracelet avec la banane était réparé <eos>,6,réparé,réparée,4,F,réparé,-11.051582,réparée,-14.057432,1
6222,S_NOUN_1_PASS_b,M,S,le bracelet avec la banane était retiré <eos>,6,retiré,retirée,4,F,retiré,-6.4342194,retirée,-11.148051,1
6223,S_NOUN_1_PASS_b,M,S,le bracelet avec la banane était tombé <eos>,6,tombé,tombée,4,F,tombé,-6.8857584,tombée,-10.535477,1
6224,S_NOUN_1_PASS_b,M,S,le bracelet avec la banane était utilisé <eos>,6,utilisé,utilisée,4,F,utilisé,-3.8224244,utilisée,-7.5466456,1
6225,S_NOUN_1_PASS_b,M,S,le bracelet avec la robe était acheté <eos>,6,acheté,achetée,4,F,acheté,-8.273194,achetée,-10.5717325,1
6226,S_NOUN_1_PASS_b,M,S,le bracelet avec la robe était brisé <eos>,6,brisé,brisée,4,F,brisé,-8.45605,brisée,-10.681038,1
6227,S_NOUN_1_PASS_b,M,S,le bracelet avec la robe était caché <eos>,6,caché,cachée,4,F,caché,-8.2861595,cachée,-9.940997,1
6228,S_NOUN_1_PASS_b,M,S,le bracelet avec la robe était cassé <eos>,6,cassé,cassée,4,F,cassé,-5.9928455,cassée,-10.477455,1
6229,S_NOUN_1_PASS_b,M,S,le bracelet avec la robe était couvert <eos>,6,couvert,couverte,4,F,couvert,-7.0588446,couverte,-9.197945,1
6230,S_NOUN_1_PASS_b,M,S,le bracelet avec la robe était déformé <eos>,6,déformé,déformée,4,F,déformé,-9.746429,déformée,-11.18102,1
6231,S_NOUN_1_PASS_b,M,S,le bracelet avec la robe était fixé <eos>,6,fixé,fixée,4,F,fixé,-4.863249,fixée,-6.7049913,1
6232,S_NOUN_1_PASS_b,M,S,le bracelet avec la robe était jeté <eos>,6,jeté,jetée,4,F,jeté,-7.5760965,jetée,-13.479358,1
6233,S_NOUN_1_PASS_b,M,S,le bracelet avec la robe était laissé <eos>,6,laissé,laissée,4,F,laissé,-9.044636,laissée,-11.703659,1
6234,S_NOUN_1_PASS_b,M,S,le bracelet avec la robe était ouvert <eos>,6,ouvert,ouverte,4,F,ouvert,-7.1239886,ouverte,-9.380653,1
6235,S_NOUN_1_PASS_b,M,S,le bracelet avec la robe était perdu <eos>,6,perdu,perdue,4,F,perdu,-8.623423,perdue,-11.518349,1
6236,S_NOUN_1_PASS_b,M,S,le bracelet avec la robe était réparé <eos>,6,réparé,réparée,4,F,réparé,-12.24714,réparée,-13.021321,1
6237,S_NOUN_1_PASS_b,M,S,le bracelet avec la robe était retiré <eos>,6,retiré,retirée,4,F,retiré,-5.8295383,retirée,-9.588644,1
6238,S_NOUN_1_PASS_b,M,S,le bracelet avec la robe était tombé <eos>,6,tombé,tombée,4,F,tombé,-8.0358095,tombée,-10.000753,1
6239,S_NOUN_1_PASS_b,M,S,le bracelet avec la robe était utilisé <eos>,6,utilisé,utilisée,4,F,utilisé,-4.392397,utilisée,-7.4358597,1
6240,S_NOUN_1_PASS_b,M,S,le bracelet avec la valise était acheté <eos>,6,acheté,achetée,4,F,acheté,-6.936538,achetée,-10.206966,1
6241,S_NOUN_1_PASS_b,M,S,le bracelet avec la valise était brisé <eos>,6,brisé,brisée,4,F,brisé,-5.8845897,brisée,-9.00652,1
6242,S_NOUN_1_PASS_b,M,S,le bracelet avec la valise était caché <eos>,6,caché,cachée,4,F,caché,-5.570241,cachée,-8.59408,1
6243,S_NOUN_1_PASS_b,M,S,le bracelet avec la valise était cassé <eos>,6,cassé,cassée,4,F,cassé,-5.687232,cassée,-8.456551,1
6244,S_NOUN_1_PASS_b,M,S,le bracelet avec la valise était couvert <eos>,6,couvert,couverte,4,F,couvert,-5.338099,couverte,-8.619072,1
6245,S_NOUN_1_PASS_b,M,S,le bracelet avec la valise était déformé <eos>,6,déformé,déformée,4,F,déformé,-10.133406,déformée,-12.388851,1
6246,S_NOUN_1_PASS_b,M,S,le bracelet avec la valise était fixé <eos>,6,fixé,fixée,4,F,fixé,-5.825078,fixée,-7.635762,1
6247,S_NOUN_1_PASS_b,M,S,le bracelet avec la valise était jeté <eos>,6,jeté,jetée,4,F,jeté,-5.729618,jetée,-11.844396,1
6248,S_NOUN_1_PASS_b,M,S,le bracelet avec la valise était laissé <eos>,6,laissé,laissée,4,F,laissé,-7.3224077,laissée,-10.5808,1
6249,S_NOUN_1_PASS_b,M,S,le bracelet avec la valise était ouvert <eos>,6,ouvert,ouverte,4,F,ouvert,-5.3729563,ouverte,-7.722966,1
6250,S_NOUN_1_PASS_b,M,S,le bracelet avec la valise était perdu <eos>,6,perdu,perdue,4,F,perdu,-6.902473,perdue,-10.317095,1
6251,S_NOUN_1_PASS_b,M,S,le bracelet avec la valise était réparé <eos>,6,réparé,réparée,4,F,réparé,-10.129463,réparée,-12.783823,1
6252,S_NOUN_1_PASS_b,M,S,le bracelet avec la valise était retiré <eos>,6,retiré,retirée,4,F,retiré,-5.4909315,retirée,-9.357606,1
6253,S_NOUN_1_PASS_b,M,S,le bracelet avec la valise était tombé <eos>,6,tombé,tombée,4,F,tombé,-6.311919,tombée,-9.379134,1
6254,S_NOUN_1_PASS_b,M,S,le bracelet avec la valise était utilisé <eos>,6,utilisé,utilisée,4,F,utilisé,-6.025029,utilisée,-9.357695,1
6255,S_NOUN_1_PASS_b,M,S,le bracelet avec la pendule était acheté <eos>,6,acheté,achetée,4,F,acheté,-8.34913,achetée,-11.160753,1
6256,S_NOUN_1_PASS_b,M,S,le bracelet avec la pendule était brisé <eos>,6,brisé,brisée,4,F,brisé,-6.9535036,brisée,-9.183879,1
6257,S_NOUN_1_PASS_b,M,S,le bracelet avec la pendule était caché <eos>,6,caché,cachée,4,F,caché,-6.883348,cachée,-8.612431,1
6258,S_NOUN_1_PASS_b,M,S,le bracelet avec la pendule était cassé <eos>,6,cassé,cassée,4,F,cassé,-4.947454,cassée,-8.415047,1
6259,S_NOUN_1_PASS_b,M,S,le bracelet avec la pendule était couvert <eos>,6,couvert,couverte,4,F,couvert,-5.8194275,couverte,-8.873448,1
6260,S_NOUN_1_PASS_b,M,S,le bracelet avec la pendule était déformé <eos>,6,déformé,déformée,4,F,déformé,-10.145158,déformée,-11.787692,1
6261,S_NOUN_1_PASS_b,M,S,le bracelet avec la pendule était fixé <eos>,6,fixé,fixée,4,F,fixé,-4.21877,fixée,-6.0426254,1
6262,S_NOUN_1_PASS_b,M,S,le bracelet avec la pendule était jeté <eos>,6,jeté,jetée,4,F,jeté,-7.1269207,jetée,-12.986899,1
6263,S_NOUN_1_PASS_b,M,S,le bracelet avec la pendule était laissé <eos>,6,laissé,laissée,4,F,laissé,-8.949256,laissée,-11.400695,1
6264,S_NOUN_1_PASS_b,M,S,le bracelet avec la pendule était ouvert <eos>,6,ouvert,ouverte,4,F,ouvert,-6.0486755,ouverte,-8.781204,1
6265,S_NOUN_1_PASS_b,M,S,le bracelet avec la pendule était perdu <eos>,6,perdu,perdue,4,F,perdu,-9.056348,perdue,-10.676493,1
6266,S_NOUN_1_PASS_b,M,S,le bracelet avec la pendule était réparé <eos>,6,réparé,réparée,4,F,réparé,-11.304055,réparée,-12.3708935,1
6267,S_NOUN_1_PASS_b,M,S,le bracelet avec la pendule était retiré <eos>,6,retiré,retirée,4,F,retiré,-5.708742,retirée,-10.25543,1
6268,S_NOUN_1_PASS_b,M,S,le bracelet avec la pendule était tombé <eos>,6,tombé,tombée,4,F,tombé,-7.424554,tombée,-11.5413475,1
6269,S_NOUN_1_PASS_b,M,S,le bracelet avec la pendule était utilisé <eos>,6,utilisé,utilisée,4,F,utilisé,-4.4281383,utilisée,-7.655928,1
6270,S_NOUN_1_PASS_b,M,S,le bracelet avec la cloche était acheté <eos>,6,acheté,achetée,4,F,acheté,-7.786073,achetée,-10.539516,1
6271,S_NOUN_1_PASS_b,M,S,le bracelet avec la cloche était brisé <eos>,6,brisé,brisée,4,F,brisé,-6.5590916,brisée,-9.726797,1
6272,S_NOUN_1_PASS_b,M,S,le bracelet avec la cloche était caché <eos>,6,caché,cachée,4,F,caché,-6.0231256,cachée,-8.95241,1
6273,S_NOUN_1_PASS_b,M,S,le bracelet avec la cloche était cassé <eos>,6,cassé,cassée,4,F,cassé,-6.442045,cassée,-9.494399,1
6274,S_NOUN_1_PASS_b,M,S,le bracelet avec la cloche était couvert <eos>,6,couvert,couverte,4,F,couvert,-6.0372705,couverte,-10.056058,1
6275,S_NOUN_1_PASS_b,M,S,le bracelet avec la cloche était déformé <eos>,6,déformé,déformée,4,F,déformé,-11.20471,déformée,-12.693115,1
6276,S_NOUN_1_PASS_b,M,S,le bracelet avec la cloche était fixé <eos>,6,fixé,fixée,4,F,fixé,-5.2690034,fixée,-7.463486,1
6277,S_NOUN_1_PASS_b,M,S,le bracelet avec la cloche était jeté <eos>,6,jeté,jetée,4,F,jeté,-6.609373,jetée,-12.471131,1
6278,S_NOUN_1_PASS_b,M,S,le bracelet avec la cloche était laissé <eos>,6,laissé,laissée,4,F,laissé,-8.266917,laissée,-11.91354,1
6279,S_NOUN_1_PASS_b,M,S,le bracelet avec la cloche était ouvert <eos>,6,ouvert,ouverte,4,F,ouvert,-6.4092836,ouverte,-9.503637,1
6280,S_NOUN_1_PASS_b,M,S,le bracelet avec la cloche était perdu <eos>,6,perdu,perdue,4,F,perdu,-7.174602,perdue,-10.519684,1
6281,S_NOUN_1_PASS_b,M,S,le bracelet avec la cloche était réparé <eos>,6,réparé,réparée,4,F,réparé,-10.0315895,réparée,-12.330423,1
6282,S_NOUN_1_PASS_b,M,S,le bracelet avec la cloche était retiré <eos>,6,retiré,retirée,4,F,retiré,-5.832588,retirée,-10.537746,1
6283,S_NOUN_1_PASS_b,M,S,le bracelet avec la cloche était tombé <eos>,6,tombé,tombée,4,F,tombé,-6.4147816,tombée,-9.846972,1
6284,S_NOUN_1_PASS_b,M,S,le bracelet avec la cloche était utilisé <eos>,6,utilisé,utilisée,4,F,utilisé,-4.7216597,utilisée,-8.419463,1
6285,S_NOUN_1_PASS_b,M,S,le bracelet avec la cerise était acheté <eos>,6,acheté,achetée,4,F,acheté,-8.422251,achetée,-12.402261,1
6286,S_NOUN_1_PASS_b,M,S,le bracelet avec la cerise était brisé <eos>,6,brisé,brisée,4,F,brisé,-8.173139,brisée,-12.225482,1
6287,S_NOUN_1_PASS_b,M,S,le bracelet avec la cerise était caché <eos>,6,caché,cachée,4,F,caché,-7.590848,cachée,-11.479012,1
6288,S_NOUN_1_PASS_b,M,S,le bracelet avec la cerise était cassé <eos>,6,cassé,cassée,4,F,cassé,-7.199294,cassée,-11.591301,1
6289,S_NOUN_1_PASS_b,M,S,le bracelet avec la cerise était couvert <eos>,6,couvert,couverte,4,F,couvert,-6.2621984,couverte,-10.314951,1
6290,S_NOUN_1_PASS_b,M,S,le bracelet avec la cerise était déformé <eos>,6,déformé,déformée,4,F,déformé,-10.737362,déformée,-13.393219,1
6291,S_NOUN_1_PASS_b,M,S,le bracelet avec la cerise était fixé <eos>,6,fixé,fixée,4,F,fixé,-5.6784725,fixée,-8.956309,1
6292,S_NOUN_1_PASS_b,M,S,le bracelet avec la cerise était jeté <eos>,6,jeté,jetée,4,F,jeté,-8.398789,jetée,-13.235129,1
6293,S_NOUN_1_PASS_b,M,S,le bracelet avec la cerise était laissé <eos>,6,laissé,laissée,4,F,laissé,-9.046081,laissée,-12.56841,1
6294,S_NOUN_1_PASS_b,M,S,le bracelet avec la cerise était ouvert <eos>,6,ouvert,ouverte,4,F,ouvert,-7.345251,ouverte,-10.951896,1
6295,S_NOUN_1_PASS_b,M,S,le bracelet avec la cerise était perdu <eos>,6,perdu,perdue,4,F,perdu,-7.99693,perdue,-12.449499,1
6296,S_NOUN_1_PASS_b,M,S,le bracelet avec la cerise était réparé <eos>,6,réparé,réparée,4,F,réparé,-12.044428,réparée,-15.240187,1
6297,S_NOUN_1_PASS_b,M,S,le bracelet avec la cerise était retiré <eos>,6,retiré,retirée,4,F,retiré,-7.0281887,retirée,-11.966738,1
6298,S_NOUN_1_PASS_b,M,S,le bracelet avec la cerise était tombé <eos>,6,tombé,tombée,4,F,tombé,-7.300214,tombée,-10.929451,1
6299,S_NOUN_1_PASS_b,M,S,le bracelet avec la cerise était utilisé <eos>,6,utilisé,utilisée,4,F,utilisé,-3.8333678,utilisée,-7.827683,1
6300,S_NOUN_1_PASS_b,M,S,le miroir avec la gemme était acheté <eos>,6,acheté,achetée,4,F,acheté,-9.531288,achetée,-11.412337,1
6301,S_NOUN_1_PASS_b,M,S,le miroir avec la gemme était brisé <eos>,6,brisé,brisée,4,F,brisé,-7.3813314,brisée,-9.488013,1
6302,S_NOUN_1_PASS_b,M,S,le miroir avec la gemme était caché <eos>,6,caché,cachée,4,F,caché,-7.3115807,cachée,-8.809292,1
6303,S_NOUN_1_PASS_b,M,S,le miroir avec la gemme était cassé <eos>,6,cassé,cassée,4,F,cassé,-6.847438,cassée,-9.991236,1
6304,S_NOUN_1_PASS_b,M,S,le miroir avec la gemme était couvert <eos>,6,couvert,couverte,4,F,couvert,-5.785896,couverte,-8.217283,1
6305,S_NOUN_1_PASS_b,M,S,le miroir avec la gemme était déformé <eos>,6,déformé,déformée,4,F,déformé,-9.480238,déformée,-10.840839,1
6306,S_NOUN_1_PASS_b,M,S,le miroir avec la gemme était fixé <eos>,6,fixé,fixée,4,F,fixé,-5.335399,fixée,-7.8098474,1
6307,S_NOUN_1_PASS_b,M,S,le miroir avec la gemme était jeté <eos>,6,jeté,jetée,4,F,jeté,-8.018872,jetée,-11.249533,1
6308,S_NOUN_1_PASS_b,M,S,le miroir avec la gemme était laissé <eos>,6,laissé,laissée,4,F,laissé,-8.373208,laissée,-10.688613,1
6309,S_NOUN_1_PASS_b,M,S,le miroir avec la gemme était ouvert <eos>,6,ouvert,ouverte,4,F,ouvert,-6.6249704,ouverte,-8.1728115,1
6310,S_NOUN_1_PASS_b,M,S,le miroir avec la gemme était perdu <eos>,6,perdu,perdue,4,F,perdu,-9.410935,perdue,-11.927805,1
6311,S_NOUN_1_PASS_b,M,S,le miroir avec la gemme était réparé <eos>,6,réparé,réparée,4,F,réparé,-10.968257,réparée,-12.430907,1
6312,S_NOUN_1_PASS_b,M,S,le miroir avec la gemme était retiré <eos>,6,retiré,retirée,4,F,retiré,-8.036971,retirée,-11.459997,1
6313,S_NOUN_1_PASS_b,M,S,le miroir avec la gemme était tombé <eos>,6,tombé,tombée,4,F,tombé,-8.51893,tombée,-10.9453745,1
6314,S_NOUN_1_PASS_b,M,S,le miroir avec la gemme était utilisé <eos>,6,utilisé,utilisée,4,F,utilisé,-4.549214,utilisée,-7.3429494,1
6315,S_NOUN_1_PASS_b,M,S,le miroir avec la chaise était acheté <eos>,6,acheté,achetée,4,F,acheté,-9.649872,achetée,-10.48364,1
6316,S_NOUN_1_PASS_b,M,S,le miroir avec la chaise était brisé <eos>,6,brisé,brisée,4,F,brisé,-7.5510316,brisée,-8.715056,1
6317,S_NOUN_1_PASS_b,M,S,le miroir avec la chaise était caché <eos>,6,caché,cachée,4,F,caché,-7.9401116,cachée,-8.514248,1
6318,S_NOUN_1_PASS_b,M,S,le miroir avec la chaise était cassé <eos>,6,cassé,cassée,4,F,cassé,-6.3622646,cassée,-8.474623,1
6319,S_NOUN_1_PASS_b,M,S,le miroir avec la chaise était couvert <eos>,6,couvert,couverte,4,F,couvert,-5.4376774,couverte,-6.9251766,1
6320,S_NOUN_1_PASS_b,M,S,le miroir avec la chaise était déformé <eos>,6,déformé,déformée,4,F,déformé,-9.731005,déformée,-9.898023,1
6321,S_NOUN_1_PASS_b,M,S,le miroir avec la chaise était fixé <eos>,6,fixé,fixée,4,F,fixé,-6.290015,fixée,-7.2246885,1
6322,S_NOUN_1_PASS_b,M,S,le miroir avec la chaise était jeté <eos>,6,jeté,jetée,4,F,jeté,-7.632716,jetée,-10.95431,1
6323,S_NOUN_1_PASS_b,M,S,le miroir avec la chaise était laissé <eos>,6,laissé,laissée,4,F,laissé,-8.712937,laissée,-10.259895,1
6324,S_NOUN_1_PASS_b,M,S,le miroir avec la chaise était ouvert <eos>,6,ouvert,ouverte,4,F,ouvert,-6.290223,ouverte,-6.8076086,1
6325,S_NOUN_1_PASS_b,M,S,le miroir avec la chaise était perdu <eos>,6,perdu,perdue,4,F,perdu,-9.056155,perdue,-10.634654,1
6326,S_NOUN_1_PASS_b,M,S,le miroir avec la chaise était réparé <eos>,6,réparé,réparée,4,F,réparé,-10.662749,réparée,-10.55217,0
6327,S_NOUN_1_PASS_b,M,S,le miroir avec la chaise était retiré <eos>,6,retiré,retirée,4,F,retiré,-7.830117,retirée,-10.083089,1
6328,S_NOUN_1_PASS_b,M,S,le miroir avec la chaise était tombé <eos>,6,tombé,tombée,4,F,tombé,-8.035804,tombée,-9.724364,1
6329,S_NOUN_1_PASS_b,M,S,le miroir avec la chaise était utilisé <eos>,6,utilisé,utilisée,4,F,utilisé,-4.9429502,utilisée,-6.6794195,1
6330,S_NOUN_1_PASS_b,M,S,le miroir avec la poubelle était acheté <eos>,6,acheté,achetée,4,F,acheté,-8.433682,achetée,-10.493491,1
6331,S_NOUN_1_PASS_b,M,S,le miroir avec la poubelle était brisé <eos>,6,brisé,brisée,4,F,brisé,-7.463385,brisée,-9.960955,1
6332,S_NOUN_1_PASS_b,M,S,le miroir avec la poubelle était caché <eos>,6,caché,cachée,4,F,caché,-6.9952865,cachée,-8.991074,1
6333,S_NOUN_1_PASS_b,M,S,le miroir avec la poubelle était cassé <eos>,6,cassé,cassée,4,F,cassé,-6.823987,cassée,-9.167994,1
6334,S_NOUN_1_PASS_b,M,S,le miroir avec la poubelle était couvert <eos>,6,couvert,couverte,4,F,couvert,-5.962985,couverte,-8.160892,1
6335,S_NOUN_1_PASS_b,M,S,le miroir avec la poubelle était déformé <eos>,6,déformé,déformée,4,F,déformé,-8.843844,déformée,-10.448632,1
6336,S_NOUN_1_PASS_b,M,S,le miroir avec la poubelle était fixé <eos>,6,fixé,fixée,4,F,fixé,-6.7041492,fixée,-8.746674,1
6337,S_NOUN_1_PASS_b,M,S,le miroir avec la poubelle était jeté <eos>,6,jeté,jetée,4,F,jeté,-7.0048065,jetée,-9.513107,1
6338,S_NOUN_1_PASS_b,M,S,le miroir avec la poubelle était laissé <eos>,6,laissé,laissée,4,F,laissé,-7.4085217,laissée,-9.984008,1
6339,S_NOUN_1_PASS_b,M,S,le miroir avec la poubelle était ouvert <eos>,6,ouvert,ouverte,4,F,ouvert,-6.0677843,ouverte,-7.8406754,1
6340,S_NOUN_1_PASS_b,M,S,le miroir avec la poubelle était perdu <eos>,6,perdu,perdue,4,F,perdu,-7.821311,perdue,-10.938401,1
6341,S_NOUN_1_PASS_b,M,S,le miroir avec la poubelle était réparé <eos>,6,réparé,réparée,4,F,réparé,-10.139771,réparée,-11.383861,1
6342,S_NOUN_1_PASS_b,M,S,le miroir avec la poubelle était retiré <eos>,6,retiré,retirée,4,F,retiré,-6.9192905,retirée,-10.269506,1
6343,S_NOUN_1_PASS_b,M,S,le miroir avec la poubelle était tombé <eos>,6,tombé,tombée,4,F,tombé,-7.653329,tombée,-9.279352,1
6344,S_NOUN_1_PASS_b,M,S,le miroir avec la poubelle était utilisé <eos>,6,utilisé,utilisée,4,F,utilisé,-4.955057,utilisée,-7.6642017,1
6345,S_NOUN_1_PASS_b,M,S,le miroir avec la chemise était acheté <eos>,6,acheté,achetée,4,F,acheté,-9.052092,achetée,-11.244054,1
6346,S_NOUN_1_PASS_b,M,S,le miroir avec la chemise était brisé <eos>,6,brisé,brisée,4,F,brisé,-7.939286,brisée,-10.226762,1
6347,S_NOUN_1_PASS_b,M,S,le miroir avec la chemise était caché <eos>,6,caché,cachée,4,F,caché,-7.8254075,cachée,-9.789816,1
6348,S_NOUN_1_PASS_b,M,S,le miroir avec la chemise était cassé <eos>,6,cassé,cassée,4,F,cassé,-6.4096527,cassée,-10.390307,1
6349,S_NOUN_1_PASS_b,M,S,le miroir avec la chemise était couvert <eos>,6,couvert,couverte,4,F,couvert,-5.2983694,couverte,-7.59396,1
6350,S_NOUN_1_PASS_b,M,S,le miroir avec la chemise était déformé <eos>,6,déformé,déformée,4,F,déformé,-9.83589,déformée,-10.802159,1
6351,S_NOUN_1_PASS_b,M,S,le miroir avec la chemise était fixé <eos>,6,fixé,fixée,4,F,fixé,-5.723029,fixée,-8.262744,1
6352,S_NOUN_1_PASS_b,M,S,le miroir avec la chemise était jeté <eos>,6,jeté,jetée,4,F,jeté,-7.375371,jetée,-11.724889,1
6353,S_NOUN_1_PASS_b,M,S,le miroir avec la chemise était laissé <eos>,6,laissé,laissée,4,F,laissé,-8.307055,laissée,-11.0468,1
6354,S_NOUN_1_PASS_b,M,S,le miroir avec la chemise était ouvert <eos>,6,ouvert,ouverte,4,F,ouvert,-6.492958,ouverte,-7.66076,1
6355,S_NOUN_1_PASS_b,M,S,le miroir avec la chemise était perdu <eos>,6,perdu,perdue,4,F,perdu,-9.1053,perdue,-12.391785,1
6356,S_NOUN_1_PASS_b,M,S,le miroir avec la chemise était réparé <eos>,6,réparé,réparée,4,F,réparé,-11.605942,réparée,-12.24452,1
6357,S_NOUN_1_PASS_b,M,S,le miroir avec la chemise était retiré <eos>,6,retiré,retirée,4,F,retiré,-6.9215174,retirée,-11.125724,1
6358,S_NOUN_1_PASS_b,M,S,le miroir avec la chemise était tombé <eos>,6,tombé,tombée,4,F,tombé,-7.587452,tombée,-9.819572,1
6359,S_NOUN_1_PASS_b,M,S,le miroir avec la chemise était utilisé <eos>,6,utilisé,utilisée,4,F,utilisé,-4.6431923,utilisée,-7.3779783,1
6360,S_NOUN_1_PASS_b,M,S,le miroir avec la recette était acheté <eos>,6,acheté,achetée,4,F,acheté,-9.783617,achetée,-11.123803,1
6361,S_NOUN_1_PASS_b,M,S,le miroir avec la recette était brisé <eos>,6,brisé,brisée,4,F,brisé,-8.924013,brisée,-10.27964,1
6362,S_NOUN_1_PASS_b,M,S,le miroir avec la recette était caché <eos>,6,caché,cachée,4,F,caché,-8.053806,cachée,-9.528433,1
6363,S_NOUN_1_PASS_b,M,S,le miroir avec la recette était cassé <eos>,6,cassé,cassée,4,F,cassé,-8.610892,cassée,-9.971851,1
6364,S_NOUN_1_PASS_b,M,S,le miroir avec la recette était couvert <eos>,6,couvert,couverte,4,F,couvert,-7.1182623,couverte,-9.232648,1
6365,S_NOUN_1_PASS_b,M,S,le miroir avec la recette était déformé <eos>,6,déformé,déformée,4,F,déformé,-10.817371,déformée,-10.642361,0
6366,S_NOUN_1_PASS_b,M,S,le miroir avec la recette était fixé <eos>,6,fixé,fixée,4,F,fixé,-6.3112617,fixée,-7.5991993,1
6367,S_NOUN_1_PASS_b,M,S,le miroir avec la recette était jeté <eos>,6,jeté,jetée,4,F,jeté,-9.016792,jetée,-11.343672,1
6368,S_NOUN_1_PASS_b,M,S,le miroir avec la recette était laissé <eos>,6,laissé,laissée,4,F,laissé,-9.073433,laissée,-10.54166,1
6369,S_NOUN_1_PASS_b,M,S,le miroir avec la recette était ouvert <eos>,6,ouvert,ouverte,4,F,ouvert,-7.376931,ouverte,-8.416838,1
6370,S_NOUN_1_PASS_b,M,S,le miroir avec la recette était perdu <eos>,6,perdu,perdue,4,F,perdu,-9.375366,perdue,-10.148205,1
6371,S_NOUN_1_PASS_b,M,S,le miroir avec la recette était réparé <eos>,6,réparé,réparée,4,F,réparé,-11.956625,réparée,-12.890074,1
6372,S_NOUN_1_PASS_b,M,S,le miroir avec la recette était retiré <eos>,6,retiré,retirée,4,F,retiré,-8.444705,retirée,-10.978909,1
6373,S_NOUN_1_PASS_b,M,S,le miroir avec la recette était tombé <eos>,6,tombé,tombée,4,F,tombé,-8.213226,tombée,-9.7958975,1
6374,S_NOUN_1_PASS_b,M,S,le miroir avec la recette était utilisé <eos>,6,utilisé,utilisée,4,F,utilisé,-5.949565,utilisée,-7.7539797,1
6375,S_NOUN_1_PASS_b,M,S,le miroir avec la jupe était acheté <eos>,6,acheté,achetée,4,F,acheté,-10.20617,achetée,-11.151301,1
6376,S_NOUN_1_PASS_b,M,S,le miroir avec la jupe était brisé <eos>,6,brisé,brisée,4,F,brisé,-7.805707,brisée,-8.623207,1
6377,S_NOUN_1_PASS_b,M,S,le miroir avec la jupe était caché <eos>,6,caché,cachée,4,F,caché,-8.396943,cachée,-8.393642,0
6378,S_NOUN_1_PASS_b,M,S,le miroir avec la jupe était cassé <eos>,6,cassé,cassée,4,F,cassé,-5.9956503,cassée,-8.288933,1
6379,S_NOUN_1_PASS_b,M,S,le miroir avec la jupe était couvert <eos>,6,couvert,couverte,4,F,couvert,-5.7151995,couverte,-6.942355,1
6380,S_NOUN_1_PASS_b,M,S,le miroir avec la jupe était déformé <eos>,6,déformé,déformée,4,F,déformé,-9.836397,déformée,-9.096693,0
6381,S_NOUN_1_PASS_b,M,S,le miroir avec la jupe était fixé <eos>,6,fixé,fixée,4,F,fixé,-6.206337,fixée,-6.909363,1
6382,S_NOUN_1_PASS_b,M,S,le miroir avec la jupe était jeté <eos>,6,jeté,jetée,4,F,jeté,-8.33271,jetée,-11.550395,1
6383,S_NOUN_1_PASS_b,M,S,le miroir avec la jupe était laissé <eos>,6,laissé,laissée,4,F,laissé,-8.796992,laissée,-10.307085,1
6384,S_NOUN_1_PASS_b,M,S,le miroir avec la jupe était ouvert <eos>,6,ouvert,ouverte,4,F,ouvert,-6.798586,ouverte,-6.5536423,0
6385,S_NOUN_1_PASS_b,M,S,le miroir avec la jupe était perdu <eos>,6,perdu,perdue,4,F,perdu,-9.692365,perdue,-11.108866,1
6386,S_NOUN_1_PASS_b,M,S,le miroir avec la jupe était réparé <eos>,6,réparé,réparée,4,F,réparé,-11.930485,réparée,-10.701567,0
6387,S_NOUN_1_PASS_b,M,S,le miroir avec la jupe était retiré <eos>,6,retiré,retirée,4,F,retiré,-8.241338,retirée,-10.162479,1
6388,S_NOUN_1_PASS_b,M,S,le miroir avec la jupe était tombé <eos>,6,tombé,tombée,4,F,tombé,-8.367897,tombée,-9.825033,1
6389,S_NOUN_1_PASS_b,M,S,le miroir avec la jupe était utilisé <eos>,6,utilisé,utilisée,4,F,utilisé,-6.271318,utilisée,-7.4950805,1
6390,S_NOUN_1_PASS_b,M,S,le miroir avec la colle était acheté <eos>,6,acheté,achetée,4,F,acheté,-8.68928,achetée,-10.656915,1
6391,S_NOUN_1_PASS_b,M,S,le miroir avec la colle était brisé <eos>,6,brisé,brisée,4,F,brisé,-7.8151345,brisée,-10.219943,1
6392,S_NOUN_1_PASS_b,M,S,le miroir avec la colle était caché <eos>,6,caché,cachée,4,F,caché,-7.252344,cachée,-9.099247,1
6393,S_NOUN_1_PASS_b,M,S,le miroir avec la colle était cassé <eos>,6,cassé,cassée,4,F,cassé,-7.104018,cassée,-9.795887,1
6394,S_NOUN_1_PASS_b,M,S,le miroir avec la colle était couvert <eos>,6,couvert,couverte,4,F,couvert,-6.172904,couverte,-8.386443,1
6395,S_NOUN_1_PASS_b,M,S,le miroir avec la colle était déformé <eos>,6,déformé,déformée,4,F,déformé,-9.117939,déformée,-10.604472,1
6396,S_NOUN_1_PASS_b,M,S,le miroir avec la colle était fixé <eos>,6,fixé,fixée,4,F,fixé,-5.8517947,fixée,-8.182585,1
6397,S_NOUN_1_PASS_b,M,S,le miroir avec la colle était jeté <eos>,6,jeté,jetée,4,F,jeté,-7.7542367,jetée,-10.998422,1
6398,S_NOUN_1_PASS_b,M,S,le miroir avec la colle était laissé <eos>,6,laissé,laissée,4,F,laissé,-8.441393,laissée,-10.227605,1
6399,S_NOUN_1_PASS_b,M,S,le miroir avec la colle était ouvert <eos>,6,ouvert,ouverte,4,F,ouvert,-6.8875184,ouverte,-8.250602,1
6400,S_NOUN_1_PASS_b,M,S,le miroir avec la colle était perdu <eos>,6,perdu,perdue,4,F,perdu,-9.088246,perdue,-10.726862,1
6401,S_NOUN_1_PASS_b,M,S,le miroir avec la colle était réparé <eos>,6,réparé,réparée,4,F,réparé,-11.18149,réparée,-12.824575,1
6402,S_NOUN_1_PASS_b,M,S,le miroir avec la colle était retiré <eos>,6,retiré,retirée,4,F,retiré,-6.848382,retirée,-10.583714,1
6403,S_NOUN_1_PASS_b,M,S,le miroir avec la colle était tombé <eos>,6,tombé,tombée,4,F,tombé,-7.8494124,tombée,-10.242945,1
6404,S_NOUN_1_PASS_b,M,S,le miroir avec la colle était utilisé <eos>,6,utilisé,utilisée,4,F,utilisé,-4.394208,utilisée,-7.1772842,1
6405,S_NOUN_1_PASS_b,M,S,le miroir avec la lampe était acheté <eos>,6,acheté,achetée,4,F,acheté,-9.879199,achetée,-10.097012,1
6406,S_NOUN_1_PASS_b,M,S,le miroir avec la lampe était brisé <eos>,6,brisé,brisée,4,F,brisé,-7.3382726,brisée,-8.872619,1
6407,S_NOUN_1_PASS_b,M,S,le miroir avec la lampe était caché <eos>,6,caché,cachée,4,F,caché,-7.3894796,cachée,-8.171649,1
6408,S_NOUN_1_PASS_b,M,S,le miroir avec la lampe était cassé <eos>,6,cassé,cassée,4,F,cassé,-7.8152146,cassée,-9.18852,1
6409,S_NOUN_1_PASS_b,M,S,le miroir avec la lampe était couvert <eos>,6,couvert,couverte,4,F,couvert,-6.330245,couverte,-8.136925,1
6410,S_NOUN_1_PASS_b,M,S,le miroir avec la lampe était déformé <eos>,6,déformé,déformée,4,F,déformé,-9.957109,déformée,-10.139767,1
6411,S_NOUN_1_PASS_b,M,S,le miroir avec la lampe était fixé <eos>,6,fixé,fixée,4,F,fixé,-6.03802,fixée,-7.6662865,1
6412,S_NOUN_1_PASS_b,M,S,le miroir avec la lampe était jeté <eos>,6,jeté,jetée,4,F,jeté,-8.034317,jetée,-10.219247,1
6413,S_NOUN_1_PASS_b,M,S,le miroir avec la lampe était laissé <eos>,6,laissé,laissée,4,F,laissé,-8.694494,laissée,-9.766155,1
6414,S_NOUN_1_PASS_b,M,S,le miroir avec la lampe était ouvert <eos>,6,ouvert,ouverte,4,F,ouvert,-6.613799,ouverte,-7.553998,1
6415,S_NOUN_1_PASS_b,M,S,le miroir avec la lampe était perdu <eos>,6,perdu,perdue,4,F,perdu,-9.229648,perdue,-10.592289,1
6416,S_NOUN_1_PASS_b,M,S,le miroir avec la lampe était réparé <eos>,6,réparé,réparée,4,F,réparé,-11.083609,réparée,-11.71997,1
6417,S_NOUN_1_PASS_b,M,S,le miroir avec la lampe était retiré <eos>,6,retiré,retirée,4,F,retiré,-8.252476,retirée,-10.126379,1
6418,S_NOUN_1_PASS_b,M,S,le miroir avec la lampe était tombé <eos>,6,tombé,tombée,4,F,tombé,-7.818038,tombée,-9.557715,1
6419,S_NOUN_1_PASS_b,M,S,le miroir avec la lampe était utilisé <eos>,6,utilisé,utilisée,4,F,utilisé,-5.2146893,utilisée,-7.169183,1
6420,S_NOUN_1_PASS_b,M,S,le miroir avec la bouteille était acheté <eos>,6,acheté,achetée,4,F,acheté,-8.862722,achetée,-10.272991,1
6421,S_NOUN_1_PASS_b,M,S,le miroir avec la bouteille était brisé <eos>,6,brisé,brisée,4,F,brisé,-7.2274537,brisée,-8.839985,1
6422,S_NOUN_1_PASS_b,M,S,le miroir avec la bouteille était caché <eos>,6,caché,cachée,4,F,caché,-6.9508877,cachée,-8.200393,1
6423,S_NOUN_1_PASS_b,M,S,le miroir avec la bouteille était cassé <eos>,6,cassé,cassée,4,F,cassé,-6.069167,cassée,-8.221159,1
6424,S_NOUN_1_PASS_b,M,S,le miroir avec la bouteille était couvert <eos>,6,couvert,couverte,4,F,couvert,-5.5190043,couverte,-8.057957,1
6425,S_NOUN_1_PASS_b,M,S,le miroir avec la bouteille était déformé <eos>,6,déformé,déformée,4,F,déformé,-9.393045,déformée,-9.864204,1
6426,S_NOUN_1_PASS_b,M,S,le miroir avec la bouteille était fixé <eos>,6,fixé,fixée,4,F,fixé,-5.3755684,fixée,-7.3819494,1
6427,S_NOUN_1_PASS_b,M,S,le miroir avec la bouteille était jeté <eos>,6,jeté,jetée,4,F,jeté,-7.1404886,jetée,-9.567657,1
6428,S_NOUN_1_PASS_b,M,S,le miroir avec la bouteille était laissé <eos>,6,laissé,laissée,4,F,laissé,-7.8845787,laissée,-9.607399,1
6429,S_NOUN_1_PASS_b,M,S,le miroir avec la bouteille était ouvert <eos>,6,ouvert,ouverte,4,F,ouvert,-6.1733904,ouverte,-7.473195,1
6430,S_NOUN_1_PASS_b,M,S,le miroir avec la bouteille était perdu <eos>,6,perdu,perdue,4,F,perdu,-8.440021,perdue,-10.25645,1
6431,S_NOUN_1_PASS_b,M,S,le miroir avec la bouteille était réparé <eos>,6,réparé,réparée,4,F,réparé,-10.590733,réparée,-11.810742,1
6432,S_NOUN_1_PASS_b,M,S,le miroir avec la bouteille était retiré <eos>,6,retiré,retirée,4,F,retiré,-6.8969145,retirée,-9.9006405,1
6433,S_NOUN_1_PASS_b,M,S,le miroir avec la bouteille était tombé <eos>,6,tombé,tombée,4,F,tombé,-7.606021,tombée,-9.550443,1
6434,S_NOUN_1_PASS_b,M,S,le miroir avec la bouteille était utilisé <eos>,6,utilisé,utilisée,4,F,utilisé,-5.314186,utilisée,-7.5443506,1
6435,S_NOUN_1_PASS_b,M,S,le miroir avec la boisson était acheté <eos>,6,acheté,achetée,4,F,acheté,-9.167677,achetée,-10.553422,1
6436,S_NOUN_1_PASS_b,M,S,le miroir avec la boisson était brisé <eos>,6,brisé,brisée,4,F,brisé,-9.685427,brisée,-10.625038,1
6437,S_NOUN_1_PASS_b,M,S,le miroir avec la boisson était caché <eos>,6,caché,cachée,4,F,caché,-8.721994,cachée,-9.8126955,1
6438,S_NOUN_1_PASS_b,M,S,le miroir avec la boisson était cassé <eos>,6,cassé,cassée,4,F,cassé,-8.074645,cassée,-10.44951,1
6439,S_NOUN_1_PASS_b,M,S,le miroir avec la boisson était couvert <eos>,6,couvert,couverte,4,F,couvert,-7.45208,couverte,-9.376933,1
6440,S_NOUN_1_PASS_b,M,S,le miroir avec la boisson était déformé <eos>,6,déformé,déformée,4,F,déformé,-10.071339,déformée,-11.051993,1
6441,S_NOUN_1_PASS_b,M,S,le miroir avec la boisson était fixé <eos>,6,fixé,fixée,4,F,fixé,-7.0502377,fixée,-8.866992,1
6442,S_NOUN_1_PASS_b,M,S,le miroir avec la boisson était jeté <eos>,6,jeté,jetée,4,F,jeté,-8.553749,jetée,-10.734429,1
6443,S_NOUN_1_PASS_b,M,S,le miroir avec la boisson était laissé <eos>,6,laissé,laissée,4,F,laissé,-9.213683,laissée,-10.7081785,1
6444,S_NOUN_1_PASS_b,M,S,le miroir avec la boisson était ouvert <eos>,6,ouvert,ouverte,4,F,ouvert,-7.6623907,ouverte,-8.634954,1
6445,S_NOUN_1_PASS_b,M,S,le miroir avec la boisson était perdu <eos>,6,perdu,perdue,4,F,perdu,-9.55502,perdue,-10.664531,1
6446,S_NOUN_1_PASS_b,M,S,le miroir avec la boisson était réparé <eos>,6,réparé,réparée,4,F,réparé,-11.993483,réparée,-13.558768,1
6447,S_NOUN_1_PASS_b,M,S,le miroir avec la boisson était retiré <eos>,6,retiré,retirée,4,F,retiré,-7.687316,retirée,-10.735334,1
6448,S_NOUN_1_PASS_b,M,S,le miroir avec la boisson était tombé <eos>,6,tombé,tombée,4,F,tombé,-8.069069,tombée,-9.711838,1
6449,S_NOUN_1_PASS_b,M,S,le miroir avec la boisson était utilisé <eos>,6,utilisé,utilisée,4,F,utilisé,-4.9053283,utilisée,-6.883159,1
6450,S_NOUN_1_PASS_b,M,S,le miroir avec la pomme était acheté <eos>,6,acheté,achetée,4,F,acheté,-9.08495,achetée,-10.970475,1
6451,S_NOUN_1_PASS_b,M,S,le miroir avec la pomme était brisé <eos>,6,brisé,brisée,4,F,brisé,-7.1247683,brisée,-9.598551,1
6452,S_NOUN_1_PASS_b,M,S,le miroir avec la pomme était caché <eos>,6,caché,cachée,4,F,caché,-7.256982,cachée,-9.460085,1
6453,S_NOUN_1_PASS_b,M,S,le miroir avec la pomme était cassé <eos>,6,cassé,cassée,4,F,cassé,-6.7827187,cassée,-9.527071,1
6454,S_NOUN_1_PASS_b,M,S,le miroir avec la pomme était couvert <eos>,6,couvert,couverte,4,F,couvert,-5.777079,couverte,-8.400364,1
6455,S_NOUN_1_PASS_b,M,S,le miroir avec la pomme était déformé <eos>,6,déformé,déformée,4,F,déformé,-9.543022,déformée,-10.815811,1
6456,S_NOUN_1_PASS_b,M,S,le miroir avec la pomme était fixé <eos>,6,fixé,fixée,4,F,fixé,-6.1737976,fixée,-9.0919895,1
6457,S_NOUN_1_PASS_b,M,S,le miroir avec la pomme était jeté <eos>,6,jeté,jetée,4,F,jeté,-7.5210752,jetée,-10.5597,1
6458,S_NOUN_1_PASS_b,M,S,le miroir avec la pomme était laissé <eos>,6,laissé,laissée,4,F,laissé,-8.620538,laissée,-10.72357,1
6459,S_NOUN_1_PASS_b,M,S,le miroir avec la pomme était ouvert <eos>,6,ouvert,ouverte,4,F,ouvert,-6.406155,ouverte,-8.300224,1
6460,S_NOUN_1_PASS_b,M,S,le miroir avec la pomme était perdu <eos>,6,perdu,perdue,4,F,perdu,-9.07692,perdue,-11.100821,1
6461,S_NOUN_1_PASS_b,M,S,le miroir avec la pomme était réparé <eos>,6,réparé,réparée,4,F,réparé,-10.479475,réparée,-12.618532,1
6462,S_NOUN_1_PASS_b,M,S,le miroir avec la pomme était retiré <eos>,6,retiré,retirée,4,F,retiré,-7.199719,retirée,-11.021393,1
6463,S_NOUN_1_PASS_b,M,S,le miroir avec la pomme était tombé <eos>,6,tombé,tombée,4,F,tombé,-7.745506,tombée,-10.257544,1
6464,S_NOUN_1_PASS_b,M,S,le miroir avec la pomme était utilisé <eos>,6,utilisé,utilisée,4,F,utilisé,-4.797421,utilisée,-7.7601743,1
6465,S_NOUN_1_PASS_b,M,S,le miroir avec la tasse était acheté <eos>,6,acheté,achetée,4,F,acheté,-8.410107,achetée,-10.513593,1
6466,S_NOUN_1_PASS_b,M,S,le miroir avec la tasse était brisé <eos>,6,brisé,brisée,4,F,brisé,-7.2065105,brisée,-10.128164,1
6467,S_NOUN_1_PASS_b,M,S,le miroir avec la tasse était caché <eos>,6,caché,cachée,4,F,caché,-6.6347094,cachée,-9.617295,1
6468,S_NOUN_1_PASS_b,M,S,le miroir avec la tasse était cassé <eos>,6,cassé,cassée,4,F,cassé,-6.7480288,cassée,-9.618281,1
6469,S_NOUN_1_PASS_b,M,S,le miroir avec la tasse était couvert <eos>,6,couvert,couverte,4,F,couvert,-5.616084,couverte,-8.586773,1
6470,S_NOUN_1_PASS_b,M,S,le miroir avec la tasse était déformé <eos>,6,déformé,déformée,4,F,déformé,-9.789737,déformée,-10.705596,1
6471,S_NOUN_1_PASS_b,M,S,le miroir avec la tasse était fixé <eos>,6,fixé,fixée,4,F,fixé,-5.888419,fixée,-8.269556,1
6472,S_NOUN_1_PASS_b,M,S,le miroir avec la tasse était jeté <eos>,6,jeté,jetée,4,F,jeté,-7.160654,jetée,-10.524888,1
6473,S_NOUN_1_PASS_b,M,S,le miroir avec la tasse était laissé <eos>,6,laissé,laissée,4,F,laissé,-7.979416,laissée,-9.970221,1
6474,S_NOUN_1_PASS_b,M,S,le miroir avec la tasse était ouvert <eos>,6,ouvert,ouverte,4,F,ouvert,-6.021742,ouverte,-7.5325994,1
6475,S_NOUN_1_PASS_b,M,S,le miroir avec la tasse était perdu <eos>,6,perdu,perdue,4,F,perdu,-8.691748,perdue,-11.337585,1
6476,S_NOUN_1_PASS_b,M,S,le miroir avec la tasse était réparé <eos>,6,réparé,réparée,4,F,réparé,-10.569942,réparée,-12.499265,1
6477,S_NOUN_1_PASS_b,M,S,le miroir avec la tasse était retiré <eos>,6,retiré,retirée,4,F,retiré,-6.7664323,retirée,-10.1614,1
6478,S_NOUN_1_PASS_b,M,S,le miroir avec la tasse était tombé <eos>,6,tombé,tombée,4,F,tombé,-7.679549,tombée,-10.262505,1
6479,S_NOUN_1_PASS_b,M,S,le miroir avec la tasse était utilisé <eos>,6,utilisé,utilisée,4,F,utilisé,-4.1319313,utilisée,-6.873479,1
6480,S_NOUN_1_PASS_b,M,S,le miroir avec la bougie était acheté <eos>,6,acheté,achetée,4,F,acheté,-9.464722,achetée,-11.23394,1
6481,S_NOUN_1_PASS_b,M,S,le miroir avec la bougie était brisé <eos>,6,brisé,brisée,4,F,brisé,-7.5864763,brisée,-10.217697,1
6482,S_NOUN_1_PASS_b,M,S,le miroir avec la bougie était caché <eos>,6,caché,cachée,4,F,caché,-7.116676,cachée,-9.954017,1
6483,S_NOUN_1_PASS_b,M,S,le miroir avec la bougie était cassé <eos>,6,cassé,cassée,4,F,cassé,-6.5491166,cassée,-9.838151,1
6484,S_NOUN_1_PASS_b,M,S,le miroir avec la bougie était couvert <eos>,6,couvert,couverte,4,F,couvert,-6.255049,couverte,-9.046251,1
6485,S_NOUN_1_PASS_b,M,S,le miroir avec la bougie était déformé <eos>,6,déformé,déformée,4,F,déformé,-10.238752,déformée,-11.295851,1
6486,S_NOUN_1_PASS_b,M,S,le miroir avec la bougie était fixé <eos>,6,fixé,fixée,4,F,fixé,-6.087536,fixée,-8.715666,1
6487,S_NOUN_1_PASS_b,M,S,le miroir avec la bougie était jeté <eos>,6,jeté,jetée,4,F,jeté,-8.219748,jetée,-11.191729,1
6488,S_NOUN_1_PASS_b,M,S,le miroir avec la bougie était laissé <eos>,6,laissé,laissée,4,F,laissé,-8.325745,laissée,-11.167128,1
6489,S_NOUN_1_PASS_b,M,S,le miroir avec la bougie était ouvert <eos>,6,ouvert,ouverte,4,F,ouvert,-6.587206,ouverte,-8.583014,1
6490,S_NOUN_1_PASS_b,M,S,le miroir avec la bougie était perdu <eos>,6,perdu,perdue,4,F,perdu,-8.631843,perdue,-11.013811,1
6491,S_NOUN_1_PASS_b,M,S,le miroir avec la bougie était réparé <eos>,6,réparé,réparée,4,F,réparé,-10.722215,réparée,-12.287697,1
6492,S_NOUN_1_PASS_b,M,S,le miroir avec la bougie était retiré <eos>,6,retiré,retirée,4,F,retiré,-7.3492584,retirée,-10.083702,1
6493,S_NOUN_1_PASS_b,M,S,le miroir avec la bougie était tombé <eos>,6,tombé,tombée,4,F,tombé,-7.6005344,tombée,-10.2029085,1
6494,S_NOUN_1_PASS_b,M,S,le miroir avec la bougie était utilisé <eos>,6,utilisé,utilisée,4,F,utilisé,-4.855295,utilisée,-7.762039,1
6495,S_NOUN_1_PASS_b,M,S,le miroir avec la pochette était acheté <eos>,6,acheté,achetée,4,F,acheté,-8.714081,achetée,-9.960361,1
6496,S_NOUN_1_PASS_b,M,S,le miroir avec la pochette était brisé <eos>,6,brisé,brisée,4,F,brisé,-9.288388,brisée,-11.477837,1
6497,S_NOUN_1_PASS_b,M,S,le miroir avec la pochette était caché <eos>,6,caché,cachée,4,F,caché,-7.6267204,cachée,-9.222914,1
6498,S_NOUN_1_PASS_b,M,S,le miroir avec la pochette était cassé <eos>,6,cassé,cassée,4,F,cassé,-7.602573,cassée,-10.531272,1
6499,S_NOUN_1_PASS_b,M,S,le miroir avec la pochette était couvert <eos>,6,couvert,couverte,4,F,couvert,-6.86608,couverte,-9.098173,1
6500,S_NOUN_1_PASS_b,M,S,le miroir avec la pochette était déformé <eos>,6,déformé,déformée,4,F,déformé,-9.901832,déformée,-10.391059,1
6501,S_NOUN_1_PASS_b,M,S,le miroir avec la pochette était fixé <eos>,6,fixé,fixée,4,F,fixé,-6.227871,fixée,-7.675215,1
6502,S_NOUN_1_PASS_b,M,S,le miroir avec la pochette était jeté <eos>,6,jeté,jetée,4,F,jeté,-9.034069,jetée,-12.310886,1
6503,S_NOUN_1_PASS_b,M,S,le miroir avec la pochette était laissé <eos>,6,laissé,laissée,4,F,laissé,-8.511642,laissée,-10.593489,1
6504,S_NOUN_1_PASS_b,M,S,le miroir avec la pochette était ouvert <eos>,6,ouvert,ouverte,4,F,ouvert,-8.448982,ouverte,-9.139163,1
6505,S_NOUN_1_PASS_b,M,S,le miroir avec la pochette était perdu <eos>,6,perdu,perdue,4,F,perdu,-8.8272705,perdue,-11.628141,1
6506,S_NOUN_1_PASS_b,M,S,le miroir avec la pochette était réparé <eos>,6,réparé,réparée,4,F,réparé,-11.909027,réparée,-12.791538,1
6507,S_NOUN_1_PASS_b,M,S,le miroir avec la pochette était retiré <eos>,6,retiré,retirée,4,F,retiré,-6.984754,retirée,-9.716488,1
6508,S_NOUN_1_PASS_b,M,S,le miroir avec la pochette était tombé <eos>,6,tombé,tombée,4,F,tombé,-8.000552,tombée,-10.038472,1
6509,S_NOUN_1_PASS_b,M,S,le miroir avec la pochette était utilisé <eos>,6,utilisé,utilisée,4,F,utilisé,-6.482133,utilisée,-8.513603,1
6510,S_NOUN_1_PASS_b,M,S,le miroir avec la banane était acheté <eos>,6,acheté,achetée,4,F,acheté,-9.305677,achetée,-11.153839,1
6511,S_NOUN_1_PASS_b,M,S,le miroir avec la banane était brisé <eos>,6,brisé,brisée,4,F,brisé,-8.537356,brisée,-10.789737,1
6512,S_NOUN_1_PASS_b,M,S,le miroir avec la banane était caché <eos>,6,caché,cachée,4,F,caché,-8.483856,cachée,-10.963425,1
6513,S_NOUN_1_PASS_b,M,S,le miroir avec la banane était cassé <eos>,6,cassé,cassée,4,F,cassé,-7.4377027,cassée,-10.416107,1
6514,S_NOUN_1_PASS_b,M,S,le miroir avec la banane était couvert <eos>,6,couvert,couverte,4,F,couvert,-6.5333104,couverte,-8.446427,1
6515,S_NOUN_1_PASS_b,M,S,le miroir avec la banane était déformé <eos>,6,déformé,déformée,4,F,déformé,-11.15246,déformée,-12.0456505,1
6516,S_NOUN_1_PASS_b,M,S,le miroir avec la banane était fixé <eos>,6,fixé,fixée,4,F,fixé,-6.7587433,fixée,-8.219454,1
6517,S_NOUN_1_PASS_b,M,S,le miroir avec la banane était jeté <eos>,6,jeté,jetée,4,F,jeté,-8.456485,jetée,-11.292326,1
6518,S_NOUN_1_PASS_b,M,S,le miroir avec la banane était laissé <eos>,6,laissé,laissée,4,F,laissé,-9.569716,laissée,-11.560858,1
6519,S_NOUN_1_PASS_b,M,S,le miroir avec la banane était ouvert <eos>,6,ouvert,ouverte,4,F,ouvert,-7.2411723,ouverte,-8.00135,1
6520,S_NOUN_1_PASS_b,M,S,le miroir avec la banane était perdu <eos>,6,perdu,perdue,4,F,perdu,-9.840133,perdue,-11.574684,1
6521,S_NOUN_1_PASS_b,M,S,le miroir avec la banane était réparé <eos>,6,réparé,réparée,4,F,réparé,-11.06354,réparée,-13.166794,1
6522,S_NOUN_1_PASS_b,M,S,le miroir avec la banane était retiré <eos>,6,retiré,retirée,4,F,retiré,-8.029135,retirée,-11.248791,1
6523,S_NOUN_1_PASS_b,M,S,le miroir avec la banane était tombé <eos>,6,tombé,tombée,4,F,tombé,-8.089322,tombée,-10.546571,1
6524,S_NOUN_1_PASS_b,M,S,le miroir avec la banane était utilisé <eos>,6,utilisé,utilisée,4,F,utilisé,-4.2910733,utilisée,-6.658814,1
6525,S_NOUN_1_PASS_b,M,S,le miroir avec la robe était acheté <eos>,6,acheté,achetée,4,F,acheté,-9.586142,achetée,-10.073729,1
6526,S_NOUN_1_PASS_b,M,S,le miroir avec la robe était brisé <eos>,6,brisé,brisée,4,F,brisé,-9.515694,brisée,-10.107353,1
6527,S_NOUN_1_PASS_b,M,S,le miroir avec la robe était caché <eos>,6,caché,cachée,4,F,caché,-8.99897,cachée,-9.426029,1
6528,S_NOUN_1_PASS_b,M,S,le miroir avec la robe était cassé <eos>,6,cassé,cassée,4,F,cassé,-6.999651,cassée,-10.145447,1
6529,S_NOUN_1_PASS_b,M,S,le miroir avec la robe était couvert <eos>,6,couvert,couverte,4,F,couvert,-7.0081997,couverte,-7.461035,1
6530,S_NOUN_1_PASS_b,M,S,le miroir avec la robe était déformé <eos>,6,déformé,déformée,4,F,déformé,-9.845286,déformée,-9.856766,1
6531,S_NOUN_1_PASS_b,M,S,le miroir avec la robe était fixé <eos>,6,fixé,fixée,4,F,fixé,-5.8257403,fixée,-6.8774037,1
6532,S_NOUN_1_PASS_b,M,S,le miroir avec la robe était jeté <eos>,6,jeté,jetée,4,F,jeté,-8.721437,jetée,-11.763919,1
6533,S_NOUN_1_PASS_b,M,S,le miroir avec la robe était laissé <eos>,6,laissé,laissée,4,F,laissé,-9.403608,laissée,-10.636531,1
6534,S_NOUN_1_PASS_b,M,S,le miroir avec la robe était ouvert <eos>,6,ouvert,ouverte,4,F,ouvert,-7.8632936,ouverte,-7.8264866,0
6535,S_NOUN_1_PASS_b,M,S,le miroir avec la robe était perdu <eos>,6,perdu,perdue,4,F,perdu,-9.96195,perdue,-10.984601,1
6536,S_NOUN_1_PASS_b,M,S,le miroir avec la robe était réparé <eos>,6,réparé,réparée,4,F,réparé,-13.182696,réparée,-12.19853,0
6537,S_NOUN_1_PASS_b,M,S,le miroir avec la robe était retiré <eos>,6,retiré,retirée,4,F,retiré,-7.199187,retirée,-9.814453,1
6538,S_NOUN_1_PASS_b,M,S,le miroir avec la robe était tombé <eos>,6,tombé,tombée,4,F,tombé,-8.467268,tombée,-9.008543,1
6539,S_NOUN_1_PASS_b,M,S,le miroir avec la robe était utilisé <eos>,6,utilisé,utilisée,4,F,utilisé,-5.3180823,utilisée,-6.5974765,1
6540,S_NOUN_1_PASS_b,M,S,le miroir avec la valise était acheté <eos>,6,acheté,achetée,4,F,acheté,-8.050605,achetée,-10.444603,1
6541,S_NOUN_1_PASS_b,M,S,le miroir avec la valise était brisé <eos>,6,brisé,brisée,4,F,brisé,-6.959157,brisée,-9.154385,1
6542,S_NOUN_1_PASS_b,M,S,le miroir avec la valise était caché <eos>,6,caché,cachée,4,F,caché,-5.968975,cachée,-8.496989,1
6543,S_NOUN_1_PASS_b,M,S,le miroir avec la valise était cassé <eos>,6,cassé,cassée,4,F,cassé,-6.8076353,cassée,-8.68078,1
6544,S_NOUN_1_PASS_b,M,S,le miroir avec la valise était couvert <eos>,6,couvert,couverte,4,F,couvert,-5.599492,couverte,-7.9563837,1
6545,S_NOUN_1_PASS_b,M,S,le miroir avec la valise était déformé <eos>,6,déformé,déformée,4,F,déformé,-9.935112,déformée,-11.180596,1
6546,S_NOUN_1_PASS_b,M,S,le miroir avec la valise était fixé <eos>,6,fixé,fixée,4,F,fixé,-6.4836893,fixée,-7.7893057,1
6547,S_NOUN_1_PASS_b,M,S,le miroir avec la valise était jeté <eos>,6,jeté,jetée,4,F,jeté,-6.9778633,jetée,-10.970097,1
6548,S_NOUN_1_PASS_b,M,S,le miroir avec la valise était laissé <eos>,6,laissé,laissée,4,F,laissé,-7.9048986,laissée,-10.302044,1
6549,S_NOUN_1_PASS_b,M,S,le miroir avec la valise était ouvert <eos>,6,ouvert,ouverte,4,F,ouvert,-6.022809,ouverte,-7.246463,1
6550,S_NOUN_1_PASS_b,M,S,le miroir avec la valise était perdu <eos>,6,perdu,perdue,4,F,perdu,-8.04313,perdue,-10.483839,1
6551,S_NOUN_1_PASS_b,M,S,le miroir avec la valise était réparé <eos>,6,réparé,réparée,4,F,réparé,-10.517193,réparée,-12.358902,1
6552,S_NOUN_1_PASS_b,M,S,le miroir avec la valise était retiré <eos>,6,retiré,retirée,4,F,retiré,-6.7087984,retirée,-9.485955,1
6553,S_NOUN_1_PASS_b,M,S,le miroir avec la valise était tombé <eos>,6,tombé,tombée,4,F,tombé,-6.955618,tombée,-9.032437,1
6554,S_NOUN_1_PASS_b,M,S,le miroir avec la valise était utilisé <eos>,6,utilisé,utilisée,4,F,utilisé,-6.3737035,utilisée,-8.8769,1
6555,S_NOUN_1_PASS_b,M,S,le miroir avec la pendule était acheté <eos>,6,acheté,achetée,4,F,acheté,-9.788256,achetée,-11.14404,1
6556,S_NOUN_1_PASS_b,M,S,le miroir avec la pendule était brisé <eos>,6,brisé,brisée,4,F,brisé,-7.1569843,brisée,-8.5345,1
6557,S_NOUN_1_PASS_b,M,S,le miroir avec la pendule était caché <eos>,6,caché,cachée,4,F,caché,-7.07876,cachée,-7.919978,1
6558,S_NOUN_1_PASS_b,M,S,le miroir avec la pendule était cassé <eos>,6,cassé,cassée,4,F,cassé,-6.0840926,cassée,-8.100851,1
6559,S_NOUN_1_PASS_b,M,S,le miroir avec la pendule était couvert <eos>,6,couvert,couverte,4,F,couvert,-5.7412367,couverte,-7.499425,1
6560,S_NOUN_1_PASS_b,M,S,le miroir avec la pendule était déformé <eos>,6,déformé,déformée,4,F,déformé,-9.882053,déformée,-10.281795,1
6561,S_NOUN_1_PASS_b,M,S,le miroir avec la pendule était fixé <eos>,6,fixé,fixée,4,F,fixé,-4.8895993,fixée,-6.169995,1
6562,S_NOUN_1_PASS_b,M,S,le miroir avec la pendule était jeté <eos>,6,jeté,jetée,4,F,jeté,-8.097699,jetée,-11.518193,1
6563,S_NOUN_1_PASS_b,M,S,le miroir avec la pendule était laissé <eos>,6,laissé,laissée,4,F,laissé,-8.870079,laissée,-10.306761,1
6564,S_NOUN_1_PASS_b,M,S,le miroir avec la pendule était ouvert <eos>,6,ouvert,ouverte,4,F,ouvert,-5.890092,ouverte,-7.2801304,1
6565,S_NOUN_1_PASS_b,M,S,le miroir avec la pendule était perdu <eos>,6,perdu,perdue,4,F,perdu,-10.2346115,perdue,-10.495696,1
6566,S_NOUN_1_PASS_b,M,S,le miroir avec la pendule était réparé <eos>,6,réparé,réparée,4,F,réparé,-11.746943,réparée,-11.484495,0
6567,S_NOUN_1_PASS_b,M,S,le miroir avec la pendule était retiré <eos>,6,retiré,retirée,4,F,retiré,-6.962405,retirée,-9.8737135,1
6568,S_NOUN_1_PASS_b,M,S,le miroir avec la pendule était tombé <eos>,6,tombé,tombée,4,F,tombé,-8.033219,tombée,-11.082744,1
6569,S_NOUN_1_PASS_b,M,S,le miroir avec la pendule était utilisé <eos>,6,utilisé,utilisée,4,F,utilisé,-5.245262,utilisée,-7.3566713,1
6570,S_NOUN_1_PASS_b,M,S,le miroir avec la cloche était acheté <eos>,6,acheté,achetée,4,F,acheté,-8.911186,achetée,-10.129073,1
6571,S_NOUN_1_PASS_b,M,S,le miroir avec la cloche était brisé <eos>,6,brisé,brisée,4,F,brisé,-6.9387074,brisée,-9.030133,1
6572,S_NOUN_1_PASS_b,M,S,le miroir avec la cloche était caché <eos>,6,caché,cachée,4,F,caché,-6.411394,cachée,-7.7625113,1
6573,S_NOUN_1_PASS_b,M,S,le miroir avec la cloche était cassé <eos>,6,cassé,cassée,4,F,cassé,-7.2394753,cassée,-9.152997,1
6574,S_NOUN_1_PASS_b,M,S,le miroir avec la cloche était couvert <eos>,6,couvert,couverte,4,F,couvert,-5.6360693,couverte,-8.403482,1
6575,S_NOUN_1_PASS_b,M,S,le miroir avec la cloche était déformé <eos>,6,déformé,déformée,4,F,déformé,-10.688955,déformée,-10.917273,1
6576,S_NOUN_1_PASS_b,M,S,le miroir avec la cloche était fixé <eos>,6,fixé,fixée,4,F,fixé,-5.9222746,fixée,-7.6509705,1
6577,S_NOUN_1_PASS_b,M,S,le miroir avec la cloche était jeté <eos>,6,jeté,jetée,4,F,jeté,-7.6282454,jetée,-10.216719,1
6578,S_NOUN_1_PASS_b,M,S,le miroir avec la cloche était laissé <eos>,6,laissé,laissée,4,F,laissé,-8.167871,laissée,-10.285055,1
6579,S_NOUN_1_PASS_b,M,S,le miroir avec la cloche était ouvert <eos>,6,ouvert,ouverte,4,F,ouvert,-6.584676,ouverte,-7.9955244,1
6580,S_NOUN_1_PASS_b,M,S,le miroir avec la cloche était perdu <eos>,6,perdu,perdue,4,F,perdu,-8.290771,perdue,-10.080819,1
6581,S_NOUN_1_PASS_b,M,S,le miroir avec la cloche était réparé <eos>,6,réparé,réparée,4,F,réparé,-9.7328825,réparée,-10.838788,1
6582,S_NOUN_1_PASS_b,M,S,le miroir avec la cloche était retiré <eos>,6,retiré,retirée,4,F,retiré,-7.230978,retirée,-10.395117,1
6583,S_NOUN_1_PASS_b,M,S,le miroir avec la cloche était tombé <eos>,6,tombé,tombée,4,F,tombé,-6.6794987,tombée,-8.640655,1
6584,S_NOUN_1_PASS_b,M,S,le miroir avec la cloche était utilisé <eos>,6,utilisé,utilisée,4,F,utilisé,-5.6365547,utilisée,-7.872962,1
6585,S_NOUN_1_PASS_b,M,S,le miroir avec la cerise était acheté <eos>,6,acheté,achetée,4,F,acheté,-9.055689,achetée,-11.492267,1
6586,S_NOUN_1_PASS_b,M,S,le miroir avec la cerise était brisé <eos>,6,brisé,brisée,4,F,brisé,-9.283453,brisée,-11.8843,1
6587,S_NOUN_1_PASS_b,M,S,le miroir avec la cerise était caché <eos>,6,caché,cachée,4,F,caché,-8.437312,cachée,-11.114127,1
6588,S_NOUN_1_PASS_b,M,S,le miroir avec la cerise était cassé <eos>,6,cassé,cassée,4,F,cassé,-7.4020505,cassée,-10.957947,1
6589,S_NOUN_1_PASS_b,M,S,le miroir avec la cerise était couvert <eos>,6,couvert,couverte,4,F,couvert,-6.246458,couverte,-9.004993,1
6590,S_NOUN_1_PASS_b,M,S,le miroir avec la cerise était déformé <eos>,6,déformé,déformée,4,F,déformé,-10.341428,déformée,-12.022111,1
6591,S_NOUN_1_PASS_b,M,S,le miroir avec la cerise était fixé <eos>,6,fixé,fixée,4,F,fixé,-6.5624533,fixée,-9.311741,1
6592,S_NOUN_1_PASS_b,M,S,le miroir avec la cerise était jeté <eos>,6,jeté,jetée,4,F,jeté,-8.847294,jetée,-11.665197,1
6593,S_NOUN_1_PASS_b,M,S,le miroir avec la cerise était laissé <eos>,6,laissé,laissée,4,F,laissé,-9.210512,laissée,-11.68323,1
6594,S_NOUN_1_PASS_b,M,S,le miroir avec la cerise était ouvert <eos>,6,ouvert,ouverte,4,F,ouvert,-7.5088606,ouverte,-9.350167,1
6595,S_NOUN_1_PASS_b,M,S,le miroir avec la cerise était perdu <eos>,6,perdu,perdue,4,F,perdu,-9.191305,perdue,-12.10689,1
6596,S_NOUN_1_PASS_b,M,S,le miroir avec la cerise était réparé <eos>,6,réparé,réparée,4,F,réparé,-12.393291,réparée,-14.418196,1
6597,S_NOUN_1_PASS_b,M,S,le miroir avec la cerise était retiré <eos>,6,retiré,retirée,4,F,retiré,-8.228872,retirée,-11.850747,1
6598,S_NOUN_1_PASS_b,M,S,le miroir avec la cerise était tombé <eos>,6,tombé,tombée,4,F,tombé,-8.183792,tombée,-10.589769,1
6599,S_NOUN_1_PASS_b,M,S,le miroir avec la cerise était utilisé <eos>,6,utilisé,utilisée,4,F,utilisé,-4.537263,utilisée,-7.044177,1
6600,S_NOUN_1_PASS_b,M,S,le crayon avec la gemme était acheté <eos>,6,acheté,achetée,4,F,acheté,-8.679094,achetée,-11.375538,1
6601,S_NOUN_1_PASS_b,M,S,le crayon avec la gemme était brisé <eos>,6,brisé,brisée,4,F,brisé,-9.962943,brisée,-12.493588,1
6602,S_NOUN_1_PASS_b,M,S,le crayon avec la gemme était caché <eos>,6,caché,cachée,4,F,caché,-8.15347,cachée,-10.5622835,1
6603,S_NOUN_1_PASS_b,M,S,le crayon avec la gemme était cassé <eos>,6,cassé,cassée,4,F,cassé,-8.552588,cassée,-11.5534115,1
6604,S_NOUN_1_PASS_b,M,S,le crayon avec la gemme était couvert <eos>,6,couvert,couverte,4,F,couvert,-7.171314,couverte,-9.435892,1
6605,S_NOUN_1_PASS_b,M,S,le crayon avec la gemme était déformé <eos>,6,déformé,déformée,4,F,déformé,-10.066587,déformée,-11.324846,1
6606,S_NOUN_1_PASS_b,M,S,le crayon avec la gemme était fixé <eos>,6,fixé,fixée,4,F,fixé,-5.9302797,fixée,-9.415971,1
6607,S_NOUN_1_PASS_b,M,S,le crayon avec la gemme était jeté <eos>,6,jeté,jetée,4,F,jeté,-9.445896,jetée,-12.214773,1
6608,S_NOUN_1_PASS_b,M,S,le crayon avec la gemme était laissé <eos>,6,laissé,laissée,4,F,laissé,-8.918614,laissée,-10.929046,1
6609,S_NOUN_1_PASS_b,M,S,le crayon avec la gemme était ouvert <eos>,6,ouvert,ouverte,4,F,ouvert,-7.458107,ouverte,-9.803863,1
6610,S_NOUN_1_PASS_b,M,S,le crayon avec la gemme était perdu <eos>,6,perdu,perdue,4,F,perdu,-9.336721,perdue,-11.573608,1
6611,S_NOUN_1_PASS_b,M,S,le crayon avec la gemme était réparé <eos>,6,réparé,réparée,4,F,réparé,-12.011994,réparée,-14.56653,1
6612,S_NOUN_1_PASS_b,M,S,le crayon avec la gemme était retiré <eos>,6,retiré,retirée,4,F,retiré,-7.7280207,retirée,-12.312653,1
6613,S_NOUN_1_PASS_b,M,S,le crayon avec la gemme était tombé <eos>,6,tombé,tombée,4,F,tombé,-8.521189,tombée,-11.1233635,1
6614,S_NOUN_1_PASS_b,M,S,le crayon avec la gemme était utilisé <eos>,6,utilisé,utilisée,4,F,utilisé,-3.3852549,utilisée,-6.471672,1
6615,S_NOUN_1_PASS_b,M,S,le crayon avec la chaise était acheté <eos>,6,acheté,achetée,4,F,acheté,-8.358507,achetée,-10.676358,1
6616,S_NOUN_1_PASS_b,M,S,le crayon avec la chaise était brisé <eos>,6,brisé,brisée,4,F,brisé,-9.656935,brisée,-11.719322,1
6617,S_NOUN_1_PASS_b,M,S,le crayon avec la chaise était caché <eos>,6,caché,cachée,4,F,caché,-8.635129,cachée,-10.592516,1
6618,S_NOUN_1_PASS_b,M,S,le crayon avec la chaise était cassé <eos>,6,cassé,cassée,4,F,cassé,-8.327801,cassée,-10.48397,1
6619,S_NOUN_1_PASS_b,M,S,le crayon avec la chaise était couvert <eos>,6,couvert,couverte,4,F,couvert,-6.1808786,couverte,-8.458325,1
6620,S_NOUN_1_PASS_b,M,S,le crayon avec la chaise était déformé <eos>,6,déformé,déformée,4,F,déformé,-10.072272,déformée,-10.945983,1
6621,S_NOUN_1_PASS_b,M,S,le crayon avec la chaise était fixé <eos>,6,fixé,fixée,4,F,fixé,-6.8293877,fixée,-9.146487,1
6622,S_NOUN_1_PASS_b,M,S,le crayon avec la chaise était jeté <eos>,6,jeté,jetée,4,F,jeté,-9.0845995,jetée,-11.915238,1
6623,S_NOUN_1_PASS_b,M,S,le crayon avec la chaise était laissé <eos>,6,laissé,laissée,4,F,laissé,-8.959437,laissée,-10.850902,1
6624,S_NOUN_1_PASS_b,M,S,le crayon avec la chaise était ouvert <eos>,6,ouvert,ouverte,4,F,ouvert,-6.7882833,ouverte,-8.563237,1
6625,S_NOUN_1_PASS_b,M,S,le crayon avec la chaise était perdu <eos>,6,perdu,perdue,4,F,perdu,-8.669611,perdue,-10.5822315,1
6626,S_NOUN_1_PASS_b,M,S,le crayon avec la chaise était réparé <eos>,6,réparé,réparée,4,F,réparé,-11.821572,réparée,-13.036415,1
6627,S_NOUN_1_PASS_b,M,S,le crayon avec la chaise était retiré <eos>,6,retiré,retirée,4,F,retiré,-7.9691954,retirée,-11.851912,1
6628,S_NOUN_1_PASS_b,M,S,le crayon avec la chaise était tombé <eos>,6,tombé,tombée,4,F,tombé,-8.478757,tombée,-10.973839,1
6629,S_NOUN_1_PASS_b,M,S,le crayon avec la chaise était utilisé <eos>,6,utilisé,utilisée,4,F,utilisé,-3.958862,utilisée,-6.5351763,1
6630,S_NOUN_1_PASS_b,M,S,le crayon avec la poubelle était acheté <eos>,6,acheté,achetée,4,F,acheté,-7.7812223,achetée,-10.955604,1
6631,S_NOUN_1_PASS_b,M,S,le crayon avec la poubelle était brisé <eos>,6,brisé,brisée,4,F,brisé,-9.158631,brisée,-12.019678,1
6632,S_NOUN_1_PASS_b,M,S,le crayon avec la poubelle était caché <eos>,6,caché,cachée,4,F,caché,-7.968339,cachée,-10.665284,1
6633,S_NOUN_1_PASS_b,M,S,le crayon avec la poubelle était cassé <eos>,6,cassé,cassée,4,F,cassé,-9.017276,cassée,-11.203267,1
6634,S_NOUN_1_PASS_b,M,S,le crayon avec la poubelle était couvert <eos>,6,couvert,couverte,4,F,couvert,-6.6674643,couverte,-8.872988,1
6635,S_NOUN_1_PASS_b,M,S,le crayon avec la poubelle était déformé <eos>,6,déformé,déformée,4,F,déformé,-9.23488,déformée,-11.169479,1
6636,S_NOUN_1_PASS_b,M,S,le crayon avec la poubelle était fixé <eos>,6,fixé,fixée,4,F,fixé,-7.083899,fixée,-10.281513,1
6637,S_NOUN_1_PASS_b,M,S,le crayon avec la poubelle était jeté <eos>,6,jeté,jetée,4,F,jeté,-8.427525,jetée,-10.910839,1
6638,S_NOUN_1_PASS_b,M,S,le crayon avec la poubelle était laissé <eos>,6,laissé,laissée,4,F,laissé,-8.076521,laissée,-10.626015,1
6639,S_NOUN_1_PASS_b,M,S,le crayon avec la poubelle était ouvert <eos>,6,ouvert,ouverte,4,F,ouvert,-6.7539225,ouverte,-9.032576,1
6640,S_NOUN_1_PASS_b,M,S,le crayon avec la poubelle était perdu <eos>,6,perdu,perdue,4,F,perdu,-8.011194,perdue,-11.119066,1
6641,S_NOUN_1_PASS_b,M,S,le crayon avec la poubelle était réparé <eos>,6,réparé,réparée,4,F,réparé,-10.994477,réparée,-13.145148,1
6642,S_NOUN_1_PASS_b,M,S,le crayon avec la poubelle était retiré <eos>,6,retiré,retirée,4,F,retiré,-7.1028223,retirée,-11.293395,1
6643,S_NOUN_1_PASS_b,M,S,le crayon avec la poubelle était tombé <eos>,6,tombé,tombée,4,F,tombé,-8.199925,tombée,-10.537844,1
6644,S_NOUN_1_PASS_b,M,S,le crayon avec la poubelle était utilisé <eos>,6,utilisé,utilisée,4,F,utilisé,-3.9389586,utilisée,-7.0931764,1
6645,S_NOUN_1_PASS_b,M,S,le crayon avec la chemise était acheté <eos>,6,acheté,achetée,4,F,acheté,-8.331805,achetée,-11.42205,1
6646,S_NOUN_1_PASS_b,M,S,le crayon avec la chemise était brisé <eos>,6,brisé,brisée,4,F,brisé,-10.181281,brisée,-13.016175,1
6647,S_NOUN_1_PASS_b,M,S,le crayon avec la chemise était caché <eos>,6,caché,cachée,4,F,caché,-8.598837,cachée,-11.498565,1
6648,S_NOUN_1_PASS_b,M,S,le crayon avec la chemise était cassé <eos>,6,cassé,cassée,4,F,cassé,-8.147081,cassée,-11.969686,1
6649,S_NOUN_1_PASS_b,M,S,le crayon avec la chemise était couvert <eos>,6,couvert,couverte,4,F,couvert,-6.3080263,couverte,-8.806451,1
6650,S_NOUN_1_PASS_b,M,S,le crayon avec la chemise était déformé <eos>,6,déformé,déformée,4,F,déformé,-10.351763,déformée,-11.61842,1
6651,S_NOUN_1_PASS_b,M,S,le crayon avec la chemise était fixé <eos>,6,fixé,fixée,4,F,fixé,-6.0649033,fixée,-9.809274,1
6652,S_NOUN_1_PASS_b,M,S,le crayon avec la chemise était jeté <eos>,6,jeté,jetée,4,F,jeté,-8.660435,jetée,-12.649414,1
6653,S_NOUN_1_PASS_b,M,S,le crayon avec la chemise était laissé <eos>,6,laissé,laissée,4,F,laissé,-8.743792,laissée,-11.293937,1
6654,S_NOUN_1_PASS_b,M,S,le crayon avec la chemise était ouvert <eos>,6,ouvert,ouverte,4,F,ouvert,-7.0030403,ouverte,-9.227054,1
6655,S_NOUN_1_PASS_b,M,S,le crayon avec la chemise était perdu <eos>,6,perdu,perdue,4,F,perdu,-8.857601,perdue,-12.437846,1
6656,S_NOUN_1_PASS_b,M,S,le crayon avec la chemise était réparé <eos>,6,réparé,réparée,4,F,réparé,-12.228234,réparée,-13.9880495,1
6657,S_NOUN_1_PASS_b,M,S,le crayon avec la chemise était retiré <eos>,6,retiré,retirée,4,F,retiré,-6.74599,retirée,-12.052232,1
6658,S_NOUN_1_PASS_b,M,S,le crayon avec la chemise était tombé <eos>,6,tombé,tombée,4,F,tombé,-7.791864,tombée,-10.50275,1
6659,S_NOUN_1_PASS_b,M,S,le crayon avec la chemise était utilisé <eos>,6,utilisé,utilisée,4,F,utilisé,-3.3925874,utilisée,-6.742482,1
6660,S_NOUN_1_PASS_b,M,S,le crayon avec la recette était acheté <eos>,6,acheté,achetée,4,F,acheté,-8.622757,achetée,-11.027506,1
6661,S_NOUN_1_PASS_b,M,S,le crayon avec la recette était brisé <eos>,6,brisé,brisée,4,F,brisé,-10.935049,brisée,-12.961712,1
6662,S_NOUN_1_PASS_b,M,S,le crayon avec la recette était caché <eos>,6,caché,cachée,4,F,caché,-9.030553,cachée,-11.142726,1
6663,S_NOUN_1_PASS_b,M,S,le crayon avec la recette était cassé <eos>,6,cassé,cassée,4,F,cassé,-10.120219,cassée,-11.5565,1
6664,S_NOUN_1_PASS_b,M,S,le crayon avec la recette était couvert <eos>,6,couvert,couverte,4,F,couvert,-7.9452085,couverte,-9.938929,1
6665,S_NOUN_1_PASS_b,M,S,le crayon avec la recette était déformé <eos>,6,déformé,déformée,4,F,déformé,-10.869217,déformée,-11.429664,1
6666,S_NOUN_1_PASS_b,M,S,le crayon avec la recette était fixé <eos>,6,fixé,fixée,4,F,fixé,-7.292106,fixée,-9.588677,1
6667,S_NOUN_1_PASS_b,M,S,le crayon avec la recette était jeté <eos>,6,jeté,jetée,4,F,jeté,-10.242972,jetée,-12.152154,1
6668,S_NOUN_1_PASS_b,M,S,le crayon avec la recette était laissé <eos>,6,laissé,laissée,4,F,laissé,-9.009022,laissée,-10.641504,1
6669,S_NOUN_1_PASS_b,M,S,le crayon avec la recette était ouvert <eos>,6,ouvert,ouverte,4,F,ouvert,-7.8772297,ouverte,-9.461512,1
6670,S_NOUN_1_PASS_b,M,S,le crayon avec la recette était perdu <eos>,6,perdu,perdue,4,F,perdu,-8.971826,perdue,-10.374306,1
6671,S_NOUN_1_PASS_b,M,S,le crayon avec la recette était réparé <eos>,6,réparé,réparée,4,F,réparé,-12.671925,réparée,-14.929384,1
6672,S_NOUN_1_PASS_b,M,S,le crayon avec la recette était retiré <eos>,6,retiré,retirée,4,F,retiré,-8.610512,retirée,-12.164072,1
6673,S_NOUN_1_PASS_b,M,S,le crayon avec la recette était tombé <eos>,6,tombé,tombée,4,F,tombé,-8.635572,tombée,-10.807111,1
6674,S_NOUN_1_PASS_b,M,S,le crayon avec la recette était utilisé <eos>,6,utilisé,utilisée,4,F,utilisé,-4.9519215,utilisée,-7.445738,1
6675,S_NOUN_1_PASS_b,M,S,le crayon avec la jupe était acheté <eos>,6,acheté,achetée,4,F,acheté,-8.93865,achetée,-11.372341,1
6676,S_NOUN_1_PASS_b,M,S,le crayon avec la jupe était brisé <eos>,6,brisé,brisée,4,F,brisé,-9.581358,brisée,-11.699701,1
6677,S_NOUN_1_PASS_b,M,S,le crayon avec la jupe était caché <eos>,6,caché,cachée,4,F,caché,-8.682999,cachée,-10.127245,1
6678,S_NOUN_1_PASS_b,M,S,le crayon avec la jupe était cassé <eos>,6,cassé,cassée,4,F,cassé,-7.8401327,cassée,-10.433086,1
6679,S_NOUN_1_PASS_b,M,S,le crayon avec la jupe était couvert <eos>,6,couvert,couverte,4,F,couvert,-6.641096,couverte,-8.308557,1
6680,S_NOUN_1_PASS_b,M,S,le crayon avec la jupe était déformé <eos>,6,déformé,déformée,4,F,déformé,-10.001998,déformée,-10.3645115,1
6681,S_NOUN_1_PASS_b,M,S,le crayon avec la jupe était fixé <eos>,6,fixé,fixée,4,F,fixé,-6.1634135,fixée,-8.547972,1
6682,S_NOUN_1_PASS_b,M,S,le crayon avec la jupe était jeté <eos>,6,jeté,jetée,4,F,jeté,-9.243068,jetée,-12.409761,1
6683,S_NOUN_1_PASS_b,M,S,le crayon avec la jupe était laissé <eos>,6,laissé,laissée,4,F,laissé,-8.963113,laissée,-10.599343,1
6684,S_NOUN_1_PASS_b,M,S,le crayon avec la jupe était ouvert <eos>,6,ouvert,ouverte,4,F,ouvert,-7.2753296,ouverte,-8.535154,1
6685,S_NOUN_1_PASS_b,M,S,le crayon avec la jupe était perdu <eos>,6,perdu,perdue,4,F,perdu,-9.100938,perdue,-11.173688,1
6686,S_NOUN_1_PASS_b,M,S,le crayon avec la jupe était réparé <eos>,6,réparé,réparée,4,F,réparé,-12.437218,réparée,-12.993336,1
6687,S_NOUN_1_PASS_b,M,S,le crayon avec la jupe était retiré <eos>,6,retiré,retirée,4,F,retiré,-7.623297,retirée,-11.432407,1
6688,S_NOUN_1_PASS_b,M,S,le crayon avec la jupe était tombé <eos>,6,tombé,tombée,4,F,tombé,-8.003513,tombée,-10.348799,1
6689,S_NOUN_1_PASS_b,M,S,le crayon avec la jupe était utilisé <eos>,6,utilisé,utilisée,4,F,utilisé,-4.517207,utilisée,-6.780656,1
6690,S_NOUN_1_PASS_b,M,S,le crayon avec la colle était acheté <eos>,6,acheté,achetée,4,F,acheté,-7.827402,achetée,-10.848683,1
6691,S_NOUN_1_PASS_b,M,S,le crayon avec la colle était brisé <eos>,6,brisé,brisée,4,F,brisé,-9.788249,brisée,-12.634342,1
6692,S_NOUN_1_PASS_b,M,S,le crayon avec la colle était caché <eos>,6,caché,cachée,4,F,caché,-8.023277,cachée,-10.712648,1
6693,S_NOUN_1_PASS_b,M,S,le crayon avec la colle était cassé <eos>,6,cassé,cassée,4,F,cassé,-8.680833,cassée,-11.457921,1
6694,S_NOUN_1_PASS_b,M,S,le crayon avec la colle était couvert <eos>,6,couvert,couverte,4,F,couvert,-6.769617,couverte,-9.325005,1
6695,S_NOUN_1_PASS_b,M,S,le crayon avec la colle était déformé <eos>,6,déformé,déformée,4,F,déformé,-9.508995,déformée,-11.4557905,1
6696,S_NOUN_1_PASS_b,M,S,le crayon avec la colle était fixé <eos>,6,fixé,fixée,4,F,fixé,-6.4248977,fixée,-9.632871,1
6697,S_NOUN_1_PASS_b,M,S,le crayon avec la colle était jeté <eos>,6,jeté,jetée,4,F,jeté,-8.929638,jetée,-12.10601,1
6698,S_NOUN_1_PASS_b,M,S,le crayon avec la colle était laissé <eos>,6,laissé,laissée,4,F,laissé,-8.609037,laissée,-10.546932,1
6699,S_NOUN_1_PASS_b,M,S,le crayon avec la colle était ouvert <eos>,6,ouvert,ouverte,4,F,ouvert,-7.36434,ouverte,-9.496019,1
6700,S_NOUN_1_PASS_b,M,S,le crayon avec la colle était perdu <eos>,6,perdu,perdue,4,F,perdu,-8.593556,perdue,-10.487712,1
6701,S_NOUN_1_PASS_b,M,S,le crayon avec la colle était réparé <eos>,6,réparé,réparée,4,F,réparé,-11.618943,réparée,-14.369514,1
6702,S_NOUN_1_PASS_b,M,S,le crayon avec la colle était retiré <eos>,6,retiré,retirée,4,F,retiré,-6.8488965,retirée,-11.655426,1
6703,S_NOUN_1_PASS_b,M,S,le crayon avec la colle était tombé <eos>,6,tombé,tombée,4,F,tombé,-7.8585167,tombée,-10.895038,1
6704,S_NOUN_1_PASS_b,M,S,le crayon avec la colle était utilisé <eos>,6,utilisé,utilisée,4,F,utilisé,-3.6240258,utilisée,-6.8898616,1
6705,S_NOUN_1_PASS_b,M,S,le crayon avec la lampe était acheté <eos>,6,acheté,achetée,4,F,acheté,-8.455878,achetée,-9.950756,1
6706,S_NOUN_1_PASS_b,M,S,le crayon avec la lampe était brisé <eos>,6,brisé,brisée,4,F,brisé,-9.200599,brisée,-11.09478,1
6707,S_NOUN_1_PASS_b,M,S,le crayon avec la lampe était caché <eos>,6,caché,cachée,4,F,caché,-7.90051,cachée,-9.619751,1
6708,S_NOUN_1_PASS_b,M,S,le crayon avec la lampe était cassé <eos>,6,cassé,cassée,4,F,cassé,-9.201728,cassée,-10.48544,1
6709,S_NOUN_1_PASS_b,M,S,le crayon avec la lampe était couvert <eos>,6,couvert,couverte,4,F,couvert,-6.950472,couverte,-8.771831,1
6710,S_NOUN_1_PASS_b,M,S,le crayon avec la lampe était déformé <eos>,6,déformé,déformée,4,F,déformé,-10.17059,déformée,-10.918825,1
6711,S_NOUN_1_PASS_b,M,S,le crayon avec la lampe était fixé <eos>,6,fixé,fixée,4,F,fixé,-6.424999,fixée,-8.924627,1
6712,S_NOUN_1_PASS_b,M,S,le crayon avec la lampe était jeté <eos>,6,jeté,jetée,4,F,jeté,-8.92902,jetée,-11.06591,1
6713,S_NOUN_1_PASS_b,M,S,le crayon avec la lampe était laissé <eos>,6,laissé,laissée,4,F,laissé,-8.777929,laissée,-9.874463,1
6714,S_NOUN_1_PASS_b,M,S,le crayon avec la lampe était ouvert <eos>,6,ouvert,ouverte,4,F,ouvert,-7.1588225,ouverte,-8.702038,1
6715,S_NOUN_1_PASS_b,M,S,le crayon avec la lampe était perdu <eos>,6,perdu,perdue,4,F,perdu,-8.615025,perdue,-10.272505,1
6716,S_NOUN_1_PASS_b,M,S,le crayon avec la lampe était réparé <eos>,6,réparé,réparée,4,F,réparé,-11.8181305,réparée,-13.752716,1
6717,S_NOUN_1_PASS_b,M,S,le crayon avec la lampe était retiré <eos>,6,retiré,retirée,4,F,retiré,-7.75851,retirée,-11.068298,1
6718,S_NOUN_1_PASS_b,M,S,le crayon avec la lampe était tombé <eos>,6,tombé,tombée,4,F,tombé,-8.334583,tombée,-10.316503,1
6719,S_NOUN_1_PASS_b,M,S,le crayon avec la lampe était utilisé <eos>,6,utilisé,utilisée,4,F,utilisé,-4.0633125,utilisée,-6.50216,1
6720,S_NOUN_1_PASS_b,M,S,le crayon avec la bouteille était acheté <eos>,6,acheté,achetée,4,F,acheté,-7.673339,achetée,-10.366413,1
6721,S_NOUN_1_PASS_b,M,S,le crayon avec la bouteille était brisé <eos>,6,brisé,brisée,4,F,brisé,-9.495399,brisée,-11.780226,1
6722,S_NOUN_1_PASS_b,M,S,le crayon avec la bouteille était caché <eos>,6,caché,cachée,4,F,caché,-7.7280464,cachée,-10.233617,1
6723,S_NOUN_1_PASS_b,M,S,le crayon avec la bouteille était cassé <eos>,6,cassé,cassée,4,F,cassé,-7.944592,cassée,-10.149614,1
6724,S_NOUN_1_PASS_b,M,S,le crayon avec la bouteille était couvert <eos>,6,couvert,couverte,4,F,couvert,-6.4812055,couverte,-9.144705,1
6725,S_NOUN_1_PASS_b,M,S,le crayon avec la bouteille était déformé <eos>,6,déformé,déformée,4,F,déformé,-9.855264,déformée,-10.857755,1
6726,S_NOUN_1_PASS_b,M,S,le crayon avec la bouteille était fixé <eos>,6,fixé,fixée,4,F,fixé,-5.6315217,fixée,-8.867894,1
6727,S_NOUN_1_PASS_b,M,S,le crayon avec la bouteille était jeté <eos>,6,jeté,jetée,4,F,jeté,-8.445208,jetée,-11.009735,1
6728,S_NOUN_1_PASS_b,M,S,le crayon avec la bouteille était laissé <eos>,6,laissé,laissée,4,F,laissé,-8.272747,laissée,-9.99295,1
6729,S_NOUN_1_PASS_b,M,S,le crayon avec la bouteille était ouvert <eos>,6,ouvert,ouverte,4,F,ouvert,-6.864979,ouverte,-8.9840355,1
6730,S_NOUN_1_PASS_b,M,S,le crayon avec la bouteille était perdu <eos>,6,perdu,perdue,4,F,perdu,-8.145648,perdue,-10.536915,1
6731,S_NOUN_1_PASS_b,M,S,le crayon avec la bouteille était réparé <eos>,6,réparé,réparée,4,F,réparé,-11.599579,réparée,-13.980715,1
6732,S_NOUN_1_PASS_b,M,S,le crayon avec la bouteille était retiré <eos>,6,retiré,retirée,4,F,retiré,-6.511532,retirée,-10.713684,1
6733,S_NOUN_1_PASS_b,M,S,le crayon avec la bouteille était tombé <eos>,6,tombé,tombée,4,F,tombé,-7.9632215,tombée,-10.59516,1
6734,S_NOUN_1_PASS_b,M,S,le crayon avec la bouteille était utilisé <eos>,6,utilisé,utilisée,4,F,utilisé,-3.8941984,utilisée,-6.8680573,1
6735,S_NOUN_1_PASS_b,M,S,le crayon avec la boisson était acheté <eos>,6,acheté,achetée,4,F,acheté,-8.373812,achetée,-10.912219,1
6736,S_NOUN_1_PASS_b,M,S,le crayon avec la boisson était brisé <eos>,6,brisé,brisée,4,F,brisé,-11.487119,brisée,-13.251116,1
6737,S_NOUN_1_PASS_b,M,S,le crayon avec la boisson était caché <eos>,6,caché,cachée,4,F,caché,-9.649687,cachée,-11.853211,1
6738,S_NOUN_1_PASS_b,M,S,le crayon avec la boisson était cassé <eos>,6,cassé,cassée,4,F,cassé,-9.394531,cassée,-12.028844,1
6739,S_NOUN_1_PASS_b,M,S,le crayon avec la boisson était couvert <eos>,6,couvert,couverte,4,F,couvert,-8.011263,couverte,-10.317728,1
6740,S_NOUN_1_PASS_b,M,S,le crayon avec la boisson était déformé <eos>,6,déformé,déformée,4,F,déformé,-10.492028,déformée,-11.895625,1
6741,S_NOUN_1_PASS_b,M,S,le crayon avec la boisson était fixé <eos>,6,fixé,fixée,4,F,fixé,-7.5075374,fixée,-10.463306,1
6742,S_NOUN_1_PASS_b,M,S,le crayon avec la boisson était jeté <eos>,6,jeté,jetée,4,F,jeté,-9.629529,jetée,-12.156318,1
6743,S_NOUN_1_PASS_b,M,S,le crayon avec la boisson était laissé <eos>,6,laissé,laissée,4,F,laissé,-9.312566,laissée,-11.1463785,1
6744,S_NOUN_1_PASS_b,M,S,le crayon avec la boisson était ouvert <eos>,6,ouvert,ouverte,4,F,ouvert,-7.9361725,ouverte,-9.893663,1
6745,S_NOUN_1_PASS_b,M,S,le crayon avec la boisson était perdu <eos>,6,perdu,perdue,4,F,perdu,-9.3824625,perdue,-10.912564,1
6746,S_NOUN_1_PASS_b,M,S,le crayon avec la boisson était réparé <eos>,6,réparé,réparée,4,F,réparé,-12.653511,réparée,-15.254996,1
6747,S_NOUN_1_PASS_b,M,S,le crayon avec la boisson était retiré <eos>,6,retiré,retirée,4,F,retiré,-7.6920867,retirée,-12.052028,1
6748,S_NOUN_1_PASS_b,M,S,le crayon avec la boisson était tombé <eos>,6,tombé,tombée,4,F,tombé,-8.403559,tombée,-10.8309765,1
6749,S_NOUN_1_PASS_b,M,S,le crayon avec la boisson était utilisé <eos>,6,utilisé,utilisée,4,F,utilisé,-4.0707464,utilisée,-6.9143124,1
6750,S_NOUN_1_PASS_b,M,S,le crayon avec la pomme était acheté <eos>,6,acheté,achetée,4,F,acheté,-7.949356,achetée,-10.61363,1
6751,S_NOUN_1_PASS_b,M,S,le crayon avec la pomme était brisé <eos>,6,brisé,brisée,4,F,brisé,-9.66748,brisée,-12.791697,1
6752,S_NOUN_1_PASS_b,M,S,le crayon avec la pomme était caché <eos>,6,caché,cachée,4,F,caché,-8.230312,cachée,-11.4971695,1
6753,S_NOUN_1_PASS_b,M,S,le crayon avec la pomme était cassé <eos>,6,cassé,cassée,4,F,cassé,-8.944333,cassée,-11.339264,1
6754,S_NOUN_1_PASS_b,M,S,le crayon avec la pomme était couvert <eos>,6,couvert,couverte,4,F,couvert,-6.8347654,couverte,-9.767987,1
6755,S_NOUN_1_PASS_b,M,S,le crayon avec la pomme était déformé <eos>,6,déformé,déformée,4,F,déformé,-10.06485,déformée,-11.440868,1
6756,S_NOUN_1_PASS_b,M,S,le crayon avec la pomme était fixé <eos>,6,fixé,fixée,4,F,fixé,-6.960496,fixée,-10.622883,1
6757,S_NOUN_1_PASS_b,M,S,le crayon avec la pomme était jeté <eos>,6,jeté,jetée,4,F,jeté,-8.993414,jetée,-11.761986,1
6758,S_NOUN_1_PASS_b,M,S,le crayon avec la pomme était laissé <eos>,6,laissé,laissée,4,F,laissé,-8.975383,laissée,-10.613621,1
6759,S_NOUN_1_PASS_b,M,S,le crayon avec la pomme était ouvert <eos>,6,ouvert,ouverte,4,F,ouvert,-7.11311,ouverte,-9.579321,1
6760,S_NOUN_1_PASS_b,M,S,le crayon avec la pomme était perdu <eos>,6,perdu,perdue,4,F,perdu,-8.93393,perdue,-11.253752,1
6761,S_NOUN_1_PASS_b,M,S,le crayon avec la pomme était réparé <eos>,6,réparé,réparée,4,F,réparé,-11.679105,réparée,-14.798244,1
6762,S_NOUN_1_PASS_b,M,S,le crayon avec la pomme était retiré <eos>,6,retiré,retirée,4,F,retiré,-6.924001,retirée,-12.042427,1
6763,S_NOUN_1_PASS_b,M,S,le crayon avec la pomme était tombé <eos>,6,tombé,tombée,4,F,tombé,-8.309485,tombée,-11.123244,1
6764,S_NOUN_1_PASS_b,M,S,le crayon avec la pomme était utilisé <eos>,6,utilisé,utilisée,4,F,utilisé,-3.5324848,utilisée,-6.9311543,1
6765,S_NOUN_1_PASS_b,M,S,le crayon avec la tasse était acheté <eos>,6,acheté,achetée,4,F,acheté,-7.686102,achetée,-10.383082,1
6766,S_NOUN_1_PASS_b,M,S,le crayon avec la tasse était brisé <eos>,6,brisé,brisée,4,F,brisé,-9.147837,brisée,-12.26926,1
6767,S_NOUN_1_PASS_b,M,S,le crayon avec la tasse était caché <eos>,6,caché,cachée,4,F,caché,-7.5149193,cachée,-10.869825,1
6768,S_NOUN_1_PASS_b,M,S,le crayon avec la tasse était cassé <eos>,6,cassé,cassée,4,F,cassé,-8.70155,cassée,-11.329843,1
6769,S_NOUN_1_PASS_b,M,S,le crayon avec la tasse était couvert <eos>,6,couvert,couverte,4,F,couvert,-6.3581605,couverte,-9.012669,1
6770,S_NOUN_1_PASS_b,M,S,le crayon avec la tasse était déformé <eos>,6,déformé,déformée,4,F,déformé,-10.31932,déformée,-11.525553,1
6771,S_NOUN_1_PASS_b,M,S,le crayon avec la tasse était fixé <eos>,6,fixé,fixée,4,F,fixé,-6.176713,fixée,-9.517066,1
6772,S_NOUN_1_PASS_b,M,S,le crayon avec la tasse était jeté <eos>,6,jeté,jetée,4,F,jeté,-8.515795,jetée,-11.25493,1
6773,S_NOUN_1_PASS_b,M,S,le crayon avec la tasse était laissé <eos>,6,laissé,laissée,4,F,laissé,-8.352583,laissée,-10.287859,1
6774,S_NOUN_1_PASS_b,M,S,le crayon avec la tasse était ouvert <eos>,6,ouvert,ouverte,4,F,ouvert,-6.667358,ouverte,-8.681793,1
6775,S_NOUN_1_PASS_b,M,S,le crayon avec la tasse était perdu <eos>,6,perdu,perdue,4,F,perdu,-8.688129,perdue,-11.406665,1
6776,S_NOUN_1_PASS_b,M,S,le crayon avec la tasse était réparé <eos>,6,réparé,réparée,4,F,réparé,-11.170671,réparée,-14.087297,1
6777,S_NOUN_1_PASS_b,M,S,le crayon avec la tasse était retiré <eos>,6,retiré,retirée,4,F,retiré,-6.788006,retirée,-10.713728,1
6778,S_NOUN_1_PASS_b,M,S,le crayon avec la tasse était tombé <eos>,6,tombé,tombée,4,F,tombé,-8.0600395,tombée,-10.568695,1
6779,S_NOUN_1_PASS_b,M,S,le crayon avec la tasse était utilisé <eos>,6,utilisé,utilisée,4,F,utilisé,-3.3772058,utilisée,-6.5186367,1
6780,S_NOUN_1_PASS_b,M,S,le crayon avec la bougie était acheté <eos>,6,acheté,achetée,4,F,acheté,-8.713747,achetée,-11.473031,1
6781,S_NOUN_1_PASS_b,M,S,le crayon avec la bougie était brisé <eos>,6,brisé,brisée,4,F,brisé,-9.264551,brisée,-12.629044,1
6782,S_NOUN_1_PASS_b,M,S,le crayon avec la bougie était caché <eos>,6,caché,cachée,4,F,caché,-8.05375,cachée,-11.341626,1
6783,S_NOUN_1_PASS_b,M,S,le crayon avec la bougie était cassé <eos>,6,cassé,cassée,4,F,cassé,-8.170066,cassée,-11.464757,1
6784,S_NOUN_1_PASS_b,M,S,le crayon avec la bougie était couvert <eos>,6,couvert,couverte,4,F,couvert,-7.1185308,couverte,-10.140828,1
6785,S_NOUN_1_PASS_b,M,S,le crayon avec la bougie était déformé <eos>,6,déformé,déformée,4,F,déformé,-10.503909,déformée,-11.678994,1
6786,S_NOUN_1_PASS_b,M,S,le crayon avec la bougie était fixé <eos>,6,fixé,fixée,4,F,fixé,-6.955801,fixée,-10.459731,1
6787,S_NOUN_1_PASS_b,M,S,le crayon avec la bougie était jeté <eos>,6,jeté,jetée,4,F,jeté,-9.484525,jetée,-12.150517,1
6788,S_NOUN_1_PASS_b,M,S,le crayon avec la bougie était laissé <eos>,6,laissé,laissée,4,F,laissé,-8.743367,laissée,-11.387524,1
6789,S_NOUN_1_PASS_b,M,S,le crayon avec la bougie était ouvert <eos>,6,ouvert,ouverte,4,F,ouvert,-7.2264743,ouverte,-9.665478,1
6790,S_NOUN_1_PASS_b,M,S,le crayon avec la bougie était perdu <eos>,6,perdu,perdue,4,F,perdu,-8.559069,perdue,-10.9526415,1
6791,S_NOUN_1_PASS_b,M,S,le crayon avec la bougie était réparé <eos>,6,réparé,réparée,4,F,réparé,-12.041248,réparée,-14.760635,1
6792,S_NOUN_1_PASS_b,M,S,le crayon avec la bougie était retiré <eos>,6,retiré,retirée,4,F,retiré,-7.571987,retirée,-11.580927,1
6793,S_NOUN_1_PASS_b,M,S,le crayon avec la bougie était tombé <eos>,6,tombé,tombée,4,F,tombé,-7.9048023,tombée,-11.030872,1
6794,S_NOUN_1_PASS_b,M,S,le crayon avec la bougie était utilisé <eos>,6,utilisé,utilisée,4,F,utilisé,-4.0700655,utilisée,-7.3241825,1
6795,S_NOUN_1_PASS_b,M,S,le crayon avec la pochette était acheté <eos>,6,acheté,achetée,4,F,acheté,-8.610991,achetée,-10.829725,1
6796,S_NOUN_1_PASS_b,M,S,le crayon avec la pochette était brisé <eos>,6,brisé,brisée,4,F,brisé,-10.29833,brisée,-13.193328,1
6797,S_NOUN_1_PASS_b,M,S,le crayon avec la pochette était caché <eos>,6,caché,cachée,4,F,caché,-7.9263287,cachée,-10.773181,1
6798,S_NOUN_1_PASS_b,M,S,le crayon avec la pochette était cassé <eos>,6,cassé,cassée,4,F,cassé,-8.912806,cassée,-11.61795,1
6799,S_NOUN_1_PASS_b,M,S,le crayon avec la pochette était couvert <eos>,6,couvert,couverte,4,F,couvert,-7.3593845,couverte,-9.917428,1
6800,S_NOUN_1_PASS_b,M,S,le crayon avec la pochette était déformé <eos>,6,déformé,déformée,4,F,déformé,-9.965164,déformée,-11.223491,1
6801,S_NOUN_1_PASS_b,M,S,le crayon avec la pochette était fixé <eos>,6,fixé,fixée,4,F,fixé,-6.6780615,fixée,-9.364384,1
6802,S_NOUN_1_PASS_b,M,S,le crayon avec la pochette était jeté <eos>,6,jeté,jetée,4,F,jeté,-9.633131,jetée,-12.53137,1
6803,S_NOUN_1_PASS_b,M,S,le crayon avec la pochette était laissé <eos>,6,laissé,laissée,4,F,laissé,-8.311775,laissée,-10.442015,1
6804,S_NOUN_1_PASS_b,M,S,le crayon avec la pochette était ouvert <eos>,6,ouvert,ouverte,4,F,ouvert,-8.627572,ouverte,-10.223009,1
6805,S_NOUN_1_PASS_b,M,S,le crayon avec la pochette était perdu <eos>,6,perdu,perdue,4,F,perdu,-8.528961,perdue,-11.55111,1
6806,S_NOUN_1_PASS_b,M,S,le crayon avec la pochette était réparé <eos>,6,réparé,réparée,4,F,réparé,-12.140304,réparée,-14.512581,1
6807,S_NOUN_1_PASS_b,M,S,le crayon avec la pochette était retiré <eos>,6,retiré,retirée,4,F,retiré,-7.3964624,retirée,-11.065041,1
6808,S_NOUN_1_PASS_b,M,S,le crayon avec la pochette était tombé <eos>,6,tombé,tombée,4,F,tombé,-8.236707,tombée,-10.538108,1
6809,S_NOUN_1_PASS_b,M,S,le crayon avec la pochette était utilisé <eos>,6,utilisé,utilisée,4,F,utilisé,-5.4035053,utilisée,-8.054232,1
6810,S_NOUN_1_PASS_b,M,S,le crayon avec la banane était acheté <eos>,6,acheté,achetée,4,F,acheté,-8.364974,achetée,-10.973938,1
6811,S_NOUN_1_PASS_b,M,S,le crayon avec la banane était brisé <eos>,6,brisé,brisée,4,F,brisé,-10.944567,brisée,-13.852217,1
6812,S_NOUN_1_PASS_b,M,S,le crayon avec la banane était caché <eos>,6,caché,cachée,4,F,caché,-9.418603,cachée,-12.601128,1
6813,S_NOUN_1_PASS_b,M,S,le crayon avec la banane était cassé <eos>,6,cassé,cassée,4,F,cassé,-9.034714,cassée,-12.294576,1
6814,S_NOUN_1_PASS_b,M,S,le crayon avec la banane était couvert <eos>,6,couvert,couverte,4,F,couvert,-7.677743,couverte,-9.907572,1
6815,S_NOUN_1_PASS_b,M,S,le crayon avec la banane était déformé <eos>,6,déformé,déformée,4,F,déformé,-11.640558,déformée,-12.605101,1
6816,S_NOUN_1_PASS_b,M,S,le crayon avec la banane était fixé <eos>,6,fixé,fixée,4,F,fixé,-7.5342126,fixée,-10.392402,1
6817,S_NOUN_1_PASS_b,M,S,le crayon avec la banane était jeté <eos>,6,jeté,jetée,4,F,jeté,-9.74799,jetée,-12.442801,1
6818,S_NOUN_1_PASS_b,M,S,le crayon avec la banane était laissé <eos>,6,laissé,laissée,4,F,laissé,-9.361452,laissée,-11.824455,1
6819,S_NOUN_1_PASS_b,M,S,le crayon avec la banane était ouvert <eos>,6,ouvert,ouverte,4,F,ouvert,-8.133137,ouverte,-9.662153,1
6820,S_NOUN_1_PASS_b,M,S,le crayon avec la banane était perdu <eos>,6,perdu,perdue,4,F,perdu,-9.074052,perdue,-11.605504,1
6821,S_NOUN_1_PASS_b,M,S,le crayon avec la banane était réparé <eos>,6,réparé,réparée,4,F,réparé,-12.1026,réparée,-15.209395,1
6822,S_NOUN_1_PASS_b,M,S,le crayon avec la banane était retiré <eos>,6,retiré,retirée,4,F,retiré,-7.8484726,retirée,-12.356112,1
6823,S_NOUN_1_PASS_b,M,S,le crayon avec la banane était tombé <eos>,6,tombé,tombée,4,F,tombé,-8.249632,tombée,-10.924527,1
6824,S_NOUN_1_PASS_b,M,S,le crayon avec la banane était utilisé <eos>,6,utilisé,utilisée,4,F,utilisé,-3.3988163,utilisée,-6.3428392,1
6825,S_NOUN_1_PASS_b,M,S,le crayon avec la robe était acheté <eos>,6,acheté,achetée,4,F,acheté,-8.021029,achetée,-9.840342,1
6826,S_NOUN_1_PASS_b,M,S,le crayon avec la robe était brisé <eos>,6,brisé,brisée,4,F,brisé,-10.6435,brisée,-12.196207,1
6827,S_NOUN_1_PASS_b,M,S,le crayon avec la robe était caché <eos>,6,caché,cachée,4,F,caché,-9.105395,cachée,-10.659,1
6828,S_NOUN_1_PASS_b,M,S,le crayon avec la robe était cassé <eos>,6,cassé,cassée,4,F,cassé,-8.432531,cassée,-11.3574295,1
6829,S_NOUN_1_PASS_b,M,S,le crayon avec la robe était couvert <eos>,6,couvert,couverte,4,F,couvert,-7.614994,couverte,-8.473427,1
6830,S_NOUN_1_PASS_b,M,S,le crayon avec la robe était déformé <eos>,6,déformé,déformée,4,F,déformé,-10.015941,déformée,-10.63455,1
6831,S_NOUN_1_PASS_b,M,S,le crayon avec la robe était fixé <eos>,6,fixé,fixée,4,F,fixé,-5.7448893,fixée,-8.221747,1
6832,S_NOUN_1_PASS_b,M,S,le crayon avec la robe était jeté <eos>,6,jeté,jetée,4,F,jeté,-9.543718,jetée,-12.187735,1
6833,S_NOUN_1_PASS_b,M,S,le crayon avec la robe était laissé <eos>,6,laissé,laissée,4,F,laissé,-9.008358,laissée,-10.335597,1
6834,S_NOUN_1_PASS_b,M,S,le crayon avec la robe était ouvert <eos>,6,ouvert,ouverte,4,F,ouvert,-7.8170714,ouverte,-9.00152,1
6835,S_NOUN_1_PASS_b,M,S,le crayon avec la robe était perdu <eos>,6,perdu,perdue,4,F,perdu,-9.285935,perdue,-11.178746,1
6836,S_NOUN_1_PASS_b,M,S,le crayon avec la robe était réparé <eos>,6,réparé,réparée,4,F,réparé,-12.906733,réparée,-13.760086,1
6837,S_NOUN_1_PASS_b,M,S,le crayon avec la robe était retiré <eos>,6,retiré,retirée,4,F,retiré,-6.701762,retirée,-10.546784,1
6838,S_NOUN_1_PASS_b,M,S,le crayon avec la robe était tombé <eos>,6,tombé,tombée,4,F,tombé,-8.426262,tombée,-9.774172,1
6839,S_NOUN_1_PASS_b,M,S,le crayon avec la robe était utilisé <eos>,6,utilisé,utilisée,4,F,utilisé,-4.0727673,utilisée,-6.349085,1
6840,S_NOUN_1_PASS_b,M,S,le crayon avec la valise était acheté <eos>,6,acheté,achetée,4,F,acheté,-7.5233583,achetée,-10.43747,1
6841,S_NOUN_1_PASS_b,M,S,le crayon avec la valise était brisé <eos>,6,brisé,brisée,4,F,brisé,-8.844634,brisée,-11.873023,1
6842,S_NOUN_1_PASS_b,M,S,le crayon avec la valise était caché <eos>,6,caché,cachée,4,F,caché,-7.2895103,cachée,-10.608013,1
6843,S_NOUN_1_PASS_b,M,S,le crayon avec la valise était cassé <eos>,6,cassé,cassée,4,F,cassé,-8.880569,cassée,-10.471822,1
6844,S_NOUN_1_PASS_b,M,S,le crayon avec la valise était couvert <eos>,6,couvert,couverte,4,F,couvert,-6.206153,couverte,-8.927261,1
6845,S_NOUN_1_PASS_b,M,S,le crayon avec la valise était déformé <eos>,6,déformé,déformée,4,F,déformé,-9.78997,déformée,-11.457211,1
6846,S_NOUN_1_PASS_b,M,S,le crayon avec la valise était fixé <eos>,6,fixé,fixée,4,F,fixé,-6.5484347,fixée,-9.072089,1
6847,S_NOUN_1_PASS_b,M,S,le crayon avec la valise était jeté <eos>,6,jeté,jetée,4,F,jeté,-8.195081,jetée,-11.738322,1
6848,S_NOUN_1_PASS_b,M,S,le crayon avec la valise était laissé <eos>,6,laissé,laissée,4,F,laissé,-8.555817,laissée,-10.441403,1
6849,S_NOUN_1_PASS_b,M,S,le crayon avec la valise était ouvert <eos>,6,ouvert,ouverte,4,F,ouvert,-6.593177,ouverte,-8.609239,1
6850,S_NOUN_1_PASS_b,M,S,le crayon avec la valise était perdu <eos>,6,perdu,perdue,4,F,perdu,-8.08689,perdue,-10.510726,1
6851,S_NOUN_1_PASS_b,M,S,le crayon avec la valise était réparé <eos>,6,réparé,réparée,4,F,réparé,-11.550251,réparée,-14.293327,1
6852,S_NOUN_1_PASS_b,M,S,le crayon avec la valise était retiré <eos>,6,retiré,retirée,4,F,retiré,-6.813344,retirée,-10.656602,1
6853,S_NOUN_1_PASS_b,M,S,le crayon avec la valise était tombé <eos>,6,tombé,tombée,4,F,tombé,-8.056477,tombée,-10.614709,1
6854,S_NOUN_1_PASS_b,M,S,le crayon avec la valise était utilisé <eos>,6,utilisé,utilisée,4,F,utilisé,-4.863127,utilisée,-7.9034743,1
6855,S_NOUN_1_PASS_b,M,S,le crayon avec la pendule était acheté <eos>,6,acheté,achetée,4,F,acheté,-8.589525,achetée,-10.976875,1
6856,S_NOUN_1_PASS_b,M,S,le crayon avec la pendule était brisé <eos>,6,brisé,brisée,4,F,brisé,-9.302708,brisée,-11.271736,1
6857,S_NOUN_1_PASS_b,M,S,le crayon avec la pendule était caché <eos>,6,caché,cachée,4,F,caché,-7.8993053,cachée,-9.393634,1
6858,S_NOUN_1_PASS_b,M,S,le crayon avec la pendule était cassé <eos>,6,cassé,cassée,4,F,cassé,-8.020445,cassée,-9.901232,1
6859,S_NOUN_1_PASS_b,M,S,le crayon avec la pendule était couvert <eos>,6,couvert,couverte,4,F,couvert,-6.609199,couverte,-8.381525,1
6860,S_NOUN_1_PASS_b,M,S,le crayon avec la pendule était déformé <eos>,6,déformé,déformée,4,F,déformé,-10.130166,déformée,-10.853493,1
6861,S_NOUN_1_PASS_b,M,S,le crayon avec la pendule était fixé <eos>,6,fixé,fixée,4,F,fixé,-5.5931673,fixée,-7.709584,1
6862,S_NOUN_1_PASS_b,M,S,le crayon avec la pendule était jeté <eos>,6,jeté,jetée,4,F,jeté,-9.509238,jetée,-12.178868,1
6863,S_NOUN_1_PASS_b,M,S,le crayon avec la pendule était laissé <eos>,6,laissé,laissée,4,F,laissé,-9.113156,laissée,-10.4667015,1
6864,S_NOUN_1_PASS_b,M,S,le crayon avec la pendule était ouvert <eos>,6,ouvert,ouverte,4,F,ouvert,-6.6350584,ouverte,-8.7206335,1
6865,S_NOUN_1_PASS_b,M,S,le crayon avec la pendule était perdu <eos>,6,perdu,perdue,4,F,perdu,-9.820177,perdue,-10.323666,1
6866,S_NOUN_1_PASS_b,M,S,le crayon avec la pendule était réparé <eos>,6,réparé,réparée,4,F,réparé,-12.30155,réparée,-13.358321,1
6867,S_NOUN_1_PASS_b,M,S,le crayon avec la pendule était retiré <eos>,6,retiré,retirée,4,F,retiré,-7.1284065,retirée,-11.165583,1
6868,S_NOUN_1_PASS_b,M,S,le crayon avec la pendule était tombé <eos>,6,tombé,tombée,4,F,tombé,-8.490862,tombée,-11.58098,1
6869,S_NOUN_1_PASS_b,M,S,le crayon avec la pendule était utilisé <eos>,6,utilisé,utilisée,4,F,utilisé,-3.964397,utilisée,-6.348823,1
6870,S_NOUN_1_PASS_b,M,S,le crayon avec la cloche était acheté <eos>,6,acheté,achetée,4,F,acheté,-7.9849644,achetée,-10.355167,1
6871,S_NOUN_1_PASS_b,M,S,le crayon avec la cloche était brisé <eos>,6,brisé,brisée,4,F,brisé,-8.846195,brisée,-11.778749,1
6872,S_NOUN_1_PASS_b,M,S,le crayon avec la cloche était caché <eos>,6,caché,cachée,4,F,caché,-7.8348246,cachée,-10.239356,1
6873,S_NOUN_1_PASS_b,M,S,le crayon avec la cloche était cassé <eos>,6,cassé,cassée,4,F,cassé,-8.7542305,cassée,-10.557774,1
6874,S_NOUN_1_PASS_b,M,S,le crayon avec la cloche était couvert <eos>,6,couvert,couverte,4,F,couvert,-6.3207216,couverte,-9.4039545,1
6875,S_NOUN_1_PASS_b,M,S,le crayon avec la cloche était déformé <eos>,6,déformé,déformée,4,F,déformé,-10.826142,déformée,-11.566502,1
6876,S_NOUN_1_PASS_b,M,S,le crayon avec la cloche était fixé <eos>,6,fixé,fixée,4,F,fixé,-6.5276566,fixée,-9.327307,1
6877,S_NOUN_1_PASS_b,M,S,le crayon avec la cloche était jeté <eos>,6,jeté,jetée,4,F,jeté,-8.983259,jetée,-12.018922,1
6878,S_NOUN_1_PASS_b,M,S,le crayon avec la cloche était laissé <eos>,6,laissé,laissée,4,F,laissé,-8.412039,laissée,-10.399325,1
6879,S_NOUN_1_PASS_b,M,S,le crayon avec la cloche était ouvert <eos>,6,ouvert,ouverte,4,F,ouvert,-7.4035816,ouverte,-9.312183,1
6880,S_NOUN_1_PASS_b,M,S,le crayon avec la cloche était perdu <eos>,6,perdu,perdue,4,F,perdu,-7.911233,perdue,-10.128353,1
6881,S_NOUN_1_PASS_b,M,S,le crayon avec la cloche était réparé <eos>,6,réparé,réparée,4,F,réparé,-10.983259,réparée,-13.361394,1
6882,S_NOUN_1_PASS_b,M,S,le crayon avec la cloche était retiré <eos>,6,retiré,retirée,4,F,retiré,-7.2228937,retirée,-11.658414,1
6883,S_NOUN_1_PASS_b,M,S,le crayon avec la cloche était tombé <eos>,6,tombé,tombée,4,F,tombé,-7.3011136,tombée,-9.821433,1
6884,S_NOUN_1_PASS_b,M,S,le crayon avec la cloche était utilisé <eos>,6,utilisé,utilisée,4,F,utilisé,-4.426954,utilisée,-7.3191323,1
6885,S_NOUN_1_PASS_b,M,S,le crayon avec la cerise était acheté <eos>,6,acheté,achetée,4,F,acheté,-8.178935,achetée,-11.75096,1
6886,S_NOUN_1_PASS_b,M,S,le crayon avec la cerise était brisé <eos>,6,brisé,brisée,4,F,brisé,-11.177228,brisée,-14.912866,1
6887,S_NOUN_1_PASS_b,M,S,le crayon avec la cerise était caché <eos>,6,caché,cachée,4,F,caché,-9.371233,cachée,-13.227817,1
6888,S_NOUN_1_PASS_b,M,S,le crayon avec la cerise était cassé <eos>,6,cassé,cassée,4,F,cassé,-9.10582,cassée,-12.910523,1
6889,S_NOUN_1_PASS_b,M,S,le crayon avec la cerise était couvert <eos>,6,couvert,couverte,4,F,couvert,-7.1410646,couverte,-10.081463,1
6890,S_NOUN_1_PASS_b,M,S,le crayon avec la cerise était déformé <eos>,6,déformé,déformée,4,F,déformé,-10.983758,déformée,-12.845319,1
6891,S_NOUN_1_PASS_b,M,S,le crayon avec la cerise était fixé <eos>,6,fixé,fixée,4,F,fixé,-6.989564,fixée,-10.83577,1
6892,S_NOUN_1_PASS_b,M,S,le crayon avec la cerise était jeté <eos>,6,jeté,jetée,4,F,jeté,-9.942493,jetée,-13.176983,1
6893,S_NOUN_1_PASS_b,M,S,le crayon avec la cerise était laissé <eos>,6,laissé,laissée,4,F,laissé,-9.224274,laissée,-12.242235,1
6894,S_NOUN_1_PASS_b,M,S,le crayon avec la cerise était ouvert <eos>,6,ouvert,ouverte,4,F,ouvert,-7.926203,ouverte,-10.68219,1
6895,S_NOUN_1_PASS_b,M,S,le crayon avec la cerise était perdu <eos>,6,perdu,perdue,4,F,perdu,-9.132513,perdue,-12.625943,1
6896,S_NOUN_1_PASS_b,M,S,le crayon avec la cerise était réparé <eos>,6,réparé,réparée,4,F,réparé,-12.773759,réparée,-16.011852,1
6897,S_NOUN_1_PASS_b,M,S,le crayon avec la cerise était retiré <eos>,6,retiré,retirée,4,F,retiré,-8.042851,retirée,-12.986044,1
6898,S_NOUN_1_PASS_b,M,S,le crayon avec la cerise était tombé <eos>,6,tombé,tombée,4,F,tombé,-8.23367,tombée,-11.4025135,1
6899,S_NOUN_1_PASS_b,M,S,le crayon avec la cerise était utilisé <eos>,6,utilisé,utilisée,4,F,utilisé,-3.435326,utilisée,-6.898681,1
6900,S_NOUN_1_PASS_b,M,S,le rideau avec la gemme était acheté <eos>,6,acheté,achetée,4,F,acheté,-9.214691,achetée,-11.024584,1
6901,S_NOUN_1_PASS_b,M,S,le rideau avec la gemme était brisé <eos>,6,brisé,brisée,4,F,brisé,-7.0428524,brisée,-9.052017,1
6902,S_NOUN_1_PASS_b,M,S,le rideau avec la gemme était caché <eos>,6,caché,cachée,4,F,caché,-6.761383,cachée,-8.890674,1
6903,S_NOUN_1_PASS_b,M,S,le rideau avec la gemme était cassé <eos>,6,cassé,cassée,4,F,cassé,-6.1546593,cassée,-10.268177,1
6904,S_NOUN_1_PASS_b,M,S,le rideau avec la gemme était couvert <eos>,6,couvert,couverte,4,F,couvert,-6.0129986,couverte,-8.395726,1
6905,S_NOUN_1_PASS_b,M,S,le rideau avec la gemme était déformé <eos>,6,déformé,déformée,4,F,déformé,-10.321714,déformée,-11.40369,1
6906,S_NOUN_1_PASS_b,M,S,le rideau avec la gemme était fixé <eos>,6,fixé,fixée,4,F,fixé,-5.388152,fixée,-7.7035713,1
6907,S_NOUN_1_PASS_b,M,S,le rideau avec la gemme était jeté <eos>,6,jeté,jetée,4,F,jeté,-8.457755,jetée,-11.29962,1
6908,S_NOUN_1_PASS_b,M,S,le rideau avec la gemme était laissé <eos>,6,laissé,laissée,4,F,laissé,-8.159117,laissée,-9.6056,1
6909,S_NOUN_1_PASS_b,M,S,le rideau avec la gemme était ouvert <eos>,6,ouvert,ouverte,4,F,ouvert,-6.9980564,ouverte,-8.797897,1
6910,S_NOUN_1_PASS_b,M,S,le rideau avec la gemme était perdu <eos>,6,perdu,perdue,4,F,perdu,-8.502157,perdue,-10.963493,1
6911,S_NOUN_1_PASS_b,M,S,le rideau avec la gemme était réparé <eos>,6,réparé,réparée,4,F,réparé,-11.118302,réparée,-12.919507,1
6912,S_NOUN_1_PASS_b,M,S,le rideau avec la gemme était retiré <eos>,6,retiré,retirée,4,F,retiré,-7.475983,retirée,-10.463835,1
6913,S_NOUN_1_PASS_b,M,S,le rideau avec la gemme était tombé <eos>,6,tombé,tombée,4,F,tombé,-7.9283714,tombée,-10.12947,1
6914,S_NOUN_1_PASS_b,M,S,le rideau avec la gemme était utilisé <eos>,6,utilisé,utilisée,4,F,utilisé,-3.870081,utilisée,-6.767995,1
6915,S_NOUN_1_PASS_b,M,S,le rideau avec la chaise était acheté <eos>,6,acheté,achetée,4,F,acheté,-9.37989,achetée,-10.765076,1
6916,S_NOUN_1_PASS_b,M,S,le rideau avec la chaise était brisé <eos>,6,brisé,brisée,4,F,brisé,-7.3172665,brisée,-9.062592,1
6917,S_NOUN_1_PASS_b,M,S,le rideau avec la chaise était caché <eos>,6,caché,cachée,4,F,caché,-7.452999,cachée,-8.729872,1
6918,S_NOUN_1_PASS_b,M,S,le rideau avec la chaise était cassé <eos>,6,cassé,cassée,4,F,cassé,-6.0995245,cassée,-8.916219,1
6919,S_NOUN_1_PASS_b,M,S,le rideau avec la chaise était couvert <eos>,6,couvert,couverte,4,F,couvert,-5.502426,couverte,-7.4905863,1
6920,S_NOUN_1_PASS_b,M,S,le rideau avec la chaise était déformé <eos>,6,déformé,déformée,4,F,déformé,-10.872455,déformée,-10.6780405,0
6921,S_NOUN_1_PASS_b,M,S,le rideau avec la chaise était fixé <eos>,6,fixé,fixée,4,F,fixé,-6.645396,fixée,-7.935177,1
6922,S_NOUN_1_PASS_b,M,S,le rideau avec la chaise était jeté <eos>,6,jeté,jetée,4,F,jeté,-8.069653,jetée,-10.691068,1
6923,S_NOUN_1_PASS_b,M,S,le rideau avec la chaise était laissé <eos>,6,laissé,laissée,4,F,laissé,-8.541997,laissée,-9.601815,1
6924,S_NOUN_1_PASS_b,M,S,le rideau avec la chaise était ouvert <eos>,6,ouvert,ouverte,4,F,ouvert,-6.1602697,ouverte,-6.915535,1
6925,S_NOUN_1_PASS_b,M,S,le rideau avec la chaise était perdu <eos>,6,perdu,perdue,4,F,perdu,-8.15744,perdue,-10.0492935,1
6926,S_NOUN_1_PASS_b,M,S,le rideau avec la chaise était réparé <eos>,6,réparé,réparée,4,F,réparé,-10.323808,réparée,-10.659566,1
6927,S_NOUN_1_PASS_b,M,S,le rideau avec la chaise était retiré <eos>,6,retiré,retirée,4,F,retiré,-7.4850516,retirée,-9.5990095,1
6928,S_NOUN_1_PASS_b,M,S,le rideau avec la chaise était tombé <eos>,6,tombé,tombée,4,F,tombé,-7.6763525,tombée,-8.969875,1
6929,S_NOUN_1_PASS_b,M,S,le rideau avec la chaise était utilisé <eos>,6,utilisé,utilisée,4,F,utilisé,-4.483941,utilisée,-6.484029,1
6930,S_NOUN_1_PASS_b,M,S,le rideau avec la poubelle était acheté <eos>,6,acheté,achetée,4,F,acheté,-7.8288126,achetée,-10.128381,1
6931,S_NOUN_1_PASS_b,M,S,le rideau avec la poubelle était brisé <eos>,6,brisé,brisée,4,F,brisé,-6.955411,brisée,-9.602777,1
6932,S_NOUN_1_PASS_b,M,S,le rideau avec la poubelle était caché <eos>,6,caché,cachée,4,F,caché,-6.3314123,cachée,-8.544622,1
6933,S_NOUN_1_PASS_b,M,S,le rideau avec la poubelle était cassé <eos>,6,cassé,cassée,4,F,cassé,-6.3779325,cassée,-9.216371,1
6934,S_NOUN_1_PASS_b,M,S,le rideau avec la poubelle était couvert <eos>,6,couvert,couverte,4,F,couvert,-6.143008,couverte,-8.414852,1
6935,S_NOUN_1_PASS_b,M,S,le rideau avec la poubelle était déformé <eos>,6,déformé,déformée,4,F,déformé,-9.873959,déformée,-10.9542055,1
6936,S_NOUN_1_PASS_b,M,S,le rideau avec la poubelle était fixé <eos>,6,fixé,fixée,4,F,fixé,-6.9368596,fixée,-8.775034,1
6937,S_NOUN_1_PASS_b,M,S,le rideau avec la poubelle était jeté <eos>,6,jeté,jetée,4,F,jeté,-7.089526,jetée,-9.214554,1
6938,S_NOUN_1_PASS_b,M,S,le rideau avec la poubelle était laissé <eos>,6,laissé,laissée,4,F,laissé,-7.335668,laissée,-9.029835,1
6939,S_NOUN_1_PASS_b,M,S,le rideau avec la poubelle était ouvert <eos>,6,ouvert,ouverte,4,F,ouvert,-6.443033,ouverte,-8.111813,1
6940,S_NOUN_1_PASS_b,M,S,le rideau avec la poubelle était perdu <eos>,6,perdu,perdue,4,F,perdu,-6.8975096,perdue,-9.629061,1
6941,S_NOUN_1_PASS_b,M,S,le rideau avec la poubelle était réparé <eos>,6,réparé,réparée,4,F,réparé,-9.58098,réparée,-11.339727,1
6942,S_NOUN_1_PASS_b,M,S,le rideau avec la poubelle était retiré <eos>,6,retiré,retirée,4,F,retiré,-6.877963,retirée,-9.500441,1
6943,S_NOUN_1_PASS_b,M,S,le rideau avec la poubelle était tombé <eos>,6,tombé,tombée,4,F,tombé,-7.2717957,tombée,-8.246325,1
6944,S_NOUN_1_PASS_b,M,S,le rideau avec la poubelle était utilisé <eos>,6,utilisé,utilisée,4,F,utilisé,-4.6905727,utilisée,-7.4316454,1
6945,S_NOUN_1_PASS_b,M,S,le rideau avec la chemise était acheté <eos>,6,acheté,achetée,4,F,acheté,-8.942993,achetée,-11.244616,1
6946,S_NOUN_1_PASS_b,M,S,le rideau avec la chemise était brisé <eos>,6,brisé,brisée,4,F,brisé,-7.3808722,brisée,-9.863165,1
6947,S_NOUN_1_PASS_b,M,S,le rideau avec la chemise était caché <eos>,6,caché,cachée,4,F,caché,-7.3248863,cachée,-9.241457,1
6948,S_NOUN_1_PASS_b,M,S,le rideau avec la chemise était cassé <eos>,6,cassé,cassée,4,F,cassé,-5.6986675,cassée,-10.322889,1
6949,S_NOUN_1_PASS_b,M,S,le rideau avec la chemise était couvert <eos>,6,couvert,couverte,4,F,couvert,-5.581912,couverte,-7.6577654,1
6950,S_NOUN_1_PASS_b,M,S,le rideau avec la chemise était déformé <eos>,6,déformé,déformée,4,F,déformé,-10.440264,déformée,-10.99099,1
6951,S_NOUN_1_PASS_b,M,S,le rideau avec la chemise était fixé <eos>,6,fixé,fixée,4,F,fixé,-6.1382723,fixée,-8.343306,1
6952,S_NOUN_1_PASS_b,M,S,le rideau avec la chemise était jeté <eos>,6,jeté,jetée,4,F,jeté,-7.6169815,jetée,-11.281658,1
6953,S_NOUN_1_PASS_b,M,S,le rideau avec la chemise était laissé <eos>,6,laissé,laissée,4,F,laissé,-7.92739,laissée,-9.936763,1
6954,S_NOUN_1_PASS_b,M,S,le rideau avec la chemise était ouvert <eos>,6,ouvert,ouverte,4,F,ouvert,-6.811262,ouverte,-7.6820297,1
6955,S_NOUN_1_PASS_b,M,S,le rideau avec la chemise était perdu <eos>,6,perdu,perdue,4,F,perdu,-8.0045805,perdue,-11.096124,1
6956,S_NOUN_1_PASS_b,M,S,le rideau avec la chemise était réparé <eos>,6,réparé,réparée,4,F,réparé,-11.385225,réparée,-12.235668,1
6957,S_NOUN_1_PASS_b,M,S,le rideau avec la chemise était retiré <eos>,6,retiré,retirée,4,F,retiré,-6.7831993,retirée,-10.094551,1
6958,S_NOUN_1_PASS_b,M,S,le rideau avec la chemise était tombé <eos>,6,tombé,tombée,4,F,tombé,-7.691924,tombée,-9.324364,1
6959,S_NOUN_1_PASS_b,M,S,le rideau avec la chemise était utilisé <eos>,6,utilisé,utilisée,4,F,utilisé,-4.53468,utilisée,-7.0826,1
6960,S_NOUN_1_PASS_b,M,S,le rideau avec la recette était acheté <eos>,6,acheté,achetée,4,F,acheté,-9.801655,achetée,-11.537048,1
6961,S_NOUN_1_PASS_b,M,S,le rideau avec la recette était brisé <eos>,6,brisé,brisée,4,F,brisé,-8.527669,brisée,-10.322596,1
6962,S_NOUN_1_PASS_b,M,S,le rideau avec la recette était caché <eos>,6,caché,cachée,4,F,caché,-7.897501,cachée,-9.505909,1
6963,S_NOUN_1_PASS_b,M,S,le rideau avec la recette était cassé <eos>,6,cassé,cassée,4,F,cassé,-7.8306475,cassée,-10.473942,1
6964,S_NOUN_1_PASS_b,M,S,le rideau avec la recette était couvert <eos>,6,couvert,couverte,4,F,couvert,-7.1127453,couverte,-9.488974,1
6965,S_NOUN_1_PASS_b,M,S,le rideau avec la recette était déformé <eos>,6,déformé,déformée,4,F,déformé,-11.707033,déformée,-11.592096,0
6966,S_NOUN_1_PASS_b,M,S,le rideau avec la recette était fixé <eos>,6,fixé,fixée,4,F,fixé,-6.916791,fixée,-8.148376,1
6967,S_NOUN_1_PASS_b,M,S,le rideau avec la recette était jeté <eos>,6,jeté,jetée,4,F,jeté,-9.550746,jetée,-11.508858,1
6968,S_NOUN_1_PASS_b,M,S,le rideau avec la recette était laissé <eos>,6,laissé,laissée,4,F,laissé,-8.9324875,laissée,-9.893362,1
6969,S_NOUN_1_PASS_b,M,S,le rideau avec la recette était ouvert <eos>,6,ouvert,ouverte,4,F,ouvert,-7.9737644,ouverte,-8.770231,1
6970,S_NOUN_1_PASS_b,M,S,le rideau avec la recette était perdu <eos>,6,perdu,perdue,4,F,perdu,-8.187979,perdue,-9.20791,1
6971,S_NOUN_1_PASS_b,M,S,le rideau avec la recette était réparé <eos>,6,réparé,réparée,4,F,réparé,-11.638808,réparée,-13.068404,1
6972,S_NOUN_1_PASS_b,M,S,le rideau avec la recette était retiré <eos>,6,retiré,retirée,4,F,retiré,-8.568408,retirée,-10.436467,1
6973,S_NOUN_1_PASS_b,M,S,le rideau avec la recette était tombé <eos>,6,tombé,tombée,4,F,tombé,-8.085973,tombée,-9.218959,1
6974,S_NOUN_1_PASS_b,M,S,le rideau avec la recette était utilisé <eos>,6,utilisé,utilisée,4,F,utilisé,-5.8924775,utilisée,-7.6476836,1
6975,S_NOUN_1_PASS_b,M,S,le rideau avec la jupe était acheté <eos>,6,acheté,achetée,4,F,acheté,-10.225142,achetée,-11.591319,1
6976,S_NOUN_1_PASS_b,M,S,le rideau avec la jupe était brisé <eos>,6,brisé,brisée,4,F,brisé,-7.5563264,brisée,-8.964666,1
6977,S_NOUN_1_PASS_b,M,S,le rideau avec la jupe était caché <eos>,6,caché,cachée,4,F,caché,-8.335321,cachée,-8.495044,1
6978,S_NOUN_1_PASS_b,M,S,le rideau avec la jupe était cassé <eos>,6,cassé,cassée,4,F,cassé,-5.4591026,cassée,-8.931407,1
6979,S_NOUN_1_PASS_b,M,S,le rideau avec la jupe était couvert <eos>,6,couvert,couverte,4,F,couvert,-6.116761,couverte,-7.477726,1
6980,S_NOUN_1_PASS_b,M,S,le rideau avec la jupe était déformé <eos>,6,déformé,déformée,4,F,déformé,-10.755077,déformée,-9.791433,0
6981,S_NOUN_1_PASS_b,M,S,le rideau avec la jupe était fixé <eos>,6,fixé,fixée,4,F,fixé,-6.502319,fixée,-7.6055284,1
6982,S_NOUN_1_PASS_b,M,S,le rideau avec la jupe était jeté <eos>,6,jeté,jetée,4,F,jeté,-8.921943,jetée,-11.544039,1
6983,S_NOUN_1_PASS_b,M,S,le rideau avec la jupe était laissé <eos>,6,laissé,laissée,4,F,laissé,-8.683672,laissée,-9.724216,1
6984,S_NOUN_1_PASS_b,M,S,le rideau avec la jupe était ouvert <eos>,6,ouvert,ouverte,4,F,ouvert,-7.219232,ouverte,-6.913256,0
6985,S_NOUN_1_PASS_b,M,S,le rideau avec la jupe était perdu <eos>,6,perdu,perdue,4,F,perdu,-8.897094,perdue,-10.556591,1
6986,S_NOUN_1_PASS_b,M,S,le rideau avec la jupe était réparé <eos>,6,réparé,réparée,4,F,réparé,-12.055771,réparée,-11.220047,0
6987,S_NOUN_1_PASS_b,M,S,le rideau avec la jupe était retiré <eos>,6,retiré,retirée,4,F,retiré,-8.30687,retirée,-9.695402,1
6988,S_NOUN_1_PASS_b,M,S,le rideau avec la jupe était tombé <eos>,6,tombé,tombée,4,F,tombé,-8.265151,tombée,-9.966111,1
6989,S_NOUN_1_PASS_b,M,S,le rideau avec la jupe était utilisé <eos>,6,utilisé,utilisée,4,F,utilisé,-5.793704,utilisée,-7.210596,1
6990,S_NOUN_1_PASS_b,M,S,le rideau avec la colle était acheté <eos>,6,acheté,achetée,4,F,acheté,-7.9658937,achetée,-10.413211,1
6991,S_NOUN_1_PASS_b,M,S,le rideau avec la colle était brisé <eos>,6,brisé,brisée,4,F,brisé,-7.5968933,brisée,-10.441407,1
6992,S_NOUN_1_PASS_b,M,S,le rideau avec la colle était caché <eos>,6,caché,cachée,4,F,caché,-6.874303,cachée,-9.011974,1
6993,S_NOUN_1_PASS_b,M,S,le rideau avec la colle était cassé <eos>,6,cassé,cassée,4,F,cassé,-6.8327837,cassée,-10.462291,1
6994,S_NOUN_1_PASS_b,M,S,le rideau avec la colle était couvert <eos>,6,couvert,couverte,4,F,couvert,-6.328617,couverte,-8.863499,1
6995,S_NOUN_1_PASS_b,M,S,le rideau avec la colle était déformé <eos>,6,déformé,déformée,4,F,déformé,-10.316593,déformée,-11.54937,1
6996,S_NOUN_1_PASS_b,M,S,le rideau avec la colle était fixé <eos>,6,fixé,fixée,4,F,fixé,-5.91537,fixée,-8.855482,1
6997,S_NOUN_1_PASS_b,M,S,le rideau avec la colle était jeté <eos>,6,jeté,jetée,4,F,jeté,-8.230943,jetée,-11.020896,1
6998,S_NOUN_1_PASS_b,M,S,le rideau avec la colle était laissé <eos>,6,laissé,laissée,4,F,laissé,-8.00339,laissée,-9.4097805,1
6999,S_NOUN_1_PASS_b,M,S,le rideau avec la colle était ouvert <eos>,6,ouvert,ouverte,4,F,ouvert,-7.116359,ouverte,-8.731693,1
7000,S_NOUN_1_PASS_b,M,S,le rideau avec la colle était perdu <eos>,6,perdu,perdue,4,F,perdu,-8.077148,perdue,-9.871719,1
7001,S_NOUN_1_PASS_b,M,S,le rideau avec la colle était réparé <eos>,6,réparé,réparée,4,F,réparé,-10.399368,réparée,-13.228845,1
7002,S_NOUN_1_PASS_b,M,S,le rideau avec la colle était retiré <eos>,6,retiré,retirée,4,F,retiré,-6.6909246,retirée,-10.121146,1
7003,S_NOUN_1_PASS_b,M,S,le rideau avec la colle était tombé <eos>,6,tombé,tombée,4,F,tombé,-7.3457375,tombée,-8.799579,1
7004,S_NOUN_1_PASS_b,M,S,le rideau avec la colle était utilisé <eos>,6,utilisé,utilisée,4,F,utilisé,-3.8179023,utilisée,-6.975218,1
7005,S_NOUN_1_PASS_b,M,S,le rideau avec la lampe était acheté <eos>,6,acheté,achetée,4,F,acheté,-9.521926,achetée,-10.515995,1
7006,S_NOUN_1_PASS_b,M,S,le rideau avec la lampe était brisé <eos>,6,brisé,brisée,4,F,brisé,-6.619112,brisée,-8.671921,1
7007,S_NOUN_1_PASS_b,M,S,le rideau avec la lampe était caché <eos>,6,caché,cachée,4,F,caché,-6.976207,cachée,-8.486545,1
7008,S_NOUN_1_PASS_b,M,S,le rideau avec la lampe était cassé <eos>,6,cassé,cassée,4,F,cassé,-6.601245,cassée,-9.240822,1
7009,S_NOUN_1_PASS_b,M,S,le rideau avec la lampe était couvert <eos>,6,couvert,couverte,4,F,couvert,-6.454729,couverte,-8.367039,1
7010,S_NOUN_1_PASS_b,M,S,le rideau avec la lampe était déformé <eos>,6,déformé,déformée,4,F,déformé,-10.880577,déformée,-10.682266,0
7011,S_NOUN_1_PASS_b,M,S,le rideau avec la lampe était fixé <eos>,6,fixé,fixée,4,F,fixé,-6.2272596,fixée,-8.231038,1
7012,S_NOUN_1_PASS_b,M,S,le rideau avec la lampe était jeté <eos>,6,jeté,jetée,4,F,jeté,-8.259331,jetée,-10.01936,1
7013,S_NOUN_1_PASS_b,M,S,le rideau avec la lampe était laissé <eos>,6,laissé,laissée,4,F,laissé,-8.522177,laissée,-9.0755415,1
7014,S_NOUN_1_PASS_b,M,S,le rideau avec la lampe était ouvert <eos>,6,ouvert,ouverte,4,F,ouvert,-6.8385057,ouverte,-7.702338,1
7015,S_NOUN_1_PASS_b,M,S,le rideau avec la lampe était perdu <eos>,6,perdu,perdue,4,F,perdu,-8.107743,perdue,-9.699544,1
7016,S_NOUN_1_PASS_b,M,S,le rideau avec la lampe était réparé <eos>,6,réparé,réparée,4,F,réparé,-10.446833,réparée,-11.743455,1
7017,S_NOUN_1_PASS_b,M,S,le rideau avec la lampe était retiré <eos>,6,retiré,retirée,4,F,retiré,-7.8672743,retirée,-9.646062,1
7018,S_NOUN_1_PASS_b,M,S,le rideau avec la lampe était tombé <eos>,6,tombé,tombée,4,F,tombé,-7.2771983,tombée,-8.467365,1
7019,S_NOUN_1_PASS_b,M,S,le rideau avec la lampe était utilisé <eos>,6,utilisé,utilisée,4,F,utilisé,-4.790565,utilisée,-6.9648213,1
7020,S_NOUN_1_PASS_b,M,S,le rideau avec la bouteille était acheté <eos>,6,acheté,achetée,4,F,acheté,-8.206167,achetée,-10.1754265,1
7021,S_NOUN_1_PASS_b,M,S,le rideau avec la bouteille était brisé <eos>,6,brisé,brisée,4,F,brisé,-6.764394,brisée,-8.81271,1
7022,S_NOUN_1_PASS_b,M,S,le rideau avec la bouteille était caché <eos>,6,caché,cachée,4,F,caché,-6.713353,cachée,-8.150648,1
7023,S_NOUN_1_PASS_b,M,S,le rideau avec la bouteille était cassé <eos>,6,cassé,cassée,4,F,cassé,-5.1561737,cassée,-8.468167,1
7024,S_NOUN_1_PASS_b,M,S,le rideau avec la bouteille était couvert <eos>,6,couvert,couverte,4,F,couvert,-5.6814394,couverte,-8.367108,1
7025,S_NOUN_1_PASS_b,M,S,le rideau avec la bouteille était déformé <eos>,6,déformé,déformée,4,F,déformé,-10.248383,déformée,-10.522543,1
7026,S_NOUN_1_PASS_b,M,S,le rideau avec la bouteille était fixé <eos>,6,fixé,fixée,4,F,fixé,-5.84301,fixée,-8.13715,1
7027,S_NOUN_1_PASS_b,M,S,le rideau avec la bouteille était jeté <eos>,6,jeté,jetée,4,F,jeté,-7.4699564,jetée,-9.323471,1
7028,S_NOUN_1_PASS_b,M,S,le rideau avec la bouteille était laissé <eos>,6,laissé,laissée,4,F,laissé,-7.7047634,laissée,-8.605548,1
7029,S_NOUN_1_PASS_b,M,S,le rideau avec la bouteille était ouvert <eos>,6,ouvert,ouverte,4,F,ouvert,-6.408578,ouverte,-7.8694687,1
7030,S_NOUN_1_PASS_b,M,S,le rideau avec la bouteille était perdu <eos>,6,perdu,perdue,4,F,perdu,-7.416459,perdue,-9.486366,1
7031,S_NOUN_1_PASS_b,M,S,le rideau avec la bouteille était réparé <eos>,6,réparé,réparée,4,F,réparé,-10.068765,réparée,-11.936767,1
7032,S_NOUN_1_PASS_b,M,S,le rideau avec la bouteille était retiré <eos>,6,retiré,retirée,4,F,retiré,-6.761331,retirée,-8.961102,1
7033,S_NOUN_1_PASS_b,M,S,le rideau avec la bouteille était tombé <eos>,6,tombé,tombée,4,F,tombé,-7.7296886,tombée,-9.122185,1
7034,S_NOUN_1_PASS_b,M,S,le rideau avec la bouteille était utilisé <eos>,6,utilisé,utilisée,4,F,utilisé,-4.959688,utilisée,-7.272891,1
7035,S_NOUN_1_PASS_b,M,S,le rideau avec la boisson était acheté <eos>,6,acheté,achetée,4,F,acheté,-8.99563,achetée,-10.604558,1
7036,S_NOUN_1_PASS_b,M,S,le rideau avec la boisson était brisé <eos>,6,brisé,brisée,4,F,brisé,-8.982851,brisée,-10.621767,1
7037,S_NOUN_1_PASS_b,M,S,le rideau avec la boisson était caché <eos>,6,caché,cachée,4,F,caché,-8.488485,cachée,-9.980682,1
7038,S_NOUN_1_PASS_b,M,S,le rideau avec la boisson était cassé <eos>,6,cassé,cassée,4,F,cassé,-7.609995,cassée,-10.966087,1
7039,S_NOUN_1_PASS_b,M,S,le rideau avec la boisson était couvert <eos>,6,couvert,couverte,4,F,couvert,-7.5821953,couverte,-9.618317,1
7040,S_NOUN_1_PASS_b,M,S,le rideau avec la boisson était déformé <eos>,6,déformé,déformée,4,F,déformé,-11.453576,déformée,-12.012337,1
7041,S_NOUN_1_PASS_b,M,S,le rideau avec la boisson était fixé <eos>,6,fixé,fixée,4,F,fixé,-7.6520185,fixée,-9.659787,1
7042,S_NOUN_1_PASS_b,M,S,le rideau avec la boisson était jeté <eos>,6,jeté,jetée,4,F,jeté,-8.811248,jetée,-10.611369,1
7043,S_NOUN_1_PASS_b,M,S,le rideau avec la boisson était laissé <eos>,6,laissé,laissée,4,F,laissé,-8.964179,laissée,-9.818777,1
7044,S_NOUN_1_PASS_b,M,S,le rideau avec la boisson était ouvert <eos>,6,ouvert,ouverte,4,F,ouvert,-7.969582,ouverte,-8.857645,1
7045,S_NOUN_1_PASS_b,M,S,le rideau avec la boisson était perdu <eos>,6,perdu,perdue,4,F,perdu,-8.487484,perdue,-9.783049,1
7046,S_NOUN_1_PASS_b,M,S,le rideau avec la boisson était réparé <eos>,6,réparé,réparée,4,F,réparé,-11.651735,réparée,-13.60173,1
7047,S_NOUN_1_PASS_b,M,S,le rideau avec la boisson était retiré <eos>,6,retiré,retirée,4,F,retiré,-7.6958227,retirée,-9.929971,1
7048,S_NOUN_1_PASS_b,M,S,le rideau avec la boisson était tombé <eos>,6,tombé,tombée,4,F,tombé,-7.7007847,tombée,-8.591431,1
7049,S_NOUN_1_PASS_b,M,S,le rideau avec la boisson était utilisé <eos>,6,utilisé,utilisée,4,F,utilisé,-4.9388227,utilisée,-7.0318165,1
7050,S_NOUN_1_PASS_b,M,S,le rideau avec la pomme était acheté <eos>,6,acheté,achetée,4,F,acheté,-8.731483,achetée,-11.144569,1
7051,S_NOUN_1_PASS_b,M,S,le rideau avec la pomme était brisé <eos>,6,brisé,brisée,4,F,brisé,-6.6101336,brisée,-9.612917,1
7052,S_NOUN_1_PASS_b,M,S,le rideau avec la pomme était caché <eos>,6,caché,cachée,4,F,caché,-6.9931273,cachée,-9.772508,1
7053,S_NOUN_1_PASS_b,M,S,le rideau avec la pomme était cassé <eos>,6,cassé,cassée,4,F,cassé,-6.4568453,cassée,-10.320674,1
7054,S_NOUN_1_PASS_b,M,S,le rideau avec la pomme était couvert <eos>,6,couvert,couverte,4,F,couvert,-5.691648,couverte,-8.586695,1
7055,S_NOUN_1_PASS_b,M,S,le rideau avec la pomme était déformé <eos>,6,déformé,déformée,4,F,déformé,-10.908717,déformée,-11.7590275,1
7056,S_NOUN_1_PASS_b,M,S,le rideau avec la pomme était fixé <eos>,6,fixé,fixée,4,F,fixé,-6.5581393,fixée,-9.627719,1
7057,S_NOUN_1_PASS_b,M,S,le rideau avec la pomme était jeté <eos>,6,jeté,jetée,4,F,jeté,-8.024892,jetée,-10.300685,1
7058,S_NOUN_1_PASS_b,M,S,le rideau avec la pomme était laissé <eos>,6,laissé,laissée,4,F,laissé,-8.153435,laissée,-9.777555,1
7059,S_NOUN_1_PASS_b,M,S,le rideau avec la pomme était ouvert <eos>,6,ouvert,ouverte,4,F,ouvert,-6.6639524,ouverte,-8.856066,1
7060,S_NOUN_1_PASS_b,M,S,le rideau avec la pomme était perdu <eos>,6,perdu,perdue,4,F,perdu,-8.034087,perdue,-10.123936,1
7061,S_NOUN_1_PASS_b,M,S,le rideau avec la pomme était réparé <eos>,6,réparé,réparée,4,F,réparé,-10.072431,réparée,-12.869354,1
7062,S_NOUN_1_PASS_b,M,S,le rideau avec la pomme était retiré <eos>,6,retiré,retirée,4,F,retiré,-6.9922533,retirée,-10.192385,1
7063,S_NOUN_1_PASS_b,M,S,le rideau avec la pomme était tombé <eos>,6,tombé,tombée,4,F,tombé,-7.315695,tombée,-9.18601,1
7064,S_NOUN_1_PASS_b,M,S,le rideau avec la pomme était utilisé <eos>,6,utilisé,utilisée,4,F,utilisé,-4.714707,utilisée,-7.777181,1
7065,S_NOUN_1_PASS_b,M,S,le rideau avec la tasse était acheté <eos>,6,acheté,achetée,4,F,acheté,-7.835447,achetée,-10.008976,1
7066,S_NOUN_1_PASS_b,M,S,le rideau avec la tasse était brisé <eos>,6,brisé,brisée,4,F,brisé,-7.189517,brisée,-10.226112,1
7067,S_NOUN_1_PASS_b,M,S,le rideau avec la tasse était caché <eos>,6,caché,cachée,4,F,caché,-6.444791,cachée,-9.439573,1
7068,S_NOUN_1_PASS_b,M,S,le rideau avec la tasse était cassé <eos>,6,cassé,cassée,4,F,cassé,-6.001054,cassée,-9.518772,1
7069,S_NOUN_1_PASS_b,M,S,le rideau avec la tasse était couvert <eos>,6,couvert,couverte,4,F,couvert,-5.9827414,couverte,-8.881241,1
7070,S_NOUN_1_PASS_b,M,S,le rideau avec la tasse était déformé <eos>,6,déformé,déformée,4,F,déformé,-10.73936,déformée,-11.413752,1
7071,S_NOUN_1_PASS_b,M,S,le rideau avec la tasse était fixé <eos>,6,fixé,fixée,4,F,fixé,-6.158481,fixée,-8.40323,1
7072,S_NOUN_1_PASS_b,M,S,le rideau avec la tasse était jeté <eos>,6,jeté,jetée,4,F,jeté,-6.954831,jetée,-9.527382,1
7073,S_NOUN_1_PASS_b,M,S,le rideau avec la tasse était laissé <eos>,6,laissé,laissée,4,F,laissé,-7.6822476,laissée,-8.754777,1
7074,S_NOUN_1_PASS_b,M,S,le rideau avec la tasse était ouvert <eos>,6,ouvert,ouverte,4,F,ouvert,-6.3428764,ouverte,-7.730336,1
7075,S_NOUN_1_PASS_b,M,S,le rideau avec la tasse était perdu <eos>,6,perdu,perdue,4,F,perdu,-7.8571873,perdue,-10.101145,1
7076,S_NOUN_1_PASS_b,M,S,le rideau avec la tasse était réparé <eos>,6,réparé,réparée,4,F,réparé,-10.3441925,réparée,-12.311801,1
7077,S_NOUN_1_PASS_b,M,S,le rideau avec la tasse était retiré <eos>,6,retiré,retirée,4,F,retiré,-6.51007,retirée,-9.370628,1
7078,S_NOUN_1_PASS_b,M,S,le rideau avec la tasse était tombé <eos>,6,tombé,tombée,4,F,tombé,-7.5774956,tombée,-8.891003,1
7079,S_NOUN_1_PASS_b,M,S,le rideau avec la tasse était utilisé <eos>,6,utilisé,utilisée,4,F,utilisé,-4.0647364,utilisée,-6.548525,1
7080,S_NOUN_1_PASS_b,M,S,le rideau avec la bougie était acheté <eos>,6,acheté,achetée,4,F,acheté,-9.390323,achetée,-11.575658,1
7081,S_NOUN_1_PASS_b,M,S,le rideau avec la bougie était brisé <eos>,6,brisé,brisée,4,F,brisé,-6.532592,brisée,-9.263691,1
7082,S_NOUN_1_PASS_b,M,S,le rideau avec la bougie était caché <eos>,6,caché,cachée,4,F,caché,-6.4675612,cachée,-9.247817,1
7083,S_NOUN_1_PASS_b,M,S,le rideau avec la bougie était cassé <eos>,6,cassé,cassée,4,F,cassé,-5.3486185,cassée,-9.661965,1
7084,S_NOUN_1_PASS_b,M,S,le rideau avec la bougie était couvert <eos>,6,couvert,couverte,4,F,couvert,-6.1398973,couverte,-9.289842,1
7085,S_NOUN_1_PASS_b,M,S,le rideau avec la bougie était déformé <eos>,6,déformé,déformée,4,F,déformé,-10.737843,déformée,-11.620621,1
7086,S_NOUN_1_PASS_b,M,S,le rideau avec la bougie était fixé <eos>,6,fixé,fixée,4,F,fixé,-6.5196633,fixée,-9.530617,1
7087,S_NOUN_1_PASS_b,M,S,le rideau avec la bougie était jeté <eos>,6,jeté,jetée,4,F,jeté,-8.183062,jetée,-10.540888,1
7088,S_NOUN_1_PASS_b,M,S,le rideau avec la bougie était laissé <eos>,6,laissé,laissée,4,F,laissé,-7.984039,laissée,-10.365871,1
7089,S_NOUN_1_PASS_b,M,S,le rideau avec la bougie était ouvert <eos>,6,ouvert,ouverte,4,F,ouvert,-6.6957126,ouverte,-8.922546,1
7090,S_NOUN_1_PASS_b,M,S,le rideau avec la bougie était perdu <eos>,6,perdu,perdue,4,F,perdu,-7.231184,perdue,-9.276791,1
7091,S_NOUN_1_PASS_b,M,S,le rideau avec la bougie était réparé <eos>,6,réparé,réparée,4,F,réparé,-9.981657,réparée,-12.069698,1
7092,S_NOUN_1_PASS_b,M,S,le rideau avec la bougie était retiré <eos>,6,retiré,retirée,4,F,retiré,-7.1326256,retirée,-9.551731,1
7093,S_NOUN_1_PASS_b,M,S,le rideau avec la bougie était tombé <eos>,6,tombé,tombée,4,F,tombé,-7.2311215,tombée,-8.927723,1
7094,S_NOUN_1_PASS_b,M,S,le rideau avec la bougie était utilisé <eos>,6,utilisé,utilisée,4,F,utilisé,-4.6746883,utilisée,-7.6894217,1
7095,S_NOUN_1_PASS_b,M,S,le rideau avec la pochette était acheté <eos>,6,acheté,achetée,4,F,acheté,-8.76016,achetée,-9.809211,1
7096,S_NOUN_1_PASS_b,M,S,le rideau avec la pochette était brisé <eos>,6,brisé,brisée,4,F,brisé,-9.19172,brisée,-11.202471,1
7097,S_NOUN_1_PASS_b,M,S,le rideau avec la pochette était caché <eos>,6,caché,cachée,4,F,caché,-7.8633013,cachée,-9.015596,1
7098,S_NOUN_1_PASS_b,M,S,le rideau avec la pochette était cassé <eos>,6,cassé,cassée,4,F,cassé,-7.2855163,cassée,-10.298773,1
7099,S_NOUN_1_PASS_b,M,S,le rideau avec la pochette était couvert <eos>,6,couvert,couverte,4,F,couvert,-7.4596977,couverte,-9.08564,1
7100,S_NOUN_1_PASS_b,M,S,le rideau avec la pochette était déformé <eos>,6,déformé,déformée,4,F,déformé,-10.428806,déformée,-10.376665,0
7101,S_NOUN_1_PASS_b,M,S,le rideau avec la pochette était fixé <eos>,6,fixé,fixée,4,F,fixé,-6.920333,fixée,-8.007912,1
7102,S_NOUN_1_PASS_b,M,S,le rideau avec la pochette était jeté <eos>,6,jeté,jetée,4,F,jeté,-9.176334,jetée,-11.7818775,1
7103,S_NOUN_1_PASS_b,M,S,le rideau avec la pochette était laissé <eos>,6,laissé,laissée,4,F,laissé,-8.334919,laissée,-9.448144,1
7104,S_NOUN_1_PASS_b,M,S,le rideau avec la pochette était ouvert <eos>,6,ouvert,ouverte,4,F,ouvert,-9.168919,ouverte,-9.403335,1
7105,S_NOUN_1_PASS_b,M,S,le rideau avec la pochette était perdu <eos>,6,perdu,perdue,4,F,perdu,-8.033228,perdue,-10.358341,1
7106,S_NOUN_1_PASS_b,M,S,le rideau avec la pochette était réparé <eos>,6,réparé,réparée,4,F,réparé,-11.464917,réparée,-12.148298,1
7107,S_NOUN_1_PASS_b,M,S,le rideau avec la pochette était retiré <eos>,6,retiré,retirée,4,F,retiré,-7.0356126,retirée,-8.683963,1
7108,S_NOUN_1_PASS_b,M,S,le rideau avec la pochette était tombé <eos>,6,tombé,tombée,4,F,tombé,-7.8993587,tombée,-9.486581,1
7109,S_NOUN_1_PASS_b,M,S,le rideau avec la pochette était utilisé <eos>,6,utilisé,utilisée,4,F,utilisé,-6.1870084,utilisée,-7.7628627,1
7110,S_NOUN_1_PASS_b,M,S,le rideau avec la banane était acheté <eos>,6,acheté,achetée,4,F,acheté,-8.606344,achetée,-11.317345,1
7111,S_NOUN_1_PASS_b,M,S,le rideau avec la banane était brisé <eos>,6,brisé,brisée,4,F,brisé,-8.072216,brisée,-11.1764,1
7112,S_NOUN_1_PASS_b,M,S,le rideau avec la banane était caché <eos>,6,caché,cachée,4,F,caché,-7.67545,cachée,-10.507159,1
7113,S_NOUN_1_PASS_b,M,S,le rideau avec la banane était cassé <eos>,6,cassé,cassée,4,F,cassé,-6.905546,cassée,-10.843839,1
7114,S_NOUN_1_PASS_b,M,S,le rideau avec la banane était couvert <eos>,6,couvert,couverte,4,F,couvert,-6.9699664,couverte,-9.225676,1
7115,S_NOUN_1_PASS_b,M,S,le rideau avec la banane était déformé <eos>,6,déformé,déformée,4,F,déformé,-11.724872,déformée,-12.770145,1
7116,S_NOUN_1_PASS_b,M,S,le rideau avec la banane était fixé <eos>,6,fixé,fixée,4,F,fixé,-6.7957892,fixée,-9.385277,1
7117,S_NOUN_1_PASS_b,M,S,le rideau avec la banane était jeté <eos>,6,jeté,jetée,4,F,jeté,-8.348815,jetée,-10.735201,1
7118,S_NOUN_1_PASS_b,M,S,le rideau avec la banane était laissé <eos>,6,laissé,laissée,4,F,laissé,-9.351522,laissée,-10.970335,1
7119,S_NOUN_1_PASS_b,M,S,le rideau avec la banane était ouvert <eos>,6,ouvert,ouverte,4,F,ouvert,-6.9858027,ouverte,-8.54601,1
7120,S_NOUN_1_PASS_b,M,S,le rideau avec la banane était perdu <eos>,6,perdu,perdue,4,F,perdu,-8.666501,perdue,-10.72613,1
7121,S_NOUN_1_PASS_b,M,S,le rideau avec la banane était réparé <eos>,6,réparé,réparée,4,F,réparé,-10.299761,réparée,-13.377478,1
7122,S_NOUN_1_PASS_b,M,S,le rideau avec la banane était retiré <eos>,6,retiré,retirée,4,F,retiré,-7.4066715,retirée,-10.832417,1
7123,S_NOUN_1_PASS_b,M,S,le rideau avec la banane était tombé <eos>,6,tombé,tombée,4,F,tombé,-7.646393,tombée,-9.316439,1
7124,S_NOUN_1_PASS_b,M,S,le rideau avec la banane était utilisé <eos>,6,utilisé,utilisée,4,F,utilisé,-3.7277384,utilisée,-6.450343,1
7125,S_NOUN_1_PASS_b,M,S,le rideau avec la robe était acheté <eos>,6,acheté,achetée,4,F,acheté,-9.409821,achetée,-10.4365425,1
7126,S_NOUN_1_PASS_b,M,S,le rideau avec la robe était brisé <eos>,6,brisé,brisée,4,F,brisé,-9.379997,brisée,-10.590948,1
7127,S_NOUN_1_PASS_b,M,S,le rideau avec la robe était caché <eos>,6,caché,cachée,4,F,caché,-8.995968,cachée,-9.915827,1
7128,S_NOUN_1_PASS_b,M,S,le rideau avec la robe était cassé <eos>,6,cassé,cassée,4,F,cassé,-6.5936966,cassée,-10.738751,1
7129,S_NOUN_1_PASS_b,M,S,le rideau avec la robe était couvert <eos>,6,couvert,couverte,4,F,couvert,-7.629015,couverte,-8.348636,1
7130,S_NOUN_1_PASS_b,M,S,le rideau avec la robe était déformé <eos>,6,déformé,déformée,4,F,déformé,-11.221731,déformée,-11.280687,1
7131,S_NOUN_1_PASS_b,M,S,le rideau avec la robe était fixé <eos>,6,fixé,fixée,4,F,fixé,-6.235159,fixée,-7.2141476,1
7132,S_NOUN_1_PASS_b,M,S,le rideau avec la robe était jeté <eos>,6,jeté,jetée,4,F,jeté,-9.256311,jetée,-12.349556,1
7133,S_NOUN_1_PASS_b,M,S,le rideau avec la robe était laissé <eos>,6,laissé,laissée,4,F,laissé,-9.166833,laissée,-10.17602,1
7134,S_NOUN_1_PASS_b,M,S,le rideau avec la robe était ouvert <eos>,6,ouvert,ouverte,4,F,ouvert,-8.295038,ouverte,-8.467689,1
7135,S_NOUN_1_PASS_b,M,S,le rideau avec la robe était perdu <eos>,6,perdu,perdue,4,F,perdu,-9.231131,perdue,-10.325732,1
7136,S_NOUN_1_PASS_b,M,S,le rideau avec la robe était réparé <eos>,6,réparé,réparée,4,F,réparé,-13.075905,réparée,-12.672531,0
7137,S_NOUN_1_PASS_b,M,S,le rideau avec la robe était retiré <eos>,6,retiré,retirée,4,F,retiré,-7.0260315,retirée,-9.200968,1
7138,S_NOUN_1_PASS_b,M,S,le rideau avec la robe était tombé <eos>,6,tombé,tombée,4,F,tombé,-8.168279,tombée,-8.945161,1
7139,S_NOUN_1_PASS_b,M,S,le rideau avec la robe était utilisé <eos>,6,utilisé,utilisée,4,F,utilisé,-4.9657044,utilisée,-6.4206033,1
7140,S_NOUN_1_PASS_b,M,S,le rideau avec la valise était acheté <eos>,6,acheté,achetée,4,F,acheté,-6.780616,achetée,-9.572821,1
7141,S_NOUN_1_PASS_b,M,S,le rideau avec la valise était brisé <eos>,6,brisé,brisée,4,F,brisé,-6.1781616,brisée,-8.823967,1
7142,S_NOUN_1_PASS_b,M,S,le rideau avec la valise était caché <eos>,6,caché,cachée,4,F,caché,-5.5833626,cachée,-7.852955,1
7143,S_NOUN_1_PASS_b,M,S,le rideau avec la valise était cassé <eos>,6,cassé,cassée,4,F,cassé,-5.694935,cassée,-8.381086,1
7144,S_NOUN_1_PASS_b,M,S,le rideau avec la valise était couvert <eos>,6,couvert,couverte,4,F,couvert,-5.3741484,couverte,-8.157925,1
7145,S_NOUN_1_PASS_b,M,S,le rideau avec la valise était déformé <eos>,6,déformé,déformée,4,F,déformé,-10.38351,déformée,-11.227921,1
7146,S_NOUN_1_PASS_b,M,S,le rideau avec la valise était fixé <eos>,6,fixé,fixée,4,F,fixé,-6.907463,fixée,-7.8789425,1
7147,S_NOUN_1_PASS_b,M,S,le rideau avec la valise était jeté <eos>,6,jeté,jetée,4,F,jeté,-6.808404,jetée,-10.070898,1
7148,S_NOUN_1_PASS_b,M,S,le rideau avec la valise était laissé <eos>,6,laissé,laissée,4,F,laissé,-7.1687956,laissée,-8.894154,1
7149,S_NOUN_1_PASS_b,M,S,le rideau avec la valise était ouvert <eos>,6,ouvert,ouverte,4,F,ouvert,-6.0270696,ouverte,-7.1659904,1
7150,S_NOUN_1_PASS_b,M,S,le rideau avec la valise était perdu <eos>,6,perdu,perdue,4,F,perdu,-6.4452696,perdue,-8.915539,1
7151,S_NOUN_1_PASS_b,M,S,le rideau avec la valise était réparé <eos>,6,réparé,réparée,4,F,réparé,-10.076572,réparée,-12.133439,1
7152,S_NOUN_1_PASS_b,M,S,le rideau avec la valise était retiré <eos>,6,retiré,retirée,4,F,retiré,-6.3185167,retirée,-8.189997,1
7153,S_NOUN_1_PASS_b,M,S,le rideau avec la valise était tombé <eos>,6,tombé,tombée,4,F,tombé,-6.671941,tombée,-7.9083824,1
7154,S_NOUN_1_PASS_b,M,S,le rideau avec la valise était utilisé <eos>,6,utilisé,utilisée,4,F,utilisé,-6.5776525,utilisée,-8.802122,1
7155,S_NOUN_1_PASS_b,M,S,le rideau avec la pendule était acheté <eos>,6,acheté,achetée,4,F,acheté,-9.496945,achetée,-11.0283375,1
7156,S_NOUN_1_PASS_b,M,S,le rideau avec la pendule était brisé <eos>,6,brisé,brisée,4,F,brisé,-6.9285183,brisée,-7.976597,1
7157,S_NOUN_1_PASS_b,M,S,le rideau avec la pendule était caché <eos>,6,caché,cachée,4,F,caché,-6.770224,cachée,-7.525743,1
7158,S_NOUN_1_PASS_b,M,S,le rideau avec la pendule était cassé <eos>,6,cassé,cassée,4,F,cassé,-5.270687,cassée,-7.888378,1
7159,S_NOUN_1_PASS_b,M,S,le rideau avec la pendule était couvert <eos>,6,couvert,couverte,4,F,couvert,-5.9948297,couverte,-7.858661,1
7160,S_NOUN_1_PASS_b,M,S,le rideau avec la pendule était déformé <eos>,6,déformé,déformée,4,F,déformé,-10.39632,déformée,-10.0959015,0
7161,S_NOUN_1_PASS_b,M,S,le rideau avec la pendule était fixé <eos>,6,fixé,fixée,4,F,fixé,-5.123605,fixée,-6.6951904,1
7162,S_NOUN_1_PASS_b,M,S,le rideau avec la pendule était jeté <eos>,6,jeté,jetée,4,F,jeté,-8.153713,jetée,-11.226446,1
7163,S_NOUN_1_PASS_b,M,S,le rideau avec la pendule était laissé <eos>,6,laissé,laissée,4,F,laissé,-8.449701,laissée,-9.429249,1
7164,S_NOUN_1_PASS_b,M,S,le rideau avec la pendule était ouvert <eos>,6,ouvert,ouverte,4,F,ouvert,-6.1759806,ouverte,-7.5565376,1
7165,S_NOUN_1_PASS_b,M,S,le rideau avec la pendule était perdu <eos>,6,perdu,perdue,4,F,perdu,-8.717889,perdue,-9.389444,1
7166,S_NOUN_1_PASS_b,M,S,le rideau avec la pendule était réparé <eos>,6,réparé,réparée,4,F,réparé,-11.060967,réparée,-11.2649355,1
7167,S_NOUN_1_PASS_b,M,S,le rideau avec la pendule était retiré <eos>,6,retiré,retirée,4,F,retiré,-6.6284924,retirée,-9.264531,1
7168,S_NOUN_1_PASS_b,M,S,le rideau avec la pendule était tombé <eos>,6,tombé,tombée,4,F,tombé,-7.177247,tombée,-9.699345,1
7169,S_NOUN_1_PASS_b,M,S,le rideau avec la pendule était utilisé <eos>,6,utilisé,utilisée,4,F,utilisé,-4.784423,utilisée,-6.8893337,1
7170,S_NOUN_1_PASS_b,M,S,le rideau avec la cloche était acheté <eos>,6,acheté,achetée,4,F,acheté,-8.208325,achetée,-10.168886,1
7171,S_NOUN_1_PASS_b,M,S,le rideau avec la cloche était brisé <eos>,6,brisé,brisée,4,F,brisé,-6.6195116,brisée,-9.090714,1
7172,S_NOUN_1_PASS_b,M,S,le rideau avec la cloche était caché <eos>,6,caché,cachée,4,F,caché,-6.1972456,cachée,-8.041171,1
7173,S_NOUN_1_PASS_b,M,S,le rideau avec la cloche était cassé <eos>,6,cassé,cassée,4,F,cassé,-6.7012043,cassée,-9.3664,1
7174,S_NOUN_1_PASS_b,M,S,le rideau avec la cloche était couvert <eos>,6,couvert,couverte,4,F,couvert,-5.930602,couverte,-9.097798,1
7175,S_NOUN_1_PASS_b,M,S,le rideau avec la cloche était déformé <eos>,6,déformé,déformée,4,F,déformé,-11.430255,déformée,-11.485357,1
7176,S_NOUN_1_PASS_b,M,S,le rideau avec la cloche était fixé <eos>,6,fixé,fixée,4,F,fixé,-6.36976,fixée,-8.500504,1
7177,S_NOUN_1_PASS_b,M,S,le rideau avec la cloche était jeté <eos>,6,jeté,jetée,4,F,jeté,-7.644032,jetée,-10.16867,1
7178,S_NOUN_1_PASS_b,M,S,le rideau avec la cloche était laissé <eos>,6,laissé,laissée,4,F,laissé,-7.871338,laissée,-9.851516,1
7179,S_NOUN_1_PASS_b,M,S,le rideau avec la cloche était ouvert <eos>,6,ouvert,ouverte,4,F,ouvert,-6.6660337,ouverte,-8.435958,1
7180,S_NOUN_1_PASS_b,M,S,le rideau avec la cloche était perdu <eos>,6,perdu,perdue,4,F,perdu,-7.0851216,perdue,-9.448355,1
7181,S_NOUN_1_PASS_b,M,S,le rideau avec la cloche était réparé <eos>,6,réparé,réparée,4,F,réparé,-9.35329,réparée,-10.977159,1
7182,S_NOUN_1_PASS_b,M,S,le rideau avec la cloche était retiré <eos>,6,retiré,retirée,4,F,retiré,-6.6831245,retirée,-9.658945,1
7183,S_NOUN_1_PASS_b,M,S,le rideau avec la cloche était tombé <eos>,6,tombé,tombée,4,F,tombé,-6.356114,tombée,-8.330124,1
7184,S_NOUN_1_PASS_b,M,S,le rideau avec la cloche était utilisé <eos>,6,utilisé,utilisée,4,F,utilisé,-5.199996,utilisée,-7.7005625,1
7185,S_NOUN_1_PASS_b,M,S,le rideau avec la cerise était acheté <eos>,6,acheté,achetée,4,F,acheté,-9.373386,achetée,-12.357243,1
7186,S_NOUN_1_PASS_b,M,S,le rideau avec la cerise était brisé <eos>,6,brisé,brisée,4,F,brisé,-8.526704,brisée,-11.762631,1
7187,S_NOUN_1_PASS_b,M,S,le rideau avec la cerise était caché <eos>,6,caché,cachée,4,F,caché,-8.0842705,cachée,-11.310747,1
7188,S_NOUN_1_PASS_b,M,S,le rideau avec la cerise était cassé <eos>,6,cassé,cassée,4,F,cassé,-6.5098133,cassée,-11.350065,1
7189,S_NOUN_1_PASS_b,M,S,le rideau avec la cerise était couvert <eos>,6,couvert,couverte,4,F,couvert,-6.1720657,couverte,-9.314497,1
7190,S_NOUN_1_PASS_b,M,S,le rideau avec la cerise était déformé <eos>,6,déformé,déformée,4,F,déformé,-11.3718605,déformée,-13.2014265,1
7191,S_NOUN_1_PASS_b,M,S,le rideau avec la cerise était fixé <eos>,6,fixé,fixée,4,F,fixé,-6.802026,fixée,-9.939715,1
7192,S_NOUN_1_PASS_b,M,S,le rideau avec la cerise était jeté <eos>,6,jeté,jetée,4,F,jeté,-9.245689,jetée,-11.649047,1
7193,S_NOUN_1_PASS_b,M,S,le rideau avec la cerise était laissé <eos>,6,laissé,laissée,4,F,laissé,-9.098188,laissée,-11.188673,1
7194,S_NOUN_1_PASS_b,M,S,le rideau avec la cerise était ouvert <eos>,6,ouvert,ouverte,4,F,ouvert,-7.882595,ouverte,-9.949512,1
7195,S_NOUN_1_PASS_b,M,S,le rideau avec la cerise était perdu <eos>,6,perdu,perdue,4,F,perdu,-8.265385,perdue,-11.259809,1
7196,S_NOUN_1_PASS_b,M,S,le rideau avec la cerise était réparé <eos>,6,réparé,réparée,4,F,réparé,-12.0500965,réparée,-14.538467,1
7197,S_NOUN_1_PASS_b,M,S,le rideau avec la cerise était retiré <eos>,6,retiré,retirée,4,F,retiré,-8.08738,retirée,-11.383187,1
7198,S_NOUN_1_PASS_b,M,S,le rideau avec la cerise était tombé <eos>,6,tombé,tombée,4,F,tombé,-7.596512,tombée,-9.736587,1
7199,S_NOUN_1_PASS_b,M,S,le rideau avec la cerise était utilisé <eos>,6,utilisé,utilisée,4,F,utilisé,-4.1953125,utilisée,-6.818843,1
7200,S_NOUN_1_PASS_b,M,S,le cahier avec la gemme était acheté <eos>,6,acheté,achetée,4,F,acheté,-7.9809084,achetée,-9.883598,1
7201,S_NOUN_1_PASS_b,M,S,le cahier avec la gemme était brisé <eos>,6,brisé,brisée,4,F,brisé,-8.280171,brisée,-10.483919,1
7202,S_NOUN_1_PASS_b,M,S,le cahier avec la gemme était caché <eos>,6,caché,cachée,4,F,caché,-7.852735,cachée,-10.021142,1
7203,S_NOUN_1_PASS_b,M,S,le cahier avec la gemme était cassé <eos>,6,cassé,cassée,4,F,cassé,-6.4883537,cassée,-9.614559,1
7204,S_NOUN_1_PASS_b,M,S,le cahier avec la gemme était couvert <eos>,6,couvert,couverte,4,F,couvert,-6.217286,couverte,-8.123506,1
7205,S_NOUN_1_PASS_b,M,S,le cahier avec la gemme était déformé <eos>,6,déformé,déformée,4,F,déformé,-10.19829,déformée,-11.228834,1
7206,S_NOUN_1_PASS_b,M,S,le cahier avec la gemme était fixé <eos>,6,fixé,fixée,4,F,fixé,-5.1545916,fixée,-8.021455,1
7207,S_NOUN_1_PASS_b,M,S,le cahier avec la gemme était jeté <eos>,6,jeté,jetée,4,F,jeté,-7.949175,jetée,-11.342428,1
7208,S_NOUN_1_PASS_b,M,S,le cahier avec la gemme était laissé <eos>,6,laissé,laissée,4,F,laissé,-8.186938,laissée,-9.106583,1
7209,S_NOUN_1_PASS_b,M,S,le cahier avec la gemme était ouvert <eos>,6,ouvert,ouverte,4,F,ouvert,-7.8031235,ouverte,-9.05058,1
7210,S_NOUN_1_PASS_b,M,S,le cahier avec la gemme était perdu <eos>,6,perdu,perdue,4,F,perdu,-8.446784,perdue,-10.509389,1
7211,S_NOUN_1_PASS_b,M,S,le cahier avec la gemme était réparé <eos>,6,réparé,réparée,4,F,réparé,-10.2873745,réparée,-12.484264,1
7212,S_NOUN_1_PASS_b,M,S,le cahier avec la gemme était retiré <eos>,6,retiré,retirée,4,F,retiré,-6.541616,retirée,-9.825876,1
7213,S_NOUN_1_PASS_b,M,S,le cahier avec la gemme était tombé <eos>,6,tombé,tombée,4,F,tombé,-8.512524,tombée,-10.094124,1
7214,S_NOUN_1_PASS_b,M,S,le cahier avec la gemme était utilisé <eos>,6,utilisé,utilisée,4,F,utilisé,-3.866881,utilisée,-6.302564,1
7215,S_NOUN_1_PASS_b,M,S,le cahier avec la chaise était acheté <eos>,6,acheté,achetée,4,F,acheté,-8.38996,achetée,-9.803812,1
7216,S_NOUN_1_PASS_b,M,S,le cahier avec la chaise était brisé <eos>,6,brisé,brisée,4,F,brisé,-8.8204,brisée,-10.616568,1
7217,S_NOUN_1_PASS_b,M,S,le cahier avec la chaise était caché <eos>,6,caché,cachée,4,F,caché,-8.633539,cachée,-10.501968,1
7218,S_NOUN_1_PASS_b,M,S,le cahier avec la chaise était cassé <eos>,6,cassé,cassée,4,F,cassé,-7.1588373,cassée,-9.400265,1
7219,S_NOUN_1_PASS_b,M,S,le cahier avec la chaise était couvert <eos>,6,couvert,couverte,4,F,couvert,-5.337787,couverte,-7.641395,1
7220,S_NOUN_1_PASS_b,M,S,le cahier avec la chaise était déformé <eos>,6,déformé,déformée,4,F,déformé,-10.885945,déformée,-10.949055,1
7221,S_NOUN_1_PASS_b,M,S,le cahier avec la chaise était fixé <eos>,6,fixé,fixée,4,F,fixé,-6.18462,fixée,-7.896676,1
7222,S_NOUN_1_PASS_b,M,S,le cahier avec la chaise était jeté <eos>,6,jeté,jetée,4,F,jeté,-8.465056,jetée,-12.01916,1
7223,S_NOUN_1_PASS_b,M,S,le cahier avec la chaise était laissé <eos>,6,laissé,laissée,4,F,laissé,-8.730492,laissée,-9.588098,1
7224,S_NOUN_1_PASS_b,M,S,le cahier avec la chaise était ouvert <eos>,6,ouvert,ouverte,4,F,ouvert,-6.818946,ouverte,-7.4572678,1
7225,S_NOUN_1_PASS_b,M,S,le cahier avec la chaise était perdu <eos>,6,perdu,perdue,4,F,perdu,-8.139717,perdue,-9.986435,1
7226,S_NOUN_1_PASS_b,M,S,le cahier avec la chaise était réparé <eos>,6,réparé,réparée,4,F,réparé,-10.446902,réparée,-11.340917,1
7227,S_NOUN_1_PASS_b,M,S,le cahier avec la chaise était retiré <eos>,6,retiré,retirée,4,F,retiré,-6.9088235,retirée,-9.3642235,1
7228,S_NOUN_1_PASS_b,M,S,le cahier avec la chaise était tombé <eos>,6,tombé,tombée,4,F,tombé,-8.579779,tombée,-9.337893,1
7229,S_NOUN_1_PASS_b,M,S,le cahier avec la chaise était utilisé <eos>,6,utilisé,utilisée,4,F,utilisé,-4.8555202,utilisée,-6.7191486,1
7230,S_NOUN_1_PASS_b,M,S,le cahier avec la poubelle était acheté <eos>,6,acheté,achetée,4,F,acheté,-6.7500725,achetée,-9.215569,1
7231,S_NOUN_1_PASS_b,M,S,le cahier avec la poubelle était brisé <eos>,6,brisé,brisée,4,F,brisé,-8.117257,brisée,-11.026256,1
7232,S_NOUN_1_PASS_b,M,S,le cahier avec la poubelle était caché <eos>,6,caché,cachée,4,F,caché,-7.139304,cachée,-9.939965,1
7233,S_NOUN_1_PASS_b,M,S,le cahier avec la poubelle était cassé <eos>,6,cassé,cassée,4,F,cassé,-6.6073723,cassée,-9.533642,1
7234,S_NOUN_1_PASS_b,M,S,le cahier avec la poubelle était couvert <eos>,6,couvert,couverte,4,F,couvert,-6.195404,couverte,-8.408403,1
7235,S_NOUN_1_PASS_b,M,S,le cahier avec la poubelle était déformé <eos>,6,déformé,déformée,4,F,déformé,-9.27578,déformée,-10.886642,1
7236,S_NOUN_1_PASS_b,M,S,le cahier avec la poubelle était fixé <eos>,6,fixé,fixée,4,F,fixé,-6.7521033,fixée,-9.366188,1
7237,S_NOUN_1_PASS_b,M,S,le cahier avec la poubelle était jeté <eos>,6,jeté,jetée,4,F,jeté,-7.111923,jetée,-10.021322,1
7238,S_NOUN_1_PASS_b,M,S,le cahier avec la poubelle était laissé <eos>,6,laissé,laissée,4,F,laissé,-7.680928,laissée,-9.018925,1
7239,S_NOUN_1_PASS_b,M,S,le cahier avec la poubelle était ouvert <eos>,6,ouvert,ouverte,4,F,ouvert,-6.952714,ouverte,-8.361257,1
7240,S_NOUN_1_PASS_b,M,S,le cahier avec la poubelle était perdu <eos>,6,perdu,perdue,4,F,perdu,-6.5508637,perdue,-9.415754,1
7241,S_NOUN_1_PASS_b,M,S,le cahier avec la poubelle était réparé <eos>,6,réparé,réparée,4,F,réparé,-9.321823,réparée,-11.847407,1
7242,S_NOUN_1_PASS_b,M,S,le cahier avec la poubelle était retiré <eos>,6,retiré,retirée,4,F,retiré,-5.832575,retirée,-8.848614,1
7243,S_NOUN_1_PASS_b,M,S,le cahier avec la poubelle était tombé <eos>,6,tombé,tombée,4,F,tombé,-8.094191,tombée,-8.731848,1
7244,S_NOUN_1_PASS_b,M,S,le cahier avec la poubelle était utilisé <eos>,6,utilisé,utilisée,4,F,utilisé,-4.68314,utilisée,-7.0952244,1
7245,S_NOUN_1_PASS_b,M,S,le cahier avec la chemise était acheté <eos>,6,acheté,achetée,4,F,acheté,-7.7825203,achetée,-10.2617,1
7246,S_NOUN_1_PASS_b,M,S,le cahier avec la chemise était brisé <eos>,6,brisé,brisée,4,F,brisé,-8.553605,brisée,-10.879992,1
7247,S_NOUN_1_PASS_b,M,S,le cahier avec la chemise était caché <eos>,6,caché,cachée,4,F,caché,-8.2431965,cachée,-10.562731,1
7248,S_NOUN_1_PASS_b,M,S,le cahier avec la chemise était cassé <eos>,6,cassé,cassée,4,F,cassé,-6.623171,cassée,-10.494082,1
7249,S_NOUN_1_PASS_b,M,S,le cahier avec la chemise était couvert <eos>,6,couvert,couverte,4,F,couvert,-5.5278244,couverte,-7.921116,1
7250,S_NOUN_1_PASS_b,M,S,le cahier avec la chemise était déformé <eos>,6,déformé,déformée,4,F,déformé,-10.113876,déformée,-11.000779,1
7251,S_NOUN_1_PASS_b,M,S,le cahier avec la chemise était fixé <eos>,6,fixé,fixée,4,F,fixé,-5.5578036,fixée,-8.404496,1
7252,S_NOUN_1_PASS_b,M,S,le cahier avec la chemise était jeté <eos>,6,jeté,jetée,4,F,jeté,-7.6128693,jetée,-12.016864,1
7253,S_NOUN_1_PASS_b,M,S,le cahier avec la chemise était laissé <eos>,6,laissé,laissée,4,F,laissé,-8.1915655,laissée,-10.251136,1
7254,S_NOUN_1_PASS_b,M,S,le cahier avec la chemise était ouvert <eos>,6,ouvert,ouverte,4,F,ouvert,-7.1596637,ouverte,-8.02866,1
7255,S_NOUN_1_PASS_b,M,S,le cahier avec la chemise était perdu <eos>,6,perdu,perdue,4,F,perdu,-7.850148,perdue,-10.7653,1
7256,S_NOUN_1_PASS_b,M,S,le cahier avec la chemise était réparé <eos>,6,réparé,réparée,4,F,réparé,-11.039718,réparée,-12.450277,1
7257,S_NOUN_1_PASS_b,M,S,le cahier avec la chemise était retiré <eos>,6,retiré,retirée,4,F,retiré,-5.5223613,retirée,-9.4872875,1
7258,S_NOUN_1_PASS_b,M,S,le cahier avec la chemise était tombé <eos>,6,tombé,tombée,4,F,tombé,-8.12592,tombée,-9.573189,1
7259,S_NOUN_1_PASS_b,M,S,le cahier avec la chemise était utilisé <eos>,6,utilisé,utilisée,4,F,utilisé,-4.705703,utilisée,-7.0889063,1
7260,S_NOUN_1_PASS_b,M,S,le cahier avec la recette était acheté <eos>,6,acheté,achetée,4,F,acheté,-8.666598,achetée,-10.348677,1
7261,S_NOUN_1_PASS_b,M,S,le cahier avec la recette était brisé <eos>,6,brisé,brisée,4,F,brisé,-10.048401,brisée,-11.667564,1
7262,S_NOUN_1_PASS_b,M,S,le cahier avec la recette était caché <eos>,6,caché,cachée,4,F,caché,-8.968467,cachée,-10.917989,1
7263,S_NOUN_1_PASS_b,M,S,le cahier avec la recette était cassé <eos>,6,cassé,cassée,4,F,cassé,-8.695957,cassée,-10.687812,1
7264,S_NOUN_1_PASS_b,M,S,le cahier avec la recette était couvert <eos>,6,couvert,couverte,4,F,couvert,-7.282097,couverte,-9.737068,1
7265,S_NOUN_1_PASS_b,M,S,le cahier avec la recette était déformé <eos>,6,déformé,déformée,4,F,déformé,-11.940325,déformée,-11.6698475,0
7266,S_NOUN_1_PASS_b,M,S,le cahier avec la recette était fixé <eos>,6,fixé,fixée,4,F,fixé,-6.3115444,fixée,-7.599306,1
7267,S_NOUN_1_PASS_b,M,S,le cahier avec la recette était jeté <eos>,6,jeté,jetée,4,F,jeté,-9.924688,jetée,-12.53233,1
7268,S_NOUN_1_PASS_b,M,S,le cahier avec la recette était laissé <eos>,6,laissé,laissée,4,F,laissé,-9.276407,laissée,-9.671337,1
7269,S_NOUN_1_PASS_b,M,S,le cahier avec la recette était ouvert <eos>,6,ouvert,ouverte,4,F,ouvert,-8.424916,ouverte,-9.33482,1
7270,S_NOUN_1_PASS_b,M,S,le cahier avec la recette était perdu <eos>,6,perdu,perdue,4,F,perdu,-8.371943,perdue,-9.261574,1
7271,S_NOUN_1_PASS_b,M,S,le cahier avec la recette était réparé <eos>,6,réparé,réparée,4,F,réparé,-11.563461,réparée,-13.5013275,1
7272,S_NOUN_1_PASS_b,M,S,le cahier avec la recette était retiré <eos>,6,retiré,retirée,4,F,retiré,-7.4100513,retirée,-9.976658,1
7273,S_NOUN_1_PASS_b,M,S,le cahier avec la recette était tombé <eos>,6,tombé,tombée,4,F,tombé,-8.69573,tombée,-9.353439,1
7274,S_NOUN_1_PASS_b,M,S,le cahier avec la recette était utilisé <eos>,6,utilisé,utilisée,4,F,utilisé,-6.4116325,utilisée,-7.9622116,1
7275,S_NOUN_1_PASS_b,M,S,le cahier avec la jupe était acheté <eos>,6,acheté,achetée,4,F,acheté,-9.401148,achetée,-10.46332,1
7276,S_NOUN_1_PASS_b,M,S,le cahier avec la jupe était brisé <eos>,6,brisé,brisée,4,F,brisé,-8.2799835,brisée,-10.036831,1
7277,S_NOUN_1_PASS_b,M,S,le cahier avec la jupe était caché <eos>,6,caché,cachée,4,F,caché,-8.966511,cachée,-9.738537,1
7278,S_NOUN_1_PASS_b,M,S,le cahier avec la jupe était cassé <eos>,6,cassé,cassée,4,F,cassé,-6.1535826,cassée,-8.819866,1
7279,S_NOUN_1_PASS_b,M,S,le cahier avec la jupe était couvert <eos>,6,couvert,couverte,4,F,couvert,-6.4649954,couverte,-7.6347055,1
7280,S_NOUN_1_PASS_b,M,S,le cahier avec la jupe était déformé <eos>,6,déformé,déformée,4,F,déformé,-10.451631,déformée,-9.6878,0
7281,S_NOUN_1_PASS_b,M,S,le cahier avec la jupe était fixé <eos>,6,fixé,fixée,4,F,fixé,-6.0509014,fixée,-7.628743,1
7282,S_NOUN_1_PASS_b,M,S,le cahier avec la jupe était jeté <eos>,6,jeté,jetée,4,F,jeté,-9.101187,jetée,-12.411554,1
7283,S_NOUN_1_PASS_b,M,S,le cahier avec la jupe était laissé <eos>,6,laissé,laissée,4,F,laissé,-9.26861,laissée,-9.912207,1
7284,S_NOUN_1_PASS_b,M,S,le cahier avec la jupe était ouvert <eos>,6,ouvert,ouverte,4,F,ouvert,-7.9269524,ouverte,-7.3409348,0
7285,S_NOUN_1_PASS_b,M,S,le cahier avec la jupe était perdu <eos>,6,perdu,perdue,4,F,perdu,-8.944335,perdue,-10.051594,1
7286,S_NOUN_1_PASS_b,M,S,le cahier avec la jupe était réparé <eos>,6,réparé,réparée,4,F,réparé,-11.948718,réparée,-11.277255,0
7287,S_NOUN_1_PASS_b,M,S,le cahier avec la jupe était retiré <eos>,6,retiré,retirée,4,F,retiré,-6.8319626,retirée,-8.881836,1
7288,S_NOUN_1_PASS_b,M,S,le cahier avec la jupe était tombé <eos>,6,tombé,tombée,4,F,tombé,-8.534537,tombée,-9.85741,1
7289,S_NOUN_1_PASS_b,M,S,le cahier avec la jupe était utilisé <eos>,6,utilisé,utilisée,4,F,utilisé,-6.0524454,utilisée,-7.17179,1
7290,S_NOUN_1_PASS_b,M,S,le cahier avec la colle était acheté <eos>,6,acheté,achetée,4,F,acheté,-6.86679,achetée,-9.364752,1
7291,S_NOUN_1_PASS_b,M,S,le cahier avec la colle était brisé <eos>,6,brisé,brisée,4,F,brisé,-8.700327,brisée,-11.715285,1
7292,S_NOUN_1_PASS_b,M,S,le cahier avec la colle était caché <eos>,6,caché,cachée,4,F,caché,-7.732262,cachée,-10.254433,1
7293,S_NOUN_1_PASS_b,M,S,le cahier avec la colle était cassé <eos>,6,cassé,cassée,4,F,cassé,-7.738421,cassée,-10.54368,1
7294,S_NOUN_1_PASS_b,M,S,le cahier avec la colle était couvert <eos>,6,couvert,couverte,4,F,couvert,-6.403023,couverte,-8.881804,1
7295,S_NOUN_1_PASS_b,M,S,le cahier avec la colle était déformé <eos>,6,déformé,déformée,4,F,déformé,-10.105515,déformée,-11.6984005,1
7296,S_NOUN_1_PASS_b,M,S,le cahier avec la colle était fixé <eos>,6,fixé,fixée,4,F,fixé,-5.7809896,fixée,-8.828373,1
7297,S_NOUN_1_PASS_b,M,S,le cahier avec la colle était jeté <eos>,6,jeté,jetée,4,F,jeté,-8.53539,jetée,-11.84687,1
7298,S_NOUN_1_PASS_b,M,S,le cahier avec la colle était laissé <eos>,6,laissé,laissée,4,F,laissé,-8.115255,laissée,-9.410664,1
7299,S_NOUN_1_PASS_b,M,S,le cahier avec la colle était ouvert <eos>,6,ouvert,ouverte,4,F,ouvert,-7.591874,ouverte,-8.910644,1
7300,S_NOUN_1_PASS_b,M,S,le cahier avec la colle était perdu <eos>,6,perdu,perdue,4,F,perdu,-8.20791,perdue,-9.744841,1
7301,S_NOUN_1_PASS_b,M,S,le cahier avec la colle était réparé <eos>,6,réparé,réparée,4,F,réparé,-10.104474,réparée,-13.527695,1
7302,S_NOUN_1_PASS_b,M,S,le cahier avec la colle était retiré <eos>,6,retiré,retirée,4,F,retiré,-5.77745,retirée,-9.585565,1
7303,S_NOUN_1_PASS_b,M,S,le cahier avec la colle était tombé <eos>,6,tombé,tombée,4,F,tombé,-7.9338913,tombée,-9.50165,1
7304,S_NOUN_1_PASS_b,M,S,le cahier avec la colle était utilisé <eos>,6,utilisé,utilisée,4,F,utilisé,-4.086801,utilisée,-6.831286,1
7305,S_NOUN_1_PASS_b,M,S,le cahier avec la lampe était acheté <eos>,6,acheté,achetée,4,F,acheté,-8.550801,achetée,-9.254889,1
7306,S_NOUN_1_PASS_b,M,S,le cahier avec la lampe était brisé <eos>,6,brisé,brisée,4,F,brisé,-8.060064,brisée,-10.276474,1
7307,S_NOUN_1_PASS_b,M,S,le cahier avec la lampe était caché <eos>,6,caché,cachée,4,F,caché,-7.8407884,cachée,-9.635032,1
7308,S_NOUN_1_PASS_b,M,S,le cahier avec la lampe était cassé <eos>,6,cassé,cassée,4,F,cassé,-7.8538284,cassée,-9.549089,1
7309,S_NOUN_1_PASS_b,M,S,le cahier avec la lampe était couvert <eos>,6,couvert,couverte,4,F,couvert,-6.78576,couverte,-8.663886,1
7310,S_NOUN_1_PASS_b,M,S,le cahier avec la lampe était déformé <eos>,6,déformé,déformée,4,F,déformé,-10.981549,déformée,-11.206286,1
7311,S_NOUN_1_PASS_b,M,S,le cahier avec la lampe était fixé <eos>,6,fixé,fixée,4,F,fixé,-5.495448,fixée,-8.083067,1
7312,S_NOUN_1_PASS_b,M,S,le cahier avec la lampe était jeté <eos>,6,jeté,jetée,4,F,jeté,-8.6395855,jetée,-11.15081,1
7313,S_NOUN_1_PASS_b,M,S,le cahier avec la lampe était laissé <eos>,6,laissé,laissée,4,F,laissé,-8.785348,laissée,-9.451194,1
7314,S_NOUN_1_PASS_b,M,S,le cahier avec la lampe était ouvert <eos>,6,ouvert,ouverte,4,F,ouvert,-7.4208484,ouverte,-8.37088,1
7315,S_NOUN_1_PASS_b,M,S,le cahier avec la lampe était perdu <eos>,6,perdu,perdue,4,F,perdu,-8.148821,perdue,-9.413546,1
7316,S_NOUN_1_PASS_b,M,S,le cahier avec la lampe était réparé <eos>,6,réparé,réparée,4,F,réparé,-10.429181,réparée,-11.995462,1
7317,S_NOUN_1_PASS_b,M,S,le cahier avec la lampe était retiré <eos>,6,retiré,retirée,4,F,retiré,-7.0196857,retirée,-9.048628,1
7318,S_NOUN_1_PASS_b,M,S,le cahier avec la lampe était tombé <eos>,6,tombé,tombée,4,F,tombé,-8.217268,tombée,-9.161339,1
7319,S_NOUN_1_PASS_b,M,S,le cahier avec la lampe était utilisé <eos>,6,utilisé,utilisée,4,F,utilisé,-4.7916903,utilisée,-6.6825175,1
7320,S_NOUN_1_PASS_b,M,S,le cahier avec la bouteille était acheté <eos>,6,acheté,achetée,4,F,acheté,-6.981998,achetée,-8.934568,1
7321,S_NOUN_1_PASS_b,M,S,le cahier avec la bouteille était brisé <eos>,6,brisé,brisée,4,F,brisé,-8.58917,brisée,-10.733139,1
7322,S_NOUN_1_PASS_b,M,S,le cahier avec la bouteille était caché <eos>,6,caché,cachée,4,F,caché,-7.6798167,cachée,-9.742828,1
7323,S_NOUN_1_PASS_b,M,S,le cahier avec la bouteille était cassé <eos>,6,cassé,cassée,4,F,cassé,-6.27874,cassée,-8.771471,1
7324,S_NOUN_1_PASS_b,M,S,le cahier avec la bouteille était couvert <eos>,6,couvert,couverte,4,F,couvert,-5.910652,couverte,-8.601451,1
7325,S_NOUN_1_PASS_b,M,S,le cahier avec la bouteille était déformé <eos>,6,déformé,déformée,4,F,déformé,-10.028291,déformée,-10.393267,1
7326,S_NOUN_1_PASS_b,M,S,le cahier avec la bouteille était fixé <eos>,6,fixé,fixée,4,F,fixé,-5.4538164,fixée,-8.172521,1
7327,S_NOUN_1_PASS_b,M,S,le cahier avec la bouteille était jeté <eos>,6,jeté,jetée,4,F,jeté,-8.16408,jetée,-10.626157,1
7328,S_NOUN_1_PASS_b,M,S,le cahier avec la bouteille était laissé <eos>,6,laissé,laissée,4,F,laissé,-8.140745,laissée,-8.802257,1
7329,S_NOUN_1_PASS_b,M,S,le cahier avec la bouteille était ouvert <eos>,6,ouvert,ouverte,4,F,ouvert,-7.270011,ouverte,-8.324007,1
7330,S_NOUN_1_PASS_b,M,S,le cahier avec la bouteille était perdu <eos>,6,perdu,perdue,4,F,perdu,-7.530387,perdue,-9.221519,1
7331,S_NOUN_1_PASS_b,M,S,le cahier avec la bouteille était réparé <eos>,6,réparé,réparée,4,F,réparé,-10.127745,réparée,-12.526026,1
7332,S_NOUN_1_PASS_b,M,S,le cahier avec la bouteille était retiré <eos>,6,retiré,retirée,4,F,retiré,-5.7503557,retirée,-8.534582,1
7333,S_NOUN_1_PASS_b,M,S,le cahier avec la bouteille était tombé <eos>,6,tombé,tombée,4,F,tombé,-8.319057,tombée,-9.267975,1
7334,S_NOUN_1_PASS_b,M,S,le cahier avec la bouteille était utilisé <eos>,6,utilisé,utilisée,4,F,utilisé,-5.1716056,utilisée,-7.1727853,1
7335,S_NOUN_1_PASS_b,M,S,le cahier avec la boisson était acheté <eos>,6,acheté,achetée,4,F,acheté,-8.098871,achetée,-9.431929,1
7336,S_NOUN_1_PASS_b,M,S,le cahier avec la boisson était brisé <eos>,6,brisé,brisée,4,F,brisé,-10.988165,brisée,-12.221045,1
7337,S_NOUN_1_PASS_b,M,S,le cahier avec la boisson était caché <eos>,6,caché,cachée,4,F,caché,-9.932929,cachée,-11.469905,1
7338,S_NOUN_1_PASS_b,M,S,le cahier avec la boisson était cassé <eos>,6,cassé,cassée,4,F,cassé,-8.3216715,cassée,-11.145033,1
7339,S_NOUN_1_PASS_b,M,S,le cahier avec la boisson était couvert <eos>,6,couvert,couverte,4,F,couvert,-7.761029,couverte,-9.594466,1
7340,S_NOUN_1_PASS_b,M,S,le cahier avec la boisson était déformé <eos>,6,déformé,déformée,4,F,déformé,-11.187844,déformée,-11.834511,1
7341,S_NOUN_1_PASS_b,M,S,le cahier avec la boisson était fixé <eos>,6,fixé,fixée,4,F,fixé,-7.6631303,fixée,-9.447249,1
7342,S_NOUN_1_PASS_b,M,S,le cahier avec la boisson était jeté <eos>,6,jeté,jetée,4,F,jeté,-9.456349,jetée,-11.799333,1
7343,S_NOUN_1_PASS_b,M,S,le cahier avec la boisson était laissé <eos>,6,laissé,laissée,4,F,laissé,-9.251141,laissée,-9.743691,1
7344,S_NOUN_1_PASS_b,M,S,le cahier avec la boisson était ouvert <eos>,6,ouvert,ouverte,4,F,ouvert,-8.509875,ouverte,-8.976849,1
7345,S_NOUN_1_PASS_b,M,S,le cahier avec la boisson était perdu <eos>,6,perdu,perdue,4,F,perdu,-8.77919,perdue,-10.165369,1
7346,S_NOUN_1_PASS_b,M,S,le cahier avec la boisson était réparé <eos>,6,réparé,réparée,4,F,réparé,-11.620222,réparée,-14.151545,1
7347,S_NOUN_1_PASS_b,M,S,le cahier avec la boisson était retiré <eos>,6,retiré,retirée,4,F,retiré,-6.751049,retirée,-9.5731735,1
7348,S_NOUN_1_PASS_b,M,S,le cahier avec la boisson était tombé <eos>,6,tombé,tombée,4,F,tombé,-8.282259,tombée,-8.864143,1
7349,S_NOUN_1_PASS_b,M,S,le cahier avec la boisson était utilisé <eos>,6,utilisé,utilisée,4,F,utilisé,-5.2869697,utilisée,-6.9436307,1
7350,S_NOUN_1_PASS_b,M,S,le cahier avec la pomme était acheté <eos>,6,acheté,achetée,4,F,acheté,-7.7390337,achetée,-10.477459,1
7351,S_NOUN_1_PASS_b,M,S,le cahier avec la pomme était brisé <eos>,6,brisé,brisée,4,F,brisé,-8.411906,brisée,-11.731947,1
7352,S_NOUN_1_PASS_b,M,S,le cahier avec la pomme était caché <eos>,6,caché,cachée,4,F,caché,-8.361522,cachée,-11.97872,1
7353,S_NOUN_1_PASS_b,M,S,le cahier avec la pomme était cassé <eos>,6,cassé,cassée,4,F,cassé,-8.154975,cassée,-10.966365,1
7354,S_NOUN_1_PASS_b,M,S,le cahier avec la pomme était couvert <eos>,6,couvert,couverte,4,F,couvert,-5.875636,couverte,-8.763473,1
7355,S_NOUN_1_PASS_b,M,S,le cahier avec la pomme était déformé <eos>,6,déformé,déformée,4,F,déformé,-10.831884,déformée,-11.747557,1
7356,S_NOUN_1_PASS_b,M,S,le cahier avec la pomme était fixé <eos>,6,fixé,fixée,4,F,fixé,-6.3283257,fixée,-9.645908,1
7357,S_NOUN_1_PASS_b,M,S,le cahier avec la pomme était jeté <eos>,6,jeté,jetée,4,F,jeté,-8.684767,jetée,-12.516889,1
7358,S_NOUN_1_PASS_b,M,S,le cahier avec la pomme était laissé <eos>,6,laissé,laissée,4,F,laissé,-8.517784,laissée,-10.073627,1
7359,S_NOUN_1_PASS_b,M,S,le cahier avec la pomme était ouvert <eos>,6,ouvert,ouverte,4,F,ouvert,-7.1946964,ouverte,-9.24816,1
7360,S_NOUN_1_PASS_b,M,S,le cahier avec la pomme était perdu <eos>,6,perdu,perdue,4,F,perdu,-8.544537,perdue,-10.723839,1
7361,S_NOUN_1_PASS_b,M,S,le cahier avec la pomme était réparé <eos>,6,réparé,réparée,4,F,réparé,-10.381938,réparée,-14.086342,1
7362,S_NOUN_1_PASS_b,M,S,le cahier avec la pomme était retiré <eos>,6,retiré,retirée,4,F,retiré,-6.1950912,retirée,-10.096475,1
7363,S_NOUN_1_PASS_b,M,S,le cahier avec la pomme était tombé <eos>,6,tombé,tombée,4,F,tombé,-8.075106,tombée,-10.043911,1
7364,S_NOUN_1_PASS_b,M,S,le cahier avec la pomme était utilisé <eos>,6,utilisé,utilisée,4,F,utilisé,-4.84412,utilisée,-7.693877,1
7365,S_NOUN_1_PASS_b,M,S,le cahier avec la tasse était acheté <eos>,6,acheté,achetée,4,F,acheté,-7.5379486,achetée,-9.128202,1
7366,S_NOUN_1_PASS_b,M,S,le cahier avec la tasse était brisé <eos>,6,brisé,brisée,4,F,brisé,-7.9846,brisée,-10.623986,1
7367,S_NOUN_1_PASS_b,M,S,le cahier avec la tasse était caché <eos>,6,caché,cachée,4,F,caché,-7.2092915,cachée,-9.984564,1
7368,S_NOUN_1_PASS_b,M,S,le cahier avec la tasse était cassé <eos>,6,cassé,cassée,4,F,cassé,-6.67811,cassée,-9.389102,1
7369,S_NOUN_1_PASS_b,M,S,le cahier avec la tasse était couvert <eos>,6,couvert,couverte,4,F,couvert,-6.019091,couverte,-8.243471,1
7370,S_NOUN_1_PASS_b,M,S,le cahier avec la tasse était déformé <eos>,6,déformé,déformée,4,F,déformé,-10.364209,déformée,-10.8939705,1
7371,S_NOUN_1_PASS_b,M,S,le cahier avec la tasse était fixé <eos>,6,fixé,fixée,4,F,fixé,-5.7406645,fixée,-7.581855,1
7372,S_NOUN_1_PASS_b,M,S,le cahier avec la tasse était jeté <eos>,6,jeté,jetée,4,F,jeté,-7.089354,jetée,-10.306239,1
7373,S_NOUN_1_PASS_b,M,S,le cahier avec la tasse était laissé <eos>,6,laissé,laissée,4,F,laissé,-8.006123,laissée,-8.758779,1
7374,S_NOUN_1_PASS_b,M,S,le cahier avec la tasse était ouvert <eos>,6,ouvert,ouverte,4,F,ouvert,-6.383771,ouverte,-7.1197042,1
7375,S_NOUN_1_PASS_b,M,S,le cahier avec la tasse était perdu <eos>,6,perdu,perdue,4,F,perdu,-8.068783,perdue,-9.53551,1
7376,S_NOUN_1_PASS_b,M,S,le cahier avec la tasse était réparé <eos>,6,réparé,réparée,4,F,réparé,-10.757624,réparée,-12.599663,1
7377,S_NOUN_1_PASS_b,M,S,le cahier avec la tasse était retiré <eos>,6,retiré,retirée,4,F,retiré,-5.874511,retirée,-8.479577,1
7378,S_NOUN_1_PASS_b,M,S,le cahier avec la tasse était tombé <eos>,6,tombé,tombée,4,F,tombé,-8.094281,tombée,-9.049803,1
7379,S_NOUN_1_PASS_b,M,S,le cahier avec la tasse était utilisé <eos>,6,utilisé,utilisée,4,F,utilisé,-4.3969707,utilisée,-6.1872187,1
7380,S_NOUN_1_PASS_b,M,S,le cahier avec la bougie était acheté <eos>,6,acheté,achetée,4,F,acheté,-7.734745,achetée,-10.138123,1
7381,S_NOUN_1_PASS_b,M,S,le cahier avec la bougie était brisé <eos>,6,brisé,brisée,4,F,brisé,-7.559371,brisée,-10.743804,1
7382,S_NOUN_1_PASS_b,M,S,le cahier avec la bougie était caché <eos>,6,caché,cachée,4,F,caché,-7.269637,cachée,-10.684173,1
7383,S_NOUN_1_PASS_b,M,S,le cahier avec la bougie était cassé <eos>,6,cassé,cassée,4,F,cassé,-6.4851108,cassée,-10.152462,1
7384,S_NOUN_1_PASS_b,M,S,le cahier avec la bougie était couvert <eos>,6,couvert,couverte,4,F,couvert,-6.534583,couverte,-9.168687,1
7385,S_NOUN_1_PASS_b,M,S,le cahier avec la bougie était déformé <eos>,6,déformé,déformée,4,F,déformé,-10.432887,déformée,-12.006332,1
7386,S_NOUN_1_PASS_b,M,S,le cahier avec la bougie était fixé <eos>,6,fixé,fixée,4,F,fixé,-5.76313,fixée,-9.14328,1
7387,S_NOUN_1_PASS_b,M,S,le cahier avec la bougie était jeté <eos>,6,jeté,jetée,4,F,jeté,-8.341296,jetée,-11.547886,1
7388,S_NOUN_1_PASS_b,M,S,le cahier avec la bougie était laissé <eos>,6,laissé,laissée,4,F,laissé,-8.204137,laissée,-10.211267,1
7389,S_NOUN_1_PASS_b,M,S,le cahier avec la bougie était ouvert <eos>,6,ouvert,ouverte,4,F,ouvert,-7.1651278,ouverte,-9.270151,1
7390,S_NOUN_1_PASS_b,M,S,le cahier avec la bougie était perdu <eos>,6,perdu,perdue,4,F,perdu,-7.1789293,perdue,-8.9938135,1
7391,S_NOUN_1_PASS_b,M,S,le cahier avec la bougie était réparé <eos>,6,réparé,réparée,4,F,réparé,-9.942846,réparée,-12.652519,1
7392,S_NOUN_1_PASS_b,M,S,le cahier avec la bougie était retiré <eos>,6,retiré,retirée,4,F,retiré,-5.827236,retirée,-8.810167,1
7393,S_NOUN_1_PASS_b,M,S,le cahier avec la bougie était tombé <eos>,6,tombé,tombée,4,F,tombé,-7.6209536,tombée,-9.330862,1
7394,S_NOUN_1_PASS_b,M,S,le cahier avec la bougie était utilisé <eos>,6,utilisé,utilisée,4,F,utilisé,-4.389696,utilisée,-7.1623707,1
7395,S_NOUN_1_PASS_b,M,S,le cahier avec la pochette était acheté <eos>,6,acheté,achetée,4,F,acheté,-8.1299925,achetée,-8.725544,1
7396,S_NOUN_1_PASS_b,M,S,le cahier avec la pochette était brisé <eos>,6,brisé,brisée,4,F,brisé,-10.48167,brisée,-12.04359,1
7397,S_NOUN_1_PASS_b,M,S,le cahier avec la pochette était caché <eos>,6,caché,cachée,4,F,caché,-8.503574,cachée,-9.979749,1
7398,S_NOUN_1_PASS_b,M,S,le cahier avec la pochette était cassé <eos>,6,cassé,cassée,4,F,cassé,-8.275004,cassée,-10.366934,1
7399,S_NOUN_1_PASS_b,M,S,le cahier avec la pochette était couvert <eos>,6,couvert,couverte,4,F,couvert,-7.9962673,couverte,-9.366961,1
7400,S_NOUN_1_PASS_b,M,S,le cahier avec la pochette était déformé <eos>,6,déformé,déformée,4,F,déformé,-10.621624,déformée,-10.457657,0
7401,S_NOUN_1_PASS_b,M,S,le cahier avec la pochette était fixé <eos>,6,fixé,fixée,4,F,fixé,-7.027211,fixée,-7.8559923,1
7402,S_NOUN_1_PASS_b,M,S,le cahier avec la pochette était jeté <eos>,6,jeté,jetée,4,F,jeté,-10.077759,jetée,-12.566571,1
7403,S_NOUN_1_PASS_b,M,S,le cahier avec la pochette était laissé <eos>,6,laissé,laissée,4,F,laissé,-8.8833885,laissée,-9.6686325,1
7404,S_NOUN_1_PASS_b,M,S,le cahier avec la pochette était ouvert <eos>,6,ouvert,ouverte,4,F,ouvert,-9.16344,ouverte,-9.077597,0
7405,S_NOUN_1_PASS_b,M,S,le cahier avec la pochette était perdu <eos>,6,perdu,perdue,4,F,perdu,-8.216897,perdue,-10.211328,1
7406,S_NOUN_1_PASS_b,M,S,le cahier avec la pochette était réparé <eos>,6,réparé,réparée,4,F,réparé,-11.834341,réparée,-12.688806,1
7407,S_NOUN_1_PASS_b,M,S,le cahier avec la pochette était retiré <eos>,6,retiré,retirée,4,F,retiré,-6.190648,retirée,-7.936076,1
7408,S_NOUN_1_PASS_b,M,S,le cahier avec la pochette était tombé <eos>,6,tombé,tombée,4,F,tombé,-8.652239,tombée,-9.732715,1
7409,S_NOUN_1_PASS_b,M,S,le cahier avec la pochette était utilisé <eos>,6,utilisé,utilisée,4,F,utilisé,-6.7329187,utilisée,-7.5597258,1
7410,S_NOUN_1_PASS_b,M,S,le cahier avec la banane était acheté <eos>,6,acheté,achetée,4,F,acheté,-7.066923,achetée,-10.084864,1
7411,S_NOUN_1_PASS_b,M,S,le cahier avec la banane était brisé <eos>,6,brisé,brisée,4,F,brisé,-9.163665,brisée,-12.283988,1
7412,S_NOUN_1_PASS_b,M,S,le cahier avec la banane était caché <eos>,6,caché,cachée,4,F,caché,-8.710121,cachée,-11.934461,1
7413,S_NOUN_1_PASS_b,M,S,le cahier avec la banane était cassé <eos>,6,cassé,cassée,4,F,cassé,-7.67966,cassée,-11.091185,1
7414,S_NOUN_1_PASS_b,M,S,le cahier avec la banane était couvert <eos>,6,couvert,couverte,4,F,couvert,-6.7956195,couverte,-9.113564,1
7415,S_NOUN_1_PASS_b,M,S,le cahier avec la banane était déformé <eos>,6,déformé,déformée,4,F,déformé,-11.45063,déformée,-12.456785,1
7416,S_NOUN_1_PASS_b,M,S,le cahier avec la banane était fixé <eos>,6,fixé,fixée,4,F,fixé,-6.4273252,fixée,-9.109295,1
7417,S_NOUN_1_PASS_b,M,S,le cahier avec la banane était jeté <eos>,6,jeté,jetée,4,F,jeté,-8.049429,jetée,-11.411507,1
7418,S_NOUN_1_PASS_b,M,S,le cahier avec la banane était laissé <eos>,6,laissé,laissée,4,F,laissé,-8.793494,laissée,-10.389691,1
7419,S_NOUN_1_PASS_b,M,S,le cahier avec la banane était ouvert <eos>,6,ouvert,ouverte,4,F,ouvert,-7.251931,ouverte,-8.670581,1
7420,S_NOUN_1_PASS_b,M,S,le cahier avec la banane était perdu <eos>,6,perdu,perdue,4,F,perdu,-8.237443,perdue,-10.1400385,1
7421,S_NOUN_1_PASS_b,M,S,le cahier avec la banane était réparé <eos>,6,réparé,réparée,4,F,réparé,-9.825695,réparée,-13.838953,1
7422,S_NOUN_1_PASS_b,M,S,le cahier avec la banane était retiré <eos>,6,retiré,retirée,4,F,retiré,-6.111076,retirée,-9.820076,1
7423,S_NOUN_1_PASS_b,M,S,le cahier avec la banane était tombé <eos>,6,tombé,tombée,4,F,tombé,-7.2985535,tombée,-9.309579,1
7424,S_NOUN_1_PASS_b,M,S,le cahier avec la banane était utilisé <eos>,6,utilisé,utilisée,4,F,utilisé,-3.581426,utilisée,-6.2034464,1
7425,S_NOUN_1_PASS_b,M,S,le cahier avec la robe était acheté <eos>,6,acheté,achetée,4,F,acheté,-7.8375225,achetée,-9.055859,1
7426,S_NOUN_1_PASS_b,M,S,le cahier avec la robe était brisé <eos>,6,brisé,brisée,4,F,brisé,-10.166255,brisée,-11.538949,1
7427,S_NOUN_1_PASS_b,M,S,le cahier avec la robe était caché <eos>,6,caché,cachée,4,F,caché,-9.728496,cachée,-10.891565,1
7428,S_NOUN_1_PASS_b,M,S,le cahier avec la robe était cassé <eos>,6,cassé,cassée,4,F,cassé,-7.239009,cassée,-10.649204,1
7429,S_NOUN_1_PASS_b,M,S,le cahier avec la robe était couvert <eos>,6,couvert,couverte,4,F,couvert,-7.6603003,couverte,-8.072987,1
7430,S_NOUN_1_PASS_b,M,S,le cahier avec la robe était déformé <eos>,6,déformé,déformée,4,F,déformé,-10.725206,déformée,-10.797099,1
7431,S_NOUN_1_PASS_b,M,S,le cahier avec la robe était fixé <eos>,6,fixé,fixée,4,F,fixé,-5.622848,fixée,-6.9789968,1
7432,S_NOUN_1_PASS_b,M,S,le cahier avec la robe était jeté <eos>,6,jeté,jetée,4,F,jeté,-9.357083,jetée,-12.97154,1
7433,S_NOUN_1_PASS_b,M,S,le cahier avec la robe était laissé <eos>,6,laissé,laissée,4,F,laissé,-9.251174,laissée,-9.963317,1
7434,S_NOUN_1_PASS_b,M,S,le cahier avec la robe était ouvert <eos>,6,ouvert,ouverte,4,F,ouvert,-8.389666,ouverte,-8.447504,1
7435,S_NOUN_1_PASS_b,M,S,le cahier avec la robe était perdu <eos>,6,perdu,perdue,4,F,perdu,-8.974323,perdue,-10.384465,1
7436,S_NOUN_1_PASS_b,M,S,le cahier avec la robe était réparé <eos>,6,réparé,réparée,4,F,réparé,-12.849594,réparée,-12.957943,1
7437,S_NOUN_1_PASS_b,M,S,le cahier avec la robe était retiré <eos>,6,retiré,retirée,4,F,retiré,-5.964698,retirée,-8.481241,1
7438,S_NOUN_1_PASS_b,M,S,le cahier avec la robe était tombé <eos>,6,tombé,tombée,4,F,tombé,-8.793898,tombée,-9.189472,1
7439,S_NOUN_1_PASS_b,M,S,le cahier avec la robe était utilisé <eos>,6,utilisé,utilisée,4,F,utilisé,-5.2116876,utilisée,-6.442677,1
7440,S_NOUN_1_PASS_b,M,S,le cahier avec la valise était acheté <eos>,6,acheté,achetée,4,F,acheté,-5.657998,achetée,-8.523942,1
7441,S_NOUN_1_PASS_b,M,S,le cahier avec la valise était brisé <eos>,6,brisé,brisée,4,F,brisé,-7.148608,brisée,-9.534228,1
7442,S_NOUN_1_PASS_b,M,S,le cahier avec la valise était caché <eos>,6,caché,cachée,4,F,caché,-5.963393,cachée,-8.520721,1
7443,S_NOUN_1_PASS_b,M,S,le cahier avec la valise était cassé <eos>,6,cassé,cassée,4,F,cassé,-6.2590866,cassée,-7.9995823,1
7444,S_NOUN_1_PASS_b,M,S,le cahier avec la valise était couvert <eos>,6,couvert,couverte,4,F,couvert,-5.4379153,couverte,-8.151482,1
7445,S_NOUN_1_PASS_b,M,S,le cahier avec la valise était déformé <eos>,6,déformé,déformée,4,F,déformé,-10.442219,déformée,-11.438566,1
7446,S_NOUN_1_PASS_b,M,S,le cahier avec la valise était fixé <eos>,6,fixé,fixée,4,F,fixé,-7.1020393,fixée,-8.221594,1
7447,S_NOUN_1_PASS_b,M,S,le cahier avec la valise était jeté <eos>,6,jeté,jetée,4,F,jeté,-7.03518,jetée,-11.046378,1
7448,S_NOUN_1_PASS_b,M,S,le cahier avec la valise était laissé <eos>,6,laissé,laissée,4,F,laissé,-7.1970954,laissée,-8.634411,1
7449,S_NOUN_1_PASS_b,M,S,le cahier avec la valise était ouvert <eos>,6,ouvert,ouverte,4,F,ouvert,-6.592211,ouverte,-7.431054,1
7450,S_NOUN_1_PASS_b,M,S,le cahier avec la valise était perdu <eos>,6,perdu,perdue,4,F,perdu,-5.600878,perdue,-7.592366,1
7451,S_NOUN_1_PASS_b,M,S,le cahier avec la valise était réparé <eos>,6,réparé,réparée,4,F,réparé,-9.842039,réparée,-12.232036,1
7452,S_NOUN_1_PASS_b,M,S,le cahier avec la valise était retiré <eos>,6,retiré,retirée,4,F,retiré,-5.1786194,retirée,-7.398157,1
7453,S_NOUN_1_PASS_b,M,S,le cahier avec la valise était tombé <eos>,6,tombé,tombée,4,F,tombé,-7.2923717,tombée,-7.818061,1
7454,S_NOUN_1_PASS_b,M,S,le cahier avec la valise était utilisé <eos>,6,utilisé,utilisée,4,F,utilisé,-7.2188344,utilisée,-8.809847,1
7455,S_NOUN_1_PASS_b,M,S,le cahier avec la pendule était acheté <eos>,6,acheté,achetée,4,F,acheté,-8.931379,achetée,-9.598972,1
7456,S_NOUN_1_PASS_b,M,S,le cahier avec la pendule était brisé <eos>,6,brisé,brisée,4,F,brisé,-8.326477,brisée,-8.928827,1
7457,S_NOUN_1_PASS_b,M,S,le cahier avec la pendule était caché <eos>,6,caché,cachée,4,F,caché,-7.840557,cachée,-8.50836,1
7458,S_NOUN_1_PASS_b,M,S,le cahier avec la pendule était cassé <eos>,6,cassé,cassée,4,F,cassé,-6.587973,cassée,-7.2894263,1
7459,S_NOUN_1_PASS_b,M,S,le cahier avec la pendule était couvert <eos>,6,couvert,couverte,4,F,couvert,-6.483282,couverte,-7.52989,1
7460,S_NOUN_1_PASS_b,M,S,le cahier avec la pendule était déformé <eos>,6,déformé,déformée,4,F,déformé,-10.722356,déformée,-10.318038,0
7461,S_NOUN_1_PASS_b,M,S,le cahier avec la pendule était fixé <eos>,6,fixé,fixée,4,F,fixé,-4.613841,fixée,-5.572838,1
7462,S_NOUN_1_PASS_b,M,S,le cahier avec la pendule était jeté <eos>,6,jeté,jetée,4,F,jeté,-8.660522,jetée,-11.812386,1
7463,S_NOUN_1_PASS_b,M,S,le cahier avec la pendule était laissé <eos>,6,laissé,laissée,4,F,laissé,-9.140575,laissée,-9.39015,1
7464,S_NOUN_1_PASS_b,M,S,le cahier avec la pendule était ouvert <eos>,6,ouvert,ouverte,4,F,ouvert,-7.173277,ouverte,-7.8821,1
7465,S_NOUN_1_PASS_b,M,S,le cahier avec la pendule était perdu <eos>,6,perdu,perdue,4,F,perdu,-9.404512,perdue,-8.793919,0
7466,S_NOUN_1_PASS_b,M,S,le cahier avec la pendule était réparé <eos>,6,réparé,réparée,4,F,réparé,-10.994577,réparée,-10.992392,0
7467,S_NOUN_1_PASS_b,M,S,le cahier avec la pendule était retiré <eos>,6,retiré,retirée,4,F,retiré,-5.8579583,retirée,-8.139692,1
7468,S_NOUN_1_PASS_b,M,S,le cahier avec la pendule était tombé <eos>,6,tombé,tombée,4,F,tombé,-8.172713,tombée,-9.603449,1
7469,S_NOUN_1_PASS_b,M,S,le cahier avec la pendule était utilisé <eos>,6,utilisé,utilisée,4,F,utilisé,-5.054205,utilisée,-6.3238983,1
7470,S_NOUN_1_PASS_b,M,S,le cahier avec la cloche était acheté <eos>,6,acheté,achetée,4,F,acheté,-7.288399,achetée,-9.096279,1
7471,S_NOUN_1_PASS_b,M,S,le cahier avec la cloche était brisé <eos>,6,brisé,brisée,4,F,brisé,-8.123888,brisée,-10.354619,1
7472,S_NOUN_1_PASS_b,M,S,le cahier avec la cloche était caché <eos>,6,caché,cachée,4,F,caché,-7.3410964,cachée,-9.190071,1
7473,S_NOUN_1_PASS_b,M,S,le cahier avec la cloche était cassé <eos>,6,cassé,cassée,4,F,cassé,-7.492279,cassée,-9.477836,1
7474,S_NOUN_1_PASS_b,M,S,le cahier avec la cloche était couvert <eos>,6,couvert,couverte,4,F,couvert,-5.9862833,couverte,-8.932307,1
7475,S_NOUN_1_PASS_b,M,S,le cahier avec la cloche était déformé <eos>,6,déformé,déformée,4,F,déformé,-11.683163,déformée,-11.807163,1
7476,S_NOUN_1_PASS_b,M,S,le cahier avec la cloche était fixé <eos>,6,fixé,fixée,4,F,fixé,-6.323718,fixée,-8.399857,1
7477,S_NOUN_1_PASS_b,M,S,le cahier avec la cloche était jeté <eos>,6,jeté,jetée,4,F,jeté,-8.136062,jetée,-10.759018,1
7478,S_NOUN_1_PASS_b,M,S,le cahier avec la cloche était laissé <eos>,6,laissé,laissée,4,F,laissé,-8.1336155,laissée,-9.761737,1
7479,S_NOUN_1_PASS_b,M,S,le cahier avec la cloche était ouvert <eos>,6,ouvert,ouverte,4,F,ouvert,-7.4894047,ouverte,-8.773211,1
7480,S_NOUN_1_PASS_b,M,S,le cahier avec la cloche était perdu <eos>,6,perdu,perdue,4,F,perdu,-6.876883,perdue,-8.772623,1
7481,S_NOUN_1_PASS_b,M,S,le cahier avec la cloche était réparé <eos>,6,réparé,réparée,4,F,réparé,-8.9188385,réparée,-10.898388,1
7482,S_NOUN_1_PASS_b,M,S,le cahier avec la cloche était retiré <eos>,6,retiré,retirée,4,F,retiré,-5.7741385,retirée,-9.248414,1
7483,S_NOUN_1_PASS_b,M,S,le cahier avec la cloche était tombé <eos>,6,tombé,tombée,4,F,tombé,-7.0183153,tombée,-8.198782,1
7484,S_NOUN_1_PASS_b,M,S,le cahier avec la cloche était utilisé <eos>,6,utilisé,utilisée,4,F,utilisé,-5.576861,utilisée,-7.50728,1
7485,S_NOUN_1_PASS_b,M,S,le cahier avec la cerise était acheté <eos>,6,acheté,achetée,4,F,acheté,-7.4601765,achetée,-10.973071,1
7486,S_NOUN_1_PASS_b,M,S,le cahier avec la cerise était brisé <eos>,6,brisé,brisée,4,F,brisé,-9.710886,brisée,-13.588638,1
7487,S_NOUN_1_PASS_b,M,S,le cahier avec la cerise était caché <eos>,6,caché,cachée,4,F,caché,-8.961549,cachée,-12.937145,1
7488,S_NOUN_1_PASS_b,M,S,le cahier avec la cerise était cassé <eos>,6,cassé,cassée,4,F,cassé,-7.1551085,cassée,-11.742881,1
7489,S_NOUN_1_PASS_b,M,S,le cahier avec la cerise était couvert <eos>,6,couvert,couverte,4,F,couvert,-6.17549,couverte,-9.037532,1
7490,S_NOUN_1_PASS_b,M,S,le cahier avec la cerise était déformé <eos>,6,déformé,déformée,4,F,déformé,-10.926759,déformée,-12.994507,1
7491,S_NOUN_1_PASS_b,M,S,le cahier avec la cerise était fixé <eos>,6,fixé,fixée,4,F,fixé,-6.103605,fixée,-9.866476,1
7492,S_NOUN_1_PASS_b,M,S,le cahier avec la cerise était jeté <eos>,6,jeté,jetée,4,F,jeté,-9.460457,jetée,-12.933438,1
7493,S_NOUN_1_PASS_b,M,S,le cahier avec la cerise était laissé <eos>,6,laissé,laissée,4,F,laissé,-8.996054,laissée,-11.126946,1
7494,S_NOUN_1_PASS_b,M,S,le cahier avec la cerise était ouvert <eos>,6,ouvert,ouverte,4,F,ouvert,-7.9761615,ouverte,-10.399884,1
7495,S_NOUN_1_PASS_b,M,S,le cahier avec la cerise était perdu <eos>,6,perdu,perdue,4,F,perdu,-8.177943,perdue,-11.383655,1
7496,S_NOUN_1_PASS_b,M,S,le cahier avec la cerise était réparé <eos>,6,réparé,réparée,4,F,réparé,-11.69779,réparée,-15.436083,1
7497,S_NOUN_1_PASS_b,M,S,le cahier avec la cerise était retiré <eos>,6,retiré,retirée,4,F,retiré,-6.881801,retirée,-11.191652,1
7498,S_NOUN_1_PASS_b,M,S,le cahier avec la cerise était tombé <eos>,6,tombé,tombée,4,F,tombé,-7.8423557,tombée,-10.47124,1
7499,S_NOUN_1_PASS_b,M,S,le cahier avec la cerise était utilisé <eos>,6,utilisé,utilisée,4,F,utilisé,-4.0807147,utilisée,-6.932202,1
7500,S_NOUN_1_PASS_b,M,S,le micro avec la gemme était acheté <eos>,6,acheté,achetée,4,F,acheté,-9.467167,achetée,-10.957277,1
7501,S_NOUN_1_PASS_b,M,S,le micro avec la gemme était brisé <eos>,6,brisé,brisée,4,F,brisé,-8.192541,brisée,-10.306298,1
7502,S_NOUN_1_PASS_b,M,S,le micro avec la gemme était caché <eos>,6,caché,cachée,4,F,caché,-7.6024303,cachée,-9.602874,1
7503,S_NOUN_1_PASS_b,M,S,le micro avec la gemme était cassé <eos>,6,cassé,cassée,4,F,cassé,-6.8326626,cassée,-9.819698,1
7504,S_NOUN_1_PASS_b,M,S,le micro avec la gemme était couvert <eos>,6,couvert,couverte,4,F,couvert,-5.950487,couverte,-8.344563,1
7505,S_NOUN_1_PASS_b,M,S,le micro avec la gemme était déformé <eos>,6,déformé,déformée,4,F,déformé,-9.753021,déformée,-10.996259,1
7506,S_NOUN_1_PASS_b,M,S,le micro avec la gemme était fixé <eos>,6,fixé,fixée,4,F,fixé,-5.6015825,fixée,-7.4400787,1
7507,S_NOUN_1_PASS_b,M,S,le micro avec la gemme était jeté <eos>,6,jeté,jetée,4,F,jeté,-8.657643,jetée,-10.778546,1
7508,S_NOUN_1_PASS_b,M,S,le micro avec la gemme était laissé <eos>,6,laissé,laissée,4,F,laissé,-9.001307,laissée,-9.567993,1
7509,S_NOUN_1_PASS_b,M,S,le micro avec la gemme était ouvert <eos>,6,ouvert,ouverte,4,F,ouvert,-6.999216,ouverte,-8.682291,1
7510,S_NOUN_1_PASS_b,M,S,le micro avec la gemme était perdu <eos>,6,perdu,perdue,4,F,perdu,-9.679709,perdue,-11.722832,1
7511,S_NOUN_1_PASS_b,M,S,le micro avec la gemme était réparé <eos>,6,réparé,réparée,4,F,réparé,-10.945147,réparée,-12.40778,1
7512,S_NOUN_1_PASS_b,M,S,le micro avec la gemme était retiré <eos>,6,retiré,retirée,4,F,retiré,-7.7063427,retirée,-11.209175,1
7513,S_NOUN_1_PASS_b,M,S,le micro avec la gemme était tombé <eos>,6,tombé,tombée,4,F,tombé,-8.2976265,tombée,-10.2595215,1
7514,S_NOUN_1_PASS_b,M,S,le micro avec la gemme était utilisé <eos>,6,utilisé,utilisée,4,F,utilisé,-3.6300862,utilisée,-6.163806,1
7515,S_NOUN_1_PASS_b,M,S,le micro avec la chaise était acheté <eos>,6,acheté,achetée,4,F,acheté,-9.862801,achetée,-10.600108,1
7516,S_NOUN_1_PASS_b,M,S,le micro avec la chaise était brisé <eos>,6,brisé,brisée,4,F,brisé,-8.524569,brisée,-9.824204,1
7517,S_NOUN_1_PASS_b,M,S,le micro avec la chaise était caché <eos>,6,caché,cachée,4,F,caché,-8.134253,cachée,-9.609115,1
7518,S_NOUN_1_PASS_b,M,S,le micro avec la chaise était cassé <eos>,6,cassé,cassée,4,F,cassé,-6.769615,cassée,-8.5316515,1
7519,S_NOUN_1_PASS_b,M,S,le micro avec la chaise était couvert <eos>,6,couvert,couverte,4,F,couvert,-5.358506,couverte,-7.1840963,1
7520,S_NOUN_1_PASS_b,M,S,le micro avec la chaise était déformé <eos>,6,déformé,déformée,4,F,déformé,-10.320056,déformée,-10.346205,1
7521,S_NOUN_1_PASS_b,M,S,le micro avec la chaise était fixé <eos>,6,fixé,fixée,4,F,fixé,-6.991074,fixée,-7.6449533,1
7522,S_NOUN_1_PASS_b,M,S,le micro avec la chaise était jeté <eos>,6,jeté,jetée,4,F,jeté,-7.9478703,jetée,-10.390463,1
7523,S_NOUN_1_PASS_b,M,S,le micro avec la chaise était laissé <eos>,6,laissé,laissée,4,F,laissé,-8.864166,laissée,-9.559778,1
7524,S_NOUN_1_PASS_b,M,S,le micro avec la chaise était ouvert <eos>,6,ouvert,ouverte,4,F,ouvert,-6.020688,ouverte,-7.007354,1
7525,S_NOUN_1_PASS_b,M,S,le micro avec la chaise était perdu <eos>,6,perdu,perdue,4,F,perdu,-9.204596,perdue,-10.920248,1
7526,S_NOUN_1_PASS_b,M,S,le micro avec la chaise était réparé <eos>,6,réparé,réparée,4,F,réparé,-10.491319,réparée,-10.63872,1
7527,S_NOUN_1_PASS_b,M,S,le micro avec la chaise était retiré <eos>,6,retiré,retirée,4,F,retiré,-8.03792,retirée,-10.482382,1
7528,S_NOUN_1_PASS_b,M,S,le micro avec la chaise était tombé <eos>,6,tombé,tombée,4,F,tombé,-7.7484803,tombée,-9.328938,1
7529,S_NOUN_1_PASS_b,M,S,le micro avec la chaise était utilisé <eos>,6,utilisé,utilisée,4,F,utilisé,-4.3729734,utilisée,-6.0474977,1
7530,S_NOUN_1_PASS_b,M,S,le micro avec la poubelle était acheté <eos>,6,acheté,achetée,4,F,acheté,-8.840318,achetée,-10.645787,1
7531,S_NOUN_1_PASS_b,M,S,le micro avec la poubelle était brisé <eos>,6,brisé,brisée,4,F,brisé,-7.86645,brisée,-10.712776,1
7532,S_NOUN_1_PASS_b,M,S,le micro avec la poubelle était caché <eos>,6,caché,cachée,4,F,caché,-7.3576736,cachée,-10.035585,1
7533,S_NOUN_1_PASS_b,M,S,le micro avec la poubelle était cassé <eos>,6,cassé,cassée,4,F,cassé,-6.7763243,cassée,-9.633709,1
7534,S_NOUN_1_PASS_b,M,S,le micro avec la poubelle était couvert <eos>,6,couvert,couverte,4,F,couvert,-5.9532824,couverte,-8.385196,1
7535,S_NOUN_1_PASS_b,M,S,le micro avec la poubelle était déformé <eos>,6,déformé,déformée,4,F,déformé,-9.155962,déformée,-10.849373,1
7536,S_NOUN_1_PASS_b,M,S,le micro avec la poubelle était fixé <eos>,6,fixé,fixée,4,F,fixé,-7.1571274,fixée,-8.859116,1
7537,S_NOUN_1_PASS_b,M,S,le micro avec la poubelle était jeté <eos>,6,jeté,jetée,4,F,jeté,-7.011728,jetée,-9.43955,1
7538,S_NOUN_1_PASS_b,M,S,le micro avec la poubelle était laissé <eos>,6,laissé,laissée,4,F,laissé,-7.693452,laissée,-9.444059,1
7539,S_NOUN_1_PASS_b,M,S,le micro avec la poubelle était ouvert <eos>,6,ouvert,ouverte,4,F,ouvert,-5.834029,ouverte,-8.058385,1
7540,S_NOUN_1_PASS_b,M,S,le micro avec la poubelle était perdu <eos>,6,perdu,perdue,4,F,perdu,-7.9063683,perdue,-10.886148,1
7541,S_NOUN_1_PASS_b,M,S,le micro avec la poubelle était réparé <eos>,6,réparé,réparée,4,F,réparé,-9.682203,réparée,-11.436213,1
7542,S_NOUN_1_PASS_b,M,S,le micro avec la poubelle était retiré <eos>,6,retiré,retirée,4,F,retiré,-7.40187,retirée,-10.585047,1
7543,S_NOUN_1_PASS_b,M,S,le micro avec la poubelle était tombé <eos>,6,tombé,tombée,4,F,tombé,-7.517762,tombée,-8.881769,1
7544,S_NOUN_1_PASS_b,M,S,le micro avec la poubelle était utilisé <eos>,6,utilisé,utilisée,4,F,utilisé,-4.4366984,utilisée,-7.2346835,1
7545,S_NOUN_1_PASS_b,M,S,le micro avec la chemise était acheté <eos>,6,acheté,achetée,4,F,acheté,-9.4876,achetée,-11.170618,1
7546,S_NOUN_1_PASS_b,M,S,le micro avec la chemise était brisé <eos>,6,brisé,brisée,4,F,brisé,-8.47327,brisée,-10.807378,1
7547,S_NOUN_1_PASS_b,M,S,le micro avec la chemise était caché <eos>,6,caché,cachée,4,F,caché,-8.340523,cachée,-10.261416,1
7548,S_NOUN_1_PASS_b,M,S,le micro avec la chemise était cassé <eos>,6,cassé,cassée,4,F,cassé,-6.3046074,cassée,-10.104675,1
7549,S_NOUN_1_PASS_b,M,S,le micro avec la chemise était couvert <eos>,6,couvert,couverte,4,F,couvert,-5.2351646,couverte,-7.4109907,1
7550,S_NOUN_1_PASS_b,M,S,le micro avec la chemise était déformé <eos>,6,déformé,déformée,4,F,déformé,-10.248599,déformée,-10.6628475,1
7551,S_NOUN_1_PASS_b,M,S,le micro avec la chemise était fixé <eos>,6,fixé,fixée,4,F,fixé,-6.0554805,fixée,-7.95237,1
7552,S_NOUN_1_PASS_b,M,S,le micro avec la chemise était jeté <eos>,6,jeté,jetée,4,F,jeté,-7.8461514,jetée,-11.212158,1
7553,S_NOUN_1_PASS_b,M,S,le micro avec la chemise était laissé <eos>,6,laissé,laissée,4,F,laissé,-8.577456,laissée,-10.190977,1
7554,S_NOUN_1_PASS_b,M,S,le micro avec la chemise était ouvert <eos>,6,ouvert,ouverte,4,F,ouvert,-6.622266,ouverte,-7.5111313,1
7555,S_NOUN_1_PASS_b,M,S,le micro avec la chemise était perdu <eos>,6,perdu,perdue,4,F,perdu,-9.19561,perdue,-11.988932,1
7556,S_NOUN_1_PASS_b,M,S,le micro avec la chemise était réparé <eos>,6,réparé,réparée,4,F,réparé,-11.5499525,réparée,-11.940011,1
7557,S_NOUN_1_PASS_b,M,S,le micro avec la chemise était retiré <eos>,6,retiré,retirée,4,F,retiré,-7.070409,retirée,-10.773355,1
7558,S_NOUN_1_PASS_b,M,S,le micro avec la chemise était tombé <eos>,6,tombé,tombée,4,F,tombé,-8.029263,tombée,-9.304865,1
7559,S_NOUN_1_PASS_b,M,S,le micro avec la chemise était utilisé <eos>,6,utilisé,utilisée,4,F,utilisé,-4.1875076,utilisée,-6.3698273,1
7560,S_NOUN_1_PASS_b,M,S,le micro avec la recette était acheté <eos>,6,acheté,achetée,4,F,acheté,-10.241777,achetée,-11.62034,1
7561,S_NOUN_1_PASS_b,M,S,le micro avec la recette était brisé <eos>,6,brisé,brisée,4,F,brisé,-9.093555,brisée,-11.608354,1
7562,S_NOUN_1_PASS_b,M,S,le micro avec la recette était caché <eos>,6,caché,cachée,4,F,caché,-8.682493,cachée,-10.642571,1
7563,S_NOUN_1_PASS_b,M,S,le micro avec la recette était cassé <eos>,6,cassé,cassée,4,F,cassé,-8.801575,cassée,-10.289557,1
7564,S_NOUN_1_PASS_b,M,S,le micro avec la recette était couvert <eos>,6,couvert,couverte,4,F,couvert,-7.152363,couverte,-9.746925,1
7565,S_NOUN_1_PASS_b,M,S,le micro avec la recette était déformé <eos>,6,déformé,déformée,4,F,déformé,-11.801311,déformée,-11.520734,0
7566,S_NOUN_1_PASS_b,M,S,le micro avec la recette était fixé <eos>,6,fixé,fixée,4,F,fixé,-7.1742144,fixée,-7.565853,1
7567,S_NOUN_1_PASS_b,M,S,le micro avec la recette était jeté <eos>,6,jeté,jetée,4,F,jeté,-10.045794,jetée,-11.675059,1
7568,S_NOUN_1_PASS_b,M,S,le micro avec la recette était laissé <eos>,6,laissé,laissée,4,F,laissé,-9.725444,laissée,-10.348326,1
7569,S_NOUN_1_PASS_b,M,S,le micro avec la recette était ouvert <eos>,6,ouvert,ouverte,4,F,ouvert,-7.872411,ouverte,-9.055391,1
7570,S_NOUN_1_PASS_b,M,S,le micro avec la recette était perdu <eos>,6,perdu,perdue,4,F,perdu,-9.656442,perdue,-10.188693,1
7571,S_NOUN_1_PASS_b,M,S,le micro avec la recette était réparé <eos>,6,réparé,réparée,4,F,réparé,-12.256961,réparée,-13.30807,1
7572,S_NOUN_1_PASS_b,M,S,le micro avec la recette était retiré <eos>,6,retiré,retirée,4,F,retiré,-8.894671,retirée,-11.422902,1
7573,S_NOUN_1_PASS_b,M,S,le micro avec la recette était tombé <eos>,6,tombé,tombée,4,F,tombé,-8.184946,tombée,-9.557749,1
7574,S_NOUN_1_PASS_b,M,S,le micro avec la recette était utilisé <eos>,6,utilisé,utilisée,4,F,utilisé,-5.923784,utilisée,-7.457044,1
7575,S_NOUN_1_PASS_b,M,S,le micro avec la jupe était acheté <eos>,6,acheté,achetée,4,F,acheté,-10.839262,achetée,-11.302535,1
7576,S_NOUN_1_PASS_b,M,S,le micro avec la jupe était brisé <eos>,6,brisé,brisée,4,F,brisé,-8.5160055,brisée,-9.541981,1
7577,S_NOUN_1_PASS_b,M,S,le micro avec la jupe était caché <eos>,6,caché,cachée,4,F,caché,-8.970099,cachée,-9.002781,1
7578,S_NOUN_1_PASS_b,M,S,le micro avec la jupe était cassé <eos>,6,cassé,cassée,4,F,cassé,-6.064519,cassée,-8.088711,1
7579,S_NOUN_1_PASS_b,M,S,le micro avec la jupe était couvert <eos>,6,couvert,couverte,4,F,couvert,-5.9245176,couverte,-6.9994497,1
7580,S_NOUN_1_PASS_b,M,S,le micro avec la jupe était déformé <eos>,6,déformé,déformée,4,F,déformé,-10.571854,déformée,-9.206389,0
7581,S_NOUN_1_PASS_b,M,S,le micro avec la jupe était fixé <eos>,6,fixé,fixée,4,F,fixé,-6.603263,fixée,-6.9855757,1
7582,S_NOUN_1_PASS_b,M,S,le micro avec la jupe était jeté <eos>,6,jeté,jetée,4,F,jeté,-9.169159,jetée,-11.2045145,1
7583,S_NOUN_1_PASS_b,M,S,le micro avec la jupe était laissé <eos>,6,laissé,laissée,4,F,laissé,-9.265757,laissée,-9.6351,1
7584,S_NOUN_1_PASS_b,M,S,le micro avec la jupe était ouvert <eos>,6,ouvert,ouverte,4,F,ouvert,-6.8627214,ouverte,-6.5018663,0
7585,S_NOUN_1_PASS_b,M,S,le micro avec la jupe était perdu <eos>,6,perdu,perdue,4,F,perdu,-10.087796,perdue,-11.192491,1
7586,S_NOUN_1_PASS_b,M,S,le micro avec la jupe était réparé <eos>,6,réparé,réparée,4,F,réparé,-12.084488,réparée,-10.769026,0
7587,S_NOUN_1_PASS_b,M,S,le micro avec la jupe était retiré <eos>,6,retiré,retirée,4,F,retiré,-8.574238,retirée,-10.214012,1
7588,S_NOUN_1_PASS_b,M,S,le micro avec la jupe était tombé <eos>,6,tombé,tombée,4,F,tombé,-8.515188,tombée,-9.314014,1
7589,S_NOUN_1_PASS_b,M,S,le micro avec la jupe était utilisé <eos>,6,utilisé,utilisée,4,F,utilisé,-5.81386,utilisée,-6.486433,1
7590,S_NOUN_1_PASS_b,M,S,le micro avec la colle était acheté <eos>,6,acheté,achetée,4,F,acheté,-9.197056,achetée,-10.897899,1
7591,S_NOUN_1_PASS_b,M,S,le micro avec la colle était brisé <eos>,6,brisé,brisée,4,F,brisé,-8.239639,brisée,-10.938194,1
7592,S_NOUN_1_PASS_b,M,S,le micro avec la colle était caché <eos>,6,caché,cachée,4,F,caché,-7.7249966,cachée,-9.742474,1
7593,S_NOUN_1_PASS_b,M,S,le micro avec la colle était cassé <eos>,6,cassé,cassée,4,F,cassé,-7.3524694,cassée,-9.92415,1
7594,S_NOUN_1_PASS_b,M,S,le micro avec la colle était couvert <eos>,6,couvert,couverte,4,F,couvert,-6.2896657,couverte,-8.481279,1
7595,S_NOUN_1_PASS_b,M,S,le micro avec la colle était déformé <eos>,6,déformé,déformée,4,F,déformé,-9.604524,déformée,-10.887959,1
7596,S_NOUN_1_PASS_b,M,S,le micro avec la colle était fixé <eos>,6,fixé,fixée,4,F,fixé,-6.117461,fixée,-8.054366,1
7597,S_NOUN_1_PASS_b,M,S,le micro avec la colle était jeté <eos>,6,jeté,jetée,4,F,jeté,-8.303711,jetée,-11.101067,1
7598,S_NOUN_1_PASS_b,M,S,le micro avec la colle était laissé <eos>,6,laissé,laissée,4,F,laissé,-8.831941,laissée,-9.671288,1
7599,S_NOUN_1_PASS_b,M,S,le micro avec la colle était ouvert <eos>,6,ouvert,ouverte,4,F,ouvert,-7.157599,ouverte,-8.506369,1
7600,S_NOUN_1_PASS_b,M,S,le micro avec la colle était perdu <eos>,6,perdu,perdue,4,F,perdu,-9.264898,perdue,-10.568435,1
7601,S_NOUN_1_PASS_b,M,S,le micro avec la colle était réparé <eos>,6,réparé,réparée,4,F,réparé,-10.832337,réparée,-12.861544,1
7602,S_NOUN_1_PASS_b,M,S,le micro avec la colle était retiré <eos>,6,retiré,retirée,4,F,retiré,-6.9127326,retirée,-10.423534,1
7603,S_NOUN_1_PASS_b,M,S,le micro avec la colle était tombé <eos>,6,tombé,tombée,4,F,tombé,-7.49709,tombée,-9.312,1
7604,S_NOUN_1_PASS_b,M,S,le micro avec la colle était utilisé <eos>,6,utilisé,utilisée,4,F,utilisé,-3.7536106,utilisée,-6.291875,1
7605,S_NOUN_1_PASS_b,M,S,le micro avec la lampe était acheté <eos>,6,acheté,achetée,4,F,acheté,-10.495153,achetée,-10.34474,0
7606,S_NOUN_1_PASS_b,M,S,le micro avec la lampe était brisé <eos>,6,brisé,brisée,4,F,brisé,-7.5213685,brisée,-9.367593,1
7607,S_NOUN_1_PASS_b,M,S,le micro avec la lampe était caché <eos>,6,caché,cachée,4,F,caché,-7.834302,cachée,-9.039736,1
7608,S_NOUN_1_PASS_b,M,S,le micro avec la lampe était cassé <eos>,6,cassé,cassée,4,F,cassé,-7.5935006,cassée,-8.716803,1
7609,S_NOUN_1_PASS_b,M,S,le micro avec la lampe était couvert <eos>,6,couvert,couverte,4,F,couvert,-6.415354,couverte,-8.19935,1
7610,S_NOUN_1_PASS_b,M,S,le micro avec la lampe était déformé <eos>,6,déformé,déformée,4,F,déformé,-10.7183075,déformée,-10.51672,0
7611,S_NOUN_1_PASS_b,M,S,le micro avec la lampe était fixé <eos>,6,fixé,fixée,4,F,fixé,-6.4858036,fixée,-7.533208,1
7612,S_NOUN_1_PASS_b,M,S,le micro avec la lampe était jeté <eos>,6,jeté,jetée,4,F,jeté,-8.541606,jetée,-9.639045,1
7613,S_NOUN_1_PASS_b,M,S,le micro avec la lampe était laissé <eos>,6,laissé,laissée,4,F,laissé,-9.379515,laissée,-9.344917,0
7614,S_NOUN_1_PASS_b,M,S,le micro avec la lampe était ouvert <eos>,6,ouvert,ouverte,4,F,ouvert,-6.8550377,ouverte,-7.685443,1
7615,S_NOUN_1_PASS_b,M,S,le micro avec la lampe était perdu <eos>,6,perdu,perdue,4,F,perdu,-9.705837,perdue,-10.356756,1
7616,S_NOUN_1_PASS_b,M,S,le micro avec la lampe était réparé <eos>,6,réparé,réparée,4,F,réparé,-10.73991,réparée,-11.412746,1
7617,S_NOUN_1_PASS_b,M,S,le micro avec la lampe était retiré <eos>,6,retiré,retirée,4,F,retiré,-8.377836,retirée,-9.999173,1
7618,S_NOUN_1_PASS_b,M,S,le micro avec la lampe était tombé <eos>,6,tombé,tombée,4,F,tombé,-7.931429,tombée,-8.910098,1
7619,S_NOUN_1_PASS_b,M,S,le micro avec la lampe était utilisé <eos>,6,utilisé,utilisée,4,F,utilisé,-4.958171,utilisée,-6.4950285,1
7620,S_NOUN_1_PASS_b,M,S,le micro avec la bouteille était acheté <eos>,6,acheté,achetée,4,F,acheté,-9.388056,achetée,-10.94616,1
7621,S_NOUN_1_PASS_b,M,S,le micro avec la bouteille était brisé <eos>,6,brisé,brisée,4,F,brisé,-7.4584103,brisée,-9.858351,1
7622,S_NOUN_1_PASS_b,M,S,le micro avec la bouteille était caché <eos>,6,caché,cachée,4,F,caché,-7.2192564,cachée,-9.110663,1
7623,S_NOUN_1_PASS_b,M,S,le micro avec la bouteille était cassé <eos>,6,cassé,cassée,4,F,cassé,-6.0094795,cassée,-8.446137,1
7624,S_NOUN_1_PASS_b,M,S,le micro avec la bouteille était couvert <eos>,6,couvert,couverte,4,F,couvert,-5.51499,couverte,-8.280766,1
7625,S_NOUN_1_PASS_b,M,S,le micro avec la bouteille était déformé <eos>,6,déformé,déformée,4,F,déformé,-9.909103,déformée,-10.195854,1
7626,S_NOUN_1_PASS_b,M,S,le micro avec la bouteille était fixé <eos>,6,fixé,fixée,4,F,fixé,-5.8139825,fixée,-7.754047,1
7627,S_NOUN_1_PASS_b,M,S,le micro avec la bouteille était jeté <eos>,6,jeté,jetée,4,F,jeté,-7.6650753,jetée,-9.503867,1
7628,S_NOUN_1_PASS_b,M,S,le micro avec la bouteille était laissé <eos>,6,laissé,laissée,4,F,laissé,-8.317671,laissée,-8.913258,1
7629,S_NOUN_1_PASS_b,M,S,le micro avec la bouteille était ouvert <eos>,6,ouvert,ouverte,4,F,ouvert,-6.1929073,ouverte,-7.751857,1
7630,S_NOUN_1_PASS_b,M,S,le micro avec la bouteille était perdu <eos>,6,perdu,perdue,4,F,perdu,-8.517779,perdue,-10.500724,1
7631,S_NOUN_1_PASS_b,M,S,le micro avec la bouteille était réparé <eos>,6,réparé,réparée,4,F,réparé,-10.443699,réparée,-12.057192,1
7632,S_NOUN_1_PASS_b,M,S,le micro avec la bouteille était retiré <eos>,6,retiré,retirée,4,F,retiré,-7.157442,retirée,-9.988632,1
7633,S_NOUN_1_PASS_b,M,S,le micro avec la bouteille était tombé <eos>,6,tombé,tombée,4,F,tombé,-7.7430077,tombée,-9.179492,1
7634,S_NOUN_1_PASS_b,M,S,le micro avec la bouteille était utilisé <eos>,6,utilisé,utilisée,4,F,utilisé,-4.822282,utilisée,-6.9058876,1
7635,S_NOUN_1_PASS_b,M,S,le micro avec la boisson était acheté <eos>,6,acheté,achetée,4,F,acheté,-9.574538,achetée,-10.433382,1
7636,S_NOUN_1_PASS_b,M,S,le micro avec la boisson était brisé <eos>,6,brisé,brisée,4,F,brisé,-10.710999,brisée,-11.854074,1
7637,S_NOUN_1_PASS_b,M,S,le micro avec la boisson était caché <eos>,6,caché,cachée,4,F,caché,-9.703361,cachée,-10.882349,1
7638,S_NOUN_1_PASS_b,M,S,le micro avec la boisson était cassé <eos>,6,cassé,cassée,4,F,cassé,-8.3446865,cassée,-10.511277,1
7639,S_NOUN_1_PASS_b,M,S,le micro avec la boisson était couvert <eos>,6,couvert,couverte,4,F,couvert,-7.7416935,couverte,-9.352038,1
7640,S_NOUN_1_PASS_b,M,S,le micro avec la boisson était déformé <eos>,6,déformé,déformée,4,F,déformé,-11.097295,déformée,-11.766712,1
7641,S_NOUN_1_PASS_b,M,S,le micro avec la boisson était fixé <eos>,6,fixé,fixée,4,F,fixé,-8.0983515,fixée,-8.992176,1
7642,S_NOUN_1_PASS_b,M,S,le micro avec la boisson était jeté <eos>,6,jeté,jetée,4,F,jeté,-9.178511,jetée,-10.897621,1
7643,S_NOUN_1_PASS_b,M,S,le micro avec la boisson était laissé <eos>,6,laissé,laissée,4,F,laissé,-10.0201645,laissée,-10.164045,1
7644,S_NOUN_1_PASS_b,M,S,le micro avec la boisson était ouvert <eos>,6,ouvert,ouverte,4,F,ouvert,-8.387618,ouverte,-8.879607,1
7645,S_NOUN_1_PASS_b,M,S,le micro avec la boisson était perdu <eos>,6,perdu,perdue,4,F,perdu,-10.059544,perdue,-10.982086,1
7646,S_NOUN_1_PASS_b,M,S,le micro avec la boisson était réparé <eos>,6,réparé,réparée,4,F,réparé,-11.9246435,réparée,-13.663665,1
7647,S_NOUN_1_PASS_b,M,S,le micro avec la boisson était retiré <eos>,6,retiré,retirée,4,F,retiré,-8.074274,retirée,-10.664696,1
7648,S_NOUN_1_PASS_b,M,S,le micro avec la boisson était tombé <eos>,6,tombé,tombée,4,F,tombé,-8.039599,tombée,-8.660237,1
7649,S_NOUN_1_PASS_b,M,S,le micro avec la boisson était utilisé <eos>,6,utilisé,utilisée,4,F,utilisé,-4.534266,utilisée,-5.9619393,1
7650,S_NOUN_1_PASS_b,M,S,le micro avec la pomme était acheté <eos>,6,acheté,achetée,4,F,acheté,-9.594621,achetée,-11.68134,1
7651,S_NOUN_1_PASS_b,M,S,le micro avec la pomme était brisé <eos>,6,brisé,brisée,4,F,brisé,-7.8833103,brisée,-11.153953,1
7652,S_NOUN_1_PASS_b,M,S,le micro avec la pomme était caché <eos>,6,caché,cachée,4,F,caché,-7.8698797,cachée,-11.035675,1
7653,S_NOUN_1_PASS_b,M,S,le micro avec la pomme était cassé <eos>,6,cassé,cassée,4,F,cassé,-7.1353664,cassée,-10.110724,1
7654,S_NOUN_1_PASS_b,M,S,le micro avec la pomme était couvert <eos>,6,couvert,couverte,4,F,couvert,-5.857361,couverte,-8.679014,1
7655,S_NOUN_1_PASS_b,M,S,le micro avec la pomme était déformé <eos>,6,déformé,déformée,4,F,déformé,-10.444942,déformée,-11.422533,1
7656,S_NOUN_1_PASS_b,M,S,le micro avec la pomme était fixé <eos>,6,fixé,fixée,4,F,fixé,-7.0850987,fixée,-9.317617,1
7657,S_NOUN_1_PASS_b,M,S,le micro avec la pomme était jeté <eos>,6,jeté,jetée,4,F,jeté,-8.253359,jetée,-10.789604,1
7658,S_NOUN_1_PASS_b,M,S,le micro avec la pomme était laissé <eos>,6,laissé,laissée,4,F,laissé,-9.321104,laissée,-10.138073,1
7659,S_NOUN_1_PASS_b,M,S,le micro avec la pomme était ouvert <eos>,6,ouvert,ouverte,4,F,ouvert,-6.6349325,ouverte,-8.702858,1
7660,S_NOUN_1_PASS_b,M,S,le micro avec la pomme était perdu <eos>,6,perdu,perdue,4,F,perdu,-9.466484,perdue,-11.414692,1
7661,S_NOUN_1_PASS_b,M,S,le micro avec la pomme était réparé <eos>,6,réparé,réparée,4,F,réparé,-10.50634,réparée,-13.305355,1
7662,S_NOUN_1_PASS_b,M,S,le micro avec la pomme était retiré <eos>,6,retiré,retirée,4,F,retiré,-7.745431,retirée,-11.589013,1
7663,S_NOUN_1_PASS_b,M,S,le micro avec la pomme était tombé <eos>,6,tombé,tombée,4,F,tombé,-7.246161,tombée,-9.437098,1
7664,S_NOUN_1_PASS_b,M,S,le micro avec la pomme était utilisé <eos>,6,utilisé,utilisée,4,F,utilisé,-4.4355135,utilisée,-7.0686636,1
7665,S_NOUN_1_PASS_b,M,S,le micro avec la tasse était acheté <eos>,6,acheté,achetée,4,F,acheté,-8.581585,achetée,-10.203717,1
7666,S_NOUN_1_PASS_b,M,S,le micro avec la tasse était brisé <eos>,6,brisé,brisée,4,F,brisé,-7.936805,brisée,-11.150063,1
7667,S_NOUN_1_PASS_b,M,S,le micro avec la tasse était caché <eos>,6,caché,cachée,4,F,caché,-6.999376,cachée,-9.9837265,1
7668,S_NOUN_1_PASS_b,M,S,le micro avec la tasse était cassé <eos>,6,cassé,cassée,4,F,cassé,-6.1131926,cassée,-9.47231,1
7669,S_NOUN_1_PASS_b,M,S,le micro avec la tasse était couvert <eos>,6,couvert,couverte,4,F,couvert,-5.9596753,couverte,-8.717712,1
7670,S_NOUN_1_PASS_b,M,S,le micro avec la tasse était déformé <eos>,6,déformé,déformée,4,F,déformé,-10.180851,déformée,-10.685067,1
7671,S_NOUN_1_PASS_b,M,S,le micro avec la tasse était fixé <eos>,6,fixé,fixée,4,F,fixé,-6.518341,fixée,-8.35039,1
7672,S_NOUN_1_PASS_b,M,S,le micro avec la tasse était jeté <eos>,6,jeté,jetée,4,F,jeté,-7.2315693,jetée,-9.978102,1
7673,S_NOUN_1_PASS_b,M,S,le micro avec la tasse était laissé <eos>,6,laissé,laissée,4,F,laissé,-8.418846,laissée,-9.093901,1
7674,S_NOUN_1_PASS_b,M,S,le micro avec la tasse était ouvert <eos>,6,ouvert,ouverte,4,F,ouvert,-6.0110445,ouverte,-7.4125175,1
7675,S_NOUN_1_PASS_b,M,S,le micro avec la tasse était perdu <eos>,6,perdu,perdue,4,F,perdu,-8.902545,perdue,-10.848616,1
7676,S_NOUN_1_PASS_b,M,S,le micro avec la tasse était réparé <eos>,6,réparé,réparée,4,F,réparé,-10.541601,réparée,-12.55476,1
7677,S_NOUN_1_PASS_b,M,S,le micro avec la tasse était retiré <eos>,6,retiré,retirée,4,F,retiré,-6.499099,retirée,-9.813008,1
7678,S_NOUN_1_PASS_b,M,S,le micro avec la tasse était tombé <eos>,6,tombé,tombée,4,F,tombé,-7.8847337,tombée,-9.27998,1
7679,S_NOUN_1_PASS_b,M,S,le micro avec la tasse était utilisé <eos>,6,utilisé,utilisée,4,F,utilisé,-3.7940667,utilisée,-5.7548294,1
7680,S_NOUN_1_PASS_b,M,S,le micro avec la bougie était acheté <eos>,6,acheté,achetée,4,F,acheté,-10.141075,achetée,-11.831884,1
7681,S_NOUN_1_PASS_b,M,S,le micro avec la bougie était brisé <eos>,6,brisé,brisée,4,F,brisé,-7.7217364,brisée,-10.851141,1
7682,S_NOUN_1_PASS_b,M,S,le micro avec la bougie était caché <eos>,6,caché,cachée,4,F,caché,-7.6109138,cachée,-10.887316,1
7683,S_NOUN_1_PASS_b,M,S,le micro avec la bougie était cassé <eos>,6,cassé,cassée,4,F,cassé,-6.195119,cassée,-9.710014,1
7684,S_NOUN_1_PASS_b,M,S,le micro avec la bougie était couvert <eos>,6,couvert,couverte,4,F,couvert,-6.3569565,couverte,-9.5108385,1
7685,S_NOUN_1_PASS_b,M,S,le micro avec la bougie était déformé <eos>,6,déformé,déformée,4,F,déformé,-10.874073,déformée,-11.554346,1
7686,S_NOUN_1_PASS_b,M,S,le micro avec la bougie était fixé <eos>,6,fixé,fixée,4,F,fixé,-6.4908886,fixée,-8.917534,1
7687,S_NOUN_1_PASS_b,M,S,le micro avec la bougie était jeté <eos>,6,jeté,jetée,4,F,jeté,-8.49455,jetée,-10.976166,1
7688,S_NOUN_1_PASS_b,M,S,le micro avec la bougie était laissé <eos>,6,laissé,laissée,4,F,laissé,-8.794513,laissée,-10.602649,1
7689,S_NOUN_1_PASS_b,M,S,le micro avec la bougie était ouvert <eos>,6,ouvert,ouverte,4,F,ouvert,-6.7145348,ouverte,-9.246626,1
7690,S_NOUN_1_PASS_b,M,S,le micro avec la bougie était perdu <eos>,6,perdu,perdue,4,F,perdu,-8.725694,perdue,-10.512964,1
7691,S_NOUN_1_PASS_b,M,S,le micro avec la bougie était réparé <eos>,6,réparé,réparée,4,F,réparé,-10.430319,réparée,-12.185588,1
7692,S_NOUN_1_PASS_b,M,S,le micro avec la bougie était retiré <eos>,6,retiré,retirée,4,F,retiré,-7.680561,retirée,-10.097724,1
7693,S_NOUN_1_PASS_b,M,S,le micro avec la bougie était tombé <eos>,6,tombé,tombée,4,F,tombé,-7.448249,tombée,-9.392213,1
7694,S_NOUN_1_PASS_b,M,S,le micro avec la bougie était utilisé <eos>,6,utilisé,utilisée,4,F,utilisé,-4.2450285,utilisée,-7.009445,1
7695,S_NOUN_1_PASS_b,M,S,le micro avec la pochette était acheté <eos>,6,acheté,achetée,4,F,acheté,-8.923841,achetée,-9.678564,1
7696,S_NOUN_1_PASS_b,M,S,le micro avec la pochette était brisé <eos>,6,brisé,brisée,4,F,brisé,-9.476578,brisée,-11.6773405,1
7697,S_NOUN_1_PASS_b,M,S,le micro avec la pochette était caché <eos>,6,caché,cachée,4,F,caché,-7.917554,cachée,-9.336727,1
7698,S_NOUN_1_PASS_b,M,S,le micro avec la pochette était cassé <eos>,6,cassé,cassée,4,F,cassé,-7.4891663,cassée,-10.092102,1
7699,S_NOUN_1_PASS_b,M,S,le micro avec la pochette était couvert <eos>,6,couvert,couverte,4,F,couvert,-7.146567,couverte,-8.966167,1
7700,S_NOUN_1_PASS_b,M,S,le micro avec la pochette était déformé <eos>,6,déformé,déformée,4,F,déformé,-10.44495,déformée,-10.322792,0
7701,S_NOUN_1_PASS_b,M,S,le micro avec la pochette était fixé <eos>,6,fixé,fixée,4,F,fixé,-6.5336676,fixée,-7.6527452,1
7702,S_NOUN_1_PASS_b,M,S,le micro avec la pochette était jeté <eos>,6,jeté,jetée,4,F,jeté,-9.299149,jetée,-11.844304,1
7703,S_NOUN_1_PASS_b,M,S,le micro avec la pochette était laissé <eos>,6,laissé,laissée,4,F,laissé,-8.6608715,laissée,-10.043079,1
7704,S_NOUN_1_PASS_b,M,S,le micro avec la pochette était ouvert <eos>,6,ouvert,ouverte,4,F,ouvert,-8.745995,ouverte,-9.338471,1
7705,S_NOUN_1_PASS_b,M,S,le micro avec la pochette était perdu <eos>,6,perdu,perdue,4,F,perdu,-8.7521305,perdue,-11.174943,1
7706,S_NOUN_1_PASS_b,M,S,le micro avec la pochette était réparé <eos>,6,réparé,réparée,4,F,réparé,-12.180709,réparée,-12.520793,1
7707,S_NOUN_1_PASS_b,M,S,le micro avec la pochette était retiré <eos>,6,retiré,retirée,4,F,retiré,-6.5253954,retirée,-9.0352955,1
7708,S_NOUN_1_PASS_b,M,S,le micro avec la pochette était tombé <eos>,6,tombé,tombée,4,F,tombé,-7.8281717,tombée,-9.426139,1
7709,S_NOUN_1_PASS_b,M,S,le micro avec la pochette était utilisé <eos>,6,utilisé,utilisée,4,F,utilisé,-6.303898,utilisée,-7.6761475,1
7710,S_NOUN_1_PASS_b,M,S,le micro avec la banane était acheté <eos>,6,acheté,achetée,4,F,acheté,-9.808921,achetée,-11.739241,1
7711,S_NOUN_1_PASS_b,M,S,le micro avec la banane était brisé <eos>,6,brisé,brisée,4,F,brisé,-9.570734,brisée,-11.957718,1
7712,S_NOUN_1_PASS_b,M,S,le micro avec la banane était caché <eos>,6,caché,cachée,4,F,caché,-9.120852,cachée,-11.703984,1
7713,S_NOUN_1_PASS_b,M,S,le micro avec la banane était cassé <eos>,6,cassé,cassée,4,F,cassé,-7.601889,cassée,-10.363155,1
7714,S_NOUN_1_PASS_b,M,S,le micro avec la banane était couvert <eos>,6,couvert,couverte,4,F,couvert,-6.9927573,couverte,-9.11392,1
7715,S_NOUN_1_PASS_b,M,S,le micro avec la banane était déformé <eos>,6,déformé,déformée,4,F,déformé,-11.92178,déformée,-12.408975,1
7716,S_NOUN_1_PASS_b,M,S,le micro avec la banane était fixé <eos>,6,fixé,fixée,4,F,fixé,-7.3081193,fixée,-8.481207,1
7717,S_NOUN_1_PASS_b,M,S,le micro avec la banane était jeté <eos>,6,jeté,jetée,4,F,jeté,-8.632428,jetée,-11.195449,1
7718,S_NOUN_1_PASS_b,M,S,le micro avec la banane était laissé <eos>,6,laissé,laissée,4,F,laissé,-9.971929,laissée,-11.233102,1
7719,S_NOUN_1_PASS_b,M,S,le micro avec la banane était ouvert <eos>,6,ouvert,ouverte,4,F,ouvert,-7.1218696,ouverte,-8.274625,1
7720,S_NOUN_1_PASS_b,M,S,le micro avec la banane était perdu <eos>,6,perdu,perdue,4,F,perdu,-10.072001,perdue,-11.729329,1
7721,S_NOUN_1_PASS_b,M,S,le micro avec la banane était réparé <eos>,6,réparé,réparée,4,F,réparé,-11.032321,réparée,-13.703338,1
7722,S_NOUN_1_PASS_b,M,S,le micro avec la banane était retiré <eos>,6,retiré,retirée,4,F,retiré,-8.377015,retirée,-11.50069,1
7723,S_NOUN_1_PASS_b,M,S,le micro avec la banane était tombé <eos>,6,tombé,tombée,4,F,tombé,-7.795971,tombée,-9.478082,1
7724,S_NOUN_1_PASS_b,M,S,le micro avec la banane était utilisé <eos>,6,utilisé,utilisée,4,F,utilisé,-3.9631624,utilisée,-6.0084305,1
7725,S_NOUN_1_PASS_b,M,S,le micro avec la robe était acheté <eos>,6,acheté,achetée,4,F,acheté,-9.700825,achetée,-10.156584,1
7726,S_NOUN_1_PASS_b,M,S,le micro avec la robe était brisé <eos>,6,brisé,brisée,4,F,brisé,-10.230008,brisée,-11.174128,1
7727,S_NOUN_1_PASS_b,M,S,le micro avec la robe était caché <eos>,6,caché,cachée,4,F,caché,-9.551923,cachée,-10.423926,1
7728,S_NOUN_1_PASS_b,M,S,le micro avec la robe était cassé <eos>,6,cassé,cassée,4,F,cassé,-6.931345,cassée,-10.430747,1
7729,S_NOUN_1_PASS_b,M,S,le micro avec la robe était couvert <eos>,6,couvert,couverte,4,F,couvert,-7.149502,couverte,-7.5336885,1
7730,S_NOUN_1_PASS_b,M,S,le micro avec la robe était déformé <eos>,6,déformé,déformée,4,F,déformé,-10.658243,déformée,-10.455297,0
7731,S_NOUN_1_PASS_b,M,S,le micro avec la robe était fixé <eos>,6,fixé,fixée,4,F,fixé,-6.28316,fixée,-6.9250937,1
7732,S_NOUN_1_PASS_b,M,S,le micro avec la robe était jeté <eos>,6,jeté,jetée,4,F,jeté,-9.254991,jetée,-12.109718,1
7733,S_NOUN_1_PASS_b,M,S,le micro avec la robe était laissé <eos>,6,laissé,laissée,4,F,laissé,-9.83943,laissée,-10.396643,1
7734,S_NOUN_1_PASS_b,M,S,le micro avec la robe était ouvert <eos>,6,ouvert,ouverte,4,F,ouvert,-8.255553,ouverte,-8.269259,1
7735,S_NOUN_1_PASS_b,M,S,le micro avec la robe était perdu <eos>,6,perdu,perdue,4,F,perdu,-10.307638,perdue,-11.398356,1
7736,S_NOUN_1_PASS_b,M,S,le micro avec la robe était réparé <eos>,6,réparé,réparée,4,F,réparé,-13.355309,réparée,-12.501938,0
7737,S_NOUN_1_PASS_b,M,S,le micro avec la robe était retiré <eos>,6,retiré,retirée,4,F,retiré,-7.050678,retirée,-9.890421,1
7738,S_NOUN_1_PASS_b,M,S,le micro avec la robe était tombé <eos>,6,tombé,tombée,4,F,tombé,-8.611164,tombée,-8.680653,1
7739,S_NOUN_1_PASS_b,M,S,le micro avec la robe était utilisé <eos>,6,utilisé,utilisée,4,F,utilisé,-5.0513916,utilisée,-6.046918,1
7740,S_NOUN_1_PASS_b,M,S,le micro avec la valise était acheté <eos>,6,acheté,achetée,4,F,acheté,-7.8489666,achetée,-9.87764,1
7741,S_NOUN_1_PASS_b,M,S,le micro avec la valise était brisé <eos>,6,brisé,brisée,4,F,brisé,-6.6718187,brisée,-9.266203,1
7742,S_NOUN_1_PASS_b,M,S,le micro avec la valise était caché <eos>,6,caché,cachée,4,F,caché,-6.1570396,cachée,-8.606243,1
7743,S_NOUN_1_PASS_b,M,S,le micro avec la valise était cassé <eos>,6,cassé,cassée,4,F,cassé,-5.838254,cassée,-7.849861,1
7744,S_NOUN_1_PASS_b,M,S,le micro avec la valise était couvert <eos>,6,couvert,couverte,4,F,couvert,-5.530418,couverte,-7.8624578,1
7745,S_NOUN_1_PASS_b,M,S,le micro avec la valise était déformé <eos>,6,déformé,déformée,4,F,déformé,-10.126377,déformée,-10.830069,1
7746,S_NOUN_1_PASS_b,M,S,le micro avec la valise était fixé <eos>,6,fixé,fixée,4,F,fixé,-6.9185276,fixée,-7.2985773,1
7747,S_NOUN_1_PASS_b,M,S,le micro avec la valise était jeté <eos>,6,jeté,jetée,4,F,jeté,-6.8279405,jetée,-10.219696,1
7748,S_NOUN_1_PASS_b,M,S,le micro avec la valise était laissé <eos>,6,laissé,laissée,4,F,laissé,-7.8076344,laissée,-9.24638,1
7749,S_NOUN_1_PASS_b,M,S,le micro avec la valise était ouvert <eos>,6,ouvert,ouverte,4,F,ouvert,-6.2111216,ouverte,-7.3436995,1
7750,S_NOUN_1_PASS_b,M,S,le micro avec la valise était perdu <eos>,6,perdu,perdue,4,F,perdu,-7.3794813,perdue,-9.426895,1
7751,S_NOUN_1_PASS_b,M,S,le micro avec la valise était réparé <eos>,6,réparé,réparée,4,F,réparé,-10.302251,réparée,-11.878965,1
7752,S_NOUN_1_PASS_b,M,S,le micro avec la valise était retiré <eos>,6,retiré,retirée,4,F,retiré,-6.3264875,retirée,-8.692561,1
7753,S_NOUN_1_PASS_b,M,S,le micro avec la valise était tombé <eos>,6,tombé,tombée,4,F,tombé,-7.0015907,tombée,-8.367873,1
7754,S_NOUN_1_PASS_b,M,S,le micro avec la valise était utilisé <eos>,6,utilisé,utilisée,4,F,utilisé,-6.4092293,utilisée,-8.3128395,1
7755,S_NOUN_1_PASS_b,M,S,le micro avec la pendule était acheté <eos>,6,acheté,achetée,4,F,acheté,-10.263199,achetée,-11.106559,1
7756,S_NOUN_1_PASS_b,M,S,le micro avec la pendule était brisé <eos>,6,brisé,brisée,4,F,brisé,-7.6784925,brisée,-8.877129,1
7757,S_NOUN_1_PASS_b,M,S,le micro avec la pendule était caché <eos>,6,caché,cachée,4,F,caché,-7.546817,cachée,-8.573311,1
7758,S_NOUN_1_PASS_b,M,S,le micro avec la pendule était cassé <eos>,6,cassé,cassée,4,F,cassé,-5.7711215,cassée,-7.4449773,1
7759,S_NOUN_1_PASS_b,M,S,le micro avec la pendule était couvert <eos>,6,couvert,couverte,4,F,couvert,-5.820622,couverte,-7.643927,1
7760,S_NOUN_1_PASS_b,M,S,le micro avec la pendule était déformé <eos>,6,déformé,déformée,4,F,déformé,-10.303119,déformée,-10.10125,0
7761,S_NOUN_1_PASS_b,M,S,le micro avec la pendule était fixé <eos>,6,fixé,fixée,4,F,fixé,-5.19629,fixée,-5.8142548,1
7762,S_NOUN_1_PASS_b,M,S,le micro avec la pendule était jeté <eos>,6,jeté,jetée,4,F,jeté,-8.141272,jetée,-11.022831,1
7763,S_NOUN_1_PASS_b,M,S,le micro avec la pendule était laissé <eos>,6,laissé,laissée,4,F,laissé,-9.066347,laissée,-9.614683,1
7764,S_NOUN_1_PASS_b,M,S,le micro avec la pendule était ouvert <eos>,6,ouvert,ouverte,4,F,ouvert,-5.986808,ouverte,-7.3047705,1
7765,S_NOUN_1_PASS_b,M,S,le micro avec la pendule était perdu <eos>,6,perdu,perdue,4,F,perdu,-10.096342,perdue,-9.945986,0
7766,S_NOUN_1_PASS_b,M,S,le micro avec la pendule était réparé <eos>,6,réparé,réparée,4,F,réparé,-11.399958,réparée,-10.960339,0
7767,S_NOUN_1_PASS_b,M,S,le micro avec la pendule était retiré <eos>,6,retiré,retirée,4,F,retiré,-6.999838,retirée,-9.574835,1
7768,S_NOUN_1_PASS_b,M,S,le micro avec la pendule était tombé <eos>,6,tombé,tombée,4,F,tombé,-7.8768015,tombée,-10.468172,1
7769,S_NOUN_1_PASS_b,M,S,le micro avec la pendule était utilisé <eos>,6,utilisé,utilisée,4,F,utilisé,-5.0506544,utilisée,-6.748699,1
7770,S_NOUN_1_PASS_b,M,S,le micro avec la cloche était acheté <eos>,6,acheté,achetée,4,F,acheté,-9.54427,achetée,-10.26493,1
7771,S_NOUN_1_PASS_b,M,S,le micro avec la cloche était brisé <eos>,6,brisé,brisée,4,F,brisé,-7.0281677,brisée,-9.8554325,1
7772,S_NOUN_1_PASS_b,M,S,le micro avec la cloche était caché <eos>,6,caché,cachée,4,F,caché,-6.924183,cachée,-8.421286,1
7773,S_NOUN_1_PASS_b,M,S,le micro avec la cloche était cassé <eos>,6,cassé,cassée,4,F,cassé,-7.059117,cassée,-8.672505,1
7774,S_NOUN_1_PASS_b,M,S,le micro avec la cloche était couvert <eos>,6,couvert,couverte,4,F,couvert,-5.8099594,couverte,-8.315934,1
7775,S_NOUN_1_PASS_b,M,S,le micro avec la cloche était déformé <eos>,6,déformé,déformée,4,F,déformé,-11.117194,déformée,-10.847439,0
7776,S_NOUN_1_PASS_b,M,S,le micro avec la cloche était fixé <eos>,6,fixé,fixée,4,F,fixé,-6.1867537,fixée,-7.392097,1
7777,S_NOUN_1_PASS_b,M,S,le micro avec la cloche était jeté <eos>,6,jeté,jetée,4,F,jeté,-8.032095,jetée,-9.499543,1
7778,S_NOUN_1_PASS_b,M,S,le micro avec la cloche était laissé <eos>,6,laissé,laissée,4,F,laissé,-8.711386,laissée,-9.776592,1
7779,S_NOUN_1_PASS_b,M,S,le micro avec la cloche était ouvert <eos>,6,ouvert,ouverte,4,F,ouvert,-6.931818,ouverte,-8.220169,1
7780,S_NOUN_1_PASS_b,M,S,le micro avec la cloche était perdu <eos>,6,perdu,perdue,4,F,perdu,-8.759297,perdue,-10.096528,1
7781,S_NOUN_1_PASS_b,M,S,le micro avec la cloche était réparé <eos>,6,réparé,réparée,4,F,réparé,-9.18819,réparée,-10.385607,1
7782,S_NOUN_1_PASS_b,M,S,le micro avec la cloche était retiré <eos>,6,retiré,retirée,4,F,retiré,-7.368642,retirée,-10.364515,1
7783,S_NOUN_1_PASS_b,M,S,le micro avec la cloche était tombé <eos>,6,tombé,tombée,4,F,tombé,-6.5262027,tombée,-8.007217,1
7784,S_NOUN_1_PASS_b,M,S,le micro avec la cloche était utilisé <eos>,6,utilisé,utilisée,4,F,utilisé,-5.3276253,utilisée,-7.0644913,1
7785,S_NOUN_1_PASS_b,M,S,le micro avec la cerise était acheté <eos>,6,acheté,achetée,4,F,acheté,-9.103885,achetée,-11.972724,1
7786,S_NOUN_1_PASS_b,M,S,le micro avec la cerise était brisé <eos>,6,brisé,brisée,4,F,brisé,-9.610922,brisée,-13.101967,1
7787,S_NOUN_1_PASS_b,M,S,le micro avec la cerise était caché <eos>,6,caché,cachée,4,F,caché,-9.060575,cachée,-12.585104,1
7788,S_NOUN_1_PASS_b,M,S,le micro avec la cerise était cassé <eos>,6,cassé,cassée,4,F,cassé,-6.904667,cassée,-11.314086,1
7789,S_NOUN_1_PASS_b,M,S,le micro avec la cerise était couvert <eos>,6,couvert,couverte,4,F,couvert,-6.0776978,couverte,-9.15223,1
7790,S_NOUN_1_PASS_b,M,S,le micro avec la cerise était déformé <eos>,6,déformé,déformée,4,F,déformé,-10.966039,déformée,-13.0801735,1
7791,S_NOUN_1_PASS_b,M,S,le micro avec la cerise était fixé <eos>,6,fixé,fixée,4,F,fixé,-6.8577433,fixée,-9.707126,1
7792,S_NOUN_1_PASS_b,M,S,le micro avec la cerise était jeté <eos>,6,jeté,jetée,4,F,jeté,-9.289037,jetée,-11.822963,1
7793,S_NOUN_1_PASS_b,M,S,le micro avec la cerise était laissé <eos>,6,laissé,laissée,4,F,laissé,-9.35504,laissée,-11.368966,1
7794,S_NOUN_1_PASS_b,M,S,le micro avec la cerise était ouvert <eos>,6,ouvert,ouverte,4,F,ouvert,-7.421936,ouverte,-9.833054,1
7795,S_NOUN_1_PASS_b,M,S,le micro avec la cerise était perdu <eos>,6,perdu,perdue,4,F,perdu,-9.2340555,perdue,-12.560722,1
7796,S_NOUN_1_PASS_b,M,S,le micro avec la cerise était réparé <eos>,6,réparé,réparée,4,F,réparé,-12.3233,réparée,-14.9685955,1
7797,S_NOUN_1_PASS_b,M,S,le micro avec la cerise était retiré <eos>,6,retiré,retirée,4,F,retiré,-7.9415026,retirée,-12.004951,1
7798,S_NOUN_1_PASS_b,M,S,le micro avec la cerise était tombé <eos>,6,tombé,tombée,4,F,tombé,-7.8281484,tombée,-9.983236,1
7799,S_NOUN_1_PASS_b,M,S,le micro avec la cerise était utilisé <eos>,6,utilisé,utilisée,4,F,utilisé,-3.8649383,utilisée,-6.5181346,1
7800,S_NOUN_1_PASS_b,M,S,le sac avec la gemme était acheté <eos>,6,acheté,achetée,4,F,acheté,-8.389811,achetée,-10.796932,1
7801,S_NOUN_1_PASS_b,M,S,le sac avec la gemme était brisé <eos>,6,brisé,brisée,4,F,brisé,-7.8174148,brisée,-10.869801,1
7802,S_NOUN_1_PASS_b,M,S,le sac avec la gemme était caché <eos>,6,caché,cachée,4,F,caché,-7.058281,cachée,-9.963249,1
7803,S_NOUN_1_PASS_b,M,S,le sac avec la gemme était cassé <eos>,6,cassé,cassée,4,F,cassé,-7.1508155,cassée,-9.885966,1
7804,S_NOUN_1_PASS_b,M,S,le sac avec la gemme était couvert <eos>,6,couvert,couverte,4,F,couvert,-6.585365,couverte,-9.866627,1
7805,S_NOUN_1_PASS_b,M,S,le sac avec la gemme était déformé <eos>,6,déformé,déformée,4,F,déformé,-10.526998,déformée,-12.811002,1
7806,S_NOUN_1_PASS_b,M,S,le sac avec la gemme était fixé <eos>,6,fixé,fixée,4,F,fixé,-5.9844294,fixée,-8.976102,1
7807,S_NOUN_1_PASS_b,M,S,le sac avec la gemme était jeté <eos>,6,jeté,jetée,4,F,jeté,-7.5609674,jetée,-10.686461,1
7808,S_NOUN_1_PASS_b,M,S,le sac avec la gemme était laissé <eos>,6,laissé,laissée,4,F,laissé,-7.4251156,laissée,-10.285451,1
7809,S_NOUN_1_PASS_b,M,S,le sac avec la gemme était ouvert <eos>,6,ouvert,ouverte,4,F,ouvert,-7.3080587,ouverte,-9.642752,1
7810,S_NOUN_1_PASS_b,M,S,le sac avec la gemme était perdu <eos>,6,perdu,perdue,4,F,perdu,-7.2500277,perdue,-10.513996,1
7811,S_NOUN_1_PASS_b,M,S,le sac avec la gemme était réparé <eos>,6,réparé,réparée,4,F,réparé,-9.1594925,réparée,-12.260483,1
7812,S_NOUN_1_PASS_b,M,S,le sac avec la gemme était retiré <eos>,6,retiré,retirée,4,F,retiré,-6.663822,retirée,-11.050164,1
7813,S_NOUN_1_PASS_b,M,S,le sac avec la gemme était tombé <eos>,6,tombé,tombée,4,F,tombé,-7.3433056,tombée,-9.504234,1
7814,S_NOUN_1_PASS_b,M,S,le sac avec la gemme était utilisé <eos>,6,utilisé,utilisée,4,F,utilisé,-4.4576054,utilisée,-7.6147556,1
7815,S_NOUN_1_PASS_b,M,S,le sac avec la chaise était acheté <eos>,6,acheté,achetée,4,F,acheté,-8.543501,achetée,-10.820959,1
7816,S_NOUN_1_PASS_b,M,S,le sac avec la chaise était brisé <eos>,6,brisé,brisée,4,F,brisé,-7.610074,brisée,-10.32985,1
7817,S_NOUN_1_PASS_b,M,S,le sac avec la chaise était caché <eos>,6,caché,cachée,4,F,caché,-7.4404936,cachée,-9.813002,1
7818,S_NOUN_1_PASS_b,M,S,le sac avec la chaise était cassé <eos>,6,cassé,cassée,4,F,cassé,-6.310113,cassée,-8.62867,1
7819,S_NOUN_1_PASS_b,M,S,le sac avec la chaise était couvert <eos>,6,couvert,couverte,4,F,couvert,-6.413512,couverte,-8.997857,1
7820,S_NOUN_1_PASS_b,M,S,le sac avec la chaise était déformé <eos>,6,déformé,déformée,4,F,déformé,-10.733123,déformée,-12.481603,1
7821,S_NOUN_1_PASS_b,M,S,le sac avec la chaise était fixé <eos>,6,fixé,fixée,4,F,fixé,-7.1792555,fixée,-9.09775,1
7822,S_NOUN_1_PASS_b,M,S,le sac avec la chaise était jeté <eos>,6,jeté,jetée,4,F,jeté,-7.261322,jetée,-10.606562,1
7823,S_NOUN_1_PASS_b,M,S,le sac avec la chaise était laissé <eos>,6,laissé,laissée,4,F,laissé,-7.5742655,laissée,-10.548111,1
7824,S_NOUN_1_PASS_b,M,S,le sac avec la chaise était ouvert <eos>,6,ouvert,ouverte,4,F,ouvert,-6.159276,ouverte,-8.057652,1
7825,S_NOUN_1_PASS_b,M,S,le sac avec la chaise était perdu <eos>,6,perdu,perdue,4,F,perdu,-6.995617,perdue,-10.335211,1
7826,S_NOUN_1_PASS_b,M,S,le sac avec la chaise était réparé <eos>,6,réparé,réparée,4,F,réparé,-8.729369,réparée,-10.824869,1
7827,S_NOUN_1_PASS_b,M,S,le sac avec la chaise était retiré <eos>,6,retiré,retirée,4,F,retiré,-7.1617746,retirée,-10.8471155,1
7828,S_NOUN_1_PASS_b,M,S,le sac avec la chaise était tombé <eos>,6,tombé,tombée,4,F,tombé,-6.814007,tombée,-8.993154,1
7829,S_NOUN_1_PASS_b,M,S,le sac avec la chaise était utilisé <eos>,6,utilisé,utilisée,4,F,utilisé,-5.036969,utilisée,-7.871072,1
7830,S_NOUN_1_PASS_b,M,S,le sac avec la poubelle était acheté <eos>,6,acheté,achetée,4,F,acheté,-7.627018,achetée,-11.089008,1
7831,S_NOUN_1_PASS_b,M,S,le sac avec la poubelle était brisé <eos>,6,brisé,brisée,4,F,brisé,-7.776109,brisée,-11.559538,1
7832,S_NOUN_1_PASS_b,M,S,le sac avec la poubelle était caché <eos>,6,caché,cachée,4,F,caché,-6.727545,cachée,-10.142813,1
7833,S_NOUN_1_PASS_b,M,S,le sac avec la poubelle était cassé <eos>,6,cassé,cassée,4,F,cassé,-7.1020775,cassée,-10.022391,1
7834,S_NOUN_1_PASS_b,M,S,le sac avec la poubelle était couvert <eos>,6,couvert,couverte,4,F,couvert,-6.695579,couverte,-10.100239,1
7835,S_NOUN_1_PASS_b,M,S,le sac avec la poubelle était déformé <eos>,6,déformé,déformée,4,F,déformé,-10.26479,déformée,-12.9611635,1
7836,S_NOUN_1_PASS_b,M,S,le sac avec la poubelle était fixé <eos>,6,fixé,fixée,4,F,fixé,-7.587615,fixée,-10.362189,1
7837,S_NOUN_1_PASS_b,M,S,le sac avec la poubelle était jeté <eos>,6,jeté,jetée,4,F,jeté,-7.498888,jetée,-10.628339,1
7838,S_NOUN_1_PASS_b,M,S,le sac avec la poubelle était laissé <eos>,6,laissé,laissée,4,F,laissé,-6.800557,laissée,-10.304888,1
7839,S_NOUN_1_PASS_b,M,S,le sac avec la poubelle était ouvert <eos>,6,ouvert,ouverte,4,F,ouvert,-6.267545,ouverte,-9.346205,1
7840,S_NOUN_1_PASS_b,M,S,le sac avec la poubelle était perdu <eos>,6,perdu,perdue,4,F,perdu,-6.2706165,perdue,-10.395657,1
7841,S_NOUN_1_PASS_b,M,S,le sac avec la poubelle était réparé <eos>,6,réparé,réparée,4,F,réparé,-8.75772,réparée,-11.952945,1
7842,S_NOUN_1_PASS_b,M,S,le sac avec la poubelle était retiré <eos>,6,retiré,retirée,4,F,retiré,-6.604787,retirée,-10.799534,1
7843,S_NOUN_1_PASS_b,M,S,le sac avec la poubelle était tombé <eos>,6,tombé,tombée,4,F,tombé,-7.126657,tombée,-9.392429,1
7844,S_NOUN_1_PASS_b,M,S,le sac avec la poubelle était utilisé <eos>,6,utilisé,utilisée,4,F,utilisé,-5.0178876,utilisée,-8.604294,1
7845,S_NOUN_1_PASS_b,M,S,le sac avec la chemise était acheté <eos>,6,acheté,achetée,4,F,acheté,-8.291443,achetée,-11.215054,1
7846,S_NOUN_1_PASS_b,M,S,le sac avec la chemise était brisé <eos>,6,brisé,brisée,4,F,brisé,-7.951929,brisée,-11.545403,1
7847,S_NOUN_1_PASS_b,M,S,le sac avec la chemise était caché <eos>,6,caché,cachée,4,F,caché,-7.614975,cachée,-10.712089,1
7848,S_NOUN_1_PASS_b,M,S,le sac avec la chemise était cassé <eos>,6,cassé,cassée,4,F,cassé,-6.6378365,cassée,-10.601303,1
7849,S_NOUN_1_PASS_b,M,S,le sac avec la chemise était couvert <eos>,6,couvert,couverte,4,F,couvert,-6.0453973,couverte,-9.317055,1
7850,S_NOUN_1_PASS_b,M,S,le sac avec la chemise était déformé <eos>,6,déformé,déformée,4,F,déformé,-10.869407,déformée,-12.717601,1
7851,S_NOUN_1_PASS_b,M,S,le sac avec la chemise était fixé <eos>,6,fixé,fixée,4,F,fixé,-6.0054226,fixée,-9.382429,1
7852,S_NOUN_1_PASS_b,M,S,le sac avec la chemise était jeté <eos>,6,jeté,jetée,4,F,jeté,-6.944372,jetée,-11.443354,1
7853,S_NOUN_1_PASS_b,M,S,le sac avec la chemise était laissé <eos>,6,laissé,laissée,4,F,laissé,-7.123209,laissée,-11.01708,1
7854,S_NOUN_1_PASS_b,M,S,le sac avec la chemise était ouvert <eos>,6,ouvert,ouverte,4,F,ouvert,-6.518443,ouverte,-9.166675,1
7855,S_NOUN_1_PASS_b,M,S,le sac avec la chemise était perdu <eos>,6,perdu,perdue,4,F,perdu,-7.3247895,perdue,-11.892258,1
7856,S_NOUN_1_PASS_b,M,S,le sac avec la chemise était réparé <eos>,6,réparé,réparée,4,F,réparé,-9.967199,réparée,-12.456753,1
7857,S_NOUN_1_PASS_b,M,S,le sac avec la chemise était retiré <eos>,6,retiré,retirée,4,F,retiré,-5.942662,retirée,-11.129271,1
7858,S_NOUN_1_PASS_b,M,S,le sac avec la chemise était tombé <eos>,6,tombé,tombée,4,F,tombé,-6.676598,tombée,-9.317806,1
7859,S_NOUN_1_PASS_b,M,S,le sac avec la chemise était utilisé <eos>,6,utilisé,utilisée,4,F,utilisé,-4.8456645,utilisée,-8.228542,1
7860,S_NOUN_1_PASS_b,M,S,le sac avec la recette était acheté <eos>,6,acheté,achetée,4,F,acheté,-9.300351,achetée,-11.722774,1
7861,S_NOUN_1_PASS_b,M,S,le sac avec la recette était brisé <eos>,6,brisé,brisée,4,F,brisé,-8.857675,brisée,-11.915264,1
7862,S_NOUN_1_PASS_b,M,S,le sac avec la recette était caché <eos>,6,caché,cachée,4,F,caché,-8.207364,cachée,-10.909571,1
7863,S_NOUN_1_PASS_b,M,S,le sac avec la recette était cassé <eos>,6,cassé,cassée,4,F,cassé,-8.738035,cassée,-10.723755,1
7864,S_NOUN_1_PASS_b,M,S,le sac avec la recette était couvert <eos>,6,couvert,couverte,4,F,couvert,-7.3044634,couverte,-10.80946,1
7865,S_NOUN_1_PASS_b,M,S,le sac avec la recette était déformé <eos>,6,déformé,déformée,4,F,déformé,-12.185794,déformée,-12.96316,1
7866,S_NOUN_1_PASS_b,M,S,le sac avec la recette était fixé <eos>,6,fixé,fixée,4,F,fixé,-7.0654917,fixée,-9.278209,1
7867,S_NOUN_1_PASS_b,M,S,le sac avec la recette était jeté <eos>,6,jeté,jetée,4,F,jeté,-8.99794,jetée,-11.792274,1
7868,S_NOUN_1_PASS_b,M,S,le sac avec la recette était laissé <eos>,6,laissé,laissée,4,F,laissé,-8.47033,laissée,-10.807979,1
7869,S_NOUN_1_PASS_b,M,S,le sac avec la recette était ouvert <eos>,6,ouvert,ouverte,4,F,ouvert,-7.6830125,ouverte,-10.19389,1
7870,S_NOUN_1_PASS_b,M,S,le sac avec la recette était perdu <eos>,6,perdu,perdue,4,F,perdu,-7.627239,perdue,-10.161658,1
7871,S_NOUN_1_PASS_b,M,S,le sac avec la recette était réparé <eos>,6,réparé,réparée,4,F,réparé,-10.715303,réparée,-13.73645,1
7872,S_NOUN_1_PASS_b,M,S,le sac avec la recette était retiré <eos>,6,retiré,retirée,4,F,retiré,-7.8293715,retirée,-11.049654,1
7873,S_NOUN_1_PASS_b,M,S,le sac avec la recette était tombé <eos>,6,tombé,tombée,4,F,tombé,-7.5696554,tombée,-9.218306,1
7874,S_NOUN_1_PASS_b,M,S,le sac avec la recette était utilisé <eos>,6,utilisé,utilisée,4,F,utilisé,-6.365879,utilisée,-9.0096245,1
7875,S_NOUN_1_PASS_b,M,S,le sac avec la jupe était acheté <eos>,6,acheté,achetée,4,F,acheté,-9.295256,achetée,-11.560986,1
7876,S_NOUN_1_PASS_b,M,S,le sac avec la jupe était brisé <eos>,6,brisé,brisée,4,F,brisé,-7.3687134,brisée,-10.662573,1
7877,S_NOUN_1_PASS_b,M,S,le sac avec la jupe était caché <eos>,6,caché,cachée,4,F,caché,-8.194217,cachée,-10.057698,1
7878,S_NOUN_1_PASS_b,M,S,le sac avec la jupe était cassé <eos>,6,cassé,cassée,4,F,cassé,-5.747267,cassée,-9.102125,1
7879,S_NOUN_1_PASS_b,M,S,le sac avec la jupe était couvert <eos>,6,couvert,couverte,4,F,couvert,-6.2080364,couverte,-9.384005,1
7880,S_NOUN_1_PASS_b,M,S,le sac avec la jupe était déformé <eos>,6,déformé,déformée,4,F,déformé,-10.287993,déformée,-11.254553,1
7881,S_NOUN_1_PASS_b,M,S,le sac avec la jupe était fixé <eos>,6,fixé,fixée,4,F,fixé,-6.4483013,fixée,-8.912168,1
7882,S_NOUN_1_PASS_b,M,S,le sac avec la jupe était jeté <eos>,6,jeté,jetée,4,F,jeté,-7.681592,jetée,-11.792794,1
7883,S_NOUN_1_PASS_b,M,S,le sac avec la jupe était laissé <eos>,6,laissé,laissée,4,F,laissé,-7.8578324,laissée,-10.92132,1
7884,S_NOUN_1_PASS_b,M,S,le sac avec la jupe était ouvert <eos>,6,ouvert,ouverte,4,F,ouvert,-6.595064,ouverte,-8.371968,1
7885,S_NOUN_1_PASS_b,M,S,le sac avec la jupe était perdu <eos>,6,perdu,perdue,4,F,perdu,-7.6821995,perdue,-11.075163,1
7886,S_NOUN_1_PASS_b,M,S,le sac avec la jupe était réparé <eos>,6,réparé,réparée,4,F,réparé,-10.587864,réparée,-11.706547,1
7887,S_NOUN_1_PASS_b,M,S,le sac avec la jupe était retiré <eos>,6,retiré,retirée,4,F,retiré,-6.753909,retirée,-10.693791,1
7888,S_NOUN_1_PASS_b,M,S,le sac avec la jupe était tombé <eos>,6,tombé,tombée,4,F,tombé,-6.9746876,tombée,-9.960811,1
7889,S_NOUN_1_PASS_b,M,S,le sac avec la jupe était utilisé <eos>,6,utilisé,utilisée,4,F,utilisé,-5.8498654,utilisée,-8.318598,1
7890,S_NOUN_1_PASS_b,M,S,le sac avec la colle était acheté <eos>,6,acheté,achetée,4,F,acheté,-7.4148088,achetée,-10.703943,1
7891,S_NOUN_1_PASS_b,M,S,le sac avec la colle était brisé <eos>,6,brisé,brisée,4,F,brisé,-7.929131,brisée,-11.538431,1
7892,S_NOUN_1_PASS_b,M,S,le sac avec la colle était caché <eos>,6,caché,cachée,4,F,caché,-6.9900455,cachée,-9.706871,1
7893,S_NOUN_1_PASS_b,M,S,le sac avec la colle était cassé <eos>,6,cassé,cassée,4,F,cassé,-7.576023,cassée,-10.238351,1
7894,S_NOUN_1_PASS_b,M,S,le sac avec la colle était couvert <eos>,6,couvert,couverte,4,F,couvert,-6.719621,couverte,-10.007223,1
7895,S_NOUN_1_PASS_b,M,S,le sac avec la colle était déformé <eos>,6,déformé,déformée,4,F,déformé,-10.521861,déformée,-12.64852,1
7896,S_NOUN_1_PASS_b,M,S,le sac avec la colle était fixé <eos>,6,fixé,fixée,4,F,fixé,-6.2786255,fixée,-9.880213,1
7897,S_NOUN_1_PASS_b,M,S,le sac avec la colle était jeté <eos>,6,jeté,jetée,4,F,jeté,-7.76497,jetée,-11.022017,1
7898,S_NOUN_1_PASS_b,M,S,le sac avec la colle était laissé <eos>,6,laissé,laissée,4,F,laissé,-7.3039083,laissée,-10.127399,1
7899,S_NOUN_1_PASS_b,M,S,le sac avec la colle était ouvert <eos>,6,ouvert,ouverte,4,F,ouvert,-7.003531,ouverte,-9.437229,1
7900,S_NOUN_1_PASS_b,M,S,le sac avec la colle était perdu <eos>,6,perdu,perdue,4,F,perdu,-6.823584,perdue,-9.5324135,1
7901,S_NOUN_1_PASS_b,M,S,le sac avec la colle était réparé <eos>,6,réparé,réparée,4,F,réparé,-9.275911,réparée,-13.076056,1
7902,S_NOUN_1_PASS_b,M,S,le sac avec la colle était retiré <eos>,6,retiré,retirée,4,F,retiré,-5.808119,retirée,-10.098188,1
7903,S_NOUN_1_PASS_b,M,S,le sac avec la colle était tombé <eos>,6,tombé,tombée,4,F,tombé,-6.982057,tombée,-9.098694,1
7904,S_NOUN_1_PASS_b,M,S,le sac avec la colle était utilisé <eos>,6,utilisé,utilisée,4,F,utilisé,-4.2955265,utilisée,-7.637742,1
7905,S_NOUN_1_PASS_b,M,S,le sac avec la lampe était acheté <eos>,6,acheté,achetée,4,F,acheté,-8.682279,achetée,-10.65385,1
7906,S_NOUN_1_PASS_b,M,S,le sac avec la lampe était brisé <eos>,6,brisé,brisée,4,F,brisé,-6.87376,brisée,-10.241769,1
7907,S_NOUN_1_PASS_b,M,S,le sac avec la lampe était caché <eos>,6,caché,cachée,4,F,caché,-6.9667263,cachée,-9.524019,1
7908,S_NOUN_1_PASS_b,M,S,le sac avec la lampe était cassé <eos>,6,cassé,cassée,4,F,cassé,-7.7208405,cassée,-9.360992,1
7909,S_NOUN_1_PASS_b,M,S,le sac avec la lampe était couvert <eos>,6,couvert,couverte,4,F,couvert,-7.014039,couverte,-9.648347,1
7910,S_NOUN_1_PASS_b,M,S,le sac avec la lampe était déformé <eos>,6,déformé,déformée,4,F,déformé,-10.941779,déformée,-12.328898,1
7911,S_NOUN_1_PASS_b,M,S,le sac avec la lampe était fixé <eos>,6,fixé,fixée,4,F,fixé,-6.4546347,fixée,-8.989738,1
7912,S_NOUN_1_PASS_b,M,S,le sac avec la lampe était jeté <eos>,6,jeté,jetée,4,F,jeté,-7.7252316,jetée,-10.467604,1
7913,S_NOUN_1_PASS_b,M,S,le sac avec la lampe était laissé <eos>,6,laissé,laissée,4,F,laissé,-7.7464185,laissée,-10.074108,1
7914,S_NOUN_1_PASS_b,M,S,le sac avec la lampe était ouvert <eos>,6,ouvert,ouverte,4,F,ouvert,-6.6577034,ouverte,-8.96299,1
7915,S_NOUN_1_PASS_b,M,S,le sac avec la lampe était perdu <eos>,6,perdu,perdue,4,F,perdu,-6.9922185,perdue,-9.737219,1
7916,S_NOUN_1_PASS_b,M,S,le sac avec la lampe était réparé <eos>,6,réparé,réparée,4,F,réparé,-9.189541,réparée,-11.545347,1
7917,S_NOUN_1_PASS_b,M,S,le sac avec la lampe était retiré <eos>,6,retiré,retirée,4,F,retiré,-6.826749,retirée,-10.037256,1
7918,S_NOUN_1_PASS_b,M,S,le sac avec la lampe était tombé <eos>,6,tombé,tombée,4,F,tombé,-7.175418,tombée,-8.983045,1
7919,S_NOUN_1_PASS_b,M,S,le sac avec la lampe était utilisé <eos>,6,utilisé,utilisée,4,F,utilisé,-4.794545,utilisée,-7.6142178,1
7920,S_NOUN_1_PASS_b,M,S,le sac avec la bouteille était acheté <eos>,6,acheté,achetée,4,F,acheté,-8.001976,achetée,-11.0030985,1
7921,S_NOUN_1_PASS_b,M,S,le sac avec la bouteille était brisé <eos>,6,brisé,brisée,4,F,brisé,-7.5828676,brisée,-11.205949,1
7922,S_NOUN_1_PASS_b,M,S,le sac avec la bouteille était caché <eos>,6,caché,cachée,4,F,caché,-6.879223,cachée,-9.97534,1
7923,S_NOUN_1_PASS_b,M,S,le sac avec la bouteille était cassé <eos>,6,cassé,cassée,4,F,cassé,-6.54688,cassée,-9.406783,1
7924,S_NOUN_1_PASS_b,M,S,le sac avec la bouteille était couvert <eos>,6,couvert,couverte,4,F,couvert,-6.3684306,couverte,-10.379071,1
7925,S_NOUN_1_PASS_b,M,S,le sac avec la bouteille était déformé <eos>,6,déformé,déformée,4,F,déformé,-10.634075,déformée,-12.396839,1
7926,S_NOUN_1_PASS_b,M,S,le sac avec la bouteille était fixé <eos>,6,fixé,fixée,4,F,fixé,-6.1615763,fixée,-9.527082,1
7927,S_NOUN_1_PASS_b,M,S,le sac avec la bouteille était jeté <eos>,6,jeté,jetée,4,F,jeté,-7.513943,jetée,-10.494749,1
7928,S_NOUN_1_PASS_b,M,S,le sac avec la bouteille était laissé <eos>,6,laissé,laissée,4,F,laissé,-7.198342,laissée,-10.085077,1
7929,S_NOUN_1_PASS_b,M,S,le sac avec la bouteille était ouvert <eos>,6,ouvert,ouverte,4,F,ouvert,-6.2648134,ouverte,-9.170614,1
7930,S_NOUN_1_PASS_b,M,S,le sac avec la bouteille était perdu <eos>,6,perdu,perdue,4,F,perdu,-6.4760027,perdue,-10.056581,1
7931,S_NOUN_1_PASS_b,M,S,le sac avec la bouteille était réparé <eos>,6,réparé,réparée,4,F,réparé,-9.303982,réparée,-12.866938,1
7932,S_NOUN_1_PASS_b,M,S,le sac avec la bouteille était retiré <eos>,6,retiré,retirée,4,F,retiré,-6.0616446,retirée,-10.106247,1
7933,S_NOUN_1_PASS_b,M,S,le sac avec la bouteille était tombé <eos>,6,tombé,tombée,4,F,tombé,-7.332451,tombée,-9.508541,1
7934,S_NOUN_1_PASS_b,M,S,le sac avec la bouteille était utilisé <eos>,6,utilisé,utilisée,4,F,utilisé,-5.204605,utilisée,-8.50841,1
7935,S_NOUN_1_PASS_b,M,S,le sac avec la boisson était acheté <eos>,6,acheté,achetée,4,F,acheté,-8.5972595,achetée,-11.254933,1
7936,S_NOUN_1_PASS_b,M,S,le sac avec la boisson était brisé <eos>,6,brisé,brisée,4,F,brisé,-9.4386,brisée,-12.183869,1
7937,S_NOUN_1_PASS_b,M,S,le sac avec la boisson était caché <eos>,6,caché,cachée,4,F,caché,-8.479724,cachée,-11.038855,1
7938,S_NOUN_1_PASS_b,M,S,le sac avec la boisson était cassé <eos>,6,cassé,cassée,4,F,cassé,-8.312413,cassée,-11.241914,1
7939,S_NOUN_1_PASS_b,M,S,le sac avec la boisson était couvert <eos>,6,couvert,couverte,4,F,couvert,-7.6780033,couverte,-11.053385,1
7940,S_NOUN_1_PASS_b,M,S,le sac avec la boisson était déformé <eos>,6,déformé,déformée,4,F,déformé,-11.491744,déformée,-13.0615015,1
7941,S_NOUN_1_PASS_b,M,S,le sac avec la boisson était fixé <eos>,6,fixé,fixée,4,F,fixé,-7.664138,fixée,-10.521364,1
7942,S_NOUN_1_PASS_b,M,S,le sac avec la boisson était jeté <eos>,6,jeté,jetée,4,F,jeté,-8.459353,jetée,-11.575754,1
7943,S_NOUN_1_PASS_b,M,S,le sac avec la boisson était laissé <eos>,6,laissé,laissée,4,F,laissé,-8.421006,laissée,-10.710935,1
7944,S_NOUN_1_PASS_b,M,S,le sac avec la boisson était ouvert <eos>,6,ouvert,ouverte,4,F,ouvert,-8.0601015,ouverte,-10.294707,1
7945,S_NOUN_1_PASS_b,M,S,le sac avec la boisson était perdu <eos>,6,perdu,perdue,4,F,perdu,-7.2230225,perdue,-9.941508,1
7946,S_NOUN_1_PASS_b,M,S,le sac avec la boisson était réparé <eos>,6,réparé,réparée,4,F,réparé,-10.586439,réparée,-13.910836,1
7947,S_NOUN_1_PASS_b,M,S,le sac avec la boisson était retiré <eos>,6,retiré,retirée,4,F,retiré,-6.884292,retirée,-10.682177,1
7948,S_NOUN_1_PASS_b,M,S,le sac avec la boisson était tombé <eos>,6,tombé,tombée,4,F,tombé,-7.566567,tombée,-9.349442,1
7949,S_NOUN_1_PASS_b,M,S,le sac avec la boisson était utilisé <eos>,6,utilisé,utilisée,4,F,utilisé,-5.1939864,utilisée,-8.067072,1
7950,S_NOUN_1_PASS_b,M,S,le sac avec la pomme était acheté <eos>,6,acheté,achetée,4,F,acheté,-8.218726,achetée,-11.14883,1
7951,S_NOUN_1_PASS_b,M,S,le sac avec la pomme était brisé <eos>,6,brisé,brisée,4,F,brisé,-7.1401434,brisée,-11.262317,1
7952,S_NOUN_1_PASS_b,M,S,le sac avec la pomme était caché <eos>,6,caché,cachée,4,F,caché,-7.2926674,cachée,-10.669929,1
7953,S_NOUN_1_PASS_b,M,S,le sac avec la pomme était cassé <eos>,6,cassé,cassée,4,F,cassé,-8.051469,cassée,-10.529891,1
7954,S_NOUN_1_PASS_b,M,S,le sac avec la pomme était couvert <eos>,6,couvert,couverte,4,F,couvert,-6.2864137,couverte,-9.923372,1
7955,S_NOUN_1_PASS_b,M,S,le sac avec la pomme était déformé <eos>,6,déformé,déformée,4,F,déformé,-10.616493,déformée,-12.602699,1
7956,S_NOUN_1_PASS_b,M,S,le sac avec la pomme était fixé <eos>,6,fixé,fixée,4,F,fixé,-7.140031,fixée,-10.86439,1
7957,S_NOUN_1_PASS_b,M,S,le sac avec la pomme était jeté <eos>,6,jeté,jetée,4,F,jeté,-7.395439,jetée,-10.655246,1
7958,S_NOUN_1_PASS_b,M,S,le sac avec la pomme était laissé <eos>,6,laissé,laissée,4,F,laissé,-7.5851336,laissée,-10.071064,1
7959,S_NOUN_1_PASS_b,M,S,le sac avec la pomme était ouvert <eos>,6,ouvert,ouverte,4,F,ouvert,-6.7690983,ouverte,-9.739044,1
7960,S_NOUN_1_PASS_b,M,S,le sac avec la pomme était perdu <eos>,6,perdu,perdue,4,F,perdu,-7.3569546,perdue,-10.5086355,1
7961,S_NOUN_1_PASS_b,M,S,le sac avec la pomme était réparé <eos>,6,réparé,réparée,4,F,réparé,-8.978024,réparée,-13.207911,1
7962,S_NOUN_1_PASS_b,M,S,le sac avec la pomme était retiré <eos>,6,retiré,retirée,4,F,retiré,-6.480444,retirée,-10.977157,1
7963,S_NOUN_1_PASS_b,M,S,le sac avec la pomme était tombé <eos>,6,tombé,tombée,4,F,tombé,-6.6982346,tombée,-9.456074,1
7964,S_NOUN_1_PASS_b,M,S,le sac avec la pomme était utilisé <eos>,6,utilisé,utilisée,4,F,utilisé,-4.7247314,utilisée,-8.173771,1
7965,S_NOUN_1_PASS_b,M,S,le sac avec la tasse était acheté <eos>,6,acheté,achetée,4,F,acheté,-7.407053,achetée,-9.973542,1
7966,S_NOUN_1_PASS_b,M,S,le sac avec la tasse était brisé <eos>,6,brisé,brisée,4,F,brisé,-7.363262,brisée,-10.875062,1
7967,S_NOUN_1_PASS_b,M,S,le sac avec la tasse était caché <eos>,6,caché,cachée,4,F,caché,-6.5929613,cachée,-10.008197,1
7968,S_NOUN_1_PASS_b,M,S,le sac avec la tasse était cassé <eos>,6,cassé,cassée,4,F,cassé,-6.843047,cassée,-9.40611,1
7969,S_NOUN_1_PASS_b,M,S,le sac avec la tasse était couvert <eos>,6,couvert,couverte,4,F,couvert,-6.1729937,couverte,-9.634291,1
7970,S_NOUN_1_PASS_b,M,S,le sac avec la tasse était déformé <eos>,6,déformé,déformée,4,F,déformé,-10.928445,déformée,-12.632599,1
7971,S_NOUN_1_PASS_b,M,S,le sac avec la tasse était fixé <eos>,6,fixé,fixée,4,F,fixé,-6.4355,fixée,-9.062556,1
7972,S_NOUN_1_PASS_b,M,S,le sac avec la tasse était jeté <eos>,6,jeté,jetée,4,F,jeté,-6.5799007,jetée,-9.543524,1
7973,S_NOUN_1_PASS_b,M,S,le sac avec la tasse était laissé <eos>,6,laissé,laissée,4,F,laissé,-6.870038,laissée,-9.078883,1
7974,S_NOUN_1_PASS_b,M,S,le sac avec la tasse était ouvert <eos>,6,ouvert,ouverte,4,F,ouvert,-5.995244,ouverte,-8.021712,1
7975,S_NOUN_1_PASS_b,M,S,le sac avec la tasse était perdu <eos>,6,perdu,perdue,4,F,perdu,-6.661955,perdue,-9.789978,1
7976,S_NOUN_1_PASS_b,M,S,le sac avec la tasse était réparé <eos>,6,réparé,réparée,4,F,réparé,-9.026552,réparée,-12.230282,1
7977,S_NOUN_1_PASS_b,M,S,le sac avec la tasse était retiré <eos>,6,retiré,retirée,4,F,retiré,-5.9676976,retirée,-9.540844,1
7978,S_NOUN_1_PASS_b,M,S,le sac avec la tasse était tombé <eos>,6,tombé,tombée,4,F,tombé,-7.305439,tombée,-8.966596,1
7979,S_NOUN_1_PASS_b,M,S,le sac avec la tasse était utilisé <eos>,6,utilisé,utilisée,4,F,utilisé,-4.506399,utilisée,-7.262581,1
7980,S_NOUN_1_PASS_b,M,S,le sac avec la bougie était acheté <eos>,6,acheté,achetée,4,F,acheté,-8.818502,achetée,-11.776336,1
7981,S_NOUN_1_PASS_b,M,S,le sac avec la bougie était brisé <eos>,6,brisé,brisée,4,F,brisé,-7.49461,brisée,-11.940652,1
7982,S_NOUN_1_PASS_b,M,S,le sac avec la bougie était caché <eos>,6,caché,cachée,4,F,caché,-7.0532475,cachée,-10.656517,1
7983,S_NOUN_1_PASS_b,M,S,le sac avec la bougie était cassé <eos>,6,cassé,cassée,4,F,cassé,-7.0141153,cassée,-10.435583,1
7984,S_NOUN_1_PASS_b,M,S,le sac avec la bougie était couvert <eos>,6,couvert,couverte,4,F,couvert,-7.2645774,couverte,-10.896618,1
7985,S_NOUN_1_PASS_b,M,S,le sac avec la bougie était déformé <eos>,6,déformé,déformée,4,F,déformé,-11.270787,déformée,-13.265477,1
7986,S_NOUN_1_PASS_b,M,S,le sac avec la bougie était fixé <eos>,6,fixé,fixée,4,F,fixé,-6.9355583,fixée,-10.085161,1
7987,S_NOUN_1_PASS_b,M,S,le sac avec la bougie était jeté <eos>,6,jeté,jetée,4,F,jeté,-8.53415,jetée,-11.325257,1
7988,S_NOUN_1_PASS_b,M,S,le sac avec la bougie était laissé <eos>,6,laissé,laissée,4,F,laissé,-7.846611,laissée,-11.206484,1
7989,S_NOUN_1_PASS_b,M,S,le sac avec la bougie était ouvert <eos>,6,ouvert,ouverte,4,F,ouvert,-7.0028124,ouverte,-10.133178,1
7990,S_NOUN_1_PASS_b,M,S,le sac avec la bougie était perdu <eos>,6,perdu,perdue,4,F,perdu,-6.7479744,perdue,-9.981371,1
7991,S_NOUN_1_PASS_b,M,S,le sac avec la bougie était réparé <eos>,6,réparé,réparée,4,F,réparé,-9.100331,réparée,-12.349379,1
7992,S_NOUN_1_PASS_b,M,S,le sac avec la bougie était retiré <eos>,6,retiré,retirée,4,F,retiré,-7.029007,retirée,-10.683556,1
7993,S_NOUN_1_PASS_b,M,S,le sac avec la bougie était tombé <eos>,6,tombé,tombée,4,F,tombé,-7.152711,tombée,-9.573084,1
7994,S_NOUN_1_PASS_b,M,S,le sac avec la bougie était utilisé <eos>,6,utilisé,utilisée,4,F,utilisé,-4.798114,utilisée,-8.259925,1
7995,S_NOUN_1_PASS_b,M,S,le sac avec la pochette était acheté <eos>,6,acheté,achetée,4,F,acheté,-7.7996244,achetée,-10.632633,1
7996,S_NOUN_1_PASS_b,M,S,le sac avec la pochette était brisé <eos>,6,brisé,brisée,4,F,brisé,-8.424414,brisée,-12.080151,1
7997,S_NOUN_1_PASS_b,M,S,le sac avec la pochette était caché <eos>,6,caché,cachée,4,F,caché,-7.1496143,cachée,-9.961449,1
7998,S_NOUN_1_PASS_b,M,S,le sac avec la pochette était cassé <eos>,6,cassé,cassée,4,F,cassé,-6.4011087,cassée,-10.575161,1
7999,S_NOUN_1_PASS_b,M,S,le sac avec la pochette était couvert <eos>,6,couvert,couverte,4,F,couvert,-7.584311,couverte,-10.792412,1
8000,S_NOUN_1_PASS_b,M,S,le sac avec la pochette était déformé <eos>,6,déformé,déformée,4,F,déformé,-9.996243,déformée,-11.716391,1
8001,S_NOUN_1_PASS_b,M,S,le sac avec la pochette était fixé <eos>,6,fixé,fixée,4,F,fixé,-6.797344,fixée,-9.527103,1
8002,S_NOUN_1_PASS_b,M,S,le sac avec la pochette était jeté <eos>,6,jeté,jetée,4,F,jeté,-8.335085,jetée,-12.268114,1
8003,S_NOUN_1_PASS_b,M,S,le sac avec la pochette était laissé <eos>,6,laissé,laissée,4,F,laissé,-7.5508747,laissée,-10.867127,1
8004,S_NOUN_1_PASS_b,M,S,le sac avec la pochette était ouvert <eos>,6,ouvert,ouverte,4,F,ouvert,-8.095087,ouverte,-10.558669,1
8005,S_NOUN_1_PASS_b,M,S,le sac avec la pochette était perdu <eos>,6,perdu,perdue,4,F,perdu,-6.770511,perdue,-10.580307,1
8006,S_NOUN_1_PASS_b,M,S,le sac avec la pochette était réparé <eos>,6,réparé,réparée,4,F,réparé,-10.474808,réparée,-12.702122,1
8007,S_NOUN_1_PASS_b,M,S,le sac avec la pochette était retiré <eos>,6,retiré,retirée,4,F,retiré,-5.6374016,retirée,-9.461256,1
8008,S_NOUN_1_PASS_b,M,S,le sac avec la pochette était tombé <eos>,6,tombé,tombée,4,F,tombé,-6.880713,tombée,-9.721792,1
8009,S_NOUN_1_PASS_b,M,S,le sac avec la pochette était utilisé <eos>,6,utilisé,utilisée,4,F,utilisé,-6.391516,utilisée,-9.442333,1
8010,S_NOUN_1_PASS_b,M,S,le sac avec la banane était acheté <eos>,6,acheté,achetée,4,F,acheté,-9.004955,achetée,-12.395329,1
8011,S_NOUN_1_PASS_b,M,S,le sac avec la banane était brisé <eos>,6,brisé,brisée,4,F,brisé,-8.50312,brisée,-12.641602,1
8012,S_NOUN_1_PASS_b,M,S,le sac avec la banane était caché <eos>,6,caché,cachée,4,F,caché,-8.337462,cachée,-11.7923,1
8013,S_NOUN_1_PASS_b,M,S,le sac avec la banane était cassé <eos>,6,cassé,cassée,4,F,cassé,-8.390772,cassée,-11.166353,1
8014,S_NOUN_1_PASS_b,M,S,le sac avec la banane était couvert <eos>,6,couvert,couverte,4,F,couvert,-7.826124,couverte,-10.600041,1
8015,S_NOUN_1_PASS_b,M,S,le sac avec la banane était déformé <eos>,6,déformé,déformée,4,F,déformé,-12.167271,déformée,-13.969363,1
8016,S_NOUN_1_PASS_b,M,S,le sac avec la banane était fixé <eos>,6,fixé,fixée,4,F,fixé,-7.3108177,fixée,-10.242991,1
8017,S_NOUN_1_PASS_b,M,S,le sac avec la banane était jeté <eos>,6,jeté,jetée,4,F,jeté,-8.572477,jetée,-10.809341,1
8018,S_NOUN_1_PASS_b,M,S,le sac avec la banane était laissé <eos>,6,laissé,laissée,4,F,laissé,-8.724881,laissée,-11.307255,1
8019,S_NOUN_1_PASS_b,M,S,le sac avec la banane était ouvert <eos>,6,ouvert,ouverte,4,F,ouvert,-7.674616,ouverte,-10.120975,1
8020,S_NOUN_1_PASS_b,M,S,le sac avec la banane était perdu <eos>,6,perdu,perdue,4,F,perdu,-7.6984367,perdue,-10.691705,1
8021,S_NOUN_1_PASS_b,M,S,le sac avec la banane était réparé <eos>,6,réparé,réparée,4,F,réparé,-9.501553,réparée,-13.215494,1
8022,S_NOUN_1_PASS_b,M,S,le sac avec la banane était retiré <eos>,6,retiré,retirée,4,F,retiré,-6.893619,retirée,-11.308292,1
8023,S_NOUN_1_PASS_b,M,S,le sac avec la banane était tombé <eos>,6,tombé,tombée,4,F,tombé,-7.3738003,tombée,-9.607997,1
8024,S_NOUN_1_PASS_b,M,S,le sac avec la banane était utilisé <eos>,6,utilisé,utilisée,4,F,utilisé,-4.595437,utilisée,-7.626872,1
8025,S_NOUN_1_PASS_b,M,S,le sac avec la robe était acheté <eos>,6,acheté,achetée,4,F,acheté,-8.210185,achetée,-10.708286,1
8026,S_NOUN_1_PASS_b,M,S,le sac avec la robe était brisé <eos>,6,brisé,brisée,4,F,brisé,-8.694582,brisée,-11.635441,1
8027,S_NOUN_1_PASS_b,M,S,le sac avec la robe était caché <eos>,6,caché,cachée,4,F,caché,-8.455289,cachée,-10.834609,1
8028,S_NOUN_1_PASS_b,M,S,le sac avec la robe était cassé <eos>,6,cassé,cassée,4,F,cassé,-6.940598,cassée,-10.670149,1
8029,S_NOUN_1_PASS_b,M,S,le sac avec la robe était couvert <eos>,6,couvert,couverte,4,F,couvert,-7.2048974,couverte,-9.468313,1
8030,S_NOUN_1_PASS_b,M,S,le sac avec la robe était déformé <eos>,6,déformé,déformée,4,F,déformé,-10.716017,déformée,-12.047928,1
8031,S_NOUN_1_PASS_b,M,S,le sac avec la robe était fixé <eos>,6,fixé,fixée,4,F,fixé,-6.089036,fixée,-8.677496,1
8032,S_NOUN_1_PASS_b,M,S,le sac avec la robe était jeté <eos>,6,jeté,jetée,4,F,jeté,-7.8790708,jetée,-12.160153,1
8033,S_NOUN_1_PASS_b,M,S,le sac avec la robe était laissé <eos>,6,laissé,laissée,4,F,laissé,-8.012662,laissée,-10.793268,1
8034,S_NOUN_1_PASS_b,M,S,le sac avec la robe était ouvert <eos>,6,ouvert,ouverte,4,F,ouvert,-7.1629715,ouverte,-9.424399,1
8035,S_NOUN_1_PASS_b,M,S,le sac avec la robe était perdu <eos>,6,perdu,perdue,4,F,perdu,-7.923413,perdue,-11.179428,1
8036,S_NOUN_1_PASS_b,M,S,le sac avec la robe était réparé <eos>,6,réparé,réparée,4,F,réparé,-11.14798,réparée,-13.031242,1
8037,S_NOUN_1_PASS_b,M,S,le sac avec la robe était retiré <eos>,6,retiré,retirée,4,F,retiré,-5.85415,retirée,-9.861814,1
8038,S_NOUN_1_PASS_b,M,S,le sac avec la robe était tombé <eos>,6,tombé,tombée,4,F,tombé,-6.9076824,tombée,-9.008856,1
8039,S_NOUN_1_PASS_b,M,S,le sac avec la robe était utilisé <eos>,6,utilisé,utilisée,4,F,utilisé,-4.9804053,utilisée,-7.6315503,1
8040,S_NOUN_1_PASS_b,M,S,le sac avec la valise était acheté <eos>,6,acheté,achetée,4,F,acheté,-6.8069024,achetée,-9.697541,1
8041,S_NOUN_1_PASS_b,M,S,le sac avec la valise était brisé <eos>,6,brisé,brisée,4,F,brisé,-5.6419477,brisée,-8.83644,1
8042,S_NOUN_1_PASS_b,M,S,le sac avec la valise était caché <eos>,6,caché,cachée,4,F,caché,-5.482257,cachée,-8.209774,1
8043,S_NOUN_1_PASS_b,M,S,le sac avec la valise était cassé <eos>,6,cassé,cassée,4,F,cassé,-5.915311,cassée,-8.148244,1
8044,S_NOUN_1_PASS_b,M,S,le sac avec la valise était couvert <eos>,6,couvert,couverte,4,F,couvert,-5.8838506,couverte,-8.81394,1
8045,S_NOUN_1_PASS_b,M,S,le sac avec la valise était déformé <eos>,6,déformé,déformée,4,F,déformé,-10.3694515,déformée,-12.138545,1
8046,S_NOUN_1_PASS_b,M,S,le sac avec la valise était fixé <eos>,6,fixé,fixée,4,F,fixé,-7.4531727,fixée,-9.260376,1
8047,S_NOUN_1_PASS_b,M,S,le sac avec la valise était jeté <eos>,6,jeté,jetée,4,F,jeté,-5.6361713,jetée,-9.769783,1
8048,S_NOUN_1_PASS_b,M,S,le sac avec la valise était laissé <eos>,6,laissé,laissée,4,F,laissé,-6.232071,laissée,-8.994213,1
8049,S_NOUN_1_PASS_b,M,S,le sac avec la valise était ouvert <eos>,6,ouvert,ouverte,4,F,ouvert,-5.5486746,ouverte,-7.780097,1
8050,S_NOUN_1_PASS_b,M,S,le sac avec la valise était perdu <eos>,6,perdu,perdue,4,F,perdu,-5.369444,perdue,-8.481167,1
8051,S_NOUN_1_PASS_b,M,S,le sac avec la valise était réparé <eos>,6,réparé,réparée,4,F,réparé,-8.784081,réparée,-12.1224375,1
8052,S_NOUN_1_PASS_b,M,S,le sac avec la valise était retiré <eos>,6,retiré,retirée,4,F,retiré,-5.771143,retirée,-9.165772,1
8053,S_NOUN_1_PASS_b,M,S,le sac avec la valise était tombé <eos>,6,tombé,tombée,4,F,tombé,-5.579321,tombée,-7.35359,1
8054,S_NOUN_1_PASS_b,M,S,le sac avec la valise était utilisé <eos>,6,utilisé,utilisée,4,F,utilisé,-6.8552027,utilisée,-9.637468,1
8055,S_NOUN_1_PASS_b,M,S,le sac avec la pendule était acheté <eos>,6,acheté,achetée,4,F,acheté,-9.26805,achetée,-11.440415,1
8056,S_NOUN_1_PASS_b,M,S,le sac avec la pendule était brisé <eos>,6,brisé,brisée,4,F,brisé,-7.6958175,brisée,-10.162641,1
8057,S_NOUN_1_PASS_b,M,S,le sac avec la pendule était caché <eos>,6,caché,cachée,4,F,caché,-7.4664345,cachée,-9.164151,1
8058,S_NOUN_1_PASS_b,M,S,le sac avec la pendule était cassé <eos>,6,cassé,cassée,4,F,cassé,-6.6850643,cassée,-8.447107,1
8059,S_NOUN_1_PASS_b,M,S,le sac avec la pendule était couvert <eos>,6,couvert,couverte,4,F,couvert,-7.045641,couverte,-9.30253,1
8060,S_NOUN_1_PASS_b,M,S,le sac avec la pendule était déformé <eos>,6,déformé,déformée,4,F,déformé,-10.91937,déformée,-12.055392,1
8061,S_NOUN_1_PASS_b,M,S,le sac avec la pendule était fixé <eos>,6,fixé,fixée,4,F,fixé,-6.116168,fixée,-8.088503,1
8062,S_NOUN_1_PASS_b,M,S,le sac avec la pendule était jeté <eos>,6,jeté,jetée,4,F,jeté,-8.062622,jetée,-11.547226,1
8063,S_NOUN_1_PASS_b,M,S,le sac avec la pendule était laissé <eos>,6,laissé,laissée,4,F,laissé,-8.11701,laissée,-10.517007,1
8064,S_NOUN_1_PASS_b,M,S,le sac avec la pendule était ouvert <eos>,6,ouvert,ouverte,4,F,ouvert,-6.6657233,ouverte,-9.058331,1
8065,S_NOUN_1_PASS_b,M,S,le sac avec la pendule était perdu <eos>,6,perdu,perdue,4,F,perdu,-8.297209,perdue,-9.833366,1
8066,S_NOUN_1_PASS_b,M,S,le sac avec la pendule était réparé <eos>,6,réparé,réparée,4,F,réparé,-9.767887,réparée,-11.225626,1
8067,S_NOUN_1_PASS_b,M,S,le sac avec la pendule était retiré <eos>,6,retiré,retirée,4,F,retiré,-6.314495,retirée,-10.144076,1
8068,S_NOUN_1_PASS_b,M,S,le sac avec la pendule était tombé <eos>,6,tombé,tombée,4,F,tombé,-7.2004557,tombée,-9.872568,1
8069,S_NOUN_1_PASS_b,M,S,le sac avec la pendule était utilisé <eos>,6,utilisé,utilisée,4,F,utilisé,-4.8698964,utilisée,-7.3839173,1
8070,S_NOUN_1_PASS_b,M,S,le sac avec la cloche était acheté <eos>,6,acheté,achetée,4,F,acheté,-7.95881,achetée,-10.461531,1
8071,S_NOUN_1_PASS_b,M,S,le sac avec la cloche était brisé <eos>,6,brisé,brisée,4,F,brisé,-6.6588035,brisée,-10.454817,1
8072,S_NOUN_1_PASS_b,M,S,le sac avec la cloche était caché <eos>,6,caché,cachée,4,F,caché,-6.4033484,cachée,-9.157699,1
8073,S_NOUN_1_PASS_b,M,S,le sac avec la cloche était cassé <eos>,6,cassé,cassée,4,F,cassé,-7.224901,cassée,-9.654364,1
8074,S_NOUN_1_PASS_b,M,S,le sac avec la cloche était couvert <eos>,6,couvert,couverte,4,F,couvert,-6.373708,couverte,-10.37489,1
8075,S_NOUN_1_PASS_b,M,S,le sac avec la cloche était déformé <eos>,6,déformé,déformée,4,F,déformé,-11.699932,déformée,-12.835211,1
8076,S_NOUN_1_PASS_b,M,S,le sac avec la cloche était fixé <eos>,6,fixé,fixée,4,F,fixé,-6.777296,fixée,-9.307073,1
8077,S_NOUN_1_PASS_b,M,S,le sac avec la cloche était jeté <eos>,6,jeté,jetée,4,F,jeté,-6.9496164,jetée,-10.394646,1
8078,S_NOUN_1_PASS_b,M,S,le sac avec la cloche était laissé <eos>,6,laissé,laissée,4,F,laissé,-6.953286,laissée,-10.818695,1
8079,S_NOUN_1_PASS_b,M,S,le sac avec la cloche était ouvert <eos>,6,ouvert,ouverte,4,F,ouvert,-6.7580056,ouverte,-9.796242,1
8080,S_NOUN_1_PASS_b,M,S,le sac avec la cloche était perdu <eos>,6,perdu,perdue,4,F,perdu,-6.033839,perdue,-9.195307,1
8081,S_NOUN_1_PASS_b,M,S,le sac avec la cloche était réparé <eos>,6,réparé,réparée,4,F,réparé,-8.072115,réparée,-11.063349,1
8082,S_NOUN_1_PASS_b,M,S,le sac avec la cloche était retiré <eos>,6,retiré,retirée,4,F,retiré,-6.4278994,retirée,-10.575603,1
8083,S_NOUN_1_PASS_b,M,S,le sac avec la cloche était tombé <eos>,6,tombé,tombée,4,F,tombé,-5.992079,tombée,-8.215999,1
8084,S_NOUN_1_PASS_b,M,S,le sac avec la cloche était utilisé <eos>,6,utilisé,utilisée,4,F,utilisé,-5.602376,utilisée,-8.736633,1
8085,S_NOUN_1_PASS_b,M,S,le sac avec la cerise était acheté <eos>,6,acheté,achetée,4,F,acheté,-9.014327,achetée,-12.998846,1
8086,S_NOUN_1_PASS_b,M,S,le sac avec la cerise était brisé <eos>,6,brisé,brisée,4,F,brisé,-8.961736,brisée,-12.923853,1
8087,S_NOUN_1_PASS_b,M,S,le sac avec la cerise était caché <eos>,6,caché,cachée,4,F,caché,-8.05025,cachée,-11.952468,1
8088,S_NOUN_1_PASS_b,M,S,le sac avec la cerise était cassé <eos>,6,cassé,cassée,4,F,cassé,-8.104964,cassée,-11.669175,1
8089,S_NOUN_1_PASS_b,M,S,le sac avec la cerise était couvert <eos>,6,couvert,couverte,4,F,couvert,-7.1756434,couverte,-10.736454,1
8090,S_NOUN_1_PASS_b,M,S,le sac avec la cerise était déformé <eos>,6,déformé,déformée,4,F,déformé,-11.73328,déformée,-14.1807995,1
8091,S_NOUN_1_PASS_b,M,S,le sac avec la cerise était fixé <eos>,6,fixé,fixée,4,F,fixé,-7.1977334,fixée,-10.911402,1
8092,S_NOUN_1_PASS_b,M,S,le sac avec la cerise était jeté <eos>,6,jeté,jetée,4,F,jeté,-9.527716,jetée,-12.095728,1
8093,S_NOUN_1_PASS_b,M,S,le sac avec la cerise était laissé <eos>,6,laissé,laissée,4,F,laissé,-8.889148,laissée,-11.534009,1
8094,S_NOUN_1_PASS_b,M,S,le sac avec la cerise était ouvert <eos>,6,ouvert,ouverte,4,F,ouvert,-7.844097,ouverte,-11.056792,1
8095,S_NOUN_1_PASS_b,M,S,le sac avec la cerise était perdu <eos>,6,perdu,perdue,4,F,perdu,-7.5722933,perdue,-11.603923,1
8096,S_NOUN_1_PASS_b,M,S,le sac avec la cerise était réparé <eos>,6,réparé,réparée,4,F,réparé,-11.254584,réparée,-14.861474,1
8097,S_NOUN_1_PASS_b,M,S,le sac avec la cerise était retiré <eos>,6,retiré,retirée,4,F,retiré,-7.792817,retirée,-12.237681,1
8098,S_NOUN_1_PASS_b,M,S,le sac avec la cerise était tombé <eos>,6,tombé,tombée,4,F,tombé,-7.680085,tombée,-10.258223,1
8099,S_NOUN_1_PASS_b,M,S,le sac avec la cerise était utilisé <eos>,6,utilisé,utilisée,4,F,utilisé,-4.6299,utilisée,-7.6793184,1
8100,S_NOUN_1_PASS_b,M,S,le clavier avec la gemme était acheté <eos>,6,acheté,achetée,4,F,acheté,-9.243813,achetée,-11.753256,1
8101,S_NOUN_1_PASS_b,M,S,le clavier avec la gemme était brisé <eos>,6,brisé,brisée,4,F,brisé,-8.495713,brisée,-11.631327,1
8102,S_NOUN_1_PASS_b,M,S,le clavier avec la gemme était caché <eos>,6,caché,cachée,4,F,caché,-7.71908,cachée,-9.563331,1
8103,S_NOUN_1_PASS_b,M,S,le clavier avec la gemme était cassé <eos>,6,cassé,cassée,4,F,cassé,-7.0157614,cassée,-10.33855,1
8104,S_NOUN_1_PASS_b,M,S,le clavier avec la gemme était couvert <eos>,6,couvert,couverte,4,F,couvert,-6.596676,couverte,-9.071083,1
8105,S_NOUN_1_PASS_b,M,S,le clavier avec la gemme était déformé <eos>,6,déformé,déformée,4,F,déformé,-10.324829,déformée,-10.878766,1
8106,S_NOUN_1_PASS_b,M,S,le clavier avec la gemme était fixé <eos>,6,fixé,fixée,4,F,fixé,-5.441906,fixée,-7.852561,1
8107,S_NOUN_1_PASS_b,M,S,le clavier avec la gemme était jeté <eos>,6,jeté,jetée,4,F,jeté,-8.940197,jetée,-11.853244,1
8108,S_NOUN_1_PASS_b,M,S,le clavier avec la gemme était laissé <eos>,6,laissé,laissée,4,F,laissé,-8.688545,laissée,-10.451781,1
8109,S_NOUN_1_PASS_b,M,S,le clavier avec la gemme était ouvert <eos>,6,ouvert,ouverte,4,F,ouvert,-6.8365498,ouverte,-8.918241,1
8110,S_NOUN_1_PASS_b,M,S,le clavier avec la gemme était perdu <eos>,6,perdu,perdue,4,F,perdu,-9.180087,perdue,-11.457211,1
8111,S_NOUN_1_PASS_b,M,S,le clavier avec la gemme était réparé <eos>,6,réparé,réparée,4,F,réparé,-11.316221,réparée,-12.96051,1
8112,S_NOUN_1_PASS_b,M,S,le clavier avec la gemme était retiré <eos>,6,retiré,retirée,4,F,retiré,-7.468116,retirée,-12.190126,1
8113,S_NOUN_1_PASS_b,M,S,le clavier avec la gemme était tombé <eos>,6,tombé,tombée,4,F,tombé,-8.450806,tombée,-10.552443,1
8114,S_NOUN_1_PASS_b,M,S,le clavier avec la gemme était utilisé <eos>,6,utilisé,utilisée,4,F,utilisé,-3.791821,utilisée,-6.579036,1
8115,S_NOUN_1_PASS_b,M,S,le clavier avec la chaise était acheté <eos>,6,acheté,achetée,4,F,acheté,-9.477295,achetée,-11.408169,1
8116,S_NOUN_1_PASS_b,M,S,le clavier avec la chaise était brisé <eos>,6,brisé,brisée,4,F,brisé,-8.656323,brisée,-11.017642,1
8117,S_NOUN_1_PASS_b,M,S,le clavier avec la chaise était caché <eos>,6,caché,cachée,4,F,caché,-8.340138,cachée,-9.470125,1
8118,S_NOUN_1_PASS_b,M,S,le clavier avec la chaise était cassé <eos>,6,cassé,cassée,4,F,cassé,-6.9939966,cassée,-9.173374,1
8119,S_NOUN_1_PASS_b,M,S,le clavier avec la chaise était couvert <eos>,6,couvert,couverte,4,F,couvert,-5.783775,couverte,-7.8603444,1
8120,S_NOUN_1_PASS_b,M,S,le clavier avec la chaise était déformé <eos>,6,déformé,déformée,4,F,déformé,-10.408936,déformée,-10.475021,1
8121,S_NOUN_1_PASS_b,M,S,le clavier avec la chaise était fixé <eos>,6,fixé,fixée,4,F,fixé,-6.4858274,fixée,-7.715581,1
8122,S_NOUN_1_PASS_b,M,S,le clavier avec la chaise était jeté <eos>,6,jeté,jetée,4,F,jeté,-8.54944,jetée,-11.743726,1
8123,S_NOUN_1_PASS_b,M,S,le clavier avec la chaise était laissé <eos>,6,laissé,laissée,4,F,laissé,-8.683612,laissée,-10.140919,1
8124,S_NOUN_1_PASS_b,M,S,le clavier avec la chaise était ouvert <eos>,6,ouvert,ouverte,4,F,ouvert,-6.282044,ouverte,-7.757709,1
8125,S_NOUN_1_PASS_b,M,S,le clavier avec la chaise était perdu <eos>,6,perdu,perdue,4,F,perdu,-8.773605,perdue,-10.719759,1
8126,S_NOUN_1_PASS_b,M,S,le clavier avec la chaise était réparé <eos>,6,réparé,réparée,4,F,réparé,-11.29221,réparée,-11.692085,1
8127,S_NOUN_1_PASS_b,M,S,le clavier avec la chaise était retiré <eos>,6,retiré,retirée,4,F,retiré,-8.141753,retirée,-11.887789,1
8128,S_NOUN_1_PASS_b,M,S,le clavier avec la chaise était tombé <eos>,6,tombé,tombée,4,F,tombé,-8.24947,tombée,-10.111106,1
8129,S_NOUN_1_PASS_b,M,S,le clavier avec la chaise était utilisé <eos>,6,utilisé,utilisée,4,F,utilisé,-4.1507907,utilisée,-6.1815476,1
8130,S_NOUN_1_PASS_b,M,S,le clavier avec la poubelle était acheté <eos>,6,acheté,achetée,4,F,acheté,-8.599759,achetée,-11.42096,1
8131,S_NOUN_1_PASS_b,M,S,le clavier avec la poubelle était brisé <eos>,6,brisé,brisée,4,F,brisé,-7.961673,brisée,-11.069437,1
8132,S_NOUN_1_PASS_b,M,S,le clavier avec la poubelle était caché <eos>,6,caché,cachée,4,F,caché,-7.769458,cachée,-9.980826,1
8133,S_NOUN_1_PASS_b,M,S,le clavier avec la poubelle était cassé <eos>,6,cassé,cassée,4,F,cassé,-7.470026,cassée,-10.016629,1
8134,S_NOUN_1_PASS_b,M,S,le clavier avec la poubelle était couvert <eos>,6,couvert,couverte,4,F,couvert,-6.2164087,couverte,-8.520395,1
8135,S_NOUN_1_PASS_b,M,S,le clavier avec la poubelle était déformé <eos>,6,déformé,déformée,4,F,déformé,-9.544519,déformée,-10.562199,1
8136,S_NOUN_1_PASS_b,M,S,le clavier avec la poubelle était fixé <eos>,6,fixé,fixée,4,F,fixé,-6.4636555,fixée,-8.74151,1
8137,S_NOUN_1_PASS_b,M,S,le clavier avec la poubelle était jeté <eos>,6,jeté,jetée,4,F,jeté,-7.628787,jetée,-10.463765,1
8138,S_NOUN_1_PASS_b,M,S,le clavier avec la poubelle était laissé <eos>,6,laissé,laissée,4,F,laissé,-7.501813,laissée,-9.8813505,1
8139,S_NOUN_1_PASS_b,M,S,le clavier avec la poubelle était ouvert <eos>,6,ouvert,ouverte,4,F,ouvert,-6.256902,ouverte,-8.421967,1
8140,S_NOUN_1_PASS_b,M,S,le clavier avec la poubelle était perdu <eos>,6,perdu,perdue,4,F,perdu,-8.10068,perdue,-11.295771,1
8141,S_NOUN_1_PASS_b,M,S,le clavier avec la poubelle était réparé <eos>,6,réparé,réparée,4,F,réparé,-10.085426,réparée,-11.699398,1
8142,S_NOUN_1_PASS_b,M,S,le clavier avec la poubelle était retiré <eos>,6,retiré,retirée,4,F,retiré,-7.1080675,retirée,-11.326457,1
8143,S_NOUN_1_PASS_b,M,S,le clavier avec la poubelle était tombé <eos>,6,tombé,tombée,4,F,tombé,-8.164783,tombée,-9.927025,1
8144,S_NOUN_1_PASS_b,M,S,le clavier avec la poubelle était utilisé <eos>,6,utilisé,utilisée,4,F,utilisé,-4.3213224,utilisée,-7.232688,1
8145,S_NOUN_1_PASS_b,M,S,le clavier avec la chemise était acheté <eos>,6,acheté,achetée,4,F,acheté,-9.05654,achetée,-11.74847,1
8146,S_NOUN_1_PASS_b,M,S,le clavier avec la chemise était brisé <eos>,6,brisé,brisée,4,F,brisé,-9.019907,brisée,-11.971329,1
8147,S_NOUN_1_PASS_b,M,S,le clavier avec la chemise était caché <eos>,6,caché,cachée,4,F,caché,-8.593071,cachée,-10.608779,1
8148,S_NOUN_1_PASS_b,M,S,le clavier avec la chemise était cassé <eos>,6,cassé,cassée,4,F,cassé,-6.5675936,cassée,-10.492701,1
8149,S_NOUN_1_PASS_b,M,S,le clavier avec la chemise était couvert <eos>,6,couvert,couverte,4,F,couvert,-5.9765368,couverte,-7.8453283,1
8150,S_NOUN_1_PASS_b,M,S,le clavier avec la chemise était déformé <eos>,6,déformé,déformée,4,F,déformé,-10.477106,déformée,-10.805295,1
8151,S_NOUN_1_PASS_b,M,S,le clavier avec la chemise était fixé <eos>,6,fixé,fixée,4,F,fixé,-5.8174214,fixée,-8.193975,1
8152,S_NOUN_1_PASS_b,M,S,le clavier avec la chemise était jeté <eos>,6,jeté,jetée,4,F,jeté,-8.221294,jetée,-12.233005,1
8153,S_NOUN_1_PASS_b,M,S,le clavier avec la chemise était laissé <eos>,6,laissé,laissée,4,F,laissé,-8.455882,laissée,-10.663177,1
8154,S_NOUN_1_PASS_b,M,S,le clavier avec la chemise était ouvert <eos>,6,ouvert,ouverte,4,F,ouvert,-6.473859,ouverte,-8.055244,1
8155,S_NOUN_1_PASS_b,M,S,le clavier avec la chemise était perdu <eos>,6,perdu,perdue,4,F,perdu,-9.198142,perdue,-12.384645,1
8156,S_NOUN_1_PASS_b,M,S,le clavier avec la chemise était réparé <eos>,6,réparé,réparée,4,F,réparé,-12.046811,réparée,-12.699966,1
8157,S_NOUN_1_PASS_b,M,S,le clavier avec la chemise était retiré <eos>,6,retiré,retirée,4,F,retiré,-6.9931636,retirée,-12.024694,1
8158,S_NOUN_1_PASS_b,M,S,le clavier avec la chemise était tombé <eos>,6,tombé,tombée,4,F,tombé,-8.161066,tombée,-10.106085,1
8159,S_NOUN_1_PASS_b,M,S,le clavier avec la chemise était utilisé <eos>,6,utilisé,utilisée,4,F,utilisé,-3.9270577,utilisée,-6.58845,1
8160,S_NOUN_1_PASS_b,M,S,le clavier avec la recette était acheté <eos>,6,acheté,achetée,4,F,acheté,-9.806006,achetée,-12.036276,1
8161,S_NOUN_1_PASS_b,M,S,le clavier avec la recette était brisé <eos>,6,brisé,brisée,4,F,brisé,-9.443931,brisée,-12.373839,1
8162,S_NOUN_1_PASS_b,M,S,le clavier avec la recette était caché <eos>,6,caché,cachée,4,F,caché,-8.616243,cachée,-10.113366,1
8163,S_NOUN_1_PASS_b,M,S,le clavier avec la recette était cassé <eos>,6,cassé,cassée,4,F,cassé,-8.640298,cassée,-10.510936,1
8164,S_NOUN_1_PASS_b,M,S,le clavier avec la recette était couvert <eos>,6,couvert,couverte,4,F,couvert,-7.841874,couverte,-9.80916,1
8165,S_NOUN_1_PASS_b,M,S,le clavier avec la recette était déformé <eos>,6,déformé,déformée,4,F,déformé,-11.530361,déformée,-10.878323,0
8166,S_NOUN_1_PASS_b,M,S,le clavier avec la recette était fixé <eos>,6,fixé,fixée,4,F,fixé,-6.731926,fixée,-8.028519,1
8167,S_NOUN_1_PASS_b,M,S,le clavier avec la recette était jeté <eos>,6,jeté,jetée,4,F,jeté,-10.072597,jetée,-12.905007,1
8168,S_NOUN_1_PASS_b,M,S,le clavier avec la recette était laissé <eos>,6,laissé,laissée,4,F,laissé,-8.941713,laissée,-10.41228,1
8169,S_NOUN_1_PASS_b,M,S,le clavier avec la recette était ouvert <eos>,6,ouvert,ouverte,4,F,ouvert,-7.2503405,ouverte,-8.806385,1
8170,S_NOUN_1_PASS_b,M,S,le clavier avec la recette était perdu <eos>,6,perdu,perdue,4,F,perdu,-9.256571,perdue,-10.479308,1
8171,S_NOUN_1_PASS_b,M,S,le clavier avec la recette était réparé <eos>,6,réparé,réparée,4,F,réparé,-12.246896,réparée,-13.508078,1
8172,S_NOUN_1_PASS_b,M,S,le clavier avec la recette était retiré <eos>,6,retiré,retirée,4,F,retiré,-8.564679,retirée,-12.258295,1
8173,S_NOUN_1_PASS_b,M,S,le clavier avec la recette était tombé <eos>,6,tombé,tombée,4,F,tombé,-8.6032715,tombée,-10.205963,1
8174,S_NOUN_1_PASS_b,M,S,le clavier avec la recette était utilisé <eos>,6,utilisé,utilisée,4,F,utilisé,-5.573615,utilisée,-7.577771,1
8175,S_NOUN_1_PASS_b,M,S,le clavier avec la jupe était acheté <eos>,6,acheté,achetée,4,F,acheté,-10.085568,achetée,-11.722008,1
8176,S_NOUN_1_PASS_b,M,S,le clavier avec la jupe était brisé <eos>,6,brisé,brisée,4,F,brisé,-8.764812,brisée,-10.526848,1
8177,S_NOUN_1_PASS_b,M,S,le clavier avec la jupe était caché <eos>,6,caché,cachée,4,F,caché,-9.071076,cachée,-9.136869,1
8178,S_NOUN_1_PASS_b,M,S,le clavier avec la jupe était cassé <eos>,6,cassé,cassée,4,F,cassé,-6.2859044,cassée,-8.473543,1
8179,S_NOUN_1_PASS_b,M,S,le clavier avec la jupe était couvert <eos>,6,couvert,couverte,4,F,couvert,-6.698759,couverte,-7.722644,1
8180,S_NOUN_1_PASS_b,M,S,le clavier avec la jupe était déformé <eos>,6,déformé,déformée,4,F,déformé,-10.732151,déformée,-9.393356,0
8181,S_NOUN_1_PASS_b,M,S,le clavier avec la jupe était fixé <eos>,6,fixé,fixée,4,F,fixé,-6.166401,fixée,-7.0456324,1
8182,S_NOUN_1_PASS_b,M,S,le clavier avec la jupe était jeté <eos>,6,jeté,jetée,4,F,jeté,-9.138052,jetée,-11.764771,1
8183,S_NOUN_1_PASS_b,M,S,le clavier avec la jupe était laissé <eos>,6,laissé,laissée,4,F,laissé,-8.847513,laissée,-9.824091,1
8184,S_NOUN_1_PASS_b,M,S,le clavier avec la jupe était ouvert <eos>,6,ouvert,ouverte,4,F,ouvert,-6.7206345,ouverte,-7.170082,1
8185,S_NOUN_1_PASS_b,M,S,le clavier avec la jupe était perdu <eos>,6,perdu,perdue,4,F,perdu,-9.950308,perdue,-11.139162,1
8186,S_NOUN_1_PASS_b,M,S,le clavier avec la jupe était réparé <eos>,6,réparé,réparée,4,F,réparé,-12.46526,réparée,-11.536682,0
8187,S_NOUN_1_PASS_b,M,S,le clavier avec la jupe était retiré <eos>,6,retiré,retirée,4,F,retiré,-8.131003,retirée,-11.165395,1
8188,S_NOUN_1_PASS_b,M,S,le clavier avec la jupe était tombé <eos>,6,tombé,tombée,4,F,tombé,-8.380394,tombée,-9.787743,1
8189,S_NOUN_1_PASS_b,M,S,le clavier avec la jupe était utilisé <eos>,6,utilisé,utilisée,4,F,utilisé,-5.579116,utilisée,-6.828332,1
8190,S_NOUN_1_PASS_b,M,S,le clavier avec la colle était acheté <eos>,6,acheté,achetée,4,F,acheté,-8.715284,achetée,-11.577119,1
8191,S_NOUN_1_PASS_b,M,S,le clavier avec la colle était brisé <eos>,6,brisé,brisée,4,F,brisé,-8.726182,brisée,-12.077666,1
8192,S_NOUN_1_PASS_b,M,S,le clavier avec la colle était caché <eos>,6,caché,cachée,4,F,caché,-7.7672777,cachée,-9.678518,1
8193,S_NOUN_1_PASS_b,M,S,le clavier avec la colle était cassé <eos>,6,cassé,cassée,4,F,cassé,-7.3321505,cassée,-10.375048,1
8194,S_NOUN_1_PASS_b,M,S,le clavier avec la colle était couvert <eos>,6,couvert,couverte,4,F,couvert,-6.6731806,couverte,-8.930261,1
8195,S_NOUN_1_PASS_b,M,S,le clavier avec la colle était déformé <eos>,6,déformé,déformée,4,F,déformé,-9.8988285,déformée,-11.054578,1
8196,S_NOUN_1_PASS_b,M,S,le clavier avec la colle était fixé <eos>,6,fixé,fixée,4,F,fixé,-5.9669104,fixée,-8.29722,1
8197,S_NOUN_1_PASS_b,M,S,le clavier avec la colle était jeté <eos>,6,jeté,jetée,4,F,jeté,-8.807033,jetée,-12.281513,1
8198,S_NOUN_1_PASS_b,M,S,le clavier avec la colle était laissé <eos>,6,laissé,laissée,4,F,laissé,-8.510498,laissée,-10.111023,1
8199,S_NOUN_1_PASS_b,M,S,le clavier avec la colle était ouvert <eos>,6,ouvert,ouverte,4,F,ouvert,-6.739396,ouverte,-8.738507,1
8200,S_NOUN_1_PASS_b,M,S,le clavier avec la colle était perdu <eos>,6,perdu,perdue,4,F,perdu,-8.742136,perdue,-10.553926,1
8201,S_NOUN_1_PASS_b,M,S,le clavier avec la colle était réparé <eos>,6,réparé,réparée,4,F,réparé,-11.331055,réparée,-13.366674,1
8202,S_NOUN_1_PASS_b,M,S,le clavier avec la colle était retiré <eos>,6,retiré,retirée,4,F,retiré,-6.895901,retirée,-11.4704895,1
8203,S_NOUN_1_PASS_b,M,S,le clavier avec la colle était tombé <eos>,6,tombé,tombée,4,F,tombé,-7.9756546,tombée,-10.203822,1
8204,S_NOUN_1_PASS_b,M,S,le clavier avec la colle était utilisé <eos>,6,utilisé,utilisée,4,F,utilisé,-3.9913347,utilisée,-6.911932,1
8205,S_NOUN_1_PASS_b,M,S,le clavier avec la lampe était acheté <eos>,6,acheté,achetée,4,F,acheté,-9.494462,achetée,-10.447539,1
8206,S_NOUN_1_PASS_b,M,S,le clavier avec la lampe était brisé <eos>,6,brisé,brisée,4,F,brisé,-8.311617,brisée,-10.385403,1
8207,S_NOUN_1_PASS_b,M,S,le clavier avec la lampe était caché <eos>,6,caché,cachée,4,F,caché,-7.795649,cachée,-8.818741,1
8208,S_NOUN_1_PASS_b,M,S,le clavier avec la lampe était cassé <eos>,6,cassé,cassée,4,F,cassé,-7.7204237,cassée,-8.989191,1
8209,S_NOUN_1_PASS_b,M,S,le clavier avec la lampe était couvert <eos>,6,couvert,couverte,4,F,couvert,-6.7965283,couverte,-8.528612,1
8210,S_NOUN_1_PASS_b,M,S,le clavier avec la lampe était déformé <eos>,6,déformé,déformée,4,F,déformé,-10.665006,déformée,-10.383864,0
8211,S_NOUN_1_PASS_b,M,S,le clavier avec la lampe était fixé <eos>,6,fixé,fixée,4,F,fixé,-6.1073327,fixée,-7.692372,1
8212,S_NOUN_1_PASS_b,M,S,le clavier avec la lampe était jeté <eos>,6,jeté,jetée,4,F,jeté,-8.595691,jetée,-10.874675,1
8213,S_NOUN_1_PASS_b,M,S,le clavier avec la lampe était laissé <eos>,6,laissé,laissée,4,F,laissé,-8.937631,laissée,-9.505671,1
8214,S_NOUN_1_PASS_b,M,S,le clavier avec la lampe était ouvert <eos>,6,ouvert,ouverte,4,F,ouvert,-6.727965,ouverte,-8.1178665,1
8215,S_NOUN_1_PASS_b,M,S,le clavier avec la lampe était perdu <eos>,6,perdu,perdue,4,F,perdu,-9.161886,perdue,-10.226247,1
8216,S_NOUN_1_PASS_b,M,S,le clavier avec la lampe était réparé <eos>,6,réparé,réparée,4,F,réparé,-11.310386,réparée,-12.061076,1
8217,S_NOUN_1_PASS_b,M,S,le clavier avec la lampe était retiré <eos>,6,retiré,retirée,4,F,retiré,-8.022421,retirée,-11.015731,1
8218,S_NOUN_1_PASS_b,M,S,le clavier avec la lampe était tombé <eos>,6,tombé,tombée,4,F,tombé,-8.351301,tombée,-9.637377,1
8219,S_NOUN_1_PASS_b,M,S,le clavier avec la lampe était utilisé <eos>,6,utilisé,utilisée,4,F,utilisé,-4.7479706,utilisée,-6.661644,1
8220,S_NOUN_1_PASS_b,M,S,le clavier avec la bouteille était acheté <eos>,6,acheté,achetée,4,F,acheté,-8.710438,achetée,-10.793575,1
8221,S_NOUN_1_PASS_b,M,S,le clavier avec la bouteille était brisé <eos>,6,brisé,brisée,4,F,brisé,-8.332681,brisée,-11.01906,1
8222,S_NOUN_1_PASS_b,M,S,le clavier avec la bouteille était caché <eos>,6,caché,cachée,4,F,caché,-7.3867373,cachée,-9.020487,1
8223,S_NOUN_1_PASS_b,M,S,le clavier avec la bouteille était cassé <eos>,6,cassé,cassée,4,F,cassé,-6.300393,cassée,-8.776584,1
8224,S_NOUN_1_PASS_b,M,S,le clavier avec la bouteille était couvert <eos>,6,couvert,couverte,4,F,couvert,-6.1835604,couverte,-8.84674,1
8225,S_NOUN_1_PASS_b,M,S,le clavier avec la bouteille était déformé <eos>,6,déformé,déformée,4,F,déformé,-10.199126,déformée,-9.996909,0
8226,S_NOUN_1_PASS_b,M,S,le clavier avec la bouteille était fixé <eos>,6,fixé,fixée,4,F,fixé,-5.278001,fixée,-7.5464487,1
8227,S_NOUN_1_PASS_b,M,S,le clavier avec la bouteille était jeté <eos>,6,jeté,jetée,4,F,jeté,-7.892948,jetée,-10.906824,1
8228,S_NOUN_1_PASS_b,M,S,le clavier avec la bouteille était laissé <eos>,6,laissé,laissée,4,F,laissé,-8.126592,laissée,-9.630275,1
8229,S_NOUN_1_PASS_b,M,S,le clavier avec la bouteille était ouvert <eos>,6,ouvert,ouverte,4,F,ouvert,-6.103786,ouverte,-7.9972997,1
8230,S_NOUN_1_PASS_b,M,S,le clavier avec la bouteille était perdu <eos>,6,perdu,perdue,4,F,perdu,-8.266339,perdue,-10.576552,1
8231,S_NOUN_1_PASS_b,M,S,le clavier avec la bouteille était réparé <eos>,6,réparé,réparée,4,F,réparé,-11.145124,réparée,-12.676683,1
8232,S_NOUN_1_PASS_b,M,S,le clavier avec la bouteille était retiré <eos>,6,retiré,retirée,4,F,retiré,-6.815063,retirée,-11.0632305,1
8233,S_NOUN_1_PASS_b,M,S,le clavier avec la bouteille était tombé <eos>,6,tombé,tombée,4,F,tombé,-7.8647327,tombée,-9.813114,1
8234,S_NOUN_1_PASS_b,M,S,le clavier avec la bouteille était utilisé <eos>,6,utilisé,utilisée,4,F,utilisé,-4.532529,utilisée,-6.9957714,1
8235,S_NOUN_1_PASS_b,M,S,le clavier avec la boisson était acheté <eos>,6,acheté,achetée,4,F,acheté,-9.440025,achetée,-11.447491,1
8236,S_NOUN_1_PASS_b,M,S,le clavier avec la boisson était brisé <eos>,6,brisé,brisée,4,F,brisé,-10.382722,brisée,-12.934572,1
8237,S_NOUN_1_PASS_b,M,S,le clavier avec la boisson était caché <eos>,6,caché,cachée,4,F,caché,-9.580418,cachée,-10.787794,1
8238,S_NOUN_1_PASS_b,M,S,le clavier avec la boisson était cassé <eos>,6,cassé,cassée,4,F,cassé,-8.168823,cassée,-11.089124,1
8239,S_NOUN_1_PASS_b,M,S,le clavier avec la boisson était couvert <eos>,6,couvert,couverte,4,F,couvert,-7.9239273,couverte,-9.8694515,1
8240,S_NOUN_1_PASS_b,M,S,le clavier avec la boisson était déformé <eos>,6,déformé,déformée,4,F,déformé,-11.096823,déformée,-11.354269,1
8241,S_NOUN_1_PASS_b,M,S,le clavier avec la boisson était fixé <eos>,6,fixé,fixée,4,F,fixé,-6.933938,fixée,-8.830711,1
8242,S_NOUN_1_PASS_b,M,S,le clavier avec la boisson était jeté <eos>,6,jeté,jetée,4,F,jeté,-9.631456,jetée,-12.414846,1
8243,S_NOUN_1_PASS_b,M,S,le clavier avec la boisson était laissé <eos>,6,laissé,laissée,4,F,laissé,-9.255816,laissée,-10.698669,1
8244,S_NOUN_1_PASS_b,M,S,le clavier avec la boisson était ouvert <eos>,6,ouvert,ouverte,4,F,ouvert,-7.5609827,ouverte,-9.08792,1
8245,S_NOUN_1_PASS_b,M,S,le clavier avec la boisson était perdu <eos>,6,perdu,perdue,4,F,perdu,-9.662362,perdue,-11.078902,1
8246,S_NOUN_1_PASS_b,M,S,le clavier avec la boisson était réparé <eos>,6,réparé,réparée,4,F,réparé,-12.179761,réparée,-13.96941,1
8247,S_NOUN_1_PASS_b,M,S,le clavier avec la boisson était retiré <eos>,6,retiré,retirée,4,F,retiré,-7.9436703,retirée,-12.00866,1
8248,S_NOUN_1_PASS_b,M,S,le clavier avec la boisson était tombé <eos>,6,tombé,tombée,4,F,tombé,-8.609591,tombée,-9.821817,1
8249,S_NOUN_1_PASS_b,M,S,le clavier avec la boisson était utilisé <eos>,6,utilisé,utilisée,4,F,utilisé,-4.4078207,utilisée,-6.499423,1
8250,S_NOUN_1_PASS_b,M,S,le clavier avec la pomme était acheté <eos>,6,acheté,achetée,4,F,acheté,-9.3048315,achetée,-12.078703,1
8251,S_NOUN_1_PASS_b,M,S,le clavier avec la pomme était brisé <eos>,6,brisé,brisée,4,F,brisé,-8.219831,brisée,-12.309439,1
8252,S_NOUN_1_PASS_b,M,S,le clavier avec la pomme était caché <eos>,6,caché,cachée,4,F,caché,-8.15683,cachée,-10.654343,1
8253,S_NOUN_1_PASS_b,M,S,le clavier avec la pomme était cassé <eos>,6,cassé,cassée,4,F,cassé,-7.3065133,cassée,-10.32732,1
8254,S_NOUN_1_PASS_b,M,S,le clavier avec la pomme était couvert <eos>,6,couvert,couverte,4,F,couvert,-6.607067,couverte,-9.334767,1
8255,S_NOUN_1_PASS_b,M,S,le clavier avec la pomme était déformé <eos>,6,déformé,déformée,4,F,déformé,-10.513128,déformée,-10.724174,1
8256,S_NOUN_1_PASS_b,M,S,le clavier avec la pomme était fixé <eos>,6,fixé,fixée,4,F,fixé,-6.504403,fixée,-9.143571,1
8257,S_NOUN_1_PASS_b,M,S,le clavier avec la pomme était jeté <eos>,6,jeté,jetée,4,F,jeté,-8.795222,jetée,-12.298821,1
8258,S_NOUN_1_PASS_b,M,S,le clavier avec la pomme était laissé <eos>,6,laissé,laissée,4,F,laissé,-9.083594,laissée,-10.787967,1
8259,S_NOUN_1_PASS_b,M,S,le clavier avec la pomme était ouvert <eos>,6,ouvert,ouverte,4,F,ouvert,-6.489476,ouverte,-8.861263,1
8260,S_NOUN_1_PASS_b,M,S,le clavier avec la pomme était perdu <eos>,6,perdu,perdue,4,F,perdu,-9.337627,perdue,-11.9171505,1
8261,S_NOUN_1_PASS_b,M,S,le clavier avec la pomme était réparé <eos>,6,réparé,réparée,4,F,réparé,-10.990881,réparée,-13.572576,1
8262,S_NOUN_1_PASS_b,M,S,le clavier avec la pomme était retiré <eos>,6,retiré,retirée,4,F,retiré,-7.5326586,retirée,-12.5080185,1
8263,S_NOUN_1_PASS_b,M,S,le clavier avec la pomme était tombé <eos>,6,tombé,tombée,4,F,tombé,-8.11258,tombée,-10.696205,1
8264,S_NOUN_1_PASS_b,M,S,le clavier avec la pomme était utilisé <eos>,6,utilisé,utilisée,4,F,utilisé,-3.9044251,utilisée,-6.8895164,1
8265,S_NOUN_1_PASS_b,M,S,le clavier avec la tasse était acheté <eos>,6,acheté,achetée,4,F,acheté,-8.384636,achetée,-10.898198,1
8266,S_NOUN_1_PASS_b,M,S,le clavier avec la tasse était brisé <eos>,6,brisé,brisée,4,F,brisé,-8.350491,brisée,-11.792023,1
8267,S_NOUN_1_PASS_b,M,S,le clavier avec la tasse était caché <eos>,6,caché,cachée,4,F,caché,-7.038049,cachée,-10.015719,1
8268,S_NOUN_1_PASS_b,M,S,le clavier avec la tasse était cassé <eos>,6,cassé,cassée,4,F,cassé,-6.9959292,cassée,-9.926537,1
8269,S_NOUN_1_PASS_b,M,S,le clavier avec la tasse était couvert <eos>,6,couvert,couverte,4,F,couvert,-6.139039,couverte,-9.007003,1
8270,S_NOUN_1_PASS_b,M,S,le clavier avec la tasse était déformé <eos>,6,déformé,déformée,4,F,déformé,-10.519647,déformée,-10.812562,1
8271,S_NOUN_1_PASS_b,M,S,le clavier avec la tasse était fixé <eos>,6,fixé,fixée,4,F,fixé,-5.935207,fixée,-8.066082,1
8272,S_NOUN_1_PASS_b,M,S,le clavier avec la tasse était jeté <eos>,6,jeté,jetée,4,F,jeté,-7.9491873,jetée,-11.520869,1
8273,S_NOUN_1_PASS_b,M,S,le clavier avec la tasse était laissé <eos>,6,laissé,laissée,4,F,laissé,-8.271891,laissée,-9.821547,1
8274,S_NOUN_1_PASS_b,M,S,le clavier avec la tasse était ouvert <eos>,6,ouvert,ouverte,4,F,ouvert,-5.858369,ouverte,-7.8614883,1
8275,S_NOUN_1_PASS_b,M,S,le clavier avec la tasse était perdu <eos>,6,perdu,perdue,4,F,perdu,-8.739491,perdue,-11.573556,1
8276,S_NOUN_1_PASS_b,M,S,le clavier avec la tasse était réparé <eos>,6,réparé,réparée,4,F,réparé,-10.663683,réparée,-12.833994,1
8277,S_NOUN_1_PASS_b,M,S,le clavier avec la tasse était retiré <eos>,6,retiré,retirée,4,F,retiré,-6.7352977,retirée,-11.095514,1
8278,S_NOUN_1_PASS_b,M,S,le clavier avec la tasse était tombé <eos>,6,tombé,tombée,4,F,tombé,-8.001708,tombée,-10.272054,1
8279,S_NOUN_1_PASS_b,M,S,le clavier avec la tasse était utilisé <eos>,6,utilisé,utilisée,4,F,utilisé,-3.5457153,utilisée,-6.3052807,1
8280,S_NOUN_1_PASS_b,M,S,le clavier avec la bougie était acheté <eos>,6,acheté,achetée,4,F,acheté,-9.4829,achetée,-12.368278,1
8281,S_NOUN_1_PASS_b,M,S,le clavier avec la bougie était brisé <eos>,6,brisé,brisée,4,F,brisé,-8.350763,brisée,-12.111277,1
8282,S_NOUN_1_PASS_b,M,S,le clavier avec la bougie était caché <eos>,6,caché,cachée,4,F,caché,-7.709982,cachée,-10.701725,1
8283,S_NOUN_1_PASS_b,M,S,le clavier avec la bougie était cassé <eos>,6,cassé,cassée,4,F,cassé,-6.6250563,cassée,-10.250502,1
8284,S_NOUN_1_PASS_b,M,S,le clavier avec la bougie était couvert <eos>,6,couvert,couverte,4,F,couvert,-6.8633814,couverte,-9.706751,1
8285,S_NOUN_1_PASS_b,M,S,le clavier avec la bougie était déformé <eos>,6,déformé,déformée,4,F,déformé,-10.936404,déformée,-11.196034,1
8286,S_NOUN_1_PASS_b,M,S,le clavier avec la bougie était fixé <eos>,6,fixé,fixée,4,F,fixé,-6.5839596,fixée,-9.3363495,1
8287,S_NOUN_1_PASS_b,M,S,le clavier avec la bougie était jeté <eos>,6,jeté,jetée,4,F,jeté,-8.999437,jetée,-12.318966,1
8288,S_NOUN_1_PASS_b,M,S,le clavier avec la bougie était laissé <eos>,6,laissé,laissée,4,F,laissé,-8.446978,laissée,-10.817213,1
8289,S_NOUN_1_PASS_b,M,S,le clavier avec la bougie était ouvert <eos>,6,ouvert,ouverte,4,F,ouvert,-6.6981525,ouverte,-9.382852,1
8290,S_NOUN_1_PASS_b,M,S,le clavier avec la bougie était perdu <eos>,6,perdu,perdue,4,F,perdu,-8.372251,perdue,-10.99066,1
8291,S_NOUN_1_PASS_b,M,S,le clavier avec la bougie était réparé <eos>,6,réparé,réparée,4,F,réparé,-11.079347,réparée,-12.976224,1
8292,S_NOUN_1_PASS_b,M,S,le clavier avec la bougie était retiré <eos>,6,retiré,retirée,4,F,retiré,-7.5518327,retirée,-11.4793,1
8293,S_NOUN_1_PASS_b,M,S,le clavier avec la bougie était tombé <eos>,6,tombé,tombée,4,F,tombé,-7.950986,tombée,-10.365606,1
8294,S_NOUN_1_PASS_b,M,S,le clavier avec la bougie était utilisé <eos>,6,utilisé,utilisée,4,F,utilisé,-4.3477125,utilisée,-7.4415073,1
8295,S_NOUN_1_PASS_b,M,S,le clavier avec la pochette était acheté <eos>,6,acheté,achetée,4,F,acheté,-9.265478,achetée,-11.2528105,1
8296,S_NOUN_1_PASS_b,M,S,le clavier avec la pochette était brisé <eos>,6,brisé,brisée,4,F,brisé,-9.359949,brisée,-12.306395,1
8297,S_NOUN_1_PASS_b,M,S,le clavier avec la pochette était caché <eos>,6,caché,cachée,4,F,caché,-8.119636,cachée,-10.033176,1
8298,S_NOUN_1_PASS_b,M,S,le clavier avec la pochette était cassé <eos>,6,cassé,cassée,4,F,cassé,-7.4982014,cassée,-10.746521,1
8299,S_NOUN_1_PASS_b,M,S,le clavier avec la pochette était couvert <eos>,6,couvert,couverte,4,F,couvert,-7.274907,couverte,-9.393285,1
8300,S_NOUN_1_PASS_b,M,S,le clavier avec la pochette était déformé <eos>,6,déformé,déformée,4,F,déformé,-10.761133,déformée,-10.598057,0
8301,S_NOUN_1_PASS_b,M,S,le clavier avec la pochette était fixé <eos>,6,fixé,fixée,4,F,fixé,-5.835531,fixée,-7.8863535,1
8302,S_NOUN_1_PASS_b,M,S,le clavier avec la pochette était jeté <eos>,6,jeté,jetée,4,F,jeté,-9.65663,jetée,-12.998501,1
8303,S_NOUN_1_PASS_b,M,S,le clavier avec la pochette était laissé <eos>,6,laissé,laissée,4,F,laissé,-8.319054,laissée,-10.577337,1
8304,S_NOUN_1_PASS_b,M,S,le clavier avec la pochette était ouvert <eos>,6,ouvert,ouverte,4,F,ouvert,-7.9432273,ouverte,-9.650015,1
8305,S_NOUN_1_PASS_b,M,S,le clavier avec la pochette était perdu <eos>,6,perdu,perdue,4,F,perdu,-8.770033,perdue,-11.802099,1
8306,S_NOUN_1_PASS_b,M,S,le clavier avec la pochette était réparé <eos>,6,réparé,réparée,4,F,réparé,-12.390199,réparée,-13.452988,1
8307,S_NOUN_1_PASS_b,M,S,le clavier avec la pochette était retiré <eos>,6,retiré,retirée,4,F,retiré,-7.0988436,retirée,-10.76049,1
8308,S_NOUN_1_PASS_b,M,S,le clavier avec la pochette était tombé <eos>,6,tombé,tombée,4,F,tombé,-8.066045,tombée,-10.308752,1
8309,S_NOUN_1_PASS_b,M,S,le clavier avec la pochette était utilisé <eos>,6,utilisé,utilisée,4,F,utilisé,-6.170271,utilisée,-8.32078,1
8310,S_NOUN_1_PASS_b,M,S,le clavier avec la banane était acheté <eos>,6,acheté,achetée,4,F,acheté,-9.310118,achetée,-11.91246,1
8311,S_NOUN_1_PASS_b,M,S,le clavier avec la banane était brisé <eos>,6,brisé,brisée,4,F,brisé,-9.480737,brisée,-12.895098,1
8312,S_NOUN_1_PASS_b,M,S,le clavier avec la banane était caché <eos>,6,caché,cachée,4,F,caché,-9.289068,cachée,-11.5677595,1
8313,S_NOUN_1_PASS_b,M,S,le clavier avec la banane était cassé <eos>,6,cassé,cassée,4,F,cassé,-6.9957705,cassée,-10.699542,1
8314,S_NOUN_1_PASS_b,M,S,le clavier avec la banane était couvert <eos>,6,couvert,couverte,4,F,couvert,-7.3061857,couverte,-9.234289,1
8315,S_NOUN_1_PASS_b,M,S,le clavier avec la banane était déformé <eos>,6,déformé,déformée,4,F,déformé,-11.667029,déformée,-11.871703,1
8316,S_NOUN_1_PASS_b,M,S,le clavier avec la banane était fixé <eos>,6,fixé,fixée,4,F,fixé,-6.9080534,fixée,-8.500434,1
8317,S_NOUN_1_PASS_b,M,S,le clavier avec la banane était jeté <eos>,6,jeté,jetée,4,F,jeté,-9.083824,jetée,-12.622051,1
8318,S_NOUN_1_PASS_b,M,S,le clavier avec la banane était laissé <eos>,6,laissé,laissée,4,F,laissé,-9.312342,laissée,-11.288503,1
8319,S_NOUN_1_PASS_b,M,S,le clavier avec la banane était ouvert <eos>,6,ouvert,ouverte,4,F,ouvert,-7.112356,ouverte,-8.439114,1
8320,S_NOUN_1_PASS_b,M,S,le clavier avec la banane était perdu <eos>,6,perdu,perdue,4,F,perdu,-9.33455,perdue,-11.565666,1
8321,S_NOUN_1_PASS_b,M,S,le clavier avec la banane était réparé <eos>,6,réparé,réparée,4,F,réparé,-11.586378,réparée,-13.830176,1
8322,S_NOUN_1_PASS_b,M,S,le clavier avec la banane était retiré <eos>,6,retiré,retirée,4,F,retiré,-8.170411,retirée,-12.376622,1
8323,S_NOUN_1_PASS_b,M,S,le clavier avec la banane était tombé <eos>,6,tombé,tombée,4,F,tombé,-8.269544,tombée,-10.237684,1
8324,S_NOUN_1_PASS_b,M,S,le clavier avec la banane était utilisé <eos>,6,utilisé,utilisée,4,F,utilisé,-3.735649,utilisée,-6.115258,1
8325,S_NOUN_1_PASS_b,M,S,le clavier avec la robe était acheté <eos>,6,acheté,achetée,4,F,acheté,-9.313835,achetée,-10.955864,1
8326,S_NOUN_1_PASS_b,M,S,le clavier avec la robe était brisé <eos>,6,brisé,brisée,4,F,brisé,-9.839531,brisée,-11.568276,1
8327,S_NOUN_1_PASS_b,M,S,le clavier avec la robe était caché <eos>,6,caché,cachée,4,F,caché,-9.197659,cachée,-10.08742,1
8328,S_NOUN_1_PASS_b,M,S,le clavier avec la robe était cassé <eos>,6,cassé,cassée,4,F,cassé,-6.6327696,cassée,-10.063604,1
8329,S_NOUN_1_PASS_b,M,S,le clavier avec la robe était couvert <eos>,6,couvert,couverte,4,F,couvert,-7.5579863,couverte,-8.209551,1
8330,S_NOUN_1_PASS_b,M,S,le clavier avec la robe était déformé <eos>,6,déformé,déformée,4,F,déformé,-10.382725,déformée,-10.115373,0
8331,S_NOUN_1_PASS_b,M,S,le clavier avec la robe était fixé <eos>,6,fixé,fixée,4,F,fixé,-5.713256,fixée,-7.0787535,1
8332,S_NOUN_1_PASS_b,M,S,le clavier avec la robe était jeté <eos>,6,jeté,jetée,4,F,jeté,-9.192027,jetée,-12.546484,1
8333,S_NOUN_1_PASS_b,M,S,le clavier avec la robe était laissé <eos>,6,laissé,laissée,4,F,laissé,-8.976477,laissée,-10.412106,1
8334,S_NOUN_1_PASS_b,M,S,le clavier avec la robe était ouvert <eos>,6,ouvert,ouverte,4,F,ouvert,-7.599187,ouverte,-8.2912855,1
8335,S_NOUN_1_PASS_b,M,S,le clavier avec la robe était perdu <eos>,6,perdu,perdue,4,F,perdu,-9.685317,perdue,-11.499224,1
8336,S_NOUN_1_PASS_b,M,S,le clavier avec la robe était réparé <eos>,6,réparé,réparée,4,F,réparé,-12.884327,réparée,-12.56595,0
8337,S_NOUN_1_PASS_b,M,S,le clavier avec la robe était retiré <eos>,6,retiré,retirée,4,F,retiré,-6.825663,retirée,-10.7494545,1
8338,S_NOUN_1_PASS_b,M,S,le clavier avec la robe était tombé <eos>,6,tombé,tombée,4,F,tombé,-8.64514,tombée,-9.326976,1
8339,S_NOUN_1_PASS_b,M,S,le clavier avec la robe était utilisé <eos>,6,utilisé,utilisée,4,F,utilisé,-4.8546963,utilisée,-6.6031704,1
8340,S_NOUN_1_PASS_b,M,S,le clavier avec la valise était acheté <eos>,6,acheté,achetée,4,F,acheté,-8.380616,achetée,-11.188215,1
8341,S_NOUN_1_PASS_b,M,S,le clavier avec la valise était brisé <eos>,6,brisé,brisée,4,F,brisé,-7.9045086,brisée,-11.048563,1
8342,S_NOUN_1_PASS_b,M,S,le clavier avec la valise était caché <eos>,6,caché,cachée,4,F,caché,-7.123599,cachée,-9.620984,1
8343,S_NOUN_1_PASS_b,M,S,le clavier avec la valise était cassé <eos>,6,cassé,cassée,4,F,cassé,-7.4798384,cassée,-9.478356,1
8344,S_NOUN_1_PASS_b,M,S,le clavier avec la valise était couvert <eos>,6,couvert,couverte,4,F,couvert,-6.178199,couverte,-8.575463,1
8345,S_NOUN_1_PASS_b,M,S,le clavier avec la valise était déformé <eos>,6,déformé,déformée,4,F,déformé,-10.134849,déformée,-10.732965,1
8346,S_NOUN_1_PASS_b,M,S,le clavier avec la valise était fixé <eos>,6,fixé,fixée,4,F,fixé,-6.198308,fixée,-7.781954,1
8347,S_NOUN_1_PASS_b,M,S,le clavier avec la valise était jeté <eos>,6,jeté,jetée,4,F,jeté,-7.758932,jetée,-11.857754,1
8348,S_NOUN_1_PASS_b,M,S,le clavier avec la valise était laissé <eos>,6,laissé,laissée,4,F,laissé,-7.959765,laissée,-9.992083,1
8349,S_NOUN_1_PASS_b,M,S,le clavier avec la valise était ouvert <eos>,6,ouvert,ouverte,4,F,ouvert,-5.916227,ouverte,-7.9078145,1
8350,S_NOUN_1_PASS_b,M,S,le clavier avec la valise était perdu <eos>,6,perdu,perdue,4,F,perdu,-8.137324,perdue,-10.635559,1
8351,S_NOUN_1_PASS_b,M,S,le clavier avec la valise était réparé <eos>,6,réparé,réparée,4,F,réparé,-10.809679,réparée,-12.536659,1
8352,S_NOUN_1_PASS_b,M,S,le clavier avec la valise était retiré <eos>,6,retiré,retirée,4,F,retiré,-6.7419844,retirée,-10.655158,1
8353,S_NOUN_1_PASS_b,M,S,le clavier avec la valise était tombé <eos>,6,tombé,tombée,4,F,tombé,-7.9435515,tombée,-10.301058,1
8354,S_NOUN_1_PASS_b,M,S,le clavier avec la valise était utilisé <eos>,6,utilisé,utilisée,4,F,utilisé,-5.334928,utilisée,-7.944718,1
8355,S_NOUN_1_PASS_b,M,S,le clavier avec la pendule était acheté <eos>,6,acheté,achetée,4,F,acheté,-9.59198,achetée,-11.365364,1
8356,S_NOUN_1_PASS_b,M,S,le clavier avec la pendule était brisé <eos>,6,brisé,brisée,4,F,brisé,-8.00264,brisée,-10.019608,1
8357,S_NOUN_1_PASS_b,M,S,le clavier avec la pendule était caché <eos>,6,caché,cachée,4,F,caché,-7.6432095,cachée,-8.410018,1
8358,S_NOUN_1_PASS_b,M,S,le clavier avec la pendule était cassé <eos>,6,cassé,cassée,4,F,cassé,-5.7151856,cassée,-8.199112,1
8359,S_NOUN_1_PASS_b,M,S,le clavier avec la pendule était couvert <eos>,6,couvert,couverte,4,F,couvert,-6.1791906,couverte,-7.87226,1
8360,S_NOUN_1_PASS_b,M,S,le clavier avec la pendule était déformé <eos>,6,déformé,déformée,4,F,déformé,-10.377452,déformée,-9.897048,0
8361,S_NOUN_1_PASS_b,M,S,le clavier avec la pendule était fixé <eos>,6,fixé,fixée,4,F,fixé,-5.143547,fixée,-6.306962,1
8362,S_NOUN_1_PASS_b,M,S,le clavier avec la pendule était jeté <eos>,6,jeté,jetée,4,F,jeté,-8.663435,jetée,-11.954071,1
8363,S_NOUN_1_PASS_b,M,S,le clavier avec la pendule était laissé <eos>,6,laissé,laissée,4,F,laissé,-8.908841,laissée,-9.940703,1
8364,S_NOUN_1_PASS_b,M,S,le clavier avec la pendule était ouvert <eos>,6,ouvert,ouverte,4,F,ouvert,-5.986057,ouverte,-7.6123767,1
8365,S_NOUN_1_PASS_b,M,S,le clavier avec la pendule était perdu <eos>,6,perdu,perdue,4,F,perdu,-9.978169,perdue,-10.031776,1
8366,S_NOUN_1_PASS_b,M,S,le clavier avec la pendule était réparé <eos>,6,réparé,réparée,4,F,réparé,-11.916721,réparée,-11.864765,0
8367,S_NOUN_1_PASS_b,M,S,le clavier avec la pendule était retiré <eos>,6,retiré,retirée,4,F,retiré,-7.3360662,retirée,-11.1325865,1
8368,S_NOUN_1_PASS_b,M,S,le clavier avec la pendule était tombé <eos>,6,tombé,tombée,4,F,tombé,-8.202374,tombée,-10.818712,1
8369,S_NOUN_1_PASS_b,M,S,le clavier avec la pendule était utilisé <eos>,6,utilisé,utilisée,4,F,utilisé,-4.8706484,utilisée,-6.8427467,1
8370,S_NOUN_1_PASS_b,M,S,le clavier avec la cloche était acheté <eos>,6,acheté,achetée,4,F,acheté,-9.012236,achetée,-11.019009,1
8371,S_NOUN_1_PASS_b,M,S,le clavier avec la cloche était brisé <eos>,6,brisé,brisée,4,F,brisé,-7.6782804,brisée,-11.147081,1
8372,S_NOUN_1_PASS_b,M,S,le clavier avec la cloche était caché <eos>,6,caché,cachée,4,F,caché,-7.4096932,cachée,-9.257038,1
8373,S_NOUN_1_PASS_b,M,S,le clavier avec la cloche était cassé <eos>,6,cassé,cassée,4,F,cassé,-7.2679653,cassée,-9.158533,1
8374,S_NOUN_1_PASS_b,M,S,le clavier avec la cloche était couvert <eos>,6,couvert,couverte,4,F,couvert,-6.592471,couverte,-9.259343,1
8375,S_NOUN_1_PASS_b,M,S,le clavier avec la cloche était déformé <eos>,6,déformé,déformée,4,F,déformé,-11.227373,déformée,-10.905207,0
8376,S_NOUN_1_PASS_b,M,S,le clavier avec la cloche était fixé <eos>,6,fixé,fixée,4,F,fixé,-5.9920278,fixée,-7.7586923,1
8377,S_NOUN_1_PASS_b,M,S,le clavier avec la cloche était jeté <eos>,6,jeté,jetée,4,F,jeté,-8.355625,jetée,-11.715052,1
8378,S_NOUN_1_PASS_b,M,S,le clavier avec la cloche était laissé <eos>,6,laissé,laissée,4,F,laissé,-8.167805,laissée,-10.294012,1
8379,S_NOUN_1_PASS_b,M,S,le clavier avec la cloche était ouvert <eos>,6,ouvert,ouverte,4,F,ouvert,-6.751339,ouverte,-8.704351,1
8380,S_NOUN_1_PASS_b,M,S,le clavier avec la cloche était perdu <eos>,6,perdu,perdue,4,F,perdu,-8.008478,perdue,-10.097244,1
8381,S_NOUN_1_PASS_b,M,S,le clavier avec la cloche était réparé <eos>,6,réparé,réparée,4,F,réparé,-10.356612,réparée,-11.981813,1
8382,S_NOUN_1_PASS_b,M,S,le clavier avec la cloche était retiré <eos>,6,retiré,retirée,4,F,retiré,-7.2017775,retirée,-11.408072,1
8383,S_NOUN_1_PASS_b,M,S,le clavier avec la cloche était tombé <eos>,6,tombé,tombée,4,F,tombé,-6.926202,tombée,-9.159745,1
8384,S_NOUN_1_PASS_b,M,S,le clavier avec la cloche était utilisé <eos>,6,utilisé,utilisée,4,F,utilisé,-4.852468,utilisée,-7.3487315,1
8385,S_NOUN_1_PASS_b,M,S,le clavier avec la cerise était acheté <eos>,6,acheté,achetée,4,F,acheté,-9.048676,achetée,-12.50992,1
8386,S_NOUN_1_PASS_b,M,S,le clavier avec la cerise était brisé <eos>,6,brisé,brisée,4,F,brisé,-9.739888,brisée,-13.540831,1
8387,S_NOUN_1_PASS_b,M,S,le clavier avec la cerise était caché <eos>,6,caché,cachée,4,F,caché,-8.978531,cachée,-11.8948555,1
8388,S_NOUN_1_PASS_b,M,S,le clavier avec la cerise était cassé <eos>,6,cassé,cassée,4,F,cassé,-7.453299,cassée,-11.589919,1
8389,S_NOUN_1_PASS_b,M,S,le clavier avec la cerise était couvert <eos>,6,couvert,couverte,4,F,couvert,-6.575074,couverte,-9.319412,1
8390,S_NOUN_1_PASS_b,M,S,le clavier avec la cerise était déformé <eos>,6,déformé,déformée,4,F,déformé,-11.054082,déformée,-12.3006115,1
8391,S_NOUN_1_PASS_b,M,S,le clavier avec la cerise était fixé <eos>,6,fixé,fixée,4,F,fixé,-6.4530063,fixée,-9.262965,1
8392,S_NOUN_1_PASS_b,M,S,le clavier avec la cerise était jeté <eos>,6,jeté,jetée,4,F,jeté,-9.756001,jetée,-12.936782,1
8393,S_NOUN_1_PASS_b,M,S,le clavier avec la cerise était laissé <eos>,6,laissé,laissée,4,F,laissé,-9.066068,laissée,-11.50672,1
8394,S_NOUN_1_PASS_b,M,S,le clavier avec la cerise était ouvert <eos>,6,ouvert,ouverte,4,F,ouvert,-7.3586063,ouverte,-9.721634,1
8395,S_NOUN_1_PASS_b,M,S,le clavier avec la cerise était perdu <eos>,6,perdu,perdue,4,F,perdu,-9.172096,perdue,-12.319325,1
8396,S_NOUN_1_PASS_b,M,S,le clavier avec la cerise était réparé <eos>,6,réparé,réparée,4,F,réparé,-12.197061,réparée,-14.655892,1
8397,S_NOUN_1_PASS_b,M,S,le clavier avec la cerise était retiré <eos>,6,retiré,retirée,4,F,retiré,-7.879023,retirée,-12.471796,1
8398,S_NOUN_1_PASS_b,M,S,le clavier avec la cerise était tombé <eos>,6,tombé,tombée,4,F,tombé,-8.198407,tombée,-10.439759,1
8399,S_NOUN_1_PASS_b,M,S,le clavier avec la cerise était utilisé <eos>,6,utilisé,utilisée,4,F,utilisé,-3.6827703,utilisée,-6.663489,1
8400,S_NOUN_1_PASS_b,M,S,le raisin avec la gemme était acheté <eos>,6,acheté,achetée,4,F,acheté,-8.047049,achetée,-10.689541,1
8401,S_NOUN_1_PASS_b,M,S,le raisin avec la gemme était brisé <eos>,6,brisé,brisée,4,F,brisé,-10.283921,brisée,-12.418135,1
8402,S_NOUN_1_PASS_b,M,S,le raisin avec la gemme était caché <eos>,6,caché,cachée,4,F,caché,-9.038813,cachée,-11.178698,1
8403,S_NOUN_1_PASS_b,M,S,le raisin avec la gemme était cassé <eos>,6,cassé,cassée,4,F,cassé,-7.3302045,cassée,-10.80541,1
8404,S_NOUN_1_PASS_b,M,S,le raisin avec la gemme était couvert <eos>,6,couvert,couverte,4,F,couvert,-5.8856697,couverte,-8.678297,1
8405,S_NOUN_1_PASS_b,M,S,le raisin avec la gemme était déformé <eos>,6,déformé,déformée,4,F,déformé,-11.228907,déformée,-13.033539,1
8406,S_NOUN_1_PASS_b,M,S,le raisin avec la gemme était fixé <eos>,6,fixé,fixée,4,F,fixé,-5.2974987,fixée,-7.833987,1
8407,S_NOUN_1_PASS_b,M,S,le raisin avec la gemme était jeté <eos>,6,jeté,jetée,4,F,jeté,-8.164288,jetée,-9.941378,1
8408,S_NOUN_1_PASS_b,M,S,le raisin avec la gemme était laissé <eos>,6,laissé,laissée,4,F,laissé,-7.6516285,laissée,-9.683467,1
8409,S_NOUN_1_PASS_b,M,S,le raisin avec la gemme était ouvert <eos>,6,ouvert,ouverte,4,F,ouvert,-7.1903315,ouverte,-9.223279,1
8410,S_NOUN_1_PASS_b,M,S,le raisin avec la gemme était perdu <eos>,6,perdu,perdue,4,F,perdu,-9.669853,perdue,-11.5217905,1
8411,S_NOUN_1_PASS_b,M,S,le raisin avec la gemme était réparé <eos>,6,réparé,réparée,4,F,réparé,-10.731213,réparée,-13.676285,1
8412,S_NOUN_1_PASS_b,M,S,le raisin avec la gemme était retiré <eos>,6,retiré,retirée,4,F,retiré,-7.2461977,retirée,-11.297617,1
8413,S_NOUN_1_PASS_b,M,S,le raisin avec la gemme était tombé <eos>,6,tombé,tombée,4,F,tombé,-8.879907,tombée,-9.644905,1
8414,S_NOUN_1_PASS_b,M,S,le raisin avec la gemme était utilisé <eos>,6,utilisé,utilisée,4,F,utilisé,-3.2767212,utilisée,-6.2587442,1
8415,S_NOUN_1_PASS_b,M,S,le raisin avec la chaise était acheté <eos>,6,acheté,achetée,4,F,acheté,-8.302395,achetée,-10.471795,1
8416,S_NOUN_1_PASS_b,M,S,le raisin avec la chaise était brisé <eos>,6,brisé,brisée,4,F,brisé,-9.878709,brisée,-11.018625,1
8417,S_NOUN_1_PASS_b,M,S,le raisin avec la chaise était caché <eos>,6,caché,cachée,4,F,caché,-9.455391,cachée,-11.181339,1
8418,S_NOUN_1_PASS_b,M,S,le raisin avec la chaise était cassé <eos>,6,cassé,cassée,4,F,cassé,-7.5325212,cassée,-9.443407,1
8419,S_NOUN_1_PASS_b,M,S,le raisin avec la chaise était couvert <eos>,6,couvert,couverte,4,F,couvert,-5.3692007,couverte,-7.5579233,1
8420,S_NOUN_1_PASS_b,M,S,le raisin avec la chaise était déformé <eos>,6,déformé,déformée,4,F,déformé,-10.585522,déformée,-12.045836,1
8421,S_NOUN_1_PASS_b,M,S,le raisin avec la chaise était fixé <eos>,6,fixé,fixée,4,F,fixé,-6.224333,fixée,-7.379178,1
8422,S_NOUN_1_PASS_b,M,S,le raisin avec la chaise était jeté <eos>,6,jeté,jetée,4,F,jeté,-7.912668,jetée,-9.585295,1
8423,S_NOUN_1_PASS_b,M,S,le raisin avec la chaise était laissé <eos>,6,laissé,laissée,4,F,laissé,-7.6410236,laissée,-9.577312,1
8424,S_NOUN_1_PASS_b,M,S,le raisin avec la chaise était ouvert <eos>,6,ouvert,ouverte,4,F,ouvert,-6.3863297,ouverte,-7.878315,1
8425,S_NOUN_1_PASS_b,M,S,le raisin avec la chaise était perdu <eos>,6,perdu,perdue,4,F,perdu,-9.470494,perdue,-10.687626,1
8426,S_NOUN_1_PASS_b,M,S,le raisin avec la chaise était réparé <eos>,6,réparé,réparée,4,F,réparé,-10.206935,réparée,-11.8673725,1
8427,S_NOUN_1_PASS_b,M,S,le raisin avec la chaise était retiré <eos>,6,retiré,retirée,4,F,retiré,-7.2533827,retirée,-10.78756,1
8428,S_NOUN_1_PASS_b,M,S,le raisin avec la chaise était tombé <eos>,6,tombé,tombée,4,F,tombé,-8.837358,tombée,-9.98503,1
8429,S_NOUN_1_PASS_b,M,S,le raisin avec la chaise était utilisé <eos>,6,utilisé,utilisée,4,F,utilisé,-4.0349464,utilisée,-6.6026525,1
8430,S_NOUN_1_PASS_b,M,S,le raisin avec la poubelle était acheté <eos>,6,acheté,achetée,4,F,acheté,-7.1371098,achetée,-10.230657,1
8431,S_NOUN_1_PASS_b,M,S,le raisin avec la poubelle était brisé <eos>,6,brisé,brisée,4,F,brisé,-8.877237,brisée,-11.703628,1
8432,S_NOUN_1_PASS_b,M,S,le raisin avec la poubelle était caché <eos>,6,caché,cachée,4,F,caché,-8.369539,cachée,-10.948909,1
8433,S_NOUN_1_PASS_b,M,S,le raisin avec la poubelle était cassé <eos>,6,cassé,cassée,4,F,cassé,-7.6196895,cassée,-10.267654,1
8434,S_NOUN_1_PASS_b,M,S,le raisin avec la poubelle était couvert <eos>,6,couvert,couverte,4,F,couvert,-5.872156,couverte,-8.556314,1
8435,S_NOUN_1_PASS_b,M,S,le raisin avec la poubelle était déformé <eos>,6,déformé,déformée,4,F,déformé,-9.435026,déformée,-12.034284,1
8436,S_NOUN_1_PASS_b,M,S,le raisin avec la poubelle était fixé <eos>,6,fixé,fixée,4,F,fixé,-6.3542156,fixée,-8.549795,1
8437,S_NOUN_1_PASS_b,M,S,le raisin avec la poubelle était jeté <eos>,6,jeté,jetée,4,F,jeté,-7.0425086,jetée,-8.773639,1
8438,S_NOUN_1_PASS_b,M,S,le raisin avec la poubelle était laissé <eos>,6,laissé,laissée,4,F,laissé,-7.032051,laissée,-9.322055,1
8439,S_NOUN_1_PASS_b,M,S,le raisin avec la poubelle était ouvert <eos>,6,ouvert,ouverte,4,F,ouvert,-6.3566656,ouverte,-8.3953705,1
8440,S_NOUN_1_PASS_b,M,S,le raisin avec la poubelle était perdu <eos>,6,perdu,perdue,4,F,perdu,-8.197549,perdue,-10.708207,1
8441,S_NOUN_1_PASS_b,M,S,le raisin avec la poubelle était réparé <eos>,6,réparé,réparée,4,F,réparé,-9.622894,réparée,-11.9857025,1
8442,S_NOUN_1_PASS_b,M,S,le raisin avec la poubelle était retiré <eos>,6,retiré,retirée,4,F,retiré,-6.7202673,retirée,-10.356954,1
8443,S_NOUN_1_PASS_b,M,S,le raisin avec la poubelle était tombé <eos>,6,tombé,tombée,4,F,tombé,-8.5335245,tombée,-9.424942,1
8444,S_NOUN_1_PASS_b,M,S,le raisin avec la poubelle était utilisé <eos>,6,utilisé,utilisée,4,F,utilisé,-3.9254086,utilisée,-7.0218,1
8445,S_NOUN_1_PASS_b,M,S,le raisin avec la chemise était acheté <eos>,6,acheté,achetée,4,F,acheté,-7.935519,achetée,-11.182967,1
8446,S_NOUN_1_PASS_b,M,S,le raisin avec la chemise était brisé <eos>,6,brisé,brisée,4,F,brisé,-9.725576,brisée,-12.594896,1
8447,S_NOUN_1_PASS_b,M,S,le raisin avec la chemise était caché <eos>,6,caché,cachée,4,F,caché,-8.737178,cachée,-11.372193,1
8448,S_NOUN_1_PASS_b,M,S,le raisin avec la chemise était cassé <eos>,6,cassé,cassée,4,F,cassé,-6.7503414,cassée,-11.224077,1
8449,S_NOUN_1_PASS_b,M,S,le raisin avec la chemise était couvert <eos>,6,couvert,couverte,4,F,couvert,-5.1955976,couverte,-7.9236917,1
8450,S_NOUN_1_PASS_b,M,S,le raisin avec la chemise était déformé <eos>,6,déformé,déformée,4,F,déformé,-10.563754,déformée,-12.410291,1
8451,S_NOUN_1_PASS_b,M,S,le raisin avec la chemise était fixé <eos>,6,fixé,fixée,4,F,fixé,-5.3800764,fixée,-8.204045,1
8452,S_NOUN_1_PASS_b,M,S,le raisin avec la chemise était jeté <eos>,6,jeté,jetée,4,F,jeté,-7.09883,jetée,-10.282064,1
8453,S_NOUN_1_PASS_b,M,S,le raisin avec la chemise était laissé <eos>,6,laissé,laissée,4,F,laissé,-7.4051285,laissée,-9.952674,1
8454,S_NOUN_1_PASS_b,M,S,le raisin avec la chemise était ouvert <eos>,6,ouvert,ouverte,4,F,ouvert,-6.2438297,ouverte,-8.288903,1
8455,S_NOUN_1_PASS_b,M,S,le raisin avec la chemise était perdu <eos>,6,perdu,perdue,4,F,perdu,-9.262334,perdue,-12.588677,1
8456,S_NOUN_1_PASS_b,M,S,le raisin avec la chemise était réparé <eos>,6,réparé,réparée,4,F,réparé,-11.392657,réparée,-13.100176,1
8457,S_NOUN_1_PASS_b,M,S,le raisin avec la chemise était retiré <eos>,6,retiré,retirée,4,F,retiré,-6.2698193,retirée,-11.400555,1
8458,S_NOUN_1_PASS_b,M,S,le raisin avec la chemise était tombé <eos>,6,tombé,tombée,4,F,tombé,-8.187128,tombée,-9.4703045,1
8459,S_NOUN_1_PASS_b,M,S,le raisin avec la chemise était utilisé <eos>,6,utilisé,utilisée,4,F,utilisé,-3.6475937,utilisée,-6.830517,1
8460,S_NOUN_1_PASS_b,M,S,le raisin avec la recette était acheté <eos>,6,acheté,achetée,4,F,acheté,-8.617162,achetée,-11.4242,1
8461,S_NOUN_1_PASS_b,M,S,le raisin avec la recette était brisé <eos>,6,brisé,brisée,4,F,brisé,-10.995674,brisée,-13.233185,1
8462,S_NOUN_1_PASS_b,M,S,le raisin avec la recette était caché <eos>,6,caché,cachée,4,F,caché,-10.030005,cachée,-12.4311695,1
8463,S_NOUN_1_PASS_b,M,S,le raisin avec la recette était cassé <eos>,6,cassé,cassée,4,F,cassé,-9.653867,cassée,-11.55124,1
8464,S_NOUN_1_PASS_b,M,S,le raisin avec la recette était couvert <eos>,6,couvert,couverte,4,F,couvert,-6.5349,couverte,-9.473801,1
8465,S_NOUN_1_PASS_b,M,S,le raisin avec la recette était déformé <eos>,6,déformé,déformée,4,F,déformé,-11.37043,déformée,-12.983544,1
8466,S_NOUN_1_PASS_b,M,S,le raisin avec la recette était fixé <eos>,6,fixé,fixée,4,F,fixé,-6.3648615,fixée,-8.106249,1
8467,S_NOUN_1_PASS_b,M,S,le raisin avec la recette était jeté <eos>,6,jeté,jetée,4,F,jeté,-9.081566,jetée,-11.643812,1
8468,S_NOUN_1_PASS_b,M,S,le raisin avec la recette était laissé <eos>,6,laissé,laissée,4,F,laissé,-8.683733,laissée,-10.195114,1
8469,S_NOUN_1_PASS_b,M,S,le raisin avec la recette était ouvert <eos>,6,ouvert,ouverte,4,F,ouvert,-7.846528,ouverte,-9.702447,1
8470,S_NOUN_1_PASS_b,M,S,le raisin avec la recette était perdu <eos>,6,perdu,perdue,4,F,perdu,-9.724216,perdue,-10.748295,1
8471,S_NOUN_1_PASS_b,M,S,le raisin avec la recette était réparé <eos>,6,réparé,réparée,4,F,réparé,-11.47588,réparée,-14.240173,1
8472,S_NOUN_1_PASS_b,M,S,le raisin avec la recette était retiré <eos>,6,retiré,retirée,4,F,retiré,-8.238319,retirée,-11.877752,1
8473,S_NOUN_1_PASS_b,M,S,le raisin avec la recette était tombé <eos>,6,tombé,tombée,4,F,tombé,-8.686857,tombée,-9.194095,1
8474,S_NOUN_1_PASS_b,M,S,le raisin avec la recette était utilisé <eos>,6,utilisé,utilisée,4,F,utilisé,-5.274474,utilisée,-7.936054,1
8475,S_NOUN_1_PASS_b,M,S,le raisin avec la jupe était acheté <eos>,6,acheté,achetée,4,F,acheté,-9.432142,achetée,-11.324259,1
8476,S_NOUN_1_PASS_b,M,S,le raisin avec la jupe était brisé <eos>,6,brisé,brisée,4,F,brisé,-9.393297,brisée,-10.803102,1
8477,S_NOUN_1_PASS_b,M,S,le raisin avec la jupe était caché <eos>,6,caché,cachée,4,F,caché,-9.8077965,cachée,-9.99807,1
8478,S_NOUN_1_PASS_b,M,S,le raisin avec la jupe était cassé <eos>,6,cassé,cassée,4,F,cassé,-6.678876,cassée,-9.6543865,1
8479,S_NOUN_1_PASS_b,M,S,le raisin avec la jupe était couvert <eos>,6,couvert,couverte,4,F,couvert,-5.55243,couverte,-7.556737,1
8480,S_NOUN_1_PASS_b,M,S,le raisin avec la jupe était déformé <eos>,6,déformé,déformée,4,F,déformé,-10.84094,déformée,-10.923321,1
8481,S_NOUN_1_PASS_b,M,S,le raisin avec la jupe était fixé <eos>,6,fixé,fixée,4,F,fixé,-6.118288,fixée,-7.32613,1
8482,S_NOUN_1_PASS_b,M,S,le raisin avec la jupe était jeté <eos>,6,jeté,jetée,4,F,jeté,-8.411432,jetée,-10.923477,1
8483,S_NOUN_1_PASS_b,M,S,le raisin avec la jupe était laissé <eos>,6,laissé,laissée,4,F,laissé,-8.127675,laissée,-9.685953,1
8484,S_NOUN_1_PASS_b,M,S,le raisin avec la jupe était ouvert <eos>,6,ouvert,ouverte,4,F,ouvert,-6.821143,ouverte,-7.622303,1
8485,S_NOUN_1_PASS_b,M,S,le raisin avec la jupe était perdu <eos>,6,perdu,perdue,4,F,perdu,-10.039557,perdue,-11.3036,1
8486,S_NOUN_1_PASS_b,M,S,le raisin avec la jupe était réparé <eos>,6,réparé,réparée,4,F,réparé,-11.831503,réparée,-11.732925,0
8487,S_NOUN_1_PASS_b,M,S,le raisin avec la jupe était retiré <eos>,6,retiré,retirée,4,F,retiré,-7.449582,retirée,-10.792821,1
8488,S_NOUN_1_PASS_b,M,S,le raisin avec la jupe était tombé <eos>,6,tombé,tombée,4,F,tombé,-8.707369,tombée,-9.043713,1
8489,S_NOUN_1_PASS_b,M,S,le raisin avec la jupe était utilisé <eos>,6,utilisé,utilisée,4,F,utilisé,-5.5156603,utilisée,-7.239646,1
8490,S_NOUN_1_PASS_b,M,S,le raisin avec la colle était acheté <eos>,6,acheté,achetée,4,F,acheté,-7.270372,achetée,-10.754962,1
8491,S_NOUN_1_PASS_b,M,S,le raisin avec la colle était brisé <eos>,6,brisé,brisée,4,F,brisé,-9.724241,brisée,-12.217789,1
8492,S_NOUN_1_PASS_b,M,S,le raisin avec la colle était caché <eos>,6,caché,cachée,4,F,caché,-8.916637,cachée,-10.99444,1
8493,S_NOUN_1_PASS_b,M,S,le raisin avec la colle était cassé <eos>,6,cassé,cassée,4,F,cassé,-7.919359,cassée,-10.984148,1
8494,S_NOUN_1_PASS_b,M,S,le raisin avec la colle était couvert <eos>,6,couvert,couverte,4,F,couvert,-6.1519995,couverte,-8.479751,1
8495,S_NOUN_1_PASS_b,M,S,le raisin avec la colle était déformé <eos>,6,déformé,déformée,4,F,déformé,-10.256697,déformée,-12.675577,1
8496,S_NOUN_1_PASS_b,M,S,le raisin avec la colle était fixé <eos>,6,fixé,fixée,4,F,fixé,-5.973905,fixée,-8.263844,1
8497,S_NOUN_1_PASS_b,M,S,le raisin avec la colle était jeté <eos>,6,jeté,jetée,4,F,jeté,-7.9189796,jetée,-10.66278,1
8498,S_NOUN_1_PASS_b,M,S,le raisin avec la colle était laissé <eos>,6,laissé,laissée,4,F,laissé,-7.6076727,laissée,-9.283188,1
8499,S_NOUN_1_PASS_b,M,S,le raisin avec la colle était ouvert <eos>,6,ouvert,ouverte,4,F,ouvert,-7.281083,ouverte,-9.172678,1
8500,S_NOUN_1_PASS_b,M,S,le raisin avec la colle était perdu <eos>,6,perdu,perdue,4,F,perdu,-9.136008,perdue,-10.073962,1
8501,S_NOUN_1_PASS_b,M,S,le raisin avec la colle était réparé <eos>,6,réparé,réparée,4,F,réparé,-10.661918,réparée,-13.51146,1
8502,S_NOUN_1_PASS_b,M,S,le raisin avec la colle était retiré <eos>,6,retiré,retirée,4,F,retiré,-6.457893,retirée,-10.423496,1
8503,S_NOUN_1_PASS_b,M,S,le raisin avec la colle était tombé <eos>,6,tombé,tombée,4,F,tombé,-8.636501,tombée,-9.37456,1
8504,S_NOUN_1_PASS_b,M,S,le raisin avec la colle était utilisé <eos>,6,utilisé,utilisée,4,F,utilisé,-3.6917076,utilisée,-6.767577,1
8505,S_NOUN_1_PASS_b,M,S,le raisin avec la lampe était acheté <eos>,6,acheté,achetée,4,F,acheté,-8.806294,achetée,-10.184062,1
8506,S_NOUN_1_PASS_b,M,S,le raisin avec la lampe était brisé <eos>,6,brisé,brisée,4,F,brisé,-8.875879,brisée,-10.563517,1
8507,S_NOUN_1_PASS_b,M,S,le raisin avec la lampe était caché <eos>,6,caché,cachée,4,F,caché,-8.941166,cachée,-10.641276,1
8508,S_NOUN_1_PASS_b,M,S,le raisin avec la lampe était cassé <eos>,6,cassé,cassée,4,F,cassé,-8.173288,cassée,-9.758613,1
8509,S_NOUN_1_PASS_b,M,S,le raisin avec la lampe était couvert <eos>,6,couvert,couverte,4,F,couvert,-6.0201755,couverte,-8.543022,1
8510,S_NOUN_1_PASS_b,M,S,le raisin avec la lampe était déformé <eos>,6,déformé,déformée,4,F,déformé,-10.939607,déformée,-12.044745,1
8511,S_NOUN_1_PASS_b,M,S,le raisin avec la lampe était fixé <eos>,6,fixé,fixée,4,F,fixé,-5.927963,fixée,-7.8696666,1
8512,S_NOUN_1_PASS_b,M,S,le raisin avec la lampe était jeté <eos>,6,jeté,jetée,4,F,jeté,-7.7486,jetée,-9.259361,1
8513,S_NOUN_1_PASS_b,M,S,le raisin avec la lampe était laissé <eos>,6,laissé,laissée,4,F,laissé,-7.5610466,laissée,-8.944401,1
8514,S_NOUN_1_PASS_b,M,S,le raisin avec la lampe était ouvert <eos>,6,ouvert,ouverte,4,F,ouvert,-6.9425592,ouverte,-8.565593,1
8515,S_NOUN_1_PASS_b,M,S,le raisin avec la lampe était perdu <eos>,6,perdu,perdue,4,F,perdu,-9.203674,perdue,-10.532957,1
8516,S_NOUN_1_PASS_b,M,S,le raisin avec la lampe était réparé <eos>,6,réparé,réparée,4,F,réparé,-10.356368,réparée,-12.225776,1
8517,S_NOUN_1_PASS_b,M,S,le raisin avec la lampe était retiré <eos>,6,retiré,retirée,4,F,retiré,-7.3681235,retirée,-10.544389,1
8518,S_NOUN_1_PASS_b,M,S,le raisin avec la lampe était tombé <eos>,6,tombé,tombée,4,F,tombé,-8.498661,tombée,-8.991332,1
8519,S_NOUN_1_PASS_b,M,S,le raisin avec la lampe était utilisé <eos>,6,utilisé,utilisée,4,F,utilisé,-4.3674936,utilisée,-6.7832546,1
8520,S_NOUN_1_PASS_b,M,S,le raisin avec la bouteille était acheté <eos>,6,acheté,achetée,4,F,acheté,-7.814576,achetée,-10.315768,1
8521,S_NOUN_1_PASS_b,M,S,le raisin avec la bouteille était brisé <eos>,6,brisé,brisée,4,F,brisé,-9.288013,brisée,-11.391401,1
8522,S_NOUN_1_PASS_b,M,S,le raisin avec la bouteille était caché <eos>,6,caché,cachée,4,F,caché,-8.588792,cachée,-10.728029,1
8523,S_NOUN_1_PASS_b,M,S,le raisin avec la bouteille était cassé <eos>,6,cassé,cassée,4,F,cassé,-6.857272,cassée,-9.794204,1
8524,S_NOUN_1_PASS_b,M,S,le raisin avec la bouteille était couvert <eos>,6,couvert,couverte,4,F,couvert,-5.580817,couverte,-8.990951,1
8525,S_NOUN_1_PASS_b,M,S,le raisin avec la bouteille était déformé <eos>,6,déformé,déformée,4,F,déformé,-10.478327,déformée,-12.069027,1
8526,S_NOUN_1_PASS_b,M,S,le raisin avec la bouteille était fixé <eos>,6,fixé,fixée,4,F,fixé,-5.1983814,fixée,-8.086772,1
8527,S_NOUN_1_PASS_b,M,S,le raisin avec la bouteille était jeté <eos>,6,jeté,jetée,4,F,jeté,-7.463953,jetée,-9.072501,1
8528,S_NOUN_1_PASS_b,M,S,le raisin avec la bouteille était laissé <eos>,6,laissé,laissée,4,F,laissé,-7.258996,laissée,-9.142114,1
8529,S_NOUN_1_PASS_b,M,S,le raisin avec la bouteille était ouvert <eos>,6,ouvert,ouverte,4,F,ouvert,-6.43559,ouverte,-8.682976,1
8530,S_NOUN_1_PASS_b,M,S,le raisin avec la bouteille était perdu <eos>,6,perdu,perdue,4,F,perdu,-8.65987,perdue,-10.460327,1
8531,S_NOUN_1_PASS_b,M,S,le raisin avec la bouteille était réparé <eos>,6,réparé,réparée,4,F,réparé,-10.637368,réparée,-13.059448,1
8532,S_NOUN_1_PASS_b,M,S,le raisin avec la bouteille était retiré <eos>,6,retiré,retirée,4,F,retiré,-5.8902187,retirée,-10.228209,1
8533,S_NOUN_1_PASS_b,M,S,le raisin avec la bouteille était tombé <eos>,6,tombé,tombée,4,F,tombé,-8.620741,tombée,-9.323254,1
8534,S_NOUN_1_PASS_b,M,S,le raisin avec la bouteille était utilisé <eos>,6,utilisé,utilisée,4,F,utilisé,-4.2303457,utilisée,-7.1866035,1
8535,S_NOUN_1_PASS_b,M,S,le raisin avec la boisson était acheté <eos>,6,acheté,achetée,4,F,acheté,-8.4740715,achetée,-11.004826,1
8536,S_NOUN_1_PASS_b,M,S,le raisin avec la boisson était brisé <eos>,6,brisé,brisée,4,F,brisé,-11.840181,brisée,-13.230202,1
8537,S_NOUN_1_PASS_b,M,S,le raisin avec la boisson était caché <eos>,6,caché,cachée,4,F,caché,-10.640951,cachée,-12.20516,1
8538,S_NOUN_1_PASS_b,M,S,le raisin avec la boisson était cassé <eos>,6,cassé,cassée,4,F,cassé,-9.024697,cassée,-12.148893,1
8539,S_NOUN_1_PASS_b,M,S,le raisin avec la boisson était couvert <eos>,6,couvert,couverte,4,F,couvert,-7.42745,couverte,-9.753043,1
8540,S_NOUN_1_PASS_b,M,S,le raisin avec la boisson était déformé <eos>,6,déformé,déformée,4,F,déformé,-11.224537,déformée,-12.935325,1
8541,S_NOUN_1_PASS_b,M,S,le raisin avec la boisson était fixé <eos>,6,fixé,fixée,4,F,fixé,-6.7921386,fixée,-9.090116,1
8542,S_NOUN_1_PASS_b,M,S,le raisin avec la boisson était jeté <eos>,6,jeté,jetée,4,F,jeté,-8.8789015,jetée,-11.593874,1
8543,S_NOUN_1_PASS_b,M,S,le raisin avec la boisson était laissé <eos>,6,laissé,laissée,4,F,laissé,-8.942713,laissée,-10.17235,1
8544,S_NOUN_1_PASS_b,M,S,le raisin avec la boisson était ouvert <eos>,6,ouvert,ouverte,4,F,ouvert,-7.9118056,ouverte,-9.400713,1
8545,S_NOUN_1_PASS_b,M,S,le raisin avec la boisson était perdu <eos>,6,perdu,perdue,4,F,perdu,-10.145559,perdue,-11.181118,1
8546,S_NOUN_1_PASS_b,M,S,le raisin avec la boisson était réparé <eos>,6,réparé,réparée,4,F,réparé,-11.988446,réparée,-14.7476425,1
8547,S_NOUN_1_PASS_b,M,S,le raisin avec la boisson était retiré <eos>,6,retiré,retirée,4,F,retiré,-7.0617332,retirée,-11.491896,1
8548,S_NOUN_1_PASS_b,M,S,le raisin avec la boisson était tombé <eos>,6,tombé,tombée,4,F,tombé,-8.964623,tombée,-9.195366,1
8549,S_NOUN_1_PASS_b,M,S,le raisin avec la boisson était utilisé <eos>,6,utilisé,utilisée,4,F,utilisé,-4.2204905,utilisée,-6.678376,1
8550,S_NOUN_1_PASS_b,M,S,le raisin avec la pomme était acheté <eos>,6,acheté,achetée,4,F,acheté,-8.214385,achetée,-11.451518,1
8551,S_NOUN_1_PASS_b,M,S,le raisin avec la pomme était brisé <eos>,6,brisé,brisée,4,F,brisé,-10.05852,brisée,-13.311477,1
8552,S_NOUN_1_PASS_b,M,S,le raisin avec la pomme était caché <eos>,6,caché,cachée,4,F,caché,-9.247553,cachée,-12.440059,1
8553,S_NOUN_1_PASS_b,M,S,le raisin avec la pomme était cassé <eos>,6,cassé,cassée,4,F,cassé,-8.578352,cassée,-11.763928,1
8554,S_NOUN_1_PASS_b,M,S,le raisin avec la pomme était couvert <eos>,6,couvert,couverte,4,F,couvert,-6.187484,couverte,-9.612646,1
8555,S_NOUN_1_PASS_b,M,S,le raisin avec la pomme était déformé <eos>,6,déformé,déformée,4,F,déformé,-11.337891,déformée,-13.286659,1
8556,S_NOUN_1_PASS_b,M,S,le raisin avec la pomme était fixé <eos>,6,fixé,fixée,4,F,fixé,-6.485124,fixée,-9.773038,1
8557,S_NOUN_1_PASS_b,M,S,le raisin avec la pomme était jeté <eos>,6,jeté,jetée,4,F,jeté,-8.565714,jetée,-11.23298,1
8558,S_NOUN_1_PASS_b,M,S,le raisin avec la pomme était laissé <eos>,6,laissé,laissée,4,F,laissé,-8.350324,laissée,-10.133288,1
8559,S_NOUN_1_PASS_b,M,S,le raisin avec la pomme était ouvert <eos>,6,ouvert,ouverte,4,F,ouvert,-7.0552635,ouverte,-9.868393,1
8560,S_NOUN_1_PASS_b,M,S,le raisin avec la pomme était perdu <eos>,6,perdu,perdue,4,F,perdu,-9.464569,perdue,-11.236666,1
8561,S_NOUN_1_PASS_b,M,S,le raisin avec la pomme était réparé <eos>,6,réparé,réparée,4,F,réparé,-10.780569,réparée,-14.856301,1
8562,S_NOUN_1_PASS_b,M,S,le raisin avec la pomme était retiré <eos>,6,retiré,retirée,4,F,retiré,-6.545348,retirée,-11.710686,1
8563,S_NOUN_1_PASS_b,M,S,le raisin avec la pomme était tombé <eos>,6,tombé,tombée,4,F,tombé,-8.350686,tombée,-9.811126,1
8564,S_NOUN_1_PASS_b,M,S,le raisin avec la pomme était utilisé <eos>,6,utilisé,utilisée,4,F,utilisé,-3.6562982,utilisée,-7.071195,1
8565,S_NOUN_1_PASS_b,M,S,le raisin avec la tasse était acheté <eos>,6,acheté,achetée,4,F,acheté,-7.8824115,achetée,-10.233456,1
8566,S_NOUN_1_PASS_b,M,S,le raisin avec la tasse était brisé <eos>,6,brisé,brisée,4,F,brisé,-9.39348,brisée,-12.2133465,1
8567,S_NOUN_1_PASS_b,M,S,le raisin avec la tasse était caché <eos>,6,caché,cachée,4,F,caché,-8.329169,cachée,-11.148282,1
8568,S_NOUN_1_PASS_b,M,S,le raisin avec la tasse était cassé <eos>,6,cassé,cassée,4,F,cassé,-8.03735,cassée,-11.034225,1
8569,S_NOUN_1_PASS_b,M,S,le raisin avec la tasse était couvert <eos>,6,couvert,couverte,4,F,couvert,-5.6803555,couverte,-8.85845,1
8570,S_NOUN_1_PASS_b,M,S,le raisin avec la tasse était déformé <eos>,6,déformé,déformée,4,F,déformé,-10.905933,déformée,-12.44747,1
8571,S_NOUN_1_PASS_b,M,S,le raisin avec la tasse était fixé <eos>,6,fixé,fixée,4,F,fixé,-5.849633,fixée,-8.457106,1
8572,S_NOUN_1_PASS_b,M,S,le raisin avec la tasse était jeté <eos>,6,jeté,jetée,4,F,jeté,-7.2412386,jetée,-9.467424,1
8573,S_NOUN_1_PASS_b,M,S,le raisin avec la tasse était laissé <eos>,6,laissé,laissée,4,F,laissé,-7.5343204,laissée,-9.022684,1
8574,S_NOUN_1_PASS_b,M,S,le raisin avec la tasse était ouvert <eos>,6,ouvert,ouverte,4,F,ouvert,-6.0955954,ouverte,-8.112162,1
8575,S_NOUN_1_PASS_b,M,S,le raisin avec la tasse était perdu <eos>,6,perdu,perdue,4,F,perdu,-9.42972,perdue,-11.430265,1
8576,S_NOUN_1_PASS_b,M,S,le raisin avec la tasse était réparé <eos>,6,réparé,réparée,4,F,réparé,-10.333221,réparée,-13.17868,1
8577,S_NOUN_1_PASS_b,M,S,le raisin avec la tasse était retiré <eos>,6,retiré,retirée,4,F,retiré,-6.331959,retirée,-10.480253,1
8578,S_NOUN_1_PASS_b,M,S,le raisin avec la tasse était tombé <eos>,6,tombé,tombée,4,F,tombé,-8.807785,tombée,-9.535607,1
8579,S_NOUN_1_PASS_b,M,S,le raisin avec la tasse était utilisé <eos>,6,utilisé,utilisée,4,F,utilisé,-3.8623085,utilisée,-6.479908,1
8580,S_NOUN_1_PASS_b,M,S,le raisin avec la bougie était acheté <eos>,6,acheté,achetée,4,F,acheté,-8.621793,achetée,-11.969243,1
8581,S_NOUN_1_PASS_b,M,S,le raisin avec la bougie était brisé <eos>,6,brisé,brisée,4,F,brisé,-9.025621,brisée,-12.770884,1
8582,S_NOUN_1_PASS_b,M,S,le raisin avec la bougie était caché <eos>,6,caché,cachée,4,F,caché,-8.453913,cachée,-12.198307,1
8583,S_NOUN_1_PASS_b,M,S,le raisin avec la bougie était cassé <eos>,6,cassé,cassée,4,F,cassé,-7.483832,cassée,-11.118916,1
8584,S_NOUN_1_PASS_b,M,S,le raisin avec la bougie était couvert <eos>,6,couvert,couverte,4,F,couvert,-5.7604156,couverte,-9.79417,1
8585,S_NOUN_1_PASS_b,M,S,le raisin avec la bougie était déformé <eos>,6,déformé,déformée,4,F,déformé,-10.970005,déformée,-13.075716,1
8586,S_NOUN_1_PASS_b,M,S,le raisin avec la bougie était fixé <eos>,6,fixé,fixée,4,F,fixé,-6.37789,fixée,-9.68384,1
8587,S_NOUN_1_PASS_b,M,S,le raisin avec la bougie était jeté <eos>,6,jeté,jetée,4,F,jeté,-8.333816,jetée,-10.959382,1
8588,S_NOUN_1_PASS_b,M,S,le raisin avec la bougie était laissé <eos>,6,laissé,laissée,4,F,laissé,-7.33297,laissée,-10.356071,1
8589,S_NOUN_1_PASS_b,M,S,le raisin avec la bougie était ouvert <eos>,6,ouvert,ouverte,4,F,ouvert,-6.7171555,ouverte,-9.741593,1
8590,S_NOUN_1_PASS_b,M,S,le raisin avec la bougie était perdu <eos>,6,perdu,perdue,4,F,perdu,-8.46266,perdue,-11.131506,1
8591,S_NOUN_1_PASS_b,M,S,le raisin avec la bougie était réparé <eos>,6,réparé,réparée,4,F,réparé,-10.882614,réparée,-14.211587,1
8592,S_NOUN_1_PASS_b,M,S,le raisin avec la bougie était retiré <eos>,6,retiré,retirée,4,F,retiré,-7.1932683,retirée,-11.388254,1
8593,S_NOUN_1_PASS_b,M,S,le raisin avec la bougie était tombé <eos>,6,tombé,tombée,4,F,tombé,-8.149162,tombée,-9.32352,1
8594,S_NOUN_1_PASS_b,M,S,le raisin avec la bougie était utilisé <eos>,6,utilisé,utilisée,4,F,utilisé,-3.8277738,utilisée,-7.440077,1
8595,S_NOUN_1_PASS_b,M,S,le raisin avec la pochette était acheté <eos>,6,acheté,achetée,4,F,acheté,-8.144064,achetée,-10.3453045,1
8596,S_NOUN_1_PASS_b,M,S,le raisin avec la pochette était brisé <eos>,6,brisé,brisée,4,F,brisé,-9.762083,brisée,-12.1514,1
8597,S_NOUN_1_PASS_b,M,S,le raisin avec la pochette était caché <eos>,6,caché,cachée,4,F,caché,-8.512606,cachée,-11.118513,1
8598,S_NOUN_1_PASS_b,M,S,le raisin avec la pochette était cassé <eos>,6,cassé,cassée,4,F,cassé,-7.18921,cassée,-10.791166,1
8599,S_NOUN_1_PASS_b,M,S,le raisin avec la pochette était couvert <eos>,6,couvert,couverte,4,F,couvert,-6.282363,couverte,-9.208497,1
8600,S_NOUN_1_PASS_b,M,S,le raisin avec la pochette était déformé <eos>,6,déformé,déformée,4,F,déformé,-10.139636,déformée,-11.4591465,1
8601,S_NOUN_1_PASS_b,M,S,le raisin avec la pochette était fixé <eos>,6,fixé,fixée,4,F,fixé,-5.833175,fixée,-7.6465707,1
8602,S_NOUN_1_PASS_b,M,S,le raisin avec la pochette était jeté <eos>,6,jeté,jetée,4,F,jeté,-8.151342,jetée,-10.713037,1
8603,S_NOUN_1_PASS_b,M,S,le raisin avec la pochette était laissé <eos>,6,laissé,laissée,4,F,laissé,-7.613659,laissée,-10.079716,1
8604,S_NOUN_1_PASS_b,M,S,le raisin avec la pochette était ouvert <eos>,6,ouvert,ouverte,4,F,ouvert,-8.213183,ouverte,-9.782152,1
8605,S_NOUN_1_PASS_b,M,S,le raisin avec la pochette était perdu <eos>,6,perdu,perdue,4,F,perdu,-8.829974,perdue,-11.5859585,1
8606,S_NOUN_1_PASS_b,M,S,le raisin avec la pochette était réparé <eos>,6,réparé,réparée,4,F,réparé,-11.66275,réparée,-13.416725,1
8607,S_NOUN_1_PASS_b,M,S,le raisin avec la pochette était retiré <eos>,6,retiré,retirée,4,F,retiré,-6.030181,retirée,-10.008515,1
8608,S_NOUN_1_PASS_b,M,S,le raisin avec la pochette était tombé <eos>,6,tombé,tombée,4,F,tombé,-8.3582535,tombée,-9.050448,1
8609,S_NOUN_1_PASS_b,M,S,le raisin avec la pochette était utilisé <eos>,6,utilisé,utilisée,4,F,utilisé,-5.6920195,utilisée,-8.246098,1
8610,S_NOUN_1_PASS_b,M,S,le raisin avec la banane était acheté <eos>,6,acheté,achetée,4,F,acheté,-7.9322586,achetée,-11.357737,1
8611,S_NOUN_1_PASS_b,M,S,le raisin avec la banane était brisé <eos>,6,brisé,brisée,4,F,brisé,-10.947027,brisée,-13.547693,1
8612,S_NOUN_1_PASS_b,M,S,le raisin avec la banane était caché <eos>,6,caché,cachée,4,F,caché,-10.037775,cachée,-12.524051,1
8613,S_NOUN_1_PASS_b,M,S,le raisin avec la banane était cassé <eos>,6,cassé,cassée,4,F,cassé,-8.659912,cassée,-12.276516,1
8614,S_NOUN_1_PASS_b,M,S,le raisin avec la banane était couvert <eos>,6,couvert,couverte,4,F,couvert,-7.0105276,couverte,-9.624568,1
8615,S_NOUN_1_PASS_b,M,S,le raisin avec la banane était déformé <eos>,6,déformé,déformée,4,F,déformé,-11.936106,déformée,-13.930162,1
8616,S_NOUN_1_PASS_b,M,S,le raisin avec la banane était fixé <eos>,6,fixé,fixée,4,F,fixé,-6.8182135,fixée,-9.403887,1
8617,S_NOUN_1_PASS_b,M,S,le raisin avec la banane était jeté <eos>,6,jeté,jetée,4,F,jeté,-8.5928,jetée,-10.984947,1
8618,S_NOUN_1_PASS_b,M,S,le raisin avec la banane était laissé <eos>,6,laissé,laissée,4,F,laissé,-7.9876575,laissée,-10.470011,1
8619,S_NOUN_1_PASS_b,M,S,le raisin avec la banane était ouvert <eos>,6,ouvert,ouverte,4,F,ouvert,-7.6637363,ouverte,-9.40742,1
8620,S_NOUN_1_PASS_b,M,S,le raisin avec la banane était perdu <eos>,6,perdu,perdue,4,F,perdu,-9.035223,perdue,-10.964157,1
8621,S_NOUN_1_PASS_b,M,S,le raisin avec la banane était réparé <eos>,6,réparé,réparée,4,F,réparé,-11.002054,réparée,-14.913519,1
8622,S_NOUN_1_PASS_b,M,S,le raisin avec la banane était retiré <eos>,6,retiré,retirée,4,F,retiré,-7.063802,retirée,-11.716708,1
8623,S_NOUN_1_PASS_b,M,S,le raisin avec la banane était tombé <eos>,6,tombé,tombée,4,F,tombé,-8.914351,tombée,-9.11528,1
8624,S_NOUN_1_PASS_b,M,S,le raisin avec la banane était utilisé <eos>,6,utilisé,utilisée,4,F,utilisé,-3.5277486,utilisée,-6.4558883,1
8625,S_NOUN_1_PASS_b,M,S,le raisin avec la robe était acheté <eos>,6,acheté,achetée,4,F,acheté,-8.361223,achetée,-10.527462,1
8626,S_NOUN_1_PASS_b,M,S,le raisin avec la robe était brisé <eos>,6,brisé,brisée,4,F,brisé,-11.820732,brisée,-12.9894085,1
8627,S_NOUN_1_PASS_b,M,S,le raisin avec la robe était caché <eos>,6,caché,cachée,4,F,caché,-10.586777,cachée,-11.255817,1
8628,S_NOUN_1_PASS_b,M,S,le raisin avec la robe était cassé <eos>,6,cassé,cassée,4,F,cassé,-7.8243084,cassée,-11.595899,1
8629,S_NOUN_1_PASS_b,M,S,le raisin avec la robe était couvert <eos>,6,couvert,couverte,4,F,couvert,-6.9619627,couverte,-7.961399,1
8630,S_NOUN_1_PASS_b,M,S,le raisin avec la robe était déformé <eos>,6,déformé,déformée,4,F,déformé,-11.13372,déformée,-12.177394,1
8631,S_NOUN_1_PASS_b,M,S,le raisin avec la robe était fixé <eos>,6,fixé,fixée,4,F,fixé,-6.090748,fixée,-7.65705,1
8632,S_NOUN_1_PASS_b,M,S,le raisin avec la robe était jeté <eos>,6,jeté,jetée,4,F,jeté,-8.807333,jetée,-11.291028,1
8633,S_NOUN_1_PASS_b,M,S,le raisin avec la robe était laissé <eos>,6,laissé,laissée,4,F,laissé,-8.677122,laissée,-9.798054,1
8634,S_NOUN_1_PASS_b,M,S,le raisin avec la robe était ouvert <eos>,6,ouvert,ouverte,4,F,ouvert,-7.8319235,ouverte,-8.820283,1
8635,S_NOUN_1_PASS_b,M,S,le raisin avec la robe était perdu <eos>,6,perdu,perdue,4,F,perdu,-10.269079,perdue,-11.812789,1
8636,S_NOUN_1_PASS_b,M,S,le raisin avec la robe était réparé <eos>,6,réparé,réparée,4,F,réparé,-12.907707,réparée,-13.640192,1
8637,S_NOUN_1_PASS_b,M,S,le raisin avec la robe était retiré <eos>,6,retiré,retirée,4,F,retiré,-6.7928534,retirée,-10.665561,1
8638,S_NOUN_1_PASS_b,M,S,le raisin avec la robe était tombé <eos>,6,tombé,tombée,4,F,tombé,-9.21828,tombée,-8.861963,0
8639,S_NOUN_1_PASS_b,M,S,le raisin avec la robe était utilisé <eos>,6,utilisé,utilisée,4,F,utilisé,-4.6029286,utilisée,-6.381578,1
8640,S_NOUN_1_PASS_b,M,S,le raisin avec la valise était acheté <eos>,6,acheté,achetée,4,F,acheté,-7.1292615,achetée,-10.250099,1
8641,S_NOUN_1_PASS_b,M,S,le raisin avec la valise était brisé <eos>,6,brisé,brisée,4,F,brisé,-8.201807,brisée,-10.478766,1
8642,S_NOUN_1_PASS_b,M,S,le raisin avec la valise était caché <eos>,6,caché,cachée,4,F,caché,-7.9299765,cachée,-10.965782,1
8643,S_NOUN_1_PASS_b,M,S,le raisin avec la valise était cassé <eos>,6,cassé,cassée,4,F,cassé,-6.9517784,cassée,-9.375737,1
8644,S_NOUN_1_PASS_b,M,S,le raisin avec la valise était couvert <eos>,6,couvert,couverte,4,F,couvert,-5.508011,couverte,-8.345552,1
8645,S_NOUN_1_PASS_b,M,S,le raisin avec la valise était déformé <eos>,6,déformé,déformée,4,F,déformé,-9.867898,déformée,-12.323523,1
8646,S_NOUN_1_PASS_b,M,S,le raisin avec la valise était fixé <eos>,6,fixé,fixée,4,F,fixé,-5.854533,fixée,-7.5324726,1
8647,S_NOUN_1_PASS_b,M,S,le raisin avec la valise était jeté <eos>,6,jeté,jetée,4,F,jeté,-6.21256,jetée,-9.386648,1
8648,S_NOUN_1_PASS_b,M,S,le raisin avec la valise était laissé <eos>,6,laissé,laissée,4,F,laissé,-6.926247,laissée,-9.141968,1
8649,S_NOUN_1_PASS_b,M,S,le raisin avec la valise était ouvert <eos>,6,ouvert,ouverte,4,F,ouvert,-6.085331,ouverte,-7.971058,1
8650,S_NOUN_1_PASS_b,M,S,le raisin avec la valise était perdu <eos>,6,perdu,perdue,4,F,perdu,-8.448624,perdue,-10.160412,1
8651,S_NOUN_1_PASS_b,M,S,le raisin avec la valise était réparé <eos>,6,réparé,réparée,4,F,réparé,-10.18514,réparée,-13.190298,1
8652,S_NOUN_1_PASS_b,M,S,le raisin avec la valise était retiré <eos>,6,retiré,retirée,4,F,retiré,-5.8588443,retirée,-9.455645,1
8653,S_NOUN_1_PASS_b,M,S,le raisin avec la valise était tombé <eos>,6,tombé,tombée,4,F,tombé,-7.88686,tombée,-8.894924,1
8654,S_NOUN_1_PASS_b,M,S,le raisin avec la valise était utilisé <eos>,6,utilisé,utilisée,4,F,utilisé,-5.3971214,utilisée,-8.250133,1
8655,S_NOUN_1_PASS_b,M,S,le raisin avec la pendule était acheté <eos>,6,acheté,achetée,4,F,acheté,-8.663406,achetée,-10.753915,1
8656,S_NOUN_1_PASS_b,M,S,le raisin avec la pendule était brisé <eos>,6,brisé,brisée,4,F,brisé,-9.264315,brisée,-10.400587,1
8657,S_NOUN_1_PASS_b,M,S,le raisin avec la pendule était caché <eos>,6,caché,cachée,4,F,caché,-9.267328,cachée,-10.261346,1
8658,S_NOUN_1_PASS_b,M,S,le raisin avec la pendule était cassé <eos>,6,cassé,cassée,4,F,cassé,-6.8019934,cassée,-9.223995,1
8659,S_NOUN_1_PASS_b,M,S,le raisin avec la pendule était couvert <eos>,6,couvert,couverte,4,F,couvert,-5.6140985,couverte,-7.8288336,1
8660,S_NOUN_1_PASS_b,M,S,le raisin avec la pendule était déformé <eos>,6,déformé,déformée,4,F,déformé,-10.854512,déformée,-11.848147,1
8661,S_NOUN_1_PASS_b,M,S,le raisin avec la pendule était fixé <eos>,6,fixé,fixée,4,F,fixé,-4.5765333,fixée,-6.215049,1
8662,S_NOUN_1_PASS_b,M,S,le raisin avec la pendule était jeté <eos>,6,jeté,jetée,4,F,jeté,-8.037918,jetée,-10.535554,1
8663,S_NOUN_1_PASS_b,M,S,le raisin avec la pendule était laissé <eos>,6,laissé,laissée,4,F,laissé,-7.793049,laissée,-9.158556,1
8664,S_NOUN_1_PASS_b,M,S,le raisin avec la pendule était ouvert <eos>,6,ouvert,ouverte,4,F,ouvert,-6.1434107,ouverte,-8.045787,1
8665,S_NOUN_1_PASS_b,M,S,le raisin avec la pendule était perdu <eos>,6,perdu,perdue,4,F,perdu,-10.386764,perdue,-10.122346,0
8666,S_NOUN_1_PASS_b,M,S,le raisin avec la pendule était réparé <eos>,6,réparé,réparée,4,F,réparé,-11.103823,réparée,-12.19062,1
8667,S_NOUN_1_PASS_b,M,S,le raisin avec la pendule était retiré <eos>,6,retiré,retirée,4,F,retiré,-6.333747,retirée,-10.02702,1
8668,S_NOUN_1_PASS_b,M,S,le raisin avec la pendule était tombé <eos>,6,tombé,tombée,4,F,tombé,-8.308081,tombée,-9.854523,1
8669,S_NOUN_1_PASS_b,M,S,le raisin avec la pendule était utilisé <eos>,6,utilisé,utilisée,4,F,utilisé,-4.1836343,utilisée,-6.393376,1
8670,S_NOUN_1_PASS_b,M,S,le raisin avec la cloche était acheté <eos>,6,acheté,achetée,4,F,acheté,-7.517668,achetée,-9.907758,1
8671,S_NOUN_1_PASS_b,M,S,le raisin avec la cloche était brisé <eos>,6,brisé,brisée,4,F,brisé,-9.015067,brisée,-11.667709,1
8672,S_NOUN_1_PASS_b,M,S,le raisin avec la cloche était caché <eos>,6,caché,cachée,4,F,caché,-8.432091,cachée,-10.689489,1
8673,S_NOUN_1_PASS_b,M,S,le raisin avec la cloche était cassé <eos>,6,cassé,cassée,4,F,cassé,-7.411772,cassée,-9.622723,1
8674,S_NOUN_1_PASS_b,M,S,le raisin avec la cloche était couvert <eos>,6,couvert,couverte,4,F,couvert,-5.471505,couverte,-8.425397,1
8675,S_NOUN_1_PASS_b,M,S,le raisin avec la cloche était déformé <eos>,6,déformé,déformée,4,F,déformé,-11.38981,déformée,-12.875488,1
8676,S_NOUN_1_PASS_b,M,S,le raisin avec la cloche était fixé <eos>,6,fixé,fixée,4,F,fixé,-5.5101404,fixée,-7.3594236,1
8677,S_NOUN_1_PASS_b,M,S,le raisin avec la cloche était jeté <eos>,6,jeté,jetée,4,F,jeté,-7.3149915,jetée,-9.321161,1
8678,S_NOUN_1_PASS_b,M,S,le raisin avec la cloche était laissé <eos>,6,laissé,laissée,4,F,laissé,-7.492305,laissée,-9.6070595,1
8679,S_NOUN_1_PASS_b,M,S,le raisin avec la cloche était ouvert <eos>,6,ouvert,ouverte,4,F,ouvert,-7.401827,ouverte,-9.035598,1
8680,S_NOUN_1_PASS_b,M,S,le raisin avec la cloche était perdu <eos>,6,perdu,perdue,4,F,perdu,-8.371015,perdue,-9.9674015,1
8681,S_NOUN_1_PASS_b,M,S,le raisin avec la cloche était réparé <eos>,6,réparé,réparée,4,F,réparé,-9.826572,réparée,-12.10561,1
8682,S_NOUN_1_PASS_b,M,S,le raisin avec la cloche était retiré <eos>,6,retiré,retirée,4,F,retiré,-6.7267876,retirée,-10.950413,1
8683,S_NOUN_1_PASS_b,M,S,le raisin avec la cloche était tombé <eos>,6,tombé,tombée,4,F,tombé,-7.1580505,tombée,-8.373945,1
8684,S_NOUN_1_PASS_b,M,S,le raisin avec la cloche était utilisé <eos>,6,utilisé,utilisée,4,F,utilisé,-4.4466023,utilisée,-7.169578,1
8685,S_NOUN_1_PASS_b,M,S,le raisin avec la cerise était acheté <eos>,6,acheté,achetée,4,F,acheté,-8.396636,achetée,-12.633763,1
8686,S_NOUN_1_PASS_b,M,S,le raisin avec la cerise était brisé <eos>,6,brisé,brisée,4,F,brisé,-10.979958,brisée,-14.791973,1
8687,S_NOUN_1_PASS_b,M,S,le raisin avec la cerise était caché <eos>,6,caché,cachée,4,F,caché,-9.6264,cachée,-12.921825,1
8688,S_NOUN_1_PASS_b,M,S,le raisin avec la cerise était cassé <eos>,6,cassé,cassée,4,F,cassé,-8.46578,cassée,-13.042151,1
8689,S_NOUN_1_PASS_b,M,S,le raisin avec la cerise était couvert <eos>,6,couvert,couverte,4,F,couvert,-6.5254936,couverte,-9.540114,1
8690,S_NOUN_1_PASS_b,M,S,le raisin avec la cerise était déformé <eos>,6,déformé,déformée,4,F,déformé,-11.620204,déformée,-14.262153,1
8691,S_NOUN_1_PASS_b,M,S,le raisin avec la cerise était fixé <eos>,6,fixé,fixée,4,F,fixé,-6.572228,fixée,-9.923445,1
8692,S_NOUN_1_PASS_b,M,S,le raisin avec la cerise était jeté <eos>,6,jeté,jetée,4,F,jeté,-9.33544,jetée,-12.382492,1
8693,S_NOUN_1_PASS_b,M,S,le raisin avec la cerise était laissé <eos>,6,laissé,laissée,4,F,laissé,-8.612011,laissée,-11.484987,1
8694,S_NOUN_1_PASS_b,M,S,le raisin avec la cerise était ouvert <eos>,6,ouvert,ouverte,4,F,ouvert,-7.5267534,ouverte,-10.465338,1
8695,S_NOUN_1_PASS_b,M,S,le raisin avec la cerise était perdu <eos>,6,perdu,perdue,4,F,perdu,-9.642582,perdue,-12.583084,1
8696,S_NOUN_1_PASS_b,M,S,le raisin avec la cerise était réparé <eos>,6,réparé,réparée,4,F,réparé,-12.31239,réparée,-16.086586,1
8697,S_NOUN_1_PASS_b,M,S,le raisin avec la cerise était retiré <eos>,6,retiré,retirée,4,F,retiré,-8.005875,retirée,-12.795025,1
8698,S_NOUN_1_PASS_b,M,S,le raisin avec la cerise était tombé <eos>,6,tombé,tombée,4,F,tombé,-8.767848,tombée,-9.860347,1
8699,S_NOUN_1_PASS_b,M,S,le raisin avec la cerise était utilisé <eos>,6,utilisé,utilisée,4,F,utilisé,-3.693026,utilisée,-7.014811,1
8700,S_NOUN_1_PASS_b,M,S,le chargeur avec la gemme était acheté <eos>,6,acheté,achetée,4,F,acheté,-10.147594,achetée,-12.750572,1
8701,S_NOUN_1_PASS_b,M,S,le chargeur avec la gemme était brisé <eos>,6,brisé,brisée,4,F,brisé,-7.2649603,brisée,-10.666207,1
8702,S_NOUN_1_PASS_b,M,S,le chargeur avec la gemme était caché <eos>,6,caché,cachée,4,F,caché,-7.710319,cachée,-11.491547,1
8703,S_NOUN_1_PASS_b,M,S,le chargeur avec la gemme était cassé <eos>,6,cassé,cassée,4,F,cassé,-6.5209436,cassée,-9.34971,1
8704,S_NOUN_1_PASS_b,M,S,le chargeur avec la gemme était couvert <eos>,6,couvert,couverte,4,F,couvert,-6.99199,couverte,-10.384116,1
8705,S_NOUN_1_PASS_b,M,S,le chargeur avec la gemme était déformé <eos>,6,déformé,déformée,4,F,déformé,-10.221304,déformée,-11.446277,1
8706,S_NOUN_1_PASS_b,M,S,le chargeur avec la gemme était fixé <eos>,6,fixé,fixée,4,F,fixé,-4.664529,fixée,-7.2579784,1
8707,S_NOUN_1_PASS_b,M,S,le chargeur avec la gemme était jeté <eos>,6,jeté,jetée,4,F,jeté,-8.894329,jetée,-12.2903595,1
8708,S_NOUN_1_PASS_b,M,S,le chargeur avec la gemme était laissé <eos>,6,laissé,laissée,4,F,laissé,-9.396643,laissée,-11.563667,1
8709,S_NOUN_1_PASS_b,M,S,le chargeur avec la gemme était ouvert <eos>,6,ouvert,ouverte,4,F,ouvert,-6.9996614,ouverte,-9.936975,1
8710,S_NOUN_1_PASS_b,M,S,le chargeur avec la gemme était perdu <eos>,6,perdu,perdue,4,F,perdu,-8.957663,perdue,-12.401677,1
8711,S_NOUN_1_PASS_b,M,S,le chargeur avec la gemme était réparé <eos>,6,réparé,réparée,4,F,réparé,-10.553099,réparée,-11.838336,1
8712,S_NOUN_1_PASS_b,M,S,le chargeur avec la gemme était retiré <eos>,6,retiré,retirée,4,F,retiré,-6.5129023,retirée,-11.273789,1
8713,S_NOUN_1_PASS_b,M,S,le chargeur avec la gemme était tombé <eos>,6,tombé,tombée,4,F,tombé,-7.92591,tombée,-11.19301,1
8714,S_NOUN_1_PASS_b,M,S,le chargeur avec la gemme était utilisé <eos>,6,utilisé,utilisée,4,F,utilisé,-3.837976,utilisée,-7.5389314,1
8715,S_NOUN_1_PASS_b,M,S,le chargeur avec la chaise était acheté <eos>,6,acheté,achetée,4,F,acheté,-10.340551,achetée,-12.88081,1
8716,S_NOUN_1_PASS_b,M,S,le chargeur avec la chaise était brisé <eos>,6,brisé,brisée,4,F,brisé,-6.7708006,brisée,-10.044725,1
8717,S_NOUN_1_PASS_b,M,S,le chargeur avec la chaise était caché <eos>,6,caché,cachée,4,F,caché,-7.945931,cachée,-11.746597,1
8718,S_NOUN_1_PASS_b,M,S,le chargeur avec la chaise était cassé <eos>,6,cassé,cassée,4,F,cassé,-6.6553955,cassée,-8.345427,1
8719,S_NOUN_1_PASS_b,M,S,le chargeur avec la chaise était couvert <eos>,6,couvert,couverte,4,F,couvert,-6.1447773,couverte,-9.449238,1
8720,S_NOUN_1_PASS_b,M,S,le chargeur avec la chaise était déformé <eos>,6,déformé,déformée,4,F,déformé,-10.166912,déformée,-11.225854,1
8721,S_NOUN_1_PASS_b,M,S,le chargeur avec la chaise était fixé <eos>,6,fixé,fixée,4,F,fixé,-5.7084227,fixée,-7.5023117,1
8722,S_NOUN_1_PASS_b,M,S,le chargeur avec la chaise était jeté <eos>,6,jeté,jetée,4,F,jeté,-8.327464,jetée,-12.1693,1
8723,S_NOUN_1_PASS_b,M,S,le chargeur avec la chaise était laissé <eos>,6,laissé,laissée,4,F,laissé,-8.753272,laissée,-11.392973,1
8724,S_NOUN_1_PASS_b,M,S,le chargeur avec la chaise était ouvert <eos>,6,ouvert,ouverte,4,F,ouvert,-6.3382654,ouverte,-8.936231,1
8725,S_NOUN_1_PASS_b,M,S,le chargeur avec la chaise était perdu <eos>,6,perdu,perdue,4,F,perdu,-8.451691,perdue,-11.968565,1
8726,S_NOUN_1_PASS_b,M,S,le chargeur avec la chaise était réparé <eos>,6,réparé,réparée,4,F,réparé,-10.050197,réparée,-10.862123,1
8727,S_NOUN_1_PASS_b,M,S,le chargeur avec la chaise était retiré <eos>,6,retiré,retirée,4,F,retiré,-6.6636176,retirée,-10.991743,1
8728,S_NOUN_1_PASS_b,M,S,le chargeur avec la chaise était tombé <eos>,6,tombé,tombée,4,F,tombé,-8.152864,tombée,-11.639622,1
8729,S_NOUN_1_PASS_b,M,S,le chargeur avec la chaise était utilisé <eos>,6,utilisé,utilisée,4,F,utilisé,-4.1823673,utilisée,-7.670207,1
8730,S_NOUN_1_PASS_b,M,S,le chargeur avec la poubelle était acheté <eos>,6,acheté,achetée,4,F,acheté,-9.883633,achetée,-12.746128,1
8731,S_NOUN_1_PASS_b,M,S,le chargeur avec la poubelle était brisé <eos>,6,brisé,brisée,4,F,brisé,-6.9275208,brisée,-10.643908,1
8732,S_NOUN_1_PASS_b,M,S,le chargeur avec la poubelle était caché <eos>,6,caché,cachée,4,F,caché,-7.7972136,cachée,-11.768191,1
8733,S_NOUN_1_PASS_b,M,S,le chargeur avec la poubelle était cassé <eos>,6,cassé,cassée,4,F,cassé,-6.9612103,cassée,-9.03583,1
8734,S_NOUN_1_PASS_b,M,S,le chargeur avec la poubelle était couvert <eos>,6,couvert,couverte,4,F,couvert,-6.352833,couverte,-9.454919,1
8735,S_NOUN_1_PASS_b,M,S,le chargeur avec la poubelle était déformé <eos>,6,déformé,déformée,4,F,déformé,-9.589231,déformée,-11.139935,1
8736,S_NOUN_1_PASS_b,M,S,le chargeur avec la poubelle était fixé <eos>,6,fixé,fixée,4,F,fixé,-5.5630116,fixée,-8.144802,1
8737,S_NOUN_1_PASS_b,M,S,le chargeur avec la poubelle était jeté <eos>,6,jeté,jetée,4,F,jeté,-7.7746096,jetée,-11.028102,1
8738,S_NOUN_1_PASS_b,M,S,le chargeur avec la poubelle était laissé <eos>,6,laissé,laissée,4,F,laissé,-8.264057,laissée,-11.2871,1
8739,S_NOUN_1_PASS_b,M,S,le chargeur avec la poubelle était ouvert <eos>,6,ouvert,ouverte,4,F,ouvert,-6.2012625,ouverte,-9.009273,1
8740,S_NOUN_1_PASS_b,M,S,le chargeur avec la poubelle était perdu <eos>,6,perdu,perdue,4,F,perdu,-8.191191,perdue,-12.331251,1
8741,S_NOUN_1_PASS_b,M,S,le chargeur avec la poubelle était réparé <eos>,6,réparé,réparée,4,F,réparé,-10.026286,réparée,-11.1069765,1
8742,S_NOUN_1_PASS_b,M,S,le chargeur avec la poubelle était retiré <eos>,6,retiré,retirée,4,F,retiré,-6.000348,retirée,-10.323598,1
8743,S_NOUN_1_PASS_b,M,S,le chargeur avec la poubelle était tombé <eos>,6,tombé,tombée,4,F,tombé,-8.129049,tombée,-11.089967,1
8744,S_NOUN_1_PASS_b,M,S,le chargeur avec la poubelle était utilisé <eos>,6,utilisé,utilisée,4,F,utilisé,-4.5028677,utilisée,-8.259319,1
8745,S_NOUN_1_PASS_b,M,S,le chargeur avec la chemise était acheté <eos>,6,acheté,achetée,4,F,acheté,-9.888317,achetée,-12.823794,1
8746,S_NOUN_1_PASS_b,M,S,le chargeur avec la chemise était brisé <eos>,6,brisé,brisée,4,F,brisé,-7.0412636,brisée,-10.7542095,1
8747,S_NOUN_1_PASS_b,M,S,le chargeur avec la chemise était caché <eos>,6,caché,cachée,4,F,caché,-8.143834,cachée,-11.894678,1
8748,S_NOUN_1_PASS_b,M,S,le chargeur avec la chemise était cassé <eos>,6,cassé,cassée,4,F,cassé,-5.5909424,cassée,-9.684515,1
8749,S_NOUN_1_PASS_b,M,S,le chargeur avec la chemise était couvert <eos>,6,couvert,couverte,4,F,couvert,-5.994932,couverte,-9.024779,1
8750,S_NOUN_1_PASS_b,M,S,le chargeur avec la chemise était déformé <eos>,6,déformé,déformée,4,F,déformé,-9.81633,déformée,-11.012196,1
8751,S_NOUN_1_PASS_b,M,S,le chargeur avec la chemise était fixé <eos>,6,fixé,fixée,4,F,fixé,-4.6837473,fixée,-7.214837,1
8752,S_NOUN_1_PASS_b,M,S,le chargeur avec la chemise était jeté <eos>,6,jeté,jetée,4,F,jeté,-7.8191457,jetée,-12.330942,1
8753,S_NOUN_1_PASS_b,M,S,le chargeur avec la chemise était laissé <eos>,6,laissé,laissée,4,F,laissé,-8.436309,laissée,-11.529229,1
8754,S_NOUN_1_PASS_b,M,S,le chargeur avec la chemise était ouvert <eos>,6,ouvert,ouverte,4,F,ouvert,-5.993606,ouverte,-8.807085,1
8755,S_NOUN_1_PASS_b,M,S,le chargeur avec la chemise était perdu <eos>,6,perdu,perdue,4,F,perdu,-8.534018,perdue,-12.686305,1
8756,S_NOUN_1_PASS_b,M,S,le chargeur avec la chemise était réparé <eos>,6,réparé,réparée,4,F,réparé,-11.269888,réparée,-11.958784,1
8757,S_NOUN_1_PASS_b,M,S,le chargeur avec la chemise était retiré <eos>,6,retiré,retirée,4,F,retiré,-5.8334007,retirée,-11.187151,1
8758,S_NOUN_1_PASS_b,M,S,le chargeur avec la chemise était tombé <eos>,6,tombé,tombée,4,F,tombé,-7.7148676,tombée,-11.274992,1
8759,S_NOUN_1_PASS_b,M,S,le chargeur avec la chemise était utilisé <eos>,6,utilisé,utilisée,4,F,utilisé,-4.268242,utilisée,-7.875704,1
8760,S_NOUN_1_PASS_b,M,S,le chargeur avec la recette était acheté <eos>,6,acheté,achetée,4,F,acheté,-10.72196,achetée,-13.247961,1
8761,S_NOUN_1_PASS_b,M,S,le chargeur avec la recette était brisé <eos>,6,brisé,brisée,4,F,brisé,-7.76342,brisée,-11.440345,1
8762,S_NOUN_1_PASS_b,M,S,le chargeur avec la recette était caché <eos>,6,caché,cachée,4,F,caché,-8.359453,cachée,-12.069401,1
8763,S_NOUN_1_PASS_b,M,S,le chargeur avec la recette était cassé <eos>,6,cassé,cassée,4,F,cassé,-8.329443,cassée,-10.136871,1
8764,S_NOUN_1_PASS_b,M,S,le chargeur avec la recette était couvert <eos>,6,couvert,couverte,4,F,couvert,-7.889636,couverte,-11.471818,1
8765,S_NOUN_1_PASS_b,M,S,le chargeur avec la recette était déformé <eos>,6,déformé,déformée,4,F,déformé,-11.521856,déformée,-12.097937,1
8766,S_NOUN_1_PASS_b,M,S,le chargeur avec la recette était fixé <eos>,6,fixé,fixée,4,F,fixé,-5.094183,fixée,-6.827739,1
8767,S_NOUN_1_PASS_b,M,S,le chargeur avec la recette était jeté <eos>,6,jeté,jetée,4,F,jeté,-10.341926,jetée,-13.449916,1
8768,S_NOUN_1_PASS_b,M,S,le chargeur avec la recette était laissé <eos>,6,laissé,laissée,4,F,laissé,-9.886225,laissée,-12.00262,1
8769,S_NOUN_1_PASS_b,M,S,le chargeur avec la recette était ouvert <eos>,6,ouvert,ouverte,4,F,ouvert,-7.5230513,ouverte,-10.755154,1
8770,S_NOUN_1_PASS_b,M,S,le chargeur avec la recette était perdu <eos>,6,perdu,perdue,4,F,perdu,-9.073498,perdue,-11.624489,1
8771,S_NOUN_1_PASS_b,M,S,le chargeur avec la recette était réparé <eos>,6,réparé,réparée,4,F,réparé,-11.642197,réparée,-12.565716,1
8772,S_NOUN_1_PASS_b,M,S,le chargeur avec la recette était retiré <eos>,6,retiré,retirée,4,F,retiré,-7.444969,retirée,-11.866053,1
8773,S_NOUN_1_PASS_b,M,S,le chargeur avec la recette était tombé <eos>,6,tombé,tombée,4,F,tombé,-7.1294336,tombée,-10.722415,1
8774,S_NOUN_1_PASS_b,M,S,le chargeur avec la recette était utilisé <eos>,6,utilisé,utilisée,4,F,utilisé,-5.7397404,utilisée,-9.037247,1
8775,S_NOUN_1_PASS_b,M,S,le chargeur avec la jupe était acheté <eos>,6,acheté,achetée,4,F,acheté,-10.907149,achetée,-13.707983,1
8776,S_NOUN_1_PASS_b,M,S,le chargeur avec la jupe était brisé <eos>,6,brisé,brisée,4,F,brisé,-6.964267,brisée,-10.191536,1
8777,S_NOUN_1_PASS_b,M,S,le chargeur avec la jupe était caché <eos>,6,caché,cachée,4,F,caché,-8.378996,cachée,-11.23877,1
8778,S_NOUN_1_PASS_b,M,S,le chargeur avec la jupe était cassé <eos>,6,cassé,cassée,4,F,cassé,-5.6655726,cassée,-8.53289,1
8779,S_NOUN_1_PASS_b,M,S,le chargeur avec la jupe était couvert <eos>,6,couvert,couverte,4,F,couvert,-6.2399454,couverte,-9.647871,1
8780,S_NOUN_1_PASS_b,M,S,le chargeur avec la jupe était déformé <eos>,6,déformé,déformée,4,F,déformé,-10.071632,déformée,-10.115118,1
8781,S_NOUN_1_PASS_b,M,S,le chargeur avec la jupe était fixé <eos>,6,fixé,fixée,4,F,fixé,-5.2512608,fixée,-7.1087265,1
8782,S_NOUN_1_PASS_b,M,S,le chargeur avec la jupe était jeté <eos>,6,jeté,jetée,4,F,jeté,-8.664039,jetée,-12.939783,1
8783,S_NOUN_1_PASS_b,M,S,le chargeur avec la jupe était laissé <eos>,6,laissé,laissée,4,F,laissé,-8.777923,laissée,-11.343382,1
8784,S_NOUN_1_PASS_b,M,S,le chargeur avec la jupe était ouvert <eos>,6,ouvert,ouverte,4,F,ouvert,-6.2516594,ouverte,-8.718801,1
8785,S_NOUN_1_PASS_b,M,S,le chargeur avec la jupe était perdu <eos>,6,perdu,perdue,4,F,perdu,-8.791248,perdue,-12.113025,1
8786,S_NOUN_1_PASS_b,M,S,le chargeur avec la jupe était réparé <eos>,6,réparé,réparée,4,F,réparé,-11.188774,réparée,-11.30662,1
8787,S_NOUN_1_PASS_b,M,S,le chargeur avec la jupe était retiré <eos>,6,retiré,retirée,4,F,retiré,-6.6714067,retirée,-11.404946,1
8788,S_NOUN_1_PASS_b,M,S,le chargeur avec la jupe était tombé <eos>,6,tombé,tombée,4,F,tombé,-7.812925,tombée,-11.318119,1
8789,S_NOUN_1_PASS_b,M,S,le chargeur avec la jupe était utilisé <eos>,6,utilisé,utilisée,4,F,utilisé,-5.393673,utilisée,-8.542223,1
8790,S_NOUN_1_PASS_b,M,S,le chargeur avec la colle était acheté <eos>,6,acheté,achetée,4,F,acheté,-9.610485,achetée,-13.009475,1
8791,S_NOUN_1_PASS_b,M,S,le chargeur avec la colle était brisé <eos>,6,brisé,brisée,4,F,brisé,-7.0519276,brisée,-10.778553,1
8792,S_NOUN_1_PASS_b,M,S,le chargeur avec la colle était caché <eos>,6,caché,cachée,4,F,caché,-7.238261,cachée,-11.129245,1
8793,S_NOUN_1_PASS_b,M,S,le chargeur avec la colle était cassé <eos>,6,cassé,cassée,4,F,cassé,-6.507212,cassée,-8.986109,1
8794,S_NOUN_1_PASS_b,M,S,le chargeur avec la colle était couvert <eos>,6,couvert,couverte,4,F,couvert,-6.4973364,couverte,-9.6668005,1
8795,S_NOUN_1_PASS_b,M,S,le chargeur avec la colle était déformé <eos>,6,déformé,déformée,4,F,déformé,-9.445258,déformée,-11.400986,1
8796,S_NOUN_1_PASS_b,M,S,le chargeur avec la colle était fixé <eos>,6,fixé,fixée,4,F,fixé,-5.00978,fixée,-7.4074383,1
8797,S_NOUN_1_PASS_b,M,S,le chargeur avec la colle était jeté <eos>,6,jeté,jetée,4,F,jeté,-8.019545,jetée,-12.389177,1
8798,S_NOUN_1_PASS_b,M,S,le chargeur avec la colle était laissé <eos>,6,laissé,laissée,4,F,laissé,-8.615762,laissée,-11.169868,1
8799,S_NOUN_1_PASS_b,M,S,le chargeur avec la colle était ouvert <eos>,6,ouvert,ouverte,4,F,ouvert,-6.4220567,ouverte,-9.276754,1
8800,S_NOUN_1_PASS_b,M,S,le chargeur avec la colle était perdu <eos>,6,perdu,perdue,4,F,perdu,-8.502654,perdue,-11.759813,1
8801,S_NOUN_1_PASS_b,M,S,le chargeur avec la colle était réparé <eos>,6,réparé,réparée,4,F,réparé,-10.439863,réparée,-11.987453,1
8802,S_NOUN_1_PASS_b,M,S,le chargeur avec la colle était retiré <eos>,6,retiré,retirée,4,F,retiré,-5.709611,retirée,-10.588159,1
8803,S_NOUN_1_PASS_b,M,S,le chargeur avec la colle était tombé <eos>,6,tombé,tombée,4,F,tombé,-7.7711196,tombée,-11.461842,1
8804,S_NOUN_1_PASS_b,M,S,le chargeur avec la colle était utilisé <eos>,6,utilisé,utilisée,4,F,utilisé,-4.265761,utilisée,-8.262423,1
8805,S_NOUN_1_PASS_b,M,S,le chargeur avec la lampe était acheté <eos>,6,acheté,achetée,4,F,acheté,-10.435484,achetée,-12.309614,1
8806,S_NOUN_1_PASS_b,M,S,le chargeur avec la lampe était brisé <eos>,6,brisé,brisée,4,F,brisé,-6.545353,brisée,-9.805624,1
8807,S_NOUN_1_PASS_b,M,S,le chargeur avec la lampe était caché <eos>,6,caché,cachée,4,F,caché,-7.800901,cachée,-10.990927,1
8808,S_NOUN_1_PASS_b,M,S,le chargeur avec la lampe était cassé <eos>,6,cassé,cassée,4,F,cassé,-7.0801067,cassée,-8.543092,1
8809,S_NOUN_1_PASS_b,M,S,le chargeur avec la lampe était couvert <eos>,6,couvert,couverte,4,F,couvert,-7.110441,couverte,-10.006762,1
8810,S_NOUN_1_PASS_b,M,S,le chargeur avec la lampe était déformé <eos>,6,déformé,déformée,4,F,déformé,-10.515071,déformée,-11.172545,1
8811,S_NOUN_1_PASS_b,M,S,le chargeur avec la lampe était fixé <eos>,6,fixé,fixée,4,F,fixé,-5.2365685,fixée,-7.374511,1
8812,S_NOUN_1_PASS_b,M,S,le chargeur avec la lampe était jeté <eos>,6,jeté,jetée,4,F,jeté,-8.809723,jetée,-11.826007,1
8813,S_NOUN_1_PASS_b,M,S,le chargeur avec la lampe était laissé <eos>,6,laissé,laissée,4,F,laissé,-9.357152,laissée,-10.960585,1
8814,S_NOUN_1_PASS_b,M,S,le chargeur avec la lampe était ouvert <eos>,6,ouvert,ouverte,4,F,ouvert,-7.0363026,ouverte,-9.246089,1
8815,S_NOUN_1_PASS_b,M,S,le chargeur avec la lampe était perdu <eos>,6,perdu,perdue,4,F,perdu,-9.273657,perdue,-11.590901,1
8816,S_NOUN_1_PASS_b,M,S,le chargeur avec la lampe était réparé <eos>,6,réparé,réparée,4,F,réparé,-10.539085,réparée,-11.4304,1
8817,S_NOUN_1_PASS_b,M,S,le chargeur avec la lampe était retiré <eos>,6,retiré,retirée,4,F,retiré,-6.6573825,retirée,-10.366892,1
8818,S_NOUN_1_PASS_b,M,S,le chargeur avec la lampe était tombé <eos>,6,tombé,tombée,4,F,tombé,-7.872911,tombée,-11.389423,1
8819,S_NOUN_1_PASS_b,M,S,le chargeur avec la lampe était utilisé <eos>,6,utilisé,utilisée,4,F,utilisé,-4.806505,utilisée,-8.082955,1
8820,S_NOUN_1_PASS_b,M,S,le chargeur avec la bouteille était acheté <eos>,6,acheté,achetée,4,F,acheté,-10.083405,achetée,-12.639843,1
8821,S_NOUN_1_PASS_b,M,S,le chargeur avec la bouteille était brisé <eos>,6,brisé,brisée,4,F,brisé,-6.915001,brisée,-10.646506,1
8822,S_NOUN_1_PASS_b,M,S,le chargeur avec la bouteille était caché <eos>,6,caché,cachée,4,F,caché,-7.6471157,cachée,-11.349413,1
8823,S_NOUN_1_PASS_b,M,S,le chargeur avec la bouteille était cassé <eos>,6,cassé,cassée,4,F,cassé,-6.4696426,cassée,-8.809393,1
8824,S_NOUN_1_PASS_b,M,S,le chargeur avec la bouteille était couvert <eos>,6,couvert,couverte,4,F,couvert,-6.3152275,couverte,-10.035966,1
8825,S_NOUN_1_PASS_b,M,S,le chargeur avec la bouteille était déformé <eos>,6,déformé,déformée,4,F,déformé,-9.8822565,déformée,-11.032175,1
8826,S_NOUN_1_PASS_b,M,S,le chargeur avec la bouteille était fixé <eos>,6,fixé,fixée,4,F,fixé,-4.3362417,fixée,-6.941457,1
8827,S_NOUN_1_PASS_b,M,S,le chargeur avec la bouteille était jeté <eos>,6,jeté,jetée,4,F,jeté,-8.043551,jetée,-11.703694,1
8828,S_NOUN_1_PASS_b,M,S,le chargeur avec la bouteille était laissé <eos>,6,laissé,laissée,4,F,laissé,-8.567992,laissée,-10.97226,1
8829,S_NOUN_1_PASS_b,M,S,le chargeur avec la bouteille était ouvert <eos>,6,ouvert,ouverte,4,F,ouvert,-6.152829,ouverte,-9.313737,1
8830,S_NOUN_1_PASS_b,M,S,le chargeur avec la bouteille était perdu <eos>,6,perdu,perdue,4,F,perdu,-8.463308,perdue,-12.017591,1
8831,S_NOUN_1_PASS_b,M,S,le chargeur avec la bouteille était réparé <eos>,6,réparé,réparée,4,F,réparé,-10.61749,réparée,-11.915263,1
8832,S_NOUN_1_PASS_b,M,S,le chargeur avec la bouteille était retiré <eos>,6,retiré,retirée,4,F,retiré,-5.815626,retirée,-10.742634,1
8833,S_NOUN_1_PASS_b,M,S,le chargeur avec la bouteille était tombé <eos>,6,tombé,tombée,4,F,tombé,-7.3771667,tombée,-11.178336,1
8834,S_NOUN_1_PASS_b,M,S,le chargeur avec la bouteille était utilisé <eos>,6,utilisé,utilisée,4,F,utilisé,-4.5006237,utilisée,-8.201705,1
8835,S_NOUN_1_PASS_b,M,S,le chargeur avec la boisson était acheté <eos>,6,acheté,achetée,4,F,acheté,-10.058973,achetée,-12.349784,1
8836,S_NOUN_1_PASS_b,M,S,le chargeur avec la boisson était brisé <eos>,6,brisé,brisée,4,F,brisé,-8.815317,brisée,-11.646295,1
8837,S_NOUN_1_PASS_b,M,S,le chargeur avec la boisson était caché <eos>,6,caché,cachée,4,F,caché,-8.908979,cachée,-11.808805,1
8838,S_NOUN_1_PASS_b,M,S,le chargeur avec la boisson était cassé <eos>,6,cassé,cassée,4,F,cassé,-7.348397,cassée,-9.929497,1
8839,S_NOUN_1_PASS_b,M,S,le chargeur avec la boisson était couvert <eos>,6,couvert,couverte,4,F,couvert,-7.6148753,couverte,-10.863428,1
8840,S_NOUN_1_PASS_b,M,S,le chargeur avec la boisson était déformé <eos>,6,déformé,déformée,4,F,déformé,-10.210194,déformée,-11.587231,1
8841,S_NOUN_1_PASS_b,M,S,le chargeur avec la boisson était fixé <eos>,6,fixé,fixée,4,F,fixé,-5.411729,fixée,-7.353079,1
8842,S_NOUN_1_PASS_b,M,S,le chargeur avec la boisson était jeté <eos>,6,jeté,jetée,4,F,jeté,-9.232494,jetée,-12.221512,1
8843,S_NOUN_1_PASS_b,M,S,le chargeur avec la boisson était laissé <eos>,6,laissé,laissée,4,F,laissé,-9.901919,laissée,-11.852051,1
8844,S_NOUN_1_PASS_b,M,S,le chargeur avec la boisson était ouvert <eos>,6,ouvert,ouverte,4,F,ouvert,-7.496627,ouverte,-10.155248,1
8845,S_NOUN_1_PASS_b,M,S,le chargeur avec la boisson était perdu <eos>,6,perdu,perdue,4,F,perdu,-9.370084,perdue,-11.874179,1
8846,S_NOUN_1_PASS_b,M,S,le chargeur avec la boisson était réparé <eos>,6,réparé,réparée,4,F,réparé,-11.3613405,réparée,-12.608183,1
8847,S_NOUN_1_PASS_b,M,S,le chargeur avec la boisson était retiré <eos>,6,retiré,retirée,4,F,retiré,-6.5258017,retirée,-11.010331,1
8848,S_NOUN_1_PASS_b,M,S,le chargeur avec la boisson était tombé <eos>,6,tombé,tombée,4,F,tombé,-7.898731,tombée,-10.757033,1
8849,S_NOUN_1_PASS_b,M,S,le chargeur avec la boisson était utilisé <eos>,6,utilisé,utilisée,4,F,utilisé,-4.411766,utilisée,-7.4502964,1
8850,S_NOUN_1_PASS_b,M,S,le chargeur avec la pomme était acheté <eos>,6,acheté,achetée,4,F,acheté,-10.006642,achetée,-13.314042,1
8851,S_NOUN_1_PASS_b,M,S,le chargeur avec la pomme était brisé <eos>,6,brisé,brisée,4,F,brisé,-6.813514,brisée,-11.13492,1
8852,S_NOUN_1_PASS_b,M,S,le chargeur avec la pomme était caché <eos>,6,caché,cachée,4,F,caché,-7.748457,cachée,-11.891627,1
8853,S_NOUN_1_PASS_b,M,S,le chargeur avec la pomme était cassé <eos>,6,cassé,cassée,4,F,cassé,-6.848549,cassée,-9.473062,1
8854,S_NOUN_1_PASS_b,M,S,le chargeur avec la pomme était couvert <eos>,6,couvert,couverte,4,F,couvert,-6.66559,couverte,-10.258059,1
8855,S_NOUN_1_PASS_b,M,S,le chargeur avec la pomme était déformé <eos>,6,déformé,déformée,4,F,déformé,-9.8810835,déformée,-11.530894,1
8856,S_NOUN_1_PASS_b,M,S,le chargeur avec la pomme était fixé <eos>,6,fixé,fixée,4,F,fixé,-5.457712,fixée,-8.19862,1
8857,S_NOUN_1_PASS_b,M,S,le chargeur avec la pomme était jeté <eos>,6,jeté,jetée,4,F,jeté,-8.512909,jetée,-12.099129,1
8858,S_NOUN_1_PASS_b,M,S,le chargeur avec la pomme était laissé <eos>,6,laissé,laissée,4,F,laissé,-9.267735,laissée,-11.357964,1
8859,S_NOUN_1_PASS_b,M,S,le chargeur avec la pomme était ouvert <eos>,6,ouvert,ouverte,4,F,ouvert,-6.6335783,ouverte,-9.9557905,1
8860,S_NOUN_1_PASS_b,M,S,le chargeur avec la pomme était perdu <eos>,6,perdu,perdue,4,F,perdu,-8.679497,perdue,-12.293458,1
8861,S_NOUN_1_PASS_b,M,S,le chargeur avec la pomme était réparé <eos>,6,réparé,réparée,4,F,réparé,-10.135059,réparée,-12.166832,1
8862,S_NOUN_1_PASS_b,M,S,le chargeur avec la pomme était retiré <eos>,6,retiré,retirée,4,F,retiré,-6.4564342,retirée,-11.444201,1
8863,S_NOUN_1_PASS_b,M,S,le chargeur avec la pomme était tombé <eos>,6,tombé,tombée,4,F,tombé,-7.6615677,tombée,-11.437444,1
8864,S_NOUN_1_PASS_b,M,S,le chargeur avec la pomme était utilisé <eos>,6,utilisé,utilisée,4,F,utilisé,-3.7531145,utilisée,-7.526512,1
8865,S_NOUN_1_PASS_b,M,S,le chargeur avec la tasse était acheté <eos>,6,acheté,achetée,4,F,acheté,-9.523772,achetée,-12.4425745,1
8866,S_NOUN_1_PASS_b,M,S,le chargeur avec la tasse était brisé <eos>,6,brisé,brisée,4,F,brisé,-7.010681,brisée,-11.249991,1
8867,S_NOUN_1_PASS_b,M,S,le chargeur avec la tasse était caché <eos>,6,caché,cachée,4,F,caché,-7.218919,cachée,-11.438997,1
8868,S_NOUN_1_PASS_b,M,S,le chargeur avec la tasse était cassé <eos>,6,cassé,cassée,4,F,cassé,-6.7536774,cassée,-9.225114,1
8869,S_NOUN_1_PASS_b,M,S,le chargeur avec la tasse était couvert <eos>,6,couvert,couverte,4,F,couvert,-6.247885,couverte,-10.0141945,1
8870,S_NOUN_1_PASS_b,M,S,le chargeur avec la tasse était déformé <eos>,6,déformé,déformée,4,F,déformé,-10.07411,déformée,-11.1303215,1
8871,S_NOUN_1_PASS_b,M,S,le chargeur avec la tasse était fixé <eos>,6,fixé,fixée,4,F,fixé,-5.0724254,fixée,-7.5521092,1
8872,S_NOUN_1_PASS_b,M,S,le chargeur avec la tasse était jeté <eos>,6,jeté,jetée,4,F,jeté,-8.069469,jetée,-11.89801,1
8873,S_NOUN_1_PASS_b,M,S,le chargeur avec la tasse était laissé <eos>,6,laissé,laissée,4,F,laissé,-8.511182,laissée,-10.795675,1
8874,S_NOUN_1_PASS_b,M,S,le chargeur avec la tasse était ouvert <eos>,6,ouvert,ouverte,4,F,ouvert,-5.6326356,ouverte,-8.466581,1
8875,S_NOUN_1_PASS_b,M,S,le chargeur avec la tasse était perdu <eos>,6,perdu,perdue,4,F,perdu,-8.855364,perdue,-12.547145,1
8876,S_NOUN_1_PASS_b,M,S,le chargeur avec la tasse était réparé <eos>,6,réparé,réparée,4,F,réparé,-10.285169,réparée,-12.232148,1
8877,S_NOUN_1_PASS_b,M,S,le chargeur avec la tasse était retiré <eos>,6,retiré,retirée,4,F,retiré,-6.045079,retirée,-10.79636,1
8878,S_NOUN_1_PASS_b,M,S,le chargeur avec la tasse était tombé <eos>,6,tombé,tombée,4,F,tombé,-8.167691,tombée,-11.717588,1
8879,S_NOUN_1_PASS_b,M,S,le chargeur avec la tasse était utilisé <eos>,6,utilisé,utilisée,4,F,utilisé,-3.8361275,utilisée,-7.389724,1
8880,S_NOUN_1_PASS_b,M,S,le chargeur avec la bougie était acheté <eos>,6,acheté,achetée,4,F,acheté,-10.062235,achetée,-13.244387,1
8881,S_NOUN_1_PASS_b,M,S,le chargeur avec la bougie était brisé <eos>,6,brisé,brisée,4,F,brisé,-6.7630596,brisée,-11.195469,1
8882,S_NOUN_1_PASS_b,M,S,le chargeur avec la bougie était caché <eos>,6,caché,cachée,4,F,caché,-7.1964617,cachée,-11.850127,1
8883,S_NOUN_1_PASS_b,M,S,le chargeur avec la bougie était cassé <eos>,6,cassé,cassée,4,F,cassé,-6.3969707,cassée,-9.334695,1
8884,S_NOUN_1_PASS_b,M,S,le chargeur avec la bougie était couvert <eos>,6,couvert,couverte,4,F,couvert,-7.034056,couverte,-10.735744,1
8885,S_NOUN_1_PASS_b,M,S,le chargeur avec la bougie était déformé <eos>,6,déformé,déformée,4,F,déformé,-10.326622,déformée,-11.576255,1
8886,S_NOUN_1_PASS_b,M,S,le chargeur avec la bougie était fixé <eos>,6,fixé,fixée,4,F,fixé,-5.2395,fixée,-8.512147,1
8887,S_NOUN_1_PASS_b,M,S,le chargeur avec la bougie était jeté <eos>,6,jeté,jetée,4,F,jeté,-8.861193,jetée,-12.377668,1
8888,S_NOUN_1_PASS_b,M,S,le chargeur avec la bougie était laissé <eos>,6,laissé,laissée,4,F,laissé,-8.7959795,laissée,-11.819922,1
8889,S_NOUN_1_PASS_b,M,S,le chargeur avec la bougie était ouvert <eos>,6,ouvert,ouverte,4,F,ouvert,-6.7891135,ouverte,-10.301974,1
8890,S_NOUN_1_PASS_b,M,S,le chargeur avec la bougie était perdu <eos>,6,perdu,perdue,4,F,perdu,-8.071712,perdue,-11.821,1
8891,S_NOUN_1_PASS_b,M,S,le chargeur avec la bougie était réparé <eos>,6,réparé,réparée,4,F,réparé,-10.394586,réparée,-12.043267,1
8892,S_NOUN_1_PASS_b,M,S,le chargeur avec la bougie était retiré <eos>,6,retiré,retirée,4,F,retiré,-6.2015247,retirée,-10.646848,1
8893,S_NOUN_1_PASS_b,M,S,le chargeur avec la bougie était tombé <eos>,6,tombé,tombée,4,F,tombé,-7.111828,tombée,-11.3193,1
8894,S_NOUN_1_PASS_b,M,S,le chargeur avec la bougie était utilisé <eos>,6,utilisé,utilisée,4,F,utilisé,-4.370594,utilisée,-8.515169,1
8895,S_NOUN_1_PASS_b,M,S,le chargeur avec la pochette était acheté <eos>,6,acheté,achetée,4,F,acheté,-9.480787,achetée,-12.497522,1
8896,S_NOUN_1_PASS_b,M,S,le chargeur avec la pochette était brisé <eos>,6,brisé,brisée,4,F,brisé,-8.049074,brisée,-11.590622,1
8897,S_NOUN_1_PASS_b,M,S,le chargeur avec la pochette était caché <eos>,6,caché,cachée,4,F,caché,-7.546896,cachée,-11.137863,1
8898,S_NOUN_1_PASS_b,M,S,le chargeur avec la pochette était cassé <eos>,6,cassé,cassée,4,F,cassé,-6.78722,cassée,-10.160118,1
8899,S_NOUN_1_PASS_b,M,S,le chargeur avec la pochette était couvert <eos>,6,couvert,couverte,4,F,couvert,-6.8597336,couverte,-10.275184,1
8900,S_NOUN_1_PASS_b,M,S,le chargeur avec la pochette était déformé <eos>,6,déformé,déformée,4,F,déformé,-10.260159,déformée,-11.547326,1
8901,S_NOUN_1_PASS_b,M,S,le chargeur avec la pochette était fixé <eos>,6,fixé,fixée,4,F,fixé,-4.8792467,fixée,-7.6843033,1
8902,S_NOUN_1_PASS_b,M,S,le chargeur avec la pochette était jeté <eos>,6,jeté,jetée,4,F,jeté,-8.953209,jetée,-13.32762,1
8903,S_NOUN_1_PASS_b,M,S,le chargeur avec la pochette était laissé <eos>,6,laissé,laissée,4,F,laissé,-8.581667,laissée,-12.002716,1
8904,S_NOUN_1_PASS_b,M,S,le chargeur avec la pochette était ouvert <eos>,6,ouvert,ouverte,4,F,ouvert,-7.225643,ouverte,-10.223695,1
8905,S_NOUN_1_PASS_b,M,S,le chargeur avec la pochette était perdu <eos>,6,perdu,perdue,4,F,perdu,-8.630699,perdue,-13.183546,1
8906,S_NOUN_1_PASS_b,M,S,le chargeur avec la pochette était réparé <eos>,6,réparé,réparée,4,F,réparé,-11.951139,réparée,-13.326837,1
8907,S_NOUN_1_PASS_b,M,S,le chargeur avec la pochette était retiré <eos>,6,retiré,retirée,4,F,retiré,-5.7830296,retirée,-10.837806,1
8908,S_NOUN_1_PASS_b,M,S,le chargeur avec la pochette était tombé <eos>,6,tombé,tombée,4,F,tombé,-7.3666563,tombée,-11.603062,1
8909,S_NOUN_1_PASS_b,M,S,le chargeur avec la pochette était utilisé <eos>,6,utilisé,utilisée,4,F,utilisé,-5.893133,utilisée,-9.867542,1
8910,S_NOUN_1_PASS_b,M,S,le chargeur avec la banane était acheté <eos>,6,acheté,achetée,4,F,acheté,-9.914917,achetée,-13.131677,1
8911,S_NOUN_1_PASS_b,M,S,le chargeur avec la banane était brisé <eos>,6,brisé,brisée,4,F,brisé,-7.5131598,brisée,-11.219654,1
8912,S_NOUN_1_PASS_b,M,S,le chargeur avec la banane était caché <eos>,6,caché,cachée,4,F,caché,-8.2102375,cachée,-12.387046,1
8913,S_NOUN_1_PASS_b,M,S,le chargeur avec la banane était cassé <eos>,6,cassé,cassée,4,F,cassé,-6.540451,cassée,-9.226408,1
8914,S_NOUN_1_PASS_b,M,S,le chargeur avec la banane était couvert <eos>,6,couvert,couverte,4,F,couvert,-6.955771,couverte,-10.210125,1
8915,S_NOUN_1_PASS_b,M,S,le chargeur avec la banane était déformé <eos>,6,déformé,déformée,4,F,déformé,-10.48067,déformée,-11.693627,1
8916,S_NOUN_1_PASS_b,M,S,le chargeur avec la banane était fixé <eos>,6,fixé,fixée,4,F,fixé,-5.4301605,fixée,-7.742117,1
8917,S_NOUN_1_PASS_b,M,S,le chargeur avec la banane était jeté <eos>,6,jeté,jetée,4,F,jeté,-8.379322,jetée,-11.94595,1
8918,S_NOUN_1_PASS_b,M,S,le chargeur avec la banane était laissé <eos>,6,laissé,laissée,4,F,laissé,-9.047772,laissée,-11.872279,1
8919,S_NOUN_1_PASS_b,M,S,le chargeur avec la banane était ouvert <eos>,6,ouvert,ouverte,4,F,ouvert,-6.6847897,ouverte,-9.231838,1
8920,S_NOUN_1_PASS_b,M,S,le chargeur avec la banane était perdu <eos>,6,perdu,perdue,4,F,perdu,-8.2592325,perdue,-11.830468,1
8921,S_NOUN_1_PASS_b,M,S,le chargeur avec la banane était réparé <eos>,6,réparé,réparée,4,F,réparé,-10.481592,réparée,-12.303712,1
8922,S_NOUN_1_PASS_b,M,S,le chargeur avec la banane était retiré <eos>,6,retiré,retirée,4,F,retiré,-6.415697,retirée,-10.839433,1
8923,S_NOUN_1_PASS_b,M,S,le chargeur avec la banane était tombé <eos>,6,tombé,tombée,4,F,tombé,-7.5307837,tombée,-11.150901,1
8924,S_NOUN_1_PASS_b,M,S,le chargeur avec la banane était utilisé <eos>,6,utilisé,utilisée,4,F,utilisé,-3.9558024,utilisée,-7.58487,1
8925,S_NOUN_1_PASS_b,M,S,le chargeur avec la robe était acheté <eos>,6,acheté,achetée,4,F,acheté,-10.090722,achetée,-12.534043,1
8926,S_NOUN_1_PASS_b,M,S,le chargeur avec la robe était brisé <eos>,6,brisé,brisée,4,F,brisé,-7.8352666,brisée,-10.578165,1
8927,S_NOUN_1_PASS_b,M,S,le chargeur avec la robe était caché <eos>,6,caché,cachée,4,F,caché,-8.630843,cachée,-11.296367,1
8928,S_NOUN_1_PASS_b,M,S,le chargeur avec la robe était cassé <eos>,6,cassé,cassée,4,F,cassé,-5.6511765,cassée,-9.732229,1
8929,S_NOUN_1_PASS_b,M,S,le chargeur avec la robe était couvert <eos>,6,couvert,couverte,4,F,couvert,-7.233353,couverte,-9.490587,1
8930,S_NOUN_1_PASS_b,M,S,le chargeur avec la robe était déformé <eos>,6,déformé,déformée,4,F,déformé,-9.649733,déformée,-10.511827,1
8931,S_NOUN_1_PASS_b,M,S,le chargeur avec la robe était fixé <eos>,6,fixé,fixée,4,F,fixé,-4.7809744,fixée,-6.6163597,1
8932,S_NOUN_1_PASS_b,M,S,le chargeur avec la robe était jeté <eos>,6,jeté,jetée,4,F,jeté,-8.623406,jetée,-12.58194,1
8933,S_NOUN_1_PASS_b,M,S,le chargeur avec la robe était laissé <eos>,6,laissé,laissée,4,F,laissé,-9.100377,laissée,-11.545236,1
8934,S_NOUN_1_PASS_b,M,S,le chargeur avec la robe était ouvert <eos>,6,ouvert,ouverte,4,F,ouvert,-7.123391,ouverte,-9.594764,1
8935,S_NOUN_1_PASS_b,M,S,le chargeur avec la robe était perdu <eos>,6,perdu,perdue,4,F,perdu,-8.731609,perdue,-11.94645,1
8936,S_NOUN_1_PASS_b,M,S,le chargeur avec la robe était réparé <eos>,6,réparé,réparée,4,F,réparé,-11.8235855,réparée,-11.749635,0
8937,S_NOUN_1_PASS_b,M,S,le chargeur avec la robe était retiré <eos>,6,retiré,retirée,4,F,retiré,-6.038415,retirée,-10.769833,1
8938,S_NOUN_1_PASS_b,M,S,le chargeur avec la robe était tombé <eos>,6,tombé,tombée,4,F,tombé,-8.137821,tombée,-10.684404,1
8939,S_NOUN_1_PASS_b,M,S,le chargeur avec la robe était utilisé <eos>,6,utilisé,utilisée,4,F,utilisé,-4.7857237,utilisée,-7.7886915,1
8940,S_NOUN_1_PASS_b,M,S,le chargeur avec la valise était acheté <eos>,6,acheté,achetée,4,F,acheté,-9.3186455,achetée,-12.636847,1
8941,S_NOUN_1_PASS_b,M,S,le chargeur avec la valise était brisé <eos>,6,brisé,brisée,4,F,brisé,-6.635721,brisée,-10.414427,1
8942,S_NOUN_1_PASS_b,M,S,le chargeur avec la valise était caché <eos>,6,caché,cachée,4,F,caché,-7.053122,cachée,-11.529358,1
8943,S_NOUN_1_PASS_b,M,S,le chargeur avec la valise était cassé <eos>,6,cassé,cassée,4,F,cassé,-6.810143,cassée,-8.711567,1
8944,S_NOUN_1_PASS_b,M,S,le chargeur avec la valise était couvert <eos>,6,couvert,couverte,4,F,couvert,-6.087164,couverte,-9.410249,1
8945,S_NOUN_1_PASS_b,M,S,le chargeur avec la valise était déformé <eos>,6,déformé,déformée,4,F,déformé,-9.894306,déformée,-11.568174,1
8946,S_NOUN_1_PASS_b,M,S,le chargeur avec la valise était fixé <eos>,6,fixé,fixée,4,F,fixé,-5.4897995,fixée,-7.622443,1
8947,S_NOUN_1_PASS_b,M,S,le chargeur avec la valise était jeté <eos>,6,jeté,jetée,4,F,jeté,-7.517047,jetée,-12.174485,1
8948,S_NOUN_1_PASS_b,M,S,le chargeur avec la valise était laissé <eos>,6,laissé,laissée,4,F,laissé,-8.106082,laissée,-11.02995,1
8949,S_NOUN_1_PASS_b,M,S,le chargeur avec la valise était ouvert <eos>,6,ouvert,ouverte,4,F,ouvert,-5.9075956,ouverte,-8.60944,1
8950,S_NOUN_1_PASS_b,M,S,le chargeur avec la valise était perdu <eos>,6,perdu,perdue,4,F,perdu,-8.103137,perdue,-11.980666,1
8951,S_NOUN_1_PASS_b,M,S,le chargeur avec la valise était réparé <eos>,6,réparé,réparée,4,F,réparé,-10.026738,réparée,-11.689919,1
8952,S_NOUN_1_PASS_b,M,S,le chargeur avec la valise était retiré <eos>,6,retiré,retirée,4,F,retiré,-5.8409824,retirée,-10.319069,1
8953,S_NOUN_1_PASS_b,M,S,le chargeur avec la valise était tombé <eos>,6,tombé,tombée,4,F,tombé,-7.507876,tombée,-10.9867,1
8954,S_NOUN_1_PASS_b,M,S,le chargeur avec la valise était utilisé <eos>,6,utilisé,utilisée,4,F,utilisé,-5.2016525,utilisée,-9.052157,1
8955,S_NOUN_1_PASS_b,M,S,le chargeur avec la pendule était acheté <eos>,6,acheté,achetée,4,F,acheté,-10.4268875,achetée,-13.232357,1
8956,S_NOUN_1_PASS_b,M,S,le chargeur avec la pendule était brisé <eos>,6,brisé,brisée,4,F,brisé,-6.760454,brisée,-10.022799,1
8957,S_NOUN_1_PASS_b,M,S,le chargeur avec la pendule était caché <eos>,6,caché,cachée,4,F,caché,-7.568471,cachée,-11.180727,1
8958,S_NOUN_1_PASS_b,M,S,le chargeur avec la pendule était cassé <eos>,6,cassé,cassée,4,F,cassé,-6.222686,cassée,-8.274491,1
8959,S_NOUN_1_PASS_b,M,S,le chargeur avec la pendule était couvert <eos>,6,couvert,couverte,4,F,couvert,-6.667961,couverte,-9.920467,1
8960,S_NOUN_1_PASS_b,M,S,le chargeur avec la pendule était déformé <eos>,6,déformé,déformée,4,F,déformé,-10.334253,déformée,-11.329832,1
8961,S_NOUN_1_PASS_b,M,S,le chargeur avec la pendule était fixé <eos>,6,fixé,fixée,4,F,fixé,-4.118223,fixée,-6.3382387,1
8962,S_NOUN_1_PASS_b,M,S,le chargeur avec la pendule était jeté <eos>,6,jeté,jetée,4,F,jeté,-9.183226,jetée,-13.327939,1
8963,S_NOUN_1_PASS_b,M,S,le chargeur avec la pendule était laissé <eos>,6,laissé,laissée,4,F,laissé,-9.344323,laissée,-11.540114,1
8964,S_NOUN_1_PASS_b,M,S,le chargeur avec la pendule était ouvert <eos>,6,ouvert,ouverte,4,F,ouvert,-6.5593963,ouverte,-9.66942,1
8965,S_NOUN_1_PASS_b,M,S,le chargeur avec la pendule était perdu <eos>,6,perdu,perdue,4,F,perdu,-9.887441,perdue,-11.672751,1
8966,S_NOUN_1_PASS_b,M,S,le chargeur avec la pendule était réparé <eos>,6,réparé,réparée,4,F,réparé,-11.214021,réparée,-11.65487,1
8967,S_NOUN_1_PASS_b,M,S,le chargeur avec la pendule était retiré <eos>,6,retiré,retirée,4,F,retiré,-6.1495314,retirée,-11.012402,1
8968,S_NOUN_1_PASS_b,M,S,le chargeur avec la pendule était tombé <eos>,6,tombé,tombée,4,F,tombé,-7.3152466,tombée,-12.273788,1
8969,S_NOUN_1_PASS_b,M,S,le chargeur avec la pendule était utilisé <eos>,6,utilisé,utilisée,4,F,utilisé,-4.8396764,utilisée,-8.537855,1
8970,S_NOUN_1_PASS_b,M,S,le chargeur avec la cloche était acheté <eos>,6,acheté,achetée,4,F,acheté,-10.030319,achetée,-12.559445,1
8971,S_NOUN_1_PASS_b,M,S,le chargeur avec la cloche était brisé <eos>,6,brisé,brisée,4,F,brisé,-6.5424876,brisée,-10.4628315,1
8972,S_NOUN_1_PASS_b,M,S,le chargeur avec la cloche était caché <eos>,6,caché,cachée,4,F,caché,-7.245437,cachée,-11.040258,1
8973,S_NOUN_1_PASS_b,M,S,le chargeur avec la cloche était cassé <eos>,6,cassé,cassée,4,F,cassé,-6.9991674,cassée,-8.674963,1
8974,S_NOUN_1_PASS_b,M,S,le chargeur avec la cloche était couvert <eos>,6,couvert,couverte,4,F,couvert,-6.6724195,couverte,-10.265494,1
8975,S_NOUN_1_PASS_b,M,S,le chargeur avec la cloche était déformé <eos>,6,déformé,déformée,4,F,déformé,-10.811725,déformée,-11.511936,1
8976,S_NOUN_1_PASS_b,M,S,le chargeur avec la cloche était fixé <eos>,6,fixé,fixée,4,F,fixé,-4.877356,fixée,-7.1276803,1
8977,S_NOUN_1_PASS_b,M,S,le chargeur avec la cloche était jeté <eos>,6,jeté,jetée,4,F,jeté,-8.260746,jetée,-12.034142,1
8978,S_NOUN_1_PASS_b,M,S,le chargeur avec la cloche était laissé <eos>,6,laissé,laissée,4,F,laissé,-8.787661,laissée,-11.395439,1
8979,S_NOUN_1_PASS_b,M,S,le chargeur avec la cloche était ouvert <eos>,6,ouvert,ouverte,4,F,ouvert,-7.178136,ouverte,-9.990956,1
8980,S_NOUN_1_PASS_b,M,S,le chargeur avec la cloche était perdu <eos>,6,perdu,perdue,4,F,perdu,-8.252586,perdue,-11.398262,1
8981,S_NOUN_1_PASS_b,M,S,le chargeur avec la cloche était réparé <eos>,6,réparé,réparée,4,F,réparé,-10.116542,réparée,-11.249991,1
8982,S_NOUN_1_PASS_b,M,S,le chargeur avec la cloche était retiré <eos>,6,retiré,retirée,4,F,retiré,-6.641487,retirée,-10.933181,1
8983,S_NOUN_1_PASS_b,M,S,le chargeur avec la cloche était tombé <eos>,6,tombé,tombée,4,F,tombé,-6.5466194,tombée,-9.952809,1
8984,S_NOUN_1_PASS_b,M,S,le chargeur avec la cloche était utilisé <eos>,6,utilisé,utilisée,4,F,utilisé,-4.846221,utilisée,-8.366678,1
8985,S_NOUN_1_PASS_b,M,S,le chargeur avec la cerise était acheté <eos>,6,acheté,achetée,4,F,acheté,-9.763981,achetée,-13.446775,1
8986,S_NOUN_1_PASS_b,M,S,le chargeur avec la cerise était brisé <eos>,6,brisé,brisée,4,F,brisé,-7.152137,brisée,-11.973642,1
8987,S_NOUN_1_PASS_b,M,S,le chargeur avec la cerise était caché <eos>,6,caché,cachée,4,F,caché,-7.9244614,cachée,-12.479924,1
8988,S_NOUN_1_PASS_b,M,S,le chargeur avec la cerise était cassé <eos>,6,cassé,cassée,4,F,cassé,-6.272582,cassée,-10.189239,1
8989,S_NOUN_1_PASS_b,M,S,le chargeur avec la cerise était couvert <eos>,6,couvert,couverte,4,F,couvert,-6.531975,couverte,-10.236646,1
8990,S_NOUN_1_PASS_b,M,S,le chargeur avec la cerise était déformé <eos>,6,déformé,déformée,4,F,déformé,-9.931995,déformée,-11.916544,1
8991,S_NOUN_1_PASS_b,M,S,le chargeur avec la cerise était fixé <eos>,6,fixé,fixée,4,F,fixé,-5.490594,fixée,-8.349762,1
8992,S_NOUN_1_PASS_b,M,S,le chargeur avec la cerise était jeté <eos>,6,jeté,jetée,4,F,jeté,-8.976136,jetée,-12.324693,1
8993,S_NOUN_1_PASS_b,M,S,le chargeur avec la cerise était laissé <eos>,6,laissé,laissée,4,F,laissé,-9.262985,laissée,-12.214004,1
8994,S_NOUN_1_PASS_b,M,S,le chargeur avec la cerise était ouvert <eos>,6,ouvert,ouverte,4,F,ouvert,-6.8852177,ouverte,-10.28306,1
8995,S_NOUN_1_PASS_b,M,S,le chargeur avec la cerise était perdu <eos>,6,perdu,perdue,4,F,perdu,-8.259579,perdue,-12.505053,1
8996,S_NOUN_1_PASS_b,M,S,le chargeur avec la cerise était réparé <eos>,6,réparé,réparée,4,F,réparé,-11.240669,réparée,-13.459299,1
8997,S_NOUN_1_PASS_b,M,S,le chargeur avec la cerise était retiré <eos>,6,retiré,retirée,4,F,retiré,-6.66663,retirée,-11.3775625,1
8998,S_NOUN_1_PASS_b,M,S,le chargeur avec la cerise était tombé <eos>,6,tombé,tombée,4,F,tombé,-7.637103,tombée,-11.134069,1
8999,S_NOUN_1_PASS_b,M,S,le chargeur avec la cerise était utilisé <eos>,6,utilisé,utilisée,4,F,utilisé,-3.793031,utilisée,-7.5142403,1
9000,S_NOUN_1_PASS_b,M,S,le vase avec la gemme était acheté <eos>,6,acheté,achetée,4,F,acheté,-8.934031,achetée,-10.641218,1
9001,S_NOUN_1_PASS_b,M,S,le vase avec la gemme était brisé <eos>,6,brisé,brisée,4,F,brisé,-7.395277,brisée,-9.339079,1
9002,S_NOUN_1_PASS_b,M,S,le vase avec la gemme était caché <eos>,6,caché,cachée,4,F,caché,-7.183215,cachée,-9.352995,1
9003,S_NOUN_1_PASS_b,M,S,le vase avec la gemme était cassé <eos>,6,cassé,cassée,4,F,cassé,-6.524428,cassée,-10.366703,1
9004,S_NOUN_1_PASS_b,M,S,le vase avec la gemme était couvert <eos>,6,couvert,couverte,4,F,couvert,-5.0185375,couverte,-7.858885,1
9005,S_NOUN_1_PASS_b,M,S,le vase avec la gemme était déformé <eos>,6,déformé,déformée,4,F,déformé,-10.256024,déformée,-11.598109,1
9006,S_NOUN_1_PASS_b,M,S,le vase avec la gemme était fixé <eos>,6,fixé,fixée,4,F,fixé,-4.942471,fixée,-7.3863387,1
9007,S_NOUN_1_PASS_b,M,S,le vase avec la gemme était jeté <eos>,6,jeté,jetée,4,F,jeté,-7.2607546,jetée,-10.457757,1
9008,S_NOUN_1_PASS_b,M,S,le vase avec la gemme était laissé <eos>,6,laissé,laissée,4,F,laissé,-8.289792,laissée,-10.379429,1
9009,S_NOUN_1_PASS_b,M,S,le vase avec la gemme était ouvert <eos>,6,ouvert,ouverte,4,F,ouvert,-7.4903097,ouverte,-8.739592,1
9010,S_NOUN_1_PASS_b,M,S,le vase avec la gemme était perdu <eos>,6,perdu,perdue,4,F,perdu,-8.418348,perdue,-10.894192,1
9011,S_NOUN_1_PASS_b,M,S,le vase avec la gemme était réparé <eos>,6,réparé,réparée,4,F,réparé,-10.253152,réparée,-12.251051,1
9012,S_NOUN_1_PASS_b,M,S,le vase avec la gemme était retiré <eos>,6,retiré,retirée,4,F,retiré,-7.2922363,retirée,-10.756184,1
9013,S_NOUN_1_PASS_b,M,S,le vase avec la gemme était tombé <eos>,6,tombé,tombée,4,F,tombé,-8.016909,tombée,-10.015179,1
9014,S_NOUN_1_PASS_b,M,S,le vase avec la gemme était utilisé <eos>,6,utilisé,utilisée,4,F,utilisé,-3.8455374,utilisée,-6.612067,1
9015,S_NOUN_1_PASS_b,M,S,le vase avec la chaise était acheté <eos>,6,acheté,achetée,4,F,acheté,-9.461969,achetée,-10.149744,1
9016,S_NOUN_1_PASS_b,M,S,le vase avec la chaise était brisé <eos>,6,brisé,brisée,4,F,brisé,-7.8035007,brisée,-8.553417,1
9017,S_NOUN_1_PASS_b,M,S,le vase avec la chaise était caché <eos>,6,caché,cachée,4,F,caché,-8.379049,cachée,-9.159729,1
9018,S_NOUN_1_PASS_b,M,S,le vase avec la chaise était cassé <eos>,6,cassé,cassée,4,F,cassé,-6.9489727,cassée,-9.039212,1
9019,S_NOUN_1_PASS_b,M,S,le vase avec la chaise était couvert <eos>,6,couvert,couverte,4,F,couvert,-4.8384786,couverte,-6.4560475,1
9020,S_NOUN_1_PASS_b,M,S,le vase avec la chaise était déformé <eos>,6,déformé,déformée,4,F,déformé,-10.147473,déformée,-10.483112,1
9021,S_NOUN_1_PASS_b,M,S,le vase avec la chaise était fixé <eos>,6,fixé,fixée,4,F,fixé,-6.129855,fixée,-6.8182793,1
9022,S_NOUN_1_PASS_b,M,S,le vase avec la chaise était jeté <eos>,6,jeté,jetée,4,F,jeté,-7.487799,jetée,-10.624292,1
9023,S_NOUN_1_PASS_b,M,S,le vase avec la chaise était laissé <eos>,6,laissé,laissée,4,F,laissé,-9.036616,laissée,-10.45948,1
9024,S_NOUN_1_PASS_b,M,S,le vase avec la chaise était ouvert <eos>,6,ouvert,ouverte,4,F,ouvert,-6.8163652,ouverte,-7.0363007,1
9025,S_NOUN_1_PASS_b,M,S,le vase avec la chaise était perdu <eos>,6,perdu,perdue,4,F,perdu,-8.456068,perdue,-10.113665,1
9026,S_NOUN_1_PASS_b,M,S,le vase avec la chaise était réparé <eos>,6,réparé,réparée,4,F,réparé,-10.207443,réparée,-10.262462,1
9027,S_NOUN_1_PASS_b,M,S,le vase avec la chaise était retiré <eos>,6,retiré,retirée,4,F,retiré,-7.5273075,retirée,-9.875252,1
9028,S_NOUN_1_PASS_b,M,S,le vase avec la chaise était tombé <eos>,6,tombé,tombée,4,F,tombé,-7.94648,tombée,-9.695047,1
9029,S_NOUN_1_PASS_b,M,S,le vase avec la chaise était utilisé <eos>,6,utilisé,utilisée,4,F,utilisé,-4.3961763,utilisée,-6.1551704,1
9030,S_NOUN_1_PASS_b,M,S,le vase avec la poubelle était acheté <eos>,6,acheté,achetée,4,F,acheté,-7.825101,achetée,-9.922821,1
9031,S_NOUN_1_PASS_b,M,S,le vase avec la poubelle était brisé <eos>,6,brisé,brisée,4,F,brisé,-7.65518,brisée,-9.850908,1
9032,S_NOUN_1_PASS_b,M,S,le vase avec la poubelle était caché <eos>,6,caché,cachée,4,F,caché,-6.881017,cachée,-8.851475,1
9033,S_NOUN_1_PASS_b,M,S,le vase avec la poubelle était cassé <eos>,6,cassé,cassée,4,F,cassé,-6.846737,cassée,-9.301036,1
9034,S_NOUN_1_PASS_b,M,S,le vase avec la poubelle était couvert <eos>,6,couvert,couverte,4,F,couvert,-5.5292697,couverte,-7.963201,1
9035,S_NOUN_1_PASS_b,M,S,le vase avec la poubelle était déformé <eos>,6,déformé,déformée,4,F,déformé,-9.439319,déformée,-11.150122,1
9036,S_NOUN_1_PASS_b,M,S,le vase avec la poubelle était fixé <eos>,6,fixé,fixée,4,F,fixé,-6.490466,fixée,-8.377128,1
9037,S_NOUN_1_PASS_b,M,S,le vase avec la poubelle était jeté <eos>,6,jeté,jetée,4,F,jeté,-6.5350113,jetée,-9.115089,1
9038,S_NOUN_1_PASS_b,M,S,le vase avec la poubelle était laissé <eos>,6,laissé,laissée,4,F,laissé,-7.534078,laissée,-9.77068,1
9039,S_NOUN_1_PASS_b,M,S,le vase avec la poubelle était ouvert <eos>,6,ouvert,ouverte,4,F,ouvert,-6.5367193,ouverte,-7.8677216,1
9040,S_NOUN_1_PASS_b,M,S,le vase avec la poubelle était perdu <eos>,6,perdu,perdue,4,F,perdu,-7.0217614,perdue,-9.886591,1
9041,S_NOUN_1_PASS_b,M,S,le vase avec la poubelle était réparé <eos>,6,réparé,réparée,4,F,réparé,-9.707007,réparée,-11.240908,1
9042,S_NOUN_1_PASS_b,M,S,le vase avec la poubelle était retiré <eos>,6,retiré,retirée,4,F,retiré,-6.6170244,retirée,-9.758882,1
9043,S_NOUN_1_PASS_b,M,S,le vase avec la poubelle était tombé <eos>,6,tombé,tombée,4,F,tombé,-7.535635,tombée,-9.0085945,1
9044,S_NOUN_1_PASS_b,M,S,le vase avec la poubelle était utilisé <eos>,6,utilisé,utilisée,4,F,utilisé,-4.5158606,utilisée,-6.9607954,1
9045,S_NOUN_1_PASS_b,M,S,le vase avec la chemise était acheté <eos>,6,acheté,achetée,4,F,acheté,-8.682068,achetée,-10.699161,1
9046,S_NOUN_1_PASS_b,M,S,le vase avec la chemise était brisé <eos>,6,brisé,brisée,4,F,brisé,-8.3926,brisée,-10.231425,1
9047,S_NOUN_1_PASS_b,M,S,le vase avec la chemise était caché <eos>,6,caché,cachée,4,F,caché,-8.05402,cachée,-10.216185,1
9048,S_NOUN_1_PASS_b,M,S,le vase avec la chemise était cassé <eos>,6,cassé,cassée,4,F,cassé,-6.6289115,cassée,-10.843912,1
9049,S_NOUN_1_PASS_b,M,S,le vase avec la chemise était couvert <eos>,6,couvert,couverte,4,F,couvert,-5.0764017,couverte,-7.305607,1
9050,S_NOUN_1_PASS_b,M,S,le vase avec la chemise était déformé <eos>,6,déformé,déformée,4,F,déformé,-10.211503,déformée,-11.293627,1
9051,S_NOUN_1_PASS_b,M,S,le vase avec la chemise était fixé <eos>,6,fixé,fixée,4,F,fixé,-5.058609,fixée,-7.50056,1
9052,S_NOUN_1_PASS_b,M,S,le vase avec la chemise était jeté <eos>,6,jeté,jetée,4,F,jeté,-6.9737797,jetée,-11.393605,1
9053,S_NOUN_1_PASS_b,M,S,le vase avec la chemise était laissé <eos>,6,laissé,laissée,4,F,laissé,-8.480131,laissée,-10.906729,1
9054,S_NOUN_1_PASS_b,M,S,le vase avec la chemise était ouvert <eos>,6,ouvert,ouverte,4,F,ouvert,-7.027681,ouverte,-8.053534,1
9055,S_NOUN_1_PASS_b,M,S,le vase avec la chemise était perdu <eos>,6,perdu,perdue,4,F,perdu,-8.510229,perdue,-11.635959,1
9056,S_NOUN_1_PASS_b,M,S,le vase avec la chemise était réparé <eos>,6,réparé,réparée,4,F,réparé,-11.207685,réparée,-11.811796,1
9057,S_NOUN_1_PASS_b,M,S,le vase avec la chemise était retiré <eos>,6,retiré,retirée,4,F,retiré,-6.2925024,retirée,-10.514822,1
9058,S_NOUN_1_PASS_b,M,S,le vase avec la chemise était tombé <eos>,6,tombé,tombée,4,F,tombé,-7.254277,tombée,-9.435962,1
9059,S_NOUN_1_PASS_b,M,S,le vase avec la chemise était utilisé <eos>,6,utilisé,utilisée,4,F,utilisé,-4.0796795,utilisée,-6.7220087,1
9060,S_NOUN_1_PASS_b,M,S,le vase avec la recette était acheté <eos>,6,acheté,achetée,4,F,acheté,-9.2535095,achetée,-10.837242,1
9061,S_NOUN_1_PASS_b,M,S,le vase avec la recette était brisé <eos>,6,brisé,brisée,4,F,brisé,-8.960965,brisée,-10.082201,1
9062,S_NOUN_1_PASS_b,M,S,le vase avec la recette était caché <eos>,6,caché,cachée,4,F,caché,-8.222086,cachée,-9.808063,1
9063,S_NOUN_1_PASS_b,M,S,le vase avec la recette était cassé <eos>,6,cassé,cassée,4,F,cassé,-9.078001,cassée,-10.848642,1
9064,S_NOUN_1_PASS_b,M,S,le vase avec la recette était couvert <eos>,6,couvert,couverte,4,F,couvert,-6.4189253,couverte,-8.6518545,1
9065,S_NOUN_1_PASS_b,M,S,le vase avec la recette était déformé <eos>,6,déformé,déformée,4,F,déformé,-11.553091,déformée,-11.738404,1
9066,S_NOUN_1_PASS_b,M,S,le vase avec la recette était fixé <eos>,6,fixé,fixée,4,F,fixé,-6.254282,fixée,-7.4885135,1
9067,S_NOUN_1_PASS_b,M,S,le vase avec la recette était jeté <eos>,6,jeté,jetée,4,F,jeté,-8.4099865,jetée,-10.929008,1
9068,S_NOUN_1_PASS_b,M,S,le vase avec la recette était laissé <eos>,6,laissé,laissée,4,F,laissé,-9.078339,laissée,-10.240904,1
9069,S_NOUN_1_PASS_b,M,S,le vase avec la recette était ouvert <eos>,6,ouvert,ouverte,4,F,ouvert,-7.861167,ouverte,-8.712951,1
9070,S_NOUN_1_PASS_b,M,S,le vase avec la recette était perdu <eos>,6,perdu,perdue,4,F,perdu,-8.396513,perdue,-9.388097,1
9071,S_NOUN_1_PASS_b,M,S,le vase avec la recette était réparé <eos>,6,réparé,réparée,4,F,réparé,-11.087371,réparée,-12.680175,1
9072,S_NOUN_1_PASS_b,M,S,le vase avec la recette était retiré <eos>,6,retiré,retirée,4,F,retiré,-8.210421,retirée,-10.368941,1
9073,S_NOUN_1_PASS_b,M,S,le vase avec la recette était tombé <eos>,6,tombé,tombée,4,F,tombé,-8.09263,tombée,-9.293249,1
9074,S_NOUN_1_PASS_b,M,S,le vase avec la recette était utilisé <eos>,6,utilisé,utilisée,4,F,utilisé,-5.4153996,utilisée,-7.2122965,1
9075,S_NOUN_1_PASS_b,M,S,le vase avec la jupe était acheté <eos>,6,acheté,achetée,4,F,acheté,-10.072954,achetée,-10.8336115,1
9076,S_NOUN_1_PASS_b,M,S,le vase avec la jupe était brisé <eos>,6,brisé,brisée,4,F,brisé,-8.14365,brisée,-8.729537,1
9077,S_NOUN_1_PASS_b,M,S,le vase avec la jupe était caché <eos>,6,caché,cachée,4,F,caché,-8.508377,cachée,-8.599126,1
9078,S_NOUN_1_PASS_b,M,S,le vase avec la jupe était cassé <eos>,6,cassé,cassée,4,F,cassé,-6.212126,cassée,-8.895932,1
9079,S_NOUN_1_PASS_b,M,S,le vase avec la jupe était couvert <eos>,6,couvert,couverte,4,F,couvert,-5.5406384,couverte,-6.768624,1
9080,S_NOUN_1_PASS_b,M,S,le vase avec la jupe était déformé <eos>,6,déformé,déformée,4,F,déformé,-10.240381,déformée,-9.734207,0
9081,S_NOUN_1_PASS_b,M,S,le vase avec la jupe était fixé <eos>,6,fixé,fixée,4,F,fixé,-6.100473,fixée,-6.898976,1
9082,S_NOUN_1_PASS_b,M,S,le vase avec la jupe était jeté <eos>,6,jeté,jetée,4,F,jeté,-8.048807,jetée,-11.6042,1
9083,S_NOUN_1_PASS_b,M,S,le vase avec la jupe était laissé <eos>,6,laissé,laissée,4,F,laissé,-9.016533,laissée,-10.366634,1
9084,S_NOUN_1_PASS_b,M,S,le vase avec la jupe était ouvert <eos>,6,ouvert,ouverte,4,F,ouvert,-7.418383,ouverte,-7.0100646,0
9085,S_NOUN_1_PASS_b,M,S,le vase avec la jupe était perdu <eos>,6,perdu,perdue,4,F,perdu,-8.783429,perdue,-10.041893,1
9086,S_NOUN_1_PASS_b,M,S,le vase avec la jupe était réparé <eos>,6,réparé,réparée,4,F,réparé,-11.86062,réparée,-10.660956,0
9087,S_NOUN_1_PASS_b,M,S,le vase avec la jupe était retiré <eos>,6,retiré,retirée,4,F,retiré,-7.959757,retirée,-9.89947,1
9088,S_NOUN_1_PASS_b,M,S,le vase avec la jupe était tombé <eos>,6,tombé,tombée,4,F,tombé,-7.8790646,tombée,-9.535837,1
9089,S_NOUN_1_PASS_b,M,S,le vase avec la jupe était utilisé <eos>,6,utilisé,utilisée,4,F,utilisé,-5.9610724,utilisée,-7.1132617,1
9090,S_NOUN_1_PASS_b,M,S,le vase avec la colle était acheté <eos>,6,acheté,achetée,4,F,acheté,-7.9831753,achetée,-10.33434,1
9091,S_NOUN_1_PASS_b,M,S,le vase avec la colle était brisé <eos>,6,brisé,brisée,4,F,brisé,-7.5881963,brisée,-10.038235,1
9092,S_NOUN_1_PASS_b,M,S,le vase avec la colle était caché <eos>,6,caché,cachée,4,F,caché,-7.120582,cachée,-9.223705,1
9093,S_NOUN_1_PASS_b,M,S,le vase avec la colle était cassé <eos>,6,cassé,cassée,4,F,cassé,-7.256301,cassée,-10.242234,1
9094,S_NOUN_1_PASS_b,M,S,le vase avec la colle était couvert <eos>,6,couvert,couverte,4,F,couvert,-5.698693,couverte,-8.044756,1
9095,S_NOUN_1_PASS_b,M,S,le vase avec la colle était déformé <eos>,6,déformé,déformée,4,F,déformé,-9.62872,déformée,-11.321451,1
9096,S_NOUN_1_PASS_b,M,S,le vase avec la colle était fixé <eos>,6,fixé,fixée,4,F,fixé,-5.531635,fixée,-7.9156346,1
9097,S_NOUN_1_PASS_b,M,S,le vase avec la colle était jeté <eos>,6,jeté,jetée,4,F,jeté,-7.198326,jetée,-10.463928,1
9098,S_NOUN_1_PASS_b,M,S,le vase avec la colle était laissé <eos>,6,laissé,laissée,4,F,laissé,-8.396558,laissée,-9.903076,1
9099,S_NOUN_1_PASS_b,M,S,le vase avec la colle était ouvert <eos>,6,ouvert,ouverte,4,F,ouvert,-7.506236,ouverte,-8.777512,1
9100,S_NOUN_1_PASS_b,M,S,le vase avec la colle était perdu <eos>,6,perdu,perdue,4,F,perdu,-8.003526,perdue,-9.383879,1
9101,S_NOUN_1_PASS_b,M,S,le vase avec la colle était réparé <eos>,6,réparé,réparée,4,F,réparé,-10.366119,réparée,-12.706759,1
9102,S_NOUN_1_PASS_b,M,S,le vase avec la colle était retiré <eos>,6,retiré,retirée,4,F,retiré,-6.4054375,retirée,-9.937529,1
9103,S_NOUN_1_PASS_b,M,S,le vase avec la colle était tombé <eos>,6,tombé,tombée,4,F,tombé,-7.558926,tombée,-9.434126,1
9104,S_NOUN_1_PASS_b,M,S,le vase avec la colle était utilisé <eos>,6,utilisé,utilisée,4,F,utilisé,-3.811887,utilisée,-6.5511236,1
9105,S_NOUN_1_PASS_b,M,S,le vase avec la lampe était acheté <eos>,6,acheté,achetée,4,F,acheté,-9.774355,achetée,-9.84086,1
9106,S_NOUN_1_PASS_b,M,S,le vase avec la lampe était brisé <eos>,6,brisé,brisée,4,F,brisé,-7.095289,brisée,-7.88741,1
9107,S_NOUN_1_PASS_b,M,S,le vase avec la lampe était caché <eos>,6,caché,cachée,4,F,caché,-7.690399,cachée,-8.455923,1
9108,S_NOUN_1_PASS_b,M,S,le vase avec la lampe était cassé <eos>,6,cassé,cassée,4,F,cassé,-7.8026686,cassée,-9.125543,1
9109,S_NOUN_1_PASS_b,M,S,le vase avec la lampe était couvert <eos>,6,couvert,couverte,4,F,couvert,-5.6700172,couverte,-7.3646317,1
9110,S_NOUN_1_PASS_b,M,S,le vase avec la lampe était déformé <eos>,6,déformé,déformée,4,F,déformé,-10.529483,déformée,-10.467479,0
9111,S_NOUN_1_PASS_b,M,S,le vase avec la lampe était fixé <eos>,6,fixé,fixée,4,F,fixé,-5.6018887,fixée,-6.9941044,1
9112,S_NOUN_1_PASS_b,M,S,le vase avec la lampe était jeté <eos>,6,jeté,jetée,4,F,jeté,-7.3304186,jetée,-9.39881,1
9113,S_NOUN_1_PASS_b,M,S,le vase avec la lampe était laissé <eos>,6,laissé,laissée,4,F,laissé,-8.766539,laissée,-9.484324,1
9114,S_NOUN_1_PASS_b,M,S,le vase avec la lampe était ouvert <eos>,6,ouvert,ouverte,4,F,ouvert,-7.267187,ouverte,-7.5891542,1
9115,S_NOUN_1_PASS_b,M,S,le vase avec la lampe était perdu <eos>,6,perdu,perdue,4,F,perdu,-8.40949,perdue,-9.715067,1
9116,S_NOUN_1_PASS_b,M,S,le vase avec la lampe était réparé <eos>,6,réparé,réparée,4,F,réparé,-10.386425,réparée,-11.103716,1
9117,S_NOUN_1_PASS_b,M,S,le vase avec la lampe était retiré <eos>,6,retiré,retirée,4,F,retiré,-8.202471,retirée,-9.697107,1
9118,S_NOUN_1_PASS_b,M,S,le vase avec la lampe était tombé <eos>,6,tombé,tombée,4,F,tombé,-7.884055,tombée,-9.403229,1
9119,S_NOUN_1_PASS_b,M,S,le vase avec la lampe était utilisé <eos>,6,utilisé,utilisée,4,F,utilisé,-4.931776,utilisée,-6.522582,1
9120,S_NOUN_1_PASS_b,M,S,le vase avec la bouteille était acheté <eos>,6,acheté,achetée,4,F,acheté,-8.232521,achetée,-9.82254,1
9121,S_NOUN_1_PASS_b,M,S,le vase avec la bouteille était brisé <eos>,6,brisé,brisée,4,F,brisé,-7.399772,brisée,-8.821041,1
9122,S_NOUN_1_PASS_b,M,S,le vase avec la bouteille était caché <eos>,6,caché,cachée,4,F,caché,-6.880391,cachée,-8.527056,1
9123,S_NOUN_1_PASS_b,M,S,le vase avec la bouteille était cassé <eos>,6,cassé,cassée,4,F,cassé,-6.1968107,cassée,-8.743231,1
9124,S_NOUN_1_PASS_b,M,S,le vase avec la bouteille était couvert <eos>,6,couvert,couverte,4,F,couvert,-5.0426226,couverte,-8.047729,1
9125,S_NOUN_1_PASS_b,M,S,le vase avec la bouteille était déformé <eos>,6,déformé,déformée,4,F,déformé,-9.796475,déformée,-10.742696,1
9126,S_NOUN_1_PASS_b,M,S,le vase avec la bouteille était fixé <eos>,6,fixé,fixée,4,F,fixé,-5.180075,fixée,-7.33404,1
9127,S_NOUN_1_PASS_b,M,S,le vase avec la bouteille était jeté <eos>,6,jeté,jetée,4,F,jeté,-6.4550877,jetée,-9.157774,1
9128,S_NOUN_1_PASS_b,M,S,le vase avec la bouteille était laissé <eos>,6,laissé,laissée,4,F,laissé,-7.9320397,laissée,-9.518161,1
9129,S_NOUN_1_PASS_b,M,S,le vase avec la bouteille était ouvert <eos>,6,ouvert,ouverte,4,F,ouvert,-6.6706233,ouverte,-7.9735293,1
9130,S_NOUN_1_PASS_b,M,S,le vase avec la bouteille était perdu <eos>,6,perdu,perdue,4,F,perdu,-7.230541,perdue,-9.332065,1
9131,S_NOUN_1_PASS_b,M,S,le vase avec la bouteille était réparé <eos>,6,réparé,réparée,4,F,réparé,-9.97358,réparée,-11.803407,1
9132,S_NOUN_1_PASS_b,M,S,le vase avec la bouteille était retiré <eos>,6,retiré,retirée,4,F,retiré,-6.5613155,retirée,-9.592114,1
9133,S_NOUN_1_PASS_b,M,S,le vase avec la bouteille était tombé <eos>,6,tombé,tombée,4,F,tombé,-7.379945,tombée,-9.256601,1
9134,S_NOUN_1_PASS_b,M,S,le vase avec la bouteille était utilisé <eos>,6,utilisé,utilisée,4,F,utilisé,-4.758935,utilisée,-7.111079,1
9135,S_NOUN_1_PASS_b,M,S,le vase avec la boisson était acheté <eos>,6,acheté,achetée,4,F,acheté,-8.906998,achetée,-10.311137,1
9136,S_NOUN_1_PASS_b,M,S,le vase avec la boisson était brisé <eos>,6,brisé,brisée,4,F,brisé,-9.894872,brisée,-10.652677,1
9137,S_NOUN_1_PASS_b,M,S,le vase avec la boisson était caché <eos>,6,caché,cachée,4,F,caché,-9.073797,cachée,-10.283273,1
9138,S_NOUN_1_PASS_b,M,S,le vase avec la boisson était cassé <eos>,6,cassé,cassée,4,F,cassé,-8.285436,cassée,-11.217401,1
9139,S_NOUN_1_PASS_b,M,S,le vase avec la boisson était couvert <eos>,6,couvert,couverte,4,F,couvert,-7.011579,couverte,-8.841718,1
9140,S_NOUN_1_PASS_b,M,S,le vase avec la boisson était déformé <eos>,6,déformé,déformée,4,F,déformé,-10.790708,déformée,-11.812678,1
9141,S_NOUN_1_PASS_b,M,S,le vase avec la boisson était fixé <eos>,6,fixé,fixée,4,F,fixé,-6.941601,fixée,-8.620965,1
9142,S_NOUN_1_PASS_b,M,S,le vase avec la boisson était jeté <eos>,6,jeté,jetée,4,F,jeté,-8.027192,jetée,-10.577064,1
9143,S_NOUN_1_PASS_b,M,S,le vase avec la boisson était laissé <eos>,6,laissé,laissée,4,F,laissé,-9.331745,laissée,-10.525163,1
9144,S_NOUN_1_PASS_b,M,S,le vase avec la boisson était ouvert <eos>,6,ouvert,ouverte,4,F,ouvert,-8.346776,ouverte,-8.977293,1
9145,S_NOUN_1_PASS_b,M,S,le vase avec la boisson était perdu <eos>,6,perdu,perdue,4,F,perdu,-8.767513,perdue,-9.832925,1
9146,S_NOUN_1_PASS_b,M,S,le vase avec la boisson était réparé <eos>,6,réparé,réparée,4,F,réparé,-11.391205,réparée,-13.288662,1
9147,S_NOUN_1_PASS_b,M,S,le vase avec la boisson était retiré <eos>,6,retiré,retirée,4,F,retiré,-7.262315,retirée,-10.3546505,1
9148,S_NOUN_1_PASS_b,M,S,le vase avec la boisson était tombé <eos>,6,tombé,tombée,4,F,tombé,-8.02361,tombée,-9.383484,1
9149,S_NOUN_1_PASS_b,M,S,le vase avec la boisson était utilisé <eos>,6,utilisé,utilisée,4,F,utilisé,-4.576606,utilisée,-6.4979696,1
9150,S_NOUN_1_PASS_b,M,S,le vase avec la pomme était acheté <eos>,6,acheté,achetée,4,F,acheté,-9.116747,achetée,-10.834453,1
9151,S_NOUN_1_PASS_b,M,S,le vase avec la pomme était brisé <eos>,6,brisé,brisée,4,F,brisé,-7.395237,brisée,-9.635209,1
9152,S_NOUN_1_PASS_b,M,S,le vase avec la pomme était caché <eos>,6,caché,cachée,4,F,caché,-7.518435,cachée,-10.112685,1
9153,S_NOUN_1_PASS_b,M,S,le vase avec la pomme était cassé <eos>,6,cassé,cassée,4,F,cassé,-7.8328047,cassée,-10.4762125,1
9154,S_NOUN_1_PASS_b,M,S,le vase avec la pomme était couvert <eos>,6,couvert,couverte,4,F,couvert,-5.4949102,couverte,-8.266288,1
9155,S_NOUN_1_PASS_b,M,S,le vase avec la pomme était déformé <eos>,6,déformé,déformée,4,F,déformé,-10.528769,déformée,-11.662412,1
9156,S_NOUN_1_PASS_b,M,S,le vase avec la pomme était fixé <eos>,6,fixé,fixée,4,F,fixé,-6.1095867,fixée,-8.808339,1
9157,S_NOUN_1_PASS_b,M,S,le vase avec la pomme était jeté <eos>,6,jeté,jetée,4,F,jeté,-7.5492,jetée,-10.712434,1
9158,S_NOUN_1_PASS_b,M,S,le vase avec la pomme était laissé <eos>,6,laissé,laissée,4,F,laissé,-9.011729,laissée,-10.708115,1
9159,S_NOUN_1_PASS_b,M,S,le vase avec la pomme était ouvert <eos>,6,ouvert,ouverte,4,F,ouvert,-7.196434,ouverte,-8.944202,1
9160,S_NOUN_1_PASS_b,M,S,le vase avec la pomme était perdu <eos>,6,perdu,perdue,4,F,perdu,-8.32592,perdue,-10.2036495,1
9161,S_NOUN_1_PASS_b,M,S,le vase avec la pomme était réparé <eos>,6,réparé,réparée,4,F,réparé,-10.208315,réparée,-12.593161,1
9162,S_NOUN_1_PASS_b,M,S,le vase avec la pomme était retiré <eos>,6,retiré,retirée,4,F,retiré,-6.807398,retirée,-10.608515,1
9163,S_NOUN_1_PASS_b,M,S,le vase avec la pomme était tombé <eos>,6,tombé,tombée,4,F,tombé,-7.4111557,tombée,-9.907005,1
9164,S_NOUN_1_PASS_b,M,S,le vase avec la pomme était utilisé <eos>,6,utilisé,utilisée,4,F,utilisé,-4.232263,utilisée,-7.032123,1
9165,S_NOUN_1_PASS_b,M,S,le vase avec la tasse était acheté <eos>,6,acheté,achetée,4,F,acheté,-8.120619,achetée,-10.335128,1
9166,S_NOUN_1_PASS_b,M,S,le vase avec la tasse était brisé <eos>,6,brisé,brisée,4,F,brisé,-7.665456,brisée,-10.316326,1
9167,S_NOUN_1_PASS_b,M,S,le vase avec la tasse était caché <eos>,6,caché,cachée,4,F,caché,-6.728632,cachée,-9.600541,1
9168,S_NOUN_1_PASS_b,M,S,le vase avec la tasse était cassé <eos>,6,cassé,cassée,4,F,cassé,-7.202534,cassée,-10.188316,1
9169,S_NOUN_1_PASS_b,M,S,le vase avec la tasse était couvert <eos>,6,couvert,couverte,4,F,couvert,-5.2212706,couverte,-8.170721,1
9170,S_NOUN_1_PASS_b,M,S,le vase avec la tasse était déformé <eos>,6,déformé,déformée,4,F,déformé,-10.292721,déformée,-11.489106,1
9171,S_NOUN_1_PASS_b,M,S,le vase avec la tasse était fixé <eos>,6,fixé,fixée,4,F,fixé,-5.5918384,fixée,-8.004494,1
9172,S_NOUN_1_PASS_b,M,S,le vase avec la tasse était jeté <eos>,6,jeté,jetée,4,F,jeté,-6.611333,jetée,-10.394769,1
9173,S_NOUN_1_PASS_b,M,S,le vase avec la tasse était laissé <eos>,6,laissé,laissée,4,F,laissé,-8.23073,laissée,-9.813969,1
9174,S_NOUN_1_PASS_b,M,S,le vase avec la tasse était ouvert <eos>,6,ouvert,ouverte,4,F,ouvert,-6.458845,ouverte,-7.96126,1
9175,S_NOUN_1_PASS_b,M,S,le vase avec la tasse était perdu <eos>,6,perdu,perdue,4,F,perdu,-8.163113,perdue,-10.794429,1
9176,S_NOUN_1_PASS_b,M,S,le vase avec la tasse était réparé <eos>,6,réparé,réparée,4,F,réparé,-10.20811,réparée,-12.700119,1
9177,S_NOUN_1_PASS_b,M,S,le vase avec la tasse était retiré <eos>,6,retiré,retirée,4,F,retiré,-6.431365,retirée,-9.752163,1
9178,S_NOUN_1_PASS_b,M,S,le vase avec la tasse était tombé <eos>,6,tombé,tombée,4,F,tombé,-7.9242783,tombée,-9.781873,1
9179,S_NOUN_1_PASS_b,M,S,le vase avec la tasse était utilisé <eos>,6,utilisé,utilisée,4,F,utilisé,-3.6117582,utilisée,-6.118923,1
9180,S_NOUN_1_PASS_b,M,S,le vase avec la bougie était acheté <eos>,6,acheté,achetée,4,F,acheté,-9.17449,achetée,-11.37298,1
9181,S_NOUN_1_PASS_b,M,S,le vase avec la bougie était brisé <eos>,6,brisé,brisée,4,F,brisé,-7.3214006,brisée,-10.0379925,1
9182,S_NOUN_1_PASS_b,M,S,le vase avec la bougie était caché <eos>,6,caché,cachée,4,F,caché,-6.991645,cachée,-9.850397,1
9183,S_NOUN_1_PASS_b,M,S,le vase avec la bougie était cassé <eos>,6,cassé,cassée,4,F,cassé,-6.762107,cassée,-10.507342,1
9184,S_NOUN_1_PASS_b,M,S,le vase avec la bougie était couvert <eos>,6,couvert,couverte,4,F,couvert,-5.7992315,couverte,-8.700129,1
9185,S_NOUN_1_PASS_b,M,S,le vase avec la bougie était déformé <eos>,6,déformé,déformée,4,F,déformé,-10.383016,déformée,-11.857967,1
9186,S_NOUN_1_PASS_b,M,S,le vase avec la bougie était fixé <eos>,6,fixé,fixée,4,F,fixé,-5.749867,fixée,-8.461651,1
9187,S_NOUN_1_PASS_b,M,S,le vase avec la bougie était jeté <eos>,6,jeté,jetée,4,F,jeté,-7.8322597,jetée,-11.025333,1
9188,S_NOUN_1_PASS_b,M,S,le vase avec la bougie était laissé <eos>,6,laissé,laissée,4,F,laissé,-8.554243,laissée,-11.252663,1
9189,S_NOUN_1_PASS_b,M,S,le vase avec la bougie était ouvert <eos>,6,ouvert,ouverte,4,F,ouvert,-7.20269,ouverte,-9.155628,1
9190,S_NOUN_1_PASS_b,M,S,le vase avec la bougie était perdu <eos>,6,perdu,perdue,4,F,perdu,-7.499025,perdue,-9.744534,1
9191,S_NOUN_1_PASS_b,M,S,le vase avec la bougie était réparé <eos>,6,réparé,réparée,4,F,réparé,-10.2967,réparée,-12.417445,1
9192,S_NOUN_1_PASS_b,M,S,le vase avec la bougie était retiré <eos>,6,retiré,retirée,4,F,retiré,-7.111142,retirée,-10.130243,1
9193,S_NOUN_1_PASS_b,M,S,le vase avec la bougie était tombé <eos>,6,tombé,tombée,4,F,tombé,-7.478366,tombée,-9.796792,1
9194,S_NOUN_1_PASS_b,M,S,le vase avec la bougie était utilisé <eos>,6,utilisé,utilisée,4,F,utilisé,-4.352103,utilisée,-7.266611,1
9195,S_NOUN_1_PASS_b,M,S,le vase avec la pochette était acheté <eos>,6,acheté,achetée,4,F,acheté,-8.758746,achetée,-10.057805,1
9196,S_NOUN_1_PASS_b,M,S,le vase avec la pochette était brisé <eos>,6,brisé,brisée,4,F,brisé,-9.105641,brisée,-11.178952,1
9197,S_NOUN_1_PASS_b,M,S,le vase avec la pochette était caché <eos>,6,caché,cachée,4,F,caché,-7.7004757,cachée,-9.5101795,1
9198,S_NOUN_1_PASS_b,M,S,le vase avec la pochette était cassé <eos>,6,cassé,cassée,4,F,cassé,-7.8071404,cassée,-11.001251,1
9199,S_NOUN_1_PASS_b,M,S,le vase avec la pochette était couvert <eos>,6,couvert,couverte,4,F,couvert,-6.4429054,couverte,-8.964643,1
9200,S_NOUN_1_PASS_b,M,S,le vase avec la pochette était déformé <eos>,6,déformé,déformée,4,F,déformé,-10.104099,déformée,-10.745718,1
9201,S_NOUN_1_PASS_b,M,S,le vase avec la pochette était fixé <eos>,6,fixé,fixée,4,F,fixé,-6.1573915,fixée,-7.457288,1
9202,S_NOUN_1_PASS_b,M,S,le vase avec la pochette était jeté <eos>,6,jeté,jetée,4,F,jeté,-8.835304,jetée,-12.008232,1
9203,S_NOUN_1_PASS_b,M,S,le vase avec la pochette était laissé <eos>,6,laissé,laissée,4,F,laissé,-8.716953,laissée,-10.899942,1
9204,S_NOUN_1_PASS_b,M,S,le vase avec la pochette était ouvert <eos>,6,ouvert,ouverte,4,F,ouvert,-8.779771,ouverte,-9.5093775,1
9205,S_NOUN_1_PASS_b,M,S,le vase avec la pochette était perdu <eos>,6,perdu,perdue,4,F,perdu,-7.9282427,perdue,-10.604966,1
9206,S_NOUN_1_PASS_b,M,S,le vase avec la pochette était réparé <eos>,6,réparé,réparée,4,F,réparé,-11.488079,réparée,-12.616281,1
9207,S_NOUN_1_PASS_b,M,S,le vase avec la pochette était retiré <eos>,6,retiré,retirée,4,F,retiré,-6.8080378,retirée,-9.476716,1
9208,S_NOUN_1_PASS_b,M,S,le vase avec la pochette était tombé <eos>,6,tombé,tombée,4,F,tombé,-7.6673527,tombée,-10.0246,1
9209,S_NOUN_1_PASS_b,M,S,le vase avec la pochette était utilisé <eos>,6,utilisé,utilisée,4,F,utilisé,-6.2854853,utilisée,-8.211054,1
9210,S_NOUN_1_PASS_b,M,S,le vase avec la banane était acheté <eos>,6,acheté,achetée,4,F,acheté,-8.581582,achetée,-10.899262,1
9211,S_NOUN_1_PASS_b,M,S,le vase avec la banane était brisé <eos>,6,brisé,brisée,4,F,brisé,-8.740425,brisée,-11.124891,1
9212,S_NOUN_1_PASS_b,M,S,le vase avec la banane était caché <eos>,6,caché,cachée,4,F,caché,-8.387981,cachée,-11.023439,1
9213,S_NOUN_1_PASS_b,M,S,le vase avec la banane était cassé <eos>,6,cassé,cassée,4,F,cassé,-7.495875,cassée,-11.221874,1
9214,S_NOUN_1_PASS_b,M,S,le vase avec la banane était couvert <eos>,6,couvert,couverte,4,F,couvert,-5.9507785,couverte,-8.359409,1
9215,S_NOUN_1_PASS_b,M,S,le vase avec la banane était déformé <eos>,6,déformé,déformée,4,F,déformé,-11.124299,déformée,-12.432086,1
9216,S_NOUN_1_PASS_b,M,S,le vase avec la banane était fixé <eos>,6,fixé,fixée,4,F,fixé,-6.44102,fixée,-8.270617,1
9217,S_NOUN_1_PASS_b,M,S,le vase avec la banane était jeté <eos>,6,jeté,jetée,4,F,jeté,-7.948876,jetée,-10.867462,1
9218,S_NOUN_1_PASS_b,M,S,le vase avec la banane était laissé <eos>,6,laissé,laissée,4,F,laissé,-9.3302555,laissée,-11.369995,1
9219,S_NOUN_1_PASS_b,M,S,le vase avec la banane était ouvert <eos>,6,ouvert,ouverte,4,F,ouvert,-7.8440833,ouverte,-8.589272,1
9220,S_NOUN_1_PASS_b,M,S,le vase avec la banane était perdu <eos>,6,perdu,perdue,4,F,perdu,-8.229275,perdue,-10.176897,1
9221,S_NOUN_1_PASS_b,M,S,le vase avec la banane était réparé <eos>,6,réparé,réparée,4,F,réparé,-10.627519,réparée,-13.203113,1
9222,S_NOUN_1_PASS_b,M,S,le vase avec la banane était retiré <eos>,6,retiré,retirée,4,F,retiré,-7.270673,retirée,-11.07903,1
9223,S_NOUN_1_PASS_b,M,S,le vase avec la banane était tombé <eos>,6,tombé,tombée,4,F,tombé,-7.6551723,tombée,-9.789559,1
9224,S_NOUN_1_PASS_b,M,S,le vase avec la banane était utilisé <eos>,6,utilisé,utilisée,4,F,utilisé,-3.7509286,utilisée,-6.3544426,1
9225,S_NOUN_1_PASS_b,M,S,le vase avec la robe était acheté <eos>,6,acheté,achetée,4,F,acheté,-9.350365,achetée,-9.982929,1
9226,S_NOUN_1_PASS_b,M,S,le vase avec la robe était brisé <eos>,6,brisé,brisée,4,F,brisé,-10.009508,brisée,-10.526896,1
9227,S_NOUN_1_PASS_b,M,S,le vase avec la robe était caché <eos>,6,caché,cachée,4,F,caché,-9.18338,cachée,-9.955497,1
9228,S_NOUN_1_PASS_b,M,S,le vase avec la robe était cassé <eos>,6,cassé,cassée,4,F,cassé,-7.7696347,cassée,-10.968658,1
9229,S_NOUN_1_PASS_b,M,S,le vase avec la robe était couvert <eos>,6,couvert,couverte,4,F,couvert,-7.077209,couverte,-7.1661773,1
9230,S_NOUN_1_PASS_b,M,S,le vase avec la robe était déformé <eos>,6,déformé,déformée,4,F,déformé,-10.625726,déformée,-10.611494,0
9231,S_NOUN_1_PASS_b,M,S,le vase avec la robe était fixé <eos>,6,fixé,fixée,4,F,fixé,-5.8348284,fixée,-6.8785133,1
9232,S_NOUN_1_PASS_b,M,S,le vase avec la robe était jeté <eos>,6,jeté,jetée,4,F,jeté,-8.767462,jetée,-11.985039,1
9233,S_NOUN_1_PASS_b,M,S,le vase avec la robe était laissé <eos>,6,laissé,laissée,4,F,laissé,-9.609255,laissée,-10.520908,1
9234,S_NOUN_1_PASS_b,M,S,le vase avec la robe était ouvert <eos>,6,ouvert,ouverte,4,F,ouvert,-8.37628,ouverte,-8.236549,0
9235,S_NOUN_1_PASS_b,M,S,le vase avec la robe était perdu <eos>,6,perdu,perdue,4,F,perdu,-9.557915,perdue,-10.525408,1
9236,S_NOUN_1_PASS_b,M,S,le vase avec la robe était réparé <eos>,6,réparé,réparée,4,F,réparé,-12.837283,réparée,-12.201671,0
9237,S_NOUN_1_PASS_b,M,S,le vase avec la robe était retiré <eos>,6,retiré,retirée,4,F,retiré,-6.7049303,retirée,-9.213032,1
9238,S_NOUN_1_PASS_b,M,S,le vase avec la robe était tombé <eos>,6,tombé,tombée,4,F,tombé,-8.65027,tombée,-8.807885,1
9239,S_NOUN_1_PASS_b,M,S,le vase avec la robe était utilisé <eos>,6,utilisé,utilisée,4,F,utilisé,-5.0499887,utilisée,-6.2344074,1
9240,S_NOUN_1_PASS_b,M,S,le vase avec la valise était acheté <eos>,6,acheté,achetée,4,F,acheté,-7.5017834,achetée,-9.576816,1
9241,S_NOUN_1_PASS_b,M,S,le vase avec la valise était brisé <eos>,6,brisé,brisée,4,F,brisé,-6.812271,brisée,-8.400042,1
9242,S_NOUN_1_PASS_b,M,S,le vase avec la valise était caché <eos>,6,caché,cachée,4,F,caché,-5.809365,cachée,-8.041649,1
9243,S_NOUN_1_PASS_b,M,S,le vase avec la valise était cassé <eos>,6,cassé,cassée,4,F,cassé,-6.8282623,cassée,-8.282854,1
9244,S_NOUN_1_PASS_b,M,S,le vase avec la valise était couvert <eos>,6,couvert,couverte,4,F,couvert,-4.9028964,couverte,-7.245526,1
9245,S_NOUN_1_PASS_b,M,S,le vase avec la valise était déformé <eos>,6,déformé,déformée,4,F,déformé,-10.231671,déformée,-11.437307,1
9246,S_NOUN_1_PASS_b,M,S,le vase avec la valise était fixé <eos>,6,fixé,fixée,4,F,fixé,-6.4922743,fixée,-7.182558,1
9247,S_NOUN_1_PASS_b,M,S,le vase avec la valise était jeté <eos>,6,jeté,jetée,4,F,jeté,-6.1012897,jetée,-9.801588,1
9248,S_NOUN_1_PASS_b,M,S,le vase avec la valise était laissé <eos>,6,laissé,laissée,4,F,laissé,-7.736787,laissée,-9.346526,1
9249,S_NOUN_1_PASS_b,M,S,le vase avec la valise était ouvert <eos>,6,ouvert,ouverte,4,F,ouvert,-6.202158,ouverte,-6.633378,1
9250,S_NOUN_1_PASS_b,M,S,le vase avec la valise était perdu <eos>,6,perdu,perdue,4,F,perdu,-6.796216,perdue,-8.962764,1
9251,S_NOUN_1_PASS_b,M,S,le vase avec la valise était réparé <eos>,6,réparé,réparée,4,F,réparé,-9.84336,réparée,-11.691396,1
9252,S_NOUN_1_PASS_b,M,S,le vase avec la valise était retiré <eos>,6,retiré,retirée,4,F,retiré,-6.1856074,retirée,-8.27383,1
9253,S_NOUN_1_PASS_b,M,S,le vase avec la valise était tombé <eos>,6,tombé,tombée,4,F,tombé,-6.728889,tombée,-8.101519,1
9254,S_NOUN_1_PASS_b,M,S,le vase avec la valise était utilisé <eos>,6,utilisé,utilisée,4,F,utilisé,-6.2641683,utilisée,-8.011343,1
9255,S_NOUN_1_PASS_b,M,S,le vase avec la pendule était acheté <eos>,6,acheté,achetée,4,F,acheté,-9.679062,achetée,-10.753966,1
9256,S_NOUN_1_PASS_b,M,S,le vase avec la pendule était brisé <eos>,6,brisé,brisée,4,F,brisé,-7.20376,brisée,-7.691721,1
9257,S_NOUN_1_PASS_b,M,S,le vase avec la pendule était caché <eos>,6,caché,cachée,4,F,caché,-7.4586425,cachée,-7.987025,1
9258,S_NOUN_1_PASS_b,M,S,le vase avec la pendule était cassé <eos>,6,cassé,cassée,4,F,cassé,-5.9084945,cassée,-7.837169,1
9259,S_NOUN_1_PASS_b,M,S,le vase avec la pendule était couvert <eos>,6,couvert,couverte,4,F,couvert,-5.184828,couverte,-6.6903954,1
9260,S_NOUN_1_PASS_b,M,S,le vase avec la pendule était déformé <eos>,6,déformé,déformée,4,F,déformé,-10.411605,déformée,-10.281809,0
9261,S_NOUN_1_PASS_b,M,S,le vase avec la pendule était fixé <eos>,6,fixé,fixée,4,F,fixé,-4.437166,fixée,-5.669778,1
9262,S_NOUN_1_PASS_b,M,S,le vase avec la pendule était jeté <eos>,6,jeté,jetée,4,F,jeté,-7.3830824,jetée,-10.768397,1
9263,S_NOUN_1_PASS_b,M,S,le vase avec la pendule était laissé <eos>,6,laissé,laissée,4,F,laissé,-9.0788355,laissée,-9.815569,1
9264,S_NOUN_1_PASS_b,M,S,le vase avec la pendule était ouvert <eos>,6,ouvert,ouverte,4,F,ouvert,-6.509701,ouverte,-7.3508835,1
9265,S_NOUN_1_PASS_b,M,S,le vase avec la pendule était perdu <eos>,6,perdu,perdue,4,F,perdu,-9.521811,perdue,-9.479677,0
9266,S_NOUN_1_PASS_b,M,S,le vase avec la pendule était réparé <eos>,6,réparé,réparée,4,F,réparé,-11.115922,réparée,-10.82784,0
9267,S_NOUN_1_PASS_b,M,S,le vase avec la pendule était retiré <eos>,6,retiré,retirée,4,F,retiré,-6.7786083,retirée,-9.274323,1
9268,S_NOUN_1_PASS_b,M,S,le vase avec la pendule était tombé <eos>,6,tombé,tombée,4,F,tombé,-8.260698,tombée,-10.869248,1
9269,S_NOUN_1_PASS_b,M,S,le vase avec la pendule était utilisé <eos>,6,utilisé,utilisée,4,F,utilisé,-4.913106,utilisée,-6.54457,1
9270,S_NOUN_1_PASS_b,M,S,le vase avec la cloche était acheté <eos>,6,acheté,achetée,4,F,acheté,-8.446849,achetée,-9.729232,1
9271,S_NOUN_1_PASS_b,M,S,le vase avec la cloche était brisé <eos>,6,brisé,brisée,4,F,brisé,-6.90362,brisée,-8.670431,1
9272,S_NOUN_1_PASS_b,M,S,le vase avec la cloche était caché <eos>,6,caché,cachée,4,F,caché,-6.5941505,cachée,-8.196453,1
9273,S_NOUN_1_PASS_b,M,S,le vase avec la cloche était cassé <eos>,6,cassé,cassée,4,F,cassé,-7.5098042,cassée,-9.454971,1
9274,S_NOUN_1_PASS_b,M,S,le vase avec la cloche était couvert <eos>,6,couvert,couverte,4,F,couvert,-5.1040792,couverte,-7.885417,1
9275,S_NOUN_1_PASS_b,M,S,le vase avec la cloche était déformé <eos>,6,déformé,déformée,4,F,déformé,-11.144392,déformée,-11.752373,1
9276,S_NOUN_1_PASS_b,M,S,le vase avec la cloche était fixé <eos>,6,fixé,fixée,4,F,fixé,-5.772801,fixée,-7.25794,1
9277,S_NOUN_1_PASS_b,M,S,le vase avec la cloche était jeté <eos>,6,jeté,jetée,4,F,jeté,-6.8738017,jetée,-9.662312,1
9278,S_NOUN_1_PASS_b,M,S,le vase avec la cloche était laissé <eos>,6,laissé,laissée,4,F,laissé,-8.26811,laissée,-10.2103615,1
9279,S_NOUN_1_PASS_b,M,S,le vase avec la cloche était ouvert <eos>,6,ouvert,ouverte,4,F,ouvert,-6.993744,ouverte,-8.32169,1
9280,S_NOUN_1_PASS_b,M,S,le vase avec la cloche était perdu <eos>,6,perdu,perdue,4,F,perdu,-7.2032795,perdue,-9.373129,1
9281,S_NOUN_1_PASS_b,M,S,le vase avec la cloche était réparé <eos>,6,réparé,réparée,4,F,réparé,-8.899651,réparée,-10.376039,1
9282,S_NOUN_1_PASS_b,M,S,le vase avec la cloche était retiré <eos>,6,retiré,retirée,4,F,retiré,-6.877657,retirée,-10.076019,1
9283,S_NOUN_1_PASS_b,M,S,le vase avec la cloche était tombé <eos>,6,tombé,tombée,4,F,tombé,-6.389968,tombée,-8.234811,1
9284,S_NOUN_1_PASS_b,M,S,le vase avec la cloche était utilisé <eos>,6,utilisé,utilisée,4,F,utilisé,-5.1358824,utilisée,-7.262767,1
9285,S_NOUN_1_PASS_b,M,S,le vase avec la cerise était acheté <eos>,6,acheté,achetée,4,F,acheté,-8.740772,achetée,-11.481012,1
9286,S_NOUN_1_PASS_b,M,S,le vase avec la cerise était brisé <eos>,6,brisé,brisée,4,F,brisé,-8.934781,brisée,-11.758631,1
9287,S_NOUN_1_PASS_b,M,S,le vase avec la cerise était caché <eos>,6,caché,cachée,4,F,caché,-8.31266,cachée,-11.32657,1
9288,S_NOUN_1_PASS_b,M,S,le vase avec la cerise était cassé <eos>,6,cassé,cassée,4,F,cassé,-7.4155726,cassée,-11.576569,1
9289,S_NOUN_1_PASS_b,M,S,le vase avec la cerise était couvert <eos>,6,couvert,couverte,4,F,couvert,-5.723278,couverte,-8.466074,1
9290,S_NOUN_1_PASS_b,M,S,le vase avec la cerise était déformé <eos>,6,déformé,déformée,4,F,déformé,-10.885007,déformée,-12.478045,1
9291,S_NOUN_1_PASS_b,M,S,le vase avec la cerise était fixé <eos>,6,fixé,fixée,4,F,fixé,-6.2678795,fixée,-9.062092,1
9292,S_NOUN_1_PASS_b,M,S,le vase avec la cerise était jeté <eos>,6,jeté,jetée,4,F,jeté,-8.752982,jetée,-11.507433,1
9293,S_NOUN_1_PASS_b,M,S,le vase avec la cerise était laissé <eos>,6,laissé,laissée,4,F,laissé,-9.318435,laissée,-11.567173,1
9294,S_NOUN_1_PASS_b,M,S,le vase avec la cerise était ouvert <eos>,6,ouvert,ouverte,4,F,ouvert,-7.969412,ouverte,-9.725169,1
9295,S_NOUN_1_PASS_b,M,S,le vase avec la cerise était perdu <eos>,6,perdu,perdue,4,F,perdu,-8.353634,perdue,-11.153116,1
9296,S_NOUN_1_PASS_b,M,S,le vase avec la cerise était réparé <eos>,6,réparé,réparée,4,F,réparé,-11.749409,réparée,-14.39959,1
9297,S_NOUN_1_PASS_b,M,S,le vase avec la cerise était retiré <eos>,6,retiré,retirée,4,F,retiré,-7.7135143,retirée,-11.428454,1
9298,S_NOUN_1_PASS_b,M,S,le vase avec la cerise était tombé <eos>,6,tombé,tombée,4,F,tombé,-7.909383,tombée,-9.986219,1
9299,S_NOUN_1_PASS_b,M,S,le vase avec la cerise était utilisé <eos>,6,utilisé,utilisée,4,F,utilisé,-4.098839,utilisée,-6.604685,1
9300,S_NOUN_1_PASS_b,M,S,le panier avec la gemme était acheté <eos>,6,acheté,achetée,4,F,acheté,-8.740605,achetée,-10.916447,1
9301,S_NOUN_1_PASS_b,M,S,le panier avec la gemme était brisé <eos>,6,brisé,brisée,4,F,brisé,-7.6202765,brisée,-9.506716,1
9302,S_NOUN_1_PASS_b,M,S,le panier avec la gemme était caché <eos>,6,caché,cachée,4,F,caché,-7.1892633,cachée,-9.619298,1
9303,S_NOUN_1_PASS_b,M,S,le panier avec la gemme était cassé <eos>,6,cassé,cassée,4,F,cassé,-5.88976,cassée,-9.02429,1
9304,S_NOUN_1_PASS_b,M,S,le panier avec la gemme était couvert <eos>,6,couvert,couverte,4,F,couvert,-5.729738,couverte,-8.320203,1
9305,S_NOUN_1_PASS_b,M,S,le panier avec la gemme était déformé <eos>,6,déformé,déformée,4,F,déformé,-10.647918,déformée,-11.259239,1
9306,S_NOUN_1_PASS_b,M,S,le panier avec la gemme était fixé <eos>,6,fixé,fixée,4,F,fixé,-4.7571387,fixée,-6.9130692,1
9307,S_NOUN_1_PASS_b,M,S,le panier avec la gemme était jeté <eos>,6,jeté,jetée,4,F,jeté,-8.195711,jetée,-10.681859,1
9308,S_NOUN_1_PASS_b,M,S,le panier avec la gemme était laissé <eos>,6,laissé,laissée,4,F,laissé,-7.917167,laissée,-9.340384,1
9309,S_NOUN_1_PASS_b,M,S,le panier avec la gemme était ouvert <eos>,6,ouvert,ouverte,4,F,ouvert,-6.911687,ouverte,-8.400967,1
9310,S_NOUN_1_PASS_b,M,S,le panier avec la gemme était perdu <eos>,6,perdu,perdue,4,F,perdu,-7.964426,perdue,-10.596194,1
9311,S_NOUN_1_PASS_b,M,S,le panier avec la gemme était réparé <eos>,6,réparé,réparée,4,F,réparé,-10.032885,réparée,-11.909319,1
9312,S_NOUN_1_PASS_b,M,S,le panier avec la gemme était retiré <eos>,6,retiré,retirée,4,F,retiré,-6.549458,retirée,-10.417904,1
9313,S_NOUN_1_PASS_b,M,S,le panier avec la gemme était tombé <eos>,6,tombé,tombée,4,F,tombé,-7.90423,tombée,-9.704285,1
9314,S_NOUN_1_PASS_b,M,S,le panier avec la gemme était utilisé <eos>,6,utilisé,utilisée,4,F,utilisé,-3.7760699,utilisée,-6.5929728,1
9315,S_NOUN_1_PASS_b,M,S,le panier avec la chaise était acheté <eos>,6,acheté,achetée,4,F,acheté,-9.521525,achetée,-10.748292,1
9316,S_NOUN_1_PASS_b,M,S,le panier avec la chaise était brisé <eos>,6,brisé,brisée,4,F,brisé,-7.5445924,brisée,-8.879414,1
9317,S_NOUN_1_PASS_b,M,S,le panier avec la chaise était caché <eos>,6,caché,cachée,4,F,caché,-7.8401585,cachée,-9.618753,1
9318,S_NOUN_1_PASS_b,M,S,le panier avec la chaise était cassé <eos>,6,cassé,cassée,4,F,cassé,-6.836149,cassée,-8.163613,1
9319,S_NOUN_1_PASS_b,M,S,le panier avec la chaise était couvert <eos>,6,couvert,couverte,4,F,couvert,-5.221467,couverte,-7.1333094,1
9320,S_NOUN_1_PASS_b,M,S,le panier avec la chaise était déformé <eos>,6,déformé,déformée,4,F,déformé,-11.031721,déformée,-10.628898,0
9321,S_NOUN_1_PASS_b,M,S,le panier avec la chaise était fixé <eos>,6,fixé,fixée,4,F,fixé,-6.2881136,fixée,-7.017256,1
9322,S_NOUN_1_PASS_b,M,S,le panier avec la chaise était jeté <eos>,6,jeté,jetée,4,F,jeté,-8.127617,jetée,-10.826927,1
9323,S_NOUN_1_PASS_b,M,S,le panier avec la chaise était laissé <eos>,6,laissé,laissée,4,F,laissé,-8.237541,laissée,-9.335249,1
9324,S_NOUN_1_PASS_b,M,S,le panier avec la chaise était ouvert <eos>,6,ouvert,ouverte,4,F,ouvert,-6.382651,ouverte,-6.7479405,1
9325,S_NOUN_1_PASS_b,M,S,le panier avec la chaise était perdu <eos>,6,perdu,perdue,4,F,perdu,-7.936834,perdue,-9.915005,1
9326,S_NOUN_1_PASS_b,M,S,le panier avec la chaise était réparé <eos>,6,réparé,réparée,4,F,réparé,-9.794777,réparée,-10.287017,1
9327,S_NOUN_1_PASS_b,M,S,le panier avec la chaise était retiré <eos>,6,retiré,retirée,4,F,retiré,-7.754966,retirée,-9.888657,1
9328,S_NOUN_1_PASS_b,M,S,le panier avec la chaise était tombé <eos>,6,tombé,tombée,4,F,tombé,-7.9863977,tombée,-9.196252,1
9329,S_NOUN_1_PASS_b,M,S,le panier avec la chaise était utilisé <eos>,6,utilisé,utilisée,4,F,utilisé,-4.2811303,utilisée,-6.015241,1
9330,S_NOUN_1_PASS_b,M,S,le panier avec la poubelle était acheté <eos>,6,acheté,achetée,4,F,acheté,-8.101095,achetée,-10.622423,1
9331,S_NOUN_1_PASS_b,M,S,le panier avec la poubelle était brisé <eos>,6,brisé,brisée,4,F,brisé,-7.664177,brisée,-10.192616,1
9332,S_NOUN_1_PASS_b,M,S,le panier avec la poubelle était caché <eos>,6,caché,cachée,4,F,caché,-6.8580713,cachée,-9.782093,1
9333,S_NOUN_1_PASS_b,M,S,le panier avec la poubelle était cassé <eos>,6,cassé,cassée,4,F,cassé,-6.6759415,cassée,-8.985565,1
9334,S_NOUN_1_PASS_b,M,S,le panier avec la poubelle était couvert <eos>,6,couvert,couverte,4,F,couvert,-5.879931,couverte,-8.528782,1
9335,S_NOUN_1_PASS_b,M,S,le panier avec la poubelle était déformé <eos>,6,déformé,déformée,4,F,déformé,-9.994837,déformée,-10.963918,1
9336,S_NOUN_1_PASS_b,M,S,le panier avec la poubelle était fixé <eos>,6,fixé,fixée,4,F,fixé,-5.9856234,fixée,-8.043341,1
9337,S_NOUN_1_PASS_b,M,S,le panier avec la poubelle était jeté <eos>,6,jeté,jetée,4,F,jeté,-7.194646,jetée,-9.676786,1
9338,S_NOUN_1_PASS_b,M,S,le panier avec la poubelle était laissé <eos>,6,laissé,laissée,4,F,laissé,-7.4131536,laissée,-9.463963,1
9339,S_NOUN_1_PASS_b,M,S,le panier avec la poubelle était ouvert <eos>,6,ouvert,ouverte,4,F,ouvert,-6.083576,ouverte,-7.890197,1
9340,S_NOUN_1_PASS_b,M,S,le panier avec la poubelle était perdu <eos>,6,perdu,perdue,4,F,perdu,-6.968563,perdue,-10.127499,1
9341,S_NOUN_1_PASS_b,M,S,le panier avec la poubelle était réparé <eos>,6,réparé,réparée,4,F,réparé,-9.513147,réparée,-11.042713,1
9342,S_NOUN_1_PASS_b,M,S,le panier avec la poubelle était retiré <eos>,6,retiré,retirée,4,F,retiré,-6.513516,retirée,-9.945369,1
9343,S_NOUN_1_PASS_b,M,S,le panier avec la poubelle était tombé <eos>,6,tombé,tombée,4,F,tombé,-7.7166743,tombée,-9.362778,1
9344,S_NOUN_1_PASS_b,M,S,le panier avec la poubelle était utilisé <eos>,6,utilisé,utilisée,4,F,utilisé,-4.6176457,utilisée,-7.4077477,1
9345,S_NOUN_1_PASS_b,M,S,le panier avec la chemise était acheté <eos>,6,acheté,achetée,4,F,acheté,-9.005901,achetée,-11.438969,1
9346,S_NOUN_1_PASS_b,M,S,le panier avec la chemise était brisé <eos>,6,brisé,brisée,4,F,brisé,-7.9396343,brisée,-10.344517,1
9347,S_NOUN_1_PASS_b,M,S,le panier avec la chemise était caché <eos>,6,caché,cachée,4,F,caché,-7.622198,cachée,-10.256446,1
9348,S_NOUN_1_PASS_b,M,S,le panier avec la chemise était cassé <eos>,6,cassé,cassée,4,F,cassé,-6.218581,cassée,-9.694239,1
9349,S_NOUN_1_PASS_b,M,S,le panier avec la chemise était couvert <eos>,6,couvert,couverte,4,F,couvert,-5.375494,couverte,-7.8524513,1
9350,S_NOUN_1_PASS_b,M,S,le panier avec la chemise était déformé <eos>,6,déformé,déformée,4,F,déformé,-10.910261,déformée,-11.142604,1
9351,S_NOUN_1_PASS_b,M,S,le panier avec la chemise était fixé <eos>,6,fixé,fixée,4,F,fixé,-5.1236143,fixée,-7.267742,1
9352,S_NOUN_1_PASS_b,M,S,le panier avec la chemise était jeté <eos>,6,jeté,jetée,4,F,jeté,-7.811092,jetée,-11.699507,1
9353,S_NOUN_1_PASS_b,M,S,le panier avec la chemise était laissé <eos>,6,laissé,laissée,4,F,laissé,-8.113124,laissée,-9.967075,1
9354,S_NOUN_1_PASS_b,M,S,le panier avec la chemise était ouvert <eos>,6,ouvert,ouverte,4,F,ouvert,-6.5123363,ouverte,-7.7014155,1
9355,S_NOUN_1_PASS_b,M,S,le panier avec la chemise était perdu <eos>,6,perdu,perdue,4,F,perdu,-8.161049,perdue,-11.263802,1
9356,S_NOUN_1_PASS_b,M,S,le panier avec la chemise était réparé <eos>,6,réparé,réparée,4,F,réparé,-11.218014,réparée,-11.816456,1
9357,S_NOUN_1_PASS_b,M,S,le panier avec la chemise était retiré <eos>,6,retiré,retirée,4,F,retiré,-6.455776,retirée,-10.642617,1
9358,S_NOUN_1_PASS_b,M,S,le panier avec la chemise était tombé <eos>,6,tombé,tombée,4,F,tombé,-7.8656435,tombée,-9.719644,1
9359,S_NOUN_1_PASS_b,M,S,le panier avec la chemise était utilisé <eos>,6,utilisé,utilisée,4,F,utilisé,-4.322127,utilisée,-6.9315696,1
9360,S_NOUN_1_PASS_b,M,S,le panier avec la recette était acheté <eos>,6,acheté,achetée,4,F,acheté,-10.060239,achetée,-12.047703,1
9361,S_NOUN_1_PASS_b,M,S,le panier avec la recette était brisé <eos>,6,brisé,brisée,4,F,brisé,-8.736939,brisée,-10.564452,1
9362,S_NOUN_1_PASS_b,M,S,le panier avec la recette était caché <eos>,6,caché,cachée,4,F,caché,-8.09423,cachée,-10.727275,1
9363,S_NOUN_1_PASS_b,M,S,le panier avec la recette était cassé <eos>,6,cassé,cassée,4,F,cassé,-8.438907,cassée,-9.929384,1
9364,S_NOUN_1_PASS_b,M,S,le panier avec la recette était couvert <eos>,6,couvert,couverte,4,F,couvert,-7.197718,couverte,-9.971426,1
9365,S_NOUN_1_PASS_b,M,S,le panier avec la recette était déformé <eos>,6,déformé,déformée,4,F,déformé,-12.444981,déformée,-11.981411,0
9366,S_NOUN_1_PASS_b,M,S,le panier avec la recette était fixé <eos>,6,fixé,fixée,4,F,fixé,-6.0432854,fixée,-7.077421,1
9367,S_NOUN_1_PASS_b,M,S,le panier avec la recette était jeté <eos>,6,jeté,jetée,4,F,jeté,-10.001883,jetée,-11.734884,1
9368,S_NOUN_1_PASS_b,M,S,le panier avec la recette était laissé <eos>,6,laissé,laissée,4,F,laissé,-9.166995,laissée,-10.018878,1
9369,S_NOUN_1_PASS_b,M,S,le panier avec la recette était ouvert <eos>,6,ouvert,ouverte,4,F,ouvert,-7.6934843,ouverte,-9.176256,1
9370,S_NOUN_1_PASS_b,M,S,le panier avec la recette était perdu <eos>,6,perdu,perdue,4,F,perdu,-8.372099,perdue,-9.471741,1
9371,S_NOUN_1_PASS_b,M,S,le panier avec la recette était réparé <eos>,6,réparé,réparée,4,F,réparé,-11.559761,réparée,-13.000433,1
9372,S_NOUN_1_PASS_b,M,S,le panier avec la recette était retiré <eos>,6,retiré,retirée,4,F,retiré,-8.390449,retirée,-11.326997,1
9373,S_NOUN_1_PASS_b,M,S,le panier avec la recette était tombé <eos>,6,tombé,tombée,4,F,tombé,-7.8356113,tombée,-9.250323,1
9374,S_NOUN_1_PASS_b,M,S,le panier avec la recette était utilisé <eos>,6,utilisé,utilisée,4,F,utilisé,-6.118925,utilisée,-8.122,1
9375,S_NOUN_1_PASS_b,M,S,le panier avec la jupe était acheté <eos>,6,acheté,achetée,4,F,acheté,-10.596367,achetée,-11.720325,1
9376,S_NOUN_1_PASS_b,M,S,le panier avec la jupe était brisé <eos>,6,brisé,brisée,4,F,brisé,-7.6698465,brisée,-9.203394,1
9377,S_NOUN_1_PASS_b,M,S,le panier avec la jupe était caché <eos>,6,caché,cachée,4,F,caché,-8.510692,cachée,-9.346875,1
9378,S_NOUN_1_PASS_b,M,S,le panier avec la jupe était cassé <eos>,6,cassé,cassée,4,F,cassé,-6.018071,cassée,-8.163421,1
9379,S_NOUN_1_PASS_b,M,S,le panier avec la jupe était couvert <eos>,6,couvert,couverte,4,F,couvert,-5.7451572,couverte,-7.6221457,1
9380,S_NOUN_1_PASS_b,M,S,le panier avec la jupe était déformé <eos>,6,déformé,déformée,4,F,déformé,-11.323145,déformée,-9.736249,0
9381,S_NOUN_1_PASS_b,M,S,le panier avec la jupe était fixé <eos>,6,fixé,fixée,4,F,fixé,-6.0809503,fixée,-6.778293,1
9382,S_NOUN_1_PASS_b,M,S,le panier avec la jupe était jeté <eos>,6,jeté,jetée,4,F,jeté,-9.03604,jetée,-12.009745,1
9383,S_NOUN_1_PASS_b,M,S,le panier avec la jupe était laissé <eos>,6,laissé,laissée,4,F,laissé,-8.695584,laissée,-9.545139,1
9384,S_NOUN_1_PASS_b,M,S,le panier avec la jupe était ouvert <eos>,6,ouvert,ouverte,4,F,ouvert,-6.764551,ouverte,-6.760619,0
9385,S_NOUN_1_PASS_b,M,S,le panier avec la jupe était perdu <eos>,6,perdu,perdue,4,F,perdu,-8.579491,perdue,-10.364649,1
9386,S_NOUN_1_PASS_b,M,S,le panier avec la jupe était réparé <eos>,6,réparé,réparée,4,F,réparé,-11.435851,réparée,-10.530466,0
9387,S_NOUN_1_PASS_b,M,S,le panier avec la jupe était retiré <eos>,6,retiré,retirée,4,F,retiré,-7.998028,retirée,-10.145442,1
9388,S_NOUN_1_PASS_b,M,S,le panier avec la jupe était tombé <eos>,6,tombé,tombée,4,F,tombé,-8.256679,tombée,-9.553819,1
9389,S_NOUN_1_PASS_b,M,S,le panier avec la jupe était utilisé <eos>,6,utilisé,utilisée,4,F,utilisé,-6.179225,utilisée,-7.4394503,1
9390,S_NOUN_1_PASS_b,M,S,le panier avec la colle était acheté <eos>,6,acheté,achetée,4,F,acheté,-8.101959,achetée,-10.87208,1
9391,S_NOUN_1_PASS_b,M,S,le panier avec la colle était brisé <eos>,6,brisé,brisée,4,F,brisé,-7.713241,brisée,-10.4718895,1
9392,S_NOUN_1_PASS_b,M,S,le panier avec la colle était caché <eos>,6,caché,cachée,4,F,caché,-6.8972096,cachée,-9.5282,1
9393,S_NOUN_1_PASS_b,M,S,le panier avec la colle était cassé <eos>,6,cassé,cassée,4,F,cassé,-6.8791,cassée,-9.571279,1
9394,S_NOUN_1_PASS_b,M,S,le panier avec la colle était couvert <eos>,6,couvert,couverte,4,F,couvert,-6.015731,couverte,-8.68933,1
9395,S_NOUN_1_PASS_b,M,S,le panier avec la colle était déformé <eos>,6,déformé,déformée,4,F,déformé,-10.141229,déformée,-11.272276,1
9396,S_NOUN_1_PASS_b,M,S,le panier avec la colle était fixé <eos>,6,fixé,fixée,4,F,fixé,-5.2959566,fixée,-7.542841,1
9397,S_NOUN_1_PASS_b,M,S,le panier avec la colle était jeté <eos>,6,jeté,jetée,4,F,jeté,-8.129133,jetée,-10.926832,1
9398,S_NOUN_1_PASS_b,M,S,le panier avec la colle était laissé <eos>,6,laissé,laissée,4,F,laissé,-8.198211,laissée,-9.286597,1
9399,S_NOUN_1_PASS_b,M,S,le panier avec la colle était ouvert <eos>,6,ouvert,ouverte,4,F,ouvert,-6.834342,ouverte,-8.58948,1
9400,S_NOUN_1_PASS_b,M,S,le panier avec la colle était perdu <eos>,6,perdu,perdue,4,F,perdu,-7.822618,perdue,-9.593737,1
9401,S_NOUN_1_PASS_b,M,S,le panier avec la colle était réparé <eos>,6,réparé,réparée,4,F,réparé,-10.166865,réparée,-12.639025,1
9402,S_NOUN_1_PASS_b,M,S,le panier avec la colle était retiré <eos>,6,retiré,retirée,4,F,retiré,-6.2070723,retirée,-10.007403,1
9403,S_NOUN_1_PASS_b,M,S,le panier avec la colle était tombé <eos>,6,tombé,tombée,4,F,tombé,-7.6531615,tombée,-9.456316,1
9404,S_NOUN_1_PASS_b,M,S,le panier avec la colle était utilisé <eos>,6,utilisé,utilisée,4,F,utilisé,-3.7276988,utilisée,-6.728843,1
9405,S_NOUN_1_PASS_b,M,S,le panier avec la lampe était acheté <eos>,6,acheté,achetée,4,F,acheté,-9.663354,achetée,-10.580835,1
9406,S_NOUN_1_PASS_b,M,S,le panier avec la lampe était brisé <eos>,6,brisé,brisée,4,F,brisé,-6.569188,brisée,-8.593562,1
9407,S_NOUN_1_PASS_b,M,S,le panier avec la lampe était caché <eos>,6,caché,cachée,4,F,caché,-7.2402472,cachée,-9.260289,1
9408,S_NOUN_1_PASS_b,M,S,le panier avec la lampe était cassé <eos>,6,cassé,cassée,4,F,cassé,-6.937995,cassée,-8.4951935,1
9409,S_NOUN_1_PASS_b,M,S,le panier avec la lampe était couvert <eos>,6,couvert,couverte,4,F,couvert,-5.923045,couverte,-8.201037,1
9410,S_NOUN_1_PASS_b,M,S,le panier avec la lampe était déformé <eos>,6,déformé,déformée,4,F,déformé,-11.220052,déformée,-10.826837,0
9411,S_NOUN_1_PASS_b,M,S,le panier avec la lampe était fixé <eos>,6,fixé,fixée,4,F,fixé,-5.4916773,fixée,-7.053528,1
9412,S_NOUN_1_PASS_b,M,S,le panier avec la lampe était jeté <eos>,6,jeté,jetée,4,F,jeté,-8.36159,jetée,-10.102965,1
9413,S_NOUN_1_PASS_b,M,S,le panier avec la lampe était laissé <eos>,6,laissé,laissée,4,F,laissé,-8.603339,laissée,-9.371435,1
9414,S_NOUN_1_PASS_b,M,S,le panier avec la lampe était ouvert <eos>,6,ouvert,ouverte,4,F,ouvert,-6.716815,ouverte,-7.673112,1
9415,S_NOUN_1_PASS_b,M,S,le panier avec la lampe était perdu <eos>,6,perdu,perdue,4,F,perdu,-8.2824135,perdue,-9.725395,1
9416,S_NOUN_1_PASS_b,M,S,le panier avec la lampe était réparé <eos>,6,réparé,réparée,4,F,réparé,-10.012415,réparée,-11.124586,1
9417,S_NOUN_1_PASS_b,M,S,le panier avec la lampe était retiré <eos>,6,retiré,retirée,4,F,retiré,-8.031698,retirée,-9.601616,1
9418,S_NOUN_1_PASS_b,M,S,le panier avec la lampe était tombé <eos>,6,tombé,tombée,4,F,tombé,-7.7913876,tombée,-9.671288,1
9419,S_NOUN_1_PASS_b,M,S,le panier avec la lampe était utilisé <eos>,6,utilisé,utilisée,4,F,utilisé,-4.8863783,utilisée,-6.834693,1
9420,S_NOUN_1_PASS_b,M,S,le panier avec la bouteille était acheté <eos>,6,acheté,achetée,4,F,acheté,-8.633844,achetée,-10.887261,1
9421,S_NOUN_1_PASS_b,M,S,le panier avec la bouteille était brisé <eos>,6,brisé,brisée,4,F,brisé,-7.465032,brisée,-9.6347275,1
9422,S_NOUN_1_PASS_b,M,S,le panier avec la bouteille était caché <eos>,6,caché,cachée,4,F,caché,-6.836032,cachée,-9.386017,1
9423,S_NOUN_1_PASS_b,M,S,le panier avec la bouteille était cassé <eos>,6,cassé,cassée,4,F,cassé,-5.761151,cassée,-8.334686,1
9424,S_NOUN_1_PASS_b,M,S,le panier avec la bouteille était couvert <eos>,6,couvert,couverte,4,F,couvert,-5.560133,couverte,-8.837305,1
9425,S_NOUN_1_PASS_b,M,S,le panier avec la bouteille était déformé <eos>,6,déformé,déformée,4,F,déformé,-10.388413,déformée,-10.685567,1
9426,S_NOUN_1_PASS_b,M,S,le panier avec la bouteille était fixé <eos>,6,fixé,fixée,4,F,fixé,-4.983032,fixée,-7.4610834,1
9427,S_NOUN_1_PASS_b,M,S,le panier avec la bouteille était jeté <eos>,6,jeté,jetée,4,F,jeté,-7.5111976,jetée,-9.789061,1
9428,S_NOUN_1_PASS_b,M,S,le panier avec la bouteille était laissé <eos>,6,laissé,laissée,4,F,laissé,-7.8069305,laissée,-8.872709,1
9429,S_NOUN_1_PASS_b,M,S,le panier avec la bouteille était ouvert <eos>,6,ouvert,ouverte,4,F,ouvert,-6.1387777,ouverte,-8.130153,1
9430,S_NOUN_1_PASS_b,M,S,le panier avec la bouteille était perdu <eos>,6,perdu,perdue,4,F,perdu,-7.122174,perdue,-9.663836,1
9431,S_NOUN_1_PASS_b,M,S,le panier avec la bouteille était réparé <eos>,6,réparé,réparée,4,F,réparé,-10.191194,réparée,-12.230147,1
9432,S_NOUN_1_PASS_b,M,S,le panier avec la bouteille était retiré <eos>,6,retiré,retirée,4,F,retiré,-6.2932243,retirée,-9.670191,1
9433,S_NOUN_1_PASS_b,M,S,le panier avec la bouteille était tombé <eos>,6,tombé,tombée,4,F,tombé,-7.7730665,tombée,-9.611542,1
9434,S_NOUN_1_PASS_b,M,S,le panier avec la bouteille était utilisé <eos>,6,utilisé,utilisée,4,F,utilisé,-4.7513533,utilisée,-7.423318,1
9435,S_NOUN_1_PASS_b,M,S,le panier avec la boisson était acheté <eos>,6,acheté,achetée,4,F,acheté,-9.02591,achetée,-10.816922,1
9436,S_NOUN_1_PASS_b,M,S,le panier avec la boisson était brisé <eos>,6,brisé,brisée,4,F,brisé,-9.705563,brisée,-10.973071,1
9437,S_NOUN_1_PASS_b,M,S,le panier avec la boisson était caché <eos>,6,caché,cachée,4,F,caché,-8.583239,cachée,-10.62471,1
9438,S_NOUN_1_PASS_b,M,S,le panier avec la boisson était cassé <eos>,6,cassé,cassée,4,F,cassé,-7.5577154,cassée,-10.217009,1
9439,S_NOUN_1_PASS_b,M,S,le panier avec la boisson était couvert <eos>,6,couvert,couverte,4,F,couvert,-7.211789,couverte,-9.651283,1
9440,S_NOUN_1_PASS_b,M,S,le panier avec la boisson était déformé <eos>,6,déformé,déformée,4,F,déformé,-11.2483835,déformée,-11.614067,1
9441,S_NOUN_1_PASS_b,M,S,le panier avec la boisson était fixé <eos>,6,fixé,fixée,4,F,fixé,-6.6422935,fixée,-8.228257,1
9442,S_NOUN_1_PASS_b,M,S,le panier avec la boisson était jeté <eos>,6,jeté,jetée,4,F,jeté,-8.680437,jetée,-10.707156,1
9443,S_NOUN_1_PASS_b,M,S,le panier avec la boisson était laissé <eos>,6,laissé,laissée,4,F,laissé,-9.09283,laissée,-9.603609,1
9444,S_NOUN_1_PASS_b,M,S,le panier avec la boisson était ouvert <eos>,6,ouvert,ouverte,4,F,ouvert,-8.104755,ouverte,-8.929456,1
9445,S_NOUN_1_PASS_b,M,S,le panier avec la boisson était perdu <eos>,6,perdu,perdue,4,F,perdu,-8.535402,perdue,-9.672021,1
9446,S_NOUN_1_PASS_b,M,S,le panier avec la boisson était réparé <eos>,6,réparé,réparée,4,F,réparé,-11.159743,réparée,-13.296935,1
9447,S_NOUN_1_PASS_b,M,S,le panier avec la boisson était retiré <eos>,6,retiré,retirée,4,F,retiré,-7.386587,retirée,-10.256471,1
9448,S_NOUN_1_PASS_b,M,S,le panier avec la boisson était tombé <eos>,6,tombé,tombée,4,F,tombé,-8.017314,tombée,-8.873822,1
9449,S_NOUN_1_PASS_b,M,S,le panier avec la boisson était utilisé <eos>,6,utilisé,utilisée,4,F,utilisé,-4.7195144,utilisée,-6.751449,1
9450,S_NOUN_1_PASS_b,M,S,le panier avec la pomme était acheté <eos>,6,acheté,achetée,4,F,acheté,-8.999603,achetée,-11.590371,1
9451,S_NOUN_1_PASS_b,M,S,le panier avec la pomme était brisé <eos>,6,brisé,brisée,4,F,brisé,-7.28142,brisée,-10.152935,1
9452,S_NOUN_1_PASS_b,M,S,le panier avec la pomme était caché <eos>,6,caché,cachée,4,F,caché,-7.0970945,cachée,-10.734314,1
9453,S_NOUN_1_PASS_b,M,S,le panier avec la pomme était cassé <eos>,6,cassé,cassée,4,F,cassé,-6.816084,cassée,-9.330045,1
9454,S_NOUN_1_PASS_b,M,S,le panier avec la pomme était couvert <eos>,6,couvert,couverte,4,F,couvert,-5.897496,couverte,-8.733192,1
9455,S_NOUN_1_PASS_b,M,S,le panier avec la pomme était déformé <eos>,6,déformé,déformée,4,F,déformé,-10.979734,déformée,-11.347311,1
9456,S_NOUN_1_PASS_b,M,S,le panier avec la pomme était fixé <eos>,6,fixé,fixée,4,F,fixé,-6.306901,fixée,-8.720206,1
9457,S_NOUN_1_PASS_b,M,S,le panier avec la pomme était jeté <eos>,6,jeté,jetée,4,F,jeté,-7.912751,jetée,-10.664098,1
9458,S_NOUN_1_PASS_b,M,S,le panier avec la pomme était laissé <eos>,6,laissé,laissée,4,F,laissé,-8.572996,laissée,-9.640591,1
9459,S_NOUN_1_PASS_b,M,S,le panier avec la pomme était ouvert <eos>,6,ouvert,ouverte,4,F,ouvert,-6.784971,ouverte,-8.60491,1
9460,S_NOUN_1_PASS_b,M,S,le panier avec la pomme était perdu <eos>,6,perdu,perdue,4,F,perdu,-8.052967,perdue,-10.38442,1
9461,S_NOUN_1_PASS_b,M,S,le panier avec la pomme était réparé <eos>,6,réparé,réparée,4,F,réparé,-9.838844,réparée,-13.021574,1
9462,S_NOUN_1_PASS_b,M,S,le panier avec la pomme était retiré <eos>,6,retiré,retirée,4,F,retiré,-7.3810873,retirée,-10.768251,1
9463,S_NOUN_1_PASS_b,M,S,le panier avec la pomme était tombé <eos>,6,tombé,tombée,4,F,tombé,-7.499876,tombée,-9.55394,1
9464,S_NOUN_1_PASS_b,M,S,le panier avec la pomme était utilisé <eos>,6,utilisé,utilisée,4,F,utilisé,-4.3094606,utilisée,-7.0978613,1
9465,S_NOUN_1_PASS_b,M,S,le panier avec la tasse était acheté <eos>,6,acheté,achetée,4,F,acheté,-8.262916,achetée,-10.800716,1
9466,S_NOUN_1_PASS_b,M,S,le panier avec la tasse était brisé <eos>,6,brisé,brisée,4,F,brisé,-7.3928785,brisée,-10.529737,1
9467,S_NOUN_1_PASS_b,M,S,le panier avec la tasse était caché <eos>,6,caché,cachée,4,F,caché,-6.65392,cachée,-10.265039,1
9468,S_NOUN_1_PASS_b,M,S,le panier avec la tasse était cassé <eos>,6,cassé,cassée,4,F,cassé,-6.5821686,cassée,-8.982388,1
9469,S_NOUN_1_PASS_b,M,S,le panier avec la tasse était couvert <eos>,6,couvert,couverte,4,F,couvert,-5.843566,couverte,-8.871001,1
9470,S_NOUN_1_PASS_b,M,S,le panier avec la tasse était déformé <eos>,6,déformé,déformée,4,F,déformé,-10.7328615,déformée,-11.293354,1
9471,S_NOUN_1_PASS_b,M,S,le panier avec la tasse était fixé <eos>,6,fixé,fixée,4,F,fixé,-5.5295854,fixée,-7.6017003,1
9472,S_NOUN_1_PASS_b,M,S,le panier avec la tasse était jeté <eos>,6,jeté,jetée,4,F,jeté,-7.5810447,jetée,-10.50218,1
9473,S_NOUN_1_PASS_b,M,S,le panier avec la tasse était laissé <eos>,6,laissé,laissée,4,F,laissé,-7.8261013,laissée,-8.834384,1
9474,S_NOUN_1_PASS_b,M,S,le panier avec la tasse était ouvert <eos>,6,ouvert,ouverte,4,F,ouvert,-5.840792,ouverte,-7.6134467,1
9475,S_NOUN_1_PASS_b,M,S,le panier avec la tasse était perdu <eos>,6,perdu,perdue,4,F,perdu,-7.677147,perdue,-10.381059,1
9476,S_NOUN_1_PASS_b,M,S,le panier avec la tasse était réparé <eos>,6,réparé,réparée,4,F,réparé,-10.259195,réparée,-12.312995,1
9477,S_NOUN_1_PASS_b,M,S,le panier avec la tasse était retiré <eos>,6,retiré,retirée,4,F,retiré,-6.298646,retirée,-9.698059,1
9478,S_NOUN_1_PASS_b,M,S,le panier avec la tasse était tombé <eos>,6,tombé,tombée,4,F,tombé,-8.381373,tombée,-10.199357,1
9479,S_NOUN_1_PASS_b,M,S,le panier avec la tasse était utilisé <eos>,6,utilisé,utilisée,4,F,utilisé,-3.8417625,utilisée,-6.3219633,1
9480,S_NOUN_1_PASS_b,M,S,le panier avec la bougie était acheté <eos>,6,acheté,achetée,4,F,acheté,-9.320046,achetée,-11.768312,1
9481,S_NOUN_1_PASS_b,M,S,le panier avec la bougie était brisé <eos>,6,brisé,brisée,4,F,brisé,-7.252019,brisée,-10.192396,1
9482,S_NOUN_1_PASS_b,M,S,le panier avec la bougie était caché <eos>,6,caché,cachée,4,F,caché,-6.725073,cachée,-10.327926,1
9483,S_NOUN_1_PASS_b,M,S,le panier avec la bougie était cassé <eos>,6,cassé,cassée,4,F,cassé,-5.9558687,cassée,-9.377461,1
9484,S_NOUN_1_PASS_b,M,S,le panier avec la bougie était couvert <eos>,6,couvert,couverte,4,F,couvert,-6.175172,couverte,-9.336218,1
9485,S_NOUN_1_PASS_b,M,S,le panier avec la bougie était déformé <eos>,6,déformé,déformée,4,F,déformé,-11.120443,déformée,-11.625099,1
9486,S_NOUN_1_PASS_b,M,S,le panier avec la bougie était fixé <eos>,6,fixé,fixée,4,F,fixé,-5.547143,fixée,-8.306103,1
9487,S_NOUN_1_PASS_b,M,S,le panier avec la bougie était jeté <eos>,6,jeté,jetée,4,F,jeté,-8.689788,jetée,-11.1359825,1
9488,S_NOUN_1_PASS_b,M,S,le panier avec la bougie était laissé <eos>,6,laissé,laissée,4,F,laissé,-8.21555,laissée,-10.410374,1
9489,S_NOUN_1_PASS_b,M,S,le panier avec la bougie était ouvert <eos>,6,ouvert,ouverte,4,F,ouvert,-6.765035,ouverte,-9.0448475,1
9490,S_NOUN_1_PASS_b,M,S,le panier avec la bougie était perdu <eos>,6,perdu,perdue,4,F,perdu,-7.352153,perdue,-9.812704,1
9491,S_NOUN_1_PASS_b,M,S,le panier avec la bougie était réparé <eos>,6,réparé,réparée,4,F,réparé,-9.969751,réparée,-11.894559,1
9492,S_NOUN_1_PASS_b,M,S,le panier avec la bougie était retiré <eos>,6,retiré,retirée,4,F,retiré,-6.7170963,retirée,-9.794324,1
9493,S_NOUN_1_PASS_b,M,S,le panier avec la bougie était tombé <eos>,6,tombé,tombée,4,F,tombé,-7.4741497,tombée,-9.898999,1
9494,S_NOUN_1_PASS_b,M,S,le panier avec la bougie était utilisé <eos>,6,utilisé,utilisée,4,F,utilisé,-4.526066,utilisée,-7.475046,1
9495,S_NOUN_1_PASS_b,M,S,le panier avec la pochette était acheté <eos>,6,acheté,achetée,4,F,acheté,-8.559824,achetée,-10.251056,1
9496,S_NOUN_1_PASS_b,M,S,le panier avec la pochette était brisé <eos>,6,brisé,brisée,4,F,brisé,-9.449337,brisée,-11.633898,1
9497,S_NOUN_1_PASS_b,M,S,le panier avec la pochette était caché <eos>,6,caché,cachée,4,F,caché,-7.656325,cachée,-9.672098,1
9498,S_NOUN_1_PASS_b,M,S,le panier avec la pochette était cassé <eos>,6,cassé,cassée,4,F,cassé,-7.4906607,cassée,-10.24767,1
9499,S_NOUN_1_PASS_b,M,S,le panier avec la pochette était couvert <eos>,6,couvert,couverte,4,F,couvert,-7.1262465,couverte,-9.494372,1
9500,S_NOUN_1_PASS_b,M,S,le panier avec la pochette était déformé <eos>,6,déformé,déformée,4,F,déformé,-10.951608,déformée,-10.927827,0
9501,S_NOUN_1_PASS_b,M,S,le panier avec la pochette était fixé <eos>,6,fixé,fixée,4,F,fixé,-6.159211,fixée,-7.4417343,1
9502,S_NOUN_1_PASS_b,M,S,le panier avec la pochette était jeté <eos>,6,jeté,jetée,4,F,jeté,-9.631223,jetée,-12.409964,1
9503,S_NOUN_1_PASS_b,M,S,le panier avec la pochette était laissé <eos>,6,laissé,laissée,4,F,laissé,-8.224183,laissée,-9.815731,1
9504,S_NOUN_1_PASS_b,M,S,le panier avec la pochette était ouvert <eos>,6,ouvert,ouverte,4,F,ouvert,-8.581169,ouverte,-9.716555,1
9505,S_NOUN_1_PASS_b,M,S,le panier avec la pochette était perdu <eos>,6,perdu,perdue,4,F,perdu,-7.8119373,perdue,-10.583609,1
9506,S_NOUN_1_PASS_b,M,S,le panier avec la pochette était réparé <eos>,6,réparé,réparée,4,F,réparé,-11.872609,réparée,-13.024263,1
9507,S_NOUN_1_PASS_b,M,S,le panier avec la pochette était retiré <eos>,6,retiré,retirée,4,F,retiré,-6.822916,retirée,-9.571859,1
9508,S_NOUN_1_PASS_b,M,S,le panier avec la pochette était tombé <eos>,6,tombé,tombée,4,F,tombé,-7.6821938,tombée,-9.57887,1
9509,S_NOUN_1_PASS_b,M,S,le panier avec la pochette était utilisé <eos>,6,utilisé,utilisée,4,F,utilisé,-6.517189,utilisée,-8.417533,1
9510,S_NOUN_1_PASS_b,M,S,le panier avec la banane était acheté <eos>,6,acheté,achetée,4,F,acheté,-9.329908,achetée,-11.685678,1
9511,S_NOUN_1_PASS_b,M,S,le panier avec la banane était brisé <eos>,6,brisé,brisée,4,F,brisé,-8.498677,brisée,-11.415329,1
9512,S_NOUN_1_PASS_b,M,S,le panier avec la banane était caché <eos>,6,caché,cachée,4,F,caché,-7.7650404,cachée,-11.00695,1
9513,S_NOUN_1_PASS_b,M,S,le panier avec la banane était cassé <eos>,6,cassé,cassée,4,F,cassé,-7.330824,cassée,-10.203183,1
9514,S_NOUN_1_PASS_b,M,S,le panier avec la banane était couvert <eos>,6,couvert,couverte,4,F,couvert,-6.279195,couverte,-8.987378,1
9515,S_NOUN_1_PASS_b,M,S,le panier avec la banane était déformé <eos>,6,déformé,déformée,4,F,déformé,-11.851719,déformée,-12.195707,1
9516,S_NOUN_1_PASS_b,M,S,le panier avec la banane était fixé <eos>,6,fixé,fixée,4,F,fixé,-6.0213213,fixée,-7.8014345,1
9517,S_NOUN_1_PASS_b,M,S,le panier avec la banane était jeté <eos>,6,jeté,jetée,4,F,jeté,-8.7228565,jetée,-11.453967,1
9518,S_NOUN_1_PASS_b,M,S,le panier avec la banane était laissé <eos>,6,laissé,laissée,4,F,laissé,-9.056854,laissée,-10.483147,1
9519,S_NOUN_1_PASS_b,M,S,le panier avec la banane était ouvert <eos>,6,ouvert,ouverte,4,F,ouvert,-7.2293806,ouverte,-8.4978485,1
9520,S_NOUN_1_PASS_b,M,S,le panier avec la banane était perdu <eos>,6,perdu,perdue,4,F,perdu,-8.210024,perdue,-10.317495,1
9521,S_NOUN_1_PASS_b,M,S,le panier avec la banane était réparé <eos>,6,réparé,réparée,4,F,réparé,-10.347988,réparée,-13.092348,1
9522,S_NOUN_1_PASS_b,M,S,le panier avec la banane était retiré <eos>,6,retiré,retirée,4,F,retiré,-7.426671,retirée,-10.836412,1
9523,S_NOUN_1_PASS_b,M,S,le panier avec la banane était tombé <eos>,6,tombé,tombée,4,F,tombé,-7.6247306,tombée,-9.543057,1
9524,S_NOUN_1_PASS_b,M,S,le panier avec la banane était utilisé <eos>,6,utilisé,utilisée,4,F,utilisé,-3.7366397,utilisée,-6.172125,1
9525,S_NOUN_1_PASS_b,M,S,le panier avec la robe était acheté <eos>,6,acheté,achetée,4,F,acheté,-9.141441,achetée,-10.870262,1
9526,S_NOUN_1_PASS_b,M,S,le panier avec la robe était brisé <eos>,6,brisé,brisée,4,F,brisé,-9.403543,brisée,-10.814171,1
9527,S_NOUN_1_PASS_b,M,S,le panier avec la robe était caché <eos>,6,caché,cachée,4,F,caché,-8.795397,cachée,-10.344752,1
9528,S_NOUN_1_PASS_b,M,S,le panier avec la robe était cassé <eos>,6,cassé,cassée,4,F,cassé,-6.703139,cassée,-10.087845,1
9529,S_NOUN_1_PASS_b,M,S,le panier avec la robe était couvert <eos>,6,couvert,couverte,4,F,couvert,-7.20444,couverte,-8.0529,1
9530,S_NOUN_1_PASS_b,M,S,le panier avec la robe était déformé <eos>,6,déformé,déformée,4,F,déformé,-11.228901,déformée,-10.979135,0
9531,S_NOUN_1_PASS_b,M,S,le panier avec la robe était fixé <eos>,6,fixé,fixée,4,F,fixé,-5.3600583,fixée,-6.4301305,1
9532,S_NOUN_1_PASS_b,M,S,le panier avec la robe était jeté <eos>,6,jeté,jetée,4,F,jeté,-9.138134,jetée,-12.282682,1
9533,S_NOUN_1_PASS_b,M,S,le panier avec la robe était laissé <eos>,6,laissé,laissée,4,F,laissé,-9.117378,laissée,-10.038049,1
9534,S_NOUN_1_PASS_b,M,S,le panier avec la robe était ouvert <eos>,6,ouvert,ouverte,4,F,ouvert,-7.7914224,ouverte,-8.358425,1
9535,S_NOUN_1_PASS_b,M,S,le panier avec la robe était perdu <eos>,6,perdu,perdue,4,F,perdu,-8.94426,perdue,-10.819971,1
9536,S_NOUN_1_PASS_b,M,S,le panier avec la robe était réparé <eos>,6,réparé,réparée,4,F,réparé,-12.628395,réparée,-12.614528,0
9537,S_NOUN_1_PASS_b,M,S,le panier avec la robe était retiré <eos>,6,retiré,retirée,4,F,retiré,-6.81794,retirée,-9.842102,1
9538,S_NOUN_1_PASS_b,M,S,le panier avec la robe était tombé <eos>,6,tombé,tombée,4,F,tombé,-8.613867,tombée,-9.030918,1
9539,S_NOUN_1_PASS_b,M,S,le panier avec la robe était utilisé <eos>,6,utilisé,utilisée,4,F,utilisé,-5.31326,utilisée,-6.980707,1
9540,S_NOUN_1_PASS_b,M,S,le panier avec la valise était acheté <eos>,6,acheté,achetée,4,F,acheté,-7.207697,achetée,-10.187612,1
9541,S_NOUN_1_PASS_b,M,S,le panier avec la valise était brisé <eos>,6,brisé,brisée,4,F,brisé,-6.9916477,brisée,-9.296519,1
9542,S_NOUN_1_PASS_b,M,S,le panier avec la valise était caché <eos>,6,caché,cachée,4,F,caché,-5.622124,cachée,-8.920399,1
9543,S_NOUN_1_PASS_b,M,S,le panier avec la valise était cassé <eos>,6,cassé,cassée,4,F,cassé,-6.3362293,cassée,-8.1140785,1
9544,S_NOUN_1_PASS_b,M,S,le panier avec la valise était couvert <eos>,6,couvert,couverte,4,F,couvert,-5.338765,couverte,-8.058456,1
9545,S_NOUN_1_PASS_b,M,S,le panier avec la valise était déformé <eos>,6,déformé,déformée,4,F,déformé,-10.774466,déformée,-11.531979,1
9546,S_NOUN_1_PASS_b,M,S,le panier avec la valise était fixé <eos>,6,fixé,fixée,4,F,fixé,-6.4678206,fixée,-7.4702716,1
9547,S_NOUN_1_PASS_b,M,S,le panier avec la valise était jeté <eos>,6,jeté,jetée,4,F,jeté,-7.0670614,jetée,-10.30682,1
9548,S_NOUN_1_PASS_b,M,S,le panier avec la valise était laissé <eos>,6,laissé,laissée,4,F,laissé,-7.3110647,laissée,-8.958285,1
9549,S_NOUN_1_PASS_b,M,S,le panier avec la valise était ouvert <eos>,6,ouvert,ouverte,4,F,ouvert,-5.9868097,ouverte,-7.325739,1
9550,S_NOUN_1_PASS_b,M,S,le panier avec la valise était perdu <eos>,6,perdu,perdue,4,F,perdu,-6.429813,perdue,-8.838192,1
9551,S_NOUN_1_PASS_b,M,S,le panier avec la valise était réparé <eos>,6,réparé,réparée,4,F,réparé,-9.96031,réparée,-12.090099,1
9552,S_NOUN_1_PASS_b,M,S,le panier avec la valise était retiré <eos>,6,retiré,retirée,4,F,retiré,-6.309313,retirée,-8.775204,1
9553,S_NOUN_1_PASS_b,M,S,le panier avec la valise était tombé <eos>,6,tombé,tombée,4,F,tombé,-6.751671,tombée,-8.45431,1
9554,S_NOUN_1_PASS_b,M,S,le panier avec la valise était utilisé <eos>,6,utilisé,utilisée,4,F,utilisé,-6.5126553,utilisée,-8.832357,1
9555,S_NOUN_1_PASS_b,M,S,le panier avec la pendule était acheté <eos>,6,acheté,achetée,4,F,acheté,-9.613549,achetée,-11.329842,1
9556,S_NOUN_1_PASS_b,M,S,le panier avec la pendule était brisé <eos>,6,brisé,brisée,4,F,brisé,-7.212117,brisée,-8.52632,1
9557,S_NOUN_1_PASS_b,M,S,le panier avec la pendule était caché <eos>,6,caché,cachée,4,F,caché,-7.0555835,cachée,-8.689882,1
9558,S_NOUN_1_PASS_b,M,S,le panier avec la pendule était cassé <eos>,6,cassé,cassée,4,F,cassé,-5.5984907,cassée,-7.4913044,1
9559,S_NOUN_1_PASS_b,M,S,le panier avec la pendule était couvert <eos>,6,couvert,couverte,4,F,couvert,-5.618049,couverte,-7.6638913,1
9560,S_NOUN_1_PASS_b,M,S,le panier avec la pendule était déformé <eos>,6,déformé,déformée,4,F,déformé,-11.167426,déformée,-10.44793,0
9561,S_NOUN_1_PASS_b,M,S,le panier avec la pendule était fixé <eos>,6,fixé,fixée,4,F,fixé,-4.3038487,fixée,-5.6853957,1
9562,S_NOUN_1_PASS_b,M,S,le panier avec la pendule était jeté <eos>,6,jeté,jetée,4,F,jeté,-8.448854,jetée,-11.64731,1
9563,S_NOUN_1_PASS_b,M,S,le panier avec la pendule était laissé <eos>,6,laissé,laissée,4,F,laissé,-8.733899,laissée,-9.623995,1
9564,S_NOUN_1_PASS_b,M,S,le panier avec la pendule était ouvert <eos>,6,ouvert,ouverte,4,F,ouvert,-6.1310062,ouverte,-7.7304955,1
9565,S_NOUN_1_PASS_b,M,S,le panier avec la pendule était perdu <eos>,6,perdu,perdue,4,F,perdu,-9.254889,perdue,-9.687569,1
9566,S_NOUN_1_PASS_b,M,S,le panier avec la pendule était réparé <eos>,6,réparé,réparée,4,F,réparé,-11.007441,réparée,-10.917564,0
9567,S_NOUN_1_PASS_b,M,S,le panier avec la pendule était retiré <eos>,6,retiré,retirée,4,F,retiré,-6.4651337,retirée,-9.636399,1
9568,S_NOUN_1_PASS_b,M,S,le panier avec la pendule était tombé <eos>,6,tombé,tombée,4,F,tombé,-7.5311375,tombée,-10.6564045,1
9569,S_NOUN_1_PASS_b,M,S,le panier avec la pendule était utilisé <eos>,6,utilisé,utilisée,4,F,utilisé,-4.965453,utilisée,-7.0913553,1
9570,S_NOUN_1_PASS_b,M,S,le panier avec la cloche était acheté <eos>,6,acheté,achetée,4,F,acheté,-8.695175,achetée,-10.70587,1
9571,S_NOUN_1_PASS_b,M,S,le panier avec la cloche était brisé <eos>,6,brisé,brisée,4,F,brisé,-7.0929236,brisée,-9.596368,1
9572,S_NOUN_1_PASS_b,M,S,le panier avec la cloche était caché <eos>,6,caché,cachée,4,F,caché,-6.4150844,cachée,-8.991773,1
9573,S_NOUN_1_PASS_b,M,S,le panier avec la cloche était cassé <eos>,6,cassé,cassée,4,F,cassé,-7.1194506,cassée,-8.910192,1
9574,S_NOUN_1_PASS_b,M,S,le panier avec la cloche était couvert <eos>,6,couvert,couverte,4,F,couvert,-5.5178213,couverte,-8.636895,1
9575,S_NOUN_1_PASS_b,M,S,le panier avec la cloche était déformé <eos>,6,déformé,déformée,4,F,déformé,-11.684266,déformée,-11.589139,0
9576,S_NOUN_1_PASS_b,M,S,le panier avec la cloche était fixé <eos>,6,fixé,fixée,4,F,fixé,-5.606752,fixée,-7.4619184,1
9577,S_NOUN_1_PASS_b,M,S,le panier avec la cloche était jeté <eos>,6,jeté,jetée,4,F,jeté,-7.5982857,jetée,-10.656475,1
9578,S_NOUN_1_PASS_b,M,S,le panier avec la cloche était laissé <eos>,6,laissé,laissée,4,F,laissé,-7.9526815,laissée,-9.921522,1
9579,S_NOUN_1_PASS_b,M,S,le panier avec la cloche était ouvert <eos>,6,ouvert,ouverte,4,F,ouvert,-6.930436,ouverte,-8.5293865,1
9580,S_NOUN_1_PASS_b,M,S,le panier avec la cloche était perdu <eos>,6,perdu,perdue,4,F,perdu,-7.3077354,perdue,-9.548833,1
9581,S_NOUN_1_PASS_b,M,S,le panier avec la cloche était réparé <eos>,6,réparé,réparée,4,F,réparé,-9.011688,réparée,-10.720358,1
9582,S_NOUN_1_PASS_b,M,S,le panier avec la cloche était retiré <eos>,6,retiré,retirée,4,F,retiré,-7.04461,retirée,-10.442464,1
9583,S_NOUN_1_PASS_b,M,S,le panier avec la cloche était tombé <eos>,6,tombé,tombée,4,F,tombé,-6.4080057,tombée,-8.414467,1
9584,S_NOUN_1_PASS_b,M,S,le panier avec la cloche était utilisé <eos>,6,utilisé,utilisée,4,F,utilisé,-5.178626,utilisée,-7.4761095,1
9585,S_NOUN_1_PASS_b,M,S,le panier avec la cerise était acheté <eos>,6,acheté,achetée,4,F,acheté,-9.370676,achetée,-12.374985,1
9586,S_NOUN_1_PASS_b,M,S,le panier avec la cerise était brisé <eos>,6,brisé,brisée,4,F,brisé,-8.233425,brisée,-11.610857,1
9587,S_NOUN_1_PASS_b,M,S,le panier avec la cerise était caché <eos>,6,caché,cachée,4,F,caché,-7.965135,cachée,-11.5362,1
9588,S_NOUN_1_PASS_b,M,S,le panier avec la cerise était cassé <eos>,6,cassé,cassée,4,F,cassé,-6.7889967,cassée,-10.550816,1
9589,S_NOUN_1_PASS_b,M,S,le panier avec la cerise était couvert <eos>,6,couvert,couverte,4,F,couvert,-6.2130637,couverte,-9.249408,1
9590,S_NOUN_1_PASS_b,M,S,le panier avec la cerise était déformé <eos>,6,déformé,déformée,4,F,déformé,-11.395756,déformée,-12.469532,1
9591,S_NOUN_1_PASS_b,M,S,le panier avec la cerise était fixé <eos>,6,fixé,fixée,4,F,fixé,-5.958544,fixée,-8.777777,1
9592,S_NOUN_1_PASS_b,M,S,le panier avec la cerise était jeté <eos>,6,jeté,jetée,4,F,jeté,-9.604825,jetée,-11.448589,1
9593,S_NOUN_1_PASS_b,M,S,le panier avec la cerise était laissé <eos>,6,laissé,laissée,4,F,laissé,-9.142149,laissée,-10.902805,1
9594,S_NOUN_1_PASS_b,M,S,le panier avec la cerise était ouvert <eos>,6,ouvert,ouverte,4,F,ouvert,-7.5364323,ouverte,-9.547205,1
9595,S_NOUN_1_PASS_b,M,S,le panier avec la cerise était perdu <eos>,6,perdu,perdue,4,F,perdu,-8.168475,perdue,-11.437054,1
9596,S_NOUN_1_PASS_b,M,S,le panier avec la cerise était réparé <eos>,6,réparé,réparée,4,F,réparé,-11.730415,réparée,-14.183184,1
9597,S_NOUN_1_PASS_b,M,S,le panier avec la cerise était retiré <eos>,6,retiré,retirée,4,F,retiré,-7.666145,retirée,-11.202988,1
9598,S_NOUN_1_PASS_b,M,S,le panier avec la cerise était tombé <eos>,6,tombé,tombée,4,F,tombé,-8.247301,tombée,-10.216135,1
9599,S_NOUN_1_PASS_b,M,S,le panier avec la cerise était utilisé <eos>,6,utilisé,utilisée,4,F,utilisé,-3.9091496,utilisée,-6.363317,1
9600,S_NOUN_1_PASS_b,M,S,le collier avec la gemme était acheté <eos>,6,acheté,achetée,4,F,acheté,-8.510759,achetée,-10.516084,1
9601,S_NOUN_1_PASS_b,M,S,le collier avec la gemme était brisé <eos>,6,brisé,brisée,4,F,brisé,-7.450946,brisée,-9.96281,1
9602,S_NOUN_1_PASS_b,M,S,le collier avec la gemme était caché <eos>,6,caché,cachée,4,F,caché,-6.9336452,cachée,-9.828096,1
9603,S_NOUN_1_PASS_b,M,S,le collier avec la gemme était cassé <eos>,6,cassé,cassée,4,F,cassé,-5.976761,cassée,-10.679471,1
9604,S_NOUN_1_PASS_b,M,S,le collier avec la gemme était couvert <eos>,6,couvert,couverte,4,F,couvert,-5.464589,couverte,-9.133268,1
9605,S_NOUN_1_PASS_b,M,S,le collier avec la gemme était déformé <eos>,6,déformé,déformée,4,F,déformé,-9.839067,déformée,-11.740841,1
9606,S_NOUN_1_PASS_b,M,S,le collier avec la gemme était fixé <eos>,6,fixé,fixée,4,F,fixé,-5.047004,fixée,-7.4948106,1
9607,S_NOUN_1_PASS_b,M,S,le collier avec la gemme était jeté <eos>,6,jeté,jetée,4,F,jeté,-7.144002,jetée,-11.828365,1
9608,S_NOUN_1_PASS_b,M,S,le collier avec la gemme était laissé <eos>,6,laissé,laissée,4,F,laissé,-8.493966,laissée,-11.103911,1
9609,S_NOUN_1_PASS_b,M,S,le collier avec la gemme était ouvert <eos>,6,ouvert,ouverte,4,F,ouvert,-7.513813,ouverte,-9.4078245,1
9610,S_NOUN_1_PASS_b,M,S,le collier avec la gemme était perdu <eos>,6,perdu,perdue,4,F,perdu,-8.247412,perdue,-11.8493595,1
9611,S_NOUN_1_PASS_b,M,S,le collier avec la gemme était réparé <eos>,6,réparé,réparée,4,F,réparé,-11.121617,réparée,-13.282314,1
9612,S_NOUN_1_PASS_b,M,S,le collier avec la gemme était retiré <eos>,6,retiré,retirée,4,F,retiré,-6.0902796,retirée,-11.004536,1
9613,S_NOUN_1_PASS_b,M,S,le collier avec la gemme était tombé <eos>,6,tombé,tombée,4,F,tombé,-8.425567,tombée,-10.72755,1
9614,S_NOUN_1_PASS_b,M,S,le collier avec la gemme était utilisé <eos>,6,utilisé,utilisée,4,F,utilisé,-3.6789315,utilisée,-7.4516745,1
9615,S_NOUN_1_PASS_b,M,S,le collier avec la chaise était acheté <eos>,6,acheté,achetée,4,F,acheté,-8.994934,achetée,-10.167074,1
9616,S_NOUN_1_PASS_b,M,S,le collier avec la chaise était brisé <eos>,6,brisé,brisée,4,F,brisé,-7.107898,brisée,-8.9935055,1
9617,S_NOUN_1_PASS_b,M,S,le collier avec la chaise était caché <eos>,6,caché,cachée,4,F,caché,-7.998563,cachée,-9.637219,1
9618,S_NOUN_1_PASS_b,M,S,le collier avec la chaise était cassé <eos>,6,cassé,cassée,4,F,cassé,-6.7410355,cassée,-9.483162,1
9619,S_NOUN_1_PASS_b,M,S,le collier avec la chaise était couvert <eos>,6,couvert,couverte,4,F,couvert,-5.0908113,couverte,-7.6120553,1
9620,S_NOUN_1_PASS_b,M,S,le collier avec la chaise était déformé <eos>,6,déformé,déformée,4,F,déformé,-10.105694,déformée,-10.954342,1
9621,S_NOUN_1_PASS_b,M,S,le collier avec la chaise était fixé <eos>,6,fixé,fixée,4,F,fixé,-5.9990664,fixée,-6.7067156,1
9622,S_NOUN_1_PASS_b,M,S,le collier avec la chaise était jeté <eos>,6,jeté,jetée,4,F,jeté,-7.4733124,jetée,-11.547256,1
9623,S_NOUN_1_PASS_b,M,S,le collier avec la chaise était laissé <eos>,6,laissé,laissée,4,F,laissé,-8.829379,laissée,-10.781589,1
9624,S_NOUN_1_PASS_b,M,S,le collier avec la chaise était ouvert <eos>,6,ouvert,ouverte,4,F,ouvert,-6.8500524,ouverte,-7.7572227,1
9625,S_NOUN_1_PASS_b,M,S,le collier avec la chaise était perdu <eos>,6,perdu,perdue,4,F,perdu,-8.18857,perdue,-11.204487,1
9626,S_NOUN_1_PASS_b,M,S,le collier avec la chaise était réparé <eos>,6,réparé,réparée,4,F,réparé,-10.777851,réparée,-11.555365,1
9627,S_NOUN_1_PASS_b,M,S,le collier avec la chaise était retiré <eos>,6,retiré,retirée,4,F,retiré,-6.4896116,retirée,-9.937421,1
9628,S_NOUN_1_PASS_b,M,S,le collier avec la chaise était tombé <eos>,6,tombé,tombée,4,F,tombé,-8.580557,tombée,-9.919855,1
9629,S_NOUN_1_PASS_b,M,S,le collier avec la chaise était utilisé <eos>,6,utilisé,utilisée,4,F,utilisé,-4.2052617,utilisée,-6.9723907,1
9630,S_NOUN_1_PASS_b,M,S,le collier avec la poubelle était acheté <eos>,6,acheté,achetée,4,F,acheté,-7.5017705,achetée,-9.766811,1
9631,S_NOUN_1_PASS_b,M,S,le collier avec la poubelle était brisé <eos>,6,brisé,brisée,4,F,brisé,-6.7231355,brisée,-9.494167,1
9632,S_NOUN_1_PASS_b,M,S,le collier avec la poubelle était caché <eos>,6,caché,cachée,4,F,caché,-6.571529,cachée,-9.1162,1
9633,S_NOUN_1_PASS_b,M,S,le collier avec la poubelle était cassé <eos>,6,cassé,cassée,4,F,cassé,-5.797832,cassée,-9.31975,1
9634,S_NOUN_1_PASS_b,M,S,le collier avec la poubelle était couvert <eos>,6,couvert,couverte,4,F,couvert,-5.3849277,couverte,-8.408751,1
9635,S_NOUN_1_PASS_b,M,S,le collier avec la poubelle était déformé <eos>,6,déformé,déformée,4,F,déformé,-8.822914,déformée,-11.03227,1
9636,S_NOUN_1_PASS_b,M,S,le collier avec la poubelle était fixé <eos>,6,fixé,fixée,4,F,fixé,-6.2848043,fixée,-7.924593,1
9637,S_NOUN_1_PASS_b,M,S,le collier avec la poubelle était jeté <eos>,6,jeté,jetée,4,F,jeté,-5.770112,jetée,-9.626309,1
9638,S_NOUN_1_PASS_b,M,S,le collier avec la poubelle était laissé <eos>,6,laissé,laissée,4,F,laissé,-7.4969435,laissée,-10.096097,1
9639,S_NOUN_1_PASS_b,M,S,le collier avec la poubelle était ouvert <eos>,6,ouvert,ouverte,4,F,ouvert,-6.6665154,ouverte,-8.346188,1
9640,S_NOUN_1_PASS_b,M,S,le collier avec la poubelle était perdu <eos>,6,perdu,perdue,4,F,perdu,-6.843955,perdue,-10.4898405,1
9641,S_NOUN_1_PASS_b,M,S,le collier avec la poubelle était réparé <eos>,6,réparé,réparée,4,F,réparé,-9.975592,réparée,-11.61983,1
9642,S_NOUN_1_PASS_b,M,S,le collier avec la poubelle était retiré <eos>,6,retiré,retirée,4,F,retiré,-5.523692,retirée,-9.532547,1
9643,S_NOUN_1_PASS_b,M,S,le collier avec la poubelle était tombé <eos>,6,tombé,tombée,4,F,tombé,-7.8032465,tombée,-9.715791,1
9644,S_NOUN_1_PASS_b,M,S,le collier avec la poubelle était utilisé <eos>,6,utilisé,utilisée,4,F,utilisé,-4.5268927,utilisée,-7.857436,1
9645,S_NOUN_1_PASS_b,M,S,le collier avec la chemise était acheté <eos>,6,acheté,achetée,4,F,acheté,-8.697422,achetée,-11.148647,1
9646,S_NOUN_1_PASS_b,M,S,le collier avec la chemise était brisé <eos>,6,brisé,brisée,4,F,brisé,-7.6757326,brisée,-10.692806,1
9647,S_NOUN_1_PASS_b,M,S,le collier avec la chemise était caché <eos>,6,caché,cachée,4,F,caché,-7.601474,cachée,-10.567453,1
9648,S_NOUN_1_PASS_b,M,S,le collier avec la chemise était cassé <eos>,6,cassé,cassée,4,F,cassé,-6.0168266,cassée,-11.3668785,1
9649,S_NOUN_1_PASS_b,M,S,le collier avec la chemise était couvert <eos>,6,couvert,couverte,4,F,couvert,-5.3293576,couverte,-8.517288,1
9650,S_NOUN_1_PASS_b,M,S,le collier avec la chemise était déformé <eos>,6,déformé,déformée,4,F,déformé,-9.960802,déformée,-11.738033,1
9651,S_NOUN_1_PASS_b,M,S,le collier avec la chemise était fixé <eos>,6,fixé,fixée,4,F,fixé,-5.2017384,fixée,-7.7315254,1
9652,S_NOUN_1_PASS_b,M,S,le collier avec la chemise était jeté <eos>,6,jeté,jetée,4,F,jeté,-6.9327755,jetée,-12.518461,1
9653,S_NOUN_1_PASS_b,M,S,le collier avec la chemise était laissé <eos>,6,laissé,laissée,4,F,laissé,-8.353805,laissée,-11.483208,1
9654,S_NOUN_1_PASS_b,M,S,le collier avec la chemise était ouvert <eos>,6,ouvert,ouverte,4,F,ouvert,-6.803463,ouverte,-8.792362,1
9655,S_NOUN_1_PASS_b,M,S,le collier avec la chemise était perdu <eos>,6,perdu,perdue,4,F,perdu,-8.501973,perdue,-12.850332,1
9656,S_NOUN_1_PASS_b,M,S,le collier avec la chemise était réparé <eos>,6,réparé,réparée,4,F,réparé,-11.785078,réparée,-13.063309,1
9657,S_NOUN_1_PASS_b,M,S,le collier avec la chemise était retiré <eos>,6,retiré,retirée,4,F,retiré,-5.293086,retirée,-10.752926,1
9658,S_NOUN_1_PASS_b,M,S,le collier avec la chemise était tombé <eos>,6,tombé,tombée,4,F,tombé,-7.7364407,tombée,-10.233559,1
9659,S_NOUN_1_PASS_b,M,S,le collier avec la chemise était utilisé <eos>,6,utilisé,utilisée,4,F,utilisé,-4.042914,utilisée,-7.72947,1
9660,S_NOUN_1_PASS_b,M,S,le collier avec la recette était acheté <eos>,6,acheté,achetée,4,F,acheté,-8.66104,achetée,-10.782704,1
9661,S_NOUN_1_PASS_b,M,S,le collier avec la recette était brisé <eos>,6,brisé,brisée,4,F,brisé,-8.119361,brisée,-10.263107,1
9662,S_NOUN_1_PASS_b,M,S,le collier avec la recette était caché <eos>,6,caché,cachée,4,F,caché,-7.457476,cachée,-9.960453,1
9663,S_NOUN_1_PASS_b,M,S,le collier avec la recette était cassé <eos>,6,cassé,cassée,4,F,cassé,-7.717139,cassée,-10.486856,1
9664,S_NOUN_1_PASS_b,M,S,le collier avec la recette était couvert <eos>,6,couvert,couverte,4,F,couvert,-6.5427723,couverte,-9.815946,1
9665,S_NOUN_1_PASS_b,M,S,le collier avec la recette était déformé <eos>,6,déformé,déformée,4,F,déformé,-10.439926,déformée,-11.569398,1
9666,S_NOUN_1_PASS_b,M,S,le collier avec la recette était fixé <eos>,6,fixé,fixée,4,F,fixé,-5.842152,fixée,-6.9715953,1
9667,S_NOUN_1_PASS_b,M,S,le collier avec la recette était jeté <eos>,6,jeté,jetée,4,F,jeté,-7.782242,jetée,-11.788407,1
9668,S_NOUN_1_PASS_b,M,S,le collier avec la recette était laissé <eos>,6,laissé,laissée,4,F,laissé,-8.860371,laissée,-10.782777,1
9669,S_NOUN_1_PASS_b,M,S,le collier avec la recette était ouvert <eos>,6,ouvert,ouverte,4,F,ouvert,-7.5156345,ouverte,-9.134529,1
9670,S_NOUN_1_PASS_b,M,S,le collier avec la recette était perdu <eos>,6,perdu,perdue,4,F,perdu,-8.11611,perdue,-10.4095745,1
9671,S_NOUN_1_PASS_b,M,S,le collier avec la recette était réparé <eos>,6,réparé,réparée,4,F,réparé,-11.840881,réparée,-13.484676,1
9672,S_NOUN_1_PASS_b,M,S,le collier avec la recette était retiré <eos>,6,retiré,retirée,4,F,retiré,-6.649523,retirée,-10.485892,1
9673,S_NOUN_1_PASS_b,M,S,le collier avec la recette était tombé <eos>,6,tombé,tombée,4,F,tombé,-8.258823,tombée,-10.242212,1
9674,S_NOUN_1_PASS_b,M,S,le collier avec la recette était utilisé <eos>,6,utilisé,utilisée,4,F,utilisé,-5.190899,utilisée,-8.308913,1
9675,S_NOUN_1_PASS_b,M,S,le collier avec la jupe était acheté <eos>,6,acheté,achetée,4,F,acheté,-9.631695,achetée,-11.309807,1
9676,S_NOUN_1_PASS_b,M,S,le collier avec la jupe était brisé <eos>,6,brisé,brisée,4,F,brisé,-7.335166,brisée,-9.427879,1
9677,S_NOUN_1_PASS_b,M,S,le collier avec la jupe était caché <eos>,6,caché,cachée,4,F,caché,-8.241957,cachée,-9.203845,1
9678,S_NOUN_1_PASS_b,M,S,le collier avec la jupe était cassé <eos>,6,cassé,cassée,4,F,cassé,-5.6227865,cassée,-9.646957,1
9679,S_NOUN_1_PASS_b,M,S,le collier avec la jupe était couvert <eos>,6,couvert,couverte,4,F,couvert,-5.3221197,couverte,-8.028223,1
9680,S_NOUN_1_PASS_b,M,S,le collier avec la jupe était déformé <eos>,6,déformé,déformée,4,F,déformé,-9.811695,déformée,-10.095164,1
9681,S_NOUN_1_PASS_b,M,S,le collier avec la jupe était fixé <eos>,6,fixé,fixée,4,F,fixé,-5.922893,fixée,-7.117499,1
9682,S_NOUN_1_PASS_b,M,S,le collier avec la jupe était jeté <eos>,6,jeté,jetée,4,F,jeté,-7.72837,jetée,-12.329126,1
9683,S_NOUN_1_PASS_b,M,S,le collier avec la jupe était laissé <eos>,6,laissé,laissée,4,F,laissé,-8.87257,laissée,-11.043428,1
9684,S_NOUN_1_PASS_b,M,S,le collier avec la jupe était ouvert <eos>,6,ouvert,ouverte,4,F,ouvert,-7.1047773,ouverte,-8.220563,1
9685,S_NOUN_1_PASS_b,M,S,le collier avec la jupe était perdu <eos>,6,perdu,perdue,4,F,perdu,-8.525406,perdue,-11.436094,1
9686,S_NOUN_1_PASS_b,M,S,le collier avec la jupe était réparé <eos>,6,réparé,réparée,4,F,réparé,-12.135873,réparée,-11.781838,0
9687,S_NOUN_1_PASS_b,M,S,le collier avec la jupe était retiré <eos>,6,retiré,retirée,4,F,retiré,-6.7532673,retirée,-10.524158,1
9688,S_NOUN_1_PASS_b,M,S,le collier avec la jupe était tombé <eos>,6,tombé,tombée,4,F,tombé,-8.577443,tombée,-10.185271,1
9689,S_NOUN_1_PASS_b,M,S,le collier avec la jupe était utilisé <eos>,6,utilisé,utilisée,4,F,utilisé,-5.804366,utilisée,-8.270701,1
9690,S_NOUN_1_PASS_b,M,S,le collier avec la colle était acheté <eos>,6,acheté,achetée,4,F,acheté,-8.093149,achetée,-10.554302,1
9691,S_NOUN_1_PASS_b,M,S,le collier avec la colle était brisé <eos>,6,brisé,brisée,4,F,brisé,-6.9455605,brisée,-10.107608,1
9692,S_NOUN_1_PASS_b,M,S,le collier avec la colle était caché <eos>,6,caché,cachée,4,F,caché,-6.53876,cachée,-9.539615,1
9693,S_NOUN_1_PASS_b,M,S,le collier avec la colle était cassé <eos>,6,cassé,cassée,4,F,cassé,-6.2852373,cassée,-10.1184635,1
9694,S_NOUN_1_PASS_b,M,S,le collier avec la colle était couvert <eos>,6,couvert,couverte,4,F,couvert,-5.5995007,couverte,-8.791746,1
9695,S_NOUN_1_PASS_b,M,S,le collier avec la colle était déformé <eos>,6,déformé,déformée,4,F,déformé,-9.192719,déformée,-11.414478,1
9696,S_NOUN_1_PASS_b,M,S,le collier avec la colle était fixé <eos>,6,fixé,fixée,4,F,fixé,-5.420772,fixée,-7.396292,1
9697,S_NOUN_1_PASS_b,M,S,le collier avec la colle était jeté <eos>,6,jeté,jetée,4,F,jeté,-6.797821,jetée,-11.340487,1
9698,S_NOUN_1_PASS_b,M,S,le collier avec la colle était laissé <eos>,6,laissé,laissée,4,F,laissé,-8.534965,laissée,-10.7128725,1
9699,S_NOUN_1_PASS_b,M,S,le collier avec la colle était ouvert <eos>,6,ouvert,ouverte,4,F,ouvert,-7.1011863,ouverte,-9.125729,1
9700,S_NOUN_1_PASS_b,M,S,le collier avec la colle était perdu <eos>,6,perdu,perdue,4,F,perdu,-7.9118347,perdue,-10.524292,1
9701,S_NOUN_1_PASS_b,M,S,le collier avec la colle était réparé <eos>,6,réparé,réparée,4,F,réparé,-11.113319,réparée,-13.520756,1
9702,S_NOUN_1_PASS_b,M,S,le collier avec la colle était retiré <eos>,6,retiré,retirée,4,F,retiré,-5.439296,retirée,-10.296348,1
9703,S_NOUN_1_PASS_b,M,S,le collier avec la colle était tombé <eos>,6,tombé,tombée,4,F,tombé,-7.66817,tombée,-10.264107,1
9704,S_NOUN_1_PASS_b,M,S,le collier avec la colle était utilisé <eos>,6,utilisé,utilisée,4,F,utilisé,-3.7610316,utilisée,-7.393252,1
9705,S_NOUN_1_PASS_b,M,S,le collier avec la lampe était acheté <eos>,6,acheté,achetée,4,F,acheté,-9.018446,achetée,-9.5256195,1
9706,S_NOUN_1_PASS_b,M,S,le collier avec la lampe était brisé <eos>,6,brisé,brisée,4,F,brisé,-6.527362,brisée,-8.37042,1
9707,S_NOUN_1_PASS_b,M,S,le collier avec la lampe était caché <eos>,6,caché,cachée,4,F,caché,-6.7576375,cachée,-8.283803,1
9708,S_NOUN_1_PASS_b,M,S,le collier avec la lampe était cassé <eos>,6,cassé,cassée,4,F,cassé,-6.9789906,cassée,-9.366535,1
9709,S_NOUN_1_PASS_b,M,S,le collier avec la lampe était couvert <eos>,6,couvert,couverte,4,F,couvert,-5.581127,couverte,-8.030815,1
9710,S_NOUN_1_PASS_b,M,S,le collier avec la lampe était déformé <eos>,6,déformé,déformée,4,F,déformé,-9.923174,déformée,-10.565498,1
9711,S_NOUN_1_PASS_b,M,S,le collier avec la lampe était fixé <eos>,6,fixé,fixée,4,F,fixé,-5.547173,fixée,-6.9600854,1
9712,S_NOUN_1_PASS_b,M,S,le collier avec la lampe était jeté <eos>,6,jeté,jetée,4,F,jeté,-6.932026,jetée,-10.279598,1
9713,S_NOUN_1_PASS_b,M,S,le collier avec la lampe était laissé <eos>,6,laissé,laissée,4,F,laissé,-8.541776,laissée,-9.744737,1
9714,S_NOUN_1_PASS_b,M,S,le collier avec la lampe était ouvert <eos>,6,ouvert,ouverte,4,F,ouvert,-7.012701,ouverte,-8.003333,1
9715,S_NOUN_1_PASS_b,M,S,le collier avec la lampe était perdu <eos>,6,perdu,perdue,4,F,perdu,-8.060927,perdue,-10.604501,1
9716,S_NOUN_1_PASS_b,M,S,le collier avec la lampe était réparé <eos>,6,réparé,réparée,4,F,réparé,-10.89741,réparée,-12.092793,1
9717,S_NOUN_1_PASS_b,M,S,le collier avec la lampe était retiré <eos>,6,retiré,retirée,4,F,retiré,-6.755024,retirée,-9.674369,1
9718,S_NOUN_1_PASS_b,M,S,le collier avec la lampe était tombé <eos>,6,tombé,tombée,4,F,tombé,-7.7792025,tombée,-9.6971,1
9719,S_NOUN_1_PASS_b,M,S,le collier avec la lampe était utilisé <eos>,6,utilisé,utilisée,4,F,utilisé,-4.729723,utilisée,-7.3075266,1
9720,S_NOUN_1_PASS_b,M,S,le collier avec la bouteille était acheté <eos>,6,acheté,achetée,4,F,acheté,-7.966069,achetée,-9.867743,1
9721,S_NOUN_1_PASS_b,M,S,le collier avec la bouteille était brisé <eos>,6,brisé,brisée,4,F,brisé,-6.7407436,brisée,-8.944807,1
9722,S_NOUN_1_PASS_b,M,S,le collier avec la bouteille était caché <eos>,6,caché,cachée,4,F,caché,-6.328397,cachée,-8.978947,1
9723,S_NOUN_1_PASS_b,M,S,le collier avec la bouteille était cassé <eos>,6,cassé,cassée,4,F,cassé,-5.6638365,cassée,-9.123287,1
9724,S_NOUN_1_PASS_b,M,S,le collier avec la bouteille était couvert <eos>,6,couvert,couverte,4,F,couvert,-5.2211475,couverte,-8.964128,1
9725,S_NOUN_1_PASS_b,M,S,le collier avec la bouteille était déformé <eos>,6,déformé,déformée,4,F,déformé,-9.344978,déformée,-10.875147,1
9726,S_NOUN_1_PASS_b,M,S,le collier avec la bouteille était fixé <eos>,6,fixé,fixée,4,F,fixé,-4.927699,fixée,-7.0511675,1
9727,S_NOUN_1_PASS_b,M,S,le collier avec la bouteille était jeté <eos>,6,jeté,jetée,4,F,jeté,-6.1365504,jetée,-9.995392,1
9728,S_NOUN_1_PASS_b,M,S,le collier avec la bouteille était laissé <eos>,6,laissé,laissée,4,F,laissé,-7.870065,laissée,-10.039317,1
9729,S_NOUN_1_PASS_b,M,S,le collier avec la bouteille était ouvert <eos>,6,ouvert,ouverte,4,F,ouvert,-6.6155596,ouverte,-8.489443,1
9730,S_NOUN_1_PASS_b,M,S,le collier avec la bouteille était perdu <eos>,6,perdu,perdue,4,F,perdu,-7.1798925,perdue,-10.25634,1
9731,S_NOUN_1_PASS_b,M,S,le collier avec la bouteille était réparé <eos>,6,réparé,réparée,4,F,réparé,-10.653622,réparée,-12.644018,1
9732,S_NOUN_1_PASS_b,M,S,le collier avec la bouteille était retiré <eos>,6,retiré,retirée,4,F,retiré,-5.360321,retirée,-9.646393,1
9733,S_NOUN_1_PASS_b,M,S,le collier avec la bouteille était tombé <eos>,6,tombé,tombée,4,F,tombé,-7.565275,tombée,-9.926651,1
9734,S_NOUN_1_PASS_b,M,S,le collier avec la bouteille était utilisé <eos>,6,utilisé,utilisée,4,F,utilisé,-4.3974247,utilisée,-7.666478,1
9735,S_NOUN_1_PASS_b,M,S,le collier avec la boisson était acheté <eos>,6,acheté,achetée,4,F,acheté,-8.405895,achetée,-10.2552595,1
9736,S_NOUN_1_PASS_b,M,S,le collier avec la boisson était brisé <eos>,6,brisé,brisée,4,F,brisé,-8.593645,brisée,-10.533174,1
9737,S_NOUN_1_PASS_b,M,S,le collier avec la boisson était caché <eos>,6,caché,cachée,4,F,caché,-8.118017,cachée,-10.186799,1
9738,S_NOUN_1_PASS_b,M,S,le collier avec la boisson était cassé <eos>,6,cassé,cassée,4,F,cassé,-7.2977962,cassée,-10.671103,1
9739,S_NOUN_1_PASS_b,M,S,le collier avec la boisson était couvert <eos>,6,couvert,couverte,4,F,couvert,-6.9109755,couverte,-9.700895,1
9740,S_NOUN_1_PASS_b,M,S,le collier avec la boisson était déformé <eos>,6,déformé,déformée,4,F,déformé,-10.010409,déformée,-11.601236,1
9741,S_NOUN_1_PASS_b,M,S,le collier avec la boisson était fixé <eos>,6,fixé,fixée,4,F,fixé,-6.4133043,fixée,-7.8932915,1
9742,S_NOUN_1_PASS_b,M,S,le collier avec la boisson était jeté <eos>,6,jeté,jetée,4,F,jeté,-7.567503,jetée,-11.526322,1
9743,S_NOUN_1_PASS_b,M,S,le collier avec la boisson était laissé <eos>,6,laissé,laissée,4,F,laissé,-9.139168,laissée,-10.913443,1
9744,S_NOUN_1_PASS_b,M,S,le collier avec la boisson était ouvert <eos>,6,ouvert,ouverte,4,F,ouvert,-7.817585,ouverte,-9.1768875,1
9745,S_NOUN_1_PASS_b,M,S,le collier avec la boisson était perdu <eos>,6,perdu,perdue,4,F,perdu,-8.534405,perdue,-10.884321,1
9746,S_NOUN_1_PASS_b,M,S,le collier avec la boisson était réparé <eos>,6,réparé,réparée,4,F,réparé,-11.691925,réparée,-13.652944,1
9747,S_NOUN_1_PASS_b,M,S,le collier avec la boisson était retiré <eos>,6,retiré,retirée,4,F,retiré,-5.841599,retirée,-10.201841,1
9748,S_NOUN_1_PASS_b,M,S,le collier avec la boisson était tombé <eos>,6,tombé,tombée,4,F,tombé,-8.230986,tombée,-10.048618,1
9749,S_NOUN_1_PASS_b,M,S,le collier avec la boisson était utilisé <eos>,6,utilisé,utilisée,4,F,utilisé,-4.2400045,utilisée,-7.1673403,1
9750,S_NOUN_1_PASS_b,M,S,le collier avec la pomme était acheté <eos>,6,acheté,achetée,4,F,acheté,-8.782585,achetée,-11.0308075,1
9751,S_NOUN_1_PASS_b,M,S,le collier avec la pomme était brisé <eos>,6,brisé,brisée,4,F,brisé,-6.610609,brisée,-10.059208,1
9752,S_NOUN_1_PASS_b,M,S,le collier avec la pomme était caché <eos>,6,caché,cachée,4,F,caché,-6.7752066,cachée,-10.408357,1
9753,S_NOUN_1_PASS_b,M,S,le collier avec la pomme était cassé <eos>,6,cassé,cassée,4,F,cassé,-6.6852245,cassée,-10.569275,1
9754,S_NOUN_1_PASS_b,M,S,le collier avec la pomme était couvert <eos>,6,couvert,couverte,4,F,couvert,-5.2981377,couverte,-9.226145,1
9755,S_NOUN_1_PASS_b,M,S,le collier avec la pomme était déformé <eos>,6,déformé,déformée,4,F,déformé,-9.58049,déformée,-11.494314,1
9756,S_NOUN_1_PASS_b,M,S,le collier avec la pomme était fixé <eos>,6,fixé,fixée,4,F,fixé,-5.930306,fixée,-8.774784,1
9757,S_NOUN_1_PASS_b,M,S,le collier avec la pomme était jeté <eos>,6,jeté,jetée,4,F,jeté,-7.2100315,jetée,-11.574929,1
9758,S_NOUN_1_PASS_b,M,S,le collier avec la pomme était laissé <eos>,6,laissé,laissée,4,F,laissé,-8.588335,laissée,-11.136528,1
9759,S_NOUN_1_PASS_b,M,S,le collier avec la pomme était ouvert <eos>,6,ouvert,ouverte,4,F,ouvert,-6.9252305,ouverte,-9.226032,1
9760,S_NOUN_1_PASS_b,M,S,le collier avec la pomme était perdu <eos>,6,perdu,perdue,4,F,perdu,-7.779993,perdue,-11.158556,1
9761,S_NOUN_1_PASS_b,M,S,le collier avec la pomme était réparé <eos>,6,réparé,réparée,4,F,réparé,-10.584244,réparée,-13.462279,1
9762,S_NOUN_1_PASS_b,M,S,le collier avec la pomme était retiré <eos>,6,retiré,retirée,4,F,retiré,-5.4502363,retirée,-10.86478,1
9763,S_NOUN_1_PASS_b,M,S,le collier avec la pomme était tombé <eos>,6,tombé,tombée,4,F,tombé,-7.9628577,tombée,-10.92358,1
9764,S_NOUN_1_PASS_b,M,S,le collier avec la pomme était utilisé <eos>,6,utilisé,utilisée,4,F,utilisé,-3.9537852,utilisée,-7.7612953,1
9765,S_NOUN_1_PASS_b,M,S,le collier avec la tasse était acheté <eos>,6,acheté,achetée,4,F,acheté,-7.6178064,achetée,-10.097528,1
9766,S_NOUN_1_PASS_b,M,S,le collier avec la tasse était brisé <eos>,6,brisé,brisée,4,F,brisé,-6.956488,brisée,-10.475021,1
9767,S_NOUN_1_PASS_b,M,S,le collier avec la tasse était caché <eos>,6,caché,cachée,4,F,caché,-6.0754914,cachée,-9.568554,1
9768,S_NOUN_1_PASS_b,M,S,le collier avec la tasse était cassé <eos>,6,cassé,cassée,4,F,cassé,-6.262945,cassée,-10.178214,1
9769,S_NOUN_1_PASS_b,M,S,le collier avec la tasse était couvert <eos>,6,couvert,couverte,4,F,couvert,-5.1019278,couverte,-8.818819,1
9770,S_NOUN_1_PASS_b,M,S,le collier avec la tasse était déformé <eos>,6,déformé,déformée,4,F,déformé,-9.812065,déformée,-11.4856415,1
9771,S_NOUN_1_PASS_b,M,S,le collier avec la tasse était fixé <eos>,6,fixé,fixée,4,F,fixé,-5.2200027,fixée,-7.732475,1
9772,S_NOUN_1_PASS_b,M,S,le collier avec la tasse était jeté <eos>,6,jeté,jetée,4,F,jeté,-6.350363,jetée,-11.064908,1
9773,S_NOUN_1_PASS_b,M,S,le collier avec la tasse était laissé <eos>,6,laissé,laissée,4,F,laissé,-8.083783,laissée,-10.139761,1
9774,S_NOUN_1_PASS_b,M,S,le collier avec la tasse était ouvert <eos>,6,ouvert,ouverte,4,F,ouvert,-6.2377906,ouverte,-8.324856,1
9775,S_NOUN_1_PASS_b,M,S,le collier avec la tasse était perdu <eos>,6,perdu,perdue,4,F,perdu,-7.919237,perdue,-11.403394,1
9776,S_NOUN_1_PASS_b,M,S,le collier avec la tasse était réparé <eos>,6,réparé,réparée,4,F,réparé,-10.143581,réparée,-12.990677,1
9777,S_NOUN_1_PASS_b,M,S,le collier avec la tasse était retiré <eos>,6,retiré,retirée,4,F,retiré,-5.660943,retirée,-9.845444,1
9778,S_NOUN_1_PASS_b,M,S,le collier avec la tasse était tombé <eos>,6,tombé,tombée,4,F,tombé,-7.726396,tombée,-10.249477,1
9779,S_NOUN_1_PASS_b,M,S,le collier avec la tasse était utilisé <eos>,6,utilisé,utilisée,4,F,utilisé,-3.4904633,utilisée,-6.7881346,1
9780,S_NOUN_1_PASS_b,M,S,le collier avec la bougie était acheté <eos>,6,acheté,achetée,4,F,acheté,-8.429409,achetée,-10.791794,1
9781,S_NOUN_1_PASS_b,M,S,le collier avec la bougie était brisé <eos>,6,brisé,brisée,4,F,brisé,-6.583292,brisée,-9.827032,1
9782,S_NOUN_1_PASS_b,M,S,le collier avec la bougie était caché <eos>,6,caché,cachée,4,F,caché,-6.380517,cachée,-9.714352,1
9783,S_NOUN_1_PASS_b,M,S,le collier avec la bougie était cassé <eos>,6,cassé,cassée,4,F,cassé,-5.5459976,cassée,-10.108859,1
9784,S_NOUN_1_PASS_b,M,S,le collier avec la bougie était couvert <eos>,6,couvert,couverte,4,F,couvert,-5.7279234,couverte,-9.314438,1
9785,S_NOUN_1_PASS_b,M,S,le collier avec la bougie était déformé <eos>,6,déformé,déformée,4,F,déformé,-9.734845,déformée,-11.516797,1
9786,S_NOUN_1_PASS_b,M,S,le collier avec la bougie était fixé <eos>,6,fixé,fixée,4,F,fixé,-5.443344,fixée,-7.9139366,1
9787,S_NOUN_1_PASS_b,M,S,le collier avec la bougie était jeté <eos>,6,jeté,jetée,4,F,jeté,-7.2241983,jetée,-11.551319,1
9788,S_NOUN_1_PASS_b,M,S,le collier avec la bougie était laissé <eos>,6,laissé,laissée,4,F,laissé,-8.471332,laissée,-11.501788,1
9789,S_NOUN_1_PASS_b,M,S,le collier avec la bougie était ouvert <eos>,6,ouvert,ouverte,4,F,ouvert,-6.829562,ouverte,-9.265879,1
9790,S_NOUN_1_PASS_b,M,S,le collier avec la bougie était perdu <eos>,6,perdu,perdue,4,F,perdu,-7.3286295,perdue,-10.9201355,1
9791,S_NOUN_1_PASS_b,M,S,le collier avec la bougie était réparé <eos>,6,réparé,réparée,4,F,réparé,-10.754477,réparée,-12.85494,1
9792,S_NOUN_1_PASS_b,M,S,le collier avec la bougie était retiré <eos>,6,retiré,retirée,4,F,retiré,-5.62174,retirée,-9.949219,1
9793,S_NOUN_1_PASS_b,M,S,le collier avec la bougie était tombé <eos>,6,tombé,tombée,4,F,tombé,-7.685342,tombée,-10.238784,1
9794,S_NOUN_1_PASS_b,M,S,le collier avec la bougie était utilisé <eos>,6,utilisé,utilisée,4,F,utilisé,-4.1551733,utilisée,-8.0439,1
9795,S_NOUN_1_PASS_b,M,S,le collier avec la pochette était acheté <eos>,6,acheté,achetée,4,F,acheté,-8.161251,achetée,-10.202514,1
9796,S_NOUN_1_PASS_b,M,S,le collier avec la pochette était brisé <eos>,6,brisé,brisée,4,F,brisé,-8.7904005,brisée,-11.517414,1
9797,S_NOUN_1_PASS_b,M,S,le collier avec la pochette était caché <eos>,6,caché,cachée,4,F,caché,-7.935796,cachée,-10.348496,1
9798,S_NOUN_1_PASS_b,M,S,le collier avec la pochette était cassé <eos>,6,cassé,cassée,4,F,cassé,-7.399145,cassée,-11.31745,1
9799,S_NOUN_1_PASS_b,M,S,le collier avec la pochette était couvert <eos>,6,couvert,couverte,4,F,couvert,-6.3940268,couverte,-9.731588,1
9800,S_NOUN_1_PASS_b,M,S,le collier avec la pochette était déformé <eos>,6,déformé,déformée,4,F,déformé,-9.440657,déformée,-10.766831,1
9801,S_NOUN_1_PASS_b,M,S,le collier avec la pochette était fixé <eos>,6,fixé,fixée,4,F,fixé,-6.077116,fixée,-7.5968018,1
9802,S_NOUN_1_PASS_b,M,S,le collier avec la pochette était jeté <eos>,6,jeté,jetée,4,F,jeté,-8.76217,jetée,-12.68335,1
9803,S_NOUN_1_PASS_b,M,S,le collier avec la pochette était laissé <eos>,6,laissé,laissée,4,F,laissé,-8.756315,laissée,-11.415292,1
9804,S_NOUN_1_PASS_b,M,S,le collier avec la pochette était ouvert <eos>,6,ouvert,ouverte,4,F,ouvert,-8.642295,ouverte,-10.166081,1
9805,S_NOUN_1_PASS_b,M,S,le collier avec la pochette était perdu <eos>,6,perdu,perdue,4,F,perdu,-8.3864975,perdue,-11.954764,1
9806,S_NOUN_1_PASS_b,M,S,le collier avec la pochette était réparé <eos>,6,réparé,réparée,4,F,réparé,-12.059563,réparée,-13.167519,1
9807,S_NOUN_1_PASS_b,M,S,le collier avec la pochette était retiré <eos>,6,retiré,retirée,4,F,retiré,-5.6031084,retirée,-9.636923,1
9808,S_NOUN_1_PASS_b,M,S,le collier avec la pochette était tombé <eos>,6,tombé,tombée,4,F,tombé,-8.191485,tombée,-10.711891,1
9809,S_NOUN_1_PASS_b,M,S,le collier avec la pochette était utilisé <eos>,6,utilisé,utilisée,4,F,utilisé,-6.0292015,utilisée,-9.010851,1
9810,S_NOUN_1_PASS_b,M,S,le collier avec la banane était acheté <eos>,6,acheté,achetée,4,F,acheté,-8.692627,achetée,-11.480967,1
9811,S_NOUN_1_PASS_b,M,S,le collier avec la banane était brisé <eos>,6,brisé,brisée,4,F,brisé,-8.236548,brisée,-11.176558,1
9812,S_NOUN_1_PASS_b,M,S,le collier avec la banane était caché <eos>,6,caché,cachée,4,F,caché,-7.994486,cachée,-11.082893,1
9813,S_NOUN_1_PASS_b,M,S,le collier avec la banane était cassé <eos>,6,cassé,cassée,4,F,cassé,-6.944913,cassée,-11.554207,1
9814,S_NOUN_1_PASS_b,M,S,le collier avec la banane était couvert <eos>,6,couvert,couverte,4,F,couvert,-6.2470655,couverte,-9.358097,1
9815,S_NOUN_1_PASS_b,M,S,le collier avec la banane était déformé <eos>,6,déformé,déformée,4,F,déformé,-10.534153,déformée,-12.153904,1
9816,S_NOUN_1_PASS_b,M,S,le collier avec la banane était fixé <eos>,6,fixé,fixée,4,F,fixé,-5.6856728,fixée,-7.4507475,1
9817,S_NOUN_1_PASS_b,M,S,le collier avec la banane était jeté <eos>,6,jeté,jetée,4,F,jeté,-7.851636,jetée,-12.425128,1
9818,S_NOUN_1_PASS_b,M,S,le collier avec la banane était laissé <eos>,6,laissé,laissée,4,F,laissé,-9.577438,laissée,-12.14571,1
9819,S_NOUN_1_PASS_b,M,S,le collier avec la banane était ouvert <eos>,6,ouvert,ouverte,4,F,ouvert,-7.5515633,ouverte,-9.0496235,1
9820,S_NOUN_1_PASS_b,M,S,le collier avec la banane était perdu <eos>,6,perdu,perdue,4,F,perdu,-8.63294,perdue,-11.86442,1
9821,S_NOUN_1_PASS_b,M,S,le collier avec la banane était réparé <eos>,6,réparé,réparée,4,F,réparé,-11.33935,réparée,-13.957842,1
9822,S_NOUN_1_PASS_b,M,S,le collier avec la banane était retiré <eos>,6,retiré,retirée,4,F,retiré,-6.2202234,retirée,-11.311732,1
9823,S_NOUN_1_PASS_b,M,S,le collier avec la banane était tombé <eos>,6,tombé,tombée,4,F,tombé,-8.015692,tombée,-10.803328,1
9824,S_NOUN_1_PASS_b,M,S,le collier avec la banane était utilisé <eos>,6,utilisé,utilisée,4,F,utilisé,-3.475834,utilisée,-7.1035137,1
9825,S_NOUN_1_PASS_b,M,S,le collier avec la robe était acheté <eos>,6,acheté,achetée,4,F,acheté,-9.528245,achetée,-10.544108,1
9826,S_NOUN_1_PASS_b,M,S,le collier avec la robe était brisé <eos>,6,brisé,brisée,4,F,brisé,-9.041418,brisée,-10.634157,1
9827,S_NOUN_1_PASS_b,M,S,le collier avec la robe était caché <eos>,6,caché,cachée,4,F,caché,-8.986558,cachée,-10.308569,1
9828,S_NOUN_1_PASS_b,M,S,le collier avec la robe était cassé <eos>,6,cassé,cassée,4,F,cassé,-6.4401107,cassée,-10.942146,1
9829,S_NOUN_1_PASS_b,M,S,le collier avec la robe était couvert <eos>,6,couvert,couverte,4,F,couvert,-6.9870305,couverte,-8.429752,1
9830,S_NOUN_1_PASS_b,M,S,le collier avec la robe était déformé <eos>,6,déformé,déformée,4,F,déformé,-9.745209,déformée,-10.414383,1
9831,S_NOUN_1_PASS_b,M,S,le collier avec la robe était fixé <eos>,6,fixé,fixée,4,F,fixé,-5.574664,fixée,-6.5866985,1
9832,S_NOUN_1_PASS_b,M,S,le collier avec la robe était jeté <eos>,6,jeté,jetée,4,F,jeté,-8.241694,jetée,-12.837906,1
9833,S_NOUN_1_PASS_b,M,S,le collier avec la robe était laissé <eos>,6,laissé,laissée,4,F,laissé,-9.556732,laissée,-11.31777,1
9834,S_NOUN_1_PASS_b,M,S,le collier avec la robe était ouvert <eos>,6,ouvert,ouverte,4,F,ouvert,-8.011113,ouverte,-8.966771,1
9835,S_NOUN_1_PASS_b,M,S,le collier avec la robe était perdu <eos>,6,perdu,perdue,4,F,perdu,-9.290373,perdue,-11.727022,1
9836,S_NOUN_1_PASS_b,M,S,le collier avec la robe était réparé <eos>,6,réparé,réparée,4,F,réparé,-12.965157,réparée,-12.739049,0
9837,S_NOUN_1_PASS_b,M,S,le collier avec la robe était retiré <eos>,6,retiré,retirée,4,F,retiré,-6.1459045,retirée,-9.703539,1
9838,S_NOUN_1_PASS_b,M,S,le collier avec la robe était tombé <eos>,6,tombé,tombée,4,F,tombé,-8.982567,tombée,-9.71615,1
9839,S_NOUN_1_PASS_b,M,S,le collier avec la robe était utilisé <eos>,6,utilisé,utilisée,4,F,utilisé,-5.0421295,utilisée,-7.2412634,1
9840,S_NOUN_1_PASS_b,M,S,le collier avec la valise était acheté <eos>,6,acheté,achetée,4,F,acheté,-7.013318,achetée,-9.493677,1
9841,S_NOUN_1_PASS_b,M,S,le collier avec la valise était brisé <eos>,6,brisé,brisée,4,F,brisé,-6.0736327,brisée,-8.482797,1
9842,S_NOUN_1_PASS_b,M,S,le collier avec la valise était caché <eos>,6,caché,cachée,4,F,caché,-5.76361,cachée,-8.373098,1
9843,S_NOUN_1_PASS_b,M,S,le collier avec la valise était cassé <eos>,6,cassé,cassée,4,F,cassé,-6.0925913,cassée,-8.66399,1
9844,S_NOUN_1_PASS_b,M,S,le collier avec la valise était couvert <eos>,6,couvert,couverte,4,F,couvert,-5.0101137,couverte,-7.7890396,1
9845,S_NOUN_1_PASS_b,M,S,le collier avec la valise était déformé <eos>,6,déformé,déformée,4,F,déformé,-9.410588,déformée,-11.29684,1
9846,S_NOUN_1_PASS_b,M,S,le collier avec la valise était fixé <eos>,6,fixé,fixée,4,F,fixé,-6.095029,fixée,-6.924532,1
9847,S_NOUN_1_PASS_b,M,S,le collier avec la valise était jeté <eos>,6,jeté,jetée,4,F,jeté,-5.93517,jetée,-10.362614,1
9848,S_NOUN_1_PASS_b,M,S,le collier avec la valise était laissé <eos>,6,laissé,laissée,4,F,laissé,-7.5522137,laissée,-9.811582,1
9849,S_NOUN_1_PASS_b,M,S,le collier avec la valise était ouvert <eos>,6,ouvert,ouverte,4,F,ouvert,-5.841175,ouverte,-7.0417404,1
9850,S_NOUN_1_PASS_b,M,S,le collier avec la valise était perdu <eos>,6,perdu,perdue,4,F,perdu,-6.7844,perdue,-9.781457,1
9851,S_NOUN_1_PASS_b,M,S,le collier avec la valise était réparé <eos>,6,réparé,réparée,4,F,réparé,-10.200121,réparée,-12.283848,1
9852,S_NOUN_1_PASS_b,M,S,le collier avec la valise était retiré <eos>,6,retiré,retirée,4,F,retiré,-5.238487,retirée,-8.341955,1
9853,S_NOUN_1_PASS_b,M,S,le collier avec la valise était tombé <eos>,6,tombé,tombée,4,F,tombé,-6.8923607,tombée,-8.7233,1
9854,S_NOUN_1_PASS_b,M,S,le collier avec la valise était utilisé <eos>,6,utilisé,utilisée,4,F,utilisé,-5.9485836,utilisée,-8.755018,1
9855,S_NOUN_1_PASS_b,M,S,le collier avec la pendule était acheté <eos>,6,acheté,achetée,4,F,acheté,-9.09157,achetée,-10.938236,1
9856,S_NOUN_1_PASS_b,M,S,le collier avec la pendule était brisé <eos>,6,brisé,brisée,4,F,brisé,-6.679676,brisée,-8.277999,1
9857,S_NOUN_1_PASS_b,M,S,le collier avec la pendule était caché <eos>,6,caché,cachée,4,F,caché,-6.833554,cachée,-8.578825,1
9858,S_NOUN_1_PASS_b,M,S,le collier avec la pendule était cassé <eos>,6,cassé,cassée,4,F,cassé,-5.058277,cassée,-8.393902,1
9859,S_NOUN_1_PASS_b,M,S,le collier avec la pendule était couvert <eos>,6,couvert,couverte,4,F,couvert,-5.5299635,couverte,-7.6494846,1
9860,S_NOUN_1_PASS_b,M,S,le collier avec la pendule était déformé <eos>,6,déformé,déformée,4,F,déformé,-10.072477,déformée,-10.790443,1
9861,S_NOUN_1_PASS_b,M,S,le collier avec la pendule était fixé <eos>,6,fixé,fixée,4,F,fixé,-4.4570503,fixée,-5.6391554,1
9862,S_NOUN_1_PASS_b,M,S,le collier avec la pendule était jeté <eos>,6,jeté,jetée,4,F,jeté,-7.1184387,jetée,-11.6055355,1
9863,S_NOUN_1_PASS_b,M,S,le collier avec la pendule était laissé <eos>,6,laissé,laissée,4,F,laissé,-9.198681,laissée,-10.573083,1
9864,S_NOUN_1_PASS_b,M,S,le collier avec la pendule était ouvert <eos>,6,ouvert,ouverte,4,F,ouvert,-6.124916,ouverte,-8.000764,1
9865,S_NOUN_1_PASS_b,M,S,le collier avec la pendule était perdu <eos>,6,perdu,perdue,4,F,perdu,-9.316972,perdue,-10.748904,1
9866,S_NOUN_1_PASS_b,M,S,le collier avec la pendule était réparé <eos>,6,réparé,réparée,4,F,réparé,-11.574247,réparée,-12.088551,1
9867,S_NOUN_1_PASS_b,M,S,le collier avec la pendule était retiré <eos>,6,retiré,retirée,4,F,retiré,-5.7748537,retirée,-9.66615,1
9868,S_NOUN_1_PASS_b,M,S,le collier avec la pendule était tombé <eos>,6,tombé,tombée,4,F,tombé,-8.477765,tombée,-11.440232,1
9869,S_NOUN_1_PASS_b,M,S,le collier avec la pendule était utilisé <eos>,6,utilisé,utilisée,4,F,utilisé,-4.7404656,utilisée,-7.4488463,1
9870,S_NOUN_1_PASS_b,M,S,le collier avec la cloche était acheté <eos>,6,acheté,achetée,4,F,acheté,-8.210157,achetée,-10.066675,1
9871,S_NOUN_1_PASS_b,M,S,le collier avec la cloche était brisé <eos>,6,brisé,brisée,4,F,brisé,-6.692134,brisée,-9.302671,1
9872,S_NOUN_1_PASS_b,M,S,le collier avec la cloche était caché <eos>,6,caché,cachée,4,F,caché,-6.2178345,cachée,-8.952948,1
9873,S_NOUN_1_PASS_b,M,S,le collier avec la cloche était cassé <eos>,6,cassé,cassée,4,F,cassé,-7.053728,cassée,-9.870492,1
9874,S_NOUN_1_PASS_b,M,S,le collier avec la cloche était couvert <eos>,6,couvert,couverte,4,F,couvert,-5.7311068,couverte,-9.161515,1
9875,S_NOUN_1_PASS_b,M,S,le collier avec la cloche était déformé <eos>,6,déformé,déformée,4,F,déformé,-10.675032,déformée,-11.836311,1
9876,S_NOUN_1_PASS_b,M,S,le collier avec la cloche était fixé <eos>,6,fixé,fixée,4,F,fixé,-5.497385,fixée,-7.171109,1
9877,S_NOUN_1_PASS_b,M,S,le collier avec la cloche était jeté <eos>,6,jeté,jetée,4,F,jeté,-6.8859987,jetée,-11.06042,1
9878,S_NOUN_1_PASS_b,M,S,le collier avec la cloche était laissé <eos>,6,laissé,laissée,4,F,laissé,-8.261076,laissée,-10.875326,1
9879,S_NOUN_1_PASS_b,M,S,le collier avec la cloche était ouvert <eos>,6,ouvert,ouverte,4,F,ouvert,-6.9690847,ouverte,-8.972941,1
9880,S_NOUN_1_PASS_b,M,S,le collier avec la cloche était perdu <eos>,6,perdu,perdue,4,F,perdu,-7.238538,perdue,-10.245351,1
9881,S_NOUN_1_PASS_b,M,S,le collier avec la cloche était réparé <eos>,6,réparé,réparée,4,F,réparé,-10.100186,réparée,-11.815086,1
9882,S_NOUN_1_PASS_b,M,S,le collier avec la cloche était retiré <eos>,6,retiré,retirée,4,F,retiré,-5.54447,retirée,-10.052429,1
9883,S_NOUN_1_PASS_b,M,S,le collier avec la cloche était tombé <eos>,6,tombé,tombée,4,F,tombé,-6.872649,tombée,-9.402588,1
9884,S_NOUN_1_PASS_b,M,S,le collier avec la cloche était utilisé <eos>,6,utilisé,utilisée,4,F,utilisé,-4.660021,utilisée,-7.878559,1
9885,S_NOUN_1_PASS_b,M,S,le collier avec la cerise était acheté <eos>,6,acheté,achetée,4,F,acheté,-8.853755,achetée,-11.818057,1
9886,S_NOUN_1_PASS_b,M,S,le collier avec la cerise était brisé <eos>,6,brisé,brisée,4,F,brisé,-7.9726863,brisée,-11.668457,1
9887,S_NOUN_1_PASS_b,M,S,le collier avec la cerise était caché <eos>,6,caché,cachée,4,F,caché,-7.617176,cachée,-11.151207,1
9888,S_NOUN_1_PASS_b,M,S,le collier avec la cerise était cassé <eos>,6,cassé,cassée,4,F,cassé,-6.672708,cassée,-11.48007,1
9889,S_NOUN_1_PASS_b,M,S,le collier avec la cerise était couvert <eos>,6,couvert,couverte,4,F,couvert,-5.5466194,couverte,-9.215932,1
9890,S_NOUN_1_PASS_b,M,S,le collier avec la cerise était déformé <eos>,6,déformé,déformée,4,F,déformé,-10.340532,déformée,-12.353385,1
9891,S_NOUN_1_PASS_b,M,S,le collier avec la cerise était fixé <eos>,6,fixé,fixée,4,F,fixé,-6.0069537,fixée,-8.609464,1
9892,S_NOUN_1_PASS_b,M,S,le collier avec la cerise était jeté <eos>,6,jeté,jetée,4,F,jeté,-8.237672,jetée,-12.265461,1
9893,S_NOUN_1_PASS_b,M,S,le collier avec la cerise était laissé <eos>,6,laissé,laissée,4,F,laissé,-9.375214,laissée,-12.157758,1
9894,S_NOUN_1_PASS_b,M,S,le collier avec la cerise était ouvert <eos>,6,ouvert,ouverte,4,F,ouvert,-7.697646,ouverte,-10.033975,1
9895,S_NOUN_1_PASS_b,M,S,le collier avec la cerise était perdu <eos>,6,perdu,perdue,4,F,perdu,-8.342927,perdue,-12.30035,1
9896,S_NOUN_1_PASS_b,M,S,le collier avec la cerise était réparé <eos>,6,réparé,réparée,4,F,réparé,-12.081205,réparée,-14.896788,1
9897,S_NOUN_1_PASS_b,M,S,le collier avec la cerise était retiré <eos>,6,retiré,retirée,4,F,retiré,-6.7018876,retirée,-11.648783,1
9898,S_NOUN_1_PASS_b,M,S,le collier avec la cerise était tombé <eos>,6,tombé,tombée,4,F,tombé,-7.9536343,tombée,-10.710377,1
9899,S_NOUN_1_PASS_b,M,S,le collier avec la cerise était utilisé <eos>,6,utilisé,utilisée,4,F,utilisé,-3.8046541,utilisée,-7.1513042,1
9900,S_NOUN_1_PASS_b,M,S,le chapeau avec la gemme était acheté <eos>,6,acheté,achetée,4,F,acheté,-8.936661,achetée,-10.9947,1
9901,S_NOUN_1_PASS_b,M,S,le chapeau avec la gemme était brisé <eos>,6,brisé,brisée,4,F,brisé,-9.10564,brisée,-10.852779,1
9902,S_NOUN_1_PASS_b,M,S,le chapeau avec la gemme était caché <eos>,6,caché,cachée,4,F,caché,-8.330446,cachée,-10.023712,1
9903,S_NOUN_1_PASS_b,M,S,le chapeau avec la gemme était cassé <eos>,6,cassé,cassée,4,F,cassé,-6.596225,cassée,-10.568296,1
9904,S_NOUN_1_PASS_b,M,S,le chapeau avec la gemme était couvert <eos>,6,couvert,couverte,4,F,couvert,-5.699002,couverte,-7.4168477,1
9905,S_NOUN_1_PASS_b,M,S,le chapeau avec la gemme était déformé <eos>,6,déformé,déformée,4,F,déformé,-9.417999,déformée,-10.693991,1
9906,S_NOUN_1_PASS_b,M,S,le chapeau avec la gemme était fixé <eos>,6,fixé,fixée,4,F,fixé,-5.3367777,fixée,-7.3793497,1
9907,S_NOUN_1_PASS_b,M,S,le chapeau avec la gemme était jeté <eos>,6,jeté,jetée,4,F,jeté,-8.025844,jetée,-11.702442,1
9908,S_NOUN_1_PASS_b,M,S,le chapeau avec la gemme était laissé <eos>,6,laissé,laissée,4,F,laissé,-9.093077,laissée,-10.676802,1
9909,S_NOUN_1_PASS_b,M,S,le chapeau avec la gemme était ouvert <eos>,6,ouvert,ouverte,4,F,ouvert,-7.5546055,ouverte,-8.718929,1
9910,S_NOUN_1_PASS_b,M,S,le chapeau avec la gemme était perdu <eos>,6,perdu,perdue,4,F,perdu,-9.678291,perdue,-12.534187,1
9911,S_NOUN_1_PASS_b,M,S,le chapeau avec la gemme était réparé <eos>,6,réparé,réparée,4,F,réparé,-11.629431,réparée,-12.8304825,1
9912,S_NOUN_1_PASS_b,M,S,le chapeau avec la gemme était retiré <eos>,6,retiré,retirée,4,F,retiré,-7.1897955,retirée,-11.255243,1
9913,S_NOUN_1_PASS_b,M,S,le chapeau avec la gemme était tombé <eos>,6,tombé,tombée,4,F,tombé,-8.415541,tombée,-9.864437,1
9914,S_NOUN_1_PASS_b,M,S,le chapeau avec la gemme était utilisé <eos>,6,utilisé,utilisée,4,F,utilisé,-3.841288,utilisée,-6.6416545,1
9915,S_NOUN_1_PASS_b,M,S,le chapeau avec la chaise était acheté <eos>,6,acheté,achetée,4,F,acheté,-9.170447,achetée,-10.41893,1
9916,S_NOUN_1_PASS_b,M,S,le chapeau avec la chaise était brisé <eos>,6,brisé,brisée,4,F,brisé,-9.0220175,brisée,-9.937313,1
9917,S_NOUN_1_PASS_b,M,S,le chapeau avec la chaise était caché <eos>,6,caché,cachée,4,F,caché,-9.196321,cachée,-10.231541,1
9918,S_NOUN_1_PASS_b,M,S,le chapeau avec la chaise était cassé <eos>,6,cassé,cassée,4,F,cassé,-6.7044897,cassée,-9.560474,1
9919,S_NOUN_1_PASS_b,M,S,le chapeau avec la chaise était couvert <eos>,6,couvert,couverte,4,F,couvert,-5.2910647,couverte,-6.381656,1
9920,S_NOUN_1_PASS_b,M,S,le chapeau avec la chaise était déformé <eos>,6,déformé,déformée,4,F,déformé,-9.34735,déformée,-9.753693,1
9921,S_NOUN_1_PASS_b,M,S,le chapeau avec la chaise était fixé <eos>,6,fixé,fixée,4,F,fixé,-6.416646,fixée,-7.227706,1
9922,S_NOUN_1_PASS_b,M,S,le chapeau avec la chaise était jeté <eos>,6,jeté,jetée,4,F,jeté,-7.98035,jetée,-11.461559,1
9923,S_NOUN_1_PASS_b,M,S,le chapeau avec la chaise était laissé <eos>,6,laissé,laissée,4,F,laissé,-9.3006735,laissée,-10.604822,1
9924,S_NOUN_1_PASS_b,M,S,le chapeau avec la chaise était ouvert <eos>,6,ouvert,ouverte,4,F,ouvert,-7.1868486,ouverte,-7.21194,1
9925,S_NOUN_1_PASS_b,M,S,le chapeau avec la chaise était perdu <eos>,6,perdu,perdue,4,F,perdu,-9.333776,perdue,-11.772061,1
9926,S_NOUN_1_PASS_b,M,S,le chapeau avec la chaise était réparé <eos>,6,réparé,réparée,4,F,réparé,-11.718869,réparée,-11.360672,0
9927,S_NOUN_1_PASS_b,M,S,le chapeau avec la chaise était retiré <eos>,6,retiré,retirée,4,F,retiré,-7.472948,retirée,-10.443515,1
9928,S_NOUN_1_PASS_b,M,S,le chapeau avec la chaise était tombé <eos>,6,tombé,tombée,4,F,tombé,-8.486148,tombée,-9.387653,1
9929,S_NOUN_1_PASS_b,M,S,le chapeau avec la chaise était utilisé <eos>,6,utilisé,utilisée,4,F,utilisé,-4.4396634,utilisée,-6.425324,1
9930,S_NOUN_1_PASS_b,M,S,le chapeau avec la poubelle était acheté <eos>,6,acheté,achetée,4,F,acheté,-7.8220677,achetée,-10.266914,1
9931,S_NOUN_1_PASS_b,M,S,le chapeau avec la poubelle était brisé <eos>,6,brisé,brisée,4,F,brisé,-8.108559,brisée,-10.558941,1
9932,S_NOUN_1_PASS_b,M,S,le chapeau avec la poubelle était caché <eos>,6,caché,cachée,4,F,caché,-7.594814,cachée,-9.631063,1
9933,S_NOUN_1_PASS_b,M,S,le chapeau avec la poubelle était cassé <eos>,6,cassé,cassée,4,F,cassé,-6.441637,cassée,-9.742253,1
9934,S_NOUN_1_PASS_b,M,S,le chapeau avec la poubelle était couvert <eos>,6,couvert,couverte,4,F,couvert,-5.5534573,couverte,-7.473403,1
9935,S_NOUN_1_PASS_b,M,S,le chapeau avec la poubelle était déformé <eos>,6,déformé,déformée,4,F,déformé,-8.348347,déformée,-10.210191,1
9936,S_NOUN_1_PASS_b,M,S,le chapeau avec la poubelle était fixé <eos>,6,fixé,fixée,4,F,fixé,-6.077586,fixée,-7.892125,1
9937,S_NOUN_1_PASS_b,M,S,le chapeau avec la poubelle était jeté <eos>,6,jeté,jetée,4,F,jeté,-6.658969,jetée,-9.621522,1
9938,S_NOUN_1_PASS_b,M,S,le chapeau avec la poubelle était laissé <eos>,6,laissé,laissée,4,F,laissé,-7.859373,laissée,-9.993283,1
9939,S_NOUN_1_PASS_b,M,S,le chapeau avec la poubelle était ouvert <eos>,6,ouvert,ouverte,4,F,ouvert,-6.503436,ouverte,-7.72147,1
9940,S_NOUN_1_PASS_b,M,S,le chapeau avec la poubelle était perdu <eos>,6,perdu,perdue,4,F,perdu,-7.997505,perdue,-11.374698,1
9941,S_NOUN_1_PASS_b,M,S,le chapeau avec la poubelle était réparé <eos>,6,réparé,réparée,4,F,réparé,-10.752878,réparée,-11.519078,1
9942,S_NOUN_1_PASS_b,M,S,le chapeau avec la poubelle était retiré <eos>,6,retiré,retirée,4,F,retiré,-6.2204313,retirée,-10.099798,1
9943,S_NOUN_1_PASS_b,M,S,le chapeau avec la poubelle était tombé <eos>,6,tombé,tombée,4,F,tombé,-7.828941,tombée,-9.311473,1
9944,S_NOUN_1_PASS_b,M,S,le chapeau avec la poubelle était utilisé <eos>,6,utilisé,utilisée,4,F,utilisé,-4.552845,utilisée,-7.4542036,1
9945,S_NOUN_1_PASS_b,M,S,le chapeau avec la chemise était acheté <eos>,6,acheté,achetée,4,F,acheté,-9.198404,achetée,-11.223489,1
9946,S_NOUN_1_PASS_b,M,S,le chapeau avec la chemise était brisé <eos>,6,brisé,brisée,4,F,brisé,-9.71867,brisée,-11.642719,1
9947,S_NOUN_1_PASS_b,M,S,le chapeau avec la chemise était caché <eos>,6,caché,cachée,4,F,caché,-9.068467,cachée,-10.91583,1
9948,S_NOUN_1_PASS_b,M,S,le chapeau avec la chemise était cassé <eos>,6,cassé,cassée,4,F,cassé,-6.832698,cassée,-11.349562,1
9949,S_NOUN_1_PASS_b,M,S,le chapeau avec la chemise était couvert <eos>,6,couvert,couverte,4,F,couvert,-5.6972914,couverte,-7.293441,1
9950,S_NOUN_1_PASS_b,M,S,le chapeau avec la chemise était déformé <eos>,6,déformé,déformée,4,F,déformé,-9.671516,déformée,-10.486111,1
9951,S_NOUN_1_PASS_b,M,S,le chapeau avec la chemise était fixé <eos>,6,fixé,fixée,4,F,fixé,-5.7733,fixée,-7.947505,1
9952,S_NOUN_1_PASS_b,M,S,le chapeau avec la chemise était jeté <eos>,6,jeté,jetée,4,F,jeté,-7.943908,jetée,-12.28377,1
9953,S_NOUN_1_PASS_b,M,S,le chapeau avec la chemise était laissé <eos>,6,laissé,laissée,4,F,laissé,-9.042178,laissée,-10.949736,1
9954,S_NOUN_1_PASS_b,M,S,le chapeau avec la chemise était ouvert <eos>,6,ouvert,ouverte,4,F,ouvert,-7.444929,ouverte,-8.089297,1
9955,S_NOUN_1_PASS_b,M,S,le chapeau avec la chemise était perdu <eos>,6,perdu,perdue,4,F,perdu,-9.941005,perdue,-13.07506,1
9956,S_NOUN_1_PASS_b,M,S,le chapeau avec la chemise était réparé <eos>,6,réparé,réparée,4,F,réparé,-12.919057,réparée,-12.492762,0
9957,S_NOUN_1_PASS_b,M,S,le chapeau avec la chemise était retiré <eos>,6,retiré,retirée,4,F,retiré,-6.3926225,retirée,-11.113466,1
9958,S_NOUN_1_PASS_b,M,S,le chapeau avec la chemise était tombé <eos>,6,tombé,tombée,4,F,tombé,-8.182416,tombée,-9.509415,1
9959,S_NOUN_1_PASS_b,M,S,le chapeau avec la chemise était utilisé <eos>,6,utilisé,utilisée,4,F,utilisé,-4.4090214,utilisée,-7.058694,1
9960,S_NOUN_1_PASS_b,M,S,le chapeau avec la recette était acheté <eos>,6,acheté,achetée,4,F,acheté,-9.627714,achetée,-11.650129,1
9961,S_NOUN_1_PASS_b,M,S,le chapeau avec la recette était brisé <eos>,6,brisé,brisée,4,F,brisé,-10.193539,brisée,-11.564209,1
9962,S_NOUN_1_PASS_b,M,S,le chapeau avec la recette était caché <eos>,6,caché,cachée,4,F,caché,-9.464687,cachée,-11.276842,1
9963,S_NOUN_1_PASS_b,M,S,le chapeau avec la recette était cassé <eos>,6,cassé,cassée,4,F,cassé,-8.693163,cassée,-11.117235,1
9964,S_NOUN_1_PASS_b,M,S,le chapeau avec la recette était couvert <eos>,6,couvert,couverte,4,F,couvert,-7.1795025,couverte,-9.154437,1
9965,S_NOUN_1_PASS_b,M,S,le chapeau avec la recette était déformé <eos>,6,déformé,déformée,4,F,déformé,-9.796363,déformée,-10.404674,1
9966,S_NOUN_1_PASS_b,M,S,le chapeau avec la recette était fixé <eos>,6,fixé,fixée,4,F,fixé,-6.7576656,fixée,-7.8533087,1
9967,S_NOUN_1_PASS_b,M,S,le chapeau avec la recette était jeté <eos>,6,jeté,jetée,4,F,jeté,-9.060482,jetée,-12.072306,1
9968,S_NOUN_1_PASS_b,M,S,le chapeau avec la recette était laissé <eos>,6,laissé,laissée,4,F,laissé,-9.999217,laissée,-10.8899555,1
9969,S_NOUN_1_PASS_b,M,S,le chapeau avec la recette était ouvert <eos>,6,ouvert,ouverte,4,F,ouvert,-8.38289,ouverte,-9.05341,1
9970,S_NOUN_1_PASS_b,M,S,le chapeau avec la recette était perdu <eos>,6,perdu,perdue,4,F,perdu,-9.7269745,perdue,-11.006351,1
9971,S_NOUN_1_PASS_b,M,S,le chapeau avec la recette était réparé <eos>,6,réparé,réparée,4,F,réparé,-13.223874,réparée,-14.115127,1
9972,S_NOUN_1_PASS_b,M,S,le chapeau avec la recette était retiré <eos>,6,retiré,retirée,4,F,retiré,-8.117833,retirée,-11.557636,1
9973,S_NOUN_1_PASS_b,M,S,le chapeau avec la recette était tombé <eos>,6,tombé,tombée,4,F,tombé,-8.449632,tombée,-9.6617,1
9974,S_NOUN_1_PASS_b,M,S,le chapeau avec la recette était utilisé <eos>,6,utilisé,utilisée,4,F,utilisé,-5.6673326,utilisée,-7.8654795,1
9975,S_NOUN_1_PASS_b,M,S,le chapeau avec la jupe était acheté <eos>,6,acheté,achetée,4,F,acheté,-10.889485,achetée,-11.405326,1
9976,S_NOUN_1_PASS_b,M,S,le chapeau avec la jupe était brisé <eos>,6,brisé,brisée,4,F,brisé,-9.702141,brisée,-9.93257,1
9977,S_NOUN_1_PASS_b,M,S,le chapeau avec la jupe était caché <eos>,6,caché,cachée,4,F,caché,-10.138191,cachée,-9.687155,0
9978,S_NOUN_1_PASS_b,M,S,le chapeau avec la jupe était cassé <eos>,6,cassé,cassée,4,F,cassé,-6.646642,cassée,-9.569054,1
9979,S_NOUN_1_PASS_b,M,S,le chapeau avec la jupe était couvert <eos>,6,couvert,couverte,4,F,couvert,-6.4147997,couverte,-6.9317217,1
9980,S_NOUN_1_PASS_b,M,S,le chapeau avec la jupe était déformé <eos>,6,déformé,déformée,4,F,déformé,-10.112288,déformée,-8.982983,0
9981,S_NOUN_1_PASS_b,M,S,le chapeau avec la jupe était fixé <eos>,6,fixé,fixée,4,F,fixé,-6.924715,fixée,-7.162095,1
9982,S_NOUN_1_PASS_b,M,S,le chapeau avec la jupe était jeté <eos>,6,jeté,jetée,4,F,jeté,-9.338511,jetée,-12.338812,1
9983,S_NOUN_1_PASS_b,M,S,le chapeau avec la jupe était laissé <eos>,6,laissé,laissée,4,F,laissé,-10.170277,laissée,-10.840872,1
9984,S_NOUN_1_PASS_b,M,S,le chapeau avec la jupe était ouvert <eos>,6,ouvert,ouverte,4,F,ouvert,-8.340707,ouverte,-7.53629,0
9985,S_NOUN_1_PASS_b,M,S,le chapeau avec la jupe était perdu <eos>,6,perdu,perdue,4,F,perdu,-10.640777,perdue,-11.802797,1
9986,S_NOUN_1_PASS_b,M,S,le chapeau avec la jupe était réparé <eos>,6,réparé,réparée,4,F,réparé,-13.558546,réparée,-11.389715,0
9987,S_NOUN_1_PASS_b,M,S,le chapeau avec la jupe était retiré <eos>,6,retiré,retirée,4,F,retiré,-8.249017,retirée,-10.722604,1
9988,S_NOUN_1_PASS_b,M,S,le chapeau avec la jupe était tombé <eos>,6,tombé,tombée,4,F,tombé,-9.243592,tombée,-9.311263,1
9989,S_NOUN_1_PASS_b,M,S,le chapeau avec la jupe était utilisé <eos>,6,utilisé,utilisée,4,F,utilisé,-6.7019825,utilisée,-7.6816254,1
9990,S_NOUN_1_PASS_b,M,S,le chapeau avec la colle était acheté <eos>,6,acheté,achetée,4,F,acheté,-8.733252,achetée,-11.067055,1
9991,S_NOUN_1_PASS_b,M,S,le chapeau avec la colle était brisé <eos>,6,brisé,brisée,4,F,brisé,-8.526976,brisée,-10.928888,1
9992,S_NOUN_1_PASS_b,M,S,le chapeau avec la colle était caché <eos>,6,caché,cachée,4,F,caché,-8.423118,cachée,-10.082002,1
9993,S_NOUN_1_PASS_b,M,S,le chapeau avec la colle était cassé <eos>,6,cassé,cassée,4,F,cassé,-6.8800783,cassée,-10.492739,1
9994,S_NOUN_1_PASS_b,M,S,le chapeau avec la colle était couvert <eos>,6,couvert,couverte,4,F,couvert,-6.013469,couverte,-7.4805045,1
9995,S_NOUN_1_PASS_b,M,S,le chapeau avec la colle était déformé <eos>,6,déformé,déformée,4,F,déformé,-8.733887,déformée,-9.985474,1
9996,S_NOUN_1_PASS_b,M,S,le chapeau avec la colle était fixé <eos>,6,fixé,fixée,4,F,fixé,-5.731599,fixée,-7.507372,1
9997,S_NOUN_1_PASS_b,M,S,le chapeau avec la colle était jeté <eos>,6,jeté,jetée,4,F,jeté,-8.005943,jetée,-11.378387,1
9998,S_NOUN_1_PASS_b,M,S,le chapeau avec la colle était laissé <eos>,6,laissé,laissée,4,F,laissé,-9.344521,laissée,-10.2647085,1
9999,S_NOUN_1_PASS_b,M,S,le chapeau avec la colle était ouvert <eos>,6,ouvert,ouverte,4,F,ouvert,-7.7712555,ouverte,-8.55325,1
10000,S_NOUN_1_PASS_b,M,S,le chapeau avec la colle était perdu <eos>,6,perdu,perdue,4,F,perdu,-9.579965,perdue,-10.8384075,1
10001,S_NOUN_1_PASS_b,M,S,le chapeau avec la colle était réparé <eos>,6,réparé,réparée,4,F,réparé,-12.116312,réparée,-13.112775,1
10002,S_NOUN_1_PASS_b,M,S,le chapeau avec la colle était retiré <eos>,6,retiré,retirée,4,F,retiré,-6.413991,retirée,-10.379396,1
10003,S_NOUN_1_PASS_b,M,S,le chapeau avec la colle était tombé <eos>,6,tombé,tombée,4,F,tombé,-8.285345,tombée,-9.416376,1
10004,S_NOUN_1_PASS_b,M,S,le chapeau avec la colle était utilisé <eos>,6,utilisé,utilisée,4,F,utilisé,-4.096224,utilisée,-6.7500677,1
10005,S_NOUN_1_PASS_b,M,S,le chapeau avec la lampe était acheté <eos>,6,acheté,achetée,4,F,acheté,-9.678684,achetée,-9.951642,1
10006,S_NOUN_1_PASS_b,M,S,le chapeau avec la lampe était brisé <eos>,6,brisé,brisée,4,F,brisé,-7.9140463,brisée,-9.215965,1
10007,S_NOUN_1_PASS_b,M,S,le chapeau avec la lampe était caché <eos>,6,caché,cachée,4,F,caché,-8.021321,cachée,-8.967772,1
10008,S_NOUN_1_PASS_b,M,S,le chapeau avec la lampe était cassé <eos>,6,cassé,cassée,4,F,cassé,-7.2845106,cassée,-9.299027,1
10009,S_NOUN_1_PASS_b,M,S,le chapeau avec la lampe était couvert <eos>,6,couvert,couverte,4,F,couvert,-5.898916,couverte,-7.329638,1
10010,S_NOUN_1_PASS_b,M,S,le chapeau avec la lampe était déformé <eos>,6,déformé,déformée,4,F,déformé,-9.546198,déformée,-9.608599,1
10011,S_NOUN_1_PASS_b,M,S,le chapeau avec la lampe était fixé <eos>,6,fixé,fixée,4,F,fixé,-6.047595,fixée,-7.447939,1
10012,S_NOUN_1_PASS_b,M,S,le chapeau avec la lampe était jeté <eos>,6,jeté,jetée,4,F,jeté,-7.908678,jetée,-10.314123,1
10013,S_NOUN_1_PASS_b,M,S,le chapeau avec la lampe était laissé <eos>,6,laissé,laissée,4,F,laissé,-9.318884,laissée,-9.702567,1
10014,S_NOUN_1_PASS_b,M,S,le chapeau avec la lampe était ouvert <eos>,6,ouvert,ouverte,4,F,ouvert,-7.1981106,ouverte,-7.7019787,1
10015,S_NOUN_1_PASS_b,M,S,le chapeau avec la lampe était perdu <eos>,6,perdu,perdue,4,F,perdu,-9.363331,perdue,-10.819226,1
10016,S_NOUN_1_PASS_b,M,S,le chapeau avec la lampe était réparé <eos>,6,réparé,réparée,4,F,réparé,-11.523492,réparée,-11.538648,1
10017,S_NOUN_1_PASS_b,M,S,le chapeau avec la lampe était retiré <eos>,6,retiré,retirée,4,F,retiré,-7.707699,retirée,-9.837922,1
10018,S_NOUN_1_PASS_b,M,S,le chapeau avec la lampe était tombé <eos>,6,tombé,tombée,4,F,tombé,-8.317439,tombée,-9.194635,1
10019,S_NOUN_1_PASS_b,M,S,le chapeau avec la lampe était utilisé <eos>,6,utilisé,utilisée,4,F,utilisé,-5.2220216,utilisée,-6.892388,1
10020,S_NOUN_1_PASS_b,M,S,le chapeau avec la bouteille était acheté <eos>,6,acheté,achetée,4,F,acheté,-8.653354,achetée,-10.450369,1
10021,S_NOUN_1_PASS_b,M,S,le chapeau avec la bouteille était brisé <eos>,6,brisé,brisée,4,F,brisé,-8.405932,brisée,-9.911251,1
10022,S_NOUN_1_PASS_b,M,S,le chapeau avec la bouteille était caché <eos>,6,caché,cachée,4,F,caché,-7.8479185,cachée,-9.478341,1
10023,S_NOUN_1_PASS_b,M,S,le chapeau avec la bouteille était cassé <eos>,6,cassé,cassée,4,F,cassé,-5.6648417,cassée,-9.221674,1
10024,S_NOUN_1_PASS_b,M,S,le chapeau avec la bouteille était couvert <eos>,6,couvert,couverte,4,F,couvert,-5.6881223,couverte,-7.9609513,1
10025,S_NOUN_1_PASS_b,M,S,le chapeau avec la bouteille était déformé <eos>,6,déformé,déformée,4,F,déformé,-8.767992,déformée,-9.374332,1
10026,S_NOUN_1_PASS_b,M,S,le chapeau avec la bouteille était fixé <eos>,6,fixé,fixée,4,F,fixé,-5.113243,fixée,-7.3351917,1
10027,S_NOUN_1_PASS_b,M,S,le chapeau avec la bouteille était jeté <eos>,6,jeté,jetée,4,F,jeté,-7.2357936,jetée,-10.03125,1
10028,S_NOUN_1_PASS_b,M,S,le chapeau avec la bouteille était laissé <eos>,6,laissé,laissée,4,F,laissé,-8.779667,laissée,-9.776045,1
10029,S_NOUN_1_PASS_b,M,S,le chapeau avec la bouteille était ouvert <eos>,6,ouvert,ouverte,4,F,ouvert,-6.938053,ouverte,-8.122124,1
10030,S_NOUN_1_PASS_b,M,S,le chapeau avec la bouteille était perdu <eos>,6,perdu,perdue,4,F,perdu,-8.565046,perdue,-10.816291,1
10031,S_NOUN_1_PASS_b,M,S,le chapeau avec la bouteille était réparé <eos>,6,réparé,réparée,4,F,réparé,-11.685186,réparée,-12.406779,1
10032,S_NOUN_1_PASS_b,M,S,le chapeau avec la bouteille était retiré <eos>,6,retiré,retirée,4,F,retiré,-5.9721317,retirée,-9.6899395,1
10033,S_NOUN_1_PASS_b,M,S,le chapeau avec la bouteille était tombé <eos>,6,tombé,tombée,4,F,tombé,-8.052412,tombée,-9.556317,1
10034,S_NOUN_1_PASS_b,M,S,le chapeau avec la bouteille était utilisé <eos>,6,utilisé,utilisée,4,F,utilisé,-4.841669,utilisée,-7.243145,1
10035,S_NOUN_1_PASS_b,M,S,le chapeau avec la boisson était acheté <eos>,6,acheté,achetée,4,F,acheté,-8.832156,achetée,-10.599105,1
10036,S_NOUN_1_PASS_b,M,S,le chapeau avec la boisson était brisé <eos>,6,brisé,brisée,4,F,brisé,-11.317093,brisée,-12.190434,1
10037,S_NOUN_1_PASS_b,M,S,le chapeau avec la boisson était caché <eos>,6,caché,cachée,4,F,caché,-10.329523,cachée,-11.638782,1
10038,S_NOUN_1_PASS_b,M,S,le chapeau avec la boisson était cassé <eos>,6,cassé,cassée,4,F,cassé,-8.114449,cassée,-11.583096,1
10039,S_NOUN_1_PASS_b,M,S,le chapeau avec la boisson était couvert <eos>,6,couvert,couverte,4,F,couvert,-7.752243,couverte,-9.184754,1
10040,S_NOUN_1_PASS_b,M,S,le chapeau avec la boisson était déformé <eos>,6,déformé,déformée,4,F,déformé,-9.728985,déformée,-10.907038,1
10041,S_NOUN_1_PASS_b,M,S,le chapeau avec la boisson était fixé <eos>,6,fixé,fixée,4,F,fixé,-7.0114574,fixée,-8.749714,1
10042,S_NOUN_1_PASS_b,M,S,le chapeau avec la boisson était jeté <eos>,6,jeté,jetée,4,F,jeté,-9.062937,jetée,-12.132616,1
10043,S_NOUN_1_PASS_b,M,S,le chapeau avec la boisson était laissé <eos>,6,laissé,laissée,4,F,laissé,-10.156081,laissée,-10.720641,1
10044,S_NOUN_1_PASS_b,M,S,le chapeau avec la boisson était ouvert <eos>,6,ouvert,ouverte,4,F,ouvert,-8.637974,ouverte,-9.231897,1
10045,S_NOUN_1_PASS_b,M,S,le chapeau avec la boisson était perdu <eos>,6,perdu,perdue,4,F,perdu,-10.258634,perdue,-11.373163,1
10046,S_NOUN_1_PASS_b,M,S,le chapeau avec la boisson était réparé <eos>,6,réparé,réparée,4,F,réparé,-13.404881,réparée,-14.561157,1
10047,S_NOUN_1_PASS_b,M,S,le chapeau avec la boisson était retiré <eos>,6,retiré,retirée,4,F,retiré,-6.7183,retirée,-10.717309,1
10048,S_NOUN_1_PASS_b,M,S,le chapeau avec la boisson était tombé <eos>,6,tombé,tombée,4,F,tombé,-8.688791,tombée,-9.370081,1
10049,S_NOUN_1_PASS_b,M,S,le chapeau avec la boisson était utilisé <eos>,6,utilisé,utilisée,4,F,utilisé,-4.520915,utilisée,-6.6198606,1
10050,S_NOUN_1_PASS_b,M,S,le chapeau avec la pomme était acheté <eos>,6,acheté,achetée,4,F,acheté,-9.247581,achetée,-11.220755,1
10051,S_NOUN_1_PASS_b,M,S,le chapeau avec la pomme était brisé <eos>,6,brisé,brisée,4,F,brisé,-8.522842,brisée,-10.979803,1
10052,S_NOUN_1_PASS_b,M,S,le chapeau avec la pomme était caché <eos>,6,caché,cachée,4,F,caché,-8.286852,cachée,-10.76766,1
10053,S_NOUN_1_PASS_b,M,S,le chapeau avec la pomme était cassé <eos>,6,cassé,cassée,4,F,cassé,-7.1691895,cassée,-10.561333,1
10054,S_NOUN_1_PASS_b,M,S,le chapeau avec la pomme était couvert <eos>,6,couvert,couverte,4,F,couvert,-6.0767193,couverte,-7.9294205,1
10055,S_NOUN_1_PASS_b,M,S,le chapeau avec la pomme était déformé <eos>,6,déformé,déformée,4,F,déformé,-9.25313,déformée,-10.198553,1
10056,S_NOUN_1_PASS_b,M,S,le chapeau avec la pomme était fixé <eos>,6,fixé,fixée,4,F,fixé,-6.1949196,fixée,-8.595735,1
10057,S_NOUN_1_PASS_b,M,S,le chapeau avec la pomme était jeté <eos>,6,jeté,jetée,4,F,jeté,-8.14554,jetée,-11.413721,1
10058,S_NOUN_1_PASS_b,M,S,le chapeau avec la pomme était laissé <eos>,6,laissé,laissée,4,F,laissé,-9.448093,laissée,-10.215292,1
10059,S_NOUN_1_PASS_b,M,S,le chapeau avec la pomme était ouvert <eos>,6,ouvert,ouverte,4,F,ouvert,-7.533581,ouverte,-8.668979,1
10060,S_NOUN_1_PASS_b,M,S,le chapeau avec la pomme était perdu <eos>,6,perdu,perdue,4,F,perdu,-9.363748,perdue,-11.393163,1
10061,S_NOUN_1_PASS_b,M,S,le chapeau avec la pomme était réparé <eos>,6,réparé,réparée,4,F,réparé,-11.8852215,réparée,-13.55616,1
10062,S_NOUN_1_PASS_b,M,S,le chapeau avec la pomme était retiré <eos>,6,retiré,retirée,4,F,retiré,-6.4608173,retirée,-10.974967,1
10063,S_NOUN_1_PASS_b,M,S,le chapeau avec la pomme était tombé <eos>,6,tombé,tombée,4,F,tombé,-7.949147,tombée,-9.789189,1
10064,S_NOUN_1_PASS_b,M,S,le chapeau avec la pomme était utilisé <eos>,6,utilisé,utilisée,4,F,utilisé,-4.0583816,utilisée,-6.6604323,1
10065,S_NOUN_1_PASS_b,M,S,le chapeau avec la tasse était acheté <eos>,6,acheté,achetée,4,F,acheté,-8.2194395,achetée,-10.676222,1
10066,S_NOUN_1_PASS_b,M,S,le chapeau avec la tasse était brisé <eos>,6,brisé,brisée,4,F,brisé,-8.477672,brisée,-11.465794,1
10067,S_NOUN_1_PASS_b,M,S,le chapeau avec la tasse était caché <eos>,6,caché,cachée,4,F,caché,-7.3703156,cachée,-10.356169,1
10068,S_NOUN_1_PASS_b,M,S,le chapeau avec la tasse était cassé <eos>,6,cassé,cassée,4,F,cassé,-6.997991,cassée,-10.97196,1
10069,S_NOUN_1_PASS_b,M,S,le chapeau avec la tasse était couvert <eos>,6,couvert,couverte,4,F,couvert,-5.474714,couverte,-8.17622,1
10070,S_NOUN_1_PASS_b,M,S,le chapeau avec la tasse était déformé <eos>,6,déformé,déformée,4,F,déformé,-9.476224,déformée,-10.695122,1
10071,S_NOUN_1_PASS_b,M,S,le chapeau avec la tasse était fixé <eos>,6,fixé,fixée,4,F,fixé,-5.6488686,fixée,-8.072027,1
10072,S_NOUN_1_PASS_b,M,S,le chapeau avec la tasse était jeté <eos>,6,jeté,jetée,4,F,jeté,-7.5017905,jetée,-11.231344,1
10073,S_NOUN_1_PASS_b,M,S,le chapeau avec la tasse était laissé <eos>,6,laissé,laissée,4,F,laissé,-8.638226,laissée,-9.78411,1
10074,S_NOUN_1_PASS_b,M,S,le chapeau avec la tasse était ouvert <eos>,6,ouvert,ouverte,4,F,ouvert,-6.523161,ouverte,-7.8772755,1
10075,S_NOUN_1_PASS_b,M,S,le chapeau avec la tasse était perdu <eos>,6,perdu,perdue,4,F,perdu,-9.078434,perdue,-11.80237,1
10076,S_NOUN_1_PASS_b,M,S,le chapeau avec la tasse était réparé <eos>,6,réparé,réparée,4,F,réparé,-11.200096,réparée,-13.23852,1
10077,S_NOUN_1_PASS_b,M,S,le chapeau avec la tasse était retiré <eos>,6,retiré,retirée,4,F,retiré,-6.131592,retirée,-10.037491,1
10078,S_NOUN_1_PASS_b,M,S,le chapeau avec la tasse était tombé <eos>,6,tombé,tombée,4,F,tombé,-8.488609,tombée,-10.257218,1
10079,S_NOUN_1_PASS_b,M,S,le chapeau avec la tasse était utilisé <eos>,6,utilisé,utilisée,4,F,utilisé,-3.5963051,utilisée,-6.0413265,1
10080,S_NOUN_1_PASS_b,M,S,le chapeau avec la bougie était acheté <eos>,6,acheté,achetée,4,F,acheté,-9.149506,achetée,-11.475824,1
10081,S_NOUN_1_PASS_b,M,S,le chapeau avec la bougie était brisé <eos>,6,brisé,brisée,4,F,brisé,-8.400906,brisée,-11.206135,1
10082,S_NOUN_1_PASS_b,M,S,le chapeau avec la bougie était caché <eos>,6,caché,cachée,4,F,caché,-7.827505,cachée,-10.837166,1
10083,S_NOUN_1_PASS_b,M,S,le chapeau avec la bougie était cassé <eos>,6,cassé,cassée,4,F,cassé,-5.9947824,cassée,-10.776564,1
10084,S_NOUN_1_PASS_b,M,S,le chapeau avec la bougie était couvert <eos>,6,couvert,couverte,4,F,couvert,-6.0915804,couverte,-8.541989,1
10085,S_NOUN_1_PASS_b,M,S,le chapeau avec la bougie était déformé <eos>,6,déformé,déformée,4,F,déformé,-9.185995,déformée,-10.658392,1
10086,S_NOUN_1_PASS_b,M,S,le chapeau avec la bougie était fixé <eos>,6,fixé,fixée,4,F,fixé,-5.873721,fixée,-8.702245,1
10087,S_NOUN_1_PASS_b,M,S,le chapeau avec la bougie était jeté <eos>,6,jeté,jetée,4,F,jeté,-8.286053,jetée,-11.770679,1
10088,S_NOUN_1_PASS_b,M,S,le chapeau avec la bougie était laissé <eos>,6,laissé,laissée,4,F,laissé,-8.955757,laissée,-11.57613,1
10089,S_NOUN_1_PASS_b,M,S,le chapeau avec la bougie était ouvert <eos>,6,ouvert,ouverte,4,F,ouvert,-7.227121,ouverte,-9.124329,1
10090,S_NOUN_1_PASS_b,M,S,le chapeau avec la bougie était perdu <eos>,6,perdu,perdue,4,F,perdu,-8.662738,perdue,-11.650316,1
10091,S_NOUN_1_PASS_b,M,S,le chapeau avec la bougie était réparé <eos>,6,réparé,réparée,4,F,réparé,-11.763224,réparée,-13.009309,1
10092,S_NOUN_1_PASS_b,M,S,le chapeau avec la bougie était retiré <eos>,6,retiré,retirée,4,F,retiré,-6.598254,retirée,-10.44134,1
10093,S_NOUN_1_PASS_b,M,S,le chapeau avec la bougie était tombé <eos>,6,tombé,tombée,4,F,tombé,-7.9667244,tombée,-9.825332,1
10094,S_NOUN_1_PASS_b,M,S,le chapeau avec la bougie était utilisé <eos>,6,utilisé,utilisée,4,F,utilisé,-4.086676,utilisée,-7.3172507,1
10095,S_NOUN_1_PASS_b,M,S,le chapeau avec la pochette était acheté <eos>,6,acheté,achetée,4,F,acheté,-9.166287,achetée,-10.3003845,1
10096,S_NOUN_1_PASS_b,M,S,le chapeau avec la pochette était brisé <eos>,6,brisé,brisée,4,F,brisé,-10.323124,brisée,-12.1332445,1
10097,S_NOUN_1_PASS_b,M,S,le chapeau avec la pochette était caché <eos>,6,caché,cachée,4,F,caché,-9.092481,cachée,-10.6000805,1
10098,S_NOUN_1_PASS_b,M,S,le chapeau avec la pochette était cassé <eos>,6,cassé,cassée,4,F,cassé,-8.205717,cassée,-11.51818,1
10099,S_NOUN_1_PASS_b,M,S,le chapeau avec la pochette était couvert <eos>,6,couvert,couverte,4,F,couvert,-7.0816565,couverte,-8.895998,1
10100,S_NOUN_1_PASS_b,M,S,le chapeau avec la pochette était déformé <eos>,6,déformé,déformée,4,F,déformé,-9.560081,déformée,-9.922998,1
10101,S_NOUN_1_PASS_b,M,S,le chapeau avec la pochette était fixé <eos>,6,fixé,fixée,4,F,fixé,-6.499277,fixée,-7.655759,1
10102,S_NOUN_1_PASS_b,M,S,le chapeau avec la pochette était jeté <eos>,6,jeté,jetée,4,F,jeté,-9.92325,jetée,-13.048439,1
10103,S_NOUN_1_PASS_b,M,S,le chapeau avec la pochette était laissé <eos>,6,laissé,laissée,4,F,laissé,-9.423721,laissée,-11.167294,1
10104,S_NOUN_1_PASS_b,M,S,le chapeau avec la pochette était ouvert <eos>,6,ouvert,ouverte,4,F,ouvert,-9.254269,ouverte,-9.887527,1
10105,S_NOUN_1_PASS_b,M,S,le chapeau avec la pochette était perdu <eos>,6,perdu,perdue,4,F,perdu,-9.418633,perdue,-11.996277,1
10106,S_NOUN_1_PASS_b,M,S,le chapeau avec la pochette était réparé <eos>,6,réparé,réparée,4,F,réparé,-13.3446245,réparée,-13.348781,1
10107,S_NOUN_1_PASS_b,M,S,le chapeau avec la pochette était retiré <eos>,6,retiré,retirée,4,F,retiré,-6.8545394,retirée,-9.734832,1
10108,S_NOUN_1_PASS_b,M,S,le chapeau avec la pochette était tombé <eos>,6,tombé,tombée,4,F,tombé,-8.714952,tombée,-9.989953,1
10109,S_NOUN_1_PASS_b,M,S,le chapeau avec la pochette était utilisé <eos>,6,utilisé,utilisée,4,F,utilisé,-6.6337414,utilisée,-8.532563,1
10110,S_NOUN_1_PASS_b,M,S,le chapeau avec la banane était acheté <eos>,6,acheté,achetée,4,F,acheté,-9.403191,achetée,-11.671093,1
10111,S_NOUN_1_PASS_b,M,S,le chapeau avec la banane était brisé <eos>,6,brisé,brisée,4,F,brisé,-9.665706,brisée,-12.3723545,1
10112,S_NOUN_1_PASS_b,M,S,le chapeau avec la banane était caché <eos>,6,caché,cachée,4,F,caché,-9.32185,cachée,-11.871203,1
10113,S_NOUN_1_PASS_b,M,S,le chapeau avec la banane était cassé <eos>,6,cassé,cassée,4,F,cassé,-7.404161,cassée,-11.876179,1
10114,S_NOUN_1_PASS_b,M,S,le chapeau avec la banane était couvert <eos>,6,couvert,couverte,4,F,couvert,-6.245735,couverte,-8.099031,1
10115,S_NOUN_1_PASS_b,M,S,le chapeau avec la banane était déformé <eos>,6,déformé,déformée,4,F,déformé,-10.455225,déformée,-11.389309,1
10116,S_NOUN_1_PASS_b,M,S,le chapeau avec la banane était fixé <eos>,6,fixé,fixée,4,F,fixé,-6.253133,fixée,-7.871645,1
10117,S_NOUN_1_PASS_b,M,S,le chapeau avec la banane était jeté <eos>,6,jeté,jetée,4,F,jeté,-8.620205,jetée,-12.124964,1
10118,S_NOUN_1_PASS_b,M,S,le chapeau avec la banane était laissé <eos>,6,laissé,laissée,4,F,laissé,-10.007254,laissée,-11.798801,1
10119,S_NOUN_1_PASS_b,M,S,le chapeau avec la banane était ouvert <eos>,6,ouvert,ouverte,4,F,ouvert,-7.7611513,ouverte,-8.875851,1
10120,S_NOUN_1_PASS_b,M,S,le chapeau avec la banane était perdu <eos>,6,perdu,perdue,4,F,perdu,-9.741642,perdue,-12.464229,1
10121,S_NOUN_1_PASS_b,M,S,le chapeau avec la banane était réparé <eos>,6,réparé,réparée,4,F,réparé,-12.268965,réparée,-14.042484,1
10122,S_NOUN_1_PASS_b,M,S,le chapeau avec la banane était retiré <eos>,6,retiré,retirée,4,F,retiré,-7.1982627,retirée,-11.497749,1
10123,S_NOUN_1_PASS_b,M,S,le chapeau avec la banane était tombé <eos>,6,tombé,tombée,4,F,tombé,-8.6506405,tombée,-10.165815,1
10124,S_NOUN_1_PASS_b,M,S,le chapeau avec la banane était utilisé <eos>,6,utilisé,utilisée,4,F,utilisé,-3.8481195,utilisée,-6.476486,1
10125,S_NOUN_1_PASS_b,M,S,le chapeau avec la robe était acheté <eos>,6,acheté,achetée,4,F,acheté,-10.671677,achetée,-11.212835,1
10126,S_NOUN_1_PASS_b,M,S,le chapeau avec la robe était brisé <eos>,6,brisé,brisée,4,F,brisé,-11.562798,brisée,-12.157543,1
10127,S_NOUN_1_PASS_b,M,S,le chapeau avec la robe était caché <eos>,6,caché,cachée,4,F,caché,-10.823866,cachée,-11.066065,1
10128,S_NOUN_1_PASS_b,M,S,le chapeau avec la robe était cassé <eos>,6,cassé,cassée,4,F,cassé,-7.734831,cassée,-11.540145,1
10129,S_NOUN_1_PASS_b,M,S,le chapeau avec la robe était couvert <eos>,6,couvert,couverte,4,F,couvert,-7.9917502,couverte,-7.582127,0
10130,S_NOUN_1_PASS_b,M,S,le chapeau avec la robe était déformé <eos>,6,déformé,déformée,4,F,déformé,-10.458128,déformée,-10.318054,0
10131,S_NOUN_1_PASS_b,M,S,le chapeau avec la robe était fixé <eos>,6,fixé,fixée,4,F,fixé,-6.640579,fixée,-7.3198156,1
10132,S_NOUN_1_PASS_b,M,S,le chapeau avec la robe était jeté <eos>,6,jeté,jetée,4,F,jeté,-9.78121,jetée,-13.084646,1
10133,S_NOUN_1_PASS_b,M,S,le chapeau avec la robe était laissé <eos>,6,laissé,laissée,4,F,laissé,-10.595157,laissée,-11.234416,1
10134,S_NOUN_1_PASS_b,M,S,le chapeau avec la robe était ouvert <eos>,6,ouvert,ouverte,4,F,ouvert,-9.456501,ouverte,-9.012364,0
10135,S_NOUN_1_PASS_b,M,S,le chapeau avec la robe était perdu <eos>,6,perdu,perdue,4,F,perdu,-11.156523,perdue,-12.516434,1
10136,S_NOUN_1_PASS_b,M,S,le chapeau avec la robe était réparé <eos>,6,réparé,réparée,4,F,réparé,-15.036276,réparée,-13.547432,0
10137,S_NOUN_1_PASS_b,M,S,le chapeau avec la robe était retiré <eos>,6,retiré,retirée,4,F,retiré,-7.3760824,retirée,-10.578159,1
10138,S_NOUN_1_PASS_b,M,S,le chapeau avec la robe était tombé <eos>,6,tombé,tombée,4,F,tombé,-9.640025,tombée,-8.954214,0
10139,S_NOUN_1_PASS_b,M,S,le chapeau avec la robe était utilisé <eos>,6,utilisé,utilisée,4,F,utilisé,-6.1227508,utilisée,-7.217582,1
10140,S_NOUN_1_PASS_b,M,S,le chapeau avec la valise était acheté <eos>,6,acheté,achetée,4,F,acheté,-7.6649427,achetée,-10.387512,1
10141,S_NOUN_1_PASS_b,M,S,le chapeau avec la valise était brisé <eos>,6,brisé,brisée,4,F,brisé,-7.909809,brisée,-9.803527,1
10142,S_NOUN_1_PASS_b,M,S,le chapeau avec la valise était caché <eos>,6,caché,cachée,4,F,caché,-7.0812263,cachée,-9.689887,1
10143,S_NOUN_1_PASS_b,M,S,le chapeau avec la valise était cassé <eos>,6,cassé,cassée,4,F,cassé,-6.6681833,cassée,-9.800818,1
10144,S_NOUN_1_PASS_b,M,S,le chapeau avec la valise était couvert <eos>,6,couvert,couverte,4,F,couvert,-5.367696,couverte,-7.5055485,1
10145,S_NOUN_1_PASS_b,M,S,le chapeau avec la valise était déformé <eos>,6,déformé,déformée,4,F,déformé,-9.112312,déformée,-10.523135,1
10146,S_NOUN_1_PASS_b,M,S,le chapeau avec la valise était fixé <eos>,6,fixé,fixée,4,F,fixé,-6.120385,fixée,-7.358386,1
10147,S_NOUN_1_PASS_b,M,S,le chapeau avec la valise était jeté <eos>,6,jeté,jetée,4,F,jeté,-7.252935,jetée,-11.143827,1
10148,S_NOUN_1_PASS_b,M,S,le chapeau avec la valise était laissé <eos>,6,laissé,laissée,4,F,laissé,-8.400489,laissée,-10.161587,1
10149,S_NOUN_1_PASS_b,M,S,le chapeau avec la valise était ouvert <eos>,6,ouvert,ouverte,4,F,ouvert,-6.3639355,ouverte,-7.316455,1
10150,S_NOUN_1_PASS_b,M,S,le chapeau avec la valise était perdu <eos>,6,perdu,perdue,4,F,perdu,-8.239162,perdue,-10.821563,1
10151,S_NOUN_1_PASS_b,M,S,le chapeau avec la valise était réparé <eos>,6,réparé,réparée,4,F,réparé,-11.311085,réparée,-12.777481,1
10152,S_NOUN_1_PASS_b,M,S,le chapeau avec la valise était retiré <eos>,6,retiré,retirée,4,F,retiré,-6.084015,retirée,-9.04949,1
10153,S_NOUN_1_PASS_b,M,S,le chapeau avec la valise était tombé <eos>,6,tombé,tombée,4,F,tombé,-7.51824,tombée,-8.941905,1
10154,S_NOUN_1_PASS_b,M,S,le chapeau avec la valise était utilisé <eos>,6,utilisé,utilisée,4,F,utilisé,-6.231414,utilisée,-8.797602,1
10155,S_NOUN_1_PASS_b,M,S,le chapeau avec la pendule était acheté <eos>,6,acheté,achetée,4,F,acheté,-9.762292,achetée,-11.17733,1
10156,S_NOUN_1_PASS_b,M,S,le chapeau avec la pendule était brisé <eos>,6,brisé,brisée,4,F,brisé,-8.305386,brisée,-9.044748,1
10157,S_NOUN_1_PASS_b,M,S,le chapeau avec la pendule était caché <eos>,6,caché,cachée,4,F,caché,-7.915857,cachée,-8.567699,1
10158,S_NOUN_1_PASS_b,M,S,le chapeau avec la pendule était cassé <eos>,6,cassé,cassée,4,F,cassé,-5.5225744,cassée,-8.486475,1
10159,S_NOUN_1_PASS_b,M,S,le chapeau avec la pendule était couvert <eos>,6,couvert,couverte,4,F,couvert,-5.39011,couverte,-6.406026,1
10160,S_NOUN_1_PASS_b,M,S,le chapeau avec la pendule était déformé <eos>,6,déformé,déformée,4,F,déformé,-9.62374,déformée,-9.558932,0
10161,S_NOUN_1_PASS_b,M,S,le chapeau avec la pendule était fixé <eos>,6,fixé,fixée,4,F,fixé,-4.734687,fixée,-6.018301,1
10162,S_NOUN_1_PASS_b,M,S,le chapeau avec la pendule était jeté <eos>,6,jeté,jetée,4,F,jeté,-8.015615,jetée,-11.466158,1
10163,S_NOUN_1_PASS_b,M,S,le chapeau avec la pendule était laissé <eos>,6,laissé,laissée,4,F,laissé,-9.73597,laissée,-10.410572,1
10164,S_NOUN_1_PASS_b,M,S,le chapeau avec la pendule était ouvert <eos>,6,ouvert,ouverte,4,F,ouvert,-6.540699,ouverte,-7.261404,1
10165,S_NOUN_1_PASS_b,M,S,le chapeau avec la pendule était perdu <eos>,6,perdu,perdue,4,F,perdu,-10.713771,perdue,-10.610857,0
10166,S_NOUN_1_PASS_b,M,S,le chapeau avec la pendule était réparé <eos>,6,réparé,réparée,4,F,réparé,-12.392663,réparée,-11.512618,0
10167,S_NOUN_1_PASS_b,M,S,le chapeau avec la pendule était retiré <eos>,6,retiré,retirée,4,F,retiré,-6.541498,retirée,-9.424711,1
10168,S_NOUN_1_PASS_b,M,S,le chapeau avec la pendule était tombé <eos>,6,tombé,tombée,4,F,tombé,-8.723807,tombée,-10.596165,1
10169,S_NOUN_1_PASS_b,M,S,le chapeau avec la pendule était utilisé <eos>,6,utilisé,utilisée,4,F,utilisé,-5.027283,utilisée,-6.64278,1
10170,S_NOUN_1_PASS_b,M,S,le chapeau avec la cloche était acheté <eos>,6,acheté,achetée,4,F,acheté,-8.832393,achetée,-10.470417,1
10171,S_NOUN_1_PASS_b,M,S,le chapeau avec la cloche était brisé <eos>,6,brisé,brisée,4,F,brisé,-7.8671265,brisée,-9.847932,1
10172,S_NOUN_1_PASS_b,M,S,le chapeau avec la cloche était caché <eos>,6,caché,cachée,4,F,caché,-7.722103,cachée,-9.302764,1
10173,S_NOUN_1_PASS_b,M,S,le chapeau avec la cloche était cassé <eos>,6,cassé,cassée,4,F,cassé,-7.1101985,cassée,-9.632948,1
10174,S_NOUN_1_PASS_b,M,S,le chapeau avec la cloche était couvert <eos>,6,couvert,couverte,4,F,couvert,-5.399685,couverte,-7.4583616,1
10175,S_NOUN_1_PASS_b,M,S,le chapeau avec la cloche était déformé <eos>,6,déformé,déformée,4,F,déformé,-9.753604,déformée,-10.148993,1
10176,S_NOUN_1_PASS_b,M,S,le chapeau avec la cloche était fixé <eos>,6,fixé,fixée,4,F,fixé,-5.7224956,fixée,-7.0334544,1
10177,S_NOUN_1_PASS_b,M,S,le chapeau avec la cloche était jeté <eos>,6,jeté,jetée,4,F,jeté,-7.3930864,jetée,-10.9031315,1
10178,S_NOUN_1_PASS_b,M,S,le chapeau avec la cloche était laissé <eos>,6,laissé,laissée,4,F,laissé,-8.741483,laissée,-10.525315,1
10179,S_NOUN_1_PASS_b,M,S,le chapeau avec la cloche était ouvert <eos>,6,ouvert,ouverte,4,F,ouvert,-7.1682653,ouverte,-8.117254,1
10180,S_NOUN_1_PASS_b,M,S,le chapeau avec la cloche était perdu <eos>,6,perdu,perdue,4,F,perdu,-8.678287,perdue,-10.724,1
10181,S_NOUN_1_PASS_b,M,S,le chapeau avec la cloche était réparé <eos>,6,réparé,réparée,4,F,réparé,-10.58629,réparée,-10.885607,1
10182,S_NOUN_1_PASS_b,M,S,le chapeau avec la cloche était retiré <eos>,6,retiré,retirée,4,F,retiré,-6.8848143,retirée,-10.69778,1
10183,S_NOUN_1_PASS_b,M,S,le chapeau avec la cloche était tombé <eos>,6,tombé,tombée,4,F,tombé,-6.8194766,tombée,-8.741917,1
10184,S_NOUN_1_PASS_b,M,S,le chapeau avec la cloche était utilisé <eos>,6,utilisé,utilisée,4,F,utilisé,-5.252588,utilisée,-7.413112,1
10185,S_NOUN_1_PASS_b,M,S,le chapeau avec la cerise était acheté <eos>,6,acheté,achetée,4,F,acheté,-9.078108,achetée,-11.96268,1
10186,S_NOUN_1_PASS_b,M,S,le chapeau avec la cerise était brisé <eos>,6,brisé,brisée,4,F,brisé,-9.439615,brisée,-12.709242,1
10187,S_NOUN_1_PASS_b,M,S,le chapeau avec la cerise était caché <eos>,6,caché,cachée,4,F,caché,-9.157105,cachée,-11.935156,1
10188,S_NOUN_1_PASS_b,M,S,le chapeau avec la cerise était cassé <eos>,6,cassé,cassée,4,F,cassé,-7.1760607,cassée,-11.858843,1
10189,S_NOUN_1_PASS_b,M,S,le chapeau avec la cerise était couvert <eos>,6,couvert,couverte,4,F,couvert,-6.1213837,couverte,-8.436525,1
10190,S_NOUN_1_PASS_b,M,S,le chapeau avec la cerise était déformé <eos>,6,déformé,déformée,4,F,déformé,-10.257058,déformée,-11.504796,1
10191,S_NOUN_1_PASS_b,M,S,le chapeau avec la cerise était fixé <eos>,6,fixé,fixée,4,F,fixé,-6.515726,fixée,-8.991874,1
10192,S_NOUN_1_PASS_b,M,S,le chapeau avec la cerise était jeté <eos>,6,jeté,jetée,4,F,jeté,-9.359487,jetée,-12.356276,1
10193,S_NOUN_1_PASS_b,M,S,le chapeau avec la cerise était laissé <eos>,6,laissé,laissée,4,F,laissé,-10.007563,laissée,-12.029961,1
10194,S_NOUN_1_PASS_b,M,S,le chapeau avec la cerise était ouvert <eos>,6,ouvert,ouverte,4,F,ouvert,-8.119688,ouverte,-9.749102,1
10195,S_NOUN_1_PASS_b,M,S,le chapeau avec la cerise était perdu <eos>,6,perdu,perdue,4,F,perdu,-9.699777,perdue,-12.940003,1
10196,S_NOUN_1_PASS_b,M,S,le chapeau avec la cerise était réparé <eos>,6,réparé,réparée,4,F,réparé,-12.782764,réparée,-14.839319,1
10197,S_NOUN_1_PASS_b,M,S,le chapeau avec la cerise était retiré <eos>,6,retiré,retirée,4,F,retiré,-7.522185,retirée,-11.741897,1
10198,S_NOUN_1_PASS_b,M,S,le chapeau avec la cerise était tombé <eos>,6,tombé,tombée,4,F,tombé,-8.681698,tombée,-10.01564,1
10199,S_NOUN_1_PASS_b,M,S,le chapeau avec la cerise était utilisé <eos>,6,utilisé,utilisée,4,F,utilisé,-4.0582843,utilisée,-6.684645,1
10200,S_NOUN_1_PASS_b,M,S,le pot avec la gemme était acheté <eos>,6,acheté,achetée,4,F,acheté,-7.6671877,achetée,-10.6908455,1
10201,S_NOUN_1_PASS_b,M,S,le pot avec la gemme était brisé <eos>,6,brisé,brisée,4,F,brisé,-8.3723755,brisée,-11.199057,1
10202,S_NOUN_1_PASS_b,M,S,le pot avec la gemme était caché <eos>,6,caché,cachée,4,F,caché,-7.414054,cachée,-11.082049,1
10203,S_NOUN_1_PASS_b,M,S,le pot avec la gemme était cassé <eos>,6,cassé,cassée,4,F,cassé,-6.3718233,cassée,-10.783825,1
10204,S_NOUN_1_PASS_b,M,S,le pot avec la gemme était couvert <eos>,6,couvert,couverte,4,F,couvert,-5.5654306,couverte,-9.634433,1
10205,S_NOUN_1_PASS_b,M,S,le pot avec la gemme était déformé <eos>,6,déformé,déformée,4,F,déformé,-10.850697,déformée,-12.636539,1
10206,S_NOUN_1_PASS_b,M,S,le pot avec la gemme était fixé <eos>,6,fixé,fixée,4,F,fixé,-4.539267,fixée,-8.331514,1
10207,S_NOUN_1_PASS_b,M,S,le pot avec la gemme était jeté <eos>,6,jeté,jetée,4,F,jeté,-7.2803154,jetée,-10.882828,1
10208,S_NOUN_1_PASS_b,M,S,le pot avec la gemme était laissé <eos>,6,laissé,laissée,4,F,laissé,-7.7944927,laissée,-10.38547,1
10209,S_NOUN_1_PASS_b,M,S,le pot avec la gemme était ouvert <eos>,6,ouvert,ouverte,4,F,ouvert,-6.6127977,ouverte,-10.091076,1
10210,S_NOUN_1_PASS_b,M,S,le pot avec la gemme était perdu <eos>,6,perdu,perdue,4,F,perdu,-8.071281,perdue,-12.072053,1
10211,S_NOUN_1_PASS_b,M,S,le pot avec la gemme était réparé <eos>,6,réparé,réparée,4,F,réparé,-9.609624,réparée,-12.965569,1
10212,S_NOUN_1_PASS_b,M,S,le pot avec la gemme était retiré <eos>,6,retiré,retirée,4,F,retiré,-6.668537,retirée,-11.366584,1
10213,S_NOUN_1_PASS_b,M,S,le pot avec la gemme était tombé <eos>,6,tombé,tombée,4,F,tombé,-8.1831455,tombée,-10.699024,1
10214,S_NOUN_1_PASS_b,M,S,le pot avec la gemme était utilisé <eos>,6,utilisé,utilisée,4,F,utilisé,-3.0501437,utilisée,-7.233291,1
10215,S_NOUN_1_PASS_b,M,S,le pot avec la chaise était acheté <eos>,6,acheté,achetée,4,F,acheté,-7.8255057,achetée,-10.709152,1
10216,S_NOUN_1_PASS_b,M,S,le pot avec la chaise était brisé <eos>,6,brisé,brisée,4,F,brisé,-8.0543785,brisée,-9.966155,1
10217,S_NOUN_1_PASS_b,M,S,le pot avec la chaise était caché <eos>,6,caché,cachée,4,F,caché,-7.869363,cachée,-11.060314,1
10218,S_NOUN_1_PASS_b,M,S,le pot avec la chaise était cassé <eos>,6,cassé,cassée,4,F,cassé,-6.396863,cassée,-9.889016,1
10219,S_NOUN_1_PASS_b,M,S,le pot avec la chaise était couvert <eos>,6,couvert,couverte,4,F,couvert,-5.2440467,couverte,-8.550861,1
10220,S_NOUN_1_PASS_b,M,S,le pot avec la chaise était déformé <eos>,6,déformé,déformée,4,F,déformé,-10.770336,déformée,-12.000326,1
10221,S_NOUN_1_PASS_b,M,S,le pot avec la chaise était fixé <eos>,6,fixé,fixée,4,F,fixé,-5.660514,fixée,-8.245098,1
10222,S_NOUN_1_PASS_b,M,S,le pot avec la chaise était jeté <eos>,6,jeté,jetée,4,F,jeté,-7.309915,jetée,-11.29661,1
10223,S_NOUN_1_PASS_b,M,S,le pot avec la chaise était laissé <eos>,6,laissé,laissée,4,F,laissé,-7.864888,laissée,-10.352494,1
10224,S_NOUN_1_PASS_b,M,S,le pot avec la chaise était ouvert <eos>,6,ouvert,ouverte,4,F,ouvert,-5.8851013,ouverte,-8.631026,1
10225,S_NOUN_1_PASS_b,M,S,le pot avec la chaise était perdu <eos>,6,perdu,perdue,4,F,perdu,-7.934887,perdue,-11.551552,1
10226,S_NOUN_1_PASS_b,M,S,le pot avec la chaise était réparé <eos>,6,réparé,réparée,4,F,réparé,-9.489121,réparée,-11.539282,1
10227,S_NOUN_1_PASS_b,M,S,le pot avec la chaise était retiré <eos>,6,retiré,retirée,4,F,retiré,-6.6477275,retirée,-10.589394,1
10228,S_NOUN_1_PASS_b,M,S,le pot avec la chaise était tombé <eos>,6,tombé,tombée,4,F,tombé,-7.9309554,tombée,-10.800648,1
10229,S_NOUN_1_PASS_b,M,S,le pot avec la chaise était utilisé <eos>,6,utilisé,utilisée,4,F,utilisé,-3.6050406,utilisée,-7.2471237,1
10230,S_NOUN_1_PASS_b,M,S,le pot avec la poubelle était acheté <eos>,6,acheté,achetée,4,F,acheté,-6.9974465,achetée,-10.33919,1
10231,S_NOUN_1_PASS_b,M,S,le pot avec la poubelle était brisé <eos>,6,brisé,brisée,4,F,brisé,-8.242689,brisée,-11.309582,1
10232,S_NOUN_1_PASS_b,M,S,le pot avec la poubelle était caché <eos>,6,caché,cachée,4,F,caché,-6.959134,cachée,-10.709572,1
10233,S_NOUN_1_PASS_b,M,S,le pot avec la poubelle était cassé <eos>,6,cassé,cassée,4,F,cassé,-7.1263466,cassée,-10.582578,1
10234,S_NOUN_1_PASS_b,M,S,le pot avec la poubelle était couvert <eos>,6,couvert,couverte,4,F,couvert,-5.826222,couverte,-9.531992,1
10235,S_NOUN_1_PASS_b,M,S,le pot avec la poubelle était déformé <eos>,6,déformé,déformée,4,F,déformé,-10.138295,déformée,-12.316442,1
10236,S_NOUN_1_PASS_b,M,S,le pot avec la poubelle était fixé <eos>,6,fixé,fixée,4,F,fixé,-6.085153,fixée,-9.379226,1
10237,S_NOUN_1_PASS_b,M,S,le pot avec la poubelle était jeté <eos>,6,jeté,jetée,4,F,jeté,-7.2946787,jetée,-10.551869,1
10238,S_NOUN_1_PASS_b,M,S,le pot avec la poubelle était laissé <eos>,6,laissé,laissée,4,F,laissé,-7.2294483,laissée,-10.008554,1
10239,S_NOUN_1_PASS_b,M,S,le pot avec la poubelle était ouvert <eos>,6,ouvert,ouverte,4,F,ouvert,-6.2561398,ouverte,-9.762616,1
10240,S_NOUN_1_PASS_b,M,S,le pot avec la poubelle était perdu <eos>,6,perdu,perdue,4,F,perdu,-6.849636,perdue,-10.980587,1
10241,S_NOUN_1_PASS_b,M,S,le pot avec la poubelle était réparé <eos>,6,réparé,réparée,4,F,réparé,-9.25293,réparée,-12.127685,1
10242,S_NOUN_1_PASS_b,M,S,le pot avec la poubelle était retiré <eos>,6,retiré,retirée,4,F,retiré,-6.7008677,retirée,-10.794481,1
10243,S_NOUN_1_PASS_b,M,S,le pot avec la poubelle était tombé <eos>,6,tombé,tombée,4,F,tombé,-7.9345407,tombée,-10.395744,1
10244,S_NOUN_1_PASS_b,M,S,le pot avec la poubelle était utilisé <eos>,6,utilisé,utilisée,4,F,utilisé,-3.8084126,utilisée,-7.678895,1
10245,S_NOUN_1_PASS_b,M,S,le pot avec la chemise était acheté <eos>,6,acheté,achetée,4,F,acheté,-7.642846,achetée,-11.010652,1
10246,S_NOUN_1_PASS_b,M,S,le pot avec la chemise était brisé <eos>,6,brisé,brisée,4,F,brisé,-8.367897,brisée,-11.38264,1
10247,S_NOUN_1_PASS_b,M,S,le pot avec la chemise était caché <eos>,6,caché,cachée,4,F,caché,-7.596039,cachée,-11.212937,1
10248,S_NOUN_1_PASS_b,M,S,le pot avec la chemise était cassé <eos>,6,cassé,cassée,4,F,cassé,-6.366481,cassée,-11.1739,1
10249,S_NOUN_1_PASS_b,M,S,le pot avec la chemise était couvert <eos>,6,couvert,couverte,4,F,couvert,-5.3936577,couverte,-8.994,1
10250,S_NOUN_1_PASS_b,M,S,le pot avec la chemise était déformé <eos>,6,déformé,déformée,4,F,déformé,-10.585061,déformée,-12.325226,1
10251,S_NOUN_1_PASS_b,M,S,le pot avec la chemise était fixé <eos>,6,fixé,fixée,4,F,fixé,-5.0183296,fixée,-8.548143,1
10252,S_NOUN_1_PASS_b,M,S,le pot avec la chemise était jeté <eos>,6,jeté,jetée,4,F,jeté,-7.0048294,jetée,-11.556791,1
10253,S_NOUN_1_PASS_b,M,S,le pot avec la chemise était laissé <eos>,6,laissé,laissée,4,F,laissé,-7.8191137,laissée,-10.831262,1
10254,S_NOUN_1_PASS_b,M,S,le pot avec la chemise était ouvert <eos>,6,ouvert,ouverte,4,F,ouvert,-6.1183524,ouverte,-9.256504,1
10255,S_NOUN_1_PASS_b,M,S,le pot avec la chemise était perdu <eos>,6,perdu,perdue,4,F,perdu,-7.921215,perdue,-12.503847,1
10256,S_NOUN_1_PASS_b,M,S,le pot avec la chemise était réparé <eos>,6,réparé,réparée,4,F,réparé,-10.650496,réparée,-12.850992,1
10257,S_NOUN_1_PASS_b,M,S,le pot avec la chemise était retiré <eos>,6,retiré,retirée,4,F,retiré,-6.0376644,retirée,-11.224218,1
10258,S_NOUN_1_PASS_b,M,S,le pot avec la chemise était tombé <eos>,6,tombé,tombée,4,F,tombé,-7.5449333,tombée,-10.48064,1
10259,S_NOUN_1_PASS_b,M,S,le pot avec la chemise était utilisé <eos>,6,utilisé,utilisée,4,F,utilisé,-3.4454975,utilisée,-7.5617704,1
10260,S_NOUN_1_PASS_b,M,S,le pot avec la recette était acheté <eos>,6,acheté,achetée,4,F,acheté,-8.317307,achetée,-11.139232,1
10261,S_NOUN_1_PASS_b,M,S,le pot avec la recette était brisé <eos>,6,brisé,brisée,4,F,brisé,-9.102589,brisée,-11.495695,1
10262,S_NOUN_1_PASS_b,M,S,le pot avec la recette était caché <eos>,6,caché,cachée,4,F,caché,-8.457576,cachée,-11.842804,1
10263,S_NOUN_1_PASS_b,M,S,le pot avec la recette était cassé <eos>,6,cassé,cassée,4,F,cassé,-8.5653515,cassée,-11.309233,1
10264,S_NOUN_1_PASS_b,M,S,le pot avec la recette était couvert <eos>,6,couvert,couverte,4,F,couvert,-6.7475796,couverte,-10.477623,1
10265,S_NOUN_1_PASS_b,M,S,le pot avec la recette était déformé <eos>,6,déformé,déformée,4,F,déformé,-11.896004,déformée,-12.727088,1
10266,S_NOUN_1_PASS_b,M,S,le pot avec la recette était fixé <eos>,6,fixé,fixée,4,F,fixé,-5.5147095,fixée,-8.110798,1
10267,S_NOUN_1_PASS_b,M,S,le pot avec la recette était jeté <eos>,6,jeté,jetée,4,F,jeté,-8.384416,jetée,-11.314778,1
10268,S_NOUN_1_PASS_b,M,S,le pot avec la recette était laissé <eos>,6,laissé,laissée,4,F,laissé,-8.645346,laissée,-10.694195,1
10269,S_NOUN_1_PASS_b,M,S,le pot avec la recette était ouvert <eos>,6,ouvert,ouverte,4,F,ouvert,-7.1337914,ouverte,-10.449728,1
10270,S_NOUN_1_PASS_b,M,S,le pot avec la recette était perdu <eos>,6,perdu,perdue,4,F,perdu,-8.491549,perdue,-11.300079,1
10271,S_NOUN_1_PASS_b,M,S,le pot avec la recette était réparé <eos>,6,réparé,réparée,4,F,réparé,-10.861765,réparée,-13.828882,1
10272,S_NOUN_1_PASS_b,M,S,le pot avec la recette était retiré <eos>,6,retiré,retirée,4,F,retiré,-7.7930126,retirée,-11.754449,1
10273,S_NOUN_1_PASS_b,M,S,le pot avec la recette était tombé <eos>,6,tombé,tombée,4,F,tombé,-8.451343,tombée,-10.7839365,1
10274,S_NOUN_1_PASS_b,M,S,le pot avec la recette était utilisé <eos>,6,utilisé,utilisée,4,F,utilisé,-4.8324738,utilisée,-8.26454,1
10275,S_NOUN_1_PASS_b,M,S,le pot avec la jupe était acheté <eos>,6,acheté,achetée,4,F,acheté,-8.716842,achetée,-10.9096985,1
10276,S_NOUN_1_PASS_b,M,S,le pot avec la jupe était brisé <eos>,6,brisé,brisée,4,F,brisé,-8.008278,brisée,-10.151145,1
10277,S_NOUN_1_PASS_b,M,S,le pot avec la jupe était caché <eos>,6,caché,cachée,4,F,caché,-8.053095,cachée,-10.085264,1
10278,S_NOUN_1_PASS_b,M,S,le pot avec la jupe était cassé <eos>,6,cassé,cassée,4,F,cassé,-5.8541117,cassée,-9.7641535,1
10279,S_NOUN_1_PASS_b,M,S,le pot avec la jupe était couvert <eos>,6,couvert,couverte,4,F,couvert,-5.386359,couverte,-8.484709,1
10280,S_NOUN_1_PASS_b,M,S,le pot avec la jupe était déformé <eos>,6,déformé,déformée,4,F,déformé,-10.53559,déformée,-10.804199,1
10281,S_NOUN_1_PASS_b,M,S,le pot avec la jupe était fixé <eos>,6,fixé,fixée,4,F,fixé,-5.420083,fixée,-7.736288,1
10282,S_NOUN_1_PASS_b,M,S,le pot avec la jupe était jeté <eos>,6,jeté,jetée,4,F,jeté,-7.595685,jetée,-11.669762,1
10283,S_NOUN_1_PASS_b,M,S,le pot avec la jupe était laissé <eos>,6,laissé,laissée,4,F,laissé,-8.265537,laissée,-10.069588,1
10284,S_NOUN_1_PASS_b,M,S,le pot avec la jupe était ouvert <eos>,6,ouvert,ouverte,4,F,ouvert,-6.3568573,ouverte,-8.282687,1
10285,S_NOUN_1_PASS_b,M,S,le pot avec la jupe était perdu <eos>,6,perdu,perdue,4,F,perdu,-8.224544,perdue,-11.703296,1
10286,S_NOUN_1_PASS_b,M,S,le pot avec la jupe était réparé <eos>,6,réparé,réparée,4,F,réparé,-10.856115,réparée,-11.546289,1
10287,S_NOUN_1_PASS_b,M,S,le pot avec la jupe était retiré <eos>,6,retiré,retirée,4,F,retiré,-6.635901,retirée,-10.582613,1
10288,S_NOUN_1_PASS_b,M,S,le pot avec la jupe était tombé <eos>,6,tombé,tombée,4,F,tombé,-7.806738,tombée,-10.519893,1
10289,S_NOUN_1_PASS_b,M,S,le pot avec la jupe était utilisé <eos>,6,utilisé,utilisée,4,F,utilisé,-4.612135,utilisée,-7.6278973,1
10290,S_NOUN_1_PASS_b,M,S,le pot avec la colle était acheté <eos>,6,acheté,achetée,4,F,acheté,-6.987117,achetée,-10.350967,1
10291,S_NOUN_1_PASS_b,M,S,le pot avec la colle était brisé <eos>,6,brisé,brisée,4,F,brisé,-8.468761,brisée,-11.192266,1
10292,S_NOUN_1_PASS_b,M,S,le pot avec la colle était caché <eos>,6,caché,cachée,4,F,caché,-7.266077,cachée,-10.46488,1
10293,S_NOUN_1_PASS_b,M,S,le pot avec la colle était cassé <eos>,6,cassé,cassée,4,F,cassé,-7.113864,cassée,-10.783743,1
10294,S_NOUN_1_PASS_b,M,S,le pot avec la colle était couvert <eos>,6,couvert,couverte,4,F,couvert,-6.0406055,couverte,-9.672098,1
10295,S_NOUN_1_PASS_b,M,S,le pot avec la colle était déformé <eos>,6,déformé,déformée,4,F,déformé,-10.083025,déformée,-11.99441,1
10296,S_NOUN_1_PASS_b,M,S,le pot avec la colle était fixé <eos>,6,fixé,fixée,4,F,fixé,-5.359169,fixée,-8.707638,1
10297,S_NOUN_1_PASS_b,M,S,le pot avec la colle était jeté <eos>,6,jeté,jetée,4,F,jeté,-7.5050106,jetée,-11.227535,1
10298,S_NOUN_1_PASS_b,M,S,le pot avec la colle était laissé <eos>,6,laissé,laissée,4,F,laissé,-7.7593684,laissée,-10.004232,1
10299,S_NOUN_1_PASS_b,M,S,le pot avec la colle était ouvert <eos>,6,ouvert,ouverte,4,F,ouvert,-6.6435575,ouverte,-9.613757,1
10300,S_NOUN_1_PASS_b,M,S,le pot avec la colle était perdu <eos>,6,perdu,perdue,4,F,perdu,-7.6993647,perdue,-10.58022,1
10301,S_NOUN_1_PASS_b,M,S,le pot avec la colle était réparé <eos>,6,réparé,réparée,4,F,réparé,-10.034677,réparée,-13.338783,1
10302,S_NOUN_1_PASS_b,M,S,le pot avec la colle était retiré <eos>,6,retiré,retirée,4,F,retiré,-6.0732646,retirée,-10.485726,1
10303,S_NOUN_1_PASS_b,M,S,le pot avec la colle était tombé <eos>,6,tombé,tombée,4,F,tombé,-7.6924295,tombée,-10.630518,1
10304,S_NOUN_1_PASS_b,M,S,le pot avec la colle était utilisé <eos>,6,utilisé,utilisée,4,F,utilisé,-3.3397405,utilisée,-7.154602,1
10305,S_NOUN_1_PASS_b,M,S,le pot avec la lampe était acheté <eos>,6,acheté,achetée,4,F,acheté,-8.318342,achetée,-10.108145,1
10306,S_NOUN_1_PASS_b,M,S,le pot avec la lampe était brisé <eos>,6,brisé,brisée,4,F,brisé,-7.374542,brisée,-9.771325,1
10307,S_NOUN_1_PASS_b,M,S,le pot avec la lampe était caché <eos>,6,caché,cachée,4,F,caché,-7.40996,cachée,-10.155929,1
10308,S_NOUN_1_PASS_b,M,S,le pot avec la lampe était cassé <eos>,6,cassé,cassée,4,F,cassé,-7.508324,cassée,-10.42058,1
10309,S_NOUN_1_PASS_b,M,S,le pot avec la lampe était couvert <eos>,6,couvert,couverte,4,F,couvert,-5.9817224,couverte,-9.289513,1
10310,S_NOUN_1_PASS_b,M,S,le pot avec la lampe était déformé <eos>,6,déformé,déformée,4,F,déformé,-10.6271515,déformée,-11.808509,1
10311,S_NOUN_1_PASS_b,M,S,le pot avec la lampe était fixé <eos>,6,fixé,fixée,4,F,fixé,-5.0107875,fixée,-7.9522243,1
10312,S_NOUN_1_PASS_b,M,S,le pot avec la lampe était jeté <eos>,6,jeté,jetée,4,F,jeté,-7.549404,jetée,-10.262489,1
10313,S_NOUN_1_PASS_b,M,S,le pot avec la lampe était laissé <eos>,6,laissé,laissée,4,F,laissé,-8.172735,laissée,-9.831417,1
10314,S_NOUN_1_PASS_b,M,S,le pot avec la lampe était ouvert <eos>,6,ouvert,ouverte,4,F,ouvert,-6.4702387,ouverte,-9.2526455,1
10315,S_NOUN_1_PASS_b,M,S,le pot avec la lampe était perdu <eos>,6,perdu,perdue,4,F,perdu,-8.066803,perdue,-11.252944,1
10316,S_NOUN_1_PASS_b,M,S,le pot avec la lampe était réparé <eos>,6,réparé,réparée,4,F,réparé,-9.976653,réparée,-12.158734,1
10317,S_NOUN_1_PASS_b,M,S,le pot avec la lampe était retiré <eos>,6,retiré,retirée,4,F,retiré,-7.247779,retirée,-10.202915,1
10318,S_NOUN_1_PASS_b,M,S,le pot avec la lampe était tombé <eos>,6,tombé,tombée,4,F,tombé,-8.071487,tombée,-10.653389,1
10319,S_NOUN_1_PASS_b,M,S,le pot avec la lampe était utilisé <eos>,6,utilisé,utilisée,4,F,utilisé,-3.5921922,utilisée,-7.022041,1
10320,S_NOUN_1_PASS_b,M,S,le pot avec la bouteille était acheté <eos>,6,acheté,achetée,4,F,acheté,-7.4715815,achetée,-10.7165365,1
10321,S_NOUN_1_PASS_b,M,S,le pot avec la bouteille était brisé <eos>,6,brisé,brisée,4,F,brisé,-8.156714,brisée,-10.827927,1
10322,S_NOUN_1_PASS_b,M,S,le pot avec la bouteille était caché <eos>,6,caché,cachée,4,F,caché,-7.3836794,cachée,-10.858945,1
10323,S_NOUN_1_PASS_b,M,S,le pot avec la bouteille était cassé <eos>,6,cassé,cassée,4,F,cassé,-6.3250904,cassée,-10.171128,1
10324,S_NOUN_1_PASS_b,M,S,le pot avec la bouteille était couvert <eos>,6,couvert,couverte,4,F,couvert,-5.6829576,couverte,-9.846563,1
10325,S_NOUN_1_PASS_b,M,S,le pot avec la bouteille était déformé <eos>,6,déformé,déformée,4,F,déformé,-10.568648,déformée,-12.22035,1
10326,S_NOUN_1_PASS_b,M,S,le pot avec la bouteille était fixé <eos>,6,fixé,fixée,4,F,fixé,-4.81518,fixée,-8.466175,1
10327,S_NOUN_1_PASS_b,M,S,le pot avec la bouteille était jeté <eos>,6,jeté,jetée,4,F,jeté,-7.266636,jetée,-10.630718,1
10328,S_NOUN_1_PASS_b,M,S,le pot avec la bouteille était laissé <eos>,6,laissé,laissée,4,F,laissé,-7.696882,laissée,-10.105324,1
10329,S_NOUN_1_PASS_b,M,S,le pot avec la bouteille était ouvert <eos>,6,ouvert,ouverte,4,F,ouvert,-6.158699,ouverte,-9.636688,1
10330,S_NOUN_1_PASS_b,M,S,le pot avec la bouteille était perdu <eos>,6,perdu,perdue,4,F,perdu,-7.544905,perdue,-11.287014,1
10331,S_NOUN_1_PASS_b,M,S,le pot avec la bouteille était réparé <eos>,6,réparé,réparée,4,F,réparé,-9.664256,réparée,-13.0300045,1
10332,S_NOUN_1_PASS_b,M,S,le pot avec la bouteille était retiré <eos>,6,retiré,retirée,4,F,retiré,-6.318591,retirée,-10.555809,1
10333,S_NOUN_1_PASS_b,M,S,le pot avec la bouteille était tombé <eos>,6,tombé,tombée,4,F,tombé,-8.049321,tombée,-10.825185,1
10334,S_NOUN_1_PASS_b,M,S,le pot avec la bouteille était utilisé <eos>,6,utilisé,utilisée,4,F,utilisé,-3.8068109,utilisée,-7.761811,1
10335,S_NOUN_1_PASS_b,M,S,le pot avec la boisson était acheté <eos>,6,acheté,achetée,4,F,acheté,-8.064353,achetée,-10.904238,1
10336,S_NOUN_1_PASS_b,M,S,le pot avec la boisson était brisé <eos>,6,brisé,brisée,4,F,brisé,-10.008602,brisée,-12.034381,1
10337,S_NOUN_1_PASS_b,M,S,le pot avec la boisson était caché <eos>,6,caché,cachée,4,F,caché,-8.763048,cachée,-11.991761,1
10338,S_NOUN_1_PASS_b,M,S,le pot avec la boisson était cassé <eos>,6,cassé,cassée,4,F,cassé,-8.039764,cassée,-12.072683,1
10339,S_NOUN_1_PASS_b,M,S,le pot avec la boisson était couvert <eos>,6,couvert,couverte,4,F,couvert,-7.064117,couverte,-10.83633,1
10340,S_NOUN_1_PASS_b,M,S,le pot avec la boisson était déformé <eos>,6,déformé,déformée,4,F,déformé,-11.242819,déformée,-12.784496,1
10341,S_NOUN_1_PASS_b,M,S,le pot avec la boisson était fixé <eos>,6,fixé,fixée,4,F,fixé,-6.192833,fixée,-9.378719,1
10342,S_NOUN_1_PASS_b,M,S,le pot avec la boisson était jeté <eos>,6,jeté,jetée,4,F,jeté,-7.9285536,jetée,-11.504219,1
10343,S_NOUN_1_PASS_b,M,S,le pot avec la boisson était laissé <eos>,6,laissé,laissée,4,F,laissé,-8.6746235,laissée,-10.765453,1
10344,S_NOUN_1_PASS_b,M,S,le pot avec la boisson était ouvert <eos>,6,ouvert,ouverte,4,F,ouvert,-7.656758,ouverte,-10.669531,1
10345,S_NOUN_1_PASS_b,M,S,le pot avec la boisson était perdu <eos>,6,perdu,perdue,4,F,perdu,-8.267538,perdue,-11.105557,1
10346,S_NOUN_1_PASS_b,M,S,le pot avec la boisson était réparé <eos>,6,réparé,réparée,4,F,réparé,-10.85737,réparée,-14.265978,1
10347,S_NOUN_1_PASS_b,M,S,le pot avec la boisson était retiré <eos>,6,retiré,retirée,4,F,retiré,-7.1019382,retirée,-11.402113,1
10348,S_NOUN_1_PASS_b,M,S,le pot avec la boisson était tombé <eos>,6,tombé,tombée,4,F,tombé,-8.173854,tombée,-10.414402,1
10349,S_NOUN_1_PASS_b,M,S,le pot avec la boisson était utilisé <eos>,6,utilisé,utilisée,4,F,utilisé,-3.773816,utilisée,-7.3727207,1
10350,S_NOUN_1_PASS_b,M,S,le pot avec la pomme était acheté <eos>,6,acheté,achetée,4,F,acheté,-7.8036456,achetée,-11.313732,1
10351,S_NOUN_1_PASS_b,M,S,le pot avec la pomme était brisé <eos>,6,brisé,brisée,4,F,brisé,-7.761404,brisée,-11.38035,1
10352,S_NOUN_1_PASS_b,M,S,le pot avec la pomme était caché <eos>,6,caché,cachée,4,F,caché,-7.5149546,cachée,-12.063495,1
10353,S_NOUN_1_PASS_b,M,S,le pot avec la pomme était cassé <eos>,6,cassé,cassée,4,F,cassé,-7.282073,cassée,-11.326625,1
10354,S_NOUN_1_PASS_b,M,S,le pot avec la pomme était couvert <eos>,6,couvert,couverte,4,F,couvert,-5.704273,couverte,-10.214401,1
10355,S_NOUN_1_PASS_b,M,S,le pot avec la pomme était déformé <eos>,6,déformé,déformée,4,F,déformé,-10.852829,déformée,-12.803123,1
10356,S_NOUN_1_PASS_b,M,S,le pot avec la pomme était fixé <eos>,6,fixé,fixée,4,F,fixé,-5.9591665,fixée,-10.036871,1
10357,S_NOUN_1_PASS_b,M,S,le pot avec la pomme était jeté <eos>,6,jeté,jetée,4,F,jeté,-7.4347477,jetée,-11.361043,1
10358,S_NOUN_1_PASS_b,M,S,le pot avec la pomme était laissé <eos>,6,laissé,laissée,4,F,laissé,-8.329285,laissée,-10.6814785,1
10359,S_NOUN_1_PASS_b,M,S,le pot avec la pomme était ouvert <eos>,6,ouvert,ouverte,4,F,ouvert,-6.5399837,ouverte,-10.392759,1
10360,S_NOUN_1_PASS_b,M,S,le pot avec la pomme était perdu <eos>,6,perdu,perdue,4,F,perdu,-8.16466,perdue,-11.763869,1
10361,S_NOUN_1_PASS_b,M,S,le pot avec la pomme était réparé <eos>,6,réparé,réparée,4,F,réparé,-9.547005,réparée,-13.899809,1
10362,S_NOUN_1_PASS_b,M,S,le pot avec la pomme était retiré <eos>,6,retiré,retirée,4,F,retiré,-6.8371363,retirée,-11.806625,1
10363,S_NOUN_1_PASS_b,M,S,le pot avec la pomme était tombé <eos>,6,tombé,tombée,4,F,tombé,-7.8032613,tombée,-11.063097,1
10364,S_NOUN_1_PASS_b,M,S,le pot avec la pomme était utilisé <eos>,6,utilisé,utilisée,4,F,utilisé,-3.3699968,utilisée,-7.703965,1
10365,S_NOUN_1_PASS_b,M,S,le pot avec la tasse était acheté <eos>,6,acheté,achetée,4,F,acheté,-7.2878404,achetée,-10.429453,1
10366,S_NOUN_1_PASS_b,M,S,le pot avec la tasse était brisé <eos>,6,brisé,brisée,4,F,brisé,-7.9263916,brisée,-11.395503,1
10367,S_NOUN_1_PASS_b,M,S,le pot avec la tasse était caché <eos>,6,caché,cachée,4,F,caché,-7.091365,cachée,-11.383727,1
10368,S_NOUN_1_PASS_b,M,S,le pot avec la tasse était cassé <eos>,6,cassé,cassée,4,F,cassé,-7.1213436,cassée,-11.009781,1
10369,S_NOUN_1_PASS_b,M,S,le pot avec la tasse était couvert <eos>,6,couvert,couverte,4,F,couvert,-5.6247563,couverte,-9.673796,1
10370,S_NOUN_1_PASS_b,M,S,le pot avec la tasse était déformé <eos>,6,déformé,déformée,4,F,déformé,-11.146873,déformée,-12.661959,1
10371,S_NOUN_1_PASS_b,M,S,le pot avec la tasse était fixé <eos>,6,fixé,fixée,4,F,fixé,-5.201456,fixée,-8.622726,1
10372,S_NOUN_1_PASS_b,M,S,le pot avec la tasse était jeté <eos>,6,jeté,jetée,4,F,jeté,-7.2744427,jetée,-10.821564,1
10373,S_NOUN_1_PASS_b,M,S,le pot avec la tasse était laissé <eos>,6,laissé,laissée,4,F,laissé,-7.830246,laissée,-9.907203,1
10374,S_NOUN_1_PASS_b,M,S,le pot avec la tasse était ouvert <eos>,6,ouvert,ouverte,4,F,ouvert,-5.9894466,ouverte,-9.040845,1
10375,S_NOUN_1_PASS_b,M,S,le pot avec la tasse était perdu <eos>,6,perdu,perdue,4,F,perdu,-8.020649,perdue,-11.72278,1
10376,S_NOUN_1_PASS_b,M,S,le pot avec la tasse était réparé <eos>,6,réparé,réparée,4,F,réparé,-9.774474,réparée,-13.059398,1
10377,S_NOUN_1_PASS_b,M,S,le pot avec la tasse était retiré <eos>,6,retiré,retirée,4,F,retiré,-6.3857965,retirée,-10.467566,1
10378,S_NOUN_1_PASS_b,M,S,le pot avec la tasse était tombé <eos>,6,tombé,tombée,4,F,tombé,-8.2738,tombée,-10.886448,1
10379,S_NOUN_1_PASS_b,M,S,le pot avec la tasse était utilisé <eos>,6,utilisé,utilisée,4,F,utilisé,-3.3978236,utilisée,-7.102683,1
10380,S_NOUN_1_PASS_b,M,S,le pot avec la bougie était acheté <eos>,6,acheté,achetée,4,F,acheté,-8.05447,achetée,-11.405406,1
10381,S_NOUN_1_PASS_b,M,S,le pot avec la bougie était brisé <eos>,6,brisé,brisée,4,F,brisé,-7.8806434,brisée,-11.289633,1
10382,S_NOUN_1_PASS_b,M,S,le pot avec la bougie était caché <eos>,6,caché,cachée,4,F,caché,-6.986932,cachée,-11.252682,1
10383,S_NOUN_1_PASS_b,M,S,le pot avec la bougie était cassé <eos>,6,cassé,cassée,4,F,cassé,-6.751715,cassée,-11.120005,1
10384,S_NOUN_1_PASS_b,M,S,le pot avec la bougie était couvert <eos>,6,couvert,couverte,4,F,couvert,-5.999503,couverte,-10.446331,1
10385,S_NOUN_1_PASS_b,M,S,le pot avec la bougie était déformé <eos>,6,déformé,déformée,4,F,déformé,-10.942984,déformée,-12.920786,1
10386,S_NOUN_1_PASS_b,M,S,le pot avec la bougie était fixé <eos>,6,fixé,fixée,4,F,fixé,-5.6207304,fixée,-9.352658,1
10387,S_NOUN_1_PASS_b,M,S,le pot avec la bougie était jeté <eos>,6,jeté,jetée,4,F,jeté,-7.918286,jetée,-11.254805,1
10388,S_NOUN_1_PASS_b,M,S,le pot avec la bougie était laissé <eos>,6,laissé,laissée,4,F,laissé,-7.784773,laissée,-10.882894,1
10389,S_NOUN_1_PASS_b,M,S,le pot avec la bougie était ouvert <eos>,6,ouvert,ouverte,4,F,ouvert,-6.4837112,ouverte,-10.388873,1
10390,S_NOUN_1_PASS_b,M,S,le pot avec la bougie était perdu <eos>,6,perdu,perdue,4,F,perdu,-7.278266,perdue,-11.12915,1
10391,S_NOUN_1_PASS_b,M,S,le pot avec la bougie était réparé <eos>,6,réparé,réparée,4,F,réparé,-9.741143,réparée,-13.177866,1
10392,S_NOUN_1_PASS_b,M,S,le pot avec la bougie était retiré <eos>,6,retiré,retirée,4,F,retiré,-6.8589563,retirée,-10.855093,1
10393,S_NOUN_1_PASS_b,M,S,le pot avec la bougie était tombé <eos>,6,tombé,tombée,4,F,tombé,-7.6476984,tombée,-10.616486,1
10394,S_NOUN_1_PASS_b,M,S,le pot avec la bougie était utilisé <eos>,6,utilisé,utilisée,4,F,utilisé,-3.5840807,utilisée,-7.8950043,1
10395,S_NOUN_1_PASS_b,M,S,le pot avec la pochette était acheté <eos>,6,acheté,achetée,4,F,acheté,-7.4302964,achetée,-10.017711,1
10396,S_NOUN_1_PASS_b,M,S,le pot avec la pochette était brisé <eos>,6,brisé,brisée,4,F,brisé,-9.159082,brisée,-12.047272,1
10397,S_NOUN_1_PASS_b,M,S,le pot avec la pochette était caché <eos>,6,caché,cachée,4,F,caché,-7.402504,cachée,-10.740193,1
10398,S_NOUN_1_PASS_b,M,S,le pot avec la pochette était cassé <eos>,6,cassé,cassée,4,F,cassé,-6.71888,cassée,-11.485041,1
10399,S_NOUN_1_PASS_b,M,S,le pot avec la pochette était couvert <eos>,6,couvert,couverte,4,F,couvert,-6.639969,couverte,-10.31842,1
10400,S_NOUN_1_PASS_b,M,S,le pot avec la pochette était déformé <eos>,6,déformé,déformée,4,F,déformé,-10.129173,déformée,-11.638975,1
10401,S_NOUN_1_PASS_b,M,S,le pot avec la pochette était fixé <eos>,6,fixé,fixée,4,F,fixé,-5.6982,fixée,-8.50148,1
10402,S_NOUN_1_PASS_b,M,S,le pot avec la pochette était jeté <eos>,6,jeté,jetée,4,F,jeté,-8.42802,jetée,-12.50869,1
10403,S_NOUN_1_PASS_b,M,S,le pot avec la pochette était laissé <eos>,6,laissé,laissée,4,F,laissé,-8.064802,laissée,-10.809709,1
10404,S_NOUN_1_PASS_b,M,S,le pot avec la pochette était ouvert <eos>,6,ouvert,ouverte,4,F,ouvert,-7.831747,ouverte,-10.450997,1
10405,S_NOUN_1_PASS_b,M,S,le pot avec la pochette était perdu <eos>,6,perdu,perdue,4,F,perdu,-7.5583234,perdue,-11.871088,1
10406,S_NOUN_1_PASS_b,M,S,le pot avec la pochette était réparé <eos>,6,réparé,réparée,4,F,réparé,-10.889347,réparée,-13.246077,1
10407,S_NOUN_1_PASS_b,M,S,le pot avec la pochette était retiré <eos>,6,retiré,retirée,4,F,retiré,-5.8329287,retirée,-10.087074,1
10408,S_NOUN_1_PASS_b,M,S,le pot avec la pochette était tombé <eos>,6,tombé,tombée,4,F,tombé,-7.8839664,tombée,-10.876831,1
10409,S_NOUN_1_PASS_b,M,S,le pot avec la pochette était utilisé <eos>,6,utilisé,utilisée,4,F,utilisé,-5.443242,utilisée,-8.954589,1
10410,S_NOUN_1_PASS_b,M,S,le pot avec la banane était acheté <eos>,6,acheté,achetée,4,F,acheté,-7.6304717,achetée,-11.314144,1
10411,S_NOUN_1_PASS_b,M,S,le pot avec la banane était brisé <eos>,6,brisé,brisée,4,F,brisé,-8.903153,brisée,-12.253863,1
10412,S_NOUN_1_PASS_b,M,S,le pot avec la banane était caché <eos>,6,caché,cachée,4,F,caché,-8.134706,cachée,-12.151195,1
10413,S_NOUN_1_PASS_b,M,S,le pot avec la banane était cassé <eos>,6,cassé,cassée,4,F,cassé,-7.5673466,cassée,-11.543065,1
10414,S_NOUN_1_PASS_b,M,S,le pot avec la banane était couvert <eos>,6,couvert,couverte,4,F,couvert,-6.612238,couverte,-10.166743,1
10415,S_NOUN_1_PASS_b,M,S,le pot avec la banane était déformé <eos>,6,déformé,déformée,4,F,déformé,-11.487366,déformée,-13.160107,1
10416,S_NOUN_1_PASS_b,M,S,le pot avec la banane était fixé <eos>,6,fixé,fixée,4,F,fixé,-5.9693003,fixée,-8.964712,1
10417,S_NOUN_1_PASS_b,M,S,le pot avec la banane était jeté <eos>,6,jeté,jetée,4,F,jeté,-7.996728,jetée,-11.315418,1
10418,S_NOUN_1_PASS_b,M,S,le pot avec la banane était laissé <eos>,6,laissé,laissée,4,F,laissé,-8.511108,laissée,-11.073401,1
10419,S_NOUN_1_PASS_b,M,S,le pot avec la banane était ouvert <eos>,6,ouvert,ouverte,4,F,ouvert,-6.8855677,ouverte,-9.929737,1
10420,S_NOUN_1_PASS_b,M,S,le pot avec la banane était perdu <eos>,6,perdu,perdue,4,F,perdu,-8.413272,perdue,-11.72868,1
10421,S_NOUN_1_PASS_b,M,S,le pot avec la banane était réparé <eos>,6,réparé,réparée,4,F,réparé,-9.892585,réparée,-13.775107,1
10422,S_NOUN_1_PASS_b,M,S,le pot avec la banane était retiré <eos>,6,retiré,retirée,4,F,retiré,-7.1764154,retirée,-11.617505,1
10423,S_NOUN_1_PASS_b,M,S,le pot avec la banane était tombé <eos>,6,tombé,tombée,4,F,tombé,-7.999646,tombée,-11.045722,1
10424,S_NOUN_1_PASS_b,M,S,le pot avec la banane était utilisé <eos>,6,utilisé,utilisée,4,F,utilisé,-3.2444808,utilisée,-7.146759,1
10425,S_NOUN_1_PASS_b,M,S,le pot avec la robe était acheté <eos>,6,acheté,achetée,4,F,acheté,-7.6823196,achetée,-10.115587,1
10426,S_NOUN_1_PASS_b,M,S,le pot avec la robe était brisé <eos>,6,brisé,brisée,4,F,brisé,-9.589229,brisée,-11.556827,1
10427,S_NOUN_1_PASS_b,M,S,le pot avec la robe était caché <eos>,6,caché,cachée,4,F,caché,-8.553757,cachée,-11.18264,1
10428,S_NOUN_1_PASS_b,M,S,le pot avec la robe était cassé <eos>,6,cassé,cassée,4,F,cassé,-6.752534,cassée,-11.059805,1
10429,S_NOUN_1_PASS_b,M,S,le pot avec la robe était couvert <eos>,6,couvert,couverte,4,F,couvert,-6.7290645,couverte,-8.96357,1
10430,S_NOUN_1_PASS_b,M,S,le pot avec la robe était déformé <eos>,6,déformé,déformée,4,F,déformé,-10.769137,déformée,-11.665437,1
10431,S_NOUN_1_PASS_b,M,S,le pot avec la robe était fixé <eos>,6,fixé,fixée,4,F,fixé,-5.1900187,fixée,-7.63443,1
10432,S_NOUN_1_PASS_b,M,S,le pot avec la robe était jeté <eos>,6,jeté,jetée,4,F,jeté,-7.8238297,jetée,-12.054696,1
10433,S_NOUN_1_PASS_b,M,S,le pot avec la robe était laissé <eos>,6,laissé,laissée,4,F,laissé,-8.748573,laissée,-10.326568,1
10434,S_NOUN_1_PASS_b,M,S,le pot avec la robe était ouvert <eos>,6,ouvert,ouverte,4,F,ouvert,-6.9449816,ouverte,-9.251421,1
10435,S_NOUN_1_PASS_b,M,S,le pot avec la robe était perdu <eos>,6,perdu,perdue,4,F,perdu,-8.462364,perdue,-11.771492,1
10436,S_NOUN_1_PASS_b,M,S,le pot avec la robe était réparé <eos>,6,réparé,réparée,4,F,réparé,-11.759617,réparée,-13.107101,1
10437,S_NOUN_1_PASS_b,M,S,le pot avec la robe était retiré <eos>,6,retiré,retirée,4,F,retiré,-6.140359,retirée,-10.39211,1
10438,S_NOUN_1_PASS_b,M,S,le pot avec la robe était tombé <eos>,6,tombé,tombée,4,F,tombé,-8.134825,tombée,-9.728624,1
10439,S_NOUN_1_PASS_b,M,S,le pot avec la robe était utilisé <eos>,6,utilisé,utilisée,4,F,utilisé,-4.0412793,utilisée,-7.00151,1
10440,S_NOUN_1_PASS_b,M,S,le pot avec la valise était acheté <eos>,6,acheté,achetée,4,F,acheté,-6.4426966,achetée,-9.96958,1
10441,S_NOUN_1_PASS_b,M,S,le pot avec la valise était brisé <eos>,6,brisé,brisée,4,F,brisé,-7.50169,brisée,-10.203548,1
10442,S_NOUN_1_PASS_b,M,S,le pot avec la valise était caché <eos>,6,caché,cachée,4,F,caché,-6.3577065,cachée,-10.153254,1
10443,S_NOUN_1_PASS_b,M,S,le pot avec la valise était cassé <eos>,6,cassé,cassée,4,F,cassé,-6.799282,cassée,-9.717643,1
10444,S_NOUN_1_PASS_b,M,S,le pot avec la valise était couvert <eos>,6,couvert,couverte,4,F,couvert,-5.5890503,couverte,-9.310044,1
10445,S_NOUN_1_PASS_b,M,S,le pot avec la valise était déformé <eos>,6,déformé,déformée,4,F,déformé,-10.57943,déformée,-12.425045,1
10446,S_NOUN_1_PASS_b,M,S,le pot avec la valise était fixé <eos>,6,fixé,fixée,4,F,fixé,-5.954344,fixée,-8.348043,1
10447,S_NOUN_1_PASS_b,M,S,le pot avec la valise était jeté <eos>,6,jeté,jetée,4,F,jeté,-6.5606976,jetée,-10.878512,1
10448,S_NOUN_1_PASS_b,M,S,le pot avec la valise était laissé <eos>,6,laissé,laissée,4,F,laissé,-7.16697,laissée,-9.813658,1
10449,S_NOUN_1_PASS_b,M,S,le pot avec la valise était ouvert <eos>,6,ouvert,ouverte,4,F,ouvert,-5.7507153,ouverte,-8.820506,1
10450,S_NOUN_1_PASS_b,M,S,le pot avec la valise était perdu <eos>,6,perdu,perdue,4,F,perdu,-6.8507366,perdue,-10.427347,1
10451,S_NOUN_1_PASS_b,M,S,le pot avec la valise était réparé <eos>,6,réparé,réparée,4,F,réparé,-9.551376,réparée,-12.798545,1
10452,S_NOUN_1_PASS_b,M,S,le pot avec la valise était retiré <eos>,6,retiré,retirée,4,F,retiré,-5.831071,retirée,-9.562984,1
10453,S_NOUN_1_PASS_b,M,S,le pot avec la valise était tombé <eos>,6,tombé,tombée,4,F,tombé,-7.204932,tombée,-9.701989,1
10454,S_NOUN_1_PASS_b,M,S,le pot avec la valise était utilisé <eos>,6,utilisé,utilisée,4,F,utilisé,-5.2148867,utilisée,-8.804009,1
10455,S_NOUN_1_PASS_b,M,S,le pot avec la pendule était acheté <eos>,6,acheté,achetée,4,F,acheté,-8.338345,achetée,-11.071075,1
10456,S_NOUN_1_PASS_b,M,S,le pot avec la pendule était brisé <eos>,6,brisé,brisée,4,F,brisé,-7.8969374,brisée,-10.14167,1
10457,S_NOUN_1_PASS_b,M,S,le pot avec la pendule était caché <eos>,6,caché,cachée,4,F,caché,-7.453857,cachée,-10.304989,1
10458,S_NOUN_1_PASS_b,M,S,le pot avec la pendule était cassé <eos>,6,cassé,cassée,4,F,cassé,-6.6579413,cassée,-9.727762,1
10459,S_NOUN_1_PASS_b,M,S,le pot avec la pendule était couvert <eos>,6,couvert,couverte,4,F,couvert,-5.6163616,couverte,-9.104073,1
10460,S_NOUN_1_PASS_b,M,S,le pot avec la pendule était déformé <eos>,6,déformé,déformée,4,F,déformé,-10.909056,déformée,-12.116764,1
10461,S_NOUN_1_PASS_b,M,S,le pot avec la pendule était fixé <eos>,6,fixé,fixée,4,F,fixé,-4.1707506,fixée,-6.8822155,1
10462,S_NOUN_1_PASS_b,M,S,le pot avec la pendule était jeté <eos>,6,jeté,jetée,4,F,jeté,-8.002306,jetée,-11.860337,1
10463,S_NOUN_1_PASS_b,M,S,le pot avec la pendule était laissé <eos>,6,laissé,laissée,4,F,laissé,-8.407614,laissée,-10.085472,1
10464,S_NOUN_1_PASS_b,M,S,le pot avec la pendule était ouvert <eos>,6,ouvert,ouverte,4,F,ouvert,-6.173737,ouverte,-9.522308,1
10465,S_NOUN_1_PASS_b,M,S,le pot avec la pendule était perdu <eos>,6,perdu,perdue,4,F,perdu,-8.815431,perdue,-11.164545,1
10466,S_NOUN_1_PASS_b,M,S,le pot avec la pendule était réparé <eos>,6,réparé,réparée,4,F,réparé,-10.312376,réparée,-11.920088,1
10467,S_NOUN_1_PASS_b,M,S,le pot avec la pendule était retiré <eos>,6,retiré,retirée,4,F,retiré,-6.215964,retirée,-10.1684475,1
10468,S_NOUN_1_PASS_b,M,S,le pot avec la pendule était tombé <eos>,6,tombé,tombée,4,F,tombé,-7.8717303,tombée,-11.548416,1
10469,S_NOUN_1_PASS_b,M,S,le pot avec la pendule était utilisé <eos>,6,utilisé,utilisée,4,F,utilisé,-3.7939515,utilisée,-7.3021398,1
10470,S_NOUN_1_PASS_b,M,S,le pot avec la cloche était acheté <eos>,6,acheté,achetée,4,F,acheté,-7.2947006,achetée,-10.267589,1
10471,S_NOUN_1_PASS_b,M,S,le pot avec la cloche était brisé <eos>,6,brisé,brisée,4,F,brisé,-7.4842653,brisée,-10.385947,1
10472,S_NOUN_1_PASS_b,M,S,le pot avec la cloche était caché <eos>,6,caché,cachée,4,F,caché,-6.968973,cachée,-10.176132,1
10473,S_NOUN_1_PASS_b,M,S,le pot avec la cloche était cassé <eos>,6,cassé,cassée,4,F,cassé,-7.224598,cassée,-10.563806,1
10474,S_NOUN_1_PASS_b,M,S,le pot avec la cloche était couvert <eos>,6,couvert,couverte,4,F,couvert,-5.506938,couverte,-9.612173,1
10475,S_NOUN_1_PASS_b,M,S,le pot avec la cloche était déformé <eos>,6,déformé,déformée,4,F,déformé,-11.515438,déformée,-12.664606,1
10476,S_NOUN_1_PASS_b,M,S,le pot avec la cloche était fixé <eos>,6,fixé,fixée,4,F,fixé,-5.297661,fixée,-8.263781,1
10477,S_NOUN_1_PASS_b,M,S,le pot avec la cloche était jeté <eos>,6,jeté,jetée,4,F,jeté,-7.1173773,jetée,-10.587632,1
10478,S_NOUN_1_PASS_b,M,S,le pot avec la cloche était laissé <eos>,6,laissé,laissée,4,F,laissé,-7.7724695,laissée,-10.518966,1
10479,S_NOUN_1_PASS_b,M,S,le pot avec la cloche était ouvert <eos>,6,ouvert,ouverte,4,F,ouvert,-6.5335445,ouverte,-9.9485655,1
10480,S_NOUN_1_PASS_b,M,S,le pot avec la cloche était perdu <eos>,6,perdu,perdue,4,F,perdu,-7.4934216,perdue,-11.123937,1
10481,S_NOUN_1_PASS_b,M,S,le pot avec la cloche était réparé <eos>,6,réparé,réparée,4,F,réparé,-8.688429,réparée,-11.557737,1
10482,S_NOUN_1_PASS_b,M,S,le pot avec la cloche était retiré <eos>,6,retiré,retirée,4,F,retiré,-6.612515,retirée,-11.180681,1
10483,S_NOUN_1_PASS_b,M,S,le pot avec la cloche était tombé <eos>,6,tombé,tombée,4,F,tombé,-6.945843,tombée,-9.787756,1
10484,S_NOUN_1_PASS_b,M,S,le pot avec la cloche était utilisé <eos>,6,utilisé,utilisée,4,F,utilisé,-4.2032413,utilisée,-7.910284,1
10485,S_NOUN_1_PASS_b,M,S,le pot avec la cerise était acheté <eos>,6,acheté,achetée,4,F,acheté,-7.986663,achetée,-12.046886,1
10486,S_NOUN_1_PASS_b,M,S,le pot avec la cerise était brisé <eos>,6,brisé,brisée,4,F,brisé,-8.89715,brisée,-13.052734,1
10487,S_NOUN_1_PASS_b,M,S,le pot avec la cerise était caché <eos>,6,caché,cachée,4,F,caché,-8.075321,cachée,-12.708966,1
10488,S_NOUN_1_PASS_b,M,S,le pot avec la cerise était cassé <eos>,6,cassé,cassée,4,F,cassé,-7.322673,cassée,-12.030054,1
10489,S_NOUN_1_PASS_b,M,S,le pot avec la cerise était couvert <eos>,6,couvert,couverte,4,F,couvert,-6.0305114,couverte,-10.330599,1
10490,S_NOUN_1_PASS_b,M,S,le pot avec la cerise était déformé <eos>,6,déformé,déformée,4,F,déformé,-11.018922,déformée,-13.532158,1
10491,S_NOUN_1_PASS_b,M,S,le pot avec la cerise était fixé <eos>,6,fixé,fixée,4,F,fixé,-6.1033106,fixée,-10.159074,1
10492,S_NOUN_1_PASS_b,M,S,le pot avec la cerise était jeté <eos>,6,jeté,jetée,4,F,jeté,-8.511845,jetée,-12.03617,1
10493,S_NOUN_1_PASS_b,M,S,le pot avec la cerise était laissé <eos>,6,laissé,laissée,4,F,laissé,-8.556124,laissée,-11.547359,1
10494,S_NOUN_1_PASS_b,M,S,le pot avec la cerise était ouvert <eos>,6,ouvert,ouverte,4,F,ouvert,-7.085171,ouverte,-10.978529,1
10495,S_NOUN_1_PASS_b,M,S,le pot avec la cerise était perdu <eos>,6,perdu,perdue,4,F,perdu,-7.964617,perdue,-12.487871,1
10496,S_NOUN_1_PASS_b,M,S,le pot avec la cerise était réparé <eos>,6,réparé,réparée,4,F,réparé,-11.397542,réparée,-15.325695,1
10497,S_NOUN_1_PASS_b,M,S,le pot avec la cerise était retiré <eos>,6,retiré,retirée,4,F,retiré,-7.5498605,retirée,-12.376072,1
10498,S_NOUN_1_PASS_b,M,S,le pot avec la cerise était tombé <eos>,6,tombé,tombée,4,F,tombé,-8.03073,tombée,-11.241135,1
10499,S_NOUN_1_PASS_b,M,S,le pot avec la cerise était utilisé <eos>,6,utilisé,utilisée,4,F,utilisé,-3.5236373,utilisée,-7.414766,1
10500,S_NOUN_1_PASS_b,M,S,le coussin avec la gemme était acheté <eos>,6,acheté,achetée,4,F,acheté,-8.208753,achetée,-10.925396,1
10501,S_NOUN_1_PASS_b,M,S,le coussin avec la gemme était brisé <eos>,6,brisé,brisée,4,F,brisé,-7.837578,brisée,-9.748353,1
10502,S_NOUN_1_PASS_b,M,S,le coussin avec la gemme était caché <eos>,6,caché,cachée,4,F,caché,-7.717911,cachée,-10.206101,1
10503,S_NOUN_1_PASS_b,M,S,le coussin avec la gemme était cassé <eos>,6,cassé,cassée,4,F,cassé,-5.898551,cassée,-9.551447,1
10504,S_NOUN_1_PASS_b,M,S,le coussin avec la gemme était couvert <eos>,6,couvert,couverte,4,F,couvert,-5.5595303,couverte,-8.735924,1
10505,S_NOUN_1_PASS_b,M,S,le coussin avec la gemme était déformé <eos>,6,déformé,déformée,4,F,déformé,-10.828102,déformée,-12.360682,1
10506,S_NOUN_1_PASS_b,M,S,le coussin avec la gemme était fixé <eos>,6,fixé,fixée,4,F,fixé,-3.9917295,fixée,-6.3308754,1
10507,S_NOUN_1_PASS_b,M,S,le coussin avec la gemme était jeté <eos>,6,jeté,jetée,4,F,jeté,-8.059078,jetée,-11.698068,1
10508,S_NOUN_1_PASS_b,M,S,le coussin avec la gemme était laissé <eos>,6,laissé,laissée,4,F,laissé,-8.489543,laissée,-10.3768425,1
10509,S_NOUN_1_PASS_b,M,S,le coussin avec la gemme était ouvert <eos>,6,ouvert,ouverte,4,F,ouvert,-6.0340652,ouverte,-7.839855,1
10510,S_NOUN_1_PASS_b,M,S,le coussin avec la gemme était perdu <eos>,6,perdu,perdue,4,F,perdu,-9.179352,perdue,-12.995356,1
10511,S_NOUN_1_PASS_b,M,S,le coussin avec la gemme était réparé <eos>,6,réparé,réparée,4,F,réparé,-11.37986,réparée,-13.068572,1
10512,S_NOUN_1_PASS_b,M,S,le coussin avec la gemme était retiré <eos>,6,retiré,retirée,4,F,retiré,-6.7820816,retirée,-11.714241,1
10513,S_NOUN_1_PASS_b,M,S,le coussin avec la gemme était tombé <eos>,6,tombé,tombée,4,F,tombé,-8.64575,tombée,-11.952442,1
10514,S_NOUN_1_PASS_b,M,S,le coussin avec la gemme était utilisé <eos>,6,utilisé,utilisée,4,F,utilisé,-3.7317169,utilisée,-7.3924513,1
10515,S_NOUN_1_PASS_b,M,S,le coussin avec la chaise était acheté <eos>,6,acheté,achetée,4,F,acheté,-8.534332,achetée,-11.046343,1
10516,S_NOUN_1_PASS_b,M,S,le coussin avec la chaise était brisé <eos>,6,brisé,brisée,4,F,brisé,-7.673587,brisée,-9.2516365,1
10517,S_NOUN_1_PASS_b,M,S,le coussin avec la chaise était caché <eos>,6,caché,cachée,4,F,caché,-7.6691833,cachée,-9.918623,1
10518,S_NOUN_1_PASS_b,M,S,le coussin avec la chaise était cassé <eos>,6,cassé,cassée,4,F,cassé,-6.0861907,cassée,-8.521719,1
10519,S_NOUN_1_PASS_b,M,S,le coussin avec la chaise était couvert <eos>,6,couvert,couverte,4,F,couvert,-5.1144514,couverte,-7.6974754,1
10520,S_NOUN_1_PASS_b,M,S,le coussin avec la chaise était déformé <eos>,6,déformé,déformée,4,F,déformé,-10.698468,déformée,-12.257117,1
10521,S_NOUN_1_PASS_b,M,S,le coussin avec la chaise était fixé <eos>,6,fixé,fixée,4,F,fixé,-4.7133617,fixée,-5.790368,1
10522,S_NOUN_1_PASS_b,M,S,le coussin avec la chaise était jeté <eos>,6,jeté,jetée,4,F,jeté,-7.6234837,jetée,-11.575711,1
10523,S_NOUN_1_PASS_b,M,S,le coussin avec la chaise était laissé <eos>,6,laissé,laissée,4,F,laissé,-8.082836,laissée,-9.977647,1
10524,S_NOUN_1_PASS_b,M,S,le coussin avec la chaise était ouvert <eos>,6,ouvert,ouverte,4,F,ouvert,-5.6805077,ouverte,-6.59643,1
10525,S_NOUN_1_PASS_b,M,S,le coussin avec la chaise était perdu <eos>,6,perdu,perdue,4,F,perdu,-9.076315,perdue,-12.326919,1
10526,S_NOUN_1_PASS_b,M,S,le coussin avec la chaise était réparé <eos>,6,réparé,réparée,4,F,réparé,-11.347532,réparée,-12.268763,1
10527,S_NOUN_1_PASS_b,M,S,le coussin avec la chaise était retiré <eos>,6,retiré,retirée,4,F,retiré,-7.1664815,retirée,-11.074261,1
10528,S_NOUN_1_PASS_b,M,S,le coussin avec la chaise était tombé <eos>,6,tombé,tombée,4,F,tombé,-8.747476,tombée,-11.521614,1
10529,S_NOUN_1_PASS_b,M,S,le coussin avec la chaise était utilisé <eos>,6,utilisé,utilisée,4,F,utilisé,-4.123852,utilisée,-7.234133,1
10530,S_NOUN_1_PASS_b,M,S,le coussin avec la poubelle était acheté <eos>,6,acheté,achetée,4,F,acheté,-7.788578,achetée,-10.774331,1
10531,S_NOUN_1_PASS_b,M,S,le coussin avec la poubelle était brisé <eos>,6,brisé,brisée,4,F,brisé,-7.5014253,brisée,-10.2229595,1
10532,S_NOUN_1_PASS_b,M,S,le coussin avec la poubelle était caché <eos>,6,caché,cachée,4,F,caché,-7.0456886,cachée,-10.283687,1
10533,S_NOUN_1_PASS_b,M,S,le coussin avec la poubelle était cassé <eos>,6,cassé,cassée,4,F,cassé,-6.274576,cassée,-9.346552,1
10534,S_NOUN_1_PASS_b,M,S,le coussin avec la poubelle était couvert <eos>,6,couvert,couverte,4,F,couvert,-5.510787,couverte,-8.664374,1
10535,S_NOUN_1_PASS_b,M,S,le coussin avec la poubelle était déformé <eos>,6,déformé,déformée,4,F,déformé,-10.0968075,déformée,-12.329424,1
10536,S_NOUN_1_PASS_b,M,S,le coussin avec la poubelle était fixé <eos>,6,fixé,fixée,4,F,fixé,-5.034994,fixée,-7.451641,1
10537,S_NOUN_1_PASS_b,M,S,le coussin avec la poubelle était jeté <eos>,6,jeté,jetée,4,F,jeté,-7.1494794,jetée,-10.544086,1
10538,S_NOUN_1_PASS_b,M,S,le coussin avec la poubelle était laissé <eos>,6,laissé,laissée,4,F,laissé,-7.6662536,laissée,-10.066595,1
10539,S_NOUN_1_PASS_b,M,S,le coussin avec la poubelle était ouvert <eos>,6,ouvert,ouverte,4,F,ouvert,-5.4807963,ouverte,-7.4931016,1
10540,S_NOUN_1_PASS_b,M,S,le coussin avec la poubelle était perdu <eos>,6,perdu,perdue,4,F,perdu,-8.315116,perdue,-11.785083,1
10541,S_NOUN_1_PASS_b,M,S,le coussin avec la poubelle était réparé <eos>,6,réparé,réparée,4,F,réparé,-10.777209,réparée,-12.407916,1
10542,S_NOUN_1_PASS_b,M,S,le coussin avec la poubelle était retiré <eos>,6,retiré,retirée,4,F,retiré,-6.690192,retirée,-11.0047245,1
10543,S_NOUN_1_PASS_b,M,S,le coussin avec la poubelle était tombé <eos>,6,tombé,tombée,4,F,tombé,-8.344283,tombée,-11.329698,1
10544,S_NOUN_1_PASS_b,M,S,le coussin avec la poubelle était utilisé <eos>,6,utilisé,utilisée,4,F,utilisé,-4.283614,utilisée,-7.844965,1
10545,S_NOUN_1_PASS_b,M,S,le coussin avec la chemise était acheté <eos>,6,acheté,achetée,4,F,acheté,-8.624754,achetée,-11.765973,1
10546,S_NOUN_1_PASS_b,M,S,le coussin avec la chemise était brisé <eos>,6,brisé,brisée,4,F,brisé,-7.687846,brisée,-10.613958,1
10547,S_NOUN_1_PASS_b,M,S,le coussin avec la chemise était caché <eos>,6,caché,cachée,4,F,caché,-7.9844246,cachée,-11.2169285,1
10548,S_NOUN_1_PASS_b,M,S,le coussin avec la chemise était cassé <eos>,6,cassé,cassée,4,F,cassé,-5.698614,cassée,-10.308146,1
10549,S_NOUN_1_PASS_b,M,S,le coussin avec la chemise était couvert <eos>,6,couvert,couverte,4,F,couvert,-5.1595345,couverte,-8.193314,1
10550,S_NOUN_1_PASS_b,M,S,le coussin avec la chemise était déformé <eos>,6,déformé,déformée,4,F,déformé,-10.829933,déformée,-12.528593,1
10551,S_NOUN_1_PASS_b,M,S,le coussin avec la chemise était fixé <eos>,6,fixé,fixée,4,F,fixé,-4.396656,fixée,-6.9772043,1
10552,S_NOUN_1_PASS_b,M,S,le coussin avec la chemise était jeté <eos>,6,jeté,jetée,4,F,jeté,-7.416181,jetée,-12.459936,1
10553,S_NOUN_1_PASS_b,M,S,le coussin avec la chemise était laissé <eos>,6,laissé,laissée,4,F,laissé,-7.899791,laissée,-10.646063,1
10554,S_NOUN_1_PASS_b,M,S,le coussin avec la chemise était ouvert <eos>,6,ouvert,ouverte,4,F,ouvert,-5.7454863,ouverte,-7.5123367,1
10555,S_NOUN_1_PASS_b,M,S,le coussin avec la chemise était perdu <eos>,6,perdu,perdue,4,F,perdu,-8.733096,perdue,-13.2643,1
10556,S_NOUN_1_PASS_b,M,S,le coussin avec la chemise était réparé <eos>,6,réparé,réparée,4,F,réparé,-11.864482,réparée,-13.112879,1
10557,S_NOUN_1_PASS_b,M,S,le coussin avec la chemise était retiré <eos>,6,retiré,retirée,4,F,retiré,-6.1629047,retirée,-11.580166,1
10558,S_NOUN_1_PASS_b,M,S,le coussin avec la chemise était tombé <eos>,6,tombé,tombée,4,F,tombé,-8.098334,tombée,-11.138624,1
10559,S_NOUN_1_PASS_b,M,S,le coussin avec la chemise était utilisé <eos>,6,utilisé,utilisée,4,F,utilisé,-3.8204753,utilisée,-7.543006,1
10560,S_NOUN_1_PASS_b,M,S,le coussin avec la recette était acheté <eos>,6,acheté,achetée,4,F,acheté,-8.933782,achetée,-11.779882,1
10561,S_NOUN_1_PASS_b,M,S,le coussin avec la recette était brisé <eos>,6,brisé,brisée,4,F,brisé,-8.527466,brisée,-10.884186,1
10562,S_NOUN_1_PASS_b,M,S,le coussin avec la recette était caché <eos>,6,caché,cachée,4,F,caché,-8.375834,cachée,-11.090725,1
10563,S_NOUN_1_PASS_b,M,S,le coussin avec la recette était cassé <eos>,6,cassé,cassée,4,F,cassé,-7.91201,cassée,-10.109408,1
10564,S_NOUN_1_PASS_b,M,S,le coussin avec la recette était couvert <eos>,6,couvert,couverte,4,F,couvert,-6.8236914,couverte,-9.959353,1
10565,S_NOUN_1_PASS_b,M,S,le coussin avec la recette était déformé <eos>,6,déformé,déformée,4,F,déformé,-12.228117,déformée,-12.96393,1
10566,S_NOUN_1_PASS_b,M,S,le coussin avec la recette était fixé <eos>,6,fixé,fixée,4,F,fixé,-4.5386405,fixée,-5.941214,1
10567,S_NOUN_1_PASS_b,M,S,le coussin avec la recette était jeté <eos>,6,jeté,jetée,4,F,jeté,-9.455146,jetée,-12.3975725,1
10568,S_NOUN_1_PASS_b,M,S,le coussin avec la recette était laissé <eos>,6,laissé,laissée,4,F,laissé,-8.869547,laissée,-10.470328,1
10569,S_NOUN_1_PASS_b,M,S,le coussin avec la recette était ouvert <eos>,6,ouvert,ouverte,4,F,ouvert,-6.5241575,ouverte,-8.1848955,1
10570,S_NOUN_1_PASS_b,M,S,le coussin avec la recette était perdu <eos>,6,perdu,perdue,4,F,perdu,-8.951372,perdue,-11.427988,1
10571,S_NOUN_1_PASS_b,M,S,le coussin avec la recette était réparé <eos>,6,réparé,réparée,4,F,réparé,-12.558174,réparée,-13.93618,1
10572,S_NOUN_1_PASS_b,M,S,le coussin avec la recette était retiré <eos>,6,retiré,retirée,4,F,retiré,-7.6993923,retirée,-11.503762,1
10573,S_NOUN_1_PASS_b,M,S,le coussin avec la recette était tombé <eos>,6,tombé,tombée,4,F,tombé,-8.739915,tombée,-11.251295,1
10574,S_NOUN_1_PASS_b,M,S,le coussin avec la recette était utilisé <eos>,6,utilisé,utilisée,4,F,utilisé,-5.539788,utilisée,-8.430937,1
10575,S_NOUN_1_PASS_b,M,S,le coussin avec la jupe était acheté <eos>,6,acheté,achetée,4,F,acheté,-9.599418,achetée,-11.96874,1
10576,S_NOUN_1_PASS_b,M,S,le coussin avec la jupe était brisé <eos>,6,brisé,brisée,4,F,brisé,-7.2455792,brisée,-9.111034,1
10577,S_NOUN_1_PASS_b,M,S,le coussin avec la jupe était caché <eos>,6,caché,cachée,4,F,caché,-8.387118,cachée,-9.773568,1
10578,S_NOUN_1_PASS_b,M,S,le coussin avec la jupe était cassé <eos>,6,cassé,cassée,4,F,cassé,-5.0972943,cassée,-8.892796,1
10579,S_NOUN_1_PASS_b,M,S,le coussin avec la jupe était couvert <eos>,6,couvert,couverte,4,F,couvert,-5.0597067,couverte,-7.906643,1
10580,S_NOUN_1_PASS_b,M,S,le coussin avec la jupe était déformé <eos>,6,déformé,déformée,4,F,déformé,-10.697396,déformée,-10.877857,1
10581,S_NOUN_1_PASS_b,M,S,le coussin avec la jupe était fixé <eos>,6,fixé,fixée,4,F,fixé,-4.6721315,fixée,-6.1296177,1
10582,S_NOUN_1_PASS_b,M,S,le coussin avec la jupe était jeté <eos>,6,jeté,jetée,4,F,jeté,-7.966321,jetée,-12.393967,1
10583,S_NOUN_1_PASS_b,M,S,le coussin avec la jupe était laissé <eos>,6,laissé,laissée,4,F,laissé,-8.440592,laissée,-10.266623,1
10584,S_NOUN_1_PASS_b,M,S,le coussin avec la jupe était ouvert <eos>,6,ouvert,ouverte,4,F,ouvert,-5.738942,ouverte,-6.530096,1
10585,S_NOUN_1_PASS_b,M,S,le coussin avec la jupe était perdu <eos>,6,perdu,perdue,4,F,perdu,-8.904282,perdue,-12.079273,1
10586,S_NOUN_1_PASS_b,M,S,le coussin avec la jupe était réparé <eos>,6,réparé,réparée,4,F,réparé,-12.073433,réparée,-11.866671,0
10587,S_NOUN_1_PASS_b,M,S,le coussin avec la jupe était retiré <eos>,6,retiré,retirée,4,F,retiré,-7.3233843,retirée,-11.274085,1
10588,S_NOUN_1_PASS_b,M,S,le coussin avec la jupe était tombé <eos>,6,tombé,tombée,4,F,tombé,-8.303649,tombée,-11.376208,1
10589,S_NOUN_1_PASS_b,M,S,le coussin avec la jupe était utilisé <eos>,6,utilisé,utilisée,4,F,utilisé,-5.54156,utilisée,-8.107598,1
10590,S_NOUN_1_PASS_b,M,S,le coussin avec la colle était acheté <eos>,6,acheté,achetée,4,F,acheté,-7.7634034,achetée,-11.114485,1
10591,S_NOUN_1_PASS_b,M,S,le coussin avec la colle était brisé <eos>,6,brisé,brisée,4,F,brisé,-7.7746134,brisée,-10.812149,1
10592,S_NOUN_1_PASS_b,M,S,le coussin avec la colle était caché <eos>,6,caché,cachée,4,F,caché,-7.406844,cachée,-10.639405,1
10593,S_NOUN_1_PASS_b,M,S,le coussin avec la colle était cassé <eos>,6,cassé,cassée,4,F,cassé,-6.3439655,cassée,-9.790961,1
10594,S_NOUN_1_PASS_b,M,S,le coussin avec la colle était couvert <eos>,6,couvert,couverte,4,F,couvert,-5.756499,couverte,-9.015377,1
10595,S_NOUN_1_PASS_b,M,S,le coussin avec la colle était déformé <eos>,6,déformé,déformée,4,F,déformé,-10.582521,déformée,-12.620586,1
10596,S_NOUN_1_PASS_b,M,S,le coussin avec la colle était fixé <eos>,6,fixé,fixée,4,F,fixé,-4.178529,fixée,-6.534526,1
10597,S_NOUN_1_PASS_b,M,S,le coussin avec la colle était jeté <eos>,6,jeté,jetée,4,F,jeté,-7.9033976,jetée,-12.102746,1
10598,S_NOUN_1_PASS_b,M,S,le coussin avec la colle était laissé <eos>,6,laissé,laissée,4,F,laissé,-8.3366585,laissée,-10.13344,1
10599,S_NOUN_1_PASS_b,M,S,le coussin avec la colle était ouvert <eos>,6,ouvert,ouverte,4,F,ouvert,-6.1568346,ouverte,-8.115835,1
10600,S_NOUN_1_PASS_b,M,S,le coussin avec la colle était perdu <eos>,6,perdu,perdue,4,F,perdu,-8.992337,perdue,-11.871075,1
10601,S_NOUN_1_PASS_b,M,S,le coussin avec la colle était réparé <eos>,6,réparé,réparée,4,F,réparé,-11.408539,réparée,-13.846497,1
10602,S_NOUN_1_PASS_b,M,S,le coussin avec la colle était retiré <eos>,6,retiré,retirée,4,F,retiré,-6.382697,retirée,-11.034689,1
10603,S_NOUN_1_PASS_b,M,S,le coussin avec la colle était tombé <eos>,6,tombé,tombée,4,F,tombé,-8.164701,tombée,-11.302301,1
10604,S_NOUN_1_PASS_b,M,S,le coussin avec la colle était utilisé <eos>,6,utilisé,utilisée,4,F,utilisé,-3.7216356,utilisée,-7.4937954,1
10605,S_NOUN_1_PASS_b,M,S,le coussin avec la lampe était acheté <eos>,6,acheté,achetée,4,F,acheté,-8.642719,achetée,-10.262646,1
10606,S_NOUN_1_PASS_b,M,S,le coussin avec la lampe était brisé <eos>,6,brisé,brisée,4,F,brisé,-7.3684616,brisée,-9.118485,1
10607,S_NOUN_1_PASS_b,M,S,le coussin avec la lampe était caché <eos>,6,caché,cachée,4,F,caché,-7.345475,cachée,-9.4748535,1
10608,S_NOUN_1_PASS_b,M,S,le coussin avec la lampe était cassé <eos>,6,cassé,cassée,4,F,cassé,-6.877395,cassée,-9.08633,1
10609,S_NOUN_1_PASS_b,M,S,le coussin avec la lampe était couvert <eos>,6,couvert,couverte,4,F,couvert,-6.1431966,couverte,-8.566526,1
10610,S_NOUN_1_PASS_b,M,S,le coussin avec la lampe était déformé <eos>,6,déformé,déformée,4,F,déformé,-10.92918,déformée,-11.908394,1
10611,S_NOUN_1_PASS_b,M,S,le coussin avec la lampe était fixé <eos>,6,fixé,fixée,4,F,fixé,-4.7989416,fixée,-6.193821,1
10612,S_NOUN_1_PASS_b,M,S,le coussin avec la lampe était jeté <eos>,6,jeté,jetée,4,F,jeté,-8.16165,jetée,-10.804394,1
10613,S_NOUN_1_PASS_b,M,S,le coussin avec la lampe était laissé <eos>,6,laissé,laissée,4,F,laissé,-8.745272,laissée,-9.86466,1
10614,S_NOUN_1_PASS_b,M,S,le coussin avec la lampe était ouvert <eos>,6,ouvert,ouverte,4,F,ouvert,-6.0170565,ouverte,-7.720792,1
10615,S_NOUN_1_PASS_b,M,S,le coussin avec la lampe était perdu <eos>,6,perdu,perdue,4,F,perdu,-9.193273,perdue,-11.574894,1
10616,S_NOUN_1_PASS_b,M,S,le coussin avec la lampe était réparé <eos>,6,réparé,réparée,4,F,réparé,-11.158861,réparée,-12.526688,1
10617,S_NOUN_1_PASS_b,M,S,le coussin avec la lampe était retiré <eos>,6,retiré,retirée,4,F,retiré,-7.544666,retirée,-10.396161,1
10618,S_NOUN_1_PASS_b,M,S,le coussin avec la lampe était tombé <eos>,6,tombé,tombée,4,F,tombé,-8.422157,tombée,-11.154335,1
10619,S_NOUN_1_PASS_b,M,S,le coussin avec la lampe était utilisé <eos>,6,utilisé,utilisée,4,F,utilisé,-4.358073,utilisée,-7.285163,1
10620,S_NOUN_1_PASS_b,M,S,le coussin avec la bouteille était acheté <eos>,6,acheté,achetée,4,F,acheté,-8.272353,achetée,-10.989293,1
10621,S_NOUN_1_PASS_b,M,S,le coussin avec la bouteille était brisé <eos>,6,brisé,brisée,4,F,brisé,-7.5714445,brisée,-9.909121,1
10622,S_NOUN_1_PASS_b,M,S,le coussin avec la bouteille était caché <eos>,6,caché,cachée,4,F,caché,-7.4779596,cachée,-10.161072,1
10623,S_NOUN_1_PASS_b,M,S,le coussin avec la bouteille était cassé <eos>,6,cassé,cassée,4,F,cassé,-5.582552,cassée,-8.707268,1
10624,S_NOUN_1_PASS_b,M,S,le coussin avec la bouteille était couvert <eos>,6,couvert,couverte,4,F,couvert,-5.4025745,couverte,-8.767,1
10625,S_NOUN_1_PASS_b,M,S,le coussin avec la bouteille était déformé <eos>,6,déformé,déformée,4,F,déformé,-10.921871,déformée,-12.093747,1
10626,S_NOUN_1_PASS_b,M,S,le coussin avec la bouteille était fixé <eos>,6,fixé,fixée,4,F,fixé,-3.7998025,fixée,-6.097246,1
10627,S_NOUN_1_PASS_b,M,S,le coussin avec la bouteille était jeté <eos>,6,jeté,jetée,4,F,jeté,-7.784205,jetée,-11.467321,1
10628,S_NOUN_1_PASS_b,M,S,le coussin avec la bouteille était laissé <eos>,6,laissé,laissée,4,F,laissé,-8.207866,laissée,-9.882005,1
10629,S_NOUN_1_PASS_b,M,S,le coussin avec la bouteille était ouvert <eos>,6,ouvert,ouverte,4,F,ouvert,-5.4207854,ouverte,-7.5862355,1
10630,S_NOUN_1_PASS_b,M,S,le coussin avec la bouteille était perdu <eos>,6,perdu,perdue,4,F,perdu,-8.887072,perdue,-12.120477,1
10631,S_NOUN_1_PASS_b,M,S,le coussin avec la bouteille était réparé <eos>,6,réparé,réparée,4,F,réparé,-11.642775,réparée,-13.330275,1
10632,S_NOUN_1_PASS_b,M,S,le coussin avec la bouteille était retiré <eos>,6,retiré,retirée,4,F,retiré,-6.6009474,retirée,-10.892891,1
10633,S_NOUN_1_PASS_b,M,S,le coussin avec la bouteille était tombé <eos>,6,tombé,tombée,4,F,tombé,-8.587597,tombée,-12.008299,1
10634,S_NOUN_1_PASS_b,M,S,le coussin avec la bouteille était utilisé <eos>,6,utilisé,utilisée,4,F,utilisé,-4.4699774,utilisée,-7.825122,1
10635,S_NOUN_1_PASS_b,M,S,le coussin avec la boisson était acheté <eos>,6,acheté,achetée,4,F,acheté,-8.356738,achetée,-10.802341,1
10636,S_NOUN_1_PASS_b,M,S,le coussin avec la boisson était brisé <eos>,6,brisé,brisée,4,F,brisé,-9.236978,brisée,-11.003222,1
10637,S_NOUN_1_PASS_b,M,S,le coussin avec la boisson était caché <eos>,6,caché,cachée,4,F,caché,-8.563346,cachée,-11.275929,1
10638,S_NOUN_1_PASS_b,M,S,le coussin avec la boisson était cassé <eos>,6,cassé,cassée,4,F,cassé,-6.655044,cassée,-9.997103,1
10639,S_NOUN_1_PASS_b,M,S,le coussin avec la boisson était couvert <eos>,6,couvert,couverte,4,F,couvert,-6.926916,couverte,-9.878576,1
10640,S_NOUN_1_PASS_b,M,S,le coussin avec la boisson était déformé <eos>,6,déformé,déformée,4,F,déformé,-11.133747,déformée,-12.584837,1
10641,S_NOUN_1_PASS_b,M,S,le coussin avec la boisson était fixé <eos>,6,fixé,fixée,4,F,fixé,-4.8708134,fixée,-6.884033,1
10642,S_NOUN_1_PASS_b,M,S,le coussin avec la boisson était jeté <eos>,6,jeté,jetée,4,F,jeté,-8.452719,jetée,-11.694425,1
10643,S_NOUN_1_PASS_b,M,S,le coussin avec la boisson était laissé <eos>,6,laissé,laissée,4,F,laissé,-9.308712,laissée,-10.622982,1
10644,S_NOUN_1_PASS_b,M,S,le coussin avec la boisson était ouvert <eos>,6,ouvert,ouverte,4,F,ouvert,-6.890822,ouverte,-8.420935,1
10645,S_NOUN_1_PASS_b,M,S,le coussin avec la boisson était perdu <eos>,6,perdu,perdue,4,F,perdu,-9.592442,perdue,-11.601955,1
10646,S_NOUN_1_PASS_b,M,S,le coussin avec la boisson était réparé <eos>,6,réparé,réparée,4,F,réparé,-12.666335,réparée,-14.350738,1
10647,S_NOUN_1_PASS_b,M,S,le coussin avec la boisson était retiré <eos>,6,retiré,retirée,4,F,retiré,-6.7744317,retirée,-11.06192,1
10648,S_NOUN_1_PASS_b,M,S,le coussin avec la boisson était tombé <eos>,6,tombé,tombée,4,F,tombé,-8.722793,tombée,-11.123092,1
10649,S_NOUN_1_PASS_b,M,S,le coussin avec la boisson était utilisé <eos>,6,utilisé,utilisée,4,F,utilisé,-4.217164,utilisée,-7.2333336,1
10650,S_NOUN_1_PASS_b,M,S,le coussin avec la pomme était acheté <eos>,6,acheté,achetée,4,F,acheté,-8.373284,achetée,-11.865439,1
10651,S_NOUN_1_PASS_b,M,S,le coussin avec la pomme était brisé <eos>,6,brisé,brisée,4,F,brisé,-7.223175,brisée,-10.436119,1
10652,S_NOUN_1_PASS_b,M,S,le coussin avec la pomme était caché <eos>,6,caché,cachée,4,F,caché,-7.658932,cachée,-11.433983,1
10653,S_NOUN_1_PASS_b,M,S,le coussin avec la pomme était cassé <eos>,6,cassé,cassée,4,F,cassé,-6.265382,cassée,-10.066859,1
10654,S_NOUN_1_PASS_b,M,S,le coussin avec la pomme était couvert <eos>,6,couvert,couverte,4,F,couvert,-5.304391,couverte,-9.126705,1
10655,S_NOUN_1_PASS_b,M,S,le coussin avec la pomme était déformé <eos>,6,déformé,déformée,4,F,déformé,-10.769129,déformée,-12.902395,1
10656,S_NOUN_1_PASS_b,M,S,le coussin avec la pomme était fixé <eos>,6,fixé,fixée,4,F,fixé,-4.7668962,fixée,-7.7607765,1
10657,S_NOUN_1_PASS_b,M,S,le coussin avec la pomme était jeté <eos>,6,jeté,jetée,4,F,jeté,-8.103339,jetée,-11.7372265,1
10658,S_NOUN_1_PASS_b,M,S,le coussin avec la pomme était laissé <eos>,6,laissé,laissée,4,F,laissé,-8.721565,laissée,-10.601912,1
10659,S_NOUN_1_PASS_b,M,S,le coussin avec la pomme était ouvert <eos>,6,ouvert,ouverte,4,F,ouvert,-5.7586684,ouverte,-8.409088,1
10660,S_NOUN_1_PASS_b,M,S,le coussin avec la pomme était perdu <eos>,6,perdu,perdue,4,F,perdu,-9.583542,perdue,-13.234177,1
10661,S_NOUN_1_PASS_b,M,S,le coussin avec la pomme était réparé <eos>,6,réparé,réparée,4,F,réparé,-11.44865,réparée,-14.237204,1
10662,S_NOUN_1_PASS_b,M,S,le coussin avec la pomme était retiré <eos>,6,retiré,retirée,4,F,retiré,-7.022312,retirée,-12.007219,1
10663,S_NOUN_1_PASS_b,M,S,le coussin avec la pomme était tombé <eos>,6,tombé,tombée,4,F,tombé,-8.80247,tombée,-12.968723,1
10664,S_NOUN_1_PASS_b,M,S,le coussin avec la pomme était utilisé <eos>,6,utilisé,utilisée,4,F,utilisé,-3.6173198,utilisée,-7.70415,1
10665,S_NOUN_1_PASS_b,M,S,le coussin avec la tasse était acheté <eos>,6,acheté,achetée,4,F,acheté,-7.618574,achetée,-10.686949,1
10666,S_NOUN_1_PASS_b,M,S,le coussin avec la tasse était brisé <eos>,6,brisé,brisée,4,F,brisé,-7.439687,brisée,-10.710021,1
10667,S_NOUN_1_PASS_b,M,S,le coussin avec la tasse était caché <eos>,6,caché,cachée,4,F,caché,-6.8290625,cachée,-10.815946,1
10668,S_NOUN_1_PASS_b,M,S,le coussin avec la tasse était cassé <eos>,6,cassé,cassée,4,F,cassé,-6.388524,cassée,-9.520911,1
10669,S_NOUN_1_PASS_b,M,S,le coussin avec la tasse était couvert <eos>,6,couvert,couverte,4,F,couvert,-5.7570257,couverte,-9.391099,1
10670,S_NOUN_1_PASS_b,M,S,le coussin avec la tasse était déformé <eos>,6,déformé,déformée,4,F,déformé,-10.829685,déformée,-12.404463,1
10671,S_NOUN_1_PASS_b,M,S,le coussin avec la tasse était fixé <eos>,6,fixé,fixée,4,F,fixé,-4.567498,fixée,-7.049486,1
10672,S_NOUN_1_PASS_b,M,S,le coussin avec la tasse était jeté <eos>,6,jeté,jetée,4,F,jeté,-7.4998064,jetée,-11.085501,1
10673,S_NOUN_1_PASS_b,M,S,le coussin avec la tasse était laissé <eos>,6,laissé,laissée,4,F,laissé,-8.070127,laissée,-9.54081,1
10674,S_NOUN_1_PASS_b,M,S,le coussin avec la tasse était ouvert <eos>,6,ouvert,ouverte,4,F,ouvert,-5.376195,ouverte,-7.175768,1
10675,S_NOUN_1_PASS_b,M,S,le coussin avec la tasse était perdu <eos>,6,perdu,perdue,4,F,perdu,-8.755686,perdue,-11.919405,1
10676,S_NOUN_1_PASS_b,M,S,le coussin avec la tasse était réparé <eos>,6,réparé,réparée,4,F,réparé,-10.808219,réparée,-13.01775,1
10677,S_NOUN_1_PASS_b,M,S,le coussin avec la tasse était retiré <eos>,6,retiré,retirée,4,F,retiré,-6.296501,retirée,-10.626097,1
10678,S_NOUN_1_PASS_b,M,S,le coussin avec la tasse était tombé <eos>,6,tombé,tombée,4,F,tombé,-8.759131,tombée,-11.544596,1
10679,S_NOUN_1_PASS_b,M,S,le coussin avec la tasse était utilisé <eos>,6,utilisé,utilisée,4,F,utilisé,-3.4069886,utilisée,-6.760711,1
10680,S_NOUN_1_PASS_b,M,S,le coussin avec la bougie était acheté <eos>,6,acheté,achetée,4,F,acheté,-8.398699,achetée,-11.59184,1
10681,S_NOUN_1_PASS_b,M,S,le coussin avec la bougie était brisé <eos>,6,brisé,brisée,4,F,brisé,-7.511884,brisée,-10.438278,1
10682,S_NOUN_1_PASS_b,M,S,le coussin avec la bougie était caché <eos>,6,caché,cachée,4,F,caché,-7.025694,cachée,-10.7354555,1
10683,S_NOUN_1_PASS_b,M,S,le coussin avec la bougie était cassé <eos>,6,cassé,cassée,4,F,cassé,-5.9950185,cassée,-9.860313,1
10684,S_NOUN_1_PASS_b,M,S,le coussin avec la bougie était couvert <eos>,6,couvert,couverte,4,F,couvert,-6.050951,couverte,-9.728657,1
10685,S_NOUN_1_PASS_b,M,S,le coussin avec la bougie était déformé <eos>,6,déformé,déformée,4,F,déformé,-11.169614,déformée,-12.879319,1
10686,S_NOUN_1_PASS_b,M,S,le coussin avec la bougie était fixé <eos>,6,fixé,fixée,4,F,fixé,-4.595299,fixée,-7.3368425,1
10687,S_NOUN_1_PASS_b,M,S,le coussin avec la bougie était jeté <eos>,6,jeté,jetée,4,F,jeté,-8.310709,jetée,-12.089946,1
10688,S_NOUN_1_PASS_b,M,S,le coussin avec la bougie était laissé <eos>,6,laissé,laissée,4,F,laissé,-8.360115,laissée,-11.05106,1
10689,S_NOUN_1_PASS_b,M,S,le coussin avec la bougie était ouvert <eos>,6,ouvert,ouverte,4,F,ouvert,-5.9587555,ouverte,-8.522843,1
10690,S_NOUN_1_PASS_b,M,S,le coussin avec la bougie était perdu <eos>,6,perdu,perdue,4,F,perdu,-8.589337,perdue,-12.106287,1
10691,S_NOUN_1_PASS_b,M,S,le coussin avec la bougie était réparé <eos>,6,réparé,réparée,4,F,réparé,-11.283697,réparée,-13.213726,1
10692,S_NOUN_1_PASS_b,M,S,le coussin avec la bougie était retiré <eos>,6,retiré,retirée,4,F,retiré,-6.6248155,retirée,-10.950916,1
10693,S_NOUN_1_PASS_b,M,S,le coussin avec la bougie était tombé <eos>,6,tombé,tombée,4,F,tombé,-8.073923,tombée,-11.92758,1
10694,S_NOUN_1_PASS_b,M,S,le coussin avec la bougie était utilisé <eos>,6,utilisé,utilisée,4,F,utilisé,-3.8140004,utilisée,-7.90114,1
10695,S_NOUN_1_PASS_b,M,S,le coussin avec la pochette était acheté <eos>,6,acheté,achetée,4,F,acheté,-8.67875,achetée,-11.032378,1
10696,S_NOUN_1_PASS_b,M,S,le coussin avec la pochette était brisé <eos>,6,brisé,brisée,4,F,brisé,-8.580972,brisée,-11.669417,1
10697,S_NOUN_1_PASS_b,M,S,le coussin avec la pochette était caché <eos>,6,caché,cachée,4,F,caché,-7.962775,cachée,-10.928858,1
10698,S_NOUN_1_PASS_b,M,S,le coussin avec la pochette était cassé <eos>,6,cassé,cassée,4,F,cassé,-6.268216,cassée,-10.326602,1
10699,S_NOUN_1_PASS_b,M,S,le coussin avec la pochette était couvert <eos>,6,couvert,couverte,4,F,couvert,-6.6476107,couverte,-9.819695,1
10700,S_NOUN_1_PASS_b,M,S,le coussin avec la pochette était déformé <eos>,6,déformé,déformée,4,F,déformé,-10.711436,déformée,-11.818767,1
10701,S_NOUN_1_PASS_b,M,S,le coussin avec la pochette était fixé <eos>,6,fixé,fixée,4,F,fixé,-4.629794,fixée,-6.8496065,1
10702,S_NOUN_1_PASS_b,M,S,le coussin avec la pochette était jeté <eos>,6,jeté,jetée,4,F,jeté,-8.772555,jetée,-13.01342,1
10703,S_NOUN_1_PASS_b,M,S,le coussin avec la pochette était laissé <eos>,6,laissé,laissée,4,F,laissé,-8.826449,laissée,-11.007112,1
10704,S_NOUN_1_PASS_b,M,S,le coussin avec la pochette était ouvert <eos>,6,ouvert,ouverte,4,F,ouvert,-7.5381155,ouverte,-9.346052,1
10705,S_NOUN_1_PASS_b,M,S,le coussin avec la pochette était perdu <eos>,6,perdu,perdue,4,F,perdu,-9.195898,perdue,-12.790861,1
10706,S_NOUN_1_PASS_b,M,S,le coussin avec la pochette était réparé <eos>,6,réparé,réparée,4,F,réparé,-12.568811,réparée,-13.665564,1
10707,S_NOUN_1_PASS_b,M,S,le coussin avec la pochette était retiré <eos>,6,retiré,retirée,4,F,retiré,-6.528034,retirée,-10.459599,1
10708,S_NOUN_1_PASS_b,M,S,le coussin avec la pochette était tombé <eos>,6,tombé,tombée,4,F,tombé,-8.092716,tombée,-11.39977,1
10709,S_NOUN_1_PASS_b,M,S,le coussin avec la pochette était utilisé <eos>,6,utilisé,utilisée,4,F,utilisé,-5.5716352,utilisée,-8.748042,1
10710,S_NOUN_1_PASS_b,M,S,le coussin avec la banane était acheté <eos>,6,acheté,achetée,4,F,acheté,-8.41068,achetée,-11.580867,1
10711,S_NOUN_1_PASS_b,M,S,le coussin avec la banane était brisé <eos>,6,brisé,brisée,4,F,brisé,-8.240057,brisée,-11.348527,1
10712,S_NOUN_1_PASS_b,M,S,le coussin avec la banane était caché <eos>,6,caché,cachée,4,F,caché,-8.220508,cachée,-11.626255,1
10713,S_NOUN_1_PASS_b,M,S,le coussin avec la banane était cassé <eos>,6,cassé,cassée,4,F,cassé,-6.4406376,cassée,-10.511863,1
10714,S_NOUN_1_PASS_b,M,S,le coussin avec la banane était couvert <eos>,6,couvert,couverte,4,F,couvert,-6.082861,couverte,-9.058339,1
10715,S_NOUN_1_PASS_b,M,S,le coussin avec la banane était déformé <eos>,6,déformé,déformée,4,F,déformé,-11.601511,déformée,-13.428017,1
10716,S_NOUN_1_PASS_b,M,S,le coussin avec la banane était fixé <eos>,6,fixé,fixée,4,F,fixé,-4.724692,fixée,-6.747276,1
10717,S_NOUN_1_PASS_b,M,S,le coussin avec la banane était jeté <eos>,6,jeté,jetée,4,F,jeté,-7.962883,jetée,-11.749153,1
10718,S_NOUN_1_PASS_b,M,S,le coussin avec la banane était laissé <eos>,6,laissé,laissée,4,F,laissé,-8.8394,laissée,-10.8943,1
10719,S_NOUN_1_PASS_b,M,S,le coussin avec la banane était ouvert <eos>,6,ouvert,ouverte,4,F,ouvert,-5.8349476,ouverte,-7.4897795,1
10720,S_NOUN_1_PASS_b,M,S,le coussin avec la banane était perdu <eos>,6,perdu,perdue,4,F,perdu,-9.565531,perdue,-12.890871,1
10721,S_NOUN_1_PASS_b,M,S,le coussin avec la banane était réparé <eos>,6,réparé,réparée,4,F,réparé,-11.273922,réparée,-14.098028,1
10722,S_NOUN_1_PASS_b,M,S,le coussin avec la banane était retiré <eos>,6,retiré,retirée,4,F,retiré,-7.3660107,retirée,-11.642982,1
10723,S_NOUN_1_PASS_b,M,S,le coussin avec la banane était tombé <eos>,6,tombé,tombée,4,F,tombé,-8.417518,tombée,-11.968627,1
10724,S_NOUN_1_PASS_b,M,S,le coussin avec la banane était utilisé <eos>,6,utilisé,utilisée,4,F,utilisé,-3.4736943,utilisée,-6.848311,1
10725,S_NOUN_1_PASS_b,M,S,le coussin avec la robe était acheté <eos>,6,acheté,achetée,4,F,acheté,-8.842872,achetée,-11.016206,1
10726,S_NOUN_1_PASS_b,M,S,le coussin avec la robe était brisé <eos>,6,brisé,brisée,4,F,brisé,-8.739068,brisée,-10.439593,1
10727,S_NOUN_1_PASS_b,M,S,le coussin avec la robe était caché <eos>,6,caché,cachée,4,F,caché,-8.989424,cachée,-10.633997,1
10728,S_NOUN_1_PASS_b,M,S,le coussin avec la robe était cassé <eos>,6,cassé,cassée,4,F,cassé,-5.6813703,cassée,-10.154561,1
10729,S_NOUN_1_PASS_b,M,S,le coussin avec la robe était couvert <eos>,6,couvert,couverte,4,F,couvert,-6.6790576,couverte,-8.45993,1
10730,S_NOUN_1_PASS_b,M,S,le coussin avec la robe était déformé <eos>,6,déformé,déformée,4,F,déformé,-11.279694,déformée,-11.973295,1
10731,S_NOUN_1_PASS_b,M,S,le coussin avec la robe était fixé <eos>,6,fixé,fixée,4,F,fixé,-4.3881617,fixée,-5.5745544,1
10732,S_NOUN_1_PASS_b,M,S,le coussin avec la robe était jeté <eos>,6,jeté,jetée,4,F,jeté,-8.619471,jetée,-12.936745,1
10733,S_NOUN_1_PASS_b,M,S,le coussin avec la robe était laissé <eos>,6,laissé,laissée,4,F,laissé,-8.849549,laissée,-10.306456,1
10734,S_NOUN_1_PASS_b,M,S,le coussin avec la robe était ouvert <eos>,6,ouvert,ouverte,4,F,ouvert,-6.951376,ouverte,-7.814646,1
10735,S_NOUN_1_PASS_b,M,S,le coussin avec la robe était perdu <eos>,6,perdu,perdue,4,F,perdu,-9.410444,perdue,-12.087622,1
10736,S_NOUN_1_PASS_b,M,S,le coussin avec la robe était réparé <eos>,6,réparé,réparée,4,F,réparé,-13.511551,réparée,-13.550776,1
10737,S_NOUN_1_PASS_b,M,S,le coussin avec la robe était retiré <eos>,6,retiré,retirée,4,F,retiré,-6.287446,retirée,-10.321716,1
10738,S_NOUN_1_PASS_b,M,S,le coussin avec la robe était tombé <eos>,6,tombé,tombée,4,F,tombé,-8.704378,tombée,-10.875289,1
10739,S_NOUN_1_PASS_b,M,S,le coussin avec la robe était utilisé <eos>,6,utilisé,utilisée,4,F,utilisé,-5.0707936,utilisée,-7.5023456,1
10740,S_NOUN_1_PASS_b,M,S,le coussin avec la valise était acheté <eos>,6,acheté,achetée,4,F,acheté,-6.9458733,achetée,-10.148713,1
10741,S_NOUN_1_PASS_b,M,S,le coussin avec la valise était brisé <eos>,6,brisé,brisée,4,F,brisé,-7.006299,brisée,-9.605261,1
10742,S_NOUN_1_PASS_b,M,S,le coussin avec la valise était caché <eos>,6,caché,cachée,4,F,caché,-6.772161,cachée,-10.236669,1
10743,S_NOUN_1_PASS_b,M,S,le coussin avec la valise était cassé <eos>,6,cassé,cassée,4,F,cassé,-6.043976,cassée,-8.775338,1
10744,S_NOUN_1_PASS_b,M,S,le coussin avec la valise était couvert <eos>,6,couvert,couverte,4,F,couvert,-5.4590707,couverte,-8.275515,1
10745,S_NOUN_1_PASS_b,M,S,le coussin avec la valise était déformé <eos>,6,déformé,déformée,4,F,déformé,-10.514132,déformée,-12.3051,1
10746,S_NOUN_1_PASS_b,M,S,le coussin avec la valise était fixé <eos>,6,fixé,fixée,4,F,fixé,-4.6072836,fixée,-6.2038784,1
10747,S_NOUN_1_PASS_b,M,S,le coussin avec la valise était jeté <eos>,6,jeté,jetée,4,F,jeté,-7.046174,jetée,-11.3408375,1
10748,S_NOUN_1_PASS_b,M,S,le coussin avec la valise était laissé <eos>,6,laissé,laissée,4,F,laissé,-7.9024086,laissée,-9.595888,1
10749,S_NOUN_1_PASS_b,M,S,le coussin avec la valise était ouvert <eos>,6,ouvert,ouverte,4,F,ouvert,-5.2755136,ouverte,-7.009166,1
10750,S_NOUN_1_PASS_b,M,S,le coussin avec la valise était perdu <eos>,6,perdu,perdue,4,F,perdu,-8.24893,perdue,-11.187054,1
10751,S_NOUN_1_PASS_b,M,S,le coussin avec la valise était réparé <eos>,6,réparé,réparée,4,F,réparé,-10.828501,réparée,-12.734079,1
10752,S_NOUN_1_PASS_b,M,S,le coussin avec la valise était retiré <eos>,6,retiré,retirée,4,F,retiré,-5.984438,retirée,-9.769602,1
10753,S_NOUN_1_PASS_b,M,S,le coussin avec la valise était tombé <eos>,6,tombé,tombée,4,F,tombé,-7.841829,tombée,-10.165655,1
10754,S_NOUN_1_PASS_b,M,S,le coussin avec la valise était utilisé <eos>,6,utilisé,utilisée,4,F,utilisé,-5.2987604,utilisée,-8.482298,1
10755,S_NOUN_1_PASS_b,M,S,le coussin avec la pendule était acheté <eos>,6,acheté,achetée,4,F,acheté,-8.566682,achetée,-11.174083,1
10756,S_NOUN_1_PASS_b,M,S,le coussin avec la pendule était brisé <eos>,6,brisé,brisée,4,F,brisé,-7.5914965,brisée,-8.967071,1
10757,S_NOUN_1_PASS_b,M,S,le coussin avec la pendule était caché <eos>,6,caché,cachée,4,F,caché,-7.4812593,cachée,-9.587391,1
10758,S_NOUN_1_PASS_b,M,S,le coussin avec la pendule était cassé <eos>,6,cassé,cassée,4,F,cassé,-5.535491,cassée,-8.04512,1
10759,S_NOUN_1_PASS_b,M,S,le coussin avec la pendule était couvert <eos>,6,couvert,couverte,4,F,couvert,-5.8165226,couverte,-8.179095,1
10760,S_NOUN_1_PASS_b,M,S,le coussin avec la pendule était déformé <eos>,6,déformé,déformée,4,F,déformé,-11.181253,déformée,-12.305681,1
10761,S_NOUN_1_PASS_b,M,S,le coussin avec la pendule était fixé <eos>,6,fixé,fixée,4,F,fixé,-3.5406554,fixée,-4.870817,1
10762,S_NOUN_1_PASS_b,M,S,le coussin avec la pendule était jeté <eos>,6,jeté,jetée,4,F,jeté,-8.313771,jetée,-12.545639,1
10763,S_NOUN_1_PASS_b,M,S,le coussin avec la pendule était laissé <eos>,6,laissé,laissée,4,F,laissé,-8.923747,laissée,-10.611336,1
10764,S_NOUN_1_PASS_b,M,S,le coussin avec la pendule était ouvert <eos>,6,ouvert,ouverte,4,F,ouvert,-5.305852,ouverte,-7.4729147,1
10765,S_NOUN_1_PASS_b,M,S,le coussin avec la pendule était perdu <eos>,6,perdu,perdue,4,F,perdu,-10.080374,perdue,-11.8436985,1
10766,S_NOUN_1_PASS_b,M,S,le coussin avec la pendule était réparé <eos>,6,réparé,réparée,4,F,réparé,-12.261451,réparée,-12.72155,1
10767,S_NOUN_1_PASS_b,M,S,le coussin avec la pendule était retiré <eos>,6,retiré,retirée,4,F,retiré,-6.5960283,retirée,-10.771445,1
10768,S_NOUN_1_PASS_b,M,S,le coussin avec la pendule était tombé <eos>,6,tombé,tombée,4,F,tombé,-8.768118,tombée,-13.036685,1
10769,S_NOUN_1_PASS_b,M,S,le coussin avec la pendule était utilisé <eos>,6,utilisé,utilisée,4,F,utilisé,-4.482977,utilisée,-7.819475,1
10770,S_NOUN_1_PASS_b,M,S,le coussin avec la cloche était acheté <eos>,6,acheté,achetée,4,F,acheté,-8.320351,achetée,-10.926255,1
10771,S_NOUN_1_PASS_b,M,S,le coussin avec la cloche était brisé <eos>,6,brisé,brisée,4,F,brisé,-7.2100477,brisée,-9.959879,1
10772,S_NOUN_1_PASS_b,M,S,le coussin avec la cloche était caché <eos>,6,caché,cachée,4,F,caché,-6.997027,cachée,-9.815523,1
10773,S_NOUN_1_PASS_b,M,S,le coussin avec la cloche était cassé <eos>,6,cassé,cassée,4,F,cassé,-6.713586,cassée,-9.254717,1
10774,S_NOUN_1_PASS_b,M,S,le coussin avec la cloche était couvert <eos>,6,couvert,couverte,4,F,couvert,-5.755935,couverte,-8.967648,1
10775,S_NOUN_1_PASS_b,M,S,le coussin avec la cloche était déformé <eos>,6,déformé,déformée,4,F,déformé,-11.64175,déformée,-12.817158,1
10776,S_NOUN_1_PASS_b,M,S,le coussin avec la cloche était fixé <eos>,6,fixé,fixée,4,F,fixé,-4.1709785,fixée,-6.223382,1
10777,S_NOUN_1_PASS_b,M,S,le coussin avec la cloche était jeté <eos>,6,jeté,jetée,4,F,jeté,-7.765419,jetée,-11.506997,1
10778,S_NOUN_1_PASS_b,M,S,le coussin avec la cloche était laissé <eos>,6,laissé,laissée,4,F,laissé,-8.067837,laissée,-10.383577,1
10779,S_NOUN_1_PASS_b,M,S,le coussin avec la cloche était ouvert <eos>,6,ouvert,ouverte,4,F,ouvert,-6.124922,ouverte,-7.9929714,1
10780,S_NOUN_1_PASS_b,M,S,le coussin avec la cloche était perdu <eos>,6,perdu,perdue,4,F,perdu,-8.617684,perdue,-11.690499,1
10781,S_NOUN_1_PASS_b,M,S,le coussin avec la cloche était réparé <eos>,6,réparé,réparée,4,F,réparé,-10.587573,réparée,-12.263734,1
10782,S_NOUN_1_PASS_b,M,S,le coussin avec la cloche était retiré <eos>,6,retiré,retirée,4,F,retiré,-6.9276,retirée,-11.385677,1
10783,S_NOUN_1_PASS_b,M,S,le coussin avec la cloche était tombé <eos>,6,tombé,tombée,4,F,tombé,-7.4238424,tombée,-10.926448,1
10784,S_NOUN_1_PASS_b,M,S,le coussin avec la cloche était utilisé <eos>,6,utilisé,utilisée,4,F,utilisé,-4.5488796,utilisée,-7.8655224,1
10785,S_NOUN_1_PASS_b,M,S,le coussin avec la cerise était acheté <eos>,6,acheté,achetée,4,F,acheté,-8.558774,achetée,-12.253849,1
10786,S_NOUN_1_PASS_b,M,S,le coussin avec la cerise était brisé <eos>,6,brisé,brisée,4,F,brisé,-8.479224,brisée,-12.004383,1
10787,S_NOUN_1_PASS_b,M,S,le coussin avec la cerise était caché <eos>,6,caché,cachée,4,F,caché,-8.061431,cachée,-12.102658,1
10788,S_NOUN_1_PASS_b,M,S,le coussin avec la cerise était cassé <eos>,6,cassé,cassée,4,F,cassé,-6.5390964,cassée,-10.78347,1
10789,S_NOUN_1_PASS_b,M,S,le coussin avec la cerise était couvert <eos>,6,couvert,couverte,4,F,couvert,-5.7946067,couverte,-9.477257,1
10790,S_NOUN_1_PASS_b,M,S,le coussin avec la cerise était déformé <eos>,6,déformé,déformée,4,F,déformé,-11.225724,déformée,-13.54674,1
10791,S_NOUN_1_PASS_b,M,S,le coussin avec la cerise était fixé <eos>,6,fixé,fixée,4,F,fixé,-4.868526,fixée,-7.51152,1
10792,S_NOUN_1_PASS_b,M,S,le coussin avec la cerise était jeté <eos>,6,jeté,jetée,4,F,jeté,-9.007011,jetée,-12.493103,1
10793,S_NOUN_1_PASS_b,M,S,le coussin avec la cerise était laissé <eos>,6,laissé,laissée,4,F,laissé,-8.900978,laissée,-11.061505,1
10794,S_NOUN_1_PASS_b,M,S,le coussin avec la cerise était ouvert <eos>,6,ouvert,ouverte,4,F,ouvert,-6.6222544,ouverte,-9.108559,1
10795,S_NOUN_1_PASS_b,M,S,le coussin avec la cerise était perdu <eos>,6,perdu,perdue,4,F,perdu,-8.80294,perdue,-12.77785,1
10796,S_NOUN_1_PASS_b,M,S,le coussin avec la cerise était réparé <eos>,6,réparé,réparée,4,F,réparé,-12.713179,réparée,-15.044657,1
10797,S_NOUN_1_PASS_b,M,S,le coussin avec la cerise était retiré <eos>,6,retiré,retirée,4,F,retiré,-7.414964,retirée,-12.185778,1
10798,S_NOUN_1_PASS_b,M,S,le coussin avec la cerise était tombé <eos>,6,tombé,tombée,4,F,tombé,-8.556276,tombée,-11.490501,1
10799,S_NOUN_1_PASS_b,M,S,le coussin avec la cerise était utilisé <eos>,6,utilisé,utilisée,4,F,utilisé,-3.5911188,utilisée,-7.03938,1
10800,S_NOUN_1_PASS_b,M,S,le jouet avec la gemme était acheté <eos>,6,acheté,achetée,4,F,acheté,-8.693939,achetée,-11.901369,1
10801,S_NOUN_1_PASS_b,M,S,le jouet avec la gemme était brisé <eos>,6,brisé,brisée,4,F,brisé,-9.292717,brisée,-12.581914,1
10802,S_NOUN_1_PASS_b,M,S,le jouet avec la gemme était caché <eos>,6,caché,cachée,4,F,caché,-7.6237874,cachée,-10.088101,1
10803,S_NOUN_1_PASS_b,M,S,le jouet avec la gemme était cassé <eos>,6,cassé,cassée,4,F,cassé,-9.835216,cassée,-12.3070545,1
10804,S_NOUN_1_PASS_b,M,S,le jouet avec la gemme était couvert <eos>,6,couvert,couverte,4,F,couvert,-7.6662636,couverte,-10.913182,1
10805,S_NOUN_1_PASS_b,M,S,le jouet avec la gemme était déformé <eos>,6,déformé,déformée,4,F,déformé,-11.366046,déformée,-13.441007,1
10806,S_NOUN_1_PASS_b,M,S,le jouet avec la gemme était fixé <eos>,6,fixé,fixée,4,F,fixé,-6.7328024,fixée,-9.571821,1
10807,S_NOUN_1_PASS_b,M,S,le jouet avec la gemme était jeté <eos>,6,jeté,jetée,4,F,jeté,-9.446921,jetée,-13.943975,1
10808,S_NOUN_1_PASS_b,M,S,le jouet avec la gemme était laissé <eos>,6,laissé,laissée,4,F,laissé,-9.455585,laissée,-12.6845255,1
10809,S_NOUN_1_PASS_b,M,S,le jouet avec la gemme était ouvert <eos>,6,ouvert,ouverte,4,F,ouvert,-7.2956524,ouverte,-9.961191,1
10810,S_NOUN_1_PASS_b,M,S,le jouet avec la gemme était perdu <eos>,6,perdu,perdue,4,F,perdu,-9.493778,perdue,-12.634308,1
10811,S_NOUN_1_PASS_b,M,S,le jouet avec la gemme était réparé <eos>,6,réparé,réparée,4,F,réparé,-11.571545,réparée,-14.501433,1
10812,S_NOUN_1_PASS_b,M,S,le jouet avec la gemme était retiré <eos>,6,retiré,retirée,4,F,retiré,-8.642883,retirée,-12.863102,1
10813,S_NOUN_1_PASS_b,M,S,le jouet avec la gemme était tombé <eos>,6,tombé,tombée,4,F,tombé,-8.495035,tombée,-11.173288,1
10814,S_NOUN_1_PASS_b,M,S,le jouet avec la gemme était utilisé <eos>,6,utilisé,utilisée,4,F,utilisé,-3.262886,utilisée,-7.034567,1
10815,S_NOUN_1_PASS_b,M,S,le jouet avec la chaise était acheté <eos>,6,acheté,achetée,4,F,acheté,-8.510403,achetée,-10.670223,1
10816,S_NOUN_1_PASS_b,M,S,le jouet avec la chaise était brisé <eos>,6,brisé,brisée,4,F,brisé,-9.008783,brisée,-11.539147,1
10817,S_NOUN_1_PASS_b,M,S,le jouet avec la chaise était caché <eos>,6,caché,cachée,4,F,caché,-8.120687,cachée,-9.439929,1
10818,S_NOUN_1_PASS_b,M,S,le jouet avec la chaise était cassé <eos>,6,cassé,cassée,4,F,cassé,-9.291213,cassée,-10.945004,1
10819,S_NOUN_1_PASS_b,M,S,le jouet avec la chaise était couvert <eos>,6,couvert,couverte,4,F,couvert,-6.8946733,couverte,-9.198047,1
10820,S_NOUN_1_PASS_b,M,S,le jouet avec la chaise était déformé <eos>,6,déformé,déformée,4,F,déformé,-10.998579,déformée,-12.147068,1
10821,S_NOUN_1_PASS_b,M,S,le jouet avec la chaise était fixé <eos>,6,fixé,fixée,4,F,fixé,-7.4542847,fixée,-8.715401,1
10822,S_NOUN_1_PASS_b,M,S,le jouet avec la chaise était jeté <eos>,6,jeté,jetée,4,F,jeté,-9.031567,jetée,-13.037781,1
10823,S_NOUN_1_PASS_b,M,S,le jouet avec la chaise était laissé <eos>,6,laissé,laissée,4,F,laissé,-9.131768,laissée,-11.638273,1
10824,S_NOUN_1_PASS_b,M,S,le jouet avec la chaise était ouvert <eos>,6,ouvert,ouverte,4,F,ouvert,-6.439024,ouverte,-8.153579,1
10825,S_NOUN_1_PASS_b,M,S,le jouet avec la chaise était perdu <eos>,6,perdu,perdue,4,F,perdu,-9.124621,perdue,-11.314281,1
10826,S_NOUN_1_PASS_b,M,S,le jouet avec la chaise était réparé <eos>,6,réparé,réparée,4,F,réparé,-11.240812,réparée,-12.534096,1
10827,S_NOUN_1_PASS_b,M,S,le jouet avec la chaise était retiré <eos>,6,retiré,retirée,4,F,retiré,-9.11596,retirée,-12.247675,1
10828,S_NOUN_1_PASS_b,M,S,le jouet avec la chaise était tombé <eos>,6,tombé,tombée,4,F,tombé,-8.353108,tombée,-9.883972,1
10829,S_NOUN_1_PASS_b,M,S,le jouet avec la chaise était utilisé <eos>,6,utilisé,utilisée,4,F,utilisé,-3.5018315,utilisée,-6.1823173,1
10830,S_NOUN_1_PASS_b,M,S,le jouet avec la poubelle était acheté <eos>,6,acheté,achetée,4,F,acheté,-7.879135,achetée,-10.854043,1
10831,S_NOUN_1_PASS_b,M,S,le jouet avec la poubelle était brisé <eos>,6,brisé,brisée,4,F,brisé,-8.919405,brisée,-12.0141115,1
10832,S_NOUN_1_PASS_b,M,S,le jouet avec la poubelle était caché <eos>,6,caché,cachée,4,F,caché,-7.405014,cachée,-9.662681,1
10833,S_NOUN_1_PASS_b,M,S,le jouet avec la poubelle était cassé <eos>,6,cassé,cassée,4,F,cassé,-9.673376,cassée,-11.590279,1
10834,S_NOUN_1_PASS_b,M,S,le jouet avec la poubelle était couvert <eos>,6,couvert,couverte,4,F,couvert,-7.1692553,couverte,-9.951167,1
10835,S_NOUN_1_PASS_b,M,S,le jouet avec la poubelle était déformé <eos>,6,déformé,déformée,4,F,déformé,-10.24147,déformée,-12.532677,1
10836,S_NOUN_1_PASS_b,M,S,le jouet avec la poubelle était fixé <eos>,6,fixé,fixée,4,F,fixé,-7.335966,fixée,-10.084729,1
10837,S_NOUN_1_PASS_b,M,S,le jouet avec la poubelle était jeté <eos>,6,jeté,jetée,4,F,jeté,-8.683311,jetée,-12.095587,1
10838,S_NOUN_1_PASS_b,M,S,le jouet avec la poubelle était laissé <eos>,6,laissé,laissée,4,F,laissé,-8.2645445,laissée,-11.54095,1
10839,S_NOUN_1_PASS_b,M,S,le jouet avec la poubelle était ouvert <eos>,6,ouvert,ouverte,4,F,ouvert,-6.4056425,ouverte,-9.182082,1
10840,S_NOUN_1_PASS_b,M,S,le jouet avec la poubelle était perdu <eos>,6,perdu,perdue,4,F,perdu,-8.368549,perdue,-11.823219,1
10841,S_NOUN_1_PASS_b,M,S,le jouet avec la poubelle était réparé <eos>,6,réparé,réparée,4,F,réparé,-10.766187,réparée,-13.217917,1
10842,S_NOUN_1_PASS_b,M,S,le jouet avec la poubelle était retiré <eos>,6,retiré,retirée,4,F,retiré,-8.057172,retirée,-11.9956,1
10843,S_NOUN_1_PASS_b,M,S,le jouet avec la poubelle était tombé <eos>,6,tombé,tombée,4,F,tombé,-8.129026,tombée,-9.892496,1
10844,S_NOUN_1_PASS_b,M,S,le jouet avec la poubelle était utilisé <eos>,6,utilisé,utilisée,4,F,utilisé,-3.789831,utilisée,-7.3328342,1
10845,S_NOUN_1_PASS_b,M,S,le jouet avec la chemise était acheté <eos>,6,acheté,achetée,4,F,acheté,-8.363233,achetée,-11.504476,1
10846,S_NOUN_1_PASS_b,M,S,le jouet avec la chemise était brisé <eos>,6,brisé,brisée,4,F,brisé,-9.111698,brisée,-12.345318,1
10847,S_NOUN_1_PASS_b,M,S,le jouet avec la chemise était caché <eos>,6,caché,cachée,4,F,caché,-8.074126,cachée,-10.294794,1
10848,S_NOUN_1_PASS_b,M,S,le jouet avec la chemise était cassé <eos>,6,cassé,cassée,4,F,cassé,-9.169689,cassée,-12.721359,1
10849,S_NOUN_1_PASS_b,M,S,le jouet avec la chemise était couvert <eos>,6,couvert,couverte,4,F,couvert,-6.7261615,couverte,-9.713099,1
10850,S_NOUN_1_PASS_b,M,S,le jouet avec la chemise était déformé <eos>,6,déformé,déformée,4,F,déformé,-11.107088,déformée,-12.880518,1
10851,S_NOUN_1_PASS_b,M,S,le jouet avec la chemise était fixé <eos>,6,fixé,fixée,4,F,fixé,-6.5518103,fixée,-9.575383,1
10852,S_NOUN_1_PASS_b,M,S,le jouet avec la chemise était jeté <eos>,6,jeté,jetée,4,F,jeté,-8.719547,jetée,-13.824253,1
10853,S_NOUN_1_PASS_b,M,S,le jouet avec la chemise était laissé <eos>,6,laissé,laissée,4,F,laissé,-8.82119,laissée,-12.404987,1
10854,S_NOUN_1_PASS_b,M,S,le jouet avec la chemise était ouvert <eos>,6,ouvert,ouverte,4,F,ouvert,-6.747704,ouverte,-9.160341,1
10855,S_NOUN_1_PASS_b,M,S,le jouet avec la chemise était perdu <eos>,6,perdu,perdue,4,F,perdu,-8.876314,perdue,-12.854477,1
10856,S_NOUN_1_PASS_b,M,S,le jouet avec la chemise était réparé <eos>,6,réparé,réparée,4,F,réparé,-12.01298,réparée,-14.070724,1
10857,S_NOUN_1_PASS_b,M,S,le jouet avec la chemise était retiré <eos>,6,retiré,retirée,4,F,retiré,-7.655291,retirée,-12.418272,1
10858,S_NOUN_1_PASS_b,M,S,le jouet avec la chemise était tombé <eos>,6,tombé,tombée,4,F,tombé,-7.679422,tombée,-9.986458,1
10859,S_NOUN_1_PASS_b,M,S,le jouet avec la chemise était utilisé <eos>,6,utilisé,utilisée,4,F,utilisé,-3.285197,utilisée,-6.987006,1
10860,S_NOUN_1_PASS_b,M,S,le jouet avec la recette était acheté <eos>,6,acheté,achetée,4,F,acheté,-9.002613,achetée,-11.689748,1
10861,S_NOUN_1_PASS_b,M,S,le jouet avec la recette était brisé <eos>,6,brisé,brisée,4,F,brisé,-9.76677,brisée,-12.687044,1
10862,S_NOUN_1_PASS_b,M,S,le jouet avec la recette était caché <eos>,6,caché,cachée,4,F,caché,-8.174628,cachée,-10.362591,1
10863,S_NOUN_1_PASS_b,M,S,le jouet avec la recette était cassé <eos>,6,cassé,cassée,4,F,cassé,-10.555511,cassée,-12.055915,1
10864,S_NOUN_1_PASS_b,M,S,le jouet avec la recette était couvert <eos>,6,couvert,couverte,4,F,couvert,-8.149822,couverte,-10.837133,1
10865,S_NOUN_1_PASS_b,M,S,le jouet avec la recette était déformé <eos>,6,déformé,déformée,4,F,déformé,-12.170818,déformée,-13.1205845,1
10866,S_NOUN_1_PASS_b,M,S,le jouet avec la recette était fixé <eos>,6,fixé,fixée,4,F,fixé,-7.86876,fixée,-9.119997,1
10867,S_NOUN_1_PASS_b,M,S,le jouet avec la recette était jeté <eos>,6,jeté,jetée,4,F,jeté,-9.940451,jetée,-13.459573,1
10868,S_NOUN_1_PASS_b,M,S,le jouet avec la recette était laissé <eos>,6,laissé,laissée,4,F,laissé,-9.883272,laissée,-11.987522,1
10869,S_NOUN_1_PASS_b,M,S,le jouet avec la recette était ouvert <eos>,6,ouvert,ouverte,4,F,ouvert,-7.3770065,ouverte,-9.299763,1
10870,S_NOUN_1_PASS_b,M,S,le jouet avec la recette était perdu <eos>,6,perdu,perdue,4,F,perdu,-9.114871,perdue,-11.3943815,1
10871,S_NOUN_1_PASS_b,M,S,le jouet avec la recette était réparé <eos>,6,réparé,réparée,4,F,réparé,-12.481664,réparée,-14.822093,1
10872,S_NOUN_1_PASS_b,M,S,le jouet avec la recette était retiré <eos>,6,retiré,retirée,4,F,retiré,-9.485751,retirée,-12.459654,1
10873,S_NOUN_1_PASS_b,M,S,le jouet avec la recette était tombé <eos>,6,tombé,tombée,4,F,tombé,-8.337211,tombée,-10.352227,1
10874,S_NOUN_1_PASS_b,M,S,le jouet avec la recette était utilisé <eos>,6,utilisé,utilisée,4,F,utilisé,-4.7706513,utilisée,-7.4719377,1
10875,S_NOUN_1_PASS_b,M,S,le jouet avec la jupe était acheté <eos>,6,acheté,achetée,4,F,acheté,-8.817459,achetée,-11.346928,1
10876,S_NOUN_1_PASS_b,M,S,le jouet avec la jupe était brisé <eos>,6,brisé,brisée,4,F,brisé,-8.426716,brisée,-11.135676,1
10877,S_NOUN_1_PASS_b,M,S,le jouet avec la jupe était caché <eos>,6,caché,cachée,4,F,caché,-8.232744,cachée,-9.051654,1
10878,S_NOUN_1_PASS_b,M,S,le jouet avec la jupe était cassé <eos>,6,cassé,cassée,4,F,cassé,-8.163536,cassée,-11.022945,1
10879,S_NOUN_1_PASS_b,M,S,le jouet avec la jupe était couvert <eos>,6,couvert,couverte,4,F,couvert,-6.540748,couverte,-8.942625,1
10880,S_NOUN_1_PASS_b,M,S,le jouet avec la jupe était déformé <eos>,6,déformé,déformée,4,F,déformé,-10.528752,déformée,-11.407028,1
10881,S_NOUN_1_PASS_b,M,S,le jouet avec la jupe était fixé <eos>,6,fixé,fixée,4,F,fixé,-6.8280706,fixée,-8.619727,1
10882,S_NOUN_1_PASS_b,M,S,le jouet avec la jupe était jeté <eos>,6,jeté,jetée,4,F,jeté,-8.846561,jetée,-13.390426,1
10883,S_NOUN_1_PASS_b,M,S,le jouet avec la jupe était laissé <eos>,6,laissé,laissée,4,F,laissé,-9.182137,laissée,-11.771055,1
10884,S_NOUN_1_PASS_b,M,S,le jouet avec la jupe était ouvert <eos>,6,ouvert,ouverte,4,F,ouvert,-6.8887386,ouverte,-8.372269,1
10885,S_NOUN_1_PASS_b,M,S,le jouet avec la jupe était perdu <eos>,6,perdu,perdue,4,F,perdu,-8.992459,perdue,-11.67437,1
10886,S_NOUN_1_PASS_b,M,S,le jouet avec la jupe était réparé <eos>,6,réparé,réparée,4,F,réparé,-11.699012,réparée,-12.725982,1
10887,S_NOUN_1_PASS_b,M,S,le jouet avec la jupe était retiré <eos>,6,retiré,retirée,4,F,retiré,-8.662179,retirée,-12.01841,1
10888,S_NOUN_1_PASS_b,M,S,le jouet avec la jupe était tombé <eos>,6,tombé,tombée,4,F,tombé,-7.7164955,tombée,-9.957759,1
10889,S_NOUN_1_PASS_b,M,S,le jouet avec la jupe était utilisé <eos>,6,utilisé,utilisée,4,F,utilisé,-4.045307,utilisée,-6.6632843,1
10890,S_NOUN_1_PASS_b,M,S,le jouet avec la colle était acheté <eos>,6,acheté,achetée,4,F,acheté,-7.732829,achetée,-10.907915,1
10891,S_NOUN_1_PASS_b,M,S,le jouet avec la colle était brisé <eos>,6,brisé,brisée,4,F,brisé,-9.06027,brisée,-12.606708,1
10892,S_NOUN_1_PASS_b,M,S,le jouet avec la colle était caché <eos>,6,caché,cachée,4,F,caché,-7.407995,cachée,-9.561846,1
10893,S_NOUN_1_PASS_b,M,S,le jouet avec la colle était cassé <eos>,6,cassé,cassée,4,F,cassé,-9.5340395,cassée,-11.913515,1
10894,S_NOUN_1_PASS_b,M,S,le jouet avec la colle était couvert <eos>,6,couvert,couverte,4,F,couvert,-7.586296,couverte,-10.451042,1
10895,S_NOUN_1_PASS_b,M,S,le jouet avec la colle était déformé <eos>,6,déformé,déformée,4,F,déformé,-10.514769,déformée,-12.859078,1
10896,S_NOUN_1_PASS_b,M,S,le jouet avec la colle était fixé <eos>,6,fixé,fixée,4,F,fixé,-6.8317404,fixée,-9.419928,1
10897,S_NOUN_1_PASS_b,M,S,le jouet avec la colle était jeté <eos>,6,jeté,jetée,4,F,jeté,-8.923019,jetée,-13.07049,1
10898,S_NOUN_1_PASS_b,M,S,le jouet avec la colle était laissé <eos>,6,laissé,laissée,4,F,laissé,-9.1429825,laissée,-11.586664,1
10899,S_NOUN_1_PASS_b,M,S,le jouet avec la colle était ouvert <eos>,6,ouvert,ouverte,4,F,ouvert,-7.190649,ouverte,-9.3305235,1
10900,S_NOUN_1_PASS_b,M,S,le jouet avec la colle était perdu <eos>,6,perdu,perdue,4,F,perdu,-8.870446,perdue,-11.074874,1
10901,S_NOUN_1_PASS_b,M,S,le jouet avec la colle était réparé <eos>,6,réparé,réparée,4,F,réparé,-11.545361,réparée,-14.568076,1
10902,S_NOUN_1_PASS_b,M,S,le jouet avec la colle était retiré <eos>,6,retiré,retirée,4,F,retiré,-7.6892133,retirée,-11.783924,1
10903,S_NOUN_1_PASS_b,M,S,le jouet avec la colle était tombé <eos>,6,tombé,tombée,4,F,tombé,-7.864999,tombée,-10.2335415,1
10904,S_NOUN_1_PASS_b,M,S,le jouet avec la colle était utilisé <eos>,6,utilisé,utilisée,4,F,utilisé,-3.2304533,utilisée,-6.7695503,1
10905,S_NOUN_1_PASS_b,M,S,le jouet avec la lampe était acheté <eos>,6,acheté,achetée,4,F,acheté,-8.350074,achetée,-9.933476,1
10906,S_NOUN_1_PASS_b,M,S,le jouet avec la lampe était brisé <eos>,6,brisé,brisée,4,F,brisé,-8.130674,brisée,-10.638227,1
10907,S_NOUN_1_PASS_b,M,S,le jouet avec la lampe était caché <eos>,6,caché,cachée,4,F,caché,-7.2292542,cachée,-8.62048,1
10908,S_NOUN_1_PASS_b,M,S,le jouet avec la lampe était cassé <eos>,6,cassé,cassée,4,F,cassé,-9.849136,cassée,-10.463219,1
10909,S_NOUN_1_PASS_b,M,S,le jouet avec la lampe était couvert <eos>,6,couvert,couverte,4,F,couvert,-7.315469,couverte,-9.425781,1
10910,S_NOUN_1_PASS_b,M,S,le jouet avec la lampe était déformé <eos>,6,déformé,déformée,4,F,déformé,-10.77332,déformée,-11.95496,1
10911,S_NOUN_1_PASS_b,M,S,le jouet avec la lampe était fixé <eos>,6,fixé,fixée,4,F,fixé,-6.86189,fixée,-8.666225,1
10912,S_NOUN_1_PASS_b,M,S,le jouet avec la lampe était jeté <eos>,6,jeté,jetée,4,F,jeté,-8.442516,jetée,-11.699439,1
10913,S_NOUN_1_PASS_b,M,S,le jouet avec la lampe était laissé <eos>,6,laissé,laissée,4,F,laissé,-9.002436,laissée,-10.808302,1
10914,S_NOUN_1_PASS_b,M,S,le jouet avec la lampe était ouvert <eos>,6,ouvert,ouverte,4,F,ouvert,-6.502307,ouverte,-8.458449,1
10915,S_NOUN_1_PASS_b,M,S,le jouet avec la lampe était perdu <eos>,6,perdu,perdue,4,F,perdu,-8.872957,perdue,-10.89484,1
10916,S_NOUN_1_PASS_b,M,S,le jouet avec la lampe était réparé <eos>,6,réparé,réparée,4,F,réparé,-11.368319,réparée,-13.0518055,1
10917,S_NOUN_1_PASS_b,M,S,le jouet avec la lampe était retiré <eos>,6,retiré,retirée,4,F,retiré,-8.374402,retirée,-11.019537,1
10918,S_NOUN_1_PASS_b,M,S,le jouet avec la lampe était tombé <eos>,6,tombé,tombée,4,F,tombé,-8.302238,tombée,-9.85091,1
10919,S_NOUN_1_PASS_b,M,S,le jouet avec la lampe était utilisé <eos>,6,utilisé,utilisée,4,F,utilisé,-3.7845476,utilisée,-6.5095673,1
10920,S_NOUN_1_PASS_b,M,S,le jouet avec la bouteille était acheté <eos>,6,acheté,achetée,4,F,acheté,-8.219798,achetée,-11.177721,1
10921,S_NOUN_1_PASS_b,M,S,le jouet avec la bouteille était brisé <eos>,6,brisé,brisée,4,F,brisé,-8.510942,brisée,-11.782067,1
10922,S_NOUN_1_PASS_b,M,S,le jouet avec la bouteille était caché <eos>,6,caché,cachée,4,F,caché,-7.1851215,cachée,-9.260247,1
10923,S_NOUN_1_PASS_b,M,S,le jouet avec la bouteille était cassé <eos>,6,cassé,cassée,4,F,cassé,-8.967851,cassée,-11.020464,1
10924,S_NOUN_1_PASS_b,M,S,le jouet avec la bouteille était couvert <eos>,6,couvert,couverte,4,F,couvert,-6.9865594,couverte,-10.460964,1
10925,S_NOUN_1_PASS_b,M,S,le jouet avec la bouteille était déformé <eos>,6,déformé,déformée,4,F,déformé,-10.991275,déformée,-12.549989,1
10926,S_NOUN_1_PASS_b,M,S,le jouet avec la bouteille était fixé <eos>,6,fixé,fixée,4,F,fixé,-6.2771893,fixée,-9.007516,1
10927,S_NOUN_1_PASS_b,M,S,le jouet avec la bouteille était jeté <eos>,6,jeté,jetée,4,F,jeté,-8.576908,jetée,-12.609943,1
10928,S_NOUN_1_PASS_b,M,S,le jouet avec la bouteille était laissé <eos>,6,laissé,laissée,4,F,laissé,-8.767886,laissée,-11.439715,1
10929,S_NOUN_1_PASS_b,M,S,le jouet avec la bouteille était ouvert <eos>,6,ouvert,ouverte,4,F,ouvert,-6.4284797,ouverte,-9.094822,1
10930,S_NOUN_1_PASS_b,M,S,le jouet avec la bouteille était perdu <eos>,6,perdu,perdue,4,F,perdu,-8.523749,perdue,-11.451973,1
10931,S_NOUN_1_PASS_b,M,S,le jouet avec la bouteille était réparé <eos>,6,réparé,réparée,4,F,réparé,-11.334257,réparée,-14.257174,1
10932,S_NOUN_1_PASS_b,M,S,le jouet avec la bouteille était retiré <eos>,6,retiré,retirée,4,F,retiré,-7.8232946,retirée,-11.499835,1
10933,S_NOUN_1_PASS_b,M,S,le jouet avec la bouteille était tombé <eos>,6,tombé,tombée,4,F,tombé,-7.798217,tombée,-10.30596,1
10934,S_NOUN_1_PASS_b,M,S,le jouet avec la bouteille était utilisé <eos>,6,utilisé,utilisée,4,F,utilisé,-3.6854558,utilisée,-7.1908755,1
10935,S_NOUN_1_PASS_b,M,S,le jouet avec la boisson était acheté <eos>,6,acheté,achetée,4,F,acheté,-8.935072,achetée,-11.673513,1
10936,S_NOUN_1_PASS_b,M,S,le jouet avec la boisson était brisé <eos>,6,brisé,brisée,4,F,brisé,-11.219829,brisée,-13.666429,1
10937,S_NOUN_1_PASS_b,M,S,le jouet avec la boisson était caché <eos>,6,caché,cachée,4,F,caché,-9.227673,cachée,-11.20866,1
10938,S_NOUN_1_PASS_b,M,S,le jouet avec la boisson était cassé <eos>,6,cassé,cassée,4,F,cassé,-10.776897,cassée,-13.078673,1
10939,S_NOUN_1_PASS_b,M,S,le jouet avec la boisson était couvert <eos>,6,couvert,couverte,4,F,couvert,-8.57216,couverte,-11.349574,1
10940,S_NOUN_1_PASS_b,M,S,le jouet avec la boisson était déformé <eos>,6,déformé,déformée,4,F,déformé,-11.8122835,déformée,-13.709584,1
10941,S_NOUN_1_PASS_b,M,S,le jouet avec la boisson était fixé <eos>,6,fixé,fixée,4,F,fixé,-8.167494,fixée,-10.504295,1
10942,S_NOUN_1_PASS_b,M,S,le jouet avec la boisson était jeté <eos>,6,jeté,jetée,4,F,jeté,-9.786501,jetée,-13.822121,1
10943,S_NOUN_1_PASS_b,M,S,le jouet avec la boisson était laissé <eos>,6,laissé,laissée,4,F,laissé,-10.099779,laissée,-12.737581,1
10944,S_NOUN_1_PASS_b,M,S,le jouet avec la boisson était ouvert <eos>,6,ouvert,ouverte,4,F,ouvert,-8.052309,ouverte,-10.1976795,1
10945,S_NOUN_1_PASS_b,M,S,le jouet avec la boisson était perdu <eos>,6,perdu,perdue,4,F,perdu,-9.644459,perdue,-12.126768,1
10946,S_NOUN_1_PASS_b,M,S,le jouet avec la boisson était réparé <eos>,6,réparé,réparée,4,F,réparé,-13.008935,réparée,-15.773074,1
10947,S_NOUN_1_PASS_b,M,S,le jouet avec la boisson était retiré <eos>,6,retiré,retirée,4,F,retiré,-8.748981,retirée,-12.739372,1
10948,S_NOUN_1_PASS_b,M,S,le jouet avec la boisson était tombé <eos>,6,tombé,tombée,4,F,tombé,-8.449014,tombée,-10.570395,1
10949,S_NOUN_1_PASS_b,M,S,le jouet avec la boisson était utilisé <eos>,6,utilisé,utilisée,4,F,utilisé,-4.050267,utilisée,-7.0752735,1
10950,S_NOUN_1_PASS_b,M,S,le jouet avec la pomme était acheté <eos>,6,acheté,achetée,4,F,acheté,-8.186684,achetée,-11.242209,1
10951,S_NOUN_1_PASS_b,M,S,le jouet avec la pomme était brisé <eos>,6,brisé,brisée,4,F,brisé,-8.782262,brisée,-12.467791,1
10952,S_NOUN_1_PASS_b,M,S,le jouet avec la pomme était caché <eos>,6,caché,cachée,4,F,caché,-7.6308837,cachée,-10.529358,1
10953,S_NOUN_1_PASS_b,M,S,le jouet avec la pomme était cassé <eos>,6,cassé,cassée,4,F,cassé,-10.138907,cassée,-12.39499,1
10954,S_NOUN_1_PASS_b,M,S,le jouet avec la pomme était couvert <eos>,6,couvert,couverte,4,F,couvert,-7.36764,couverte,-10.759323,1
10955,S_NOUN_1_PASS_b,M,S,le jouet avec la pomme était déformé <eos>,6,déformé,déformée,4,F,déformé,-11.192394,déformée,-13.1033945,1
10956,S_NOUN_1_PASS_b,M,S,le jouet avec la pomme était fixé <eos>,6,fixé,fixée,4,F,fixé,-7.656194,fixée,-10.830387,1
10957,S_NOUN_1_PASS_b,M,S,le jouet avec la pomme était jeté <eos>,6,jeté,jetée,4,F,jeté,-9.080057,jetée,-13.408735,1
10958,S_NOUN_1_PASS_b,M,S,le jouet avec la pomme était laissé <eos>,6,laissé,laissée,4,F,laissé,-9.152334,laissée,-11.92461,1
10959,S_NOUN_1_PASS_b,M,S,le jouet avec la pomme était ouvert <eos>,6,ouvert,ouverte,4,F,ouvert,-6.5380235,ouverte,-9.717052,1
10960,S_NOUN_1_PASS_b,M,S,le jouet avec la pomme était perdu <eos>,6,perdu,perdue,4,F,perdu,-9.239093,perdue,-12.447954,1
10961,S_NOUN_1_PASS_b,M,S,le jouet avec la pomme était réparé <eos>,6,réparé,réparée,4,F,réparé,-11.364065,réparée,-15.242873,1
10962,S_NOUN_1_PASS_b,M,S,le jouet avec la pomme était retiré <eos>,6,retiré,retirée,4,F,retiré,-8.071054,retirée,-12.48843,1
10963,S_NOUN_1_PASS_b,M,S,le jouet avec la pomme était tombé <eos>,6,tombé,tombée,4,F,tombé,-8.042736,tombée,-11.053989,1
10964,S_NOUN_1_PASS_b,M,S,le jouet avec la pomme était utilisé <eos>,6,utilisé,utilisée,4,F,utilisé,-3.2561631,utilisée,-7.2260985,1
10965,S_NOUN_1_PASS_b,M,S,le jouet avec la tasse était acheté <eos>,6,acheté,achetée,4,F,acheté,-7.492092,achetée,-10.552913,1
10966,S_NOUN_1_PASS_b,M,S,le jouet avec la tasse était brisé <eos>,6,brisé,brisée,4,F,brisé,-9.080617,brisée,-12.394552,1
10967,S_NOUN_1_PASS_b,M,S,le jouet avec la tasse était caché <eos>,6,caché,cachée,4,F,caché,-6.9285765,cachée,-10.011072,1
10968,S_NOUN_1_PASS_b,M,S,le jouet avec la tasse était cassé <eos>,6,cassé,cassée,4,F,cassé,-9.648616,cassée,-12.092427,1
10969,S_NOUN_1_PASS_b,M,S,le jouet avec la tasse était couvert <eos>,6,couvert,couverte,4,F,couvert,-6.821105,couverte,-10.27037,1
10970,S_NOUN_1_PASS_b,M,S,le jouet avec la tasse était déformé <eos>,6,déformé,déformée,4,F,déformé,-11.119299,déformée,-12.997463,1
10971,S_NOUN_1_PASS_b,M,S,le jouet avec la tasse était fixé <eos>,6,fixé,fixée,4,F,fixé,-6.6854343,fixée,-9.541946,1
10972,S_NOUN_1_PASS_b,M,S,le jouet avec la tasse était jeté <eos>,6,jeté,jetée,4,F,jeté,-8.653686,jetée,-12.405267,1
10973,S_NOUN_1_PASS_b,M,S,le jouet avec la tasse était laissé <eos>,6,laissé,laissée,4,F,laissé,-8.685283,laissée,-11.410908,1
10974,S_NOUN_1_PASS_b,M,S,le jouet avec la tasse était ouvert <eos>,6,ouvert,ouverte,4,F,ouvert,-6.281684,ouverte,-8.830031,1
10975,S_NOUN_1_PASS_b,M,S,le jouet avec la tasse était perdu <eos>,6,perdu,perdue,4,F,perdu,-8.745192,perdue,-12.07236,1
10976,S_NOUN_1_PASS_b,M,S,le jouet avec la tasse était réparé <eos>,6,réparé,réparée,4,F,réparé,-11.162184,réparée,-14.5352125,1
10977,S_NOUN_1_PASS_b,M,S,le jouet avec la tasse était retiré <eos>,6,retiré,retirée,4,F,retiré,-7.6240296,retirée,-11.312096,1
10978,S_NOUN_1_PASS_b,M,S,le jouet avec la tasse était tombé <eos>,6,tombé,tombée,4,F,tombé,-8.472073,tombée,-10.905575,1
10979,S_NOUN_1_PASS_b,M,S,le jouet avec la tasse était utilisé <eos>,6,utilisé,utilisée,4,F,utilisé,-3.020161,utilisée,-6.433878,1
10980,S_NOUN_1_PASS_b,M,S,le jouet avec la bougie était acheté <eos>,6,acheté,achetée,4,F,acheté,-8.864864,achetée,-12.1587105,1
10981,S_NOUN_1_PASS_b,M,S,le jouet avec la bougie était brisé <eos>,6,brisé,brisée,4,F,brisé,-8.885763,brisée,-12.996405,1
10982,S_NOUN_1_PASS_b,M,S,le jouet avec la bougie était caché <eos>,6,caché,cachée,4,F,caché,-7.440375,cachée,-10.510105,1
10983,S_NOUN_1_PASS_b,M,S,le jouet avec la bougie était cassé <eos>,6,cassé,cassée,4,F,cassé,-9.691885,cassée,-12.303482,1
10984,S_NOUN_1_PASS_b,M,S,le jouet avec la bougie était couvert <eos>,6,couvert,couverte,4,F,couvert,-7.6918626,couverte,-11.324909,1
10985,S_NOUN_1_PASS_b,M,S,le jouet avec la bougie était déformé <eos>,6,déformé,déformée,4,F,déformé,-11.740293,déformée,-13.46482,1
10986,S_NOUN_1_PASS_b,M,S,le jouet avec la bougie était fixé <eos>,6,fixé,fixée,4,F,fixé,-7.241523,fixée,-10.075206,1
10987,S_NOUN_1_PASS_b,M,S,le jouet avec la bougie était jeté <eos>,6,jeté,jetée,4,F,jeté,-9.915795,jetée,-14.146651,1
10988,S_NOUN_1_PASS_b,M,S,le jouet avec la bougie était laissé <eos>,6,laissé,laissée,4,F,laissé,-9.249936,laissée,-12.690398,1
10989,S_NOUN_1_PASS_b,M,S,le jouet avec la bougie était ouvert <eos>,6,ouvert,ouverte,4,F,ouvert,-7.109397,ouverte,-9.918505,1
10990,S_NOUN_1_PASS_b,M,S,le jouet avec la bougie était perdu <eos>,6,perdu,perdue,4,F,perdu,-8.887894,perdue,-12.106109,1
10991,S_NOUN_1_PASS_b,M,S,le jouet avec la bougie était réparé <eos>,6,réparé,réparée,4,F,réparé,-11.702868,réparée,-14.624257,1
10992,S_NOUN_1_PASS_b,M,S,le jouet avec la bougie était retiré <eos>,6,retiré,retirée,4,F,retiré,-8.671922,retirée,-12.128168,1
10993,S_NOUN_1_PASS_b,M,S,le jouet avec la bougie était tombé <eos>,6,tombé,tombée,4,F,tombé,-8.097176,tombée,-10.881531,1
10994,S_NOUN_1_PASS_b,M,S,le jouet avec la bougie était utilisé <eos>,6,utilisé,utilisée,4,F,utilisé,-3.7797961,utilisée,-7.62003,1
10995,S_NOUN_1_PASS_b,M,S,le jouet avec la pochette était acheté <eos>,6,acheté,achetée,4,F,acheté,-8.472727,achetée,-11.273812,1
10996,S_NOUN_1_PASS_b,M,S,le jouet avec la pochette était brisé <eos>,6,brisé,brisée,4,F,brisé,-9.6483,brisée,-13.224303,1
10997,S_NOUN_1_PASS_b,M,S,le jouet avec la pochette était caché <eos>,6,caché,cachée,4,F,caché,-7.842083,cachée,-10.19543,1
10998,S_NOUN_1_PASS_b,M,S,le jouet avec la pochette était cassé <eos>,6,cassé,cassée,4,F,cassé,-9.544042,cassée,-12.922257,1
10999,S_NOUN_1_PASS_b,M,S,le jouet avec la pochette était couvert <eos>,6,couvert,couverte,4,F,couvert,-7.816136,couverte,-10.808338,1
11000,S_NOUN_1_PASS_b,M,S,le jouet avec la pochette était déformé <eos>,6,déformé,déformée,4,F,déformé,-10.721258,déformée,-12.344577,1
11001,S_NOUN_1_PASS_b,M,S,le jouet avec la pochette était fixé <eos>,6,fixé,fixée,4,F,fixé,-6.8427277,fixée,-9.315634,1
11002,S_NOUN_1_PASS_b,M,S,le jouet avec la pochette était jeté <eos>,6,jeté,jetée,4,F,jeté,-10.268587,jetée,-14.251472,1
11003,S_NOUN_1_PASS_b,M,S,le jouet avec la pochette était laissé <eos>,6,laissé,laissée,4,F,laissé,-8.70484,laissée,-12.035599,1
11004,S_NOUN_1_PASS_b,M,S,le jouet avec la pochette était ouvert <eos>,6,ouvert,ouverte,4,F,ouvert,-8.364548,ouverte,-10.600789,1
11005,S_NOUN_1_PASS_b,M,S,le jouet avec la pochette était perdu <eos>,6,perdu,perdue,4,F,perdu,-8.836697,perdue,-12.437759,1
11006,S_NOUN_1_PASS_b,M,S,le jouet avec la pochette était réparé <eos>,6,réparé,réparée,4,F,réparé,-12.400283,réparée,-14.811256,1
11007,S_NOUN_1_PASS_b,M,S,le jouet avec la pochette était retiré <eos>,6,retiré,retirée,4,F,retiré,-7.882267,retirée,-11.532132,1
11008,S_NOUN_1_PASS_b,M,S,le jouet avec la pochette était tombé <eos>,6,tombé,tombée,4,F,tombé,-7.852163,tombée,-10.637235,1
11009,S_NOUN_1_PASS_b,M,S,le jouet avec la pochette était utilisé <eos>,6,utilisé,utilisée,4,F,utilisé,-5.035244,utilisée,-8.331008,1
11010,S_NOUN_1_PASS_b,M,S,le jouet avec la banane était acheté <eos>,6,acheté,achetée,4,F,acheté,-8.951304,achetée,-11.727086,1
11011,S_NOUN_1_PASS_b,M,S,le jouet avec la banane était brisé <eos>,6,brisé,brisée,4,F,brisé,-10.276926,brisée,-13.454282,1
11012,S_NOUN_1_PASS_b,M,S,le jouet avec la banane était caché <eos>,6,caché,cachée,4,F,caché,-8.886224,cachée,-11.417267,1
11013,S_NOUN_1_PASS_b,M,S,le jouet avec la banane était cassé <eos>,6,cassé,cassée,4,F,cassé,-10.408635,cassée,-13.07483,1
11014,S_NOUN_1_PASS_b,M,S,le jouet avec la banane était couvert <eos>,6,couvert,couverte,4,F,couvert,-8.193817,couverte,-11.085621,1
11015,S_NOUN_1_PASS_b,M,S,le jouet avec la banane était déformé <eos>,6,déformé,déformée,4,F,déformé,-12.595742,déformée,-14.256674,1
11016,S_NOUN_1_PASS_b,M,S,le jouet avec la banane était fixé <eos>,6,fixé,fixée,4,F,fixé,-8.290112,fixée,-9.822994,1
11017,S_NOUN_1_PASS_b,M,S,le jouet avec la banane était jeté <eos>,6,jeté,jetée,4,F,jeté,-10.151686,jetée,-13.691931,1
11018,S_NOUN_1_PASS_b,M,S,le jouet avec la banane était laissé <eos>,6,laissé,laissée,4,F,laissé,-9.947872,laissée,-12.722271,1
11019,S_NOUN_1_PASS_b,M,S,le jouet avec la banane était ouvert <eos>,6,ouvert,ouverte,4,F,ouvert,-8.157534,ouverte,-10.135254,1
11020,S_NOUN_1_PASS_b,M,S,le jouet avec la banane était perdu <eos>,6,perdu,perdue,4,F,perdu,-9.367888,perdue,-12.042641,1
11021,S_NOUN_1_PASS_b,M,S,le jouet avec la banane était réparé <eos>,6,réparé,réparée,4,F,réparé,-12.2117,réparée,-15.3231735,1
11022,S_NOUN_1_PASS_b,M,S,le jouet avec la banane était retiré <eos>,6,retiré,retirée,4,F,retiré,-9.007662,retirée,-12.683075,1
11023,S_NOUN_1_PASS_b,M,S,le jouet avec la banane était tombé <eos>,6,tombé,tombée,4,F,tombé,-8.291219,tombée,-10.627498,1
11024,S_NOUN_1_PASS_b,M,S,le jouet avec la banane était utilisé <eos>,6,utilisé,utilisée,4,F,utilisé,-3.5988135,utilisée,-6.6735463,1
11025,S_NOUN_1_PASS_b,M,S,le jouet avec la robe était acheté <eos>,6,acheté,achetée,4,F,acheté,-8.11315,achetée,-10.228823,1
11026,S_NOUN_1_PASS_b,M,S,le jouet avec la robe était brisé <eos>,6,brisé,brisée,4,F,brisé,-9.658879,brisée,-12.072184,1
11027,S_NOUN_1_PASS_b,M,S,le jouet avec la robe était caché <eos>,6,caché,cachée,4,F,caché,-8.479913,cachée,-9.733753,1
11028,S_NOUN_1_PASS_b,M,S,le jouet avec la robe était cassé <eos>,6,cassé,cassée,4,F,cassé,-8.92298,cassée,-12.391562,1
11029,S_NOUN_1_PASS_b,M,S,le jouet avec la robe était couvert <eos>,6,couvert,couverte,4,F,couvert,-8.005662,couverte,-9.462974,1
11030,S_NOUN_1_PASS_b,M,S,le jouet avec la robe était déformé <eos>,6,déformé,déformée,4,F,déformé,-10.424247,déformée,-12.033167,1
11031,S_NOUN_1_PASS_b,M,S,le jouet avec la robe était fixé <eos>,6,fixé,fixée,4,F,fixé,-6.540537,fixée,-8.272665,1
11032,S_NOUN_1_PASS_b,M,S,le jouet avec la robe était jeté <eos>,6,jeté,jetée,4,F,jeté,-9.402596,jetée,-13.571234,1
11033,S_NOUN_1_PASS_b,M,S,le jouet avec la robe était laissé <eos>,6,laissé,laissée,4,F,laissé,-9.403022,laissée,-11.838655,1
11034,S_NOUN_1_PASS_b,M,S,le jouet avec la robe était ouvert <eos>,6,ouvert,ouverte,4,F,ouvert,-7.5764384,ouverte,-9.090052,1
11035,S_NOUN_1_PASS_b,M,S,le jouet avec la robe était perdu <eos>,6,perdu,perdue,4,F,perdu,-9.018723,perdue,-11.519533,1
11036,S_NOUN_1_PASS_b,M,S,le jouet avec la robe était réparé <eos>,6,réparé,réparée,4,F,réparé,-12.569064,réparée,-13.788654,1
11037,S_NOUN_1_PASS_b,M,S,le jouet avec la robe était retiré <eos>,6,retiré,retirée,4,F,retiré,-7.572587,retirée,-10.744015,1
11038,S_NOUN_1_PASS_b,M,S,le jouet avec la robe était tombé <eos>,6,tombé,tombée,4,F,tombé,-7.9970093,tombée,-9.31884,1
11039,S_NOUN_1_PASS_b,M,S,le jouet avec la robe était utilisé <eos>,6,utilisé,utilisée,4,F,utilisé,-3.5638716,utilisée,-6.223585,1
11040,S_NOUN_1_PASS_b,M,S,le jouet avec la valise était acheté <eos>,6,acheté,achetée,4,F,acheté,-7.339288,achetée,-10.235909,1
11041,S_NOUN_1_PASS_b,M,S,le jouet avec la valise était brisé <eos>,6,brisé,brisée,4,F,brisé,-7.75472,brisée,-11.2903,1
11042,S_NOUN_1_PASS_b,M,S,le jouet avec la valise était caché <eos>,6,caché,cachée,4,F,caché,-6.2282557,cachée,-9.090669,1
11043,S_NOUN_1_PASS_b,M,S,le jouet avec la valise était cassé <eos>,6,cassé,cassée,4,F,cassé,-8.808543,cassée,-10.485347,1
11044,S_NOUN_1_PASS_b,M,S,le jouet avec la valise était couvert <eos>,6,couvert,couverte,4,F,couvert,-6.746707,couverte,-9.6884365,1
11045,S_NOUN_1_PASS_b,M,S,le jouet avec la valise était déformé <eos>,6,déformé,déformée,4,F,déformé,-10.641756,déformée,-12.722513,1
11046,S_NOUN_1_PASS_b,M,S,le jouet avec la valise était fixé <eos>,6,fixé,fixée,4,F,fixé,-7.1390486,fixée,-8.883268,1
11047,S_NOUN_1_PASS_b,M,S,le jouet avec la valise était jeté <eos>,6,jeté,jetée,4,F,jeté,-7.943143,jetée,-12.46478,1
11048,S_NOUN_1_PASS_b,M,S,le jouet avec la valise était laissé <eos>,6,laissé,laissée,4,F,laissé,-8.463259,laissée,-11.195607,1
11049,S_NOUN_1_PASS_b,M,S,le jouet avec la valise était ouvert <eos>,6,ouvert,ouverte,4,F,ouvert,-6.09759,ouverte,-8.2978,1
11050,S_NOUN_1_PASS_b,M,S,le jouet avec la valise était perdu <eos>,6,perdu,perdue,4,F,perdu,-8.179655,perdue,-11.136024,1
11051,S_NOUN_1_PASS_b,M,S,le jouet avec la valise était réparé <eos>,6,réparé,réparée,4,F,réparé,-11.088216,réparée,-13.815246,1
11052,S_NOUN_1_PASS_b,M,S,le jouet avec la valise était retiré <eos>,6,retiré,retirée,4,F,retiré,-7.602473,retirée,-11.049355,1
11053,S_NOUN_1_PASS_b,M,S,le jouet avec la valise était tombé <eos>,6,tombé,tombée,4,F,tombé,-7.427475,tombée,-9.74508,1
11054,S_NOUN_1_PASS_b,M,S,le jouet avec la valise était utilisé <eos>,6,utilisé,utilisée,4,F,utilisé,-4.7647266,utilisée,-8.011081,1
11055,S_NOUN_1_PASS_b,M,S,le jouet avec la pendule était acheté <eos>,6,acheté,achetée,4,F,acheté,-8.684804,achetée,-11.141156,1
11056,S_NOUN_1_PASS_b,M,S,le jouet avec la pendule était brisé <eos>,6,brisé,brisée,4,F,brisé,-8.839933,brisée,-11.134302,1
11057,S_NOUN_1_PASS_b,M,S,le jouet avec la pendule était caché <eos>,6,caché,cachée,4,F,caché,-7.4711246,cachée,-8.372005,1
11058,S_NOUN_1_PASS_b,M,S,le jouet avec la pendule était cassé <eos>,6,cassé,cassée,4,F,cassé,-8.819408,cassée,-10.388727,1
11059,S_NOUN_1_PASS_b,M,S,le jouet avec la pendule était couvert <eos>,6,couvert,couverte,4,F,couvert,-6.949239,couverte,-9.512719,1
11060,S_NOUN_1_PASS_b,M,S,le jouet avec la pendule était déformé <eos>,6,déformé,déformée,4,F,déformé,-11.160384,déformée,-12.603099,1
11061,S_NOUN_1_PASS_b,M,S,le jouet avec la pendule était fixé <eos>,6,fixé,fixée,4,F,fixé,-5.795121,fixée,-7.543831,1
11062,S_NOUN_1_PASS_b,M,S,le jouet avec la pendule était jeté <eos>,6,jeté,jetée,4,F,jeté,-9.201686,jetée,-13.441554,1
11063,S_NOUN_1_PASS_b,M,S,le jouet avec la pendule était laissé <eos>,6,laissé,laissée,4,F,laissé,-9.485707,laissée,-11.628711,1
11064,S_NOUN_1_PASS_b,M,S,le jouet avec la pendule était ouvert <eos>,6,ouvert,ouverte,4,F,ouvert,-6.286324,ouverte,-8.567863,1
11065,S_NOUN_1_PASS_b,M,S,le jouet avec la pendule était perdu <eos>,6,perdu,perdue,4,F,perdu,-9.829134,perdue,-10.733915,1
11066,S_NOUN_1_PASS_b,M,S,le jouet avec la pendule était réparé <eos>,6,réparé,réparée,4,F,réparé,-11.974051,réparée,-13.01361,1
11067,S_NOUN_1_PASS_b,M,S,le jouet avec la pendule était retiré <eos>,6,retiré,retirée,4,F,retiré,-7.697111,retirée,-11.296502,1
11068,S_NOUN_1_PASS_b,M,S,le jouet avec la pendule était tombé <eos>,6,tombé,tombée,4,F,tombé,-8.013516,tombée,-10.893556,1
11069,S_NOUN_1_PASS_b,M,S,le jouet avec la pendule était utilisé <eos>,6,utilisé,utilisée,4,F,utilisé,-3.6413846,utilisée,-6.540684,1
11070,S_NOUN_1_PASS_b,M,S,le jouet avec la cloche était acheté <eos>,6,acheté,achetée,4,F,acheté,-8.08386,achetée,-10.849058,1
11071,S_NOUN_1_PASS_b,M,S,le jouet avec la cloche était brisé <eos>,6,brisé,brisée,4,F,brisé,-7.7386622,brisée,-11.371848,1
11072,S_NOUN_1_PASS_b,M,S,le jouet avec la cloche était caché <eos>,6,caché,cachée,4,F,caché,-6.8428636,cachée,-9.188912,1
11073,S_NOUN_1_PASS_b,M,S,le jouet avec la cloche était cassé <eos>,6,cassé,cassée,4,F,cassé,-9.404258,cassée,-11.084979,1
11074,S_NOUN_1_PASS_b,M,S,le jouet avec la cloche était couvert <eos>,6,couvert,couverte,4,F,couvert,-6.94711,couverte,-10.412438,1
11075,S_NOUN_1_PASS_b,M,S,le jouet avec la cloche était déformé <eos>,6,déformé,déformée,4,F,déformé,-11.849426,déformée,-13.171782,1
11076,S_NOUN_1_PASS_b,M,S,le jouet avec la cloche était fixé <eos>,6,fixé,fixée,4,F,fixé,-7.0162334,fixée,-8.983629,1
11077,S_NOUN_1_PASS_b,M,S,le jouet avec la cloche était jeté <eos>,6,jeté,jetée,4,F,jeté,-8.802545,jetée,-12.882727,1
11078,S_NOUN_1_PASS_b,M,S,le jouet avec la cloche était laissé <eos>,6,laissé,laissée,4,F,laissé,-8.907659,laissée,-11.944394,1
11079,S_NOUN_1_PASS_b,M,S,le jouet avec la cloche était ouvert <eos>,6,ouvert,ouverte,4,F,ouvert,-6.801904,ouverte,-9.183952,1
11080,S_NOUN_1_PASS_b,M,S,le jouet avec la cloche était perdu <eos>,6,perdu,perdue,4,F,perdu,-8.444032,perdue,-11.342759,1
11081,S_NOUN_1_PASS_b,M,S,le jouet avec la cloche était réparé <eos>,6,réparé,réparée,4,F,réparé,-10.45031,réparée,-13.132534,1
11082,S_NOUN_1_PASS_b,M,S,le jouet avec la cloche était retiré <eos>,6,retiré,retirée,4,F,retiré,-8.3173065,retirée,-12.256752,1
11083,S_NOUN_1_PASS_b,M,S,le jouet avec la cloche était tombé <eos>,6,tombé,tombée,4,F,tombé,-7.2047997,tombée,-9.801474,1
11084,S_NOUN_1_PASS_b,M,S,le jouet avec la cloche était utilisé <eos>,6,utilisé,utilisée,4,F,utilisé,-4.1650724,utilisée,-7.5500774,1
11085,S_NOUN_1_PASS_b,M,S,le jouet avec la cerise était acheté <eos>,6,acheté,achetée,4,F,acheté,-8.8020935,achetée,-12.679039,1
11086,S_NOUN_1_PASS_b,M,S,le jouet avec la cerise était brisé <eos>,6,brisé,brisée,4,F,brisé,-10.539856,brisée,-14.51559,1
11087,S_NOUN_1_PASS_b,M,S,le jouet avec la cerise était caché <eos>,6,caché,cachée,4,F,caché,-9.05492,cachée,-12.385257,1
11088,S_NOUN_1_PASS_b,M,S,le jouet avec la cerise était cassé <eos>,6,cassé,cassée,4,F,cassé,-10.821803,cassée,-14.054189,1
11089,S_NOUN_1_PASS_b,M,S,le jouet avec la cerise était couvert <eos>,6,couvert,couverte,4,F,couvert,-7.700549,couverte,-11.341149,1
11090,S_NOUN_1_PASS_b,M,S,le jouet avec la cerise était déformé <eos>,6,déformé,déformée,4,F,déformé,-12.135538,déformée,-14.440914,1
11091,S_NOUN_1_PASS_b,M,S,le jouet avec la cerise était fixé <eos>,6,fixé,fixée,4,F,fixé,-7.5926204,fixée,-10.540431,1
11092,S_NOUN_1_PASS_b,M,S,le jouet avec la cerise était jeté <eos>,6,jeté,jetée,4,F,jeté,-10.691352,jetée,-14.497366,1
11093,S_NOUN_1_PASS_b,M,S,le jouet avec la cerise était laissé <eos>,6,laissé,laissée,4,F,laissé,-9.765032,laissée,-13.453951,1
11094,S_NOUN_1_PASS_b,M,S,le jouet avec la cerise était ouvert <eos>,6,ouvert,ouverte,4,F,ouvert,-7.8020754,ouverte,-11.188323,1
11095,S_NOUN_1_PASS_b,M,S,le jouet avec la cerise était perdu <eos>,6,perdu,perdue,4,F,perdu,-9.687987,perdue,-13.803982,1
11096,S_NOUN_1_PASS_b,M,S,le jouet avec la cerise était réparé <eos>,6,réparé,réparée,4,F,réparé,-13.013987,réparée,-16.553915,1
11097,S_NOUN_1_PASS_b,M,S,le jouet avec la cerise était retiré <eos>,6,retiré,retirée,4,F,retiré,-9.285562,retirée,-13.719456,1
11098,S_NOUN_1_PASS_b,M,S,le jouet avec la cerise était tombé <eos>,6,tombé,tombée,4,F,tombé,-8.076864,tombée,-11.286548,1
11099,S_NOUN_1_PASS_b,M,S,le jouet avec la cerise était utilisé <eos>,6,utilisé,utilisée,4,F,utilisé,-3.9091985,utilisée,-7.598192,1
11100,S_NOUN_1_PASS_b,M,S,le clou avec la gemme était acheté <eos>,6,acheté,achetée,4,F,acheté,-9.989989,achetée,-11.154543,1
11101,S_NOUN_1_PASS_b,M,S,le clou avec la gemme était brisé <eos>,6,brisé,brisée,4,F,brisé,-8.606594,brisée,-9.480013,1
11102,S_NOUN_1_PASS_b,M,S,le clou avec la gemme était caché <eos>,6,caché,cachée,4,F,caché,-8.192091,cachée,-9.521929,1
11103,S_NOUN_1_PASS_b,M,S,le clou avec la gemme était cassé <eos>,6,cassé,cassée,4,F,cassé,-7.3435154,cassée,-9.347839,1
11104,S_NOUN_1_PASS_b,M,S,le clou avec la gemme était couvert <eos>,6,couvert,couverte,4,F,couvert,-6.932434,couverte,-8.573341,1
11105,S_NOUN_1_PASS_b,M,S,le clou avec la gemme était déformé <eos>,6,déformé,déformée,4,F,déformé,-11.387967,déformée,-12.337409,1
11106,S_NOUN_1_PASS_b,M,S,le clou avec la gemme était fixé <eos>,6,fixé,fixée,4,F,fixé,-5.2076864,fixée,-6.4378777,1
11107,S_NOUN_1_PASS_b,M,S,le clou avec la gemme était jeté <eos>,6,jeté,jetée,4,F,jeté,-8.211595,jetée,-10.337079,1
11108,S_NOUN_1_PASS_b,M,S,le clou avec la gemme était laissé <eos>,6,laissé,laissée,4,F,laissé,-8.594965,laissée,-9.178889,1
11109,S_NOUN_1_PASS_b,M,S,le clou avec la gemme était ouvert <eos>,6,ouvert,ouverte,4,F,ouvert,-8.885981,ouverte,-9.21556,1
11110,S_NOUN_1_PASS_b,M,S,le clou avec la gemme était perdu <eos>,6,perdu,perdue,4,F,perdu,-9.133101,perdue,-10.843678,1
11111,S_NOUN_1_PASS_b,M,S,le clou avec la gemme était réparé <eos>,6,réparé,réparée,4,F,réparé,-11.579485,réparée,-12.742383,1
11112,S_NOUN_1_PASS_b,M,S,le clou avec la gemme était retiré <eos>,6,retiré,retirée,4,F,retiré,-8.407744,retirée,-10.953616,1
11113,S_NOUN_1_PASS_b,M,S,le clou avec la gemme était tombé <eos>,6,tombé,tombée,4,F,tombé,-8.9450865,tombée,-9.785035,1
11114,S_NOUN_1_PASS_b,M,S,le clou avec la gemme était utilisé <eos>,6,utilisé,utilisée,4,F,utilisé,-4.457998,utilisée,-6.351769,1
11115,S_NOUN_1_PASS_b,M,S,le clou avec la chaise était acheté <eos>,6,acheté,achetée,4,F,acheté,-9.989624,achetée,-10.995301,1
11116,S_NOUN_1_PASS_b,M,S,le clou avec la chaise était brisé <eos>,6,brisé,brisée,4,F,brisé,-8.382907,brisée,-9.216801,1
11117,S_NOUN_1_PASS_b,M,S,le clou avec la chaise était caché <eos>,6,caché,cachée,4,F,caché,-8.375948,cachée,-9.214142,1
11118,S_NOUN_1_PASS_b,M,S,le clou avec la chaise était cassé <eos>,6,cassé,cassée,4,F,cassé,-7.233902,cassée,-8.224522,1
11119,S_NOUN_1_PASS_b,M,S,le clou avec la chaise était couvert <eos>,6,couvert,couverte,4,F,couvert,-6.253394,couverte,-7.255595,1
11120,S_NOUN_1_PASS_b,M,S,le clou avec la chaise était déformé <eos>,6,déformé,déformée,4,F,déformé,-11.548544,déformée,-11.558113,1
11121,S_NOUN_1_PASS_b,M,S,le clou avec la chaise était fixé <eos>,6,fixé,fixée,4,F,fixé,-5.5382586,fixée,-5.8497353,1
11122,S_NOUN_1_PASS_b,M,S,le clou avec la chaise était jeté <eos>,6,jeté,jetée,4,F,jeté,-8.287003,jetée,-10.690698,1
11123,S_NOUN_1_PASS_b,M,S,le clou avec la chaise était laissé <eos>,6,laissé,laissée,4,F,laissé,-8.878241,laissée,-9.765863,1
11124,S_NOUN_1_PASS_b,M,S,le clou avec la chaise était ouvert <eos>,6,ouvert,ouverte,4,F,ouvert,-7.720189,ouverte,-7.2556486,0
11125,S_NOUN_1_PASS_b,M,S,le clou avec la chaise était perdu <eos>,6,perdu,perdue,4,F,perdu,-8.721289,perdue,-10.349064,1
11126,S_NOUN_1_PASS_b,M,S,le clou avec la chaise était réparé <eos>,6,réparé,réparée,4,F,réparé,-11.071591,réparée,-10.771468,0
11127,S_NOUN_1_PASS_b,M,S,le clou avec la chaise était retiré <eos>,6,retiré,retirée,4,F,retiré,-8.164925,retirée,-9.84996,1
11128,S_NOUN_1_PASS_b,M,S,le clou avec la chaise était tombé <eos>,6,tombé,tombée,4,F,tombé,-8.582401,tombée,-9.320541,1
11129,S_NOUN_1_PASS_b,M,S,le clou avec la chaise était utilisé <eos>,6,utilisé,utilisée,4,F,utilisé,-4.9515758,utilisée,-6.551355,1
11130,S_NOUN_1_PASS_b,M,S,le clou avec la poubelle était acheté <eos>,6,acheté,achetée,4,F,acheté,-8.86104,achetée,-10.321107,1
11131,S_NOUN_1_PASS_b,M,S,le clou avec la poubelle était brisé <eos>,6,brisé,brisée,4,F,brisé,-8.285192,brisée,-9.713162,1
11132,S_NOUN_1_PASS_b,M,S,le clou avec la poubelle était caché <eos>,6,caché,cachée,4,F,caché,-7.412201,cachée,-8.877384,1
11133,S_NOUN_1_PASS_b,M,S,le clou avec la poubelle était cassé <eos>,6,cassé,cassée,4,F,cassé,-6.815055,cassée,-8.28214,1
11134,S_NOUN_1_PASS_b,M,S,le clou avec la poubelle était couvert <eos>,6,couvert,couverte,4,F,couvert,-6.429124,couverte,-8.313521,1
11135,S_NOUN_1_PASS_b,M,S,le clou avec la poubelle était déformé <eos>,6,déformé,déformée,4,F,déformé,-10.070814,déformée,-11.170172,1
11136,S_NOUN_1_PASS_b,M,S,le clou avec la poubelle était fixé <eos>,6,fixé,fixée,4,F,fixé,-5.868287,fixée,-7.1563587,1
11137,S_NOUN_1_PASS_b,M,S,le clou avec la poubelle était jeté <eos>,6,jeté,jetée,4,F,jeté,-6.960728,jetée,-8.896111,1
11138,S_NOUN_1_PASS_b,M,S,le clou avec la poubelle était laissé <eos>,6,laissé,laissée,4,F,laissé,-8.094101,laissée,-9.181349,1
11139,S_NOUN_1_PASS_b,M,S,le clou avec la poubelle était ouvert <eos>,6,ouvert,ouverte,4,F,ouvert,-7.512142,ouverte,-7.5912657,1
11140,S_NOUN_1_PASS_b,M,S,le clou avec la poubelle était perdu <eos>,6,perdu,perdue,4,F,perdu,-7.575668,perdue,-9.733763,1
11141,S_NOUN_1_PASS_b,M,S,le clou avec la poubelle était réparé <eos>,6,réparé,réparée,4,F,réparé,-10.334281,réparée,-11.059671,1
11142,S_NOUN_1_PASS_b,M,S,le clou avec la poubelle était retiré <eos>,6,retiré,retirée,4,F,retiré,-7.268708,retirée,-9.469677,1
11143,S_NOUN_1_PASS_b,M,S,le clou avec la poubelle était tombé <eos>,6,tombé,tombée,4,F,tombé,-7.992766,tombée,-8.473716,1
11144,S_NOUN_1_PASS_b,M,S,le clou avec la poubelle était utilisé <eos>,6,utilisé,utilisée,4,F,utilisé,-5.054577,utilisée,-7.0865374,1
11145,S_NOUN_1_PASS_b,M,S,le clou avec la chemise était acheté <eos>,6,acheté,achetée,4,F,acheté,-9.5703,achetée,-11.260984,1
11146,S_NOUN_1_PASS_b,M,S,le clou avec la chemise était brisé <eos>,6,brisé,brisée,4,F,brisé,-8.314719,brisée,-9.687199,1
11147,S_NOUN_1_PASS_b,M,S,le clou avec la chemise était caché <eos>,6,caché,cachée,4,F,caché,-8.502593,cachée,-9.659478,1
11148,S_NOUN_1_PASS_b,M,S,le clou avec la chemise était cassé <eos>,6,cassé,cassée,4,F,cassé,-6.980733,cassée,-9.734844,1
11149,S_NOUN_1_PASS_b,M,S,le clou avec la chemise était couvert <eos>,6,couvert,couverte,4,F,couvert,-6.172688,couverte,-7.597236,1
11150,S_NOUN_1_PASS_b,M,S,le clou avec la chemise était déformé <eos>,6,déformé,déformée,4,F,déformé,-11.069353,déformée,-11.5909195,1
11151,S_NOUN_1_PASS_b,M,S,le clou avec la chemise était fixé <eos>,6,fixé,fixée,4,F,fixé,-4.8289924,fixée,-6.2394166,1
11152,S_NOUN_1_PASS_b,M,S,le clou avec la chemise était jeté <eos>,6,jeté,jetée,4,F,jeté,-7.7782784,jetée,-11.46716,1
11153,S_NOUN_1_PASS_b,M,S,le clou avec la chemise était laissé <eos>,6,laissé,laissée,4,F,laissé,-8.426936,laissée,-9.9028845,1
11154,S_NOUN_1_PASS_b,M,S,le clou avec la chemise était ouvert <eos>,6,ouvert,ouverte,4,F,ouvert,-7.8709393,ouverte,-7.8268223,0
11155,S_NOUN_1_PASS_b,M,S,le clou avec la chemise était perdu <eos>,6,perdu,perdue,4,F,perdu,-8.746182,perdue,-11.130885,1
11156,S_NOUN_1_PASS_b,M,S,le clou avec la chemise était réparé <eos>,6,réparé,réparée,4,F,réparé,-12.067089,réparée,-12.154914,1
11157,S_NOUN_1_PASS_b,M,S,le clou avec la chemise était retiré <eos>,6,retiré,retirée,4,F,retiré,-6.9065347,retirée,-10.1567135,1
11158,S_NOUN_1_PASS_b,M,S,le clou avec la chemise était tombé <eos>,6,tombé,tombée,4,F,tombé,-8.249935,tombée,-9.466454,1
11159,S_NOUN_1_PASS_b,M,S,le clou avec la chemise était utilisé <eos>,6,utilisé,utilisée,4,F,utilisé,-4.8285303,utilisée,-6.89561,1
11160,S_NOUN_1_PASS_b,M,S,le clou avec la recette était acheté <eos>,6,acheté,achetée,4,F,acheté,-10.619066,achetée,-12.253237,1
11161,S_NOUN_1_PASS_b,M,S,le clou avec la recette était brisé <eos>,6,brisé,brisée,4,F,brisé,-9.998456,brisée,-10.919675,1
11162,S_NOUN_1_PASS_b,M,S,le clou avec la recette était caché <eos>,6,caché,cachée,4,F,caché,-8.99724,cachée,-10.405596,1
11163,S_NOUN_1_PASS_b,M,S,le clou avec la recette était cassé <eos>,6,cassé,cassée,4,F,cassé,-9.269633,cassée,-10.409902,1
11164,S_NOUN_1_PASS_b,M,S,le clou avec la recette était couvert <eos>,6,couvert,couverte,4,F,couvert,-8.039482,couverte,-10.130903,1
11165,S_NOUN_1_PASS_b,M,S,le clou avec la recette était déformé <eos>,6,déformé,déformée,4,F,déformé,-12.225109,déformée,-12.857896,1
11166,S_NOUN_1_PASS_b,M,S,le clou avec la recette était fixé <eos>,6,fixé,fixée,4,F,fixé,-5.881097,fixée,-6.4663944,1
11167,S_NOUN_1_PASS_b,M,S,le clou avec la recette était jeté <eos>,6,jeté,jetée,4,F,jeté,-9.7335205,jetée,-11.1070595,1
11168,S_NOUN_1_PASS_b,M,S,le clou avec la recette était laissé <eos>,6,laissé,laissée,4,F,laissé,-9.736455,laissée,-10.118833,1
11169,S_NOUN_1_PASS_b,M,S,le clou avec la recette était ouvert <eos>,6,ouvert,ouverte,4,F,ouvert,-9.211294,ouverte,-9.407503,1
11170,S_NOUN_1_PASS_b,M,S,le clou avec la recette était perdu <eos>,6,perdu,perdue,4,F,perdu,-8.712051,perdue,-9.3240595,1
11171,S_NOUN_1_PASS_b,M,S,le clou avec la recette était réparé <eos>,6,réparé,réparée,4,F,réparé,-12.597269,réparée,-13.556614,1
11172,S_NOUN_1_PASS_b,M,S,le clou avec la recette était retiré <eos>,6,retiré,retirée,4,F,retiré,-8.585798,retirée,-10.641224,1
11173,S_NOUN_1_PASS_b,M,S,le clou avec la recette était tombé <eos>,6,tombé,tombée,4,F,tombé,-8.505123,tombée,-9.076336,1
11174,S_NOUN_1_PASS_b,M,S,le clou avec la recette était utilisé <eos>,6,utilisé,utilisée,4,F,utilisé,-6.268009,utilisée,-7.827236,1
11175,S_NOUN_1_PASS_b,M,S,le clou avec la jupe était acheté <eos>,6,acheté,achetée,4,F,acheté,-10.761522,achetée,-11.407479,1
11176,S_NOUN_1_PASS_b,M,S,le clou avec la jupe était brisé <eos>,6,brisé,brisée,4,F,brisé,-8.855737,brisée,-9.187294,1
11177,S_NOUN_1_PASS_b,M,S,le clou avec la jupe était caché <eos>,6,caché,cachée,4,F,caché,-9.2262745,cachée,-8.738894,0
11178,S_NOUN_1_PASS_b,M,S,le clou avec la jupe était cassé <eos>,6,cassé,cassée,4,F,cassé,-6.7394466,cassée,-8.429064,1
11179,S_NOUN_1_PASS_b,M,S,le clou avec la jupe était couvert <eos>,6,couvert,couverte,4,F,couvert,-7.039607,couverte,-7.628439,1
11180,S_NOUN_1_PASS_b,M,S,le clou avec la jupe était déformé <eos>,6,déformé,déformée,4,F,déformé,-11.510273,déformée,-10.537,0
11181,S_NOUN_1_PASS_b,M,S,le clou avec la jupe était fixé <eos>,6,fixé,fixée,4,F,fixé,-5.80812,fixée,-6.03553,1
11182,S_NOUN_1_PASS_b,M,S,le clou avec la jupe était jeté <eos>,6,jeté,jetée,4,F,jeté,-9.212348,jetée,-11.540335,1
11183,S_NOUN_1_PASS_b,M,S,le clou avec la jupe était laissé <eos>,6,laissé,laissée,4,F,laissé,-9.360348,laissée,-9.913976,1
11184,S_NOUN_1_PASS_b,M,S,le clou avec la jupe était ouvert <eos>,6,ouvert,ouverte,4,F,ouvert,-8.512782,ouverte,-7.120331,0
11185,S_NOUN_1_PASS_b,M,S,le clou avec la jupe était perdu <eos>,6,perdu,perdue,4,F,perdu,-9.176515,perdue,-10.396178,1
11186,S_NOUN_1_PASS_b,M,S,le clou avec la jupe était réparé <eos>,6,réparé,réparée,4,F,réparé,-12.914145,réparée,-11.121819,0
11187,S_NOUN_1_PASS_b,M,S,le clou avec la jupe était retiré <eos>,6,retiré,retirée,4,F,retiré,-8.550475,retirée,-9.832602,1
11188,S_NOUN_1_PASS_b,M,S,le clou avec la jupe était tombé <eos>,6,tombé,tombée,4,F,tombé,-9.010773,tombée,-9.618175,1
11189,S_NOUN_1_PASS_b,M,S,le clou avec la jupe était utilisé <eos>,6,utilisé,utilisée,4,F,utilisé,-6.4973392,utilisée,-7.2614746,1
11190,S_NOUN_1_PASS_b,M,S,le clou avec la colle était acheté <eos>,6,acheté,achetée,4,F,acheté,-8.829332,achetée,-10.743986,1
11191,S_NOUN_1_PASS_b,M,S,le clou avec la colle était brisé <eos>,6,brisé,brisée,4,F,brisé,-8.232042,brisée,-10.294707,1
11192,S_NOUN_1_PASS_b,M,S,le clou avec la colle était caché <eos>,6,caché,cachée,4,F,caché,-7.7857485,cachée,-9.09395,1
11193,S_NOUN_1_PASS_b,M,S,le clou avec la colle était cassé <eos>,6,cassé,cassée,4,F,cassé,-7.496709,cassée,-9.60036,1
11194,S_NOUN_1_PASS_b,M,S,le clou avec la colle était couvert <eos>,6,couvert,couverte,4,F,couvert,-6.5860434,couverte,-8.731565,1
11195,S_NOUN_1_PASS_b,M,S,le clou avec la colle était déformé <eos>,6,déformé,déformée,4,F,déformé,-10.3724575,déformée,-11.785022,1
11196,S_NOUN_1_PASS_b,M,S,le clou avec la colle était fixé <eos>,6,fixé,fixée,4,F,fixé,-4.840844,fixée,-6.7616434,1
11197,S_NOUN_1_PASS_b,M,S,le clou avec la colle était jeté <eos>,6,jeté,jetée,4,F,jeté,-7.920594,jetée,-10.052246,1
11198,S_NOUN_1_PASS_b,M,S,le clou avec la colle était laissé <eos>,6,laissé,laissée,4,F,laissé,-8.528247,laissée,-9.087293,1
11199,S_NOUN_1_PASS_b,M,S,le clou avec la colle était ouvert <eos>,6,ouvert,ouverte,4,F,ouvert,-8.541874,ouverte,-8.571764,1
11200,S_NOUN_1_PASS_b,M,S,le clou avec la colle était perdu <eos>,6,perdu,perdue,4,F,perdu,-8.699099,perdue,-9.672391,1
11201,S_NOUN_1_PASS_b,M,S,le clou avec la colle était réparé <eos>,6,réparé,réparée,4,F,réparé,-11.134069,réparée,-12.915264,1
11202,S_NOUN_1_PASS_b,M,S,le clou avec la colle était retiré <eos>,6,retiré,retirée,4,F,retiré,-6.883007,retirée,-9.9141865,1
11203,S_NOUN_1_PASS_b,M,S,le clou avec la colle était tombé <eos>,6,tombé,tombée,4,F,tombé,-8.183161,tombée,-9.16543,1
11204,S_NOUN_1_PASS_b,M,S,le clou avec la colle était utilisé <eos>,6,utilisé,utilisée,4,F,utilisé,-4.0656786,utilisée,-6.538596,1
11205,S_NOUN_1_PASS_b,M,S,le clou avec la lampe était acheté <eos>,6,acheté,achetée,4,F,acheté,-9.974245,achetée,-9.96958,0
11206,S_NOUN_1_PASS_b,M,S,le clou avec la lampe était brisé <eos>,6,brisé,brisée,4,F,brisé,-7.5162764,brisée,-8.595852,1
11207,S_NOUN_1_PASS_b,M,S,le clou avec la lampe était caché <eos>,6,caché,cachée,4,F,caché,-8.142166,cachée,-8.836243,1
11208,S_NOUN_1_PASS_b,M,S,le clou avec la lampe était cassé <eos>,6,cassé,cassée,4,F,cassé,-7.902879,cassée,-8.506123,1
11209,S_NOUN_1_PASS_b,M,S,le clou avec la lampe était couvert <eos>,6,couvert,couverte,4,F,couvert,-6.846651,couverte,-8.325977,1
11210,S_NOUN_1_PASS_b,M,S,le clou avec la lampe était déformé <eos>,6,déformé,déformée,4,F,déformé,-11.570107,déformée,-11.454712,0
11211,S_NOUN_1_PASS_b,M,S,le clou avec la lampe était fixé <eos>,6,fixé,fixée,4,F,fixé,-5.492665,fixée,-6.515755,1
11212,S_NOUN_1_PASS_b,M,S,le clou avec la lampe était jeté <eos>,6,jeté,jetée,4,F,jeté,-7.9993057,jetée,-9.451512,1
11213,S_NOUN_1_PASS_b,M,S,le clou avec la lampe était laissé <eos>,6,laissé,laissée,4,F,laissé,-8.953461,laissée,-9.039501,1
11214,S_NOUN_1_PASS_b,M,S,le clou avec la lampe était ouvert <eos>,6,ouvert,ouverte,4,F,ouvert,-8.086842,ouverte,-7.805771,0
11215,S_NOUN_1_PASS_b,M,S,le clou avec la lampe était perdu <eos>,6,perdu,perdue,4,F,perdu,-8.5273285,perdue,-9.521599,1
11216,S_NOUN_1_PASS_b,M,S,le clou avec la lampe était réparé <eos>,6,réparé,réparée,4,F,réparé,-10.682581,réparée,-11.152569,1
11217,S_NOUN_1_PASS_b,M,S,le clou avec la lampe était retiré <eos>,6,retiré,retirée,4,F,retiré,-8.211879,retirée,-9.333482,1
11218,S_NOUN_1_PASS_b,M,S,le clou avec la lampe était tombé <eos>,6,tombé,tombée,4,F,tombé,-7.8834343,tombée,-8.599155,1
11219,S_NOUN_1_PASS_b,M,S,le clou avec la lampe était utilisé <eos>,6,utilisé,utilisée,4,F,utilisé,-5.1222315,utilisée,-6.4941187,1
11220,S_NOUN_1_PASS_b,M,S,le clou avec la bouteille était acheté <eos>,6,acheté,achetée,4,F,acheté,-9.08828,achetée,-10.248079,1
11221,S_NOUN_1_PASS_b,M,S,le clou avec la bouteille était brisé <eos>,6,brisé,brisée,4,F,brisé,-7.9737234,brisée,-9.045664,1
11222,S_NOUN_1_PASS_b,M,S,le clou avec la bouteille était caché <eos>,6,caché,cachée,4,F,caché,-7.7035804,cachée,-8.65799,1
11223,S_NOUN_1_PASS_b,M,S,le clou avec la bouteille était cassé <eos>,6,cassé,cassée,4,F,cassé,-6.7387333,cassée,-7.9628735,1
11224,S_NOUN_1_PASS_b,M,S,le clou avec la bouteille était couvert <eos>,6,couvert,couverte,4,F,couvert,-6.162277,couverte,-8.561893,1
11225,S_NOUN_1_PASS_b,M,S,le clou avec la bouteille était déformé <eos>,6,déformé,déformée,4,F,déformé,-10.659808,déformée,-11.092012,1
11226,S_NOUN_1_PASS_b,M,S,le clou avec la bouteille était fixé <eos>,6,fixé,fixée,4,F,fixé,-4.9546013,fixée,-6.1637793,1
11227,S_NOUN_1_PASS_b,M,S,le clou avec la bouteille était jeté <eos>,6,jeté,jetée,4,F,jeté,-7.5448866,jetée,-9.02095,1
11228,S_NOUN_1_PASS_b,M,S,le clou avec la bouteille était laissé <eos>,6,laissé,laissée,4,F,laissé,-8.442461,laissée,-8.811121,1
11229,S_NOUN_1_PASS_b,M,S,le clou avec la bouteille était ouvert <eos>,6,ouvert,ouverte,4,F,ouvert,-7.6251783,ouverte,-8.149258,1
11230,S_NOUN_1_PASS_b,M,S,le clou avec la bouteille était perdu <eos>,6,perdu,perdue,4,F,perdu,-7.572304,perdue,-9.363207,1
11231,S_NOUN_1_PASS_b,M,S,le clou avec la bouteille était réparé <eos>,6,réparé,réparée,4,F,réparé,-10.888979,réparée,-11.952848,1
11232,S_NOUN_1_PASS_b,M,S,le clou avec la bouteille était retiré <eos>,6,retiré,retirée,4,F,retiré,-6.965664,retirée,-9.262918,1
11233,S_NOUN_1_PASS_b,M,S,le clou avec la bouteille était tombé <eos>,6,tombé,tombée,4,F,tombé,-7.89404,tombée,-9.015825,1
11234,S_NOUN_1_PASS_b,M,S,le clou avec la bouteille était utilisé <eos>,6,utilisé,utilisée,4,F,utilisé,-5.5040913,utilisée,-7.1462107,1
11235,S_NOUN_1_PASS_b,M,S,le clou avec la boisson était acheté <eos>,6,acheté,achetée,4,F,acheté,-10.145185,achetée,-11.241163,1
11236,S_NOUN_1_PASS_b,M,S,le clou avec la boisson était brisé <eos>,6,brisé,brisée,4,F,brisé,-10.766083,brisée,-11.522312,1
11237,S_NOUN_1_PASS_b,M,S,le clou avec la boisson était caché <eos>,6,caché,cachée,4,F,caché,-10.020308,cachée,-10.904077,1
11238,S_NOUN_1_PASS_b,M,S,le clou avec la boisson était cassé <eos>,6,cassé,cassée,4,F,cassé,-9.051157,cassée,-10.9372425,1
11239,S_NOUN_1_PASS_b,M,S,le clou avec la boisson était couvert <eos>,6,couvert,couverte,4,F,couvert,-8.700725,couverte,-10.221295,1
11240,S_NOUN_1_PASS_b,M,S,le clou avec la boisson était déformé <eos>,6,déformé,déformée,4,F,déformé,-11.971449,déformée,-12.842366,1
11241,S_NOUN_1_PASS_b,M,S,le clou avec la boisson était fixé <eos>,6,fixé,fixée,4,F,fixé,-7.1110344,fixée,-7.9648266,1
11242,S_NOUN_1_PASS_b,M,S,le clou avec la boisson était jeté <eos>,6,jeté,jetée,4,F,jeté,-9.477191,jetée,-10.462548,1
11243,S_NOUN_1_PASS_b,M,S,le clou avec la boisson était laissé <eos>,6,laissé,laissée,4,F,laissé,-10.227701,laissée,-10.014549,0
11244,S_NOUN_1_PASS_b,M,S,le clou avec la boisson était ouvert <eos>,6,ouvert,ouverte,4,F,ouvert,-9.815375,ouverte,-9.395509,0
11245,S_NOUN_1_PASS_b,M,S,le clou avec la boisson était perdu <eos>,6,perdu,perdue,4,F,perdu,-9.172773,perdue,-9.559975,1
11246,S_NOUN_1_PASS_b,M,S,le clou avec la boisson était réparé <eos>,6,réparé,réparée,4,F,réparé,-12.470983,réparée,-13.85858,1
11247,S_NOUN_1_PASS_b,M,S,le clou avec la boisson était retiré <eos>,6,retiré,retirée,4,F,retiré,-8.102174,retirée,-10.223217,1
11248,S_NOUN_1_PASS_b,M,S,le clou avec la boisson était tombé <eos>,6,tombé,tombée,4,F,tombé,-8.9338455,tombée,-8.855506,0
11249,S_NOUN_1_PASS_b,M,S,le clou avec la boisson était utilisé <eos>,6,utilisé,utilisée,4,F,utilisé,-5.527869,utilisée,-6.807847,1
11250,S_NOUN_1_PASS_b,M,S,le clou avec la pomme était acheté <eos>,6,acheté,achetée,4,F,acheté,-9.696702,achetée,-11.235317,1
11251,S_NOUN_1_PASS_b,M,S,le clou avec la pomme était brisé <eos>,6,brisé,brisée,4,F,brisé,-8.302608,brisée,-10.334824,1
11252,S_NOUN_1_PASS_b,M,S,le clou avec la pomme était caché <eos>,6,caché,cachée,4,F,caché,-8.3249855,cachée,-10.786768,1
11253,S_NOUN_1_PASS_b,M,S,le clou avec la pomme était cassé <eos>,6,cassé,cassée,4,F,cassé,-8.226638,cassée,-9.435064,1
11254,S_NOUN_1_PASS_b,M,S,le clou avec la pomme était couvert <eos>,6,couvert,couverte,4,F,couvert,-6.3838787,couverte,-8.47352,1
11255,S_NOUN_1_PASS_b,M,S,le clou avec la pomme était déformé <eos>,6,déformé,déformée,4,F,déformé,-11.265984,déformée,-12.096727,1
11256,S_NOUN_1_PASS_b,M,S,le clou avec la pomme était fixé <eos>,6,fixé,fixée,4,F,fixé,-6.1594486,fixée,-7.9220486,1
11257,S_NOUN_1_PASS_b,M,S,le clou avec la pomme était jeté <eos>,6,jeté,jetée,4,F,jeté,-8.278151,jetée,-10.244075,1
11258,S_NOUN_1_PASS_b,M,S,le clou avec la pomme était laissé <eos>,6,laissé,laissée,4,F,laissé,-9.115723,laissée,-9.458709,1
11259,S_NOUN_1_PASS_b,M,S,le clou avec la pomme était ouvert <eos>,6,ouvert,ouverte,4,F,ouvert,-8.013242,ouverte,-8.961466,1
11260,S_NOUN_1_PASS_b,M,S,le clou avec la pomme était perdu <eos>,6,perdu,perdue,4,F,perdu,-8.653858,perdue,-10.413506,1
11261,S_NOUN_1_PASS_b,M,S,le clou avec la pomme était réparé <eos>,6,réparé,réparée,4,F,réparé,-11.124641,réparée,-12.9554615,1
11262,S_NOUN_1_PASS_b,M,S,le clou avec la pomme était retiré <eos>,6,retiré,retirée,4,F,retiré,-7.185134,retirée,-10.2010975,1
11263,S_NOUN_1_PASS_b,M,S,le clou avec la pomme était tombé <eos>,6,tombé,tombée,4,F,tombé,-8.402359,tombée,-9.849579,1
11264,S_NOUN_1_PASS_b,M,S,le clou avec la pomme était utilisé <eos>,6,utilisé,utilisée,4,F,utilisé,-4.626461,utilisée,-6.757622,1
11265,S_NOUN_1_PASS_b,M,S,le clou avec la tasse était acheté <eos>,6,acheté,achetée,4,F,acheté,-8.789709,achetée,-10.531616,1
11266,S_NOUN_1_PASS_b,M,S,le clou avec la tasse était brisé <eos>,6,brisé,brisée,4,F,brisé,-7.842049,brisée,-9.989794,1
11267,S_NOUN_1_PASS_b,M,S,le clou avec la tasse était caché <eos>,6,caché,cachée,4,F,caché,-7.0197086,cachée,-9.409843,1
11268,S_NOUN_1_PASS_b,M,S,le clou avec la tasse était cassé <eos>,6,cassé,cassée,4,F,cassé,-7.038321,cassée,-8.737797,1
11269,S_NOUN_1_PASS_b,M,S,le clou avec la tasse était couvert <eos>,6,couvert,couverte,4,F,couvert,-6.4988117,couverte,-8.757496,1
11270,S_NOUN_1_PASS_b,M,S,le clou avec la tasse était déformé <eos>,6,déformé,déformée,4,F,déformé,-10.64659,déformée,-11.5027685,1
11271,S_NOUN_1_PASS_b,M,S,le clou avec la tasse était fixé <eos>,6,fixé,fixée,4,F,fixé,-5.3171854,fixée,-6.7666235,1
11272,S_NOUN_1_PASS_b,M,S,le clou avec la tasse était jeté <eos>,6,jeté,jetée,4,F,jeté,-7.1058235,jetée,-9.985218,1
11273,S_NOUN_1_PASS_b,M,S,le clou avec la tasse était laissé <eos>,6,laissé,laissée,4,F,laissé,-8.216463,laissée,-8.68238,1
11274,S_NOUN_1_PASS_b,M,S,le clou avec la tasse était ouvert <eos>,6,ouvert,ouverte,4,F,ouvert,-6.950435,ouverte,-7.5777583,1
11275,S_NOUN_1_PASS_b,M,S,le clou avec la tasse était perdu <eos>,6,perdu,perdue,4,F,perdu,-8.077777,perdue,-9.994059,1
11276,S_NOUN_1_PASS_b,M,S,le clou avec la tasse était réparé <eos>,6,réparé,réparée,4,F,réparé,-11.010116,réparée,-12.507743,1
11277,S_NOUN_1_PASS_b,M,S,le clou avec la tasse était retiré <eos>,6,retiré,retirée,4,F,retiré,-6.868164,retirée,-9.09724,1
11278,S_NOUN_1_PASS_b,M,S,le clou avec la tasse était tombé <eos>,6,tombé,tombée,4,F,tombé,-8.22989,tombée,-9.256187,1
11279,S_NOUN_1_PASS_b,M,S,le clou avec la tasse était utilisé <eos>,6,utilisé,utilisée,4,F,utilisé,-4.251892,utilisée,-6.3192053,1
11280,S_NOUN_1_PASS_b,M,S,le clou avec la bougie était acheté <eos>,6,acheté,achetée,4,F,acheté,-9.738947,achetée,-11.354051,1
11281,S_NOUN_1_PASS_b,M,S,le clou avec la bougie était brisé <eos>,6,brisé,brisée,4,F,brisé,-7.489234,brisée,-9.566024,1
11282,S_NOUN_1_PASS_b,M,S,le clou avec la bougie était caché <eos>,6,caché,cachée,4,F,caché,-7.1783056,cachée,-9.369581,1
11283,S_NOUN_1_PASS_b,M,S,le clou avec la bougie était cassé <eos>,6,cassé,cassée,4,F,cassé,-6.4418983,cassée,-8.995223,1
11284,S_NOUN_1_PASS_b,M,S,le clou avec la bougie était couvert <eos>,6,couvert,couverte,4,F,couvert,-6.681258,couverte,-9.289334,1
11285,S_NOUN_1_PASS_b,M,S,le clou avec la bougie était déformé <eos>,6,déformé,déformée,4,F,déformé,-10.722751,déformée,-11.883699,1
11286,S_NOUN_1_PASS_b,M,S,le clou avec la bougie était fixé <eos>,6,fixé,fixée,4,F,fixé,-5.1688547,fixée,-7.4123516,1
11287,S_NOUN_1_PASS_b,M,S,le clou avec la bougie était jeté <eos>,6,jeté,jetée,4,F,jeté,-8.051535,jetée,-10.103439,1
11288,S_NOUN_1_PASS_b,M,S,le clou avec la bougie était laissé <eos>,6,laissé,laissée,4,F,laissé,-8.91289,laissée,-10.264947,1
11289,S_NOUN_1_PASS_b,M,S,le clou avec la bougie était ouvert <eos>,6,ouvert,ouverte,4,F,ouvert,-7.9118705,ouverte,-8.91503,1
11290,S_NOUN_1_PASS_b,M,S,le clou avec la bougie était perdu <eos>,6,perdu,perdue,4,F,perdu,-7.663987,perdue,-9.353892,1
11291,S_NOUN_1_PASS_b,M,S,le clou avec la bougie était réparé <eos>,6,réparé,réparée,4,F,réparé,-10.549611,réparée,-11.850661,1
11292,S_NOUN_1_PASS_b,M,S,le clou avec la bougie était retiré <eos>,6,retiré,retirée,4,F,retiré,-7.262467,retirée,-9.648676,1
11293,S_NOUN_1_PASS_b,M,S,le clou avec la bougie était tombé <eos>,6,tombé,tombée,4,F,tombé,-7.9272594,tombée,-9.031398,1
11294,S_NOUN_1_PASS_b,M,S,le clou avec la bougie était utilisé <eos>,6,utilisé,utilisée,4,F,utilisé,-4.5411043,utilisée,-7.103405,1
11295,S_NOUN_1_PASS_b,M,S,le clou avec la pochette était acheté <eos>,6,acheté,achetée,4,F,acheté,-9.876934,achetée,-10.228531,1
11296,S_NOUN_1_PASS_b,M,S,le clou avec la pochette était brisé <eos>,6,brisé,brisée,4,F,brisé,-10.259342,brisée,-11.077946,1
11297,S_NOUN_1_PASS_b,M,S,le clou avec la pochette était caché <eos>,6,caché,cachée,4,F,caché,-9.13912,cachée,-9.438467,1
11298,S_NOUN_1_PASS_b,M,S,le clou avec la pochette était cassé <eos>,6,cassé,cassée,4,F,cassé,-8.686294,cassée,-10.011759,1
11299,S_NOUN_1_PASS_b,M,S,le clou avec la pochette était couvert <eos>,6,couvert,couverte,4,F,couvert,-8.525647,couverte,-9.458567,1
11300,S_NOUN_1_PASS_b,M,S,le clou avec la pochette était déformé <eos>,6,déformé,déformée,4,F,déformé,-11.085951,déformée,-11.077354,0
11301,S_NOUN_1_PASS_b,M,S,le clou avec la pochette était fixé <eos>,6,fixé,fixée,4,F,fixé,-6.7525887,fixée,-6.209084,0
11302,S_NOUN_1_PASS_b,M,S,le clou avec la pochette était jeté <eos>,6,jeté,jetée,4,F,jeté,-10.248134,jetée,-11.687478,1
11303,S_NOUN_1_PASS_b,M,S,le clou avec la pochette était laissé <eos>,6,laissé,laissée,4,F,laissé,-9.465219,laissée,-9.756922,1
11304,S_NOUN_1_PASS_b,M,S,le clou avec la pochette était ouvert <eos>,6,ouvert,ouverte,4,F,ouvert,-10.256381,ouverte,-9.479493,0
11305,S_NOUN_1_PASS_b,M,S,le clou avec la pochette était perdu <eos>,6,perdu,perdue,4,F,perdu,-9.014168,perdue,-10.499701,1
11306,S_NOUN_1_PASS_b,M,S,le clou avec la pochette était réparé <eos>,6,réparé,réparée,4,F,réparé,-12.545017,réparée,-12.330086,0
11307,S_NOUN_1_PASS_b,M,S,le clou avec la pochette était retiré <eos>,6,retiré,retirée,4,F,retiré,-7.7254696,retirée,-8.859178,1
11308,S_NOUN_1_PASS_b,M,S,le clou avec la pochette était tombé <eos>,6,tombé,tombée,4,F,tombé,-8.438394,tombée,-9.288774,1
11309,S_NOUN_1_PASS_b,M,S,le clou avec la pochette était utilisé <eos>,6,utilisé,utilisée,4,F,utilisé,-7.468185,utilisée,-8.198101,1
11310,S_NOUN_1_PASS_b,M,S,le clou avec la banane était acheté <eos>,6,acheté,achetée,4,F,acheté,-9.552177,achetée,-11.663101,1
11311,S_NOUN_1_PASS_b,M,S,le clou avec la banane était brisé <eos>,6,brisé,brisée,4,F,brisé,-9.404433,brisée,-11.778913,1
11312,S_NOUN_1_PASS_b,M,S,le clou avec la banane était caché <eos>,6,caché,cachée,4,F,caché,-8.666796,cachée,-10.84372,1
11313,S_NOUN_1_PASS_b,M,S,le clou avec la banane était cassé <eos>,6,cassé,cassée,4,F,cassé,-8.00929,cassée,-10.339279,1
11314,S_NOUN_1_PASS_b,M,S,le clou avec la banane était couvert <eos>,6,couvert,couverte,4,F,couvert,-7.4198484,couverte,-9.432662,1
11315,S_NOUN_1_PASS_b,M,S,le clou avec la banane était déformé <eos>,6,déformé,déformée,4,F,déformé,-12.16003,déformée,-13.213129,1
11316,S_NOUN_1_PASS_b,M,S,le clou avec la banane était fixé <eos>,6,fixé,fixée,4,F,fixé,-5.662595,fixée,-7.039585,1
11317,S_NOUN_1_PASS_b,M,S,le clou avec la banane était jeté <eos>,6,jeté,jetée,4,F,jeté,-8.579753,jetée,-10.806443,1
11318,S_NOUN_1_PASS_b,M,S,le clou avec la banane était laissé <eos>,6,laissé,laissée,4,F,laissé,-9.936296,laissée,-10.643105,1
11319,S_NOUN_1_PASS_b,M,S,le clou avec la banane était ouvert <eos>,6,ouvert,ouverte,4,F,ouvert,-8.598259,ouverte,-8.804623,1
11320,S_NOUN_1_PASS_b,M,S,le clou avec la banane était perdu <eos>,6,perdu,perdue,4,F,perdu,-8.495451,perdue,-10.580039,1
11321,S_NOUN_1_PASS_b,M,S,le clou avec la banane était réparé <eos>,6,réparé,réparée,4,F,réparé,-11.438389,réparée,-13.671032,1
11322,S_NOUN_1_PASS_b,M,S,le clou avec la banane était retiré <eos>,6,retiré,retirée,4,F,retiré,-7.936378,retirée,-11.0103035,1
11323,S_NOUN_1_PASS_b,M,S,le clou avec la banane était tombé <eos>,6,tombé,tombée,4,F,tombé,-8.124017,tombée,-9.0606985,1
11324,S_NOUN_1_PASS_b,M,S,le clou avec la banane était utilisé <eos>,6,utilisé,utilisée,4,F,utilisé,-4.242688,utilisée,-6.52596,1
11325,S_NOUN_1_PASS_b,M,S,le clou avec la robe était acheté <eos>,6,acheté,achetée,4,F,acheté,-10.166802,achetée,-11.130165,1
11326,S_NOUN_1_PASS_b,M,S,le clou avec la robe était brisé <eos>,6,brisé,brisée,4,F,brisé,-10.238691,brisée,-11.200985,1
11327,S_NOUN_1_PASS_b,M,S,le clou avec la robe était caché <eos>,6,caché,cachée,4,F,caché,-9.803769,cachée,-10.429882,1
11328,S_NOUN_1_PASS_b,M,S,le clou avec la robe était cassé <eos>,6,cassé,cassée,4,F,cassé,-8.106881,cassée,-10.597369,1
11329,S_NOUN_1_PASS_b,M,S,le clou avec la robe était couvert <eos>,6,couvert,couverte,4,F,couvert,-8.255986,couverte,-8.610259,1
11330,S_NOUN_1_PASS_b,M,S,le clou avec la robe était déformé <eos>,6,déformé,déformée,4,F,déformé,-12.198841,déformée,-12.201773,1
11331,S_NOUN_1_PASS_b,M,S,le clou avec la robe était fixé <eos>,6,fixé,fixée,4,F,fixé,-5.6415915,fixée,-6.044329,1
11332,S_NOUN_1_PASS_b,M,S,le clou avec la robe était jeté <eos>,6,jeté,jetée,4,F,jeté,-9.927492,jetée,-12.7050495,1
11333,S_NOUN_1_PASS_b,M,S,le clou avec la robe était laissé <eos>,6,laissé,laissée,4,F,laissé,-9.689354,laissée,-10.396137,1
11334,S_NOUN_1_PASS_b,M,S,le clou avec la robe était ouvert <eos>,6,ouvert,ouverte,4,F,ouvert,-9.34345,ouverte,-8.900242,0
11335,S_NOUN_1_PASS_b,M,S,le clou avec la robe était perdu <eos>,6,perdu,perdue,4,F,perdu,-9.643779,perdue,-10.862496,1
11336,S_NOUN_1_PASS_b,M,S,le clou avec la robe était réparé <eos>,6,réparé,réparée,4,F,réparé,-13.577776,réparée,-13.167849,0
11337,S_NOUN_1_PASS_b,M,S,le clou avec la robe était retiré <eos>,6,retiré,retirée,4,F,retiré,-7.641585,retirée,-9.873354,1
11338,S_NOUN_1_PASS_b,M,S,le clou avec la robe était tombé <eos>,6,tombé,tombée,4,F,tombé,-9.155033,tombée,-9.3035965,1
11339,S_NOUN_1_PASS_b,M,S,le clou avec la robe était utilisé <eos>,6,utilisé,utilisée,4,F,utilisé,-5.6814218,utilisée,-6.868192,1
11340,S_NOUN_1_PASS_b,M,S,le clou avec la valise était acheté <eos>,6,acheté,achetée,4,F,acheté,-7.2103157,achetée,-9.702853,1
11341,S_NOUN_1_PASS_b,M,S,le clou avec la valise était brisé <eos>,6,brisé,brisée,4,F,brisé,-7.0549912,brisée,-8.67103,1
11342,S_NOUN_1_PASS_b,M,S,le clou avec la valise était caché <eos>,6,caché,cachée,4,F,caché,-5.9465466,cachée,-7.871685,1
11343,S_NOUN_1_PASS_b,M,S,le clou avec la valise était cassé <eos>,6,cassé,cassée,4,F,cassé,-6.5425205,cassée,-7.465926,1
11344,S_NOUN_1_PASS_b,M,S,le clou avec la valise était couvert <eos>,6,couvert,couverte,4,F,couvert,-6.037755,couverte,-7.982703,1
11345,S_NOUN_1_PASS_b,M,S,le clou avec la valise était déformé <eos>,6,déformé,déformée,4,F,déformé,-10.549868,déformée,-11.637968,1
11346,S_NOUN_1_PASS_b,M,S,le clou avec la valise était fixé <eos>,6,fixé,fixée,4,F,fixé,-5.72867,fixée,-6.2382603,1
11347,S_NOUN_1_PASS_b,M,S,le clou avec la valise était jeté <eos>,6,jeté,jetée,4,F,jeté,-6.7753763,jetée,-9.625275,1
11348,S_NOUN_1_PASS_b,M,S,le clou avec la valise était laissé <eos>,6,laissé,laissée,4,F,laissé,-7.605032,laissée,-8.476497,1
11349,S_NOUN_1_PASS_b,M,S,le clou avec la valise était ouvert <eos>,6,ouvert,ouverte,4,F,ouvert,-6.779117,ouverte,-6.797541,1
11350,S_NOUN_1_PASS_b,M,S,le clou avec la valise était perdu <eos>,6,perdu,perdue,4,F,perdu,-6.858739,perdue,-8.799673,1
11351,S_NOUN_1_PASS_b,M,S,le clou avec la valise était réparé <eos>,6,réparé,réparée,4,F,réparé,-10.555537,réparée,-12.029001,1
11352,S_NOUN_1_PASS_b,M,S,le clou avec la valise était retiré <eos>,6,retiré,retirée,4,F,retiré,-6.2212152,retirée,-7.8743734,1
11353,S_NOUN_1_PASS_b,M,S,le clou avec la valise était tombé <eos>,6,tombé,tombée,4,F,tombé,-6.7973766,tombée,-7.6960917,1
11354,S_NOUN_1_PASS_b,M,S,le clou avec la valise était utilisé <eos>,6,utilisé,utilisée,4,F,utilisé,-6.7336664,utilisée,-8.411993,1
11355,S_NOUN_1_PASS_b,M,S,le clou avec la pendule était acheté <eos>,6,acheté,achetée,4,F,acheté,-10.488693,achetée,-11.024563,1
11356,S_NOUN_1_PASS_b,M,S,le clou avec la pendule était brisé <eos>,6,brisé,brisée,4,F,brisé,-7.6463547,brisée,-7.6821194,1
11357,S_NOUN_1_PASS_b,M,S,le clou avec la pendule était caché <eos>,6,caché,cachée,4,F,caché,-7.874196,cachée,-7.812813,0
11358,S_NOUN_1_PASS_b,M,S,le clou avec la pendule était cassé <eos>,6,cassé,cassée,4,F,cassé,-6.4586687,cassée,-6.786542,1
11359,S_NOUN_1_PASS_b,M,S,le clou avec la pendule était couvert <eos>,6,couvert,couverte,4,F,couvert,-6.3720675,couverte,-7.2135906,1
11360,S_NOUN_1_PASS_b,M,S,le clou avec la pendule était déformé <eos>,6,déformé,déformée,4,F,déformé,-11.343209,déformée,-10.730493,0
11361,S_NOUN_1_PASS_b,M,S,le clou avec la pendule était fixé <eos>,6,fixé,fixée,4,F,fixé,-4.111623,fixée,-4.3845453,1
11362,S_NOUN_1_PASS_b,M,S,le clou avec la pendule était jeté <eos>,6,jeté,jetée,4,F,jeté,-8.436846,jetée,-10.550995,1
11363,S_NOUN_1_PASS_b,M,S,le clou avec la pendule était laissé <eos>,6,laissé,laissée,4,F,laissé,-9.226783,laissée,-9.368162,1
11364,S_NOUN_1_PASS_b,M,S,le clou avec la pendule était ouvert <eos>,6,ouvert,ouverte,4,F,ouvert,-7.241457,ouverte,-7.071678,0
11365,S_NOUN_1_PASS_b,M,S,le clou avec la pendule était perdu <eos>,6,perdu,perdue,4,F,perdu,-9.742899,perdue,-9.281393,0
11366,S_NOUN_1_PASS_b,M,S,le clou avec la pendule était réparé <eos>,6,réparé,réparée,4,F,réparé,-11.988216,réparée,-11.136631,0
11367,S_NOUN_1_PASS_b,M,S,le clou avec la pendule était retiré <eos>,6,retiré,retirée,4,F,retiré,-7.026771,retirée,-9.063484,1
11368,S_NOUN_1_PASS_b,M,S,le clou avec la pendule était tombé <eos>,6,tombé,tombée,4,F,tombé,-8.426402,tombée,-10.239436,1
11369,S_NOUN_1_PASS_b,M,S,le clou avec la pendule était utilisé <eos>,6,utilisé,utilisée,4,F,utilisé,-5.1861944,utilisée,-6.299762,1
11370,S_NOUN_1_PASS_b,M,S,le clou avec la cloche était acheté <eos>,6,acheté,achetée,4,F,acheté,-9.088809,achetée,-10.230478,1
11371,S_NOUN_1_PASS_b,M,S,le clou avec la cloche était brisé <eos>,6,brisé,brisée,4,F,brisé,-7.8974996,brisée,-9.35866,1
11372,S_NOUN_1_PASS_b,M,S,le clou avec la cloche était caché <eos>,6,caché,cachée,4,F,caché,-7.333898,cachée,-8.358932,1
11373,S_NOUN_1_PASS_b,M,S,le clou avec la cloche était cassé <eos>,6,cassé,cassée,4,F,cassé,-8.281978,cassée,-9.031687,1
11374,S_NOUN_1_PASS_b,M,S,le clou avec la cloche était couvert <eos>,6,couvert,couverte,4,F,couvert,-6.4594073,couverte,-8.844917,1
11375,S_NOUN_1_PASS_b,M,S,le clou avec la cloche était déformé <eos>,6,déformé,déformée,4,F,déformé,-12.209357,déformée,-12.581969,1
11376,S_NOUN_1_PASS_b,M,S,le clou avec la cloche était fixé <eos>,6,fixé,fixée,4,F,fixé,-5.478271,fixée,-6.3883367,1
11377,S_NOUN_1_PASS_b,M,S,le clou avec la cloche était jeté <eos>,6,jeté,jetée,4,F,jeté,-7.964568,jetée,-9.8089485,1
11378,S_NOUN_1_PASS_b,M,S,le clou avec la cloche était laissé <eos>,6,laissé,laissée,4,F,laissé,-8.567824,laissée,-9.744974,1
11379,S_NOUN_1_PASS_b,M,S,le clou avec la cloche était ouvert <eos>,6,ouvert,ouverte,4,F,ouvert,-8.019621,ouverte,-8.686791,1
11380,S_NOUN_1_PASS_b,M,S,le clou avec la cloche était perdu <eos>,6,perdu,perdue,4,F,perdu,-7.4510736,perdue,-9.202129,1
11381,S_NOUN_1_PASS_b,M,S,le clou avec la cloche était réparé <eos>,6,réparé,réparée,4,F,réparé,-10.040632,réparée,-10.826013,1
11382,S_NOUN_1_PASS_b,M,S,le clou avec la cloche était retiré <eos>,6,retiré,retirée,4,F,retiré,-7.166176,retirée,-10.18449,1
11383,S_NOUN_1_PASS_b,M,S,le clou avec la cloche était tombé <eos>,6,tombé,tombée,4,F,tombé,-7.0158453,tombée,-8.260636,1
11384,S_NOUN_1_PASS_b,M,S,le clou avec la cloche était utilisé <eos>,6,utilisé,utilisée,4,F,utilisé,-5.683274,utilisée,-7.287044,1
11385,S_NOUN_1_PASS_b,M,S,le clou avec la cerise était acheté <eos>,6,acheté,achetée,4,F,acheté,-9.358724,achetée,-12.113956,1
11386,S_NOUN_1_PASS_b,M,S,le clou avec la cerise était brisé <eos>,6,brisé,brisée,4,F,brisé,-9.095765,brisée,-12.115326,1
11387,S_NOUN_1_PASS_b,M,S,le clou avec la cerise était caché <eos>,6,caché,cachée,4,F,caché,-8.849034,cachée,-11.452333,1
11388,S_NOUN_1_PASS_b,M,S,le clou avec la cerise était cassé <eos>,6,cassé,cassée,4,F,cassé,-7.1231194,cassée,-10.918394,1
11389,S_NOUN_1_PASS_b,M,S,le clou avec la cerise était couvert <eos>,6,couvert,couverte,4,F,couvert,-6.632328,couverte,-9.527264,1
11390,S_NOUN_1_PASS_b,M,S,le clou avec la cerise était déformé <eos>,6,déformé,déformée,4,F,déformé,-11.624481,déformée,-13.054188,1
11391,S_NOUN_1_PASS_b,M,S,le clou avec la cerise était fixé <eos>,6,fixé,fixée,4,F,fixé,-5.818506,fixée,-8.506773,1
11392,S_NOUN_1_PASS_b,M,S,le clou avec la cerise était jeté <eos>,6,jeté,jetée,4,F,jeté,-9.512615,jetée,-11.317384,1
11393,S_NOUN_1_PASS_b,M,S,le clou avec la cerise était laissé <eos>,6,laissé,laissée,4,F,laissé,-9.619116,laissée,-10.931363,1
11394,S_NOUN_1_PASS_b,M,S,le clou avec la cerise était ouvert <eos>,6,ouvert,ouverte,4,F,ouvert,-8.782195,ouverte,-10.283613,1
11395,S_NOUN_1_PASS_b,M,S,le clou avec la cerise était perdu <eos>,6,perdu,perdue,4,F,perdu,-8.731735,perdue,-11.477823,1
11396,S_NOUN_1_PASS_b,M,S,le clou avec la cerise était réparé <eos>,6,réparé,réparée,4,F,réparé,-12.370429,réparée,-14.6523075,1
11397,S_NOUN_1_PASS_b,M,S,le clou avec la cerise était retiré <eos>,6,retiré,retirée,4,F,retiré,-7.9610386,retirée,-11.394991,1
11398,S_NOUN_1_PASS_b,M,S,le clou avec la cerise était tombé <eos>,6,tombé,tombée,4,F,tombé,-8.333861,tombée,-9.918143,1
11399,S_NOUN_1_PASS_b,M,S,le clou avec la cerise était utilisé <eos>,6,utilisé,utilisée,4,F,utilisé,-4.400428,utilisée,-6.6713505,1
11400,S_NOUN_1_PASS_b,M,S,le billet avec la gemme était acheté <eos>,6,acheté,achetée,4,F,acheté,-6.6928773,achetée,-9.523608,1
11401,S_NOUN_1_PASS_b,M,S,le billet avec la gemme était brisé <eos>,6,brisé,brisée,4,F,brisé,-9.141455,brisée,-11.671177,1
11402,S_NOUN_1_PASS_b,M,S,le billet avec la gemme était caché <eos>,6,caché,cachée,4,F,caché,-7.1230555,cachée,-10.010811,1
11403,S_NOUN_1_PASS_b,M,S,le billet avec la gemme était cassé <eos>,6,cassé,cassée,4,F,cassé,-6.3208427,cassée,-11.241032,1
11404,S_NOUN_1_PASS_b,M,S,le billet avec la gemme était couvert <eos>,6,couvert,couverte,4,F,couvert,-6.2137012,couverte,-9.4642,1
11405,S_NOUN_1_PASS_b,M,S,le billet avec la gemme était déformé <eos>,6,déformé,déformée,4,F,déformé,-10.379209,déformée,-12.057451,1
11406,S_NOUN_1_PASS_b,M,S,le billet avec la gemme était fixé <eos>,6,fixé,fixée,4,F,fixé,-4.58611,fixée,-7.329857,1
11407,S_NOUN_1_PASS_b,M,S,le billet avec la gemme était jeté <eos>,6,jeté,jetée,4,F,jeté,-7.649252,jetée,-10.997613,1
11408,S_NOUN_1_PASS_b,M,S,le billet avec la gemme était laissé <eos>,6,laissé,laissée,4,F,laissé,-7.9680157,laissée,-10.795226,1
11409,S_NOUN_1_PASS_b,M,S,le billet avec la gemme était ouvert <eos>,6,ouvert,ouverte,4,F,ouvert,-7.321498,ouverte,-9.44954,1
11410,S_NOUN_1_PASS_b,M,S,le billet avec la gemme était perdu <eos>,6,perdu,perdue,4,F,perdu,-7.5488124,perdue,-11.1063,1
11411,S_NOUN_1_PASS_b,M,S,le billet avec la gemme était réparé <eos>,6,réparé,réparée,4,F,réparé,-10.016611,réparée,-12.693757,1
11412,S_NOUN_1_PASS_b,M,S,le billet avec la gemme était retiré <eos>,6,retiré,retirée,4,F,retiré,-5.875735,retirée,-10.132668,1
11413,S_NOUN_1_PASS_b,M,S,le billet avec la gemme était tombé <eos>,6,tombé,tombée,4,F,tombé,-7.8896694,tombée,-9.999886,1
11414,S_NOUN_1_PASS_b,M,S,le billet avec la gemme était utilisé <eos>,6,utilisé,utilisée,4,F,utilisé,-2.926304,utilisée,-6.723235,1
11415,S_NOUN_1_PASS_b,M,S,le billet avec la chaise était acheté <eos>,6,acheté,achetée,4,F,acheté,-7.7358932,achetée,-10.199123,1
11416,S_NOUN_1_PASS_b,M,S,le billet avec la chaise était brisé <eos>,6,brisé,brisée,4,F,brisé,-9.281352,brisée,-10.873266,1
11417,S_NOUN_1_PASS_b,M,S,le billet avec la chaise était caché <eos>,6,caché,cachée,4,F,caché,-8.104615,cachée,-10.363785,1
11418,S_NOUN_1_PASS_b,M,S,le billet avec la chaise était cassé <eos>,6,cassé,cassée,4,F,cassé,-7.227906,cassée,-10.249231,1
11419,S_NOUN_1_PASS_b,M,S,le billet avec la chaise était couvert <eos>,6,couvert,couverte,4,F,couvert,-5.9678326,couverte,-8.378637,1
11420,S_NOUN_1_PASS_b,M,S,le billet avec la chaise était déformé <eos>,6,déformé,déformée,4,F,déformé,-11.261751,déformée,-11.534966,1
11421,S_NOUN_1_PASS_b,M,S,le billet avec la chaise était fixé <eos>,6,fixé,fixée,4,F,fixé,-5.9641933,fixée,-7.1666994,1
11422,S_NOUN_1_PASS_b,M,S,le billet avec la chaise était jeté <eos>,6,jeté,jetée,4,F,jeté,-8.383283,jetée,-11.420473,1
11423,S_NOUN_1_PASS_b,M,S,le billet avec la chaise était laissé <eos>,6,laissé,laissée,4,F,laissé,-8.4560585,laissée,-11.040222,1
11424,S_NOUN_1_PASS_b,M,S,le billet avec la chaise était ouvert <eos>,6,ouvert,ouverte,4,F,ouvert,-6.4319854,ouverte,-7.2991624,1
11425,S_NOUN_1_PASS_b,M,S,le billet avec la chaise était perdu <eos>,6,perdu,perdue,4,F,perdu,-7.939584,perdue,-11.1268835,1
11426,S_NOUN_1_PASS_b,M,S,le billet avec la chaise était réparé <eos>,6,réparé,réparée,4,F,réparé,-10.338773,réparée,-11.247918,1
11427,S_NOUN_1_PASS_b,M,S,le billet avec la chaise était retiré <eos>,6,retiré,retirée,4,F,retiré,-6.352251,retirée,-9.8024,1
11428,S_NOUN_1_PASS_b,M,S,le billet avec la chaise était tombé <eos>,6,tombé,tombée,4,F,tombé,-8.247575,tombée,-9.882734,1
11429,S_NOUN_1_PASS_b,M,S,le billet avec la chaise était utilisé <eos>,6,utilisé,utilisée,4,F,utilisé,-4.0744915,utilisée,-6.9544315,1
11430,S_NOUN_1_PASS_b,M,S,le billet avec la poubelle était acheté <eos>,6,acheté,achetée,4,F,acheté,-5.7499547,achetée,-8.903336,1
11431,S_NOUN_1_PASS_b,M,S,le billet avec la poubelle était brisé <eos>,6,brisé,brisée,4,F,brisé,-9.049015,brisée,-11.53883,1
11432,S_NOUN_1_PASS_b,M,S,le billet avec la poubelle était caché <eos>,6,caché,cachée,4,F,caché,-6.565626,cachée,-9.28395,1
11433,S_NOUN_1_PASS_b,M,S,le billet avec la poubelle était cassé <eos>,6,cassé,cassée,4,F,cassé,-6.9304442,cassée,-10.434704,1
11434,S_NOUN_1_PASS_b,M,S,le billet avec la poubelle était couvert <eos>,6,couvert,couverte,4,F,couvert,-6.140258,couverte,-9.273421,1
11435,S_NOUN_1_PASS_b,M,S,le billet avec la poubelle était déformé <eos>,6,déformé,déformée,4,F,déformé,-9.530908,déformée,-11.176533,1
11436,S_NOUN_1_PASS_b,M,S,le billet avec la poubelle était fixé <eos>,6,fixé,fixée,4,F,fixé,-6.1697097,fixée,-8.734056,1
11437,S_NOUN_1_PASS_b,M,S,le billet avec la poubelle était jeté <eos>,6,jeté,jetée,4,F,jeté,-6.818059,jetée,-9.523148,1
11438,S_NOUN_1_PASS_b,M,S,le billet avec la poubelle était laissé <eos>,6,laissé,laissée,4,F,laissé,-7.1134663,laissée,-9.682261,1
11439,S_NOUN_1_PASS_b,M,S,le billet avec la poubelle était ouvert <eos>,6,ouvert,ouverte,4,F,ouvert,-6.486252,ouverte,-8.868676,1
11440,S_NOUN_1_PASS_b,M,S,le billet avec la poubelle était perdu <eos>,6,perdu,perdue,4,F,perdu,-6.1156406,perdue,-9.69626,1
11441,S_NOUN_1_PASS_b,M,S,le billet avec la poubelle était réparé <eos>,6,réparé,réparée,4,F,réparé,-8.989542,réparée,-11.608818,1
11442,S_NOUN_1_PASS_b,M,S,le billet avec la poubelle était retiré <eos>,6,retiré,retirée,4,F,retiré,-5.63995,retirée,-9.306322,1
11443,S_NOUN_1_PASS_b,M,S,le billet avec la poubelle était tombé <eos>,6,tombé,tombée,4,F,tombé,-7.5251627,tombée,-8.946376,1
11444,S_NOUN_1_PASS_b,M,S,le billet avec la poubelle était utilisé <eos>,6,utilisé,utilisée,4,F,utilisé,-3.5815704,utilisée,-7.097687,1
11445,S_NOUN_1_PASS_b,M,S,le billet avec la chemise était acheté <eos>,6,acheté,achetée,4,F,acheté,-7.082326,achetée,-10.491051,1
11446,S_NOUN_1_PASS_b,M,S,le billet avec la chemise était brisé <eos>,6,brisé,brisée,4,F,brisé,-8.832478,brisée,-11.462086,1
11447,S_NOUN_1_PASS_b,M,S,le billet avec la chemise était caché <eos>,6,caché,cachée,4,F,caché,-7.368222,cachée,-10.095639,1
11448,S_NOUN_1_PASS_b,M,S,le billet avec la chemise était cassé <eos>,6,cassé,cassée,4,F,cassé,-6.777478,cassée,-11.472303,1
11449,S_NOUN_1_PASS_b,M,S,le billet avec la chemise était couvert <eos>,6,couvert,couverte,4,F,couvert,-5.6180153,couverte,-8.492219,1
11450,S_NOUN_1_PASS_b,M,S,le billet avec la chemise était déformé <eos>,6,déformé,déformée,4,F,déformé,-10.323247,déformée,-11.690262,1
11451,S_NOUN_1_PASS_b,M,S,le billet avec la chemise était fixé <eos>,6,fixé,fixée,4,F,fixé,-4.684764,fixée,-7.64738,1
11452,S_NOUN_1_PASS_b,M,S,le billet avec la chemise était jeté <eos>,6,jeté,jetée,4,F,jeté,-7.362815,jetée,-11.691037,1
11453,S_NOUN_1_PASS_b,M,S,le billet avec la chemise était laissé <eos>,6,laissé,laissée,4,F,laissé,-7.618481,laissée,-11.005611,1
11454,S_NOUN_1_PASS_b,M,S,le billet avec la chemise était ouvert <eos>,6,ouvert,ouverte,4,F,ouvert,-6.411295,ouverte,-8.103406,1
11455,S_NOUN_1_PASS_b,M,S,le billet avec la chemise était perdu <eos>,6,perdu,perdue,4,F,perdu,-7.374316,perdue,-11.583509,1
11456,S_NOUN_1_PASS_b,M,S,le billet avec la chemise était réparé <eos>,6,réparé,réparée,4,F,réparé,-10.993467,réparée,-12.769596,1
11457,S_NOUN_1_PASS_b,M,S,le billet avec la chemise était retiré <eos>,6,retiré,retirée,4,F,retiré,-4.9197044,retirée,-9.921848,1
11458,S_NOUN_1_PASS_b,M,S,le billet avec la chemise était tombé <eos>,6,tombé,tombée,4,F,tombé,-7.6015167,tombée,-9.860541,1
11459,S_NOUN_1_PASS_b,M,S,le billet avec la chemise était utilisé <eos>,6,utilisé,utilisée,4,F,utilisé,-3.7387729,utilisée,-7.3722386,1
11460,S_NOUN_1_PASS_b,M,S,le billet avec la recette était acheté <eos>,6,acheté,achetée,4,F,acheté,-7.3098354,achetée,-10.528655,1
11461,S_NOUN_1_PASS_b,M,S,le billet avec la recette était brisé <eos>,6,brisé,brisée,4,F,brisé,-10.392229,brisée,-12.295614,1
11462,S_NOUN_1_PASS_b,M,S,le billet avec la recette était caché <eos>,6,caché,cachée,4,F,caché,-7.886775,cachée,-10.547544,1
11463,S_NOUN_1_PASS_b,M,S,le billet avec la recette était cassé <eos>,6,cassé,cassée,4,F,cassé,-8.6029625,cassée,-12.040961,1
11464,S_NOUN_1_PASS_b,M,S,le billet avec la recette était couvert <eos>,6,couvert,couverte,4,F,couvert,-7.6265717,couverte,-10.731392,1
11465,S_NOUN_1_PASS_b,M,S,le billet avec la recette était déformé <eos>,6,déformé,déformée,4,F,déformé,-11.87459,déformée,-12.697088,1
11466,S_NOUN_1_PASS_b,M,S,le billet avec la recette était fixé <eos>,6,fixé,fixée,4,F,fixé,-5.17741,fixée,-6.874489,1
11467,S_NOUN_1_PASS_b,M,S,le billet avec la recette était jeté <eos>,6,jeté,jetée,4,F,jeté,-9.167479,jetée,-11.761616,1
11468,S_NOUN_1_PASS_b,M,S,le billet avec la recette était laissé <eos>,6,laissé,laissée,4,F,laissé,-8.651772,laissée,-11.019506,1
11469,S_NOUN_1_PASS_b,M,S,le billet avec la recette était ouvert <eos>,6,ouvert,ouverte,4,F,ouvert,-7.634815,ouverte,-9.509629,1
11470,S_NOUN_1_PASS_b,M,S,le billet avec la recette était perdu <eos>,6,perdu,perdue,4,F,perdu,-7.837155,perdue,-10.295916,1
11471,S_NOUN_1_PASS_b,M,S,le billet avec la recette était réparé <eos>,6,réparé,réparée,4,F,réparé,-11.7981615,réparée,-13.768662,1
11472,S_NOUN_1_PASS_b,M,S,le billet avec la recette était retiré <eos>,6,retiré,retirée,4,F,retiré,-6.7723503,retirée,-10.537957,1
11473,S_NOUN_1_PASS_b,M,S,le billet avec la recette était tombé <eos>,6,tombé,tombée,4,F,tombé,-8.169512,tombée,-10.18988,1
11474,S_NOUN_1_PASS_b,M,S,le billet avec la recette était utilisé <eos>,6,utilisé,utilisée,4,F,utilisé,-4.8403754,utilisée,-8.063309,1
11475,S_NOUN_1_PASS_b,M,S,le billet avec la jupe était acheté <eos>,6,acheté,achetée,4,F,acheté,-8.400778,achetée,-10.777412,1
11476,S_NOUN_1_PASS_b,M,S,le billet avec la jupe était brisé <eos>,6,brisé,brisée,4,F,brisé,-8.706223,brisée,-10.513212,1
11477,S_NOUN_1_PASS_b,M,S,le billet avec la jupe était caché <eos>,6,caché,cachée,4,F,caché,-8.014316,cachée,-9.047808,1
11478,S_NOUN_1_PASS_b,M,S,le billet avec la jupe était cassé <eos>,6,cassé,cassée,4,F,cassé,-5.819617,cassée,-10.078085,1
11479,S_NOUN_1_PASS_b,M,S,le billet avec la jupe était couvert <eos>,6,couvert,couverte,4,F,couvert,-6.0686865,couverte,-8.208236,1
11480,S_NOUN_1_PASS_b,M,S,le billet avec la jupe était déformé <eos>,6,déformé,déformée,4,F,déformé,-9.962738,déformée,-10.090359,1
11481,S_NOUN_1_PASS_b,M,S,le billet avec la jupe était fixé <eos>,6,fixé,fixée,4,F,fixé,-5.078598,fixée,-7.0312157,1
11482,S_NOUN_1_PASS_b,M,S,le billet avec la jupe était jeté <eos>,6,jeté,jetée,4,F,jeté,-8.288284,jetée,-11.924696,1
11483,S_NOUN_1_PASS_b,M,S,le billet avec la jupe était laissé <eos>,6,laissé,laissée,4,F,laissé,-8.4619255,laissée,-10.565498,1
11484,S_NOUN_1_PASS_b,M,S,le billet avec la jupe était ouvert <eos>,6,ouvert,ouverte,4,F,ouvert,-7.2050295,ouverte,-7.9150286,1
11485,S_NOUN_1_PASS_b,M,S,le billet avec la jupe était perdu <eos>,6,perdu,perdue,4,F,perdu,-7.8894477,perdue,-10.680552,1
11486,S_NOUN_1_PASS_b,M,S,le billet avec la jupe était réparé <eos>,6,réparé,réparée,4,F,réparé,-11.5683155,réparée,-11.340668,0
11487,S_NOUN_1_PASS_b,M,S,le billet avec la jupe était retiré <eos>,6,retiré,retirée,4,F,retiré,-6.130029,retirée,-9.4465275,1
11488,S_NOUN_1_PASS_b,M,S,le billet avec la jupe était tombé <eos>,6,tombé,tombée,4,F,tombé,-7.805648,tombée,-10.07325,1
11489,S_NOUN_1_PASS_b,M,S,le billet avec la jupe était utilisé <eos>,6,utilisé,utilisée,4,F,utilisé,-4.99739,utilisée,-7.531912,1
11490,S_NOUN_1_PASS_b,M,S,le billet avec la colle était acheté <eos>,6,acheté,achetée,4,F,acheté,-5.6160107,achetée,-9.2334,1
11491,S_NOUN_1_PASS_b,M,S,le billet avec la colle était brisé <eos>,6,brisé,brisée,4,F,brisé,-9.099695,brisée,-11.578133,1
11492,S_NOUN_1_PASS_b,M,S,le billet avec la colle était caché <eos>,6,caché,cachée,4,F,caché,-6.564628,cachée,-9.578188,1
11493,S_NOUN_1_PASS_b,M,S,le billet avec la colle était cassé <eos>,6,cassé,cassée,4,F,cassé,-7.554341,cassée,-11.180656,1
11494,S_NOUN_1_PASS_b,M,S,le billet avec la colle était couvert <eos>,6,couvert,couverte,4,F,couvert,-6.550208,couverte,-9.668659,1
11495,S_NOUN_1_PASS_b,M,S,le billet avec la colle était déformé <eos>,6,déformé,déformée,4,F,déformé,-10.105969,déformée,-11.987341,1
11496,S_NOUN_1_PASS_b,M,S,le billet avec la colle était fixé <eos>,6,fixé,fixée,4,F,fixé,-5.4002666,fixée,-8.004795,1
11497,S_NOUN_1_PASS_b,M,S,le billet avec la colle était jeté <eos>,6,jeté,jetée,4,F,jeté,-7.8958483,jetée,-10.776565,1
11498,S_NOUN_1_PASS_b,M,S,le billet avec la colle était laissé <eos>,6,laissé,laissée,4,F,laissé,-7.6400127,laissée,-10.365578,1
11499,S_NOUN_1_PASS_b,M,S,le billet avec la colle était ouvert <eos>,6,ouvert,ouverte,4,F,ouvert,-6.776469,ouverte,-8.898865,1
11500,S_NOUN_1_PASS_b,M,S,le billet avec la colle était perdu <eos>,6,perdu,perdue,4,F,perdu,-7.0895643,perdue,-10.089872,1
11501,S_NOUN_1_PASS_b,M,S,le billet avec la colle était réparé <eos>,6,réparé,réparée,4,F,réparé,-9.825099,réparée,-13.175085,1
11502,S_NOUN_1_PASS_b,M,S,le billet avec la colle était retiré <eos>,6,retiré,retirée,4,F,retiré,-5.0079317,retirée,-9.585974,1
11503,S_NOUN_1_PASS_b,M,S,le billet avec la colle était tombé <eos>,6,tombé,tombée,4,F,tombé,-7.444131,tombée,-9.753613,1
11504,S_NOUN_1_PASS_b,M,S,le billet avec la colle était utilisé <eos>,6,utilisé,utilisée,4,F,utilisé,-3.164733,utilisée,-6.804695,1
11505,S_NOUN_1_PASS_b,M,S,le billet avec la lampe était acheté <eos>,6,acheté,achetée,4,F,acheté,-7.308877,achetée,-9.223941,1
11506,S_NOUN_1_PASS_b,M,S,le billet avec la lampe était brisé <eos>,6,brisé,brisée,4,F,brisé,-8.127216,brisée,-10.503102,1
11507,S_NOUN_1_PASS_b,M,S,le billet avec la lampe était caché <eos>,6,caché,cachée,4,F,caché,-7.1530085,cachée,-9.157982,1
11508,S_NOUN_1_PASS_b,M,S,le billet avec la lampe était cassé <eos>,6,cassé,cassée,4,F,cassé,-7.4571958,cassée,-10.715662,1
11509,S_NOUN_1_PASS_b,M,S,le billet avec la lampe était couvert <eos>,6,couvert,couverte,4,F,couvert,-6.5458946,couverte,-9.233086,1
11510,S_NOUN_1_PASS_b,M,S,le billet avec la lampe était déformé <eos>,6,déformé,déformée,4,F,déformé,-10.865238,déformée,-11.613592,1
11511,S_NOUN_1_PASS_b,M,S,le billet avec la lampe était fixé <eos>,6,fixé,fixée,4,F,fixé,-4.981081,fixée,-6.8428736,1
11512,S_NOUN_1_PASS_b,M,S,le billet avec la lampe était jeté <eos>,6,jeté,jetée,4,F,jeté,-7.7998495,jetée,-10.142525,1
11513,S_NOUN_1_PASS_b,M,S,le billet avec la lampe était laissé <eos>,6,laissé,laissée,4,F,laissé,-8.11408,laissée,-10.22466,1
11514,S_NOUN_1_PASS_b,M,S,le billet avec la lampe était ouvert <eos>,6,ouvert,ouverte,4,F,ouvert,-6.769656,ouverte,-8.63202,1
11515,S_NOUN_1_PASS_b,M,S,le billet avec la lampe était perdu <eos>,6,perdu,perdue,4,F,perdu,-7.60376,perdue,-10.514592,1
11516,S_NOUN_1_PASS_b,M,S,le billet avec la lampe était réparé <eos>,6,réparé,réparée,4,F,réparé,-9.795698,réparée,-11.804223,1
11517,S_NOUN_1_PASS_b,M,S,le billet avec la lampe était retiré <eos>,6,retiré,retirée,4,F,retiré,-6.2816386,retirée,-9.345705,1
11518,S_NOUN_1_PASS_b,M,S,le billet avec la lampe était tombé <eos>,6,tombé,tombée,4,F,tombé,-7.35672,tombée,-9.689884,1
11519,S_NOUN_1_PASS_b,M,S,le billet avec la lampe était utilisé <eos>,6,utilisé,utilisée,4,F,utilisé,-3.7208178,utilisée,-6.8498774,1
11520,S_NOUN_1_PASS_b,M,S,le billet avec la bouteille était acheté <eos>,6,acheté,achetée,4,F,acheté,-6.1689577,achetée,-9.167053,1
11521,S_NOUN_1_PASS_b,M,S,le billet avec la bouteille était brisé <eos>,6,brisé,brisée,4,F,brisé,-8.797951,brisée,-11.000353,1
11522,S_NOUN_1_PASS_b,M,S,le billet avec la bouteille était caché <eos>,6,caché,cachée,4,F,caché,-6.9999986,cachée,-9.574266,1
11523,S_NOUN_1_PASS_b,M,S,le billet avec la bouteille était cassé <eos>,6,cassé,cassée,4,F,cassé,-6.422,cassée,-10.229108,1
11524,S_NOUN_1_PASS_b,M,S,le billet avec la bouteille était couvert <eos>,6,couvert,couverte,4,F,couvert,-6.057563,couverte,-9.688911,1
11525,S_NOUN_1_PASS_b,M,S,le billet avec la bouteille était déformé <eos>,6,déformé,déformée,4,F,déformé,-10.1709385,déformée,-11.481933,1
11526,S_NOUN_1_PASS_b,M,S,le billet avec la bouteille était fixé <eos>,6,fixé,fixée,4,F,fixé,-4.6389413,fixée,-7.467278,1
11527,S_NOUN_1_PASS_b,M,S,le billet avec la bouteille était jeté <eos>,6,jeté,jetée,4,F,jeté,-7.306883,jetée,-9.886399,1
11528,S_NOUN_1_PASS_b,M,S,le billet avec la bouteille était laissé <eos>,6,laissé,laissée,4,F,laissé,-7.6894445,laissée,-10.053868,1
11529,S_NOUN_1_PASS_b,M,S,le billet avec la bouteille était ouvert <eos>,6,ouvert,ouverte,4,F,ouvert,-6.608975,ouverte,-8.905546,1
11530,S_NOUN_1_PASS_b,M,S,le billet avec la bouteille était perdu <eos>,6,perdu,perdue,4,F,perdu,-6.6350155,perdue,-9.95079,1
11531,S_NOUN_1_PASS_b,M,S,le billet avec la bouteille était réparé <eos>,6,réparé,réparée,4,F,réparé,-9.852406,réparée,-12.830559,1
11532,S_NOUN_1_PASS_b,M,S,le billet avec la bouteille était retiré <eos>,6,retiré,retirée,4,F,retiré,-5.3292713,retirée,-9.000721,1
11533,S_NOUN_1_PASS_b,M,S,le billet avec la bouteille était tombé <eos>,6,tombé,tombée,4,F,tombé,-7.6196785,tombée,-9.631342,1
11534,S_NOUN_1_PASS_b,M,S,le billet avec la bouteille était utilisé <eos>,6,utilisé,utilisée,4,F,utilisé,-4.150299,utilisée,-7.572277,1
11535,S_NOUN_1_PASS_b,M,S,le billet avec la boisson était acheté <eos>,6,acheté,achetée,4,F,acheté,-6.989905,achetée,-9.57599,1
11536,S_NOUN_1_PASS_b,M,S,le billet avec la boisson était brisé <eos>,6,brisé,brisée,4,F,brisé,-10.882717,brisée,-12.596992,1
11537,S_NOUN_1_PASS_b,M,S,le billet avec la boisson était caché <eos>,6,caché,cachée,4,F,caché,-8.342783,cachée,-10.791056,1
11538,S_NOUN_1_PASS_b,M,S,le billet avec la boisson était cassé <eos>,6,cassé,cassée,4,F,cassé,-8.431681,cassée,-12.444873,1
11539,S_NOUN_1_PASS_b,M,S,le billet avec la boisson était couvert <eos>,6,couvert,couverte,4,F,couvert,-7.956749,couverte,-10.88589,1
11540,S_NOUN_1_PASS_b,M,S,le billet avec la boisson était déformé <eos>,6,déformé,déformée,4,F,déformé,-11.001596,déformée,-12.615971,1
11541,S_NOUN_1_PASS_b,M,S,le billet avec la boisson était fixé <eos>,6,fixé,fixée,4,F,fixé,-6.4109993,fixée,-8.168562,1
11542,S_NOUN_1_PASS_b,M,S,le billet avec la boisson était jeté <eos>,6,jeté,jetée,4,F,jeté,-8.54981,jetée,-10.977699,1
11543,S_NOUN_1_PASS_b,M,S,le billet avec la boisson était laissé <eos>,6,laissé,laissée,4,F,laissé,-8.602684,laissée,-10.798423,1
11544,S_NOUN_1_PASS_b,M,S,le billet avec la boisson était ouvert <eos>,6,ouvert,ouverte,4,F,ouvert,-8.003261,ouverte,-9.618241,1
11545,S_NOUN_1_PASS_b,M,S,le billet avec la boisson était perdu <eos>,6,perdu,perdue,4,F,perdu,-7.852398,perdue,-10.193454,1
11546,S_NOUN_1_PASS_b,M,S,le billet avec la boisson était réparé <eos>,6,réparé,réparée,4,F,réparé,-11.124059,réparée,-13.704584,1
11547,S_NOUN_1_PASS_b,M,S,le billet avec la boisson était retiré <eos>,6,retiré,retirée,4,F,retiré,-5.959343,retirée,-9.871426,1
11548,S_NOUN_1_PASS_b,M,S,le billet avec la boisson était tombé <eos>,6,tombé,tombée,4,F,tombé,-7.859845,tombée,-9.4717655,1
11549,S_NOUN_1_PASS_b,M,S,le billet avec la boisson était utilisé <eos>,6,utilisé,utilisée,4,F,utilisé,-3.8796532,utilisée,-6.9295435,1
11550,S_NOUN_1_PASS_b,M,S,le billet avec la pomme était acheté <eos>,6,acheté,achetée,4,F,acheté,-7.016445,achetée,-10.517726,1
11551,S_NOUN_1_PASS_b,M,S,le billet avec la pomme était brisé <eos>,6,brisé,brisée,4,F,brisé,-8.2311325,brisée,-11.690804,1
11552,S_NOUN_1_PASS_b,M,S,le billet avec la pomme était caché <eos>,6,caché,cachée,4,F,caché,-7.5118484,cachée,-11.2986145,1
11553,S_NOUN_1_PASS_b,M,S,le billet avec la pomme était cassé <eos>,6,cassé,cassée,4,F,cassé,-7.6384993,cassée,-11.639593,1
11554,S_NOUN_1_PASS_b,M,S,le billet avec la pomme était couvert <eos>,6,couvert,couverte,4,F,couvert,-6.2204275,couverte,-10.050231,1
11555,S_NOUN_1_PASS_b,M,S,le billet avec la pomme était déformé <eos>,6,déformé,déformée,4,F,déformé,-10.471033,déformée,-12.016014,1
11556,S_NOUN_1_PASS_b,M,S,le billet avec la pomme était fixé <eos>,6,fixé,fixée,4,F,fixé,-5.831731,fixée,-8.663823,1
11557,S_NOUN_1_PASS_b,M,S,le billet avec la pomme était jeté <eos>,6,jeté,jetée,4,F,jeté,-7.9824038,jetée,-10.939684,1
11558,S_NOUN_1_PASS_b,M,S,le billet avec la pomme était laissé <eos>,6,laissé,laissée,4,F,laissé,-8.229908,laissée,-10.747687,1
11559,S_NOUN_1_PASS_b,M,S,le billet avec la pomme était ouvert <eos>,6,ouvert,ouverte,4,F,ouvert,-6.9003816,ouverte,-9.623044,1
11560,S_NOUN_1_PASS_b,M,S,le billet avec la pomme était perdu <eos>,6,perdu,perdue,4,F,perdu,-7.82124,perdue,-11.004787,1
11561,S_NOUN_1_PASS_b,M,S,le billet avec la pomme était réparé <eos>,6,réparé,réparée,4,F,réparé,-9.603458,réparée,-13.349361,1
11562,S_NOUN_1_PASS_b,M,S,le billet avec la pomme était retiré <eos>,6,retiré,retirée,4,F,retiré,-5.7948923,retirée,-10.599361,1
11563,S_NOUN_1_PASS_b,M,S,le billet avec la pomme était tombé <eos>,6,tombé,tombée,4,F,tombé,-7.4598875,tombée,-10.2908535,1
11564,S_NOUN_1_PASS_b,M,S,le billet avec la pomme était utilisé <eos>,6,utilisé,utilisée,4,F,utilisé,-3.6380377,utilisée,-7.387353,1
11565,S_NOUN_1_PASS_b,M,S,le billet avec la tasse était acheté <eos>,6,acheté,achetée,4,F,acheté,-6.440196,achetée,-9.31669,1
11566,S_NOUN_1_PASS_b,M,S,le billet avec la tasse était brisé <eos>,6,brisé,brisée,4,F,brisé,-8.4934,brisée,-11.594697,1
11567,S_NOUN_1_PASS_b,M,S,le billet avec la tasse était caché <eos>,6,caché,cachée,4,F,caché,-6.354685,cachée,-9.90449,1
11568,S_NOUN_1_PASS_b,M,S,le billet avec la tasse était cassé <eos>,6,cassé,cassée,4,F,cassé,-6.7770014,cassée,-10.662077,1
11569,S_NOUN_1_PASS_b,M,S,le billet avec la tasse était couvert <eos>,6,couvert,couverte,4,F,couvert,-6.0604715,couverte,-9.2259445,1
11570,S_NOUN_1_PASS_b,M,S,le billet avec la tasse était déformé <eos>,6,déformé,déformée,4,F,déformé,-10.65978,déformée,-11.710318,1
11571,S_NOUN_1_PASS_b,M,S,le billet avec la tasse était fixé <eos>,6,fixé,fixée,4,F,fixé,-5.103239,fixée,-7.4498787,1
11572,S_NOUN_1_PASS_b,M,S,le billet avec la tasse était jeté <eos>,6,jeté,jetée,4,F,jeté,-7.2823505,jetée,-10.807737,1
11573,S_NOUN_1_PASS_b,M,S,le billet avec la tasse était laissé <eos>,6,laissé,laissée,4,F,laissé,-7.8702736,laissée,-10.136907,1
11574,S_NOUN_1_PASS_b,M,S,le billet avec la tasse était ouvert <eos>,6,ouvert,ouverte,4,F,ouvert,-6.006156,ouverte,-8.056405,1
11575,S_NOUN_1_PASS_b,M,S,le billet avec la tasse était perdu <eos>,6,perdu,perdue,4,F,perdu,-7.6284366,perdue,-10.838642,1
11576,S_NOUN_1_PASS_b,M,S,le billet avec la tasse était réparé <eos>,6,réparé,réparée,4,F,réparé,-10.25541,réparée,-12.878016,1
11577,S_NOUN_1_PASS_b,M,S,le billet avec la tasse était retiré <eos>,6,retiré,retirée,4,F,retiré,-5.47127,retirée,-9.336071,1
11578,S_NOUN_1_PASS_b,M,S,le billet avec la tasse était tombé <eos>,6,tombé,tombée,4,F,tombé,-7.3864284,tombée,-9.95418,1
11579,S_NOUN_1_PASS_b,M,S,le billet avec la tasse était utilisé <eos>,6,utilisé,utilisée,4,F,utilisé,-3.2805831,utilisée,-6.489355,1
11580,S_NOUN_1_PASS_b,M,S,le billet avec la bougie était acheté <eos>,6,acheté,achetée,4,F,acheté,-7.0226483,achetée,-10.2865715,1
11581,S_NOUN_1_PASS_b,M,S,le billet avec la bougie était brisé <eos>,6,brisé,brisée,4,F,brisé,-8.641407,brisée,-11.655408,1
11582,S_NOUN_1_PASS_b,M,S,le billet avec la bougie était caché <eos>,6,caché,cachée,4,F,caché,-6.658942,cachée,-10.0389185,1
11583,S_NOUN_1_PASS_b,M,S,le billet avec la bougie était cassé <eos>,6,cassé,cassée,4,F,cassé,-6.7428536,cassée,-11.4542465,1
11584,S_NOUN_1_PASS_b,M,S,le billet avec la bougie était couvert <eos>,6,couvert,couverte,4,F,couvert,-6.9372826,couverte,-10.474935,1
11585,S_NOUN_1_PASS_b,M,S,le billet avec la bougie était déformé <eos>,6,déformé,déformée,4,F,déformé,-10.764755,déformée,-12.275074,1
11586,S_NOUN_1_PASS_b,M,S,le billet avec la bougie était fixé <eos>,6,fixé,fixée,4,F,fixé,-5.3855286,fixée,-8.154685,1
11587,S_NOUN_1_PASS_b,M,S,le billet avec la bougie était jeté <eos>,6,jeté,jetée,4,F,jeté,-7.9644537,jetée,-10.920634,1
11588,S_NOUN_1_PASS_b,M,S,le billet avec la bougie était laissé <eos>,6,laissé,laissée,4,F,laissé,-8.136513,laissée,-11.100674,1
11589,S_NOUN_1_PASS_b,M,S,le billet avec la bougie était ouvert <eos>,6,ouvert,ouverte,4,F,ouvert,-7.0422974,ouverte,-9.724688,1
11590,S_NOUN_1_PASS_b,M,S,le billet avec la bougie était perdu <eos>,6,perdu,perdue,4,F,perdu,-6.8189974,perdue,-9.5948105,1
11591,S_NOUN_1_PASS_b,M,S,le billet avec la bougie était réparé <eos>,6,réparé,réparée,4,F,réparé,-9.891503,réparée,-12.34652,1
11592,S_NOUN_1_PASS_b,M,S,le billet avec la bougie était retiré <eos>,6,retiré,retirée,4,F,retiré,-5.6164565,retirée,-9.560157,1
11593,S_NOUN_1_PASS_b,M,S,le billet avec la bougie était tombé <eos>,6,tombé,tombée,4,F,tombé,-7.212229,tombée,-9.812714,1
11594,S_NOUN_1_PASS_b,M,S,le billet avec la bougie était utilisé <eos>,6,utilisé,utilisée,4,F,utilisé,-3.5668368,utilisée,-7.298427,1
11595,S_NOUN_1_PASS_b,M,S,le billet avec la pochette était acheté <eos>,6,acheté,achetée,4,F,acheté,-7.3372097,achetée,-9.7164955,1
11596,S_NOUN_1_PASS_b,M,S,le billet avec la pochette était brisé <eos>,6,brisé,brisée,4,F,brisé,-10.514574,brisée,-12.745255,1
11597,S_NOUN_1_PASS_b,M,S,le billet avec la pochette était caché <eos>,6,caché,cachée,4,F,caché,-7.933987,cachée,-10.231161,1
11598,S_NOUN_1_PASS_b,M,S,le billet avec la pochette était cassé <eos>,6,cassé,cassée,4,F,cassé,-8.344385,cassée,-11.958226,1
11599,S_NOUN_1_PASS_b,M,S,le billet avec la pochette était couvert <eos>,6,couvert,couverte,4,F,couvert,-8.115108,couverte,-10.388948,1
11600,S_NOUN_1_PASS_b,M,S,le billet avec la pochette était déformé <eos>,6,déformé,déformée,4,F,déformé,-10.358987,déformée,-11.177303,1
11601,S_NOUN_1_PASS_b,M,S,le billet avec la pochette était fixé <eos>,6,fixé,fixée,4,F,fixé,-6.1426964,fixée,-7.64771,1
11602,S_NOUN_1_PASS_b,M,S,le billet avec la pochette était jeté <eos>,6,jeté,jetée,4,F,jeté,-9.703511,jetée,-12.948767,1
11603,S_NOUN_1_PASS_b,M,S,le billet avec la pochette était laissé <eos>,6,laissé,laissée,4,F,laissé,-8.495478,laissée,-10.939638,1
11604,S_NOUN_1_PASS_b,M,S,le billet avec la pochette était ouvert <eos>,6,ouvert,ouverte,4,F,ouvert,-8.593137,ouverte,-9.947832,1
11605,S_NOUN_1_PASS_b,M,S,le billet avec la pochette était perdu <eos>,6,perdu,perdue,4,F,perdu,-7.8095813,perdue,-11.326078,1
11606,S_NOUN_1_PASS_b,M,S,le billet avec la pochette était réparé <eos>,6,réparé,réparée,4,F,réparé,-11.865442,réparée,-13.326931,1
11607,S_NOUN_1_PASS_b,M,S,le billet avec la pochette était retiré <eos>,6,retiré,retirée,4,F,retiré,-5.6000376,retirée,-8.960532,1
11608,S_NOUN_1_PASS_b,M,S,le billet avec la pochette était tombé <eos>,6,tombé,tombée,4,F,tombé,-7.905098,tombée,-10.200785,1
11609,S_NOUN_1_PASS_b,M,S,le billet avec la pochette était utilisé <eos>,6,utilisé,utilisée,4,F,utilisé,-6.0704026,utilisée,-8.457165,1
11610,S_NOUN_1_PASS_b,M,S,le billet avec la banane était acheté <eos>,6,acheté,achetée,4,F,acheté,-6.8841424,achetée,-10.595553,1
11611,S_NOUN_1_PASS_b,M,S,le billet avec la banane était brisé <eos>,6,brisé,brisée,4,F,brisé,-9.418653,brisée,-12.6611805,1
11612,S_NOUN_1_PASS_b,M,S,le billet avec la banane était caché <eos>,6,caché,cachée,4,F,caché,-7.9829755,cachée,-11.264072,1
11613,S_NOUN_1_PASS_b,M,S,le billet avec la banane était cassé <eos>,6,cassé,cassée,4,F,cassé,-7.380728,cassée,-12.171657,1
11614,S_NOUN_1_PASS_b,M,S,le billet avec la banane était couvert <eos>,6,couvert,couverte,4,F,couvert,-7.249264,couverte,-10.25833,1
11615,S_NOUN_1_PASS_b,M,S,le billet avec la banane était déformé <eos>,6,déformé,déformée,4,F,déformé,-11.217087,déformée,-12.920229,1
11616,S_NOUN_1_PASS_b,M,S,le billet avec la banane était fixé <eos>,6,fixé,fixée,4,F,fixé,-5.6070676,fixée,-7.888064,1
11617,S_NOUN_1_PASS_b,M,S,le billet avec la banane était jeté <eos>,6,jeté,jetée,4,F,jeté,-8.205793,jetée,-11.279371,1
11618,S_NOUN_1_PASS_b,M,S,le billet avec la banane était laissé <eos>,6,laissé,laissée,4,F,laissé,-9.372836,laissée,-11.728006,1
11619,S_NOUN_1_PASS_b,M,S,le billet avec la banane était ouvert <eos>,6,ouvert,ouverte,4,F,ouvert,-7.4644046,ouverte,-9.456849,1
11620,S_NOUN_1_PASS_b,M,S,le billet avec la banane était perdu <eos>,6,perdu,perdue,4,F,perdu,-8.030367,perdue,-11.000383,1
11621,S_NOUN_1_PASS_b,M,S,le billet avec la banane était réparé <eos>,6,réparé,réparée,4,F,réparé,-10.2957945,réparée,-13.70572,1
11622,S_NOUN_1_PASS_b,M,S,le billet avec la banane était retiré <eos>,6,retiré,retirée,4,F,retiré,-5.821486,retirée,-10.705314,1
11623,S_NOUN_1_PASS_b,M,S,le billet avec la banane était tombé <eos>,6,tombé,tombée,4,F,tombé,-7.5821505,tombée,-10.40201,1
11624,S_NOUN_1_PASS_b,M,S,le billet avec la banane était utilisé <eos>,6,utilisé,utilisée,4,F,utilisé,-2.8951423,utilisée,-6.489621,1
11625,S_NOUN_1_PASS_b,M,S,le billet avec la robe était acheté <eos>,6,acheté,achetée,4,F,acheté,-7.417227,achetée,-9.750422,1
11626,S_NOUN_1_PASS_b,M,S,le billet avec la robe était brisé <eos>,6,brisé,brisée,4,F,brisé,-9.740265,brisée,-12.222785,1
11627,S_NOUN_1_PASS_b,M,S,le billet avec la robe était caché <eos>,6,caché,cachée,4,F,caché,-8.271331,cachée,-10.541269,1
11628,S_NOUN_1_PASS_b,M,S,le billet avec la robe était cassé <eos>,6,cassé,cassée,4,F,cassé,-6.980275,cassée,-11.467245,1
11629,S_NOUN_1_PASS_b,M,S,le billet avec la robe était couvert <eos>,6,couvert,couverte,4,F,couvert,-7.25409,couverte,-9.154041,1
11630,S_NOUN_1_PASS_b,M,S,le billet avec la robe était déformé <eos>,6,déformé,déformée,4,F,déformé,-10.284708,déformée,-11.395357,1
11631,S_NOUN_1_PASS_b,M,S,le billet avec la robe était fixé <eos>,6,fixé,fixée,4,F,fixé,-5.0641813,fixée,-6.922783,1
11632,S_NOUN_1_PASS_b,M,S,le billet avec la robe était jeté <eos>,6,jeté,jetée,4,F,jeté,-8.372248,jetée,-12.75411,1
11633,S_NOUN_1_PASS_b,M,S,le billet avec la robe était laissé <eos>,6,laissé,laissée,4,F,laissé,-8.636766,laissée,-11.267392,1
11634,S_NOUN_1_PASS_b,M,S,le billet avec la robe était ouvert <eos>,6,ouvert,ouverte,4,F,ouvert,-7.5462074,ouverte,-8.902745,1
11635,S_NOUN_1_PASS_b,M,S,le billet avec la robe était perdu <eos>,6,perdu,perdue,4,F,perdu,-8.15029,perdue,-11.420735,1
11636,S_NOUN_1_PASS_b,M,S,le billet avec la robe était réparé <eos>,6,réparé,réparée,4,F,réparé,-12.235746,réparée,-13.305149,1
11637,S_NOUN_1_PASS_b,M,S,le billet avec la robe était retiré <eos>,6,retiré,retirée,4,F,retiré,-5.5045176,retirée,-9.442975,1
11638,S_NOUN_1_PASS_b,M,S,le billet avec la robe était tombé <eos>,6,tombé,tombée,4,F,tombé,-8.257017,tombée,-9.564476,1
11639,S_NOUN_1_PASS_b,M,S,le billet avec la robe était utilisé <eos>,6,utilisé,utilisée,4,F,utilisé,-4.2180204,utilisée,-7.1981745,1
11640,S_NOUN_1_PASS_b,M,S,le billet avec la valise était acheté <eos>,6,acheté,achetée,4,F,acheté,-4.9191113,achetée,-9.002448,1
11641,S_NOUN_1_PASS_b,M,S,le billet avec la valise était brisé <eos>,6,brisé,brisée,4,F,brisé,-7.6526556,brisée,-10.393273,1
11642,S_NOUN_1_PASS_b,M,S,le billet avec la valise était caché <eos>,6,caché,cachée,4,F,caché,-5.324436,cachée,-8.609943,1
11643,S_NOUN_1_PASS_b,M,S,le billet avec la valise était cassé <eos>,6,cassé,cassée,4,F,cassé,-7.0254745,cassée,-9.769746,1
11644,S_NOUN_1_PASS_b,M,S,le billet avec la valise était couvert <eos>,6,couvert,couverte,4,F,couvert,-5.956711,couverte,-9.062174,1
11645,S_NOUN_1_PASS_b,M,S,le billet avec la valise était déformé <eos>,6,déformé,déformée,4,F,déformé,-10.7639675,déformée,-12.154932,1
11646,S_NOUN_1_PASS_b,M,S,le billet avec la valise était fixé <eos>,6,fixé,fixée,4,F,fixé,-6.218854,fixée,-7.5123816,1
11647,S_NOUN_1_PASS_b,M,S,le billet avec la valise était jeté <eos>,6,jeté,jetée,4,F,jeté,-7.117247,jetée,-11.140926,1
11648,S_NOUN_1_PASS_b,M,S,le billet avec la valise était laissé <eos>,6,laissé,laissée,4,F,laissé,-7.068675,laissée,-9.716492,1
11649,S_NOUN_1_PASS_b,M,S,le billet avec la valise était ouvert <eos>,6,ouvert,ouverte,4,F,ouvert,-5.452938,ouverte,-7.2468395,1
11650,S_NOUN_1_PASS_b,M,S,le billet avec la valise était perdu <eos>,6,perdu,perdue,4,F,perdu,-5.801416,perdue,-9.438362,1
11651,S_NOUN_1_PASS_b,M,S,le billet avec la valise était réparé <eos>,6,réparé,réparée,4,F,réparé,-9.925218,réparée,-12.702313,1
11652,S_NOUN_1_PASS_b,M,S,le billet avec la valise était retiré <eos>,6,retiré,retirée,4,F,retiré,-4.233412,retirée,-7.9703465,1
11653,S_NOUN_1_PASS_b,M,S,le billet avec la valise était tombé <eos>,6,tombé,tombée,4,F,tombé,-6.856082,tombée,-8.58821,1
11654,S_NOUN_1_PASS_b,M,S,le billet avec la valise était utilisé <eos>,6,utilisé,utilisée,4,F,utilisé,-5.4967484,utilisée,-8.596111,1
11655,S_NOUN_1_PASS_b,M,S,le billet avec la pendule était acheté <eos>,6,acheté,achetée,4,F,acheté,-7.769251,achetée,-10.51148,1
11656,S_NOUN_1_PASS_b,M,S,le billet avec la pendule était brisé <eos>,6,brisé,brisée,4,F,brisé,-8.311544,brisée,-9.840088,1
11657,S_NOUN_1_PASS_b,M,S,le billet avec la pendule était caché <eos>,6,caché,cachée,4,F,caché,-7.018147,cachée,-8.951096,1
11658,S_NOUN_1_PASS_b,M,S,le billet avec la pendule était cassé <eos>,6,cassé,cassée,4,F,cassé,-6.1688914,cassée,-9.326427,1
11659,S_NOUN_1_PASS_b,M,S,le billet avec la pendule était couvert <eos>,6,couvert,couverte,4,F,couvert,-6.373416,couverte,-8.55568,1
11660,S_NOUN_1_PASS_b,M,S,le billet avec la pendule était déformé <eos>,6,déformé,déformée,4,F,déformé,-10.421556,déformée,-11.239585,1
11661,S_NOUN_1_PASS_b,M,S,le billet avec la pendule était fixé <eos>,6,fixé,fixée,4,F,fixé,-4.227171,fixée,-5.3817854,1
11662,S_NOUN_1_PASS_b,M,S,le billet avec la pendule était jeté <eos>,6,jeté,jetée,4,F,jeté,-8.240676,jetée,-11.731066,1
11663,S_NOUN_1_PASS_b,M,S,le billet avec la pendule était laissé <eos>,6,laissé,laissée,4,F,laissé,-8.719454,laissée,-10.897863,1
11664,S_NOUN_1_PASS_b,M,S,le billet avec la pendule était ouvert <eos>,6,ouvert,ouverte,4,F,ouvert,-6.5081205,ouverte,-8.283025,1
11665,S_NOUN_1_PASS_b,M,S,le billet avec la pendule était perdu <eos>,6,perdu,perdue,4,F,perdu,-8.491679,perdue,-10.262645,1
11666,S_NOUN_1_PASS_b,M,S,le billet avec la pendule était réparé <eos>,6,réparé,réparée,4,F,réparé,-10.700917,réparée,-11.476627,1
11667,S_NOUN_1_PASS_b,M,S,le billet avec la pendule était retiré <eos>,6,retiré,retirée,4,F,retiré,-5.3237753,retirée,-9.286833,1
11668,S_NOUN_1_PASS_b,M,S,le billet avec la pendule était tombé <eos>,6,tombé,tombée,4,F,tombé,-7.4947805,tombée,-10.946285,1
11669,S_NOUN_1_PASS_b,M,S,le billet avec la pendule était utilisé <eos>,6,utilisé,utilisée,4,F,utilisé,-4.0703416,utilisée,-7.003308,1
11670,S_NOUN_1_PASS_b,M,S,le billet avec la cloche était acheté <eos>,6,acheté,achetée,4,F,acheté,-6.606409,achetée,-9.253742,1
11671,S_NOUN_1_PASS_b,M,S,le billet avec la cloche était brisé <eos>,6,brisé,brisée,4,F,brisé,-8.256047,brisée,-10.676151,1
11672,S_NOUN_1_PASS_b,M,S,le billet avec la cloche était caché <eos>,6,caché,cachée,4,F,caché,-6.4945917,cachée,-8.865107,1
11673,S_NOUN_1_PASS_b,M,S,le billet avec la cloche était cassé <eos>,6,cassé,cassée,4,F,cassé,-7.7570887,cassée,-11.052277,1
11674,S_NOUN_1_PASS_b,M,S,le billet avec la cloche était couvert <eos>,6,couvert,couverte,4,F,couvert,-6.291796,couverte,-9.380518,1
11675,S_NOUN_1_PASS_b,M,S,le billet avec la cloche était déformé <eos>,6,déformé,déformée,4,F,déformé,-11.493465,déformée,-12.323255,1
11676,S_NOUN_1_PASS_b,M,S,le billet avec la cloche était fixé <eos>,6,fixé,fixée,4,F,fixé,-5.5170317,fixée,-7.607768,1
11677,S_NOUN_1_PASS_b,M,S,le billet avec la cloche était jeté <eos>,6,jeté,jetée,4,F,jeté,-7.848568,jetée,-10.120714,1
11678,S_NOUN_1_PASS_b,M,S,le billet avec la cloche était laissé <eos>,6,laissé,laissée,4,F,laissé,-7.7920704,laissée,-10.613209,1
11679,S_NOUN_1_PASS_b,M,S,le billet avec la cloche était ouvert <eos>,6,ouvert,ouverte,4,F,ouvert,-6.799573,ouverte,-8.946727,1
11680,S_NOUN_1_PASS_b,M,S,le billet avec la cloche était perdu <eos>,6,perdu,perdue,4,F,perdu,-6.7324705,perdue,-9.890571,1
11681,S_NOUN_1_PASS_b,M,S,le billet avec la cloche était réparé <eos>,6,réparé,réparée,4,F,réparé,-8.493064,réparée,-10.654098,1
11682,S_NOUN_1_PASS_b,M,S,le billet avec la cloche était retiré <eos>,6,retiré,retirée,4,F,retiré,-5.643799,retirée,-10.083269,1
11683,S_NOUN_1_PASS_b,M,S,le billet avec la cloche était tombé <eos>,6,tombé,tombée,4,F,tombé,-7.0565968,tombée,-8.976609,1
11684,S_NOUN_1_PASS_b,M,S,le billet avec la cloche était utilisé <eos>,6,utilisé,utilisée,4,F,utilisé,-4.377035,utilisée,-7.2999496,1
11685,S_NOUN_1_PASS_b,M,S,le billet avec la cerise était acheté <eos>,6,acheté,achetée,4,F,acheté,-7.2815857,achetée,-11.710194,1
11686,S_NOUN_1_PASS_b,M,S,le billet avec la cerise était brisé <eos>,6,brisé,brisée,4,F,brisé,-9.95304,brisée,-13.925254,1
11687,S_NOUN_1_PASS_b,M,S,le billet avec la cerise était caché <eos>,6,caché,cachée,4,F,caché,-8.006909,cachée,-12.398642,1
11688,S_NOUN_1_PASS_b,M,S,le billet avec la cerise était cassé <eos>,6,cassé,cassée,4,F,cassé,-7.4905653,cassée,-12.475536,1
11689,S_NOUN_1_PASS_b,M,S,le billet avec la cerise était couvert <eos>,6,couvert,couverte,4,F,couvert,-6.379618,couverte,-10.47118,1
11690,S_NOUN_1_PASS_b,M,S,le billet avec la cerise était déformé <eos>,6,déformé,déformée,4,F,déformé,-10.791117,déformée,-13.075382,1
11691,S_NOUN_1_PASS_b,M,S,le billet avec la cerise était fixé <eos>,6,fixé,fixée,4,F,fixé,-5.905528,fixée,-9.575773,1
11692,S_NOUN_1_PASS_b,M,S,le billet avec la cerise était jeté <eos>,6,jeté,jetée,4,F,jeté,-9.104183,jetée,-11.947136,1
11693,S_NOUN_1_PASS_b,M,S,le billet avec la cerise était laissé <eos>,6,laissé,laissée,4,F,laissé,-8.79077,laissée,-12.306705,1
11694,S_NOUN_1_PASS_b,M,S,le billet avec la cerise était ouvert <eos>,6,ouvert,ouverte,4,F,ouvert,-7.472243,ouverte,-10.777104,1
11695,S_NOUN_1_PASS_b,M,S,le billet avec la cerise était perdu <eos>,6,perdu,perdue,4,F,perdu,-7.7630405,perdue,-12.067794,1
11696,S_NOUN_1_PASS_b,M,S,le billet avec la cerise était réparé <eos>,6,réparé,réparée,4,F,réparé,-11.693602,réparée,-15.525535,1
11697,S_NOUN_1_PASS_b,M,S,le billet avec la cerise était retiré <eos>,6,retiré,retirée,4,F,retiré,-6.914303,retirée,-11.671841,1
11698,S_NOUN_1_PASS_b,M,S,le billet avec la cerise était tombé <eos>,6,tombé,tombée,4,F,tombé,-7.4372277,tombée,-10.792479,1
11699,S_NOUN_1_PASS_b,M,S,le billet avec la cerise était utilisé <eos>,6,utilisé,utilisée,4,F,utilisé,-3.7299144,utilisée,-7.4681635,1
11700,S_NOUN_1_PASS_b,M,S,le légume avec la gemme était acheté <eos>,6,acheté,achetée,4,F,acheté,-8.644712,achetée,-11.622031,1
11701,S_NOUN_1_PASS_b,M,S,le légume avec la gemme était brisé <eos>,6,brisé,brisée,4,F,brisé,-9.881322,brisée,-12.68425,1
11702,S_NOUN_1_PASS_b,M,S,le légume avec la gemme était caché <eos>,6,caché,cachée,4,F,caché,-8.472894,cachée,-10.204447,1
11703,S_NOUN_1_PASS_b,M,S,le légume avec la gemme était cassé <eos>,6,cassé,cassée,4,F,cassé,-8.812637,cassée,-11.927528,1
11704,S_NOUN_1_PASS_b,M,S,le légume avec la gemme était couvert <eos>,6,couvert,couverte,4,F,couvert,-6.6507616,couverte,-8.958196,1
11705,S_NOUN_1_PASS_b,M,S,le légume avec la gemme était déformé <eos>,6,déformé,déformée,4,F,déformé,-11.870666,déformée,-13.015698,1
11706,S_NOUN_1_PASS_b,M,S,le légume avec la gemme était fixé <eos>,6,fixé,fixée,4,F,fixé,-5.894469,fixée,-7.7967105,1
11707,S_NOUN_1_PASS_b,M,S,le légume avec la gemme était jeté <eos>,6,jeté,jetée,4,F,jeté,-9.14885,jetée,-10.523476,1
11708,S_NOUN_1_PASS_b,M,S,le légume avec la gemme était laissé <eos>,6,laissé,laissée,4,F,laissé,-8.801638,laissée,-9.728207,1
11709,S_NOUN_1_PASS_b,M,S,le légume avec la gemme était ouvert <eos>,6,ouvert,ouverte,4,F,ouvert,-7.751113,ouverte,-9.319545,1
11710,S_NOUN_1_PASS_b,M,S,le légume avec la gemme était perdu <eos>,6,perdu,perdue,4,F,perdu,-9.214525,perdue,-11.771456,1
11711,S_NOUN_1_PASS_b,M,S,le légume avec la gemme était réparé <eos>,6,réparé,réparée,4,F,réparé,-11.27679,réparée,-14.588747,1
11712,S_NOUN_1_PASS_b,M,S,le légume avec la gemme était retiré <eos>,6,retiré,retirée,4,F,retiré,-7.7447596,retirée,-11.498093,1
11713,S_NOUN_1_PASS_b,M,S,le légume avec la gemme était tombé <eos>,6,tombé,tombée,4,F,tombé,-8.604082,tombée,-9.602678,1
11714,S_NOUN_1_PASS_b,M,S,le légume avec la gemme était utilisé <eos>,6,utilisé,utilisée,4,F,utilisé,-2.7034671,utilisée,-5.3201103,1
11715,S_NOUN_1_PASS_b,M,S,le légume avec la chaise était acheté <eos>,6,acheté,achetée,4,F,acheté,-9.187418,achetée,-11.188491,1
11716,S_NOUN_1_PASS_b,M,S,le légume avec la chaise était brisé <eos>,6,brisé,brisée,4,F,brisé,-9.315413,brisée,-11.349489,1
11717,S_NOUN_1_PASS_b,M,S,le légume avec la chaise était caché <eos>,6,caché,cachée,4,F,caché,-9.000075,cachée,-10.426781,1
11718,S_NOUN_1_PASS_b,M,S,le légume avec la chaise était cassé <eos>,6,cassé,cassée,4,F,cassé,-8.591786,cassée,-10.208525,1
11719,S_NOUN_1_PASS_b,M,S,le légume avec la chaise était couvert <eos>,6,couvert,couverte,4,F,couvert,-6.3862486,couverte,-7.8347816,1
11720,S_NOUN_1_PASS_b,M,S,le légume avec la chaise était déformé <eos>,6,déformé,déformée,4,F,déformé,-11.13206,déformée,-11.493773,1
11721,S_NOUN_1_PASS_b,M,S,le légume avec la chaise était fixé <eos>,6,fixé,fixée,4,F,fixé,-7.23701,fixée,-7.3039455,1
11722,S_NOUN_1_PASS_b,M,S,le légume avec la chaise était jeté <eos>,6,jeté,jetée,4,F,jeté,-8.903217,jetée,-10.032392,1
11723,S_NOUN_1_PASS_b,M,S,le légume avec la chaise était laissé <eos>,6,laissé,laissée,4,F,laissé,-8.794834,laissée,-9.728375,1
11724,S_NOUN_1_PASS_b,M,S,le légume avec la chaise était ouvert <eos>,6,ouvert,ouverte,4,F,ouvert,-6.6849337,ouverte,-7.408122,1
11725,S_NOUN_1_PASS_b,M,S,le légume avec la chaise était perdu <eos>,6,perdu,perdue,4,F,perdu,-9.438372,perdue,-11.052166,1
11726,S_NOUN_1_PASS_b,M,S,le légume avec la chaise était réparé <eos>,6,réparé,réparée,4,F,réparé,-10.970038,réparée,-12.768951,1
11727,S_NOUN_1_PASS_b,M,S,le légume avec la chaise était retiré <eos>,6,retiré,retirée,4,F,retiré,-7.8659,retirée,-11.11381,1
11728,S_NOUN_1_PASS_b,M,S,le légume avec la chaise était tombé <eos>,6,tombé,tombée,4,F,tombé,-8.518664,tombée,-9.546235,1
11729,S_NOUN_1_PASS_b,M,S,le légume avec la chaise était utilisé <eos>,6,utilisé,utilisée,4,F,utilisé,-3.2254,utilisée,-5.209405,1
11730,S_NOUN_1_PASS_b,M,S,le légume avec la poubelle était acheté <eos>,6,acheté,achetée,4,F,acheté,-7.61472,achetée,-10.678957,1
11731,S_NOUN_1_PASS_b,M,S,le légume avec la poubelle était brisé <eos>,6,brisé,brisée,4,F,brisé,-8.809668,brisée,-11.586435,1
11732,S_NOUN_1_PASS_b,M,S,le légume avec la poubelle était caché <eos>,6,caché,cachée,4,F,caché,-7.7330446,cachée,-9.924458,1
11733,S_NOUN_1_PASS_b,M,S,le légume avec la poubelle était cassé <eos>,6,cassé,cassée,4,F,cassé,-8.275283,cassée,-10.747121,1
11734,S_NOUN_1_PASS_b,M,S,le légume avec la poubelle était couvert <eos>,6,couvert,couverte,4,F,couvert,-6.47554,couverte,-8.77062,1
11735,S_NOUN_1_PASS_b,M,S,le légume avec la poubelle était déformé <eos>,6,déformé,déformée,4,F,déformé,-10.07024,déformée,-11.742874,1
11736,S_NOUN_1_PASS_b,M,S,le légume avec la poubelle était fixé <eos>,6,fixé,fixée,4,F,fixé,-7.149273,fixée,-8.668255,1
11737,S_NOUN_1_PASS_b,M,S,le légume avec la poubelle était jeté <eos>,6,jeté,jetée,4,F,jeté,-7.777999,jetée,-9.413404,1
11738,S_NOUN_1_PASS_b,M,S,le légume avec la poubelle était laissé <eos>,6,laissé,laissée,4,F,laissé,-7.98565,laissée,-9.168484,1
11739,S_NOUN_1_PASS_b,M,S,le légume avec la poubelle était ouvert <eos>,6,ouvert,ouverte,4,F,ouvert,-6.934009,ouverte,-8.215624,1
11740,S_NOUN_1_PASS_b,M,S,le légume avec la poubelle était perdu <eos>,6,perdu,perdue,4,F,perdu,-8.1469555,perdue,-10.701754,1
11741,S_NOUN_1_PASS_b,M,S,le légume avec la poubelle était réparé <eos>,6,réparé,réparée,4,F,réparé,-9.764317,réparée,-12.281341,1
11742,S_NOUN_1_PASS_b,M,S,le légume avec la poubelle était retiré <eos>,6,retiré,retirée,4,F,retiré,-7.176544,retirée,-10.5254545,1
11743,S_NOUN_1_PASS_b,M,S,le légume avec la poubelle était tombé <eos>,6,tombé,tombée,4,F,tombé,-7.8844604,tombée,-9.221426,1
11744,S_NOUN_1_PASS_b,M,S,le légume avec la poubelle était utilisé <eos>,6,utilisé,utilisée,4,F,utilisé,-3.333217,utilisée,-6.1025276,1
11745,S_NOUN_1_PASS_b,M,S,le légume avec la chemise était acheté <eos>,6,acheté,achetée,4,F,acheté,-8.618031,achetée,-11.549395,1
11746,S_NOUN_1_PASS_b,M,S,le légume avec la chemise était brisé <eos>,6,brisé,brisée,4,F,brisé,-9.515365,brisée,-12.521206,1
11747,S_NOUN_1_PASS_b,M,S,le légume avec la chemise était caché <eos>,6,caché,cachée,4,F,caché,-8.4751625,cachée,-10.326229,1
11748,S_NOUN_1_PASS_b,M,S,le légume avec la chemise était cassé <eos>,6,cassé,cassée,4,F,cassé,-7.826373,cassée,-11.560194,1
11749,S_NOUN_1_PASS_b,M,S,le légume avec la chemise était couvert <eos>,6,couvert,couverte,4,F,couvert,-6.043659,couverte,-8.197528,1
11750,S_NOUN_1_PASS_b,M,S,le légume avec la chemise était déformé <eos>,6,déformé,déformée,4,F,déformé,-11.180297,déformée,-12.081878,1
11751,S_NOUN_1_PASS_b,M,S,le légume avec la chemise était fixé <eos>,6,fixé,fixée,4,F,fixé,-5.9215183,fixée,-7.8105707,1
11752,S_NOUN_1_PASS_b,M,S,le légume avec la chemise était jeté <eos>,6,jeté,jetée,4,F,jeté,-8.049718,jetée,-11.008215,1
11753,S_NOUN_1_PASS_b,M,S,le légume avec la chemise était laissé <eos>,6,laissé,laissée,4,F,laissé,-8.229596,laissée,-9.8838005,1
11754,S_NOUN_1_PASS_b,M,S,le légume avec la chemise était ouvert <eos>,6,ouvert,ouverte,4,F,ouvert,-6.5986404,ouverte,-8.075853,1
11755,S_NOUN_1_PASS_b,M,S,le légume avec la chemise était perdu <eos>,6,perdu,perdue,4,F,perdu,-8.802775,perdue,-12.108727,1
11756,S_NOUN_1_PASS_b,M,S,le légume avec la chemise était réparé <eos>,6,réparé,réparée,4,F,réparé,-12.102034,réparée,-13.7035475,1
11757,S_NOUN_1_PASS_b,M,S,le légume avec la chemise était retiré <eos>,6,retiré,retirée,4,F,retiré,-6.70138,retirée,-11.508839,1
11758,S_NOUN_1_PASS_b,M,S,le légume avec la chemise était tombé <eos>,6,tombé,tombée,4,F,tombé,-7.6306267,tombée,-9.277574,1
11759,S_NOUN_1_PASS_b,M,S,le légume avec la chemise était utilisé <eos>,6,utilisé,utilisée,4,F,utilisé,-3.1876955,utilisée,-5.9906044,1
11760,S_NOUN_1_PASS_b,M,S,le légume avec la recette était acheté <eos>,6,acheté,achetée,4,F,acheté,-9.69316,achetée,-12.742178,1
11761,S_NOUN_1_PASS_b,M,S,le légume avec la recette était brisé <eos>,6,brisé,brisée,4,F,brisé,-10.734211,brisée,-13.440014,1
11762,S_NOUN_1_PASS_b,M,S,le légume avec la recette était caché <eos>,6,caché,cachée,4,F,caché,-9.638283,cachée,-10.982154,1
11763,S_NOUN_1_PASS_b,M,S,le légume avec la recette était cassé <eos>,6,cassé,cassée,4,F,cassé,-10.726168,cassée,-12.312995,1
11764,S_NOUN_1_PASS_b,M,S,le légume avec la recette était couvert <eos>,6,couvert,couverte,4,F,couvert,-7.700732,couverte,-9.672676,1
11765,S_NOUN_1_PASS_b,M,S,le légume avec la recette était déformé <eos>,6,déformé,déformée,4,F,déformé,-12.761589,déformée,-13.031628,1
11766,S_NOUN_1_PASS_b,M,S,le légume avec la recette était fixé <eos>,6,fixé,fixée,4,F,fixé,-7.1914797,fixée,-7.927895,1
11767,S_NOUN_1_PASS_b,M,S,le légume avec la recette était jeté <eos>,6,jeté,jetée,4,F,jeté,-10.226906,jetée,-11.691359,1
11768,S_NOUN_1_PASS_b,M,S,le légume avec la recette était laissé <eos>,6,laissé,laissée,4,F,laissé,-9.862106,laissée,-10.576977,1
11769,S_NOUN_1_PASS_b,M,S,le légume avec la recette était ouvert <eos>,6,ouvert,ouverte,4,F,ouvert,-8.62642,ouverte,-9.834504,1
11770,S_NOUN_1_PASS_b,M,S,le légume avec la recette était perdu <eos>,6,perdu,perdue,4,F,perdu,-9.320778,perdue,-11.051065,1
11771,S_NOUN_1_PASS_b,M,S,le légume avec la recette était réparé <eos>,6,réparé,réparée,4,F,réparé,-12.690434,réparée,-15.460651,1
11772,S_NOUN_1_PASS_b,M,S,le légume avec la recette était retiré <eos>,6,retiré,retirée,4,F,retiré,-8.881411,retirée,-11.967489,1
11773,S_NOUN_1_PASS_b,M,S,le légume avec la recette était tombé <eos>,6,tombé,tombée,4,F,tombé,-8.305511,tombée,-8.875534,1
11774,S_NOUN_1_PASS_b,M,S,le légume avec la recette était utilisé <eos>,6,utilisé,utilisée,4,F,utilisé,-4.91043,utilisée,-7.1930447,1
11775,S_NOUN_1_PASS_b,M,S,le légume avec la jupe était acheté <eos>,6,acheté,achetée,4,F,acheté,-9.736757,achetée,-11.539963,1
11776,S_NOUN_1_PASS_b,M,S,le légume avec la jupe était brisé <eos>,6,brisé,brisée,4,F,brisé,-9.420584,brisée,-11.191275,1
11777,S_NOUN_1_PASS_b,M,S,le légume avec la jupe était caché <eos>,6,caché,cachée,4,F,caché,-9.333784,cachée,-9.121543,0
11778,S_NOUN_1_PASS_b,M,S,le légume avec la jupe était cassé <eos>,6,cassé,cassée,4,F,cassé,-7.5764074,cassée,-9.961378,1
11779,S_NOUN_1_PASS_b,M,S,le légume avec la jupe était couvert <eos>,6,couvert,couverte,4,F,couvert,-6.5725727,couverte,-7.8481016,1
11780,S_NOUN_1_PASS_b,M,S,le légume avec la jupe était déformé <eos>,6,déformé,déformée,4,F,déformé,-11.275755,déformée,-10.492491,0
11781,S_NOUN_1_PASS_b,M,S,le légume avec la jupe était fixé <eos>,6,fixé,fixée,4,F,fixé,-6.738373,fixée,-7.1054106,1
11782,S_NOUN_1_PASS_b,M,S,le légume avec la jupe était jeté <eos>,6,jeté,jetée,4,F,jeté,-9.246803,jetée,-11.272926,1
11783,S_NOUN_1_PASS_b,M,S,le légume avec la jupe était laissé <eos>,6,laissé,laissée,4,F,laissé,-8.84882,laissée,-9.421719,1
11784,S_NOUN_1_PASS_b,M,S,le légume avec la jupe était ouvert <eos>,6,ouvert,ouverte,4,F,ouvert,-6.856808,ouverte,-7.3669543,1
11785,S_NOUN_1_PASS_b,M,S,le légume avec la jupe était perdu <eos>,6,perdu,perdue,4,F,perdu,-9.163424,perdue,-10.748493,1
11786,S_NOUN_1_PASS_b,M,S,le légume avec la jupe était réparé <eos>,6,réparé,réparée,4,F,réparé,-12.622215,réparée,-12.716953,1
11787,S_NOUN_1_PASS_b,M,S,le légume avec la jupe était retiré <eos>,6,retiré,retirée,4,F,retiré,-7.716463,retirée,-10.900453,1
11788,S_NOUN_1_PASS_b,M,S,le légume avec la jupe était tombé <eos>,6,tombé,tombée,4,F,tombé,-8.102553,tombée,-8.933273,1
11789,S_NOUN_1_PASS_b,M,S,le légume avec la jupe était utilisé <eos>,6,utilisé,utilisée,4,F,utilisé,-4.744484,utilisée,-5.981576,1
11790,S_NOUN_1_PASS_b,M,S,le légume avec la colle était acheté <eos>,6,acheté,achetée,4,F,acheté,-7.842993,achetée,-11.162067,1
11791,S_NOUN_1_PASS_b,M,S,le légume avec la colle était brisé <eos>,6,brisé,brisée,4,F,brisé,-9.739405,brisée,-12.386921,1
11792,S_NOUN_1_PASS_b,M,S,le légume avec la colle était caché <eos>,6,caché,cachée,4,F,caché,-8.57523,cachée,-9.962931,1
11793,S_NOUN_1_PASS_b,M,S,le légume avec la colle était cassé <eos>,6,cassé,cassée,4,F,cassé,-9.146948,cassée,-11.726813,1
11794,S_NOUN_1_PASS_b,M,S,le légume avec la colle était couvert <eos>,6,couvert,couverte,4,F,couvert,-7.1693354,couverte,-9.12096,1
11795,S_NOUN_1_PASS_b,M,S,le légume avec la colle était déformé <eos>,6,déformé,déformée,4,F,déformé,-11.192559,déformée,-12.594299,1
11796,S_NOUN_1_PASS_b,M,S,le légume avec la colle était fixé <eos>,6,fixé,fixée,4,F,fixé,-7.1681213,fixée,-8.775715,1
11797,S_NOUN_1_PASS_b,M,S,le légume avec la colle était jeté <eos>,6,jeté,jetée,4,F,jeté,-8.725039,jetée,-10.587015,1
11798,S_NOUN_1_PASS_b,M,S,le légume avec la colle était laissé <eos>,6,laissé,laissée,4,F,laissé,-8.471537,laissée,-9.388633,1
11799,S_NOUN_1_PASS_b,M,S,le légume avec la colle était ouvert <eos>,6,ouvert,ouverte,4,F,ouvert,-7.84081,ouverte,-9.029137,1
11800,S_NOUN_1_PASS_b,M,S,le légume avec la colle était perdu <eos>,6,perdu,perdue,4,F,perdu,-8.581345,perdue,-10.065474,1
11801,S_NOUN_1_PASS_b,M,S,le légume avec la colle était réparé <eos>,6,réparé,réparée,4,F,réparé,-11.247072,réparée,-14.6283,1
11802,S_NOUN_1_PASS_b,M,S,le légume avec la colle était retiré <eos>,6,retiré,retirée,4,F,retiré,-6.7973833,retirée,-10.269201,1
11803,S_NOUN_1_PASS_b,M,S,le légume avec la colle était tombé <eos>,6,tombé,tombée,4,F,tombé,-8.187666,tombée,-9.160991,1
11804,S_NOUN_1_PASS_b,M,S,le légume avec la colle était utilisé <eos>,6,utilisé,utilisée,4,F,utilisé,-2.7238212,utilisée,-5.1799664,1
11805,S_NOUN_1_PASS_b,M,S,le légume avec la lampe était acheté <eos>,6,acheté,achetée,4,F,acheté,-9.361166,achetée,-10.799764,1
11806,S_NOUN_1_PASS_b,M,S,le légume avec la lampe était brisé <eos>,6,brisé,brisée,4,F,brisé,-8.500992,brisée,-10.6450615,1
11807,S_NOUN_1_PASS_b,M,S,le légume avec la lampe était caché <eos>,6,caché,cachée,4,F,caché,-8.287063,cachée,-9.79306,1
11808,S_NOUN_1_PASS_b,M,S,le légume avec la lampe était cassé <eos>,6,cassé,cassée,4,F,cassé,-8.922104,cassée,-10.304134,1
11809,S_NOUN_1_PASS_b,M,S,le légume avec la lampe était couvert <eos>,6,couvert,couverte,4,F,couvert,-6.9213023,couverte,-8.679018,1
11810,S_NOUN_1_PASS_b,M,S,le légume avec la lampe était déformé <eos>,6,déformé,déformée,4,F,déformé,-11.432399,déformée,-11.756972,1
11811,S_NOUN_1_PASS_b,M,S,le légume avec la lampe était fixé <eos>,6,fixé,fixée,4,F,fixé,-6.7108707,fixée,-8.017529,1
11812,S_NOUN_1_PASS_b,M,S,le légume avec la lampe était jeté <eos>,6,jeté,jetée,4,F,jeté,-8.328423,jetée,-9.381659,1
11813,S_NOUN_1_PASS_b,M,S,le légume avec la lampe était laissé <eos>,6,laissé,laissée,4,F,laissé,-8.657512,laissée,-9.066357,1
11814,S_NOUN_1_PASS_b,M,S,le légume avec la lampe était ouvert <eos>,6,ouvert,ouverte,4,F,ouvert,-7.1366806,ouverte,-8.206053,1
11815,S_NOUN_1_PASS_b,M,S,le légume avec la lampe était perdu <eos>,6,perdu,perdue,4,F,perdu,-8.746347,perdue,-10.553728,1
11816,S_NOUN_1_PASS_b,M,S,le légume avec la lampe était réparé <eos>,6,réparé,réparée,4,F,réparé,-10.664182,réparée,-12.741338,1
11817,S_NOUN_1_PASS_b,M,S,le légume avec la lampe était retiré <eos>,6,retiré,retirée,4,F,retiré,-7.663297,retirée,-10.143883,1
11818,S_NOUN_1_PASS_b,M,S,le légume avec la lampe était tombé <eos>,6,tombé,tombée,4,F,tombé,-8.082713,tombée,-8.638991,1
11819,S_NOUN_1_PASS_b,M,S,le légume avec la lampe était utilisé <eos>,6,utilisé,utilisée,4,F,utilisé,-3.5188262,utilisée,-5.567583,1
11820,S_NOUN_1_PASS_b,M,S,le légume avec la bouteille était acheté <eos>,6,acheté,achetée,4,F,acheté,-8.399256,achetée,-11.411901,1
11821,S_NOUN_1_PASS_b,M,S,le légume avec la bouteille était brisé <eos>,6,brisé,brisée,4,F,brisé,-9.17292,brisée,-11.784533,1
11822,S_NOUN_1_PASS_b,M,S,le légume avec la bouteille était caché <eos>,6,caché,cachée,4,F,caché,-7.952716,cachée,-9.700022,1
11823,S_NOUN_1_PASS_b,M,S,le légume avec la bouteille était cassé <eos>,6,cassé,cassée,4,F,cassé,-8.285408,cassée,-10.81382,1
11824,S_NOUN_1_PASS_b,M,S,le légume avec la bouteille était couvert <eos>,6,couvert,couverte,4,F,couvert,-6.1552,couverte,-9.1116085,1
11825,S_NOUN_1_PASS_b,M,S,le légume avec la bouteille était déformé <eos>,6,déformé,déformée,4,F,déformé,-11.426348,déformée,-12.4007225,1
11826,S_NOUN_1_PASS_b,M,S,le légume avec la bouteille était fixé <eos>,6,fixé,fixée,4,F,fixé,-6.0542736,fixée,-8.136218,1
11827,S_NOUN_1_PASS_b,M,S,le légume avec la bouteille était jeté <eos>,6,jeté,jetée,4,F,jeté,-8.212198,jetée,-9.684891,1
11828,S_NOUN_1_PASS_b,M,S,le légume avec la bouteille était laissé <eos>,6,laissé,laissée,4,F,laissé,-8.233973,laissée,-9.166889,1
11829,S_NOUN_1_PASS_b,M,S,le légume avec la bouteille était ouvert <eos>,6,ouvert,ouverte,4,F,ouvert,-6.819153,ouverte,-8.69696,1
11830,S_NOUN_1_PASS_b,M,S,le légume avec la bouteille était perdu <eos>,6,perdu,perdue,4,F,perdu,-8.228586,perdue,-10.320887,1
11831,S_NOUN_1_PASS_b,M,S,le légume avec la bouteille était réparé <eos>,6,réparé,réparée,4,F,réparé,-10.781588,réparée,-13.788565,1
11832,S_NOUN_1_PASS_b,M,S,le légume avec la bouteille était retiré <eos>,6,retiré,retirée,4,F,retiré,-6.7638474,retirée,-10.461074,1
11833,S_NOUN_1_PASS_b,M,S,le légume avec la bouteille était tombé <eos>,6,tombé,tombée,4,F,tombé,-8.013876,tombée,-9.25844,1
11834,S_NOUN_1_PASS_b,M,S,le légume avec la bouteille était utilisé <eos>,6,utilisé,utilisée,4,F,utilisé,-3.4595344,utilisée,-6.183325,1
11835,S_NOUN_1_PASS_b,M,S,le légume avec la boisson était acheté <eos>,6,acheté,achetée,4,F,acheté,-9.082445,achetée,-11.633196,1
11836,S_NOUN_1_PASS_b,M,S,le légume avec la boisson était brisé <eos>,6,brisé,brisée,4,F,brisé,-11.564025,brisée,-13.773911,1
11837,S_NOUN_1_PASS_b,M,S,le légume avec la boisson était caché <eos>,6,caché,cachée,4,F,caché,-10.111853,cachée,-11.180594,1
11838,S_NOUN_1_PASS_b,M,S,le légume avec la boisson était cassé <eos>,6,cassé,cassée,4,F,cassé,-10.269036,cassée,-12.787983,1
11839,S_NOUN_1_PASS_b,M,S,le légume avec la boisson était couvert <eos>,6,couvert,couverte,4,F,couvert,-7.9185963,couverte,-9.848823,1
11840,S_NOUN_1_PASS_b,M,S,le légume avec la boisson était déformé <eos>,6,déformé,déformée,4,F,déformé,-12.337198,déformée,-13.12113,1
11841,S_NOUN_1_PASS_b,M,S,le légume avec la boisson était fixé <eos>,6,fixé,fixée,4,F,fixé,-7.717141,fixée,-9.09885,1
11842,S_NOUN_1_PASS_b,M,S,le légume avec la boisson était jeté <eos>,6,jeté,jetée,4,F,jeté,-9.647435,jetée,-11.664337,1
11843,S_NOUN_1_PASS_b,M,S,le légume avec la boisson était laissé <eos>,6,laissé,laissée,4,F,laissé,-9.95233,laissée,-10.563911,1
11844,S_NOUN_1_PASS_b,M,S,le légume avec la boisson était ouvert <eos>,6,ouvert,ouverte,4,F,ouvert,-8.463412,ouverte,-9.428946,1
11845,S_NOUN_1_PASS_b,M,S,le légume avec la boisson était perdu <eos>,6,perdu,perdue,4,F,perdu,-9.576683,perdue,-11.190121,1
11846,S_NOUN_1_PASS_b,M,S,le légume avec la boisson était réparé <eos>,6,réparé,réparée,4,F,réparé,-12.517275,réparée,-15.455252,1
11847,S_NOUN_1_PASS_b,M,S,le légume avec la boisson était retiré <eos>,6,retiré,retirée,4,F,retiré,-7.616184,retirée,-11.665975,1
11848,S_NOUN_1_PASS_b,M,S,le légume avec la boisson était tombé <eos>,6,tombé,tombée,4,F,tombé,-8.379827,tombée,-8.752586,1
11849,S_NOUN_1_PASS_b,M,S,le légume avec la boisson était utilisé <eos>,6,utilisé,utilisée,4,F,utilisé,-3.7153509,utilisée,-5.757062,1
11850,S_NOUN_1_PASS_b,M,S,le légume avec la pomme était acheté <eos>,6,acheté,achetée,4,F,acheté,-8.849048,achetée,-12.212147,1
11851,S_NOUN_1_PASS_b,M,S,le légume avec la pomme était brisé <eos>,6,brisé,brisée,4,F,brisé,-9.277098,brisée,-13.03779,1
11852,S_NOUN_1_PASS_b,M,S,le légume avec la pomme était caché <eos>,6,caché,cachée,4,F,caché,-8.696915,cachée,-11.099319,1
11853,S_NOUN_1_PASS_b,M,S,le légume avec la pomme était cassé <eos>,6,cassé,cassée,4,F,cassé,-9.401648,cassée,-12.396643,1
11854,S_NOUN_1_PASS_b,M,S,le légume avec la pomme était couvert <eos>,6,couvert,couverte,4,F,couvert,-6.3059945,couverte,-9.0737,1
11855,S_NOUN_1_PASS_b,M,S,le légume avec la pomme était déformé <eos>,6,déformé,déformée,4,F,déformé,-11.971912,déformée,-13.017308,1
11856,S_NOUN_1_PASS_b,M,S,le légume avec la pomme était fixé <eos>,6,fixé,fixée,4,F,fixé,-6.9974785,fixée,-9.334515,1
11857,S_NOUN_1_PASS_b,M,S,le légume avec la pomme était jeté <eos>,6,jeté,jetée,4,F,jeté,-9.041502,jetée,-11.329826,1
11858,S_NOUN_1_PASS_b,M,S,le légume avec la pomme était laissé <eos>,6,laissé,laissée,4,F,laissé,-9.2274,laissée,-9.9985695,1
11859,S_NOUN_1_PASS_b,M,S,le légume avec la pomme était ouvert <eos>,6,ouvert,ouverte,4,F,ouvert,-7.310362,ouverte,-9.360641,1
11860,S_NOUN_1_PASS_b,M,S,le légume avec la pomme était perdu <eos>,6,perdu,perdue,4,F,perdu,-9.249689,perdue,-11.481817,1
11861,S_NOUN_1_PASS_b,M,S,le légume avec la pomme était réparé <eos>,6,réparé,réparée,4,F,réparé,-11.287882,réparée,-15.111059,1
11862,S_NOUN_1_PASS_b,M,S,le légume avec la pomme était retiré <eos>,6,retiré,retirée,4,F,retiré,-7.0853806,retirée,-11.698582,1
11863,S_NOUN_1_PASS_b,M,S,le légume avec la pomme était tombé <eos>,6,tombé,tombée,4,F,tombé,-7.80715,tombée,-9.517588,1
11864,S_NOUN_1_PASS_b,M,S,le légume avec la pomme était utilisé <eos>,6,utilisé,utilisée,4,F,utilisé,-2.9116197,utilisée,-5.8548217,1
11865,S_NOUN_1_PASS_b,M,S,le légume avec la tasse était acheté <eos>,6,acheté,achetée,4,F,acheté,-8.260242,achetée,-11.190895,1
11866,S_NOUN_1_PASS_b,M,S,le légume avec la tasse était brisé <eos>,6,brisé,brisée,4,F,brisé,-9.288782,brisée,-12.486769,1
11867,S_NOUN_1_PASS_b,M,S,le légume avec la tasse était caché <eos>,6,caché,cachée,4,F,caché,-7.6719456,cachée,-9.722982,1
11868,S_NOUN_1_PASS_b,M,S,le légume avec la tasse était cassé <eos>,6,cassé,cassée,4,F,cassé,-8.642121,cassée,-11.524681,1
11869,S_NOUN_1_PASS_b,M,S,le légume avec la tasse était couvert <eos>,6,couvert,couverte,4,F,couvert,-6.1606426,couverte,-8.781319,1
11870,S_NOUN_1_PASS_b,M,S,le légume avec la tasse était déformé <eos>,6,déformé,déformée,4,F,déformé,-11.368917,déformée,-12.302767,1
11871,S_NOUN_1_PASS_b,M,S,le légume avec la tasse était fixé <eos>,6,fixé,fixée,4,F,fixé,-6.153265,fixée,-8.155759,1
11872,S_NOUN_1_PASS_b,M,S,le légume avec la tasse était jeté <eos>,6,jeté,jetée,4,F,jeté,-7.914606,jetée,-10.42224,1
11873,S_NOUN_1_PASS_b,M,S,le légume avec la tasse était laissé <eos>,6,laissé,laissée,4,F,laissé,-8.269449,laissée,-9.074505,1
11874,S_NOUN_1_PASS_b,M,S,le légume avec la tasse était ouvert <eos>,6,ouvert,ouverte,4,F,ouvert,-6.304464,ouverte,-8.137411,1
11875,S_NOUN_1_PASS_b,M,S,le légume avec la tasse était perdu <eos>,6,perdu,perdue,4,F,perdu,-8.962128,perdue,-11.314732,1
11876,S_NOUN_1_PASS_b,M,S,le légume avec la tasse était réparé <eos>,6,réparé,réparée,4,F,réparé,-11.231474,réparée,-14.282915,1
11877,S_NOUN_1_PASS_b,M,S,le légume avec la tasse était retiré <eos>,6,retiré,retirée,4,F,retiré,-6.561037,retirée,-10.411089,1
11878,S_NOUN_1_PASS_b,M,S,le légume avec la tasse était tombé <eos>,6,tombé,tombée,4,F,tombé,-8.214794,tombée,-9.716833,1
11879,S_NOUN_1_PASS_b,M,S,le légume avec la tasse était utilisé <eos>,6,utilisé,utilisée,4,F,utilisé,-3.1411004,utilisée,-5.6535487,1
11880,S_NOUN_1_PASS_b,M,S,le légume avec la bougie était acheté <eos>,6,acheté,achetée,4,F,acheté,-8.871033,achetée,-12.431761,1
11881,S_NOUN_1_PASS_b,M,S,le légume avec la bougie était brisé <eos>,6,brisé,brisée,4,F,brisé,-8.762546,brisée,-12.677717,1
11882,S_NOUN_1_PASS_b,M,S,le légume avec la bougie était caché <eos>,6,caché,cachée,4,F,caché,-7.6191072,cachée,-10.657018,1
11883,S_NOUN_1_PASS_b,M,S,le légume avec la bougie était cassé <eos>,6,cassé,cassée,4,F,cassé,-8.567959,cassée,-11.702032,1
11884,S_NOUN_1_PASS_b,M,S,le légume avec la bougie était couvert <eos>,6,couvert,couverte,4,F,couvert,-6.342783,couverte,-9.783932,1
11885,S_NOUN_1_PASS_b,M,S,le légume avec la bougie était déformé <eos>,6,déformé,déformée,4,F,déformé,-11.446383,déformée,-12.819407,1
11886,S_NOUN_1_PASS_b,M,S,le légume avec la bougie était fixé <eos>,6,fixé,fixée,4,F,fixé,-6.709918,fixée,-9.274691,1
11887,S_NOUN_1_PASS_b,M,S,le légume avec la bougie était jeté <eos>,6,jeté,jetée,4,F,jeté,-8.830612,jetée,-10.804237,1
11888,S_NOUN_1_PASS_b,M,S,le légume avec la bougie était laissé <eos>,6,laissé,laissée,4,F,laissé,-8.254756,laissée,-10.080545,1
11889,S_NOUN_1_PASS_b,M,S,le légume avec la bougie était ouvert <eos>,6,ouvert,ouverte,4,F,ouvert,-7.006996,ouverte,-9.243698,1
11890,S_NOUN_1_PASS_b,M,S,le légume avec la bougie était perdu <eos>,6,perdu,perdue,4,F,perdu,-7.8779345,perdue,-10.598917,1
11891,S_NOUN_1_PASS_b,M,S,le légume avec la bougie était réparé <eos>,6,réparé,réparée,4,F,réparé,-11.0323305,réparée,-14.271911,1
11892,S_NOUN_1_PASS_b,M,S,le légume avec la bougie était retiré <eos>,6,retiré,retirée,4,F,retiré,-7.2971044,retirée,-10.921234,1
11893,S_NOUN_1_PASS_b,M,S,le légume avec la bougie était tombé <eos>,6,tombé,tombée,4,F,tombé,-7.9450808,tombée,-8.962187,1
11894,S_NOUN_1_PASS_b,M,S,le légume avec la bougie était utilisé <eos>,6,utilisé,utilisée,4,F,utilisé,-3.1302223,utilisée,-6.279851,1
11895,S_NOUN_1_PASS_b,M,S,le légume avec la pochette était acheté <eos>,6,acheté,achetée,4,F,acheté,-8.961208,achetée,-10.8845005,1
11896,S_NOUN_1_PASS_b,M,S,le légume avec la pochette était brisé <eos>,6,brisé,brisée,4,F,brisé,-10.197548,brisée,-12.275615,1
11897,S_NOUN_1_PASS_b,M,S,le légume avec la pochette était caché <eos>,6,caché,cachée,4,F,caché,-8.551191,cachée,-9.984642,1
11898,S_NOUN_1_PASS_b,M,S,le légume avec la pochette était cassé <eos>,6,cassé,cassée,4,F,cassé,-8.601951,cassée,-11.451093,1
11899,S_NOUN_1_PASS_b,M,S,le légume avec la pochette était couvert <eos>,6,couvert,couverte,4,F,couvert,-7.558571,couverte,-8.976896,1
11900,S_NOUN_1_PASS_b,M,S,le légume avec la pochette était déformé <eos>,6,déformé,déformée,4,F,déformé,-10.325188,déformée,-11.006383,1
11901,S_NOUN_1_PASS_b,M,S,le légume avec la pochette était fixé <eos>,6,fixé,fixée,4,F,fixé,-6.6408973,fixée,-7.1246495,1
11902,S_NOUN_1_PASS_b,M,S,le légume avec la pochette était jeté <eos>,6,jeté,jetée,4,F,jeté,-9.20306,jetée,-10.727188,1
11903,S_NOUN_1_PASS_b,M,S,le légume avec la pochette était laissé <eos>,6,laissé,laissée,4,F,laissé,-8.562706,laissée,-10.072465,1
11904,S_NOUN_1_PASS_b,M,S,le légume avec la pochette était ouvert <eos>,6,ouvert,ouverte,4,F,ouvert,-8.987196,ouverte,-9.569368,1
11905,S_NOUN_1_PASS_b,M,S,le légume avec la pochette était perdu <eos>,6,perdu,perdue,4,F,perdu,-8.896722,perdue,-11.0611105,1
11906,S_NOUN_1_PASS_b,M,S,le légume avec la pochette était réparé <eos>,6,réparé,réparée,4,F,réparé,-12.57965,réparée,-13.917065,1
11907,S_NOUN_1_PASS_b,M,S,le légume avec la pochette était retiré <eos>,6,retiré,retirée,4,F,retiré,-6.6220493,retirée,-9.790615,1
11908,S_NOUN_1_PASS_b,M,S,le légume avec la pochette était tombé <eos>,6,tombé,tombée,4,F,tombé,-7.748869,tombée,-8.939591,1
11909,S_NOUN_1_PASS_b,M,S,le légume avec la pochette était utilisé <eos>,6,utilisé,utilisée,4,F,utilisé,-5.239957,utilisée,-7.0986853,1
11910,S_NOUN_1_PASS_b,M,S,le légume avec la banane était acheté <eos>,6,acheté,achetée,4,F,acheté,-8.551701,achetée,-12.552612,1
11911,S_NOUN_1_PASS_b,M,S,le légume avec la banane était brisé <eos>,6,brisé,brisée,4,F,brisé,-10.646513,brisée,-14.323454,1
11912,S_NOUN_1_PASS_b,M,S,le légume avec la banane était caché <eos>,6,caché,cachée,4,F,caché,-9.476553,cachée,-11.445636,1
11913,S_NOUN_1_PASS_b,M,S,le légume avec la banane était cassé <eos>,6,cassé,cassée,4,F,cassé,-9.8343,cassée,-13.104075,1
11914,S_NOUN_1_PASS_b,M,S,le légume avec la banane était couvert <eos>,6,couvert,couverte,4,F,couvert,-7.874429,couverte,-10.179186,1
11915,S_NOUN_1_PASS_b,M,S,le légume avec la banane était déformé <eos>,6,déformé,déformée,4,F,déformé,-12.60897,déformée,-14.079085,1
11916,S_NOUN_1_PASS_b,M,S,le légume avec la banane était fixé <eos>,6,fixé,fixée,4,F,fixé,-7.437318,fixée,-9.528132,1
11917,S_NOUN_1_PASS_b,M,S,le légume avec la banane était jeté <eos>,6,jeté,jetée,4,F,jeté,-9.468443,jetée,-11.726802,1
11918,S_NOUN_1_PASS_b,M,S,le légume avec la banane était laissé <eos>,6,laissé,laissée,4,F,laissé,-9.043954,laissée,-10.434289,1
11919,S_NOUN_1_PASS_b,M,S,le légume avec la banane était ouvert <eos>,6,ouvert,ouverte,4,F,ouvert,-8.06945,ouverte,-9.265904,1
11920,S_NOUN_1_PASS_b,M,S,le légume avec la banane était perdu <eos>,6,perdu,perdue,4,F,perdu,-9.038069,perdue,-11.198097,1
11921,S_NOUN_1_PASS_b,M,S,le légume avec la banane était réparé <eos>,6,réparé,réparée,4,F,réparé,-11.745505,réparée,-15.659621,1
11922,S_NOUN_1_PASS_b,M,S,le légume avec la banane était retiré <eos>,6,retiré,retirée,4,F,retiré,-7.697166,retirée,-12.236842,1
11923,S_NOUN_1_PASS_b,M,S,le légume avec la banane était tombé <eos>,6,tombé,tombée,4,F,tombé,-8.837401,tombée,-9.804981,1
11924,S_NOUN_1_PASS_b,M,S,le légume avec la banane était utilisé <eos>,6,utilisé,utilisée,4,F,utilisé,-3.1790938,utilisée,-5.9466653,1
11925,S_NOUN_1_PASS_b,M,S,le légume avec la robe était acheté <eos>,6,acheté,achetée,4,F,acheté,-8.932823,achetée,-11.261386,1
11926,S_NOUN_1_PASS_b,M,S,le légume avec la robe était brisé <eos>,6,brisé,brisée,4,F,brisé,-11.052623,brisée,-12.977205,1
11927,S_NOUN_1_PASS_b,M,S,le légume avec la robe était caché <eos>,6,caché,cachée,4,F,caché,-9.620977,cachée,-10.0722885,1
11928,S_NOUN_1_PASS_b,M,S,le légume avec la robe était cassé <eos>,6,cassé,cassée,4,F,cassé,-8.819601,cassée,-11.9944725,1
11929,S_NOUN_1_PASS_b,M,S,le légume avec la robe était couvert <eos>,6,couvert,couverte,4,F,couvert,-8.011135,couverte,-8.488422,1
11930,S_NOUN_1_PASS_b,M,S,le légume avec la robe était déformé <eos>,6,déformé,déformée,4,F,déformé,-11.685492,déformée,-11.97156,1
11931,S_NOUN_1_PASS_b,M,S,le légume avec la robe était fixé <eos>,6,fixé,fixée,4,F,fixé,-6.5618534,fixée,-7.2220707,1
11932,S_NOUN_1_PASS_b,M,S,le légume avec la robe était jeté <eos>,6,jeté,jetée,4,F,jeté,-9.685614,jetée,-11.831263,1
11933,S_NOUN_1_PASS_b,M,S,le légume avec la robe était laissé <eos>,6,laissé,laissée,4,F,laissé,-9.327137,laissée,-9.923885,1
11934,S_NOUN_1_PASS_b,M,S,le légume avec la robe était ouvert <eos>,6,ouvert,ouverte,4,F,ouvert,-7.895028,ouverte,-8.641676,1
11935,S_NOUN_1_PASS_b,M,S,le légume avec la robe était perdu <eos>,6,perdu,perdue,4,F,perdu,-9.533898,perdue,-11.35834,1
11936,S_NOUN_1_PASS_b,M,S,le légume avec la robe était réparé <eos>,6,réparé,réparée,4,F,réparé,-13.49951,réparée,-14.38752,1
11937,S_NOUN_1_PASS_b,M,S,le légume avec la robe était retiré <eos>,6,retiré,retirée,4,F,retiré,-6.885028,retirée,-10.745079,1
11938,S_NOUN_1_PASS_b,M,S,le légume avec la robe était tombé <eos>,6,tombé,tombée,4,F,tombé,-8.771941,tombée,-8.637973,0
11939,S_NOUN_1_PASS_b,M,S,le légume avec la robe était utilisé <eos>,6,utilisé,utilisée,4,F,utilisé,-3.9478977,utilisée,-5.4095182,1
11940,S_NOUN_1_PASS_b,M,S,le légume avec la valise était acheté <eos>,6,acheté,achetée,4,F,acheté,-7.3287697,achetée,-10.199572,1
11941,S_NOUN_1_PASS_b,M,S,le légume avec la valise était brisé <eos>,6,brisé,brisée,4,F,brisé,-8.15456,brisée,-10.25142,1
11942,S_NOUN_1_PASS_b,M,S,le légume avec la valise était caché <eos>,6,caché,cachée,4,F,caché,-7.2118864,cachée,-9.295483,1
11943,S_NOUN_1_PASS_b,M,S,le légume avec la valise était cassé <eos>,6,cassé,cassée,4,F,cassé,-7.728024,cassée,-8.7691,1
11944,S_NOUN_1_PASS_b,M,S,le légume avec la valise était couvert <eos>,6,couvert,couverte,4,F,couvert,-6.60236,couverte,-8.171069,1
11945,S_NOUN_1_PASS_b,M,S,le légume avec la valise était déformé <eos>,6,déformé,déformée,4,F,déformé,-10.3046875,déformée,-11.307186,1
11946,S_NOUN_1_PASS_b,M,S,le légume avec la valise était fixé <eos>,6,fixé,fixée,4,F,fixé,-7.12613,fixée,-7.265374,1
11947,S_NOUN_1_PASS_b,M,S,le légume avec la valise était jeté <eos>,6,jeté,jetée,4,F,jeté,-6.845351,jetée,-8.88762,1
11948,S_NOUN_1_PASS_b,M,S,le légume avec la valise était laissé <eos>,6,laissé,laissée,4,F,laissé,-7.8922105,laissée,-8.820339,1
11949,S_NOUN_1_PASS_b,M,S,le légume avec la valise était ouvert <eos>,6,ouvert,ouverte,4,F,ouvert,-6.7116838,ouverte,-7.267364,1
11950,S_NOUN_1_PASS_b,M,S,le légume avec la valise était perdu <eos>,6,perdu,perdue,4,F,perdu,-7.998169,perdue,-9.693691,1
11951,S_NOUN_1_PASS_b,M,S,le légume avec la valise était réparé <eos>,6,réparé,réparée,4,F,réparé,-10.478389,réparée,-13.130824,1
11952,S_NOUN_1_PASS_b,M,S,le légume avec la valise était retiré <eos>,6,retiré,retirée,4,F,retiré,-5.965719,retirée,-8.839869,1
11953,S_NOUN_1_PASS_b,M,S,le légume avec la valise était tombé <eos>,6,tombé,tombée,4,F,tombé,-7.0191936,tombée,-8.341065,1
11954,S_NOUN_1_PASS_b,M,S,le légume avec la valise était utilisé <eos>,6,utilisé,utilisée,4,F,utilisé,-4.547852,utilisée,-6.6422734,1
11955,S_NOUN_1_PASS_b,M,S,le légume avec la pendule était acheté <eos>,6,acheté,achetée,4,F,acheté,-9.514517,achetée,-11.012769,1
11956,S_NOUN_1_PASS_b,M,S,le légume avec la pendule était brisé <eos>,6,brisé,brisée,4,F,brisé,-9.22146,brisée,-10.361036,1
11957,S_NOUN_1_PASS_b,M,S,le légume avec la pendule était caché <eos>,6,caché,cachée,4,F,caché,-8.696408,cachée,-8.926323,1
11958,S_NOUN_1_PASS_b,M,S,le légume avec la pendule était cassé <eos>,6,cassé,cassée,4,F,cassé,-7.8973866,cassée,-9.378665,1
11959,S_NOUN_1_PASS_b,M,S,le légume avec la pendule était couvert <eos>,6,couvert,couverte,4,F,couvert,-6.677767,couverte,-7.805052,1
11960,S_NOUN_1_PASS_b,M,S,le légume avec la pendule était déformé <eos>,6,déformé,déformée,4,F,déformé,-11.630633,déformée,-11.303254,0
11961,S_NOUN_1_PASS_b,M,S,le légume avec la pendule était fixé <eos>,6,fixé,fixée,4,F,fixé,-5.4054823,fixée,-6.2540245,1
11962,S_NOUN_1_PASS_b,M,S,le légume avec la pendule était jeté <eos>,6,jeté,jetée,4,F,jeté,-8.58302,jetée,-10.279922,1
11963,S_NOUN_1_PASS_b,M,S,le légume avec la pendule était laissé <eos>,6,laissé,laissée,4,F,laissé,-8.865387,laissée,-9.022844,1
11964,S_NOUN_1_PASS_b,M,S,le légume avec la pendule était ouvert <eos>,6,ouvert,ouverte,4,F,ouvert,-6.203871,ouverte,-7.2833185,1
11965,S_NOUN_1_PASS_b,M,S,le légume avec la pendule était perdu <eos>,6,perdu,perdue,4,F,perdu,-10.11576,perdue,-9.823132,0
11966,S_NOUN_1_PASS_b,M,S,le légume avec la pendule était réparé <eos>,6,réparé,réparée,4,F,réparé,-11.692764,réparée,-12.958021,1
11967,S_NOUN_1_PASS_b,M,S,le légume avec la pendule était retiré <eos>,6,retiré,retirée,4,F,retiré,-6.6939616,retirée,-9.79463,1
11968,S_NOUN_1_PASS_b,M,S,le légume avec la pendule était tombé <eos>,6,tombé,tombée,4,F,tombé,-7.9002523,tombée,-9.390614,1
11969,S_NOUN_1_PASS_b,M,S,le légume avec la pendule était utilisé <eos>,6,utilisé,utilisée,4,F,utilisé,-3.8014438,utilisée,-5.404889,1
11970,S_NOUN_1_PASS_b,M,S,le légume avec la cloche était acheté <eos>,6,acheté,achetée,4,F,acheté,-8.397507,achetée,-10.869823,1
11971,S_NOUN_1_PASS_b,M,S,le légume avec la cloche était brisé <eos>,6,brisé,brisée,4,F,brisé,-8.829242,brisée,-11.71474,1
11972,S_NOUN_1_PASS_b,M,S,le légume avec la cloche était caché <eos>,6,caché,cachée,4,F,caché,-7.736383,cachée,-9.371792,1
11973,S_NOUN_1_PASS_b,M,S,le légume avec la cloche était cassé <eos>,6,cassé,cassée,4,F,cassé,-8.973005,cassée,-10.753508,1
11974,S_NOUN_1_PASS_b,M,S,le légume avec la cloche était couvert <eos>,6,couvert,couverte,4,F,couvert,-6.273864,couverte,-8.609097,1
11975,S_NOUN_1_PASS_b,M,S,le légume avec la cloche était déformé <eos>,6,déformé,déformée,4,F,déformé,-11.990566,déformée,-12.777336,1
11976,S_NOUN_1_PASS_b,M,S,le légume avec la cloche était fixé <eos>,6,fixé,fixée,4,F,fixé,-6.451956,fixée,-7.452115,1
11977,S_NOUN_1_PASS_b,M,S,le légume avec la cloche était jeté <eos>,6,jeté,jetée,4,F,jeté,-8.527708,jetée,-10.091885,1
11978,S_NOUN_1_PASS_b,M,S,le légume avec la cloche était laissé <eos>,6,laissé,laissée,4,F,laissé,-9.043929,laissée,-9.943567,1
11979,S_NOUN_1_PASS_b,M,S,le légume avec la cloche était ouvert <eos>,6,ouvert,ouverte,4,F,ouvert,-7.5917625,ouverte,-8.882749,1
11980,S_NOUN_1_PASS_b,M,S,le légume avec la cloche était perdu <eos>,6,perdu,perdue,4,F,perdu,-8.347664,perdue,-10.146763,1
11981,S_NOUN_1_PASS_b,M,S,le légume avec la cloche était réparé <eos>,6,réparé,réparée,4,F,réparé,-10.148527,réparée,-12.733387,1
11982,S_NOUN_1_PASS_b,M,S,le légume avec la cloche était retiré <eos>,6,retiré,retirée,4,F,retiré,-7.4997687,retirée,-11.377106,1
11983,S_NOUN_1_PASS_b,M,S,le légume avec la cloche était tombé <eos>,6,tombé,tombée,4,F,tombé,-7.070301,tombée,-8.252495,1
11984,S_NOUN_1_PASS_b,M,S,le légume avec la cloche était utilisé <eos>,6,utilisé,utilisée,4,F,utilisé,-3.582166,utilisée,-5.8652983,1
11985,S_NOUN_1_PASS_b,M,S,le légume avec la cerise était acheté <eos>,6,acheté,achetée,4,F,acheté,-9.169295,achetée,-13.159308,1
11986,S_NOUN_1_PASS_b,M,S,le légume avec la cerise était brisé <eos>,6,brisé,brisée,4,F,brisé,-10.610994,brisée,-14.840523,1
11987,S_NOUN_1_PASS_b,M,S,le légume avec la cerise était caché <eos>,6,caché,cachée,4,F,caché,-9.217765,cachée,-12.076143,1
11988,S_NOUN_1_PASS_b,M,S,le légume avec la cerise était cassé <eos>,6,cassé,cassée,4,F,cassé,-9.344159,cassée,-13.275121,1
11989,S_NOUN_1_PASS_b,M,S,le légume avec la cerise était couvert <eos>,6,couvert,couverte,4,F,couvert,-6.833759,couverte,-10.048777,1
11990,S_NOUN_1_PASS_b,M,S,le légume avec la cerise était déformé <eos>,6,déformé,déformée,4,F,déformé,-12.163986,déformée,-13.909639,1
11991,S_NOUN_1_PASS_b,M,S,le légume avec la cerise était fixé <eos>,6,fixé,fixée,4,F,fixé,-7.366513,fixée,-10.044549,1
11992,S_NOUN_1_PASS_b,M,S,le légume avec la cerise était jeté <eos>,6,jeté,jetée,4,F,jeté,-9.867817,jetée,-12.183757,1
11993,S_NOUN_1_PASS_b,M,S,le légume avec la cerise était laissé <eos>,6,laissé,laissée,4,F,laissé,-9.784796,laissée,-11.495836,1
11994,S_NOUN_1_PASS_b,M,S,le légume avec la cerise était ouvert <eos>,6,ouvert,ouverte,4,F,ouvert,-7.9606457,ouverte,-10.55712,1
11995,S_NOUN_1_PASS_b,M,S,le légume avec la cerise était perdu <eos>,6,perdu,perdue,4,F,perdu,-9.152042,perdue,-12.3417225,1
11996,S_NOUN_1_PASS_b,M,S,le légume avec la cerise était réparé <eos>,6,réparé,réparée,4,F,réparé,-13.20873,réparée,-16.668047,1
11997,S_NOUN_1_PASS_b,M,S,le légume avec la cerise était retiré <eos>,6,retiré,retirée,4,F,retiré,-8.087492,retirée,-12.695009,1
11998,S_NOUN_1_PASS_b,M,S,le légume avec la cerise était tombé <eos>,6,tombé,tombée,4,F,tombé,-8.774147,tombée,-10.408188,1
11999,S_NOUN_1_PASS_b,M,S,le légume avec la cerise était utilisé <eos>,6,utilisé,utilisée,4,F,utilisé,-3.5492663,utilisée,-6.2495637,1
