,Paradigm,Gen,Num,Sent,Eval,Corr,Wrong,Dist,Attr_Gen,Attr_Num,corr_word,corr_prob,wrong_word,wrong_prob,answer
0,S_NOUN_8_ADJ_a,F,S,la gemme avec les gemmes qui était là depuis hier est aussi très verte <eos>,13,verte,vert,11,F,P,verte,-8.686512,vert,-10.812463,1
1,S_NOUN_8_ADJ_a,F,S,la gemme avec les gemmes qui était là depuis hier est aussi très bleue <eos>,13,bleue,bleu,11,F,P,bleue,-11.131464,bleu,-11.723446,1
2,S_NOUN_8_ADJ_a,F,S,la gemme avec les gemmes qui était là depuis hier est aussi très noire <eos>,13,noire,noir,11,F,P,noire,-7.2895956,noir,-11.464921,1
3,S_NOUN_8_ADJ_a,F,S,la gemme avec les gemmes qui était là depuis hier est aussi très délicate <eos>,13,délicate,délicat,11,F,P,délicate,-6.3121624,délicat,-10.15099,1
4,S_NOUN_8_ADJ_a,F,S,la gemme avec les gemmes qui était là depuis hier est aussi très pointue <eos>,13,pointue,pointu,11,F,P,pointue,-9.889634,pointu,-12.513063,1
5,S_NOUN_8_ADJ_a,F,S,la gemme avec les gemmes qui était là depuis hier est aussi très ronde <eos>,13,ronde,rond,11,F,P,ronde,-10.689423,rond,-14.671501,1
6,S_NOUN_8_ADJ_a,F,S,la gemme avec les gemmes qui était là depuis hier est aussi très froide <eos>,13,froide,froid,11,F,P,froide,-7.206587,froid,-9.127002,1
7,S_NOUN_8_ADJ_a,F,S,la gemme avec les gemmes qui était là depuis hier est aussi très chaude <eos>,13,chaude,chaud,11,F,P,chaude,-5.6982656,chaud,-9.214237,1
8,S_NOUN_8_ADJ_a,F,S,la gemme avec les gemmes qui était là depuis hier est aussi très importante <eos>,13,importante,important,11,F,P,importante,-4.0105896,important,-7.7445097,1
9,S_NOUN_8_ADJ_a,F,S,la gemme avec les gemmes qui était là depuis hier est aussi très courte <eos>,13,courte,court,11,F,P,courte,-6.0415745,court,-7.8911,1
10,S_NOUN_8_ADJ_a,F,S,la gemme avec les gemmes qui était là depuis hier est aussi très dure <eos>,13,dure,dur,11,F,P,dure,-6.4530926,dur,-7.438779,1
11,S_NOUN_8_ADJ_a,F,S,la gemme avec les gemmes qui était là depuis hier est aussi très claire <eos>,13,claire,clair,11,F,P,claire,-5.1285706,clair,-8.450078,1
12,S_NOUN_8_ADJ_a,F,S,la gemme avec les gemmes qui était là depuis hier est aussi très intéressante <eos>,13,intéressante,intéressant,11,F,P,intéressante,-5.640131,intéressant,-9.064094,1
13,S_NOUN_8_ADJ_a,F,S,la gemme avec les gemmes qui était là depuis hier est aussi très brillante <eos>,13,brillante,brillant,11,F,P,brillante,-5.865364,brillant,-9.740363,1
14,S_NOUN_8_ADJ_a,F,S,la gemme avec les gemmes qui était là depuis hier est aussi très compliquée <eos>,13,compliquée,compliqué,11,F,P,compliquée,-6.710656,compliqué,-8.837563,1
15,S_NOUN_8_ADJ_a,F,S,la gemme avec les chaises qui était là depuis hier est aussi très verte <eos>,13,verte,vert,11,F,P,verte,-8.615778,vert,-10.973571,1
16,S_NOUN_8_ADJ_a,F,S,la gemme avec les chaises qui était là depuis hier est aussi très bleue <eos>,13,bleue,bleu,11,F,P,bleue,-11.302112,bleu,-11.540638,1
17,S_NOUN_8_ADJ_a,F,S,la gemme avec les chaises qui était là depuis hier est aussi très noire <eos>,13,noire,noir,11,F,P,noire,-7.167817,noir,-11.8523445,1
18,S_NOUN_8_ADJ_a,F,S,la gemme avec les chaises qui était là depuis hier est aussi très délicate <eos>,13,délicate,délicat,11,F,P,délicate,-6.494374,délicat,-9.867117,1
19,S_NOUN_8_ADJ_a,F,S,la gemme avec les chaises qui était là depuis hier est aussi très pointue <eos>,13,pointue,pointu,11,F,P,pointue,-9.101915,pointu,-11.866608,1
20,S_NOUN_8_ADJ_a,F,S,la gemme avec les chaises qui était là depuis hier est aussi très ronde <eos>,13,ronde,rond,11,F,P,ronde,-9.543385,rond,-13.587444,1
21,S_NOUN_8_ADJ_a,F,S,la gemme avec les chaises qui était là depuis hier est aussi très froide <eos>,13,froide,froid,11,F,P,froide,-7.6428404,froid,-10.060976,1
22,S_NOUN_8_ADJ_a,F,S,la gemme avec les chaises qui était là depuis hier est aussi très chaude <eos>,13,chaude,chaud,11,F,P,chaude,-5.5826454,chaud,-9.75129,1
23,S_NOUN_8_ADJ_a,F,S,la gemme avec les chaises qui était là depuis hier est aussi très importante <eos>,13,importante,important,11,F,P,importante,-4.2179246,important,-7.9546237,1
24,S_NOUN_8_ADJ_a,F,S,la gemme avec les chaises qui était là depuis hier est aussi très courte <eos>,13,courte,court,11,F,P,courte,-5.4414,court,-7.23082,1
25,S_NOUN_8_ADJ_a,F,S,la gemme avec les chaises qui était là depuis hier est aussi très dure <eos>,13,dure,dur,11,F,P,dure,-6.0952063,dur,-7.6340036,1
26,S_NOUN_8_ADJ_a,F,S,la gemme avec les chaises qui était là depuis hier est aussi très claire <eos>,13,claire,clair,11,F,P,claire,-5.2641826,clair,-8.538443,1
27,S_NOUN_8_ADJ_a,F,S,la gemme avec les chaises qui était là depuis hier est aussi très intéressante <eos>,13,intéressante,intéressant,11,F,P,intéressante,-5.7629128,intéressant,-8.961725,1
28,S_NOUN_8_ADJ_a,F,S,la gemme avec les chaises qui était là depuis hier est aussi très brillante <eos>,13,brillante,brillant,11,F,P,brillante,-5.8574495,brillant,-9.887837,1
29,S_NOUN_8_ADJ_a,F,S,la gemme avec les chaises qui était là depuis hier est aussi très compliquée <eos>,13,compliquée,compliqué,11,F,P,compliquée,-6.832432,compliqué,-9.041655,1
30,S_NOUN_8_ADJ_a,F,S,la gemme avec les poubelles qui était là depuis hier est aussi très verte <eos>,13,verte,vert,11,F,P,verte,-8.96535,vert,-11.415655,1
31,S_NOUN_8_ADJ_a,F,S,la gemme avec les poubelles qui était là depuis hier est aussi très bleue <eos>,13,bleue,bleu,11,F,P,bleue,-11.763362,bleu,-12.018902,1
32,S_NOUN_8_ADJ_a,F,S,la gemme avec les poubelles qui était là depuis hier est aussi très noire <eos>,13,noire,noir,11,F,P,noire,-7.4491615,noir,-12.103992,1
33,S_NOUN_8_ADJ_a,F,S,la gemme avec les poubelles qui était là depuis hier est aussi très délicate <eos>,13,délicate,délicat,11,F,P,délicate,-6.180908,délicat,-9.985896,1
34,S_NOUN_8_ADJ_a,F,S,la gemme avec les poubelles qui était là depuis hier est aussi très pointue <eos>,13,pointue,pointu,11,F,P,pointue,-8.973517,pointu,-11.815676,1
35,S_NOUN_8_ADJ_a,F,S,la gemme avec les poubelles qui était là depuis hier est aussi très ronde <eos>,13,ronde,rond,11,F,P,ronde,-9.878842,rond,-14.222746,1
36,S_NOUN_8_ADJ_a,F,S,la gemme avec les poubelles qui était là depuis hier est aussi très froide <eos>,13,froide,froid,11,F,P,froide,-7.2655563,froid,-9.698125,1
37,S_NOUN_8_ADJ_a,F,S,la gemme avec les poubelles qui était là depuis hier est aussi très chaude <eos>,13,chaude,chaud,11,F,P,chaude,-5.7942224,chaud,-9.672916,1
38,S_NOUN_8_ADJ_a,F,S,la gemme avec les poubelles qui était là depuis hier est aussi très importante <eos>,13,importante,important,11,F,P,importante,-4.030903,important,-7.726264,1
39,S_NOUN_8_ADJ_a,F,S,la gemme avec les poubelles qui était là depuis hier est aussi très courte <eos>,13,courte,court,11,F,P,courte,-5.742711,court,-7.4339952,1
40,S_NOUN_8_ADJ_a,F,S,la gemme avec les poubelles qui était là depuis hier est aussi très dure <eos>,13,dure,dur,11,F,P,dure,-6.4747124,dur,-7.587695,1
41,S_NOUN_8_ADJ_a,F,S,la gemme avec les poubelles qui était là depuis hier est aussi très claire <eos>,13,claire,clair,11,F,P,claire,-5.3245516,clair,-8.905009,1
42,S_NOUN_8_ADJ_a,F,S,la gemme avec les poubelles qui était là depuis hier est aussi très intéressante <eos>,13,intéressante,intéressant,11,F,P,intéressante,-5.566725,intéressant,-8.840596,1
43,S_NOUN_8_ADJ_a,F,S,la gemme avec les poubelles qui était là depuis hier est aussi très brillante <eos>,13,brillante,brillant,11,F,P,brillante,-6.536705,brillant,-10.296497,1
44,S_NOUN_8_ADJ_a,F,S,la gemme avec les poubelles qui était là depuis hier est aussi très compliquée <eos>,13,compliquée,compliqué,11,F,P,compliquée,-6.579617,compliqué,-8.850515,1
45,S_NOUN_8_ADJ_a,F,S,la gemme avec les chemises qui était là depuis hier est aussi très verte <eos>,13,verte,vert,11,F,P,verte,-8.498922,vert,-10.960302,1
46,S_NOUN_8_ADJ_a,F,S,la gemme avec les chemises qui était là depuis hier est aussi très bleue <eos>,13,bleue,bleu,11,F,P,bleue,-10.826431,bleu,-11.430636,1
47,S_NOUN_8_ADJ_a,F,S,la gemme avec les chemises qui était là depuis hier est aussi très noire <eos>,13,noire,noir,11,F,P,noire,-6.461645,noir,-11.405783,1
48,S_NOUN_8_ADJ_a,F,S,la gemme avec les chemises qui était là depuis hier est aussi très délicate <eos>,13,délicate,délicat,11,F,P,délicate,-6.4818225,délicat,-10.002052,1
49,S_NOUN_8_ADJ_a,F,S,la gemme avec les chemises qui était là depuis hier est aussi très pointue <eos>,13,pointue,pointu,11,F,P,pointue,-8.847689,pointu,-11.432736,1
50,S_NOUN_8_ADJ_a,F,S,la gemme avec les chemises qui était là depuis hier est aussi très ronde <eos>,13,ronde,rond,11,F,P,ronde,-9.775691,rond,-13.764484,1
51,S_NOUN_8_ADJ_a,F,S,la gemme avec les chemises qui était là depuis hier est aussi très froide <eos>,13,froide,froid,11,F,P,froide,-7.9797297,froid,-10.365166,1
52,S_NOUN_8_ADJ_a,F,S,la gemme avec les chemises qui était là depuis hier est aussi très chaude <eos>,13,chaude,chaud,11,F,P,chaude,-6.345763,chaud,-9.992567,1
53,S_NOUN_8_ADJ_a,F,S,la gemme avec les chemises qui était là depuis hier est aussi très importante <eos>,13,importante,important,11,F,P,importante,-4.5618477,important,-8.225901,1
54,S_NOUN_8_ADJ_a,F,S,la gemme avec les chemises qui était là depuis hier est aussi très courte <eos>,13,courte,court,11,F,P,courte,-5.0937395,court,-7.098215,1
55,S_NOUN_8_ADJ_a,F,S,la gemme avec les chemises qui était là depuis hier est aussi très dure <eos>,13,dure,dur,11,F,P,dure,-6.1505895,dur,-7.7433877,1
56,S_NOUN_8_ADJ_a,F,S,la gemme avec les chemises qui était là depuis hier est aussi très claire <eos>,13,claire,clair,11,F,P,claire,-5.0752096,clair,-8.321252,1
57,S_NOUN_8_ADJ_a,F,S,la gemme avec les chemises qui était là depuis hier est aussi très intéressante <eos>,13,intéressante,intéressant,11,F,P,intéressante,-6.2003126,intéressant,-9.163151,1
58,S_NOUN_8_ADJ_a,F,S,la gemme avec les chemises qui était là depuis hier est aussi très brillante <eos>,13,brillante,brillant,11,F,P,brillante,-6.228828,brillant,-10.047085,1
59,S_NOUN_8_ADJ_a,F,S,la gemme avec les chemises qui était là depuis hier est aussi très compliquée <eos>,13,compliquée,compliqué,11,F,P,compliquée,-6.531911,compliqué,-8.713773,1
60,S_NOUN_8_ADJ_a,F,S,la gemme avec les recettes qui était là depuis hier est aussi très verte <eos>,13,verte,vert,11,F,P,verte,-9.365574,vert,-11.6325445,1
61,S_NOUN_8_ADJ_a,F,S,la gemme avec les recettes qui était là depuis hier est aussi très bleue <eos>,13,bleue,bleu,11,F,P,bleue,-12.593554,bleu,-12.550423,0
62,S_NOUN_8_ADJ_a,F,S,la gemme avec les recettes qui était là depuis hier est aussi très noire <eos>,13,noire,noir,11,F,P,noire,-8.739772,noir,-11.960392,1
63,S_NOUN_8_ADJ_a,F,S,la gemme avec les recettes qui était là depuis hier est aussi très délicate <eos>,13,délicate,délicat,11,F,P,délicate,-6.484505,délicat,-9.762999,1
64,S_NOUN_8_ADJ_a,F,S,la gemme avec les recettes qui était là depuis hier est aussi très pointue <eos>,13,pointue,pointu,11,F,P,pointue,-10.041209,pointu,-12.289822,1
65,S_NOUN_8_ADJ_a,F,S,la gemme avec les recettes qui était là depuis hier est aussi très ronde <eos>,13,ronde,rond,11,F,P,ronde,-11.14983,rond,-14.21715,1
66,S_NOUN_8_ADJ_a,F,S,la gemme avec les recettes qui était là depuis hier est aussi très froide <eos>,13,froide,froid,11,F,P,froide,-8.050181,froid,-9.59103,1
67,S_NOUN_8_ADJ_a,F,S,la gemme avec les recettes qui était là depuis hier est aussi très chaude <eos>,13,chaude,chaud,11,F,P,chaude,-6.22732,chaud,-9.557396,1
68,S_NOUN_8_ADJ_a,F,S,la gemme avec les recettes qui était là depuis hier est aussi très importante <eos>,13,importante,important,11,F,P,importante,-3.3993435,important,-6.908386,1
69,S_NOUN_8_ADJ_a,F,S,la gemme avec les recettes qui était là depuis hier est aussi très courte <eos>,13,courte,court,11,F,P,courte,-6.152858,court,-7.7213755,1
70,S_NOUN_8_ADJ_a,F,S,la gemme avec les recettes qui était là depuis hier est aussi très dure <eos>,13,dure,dur,11,F,P,dure,-6.966362,dur,-7.4488497,1
71,S_NOUN_8_ADJ_a,F,S,la gemme avec les recettes qui était là depuis hier est aussi très claire <eos>,13,claire,clair,11,F,P,claire,-5.7726793,clair,-8.79788,1
72,S_NOUN_8_ADJ_a,F,S,la gemme avec les recettes qui était là depuis hier est aussi très intéressante <eos>,13,intéressante,intéressant,11,F,P,intéressante,-5.396867,intéressant,-8.606666,1
73,S_NOUN_8_ADJ_a,F,S,la gemme avec les recettes qui était là depuis hier est aussi très brillante <eos>,13,brillante,brillant,11,F,P,brillante,-6.6881332,brillant,-10.293309,1
74,S_NOUN_8_ADJ_a,F,S,la gemme avec les recettes qui était là depuis hier est aussi très compliquée <eos>,13,compliquée,compliqué,11,F,P,compliquée,-7.0869656,compliqué,-8.940805,1
75,S_NOUN_8_ADJ_a,F,S,la gemme avec les jupes qui était là depuis hier est aussi très verte <eos>,13,verte,vert,11,F,P,verte,-8.916091,vert,-11.428854,1
76,S_NOUN_8_ADJ_a,F,S,la gemme avec les jupes qui était là depuis hier est aussi très bleue <eos>,13,bleue,bleu,11,F,P,bleue,-11.048231,bleu,-11.589932,1
77,S_NOUN_8_ADJ_a,F,S,la gemme avec les jupes qui était là depuis hier est aussi très noire <eos>,13,noire,noir,11,F,P,noire,-6.67445,noir,-11.511336,1
78,S_NOUN_8_ADJ_a,F,S,la gemme avec les jupes qui était là depuis hier est aussi très délicate <eos>,13,délicate,délicat,11,F,P,délicate,-6.741811,délicat,-9.979438,1
79,S_NOUN_8_ADJ_a,F,S,la gemme avec les jupes qui était là depuis hier est aussi très pointue <eos>,13,pointue,pointu,11,F,P,pointue,-8.402145,pointu,-11.119785,1
80,S_NOUN_8_ADJ_a,F,S,la gemme avec les jupes qui était là depuis hier est aussi très ronde <eos>,13,ronde,rond,11,F,P,ronde,-9.642455,rond,-13.474623,1
81,S_NOUN_8_ADJ_a,F,S,la gemme avec les jupes qui était là depuis hier est aussi très froide <eos>,13,froide,froid,11,F,P,froide,-8.023283,froid,-10.469408,1
82,S_NOUN_8_ADJ_a,F,S,la gemme avec les jupes qui était là depuis hier est aussi très chaude <eos>,13,chaude,chaud,11,F,P,chaude,-6.363918,chaud,-10.470186,1
83,S_NOUN_8_ADJ_a,F,S,la gemme avec les jupes qui était là depuis hier est aussi très importante <eos>,13,importante,important,11,F,P,importante,-4.581736,important,-8.290419,1
84,S_NOUN_8_ADJ_a,F,S,la gemme avec les jupes qui était là depuis hier est aussi très courte <eos>,13,courte,court,11,F,P,courte,-4.8771853,court,-6.7913814,1
85,S_NOUN_8_ADJ_a,F,S,la gemme avec les jupes qui était là depuis hier est aussi très dure <eos>,13,dure,dur,11,F,P,dure,-6.435519,dur,-7.7748337,1
86,S_NOUN_8_ADJ_a,F,S,la gemme avec les jupes qui était là depuis hier est aussi très claire <eos>,13,claire,clair,11,F,P,claire,-4.968997,clair,-8.435576,1
87,S_NOUN_8_ADJ_a,F,S,la gemme avec les jupes qui était là depuis hier est aussi très intéressante <eos>,13,intéressante,intéressant,11,F,P,intéressante,-5.994442,intéressant,-9.144698,1
88,S_NOUN_8_ADJ_a,F,S,la gemme avec les jupes qui était là depuis hier est aussi très brillante <eos>,13,brillante,brillant,11,F,P,brillante,-6.3756466,brillant,-10.288938,1
89,S_NOUN_8_ADJ_a,F,S,la gemme avec les jupes qui était là depuis hier est aussi très compliquée <eos>,13,compliquée,compliqué,11,F,P,compliquée,-6.291728,compliqué,-8.587084,1
90,S_NOUN_8_ADJ_a,F,S,la gemme avec les colles qui était là depuis hier est aussi très verte <eos>,13,verte,vert,11,F,P,verte,-9.183146,vert,-11.770312,1
91,S_NOUN_8_ADJ_a,F,S,la gemme avec les colles qui était là depuis hier est aussi très bleue <eos>,13,bleue,bleu,11,F,P,bleue,-11.863811,bleu,-12.376585,1
92,S_NOUN_8_ADJ_a,F,S,la gemme avec les colles qui était là depuis hier est aussi très noire <eos>,13,noire,noir,11,F,P,noire,-8.23795,noir,-12.481467,1
93,S_NOUN_8_ADJ_a,F,S,la gemme avec les colles qui était là depuis hier est aussi très délicate <eos>,13,délicate,délicat,11,F,P,délicate,-5.918383,délicat,-9.630054,1
94,S_NOUN_8_ADJ_a,F,S,la gemme avec les colles qui était là depuis hier est aussi très pointue <eos>,13,pointue,pointu,11,F,P,pointue,-9.277735,pointu,-12.267061,1
95,S_NOUN_8_ADJ_a,F,S,la gemme avec les colles qui était là depuis hier est aussi très ronde <eos>,13,ronde,rond,11,F,P,ronde,-10.698236,rond,-14.296056,1
96,S_NOUN_8_ADJ_a,F,S,la gemme avec les colles qui était là depuis hier est aussi très froide <eos>,13,froide,froid,11,F,P,froide,-7.10954,froid,-9.601802,1
97,S_NOUN_8_ADJ_a,F,S,la gemme avec les colles qui était là depuis hier est aussi très chaude <eos>,13,chaude,chaud,11,F,P,chaude,-5.657385,chaud,-9.431313,1
98,S_NOUN_8_ADJ_a,F,S,la gemme avec les colles qui était là depuis hier est aussi très importante <eos>,13,importante,important,11,F,P,importante,-3.9558957,important,-7.711009,1
99,S_NOUN_8_ADJ_a,F,S,la gemme avec les colles qui était là depuis hier est aussi très courte <eos>,13,courte,court,11,F,P,courte,-6.3729877,court,-8.223968,1
100,S_NOUN_8_ADJ_a,F,S,la gemme avec les colles qui était là depuis hier est aussi très dure <eos>,13,dure,dur,11,F,P,dure,-6.685505,dur,-7.249709,1
101,S_NOUN_8_ADJ_a,F,S,la gemme avec les colles qui était là depuis hier est aussi très claire <eos>,13,claire,clair,11,F,P,claire,-5.427634,clair,-8.621195,1
102,S_NOUN_8_ADJ_a,F,S,la gemme avec les colles qui était là depuis hier est aussi très intéressante <eos>,13,intéressante,intéressant,11,F,P,intéressante,-5.6592894,intéressant,-8.765917,1
103,S_NOUN_8_ADJ_a,F,S,la gemme avec les colles qui était là depuis hier est aussi très brillante <eos>,13,brillante,brillant,11,F,P,brillante,-6.418941,brillant,-10.000921,1
104,S_NOUN_8_ADJ_a,F,S,la gemme avec les colles qui était là depuis hier est aussi très compliquée <eos>,13,compliquée,compliqué,11,F,P,compliquée,-6.1027336,compliqué,-8.541045,1
105,S_NOUN_8_ADJ_a,F,S,la gemme avec les lampes qui était là depuis hier est aussi très verte <eos>,13,verte,vert,11,F,P,verte,-8.312462,vert,-10.842151,1
106,S_NOUN_8_ADJ_a,F,S,la gemme avec les lampes qui était là depuis hier est aussi très bleue <eos>,13,bleue,bleu,11,F,P,bleue,-10.991247,bleu,-11.498823,1
107,S_NOUN_8_ADJ_a,F,S,la gemme avec les lampes qui était là depuis hier est aussi très noire <eos>,13,noire,noir,11,F,P,noire,-7.1139345,noir,-11.376357,1
108,S_NOUN_8_ADJ_a,F,S,la gemme avec les lampes qui était là depuis hier est aussi très délicate <eos>,13,délicate,délicat,11,F,P,délicate,-6.1425805,délicat,-9.868429,1
109,S_NOUN_8_ADJ_a,F,S,la gemme avec les lampes qui était là depuis hier est aussi très pointue <eos>,13,pointue,pointu,11,F,P,pointue,-8.979562,pointu,-11.895219,1
110,S_NOUN_8_ADJ_a,F,S,la gemme avec les lampes qui était là depuis hier est aussi très ronde <eos>,13,ronde,rond,11,F,P,ronde,-10.115142,rond,-14.073883,1
111,S_NOUN_8_ADJ_a,F,S,la gemme avec les lampes qui était là depuis hier est aussi très froide <eos>,13,froide,froid,11,F,P,froide,-7.411783,froid,-9.749789,1
112,S_NOUN_8_ADJ_a,F,S,la gemme avec les lampes qui était là depuis hier est aussi très chaude <eos>,13,chaude,chaud,11,F,P,chaude,-5.5199184,chaud,-9.159173,1
113,S_NOUN_8_ADJ_a,F,S,la gemme avec les lampes qui était là depuis hier est aussi très importante <eos>,13,importante,important,11,F,P,importante,-4.396246,important,-8.102629,1
114,S_NOUN_8_ADJ_a,F,S,la gemme avec les lampes qui était là depuis hier est aussi très courte <eos>,13,courte,court,11,F,P,courte,-5.592765,court,-7.365487,1
115,S_NOUN_8_ADJ_a,F,S,la gemme avec les lampes qui était là depuis hier est aussi très dure <eos>,13,dure,dur,11,F,P,dure,-6.382987,dur,-7.5858297,1
116,S_NOUN_8_ADJ_a,F,S,la gemme avec les lampes qui était là depuis hier est aussi très claire <eos>,13,claire,clair,11,F,P,claire,-5.1966515,clair,-8.530732,1
117,S_NOUN_8_ADJ_a,F,S,la gemme avec les lampes qui était là depuis hier est aussi très intéressante <eos>,13,intéressante,intéressant,11,F,P,intéressante,-5.6947627,intéressant,-8.869532,1
118,S_NOUN_8_ADJ_a,F,S,la gemme avec les lampes qui était là depuis hier est aussi très brillante <eos>,13,brillante,brillant,11,F,P,brillante,-5.651828,brillant,-9.616496,1
119,S_NOUN_8_ADJ_a,F,S,la gemme avec les lampes qui était là depuis hier est aussi très compliquée <eos>,13,compliquée,compliqué,11,F,P,compliquée,-6.042359,compliqué,-8.474281,1
120,S_NOUN_8_ADJ_a,F,S,la gemme avec les bouteilles qui était là depuis hier est aussi très verte <eos>,13,verte,vert,11,F,P,verte,-8.821552,vert,-10.824963,1
121,S_NOUN_8_ADJ_a,F,S,la gemme avec les bouteilles qui était là depuis hier est aussi très bleue <eos>,13,bleue,bleu,11,F,P,bleue,-11.664005,bleu,-11.807953,1
122,S_NOUN_8_ADJ_a,F,S,la gemme avec les bouteilles qui était là depuis hier est aussi très noire <eos>,13,noire,noir,11,F,P,noire,-7.598068,noir,-11.340283,1
123,S_NOUN_8_ADJ_a,F,S,la gemme avec les bouteilles qui était là depuis hier est aussi très délicate <eos>,13,délicate,délicat,11,F,P,délicate,-6.089348,délicat,-9.609262,1
124,S_NOUN_8_ADJ_a,F,S,la gemme avec les bouteilles qui était là depuis hier est aussi très pointue <eos>,13,pointue,pointu,11,F,P,pointue,-9.37471,pointu,-11.907534,1
125,S_NOUN_8_ADJ_a,F,S,la gemme avec les bouteilles qui était là depuis hier est aussi très ronde <eos>,13,ronde,rond,11,F,P,ronde,-10.06797,rond,-13.5274935,1
126,S_NOUN_8_ADJ_a,F,S,la gemme avec les bouteilles qui était là depuis hier est aussi très froide <eos>,13,froide,froid,11,F,P,froide,-7.5259876,froid,-9.318597,1
127,S_NOUN_8_ADJ_a,F,S,la gemme avec les bouteilles qui était là depuis hier est aussi très chaude <eos>,13,chaude,chaud,11,F,P,chaude,-5.4652815,chaud,-9.100692,1
128,S_NOUN_8_ADJ_a,F,S,la gemme avec les bouteilles qui était là depuis hier est aussi très importante <eos>,13,importante,important,11,F,P,importante,-3.931572,important,-7.4282427,1
129,S_NOUN_8_ADJ_a,F,S,la gemme avec les bouteilles qui était là depuis hier est aussi très courte <eos>,13,courte,court,11,F,P,courte,-6.0396485,court,-7.6191897,1
130,S_NOUN_8_ADJ_a,F,S,la gemme avec les bouteilles qui était là depuis hier est aussi très dure <eos>,13,dure,dur,11,F,P,dure,-6.4863033,dur,-7.28366,1
131,S_NOUN_8_ADJ_a,F,S,la gemme avec les bouteilles qui était là depuis hier est aussi très claire <eos>,13,claire,clair,11,F,P,claire,-4.981097,clair,-8.391059,1
132,S_NOUN_8_ADJ_a,F,S,la gemme avec les bouteilles qui était là depuis hier est aussi très intéressante <eos>,13,intéressante,intéressant,11,F,P,intéressante,-5.494885,intéressant,-8.542368,1
133,S_NOUN_8_ADJ_a,F,S,la gemme avec les bouteilles qui était là depuis hier est aussi très brillante <eos>,13,brillante,brillant,11,F,P,brillante,-6.1982794,brillant,-9.518729,1
134,S_NOUN_8_ADJ_a,F,S,la gemme avec les bouteilles qui était là depuis hier est aussi très compliquée <eos>,13,compliquée,compliqué,11,F,P,compliquée,-6.5797625,compliqué,-8.605832,1
135,S_NOUN_8_ADJ_a,F,S,la gemme avec les boissons qui était là depuis hier est aussi très verte <eos>,13,verte,vert,11,F,P,verte,-8.776304,vert,-11.227449,1
136,S_NOUN_8_ADJ_a,F,S,la gemme avec les boissons qui était là depuis hier est aussi très bleue <eos>,13,bleue,bleu,11,F,P,bleue,-11.491051,bleu,-12.23221,1
137,S_NOUN_8_ADJ_a,F,S,la gemme avec les boissons qui était là depuis hier est aussi très noire <eos>,13,noire,noir,11,F,P,noire,-7.8700237,noir,-11.950272,1
138,S_NOUN_8_ADJ_a,F,S,la gemme avec les boissons qui était là depuis hier est aussi très délicate <eos>,13,délicate,délicat,11,F,P,délicate,-6.1700215,délicat,-9.709911,1
139,S_NOUN_8_ADJ_a,F,S,la gemme avec les boissons qui était là depuis hier est aussi très pointue <eos>,13,pointue,pointu,11,F,P,pointue,-10.354084,pointu,-12.277306,1
140,S_NOUN_8_ADJ_a,F,S,la gemme avec les boissons qui était là depuis hier est aussi très ronde <eos>,13,ronde,rond,11,F,P,ronde,-10.989527,rond,-14.463972,1
141,S_NOUN_8_ADJ_a,F,S,la gemme avec les boissons qui était là depuis hier est aussi très froide <eos>,13,froide,froid,11,F,P,froide,-6.831163,froid,-8.69253,1
142,S_NOUN_8_ADJ_a,F,S,la gemme avec les boissons qui était là depuis hier est aussi très chaude <eos>,13,chaude,chaud,11,F,P,chaude,-5.206113,chaud,-8.641275,1
143,S_NOUN_8_ADJ_a,F,S,la gemme avec les boissons qui était là depuis hier est aussi très importante <eos>,13,importante,important,11,F,P,importante,-3.8692617,important,-7.6098003,1
144,S_NOUN_8_ADJ_a,F,S,la gemme avec les boissons qui était là depuis hier est aussi très courte <eos>,13,courte,court,11,F,P,courte,-6.448107,court,-8.392542,1
145,S_NOUN_8_ADJ_a,F,S,la gemme avec les boissons qui était là depuis hier est aussi très dure <eos>,13,dure,dur,11,F,P,dure,-6.3488984,dur,-7.668533,1
146,S_NOUN_8_ADJ_a,F,S,la gemme avec les boissons qui était là depuis hier est aussi très claire <eos>,13,claire,clair,11,F,P,claire,-5.1362066,clair,-8.299405,1
147,S_NOUN_8_ADJ_a,F,S,la gemme avec les boissons qui était là depuis hier est aussi très intéressante <eos>,13,intéressante,intéressant,11,F,P,intéressante,-6.0184846,intéressant,-8.86779,1
148,S_NOUN_8_ADJ_a,F,S,la gemme avec les boissons qui était là depuis hier est aussi très brillante <eos>,13,brillante,brillant,11,F,P,brillante,-7.0828886,brillant,-10.394933,1
149,S_NOUN_8_ADJ_a,F,S,la gemme avec les boissons qui était là depuis hier est aussi très compliquée <eos>,13,compliquée,compliqué,11,F,P,compliquée,-7.012276,compliqué,-9.210226,1
150,S_NOUN_8_ADJ_a,F,S,la gemme avec les pommes qui était là depuis hier est aussi très verte <eos>,13,verte,vert,11,F,P,verte,-8.869752,vert,-11.394858,1
151,S_NOUN_8_ADJ_a,F,S,la gemme avec les pommes qui était là depuis hier est aussi très bleue <eos>,13,bleue,bleu,11,F,P,bleue,-11.463781,bleu,-12.160078,1
152,S_NOUN_8_ADJ_a,F,S,la gemme avec les pommes qui était là depuis hier est aussi très noire <eos>,13,noire,noir,11,F,P,noire,-7.424736,noir,-11.816281,1
153,S_NOUN_8_ADJ_a,F,S,la gemme avec les pommes qui était là depuis hier est aussi très délicate <eos>,13,délicate,délicat,11,F,P,délicate,-6.109291,délicat,-9.572048,1
154,S_NOUN_8_ADJ_a,F,S,la gemme avec les pommes qui était là depuis hier est aussi très pointue <eos>,13,pointue,pointu,11,F,P,pointue,-9.268013,pointu,-11.761618,1
155,S_NOUN_8_ADJ_a,F,S,la gemme avec les pommes qui était là depuis hier est aussi très ronde <eos>,13,ronde,rond,11,F,P,ronde,-10.168164,rond,-14.128134,1
156,S_NOUN_8_ADJ_a,F,S,la gemme avec les pommes qui était là depuis hier est aussi très froide <eos>,13,froide,froid,11,F,P,froide,-7.242257,froid,-9.016591,1
157,S_NOUN_8_ADJ_a,F,S,la gemme avec les pommes qui était là depuis hier est aussi très chaude <eos>,13,chaude,chaud,11,F,P,chaude,-5.386487,chaud,-9.417914,1
158,S_NOUN_8_ADJ_a,F,S,la gemme avec les pommes qui était là depuis hier est aussi très importante <eos>,13,importante,important,11,F,P,importante,-3.7916255,important,-7.861341,1
159,S_NOUN_8_ADJ_a,F,S,la gemme avec les pommes qui était là depuis hier est aussi très courte <eos>,13,courte,court,11,F,P,courte,-5.7613716,court,-7.9600477,1
160,S_NOUN_8_ADJ_a,F,S,la gemme avec les pommes qui était là depuis hier est aussi très dure <eos>,13,dure,dur,11,F,P,dure,-5.6466126,dur,-7.426006,1
161,S_NOUN_8_ADJ_a,F,S,la gemme avec les pommes qui était là depuis hier est aussi très claire <eos>,13,claire,clair,11,F,P,claire,-4.8290663,clair,-8.374445,1
162,S_NOUN_8_ADJ_a,F,S,la gemme avec les pommes qui était là depuis hier est aussi très intéressante <eos>,13,intéressante,intéressant,11,F,P,intéressante,-6.0171437,intéressant,-9.233784,1
163,S_NOUN_8_ADJ_a,F,S,la gemme avec les pommes qui était là depuis hier est aussi très brillante <eos>,13,brillante,brillant,11,F,P,brillante,-6.4212313,brillant,-10.289346,1
164,S_NOUN_8_ADJ_a,F,S,la gemme avec les pommes qui était là depuis hier est aussi très compliquée <eos>,13,compliquée,compliqué,11,F,P,compliquée,-7.012002,compliqué,-9.419664,1
165,S_NOUN_8_ADJ_a,F,S,la gemme avec les tasses qui était là depuis hier est aussi très verte <eos>,13,verte,vert,11,F,P,verte,-9.100483,vert,-11.159383,1
166,S_NOUN_8_ADJ_a,F,S,la gemme avec les tasses qui était là depuis hier est aussi très bleue <eos>,13,bleue,bleu,11,F,P,bleue,-11.80073,bleu,-11.971708,1
167,S_NOUN_8_ADJ_a,F,S,la gemme avec les tasses qui était là depuis hier est aussi très noire <eos>,13,noire,noir,11,F,P,noire,-7.6548367,noir,-12.13113,1
168,S_NOUN_8_ADJ_a,F,S,la gemme avec les tasses qui était là depuis hier est aussi très délicate <eos>,13,délicate,délicat,11,F,P,délicate,-6.30156,délicat,-9.52413,1
169,S_NOUN_8_ADJ_a,F,S,la gemme avec les tasses qui était là depuis hier est aussi très pointue <eos>,13,pointue,pointu,11,F,P,pointue,-9.038393,pointu,-11.672085,1
170,S_NOUN_8_ADJ_a,F,S,la gemme avec les tasses qui était là depuis hier est aussi très ronde <eos>,13,ronde,rond,11,F,P,ronde,-9.634518,rond,-13.454045,1
171,S_NOUN_8_ADJ_a,F,S,la gemme avec les tasses qui était là depuis hier est aussi très froide <eos>,13,froide,froid,11,F,P,froide,-7.247621,froid,-9.834291,1
172,S_NOUN_8_ADJ_a,F,S,la gemme avec les tasses qui était là depuis hier est aussi très chaude <eos>,13,chaude,chaud,11,F,P,chaude,-5.608969,chaud,-9.658606,1
173,S_NOUN_8_ADJ_a,F,S,la gemme avec les tasses qui était là depuis hier est aussi très importante <eos>,13,importante,important,11,F,P,importante,-3.9943361,important,-7.57148,1
174,S_NOUN_8_ADJ_a,F,S,la gemme avec les tasses qui était là depuis hier est aussi très courte <eos>,13,courte,court,11,F,P,courte,-5.728203,court,-7.4065523,1
175,S_NOUN_8_ADJ_a,F,S,la gemme avec les tasses qui était là depuis hier est aussi très dure <eos>,13,dure,dur,11,F,P,dure,-6.3323803,dur,-7.3340797,1
176,S_NOUN_8_ADJ_a,F,S,la gemme avec les tasses qui était là depuis hier est aussi très claire <eos>,13,claire,clair,11,F,P,claire,-5.1387963,clair,-8.336292,1
177,S_NOUN_8_ADJ_a,F,S,la gemme avec les tasses qui était là depuis hier est aussi très intéressante <eos>,13,intéressante,intéressant,11,F,P,intéressante,-5.591649,intéressant,-8.808319,1
178,S_NOUN_8_ADJ_a,F,S,la gemme avec les tasses qui était là depuis hier est aussi très brillante <eos>,13,brillante,brillant,11,F,P,brillante,-6.0156507,brillant,-9.731343,1
179,S_NOUN_8_ADJ_a,F,S,la gemme avec les tasses qui était là depuis hier est aussi très compliquée <eos>,13,compliquée,compliqué,11,F,P,compliquée,-6.952054,compliqué,-8.985068,1
180,S_NOUN_8_ADJ_a,F,S,la gemme avec les bougies qui était là depuis hier est aussi très verte <eos>,13,verte,vert,11,F,P,verte,-8.790319,vert,-10.941261,1
181,S_NOUN_8_ADJ_a,F,S,la gemme avec les bougies qui était là depuis hier est aussi très bleue <eos>,13,bleue,bleu,11,F,P,bleue,-11.222935,bleu,-11.467325,1
182,S_NOUN_8_ADJ_a,F,S,la gemme avec les bougies qui était là depuis hier est aussi très noire <eos>,13,noire,noir,11,F,P,noire,-7.0241084,noir,-11.273945,1
183,S_NOUN_8_ADJ_a,F,S,la gemme avec les bougies qui était là depuis hier est aussi très délicate <eos>,13,délicate,délicat,11,F,P,délicate,-6.6318383,délicat,-9.745951,1
184,S_NOUN_8_ADJ_a,F,S,la gemme avec les bougies qui était là depuis hier est aussi très pointue <eos>,13,pointue,pointu,11,F,P,pointue,-9.451466,pointu,-12.109991,1
185,S_NOUN_8_ADJ_a,F,S,la gemme avec les bougies qui était là depuis hier est aussi très ronde <eos>,13,ronde,rond,11,F,P,ronde,-10.068374,rond,-13.879362,1
186,S_NOUN_8_ADJ_a,F,S,la gemme avec les bougies qui était là depuis hier est aussi très froide <eos>,13,froide,froid,11,F,P,froide,-7.2959976,froid,-9.539884,1
187,S_NOUN_8_ADJ_a,F,S,la gemme avec les bougies qui était là depuis hier est aussi très chaude <eos>,13,chaude,chaud,11,F,P,chaude,-5.4388986,chaud,-9.471306,1
188,S_NOUN_8_ADJ_a,F,S,la gemme avec les bougies qui était là depuis hier est aussi très importante <eos>,13,importante,important,11,F,P,importante,-4.3381996,important,-8.040036,1
189,S_NOUN_8_ADJ_a,F,S,la gemme avec les bougies qui était là depuis hier est aussi très courte <eos>,13,courte,court,11,F,P,courte,-5.341674,court,-7.2964983,1
190,S_NOUN_8_ADJ_a,F,S,la gemme avec les bougies qui était là depuis hier est aussi très dure <eos>,13,dure,dur,11,F,P,dure,-6.402238,dur,-7.9167795,1
191,S_NOUN_8_ADJ_a,F,S,la gemme avec les bougies qui était là depuis hier est aussi très claire <eos>,13,claire,clair,11,F,P,claire,-5.0020657,clair,-8.334451,1
192,S_NOUN_8_ADJ_a,F,S,la gemme avec les bougies qui était là depuis hier est aussi très intéressante <eos>,13,intéressante,intéressant,11,F,P,intéressante,-5.957719,intéressant,-9.232709,1
193,S_NOUN_8_ADJ_a,F,S,la gemme avec les bougies qui était là depuis hier est aussi très brillante <eos>,13,brillante,brillant,11,F,P,brillante,-6.069049,brillant,-10.025228,1
194,S_NOUN_8_ADJ_a,F,S,la gemme avec les bougies qui était là depuis hier est aussi très compliquée <eos>,13,compliquée,compliqué,11,F,P,compliquée,-7.099726,compliqué,-9.01507,1
195,S_NOUN_8_ADJ_a,F,S,la gemme avec les pochettes qui était là depuis hier est aussi très verte <eos>,13,verte,vert,11,F,P,verte,-8.921437,vert,-11.507479,1
196,S_NOUN_8_ADJ_a,F,S,la gemme avec les pochettes qui était là depuis hier est aussi très bleue <eos>,13,bleue,bleu,11,F,P,bleue,-11.628637,bleu,-11.790843,1
197,S_NOUN_8_ADJ_a,F,S,la gemme avec les pochettes qui était là depuis hier est aussi très noire <eos>,13,noire,noir,11,F,P,noire,-8.021951,noir,-11.638223,1
198,S_NOUN_8_ADJ_a,F,S,la gemme avec les pochettes qui était là depuis hier est aussi très délicate <eos>,13,délicate,délicat,11,F,P,délicate,-7.2809963,délicat,-10.5625515,1
199,S_NOUN_8_ADJ_a,F,S,la gemme avec les pochettes qui était là depuis hier est aussi très pointue <eos>,13,pointue,pointu,11,F,P,pointue,-9.85636,pointu,-11.311057,1
200,S_NOUN_8_ADJ_a,F,S,la gemme avec les pochettes qui était là depuis hier est aussi très ronde <eos>,13,ronde,rond,11,F,P,ronde,-11.209418,rond,-14.625307,1
201,S_NOUN_8_ADJ_a,F,S,la gemme avec les pochettes qui était là depuis hier est aussi très froide <eos>,13,froide,froid,11,F,P,froide,-9.214928,froid,-9.994006,1
202,S_NOUN_8_ADJ_a,F,S,la gemme avec les pochettes qui était là depuis hier est aussi très chaude <eos>,13,chaude,chaud,11,F,P,chaude,-6.485614,chaud,-10.569828,1
203,S_NOUN_8_ADJ_a,F,S,la gemme avec les pochettes qui était là depuis hier est aussi très importante <eos>,13,importante,important,11,F,P,importante,-3.6097097,important,-7.316701,1
204,S_NOUN_8_ADJ_a,F,S,la gemme avec les pochettes qui était là depuis hier est aussi très courte <eos>,13,courte,court,11,F,P,courte,-5.352721,court,-7.617543,1
205,S_NOUN_8_ADJ_a,F,S,la gemme avec les pochettes qui était là depuis hier est aussi très dure <eos>,13,dure,dur,11,F,P,dure,-5.968092,dur,-7.2092943,1
206,S_NOUN_8_ADJ_a,F,S,la gemme avec les pochettes qui était là depuis hier est aussi très claire <eos>,13,claire,clair,11,F,P,claire,-5.1370435,clair,-8.564627,1
207,S_NOUN_8_ADJ_a,F,S,la gemme avec les pochettes qui était là depuis hier est aussi très intéressante <eos>,13,intéressante,intéressant,11,F,P,intéressante,-5.636655,intéressant,-8.622621,1
208,S_NOUN_8_ADJ_a,F,S,la gemme avec les pochettes qui était là depuis hier est aussi très brillante <eos>,13,brillante,brillant,11,F,P,brillante,-5.407852,brillant,-9.874779,1
209,S_NOUN_8_ADJ_a,F,S,la gemme avec les pochettes qui était là depuis hier est aussi très compliquée <eos>,13,compliquée,compliqué,11,F,P,compliquée,-6.458686,compliqué,-9.483553,1
210,S_NOUN_8_ADJ_a,F,S,la gemme avec les bananes qui était là depuis hier est aussi très verte <eos>,13,verte,vert,11,F,P,verte,-8.250667,vert,-11.1829,1
211,S_NOUN_8_ADJ_a,F,S,la gemme avec les bananes qui était là depuis hier est aussi très bleue <eos>,13,bleue,bleu,11,F,P,bleue,-11.24234,bleu,-12.12397,1
212,S_NOUN_8_ADJ_a,F,S,la gemme avec les bananes qui était là depuis hier est aussi très noire <eos>,13,noire,noir,11,F,P,noire,-7.465767,noir,-11.852162,1
213,S_NOUN_8_ADJ_a,F,S,la gemme avec les bananes qui était là depuis hier est aussi très délicate <eos>,13,délicate,délicat,11,F,P,délicate,-6.551608,délicat,-9.932406,1
214,S_NOUN_8_ADJ_a,F,S,la gemme avec les bananes qui était là depuis hier est aussi très pointue <eos>,13,pointue,pointu,11,F,P,pointue,-9.317848,pointu,-11.603758,1
215,S_NOUN_8_ADJ_a,F,S,la gemme avec les bananes qui était là depuis hier est aussi très ronde <eos>,13,ronde,rond,11,F,P,ronde,-10.06498,rond,-14.05825,1
216,S_NOUN_8_ADJ_a,F,S,la gemme avec les bananes qui était là depuis hier est aussi très froide <eos>,13,froide,froid,11,F,P,froide,-7.3633094,froid,-9.40962,1
217,S_NOUN_8_ADJ_a,F,S,la gemme avec les bananes qui était là depuis hier est aussi très chaude <eos>,13,chaude,chaud,11,F,P,chaude,-5.577568,chaud,-9.400813,1
218,S_NOUN_8_ADJ_a,F,S,la gemme avec les bananes qui était là depuis hier est aussi très importante <eos>,13,importante,important,11,F,P,importante,-3.8803947,important,-7.814026,1
219,S_NOUN_8_ADJ_a,F,S,la gemme avec les bananes qui était là depuis hier est aussi très courte <eos>,13,courte,court,11,F,P,courte,-6.0629983,court,-7.648091,1
220,S_NOUN_8_ADJ_a,F,S,la gemme avec les bananes qui était là depuis hier est aussi très dure <eos>,13,dure,dur,11,F,P,dure,-6.0948606,dur,-7.2680984,1
221,S_NOUN_8_ADJ_a,F,S,la gemme avec les bananes qui était là depuis hier est aussi très claire <eos>,13,claire,clair,11,F,P,claire,-5.0426064,clair,-8.744943,1
222,S_NOUN_8_ADJ_a,F,S,la gemme avec les bananes qui était là depuis hier est aussi très intéressante <eos>,13,intéressante,intéressant,11,F,P,intéressante,-5.8171816,intéressant,-9.022833,1
223,S_NOUN_8_ADJ_a,F,S,la gemme avec les bananes qui était là depuis hier est aussi très brillante <eos>,13,brillante,brillant,11,F,P,brillante,-6.512439,brillant,-10.221601,1
224,S_NOUN_8_ADJ_a,F,S,la gemme avec les bananes qui était là depuis hier est aussi très compliquée <eos>,13,compliquée,compliqué,11,F,P,compliquée,-7.115896,compliqué,-9.055365,1
225,S_NOUN_8_ADJ_a,F,S,la gemme avec les robes qui était là depuis hier est aussi très verte <eos>,13,verte,vert,11,F,P,verte,-8.765488,vert,-11.325471,1
226,S_NOUN_8_ADJ_a,F,S,la gemme avec les robes qui était là depuis hier est aussi très bleue <eos>,13,bleue,bleu,11,F,P,bleue,-10.851093,bleu,-11.585373,1
227,S_NOUN_8_ADJ_a,F,S,la gemme avec les robes qui était là depuis hier est aussi très noire <eos>,13,noire,noir,11,F,P,noire,-6.7360277,noir,-11.571388,1
228,S_NOUN_8_ADJ_a,F,S,la gemme avec les robes qui était là depuis hier est aussi très délicate <eos>,13,délicate,délicat,11,F,P,délicate,-7.014282,délicat,-10.396447,1
229,S_NOUN_8_ADJ_a,F,S,la gemme avec les robes qui était là depuis hier est aussi très pointue <eos>,13,pointue,pointu,11,F,P,pointue,-9.752108,pointu,-11.856148,1
230,S_NOUN_8_ADJ_a,F,S,la gemme avec les robes qui était là depuis hier est aussi très ronde <eos>,13,ronde,rond,11,F,P,ronde,-10.62112,rond,-14.2685795,1
231,S_NOUN_8_ADJ_a,F,S,la gemme avec les robes qui était là depuis hier est aussi très froide <eos>,13,froide,froid,11,F,P,froide,-7.935443,froid,-10.195414,1
232,S_NOUN_8_ADJ_a,F,S,la gemme avec les robes qui était là depuis hier est aussi très chaude <eos>,13,chaude,chaud,11,F,P,chaude,-6.370025,chaud,-10.240248,1
233,S_NOUN_8_ADJ_a,F,S,la gemme avec les robes qui était là depuis hier est aussi très importante <eos>,13,importante,important,11,F,P,importante,-4.4023657,important,-8.110693,1
234,S_NOUN_8_ADJ_a,F,S,la gemme avec les robes qui était là depuis hier est aussi très courte <eos>,13,courte,court,11,F,P,courte,-5.434594,court,-7.5052547,1
235,S_NOUN_8_ADJ_a,F,S,la gemme avec les robes qui était là depuis hier est aussi très dure <eos>,13,dure,dur,11,F,P,dure,-6.7199173,dur,-8.544561,1
236,S_NOUN_8_ADJ_a,F,S,la gemme avec les robes qui était là depuis hier est aussi très claire <eos>,13,claire,clair,11,F,P,claire,-5.2554364,clair,-8.363546,1
237,S_NOUN_8_ADJ_a,F,S,la gemme avec les robes qui était là depuis hier est aussi très intéressante <eos>,13,intéressante,intéressant,11,F,P,intéressante,-6.2183437,intéressant,-9.245915,1
238,S_NOUN_8_ADJ_a,F,S,la gemme avec les robes qui était là depuis hier est aussi très brillante <eos>,13,brillante,brillant,11,F,P,brillante,-6.3376603,brillant,-10.579121,1
239,S_NOUN_8_ADJ_a,F,S,la gemme avec les robes qui était là depuis hier est aussi très compliquée <eos>,13,compliquée,compliqué,11,F,P,compliquée,-7.390908,compliqué,-9.432995,1
240,S_NOUN_8_ADJ_a,F,S,la gemme avec les valises qui était là depuis hier est aussi très verte <eos>,13,verte,vert,11,F,P,verte,-9.071426,vert,-11.574793,1
241,S_NOUN_8_ADJ_a,F,S,la gemme avec les valises qui était là depuis hier est aussi très bleue <eos>,13,bleue,bleu,11,F,P,bleue,-11.899893,bleu,-11.975048,1
242,S_NOUN_8_ADJ_a,F,S,la gemme avec les valises qui était là depuis hier est aussi très noire <eos>,13,noire,noir,11,F,P,noire,-7.5659003,noir,-11.909582,1
243,S_NOUN_8_ADJ_a,F,S,la gemme avec les valises qui était là depuis hier est aussi très délicate <eos>,13,délicate,délicat,11,F,P,délicate,-6.220152,délicat,-9.933984,1
244,S_NOUN_8_ADJ_a,F,S,la gemme avec les valises qui était là depuis hier est aussi très pointue <eos>,13,pointue,pointu,11,F,P,pointue,-9.290483,pointu,-11.874277,1
245,S_NOUN_8_ADJ_a,F,S,la gemme avec les valises qui était là depuis hier est aussi très ronde <eos>,13,ronde,rond,11,F,P,ronde,-10.087406,rond,-14.039278,1
246,S_NOUN_8_ADJ_a,F,S,la gemme avec les valises qui était là depuis hier est aussi très froide <eos>,13,froide,froid,11,F,P,froide,-7.4444103,froid,-9.496572,1
247,S_NOUN_8_ADJ_a,F,S,la gemme avec les valises qui était là depuis hier est aussi très chaude <eos>,13,chaude,chaud,11,F,P,chaude,-5.621808,chaud,-9.417031,1
248,S_NOUN_8_ADJ_a,F,S,la gemme avec les valises qui était là depuis hier est aussi très importante <eos>,13,importante,important,11,F,P,importante,-3.806248,important,-7.439868,1
249,S_NOUN_8_ADJ_a,F,S,la gemme avec les valises qui était là depuis hier est aussi très courte <eos>,13,courte,court,11,F,P,courte,-5.5598073,court,-7.351971,1
250,S_NOUN_8_ADJ_a,F,S,la gemme avec les valises qui était là depuis hier est aussi très dure <eos>,13,dure,dur,11,F,P,dure,-6.218478,dur,-7.4330587,1
251,S_NOUN_8_ADJ_a,F,S,la gemme avec les valises qui était là depuis hier est aussi très claire <eos>,13,claire,clair,11,F,P,claire,-5.2073793,clair,-8.783885,1
252,S_NOUN_8_ADJ_a,F,S,la gemme avec les valises qui était là depuis hier est aussi très intéressante <eos>,13,intéressante,intéressant,11,F,P,intéressante,-5.50051,intéressant,-8.610752,1
253,S_NOUN_8_ADJ_a,F,S,la gemme avec les valises qui était là depuis hier est aussi très brillante <eos>,13,brillante,brillant,11,F,P,brillante,-6.378977,brillant,-10.079264,1
254,S_NOUN_8_ADJ_a,F,S,la gemme avec les valises qui était là depuis hier est aussi très compliquée <eos>,13,compliquée,compliqué,11,F,P,compliquée,-6.43944,compliqué,-8.45288,1
255,S_NOUN_8_ADJ_a,F,S,la gemme avec les pendules qui était là depuis hier est aussi très verte <eos>,13,verte,vert,11,F,P,verte,-8.469541,vert,-11.038539,1
256,S_NOUN_8_ADJ_a,F,S,la gemme avec les pendules qui était là depuis hier est aussi très bleue <eos>,13,bleue,bleu,11,F,P,bleue,-11.167479,bleu,-11.555066,1
257,S_NOUN_8_ADJ_a,F,S,la gemme avec les pendules qui était là depuis hier est aussi très noire <eos>,13,noire,noir,11,F,P,noire,-7.3151894,noir,-11.407273,1
258,S_NOUN_8_ADJ_a,F,S,la gemme avec les pendules qui était là depuis hier est aussi très délicate <eos>,13,délicate,délicat,11,F,P,délicate,-6.170453,délicat,-9.837374,1
259,S_NOUN_8_ADJ_a,F,S,la gemme avec les pendules qui était là depuis hier est aussi très pointue <eos>,13,pointue,pointu,11,F,P,pointue,-9.13807,pointu,-11.991951,1
260,S_NOUN_8_ADJ_a,F,S,la gemme avec les pendules qui était là depuis hier est aussi très ronde <eos>,13,ronde,rond,11,F,P,ronde,-10.434512,rond,-14.198854,1
261,S_NOUN_8_ADJ_a,F,S,la gemme avec les pendules qui était là depuis hier est aussi très froide <eos>,13,froide,froid,11,F,P,froide,-7.734847,froid,-9.734831,1
262,S_NOUN_8_ADJ_a,F,S,la gemme avec les pendules qui était là depuis hier est aussi très chaude <eos>,13,chaude,chaud,11,F,P,chaude,-5.7738457,chaud,-9.4159155,1
263,S_NOUN_8_ADJ_a,F,S,la gemme avec les pendules qui était là depuis hier est aussi très importante <eos>,13,importante,important,11,F,P,importante,-4.441449,important,-8.078386,1
264,S_NOUN_8_ADJ_a,F,S,la gemme avec les pendules qui était là depuis hier est aussi très courte <eos>,13,courte,court,11,F,P,courte,-5.6457872,court,-7.5589256,1
265,S_NOUN_8_ADJ_a,F,S,la gemme avec les pendules qui était là depuis hier est aussi très dure <eos>,13,dure,dur,11,F,P,dure,-6.4332013,dur,-7.7684207,1
266,S_NOUN_8_ADJ_a,F,S,la gemme avec les pendules qui était là depuis hier est aussi très claire <eos>,13,claire,clair,11,F,P,claire,-5.0047307,clair,-8.443743,1
267,S_NOUN_8_ADJ_a,F,S,la gemme avec les pendules qui était là depuis hier est aussi très intéressante <eos>,13,intéressante,intéressant,11,F,P,intéressante,-5.7043433,intéressant,-8.850473,1
268,S_NOUN_8_ADJ_a,F,S,la gemme avec les pendules qui était là depuis hier est aussi très brillante <eos>,13,brillante,brillant,11,F,P,brillante,-6.3244057,brillant,-9.914552,1
269,S_NOUN_8_ADJ_a,F,S,la gemme avec les pendules qui était là depuis hier est aussi très compliquée <eos>,13,compliquée,compliqué,11,F,P,compliquée,-5.8269196,compliqué,-8.1587105,1
270,S_NOUN_8_ADJ_a,F,S,la gemme avec les cloches qui était là depuis hier est aussi très verte <eos>,13,verte,vert,11,F,P,verte,-8.928565,vert,-11.030794,1
271,S_NOUN_8_ADJ_a,F,S,la gemme avec les cloches qui était là depuis hier est aussi très bleue <eos>,13,bleue,bleu,11,F,P,bleue,-11.417707,bleu,-11.915767,1
272,S_NOUN_8_ADJ_a,F,S,la gemme avec les cloches qui était là depuis hier est aussi très noire <eos>,13,noire,noir,11,F,P,noire,-7.2795725,noir,-12.133406,1
273,S_NOUN_8_ADJ_a,F,S,la gemme avec les cloches qui était là depuis hier est aussi très délicate <eos>,13,délicate,délicat,11,F,P,délicate,-5.973939,délicat,-9.559337,1
274,S_NOUN_8_ADJ_a,F,S,la gemme avec les cloches qui était là depuis hier est aussi très pointue <eos>,13,pointue,pointu,11,F,P,pointue,-9.6816025,pointu,-12.566065,1
275,S_NOUN_8_ADJ_a,F,S,la gemme avec les cloches qui était là depuis hier est aussi très ronde <eos>,13,ronde,rond,11,F,P,ronde,-10.192726,rond,-14.61702,1
276,S_NOUN_8_ADJ_a,F,S,la gemme avec les cloches qui était là depuis hier est aussi très froide <eos>,13,froide,froid,11,F,P,froide,-7.573124,froid,-9.779184,1
277,S_NOUN_8_ADJ_a,F,S,la gemme avec les cloches qui était là depuis hier est aussi très chaude <eos>,13,chaude,chaud,11,F,P,chaude,-5.293293,chaud,-9.472167,1
278,S_NOUN_8_ADJ_a,F,S,la gemme avec les cloches qui était là depuis hier est aussi très importante <eos>,13,importante,important,11,F,P,importante,-4.0439835,important,-7.900301,1
279,S_NOUN_8_ADJ_a,F,S,la gemme avec les cloches qui était là depuis hier est aussi très courte <eos>,13,courte,court,11,F,P,courte,-5.719754,court,-7.8722744,1
280,S_NOUN_8_ADJ_a,F,S,la gemme avec les cloches qui était là depuis hier est aussi très dure <eos>,13,dure,dur,11,F,P,dure,-5.6941876,dur,-7.5289807,1
281,S_NOUN_8_ADJ_a,F,S,la gemme avec les cloches qui était là depuis hier est aussi très claire <eos>,13,claire,clair,11,F,P,claire,-5.20263,clair,-8.358381,1
282,S_NOUN_8_ADJ_a,F,S,la gemme avec les cloches qui était là depuis hier est aussi très intéressante <eos>,13,intéressante,intéressant,11,F,P,intéressante,-5.819579,intéressant,-8.95685,1
283,S_NOUN_8_ADJ_a,F,S,la gemme avec les cloches qui était là depuis hier est aussi très brillante <eos>,13,brillante,brillant,11,F,P,brillante,-5.8752136,brillant,-9.8934965,1
284,S_NOUN_8_ADJ_a,F,S,la gemme avec les cloches qui était là depuis hier est aussi très compliquée <eos>,13,compliquée,compliqué,11,F,P,compliquée,-6.8885627,compliqué,-9.132734,1
285,S_NOUN_8_ADJ_a,F,S,la gemme avec les cerises qui était là depuis hier est aussi très verte <eos>,13,verte,vert,11,F,P,verte,-8.870981,vert,-11.241903,1
286,S_NOUN_8_ADJ_a,F,S,la gemme avec les cerises qui était là depuis hier est aussi très bleue <eos>,13,bleue,bleu,11,F,P,bleue,-11.713859,bleu,-12.007665,1
287,S_NOUN_8_ADJ_a,F,S,la gemme avec les cerises qui était là depuis hier est aussi très noire <eos>,13,noire,noir,11,F,P,noire,-7.4269667,noir,-11.933863,1
288,S_NOUN_8_ADJ_a,F,S,la gemme avec les cerises qui était là depuis hier est aussi très délicate <eos>,13,délicate,délicat,11,F,P,délicate,-6.159659,délicat,-9.278114,1
289,S_NOUN_8_ADJ_a,F,S,la gemme avec les cerises qui était là depuis hier est aussi très pointue <eos>,13,pointue,pointu,11,F,P,pointue,-9.397514,pointu,-11.858498,1
290,S_NOUN_8_ADJ_a,F,S,la gemme avec les cerises qui était là depuis hier est aussi très ronde <eos>,13,ronde,rond,11,F,P,ronde,-10.020691,rond,-13.875139,1
291,S_NOUN_8_ADJ_a,F,S,la gemme avec les cerises qui était là depuis hier est aussi très froide <eos>,13,froide,froid,11,F,P,froide,-7.5804224,froid,-9.458163,1
292,S_NOUN_8_ADJ_a,F,S,la gemme avec les cerises qui était là depuis hier est aussi très chaude <eos>,13,chaude,chaud,11,F,P,chaude,-5.670329,chaud,-9.605452,1
293,S_NOUN_8_ADJ_a,F,S,la gemme avec les cerises qui était là depuis hier est aussi très importante <eos>,13,importante,important,11,F,P,importante,-3.9155326,important,-7.796821,1
294,S_NOUN_8_ADJ_a,F,S,la gemme avec les cerises qui était là depuis hier est aussi très courte <eos>,13,courte,court,11,F,P,courte,-5.7034874,court,-7.901413,1
295,S_NOUN_8_ADJ_a,F,S,la gemme avec les cerises qui était là depuis hier est aussi très dure <eos>,13,dure,dur,11,F,P,dure,-5.889568,dur,-7.6292386,1
296,S_NOUN_8_ADJ_a,F,S,la gemme avec les cerises qui était là depuis hier est aussi très claire <eos>,13,claire,clair,11,F,P,claire,-4.8175063,clair,-8.418875,1
297,S_NOUN_8_ADJ_a,F,S,la gemme avec les cerises qui était là depuis hier est aussi très intéressante <eos>,13,intéressante,intéressant,11,F,P,intéressante,-6.090565,intéressant,-9.1476555,1
298,S_NOUN_8_ADJ_a,F,S,la gemme avec les cerises qui était là depuis hier est aussi très brillante <eos>,13,brillante,brillant,11,F,P,brillante,-6.215509,brillant,-10.213975,1
299,S_NOUN_8_ADJ_a,F,S,la gemme avec les cerises qui était là depuis hier est aussi très compliquée <eos>,13,compliquée,compliqué,11,F,P,compliquée,-7.2808695,compliqué,-9.650676,1
300,S_NOUN_8_ADJ_a,F,S,la chaise avec les gemmes qui était là depuis hier est aussi très verte <eos>,13,verte,vert,11,F,P,verte,-8.965033,vert,-11.352248,1
301,S_NOUN_8_ADJ_a,F,S,la chaise avec les gemmes qui était là depuis hier est aussi très bleue <eos>,13,bleue,bleu,11,F,P,bleue,-11.072759,bleu,-11.708236,1
302,S_NOUN_8_ADJ_a,F,S,la chaise avec les gemmes qui était là depuis hier est aussi très noire <eos>,13,noire,noir,11,F,P,noire,-7.45161,noir,-11.616188,1
303,S_NOUN_8_ADJ_a,F,S,la chaise avec les gemmes qui était là depuis hier est aussi très délicate <eos>,13,délicate,délicat,11,F,P,délicate,-5.8836594,délicat,-9.485886,1
304,S_NOUN_8_ADJ_a,F,S,la chaise avec les gemmes qui était là depuis hier est aussi très pointue <eos>,13,pointue,pointu,11,F,P,pointue,-9.7893915,pointu,-12.211499,1
305,S_NOUN_8_ADJ_a,F,S,la chaise avec les gemmes qui était là depuis hier est aussi très ronde <eos>,13,ronde,rond,11,F,P,ronde,-10.506402,rond,-14.105641,1
306,S_NOUN_8_ADJ_a,F,S,la chaise avec les gemmes qui était là depuis hier est aussi très froide <eos>,13,froide,froid,11,F,P,froide,-7.364272,froid,-9.249229,1
307,S_NOUN_8_ADJ_a,F,S,la chaise avec les gemmes qui était là depuis hier est aussi très chaude <eos>,13,chaude,chaud,11,F,P,chaude,-5.8168755,chaud,-9.329831,1
308,S_NOUN_8_ADJ_a,F,S,la chaise avec les gemmes qui était là depuis hier est aussi très importante <eos>,13,importante,important,11,F,P,importante,-4.2145653,important,-7.723996,1
309,S_NOUN_8_ADJ_a,F,S,la chaise avec les gemmes qui était là depuis hier est aussi très courte <eos>,13,courte,court,11,F,P,courte,-5.8361454,court,-7.3005915,1
310,S_NOUN_8_ADJ_a,F,S,la chaise avec les gemmes qui était là depuis hier est aussi très dure <eos>,13,dure,dur,11,F,P,dure,-6.185561,dur,-7.3727627,1
311,S_NOUN_8_ADJ_a,F,S,la chaise avec les gemmes qui était là depuis hier est aussi très claire <eos>,13,claire,clair,11,F,P,claire,-4.906761,clair,-7.8924494,1
312,S_NOUN_8_ADJ_a,F,S,la chaise avec les gemmes qui était là depuis hier est aussi très intéressante <eos>,13,intéressante,intéressant,11,F,P,intéressante,-5.5661407,intéressant,-8.814016,1
313,S_NOUN_8_ADJ_a,F,S,la chaise avec les gemmes qui était là depuis hier est aussi très brillante <eos>,13,brillante,brillant,11,F,P,brillante,-6.2206807,brillant,-9.844843,1
314,S_NOUN_8_ADJ_a,F,S,la chaise avec les gemmes qui était là depuis hier est aussi très compliquée <eos>,13,compliquée,compliqué,11,F,P,compliquée,-6.1510005,compliqué,-8.197779,1
315,S_NOUN_8_ADJ_a,F,S,la chaise avec les chaises qui était là depuis hier est aussi très verte <eos>,13,verte,vert,11,F,P,verte,-8.96539,vert,-11.37965,1
316,S_NOUN_8_ADJ_a,F,S,la chaise avec les chaises qui était là depuis hier est aussi très bleue <eos>,13,bleue,bleu,11,F,P,bleue,-11.336238,bleu,-11.679211,1
317,S_NOUN_8_ADJ_a,F,S,la chaise avec les chaises qui était là depuis hier est aussi très noire <eos>,13,noire,noir,11,F,P,noire,-7.4476137,noir,-11.8745165,1
318,S_NOUN_8_ADJ_a,F,S,la chaise avec les chaises qui était là depuis hier est aussi très délicate <eos>,13,délicate,délicat,11,F,P,délicate,-6.2743096,délicat,-9.445591,1
319,S_NOUN_8_ADJ_a,F,S,la chaise avec les chaises qui était là depuis hier est aussi très pointue <eos>,13,pointue,pointu,11,F,P,pointue,-9.292641,pointu,-11.750506,1
320,S_NOUN_8_ADJ_a,F,S,la chaise avec les chaises qui était là depuis hier est aussi très ronde <eos>,13,ronde,rond,11,F,P,ronde,-9.595805,rond,-13.28934,1
321,S_NOUN_8_ADJ_a,F,S,la chaise avec les chaises qui était là depuis hier est aussi très froide <eos>,13,froide,froid,11,F,P,froide,-7.735999,froid,-10.11645,1
322,S_NOUN_8_ADJ_a,F,S,la chaise avec les chaises qui était là depuis hier est aussi très chaude <eos>,13,chaude,chaud,11,F,P,chaude,-5.722088,chaud,-9.746572,1
323,S_NOUN_8_ADJ_a,F,S,la chaise avec les chaises qui était là depuis hier est aussi très importante <eos>,13,importante,important,11,F,P,importante,-4.3386908,important,-7.8140116,1
324,S_NOUN_8_ADJ_a,F,S,la chaise avec les chaises qui était là depuis hier est aussi très courte <eos>,13,courte,court,11,F,P,courte,-5.37792,court,-6.876169,1
325,S_NOUN_8_ADJ_a,F,S,la chaise avec les chaises qui était là depuis hier est aussi très dure <eos>,13,dure,dur,11,F,P,dure,-5.9537077,dur,-7.6224804,1
326,S_NOUN_8_ADJ_a,F,S,la chaise avec les chaises qui était là depuis hier est aussi très claire <eos>,13,claire,clair,11,F,P,claire,-5.2337813,clair,-8.293592,1
327,S_NOUN_8_ADJ_a,F,S,la chaise avec les chaises qui était là depuis hier est aussi très intéressante <eos>,13,intéressante,intéressant,11,F,P,intéressante,-5.623111,intéressant,-8.659652,1
328,S_NOUN_8_ADJ_a,F,S,la chaise avec les chaises qui était là depuis hier est aussi très brillante <eos>,13,brillante,brillant,11,F,P,brillante,-6.360276,brillant,-10.105609,1
329,S_NOUN_8_ADJ_a,F,S,la chaise avec les chaises qui était là depuis hier est aussi très compliquée <eos>,13,compliquée,compliqué,11,F,P,compliquée,-6.251029,compliqué,-8.252517,1
330,S_NOUN_8_ADJ_a,F,S,la chaise avec les poubelles qui était là depuis hier est aussi très verte <eos>,13,verte,vert,11,F,P,verte,-9.347694,vert,-11.909453,1
331,S_NOUN_8_ADJ_a,F,S,la chaise avec les poubelles qui était là depuis hier est aussi très bleue <eos>,13,bleue,bleu,11,F,P,bleue,-11.69642,bleu,-12.107121,1
332,S_NOUN_8_ADJ_a,F,S,la chaise avec les poubelles qui était là depuis hier est aussi très noire <eos>,13,noire,noir,11,F,P,noire,-7.7026615,noir,-12.174426,1
333,S_NOUN_8_ADJ_a,F,S,la chaise avec les poubelles qui était là depuis hier est aussi très délicate <eos>,13,délicate,délicat,11,F,P,délicate,-5.9446955,délicat,-9.563304,1
334,S_NOUN_8_ADJ_a,F,S,la chaise avec les poubelles qui était là depuis hier est aussi très pointue <eos>,13,pointue,pointu,11,F,P,pointue,-9.084302,pointu,-11.596835,1
335,S_NOUN_8_ADJ_a,F,S,la chaise avec les poubelles qui était là depuis hier est aussi très ronde <eos>,13,ronde,rond,11,F,P,ronde,-9.841628,rond,-13.686818,1
336,S_NOUN_8_ADJ_a,F,S,la chaise avec les poubelles qui était là depuis hier est aussi très froide <eos>,13,froide,froid,11,F,P,froide,-7.549551,froid,-9.821317,1
337,S_NOUN_8_ADJ_a,F,S,la chaise avec les poubelles qui était là depuis hier est aussi très chaude <eos>,13,chaude,chaud,11,F,P,chaude,-5.9117546,chaud,-9.782304,1
338,S_NOUN_8_ADJ_a,F,S,la chaise avec les poubelles qui était là depuis hier est aussi très importante <eos>,13,importante,important,11,F,P,importante,-4.152479,important,-7.6796465,1
339,S_NOUN_8_ADJ_a,F,S,la chaise avec les poubelles qui était là depuis hier est aussi très courte <eos>,13,courte,court,11,F,P,courte,-5.544581,court,-7.0533633,1
340,S_NOUN_8_ADJ_a,F,S,la chaise avec les poubelles qui était là depuis hier est aussi très dure <eos>,13,dure,dur,11,F,P,dure,-6.3940244,dur,-7.6671224,1
341,S_NOUN_8_ADJ_a,F,S,la chaise avec les poubelles qui était là depuis hier est aussi très claire <eos>,13,claire,clair,11,F,P,claire,-5.3198996,clair,-8.564882,1
342,S_NOUN_8_ADJ_a,F,S,la chaise avec les poubelles qui était là depuis hier est aussi très intéressante <eos>,13,intéressante,intéressant,11,F,P,intéressante,-5.448483,intéressant,-8.5812435,1
343,S_NOUN_8_ADJ_a,F,S,la chaise avec les poubelles qui était là depuis hier est aussi très brillante <eos>,13,brillante,brillant,11,F,P,brillante,-6.9944983,brillant,-10.565447,1
344,S_NOUN_8_ADJ_a,F,S,la chaise avec les poubelles qui était là depuis hier est aussi très compliquée <eos>,13,compliquée,compliqué,11,F,P,compliquée,-6.063981,compliqué,-8.09744,1
345,S_NOUN_8_ADJ_a,F,S,la chaise avec les chemises qui était là depuis hier est aussi très verte <eos>,13,verte,vert,11,F,P,verte,-8.980767,vert,-11.453607,1
346,S_NOUN_8_ADJ_a,F,S,la chaise avec les chemises qui était là depuis hier est aussi très bleue <eos>,13,bleue,bleu,11,F,P,bleue,-10.9594755,bleu,-11.579672,1
347,S_NOUN_8_ADJ_a,F,S,la chaise avec les chemises qui était là depuis hier est aussi très noire <eos>,13,noire,noir,11,F,P,noire,-6.8505397,noir,-11.490831,1
348,S_NOUN_8_ADJ_a,F,S,la chaise avec les chemises qui était là depuis hier est aussi très délicate <eos>,13,délicate,délicat,11,F,P,délicate,-6.151985,délicat,-9.466701,1
349,S_NOUN_8_ADJ_a,F,S,la chaise avec les chemises qui était là depuis hier est aussi très pointue <eos>,13,pointue,pointu,11,F,P,pointue,-9.120836,pointu,-11.375933,1
350,S_NOUN_8_ADJ_a,F,S,la chaise avec les chemises qui était là depuis hier est aussi très ronde <eos>,13,ronde,rond,11,F,P,ronde,-9.836709,rond,-13.474119,1
351,S_NOUN_8_ADJ_a,F,S,la chaise avec les chemises qui était là depuis hier est aussi très froide <eos>,13,froide,froid,11,F,P,froide,-7.9863524,froid,-10.161898,1
352,S_NOUN_8_ADJ_a,F,S,la chaise avec les chemises qui était là depuis hier est aussi très chaude <eos>,13,chaude,chaud,11,F,P,chaude,-6.346212,chaud,-9.905224,1
353,S_NOUN_8_ADJ_a,F,S,la chaise avec les chemises qui était là depuis hier est aussi très importante <eos>,13,importante,important,11,F,P,importante,-4.704298,important,-8.103152,1
354,S_NOUN_8_ADJ_a,F,S,la chaise avec les chemises qui était là depuis hier est aussi très courte <eos>,13,courte,court,11,F,P,courte,-5.0504637,court,-6.7342606,1
355,S_NOUN_8_ADJ_a,F,S,la chaise avec les chemises qui était là depuis hier est aussi très dure <eos>,13,dure,dur,11,F,P,dure,-5.9427996,dur,-7.7309704,1
356,S_NOUN_8_ADJ_a,F,S,la chaise avec les chemises qui était là depuis hier est aussi très claire <eos>,13,claire,clair,11,F,P,claire,-4.971637,clair,-7.929901,1
357,S_NOUN_8_ADJ_a,F,S,la chaise avec les chemises qui était là depuis hier est aussi très intéressante <eos>,13,intéressante,intéressant,11,F,P,intéressante,-6.1532307,intéressant,-9.040858,1
358,S_NOUN_8_ADJ_a,F,S,la chaise avec les chemises qui était là depuis hier est aussi très brillante <eos>,13,brillante,brillant,11,F,P,brillante,-6.7276716,brillant,-10.233579,1
359,S_NOUN_8_ADJ_a,F,S,la chaise avec les chemises qui était là depuis hier est aussi très compliquée <eos>,13,compliquée,compliqué,11,F,P,compliquée,-6.1022778,compliqué,-7.992222,1
360,S_NOUN_8_ADJ_a,F,S,la chaise avec les recettes qui était là depuis hier est aussi très verte <eos>,13,verte,vert,11,F,P,verte,-9.907761,vert,-12.410547,1
361,S_NOUN_8_ADJ_a,F,S,la chaise avec les recettes qui était là depuis hier est aussi très bleue <eos>,13,bleue,bleu,11,F,P,bleue,-12.830365,bleu,-12.866585,1
362,S_NOUN_8_ADJ_a,F,S,la chaise avec les recettes qui était là depuis hier est aussi très noire <eos>,13,noire,noir,11,F,P,noire,-9.078201,noir,-12.253387,1
363,S_NOUN_8_ADJ_a,F,S,la chaise avec les recettes qui était là depuis hier est aussi très délicate <eos>,13,délicate,délicat,11,F,P,délicate,-6.112212,délicat,-9.396704,1
364,S_NOUN_8_ADJ_a,F,S,la chaise avec les recettes qui était là depuis hier est aussi très pointue <eos>,13,pointue,pointu,11,F,P,pointue,-9.851563,pointu,-11.780172,1
365,S_NOUN_8_ADJ_a,F,S,la chaise avec les recettes qui était là depuis hier est aussi très ronde <eos>,13,ronde,rond,11,F,P,ronde,-11.0402355,rond,-13.881668,1
366,S_NOUN_8_ADJ_a,F,S,la chaise avec les recettes qui était là depuis hier est aussi très froide <eos>,13,froide,froid,11,F,P,froide,-8.628159,froid,-10.099768,1
367,S_NOUN_8_ADJ_a,F,S,la chaise avec les recettes qui était là depuis hier est aussi très chaude <eos>,13,chaude,chaud,11,F,P,chaude,-6.475231,chaud,-10.042419,1
368,S_NOUN_8_ADJ_a,F,S,la chaise avec les recettes qui était là depuis hier est aussi très importante <eos>,13,importante,important,11,F,P,importante,-3.387045,important,-6.8040915,1
369,S_NOUN_8_ADJ_a,F,S,la chaise avec les recettes qui était là depuis hier est aussi très courte <eos>,13,courte,court,11,F,P,courte,-5.8856707,court,-7.334427,1
370,S_NOUN_8_ADJ_a,F,S,la chaise avec les recettes qui était là depuis hier est aussi très dure <eos>,13,dure,dur,11,F,P,dure,-6.7171707,dur,-7.694826,1
371,S_NOUN_8_ADJ_a,F,S,la chaise avec les recettes qui était là depuis hier est aussi très claire <eos>,13,claire,clair,11,F,P,claire,-5.697195,clair,-8.697635,1
372,S_NOUN_8_ADJ_a,F,S,la chaise avec les recettes qui était là depuis hier est aussi très intéressante <eos>,13,intéressante,intéressant,11,F,P,intéressante,-5.260397,intéressant,-8.3621,1
373,S_NOUN_8_ADJ_a,F,S,la chaise avec les recettes qui était là depuis hier est aussi très brillante <eos>,13,brillante,brillant,11,F,P,brillante,-7.0992746,brillant,-10.477136,1
374,S_NOUN_8_ADJ_a,F,S,la chaise avec les recettes qui était là depuis hier est aussi très compliquée <eos>,13,compliquée,compliqué,11,F,P,compliquée,-6.447589,compliqué,-8.143572,1
375,S_NOUN_8_ADJ_a,F,S,la chaise avec les jupes qui était là depuis hier est aussi très verte <eos>,13,verte,vert,11,F,P,verte,-9.311167,vert,-11.890123,1
376,S_NOUN_8_ADJ_a,F,S,la chaise avec les jupes qui était là depuis hier est aussi très bleue <eos>,13,bleue,bleu,11,F,P,bleue,-11.340027,bleu,-11.74987,1
377,S_NOUN_8_ADJ_a,F,S,la chaise avec les jupes qui était là depuis hier est aussi très noire <eos>,13,noire,noir,11,F,P,noire,-7.021144,noir,-11.55041,1
378,S_NOUN_8_ADJ_a,F,S,la chaise avec les jupes qui était là depuis hier est aussi très délicate <eos>,13,délicate,délicat,11,F,P,délicate,-6.590673,délicat,-9.614622,1
379,S_NOUN_8_ADJ_a,F,S,la chaise avec les jupes qui était là depuis hier est aussi très pointue <eos>,13,pointue,pointu,11,F,P,pointue,-8.910963,pointu,-11.245483,1
380,S_NOUN_8_ADJ_a,F,S,la chaise avec les jupes qui était là depuis hier est aussi très ronde <eos>,13,ronde,rond,11,F,P,ronde,-9.944483,rond,-13.330061,1
381,S_NOUN_8_ADJ_a,F,S,la chaise avec les jupes qui était là depuis hier est aussi très froide <eos>,13,froide,froid,11,F,P,froide,-8.154501,froid,-10.331165,1
382,S_NOUN_8_ADJ_a,F,S,la chaise avec les jupes qui était là depuis hier est aussi très chaude <eos>,13,chaude,chaud,11,F,P,chaude,-6.43011,chaud,-10.260255,1
383,S_NOUN_8_ADJ_a,F,S,la chaise avec les jupes qui était là depuis hier est aussi très importante <eos>,13,importante,important,11,F,P,importante,-4.8005805,important,-8.15486,1
384,S_NOUN_8_ADJ_a,F,S,la chaise avec les jupes qui était là depuis hier est aussi très courte <eos>,13,courte,court,11,F,P,courte,-5.0612154,court,-6.7115345,1
385,S_NOUN_8_ADJ_a,F,S,la chaise avec les jupes qui était là depuis hier est aussi très dure <eos>,13,dure,dur,11,F,P,dure,-6.4425325,dur,-7.895546,1
386,S_NOUN_8_ADJ_a,F,S,la chaise avec les jupes qui était là depuis hier est aussi très claire <eos>,13,claire,clair,11,F,P,claire,-5.020665,clair,-8.159921,1
387,S_NOUN_8_ADJ_a,F,S,la chaise avec les jupes qui était là depuis hier est aussi très intéressante <eos>,13,intéressante,intéressant,11,F,P,intéressante,-5.9303913,intéressant,-8.913501,1
388,S_NOUN_8_ADJ_a,F,S,la chaise avec les jupes qui était là depuis hier est aussi très brillante <eos>,13,brillante,brillant,11,F,P,brillante,-6.8899946,brillant,-10.427439,1
389,S_NOUN_8_ADJ_a,F,S,la chaise avec les jupes qui était là depuis hier est aussi très compliquée <eos>,13,compliquée,compliqué,11,F,P,compliquée,-5.849673,compliqué,-7.814526,1
390,S_NOUN_8_ADJ_a,F,S,la chaise avec les colles qui était là depuis hier est aussi très verte <eos>,13,verte,vert,11,F,P,verte,-9.653732,vert,-12.209145,1
391,S_NOUN_8_ADJ_a,F,S,la chaise avec les colles qui était là depuis hier est aussi très bleue <eos>,13,bleue,bleu,11,F,P,bleue,-11.962273,bleu,-12.428937,1
392,S_NOUN_8_ADJ_a,F,S,la chaise avec les colles qui était là depuis hier est aussi très noire <eos>,13,noire,noir,11,F,P,noire,-8.427078,noir,-12.510839,1
393,S_NOUN_8_ADJ_a,F,S,la chaise avec les colles qui était là depuis hier est aussi très délicate <eos>,13,délicate,délicat,11,F,P,délicate,-5.5979156,délicat,-9.021825,1
394,S_NOUN_8_ADJ_a,F,S,la chaise avec les colles qui était là depuis hier est aussi très pointue <eos>,13,pointue,pointu,11,F,P,pointue,-9.23193,pointu,-11.828195,1
395,S_NOUN_8_ADJ_a,F,S,la chaise avec les colles qui était là depuis hier est aussi très ronde <eos>,13,ronde,rond,11,F,P,ronde,-10.363035,rond,-13.647077,1
396,S_NOUN_8_ADJ_a,F,S,la chaise avec les colles qui était là depuis hier est aussi très froide <eos>,13,froide,froid,11,F,P,froide,-7.491341,froid,-9.764774,1
397,S_NOUN_8_ADJ_a,F,S,la chaise avec les colles qui était là depuis hier est aussi très chaude <eos>,13,chaude,chaud,11,F,P,chaude,-5.774906,chaud,-9.64739,1
398,S_NOUN_8_ADJ_a,F,S,la chaise avec les colles qui était là depuis hier est aussi très importante <eos>,13,importante,important,11,F,P,importante,-4.0291824,important,-7.5840406,1
399,S_NOUN_8_ADJ_a,F,S,la chaise avec les colles qui était là depuis hier est aussi très courte <eos>,13,courte,court,11,F,P,courte,-5.92375,court,-7.4384775,1
400,S_NOUN_8_ADJ_a,F,S,la chaise avec les colles qui était là depuis hier est aussi très dure <eos>,13,dure,dur,11,F,P,dure,-6.3926735,dur,-7.3015203,1
401,S_NOUN_8_ADJ_a,F,S,la chaise avec les colles qui était là depuis hier est aussi très claire <eos>,13,claire,clair,11,F,P,claire,-5.2321,clair,-8.290686,1
402,S_NOUN_8_ADJ_a,F,S,la chaise avec les colles qui était là depuis hier est aussi très intéressante <eos>,13,intéressante,intéressant,11,F,P,intéressante,-5.52036,intéressant,-8.547581,1
403,S_NOUN_8_ADJ_a,F,S,la chaise avec les colles qui était là depuis hier est aussi très brillante <eos>,13,brillante,brillant,11,F,P,brillante,-6.6925087,brillant,-10.08041,1
404,S_NOUN_8_ADJ_a,F,S,la chaise avec les colles qui était là depuis hier est aussi très compliquée <eos>,13,compliquée,compliqué,11,F,P,compliquée,-5.678378,compliqué,-7.702834,1
405,S_NOUN_8_ADJ_a,F,S,la chaise avec les lampes qui était là depuis hier est aussi très verte <eos>,13,verte,vert,11,F,P,verte,-8.829578,vert,-11.349609,1
406,S_NOUN_8_ADJ_a,F,S,la chaise avec les lampes qui était là depuis hier est aussi très bleue <eos>,13,bleue,bleu,11,F,P,bleue,-11.140282,bleu,-11.64451,1
407,S_NOUN_8_ADJ_a,F,S,la chaise avec les lampes qui était là depuis hier est aussi très noire <eos>,13,noire,noir,11,F,P,noire,-7.345314,noir,-11.5723505,1
408,S_NOUN_8_ADJ_a,F,S,la chaise avec les lampes qui était là depuis hier est aussi très délicate <eos>,13,délicate,délicat,11,F,P,délicate,-5.9214973,délicat,-9.352776,1
409,S_NOUN_8_ADJ_a,F,S,la chaise avec les lampes qui était là depuis hier est aussi très pointue <eos>,13,pointue,pointu,11,F,P,pointue,-9.01546,pointu,-11.636896,1
410,S_NOUN_8_ADJ_a,F,S,la chaise avec les lampes qui était là depuis hier est aussi très ronde <eos>,13,ronde,rond,11,F,P,ronde,-10.028921,rond,-13.608065,1
411,S_NOUN_8_ADJ_a,F,S,la chaise avec les lampes qui était là depuis hier est aussi très froide <eos>,13,froide,froid,11,F,P,froide,-7.671957,froid,-9.828765,1
412,S_NOUN_8_ADJ_a,F,S,la chaise avec les lampes qui était là depuis hier est aussi très chaude <eos>,13,chaude,chaud,11,F,P,chaude,-5.692141,chaud,-9.38446,1
413,S_NOUN_8_ADJ_a,F,S,la chaise avec les lampes qui était là depuis hier est aussi très importante <eos>,13,importante,important,11,F,P,importante,-4.546675,important,-8.021374,1
414,S_NOUN_8_ADJ_a,F,S,la chaise avec les lampes qui était là depuis hier est aussi très courte <eos>,13,courte,court,11,F,P,courte,-5.417034,court,-6.8882294,1
415,S_NOUN_8_ADJ_a,F,S,la chaise avec les lampes qui était là depuis hier est aussi très dure <eos>,13,dure,dur,11,F,P,dure,-6.240228,dur,-7.575335,1
416,S_NOUN_8_ADJ_a,F,S,la chaise avec les lampes qui était là depuis hier est aussi très claire <eos>,13,claire,clair,11,F,P,claire,-5.1226606,clair,-8.180096,1
417,S_NOUN_8_ADJ_a,F,S,la chaise avec les lampes qui était là depuis hier est aussi très intéressante <eos>,13,intéressante,intéressant,11,F,P,intéressante,-5.6608286,intéressant,-8.701972,1
418,S_NOUN_8_ADJ_a,F,S,la chaise avec les lampes qui était là depuis hier est aussi très brillante <eos>,13,brillante,brillant,11,F,P,brillante,-6.2470503,brillant,-9.886094,1
419,S_NOUN_8_ADJ_a,F,S,la chaise avec les lampes qui était là depuis hier est aussi très compliquée <eos>,13,compliquée,compliqué,11,F,P,compliquée,-5.714287,compliqué,-7.8039,1
420,S_NOUN_8_ADJ_a,F,S,la chaise avec les bouteilles qui était là depuis hier est aussi très verte <eos>,13,verte,vert,11,F,P,verte,-9.356234,vert,-11.431672,1
421,S_NOUN_8_ADJ_a,F,S,la chaise avec les bouteilles qui était là depuis hier est aussi très bleue <eos>,13,bleue,bleu,11,F,P,bleue,-11.869932,bleu,-12.085089,1
422,S_NOUN_8_ADJ_a,F,S,la chaise avec les bouteilles qui était là depuis hier est aussi très noire <eos>,13,noire,noir,11,F,P,noire,-7.8351297,noir,-11.541645,1
423,S_NOUN_8_ADJ_a,F,S,la chaise avec les bouteilles qui était là depuis hier est aussi très délicate <eos>,13,délicate,délicat,11,F,P,délicate,-5.800074,délicat,-9.1082,1
424,S_NOUN_8_ADJ_a,F,S,la chaise avec les bouteilles qui était là depuis hier est aussi très pointue <eos>,13,pointue,pointu,11,F,P,pointue,-9.42308,pointu,-11.653042,1
425,S_NOUN_8_ADJ_a,F,S,la chaise avec les bouteilles qui était là depuis hier est aussi très ronde <eos>,13,ronde,rond,11,F,P,ronde,-10.047581,rond,-13.187823,1
426,S_NOUN_8_ADJ_a,F,S,la chaise avec les bouteilles qui était là depuis hier est aussi très froide <eos>,13,froide,froid,11,F,P,froide,-7.671442,froid,-9.460612,1
427,S_NOUN_8_ADJ_a,F,S,la chaise avec les bouteilles qui était là depuis hier est aussi très chaude <eos>,13,chaude,chaud,11,F,P,chaude,-5.5171757,chaud,-9.172889,1
428,S_NOUN_8_ADJ_a,F,S,la chaise avec les bouteilles qui était là depuis hier est aussi très importante <eos>,13,importante,important,11,F,P,importante,-4.0028486,important,-7.3168774,1
429,S_NOUN_8_ADJ_a,F,S,la chaise avec les bouteilles qui était là depuis hier est aussi très courte <eos>,13,courte,court,11,F,P,courte,-5.9278326,court,-7.299876,1
430,S_NOUN_8_ADJ_a,F,S,la chaise avec les bouteilles qui était là depuis hier est aussi très dure <eos>,13,dure,dur,11,F,P,dure,-6.273196,dur,-7.3435,1
431,S_NOUN_8_ADJ_a,F,S,la chaise avec les bouteilles qui était là depuis hier est aussi très claire <eos>,13,claire,clair,11,F,P,claire,-5.048169,clair,-8.18801,1
432,S_NOUN_8_ADJ_a,F,S,la chaise avec les bouteilles qui était là depuis hier est aussi très intéressante <eos>,13,intéressante,intéressant,11,F,P,intéressante,-5.401576,intéressant,-8.2904415,1
433,S_NOUN_8_ADJ_a,F,S,la chaise avec les bouteilles qui était là depuis hier est aussi très brillante <eos>,13,brillante,brillant,11,F,P,brillante,-6.7641144,brillant,-9.8536215,1
434,S_NOUN_8_ADJ_a,F,S,la chaise avec les bouteilles qui était là depuis hier est aussi très compliquée <eos>,13,compliquée,compliqué,11,F,P,compliquée,-6.1467786,compliqué,-7.9404855,1
435,S_NOUN_8_ADJ_a,F,S,la chaise avec les boissons qui était là depuis hier est aussi très verte <eos>,13,verte,vert,11,F,P,verte,-9.46995,vert,-11.837083,1
436,S_NOUN_8_ADJ_a,F,S,la chaise avec les boissons qui était là depuis hier est aussi très bleue <eos>,13,bleue,bleu,11,F,P,bleue,-11.798702,bleu,-12.435169,1
437,S_NOUN_8_ADJ_a,F,S,la chaise avec les boissons qui était là depuis hier est aussi très noire <eos>,13,noire,noir,11,F,P,noire,-8.214087,noir,-12.254796,1
438,S_NOUN_8_ADJ_a,F,S,la chaise avec les boissons qui était là depuis hier est aussi très délicate <eos>,13,délicate,délicat,11,F,P,délicate,-5.830654,délicat,-9.195649,1
439,S_NOUN_8_ADJ_a,F,S,la chaise avec les boissons qui était là depuis hier est aussi très pointue <eos>,13,pointue,pointu,11,F,P,pointue,-10.160093,pointu,-11.75374,1
440,S_NOUN_8_ADJ_a,F,S,la chaise avec les boissons qui était là depuis hier est aussi très ronde <eos>,13,ronde,rond,11,F,P,ronde,-10.806051,rond,-13.9974,1
441,S_NOUN_8_ADJ_a,F,S,la chaise avec les boissons qui était là depuis hier est aussi très froide <eos>,13,froide,froid,11,F,P,froide,-7.0974817,froid,-8.950704,1
442,S_NOUN_8_ADJ_a,F,S,la chaise avec les boissons qui était là depuis hier est aussi très chaude <eos>,13,chaude,chaud,11,F,P,chaude,-5.3793845,chaud,-8.836235,1
443,S_NOUN_8_ADJ_a,F,S,la chaise avec les boissons qui était là depuis hier est aussi très importante <eos>,13,importante,important,11,F,P,importante,-3.8267546,important,-7.3253794,1
444,S_NOUN_8_ADJ_a,F,S,la chaise avec les boissons qui était là depuis hier est aussi très courte <eos>,13,courte,court,11,F,P,courte,-6.181201,court,-7.7773657,1
445,S_NOUN_8_ADJ_a,F,S,la chaise avec les boissons qui était là depuis hier est aussi très dure <eos>,13,dure,dur,11,F,P,dure,-6.090665,dur,-7.5958576,1
446,S_NOUN_8_ADJ_a,F,S,la chaise avec les boissons qui était là depuis hier est aussi très claire <eos>,13,claire,clair,11,F,P,claire,-5.026843,clair,-7.943098,1
447,S_NOUN_8_ADJ_a,F,S,la chaise avec les boissons qui était là depuis hier est aussi très intéressante <eos>,13,intéressante,intéressant,11,F,P,intéressante,-5.813304,intéressant,-8.608599,1
448,S_NOUN_8_ADJ_a,F,S,la chaise avec les boissons qui était là depuis hier est aussi très brillante <eos>,13,brillante,brillant,11,F,P,brillante,-7.2896748,brillant,-10.419825,1
449,S_NOUN_8_ADJ_a,F,S,la chaise avec les boissons qui était là depuis hier est aussi très compliquée <eos>,13,compliquée,compliqué,11,F,P,compliquée,-6.466708,compliqué,-8.448784,1
450,S_NOUN_8_ADJ_a,F,S,la chaise avec les pommes qui était là depuis hier est aussi très verte <eos>,13,verte,vert,11,F,P,verte,-9.200991,vert,-11.666378,1
451,S_NOUN_8_ADJ_a,F,S,la chaise avec les pommes qui était là depuis hier est aussi très bleue <eos>,13,bleue,bleu,11,F,P,bleue,-11.368899,bleu,-12.142047,1
452,S_NOUN_8_ADJ_a,F,S,la chaise avec les pommes qui était là depuis hier est aussi très noire <eos>,13,noire,noir,11,F,P,noire,-7.581131,noir,-11.904635,1
453,S_NOUN_8_ADJ_a,F,S,la chaise avec les pommes qui était là depuis hier est aussi très délicate <eos>,13,délicate,délicat,11,F,P,délicate,-5.7584624,délicat,-8.96409,1
454,S_NOUN_8_ADJ_a,F,S,la chaise avec les pommes qui était là depuis hier est aussi très pointue <eos>,13,pointue,pointu,11,F,P,pointue,-9.303609,pointu,-11.37156,1
455,S_NOUN_8_ADJ_a,F,S,la chaise avec les pommes qui était là depuis hier est aussi très ronde <eos>,13,ronde,rond,11,F,P,ronde,-10.179787,rond,-13.556848,1
456,S_NOUN_8_ADJ_a,F,S,la chaise avec les pommes qui était là depuis hier est aussi très froide <eos>,13,froide,froid,11,F,P,froide,-7.0945683,froid,-9.039443,1
457,S_NOUN_8_ADJ_a,F,S,la chaise avec les pommes qui était là depuis hier est aussi très chaude <eos>,13,chaude,chaud,11,F,P,chaude,-5.50332,chaud,-9.353422,1
458,S_NOUN_8_ADJ_a,F,S,la chaise avec les pommes qui était là depuis hier est aussi très importante <eos>,13,importante,important,11,F,P,importante,-4.0436506,important,-7.773423,1
459,S_NOUN_8_ADJ_a,F,S,la chaise avec les pommes qui était là depuis hier est aussi très courte <eos>,13,courte,court,11,F,P,courte,-5.6862574,court,-7.453024,1
460,S_NOUN_8_ADJ_a,F,S,la chaise avec les pommes qui était là depuis hier est aussi très dure <eos>,13,dure,dur,11,F,P,dure,-5.62526,dur,-7.3681417,1
461,S_NOUN_8_ADJ_a,F,S,la chaise avec les pommes qui était là depuis hier est aussi très claire <eos>,13,claire,clair,11,F,P,claire,-4.6193943,clair,-7.8108606,1
462,S_NOUN_8_ADJ_a,F,S,la chaise avec les pommes qui était là depuis hier est aussi très intéressante <eos>,13,intéressante,intéressant,11,F,P,intéressante,-5.9465375,intéressant,-8.958515,1
463,S_NOUN_8_ADJ_a,F,S,la chaise avec les pommes qui était là depuis hier est aussi très brillante <eos>,13,brillante,brillant,11,F,P,brillante,-6.73028,brillant,-10.337738,1
464,S_NOUN_8_ADJ_a,F,S,la chaise avec les pommes qui était là depuis hier est aussi très compliquée <eos>,13,compliquée,compliqué,11,F,P,compliquée,-6.4764266,compliqué,-8.724518,1
465,S_NOUN_8_ADJ_a,F,S,la chaise avec les tasses qui était là depuis hier est aussi très verte <eos>,13,verte,vert,11,F,P,verte,-9.315088,vert,-11.463099,1
466,S_NOUN_8_ADJ_a,F,S,la chaise avec les tasses qui était là depuis hier est aussi très bleue <eos>,13,bleue,bleu,11,F,P,bleue,-11.757824,bleu,-11.976317,1
467,S_NOUN_8_ADJ_a,F,S,la chaise avec les tasses qui était là depuis hier est aussi très noire <eos>,13,noire,noir,11,F,P,noire,-7.802189,noir,-12.087802,1
468,S_NOUN_8_ADJ_a,F,S,la chaise avec les tasses qui était là depuis hier est aussi très délicate <eos>,13,délicate,délicat,11,F,P,délicate,-5.993896,délicat,-9.047289,1
469,S_NOUN_8_ADJ_a,F,S,la chaise avec les tasses qui était là depuis hier est aussi très pointue <eos>,13,pointue,pointu,11,F,P,pointue,-9.1291685,pointu,-11.550515,1
470,S_NOUN_8_ADJ_a,F,S,la chaise avec les tasses qui était là depuis hier est aussi très ronde <eos>,13,ronde,rond,11,F,P,ronde,-9.52296,rond,-13.067125,1
471,S_NOUN_8_ADJ_a,F,S,la chaise avec les tasses qui était là depuis hier est aussi très froide <eos>,13,froide,froid,11,F,P,froide,-7.304597,froid,-9.766684,1
472,S_NOUN_8_ADJ_a,F,S,la chaise avec les tasses qui était là depuis hier est aussi très chaude <eos>,13,chaude,chaud,11,F,P,chaude,-5.459259,chaud,-9.534062,1
473,S_NOUN_8_ADJ_a,F,S,la chaise avec les tasses qui était là depuis hier est aussi très importante <eos>,13,importante,important,11,F,P,importante,-4.105098,important,-7.560851,1
474,S_NOUN_8_ADJ_a,F,S,la chaise avec les tasses qui était là depuis hier est aussi très courte <eos>,13,courte,court,11,F,P,courte,-5.659977,court,-7.0780582,1
475,S_NOUN_8_ADJ_a,F,S,la chaise avec les tasses qui était là depuis hier est aussi très dure <eos>,13,dure,dur,11,F,P,dure,-6.163044,dur,-7.3570824,1
476,S_NOUN_8_ADJ_a,F,S,la chaise avec les tasses qui était là depuis hier est aussi très claire <eos>,13,claire,clair,11,F,P,claire,-5.0978436,clair,-8.192657,1
477,S_NOUN_8_ADJ_a,F,S,la chaise avec les tasses qui était là depuis hier est aussi très intéressante <eos>,13,intéressante,intéressant,11,F,P,intéressante,-5.4196577,intéressant,-8.508139,1
478,S_NOUN_8_ADJ_a,F,S,la chaise avec les tasses qui était là depuis hier est aussi très brillante <eos>,13,brillante,brillant,11,F,P,brillante,-6.4648037,brillant,-9.977614,1
479,S_NOUN_8_ADJ_a,F,S,la chaise avec les tasses qui était là depuis hier est aussi très compliquée <eos>,13,compliquée,compliqué,11,F,P,compliquée,-6.3612795,compliqué,-8.236678,1
480,S_NOUN_8_ADJ_a,F,S,la chaise avec les bougies qui était là depuis hier est aussi très verte <eos>,13,verte,vert,11,F,P,verte,-9.162355,vert,-11.317633,1
481,S_NOUN_8_ADJ_a,F,S,la chaise avec les bougies qui était là depuis hier est aussi très bleue <eos>,13,bleue,bleu,11,F,P,bleue,-11.209547,bleu,-11.542568,1
482,S_NOUN_8_ADJ_a,F,S,la chaise avec les bougies qui était là depuis hier est aussi très noire <eos>,13,noire,noir,11,F,P,noire,-7.1756334,noir,-11.3345995,1
483,S_NOUN_8_ADJ_a,F,S,la chaise avec les bougies qui était là depuis hier est aussi très délicate <eos>,13,délicate,délicat,11,F,P,délicate,-6.2713366,délicat,-9.225234,1
484,S_NOUN_8_ADJ_a,F,S,la chaise avec les bougies qui était là depuis hier est aussi très pointue <eos>,13,pointue,pointu,11,F,P,pointue,-9.422239,pointu,-11.796219,1
485,S_NOUN_8_ADJ_a,F,S,la chaise avec les bougies qui était là depuis hier est aussi très ronde <eos>,13,ronde,rond,11,F,P,ronde,-10.059663,rond,-13.503875,1
486,S_NOUN_8_ADJ_a,F,S,la chaise avec les bougies qui était là depuis hier est aussi très froide <eos>,13,froide,froid,11,F,P,froide,-7.282279,froid,-9.398819,1
487,S_NOUN_8_ADJ_a,F,S,la chaise avec les bougies qui était là depuis hier est aussi très chaude <eos>,13,chaude,chaud,11,F,P,chaude,-5.5984087,chaud,-9.527736,1
488,S_NOUN_8_ADJ_a,F,S,la chaise avec les bougies qui était là depuis hier est aussi très importante <eos>,13,importante,important,11,F,P,importante,-4.4851904,important,-7.95014,1
489,S_NOUN_8_ADJ_a,F,S,la chaise avec les bougies qui était là depuis hier est aussi très courte <eos>,13,courte,court,11,F,P,courte,-5.207115,court,-6.907034,1
490,S_NOUN_8_ADJ_a,F,S,la chaise avec les bougies qui était là depuis hier est aussi très dure <eos>,13,dure,dur,11,F,P,dure,-6.1894336,dur,-7.796746,1
491,S_NOUN_8_ADJ_a,F,S,la chaise avec les bougies qui était là depuis hier est aussi très claire <eos>,13,claire,clair,11,F,P,claire,-4.811947,clair,-7.83908,1
492,S_NOUN_8_ADJ_a,F,S,la chaise avec les bougies qui était là depuis hier est aussi très intéressante <eos>,13,intéressante,intéressant,11,F,P,intéressante,-5.9018707,intéressant,-8.934956,1
493,S_NOUN_8_ADJ_a,F,S,la chaise avec les bougies qui était là depuis hier est aussi très brillante <eos>,13,brillante,brillant,11,F,P,brillante,-6.546114,brillant,-10.184449,1
494,S_NOUN_8_ADJ_a,F,S,la chaise avec les bougies qui était là depuis hier est aussi très compliquée <eos>,13,compliquée,compliqué,11,F,P,compliquée,-6.5723557,compliqué,-8.310787,1
495,S_NOUN_8_ADJ_a,F,S,la chaise avec les pochettes qui était là depuis hier est aussi très verte <eos>,13,verte,vert,11,F,P,verte,-9.565758,vert,-12.154236,1
496,S_NOUN_8_ADJ_a,F,S,la chaise avec les pochettes qui était là depuis hier est aussi très bleue <eos>,13,bleue,bleu,11,F,P,bleue,-11.803829,bleu,-11.950007,1
497,S_NOUN_8_ADJ_a,F,S,la chaise avec les pochettes qui était là depuis hier est aussi très noire <eos>,13,noire,noir,11,F,P,noire,-8.248795,noir,-11.931596,1
498,S_NOUN_8_ADJ_a,F,S,la chaise avec les pochettes qui était là depuis hier est aussi très délicate <eos>,13,délicate,délicat,11,F,P,délicate,-6.8829527,délicat,-10.130766,1
499,S_NOUN_8_ADJ_a,F,S,la chaise avec les pochettes qui était là depuis hier est aussi très pointue <eos>,13,pointue,pointu,11,F,P,pointue,-9.99679,pointu,-11.312621,1
500,S_NOUN_8_ADJ_a,F,S,la chaise avec les pochettes qui était là depuis hier est aussi très ronde <eos>,13,ronde,rond,11,F,P,ronde,-11.258192,rond,-14.309976,1
501,S_NOUN_8_ADJ_a,F,S,la chaise avec les pochettes qui était là depuis hier est aussi très froide <eos>,13,froide,froid,11,F,P,froide,-9.400409,froid,-9.900898,1
502,S_NOUN_8_ADJ_a,F,S,la chaise avec les pochettes qui était là depuis hier est aussi très chaude <eos>,13,chaude,chaud,11,F,P,chaude,-6.5697465,chaud,-10.527273,1
503,S_NOUN_8_ADJ_a,F,S,la chaise avec les pochettes qui était là depuis hier est aussi très importante <eos>,13,importante,important,11,F,P,importante,-3.7739441,important,-7.231839,1
504,S_NOUN_8_ADJ_a,F,S,la chaise avec les pochettes qui était là depuis hier est aussi très courte <eos>,13,courte,court,11,F,P,courte,-5.397753,court,-7.288269,1
505,S_NOUN_8_ADJ_a,F,S,la chaise avec les pochettes qui était là depuis hier est aussi très dure <eos>,13,dure,dur,11,F,P,dure,-5.948672,dur,-7.526567,1
506,S_NOUN_8_ADJ_a,F,S,la chaise avec les pochettes qui était là depuis hier est aussi très claire <eos>,13,claire,clair,11,F,P,claire,-5.14815,clair,-8.344318,1
507,S_NOUN_8_ADJ_a,F,S,la chaise avec les pochettes qui était là depuis hier est aussi très intéressante <eos>,13,intéressante,intéressant,11,F,P,intéressante,-5.561405,intéressant,-8.418232,1
508,S_NOUN_8_ADJ_a,F,S,la chaise avec les pochettes qui était là depuis hier est aussi très brillante <eos>,13,brillante,brillant,11,F,P,brillante,-5.8940053,brillant,-10.167236,1
509,S_NOUN_8_ADJ_a,F,S,la chaise avec les pochettes qui était là depuis hier est aussi très compliquée <eos>,13,compliquée,compliqué,11,F,P,compliquée,-6.103491,compliqué,-8.858837,1
510,S_NOUN_8_ADJ_a,F,S,la chaise avec les bananes qui était là depuis hier est aussi très verte <eos>,13,verte,vert,11,F,P,verte,-8.814198,vert,-11.729897,1
511,S_NOUN_8_ADJ_a,F,S,la chaise avec les bananes qui était là depuis hier est aussi très bleue <eos>,13,bleue,bleu,11,F,P,bleue,-11.433199,bleu,-12.272492,1
512,S_NOUN_8_ADJ_a,F,S,la chaise avec les bananes qui était là depuis hier est aussi très noire <eos>,13,noire,noir,11,F,P,noire,-7.8061647,noir,-12.047919,1
513,S_NOUN_8_ADJ_a,F,S,la chaise avec les bananes qui était là depuis hier est aussi très délicate <eos>,13,délicate,délicat,11,F,P,délicate,-6.3654995,délicat,-9.4339,1
514,S_NOUN_8_ADJ_a,F,S,la chaise avec les bananes qui était là depuis hier est aussi très pointue <eos>,13,pointue,pointu,11,F,P,pointue,-9.325892,pointu,-11.209301,1
515,S_NOUN_8_ADJ_a,F,S,la chaise avec les bananes qui était là depuis hier est aussi très ronde <eos>,13,ronde,rond,11,F,P,ronde,-10.026345,rond,-13.617711,1
516,S_NOUN_8_ADJ_a,F,S,la chaise avec les bananes qui était là depuis hier est aussi très froide <eos>,13,froide,froid,11,F,P,froide,-7.6747274,froid,-9.759299,1
517,S_NOUN_8_ADJ_a,F,S,la chaise avec les bananes qui était là depuis hier est aussi très chaude <eos>,13,chaude,chaud,11,F,P,chaude,-5.9617624,chaud,-9.572813,1
518,S_NOUN_8_ADJ_a,F,S,la chaise avec les bananes qui était là depuis hier est aussi très importante <eos>,13,importante,important,11,F,P,importante,-4.0972247,important,-7.72648,1
519,S_NOUN_8_ADJ_a,F,S,la chaise avec les bananes qui était là depuis hier est aussi très courte <eos>,13,courte,court,11,F,P,courte,-5.886239,court,-7.219327,1
520,S_NOUN_8_ADJ_a,F,S,la chaise avec les bananes qui était là depuis hier est aussi très dure <eos>,13,dure,dur,11,F,P,dure,-6.007081,dur,-7.464142,1
521,S_NOUN_8_ADJ_a,F,S,la chaise avec les bananes qui était là depuis hier est aussi très claire <eos>,13,claire,clair,11,F,P,claire,-5.027973,clair,-8.313676,1
522,S_NOUN_8_ADJ_a,F,S,la chaise avec les bananes qui était là depuis hier est aussi très intéressante <eos>,13,intéressante,intéressant,11,F,P,intéressante,-5.825461,intéressant,-8.876194,1
523,S_NOUN_8_ADJ_a,F,S,la chaise avec les bananes qui était là depuis hier est aussi très brillante <eos>,13,brillante,brillant,11,F,P,brillante,-6.943162,brillant,-10.378971,1
524,S_NOUN_8_ADJ_a,F,S,la chaise avec les bananes qui était là depuis hier est aussi très compliquée <eos>,13,compliquée,compliqué,11,F,P,compliquée,-6.618303,compliqué,-8.393446,1
525,S_NOUN_8_ADJ_a,F,S,la chaise avec les robes qui était là depuis hier est aussi très verte <eos>,13,verte,vert,11,F,P,verte,-9.189833,vert,-11.825272,1
526,S_NOUN_8_ADJ_a,F,S,la chaise avec les robes qui était là depuis hier est aussi très bleue <eos>,13,bleue,bleu,11,F,P,bleue,-11.001762,bleu,-11.735786,1
527,S_NOUN_8_ADJ_a,F,S,la chaise avec les robes qui était là depuis hier est aussi très noire <eos>,13,noire,noir,11,F,P,noire,-7.146641,noir,-11.684465,1
528,S_NOUN_8_ADJ_a,F,S,la chaise avec les robes qui était là depuis hier est aussi très délicate <eos>,13,délicate,délicat,11,F,P,délicate,-6.724079,délicat,-9.899481,1
529,S_NOUN_8_ADJ_a,F,S,la chaise avec les robes qui était là depuis hier est aussi très pointue <eos>,13,pointue,pointu,11,F,P,pointue,-9.926636,pointu,-11.718516,1
530,S_NOUN_8_ADJ_a,F,S,la chaise avec les robes qui était là depuis hier est aussi très ronde <eos>,13,ronde,rond,11,F,P,ronde,-10.725074,rond,-13.92891,1
531,S_NOUN_8_ADJ_a,F,S,la chaise avec les robes qui était là depuis hier est aussi très froide <eos>,13,froide,froid,11,F,P,froide,-7.9473248,froid,-9.936165,1
532,S_NOUN_8_ADJ_a,F,S,la chaise avec les robes qui était là depuis hier est aussi très chaude <eos>,13,chaude,chaud,11,F,P,chaude,-6.293358,chaud,-9.986798,1
533,S_NOUN_8_ADJ_a,F,S,la chaise avec les robes qui était là depuis hier est aussi très importante <eos>,13,importante,important,11,F,P,importante,-4.438237,important,-7.905738,1
534,S_NOUN_8_ADJ_a,F,S,la chaise avec les robes qui était là depuis hier est aussi très courte <eos>,13,courte,court,11,F,P,courte,-5.4027653,court,-7.0866413,1
535,S_NOUN_8_ADJ_a,F,S,la chaise avec les robes qui était là depuis hier est aussi très dure <eos>,13,dure,dur,11,F,P,dure,-6.4892173,dur,-8.434458,1
536,S_NOUN_8_ADJ_a,F,S,la chaise avec les robes qui était là depuis hier est aussi très claire <eos>,13,claire,clair,11,F,P,claire,-5.084287,clair,-8.044054,1
537,S_NOUN_8_ADJ_a,F,S,la chaise avec les robes qui était là depuis hier est aussi très intéressante <eos>,13,intéressante,intéressant,11,F,P,intéressante,-6.089019,intéressant,-8.989978,1
538,S_NOUN_8_ADJ_a,F,S,la chaise avec les robes qui était là depuis hier est aussi très brillante <eos>,13,brillante,brillant,11,F,P,brillante,-6.800865,brillant,-10.688356,1
539,S_NOUN_8_ADJ_a,F,S,la chaise avec les robes qui était là depuis hier est aussi très compliquée <eos>,13,compliquée,compliqué,11,F,P,compliquée,-6.744814,compliqué,-8.641234,1
540,S_NOUN_8_ADJ_a,F,S,la chaise avec les valises qui était là depuis hier est aussi très verte <eos>,13,verte,vert,11,F,P,verte,-9.612129,vert,-12.188303,1
541,S_NOUN_8_ADJ_a,F,S,la chaise avec les valises qui était là depuis hier est aussi très bleue <eos>,13,bleue,bleu,11,F,P,bleue,-12.083945,bleu,-12.274152,1
542,S_NOUN_8_ADJ_a,F,S,la chaise avec les valises qui était là depuis hier est aussi très noire <eos>,13,noire,noir,11,F,P,noire,-7.951649,noir,-12.157986,1
543,S_NOUN_8_ADJ_a,F,S,la chaise avec les valises qui était là depuis hier est aussi très délicate <eos>,13,délicate,délicat,11,F,P,délicate,-6.129333,délicat,-9.504639,1
544,S_NOUN_8_ADJ_a,F,S,la chaise avec les valises qui était là depuis hier est aussi très pointue <eos>,13,pointue,pointu,11,F,P,pointue,-9.411303,pointu,-11.755058,1
545,S_NOUN_8_ADJ_a,F,S,la chaise avec les valises qui était là depuis hier est aussi très ronde <eos>,13,ronde,rond,11,F,P,ronde,-10.130716,rond,-13.768929,1
546,S_NOUN_8_ADJ_a,F,S,la chaise avec les valises qui était là depuis hier est aussi très froide <eos>,13,froide,froid,11,F,P,froide,-8.012545,froid,-9.885853,1
547,S_NOUN_8_ADJ_a,F,S,la chaise avec les valises qui était là depuis hier est aussi très chaude <eos>,13,chaude,chaud,11,F,P,chaude,-5.9048033,chaud,-9.740656,1
548,S_NOUN_8_ADJ_a,F,S,la chaise avec les valises qui était là depuis hier est aussi très importante <eos>,13,importante,important,11,F,P,importante,-3.8669605,important,-7.3335943,1
549,S_NOUN_8_ADJ_a,F,S,la chaise avec les valises qui était là depuis hier est aussi très courte <eos>,13,courte,court,11,F,P,courte,-5.439969,court,-7.1088705,1
550,S_NOUN_8_ADJ_a,F,S,la chaise avec les valises qui était là depuis hier est aussi très dure <eos>,13,dure,dur,11,F,P,dure,-6.194803,dur,-7.6883535,1
551,S_NOUN_8_ADJ_a,F,S,la chaise avec les valises qui était là depuis hier est aussi très claire <eos>,13,claire,clair,11,F,P,claire,-5.4027605,clair,-8.630083,1
552,S_NOUN_8_ADJ_a,F,S,la chaise avec les valises qui était là depuis hier est aussi très intéressante <eos>,13,intéressante,intéressant,11,F,P,intéressante,-5.354463,intéressant,-8.381392,1
553,S_NOUN_8_ADJ_a,F,S,la chaise avec les valises qui était là depuis hier est aussi très brillante <eos>,13,brillante,brillant,11,F,P,brillante,-6.9566984,brillant,-10.456434,1
554,S_NOUN_8_ADJ_a,F,S,la chaise avec les valises qui était là depuis hier est aussi très compliquée <eos>,13,compliquée,compliqué,11,F,P,compliquée,-6.109148,compliqué,-7.8896236,1
555,S_NOUN_8_ADJ_a,F,S,la chaise avec les pendules qui était là depuis hier est aussi très verte <eos>,13,verte,vert,11,F,P,verte,-9.001911,vert,-11.552525,1
556,S_NOUN_8_ADJ_a,F,S,la chaise avec les pendules qui était là depuis hier est aussi très bleue <eos>,13,bleue,bleu,11,F,P,bleue,-11.3442,bleu,-11.731482,1
557,S_NOUN_8_ADJ_a,F,S,la chaise avec les pendules qui était là depuis hier est aussi très noire <eos>,13,noire,noir,11,F,P,noire,-7.424735,noir,-11.619426,1
558,S_NOUN_8_ADJ_a,F,S,la chaise avec les pendules qui était là depuis hier est aussi très délicate <eos>,13,délicate,délicat,11,F,P,délicate,-5.885207,délicat,-9.324994,1
559,S_NOUN_8_ADJ_a,F,S,la chaise avec les pendules qui était là depuis hier est aussi très pointue <eos>,13,pointue,pointu,11,F,P,pointue,-9.1186075,pointu,-11.711372,1
560,S_NOUN_8_ADJ_a,F,S,la chaise avec les pendules qui était là depuis hier est aussi très ronde <eos>,13,ronde,rond,11,F,P,ronde,-10.269406,rond,-13.770881,1
561,S_NOUN_8_ADJ_a,F,S,la chaise avec les pendules qui était là depuis hier est aussi très froide <eos>,13,froide,froid,11,F,P,froide,-7.8664894,froid,-9.748583,1
562,S_NOUN_8_ADJ_a,F,S,la chaise avec les pendules qui était là depuis hier est aussi très chaude <eos>,13,chaude,chaud,11,F,P,chaude,-5.8904753,chaud,-9.556924,1
563,S_NOUN_8_ADJ_a,F,S,la chaise avec les pendules qui était là depuis hier est aussi très importante <eos>,13,importante,important,11,F,P,importante,-4.578511,important,-8.030855,1
564,S_NOUN_8_ADJ_a,F,S,la chaise avec les pendules qui était là depuis hier est aussi très courte <eos>,13,courte,court,11,F,P,courte,-5.3968544,court,-7.088951,1
565,S_NOUN_8_ADJ_a,F,S,la chaise avec les pendules qui était là depuis hier est aussi très dure <eos>,13,dure,dur,11,F,P,dure,-6.192011,dur,-7.710314,1
566,S_NOUN_8_ADJ_a,F,S,la chaise avec les pendules qui était là depuis hier est aussi très claire <eos>,13,claire,clair,11,F,P,claire,-4.9331026,clair,-8.098495,1
567,S_NOUN_8_ADJ_a,F,S,la chaise avec les pendules qui était là depuis hier est aussi très intéressante <eos>,13,intéressante,intéressant,11,F,P,intéressante,-5.7522354,intéressant,-8.749055,1
568,S_NOUN_8_ADJ_a,F,S,la chaise avec les pendules qui était là depuis hier est aussi très brillante <eos>,13,brillante,brillant,11,F,P,brillante,-6.7239795,brillant,-10.105623,1
569,S_NOUN_8_ADJ_a,F,S,la chaise avec les pendules qui était là depuis hier est aussi très compliquée <eos>,13,compliquée,compliqué,11,F,P,compliquée,-5.4884024,compliqué,-7.562046,1
570,S_NOUN_8_ADJ_a,F,S,la chaise avec les cloches qui était là depuis hier est aussi très verte <eos>,13,verte,vert,11,F,P,verte,-9.266837,vert,-11.485422,1
571,S_NOUN_8_ADJ_a,F,S,la chaise avec les cloches qui était là depuis hier est aussi très bleue <eos>,13,bleue,bleu,11,F,P,bleue,-11.373717,bleu,-11.960792,1
572,S_NOUN_8_ADJ_a,F,S,la chaise avec les cloches qui était là depuis hier est aussi très noire <eos>,13,noire,noir,11,F,P,noire,-7.523493,noir,-12.281522,1
573,S_NOUN_8_ADJ_a,F,S,la chaise avec les cloches qui était là depuis hier est aussi très délicate <eos>,13,délicate,délicat,11,F,P,délicate,-5.7704163,délicat,-9.1680565,1
574,S_NOUN_8_ADJ_a,F,S,la chaise avec les cloches qui était là depuis hier est aussi très pointue <eos>,13,pointue,pointu,11,F,P,pointue,-9.658136,pointu,-12.27711,1
575,S_NOUN_8_ADJ_a,F,S,la chaise avec les cloches qui était là depuis hier est aussi très ronde <eos>,13,ronde,rond,11,F,P,ronde,-10.24444,rond,-14.073374,1
576,S_NOUN_8_ADJ_a,F,S,la chaise avec les cloches qui était là depuis hier est aussi très froide <eos>,13,froide,froid,11,F,P,froide,-7.668483,froid,-9.89638,1
577,S_NOUN_8_ADJ_a,F,S,la chaise avec les cloches qui était là depuis hier est aussi très chaude <eos>,13,chaude,chaud,11,F,P,chaude,-5.4306498,chaud,-9.6701145,1
578,S_NOUN_8_ADJ_a,F,S,la chaise avec les cloches qui était là depuis hier est aussi très importante <eos>,13,importante,important,11,F,P,importante,-4.232697,important,-7.873199,1
579,S_NOUN_8_ADJ_a,F,S,la chaise avec les cloches qui était là depuis hier est aussi très courte <eos>,13,courte,court,11,F,P,courte,-5.53036,court,-7.422344,1
580,S_NOUN_8_ADJ_a,F,S,la chaise avec les cloches qui était là depuis hier est aussi très dure <eos>,13,dure,dur,11,F,P,dure,-5.7042313,dur,-7.5803423,1
581,S_NOUN_8_ADJ_a,F,S,la chaise avec les cloches qui était là depuis hier est aussi très claire <eos>,13,claire,clair,11,F,P,claire,-5.0483217,clair,-8.00555,1
582,S_NOUN_8_ADJ_a,F,S,la chaise avec les cloches qui était là depuis hier est aussi très intéressante <eos>,13,intéressante,intéressant,11,F,P,intéressante,-5.664222,intéressant,-8.704896,1
583,S_NOUN_8_ADJ_a,F,S,la chaise avec les cloches qui était là depuis hier est aussi très brillante <eos>,13,brillante,brillant,11,F,P,brillante,-6.3800583,brillant,-10.1995125,1
584,S_NOUN_8_ADJ_a,F,S,la chaise avec les cloches qui était là depuis hier est aussi très compliquée <eos>,13,compliquée,compliqué,11,F,P,compliquée,-6.4762583,compliqué,-8.489516,1
585,S_NOUN_8_ADJ_a,F,S,la chaise avec les cerises qui était là depuis hier est aussi très verte <eos>,13,verte,vert,11,F,P,verte,-9.222599,vert,-11.707378,1
586,S_NOUN_8_ADJ_a,F,S,la chaise avec les cerises qui était là depuis hier est aussi très bleue <eos>,13,bleue,bleu,11,F,P,bleue,-11.745706,bleu,-12.167058,1
587,S_NOUN_8_ADJ_a,F,S,la chaise avec les cerises qui était là depuis hier est aussi très noire <eos>,13,noire,noir,11,F,P,noire,-7.688818,noir,-12.007185,1
588,S_NOUN_8_ADJ_a,F,S,la chaise avec les cerises qui était là depuis hier est aussi très délicate <eos>,13,délicate,délicat,11,F,P,délicate,-5.896945,délicat,-8.94013,1
589,S_NOUN_8_ADJ_a,F,S,la chaise avec les cerises qui était là depuis hier est aussi très pointue <eos>,13,pointue,pointu,11,F,P,pointue,-9.443943,pointu,-11.503953,1
590,S_NOUN_8_ADJ_a,F,S,la chaise avec les cerises qui était là depuis hier est aussi très ronde <eos>,13,ronde,rond,11,F,P,ronde,-10.132867,rond,-13.448744,1
591,S_NOUN_8_ADJ_a,F,S,la chaise avec les cerises qui était là depuis hier est aussi très froide <eos>,13,froide,froid,11,F,P,froide,-7.696163,froid,-9.53738,1
592,S_NOUN_8_ADJ_a,F,S,la chaise avec les cerises qui était là depuis hier est aussi très chaude <eos>,13,chaude,chaud,11,F,P,chaude,-5.85705,chaud,-9.600946,1
593,S_NOUN_8_ADJ_a,F,S,la chaise avec les cerises qui était là depuis hier est aussi très importante <eos>,13,importante,important,11,F,P,importante,-4.0682116,important,-7.714117,1
594,S_NOUN_8_ADJ_a,F,S,la chaise avec les cerises qui était là depuis hier est aussi très courte <eos>,13,courte,court,11,F,P,courte,-5.6481886,court,-7.4640903,1
595,S_NOUN_8_ADJ_a,F,S,la chaise avec les cerises qui était là depuis hier est aussi très dure <eos>,13,dure,dur,11,F,P,dure,-5.755537,dur,-7.6585264,1
596,S_NOUN_8_ADJ_a,F,S,la chaise avec les cerises qui était là depuis hier est aussi très claire <eos>,13,claire,clair,11,F,P,claire,-4.7913604,clair,-8.196863,1
597,S_NOUN_8_ADJ_a,F,S,la chaise avec les cerises qui était là depuis hier est aussi très intéressante <eos>,13,intéressante,intéressant,11,F,P,intéressante,-6.007468,intéressant,-8.938025,1
598,S_NOUN_8_ADJ_a,F,S,la chaise avec les cerises qui était là depuis hier est aussi très brillante <eos>,13,brillante,brillant,11,F,P,brillante,-6.701245,brillant,-10.358064,1
599,S_NOUN_8_ADJ_a,F,S,la chaise avec les cerises qui était là depuis hier est aussi très compliquée <eos>,13,compliquée,compliqué,11,F,P,compliquée,-6.6598125,compliqué,-8.785721,1
600,S_NOUN_8_ADJ_a,F,S,la poubelle avec les gemmes qui était là depuis hier est aussi très verte <eos>,13,verte,vert,11,F,P,verte,-8.7175865,vert,-10.985149,1
601,S_NOUN_8_ADJ_a,F,S,la poubelle avec les gemmes qui était là depuis hier est aussi très bleue <eos>,13,bleue,bleu,11,F,P,bleue,-11.194019,bleu,-11.816015,1
602,S_NOUN_8_ADJ_a,F,S,la poubelle avec les gemmes qui était là depuis hier est aussi très noire <eos>,13,noire,noir,11,F,P,noire,-7.705846,noir,-11.534943,1
603,S_NOUN_8_ADJ_a,F,S,la poubelle avec les gemmes qui était là depuis hier est aussi très délicate <eos>,13,délicate,délicat,11,F,P,délicate,-6.3087797,délicat,-10.044419,1
604,S_NOUN_8_ADJ_a,F,S,la poubelle avec les gemmes qui était là depuis hier est aussi très pointue <eos>,13,pointue,pointu,11,F,P,pointue,-10.040972,pointu,-12.738257,1
605,S_NOUN_8_ADJ_a,F,S,la poubelle avec les gemmes qui était là depuis hier est aussi très ronde <eos>,13,ronde,rond,11,F,P,ronde,-10.986083,rond,-14.953022,1
606,S_NOUN_8_ADJ_a,F,S,la poubelle avec les gemmes qui était là depuis hier est aussi très froide <eos>,13,froide,froid,11,F,P,froide,-6.880602,froid,-9.377666,1
607,S_NOUN_8_ADJ_a,F,S,la poubelle avec les gemmes qui était là depuis hier est aussi très chaude <eos>,13,chaude,chaud,11,F,P,chaude,-5.7552786,chaud,-9.5553,1
608,S_NOUN_8_ADJ_a,F,S,la poubelle avec les gemmes qui était là depuis hier est aussi très importante <eos>,13,importante,important,11,F,P,importante,-4.3663397,important,-8.260628,1
609,S_NOUN_8_ADJ_a,F,S,la poubelle avec les gemmes qui était là depuis hier est aussi très courte <eos>,13,courte,court,11,F,P,courte,-6.280272,court,-8.002188,1
610,S_NOUN_8_ADJ_a,F,S,la poubelle avec les gemmes qui était là depuis hier est aussi très dure <eos>,13,dure,dur,11,F,P,dure,-6.7080917,dur,-8.629978,1
611,S_NOUN_8_ADJ_a,F,S,la poubelle avec les gemmes qui était là depuis hier est aussi très claire <eos>,13,claire,clair,11,F,P,claire,-5.646677,clair,-8.6482115,1
612,S_NOUN_8_ADJ_a,F,S,la poubelle avec les gemmes qui était là depuis hier est aussi très intéressante <eos>,13,intéressante,intéressant,11,F,P,intéressante,-5.360715,intéressant,-9.034466,1
613,S_NOUN_8_ADJ_a,F,S,la poubelle avec les gemmes qui était là depuis hier est aussi très brillante <eos>,13,brillante,brillant,11,F,P,brillante,-6.371365,brillant,-10.44087,1
614,S_NOUN_8_ADJ_a,F,S,la poubelle avec les gemmes qui était là depuis hier est aussi très compliquée <eos>,13,compliquée,compliqué,11,F,P,compliquée,-6.5291853,compliqué,-8.872243,1
615,S_NOUN_8_ADJ_a,F,S,la poubelle avec les chaises qui était là depuis hier est aussi très verte <eos>,13,verte,vert,11,F,P,verte,-8.682093,vert,-11.034645,1
616,S_NOUN_8_ADJ_a,F,S,la poubelle avec les chaises qui était là depuis hier est aussi très bleue <eos>,13,bleue,bleu,11,F,P,bleue,-11.452567,bleu,-11.723523,1
617,S_NOUN_8_ADJ_a,F,S,la poubelle avec les chaises qui était là depuis hier est aussi très noire <eos>,13,noire,noir,11,F,P,noire,-7.678984,noir,-11.799862,1
618,S_NOUN_8_ADJ_a,F,S,la poubelle avec les chaises qui était là depuis hier est aussi très délicate <eos>,13,délicate,délicat,11,F,P,délicate,-6.5655327,délicat,-9.985292,1
619,S_NOUN_8_ADJ_a,F,S,la poubelle avec les chaises qui était là depuis hier est aussi très pointue <eos>,13,pointue,pointu,11,F,P,pointue,-9.43944,pointu,-12.195341,1
620,S_NOUN_8_ADJ_a,F,S,la poubelle avec les chaises qui était là depuis hier est aussi très ronde <eos>,13,ronde,rond,11,F,P,ronde,-10.06803,rond,-14.02007,1
621,S_NOUN_8_ADJ_a,F,S,la poubelle avec les chaises qui était là depuis hier est aussi très froide <eos>,13,froide,froid,11,F,P,froide,-7.1707697,froid,-9.935643,1
622,S_NOUN_8_ADJ_a,F,S,la poubelle avec les chaises qui était là depuis hier est aussi très chaude <eos>,13,chaude,chaud,11,F,P,chaude,-5.4876213,chaud,-9.703773,1
623,S_NOUN_8_ADJ_a,F,S,la poubelle avec les chaises qui était là depuis hier est aussi très importante <eos>,13,importante,important,11,F,P,importante,-4.4775624,important,-8.31506,1
624,S_NOUN_8_ADJ_a,F,S,la poubelle avec les chaises qui était là depuis hier est aussi très courte <eos>,13,courte,court,11,F,P,courte,-5.710984,court,-7.506158,1
625,S_NOUN_8_ADJ_a,F,S,la poubelle avec les chaises qui était là depuis hier est aussi très dure <eos>,13,dure,dur,11,F,P,dure,-6.3969326,dur,-8.872661,1
626,S_NOUN_8_ADJ_a,F,S,la poubelle avec les chaises qui était là depuis hier est aussi très claire <eos>,13,claire,clair,11,F,P,claire,-5.8212104,clair,-8.87252,1
627,S_NOUN_8_ADJ_a,F,S,la poubelle avec les chaises qui était là depuis hier est aussi très intéressante <eos>,13,intéressante,intéressant,11,F,P,intéressante,-5.4218893,intéressant,-8.841619,1
628,S_NOUN_8_ADJ_a,F,S,la poubelle avec les chaises qui était là depuis hier est aussi très brillante <eos>,13,brillante,brillant,11,F,P,brillante,-6.456712,brillant,-10.589828,1
629,S_NOUN_8_ADJ_a,F,S,la poubelle avec les chaises qui était là depuis hier est aussi très compliquée <eos>,13,compliquée,compliqué,11,F,P,compliquée,-6.5953703,compliqué,-8.832692,1
630,S_NOUN_8_ADJ_a,F,S,la poubelle avec les poubelles qui était là depuis hier est aussi très verte <eos>,13,verte,vert,11,F,P,verte,-8.961082,vert,-11.37097,1
631,S_NOUN_8_ADJ_a,F,S,la poubelle avec les poubelles qui était là depuis hier est aussi très bleue <eos>,13,bleue,bleu,11,F,P,bleue,-11.758148,bleu,-12.104847,1
632,S_NOUN_8_ADJ_a,F,S,la poubelle avec les poubelles qui était là depuis hier est aussi très noire <eos>,13,noire,noir,11,F,P,noire,-7.969165,noir,-11.976436,1
633,S_NOUN_8_ADJ_a,F,S,la poubelle avec les poubelles qui était là depuis hier est aussi très délicate <eos>,13,délicate,délicat,11,F,P,délicate,-6.3890743,délicat,-10.1208725,1
634,S_NOUN_8_ADJ_a,F,S,la poubelle avec les poubelles qui était là depuis hier est aussi très pointue <eos>,13,pointue,pointu,11,F,P,pointue,-9.464957,pointu,-12.186315,1
635,S_NOUN_8_ADJ_a,F,S,la poubelle avec les poubelles qui était là depuis hier est aussi très ronde <eos>,13,ronde,rond,11,F,P,ronde,-10.484808,rond,-14.514018,1
636,S_NOUN_8_ADJ_a,F,S,la poubelle avec les poubelles qui était là depuis hier est aussi très froide <eos>,13,froide,froid,11,F,P,froide,-6.9188604,froid,-9.697824,1
637,S_NOUN_8_ADJ_a,F,S,la poubelle avec les poubelles qui était là depuis hier est aussi très chaude <eos>,13,chaude,chaud,11,F,P,chaude,-5.6425543,chaud,-9.700982,1
638,S_NOUN_8_ADJ_a,F,S,la poubelle avec les poubelles qui était là depuis hier est aussi très importante <eos>,13,importante,important,11,F,P,importante,-4.3272905,important,-8.1985235,1
639,S_NOUN_8_ADJ_a,F,S,la poubelle avec les poubelles qui était là depuis hier est aussi très courte <eos>,13,courte,court,11,F,P,courte,-6.0465236,court,-7.7774024,1
640,S_NOUN_8_ADJ_a,F,S,la poubelle avec les poubelles qui était là depuis hier est aussi très dure <eos>,13,dure,dur,11,F,P,dure,-6.8753815,dur,-8.924079,1
641,S_NOUN_8_ADJ_a,F,S,la poubelle avec les poubelles qui était là depuis hier est aussi très claire <eos>,13,claire,clair,11,F,P,claire,-5.9186544,clair,-9.17738,1
642,S_NOUN_8_ADJ_a,F,S,la poubelle avec les poubelles qui était là depuis hier est aussi très intéressante <eos>,13,intéressante,intéressant,11,F,P,intéressante,-5.282482,intéressant,-8.790241,1
643,S_NOUN_8_ADJ_a,F,S,la poubelle avec les poubelles qui était là depuis hier est aussi très brillante <eos>,13,brillante,brillant,11,F,P,brillante,-7.0137086,brillant,-10.979704,1
644,S_NOUN_8_ADJ_a,F,S,la poubelle avec les poubelles qui était là depuis hier est aussi très compliquée <eos>,13,compliquée,compliqué,11,F,P,compliquée,-6.470508,compliqué,-8.823313,1
645,S_NOUN_8_ADJ_a,F,S,la poubelle avec les chemises qui était là depuis hier est aussi très verte <eos>,13,verte,vert,11,F,P,verte,-8.781613,vert,-11.186772,1
646,S_NOUN_8_ADJ_a,F,S,la poubelle avec les chemises qui était là depuis hier est aussi très bleue <eos>,13,bleue,bleu,11,F,P,bleue,-11.103138,bleu,-11.762108,1
647,S_NOUN_8_ADJ_a,F,S,la poubelle avec les chemises qui était là depuis hier est aussi très noire <eos>,13,noire,noir,11,F,P,noire,-7.157871,noir,-11.530321,1
648,S_NOUN_8_ADJ_a,F,S,la poubelle avec les chemises qui était là depuis hier est aussi très délicate <eos>,13,délicate,délicat,11,F,P,délicate,-6.5357323,délicat,-10.056621,1
649,S_NOUN_8_ADJ_a,F,S,la poubelle avec les chemises qui était là depuis hier est aussi très pointue <eos>,13,pointue,pointu,11,F,P,pointue,-9.407567,pointu,-11.774084,1
650,S_NOUN_8_ADJ_a,F,S,la poubelle avec les chemises qui était là depuis hier est aussi très ronde <eos>,13,ronde,rond,11,F,P,ronde,-10.332099,rond,-14.208738,1
651,S_NOUN_8_ADJ_a,F,S,la poubelle avec les chemises qui était là depuis hier est aussi très froide <eos>,13,froide,froid,11,F,P,froide,-7.542596,froid,-10.190989,1
652,S_NOUN_8_ADJ_a,F,S,la poubelle avec les chemises qui était là depuis hier est aussi très chaude <eos>,13,chaude,chaud,11,F,P,chaude,-6.3063955,chaud,-9.911702,1
653,S_NOUN_8_ADJ_a,F,S,la poubelle avec les chemises qui était là depuis hier est aussi très importante <eos>,13,importante,important,11,F,P,importante,-4.859654,important,-8.568962,1
654,S_NOUN_8_ADJ_a,F,S,la poubelle avec les chemises qui était là depuis hier est aussi très courte <eos>,13,courte,court,11,F,P,courte,-5.5451193,court,-7.4649143,1
655,S_NOUN_8_ADJ_a,F,S,la poubelle avec les chemises qui était là depuis hier est aussi très dure <eos>,13,dure,dur,11,F,P,dure,-6.409217,dur,-9.11113,1
656,S_NOUN_8_ADJ_a,F,S,la poubelle avec les chemises qui était là depuis hier est aussi très claire <eos>,13,claire,clair,11,F,P,claire,-5.7529173,clair,-8.631343,1
657,S_NOUN_8_ADJ_a,F,S,la poubelle avec les chemises qui était là depuis hier est aussi très intéressante <eos>,13,intéressante,intéressant,11,F,P,intéressante,-5.8873243,intéressant,-9.137321,1
658,S_NOUN_8_ADJ_a,F,S,la poubelle avec les chemises qui était là depuis hier est aussi très brillante <eos>,13,brillante,brillant,11,F,P,brillante,-6.9715223,brillant,-10.769811,1
659,S_NOUN_8_ADJ_a,F,S,la poubelle avec les chemises qui était là depuis hier est aussi très compliquée <eos>,13,compliquée,compliqué,11,F,P,compliquée,-6.39693,compliqué,-8.63356,1
660,S_NOUN_8_ADJ_a,F,S,la poubelle avec les recettes qui était là depuis hier est aussi très verte <eos>,13,verte,vert,11,F,P,verte,-9.678511,vert,-11.838877,1
661,S_NOUN_8_ADJ_a,F,S,la poubelle avec les recettes qui était là depuis hier est aussi très bleue <eos>,13,bleue,bleu,11,F,P,bleue,-12.724791,bleu,-12.888863,1
662,S_NOUN_8_ADJ_a,F,S,la poubelle avec les recettes qui était là depuis hier est aussi très noire <eos>,13,noire,noir,11,F,P,noire,-9.133335,noir,-12.107452,1
663,S_NOUN_8_ADJ_a,F,S,la poubelle avec les recettes qui était là depuis hier est aussi très délicate <eos>,13,délicate,délicat,11,F,P,délicate,-6.5178013,délicat,-9.867896,1
664,S_NOUN_8_ADJ_a,F,S,la poubelle avec les recettes qui était là depuis hier est aussi très pointue <eos>,13,pointue,pointu,11,F,P,pointue,-10.305567,pointu,-12.376981,1
665,S_NOUN_8_ADJ_a,F,S,la poubelle avec les recettes qui était là depuis hier est aussi très ronde <eos>,13,ronde,rond,11,F,P,ronde,-11.601585,rond,-14.810463,1
666,S_NOUN_8_ADJ_a,F,S,la poubelle avec les recettes qui était là depuis hier est aussi très froide <eos>,13,froide,froid,11,F,P,froide,-7.8930445,froid,-10.062663,1
667,S_NOUN_8_ADJ_a,F,S,la poubelle avec les recettes qui était là depuis hier est aussi très chaude <eos>,13,chaude,chaud,11,F,P,chaude,-6.292264,chaud,-9.816077,1
668,S_NOUN_8_ADJ_a,F,S,la poubelle avec les recettes qui était là depuis hier est aussi très importante <eos>,13,importante,important,11,F,P,importante,-3.6522958,important,-7.370783,1
669,S_NOUN_8_ADJ_a,F,S,la poubelle avec les recettes qui était là depuis hier est aussi très courte <eos>,13,courte,court,11,F,P,courte,-6.512177,court,-8.170488,1
670,S_NOUN_8_ADJ_a,F,S,la poubelle avec les recettes qui était là depuis hier est aussi très dure <eos>,13,dure,dur,11,F,P,dure,-7.1990385,dur,-9.022139,1
671,S_NOUN_8_ADJ_a,F,S,la poubelle avec les recettes qui était là depuis hier est aussi très claire <eos>,13,claire,clair,11,F,P,claire,-6.2424955,clair,-9.053516,1
672,S_NOUN_8_ADJ_a,F,S,la poubelle avec les recettes qui était là depuis hier est aussi très intéressante <eos>,13,intéressante,intéressant,11,F,P,intéressante,-5.224016,intéressant,-8.684057,1
673,S_NOUN_8_ADJ_a,F,S,la poubelle avec les recettes qui était là depuis hier est aussi très brillante <eos>,13,brillante,brillant,11,F,P,brillante,-7.26145,brillant,-10.956184,1
674,S_NOUN_8_ADJ_a,F,S,la poubelle avec les recettes qui était là depuis hier est aussi très compliquée <eos>,13,compliquée,compliqué,11,F,P,compliquée,-7.172329,compliqué,-9.187627,1
675,S_NOUN_8_ADJ_a,F,S,la poubelle avec les jupes qui était là depuis hier est aussi très verte <eos>,13,verte,vert,11,F,P,verte,-9.145461,vert,-11.630108,1
676,S_NOUN_8_ADJ_a,F,S,la poubelle avec les jupes qui était là depuis hier est aussi très bleue <eos>,13,bleue,bleu,11,F,P,bleue,-11.452763,bleu,-11.965797,1
677,S_NOUN_8_ADJ_a,F,S,la poubelle avec les jupes qui était là depuis hier est aussi très noire <eos>,13,noire,noir,11,F,P,noire,-7.281025,noir,-11.6280365,1
678,S_NOUN_8_ADJ_a,F,S,la poubelle avec les jupes qui était là depuis hier est aussi très délicate <eos>,13,délicate,délicat,11,F,P,délicate,-6.912825,délicat,-10.213669,1
679,S_NOUN_8_ADJ_a,F,S,la poubelle avec les jupes qui était là depuis hier est aussi très pointue <eos>,13,pointue,pointu,11,F,P,pointue,-9.027177,pointu,-11.54846,1
680,S_NOUN_8_ADJ_a,F,S,la poubelle avec les jupes qui était là depuis hier est aussi très ronde <eos>,13,ronde,rond,11,F,P,ronde,-10.324951,rond,-14.044533,1
681,S_NOUN_8_ADJ_a,F,S,la poubelle avec les jupes qui était là depuis hier est aussi très froide <eos>,13,froide,froid,11,F,P,froide,-7.716874,froid,-10.467692,1
682,S_NOUN_8_ADJ_a,F,S,la poubelle avec les jupes qui était là depuis hier est aussi très chaude <eos>,13,chaude,chaud,11,F,P,chaude,-6.377127,chaud,-10.292316,1
683,S_NOUN_8_ADJ_a,F,S,la poubelle avec les jupes qui était là depuis hier est aussi très importante <eos>,13,importante,important,11,F,P,importante,-4.902877,important,-8.621495,1
684,S_NOUN_8_ADJ_a,F,S,la poubelle avec les jupes qui était là depuis hier est aussi très courte <eos>,13,courte,court,11,F,P,courte,-5.4150057,court,-7.356882,1
685,S_NOUN_8_ADJ_a,F,S,la poubelle avec les jupes qui était là depuis hier est aussi très dure <eos>,13,dure,dur,11,F,P,dure,-6.805788,dur,-9.092501,1
686,S_NOUN_8_ADJ_a,F,S,la poubelle avec les jupes qui était là depuis hier est aussi très claire <eos>,13,claire,clair,11,F,P,claire,-5.7411795,clair,-8.829045,1
687,S_NOUN_8_ADJ_a,F,S,la poubelle avec les jupes qui était là depuis hier est aussi très intéressante <eos>,13,intéressante,intéressant,11,F,P,intéressante,-5.8026,intéressant,-9.227925,1
688,S_NOUN_8_ADJ_a,F,S,la poubelle avec les jupes qui était là depuis hier est aussi très brillante <eos>,13,brillante,brillant,11,F,P,brillante,-7.0666704,brillant,-11.038842,1
689,S_NOUN_8_ADJ_a,F,S,la poubelle avec les jupes qui était là depuis hier est aussi très compliquée <eos>,13,compliquée,compliqué,11,F,P,compliquée,-6.387583,compliqué,-8.61236,1
690,S_NOUN_8_ADJ_a,F,S,la poubelle avec les colles qui était là depuis hier est aussi très verte <eos>,13,verte,vert,11,F,P,verte,-9.402929,vert,-11.684362,1
691,S_NOUN_8_ADJ_a,F,S,la poubelle avec les colles qui était là depuis hier est aussi très bleue <eos>,13,bleue,bleu,11,F,P,bleue,-12.005026,bleu,-12.492048,1
692,S_NOUN_8_ADJ_a,F,S,la poubelle avec les colles qui était là depuis hier est aussi très noire <eos>,13,noire,noir,11,F,P,noire,-8.638208,noir,-12.547937,1
693,S_NOUN_8_ADJ_a,F,S,la poubelle avec les colles qui était là depuis hier est aussi très délicate <eos>,13,délicate,délicat,11,F,P,délicate,-6.0179358,délicat,-9.572451,1
694,S_NOUN_8_ADJ_a,F,S,la poubelle avec les colles qui était là depuis hier est aussi très pointue <eos>,13,pointue,pointu,11,F,P,pointue,-9.474684,pointu,-12.320349,1
695,S_NOUN_8_ADJ_a,F,S,la poubelle avec les colles qui était là depuis hier est aussi très ronde <eos>,13,ronde,rond,11,F,P,ronde,-10.8537655,rond,-14.432587,1
696,S_NOUN_8_ADJ_a,F,S,la poubelle avec les colles qui était là depuis hier est aussi très froide <eos>,13,froide,froid,11,F,P,froide,-6.8166056,froid,-9.886138,1
697,S_NOUN_8_ADJ_a,F,S,la poubelle avec les colles qui était là depuis hier est aussi très chaude <eos>,13,chaude,chaud,11,F,P,chaude,-5.5746,chaud,-9.625065,1
698,S_NOUN_8_ADJ_a,F,S,la poubelle avec les colles qui était là depuis hier est aussi très importante <eos>,13,importante,important,11,F,P,importante,-4.2538853,important,-8.100655,1
699,S_NOUN_8_ADJ_a,F,S,la poubelle avec les colles qui était là depuis hier est aussi très courte <eos>,13,courte,court,11,F,P,courte,-6.4340615,court,-8.242546,1
700,S_NOUN_8_ADJ_a,F,S,la poubelle avec les colles qui était là depuis hier est aussi très dure <eos>,13,dure,dur,11,F,P,dure,-6.839147,dur,-8.447395,1
701,S_NOUN_8_ADJ_a,F,S,la poubelle avec les colles qui était là depuis hier est aussi très claire <eos>,13,claire,clair,11,F,P,claire,-5.8687415,clair,-8.835321,1
702,S_NOUN_8_ADJ_a,F,S,la poubelle avec les colles qui était là depuis hier est aussi très intéressante <eos>,13,intéressante,intéressant,11,F,P,intéressante,-5.426755,intéressant,-8.715934,1
703,S_NOUN_8_ADJ_a,F,S,la poubelle avec les colles qui était là depuis hier est aussi très brillante <eos>,13,brillante,brillant,11,F,P,brillante,-6.7855406,brillant,-10.517833,1
704,S_NOUN_8_ADJ_a,F,S,la poubelle avec les colles qui était là depuis hier est aussi très compliquée <eos>,13,compliquée,compliqué,11,F,P,compliquée,-6.161422,compliqué,-8.601345,1
705,S_NOUN_8_ADJ_a,F,S,la poubelle avec les lampes qui était là depuis hier est aussi très verte <eos>,13,verte,vert,11,F,P,verte,-8.577156,vert,-11.053165,1
706,S_NOUN_8_ADJ_a,F,S,la poubelle avec les lampes qui était là depuis hier est aussi très bleue <eos>,13,bleue,bleu,11,F,P,bleue,-11.271175,bleu,-11.78457,1
707,S_NOUN_8_ADJ_a,F,S,la poubelle avec les lampes qui était là depuis hier est aussi très noire <eos>,13,noire,noir,11,F,P,noire,-7.590999,noir,-11.548874,1
708,S_NOUN_8_ADJ_a,F,S,la poubelle avec les lampes qui était là depuis hier est aussi très délicate <eos>,13,délicate,délicat,11,F,P,délicate,-6.247228,délicat,-9.98485,1
709,S_NOUN_8_ADJ_a,F,S,la poubelle avec les lampes qui était là depuis hier est aussi très pointue <eos>,13,pointue,pointu,11,F,P,pointue,-9.351323,pointu,-12.075528,1
710,S_NOUN_8_ADJ_a,F,S,la poubelle avec les lampes qui était là depuis hier est aussi très ronde <eos>,13,ronde,rond,11,F,P,ronde,-10.644281,rond,-14.440512,1
711,S_NOUN_8_ADJ_a,F,S,la poubelle avec les lampes qui était là depuis hier est aussi très froide <eos>,13,froide,froid,11,F,P,froide,-7.2614636,froid,-9.821339,1
712,S_NOUN_8_ADJ_a,F,S,la poubelle avec les lampes qui était là depuis hier est aussi très chaude <eos>,13,chaude,chaud,11,F,P,chaude,-5.6357646,chaud,-9.4024315,1
713,S_NOUN_8_ADJ_a,F,S,la poubelle avec les lampes qui était là depuis hier est aussi très importante <eos>,13,importante,important,11,F,P,importante,-4.6777782,important,-8.513143,1
714,S_NOUN_8_ADJ_a,F,S,la poubelle avec les lampes qui était là depuis hier est aussi très courte <eos>,13,courte,court,11,F,P,courte,-5.8816423,court,-7.678298,1
715,S_NOUN_8_ADJ_a,F,S,la poubelle avec les lampes qui était là depuis hier est aussi très dure <eos>,13,dure,dur,11,F,P,dure,-6.6328716,dur,-8.818113,1
716,S_NOUN_8_ADJ_a,F,S,la poubelle avec les lampes qui était là depuis hier est aussi très claire <eos>,13,claire,clair,11,F,P,claire,-5.803237,clair,-8.898048,1
717,S_NOUN_8_ADJ_a,F,S,la poubelle avec les lampes qui était là depuis hier est aussi très intéressante <eos>,13,intéressante,intéressant,11,F,P,intéressante,-5.4996643,intéressant,-8.93468,1
718,S_NOUN_8_ADJ_a,F,S,la poubelle avec les lampes qui était là depuis hier est aussi très brillante <eos>,13,brillante,brillant,11,F,P,brillante,-6.387875,brillant,-10.403456,1
719,S_NOUN_8_ADJ_a,F,S,la poubelle avec les lampes qui était là depuis hier est aussi très compliquée <eos>,13,compliquée,compliqué,11,F,P,compliquée,-6.031389,compliqué,-8.490224,1
720,S_NOUN_8_ADJ_a,F,S,la poubelle avec les bouteilles qui était là depuis hier est aussi très verte <eos>,13,verte,vert,11,F,P,verte,-9.130669,vert,-11.127646,1
721,S_NOUN_8_ADJ_a,F,S,la poubelle avec les bouteilles qui était là depuis hier est aussi très bleue <eos>,13,bleue,bleu,11,F,P,bleue,-12.011732,bleu,-12.244827,1
722,S_NOUN_8_ADJ_a,F,S,la poubelle avec les bouteilles qui était là depuis hier est aussi très noire <eos>,13,noire,noir,11,F,P,noire,-8.184324,noir,-11.533516,1
723,S_NOUN_8_ADJ_a,F,S,la poubelle avec les bouteilles qui était là depuis hier est aussi très délicate <eos>,13,délicate,délicat,11,F,P,délicate,-6.1083198,délicat,-9.689144,1
724,S_NOUN_8_ADJ_a,F,S,la poubelle avec les bouteilles qui était là depuis hier est aussi très pointue <eos>,13,pointue,pointu,11,F,P,pointue,-9.732052,pointu,-12.131826,1
725,S_NOUN_8_ADJ_a,F,S,la poubelle avec les bouteilles qui était là depuis hier est aussi très ronde <eos>,13,ronde,rond,11,F,P,ronde,-10.636483,rond,-13.962613,1
726,S_NOUN_8_ADJ_a,F,S,la poubelle avec les bouteilles qui était là depuis hier est aussi très froide <eos>,13,froide,froid,11,F,P,froide,-7.2944965,froid,-9.565588,1
727,S_NOUN_8_ADJ_a,F,S,la poubelle avec les bouteilles qui était là depuis hier est aussi très chaude <eos>,13,chaude,chaud,11,F,P,chaude,-5.6387687,chaud,-9.25412,1
728,S_NOUN_8_ADJ_a,F,S,la poubelle avec les bouteilles qui était là depuis hier est aussi très importante <eos>,13,importante,important,11,F,P,importante,-4.142554,important,-7.7968106,1
729,S_NOUN_8_ADJ_a,F,S,la poubelle avec les bouteilles qui était là depuis hier est aussi très courte <eos>,13,courte,court,11,F,P,courte,-6.3430204,court,-7.9571066,1
730,S_NOUN_8_ADJ_a,F,S,la poubelle avec les bouteilles qui était là depuis hier est aussi très dure <eos>,13,dure,dur,11,F,P,dure,-6.807132,dur,-8.658582,1
731,S_NOUN_8_ADJ_a,F,S,la poubelle avec les bouteilles qui était là depuis hier est aussi très claire <eos>,13,claire,clair,11,F,P,claire,-5.739211,clair,-8.841412,1
732,S_NOUN_8_ADJ_a,F,S,la poubelle avec les bouteilles qui était là depuis hier est aussi très intéressante <eos>,13,intéressante,intéressant,11,F,P,intéressante,-5.3610253,intéressant,-8.547575,1
733,S_NOUN_8_ADJ_a,F,S,la poubelle avec les bouteilles qui était là depuis hier est aussi très brillante <eos>,13,brillante,brillant,11,F,P,brillante,-6.958024,brillant,-10.3467655,1
734,S_NOUN_8_ADJ_a,F,S,la poubelle avec les bouteilles qui était là depuis hier est aussi très compliquée <eos>,13,compliquée,compliqué,11,F,P,compliquée,-6.617792,compliqué,-8.703413,1
735,S_NOUN_8_ADJ_a,F,S,la poubelle avec les boissons qui était là depuis hier est aussi très verte <eos>,13,verte,vert,11,F,P,verte,-9.237123,vert,-11.449781,1
736,S_NOUN_8_ADJ_a,F,S,la poubelle avec les boissons qui était là depuis hier est aussi très bleue <eos>,13,bleue,bleu,11,F,P,bleue,-11.889493,bleu,-12.531213,1
737,S_NOUN_8_ADJ_a,F,S,la poubelle avec les boissons qui était là depuis hier est aussi très noire <eos>,13,noire,noir,11,F,P,noire,-8.422692,noir,-12.190474,1
738,S_NOUN_8_ADJ_a,F,S,la poubelle avec les boissons qui était là depuis hier est aussi très délicate <eos>,13,délicate,délicat,11,F,P,délicate,-6.3513117,délicat,-9.743252,1
739,S_NOUN_8_ADJ_a,F,S,la poubelle avec les boissons qui était là depuis hier est aussi très pointue <eos>,13,pointue,pointu,11,F,P,pointue,-10.482664,pointu,-12.217871,1
740,S_NOUN_8_ADJ_a,F,S,la poubelle avec les boissons qui était là depuis hier est aussi très ronde <eos>,13,ronde,rond,11,F,P,ronde,-11.274697,rond,-14.622656,1
741,S_NOUN_8_ADJ_a,F,S,la poubelle avec les boissons qui était là depuis hier est aussi très froide <eos>,13,froide,froid,11,F,P,froide,-6.660439,froid,-9.114428,1
742,S_NOUN_8_ADJ_a,F,S,la poubelle avec les boissons qui était là depuis hier est aussi très chaude <eos>,13,chaude,chaud,11,F,P,chaude,-5.4537525,chaud,-8.951233,1
743,S_NOUN_8_ADJ_a,F,S,la poubelle avec les boissons qui était là depuis hier est aussi très importante <eos>,13,importante,important,11,F,P,importante,-4.0522118,important,-7.859147,1
744,S_NOUN_8_ADJ_a,F,S,la poubelle avec les boissons qui était là depuis hier est aussi très courte <eos>,13,courte,court,11,F,P,courte,-6.5753055,court,-8.432064,1
745,S_NOUN_8_ADJ_a,F,S,la poubelle avec les boissons qui était là depuis hier est aussi très dure <eos>,13,dure,dur,11,F,P,dure,-6.634656,dur,-8.962321,1
746,S_NOUN_8_ADJ_a,F,S,la poubelle avec les boissons qui était là depuis hier est aussi très claire <eos>,13,claire,clair,11,F,P,claire,-5.632947,clair,-8.427743,1
747,S_NOUN_8_ADJ_a,F,S,la poubelle avec les boissons qui était là depuis hier est aussi très intéressante <eos>,13,intéressante,intéressant,11,F,P,intéressante,-5.827755,intéressant,-8.822569,1
748,S_NOUN_8_ADJ_a,F,S,la poubelle avec les boissons qui était là depuis hier est aussi très brillante <eos>,13,brillante,brillant,11,F,P,brillante,-7.439159,brillant,-10.93045,1
749,S_NOUN_8_ADJ_a,F,S,la poubelle avec les boissons qui était là depuis hier est aussi très compliquée <eos>,13,compliquée,compliqué,11,F,P,compliquée,-7.0862565,compliqué,-9.356113,1
750,S_NOUN_8_ADJ_a,F,S,la poubelle avec les pommes qui était là depuis hier est aussi très verte <eos>,13,verte,vert,11,F,P,verte,-8.972441,vert,-11.323364,1
751,S_NOUN_8_ADJ_a,F,S,la poubelle avec les pommes qui était là depuis hier est aussi très bleue <eos>,13,bleue,bleu,11,F,P,bleue,-11.607393,bleu,-12.26082,1
752,S_NOUN_8_ADJ_a,F,S,la poubelle avec les pommes qui était là depuis hier est aussi très noire <eos>,13,noire,noir,11,F,P,noire,-7.946251,noir,-11.883131,1
753,S_NOUN_8_ADJ_a,F,S,la poubelle avec les pommes qui était là depuis hier est aussi très délicate <eos>,13,délicate,délicat,11,F,P,délicate,-6.2041073,délicat,-9.545151,1
754,S_NOUN_8_ADJ_a,F,S,la poubelle avec les pommes qui était là depuis hier est aussi très pointue <eos>,13,pointue,pointu,11,F,P,pointue,-9.652855,pointu,-11.9647255,1
755,S_NOUN_8_ADJ_a,F,S,la poubelle avec les pommes qui était là depuis hier est aussi très ronde <eos>,13,ronde,rond,11,F,P,ronde,-10.632383,rond,-14.377911,1
756,S_NOUN_8_ADJ_a,F,S,la poubelle avec les pommes qui était là depuis hier est aussi très froide <eos>,13,froide,froid,11,F,P,froide,-6.736567,froid,-9.14012,1
757,S_NOUN_8_ADJ_a,F,S,la poubelle avec les pommes qui était là depuis hier est aussi très chaude <eos>,13,chaude,chaud,11,F,P,chaude,-5.4258986,chaud,-9.371333,1
758,S_NOUN_8_ADJ_a,F,S,la poubelle avec les pommes qui était là depuis hier est aussi très importante <eos>,13,importante,important,11,F,P,importante,-4.154259,important,-8.228897,1
759,S_NOUN_8_ADJ_a,F,S,la poubelle avec les pommes qui était là depuis hier est aussi très courte <eos>,13,courte,court,11,F,P,courte,-6.09902,court,-8.137102,1
760,S_NOUN_8_ADJ_a,F,S,la poubelle avec les pommes qui était là depuis hier est aussi très dure <eos>,13,dure,dur,11,F,P,dure,-6.106434,dur,-8.6114645,1
761,S_NOUN_8_ADJ_a,F,S,la poubelle avec les pommes qui était là depuis hier est aussi très claire <eos>,13,claire,clair,11,F,P,claire,-5.399109,clair,-8.539077,1
762,S_NOUN_8_ADJ_a,F,S,la poubelle avec les pommes qui était là depuis hier est aussi très intéressante <eos>,13,intéressante,intéressant,11,F,P,intéressante,-5.7907543,intéressant,-9.130429,1
763,S_NOUN_8_ADJ_a,F,S,la poubelle avec les pommes qui était là depuis hier est aussi très brillante <eos>,13,brillante,brillant,11,F,P,brillante,-6.892536,brillant,-10.815717,1
764,S_NOUN_8_ADJ_a,F,S,la poubelle avec les pommes qui était là depuis hier est aussi très compliquée <eos>,13,compliquée,compliqué,11,F,P,compliquée,-6.932171,compliqué,-9.365924,1
765,S_NOUN_8_ADJ_a,F,S,la poubelle avec les tasses qui était là depuis hier est aussi très verte <eos>,13,verte,vert,11,F,P,verte,-9.151619,vert,-11.197546,1
766,S_NOUN_8_ADJ_a,F,S,la poubelle avec les tasses qui était là depuis hier est aussi très bleue <eos>,13,bleue,bleu,11,F,P,bleue,-11.904236,bleu,-12.10467,1
767,S_NOUN_8_ADJ_a,F,S,la poubelle avec les tasses qui était là depuis hier est aussi très noire <eos>,13,noire,noir,11,F,P,noire,-8.158087,noir,-12.027864,1
768,S_NOUN_8_ADJ_a,F,S,la poubelle avec les tasses qui était là depuis hier est aussi très délicate <eos>,13,délicate,délicat,11,F,P,délicate,-6.285724,délicat,-9.598032,1
769,S_NOUN_8_ADJ_a,F,S,la poubelle avec les tasses qui était là depuis hier est aussi très pointue <eos>,13,pointue,pointu,11,F,P,pointue,-9.462242,pointu,-12.017996,1
770,S_NOUN_8_ADJ_a,F,S,la poubelle avec les tasses qui était là depuis hier est aussi très ronde <eos>,13,ronde,rond,11,F,P,ronde,-10.204813,rond,-13.902175,1
771,S_NOUN_8_ADJ_a,F,S,la poubelle avec les tasses qui était là depuis hier est aussi très froide <eos>,13,froide,froid,11,F,P,froide,-6.7502193,froid,-9.605342,1
772,S_NOUN_8_ADJ_a,F,S,la poubelle avec les tasses qui était là depuis hier est aussi très chaude <eos>,13,chaude,chaud,11,F,P,chaude,-5.3826475,chaud,-9.4368,1
773,S_NOUN_8_ADJ_a,F,S,la poubelle avec les tasses qui était là depuis hier est aussi très importante <eos>,13,importante,important,11,F,P,importante,-4.2312784,important,-7.9830704,1
774,S_NOUN_8_ADJ_a,F,S,la poubelle avec les tasses qui était là depuis hier est aussi très courte <eos>,13,courte,court,11,F,P,courte,-5.9932623,court,-7.739599,1
775,S_NOUN_8_ADJ_a,F,S,la poubelle avec les tasses qui était là depuis hier est aussi très dure <eos>,13,dure,dur,11,F,P,dure,-6.5579767,dur,-8.650045,1
776,S_NOUN_8_ADJ_a,F,S,la poubelle avec les tasses qui était là depuis hier est aussi très claire <eos>,13,claire,clair,11,F,P,claire,-5.7149935,clair,-8.787401,1
777,S_NOUN_8_ADJ_a,F,S,la poubelle avec les tasses qui était là depuis hier est aussi très intéressante <eos>,13,intéressante,intéressant,11,F,P,intéressante,-5.352357,intéressant,-8.753927,1
778,S_NOUN_8_ADJ_a,F,S,la poubelle avec les tasses qui était là depuis hier est aussi très brillante <eos>,13,brillante,brillant,11,F,P,brillante,-6.5982637,brillant,-10.432681,1
779,S_NOUN_8_ADJ_a,F,S,la poubelle avec les tasses qui était là depuis hier est aussi très compliquée <eos>,13,compliquée,compliqué,11,F,P,compliquée,-6.715193,compliqué,-8.825992,1
780,S_NOUN_8_ADJ_a,F,S,la poubelle avec les bougies qui était là depuis hier est aussi très verte <eos>,13,verte,vert,11,F,P,verte,-8.841789,vert,-11.113251,1
781,S_NOUN_8_ADJ_a,F,S,la poubelle avec les bougies qui était là depuis hier est aussi très bleue <eos>,13,bleue,bleu,11,F,P,bleue,-11.416574,bleu,-11.76915,1
782,S_NOUN_8_ADJ_a,F,S,la poubelle avec les bougies qui était là depuis hier est aussi très noire <eos>,13,noire,noir,11,F,P,noire,-7.5799456,noir,-11.442509,1
783,S_NOUN_8_ADJ_a,F,S,la poubelle avec les bougies qui était là depuis hier est aussi très délicate <eos>,13,délicate,délicat,11,F,P,délicate,-6.7139463,délicat,-9.864959,1
784,S_NOUN_8_ADJ_a,F,S,la poubelle avec les bougies qui était là depuis hier est aussi très pointue <eos>,13,pointue,pointu,11,F,P,pointue,-9.75948,pointu,-12.314447,1
785,S_NOUN_8_ADJ_a,F,S,la poubelle avec les bougies qui était là depuis hier est aussi très ronde <eos>,13,ronde,rond,11,F,P,ronde,-10.589983,rond,-14.263031,1
786,S_NOUN_8_ADJ_a,F,S,la poubelle avec les bougies qui était là depuis hier est aussi très froide <eos>,13,froide,froid,11,F,P,froide,-6.9829535,froid,-9.627487,1
787,S_NOUN_8_ADJ_a,F,S,la poubelle avec les bougies qui était là depuis hier est aussi très chaude <eos>,13,chaude,chaud,11,F,P,chaude,-5.58451,chaud,-9.68395,1
788,S_NOUN_8_ADJ_a,F,S,la poubelle avec les bougies qui était là depuis hier est aussi très importante <eos>,13,importante,important,11,F,P,importante,-4.582809,important,-8.415365,1
789,S_NOUN_8_ADJ_a,F,S,la poubelle avec les bougies qui était là depuis hier est aussi très courte <eos>,13,courte,court,11,F,P,courte,-5.6929555,court,-7.6344457,1
790,S_NOUN_8_ADJ_a,F,S,la poubelle avec les bougies qui était là depuis hier est aussi très dure <eos>,13,dure,dur,11,F,P,dure,-6.6030464,dur,-9.064059,1
791,S_NOUN_8_ADJ_a,F,S,la poubelle avec les bougies qui était là depuis hier est aussi très claire <eos>,13,claire,clair,11,F,P,claire,-5.5016212,clair,-8.579615,1
792,S_NOUN_8_ADJ_a,F,S,la poubelle avec les bougies qui était là depuis hier est aussi très intéressante <eos>,13,intéressante,intéressant,11,F,P,intéressante,-5.615962,intéressant,-9.081276,1
793,S_NOUN_8_ADJ_a,F,S,la poubelle avec les bougies qui était là depuis hier est aussi très brillante <eos>,13,brillante,brillant,11,F,P,brillante,-6.6297207,brillant,-10.717793,1
794,S_NOUN_8_ADJ_a,F,S,la poubelle avec les bougies qui était là depuis hier est aussi très compliquée <eos>,13,compliquée,compliqué,11,F,P,compliquée,-6.942454,compliqué,-9.039757,1
795,S_NOUN_8_ADJ_a,F,S,la poubelle avec les pochettes qui était là depuis hier est aussi très verte <eos>,13,verte,vert,11,F,P,verte,-9.312611,vert,-11.759293,1
796,S_NOUN_8_ADJ_a,F,S,la poubelle avec les pochettes qui était là depuis hier est aussi très bleue <eos>,13,bleue,bleu,11,F,P,bleue,-11.781819,bleu,-12.072583,1
797,S_NOUN_8_ADJ_a,F,S,la poubelle avec les pochettes qui était là depuis hier est aussi très noire <eos>,13,noire,noir,11,F,P,noire,-8.353289,noir,-11.88385,1
798,S_NOUN_8_ADJ_a,F,S,la poubelle avec les pochettes qui était là depuis hier est aussi très délicate <eos>,13,délicate,délicat,11,F,P,délicate,-7.1969447,délicat,-10.659666,1
799,S_NOUN_8_ADJ_a,F,S,la poubelle avec les pochettes qui était là depuis hier est aussi très pointue <eos>,13,pointue,pointu,11,F,P,pointue,-10.018364,pointu,-11.586645,1
800,S_NOUN_8_ADJ_a,F,S,la poubelle avec les pochettes qui était là depuis hier est aussi très ronde <eos>,13,ronde,rond,11,F,P,ronde,-11.437651,rond,-14.852939,1
801,S_NOUN_8_ADJ_a,F,S,la poubelle avec les pochettes qui était là depuis hier est aussi très froide <eos>,13,froide,froid,11,F,P,froide,-8.938954,froid,-10.1597395,1
802,S_NOUN_8_ADJ_a,F,S,la poubelle avec les pochettes qui était là depuis hier est aussi très chaude <eos>,13,chaude,chaud,11,F,P,chaude,-6.5218444,chaud,-10.710402,1
803,S_NOUN_8_ADJ_a,F,S,la poubelle avec les pochettes qui était là depuis hier est aussi très importante <eos>,13,importante,important,11,F,P,importante,-3.9095657,important,-7.6635666,1
804,S_NOUN_8_ADJ_a,F,S,la poubelle avec les pochettes qui était là depuis hier est aussi très courte <eos>,13,courte,court,11,F,P,courte,-5.5353365,court,-7.6504965,1
805,S_NOUN_8_ADJ_a,F,S,la poubelle avec les pochettes qui était là depuis hier est aussi très dure <eos>,13,dure,dur,11,F,P,dure,-6.4173098,dur,-8.568947,1
806,S_NOUN_8_ADJ_a,F,S,la poubelle avec les pochettes qui était là depuis hier est aussi très claire <eos>,13,claire,clair,11,F,P,claire,-5.6488338,clair,-8.764349,1
807,S_NOUN_8_ADJ_a,F,S,la poubelle avec les pochettes qui était là depuis hier est aussi très intéressante <eos>,13,intéressante,intéressant,11,F,P,intéressante,-5.376634,intéressant,-8.640503,1
808,S_NOUN_8_ADJ_a,F,S,la poubelle avec les pochettes qui était là depuis hier est aussi très brillante <eos>,13,brillante,brillant,11,F,P,brillante,-6.1142864,brillant,-10.701572,1
809,S_NOUN_8_ADJ_a,F,S,la poubelle avec les pochettes qui était là depuis hier est aussi très compliquée <eos>,13,compliquée,compliqué,11,F,P,compliquée,-6.51995,compliqué,-9.484924,1
810,S_NOUN_8_ADJ_a,F,S,la poubelle avec les bananes qui était là depuis hier est aussi très verte <eos>,13,verte,vert,11,F,P,verte,-8.6260605,vert,-11.317446,1
811,S_NOUN_8_ADJ_a,F,S,la poubelle avec les bananes qui était là depuis hier est aussi très bleue <eos>,13,bleue,bleu,11,F,P,bleue,-11.538739,bleu,-12.27061,1
812,S_NOUN_8_ADJ_a,F,S,la poubelle avec les bananes qui était là depuis hier est aussi très noire <eos>,13,noire,noir,11,F,P,noire,-8.048262,noir,-11.9668865,1
813,S_NOUN_8_ADJ_a,F,S,la poubelle avec les bananes qui était là depuis hier est aussi très délicate <eos>,13,délicate,délicat,11,F,P,délicate,-6.588746,délicat,-9.833754,1
814,S_NOUN_8_ADJ_a,F,S,la poubelle avec les bananes qui était là depuis hier est aussi très pointue <eos>,13,pointue,pointu,11,F,P,pointue,-9.690479,pointu,-11.783773,1
815,S_NOUN_8_ADJ_a,F,S,la poubelle avec les bananes qui était là depuis hier est aussi très ronde <eos>,13,ronde,rond,11,F,P,ronde,-10.542439,rond,-14.344311,1
816,S_NOUN_8_ADJ_a,F,S,la poubelle avec les bananes qui était là depuis hier est aussi très froide <eos>,13,froide,froid,11,F,P,froide,-7.100271,froid,-9.5802355,1
817,S_NOUN_8_ADJ_a,F,S,la poubelle avec les bananes qui était là depuis hier est aussi très chaude <eos>,13,chaude,chaud,11,F,P,chaude,-5.7917423,chaud,-9.439511,1
818,S_NOUN_8_ADJ_a,F,S,la poubelle avec les bananes qui était là depuis hier est aussi très importante <eos>,13,importante,important,11,F,P,importante,-4.271304,important,-8.187369,1
819,S_NOUN_8_ADJ_a,F,S,la poubelle avec les bananes qui était là depuis hier est aussi très courte <eos>,13,courte,court,11,F,P,courte,-6.290372,court,-7.8819714,1
820,S_NOUN_8_ADJ_a,F,S,la poubelle avec les bananes qui était là depuis hier est aussi très dure <eos>,13,dure,dur,11,F,P,dure,-6.336538,dur,-8.615648,1
821,S_NOUN_8_ADJ_a,F,S,la poubelle avec les bananes qui était là depuis hier est aussi très claire <eos>,13,claire,clair,11,F,P,claire,-5.668679,clair,-8.747914,1
822,S_NOUN_8_ADJ_a,F,S,la poubelle avec les bananes qui était là depuis hier est aussi très intéressante <eos>,13,intéressante,intéressant,11,F,P,intéressante,-5.740201,intéressant,-9.046406,1
823,S_NOUN_8_ADJ_a,F,S,la poubelle avec les bananes qui était là depuis hier est aussi très brillante <eos>,13,brillante,brillant,11,F,P,brillante,-6.9662857,brillant,-10.742849,1
824,S_NOUN_8_ADJ_a,F,S,la poubelle avec les bananes qui était là depuis hier est aussi très compliquée <eos>,13,compliquée,compliqué,11,F,P,compliquée,-7.0067477,compliqué,-9.065327,1
825,S_NOUN_8_ADJ_a,F,S,la poubelle avec les robes qui était là depuis hier est aussi très verte <eos>,13,verte,vert,11,F,P,verte,-8.884737,vert,-11.447138,1
826,S_NOUN_8_ADJ_a,F,S,la poubelle avec les robes qui était là depuis hier est aussi très bleue <eos>,13,bleue,bleu,11,F,P,bleue,-11.053762,bleu,-11.79668,1
827,S_NOUN_8_ADJ_a,F,S,la poubelle avec les robes qui était là depuis hier est aussi très noire <eos>,13,noire,noir,11,F,P,noire,-7.280008,noir,-11.5733185,1
828,S_NOUN_8_ADJ_a,F,S,la poubelle avec les robes qui était là depuis hier est aussi très délicate <eos>,13,délicate,délicat,11,F,P,délicate,-7.103878,délicat,-10.43058,1
829,S_NOUN_8_ADJ_a,F,S,la poubelle avec les robes qui était là depuis hier est aussi très pointue <eos>,13,pointue,pointu,11,F,P,pointue,-10.138141,pointu,-12.062628,1
830,S_NOUN_8_ADJ_a,F,S,la poubelle avec les robes qui était là depuis hier est aussi très ronde <eos>,13,ronde,rond,11,F,P,ronde,-11.030905,rond,-14.608425,1
831,S_NOUN_8_ADJ_a,F,S,la poubelle avec les robes qui était là depuis hier est aussi très froide <eos>,13,froide,froid,11,F,P,froide,-7.485785,froid,-10.092243,1
832,S_NOUN_8_ADJ_a,F,S,la poubelle avec les robes qui était là depuis hier est aussi très chaude <eos>,13,chaude,chaud,11,F,P,chaude,-6.295651,chaud,-10.088102,1
833,S_NOUN_8_ADJ_a,F,S,la poubelle avec les robes qui était là depuis hier est aussi très importante <eos>,13,importante,important,11,F,P,importante,-4.649312,important,-8.413848,1
834,S_NOUN_8_ADJ_a,F,S,la poubelle avec les robes qui était là depuis hier est aussi très courte <eos>,13,courte,court,11,F,P,courte,-5.7580376,court,-7.7298937,1
835,S_NOUN_8_ADJ_a,F,S,la poubelle avec les robes qui était là depuis hier est aussi très dure <eos>,13,dure,dur,11,F,P,dure,-6.8757434,dur,-9.829538,1
836,S_NOUN_8_ADJ_a,F,S,la poubelle avec les robes qui était là depuis hier est aussi très claire <eos>,13,claire,clair,11,F,P,claire,-5.7416544,clair,-8.571423,1
837,S_NOUN_8_ADJ_a,F,S,la poubelle avec les robes qui était là depuis hier est aussi très intéressante <eos>,13,intéressante,intéressant,11,F,P,intéressante,-5.885662,intéressant,-9.146082,1
838,S_NOUN_8_ADJ_a,F,S,la poubelle avec les robes qui était là depuis hier est aussi très brillante <eos>,13,brillante,brillant,11,F,P,brillante,-6.9878187,brillant,-11.2124605,1
839,S_NOUN_8_ADJ_a,F,S,la poubelle avec les robes qui était là depuis hier est aussi très compliquée <eos>,13,compliquée,compliqué,11,F,P,compliquée,-7.2634087,compliqué,-9.377331,1
840,S_NOUN_8_ADJ_a,F,S,la poubelle avec les valises qui était là depuis hier est aussi très verte <eos>,13,verte,vert,11,F,P,verte,-9.222431,vert,-11.690825,1
841,S_NOUN_8_ADJ_a,F,S,la poubelle avec les valises qui était là depuis hier est aussi très bleue <eos>,13,bleue,bleu,11,F,P,bleue,-12.06483,bleu,-12.32303,1
842,S_NOUN_8_ADJ_a,F,S,la poubelle avec les valises qui était là depuis hier est aussi très noire <eos>,13,noire,noir,11,F,P,noire,-8.140075,noir,-11.965974,1
843,S_NOUN_8_ADJ_a,F,S,la poubelle avec les valises qui était là depuis hier est aussi très délicate <eos>,13,délicate,délicat,11,F,P,délicate,-6.418401,délicat,-10.110883,1
844,S_NOUN_8_ADJ_a,F,S,la poubelle avec les valises qui était là depuis hier est aussi très pointue <eos>,13,pointue,pointu,11,F,P,pointue,-9.666673,pointu,-12.16526,1
845,S_NOUN_8_ADJ_a,F,S,la poubelle avec les valises qui était là depuis hier est aussi très ronde <eos>,13,ronde,rond,11,F,P,ronde,-10.682051,rond,-14.461123,1
846,S_NOUN_8_ADJ_a,F,S,la poubelle avec les valises qui était là depuis hier est aussi très froide <eos>,13,froide,froid,11,F,P,froide,-7.2937994,froid,-9.77203,1
847,S_NOUN_8_ADJ_a,F,S,la poubelle avec les valises qui était là depuis hier est aussi très chaude <eos>,13,chaude,chaud,11,F,P,chaude,-5.6850457,chaud,-9.641922,1
848,S_NOUN_8_ADJ_a,F,S,la poubelle avec les valises qui était là depuis hier est aussi très importante <eos>,13,importante,important,11,F,P,importante,-4.0557256,important,-7.890945,1
849,S_NOUN_8_ADJ_a,F,S,la poubelle avec les valises qui était là depuis hier est aussi très courte <eos>,13,courte,court,11,F,P,courte,-5.977685,court,-7.8604746,1
850,S_NOUN_8_ADJ_a,F,S,la poubelle avec les valises qui était là depuis hier est aussi très dure <eos>,13,dure,dur,11,F,P,dure,-6.757556,dur,-8.921262,1
851,S_NOUN_8_ADJ_a,F,S,la poubelle avec les valises qui était là depuis hier est aussi très claire <eos>,13,claire,clair,11,F,P,claire,-5.9501505,clair,-9.211632,1
852,S_NOUN_8_ADJ_a,F,S,la poubelle avec les valises qui était là depuis hier est aussi très intéressante <eos>,13,intéressante,intéressant,11,F,P,intéressante,-5.189905,intéressant,-8.637086,1
853,S_NOUN_8_ADJ_a,F,S,la poubelle avec les valises qui était là depuis hier est aussi très brillante <eos>,13,brillante,brillant,11,F,P,brillante,-7.0466022,brillant,-10.951017,1
854,S_NOUN_8_ADJ_a,F,S,la poubelle avec les valises qui était là depuis hier est aussi très compliquée <eos>,13,compliquée,compliqué,11,F,P,compliquée,-6.4635963,compliqué,-8.636589,1
855,S_NOUN_8_ADJ_a,F,S,la poubelle avec les pendules qui était là depuis hier est aussi très verte <eos>,13,verte,vert,11,F,P,verte,-8.735952,vert,-11.215799,1
856,S_NOUN_8_ADJ_a,F,S,la poubelle avec les pendules qui était là depuis hier est aussi très bleue <eos>,13,bleue,bleu,11,F,P,bleue,-11.461697,bleu,-11.881245,1
857,S_NOUN_8_ADJ_a,F,S,la poubelle avec les pendules qui était là depuis hier est aussi très noire <eos>,13,noire,noir,11,F,P,noire,-7.6636267,noir,-11.590966,1
858,S_NOUN_8_ADJ_a,F,S,la poubelle avec les pendules qui était là depuis hier est aussi très délicate <eos>,13,délicate,délicat,11,F,P,délicate,-6.3136606,délicat,-10.019591,1
859,S_NOUN_8_ADJ_a,F,S,la poubelle avec les pendules qui était là depuis hier est aussi très pointue <eos>,13,pointue,pointu,11,F,P,pointue,-9.456673,pointu,-12.135659,1
860,S_NOUN_8_ADJ_a,F,S,la poubelle avec les pendules qui était là depuis hier est aussi très ronde <eos>,13,ronde,rond,11,F,P,ronde,-10.892792,rond,-14.523075,1
861,S_NOUN_8_ADJ_a,F,S,la poubelle avec les pendules qui était là depuis hier est aussi très froide <eos>,13,froide,froid,11,F,P,froide,-7.504203,froid,-9.819717,1
862,S_NOUN_8_ADJ_a,F,S,la poubelle avec les pendules qui était là depuis hier est aussi très chaude <eos>,13,chaude,chaud,11,F,P,chaude,-5.882024,chaud,-9.614618,1
863,S_NOUN_8_ADJ_a,F,S,la poubelle avec les pendules qui était là depuis hier est aussi très importante <eos>,13,importante,important,11,F,P,importante,-4.7429194,important,-8.515404,1
864,S_NOUN_8_ADJ_a,F,S,la poubelle avec les pendules qui était là depuis hier est aussi très courte <eos>,13,courte,court,11,F,P,courte,-5.8903475,court,-7.8403196,1
865,S_NOUN_8_ADJ_a,F,S,la poubelle avec les pendules qui était là depuis hier est aussi très dure <eos>,13,dure,dur,11,F,P,dure,-6.656869,dur,-9.036081,1
866,S_NOUN_8_ADJ_a,F,S,la poubelle avec les pendules qui était là depuis hier est aussi très claire <eos>,13,claire,clair,11,F,P,claire,-5.6373997,clair,-8.814562,1
867,S_NOUN_8_ADJ_a,F,S,la poubelle avec les pendules qui était là depuis hier est aussi très intéressante <eos>,13,intéressante,intéressant,11,F,P,intéressante,-5.612385,intéressant,-8.971769,1
868,S_NOUN_8_ADJ_a,F,S,la poubelle avec les pendules qui était là depuis hier est aussi très brillante <eos>,13,brillante,brillant,11,F,P,brillante,-6.883146,brillant,-10.650269,1
869,S_NOUN_8_ADJ_a,F,S,la poubelle avec les pendules qui était là depuis hier est aussi très compliquée <eos>,13,compliquée,compliqué,11,F,P,compliquée,-5.9515114,compliqué,-8.339383,1
870,S_NOUN_8_ADJ_a,F,S,la poubelle avec les cloches qui était là depuis hier est aussi très verte <eos>,13,verte,vert,11,F,P,verte,-8.8475275,vert,-11.086901,1
871,S_NOUN_8_ADJ_a,F,S,la poubelle avec les cloches qui était là depuis hier est aussi très bleue <eos>,13,bleue,bleu,11,F,P,bleue,-11.455778,bleu,-12.0485525,1
872,S_NOUN_8_ADJ_a,F,S,la poubelle avec les cloches qui était là depuis hier est aussi très noire <eos>,13,noire,noir,11,F,P,noire,-7.670117,noir,-12.098415,1
873,S_NOUN_8_ADJ_a,F,S,la poubelle avec les cloches qui était là depuis hier est aussi très délicate <eos>,13,délicate,délicat,11,F,P,délicate,-6.166379,délicat,-9.789282,1
874,S_NOUN_8_ADJ_a,F,S,la poubelle avec les cloches qui était là depuis hier est aussi très pointue <eos>,13,pointue,pointu,11,F,P,pointue,-9.976864,pointu,-12.734001,1
875,S_NOUN_8_ADJ_a,F,S,la poubelle avec les cloches qui était là depuis hier est aussi très ronde <eos>,13,ronde,rond,11,F,P,ronde,-10.724064,rond,-14.832368,1
876,S_NOUN_8_ADJ_a,F,S,la poubelle avec les cloches qui était là depuis hier est aussi très froide <eos>,13,froide,froid,11,F,P,froide,-7.1536574,froid,-9.729765,1
877,S_NOUN_8_ADJ_a,F,S,la poubelle avec les cloches qui était là depuis hier est aussi très chaude <eos>,13,chaude,chaud,11,F,P,chaude,-5.003902,chaud,-9.343439,1
878,S_NOUN_8_ADJ_a,F,S,la poubelle avec les cloches qui était là depuis hier est aussi très importante <eos>,13,importante,important,11,F,P,importante,-4.3677273,important,-8.393824,1
879,S_NOUN_8_ADJ_a,F,S,la poubelle avec les cloches qui était là depuis hier est aussi très courte <eos>,13,courte,court,11,F,P,courte,-5.913269,court,-8.188958,1
880,S_NOUN_8_ADJ_a,F,S,la poubelle avec les cloches qui était là depuis hier est aussi très dure <eos>,13,dure,dur,11,F,P,dure,-6.045289,dur,-8.639136,1
881,S_NOUN_8_ADJ_a,F,S,la poubelle avec les cloches qui était là depuis hier est aussi très claire <eos>,13,claire,clair,11,F,P,claire,-5.5788255,clair,-8.637129,1
882,S_NOUN_8_ADJ_a,F,S,la poubelle avec les cloches qui était là depuis hier est aussi très intéressante <eos>,13,intéressante,intéressant,11,F,P,intéressante,-5.631038,intéressant,-9.002872,1
883,S_NOUN_8_ADJ_a,F,S,la poubelle avec les cloches qui était là depuis hier est aussi très brillante <eos>,13,brillante,brillant,11,F,P,brillante,-6.40446,brillant,-10.504172,1
884,S_NOUN_8_ADJ_a,F,S,la poubelle avec les cloches qui était là depuis hier est aussi très compliquée <eos>,13,compliquée,compliqué,11,F,P,compliquée,-6.8041053,compliqué,-9.041433,1
885,S_NOUN_8_ADJ_a,F,S,la poubelle avec les cerises qui était là depuis hier est aussi très verte <eos>,13,verte,vert,11,F,P,verte,-9.08708,vert,-11.43454,1
886,S_NOUN_8_ADJ_a,F,S,la poubelle avec les cerises qui était là depuis hier est aussi très bleue <eos>,13,bleue,bleu,11,F,P,bleue,-11.940422,bleu,-12.266497,1
887,S_NOUN_8_ADJ_a,F,S,la poubelle avec les cerises qui était là depuis hier est aussi très noire <eos>,13,noire,noir,11,F,P,noire,-7.9467306,noir,-11.963725,1
888,S_NOUN_8_ADJ_a,F,S,la poubelle avec les cerises qui était là depuis hier est aussi très délicate <eos>,13,délicate,délicat,11,F,P,délicate,-6.3024707,délicat,-9.414606,1
889,S_NOUN_8_ADJ_a,F,S,la poubelle avec les cerises qui était là depuis hier est aussi très pointue <eos>,13,pointue,pointu,11,F,P,pointue,-9.811828,pointu,-12.026068,1
890,S_NOUN_8_ADJ_a,F,S,la poubelle avec les cerises qui était là depuis hier est aussi très ronde <eos>,13,ronde,rond,11,F,P,ronde,-10.609085,rond,-14.2045,1
891,S_NOUN_8_ADJ_a,F,S,la poubelle avec les cerises qui était là depuis hier est aussi très froide <eos>,13,froide,froid,11,F,P,froide,-7.1420307,froid,-9.551633,1
892,S_NOUN_8_ADJ_a,F,S,la poubelle avec les cerises qui était là depuis hier est aussi très chaude <eos>,13,chaude,chaud,11,F,P,chaude,-5.757041,chaud,-9.563321,1
893,S_NOUN_8_ADJ_a,F,S,la poubelle avec les cerises qui était là depuis hier est aussi très importante <eos>,13,importante,important,11,F,P,importante,-4.1988935,important,-8.140972,1
894,S_NOUN_8_ADJ_a,F,S,la poubelle avec les cerises qui était là depuis hier est aussi très courte <eos>,13,courte,court,11,F,P,courte,-6.0495033,court,-8.153752,1
895,S_NOUN_8_ADJ_a,F,S,la poubelle avec les cerises qui était là depuis hier est aussi très dure <eos>,13,dure,dur,11,F,P,dure,-6.2926726,dur,-8.92499,1
896,S_NOUN_8_ADJ_a,F,S,la poubelle avec les cerises qui était là depuis hier est aussi très claire <eos>,13,claire,clair,11,F,P,claire,-5.458358,clair,-8.767009,1
897,S_NOUN_8_ADJ_a,F,S,la poubelle avec les cerises qui était là depuis hier est aussi très intéressante <eos>,13,intéressante,intéressant,11,F,P,intéressante,-5.8261814,intéressant,-9.075904,1
898,S_NOUN_8_ADJ_a,F,S,la poubelle avec les cerises qui était là depuis hier est aussi très brillante <eos>,13,brillante,brillant,11,F,P,brillante,-6.794737,brillant,-10.883297,1
899,S_NOUN_8_ADJ_a,F,S,la poubelle avec les cerises qui était là depuis hier est aussi très compliquée <eos>,13,compliquée,compliqué,11,F,P,compliquée,-7.1294756,compliqué,-9.512954,1
900,S_NOUN_8_ADJ_a,F,S,la chemise avec les gemmes qui était là depuis hier est aussi très verte <eos>,13,verte,vert,11,F,P,verte,-8.50771,vert,-10.876508,1
901,S_NOUN_8_ADJ_a,F,S,la chemise avec les gemmes qui était là depuis hier est aussi très bleue <eos>,13,bleue,bleu,11,F,P,bleue,-10.403417,bleu,-10.970836,1
902,S_NOUN_8_ADJ_a,F,S,la chemise avec les gemmes qui était là depuis hier est aussi très noire <eos>,13,noire,noir,11,F,P,noire,-6.698558,noir,-11.0369,1
903,S_NOUN_8_ADJ_a,F,S,la chemise avec les gemmes qui était là depuis hier est aussi très délicate <eos>,13,délicate,délicat,11,F,P,délicate,-6.455153,délicat,-10.316099,1
904,S_NOUN_8_ADJ_a,F,S,la chemise avec les gemmes qui était là depuis hier est aussi très pointue <eos>,13,pointue,pointu,11,F,P,pointue,-9.321607,pointu,-12.100625,1
905,S_NOUN_8_ADJ_a,F,S,la chemise avec les gemmes qui était là depuis hier est aussi très ronde <eos>,13,ronde,rond,11,F,P,ronde,-10.245464,rond,-14.311548,1
906,S_NOUN_8_ADJ_a,F,S,la chemise avec les gemmes qui était là depuis hier est aussi très froide <eos>,13,froide,froid,11,F,P,froide,-7.158412,froid,-9.949347,1
907,S_NOUN_8_ADJ_a,F,S,la chemise avec les gemmes qui était là depuis hier est aussi très chaude <eos>,13,chaude,chaud,11,F,P,chaude,-6.0157766,chaud,-9.860055,1
908,S_NOUN_8_ADJ_a,F,S,la chemise avec les gemmes qui était là depuis hier est aussi très importante <eos>,13,importante,important,11,F,P,importante,-4.4567366,important,-8.38794,1
909,S_NOUN_8_ADJ_a,F,S,la chemise avec les gemmes qui était là depuis hier est aussi très courte <eos>,13,courte,court,11,F,P,courte,-5.5956492,court,-7.3352637,1
910,S_NOUN_8_ADJ_a,F,S,la chemise avec les gemmes qui était là depuis hier est aussi très dure <eos>,13,dure,dur,11,F,P,dure,-6.6638103,dur,-8.274561,1
911,S_NOUN_8_ADJ_a,F,S,la chemise avec les gemmes qui était là depuis hier est aussi très claire <eos>,13,claire,clair,11,F,P,claire,-5.051059,clair,-8.206762,1
912,S_NOUN_8_ADJ_a,F,S,la chemise avec les gemmes qui était là depuis hier est aussi très intéressante <eos>,13,intéressante,intéressant,11,F,P,intéressante,-5.45764,intéressant,-9.0395355,1
913,S_NOUN_8_ADJ_a,F,S,la chemise avec les gemmes qui était là depuis hier est aussi très brillante <eos>,13,brillante,brillant,11,F,P,brillante,-6.2830777,brillant,-10.263197,1
914,S_NOUN_8_ADJ_a,F,S,la chemise avec les gemmes qui était là depuis hier est aussi très compliquée <eos>,13,compliquée,compliqué,11,F,P,compliquée,-6.643791,compliqué,-8.764095,1
915,S_NOUN_8_ADJ_a,F,S,la chemise avec les chaises qui était là depuis hier est aussi très verte <eos>,13,verte,vert,11,F,P,verte,-8.54114,vert,-11.020464,1
916,S_NOUN_8_ADJ_a,F,S,la chemise avec les chaises qui était là depuis hier est aussi très bleue <eos>,13,bleue,bleu,11,F,P,bleue,-10.724682,bleu,-11.069147,1
917,S_NOUN_8_ADJ_a,F,S,la chemise avec les chaises qui était là depuis hier est aussi très noire <eos>,13,noire,noir,11,F,P,noire,-6.7230253,noir,-11.317662,1
918,S_NOUN_8_ADJ_a,F,S,la chemise avec les chaises qui était là depuis hier est aussi très délicate <eos>,13,délicate,délicat,11,F,P,délicate,-6.698847,délicat,-10.262306,1
919,S_NOUN_8_ADJ_a,F,S,la chemise avec les chaises qui était là depuis hier est aussi très pointue <eos>,13,pointue,pointu,11,F,P,pointue,-8.844495,pointu,-11.654778,1
920,S_NOUN_8_ADJ_a,F,S,la chemise avec les chaises qui était là depuis hier est aussi très ronde <eos>,13,ronde,rond,11,F,P,ronde,-9.47841,rond,-13.586759,1
921,S_NOUN_8_ADJ_a,F,S,la chemise avec les chaises qui était là depuis hier est aussi très froide <eos>,13,froide,froid,11,F,P,froide,-7.6319447,froid,-10.681701,1
922,S_NOUN_8_ADJ_a,F,S,la chemise avec les chaises qui était là depuis hier est aussi très chaude <eos>,13,chaude,chaud,11,F,P,chaude,-5.9396667,chaud,-10.214437,1
923,S_NOUN_8_ADJ_a,F,S,la chemise avec les chaises qui était là depuis hier est aussi très importante <eos>,13,importante,important,11,F,P,importante,-4.5190983,important,-8.416036,1
924,S_NOUN_8_ADJ_a,F,S,la chemise avec les chaises qui était là depuis hier est aussi très courte <eos>,13,courte,court,11,F,P,courte,-5.0200663,court,-6.8929815,1
925,S_NOUN_8_ADJ_a,F,S,la chemise avec les chaises qui était là depuis hier est aussi très dure <eos>,13,dure,dur,11,F,P,dure,-6.317602,dur,-8.503344,1
926,S_NOUN_8_ADJ_a,F,S,la chemise avec les chaises qui était là depuis hier est aussi très claire <eos>,13,claire,clair,11,F,P,claire,-5.29957,clair,-8.528903,1
927,S_NOUN_8_ADJ_a,F,S,la chemise avec les chaises qui était là depuis hier est aussi très intéressante <eos>,13,intéressante,intéressant,11,F,P,intéressante,-5.545329,intéressant,-8.970812,1
928,S_NOUN_8_ADJ_a,F,S,la chemise avec les chaises qui était là depuis hier est aussi très brillante <eos>,13,brillante,brillant,11,F,P,brillante,-6.363595,brillant,-10.347735,1
929,S_NOUN_8_ADJ_a,F,S,la chemise avec les chaises qui était là depuis hier est aussi très compliquée <eos>,13,compliquée,compliqué,11,F,P,compliquée,-6.675994,compliqué,-8.675438,1
930,S_NOUN_8_ADJ_a,F,S,la chemise avec les poubelles qui était là depuis hier est aussi très verte <eos>,13,verte,vert,11,F,P,verte,-8.985835,vert,-11.572623,1
931,S_NOUN_8_ADJ_a,F,S,la chemise avec les poubelles qui était là depuis hier est aussi très bleue <eos>,13,bleue,bleu,11,F,P,bleue,-11.156084,bleu,-11.521763,1
932,S_NOUN_8_ADJ_a,F,S,la chemise avec les poubelles qui était là depuis hier est aussi très noire <eos>,13,noire,noir,11,F,P,noire,-7.0323915,noir,-11.646987,1
933,S_NOUN_8_ADJ_a,F,S,la chemise avec les poubelles qui était là depuis hier est aussi très délicate <eos>,13,délicate,délicat,11,F,P,délicate,-6.437925,délicat,-10.374449,1
934,S_NOUN_8_ADJ_a,F,S,la chemise avec les poubelles qui était là depuis hier est aussi très pointue <eos>,13,pointue,pointu,11,F,P,pointue,-8.682364,pointu,-11.416408,1
935,S_NOUN_8_ADJ_a,F,S,la chemise avec les poubelles qui était là depuis hier est aussi très ronde <eos>,13,ronde,rond,11,F,P,ronde,-9.587463,rond,-13.875916,1
936,S_NOUN_8_ADJ_a,F,S,la chemise avec les poubelles qui était là depuis hier est aussi très froide <eos>,13,froide,froid,11,F,P,froide,-7.4902673,froid,-10.476889,1
937,S_NOUN_8_ADJ_a,F,S,la chemise avec les poubelles qui était là depuis hier est aussi très chaude <eos>,13,chaude,chaud,11,F,P,chaude,-6.230415,chaud,-10.1828785,1
938,S_NOUN_8_ADJ_a,F,S,la chemise avec les poubelles qui était là depuis hier est aussi très importante <eos>,13,importante,important,11,F,P,importante,-4.4239006,important,-8.323975,1
939,S_NOUN_8_ADJ_a,F,S,la chemise avec les poubelles qui était là depuis hier est aussi très courte <eos>,13,courte,court,11,F,P,courte,-5.1045365,court,-7.0370584,1
940,S_NOUN_8_ADJ_a,F,S,la chemise avec les poubelles qui était là depuis hier est aussi très dure <eos>,13,dure,dur,11,F,P,dure,-6.7690043,dur,-8.603897,1
941,S_NOUN_8_ADJ_a,F,S,la chemise avec les poubelles qui était là depuis hier est aussi très claire <eos>,13,claire,clair,11,F,P,claire,-5.5277815,clair,-8.850516,1
942,S_NOUN_8_ADJ_a,F,S,la chemise avec les poubelles qui était là depuis hier est aussi très intéressante <eos>,13,intéressante,intéressant,11,F,P,intéressante,-5.4264584,intéressant,-8.890561,1
943,S_NOUN_8_ADJ_a,F,S,la chemise avec les poubelles qui était là depuis hier est aussi très brillante <eos>,13,brillante,brillant,11,F,P,brillante,-7.0176525,brillant,-10.927546,1
944,S_NOUN_8_ADJ_a,F,S,la chemise avec les poubelles qui était là depuis hier est aussi très compliquée <eos>,13,compliquée,compliqué,11,F,P,compliquée,-6.4959,compliqué,-8.473561,1
945,S_NOUN_8_ADJ_a,F,S,la chemise avec les chemises qui était là depuis hier est aussi très verte <eos>,13,verte,vert,11,F,P,verte,-8.552426,vert,-10.905759,1
946,S_NOUN_8_ADJ_a,F,S,la chemise avec les chemises qui était là depuis hier est aussi très bleue <eos>,13,bleue,bleu,11,F,P,bleue,-10.161776,bleu,-10.816044,1
947,S_NOUN_8_ADJ_a,F,S,la chemise avec les chemises qui était là depuis hier est aussi très noire <eos>,13,noire,noir,11,F,P,noire,-6.0600743,noir,-10.886223,1
948,S_NOUN_8_ADJ_a,F,S,la chemise avec les chemises qui était là depuis hier est aussi très délicate <eos>,13,délicate,délicat,11,F,P,délicate,-6.5945816,délicat,-10.280186,1
949,S_NOUN_8_ADJ_a,F,S,la chemise avec les chemises qui était là depuis hier est aussi très pointue <eos>,13,pointue,pointu,11,F,P,pointue,-8.694777,pointu,-11.210817,1
950,S_NOUN_8_ADJ_a,F,S,la chemise avec les chemises qui était là depuis hier est aussi très ronde <eos>,13,ronde,rond,11,F,P,ronde,-9.504412,rond,-13.635015,1
951,S_NOUN_8_ADJ_a,F,S,la chemise avec les chemises qui était là depuis hier est aussi très froide <eos>,13,froide,froid,11,F,P,froide,-7.792857,froid,-10.842709,1
952,S_NOUN_8_ADJ_a,F,S,la chemise avec les chemises qui était là depuis hier est aussi très chaude <eos>,13,chaude,chaud,11,F,P,chaude,-6.475466,chaud,-10.437412,1
953,S_NOUN_8_ADJ_a,F,S,la chemise avec les chemises qui était là depuis hier est aussi très importante <eos>,13,importante,important,11,F,P,importante,-4.9335327,important,-8.75439,1
954,S_NOUN_8_ADJ_a,F,S,la chemise avec les chemises qui était là depuis hier est aussi très courte <eos>,13,courte,court,11,F,P,courte,-4.7769403,court,-6.8028545,1
955,S_NOUN_8_ADJ_a,F,S,la chemise avec les chemises qui était là depuis hier est aussi très dure <eos>,13,dure,dur,11,F,P,dure,-6.4231133,dur,-8.653725,1
956,S_NOUN_8_ADJ_a,F,S,la chemise avec les chemises qui était là depuis hier est aussi très claire <eos>,13,claire,clair,11,F,P,claire,-5.0968513,clair,-8.093363,1
957,S_NOUN_8_ADJ_a,F,S,la chemise avec les chemises qui était là depuis hier est aussi très intéressante <eos>,13,intéressante,intéressant,11,F,P,intéressante,-6.0488544,intéressant,-9.30615,1
958,S_NOUN_8_ADJ_a,F,S,la chemise avec les chemises qui était là depuis hier est aussi très brillante <eos>,13,brillante,brillant,11,F,P,brillante,-6.789752,brillant,-10.56128,1
959,S_NOUN_8_ADJ_a,F,S,la chemise avec les chemises qui était là depuis hier est aussi très compliquée <eos>,13,compliquée,compliqué,11,F,P,compliquée,-6.6668806,compliqué,-8.568426,1
960,S_NOUN_8_ADJ_a,F,S,la chemise avec les recettes qui était là depuis hier est aussi très verte <eos>,13,verte,vert,11,F,P,verte,-9.5870075,vert,-12.132652,1
961,S_NOUN_8_ADJ_a,F,S,la chemise avec les recettes qui était là depuis hier est aussi très bleue <eos>,13,bleue,bleu,11,F,P,bleue,-12.1919,bleu,-12.256157,1
962,S_NOUN_8_ADJ_a,F,S,la chemise avec les recettes qui était là depuis hier est aussi très noire <eos>,13,noire,noir,11,F,P,noire,-8.169377,noir,-11.739148,1
963,S_NOUN_8_ADJ_a,F,S,la chemise avec les recettes qui était là depuis hier est aussi très délicate <eos>,13,délicate,délicat,11,F,P,délicate,-6.5700226,délicat,-10.256454,1
964,S_NOUN_8_ADJ_a,F,S,la chemise avec les recettes qui était là depuis hier est aussi très pointue <eos>,13,pointue,pointu,11,F,P,pointue,-9.386995,pointu,-11.591581,1
965,S_NOUN_8_ADJ_a,F,S,la chemise avec les recettes qui était là depuis hier est aussi très ronde <eos>,13,ronde,rond,11,F,P,ronde,-10.611448,rond,-14.020017,1
966,S_NOUN_8_ADJ_a,F,S,la chemise avec les recettes qui était là depuis hier est aussi très froide <eos>,13,froide,froid,11,F,P,froide,-8.281563,froid,-10.797895,1
967,S_NOUN_8_ADJ_a,F,S,la chemise avec les recettes qui était là depuis hier est aussi très chaude <eos>,13,chaude,chaud,11,F,P,chaude,-6.6750526,chaud,-10.48422,1
968,S_NOUN_8_ADJ_a,F,S,la chemise avec les recettes qui était là depuis hier est aussi très importante <eos>,13,importante,important,11,F,P,importante,-3.7553945,important,-7.655254,1
969,S_NOUN_8_ADJ_a,F,S,la chemise avec les recettes qui était là depuis hier est aussi très courte <eos>,13,courte,court,11,F,P,courte,-5.4589767,court,-7.4121313,1
970,S_NOUN_8_ADJ_a,F,S,la chemise avec les recettes qui était là depuis hier est aussi très dure <eos>,13,dure,dur,11,F,P,dure,-7.196163,dur,-8.832034,1
971,S_NOUN_8_ADJ_a,F,S,la chemise avec les recettes qui était là depuis hier est aussi très claire <eos>,13,claire,clair,11,F,P,claire,-5.795974,clair,-8.979189,1
972,S_NOUN_8_ADJ_a,F,S,la chemise avec les recettes qui était là depuis hier est aussi très intéressante <eos>,13,intéressante,intéressant,11,F,P,intéressante,-5.296845,intéressant,-8.806986,1
973,S_NOUN_8_ADJ_a,F,S,la chemise avec les recettes qui était là depuis hier est aussi très brillante <eos>,13,brillante,brillant,11,F,P,brillante,-7.280243,brillant,-11.105848,1
974,S_NOUN_8_ADJ_a,F,S,la chemise avec les recettes qui était là depuis hier est aussi très compliquée <eos>,13,compliquée,compliqué,11,F,P,compliquée,-7.057162,compliqué,-8.840708,1
975,S_NOUN_8_ADJ_a,F,S,la chemise avec les jupes qui était là depuis hier est aussi très verte <eos>,13,verte,vert,11,F,P,verte,-8.957789,vert,-11.577964,1
976,S_NOUN_8_ADJ_a,F,S,la chemise avec les jupes qui était là depuis hier est aussi très bleue <eos>,13,bleue,bleu,11,F,P,bleue,-10.7324295,bleu,-11.286512,1
977,S_NOUN_8_ADJ_a,F,S,la chemise avec les jupes qui était là depuis hier est aussi très noire <eos>,13,noire,noir,11,F,P,noire,-6.4216633,noir,-11.188459,1
978,S_NOUN_8_ADJ_a,F,S,la chemise avec les jupes qui était là depuis hier est aussi très délicate <eos>,13,délicate,délicat,11,F,P,délicate,-6.998842,délicat,-10.414211,1
979,S_NOUN_8_ADJ_a,F,S,la chemise avec les jupes qui était là depuis hier est aussi très pointue <eos>,13,pointue,pointu,11,F,P,pointue,-8.391652,pointu,-10.9926605,1
980,S_NOUN_8_ADJ_a,F,S,la chemise avec les jupes qui était là depuis hier est aussi très ronde <eos>,13,ronde,rond,11,F,P,ronde,-9.466106,rond,-13.427012,1
981,S_NOUN_8_ADJ_a,F,S,la chemise avec les jupes qui était là depuis hier est aussi très froide <eos>,13,froide,froid,11,F,P,froide,-8.005338,froid,-11.099497,1
982,S_NOUN_8_ADJ_a,F,S,la chemise avec les jupes qui était là depuis hier est aussi très chaude <eos>,13,chaude,chaud,11,F,P,chaude,-6.570956,chaud,-10.844548,1
983,S_NOUN_8_ADJ_a,F,S,la chemise avec les jupes qui était là depuis hier est aussi très importante <eos>,13,importante,important,11,F,P,importante,-5.0127783,important,-8.860388,1
984,S_NOUN_8_ADJ_a,F,S,la chemise avec les jupes qui était là depuis hier est aussi très courte <eos>,13,courte,court,11,F,P,courte,-4.635434,court,-6.760043,1
985,S_NOUN_8_ADJ_a,F,S,la chemise avec les jupes qui était là depuis hier est aussi très dure <eos>,13,dure,dur,11,F,P,dure,-6.811488,dur,-8.727282,1
986,S_NOUN_8_ADJ_a,F,S,la chemise avec les jupes qui était là depuis hier est aussi très claire <eos>,13,claire,clair,11,F,P,claire,-5.1881685,clair,-8.524317,1
987,S_NOUN_8_ADJ_a,F,S,la chemise avec les jupes qui était là depuis hier est aussi très intéressante <eos>,13,intéressante,intéressant,11,F,P,intéressante,-5.934775,intéressant,-9.2698765,1
988,S_NOUN_8_ADJ_a,F,S,la chemise avec les jupes qui était là depuis hier est aussi très brillante <eos>,13,brillante,brillant,11,F,P,brillante,-7.019725,brillant,-10.896939,1
989,S_NOUN_8_ADJ_a,F,S,la chemise avec les jupes qui était là depuis hier est aussi très compliquée <eos>,13,compliquée,compliqué,11,F,P,compliquée,-6.412792,compliqué,-8.409645,1
990,S_NOUN_8_ADJ_a,F,S,la chemise avec les colles qui était là depuis hier est aussi très verte <eos>,13,verte,vert,11,F,P,verte,-9.307987,vert,-11.86034,1
991,S_NOUN_8_ADJ_a,F,S,la chemise avec les colles qui était là depuis hier est aussi très bleue <eos>,13,bleue,bleu,11,F,P,bleue,-11.4223,bleu,-11.922453,1
992,S_NOUN_8_ADJ_a,F,S,la chemise avec les colles qui était là depuis hier est aussi très noire <eos>,13,noire,noir,11,F,P,noire,-7.750312,noir,-12.163233,1
993,S_NOUN_8_ADJ_a,F,S,la chemise avec les colles qui était là depuis hier est aussi très délicate <eos>,13,délicate,délicat,11,F,P,délicate,-6.072481,délicat,-9.866354,1
994,S_NOUN_8_ADJ_a,F,S,la chemise avec les colles qui était là depuis hier est aussi très pointue <eos>,13,pointue,pointu,11,F,P,pointue,-8.7034645,pointu,-11.610796,1
995,S_NOUN_8_ADJ_a,F,S,la chemise avec les colles qui était là depuis hier est aussi très ronde <eos>,13,ronde,rond,11,F,P,ronde,-10.0234,rond,-13.828694,1
996,S_NOUN_8_ADJ_a,F,S,la chemise avec les colles qui était là depuis hier est aussi très froide <eos>,13,froide,froid,11,F,P,froide,-7.1964426,froid,-10.504529,1
997,S_NOUN_8_ADJ_a,F,S,la chemise avec les colles qui était là depuis hier est aussi très chaude <eos>,13,chaude,chaud,11,F,P,chaude,-6.0814915,chaud,-10.238937,1
998,S_NOUN_8_ADJ_a,F,S,la chemise avec les colles qui était là depuis hier est aussi très importante <eos>,13,importante,important,11,F,P,importante,-4.327938,important,-8.289588,1
999,S_NOUN_8_ADJ_a,F,S,la chemise avec les colles qui était là depuis hier est aussi très courte <eos>,13,courte,court,11,F,P,courte,-5.639686,court,-7.4730477,1
1000,S_NOUN_8_ADJ_a,F,S,la chemise avec les colles qui était là depuis hier est aussi très dure <eos>,13,dure,dur,11,F,P,dure,-6.8571777,dur,-8.08935,1
1001,S_NOUN_8_ADJ_a,F,S,la chemise avec les colles qui était là depuis hier est aussi très claire <eos>,13,claire,clair,11,F,P,claire,-5.389821,clair,-8.593799,1
1002,S_NOUN_8_ADJ_a,F,S,la chemise avec les colles qui était là depuis hier est aussi très intéressante <eos>,13,intéressante,intéressant,11,F,P,intéressante,-5.50165,intéressant,-8.806111,1
1003,S_NOUN_8_ADJ_a,F,S,la chemise avec les colles qui était là depuis hier est aussi très brillante <eos>,13,brillante,brillant,11,F,P,brillante,-6.872306,brillant,-10.525822,1
1004,S_NOUN_8_ADJ_a,F,S,la chemise avec les colles qui était là depuis hier est aussi très compliquée <eos>,13,compliquée,compliqué,11,F,P,compliquée,-6.186653,compliqué,-8.244697,1
1005,S_NOUN_8_ADJ_a,F,S,la chemise avec les lampes qui était là depuis hier est aussi très verte <eos>,13,verte,vert,11,F,P,verte,-8.468893,vert,-11.019038,1
1006,S_NOUN_8_ADJ_a,F,S,la chemise avec les lampes qui était là depuis hier est aussi très bleue <eos>,13,bleue,bleu,11,F,P,bleue,-10.570468,bleu,-11.064765,1
1007,S_NOUN_8_ADJ_a,F,S,la chemise avec les lampes qui était là depuis hier est aussi très noire <eos>,13,noire,noir,11,F,P,noire,-6.756732,noir,-11.114325,1
1008,S_NOUN_8_ADJ_a,F,S,la chemise avec les lampes qui était là depuis hier est aussi très délicate <eos>,13,délicate,délicat,11,F,P,délicate,-6.3532343,délicat,-10.204815,1
1009,S_NOUN_8_ADJ_a,F,S,la chemise avec les lampes qui était là depuis hier est aussi très pointue <eos>,13,pointue,pointu,11,F,P,pointue,-8.730167,pointu,-11.506623,1
1010,S_NOUN_8_ADJ_a,F,S,la chemise avec les lampes qui était là depuis hier est aussi très ronde <eos>,13,ronde,rond,11,F,P,ronde,-9.824979,rond,-13.785864,1
1011,S_NOUN_8_ADJ_a,F,S,la chemise avec les lampes qui était là depuis hier est aussi très froide <eos>,13,froide,froid,11,F,P,froide,-7.5804367,froid,-10.442299,1
1012,S_NOUN_8_ADJ_a,F,S,la chemise avec les lampes qui était là depuis hier est aussi très chaude <eos>,13,chaude,chaud,11,F,P,chaude,-5.925109,chaud,-9.893098,1
1013,S_NOUN_8_ADJ_a,F,S,la chemise avec les lampes qui était là depuis hier est aussi très importante <eos>,13,importante,important,11,F,P,importante,-4.7615232,important,-8.613694,1
1014,S_NOUN_8_ADJ_a,F,S,la chemise avec les lampes qui était là depuis hier est aussi très courte <eos>,13,courte,court,11,F,P,courte,-5.1244383,court,-6.9303885,1
1015,S_NOUN_8_ADJ_a,F,S,la chemise avec les lampes qui était là depuis hier est aussi très dure <eos>,13,dure,dur,11,F,P,dure,-6.665867,dur,-8.6219845,1
1016,S_NOUN_8_ADJ_a,F,S,la chemise avec les lampes qui était là depuis hier est aussi très claire <eos>,13,claire,clair,11,F,P,claire,-5.2838097,clair,-8.4774065,1
1017,S_NOUN_8_ADJ_a,F,S,la chemise avec les lampes qui était là depuis hier est aussi très intéressante <eos>,13,intéressante,intéressant,11,F,P,intéressante,-5.526692,intéressant,-8.8836,1
1018,S_NOUN_8_ADJ_a,F,S,la chemise avec les lampes qui était là depuis hier est aussi très brillante <eos>,13,brillante,brillant,11,F,P,brillante,-6.400497,brillant,-10.361992,1
1019,S_NOUN_8_ADJ_a,F,S,la chemise avec les lampes qui était là depuis hier est aussi très compliquée <eos>,13,compliquée,compliqué,11,F,P,compliquée,-6.2778106,compliqué,-8.409054,1
1020,S_NOUN_8_ADJ_a,F,S,la chemise avec les bouteilles qui était là depuis hier est aussi très verte <eos>,13,verte,vert,11,F,P,verte,-9.034336,vert,-11.17287,1
1021,S_NOUN_8_ADJ_a,F,S,la chemise avec les bouteilles qui était là depuis hier est aussi très bleue <eos>,13,bleue,bleu,11,F,P,bleue,-11.341457,bleu,-11.615496,1
1022,S_NOUN_8_ADJ_a,F,S,la chemise avec les bouteilles qui était là depuis hier est aussi très noire <eos>,13,noire,noir,11,F,P,noire,-7.340139,noir,-11.154736,1
1023,S_NOUN_8_ADJ_a,F,S,la chemise avec les bouteilles qui était là depuis hier est aussi très délicate <eos>,13,délicate,délicat,11,F,P,délicate,-6.2791824,délicat,-9.852082,1
1024,S_NOUN_8_ADJ_a,F,S,la chemise avec les bouteilles qui était là depuis hier est aussi très pointue <eos>,13,pointue,pointu,11,F,P,pointue,-9.183629,pointu,-11.517784,1
1025,S_NOUN_8_ADJ_a,F,S,la chemise avec les bouteilles qui était là depuis hier est aussi très ronde <eos>,13,ronde,rond,11,F,P,ronde,-9.89765,rond,-13.311586,1
1026,S_NOUN_8_ADJ_a,F,S,la chemise avec les bouteilles qui était là depuis hier est aussi très froide <eos>,13,froide,froid,11,F,P,froide,-7.6496873,froid,-10.109428,1
1027,S_NOUN_8_ADJ_a,F,S,la chemise avec les bouteilles qui était là depuis hier est aussi très chaude <eos>,13,chaude,chaud,11,F,P,chaude,-5.868676,chaud,-9.606996,1
1028,S_NOUN_8_ADJ_a,F,S,la chemise avec les bouteilles qui était là depuis hier est aussi très importante <eos>,13,importante,important,11,F,P,importante,-4.232691,important,-7.9041147,1
1029,S_NOUN_8_ADJ_a,F,S,la chemise avec les bouteilles qui était là depuis hier est aussi très courte <eos>,13,courte,court,11,F,P,courte,-5.6838474,court,-7.3692207,1
1030,S_NOUN_8_ADJ_a,F,S,la chemise avec les bouteilles qui était là depuis hier est aussi très dure <eos>,13,dure,dur,11,F,P,dure,-6.832179,dur,-8.356728,1
1031,S_NOUN_8_ADJ_a,F,S,la chemise avec les bouteilles qui était là depuis hier est aussi très claire <eos>,13,claire,clair,11,F,P,claire,-5.205649,clair,-8.437206,1
1032,S_NOUN_8_ADJ_a,F,S,la chemise avec les bouteilles qui était là depuis hier est aussi très intéressante <eos>,13,intéressante,intéressant,11,F,P,intéressante,-5.3399754,intéressant,-8.535087,1
1033,S_NOUN_8_ADJ_a,F,S,la chemise avec les bouteilles qui était là depuis hier est aussi très brillante <eos>,13,brillante,brillant,11,F,P,brillante,-6.888074,brillant,-10.332428,1
1034,S_NOUN_8_ADJ_a,F,S,la chemise avec les bouteilles qui était là depuis hier est aussi très compliquée <eos>,13,compliquée,compliqué,11,F,P,compliquée,-6.681116,compliqué,-8.526586,1
1035,S_NOUN_8_ADJ_a,F,S,la chemise avec les boissons qui était là depuis hier est aussi très verte <eos>,13,verte,vert,11,F,P,verte,-9.140209,vert,-11.496385,1
1036,S_NOUN_8_ADJ_a,F,S,la chemise avec les boissons qui était là depuis hier est aussi très bleue <eos>,13,bleue,bleu,11,F,P,bleue,-11.326767,bleu,-11.977501,1
1037,S_NOUN_8_ADJ_a,F,S,la chemise avec les boissons qui était là depuis hier est aussi très noire <eos>,13,noire,noir,11,F,P,noire,-7.679343,noir,-11.927282,1
1038,S_NOUN_8_ADJ_a,F,S,la chemise avec les boissons qui était là depuis hier est aussi très délicate <eos>,13,délicate,délicat,11,F,P,délicate,-6.331538,délicat,-9.868714,1
1039,S_NOUN_8_ADJ_a,F,S,la chemise avec les boissons qui était là depuis hier est aussi très pointue <eos>,13,pointue,pointu,11,F,P,pointue,-9.779259,pointu,-11.631663,1
1040,S_NOUN_8_ADJ_a,F,S,la chemise avec les boissons qui était là depuis hier est aussi très ronde <eos>,13,ronde,rond,11,F,P,ronde,-10.437347,rond,-14.081804,1
1041,S_NOUN_8_ADJ_a,F,S,la chemise avec les boissons qui était là depuis hier est aussi très froide <eos>,13,froide,froid,11,F,P,froide,-6.998838,froid,-9.730936,1
1042,S_NOUN_8_ADJ_a,F,S,la chemise avec les boissons qui était là depuis hier est aussi très chaude <eos>,13,chaude,chaud,11,F,P,chaude,-5.62685,chaud,-9.408251,1
1043,S_NOUN_8_ADJ_a,F,S,la chemise avec les boissons qui était là depuis hier est aussi très importante <eos>,13,importante,important,11,F,P,importante,-4.014717,important,-7.9276323,1
1044,S_NOUN_8_ADJ_a,F,S,la chemise avec les boissons qui était là depuis hier est aussi très courte <eos>,13,courte,court,11,F,P,courte,-5.9202585,court,-7.8327713,1
1045,S_NOUN_8_ADJ_a,F,S,la chemise avec les boissons qui était là depuis hier est aussi très dure <eos>,13,dure,dur,11,F,P,dure,-6.575429,dur,-8.483891,1
1046,S_NOUN_8_ADJ_a,F,S,la chemise avec les boissons qui était là depuis hier est aussi très claire <eos>,13,claire,clair,11,F,P,claire,-5.091562,clair,-8.196516,1
1047,S_NOUN_8_ADJ_a,F,S,la chemise avec les boissons qui était là depuis hier est aussi très intéressante <eos>,13,intéressante,intéressant,11,F,P,intéressante,-5.6765614,intéressant,-8.814111,1
1048,S_NOUN_8_ADJ_a,F,S,la chemise avec les boissons qui était là depuis hier est aussi très brillante <eos>,13,brillante,brillant,11,F,P,brillante,-7.355227,brillant,-10.832926,1
1049,S_NOUN_8_ADJ_a,F,S,la chemise avec les boissons qui était là depuis hier est aussi très compliquée <eos>,13,compliquée,compliqué,11,F,P,compliquée,-7.1044846,compliqué,-9.133136,1
1050,S_NOUN_8_ADJ_a,F,S,la chemise avec les pommes qui était là depuis hier est aussi très verte <eos>,13,verte,vert,11,F,P,verte,-8.825021,vert,-11.188752,1
1051,S_NOUN_8_ADJ_a,F,S,la chemise avec les pommes qui était là depuis hier est aussi très bleue <eos>,13,bleue,bleu,11,F,P,bleue,-10.801696,bleu,-11.538525,1
1052,S_NOUN_8_ADJ_a,F,S,la chemise avec les pommes qui était là depuis hier est aussi très noire <eos>,13,noire,noir,11,F,P,noire,-7.0902495,noir,-11.465742,1
1053,S_NOUN_8_ADJ_a,F,S,la chemise avec les pommes qui était là depuis hier est aussi très délicate <eos>,13,délicate,délicat,11,F,P,délicate,-6.223254,délicat,-9.617772,1
1054,S_NOUN_8_ADJ_a,F,S,la chemise avec les pommes qui était là depuis hier est aussi très pointue <eos>,13,pointue,pointu,11,F,P,pointue,-8.875125,pointu,-11.302334,1
1055,S_NOUN_8_ADJ_a,F,S,la chemise avec les pommes qui était là depuis hier est aussi très ronde <eos>,13,ronde,rond,11,F,P,ronde,-9.751405,rond,-13.645237,1
1056,S_NOUN_8_ADJ_a,F,S,la chemise avec les pommes qui était là depuis hier est aussi très froide <eos>,13,froide,froid,11,F,P,froide,-6.947633,froid,-9.874993,1
1057,S_NOUN_8_ADJ_a,F,S,la chemise avec les pommes qui était là depuis hier est aussi très chaude <eos>,13,chaude,chaud,11,F,P,chaude,-5.603116,chaud,-9.90053,1
1058,S_NOUN_8_ADJ_a,F,S,la chemise avec les pommes qui était là depuis hier est aussi très importante <eos>,13,importante,important,11,F,P,importante,-4.2780237,important,-8.435624,1
1059,S_NOUN_8_ADJ_a,F,S,la chemise avec les pommes qui était là depuis hier est aussi très courte <eos>,13,courte,court,11,F,P,courte,-5.533035,court,-7.5244393,1
1060,S_NOUN_8_ADJ_a,F,S,la chemise avec les pommes qui était là depuis hier est aussi très dure <eos>,13,dure,dur,11,F,P,dure,-6.183134,dur,-8.1600685,1
1061,S_NOUN_8_ADJ_a,F,S,la chemise avec les pommes qui était là depuis hier est aussi très claire <eos>,13,claire,clair,11,F,P,claire,-4.7444134,clair,-8.057904,1
1062,S_NOUN_8_ADJ_a,F,S,la chemise avec les pommes qui était là depuis hier est aussi très intéressante <eos>,13,intéressante,intéressant,11,F,P,intéressante,-5.7854657,intéressant,-9.226868,1
1063,S_NOUN_8_ADJ_a,F,S,la chemise avec les pommes qui était là depuis hier est aussi très brillante <eos>,13,brillante,brillant,11,F,P,brillante,-6.8223,brillant,-10.684496,1
1064,S_NOUN_8_ADJ_a,F,S,la chemise avec les pommes qui était là depuis hier est aussi très compliquée <eos>,13,compliquée,compliqué,11,F,P,compliquée,-7.0964866,compliqué,-9.349442,1
1065,S_NOUN_8_ADJ_a,F,S,la chemise avec les tasses qui était là depuis hier est aussi très verte <eos>,13,verte,vert,11,F,P,verte,-8.944099,vert,-11.0634575,1
1066,S_NOUN_8_ADJ_a,F,S,la chemise avec les tasses qui était là depuis hier est aussi très bleue <eos>,13,bleue,bleu,11,F,P,bleue,-11.148401,bleu,-11.300499,1
1067,S_NOUN_8_ADJ_a,F,S,la chemise avec les tasses qui était là depuis hier est aussi très noire <eos>,13,noire,noir,11,F,P,noire,-7.1417866,noir,-11.506555,1
1068,S_NOUN_8_ADJ_a,F,S,la chemise avec les tasses qui était là depuis hier est aussi très délicate <eos>,13,délicate,délicat,11,F,P,délicate,-6.4316106,délicat,-9.88732,1
1069,S_NOUN_8_ADJ_a,F,S,la chemise avec les tasses qui était là depuis hier est aussi très pointue <eos>,13,pointue,pointu,11,F,P,pointue,-8.684601,pointu,-11.366684,1
1070,S_NOUN_8_ADJ_a,F,S,la chemise avec les tasses qui était là depuis hier est aussi très ronde <eos>,13,ronde,rond,11,F,P,ronde,-9.1686125,rond,-13.192771,1
1071,S_NOUN_8_ADJ_a,F,S,la chemise avec les tasses qui était là depuis hier est aussi très froide <eos>,13,froide,froid,11,F,P,froide,-7.268499,froid,-10.399025,1
1072,S_NOUN_8_ADJ_a,F,S,la chemise avec les tasses qui était là depuis hier est aussi très chaude <eos>,13,chaude,chaud,11,F,P,chaude,-5.7610703,chaud,-9.939647,1
1073,S_NOUN_8_ADJ_a,F,S,la chemise avec les tasses qui était là depuis hier est aussi très importante <eos>,13,importante,important,11,F,P,importante,-4.293536,important,-8.122676,1
1074,S_NOUN_8_ADJ_a,F,S,la chemise avec les tasses qui était là depuis hier est aussi très courte <eos>,13,courte,court,11,F,P,courte,-5.3049116,court,-7.08803,1
1075,S_NOUN_8_ADJ_a,F,S,la chemise avec les tasses qui était là depuis hier est aussi très dure <eos>,13,dure,dur,11,F,P,dure,-6.692519,dur,-8.241329,1
1076,S_NOUN_8_ADJ_a,F,S,la chemise avec les tasses qui était là depuis hier est aussi très claire <eos>,13,claire,clair,11,F,P,claire,-5.261858,clair,-8.450019,1
1077,S_NOUN_8_ADJ_a,F,S,la chemise avec les tasses qui était là depuis hier est aussi très intéressante <eos>,13,intéressante,intéressant,11,F,P,intéressante,-5.372186,intéressant,-8.78529,1
1078,S_NOUN_8_ADJ_a,F,S,la chemise avec les tasses qui était là depuis hier est aussi très brillante <eos>,13,brillante,brillant,11,F,P,brillante,-6.5614967,brillant,-10.327272,1
1079,S_NOUN_8_ADJ_a,F,S,la chemise avec les tasses qui était là depuis hier est aussi très compliquée <eos>,13,compliquée,compliqué,11,F,P,compliquée,-6.8464575,compliqué,-8.641049,1
1080,S_NOUN_8_ADJ_a,F,S,la chemise avec les bougies qui était là depuis hier est aussi très verte <eos>,13,verte,vert,11,F,P,verte,-8.727978,vert,-11.031027,1
1081,S_NOUN_8_ADJ_a,F,S,la chemise avec les bougies qui était là depuis hier est aussi très bleue <eos>,13,bleue,bleu,11,F,P,bleue,-10.68717,bleu,-11.08732,1
1082,S_NOUN_8_ADJ_a,F,S,la chemise avec les bougies qui était là depuis hier est aussi très noire <eos>,13,noire,noir,11,F,P,noire,-6.7365427,noir,-10.968558,1
1083,S_NOUN_8_ADJ_a,F,S,la chemise avec les bougies qui était là depuis hier est aussi très délicate <eos>,13,délicate,délicat,11,F,P,délicate,-6.7227507,délicat,-10.02644,1
1084,S_NOUN_8_ADJ_a,F,S,la chemise avec les bougies qui était là depuis hier est aussi très pointue <eos>,13,pointue,pointu,11,F,P,pointue,-9.145004,pointu,-11.809178,1
1085,S_NOUN_8_ADJ_a,F,S,la chemise avec les bougies qui était là depuis hier est aussi très ronde <eos>,13,ronde,rond,11,F,P,ronde,-9.932946,rond,-13.698827,1
1086,S_NOUN_8_ADJ_a,F,S,la chemise avec les bougies qui était là depuis hier est aussi très froide <eos>,13,froide,froid,11,F,P,froide,-7.3013988,froid,-10.042524,1
1087,S_NOUN_8_ADJ_a,F,S,la chemise avec les bougies qui était là depuis hier est aussi très chaude <eos>,13,chaude,chaud,11,F,P,chaude,-5.7288113,chaud,-10.018806,1
1088,S_NOUN_8_ADJ_a,F,S,la chemise avec les bougies qui était là depuis hier est aussi très importante <eos>,13,importante,important,11,F,P,importante,-4.6660366,important,-8.542282,1
1089,S_NOUN_8_ADJ_a,F,S,la chemise avec les bougies qui était là depuis hier est aussi très courte <eos>,13,courte,court,11,F,P,courte,-5.006118,court,-6.983569,1
1090,S_NOUN_8_ADJ_a,F,S,la chemise avec les bougies qui était là depuis hier est aussi très dure <eos>,13,dure,dur,11,F,P,dure,-6.500078,dur,-8.5837345,1
1091,S_NOUN_8_ADJ_a,F,S,la chemise avec les bougies qui était là depuis hier est aussi très claire <eos>,13,claire,clair,11,F,P,claire,-4.8908587,clair,-8.09822,1
1092,S_NOUN_8_ADJ_a,F,S,la chemise avec les bougies qui était là depuis hier est aussi très intéressante <eos>,13,intéressante,intéressant,11,F,P,intéressante,-5.7749853,intéressant,-9.203315,1
1093,S_NOUN_8_ADJ_a,F,S,la chemise avec les bougies qui était là depuis hier est aussi très brillante <eos>,13,brillante,brillant,11,F,P,brillante,-6.5256085,brillant,-10.521559,1
1094,S_NOUN_8_ADJ_a,F,S,la chemise avec les bougies qui était là depuis hier est aussi très compliquée <eos>,13,compliquée,compliqué,11,F,P,compliquée,-6.966233,compliqué,-8.894466,1
1095,S_NOUN_8_ADJ_a,F,S,la chemise avec les pochettes qui était là depuis hier est aussi très verte <eos>,13,verte,vert,11,F,P,verte,-8.957256,vert,-11.525365,1
1096,S_NOUN_8_ADJ_a,F,S,la chemise avec les pochettes qui était là depuis hier est aussi très bleue <eos>,13,bleue,bleu,11,F,P,bleue,-11.028662,bleu,-11.246864,1
1097,S_NOUN_8_ADJ_a,F,S,la chemise avec les pochettes qui était là depuis hier est aussi très noire <eos>,13,noire,noir,11,F,P,noire,-7.3996167,noir,-11.361483,1
1098,S_NOUN_8_ADJ_a,F,S,la chemise avec les pochettes qui était là depuis hier est aussi très délicate <eos>,13,délicate,délicat,11,F,P,délicate,-6.996174,délicat,-10.743011,1
1099,S_NOUN_8_ADJ_a,F,S,la chemise avec les pochettes qui était là depuis hier est aussi très pointue <eos>,13,pointue,pointu,11,F,P,pointue,-9.538518,pointu,-11.142553,1
1100,S_NOUN_8_ADJ_a,F,S,la chemise avec les pochettes qui était là depuis hier est aussi très ronde <eos>,13,ronde,rond,11,F,P,ronde,-10.524256,rond,-14.058126,1
1101,S_NOUN_8_ADJ_a,F,S,la chemise avec les pochettes qui était là depuis hier est aussi très froide <eos>,13,froide,froid,11,F,P,froide,-8.896663,froid,-10.464323,1
1102,S_NOUN_8_ADJ_a,F,S,la chemise avec les pochettes qui était là depuis hier est aussi très chaude <eos>,13,chaude,chaud,11,F,P,chaude,-6.308505,chaud,-10.733731,1
1103,S_NOUN_8_ADJ_a,F,S,la chemise avec les pochettes qui était là depuis hier est aussi très importante <eos>,13,importante,important,11,F,P,importante,-4.0616813,important,-7.9544168,1
1104,S_NOUN_8_ADJ_a,F,S,la chemise avec les pochettes qui était là depuis hier est aussi très courte <eos>,13,courte,court,11,F,P,courte,-4.9911094,court,-7.2525926,1
1105,S_NOUN_8_ADJ_a,F,S,la chemise avec les pochettes qui était là depuis hier est aussi très dure <eos>,13,dure,dur,11,F,P,dure,-6.2730665,dur,-8.40677,1
1106,S_NOUN_8_ADJ_a,F,S,la chemise avec les pochettes qui était là depuis hier est aussi très claire <eos>,13,claire,clair,11,F,P,claire,-5.1236906,clair,-8.510584,1
1107,S_NOUN_8_ADJ_a,F,S,la chemise avec les pochettes qui était là depuis hier est aussi très intéressante <eos>,13,intéressante,intéressant,11,F,P,intéressante,-5.4061046,intéressant,-8.725773,1
1108,S_NOUN_8_ADJ_a,F,S,la chemise avec les pochettes qui était là depuis hier est aussi très brillante <eos>,13,brillante,brillant,11,F,P,brillante,-5.899076,brillant,-10.531042,1
1109,S_NOUN_8_ADJ_a,F,S,la chemise avec les pochettes qui était là depuis hier est aussi très compliquée <eos>,13,compliquée,compliqué,11,F,P,compliquée,-6.4974566,compliqué,-9.25812,1
1110,S_NOUN_8_ADJ_a,F,S,la chemise avec les bananes qui était là depuis hier est aussi très verte <eos>,13,verte,vert,11,F,P,verte,-8.323007,vert,-11.171299,1
1111,S_NOUN_8_ADJ_a,F,S,la chemise avec les bananes qui était là depuis hier est aussi très bleue <eos>,13,bleue,bleu,11,F,P,bleue,-10.729846,bleu,-11.550696,1
1112,S_NOUN_8_ADJ_a,F,S,la chemise avec les bananes qui était là depuis hier est aussi très noire <eos>,13,noire,noir,11,F,P,noire,-7.131668,noir,-11.5767355,1
1113,S_NOUN_8_ADJ_a,F,S,la chemise avec les bananes qui était là depuis hier est aussi très délicate <eos>,13,délicate,délicat,11,F,P,délicate,-6.5368557,délicat,-10.051761,1
1114,S_NOUN_8_ADJ_a,F,S,la chemise avec les bananes qui était là depuis hier est aussi très pointue <eos>,13,pointue,pointu,11,F,P,pointue,-8.804037,pointu,-11.04901,1
1115,S_NOUN_8_ADJ_a,F,S,la chemise avec les bananes qui était là depuis hier est aussi très ronde <eos>,13,ronde,rond,11,F,P,ronde,-9.526021,rond,-13.571517,1
1116,S_NOUN_8_ADJ_a,F,S,la chemise avec les bananes qui était là depuis hier est aussi très froide <eos>,13,froide,froid,11,F,P,froide,-7.6691446,froid,-10.612021,1
1117,S_NOUN_8_ADJ_a,F,S,la chemise avec les bananes qui était là depuis hier est aussi très chaude <eos>,13,chaude,chaud,11,F,P,chaude,-6.080446,chaud,-10.090618,1
1118,S_NOUN_8_ADJ_a,F,S,la chemise avec les bananes qui était là depuis hier est aussi très importante <eos>,13,importante,important,11,F,P,importante,-4.3867893,important,-8.433756,1
1119,S_NOUN_8_ADJ_a,F,S,la chemise avec les bananes qui était là depuis hier est aussi très courte <eos>,13,courte,court,11,F,P,courte,-5.6697173,court,-7.2227855,1
1120,S_NOUN_8_ADJ_a,F,S,la chemise avec les bananes qui était là depuis hier est aussi très dure <eos>,13,dure,dur,11,F,P,dure,-6.4902816,dur,-8.205629,1
1121,S_NOUN_8_ADJ_a,F,S,la chemise avec les bananes qui était là depuis hier est aussi très claire <eos>,13,claire,clair,11,F,P,claire,-5.070266,clair,-8.524836,1
1122,S_NOUN_8_ADJ_a,F,S,la chemise avec les bananes qui était là depuis hier est aussi très intéressante <eos>,13,intéressante,intéressant,11,F,P,intéressante,-5.7311673,intéressant,-9.091276,1
1123,S_NOUN_8_ADJ_a,F,S,la chemise avec les bananes qui était là depuis hier est aussi très brillante <eos>,13,brillante,brillant,11,F,P,brillante,-6.9467254,brillant,-10.653885,1
1124,S_NOUN_8_ADJ_a,F,S,la chemise avec les bananes qui était là depuis hier est aussi très compliquée <eos>,13,compliquée,compliqué,11,F,P,compliquée,-7.064316,compliqué,-8.938011,1
1125,S_NOUN_8_ADJ_a,F,S,la chemise avec les robes qui était là depuis hier est aussi très verte <eos>,13,verte,vert,11,F,P,verte,-8.686174,vert,-11.337531,1
1126,S_NOUN_8_ADJ_a,F,S,la chemise avec les robes qui était là depuis hier est aussi très bleue <eos>,13,bleue,bleu,11,F,P,bleue,-10.342846,bleu,-11.139028,1
1127,S_NOUN_8_ADJ_a,F,S,la chemise avec les robes qui était là depuis hier est aussi très noire <eos>,13,noire,noir,11,F,P,noire,-6.4062214,noir,-11.20317,1
1128,S_NOUN_8_ADJ_a,F,S,la chemise avec les robes qui était là depuis hier est aussi très délicate <eos>,13,délicate,délicat,11,F,P,délicate,-7.1578274,délicat,-10.68728,1
1129,S_NOUN_8_ADJ_a,F,S,la chemise avec les robes qui était là depuis hier est aussi très pointue <eos>,13,pointue,pointu,11,F,P,pointue,-9.423213,pointu,-11.493369,1
1130,S_NOUN_8_ADJ_a,F,S,la chemise avec les robes qui était là depuis hier est aussi très ronde <eos>,13,ronde,rond,11,F,P,ronde,-10.263025,rond,-14.001478,1
1131,S_NOUN_8_ADJ_a,F,S,la chemise avec les robes qui était là depuis hier est aussi très froide <eos>,13,froide,froid,11,F,P,froide,-7.7147474,froid,-10.743299,1
1132,S_NOUN_8_ADJ_a,F,S,la chemise avec les robes qui était là depuis hier est aussi très chaude <eos>,13,chaude,chaud,11,F,P,chaude,-6.4380426,chaud,-10.645568,1
1133,S_NOUN_8_ADJ_a,F,S,la chemise avec les robes qui était là depuis hier est aussi très importante <eos>,13,importante,important,11,F,P,importante,-4.723094,important,-8.6444025,1
1134,S_NOUN_8_ADJ_a,F,S,la chemise avec les robes qui était là depuis hier est aussi très courte <eos>,13,courte,court,11,F,P,courte,-5.0537157,court,-7.103161,1
1135,S_NOUN_8_ADJ_a,F,S,la chemise avec les robes qui était là depuis hier est aussi très dure <eos>,13,dure,dur,11,F,P,dure,-6.924435,dur,-9.284498,1
1136,S_NOUN_8_ADJ_a,F,S,la chemise avec les robes qui était là depuis hier est aussi très claire <eos>,13,claire,clair,11,F,P,claire,-5.1571503,clair,-8.341819,1
1137,S_NOUN_8_ADJ_a,F,S,la chemise avec les robes qui était là depuis hier est aussi très intéressante <eos>,13,intéressante,intéressant,11,F,P,intéressante,-6.001722,intéressant,-9.244757,1
1138,S_NOUN_8_ADJ_a,F,S,la chemise avec les robes qui était là depuis hier est aussi très brillante <eos>,13,brillante,brillant,11,F,P,brillante,-6.8377304,brillant,-11.039849,1
1139,S_NOUN_8_ADJ_a,F,S,la chemise avec les robes qui était là depuis hier est aussi très compliquée <eos>,13,compliquée,compliqué,11,F,P,compliquée,-7.303633,compliqué,-9.228535,1
1140,S_NOUN_8_ADJ_a,F,S,la chemise avec les valises qui était là depuis hier est aussi très verte <eos>,13,verte,vert,11,F,P,verte,-9.283281,vert,-11.790372,1
1141,S_NOUN_8_ADJ_a,F,S,la chemise avec les valises qui était là depuis hier est aussi très bleue <eos>,13,bleue,bleu,11,F,P,bleue,-11.515611,bleu,-11.6177635,1
1142,S_NOUN_8_ADJ_a,F,S,la chemise avec les valises qui était là depuis hier est aussi très noire <eos>,13,noire,noir,11,F,P,noire,-7.292628,noir,-11.571569,1
1143,S_NOUN_8_ADJ_a,F,S,la chemise avec les valises qui était là depuis hier est aussi très délicate <eos>,13,délicate,délicat,11,F,P,délicate,-6.517239,délicat,-10.367315,1
1144,S_NOUN_8_ADJ_a,F,S,la chemise avec les valises qui était là depuis hier est aussi très pointue <eos>,13,pointue,pointu,11,F,P,pointue,-8.993295,pointu,-11.558239,1
1145,S_NOUN_8_ADJ_a,F,S,la chemise avec les valises qui était là depuis hier est aussi très ronde <eos>,13,ronde,rond,11,F,P,ronde,-9.767378,rond,-13.926566,1
1146,S_NOUN_8_ADJ_a,F,S,la chemise avec les valises qui était là depuis hier est aussi très froide <eos>,13,froide,froid,11,F,P,froide,-7.88806,froid,-10.502865,1
1147,S_NOUN_8_ADJ_a,F,S,la chemise avec les valises qui était là depuis hier est aussi très chaude <eos>,13,chaude,chaud,11,F,P,chaude,-6.175287,chaud,-10.046963,1
1148,S_NOUN_8_ADJ_a,F,S,la chemise avec les valises qui était là depuis hier est aussi très importante <eos>,13,importante,important,11,F,P,importante,-4.1096745,important,-7.9320974,1
1149,S_NOUN_8_ADJ_a,F,S,la chemise avec les valises qui était là depuis hier est aussi très courte <eos>,13,courte,court,11,F,P,courte,-5.0604343,court,-7.1237574,1
1150,S_NOUN_8_ADJ_a,F,S,la chemise avec les valises qui était là depuis hier est aussi très dure <eos>,13,dure,dur,11,F,P,dure,-6.650062,dur,-8.592276,1
1151,S_NOUN_8_ADJ_a,F,S,la chemise avec les valises qui était là depuis hier est aussi très claire <eos>,13,claire,clair,11,F,P,claire,-5.6574354,clair,-8.873058,1
1152,S_NOUN_8_ADJ_a,F,S,la chemise avec les valises qui était là depuis hier est aussi très intéressante <eos>,13,intéressante,intéressant,11,F,P,intéressante,-5.3022747,intéressant,-8.632201,1
1153,S_NOUN_8_ADJ_a,F,S,la chemise avec les valises qui était là depuis hier est aussi très brillante <eos>,13,brillante,brillant,11,F,P,brillante,-7.157122,brillant,-10.91481,1
1154,S_NOUN_8_ADJ_a,F,S,la chemise avec les valises qui était là depuis hier est aussi très compliquée <eos>,13,compliquée,compliqué,11,F,P,compliquée,-6.4946976,compliqué,-8.230678,1
1155,S_NOUN_8_ADJ_a,F,S,la chemise avec les pendules qui était là depuis hier est aussi très verte <eos>,13,verte,vert,11,F,P,verte,-8.646311,vert,-11.2886505,1
1156,S_NOUN_8_ADJ_a,F,S,la chemise avec les pendules qui était là depuis hier est aussi très bleue <eos>,13,bleue,bleu,11,F,P,bleue,-10.831398,bleu,-11.234423,1
1157,S_NOUN_8_ADJ_a,F,S,la chemise avec les pendules qui était là depuis hier est aussi très noire <eos>,13,noire,noir,11,F,P,noire,-6.9878225,noir,-11.239808,1
1158,S_NOUN_8_ADJ_a,F,S,la chemise avec les pendules qui était là depuis hier est aussi très délicate <eos>,13,délicate,délicat,11,F,P,délicate,-6.3739276,délicat,-10.126053,1
1159,S_NOUN_8_ADJ_a,F,S,la chemise avec les pendules qui était là depuis hier est aussi très pointue <eos>,13,pointue,pointu,11,F,P,pointue,-8.915585,pointu,-11.655022,1
1160,S_NOUN_8_ADJ_a,F,S,la chemise avec les pendules qui était là depuis hier est aussi très ronde <eos>,13,ronde,rond,11,F,P,ronde,-10.067947,rond,-13.916293,1
1161,S_NOUN_8_ADJ_a,F,S,la chemise avec les pendules qui était là depuis hier est aussi très froide <eos>,13,froide,froid,11,F,P,froide,-7.866017,froid,-10.330091,1
1162,S_NOUN_8_ADJ_a,F,S,la chemise avec les pendules qui était là depuis hier est aussi très chaude <eos>,13,chaude,chaud,11,F,P,chaude,-6.1296244,chaud,-9.970841,1
1163,S_NOUN_8_ADJ_a,F,S,la chemise avec les pendules qui était là depuis hier est aussi très importante <eos>,13,importante,important,11,F,P,importante,-4.7919254,important,-8.593804,1
1164,S_NOUN_8_ADJ_a,F,S,la chemise avec les pendules qui était là depuis hier est aussi très courte <eos>,13,courte,court,11,F,P,courte,-5.1652517,court,-7.1651516,1
1165,S_NOUN_8_ADJ_a,F,S,la chemise avec les pendules qui était là depuis hier est aussi très dure <eos>,13,dure,dur,11,F,P,dure,-6.606471,dur,-8.691055,1
1166,S_NOUN_8_ADJ_a,F,S,la chemise avec les pendules qui était là depuis hier est aussi très claire <eos>,13,claire,clair,11,F,P,claire,-5.0706544,clair,-8.35231,1
1167,S_NOUN_8_ADJ_a,F,S,la chemise avec les pendules qui était là depuis hier est aussi très intéressante <eos>,13,intéressante,intéressant,11,F,P,intéressante,-5.5719266,intéressant,-8.900558,1
1168,S_NOUN_8_ADJ_a,F,S,la chemise avec les pendules qui était là depuis hier est aussi très brillante <eos>,13,brillante,brillant,11,F,P,brillante,-6.9268436,brillant,-10.576847,1
1169,S_NOUN_8_ADJ_a,F,S,la chemise avec les pendules qui était là depuis hier est aussi très compliquée <eos>,13,compliquée,compliqué,11,F,P,compliquée,-6.0248528,compliqué,-8.164046,1
1170,S_NOUN_8_ADJ_a,F,S,la chemise avec les cloches qui était là depuis hier est aussi très verte <eos>,13,verte,vert,11,F,P,verte,-9.051927,vert,-11.349614,1
1171,S_NOUN_8_ADJ_a,F,S,la chemise avec les cloches qui était là depuis hier est aussi très bleue <eos>,13,bleue,bleu,11,F,P,bleue,-11.067331,bleu,-11.5783615,1
1172,S_NOUN_8_ADJ_a,F,S,la chemise avec les cloches qui était là depuis hier est aussi très noire <eos>,13,noire,noir,11,F,P,noire,-6.918432,noir,-11.809641,1
1173,S_NOUN_8_ADJ_a,F,S,la chemise avec les cloches qui était là depuis hier est aussi très délicate <eos>,13,délicate,délicat,11,F,P,délicate,-6.2465153,délicat,-10.036799,1
1174,S_NOUN_8_ADJ_a,F,S,la chemise avec les cloches qui était là depuis hier est aussi très pointue <eos>,13,pointue,pointu,11,F,P,pointue,-9.440914,pointu,-12.232126,1
1175,S_NOUN_8_ADJ_a,F,S,la chemise avec les cloches qui était là depuis hier est aussi très ronde <eos>,13,ronde,rond,11,F,P,ronde,-10.221652,rond,-14.466737,1
1176,S_NOUN_8_ADJ_a,F,S,la chemise avec les cloches qui était là depuis hier est aussi très froide <eos>,13,froide,froid,11,F,P,froide,-7.6153984,froid,-10.189012,1
1177,S_NOUN_8_ADJ_a,F,S,la chemise avec les cloches qui était là depuis hier est aussi très chaude <eos>,13,chaude,chaud,11,F,P,chaude,-5.5291843,chaud,-9.6394005,1
1178,S_NOUN_8_ADJ_a,F,S,la chemise avec les cloches qui était là depuis hier est aussi très importante <eos>,13,importante,important,11,F,P,importante,-4.396203,important,-8.451151,1
1179,S_NOUN_8_ADJ_a,F,S,la chemise avec les cloches qui était là depuis hier est aussi très courte <eos>,13,courte,court,11,F,P,courte,-5.2309237,court,-7.567322,1
1180,S_NOUN_8_ADJ_a,F,S,la chemise avec les cloches qui était là depuis hier est aussi très dure <eos>,13,dure,dur,11,F,P,dure,-6.0199003,dur,-8.477581,1
1181,S_NOUN_8_ADJ_a,F,S,la chemise avec les cloches qui était là depuis hier est aussi très claire <eos>,13,claire,clair,11,F,P,claire,-5.2005224,clair,-8.312078,1
1182,S_NOUN_8_ADJ_a,F,S,la chemise avec les cloches qui était là depuis hier est aussi très intéressante <eos>,13,intéressante,intéressant,11,F,P,intéressante,-5.825366,intéressant,-9.164669,1
1183,S_NOUN_8_ADJ_a,F,S,la chemise avec les cloches qui était là depuis hier est aussi très brillante <eos>,13,brillante,brillant,11,F,P,brillante,-6.5132937,brillant,-10.589975,1
1184,S_NOUN_8_ADJ_a,F,S,la chemise avec les cloches qui était là depuis hier est aussi très compliquée <eos>,13,compliquée,compliqué,11,F,P,compliquée,-6.8540764,compliqué,-8.905845,1
1185,S_NOUN_8_ADJ_a,F,S,la chemise avec les cerises qui était là depuis hier est aussi très verte <eos>,13,verte,vert,11,F,P,verte,-8.790932,vert,-11.199501,1
1186,S_NOUN_8_ADJ_a,F,S,la chemise avec les cerises qui était là depuis hier est aussi très bleue <eos>,13,bleue,bleu,11,F,P,bleue,-11.092897,bleu,-11.521617,1
1187,S_NOUN_8_ADJ_a,F,S,la chemise avec les cerises qui était là depuis hier est aussi très noire <eos>,13,noire,noir,11,F,P,noire,-6.9776897,noir,-11.473661,1
1188,S_NOUN_8_ADJ_a,F,S,la chemise avec les cerises qui était là depuis hier est aussi très délicate <eos>,13,délicate,délicat,11,F,P,délicate,-6.3374214,délicat,-9.669109,1
1189,S_NOUN_8_ADJ_a,F,S,la chemise avec les cerises qui était là depuis hier est aussi très pointue <eos>,13,pointue,pointu,11,F,P,pointue,-8.902308,pointu,-11.205601,1
1190,S_NOUN_8_ADJ_a,F,S,la chemise avec les cerises qui était là depuis hier est aussi très ronde <eos>,13,ronde,rond,11,F,P,ronde,-9.613794,rond,-13.539585,1
1191,S_NOUN_8_ADJ_a,F,S,la chemise avec les cerises qui était là depuis hier est aussi très froide <eos>,13,froide,froid,11,F,P,froide,-7.6026154,froid,-10.33466,1
1192,S_NOUN_8_ADJ_a,F,S,la chemise avec les cerises qui était là depuis hier est aussi très chaude <eos>,13,chaude,chaud,11,F,P,chaude,-6.054392,chaud,-10.06666,1
1193,S_NOUN_8_ADJ_a,F,S,la chemise avec les cerises qui était là depuis hier est aussi très importante <eos>,13,importante,important,11,F,P,importante,-4.385416,important,-8.392487,1
1194,S_NOUN_8_ADJ_a,F,S,la chemise avec les cerises qui était là depuis hier est aussi très courte <eos>,13,courte,court,11,F,P,courte,-5.3678284,court,-7.359501,1
1195,S_NOUN_8_ADJ_a,F,S,la chemise avec les cerises qui était là depuis hier est aussi très dure <eos>,13,dure,dur,11,F,P,dure,-6.2503977,dur,-8.388015,1
1196,S_NOUN_8_ADJ_a,F,S,la chemise avec les cerises qui était là depuis hier est aussi très claire <eos>,13,claire,clair,11,F,P,claire,-4.867893,clair,-8.347025,1
1197,S_NOUN_8_ADJ_a,F,S,la chemise avec les cerises qui était là depuis hier est aussi très intéressante <eos>,13,intéressante,intéressant,11,F,P,intéressante,-5.901766,intéressant,-9.158804,1
1198,S_NOUN_8_ADJ_a,F,S,la chemise avec les cerises qui était là depuis hier est aussi très brillante <eos>,13,brillante,brillant,11,F,P,brillante,-6.7743697,brillant,-10.696489,1
1199,S_NOUN_8_ADJ_a,F,S,la chemise avec les cerises qui était là depuis hier est aussi très compliquée <eos>,13,compliquée,compliqué,11,F,P,compliquée,-7.2120113,compliqué,-9.2962265,1
1200,S_NOUN_8_ADJ_a,F,S,la recette avec les gemmes qui était là depuis hier est aussi très verte <eos>,13,verte,vert,11,F,P,verte,-9.880478,vert,-11.833434,1
1201,S_NOUN_8_ADJ_a,F,S,la recette avec les gemmes qui était là depuis hier est aussi très bleue <eos>,13,bleue,bleu,11,F,P,bleue,-11.58973,bleu,-12.198223,1
1202,S_NOUN_8_ADJ_a,F,S,la recette avec les gemmes qui était là depuis hier est aussi très noire <eos>,13,noire,noir,11,F,P,noire,-8.572157,noir,-12.123091,1
1203,S_NOUN_8_ADJ_a,F,S,la recette avec les gemmes qui était là depuis hier est aussi très délicate <eos>,13,délicate,délicat,11,F,P,délicate,-4.957756,délicat,-9.570304,1
1204,S_NOUN_8_ADJ_a,F,S,la recette avec les gemmes qui était là depuis hier est aussi très pointue <eos>,13,pointue,pointu,11,F,P,pointue,-10.715421,pointu,-12.688475,1
1205,S_NOUN_8_ADJ_a,F,S,la recette avec les gemmes qui était là depuis hier est aussi très ronde <eos>,13,ronde,rond,11,F,P,ronde,-11.105286,rond,-14.529271,1
1206,S_NOUN_8_ADJ_a,F,S,la recette avec les gemmes qui était là depuis hier est aussi très froide <eos>,13,froide,froid,11,F,P,froide,-7.728447,froid,-9.407163,1
1207,S_NOUN_8_ADJ_a,F,S,la recette avec les gemmes qui était là depuis hier est aussi très chaude <eos>,13,chaude,chaud,11,F,P,chaude,-5.267674,chaud,-8.931328,1
1208,S_NOUN_8_ADJ_a,F,S,la recette avec les gemmes qui était là depuis hier est aussi très importante <eos>,13,importante,important,11,F,P,importante,-3.61211,important,-7.689208,1
1209,S_NOUN_8_ADJ_a,F,S,la recette avec les gemmes qui était là depuis hier est aussi très courte <eos>,13,courte,court,11,F,P,courte,-6.070115,court,-8.050045,1
1210,S_NOUN_8_ADJ_a,F,S,la recette avec les gemmes qui était là depuis hier est aussi très dure <eos>,13,dure,dur,11,F,P,dure,-6.138653,dur,-7.8743715,1
1211,S_NOUN_8_ADJ_a,F,S,la recette avec les gemmes qui était là depuis hier est aussi très claire <eos>,13,claire,clair,11,F,P,claire,-5.0707326,clair,-7.9413753,1
1212,S_NOUN_8_ADJ_a,F,S,la recette avec les gemmes qui était là depuis hier est aussi très intéressante <eos>,13,intéressante,intéressant,11,F,P,intéressante,-5.0869355,intéressant,-8.72208,1
1213,S_NOUN_8_ADJ_a,F,S,la recette avec les gemmes qui était là depuis hier est aussi très brillante <eos>,13,brillante,brillant,11,F,P,brillante,-6.8168364,brillant,-10.56657,1
1214,S_NOUN_8_ADJ_a,F,S,la recette avec les gemmes qui était là depuis hier est aussi très compliquée <eos>,13,compliquée,compliqué,11,F,P,compliquée,-5.8465676,compliqué,-8.510002,1
1215,S_NOUN_8_ADJ_a,F,S,la recette avec les chaises qui était là depuis hier est aussi très verte <eos>,13,verte,vert,11,F,P,verte,-9.687071,vert,-11.697893,1
1216,S_NOUN_8_ADJ_a,F,S,la recette avec les chaises qui était là depuis hier est aussi très bleue <eos>,13,bleue,bleu,11,F,P,bleue,-11.661337,bleu,-12.036373,1
1217,S_NOUN_8_ADJ_a,F,S,la recette avec les chaises qui était là depuis hier est aussi très noire <eos>,13,noire,noir,11,F,P,noire,-8.459913,noir,-12.493394,1
1218,S_NOUN_8_ADJ_a,F,S,la recette avec les chaises qui était là depuis hier est aussi très délicate <eos>,13,délicate,délicat,11,F,P,délicate,-5.26192,délicat,-9.488591,1
1219,S_NOUN_8_ADJ_a,F,S,la recette avec les chaises qui était là depuis hier est aussi très pointue <eos>,13,pointue,pointu,11,F,P,pointue,-10.180755,pointu,-12.186595,1
1220,S_NOUN_8_ADJ_a,F,S,la recette avec les chaises qui était là depuis hier est aussi très ronde <eos>,13,ronde,rond,11,F,P,ronde,-10.263945,rond,-13.837353,1
1221,S_NOUN_8_ADJ_a,F,S,la recette avec les chaises qui était là depuis hier est aussi très froide <eos>,13,froide,froid,11,F,P,froide,-8.247133,froid,-10.110172,1
1222,S_NOUN_8_ADJ_a,F,S,la recette avec les chaises qui était là depuis hier est aussi très chaude <eos>,13,chaude,chaud,11,F,P,chaude,-5.194089,chaud,-9.386192,1
1223,S_NOUN_8_ADJ_a,F,S,la recette avec les chaises qui était là depuis hier est aussi très importante <eos>,13,importante,important,11,F,P,importante,-3.791192,important,-7.896865,1
1224,S_NOUN_8_ADJ_a,F,S,la recette avec les chaises qui était là depuis hier est aussi très courte <eos>,13,courte,court,11,F,P,courte,-5.6757956,court,-7.572752,1
1225,S_NOUN_8_ADJ_a,F,S,la recette avec les chaises qui était là depuis hier est aussi très dure <eos>,13,dure,dur,11,F,P,dure,-5.8528047,dur,-8.114534,1
1226,S_NOUN_8_ADJ_a,F,S,la recette avec les chaises qui était là depuis hier est aussi très claire <eos>,13,claire,clair,11,F,P,claire,-5.055835,clair,-8.109165,1
1227,S_NOUN_8_ADJ_a,F,S,la recette avec les chaises qui était là depuis hier est aussi très intéressante <eos>,13,intéressante,intéressant,11,F,P,intéressante,-5.4029713,intéressant,-8.77337,1
1228,S_NOUN_8_ADJ_a,F,S,la recette avec les chaises qui était là depuis hier est aussi très brillante <eos>,13,brillante,brillant,11,F,P,brillante,-6.7439938,brillant,-10.700055,1
1229,S_NOUN_8_ADJ_a,F,S,la recette avec les chaises qui était là depuis hier est aussi très compliquée <eos>,13,compliquée,compliqué,11,F,P,compliquée,-5.862754,compliqué,-8.581121,1
1230,S_NOUN_8_ADJ_a,F,S,la recette avec les poubelles qui était là depuis hier est aussi très verte <eos>,13,verte,vert,11,F,P,verte,-10.152135,vert,-12.218,1
1231,S_NOUN_8_ADJ_a,F,S,la recette avec les poubelles qui était là depuis hier est aussi très bleue <eos>,13,bleue,bleu,11,F,P,bleue,-12.079515,bleu,-12.49418,1
1232,S_NOUN_8_ADJ_a,F,S,la recette avec les poubelles qui était là depuis hier est aussi très noire <eos>,13,noire,noir,11,F,P,noire,-8.925039,noir,-12.874305,1
1233,S_NOUN_8_ADJ_a,F,S,la recette avec les poubelles qui était là depuis hier est aussi très délicate <eos>,13,délicate,délicat,11,F,P,délicate,-5.102195,délicat,-9.689609,1
1234,S_NOUN_8_ADJ_a,F,S,la recette avec les poubelles qui était là depuis hier est aussi très pointue <eos>,13,pointue,pointu,11,F,P,pointue,-10.19503,pointu,-12.219308,1
1235,S_NOUN_8_ADJ_a,F,S,la recette avec les poubelles qui était là depuis hier est aussi très ronde <eos>,13,ronde,rond,11,F,P,ronde,-10.57532,rond,-14.124779,1
1236,S_NOUN_8_ADJ_a,F,S,la recette avec les poubelles qui était là depuis hier est aussi très froide <eos>,13,froide,froid,11,F,P,froide,-7.869506,froid,-9.83069,1
1237,S_NOUN_8_ADJ_a,F,S,la recette avec les poubelles qui était là depuis hier est aussi très chaude <eos>,13,chaude,chaud,11,F,P,chaude,-5.3793974,chaud,-9.444022,1
1238,S_NOUN_8_ADJ_a,F,S,la recette avec les poubelles qui était là depuis hier est aussi très importante <eos>,13,importante,important,11,F,P,importante,-3.4560544,important,-7.547024,1
1239,S_NOUN_8_ADJ_a,F,S,la recette avec les poubelles qui était là depuis hier est aussi très courte <eos>,13,courte,court,11,F,P,courte,-5.9090157,court,-7.8189325,1
1240,S_NOUN_8_ADJ_a,F,S,la recette avec les poubelles qui était là depuis hier est aussi très dure <eos>,13,dure,dur,11,F,P,dure,-6.4402666,dur,-8.242406,1
1241,S_NOUN_8_ADJ_a,F,S,la recette avec les poubelles qui était là depuis hier est aussi très claire <eos>,13,claire,clair,11,F,P,claire,-5.3064327,clair,-8.542351,1
1242,S_NOUN_8_ADJ_a,F,S,la recette avec les poubelles qui était là depuis hier est aussi très intéressante <eos>,13,intéressante,intéressant,11,F,P,intéressante,-5.153911,intéressant,-8.564981,1
1243,S_NOUN_8_ADJ_a,F,S,la recette avec les poubelles qui était là depuis hier est aussi très brillante <eos>,13,brillante,brillant,11,F,P,brillante,-7.3871737,brillant,-11.240905,1
1244,S_NOUN_8_ADJ_a,F,S,la recette avec les poubelles qui était là depuis hier est aussi très compliquée <eos>,13,compliquée,compliqué,11,F,P,compliquée,-5.819241,compliqué,-8.64114,1
1245,S_NOUN_8_ADJ_a,F,S,la recette avec les chemises qui était là depuis hier est aussi très verte <eos>,13,verte,vert,11,F,P,verte,-9.82035,vert,-11.876122,1
1246,S_NOUN_8_ADJ_a,F,S,la recette avec les chemises qui était là depuis hier est aussi très bleue <eos>,13,bleue,bleu,11,F,P,bleue,-11.484614,bleu,-12.130424,1
1247,S_NOUN_8_ADJ_a,F,S,la recette avec les chemises qui était là depuis hier est aussi très noire <eos>,13,noire,noir,11,F,P,noire,-8.009516,noir,-11.974138,1
1248,S_NOUN_8_ADJ_a,F,S,la recette avec les chemises qui était là depuis hier est aussi très délicate <eos>,13,délicate,délicat,11,F,P,délicate,-5.290814,délicat,-9.698538,1
1249,S_NOUN_8_ADJ_a,F,S,la recette avec les chemises qui était là depuis hier est aussi très pointue <eos>,13,pointue,pointu,11,F,P,pointue,-10.096834,pointu,-11.806641,1
1250,S_NOUN_8_ADJ_a,F,S,la recette avec les chemises qui était là depuis hier est aussi très ronde <eos>,13,ronde,rond,11,F,P,ronde,-10.591118,rond,-13.956963,1
1251,S_NOUN_8_ADJ_a,F,S,la recette avec les chemises qui était là depuis hier est aussi très froide <eos>,13,froide,froid,11,F,P,froide,-8.442229,froid,-10.331064,1
1252,S_NOUN_8_ADJ_a,F,S,la recette avec les chemises qui était là depuis hier est aussi très chaude <eos>,13,chaude,chaud,11,F,P,chaude,-5.7729177,chaud,-9.459961,1
1253,S_NOUN_8_ADJ_a,F,S,la recette avec les chemises qui était là depuis hier est aussi très importante <eos>,13,importante,important,11,F,P,importante,-4.1143646,important,-8.061828,1
1254,S_NOUN_8_ADJ_a,F,S,la recette avec les chemises qui était là depuis hier est aussi très courte <eos>,13,courte,court,11,F,P,courte,-5.303622,court,-7.621694,1
1255,S_NOUN_8_ADJ_a,F,S,la recette avec les chemises qui était là depuis hier est aussi très dure <eos>,13,dure,dur,11,F,P,dure,-5.9041605,dur,-8.478897,1
1256,S_NOUN_8_ADJ_a,F,S,la recette avec les chemises qui était là depuis hier est aussi très claire <eos>,13,claire,clair,11,F,P,claire,-5.391574,clair,-8.0453005,1
1257,S_NOUN_8_ADJ_a,F,S,la recette avec les chemises qui était là depuis hier est aussi très intéressante <eos>,13,intéressante,intéressant,11,F,P,intéressante,-5.7477026,intéressant,-9.10953,1
1258,S_NOUN_8_ADJ_a,F,S,la recette avec les chemises qui était là depuis hier est aussi très brillante <eos>,13,brillante,brillant,11,F,P,brillante,-7.327797,brillant,-10.970441,1
1259,S_NOUN_8_ADJ_a,F,S,la recette avec les chemises qui était là depuis hier est aussi très compliquée <eos>,13,compliquée,compliqué,11,F,P,compliquée,-5.766118,compliqué,-8.276908,1
1260,S_NOUN_8_ADJ_a,F,S,la recette avec les recettes qui était là depuis hier est aussi très verte <eos>,13,verte,vert,11,F,P,verte,-11.042428,vert,-12.636352,1
1261,S_NOUN_8_ADJ_a,F,S,la recette avec les recettes qui était là depuis hier est aussi très bleue <eos>,13,bleue,bleu,11,F,P,bleue,-13.530331,bleu,-13.062398,0
1262,S_NOUN_8_ADJ_a,F,S,la recette avec les recettes qui était là depuis hier est aussi très noire <eos>,13,noire,noir,11,F,P,noire,-10.283033,noir,-12.825671,1
1263,S_NOUN_8_ADJ_a,F,S,la recette avec les recettes qui était là depuis hier est aussi très délicate <eos>,13,délicate,délicat,11,F,P,délicate,-5.4822087,délicat,-9.621922,1
1264,S_NOUN_8_ADJ_a,F,S,la recette avec les recettes qui était là depuis hier est aussi très pointue <eos>,13,pointue,pointu,11,F,P,pointue,-10.902346,pointu,-12.487415,1
1265,S_NOUN_8_ADJ_a,F,S,la recette avec les recettes qui était là depuis hier est aussi très ronde <eos>,13,ronde,rond,11,F,P,ronde,-12.114889,rond,-14.56426,1
1266,S_NOUN_8_ADJ_a,F,S,la recette avec les recettes qui était là depuis hier est aussi très froide <eos>,13,froide,froid,11,F,P,froide,-8.8812685,froid,-9.880672,1
1267,S_NOUN_8_ADJ_a,F,S,la recette avec les recettes qui était là depuis hier est aussi très chaude <eos>,13,chaude,chaud,11,F,P,chaude,-6.079132,chaud,-9.642858,1
1268,S_NOUN_8_ADJ_a,F,S,la recette avec les recettes qui était là depuis hier est aussi très importante <eos>,13,importante,important,11,F,P,importante,-2.8158476,important,-6.596307,1
1269,S_NOUN_8_ADJ_a,F,S,la recette avec les recettes qui était là depuis hier est aussi très courte <eos>,13,courte,court,11,F,P,courte,-5.818722,court,-7.6238556,1
1270,S_NOUN_8_ADJ_a,F,S,la recette avec les recettes qui était là depuis hier est aussi très dure <eos>,13,dure,dur,11,F,P,dure,-6.776781,dur,-8.151027,1
1271,S_NOUN_8_ADJ_a,F,S,la recette avec les recettes qui était là depuis hier est aussi très claire <eos>,13,claire,clair,11,F,P,claire,-5.690681,clair,-8.326651,1
1272,S_NOUN_8_ADJ_a,F,S,la recette avec les recettes qui était là depuis hier est aussi très intéressante <eos>,13,intéressante,intéressant,11,F,P,intéressante,-5.1104555,intéressant,-8.581841,1
1273,S_NOUN_8_ADJ_a,F,S,la recette avec les recettes qui était là depuis hier est aussi très brillante <eos>,13,brillante,brillant,11,F,P,brillante,-7.683794,brillant,-11.1325035,1
1274,S_NOUN_8_ADJ_a,F,S,la recette avec les recettes qui était là depuis hier est aussi très compliquée <eos>,13,compliquée,compliqué,11,F,P,compliquée,-6.260803,compliqué,-8.431823,1
1275,S_NOUN_8_ADJ_a,F,S,la recette avec les jupes qui était là depuis hier est aussi très verte <eos>,13,verte,vert,11,F,P,verte,-10.09326,vert,-12.106351,1
1276,S_NOUN_8_ADJ_a,F,S,la recette avec les jupes qui était là depuis hier est aussi très bleue <eos>,13,bleue,bleu,11,F,P,bleue,-11.724199,bleu,-12.181656,1
1277,S_NOUN_8_ADJ_a,F,S,la recette avec les jupes qui était là depuis hier est aussi très noire <eos>,13,noire,noir,11,F,P,noire,-8.133171,noir,-12.179211,1
1278,S_NOUN_8_ADJ_a,F,S,la recette avec les jupes qui était là depuis hier est aussi très délicate <eos>,13,délicate,délicat,11,F,P,délicate,-5.717922,délicat,-9.941506,1
1279,S_NOUN_8_ADJ_a,F,S,la recette avec les jupes qui était là depuis hier est aussi très pointue <eos>,13,pointue,pointu,11,F,P,pointue,-9.722448,pointu,-11.467499,1
1280,S_NOUN_8_ADJ_a,F,S,la recette avec les jupes qui était là depuis hier est aussi très ronde <eos>,13,ronde,rond,11,F,P,ronde,-10.536322,rond,-13.614288,1
1281,S_NOUN_8_ADJ_a,F,S,la recette avec les jupes qui était là depuis hier est aussi très froide <eos>,13,froide,froid,11,F,P,froide,-8.456909,froid,-10.489656,1
1282,S_NOUN_8_ADJ_a,F,S,la recette avec les jupes qui était là depuis hier est aussi très chaude <eos>,13,chaude,chaud,11,F,P,chaude,-5.8699584,chaud,-10.001759,1
1283,S_NOUN_8_ADJ_a,F,S,la recette avec les jupes qui était là depuis hier est aussi très importante <eos>,13,importante,important,11,F,P,importante,-4.0795093,important,-8.072025,1
1284,S_NOUN_8_ADJ_a,F,S,la recette avec les jupes qui était là depuis hier est aussi très courte <eos>,13,courte,court,11,F,P,courte,-5.3499084,court,-7.409206,1
1285,S_NOUN_8_ADJ_a,F,S,la recette avec les jupes qui était là depuis hier est aussi très dure <eos>,13,dure,dur,11,F,P,dure,-6.3403997,dur,-8.460964,1
1286,S_NOUN_8_ADJ_a,F,S,la recette avec les jupes qui était là depuis hier est aussi très claire <eos>,13,claire,clair,11,F,P,claire,-5.0512094,clair,-8.201575,1
1287,S_NOUN_8_ADJ_a,F,S,la recette avec les jupes qui était là depuis hier est aussi très intéressante <eos>,13,intéressante,intéressant,11,F,P,intéressante,-5.661028,intéressant,-9.086846,1
1288,S_NOUN_8_ADJ_a,F,S,la recette avec les jupes qui était là depuis hier est aussi très brillante <eos>,13,brillante,brillant,11,F,P,brillante,-7.242318,brillant,-11.143899,1
1289,S_NOUN_8_ADJ_a,F,S,la recette avec les jupes qui était là depuis hier est aussi très compliquée <eos>,13,compliquée,compliqué,11,F,P,compliquée,-5.7292643,compliqué,-8.422574,1
1290,S_NOUN_8_ADJ_a,F,S,la recette avec les colles qui était là depuis hier est aussi très verte <eos>,13,verte,vert,11,F,P,verte,-10.182035,vert,-12.117815,1
1291,S_NOUN_8_ADJ_a,F,S,la recette avec les colles qui était là depuis hier est aussi très bleue <eos>,13,bleue,bleu,11,F,P,bleue,-12.031656,bleu,-12.477169,1
1292,S_NOUN_8_ADJ_a,F,S,la recette avec les colles qui était là depuis hier est aussi très noire <eos>,13,noire,noir,11,F,P,noire,-9.233135,noir,-12.985439,1
1293,S_NOUN_8_ADJ_a,F,S,la recette avec les colles qui était là depuis hier est aussi très délicate <eos>,13,délicate,délicat,11,F,P,délicate,-4.850692,délicat,-9.1091,1
1294,S_NOUN_8_ADJ_a,F,S,la recette avec les colles qui était là depuis hier est aussi très pointue <eos>,13,pointue,pointu,11,F,P,pointue,-10.150851,pointu,-12.316984,1
1295,S_NOUN_8_ADJ_a,F,S,la recette avec les colles qui était là depuis hier est aussi très ronde <eos>,13,ronde,rond,11,F,P,ronde,-10.955706,rond,-13.959941,1
1296,S_NOUN_8_ADJ_a,F,S,la recette avec les colles qui était là depuis hier est aussi très froide <eos>,13,froide,froid,11,F,P,froide,-7.7177124,froid,-9.675128,1
1297,S_NOUN_8_ADJ_a,F,S,la recette avec les colles qui était là depuis hier est aussi très chaude <eos>,13,chaude,chaud,11,F,P,chaude,-5.2281775,chaud,-9.16173,1
1298,S_NOUN_8_ADJ_a,F,S,la recette avec les colles qui était là depuis hier est aussi très importante <eos>,13,importante,important,11,F,P,importante,-3.6323876,important,-7.6440883,1
1299,S_NOUN_8_ADJ_a,F,S,la recette avec les colles qui était là depuis hier est aussi très courte <eos>,13,courte,court,11,F,P,courte,-6.0297594,court,-7.9272785,1
1300,S_NOUN_8_ADJ_a,F,S,la recette avec les colles qui était là depuis hier est aussi très dure <eos>,13,dure,dur,11,F,P,dure,-6.2293487,dur,-7.831496,1
1301,S_NOUN_8_ADJ_a,F,S,la recette avec les colles qui était là depuis hier est aussi très claire <eos>,13,claire,clair,11,F,P,claire,-5.1624346,clair,-7.918832,1
1302,S_NOUN_8_ADJ_a,F,S,la recette avec les colles qui était là depuis hier est aussi très intéressante <eos>,13,intéressante,intéressant,11,F,P,intéressante,-5.2133512,intéressant,-8.581333,1
1303,S_NOUN_8_ADJ_a,F,S,la recette avec les colles qui était là depuis hier est aussi très brillante <eos>,13,brillante,brillant,11,F,P,brillante,-7.0481553,brillant,-10.6578865,1
1304,S_NOUN_8_ADJ_a,F,S,la recette avec les colles qui était là depuis hier est aussi très compliquée <eos>,13,compliquée,compliqué,11,F,P,compliquée,-5.4728456,compliqué,-8.19129,1
1305,S_NOUN_8_ADJ_a,F,S,la recette avec les lampes qui était là depuis hier est aussi très verte <eos>,13,verte,vert,11,F,P,verte,-9.613161,vert,-11.656141,1
1306,S_NOUN_8_ADJ_a,F,S,la recette avec les lampes qui était là depuis hier est aussi très bleue <eos>,13,bleue,bleu,11,F,P,bleue,-11.729843,bleu,-12.125666,1
1307,S_NOUN_8_ADJ_a,F,S,la recette avec les lampes qui était là depuis hier est aussi très noire <eos>,13,noire,noir,11,F,P,noire,-8.69421,noir,-12.190652,1
1308,S_NOUN_8_ADJ_a,F,S,la recette avec les lampes qui était là depuis hier est aussi très délicate <eos>,13,délicate,délicat,11,F,P,délicate,-5.035095,délicat,-9.576916,1
1309,S_NOUN_8_ADJ_a,F,S,la recette avec les lampes qui était là depuis hier est aussi très pointue <eos>,13,pointue,pointu,11,F,P,pointue,-9.966817,pointu,-12.001147,1
1310,S_NOUN_8_ADJ_a,F,S,la recette avec les lampes qui était là depuis hier est aussi très ronde <eos>,13,ronde,rond,11,F,P,ronde,-10.9212,rond,-13.914095,1
1311,S_NOUN_8_ADJ_a,F,S,la recette avec les lampes qui était là depuis hier est aussi très froide <eos>,13,froide,froid,11,F,P,froide,-8.102169,froid,-10.050649,1
1312,S_NOUN_8_ADJ_a,F,S,la recette avec les lampes qui était là depuis hier est aussi très chaude <eos>,13,chaude,chaud,11,F,P,chaude,-5.1822805,chaud,-9.154345,1
1313,S_NOUN_8_ADJ_a,F,S,la recette avec les lampes qui était là depuis hier est aussi très importante <eos>,13,importante,important,11,F,P,importante,-3.7830162,important,-7.7984543,1
1314,S_NOUN_8_ADJ_a,F,S,la recette avec les lampes qui était là depuis hier est aussi très courte <eos>,13,courte,court,11,F,P,courte,-5.6904593,court,-7.6617813,1
1315,S_NOUN_8_ADJ_a,F,S,la recette avec les lampes qui était là depuis hier est aussi très dure <eos>,13,dure,dur,11,F,P,dure,-6.245461,dur,-8.255644,1
1316,S_NOUN_8_ADJ_a,F,S,la recette avec les lampes qui était là depuis hier est aussi très claire <eos>,13,claire,clair,11,F,P,claire,-5.389374,clair,-8.275247,1
1317,S_NOUN_8_ADJ_a,F,S,la recette avec les lampes qui était là depuis hier est aussi très intéressante <eos>,13,intéressante,intéressant,11,F,P,intéressante,-5.206064,intéressant,-8.6028185,1
1318,S_NOUN_8_ADJ_a,F,S,la recette avec les lampes qui était là depuis hier est aussi très brillante <eos>,13,brillante,brillant,11,F,P,brillante,-6.8259106,brillant,-10.577114,1
1319,S_NOUN_8_ADJ_a,F,S,la recette avec les lampes qui était là depuis hier est aussi très compliquée <eos>,13,compliquée,compliqué,11,F,P,compliquée,-5.556264,compliqué,-8.157695,1
1320,S_NOUN_8_ADJ_a,F,S,la recette avec les bouteilles qui était là depuis hier est aussi très verte <eos>,13,verte,vert,11,F,P,verte,-10.171235,vert,-11.778463,1
1321,S_NOUN_8_ADJ_a,F,S,la recette avec les bouteilles qui était là depuis hier est aussi très bleue <eos>,13,bleue,bleu,11,F,P,bleue,-12.02111,bleu,-12.306963,1
1322,S_NOUN_8_ADJ_a,F,S,la recette avec les bouteilles qui était là depuis hier est aussi très noire <eos>,13,noire,noir,11,F,P,noire,-9.044177,noir,-12.304483,1
1323,S_NOUN_8_ADJ_a,F,S,la recette avec les bouteilles qui était là depuis hier est aussi très délicate <eos>,13,délicate,délicat,11,F,P,délicate,-4.892685,délicat,-9.405059,1
1324,S_NOUN_8_ADJ_a,F,S,la recette avec les bouteilles qui était là depuis hier est aussi très pointue <eos>,13,pointue,pointu,11,F,P,pointue,-10.452327,pointu,-12.122224,1
1325,S_NOUN_8_ADJ_a,F,S,la recette avec les bouteilles qui était là depuis hier est aussi très ronde <eos>,13,ronde,rond,11,F,P,ronde,-10.942903,rond,-13.781774,1
1326,S_NOUN_8_ADJ_a,F,S,la recette avec les bouteilles qui était là depuis hier est aussi très froide <eos>,13,froide,froid,11,F,P,froide,-8.221295,froid,-9.42178,1
1327,S_NOUN_8_ADJ_a,F,S,la recette avec les bouteilles qui était là depuis hier est aussi très chaude <eos>,13,chaude,chaud,11,F,P,chaude,-5.3899946,chaud,-9.098375,1
1328,S_NOUN_8_ADJ_a,F,S,la recette avec les bouteilles qui était là depuis hier est aussi très importante <eos>,13,importante,important,11,F,P,importante,-3.5138502,important,-7.27975,1
1329,S_NOUN_8_ADJ_a,F,S,la recette avec les bouteilles qui était là depuis hier est aussi très courte <eos>,13,courte,court,11,F,P,courte,-6.003564,court,-7.678623,1
1330,S_NOUN_8_ADJ_a,F,S,la recette avec les bouteilles qui était là depuis hier est aussi très dure <eos>,13,dure,dur,11,F,P,dure,-6.2396464,dur,-8.032402,1
1331,S_NOUN_8_ADJ_a,F,S,la recette avec les bouteilles qui était là depuis hier est aussi très claire <eos>,13,claire,clair,11,F,P,claire,-5.153754,clair,-8.041355,1
1332,S_NOUN_8_ADJ_a,F,S,la recette avec les bouteilles qui était là depuis hier est aussi très intéressante <eos>,13,intéressante,intéressant,11,F,P,intéressante,-5.100674,intéressant,-8.394127,1
1333,S_NOUN_8_ADJ_a,F,S,la recette avec les bouteilles qui était là depuis hier est aussi très brillante <eos>,13,brillante,brillant,11,F,P,brillante,-7.259551,brillant,-10.643441,1
1334,S_NOUN_8_ADJ_a,F,S,la recette avec les bouteilles qui était là depuis hier est aussi très compliquée <eos>,13,compliquée,compliqué,11,F,P,compliquée,-5.788229,compliqué,-8.186,1
1335,S_NOUN_8_ADJ_a,F,S,la recette avec les boissons qui était là depuis hier est aussi très verte <eos>,13,verte,vert,11,F,P,verte,-10.274552,vert,-12.26365,1
1336,S_NOUN_8_ADJ_a,F,S,la recette avec les boissons qui était là depuis hier est aussi très bleue <eos>,13,bleue,bleu,11,F,P,bleue,-12.06318,bleu,-12.532353,1
1337,S_NOUN_8_ADJ_a,F,S,la recette avec les boissons qui était là depuis hier est aussi très noire <eos>,13,noire,noir,11,F,P,noire,-9.025269,noir,-12.628086,1
1338,S_NOUN_8_ADJ_a,F,S,la recette avec les boissons qui était là depuis hier est aussi très délicate <eos>,13,délicate,délicat,11,F,P,délicate,-5.0121536,délicat,-9.410693,1
1339,S_NOUN_8_ADJ_a,F,S,la recette avec les boissons qui était là depuis hier est aussi très pointue <eos>,13,pointue,pointu,11,F,P,pointue,-10.866367,pointu,-12.112381,1
1340,S_NOUN_8_ADJ_a,F,S,la recette avec les boissons qui était là depuis hier est aussi très ronde <eos>,13,ronde,rond,11,F,P,ronde,-11.455342,rond,-14.301268,1
1341,S_NOUN_8_ADJ_a,F,S,la recette avec les boissons qui était là depuis hier est aussi très froide <eos>,13,froide,froid,11,F,P,froide,-7.6688285,froid,-9.068495,1
1342,S_NOUN_8_ADJ_a,F,S,la recette avec les boissons qui était là depuis hier est aussi très chaude <eos>,13,chaude,chaud,11,F,P,chaude,-5.169131,chaud,-8.587196,1
1343,S_NOUN_8_ADJ_a,F,S,la recette avec les boissons qui était là depuis hier est aussi très importante <eos>,13,importante,important,11,F,P,importante,-3.3951404,important,-7.3908043,1
1344,S_NOUN_8_ADJ_a,F,S,la recette avec les boissons qui était là depuis hier est aussi très courte <eos>,13,courte,court,11,F,P,courte,-6.0192823,court,-8.254916,1
1345,S_NOUN_8_ADJ_a,F,S,la recette avec les boissons qui était là depuis hier est aussi très dure <eos>,13,dure,dur,11,F,P,dure,-5.995729,dur,-8.345179,1
1346,S_NOUN_8_ADJ_a,F,S,la recette avec les boissons qui était là depuis hier est aussi très claire <eos>,13,claire,clair,11,F,P,claire,-5.148528,clair,-7.752038,1
1347,S_NOUN_8_ADJ_a,F,S,la recette avec les boissons qui était là depuis hier est aussi très intéressante <eos>,13,intéressante,intéressant,11,F,P,intéressante,-5.427002,intéressant,-8.697906,1
1348,S_NOUN_8_ADJ_a,F,S,la recette avec les boissons qui était là depuis hier est aussi très brillante <eos>,13,brillante,brillant,11,F,P,brillante,-7.774859,brillant,-11.218527,1
1349,S_NOUN_8_ADJ_a,F,S,la recette avec les boissons qui était là depuis hier est aussi très compliquée <eos>,13,compliquée,compliqué,11,F,P,compliquée,-6.1081448,compliqué,-8.758031,1
1350,S_NOUN_8_ADJ_a,F,S,la recette avec les pommes qui était là depuis hier est aussi très verte <eos>,13,verte,vert,11,F,P,verte,-10.216683,vert,-12.228154,1
1351,S_NOUN_8_ADJ_a,F,S,la recette avec les pommes qui était là depuis hier est aussi très bleue <eos>,13,bleue,bleu,11,F,P,bleue,-11.912426,bleu,-12.444832,1
1352,S_NOUN_8_ADJ_a,F,S,la recette avec les pommes qui était là depuis hier est aussi très noire <eos>,13,noire,noir,11,F,P,noire,-8.609187,noir,-12.386402,1
1353,S_NOUN_8_ADJ_a,F,S,la recette avec les pommes qui était là depuis hier est aussi très délicate <eos>,13,délicate,délicat,11,F,P,délicate,-4.912923,délicat,-9.182475,1
1354,S_NOUN_8_ADJ_a,F,S,la recette avec les pommes qui était là depuis hier est aussi très pointue <eos>,13,pointue,pointu,11,F,P,pointue,-10.251486,pointu,-12.147568,1
1355,S_NOUN_8_ADJ_a,F,S,la recette avec les pommes qui était là depuis hier est aussi très ronde <eos>,13,ronde,rond,11,F,P,ronde,-10.93899,rond,-14.324923,1
1356,S_NOUN_8_ADJ_a,F,S,la recette avec les pommes qui était là depuis hier est aussi très froide <eos>,13,froide,froid,11,F,P,froide,-7.6763096,froid,-9.25348,1
1357,S_NOUN_8_ADJ_a,F,S,la recette avec les pommes qui était là depuis hier est aussi très chaude <eos>,13,chaude,chaud,11,F,P,chaude,-4.9095125,chaud,-9.027689,1
1358,S_NOUN_8_ADJ_a,F,S,la recette avec les pommes qui était là depuis hier est aussi très importante <eos>,13,importante,important,11,F,P,importante,-3.5441773,important,-7.7671843,1
1359,S_NOUN_8_ADJ_a,F,S,la recette avec les pommes qui était là depuis hier est aussi très courte <eos>,13,courte,court,11,F,P,courte,-5.4439063,court,-8.035763,1
1360,S_NOUN_8_ADJ_a,F,S,la recette avec les pommes qui était là depuis hier est aussi très dure <eos>,13,dure,dur,11,F,P,dure,-5.3698473,dur,-8.225139,1
1361,S_NOUN_8_ADJ_a,F,S,la recette avec les pommes qui était là depuis hier est aussi très claire <eos>,13,claire,clair,11,F,P,claire,-4.972688,clair,-7.90132,1
1362,S_NOUN_8_ADJ_a,F,S,la recette avec les pommes qui était là depuis hier est aussi très intéressante <eos>,13,intéressante,intéressant,11,F,P,intéressante,-5.594745,intéressant,-9.170851,1
1363,S_NOUN_8_ADJ_a,F,S,la recette avec les pommes qui était là depuis hier est aussi très brillante <eos>,13,brillante,brillant,11,F,P,brillante,-7.217338,brillant,-11.048815,1
1364,S_NOUN_8_ADJ_a,F,S,la recette avec les pommes qui était là depuis hier est aussi très compliquée <eos>,13,compliquée,compliqué,11,F,P,compliquée,-6.2004743,compliqué,-8.83419,1
1365,S_NOUN_8_ADJ_a,F,S,la recette avec les tasses qui était là depuis hier est aussi très verte <eos>,13,verte,vert,11,F,P,verte,-10.337573,vert,-11.983186,1
1366,S_NOUN_8_ADJ_a,F,S,la recette avec les tasses qui était là depuis hier est aussi très bleue <eos>,13,bleue,bleu,11,F,P,bleue,-12.2846365,bleu,-12.389374,1
1367,S_NOUN_8_ADJ_a,F,S,la recette avec les tasses qui était là depuis hier est aussi très noire <eos>,13,noire,noir,11,F,P,noire,-9.128602,noir,-12.700681,1
1368,S_NOUN_8_ADJ_a,F,S,la recette avec les tasses qui était là depuis hier est aussi très délicate <eos>,13,délicate,délicat,11,F,P,délicate,-5.0665746,délicat,-9.1059,1
1369,S_NOUN_8_ADJ_a,F,S,la recette avec les tasses qui était là depuis hier est aussi très pointue <eos>,13,pointue,pointu,11,F,P,pointue,-10.263986,pointu,-12.191561,1
1370,S_NOUN_8_ADJ_a,F,S,la recette avec les tasses qui était là depuis hier est aussi très ronde <eos>,13,ronde,rond,11,F,P,ronde,-10.449238,rond,-13.755078,1
1371,S_NOUN_8_ADJ_a,F,S,la recette avec les tasses qui était là depuis hier est aussi très froide <eos>,13,froide,froid,11,F,P,froide,-7.716055,froid,-9.350571,1
1372,S_NOUN_8_ADJ_a,F,S,la recette avec les tasses qui était là depuis hier est aussi très chaude <eos>,13,chaude,chaud,11,F,P,chaude,-5.0192595,chaud,-8.920057,1
1373,S_NOUN_8_ADJ_a,F,S,la recette avec les tasses qui était là depuis hier est aussi très importante <eos>,13,importante,important,11,F,P,importante,-3.541253,important,-7.431321,1
1374,S_NOUN_8_ADJ_a,F,S,la recette avec les tasses qui était là depuis hier est aussi très courte <eos>,13,courte,court,11,F,P,courte,-5.5243444,court,-7.5014095,1
1375,S_NOUN_8_ADJ_a,F,S,la recette avec les tasses qui était là depuis hier est aussi très dure <eos>,13,dure,dur,11,F,P,dure,-5.8870564,dur,-7.9579525,1
1376,S_NOUN_8_ADJ_a,F,S,la recette avec les tasses qui était là depuis hier est aussi très claire <eos>,13,claire,clair,11,F,P,claire,-5.258191,clair,-7.9227934,1
1377,S_NOUN_8_ADJ_a,F,S,la recette avec les tasses qui était là depuis hier est aussi très intéressante <eos>,13,intéressante,intéressant,11,F,P,intéressante,-5.1113834,intéressant,-8.5602455,1
1378,S_NOUN_8_ADJ_a,F,S,la recette avec les tasses qui était là depuis hier est aussi très brillante <eos>,13,brillante,brillant,11,F,P,brillante,-6.7789574,brillant,-10.56904,1
1379,S_NOUN_8_ADJ_a,F,S,la recette avec les tasses qui était là depuis hier est aussi très compliquée <eos>,13,compliquée,compliqué,11,F,P,compliquée,-5.8888454,compliqué,-8.305249,1
1380,S_NOUN_8_ADJ_a,F,S,la recette avec les bougies qui était là depuis hier est aussi très verte <eos>,13,verte,vert,11,F,P,verte,-9.800064,vert,-11.7132845,1
1381,S_NOUN_8_ADJ_a,F,S,la recette avec les bougies qui était là depuis hier est aussi très bleue <eos>,13,bleue,bleu,11,F,P,bleue,-11.474837,bleu,-11.989082,1
1382,S_NOUN_8_ADJ_a,F,S,la recette avec les bougies qui était là depuis hier est aussi très noire <eos>,13,noire,noir,11,F,P,noire,-8.1898,noir,-11.99461,1
1383,S_NOUN_8_ADJ_a,F,S,la recette avec les bougies qui était là depuis hier est aussi très délicate <eos>,13,délicate,délicat,11,F,P,délicate,-5.4061394,délicat,-9.410639,1
1384,S_NOUN_8_ADJ_a,F,S,la recette avec les bougies qui était là depuis hier est aussi très pointue <eos>,13,pointue,pointu,11,F,P,pointue,-10.391243,pointu,-12.153116,1
1385,S_NOUN_8_ADJ_a,F,S,la recette avec les bougies qui était là depuis hier est aussi très ronde <eos>,13,ronde,rond,11,F,P,ronde,-10.720491,rond,-13.784964,1
1386,S_NOUN_8_ADJ_a,F,S,la recette avec les bougies qui était là depuis hier est aussi très froide <eos>,13,froide,froid,11,F,P,froide,-7.855942,froid,-9.660866,1
1387,S_NOUN_8_ADJ_a,F,S,la recette avec les bougies qui était là depuis hier est aussi très chaude <eos>,13,chaude,chaud,11,F,P,chaude,-5.3343916,chaud,-9.397229,1
1388,S_NOUN_8_ADJ_a,F,S,la recette avec les bougies qui était là depuis hier est aussi très importante <eos>,13,importante,important,11,F,P,importante,-3.8703086,important,-7.8606195,1
1389,S_NOUN_8_ADJ_a,F,S,la recette avec les bougies qui était là depuis hier est aussi très courte <eos>,13,courte,court,11,F,P,courte,-5.534153,court,-7.465909,1
1390,S_NOUN_8_ADJ_a,F,S,la recette avec les bougies qui était là depuis hier est aussi très dure <eos>,13,dure,dur,11,F,P,dure,-5.9618073,dur,-8.315642,1
1391,S_NOUN_8_ADJ_a,F,S,la recette avec les bougies qui était là depuis hier est aussi très claire <eos>,13,claire,clair,11,F,P,claire,-4.8319135,clair,-7.8822417,1
1392,S_NOUN_8_ADJ_a,F,S,la recette avec les bougies qui était là depuis hier est aussi très intéressante <eos>,13,intéressante,intéressant,11,F,P,intéressante,-5.589036,intéressant,-8.976036,1
1393,S_NOUN_8_ADJ_a,F,S,la recette avec les bougies qui était là depuis hier est aussi très brillante <eos>,13,brillante,brillant,11,F,P,brillante,-6.8070364,brillant,-10.847222,1
1394,S_NOUN_8_ADJ_a,F,S,la recette avec les bougies qui était là depuis hier est aussi très compliquée <eos>,13,compliquée,compliqué,11,F,P,compliquée,-6.0722275,compliqué,-8.72279,1
1395,S_NOUN_8_ADJ_a,F,S,la recette avec les pochettes qui était là depuis hier est aussi très verte <eos>,13,verte,vert,11,F,P,verte,-10.991175,vert,-12.8937645,1
1396,S_NOUN_8_ADJ_a,F,S,la recette avec les pochettes qui était là depuis hier est aussi très bleue <eos>,13,bleue,bleu,11,F,P,bleue,-12.895684,bleu,-12.855197,0
1397,S_NOUN_8_ADJ_a,F,S,la recette avec les pochettes qui était là depuis hier est aussi très noire <eos>,13,noire,noir,11,F,P,noire,-9.877334,noir,-12.890254,1
1398,S_NOUN_8_ADJ_a,F,S,la recette avec les pochettes qui était là depuis hier est aussi très délicate <eos>,13,délicate,délicat,11,F,P,délicate,-7.1459475,délicat,-11.015094,1
1399,S_NOUN_8_ADJ_a,F,S,la recette avec les pochettes qui était là depuis hier est aussi très pointue <eos>,13,pointue,pointu,11,F,P,pointue,-11.089447,pointu,-11.338186,1
1400,S_NOUN_8_ADJ_a,F,S,la recette avec les pochettes qui était là depuis hier est aussi très ronde <eos>,13,ronde,rond,11,F,P,ronde,-12.688633,rond,-15.541689,1
1401,S_NOUN_8_ADJ_a,F,S,la recette avec les pochettes qui était là depuis hier est aussi très froide <eos>,13,froide,froid,11,F,P,froide,-10.744566,froid,-10.268129,0
1402,S_NOUN_8_ADJ_a,F,S,la recette avec les pochettes qui était là depuis hier est aussi très chaude <eos>,13,chaude,chaud,11,F,P,chaude,-7.1252446,chaud,-10.726194,1
1403,S_NOUN_8_ADJ_a,F,S,la recette avec les pochettes qui était là depuis hier est aussi très importante <eos>,13,importante,important,11,F,P,importante,-3.336263,important,-6.914032,1
1404,S_NOUN_8_ADJ_a,F,S,la recette avec les pochettes qui était là depuis hier est aussi très courte <eos>,13,courte,court,11,F,P,courte,-5.641382,court,-7.721058,1
1405,S_NOUN_8_ADJ_a,F,S,la recette avec les pochettes qui était là depuis hier est aussi très dure <eos>,13,dure,dur,11,F,P,dure,-6.100736,dur,-7.988219,1
1406,S_NOUN_8_ADJ_a,F,S,la recette avec les pochettes qui était là depuis hier est aussi très claire <eos>,13,claire,clair,11,F,P,claire,-5.252799,clair,-8.211523,1
1407,S_NOUN_8_ADJ_a,F,S,la recette avec les pochettes qui était là depuis hier est aussi très intéressante <eos>,13,intéressante,intéressant,11,F,P,intéressante,-5.6751246,intéressant,-8.514874,1
1408,S_NOUN_8_ADJ_a,F,S,la recette avec les pochettes qui était là depuis hier est aussi très brillante <eos>,13,brillante,brillant,11,F,P,brillante,-6.9687805,brillant,-11.028812,1
1409,S_NOUN_8_ADJ_a,F,S,la recette avec les pochettes qui était là depuis hier est aussi très compliquée <eos>,13,compliquée,compliqué,11,F,P,compliquée,-6.4245987,compliqué,-9.425042,1
1410,S_NOUN_8_ADJ_a,F,S,la recette avec les bananes qui était là depuis hier est aussi très verte <eos>,13,verte,vert,11,F,P,verte,-9.965092,vert,-12.210486,1
1411,S_NOUN_8_ADJ_a,F,S,la recette avec les bananes qui était là depuis hier est aussi très bleue <eos>,13,bleue,bleu,11,F,P,bleue,-11.891852,bleu,-12.541861,1
1412,S_NOUN_8_ADJ_a,F,S,la recette avec les bananes qui était là depuis hier est aussi très noire <eos>,13,noire,noir,11,F,P,noire,-8.859016,noir,-12.481814,1
1413,S_NOUN_8_ADJ_a,F,S,la recette avec les bananes qui était là depuis hier est aussi très délicate <eos>,13,délicate,délicat,11,F,P,délicate,-5.26815,délicat,-9.46748,1
1414,S_NOUN_8_ADJ_a,F,S,la recette avec les bananes qui était là depuis hier est aussi très pointue <eos>,13,pointue,pointu,11,F,P,pointue,-10.520157,pointu,-12.038261,1
1415,S_NOUN_8_ADJ_a,F,S,la recette avec les bananes qui était là depuis hier est aussi très ronde <eos>,13,ronde,rond,11,F,P,ronde,-10.906695,rond,-14.093561,1
1416,S_NOUN_8_ADJ_a,F,S,la recette avec les bananes qui était là depuis hier est aussi très froide <eos>,13,froide,froid,11,F,P,froide,-8.1295185,froid,-9.549936,1
1417,S_NOUN_8_ADJ_a,F,S,la recette avec les bananes qui était là depuis hier est aussi très chaude <eos>,13,chaude,chaud,11,F,P,chaude,-5.2598963,chaud,-8.969203,1
1418,S_NOUN_8_ADJ_a,F,S,la recette avec les bananes qui était là depuis hier est aussi très importante <eos>,13,importante,important,11,F,P,importante,-3.4628854,important,-7.493336,1
1419,S_NOUN_8_ADJ_a,F,S,la recette avec les bananes qui était là depuis hier est aussi très courte <eos>,13,courte,court,11,F,P,courte,-5.810322,court,-7.7811394,1
1420,S_NOUN_8_ADJ_a,F,S,la recette avec les bananes qui était là depuis hier est aussi très dure <eos>,13,dure,dur,11,F,P,dure,-5.6598907,dur,-8.0908985,1
1421,S_NOUN_8_ADJ_a,F,S,la recette avec les bananes qui était là depuis hier est aussi très claire <eos>,13,claire,clair,11,F,P,claire,-5.378703,clair,-8.117665,1
1422,S_NOUN_8_ADJ_a,F,S,la recette avec les bananes qui était là depuis hier est aussi très intéressante <eos>,13,intéressante,intéressant,11,F,P,intéressante,-5.460227,intéressant,-8.878407,1
1423,S_NOUN_8_ADJ_a,F,S,la recette avec les bananes qui était là depuis hier est aussi très brillante <eos>,13,brillante,brillant,11,F,P,brillante,-7.2688017,brillant,-10.932595,1
1424,S_NOUN_8_ADJ_a,F,S,la recette avec les bananes qui était là depuis hier est aussi très compliquée <eos>,13,compliquée,compliqué,11,F,P,compliquée,-6.2931166,compliqué,-8.534383,1
1425,S_NOUN_8_ADJ_a,F,S,la recette avec les robes qui était là depuis hier est aussi très verte <eos>,13,verte,vert,11,F,P,verte,-10.0028925,vert,-12.005465,1
1426,S_NOUN_8_ADJ_a,F,S,la recette avec les robes qui était là depuis hier est aussi très bleue <eos>,13,bleue,bleu,11,F,P,bleue,-11.379957,bleu,-12.119213,1
1427,S_NOUN_8_ADJ_a,F,S,la recette avec les robes qui était là depuis hier est aussi très noire <eos>,13,noire,noir,11,F,P,noire,-8.144077,noir,-12.191973,1
1428,S_NOUN_8_ADJ_a,F,S,la recette avec les robes qui était là depuis hier est aussi très délicate <eos>,13,délicate,délicat,11,F,P,délicate,-5.9590054,délicat,-10.09258,1
1429,S_NOUN_8_ADJ_a,F,S,la recette avec les robes qui était là depuis hier est aussi très pointue <eos>,13,pointue,pointu,11,F,P,pointue,-10.879066,pointu,-11.9747715,1
1430,S_NOUN_8_ADJ_a,F,S,la recette avec les robes qui était là depuis hier est aussi très ronde <eos>,13,ronde,rond,11,F,P,ronde,-11.389373,rond,-14.319269,1
1431,S_NOUN_8_ADJ_a,F,S,la recette avec les robes qui était là depuis hier est aussi très froide <eos>,13,froide,froid,11,F,P,froide,-8.449693,froid,-10.232324,1
1432,S_NOUN_8_ADJ_a,F,S,la recette avec les robes qui était là depuis hier est aussi très chaude <eos>,13,chaude,chaud,11,F,P,chaude,-5.931094,chaud,-9.6396265,1
1433,S_NOUN_8_ADJ_a,F,S,la recette avec les robes qui était là depuis hier est aussi très importante <eos>,13,importante,important,11,F,P,importante,-3.9685721,important,-7.9630322,1
1434,S_NOUN_8_ADJ_a,F,S,la recette avec les robes qui était là depuis hier est aussi très courte <eos>,13,courte,court,11,F,P,courte,-5.851387,court,-7.8599796,1
1435,S_NOUN_8_ADJ_a,F,S,la recette avec les robes qui était là depuis hier est aussi très dure <eos>,13,dure,dur,11,F,P,dure,-6.5633135,dur,-9.185293,1
1436,S_NOUN_8_ADJ_a,F,S,la recette avec les robes qui était là depuis hier est aussi très claire <eos>,13,claire,clair,11,F,P,claire,-5.240404,clair,-8.100593,1
1437,S_NOUN_8_ADJ_a,F,S,la recette avec les robes qui était là depuis hier est aussi très intéressante <eos>,13,intéressante,intéressant,11,F,P,intéressante,-5.8754463,intéressant,-9.033277,1
1438,S_NOUN_8_ADJ_a,F,S,la recette avec les robes qui était là depuis hier est aussi très brillante <eos>,13,brillante,brillant,11,F,P,brillante,-7.3484545,brillant,-11.411378,1
1439,S_NOUN_8_ADJ_a,F,S,la recette avec les robes qui était là depuis hier est aussi très compliquée <eos>,13,compliquée,compliqué,11,F,P,compliquée,-6.7880554,compliqué,-9.216618,1
1440,S_NOUN_8_ADJ_a,F,S,la recette avec les valises qui était là depuis hier est aussi très verte <eos>,13,verte,vert,11,F,P,verte,-10.398951,vert,-12.449209,1
1441,S_NOUN_8_ADJ_a,F,S,la recette avec les valises qui était là depuis hier est aussi très bleue <eos>,13,bleue,bleu,11,F,P,bleue,-12.298967,bleu,-12.529686,1
1442,S_NOUN_8_ADJ_a,F,S,la recette avec les valises qui était là depuis hier est aussi très noire <eos>,13,noire,noir,11,F,P,noire,-8.990812,noir,-12.925439,1
1443,S_NOUN_8_ADJ_a,F,S,la recette avec les valises qui était là depuis hier est aussi très délicate <eos>,13,délicate,délicat,11,F,P,délicate,-5.0513873,délicat,-9.694828,1
1444,S_NOUN_8_ADJ_a,F,S,la recette avec les valises qui était là depuis hier est aussi très pointue <eos>,13,pointue,pointu,11,F,P,pointue,-10.265888,pointu,-12.132556,1
1445,S_NOUN_8_ADJ_a,F,S,la recette avec les valises qui était là depuis hier est aussi très ronde <eos>,13,ronde,rond,11,F,P,ronde,-10.74409,rond,-14.366078,1
1446,S_NOUN_8_ADJ_a,F,S,la recette avec les valises qui était là depuis hier est aussi très froide <eos>,13,froide,froid,11,F,P,froide,-8.071003,froid,-9.800078,1
1447,S_NOUN_8_ADJ_a,F,S,la recette avec les valises qui était là depuis hier est aussi très chaude <eos>,13,chaude,chaud,11,F,P,chaude,-5.3773947,chaud,-9.411596,1
1448,S_NOUN_8_ADJ_a,F,S,la recette avec les valises qui était là depuis hier est aussi très importante <eos>,13,importante,important,11,F,P,importante,-3.2963512,important,-7.349702,1
1449,S_NOUN_8_ADJ_a,F,S,la recette avec les valises qui était là depuis hier est aussi très courte <eos>,13,courte,court,11,F,P,courte,-5.5910873,court,-7.5282288,1
1450,S_NOUN_8_ADJ_a,F,S,la recette avec les valises qui était là depuis hier est aussi très dure <eos>,13,dure,dur,11,F,P,dure,-6.112313,dur,-8.2002735,1
1451,S_NOUN_8_ADJ_a,F,S,la recette avec les valises qui était là depuis hier est aussi très claire <eos>,13,claire,clair,11,F,P,claire,-5.291628,clair,-8.461511,1
1452,S_NOUN_8_ADJ_a,F,S,la recette avec les valises qui était là depuis hier est aussi très intéressante <eos>,13,intéressante,intéressant,11,F,P,intéressante,-5.067524,intéressant,-8.48083,1
1453,S_NOUN_8_ADJ_a,F,S,la recette avec les valises qui était là depuis hier est aussi très brillante <eos>,13,brillante,brillant,11,F,P,brillante,-7.3269987,brillant,-11.104961,1
1454,S_NOUN_8_ADJ_a,F,S,la recette avec les valises qui était là depuis hier est aussi très compliquée <eos>,13,compliquée,compliqué,11,F,P,compliquée,-5.7318106,compliqué,-8.172746,1
1455,S_NOUN_8_ADJ_a,F,S,la recette avec les pendules qui était là depuis hier est aussi très verte <eos>,13,verte,vert,11,F,P,verte,-9.710451,vert,-11.898049,1
1456,S_NOUN_8_ADJ_a,F,S,la recette avec les pendules qui était là depuis hier est aussi très bleue <eos>,13,bleue,bleu,11,F,P,bleue,-11.720213,bleu,-12.166235,1
1457,S_NOUN_8_ADJ_a,F,S,la recette avec les pendules qui était là depuis hier est aussi très noire <eos>,13,noire,noir,11,F,P,noire,-8.61718,noir,-12.295508,1
1458,S_NOUN_8_ADJ_a,F,S,la recette avec les pendules qui était là depuis hier est aussi très délicate <eos>,13,délicate,délicat,11,F,P,délicate,-5.028537,délicat,-9.510654,1
1459,S_NOUN_8_ADJ_a,F,S,la recette avec les pendules qui était là depuis hier est aussi très pointue <eos>,13,pointue,pointu,11,F,P,pointue,-10.035424,pointu,-12.028339,1
1460,S_NOUN_8_ADJ_a,F,S,la recette avec les pendules qui était là depuis hier est aussi très ronde <eos>,13,ronde,rond,11,F,P,ronde,-10.899836,rond,-14.063221,1
1461,S_NOUN_8_ADJ_a,F,S,la recette avec les pendules qui était là depuis hier est aussi très froide <eos>,13,froide,froid,11,F,P,froide,-8.4082985,froid,-10.003704,1
1462,S_NOUN_8_ADJ_a,F,S,la recette avec les pendules qui était là depuis hier est aussi très chaude <eos>,13,chaude,chaud,11,F,P,chaude,-5.5469656,chaud,-9.47017,1
1463,S_NOUN_8_ADJ_a,F,S,la recette avec les pendules qui était là depuis hier est aussi très importante <eos>,13,importante,important,11,F,P,importante,-3.8344972,important,-7.8137836,1
1464,S_NOUN_8_ADJ_a,F,S,la recette avec les pendules qui était là depuis hier est aussi très courte <eos>,13,courte,court,11,F,P,courte,-5.621342,court,-7.8037457,1
1465,S_NOUN_8_ADJ_a,F,S,la recette avec les pendules qui était là depuis hier est aussi très dure <eos>,13,dure,dur,11,F,P,dure,-6.2296386,dur,-8.280476,1
1466,S_NOUN_8_ADJ_a,F,S,la recette avec les pendules qui était là depuis hier est aussi très claire <eos>,13,claire,clair,11,F,P,claire,-5.111721,clair,-8.200637,1
1467,S_NOUN_8_ADJ_a,F,S,la recette avec les pendules qui était là depuis hier est aussi très intéressante <eos>,13,intéressante,intéressant,11,F,P,intéressante,-5.2687063,intéressant,-8.639261,1
1468,S_NOUN_8_ADJ_a,F,S,la recette avec les pendules qui était là depuis hier est aussi très brillante <eos>,13,brillante,brillant,11,F,P,brillante,-7.2611113,brillant,-10.875944,1
1469,S_NOUN_8_ADJ_a,F,S,la recette avec les pendules qui était là depuis hier est aussi très compliquée <eos>,13,compliquée,compliqué,11,F,P,compliquée,-5.248472,compliqué,-7.871603,1
1470,S_NOUN_8_ADJ_a,F,S,la recette avec les cloches qui était là depuis hier est aussi très verte <eos>,13,verte,vert,11,F,P,verte,-9.878546,vert,-11.682094,1
1471,S_NOUN_8_ADJ_a,F,S,la recette avec les cloches qui était là depuis hier est aussi très bleue <eos>,13,bleue,bleu,11,F,P,bleue,-11.6198635,bleu,-12.139665,1
1472,S_NOUN_8_ADJ_a,F,S,la recette avec les cloches qui était là depuis hier est aussi très noire <eos>,13,noire,noir,11,F,P,noire,-8.422151,noir,-12.689865,1
1473,S_NOUN_8_ADJ_a,F,S,la recette avec les cloches qui était là depuis hier est aussi très délicate <eos>,13,délicate,délicat,11,F,P,délicate,-5.11699,délicat,-9.420428,1
1474,S_NOUN_8_ADJ_a,F,S,la recette avec les cloches qui était là depuis hier est aussi très pointue <eos>,13,pointue,pointu,11,F,P,pointue,-10.661148,pointu,-12.837979,1
1475,S_NOUN_8_ADJ_a,F,S,la recette avec les cloches qui était là depuis hier est aussi très ronde <eos>,13,ronde,rond,11,F,P,ronde,-10.864433,rond,-14.538755,1
1476,S_NOUN_8_ADJ_a,F,S,la recette avec les cloches qui était là depuis hier est aussi très froide <eos>,13,froide,froid,11,F,P,froide,-7.8880935,froid,-9.831848,1
1477,S_NOUN_8_ADJ_a,F,S,la recette avec les cloches qui était là depuis hier est aussi très chaude <eos>,13,chaude,chaud,11,F,P,chaude,-4.8113546,chaud,-9.185602,1
1478,S_NOUN_8_ADJ_a,F,S,la recette avec les cloches qui était là depuis hier est aussi très importante <eos>,13,importante,important,11,F,P,importante,-3.822516,important,-8.028442,1
1479,S_NOUN_8_ADJ_a,F,S,la recette avec les cloches qui était là depuis hier est aussi très courte <eos>,13,courte,court,11,F,P,courte,-5.7975426,court,-8.089747,1
1480,S_NOUN_8_ADJ_a,F,S,la recette avec les cloches qui était là depuis hier est aussi très dure <eos>,13,dure,dur,11,F,P,dure,-5.7315497,dur,-8.146126,1
1481,S_NOUN_8_ADJ_a,F,S,la recette avec les cloches qui était là depuis hier est aussi très claire <eos>,13,claire,clair,11,F,P,claire,-5.07433,clair,-8.077543,1
1482,S_NOUN_8_ADJ_a,F,S,la recette avec les cloches qui était là depuis hier est aussi très intéressante <eos>,13,intéressante,intéressant,11,F,P,intéressante,-5.495118,intéressant,-8.926144,1
1483,S_NOUN_8_ADJ_a,F,S,la recette avec les cloches qui était là depuis hier est aussi très brillante <eos>,13,brillante,brillant,11,F,P,brillante,-6.742201,brillant,-10.694954,1
1484,S_NOUN_8_ADJ_a,F,S,la recette avec les cloches qui était là depuis hier est aussi très compliquée <eos>,13,compliquée,compliqué,11,F,P,compliquée,-6.178219,compliqué,-8.76429,1
1485,S_NOUN_8_ADJ_a,F,S,la recette avec les cerises qui était là depuis hier est aussi très verte <eos>,13,verte,vert,11,F,P,verte,-10.263523,vert,-12.221638,1
1486,S_NOUN_8_ADJ_a,F,S,la recette avec les cerises qui était là depuis hier est aussi très bleue <eos>,13,bleue,bleu,11,F,P,bleue,-12.081403,bleu,-12.459332,1
1487,S_NOUN_8_ADJ_a,F,S,la recette avec les cerises qui était là depuis hier est aussi très noire <eos>,13,noire,noir,11,F,P,noire,-8.740023,noir,-12.679264,1
1488,S_NOUN_8_ADJ_a,F,S,la recette avec les cerises qui était là depuis hier est aussi très délicate <eos>,13,délicate,délicat,11,F,P,délicate,-4.8423033,délicat,-8.972444,1
1489,S_NOUN_8_ADJ_a,F,S,la recette avec les cerises qui était là depuis hier est aussi très pointue <eos>,13,pointue,pointu,11,F,P,pointue,-10.5549965,pointu,-12.410698,1
1490,S_NOUN_8_ADJ_a,F,S,la recette avec les cerises qui était là depuis hier est aussi très ronde <eos>,13,ronde,rond,11,F,P,ronde,-10.958599,rond,-14.251813,1
1491,S_NOUN_8_ADJ_a,F,S,la recette avec les cerises qui était là depuis hier est aussi très froide <eos>,13,froide,froid,11,F,P,froide,-8.061918,froid,-9.399205,1
1492,S_NOUN_8_ADJ_a,F,S,la recette avec les cerises qui était là depuis hier est aussi très chaude <eos>,13,chaude,chaud,11,F,P,chaude,-5.5234814,chaud,-9.231622,1
1493,S_NOUN_8_ADJ_a,F,S,la recette avec les cerises qui était là depuis hier est aussi très importante <eos>,13,importante,important,11,F,P,importante,-3.76961,important,-7.8658376,1
1494,S_NOUN_8_ADJ_a,F,S,la recette avec les cerises qui était là depuis hier est aussi très courte <eos>,13,courte,court,11,F,P,courte,-5.5422306,court,-7.958044,1
1495,S_NOUN_8_ADJ_a,F,S,la recette avec les cerises qui était là depuis hier est aussi très dure <eos>,13,dure,dur,11,F,P,dure,-5.455511,dur,-8.360894,1
1496,S_NOUN_8_ADJ_a,F,S,la recette avec les cerises qui était là depuis hier est aussi très claire <eos>,13,claire,clair,11,F,P,claire,-4.9173627,clair,-7.8331246,1
1497,S_NOUN_8_ADJ_a,F,S,la recette avec les cerises qui était là depuis hier est aussi très intéressante <eos>,13,intéressante,intéressant,11,F,P,intéressante,-5.731844,intéressant,-9.1972,1
1498,S_NOUN_8_ADJ_a,F,S,la recette avec les cerises qui était là depuis hier est aussi très brillante <eos>,13,brillante,brillant,11,F,P,brillante,-7.0111094,brillant,-11.015619,1
1499,S_NOUN_8_ADJ_a,F,S,la recette avec les cerises qui était là depuis hier est aussi très compliquée <eos>,13,compliquée,compliqué,11,F,P,compliquée,-6.1592607,compliqué,-9.086333,1
1500,S_NOUN_8_ADJ_a,F,S,la jupe avec les gemmes qui était là depuis hier est aussi très verte <eos>,13,verte,vert,11,F,P,verte,-8.742457,vert,-11.070667,1
1501,S_NOUN_8_ADJ_a,F,S,la jupe avec les gemmes qui était là depuis hier est aussi très bleue <eos>,13,bleue,bleu,11,F,P,bleue,-10.492554,bleu,-11.135399,1
1502,S_NOUN_8_ADJ_a,F,S,la jupe avec les gemmes qui était là depuis hier est aussi très noire <eos>,13,noire,noir,11,F,P,noire,-6.827667,noir,-11.025799,1
1503,S_NOUN_8_ADJ_a,F,S,la jupe avec les gemmes qui était là depuis hier est aussi très délicate <eos>,13,délicate,délicat,11,F,P,délicate,-6.1811976,délicat,-10.1231785,1
1504,S_NOUN_8_ADJ_a,F,S,la jupe avec les gemmes qui était là depuis hier est aussi très pointue <eos>,13,pointue,pointu,11,F,P,pointue,-9.631169,pointu,-12.419346,1
1505,S_NOUN_8_ADJ_a,F,S,la jupe avec les gemmes qui était là depuis hier est aussi très ronde <eos>,13,ronde,rond,11,F,P,ronde,-10.825346,rond,-14.524039,1
1506,S_NOUN_8_ADJ_a,F,S,la jupe avec les gemmes qui était là depuis hier est aussi très froide <eos>,13,froide,froid,11,F,P,froide,-7.443451,froid,-9.91353,1
1507,S_NOUN_8_ADJ_a,F,S,la jupe avec les gemmes qui était là depuis hier est aussi très chaude <eos>,13,chaude,chaud,11,F,P,chaude,-6.0756607,chaud,-9.749441,1
1508,S_NOUN_8_ADJ_a,F,S,la jupe avec les gemmes qui était là depuis hier est aussi très importante <eos>,13,importante,important,11,F,P,importante,-4.239606,important,-8.195216,1
1509,S_NOUN_8_ADJ_a,F,S,la jupe avec les gemmes qui était là depuis hier est aussi très courte <eos>,13,courte,court,11,F,P,courte,-5.968034,court,-7.632509,1
1510,S_NOUN_8_ADJ_a,F,S,la jupe avec les gemmes qui était là depuis hier est aussi très dure <eos>,13,dure,dur,11,F,P,dure,-6.4897966,dur,-8.433137,1
1511,S_NOUN_8_ADJ_a,F,S,la jupe avec les gemmes qui était là depuis hier est aussi très claire <eos>,13,claire,clair,11,F,P,claire,-4.920478,clair,-8.071557,1
1512,S_NOUN_8_ADJ_a,F,S,la jupe avec les gemmes qui était là depuis hier est aussi très intéressante <eos>,13,intéressante,intéressant,11,F,P,intéressante,-5.6337433,intéressant,-9.134681,1
1513,S_NOUN_8_ADJ_a,F,S,la jupe avec les gemmes qui était là depuis hier est aussi très brillante <eos>,13,brillante,brillant,11,F,P,brillante,-6.171501,brillant,-10.308032,1
1514,S_NOUN_8_ADJ_a,F,S,la jupe avec les gemmes qui était là depuis hier est aussi très compliquée <eos>,13,compliquée,compliqué,11,F,P,compliquée,-6.5009003,compliqué,-8.992045,1
1515,S_NOUN_8_ADJ_a,F,S,la jupe avec les chaises qui était là depuis hier est aussi très verte <eos>,13,verte,vert,11,F,P,verte,-8.710069,vert,-10.980574,1
1516,S_NOUN_8_ADJ_a,F,S,la jupe avec les chaises qui était là depuis hier est aussi très bleue <eos>,13,bleue,bleu,11,F,P,bleue,-10.726758,bleu,-11.071113,1
1517,S_NOUN_8_ADJ_a,F,S,la jupe avec les chaises qui était là depuis hier est aussi très noire <eos>,13,noire,noir,11,F,P,noire,-6.817457,noir,-11.352881,1
1518,S_NOUN_8_ADJ_a,F,S,la jupe avec les chaises qui était là depuis hier est aussi très délicate <eos>,13,délicate,délicat,11,F,P,délicate,-6.387415,délicat,-9.906892,1
1519,S_NOUN_8_ADJ_a,F,S,la jupe avec les chaises qui était là depuis hier est aussi très pointue <eos>,13,pointue,pointu,11,F,P,pointue,-8.904639,pointu,-11.827602,1
1520,S_NOUN_8_ADJ_a,F,S,la jupe avec les chaises qui était là depuis hier est aussi très ronde <eos>,13,ronde,rond,11,F,P,ronde,-9.619934,rond,-13.547677,1
1521,S_NOUN_8_ADJ_a,F,S,la jupe avec les chaises qui était là depuis hier est aussi très froide <eos>,13,froide,froid,11,F,P,froide,-7.7570734,froid,-10.653582,1
1522,S_NOUN_8_ADJ_a,F,S,la jupe avec les chaises qui était là depuis hier est aussi très chaude <eos>,13,chaude,chaud,11,F,P,chaude,-5.827432,chaud,-10.133562,1
1523,S_NOUN_8_ADJ_a,F,S,la jupe avec les chaises qui était là depuis hier est aussi très importante <eos>,13,importante,important,11,F,P,importante,-4.41669,important,-8.370467,1
1524,S_NOUN_8_ADJ_a,F,S,la jupe avec les chaises qui était là depuis hier est aussi très courte <eos>,13,courte,court,11,F,P,courte,-5.2528267,court,-6.957631,1
1525,S_NOUN_8_ADJ_a,F,S,la jupe avec les chaises qui était là depuis hier est aussi très dure <eos>,13,dure,dur,11,F,P,dure,-6.198901,dur,-8.543262,1
1526,S_NOUN_8_ADJ_a,F,S,la jupe avec les chaises qui était là depuis hier est aussi très claire <eos>,13,claire,clair,11,F,P,claire,-5.0822406,clair,-8.379053,1
1527,S_NOUN_8_ADJ_a,F,S,la jupe avec les chaises qui était là depuis hier est aussi très intéressante <eos>,13,intéressante,intéressant,11,F,P,intéressante,-5.628073,intéressant,-8.972246,1
1528,S_NOUN_8_ADJ_a,F,S,la jupe avec les chaises qui était là depuis hier est aussi très brillante <eos>,13,brillante,brillant,11,F,P,brillante,-6.1875944,brillant,-10.373918,1
1529,S_NOUN_8_ADJ_a,F,S,la jupe avec les chaises qui était là depuis hier est aussi très compliquée <eos>,13,compliquée,compliqué,11,F,P,compliquée,-6.5069504,compliqué,-8.838084,1
1530,S_NOUN_8_ADJ_a,F,S,la jupe avec les poubelles qui était là depuis hier est aussi très verte <eos>,13,verte,vert,11,F,P,verte,-9.194927,vert,-11.617605,1
1531,S_NOUN_8_ADJ_a,F,S,la jupe avec les poubelles qui était là depuis hier est aussi très bleue <eos>,13,bleue,bleu,11,F,P,bleue,-11.162045,bleu,-11.572475,1
1532,S_NOUN_8_ADJ_a,F,S,la jupe avec les poubelles qui était là depuis hier est aussi très noire <eos>,13,noire,noir,11,F,P,noire,-7.128157,noir,-11.733131,1
1533,S_NOUN_8_ADJ_a,F,S,la jupe avec les poubelles qui était là depuis hier est aussi très délicate <eos>,13,délicate,délicat,11,F,P,délicate,-6.14065,délicat,-10.09941,1
1534,S_NOUN_8_ADJ_a,F,S,la jupe avec les poubelles qui était là depuis hier est aussi très pointue <eos>,13,pointue,pointu,11,F,P,pointue,-8.702156,pointu,-11.587881,1
1535,S_NOUN_8_ADJ_a,F,S,la jupe avec les poubelles qui était là depuis hier est aussi très ronde <eos>,13,ronde,rond,11,F,P,ronde,-9.878711,rond,-14.025698,1
1536,S_NOUN_8_ADJ_a,F,S,la jupe avec les poubelles qui était là depuis hier est aussi très froide <eos>,13,froide,froid,11,F,P,froide,-7.686822,froid,-10.606289,1
1537,S_NOUN_8_ADJ_a,F,S,la jupe avec les poubelles qui était là depuis hier est aussi très chaude <eos>,13,chaude,chaud,11,F,P,chaude,-6.348169,chaud,-10.33416,1
1538,S_NOUN_8_ADJ_a,F,S,la jupe avec les poubelles qui était là depuis hier est aussi très importante <eos>,13,importante,important,11,F,P,importante,-4.259789,important,-8.203449,1
1539,S_NOUN_8_ADJ_a,F,S,la jupe avec les poubelles qui était là depuis hier est aussi très courte <eos>,13,courte,court,11,F,P,courte,-5.398361,court,-7.1319075,1
1540,S_NOUN_8_ADJ_a,F,S,la jupe avec les poubelles qui était là depuis hier est aussi très dure <eos>,13,dure,dur,11,F,P,dure,-6.661261,dur,-8.636761,1
1541,S_NOUN_8_ADJ_a,F,S,la jupe avec les poubelles qui était là depuis hier est aussi très claire <eos>,13,claire,clair,11,F,P,claire,-5.2868595,clair,-8.738817,1
1542,S_NOUN_8_ADJ_a,F,S,la jupe avec les poubelles qui était là depuis hier est aussi très intéressante <eos>,13,intéressante,intéressant,11,F,P,intéressante,-5.494205,intéressant,-8.952345,1
1543,S_NOUN_8_ADJ_a,F,S,la jupe avec les poubelles qui était là depuis hier est aussi très brillante <eos>,13,brillante,brillant,11,F,P,brillante,-6.832711,brillant,-10.939001,1
1544,S_NOUN_8_ADJ_a,F,S,la jupe avec les poubelles qui était là depuis hier est aussi très compliquée <eos>,13,compliquée,compliqué,11,F,P,compliquée,-6.3348722,compliqué,-8.688401,1
1545,S_NOUN_8_ADJ_a,F,S,la jupe avec les chemises qui était là depuis hier est aussi très verte <eos>,13,verte,vert,11,F,P,verte,-8.692577,vert,-10.939876,1
1546,S_NOUN_8_ADJ_a,F,S,la jupe avec les chemises qui était là depuis hier est aussi très bleue <eos>,13,bleue,bleu,11,F,P,bleue,-10.246986,bleu,-10.917667,1
1547,S_NOUN_8_ADJ_a,F,S,la jupe avec les chemises qui était là depuis hier est aussi très noire <eos>,13,noire,noir,11,F,P,noire,-6.1334133,noir,-10.889206,1
1548,S_NOUN_8_ADJ_a,F,S,la jupe avec les chemises qui était là depuis hier est aussi très délicate <eos>,13,délicate,délicat,11,F,P,délicate,-6.3449965,délicat,-10.080712,1
1549,S_NOUN_8_ADJ_a,F,S,la jupe avec les chemises qui était là depuis hier est aussi très pointue <eos>,13,pointue,pointu,11,F,P,pointue,-8.638097,pointu,-11.400007,1
1550,S_NOUN_8_ADJ_a,F,S,la jupe avec les chemises qui était là depuis hier est aussi très ronde <eos>,13,ronde,rond,11,F,P,ronde,-9.82485,rond,-13.757632,1
1551,S_NOUN_8_ADJ_a,F,S,la jupe avec les chemises qui était là depuis hier est aussi très froide <eos>,13,froide,froid,11,F,P,froide,-7.9911175,froid,-10.934566,1
1552,S_NOUN_8_ADJ_a,F,S,la jupe avec les chemises qui était là depuis hier est aussi très chaude <eos>,13,chaude,chaud,11,F,P,chaude,-6.6353416,chaud,-10.42975,1
1553,S_NOUN_8_ADJ_a,F,S,la jupe avec les chemises qui était là depuis hier est aussi très importante <eos>,13,importante,important,11,F,P,importante,-4.803807,important,-8.677467,1
1554,S_NOUN_8_ADJ_a,F,S,la jupe avec les chemises qui était là depuis hier est aussi très courte <eos>,13,courte,court,11,F,P,courte,-4.9575853,court,-6.915497,1
1555,S_NOUN_8_ADJ_a,F,S,la jupe avec les chemises qui était là depuis hier est aussi très dure <eos>,13,dure,dur,11,F,P,dure,-6.272188,dur,-8.7060795,1
1556,S_NOUN_8_ADJ_a,F,S,la jupe avec les chemises qui était là depuis hier est aussi très claire <eos>,13,claire,clair,11,F,P,claire,-5.069422,clair,-8.048057,1
1557,S_NOUN_8_ADJ_a,F,S,la jupe avec les chemises qui était là depuis hier est aussi très intéressante <eos>,13,intéressante,intéressant,11,F,P,intéressante,-6.1413336,intéressant,-9.393486,1
1558,S_NOUN_8_ADJ_a,F,S,la jupe avec les chemises qui était là depuis hier est aussi très brillante <eos>,13,brillante,brillant,11,F,P,brillante,-6.571413,brillant,-10.567943,1
1559,S_NOUN_8_ADJ_a,F,S,la jupe avec les chemises qui était là depuis hier est aussi très compliquée <eos>,13,compliquée,compliqué,11,F,P,compliquée,-6.5035315,compliqué,-8.716474,1
1560,S_NOUN_8_ADJ_a,F,S,la jupe avec les recettes qui était là depuis hier est aussi très verte <eos>,13,verte,vert,11,F,P,verte,-9.676233,vert,-12.074863,1
1561,S_NOUN_8_ADJ_a,F,S,la jupe avec les recettes qui était là depuis hier est aussi très bleue <eos>,13,bleue,bleu,11,F,P,bleue,-12.178059,bleu,-12.210485,1
1562,S_NOUN_8_ADJ_a,F,S,la jupe avec les recettes qui était là depuis hier est aussi très noire <eos>,13,noire,noir,11,F,P,noire,-8.413807,noir,-11.83989,1
1563,S_NOUN_8_ADJ_a,F,S,la jupe avec les recettes qui était là depuis hier est aussi très délicate <eos>,13,délicate,délicat,11,F,P,délicate,-6.3487387,délicat,-9.921594,1
1564,S_NOUN_8_ADJ_a,F,S,la jupe avec les recettes qui était là depuis hier est aussi très pointue <eos>,13,pointue,pointu,11,F,P,pointue,-9.553873,pointu,-11.9430065,1
1565,S_NOUN_8_ADJ_a,F,S,la jupe avec les recettes qui était là depuis hier est aussi très ronde <eos>,13,ronde,rond,11,F,P,ronde,-11.068292,rond,-14.262108,1
1566,S_NOUN_8_ADJ_a,F,S,la jupe avec les recettes qui était là depuis hier est aussi très froide <eos>,13,froide,froid,11,F,P,froide,-8.346124,froid,-10.520223,1
1567,S_NOUN_8_ADJ_a,F,S,la jupe avec les recettes qui était là depuis hier est aussi très chaude <eos>,13,chaude,chaud,11,F,P,chaude,-6.7414837,chaud,-10.376158,1
1568,S_NOUN_8_ADJ_a,F,S,la jupe avec les recettes qui était là depuis hier est aussi très importante <eos>,13,importante,important,11,F,P,importante,-3.5217474,important,-7.4047604,1
1569,S_NOUN_8_ADJ_a,F,S,la jupe avec les recettes qui était là depuis hier est aussi très courte <eos>,13,courte,court,11,F,P,courte,-5.770727,court,-7.4206085,1
1570,S_NOUN_8_ADJ_a,F,S,la jupe avec les recettes qui était là depuis hier est aussi très dure <eos>,13,dure,dur,11,F,P,dure,-7.0633793,dur,-8.801286,1
1571,S_NOUN_8_ADJ_a,F,S,la jupe avec les recettes qui était là depuis hier est aussi très claire <eos>,13,claire,clair,11,F,P,claire,-5.6758285,clair,-8.86652,1
1572,S_NOUN_8_ADJ_a,F,S,la jupe avec les recettes qui était là depuis hier est aussi très intéressante <eos>,13,intéressante,intéressant,11,F,P,intéressante,-5.297819,intéressant,-8.83003,1
1573,S_NOUN_8_ADJ_a,F,S,la jupe avec les recettes qui était là depuis hier est aussi très brillante <eos>,13,brillante,brillant,11,F,P,brillante,-7.1496887,brillant,-11.079862,1
1574,S_NOUN_8_ADJ_a,F,S,la jupe avec les recettes qui était là depuis hier est aussi très compliquée <eos>,13,compliquée,compliqué,11,F,P,compliquée,-6.8248014,compliqué,-8.853972,1
1575,S_NOUN_8_ADJ_a,F,S,la jupe avec les jupes qui était là depuis hier est aussi très verte <eos>,13,verte,vert,11,F,P,verte,-8.997276,vert,-11.369478,1
1576,S_NOUN_8_ADJ_a,F,S,la jupe avec les jupes qui était là depuis hier est aussi très bleue <eos>,13,bleue,bleu,11,F,P,bleue,-10.614284,bleu,-11.091512,1
1577,S_NOUN_8_ADJ_a,F,S,la jupe avec les jupes qui était là depuis hier est aussi très noire <eos>,13,noire,noir,11,F,P,noire,-6.398231,noir,-10.994518,1
1578,S_NOUN_8_ADJ_a,F,S,la jupe avec les jupes qui était là depuis hier est aussi très délicate <eos>,13,délicate,délicat,11,F,P,délicate,-6.8112755,délicat,-10.210447,1
1579,S_NOUN_8_ADJ_a,F,S,la jupe avec les jupes qui était là depuis hier est aussi très pointue <eos>,13,pointue,pointu,11,F,P,pointue,-8.427101,pointu,-11.197357,1
1580,S_NOUN_8_ADJ_a,F,S,la jupe avec les jupes qui était là depuis hier est aussi très ronde <eos>,13,ronde,rond,11,F,P,ronde,-9.763372,rond,-13.506338,1
1581,S_NOUN_8_ADJ_a,F,S,la jupe avec les jupes qui était là depuis hier est aussi très froide <eos>,13,froide,froid,11,F,P,froide,-8.095038,froid,-10.964075,1
1582,S_NOUN_8_ADJ_a,F,S,la jupe avec les jupes qui était là depuis hier est aussi très chaude <eos>,13,chaude,chaud,11,F,P,chaude,-6.5801477,chaud,-10.73042,1
1583,S_NOUN_8_ADJ_a,F,S,la jupe avec les jupes qui était là depuis hier est aussi très importante <eos>,13,importante,important,11,F,P,importante,-4.9368987,important,-8.800879,1
1584,S_NOUN_8_ADJ_a,F,S,la jupe avec les jupes qui était là depuis hier est aussi très courte <eos>,13,courte,court,11,F,P,courte,-4.878044,court,-6.849901,1
1585,S_NOUN_8_ADJ_a,F,S,la jupe avec les jupes qui était là depuis hier est aussi très dure <eos>,13,dure,dur,11,F,P,dure,-6.630351,dur,-8.6966305,1
1586,S_NOUN_8_ADJ_a,F,S,la jupe avec les jupes qui était là depuis hier est aussi très claire <eos>,13,claire,clair,11,F,P,claire,-5.0258703,clair,-8.299322,1
1587,S_NOUN_8_ADJ_a,F,S,la jupe avec les jupes qui était là depuis hier est aussi très intéressante <eos>,13,intéressante,intéressant,11,F,P,intéressante,-5.9908915,intéressant,-9.37622,1
1588,S_NOUN_8_ADJ_a,F,S,la jupe avec les jupes qui était là depuis hier est aussi très brillante <eos>,13,brillante,brillant,11,F,P,brillante,-6.6785035,brillant,-10.776151,1
1589,S_NOUN_8_ADJ_a,F,S,la jupe avec les jupes qui était là depuis hier est aussi très compliquée <eos>,13,compliquée,compliqué,11,F,P,compliquée,-6.221243,compliqué,-8.570409,1
1590,S_NOUN_8_ADJ_a,F,S,la jupe avec les colles qui était là depuis hier est aussi très verte <eos>,13,verte,vert,11,F,P,verte,-9.368716,vert,-11.798925,1
1591,S_NOUN_8_ADJ_a,F,S,la jupe avec les colles qui était là depuis hier est aussi très bleue <eos>,13,bleue,bleu,11,F,P,bleue,-11.394463,bleu,-11.851015,1
1592,S_NOUN_8_ADJ_a,F,S,la jupe avec les colles qui était là depuis hier est aussi très noire <eos>,13,noire,noir,11,F,P,noire,-7.8059893,noir,-12.048118,1
1593,S_NOUN_8_ADJ_a,F,S,la jupe avec les colles qui était là depuis hier est aussi très délicate <eos>,13,délicate,délicat,11,F,P,délicate,-5.7899556,délicat,-9.668655,1
1594,S_NOUN_8_ADJ_a,F,S,la jupe avec les colles qui était là depuis hier est aussi très pointue <eos>,13,pointue,pointu,11,F,P,pointue,-8.748082,pointu,-11.740812,1
1595,S_NOUN_8_ADJ_a,F,S,la jupe avec les colles qui était là depuis hier est aussi très ronde <eos>,13,ronde,rond,11,F,P,ronde,-10.31662,rond,-13.996369,1
1596,S_NOUN_8_ADJ_a,F,S,la jupe avec les colles qui était là depuis hier est aussi très froide <eos>,13,froide,froid,11,F,P,froide,-7.251965,froid,-10.197147,1
1597,S_NOUN_8_ADJ_a,F,S,la jupe avec les colles qui était là depuis hier est aussi très chaude <eos>,13,chaude,chaud,11,F,P,chaude,-5.984064,chaud,-9.992666,1
1598,S_NOUN_8_ADJ_a,F,S,la jupe avec les colles qui était là depuis hier est aussi très importante <eos>,13,importante,important,11,F,P,importante,-4.1649036,important,-8.145378,1
1599,S_NOUN_8_ADJ_a,F,S,la jupe avec les colles qui était là depuis hier est aussi très courte <eos>,13,courte,court,11,F,P,courte,-5.8275003,court,-7.5295095,1
1600,S_NOUN_8_ADJ_a,F,S,la jupe avec les colles qui était là depuis hier est aussi très dure <eos>,13,dure,dur,11,F,P,dure,-6.663377,dur,-8.100871,1
1601,S_NOUN_8_ADJ_a,F,S,la jupe avec les colles qui était là depuis hier est aussi très claire <eos>,13,claire,clair,11,F,P,claire,-5.2335463,clair,-8.554535,1
1602,S_NOUN_8_ADJ_a,F,S,la jupe avec les colles qui était là depuis hier est aussi très intéressante <eos>,13,intéressante,intéressant,11,F,P,intéressante,-5.570691,intéressant,-8.902143,1
1603,S_NOUN_8_ADJ_a,F,S,la jupe avec les colles qui était là depuis hier est aussi très brillante <eos>,13,brillante,brillant,11,F,P,brillante,-6.6858716,brillant,-10.528059,1
1604,S_NOUN_8_ADJ_a,F,S,la jupe avec les colles qui était là depuis hier est aussi très compliquée <eos>,13,compliquée,compliqué,11,F,P,compliquée,-5.766613,compliqué,-8.205159,1
1605,S_NOUN_8_ADJ_a,F,S,la jupe avec les lampes qui était là depuis hier est aussi très verte <eos>,13,verte,vert,11,F,P,verte,-8.597399,vert,-10.91987,1
1606,S_NOUN_8_ADJ_a,F,S,la jupe avec les lampes qui était là depuis hier est aussi très bleue <eos>,13,bleue,bleu,11,F,P,bleue,-10.528789,bleu,-10.981033,1
1607,S_NOUN_8_ADJ_a,F,S,la jupe avec les lampes qui était là depuis hier est aussi très noire <eos>,13,noire,noir,11,F,P,noire,-6.8308325,noir,-11.034904,1
1608,S_NOUN_8_ADJ_a,F,S,la jupe avec les lampes qui était là depuis hier est aussi très délicate <eos>,13,délicate,délicat,11,F,P,délicate,-6.0747247,délicat,-9.923655,1
1609,S_NOUN_8_ADJ_a,F,S,la jupe avec les lampes qui était là depuis hier est aussi très pointue <eos>,13,pointue,pointu,11,F,P,pointue,-8.676222,pointu,-11.740973,1
1610,S_NOUN_8_ADJ_a,F,S,la jupe avec les lampes qui était là depuis hier est aussi très ronde <eos>,13,ronde,rond,11,F,P,ronde,-10.079495,rond,-13.823468,1
1611,S_NOUN_8_ADJ_a,F,S,la jupe avec les lampes qui était là depuis hier est aussi très froide <eos>,13,froide,froid,11,F,P,froide,-7.769762,froid,-10.521715,1
1612,S_NOUN_8_ADJ_a,F,S,la jupe avec les lampes qui était là depuis hier est aussi très chaude <eos>,13,chaude,chaud,11,F,P,chaude,-5.8919134,chaud,-9.8952465,1
1613,S_NOUN_8_ADJ_a,F,S,la jupe avec les lampes qui était là depuis hier est aussi très importante <eos>,13,importante,important,11,F,P,importante,-4.6499844,important,-8.530025,1
1614,S_NOUN_8_ADJ_a,F,S,la jupe avec les lampes qui était là depuis hier est aussi très courte <eos>,13,courte,court,11,F,P,courte,-5.3689938,court,-6.993557,1
1615,S_NOUN_8_ADJ_a,F,S,la jupe avec les lampes qui était là depuis hier est aussi très dure <eos>,13,dure,dur,11,F,P,dure,-6.512306,dur,-8.60043,1
1616,S_NOUN_8_ADJ_a,F,S,la jupe avec les lampes qui était là depuis hier est aussi très claire <eos>,13,claire,clair,11,F,P,claire,-5.118055,clair,-8.269697,1
1617,S_NOUN_8_ADJ_a,F,S,la jupe avec les lampes qui était là depuis hier est aussi très intéressante <eos>,13,intéressante,intéressant,11,F,P,intéressante,-5.6225004,intéressant,-8.989936,1
1618,S_NOUN_8_ADJ_a,F,S,la jupe avec les lampes qui était là depuis hier est aussi très brillante <eos>,13,brillante,brillant,11,F,P,brillante,-6.066884,brillant,-10.21616,1
1619,S_NOUN_8_ADJ_a,F,S,la jupe avec les lampes qui était là depuis hier est aussi très compliquée <eos>,13,compliquée,compliqué,11,F,P,compliquée,-6.0746183,compliqué,-8.514768,1
1620,S_NOUN_8_ADJ_a,F,S,la jupe avec les bouteilles qui était là depuis hier est aussi très verte <eos>,13,verte,vert,11,F,P,verte,-9.092227,vert,-11.099961,1
1621,S_NOUN_8_ADJ_a,F,S,la jupe avec les bouteilles qui était là depuis hier est aussi très bleue <eos>,13,bleue,bleu,11,F,P,bleue,-11.20727,bleu,-11.480119,1
1622,S_NOUN_8_ADJ_a,F,S,la jupe avec les bouteilles qui était là depuis hier est aussi très noire <eos>,13,noire,noir,11,F,P,noire,-7.2978306,noir,-11.163333,1
1623,S_NOUN_8_ADJ_a,F,S,la jupe avec les bouteilles qui était là depuis hier est aussi très délicate <eos>,13,délicate,délicat,11,F,P,délicate,-6.0674515,délicat,-9.594848,1
1624,S_NOUN_8_ADJ_a,F,S,la jupe avec les bouteilles qui était là depuis hier est aussi très pointue <eos>,13,pointue,pointu,11,F,P,pointue,-9.168656,pointu,-11.760269,1
1625,S_NOUN_8_ADJ_a,F,S,la jupe avec les bouteilles qui était là depuis hier est aussi très ronde <eos>,13,ronde,rond,11,F,P,ronde,-10.083472,rond,-13.474365,1
1626,S_NOUN_8_ADJ_a,F,S,la jupe avec les bouteilles qui était là depuis hier est aussi très froide <eos>,13,froide,froid,11,F,P,froide,-7.740305,froid,-10.122366,1
1627,S_NOUN_8_ADJ_a,F,S,la jupe avec les bouteilles qui était là depuis hier est aussi très chaude <eos>,13,chaude,chaud,11,F,P,chaude,-5.908086,chaud,-9.691996,1
1628,S_NOUN_8_ADJ_a,F,S,la jupe avec les bouteilles qui était là depuis hier est aussi très importante <eos>,13,importante,important,11,F,P,importante,-4.1196947,important,-7.852209,1
1629,S_NOUN_8_ADJ_a,F,S,la jupe avec les bouteilles qui était là depuis hier est aussi très courte <eos>,13,courte,court,11,F,P,courte,-5.8794656,court,-7.3925548,1
1630,S_NOUN_8_ADJ_a,F,S,la jupe avec les bouteilles qui était là depuis hier est aussi très dure <eos>,13,dure,dur,11,F,P,dure,-6.663991,dur,-8.361949,1
1631,S_NOUN_8_ADJ_a,F,S,la jupe avec les bouteilles qui était là depuis hier est aussi très claire <eos>,13,claire,clair,11,F,P,claire,-4.9933577,clair,-8.204144,1
1632,S_NOUN_8_ADJ_a,F,S,la jupe avec les bouteilles qui était là depuis hier est aussi très intéressante <eos>,13,intéressante,intéressant,11,F,P,intéressante,-5.4232025,intéressant,-8.64947,1
1633,S_NOUN_8_ADJ_a,F,S,la jupe avec les bouteilles qui était là depuis hier est aussi très brillante <eos>,13,brillante,brillant,11,F,P,brillante,-6.549935,brillant,-10.248419,1
1634,S_NOUN_8_ADJ_a,F,S,la jupe avec les bouteilles qui était là depuis hier est aussi très compliquée <eos>,13,compliquée,compliqué,11,F,P,compliquée,-6.515318,compliqué,-8.706953,1
1635,S_NOUN_8_ADJ_a,F,S,la jupe avec les boissons qui était là depuis hier est aussi très verte <eos>,13,verte,vert,11,F,P,verte,-9.221149,vert,-11.454913,1
1636,S_NOUN_8_ADJ_a,F,S,la jupe avec les boissons qui était là depuis hier est aussi très bleue <eos>,13,bleue,bleu,11,F,P,bleue,-11.344819,bleu,-11.938806,1
1637,S_NOUN_8_ADJ_a,F,S,la jupe avec les boissons qui était là depuis hier est aussi très noire <eos>,13,noire,noir,11,F,P,noire,-7.689501,noir,-11.77336,1
1638,S_NOUN_8_ADJ_a,F,S,la jupe avec les boissons qui était là depuis hier est aussi très délicate <eos>,13,délicate,délicat,11,F,P,délicate,-6.0379243,délicat,-9.639854,1
1639,S_NOUN_8_ADJ_a,F,S,la jupe avec les boissons qui était là depuis hier est aussi très pointue <eos>,13,pointue,pointu,11,F,P,pointue,-9.93643,pointu,-11.867928,1
1640,S_NOUN_8_ADJ_a,F,S,la jupe avec les boissons qui était là depuis hier est aussi très ronde <eos>,13,ronde,rond,11,F,P,ronde,-10.854859,rond,-14.304487,1
1641,S_NOUN_8_ADJ_a,F,S,la jupe avec les boissons qui était là depuis hier est aussi très froide <eos>,13,froide,froid,11,F,P,froide,-6.9352407,froid,-9.511822,1
1642,S_NOUN_8_ADJ_a,F,S,la jupe avec les boissons qui était là depuis hier est aussi très chaude <eos>,13,chaude,chaud,11,F,P,chaude,-5.511091,chaud,-9.168093,1
1643,S_NOUN_8_ADJ_a,F,S,la jupe avec les boissons qui était là depuis hier est aussi très importante <eos>,13,importante,important,11,F,P,importante,-3.7934444,important,-7.7559376,1
1644,S_NOUN_8_ADJ_a,F,S,la jupe avec les boissons qui était là depuis hier est aussi très courte <eos>,13,courte,court,11,F,P,courte,-6.0760098,court,-7.92785,1
1645,S_NOUN_8_ADJ_a,F,S,la jupe avec les boissons qui était là depuis hier est aussi très dure <eos>,13,dure,dur,11,F,P,dure,-6.2851872,dur,-8.559435,1
1646,S_NOUN_8_ADJ_a,F,S,la jupe avec les boissons qui était là depuis hier est aussi très claire <eos>,13,claire,clair,11,F,P,claire,-4.931624,clair,-8.0698185,1
1647,S_NOUN_8_ADJ_a,F,S,la jupe avec les boissons qui était là depuis hier est aussi très intéressante <eos>,13,intéressante,intéressant,11,F,P,intéressante,-5.8288155,intéressant,-8.964389,1
1648,S_NOUN_8_ADJ_a,F,S,la jupe avec les boissons qui était là depuis hier est aussi très brillante <eos>,13,brillante,brillant,11,F,P,brillante,-7.1492157,brillant,-10.829437,1
1649,S_NOUN_8_ADJ_a,F,S,la jupe avec les boissons qui était là depuis hier est aussi très compliquée <eos>,13,compliquée,compliqué,11,F,P,compliquée,-6.8918867,compliqué,-9.175775,1
1650,S_NOUN_8_ADJ_a,F,S,la jupe avec les pommes qui était là depuis hier est aussi très verte <eos>,13,verte,vert,11,F,P,verte,-9.022261,vert,-11.244923,1
1651,S_NOUN_8_ADJ_a,F,S,la jupe avec les pommes qui était là depuis hier est aussi très bleue <eos>,13,bleue,bleu,11,F,P,bleue,-10.939416,bleu,-11.550293,1
1652,S_NOUN_8_ADJ_a,F,S,la jupe avec les pommes qui était là depuis hier est aussi très noire <eos>,13,noire,noir,11,F,P,noire,-7.073044,noir,-11.339706,1
1653,S_NOUN_8_ADJ_a,F,S,la jupe avec les pommes qui était là depuis hier est aussi très délicate <eos>,13,délicate,délicat,11,F,P,délicate,-5.9097366,délicat,-9.356292,1
1654,S_NOUN_8_ADJ_a,F,S,la jupe avec les pommes qui était là depuis hier est aussi très pointue <eos>,13,pointue,pointu,11,F,P,pointue,-9.043311,pointu,-11.570923,1
1655,S_NOUN_8_ADJ_a,F,S,la jupe avec les pommes qui était là depuis hier est aussi très ronde <eos>,13,ronde,rond,11,F,P,ronde,-10.162505,rond,-13.924847,1
1656,S_NOUN_8_ADJ_a,F,S,la jupe avec les pommes qui était là depuis hier est aussi très froide <eos>,13,froide,froid,11,F,P,froide,-7.0676284,froid,-9.777876,1
1657,S_NOUN_8_ADJ_a,F,S,la jupe avec les pommes qui était là depuis hier est aussi très chaude <eos>,13,chaude,chaud,11,F,P,chaude,-5.5449247,chaud,-9.6606,1
1658,S_NOUN_8_ADJ_a,F,S,la jupe avec les pommes qui était là depuis hier est aussi très importante <eos>,13,importante,important,11,F,P,importante,-4.061307,important,-8.254514,1
1659,S_NOUN_8_ADJ_a,F,S,la jupe avec les pommes qui était là depuis hier est aussi très courte <eos>,13,courte,court,11,F,P,courte,-5.661112,court,-7.683198,1
1660,S_NOUN_8_ADJ_a,F,S,la jupe avec les pommes qui était là depuis hier est aussi très dure <eos>,13,dure,dur,11,F,P,dure,-5.867531,dur,-8.352597,1
1661,S_NOUN_8_ADJ_a,F,S,la jupe avec les pommes qui était là depuis hier est aussi très claire <eos>,13,claire,clair,11,F,P,claire,-4.6634326,clair,-7.866224,1
1662,S_NOUN_8_ADJ_a,F,S,la jupe avec les pommes qui était là depuis hier est aussi très intéressante <eos>,13,intéressante,intéressant,11,F,P,intéressante,-5.9015217,intéressant,-9.357884,1
1663,S_NOUN_8_ADJ_a,F,S,la jupe avec les pommes qui était là depuis hier est aussi très brillante <eos>,13,brillante,brillant,11,F,P,brillante,-6.6035795,brillant,-10.716808,1
1664,S_NOUN_8_ADJ_a,F,S,la jupe avec les pommes qui était là depuis hier est aussi très compliquée <eos>,13,compliquée,compliqué,11,F,P,compliquée,-6.9630547,compliqué,-9.485636,1
1665,S_NOUN_8_ADJ_a,F,S,la jupe avec les tasses qui était là depuis hier est aussi très verte <eos>,13,verte,vert,11,F,P,verte,-8.96072,vert,-10.885294,1
1666,S_NOUN_8_ADJ_a,F,S,la jupe avec les tasses qui était là depuis hier est aussi très bleue <eos>,13,bleue,bleu,11,F,P,bleue,-10.947756,bleu,-11.134932,1
1667,S_NOUN_8_ADJ_a,F,S,la jupe avec les tasses qui était là depuis hier est aussi très noire <eos>,13,noire,noir,11,F,P,noire,-7.058569,noir,-11.384809,1
1668,S_NOUN_8_ADJ_a,F,S,la jupe avec les tasses qui était là depuis hier est aussi très délicate <eos>,13,délicate,délicat,11,F,P,délicate,-6.198514,délicat,-9.595245,1
1669,S_NOUN_8_ADJ_a,F,S,la jupe avec les tasses qui était là depuis hier est aussi très pointue <eos>,13,pointue,pointu,11,F,P,pointue,-8.758442,pointu,-11.612979,1
1670,S_NOUN_8_ADJ_a,F,S,la jupe avec les tasses qui était là depuis hier est aussi très ronde <eos>,13,ronde,rond,11,F,P,ronde,-9.454403,rond,-13.31797,1
1671,S_NOUN_8_ADJ_a,F,S,la jupe avec les tasses qui était là depuis hier est aussi très froide <eos>,13,froide,froid,11,F,P,froide,-7.431243,froid,-10.417765,1
1672,S_NOUN_8_ADJ_a,F,S,la jupe avec les tasses qui était là depuis hier est aussi très chaude <eos>,13,chaude,chaud,11,F,P,chaude,-5.8043337,chaud,-10.041844,1
1673,S_NOUN_8_ADJ_a,F,S,la jupe avec les tasses qui était là depuis hier est aussi très importante <eos>,13,importante,important,11,F,P,importante,-4.253932,important,-8.095666,1
1674,S_NOUN_8_ADJ_a,F,S,la jupe avec les tasses qui était là depuis hier est aussi très courte <eos>,13,courte,court,11,F,P,courte,-5.522201,court,-7.056419,1
1675,S_NOUN_8_ADJ_a,F,S,la jupe avec les tasses qui était là depuis hier est aussi très dure <eos>,13,dure,dur,11,F,P,dure,-6.5336504,dur,-8.3077545,1
1676,S_NOUN_8_ADJ_a,F,S,la jupe avec les tasses qui était là depuis hier est aussi très claire <eos>,13,claire,clair,11,F,P,claire,-4.988183,clair,-8.215795,1
1677,S_NOUN_8_ADJ_a,F,S,la jupe avec les tasses qui était là depuis hier est aussi très intéressante <eos>,13,intéressante,intéressant,11,F,P,intéressante,-5.469562,intéressant,-8.880613,1
1678,S_NOUN_8_ADJ_a,F,S,la jupe avec les tasses qui était là depuis hier est aussi très brillante <eos>,13,brillante,brillant,11,F,P,brillante,-6.2577076,brillant,-10.271395,1
1679,S_NOUN_8_ADJ_a,F,S,la jupe avec les tasses qui était là depuis hier est aussi très compliquée <eos>,13,compliquée,compliqué,11,F,P,compliquée,-6.630807,compliqué,-8.80666,1
1680,S_NOUN_8_ADJ_a,F,S,la jupe avec les bougies qui était là depuis hier est aussi très verte <eos>,13,verte,vert,11,F,P,verte,-9.031365,vert,-11.187956,1
1681,S_NOUN_8_ADJ_a,F,S,la jupe avec les bougies qui était là depuis hier est aussi très bleue <eos>,13,bleue,bleu,11,F,P,bleue,-10.776785,bleu,-11.182787,1
1682,S_NOUN_8_ADJ_a,F,S,la jupe avec les bougies qui était là depuis hier est aussi très noire <eos>,13,noire,noir,11,F,P,noire,-6.747945,noir,-10.978506,1
1683,S_NOUN_8_ADJ_a,F,S,la jupe avec les bougies qui était là depuis hier est aussi très délicate <eos>,13,délicate,délicat,11,F,P,délicate,-6.412226,délicat,-9.69891,1
1684,S_NOUN_8_ADJ_a,F,S,la jupe avec les bougies qui était là depuis hier est aussi très pointue <eos>,13,pointue,pointu,11,F,P,pointue,-9.246325,pointu,-11.960456,1
1685,S_NOUN_8_ADJ_a,F,S,la jupe avec les bougies qui était là depuis hier est aussi très ronde <eos>,13,ronde,rond,11,F,P,ronde,-10.192823,rond,-13.827118,1
1686,S_NOUN_8_ADJ_a,F,S,la jupe avec les bougies qui était là depuis hier est aussi très froide <eos>,13,froide,froid,11,F,P,froide,-7.4898114,froid,-10.1483,1
1687,S_NOUN_8_ADJ_a,F,S,la jupe avec les bougies qui était là depuis hier est aussi très chaude <eos>,13,chaude,chaud,11,F,P,chaude,-5.8403,chaud,-10.00952,1
1688,S_NOUN_8_ADJ_a,F,S,la jupe avec les bougies qui était là depuis hier est aussi très importante <eos>,13,importante,important,11,F,P,importante,-4.4546537,important,-8.358633,1
1689,S_NOUN_8_ADJ_a,F,S,la jupe avec les bougies qui était là depuis hier est aussi très courte <eos>,13,courte,court,11,F,P,courte,-5.1879225,court,-7.071412,1
1690,S_NOUN_8_ADJ_a,F,S,la jupe avec les bougies qui était là depuis hier est aussi très dure <eos>,13,dure,dur,11,F,P,dure,-6.3551636,dur,-8.649573,1
1691,S_NOUN_8_ADJ_a,F,S,la jupe avec les bougies qui était là depuis hier est aussi très claire <eos>,13,claire,clair,11,F,P,claire,-4.8089466,clair,-8.06052,1
1692,S_NOUN_8_ADJ_a,F,S,la jupe avec les bougies qui était là depuis hier est aussi très intéressante <eos>,13,intéressante,intéressant,11,F,P,intéressante,-5.8351107,intéressant,-9.212812,1
1693,S_NOUN_8_ADJ_a,F,S,la jupe avec les bougies qui était là depuis hier est aussi très brillante <eos>,13,brillante,brillant,11,F,P,brillante,-6.3805943,brillant,-10.560204,1
1694,S_NOUN_8_ADJ_a,F,S,la jupe avec les bougies qui était là depuis hier est aussi très compliquée <eos>,13,compliquée,compliqué,11,F,P,compliquée,-6.755583,compliqué,-8.938465,1
1695,S_NOUN_8_ADJ_a,F,S,la jupe avec les pochettes qui était là depuis hier est aussi très verte <eos>,13,verte,vert,11,F,P,verte,-9.130457,vert,-11.474083,1
1696,S_NOUN_8_ADJ_a,F,S,la jupe avec les pochettes qui était là depuis hier est aussi très bleue <eos>,13,bleue,bleu,11,F,P,bleue,-11.153071,bleu,-11.243401,1
1697,S_NOUN_8_ADJ_a,F,S,la jupe avec les pochettes qui était là depuis hier est aussi très noire <eos>,13,noire,noir,11,F,P,noire,-7.551462,noir,-11.467346,1
1698,S_NOUN_8_ADJ_a,F,S,la jupe avec les pochettes qui était là depuis hier est aussi très délicate <eos>,13,délicate,délicat,11,F,P,délicate,-6.714496,délicat,-10.581308,1
1699,S_NOUN_8_ADJ_a,F,S,la jupe avec les pochettes qui était là depuis hier est aussi très pointue <eos>,13,pointue,pointu,11,F,P,pointue,-9.571884,pointu,-11.479265,1
1700,S_NOUN_8_ADJ_a,F,S,la jupe avec les pochettes qui était là depuis hier est aussi très ronde <eos>,13,ronde,rond,11,F,P,ronde,-10.9419365,rond,-14.435976,1
1701,S_NOUN_8_ADJ_a,F,S,la jupe avec les pochettes qui était là depuis hier est aussi très froide <eos>,13,froide,froid,11,F,P,froide,-9.037052,froid,-10.545795,1
1702,S_NOUN_8_ADJ_a,F,S,la jupe avec les pochettes qui était là depuis hier est aussi très chaude <eos>,13,chaude,chaud,11,F,P,chaude,-6.2751894,chaud,-10.836891,1
1703,S_NOUN_8_ADJ_a,F,S,la jupe avec les pochettes qui était là depuis hier est aussi très importante <eos>,13,importante,important,11,F,P,importante,-3.8794525,important,-7.886489,1
1704,S_NOUN_8_ADJ_a,F,S,la jupe avec les pochettes qui était là depuis hier est aussi très courte <eos>,13,courte,court,11,F,P,courte,-5.367693,court,-7.340866,1
1705,S_NOUN_8_ADJ_a,F,S,la jupe avec les pochettes qui était là depuis hier est aussi très dure <eos>,13,dure,dur,11,F,P,dure,-6.1624703,dur,-8.379507,1
1706,S_NOUN_8_ADJ_a,F,S,la jupe avec les pochettes qui était là depuis hier est aussi très claire <eos>,13,claire,clair,11,F,P,claire,-4.9037457,clair,-8.489505,1
1707,S_NOUN_8_ADJ_a,F,S,la jupe avec les pochettes qui était là depuis hier est aussi très intéressante <eos>,13,intéressante,intéressant,11,F,P,intéressante,-5.5187693,intéressant,-8.960803,1
1708,S_NOUN_8_ADJ_a,F,S,la jupe avec les pochettes qui était là depuis hier est aussi très brillante <eos>,13,brillante,brillant,11,F,P,brillante,-5.6893377,brillant,-10.475914,1
1709,S_NOUN_8_ADJ_a,F,S,la jupe avec les pochettes qui était là depuis hier est aussi très compliquée <eos>,13,compliquée,compliqué,11,F,P,compliquée,-6.2502995,compliqué,-9.408166,1
1710,S_NOUN_8_ADJ_a,F,S,la jupe avec les bananes qui était là depuis hier est aussi très verte <eos>,13,verte,vert,11,F,P,verte,-8.558001,vert,-11.243205,1
1711,S_NOUN_8_ADJ_a,F,S,la jupe avec les bananes qui était là depuis hier est aussi très bleue <eos>,13,bleue,bleu,11,F,P,bleue,-10.815335,bleu,-11.597399,1
1712,S_NOUN_8_ADJ_a,F,S,la jupe avec les bananes qui était là depuis hier est aussi très noire <eos>,13,noire,noir,11,F,P,noire,-7.1768446,noir,-11.506856,1
1713,S_NOUN_8_ADJ_a,F,S,la jupe avec les bananes qui était là depuis hier est aussi très délicate <eos>,13,délicate,délicat,11,F,P,délicate,-6.1461635,délicat,-9.706871,1
1714,S_NOUN_8_ADJ_a,F,S,la jupe avec les bananes qui était là depuis hier est aussi très pointue <eos>,13,pointue,pointu,11,F,P,pointue,-8.941152,pointu,-11.389365,1
1715,S_NOUN_8_ADJ_a,F,S,la jupe avec les bananes qui était là depuis hier est aussi très ronde <eos>,13,ronde,rond,11,F,P,ronde,-10.040203,rond,-13.912018,1
1716,S_NOUN_8_ADJ_a,F,S,la jupe avec les bananes qui était là depuis hier est aussi très froide <eos>,13,froide,froid,11,F,P,froide,-7.8260403,froid,-10.545516,1
1717,S_NOUN_8_ADJ_a,F,S,la jupe avec les bananes qui était là depuis hier est aussi très chaude <eos>,13,chaude,chaud,11,F,P,chaude,-6.11665,chaud,-9.973892,1
1718,S_NOUN_8_ADJ_a,F,S,la jupe avec les bananes qui était là depuis hier est aussi très importante <eos>,13,importante,important,11,F,P,importante,-4.155188,important,-8.228809,1
1719,S_NOUN_8_ADJ_a,F,S,la jupe avec les bananes qui était là depuis hier est aussi très courte <eos>,13,courte,court,11,F,P,courte,-5.8314056,court,-7.350397,1
1720,S_NOUN_8_ADJ_a,F,S,la jupe avec les bananes qui était là depuis hier est aussi très dure <eos>,13,dure,dur,11,F,P,dure,-6.173006,dur,-8.256239,1
1721,S_NOUN_8_ADJ_a,F,S,la jupe avec les bananes qui était là depuis hier est aussi très claire <eos>,13,claire,clair,11,F,P,claire,-4.9758606,clair,-8.380952,1
1722,S_NOUN_8_ADJ_a,F,S,la jupe avec les bananes qui était là depuis hier est aussi très intéressante <eos>,13,intéressante,intéressant,11,F,P,intéressante,-5.7933445,intéressant,-9.208575,1
1723,S_NOUN_8_ADJ_a,F,S,la jupe avec les bananes qui était là depuis hier est aussi très brillante <eos>,13,brillante,brillant,11,F,P,brillante,-6.7013993,brillant,-10.660145,1
1724,S_NOUN_8_ADJ_a,F,S,la jupe avec les bananes qui était là depuis hier est aussi très compliquée <eos>,13,compliquée,compliqué,11,F,P,compliquée,-6.8882394,compliqué,-9.041048,1
1725,S_NOUN_8_ADJ_a,F,S,la jupe avec les robes qui était là depuis hier est aussi très verte <eos>,13,verte,vert,11,F,P,verte,-8.924854,vert,-11.443159,1
1726,S_NOUN_8_ADJ_a,F,S,la jupe avec les robes qui était là depuis hier est aussi très bleue <eos>,13,bleue,bleu,11,F,P,bleue,-10.488607,bleu,-11.28628,1
1727,S_NOUN_8_ADJ_a,F,S,la jupe avec les robes qui était là depuis hier est aussi très noire <eos>,13,noire,noir,11,F,P,noire,-6.5078297,noir,-11.219777,1
1728,S_NOUN_8_ADJ_a,F,S,la jupe avec les robes qui était là depuis hier est aussi très délicate <eos>,13,délicate,délicat,11,F,P,délicate,-6.996085,délicat,-10.512409,1
1729,S_NOUN_8_ADJ_a,F,S,la jupe avec les robes qui était là depuis hier est aussi très pointue <eos>,13,pointue,pointu,11,F,P,pointue,-9.571355,pointu,-11.747398,1
1730,S_NOUN_8_ADJ_a,F,S,la jupe avec les robes qui était là depuis hier est aussi très ronde <eos>,13,ronde,rond,11,F,P,ronde,-10.7458515,rond,-14.317432,1
1731,S_NOUN_8_ADJ_a,F,S,la jupe avec les robes qui était là depuis hier est aussi très froide <eos>,13,froide,froid,11,F,P,froide,-7.928754,froid,-10.77718,1
1732,S_NOUN_8_ADJ_a,F,S,la jupe avec les robes qui était là depuis hier est aussi très chaude <eos>,13,chaude,chaud,11,F,P,chaude,-6.6066103,chaud,-10.559378,1
1733,S_NOUN_8_ADJ_a,F,S,la jupe avec les robes qui était là depuis hier est aussi très importante <eos>,13,importante,important,11,F,P,importante,-4.57222,important,-8.498424,1
1734,S_NOUN_8_ADJ_a,F,S,la jupe avec les robes qui était là depuis hier est aussi très courte <eos>,13,courte,court,11,F,P,courte,-5.3206882,court,-7.2424564,1
1735,S_NOUN_8_ADJ_a,F,S,la jupe avec les robes qui était là depuis hier est aussi très dure <eos>,13,dure,dur,11,F,P,dure,-6.787978,dur,-9.397175,1
1736,S_NOUN_8_ADJ_a,F,S,la jupe avec les robes qui était là depuis hier est aussi très claire <eos>,13,claire,clair,11,F,P,claire,-5.085326,clair,-8.28615,1
1737,S_NOUN_8_ADJ_a,F,S,la jupe avec les robes qui était là depuis hier est aussi très intéressante <eos>,13,intéressante,intéressant,11,F,P,intéressante,-6.08597,intéressant,-9.371205,1
1738,S_NOUN_8_ADJ_a,F,S,la jupe avec les robes qui était là depuis hier est aussi très brillante <eos>,13,brillante,brillant,11,F,P,brillante,-6.6903324,brillant,-11.122906,1
1739,S_NOUN_8_ADJ_a,F,S,la jupe avec les robes qui était là depuis hier est aussi très compliquée <eos>,13,compliquée,compliqué,11,F,P,compliquée,-7.142524,compliqué,-9.348302,1
1740,S_NOUN_8_ADJ_a,F,S,la jupe avec les valises qui était là depuis hier est aussi très verte <eos>,13,verte,vert,11,F,P,verte,-9.385193,vert,-11.769552,1
1741,S_NOUN_8_ADJ_a,F,S,la jupe avec les valises qui était là depuis hier est aussi très bleue <eos>,13,bleue,bleu,11,F,P,bleue,-11.427015,bleu,-11.598158,1
1742,S_NOUN_8_ADJ_a,F,S,la jupe avec les valises qui était là depuis hier est aussi très noire <eos>,13,noire,noir,11,F,P,noire,-7.3469486,noir,-11.63936,1
1743,S_NOUN_8_ADJ_a,F,S,la jupe avec les valises qui était là depuis hier est aussi très délicate <eos>,13,délicate,délicat,11,F,P,délicate,-6.218889,délicat,-10.067168,1
1744,S_NOUN_8_ADJ_a,F,S,la jupe avec les valises qui était là depuis hier est aussi très pointue <eos>,13,pointue,pointu,11,F,P,pointue,-8.978931,pointu,-11.701986,1
1745,S_NOUN_8_ADJ_a,F,S,la jupe avec les valises qui était là depuis hier est aussi très ronde <eos>,13,ronde,rond,11,F,P,ronde,-10.096415,rond,-13.997596,1
1746,S_NOUN_8_ADJ_a,F,S,la jupe avec les valises qui était là depuis hier est aussi très froide <eos>,13,froide,froid,11,F,P,froide,-8.004113,froid,-10.515801,1
1747,S_NOUN_8_ADJ_a,F,S,la jupe avec les valises qui était là depuis hier est aussi très chaude <eos>,13,chaude,chaud,11,F,P,chaude,-6.1985407,chaud,-10.111543,1
1748,S_NOUN_8_ADJ_a,F,S,la jupe avec les valises qui était là depuis hier est aussi très importante <eos>,13,importante,important,11,F,P,importante,-4.0270576,important,-7.89322,1
1749,S_NOUN_8_ADJ_a,F,S,la jupe avec les valises qui était là depuis hier est aussi très courte <eos>,13,courte,court,11,F,P,courte,-5.4097824,court,-7.2573347,1
1750,S_NOUN_8_ADJ_a,F,S,la jupe avec les valises qui était là depuis hier est aussi très dure <eos>,13,dure,dur,11,F,P,dure,-6.5044794,dur,-8.58608,1
1751,S_NOUN_8_ADJ_a,F,S,la jupe avec les valises qui était là depuis hier est aussi très claire <eos>,13,claire,clair,11,F,P,claire,-5.3763294,clair,-8.730138,1
1752,S_NOUN_8_ADJ_a,F,S,la jupe avec les valises qui était là depuis hier est aussi très intéressante <eos>,13,intéressante,intéressant,11,F,P,intéressante,-5.403549,intéressant,-8.731177,1
1753,S_NOUN_8_ADJ_a,F,S,la jupe avec les valises qui était là depuis hier est aussi très brillante <eos>,13,brillante,brillant,11,F,P,brillante,-6.817174,brillant,-10.7977295,1
1754,S_NOUN_8_ADJ_a,F,S,la jupe avec les valises qui était là depuis hier est aussi très compliquée <eos>,13,compliquée,compliqué,11,F,P,compliquée,-6.286642,compliqué,-8.4739065,1
1755,S_NOUN_8_ADJ_a,F,S,la jupe avec les pendules qui était là depuis hier est aussi très verte <eos>,13,verte,vert,11,F,P,verte,-8.790283,vert,-11.242081,1
1756,S_NOUN_8_ADJ_a,F,S,la jupe avec les pendules qui était là depuis hier est aussi très bleue <eos>,13,bleue,bleu,11,F,P,bleue,-10.793068,bleu,-11.177549,1
1757,S_NOUN_8_ADJ_a,F,S,la jupe avec les pendules qui était là depuis hier est aussi très noire <eos>,13,noire,noir,11,F,P,noire,-7.0079308,noir,-11.191392,1
1758,S_NOUN_8_ADJ_a,F,S,la jupe avec les pendules qui était là depuis hier est aussi très délicate <eos>,13,délicate,délicat,11,F,P,délicate,-6.056209,délicat,-9.934753,1
1759,S_NOUN_8_ADJ_a,F,S,la jupe avec les pendules qui était là depuis hier est aussi très pointue <eos>,13,pointue,pointu,11,F,P,pointue,-8.943778,pointu,-11.901154,1
1760,S_NOUN_8_ADJ_a,F,S,la jupe avec les pendules qui était là depuis hier est aussi très ronde <eos>,13,ronde,rond,11,F,P,ronde,-10.346113,rond,-14.054801,1
1761,S_NOUN_8_ADJ_a,F,S,la jupe avec les pendules qui était là depuis hier est aussi très froide <eos>,13,froide,froid,11,F,P,froide,-8.098749,froid,-10.42897,1
1762,S_NOUN_8_ADJ_a,F,S,la jupe avec les pendules qui était là depuis hier est aussi très chaude <eos>,13,chaude,chaud,11,F,P,chaude,-6.1997004,chaud,-9.980143,1
1763,S_NOUN_8_ADJ_a,F,S,la jupe avec les pendules qui était là depuis hier est aussi très importante <eos>,13,importante,important,11,F,P,importante,-4.6267667,important,-8.470209,1
1764,S_NOUN_8_ADJ_a,F,S,la jupe avec les pendules qui était là depuis hier est aussi très courte <eos>,13,courte,court,11,F,P,courte,-5.437583,court,-7.3075724,1
1765,S_NOUN_8_ADJ_a,F,S,la jupe avec les pendules qui était là depuis hier est aussi très dure <eos>,13,dure,dur,11,F,P,dure,-6.473733,dur,-8.719999,1
1766,S_NOUN_8_ADJ_a,F,S,la jupe avec les pendules qui était là depuis hier est aussi très claire <eos>,13,claire,clair,11,F,P,claire,-4.942997,clair,-8.194582,1
1767,S_NOUN_8_ADJ_a,F,S,la jupe avec les pendules qui était là depuis hier est aussi très intéressante <eos>,13,intéressante,intéressant,11,F,P,intéressante,-5.705882,intéressant,-8.983616,1
1768,S_NOUN_8_ADJ_a,F,S,la jupe avec les pendules qui était là depuis hier est aussi très brillante <eos>,13,brillante,brillant,11,F,P,brillante,-6.6314983,brillant,-10.485308,1
1769,S_NOUN_8_ADJ_a,F,S,la jupe avec les pendules qui était là depuis hier est aussi très compliquée <eos>,13,compliquée,compliqué,11,F,P,compliquée,-5.7911086,compliqué,-8.277105,1
1770,S_NOUN_8_ADJ_a,F,S,la jupe avec les cloches qui était là depuis hier est aussi très verte <eos>,13,verte,vert,11,F,P,verte,-8.933974,vert,-11.106114,1
1771,S_NOUN_8_ADJ_a,F,S,la jupe avec les cloches qui était là depuis hier est aussi très bleue <eos>,13,bleue,bleu,11,F,P,bleue,-10.775735,bleu,-11.29417,1
1772,S_NOUN_8_ADJ_a,F,S,la jupe avec les cloches qui était là depuis hier est aussi très noire <eos>,13,noire,noir,11,F,P,noire,-6.9514446,noir,-11.734579,1
1773,S_NOUN_8_ADJ_a,F,S,la jupe avec les cloches qui était là depuis hier est aussi très délicate <eos>,13,délicate,délicat,11,F,P,délicate,-6.0724344,délicat,-9.7270565,1
1774,S_NOUN_8_ADJ_a,F,S,la jupe avec les cloches qui était là depuis hier est aussi très pointue <eos>,13,pointue,pointu,11,F,P,pointue,-9.474192,pointu,-12.493898,1
1775,S_NOUN_8_ADJ_a,F,S,la jupe avec les cloches qui était là depuis hier est aussi très ronde <eos>,13,ronde,rond,11,F,P,ronde,-10.304304,rond,-14.375961,1
1776,S_NOUN_8_ADJ_a,F,S,la jupe avec les cloches qui était là depuis hier est aussi très froide <eos>,13,froide,froid,11,F,P,froide,-7.6915045,froid,-10.337481,1
1777,S_NOUN_8_ADJ_a,F,S,la jupe avec les cloches qui était là depuis hier est aussi très chaude <eos>,13,chaude,chaud,11,F,P,chaude,-5.4542074,chaud,-9.871738,1
1778,S_NOUN_8_ADJ_a,F,S,la jupe avec les cloches qui était là depuis hier est aussi très importante <eos>,13,importante,important,11,F,P,importante,-4.3737965,important,-8.419311,1
1779,S_NOUN_8_ADJ_a,F,S,la jupe avec les cloches qui était là depuis hier est aussi très courte <eos>,13,courte,court,11,F,P,courte,-5.469754,court,-7.534768,1
1780,S_NOUN_8_ADJ_a,F,S,la jupe avec les cloches qui était là depuis hier est aussi très dure <eos>,13,dure,dur,11,F,P,dure,-5.9945383,dur,-8.586049,1
1781,S_NOUN_8_ADJ_a,F,S,la jupe avec les cloches qui était là depuis hier est aussi très claire <eos>,13,claire,clair,11,F,P,claire,-4.990403,clair,-8.156008,1
1782,S_NOUN_8_ADJ_a,F,S,la jupe avec les cloches qui était là depuis hier est aussi très intéressante <eos>,13,intéressante,intéressant,11,F,P,intéressante,-5.772516,intéressant,-9.039547,1
1783,S_NOUN_8_ADJ_a,F,S,la jupe avec les cloches qui était là depuis hier est aussi très brillante <eos>,13,brillante,brillant,11,F,P,brillante,-6.248618,brillant,-10.444804,1
1784,S_NOUN_8_ADJ_a,F,S,la jupe avec les cloches qui était là depuis hier est aussi très compliquée <eos>,13,compliquée,compliqué,11,F,P,compliquée,-6.681793,compliqué,-8.939633,1
1785,S_NOUN_8_ADJ_a,F,S,la jupe avec les cerises qui était là depuis hier est aussi très verte <eos>,13,verte,vert,11,F,P,verte,-9.01155,vert,-11.262486,1
1786,S_NOUN_8_ADJ_a,F,S,la jupe avec les cerises qui était là depuis hier est aussi très bleue <eos>,13,bleue,bleu,11,F,P,bleue,-11.153198,bleu,-11.5355625,1
1787,S_NOUN_8_ADJ_a,F,S,la jupe avec les cerises qui était là depuis hier est aussi très noire <eos>,13,noire,noir,11,F,P,noire,-7.031582,noir,-11.502828,1
1788,S_NOUN_8_ADJ_a,F,S,la jupe avec les cerises qui était là depuis hier est aussi très délicate <eos>,13,délicate,délicat,11,F,P,délicate,-5.9967976,délicat,-9.272594,1
1789,S_NOUN_8_ADJ_a,F,S,la jupe avec les cerises qui était là depuis hier est aussi très pointue <eos>,13,pointue,pointu,11,F,P,pointue,-9.018877,pointu,-11.538089,1
1790,S_NOUN_8_ADJ_a,F,S,la jupe avec les cerises qui était là depuis hier est aussi très ronde <eos>,13,ronde,rond,11,F,P,ronde,-9.925245,rond,-13.687622,1
1791,S_NOUN_8_ADJ_a,F,S,la jupe avec les cerises qui était là depuis hier est aussi très froide <eos>,13,froide,froid,11,F,P,froide,-7.6079464,froid,-10.26002,1
1792,S_NOUN_8_ADJ_a,F,S,la jupe avec les cerises qui était là depuis hier est aussi très chaude <eos>,13,chaude,chaud,11,F,P,chaude,-6.0782228,chaud,-10.064281,1
1793,S_NOUN_8_ADJ_a,F,S,la jupe avec les cerises qui était là depuis hier est aussi très importante <eos>,13,importante,important,11,F,P,importante,-4.12606,important,-8.197617,1
1794,S_NOUN_8_ADJ_a,F,S,la jupe avec les cerises qui était là depuis hier est aussi très courte <eos>,13,courte,court,11,F,P,courte,-5.3934712,court,-7.3914027,1
1795,S_NOUN_8_ADJ_a,F,S,la jupe avec les cerises qui était là depuis hier est aussi très dure <eos>,13,dure,dur,11,F,P,dure,-6.0118685,dur,-8.511235,1
1796,S_NOUN_8_ADJ_a,F,S,la jupe avec les cerises qui était là depuis hier est aussi très claire <eos>,13,claire,clair,11,F,P,claire,-4.6833982,clair,-8.188164,1
1797,S_NOUN_8_ADJ_a,F,S,la jupe avec les cerises qui était là depuis hier est aussi très intéressante <eos>,13,intéressante,intéressant,11,F,P,intéressante,-5.978636,intéressant,-9.252435,1
1798,S_NOUN_8_ADJ_a,F,S,la jupe avec les cerises qui était là depuis hier est aussi très brillante <eos>,13,brillante,brillant,11,F,P,brillante,-6.504339,brillant,-10.730412,1
1799,S_NOUN_8_ADJ_a,F,S,la jupe avec les cerises qui était là depuis hier est aussi très compliquée <eos>,13,compliquée,compliqué,11,F,P,compliquée,-7.0657797,compliqué,-9.485634,1
1800,S_NOUN_8_ADJ_a,F,S,la colle avec les gemmes qui était là depuis hier est aussi très verte <eos>,13,verte,vert,11,F,P,verte,-9.186619,vert,-11.86309,1
1801,S_NOUN_8_ADJ_a,F,S,la colle avec les gemmes qui était là depuis hier est aussi très bleue <eos>,13,bleue,bleu,11,F,P,bleue,-11.619572,bleu,-12.505271,1
1802,S_NOUN_8_ADJ_a,F,S,la colle avec les gemmes qui était là depuis hier est aussi très noire <eos>,13,noire,noir,11,F,P,noire,-8.026532,noir,-12.174863,1
1803,S_NOUN_8_ADJ_a,F,S,la colle avec les gemmes qui était là depuis hier est aussi très délicate <eos>,13,délicate,délicat,11,F,P,délicate,-6.063179,délicat,-10.250079,1
1804,S_NOUN_8_ADJ_a,F,S,la colle avec les gemmes qui était là depuis hier est aussi très pointue <eos>,13,pointue,pointu,11,F,P,pointue,-10.2305355,pointu,-12.628319,1
1805,S_NOUN_8_ADJ_a,F,S,la colle avec les gemmes qui était là depuis hier est aussi très ronde <eos>,13,ronde,rond,11,F,P,ronde,-11.218596,rond,-14.843394,1
1806,S_NOUN_8_ADJ_a,F,S,la colle avec les gemmes qui était là depuis hier est aussi très froide <eos>,13,froide,froid,11,F,P,froide,-7.6100287,froid,-9.745078,1
1807,S_NOUN_8_ADJ_a,F,S,la colle avec les gemmes qui était là depuis hier est aussi très chaude <eos>,13,chaude,chaud,11,F,P,chaude,-5.8829155,chaud,-9.249015,1
1808,S_NOUN_8_ADJ_a,F,S,la colle avec les gemmes qui était là depuis hier est aussi très importante <eos>,13,importante,important,11,F,P,importante,-3.9027777,important,-7.912422,1
1809,S_NOUN_8_ADJ_a,F,S,la colle avec les gemmes qui était là depuis hier est aussi très courte <eos>,13,courte,court,11,F,P,courte,-6.625679,court,-8.733225,1
1810,S_NOUN_8_ADJ_a,F,S,la colle avec les gemmes qui était là depuis hier est aussi très dure <eos>,13,dure,dur,11,F,P,dure,-6.7694936,dur,-7.737865,1
1811,S_NOUN_8_ADJ_a,F,S,la colle avec les gemmes qui était là depuis hier est aussi très claire <eos>,13,claire,clair,11,F,P,claire,-5.243664,clair,-8.582596,1
1812,S_NOUN_8_ADJ_a,F,S,la colle avec les gemmes qui était là depuis hier est aussi très intéressante <eos>,13,intéressante,intéressant,11,F,P,intéressante,-5.7782664,intéressant,-8.964561,1
1813,S_NOUN_8_ADJ_a,F,S,la colle avec les gemmes qui était là depuis hier est aussi très brillante <eos>,13,brillante,brillant,11,F,P,brillante,-6.468962,brillant,-10.246369,1
1814,S_NOUN_8_ADJ_a,F,S,la colle avec les gemmes qui était là depuis hier est aussi très compliquée <eos>,13,compliquée,compliqué,11,F,P,compliquée,-6.276131,compliqué,-8.993232,1
1815,S_NOUN_8_ADJ_a,F,S,la colle avec les chaises qui était là depuis hier est aussi très verte <eos>,13,verte,vert,11,F,P,verte,-9.443466,vert,-11.934235,1
1816,S_NOUN_8_ADJ_a,F,S,la colle avec les chaises qui était là depuis hier est aussi très bleue <eos>,13,bleue,bleu,11,F,P,bleue,-11.84632,bleu,-12.3422985,1
1817,S_NOUN_8_ADJ_a,F,S,la colle avec les chaises qui était là depuis hier est aussi très noire <eos>,13,noire,noir,11,F,P,noire,-8.0612545,noir,-12.611019,1
1818,S_NOUN_8_ADJ_a,F,S,la colle avec les chaises qui était là depuis hier est aussi très délicate <eos>,13,délicate,délicat,11,F,P,délicate,-6.2630696,délicat,-9.865059,1
1819,S_NOUN_8_ADJ_a,F,S,la colle avec les chaises qui était là depuis hier est aussi très pointue <eos>,13,pointue,pointu,11,F,P,pointue,-9.71484,pointu,-12.162413,1
1820,S_NOUN_8_ADJ_a,F,S,la colle avec les chaises qui était là depuis hier est aussi très ronde <eos>,13,ronde,rond,11,F,P,ronde,-10.443705,rond,-13.907564,1
1821,S_NOUN_8_ADJ_a,F,S,la colle avec les chaises qui était là depuis hier est aussi très froide <eos>,13,froide,froid,11,F,P,froide,-7.8453894,froid,-10.256948,1
1822,S_NOUN_8_ADJ_a,F,S,la colle avec les chaises qui était là depuis hier est aussi très chaude <eos>,13,chaude,chaud,11,F,P,chaude,-5.5698137,chaud,-9.568143,1
1823,S_NOUN_8_ADJ_a,F,S,la colle avec les chaises qui était là depuis hier est aussi très importante <eos>,13,importante,important,11,F,P,importante,-3.943295,important,-7.937574,1
1824,S_NOUN_8_ADJ_a,F,S,la colle avec les chaises qui était là depuis hier est aussi très courte <eos>,13,courte,court,11,F,P,courte,-6.1201572,court,-8.240704,1
1825,S_NOUN_8_ADJ_a,F,S,la colle avec les chaises qui était là depuis hier est aussi très dure <eos>,13,dure,dur,11,F,P,dure,-6.459508,dur,-8.009754,1
1826,S_NOUN_8_ADJ_a,F,S,la colle avec les chaises qui était là depuis hier est aussi très claire <eos>,13,claire,clair,11,F,P,claire,-5.2221994,clair,-8.434291,1
1827,S_NOUN_8_ADJ_a,F,S,la colle avec les chaises qui était là depuis hier est aussi très intéressante <eos>,13,intéressante,intéressant,11,F,P,intéressante,-5.903431,intéressant,-8.756494,1
1828,S_NOUN_8_ADJ_a,F,S,la colle avec les chaises qui était là depuis hier est aussi très brillante <eos>,13,brillante,brillant,11,F,P,brillante,-6.4141607,brillant,-10.398495,1
1829,S_NOUN_8_ADJ_a,F,S,la colle avec les chaises qui était là depuis hier est aussi très compliquée <eos>,13,compliquée,compliqué,11,F,P,compliquée,-6.326809,compliqué,-9.015005,1
1830,S_NOUN_8_ADJ_a,F,S,la colle avec les poubelles qui était là depuis hier est aussi très verte <eos>,13,verte,vert,11,F,P,verte,-9.603196,vert,-12.278181,1
1831,S_NOUN_8_ADJ_a,F,S,la colle avec les poubelles qui était là depuis hier est aussi très bleue <eos>,13,bleue,bleu,11,F,P,bleue,-12.22505,bleu,-12.720159,1
1832,S_NOUN_8_ADJ_a,F,S,la colle avec les poubelles qui était là depuis hier est aussi très noire <eos>,13,noire,noir,11,F,P,noire,-8.32052,noir,-12.7471485,1
1833,S_NOUN_8_ADJ_a,F,S,la colle avec les poubelles qui était là depuis hier est aussi très délicate <eos>,13,délicate,délicat,11,F,P,délicate,-5.988696,délicat,-10.19649,1
1834,S_NOUN_8_ADJ_a,F,S,la colle avec les poubelles qui était là depuis hier est aussi très pointue <eos>,13,pointue,pointu,11,F,P,pointue,-9.606282,pointu,-12.110529,1
1835,S_NOUN_8_ADJ_a,F,S,la colle avec les poubelles qui était là depuis hier est aussi très ronde <eos>,13,ronde,rond,11,F,P,ronde,-10.71701,rond,-14.3509035,1
1836,S_NOUN_8_ADJ_a,F,S,la colle avec les poubelles qui était là depuis hier est aussi très froide <eos>,13,froide,froid,11,F,P,froide,-7.5741334,froid,-9.994656,1
1837,S_NOUN_8_ADJ_a,F,S,la colle avec les poubelles qui était là depuis hier est aussi très chaude <eos>,13,chaude,chaud,11,F,P,chaude,-5.8323483,chaud,-9.416435,1
1838,S_NOUN_8_ADJ_a,F,S,la colle avec les poubelles qui était là depuis hier est aussi très importante <eos>,13,importante,important,11,F,P,importante,-3.8879743,important,-7.8310695,1
1839,S_NOUN_8_ADJ_a,F,S,la colle avec les poubelles qui était là depuis hier est aussi très courte <eos>,13,courte,court,11,F,P,courte,-6.4365416,court,-8.3938675,1
1840,S_NOUN_8_ADJ_a,F,S,la colle avec les poubelles qui était là depuis hier est aussi très dure <eos>,13,dure,dur,11,F,P,dure,-6.9132357,dur,-7.985259,1
1841,S_NOUN_8_ADJ_a,F,S,la colle avec les poubelles qui était là depuis hier est aussi très claire <eos>,13,claire,clair,11,F,P,claire,-5.446291,clair,-8.976992,1
1842,S_NOUN_8_ADJ_a,F,S,la colle avec les poubelles qui était là depuis hier est aussi très intéressante <eos>,13,intéressante,intéressant,11,F,P,intéressante,-5.698281,intéressant,-8.74197,1
1843,S_NOUN_8_ADJ_a,F,S,la colle avec les poubelles qui était là depuis hier est aussi très brillante <eos>,13,brillante,brillant,11,F,P,brillante,-7.1790257,brillant,-10.821226,1
1844,S_NOUN_8_ADJ_a,F,S,la colle avec les poubelles qui était là depuis hier est aussi très compliquée <eos>,13,compliquée,compliqué,11,F,P,compliquée,-5.9832087,compliqué,-8.752782,1
1845,S_NOUN_8_ADJ_a,F,S,la colle avec les chemises qui était là depuis hier est aussi très verte <eos>,13,verte,vert,11,F,P,verte,-9.423356,vert,-12.039251,1
1846,S_NOUN_8_ADJ_a,F,S,la colle avec les chemises qui était là depuis hier est aussi très bleue <eos>,13,bleue,bleu,11,F,P,bleue,-11.561032,bleu,-12.4313345,1
1847,S_NOUN_8_ADJ_a,F,S,la colle avec les chemises qui était là depuis hier est aussi très noire <eos>,13,noire,noir,11,F,P,noire,-7.6385536,noir,-12.293596,1
1848,S_NOUN_8_ADJ_a,F,S,la colle avec les chemises qui était là depuis hier est aussi très délicate <eos>,13,délicate,délicat,11,F,P,délicate,-6.280798,délicat,-10.22398,1
1849,S_NOUN_8_ADJ_a,F,S,la colle avec les chemises qui était là depuis hier est aussi très pointue <eos>,13,pointue,pointu,11,F,P,pointue,-9.590772,pointu,-11.84901,1
1850,S_NOUN_8_ADJ_a,F,S,la colle avec les chemises qui était là depuis hier est aussi très ronde <eos>,13,ronde,rond,11,F,P,ronde,-10.757593,rond,-14.138453,1
1851,S_NOUN_8_ADJ_a,F,S,la colle avec les chemises qui était là depuis hier est aussi très froide <eos>,13,froide,froid,11,F,P,froide,-8.233498,froid,-10.67674,1
1852,S_NOUN_8_ADJ_a,F,S,la colle avec les chemises qui était là depuis hier est aussi très chaude <eos>,13,chaude,chaud,11,F,P,chaude,-6.5642495,chaud,-9.801172,1
1853,S_NOUN_8_ADJ_a,F,S,la colle avec les chemises qui était là depuis hier est aussi très importante <eos>,13,importante,important,11,F,P,importante,-4.336318,important,-8.206148,1
1854,S_NOUN_8_ADJ_a,F,S,la colle avec les chemises qui était là depuis hier est aussi très courte <eos>,13,courte,court,11,F,P,courte,-6.035364,court,-8.196621,1
1855,S_NOUN_8_ADJ_a,F,S,la colle avec les chemises qui était là depuis hier est aussi très dure <eos>,13,dure,dur,11,F,P,dure,-6.67366,dur,-8.068226,1
1856,S_NOUN_8_ADJ_a,F,S,la colle avec les chemises qui était là depuis hier est aussi très claire <eos>,13,claire,clair,11,F,P,claire,-5.3552375,clair,-8.42547,1
1857,S_NOUN_8_ADJ_a,F,S,la colle avec les chemises qui était là depuis hier est aussi très intéressante <eos>,13,intéressante,intéressant,11,F,P,intéressante,-6.310601,intéressant,-9.016457,1
1858,S_NOUN_8_ADJ_a,F,S,la colle avec les chemises qui était là depuis hier est aussi très brillante <eos>,13,brillante,brillant,11,F,P,brillante,-6.889521,brillant,-10.574717,1
1859,S_NOUN_8_ADJ_a,F,S,la colle avec les chemises qui était là depuis hier est aussi très compliquée <eos>,13,compliquée,compliqué,11,F,P,compliquée,-6.0197954,compliqué,-8.720896,1
1860,S_NOUN_8_ADJ_a,F,S,la colle avec les recettes qui était là depuis hier est aussi très verte <eos>,13,verte,vert,11,F,P,verte,-10.041827,vert,-12.621737,1
1861,S_NOUN_8_ADJ_a,F,S,la colle avec les recettes qui était là depuis hier est aussi très bleue <eos>,13,bleue,bleu,11,F,P,bleue,-13.248362,bleu,-13.380306,1
1862,S_NOUN_8_ADJ_a,F,S,la colle avec les recettes qui était là depuis hier est aussi très noire <eos>,13,noire,noir,11,F,P,noire,-9.7180805,noir,-12.81296,1
1863,S_NOUN_8_ADJ_a,F,S,la colle avec les recettes qui était là depuis hier est aussi très délicate <eos>,13,délicate,délicat,11,F,P,délicate,-6.3026953,délicat,-10.101794,1
1864,S_NOUN_8_ADJ_a,F,S,la colle avec les recettes qui était là depuis hier est aussi très pointue <eos>,13,pointue,pointu,11,F,P,pointue,-10.576805,pointu,-12.459044,1
1865,S_NOUN_8_ADJ_a,F,S,la colle avec les recettes qui était là depuis hier est aussi très ronde <eos>,13,ronde,rond,11,F,P,ronde,-12.063625,rond,-14.588226,1
1866,S_NOUN_8_ADJ_a,F,S,la colle avec les recettes qui était là depuis hier est aussi très froide <eos>,13,froide,froid,11,F,P,froide,-8.706798,froid,-10.348101,1
1867,S_NOUN_8_ADJ_a,F,S,la colle avec les recettes qui était là depuis hier est aussi très chaude <eos>,13,chaude,chaud,11,F,P,chaude,-6.6140003,chaud,-9.679515,1
1868,S_NOUN_8_ADJ_a,F,S,la colle avec les recettes qui était là depuis hier est aussi très importante <eos>,13,importante,important,11,F,P,importante,-3.295814,important,-7.017511,1
1869,S_NOUN_8_ADJ_a,F,S,la colle avec les recettes qui était là depuis hier est aussi très courte <eos>,13,courte,court,11,F,P,courte,-6.7456307,court,-8.622482,1
1870,S_NOUN_8_ADJ_a,F,S,la colle avec les recettes qui était là depuis hier est aussi très dure <eos>,13,dure,dur,11,F,P,dure,-7.406047,dur,-7.9046516,1
1871,S_NOUN_8_ADJ_a,F,S,la colle avec les recettes qui était là depuis hier est aussi très claire <eos>,13,claire,clair,11,F,P,claire,-6.08676,clair,-9.042263,1
1872,S_NOUN_8_ADJ_a,F,S,la colle avec les recettes qui était là depuis hier est aussi très intéressante <eos>,13,intéressante,intéressant,11,F,P,intéressante,-5.6059985,intéressant,-8.538911,1
1873,S_NOUN_8_ADJ_a,F,S,la colle avec les recettes qui était là depuis hier est aussi très brillante <eos>,13,brillante,brillant,11,F,P,brillante,-7.514969,brillant,-10.923246,1
1874,S_NOUN_8_ADJ_a,F,S,la colle avec les recettes qui était là depuis hier est aussi très compliquée <eos>,13,compliquée,compliqué,11,F,P,compliquée,-6.6140966,compliqué,-8.882566,1
1875,S_NOUN_8_ADJ_a,F,S,la colle avec les jupes qui était là depuis hier est aussi très verte <eos>,13,verte,vert,11,F,P,verte,-9.69866,vert,-12.355555,1
1876,S_NOUN_8_ADJ_a,F,S,la colle avec les jupes qui était là depuis hier est aussi très bleue <eos>,13,bleue,bleu,11,F,P,bleue,-11.828304,bleu,-12.464554,1
1877,S_NOUN_8_ADJ_a,F,S,la colle avec les jupes qui était là depuis hier est aussi très noire <eos>,13,noire,noir,11,F,P,noire,-7.753294,noir,-12.238519,1
1878,S_NOUN_8_ADJ_a,F,S,la colle avec les jupes qui était là depuis hier est aussi très délicate <eos>,13,délicate,délicat,11,F,P,délicate,-6.5368824,délicat,-10.16317,1
1879,S_NOUN_8_ADJ_a,F,S,la colle avec les jupes qui était là depuis hier est aussi très pointue <eos>,13,pointue,pointu,11,F,P,pointue,-9.184264,pointu,-11.377415,1
1880,S_NOUN_8_ADJ_a,F,S,la colle avec les jupes qui était là depuis hier est aussi très ronde <eos>,13,ronde,rond,11,F,P,ronde,-10.622316,rond,-13.704845,1
1881,S_NOUN_8_ADJ_a,F,S,la colle avec les jupes qui était là depuis hier est aussi très froide <eos>,13,froide,froid,11,F,P,froide,-8.346273,froid,-10.788371,1
1882,S_NOUN_8_ADJ_a,F,S,la colle avec les jupes qui était là depuis hier est aussi très chaude <eos>,13,chaude,chaud,11,F,P,chaude,-6.622898,chaud,-10.138389,1
1883,S_NOUN_8_ADJ_a,F,S,la colle avec les jupes qui était là depuis hier est aussi très importante <eos>,13,importante,important,11,F,P,importante,-4.402807,important,-8.21629,1
1884,S_NOUN_8_ADJ_a,F,S,la colle avec les jupes qui était là depuis hier est aussi très courte <eos>,13,courte,court,11,F,P,courte,-5.7946315,court,-7.926435,1
1885,S_NOUN_8_ADJ_a,F,S,la colle avec les jupes qui était là depuis hier est aussi très dure <eos>,13,dure,dur,11,F,P,dure,-6.905043,dur,-8.148634,1
1886,S_NOUN_8_ADJ_a,F,S,la colle avec les jupes qui était là depuis hier est aussi très claire <eos>,13,claire,clair,11,F,P,claire,-5.26089,clair,-8.498442,1
1887,S_NOUN_8_ADJ_a,F,S,la colle avec les jupes qui était là depuis hier est aussi très intéressante <eos>,13,intéressante,intéressant,11,F,P,intéressante,-6.163925,intéressant,-9.032048,1
1888,S_NOUN_8_ADJ_a,F,S,la colle avec les jupes qui était là depuis hier est aussi très brillante <eos>,13,brillante,brillant,11,F,P,brillante,-7.1338406,brillant,-10.79142,1
1889,S_NOUN_8_ADJ_a,F,S,la colle avec les jupes qui était là depuis hier est aussi très compliquée <eos>,13,compliquée,compliqué,11,F,P,compliquée,-5.8176847,compliqué,-8.553625,1
1890,S_NOUN_8_ADJ_a,F,S,la colle avec les colles qui était là depuis hier est aussi très verte <eos>,13,verte,vert,11,F,P,verte,-9.964642,vert,-12.665612,1
1891,S_NOUN_8_ADJ_a,F,S,la colle avec les colles qui était là depuis hier est aussi très bleue <eos>,13,bleue,bleu,11,F,P,bleue,-12.448982,bleu,-13.176577,1
1892,S_NOUN_8_ADJ_a,F,S,la colle avec les colles qui était là depuis hier est aussi très noire <eos>,13,noire,noir,11,F,P,noire,-9.211667,noir,-13.22213,1
1893,S_NOUN_8_ADJ_a,F,S,la colle avec les colles qui était là depuis hier est aussi très délicate <eos>,13,délicate,délicat,11,F,P,délicate,-5.80287,délicat,-9.774601,1
1894,S_NOUN_8_ADJ_a,F,S,la colle avec les colles qui était là depuis hier est aussi très pointue <eos>,13,pointue,pointu,11,F,P,pointue,-9.999937,pointu,-12.505183,1
1895,S_NOUN_8_ADJ_a,F,S,la colle avec les colles qui était là depuis hier est aussi très ronde <eos>,13,ronde,rond,11,F,P,ronde,-11.561307,rond,-14.57909,1
1896,S_NOUN_8_ADJ_a,F,S,la colle avec les colles qui était là depuis hier est aussi très froide <eos>,13,froide,froid,11,F,P,froide,-7.705845,froid,-10.179106,1
1897,S_NOUN_8_ADJ_a,F,S,la colle avec les colles qui était là depuis hier est aussi très chaude <eos>,13,chaude,chaud,11,F,P,chaude,-6.0161743,chaud,-9.643231,1
1898,S_NOUN_8_ADJ_a,F,S,la colle avec les colles qui était là depuis hier est aussi très importante <eos>,13,importante,important,11,F,P,importante,-3.778823,important,-7.662717,1
1899,S_NOUN_8_ADJ_a,F,S,la colle avec les colles qui était là depuis hier est aussi très courte <eos>,13,courte,court,11,F,P,courte,-6.881981,court,-8.917865,1
1900,S_NOUN_8_ADJ_a,F,S,la colle avec les colles qui était là depuis hier est aussi très dure <eos>,13,dure,dur,11,F,P,dure,-7.1807914,dur,-7.7012124,1
1901,S_NOUN_8_ADJ_a,F,S,la colle avec les colles qui était là depuis hier est aussi très claire <eos>,13,claire,clair,11,F,P,claire,-5.6395435,clair,-8.764899,1
1902,S_NOUN_8_ADJ_a,F,S,la colle avec les colles qui était là depuis hier est aussi très intéressante <eos>,13,intéressante,intéressant,11,F,P,intéressante,-5.794054,intéressant,-8.621686,1
1903,S_NOUN_8_ADJ_a,F,S,la colle avec les colles qui était là depuis hier est aussi très brillante <eos>,13,brillante,brillant,11,F,P,brillante,-7.2237043,brillant,-10.631216,1
1904,S_NOUN_8_ADJ_a,F,S,la colle avec les colles qui était là depuis hier est aussi très compliquée <eos>,13,compliquée,compliqué,11,F,P,compliquée,-5.848529,compliqué,-8.551269,1
1905,S_NOUN_8_ADJ_a,F,S,la colle avec les lampes qui était là depuis hier est aussi très verte <eos>,13,verte,vert,11,F,P,verte,-9.159621,vert,-11.8627615,1
1906,S_NOUN_8_ADJ_a,F,S,la colle avec les lampes qui était là depuis hier est aussi très bleue <eos>,13,bleue,bleu,11,F,P,bleue,-11.674045,bleu,-12.390034,1
1907,S_NOUN_8_ADJ_a,F,S,la colle avec les lampes qui était là depuis hier est aussi très noire <eos>,13,noire,noir,11,F,P,noire,-8.1309395,noir,-12.285586,1
1908,S_NOUN_8_ADJ_a,F,S,la colle avec les lampes qui était là depuis hier est aussi très délicate <eos>,13,délicate,délicat,11,F,P,délicate,-5.9250965,délicat,-10.021511,1
1909,S_NOUN_8_ADJ_a,F,S,la colle avec les lampes qui était là depuis hier est aussi très pointue <eos>,13,pointue,pointu,11,F,P,pointue,-9.617985,pointu,-12.237623,1
1910,S_NOUN_8_ADJ_a,F,S,la colle avec les lampes qui était là depuis hier est aussi très ronde <eos>,13,ronde,rond,11,F,P,ronde,-10.9284725,rond,-14.353696,1
1911,S_NOUN_8_ADJ_a,F,S,la colle avec les lampes qui était là depuis hier est aussi très froide <eos>,13,froide,froid,11,F,P,froide,-7.8396,froid,-10.2235155,1
1912,S_NOUN_8_ADJ_a,F,S,la colle avec les lampes qui était là depuis hier est aussi très chaude <eos>,13,chaude,chaud,11,F,P,chaude,-5.747631,chaud,-9.136028,1
1913,S_NOUN_8_ADJ_a,F,S,la colle avec les lampes qui était là depuis hier est aussi très importante <eos>,13,importante,important,11,F,P,importante,-4.184891,important,-8.158523,1
1914,S_NOUN_8_ADJ_a,F,S,la colle avec les lampes qui était là depuis hier est aussi très courte <eos>,13,courte,court,11,F,P,courte,-6.2769575,court,-8.330146,1
1915,S_NOUN_8_ADJ_a,F,S,la colle avec les lampes qui était là depuis hier est aussi très dure <eos>,13,dure,dur,11,F,P,dure,-6.8266687,dur,-7.988386,1
1916,S_NOUN_8_ADJ_a,F,S,la colle avec les lampes qui était là depuis hier est aussi très claire <eos>,13,claire,clair,11,F,P,claire,-5.406785,clair,-8.668184,1
1917,S_NOUN_8_ADJ_a,F,S,la colle avec les lampes qui était là depuis hier est aussi très intéressante <eos>,13,intéressante,intéressant,11,F,P,intéressante,-5.8953495,intéressant,-8.762243,1
1918,S_NOUN_8_ADJ_a,F,S,la colle avec les lampes qui était là depuis hier est aussi très brillante <eos>,13,brillante,brillant,11,F,P,brillante,-6.4329844,brillant,-10.252738,1
1919,S_NOUN_8_ADJ_a,F,S,la colle avec les lampes qui était là depuis hier est aussi très compliquée <eos>,13,compliquée,compliqué,11,F,P,compliquée,-5.675129,compliqué,-8.586474,1
1920,S_NOUN_8_ADJ_a,F,S,la colle avec les bouteilles qui était là depuis hier est aussi très verte <eos>,13,verte,vert,11,F,P,verte,-9.588336,vert,-11.849007,1
1921,S_NOUN_8_ADJ_a,F,S,la colle avec les bouteilles qui était là depuis hier est aussi très bleue <eos>,13,bleue,bleu,11,F,P,bleue,-12.178629,bleu,-12.603824,1
1922,S_NOUN_8_ADJ_a,F,S,la colle avec les bouteilles qui était là depuis hier est aussi très noire <eos>,13,noire,noir,11,F,P,noire,-8.454622,noir,-12.123245,1
1923,S_NOUN_8_ADJ_a,F,S,la colle avec les bouteilles qui était là depuis hier est aussi très délicate <eos>,13,délicate,délicat,11,F,P,délicate,-5.743434,délicat,-9.744613,1
1924,S_NOUN_8_ADJ_a,F,S,la colle avec les bouteilles qui était là depuis hier est aussi très pointue <eos>,13,pointue,pointu,11,F,P,pointue,-9.845013,pointu,-12.204089,1
1925,S_NOUN_8_ADJ_a,F,S,la colle avec les bouteilles qui était là depuis hier est aussi très ronde <eos>,13,ronde,rond,11,F,P,ronde,-10.848405,rond,-13.853025,1
1926,S_NOUN_8_ADJ_a,F,S,la colle avec les bouteilles qui était là depuis hier est aussi très froide <eos>,13,froide,froid,11,F,P,froide,-7.892888,froid,-9.915028,1
1927,S_NOUN_8_ADJ_a,F,S,la colle avec les bouteilles qui était là depuis hier est aussi très chaude <eos>,13,chaude,chaud,11,F,P,chaude,-5.6946793,chaud,-9.112909,1
1928,S_NOUN_8_ADJ_a,F,S,la colle avec les bouteilles qui était là depuis hier est aussi très importante <eos>,13,importante,important,11,F,P,importante,-3.8020434,important,-7.521465,1
1929,S_NOUN_8_ADJ_a,F,S,la colle avec les bouteilles qui était là depuis hier est aussi très courte <eos>,13,courte,court,11,F,P,courte,-6.5382185,court,-8.445434,1
1930,S_NOUN_8_ADJ_a,F,S,la colle avec les bouteilles qui était là depuis hier est aussi très dure <eos>,13,dure,dur,11,F,P,dure,-6.8077927,dur,-7.790062,1
1931,S_NOUN_8_ADJ_a,F,S,la colle avec les bouteilles qui était là depuis hier est aussi très claire <eos>,13,claire,clair,11,F,P,claire,-5.307575,clair,-8.556025,1
1932,S_NOUN_8_ADJ_a,F,S,la colle avec les bouteilles qui était là depuis hier est aussi très intéressante <eos>,13,intéressante,intéressant,11,F,P,intéressante,-5.628706,intéressant,-8.361897,1
1933,S_NOUN_8_ADJ_a,F,S,la colle avec les bouteilles qui était là depuis hier est aussi très brillante <eos>,13,brillante,brillant,11,F,P,brillante,-6.933911,brillant,-10.13994,1
1934,S_NOUN_8_ADJ_a,F,S,la colle avec les bouteilles qui était là depuis hier est aussi très compliquée <eos>,13,compliquée,compliqué,11,F,P,compliquée,-6.060507,compliqué,-8.513748,1
1935,S_NOUN_8_ADJ_a,F,S,la colle avec les boissons qui était là depuis hier est aussi très verte <eos>,13,verte,vert,11,F,P,verte,-9.461248,vert,-12.12841,1
1936,S_NOUN_8_ADJ_a,F,S,la colle avec les boissons qui était là depuis hier est aussi très bleue <eos>,13,bleue,bleu,11,F,P,bleue,-12.03359,bleu,-12.954149,1
1937,S_NOUN_8_ADJ_a,F,S,la colle avec les boissons qui était là depuis hier est aussi très noire <eos>,13,noire,noir,11,F,P,noire,-8.697756,noir,-12.7757435,1
1938,S_NOUN_8_ADJ_a,F,S,la colle avec les boissons qui était là depuis hier est aussi très délicate <eos>,13,délicate,délicat,11,F,P,délicate,-6.0409966,délicat,-9.970529,1
1939,S_NOUN_8_ADJ_a,F,S,la colle avec les boissons qui était là depuis hier est aussi très pointue <eos>,13,pointue,pointu,11,F,P,pointue,-10.759324,pointu,-12.360669,1
1940,S_NOUN_8_ADJ_a,F,S,la colle avec les boissons qui était là depuis hier est aussi très ronde <eos>,13,ronde,rond,11,F,P,ronde,-11.767131,rond,-14.688856,1
1941,S_NOUN_8_ADJ_a,F,S,la colle avec les boissons qui était là depuis hier est aussi très froide <eos>,13,froide,froid,11,F,P,froide,-7.391368,froid,-9.400359,1
1942,S_NOUN_8_ADJ_a,F,S,la colle avec les boissons qui était là depuis hier est aussi très chaude <eos>,13,chaude,chaud,11,F,P,chaude,-5.718711,chaud,-9.021694,1
1943,S_NOUN_8_ADJ_a,F,S,la colle avec les boissons qui était là depuis hier est aussi très importante <eos>,13,importante,important,11,F,P,importante,-3.7587457,important,-7.6297174,1
1944,S_NOUN_8_ADJ_a,F,S,la colle avec les boissons qui était là depuis hier est aussi très courte <eos>,13,courte,court,11,F,P,courte,-6.802037,court,-8.909033,1
1945,S_NOUN_8_ADJ_a,F,S,la colle avec les boissons qui était là depuis hier est aussi très dure <eos>,13,dure,dur,11,F,P,dure,-6.7135897,dur,-8.07637,1
1946,S_NOUN_8_ADJ_a,F,S,la colle avec les boissons qui était là depuis hier est aussi très claire <eos>,13,claire,clair,11,F,P,claire,-5.4025726,clair,-8.475575,1
1947,S_NOUN_8_ADJ_a,F,S,la colle avec les boissons qui était là depuis hier est aussi très intéressante <eos>,13,intéressante,intéressant,11,F,P,intéressante,-6.1866364,intéressant,-8.827001,1
1948,S_NOUN_8_ADJ_a,F,S,la colle avec les boissons qui était là depuis hier est aussi très brillante <eos>,13,brillante,brillant,11,F,P,brillante,-7.7377877,brillant,-10.923525,1
1949,S_NOUN_8_ADJ_a,F,S,la colle avec les boissons qui était là depuis hier est aussi très compliquée <eos>,13,compliquée,compliqué,11,F,P,compliquée,-6.512717,compliqué,-9.075226,1
1950,S_NOUN_8_ADJ_a,F,S,la colle avec les pommes qui était là depuis hier est aussi très verte <eos>,13,verte,vert,11,F,P,verte,-9.460617,vert,-12.29063,1
1951,S_NOUN_8_ADJ_a,F,S,la colle avec les pommes qui était là depuis hier est aussi très bleue <eos>,13,bleue,bleu,11,F,P,bleue,-11.901986,bleu,-12.868399,1
1952,S_NOUN_8_ADJ_a,F,S,la colle avec les pommes qui était là depuis hier est aussi très noire <eos>,13,noire,noir,11,F,P,noire,-8.207325,noir,-12.612015,1
1953,S_NOUN_8_ADJ_a,F,S,la colle avec les pommes qui était là depuis hier est aussi très délicate <eos>,13,délicate,délicat,11,F,P,délicate,-5.875721,délicat,-9.735043,1
1954,S_NOUN_8_ADJ_a,F,S,la colle avec les pommes qui était là depuis hier est aussi très pointue <eos>,13,pointue,pointu,11,F,P,pointue,-9.803766,pointu,-12.0667515,1
1955,S_NOUN_8_ADJ_a,F,S,la colle avec les pommes qui était là depuis hier est aussi très ronde <eos>,13,ronde,rond,11,F,P,ronde,-10.927235,rond,-14.517387,1
1956,S_NOUN_8_ADJ_a,F,S,la colle avec les pommes qui était là depuis hier est aussi très froide <eos>,13,froide,froid,11,F,P,froide,-7.617381,froid,-9.590568,1
1957,S_NOUN_8_ADJ_a,F,S,la colle avec les pommes qui était là depuis hier est aussi très chaude <eos>,13,chaude,chaud,11,F,P,chaude,-5.728636,chaud,-9.422391,1
1958,S_NOUN_8_ADJ_a,F,S,la colle avec les pommes qui était là depuis hier est aussi très importante <eos>,13,importante,important,11,F,P,importante,-3.680148,important,-7.9117947,1
1959,S_NOUN_8_ADJ_a,F,S,la colle avec les pommes qui était là depuis hier est aussi très courte <eos>,13,courte,court,11,F,P,courte,-6.22515,court,-8.7023735,1
1960,S_NOUN_8_ADJ_a,F,S,la colle avec les pommes qui était là depuis hier est aussi très dure <eos>,13,dure,dur,11,F,P,dure,-6.067765,dur,-7.869646,1
1961,S_NOUN_8_ADJ_a,F,S,la colle avec les pommes qui était là depuis hier est aussi très claire <eos>,13,claire,clair,11,F,P,claire,-5.1370783,clair,-8.5245695,1
1962,S_NOUN_8_ADJ_a,F,S,la colle avec les pommes qui était là depuis hier est aussi très intéressante <eos>,13,intéressante,intéressant,11,F,P,intéressante,-6.1083765,intéressant,-9.050472,1
1963,S_NOUN_8_ADJ_a,F,S,la colle avec les pommes qui était là depuis hier est aussi très brillante <eos>,13,brillante,brillant,11,F,P,brillante,-7.0529118,brillant,-10.759953,1
1964,S_NOUN_8_ADJ_a,F,S,la colle avec les pommes qui était là depuis hier est aussi très compliquée <eos>,13,compliquée,compliqué,11,F,P,compliquée,-6.3978777,compliqué,-9.21231,1
1965,S_NOUN_8_ADJ_a,F,S,la colle avec les tasses qui était là depuis hier est aussi très verte <eos>,13,verte,vert,11,F,P,verte,-9.734046,vert,-11.922134,1
1966,S_NOUN_8_ADJ_a,F,S,la colle avec les tasses qui était là depuis hier est aussi très bleue <eos>,13,bleue,bleu,11,F,P,bleue,-12.238138,bleu,-12.593161,1
1967,S_NOUN_8_ADJ_a,F,S,la colle avec les tasses qui était là depuis hier est aussi très noire <eos>,13,noire,noir,11,F,P,noire,-8.453139,noir,-12.585723,1
1968,S_NOUN_8_ADJ_a,F,S,la colle avec les tasses qui était là depuis hier est aussi très délicate <eos>,13,délicate,délicat,11,F,P,délicate,-6.009152,délicat,-9.648163,1
1969,S_NOUN_8_ADJ_a,F,S,la colle avec les tasses qui était là depuis hier est aussi très pointue <eos>,13,pointue,pointu,11,F,P,pointue,-9.577344,pointu,-11.978977,1
1970,S_NOUN_8_ADJ_a,F,S,la colle avec les tasses qui était là depuis hier est aussi très ronde <eos>,13,ronde,rond,11,F,P,ronde,-10.440082,rond,-13.758937,1
1971,S_NOUN_8_ADJ_a,F,S,la colle avec les tasses qui était là depuis hier est aussi très froide <eos>,13,froide,froid,11,F,P,froide,-7.395141,froid,-9.963106,1
1972,S_NOUN_8_ADJ_a,F,S,la colle avec les tasses qui était là depuis hier est aussi très chaude <eos>,13,chaude,chaud,11,F,P,chaude,-5.5823517,chaud,-9.281867,1
1973,S_NOUN_8_ADJ_a,F,S,la colle avec les tasses qui était là depuis hier est aussi très importante <eos>,13,importante,important,11,F,P,importante,-3.8481774,important,-7.6585097,1
1974,S_NOUN_8_ADJ_a,F,S,la colle avec les tasses qui était là depuis hier est aussi très courte <eos>,13,courte,court,11,F,P,courte,-6.314951,court,-8.362976,1
1975,S_NOUN_8_ADJ_a,F,S,la colle avec les tasses qui était là depuis hier est aussi très dure <eos>,13,dure,dur,11,F,P,dure,-6.7240286,dur,-7.756879,1
1976,S_NOUN_8_ADJ_a,F,S,la colle avec les tasses qui était là depuis hier est aussi très claire <eos>,13,claire,clair,11,F,P,claire,-5.390751,clair,-8.450646,1
1977,S_NOUN_8_ADJ_a,F,S,la colle avec les tasses qui était là depuis hier est aussi très intéressante <eos>,13,intéressante,intéressant,11,F,P,intéressante,-5.736033,intéressant,-8.648005,1
1978,S_NOUN_8_ADJ_a,F,S,la colle avec les tasses qui était là depuis hier est aussi très brillante <eos>,13,brillante,brillant,11,F,P,brillante,-6.5968266,brillant,-10.18313,1
1979,S_NOUN_8_ADJ_a,F,S,la colle avec les tasses qui était là depuis hier est aussi très compliquée <eos>,13,compliquée,compliqué,11,F,P,compliquée,-6.296208,compliqué,-8.795509,1
1980,S_NOUN_8_ADJ_a,F,S,la colle avec les bougies qui était là depuis hier est aussi très verte <eos>,13,verte,vert,11,F,P,verte,-9.422748,vert,-11.855072,1
1981,S_NOUN_8_ADJ_a,F,S,la colle avec les bougies qui était là depuis hier est aussi très bleue <eos>,13,bleue,bleu,11,F,P,bleue,-11.740219,bleu,-12.237127,1
1982,S_NOUN_8_ADJ_a,F,S,la colle avec les bougies qui était là depuis hier est aussi très noire <eos>,13,noire,noir,11,F,P,noire,-7.802026,noir,-11.977632,1
1983,S_NOUN_8_ADJ_a,F,S,la colle avec les bougies qui était là depuis hier est aussi très délicate <eos>,13,délicate,délicat,11,F,P,délicate,-6.4427204,délicat,-9.883707,1
1984,S_NOUN_8_ADJ_a,F,S,la colle avec les bougies qui était là depuis hier est aussi très pointue <eos>,13,pointue,pointu,11,F,P,pointue,-9.990978,pointu,-12.311467,1
1985,S_NOUN_8_ADJ_a,F,S,la colle avec les bougies qui était là depuis hier est aussi très ronde <eos>,13,ronde,rond,11,F,P,ronde,-10.802488,rond,-14.056164,1
1986,S_NOUN_8_ADJ_a,F,S,la colle avec les bougies qui était là depuis hier est aussi très froide <eos>,13,froide,froid,11,F,P,froide,-7.4855976,froid,-9.822728,1
1987,S_NOUN_8_ADJ_a,F,S,la colle avec les bougies qui était là depuis hier est aussi très chaude <eos>,13,chaude,chaud,11,F,P,chaude,-5.6052227,chaud,-9.392484,1
1988,S_NOUN_8_ADJ_a,F,S,la colle avec les bougies qui était là depuis hier est aussi très importante <eos>,13,importante,important,11,F,P,importante,-4.038155,important,-7.9627337,1
1989,S_NOUN_8_ADJ_a,F,S,la colle avec les bougies qui était là depuis hier est aussi très courte <eos>,13,courte,court,11,F,P,courte,-5.994523,court,-8.107785,1
1990,S_NOUN_8_ADJ_a,F,S,la colle avec les bougies qui était là depuis hier est aussi très dure <eos>,13,dure,dur,11,F,P,dure,-6.6648493,dur,-8.251674,1
1991,S_NOUN_8_ADJ_a,F,S,la colle avec les bougies qui était là depuis hier est aussi très claire <eos>,13,claire,clair,11,F,P,claire,-5.0399437,clair,-8.3583975,1
1992,S_NOUN_8_ADJ_a,F,S,la colle avec les bougies qui était là depuis hier est aussi très intéressante <eos>,13,intéressante,intéressant,11,F,P,intéressante,-6.018179,intéressant,-8.999026,1
1993,S_NOUN_8_ADJ_a,F,S,la colle avec les bougies qui était là depuis hier est aussi très brillante <eos>,13,brillante,brillant,11,F,P,brillante,-6.5281057,brillant,-10.516868,1
1994,S_NOUN_8_ADJ_a,F,S,la colle avec les bougies qui était là depuis hier est aussi très compliquée <eos>,13,compliquée,compliqué,11,F,P,compliquée,-6.5727043,compliqué,-9.127508,1
1995,S_NOUN_8_ADJ_a,F,S,la colle avec les pochettes qui était là depuis hier est aussi très verte <eos>,13,verte,vert,11,F,P,verte,-9.744069,vert,-12.525911,1
1996,S_NOUN_8_ADJ_a,F,S,la colle avec les pochettes qui était là depuis hier est aussi très bleue <eos>,13,bleue,bleu,11,F,P,bleue,-12.329231,bleu,-12.674316,1
1997,S_NOUN_8_ADJ_a,F,S,la colle avec les pochettes qui était là depuis hier est aussi très noire <eos>,13,noire,noir,11,F,P,noire,-8.958665,noir,-12.464463,1
1998,S_NOUN_8_ADJ_a,F,S,la colle avec les pochettes qui était là depuis hier est aussi très délicate <eos>,13,délicate,délicat,11,F,P,délicate,-7.0511284,délicat,-10.70358,1
1999,S_NOUN_8_ADJ_a,F,S,la colle avec les pochettes qui était là depuis hier est aussi très pointue <eos>,13,pointue,pointu,11,F,P,pointue,-10.197109,pointu,-11.270197,1
2000,S_NOUN_8_ADJ_a,F,S,la colle avec les pochettes qui était là depuis hier est aussi très ronde <eos>,13,ronde,rond,11,F,P,ronde,-11.826235,rond,-14.7896805,1
2001,S_NOUN_8_ADJ_a,F,S,la colle avec les pochettes qui était là depuis hier est aussi très froide <eos>,13,froide,froid,11,F,P,froide,-9.457531,froid,-10.265405,1
2002,S_NOUN_8_ADJ_a,F,S,la colle avec les pochettes qui était là depuis hier est aussi très chaude <eos>,13,chaude,chaud,11,F,P,chaude,-6.797784,chaud,-10.409777,1
2003,S_NOUN_8_ADJ_a,F,S,la colle avec les pochettes qui était là depuis hier est aussi très importante <eos>,13,importante,important,11,F,P,importante,-3.4269176,important,-7.262202,1
2004,S_NOUN_8_ADJ_a,F,S,la colle avec les pochettes qui était là depuis hier est aussi très courte <eos>,13,courte,court,11,F,P,courte,-5.8847117,court,-8.103281,1
2005,S_NOUN_8_ADJ_a,F,S,la colle avec les pochettes qui était là depuis hier est aussi très dure <eos>,13,dure,dur,11,F,P,dure,-6.2372923,dur,-7.6074314,1
2006,S_NOUN_8_ADJ_a,F,S,la colle avec les pochettes qui était là depuis hier est aussi très claire <eos>,13,claire,clair,11,F,P,claire,-5.2341814,clair,-8.493401,1
2007,S_NOUN_8_ADJ_a,F,S,la colle avec les pochettes qui était là depuis hier est aussi très intéressante <eos>,13,intéressante,intéressant,11,F,P,intéressante,-5.8409185,intéressant,-8.50479,1
2008,S_NOUN_8_ADJ_a,F,S,la colle avec les pochettes qui était là depuis hier est aussi très brillante <eos>,13,brillante,brillant,11,F,P,brillante,-6.072377,brillant,-10.359687,1
2009,S_NOUN_8_ADJ_a,F,S,la colle avec les pochettes qui était là depuis hier est aussi très compliquée <eos>,13,compliquée,compliqué,11,F,P,compliquée,-6.143069,compliqué,-9.4264965,1
2010,S_NOUN_8_ADJ_a,F,S,la colle avec les bananes qui était là depuis hier est aussi très verte <eos>,13,verte,vert,11,F,P,verte,-8.923991,vert,-12.182805,1
2011,S_NOUN_8_ADJ_a,F,S,la colle avec les bananes qui était là depuis hier est aussi très bleue <eos>,13,bleue,bleu,11,F,P,bleue,-11.796385,bleu,-12.823348,1
2012,S_NOUN_8_ADJ_a,F,S,la colle avec les bananes qui était là depuis hier est aussi très noire <eos>,13,noire,noir,11,F,P,noire,-8.318137,noir,-12.6555395,1
2013,S_NOUN_8_ADJ_a,F,S,la colle avec les bananes qui était là depuis hier est aussi très délicate <eos>,13,délicate,délicat,11,F,P,délicate,-6.283985,délicat,-10.152832,1
2014,S_NOUN_8_ADJ_a,F,S,la colle avec les bananes qui était là depuis hier est aussi très pointue <eos>,13,pointue,pointu,11,F,P,pointue,-9.952812,pointu,-11.954244,1
2015,S_NOUN_8_ADJ_a,F,S,la colle avec les bananes qui était là depuis hier est aussi très ronde <eos>,13,ronde,rond,11,F,P,ronde,-10.954096,rond,-14.395103,1
2016,S_NOUN_8_ADJ_a,F,S,la colle avec les bananes qui était là depuis hier est aussi très froide <eos>,13,froide,froid,11,F,P,froide,-7.8138847,froid,-9.875067,1
2017,S_NOUN_8_ADJ_a,F,S,la colle avec les bananes qui était là depuis hier est aussi très chaude <eos>,13,chaude,chaud,11,F,P,chaude,-6.0192475,chaud,-9.353081,1
2018,S_NOUN_8_ADJ_a,F,S,la colle avec les bananes qui était là depuis hier est aussi très importante <eos>,13,importante,important,11,F,P,importante,-3.8005116,important,-7.9018946,1
2019,S_NOUN_8_ADJ_a,F,S,la colle avec les bananes qui était là depuis hier est aussi très courte <eos>,13,courte,court,11,F,P,courte,-6.688137,court,-8.563555,1
2020,S_NOUN_8_ADJ_a,F,S,la colle avec les bananes qui était là depuis hier est aussi très dure <eos>,13,dure,dur,11,F,P,dure,-6.558045,dur,-7.7027926,1
2021,S_NOUN_8_ADJ_a,F,S,la colle avec les bananes qui était là depuis hier est aussi très claire <eos>,13,claire,clair,11,F,P,claire,-5.4376774,clair,-8.87825,1
2022,S_NOUN_8_ADJ_a,F,S,la colle avec les bananes qui était là depuis hier est aussi très intéressante <eos>,13,intéressante,intéressant,11,F,P,intéressante,-6.0719123,intéressant,-8.929829,1
2023,S_NOUN_8_ADJ_a,F,S,la colle avec les bananes qui était là depuis hier est aussi très brillante <eos>,13,brillante,brillant,11,F,P,brillante,-7.263896,brillant,-10.783702,1
2024,S_NOUN_8_ADJ_a,F,S,la colle avec les bananes qui était là depuis hier est aussi très compliquée <eos>,13,compliquée,compliqué,11,F,P,compliquée,-6.584999,compliqué,-8.939242,1
2025,S_NOUN_8_ADJ_a,F,S,la colle avec les robes qui était là depuis hier est aussi très verte <eos>,13,verte,vert,11,F,P,verte,-9.426016,vert,-12.223828,1
2026,S_NOUN_8_ADJ_a,F,S,la colle avec les robes qui était là depuis hier est aussi très bleue <eos>,13,bleue,bleu,11,F,P,bleue,-11.513062,bleu,-12.431751,1
2027,S_NOUN_8_ADJ_a,F,S,la colle avec les robes qui était là depuis hier est aussi très noire <eos>,13,noire,noir,11,F,P,noire,-7.8350077,noir,-12.244933,1
2028,S_NOUN_8_ADJ_a,F,S,la colle avec les robes qui était là depuis hier est aussi très délicate <eos>,13,délicate,délicat,11,F,P,délicate,-6.936627,délicat,-10.521814,1
2029,S_NOUN_8_ADJ_a,F,S,la colle avec les robes qui était là depuis hier est aussi très pointue <eos>,13,pointue,pointu,11,F,P,pointue,-10.429401,pointu,-11.982498,1
2030,S_NOUN_8_ADJ_a,F,S,la colle avec les robes qui était là depuis hier est aussi très ronde <eos>,13,ronde,rond,11,F,P,ronde,-11.456422,rond,-14.357525,1
2031,S_NOUN_8_ADJ_a,F,S,la colle avec les robes qui était là depuis hier est aussi très froide <eos>,13,froide,froid,11,F,P,froide,-8.238255,froid,-10.5108185,1
2032,S_NOUN_8_ADJ_a,F,S,la colle avec les robes qui était là depuis hier est aussi très chaude <eos>,13,chaude,chaud,11,F,P,chaude,-6.6126537,chaud,-10.000121,1
2033,S_NOUN_8_ADJ_a,F,S,la colle avec les robes qui était là depuis hier est aussi très importante <eos>,13,importante,important,11,F,P,importante,-4.192935,important,-8.059061,1
2034,S_NOUN_8_ADJ_a,F,S,la colle avec les robes qui était là depuis hier est aussi très courte <eos>,13,courte,court,11,F,P,courte,-6.2721825,court,-8.398065,1
2035,S_NOUN_8_ADJ_a,F,S,la colle avec les robes qui était là depuis hier est aussi très dure <eos>,13,dure,dur,11,F,P,dure,-7.171795,dur,-8.828166,1
2036,S_NOUN_8_ADJ_a,F,S,la colle avec les robes qui était là depuis hier est aussi très claire <eos>,13,claire,clair,11,F,P,claire,-5.425395,clair,-8.410968,1
2037,S_NOUN_8_ADJ_a,F,S,la colle avec les robes qui était là depuis hier est aussi très intéressante <eos>,13,intéressante,intéressant,11,F,P,intéressante,-6.324999,intéressant,-9.0291395,1
2038,S_NOUN_8_ADJ_a,F,S,la colle avec les robes qui était là depuis hier est aussi très brillante <eos>,13,brillante,brillant,11,F,P,brillante,-7.0615406,brillant,-11.070584,1
2039,S_NOUN_8_ADJ_a,F,S,la colle avec les robes qui était là depuis hier est aussi très compliquée <eos>,13,compliquée,compliqué,11,F,P,compliquée,-6.974486,compliqué,-9.444136,1
2040,S_NOUN_8_ADJ_a,F,S,la colle avec les valises qui était là depuis hier est aussi très verte <eos>,13,verte,vert,11,F,P,verte,-9.839447,vert,-12.506195,1
2041,S_NOUN_8_ADJ_a,F,S,la colle avec les valises qui était là depuis hier est aussi très bleue <eos>,13,bleue,bleu,11,F,P,bleue,-12.494208,bleu,-12.843724,1
2042,S_NOUN_8_ADJ_a,F,S,la colle avec les valises qui était là depuis hier est aussi très noire <eos>,13,noire,noir,11,F,P,noire,-8.564055,noir,-12.680809,1
2043,S_NOUN_8_ADJ_a,F,S,la colle avec les valises qui était là depuis hier est aussi très délicate <eos>,13,délicate,délicat,11,F,P,délicate,-6.0379868,délicat,-10.080012,1
2044,S_NOUN_8_ADJ_a,F,S,la colle avec les valises qui était là depuis hier est aussi très pointue <eos>,13,pointue,pointu,11,F,P,pointue,-9.822506,pointu,-12.077227,1
2045,S_NOUN_8_ADJ_a,F,S,la colle avec les valises qui était là depuis hier est aussi très ronde <eos>,13,ronde,rond,11,F,P,ronde,-10.881542,rond,-14.216295,1
2046,S_NOUN_8_ADJ_a,F,S,la colle avec les valises qui était là depuis hier est aussi très froide <eos>,13,froide,froid,11,F,P,froide,-7.858757,froid,-10.148521,1
2047,S_NOUN_8_ADJ_a,F,S,la colle avec les valises qui était là depuis hier est aussi très chaude <eos>,13,chaude,chaud,11,F,P,chaude,-5.7845335,chaud,-9.438484,1
2048,S_NOUN_8_ADJ_a,F,S,la colle avec les valises qui était là depuis hier est aussi très importante <eos>,13,importante,important,11,F,P,importante,-3.655063,important,-7.5459385,1
2049,S_NOUN_8_ADJ_a,F,S,la colle avec les valises qui était là depuis hier est aussi très courte <eos>,13,courte,court,11,F,P,courte,-6.2295284,court,-8.328605,1
2050,S_NOUN_8_ADJ_a,F,S,la colle avec les valises qui était là depuis hier est aussi très dure <eos>,13,dure,dur,11,F,P,dure,-6.8125668,dur,-7.9459133,1
2051,S_NOUN_8_ADJ_a,F,S,la colle avec les valises qui était là depuis hier est aussi très claire <eos>,13,claire,clair,11,F,P,claire,-5.534332,clair,-8.990709,1
2052,S_NOUN_8_ADJ_a,F,S,la colle avec les valises qui était là depuis hier est aussi très intéressante <eos>,13,intéressante,intéressant,11,F,P,intéressante,-5.639897,intéressant,-8.5167885,1
2053,S_NOUN_8_ADJ_a,F,S,la colle avec les valises qui était là depuis hier est aussi très brillante <eos>,13,brillante,brillant,11,F,P,brillante,-7.1213064,brillant,-10.737739,1
2054,S_NOUN_8_ADJ_a,F,S,la colle avec les valises qui était là depuis hier est aussi très compliquée <eos>,13,compliquée,compliqué,11,F,P,compliquée,-6.0945253,compliqué,-8.551912,1
2055,S_NOUN_8_ADJ_a,F,S,la colle avec les pendules qui était là depuis hier est aussi très verte <eos>,13,verte,vert,11,F,P,verte,-9.342685,vert,-12.036929,1
2056,S_NOUN_8_ADJ_a,F,S,la colle avec les pendules qui était là depuis hier est aussi très bleue <eos>,13,bleue,bleu,11,F,P,bleue,-11.810518,bleu,-12.449646,1
2057,S_NOUN_8_ADJ_a,F,S,la colle avec les pendules qui était là depuis hier est aussi très noire <eos>,13,noire,noir,11,F,P,noire,-8.2067375,noir,-12.2918215,1
2058,S_NOUN_8_ADJ_a,F,S,la colle avec les pendules qui était là depuis hier est aussi très délicate <eos>,13,délicate,délicat,11,F,P,délicate,-6.0179577,délicat,-10.036477,1
2059,S_NOUN_8_ADJ_a,F,S,la colle avec les pendules qui était là depuis hier est aussi très pointue <eos>,13,pointue,pointu,11,F,P,pointue,-9.725675,pointu,-12.224816,1
2060,S_NOUN_8_ADJ_a,F,S,la colle avec les pendules qui était là depuis hier est aussi très ronde <eos>,13,ronde,rond,11,F,P,ronde,-11.125995,rond,-14.439687,1
2061,S_NOUN_8_ADJ_a,F,S,la colle avec les pendules qui était là depuis hier est aussi très froide <eos>,13,froide,froid,11,F,P,froide,-8.191414,froid,-10.230928,1
2062,S_NOUN_8_ADJ_a,F,S,la colle avec les pendules qui était là depuis hier est aussi très chaude <eos>,13,chaude,chaud,11,F,P,chaude,-6.100122,chaud,-9.496644,1
2063,S_NOUN_8_ADJ_a,F,S,la colle avec les pendules qui était là depuis hier est aussi très importante <eos>,13,importante,important,11,F,P,importante,-4.277068,important,-8.136904,1
2064,S_NOUN_8_ADJ_a,F,S,la colle avec les pendules qui était là depuis hier est aussi très courte <eos>,13,courte,court,11,F,P,courte,-6.254501,court,-8.474866,1
2065,S_NOUN_8_ADJ_a,F,S,la colle avec les pendules qui était là depuis hier est aussi très dure <eos>,13,dure,dur,11,F,P,dure,-6.817742,dur,-8.207458,1
2066,S_NOUN_8_ADJ_a,F,S,la colle avec les pendules qui était là depuis hier est aussi très claire <eos>,13,claire,clair,11,F,P,claire,-5.2378244,clair,-8.520311,1
2067,S_NOUN_8_ADJ_a,F,S,la colle avec les pendules qui était là depuis hier est aussi très intéressante <eos>,13,intéressante,intéressant,11,F,P,intéressante,-5.963281,intéressant,-8.788626,1
2068,S_NOUN_8_ADJ_a,F,S,la colle avec les pendules qui était là depuis hier est aussi très brillante <eos>,13,brillante,brillant,11,F,P,brillante,-6.978149,brillant,-10.511657,1
2069,S_NOUN_8_ADJ_a,F,S,la colle avec les pendules qui était là depuis hier est aussi très compliquée <eos>,13,compliquée,compliqué,11,F,P,compliquée,-5.5253134,compliqué,-8.375144,1
2070,S_NOUN_8_ADJ_a,F,S,la colle avec les cloches qui était là depuis hier est aussi très verte <eos>,13,verte,vert,11,F,P,verte,-9.468393,vert,-11.768494,1
2071,S_NOUN_8_ADJ_a,F,S,la colle avec les cloches qui était là depuis hier est aussi très bleue <eos>,13,bleue,bleu,11,F,P,bleue,-11.777728,bleu,-12.530768,1
2072,S_NOUN_8_ADJ_a,F,S,la colle avec les cloches qui était là depuis hier est aussi très noire <eos>,13,noire,noir,11,F,P,noire,-7.9454565,noir,-12.626912,1
2073,S_NOUN_8_ADJ_a,F,S,la colle avec les cloches qui était là depuis hier est aussi très délicate <eos>,13,délicate,délicat,11,F,P,délicate,-5.662127,délicat,-9.681057,1
2074,S_NOUN_8_ADJ_a,F,S,la colle avec les cloches qui était là depuis hier est aussi très pointue <eos>,13,pointue,pointu,11,F,P,pointue,-10.086896,pointu,-12.697859,1
2075,S_NOUN_8_ADJ_a,F,S,la colle avec les cloches qui était là depuis hier est aussi très ronde <eos>,13,ronde,rond,11,F,P,ronde,-10.796842,rond,-14.736875,1
2076,S_NOUN_8_ADJ_a,F,S,la colle avec les cloches qui était là depuis hier est aussi très froide <eos>,13,froide,froid,11,F,P,froide,-7.703958,froid,-9.917753,1
2077,S_NOUN_8_ADJ_a,F,S,la colle avec les cloches qui était là depuis hier est aussi très chaude <eos>,13,chaude,chaud,11,F,P,chaude,-5.263788,chaud,-9.124197,1
2078,S_NOUN_8_ADJ_a,F,S,la colle avec les cloches qui était là depuis hier est aussi très importante <eos>,13,importante,important,11,F,P,importante,-3.9247344,important,-8.010948,1
2079,S_NOUN_8_ADJ_a,F,S,la colle avec les cloches qui était là depuis hier est aussi très courte <eos>,13,courte,court,11,F,P,courte,-6.200964,court,-8.647359,1
2080,S_NOUN_8_ADJ_a,F,S,la colle avec les cloches qui était là depuis hier est aussi très dure <eos>,13,dure,dur,11,F,P,dure,-5.972434,dur,-7.73425,1
2081,S_NOUN_8_ADJ_a,F,S,la colle avec les cloches qui était là depuis hier est aussi très claire <eos>,13,claire,clair,11,F,P,claire,-5.296584,clair,-8.384781,1
2082,S_NOUN_8_ADJ_a,F,S,la colle avec les cloches qui était là depuis hier est aussi très intéressante <eos>,13,intéressante,intéressant,11,F,P,intéressante,-6.017024,intéressant,-8.919891,1
2083,S_NOUN_8_ADJ_a,F,S,la colle avec les cloches qui était là depuis hier est aussi très brillante <eos>,13,brillante,brillant,11,F,P,brillante,-6.3328285,brillant,-10.240708,1
2084,S_NOUN_8_ADJ_a,F,S,la colle avec les cloches qui était là depuis hier est aussi très compliquée <eos>,13,compliquée,compliqué,11,F,P,compliquée,-6.223301,compliqué,-8.929927,1
2085,S_NOUN_8_ADJ_a,F,S,la colle avec les cerises qui était là depuis hier est aussi très verte <eos>,13,verte,vert,11,F,P,verte,-9.602549,vert,-12.300905,1
2086,S_NOUN_8_ADJ_a,F,S,la colle avec les cerises qui était là depuis hier est aussi très bleue <eos>,13,bleue,bleu,11,F,P,bleue,-12.20534,bleu,-12.763652,1
2087,S_NOUN_8_ADJ_a,F,S,la colle avec les cerises qui était là depuis hier est aussi très noire <eos>,13,noire,noir,11,F,P,noire,-8.215226,noir,-12.59536,1
2088,S_NOUN_8_ADJ_a,F,S,la colle avec les cerises qui était là depuis hier est aussi très délicate <eos>,13,délicate,délicat,11,F,P,délicate,-5.9001875,délicat,-9.499491,1
2089,S_NOUN_8_ADJ_a,F,S,la colle avec les cerises qui était là depuis hier est aussi très pointue <eos>,13,pointue,pointu,11,F,P,pointue,-9.9689045,pointu,-12.113888,1
2090,S_NOUN_8_ADJ_a,F,S,la colle avec les cerises qui était là depuis hier est aussi très ronde <eos>,13,ronde,rond,11,F,P,ronde,-11.025373,rond,-14.206879,1
2091,S_NOUN_8_ADJ_a,F,S,la colle avec les cerises qui était là depuis hier est aussi très froide <eos>,13,froide,froid,11,F,P,froide,-7.8654456,froid,-9.843254,1
2092,S_NOUN_8_ADJ_a,F,S,la colle avec les cerises qui était là depuis hier est aussi très chaude <eos>,13,chaude,chaud,11,F,P,chaude,-5.999862,chaud,-9.511414,1
2093,S_NOUN_8_ADJ_a,F,S,la colle avec les cerises qui était là depuis hier est aussi très importante <eos>,13,importante,important,11,F,P,importante,-3.7771075,important,-7.843191,1
2094,S_NOUN_8_ADJ_a,F,S,la colle avec les cerises qui était là depuis hier est aussi très courte <eos>,13,courte,court,11,F,P,courte,-6.2677994,court,-8.704398,1
2095,S_NOUN_8_ADJ_a,F,S,la colle avec les cerises qui était là depuis hier est aussi très dure <eos>,13,dure,dur,11,F,P,dure,-6.282485,dur,-7.894329,1
2096,S_NOUN_8_ADJ_a,F,S,la colle avec les cerises qui était là depuis hier est aussi très claire <eos>,13,claire,clair,11,F,P,claire,-5.048263,clair,-8.526539,1
2097,S_NOUN_8_ADJ_a,F,S,la colle avec les cerises qui était là depuis hier est aussi très intéressante <eos>,13,intéressante,intéressant,11,F,P,intéressante,-6.171019,intéressant,-9.006418,1
2098,S_NOUN_8_ADJ_a,F,S,la colle avec les cerises qui était là depuis hier est aussi très brillante <eos>,13,brillante,brillant,11,F,P,brillante,-6.9767838,brillant,-10.7601595,1
2099,S_NOUN_8_ADJ_a,F,S,la colle avec les cerises qui était là depuis hier est aussi très compliquée <eos>,13,compliquée,compliqué,11,F,P,compliquée,-6.4734087,compliqué,-9.298076,1
2100,S_NOUN_8_ADJ_a,F,S,la lampe avec les gemmes qui était là depuis hier est aussi très verte <eos>,13,verte,vert,11,F,P,verte,-8.732005,vert,-11.127097,1
2101,S_NOUN_8_ADJ_a,F,S,la lampe avec les gemmes qui était là depuis hier est aussi très bleue <eos>,13,bleue,bleu,11,F,P,bleue,-10.981004,bleu,-11.8643,1
2102,S_NOUN_8_ADJ_a,F,S,la lampe avec les gemmes qui était là depuis hier est aussi très noire <eos>,13,noire,noir,11,F,P,noire,-7.581541,noir,-11.496823,1
2103,S_NOUN_8_ADJ_a,F,S,la lampe avec les gemmes qui était là depuis hier est aussi très délicate <eos>,13,délicate,délicat,11,F,P,délicate,-5.9489436,délicat,-10.115084,1
2104,S_NOUN_8_ADJ_a,F,S,la lampe avec les gemmes qui était là depuis hier est aussi très pointue <eos>,13,pointue,pointu,11,F,P,pointue,-9.612714,pointu,-12.722046,1
2105,S_NOUN_8_ADJ_a,F,S,la lampe avec les gemmes qui était là depuis hier est aussi très ronde <eos>,13,ronde,rond,11,F,P,ronde,-10.733305,rond,-15.113413,1
2106,S_NOUN_8_ADJ_a,F,S,la lampe avec les gemmes qui était là depuis hier est aussi très froide <eos>,13,froide,froid,11,F,P,froide,-7.0115414,froid,-9.934214,1
2107,S_NOUN_8_ADJ_a,F,S,la lampe avec les gemmes qui était là depuis hier est aussi très chaude <eos>,13,chaude,chaud,11,F,P,chaude,-5.3564553,chaud,-9.517265,1
2108,S_NOUN_8_ADJ_a,F,S,la lampe avec les gemmes qui était là depuis hier est aussi très importante <eos>,13,importante,important,11,F,P,importante,-4.2955613,important,-8.439423,1
2109,S_NOUN_8_ADJ_a,F,S,la lampe avec les gemmes qui était là depuis hier est aussi très courte <eos>,13,courte,court,11,F,P,courte,-6.130515,court,-8.396593,1
2110,S_NOUN_8_ADJ_a,F,S,la lampe avec les gemmes qui était là depuis hier est aussi très dure <eos>,13,dure,dur,11,F,P,dure,-6.6622486,dur,-8.258632,1
2111,S_NOUN_8_ADJ_a,F,S,la lampe avec les gemmes qui était là depuis hier est aussi très claire <eos>,13,claire,clair,11,F,P,claire,-5.4969854,clair,-8.6841755,1
2112,S_NOUN_8_ADJ_a,F,S,la lampe avec les gemmes qui était là depuis hier est aussi très intéressante <eos>,13,intéressante,intéressant,11,F,P,intéressante,-5.3560925,intéressant,-9.058238,1
2113,S_NOUN_8_ADJ_a,F,S,la lampe avec les gemmes qui était là depuis hier est aussi très brillante <eos>,13,brillante,brillant,11,F,P,brillante,-5.9252853,brillant,-10.181856,1
2114,S_NOUN_8_ADJ_a,F,S,la lampe avec les gemmes qui était là depuis hier est aussi très compliquée <eos>,13,compliquée,compliqué,11,F,P,compliquée,-6.072171,compliqué,-8.781242,1
2115,S_NOUN_8_ADJ_a,F,S,la lampe avec les chaises qui était là depuis hier est aussi très verte <eos>,13,verte,vert,11,F,P,verte,-8.749122,vert,-11.059563,1
2116,S_NOUN_8_ADJ_a,F,S,la lampe avec les chaises qui était là depuis hier est aussi très bleue <eos>,13,bleue,bleu,11,F,P,bleue,-11.230673,bleu,-11.684293,1
2117,S_NOUN_8_ADJ_a,F,S,la lampe avec les chaises qui était là depuis hier est aussi très noire <eos>,13,noire,noir,11,F,P,noire,-7.6715755,noir,-11.873824,1
2118,S_NOUN_8_ADJ_a,F,S,la lampe avec les chaises qui était là depuis hier est aussi très délicate <eos>,13,délicate,délicat,11,F,P,délicate,-6.2277565,délicat,-10.023114,1
2119,S_NOUN_8_ADJ_a,F,S,la lampe avec les chaises qui était là depuis hier est aussi très pointue <eos>,13,pointue,pointu,11,F,P,pointue,-9.179913,pointu,-12.292737,1
2120,S_NOUN_8_ADJ_a,F,S,la lampe avec les chaises qui était là depuis hier est aussi très ronde <eos>,13,ronde,rond,11,F,P,ronde,-9.843485,rond,-14.181551,1
2121,S_NOUN_8_ADJ_a,F,S,la lampe avec les chaises qui était là depuis hier est aussi très froide <eos>,13,froide,froid,11,F,P,froide,-7.498726,froid,-10.502942,1
2122,S_NOUN_8_ADJ_a,F,S,la lampe avec les chaises qui était là depuis hier est aussi très chaude <eos>,13,chaude,chaud,11,F,P,chaude,-4.9885116,chaud,-9.792149,1
2123,S_NOUN_8_ADJ_a,F,S,la lampe avec les chaises qui était là depuis hier est aussi très importante <eos>,13,importante,important,11,F,P,importante,-4.3879414,important,-8.481275,1
2124,S_NOUN_8_ADJ_a,F,S,la lampe avec les chaises qui était là depuis hier est aussi très courte <eos>,13,courte,court,11,F,P,courte,-5.718948,court,-7.9735265,1
2125,S_NOUN_8_ADJ_a,F,S,la lampe avec les chaises qui était là depuis hier est aussi très dure <eos>,13,dure,dur,11,F,P,dure,-6.4003725,dur,-8.597635,1
2126,S_NOUN_8_ADJ_a,F,S,la lampe avec les chaises qui était là depuis hier est aussi très claire <eos>,13,claire,clair,11,F,P,claire,-5.5795183,clair,-8.821198,1
2127,S_NOUN_8_ADJ_a,F,S,la lampe avec les chaises qui était là depuis hier est aussi très intéressante <eos>,13,intéressante,intéressant,11,F,P,intéressante,-5.3488417,intéressant,-8.759468,1
2128,S_NOUN_8_ADJ_a,F,S,la lampe avec les chaises qui était là depuis hier est aussi très brillante <eos>,13,brillante,brillant,11,F,P,brillante,-6.060107,brillant,-10.397263,1
2129,S_NOUN_8_ADJ_a,F,S,la lampe avec les chaises qui était là depuis hier est aussi très compliquée <eos>,13,compliquée,compliqué,11,F,P,compliquée,-6.194133,compliqué,-8.791239,1
2130,S_NOUN_8_ADJ_a,F,S,la lampe avec les poubelles qui était là depuis hier est aussi très verte <eos>,13,verte,vert,11,F,P,verte,-8.949994,vert,-11.402939,1
2131,S_NOUN_8_ADJ_a,F,S,la lampe avec les poubelles qui était là depuis hier est aussi très bleue <eos>,13,bleue,bleu,11,F,P,bleue,-11.512451,bleu,-12.039034,1
2132,S_NOUN_8_ADJ_a,F,S,la lampe avec les poubelles qui était là depuis hier est aussi très noire <eos>,13,noire,noir,11,F,P,noire,-7.88057,noir,-11.873352,1
2133,S_NOUN_8_ADJ_a,F,S,la lampe avec les poubelles qui était là depuis hier est aussi très délicate <eos>,13,délicate,délicat,11,F,P,délicate,-6.0250278,délicat,-10.295324,1
2134,S_NOUN_8_ADJ_a,F,S,la lampe avec les poubelles qui était là depuis hier est aussi très pointue <eos>,13,pointue,pointu,11,F,P,pointue,-9.080376,pointu,-12.165761,1
2135,S_NOUN_8_ADJ_a,F,S,la lampe avec les poubelles qui était là depuis hier est aussi très ronde <eos>,13,ronde,rond,11,F,P,ronde,-10.234426,rond,-14.636488,1
2136,S_NOUN_8_ADJ_a,F,S,la lampe avec les poubelles qui était là depuis hier est aussi très froide <eos>,13,froide,froid,11,F,P,froide,-7.180603,froid,-10.180082,1
2137,S_NOUN_8_ADJ_a,F,S,la lampe avec les poubelles qui était là depuis hier est aussi très chaude <eos>,13,chaude,chaud,11,F,P,chaude,-5.3491116,chaud,-9.663137,1
2138,S_NOUN_8_ADJ_a,F,S,la lampe avec les poubelles qui était là depuis hier est aussi très importante <eos>,13,importante,important,11,F,P,importante,-4.325938,important,-8.395216,1
2139,S_NOUN_8_ADJ_a,F,S,la lampe avec les poubelles qui était là depuis hier est aussi très courte <eos>,13,courte,court,11,F,P,courte,-5.960539,court,-8.0675745,1
2140,S_NOUN_8_ADJ_a,F,S,la lampe avec les poubelles qui était là depuis hier est aussi très dure <eos>,13,dure,dur,11,F,P,dure,-6.889515,dur,-8.503494,1
2141,S_NOUN_8_ADJ_a,F,S,la lampe avec les poubelles qui était là depuis hier est aussi très claire <eos>,13,claire,clair,11,F,P,claire,-5.830778,clair,-9.26751,1
2142,S_NOUN_8_ADJ_a,F,S,la lampe avec les poubelles qui était là depuis hier est aussi très intéressante <eos>,13,intéressante,intéressant,11,F,P,intéressante,-5.249385,intéressant,-8.802369,1
2143,S_NOUN_8_ADJ_a,F,S,la lampe avec les poubelles qui était là depuis hier est aussi très brillante <eos>,13,brillante,brillant,11,F,P,brillante,-6.7107854,brillant,-10.729296,1
2144,S_NOUN_8_ADJ_a,F,S,la lampe avec les poubelles qui était là depuis hier est aussi très compliquée <eos>,13,compliquée,compliqué,11,F,P,compliquée,-5.8727727,compliqué,-8.591072,1
2145,S_NOUN_8_ADJ_a,F,S,la lampe avec les chemises qui était là depuis hier est aussi très verte <eos>,13,verte,vert,11,F,P,verte,-8.801926,vert,-11.08798,1
2146,S_NOUN_8_ADJ_a,F,S,la lampe avec les chemises qui était là depuis hier est aussi très bleue <eos>,13,bleue,bleu,11,F,P,bleue,-10.8829,bleu,-11.586503,1
2147,S_NOUN_8_ADJ_a,F,S,la lampe avec les chemises qui était là depuis hier est aussi très noire <eos>,13,noire,noir,11,F,P,noire,-7.0373173,noir,-11.439459,1
2148,S_NOUN_8_ADJ_a,F,S,la lampe avec les chemises qui était là depuis hier est aussi très délicate <eos>,13,délicate,délicat,11,F,P,délicate,-6.075242,délicat,-10.198148,1
2149,S_NOUN_8_ADJ_a,F,S,la lampe avec les chemises qui était là depuis hier est aussi très pointue <eos>,13,pointue,pointu,11,F,P,pointue,-8.996949,pointu,-11.900463,1
2150,S_NOUN_8_ADJ_a,F,S,la lampe avec les chemises qui était là depuis hier est aussi très ronde <eos>,13,ronde,rond,11,F,P,ronde,-10.185236,rond,-14.35608,1
2151,S_NOUN_8_ADJ_a,F,S,la lampe avec les chemises qui était là depuis hier est aussi très froide <eos>,13,froide,froid,11,F,P,froide,-7.6561403,froid,-10.550503,1
2152,S_NOUN_8_ADJ_a,F,S,la lampe avec les chemises qui était là depuis hier est aussi très chaude <eos>,13,chaude,chaud,11,F,P,chaude,-5.967969,chaud,-9.821692,1
2153,S_NOUN_8_ADJ_a,F,S,la lampe avec les chemises qui était là depuis hier est aussi très importante <eos>,13,importante,important,11,F,P,importante,-4.752449,important,-8.705393,1
2154,S_NOUN_8_ADJ_a,F,S,la lampe avec les chemises qui était là depuis hier est aussi très courte <eos>,13,courte,court,11,F,P,courte,-5.5348377,court,-7.8443127,1
2155,S_NOUN_8_ADJ_a,F,S,la lampe avec les chemises qui était là depuis hier est aussi très dure <eos>,13,dure,dur,11,F,P,dure,-6.33724,dur,-8.716384,1
2156,S_NOUN_8_ADJ_a,F,S,la lampe avec les chemises qui était là depuis hier est aussi très claire <eos>,13,claire,clair,11,F,P,claire,-5.5379977,clair,-8.576193,1
2157,S_NOUN_8_ADJ_a,F,S,la lampe avec les chemises qui était là depuis hier est aussi très intéressante <eos>,13,intéressante,intéressant,11,F,P,intéressante,-5.8664007,intéressant,-9.1038475,1
2158,S_NOUN_8_ADJ_a,F,S,la lampe avec les chemises qui était là depuis hier est aussi très brillante <eos>,13,brillante,brillant,11,F,P,brillante,-6.5212946,brillant,-10.421901,1
2159,S_NOUN_8_ADJ_a,F,S,la lampe avec les chemises qui était là depuis hier est aussi très compliquée <eos>,13,compliquée,compliqué,11,F,P,compliquée,-5.8796463,compliqué,-8.590871,1
2160,S_NOUN_8_ADJ_a,F,S,la lampe avec les recettes qui était là depuis hier est aussi très verte <eos>,13,verte,vert,11,F,P,verte,-9.646037,vert,-11.897595,1
2161,S_NOUN_8_ADJ_a,F,S,la lampe avec les recettes qui était là depuis hier est aussi très bleue <eos>,13,bleue,bleu,11,F,P,bleue,-12.483951,bleu,-12.7509,1
2162,S_NOUN_8_ADJ_a,F,S,la lampe avec les recettes qui était là depuis hier est aussi très noire <eos>,13,noire,noir,11,F,P,noire,-9.075718,noir,-12.071559,1
2163,S_NOUN_8_ADJ_a,F,S,la lampe avec les recettes qui était là depuis hier est aussi très délicate <eos>,13,délicate,délicat,11,F,P,délicate,-6.4491434,délicat,-10.152437,1
2164,S_NOUN_8_ADJ_a,F,S,la lampe avec les recettes qui était là depuis hier est aussi très pointue <eos>,13,pointue,pointu,11,F,P,pointue,-9.7516985,pointu,-12.298389,1
2165,S_NOUN_8_ADJ_a,F,S,la lampe avec les recettes qui était là depuis hier est aussi très ronde <eos>,13,ronde,rond,11,F,P,ronde,-11.467977,rond,-15.014751,1
2166,S_NOUN_8_ADJ_a,F,S,la lampe avec les recettes qui était là depuis hier est aussi très froide <eos>,13,froide,froid,11,F,P,froide,-7.948846,froid,-10.524067,1
2167,S_NOUN_8_ADJ_a,F,S,la lampe avec les recettes qui était là depuis hier est aussi très chaude <eos>,13,chaude,chaud,11,F,P,chaude,-5.873022,chaud,-9.921846,1
2168,S_NOUN_8_ADJ_a,F,S,la lampe avec les recettes qui était là depuis hier est aussi très importante <eos>,13,importante,important,11,F,P,importante,-3.629383,important,-7.526599,1
2169,S_NOUN_8_ADJ_a,F,S,la lampe avec les recettes qui était là depuis hier est aussi très courte <eos>,13,courte,court,11,F,P,courte,-6.266044,court,-8.325339,1
2170,S_NOUN_8_ADJ_a,F,S,la lampe avec les recettes qui était là depuis hier est aussi très dure <eos>,13,dure,dur,11,F,P,dure,-7.2900515,dur,-8.636246,1
2171,S_NOUN_8_ADJ_a,F,S,la lampe avec les recettes qui était là depuis hier est aussi très claire <eos>,13,claire,clair,11,F,P,claire,-6.088702,clair,-9.079813,1
2172,S_NOUN_8_ADJ_a,F,S,la lampe avec les recettes qui était là depuis hier est aussi très intéressante <eos>,13,intéressante,intéressant,11,F,P,intéressante,-5.2337475,intéressant,-8.666056,1
2173,S_NOUN_8_ADJ_a,F,S,la lampe avec les recettes qui était là depuis hier est aussi très brillante <eos>,13,brillante,brillant,11,F,P,brillante,-6.934743,brillant,-10.743207,1
2174,S_NOUN_8_ADJ_a,F,S,la lampe avec les recettes qui était là depuis hier est aussi très compliquée <eos>,13,compliquée,compliqué,11,F,P,compliquée,-6.698626,compliqué,-9.031221,1
2175,S_NOUN_8_ADJ_a,F,S,la lampe avec les jupes qui était là depuis hier est aussi très verte <eos>,13,verte,vert,11,F,P,verte,-9.1786175,vert,-11.583027,1
2176,S_NOUN_8_ADJ_a,F,S,la lampe avec les jupes qui était là depuis hier est aussi très bleue <eos>,13,bleue,bleu,11,F,P,bleue,-11.226721,bleu,-11.83545,1
2177,S_NOUN_8_ADJ_a,F,S,la lampe avec les jupes qui était là depuis hier est aussi très noire <eos>,13,noire,noir,11,F,P,noire,-7.299403,noir,-11.512801,1
2178,S_NOUN_8_ADJ_a,F,S,la lampe avec les jupes qui était là depuis hier est aussi très délicate <eos>,13,délicate,délicat,11,F,P,délicate,-6.4795017,délicat,-10.226327,1
2179,S_NOUN_8_ADJ_a,F,S,la lampe avec les jupes qui était là depuis hier est aussi très pointue <eos>,13,pointue,pointu,11,F,P,pointue,-8.606709,pointu,-11.537282,1
2180,S_NOUN_8_ADJ_a,F,S,la lampe avec les jupes qui était là depuis hier est aussi très ronde <eos>,13,ronde,rond,11,F,P,ronde,-10.192818,rond,-14.134878,1
2181,S_NOUN_8_ADJ_a,F,S,la lampe avec les jupes qui était là depuis hier est aussi très froide <eos>,13,froide,froid,11,F,P,froide,-8.017332,froid,-10.922924,1
2182,S_NOUN_8_ADJ_a,F,S,la lampe avec les jupes qui était là depuis hier est aussi très chaude <eos>,13,chaude,chaud,11,F,P,chaude,-6.192444,chaud,-10.380543,1
2183,S_NOUN_8_ADJ_a,F,S,la lampe avec les jupes qui était là depuis hier est aussi très importante <eos>,13,importante,important,11,F,P,importante,-4.8566713,important,-8.757264,1
2184,S_NOUN_8_ADJ_a,F,S,la lampe avec les jupes qui était là depuis hier est aussi très courte <eos>,13,courte,court,11,F,P,courte,-5.364256,court,-7.642783,1
2185,S_NOUN_8_ADJ_a,F,S,la lampe avec les jupes qui était là depuis hier est aussi très dure <eos>,13,dure,dur,11,F,P,dure,-6.80714,dur,-8.7402115,1
2186,S_NOUN_8_ADJ_a,F,S,la lampe avec les jupes qui était là depuis hier est aussi très claire <eos>,13,claire,clair,11,F,P,claire,-5.641696,clair,-8.836119,1
2187,S_NOUN_8_ADJ_a,F,S,la lampe avec les jupes qui était là depuis hier est aussi très intéressante <eos>,13,intéressante,intéressant,11,F,P,intéressante,-5.774118,intéressant,-9.151928,1
2188,S_NOUN_8_ADJ_a,F,S,la lampe avec les jupes qui était là depuis hier est aussi très brillante <eos>,13,brillante,brillant,11,F,P,brillante,-6.744552,brillant,-10.71224,1
2189,S_NOUN_8_ADJ_a,F,S,la lampe avec les jupes qui était là depuis hier est aussi très compliquée <eos>,13,compliquée,compliqué,11,F,P,compliquée,-5.7688866,compliqué,-8.411893,1
2190,S_NOUN_8_ADJ_a,F,S,la lampe avec les colles qui était là depuis hier est aussi très verte <eos>,13,verte,vert,11,F,P,verte,-9.373432,vert,-11.599698,1
2191,S_NOUN_8_ADJ_a,F,S,la lampe avec les colles qui était là depuis hier est aussi très bleue <eos>,13,bleue,bleu,11,F,P,bleue,-11.786739,bleu,-12.279518,1
2192,S_NOUN_8_ADJ_a,F,S,la lampe avec les colles qui était là depuis hier est aussi très noire <eos>,13,noire,noir,11,F,P,noire,-8.523646,noir,-12.454606,1
2193,S_NOUN_8_ADJ_a,F,S,la lampe avec les colles qui était là depuis hier est aussi très délicate <eos>,13,délicate,délicat,11,F,P,délicate,-5.556876,délicat,-9.645192,1
2194,S_NOUN_8_ADJ_a,F,S,la lampe avec les colles qui était là depuis hier est aussi très pointue <eos>,13,pointue,pointu,11,F,P,pointue,-9.151817,pointu,-12.354916,1
2195,S_NOUN_8_ADJ_a,F,S,la lampe avec les colles qui était là depuis hier est aussi très ronde <eos>,13,ronde,rond,11,F,P,ronde,-10.7567835,rond,-14.624772,1
2196,S_NOUN_8_ADJ_a,F,S,la lampe avec les colles qui était là depuis hier est aussi très froide <eos>,13,froide,froid,11,F,P,froide,-6.847742,froid,-10.039211,1
2197,S_NOUN_8_ADJ_a,F,S,la lampe avec les colles qui était là depuis hier est aussi très chaude <eos>,13,chaude,chaud,11,F,P,chaude,-5.0868,chaud,-9.4312935,1
2198,S_NOUN_8_ADJ_a,F,S,la lampe avec les colles qui était là depuis hier est aussi très importante <eos>,13,importante,important,11,F,P,importante,-4.226892,important,-8.229725,1
2199,S_NOUN_8_ADJ_a,F,S,la lampe avec les colles qui était là depuis hier est aussi très courte <eos>,13,courte,court,11,F,P,courte,-6.367682,court,-8.456974,1
2200,S_NOUN_8_ADJ_a,F,S,la lampe avec les colles qui était là depuis hier est aussi très dure <eos>,13,dure,dur,11,F,P,dure,-6.7501907,dur,-8.251725,1
2201,S_NOUN_8_ADJ_a,F,S,la lampe avec les colles qui était là depuis hier est aussi très claire <eos>,13,claire,clair,11,F,P,claire,-5.690718,clair,-8.877399,1
2202,S_NOUN_8_ADJ_a,F,S,la lampe avec les colles qui était là depuis hier est aussi très intéressante <eos>,13,intéressante,intéressant,11,F,P,intéressante,-5.5376844,intéressant,-8.738768,1
2203,S_NOUN_8_ADJ_a,F,S,la lampe avec les colles qui était là depuis hier est aussi très brillante <eos>,13,brillante,brillant,11,F,P,brillante,-6.5126314,brillant,-10.264952,1
2204,S_NOUN_8_ADJ_a,F,S,la lampe avec les colles qui était là depuis hier est aussi très compliquée <eos>,13,compliquée,compliqué,11,F,P,compliquée,-5.684466,compliqué,-8.436565,1
2205,S_NOUN_8_ADJ_a,F,S,la lampe avec les lampes qui était là depuis hier est aussi très verte <eos>,13,verte,vert,11,F,P,verte,-8.659591,vert,-11.018912,1
2206,S_NOUN_8_ADJ_a,F,S,la lampe avec les lampes qui était là depuis hier est aussi très bleue <eos>,13,bleue,bleu,11,F,P,bleue,-11.096099,bleu,-11.735213,1
2207,S_NOUN_8_ADJ_a,F,S,la lampe avec les lampes qui était là depuis hier est aussi très noire <eos>,13,noire,noir,11,F,P,noire,-7.544715,noir,-11.50586,1
2208,S_NOUN_8_ADJ_a,F,S,la lampe avec les lampes qui était là depuis hier est aussi très délicate <eos>,13,délicate,délicat,11,F,P,délicate,-5.9150963,délicat,-10.023723,1
2209,S_NOUN_8_ADJ_a,F,S,la lampe avec les lampes qui était là depuis hier est aussi très pointue <eos>,13,pointue,pointu,11,F,P,pointue,-8.923692,pointu,-12.20024,1
2210,S_NOUN_8_ADJ_a,F,S,la lampe avec les lampes qui était là depuis hier est aussi très ronde <eos>,13,ronde,rond,11,F,P,ronde,-10.480136,rond,-14.675239,1
2211,S_NOUN_8_ADJ_a,F,S,la lampe avec les lampes qui était là depuis hier est aussi très froide <eos>,13,froide,froid,11,F,P,froide,-7.3372326,froid,-10.263731,1
2212,S_NOUN_8_ADJ_a,F,S,la lampe avec les lampes qui était là depuis hier est aussi très chaude <eos>,13,chaude,chaud,11,F,P,chaude,-5.1965575,chaud,-9.404383,1
2213,S_NOUN_8_ADJ_a,F,S,la lampe avec les lampes qui était là depuis hier est aussi très importante <eos>,13,importante,important,11,F,P,importante,-4.633922,important,-8.701765,1
2214,S_NOUN_8_ADJ_a,F,S,la lampe avec les lampes qui était là depuis hier est aussi très courte <eos>,13,courte,court,11,F,P,courte,-5.853673,court,-8.011567,1
2215,S_NOUN_8_ADJ_a,F,S,la lampe avec les lampes qui était là depuis hier est aussi très dure <eos>,13,dure,dur,11,F,P,dure,-6.6554537,dur,-8.431682,1
2216,S_NOUN_8_ADJ_a,F,S,la lampe avec les lampes qui était là depuis hier est aussi très claire <eos>,13,claire,clair,11,F,P,claire,-5.6678944,clair,-8.895711,1
2217,S_NOUN_8_ADJ_a,F,S,la lampe avec les lampes qui était là depuis hier est aussi très intéressante <eos>,13,intéressante,intéressant,11,F,P,intéressante,-5.5583076,intéressant,-8.970747,1
2218,S_NOUN_8_ADJ_a,F,S,la lampe avec les lampes qui était là depuis hier est aussi très brillante <eos>,13,brillante,brillant,11,F,P,brillante,-6.0318604,brillant,-10.166119,1
2219,S_NOUN_8_ADJ_a,F,S,la lampe avec les lampes qui était là depuis hier est aussi très compliquée <eos>,13,compliquée,compliqué,11,F,P,compliquée,-5.661772,compliqué,-8.506869,1
2220,S_NOUN_8_ADJ_a,F,S,la lampe avec les bouteilles qui était là depuis hier est aussi très verte <eos>,13,verte,vert,11,F,P,verte,-9.006887,vert,-10.963351,1
2221,S_NOUN_8_ADJ_a,F,S,la lampe avec les bouteilles qui était là depuis hier est aussi très bleue <eos>,13,bleue,bleu,11,F,P,bleue,-11.618567,bleu,-11.970231,1
2222,S_NOUN_8_ADJ_a,F,S,la lampe avec les bouteilles qui était là depuis hier est aussi très noire <eos>,13,noire,noir,11,F,P,noire,-7.976722,noir,-11.325674,1
2223,S_NOUN_8_ADJ_a,F,S,la lampe avec les bouteilles qui était là depuis hier est aussi très délicate <eos>,13,délicate,délicat,11,F,P,délicate,-5.74753,délicat,-9.780464,1
2224,S_NOUN_8_ADJ_a,F,S,la lampe avec les bouteilles qui était là depuis hier est aussi très pointue <eos>,13,pointue,pointu,11,F,P,pointue,-9.314422,pointu,-12.14798,1
2225,S_NOUN_8_ADJ_a,F,S,la lampe avec les bouteilles qui était là depuis hier est aussi très ronde <eos>,13,ronde,rond,11,F,P,ronde,-10.437429,rond,-14.097784,1
2226,S_NOUN_8_ADJ_a,F,S,la lampe avec les bouteilles qui était là depuis hier est aussi très froide <eos>,13,froide,froid,11,F,P,froide,-7.335702,froid,-9.914587,1
2227,S_NOUN_8_ADJ_a,F,S,la lampe avec les bouteilles qui était là depuis hier est aussi très chaude <eos>,13,chaude,chaud,11,F,P,chaude,-5.185684,chaud,-9.200118,1
2228,S_NOUN_8_ADJ_a,F,S,la lampe avec les bouteilles qui était là depuis hier est aussi très importante <eos>,13,importante,important,11,F,P,importante,-4.1376057,important,-7.9729958,1
2229,S_NOUN_8_ADJ_a,F,S,la lampe avec les bouteilles qui était là depuis hier est aussi très courte <eos>,13,courte,court,11,F,P,courte,-6.1549683,court,-8.119686,1
2230,S_NOUN_8_ADJ_a,F,S,la lampe avec les bouteilles qui était là depuis hier est aussi très dure <eos>,13,dure,dur,11,F,P,dure,-6.7537117,dur,-8.286607,1
2231,S_NOUN_8_ADJ_a,F,S,la lampe avec les bouteilles qui était là depuis hier est aussi très claire <eos>,13,claire,clair,11,F,P,claire,-5.5967026,clair,-8.741212,1
2232,S_NOUN_8_ADJ_a,F,S,la lampe avec les bouteilles qui était là depuis hier est aussi très intéressante <eos>,13,intéressante,intéressant,11,F,P,intéressante,-5.3534346,intéressant,-8.443968,1
2233,S_NOUN_8_ADJ_a,F,S,la lampe avec les bouteilles qui était là depuis hier est aussi très brillante <eos>,13,brillante,brillant,11,F,P,brillante,-6.5748987,brillant,-10.013564,1
2234,S_NOUN_8_ADJ_a,F,S,la lampe avec les bouteilles qui était là depuis hier est aussi très compliquée <eos>,13,compliquée,compliqué,11,F,P,compliquée,-6.1134014,compliqué,-8.440307,1
2235,S_NOUN_8_ADJ_a,F,S,la lampe avec les boissons qui était là depuis hier est aussi très verte <eos>,13,verte,vert,11,F,P,verte,-9.229551,vert,-11.419078,1
2236,S_NOUN_8_ADJ_a,F,S,la lampe avec les boissons qui était là depuis hier est aussi très bleue <eos>,13,bleue,bleu,11,F,P,bleue,-11.734287,bleu,-12.414381,1
2237,S_NOUN_8_ADJ_a,F,S,la lampe avec les boissons qui était là depuis hier est aussi très noire <eos>,13,noire,noir,11,F,P,noire,-8.359168,noir,-12.18237,1
2238,S_NOUN_8_ADJ_a,F,S,la lampe avec les boissons qui était là depuis hier est aussi très délicate <eos>,13,délicate,délicat,11,F,P,délicate,-5.9513416,délicat,-9.862961,1
2239,S_NOUN_8_ADJ_a,F,S,la lampe avec les boissons qui était là depuis hier est aussi très pointue <eos>,13,pointue,pointu,11,F,P,pointue,-10.067989,pointu,-12.193869,1
2240,S_NOUN_8_ADJ_a,F,S,la lampe avec les boissons qui était là depuis hier est aussi très ronde <eos>,13,ronde,rond,11,F,P,ronde,-11.144181,rond,-14.905804,1
2241,S_NOUN_8_ADJ_a,F,S,la lampe avec les boissons qui était là depuis hier est aussi très froide <eos>,13,froide,froid,11,F,P,froide,-6.7754006,froid,-9.392427,1
2242,S_NOUN_8_ADJ_a,F,S,la lampe avec les boissons qui était là depuis hier est aussi très chaude <eos>,13,chaude,chaud,11,F,P,chaude,-5.0125856,chaud,-8.86757,1
2243,S_NOUN_8_ADJ_a,F,S,la lampe avec les boissons qui était là depuis hier est aussi très importante <eos>,13,importante,important,11,F,P,importante,-3.9859,important,-7.937339,1
2244,S_NOUN_8_ADJ_a,F,S,la lampe avec les boissons qui était là depuis hier est aussi très courte <eos>,13,courte,court,11,F,P,courte,-6.5275927,court,-8.702236,1
2245,S_NOUN_8_ADJ_a,F,S,la lampe avec les boissons qui était là depuis hier est aussi très dure <eos>,13,dure,dur,11,F,P,dure,-6.5215774,dur,-8.691846,1
2246,S_NOUN_8_ADJ_a,F,S,la lampe avec les boissons qui était là depuis hier est aussi très claire <eos>,13,claire,clair,11,F,P,claire,-5.5254073,clair,-8.494211,1
2247,S_NOUN_8_ADJ_a,F,S,la lampe avec les boissons qui était là depuis hier est aussi très intéressante <eos>,13,intéressante,intéressant,11,F,P,intéressante,-5.8803906,intéressant,-8.790934,1
2248,S_NOUN_8_ADJ_a,F,S,la lampe avec les boissons qui était là depuis hier est aussi très brillante <eos>,13,brillante,brillant,11,F,P,brillante,-7.2265873,brillant,-10.685231,1
2249,S_NOUN_8_ADJ_a,F,S,la lampe avec les boissons qui était là depuis hier est aussi très compliquée <eos>,13,compliquée,compliqué,11,F,P,compliquée,-6.725377,compliqué,-9.176618,1
2250,S_NOUN_8_ADJ_a,F,S,la lampe avec les pommes qui était là depuis hier est aussi très verte <eos>,13,verte,vert,11,F,P,verte,-8.795495,vert,-11.063056,1
2251,S_NOUN_8_ADJ_a,F,S,la lampe avec les pommes qui était là depuis hier est aussi très bleue <eos>,13,bleue,bleu,11,F,P,bleue,-11.247996,bleu,-11.957904,1
2252,S_NOUN_8_ADJ_a,F,S,la lampe avec les pommes qui était là depuis hier est aussi très noire <eos>,13,noire,noir,11,F,P,noire,-7.662407,noir,-11.561836,1
2253,S_NOUN_8_ADJ_a,F,S,la lampe avec les pommes qui était là depuis hier est aussi très délicate <eos>,13,délicate,délicat,11,F,P,délicate,-5.644615,délicat,-9.584948,1
2254,S_NOUN_8_ADJ_a,F,S,la lampe avec les pommes qui était là depuis hier est aussi très pointue <eos>,13,pointue,pointu,11,F,P,pointue,-9.026011,pointu,-11.794702,1
2255,S_NOUN_8_ADJ_a,F,S,la lampe avec les pommes qui était là depuis hier est aussi très ronde <eos>,13,ronde,rond,11,F,P,ronde,-10.338598,rond,-14.405156,1
2256,S_NOUN_8_ADJ_a,F,S,la lampe avec les pommes qui était là depuis hier est aussi très froide <eos>,13,froide,froid,11,F,P,froide,-6.776886,froid,-9.39799,1
2257,S_NOUN_8_ADJ_a,F,S,la lampe avec les pommes qui était là depuis hier est aussi très chaude <eos>,13,chaude,chaud,11,F,P,chaude,-4.92914,chaud,-9.309814,1
2258,S_NOUN_8_ADJ_a,F,S,la lampe avec les pommes qui était là depuis hier est aussi très importante <eos>,13,importante,important,11,F,P,importante,-4.1981516,important,-8.462687,1
2259,S_NOUN_8_ADJ_a,F,S,la lampe avec les pommes qui était là depuis hier est aussi très courte <eos>,13,courte,court,11,F,P,courte,-5.971435,court,-8.320147,1
2260,S_NOUN_8_ADJ_a,F,S,la lampe avec les pommes qui était là depuis hier est aussi très dure <eos>,13,dure,dur,11,F,P,dure,-5.9444466,dur,-8.133884,1
2261,S_NOUN_8_ADJ_a,F,S,la lampe avec les pommes qui était là depuis hier est aussi très claire <eos>,13,claire,clair,11,F,P,claire,-5.142264,clair,-8.45635,1
2262,S_NOUN_8_ADJ_a,F,S,la lampe avec les pommes qui était là depuis hier est aussi très intéressante <eos>,13,intéressante,intéressant,11,F,P,intéressante,-5.80342,intéressant,-9.08577,1
2263,S_NOUN_8_ADJ_a,F,S,la lampe avec les pommes qui était là depuis hier est aussi très brillante <eos>,13,brillante,brillant,11,F,P,brillante,-6.49722,brillant,-10.447766,1
2264,S_NOUN_8_ADJ_a,F,S,la lampe avec les pommes qui était là depuis hier est aussi très compliquée <eos>,13,compliquée,compliqué,11,F,P,compliquée,-6.401192,compliqué,-9.134851,1
2265,S_NOUN_8_ADJ_a,F,S,la lampe avec les tasses qui était là depuis hier est aussi très verte <eos>,13,verte,vert,11,F,P,verte,-9.146821,vert,-11.089157,1
2266,S_NOUN_8_ADJ_a,F,S,la lampe avec les tasses qui était là depuis hier est aussi très bleue <eos>,13,bleue,bleu,11,F,P,bleue,-11.649588,bleu,-11.865189,1
2267,S_NOUN_8_ADJ_a,F,S,la lampe avec les tasses qui était là depuis hier est aussi très noire <eos>,13,noire,noir,11,F,P,noire,-7.9670753,noir,-11.908388,1
2268,S_NOUN_8_ADJ_a,F,S,la lampe avec les tasses qui était là depuis hier est aussi très délicate <eos>,13,délicate,délicat,11,F,P,délicate,-5.8516207,délicat,-9.654572,1
2269,S_NOUN_8_ADJ_a,F,S,la lampe avec les tasses qui était là depuis hier est aussi très pointue <eos>,13,pointue,pointu,11,F,P,pointue,-8.9432955,pointu,-11.979586,1
2270,S_NOUN_8_ADJ_a,F,S,la lampe avec les tasses qui était là depuis hier est aussi très ronde <eos>,13,ronde,rond,11,F,P,ronde,-9.871386,rond,-13.970503,1
2271,S_NOUN_8_ADJ_a,F,S,la lampe avec les tasses qui était là depuis hier est aussi très froide <eos>,13,froide,froid,11,F,P,froide,-6.897299,froid,-10.103299,1
2272,S_NOUN_8_ADJ_a,F,S,la lampe avec les tasses qui était là depuis hier est aussi très chaude <eos>,13,chaude,chaud,11,F,P,chaude,-4.872442,chaud,-9.459862,1
2273,S_NOUN_8_ADJ_a,F,S,la lampe avec les tasses qui était là depuis hier est aussi très importante <eos>,13,importante,important,11,F,P,importante,-4.255607,important,-8.245783,1
2274,S_NOUN_8_ADJ_a,F,S,la lampe avec les tasses qui était là depuis hier est aussi très courte <eos>,13,courte,court,11,F,P,courte,-5.824616,court,-7.9421706,1
2275,S_NOUN_8_ADJ_a,F,S,la lampe avec les tasses qui était là depuis hier est aussi très dure <eos>,13,dure,dur,11,F,P,dure,-6.464985,dur,-8.3479,1
2276,S_NOUN_8_ADJ_a,F,S,la lampe avec les tasses qui était là depuis hier est aussi très claire <eos>,13,claire,clair,11,F,P,claire,-5.497989,clair,-8.767073,1
2277,S_NOUN_8_ADJ_a,F,S,la lampe avec les tasses qui était là depuis hier est aussi très intéressante <eos>,13,intéressante,intéressant,11,F,P,intéressante,-5.3596087,intéressant,-8.746821,1
2278,S_NOUN_8_ADJ_a,F,S,la lampe avec les tasses qui était là depuis hier est aussi très brillante <eos>,13,brillante,brillant,11,F,P,brillante,-6.1546335,brillant,-10.148614,1
2279,S_NOUN_8_ADJ_a,F,S,la lampe avec les tasses qui était là depuis hier est aussi très compliquée <eos>,13,compliquée,compliqué,11,F,P,compliquée,-6.197111,compliqué,-8.651582,1
2280,S_NOUN_8_ADJ_a,F,S,la lampe avec les bougies qui était là depuis hier est aussi très verte <eos>,13,verte,vert,11,F,P,verte,-8.858416,vert,-11.0547495,1
2281,S_NOUN_8_ADJ_a,F,S,la lampe avec les bougies qui était là depuis hier est aussi très bleue <eos>,13,bleue,bleu,11,F,P,bleue,-11.167958,bleu,-11.644841,1
2282,S_NOUN_8_ADJ_a,F,S,la lampe avec les bougies qui était là depuis hier est aussi très noire <eos>,13,noire,noir,11,F,P,noire,-7.4532413,noir,-11.3092375,1
2283,S_NOUN_8_ADJ_a,F,S,la lampe avec les bougies qui était là depuis hier est aussi très délicate <eos>,13,délicate,délicat,11,F,P,délicate,-6.2235556,délicat,-9.772819,1
2284,S_NOUN_8_ADJ_a,F,S,la lampe avec les bougies qui était là depuis hier est aussi très pointue <eos>,13,pointue,pointu,11,F,P,pointue,-9.448521,pointu,-12.395092,1
2285,S_NOUN_8_ADJ_a,F,S,la lampe avec les bougies qui était là depuis hier est aussi très ronde <eos>,13,ronde,rond,11,F,P,ronde,-10.37288,rond,-14.420434,1
2286,S_NOUN_8_ADJ_a,F,S,la lampe avec les bougies qui était là depuis hier est aussi très froide <eos>,13,froide,froid,11,F,P,froide,-6.9866734,froid,-9.841701,1
2287,S_NOUN_8_ADJ_a,F,S,la lampe avec les bougies qui était là depuis hier est aussi très chaude <eos>,13,chaude,chaud,11,F,P,chaude,-5.124819,chaud,-9.528174,1
2288,S_NOUN_8_ADJ_a,F,S,la lampe avec les bougies qui était là depuis hier est aussi très importante <eos>,13,importante,important,11,F,P,importante,-4.4505014,important,-8.488796,1
2289,S_NOUN_8_ADJ_a,F,S,la lampe avec les bougies qui était là depuis hier est aussi très courte <eos>,13,courte,court,11,F,P,courte,-5.65633,court,-7.9107857,1
2290,S_NOUN_8_ADJ_a,F,S,la lampe avec les bougies qui était là depuis hier est aussi très dure <eos>,13,dure,dur,11,F,P,dure,-6.560129,dur,-8.640441,1
2291,S_NOUN_8_ADJ_a,F,S,la lampe avec les bougies qui était là depuis hier est aussi très claire <eos>,13,claire,clair,11,F,P,claire,-5.3246775,clair,-8.562868,1
2292,S_NOUN_8_ADJ_a,F,S,la lampe avec les bougies qui était là depuis hier est aussi très intéressante <eos>,13,intéressante,intéressant,11,F,P,intéressante,-5.555559,intéressant,-9.008561,1
2293,S_NOUN_8_ADJ_a,F,S,la lampe avec les bougies qui était là depuis hier est aussi très brillante <eos>,13,brillante,brillant,11,F,P,brillante,-6.18784,brillant,-10.448595,1
2294,S_NOUN_8_ADJ_a,F,S,la lampe avec les bougies qui était là depuis hier est aussi très compliquée <eos>,13,compliquée,compliqué,11,F,P,compliquée,-6.455087,compliqué,-8.861826,1
2295,S_NOUN_8_ADJ_a,F,S,la lampe avec les pochettes qui était là depuis hier est aussi très verte <eos>,13,verte,vert,11,F,P,verte,-9.076028,vert,-11.644744,1
2296,S_NOUN_8_ADJ_a,F,S,la lampe avec les pochettes qui était là depuis hier est aussi très bleue <eos>,13,bleue,bleu,11,F,P,bleue,-11.633563,bleu,-12.164714,1
2297,S_NOUN_8_ADJ_a,F,S,la lampe avec les pochettes qui était là depuis hier est aussi très noire <eos>,13,noire,noir,11,F,P,noire,-8.328987,noir,-11.866078,1
2298,S_NOUN_8_ADJ_a,F,S,la lampe avec les pochettes qui était là depuis hier est aussi très délicate <eos>,13,délicate,délicat,11,F,P,délicate,-7.0807905,délicat,-10.816084,1
2299,S_NOUN_8_ADJ_a,F,S,la lampe avec les pochettes qui était là depuis hier est aussi très pointue <eos>,13,pointue,pointu,11,F,P,pointue,-9.454425,pointu,-11.405402,1
2300,S_NOUN_8_ADJ_a,F,S,la lampe avec les pochettes qui était là depuis hier est aussi très ronde <eos>,13,ronde,rond,11,F,P,ronde,-11.231304,rond,-15.257355,1
2301,S_NOUN_8_ADJ_a,F,S,la lampe avec les pochettes qui était là depuis hier est aussi très froide <eos>,13,froide,froid,11,F,P,froide,-9.261373,froid,-10.702183,1
2302,S_NOUN_8_ADJ_a,F,S,la lampe avec les pochettes qui était là depuis hier est aussi très chaude <eos>,13,chaude,chaud,11,F,P,chaude,-6.25515,chaud,-10.846506,1
2303,S_NOUN_8_ADJ_a,F,S,la lampe avec les pochettes qui était là depuis hier est aussi très importante <eos>,13,importante,important,11,F,P,importante,-3.8994498,important,-7.8196254,1
2304,S_NOUN_8_ADJ_a,F,S,la lampe avec les pochettes qui était là depuis hier est aussi très courte <eos>,13,courte,court,11,F,P,courte,-5.54167,court,-8.00195,1
2305,S_NOUN_8_ADJ_a,F,S,la lampe avec les pochettes qui était là depuis hier est aussi très dure <eos>,13,dure,dur,11,F,P,dure,-6.392606,dur,-7.905779,1
2306,S_NOUN_8_ADJ_a,F,S,la lampe avec les pochettes qui était là depuis hier est aussi très claire <eos>,13,claire,clair,11,F,P,claire,-5.5669007,clair,-8.838366,1
2307,S_NOUN_8_ADJ_a,F,S,la lampe avec les pochettes qui était là depuis hier est aussi très intéressante <eos>,13,intéressante,intéressant,11,F,P,intéressante,-5.3922772,intéressant,-8.69301,1
2308,S_NOUN_8_ADJ_a,F,S,la lampe avec les pochettes qui était là depuis hier est aussi très brillante <eos>,13,brillante,brillant,11,F,P,brillante,-5.9027615,brillant,-10.391921,1
2309,S_NOUN_8_ADJ_a,F,S,la lampe avec les pochettes qui était là depuis hier est aussi très compliquée <eos>,13,compliquée,compliqué,11,F,P,compliquée,-6.0729146,compliqué,-9.428696,1
2310,S_NOUN_8_ADJ_a,F,S,la lampe avec les bananes qui était là depuis hier est aussi très verte <eos>,13,verte,vert,11,F,P,verte,-8.506588,vert,-11.405003,1
2311,S_NOUN_8_ADJ_a,F,S,la lampe avec les bananes qui était là depuis hier est aussi très bleue <eos>,13,bleue,bleu,11,F,P,bleue,-11.3443,bleu,-12.247847,1
2312,S_NOUN_8_ADJ_a,F,S,la lampe avec les bananes qui était là depuis hier est aussi très noire <eos>,13,noire,noir,11,F,P,noire,-7.9249287,noir,-12.009436,1
2313,S_NOUN_8_ADJ_a,F,S,la lampe avec les bananes qui était là depuis hier est aussi très délicate <eos>,13,délicate,délicat,11,F,P,délicate,-6.238283,délicat,-9.976519,1
2314,S_NOUN_8_ADJ_a,F,S,la lampe avec les bananes qui était là depuis hier est aussi très pointue <eos>,13,pointue,pointu,11,F,P,pointue,-9.225624,pointu,-11.736088,1
2315,S_NOUN_8_ADJ_a,F,S,la lampe avec les bananes qui était là depuis hier est aussi très ronde <eos>,13,ronde,rond,11,F,P,ronde,-10.274455,rond,-14.569149,1
2316,S_NOUN_8_ADJ_a,F,S,la lampe avec les bananes qui était là depuis hier est aussi très froide <eos>,13,froide,froid,11,F,P,froide,-7.4295263,froid,-10.180725,1
2317,S_NOUN_8_ADJ_a,F,S,la lampe avec les bananes qui était là depuis hier est aussi très chaude <eos>,13,chaude,chaud,11,F,P,chaude,-5.4774003,chaud,-9.42481,1
2318,S_NOUN_8_ADJ_a,F,S,la lampe avec les bananes qui était là depuis hier est aussi très importante <eos>,13,importante,important,11,F,P,importante,-4.2759066,important,-8.430255,1
2319,S_NOUN_8_ADJ_a,F,S,la lampe avec les bananes qui était là depuis hier est aussi très courte <eos>,13,courte,court,11,F,P,courte,-6.1920733,court,-8.167178,1
2320,S_NOUN_8_ADJ_a,F,S,la lampe avec les bananes qui était là depuis hier est aussi très dure <eos>,13,dure,dur,11,F,P,dure,-6.2932053,dur,-8.249968,1
2321,S_NOUN_8_ADJ_a,F,S,la lampe avec les bananes qui était là depuis hier est aussi très claire <eos>,13,claire,clair,11,F,P,claire,-5.4966784,clair,-8.896924,1
2322,S_NOUN_8_ADJ_a,F,S,la lampe avec les bananes qui était là depuis hier est aussi très intéressante <eos>,13,intéressante,intéressant,11,F,P,intéressante,-5.7043624,intéressant,-9.060823,1
2323,S_NOUN_8_ADJ_a,F,S,la lampe avec les bananes qui était là depuis hier est aussi très brillante <eos>,13,brillante,brillant,11,F,P,brillante,-6.772616,brillant,-10.605397,1
2324,S_NOUN_8_ADJ_a,F,S,la lampe avec les bananes qui était là depuis hier est aussi très compliquée <eos>,13,compliquée,compliqué,11,F,P,compliquée,-6.4687448,compliqué,-8.880142,1
2325,S_NOUN_8_ADJ_a,F,S,la lampe avec les robes qui était là depuis hier est aussi très verte <eos>,13,verte,vert,11,F,P,verte,-8.829654,vert,-11.414568,1
2326,S_NOUN_8_ADJ_a,F,S,la lampe avec les robes qui était là depuis hier est aussi très bleue <eos>,13,bleue,bleu,11,F,P,bleue,-10.836897,bleu,-11.677204,1
2327,S_NOUN_8_ADJ_a,F,S,la lampe avec les robes qui était là depuis hier est aussi très noire <eos>,13,noire,noir,11,F,P,noire,-7.282441,noir,-11.492853,1
2328,S_NOUN_8_ADJ_a,F,S,la lampe avec les robes qui était là depuis hier est aussi très délicate <eos>,13,délicate,délicat,11,F,P,délicate,-6.851964,délicat,-10.548219,1
2329,S_NOUN_8_ADJ_a,F,S,la lampe avec les robes qui était là depuis hier est aussi très pointue <eos>,13,pointue,pointu,11,F,P,pointue,-9.882306,pointu,-12.073948,1
2330,S_NOUN_8_ADJ_a,F,S,la lampe avec les robes qui était là depuis hier est aussi très ronde <eos>,13,ronde,rond,11,F,P,ronde,-10.895821,rond,-14.720015,1
2331,S_NOUN_8_ADJ_a,F,S,la lampe avec les robes qui était là depuis hier est aussi très froide <eos>,13,froide,froid,11,F,P,froide,-7.7655296,froid,-10.4533,1
2332,S_NOUN_8_ADJ_a,F,S,la lampe avec les robes qui était là depuis hier est aussi très chaude <eos>,13,chaude,chaud,11,F,P,chaude,-5.944395,chaud,-9.995256,1
2333,S_NOUN_8_ADJ_a,F,S,la lampe avec les robes qui était là depuis hier est aussi très importante <eos>,13,importante,important,11,F,P,importante,-4.6441445,important,-8.545221,1
2334,S_NOUN_8_ADJ_a,F,S,la lampe avec les robes qui était là depuis hier est aussi très courte <eos>,13,courte,court,11,F,P,courte,-5.8298655,court,-8.120998,1
2335,S_NOUN_8_ADJ_a,F,S,la lampe avec les robes qui était là depuis hier est aussi très dure <eos>,13,dure,dur,11,F,P,dure,-6.945196,dur,-9.527277,1
2336,S_NOUN_8_ADJ_a,F,S,la lampe avec les robes qui était là depuis hier est aussi très claire <eos>,13,claire,clair,11,F,P,claire,-5.6085396,clair,-8.562608,1
2337,S_NOUN_8_ADJ_a,F,S,la lampe avec les robes qui était là depuis hier est aussi très intéressante <eos>,13,intéressante,intéressant,11,F,P,intéressante,-5.8713346,intéressant,-9.085058,1
2338,S_NOUN_8_ADJ_a,F,S,la lampe avec les robes qui était là depuis hier est aussi très brillante <eos>,13,brillante,brillant,11,F,P,brillante,-6.665124,brillant,-10.903224,1
2339,S_NOUN_8_ADJ_a,F,S,la lampe avec les robes qui était là depuis hier est aussi très compliquée <eos>,13,compliquée,compliqué,11,F,P,compliquée,-6.8173656,compliqué,-9.258457,1
2340,S_NOUN_8_ADJ_a,F,S,la lampe avec les valises qui était là depuis hier est aussi très verte <eos>,13,verte,vert,11,F,P,verte,-9.231397,vert,-11.720968,1
2341,S_NOUN_8_ADJ_a,F,S,la lampe avec les valises qui était là depuis hier est aussi très bleue <eos>,13,bleue,bleu,11,F,P,bleue,-11.818024,bleu,-12.2642765,1
2342,S_NOUN_8_ADJ_a,F,S,la lampe avec les valises qui était là depuis hier est aussi très noire <eos>,13,noire,noir,11,F,P,noire,-8.044506,noir,-11.898909,1
2343,S_NOUN_8_ADJ_a,F,S,la lampe avec les valises qui était là depuis hier est aussi très délicate <eos>,13,délicate,délicat,11,F,P,délicate,-6.1002145,délicat,-10.180363,1
2344,S_NOUN_8_ADJ_a,F,S,la lampe avec les valises qui était là depuis hier est aussi très pointue <eos>,13,pointue,pointu,11,F,P,pointue,-9.259321,pointu,-12.138765,1
2345,S_NOUN_8_ADJ_a,F,S,la lampe avec les valises qui était là depuis hier est aussi très ronde <eos>,13,ronde,rond,11,F,P,ronde,-10.41905,rond,-14.623467,1
2346,S_NOUN_8_ADJ_a,F,S,la lampe avec les valises qui était là depuis hier est aussi très froide <eos>,13,froide,froid,11,F,P,froide,-7.5288253,froid,-10.231701,1
2347,S_NOUN_8_ADJ_a,F,S,la lampe avec les valises qui était là depuis hier est aussi très chaude <eos>,13,chaude,chaud,11,F,P,chaude,-5.365476,chaud,-9.58886,1
2348,S_NOUN_8_ADJ_a,F,S,la lampe avec les valises qui était là depuis hier est aussi très importante <eos>,13,importante,important,11,F,P,importante,-4.0556183,important,-8.070975,1
2349,S_NOUN_8_ADJ_a,F,S,la lampe avec les valises qui était là depuis hier est aussi très courte <eos>,13,courte,court,11,F,P,courte,-5.816393,court,-8.082783,1
2350,S_NOUN_8_ADJ_a,F,S,la lampe avec les valises qui était là depuis hier est aussi très dure <eos>,13,dure,dur,11,F,P,dure,-6.7536483,dur,-8.491867,1
2351,S_NOUN_8_ADJ_a,F,S,la lampe avec les valises qui était là depuis hier est aussi très claire <eos>,13,claire,clair,11,F,P,claire,-5.8550644,clair,-9.239372,1
2352,S_NOUN_8_ADJ_a,F,S,la lampe avec les valises qui était là depuis hier est aussi très intéressante <eos>,13,intéressante,intéressant,11,F,P,intéressante,-5.1246405,intéressant,-8.572678,1
2353,S_NOUN_8_ADJ_a,F,S,la lampe avec les valises qui était là depuis hier est aussi très brillante <eos>,13,brillante,brillant,11,F,P,brillante,-6.695136,brillant,-10.674666,1
2354,S_NOUN_8_ADJ_a,F,S,la lampe avec les valises qui était là depuis hier est aussi très compliquée <eos>,13,compliquée,compliqué,11,F,P,compliquée,-5.8884172,compliqué,-8.365906,1
2355,S_NOUN_8_ADJ_a,F,S,la lampe avec les pendules qui était là depuis hier est aussi très verte <eos>,13,verte,vert,11,F,P,verte,-8.814259,vert,-11.149452,1
2356,S_NOUN_8_ADJ_a,F,S,la lampe avec les pendules qui était là depuis hier est aussi très bleue <eos>,13,bleue,bleu,11,F,P,bleue,-11.208412,bleu,-11.792509,1
2357,S_NOUN_8_ADJ_a,F,S,la lampe avec les pendules qui était là depuis hier est aussi très noire <eos>,13,noire,noir,11,F,P,noire,-7.60295,noir,-11.461565,1
2358,S_NOUN_8_ADJ_a,F,S,la lampe avec les pendules qui était là depuis hier est aussi très délicate <eos>,13,délicate,délicat,11,F,P,délicate,-5.8927336,délicat,-9.996052,1
2359,S_NOUN_8_ADJ_a,F,S,la lampe avec les pendules qui était là depuis hier est aussi très pointue <eos>,13,pointue,pointu,11,F,P,pointue,-9.123873,pointu,-12.2308035,1
2360,S_NOUN_8_ADJ_a,F,S,la lampe avec les pendules qui était là depuis hier est aussi très ronde <eos>,13,ronde,rond,11,F,P,ronde,-10.726191,rond,-14.715722,1
2361,S_NOUN_8_ADJ_a,F,S,la lampe avec les pendules qui était là depuis hier est aussi très froide <eos>,13,froide,froid,11,F,P,froide,-7.62495,froid,-10.259264,1
2362,S_NOUN_8_ADJ_a,F,S,la lampe avec les pendules qui était là depuis hier est aussi très chaude <eos>,13,chaude,chaud,11,F,P,chaude,-5.581309,chaud,-9.615982,1
2363,S_NOUN_8_ADJ_a,F,S,la lampe avec les pendules qui était là depuis hier est aussi très importante <eos>,13,importante,important,11,F,P,importante,-4.68231,important,-8.648898,1
2364,S_NOUN_8_ADJ_a,F,S,la lampe avec les pendules qui était là depuis hier est aussi très courte <eos>,13,courte,court,11,F,P,courte,-5.81273,court,-8.113805,1
2365,S_NOUN_8_ADJ_a,F,S,la lampe avec les pendules qui était là depuis hier est aussi très dure <eos>,13,dure,dur,11,F,P,dure,-6.715824,dur,-8.621213,1
2366,S_NOUN_8_ADJ_a,F,S,la lampe avec les pendules qui était là depuis hier est aussi très claire <eos>,13,claire,clair,11,F,P,claire,-5.575058,clair,-8.763288,1
2367,S_NOUN_8_ADJ_a,F,S,la lampe avec les pendules qui était là depuis hier est aussi très intéressante <eos>,13,intéressante,intéressant,11,F,P,intéressante,-5.6536684,intéressant,-8.946192,1
2368,S_NOUN_8_ADJ_a,F,S,la lampe avec les pendules qui était là depuis hier est aussi très brillante <eos>,13,brillante,brillant,11,F,P,brillante,-6.5278006,brillant,-10.381517,1
2369,S_NOUN_8_ADJ_a,F,S,la lampe avec les pendules qui était là depuis hier est aussi très compliquée <eos>,13,compliquée,compliqué,11,F,P,compliquée,-5.5586147,compliqué,-8.265511,1
2370,S_NOUN_8_ADJ_a,F,S,la lampe avec les cloches qui était là depuis hier est aussi très verte <eos>,13,verte,vert,11,F,P,verte,-8.889004,vert,-11.054225,1
2371,S_NOUN_8_ADJ_a,F,S,la lampe avec les cloches qui était là depuis hier est aussi très bleue <eos>,13,bleue,bleu,11,F,P,bleue,-11.223423,bleu,-11.923912,1
2372,S_NOUN_8_ADJ_a,F,S,la lampe avec les cloches qui était là depuis hier est aussi très noire <eos>,13,noire,noir,11,F,P,noire,-7.6207504,noir,-12.006806,1
2373,S_NOUN_8_ADJ_a,F,S,la lampe avec les cloches qui était là depuis hier est aussi très délicate <eos>,13,délicate,délicat,11,F,P,délicate,-5.7257733,délicat,-9.74515,1
2374,S_NOUN_8_ADJ_a,F,S,la lampe avec les cloches qui était là depuis hier est aussi très pointue <eos>,13,pointue,pointu,11,F,P,pointue,-9.482107,pointu,-12.62372,1
2375,S_NOUN_8_ADJ_a,F,S,la lampe avec les cloches qui était là depuis hier est aussi très ronde <eos>,13,ronde,rond,11,F,P,ronde,-10.417119,rond,-14.905591,1
2376,S_NOUN_8_ADJ_a,F,S,la lampe avec les cloches qui était là depuis hier est aussi très froide <eos>,13,froide,froid,11,F,P,froide,-7.275585,froid,-10.043527,1
2377,S_NOUN_8_ADJ_a,F,S,la lampe avec les cloches qui était là depuis hier est aussi très chaude <eos>,13,chaude,chaud,11,F,P,chaude,-4.781707,chaud,-9.412645,1
2378,S_NOUN_8_ADJ_a,F,S,la lampe avec les cloches qui était là depuis hier est aussi très importante <eos>,13,importante,important,11,F,P,importante,-4.3606806,important,-8.515989,1
2379,S_NOUN_8_ADJ_a,F,S,la lampe avec les cloches qui était là depuis hier est aussi très courte <eos>,13,courte,court,11,F,P,courte,-5.800933,court,-8.2947035,1
2380,S_NOUN_8_ADJ_a,F,S,la lampe avec les cloches qui était là depuis hier est aussi très dure <eos>,13,dure,dur,11,F,P,dure,-5.95323,dur,-8.238559,1
2381,S_NOUN_8_ADJ_a,F,S,la lampe avec les cloches qui était là depuis hier est aussi très claire <eos>,13,claire,clair,11,F,P,claire,-5.4276643,clair,-8.59659,1
2382,S_NOUN_8_ADJ_a,F,S,la lampe avec les cloches qui était là depuis hier est aussi très intéressante <eos>,13,intéressante,intéressant,11,F,P,intéressante,-5.5651617,intéressant,-8.959105,1
2383,S_NOUN_8_ADJ_a,F,S,la lampe avec les cloches qui était là depuis hier est aussi très brillante <eos>,13,brillante,brillant,11,F,P,brillante,-5.9814157,brillant,-10.161469,1
2384,S_NOUN_8_ADJ_a,F,S,la lampe avec les cloches qui était là depuis hier est aussi très compliquée <eos>,13,compliquée,compliqué,11,F,P,compliquée,-6.2238455,compliqué,-8.817114,1
2385,S_NOUN_8_ADJ_a,F,S,la lampe avec les cerises qui était là depuis hier est aussi très verte <eos>,13,verte,vert,11,F,P,verte,-8.95504,vert,-11.334684,1
2386,S_NOUN_8_ADJ_a,F,S,la lampe avec les cerises qui était là depuis hier est aussi très bleue <eos>,13,bleue,bleu,11,F,P,bleue,-11.62569,bleu,-12.022157,1
2387,S_NOUN_8_ADJ_a,F,S,la lampe avec les cerises qui était là depuis hier est aussi très noire <eos>,13,noire,noir,11,F,P,noire,-7.7168345,noir,-11.835028,1
2388,S_NOUN_8_ADJ_a,F,S,la lampe avec les cerises qui était là depuis hier est aussi très délicate <eos>,13,délicate,délicat,11,F,P,délicate,-5.804171,délicat,-9.474545,1
2389,S_NOUN_8_ADJ_a,F,S,la lampe avec les cerises qui était là depuis hier est aussi très pointue <eos>,13,pointue,pointu,11,F,P,pointue,-9.351783,pointu,-11.973994,1
2390,S_NOUN_8_ADJ_a,F,S,la lampe avec les cerises qui était là depuis hier est aussi très ronde <eos>,13,ronde,rond,11,F,P,ronde,-10.319638,rond,-14.30051,1
2391,S_NOUN_8_ADJ_a,F,S,la lampe avec les cerises qui était là depuis hier est aussi très froide <eos>,13,froide,froid,11,F,P,froide,-7.338147,froid,-9.843599,1
2392,S_NOUN_8_ADJ_a,F,S,la lampe avec les cerises qui était là depuis hier est aussi très chaude <eos>,13,chaude,chaud,11,F,P,chaude,-5.480813,chaud,-9.40786,1
2393,S_NOUN_8_ADJ_a,F,S,la lampe avec les cerises qui était là depuis hier est aussi très importante <eos>,13,importante,important,11,F,P,importante,-4.1903596,important,-8.360573,1
2394,S_NOUN_8_ADJ_a,F,S,la lampe avec les cerises qui était là depuis hier est aussi très courte <eos>,13,courte,court,11,F,P,courte,-5.8771133,court,-8.37286,1
2395,S_NOUN_8_ADJ_a,F,S,la lampe avec les cerises qui était là depuis hier est aussi très dure <eos>,13,dure,dur,11,F,P,dure,-6.1553516,dur,-8.5013685,1
2396,S_NOUN_8_ADJ_a,F,S,la lampe avec les cerises qui était là depuis hier est aussi très claire <eos>,13,claire,clair,11,F,P,claire,-5.2165823,clair,-8.723596,1
2397,S_NOUN_8_ADJ_a,F,S,la lampe avec les cerises qui était là depuis hier est aussi très intéressante <eos>,13,intéressante,intéressant,11,F,P,intéressante,-5.784297,intéressant,-9.053426,1
2398,S_NOUN_8_ADJ_a,F,S,la lampe avec les cerises qui était là depuis hier est aussi très brillante <eos>,13,brillante,brillant,11,F,P,brillante,-6.449438,brillant,-10.591551,1
2399,S_NOUN_8_ADJ_a,F,S,la lampe avec les cerises qui était là depuis hier est aussi très compliquée <eos>,13,compliquée,compliqué,11,F,P,compliquée,-6.4628396,compliqué,-9.20903,1
2400,S_NOUN_8_ADJ_a,F,S,la bouteille avec les gemmes qui était là depuis hier est aussi très verte <eos>,13,verte,vert,11,F,P,verte,-9.240288,vert,-11.418404,1
2401,S_NOUN_8_ADJ_a,F,S,la bouteille avec les gemmes qui était là depuis hier est aussi très bleue <eos>,13,bleue,bleu,11,F,P,bleue,-11.481171,bleu,-12.040562,1
2402,S_NOUN_8_ADJ_a,F,S,la bouteille avec les gemmes qui était là depuis hier est aussi très noire <eos>,13,noire,noir,11,F,P,noire,-7.7786913,noir,-11.735618,1
2403,S_NOUN_8_ADJ_a,F,S,la bouteille avec les gemmes qui était là depuis hier est aussi très délicate <eos>,13,délicate,délicat,11,F,P,délicate,-5.8846292,délicat,-9.843732,1
2404,S_NOUN_8_ADJ_a,F,S,la bouteille avec les gemmes qui était là depuis hier est aussi très pointue <eos>,13,pointue,pointu,11,F,P,pointue,-9.872452,pointu,-12.553305,1
2405,S_NOUN_8_ADJ_a,F,S,la bouteille avec les gemmes qui était là depuis hier est aussi très ronde <eos>,13,ronde,rond,11,F,P,ronde,-10.613041,rond,-14.3727865,1
2406,S_NOUN_8_ADJ_a,F,S,la bouteille avec les gemmes qui était là depuis hier est aussi très froide <eos>,13,froide,froid,11,F,P,froide,-6.6400857,froid,-9.139467,1
2407,S_NOUN_8_ADJ_a,F,S,la bouteille avec les gemmes qui était là depuis hier est aussi très chaude <eos>,13,chaude,chaud,11,F,P,chaude,-5.139015,chaud,-9.047678,1
2408,S_NOUN_8_ADJ_a,F,S,la bouteille avec les gemmes qui était là depuis hier est aussi très importante <eos>,13,importante,important,11,F,P,importante,-4.0668774,important,-8.064441,1
2409,S_NOUN_8_ADJ_a,F,S,la bouteille avec les gemmes qui était là depuis hier est aussi très courte <eos>,13,courte,court,11,F,P,courte,-6.375107,court,-8.242161,1
2410,S_NOUN_8_ADJ_a,F,S,la bouteille avec les gemmes qui était là depuis hier est aussi très dure <eos>,13,dure,dur,11,F,P,dure,-6.593129,dur,-8.153974,1
2411,S_NOUN_8_ADJ_a,F,S,la bouteille avec les gemmes qui était là depuis hier est aussi très claire <eos>,13,claire,clair,11,F,P,claire,-5.0864415,clair,-8.433884,1
2412,S_NOUN_8_ADJ_a,F,S,la bouteille avec les gemmes qui était là depuis hier est aussi très intéressante <eos>,13,intéressante,intéressant,11,F,P,intéressante,-5.2818313,intéressant,-9.036036,1
2413,S_NOUN_8_ADJ_a,F,S,la bouteille avec les gemmes qui était là depuis hier est aussi très brillante <eos>,13,brillante,brillant,11,F,P,brillante,-6.267897,brillant,-10.413296,1
2414,S_NOUN_8_ADJ_a,F,S,la bouteille avec les gemmes qui était là depuis hier est aussi très compliquée <eos>,13,compliquée,compliqué,11,F,P,compliquée,-6.4706745,compliqué,-8.795254,1
2415,S_NOUN_8_ADJ_a,F,S,la bouteille avec les chaises qui était là depuis hier est aussi très verte <eos>,13,verte,vert,11,F,P,verte,-9.173913,vert,-11.31052,1
2416,S_NOUN_8_ADJ_a,F,S,la bouteille avec les chaises qui était là depuis hier est aussi très bleue <eos>,13,bleue,bleu,11,F,P,bleue,-11.635648,bleu,-11.792239,1
2417,S_NOUN_8_ADJ_a,F,S,la bouteille avec les chaises qui était là depuis hier est aussi très noire <eos>,13,noire,noir,11,F,P,noire,-7.6639605,noir,-12.011004,1
2418,S_NOUN_8_ADJ_a,F,S,la bouteille avec les chaises qui était là depuis hier est aussi très délicate <eos>,13,délicate,délicat,11,F,P,délicate,-6.183383,délicat,-9.781978,1
2419,S_NOUN_8_ADJ_a,F,S,la bouteille avec les chaises qui était là depuis hier est aussi très pointue <eos>,13,pointue,pointu,11,F,P,pointue,-9.33935,pointu,-12.114387,1
2420,S_NOUN_8_ADJ_a,F,S,la bouteille avec les chaises qui était là depuis hier est aussi très ronde <eos>,13,ronde,rond,11,F,P,ronde,-9.7893095,rond,-13.497345,1
2421,S_NOUN_8_ADJ_a,F,S,la bouteille avec les chaises qui était là depuis hier est aussi très froide <eos>,13,froide,froid,11,F,P,froide,-7.149787,froid,-9.808956,1
2422,S_NOUN_8_ADJ_a,F,S,la bouteille avec les chaises qui était là depuis hier est aussi très chaude <eos>,13,chaude,chaud,11,F,P,chaude,-4.6879444,chaud,-9.285737,1
2423,S_NOUN_8_ADJ_a,F,S,la bouteille avec les chaises qui était là depuis hier est aussi très importante <eos>,13,importante,important,11,F,P,importante,-4.243953,important,-8.251789,1
2424,S_NOUN_8_ADJ_a,F,S,la bouteille avec les chaises qui était là depuis hier est aussi très courte <eos>,13,courte,court,11,F,P,courte,-5.928651,court,-7.813466,1
2425,S_NOUN_8_ADJ_a,F,S,la bouteille avec les chaises qui était là depuis hier est aussi très dure <eos>,13,dure,dur,11,F,P,dure,-6.272497,dur,-8.445665,1
2426,S_NOUN_8_ADJ_a,F,S,la bouteille avec les chaises qui était là depuis hier est aussi très claire <eos>,13,claire,clair,11,F,P,claire,-5.084304,clair,-8.527688,1
2427,S_NOUN_8_ADJ_a,F,S,la bouteille avec les chaises qui était là depuis hier est aussi très intéressante <eos>,13,intéressante,intéressant,11,F,P,intéressante,-5.3972635,intéressant,-8.851227,1
2428,S_NOUN_8_ADJ_a,F,S,la bouteille avec les chaises qui était là depuis hier est aussi très brillante <eos>,13,brillante,brillant,11,F,P,brillante,-6.3046913,brillant,-10.55427,1
2429,S_NOUN_8_ADJ_a,F,S,la bouteille avec les chaises qui était là depuis hier est aussi très compliquée <eos>,13,compliquée,compliqué,11,F,P,compliquée,-6.454853,compliqué,-8.741521,1
2430,S_NOUN_8_ADJ_a,F,S,la bouteille avec les poubelles qui était là depuis hier est aussi très verte <eos>,13,verte,vert,11,F,P,verte,-9.599096,vert,-11.740055,1
2431,S_NOUN_8_ADJ_a,F,S,la bouteille avec les poubelles qui était là depuis hier est aussi très bleue <eos>,13,bleue,bleu,11,F,P,bleue,-12.093651,bleu,-12.220985,1
2432,S_NOUN_8_ADJ_a,F,S,la bouteille avec les poubelles qui était là depuis hier est aussi très noire <eos>,13,noire,noir,11,F,P,noire,-8.037693,noir,-12.139808,1
2433,S_NOUN_8_ADJ_a,F,S,la bouteille avec les poubelles qui était là depuis hier est aussi très délicate <eos>,13,délicate,délicat,11,F,P,délicate,-6.03623,délicat,-9.911942,1
2434,S_NOUN_8_ADJ_a,F,S,la bouteille avec les poubelles qui était là depuis hier est aussi très pointue <eos>,13,pointue,pointu,11,F,P,pointue,-9.429154,pointu,-12.123991,1
2435,S_NOUN_8_ADJ_a,F,S,la bouteille avec les poubelles qui était là depuis hier est aussi très ronde <eos>,13,ronde,rond,11,F,P,ronde,-10.23246,rond,-14.02356,1
2436,S_NOUN_8_ADJ_a,F,S,la bouteille avec les poubelles qui était là depuis hier est aussi très froide <eos>,13,froide,froid,11,F,P,froide,-6.6676188,froid,-9.368796,1
2437,S_NOUN_8_ADJ_a,F,S,la bouteille avec les poubelles qui était là depuis hier est aussi très chaude <eos>,13,chaude,chaud,11,F,P,chaude,-4.926933,chaud,-9.229618,1
2438,S_NOUN_8_ADJ_a,F,S,la bouteille avec les poubelles qui était là depuis hier est aussi très importante <eos>,13,importante,important,11,F,P,importante,-4.0090275,important,-7.950242,1
2439,S_NOUN_8_ADJ_a,F,S,la bouteille avec les poubelles qui était là depuis hier est aussi très courte <eos>,13,courte,court,11,F,P,courte,-6.269578,court,-8.0091305,1
2440,S_NOUN_8_ADJ_a,F,S,la bouteille avec les poubelles qui était là depuis hier est aussi très dure <eos>,13,dure,dur,11,F,P,dure,-6.798973,dur,-8.455214,1
2441,S_NOUN_8_ADJ_a,F,S,la bouteille avec les poubelles qui était là depuis hier est aussi très claire <eos>,13,claire,clair,11,F,P,claire,-5.2708626,clair,-8.947729,1
2442,S_NOUN_8_ADJ_a,F,S,la bouteille avec les poubelles qui était là depuis hier est aussi très intéressante <eos>,13,intéressante,intéressant,11,F,P,intéressante,-5.1890035,intéressant,-8.790842,1
2443,S_NOUN_8_ADJ_a,F,S,la bouteille avec les poubelles qui était là depuis hier est aussi très brillante <eos>,13,brillante,brillant,11,F,P,brillante,-6.926202,brillant,-10.920583,1
2444,S_NOUN_8_ADJ_a,F,S,la bouteille avec les poubelles qui était là depuis hier est aussi très compliquée <eos>,13,compliquée,compliqué,11,F,P,compliquée,-6.3587327,compliqué,-8.75436,1
2445,S_NOUN_8_ADJ_a,F,S,la bouteille avec les chemises qui était là depuis hier est aussi très verte <eos>,13,verte,vert,11,F,P,verte,-9.219362,vert,-11.407537,1
2446,S_NOUN_8_ADJ_a,F,S,la bouteille avec les chemises qui était là depuis hier est aussi très bleue <eos>,13,bleue,bleu,11,F,P,bleue,-11.25189,bleu,-11.777714,1
2447,S_NOUN_8_ADJ_a,F,S,la bouteille avec les chemises qui était là depuis hier est aussi très noire <eos>,13,noire,noir,11,F,P,noire,-7.160659,noir,-11.548375,1
2448,S_NOUN_8_ADJ_a,F,S,la bouteille avec les chemises qui était là depuis hier est aussi très délicate <eos>,13,délicate,délicat,11,F,P,délicate,-6.077255,délicat,-9.89699,1
2449,S_NOUN_8_ADJ_a,F,S,la bouteille avec les chemises qui était là depuis hier est aussi très pointue <eos>,13,pointue,pointu,11,F,P,pointue,-9.110928,pointu,-11.672957,1
2450,S_NOUN_8_ADJ_a,F,S,la bouteille avec les chemises qui était là depuis hier est aussi très ronde <eos>,13,ronde,rond,11,F,P,ronde,-10.109585,rond,-13.583626,1
2451,S_NOUN_8_ADJ_a,F,S,la bouteille avec les chemises qui était là depuis hier est aussi très froide <eos>,13,froide,froid,11,F,P,froide,-7.4262524,froid,-10.1119795,1
2452,S_NOUN_8_ADJ_a,F,S,la bouteille avec les chemises qui était là depuis hier est aussi très chaude <eos>,13,chaude,chaud,11,F,P,chaude,-5.863931,chaud,-9.74074,1
2453,S_NOUN_8_ADJ_a,F,S,la bouteille avec les chemises qui était là depuis hier est aussi très importante <eos>,13,importante,important,11,F,P,importante,-4.6915264,important,-8.530685,1
2454,S_NOUN_8_ADJ_a,F,S,la bouteille avec les chemises qui était là depuis hier est aussi très courte <eos>,13,courte,court,11,F,P,courte,-5.736079,court,-7.6977663,1
2455,S_NOUN_8_ADJ_a,F,S,la bouteille avec les chemises qui était là depuis hier est aussi très dure <eos>,13,dure,dur,11,F,P,dure,-6.4284954,dur,-8.517088,1
2456,S_NOUN_8_ADJ_a,F,S,la bouteille avec les chemises qui était là depuis hier est aussi très claire <eos>,13,claire,clair,11,F,P,claire,-5.0975456,clair,-8.370632,1
2457,S_NOUN_8_ADJ_a,F,S,la bouteille avec les chemises qui était là depuis hier est aussi très intéressante <eos>,13,intéressante,intéressant,11,F,P,intéressante,-5.7843676,intéressant,-9.149898,1
2458,S_NOUN_8_ADJ_a,F,S,la bouteille avec les chemises qui était là depuis hier est aussi très brillante <eos>,13,brillante,brillant,11,F,P,brillante,-6.795409,brillant,-10.674915,1
2459,S_NOUN_8_ADJ_a,F,S,la bouteille avec les chemises qui était là depuis hier est aussi très compliquée <eos>,13,compliquée,compliqué,11,F,P,compliquée,-6.1458025,compliqué,-8.449359,1
2460,S_NOUN_8_ADJ_a,F,S,la bouteille avec les recettes qui était là depuis hier est aussi très verte <eos>,13,verte,vert,11,F,P,verte,-10.303117,vert,-11.982855,1
2461,S_NOUN_8_ADJ_a,F,S,la bouteille avec les recettes qui était là depuis hier est aussi très bleue <eos>,13,bleue,bleu,11,F,P,bleue,-13.1312895,bleu,-12.732501,0
2462,S_NOUN_8_ADJ_a,F,S,la bouteille avec les recettes qui était là depuis hier est aussi très noire <eos>,13,noire,noir,11,F,P,noire,-9.29031,noir,-12.191226,1
2463,S_NOUN_8_ADJ_a,F,S,la bouteille avec les recettes qui était là depuis hier est aussi très délicate <eos>,13,délicate,délicat,11,F,P,délicate,-6.333371,délicat,-9.857774,1
2464,S_NOUN_8_ADJ_a,F,S,la bouteille avec les recettes qui était là depuis hier est aussi très pointue <eos>,13,pointue,pointu,11,F,P,pointue,-10.171064,pointu,-12.341824,1
2465,S_NOUN_8_ADJ_a,F,S,la bouteille avec les recettes qui était là depuis hier est aussi très ronde <eos>,13,ronde,rond,11,F,P,ronde,-11.508858,rond,-14.487795,1
2466,S_NOUN_8_ADJ_a,F,S,la bouteille avec les recettes qui était là depuis hier est aussi très froide <eos>,13,froide,froid,11,F,P,froide,-7.638627,froid,-9.571906,1
2467,S_NOUN_8_ADJ_a,F,S,la bouteille avec les recettes qui était là depuis hier est aussi très chaude <eos>,13,chaude,chaud,11,F,P,chaude,-5.656451,chaud,-9.317101,1
2468,S_NOUN_8_ADJ_a,F,S,la bouteille avec les recettes qui était là depuis hier est aussi très importante <eos>,13,importante,important,11,F,P,importante,-3.3576646,important,-7.0992274,1
2469,S_NOUN_8_ADJ_a,F,S,la bouteille avec les recettes qui était là depuis hier est aussi très courte <eos>,13,courte,court,11,F,P,courte,-6.4615335,court,-8.078374,1
2470,S_NOUN_8_ADJ_a,F,S,la bouteille avec les recettes qui était là depuis hier est aussi très dure <eos>,13,dure,dur,11,F,P,dure,-7.0664,dur,-8.50091,1
2471,S_NOUN_8_ADJ_a,F,S,la bouteille avec les recettes qui était là depuis hier est aussi très claire <eos>,13,claire,clair,11,F,P,claire,-5.6788387,clair,-8.7718935,1
2472,S_NOUN_8_ADJ_a,F,S,la bouteille avec les recettes qui était là depuis hier est aussi très intéressante <eos>,13,intéressante,intéressant,11,F,P,intéressante,-5.2869,intéressant,-8.725824,1
2473,S_NOUN_8_ADJ_a,F,S,la bouteille avec les recettes qui était là depuis hier est aussi très brillante <eos>,13,brillante,brillant,11,F,P,brillante,-7.1090355,brillant,-10.775199,1
2474,S_NOUN_8_ADJ_a,F,S,la bouteille avec les recettes qui était là depuis hier est aussi très compliquée <eos>,13,compliquée,compliqué,11,F,P,compliquée,-6.996834,compliqué,-8.913002,1
2475,S_NOUN_8_ADJ_a,F,S,la bouteille avec les jupes qui était là depuis hier est aussi très verte <eos>,13,verte,vert,11,F,P,verte,-9.557873,vert,-11.762482,1
2476,S_NOUN_8_ADJ_a,F,S,la bouteille avec les jupes qui était là depuis hier est aussi très bleue <eos>,13,bleue,bleu,11,F,P,bleue,-11.57268,bleu,-11.874141,1
2477,S_NOUN_8_ADJ_a,F,S,la bouteille avec les jupes qui était là depuis hier est aussi très noire <eos>,13,noire,noir,11,F,P,noire,-7.3069577,noir,-11.615004,1
2478,S_NOUN_8_ADJ_a,F,S,la bouteille avec les jupes qui était là depuis hier est aussi très délicate <eos>,13,délicate,délicat,11,F,P,délicate,-6.4548836,délicat,-10.011839,1
2479,S_NOUN_8_ADJ_a,F,S,la bouteille avec les jupes qui était là depuis hier est aussi très pointue <eos>,13,pointue,pointu,11,F,P,pointue,-8.997092,pointu,-11.493678,1
2480,S_NOUN_8_ADJ_a,F,S,la bouteille avec les jupes qui était là depuis hier est aussi très ronde <eos>,13,ronde,rond,11,F,P,ronde,-10.174561,rond,-13.585705,1
2481,S_NOUN_8_ADJ_a,F,S,la bouteille avec les jupes qui était là depuis hier est aussi très froide <eos>,13,froide,froid,11,F,P,froide,-7.5892997,froid,-10.192749,1
2482,S_NOUN_8_ADJ_a,F,S,la bouteille avec les jupes qui était là depuis hier est aussi très chaude <eos>,13,chaude,chaud,11,F,P,chaude,-5.9109774,chaud,-10.009282,1
2483,S_NOUN_8_ADJ_a,F,S,la bouteille avec les jupes qui était là depuis hier est aussi très importante <eos>,13,importante,important,11,F,P,importante,-4.622651,important,-8.457072,1
2484,S_NOUN_8_ADJ_a,F,S,la bouteille avec les jupes qui était là depuis hier est aussi très courte <eos>,13,courte,court,11,F,P,courte,-5.6651745,court,-7.638731,1
2485,S_NOUN_8_ADJ_a,F,S,la bouteille avec les jupes qui était là depuis hier est aussi très dure <eos>,13,dure,dur,11,F,P,dure,-6.6984406,dur,-8.625964,1
2486,S_NOUN_8_ADJ_a,F,S,la bouteille avec les jupes qui était là depuis hier est aussi très claire <eos>,13,claire,clair,11,F,P,claire,-5.0998735,clair,-8.506659,1
2487,S_NOUN_8_ADJ_a,F,S,la bouteille avec les jupes qui était là depuis hier est aussi très intéressante <eos>,13,intéressante,intéressant,11,F,P,intéressante,-5.7326584,intéressant,-9.2262945,1
2488,S_NOUN_8_ADJ_a,F,S,la bouteille avec les jupes qui était là depuis hier est aussi très brillante <eos>,13,brillante,brillant,11,F,P,brillante,-6.840929,brillant,-10.886164,1
2489,S_NOUN_8_ADJ_a,F,S,la bouteille avec les jupes qui était là depuis hier est aussi très compliquée <eos>,13,compliquée,compliqué,11,F,P,compliquée,-6.172523,compliqué,-8.526409,1
2490,S_NOUN_8_ADJ_a,F,S,la bouteille avec les colles qui était là depuis hier est aussi très verte <eos>,13,verte,vert,11,F,P,verte,-9.556652,vert,-11.674372,1
2491,S_NOUN_8_ADJ_a,F,S,la bouteille avec les colles qui était là depuis hier est aussi très bleue <eos>,13,bleue,bleu,11,F,P,bleue,-11.953806,bleu,-12.234055,1
2492,S_NOUN_8_ADJ_a,F,S,la bouteille avec les colles qui était là depuis hier est aussi très noire <eos>,13,noire,noir,11,F,P,noire,-8.488042,noir,-12.378609,1
2493,S_NOUN_8_ADJ_a,F,S,la bouteille avec les colles qui était là depuis hier est aussi très délicate <eos>,13,délicate,délicat,11,F,P,délicate,-5.6310596,délicat,-9.442796,1
2494,S_NOUN_8_ADJ_a,F,S,la bouteille avec les colles qui était là depuis hier est aussi très pointue <eos>,13,pointue,pointu,11,F,P,pointue,-9.372295,pointu,-12.288746,1
2495,S_NOUN_8_ADJ_a,F,S,la bouteille avec les colles qui était là depuis hier est aussi très ronde <eos>,13,ronde,rond,11,F,P,ronde,-10.6293125,rond,-13.900509,1
2496,S_NOUN_8_ADJ_a,F,S,la bouteille avec les colles qui était là depuis hier est aussi très froide <eos>,13,froide,froid,11,F,P,froide,-6.547654,froid,-9.424832,1
2497,S_NOUN_8_ADJ_a,F,S,la bouteille avec les colles qui était là depuis hier est aussi très chaude <eos>,13,chaude,chaud,11,F,P,chaude,-4.8597145,chaud,-9.082166,1
2498,S_NOUN_8_ADJ_a,F,S,la bouteille avec les colles qui était là depuis hier est aussi très importante <eos>,13,importante,important,11,F,P,importante,-4.1172767,important,-8.058437,1
2499,S_NOUN_8_ADJ_a,F,S,la bouteille avec les colles qui était là depuis hier est aussi très courte <eos>,13,courte,court,11,F,P,courte,-6.588002,court,-8.381912,1
2500,S_NOUN_8_ADJ_a,F,S,la bouteille avec les colles qui était là depuis hier est aussi très dure <eos>,13,dure,dur,11,F,P,dure,-6.756975,dur,-7.9332333,1
2501,S_NOUN_8_ADJ_a,F,S,la bouteille avec les colles qui était là depuis hier est aussi très claire <eos>,13,claire,clair,11,F,P,claire,-5.2571974,clair,-8.510735,1
2502,S_NOUN_8_ADJ_a,F,S,la bouteille avec les colles qui était là depuis hier est aussi très intéressante <eos>,13,intéressante,intéressant,11,F,P,intéressante,-5.429044,intéressant,-8.797388,1
2503,S_NOUN_8_ADJ_a,F,S,la bouteille avec les colles qui était là depuis hier est aussi très brillante <eos>,13,brillante,brillant,11,F,P,brillante,-6.6727204,brillant,-10.409449,1
2504,S_NOUN_8_ADJ_a,F,S,la bouteille avec les colles qui était là depuis hier est aussi très compliquée <eos>,13,compliquée,compliqué,11,F,P,compliquée,-6.0137444,compliqué,-8.460137,1
2505,S_NOUN_8_ADJ_a,F,S,la bouteille avec les lampes qui était là depuis hier est aussi très verte <eos>,13,verte,vert,11,F,P,verte,-8.974246,vert,-11.264913,1
2506,S_NOUN_8_ADJ_a,F,S,la bouteille avec les lampes qui était là depuis hier est aussi très bleue <eos>,13,bleue,bleu,11,F,P,bleue,-11.531616,bleu,-11.838043,1
2507,S_NOUN_8_ADJ_a,F,S,la bouteille avec les lampes qui était là depuis hier est aussi très noire <eos>,13,noire,noir,11,F,P,noire,-7.6832333,noir,-11.683869,1
2508,S_NOUN_8_ADJ_a,F,S,la bouteille avec les lampes qui était là depuis hier est aussi très délicate <eos>,13,délicate,délicat,11,F,P,délicate,-5.848662,délicat,-9.764822,1
2509,S_NOUN_8_ADJ_a,F,S,la bouteille avec les lampes qui était là depuis hier est aussi très pointue <eos>,13,pointue,pointu,11,F,P,pointue,-9.220547,pointu,-11.993288,1
2510,S_NOUN_8_ADJ_a,F,S,la bouteille avec les lampes qui était là depuis hier est aussi très ronde <eos>,13,ronde,rond,11,F,P,ronde,-10.435935,rond,-13.927027,1
2511,S_NOUN_8_ADJ_a,F,S,la bouteille avec les lampes qui était là depuis hier est aussi très froide <eos>,13,froide,froid,11,F,P,froide,-6.879795,froid,-9.51096,1
2512,S_NOUN_8_ADJ_a,F,S,la bouteille avec les lampes qui était là depuis hier est aussi très chaude <eos>,13,chaude,chaud,11,F,P,chaude,-4.8560333,chaud,-8.921852,1
2513,S_NOUN_8_ADJ_a,F,S,la bouteille avec les lampes qui était là depuis hier est aussi très importante <eos>,13,importante,important,11,F,P,importante,-4.399042,important,-8.340615,1
2514,S_NOUN_8_ADJ_a,F,S,la bouteille avec les lampes qui était là depuis hier est aussi très courte <eos>,13,courte,court,11,F,P,courte,-6.0111723,court,-7.892232,1
2515,S_NOUN_8_ADJ_a,F,S,la bouteille avec les lampes qui était là depuis hier est aussi très dure <eos>,13,dure,dur,11,F,P,dure,-6.5253973,dur,-8.49973,1
2516,S_NOUN_8_ADJ_a,F,S,la bouteille avec les lampes qui était là depuis hier est aussi très claire <eos>,13,claire,clair,11,F,P,claire,-5.2593584,clair,-8.674874,1
2517,S_NOUN_8_ADJ_a,F,S,la bouteille avec les lampes qui était là depuis hier est aussi très intéressante <eos>,13,intéressante,intéressant,11,F,P,intéressante,-5.463333,intéressant,-8.937454,1
2518,S_NOUN_8_ADJ_a,F,S,la bouteille avec les lampes qui était là depuis hier est aussi très brillante <eos>,13,brillante,brillant,11,F,P,brillante,-6.221877,brillant,-10.3095255,1
2519,S_NOUN_8_ADJ_a,F,S,la bouteille avec les lampes qui était là depuis hier est aussi très compliquée <eos>,13,compliquée,compliqué,11,F,P,compliquée,-6.0229063,compliqué,-8.455392,1
2520,S_NOUN_8_ADJ_a,F,S,la bouteille avec les bouteilles qui était là depuis hier est aussi très verte <eos>,13,verte,vert,11,F,P,verte,-9.554586,vert,-11.259323,1
2521,S_NOUN_8_ADJ_a,F,S,la bouteille avec les bouteilles qui était là depuis hier est aussi très bleue <eos>,13,bleue,bleu,11,F,P,bleue,-12.024022,bleu,-12.009057,0
2522,S_NOUN_8_ADJ_a,F,S,la bouteille avec les bouteilles qui était là depuis hier est aussi très noire <eos>,13,noire,noir,11,F,P,noire,-8.00518,noir,-11.590002,1
2523,S_NOUN_8_ADJ_a,F,S,la bouteille avec les bouteilles qui était là depuis hier est aussi très délicate <eos>,13,délicate,délicat,11,F,P,délicate,-5.643152,délicat,-9.568366,1
2524,S_NOUN_8_ADJ_a,F,S,la bouteille avec les bouteilles qui était là depuis hier est aussi très pointue <eos>,13,pointue,pointu,11,F,P,pointue,-9.579149,pointu,-12.123486,1
2525,S_NOUN_8_ADJ_a,F,S,la bouteille avec les bouteilles qui était là depuis hier est aussi très ronde <eos>,13,ronde,rond,11,F,P,ronde,-10.457077,rond,-13.69026,1
2526,S_NOUN_8_ADJ_a,F,S,la bouteille avec les bouteilles qui était là depuis hier est aussi très froide <eos>,13,froide,froid,11,F,P,froide,-6.9424725,froid,-9.091316,1
2527,S_NOUN_8_ADJ_a,F,S,la bouteille avec les bouteilles qui était là depuis hier est aussi très chaude <eos>,13,chaude,chaud,11,F,P,chaude,-4.9763675,chaud,-8.904585,1
2528,S_NOUN_8_ADJ_a,F,S,la bouteille avec les bouteilles qui était là depuis hier est aussi très importante <eos>,13,importante,important,11,F,P,importante,-3.9490285,important,-7.670341,1
2529,S_NOUN_8_ADJ_a,F,S,la bouteille avec les bouteilles qui était là depuis hier est aussi très courte <eos>,13,courte,court,11,F,P,courte,-6.21914,court,-7.9111147,1
2530,S_NOUN_8_ADJ_a,F,S,la bouteille avec les bouteilles qui était là depuis hier est aussi très dure <eos>,13,dure,dur,11,F,P,dure,-6.490434,dur,-8.207809,1
2531,S_NOUN_8_ADJ_a,F,S,la bouteille avec les bouteilles qui était là depuis hier est aussi très claire <eos>,13,claire,clair,11,F,P,claire,-5.147031,clair,-8.45922,1
2532,S_NOUN_8_ADJ_a,F,S,la bouteille avec les bouteilles qui était là depuis hier est aussi très intéressante <eos>,13,intéressante,intéressant,11,F,P,intéressante,-5.3744173,intéressant,-8.559696,1
2533,S_NOUN_8_ADJ_a,F,S,la bouteille avec les bouteilles qui était là depuis hier est aussi très brillante <eos>,13,brillante,brillant,11,F,P,brillante,-6.7881436,brillant,-10.227537,1
2534,S_NOUN_8_ADJ_a,F,S,la bouteille avec les bouteilles qui était là depuis hier est aussi très compliquée <eos>,13,compliquée,compliqué,11,F,P,compliquée,-6.3758736,compliqué,-8.388305,1
2535,S_NOUN_8_ADJ_a,F,S,la bouteille avec les boissons qui était là depuis hier est aussi très verte <eos>,13,verte,vert,11,F,P,verte,-9.61322,vert,-11.621443,1
2536,S_NOUN_8_ADJ_a,F,S,la bouteille avec les boissons qui était là depuis hier est aussi très bleue <eos>,13,bleue,bleu,11,F,P,bleue,-11.926426,bleu,-12.328163,1
2537,S_NOUN_8_ADJ_a,F,S,la bouteille avec les boissons qui était là depuis hier est aussi très noire <eos>,13,noire,noir,11,F,P,noire,-8.250141,noir,-12.191828,1
2538,S_NOUN_8_ADJ_a,F,S,la bouteille avec les boissons qui était là depuis hier est aussi très délicate <eos>,13,délicate,délicat,11,F,P,délicate,-5.881035,délicat,-9.626485,1
2539,S_NOUN_8_ADJ_a,F,S,la bouteille avec les boissons qui était là depuis hier est aussi très pointue <eos>,13,pointue,pointu,11,F,P,pointue,-10.133311,pointu,-12.190609,1
2540,S_NOUN_8_ADJ_a,F,S,la bouteille avec les boissons qui était là depuis hier est aussi très ronde <eos>,13,ronde,rond,11,F,P,ronde,-10.967512,rond,-14.253751,1
2541,S_NOUN_8_ADJ_a,F,S,la bouteille avec les boissons qui était là depuis hier est aussi très froide <eos>,13,froide,froid,11,F,P,froide,-6.3738947,froid,-8.8155985,1
2542,S_NOUN_8_ADJ_a,F,S,la bouteille avec les boissons qui était là depuis hier est aussi très chaude <eos>,13,chaude,chaud,11,F,P,chaude,-4.788598,chaud,-8.664051,1
2543,S_NOUN_8_ADJ_a,F,S,la bouteille avec les boissons qui était là depuis hier est aussi très importante <eos>,13,importante,important,11,F,P,importante,-3.9043775,important,-7.7910113,1
2544,S_NOUN_8_ADJ_a,F,S,la bouteille avec les boissons qui était là depuis hier est aussi très courte <eos>,13,courte,court,11,F,P,courte,-6.4191647,court,-8.368983,1
2545,S_NOUN_8_ADJ_a,F,S,la bouteille avec les boissons qui était là depuis hier est aussi très dure <eos>,13,dure,dur,11,F,P,dure,-6.4070797,dur,-8.348615,1
2546,S_NOUN_8_ADJ_a,F,S,la bouteille avec les boissons qui était là depuis hier est aussi très claire <eos>,13,claire,clair,11,F,P,claire,-5.0783577,clair,-8.192275,1
2547,S_NOUN_8_ADJ_a,F,S,la bouteille avec les boissons qui était là depuis hier est aussi très intéressante <eos>,13,intéressante,intéressant,11,F,P,intéressante,-5.777547,intéressant,-8.938068,1
2548,S_NOUN_8_ADJ_a,F,S,la bouteille avec les boissons qui était là depuis hier est aussi très brillante <eos>,13,brillante,brillant,11,F,P,brillante,-7.3506994,brillant,-10.876894,1
2549,S_NOUN_8_ADJ_a,F,S,la bouteille avec les boissons qui était là depuis hier est aussi très compliquée <eos>,13,compliquée,compliqué,11,F,P,compliquée,-6.7526093,compliqué,-8.940211,1
2550,S_NOUN_8_ADJ_a,F,S,la bouteille avec les pommes qui était là depuis hier est aussi très verte <eos>,13,verte,vert,11,F,P,verte,-9.43371,vert,-11.643581,1
2551,S_NOUN_8_ADJ_a,F,S,la bouteille avec les pommes qui était là depuis hier est aussi très bleue <eos>,13,bleue,bleu,11,F,P,bleue,-11.636374,bleu,-12.151869,1
2552,S_NOUN_8_ADJ_a,F,S,la bouteille avec les pommes qui était là depuis hier est aussi très noire <eos>,13,noire,noir,11,F,P,noire,-7.7791185,noir,-11.946814,1
2553,S_NOUN_8_ADJ_a,F,S,la bouteille avec les pommes qui était là depuis hier est aussi très délicate <eos>,13,délicate,délicat,11,F,P,délicate,-5.664526,délicat,-9.493345,1
2554,S_NOUN_8_ADJ_a,F,S,la bouteille avec les pommes qui était là depuis hier est aussi très pointue <eos>,13,pointue,pointu,11,F,P,pointue,-9.408983,pointu,-11.9255085,1
2555,S_NOUN_8_ADJ_a,F,S,la bouteille avec les pommes qui était là depuis hier est aussi très ronde <eos>,13,ronde,rond,11,F,P,ronde,-10.532813,rond,-14.05321,1
2556,S_NOUN_8_ADJ_a,F,S,la bouteille avec les pommes qui était là depuis hier est aussi très froide <eos>,13,froide,froid,11,F,P,froide,-6.501898,froid,-8.907396,1
2557,S_NOUN_8_ADJ_a,F,S,la bouteille avec les pommes qui était là depuis hier est aussi très chaude <eos>,13,chaude,chaud,11,F,P,chaude,-4.9620686,chaud,-9.260795,1
2558,S_NOUN_8_ADJ_a,F,S,la bouteille avec les pommes qui était là depuis hier est aussi très importante <eos>,13,importante,important,11,F,P,importante,-4.014726,important,-8.189016,1
2559,S_NOUN_8_ADJ_a,F,S,la bouteille avec les pommes qui était là depuis hier est aussi très courte <eos>,13,courte,court,11,F,P,courte,-6.099815,court,-8.232021,1
2560,S_NOUN_8_ADJ_a,F,S,la bouteille avec les pommes qui était là depuis hier est aussi très dure <eos>,13,dure,dur,11,F,P,dure,-5.9131784,dur,-8.215375,1
2561,S_NOUN_8_ADJ_a,F,S,la bouteille avec les pommes qui était là depuis hier est aussi très claire <eos>,13,claire,clair,11,F,P,claire,-4.7764463,clair,-8.282448,1
2562,S_NOUN_8_ADJ_a,F,S,la bouteille avec les pommes qui était là depuis hier est aussi très intéressante <eos>,13,intéressante,intéressant,11,F,P,intéressante,-5.708845,intéressant,-9.202997,1
2563,S_NOUN_8_ADJ_a,F,S,la bouteille avec les pommes qui était là depuis hier est aussi très brillante <eos>,13,brillante,brillant,11,F,P,brillante,-6.7485113,brillant,-10.81742,1
2564,S_NOUN_8_ADJ_a,F,S,la bouteille avec les pommes qui était là depuis hier est aussi très compliquée <eos>,13,compliquée,compliqué,11,F,P,compliquée,-6.6503477,compliqué,-9.103536,1
2565,S_NOUN_8_ADJ_a,F,S,la bouteille avec les tasses qui était là depuis hier est aussi très verte <eos>,13,verte,vert,11,F,P,verte,-9.677683,vert,-11.438532,1
2566,S_NOUN_8_ADJ_a,F,S,la bouteille avec les tasses qui était là depuis hier est aussi très bleue <eos>,13,bleue,bleu,11,F,P,bleue,-12.075854,bleu,-12.065965,0
2567,S_NOUN_8_ADJ_a,F,S,la bouteille avec les tasses qui était là depuis hier est aussi très noire <eos>,13,noire,noir,11,F,P,noire,-8.095719,noir,-12.076057,1
2568,S_NOUN_8_ADJ_a,F,S,la bouteille avec les tasses qui était là depuis hier est aussi très délicate <eos>,13,délicate,délicat,11,F,P,délicate,-5.882273,délicat,-9.369539,1
2569,S_NOUN_8_ADJ_a,F,S,la bouteille avec les tasses qui était là depuis hier est aussi très pointue <eos>,13,pointue,pointu,11,F,P,pointue,-9.29367,pointu,-12.001021,1
2570,S_NOUN_8_ADJ_a,F,S,la bouteille avec les tasses qui était là depuis hier est aussi très ronde <eos>,13,ronde,rond,11,F,P,ronde,-9.885162,rond,-13.441032,1
2571,S_NOUN_8_ADJ_a,F,S,la bouteille avec les tasses qui était là depuis hier est aussi très froide <eos>,13,froide,froid,11,F,P,froide,-6.4905267,froid,-9.278633,1
2572,S_NOUN_8_ADJ_a,F,S,la bouteille avec les tasses qui était là depuis hier est aussi très chaude <eos>,13,chaude,chaud,11,F,P,chaude,-4.6721363,chaud,-9.058861,1
2573,S_NOUN_8_ADJ_a,F,S,la bouteille avec les tasses qui était là depuis hier est aussi très importante <eos>,13,importante,important,11,F,P,importante,-4.0019865,important,-7.8647747,1
2574,S_NOUN_8_ADJ_a,F,S,la bouteille avec les tasses qui était là depuis hier est aussi très courte <eos>,13,courte,court,11,F,P,courte,-6.021193,court,-7.8758807,1
2575,S_NOUN_8_ADJ_a,F,S,la bouteille avec les tasses qui était là depuis hier est aussi très dure <eos>,13,dure,dur,11,F,P,dure,-6.427805,dur,-8.117391,1
2576,S_NOUN_8_ADJ_a,F,S,la bouteille avec les tasses qui était là depuis hier est aussi très claire <eos>,13,claire,clair,11,F,P,claire,-5.0778255,clair,-8.478706,1
2577,S_NOUN_8_ADJ_a,F,S,la bouteille avec les tasses qui était là depuis hier est aussi très intéressante <eos>,13,intéressante,intéressant,11,F,P,intéressante,-5.270711,intéressant,-8.79163,1
2578,S_NOUN_8_ADJ_a,F,S,la bouteille avec les tasses qui était là depuis hier est aussi très brillante <eos>,13,brillante,brillant,11,F,P,brillante,-6.4098506,brillant,-10.319316,1
2579,S_NOUN_8_ADJ_a,F,S,la bouteille avec les tasses qui était là depuis hier est aussi très compliquée <eos>,13,compliquée,compliqué,11,F,P,compliquée,-6.4927464,compliqué,-8.629585,1
2580,S_NOUN_8_ADJ_a,F,S,la bouteille avec les bougies qui était là depuis hier est aussi très verte <eos>,13,verte,vert,11,F,P,verte,-9.14679,vert,-11.195357,1
2581,S_NOUN_8_ADJ_a,F,S,la bouteille avec les bougies qui était là depuis hier est aussi très bleue <eos>,13,bleue,bleu,11,F,P,bleue,-11.46777,bleu,-11.681456,1
2582,S_NOUN_8_ADJ_a,F,S,la bouteille avec les bougies qui était là depuis hier est aussi très noire <eos>,13,noire,noir,11,F,P,noire,-7.4856853,noir,-11.391298,1
2583,S_NOUN_8_ADJ_a,F,S,la bouteille avec les bougies qui était là depuis hier est aussi très délicate <eos>,13,délicate,délicat,11,F,P,délicate,-6.252517,délicat,-9.612734,1
2584,S_NOUN_8_ADJ_a,F,S,la bouteille avec les bougies qui était là depuis hier est aussi très pointue <eos>,13,pointue,pointu,11,F,P,pointue,-9.659635,pointu,-12.197126,1
2585,S_NOUN_8_ADJ_a,F,S,la bouteille avec les bougies qui était là depuis hier est aussi très ronde <eos>,13,ronde,rond,11,F,P,ronde,-10.2780075,rond,-13.614471,1
2586,S_NOUN_8_ADJ_a,F,S,la bouteille avec les bougies qui était là depuis hier est aussi très froide <eos>,13,froide,froid,11,F,P,froide,-6.696635,froid,-9.24357,1
2587,S_NOUN_8_ADJ_a,F,S,la bouteille avec les bougies qui était là depuis hier est aussi très chaude <eos>,13,chaude,chaud,11,F,P,chaude,-4.9106917,chaud,-9.207275,1
2588,S_NOUN_8_ADJ_a,F,S,la bouteille avec les bougies qui était là depuis hier est aussi très importante <eos>,13,importante,important,11,F,P,importante,-4.385467,important,-8.259478,1
2589,S_NOUN_8_ADJ_a,F,S,la bouteille avec les bougies qui était là depuis hier est aussi très courte <eos>,13,courte,court,11,F,P,courte,-5.8154974,court,-7.7036753,1
2590,S_NOUN_8_ADJ_a,F,S,la bouteille avec les bougies qui était là depuis hier est aussi très dure <eos>,13,dure,dur,11,F,P,dure,-6.4209337,dur,-8.569638,1
2591,S_NOUN_8_ADJ_a,F,S,la bouteille avec les bougies qui était là depuis hier est aussi très claire <eos>,13,claire,clair,11,F,P,claire,-4.9235454,clair,-8.276152,1
2592,S_NOUN_8_ADJ_a,F,S,la bouteille avec les bougies qui était là depuis hier est aussi très intéressante <eos>,13,intéressante,intéressant,11,F,P,intéressante,-5.6252418,intéressant,-9.050566,1
2593,S_NOUN_8_ADJ_a,F,S,la bouteille avec les bougies qui était là depuis hier est aussi très brillante <eos>,13,brillante,brillant,11,F,P,brillante,-6.4551105,brillant,-10.577511,1
2594,S_NOUN_8_ADJ_a,F,S,la bouteille avec les bougies qui était là depuis hier est aussi très compliquée <eos>,13,compliquée,compliqué,11,F,P,compliquée,-6.789073,compliqué,-8.892685,1
2595,S_NOUN_8_ADJ_a,F,S,la bouteille avec les pochettes qui était là depuis hier est aussi très verte <eos>,13,verte,vert,11,F,P,verte,-10.124299,vert,-12.381414,1
2596,S_NOUN_8_ADJ_a,F,S,la bouteille avec les pochettes qui était là depuis hier est aussi très bleue <eos>,13,bleue,bleu,11,F,P,bleue,-12.459928,bleu,-12.431128,0
2597,S_NOUN_8_ADJ_a,F,S,la bouteille avec les pochettes qui était là depuis hier est aussi très noire <eos>,13,noire,noir,11,F,P,noire,-8.764944,noir,-12.287958,1
2598,S_NOUN_8_ADJ_a,F,S,la bouteille avec les pochettes qui était là depuis hier est aussi très délicate <eos>,13,délicate,délicat,11,F,P,délicate,-7.2555113,délicat,-10.842245,1
2599,S_NOUN_8_ADJ_a,F,S,la bouteille avec les pochettes qui était là depuis hier est aussi très pointue <eos>,13,pointue,pointu,11,F,P,pointue,-10.115888,pointu,-11.445565,1
2600,S_NOUN_8_ADJ_a,F,S,la bouteille avec les pochettes qui était là depuis hier est aussi très ronde <eos>,13,ronde,rond,11,F,P,ronde,-11.632509,rond,-15.161485,1
2601,S_NOUN_8_ADJ_a,F,S,la bouteille avec les pochettes qui était là depuis hier est aussi très froide <eos>,13,froide,froid,11,F,P,froide,-9.451707,froid,-9.908532,1
2602,S_NOUN_8_ADJ_a,F,S,la bouteille avec les pochettes qui était là depuis hier est aussi très chaude <eos>,13,chaude,chaud,11,F,P,chaude,-6.5222683,chaud,-10.555429,1
2603,S_NOUN_8_ADJ_a,F,S,la bouteille avec les pochettes qui était là depuis hier est aussi très importante <eos>,13,importante,important,11,F,P,importante,-3.6292872,important,-7.380669,1
2604,S_NOUN_8_ADJ_a,F,S,la bouteille avec les pochettes qui était là depuis hier est aussi très courte <eos>,13,courte,court,11,F,P,courte,-5.6577034,court,-7.797014,1
2605,S_NOUN_8_ADJ_a,F,S,la bouteille avec les pochettes qui était là depuis hier est aussi très dure <eos>,13,dure,dur,11,F,P,dure,-5.9241734,dur,-8.174822,1
2606,S_NOUN_8_ADJ_a,F,S,la bouteille avec les pochettes qui était là depuis hier est aussi très claire <eos>,13,claire,clair,11,F,P,claire,-5.1703176,clair,-8.568574,1
2607,S_NOUN_8_ADJ_a,F,S,la bouteille avec les pochettes qui était là depuis hier est aussi très intéressante <eos>,13,intéressante,intéressant,11,F,P,intéressante,-5.654537,intéressant,-8.744985,1
2608,S_NOUN_8_ADJ_a,F,S,la bouteille avec les pochettes qui était là depuis hier est aussi très brillante <eos>,13,brillante,brillant,11,F,P,brillante,-6.24903,brillant,-10.771943,1
2609,S_NOUN_8_ADJ_a,F,S,la bouteille avec les pochettes qui était là depuis hier est aussi très compliquée <eos>,13,compliquée,compliqué,11,F,P,compliquée,-6.4562197,compliqué,-9.5727625,1
2610,S_NOUN_8_ADJ_a,F,S,la bouteille avec les bananes qui était là depuis hier est aussi très verte <eos>,13,verte,vert,11,F,P,verte,-9.0714855,vert,-11.614315,1
2611,S_NOUN_8_ADJ_a,F,S,la bouteille avec les bananes qui était là depuis hier est aussi très bleue <eos>,13,bleue,bleu,11,F,P,bleue,-11.661252,bleu,-12.244717,1
2612,S_NOUN_8_ADJ_a,F,S,la bouteille avec les bananes qui était là depuis hier est aussi très noire <eos>,13,noire,noir,11,F,P,noire,-7.9521275,noir,-12.022496,1
2613,S_NOUN_8_ADJ_a,F,S,la bouteille avec les bananes qui était là depuis hier est aussi très délicate <eos>,13,délicate,délicat,11,F,P,délicate,-6.1845117,délicat,-9.824661,1
2614,S_NOUN_8_ADJ_a,F,S,la bouteille avec les bananes qui était là depuis hier est aussi très pointue <eos>,13,pointue,pointu,11,F,P,pointue,-9.594798,pointu,-11.765344,1
2615,S_NOUN_8_ADJ_a,F,S,la bouteille avec les bananes qui était là depuis hier est aussi très ronde <eos>,13,ronde,rond,11,F,P,ronde,-10.438142,rond,-14.043548,1
2616,S_NOUN_8_ADJ_a,F,S,la bouteille avec les bananes qui était là depuis hier est aussi très froide <eos>,13,froide,froid,11,F,P,froide,-6.918726,froid,-9.261452,1
2617,S_NOUN_8_ADJ_a,F,S,la bouteille avec les bananes qui était là depuis hier est aussi très chaude <eos>,13,chaude,chaud,11,F,P,chaude,-5.2540164,chaud,-9.142529,1
2618,S_NOUN_8_ADJ_a,F,S,la bouteille avec les bananes qui était là depuis hier est aussi très importante <eos>,13,importante,important,11,F,P,importante,-4.0177364,important,-8.017248,1
2619,S_NOUN_8_ADJ_a,F,S,la bouteille avec les bananes qui était là depuis hier est aussi très courte <eos>,13,courte,court,11,F,P,courte,-6.4588337,court,-8.097985,1
2620,S_NOUN_8_ADJ_a,F,S,la bouteille avec les bananes qui était là depuis hier est aussi très dure <eos>,13,dure,dur,11,F,P,dure,-6.2094655,dur,-8.110321,1
2621,S_NOUN_8_ADJ_a,F,S,la bouteille avec les bananes qui était là depuis hier est aussi très claire <eos>,13,claire,clair,11,F,P,claire,-5.1027246,clair,-8.59017,1
2622,S_NOUN_8_ADJ_a,F,S,la bouteille avec les bananes qui était là depuis hier est aussi très intéressante <eos>,13,intéressante,intéressant,11,F,P,intéressante,-5.6827164,intéressant,-9.106301,1
2623,S_NOUN_8_ADJ_a,F,S,la bouteille avec les bananes qui était là depuis hier est aussi très brillante <eos>,13,brillante,brillant,11,F,P,brillante,-6.886186,brillant,-10.707392,1
2624,S_NOUN_8_ADJ_a,F,S,la bouteille avec les bananes qui était là depuis hier est aussi très compliquée <eos>,13,compliquée,compliqué,11,F,P,compliquée,-6.943887,compliqué,-8.940325,1
2625,S_NOUN_8_ADJ_a,F,S,la bouteille avec les robes qui était là depuis hier est aussi très verte <eos>,13,verte,vert,11,F,P,verte,-9.384077,vert,-11.724733,1
2626,S_NOUN_8_ADJ_a,F,S,la bouteille avec les robes qui était là depuis hier est aussi très bleue <eos>,13,bleue,bleu,11,F,P,bleue,-11.271339,bleu,-11.881676,1
2627,S_NOUN_8_ADJ_a,F,S,la bouteille avec les robes qui était là depuis hier est aussi très noire <eos>,13,noire,noir,11,F,P,noire,-7.4443264,noir,-11.679447,1
2628,S_NOUN_8_ADJ_a,F,S,la bouteille avec les robes qui était là depuis hier est aussi très délicate <eos>,13,délicate,délicat,11,F,P,délicate,-6.807807,délicat,-10.280074,1
2629,S_NOUN_8_ADJ_a,F,S,la bouteille avec les robes qui était là depuis hier est aussi très pointue <eos>,13,pointue,pointu,11,F,P,pointue,-10.0422535,pointu,-11.954423,1
2630,S_NOUN_8_ADJ_a,F,S,la bouteille avec les robes qui était là depuis hier est aussi très ronde <eos>,13,ronde,rond,11,F,P,ronde,-10.826787,rond,-14.026066,1
2631,S_NOUN_8_ADJ_a,F,S,la bouteille avec les robes qui était là depuis hier est aussi très froide <eos>,13,froide,froid,11,F,P,froide,-7.4382653,froid,-9.935556,1
2632,S_NOUN_8_ADJ_a,F,S,la bouteille avec les robes qui était là depuis hier est aussi très chaude <eos>,13,chaude,chaud,11,F,P,chaude,-5.821692,chaud,-9.821434,1
2633,S_NOUN_8_ADJ_a,F,S,la bouteille avec les robes qui était là depuis hier est aussi très importante <eos>,13,importante,important,11,F,P,importante,-4.494686,important,-8.344855,1
2634,S_NOUN_8_ADJ_a,F,S,la bouteille avec les robes qui était là depuis hier est aussi très courte <eos>,13,courte,court,11,F,P,courte,-6.072898,court,-7.9983025,1
2635,S_NOUN_8_ADJ_a,F,S,la bouteille avec les robes qui était là depuis hier est aussi très dure <eos>,13,dure,dur,11,F,P,dure,-6.9588327,dur,-9.297645,1
2636,S_NOUN_8_ADJ_a,F,S,la bouteille avec les robes qui était là depuis hier est aussi très claire <eos>,13,claire,clair,11,F,P,claire,-5.1951933,clair,-8.347187,1
2637,S_NOUN_8_ADJ_a,F,S,la bouteille avec les robes qui était là depuis hier est aussi très intéressante <eos>,13,intéressante,intéressant,11,F,P,intéressante,-5.8533173,intéressant,-9.157025,1
2638,S_NOUN_8_ADJ_a,F,S,la bouteille avec les robes qui était là depuis hier est aussi très brillante <eos>,13,brillante,brillant,11,F,P,brillante,-6.9285355,brillant,-11.205356,1
2639,S_NOUN_8_ADJ_a,F,S,la bouteille avec les robes qui était là depuis hier est aussi très compliquée <eos>,13,compliquée,compliqué,11,F,P,compliquée,-7.1134553,compliqué,-9.27718,1
2640,S_NOUN_8_ADJ_a,F,S,la bouteille avec les valises qui était là depuis hier est aussi très verte <eos>,13,verte,vert,11,F,P,verte,-9.901444,vert,-12.0507965,1
2641,S_NOUN_8_ADJ_a,F,S,la bouteille avec les valises qui était là depuis hier est aussi très bleue <eos>,13,bleue,bleu,11,F,P,bleue,-12.407975,bleu,-12.383598,0
2642,S_NOUN_8_ADJ_a,F,S,la bouteille avec les valises qui était là depuis hier est aussi très noire <eos>,13,noire,noir,11,F,P,noire,-8.193108,noir,-12.163269,1
2643,S_NOUN_8_ADJ_a,F,S,la bouteille avec les valises qui était là depuis hier est aussi très délicate <eos>,13,délicate,délicat,11,F,P,délicate,-6.0094275,délicat,-9.884279,1
2644,S_NOUN_8_ADJ_a,F,S,la bouteille avec les valises qui était là depuis hier est aussi très pointue <eos>,13,pointue,pointu,11,F,P,pointue,-9.522926,pointu,-12.010665,1
2645,S_NOUN_8_ADJ_a,F,S,la bouteille avec les valises qui était là depuis hier est aussi très ronde <eos>,13,ronde,rond,11,F,P,ronde,-10.385908,rond,-14.095034,1
2646,S_NOUN_8_ADJ_a,F,S,la bouteille avec les valises qui était là depuis hier est aussi très froide <eos>,13,froide,froid,11,F,P,froide,-7.05799,froid,-9.391437,1
2647,S_NOUN_8_ADJ_a,F,S,la bouteille avec les valises qui était là depuis hier est aussi très chaude <eos>,13,chaude,chaud,11,F,P,chaude,-5.069237,chaud,-9.19581,1
2648,S_NOUN_8_ADJ_a,F,S,la bouteille avec les valises qui était là depuis hier est aussi très importante <eos>,13,importante,important,11,F,P,importante,-3.7982097,important,-7.6663346,1
2649,S_NOUN_8_ADJ_a,F,S,la bouteille avec les valises qui était là depuis hier est aussi très courte <eos>,13,courte,court,11,F,P,courte,-6.0537395,court,-7.8964376,1
2650,S_NOUN_8_ADJ_a,F,S,la bouteille avec les valises qui était là depuis hier est aussi très dure <eos>,13,dure,dur,11,F,P,dure,-6.5813856,dur,-8.401579,1
2651,S_NOUN_8_ADJ_a,F,S,la bouteille avec les valises qui était là depuis hier est aussi très claire <eos>,13,claire,clair,11,F,P,claire,-5.307015,clair,-8.904053,1
2652,S_NOUN_8_ADJ_a,F,S,la bouteille avec les valises qui était là depuis hier est aussi très intéressante <eos>,13,intéressante,intéressant,11,F,P,intéressante,-5.1314497,intéressant,-8.609446,1
2653,S_NOUN_8_ADJ_a,F,S,la bouteille avec les valises qui était là depuis hier est aussi très brillante <eos>,13,brillante,brillant,11,F,P,brillante,-6.951496,brillant,-10.86684,1
2654,S_NOUN_8_ADJ_a,F,S,la bouteille avec les valises qui était là depuis hier est aussi très compliquée <eos>,13,compliquée,compliqué,11,F,P,compliquée,-6.266452,compliqué,-8.436494,1
2655,S_NOUN_8_ADJ_a,F,S,la bouteille avec les pendules qui était là depuis hier est aussi très verte <eos>,13,verte,vert,11,F,P,verte,-9.117814,vert,-11.383936,1
2656,S_NOUN_8_ADJ_a,F,S,la bouteille avec les pendules qui était là depuis hier est aussi très bleue <eos>,13,bleue,bleu,11,F,P,bleue,-11.652988,bleu,-11.864803,1
2657,S_NOUN_8_ADJ_a,F,S,la bouteille avec les pendules qui était là depuis hier est aussi très noire <eos>,13,noire,noir,11,F,P,noire,-7.7268143,noir,-11.68088,1
2658,S_NOUN_8_ADJ_a,F,S,la bouteille avec les pendules qui était là depuis hier est aussi très délicate <eos>,13,délicate,délicat,11,F,P,délicate,-5.8635507,délicat,-9.748222,1
2659,S_NOUN_8_ADJ_a,F,S,la bouteille avec les pendules qui était là depuis hier est aussi très pointue <eos>,13,pointue,pointu,11,F,P,pointue,-9.428319,pointu,-12.0986595,1
2660,S_NOUN_8_ADJ_a,F,S,la bouteille avec les pendules qui était là depuis hier est aussi très ronde <eos>,13,ronde,rond,11,F,P,ronde,-10.673788,rond,-14.01762,1
2661,S_NOUN_8_ADJ_a,F,S,la bouteille avec les pendules qui était là depuis hier est aussi très froide <eos>,13,froide,froid,11,F,P,froide,-7.1851487,froid,-9.487709,1
2662,S_NOUN_8_ADJ_a,F,S,la bouteille avec les pendules qui était là depuis hier est aussi très chaude <eos>,13,chaude,chaud,11,F,P,chaude,-5.2307997,chaud,-9.150581,1
2663,S_NOUN_8_ADJ_a,F,S,la bouteille avec les pendules qui était là depuis hier est aussi très importante <eos>,13,importante,important,11,F,P,importante,-4.465086,important,-8.328898,1
2664,S_NOUN_8_ADJ_a,F,S,la bouteille avec les pendules qui était là depuis hier est aussi très courte <eos>,13,courte,court,11,F,P,courte,-5.9854574,court,-8.023544,1
2665,S_NOUN_8_ADJ_a,F,S,la bouteille avec les pendules qui était là depuis hier est aussi très dure <eos>,13,dure,dur,11,F,P,dure,-6.526129,dur,-8.666816,1
2666,S_NOUN_8_ADJ_a,F,S,la bouteille avec les pendules qui était là depuis hier est aussi très claire <eos>,13,claire,clair,11,F,P,claire,-5.1186047,clair,-8.52054,1
2667,S_NOUN_8_ADJ_a,F,S,la bouteille avec les pendules qui était là depuis hier est aussi très intéressante <eos>,13,intéressante,intéressant,11,F,P,intéressante,-5.568924,intéressant,-8.906483,1
2668,S_NOUN_8_ADJ_a,F,S,la bouteille avec les pendules qui était là depuis hier est aussi très brillante <eos>,13,brillante,brillant,11,F,P,brillante,-6.74535,brillant,-10.553188,1
2669,S_NOUN_8_ADJ_a,F,S,la bouteille avec les pendules qui était là depuis hier est aussi très compliquée <eos>,13,compliquée,compliqué,11,F,P,compliquée,-5.8823156,compliqué,-8.221328,1
2670,S_NOUN_8_ADJ_a,F,S,la bouteille avec les cloches qui était là depuis hier est aussi très verte <eos>,13,verte,vert,11,F,P,verte,-9.353764,vert,-11.361582,1
2671,S_NOUN_8_ADJ_a,F,S,la bouteille avec les cloches qui était là depuis hier est aussi très bleue <eos>,13,bleue,bleu,11,F,P,bleue,-11.693158,bleu,-12.179827,1
2672,S_NOUN_8_ADJ_a,F,S,la bouteille avec les cloches qui était là depuis hier est aussi très noire <eos>,13,noire,noir,11,F,P,noire,-7.750615,noir,-12.252784,1
2673,S_NOUN_8_ADJ_a,F,S,la bouteille avec les cloches qui était là depuis hier est aussi très délicate <eos>,13,délicate,délicat,11,F,P,délicate,-5.8426943,délicat,-9.587182,1
2674,S_NOUN_8_ADJ_a,F,S,la bouteille avec les cloches qui était là depuis hier est aussi très pointue <eos>,13,pointue,pointu,11,F,P,pointue,-9.798208,pointu,-12.653815,1
2675,S_NOUN_8_ADJ_a,F,S,la bouteille avec les cloches qui était là depuis hier est aussi très ronde <eos>,13,ronde,rond,11,F,P,ronde,-10.449039,rond,-14.31027,1
2676,S_NOUN_8_ADJ_a,F,S,la bouteille avec les cloches qui était là depuis hier est aussi très froide <eos>,13,froide,froid,11,F,P,froide,-7.0001583,froid,-9.528336,1
2677,S_NOUN_8_ADJ_a,F,S,la bouteille avec les cloches qui était là depuis hier est aussi très chaude <eos>,13,chaude,chaud,11,F,P,chaude,-4.5912685,chaud,-9.128719,1
2678,S_NOUN_8_ADJ_a,F,S,la bouteille avec les cloches qui était là depuis hier est aussi très importante <eos>,13,importante,important,11,F,P,importante,-4.224551,important,-8.285512,1
2679,S_NOUN_8_ADJ_a,F,S,la bouteille avec les cloches qui était là depuis hier est aussi très courte <eos>,13,courte,court,11,F,P,courte,-6.1469703,court,-8.325167,1
2680,S_NOUN_8_ADJ_a,F,S,la bouteille avec les cloches qui était là depuis hier est aussi très dure <eos>,13,dure,dur,11,F,P,dure,-6.0796785,dur,-8.185691,1
2681,S_NOUN_8_ADJ_a,F,S,la bouteille avec les cloches qui était là depuis hier est aussi très claire <eos>,13,claire,clair,11,F,P,claire,-4.9833975,clair,-8.364798,1
2682,S_NOUN_8_ADJ_a,F,S,la bouteille avec les cloches qui était là depuis hier est aussi très intéressante <eos>,13,intéressante,intéressant,11,F,P,intéressante,-5.5328083,intéressant,-9.021531,1
2683,S_NOUN_8_ADJ_a,F,S,la bouteille avec les cloches qui était là depuis hier est aussi très brillante <eos>,13,brillante,brillant,11,F,P,brillante,-6.2750583,brillant,-10.396563,1
2684,S_NOUN_8_ADJ_a,F,S,la bouteille avec les cloches qui était là depuis hier est aussi très compliquée <eos>,13,compliquée,compliqué,11,F,P,compliquée,-6.572895,compliqué,-8.913333,1
2685,S_NOUN_8_ADJ_a,F,S,la bouteille avec les cerises qui était là depuis hier est aussi très verte <eos>,13,verte,vert,11,F,P,verte,-9.49189,vert,-11.60462,1
2686,S_NOUN_8_ADJ_a,F,S,la bouteille avec les cerises qui était là depuis hier est aussi très bleue <eos>,13,bleue,bleu,11,F,P,bleue,-11.9735775,bleu,-12.116583,1
2687,S_NOUN_8_ADJ_a,F,S,la bouteille avec les cerises qui était là depuis hier est aussi très noire <eos>,13,noire,noir,11,F,P,noire,-7.813682,noir,-11.987989,1
2688,S_NOUN_8_ADJ_a,F,S,la bouteille avec les cerises qui était là depuis hier est aussi très délicate <eos>,13,délicate,délicat,11,F,P,délicate,-5.7720823,délicat,-9.2652,1
2689,S_NOUN_8_ADJ_a,F,S,la bouteille avec les cerises qui était là depuis hier est aussi très pointue <eos>,13,pointue,pointu,11,F,P,pointue,-9.646069,pointu,-12.036918,1
2690,S_NOUN_8_ADJ_a,F,S,la bouteille avec les cerises qui était là depuis hier est aussi très ronde <eos>,13,ronde,rond,11,F,P,ronde,-10.512747,rond,-13.88394,1
2691,S_NOUN_8_ADJ_a,F,S,la bouteille avec les cerises qui était là depuis hier est aussi très froide <eos>,13,froide,froid,11,F,P,froide,-6.9463205,froid,-9.211512,1
2692,S_NOUN_8_ADJ_a,F,S,la bouteille avec les cerises qui était là depuis hier est aussi très chaude <eos>,13,chaude,chaud,11,F,P,chaude,-5.3622065,chaud,-9.329473,1
2693,S_NOUN_8_ADJ_a,F,S,la bouteille avec les cerises qui était là depuis hier est aussi très importante <eos>,13,importante,important,11,F,P,importante,-4.047367,important,-8.074638,1
2694,S_NOUN_8_ADJ_a,F,S,la bouteille avec les cerises qui était là depuis hier est aussi très courte <eos>,13,courte,court,11,F,P,courte,-6.1208353,court,-8.243782,1
2695,S_NOUN_8_ADJ_a,F,S,la bouteille avec les cerises qui était là depuis hier est aussi très dure <eos>,13,dure,dur,11,F,P,dure,-6.103609,dur,-8.401659,1
2696,S_NOUN_8_ADJ_a,F,S,la bouteille avec les cerises qui était là depuis hier est aussi très claire <eos>,13,claire,clair,11,F,P,claire,-4.8050413,clair,-8.400391,1
2697,S_NOUN_8_ADJ_a,F,S,la bouteille avec les cerises qui était là depuis hier est aussi très intéressante <eos>,13,intéressante,intéressant,11,F,P,intéressante,-5.7732162,intéressant,-9.131501,1
2698,S_NOUN_8_ADJ_a,F,S,la bouteille avec les cerises qui était là depuis hier est aussi très brillante <eos>,13,brillante,brillant,11,F,P,brillante,-6.55892,brillant,-10.753877,1
2699,S_NOUN_8_ADJ_a,F,S,la bouteille avec les cerises qui était là depuis hier est aussi très compliquée <eos>,13,compliquée,compliqué,11,F,P,compliquée,-6.870961,compliqué,-9.317831,1
2700,S_NOUN_8_ADJ_a,F,S,la boisson avec les gemmes qui était là depuis hier est aussi très verte <eos>,13,verte,vert,11,F,P,verte,-8.769067,vert,-11.353786,1
2701,S_NOUN_8_ADJ_a,F,S,la boisson avec les gemmes qui était là depuis hier est aussi très bleue <eos>,13,bleue,bleu,11,F,P,bleue,-11.231731,bleu,-11.966836,1
2702,S_NOUN_8_ADJ_a,F,S,la boisson avec les gemmes qui était là depuis hier est aussi très noire <eos>,13,noire,noir,11,F,P,noire,-7.684559,noir,-11.7207155,1
2703,S_NOUN_8_ADJ_a,F,S,la boisson avec les gemmes qui était là depuis hier est aussi très délicate <eos>,13,délicate,délicat,11,F,P,délicate,-6.023558,délicat,-10.329262,1
2704,S_NOUN_8_ADJ_a,F,S,la boisson avec les gemmes qui était là depuis hier est aussi très pointue <eos>,13,pointue,pointu,11,F,P,pointue,-10.453362,pointu,-12.412487,1
2705,S_NOUN_8_ADJ_a,F,S,la boisson avec les gemmes qui était là depuis hier est aussi très ronde <eos>,13,ronde,rond,11,F,P,ronde,-10.559659,rond,-14.727896,1
2706,S_NOUN_8_ADJ_a,F,S,la boisson avec les gemmes qui était là depuis hier est aussi très froide <eos>,13,froide,froid,11,F,P,froide,-6.936739,froid,-8.687322,1
2707,S_NOUN_8_ADJ_a,F,S,la boisson avec les gemmes qui était là depuis hier est aussi très chaude <eos>,13,chaude,chaud,11,F,P,chaude,-5.013999,chaud,-8.765459,1
2708,S_NOUN_8_ADJ_a,F,S,la boisson avec les gemmes qui était là depuis hier est aussi très importante <eos>,13,importante,important,11,F,P,importante,-3.8903022,important,-8.072727,1
2709,S_NOUN_8_ADJ_a,F,S,la boisson avec les gemmes qui était là depuis hier est aussi très courte <eos>,13,courte,court,11,F,P,courte,-6.3986998,court,-8.417857,1
2710,S_NOUN_8_ADJ_a,F,S,la boisson avec les gemmes qui était là depuis hier est aussi très dure <eos>,13,dure,dur,11,F,P,dure,-6.1745605,dur,-8.174792,1
2711,S_NOUN_8_ADJ_a,F,S,la boisson avec les gemmes qui était là depuis hier est aussi très claire <eos>,13,claire,clair,11,F,P,claire,-5.3206515,clair,-8.5374775,1
2712,S_NOUN_8_ADJ_a,F,S,la boisson avec les gemmes qui était là depuis hier est aussi très intéressante <eos>,13,intéressante,intéressant,11,F,P,intéressante,-5.4955797,intéressant,-9.089523,1
2713,S_NOUN_8_ADJ_a,F,S,la boisson avec les gemmes qui était là depuis hier est aussi très brillante <eos>,13,brillante,brillant,11,F,P,brillante,-6.548518,brillant,-10.605298,1
2714,S_NOUN_8_ADJ_a,F,S,la boisson avec les gemmes qui était là depuis hier est aussi très compliquée <eos>,13,compliquée,compliqué,11,F,P,compliquée,-6.9350414,compliqué,-9.096973,1
2715,S_NOUN_8_ADJ_a,F,S,la boisson avec les chaises qui était là depuis hier est aussi très verte <eos>,13,verte,vert,11,F,P,verte,-8.73925,vert,-11.328574,1
2716,S_NOUN_8_ADJ_a,F,S,la boisson avec les chaises qui était là depuis hier est aussi très bleue <eos>,13,bleue,bleu,11,F,P,bleue,-11.396301,bleu,-11.766308,1
2717,S_NOUN_8_ADJ_a,F,S,la boisson avec les chaises qui était là depuis hier est aussi très noire <eos>,13,noire,noir,11,F,P,noire,-7.499256,noir,-12.024572,1
2718,S_NOUN_8_ADJ_a,F,S,la boisson avec les chaises qui était là depuis hier est aussi très délicate <eos>,13,délicate,délicat,11,F,P,délicate,-6.2628136,délicat,-10.030678,1
2719,S_NOUN_8_ADJ_a,F,S,la boisson avec les chaises qui était là depuis hier est aussi très pointue <eos>,13,pointue,pointu,11,F,P,pointue,-9.833405,pointu,-11.835521,1
2720,S_NOUN_8_ADJ_a,F,S,la boisson avec les chaises qui était là depuis hier est aussi très ronde <eos>,13,ronde,rond,11,F,P,ronde,-9.953097,rond,-13.969353,1
2721,S_NOUN_8_ADJ_a,F,S,la boisson avec les chaises qui était là depuis hier est aussi très froide <eos>,13,froide,froid,11,F,P,froide,-7.32963,froid,-9.73236,1
2722,S_NOUN_8_ADJ_a,F,S,la boisson avec les chaises qui était là depuis hier est aussi très chaude <eos>,13,chaude,chaud,11,F,P,chaude,-4.70508,chaud,-9.126607,1
2723,S_NOUN_8_ADJ_a,F,S,la boisson avec les chaises qui était là depuis hier est aussi très importante <eos>,13,importante,important,11,F,P,importante,-4.0284214,important,-8.261982,1
2724,S_NOUN_8_ADJ_a,F,S,la boisson avec les chaises qui était là depuis hier est aussi très courte <eos>,13,courte,court,11,F,P,courte,-5.97015,court,-7.9817905,1
2725,S_NOUN_8_ADJ_a,F,S,la boisson avec les chaises qui était là depuis hier est aussi très dure <eos>,13,dure,dur,11,F,P,dure,-5.837236,dur,-8.533836,1
2726,S_NOUN_8_ADJ_a,F,S,la boisson avec les chaises qui était là depuis hier est aussi très claire <eos>,13,claire,clair,11,F,P,claire,-5.2255955,clair,-8.492048,1
2727,S_NOUN_8_ADJ_a,F,S,la boisson avec les chaises qui était là depuis hier est aussi très intéressante <eos>,13,intéressante,intéressant,11,F,P,intéressante,-5.729484,intéressant,-9.099884,1
2728,S_NOUN_8_ADJ_a,F,S,la boisson avec les chaises qui était là depuis hier est aussi très brillante <eos>,13,brillante,brillant,11,F,P,brillante,-6.395254,brillant,-10.661739,1
2729,S_NOUN_8_ADJ_a,F,S,la boisson avec les chaises qui était là depuis hier est aussi très compliquée <eos>,13,compliquée,compliqué,11,F,P,compliquée,-6.9599543,compliqué,-9.311261,1
2730,S_NOUN_8_ADJ_a,F,S,la boisson avec les poubelles qui était là depuis hier est aussi très verte <eos>,13,verte,vert,11,F,P,verte,-9.08721,vert,-11.78301,1
2731,S_NOUN_8_ADJ_a,F,S,la boisson avec les poubelles qui était là depuis hier est aussi très bleue <eos>,13,bleue,bleu,11,F,P,bleue,-11.895082,bleu,-12.266285,1
2732,S_NOUN_8_ADJ_a,F,S,la boisson avec les poubelles qui était là depuis hier est aussi très noire <eos>,13,noire,noir,11,F,P,noire,-7.8684244,noir,-12.30688,1
2733,S_NOUN_8_ADJ_a,F,S,la boisson avec les poubelles qui était là depuis hier est aussi très délicate <eos>,13,délicate,délicat,11,F,P,délicate,-6.111741,délicat,-10.244778,1
2734,S_NOUN_8_ADJ_a,F,S,la boisson avec les poubelles qui était là depuis hier est aussi très pointue <eos>,13,pointue,pointu,11,F,P,pointue,-9.905216,pointu,-11.939723,1
2735,S_NOUN_8_ADJ_a,F,S,la boisson avec les poubelles qui était là depuis hier est aussi très ronde <eos>,13,ronde,rond,11,F,P,ronde,-10.339006,rond,-14.470202,1
2736,S_NOUN_8_ADJ_a,F,S,la boisson avec les poubelles qui était là depuis hier est aussi très froide <eos>,13,froide,froid,11,F,P,froide,-6.804517,froid,-9.29084,1
2737,S_NOUN_8_ADJ_a,F,S,la boisson avec les poubelles qui était là depuis hier est aussi très chaude <eos>,13,chaude,chaud,11,F,P,chaude,-4.8959513,chaud,-9.003725,1
2738,S_NOUN_8_ADJ_a,F,S,la boisson avec les poubelles qui était là depuis hier est aussi très importante <eos>,13,importante,important,11,F,P,importante,-3.7642007,important,-7.9402223,1
2739,S_NOUN_8_ADJ_a,F,S,la boisson avec les poubelles qui était là depuis hier est aussi très courte <eos>,13,courte,court,11,F,P,courte,-6.359416,court,-8.235331,1
2740,S_NOUN_8_ADJ_a,F,S,la boisson avec les poubelles qui était là depuis hier est aussi très dure <eos>,13,dure,dur,11,F,P,dure,-6.3777065,dur,-8.575109,1
2741,S_NOUN_8_ADJ_a,F,S,la boisson avec les poubelles qui était là depuis hier est aussi très claire <eos>,13,claire,clair,11,F,P,claire,-5.3177357,clair,-8.881462,1
2742,S_NOUN_8_ADJ_a,F,S,la boisson avec les poubelles qui était là depuis hier est aussi très intéressante <eos>,13,intéressante,intéressant,11,F,P,intéressante,-5.5037208,intéressant,-9.01807,1
2743,S_NOUN_8_ADJ_a,F,S,la boisson avec les poubelles qui était là depuis hier est aussi très brillante <eos>,13,brillante,brillant,11,F,P,brillante,-7.0699806,brillant,-11.0799675,1
2744,S_NOUN_8_ADJ_a,F,S,la boisson avec les poubelles qui était là depuis hier est aussi très compliquée <eos>,13,compliquée,compliqué,11,F,P,compliquée,-6.9097824,compliqué,-9.341999,1
2745,S_NOUN_8_ADJ_a,F,S,la boisson avec les chemises qui était là depuis hier est aussi très verte <eos>,13,verte,vert,11,F,P,verte,-8.779788,vert,-11.421182,1
2746,S_NOUN_8_ADJ_a,F,S,la boisson avec les chemises qui était là depuis hier est aussi très bleue <eos>,13,bleue,bleu,11,F,P,bleue,-11.104244,bleu,-11.752728,1
2747,S_NOUN_8_ADJ_a,F,S,la boisson avec les chemises qui était là depuis hier est aussi très noire <eos>,13,noire,noir,11,F,P,noire,-7.0265493,noir,-11.645424,1
2748,S_NOUN_8_ADJ_a,F,S,la boisson avec les chemises qui était là depuis hier est aussi très délicate <eos>,13,délicate,délicat,11,F,P,délicate,-6.3188443,délicat,-10.156723,1
2749,S_NOUN_8_ADJ_a,F,S,la boisson avec les chemises qui était là depuis hier est aussi très pointue <eos>,13,pointue,pointu,11,F,P,pointue,-9.609228,pointu,-11.461034,1
2750,S_NOUN_8_ADJ_a,F,S,la boisson avec les chemises qui était là depuis hier est aussi très ronde <eos>,13,ronde,rond,11,F,P,ronde,-10.0393715,rond,-14.017817,1
2751,S_NOUN_8_ADJ_a,F,S,la boisson avec les chemises qui était là depuis hier est aussi très froide <eos>,13,froide,froid,11,F,P,froide,-7.467782,froid,-9.975776,1
2752,S_NOUN_8_ADJ_a,F,S,la boisson avec les chemises qui était là depuis hier est aussi très chaude <eos>,13,chaude,chaud,11,F,P,chaude,-5.5047398,chaud,-9.459858,1
2753,S_NOUN_8_ADJ_a,F,S,la boisson avec les chemises qui était là depuis hier est aussi très importante <eos>,13,importante,important,11,F,P,importante,-4.423828,important,-8.502665,1
2754,S_NOUN_8_ADJ_a,F,S,la boisson avec les chemises qui était là depuis hier est aussi très courte <eos>,13,courte,court,11,F,P,courte,-5.5322456,court,-7.801811,1
2755,S_NOUN_8_ADJ_a,F,S,la boisson avec les chemises qui était là depuis hier est aussi très dure <eos>,13,dure,dur,11,F,P,dure,-6.031555,dur,-8.6766405,1
2756,S_NOUN_8_ADJ_a,F,S,la boisson avec les chemises qui était là depuis hier est aussi très claire <eos>,13,claire,clair,11,F,P,claire,-5.380368,clair,-8.400177,1
2757,S_NOUN_8_ADJ_a,F,S,la boisson avec les chemises qui était là depuis hier est aussi très intéressante <eos>,13,intéressante,intéressant,11,F,P,intéressante,-5.9443946,intéressant,-9.281473,1
2758,S_NOUN_8_ADJ_a,F,S,la boisson avec les chemises qui était là depuis hier est aussi très brillante <eos>,13,brillante,brillant,11,F,P,brillante,-6.9422646,brillant,-10.910015,1
2759,S_NOUN_8_ADJ_a,F,S,la boisson avec les chemises qui était là depuis hier est aussi très compliquée <eos>,13,compliquée,compliqué,11,F,P,compliquée,-6.744192,compliqué,-8.9826765,1
2760,S_NOUN_8_ADJ_a,F,S,la boisson avec les recettes qui était là depuis hier est aussi très verte <eos>,13,verte,vert,11,F,P,verte,-9.904872,vert,-12.078071,1
2761,S_NOUN_8_ADJ_a,F,S,la boisson avec les recettes qui était là depuis hier est aussi très bleue <eos>,13,bleue,bleu,11,F,P,bleue,-13.060619,bleu,-12.840666,0
2762,S_NOUN_8_ADJ_a,F,S,la boisson avec les recettes qui était là depuis hier est aussi très noire <eos>,13,noire,noir,11,F,P,noire,-9.251479,noir,-12.173657,1
2763,S_NOUN_8_ADJ_a,F,S,la boisson avec les recettes qui était là depuis hier est aussi très délicate <eos>,13,délicate,délicat,11,F,P,délicate,-6.544647,délicat,-10.402604,1
2764,S_NOUN_8_ADJ_a,F,S,la boisson avec les recettes qui était là depuis hier est aussi très pointue <eos>,13,pointue,pointu,11,F,P,pointue,-10.951464,pointu,-12.357401,1
2765,S_NOUN_8_ADJ_a,F,S,la boisson avec les recettes qui était là depuis hier est aussi très ronde <eos>,13,ronde,rond,11,F,P,ronde,-11.638336,rond,-15.010332,1
2766,S_NOUN_8_ADJ_a,F,S,la boisson avec les recettes qui était là depuis hier est aussi très froide <eos>,13,froide,froid,11,F,P,froide,-8.052759,froid,-9.402858,1
2767,S_NOUN_8_ADJ_a,F,S,la boisson avec les recettes qui était là depuis hier est aussi très chaude <eos>,13,chaude,chaud,11,F,P,chaude,-5.7013307,chaud,-9.178284,1
2768,S_NOUN_8_ADJ_a,F,S,la boisson avec les recettes qui était là depuis hier est aussi très importante <eos>,13,importante,important,11,F,P,importante,-3.1946661,important,-7.126604,1
2769,S_NOUN_8_ADJ_a,F,S,la boisson avec les recettes qui était là depuis hier est aussi très courte <eos>,13,courte,court,11,F,P,courte,-6.530735,court,-8.471861,1
2770,S_NOUN_8_ADJ_a,F,S,la boisson avec les recettes qui était là depuis hier est aussi très dure <eos>,13,dure,dur,11,F,P,dure,-6.636438,dur,-8.665056,1
2771,S_NOUN_8_ADJ_a,F,S,la boisson avec les recettes qui était là depuis hier est aussi très claire <eos>,13,claire,clair,11,F,P,claire,-6.125044,clair,-8.9772625,1
2772,S_NOUN_8_ADJ_a,F,S,la boisson avec les recettes qui était là depuis hier est aussi très intéressante <eos>,13,intéressante,intéressant,11,F,P,intéressante,-5.600862,intéressant,-8.971422,1
2773,S_NOUN_8_ADJ_a,F,S,la boisson avec les recettes qui était là depuis hier est aussi très brillante <eos>,13,brillante,brillant,11,F,P,brillante,-7.3984184,brillant,-11.144137,1
2774,S_NOUN_8_ADJ_a,F,S,la boisson avec les recettes qui était là depuis hier est aussi très compliquée <eos>,13,compliquée,compliqué,11,F,P,compliquée,-7.7174377,compliqué,-9.440023,1
2775,S_NOUN_8_ADJ_a,F,S,la boisson avec les jupes qui était là depuis hier est aussi très verte <eos>,13,verte,vert,11,F,P,verte,-9.188367,vert,-11.8525915,1
2776,S_NOUN_8_ADJ_a,F,S,la boisson avec les jupes qui était là depuis hier est aussi très bleue <eos>,13,bleue,bleu,11,F,P,bleue,-11.483149,bleu,-11.984801,1
2777,S_NOUN_8_ADJ_a,F,S,la boisson avec les jupes qui était là depuis hier est aussi très noire <eos>,13,noire,noir,11,F,P,noire,-7.2073965,noir,-11.832892,1
2778,S_NOUN_8_ADJ_a,F,S,la boisson avec les jupes qui était là depuis hier est aussi très délicate <eos>,13,délicate,délicat,11,F,P,délicate,-6.5930605,délicat,-10.278647,1
2779,S_NOUN_8_ADJ_a,F,S,la boisson avec les jupes qui était là depuis hier est aussi très pointue <eos>,13,pointue,pointu,11,F,P,pointue,-9.368082,pointu,-11.1732025,1
2780,S_NOUN_8_ADJ_a,F,S,la boisson avec les jupes qui était là depuis hier est aussi très ronde <eos>,13,ronde,rond,11,F,P,ronde,-10.041658,rond,-13.792351,1
2781,S_NOUN_8_ADJ_a,F,S,la boisson avec les jupes qui était là depuis hier est aussi très froide <eos>,13,froide,froid,11,F,P,froide,-7.5822353,froid,-10.017413,1
2782,S_NOUN_8_ADJ_a,F,S,la boisson avec les jupes qui était là depuis hier est aussi très chaude <eos>,13,chaude,chaud,11,F,P,chaude,-5.5843973,chaud,-9.767051,1
2783,S_NOUN_8_ADJ_a,F,S,la boisson avec les jupes qui était là depuis hier est aussi très importante <eos>,13,importante,important,11,F,P,importante,-4.3486066,important,-8.479017,1
2784,S_NOUN_8_ADJ_a,F,S,la boisson avec les jupes qui était là depuis hier est aussi très courte <eos>,13,courte,court,11,F,P,courte,-5.5273986,court,-7.690764,1
2785,S_NOUN_8_ADJ_a,F,S,la boisson avec les jupes qui était là depuis hier est aussi très dure <eos>,13,dure,dur,11,F,P,dure,-6.32873,dur,-8.6966915,1
2786,S_NOUN_8_ADJ_a,F,S,la boisson avec les jupes qui était là depuis hier est aussi très claire <eos>,13,claire,clair,11,F,P,claire,-5.2597475,clair,-8.592234,1
2787,S_NOUN_8_ADJ_a,F,S,la boisson avec les jupes qui était là depuis hier est aussi très intéressante <eos>,13,intéressante,intéressant,11,F,P,intéressante,-5.980091,intéressant,-9.366225,1
2788,S_NOUN_8_ADJ_a,F,S,la boisson avec les jupes qui était là depuis hier est aussi très brillante <eos>,13,brillante,brillant,11,F,P,brillante,-7.032621,brillant,-11.185453,1
2789,S_NOUN_8_ADJ_a,F,S,la boisson avec les jupes qui était là depuis hier est aussi très compliquée <eos>,13,compliquée,compliqué,11,F,P,compliquée,-6.7330446,compliqué,-9.099004,1
2790,S_NOUN_8_ADJ_a,F,S,la boisson avec les colles qui était là depuis hier est aussi très verte <eos>,13,verte,vert,11,F,P,verte,-9.279903,vert,-11.925569,1
2791,S_NOUN_8_ADJ_a,F,S,la boisson avec les colles qui était là depuis hier est aussi très bleue <eos>,13,bleue,bleu,11,F,P,bleue,-11.885189,bleu,-12.478652,1
2792,S_NOUN_8_ADJ_a,F,S,la boisson avec les colles qui était là depuis hier est aussi très noire <eos>,13,noire,noir,11,F,P,noire,-8.527767,noir,-12.732143,1
2793,S_NOUN_8_ADJ_a,F,S,la boisson avec les colles qui était là depuis hier est aussi très délicate <eos>,13,délicate,délicat,11,F,P,délicate,-5.923464,délicat,-9.887623,1
2794,S_NOUN_8_ADJ_a,F,S,la boisson avec les colles qui était là depuis hier est aussi très pointue <eos>,13,pointue,pointu,11,F,P,pointue,-9.87263,pointu,-12.133725,1
2795,S_NOUN_8_ADJ_a,F,S,la boisson avec les colles qui était là depuis hier est aussi très ronde <eos>,13,ronde,rond,11,F,P,ronde,-10.687072,rond,-14.245909,1
2796,S_NOUN_8_ADJ_a,F,S,la boisson avec les colles qui était là depuis hier est aussi très froide <eos>,13,froide,froid,11,F,P,froide,-6.8162556,froid,-9.426617,1
2797,S_NOUN_8_ADJ_a,F,S,la boisson avec les colles qui était là depuis hier est aussi très chaude <eos>,13,chaude,chaud,11,F,P,chaude,-4.954689,chaud,-9.11839,1
2798,S_NOUN_8_ADJ_a,F,S,la boisson avec les colles qui était là depuis hier est aussi très importante <eos>,13,importante,important,11,F,P,importante,-3.9039853,important,-8.059852,1
2799,S_NOUN_8_ADJ_a,F,S,la boisson avec les colles qui était là depuis hier est aussi très courte <eos>,13,courte,court,11,F,P,courte,-6.6022816,court,-8.5826435,1
2800,S_NOUN_8_ADJ_a,F,S,la boisson avec les colles qui était là depuis hier est aussi très dure <eos>,13,dure,dur,11,F,P,dure,-6.5210934,dur,-8.1593485,1
2801,S_NOUN_8_ADJ_a,F,S,la boisson avec les colles qui était là depuis hier est aussi très claire <eos>,13,claire,clair,11,F,P,claire,-5.5060644,clair,-8.567606,1
2802,S_NOUN_8_ADJ_a,F,S,la boisson avec les colles qui était là depuis hier est aussi très intéressante <eos>,13,intéressante,intéressant,11,F,P,intéressante,-5.5135527,intéressant,-8.853324,1
2803,S_NOUN_8_ADJ_a,F,S,la boisson avec les colles qui était là depuis hier est aussi très brillante <eos>,13,brillante,brillant,11,F,P,brillante,-7.087414,brillant,-10.8383465,1
2804,S_NOUN_8_ADJ_a,F,S,la boisson avec les colles qui était là depuis hier est aussi très compliquée <eos>,13,compliquée,compliqué,11,F,P,compliquée,-6.6146007,compliqué,-8.978601,1
2805,S_NOUN_8_ADJ_a,F,S,la boisson avec les lampes qui était là depuis hier est aussi très verte <eos>,13,verte,vert,11,F,P,verte,-8.578672,vert,-11.341967,1
2806,S_NOUN_8_ADJ_a,F,S,la boisson avec les lampes qui était là depuis hier est aussi très bleue <eos>,13,bleue,bleu,11,F,P,bleue,-11.339775,bleu,-11.842072,1
2807,S_NOUN_8_ADJ_a,F,S,la boisson avec les lampes qui était là depuis hier est aussi très noire <eos>,13,noire,noir,11,F,P,noire,-7.611129,noir,-11.806734,1
2808,S_NOUN_8_ADJ_a,F,S,la boisson avec les lampes qui était là depuis hier est aussi très délicate <eos>,13,délicate,délicat,11,F,P,délicate,-6.0263624,délicat,-10.059551,1
2809,S_NOUN_8_ADJ_a,F,S,la boisson avec les lampes qui était là depuis hier est aussi très pointue <eos>,13,pointue,pointu,11,F,P,pointue,-9.689835,pointu,-11.720331,1
2810,S_NOUN_8_ADJ_a,F,S,la boisson avec les lampes qui était là depuis hier est aussi très ronde <eos>,13,ronde,rond,11,F,P,ronde,-10.426409,rond,-14.2500515,1
2811,S_NOUN_8_ADJ_a,F,S,la boisson avec les lampes qui était là depuis hier est aussi très froide <eos>,13,froide,froid,11,F,P,froide,-7.0801954,froid,-9.463469,1
2812,S_NOUN_8_ADJ_a,F,S,la boisson avec les lampes qui était là depuis hier est aussi très chaude <eos>,13,chaude,chaud,11,F,P,chaude,-4.8800406,chaud,-8.7504425,1
2813,S_NOUN_8_ADJ_a,F,S,la boisson avec les lampes qui était là depuis hier est aussi très importante <eos>,13,importante,important,11,F,P,importante,-4.161045,important,-8.233507,1
2814,S_NOUN_8_ADJ_a,F,S,la boisson avec les lampes qui était là depuis hier est aussi très courte <eos>,13,courte,court,11,F,P,courte,-6.0364623,court,-8.031055,1
2815,S_NOUN_8_ADJ_a,F,S,la boisson avec les lampes qui était là depuis hier est aussi très dure <eos>,13,dure,dur,11,F,P,dure,-6.163007,dur,-8.624041,1
2816,S_NOUN_8_ADJ_a,F,S,la boisson avec les lampes qui était là depuis hier est aussi très claire <eos>,13,claire,clair,11,F,P,claire,-5.3878093,clair,-8.516624,1
2817,S_NOUN_8_ADJ_a,F,S,la boisson avec les lampes qui était là depuis hier est aussi très intéressante <eos>,13,intéressante,intéressant,11,F,P,intéressante,-5.5744267,intéressant,-8.955772,1
2818,S_NOUN_8_ADJ_a,F,S,la boisson avec les lampes qui était là depuis hier est aussi très brillante <eos>,13,brillante,brillant,11,F,P,brillante,-6.531916,brillant,-10.51923,1
2819,S_NOUN_8_ADJ_a,F,S,la boisson avec les lampes qui était là depuis hier est aussi très compliquée <eos>,13,compliquée,compliqué,11,F,P,compliquée,-6.565729,compliqué,-8.905809,1
2820,S_NOUN_8_ADJ_a,F,S,la boisson avec les bouteilles qui était là depuis hier est aussi très verte <eos>,13,verte,vert,11,F,P,verte,-9.206126,vert,-11.487533,1
2821,S_NOUN_8_ADJ_a,F,S,la boisson avec les bouteilles qui était là depuis hier est aussi très bleue <eos>,13,bleue,bleu,11,F,P,bleue,-11.864434,bleu,-12.219681,1
2822,S_NOUN_8_ADJ_a,F,S,la boisson avec les bouteilles qui était là depuis hier est aussi très noire <eos>,13,noire,noir,11,F,P,noire,-8.119789,noir,-11.858656,1
2823,S_NOUN_8_ADJ_a,F,S,la boisson avec les bouteilles qui était là depuis hier est aussi très délicate <eos>,13,délicate,délicat,11,F,P,délicate,-5.904159,délicat,-10.031483,1
2824,S_NOUN_8_ADJ_a,F,S,la boisson avec les bouteilles qui était là depuis hier est aussi très pointue <eos>,13,pointue,pointu,11,F,P,pointue,-10.150366,pointu,-11.986592,1
2825,S_NOUN_8_ADJ_a,F,S,la boisson avec les bouteilles qui était là depuis hier est aussi très ronde <eos>,13,ronde,rond,11,F,P,ronde,-10.492967,rond,-14.180724,1
2826,S_NOUN_8_ADJ_a,F,S,la boisson avec les bouteilles qui était là depuis hier est aussi très froide <eos>,13,froide,froid,11,F,P,froide,-7.426225,froid,-9.1688595,1
2827,S_NOUN_8_ADJ_a,F,S,la boisson avec les bouteilles qui était là depuis hier est aussi très chaude <eos>,13,chaude,chaud,11,F,P,chaude,-5.0364404,chaud,-8.954483,1
2828,S_NOUN_8_ADJ_a,F,S,la boisson avec les bouteilles qui était là depuis hier est aussi très importante <eos>,13,importante,important,11,F,P,importante,-3.7933893,important,-7.7347984,1
2829,S_NOUN_8_ADJ_a,F,S,la boisson avec les bouteilles qui était là depuis hier est aussi très courte <eos>,13,courte,court,11,F,P,courte,-6.4069366,court,-8.238854,1
2830,S_NOUN_8_ADJ_a,F,S,la boisson avec les bouteilles qui était là depuis hier est aussi très dure <eos>,13,dure,dur,11,F,P,dure,-6.263281,dur,-8.469757,1
2831,S_NOUN_8_ADJ_a,F,S,la boisson avec les bouteilles qui était là depuis hier est aussi très claire <eos>,13,claire,clair,11,F,P,claire,-5.36969,clair,-8.615909,1
2832,S_NOUN_8_ADJ_a,F,S,la boisson avec les bouteilles qui était là depuis hier est aussi très intéressante <eos>,13,intéressante,intéressant,11,F,P,intéressante,-5.539094,intéressant,-8.74035,1
2833,S_NOUN_8_ADJ_a,F,S,la boisson avec les bouteilles qui était là depuis hier est aussi très brillante <eos>,13,brillante,brillant,11,F,P,brillante,-7.055737,brillant,-10.624712,1
2834,S_NOUN_8_ADJ_a,F,S,la boisson avec les bouteilles qui était là depuis hier est aussi très compliquée <eos>,13,compliquée,compliqué,11,F,P,compliquée,-7.0046062,compliqué,-8.994309,1
2835,S_NOUN_8_ADJ_a,F,S,la boisson avec les boissons qui était là depuis hier est aussi très verte <eos>,13,verte,vert,11,F,P,verte,-9.188303,vert,-11.631431,1
2836,S_NOUN_8_ADJ_a,F,S,la boisson avec les boissons qui était là depuis hier est aussi très bleue <eos>,13,bleue,bleu,11,F,P,bleue,-11.65265,bleu,-12.351089,1
2837,S_NOUN_8_ADJ_a,F,S,la boisson avec les boissons qui était là depuis hier est aussi très noire <eos>,13,noire,noir,11,F,P,noire,-8.147675,noir,-12.257774,1
2838,S_NOUN_8_ADJ_a,F,S,la boisson avec les boissons qui était là depuis hier est aussi très délicate <eos>,13,délicate,délicat,11,F,P,délicate,-6.0061483,délicat,-10.047834,1
2839,S_NOUN_8_ADJ_a,F,S,la boisson avec les boissons qui était là depuis hier est aussi très pointue <eos>,13,pointue,pointu,11,F,P,pointue,-10.751524,pointu,-12.167189,1
2840,S_NOUN_8_ADJ_a,F,S,la boisson avec les boissons qui était là depuis hier est aussi très ronde <eos>,13,ronde,rond,11,F,P,ronde,-11.017942,rond,-14.729851,1
2841,S_NOUN_8_ADJ_a,F,S,la boisson avec les boissons qui était là depuis hier est aussi très froide <eos>,13,froide,froid,11,F,P,froide,-6.702508,froid,-8.607772,1
2842,S_NOUN_8_ADJ_a,F,S,la boisson avec les boissons qui était là depuis hier est aussi très chaude <eos>,13,chaude,chaud,11,F,P,chaude,-4.76451,chaud,-8.519022,1
2843,S_NOUN_8_ADJ_a,F,S,la boisson avec les boissons qui était là depuis hier est aussi très importante <eos>,13,importante,important,11,F,P,importante,-3.8895519,important,-7.9889536,1
2844,S_NOUN_8_ADJ_a,F,S,la boisson avec les boissons qui était là depuis hier est aussi très courte <eos>,13,courte,court,11,F,P,courte,-6.445553,court,-8.671635,1
2845,S_NOUN_8_ADJ_a,F,S,la boisson avec les boissons qui était là depuis hier est aussi très dure <eos>,13,dure,dur,11,F,P,dure,-6.091152,dur,-8.636908,1
2846,S_NOUN_8_ADJ_a,F,S,la boisson avec les boissons qui était là depuis hier est aussi très claire <eos>,13,claire,clair,11,F,P,claire,-5.415326,clair,-8.310511,1
2847,S_NOUN_8_ADJ_a,F,S,la boisson avec les boissons qui était là depuis hier est aussi très intéressante <eos>,13,intéressante,intéressant,11,F,P,intéressante,-5.9465046,intéressant,-9.096977,1
2848,S_NOUN_8_ADJ_a,F,S,la boisson avec les boissons qui était là depuis hier est aussi très brillante <eos>,13,brillante,brillant,11,F,P,brillante,-7.619152,brillant,-11.150244,1
2849,S_NOUN_8_ADJ_a,F,S,la boisson avec les boissons qui était là depuis hier est aussi très compliquée <eos>,13,compliquée,compliqué,11,F,P,compliquée,-7.2650557,compliqué,-9.473406,1
2850,S_NOUN_8_ADJ_a,F,S,la boisson avec les pommes qui était là depuis hier est aussi très verte <eos>,13,verte,vert,11,F,P,verte,-9.195702,vert,-11.844518,1
2851,S_NOUN_8_ADJ_a,F,S,la boisson avec les pommes qui était là depuis hier est aussi très bleue <eos>,13,bleue,bleu,11,F,P,bleue,-11.518028,bleu,-12.329397,1
2852,S_NOUN_8_ADJ_a,F,S,la boisson avec les pommes qui était là depuis hier est aussi très noire <eos>,13,noire,noir,11,F,P,noire,-7.8052473,noir,-12.10307,1
2853,S_NOUN_8_ADJ_a,F,S,la boisson avec les pommes qui était là depuis hier est aussi très délicate <eos>,13,délicate,délicat,11,F,P,délicate,-5.8638124,délicat,-9.831521,1
2854,S_NOUN_8_ADJ_a,F,S,la boisson avec les pommes qui était là depuis hier est aussi très pointue <eos>,13,pointue,pointu,11,F,P,pointue,-10.03643,pointu,-12.057133,1
2855,S_NOUN_8_ADJ_a,F,S,la boisson avec les pommes qui était là depuis hier est aussi très ronde <eos>,13,ronde,rond,11,F,P,ronde,-10.372779,rond,-14.674435,1
2856,S_NOUN_8_ADJ_a,F,S,la boisson avec les pommes qui était là depuis hier est aussi très froide <eos>,13,froide,froid,11,F,P,froide,-6.877205,froid,-8.75187,1
2857,S_NOUN_8_ADJ_a,F,S,la boisson avec les pommes qui était là depuis hier est aussi très chaude <eos>,13,chaude,chaud,11,F,P,chaude,-4.7066135,chaud,-9.042598,1
2858,S_NOUN_8_ADJ_a,F,S,la boisson avec les pommes qui était là depuis hier est aussi très importante <eos>,13,importante,important,11,F,P,importante,-3.8148403,important,-8.285608,1
2859,S_NOUN_8_ADJ_a,F,S,la boisson avec les pommes qui était là depuis hier est aussi très courte <eos>,13,courte,court,11,F,P,courte,-5.958298,court,-8.492823,1
2860,S_NOUN_8_ADJ_a,F,S,la boisson avec les pommes qui était là depuis hier est aussi très dure <eos>,13,dure,dur,11,F,P,dure,-5.488632,dur,-8.563774,1
2861,S_NOUN_8_ADJ_a,F,S,la boisson avec les pommes qui était là depuis hier est aussi très claire <eos>,13,claire,clair,11,F,P,claire,-5.1952906,clair,-8.443966,1
2862,S_NOUN_8_ADJ_a,F,S,la boisson avec les pommes qui était là depuis hier est aussi très intéressante <eos>,13,intéressante,intéressant,11,F,P,intéressante,-5.880681,intéressant,-9.40793,1
2863,S_NOUN_8_ADJ_a,F,S,la boisson avec les pommes qui était là depuis hier est aussi très brillante <eos>,13,brillante,brillant,11,F,P,brillante,-7.051738,brillant,-11.118819,1
2864,S_NOUN_8_ADJ_a,F,S,la boisson avec les pommes qui était là depuis hier est aussi très compliquée <eos>,13,compliquée,compliqué,11,F,P,compliquée,-7.3141603,compliqué,-9.6073265,1
2865,S_NOUN_8_ADJ_a,F,S,la boisson avec les tasses qui était là depuis hier est aussi très verte <eos>,13,verte,vert,11,F,P,verte,-9.329813,vert,-11.659375,1
2866,S_NOUN_8_ADJ_a,F,S,la boisson avec les tasses qui était là depuis hier est aussi très bleue <eos>,13,bleue,bleu,11,F,P,bleue,-12.007611,bleu,-12.283117,1
2867,S_NOUN_8_ADJ_a,F,S,la boisson avec les tasses qui était là depuis hier est aussi très noire <eos>,13,noire,noir,11,F,P,noire,-8.253124,noir,-12.270768,1
2868,S_NOUN_8_ADJ_a,F,S,la boisson avec les tasses qui était là depuis hier est aussi très délicate <eos>,13,délicate,délicat,11,F,P,délicate,-6.1361647,délicat,-9.735556,1
2869,S_NOUN_8_ADJ_a,F,S,la boisson avec les tasses qui était là depuis hier est aussi très pointue <eos>,13,pointue,pointu,11,F,P,pointue,-9.979336,pointu,-11.8604355,1
2870,S_NOUN_8_ADJ_a,F,S,la boisson avec les tasses qui était là depuis hier est aussi très ronde <eos>,13,ronde,rond,11,F,P,ronde,-10.141514,rond,-14.014242,1
2871,S_NOUN_8_ADJ_a,F,S,la boisson avec les tasses qui était là depuis hier est aussi très froide <eos>,13,froide,froid,11,F,P,froide,-6.934785,froid,-9.2456045,1
2872,S_NOUN_8_ADJ_a,F,S,la boisson avec les tasses qui était là depuis hier est aussi très chaude <eos>,13,chaude,chaud,11,F,P,chaude,-4.874204,chaud,-8.885494,1
2873,S_NOUN_8_ADJ_a,F,S,la boisson avec les tasses qui était là depuis hier est aussi très importante <eos>,13,importante,important,11,F,P,importante,-3.8493807,important,-7.825549,1
2874,S_NOUN_8_ADJ_a,F,S,la boisson avec les tasses qui était là depuis hier est aussi très courte <eos>,13,courte,court,11,F,P,courte,-6.1426406,court,-8.141024,1
2875,S_NOUN_8_ADJ_a,F,S,la boisson avec les tasses qui était là depuis hier est aussi très dure <eos>,13,dure,dur,11,F,P,dure,-6.026149,dur,-8.35046,1
2876,S_NOUN_8_ADJ_a,F,S,la boisson avec les tasses qui était là depuis hier est aussi très claire <eos>,13,claire,clair,11,F,P,claire,-5.4474506,clair,-8.321767,1
2877,S_NOUN_8_ADJ_a,F,S,la boisson avec les tasses qui était là depuis hier est aussi très intéressante <eos>,13,intéressante,intéressant,11,F,P,intéressante,-5.467486,intéressant,-8.882326,1
2878,S_NOUN_8_ADJ_a,F,S,la boisson avec les tasses qui était là depuis hier est aussi très brillante <eos>,13,brillante,brillant,11,F,P,brillante,-6.660202,brillant,-10.535347,1
2879,S_NOUN_8_ADJ_a,F,S,la boisson avec les tasses qui était là depuis hier est aussi très compliquée <eos>,13,compliquée,compliqué,11,F,P,compliquée,-7.0943575,compliqué,-9.135316,1
2880,S_NOUN_8_ADJ_a,F,S,la boisson avec les bougies qui était là depuis hier est aussi très verte <eos>,13,verte,vert,11,F,P,verte,-8.929865,vert,-11.400461,1
2881,S_NOUN_8_ADJ_a,F,S,la boisson avec les bougies qui était là depuis hier est aussi très bleue <eos>,13,bleue,bleu,11,F,P,bleue,-11.345888,bleu,-11.836288,1
2882,S_NOUN_8_ADJ_a,F,S,la boisson avec les bougies qui était là depuis hier est aussi très noire <eos>,13,noire,noir,11,F,P,noire,-7.496509,noir,-11.57436,1
2883,S_NOUN_8_ADJ_a,F,S,la boisson avec les bougies qui était là depuis hier est aussi très délicate <eos>,13,délicate,délicat,11,F,P,délicate,-6.55198,délicat,-9.989263,1
2884,S_NOUN_8_ADJ_a,F,S,la boisson avec les bougies qui était là depuis hier est aussi très pointue <eos>,13,pointue,pointu,11,F,P,pointue,-10.10321,pointu,-11.910385,1
2885,S_NOUN_8_ADJ_a,F,S,la boisson avec les bougies qui était là depuis hier est aussi très ronde <eos>,13,ronde,rond,11,F,P,ronde,-10.417055,rond,-13.955798,1
2886,S_NOUN_8_ADJ_a,F,S,la boisson avec les bougies qui était là depuis hier est aussi très froide <eos>,13,froide,froid,11,F,P,froide,-7.100877,froid,-9.40475,1
2887,S_NOUN_8_ADJ_a,F,S,la boisson avec les bougies qui était là depuis hier est aussi très chaude <eos>,13,chaude,chaud,11,F,P,chaude,-5.033349,chaud,-9.276332,1
2888,S_NOUN_8_ADJ_a,F,S,la boisson avec les bougies qui était là depuis hier est aussi très importante <eos>,13,importante,important,11,F,P,importante,-4.166363,important,-8.300742,1
2889,S_NOUN_8_ADJ_a,F,S,la boisson avec les bougies qui était là depuis hier est aussi très courte <eos>,13,courte,court,11,F,P,courte,-5.920855,court,-7.921163,1
2890,S_NOUN_8_ADJ_a,F,S,la boisson avec les bougies qui était là depuis hier est aussi très dure <eos>,13,dure,dur,11,F,P,dure,-6.240139,dur,-8.733801,1
2891,S_NOUN_8_ADJ_a,F,S,la boisson avec les bougies qui était là depuis hier est aussi très claire <eos>,13,claire,clair,11,F,P,claire,-5.0485497,clair,-8.403862,1
2892,S_NOUN_8_ADJ_a,F,S,la boisson avec les bougies qui était là depuis hier est aussi très intéressante <eos>,13,intéressante,intéressant,11,F,P,intéressante,-5.8405347,intéressant,-9.301304,1
2893,S_NOUN_8_ADJ_a,F,S,la boisson avec les bougies qui était là depuis hier est aussi très brillante <eos>,13,brillante,brillant,11,F,P,brillante,-6.6426873,brillant,-10.908066,1
2894,S_NOUN_8_ADJ_a,F,S,la boisson avec les bougies qui était là depuis hier est aussi très compliquée <eos>,13,compliquée,compliqué,11,F,P,compliquée,-7.2615004,compliqué,-9.50471,1
2895,S_NOUN_8_ADJ_a,F,S,la boisson avec les pochettes qui était là depuis hier est aussi très verte <eos>,13,verte,vert,11,F,P,verte,-9.891456,vert,-12.366873,1
2896,S_NOUN_8_ADJ_a,F,S,la boisson avec les pochettes qui était là depuis hier est aussi très bleue <eos>,13,bleue,bleu,11,F,P,bleue,-12.407696,bleu,-12.468128,1
2897,S_NOUN_8_ADJ_a,F,S,la boisson avec les pochettes qui était là depuis hier est aussi très noire <eos>,13,noire,noir,11,F,P,noire,-8.73924,noir,-12.297463,1
2898,S_NOUN_8_ADJ_a,F,S,la boisson avec les pochettes qui était là depuis hier est aussi très délicate <eos>,13,délicate,délicat,11,F,P,délicate,-7.324189,délicat,-11.017843,1
2899,S_NOUN_8_ADJ_a,F,S,la boisson avec les pochettes qui était là depuis hier est aussi très pointue <eos>,13,pointue,pointu,11,F,P,pointue,-10.524313,pointu,-11.253588,1
2900,S_NOUN_8_ADJ_a,F,S,la boisson avec les pochettes qui était là depuis hier est aussi très ronde <eos>,13,ronde,rond,11,F,P,ronde,-11.74464,rond,-15.258494,1
2901,S_NOUN_8_ADJ_a,F,S,la boisson avec les pochettes qui était là depuis hier est aussi très froide <eos>,13,froide,froid,11,F,P,froide,-9.385075,froid,-9.903919,1
2902,S_NOUN_8_ADJ_a,F,S,la boisson avec les pochettes qui était là depuis hier est aussi très chaude <eos>,13,chaude,chaud,11,F,P,chaude,-6.3396034,chaud,-10.329208,1
2903,S_NOUN_8_ADJ_a,F,S,la boisson avec les pochettes qui était là depuis hier est aussi très importante <eos>,13,importante,important,11,F,P,importante,-3.4228384,important,-7.237529,1
2904,S_NOUN_8_ADJ_a,F,S,la boisson avec les pochettes qui était là depuis hier est aussi très courte <eos>,13,courte,court,11,F,P,courte,-5.7242007,court,-8.002707,1
2905,S_NOUN_8_ADJ_a,F,S,la boisson avec les pochettes qui était là depuis hier est aussi très dure <eos>,13,dure,dur,11,F,P,dure,-5.761547,dur,-8.341556,1
2906,S_NOUN_8_ADJ_a,F,S,la boisson avec les pochettes qui était là depuis hier est aussi très claire <eos>,13,claire,clair,11,F,P,claire,-5.2867503,clair,-8.405615,1
2907,S_NOUN_8_ADJ_a,F,S,la boisson avec les pochettes qui était là depuis hier est aussi très intéressante <eos>,13,intéressante,intéressant,11,F,P,intéressante,-5.7344303,intéressant,-8.6654005,1
2908,S_NOUN_8_ADJ_a,F,S,la boisson avec les pochettes qui était là depuis hier est aussi très brillante <eos>,13,brillante,brillant,11,F,P,brillante,-6.2262907,brillant,-10.7321205,1
2909,S_NOUN_8_ADJ_a,F,S,la boisson avec les pochettes qui était là depuis hier est aussi très compliquée <eos>,13,compliquée,compliqué,11,F,P,compliquée,-6.9062486,compliqué,-9.869553,1
2910,S_NOUN_8_ADJ_a,F,S,la boisson avec les bananes qui était là depuis hier est aussi très verte <eos>,13,verte,vert,11,F,P,verte,-8.82268,vert,-11.778121,1
2911,S_NOUN_8_ADJ_a,F,S,la boisson avec les bananes qui était là depuis hier est aussi très bleue <eos>,13,bleue,bleu,11,F,P,bleue,-11.503594,bleu,-12.396388,1
2912,S_NOUN_8_ADJ_a,F,S,la boisson avec les bananes qui était là depuis hier est aussi très noire <eos>,13,noire,noir,11,F,P,noire,-7.971965,noir,-12.183448,1
2913,S_NOUN_8_ADJ_a,F,S,la boisson avec les bananes qui était là depuis hier est aussi très délicate <eos>,13,délicate,délicat,11,F,P,délicate,-6.165998,délicat,-10.280172,1
2914,S_NOUN_8_ADJ_a,F,S,la boisson avec les bananes qui était là depuis hier est aussi très pointue <eos>,13,pointue,pointu,11,F,P,pointue,-10.314964,pointu,-12.006124,1
2915,S_NOUN_8_ADJ_a,F,S,la boisson avec les bananes qui était là depuis hier est aussi très ronde <eos>,13,ronde,rond,11,F,P,ronde,-10.37826,rond,-14.614807,1
2916,S_NOUN_8_ADJ_a,F,S,la boisson avec les bananes qui était là depuis hier est aussi très froide <eos>,13,froide,froid,11,F,P,froide,-7.0691214,froid,-8.774347,1
2917,S_NOUN_8_ADJ_a,F,S,la boisson avec les bananes qui était là depuis hier est aussi très chaude <eos>,13,chaude,chaud,11,F,P,chaude,-4.903184,chaud,-8.8524475,1
2918,S_NOUN_8_ADJ_a,F,S,la boisson avec les bananes qui était là depuis hier est aussi très importante <eos>,13,importante,important,11,F,P,importante,-3.7975802,important,-8.112782,1
2919,S_NOUN_8_ADJ_a,F,S,la boisson avec les bananes qui était là depuis hier est aussi très courte <eos>,13,courte,court,11,F,P,courte,-6.3509808,court,-8.287352,1
2920,S_NOUN_8_ADJ_a,F,S,la boisson avec les bananes qui était là depuis hier est aussi très dure <eos>,13,dure,dur,11,F,P,dure,-5.789586,dur,-8.375776,1
2921,S_NOUN_8_ADJ_a,F,S,la boisson avec les bananes qui était là depuis hier est aussi très claire <eos>,13,claire,clair,11,F,P,claire,-5.534125,clair,-8.819204,1
2922,S_NOUN_8_ADJ_a,F,S,la boisson avec les bananes qui était là depuis hier est aussi très intéressante <eos>,13,intéressante,intéressant,11,F,P,intéressante,-5.807706,intéressant,-9.248049,1
2923,S_NOUN_8_ADJ_a,F,S,la boisson avec les bananes qui était là depuis hier est aussi très brillante <eos>,13,brillante,brillant,11,F,P,brillante,-7.1137266,brillant,-11.063509,1
2924,S_NOUN_8_ADJ_a,F,S,la boisson avec les bananes qui était là depuis hier est aussi très compliquée <eos>,13,compliquée,compliqué,11,F,P,compliquée,-7.4389234,compliqué,-9.374847,1
2925,S_NOUN_8_ADJ_a,F,S,la boisson avec les robes qui était là depuis hier est aussi très verte <eos>,13,verte,vert,11,F,P,verte,-9.069267,vert,-11.732246,1
2926,S_NOUN_8_ADJ_a,F,S,la boisson avec les robes qui était là depuis hier est aussi très bleue <eos>,13,bleue,bleu,11,F,P,bleue,-11.15872,bleu,-11.916994,1
2927,S_NOUN_8_ADJ_a,F,S,la boisson avec les robes qui était là depuis hier est aussi très noire <eos>,13,noire,noir,11,F,P,noire,-7.344729,noir,-11.792706,1
2928,S_NOUN_8_ADJ_a,F,S,la boisson avec les robes qui était là depuis hier est aussi très délicate <eos>,13,délicate,délicat,11,F,P,délicate,-6.936861,délicat,-10.615799,1
2929,S_NOUN_8_ADJ_a,F,S,la boisson avec les robes qui était là depuis hier est aussi très pointue <eos>,13,pointue,pointu,11,F,P,pointue,-10.502678,pointu,-11.821745,1
2930,S_NOUN_8_ADJ_a,F,S,la boisson avec les robes qui était là depuis hier est aussi très ronde <eos>,13,ronde,rond,11,F,P,ronde,-10.855968,rond,-14.383429,1
2931,S_NOUN_8_ADJ_a,F,S,la boisson avec les robes qui était là depuis hier est aussi très froide <eos>,13,froide,froid,11,F,P,froide,-7.595824,froid,-9.956518,1
2932,S_NOUN_8_ADJ_a,F,S,la boisson avec les robes qui était là depuis hier est aussi très chaude <eos>,13,chaude,chaud,11,F,P,chaude,-5.6426764,chaud,-9.734829,1
2933,S_NOUN_8_ADJ_a,F,S,la boisson avec les robes qui était là depuis hier est aussi très importante <eos>,13,importante,important,11,F,P,importante,-4.248912,important,-8.424624,1
2934,S_NOUN_8_ADJ_a,F,S,la boisson avec les robes qui était là depuis hier est aussi très courte <eos>,13,courte,court,11,F,P,courte,-6.069747,court,-8.254061,1
2935,S_NOUN_8_ADJ_a,F,S,la boisson avec les robes qui était là depuis hier est aussi très dure <eos>,13,dure,dur,11,F,P,dure,-6.719851,dur,-9.482471,1
2936,S_NOUN_8_ADJ_a,F,S,la boisson avec les robes qui était là depuis hier est aussi très claire <eos>,13,claire,clair,11,F,P,claire,-5.4854136,clair,-8.564485,1
2937,S_NOUN_8_ADJ_a,F,S,la boisson avec les robes qui était là depuis hier est aussi très intéressante <eos>,13,intéressante,intéressant,11,F,P,intéressante,-6.0982647,intéressant,-9.322339,1
2938,S_NOUN_8_ADJ_a,F,S,la boisson avec les robes qui était là depuis hier est aussi très brillante <eos>,13,brillante,brillant,11,F,P,brillante,-7.0460224,brillant,-11.462218,1
2939,S_NOUN_8_ADJ_a,F,S,la boisson avec les robes qui était là depuis hier est aussi très compliquée <eos>,13,compliquée,compliqué,11,F,P,compliquée,-7.738908,compliqué,-9.914054,1
2940,S_NOUN_8_ADJ_a,F,S,la boisson avec les valises qui était là depuis hier est aussi très verte <eos>,13,verte,vert,11,F,P,verte,-9.417078,vert,-12.095249,1
2941,S_NOUN_8_ADJ_a,F,S,la boisson avec les valises qui était là depuis hier est aussi très bleue <eos>,13,bleue,bleu,11,F,P,bleue,-12.160097,bleu,-12.338708,1
2942,S_NOUN_8_ADJ_a,F,S,la boisson avec les valises qui était là depuis hier est aussi très noire <eos>,13,noire,noir,11,F,P,noire,-8.057545,noir,-12.265345,1
2943,S_NOUN_8_ADJ_a,F,S,la boisson avec les valises qui était là depuis hier est aussi très délicate <eos>,13,délicate,délicat,11,F,P,délicate,-5.975251,délicat,-10.352466,1
2944,S_NOUN_8_ADJ_a,F,S,la boisson avec les valises qui était là depuis hier est aussi très pointue <eos>,13,pointue,pointu,11,F,P,pointue,-10.024239,pointu,-11.865748,1
2945,S_NOUN_8_ADJ_a,F,S,la boisson avec les valises qui était là depuis hier est aussi très ronde <eos>,13,ronde,rond,11,F,P,ronde,-10.489006,rond,-14.539849,1
2946,S_NOUN_8_ADJ_a,F,S,la boisson avec les valises qui était là depuis hier est aussi très froide <eos>,13,froide,froid,11,F,P,froide,-7.199959,froid,-9.357218,1
2947,S_NOUN_8_ADJ_a,F,S,la boisson avec les valises qui était là depuis hier est aussi très chaude <eos>,13,chaude,chaud,11,F,P,chaude,-4.939454,chaud,-9.122969,1
2948,S_NOUN_8_ADJ_a,F,S,la boisson avec les valises qui était là depuis hier est aussi très importante <eos>,13,importante,important,11,F,P,importante,-3.5696142,important,-7.726701,1
2949,S_NOUN_8_ADJ_a,F,S,la boisson avec les valises qui était là depuis hier est aussi très courte <eos>,13,courte,court,11,F,P,courte,-6.0950937,court,-8.125431,1
2950,S_NOUN_8_ADJ_a,F,S,la boisson avec les valises qui était là depuis hier est aussi très dure <eos>,13,dure,dur,11,F,P,dure,-6.1078234,dur,-8.49619,1
2951,S_NOUN_8_ADJ_a,F,S,la boisson avec les valises qui était là depuis hier est aussi très claire <eos>,13,claire,clair,11,F,P,claire,-5.390027,clair,-8.936707,1
2952,S_NOUN_8_ADJ_a,F,S,la boisson avec les valises qui était là depuis hier est aussi très intéressante <eos>,13,intéressante,intéressant,11,F,P,intéressante,-5.4660225,intéressant,-8.842805,1
2953,S_NOUN_8_ADJ_a,F,S,la boisson avec les valises qui était là depuis hier est aussi très brillante <eos>,13,brillante,brillant,11,F,P,brillante,-7.083061,brillant,-11.011932,1
2954,S_NOUN_8_ADJ_a,F,S,la boisson avec les valises qui était là depuis hier est aussi très compliquée <eos>,13,compliquée,compliqué,11,F,P,compliquée,-6.751756,compliqué,-8.937164,1
2955,S_NOUN_8_ADJ_a,F,S,la boisson avec les pendules qui était là depuis hier est aussi très verte <eos>,13,verte,vert,11,F,P,verte,-8.765591,vert,-11.5800085,1
2956,S_NOUN_8_ADJ_a,F,S,la boisson avec les pendules qui était là depuis hier est aussi très bleue <eos>,13,bleue,bleu,11,F,P,bleue,-11.492404,bleu,-11.928971,1
2957,S_NOUN_8_ADJ_a,F,S,la boisson avec les pendules qui était là depuis hier est aussi très noire <eos>,13,noire,noir,11,F,P,noire,-7.7120457,noir,-11.896981,1
2958,S_NOUN_8_ADJ_a,F,S,la boisson avec les pendules qui était là depuis hier est aussi très délicate <eos>,13,délicate,délicat,11,F,P,délicate,-6.1840982,délicat,-10.150545,1
2959,S_NOUN_8_ADJ_a,F,S,la boisson avec les pendules qui était là depuis hier est aussi très pointue <eos>,13,pointue,pointu,11,F,P,pointue,-9.85017,pointu,-11.821915,1
2960,S_NOUN_8_ADJ_a,F,S,la boisson avec les pendules qui était là depuis hier est aussi très ronde <eos>,13,ronde,rond,11,F,P,ronde,-10.718341,rond,-14.387276,1
2961,S_NOUN_8_ADJ_a,F,S,la boisson avec les pendules qui était là depuis hier est aussi très froide <eos>,13,froide,froid,11,F,P,froide,-7.5221233,froid,-9.508873,1
2962,S_NOUN_8_ADJ_a,F,S,la boisson avec les pendules qui était là depuis hier est aussi très chaude <eos>,13,chaude,chaud,11,F,P,chaude,-5.2448993,chaud,-9.136211,1
2963,S_NOUN_8_ADJ_a,F,S,la boisson avec les pendules qui était là depuis hier est aussi très importante <eos>,13,importante,important,11,F,P,importante,-4.2337093,important,-8.245513,1
2964,S_NOUN_8_ADJ_a,F,S,la boisson avec les pendules qui était là depuis hier est aussi très courte <eos>,13,courte,court,11,F,P,courte,-6.0901103,court,-8.260023,1
2965,S_NOUN_8_ADJ_a,F,S,la boisson avec les pendules qui était là depuis hier est aussi très dure <eos>,13,dure,dur,11,F,P,dure,-6.2692666,dur,-8.783134,1
2966,S_NOUN_8_ADJ_a,F,S,la boisson avec les pendules qui était là depuis hier est aussi très claire <eos>,13,claire,clair,11,F,P,claire,-5.1601133,clair,-8.481718,1
2967,S_NOUN_8_ADJ_a,F,S,la boisson avec les pendules qui était là depuis hier est aussi très intéressante <eos>,13,intéressante,intéressant,11,F,P,intéressante,-5.6534796,intéressant,-8.958313,1
2968,S_NOUN_8_ADJ_a,F,S,la boisson avec les pendules qui était là depuis hier est aussi très brillante <eos>,13,brillante,brillant,11,F,P,brillante,-7.0764246,brillant,-10.831934,1
2969,S_NOUN_8_ADJ_a,F,S,la boisson avec les pendules qui était là depuis hier est aussi très compliquée <eos>,13,compliquée,compliqué,11,F,P,compliquée,-6.3601894,compliqué,-8.697608,1
2970,S_NOUN_8_ADJ_a,F,S,la boisson avec les cloches qui était là depuis hier est aussi très verte <eos>,13,verte,vert,11,F,P,verte,-9.079513,vert,-11.497286,1
2971,S_NOUN_8_ADJ_a,F,S,la boisson avec les cloches qui était là depuis hier est aussi très bleue <eos>,13,bleue,bleu,11,F,P,bleue,-11.668607,bleu,-12.242466,1
2972,S_NOUN_8_ADJ_a,F,S,la boisson avec les cloches qui était là depuis hier est aussi très noire <eos>,13,noire,noir,11,F,P,noire,-7.6154304,noir,-12.297243,1
2973,S_NOUN_8_ADJ_a,F,S,la boisson avec les cloches qui était là depuis hier est aussi très délicate <eos>,13,délicate,délicat,11,F,P,délicate,-5.876502,délicat,-9.922198,1
2974,S_NOUN_8_ADJ_a,F,S,la boisson avec les cloches qui était là depuis hier est aussi très pointue <eos>,13,pointue,pointu,11,F,P,pointue,-10.346208,pointu,-12.610136,1
2975,S_NOUN_8_ADJ_a,F,S,la boisson avec les cloches qui était là depuis hier est aussi très ronde <eos>,13,ronde,rond,11,F,P,ronde,-10.533361,rond,-14.831524,1
2976,S_NOUN_8_ADJ_a,F,S,la boisson avec les cloches qui était là depuis hier est aussi très froide <eos>,13,froide,froid,11,F,P,froide,-7.199626,froid,-9.441382,1
2977,S_NOUN_8_ADJ_a,F,S,la boisson avec les cloches qui était là depuis hier est aussi très chaude <eos>,13,chaude,chaud,11,F,P,chaude,-4.408705,chaud,-8.8479595,1
2978,S_NOUN_8_ADJ_a,F,S,la boisson avec les cloches qui était là depuis hier est aussi très importante <eos>,13,importante,important,11,F,P,importante,-3.9742377,important,-8.391435,1
2979,S_NOUN_8_ADJ_a,F,S,la boisson avec les cloches qui était là depuis hier est aussi très courte <eos>,13,courte,court,11,F,P,courte,-6.204506,court,-8.69897,1
2980,S_NOUN_8_ADJ_a,F,S,la boisson avec les cloches qui était là depuis hier est aussi très dure <eos>,13,dure,dur,11,F,P,dure,-5.7433615,dur,-8.553848,1
2981,S_NOUN_8_ADJ_a,F,S,la boisson avec les cloches qui était là depuis hier est aussi très claire <eos>,13,claire,clair,11,F,P,claire,-5.2857666,clair,-8.600867,1
2982,S_NOUN_8_ADJ_a,F,S,la boisson avec les cloches qui était là depuis hier est aussi très intéressante <eos>,13,intéressante,intéressant,11,F,P,intéressante,-5.9192944,intéressant,-9.275293,1
2983,S_NOUN_8_ADJ_a,F,S,la boisson avec les cloches qui était là depuis hier est aussi très brillante <eos>,13,brillante,brillant,11,F,P,brillante,-6.621088,brillant,-10.688624,1
2984,S_NOUN_8_ADJ_a,F,S,la boisson avec les cloches qui était là depuis hier est aussi très compliquée <eos>,13,compliquée,compliqué,11,F,P,compliquée,-7.127645,compliqué,-9.413301,1
2985,S_NOUN_8_ADJ_a,F,S,la boisson avec les cerises qui était là depuis hier est aussi très verte <eos>,13,verte,vert,11,F,P,verte,-9.361387,vert,-11.868219,1
2986,S_NOUN_8_ADJ_a,F,S,la boisson avec les cerises qui était là depuis hier est aussi très bleue <eos>,13,bleue,bleu,11,F,P,bleue,-11.9081745,bleu,-12.325079,1
2987,S_NOUN_8_ADJ_a,F,S,la boisson avec les cerises qui était là depuis hier est aussi très noire <eos>,13,noire,noir,11,F,P,noire,-7.933021,noir,-12.22212,1
2988,S_NOUN_8_ADJ_a,F,S,la boisson avec les cerises qui était là depuis hier est aussi très délicate <eos>,13,délicate,délicat,11,F,P,délicate,-5.8104734,délicat,-9.64512,1
2989,S_NOUN_8_ADJ_a,F,S,la boisson avec les cerises qui était là depuis hier est aussi très pointue <eos>,13,pointue,pointu,11,F,P,pointue,-10.288621,pointu,-12.249275,1
2990,S_NOUN_8_ADJ_a,F,S,la boisson avec les cerises qui était là depuis hier est aussi très ronde <eos>,13,ronde,rond,11,F,P,ronde,-10.479516,rond,-14.469893,1
2991,S_NOUN_8_ADJ_a,F,S,la boisson avec les cerises qui était là depuis hier est aussi très froide <eos>,13,froide,froid,11,F,P,froide,-7.3042803,froid,-8.996135,1
2992,S_NOUN_8_ADJ_a,F,S,la boisson avec les cerises qui était là depuis hier est aussi très chaude <eos>,13,chaude,chaud,11,F,P,chaude,-5.0383415,chaud,-9.151846,1
2993,S_NOUN_8_ADJ_a,F,S,la boisson avec les cerises qui était là depuis hier est aussi très importante <eos>,13,importante,important,11,F,P,importante,-3.8938112,important,-8.230188,1
2994,S_NOUN_8_ADJ_a,F,S,la boisson avec les cerises qui était là depuis hier est aussi très courte <eos>,13,courte,court,11,F,P,courte,-6.0278907,court,-8.560495,1
2995,S_NOUN_8_ADJ_a,F,S,la boisson avec les cerises qui était là depuis hier est aussi très dure <eos>,13,dure,dur,11,F,P,dure,-5.596238,dur,-8.641633,1
2996,S_NOUN_8_ADJ_a,F,S,la boisson avec les cerises qui était là depuis hier est aussi très claire <eos>,13,claire,clair,11,F,P,claire,-5.2100973,clair,-8.524931,1
2997,S_NOUN_8_ADJ_a,F,S,la boisson avec les cerises qui était là depuis hier est aussi très intéressante <eos>,13,intéressante,intéressant,11,F,P,intéressante,-6.0129185,intéressant,-9.401535,1
2998,S_NOUN_8_ADJ_a,F,S,la boisson avec les cerises qui était là depuis hier est aussi très brillante <eos>,13,brillante,brillant,11,F,P,brillante,-6.797356,brillant,-11.063614,1
2999,S_NOUN_8_ADJ_a,F,S,la boisson avec les cerises qui était là depuis hier est aussi très compliquée <eos>,13,compliquée,compliqué,11,F,P,compliquée,-7.446164,compliqué,-9.881795,1
3000,S_NOUN_8_ADJ_a,F,S,la pomme avec les gemmes qui était là depuis hier est aussi très verte <eos>,13,verte,vert,11,F,P,verte,-8.668108,vert,-11.345347,1
3001,S_NOUN_8_ADJ_a,F,S,la pomme avec les gemmes qui était là depuis hier est aussi très bleue <eos>,13,bleue,bleu,11,F,P,bleue,-11.37171,bleu,-12.131641,1
3002,S_NOUN_8_ADJ_a,F,S,la pomme avec les gemmes qui était là depuis hier est aussi très noire <eos>,13,noire,noir,11,F,P,noire,-7.692459,noir,-11.52677,1
3003,S_NOUN_8_ADJ_a,F,S,la pomme avec les gemmes qui était là depuis hier est aussi très délicate <eos>,13,délicate,délicat,11,F,P,délicate,-6.947475,délicat,-10.270748,1
3004,S_NOUN_8_ADJ_a,F,S,la pomme avec les gemmes qui était là depuis hier est aussi très pointue <eos>,13,pointue,pointu,11,F,P,pointue,-10.363586,pointu,-12.067614,1
3005,S_NOUN_8_ADJ_a,F,S,la pomme avec les gemmes qui était là depuis hier est aussi très ronde <eos>,13,ronde,rond,11,F,P,ronde,-10.737269,rond,-14.300012,1
3006,S_NOUN_8_ADJ_a,F,S,la pomme avec les gemmes qui était là depuis hier est aussi très froide <eos>,13,froide,froid,11,F,P,froide,-7.353122,froid,-8.640224,1
3007,S_NOUN_8_ADJ_a,F,S,la pomme avec les gemmes qui était là depuis hier est aussi très chaude <eos>,13,chaude,chaud,11,F,P,chaude,-5.706361,chaud,-8.973331,1
3008,S_NOUN_8_ADJ_a,F,S,la pomme avec les gemmes qui était là depuis hier est aussi très importante <eos>,13,importante,important,11,F,P,importante,-3.8568752,important,-7.533738,1
3009,S_NOUN_8_ADJ_a,F,S,la pomme avec les gemmes qui était là depuis hier est aussi très courte <eos>,13,courte,court,11,F,P,courte,-6.466537,court,-8.084173,1
3010,S_NOUN_8_ADJ_a,F,S,la pomme avec les gemmes qui était là depuis hier est aussi très dure <eos>,13,dure,dur,11,F,P,dure,-6.6475916,dur,-7.1457024,1
3011,S_NOUN_8_ADJ_a,F,S,la pomme avec les gemmes qui était là depuis hier est aussi très claire <eos>,13,claire,clair,11,F,P,claire,-5.1573925,clair,-8.528073,1
3012,S_NOUN_8_ADJ_a,F,S,la pomme avec les gemmes qui était là depuis hier est aussi très intéressante <eos>,13,intéressante,intéressant,11,F,P,intéressante,-5.6810007,intéressant,-8.926575,1
3013,S_NOUN_8_ADJ_a,F,S,la pomme avec les gemmes qui était là depuis hier est aussi très brillante <eos>,13,brillante,brillant,11,F,P,brillante,-6.5683236,brillant,-10.328422,1
3014,S_NOUN_8_ADJ_a,F,S,la pomme avec les gemmes qui était là depuis hier est aussi très compliquée <eos>,13,compliquée,compliqué,11,F,P,compliquée,-7.172394,compliqué,-8.778017,1
3015,S_NOUN_8_ADJ_a,F,S,la pomme avec les chaises qui était là depuis hier est aussi très verte <eos>,13,verte,vert,11,F,P,verte,-8.783979,vert,-11.466618,1
3016,S_NOUN_8_ADJ_a,F,S,la pomme avec les chaises qui était là depuis hier est aussi très bleue <eos>,13,bleue,bleu,11,F,P,bleue,-11.5710125,bleu,-12.042572,1
3017,S_NOUN_8_ADJ_a,F,S,la pomme avec les chaises qui était là depuis hier est aussi très noire <eos>,13,noire,noir,11,F,P,noire,-7.579999,noir,-12.005771,1
3018,S_NOUN_8_ADJ_a,F,S,la pomme avec les chaises qui était là depuis hier est aussi très délicate <eos>,13,délicate,délicat,11,F,P,délicate,-7.220166,délicat,-10.148964,1
3019,S_NOUN_8_ADJ_a,F,S,la pomme avec les chaises qui était là depuis hier est aussi très pointue <eos>,13,pointue,pointu,11,F,P,pointue,-9.638031,pointu,-11.494537,1
3020,S_NOUN_8_ADJ_a,F,S,la pomme avec les chaises qui était là depuis hier est aussi très ronde <eos>,13,ronde,rond,11,F,P,ronde,-9.940364,rond,-13.585839,1
3021,S_NOUN_8_ADJ_a,F,S,la pomme avec les chaises qui était là depuis hier est aussi très froide <eos>,13,froide,froid,11,F,P,froide,-7.85931,froid,-9.748701,1
3022,S_NOUN_8_ADJ_a,F,S,la pomme avec les chaises qui était là depuis hier est aussi très chaude <eos>,13,chaude,chaud,11,F,P,chaude,-5.637516,chaud,-9.53985,1
3023,S_NOUN_8_ADJ_a,F,S,la pomme avec les chaises qui était là depuis hier est aussi très importante <eos>,13,importante,important,11,F,P,importante,-4.0310726,important,-7.7930984,1
3024,S_NOUN_8_ADJ_a,F,S,la pomme avec les chaises qui était là depuis hier est aussi très courte <eos>,13,courte,court,11,F,P,courte,-5.9915986,court,-7.6307044,1
3025,S_NOUN_8_ADJ_a,F,S,la pomme avec les chaises qui était là depuis hier est aussi très dure <eos>,13,dure,dur,11,F,P,dure,-6.3496704,dur,-7.745427,1
3026,S_NOUN_8_ADJ_a,F,S,la pomme avec les chaises qui était là depuis hier est aussi très claire <eos>,13,claire,clair,11,F,P,claire,-5.3930826,clair,-8.70404,1
3027,S_NOUN_8_ADJ_a,F,S,la pomme avec les chaises qui était là depuis hier est aussi très intéressante <eos>,13,intéressante,intéressant,11,F,P,intéressante,-5.931314,intéressant,-9.018873,1
3028,S_NOUN_8_ADJ_a,F,S,la pomme avec les chaises qui était là depuis hier est aussi très brillante <eos>,13,brillante,brillant,11,F,P,brillante,-6.7603135,brillant,-10.616964,1
3029,S_NOUN_8_ADJ_a,F,S,la pomme avec les chaises qui était là depuis hier est aussi très compliquée <eos>,13,compliquée,compliqué,11,F,P,compliquée,-7.2629848,compliqué,-9.168463,1
3030,S_NOUN_8_ADJ_a,F,S,la pomme avec les poubelles qui était là depuis hier est aussi très verte <eos>,13,verte,vert,11,F,P,verte,-9.223024,vert,-12.049899,1
3031,S_NOUN_8_ADJ_a,F,S,la pomme avec les poubelles qui était là depuis hier est aussi très bleue <eos>,13,bleue,bleu,11,F,P,bleue,-12.32337,bleu,-12.775321,1
3032,S_NOUN_8_ADJ_a,F,S,la pomme avec les poubelles qui était là depuis hier est aussi très noire <eos>,13,noire,noir,11,F,P,noire,-8.067527,noir,-12.47702,1
3033,S_NOUN_8_ADJ_a,F,S,la pomme avec les poubelles qui était là depuis hier est aussi très délicate <eos>,13,délicate,délicat,11,F,P,délicate,-7.0050006,délicat,-10.19095,1
3034,S_NOUN_8_ADJ_a,F,S,la pomme avec les poubelles qui était là depuis hier est aussi très pointue <eos>,13,pointue,pointu,11,F,P,pointue,-9.585105,pointu,-11.532213,1
3035,S_NOUN_8_ADJ_a,F,S,la pomme avec les poubelles qui était là depuis hier est aussi très ronde <eos>,13,ronde,rond,11,F,P,ronde,-10.4408655,rond,-14.141799,1
3036,S_NOUN_8_ADJ_a,F,S,la pomme avec les poubelles qui était là depuis hier est aussi très froide <eos>,13,froide,froid,11,F,P,froide,-7.4512587,froid,-9.455326,1
3037,S_NOUN_8_ADJ_a,F,S,la pomme avec les poubelles qui était là depuis hier est aussi très chaude <eos>,13,chaude,chaud,11,F,P,chaude,-5.8290224,chaud,-9.487763,1
3038,S_NOUN_8_ADJ_a,F,S,la pomme avec les poubelles qui était là depuis hier est aussi très importante <eos>,13,importante,important,11,F,P,importante,-3.7523098,important,-7.3941727,1
3039,S_NOUN_8_ADJ_a,F,S,la pomme avec les poubelles qui était là depuis hier est aussi très courte <eos>,13,courte,court,11,F,P,courte,-6.452915,court,-7.9456244,1
3040,S_NOUN_8_ADJ_a,F,S,la pomme avec les poubelles qui était là depuis hier est aussi très dure <eos>,13,dure,dur,11,F,P,dure,-6.8832283,dur,-7.5323277,1
3041,S_NOUN_8_ADJ_a,F,S,la pomme avec les poubelles qui était là depuis hier est aussi très claire <eos>,13,claire,clair,11,F,P,claire,-5.3244867,clair,-9.002563,1
3042,S_NOUN_8_ADJ_a,F,S,la pomme avec les poubelles qui était là depuis hier est aussi très intéressante <eos>,13,intéressante,intéressant,11,F,P,intéressante,-5.751298,intéressant,-8.837799,1
3043,S_NOUN_8_ADJ_a,F,S,la pomme avec les poubelles qui était là depuis hier est aussi très brillante <eos>,13,brillante,brillant,11,F,P,brillante,-7.5646544,brillant,-11.12806,1
3044,S_NOUN_8_ADJ_a,F,S,la pomme avec les poubelles qui était là depuis hier est aussi très compliquée <eos>,13,compliquée,compliqué,11,F,P,compliquée,-7.1364613,compliqué,-9.059254,1
3045,S_NOUN_8_ADJ_a,F,S,la pomme avec les chemises qui était là depuis hier est aussi très verte <eos>,13,verte,vert,11,F,P,verte,-8.8249035,vert,-11.588089,1
3046,S_NOUN_8_ADJ_a,F,S,la pomme avec les chemises qui était là depuis hier est aussi très bleue <eos>,13,bleue,bleu,11,F,P,bleue,-11.242584,bleu,-12.089128,1
3047,S_NOUN_8_ADJ_a,F,S,la pomme avec les chemises qui était là depuis hier est aussi très noire <eos>,13,noire,noir,11,F,P,noire,-7.1177416,noir,-11.695501,1
3048,S_NOUN_8_ADJ_a,F,S,la pomme avec les chemises qui était là depuis hier est aussi très délicate <eos>,13,délicate,délicat,11,F,P,délicate,-7.2326593,délicat,-10.0968,1
3049,S_NOUN_8_ADJ_a,F,S,la pomme avec les chemises qui était là depuis hier est aussi très pointue <eos>,13,pointue,pointu,11,F,P,pointue,-9.446636,pointu,-11.077558,1
3050,S_NOUN_8_ADJ_a,F,S,la pomme avec les chemises qui était là depuis hier est aussi très ronde <eos>,13,ronde,rond,11,F,P,ronde,-10.216197,rond,-13.592332,1
3051,S_NOUN_8_ADJ_a,F,S,la pomme avec les chemises qui était là depuis hier est aussi très froide <eos>,13,froide,froid,11,F,P,froide,-8.1320915,froid,-10.065837,1
3052,S_NOUN_8_ADJ_a,F,S,la pomme avec les chemises qui était là depuis hier est aussi très chaude <eos>,13,chaude,chaud,11,F,P,chaude,-6.439275,chaud,-9.829216,1
3053,S_NOUN_8_ADJ_a,F,S,la pomme avec les chemises qui était là depuis hier est aussi très importante <eos>,13,importante,important,11,F,P,importante,-4.4096193,important,-8.006115,1
3054,S_NOUN_8_ADJ_a,F,S,la pomme avec les chemises qui était là depuis hier est aussi très courte <eos>,13,courte,court,11,F,P,courte,-5.6923103,court,-7.418206,1
3055,S_NOUN_8_ADJ_a,F,S,la pomme avec les chemises qui était là depuis hier est aussi très dure <eos>,13,dure,dur,11,F,P,dure,-6.464432,dur,-7.754631,1
3056,S_NOUN_8_ADJ_a,F,S,la pomme avec les chemises qui était là depuis hier est aussi très claire <eos>,13,claire,clair,11,F,P,claire,-5.2295036,clair,-8.425198,1
3057,S_NOUN_8_ADJ_a,F,S,la pomme avec les chemises qui était là depuis hier est aussi très intéressante <eos>,13,intéressante,intéressant,11,F,P,intéressante,-6.1882434,intéressant,-9.138477,1
3058,S_NOUN_8_ADJ_a,F,S,la pomme avec les chemises qui était là depuis hier est aussi très brillante <eos>,13,brillante,brillant,11,F,P,brillante,-7.131877,brillant,-10.822936,1
3059,S_NOUN_8_ADJ_a,F,S,la pomme avec les chemises qui était là depuis hier est aussi très compliquée <eos>,13,compliquée,compliqué,11,F,P,compliquée,-6.9599895,compliqué,-8.829679,1
3060,S_NOUN_8_ADJ_a,F,S,la pomme avec les recettes qui était là depuis hier est aussi très verte <eos>,13,verte,vert,11,F,P,verte,-9.761332,vert,-12.161609,1
3061,S_NOUN_8_ADJ_a,F,S,la pomme avec les recettes qui était là depuis hier est aussi très bleue <eos>,13,bleue,bleu,11,F,P,bleue,-13.089304,bleu,-13.061904,0
3062,S_NOUN_8_ADJ_a,F,S,la pomme avec les recettes qui était là depuis hier est aussi très noire <eos>,13,noire,noir,11,F,P,noire,-9.200386,noir,-11.989515,1
3063,S_NOUN_8_ADJ_a,F,S,la pomme avec les recettes qui était là depuis hier est aussi très délicate <eos>,13,délicate,délicat,11,F,P,délicate,-7.1953917,délicat,-10.176951,1
3064,S_NOUN_8_ADJ_a,F,S,la pomme avec les recettes qui était là depuis hier est aussi très pointue <eos>,13,pointue,pointu,11,F,P,pointue,-10.629527,pointu,-11.854129,1
3065,S_NOUN_8_ADJ_a,F,S,la pomme avec les recettes qui était là depuis hier est aussi très ronde <eos>,13,ronde,rond,11,F,P,ronde,-11.566902,rond,-14.462091,1
3066,S_NOUN_8_ADJ_a,F,S,la pomme avec les recettes qui était là depuis hier est aussi très froide <eos>,13,froide,froid,11,F,P,froide,-8.73395,froid,-9.259289,1
3067,S_NOUN_8_ADJ_a,F,S,la pomme avec les recettes qui était là depuis hier est aussi très chaude <eos>,13,chaude,chaud,11,F,P,chaude,-6.523238,chaud,-9.437799,1
3068,S_NOUN_8_ADJ_a,F,S,la pomme avec les recettes qui était là depuis hier est aussi très importante <eos>,13,importante,important,11,F,P,importante,-3.1233644,important,-6.627924,1
3069,S_NOUN_8_ADJ_a,F,S,la pomme avec les recettes qui était là depuis hier est aussi très courte <eos>,13,courte,court,11,F,P,courte,-6.5847826,court,-7.998701,1
3070,S_NOUN_8_ADJ_a,F,S,la pomme avec les recettes qui était là depuis hier est aussi très dure <eos>,13,dure,dur,11,F,P,dure,-7.2199354,dur,-7.3528166,1
3071,S_NOUN_8_ADJ_a,F,S,la pomme avec les recettes qui était là depuis hier est aussi très claire <eos>,13,claire,clair,11,F,P,claire,-6.028016,clair,-9.076355,1
3072,S_NOUN_8_ADJ_a,F,S,la pomme avec les recettes qui était là depuis hier est aussi très intéressante <eos>,13,intéressante,intéressant,11,F,P,intéressante,-5.7201357,intéressant,-8.754619,1
3073,S_NOUN_8_ADJ_a,F,S,la pomme avec les recettes qui était là depuis hier est aussi très brillante <eos>,13,brillante,brillant,11,F,P,brillante,-7.4380302,brillant,-11.005537,1
3074,S_NOUN_8_ADJ_a,F,S,la pomme avec les recettes qui était là depuis hier est aussi très compliquée <eos>,13,compliquée,compliqué,11,F,P,compliquée,-7.703474,compliqué,-9.069148,1
3075,S_NOUN_8_ADJ_a,F,S,la pomme avec les jupes qui était là depuis hier est aussi très verte <eos>,13,verte,vert,11,F,P,verte,-9.243616,vert,-11.995744,1
3076,S_NOUN_8_ADJ_a,F,S,la pomme avec les jupes qui était là depuis hier est aussi très bleue <eos>,13,bleue,bleu,11,F,P,bleue,-11.565537,bleu,-12.256947,1
3077,S_NOUN_8_ADJ_a,F,S,la pomme avec les jupes qui était là depuis hier est aussi très noire <eos>,13,noire,noir,11,F,P,noire,-7.2150636,noir,-11.725613,1
3078,S_NOUN_8_ADJ_a,F,S,la pomme avec les jupes qui était là depuis hier est aussi très délicate <eos>,13,délicate,délicat,11,F,P,délicate,-7.460721,délicat,-10.11543,1
3079,S_NOUN_8_ADJ_a,F,S,la pomme avec les jupes qui était là depuis hier est aussi très pointue <eos>,13,pointue,pointu,11,F,P,pointue,-9.132237,pointu,-10.725601,1
3080,S_NOUN_8_ADJ_a,F,S,la pomme avec les jupes qui était là depuis hier est aussi très ronde <eos>,13,ronde,rond,11,F,P,ronde,-10.205355,rond,-13.449268,1
3081,S_NOUN_8_ADJ_a,F,S,la pomme avec les jupes qui était là depuis hier est aussi très froide <eos>,13,froide,froid,11,F,P,froide,-8.286074,froid,-10.200817,1
3082,S_NOUN_8_ADJ_a,F,S,la pomme avec les jupes qui était là depuis hier est aussi très chaude <eos>,13,chaude,chaud,11,F,P,chaude,-6.4633436,chaud,-10.202835,1
3083,S_NOUN_8_ADJ_a,F,S,la pomme avec les jupes qui était là depuis hier est aussi très importante <eos>,13,importante,important,11,F,P,importante,-4.385273,important,-7.997183,1
3084,S_NOUN_8_ADJ_a,F,S,la pomme avec les jupes qui était là depuis hier est aussi très courte <eos>,13,courte,court,11,F,P,courte,-5.684434,court,-7.3458366,1
3085,S_NOUN_8_ADJ_a,F,S,la pomme avec les jupes qui était là depuis hier est aussi très dure <eos>,13,dure,dur,11,F,P,dure,-6.801629,dur,-7.852042,1
3086,S_NOUN_8_ADJ_a,F,S,la pomme avec les jupes qui était là depuis hier est aussi très claire <eos>,13,claire,clair,11,F,P,claire,-5.1491804,clair,-8.535714,1
3087,S_NOUN_8_ADJ_a,F,S,la pomme avec les jupes qui était là depuis hier est aussi très intéressante <eos>,13,intéressante,intéressant,11,F,P,intéressante,-6.101685,intéressant,-9.168627,1
3088,S_NOUN_8_ADJ_a,F,S,la pomme avec les jupes qui était là depuis hier est aussi très brillante <eos>,13,brillante,brillant,11,F,P,brillante,-7.1951737,brillant,-11.049093,1
3089,S_NOUN_8_ADJ_a,F,S,la pomme avec les jupes qui était là depuis hier est aussi très compliquée <eos>,13,compliquée,compliqué,11,F,P,compliquée,-6.9897747,compliqué,-8.926445,1
3090,S_NOUN_8_ADJ_a,F,S,la pomme avec les colles qui était là depuis hier est aussi très verte <eos>,13,verte,vert,11,F,P,verte,-9.521294,vert,-12.352079,1
3091,S_NOUN_8_ADJ_a,F,S,la pomme avec les colles qui était là depuis hier est aussi très bleue <eos>,13,bleue,bleu,11,F,P,bleue,-12.327847,bleu,-12.932097,1
3092,S_NOUN_8_ADJ_a,F,S,la pomme avec les colles qui était là depuis hier est aussi très noire <eos>,13,noire,noir,11,F,P,noire,-8.745954,noir,-12.745436,1
3093,S_NOUN_8_ADJ_a,F,S,la pomme avec les colles qui était là depuis hier est aussi très délicate <eos>,13,délicate,délicat,11,F,P,délicate,-6.54373,délicat,-9.696169,1
3094,S_NOUN_8_ADJ_a,F,S,la pomme avec les colles qui était là depuis hier est aussi très pointue <eos>,13,pointue,pointu,11,F,P,pointue,-9.755841,pointu,-11.747792,1
3095,S_NOUN_8_ADJ_a,F,S,la pomme avec les colles qui était là depuis hier est aussi très ronde <eos>,13,ronde,rond,11,F,P,ronde,-10.939535,rond,-13.931989,1
3096,S_NOUN_8_ADJ_a,F,S,la pomme avec les colles qui était là depuis hier est aussi très froide <eos>,13,froide,froid,11,F,P,froide,-7.6134815,froid,-9.495319,1
3097,S_NOUN_8_ADJ_a,F,S,la pomme avec les colles qui était là depuis hier est aussi très chaude <eos>,13,chaude,chaud,11,F,P,chaude,-6.0470924,chaud,-9.431171,1
3098,S_NOUN_8_ADJ_a,F,S,la pomme avec les colles qui était là depuis hier est aussi très importante <eos>,13,importante,important,11,F,P,importante,-3.9033976,important,-7.5158195,1
3099,S_NOUN_8_ADJ_a,F,S,la pomme avec les colles qui était là depuis hier est aussi très courte <eos>,13,courte,court,11,F,P,courte,-6.867255,court,-8.410188,1
3100,S_NOUN_8_ADJ_a,F,S,la pomme avec les colles qui était là depuis hier est aussi très dure <eos>,13,dure,dur,11,F,P,dure,-7.124536,dur,-7.2673373,1
3101,S_NOUN_8_ADJ_a,F,S,la pomme avec les colles qui était là depuis hier est aussi très claire <eos>,13,claire,clair,11,F,P,claire,-5.65639,clair,-8.720919,1
3102,S_NOUN_8_ADJ_a,F,S,la pomme avec les colles qui était là depuis hier est aussi très intéressante <eos>,13,intéressante,intéressant,11,F,P,intéressante,-5.80429,intéressant,-8.7071705,1
3103,S_NOUN_8_ADJ_a,F,S,la pomme avec les colles qui était là depuis hier est aussi très brillante <eos>,13,brillante,brillant,11,F,P,brillante,-7.353171,brillant,-10.7672825,1
3104,S_NOUN_8_ADJ_a,F,S,la pomme avec les colles qui était là depuis hier est aussi très compliquée <eos>,13,compliquée,compliqué,11,F,P,compliquée,-6.765234,compliqué,-8.623648,1
3105,S_NOUN_8_ADJ_a,F,S,la pomme avec les lampes qui était là depuis hier est aussi très verte <eos>,13,verte,vert,11,F,P,verte,-8.433914,vert,-11.458885,1
3106,S_NOUN_8_ADJ_a,F,S,la pomme avec les lampes qui était là depuis hier est aussi très bleue <eos>,13,bleue,bleu,11,F,P,bleue,-11.44829,bleu,-12.138142,1
3107,S_NOUN_8_ADJ_a,F,S,la pomme avec les lampes qui était là depuis hier est aussi très noire <eos>,13,noire,noir,11,F,P,noire,-7.7347965,noir,-11.762985,1
3108,S_NOUN_8_ADJ_a,F,S,la pomme avec les lampes qui était là depuis hier est aussi très délicate <eos>,13,délicate,délicat,11,F,P,délicate,-6.856394,délicat,-10.075875,1
3109,S_NOUN_8_ADJ_a,F,S,la pomme avec les lampes qui était là depuis hier est aussi très pointue <eos>,13,pointue,pointu,11,F,P,pointue,-9.469159,pointu,-11.306483,1
3110,S_NOUN_8_ADJ_a,F,S,la pomme avec les lampes qui était là depuis hier est aussi très ronde <eos>,13,ronde,rond,11,F,P,ronde,-10.488145,rond,-13.829443,1
3111,S_NOUN_8_ADJ_a,F,S,la pomme avec les lampes qui était là depuis hier est aussi très froide <eos>,13,froide,froid,11,F,P,froide,-7.6284685,froid,-9.342639,1
3112,S_NOUN_8_ADJ_a,F,S,la pomme avec les lampes qui était là depuis hier est aussi très chaude <eos>,13,chaude,chaud,11,F,P,chaude,-5.6136217,chaud,-8.974001,1
3113,S_NOUN_8_ADJ_a,F,S,la pomme avec les lampes qui était là depuis hier est aussi très importante <eos>,13,importante,important,11,F,P,importante,-4.1481814,important,-7.790836,1
3114,S_NOUN_8_ADJ_a,F,S,la pomme avec les lampes qui était là depuis hier est aussi très courte <eos>,13,courte,court,11,F,P,courte,-6.1726856,court,-7.749812,1
3115,S_NOUN_8_ADJ_a,F,S,la pomme avec les lampes qui était là depuis hier est aussi très dure <eos>,13,dure,dur,11,F,P,dure,-6.6141524,dur,-7.6490264,1
3116,S_NOUN_8_ADJ_a,F,S,la pomme avec les lampes qui était là depuis hier est aussi très claire <eos>,13,claire,clair,11,F,P,claire,-5.358734,clair,-8.7385435,1
3117,S_NOUN_8_ADJ_a,F,S,la pomme avec les lampes qui était là depuis hier est aussi très intéressante <eos>,13,intéressante,intéressant,11,F,P,intéressante,-5.7705555,intéressant,-8.879405,1
3118,S_NOUN_8_ADJ_a,F,S,la pomme avec les lampes qui était là depuis hier est aussi très brillante <eos>,13,brillante,brillant,11,F,P,brillante,-6.456463,brillant,-10.306807,1
3119,S_NOUN_8_ADJ_a,F,S,la pomme avec les lampes qui était là depuis hier est aussi très compliquée <eos>,13,compliquée,compliqué,11,F,P,compliquée,-6.6853266,compliqué,-8.717126,1
3120,S_NOUN_8_ADJ_a,F,S,la pomme avec les bouteilles qui était là depuis hier est aussi très verte <eos>,13,verte,vert,11,F,P,verte,-9.052566,vert,-11.3199005,1
3121,S_NOUN_8_ADJ_a,F,S,la pomme avec les bouteilles qui était là depuis hier est aussi très bleue <eos>,13,bleue,bleu,11,F,P,bleue,-11.890675,bleu,-12.212059,1
3122,S_NOUN_8_ADJ_a,F,S,la pomme avec les bouteilles qui était là depuis hier est aussi très noire <eos>,13,noire,noir,11,F,P,noire,-8.051357,noir,-11.486472,1
3123,S_NOUN_8_ADJ_a,F,S,la pomme avec les bouteilles qui était là depuis hier est aussi très délicate <eos>,13,délicate,délicat,11,F,P,délicate,-6.686635,délicat,-9.89394,1
3124,S_NOUN_8_ADJ_a,F,S,la pomme avec les bouteilles qui était là depuis hier est aussi très pointue <eos>,13,pointue,pointu,11,F,P,pointue,-9.966856,pointu,-11.447731,1
3125,S_NOUN_8_ADJ_a,F,S,la pomme avec les bouteilles qui était là depuis hier est aussi très ronde <eos>,13,ronde,rond,11,F,P,ronde,-10.525558,rond,-13.650478,1
3126,S_NOUN_8_ADJ_a,F,S,la pomme avec les bouteilles qui était là depuis hier est aussi très froide <eos>,13,froide,froid,11,F,P,froide,-8.034706,froid,-8.939924,1
3127,S_NOUN_8_ADJ_a,F,S,la pomme avec les bouteilles qui était là depuis hier est aussi très chaude <eos>,13,chaude,chaud,11,F,P,chaude,-5.8990173,chaud,-9.018034,1
3128,S_NOUN_8_ADJ_a,F,S,la pomme avec les bouteilles qui était là depuis hier est aussi très importante <eos>,13,importante,important,11,F,P,importante,-3.865142,important,-7.2274055,1
3129,S_NOUN_8_ADJ_a,F,S,la pomme avec les bouteilles qui était là depuis hier est aussi très courte <eos>,13,courte,court,11,F,P,courte,-6.4673758,court,-7.8837156,1
3130,S_NOUN_8_ADJ_a,F,S,la pomme avec les bouteilles qui était là depuis hier est aussi très dure <eos>,13,dure,dur,11,F,P,dure,-6.759226,dur,-7.3599033,1
3131,S_NOUN_8_ADJ_a,F,S,la pomme avec les bouteilles qui était là depuis hier est aussi très claire <eos>,13,claire,clair,11,F,P,claire,-5.2616844,clair,-8.508924,1
3132,S_NOUN_8_ADJ_a,F,S,la pomme avec les bouteilles qui était là depuis hier est aussi très intéressante <eos>,13,intéressante,intéressant,11,F,P,intéressante,-5.697012,intéressant,-8.550845,1
3133,S_NOUN_8_ADJ_a,F,S,la pomme avec les bouteilles qui était là depuis hier est aussi très brillante <eos>,13,brillante,brillant,11,F,P,brillante,-7.0211954,brillant,-10.293797,1
3134,S_NOUN_8_ADJ_a,F,S,la pomme avec les bouteilles qui était là depuis hier est aussi très compliquée <eos>,13,compliquée,compliqué,11,F,P,compliquée,-7.0280137,compliqué,-8.593267,1
3135,S_NOUN_8_ADJ_a,F,S,la pomme avec les boissons qui était là depuis hier est aussi très verte <eos>,13,verte,vert,11,F,P,verte,-9.088442,vert,-11.681327,1
3136,S_NOUN_8_ADJ_a,F,S,la pomme avec les boissons qui était là depuis hier est aussi très bleue <eos>,13,bleue,bleu,11,F,P,bleue,-11.792098,bleu,-12.527929,1
3137,S_NOUN_8_ADJ_a,F,S,la pomme avec les boissons qui était là depuis hier est aussi très noire <eos>,13,noire,noir,11,F,P,noire,-8.198139,noir,-12.117491,1
3138,S_NOUN_8_ADJ_a,F,S,la pomme avec les boissons qui était là depuis hier est aussi très délicate <eos>,13,délicate,délicat,11,F,P,délicate,-6.6815968,délicat,-9.920946,1
3139,S_NOUN_8_ADJ_a,F,S,la pomme avec les boissons qui était là depuis hier est aussi très pointue <eos>,13,pointue,pointu,11,F,P,pointue,-10.754709,pointu,-11.8947525,1
3140,S_NOUN_8_ADJ_a,F,S,la pomme avec les boissons qui était là depuis hier est aussi très ronde <eos>,13,ronde,rond,11,F,P,ronde,-11.382245,rond,-14.382573,1
3141,S_NOUN_8_ADJ_a,F,S,la pomme avec les boissons qui était là depuis hier est aussi très froide <eos>,13,froide,froid,11,F,P,froide,-7.12271,froid,-8.530196,1
3142,S_NOUN_8_ADJ_a,F,S,la pomme avec les boissons qui était là depuis hier est aussi très chaude <eos>,13,chaude,chaud,11,F,P,chaude,-5.57423,chaud,-8.63001,1
3143,S_NOUN_8_ADJ_a,F,S,la pomme avec les boissons qui était là depuis hier est aussi très importante <eos>,13,importante,important,11,F,P,importante,-3.8465044,important,-7.457839,1
3144,S_NOUN_8_ADJ_a,F,S,la pomme avec les boissons qui était là depuis hier est aussi très courte <eos>,13,courte,court,11,F,P,courte,-6.7044125,court,-8.47105,1
3145,S_NOUN_8_ADJ_a,F,S,la pomme avec les boissons qui était là depuis hier est aussi très dure <eos>,13,dure,dur,11,F,P,dure,-6.611643,dur,-7.6277323,1
3146,S_NOUN_8_ADJ_a,F,S,la pomme avec les boissons qui était là depuis hier est aussi très claire <eos>,13,claire,clair,11,F,P,claire,-5.343338,clair,-8.2930355,1
3147,S_NOUN_8_ADJ_a,F,S,la pomme avec les boissons qui était là depuis hier est aussi très intéressante <eos>,13,intéressante,intéressant,11,F,P,intéressante,-6.163305,intéressant,-8.925562,1
3148,S_NOUN_8_ADJ_a,F,S,la pomme avec les boissons qui était là depuis hier est aussi très brillante <eos>,13,brillante,brillant,11,F,P,brillante,-7.715638,brillant,-10.988312,1
3149,S_NOUN_8_ADJ_a,F,S,la pomme avec les boissons qui était là depuis hier est aussi très compliquée <eos>,13,compliquée,compliqué,11,F,P,compliquée,-7.4164457,compliqué,-9.20568,1
3150,S_NOUN_8_ADJ_a,F,S,la pomme avec les pommes qui était là depuis hier est aussi très verte <eos>,13,verte,vert,11,F,P,verte,-9.235346,vert,-12.066782,1
3151,S_NOUN_8_ADJ_a,F,S,la pomme avec les pommes qui était là depuis hier est aussi très bleue <eos>,13,bleue,bleu,11,F,P,bleue,-11.704086,bleu,-12.703634,1
3152,S_NOUN_8_ADJ_a,F,S,la pomme avec les pommes qui était là depuis hier est aussi très noire <eos>,13,noire,noir,11,F,P,noire,-7.8360624,noir,-12.140283,1
3153,S_NOUN_8_ADJ_a,F,S,la pomme avec les pommes qui était là depuis hier est aussi très délicate <eos>,13,délicate,délicat,11,F,P,délicate,-6.7121906,délicat,-9.783887,1
3154,S_NOUN_8_ADJ_a,F,S,la pomme avec les pommes qui était là depuis hier est aussi très pointue <eos>,13,pointue,pointu,11,F,P,pointue,-9.868942,pointu,-11.682788,1
3155,S_NOUN_8_ADJ_a,F,S,la pomme avec les pommes qui était là depuis hier est aussi très ronde <eos>,13,ronde,rond,11,F,P,ronde,-10.576945,rond,-14.242419,1
3156,S_NOUN_8_ADJ_a,F,S,la pomme avec les pommes qui était là depuis hier est aussi très froide <eos>,13,froide,froid,11,F,P,froide,-7.385499,froid,-8.895952,1
3157,S_NOUN_8_ADJ_a,F,S,la pomme avec les pommes qui était là depuis hier est aussi très chaude <eos>,13,chaude,chaud,11,F,P,chaude,-5.5049887,chaud,-9.414348,1
3158,S_NOUN_8_ADJ_a,F,S,la pomme avec les pommes qui était là depuis hier est aussi très importante <eos>,13,importante,important,11,F,P,importante,-3.6842735,important,-7.721571,1
3159,S_NOUN_8_ADJ_a,F,S,la pomme avec les pommes qui était là depuis hier est aussi très courte <eos>,13,courte,court,11,F,P,courte,-6.1105556,court,-8.150757,1
3160,S_NOUN_8_ADJ_a,F,S,la pomme avec les pommes qui était là depuis hier est aussi très dure <eos>,13,dure,dur,11,F,P,dure,-5.9060326,dur,-7.4897337,1
3161,S_NOUN_8_ADJ_a,F,S,la pomme avec les pommes qui était là depuis hier est aussi très claire <eos>,13,claire,clair,11,F,P,claire,-5.0579915,clair,-8.504498,1
3162,S_NOUN_8_ADJ_a,F,S,la pomme avec les pommes qui était là depuis hier est aussi très intéressante <eos>,13,intéressante,intéressant,11,F,P,intéressante,-5.9766417,intéressant,-9.237587,1
3163,S_NOUN_8_ADJ_a,F,S,la pomme avec les pommes qui était là depuis hier est aussi très brillante <eos>,13,brillante,brillant,11,F,P,brillante,-7.0697956,brillant,-10.952109,1
3164,S_NOUN_8_ADJ_a,F,S,la pomme avec les pommes qui était là depuis hier est aussi très compliquée <eos>,13,compliquée,compliqué,11,F,P,compliquée,-7.399785,compliqué,-9.3785515,1
3165,S_NOUN_8_ADJ_a,F,S,la pomme avec les tasses qui était là depuis hier est aussi très verte <eos>,13,verte,vert,11,F,P,verte,-9.464413,vert,-11.863304,1
3166,S_NOUN_8_ADJ_a,F,S,la pomme avec les tasses qui était là depuis hier est aussi très bleue <eos>,13,bleue,bleu,11,F,P,bleue,-12.179313,bleu,-12.563047,1
3167,S_NOUN_8_ADJ_a,F,S,la pomme avec les tasses qui était là depuis hier est aussi très noire <eos>,13,noire,noir,11,F,P,noire,-8.304577,noir,-12.322044,1
3168,S_NOUN_8_ADJ_a,F,S,la pomme avec les tasses qui était là depuis hier est aussi très délicate <eos>,13,délicate,délicat,11,F,P,délicate,-6.8781223,délicat,-9.546036,1
3169,S_NOUN_8_ADJ_a,F,S,la pomme avec les tasses qui était là depuis hier est aussi très pointue <eos>,13,pointue,pointu,11,F,P,pointue,-9.87385,pointu,-11.55025,1
3170,S_NOUN_8_ADJ_a,F,S,la pomme avec les tasses qui était là depuis hier est aussi très ronde <eos>,13,ronde,rond,11,F,P,ronde,-10.209794,rond,-13.542277,1
3171,S_NOUN_8_ADJ_a,F,S,la pomme avec les tasses qui était là depuis hier est aussi très froide <eos>,13,froide,froid,11,F,P,froide,-7.530808,froid,-9.313627,1
3172,S_NOUN_8_ADJ_a,F,S,la pomme avec les tasses qui était là depuis hier est aussi très chaude <eos>,13,chaude,chaud,11,F,P,chaude,-5.685197,chaud,-9.262294,1
3173,S_NOUN_8_ADJ_a,F,S,la pomme avec les tasses qui était là depuis hier est aussi très importante <eos>,13,importante,important,11,F,P,importante,-3.752012,important,-7.250927,1
3174,S_NOUN_8_ADJ_a,F,S,la pomme avec les tasses qui était là depuis hier est aussi très courte <eos>,13,courte,court,11,F,P,courte,-6.1961136,court,-7.847473,1
3175,S_NOUN_8_ADJ_a,F,S,la pomme avec les tasses qui était là depuis hier est aussi très dure <eos>,13,dure,dur,11,F,P,dure,-6.4208393,dur,-7.4368916,1
3176,S_NOUN_8_ADJ_a,F,S,la pomme avec les tasses qui était là depuis hier est aussi très claire <eos>,13,claire,clair,11,F,P,claire,-5.427865,clair,-8.366416,1
3177,S_NOUN_8_ADJ_a,F,S,la pomme avec les tasses qui était là depuis hier est aussi très intéressante <eos>,13,intéressante,intéressant,11,F,P,intéressante,-5.6419907,intéressant,-8.713288,1
3178,S_NOUN_8_ADJ_a,F,S,la pomme avec les tasses qui était là depuis hier est aussi très brillante <eos>,13,brillante,brillant,11,F,P,brillante,-6.8611536,brillant,-10.442824,1
3179,S_NOUN_8_ADJ_a,F,S,la pomme avec les tasses qui était là depuis hier est aussi très compliquée <eos>,13,compliquée,compliqué,11,F,P,compliquée,-7.2634706,compliqué,-8.9003725,1
3180,S_NOUN_8_ADJ_a,F,S,la pomme avec les bougies qui était là depuis hier est aussi très verte <eos>,13,verte,vert,11,F,P,verte,-8.836917,vert,-11.3213415,1
3181,S_NOUN_8_ADJ_a,F,S,la pomme avec les bougies qui était là depuis hier est aussi très bleue <eos>,13,bleue,bleu,11,F,P,bleue,-11.471596,bleu,-11.937921,1
3182,S_NOUN_8_ADJ_a,F,S,la pomme avec les bougies qui était là depuis hier est aussi très noire <eos>,13,noire,noir,11,F,P,noire,-7.5448985,noir,-11.478689,1
3183,S_NOUN_8_ADJ_a,F,S,la pomme avec les bougies qui était là depuis hier est aussi très délicate <eos>,13,délicate,délicat,11,F,P,délicate,-7.3631334,délicat,-10.056484,1
3184,S_NOUN_8_ADJ_a,F,S,la pomme avec les bougies qui était là depuis hier est aussi très pointue <eos>,13,pointue,pointu,11,F,P,pointue,-9.918695,pointu,-11.632396,1
3185,S_NOUN_8_ADJ_a,F,S,la pomme avec les bougies qui était là depuis hier est aussi très ronde <eos>,13,ronde,rond,11,F,P,ronde,-10.365175,rond,-13.555836,1
3186,S_NOUN_8_ADJ_a,F,S,la pomme avec les bougies qui était là depuis hier est aussi très froide <eos>,13,froide,froid,11,F,P,froide,-7.469652,froid,-9.301207,1
3187,S_NOUN_8_ADJ_a,F,S,la pomme avec les bougies qui était là depuis hier est aussi très chaude <eos>,13,chaude,chaud,11,F,P,chaude,-5.563971,chaud,-9.442646,1
3188,S_NOUN_8_ADJ_a,F,S,la pomme avec les bougies qui était là depuis hier est aussi très importante <eos>,13,importante,important,11,F,P,importante,-4.280168,important,-7.927727,1
3189,S_NOUN_8_ADJ_a,F,S,la pomme avec les bougies qui était là depuis hier est aussi très courte <eos>,13,courte,court,11,F,P,courte,-5.9428024,court,-7.631567,1
3190,S_NOUN_8_ADJ_a,F,S,la pomme avec les bougies qui était là depuis hier est aussi très dure <eos>,13,dure,dur,11,F,P,dure,-6.8127527,dur,-7.922229,1
3191,S_NOUN_8_ADJ_a,F,S,la pomme avec les bougies qui était là depuis hier est aussi très claire <eos>,13,claire,clair,11,F,P,claire,-5.113702,clair,-8.505263,1
3192,S_NOUN_8_ADJ_a,F,S,la pomme avec les bougies qui était là depuis hier est aussi très intéressante <eos>,13,intéressante,intéressant,11,F,P,intéressante,-6.0638485,intéressant,-9.176106,1
3193,S_NOUN_8_ADJ_a,F,S,la pomme avec les bougies qui était là depuis hier est aussi très brillante <eos>,13,brillante,brillant,11,F,P,brillante,-7.012232,brillant,-10.757032,1
3194,S_NOUN_8_ADJ_a,F,S,la pomme avec les bougies qui était là depuis hier est aussi très compliquée <eos>,13,compliquée,compliqué,11,F,P,compliquée,-7.5819793,compliqué,-9.14642,1
3195,S_NOUN_8_ADJ_a,F,S,la pomme avec les pochettes qui était là depuis hier est aussi très verte <eos>,13,verte,vert,11,F,P,verte,-9.839962,vert,-12.350564,1
3196,S_NOUN_8_ADJ_a,F,S,la pomme avec les pochettes qui était là depuis hier est aussi très bleue <eos>,13,bleue,bleu,11,F,P,bleue,-12.356572,bleu,-12.559696,1
3197,S_NOUN_8_ADJ_a,F,S,la pomme avec les pochettes qui était là depuis hier est aussi très noire <eos>,13,noire,noir,11,F,P,noire,-8.7027645,noir,-12.0124035,1
3198,S_NOUN_8_ADJ_a,F,S,la pomme avec les pochettes qui était là depuis hier est aussi très délicate <eos>,13,délicate,délicat,11,F,P,délicate,-7.930025,délicat,-10.892771,1
3199,S_NOUN_8_ADJ_a,F,S,la pomme avec les pochettes qui était là depuis hier est aussi très pointue <eos>,13,pointue,pointu,11,F,P,pointue,-10.403289,pointu,-10.968668,1
3200,S_NOUN_8_ADJ_a,F,S,la pomme avec les pochettes qui était là depuis hier est aussi très ronde <eos>,13,ronde,rond,11,F,P,ronde,-11.932657,rond,-15.143515,1
3201,S_NOUN_8_ADJ_a,F,S,la pomme avec les pochettes qui était là depuis hier est aussi très froide <eos>,13,froide,froid,11,F,P,froide,-9.912119,froid,-9.8812065,0
3202,S_NOUN_8_ADJ_a,F,S,la pomme avec les pochettes qui était là depuis hier est aussi très chaude <eos>,13,chaude,chaud,11,F,P,chaude,-7.0074244,chaud,-10.556037,1
3203,S_NOUN_8_ADJ_a,F,S,la pomme avec les pochettes qui était là depuis hier est aussi très importante <eos>,13,importante,important,11,F,P,importante,-3.3926494,important,-6.9119253,1
3204,S_NOUN_8_ADJ_a,F,S,la pomme avec les pochettes qui était là depuis hier est aussi très courte <eos>,13,courte,court,11,F,P,courte,-5.8710384,court,-7.946656,1
3205,S_NOUN_8_ADJ_a,F,S,la pomme avec les pochettes qui était là depuis hier est aussi très dure <eos>,13,dure,dur,11,F,P,dure,-6.102475,dur,-7.299135,1
3206,S_NOUN_8_ADJ_a,F,S,la pomme avec les pochettes qui était là depuis hier est aussi très claire <eos>,13,claire,clair,11,F,P,claire,-5.3106537,clair,-8.45569,1
3207,S_NOUN_8_ADJ_a,F,S,la pomme avec les pochettes qui était là depuis hier est aussi très intéressante <eos>,13,intéressante,intéressant,11,F,P,intéressante,-5.8764486,intéressant,-8.666756,1
3208,S_NOUN_8_ADJ_a,F,S,la pomme avec les pochettes qui était là depuis hier est aussi très brillante <eos>,13,brillante,brillant,11,F,P,brillante,-6.1582947,brillant,-10.441182,1
3209,S_NOUN_8_ADJ_a,F,S,la pomme avec les pochettes qui était là depuis hier est aussi très compliquée <eos>,13,compliquée,compliqué,11,F,P,compliquée,-6.930854,compliqué,-9.7410555,1
3210,S_NOUN_8_ADJ_a,F,S,la pomme avec les bananes qui était là depuis hier est aussi très verte <eos>,13,verte,vert,11,F,P,verte,-8.745048,vert,-11.888497,1
3211,S_NOUN_8_ADJ_a,F,S,la pomme avec les bananes qui était là depuis hier est aussi très bleue <eos>,13,bleue,bleu,11,F,P,bleue,-11.72155,bleu,-12.840615,1
3212,S_NOUN_8_ADJ_a,F,S,la pomme avec les bananes qui était là depuis hier est aussi très noire <eos>,13,noire,noir,11,F,P,noire,-8.13735,noir,-12.236772,1
3213,S_NOUN_8_ADJ_a,F,S,la pomme avec les bananes qui était là depuis hier est aussi très délicate <eos>,13,délicate,délicat,11,F,P,délicate,-7.0618734,délicat,-10.157488,1
3214,S_NOUN_8_ADJ_a,F,S,la pomme avec les bananes qui était là depuis hier est aussi très pointue <eos>,13,pointue,pointu,11,F,P,pointue,-10.092129,pointu,-11.540459,1
3215,S_NOUN_8_ADJ_a,F,S,la pomme avec les bananes qui était là depuis hier est aussi très ronde <eos>,13,ronde,rond,11,F,P,ronde,-10.648805,rond,-14.096228,1
3216,S_NOUN_8_ADJ_a,F,S,la pomme avec les bananes qui était là depuis hier est aussi très froide <eos>,13,froide,froid,11,F,P,froide,-7.594409,froid,-9.057857,1
3217,S_NOUN_8_ADJ_a,F,S,la pomme avec les bananes qui était là depuis hier est aussi très chaude <eos>,13,chaude,chaud,11,F,P,chaude,-5.7918396,chaud,-9.254611,1
3218,S_NOUN_8_ADJ_a,F,S,la pomme avec les bananes qui était là depuis hier est aussi très importante <eos>,13,importante,important,11,F,P,importante,-3.6921208,important,-7.5305843,1
3219,S_NOUN_8_ADJ_a,F,S,la pomme avec les bananes qui était là depuis hier est aussi très courte <eos>,13,courte,court,11,F,P,courte,-6.544551,court,-7.9212923,1
3220,S_NOUN_8_ADJ_a,F,S,la pomme avec les bananes qui était là depuis hier est aussi très dure <eos>,13,dure,dur,11,F,P,dure,-6.371173,dur,-7.3566265,1
3221,S_NOUN_8_ADJ_a,F,S,la pomme avec les bananes qui était là depuis hier est aussi très claire <eos>,13,claire,clair,11,F,P,claire,-5.450137,clair,-8.953301,1
3222,S_NOUN_8_ADJ_a,F,S,la pomme avec les bananes qui était là depuis hier est aussi très intéressante <eos>,13,intéressante,intéressant,11,F,P,intéressante,-5.9464498,intéressant,-9.080015,1
3223,S_NOUN_8_ADJ_a,F,S,la pomme avec les bananes qui était là depuis hier est aussi très brillante <eos>,13,brillante,brillant,11,F,P,brillante,-7.158704,brillant,-10.877376,1
3224,S_NOUN_8_ADJ_a,F,S,la pomme avec les bananes qui était là depuis hier est aussi très compliquée <eos>,13,compliquée,compliqué,11,F,P,compliquée,-7.600765,compliqué,-9.130644,1
3225,S_NOUN_8_ADJ_a,F,S,la pomme avec les robes qui était là depuis hier est aussi très verte <eos>,13,verte,vert,11,F,P,verte,-8.974038,vert,-11.703411,1
3226,S_NOUN_8_ADJ_a,F,S,la pomme avec les robes qui était là depuis hier est aussi très bleue <eos>,13,bleue,bleu,11,F,P,bleue,-11.2240925,bleu,-12.053485,1
3227,S_NOUN_8_ADJ_a,F,S,la pomme avec les robes qui était là depuis hier est aussi très noire <eos>,13,noire,noir,11,F,P,noire,-7.3617024,noir,-11.646877,1
3228,S_NOUN_8_ADJ_a,F,S,la pomme avec les robes qui était là depuis hier est aussi très délicate <eos>,13,délicate,délicat,11,F,P,délicate,-7.7311926,délicat,-10.510133,1
3229,S_NOUN_8_ADJ_a,F,S,la pomme avec les robes qui était là depuis hier est aussi très pointue <eos>,13,pointue,pointu,11,F,P,pointue,-10.347822,pointu,-11.461578,1
3230,S_NOUN_8_ADJ_a,F,S,la pomme avec les robes qui était là depuis hier est aussi très ronde <eos>,13,ronde,rond,11,F,P,ronde,-10.87328,rond,-13.923718,1
3231,S_NOUN_8_ADJ_a,F,S,la pomme avec les robes qui était là depuis hier est aussi très froide <eos>,13,froide,froid,11,F,P,froide,-8.151584,froid,-9.95269,1
3232,S_NOUN_8_ADJ_a,F,S,la pomme avec les robes qui était là depuis hier est aussi très chaude <eos>,13,chaude,chaud,11,F,P,chaude,-6.287823,chaud,-9.958668,1
3233,S_NOUN_8_ADJ_a,F,S,la pomme avec les robes qui était là depuis hier est aussi très importante <eos>,13,importante,important,11,F,P,importante,-4.2999325,important,-7.9855747,1
3234,S_NOUN_8_ADJ_a,F,S,la pomme avec les robes qui était là depuis hier est aussi très courte <eos>,13,courte,court,11,F,P,courte,-6.143074,court,-7.8733673,1
3235,S_NOUN_8_ADJ_a,F,S,la pomme avec les robes qui était là depuis hier est aussi très dure <eos>,13,dure,dur,11,F,P,dure,-7.2233505,dur,-8.656998,1
3236,S_NOUN_8_ADJ_a,F,S,la pomme avec les robes qui était là depuis hier est aussi très claire <eos>,13,claire,clair,11,F,P,claire,-5.4881396,clair,-8.57436,1
3237,S_NOUN_8_ADJ_a,F,S,la pomme avec les robes qui était là depuis hier est aussi très intéressante <eos>,13,intéressante,intéressant,11,F,P,intéressante,-6.2601237,intéressant,-9.176161,1
3238,S_NOUN_8_ADJ_a,F,S,la pomme avec les robes qui était là depuis hier est aussi très brillante <eos>,13,brillante,brillant,11,F,P,brillante,-7.191107,brillant,-11.281313,1
3239,S_NOUN_8_ADJ_a,F,S,la pomme avec les robes qui était là depuis hier est aussi très compliquée <eos>,13,compliquée,compliqué,11,F,P,compliquée,-8.083944,compliqué,-9.714655,1
3240,S_NOUN_8_ADJ_a,F,S,la pomme avec les valises qui était là depuis hier est aussi très verte <eos>,13,verte,vert,11,F,P,verte,-9.33595,vert,-12.115091,1
3241,S_NOUN_8_ADJ_a,F,S,la pomme avec les valises qui était là depuis hier est aussi très bleue <eos>,13,bleue,bleu,11,F,P,bleue,-12.328557,bleu,-12.564412,1
3242,S_NOUN_8_ADJ_a,F,S,la pomme avec les valises qui était là depuis hier est aussi très noire <eos>,13,noire,noir,11,F,P,noire,-8.088711,noir,-12.122576,1
3243,S_NOUN_8_ADJ_a,F,S,la pomme avec les valises qui était là depuis hier est aussi très délicate <eos>,13,délicate,délicat,11,F,P,délicate,-6.917099,délicat,-10.2123995,1
3244,S_NOUN_8_ADJ_a,F,S,la pomme avec les valises qui était là depuis hier est aussi très pointue <eos>,13,pointue,pointu,11,F,P,pointue,-9.826368,pointu,-11.406324,1
3245,S_NOUN_8_ADJ_a,F,S,la pomme avec les valises qui était là depuis hier est aussi très ronde <eos>,13,ronde,rond,11,F,P,ronde,-10.53878,rond,-14.051934,1
3246,S_NOUN_8_ADJ_a,F,S,la pomme avec les valises qui était là depuis hier est aussi très froide <eos>,13,froide,froid,11,F,P,froide,-7.8247538,froid,-9.185931,1
3247,S_NOUN_8_ADJ_a,F,S,la pomme avec les valises qui était là depuis hier est aussi très chaude <eos>,13,chaude,chaud,11,F,P,chaude,-5.7717295,chaud,-9.378698,1
3248,S_NOUN_8_ADJ_a,F,S,la pomme avec les valises qui était là depuis hier est aussi très importante <eos>,13,importante,important,11,F,P,importante,-3.5679846,important,-7.128192,1
3249,S_NOUN_8_ADJ_a,F,S,la pomme avec les valises qui était là depuis hier est aussi très courte <eos>,13,courte,court,11,F,P,courte,-6.1023355,court,-7.6388736,1
3250,S_NOUN_8_ADJ_a,F,S,la pomme avec les valises qui était là depuis hier est aussi très dure <eos>,13,dure,dur,11,F,P,dure,-6.5305147,dur,-7.403264,1
3251,S_NOUN_8_ADJ_a,F,S,la pomme avec les valises qui était là depuis hier est aussi très claire <eos>,13,claire,clair,11,F,P,claire,-5.3333125,clair,-9.003988,1
3252,S_NOUN_8_ADJ_a,F,S,la pomme avec les valises qui était là depuis hier est aussi très intéressante <eos>,13,intéressante,intéressant,11,F,P,intéressante,-5.672188,intéressant,-8.5977335,1
3253,S_NOUN_8_ADJ_a,F,S,la pomme avec les valises qui était là depuis hier est aussi très brillante <eos>,13,brillante,brillant,11,F,P,brillante,-7.400056,brillant,-10.89934,1
3254,S_NOUN_8_ADJ_a,F,S,la pomme avec les valises qui était là depuis hier est aussi très compliquée <eos>,13,compliquée,compliqué,11,F,P,compliquée,-6.9199524,compliqué,-8.465367,1
3255,S_NOUN_8_ADJ_a,F,S,la pomme avec les pendules qui était là depuis hier est aussi très verte <eos>,13,verte,vert,11,F,P,verte,-8.6627445,vert,-11.612868,1
3256,S_NOUN_8_ADJ_a,F,S,la pomme avec les pendules qui était là depuis hier est aussi très bleue <eos>,13,bleue,bleu,11,F,P,bleue,-11.59928,bleu,-12.152453,1
3257,S_NOUN_8_ADJ_a,F,S,la pomme avec les pendules qui était là depuis hier est aussi très noire <eos>,13,noire,noir,11,F,P,noire,-7.8442955,noir,-11.731865,1
3258,S_NOUN_8_ADJ_a,F,S,la pomme avec les pendules qui était là depuis hier est aussi très délicate <eos>,13,délicate,délicat,11,F,P,délicate,-6.8586674,délicat,-10.040033,1
3259,S_NOUN_8_ADJ_a,F,S,la pomme avec les pendules qui était là depuis hier est aussi très pointue <eos>,13,pointue,pointu,11,F,P,pointue,-9.615067,pointu,-11.333678,1
3260,S_NOUN_8_ADJ_a,F,S,la pomme avec les pendules qui était là depuis hier est aussi très ronde <eos>,13,ronde,rond,11,F,P,ronde,-10.817892,rond,-13.890654,1
3261,S_NOUN_8_ADJ_a,F,S,la pomme avec les pendules qui était là depuis hier est aussi très froide <eos>,13,froide,froid,11,F,P,froide,-7.9441094,froid,-9.271873,1
3262,S_NOUN_8_ADJ_a,F,S,la pomme avec les pendules qui était là depuis hier est aussi très chaude <eos>,13,chaude,chaud,11,F,P,chaude,-5.9995794,chaud,-9.253778,1
3263,S_NOUN_8_ADJ_a,F,S,la pomme avec les pendules qui était là depuis hier est aussi très importante <eos>,13,importante,important,11,F,P,importante,-4.2893715,important,-7.856345,1
3264,S_NOUN_8_ADJ_a,F,S,la pomme avec les pendules qui était là depuis hier est aussi très courte <eos>,13,courte,court,11,F,P,courte,-6.2685275,court,-7.985972,1
3265,S_NOUN_8_ADJ_a,F,S,la pomme avec les pendules qui était là depuis hier est aussi très dure <eos>,13,dure,dur,11,F,P,dure,-6.7541018,dur,-7.861519,1
3266,S_NOUN_8_ADJ_a,F,S,la pomme avec les pendules qui était là depuis hier est aussi très claire <eos>,13,claire,clair,11,F,P,claire,-5.058814,clair,-8.5200405,1
3267,S_NOUN_8_ADJ_a,F,S,la pomme avec les pendules qui était là depuis hier est aussi très intéressante <eos>,13,intéressante,intéressant,11,F,P,intéressante,-5.8992023,intéressant,-8.781068,1
3268,S_NOUN_8_ADJ_a,F,S,la pomme avec les pendules qui était là depuis hier est aussi très brillante <eos>,13,brillante,brillant,11,F,P,brillante,-7.188158,brillant,-10.652374,1
3269,S_NOUN_8_ADJ_a,F,S,la pomme avec les pendules qui était là depuis hier est aussi très compliquée <eos>,13,compliquée,compliqué,11,F,P,compliquée,-6.4315114,compliqué,-8.37874,1
3270,S_NOUN_8_ADJ_a,F,S,la pomme avec les cloches qui était là depuis hier est aussi très verte <eos>,13,verte,vert,11,F,P,verte,-9.190889,vert,-11.770799,1
3271,S_NOUN_8_ADJ_a,F,S,la pomme avec les cloches qui était là depuis hier est aussi très bleue <eos>,13,bleue,bleu,11,F,P,bleue,-12.001076,bleu,-12.738405,1
3272,S_NOUN_8_ADJ_a,F,S,la pomme avec les cloches qui était là depuis hier est aussi très noire <eos>,13,noire,noir,11,F,P,noire,-7.86739,noir,-12.490839,1
3273,S_NOUN_8_ADJ_a,F,S,la pomme avec les cloches qui était là depuis hier est aussi très délicate <eos>,13,délicate,délicat,11,F,P,délicate,-6.720518,délicat,-9.856848,1
3274,S_NOUN_8_ADJ_a,F,S,la pomme avec les cloches qui était là depuis hier est aussi très pointue <eos>,13,pointue,pointu,11,F,P,pointue,-10.2528305,pointu,-12.341047,1
3275,S_NOUN_8_ADJ_a,F,S,la pomme avec les cloches qui était là depuis hier est aussi très ronde <eos>,13,ronde,rond,11,F,P,ronde,-10.857063,rond,-14.579,1
3276,S_NOUN_8_ADJ_a,F,S,la pomme avec les cloches qui était là depuis hier est aussi très froide <eos>,13,froide,froid,11,F,P,froide,-7.7465744,froid,-9.68396,1
3277,S_NOUN_8_ADJ_a,F,S,la pomme avec les cloches qui était là depuis hier est aussi très chaude <eos>,13,chaude,chaud,11,F,P,chaude,-5.2919517,chaud,-9.327099,1
3278,S_NOUN_8_ADJ_a,F,S,la pomme avec les cloches qui était là depuis hier est aussi très importante <eos>,13,importante,important,11,F,P,importante,-3.8149242,important,-7.7316303,1
3279,S_NOUN_8_ADJ_a,F,S,la pomme avec les cloches qui était là depuis hier est aussi très courte <eos>,13,courte,court,11,F,P,courte,-6.327895,court,-8.443308,1
3280,S_NOUN_8_ADJ_a,F,S,la pomme avec les cloches qui était là depuis hier est aussi très dure <eos>,13,dure,dur,11,F,P,dure,-6.1774693,dur,-7.7778606,1
3281,S_NOUN_8_ADJ_a,F,S,la pomme avec les cloches qui était là depuis hier est aussi très claire <eos>,13,claire,clair,11,F,P,claire,-5.2955856,clair,-8.642059,1
3282,S_NOUN_8_ADJ_a,F,S,la pomme avec les cloches qui était là depuis hier est aussi très intéressante <eos>,13,intéressante,intéressant,11,F,P,intéressante,-5.904232,intéressant,-9.044793,1
3283,S_NOUN_8_ADJ_a,F,S,la pomme avec les cloches qui était là depuis hier est aussi très brillante <eos>,13,brillante,brillant,11,F,P,brillante,-6.753022,brillant,-10.626953,1
3284,S_NOUN_8_ADJ_a,F,S,la pomme avec les cloches qui était là depuis hier est aussi très compliquée <eos>,13,compliquée,compliqué,11,F,P,compliquée,-7.353891,compliqué,-9.328114,1
3285,S_NOUN_8_ADJ_a,F,S,la pomme avec les cerises qui était là depuis hier est aussi très verte <eos>,13,verte,vert,11,F,P,verte,-9.442734,vert,-12.0572605,1
3286,S_NOUN_8_ADJ_a,F,S,la pomme avec les cerises qui était là depuis hier est aussi très bleue <eos>,13,bleue,bleu,11,F,P,bleue,-12.185892,bleu,-12.741846,1
3287,S_NOUN_8_ADJ_a,F,S,la pomme avec les cerises qui était là depuis hier est aussi très noire <eos>,13,noire,noir,11,F,P,noire,-8.002214,noir,-12.394239,1
3288,S_NOUN_8_ADJ_a,F,S,la pomme avec les cerises qui était là depuis hier est aussi très délicate <eos>,13,délicate,délicat,11,F,P,délicate,-6.674894,délicat,-9.570454,1
3289,S_NOUN_8_ADJ_a,F,S,la pomme avec les cerises qui était là depuis hier est aussi très pointue <eos>,13,pointue,pointu,11,F,P,pointue,-10.05717,pointu,-11.850863,1
3290,S_NOUN_8_ADJ_a,F,S,la pomme avec les cerises qui était là depuis hier est aussi très ronde <eos>,13,ronde,rond,11,F,P,ronde,-10.686736,rond,-14.065596,1
3291,S_NOUN_8_ADJ_a,F,S,la pomme avec les cerises qui était là depuis hier est aussi très froide <eos>,13,froide,froid,11,F,P,froide,-7.9532094,froid,-9.320019,1
3292,S_NOUN_8_ADJ_a,F,S,la pomme avec les cerises qui était là depuis hier est aussi très chaude <eos>,13,chaude,chaud,11,F,P,chaude,-5.9413586,chaud,-9.614003,1
3293,S_NOUN_8_ADJ_a,F,S,la pomme avec les cerises qui était là depuis hier est aussi très importante <eos>,13,importante,important,11,F,P,importante,-3.8006024,important,-7.6367116,1
3294,S_NOUN_8_ADJ_a,F,S,la pomme avec les cerises qui était là depuis hier est aussi très courte <eos>,13,courte,court,11,F,P,courte,-6.1558285,court,-8.199784,1
3295,S_NOUN_8_ADJ_a,F,S,la pomme avec les cerises qui était là depuis hier est aussi très dure <eos>,13,dure,dur,11,F,P,dure,-6.082202,dur,-7.8079967,1
3296,S_NOUN_8_ADJ_a,F,S,la pomme avec les cerises qui était là depuis hier est aussi très claire <eos>,13,claire,clair,11,F,P,claire,-5.1126432,clair,-8.604986,1
3297,S_NOUN_8_ADJ_a,F,S,la pomme avec les cerises qui était là depuis hier est aussi très intéressante <eos>,13,intéressante,intéressant,11,F,P,intéressante,-6.196806,intéressant,-9.209498,1
3298,S_NOUN_8_ADJ_a,F,S,la pomme avec les cerises qui était là depuis hier est aussi très brillante <eos>,13,brillante,brillant,11,F,P,brillante,-7.044997,brillant,-10.988844,1
3299,S_NOUN_8_ADJ_a,F,S,la pomme avec les cerises qui était là depuis hier est aussi très compliquée <eos>,13,compliquée,compliqué,11,F,P,compliquée,-7.7143116,compliqué,-9.70237,1
3300,S_NOUN_8_ADJ_a,F,S,la tasse avec les gemmes qui était là depuis hier est aussi très verte <eos>,13,verte,vert,11,F,P,verte,-8.527343,vert,-10.842419,1
3301,S_NOUN_8_ADJ_a,F,S,la tasse avec les gemmes qui était là depuis hier est aussi très bleue <eos>,13,bleue,bleu,11,F,P,bleue,-11.222742,bleu,-11.637587,1
3302,S_NOUN_8_ADJ_a,F,S,la tasse avec les gemmes qui était là depuis hier est aussi très noire <eos>,13,noire,noir,11,F,P,noire,-7.546281,noir,-11.4116955,1
3303,S_NOUN_8_ADJ_a,F,S,la tasse avec les gemmes qui était là depuis hier est aussi très délicate <eos>,13,délicate,délicat,11,F,P,délicate,-6.422625,délicat,-9.780302,1
3304,S_NOUN_8_ADJ_a,F,S,la tasse avec les gemmes qui était là depuis hier est aussi très pointue <eos>,13,pointue,pointu,11,F,P,pointue,-10.027889,pointu,-12.155762,1
3305,S_NOUN_8_ADJ_a,F,S,la tasse avec les gemmes qui était là depuis hier est aussi très ronde <eos>,13,ronde,rond,11,F,P,ronde,-10.38183,rond,-14.118835,1
3306,S_NOUN_8_ADJ_a,F,S,la tasse avec les gemmes qui était là depuis hier est aussi très froide <eos>,13,froide,froid,11,F,P,froide,-6.383727,froid,-9.000065,1
3307,S_NOUN_8_ADJ_a,F,S,la tasse avec les gemmes qui était là depuis hier est aussi très chaude <eos>,13,chaude,chaud,11,F,P,chaude,-4.541773,chaud,-8.828978,1
3308,S_NOUN_8_ADJ_a,F,S,la tasse avec les gemmes qui était là depuis hier est aussi très importante <eos>,13,importante,important,11,F,P,importante,-4.080303,important,-8.2208,1
3309,S_NOUN_8_ADJ_a,F,S,la tasse avec les gemmes qui était là depuis hier est aussi très courte <eos>,13,courte,court,11,F,P,courte,-6.5686913,court,-8.367156,1
3310,S_NOUN_8_ADJ_a,F,S,la tasse avec les gemmes qui était là depuis hier est aussi très dure <eos>,13,dure,dur,11,F,P,dure,-6.6620903,dur,-8.33019,1
3311,S_NOUN_8_ADJ_a,F,S,la tasse avec les gemmes qui était là depuis hier est aussi très claire <eos>,13,claire,clair,11,F,P,claire,-4.97476,clair,-8.392079,1
3312,S_NOUN_8_ADJ_a,F,S,la tasse avec les gemmes qui était là depuis hier est aussi très intéressante <eos>,13,intéressante,intéressant,11,F,P,intéressante,-5.3703537,intéressant,-9.047514,1
3313,S_NOUN_8_ADJ_a,F,S,la tasse avec les gemmes qui était là depuis hier est aussi très brillante <eos>,13,brillante,brillant,11,F,P,brillante,-6.2606773,brillant,-10.510964,1
3314,S_NOUN_8_ADJ_a,F,S,la tasse avec les gemmes qui était là depuis hier est aussi très compliquée <eos>,13,compliquée,compliqué,11,F,P,compliquée,-7.40876,compliqué,-9.469969,1
3315,S_NOUN_8_ADJ_a,F,S,la tasse avec les chaises qui était là depuis hier est aussi très verte <eos>,13,verte,vert,11,F,P,verte,-8.298477,vert,-10.861668,1
3316,S_NOUN_8_ADJ_a,F,S,la tasse avec les chaises qui était là depuis hier est aussi très bleue <eos>,13,bleue,bleu,11,F,P,bleue,-11.244422,bleu,-11.551669,1
3317,S_NOUN_8_ADJ_a,F,S,la tasse avec les chaises qui était là depuis hier est aussi très noire <eos>,13,noire,noir,11,F,P,noire,-7.438548,noir,-11.704337,1
3318,S_NOUN_8_ADJ_a,F,S,la tasse avec les chaises qui était là depuis hier est aussi très délicate <eos>,13,délicate,délicat,11,F,P,délicate,-6.642044,délicat,-9.691443,1
3319,S_NOUN_8_ADJ_a,F,S,la tasse avec les chaises qui était là depuis hier est aussi très pointue <eos>,13,pointue,pointu,11,F,P,pointue,-9.450897,pointu,-11.684693,1
3320,S_NOUN_8_ADJ_a,F,S,la tasse avec les chaises qui était là depuis hier est aussi très ronde <eos>,13,ronde,rond,11,F,P,ronde,-9.626271,rond,-13.445432,1
3321,S_NOUN_8_ADJ_a,F,S,la tasse avec les chaises qui était là depuis hier est aussi très froide <eos>,13,froide,froid,11,F,P,froide,-7.1002398,froid,-9.964542,1
3322,S_NOUN_8_ADJ_a,F,S,la tasse avec les chaises qui était là depuis hier est aussi très chaude <eos>,13,chaude,chaud,11,F,P,chaude,-4.4247856,chaud,-9.268915,1
3323,S_NOUN_8_ADJ_a,F,S,la tasse avec les chaises qui était là depuis hier est aussi très importante <eos>,13,importante,important,11,F,P,importante,-4.2376723,important,-8.453394,1
3324,S_NOUN_8_ADJ_a,F,S,la tasse avec les chaises qui était là depuis hier est aussi très courte <eos>,13,courte,court,11,F,P,courte,-6.132443,court,-8.036434,1
3325,S_NOUN_8_ADJ_a,F,S,la tasse avec les chaises qui était là depuis hier est aussi très dure <eos>,13,dure,dur,11,F,P,dure,-6.4062753,dur,-8.516848,1
3326,S_NOUN_8_ADJ_a,F,S,la tasse avec les chaises qui était là depuis hier est aussi très claire <eos>,13,claire,clair,11,F,P,claire,-5.124449,clair,-8.586418,1
3327,S_NOUN_8_ADJ_a,F,S,la tasse avec les chaises qui était là depuis hier est aussi très intéressante <eos>,13,intéressante,intéressant,11,F,P,intéressante,-5.5801344,intéressant,-8.998329,1
3328,S_NOUN_8_ADJ_a,F,S,la tasse avec les chaises qui était là depuis hier est aussi très brillante <eos>,13,brillante,brillant,11,F,P,brillante,-6.338716,brillant,-10.601288,1
3329,S_NOUN_8_ADJ_a,F,S,la tasse avec les chaises qui était là depuis hier est aussi très compliquée <eos>,13,compliquée,compliqué,11,F,P,compliquée,-7.353147,compliqué,-9.439047,1
3330,S_NOUN_8_ADJ_a,F,S,la tasse avec les poubelles qui était là depuis hier est aussi très verte <eos>,13,verte,vert,11,F,P,verte,-8.742094,vert,-11.253014,1
3331,S_NOUN_8_ADJ_a,F,S,la tasse avec les poubelles qui était là depuis hier est aussi très bleue <eos>,13,bleue,bleu,11,F,P,bleue,-11.6096525,bleu,-11.827531,1
3332,S_NOUN_8_ADJ_a,F,S,la tasse avec les poubelles qui était là depuis hier est aussi très noire <eos>,13,noire,noir,11,F,P,noire,-7.6732397,noir,-11.786986,1
3333,S_NOUN_8_ADJ_a,F,S,la tasse avec les poubelles qui était là depuis hier est aussi très délicate <eos>,13,délicate,délicat,11,F,P,délicate,-6.545005,délicat,-9.730721,1
3334,S_NOUN_8_ADJ_a,F,S,la tasse avec les poubelles qui était là depuis hier est aussi très pointue <eos>,13,pointue,pointu,11,F,P,pointue,-9.493717,pointu,-11.667701,1
3335,S_NOUN_8_ADJ_a,F,S,la tasse avec les poubelles qui était là depuis hier est aussi très ronde <eos>,13,ronde,rond,11,F,P,ronde,-9.8412,rond,-13.758517,1
3336,S_NOUN_8_ADJ_a,F,S,la tasse avec les poubelles qui était là depuis hier est aussi très froide <eos>,13,froide,froid,11,F,P,froide,-6.526569,froid,-9.467619,1
3337,S_NOUN_8_ADJ_a,F,S,la tasse avec les poubelles qui était là depuis hier est aussi très chaude <eos>,13,chaude,chaud,11,F,P,chaude,-4.4218984,chaud,-9.17098,1
3338,S_NOUN_8_ADJ_a,F,S,la tasse avec les poubelles qui était là depuis hier est aussi très importante <eos>,13,importante,important,11,F,P,importante,-4.0316343,important,-8.152293,1
3339,S_NOUN_8_ADJ_a,F,S,la tasse avec les poubelles qui était là depuis hier est aussi très courte <eos>,13,courte,court,11,F,P,courte,-6.243593,court,-8.0585375,1
3340,S_NOUN_8_ADJ_a,F,S,la tasse avec les poubelles qui était là depuis hier est aussi très dure <eos>,13,dure,dur,11,F,P,dure,-6.8899984,dur,-8.630907,1
3341,S_NOUN_8_ADJ_a,F,S,la tasse avec les poubelles qui était là depuis hier est aussi très claire <eos>,13,claire,clair,11,F,P,claire,-5.1927385,clair,-8.842409,1
3342,S_NOUN_8_ADJ_a,F,S,la tasse avec les poubelles qui était là depuis hier est aussi très intéressante <eos>,13,intéressante,intéressant,11,F,P,intéressante,-5.284148,intéressant,-8.844009,1
3343,S_NOUN_8_ADJ_a,F,S,la tasse avec les poubelles qui était là depuis hier est aussi très brillante <eos>,13,brillante,brillant,11,F,P,brillante,-6.863019,brillant,-11.075568,1
3344,S_NOUN_8_ADJ_a,F,S,la tasse avec les poubelles qui était là depuis hier est aussi très compliquée <eos>,13,compliquée,compliqué,11,F,P,compliquée,-7.3137727,compliqué,-9.501606,1
3345,S_NOUN_8_ADJ_a,F,S,la tasse avec les chemises qui était là depuis hier est aussi très verte <eos>,13,verte,vert,11,F,P,verte,-8.4411545,vert,-10.90419,1
3346,S_NOUN_8_ADJ_a,F,S,la tasse avec les chemises qui était là depuis hier est aussi très bleue <eos>,13,bleue,bleu,11,F,P,bleue,-10.896708,bleu,-11.5125475,1
3347,S_NOUN_8_ADJ_a,F,S,la tasse avec les chemises qui était là depuis hier est aussi très noire <eos>,13,noire,noir,11,F,P,noire,-7.0041857,noir,-11.274342,1
3348,S_NOUN_8_ADJ_a,F,S,la tasse avec les chemises qui était là depuis hier est aussi très délicate <eos>,13,délicate,délicat,11,F,P,délicate,-6.609969,délicat,-9.728987,1
3349,S_NOUN_8_ADJ_a,F,S,la tasse avec les chemises qui était là depuis hier est aussi très pointue <eos>,13,pointue,pointu,11,F,P,pointue,-9.259829,pointu,-11.1173315,1
3350,S_NOUN_8_ADJ_a,F,S,la tasse avec les chemises qui était là depuis hier est aussi très ronde <eos>,13,ronde,rond,11,F,P,ronde,-9.6441765,rond,-13.286974,1
3351,S_NOUN_8_ADJ_a,F,S,la tasse avec les chemises qui était là depuis hier est aussi très froide <eos>,13,froide,froid,11,F,P,froide,-7.287654,froid,-10.279017,1
3352,S_NOUN_8_ADJ_a,F,S,la tasse avec les chemises qui était là depuis hier est aussi très chaude <eos>,13,chaude,chaud,11,F,P,chaude,-5.20267,chaud,-9.595949,1
3353,S_NOUN_8_ADJ_a,F,S,la tasse avec les chemises qui était là depuis hier est aussi très importante <eos>,13,importante,important,11,F,P,importante,-4.5885844,important,-8.645847,1
3354,S_NOUN_8_ADJ_a,F,S,la tasse avec les chemises qui était là depuis hier est aussi très courte <eos>,13,courte,court,11,F,P,courte,-5.8492994,court,-7.839196,1
3355,S_NOUN_8_ADJ_a,F,S,la tasse avec les chemises qui était là depuis hier est aussi très dure <eos>,13,dure,dur,11,F,P,dure,-6.5867467,dur,-8.558395,1
3356,S_NOUN_8_ADJ_a,F,S,la tasse avec les chemises qui était là depuis hier est aussi très claire <eos>,13,claire,clair,11,F,P,claire,-5.114075,clair,-8.350161,1
3357,S_NOUN_8_ADJ_a,F,S,la tasse avec les chemises qui était là depuis hier est aussi très intéressante <eos>,13,intéressante,intéressant,11,F,P,intéressante,-5.868029,intéressant,-9.207832,1
3358,S_NOUN_8_ADJ_a,F,S,la tasse avec les chemises qui était là depuis hier est aussi très brillante <eos>,13,brillante,brillant,11,F,P,brillante,-6.799472,brillant,-10.810884,1
3359,S_NOUN_8_ADJ_a,F,S,la tasse avec les chemises qui était là depuis hier est aussi très compliquée <eos>,13,compliquée,compliqué,11,F,P,compliquée,-7.3172374,compliqué,-9.265284,1
3360,S_NOUN_8_ADJ_a,F,S,la tasse avec les recettes qui était là depuis hier est aussi très verte <eos>,13,verte,vert,11,F,P,verte,-9.190116,vert,-11.445114,1
3361,S_NOUN_8_ADJ_a,F,S,la tasse avec les recettes qui était là depuis hier est aussi très bleue <eos>,13,bleue,bleu,11,F,P,bleue,-12.347755,bleu,-12.2777405,0
3362,S_NOUN_8_ADJ_a,F,S,la tasse avec les recettes qui était là depuis hier est aussi très noire <eos>,13,noire,noir,11,F,P,noire,-8.641715,noir,-11.77613,1
3363,S_NOUN_8_ADJ_a,F,S,la tasse avec les recettes qui était là depuis hier est aussi très délicate <eos>,13,délicate,délicat,11,F,P,délicate,-6.5369287,délicat,-9.544384,1
3364,S_NOUN_8_ADJ_a,F,S,la tasse avec les recettes qui était là depuis hier est aussi très pointue <eos>,13,pointue,pointu,11,F,P,pointue,-10.262558,pointu,-11.888726,1
3365,S_NOUN_8_ADJ_a,F,S,la tasse avec les recettes qui était là depuis hier est aussi très ronde <eos>,13,ronde,rond,11,F,P,ronde,-10.82838,rond,-14.052006,1
3366,S_NOUN_8_ADJ_a,F,S,la tasse avec les recettes qui était là depuis hier est aussi très froide <eos>,13,froide,froid,11,F,P,froide,-7.2121553,froid,-9.456486,1
3367,S_NOUN_8_ADJ_a,F,S,la tasse avec les recettes qui était là depuis hier est aussi très chaude <eos>,13,chaude,chaud,11,F,P,chaude,-4.7030582,chaud,-9.093484,1
3368,S_NOUN_8_ADJ_a,F,S,la tasse avec les recettes qui était là depuis hier est aussi très importante <eos>,13,importante,important,11,F,P,importante,-3.4373105,important,-7.5211706,1
3369,S_NOUN_8_ADJ_a,F,S,la tasse avec les recettes qui était là depuis hier est aussi très courte <eos>,13,courte,court,11,F,P,courte,-6.5851793,court,-8.388909,1
3370,S_NOUN_8_ADJ_a,F,S,la tasse avec les recettes qui était là depuis hier est aussi très dure <eos>,13,dure,dur,11,F,P,dure,-6.9406548,dur,-8.321291,1
3371,S_NOUN_8_ADJ_a,F,S,la tasse avec les recettes qui était là depuis hier est aussi très claire <eos>,13,claire,clair,11,F,P,claire,-5.4207664,clair,-8.780478,1
3372,S_NOUN_8_ADJ_a,F,S,la tasse avec les recettes qui était là depuis hier est aussi très intéressante <eos>,13,intéressante,intéressant,11,F,P,intéressante,-5.3988256,intéressant,-8.942499,1
3373,S_NOUN_8_ADJ_a,F,S,la tasse avec les recettes qui était là depuis hier est aussi très brillante <eos>,13,brillante,brillant,11,F,P,brillante,-6.8547206,brillant,-10.954025,1
3374,S_NOUN_8_ADJ_a,F,S,la tasse avec les recettes qui était là depuis hier est aussi très compliquée <eos>,13,compliquée,compliqué,11,F,P,compliquée,-7.7743416,compliqué,-9.638203,1
3375,S_NOUN_8_ADJ_a,F,S,la tasse avec les jupes qui était là depuis hier est aussi très verte <eos>,13,verte,vert,11,F,P,verte,-8.732447,vert,-11.235914,1
3376,S_NOUN_8_ADJ_a,F,S,la tasse avec les jupes qui était là depuis hier est aussi très bleue <eos>,13,bleue,bleu,11,F,P,bleue,-11.115759,bleu,-11.532417,1
3377,S_NOUN_8_ADJ_a,F,S,la tasse avec les jupes qui était là depuis hier est aussi très noire <eos>,13,noire,noir,11,F,P,noire,-6.992002,noir,-11.333345,1
3378,S_NOUN_8_ADJ_a,F,S,la tasse avec les jupes qui était là depuis hier est aussi très délicate <eos>,13,délicate,délicat,11,F,P,délicate,-6.750622,délicat,-9.685063,1
3379,S_NOUN_8_ADJ_a,F,S,la tasse avec les jupes qui était là depuis hier est aussi très pointue <eos>,13,pointue,pointu,11,F,P,pointue,-8.974738,pointu,-11.034428,1
3380,S_NOUN_8_ADJ_a,F,S,la tasse avec les jupes qui était là depuis hier est aussi très ronde <eos>,13,ronde,rond,11,F,P,ronde,-9.604768,rond,-13.147981,1
3381,S_NOUN_8_ADJ_a,F,S,la tasse avec les jupes qui était là depuis hier est aussi très froide <eos>,13,froide,froid,11,F,P,froide,-7.2145615,froid,-10.177367,1
3382,S_NOUN_8_ADJ_a,F,S,la tasse avec les jupes qui était là depuis hier est aussi très chaude <eos>,13,chaude,chaud,11,F,P,chaude,-5.1061115,chaud,-9.800591,1
3383,S_NOUN_8_ADJ_a,F,S,la tasse avec les jupes qui était là depuis hier est aussi très importante <eos>,13,importante,important,11,F,P,importante,-4.6128597,important,-8.668177,1
3384,S_NOUN_8_ADJ_a,F,S,la tasse avec les jupes qui était là depuis hier est aussi très courte <eos>,13,courte,court,11,F,P,courte,-5.6040096,court,-7.66294,1
3385,S_NOUN_8_ADJ_a,F,S,la tasse avec les jupes qui était là depuis hier est aussi très dure <eos>,13,dure,dur,11,F,P,dure,-6.6996813,dur,-8.48323,1
3386,S_NOUN_8_ADJ_a,F,S,la tasse avec les jupes qui était là depuis hier est aussi très claire <eos>,13,claire,clair,11,F,P,claire,-4.990744,clair,-8.401663,1
3387,S_NOUN_8_ADJ_a,F,S,la tasse avec les jupes qui était là depuis hier est aussi très intéressante <eos>,13,intéressante,intéressant,11,F,P,intéressante,-5.812586,intéressant,-9.2873125,1
3388,S_NOUN_8_ADJ_a,F,S,la tasse avec les jupes qui était là depuis hier est aussi très brillante <eos>,13,brillante,brillant,11,F,P,brillante,-6.7694616,brillant,-10.889793,1
3389,S_NOUN_8_ADJ_a,F,S,la tasse avec les jupes qui était là depuis hier est aussi très compliquée <eos>,13,compliquée,compliqué,11,F,P,compliquée,-6.9968104,compliqué,-9.056328,1
3390,S_NOUN_8_ADJ_a,F,S,la tasse avec les colles qui était là depuis hier est aussi très verte <eos>,13,verte,vert,11,F,P,verte,-8.931734,vert,-11.413025,1
3391,S_NOUN_8_ADJ_a,F,S,la tasse avec les colles qui était là depuis hier est aussi très bleue <eos>,13,bleue,bleu,11,F,P,bleue,-11.60767,bleu,-12.115686,1
3392,S_NOUN_8_ADJ_a,F,S,la tasse avec les colles qui était là depuis hier est aussi très noire <eos>,13,noire,noir,11,F,P,noire,-8.196022,noir,-12.183459,1
3393,S_NOUN_8_ADJ_a,F,S,la tasse avec les colles qui était là depuis hier est aussi très délicate <eos>,13,délicate,délicat,11,F,P,délicate,-6.0661716,délicat,-9.360474,1
3394,S_NOUN_8_ADJ_a,F,S,la tasse avec les colles qui était là depuis hier est aussi très pointue <eos>,13,pointue,pointu,11,F,P,pointue,-9.539458,pointu,-11.836731,1
3395,S_NOUN_8_ADJ_a,F,S,la tasse avec les colles qui était là depuis hier est aussi très ronde <eos>,13,ronde,rond,11,F,P,ronde,-10.237842,rond,-13.713097,1
3396,S_NOUN_8_ADJ_a,F,S,la tasse avec les colles qui était là depuis hier est aussi très froide <eos>,13,froide,froid,11,F,P,froide,-6.3047934,froid,-9.458138,1
3397,S_NOUN_8_ADJ_a,F,S,la tasse avec les colles qui était là depuis hier est aussi très chaude <eos>,13,chaude,chaud,11,F,P,chaude,-4.491378,chaud,-8.943277,1
3398,S_NOUN_8_ADJ_a,F,S,la tasse avec les colles qui était là depuis hier est aussi très importante <eos>,13,importante,important,11,F,P,importante,-4.1791344,important,-8.287622,1
3399,S_NOUN_8_ADJ_a,F,S,la tasse avec les colles qui était là depuis hier est aussi très courte <eos>,13,courte,court,11,F,P,courte,-6.6884747,court,-8.452594,1
3400,S_NOUN_8_ADJ_a,F,S,la tasse avec les colles qui était là depuis hier est aussi très dure <eos>,13,dure,dur,11,F,P,dure,-6.7993364,dur,-7.857666,1
3401,S_NOUN_8_ADJ_a,F,S,la tasse avec les colles qui était là depuis hier est aussi très claire <eos>,13,claire,clair,11,F,P,claire,-5.1578026,clair,-8.297788,1
3402,S_NOUN_8_ADJ_a,F,S,la tasse avec les colles qui était là depuis hier est aussi très intéressante <eos>,13,intéressante,intéressant,11,F,P,intéressante,-5.445239,intéressant,-8.80158,1
3403,S_NOUN_8_ADJ_a,F,S,la tasse avec les colles qui était là depuis hier est aussi très brillante <eos>,13,brillante,brillant,11,F,P,brillante,-6.5900526,brillant,-10.507782,1
3404,S_NOUN_8_ADJ_a,F,S,la tasse avec les colles qui était là depuis hier est aussi très compliquée <eos>,13,compliquée,compliqué,11,F,P,compliquée,-6.7239075,compliqué,-8.858933,1
3405,S_NOUN_8_ADJ_a,F,S,la tasse avec les lampes qui était là depuis hier est aussi très verte <eos>,13,verte,vert,11,F,P,verte,-8.304614,vert,-10.896309,1
3406,S_NOUN_8_ADJ_a,F,S,la tasse avec les lampes qui était là depuis hier est aussi très bleue <eos>,13,bleue,bleu,11,F,P,bleue,-11.224339,bleu,-11.583731,1
3407,S_NOUN_8_ADJ_a,F,S,la tasse avec les lampes qui était là depuis hier est aussi très noire <eos>,13,noire,noir,11,F,P,noire,-7.498039,noir,-11.397339,1
3408,S_NOUN_8_ADJ_a,F,S,la tasse avec les lampes qui était là depuis hier est aussi très délicate <eos>,13,délicate,délicat,11,F,P,délicate,-6.352111,délicat,-9.538131,1
3409,S_NOUN_8_ADJ_a,F,S,la tasse avec les lampes qui était là depuis hier est aussi très pointue <eos>,13,pointue,pointu,11,F,P,pointue,-9.309099,pointu,-11.462975,1
3410,S_NOUN_8_ADJ_a,F,S,la tasse avec les lampes qui était là depuis hier est aussi très ronde <eos>,13,ronde,rond,11,F,P,ronde,-9.988586,rond,-13.594615,1
3411,S_NOUN_8_ADJ_a,F,S,la tasse avec les lampes qui était là depuis hier est aussi très froide <eos>,13,froide,froid,11,F,P,froide,-6.734412,froid,-9.578364,1
3412,S_NOUN_8_ADJ_a,F,S,la tasse avec les lampes qui était là depuis hier est aussi très chaude <eos>,13,chaude,chaud,11,F,P,chaude,-4.4668546,chaud,-8.796183,1
3413,S_NOUN_8_ADJ_a,F,S,la tasse avec les lampes qui était là depuis hier est aussi très importante <eos>,13,importante,important,11,F,P,importante,-4.361081,important,-8.445347,1
3414,S_NOUN_8_ADJ_a,F,S,la tasse avec les lampes qui était là depuis hier est aussi très courte <eos>,13,courte,court,11,F,P,courte,-6.1386304,court,-7.9900174,1
3415,S_NOUN_8_ADJ_a,F,S,la tasse avec les lampes qui était là depuis hier est aussi très dure <eos>,13,dure,dur,11,F,P,dure,-6.695401,dur,-8.523466,1
3416,S_NOUN_8_ADJ_a,F,S,la tasse avec les lampes qui était là depuis hier est aussi très claire <eos>,13,claire,clair,11,F,P,claire,-5.1646686,clair,-8.508547,1
3417,S_NOUN_8_ADJ_a,F,S,la tasse avec les lampes qui était là depuis hier est aussi très intéressante <eos>,13,intéressante,intéressant,11,F,P,intéressante,-5.504023,intéressant,-8.873816,1
3418,S_NOUN_8_ADJ_a,F,S,la tasse avec les lampes qui était là depuis hier est aussi très brillante <eos>,13,brillante,brillant,11,F,P,brillante,-6.3591995,brillant,-10.505352,1
3419,S_NOUN_8_ADJ_a,F,S,la tasse avec les lampes qui était là depuis hier est aussi très compliquée <eos>,13,compliquée,compliqué,11,F,P,compliquée,-7.0429964,compliqué,-9.06153,1
3420,S_NOUN_8_ADJ_a,F,S,la tasse avec les bouteilles qui était là depuis hier est aussi très verte <eos>,13,verte,vert,11,F,P,verte,-8.781616,vert,-10.894049,1
3421,S_NOUN_8_ADJ_a,F,S,la tasse avec les bouteilles qui était là depuis hier est aussi très bleue <eos>,13,bleue,bleu,11,F,P,bleue,-11.637487,bleu,-11.783911,1
3422,S_NOUN_8_ADJ_a,F,S,la tasse avec les bouteilles qui était là depuis hier est aussi très noire <eos>,13,noire,noir,11,F,P,noire,-7.8126526,noir,-11.371623,1
3423,S_NOUN_8_ADJ_a,F,S,la tasse avec les bouteilles qui était là depuis hier est aussi très délicate <eos>,13,délicate,délicat,11,F,P,délicate,-6.202132,délicat,-9.404722,1
3424,S_NOUN_8_ADJ_a,F,S,la tasse avec les bouteilles qui était là depuis hier est aussi très pointue <eos>,13,pointue,pointu,11,F,P,pointue,-9.699854,pointu,-11.700359,1
3425,S_NOUN_8_ADJ_a,F,S,la tasse avec les bouteilles qui était là depuis hier est aussi très ronde <eos>,13,ronde,rond,11,F,P,ronde,-10.062336,rond,-13.417313,1
3426,S_NOUN_8_ADJ_a,F,S,la tasse avec les bouteilles qui était là depuis hier est aussi très froide <eos>,13,froide,froid,11,F,P,froide,-6.857796,froid,-9.269159,1
3427,S_NOUN_8_ADJ_a,F,S,la tasse avec les bouteilles qui était là depuis hier est aussi très chaude <eos>,13,chaude,chaud,11,F,P,chaude,-4.6222534,chaud,-8.906491,1
3428,S_NOUN_8_ADJ_a,F,S,la tasse avec les bouteilles qui était là depuis hier est aussi très importante <eos>,13,importante,important,11,F,P,importante,-3.9998908,important,-7.9085183,1
3429,S_NOUN_8_ADJ_a,F,S,la tasse avec les bouteilles qui était là depuis hier est aussi très courte <eos>,13,courte,court,11,F,P,courte,-6.442625,court,-8.109661,1
3430,S_NOUN_8_ADJ_a,F,S,la tasse avec les bouteilles qui était là depuis hier est aussi très dure <eos>,13,dure,dur,11,F,P,dure,-6.7511578,dur,-8.300309,1
3431,S_NOUN_8_ADJ_a,F,S,la tasse avec les bouteilles qui était là depuis hier est aussi très claire <eos>,13,claire,clair,11,F,P,claire,-5.0839496,clair,-8.474688,1
3432,S_NOUN_8_ADJ_a,F,S,la tasse avec les bouteilles qui était là depuis hier est aussi très intéressante <eos>,13,intéressante,intéressant,11,F,P,intéressante,-5.374898,intéressant,-8.647835,1
3433,S_NOUN_8_ADJ_a,F,S,la tasse avec les bouteilles qui était là depuis hier est aussi très brillante <eos>,13,brillante,brillant,11,F,P,brillante,-6.772238,brillant,-10.474267,1
3434,S_NOUN_8_ADJ_a,F,S,la tasse avec les bouteilles qui était là depuis hier est aussi très compliquée <eos>,13,compliquée,compliqué,11,F,P,compliquée,-7.322652,compliqué,-9.057751,1
3435,S_NOUN_8_ADJ_a,F,S,la tasse avec les boissons qui était là depuis hier est aussi très verte <eos>,13,verte,vert,11,F,P,verte,-8.931401,vert,-11.281715,1
3436,S_NOUN_8_ADJ_a,F,S,la tasse avec les boissons qui était là depuis hier est aussi très bleue <eos>,13,bleue,bleu,11,F,P,bleue,-11.616243,bleu,-12.104908,1
3437,S_NOUN_8_ADJ_a,F,S,la tasse avec les boissons qui était là depuis hier est aussi très noire <eos>,13,noire,noir,11,F,P,noire,-8.005615,noir,-11.901816,1
3438,S_NOUN_8_ADJ_a,F,S,la tasse avec les boissons qui était là depuis hier est aussi très délicate <eos>,13,délicate,délicat,11,F,P,délicate,-6.355233,délicat,-9.640356,1
3439,S_NOUN_8_ADJ_a,F,S,la tasse avec les boissons qui était là depuis hier est aussi très pointue <eos>,13,pointue,pointu,11,F,P,pointue,-10.434032,pointu,-11.954523,1
3440,S_NOUN_8_ADJ_a,F,S,la tasse avec les boissons qui était là depuis hier est aussi très ronde <eos>,13,ronde,rond,11,F,P,ronde,-10.746323,rond,-14.0998,1
3441,S_NOUN_8_ADJ_a,F,S,la tasse avec les boissons qui était là depuis hier est aussi très froide <eos>,13,froide,froid,11,F,P,froide,-6.249192,froid,-8.846132,1
3442,S_NOUN_8_ADJ_a,F,S,la tasse avec les boissons qui était là depuis hier est aussi très chaude <eos>,13,chaude,chaud,11,F,P,chaude,-4.3489356,chaud,-8.64258,1
3443,S_NOUN_8_ADJ_a,F,S,la tasse avec les boissons qui était là depuis hier est aussi très importante <eos>,13,importante,important,11,F,P,importante,-3.9133198,important,-7.996237,1
3444,S_NOUN_8_ADJ_a,F,S,la tasse avec les boissons qui était là depuis hier est aussi très courte <eos>,13,courte,court,11,F,P,courte,-6.7016015,court,-8.649738,1
3445,S_NOUN_8_ADJ_a,F,S,la tasse avec les boissons qui était là depuis hier est aussi très dure <eos>,13,dure,dur,11,F,P,dure,-6.6767426,dur,-8.543123,1
3446,S_NOUN_8_ADJ_a,F,S,la tasse avec les boissons qui était là depuis hier est aussi très claire <eos>,13,claire,clair,11,F,P,claire,-5.1218405,clair,-8.383272,1
3447,S_NOUN_8_ADJ_a,F,S,la tasse avec les boissons qui était là depuis hier est aussi très intéressante <eos>,13,intéressante,intéressant,11,F,P,intéressante,-5.6930485,intéressant,-8.940452,1
3448,S_NOUN_8_ADJ_a,F,S,la tasse avec les boissons qui était là depuis hier est aussi très brillante <eos>,13,brillante,brillant,11,F,P,brillante,-7.252749,brillant,-10.978945,1
3449,S_NOUN_8_ADJ_a,F,S,la tasse avec les boissons qui était là depuis hier est aussi très compliquée <eos>,13,compliquée,compliqué,11,F,P,compliquée,-7.5471663,compliqué,-9.59543,1
3450,S_NOUN_8_ADJ_a,F,S,la tasse avec les pommes qui était là depuis hier est aussi très verte <eos>,13,verte,vert,11,F,P,verte,-8.90438,vert,-11.314491,1
3451,S_NOUN_8_ADJ_a,F,S,la tasse avec les pommes qui était là depuis hier est aussi très bleue <eos>,13,bleue,bleu,11,F,P,bleue,-11.470984,bleu,-11.994704,1
3452,S_NOUN_8_ADJ_a,F,S,la tasse avec les pommes qui était là depuis hier est aussi très noire <eos>,13,noire,noir,11,F,P,noire,-7.691148,noir,-11.659554,1
3453,S_NOUN_8_ADJ_a,F,S,la tasse avec les pommes qui était là depuis hier est aussi très délicate <eos>,13,délicate,délicat,11,F,P,délicate,-6.305205,délicat,-9.414558,1
3454,S_NOUN_8_ADJ_a,F,S,la tasse avec les pommes qui était là depuis hier est aussi très pointue <eos>,13,pointue,pointu,11,F,P,pointue,-9.738822,pointu,-11.770275,1
3455,S_NOUN_8_ADJ_a,F,S,la tasse avec les pommes qui était là depuis hier est aussi très ronde <eos>,13,ronde,rond,11,F,P,ronde,-10.27162,rond,-13.886713,1
3456,S_NOUN_8_ADJ_a,F,S,la tasse avec les pommes qui était là depuis hier est aussi très froide <eos>,13,froide,froid,11,F,P,froide,-6.42293,froid,-9.092078,1
3457,S_NOUN_8_ADJ_a,F,S,la tasse avec les pommes qui était là depuis hier est aussi très chaude <eos>,13,chaude,chaud,11,F,P,chaude,-4.3462315,chaud,-9.20317,1
3458,S_NOUN_8_ADJ_a,F,S,la tasse avec les pommes qui était là depuis hier est aussi très importante <eos>,13,importante,important,11,F,P,importante,-3.9176817,important,-8.324061,1
3459,S_NOUN_8_ADJ_a,F,S,la tasse avec les pommes qui était là depuis hier est aussi très courte <eos>,13,courte,court,11,F,P,courte,-6.291194,court,-8.49917,1
3460,S_NOUN_8_ADJ_a,F,S,la tasse avec les pommes qui était là depuis hier est aussi très dure <eos>,13,dure,dur,11,F,P,dure,-6.2137613,dur,-8.472587,1
3461,S_NOUN_8_ADJ_a,F,S,la tasse avec les pommes qui était là depuis hier est aussi très claire <eos>,13,claire,clair,11,F,P,claire,-4.799555,clair,-8.429603,1
3462,S_NOUN_8_ADJ_a,F,S,la tasse avec les pommes qui était là depuis hier est aussi très intéressante <eos>,13,intéressante,intéressant,11,F,P,intéressante,-5.782396,intéressant,-9.32333,1
3463,S_NOUN_8_ADJ_a,F,S,la tasse avec les pommes qui était là depuis hier est aussi très brillante <eos>,13,brillante,brillant,11,F,P,brillante,-6.8299713,brillant,-10.993865,1
3464,S_NOUN_8_ADJ_a,F,S,la tasse avec les pommes qui était là depuis hier est aussi très compliquée <eos>,13,compliquée,compliqué,11,F,P,compliquée,-7.711474,compliqué,-9.885457,1
3465,S_NOUN_8_ADJ_a,F,S,la tasse avec les tasses qui était là depuis hier est aussi très verte <eos>,13,verte,vert,11,F,P,verte,-8.867437,vert,-11.005039,1
3466,S_NOUN_8_ADJ_a,F,S,la tasse avec les tasses qui était là depuis hier est aussi très bleue <eos>,13,bleue,bleu,11,F,P,bleue,-11.71481,bleu,-11.846212,1
3467,S_NOUN_8_ADJ_a,F,S,la tasse avec les tasses qui était là depuis hier est aussi très noire <eos>,13,noire,noir,11,F,P,noire,-8.002086,noir,-11.816146,1
3468,S_NOUN_8_ADJ_a,F,S,la tasse avec les tasses qui était là depuis hier est aussi très délicate <eos>,13,délicate,délicat,11,F,P,délicate,-6.3751364,délicat,-9.232556,1
3469,S_NOUN_8_ADJ_a,F,S,la tasse avec les tasses qui était là depuis hier est aussi très pointue <eos>,13,pointue,pointu,11,F,P,pointue,-9.516349,pointu,-11.593756,1
3470,S_NOUN_8_ADJ_a,F,S,la tasse avec les tasses qui était là depuis hier est aussi très ronde <eos>,13,ronde,rond,11,F,P,ronde,-9.6495075,rond,-13.283422,1
3471,S_NOUN_8_ADJ_a,F,S,la tasse avec les tasses qui était là depuis hier est aussi très froide <eos>,13,froide,froid,11,F,P,froide,-6.4712324,froid,-9.436501,1
3472,S_NOUN_8_ADJ_a,F,S,la tasse avec les tasses qui était là depuis hier est aussi très chaude <eos>,13,chaude,chaud,11,F,P,chaude,-4.352779,chaud,-9.009571,1
3473,S_NOUN_8_ADJ_a,F,S,la tasse avec les tasses qui était là depuis hier est aussi très importante <eos>,13,importante,important,11,F,P,importante,-4.015561,important,-8.0292635,1
3474,S_NOUN_8_ADJ_a,F,S,la tasse avec les tasses qui était là depuis hier est aussi très courte <eos>,13,courte,court,11,F,P,courte,-6.3322244,court,-8.142948,1
3475,S_NOUN_8_ADJ_a,F,S,la tasse avec les tasses qui était là depuis hier est aussi très dure <eos>,13,dure,dur,11,F,P,dure,-6.691006,dur,-8.178364,1
3476,S_NOUN_8_ADJ_a,F,S,la tasse avec les tasses qui était là depuis hier est aussi très claire <eos>,13,claire,clair,11,F,P,claire,-5.12804,clair,-8.457874,1
3477,S_NOUN_8_ADJ_a,F,S,la tasse avec les tasses qui était là depuis hier est aussi très intéressante <eos>,13,intéressante,intéressant,11,F,P,intéressante,-5.3497157,intéressant,-8.805534,1
3478,S_NOUN_8_ADJ_a,F,S,la tasse avec les tasses qui était là depuis hier est aussi très brillante <eos>,13,brillante,brillant,11,F,P,brillante,-6.5047245,brillant,-10.526131,1
3479,S_NOUN_8_ADJ_a,F,S,la tasse avec les tasses qui était là depuis hier est aussi très compliquée <eos>,13,compliquée,compliqué,11,F,P,compliquée,-7.3846197,compliqué,-9.269032,1
3480,S_NOUN_8_ADJ_a,F,S,la tasse avec les bougies qui était là depuis hier est aussi très verte <eos>,13,verte,vert,11,F,P,verte,-8.578294,vert,-10.953133,1
3481,S_NOUN_8_ADJ_a,F,S,la tasse avec les bougies qui était là depuis hier est aussi très bleue <eos>,13,bleue,bleu,11,F,P,bleue,-11.236956,bleu,-11.592336,1
3482,S_NOUN_8_ADJ_a,F,S,la tasse avec les bougies qui était là depuis hier est aussi très noire <eos>,13,noire,noir,11,F,P,noire,-7.364517,noir,-11.228794,1
3483,S_NOUN_8_ADJ_a,F,S,la tasse avec les bougies qui était là depuis hier est aussi très délicate <eos>,13,délicate,délicat,11,F,P,délicate,-6.7758045,délicat,-9.578258,1
3484,S_NOUN_8_ADJ_a,F,S,la tasse avec les bougies qui était là depuis hier est aussi très pointue <eos>,13,pointue,pointu,11,F,P,pointue,-9.672044,pointu,-11.756633,1
3485,S_NOUN_8_ADJ_a,F,S,la tasse avec les bougies qui était là depuis hier est aussi très ronde <eos>,13,ronde,rond,11,F,P,ronde,-10.101162,rond,-13.498602,1
3486,S_NOUN_8_ADJ_a,F,S,la tasse avec les bougies qui était là depuis hier est aussi très froide <eos>,13,froide,froid,11,F,P,froide,-6.687008,froid,-9.437346,1
3487,S_NOUN_8_ADJ_a,F,S,la tasse avec les bougies qui était là depuis hier est aussi très chaude <eos>,13,chaude,chaud,11,F,P,chaude,-4.734348,chaud,-9.287504,1
3488,S_NOUN_8_ADJ_a,F,S,la tasse avec les bougies qui était là depuis hier est aussi très importante <eos>,13,importante,important,11,F,P,importante,-4.4225006,important,-8.484675,1
3489,S_NOUN_8_ADJ_a,F,S,la tasse avec les bougies qui était là depuis hier est aussi très courte <eos>,13,courte,court,11,F,P,courte,-5.9725666,court,-7.828662,1
3490,S_NOUN_8_ADJ_a,F,S,la tasse avec les bougies qui était là depuis hier est aussi très dure <eos>,13,dure,dur,11,F,P,dure,-6.6421967,dur,-8.584484,1
3491,S_NOUN_8_ADJ_a,F,S,la tasse avec les bougies qui était là depuis hier est aussi très claire <eos>,13,claire,clair,11,F,P,claire,-4.9131384,clair,-8.2767725,1
3492,S_NOUN_8_ADJ_a,F,S,la tasse avec les bougies qui était là depuis hier est aussi très intéressante <eos>,13,intéressante,intéressant,11,F,P,intéressante,-5.6981707,intéressant,-9.126989,1
3493,S_NOUN_8_ADJ_a,F,S,la tasse avec les bougies qui était là depuis hier est aussi très brillante <eos>,13,brillante,brillant,11,F,P,brillante,-6.597985,brillant,-10.756552,1
3494,S_NOUN_8_ADJ_a,F,S,la tasse avec les bougies qui était là depuis hier est aussi très compliquée <eos>,13,compliquée,compliqué,11,F,P,compliquée,-7.560133,compliqué,-9.448921,1
3495,S_NOUN_8_ADJ_a,F,S,la tasse avec les pochettes qui était là depuis hier est aussi très verte <eos>,13,verte,vert,11,F,P,verte,-9.169652,vert,-11.562071,1
3496,S_NOUN_8_ADJ_a,F,S,la tasse avec les pochettes qui était là depuis hier est aussi très bleue <eos>,13,bleue,bleu,11,F,P,bleue,-11.724354,bleu,-11.8322735,1
3497,S_NOUN_8_ADJ_a,F,S,la tasse avec les pochettes qui était là depuis hier est aussi très noire <eos>,13,noire,noir,11,F,P,noire,-8.202643,noir,-11.731659,1
3498,S_NOUN_8_ADJ_a,F,S,la tasse avec les pochettes qui était là depuis hier est aussi très délicate <eos>,13,délicate,délicat,11,F,P,délicate,-7.2248588,délicat,-10.207905,1
3499,S_NOUN_8_ADJ_a,F,S,la tasse avec les pochettes qui était là depuis hier est aussi très pointue <eos>,13,pointue,pointu,11,F,P,pointue,-10.013914,pointu,-11.137405,1
3500,S_NOUN_8_ADJ_a,F,S,la tasse avec les pochettes qui était là depuis hier est aussi très ronde <eos>,13,ronde,rond,11,F,P,ronde,-10.819147,rond,-14.394015,1
3501,S_NOUN_8_ADJ_a,F,S,la tasse avec les pochettes qui était là depuis hier est aussi très froide <eos>,13,froide,froid,11,F,P,froide,-8.50926,froid,-9.639308,1
3502,S_NOUN_8_ADJ_a,F,S,la tasse avec les pochettes qui était là depuis hier est aussi très chaude <eos>,13,chaude,chaud,11,F,P,chaude,-5.3155484,chaud,-9.979271,1
3503,S_NOUN_8_ADJ_a,F,S,la tasse avec les pochettes qui était là depuis hier est aussi très importante <eos>,13,importante,important,11,F,P,importante,-3.6651227,important,-7.593856,1
3504,S_NOUN_8_ADJ_a,F,S,la tasse avec les pochettes qui était là depuis hier est aussi très courte <eos>,13,courte,court,11,F,P,courte,-5.793885,court,-8.079213,1
3505,S_NOUN_8_ADJ_a,F,S,la tasse avec les pochettes qui était là depuis hier est aussi très dure <eos>,13,dure,dur,11,F,P,dure,-6.2935076,dur,-8.139277,1
3506,S_NOUN_8_ADJ_a,F,S,la tasse avec les pochettes qui était là depuis hier est aussi très claire <eos>,13,claire,clair,11,F,P,claire,-5.0241976,clair,-8.443966,1
3507,S_NOUN_8_ADJ_a,F,S,la tasse avec les pochettes qui était là depuis hier est aussi très intéressante <eos>,13,intéressante,intéressant,11,F,P,intéressante,-5.5450363,intéressant,-8.704786,1
3508,S_NOUN_8_ADJ_a,F,S,la tasse avec les pochettes qui était là depuis hier est aussi très brillante <eos>,13,brillante,brillant,11,F,P,brillante,-6.01923,brillant,-10.763435,1
3509,S_NOUN_8_ADJ_a,F,S,la tasse avec les pochettes qui était là depuis hier est aussi très compliquée <eos>,13,compliquée,compliqué,11,F,P,compliquée,-7.0777407,compliqué,-9.800024,1
3510,S_NOUN_8_ADJ_a,F,S,la tasse avec les bananes qui était là depuis hier est aussi très verte <eos>,13,verte,vert,11,F,P,verte,-8.486881,vert,-11.148184,1
3511,S_NOUN_8_ADJ_a,F,S,la tasse avec les bananes qui était là depuis hier est aussi très bleue <eos>,13,bleue,bleu,11,F,P,bleue,-11.475939,bleu,-11.98802,1
3512,S_NOUN_8_ADJ_a,F,S,la tasse avec les bananes qui était là depuis hier est aussi très noire <eos>,13,noire,noir,11,F,P,noire,-7.806774,noir,-11.801046,1
3513,S_NOUN_8_ADJ_a,F,S,la tasse avec les bananes qui était là depuis hier est aussi très délicate <eos>,13,délicate,délicat,11,F,P,délicate,-6.5926456,délicat,-9.748403,1
3514,S_NOUN_8_ADJ_a,F,S,la tasse avec les bananes qui était là depuis hier est aussi très pointue <eos>,13,pointue,pointu,11,F,P,pointue,-9.776644,pointu,-11.621027,1
3515,S_NOUN_8_ADJ_a,F,S,la tasse avec les bananes qui était là depuis hier est aussi très ronde <eos>,13,ronde,rond,11,F,P,ronde,-10.104238,rond,-13.792695,1
3516,S_NOUN_8_ADJ_a,F,S,la tasse avec les bananes qui était là depuis hier est aussi très froide <eos>,13,froide,froid,11,F,P,froide,-6.741294,froid,-9.360548,1
3517,S_NOUN_8_ADJ_a,F,S,la tasse avec les bananes qui était là depuis hier est aussi très chaude <eos>,13,chaude,chaud,11,F,P,chaude,-4.6994047,chaud,-9.080512,1
3518,S_NOUN_8_ADJ_a,F,S,la tasse avec les bananes qui était là depuis hier est aussi très importante <eos>,13,importante,important,11,F,P,importante,-3.9660978,important,-8.242133,1
3519,S_NOUN_8_ADJ_a,F,S,la tasse avec les bananes qui était là depuis hier est aussi très courte <eos>,13,courte,court,11,F,P,courte,-6.6328278,court,-8.297746,1
3520,S_NOUN_8_ADJ_a,F,S,la tasse avec les bananes qui était là depuis hier est aussi très dure <eos>,13,dure,dur,11,F,P,dure,-6.5623636,dur,-8.346112,1
3521,S_NOUN_8_ADJ_a,F,S,la tasse avec les bananes qui était là depuis hier est aussi très claire <eos>,13,claire,clair,11,F,P,claire,-5.1641264,clair,-8.808441,1
3522,S_NOUN_8_ADJ_a,F,S,la tasse avec les bananes qui était là depuis hier est aussi très intéressante <eos>,13,intéressante,intéressant,11,F,P,intéressante,-5.7403946,intéressant,-9.154287,1
3523,S_NOUN_8_ADJ_a,F,S,la tasse avec les bananes qui était là depuis hier est aussi très brillante <eos>,13,brillante,brillant,11,F,P,brillante,-6.816309,brillant,-10.883949,1
3524,S_NOUN_8_ADJ_a,F,S,la tasse avec les bananes qui était là depuis hier est aussi très compliquée <eos>,13,compliquée,compliqué,11,F,P,compliquée,-7.805192,compliqué,-9.669393,1
3525,S_NOUN_8_ADJ_a,F,S,la tasse avec les robes qui était là depuis hier est aussi très verte <eos>,13,verte,vert,11,F,P,verte,-8.550661,vert,-11.241627,1
3526,S_NOUN_8_ADJ_a,F,S,la tasse avec les robes qui était là depuis hier est aussi très bleue <eos>,13,bleue,bleu,11,F,P,bleue,-10.903629,bleu,-11.639937,1
3527,S_NOUN_8_ADJ_a,F,S,la tasse avec les robes qui était là depuis hier est aussi très noire <eos>,13,noire,noir,11,F,P,noire,-7.176583,noir,-11.464724,1
3528,S_NOUN_8_ADJ_a,F,S,la tasse avec les robes qui était là depuis hier est aussi très délicate <eos>,13,délicate,délicat,11,F,P,délicate,-7.1149044,délicat,-10.070992,1
3529,S_NOUN_8_ADJ_a,F,S,la tasse avec les robes qui était là depuis hier est aussi très pointue <eos>,13,pointue,pointu,11,F,P,pointue,-10.030796,pointu,-11.568449,1
3530,S_NOUN_8_ADJ_a,F,S,la tasse avec les robes qui était là depuis hier est aussi très ronde <eos>,13,ronde,rond,11,F,P,ronde,-10.387288,rond,-13.755985,1
3531,S_NOUN_8_ADJ_a,F,S,la tasse avec les robes qui était là depuis hier est aussi très froide <eos>,13,froide,froid,11,F,P,froide,-7.18248,froid,-9.9748335,1
3532,S_NOUN_8_ADJ_a,F,S,la tasse avec les robes qui était là depuis hier est aussi très chaude <eos>,13,chaude,chaud,11,F,P,chaude,-5.109496,chaud,-9.743554,1
3533,S_NOUN_8_ADJ_a,F,S,la tasse avec les robes qui était là depuis hier est aussi très importante <eos>,13,importante,important,11,F,P,importante,-4.401615,important,-8.513954,1
3534,S_NOUN_8_ADJ_a,F,S,la tasse avec les robes qui était là depuis hier est aussi très courte <eos>,13,courte,court,11,F,P,courte,-6.092036,court,-8.099224,1
3535,S_NOUN_8_ADJ_a,F,S,la tasse avec les robes qui était là depuis hier est aussi très dure <eos>,13,dure,dur,11,F,P,dure,-6.989933,dur,-9.159158,1
3536,S_NOUN_8_ADJ_a,F,S,la tasse avec les robes qui était là depuis hier est aussi très claire <eos>,13,claire,clair,11,F,P,claire,-5.1269107,clair,-8.411009,1
3537,S_NOUN_8_ADJ_a,F,S,la tasse avec les robes qui était là depuis hier est aussi très intéressante <eos>,13,intéressante,intéressant,11,F,P,intéressante,-5.9405994,intéressant,-9.210838,1
3538,S_NOUN_8_ADJ_a,F,S,la tasse avec les robes qui était là depuis hier est aussi très brillante <eos>,13,brillante,brillant,11,F,P,brillante,-6.7761507,brillant,-11.168092,1
3539,S_NOUN_8_ADJ_a,F,S,la tasse avec les robes qui était là depuis hier est aussi très compliquée <eos>,13,compliquée,compliqué,11,F,P,compliquée,-7.9020424,compliqué,-9.923466,1
3540,S_NOUN_8_ADJ_a,F,S,la tasse avec les valises qui était là depuis hier est aussi très verte <eos>,13,verte,vert,11,F,P,verte,-8.952476,vert,-11.422972,1
3541,S_NOUN_8_ADJ_a,F,S,la tasse avec les valises qui était là depuis hier est aussi très bleue <eos>,13,bleue,bleu,11,F,P,bleue,-11.85586,bleu,-11.93973,1
3542,S_NOUN_8_ADJ_a,F,S,la tasse avec les valises qui était là depuis hier est aussi très noire <eos>,13,noire,noir,11,F,P,noire,-7.8779073,noir,-11.757555,1
3543,S_NOUN_8_ADJ_a,F,S,la tasse avec les valises qui était là depuis hier est aussi très délicate <eos>,13,délicate,délicat,11,F,P,délicate,-6.420596,délicat,-9.6938925,1
3544,S_NOUN_8_ADJ_a,F,S,la tasse avec les valises qui était là depuis hier est aussi très pointue <eos>,13,pointue,pointu,11,F,P,pointue,-9.632991,pointu,-11.616915,1
3545,S_NOUN_8_ADJ_a,F,S,la tasse avec les valises qui était là depuis hier est aussi très ronde <eos>,13,ronde,rond,11,F,P,ronde,-9.918799,rond,-13.751594,1
3546,S_NOUN_8_ADJ_a,F,S,la tasse avec les valises qui était là depuis hier est aussi très froide <eos>,13,froide,froid,11,F,P,froide,-6.9170504,froid,-9.516614,1
3547,S_NOUN_8_ADJ_a,F,S,la tasse avec les valises qui était là depuis hier est aussi très chaude <eos>,13,chaude,chaud,11,F,P,chaude,-4.4691706,chaud,-9.040313,1
3548,S_NOUN_8_ADJ_a,F,S,la tasse avec les valises qui était là depuis hier est aussi très importante <eos>,13,importante,important,11,F,P,importante,-3.838182,important,-7.9046254,1
3549,S_NOUN_8_ADJ_a,F,S,la tasse avec les valises qui était là depuis hier est aussi très courte <eos>,13,courte,court,11,F,P,courte,-6.1933527,court,-8.016104,1
3550,S_NOUN_8_ADJ_a,F,S,la tasse avec les valises qui était là depuis hier est aussi très dure <eos>,13,dure,dur,11,F,P,dure,-6.682493,dur,-8.43923,1
3551,S_NOUN_8_ADJ_a,F,S,la tasse avec les valises qui était là depuis hier est aussi très claire <eos>,13,claire,clair,11,F,P,claire,-5.279352,clair,-8.859717,1
3552,S_NOUN_8_ADJ_a,F,S,la tasse avec les valises qui était là depuis hier est aussi très intéressante <eos>,13,intéressante,intéressant,11,F,P,intéressante,-5.3344393,intéressant,-8.722679,1
3553,S_NOUN_8_ADJ_a,F,S,la tasse avec les valises qui était là depuis hier est aussi très brillante <eos>,13,brillante,brillant,11,F,P,brillante,-6.863669,brillant,-10.951405,1
3554,S_NOUN_8_ADJ_a,F,S,la tasse avec les valises qui était là depuis hier est aussi très compliquée <eos>,13,compliquée,compliqué,11,F,P,compliquée,-7.189906,compliqué,-9.131047,1
3555,S_NOUN_8_ADJ_a,F,S,la tasse avec les pendules qui était là depuis hier est aussi très verte <eos>,13,verte,vert,11,F,P,verte,-8.402629,vert,-11.084346,1
3556,S_NOUN_8_ADJ_a,F,S,la tasse avec les pendules qui était là depuis hier est aussi très bleue <eos>,13,bleue,bleu,11,F,P,bleue,-11.333703,bleu,-11.623316,1
3557,S_NOUN_8_ADJ_a,F,S,la tasse avec les pendules qui était là depuis hier est aussi très noire <eos>,13,noire,noir,11,F,P,noire,-7.524664,noir,-11.40933,1
3558,S_NOUN_8_ADJ_a,F,S,la tasse avec les pendules qui était là depuis hier est aussi très délicate <eos>,13,délicate,délicat,11,F,P,délicate,-6.439803,délicat,-9.613772,1
3559,S_NOUN_8_ADJ_a,F,S,la tasse avec les pendules qui était là depuis hier est aussi très pointue <eos>,13,pointue,pointu,11,F,P,pointue,-9.52103,pointu,-11.63692,1
3560,S_NOUN_8_ADJ_a,F,S,la tasse avec les pendules qui était là depuis hier est aussi très ronde <eos>,13,ronde,rond,11,F,P,ronde,-10.323693,rond,-13.786435,1
3561,S_NOUN_8_ADJ_a,F,S,la tasse avec les pendules qui était là depuis hier est aussi très froide <eos>,13,froide,froid,11,F,P,froide,-6.9937005,froid,-9.428406,1
3562,S_NOUN_8_ADJ_a,F,S,la tasse avec les pendules qui était là depuis hier est aussi très chaude <eos>,13,chaude,chaud,11,F,P,chaude,-4.779788,chaud,-9.008837,1
3563,S_NOUN_8_ADJ_a,F,S,la tasse avec les pendules qui était là depuis hier est aussi très importante <eos>,13,importante,important,11,F,P,importante,-4.438552,important,-8.424272,1
3564,S_NOUN_8_ADJ_a,F,S,la tasse avec les pendules qui était là depuis hier est aussi très courte <eos>,13,courte,court,11,F,P,courte,-6.0920978,court,-8.178947,1
3565,S_NOUN_8_ADJ_a,F,S,la tasse avec les pendules qui était là depuis hier est aussi très dure <eos>,13,dure,dur,11,F,P,dure,-6.685604,dur,-8.762165,1
3566,S_NOUN_8_ADJ_a,F,S,la tasse avec les pendules qui était là depuis hier est aussi très claire <eos>,13,claire,clair,11,F,P,claire,-4.977171,clair,-8.385165,1
3567,S_NOUN_8_ADJ_a,F,S,la tasse avec les pendules qui était là depuis hier est aussi très intéressante <eos>,13,intéressante,intéressant,11,F,P,intéressante,-5.5401564,intéressant,-8.851212,1
3568,S_NOUN_8_ADJ_a,F,S,la tasse avec les pendules qui était là depuis hier est aussi très brillante <eos>,13,brillante,brillant,11,F,P,brillante,-6.6937637,brillant,-10.664463,1
3569,S_NOUN_8_ADJ_a,F,S,la tasse avec les pendules qui était là depuis hier est aussi très compliquée <eos>,13,compliquée,compliqué,11,F,P,compliquée,-6.76989,compliqué,-8.785694,1
3570,S_NOUN_8_ADJ_a,F,S,la tasse avec les cloches qui était là depuis hier est aussi très verte <eos>,13,verte,vert,11,F,P,verte,-8.622103,vert,-10.839548,1
3571,S_NOUN_8_ADJ_a,F,S,la tasse avec les cloches qui était là depuis hier est aussi très bleue <eos>,13,bleue,bleu,11,F,P,bleue,-11.365489,bleu,-11.828727,1
3572,S_NOUN_8_ADJ_a,F,S,la tasse avec les cloches qui était là depuis hier est aussi très noire <eos>,13,noire,noir,11,F,P,noire,-7.537702,noir,-11.862371,1
3573,S_NOUN_8_ADJ_a,F,S,la tasse avec les cloches qui était là depuis hier est aussi très délicate <eos>,13,délicate,délicat,11,F,P,délicate,-6.3185425,délicat,-9.304808,1
3574,S_NOUN_8_ADJ_a,F,S,la tasse avec les cloches qui était là depuis hier est aussi très pointue <eos>,13,pointue,pointu,11,F,P,pointue,-9.855772,pointu,-12.190067,1
3575,S_NOUN_8_ADJ_a,F,S,la tasse avec les cloches qui était là depuis hier est aussi très ronde <eos>,13,ronde,rond,11,F,P,ronde,-10.026161,rond,-14.078614,1
3576,S_NOUN_8_ADJ_a,F,S,la tasse avec les cloches qui était là depuis hier est aussi très froide <eos>,13,froide,froid,11,F,P,froide,-6.8217196,froid,-9.602636,1
3577,S_NOUN_8_ADJ_a,F,S,la tasse avec les cloches qui était là depuis hier est aussi très chaude <eos>,13,chaude,chaud,11,F,P,chaude,-4.0978746,chaud,-9.052238,1
3578,S_NOUN_8_ADJ_a,F,S,la tasse avec les cloches qui était là depuis hier est aussi très importante <eos>,13,importante,important,11,F,P,importante,-4.2474365,important,-8.482943,1
3579,S_NOUN_8_ADJ_a,F,S,la tasse avec les cloches qui était là depuis hier est aussi très courte <eos>,13,courte,court,11,F,P,courte,-6.2564187,court,-8.448469,1
3580,S_NOUN_8_ADJ_a,F,S,la tasse avec les cloches qui était là depuis hier est aussi très dure <eos>,13,dure,dur,11,F,P,dure,-6.216964,dur,-8.27131,1
3581,S_NOUN_8_ADJ_a,F,S,la tasse avec les cloches qui était là depuis hier est aussi très claire <eos>,13,claire,clair,11,F,P,claire,-5.012518,clair,-8.360982,1
3582,S_NOUN_8_ADJ_a,F,S,la tasse avec les cloches qui était là depuis hier est aussi très intéressante <eos>,13,intéressante,intéressant,11,F,P,intéressante,-5.6649046,intéressant,-9.06633,1
3583,S_NOUN_8_ADJ_a,F,S,la tasse avec les cloches qui était là depuis hier est aussi très brillante <eos>,13,brillante,brillant,11,F,P,brillante,-6.4995246,brillant,-10.646511,1
3584,S_NOUN_8_ADJ_a,F,S,la tasse avec les cloches qui était là depuis hier est aussi très compliquée <eos>,13,compliquée,compliqué,11,F,P,compliquée,-7.524324,compliqué,-9.550448,1
3585,S_NOUN_8_ADJ_a,F,S,la tasse avec les cerises qui était là depuis hier est aussi très verte <eos>,13,verte,vert,11,F,P,verte,-8.821292,vert,-11.147817,1
3586,S_NOUN_8_ADJ_a,F,S,la tasse avec les cerises qui était là depuis hier est aussi très bleue <eos>,13,bleue,bleu,11,F,P,bleue,-11.680867,bleu,-11.889799,1
3587,S_NOUN_8_ADJ_a,F,S,la tasse avec les cerises qui était là depuis hier est aussi très noire <eos>,13,noire,noir,11,F,P,noire,-7.6424346,noir,-11.799667,1
3588,S_NOUN_8_ADJ_a,F,S,la tasse avec les cerises qui était là depuis hier est aussi très délicate <eos>,13,délicate,délicat,11,F,P,délicate,-6.159321,délicat,-9.173293,1
3589,S_NOUN_8_ADJ_a,F,S,la tasse avec les cerises qui était là depuis hier est aussi très pointue <eos>,13,pointue,pointu,11,F,P,pointue,-9.816816,pointu,-11.8234215,1
3590,S_NOUN_8_ADJ_a,F,S,la tasse avec les cerises qui était là depuis hier est aussi très ronde <eos>,13,ronde,rond,11,F,P,ronde,-10.182162,rond,-13.775664,1
3591,S_NOUN_8_ADJ_a,F,S,la tasse avec les cerises qui était là depuis hier est aussi très froide <eos>,13,froide,froid,11,F,P,froide,-6.7473783,froid,-9.272518,1
3592,S_NOUN_8_ADJ_a,F,S,la tasse avec les cerises qui était là depuis hier est aussi très chaude <eos>,13,chaude,chaud,11,F,P,chaude,-4.780699,chaud,-9.199504,1
3593,S_NOUN_8_ADJ_a,F,S,la tasse avec les cerises qui était là depuis hier est aussi très importante <eos>,13,importante,important,11,F,P,importante,-4.048156,important,-8.313409,1
3594,S_NOUN_8_ADJ_a,F,S,la tasse avec les cerises qui était là depuis hier est aussi très courte <eos>,13,courte,court,11,F,P,courte,-6.295521,court,-8.407953,1
3595,S_NOUN_8_ADJ_a,F,S,la tasse avec les cerises qui était là depuis hier est aussi très dure <eos>,13,dure,dur,11,F,P,dure,-6.247573,dur,-8.473609,1
3596,S_NOUN_8_ADJ_a,F,S,la tasse avec les cerises qui était là depuis hier est aussi très claire <eos>,13,claire,clair,11,F,P,claire,-4.806428,clair,-8.422534,1
3597,S_NOUN_8_ADJ_a,F,S,la tasse avec les cerises qui était là depuis hier est aussi très intéressante <eos>,13,intéressante,intéressant,11,F,P,intéressante,-5.86046,intéressant,-9.207554,1
3598,S_NOUN_8_ADJ_a,F,S,la tasse avec les cerises qui était là depuis hier est aussi très brillante <eos>,13,brillante,brillant,11,F,P,brillante,-6.4660997,brillant,-10.827473,1
3599,S_NOUN_8_ADJ_a,F,S,la tasse avec les cerises qui était là depuis hier est aussi très compliquée <eos>,13,compliquée,compliqué,11,F,P,compliquée,-7.742799,compliqué,-9.94236,1
3600,S_NOUN_8_ADJ_a,F,S,la bougie avec les gemmes qui était là depuis hier est aussi très verte <eos>,13,verte,vert,11,F,P,verte,-9.214377,vert,-11.883036,1
3601,S_NOUN_8_ADJ_a,F,S,la bougie avec les gemmes qui était là depuis hier est aussi très bleue <eos>,13,bleue,bleu,11,F,P,bleue,-11.22122,bleu,-12.153711,1
3602,S_NOUN_8_ADJ_a,F,S,la bougie avec les gemmes qui était là depuis hier est aussi très noire <eos>,13,noire,noir,11,F,P,noire,-7.7779083,noir,-11.902211,1
3603,S_NOUN_8_ADJ_a,F,S,la bougie avec les gemmes qui était là depuis hier est aussi très délicate <eos>,13,délicate,délicat,11,F,P,délicate,-5.9388776,délicat,-9.909977,1
3604,S_NOUN_8_ADJ_a,F,S,la bougie avec les gemmes qui était là depuis hier est aussi très pointue <eos>,13,pointue,pointu,11,F,P,pointue,-10.13723,pointu,-12.979393,1
3605,S_NOUN_8_ADJ_a,F,S,la bougie avec les gemmes qui était là depuis hier est aussi très ronde <eos>,13,ronde,rond,11,F,P,ronde,-11.204689,rond,-14.909471,1
3606,S_NOUN_8_ADJ_a,F,S,la bougie avec les gemmes qui était là depuis hier est aussi très froide <eos>,13,froide,froid,11,F,P,froide,-7.2691574,froid,-9.371262,1
3607,S_NOUN_8_ADJ_a,F,S,la bougie avec les gemmes qui était là depuis hier est aussi très chaude <eos>,13,chaude,chaud,11,F,P,chaude,-5.429096,chaud,-9.457,1
3608,S_NOUN_8_ADJ_a,F,S,la bougie avec les gemmes qui était là depuis hier est aussi très importante <eos>,13,importante,important,11,F,P,importante,-3.9140322,important,-7.9061356,1
3609,S_NOUN_8_ADJ_a,F,S,la bougie avec les gemmes qui était là depuis hier est aussi très courte <eos>,13,courte,court,11,F,P,courte,-5.763528,court,-8.006638,1
3610,S_NOUN_8_ADJ_a,F,S,la bougie avec les gemmes qui était là depuis hier est aussi très dure <eos>,13,dure,dur,11,F,P,dure,-6.419548,dur,-7.792636,1
3611,S_NOUN_8_ADJ_a,F,S,la bougie avec les gemmes qui était là depuis hier est aussi très claire <eos>,13,claire,clair,11,F,P,claire,-5.2513123,clair,-8.630876,1
3612,S_NOUN_8_ADJ_a,F,S,la bougie avec les gemmes qui était là depuis hier est aussi très intéressante <eos>,13,intéressante,intéressant,11,F,P,intéressante,-5.394781,intéressant,-9.061963,1
3613,S_NOUN_8_ADJ_a,F,S,la bougie avec les gemmes qui était là depuis hier est aussi très brillante <eos>,13,brillante,brillant,11,F,P,brillante,-6.105973,brillant,-10.43507,1
3614,S_NOUN_8_ADJ_a,F,S,la bougie avec les gemmes qui était là depuis hier est aussi très compliquée <eos>,13,compliquée,compliqué,11,F,P,compliquée,-5.7071066,compliqué,-8.326805,1
3615,S_NOUN_8_ADJ_a,F,S,la bougie avec les chaises qui était là depuis hier est aussi très verte <eos>,13,verte,vert,11,F,P,verte,-9.46349,vert,-12.080648,1
3616,S_NOUN_8_ADJ_a,F,S,la bougie avec les chaises qui était là depuis hier est aussi très bleue <eos>,13,bleue,bleu,11,F,P,bleue,-11.637511,bleu,-12.234458,1
3617,S_NOUN_8_ADJ_a,F,S,la bougie avec les chaises qui était là depuis hier est aussi très noire <eos>,13,noire,noir,11,F,P,noire,-7.9597406,noir,-12.504939,1
3618,S_NOUN_8_ADJ_a,F,S,la bougie avec les chaises qui était là depuis hier est aussi très délicate <eos>,13,délicate,délicat,11,F,P,délicate,-6.343749,délicat,-9.835571,1
3619,S_NOUN_8_ADJ_a,F,S,la bougie avec les chaises qui était là depuis hier est aussi très pointue <eos>,13,pointue,pointu,11,F,P,pointue,-9.770372,pointu,-12.611998,1
3620,S_NOUN_8_ADJ_a,F,S,la bougie avec les chaises qui était là depuis hier est aussi très ronde <eos>,13,ronde,rond,11,F,P,ronde,-10.344129,rond,-14.085139,1
3621,S_NOUN_8_ADJ_a,F,S,la bougie avec les chaises qui était là depuis hier est aussi très froide <eos>,13,froide,froid,11,F,P,froide,-7.8687916,froid,-10.146708,1
3622,S_NOUN_8_ADJ_a,F,S,la bougie avec les chaises qui était là depuis hier est aussi très chaude <eos>,13,chaude,chaud,11,F,P,chaude,-5.214325,chaud,-9.872226,1
3623,S_NOUN_8_ADJ_a,F,S,la bougie avec les chaises qui était là depuis hier est aussi très importante <eos>,13,importante,important,11,F,P,importante,-3.9901056,important,-7.9351635,1
3624,S_NOUN_8_ADJ_a,F,S,la bougie avec les chaises qui était là depuis hier est aussi très courte <eos>,13,courte,court,11,F,P,courte,-5.3317804,court,-7.642811,1
3625,S_NOUN_8_ADJ_a,F,S,la bougie avec les chaises qui était là depuis hier est aussi très dure <eos>,13,dure,dur,11,F,P,dure,-6.195155,dur,-8.23291,1
3626,S_NOUN_8_ADJ_a,F,S,la bougie avec les chaises qui était là depuis hier est aussi très claire <eos>,13,claire,clair,11,F,P,claire,-5.376798,clair,-8.794628,1
3627,S_NOUN_8_ADJ_a,F,S,la bougie avec les chaises qui était là depuis hier est aussi très intéressante <eos>,13,intéressante,intéressant,11,F,P,intéressante,-5.4380884,intéressant,-8.786361,1
3628,S_NOUN_8_ADJ_a,F,S,la bougie avec les chaises qui était là depuis hier est aussi très brillante <eos>,13,brillante,brillant,11,F,P,brillante,-6.4091387,brillant,-10.830749,1
3629,S_NOUN_8_ADJ_a,F,S,la bougie avec les chaises qui était là depuis hier est aussi très compliquée <eos>,13,compliquée,compliqué,11,F,P,compliquée,-5.794149,compliqué,-8.430374,1
3630,S_NOUN_8_ADJ_a,F,S,la bougie avec les poubelles qui était là depuis hier est aussi très verte <eos>,13,verte,vert,11,F,P,verte,-9.701885,vert,-12.448781,1
3631,S_NOUN_8_ADJ_a,F,S,la bougie avec les poubelles qui était là depuis hier est aussi très bleue <eos>,13,bleue,bleu,11,F,P,bleue,-11.977339,bleu,-12.600063,1
3632,S_NOUN_8_ADJ_a,F,S,la bougie avec les poubelles qui était là depuis hier est aussi très noire <eos>,13,noire,noir,11,F,P,noire,-8.229565,noir,-12.54187,1
3633,S_NOUN_8_ADJ_a,F,S,la bougie avec les poubelles qui était là depuis hier est aussi très délicate <eos>,13,délicate,délicat,11,F,P,délicate,-6.0632744,délicat,-10.019238,1
3634,S_NOUN_8_ADJ_a,F,S,la bougie avec les poubelles qui était là depuis hier est aussi très pointue <eos>,13,pointue,pointu,11,F,P,pointue,-9.614248,pointu,-12.431749,1
3635,S_NOUN_8_ADJ_a,F,S,la bougie avec les poubelles qui était là depuis hier est aussi très ronde <eos>,13,ronde,rond,11,F,P,ronde,-10.688381,rond,-14.494513,1
3636,S_NOUN_8_ADJ_a,F,S,la bougie avec les poubelles qui était là depuis hier est aussi très froide <eos>,13,froide,froid,11,F,P,froide,-7.537131,froid,-9.812544,1
3637,S_NOUN_8_ADJ_a,F,S,la bougie avec les poubelles qui était là depuis hier est aussi très chaude <eos>,13,chaude,chaud,11,F,P,chaude,-5.525872,chaud,-9.766795,1
3638,S_NOUN_8_ADJ_a,F,S,la bougie avec les poubelles qui était là depuis hier est aussi très importante <eos>,13,importante,important,11,F,P,importante,-3.9256504,important,-7.8253365,1
3639,S_NOUN_8_ADJ_a,F,S,la bougie avec les poubelles qui était là depuis hier est aussi très courte <eos>,13,courte,court,11,F,P,courte,-5.641247,court,-7.802829,1
3640,S_NOUN_8_ADJ_a,F,S,la bougie avec les poubelles qui était là depuis hier est aussi très dure <eos>,13,dure,dur,11,F,P,dure,-6.7239447,dur,-8.1048765,1
3641,S_NOUN_8_ADJ_a,F,S,la bougie avec les poubelles qui était là depuis hier est aussi très claire <eos>,13,claire,clair,11,F,P,claire,-5.630098,clair,-9.308706,1
3642,S_NOUN_8_ADJ_a,F,S,la bougie avec les poubelles qui était là depuis hier est aussi très intéressante <eos>,13,intéressante,intéressant,11,F,P,intéressante,-5.2400484,intéressant,-8.764971,1
3643,S_NOUN_8_ADJ_a,F,S,la bougie avec les poubelles qui était là depuis hier est aussi très brillante <eos>,13,brillante,brillant,11,F,P,brillante,-7.0721335,brillant,-11.1697445,1
3644,S_NOUN_8_ADJ_a,F,S,la bougie avec les poubelles qui était là depuis hier est aussi très compliquée <eos>,13,compliquée,compliqué,11,F,P,compliquée,-5.467961,compliqué,-8.127838,1
3645,S_NOUN_8_ADJ_a,F,S,la bougie avec les chemises qui était là depuis hier est aussi très verte <eos>,13,verte,vert,11,F,P,verte,-9.527738,vert,-12.218903,1
3646,S_NOUN_8_ADJ_a,F,S,la bougie avec les chemises qui était là depuis hier est aussi très bleue <eos>,13,bleue,bleu,11,F,P,bleue,-11.381508,bleu,-12.267336,1
3647,S_NOUN_8_ADJ_a,F,S,la bougie avec les chemises qui était là depuis hier est aussi très noire <eos>,13,noire,noir,11,F,P,noire,-7.4260902,noir,-12.025285,1
3648,S_NOUN_8_ADJ_a,F,S,la bougie avec les chemises qui était là depuis hier est aussi très délicate <eos>,13,délicate,délicat,11,F,P,délicate,-6.313042,délicat,-9.967295,1
3649,S_NOUN_8_ADJ_a,F,S,la bougie avec les chemises qui était là depuis hier est aussi très pointue <eos>,13,pointue,pointu,11,F,P,pointue,-9.654905,pointu,-12.184087,1
3650,S_NOUN_8_ADJ_a,F,S,la bougie avec les chemises qui était là depuis hier est aussi très ronde <eos>,13,ronde,rond,11,F,P,ronde,-10.725488,rond,-14.252997,1
3651,S_NOUN_8_ADJ_a,F,S,la bougie avec les chemises qui était là depuis hier est aussi très froide <eos>,13,froide,froid,11,F,P,froide,-8.04744,froid,-10.244747,1
3652,S_NOUN_8_ADJ_a,F,S,la bougie avec les chemises qui était là depuis hier est aussi très chaude <eos>,13,chaude,chaud,11,F,P,chaude,-6.1484375,chaud,-9.972861,1
3653,S_NOUN_8_ADJ_a,F,S,la bougie avec les chemises qui était là depuis hier est aussi très importante <eos>,13,importante,important,11,F,P,importante,-4.3560214,important,-8.13059,1
3654,S_NOUN_8_ADJ_a,F,S,la bougie avec les chemises qui était là depuis hier est aussi très courte <eos>,13,courte,court,11,F,P,courte,-5.156922,court,-7.5083375,1
3655,S_NOUN_8_ADJ_a,F,S,la bougie avec les chemises qui était là depuis hier est aussi très dure <eos>,13,dure,dur,11,F,P,dure,-6.327487,dur,-8.349029,1
3656,S_NOUN_8_ADJ_a,F,S,la bougie avec les chemises qui était là depuis hier est aussi très claire <eos>,13,claire,clair,11,F,P,claire,-5.3530345,clair,-8.60574,1
3657,S_NOUN_8_ADJ_a,F,S,la bougie avec les chemises qui était là depuis hier est aussi très intéressante <eos>,13,intéressante,intéressant,11,F,P,intéressante,-5.875208,intéressant,-9.123633,1
3658,S_NOUN_8_ADJ_a,F,S,la bougie avec les chemises qui était là depuis hier est aussi très brillante <eos>,13,brillante,brillant,11,F,P,brillante,-6.942484,brillant,-10.963622,1
3659,S_NOUN_8_ADJ_a,F,S,la bougie avec les chemises qui était là depuis hier est aussi très compliquée <eos>,13,compliquée,compliqué,11,F,P,compliquée,-5.5164394,compliqué,-8.081289,1
3660,S_NOUN_8_ADJ_a,F,S,la bougie avec les recettes qui était là depuis hier est aussi très verte <eos>,13,verte,vert,11,F,P,verte,-10.326944,vert,-12.814772,1
3661,S_NOUN_8_ADJ_a,F,S,la bougie avec les recettes qui était là depuis hier est aussi très bleue <eos>,13,bleue,bleu,11,F,P,bleue,-12.922219,bleu,-13.21214,1
3662,S_NOUN_8_ADJ_a,F,S,la bougie avec les recettes qui était là depuis hier est aussi très noire <eos>,13,noire,noir,11,F,P,noire,-9.451991,noir,-12.594794,1
3663,S_NOUN_8_ADJ_a,F,S,la bougie avec les recettes qui était là depuis hier est aussi très délicate <eos>,13,délicate,délicat,11,F,P,délicate,-6.4134974,délicat,-9.873798,1
3664,S_NOUN_8_ADJ_a,F,S,la bougie avec les recettes qui était là depuis hier est aussi très pointue <eos>,13,pointue,pointu,11,F,P,pointue,-10.485059,pointu,-12.748936,1
3665,S_NOUN_8_ADJ_a,F,S,la bougie avec les recettes qui était là depuis hier est aussi très ronde <eos>,13,ronde,rond,11,F,P,ronde,-11.973123,rond,-14.737748,1
3666,S_NOUN_8_ADJ_a,F,S,la bougie avec les recettes qui était là depuis hier est aussi très froide <eos>,13,froide,froid,11,F,P,froide,-8.399133,froid,-10.072359,1
3667,S_NOUN_8_ADJ_a,F,S,la bougie avec les recettes qui était là depuis hier est aussi très chaude <eos>,13,chaude,chaud,11,F,P,chaude,-6.076147,chaud,-9.9221325,1
3668,S_NOUN_8_ADJ_a,F,S,la bougie avec les recettes qui était là depuis hier est aussi très importante <eos>,13,importante,important,11,F,P,importante,-3.28339,important,-7.012476,1
3669,S_NOUN_8_ADJ_a,F,S,la bougie avec les recettes qui était là depuis hier est aussi très courte <eos>,13,courte,court,11,F,P,courte,-5.847377,court,-7.943778,1
3670,S_NOUN_8_ADJ_a,F,S,la bougie avec les recettes qui était là depuis hier est aussi très dure <eos>,13,dure,dur,11,F,P,dure,-7.2774496,dur,-8.31852,1
3671,S_NOUN_8_ADJ_a,F,S,la bougie avec les recettes qui était là depuis hier est aussi très claire <eos>,13,claire,clair,11,F,P,claire,-5.9797597,clair,-9.135019,1
3672,S_NOUN_8_ADJ_a,F,S,la bougie avec les recettes qui était là depuis hier est aussi très intéressante <eos>,13,intéressante,intéressant,11,F,P,intéressante,-5.168076,intéressant,-8.673033,1
3673,S_NOUN_8_ADJ_a,F,S,la bougie avec les recettes qui était là depuis hier est aussi très brillante <eos>,13,brillante,brillant,11,F,P,brillante,-7.3184624,brillant,-11.259046,1
3674,S_NOUN_8_ADJ_a,F,S,la bougie avec les recettes qui était là depuis hier est aussi très compliquée <eos>,13,compliquée,compliqué,11,F,P,compliquée,-6.116722,compliqué,-8.390237,1
3675,S_NOUN_8_ADJ_a,F,S,la bougie avec les jupes qui était là depuis hier est aussi très verte <eos>,13,verte,vert,11,F,P,verte,-9.8631935,vert,-12.611947,1
3676,S_NOUN_8_ADJ_a,F,S,la bougie avec les jupes qui était là depuis hier est aussi très bleue <eos>,13,bleue,bleu,11,F,P,bleue,-11.744328,bleu,-12.469107,1
3677,S_NOUN_8_ADJ_a,F,S,la bougie avec les jupes qui était là depuis hier est aussi très noire <eos>,13,noire,noir,11,F,P,noire,-7.561964,noir,-12.099938,1
3678,S_NOUN_8_ADJ_a,F,S,la bougie avec les jupes qui était là depuis hier est aussi très délicate <eos>,13,délicate,délicat,11,F,P,délicate,-6.6450744,délicat,-10.079662,1
3679,S_NOUN_8_ADJ_a,F,S,la bougie avec les jupes qui était là depuis hier est aussi très pointue <eos>,13,pointue,pointu,11,F,P,pointue,-9.268961,pointu,-11.757185,1
3680,S_NOUN_8_ADJ_a,F,S,la bougie avec les jupes qui était là depuis hier est aussi très ronde <eos>,13,ronde,rond,11,F,P,ronde,-10.696331,rond,-13.985741,1
3681,S_NOUN_8_ADJ_a,F,S,la bougie avec les jupes qui était là depuis hier est aussi très froide <eos>,13,froide,froid,11,F,P,froide,-8.301753,froid,-10.571542,1
3682,S_NOUN_8_ADJ_a,F,S,la bougie avec les jupes qui était là depuis hier est aussi très chaude <eos>,13,chaude,chaud,11,F,P,chaude,-6.368576,chaud,-10.418687,1
3683,S_NOUN_8_ADJ_a,F,S,la bougie avec les jupes qui était là depuis hier est aussi très importante <eos>,13,importante,important,11,F,P,importante,-4.4708023,important,-8.211058,1
3684,S_NOUN_8_ADJ_a,F,S,la bougie avec les jupes qui était là depuis hier est aussi très courte <eos>,13,courte,court,11,F,P,courte,-5.011924,court,-7.3629465,1
3685,S_NOUN_8_ADJ_a,F,S,la bougie avec les jupes qui était là depuis hier est aussi très dure <eos>,13,dure,dur,11,F,P,dure,-6.746072,dur,-8.502006,1
3686,S_NOUN_8_ADJ_a,F,S,la bougie avec les jupes qui était là depuis hier est aussi très claire <eos>,13,claire,clair,11,F,P,claire,-5.448881,clair,-8.855366,1
3687,S_NOUN_8_ADJ_a,F,S,la bougie avec les jupes qui était là depuis hier est aussi très intéressante <eos>,13,intéressante,intéressant,11,F,P,intéressante,-5.832608,intéressant,-9.160464,1
3688,S_NOUN_8_ADJ_a,F,S,la bougie avec les jupes qui était là depuis hier est aussi très brillante <eos>,13,brillante,brillant,11,F,P,brillante,-7.161754,brillant,-11.237673,1
3689,S_NOUN_8_ADJ_a,F,S,la bougie avec les jupes qui était là depuis hier est aussi très compliquée <eos>,13,compliquée,compliqué,11,F,P,compliquée,-5.463647,compliqué,-8.0145855,1
3690,S_NOUN_8_ADJ_a,F,S,la bougie avec les colles qui était là depuis hier est aussi très verte <eos>,13,verte,vert,11,F,P,verte,-9.839453,vert,-12.495253,1
3691,S_NOUN_8_ADJ_a,F,S,la bougie avec les colles qui était là depuis hier est aussi très bleue <eos>,13,bleue,bleu,11,F,P,bleue,-12.002617,bleu,-12.730066,1
3692,S_NOUN_8_ADJ_a,F,S,la bougie avec les colles qui était là depuis hier est aussi très noire <eos>,13,noire,noir,11,F,P,noire,-8.829901,noir,-12.8991585,1
3693,S_NOUN_8_ADJ_a,F,S,la bougie avec les colles qui était là depuis hier est aussi très délicate <eos>,13,délicate,délicat,11,F,P,délicate,-5.5446115,délicat,-9.411438,1
3694,S_NOUN_8_ADJ_a,F,S,la bougie avec les colles qui était là depuis hier est aussi très pointue <eos>,13,pointue,pointu,11,F,P,pointue,-9.816248,pointu,-12.858038,1
3695,S_NOUN_8_ADJ_a,F,S,la bougie avec les colles qui était là depuis hier est aussi très ronde <eos>,13,ronde,rond,11,F,P,ronde,-11.334538,rond,-14.602087,1
3696,S_NOUN_8_ADJ_a,F,S,la bougie avec les colles qui était là depuis hier est aussi très froide <eos>,13,froide,froid,11,F,P,froide,-7.1602325,froid,-9.6066675,1
3697,S_NOUN_8_ADJ_a,F,S,la bougie avec les colles qui était là depuis hier est aussi très chaude <eos>,13,chaude,chaud,11,F,P,chaude,-5.2160177,chaud,-9.57606,1
3698,S_NOUN_8_ADJ_a,F,S,la bougie avec les colles qui était là depuis hier est aussi très importante <eos>,13,importante,important,11,F,P,importante,-3.808091,important,-7.757099,1
3699,S_NOUN_8_ADJ_a,F,S,la bougie avec les colles qui était là depuis hier est aussi très courte <eos>,13,courte,court,11,F,P,courte,-6.120709,court,-8.310883,1
3700,S_NOUN_8_ADJ_a,F,S,la bougie avec les colles qui était là depuis hier est aussi très dure <eos>,13,dure,dur,11,F,P,dure,-6.592945,dur,-7.6879034,1
3701,S_NOUN_8_ADJ_a,F,S,la bougie avec les colles qui était là depuis hier est aussi très claire <eos>,13,claire,clair,11,F,P,claire,-5.508663,clair,-8.85902,1
3702,S_NOUN_8_ADJ_a,F,S,la bougie avec les colles qui était là depuis hier est aussi très intéressante <eos>,13,intéressante,intéressant,11,F,P,intéressante,-5.4060054,intéressant,-8.778755,1
3703,S_NOUN_8_ADJ_a,F,S,la bougie avec les colles qui était là depuis hier est aussi très brillante <eos>,13,brillante,brillant,11,F,P,brillante,-6.80628,brillant,-10.656623,1
3704,S_NOUN_8_ADJ_a,F,S,la bougie avec les colles qui était là depuis hier est aussi très compliquée <eos>,13,compliquée,compliqué,11,F,P,compliquée,-5.167398,compliqué,-7.9341006,1
3705,S_NOUN_8_ADJ_a,F,S,la bougie avec les lampes qui était là depuis hier est aussi très verte <eos>,13,verte,vert,11,F,P,verte,-9.208808,vert,-11.999952,1
3706,S_NOUN_8_ADJ_a,F,S,la bougie avec les lampes qui était là depuis hier est aussi très bleue <eos>,13,bleue,bleu,11,F,P,bleue,-11.507254,bleu,-12.258953,1
3707,S_NOUN_8_ADJ_a,F,S,la bougie avec les lampes qui était là depuis hier est aussi très noire <eos>,13,noire,noir,11,F,P,noire,-7.86195,noir,-12.010756,1
3708,S_NOUN_8_ADJ_a,F,S,la bougie avec les lampes qui était là depuis hier est aussi très délicate <eos>,13,délicate,délicat,11,F,P,délicate,-5.967416,délicat,-9.88641,1
3709,S_NOUN_8_ADJ_a,F,S,la bougie avec les lampes qui était là depuis hier est aussi très pointue <eos>,13,pointue,pointu,11,F,P,pointue,-9.547061,pointu,-12.383031,1
3710,S_NOUN_8_ADJ_a,F,S,la bougie avec les lampes qui était là depuis hier est aussi très ronde <eos>,13,ronde,rond,11,F,P,ronde,-10.985508,rond,-14.481458,1
3711,S_NOUN_8_ADJ_a,F,S,la bougie avec les lampes qui était là depuis hier est aussi très froide <eos>,13,froide,froid,11,F,P,froide,-7.630617,froid,-9.794201,1
3712,S_NOUN_8_ADJ_a,F,S,la bougie avec les lampes qui était là depuis hier est aussi très chaude <eos>,13,chaude,chaud,11,F,P,chaude,-5.3575716,chaud,-9.379548,1
3713,S_NOUN_8_ADJ_a,F,S,la bougie avec les lampes qui était là depuis hier est aussi très importante <eos>,13,importante,important,11,F,P,importante,-4.1916924,important,-8.082416,1
3714,S_NOUN_8_ADJ_a,F,S,la bougie avec les lampes qui était là depuis hier est aussi très courte <eos>,13,courte,court,11,F,P,courte,-5.361744,court,-7.671157,1
3715,S_NOUN_8_ADJ_a,F,S,la bougie avec les lampes qui était là depuis hier est aussi très dure <eos>,13,dure,dur,11,F,P,dure,-6.4660263,dur,-8.282824,1
3716,S_NOUN_8_ADJ_a,F,S,la bougie avec les lampes qui était là depuis hier est aussi très claire <eos>,13,claire,clair,11,F,P,claire,-5.5142317,clair,-8.972838,1
3717,S_NOUN_8_ADJ_a,F,S,la bougie avec les lampes qui était là depuis hier est aussi très intéressante <eos>,13,intéressante,intéressant,11,F,P,intéressante,-5.550207,intéressant,-8.898734,1
3718,S_NOUN_8_ADJ_a,F,S,la bougie avec les lampes qui était là depuis hier est aussi très brillante <eos>,13,brillante,brillant,11,F,P,brillante,-6.32614,brillant,-10.618643,1
3719,S_NOUN_8_ADJ_a,F,S,la bougie avec les lampes qui était là depuis hier est aussi très compliquée <eos>,13,compliquée,compliqué,11,F,P,compliquée,-5.235962,compliqué,-7.979871,1
3720,S_NOUN_8_ADJ_a,F,S,la bougie avec les bouteilles qui était là depuis hier est aussi très verte <eos>,13,verte,vert,11,F,P,verte,-9.586905,vert,-11.917969,1
3721,S_NOUN_8_ADJ_a,F,S,la bougie avec les bouteilles qui était là depuis hier est aussi très bleue <eos>,13,bleue,bleu,11,F,P,bleue,-11.954741,bleu,-12.442205,1
3722,S_NOUN_8_ADJ_a,F,S,la bougie avec les bouteilles qui était là depuis hier est aussi très noire <eos>,13,noire,noir,11,F,P,noire,-8.132898,noir,-11.866577,1
3723,S_NOUN_8_ADJ_a,F,S,la bougie avec les bouteilles qui était là depuis hier est aussi très délicate <eos>,13,délicate,délicat,11,F,P,délicate,-5.795901,délicat,-9.550686,1
3724,S_NOUN_8_ADJ_a,F,S,la bougie avec les bouteilles qui était là depuis hier est aussi très pointue <eos>,13,pointue,pointu,11,F,P,pointue,-9.820935,pointu,-12.352592,1
3725,S_NOUN_8_ADJ_a,F,S,la bougie avec les bouteilles qui était là depuis hier est aussi très ronde <eos>,13,ronde,rond,11,F,P,ronde,-10.762977,rond,-13.889559,1
3726,S_NOUN_8_ADJ_a,F,S,la bougie avec les bouteilles qui était là depuis hier est aussi très froide <eos>,13,froide,froid,11,F,P,froide,-7.6055784,froid,-9.466311,1
3727,S_NOUN_8_ADJ_a,F,S,la bougie avec les bouteilles qui était là depuis hier est aussi très chaude <eos>,13,chaude,chaud,11,F,P,chaude,-5.2802362,chaud,-9.172974,1
3728,S_NOUN_8_ADJ_a,F,S,la bougie avec les bouteilles qui était là depuis hier est aussi très importante <eos>,13,importante,important,11,F,P,importante,-3.7609076,important,-7.4655232,1
3729,S_NOUN_8_ADJ_a,F,S,la bougie avec les bouteilles qui était là depuis hier est aussi très courte <eos>,13,courte,court,11,F,P,courte,-5.751429,court,-7.863834,1
3730,S_NOUN_8_ADJ_a,F,S,la bougie avec les bouteilles qui était là depuis hier est aussi très dure <eos>,13,dure,dur,11,F,P,dure,-6.564127,dur,-8.006881,1
3731,S_NOUN_8_ADJ_a,F,S,la bougie avec les bouteilles qui était là depuis hier est aussi très claire <eos>,13,claire,clair,11,F,P,claire,-5.3415623,clair,-8.7052145,1
3732,S_NOUN_8_ADJ_a,F,S,la bougie avec les bouteilles qui était là depuis hier est aussi très intéressante <eos>,13,intéressante,intéressant,11,F,P,intéressante,-5.3097773,intéressant,-8.473,1
3733,S_NOUN_8_ADJ_a,F,S,la bougie avec les bouteilles qui était là depuis hier est aussi très brillante <eos>,13,brillante,brillant,11,F,P,brillante,-6.801246,brillant,-10.467012,1
3734,S_NOUN_8_ADJ_a,F,S,la bougie avec les bouteilles qui était là depuis hier est aussi très compliquée <eos>,13,compliquée,compliqué,11,F,P,compliquée,-5.6959324,compliqué,-8.031932,1
3735,S_NOUN_8_ADJ_a,F,S,la bougie avec les boissons qui était là depuis hier est aussi très verte <eos>,13,verte,vert,11,F,P,verte,-9.613496,vert,-12.244681,1
3736,S_NOUN_8_ADJ_a,F,S,la bougie avec les boissons qui était là depuis hier est aussi très bleue <eos>,13,bleue,bleu,11,F,P,bleue,-11.857731,bleu,-12.696818,1
3737,S_NOUN_8_ADJ_a,F,S,la bougie avec les boissons qui était là depuis hier est aussi très noire <eos>,13,noire,noir,11,F,P,noire,-8.414939,noir,-12.511818,1
3738,S_NOUN_8_ADJ_a,F,S,la bougie avec les boissons qui était là depuis hier est aussi très délicate <eos>,13,délicate,délicat,11,F,P,délicate,-5.9656744,délicat,-9.56988,1
3739,S_NOUN_8_ADJ_a,F,S,la bougie avec les boissons qui était là depuis hier est aussi très pointue <eos>,13,pointue,pointu,11,F,P,pointue,-10.592928,pointu,-12.5300865,1
3740,S_NOUN_8_ADJ_a,F,S,la bougie avec les boissons qui était là depuis hier est aussi très ronde <eos>,13,ronde,rond,11,F,P,ronde,-11.572617,rond,-14.610316,1
3741,S_NOUN_8_ADJ_a,F,S,la bougie avec les boissons qui était là depuis hier est aussi très froide <eos>,13,froide,froid,11,F,P,froide,-7.0663986,froid,-9.11634,1
3742,S_NOUN_8_ADJ_a,F,S,la bougie avec les boissons qui était là depuis hier est aussi très chaude <eos>,13,chaude,chaud,11,F,P,chaude,-5.2119846,chaud,-9.058296,1
3743,S_NOUN_8_ADJ_a,F,S,la bougie avec les boissons qui était là depuis hier est aussi très importante <eos>,13,importante,important,11,F,P,importante,-3.6895213,important,-7.5345407,1
3744,S_NOUN_8_ADJ_a,F,S,la bougie avec les boissons qui était là depuis hier est aussi très courte <eos>,13,courte,court,11,F,P,courte,-6.122312,court,-8.412699,1
3745,S_NOUN_8_ADJ_a,F,S,la bougie avec les boissons qui était là depuis hier est aussi très dure <eos>,13,dure,dur,11,F,P,dure,-6.3604956,dur,-8.204832,1
3746,S_NOUN_8_ADJ_a,F,S,la bougie avec les boissons qui était là depuis hier est aussi très claire <eos>,13,claire,clair,11,F,P,claire,-5.2486343,clair,-8.39461,1
3747,S_NOUN_8_ADJ_a,F,S,la bougie avec les boissons qui était là depuis hier est aussi très intéressante <eos>,13,intéressante,intéressant,11,F,P,intéressante,-5.815335,intéressant,-8.867432,1
3748,S_NOUN_8_ADJ_a,F,S,la bougie avec les boissons qui était là depuis hier est aussi très brillante <eos>,13,brillante,brillant,11,F,P,brillante,-7.381177,brillant,-11.022284,1
3749,S_NOUN_8_ADJ_a,F,S,la bougie avec les boissons qui était là depuis hier est aussi très compliquée <eos>,13,compliquée,compliqué,11,F,P,compliquée,-6.134298,compliqué,-8.635838,1
3750,S_NOUN_8_ADJ_a,F,S,la bougie avec les pommes qui était là depuis hier est aussi très verte <eos>,13,verte,vert,11,F,P,verte,-9.408735,vert,-12.185709,1
3751,S_NOUN_8_ADJ_a,F,S,la bougie avec les pommes qui était là depuis hier est aussi très bleue <eos>,13,bleue,bleu,11,F,P,bleue,-11.616639,bleu,-12.544746,1
3752,S_NOUN_8_ADJ_a,F,S,la bougie avec les pommes qui était là depuis hier est aussi très noire <eos>,13,noire,noir,11,F,P,noire,-7.959878,noir,-12.250748,1
3753,S_NOUN_8_ADJ_a,F,S,la bougie avec les pommes qui était là depuis hier est aussi très délicate <eos>,13,délicate,délicat,11,F,P,délicate,-5.8682766,délicat,-9.339636,1
3754,S_NOUN_8_ADJ_a,F,S,la bougie avec les pommes qui était là depuis hier est aussi très pointue <eos>,13,pointue,pointu,11,F,P,pointue,-9.661936,pointu,-12.084533,1
3755,S_NOUN_8_ADJ_a,F,S,la bougie avec les pommes qui était là depuis hier est aussi très ronde <eos>,13,ronde,rond,11,F,P,ronde,-10.800713,rond,-14.250618,1
3756,S_NOUN_8_ADJ_a,F,S,la bougie avec les pommes qui était là depuis hier est aussi très froide <eos>,13,froide,froid,11,F,P,froide,-7.1448517,froid,-9.091643,1
3757,S_NOUN_8_ADJ_a,F,S,la bougie avec les pommes qui était là depuis hier est aussi très chaude <eos>,13,chaude,chaud,11,F,P,chaude,-5.1649427,chaud,-9.35898,1
3758,S_NOUN_8_ADJ_a,F,S,la bougie avec les pommes qui était là depuis hier est aussi très importante <eos>,13,importante,important,11,F,P,importante,-3.7523756,important,-7.874793,1
3759,S_NOUN_8_ADJ_a,F,S,la bougie avec les pommes qui était là depuis hier est aussi très courte <eos>,13,courte,court,11,F,P,courte,-5.640955,court,-8.096443,1
3760,S_NOUN_8_ADJ_a,F,S,la bougie avec les pommes qui était là depuis hier est aussi très dure <eos>,13,dure,dur,11,F,P,dure,-5.7822924,dur,-7.7752285,1
3761,S_NOUN_8_ADJ_a,F,S,la bougie avec les pommes qui était là depuis hier est aussi très claire <eos>,13,claire,clair,11,F,P,claire,-4.942422,clair,-8.444116,1
3762,S_NOUN_8_ADJ_a,F,S,la bougie avec les pommes qui était là depuis hier est aussi très intéressante <eos>,13,intéressante,intéressant,11,F,P,intéressante,-5.7235384,intéressant,-9.088518,1
3763,S_NOUN_8_ADJ_a,F,S,la bougie avec les pommes qui était là depuis hier est aussi très brillante <eos>,13,brillante,brillant,11,F,P,brillante,-6.781683,brillant,-10.895765,1
3764,S_NOUN_8_ADJ_a,F,S,la bougie avec les pommes qui était là depuis hier est aussi très compliquée <eos>,13,compliquée,compliqué,11,F,P,compliquée,-5.915934,compliqué,-8.697372,1
3765,S_NOUN_8_ADJ_a,F,S,la bougie avec les tasses qui était là depuis hier est aussi très verte <eos>,13,verte,vert,11,F,P,verte,-9.814759,vert,-12.122795,1
3766,S_NOUN_8_ADJ_a,F,S,la bougie avec les tasses qui était là depuis hier est aussi très bleue <eos>,13,bleue,bleu,11,F,P,bleue,-11.991158,bleu,-12.434724,1
3767,S_NOUN_8_ADJ_a,F,S,la bougie avec les tasses qui était là depuis hier est aussi très noire <eos>,13,noire,noir,11,F,P,noire,-8.205069,noir,-12.475389,1
3768,S_NOUN_8_ADJ_a,F,S,la bougie avec les tasses qui était là depuis hier est aussi très délicate <eos>,13,délicate,délicat,11,F,P,délicate,-5.978085,délicat,-9.495552,1
3769,S_NOUN_8_ADJ_a,F,S,la bougie avec les tasses qui était là depuis hier est aussi très pointue <eos>,13,pointue,pointu,11,F,P,pointue,-9.591611,pointu,-12.323553,1
3770,S_NOUN_8_ADJ_a,F,S,la bougie avec les tasses qui était là depuis hier est aussi très ronde <eos>,13,ronde,rond,11,F,P,ronde,-10.411063,rond,-13.8996105,1
3771,S_NOUN_8_ADJ_a,F,S,la bougie avec les tasses qui était là depuis hier est aussi très froide <eos>,13,froide,froid,11,F,P,froide,-7.280424,froid,-9.650173,1
3772,S_NOUN_8_ADJ_a,F,S,la bougie avec les tasses qui était là depuis hier est aussi très chaude <eos>,13,chaude,chaud,11,F,P,chaude,-5.1321144,chaud,-9.515486,1
3773,S_NOUN_8_ADJ_a,F,S,la bougie avec les tasses qui était là depuis hier est aussi très importante <eos>,13,importante,important,11,F,P,importante,-3.820744,important,-7.644565,1
3774,S_NOUN_8_ADJ_a,F,S,la bougie avec les tasses qui était là depuis hier est aussi très courte <eos>,13,courte,court,11,F,P,courte,-5.4592795,court,-7.7388196,1
3775,S_NOUN_8_ADJ_a,F,S,la bougie avec les tasses qui était là depuis hier est aussi très dure <eos>,13,dure,dur,11,F,P,dure,-6.3366957,dur,-7.985733,1
3776,S_NOUN_8_ADJ_a,F,S,la bougie avec les tasses qui était là depuis hier est aussi très claire <eos>,13,claire,clair,11,F,P,claire,-5.362485,clair,-8.751211,1
3777,S_NOUN_8_ADJ_a,F,S,la bougie avec les tasses qui était là depuis hier est aussi très intéressante <eos>,13,intéressante,intéressant,11,F,P,intéressante,-5.3242006,intéressant,-8.767022,1
3778,S_NOUN_8_ADJ_a,F,S,la bougie avec les tasses qui était là depuis hier est aussi très brillante <eos>,13,brillante,brillant,11,F,P,brillante,-6.5140886,brillant,-10.609938,1
3779,S_NOUN_8_ADJ_a,F,S,la bougie avec les tasses qui était là depuis hier est aussi très compliquée <eos>,13,compliquée,compliqué,11,F,P,compliquée,-5.7466507,compliqué,-8.2247305,1
3780,S_NOUN_8_ADJ_a,F,S,la bougie avec les bougies qui était là depuis hier est aussi très verte <eos>,13,verte,vert,11,F,P,verte,-9.338023,vert,-11.824462,1
3781,S_NOUN_8_ADJ_a,F,S,la bougie avec les bougies qui était là depuis hier est aussi très bleue <eos>,13,bleue,bleu,11,F,P,bleue,-11.40601,bleu,-11.965309,1
3782,S_NOUN_8_ADJ_a,F,S,la bougie avec les bougies qui était là depuis hier est aussi très noire <eos>,13,noire,noir,11,F,P,noire,-7.630789,noir,-11.766303,1
3783,S_NOUN_8_ADJ_a,F,S,la bougie avec les bougies qui était là depuis hier est aussi très délicate <eos>,13,délicate,délicat,11,F,P,délicate,-6.2525334,délicat,-9.643232,1
3784,S_NOUN_8_ADJ_a,F,S,la bougie avec les bougies qui était là depuis hier est aussi très pointue <eos>,13,pointue,pointu,11,F,P,pointue,-9.945692,pointu,-12.63946,1
3785,S_NOUN_8_ADJ_a,F,S,la bougie avec les bougies qui était là depuis hier est aussi très ronde <eos>,13,ronde,rond,11,F,P,ronde,-10.750832,rond,-14.197496,1
3786,S_NOUN_8_ADJ_a,F,S,la bougie avec les bougies qui était là depuis hier est aussi très froide <eos>,13,froide,froid,11,F,P,froide,-7.237731,froid,-9.465727,1
3787,S_NOUN_8_ADJ_a,F,S,la bougie avec les bougies qui était là depuis hier est aussi très chaude <eos>,13,chaude,chaud,11,F,P,chaude,-5.182029,chaud,-9.578352,1
3788,S_NOUN_8_ADJ_a,F,S,la bougie avec les bougies qui était là depuis hier est aussi très importante <eos>,13,importante,important,11,F,P,importante,-4.1274548,important,-8.01705,1
3789,S_NOUN_8_ADJ_a,F,S,la bougie avec les bougies qui était là depuis hier est aussi très courte <eos>,13,courte,court,11,F,P,courte,-5.249483,court,-7.539241,1
3790,S_NOUN_8_ADJ_a,F,S,la bougie avec les bougies qui était là depuis hier est aussi très dure <eos>,13,dure,dur,11,F,P,dure,-6.331828,dur,-8.339479,1
3791,S_NOUN_8_ADJ_a,F,S,la bougie avec les bougies qui était là depuis hier est aussi très claire <eos>,13,claire,clair,11,F,P,claire,-5.0396547,clair,-8.484225,1
3792,S_NOUN_8_ADJ_a,F,S,la bougie avec les bougies qui était là depuis hier est aussi très intéressante <eos>,13,intéressante,intéressant,11,F,P,intéressante,-5.625123,intéressant,-9.024033,1
3793,S_NOUN_8_ADJ_a,F,S,la bougie avec les bougies qui était là depuis hier est aussi très brillante <eos>,13,brillante,brillant,11,F,P,brillante,-6.407321,brillant,-10.717546,1
3794,S_NOUN_8_ADJ_a,F,S,la bougie avec les bougies qui était là depuis hier est aussi très compliquée <eos>,13,compliquée,compliqué,11,F,P,compliquée,-6.1147995,compliqué,-8.502233,1
3795,S_NOUN_8_ADJ_a,F,S,la bougie avec les pochettes qui était là depuis hier est aussi très verte <eos>,13,verte,vert,11,F,P,verte,-10.0382185,vert,-12.829156,1
3796,S_NOUN_8_ADJ_a,F,S,la bougie avec les pochettes qui était là depuis hier est aussi très bleue <eos>,13,bleue,bleu,11,F,P,bleue,-12.072588,bleu,-12.604977,1
3797,S_NOUN_8_ADJ_a,F,S,la bougie avec les pochettes qui était là depuis hier est aussi très noire <eos>,13,noire,noir,11,F,P,noire,-8.698493,noir,-12.373634,1
3798,S_NOUN_8_ADJ_a,F,S,la bougie avec les pochettes qui était là depuis hier est aussi très délicate <eos>,13,délicate,délicat,11,F,P,délicate,-7.121524,délicat,-10.6692095,1
3799,S_NOUN_8_ADJ_a,F,S,la bougie avec les pochettes qui était là depuis hier est aussi très pointue <eos>,13,pointue,pointu,11,F,P,pointue,-10.310238,pointu,-11.797339,1
3800,S_NOUN_8_ADJ_a,F,S,la bougie avec les pochettes qui était là depuis hier est aussi très ronde <eos>,13,ronde,rond,11,F,P,ronde,-11.970768,rond,-15.183452,1
3801,S_NOUN_8_ADJ_a,F,S,la bougie avec les pochettes qui était là depuis hier est aussi très froide <eos>,13,froide,froid,11,F,P,froide,-9.742686,froid,-10.195044,1
3802,S_NOUN_8_ADJ_a,F,S,la bougie avec les pochettes qui était là depuis hier est aussi très chaude <eos>,13,chaude,chaud,11,F,P,chaude,-6.706908,chaud,-10.916417,1
3803,S_NOUN_8_ADJ_a,F,S,la bougie avec les pochettes qui était là depuis hier est aussi très importante <eos>,13,importante,important,11,F,P,importante,-3.5894852,important,-7.383684,1
3804,S_NOUN_8_ADJ_a,F,S,la bougie avec les pochettes qui était là depuis hier est aussi très courte <eos>,13,courte,court,11,F,P,courte,-5.2638273,court,-7.798032,1
3805,S_NOUN_8_ADJ_a,F,S,la bougie avec les pochettes qui était là depuis hier est aussi très dure <eos>,13,dure,dur,11,F,P,dure,-6.226882,dur,-7.9628,1
3806,S_NOUN_8_ADJ_a,F,S,la bougie avec les pochettes qui était là depuis hier est aussi très claire <eos>,13,claire,clair,11,F,P,claire,-5.392207,clair,-8.814198,1
3807,S_NOUN_8_ADJ_a,F,S,la bougie avec les pochettes qui était là depuis hier est aussi très intéressante <eos>,13,intéressante,intéressant,11,F,P,intéressante,-5.6127453,intéressant,-8.682978,1
3808,S_NOUN_8_ADJ_a,F,S,la bougie avec les pochettes qui était là depuis hier est aussi très brillante <eos>,13,brillante,brillant,11,F,P,brillante,-6.268278,brillant,-10.902713,1
3809,S_NOUN_8_ADJ_a,F,S,la bougie avec les pochettes qui était là depuis hier est aussi très compliquée <eos>,13,compliquée,compliqué,11,F,P,compliquée,-5.826933,compliqué,-9.07832,1
3810,S_NOUN_8_ADJ_a,F,S,la bougie avec les bananes qui était là depuis hier est aussi très verte <eos>,13,verte,vert,11,F,P,verte,-9.064452,vert,-12.316113,1
3811,S_NOUN_8_ADJ_a,F,S,la bougie avec les bananes qui était là depuis hier est aussi très bleue <eos>,13,bleue,bleu,11,F,P,bleue,-11.622021,bleu,-12.686535,1
3812,S_NOUN_8_ADJ_a,F,S,la bougie avec les bananes qui était là depuis hier est aussi très noire <eos>,13,noire,noir,11,F,P,noire,-8.054875,noir,-12.379424,1
3813,S_NOUN_8_ADJ_a,F,S,la bougie avec les bananes qui était là depuis hier est aussi très délicate <eos>,13,délicate,délicat,11,F,P,délicate,-6.337903,délicat,-9.76547,1
3814,S_NOUN_8_ADJ_a,F,S,la bougie avec les bananes qui était là depuis hier est aussi très pointue <eos>,13,pointue,pointu,11,F,P,pointue,-9.764042,pointu,-11.950237,1
3815,S_NOUN_8_ADJ_a,F,S,la bougie avec les bananes qui était là depuis hier est aussi très ronde <eos>,13,ronde,rond,11,F,P,ronde,-10.807174,rond,-14.3035345,1
3816,S_NOUN_8_ADJ_a,F,S,la bougie avec les bananes qui était là depuis hier est aussi très froide <eos>,13,froide,froid,11,F,P,froide,-7.678747,froid,-9.713708,1
3817,S_NOUN_8_ADJ_a,F,S,la bougie avec les bananes qui était là depuis hier est aussi très chaude <eos>,13,chaude,chaud,11,F,P,chaude,-5.662422,chaud,-9.486635,1
3818,S_NOUN_8_ADJ_a,F,S,la bougie avec les bananes qui était là depuis hier est aussi très importante <eos>,13,importante,important,11,F,P,importante,-3.8653657,important,-7.854637,1
3819,S_NOUN_8_ADJ_a,F,S,la bougie avec les bananes qui était là depuis hier est aussi très courte <eos>,13,courte,court,11,F,P,courte,-5.8022437,court,-7.8465,1
3820,S_NOUN_8_ADJ_a,F,S,la bougie avec les bananes qui était là depuis hier est aussi très dure <eos>,13,dure,dur,11,F,P,dure,-6.158174,dur,-7.8125997,1
3821,S_NOUN_8_ADJ_a,F,S,la bougie avec les bananes qui était là depuis hier est aussi très claire <eos>,13,claire,clair,11,F,P,claire,-5.2979198,clair,-8.797892,1
3822,S_NOUN_8_ADJ_a,F,S,la bougie avec les bananes qui était là depuis hier est aussi très intéressante <eos>,13,intéressante,intéressant,11,F,P,intéressante,-5.684573,intéressant,-9.053281,1
3823,S_NOUN_8_ADJ_a,F,S,la bougie avec les bananes qui était là depuis hier est aussi très brillante <eos>,13,brillante,brillant,11,F,P,brillante,-7.085387,brillant,-11.020967,1
3824,S_NOUN_8_ADJ_a,F,S,la bougie avec les bananes qui était là depuis hier est aussi très compliquée <eos>,13,compliquée,compliqué,11,F,P,compliquée,-6.090234,compliqué,-8.370638,1
3825,S_NOUN_8_ADJ_a,F,S,la bougie avec les robes qui était là depuis hier est aussi très verte <eos>,13,verte,vert,11,F,P,verte,-9.503968,vert,-12.328239,1
3826,S_NOUN_8_ADJ_a,F,S,la bougie avec les robes qui était là depuis hier est aussi très bleue <eos>,13,bleue,bleu,11,F,P,bleue,-11.219135,bleu,-12.182684,1
3827,S_NOUN_8_ADJ_a,F,S,la bougie avec les robes qui était là depuis hier est aussi très noire <eos>,13,noire,noir,11,F,P,noire,-7.567861,noir,-11.972755,1
3828,S_NOUN_8_ADJ_a,F,S,la bougie avec les robes qui était là depuis hier est aussi très délicate <eos>,13,délicate,délicat,11,F,P,délicate,-6.9305677,délicat,-10.361608,1
3829,S_NOUN_8_ADJ_a,F,S,la bougie avec les robes qui était là depuis hier est aussi très pointue <eos>,13,pointue,pointu,11,F,P,pointue,-10.46649,pointu,-12.396638,1
3830,S_NOUN_8_ADJ_a,F,S,la bougie avec les robes qui était là depuis hier est aussi très ronde <eos>,13,ronde,rond,11,F,P,ronde,-11.512509,rond,-14.61831,1
3831,S_NOUN_8_ADJ_a,F,S,la bougie avec les robes qui était là depuis hier est aussi très froide <eos>,13,froide,froid,11,F,P,froide,-8.030396,froid,-10.158153,1
3832,S_NOUN_8_ADJ_a,F,S,la bougie avec les robes qui était là depuis hier est aussi très chaude <eos>,13,chaude,chaud,11,F,P,chaude,-6.1337337,chaud,-10.124694,1
3833,S_NOUN_8_ADJ_a,F,S,la bougie avec les robes qui était là depuis hier est aussi très importante <eos>,13,importante,important,11,F,P,importante,-4.2835317,important,-8.077717,1
3834,S_NOUN_8_ADJ_a,F,S,la bougie avec les robes qui était là depuis hier est aussi très courte <eos>,13,courte,court,11,F,P,courte,-5.4499016,court,-7.765768,1
3835,S_NOUN_8_ADJ_a,F,S,la bougie avec les robes qui était là depuis hier est aussi très dure <eos>,13,dure,dur,11,F,P,dure,-6.8095937,dur,-9.10594,1
3836,S_NOUN_8_ADJ_a,F,S,la bougie avec les robes qui était là depuis hier est aussi très claire <eos>,13,claire,clair,11,F,P,claire,-5.3969684,clair,-8.574209,1
3837,S_NOUN_8_ADJ_a,F,S,la bougie avec les robes qui était là depuis hier est aussi très intéressante <eos>,13,intéressante,intéressant,11,F,P,intéressante,-5.914995,intéressant,-9.123728,1
3838,S_NOUN_8_ADJ_a,F,S,la bougie avec les robes qui était là depuis hier est aussi très brillante <eos>,13,brillante,brillant,11,F,P,brillante,-7.019414,brillant,-11.344677,1
3839,S_NOUN_8_ADJ_a,F,S,la bougie avec les robes qui était là depuis hier est aussi très compliquée <eos>,13,compliquée,compliqué,11,F,P,compliquée,-6.3972774,compliqué,-8.772614,1
3840,S_NOUN_8_ADJ_a,F,S,la bougie avec les valises qui était là depuis hier est aussi très verte <eos>,13,verte,vert,11,F,P,verte,-9.95244,vert,-12.735118,1
3841,S_NOUN_8_ADJ_a,F,S,la bougie avec les valises qui était là depuis hier est aussi très bleue <eos>,13,bleue,bleu,11,F,P,bleue,-12.247689,bleu,-12.77381,1
3842,S_NOUN_8_ADJ_a,F,S,la bougie avec les valises qui était là depuis hier est aussi très noire <eos>,13,noire,noir,11,F,P,noire,-8.306162,noir,-12.499747,1
3843,S_NOUN_8_ADJ_a,F,S,la bougie avec les valises qui était là depuis hier est aussi très délicate <eos>,13,délicate,délicat,11,F,P,délicate,-6.1258507,délicat,-10.002957,1
3844,S_NOUN_8_ADJ_a,F,S,la bougie avec les valises qui était là depuis hier est aussi très pointue <eos>,13,pointue,pointu,11,F,P,pointue,-9.822964,pointu,-12.403146,1
3845,S_NOUN_8_ADJ_a,F,S,la bougie avec les valises qui était là depuis hier est aussi très ronde <eos>,13,ronde,rond,11,F,P,ronde,-10.87529,rond,-14.494847,1
3846,S_NOUN_8_ADJ_a,F,S,la bougie avec les valises qui était là depuis hier est aussi très froide <eos>,13,froide,froid,11,F,P,froide,-7.812086,froid,-9.764646,1
3847,S_NOUN_8_ADJ_a,F,S,la bougie avec les valises qui était là depuis hier est aussi très chaude <eos>,13,chaude,chaud,11,F,P,chaude,-5.5571723,chaud,-9.626532,1
3848,S_NOUN_8_ADJ_a,F,S,la bougie avec les valises qui était là depuis hier est aussi très importante <eos>,13,importante,important,11,F,P,importante,-3.672398,important,-7.5264106,1
3849,S_NOUN_8_ADJ_a,F,S,la bougie avec les valises qui était là depuis hier est aussi très courte <eos>,13,courte,court,11,F,P,courte,-5.521484,court,-7.78184,1
3850,S_NOUN_8_ADJ_a,F,S,la bougie avec les valises qui était là depuis hier est aussi très dure <eos>,13,dure,dur,11,F,P,dure,-6.550517,dur,-8.085469,1
3851,S_NOUN_8_ADJ_a,F,S,la bougie avec les valises qui était là depuis hier est aussi très claire <eos>,13,claire,clair,11,F,P,claire,-5.569244,clair,-9.217985,1
3852,S_NOUN_8_ADJ_a,F,S,la bougie avec les valises qui était là depuis hier est aussi très intéressante <eos>,13,intéressante,intéressant,11,F,P,intéressante,-5.1890526,intéressant,-8.593461,1
3853,S_NOUN_8_ADJ_a,F,S,la bougie avec les valises qui était là depuis hier est aussi très brillante <eos>,13,brillante,brillant,11,F,P,brillante,-7.038934,brillant,-11.100151,1
3854,S_NOUN_8_ADJ_a,F,S,la bougie avec les valises qui était là depuis hier est aussi très compliquée <eos>,13,compliquée,compliqué,11,F,P,compliquée,-5.44092,compliqué,-7.9510574,1
3855,S_NOUN_8_ADJ_a,F,S,la bougie avec les pendules qui était là depuis hier est aussi très verte <eos>,13,verte,vert,11,F,P,verte,-9.378788,vert,-12.18013,1
3856,S_NOUN_8_ADJ_a,F,S,la bougie avec les pendules qui était là depuis hier est aussi très bleue <eos>,13,bleue,bleu,11,F,P,bleue,-11.625696,bleu,-12.298194,1
3857,S_NOUN_8_ADJ_a,F,S,la bougie avec les pendules qui était là depuis hier est aussi très noire <eos>,13,noire,noir,11,F,P,noire,-7.9161825,noir,-12.068666,1
3858,S_NOUN_8_ADJ_a,F,S,la bougie avec les pendules qui était là depuis hier est aussi très délicate <eos>,13,délicate,délicat,11,F,P,délicate,-5.9426394,délicat,-9.860435,1
3859,S_NOUN_8_ADJ_a,F,S,la bougie avec les pendules qui était là depuis hier est aussi très pointue <eos>,13,pointue,pointu,11,F,P,pointue,-9.654948,pointu,-12.488343,1
3860,S_NOUN_8_ADJ_a,F,S,la bougie avec les pendules qui était là depuis hier est aussi très ronde <eos>,13,ronde,rond,11,F,P,ronde,-11.162833,rond,-14.643406,1
3861,S_NOUN_8_ADJ_a,F,S,la bougie avec les pendules qui était là depuis hier est aussi très froide <eos>,13,froide,froid,11,F,P,froide,-8.001058,froid,-9.9564,1
3862,S_NOUN_8_ADJ_a,F,S,la bougie avec les pendules qui était là depuis hier est aussi très chaude <eos>,13,chaude,chaud,11,F,P,chaude,-5.7980795,chaud,-9.743741,1
3863,S_NOUN_8_ADJ_a,F,S,la bougie avec les pendules qui était là depuis hier est aussi très importante <eos>,13,importante,important,11,F,P,importante,-4.255292,important,-8.118005,1
3864,S_NOUN_8_ADJ_a,F,S,la bougie avec les pendules qui était là depuis hier est aussi très courte <eos>,13,courte,court,11,F,P,courte,-5.3655024,court,-7.852931,1
3865,S_NOUN_8_ADJ_a,F,S,la bougie avec les pendules qui était là depuis hier est aussi très dure <eos>,13,dure,dur,11,F,P,dure,-6.540878,dur,-8.498604,1
3866,S_NOUN_8_ADJ_a,F,S,la bougie avec les pendules qui était là depuis hier est aussi très claire <eos>,13,claire,clair,11,F,P,claire,-5.354953,clair,-8.831799,1
3867,S_NOUN_8_ADJ_a,F,S,la bougie avec les pendules qui était là depuis hier est aussi très intéressante <eos>,13,intéressante,intéressant,11,F,P,intéressante,-5.6613646,intéressant,-8.942256,1
3868,S_NOUN_8_ADJ_a,F,S,la bougie avec les pendules qui était là depuis hier est aussi très brillante <eos>,13,brillante,brillant,11,F,P,brillante,-6.9087753,brillant,-10.904764,1
3869,S_NOUN_8_ADJ_a,F,S,la bougie avec les pendules qui était là depuis hier est aussi très compliquée <eos>,13,compliquée,compliqué,11,F,P,compliquée,-5.178545,compliqué,-7.810053,1
3870,S_NOUN_8_ADJ_a,F,S,la bougie avec les cloches qui était là depuis hier est aussi très verte <eos>,13,verte,vert,11,F,P,verte,-9.6299095,vert,-12.110294,1
3871,S_NOUN_8_ADJ_a,F,S,la bougie avec les cloches qui était là depuis hier est aussi très bleue <eos>,13,bleue,bleu,11,F,P,bleue,-11.618624,bleu,-12.464964,1
3872,S_NOUN_8_ADJ_a,F,S,la bougie avec les cloches qui était là depuis hier est aussi très noire <eos>,13,noire,noir,11,F,P,noire,-7.8856106,noir,-12.5337515,1
3873,S_NOUN_8_ADJ_a,F,S,la bougie avec les cloches qui était là depuis hier est aussi très délicate <eos>,13,délicate,délicat,11,F,P,délicate,-5.895258,délicat,-9.67459,1
3874,S_NOUN_8_ADJ_a,F,S,la bougie avec les cloches qui était là depuis hier est aussi très pointue <eos>,13,pointue,pointu,11,F,P,pointue,-10.152393,pointu,-12.946419,1
3875,S_NOUN_8_ADJ_a,F,S,la bougie avec les cloches qui était là depuis hier est aussi très ronde <eos>,13,ronde,rond,11,F,P,ronde,-10.924583,rond,-14.799913,1
3876,S_NOUN_8_ADJ_a,F,S,la bougie avec les cloches qui était là depuis hier est aussi très froide <eos>,13,froide,froid,11,F,P,froide,-7.6453676,froid,-9.666039,1
3877,S_NOUN_8_ADJ_a,F,S,la bougie avec les cloches qui était là depuis hier est aussi très chaude <eos>,13,chaude,chaud,11,F,P,chaude,-5.0109816,chaud,-9.485379,1
3878,S_NOUN_8_ADJ_a,F,S,la bougie avec les cloches qui était là depuis hier est aussi très importante <eos>,13,importante,important,11,F,P,importante,-3.9986093,important,-7.9937086,1
3879,S_NOUN_8_ADJ_a,F,S,la bougie avec les cloches qui était là depuis hier est aussi très courte <eos>,13,courte,court,11,F,P,courte,-5.4595346,court,-8.00537,1
3880,S_NOUN_8_ADJ_a,F,S,la bougie avec les cloches qui était là depuis hier est aussi très dure <eos>,13,dure,dur,11,F,P,dure,-5.9054594,dur,-8.088416,1
3881,S_NOUN_8_ADJ_a,F,S,la bougie avec les cloches qui était là depuis hier est aussi très claire <eos>,13,claire,clair,11,F,P,claire,-5.2841473,clair,-8.618312,1
3882,S_NOUN_8_ADJ_a,F,S,la bougie avec les cloches qui était là depuis hier est aussi très intéressante <eos>,13,intéressante,intéressant,11,F,P,intéressante,-5.5855365,intéressant,-9.029264,1
3883,S_NOUN_8_ADJ_a,F,S,la bougie avec les cloches qui était là depuis hier est aussi très brillante <eos>,13,brillante,brillant,11,F,P,brillante,-6.4016786,brillant,-10.783808,1
3884,S_NOUN_8_ADJ_a,F,S,la bougie avec les cloches qui était là depuis hier est aussi très compliquée <eos>,13,compliquée,compliqué,11,F,P,compliquée,-5.851372,compliqué,-8.504936,1
3885,S_NOUN_8_ADJ_a,F,S,la bougie avec les cerises qui était là depuis hier est aussi très verte <eos>,13,verte,vert,11,F,P,verte,-9.542868,vert,-12.282077,1
3886,S_NOUN_8_ADJ_a,F,S,la bougie avec les cerises qui était là depuis hier est aussi très bleue <eos>,13,bleue,bleu,11,F,P,bleue,-11.904737,bleu,-12.517143,1
3887,S_NOUN_8_ADJ_a,F,S,la bougie avec les cerises qui était là depuis hier est aussi très noire <eos>,13,noire,noir,11,F,P,noire,-7.934637,noir,-12.366944,1
3888,S_NOUN_8_ADJ_a,F,S,la bougie avec les cerises qui était là depuis hier est aussi très délicate <eos>,13,délicate,délicat,11,F,P,délicate,-5.98363,délicat,-9.291689,1
3889,S_NOUN_8_ADJ_a,F,S,la bougie avec les cerises qui était là depuis hier est aussi très pointue <eos>,13,pointue,pointu,11,F,P,pointue,-9.940355,pointu,-12.270248,1
3890,S_NOUN_8_ADJ_a,F,S,la bougie avec les cerises qui était là depuis hier est aussi très ronde <eos>,13,ronde,rond,11,F,P,ronde,-10.830003,rond,-14.157042,1
3891,S_NOUN_8_ADJ_a,F,S,la bougie avec les cerises qui était là depuis hier est aussi très froide <eos>,13,froide,froid,11,F,P,froide,-7.6898355,froid,-9.532676,1
3892,S_NOUN_8_ADJ_a,F,S,la bougie avec les cerises qui était là depuis hier est aussi très chaude <eos>,13,chaude,chaud,11,F,P,chaude,-5.6044345,chaud,-9.567461,1
3893,S_NOUN_8_ADJ_a,F,S,la bougie avec les cerises qui était là depuis hier est aussi très importante <eos>,13,importante,important,11,F,P,importante,-3.8304186,important,-7.847748,1
3894,S_NOUN_8_ADJ_a,F,S,la bougie avec les cerises qui était là depuis hier est aussi très courte <eos>,13,courte,court,11,F,P,courte,-5.551214,court,-8.116334,1
3895,S_NOUN_8_ADJ_a,F,S,la bougie avec les cerises qui était là depuis hier est aussi très dure <eos>,13,dure,dur,11,F,P,dure,-5.97511,dur,-8.132044,1
3896,S_NOUN_8_ADJ_a,F,S,la bougie avec les cerises qui était là depuis hier est aussi très claire <eos>,13,claire,clair,11,F,P,claire,-5.0572243,clair,-8.656236,1
3897,S_NOUN_8_ADJ_a,F,S,la bougie avec les cerises qui était là depuis hier est aussi très intéressante <eos>,13,intéressante,intéressant,11,F,P,intéressante,-5.8831654,intéressant,-9.143198,1
3898,S_NOUN_8_ADJ_a,F,S,la bougie avec les cerises qui était là depuis hier est aussi très brillante <eos>,13,brillante,brillant,11,F,P,brillante,-6.8131647,brillant,-11.060327,1
3899,S_NOUN_8_ADJ_a,F,S,la bougie avec les cerises qui était là depuis hier est aussi très compliquée <eos>,13,compliquée,compliqué,11,F,P,compliquée,-6.236805,compliqué,-8.911837,1
3900,S_NOUN_8_ADJ_a,F,S,la pochette avec les gemmes qui était là depuis hier est aussi très verte <eos>,13,verte,vert,11,F,P,verte,-8.775188,vert,-10.909843,1
3901,S_NOUN_8_ADJ_a,F,S,la pochette avec les gemmes qui était là depuis hier est aussi très bleue <eos>,13,bleue,bleu,11,F,P,bleue,-10.664854,bleu,-11.401961,1
3902,S_NOUN_8_ADJ_a,F,S,la pochette avec les gemmes qui était là depuis hier est aussi très noire <eos>,13,noire,noir,11,F,P,noire,-7.6228356,noir,-11.0498085,1
3903,S_NOUN_8_ADJ_a,F,S,la pochette avec les gemmes qui était là depuis hier est aussi très délicate <eos>,13,délicate,délicat,11,F,P,délicate,-6.0106936,délicat,-9.97178,1
3904,S_NOUN_8_ADJ_a,F,S,la pochette avec les gemmes qui était là depuis hier est aussi très pointue <eos>,13,pointue,pointu,11,F,P,pointue,-10.697204,pointu,-12.239499,1
3905,S_NOUN_8_ADJ_a,F,S,la pochette avec les gemmes qui était là depuis hier est aussi très ronde <eos>,13,ronde,rond,11,F,P,ronde,-11.012457,rond,-14.611521,1
3906,S_NOUN_8_ADJ_a,F,S,la pochette avec les gemmes qui était là depuis hier est aussi très froide <eos>,13,froide,froid,11,F,P,froide,-9.120029,froid,-10.232851,1
3907,S_NOUN_8_ADJ_a,F,S,la pochette avec les gemmes qui était là depuis hier est aussi très chaude <eos>,13,chaude,chaud,11,F,P,chaude,-6.9813848,chaud,-10.49325,1
3908,S_NOUN_8_ADJ_a,F,S,la pochette avec les gemmes qui était là depuis hier est aussi très importante <eos>,13,importante,important,11,F,P,importante,-4.321765,important,-8.227601,1
3909,S_NOUN_8_ADJ_a,F,S,la pochette avec les gemmes qui était là depuis hier est aussi très courte <eos>,13,courte,court,11,F,P,courte,-6.2151384,court,-7.531601,1
3910,S_NOUN_8_ADJ_a,F,S,la pochette avec les gemmes qui était là depuis hier est aussi très dure <eos>,13,dure,dur,11,F,P,dure,-6.4192123,dur,-8.718037,1
3911,S_NOUN_8_ADJ_a,F,S,la pochette avec les gemmes qui était là depuis hier est aussi très claire <eos>,13,claire,clair,11,F,P,claire,-4.791323,clair,-8.234583,1
3912,S_NOUN_8_ADJ_a,F,S,la pochette avec les gemmes qui était là depuis hier est aussi très intéressante <eos>,13,intéressante,intéressant,11,F,P,intéressante,-5.0157595,intéressant,-8.7883415,1
3913,S_NOUN_8_ADJ_a,F,S,la pochette avec les gemmes qui était là depuis hier est aussi très brillante <eos>,13,brillante,brillant,11,F,P,brillante,-6.1000557,brillant,-10.416585,1
3914,S_NOUN_8_ADJ_a,F,S,la pochette avec les gemmes qui était là depuis hier est aussi très compliquée <eos>,13,compliquée,compliqué,11,F,P,compliquée,-5.9534264,compliqué,-9.085412,1
3915,S_NOUN_8_ADJ_a,F,S,la pochette avec les chaises qui était là depuis hier est aussi très verte <eos>,13,verte,vert,11,F,P,verte,-8.754488,vert,-10.83559,1
3916,S_NOUN_8_ADJ_a,F,S,la pochette avec les chaises qui était là depuis hier est aussi très bleue <eos>,13,bleue,bleu,11,F,P,bleue,-10.697631,bleu,-11.0491705,1
3917,S_NOUN_8_ADJ_a,F,S,la pochette avec les chaises qui était là depuis hier est aussi très noire <eos>,13,noire,noir,11,F,P,noire,-7.233414,noir,-11.143961,1
3918,S_NOUN_8_ADJ_a,F,S,la pochette avec les chaises qui était là depuis hier est aussi très délicate <eos>,13,délicate,délicat,11,F,P,délicate,-6.254548,délicat,-10.106149,1
3919,S_NOUN_8_ADJ_a,F,S,la pochette avec les chaises qui était là depuis hier est aussi très pointue <eos>,13,pointue,pointu,11,F,P,pointue,-9.984146,pointu,-11.695526,1
3920,S_NOUN_8_ADJ_a,F,S,la pochette avec les chaises qui était là depuis hier est aussi très ronde <eos>,13,ronde,rond,11,F,P,ronde,-10.164995,rond,-13.795509,1
3921,S_NOUN_8_ADJ_a,F,S,la pochette avec les chaises qui était là depuis hier est aussi très froide <eos>,13,froide,froid,11,F,P,froide,-9.607934,froid,-11.008349,1
3922,S_NOUN_8_ADJ_a,F,S,la pochette avec les chaises qui était là depuis hier est aussi très chaude <eos>,13,chaude,chaud,11,F,P,chaude,-6.7163887,chaud,-10.784521,1
3923,S_NOUN_8_ADJ_a,F,S,la pochette avec les chaises qui était là depuis hier est aussi très importante <eos>,13,importante,important,11,F,P,importante,-4.739121,important,-8.543692,1
3924,S_NOUN_8_ADJ_a,F,S,la pochette avec les chaises qui était là depuis hier est aussi très courte <eos>,13,courte,court,11,F,P,courte,-5.6528487,court,-7.0565667,1
3925,S_NOUN_8_ADJ_a,F,S,la pochette avec les chaises qui était là depuis hier est aussi très dure <eos>,13,dure,dur,11,F,P,dure,-5.891425,dur,-8.968583,1
3926,S_NOUN_8_ADJ_a,F,S,la pochette avec les chaises qui était là depuis hier est aussi très claire <eos>,13,claire,clair,11,F,P,claire,-4.9496403,clair,-8.323289,1
3927,S_NOUN_8_ADJ_a,F,S,la pochette avec les chaises qui était là depuis hier est aussi très intéressante <eos>,13,intéressante,intéressant,11,F,P,intéressante,-5.3396206,intéressant,-8.760366,1
3928,S_NOUN_8_ADJ_a,F,S,la pochette avec les chaises qui était là depuis hier est aussi très brillante <eos>,13,brillante,brillant,11,F,P,brillante,-6.1606035,brillant,-10.403592,1
3929,S_NOUN_8_ADJ_a,F,S,la pochette avec les chaises qui était là depuis hier est aussi très compliquée <eos>,13,compliquée,compliqué,11,F,P,compliquée,-5.9441843,compliqué,-8.849249,1
3930,S_NOUN_8_ADJ_a,F,S,la pochette avec les poubelles qui était là depuis hier est aussi très verte <eos>,13,verte,vert,11,F,P,verte,-9.143068,vert,-11.348569,1
3931,S_NOUN_8_ADJ_a,F,S,la pochette avec les poubelles qui était là depuis hier est aussi très bleue <eos>,13,bleue,bleu,11,F,P,bleue,-11.025504,bleu,-11.34301,1
3932,S_NOUN_8_ADJ_a,F,S,la pochette avec les poubelles qui était là depuis hier est aussi très noire <eos>,13,noire,noir,11,F,P,noire,-7.598771,noir,-11.3565035,1
3933,S_NOUN_8_ADJ_a,F,S,la pochette avec les poubelles qui était là depuis hier est aussi très délicate <eos>,13,délicate,délicat,11,F,P,délicate,-6.177528,délicat,-10.103849,1
3934,S_NOUN_8_ADJ_a,F,S,la pochette avec les poubelles qui était là depuis hier est aussi très pointue <eos>,13,pointue,pointu,11,F,P,pointue,-10.010547,pointu,-11.771469,1
3935,S_NOUN_8_ADJ_a,F,S,la pochette avec les poubelles qui était là depuis hier est aussi très ronde <eos>,13,ronde,rond,11,F,P,ronde,-10.289441,rond,-13.925155,1
3936,S_NOUN_8_ADJ_a,F,S,la pochette avec les poubelles qui était là depuis hier est aussi très froide <eos>,13,froide,froid,11,F,P,froide,-8.954019,froid,-10.671729,1
3937,S_NOUN_8_ADJ_a,F,S,la pochette avec les poubelles qui était là depuis hier est aussi très chaude <eos>,13,chaude,chaud,11,F,P,chaude,-6.62999,chaud,-10.853813,1
3938,S_NOUN_8_ADJ_a,F,S,la pochette avec les poubelles qui était là depuis hier est aussi très importante <eos>,13,importante,important,11,F,P,importante,-4.420042,important,-8.301164,1
3939,S_NOUN_8_ADJ_a,F,S,la pochette avec les poubelles qui était là depuis hier est aussi très courte <eos>,13,courte,court,11,F,P,courte,-5.596631,court,-7.1957808,1
3940,S_NOUN_8_ADJ_a,F,S,la pochette avec les poubelles qui était là depuis hier est aussi très dure <eos>,13,dure,dur,11,F,P,dure,-6.426795,dur,-9.092024,1
3941,S_NOUN_8_ADJ_a,F,S,la pochette avec les poubelles qui était là depuis hier est aussi très claire <eos>,13,claire,clair,11,F,P,claire,-4.9876556,clair,-8.568433,1
3942,S_NOUN_8_ADJ_a,F,S,la pochette avec les poubelles qui était là depuis hier est aussi très intéressante <eos>,13,intéressante,intéressant,11,F,P,intéressante,-4.905152,intéressant,-8.511517,1
3943,S_NOUN_8_ADJ_a,F,S,la pochette avec les poubelles qui était là depuis hier est aussi très brillante <eos>,13,brillante,brillant,11,F,P,brillante,-6.423188,brillant,-10.838919,1
3944,S_NOUN_8_ADJ_a,F,S,la pochette avec les poubelles qui était là depuis hier est aussi très compliquée <eos>,13,compliquée,compliqué,11,F,P,compliquée,-6.058403,compliqué,-9.056495,1
3945,S_NOUN_8_ADJ_a,F,S,la pochette avec les chemises qui était là depuis hier est aussi très verte <eos>,13,verte,vert,11,F,P,verte,-8.822766,vert,-11.067543,1
3946,S_NOUN_8_ADJ_a,F,S,la pochette avec les chemises qui était là depuis hier est aussi très bleue <eos>,13,bleue,bleu,11,F,P,bleue,-10.555653,bleu,-11.124577,1
3947,S_NOUN_8_ADJ_a,F,S,la pochette avec les chemises qui était là depuis hier est aussi très noire <eos>,13,noire,noir,11,F,P,noire,-6.934405,noir,-10.99618,1
3948,S_NOUN_8_ADJ_a,F,S,la pochette avec les chemises qui était là depuis hier est aussi très délicate <eos>,13,délicate,délicat,11,F,P,délicate,-6.2919207,délicat,-10.3052435,1
3949,S_NOUN_8_ADJ_a,F,S,la pochette avec les chemises qui était là depuis hier est aussi très pointue <eos>,13,pointue,pointu,11,F,P,pointue,-9.813099,pointu,-11.362806,1
3950,S_NOUN_8_ADJ_a,F,S,la pochette avec les chemises qui était là depuis hier est aussi très ronde <eos>,13,ronde,rond,11,F,P,ronde,-10.310075,rond,-13.929194,1
3951,S_NOUN_8_ADJ_a,F,S,la pochette avec les chemises qui était là depuis hier est aussi très froide <eos>,13,froide,froid,11,F,P,froide,-9.86568,froid,-11.232224,1
3952,S_NOUN_8_ADJ_a,F,S,la pochette avec les chemises qui était là depuis hier est aussi très chaude <eos>,13,chaude,chaud,11,F,P,chaude,-7.4479494,chaud,-11.142925,1
3953,S_NOUN_8_ADJ_a,F,S,la pochette avec les chemises qui était là depuis hier est aussi très importante <eos>,13,importante,important,11,F,P,importante,-5.01633,important,-8.742524,1
3954,S_NOUN_8_ADJ_a,F,S,la pochette avec les chemises qui était là depuis hier est aussi très courte <eos>,13,courte,court,11,F,P,courte,-5.4028187,court,-6.9665155,1
3955,S_NOUN_8_ADJ_a,F,S,la pochette avec les chemises qui était là depuis hier est aussi très dure <eos>,13,dure,dur,11,F,P,dure,-5.906636,dur,-9.237974,1
3956,S_NOUN_8_ADJ_a,F,S,la pochette avec les chemises qui était là depuis hier est aussi très claire <eos>,13,claire,clair,11,F,P,claire,-4.921009,clair,-8.145563,1
3957,S_NOUN_8_ADJ_a,F,S,la pochette avec les chemises qui était là depuis hier est aussi très intéressante <eos>,13,intéressante,intéressant,11,F,P,intéressante,-5.633197,intéressant,-9.009764,1
3958,S_NOUN_8_ADJ_a,F,S,la pochette avec les chemises qui était là depuis hier est aussi très brillante <eos>,13,brillante,brillant,11,F,P,brillante,-6.4510264,brillant,-10.63877,1
3959,S_NOUN_8_ADJ_a,F,S,la pochette avec les chemises qui était là depuis hier est aussi très compliquée <eos>,13,compliquée,compliqué,11,F,P,compliquée,-5.9254317,compliqué,-8.870878,1
3960,S_NOUN_8_ADJ_a,F,S,la pochette avec les recettes qui était là depuis hier est aussi très verte <eos>,13,verte,vert,11,F,P,verte,-10.150285,vert,-11.972818,1
3961,S_NOUN_8_ADJ_a,F,S,la pochette avec les recettes qui était là depuis hier est aussi très bleue <eos>,13,bleue,bleu,11,F,P,bleue,-12.507769,bleu,-12.330114,0
3962,S_NOUN_8_ADJ_a,F,S,la pochette avec les recettes qui était là depuis hier est aussi très noire <eos>,13,noire,noir,11,F,P,noire,-9.190268,noir,-11.770498,1
3963,S_NOUN_8_ADJ_a,F,S,la pochette avec les recettes qui était là depuis hier est aussi très délicate <eos>,13,délicate,délicat,11,F,P,délicate,-6.874597,délicat,-10.331629,1
3964,S_NOUN_8_ADJ_a,F,S,la pochette avec les recettes qui était là depuis hier est aussi très pointue <eos>,13,pointue,pointu,11,F,P,pointue,-11.093034,pointu,-11.992852,1
3965,S_NOUN_8_ADJ_a,F,S,la pochette avec les recettes qui était là depuis hier est aussi très ronde <eos>,13,ronde,rond,11,F,P,ronde,-11.947886,rond,-15.059749,1
3966,S_NOUN_8_ADJ_a,F,S,la pochette avec les recettes qui était là depuis hier est aussi très froide <eos>,13,froide,froid,11,F,P,froide,-10.298428,froid,-10.636388,1
3967,S_NOUN_8_ADJ_a,F,S,la pochette avec les recettes qui était là depuis hier est aussi très chaude <eos>,13,chaude,chaud,11,F,P,chaude,-7.628315,chaud,-10.977306,1
3968,S_NOUN_8_ADJ_a,F,S,la pochette avec les recettes qui était là depuis hier est aussi très importante <eos>,13,importante,important,11,F,P,importante,-3.6484578,important,-7.2906685,1
3969,S_NOUN_8_ADJ_a,F,S,la pochette avec les recettes qui était là depuis hier est aussi très courte <eos>,13,courte,court,11,F,P,courte,-6.030511,court,-7.5806828,1
3970,S_NOUN_8_ADJ_a,F,S,la pochette avec les recettes qui était là depuis hier est aussi très dure <eos>,13,dure,dur,11,F,P,dure,-6.863764,dur,-9.2507515,1
3971,S_NOUN_8_ADJ_a,F,S,la pochette avec les recettes qui était là depuis hier est aussi très claire <eos>,13,claire,clair,11,F,P,claire,-5.3494387,clair,-8.490747,1
3972,S_NOUN_8_ADJ_a,F,S,la pochette avec les recettes qui était là depuis hier est aussi très intéressante <eos>,13,intéressante,intéressant,11,F,P,intéressante,-5.0398574,intéressant,-8.596159,1
3973,S_NOUN_8_ADJ_a,F,S,la pochette avec les recettes qui était là depuis hier est aussi très brillante <eos>,13,brillante,brillant,11,F,P,brillante,-6.7093105,brillant,-10.811914,1
3974,S_NOUN_8_ADJ_a,F,S,la pochette avec les recettes qui était là depuis hier est aussi très compliquée <eos>,13,compliquée,compliqué,11,F,P,compliquée,-6.566554,compliqué,-9.342894,1
3975,S_NOUN_8_ADJ_a,F,S,la pochette avec les jupes qui était là depuis hier est aussi très verte <eos>,13,verte,vert,11,F,P,verte,-9.334818,vert,-11.493082,1
3976,S_NOUN_8_ADJ_a,F,S,la pochette avec les jupes qui était là depuis hier est aussi très bleue <eos>,13,bleue,bleu,11,F,P,bleue,-10.986768,bleu,-11.244926,1
3977,S_NOUN_8_ADJ_a,F,S,la pochette avec les jupes qui était là depuis hier est aussi très noire <eos>,13,noire,noir,11,F,P,noire,-7.1103954,noir,-10.985695,1
3978,S_NOUN_8_ADJ_a,F,S,la pochette avec les jupes qui était là depuis hier est aussi très délicate <eos>,13,délicate,délicat,11,F,P,délicate,-6.6157556,délicat,-10.516001,1
3979,S_NOUN_8_ADJ_a,F,S,la pochette avec les jupes qui était là depuis hier est aussi très pointue <eos>,13,pointue,pointu,11,F,P,pointue,-9.814314,pointu,-11.277691,1
3980,S_NOUN_8_ADJ_a,F,S,la pochette avec les jupes qui était là depuis hier est aussi très ronde <eos>,13,ronde,rond,11,F,P,ronde,-10.450522,rond,-14.054513,1
3981,S_NOUN_8_ADJ_a,F,S,la pochette avec les jupes qui était là depuis hier est aussi très froide <eos>,13,froide,froid,11,F,P,froide,-10.168599,froid,-11.126944,1
3982,S_NOUN_8_ADJ_a,F,S,la pochette avec les jupes qui était là depuis hier est aussi très chaude <eos>,13,chaude,chaud,11,F,P,chaude,-7.584583,chaud,-11.31127,1
3983,S_NOUN_8_ADJ_a,F,S,la pochette avec les jupes qui était là depuis hier est aussi très importante <eos>,13,importante,important,11,F,P,importante,-5.0774183,important,-8.689092,1
3984,S_NOUN_8_ADJ_a,F,S,la pochette avec les jupes qui était là depuis hier est aussi très courte <eos>,13,courte,court,11,F,P,courte,-5.3766212,court,-6.9726133,1
3985,S_NOUN_8_ADJ_a,F,S,la pochette avec les jupes qui était là depuis hier est aussi très dure <eos>,13,dure,dur,11,F,P,dure,-6.243829,dur,-9.208289,1
3986,S_NOUN_8_ADJ_a,F,S,la pochette avec les jupes qui était là depuis hier est aussi très claire <eos>,13,claire,clair,11,F,P,claire,-4.9042845,clair,-8.20704,1
3987,S_NOUN_8_ADJ_a,F,S,la pochette avec les jupes qui était là depuis hier est aussi très intéressante <eos>,13,intéressante,intéressant,11,F,P,intéressante,-5.6543717,intéressant,-8.979376,1
3988,S_NOUN_8_ADJ_a,F,S,la pochette avec les jupes qui était là depuis hier est aussi très brillante <eos>,13,brillante,brillant,11,F,P,brillante,-6.483289,brillant,-10.8096695,1
3989,S_NOUN_8_ADJ_a,F,S,la pochette avec les jupes qui était là depuis hier est aussi très compliquée <eos>,13,compliquée,compliqué,11,F,P,compliquée,-5.747967,compliqué,-8.799538,1
3990,S_NOUN_8_ADJ_a,F,S,la pochette avec les colles qui était là depuis hier est aussi très verte <eos>,13,verte,vert,11,F,P,verte,-9.060019,vert,-11.29026,1
3991,S_NOUN_8_ADJ_a,F,S,la pochette avec les colles qui était là depuis hier est aussi très bleue <eos>,13,bleue,bleu,11,F,P,bleue,-11.069983,bleu,-11.579691,1
3992,S_NOUN_8_ADJ_a,F,S,la pochette avec les colles qui était là depuis hier est aussi très noire <eos>,13,noire,noir,11,F,P,noire,-7.9298105,noir,-11.520694,1
3993,S_NOUN_8_ADJ_a,F,S,la pochette avec les colles qui était là depuis hier est aussi très délicate <eos>,13,délicate,délicat,11,F,P,délicate,-5.9245567,délicat,-9.789998,1
3994,S_NOUN_8_ADJ_a,F,S,la pochette avec les colles qui était là depuis hier est aussi très pointue <eos>,13,pointue,pointu,11,F,P,pointue,-9.971201,pointu,-11.701955,1
3995,S_NOUN_8_ADJ_a,F,S,la pochette avec les colles qui était là depuis hier est aussi très ronde <eos>,13,ronde,rond,11,F,P,ronde,-10.626934,rond,-13.847742,1
3996,S_NOUN_8_ADJ_a,F,S,la pochette avec les colles qui était là depuis hier est aussi très froide <eos>,13,froide,froid,11,F,P,froide,-8.6031475,froid,-10.462961,1
3997,S_NOUN_8_ADJ_a,F,S,la pochette avec les colles qui était là depuis hier est aussi très chaude <eos>,13,chaude,chaud,11,F,P,chaude,-6.3984566,chaud,-10.445264,1
3998,S_NOUN_8_ADJ_a,F,S,la pochette avec les colles qui était là depuis hier est aussi très importante <eos>,13,importante,important,11,F,P,importante,-4.5671196,important,-8.426097,1
3999,S_NOUN_8_ADJ_a,F,S,la pochette avec les colles qui était là depuis hier est aussi très courte <eos>,13,courte,court,11,F,P,courte,-6.071888,court,-7.555585,1
4000,S_NOUN_8_ADJ_a,F,S,la pochette avec les colles qui était là depuis hier est aussi très dure <eos>,13,dure,dur,11,F,P,dure,-6.190048,dur,-8.396663,1
4001,S_NOUN_8_ADJ_a,F,S,la pochette avec les colles qui était là depuis hier est aussi très claire <eos>,13,claire,clair,11,F,P,claire,-4.7992706,clair,-8.116038,1
4002,S_NOUN_8_ADJ_a,F,S,la pochette avec les colles qui était là depuis hier est aussi très intéressante <eos>,13,intéressante,intéressant,11,F,P,intéressante,-5.2883444,intéressant,-8.628943,1
4003,S_NOUN_8_ADJ_a,F,S,la pochette avec les colles qui était là depuis hier est aussi très brillante <eos>,13,brillante,brillant,11,F,P,brillante,-6.1437407,brillant,-10.310685,1
4004,S_NOUN_8_ADJ_a,F,S,la pochette avec les colles qui était là depuis hier est aussi très compliquée <eos>,13,compliquée,compliqué,11,F,P,compliquée,-5.4938374,compliqué,-8.58384,1
4005,S_NOUN_8_ADJ_a,F,S,la pochette avec les lampes qui était là depuis hier est aussi très verte <eos>,13,verte,vert,11,F,P,verte,-8.691569,vert,-11.126998,1
4006,S_NOUN_8_ADJ_a,F,S,la pochette avec les lampes qui était là depuis hier est aussi très bleue <eos>,13,bleue,bleu,11,F,P,bleue,-10.703506,bleu,-11.229631,1
4007,S_NOUN_8_ADJ_a,F,S,la pochette avec les lampes qui était là depuis hier est aussi très noire <eos>,13,noire,noir,11,F,P,noire,-7.275077,noir,-11.124851,1
4008,S_NOUN_8_ADJ_a,F,S,la pochette avec les lampes qui était là depuis hier est aussi très délicate <eos>,13,délicate,délicat,11,F,P,délicate,-6.154765,délicat,-10.155926,1
4009,S_NOUN_8_ADJ_a,F,S,la pochette avec les lampes qui était là depuis hier est aussi très pointue <eos>,13,pointue,pointu,11,F,P,pointue,-9.764982,pointu,-11.733713,1
4010,S_NOUN_8_ADJ_a,F,S,la pochette avec les lampes qui était là depuis hier est aussi très ronde <eos>,13,ronde,rond,11,F,P,ronde,-10.462667,rond,-13.8446045,1
4011,S_NOUN_8_ADJ_a,F,S,la pochette avec les lampes qui était là depuis hier est aussi très froide <eos>,13,froide,froid,11,F,P,froide,-9.351057,froid,-11.217793,1
4012,S_NOUN_8_ADJ_a,F,S,la pochette avec les lampes qui était là depuis hier est aussi très chaude <eos>,13,chaude,chaud,11,F,P,chaude,-6.8052254,chaud,-10.853334,1
4013,S_NOUN_8_ADJ_a,F,S,la pochette avec les lampes qui était là depuis hier est aussi très importante <eos>,13,importante,important,11,F,P,importante,-4.831007,important,-8.6796055,1
4014,S_NOUN_8_ADJ_a,F,S,la pochette avec les lampes qui était là depuis hier est aussi très courte <eos>,13,courte,court,11,F,P,courte,-5.59801,court,-7.0772924,1
4015,S_NOUN_8_ADJ_a,F,S,la pochette avec les lampes qui était là depuis hier est aussi très dure <eos>,13,dure,dur,11,F,P,dure,-6.349995,dur,-9.084194,1
4016,S_NOUN_8_ADJ_a,F,S,la pochette avec les lampes qui était là depuis hier est aussi très claire <eos>,13,claire,clair,11,F,P,claire,-4.934149,clair,-8.378108,1
4017,S_NOUN_8_ADJ_a,F,S,la pochette avec les lampes qui était là depuis hier est aussi très intéressante <eos>,13,intéressante,intéressant,11,F,P,intéressante,-5.089836,intéressant,-8.680611,1
4018,S_NOUN_8_ADJ_a,F,S,la pochette avec les lampes qui était là depuis hier est aussi très brillante <eos>,13,brillante,brillant,11,F,P,brillante,-6.1055617,brillant,-10.412096,1
4019,S_NOUN_8_ADJ_a,F,S,la pochette avec les lampes qui était là depuis hier est aussi très compliquée <eos>,13,compliquée,compliqué,11,F,P,compliquée,-5.7253017,compliqué,-8.732311,1
4020,S_NOUN_8_ADJ_a,F,S,la pochette avec les bouteilles qui était là depuis hier est aussi très verte <eos>,13,verte,vert,11,F,P,verte,-9.209648,vert,-11.114987,1
4021,S_NOUN_8_ADJ_a,F,S,la pochette avec les bouteilles qui était là depuis hier est aussi très bleue <eos>,13,bleue,bleu,11,F,P,bleue,-11.394599,bleu,-11.61826,1
4022,S_NOUN_8_ADJ_a,F,S,la pochette avec les bouteilles qui était là depuis hier est aussi très noire <eos>,13,noire,noir,11,F,P,noire,-7.881322,noir,-11.203598,1
4023,S_NOUN_8_ADJ_a,F,S,la pochette avec les bouteilles qui était là depuis hier est aussi très délicate <eos>,13,délicate,délicat,11,F,P,délicate,-6.0023913,délicat,-9.696581,1
4024,S_NOUN_8_ADJ_a,F,S,la pochette avec les bouteilles qui était là depuis hier est aussi très pointue <eos>,13,pointue,pointu,11,F,P,pointue,-10.214239,pointu,-11.753916,1
4025,S_NOUN_8_ADJ_a,F,S,la pochette avec les bouteilles qui était là depuis hier est aussi très ronde <eos>,13,ronde,rond,11,F,P,ronde,-10.462947,rond,-13.779326,1
4026,S_NOUN_8_ADJ_a,F,S,la pochette avec les bouteilles qui était là depuis hier est aussi très froide <eos>,13,froide,froid,11,F,P,froide,-9.121504,froid,-10.312651,1
4027,S_NOUN_8_ADJ_a,F,S,la pochette avec les bouteilles qui était là depuis hier est aussi très chaude <eos>,13,chaude,chaud,11,F,P,chaude,-6.5737057,chaud,-10.382564,1
4028,S_NOUN_8_ADJ_a,F,S,la pochette avec les bouteilles qui était là depuis hier est aussi très importante <eos>,13,importante,important,11,F,P,importante,-4.3043838,important,-7.999352,1
4029,S_NOUN_8_ADJ_a,F,S,la pochette avec les bouteilles qui était là depuis hier est aussi très courte <eos>,13,courte,court,11,F,P,courte,-5.9470906,court,-7.2828298,1
4030,S_NOUN_8_ADJ_a,F,S,la pochette avec les bouteilles qui était là depuis hier est aussi très dure <eos>,13,dure,dur,11,F,P,dure,-6.2777596,dur,-8.8824005,1
4031,S_NOUN_8_ADJ_a,F,S,la pochette avec les bouteilles qui était là depuis hier est aussi très claire <eos>,13,claire,clair,11,F,P,claire,-4.866135,clair,-8.288921,1
4032,S_NOUN_8_ADJ_a,F,S,la pochette avec les bouteilles qui était là depuis hier est aussi très intéressante <eos>,13,intéressante,intéressant,11,F,P,intéressante,-5.0556517,intéressant,-8.363194,1
4033,S_NOUN_8_ADJ_a,F,S,la pochette avec les bouteilles qui était là depuis hier est aussi très brillante <eos>,13,brillante,brillant,11,F,P,brillante,-6.408265,brillant,-10.335993,1
4034,S_NOUN_8_ADJ_a,F,S,la pochette avec les bouteilles qui était là depuis hier est aussi très compliquée <eos>,13,compliquée,compliqué,11,F,P,compliquée,-6.0921097,compliqué,-8.887572,1
4035,S_NOUN_8_ADJ_a,F,S,la pochette avec les boissons qui était là depuis hier est aussi très verte <eos>,13,verte,vert,11,F,P,verte,-9.542914,vert,-11.228007,1
4036,S_NOUN_8_ADJ_a,F,S,la pochette avec les boissons qui était là depuis hier est aussi très bleue <eos>,13,bleue,bleu,11,F,P,bleue,-11.435679,bleu,-11.892226,1
4037,S_NOUN_8_ADJ_a,F,S,la pochette avec les boissons qui était là depuis hier est aussi très noire <eos>,13,noire,noir,11,F,P,noire,-8.22538,noir,-11.519281,1
4038,S_NOUN_8_ADJ_a,F,S,la pochette avec les boissons qui était là depuis hier est aussi très délicate <eos>,13,délicate,délicat,11,F,P,délicate,-6.021944,délicat,-9.694626,1
4039,S_NOUN_8_ADJ_a,F,S,la pochette avec les boissons qui était là depuis hier est aussi très pointue <eos>,13,pointue,pointu,11,F,P,pointue,-10.905762,pointu,-11.662125,1
4040,S_NOUN_8_ADJ_a,F,S,la pochette avec les boissons qui était là depuis hier est aussi très ronde <eos>,13,ronde,rond,11,F,P,ronde,-11.05373,rond,-14.406602,1
4041,S_NOUN_8_ADJ_a,F,S,la pochette avec les boissons qui était là depuis hier est aussi très froide <eos>,13,froide,froid,11,F,P,froide,-8.567879,froid,-9.431587,1
4042,S_NOUN_8_ADJ_a,F,S,la pochette avec les boissons qui était là depuis hier est aussi très chaude <eos>,13,chaude,chaud,11,F,P,chaude,-6.238656,chaud,-9.521565,1
4043,S_NOUN_8_ADJ_a,F,S,la pochette avec les boissons qui était là depuis hier est aussi très importante <eos>,13,importante,important,11,F,P,importante,-4.0862126,important,-7.774422,1
4044,S_NOUN_8_ADJ_a,F,S,la pochette avec les boissons qui était là depuis hier est aussi très courte <eos>,13,courte,court,11,F,P,courte,-6.17529,court,-7.7604704,1
4045,S_NOUN_8_ADJ_a,F,S,la pochette avec les boissons qui était là depuis hier est aussi très dure <eos>,13,dure,dur,11,F,P,dure,-5.920685,dur,-8.872722,1
4046,S_NOUN_8_ADJ_a,F,S,la pochette avec les boissons qui était là depuis hier est aussi très claire <eos>,13,claire,clair,11,F,P,claire,-4.788739,clair,-7.8612766,1
4047,S_NOUN_8_ADJ_a,F,S,la pochette avec les boissons qui était là depuis hier est aussi très intéressante <eos>,13,intéressante,intéressant,11,F,P,intéressante,-5.6132727,intéressant,-8.467073,1
4048,S_NOUN_8_ADJ_a,F,S,la pochette avec les boissons qui était là depuis hier est aussi très brillante <eos>,13,brillante,brillant,11,F,P,brillante,-6.8501453,brillant,-10.669389,1
4049,S_NOUN_8_ADJ_a,F,S,la pochette avec les boissons qui était là depuis hier est aussi très compliquée <eos>,13,compliquée,compliqué,11,F,P,compliquée,-6.4299545,compliqué,-9.168306,1
4050,S_NOUN_8_ADJ_a,F,S,la pochette avec les pommes qui était là depuis hier est aussi très verte <eos>,13,verte,vert,11,F,P,verte,-9.005571,vert,-10.948449,1
4051,S_NOUN_8_ADJ_a,F,S,la pochette avec les pommes qui était là depuis hier est aussi très bleue <eos>,13,bleue,bleu,11,F,P,bleue,-10.811304,bleu,-11.393146,1
4052,S_NOUN_8_ADJ_a,F,S,la pochette avec les pommes qui était là depuis hier est aussi très noire <eos>,13,noire,noir,11,F,P,noire,-7.4916377,noir,-11.212603,1
4053,S_NOUN_8_ADJ_a,F,S,la pochette avec les pommes qui était là depuis hier est aussi très délicate <eos>,13,délicate,délicat,11,F,P,délicate,-5.8535213,délicat,-9.711361,1
4054,S_NOUN_8_ADJ_a,F,S,la pochette avec les pommes qui était là depuis hier est aussi très pointue <eos>,13,pointue,pointu,11,F,P,pointue,-10.12085,pointu,-11.382878,1
4055,S_NOUN_8_ADJ_a,F,S,la pochette avec les pommes qui était là depuis hier est aussi très ronde <eos>,13,ronde,rond,11,F,P,ronde,-10.582817,rond,-14.000154,1
4056,S_NOUN_8_ADJ_a,F,S,la pochette avec les pommes qui était là depuis hier est aussi très froide <eos>,13,froide,froid,11,F,P,froide,-8.906111,froid,-9.719699,1
4057,S_NOUN_8_ADJ_a,F,S,la pochette avec les pommes qui était là depuis hier est aussi très chaude <eos>,13,chaude,chaud,11,F,P,chaude,-6.615269,chaud,-10.294607,1
4058,S_NOUN_8_ADJ_a,F,S,la pochette avec les pommes qui était là depuis hier est aussi très importante <eos>,13,importante,important,11,F,P,importante,-4.334446,important,-8.268975,1
4059,S_NOUN_8_ADJ_a,F,S,la pochette avec les pommes qui était là depuis hier est aussi très courte <eos>,13,courte,court,11,F,P,courte,-5.853267,court,-7.3302464,1
4060,S_NOUN_8_ADJ_a,F,S,la pochette avec les pommes qui était là depuis hier est aussi très dure <eos>,13,dure,dur,11,F,P,dure,-5.7327185,dur,-8.938488,1
4061,S_NOUN_8_ADJ_a,F,S,la pochette avec les pommes qui était là depuis hier est aussi très claire <eos>,13,claire,clair,11,F,P,claire,-4.615391,clair,-8.005718,1
4062,S_NOUN_8_ADJ_a,F,S,la pochette avec les pommes qui était là depuis hier est aussi très intéressante <eos>,13,intéressante,intéressant,11,F,P,intéressante,-5.5378923,intéressant,-8.760689,1
4063,S_NOUN_8_ADJ_a,F,S,la pochette avec les pommes qui était là depuis hier est aussi très brillante <eos>,13,brillante,brillant,11,F,P,brillante,-6.4062204,brillant,-10.8443985,1
4064,S_NOUN_8_ADJ_a,F,S,la pochette avec les pommes qui était là depuis hier est aussi très compliquée <eos>,13,compliquée,compliqué,11,F,P,compliquée,-6.3928127,compliqué,-9.470598,1
4065,S_NOUN_8_ADJ_a,F,S,la pochette avec les tasses qui était là depuis hier est aussi très verte <eos>,13,verte,vert,11,F,P,verte,-9.142426,vert,-11.163206,1
4066,S_NOUN_8_ADJ_a,F,S,la pochette avec les tasses qui était là depuis hier est aussi très bleue <eos>,13,bleue,bleu,11,F,P,bleue,-11.17807,bleu,-11.343697,1
4067,S_NOUN_8_ADJ_a,F,S,la pochette avec les tasses qui était là depuis hier est aussi très noire <eos>,13,noire,noir,11,F,P,noire,-7.7135477,noir,-11.470756,1
4068,S_NOUN_8_ADJ_a,F,S,la pochette avec les tasses qui était là depuis hier est aussi très délicate <eos>,13,délicate,délicat,11,F,P,délicate,-6.265735,délicat,-9.823883,1
4069,S_NOUN_8_ADJ_a,F,S,la pochette avec les tasses qui était là depuis hier est aussi très pointue <eos>,13,pointue,pointu,11,F,P,pointue,-10.056594,pointu,-11.69158,1
4070,S_NOUN_8_ADJ_a,F,S,la pochette avec les tasses qui était là depuis hier est aussi très ronde <eos>,13,ronde,rond,11,F,P,ronde,-10.255015,rond,-13.766287,1
4071,S_NOUN_8_ADJ_a,F,S,la pochette avec les tasses qui était là depuis hier est aussi très froide <eos>,13,froide,froid,11,F,P,froide,-9.098947,froid,-10.73363,1
4072,S_NOUN_8_ADJ_a,F,S,la pochette avec les tasses qui était là depuis hier est aussi très chaude <eos>,13,chaude,chaud,11,F,P,chaude,-6.561942,chaud,-10.841851,1
4073,S_NOUN_8_ADJ_a,F,S,la pochette avec les tasses qui était là depuis hier est aussi très importante <eos>,13,importante,important,11,F,P,importante,-4.321406,important,-8.1202545,1
4074,S_NOUN_8_ADJ_a,F,S,la pochette avec les tasses qui était là depuis hier est aussi très courte <eos>,13,courte,court,11,F,P,courte,-5.6084766,court,-7.0848465,1
4075,S_NOUN_8_ADJ_a,F,S,la pochette avec les tasses qui était là depuis hier est aussi très dure <eos>,13,dure,dur,11,F,P,dure,-6.1948485,dur,-8.939846,1
4076,S_NOUN_8_ADJ_a,F,S,la pochette avec les tasses qui était là depuis hier est aussi très claire <eos>,13,claire,clair,11,F,P,claire,-4.8863153,clair,-8.403448,1
4077,S_NOUN_8_ADJ_a,F,S,la pochette avec les tasses qui était là depuis hier est aussi très intéressante <eos>,13,intéressante,intéressant,11,F,P,intéressante,-4.9937954,intéressant,-8.420831,1
4078,S_NOUN_8_ADJ_a,F,S,la pochette avec les tasses qui était là depuis hier est aussi très brillante <eos>,13,brillante,brillant,11,F,P,brillante,-6.1344013,brillant,-10.458239,1
4079,S_NOUN_8_ADJ_a,F,S,la pochette avec les tasses qui était là depuis hier est aussi très compliquée <eos>,13,compliquée,compliqué,11,F,P,compliquée,-6.187292,compliqué,-8.98673,1
4080,S_NOUN_8_ADJ_a,F,S,la pochette avec les bougies qui était là depuis hier est aussi très verte <eos>,13,verte,vert,11,F,P,verte,-9.0349865,vert,-11.078873,1
4081,S_NOUN_8_ADJ_a,F,S,la pochette avec les bougies qui était là depuis hier est aussi très bleue <eos>,13,bleue,bleu,11,F,P,bleue,-10.708868,bleu,-11.19528,1
4082,S_NOUN_8_ADJ_a,F,S,la pochette avec les bougies qui était là depuis hier est aussi très noire <eos>,13,noire,noir,11,F,P,noire,-7.1987915,noir,-10.905287,1
4083,S_NOUN_8_ADJ_a,F,S,la pochette avec les bougies qui était là depuis hier est aussi très délicate <eos>,13,délicate,délicat,11,F,P,délicate,-6.1444116,délicat,-9.790644,1
4084,S_NOUN_8_ADJ_a,F,S,la pochette avec les bougies qui était là depuis hier est aussi très pointue <eos>,13,pointue,pointu,11,F,P,pointue,-10.126682,pointu,-11.81389,1
4085,S_NOUN_8_ADJ_a,F,S,la pochette avec les bougies qui était là depuis hier est aussi très ronde <eos>,13,ronde,rond,11,F,P,ronde,-10.482887,rond,-13.960205,1
4086,S_NOUN_8_ADJ_a,F,S,la pochette avec les bougies qui était là depuis hier est aussi très froide <eos>,13,froide,froid,11,F,P,froide,-9.044373,froid,-10.449701,1
4087,S_NOUN_8_ADJ_a,F,S,la pochette avec les bougies qui était là depuis hier est aussi très chaude <eos>,13,chaude,chaud,11,F,P,chaude,-6.779406,chaud,-10.676449,1
4088,S_NOUN_8_ADJ_a,F,S,la pochette avec les bougies qui était là depuis hier est aussi très importante <eos>,13,importante,important,11,F,P,importante,-4.797204,important,-8.5449095,1
4089,S_NOUN_8_ADJ_a,F,S,la pochette avec les bougies qui était là depuis hier est aussi très courte <eos>,13,courte,court,11,F,P,courte,-5.55799,court,-7.1117506,1
4090,S_NOUN_8_ADJ_a,F,S,la pochette avec les bougies qui était là depuis hier est aussi très dure <eos>,13,dure,dur,11,F,P,dure,-6.1475997,dur,-9.032047,1
4091,S_NOUN_8_ADJ_a,F,S,la pochette avec les bougies qui était là depuis hier est aussi très claire <eos>,13,claire,clair,11,F,P,claire,-4.7883406,clair,-8.080834,1
4092,S_NOUN_8_ADJ_a,F,S,la pochette avec les bougies qui était là depuis hier est aussi très intéressante <eos>,13,intéressante,intéressant,11,F,P,intéressante,-5.3549147,intéressant,-8.952583,1
4093,S_NOUN_8_ADJ_a,F,S,la pochette avec les bougies qui était là depuis hier est aussi très brillante <eos>,13,brillante,brillant,11,F,P,brillante,-6.429628,brillant,-10.641285,1
4094,S_NOUN_8_ADJ_a,F,S,la pochette avec les bougies qui était là depuis hier est aussi très compliquée <eos>,13,compliquée,compliqué,11,F,P,compliquée,-6.105354,compliqué,-8.884161,1
4095,S_NOUN_8_ADJ_a,F,S,la pochette avec les pochettes qui était là depuis hier est aussi très verte <eos>,13,verte,vert,11,F,P,verte,-10.052399,vert,-12.06234,1
4096,S_NOUN_8_ADJ_a,F,S,la pochette avec les pochettes qui était là depuis hier est aussi très bleue <eos>,13,bleue,bleu,11,F,P,bleue,-11.994137,bleu,-12.014036,1
4097,S_NOUN_8_ADJ_a,F,S,la pochette avec les pochettes qui était là depuis hier est aussi très noire <eos>,13,noire,noir,11,F,P,noire,-8.500913,noir,-11.954127,1
4098,S_NOUN_8_ADJ_a,F,S,la pochette avec les pochettes qui était là depuis hier est aussi très délicate <eos>,13,délicate,délicat,11,F,P,délicate,-7.1074963,délicat,-10.946268,1
4099,S_NOUN_8_ADJ_a,F,S,la pochette avec les pochettes qui était là depuis hier est aussi très pointue <eos>,13,pointue,pointu,11,F,P,pointue,-10.64003,pointu,-11.390974,1
4100,S_NOUN_8_ADJ_a,F,S,la pochette avec les pochettes qui était là depuis hier est aussi très ronde <eos>,13,ronde,rond,11,F,P,ronde,-11.638491,rond,-15.302179,1
4101,S_NOUN_8_ADJ_a,F,S,la pochette avec les pochettes qui était là depuis hier est aussi très froide <eos>,13,froide,froid,11,F,P,froide,-11.085837,froid,-10.8610115,0
4102,S_NOUN_8_ADJ_a,F,S,la pochette avec les pochettes qui était là depuis hier est aussi très chaude <eos>,13,chaude,chaud,11,F,P,chaude,-7.849839,chaud,-11.57184,1
4103,S_NOUN_8_ADJ_a,F,S,la pochette avec les pochettes qui était là depuis hier est aussi très importante <eos>,13,importante,important,11,F,P,importante,-4.25449,important,-7.878869,1
4104,S_NOUN_8_ADJ_a,F,S,la pochette avec les pochettes qui était là depuis hier est aussi très courte <eos>,13,courte,court,11,F,P,courte,-5.6451907,court,-7.539541,1
4105,S_NOUN_8_ADJ_a,F,S,la pochette avec les pochettes qui était là depuis hier est aussi très dure <eos>,13,dure,dur,11,F,P,dure,-6.120432,dur,-8.886783,1
4106,S_NOUN_8_ADJ_a,F,S,la pochette avec les pochettes qui était là depuis hier est aussi très claire <eos>,13,claire,clair,11,F,P,claire,-5.2736855,clair,-8.610031,1
4107,S_NOUN_8_ADJ_a,F,S,la pochette avec les pochettes qui était là depuis hier est aussi très intéressante <eos>,13,intéressante,intéressant,11,F,P,intéressante,-5.3696375,intéressant,-8.698677,1
4108,S_NOUN_8_ADJ_a,F,S,la pochette avec les pochettes qui était là depuis hier est aussi très brillante <eos>,13,brillante,brillant,11,F,P,brillante,-6.071816,brillant,-10.8049965,1
4109,S_NOUN_8_ADJ_a,F,S,la pochette avec les pochettes qui était là depuis hier est aussi très compliquée <eos>,13,compliquée,compliqué,11,F,P,compliquée,-6.043123,compliqué,-9.535927,1
4110,S_NOUN_8_ADJ_a,F,S,la pochette avec les bananes qui était là depuis hier est aussi très verte <eos>,13,verte,vert,11,F,P,verte,-8.735372,vert,-11.123843,1
4111,S_NOUN_8_ADJ_a,F,S,la pochette avec les bananes qui était là depuis hier est aussi très bleue <eos>,13,bleue,bleu,11,F,P,bleue,-10.831611,bleu,-11.472977,1
4112,S_NOUN_8_ADJ_a,F,S,la pochette avec les bananes qui était là depuis hier est aussi très noire <eos>,13,noire,noir,11,F,P,noire,-7.5779476,noir,-11.240303,1
4113,S_NOUN_8_ADJ_a,F,S,la pochette avec les bananes qui était là depuis hier est aussi très délicate <eos>,13,délicate,délicat,11,F,P,délicate,-6.2436028,délicat,-9.926114,1
4114,S_NOUN_8_ADJ_a,F,S,la pochette avec les bananes qui était là depuis hier est aussi très pointue <eos>,13,pointue,pointu,11,F,P,pointue,-10.333136,pointu,-11.407476,1
4115,S_NOUN_8_ADJ_a,F,S,la pochette avec les bananes qui était là depuis hier est aussi très ronde <eos>,13,ronde,rond,11,F,P,ronde,-10.586407,rond,-14.128137,1
4116,S_NOUN_8_ADJ_a,F,S,la pochette avec les bananes qui était là depuis hier est aussi très froide <eos>,13,froide,froid,11,F,P,froide,-9.505745,froid,-10.46145,1
4117,S_NOUN_8_ADJ_a,F,S,la pochette avec les bananes qui était là depuis hier est aussi très chaude <eos>,13,chaude,chaud,11,F,P,chaude,-6.980437,chaud,-10.421967,1
4118,S_NOUN_8_ADJ_a,F,S,la pochette avec les bananes qui était là depuis hier est aussi très importante <eos>,13,importante,important,11,F,P,importante,-4.4304514,important,-8.247136,1
4119,S_NOUN_8_ADJ_a,F,S,la pochette avec les bananes qui était là depuis hier est aussi très courte <eos>,13,courte,court,11,F,P,courte,-5.9593544,court,-7.3871937,1
4120,S_NOUN_8_ADJ_a,F,S,la pochette avec les bananes qui était là depuis hier est aussi très dure <eos>,13,dure,dur,11,F,P,dure,-5.719377,dur,-8.811562,1
4121,S_NOUN_8_ADJ_a,F,S,la pochette avec les bananes qui était là depuis hier est aussi très claire <eos>,13,claire,clair,11,F,P,claire,-4.937334,clair,-8.238126,1
4122,S_NOUN_8_ADJ_a,F,S,la pochette avec les bananes qui était là depuis hier est aussi très intéressante <eos>,13,intéressante,intéressant,11,F,P,intéressante,-5.5230627,intéressant,-8.766597,1
4123,S_NOUN_8_ADJ_a,F,S,la pochette avec les bananes qui était là depuis hier est aussi très brillante <eos>,13,brillante,brillant,11,F,P,brillante,-6.279556,brillant,-10.524349,1
4124,S_NOUN_8_ADJ_a,F,S,la pochette avec les bananes qui était là depuis hier est aussi très compliquée <eos>,13,compliquée,compliqué,11,F,P,compliquée,-6.3613167,compliqué,-9.060336,1
4125,S_NOUN_8_ADJ_a,F,S,la pochette avec les robes qui était là depuis hier est aussi très verte <eos>,13,verte,vert,11,F,P,verte,-9.175667,vert,-11.388363,1
4126,S_NOUN_8_ADJ_a,F,S,la pochette avec les robes qui était là depuis hier est aussi très bleue <eos>,13,bleue,bleu,11,F,P,bleue,-10.791044,bleu,-11.383486,1
4127,S_NOUN_8_ADJ_a,F,S,la pochette avec les robes qui était là depuis hier est aussi très noire <eos>,13,noire,noir,11,F,P,noire,-7.3278937,noir,-11.101053,1
4128,S_NOUN_8_ADJ_a,F,S,la pochette avec les robes qui était là depuis hier est aussi très délicate <eos>,13,délicate,délicat,11,F,P,délicate,-6.682969,délicat,-10.551631,1
4129,S_NOUN_8_ADJ_a,F,S,la pochette avec les robes qui était là depuis hier est aussi très pointue <eos>,13,pointue,pointu,11,F,P,pointue,-10.710862,pointu,-11.650561,1
4130,S_NOUN_8_ADJ_a,F,S,la pochette avec les robes qui était là depuis hier est aussi très ronde <eos>,13,ronde,rond,11,F,P,ronde,-11.156643,rond,-14.55302,1
4131,S_NOUN_8_ADJ_a,F,S,la pochette avec les robes qui était là depuis hier est aussi très froide <eos>,13,froide,froid,11,F,P,froide,-9.678215,froid,-10.647308,1
4132,S_NOUN_8_ADJ_a,F,S,la pochette avec les robes qui était là depuis hier est aussi très chaude <eos>,13,chaude,chaud,11,F,P,chaude,-7.2903357,chaud,-10.81812,1
4133,S_NOUN_8_ADJ_a,F,S,la pochette avec les robes qui était là depuis hier est aussi très importante <eos>,13,importante,important,11,F,P,importante,-4.768053,important,-8.436788,1
4134,S_NOUN_8_ADJ_a,F,S,la pochette avec les robes qui était là depuis hier est aussi très courte <eos>,13,courte,court,11,F,P,courte,-5.713008,court,-7.248681,1
4135,S_NOUN_8_ADJ_a,F,S,la pochette avec les robes qui était là depuis hier est aussi très dure <eos>,13,dure,dur,11,F,P,dure,-6.304867,dur,-9.743687,1
4136,S_NOUN_8_ADJ_a,F,S,la pochette avec les robes qui était là depuis hier est aussi très claire <eos>,13,claire,clair,11,F,P,claire,-5.0859394,clair,-8.2062025,1
4137,S_NOUN_8_ADJ_a,F,S,la pochette avec les robes qui était là depuis hier est aussi très intéressante <eos>,13,intéressante,intéressant,11,F,P,intéressante,-5.6168585,intéressant,-8.928673,1
4138,S_NOUN_8_ADJ_a,F,S,la pochette avec les robes qui était là depuis hier est aussi très brillante <eos>,13,brillante,brillant,11,F,P,brillante,-6.576044,brillant,-11.050167,1
4139,S_NOUN_8_ADJ_a,F,S,la pochette avec les robes qui était là depuis hier est aussi très compliquée <eos>,13,compliquée,compliqué,11,F,P,compliquée,-6.4699216,compliqué,-9.30566,1
4140,S_NOUN_8_ADJ_a,F,S,la pochette avec les valises qui était là depuis hier est aussi très verte <eos>,13,verte,vert,11,F,P,verte,-9.2457695,vert,-11.5834875,1
4141,S_NOUN_8_ADJ_a,F,S,la pochette avec les valises qui était là depuis hier est aussi très bleue <eos>,13,bleue,bleu,11,F,P,bleue,-11.216049,bleu,-11.547353,1
4142,S_NOUN_8_ADJ_a,F,S,la pochette avec les valises qui était là depuis hier est aussi très noire <eos>,13,noire,noir,11,F,P,noire,-7.6733017,noir,-11.571345,1
4143,S_NOUN_8_ADJ_a,F,S,la pochette avec les valises qui était là depuis hier est aussi très délicate <eos>,13,délicate,délicat,11,F,P,délicate,-6.152506,délicat,-10.075444,1
4144,S_NOUN_8_ADJ_a,F,S,la pochette avec les valises qui était là depuis hier est aussi très pointue <eos>,13,pointue,pointu,11,F,P,pointue,-10.092094,pointu,-11.939365,1
4145,S_NOUN_8_ADJ_a,F,S,la pochette avec les valises qui était là depuis hier est aussi très ronde <eos>,13,ronde,rond,11,F,P,ronde,-10.379803,rond,-14.216904,1
4146,S_NOUN_8_ADJ_a,F,S,la pochette avec les valises qui était là depuis hier est aussi très froide <eos>,13,froide,froid,11,F,P,froide,-9.273035,froid,-10.930471,1
4147,S_NOUN_8_ADJ_a,F,S,la pochette avec les valises qui était là depuis hier est aussi très chaude <eos>,13,chaude,chaud,11,F,P,chaude,-6.6129127,chaud,-10.893074,1
4148,S_NOUN_8_ADJ_a,F,S,la pochette avec les valises qui était là depuis hier est aussi très importante <eos>,13,importante,important,11,F,P,importante,-4.203024,important,-8.142906,1
4149,S_NOUN_8_ADJ_a,F,S,la pochette avec les valises qui était là depuis hier est aussi très courte <eos>,13,courte,court,11,F,P,courte,-5.404315,court,-7.166191,1
4150,S_NOUN_8_ADJ_a,F,S,la pochette avec les valises qui était là depuis hier est aussi très dure <eos>,13,dure,dur,11,F,P,dure,-6.176359,dur,-9.186547,1
4151,S_NOUN_8_ADJ_a,F,S,la pochette avec les valises qui était là depuis hier est aussi très claire <eos>,13,claire,clair,11,F,P,claire,-5.0903616,clair,-8.751055,1
4152,S_NOUN_8_ADJ_a,F,S,la pochette avec les valises qui était là depuis hier est aussi très intéressante <eos>,13,intéressante,intéressant,11,F,P,intéressante,-4.7687397,intéressant,-8.384672,1
4153,S_NOUN_8_ADJ_a,F,S,la pochette avec les valises qui était là depuis hier est aussi très brillante <eos>,13,brillante,brillant,11,F,P,brillante,-6.355718,brillant,-10.794483,1
4154,S_NOUN_8_ADJ_a,F,S,la pochette avec les valises qui était là depuis hier est aussi très compliquée <eos>,13,compliquée,compliqué,11,F,P,compliquée,-5.974208,compliqué,-8.79952,1
4155,S_NOUN_8_ADJ_a,F,S,la pochette avec les pendules qui était là depuis hier est aussi très verte <eos>,13,verte,vert,11,F,P,verte,-8.98646,vert,-11.187741,1
4156,S_NOUN_8_ADJ_a,F,S,la pochette avec les pendules qui était là depuis hier est aussi très bleue <eos>,13,bleue,bleu,11,F,P,bleue,-10.95553,bleu,-11.325649,1
4157,S_NOUN_8_ADJ_a,F,S,la pochette avec les pendules qui était là depuis hier est aussi très noire <eos>,13,noire,noir,11,F,P,noire,-7.320166,noir,-11.146168,1
4158,S_NOUN_8_ADJ_a,F,S,la pochette avec les pendules qui était là depuis hier est aussi très délicate <eos>,13,délicate,délicat,11,F,P,délicate,-6.074991,délicat,-10.105927,1
4159,S_NOUN_8_ADJ_a,F,S,la pochette avec les pendules qui était là depuis hier est aussi très pointue <eos>,13,pointue,pointu,11,F,P,pointue,-9.763231,pointu,-11.727687,1
4160,S_NOUN_8_ADJ_a,F,S,la pochette avec les pendules qui était là depuis hier est aussi très ronde <eos>,13,ronde,rond,11,F,P,ronde,-10.534504,rond,-14.087141,1
4161,S_NOUN_8_ADJ_a,F,S,la pochette avec les pendules qui était là depuis hier est aussi très froide <eos>,13,froide,froid,11,F,P,froide,-9.513492,froid,-11.019373,1
4162,S_NOUN_8_ADJ_a,F,S,la pochette avec les pendules qui était là depuis hier est aussi très chaude <eos>,13,chaude,chaud,11,F,P,chaude,-7.068474,chaud,-10.875461,1
4163,S_NOUN_8_ADJ_a,F,S,la pochette avec les pendules qui était là depuis hier est aussi très importante <eos>,13,importante,important,11,F,P,importante,-4.862792,important,-8.606395,1
4164,S_NOUN_8_ADJ_a,F,S,la pochette avec les pendules qui était là depuis hier est aussi très courte <eos>,13,courte,court,11,F,P,courte,-5.5370283,court,-7.143406,1
4165,S_NOUN_8_ADJ_a,F,S,la pochette avec les pendules qui était là depuis hier est aussi très dure <eos>,13,dure,dur,11,F,P,dure,-6.259636,dur,-9.166424,1
4166,S_NOUN_8_ADJ_a,F,S,la pochette avec les pendules qui était là depuis hier est aussi très claire <eos>,13,claire,clair,11,F,P,claire,-4.8756247,clair,-8.211843,1
4167,S_NOUN_8_ADJ_a,F,S,la pochette avec les pendules qui était là depuis hier est aussi très intéressante <eos>,13,intéressante,intéressant,11,F,P,intéressante,-5.309902,intéressant,-8.766656,1
4168,S_NOUN_8_ADJ_a,F,S,la pochette avec les pendules qui était là depuis hier est aussi très brillante <eos>,13,brillante,brillant,11,F,P,brillante,-6.5755167,brillant,-10.607296,1
4169,S_NOUN_8_ADJ_a,F,S,la pochette avec les pendules qui était là depuis hier est aussi très compliquée <eos>,13,compliquée,compliqué,11,F,P,compliquée,-5.505961,compliqué,-8.5143795,1
4170,S_NOUN_8_ADJ_a,F,S,la pochette avec les cloches qui était là depuis hier est aussi très verte <eos>,13,verte,vert,11,F,P,verte,-8.496466,vert,-10.846025,1
4171,S_NOUN_8_ADJ_a,F,S,la pochette avec les cloches qui était là depuis hier est aussi très bleue <eos>,13,bleue,bleu,11,F,P,bleue,-10.438921,bleu,-11.105144,1
4172,S_NOUN_8_ADJ_a,F,S,la pochette avec les cloches qui était là depuis hier est aussi très noire <eos>,13,noire,noir,11,F,P,noire,-7.2436028,noir,-11.467831,1
4173,S_NOUN_8_ADJ_a,F,S,la pochette avec les cloches qui était là depuis hier est aussi très délicate <eos>,13,délicate,délicat,11,F,P,délicate,-5.956379,délicat,-9.850999,1
4174,S_NOUN_8_ADJ_a,F,S,la pochette avec les cloches qui était là depuis hier est aussi très pointue <eos>,13,pointue,pointu,11,F,P,pointue,-10.307566,pointu,-12.585857,1
4175,S_NOUN_8_ADJ_a,F,S,la pochette avec les cloches qui était là depuis hier est aussi très ronde <eos>,13,ronde,rond,11,F,P,ronde,-10.6089115,rond,-14.197719,1
4176,S_NOUN_8_ADJ_a,F,S,la pochette avec les cloches qui était là depuis hier est aussi très froide <eos>,13,froide,froid,11,F,P,froide,-8.661522,froid,-10.778733,1
4177,S_NOUN_8_ADJ_a,F,S,la pochette avec les cloches qui était là depuis hier est aussi très chaude <eos>,13,chaude,chaud,11,F,P,chaude,-5.9634085,chaud,-10.580296,1
4178,S_NOUN_8_ADJ_a,F,S,la pochette avec les cloches qui était là depuis hier est aussi très importante <eos>,13,importante,important,11,F,P,importante,-4.677486,important,-8.764494,1
4179,S_NOUN_8_ADJ_a,F,S,la pochette avec les cloches qui était là depuis hier est aussi très courte <eos>,13,courte,court,11,F,P,courte,-5.6128697,court,-7.576242,1
4180,S_NOUN_8_ADJ_a,F,S,la pochette avec les cloches qui était là depuis hier est aussi très dure <eos>,13,dure,dur,11,F,P,dure,-5.9055204,dur,-8.919337,1
4181,S_NOUN_8_ADJ_a,F,S,la pochette avec les cloches qui était là depuis hier est aussi très claire <eos>,13,claire,clair,11,F,P,claire,-4.700038,clair,-8.11922,1
4182,S_NOUN_8_ADJ_a,F,S,la pochette avec les cloches qui était là depuis hier est aussi très intéressante <eos>,13,intéressante,intéressant,11,F,P,intéressante,-4.9811306,intéressant,-8.620265,1
4183,S_NOUN_8_ADJ_a,F,S,la pochette avec les cloches qui était là depuis hier est aussi très brillante <eos>,13,brillante,brillant,11,F,P,brillante,-5.8993325,brillant,-10.398935,1
4184,S_NOUN_8_ADJ_a,F,S,la pochette avec les cloches qui était là depuis hier est aussi très compliquée <eos>,13,compliquée,compliqué,11,F,P,compliquée,-6.283017,compliqué,-9.124962,1
4185,S_NOUN_8_ADJ_a,F,S,la pochette avec les cerises qui était là depuis hier est aussi très verte <eos>,13,verte,vert,11,F,P,verte,-8.900682,vert,-11.120703,1
4186,S_NOUN_8_ADJ_a,F,S,la pochette avec les cerises qui était là depuis hier est aussi très bleue <eos>,13,bleue,bleu,11,F,P,bleue,-11.039809,bleu,-11.47745,1
4187,S_NOUN_8_ADJ_a,F,S,la pochette avec les cerises qui était là depuis hier est aussi très noire <eos>,13,noire,noir,11,F,P,noire,-7.621382,noir,-11.302927,1
4188,S_NOUN_8_ADJ_a,F,S,la pochette avec les cerises qui était là depuis hier est aussi très délicate <eos>,13,délicate,délicat,11,F,P,délicate,-5.996851,délicat,-9.517013,1
4189,S_NOUN_8_ADJ_a,F,S,la pochette avec les cerises qui était là depuis hier est aussi très pointue <eos>,13,pointue,pointu,11,F,P,pointue,-10.35544,pointu,-11.808159,1
4190,S_NOUN_8_ADJ_a,F,S,la pochette avec les cerises qui était là depuis hier est aussi très ronde <eos>,13,ronde,rond,11,F,P,ronde,-10.712711,rond,-13.88547,1
4191,S_NOUN_8_ADJ_a,F,S,la pochette avec les cerises qui était là depuis hier est aussi très froide <eos>,13,froide,froid,11,F,P,froide,-9.02516,froid,-10.223129,1
4192,S_NOUN_8_ADJ_a,F,S,la pochette avec les cerises qui était là depuis hier est aussi très chaude <eos>,13,chaude,chaud,11,F,P,chaude,-6.7613077,chaud,-10.550943,1
4193,S_NOUN_8_ADJ_a,F,S,la pochette avec les cerises qui était là depuis hier est aussi très importante <eos>,13,importante,important,11,F,P,importante,-4.345396,important,-8.2888365,1
4194,S_NOUN_8_ADJ_a,F,S,la pochette avec les cerises qui était là depuis hier est aussi très courte <eos>,13,courte,court,11,F,P,courte,-5.883642,court,-7.5218678,1
4195,S_NOUN_8_ADJ_a,F,S,la pochette avec les cerises qui était là depuis hier est aussi très dure <eos>,13,dure,dur,11,F,P,dure,-5.828253,dur,-8.985478,1
4196,S_NOUN_8_ADJ_a,F,S,la pochette avec les cerises qui était là depuis hier est aussi très claire <eos>,13,claire,clair,11,F,P,claire,-4.5596685,clair,-8.126599,1
4197,S_NOUN_8_ADJ_a,F,S,la pochette avec les cerises qui était là depuis hier est aussi très intéressante <eos>,13,intéressante,intéressant,11,F,P,intéressante,-5.4884396,intéressant,-8.834035,1
4198,S_NOUN_8_ADJ_a,F,S,la pochette avec les cerises qui était là depuis hier est aussi très brillante <eos>,13,brillante,brillant,11,F,P,brillante,-6.263691,brillant,-10.656717,1
4199,S_NOUN_8_ADJ_a,F,S,la pochette avec les cerises qui était là depuis hier est aussi très compliquée <eos>,13,compliquée,compliqué,11,F,P,compliquée,-6.3313565,compliqué,-9.455297,1
4200,S_NOUN_8_ADJ_a,F,S,la banane avec les gemmes qui était là depuis hier est aussi très verte <eos>,13,verte,vert,11,F,P,verte,-8.585717,vert,-11.462061,1
4201,S_NOUN_8_ADJ_a,F,S,la banane avec les gemmes qui était là depuis hier est aussi très bleue <eos>,13,bleue,bleu,11,F,P,bleue,-11.169279,bleu,-12.279732,1
4202,S_NOUN_8_ADJ_a,F,S,la banane avec les gemmes qui était là depuis hier est aussi très noire <eos>,13,noire,noir,11,F,P,noire,-7.7981534,noir,-12.003529,1
4203,S_NOUN_8_ADJ_a,F,S,la banane avec les gemmes qui était là depuis hier est aussi très délicate <eos>,13,délicate,délicat,11,F,P,délicate,-6.945649,délicat,-10.475981,1
4204,S_NOUN_8_ADJ_a,F,S,la banane avec les gemmes qui était là depuis hier est aussi très pointue <eos>,13,pointue,pointu,11,F,P,pointue,-10.30649,pointu,-12.324265,1
4205,S_NOUN_8_ADJ_a,F,S,la banane avec les gemmes qui était là depuis hier est aussi très ronde <eos>,13,ronde,rond,11,F,P,ronde,-11.143148,rond,-14.7371025,1
4206,S_NOUN_8_ADJ_a,F,S,la banane avec les gemmes qui était là depuis hier est aussi très froide <eos>,13,froide,froid,11,F,P,froide,-7.6481056,froid,-9.438021,1
4207,S_NOUN_8_ADJ_a,F,S,la banane avec les gemmes qui était là depuis hier est aussi très chaude <eos>,13,chaude,chaud,11,F,P,chaude,-5.5290413,chaud,-9.353848,1
4208,S_NOUN_8_ADJ_a,F,S,la banane avec les gemmes qui était là depuis hier est aussi très importante <eos>,13,importante,important,11,F,P,importante,-3.726558,important,-7.5491123,1
4209,S_NOUN_8_ADJ_a,F,S,la banane avec les gemmes qui était là depuis hier est aussi très courte <eos>,13,courte,court,11,F,P,courte,-6.565509,court,-8.283722,1
4210,S_NOUN_8_ADJ_a,F,S,la banane avec les gemmes qui était là depuis hier est aussi très dure <eos>,13,dure,dur,11,F,P,dure,-6.2494593,dur,-7.2826586,1
4211,S_NOUN_8_ADJ_a,F,S,la banane avec les gemmes qui était là depuis hier est aussi très claire <eos>,13,claire,clair,11,F,P,claire,-5.35997,clair,-8.631416,1
4212,S_NOUN_8_ADJ_a,F,S,la banane avec les gemmes qui était là depuis hier est aussi très intéressante <eos>,13,intéressante,intéressant,11,F,P,intéressante,-6.0846047,intéressant,-9.295267,1
4213,S_NOUN_8_ADJ_a,F,S,la banane avec les gemmes qui était là depuis hier est aussi très brillante <eos>,13,brillante,brillant,11,F,P,brillante,-6.489018,brillant,-10.132157,1
4214,S_NOUN_8_ADJ_a,F,S,la banane avec les gemmes qui était là depuis hier est aussi très compliquée <eos>,13,compliquée,compliqué,11,F,P,compliquée,-7.6274824,compliqué,-9.308844,1
4215,S_NOUN_8_ADJ_a,F,S,la banane avec les chaises qui était là depuis hier est aussi très verte <eos>,13,verte,vert,11,F,P,verte,-8.567802,vert,-11.330078,1
4216,S_NOUN_8_ADJ_a,F,S,la banane avec les chaises qui était là depuis hier est aussi très bleue <eos>,13,bleue,bleu,11,F,P,bleue,-11.458586,bleu,-12.146807,1
4217,S_NOUN_8_ADJ_a,F,S,la banane avec les chaises qui était là depuis hier est aussi très noire <eos>,13,noire,noir,11,F,P,noire,-7.8333225,noir,-12.397492,1
4218,S_NOUN_8_ADJ_a,F,S,la banane avec les chaises qui était là depuis hier est aussi très délicate <eos>,13,délicate,délicat,11,F,P,délicate,-7.405431,délicat,-10.116017,1
4219,S_NOUN_8_ADJ_a,F,S,la banane avec les chaises qui était là depuis hier est aussi très pointue <eos>,13,pointue,pointu,11,F,P,pointue,-9.579947,pointu,-11.546018,1
4220,S_NOUN_8_ADJ_a,F,S,la banane avec les chaises qui était là depuis hier est aussi très ronde <eos>,13,ronde,rond,11,F,P,ronde,-10.482125,rond,-13.776978,1
4221,S_NOUN_8_ADJ_a,F,S,la banane avec les chaises qui était là depuis hier est aussi très froide <eos>,13,froide,froid,11,F,P,froide,-8.117741,froid,-10.758396,1
4222,S_NOUN_8_ADJ_a,F,S,la banane avec les chaises qui était là depuis hier est aussi très chaude <eos>,13,chaude,chaud,11,F,P,chaude,-5.291136,chaud,-10.059584,1
4223,S_NOUN_8_ADJ_a,F,S,la banane avec les chaises qui était là depuis hier est aussi très importante <eos>,13,importante,important,11,F,P,importante,-3.8827708,important,-7.7777195,1
4224,S_NOUN_8_ADJ_a,F,S,la banane avec les chaises qui était là depuis hier est aussi très courte <eos>,13,courte,court,11,F,P,courte,-6.2975225,court,-7.94444,1
4225,S_NOUN_8_ADJ_a,F,S,la banane avec les chaises qui était là depuis hier est aussi très dure <eos>,13,dure,dur,11,F,P,dure,-6.2946258,dur,-7.697411,1
4226,S_NOUN_8_ADJ_a,F,S,la banane avec les chaises qui était là depuis hier est aussi très claire <eos>,13,claire,clair,11,F,P,claire,-5.319557,clair,-8.758164,1
4227,S_NOUN_8_ADJ_a,F,S,la banane avec les chaises qui était là depuis hier est aussi très intéressante <eos>,13,intéressante,intéressant,11,F,P,intéressante,-6.2174993,intéressant,-9.261435,1
4228,S_NOUN_8_ADJ_a,F,S,la banane avec les chaises qui était là depuis hier est aussi très brillante <eos>,13,brillante,brillant,11,F,P,brillante,-6.6459894,brillant,-10.300096,1
4229,S_NOUN_8_ADJ_a,F,S,la banane avec les chaises qui était là depuis hier est aussi très compliquée <eos>,13,compliquée,compliqué,11,F,P,compliquée,-7.8926506,compliqué,-9.570961,1
4230,S_NOUN_8_ADJ_a,F,S,la banane avec les poubelles qui était là depuis hier est aussi très verte <eos>,13,verte,vert,11,F,P,verte,-8.810209,vert,-11.861788,1
4231,S_NOUN_8_ADJ_a,F,S,la banane avec les poubelles qui était là depuis hier est aussi très bleue <eos>,13,bleue,bleu,11,F,P,bleue,-11.9310055,bleu,-12.678398,1
4232,S_NOUN_8_ADJ_a,F,S,la banane avec les poubelles qui était là depuis hier est aussi très noire <eos>,13,noire,noir,11,F,P,noire,-8.064026,noir,-12.700174,1
4233,S_NOUN_8_ADJ_a,F,S,la banane avec les poubelles qui était là depuis hier est aussi très délicate <eos>,13,délicate,délicat,11,F,P,délicate,-6.8383656,délicat,-10.200921,1
4234,S_NOUN_8_ADJ_a,F,S,la banane avec les poubelles qui était là depuis hier est aussi très pointue <eos>,13,pointue,pointu,11,F,P,pointue,-9.3004,pointu,-11.362091,1
4235,S_NOUN_8_ADJ_a,F,S,la banane avec les poubelles qui était là depuis hier est aussi très ronde <eos>,13,ronde,rond,11,F,P,ronde,-10.689109,rond,-14.236828,1
4236,S_NOUN_8_ADJ_a,F,S,la banane avec les poubelles qui était là depuis hier est aussi très froide <eos>,13,froide,froid,11,F,P,froide,-7.5455523,froid,-10.275008,1
4237,S_NOUN_8_ADJ_a,F,S,la banane avec les poubelles qui était là depuis hier est aussi très chaude <eos>,13,chaude,chaud,11,F,P,chaude,-5.6706243,chaud,-9.872009,1
4238,S_NOUN_8_ADJ_a,F,S,la banane avec les poubelles qui était là depuis hier est aussi très importante <eos>,13,importante,important,11,F,P,importante,-3.696285,important,-7.3610535,1
4239,S_NOUN_8_ADJ_a,F,S,la banane avec les poubelles qui était là depuis hier est aussi très courte <eos>,13,courte,court,11,F,P,courte,-6.435786,court,-8.0105915,1
4240,S_NOUN_8_ADJ_a,F,S,la banane avec les poubelles qui était là depuis hier est aussi très dure <eos>,13,dure,dur,11,F,P,dure,-6.5199213,dur,-7.505312,1
4241,S_NOUN_8_ADJ_a,F,S,la banane avec les poubelles qui était là depuis hier est aussi très claire <eos>,13,claire,clair,11,F,P,claire,-5.2807097,clair,-8.906879,1
4242,S_NOUN_8_ADJ_a,F,S,la banane avec les poubelles qui était là depuis hier est aussi très intéressante <eos>,13,intéressante,intéressant,11,F,P,intéressante,-6.007907,intéressant,-9.075618,1
4243,S_NOUN_8_ADJ_a,F,S,la banane avec les poubelles qui était là depuis hier est aussi très brillante <eos>,13,brillante,brillant,11,F,P,brillante,-7.196456,brillant,-10.510211,1
4244,S_NOUN_8_ADJ_a,F,S,la banane avec les poubelles qui était là depuis hier est aussi très compliquée <eos>,13,compliquée,compliqué,11,F,P,compliquée,-7.408283,compliqué,-9.173193,1
4245,S_NOUN_8_ADJ_a,F,S,la banane avec les chemises qui était là depuis hier est aussi très verte <eos>,13,verte,vert,11,F,P,verte,-8.597523,vert,-11.328478,1
4246,S_NOUN_8_ADJ_a,F,S,la banane avec les chemises qui était là depuis hier est aussi très bleue <eos>,13,bleue,bleu,11,F,P,bleue,-11.093502,bleu,-12.076296,1
4247,S_NOUN_8_ADJ_a,F,S,la banane avec les chemises qui était là depuis hier est aussi très noire <eos>,13,noire,noir,11,F,P,noire,-7.3310547,noir,-11.985504,1
4248,S_NOUN_8_ADJ_a,F,S,la banane avec les chemises qui était là depuis hier est aussi très délicate <eos>,13,délicate,délicat,11,F,P,délicate,-7.3194647,délicat,-10.247457,1
4249,S_NOUN_8_ADJ_a,F,S,la banane avec les chemises qui était là depuis hier est aussi très pointue <eos>,13,pointue,pointu,11,F,P,pointue,-9.201304,pointu,-11.173048,1
4250,S_NOUN_8_ADJ_a,F,S,la banane avec les chemises qui était là depuis hier est aussi très ronde <eos>,13,ronde,rond,11,F,P,ronde,-10.375179,rond,-13.804084,1
4251,S_NOUN_8_ADJ_a,F,S,la banane avec les chemises qui était là depuis hier est aussi très froide <eos>,13,froide,froid,11,F,P,froide,-8.208647,froid,-11.021638,1
4252,S_NOUN_8_ADJ_a,F,S,la banane avec les chemises qui était là depuis hier est aussi très chaude <eos>,13,chaude,chaud,11,F,P,chaude,-6.1338043,chaud,-10.379533,1
4253,S_NOUN_8_ADJ_a,F,S,la banane avec les chemises qui était là depuis hier est aussi très importante <eos>,13,importante,important,11,F,P,importante,-4.2664027,important,-7.9974313,1
4254,S_NOUN_8_ADJ_a,F,S,la banane avec les chemises qui était là depuis hier est aussi très courte <eos>,13,courte,court,11,F,P,courte,-5.8495255,court,-7.5493097,1
4255,S_NOUN_8_ADJ_a,F,S,la banane avec les chemises qui était là depuis hier est aussi très dure <eos>,13,dure,dur,11,F,P,dure,-6.3857093,dur,-7.5718036,1
4256,S_NOUN_8_ADJ_a,F,S,la banane avec les chemises qui était là depuis hier est aussi très claire <eos>,13,claire,clair,11,F,P,claire,-5.382654,clair,-8.582092,1
4257,S_NOUN_8_ADJ_a,F,S,la banane avec les chemises qui était là depuis hier est aussi très intéressante <eos>,13,intéressante,intéressant,11,F,P,intéressante,-6.4505043,intéressant,-9.5036,1
4258,S_NOUN_8_ADJ_a,F,S,la banane avec les chemises qui était là depuis hier est aussi très brillante <eos>,13,brillante,brillant,11,F,P,brillante,-6.893297,brillant,-10.329159,1
4259,S_NOUN_8_ADJ_a,F,S,la banane avec les chemises qui était là depuis hier est aussi très compliquée <eos>,13,compliquée,compliqué,11,F,P,compliquée,-7.484398,compliqué,-9.181225,1
4260,S_NOUN_8_ADJ_a,F,S,la banane avec les recettes qui était là depuis hier est aussi très verte <eos>,13,verte,vert,11,F,P,verte,-9.195202,vert,-11.83634,1
4261,S_NOUN_8_ADJ_a,F,S,la banane avec les recettes qui était là depuis hier est aussi très bleue <eos>,13,bleue,bleu,11,F,P,bleue,-12.676004,bleu,-13.001703,1
4262,S_NOUN_8_ADJ_a,F,S,la banane avec les recettes qui était là depuis hier est aussi très noire <eos>,13,noire,noir,11,F,P,noire,-9.311125,noir,-12.356535,1
4263,S_NOUN_8_ADJ_a,F,S,la banane avec les recettes qui était là depuis hier est aussi très délicate <eos>,13,délicate,délicat,11,F,P,délicate,-7.22128,délicat,-10.321738,1
4264,S_NOUN_8_ADJ_a,F,S,la banane avec les recettes qui était là depuis hier est aussi très pointue <eos>,13,pointue,pointu,11,F,P,pointue,-10.456555,pointu,-12.047428,1
4265,S_NOUN_8_ADJ_a,F,S,la banane avec les recettes qui était là depuis hier est aussi très ronde <eos>,13,ronde,rond,11,F,P,ronde,-11.6303005,rond,-14.503668,1
4266,S_NOUN_8_ADJ_a,F,S,la banane avec les recettes qui était là depuis hier est aussi très froide <eos>,13,froide,froid,11,F,P,froide,-8.5354395,froid,-9.976654,1
4267,S_NOUN_8_ADJ_a,F,S,la banane avec les recettes qui était là depuis hier est aussi très chaude <eos>,13,chaude,chaud,11,F,P,chaude,-6.01674,chaud,-9.739382,1
4268,S_NOUN_8_ADJ_a,F,S,la banane avec les recettes qui était là depuis hier est aussi très importante <eos>,13,importante,important,11,F,P,importante,-3.2106903,important,-6.815112,1
4269,S_NOUN_8_ADJ_a,F,S,la banane avec les recettes qui était là depuis hier est aussi très courte <eos>,13,courte,court,11,F,P,courte,-6.7377653,court,-8.196179,1
4270,S_NOUN_8_ADJ_a,F,S,la banane avec les recettes qui était là depuis hier est aussi très dure <eos>,13,dure,dur,11,F,P,dure,-6.865843,dur,-7.4652853,1
4271,S_NOUN_8_ADJ_a,F,S,la banane avec les recettes qui était là depuis hier est aussi très claire <eos>,13,claire,clair,11,F,P,claire,-6.1357627,clair,-9.220491,1
4272,S_NOUN_8_ADJ_a,F,S,la banane avec les recettes qui était là depuis hier est aussi très intéressante <eos>,13,intéressante,intéressant,11,F,P,intéressante,-6.028709,intéressant,-9.162859,1
4273,S_NOUN_8_ADJ_a,F,S,la banane avec les recettes qui était là depuis hier est aussi très brillante <eos>,13,brillante,brillant,11,F,P,brillante,-7.486169,brillant,-10.686836,1
4274,S_NOUN_8_ADJ_a,F,S,la banane avec les recettes qui était là depuis hier est aussi très compliquée <eos>,13,compliquée,compliqué,11,F,P,compliquée,-8.333701,compliqué,-9.43095,1
4275,S_NOUN_8_ADJ_a,F,S,la banane avec les jupes qui était là depuis hier est aussi très verte <eos>,13,verte,vert,11,F,P,verte,-8.810959,vert,-11.605875,1
4276,S_NOUN_8_ADJ_a,F,S,la banane avec les jupes qui était là depuis hier est aussi très bleue <eos>,13,bleue,bleu,11,F,P,bleue,-11.304498,bleu,-12.15514,1
4277,S_NOUN_8_ADJ_a,F,S,la banane avec les jupes qui était là depuis hier est aussi très noire <eos>,13,noire,noir,11,F,P,noire,-7.274743,noir,-11.963107,1
4278,S_NOUN_8_ADJ_a,F,S,la banane avec les jupes qui était là depuis hier est aussi très délicate <eos>,13,délicate,délicat,11,F,P,délicate,-7.3422327,délicat,-9.948385,1
4279,S_NOUN_8_ADJ_a,F,S,la banane avec les jupes qui était là depuis hier est aussi très pointue <eos>,13,pointue,pointu,11,F,P,pointue,-8.722345,pointu,-10.523031,1
4280,S_NOUN_8_ADJ_a,F,S,la banane avec les jupes qui était là depuis hier est aussi très ronde <eos>,13,ronde,rond,11,F,P,ronde,-10.078385,rond,-13.384738,1
4281,S_NOUN_8_ADJ_a,F,S,la banane avec les jupes qui était là depuis hier est aussi très froide <eos>,13,froide,froid,11,F,P,froide,-8.20216,froid,-11.019728,1
4282,S_NOUN_8_ADJ_a,F,S,la banane avec les jupes qui était là depuis hier est aussi très chaude <eos>,13,chaude,chaud,11,F,P,chaude,-6.24285,chaud,-10.550528,1
4283,S_NOUN_8_ADJ_a,F,S,la banane avec les jupes qui était là depuis hier est aussi très importante <eos>,13,importante,important,11,F,P,importante,-4.4025984,important,-8.042227,1
4284,S_NOUN_8_ADJ_a,F,S,la banane avec les jupes qui était là depuis hier est aussi très courte <eos>,13,courte,court,11,F,P,courte,-5.573244,court,-7.20613,1
4285,S_NOUN_8_ADJ_a,F,S,la banane avec les jupes qui était là depuis hier est aussi très dure <eos>,13,dure,dur,11,F,P,dure,-6.537833,dur,-7.5378532,1
4286,S_NOUN_8_ADJ_a,F,S,la banane avec les jupes qui était là depuis hier est aussi très claire <eos>,13,claire,clair,11,F,P,claire,-5.1628094,clair,-8.5304785,1
4287,S_NOUN_8_ADJ_a,F,S,la banane avec les jupes qui était là depuis hier est aussi très intéressante <eos>,13,intéressante,intéressant,11,F,P,intéressante,-6.420845,intéressant,-9.448743,1
4288,S_NOUN_8_ADJ_a,F,S,la banane avec les jupes qui était là depuis hier est aussi très brillante <eos>,13,brillante,brillant,11,F,P,brillante,-6.939383,brillant,-10.453182,1
4289,S_NOUN_8_ADJ_a,F,S,la banane avec les jupes qui était là depuis hier est aussi très compliquée <eos>,13,compliquée,compliqué,11,F,P,compliquée,-7.3577642,compliqué,-9.01506,1
4290,S_NOUN_8_ADJ_a,F,S,la banane avec les colles qui était là depuis hier est aussi très verte <eos>,13,verte,vert,11,F,P,verte,-9.354378,vert,-12.198251,1
4291,S_NOUN_8_ADJ_a,F,S,la banane avec les colles qui était là depuis hier est aussi très bleue <eos>,13,bleue,bleu,11,F,P,bleue,-12.148176,bleu,-12.893887,1
4292,S_NOUN_8_ADJ_a,F,S,la banane avec les colles qui était là depuis hier est aussi très noire <eos>,13,noire,noir,11,F,P,noire,-8.906448,noir,-12.96143,1
4293,S_NOUN_8_ADJ_a,F,S,la banane avec les colles qui était là depuis hier est aussi très délicate <eos>,13,délicate,délicat,11,F,P,délicate,-6.9008822,délicat,-10.073694,1
4294,S_NOUN_8_ADJ_a,F,S,la banane avec les colles qui était là depuis hier est aussi très pointue <eos>,13,pointue,pointu,11,F,P,pointue,-9.744072,pointu,-11.865666,1
4295,S_NOUN_8_ADJ_a,F,S,la banane avec les colles qui était là depuis hier est aussi très ronde <eos>,13,ronde,rond,11,F,P,ronde,-11.113413,rond,-14.241947,1
4296,S_NOUN_8_ADJ_a,F,S,la banane avec les colles qui était là depuis hier est aussi très froide <eos>,13,froide,froid,11,F,P,froide,-7.6453495,froid,-10.3108015,1
4297,S_NOUN_8_ADJ_a,F,S,la banane avec les colles qui était là depuis hier est aussi très chaude <eos>,13,chaude,chaud,11,F,P,chaude,-5.606778,chaud,-9.915635,1
4298,S_NOUN_8_ADJ_a,F,S,la banane avec les colles qui était là depuis hier est aussi très importante <eos>,13,importante,important,11,F,P,importante,-3.7987,important,-7.5142527,1
4299,S_NOUN_8_ADJ_a,F,S,la banane avec les colles qui était là depuis hier est aussi très courte <eos>,13,courte,court,11,F,P,courte,-6.7371507,court,-8.42997,1
4300,S_NOUN_8_ADJ_a,F,S,la banane avec les colles qui était là depuis hier est aussi très dure <eos>,13,dure,dur,11,F,P,dure,-6.930271,dur,-7.519,1
4301,S_NOUN_8_ADJ_a,F,S,la banane avec les colles qui était là depuis hier est aussi très claire <eos>,13,claire,clair,11,F,P,claire,-5.811118,clair,-8.977195,1
4302,S_NOUN_8_ADJ_a,F,S,la banane avec les colles qui était là depuis hier est aussi très intéressante <eos>,13,intéressante,intéressant,11,F,P,intéressante,-5.942248,intéressant,-9.023226,1
4303,S_NOUN_8_ADJ_a,F,S,la banane avec les colles qui était là depuis hier est aussi très brillante <eos>,13,brillante,brillant,11,F,P,brillante,-7.1726255,brillant,-10.463845,1
4304,S_NOUN_8_ADJ_a,F,S,la banane avec les colles qui était là depuis hier est aussi très compliquée <eos>,13,compliquée,compliqué,11,F,P,compliquée,-7.294159,compliqué,-8.960713,1
4305,S_NOUN_8_ADJ_a,F,S,la banane avec les lampes qui était là depuis hier est aussi très verte <eos>,13,verte,vert,11,F,P,verte,-8.288244,vert,-11.281735,1
4306,S_NOUN_8_ADJ_a,F,S,la banane avec les lampes qui était là depuis hier est aussi très bleue <eos>,13,bleue,bleu,11,F,P,bleue,-11.268778,bleu,-12.13245,1
4307,S_NOUN_8_ADJ_a,F,S,la banane avec les lampes qui était là depuis hier est aussi très noire <eos>,13,noire,noir,11,F,P,noire,-7.889427,noir,-12.02859,1
4308,S_NOUN_8_ADJ_a,F,S,la banane avec les lampes qui était là depuis hier est aussi très délicate <eos>,13,délicate,délicat,11,F,P,délicate,-6.801226,délicat,-10.004229,1
4309,S_NOUN_8_ADJ_a,F,S,la banane avec les lampes qui était là depuis hier est aussi très pointue <eos>,13,pointue,pointu,11,F,P,pointue,-9.274898,pointu,-11.569386,1
4310,S_NOUN_8_ADJ_a,F,S,la banane avec les lampes qui était là depuis hier est aussi très ronde <eos>,13,ronde,rond,11,F,P,ronde,-10.74055,rond,-14.151923,1
4311,S_NOUN_8_ADJ_a,F,S,la banane avec les lampes qui était là depuis hier est aussi très froide <eos>,13,froide,froid,11,F,P,froide,-7.755718,froid,-10.307214,1
4312,S_NOUN_8_ADJ_a,F,S,la banane avec les lampes qui était là depuis hier est aussi très chaude <eos>,13,chaude,chaud,11,F,P,chaude,-5.36922,chaud,-9.485978,1
4313,S_NOUN_8_ADJ_a,F,S,la banane avec les lampes qui était là depuis hier est aussi très importante <eos>,13,importante,important,11,F,P,importante,-4.0725107,important,-7.84984,1
4314,S_NOUN_8_ADJ_a,F,S,la banane avec les lampes qui était là depuis hier est aussi très courte <eos>,13,courte,court,11,F,P,courte,-6.17253,court,-7.819441,1
4315,S_NOUN_8_ADJ_a,F,S,la banane avec les lampes qui était là depuis hier est aussi très dure <eos>,13,dure,dur,11,F,P,dure,-6.2012463,dur,-7.397588,1
4316,S_NOUN_8_ADJ_a,F,S,la banane avec les lampes qui était là depuis hier est aussi très claire <eos>,13,claire,clair,11,F,P,claire,-5.4150963,clair,-8.573456,1
4317,S_NOUN_8_ADJ_a,F,S,la banane avec les lampes qui était là depuis hier est aussi très intéressante <eos>,13,intéressante,intéressant,11,F,P,intéressante,-6.1110077,intéressant,-9.272263,1
4318,S_NOUN_8_ADJ_a,F,S,la banane avec les lampes qui était là depuis hier est aussi très brillante <eos>,13,brillante,brillant,11,F,P,brillante,-6.1419935,brillant,-9.788759,1
4319,S_NOUN_8_ADJ_a,F,S,la banane avec les lampes qui était là depuis hier est aussi très compliquée <eos>,13,compliquée,compliqué,11,F,P,compliquée,-7.171377,compliqué,-9.042797,1
4320,S_NOUN_8_ADJ_a,F,S,la banane avec les bouteilles qui était là depuis hier est aussi très verte <eos>,13,verte,vert,11,F,P,verte,-8.830923,vert,-11.329808,1
4321,S_NOUN_8_ADJ_a,F,S,la banane avec les bouteilles qui était là depuis hier est aussi très bleue <eos>,13,bleue,bleu,11,F,P,bleue,-11.821986,bleu,-12.388481,1
4322,S_NOUN_8_ADJ_a,F,S,la banane avec les bouteilles qui était là depuis hier est aussi très noire <eos>,13,noire,noir,11,F,P,noire,-8.411024,noir,-11.949578,1
4323,S_NOUN_8_ADJ_a,F,S,la banane avec les bouteilles qui était là depuis hier est aussi très délicate <eos>,13,délicate,délicat,11,F,P,délicate,-6.870222,délicat,-10.056995,1
4324,S_NOUN_8_ADJ_a,F,S,la banane avec les bouteilles qui était là depuis hier est aussi très pointue <eos>,13,pointue,pointu,11,F,P,pointue,-9.918871,pointu,-11.746389,1
4325,S_NOUN_8_ADJ_a,F,S,la banane avec les bouteilles qui était là depuis hier est aussi très ronde <eos>,13,ronde,rond,11,F,P,ronde,-10.817852,rond,-13.843737,1
4326,S_NOUN_8_ADJ_a,F,S,la banane avec les bouteilles qui était là depuis hier est aussi très froide <eos>,13,froide,froid,11,F,P,froide,-8.227097,froid,-10.0020275,1
4327,S_NOUN_8_ADJ_a,F,S,la banane avec les bouteilles qui était là depuis hier est aussi très chaude <eos>,13,chaude,chaud,11,F,P,chaude,-5.518796,chaud,-9.576147,1
4328,S_NOUN_8_ADJ_a,F,S,la banane avec les bouteilles qui était là depuis hier est aussi très importante <eos>,13,importante,important,11,F,P,importante,-3.6579092,important,-7.149001,1
4329,S_NOUN_8_ADJ_a,F,S,la banane avec les bouteilles qui était là depuis hier est aussi très courte <eos>,13,courte,court,11,F,P,courte,-6.7016416,court,-8.266062,1
4330,S_NOUN_8_ADJ_a,F,S,la banane avec les bouteilles qui était là depuis hier est aussi très dure <eos>,13,dure,dur,11,F,P,dure,-6.47406,dur,-7.386444,1
4331,S_NOUN_8_ADJ_a,F,S,la banane avec les bouteilles qui était là depuis hier est aussi très claire <eos>,13,claire,clair,11,F,P,claire,-5.518663,clair,-8.719662,1
4332,S_NOUN_8_ADJ_a,F,S,la banane avec les bouteilles qui était là depuis hier est aussi très intéressante <eos>,13,intéressante,intéressant,11,F,P,intéressante,-5.9882717,intéressant,-8.890485,1
4333,S_NOUN_8_ADJ_a,F,S,la banane avec les bouteilles qui était là depuis hier est aussi très brillante <eos>,13,brillante,brillant,11,F,P,brillante,-6.9227347,brillant,-9.890179,1
4334,S_NOUN_8_ADJ_a,F,S,la banane avec les bouteilles qui était là depuis hier est aussi très compliquée <eos>,13,compliquée,compliqué,11,F,P,compliquée,-7.7914715,compliqué,-9.159143,1
4335,S_NOUN_8_ADJ_a,F,S,la banane avec les boissons qui était là depuis hier est aussi très verte <eos>,13,verte,vert,11,F,P,verte,-8.901037,vert,-11.56968,1
4336,S_NOUN_8_ADJ_a,F,S,la banane avec les boissons qui était là depuis hier est aussi très bleue <eos>,13,bleue,bleu,11,F,P,bleue,-11.743265,bleu,-12.615821,1
4337,S_NOUN_8_ADJ_a,F,S,la banane avec les boissons qui était là depuis hier est aussi très noire <eos>,13,noire,noir,11,F,P,noire,-8.423382,noir,-12.441542,1
4338,S_NOUN_8_ADJ_a,F,S,la banane avec les boissons qui était là depuis hier est aussi très délicate <eos>,13,délicate,délicat,11,F,P,délicate,-6.926211,délicat,-10.188816,1
4339,S_NOUN_8_ADJ_a,F,S,la banane avec les boissons qui était là depuis hier est aussi très pointue <eos>,13,pointue,pointu,11,F,P,pointue,-10.760292,pointu,-12.07231,1
4340,S_NOUN_8_ADJ_a,F,S,la banane avec les boissons qui était là depuis hier est aussi très ronde <eos>,13,ronde,rond,11,F,P,ronde,-11.632632,rond,-14.591661,1
4341,S_NOUN_8_ADJ_a,F,S,la banane avec les boissons qui était là depuis hier est aussi très froide <eos>,13,froide,froid,11,F,P,froide,-7.1179657,froid,-9.149364,1
4342,S_NOUN_8_ADJ_a,F,S,la banane avec les boissons qui était là depuis hier est aussi très chaude <eos>,13,chaude,chaud,11,F,P,chaude,-5.174424,chaud,-8.883419,1
4343,S_NOUN_8_ADJ_a,F,S,la banane avec les boissons qui était là depuis hier est aussi très importante <eos>,13,importante,important,11,F,P,importante,-3.798809,important,-7.385415,1
4344,S_NOUN_8_ADJ_a,F,S,la banane avec les boissons qui était là depuis hier est aussi très courte <eos>,13,courte,court,11,F,P,courte,-6.8935547,court,-8.578299,1
4345,S_NOUN_8_ADJ_a,F,S,la banane avec les boissons qui était là depuis hier est aussi très dure <eos>,13,dure,dur,11,F,P,dure,-6.406484,dur,-7.705528,1
4346,S_NOUN_8_ADJ_a,F,S,la banane avec les boissons qui était là depuis hier est aussi très claire <eos>,13,claire,clair,11,F,P,claire,-5.5987825,clair,-8.560895,1
4347,S_NOUN_8_ADJ_a,F,S,la banane avec les boissons qui était là depuis hier est aussi très intéressante <eos>,13,intéressante,intéressant,11,F,P,intéressante,-6.4801297,intéressant,-9.208672,1
4348,S_NOUN_8_ADJ_a,F,S,la banane avec les boissons qui était là depuis hier est aussi très brillante <eos>,13,brillante,brillant,11,F,P,brillante,-7.738416,brillant,-10.62389,1
4349,S_NOUN_8_ADJ_a,F,S,la banane avec les boissons qui était là depuis hier est aussi très compliquée <eos>,13,compliquée,compliqué,11,F,P,compliquée,-8.061879,compliqué,-9.548699,1
4350,S_NOUN_8_ADJ_a,F,S,la banane avec les pommes qui était là depuis hier est aussi très verte <eos>,13,verte,vert,11,F,P,verte,-9.013275,vert,-11.947723,1
4351,S_NOUN_8_ADJ_a,F,S,la banane avec les pommes qui était là depuis hier est aussi très bleue <eos>,13,bleue,bleu,11,F,P,bleue,-11.661643,bleu,-12.838912,1
4352,S_NOUN_8_ADJ_a,F,S,la banane avec les pommes qui était là depuis hier est aussi très noire <eos>,13,noire,noir,11,F,P,noire,-8.163626,noir,-12.422063,1
4353,S_NOUN_8_ADJ_a,F,S,la banane avec les pommes qui était là depuis hier est aussi très délicate <eos>,13,délicate,délicat,11,F,P,délicate,-6.8169518,délicat,-9.929996,1
4354,S_NOUN_8_ADJ_a,F,S,la banane avec les pommes qui était là depuis hier est aussi très pointue <eos>,13,pointue,pointu,11,F,P,pointue,-9.951468,pointu,-11.97802,1
4355,S_NOUN_8_ADJ_a,F,S,la banane avec les pommes qui était là depuis hier est aussi très ronde <eos>,13,ronde,rond,11,F,P,ronde,-10.886427,rond,-14.60742,1
4356,S_NOUN_8_ADJ_a,F,S,la banane avec les pommes qui était là depuis hier est aussi très froide <eos>,13,froide,froid,11,F,P,froide,-7.6156664,froid,-9.724678,1
4357,S_NOUN_8_ADJ_a,F,S,la banane avec les pommes qui était là depuis hier est aussi très chaude <eos>,13,chaude,chaud,11,F,P,chaude,-5.2981596,chaud,-9.712293,1
4358,S_NOUN_8_ADJ_a,F,S,la banane avec les pommes qui était là depuis hier est aussi très importante <eos>,13,importante,important,11,F,P,importante,-3.6159058,important,-7.631589,1
4359,S_NOUN_8_ADJ_a,F,S,la banane avec les pommes qui était là depuis hier est aussi très courte <eos>,13,courte,court,11,F,P,courte,-6.237172,court,-8.293165,1
4360,S_NOUN_8_ADJ_a,F,S,la banane avec les pommes qui était là depuis hier est aussi très dure <eos>,13,dure,dur,11,F,P,dure,-5.765884,dur,-7.608047,1
4361,S_NOUN_8_ADJ_a,F,S,la banane avec les pommes qui était là depuis hier est aussi très claire <eos>,13,claire,clair,11,F,P,claire,-5.456583,clair,-8.739208,1
4362,S_NOUN_8_ADJ_a,F,S,la banane avec les pommes qui était là depuis hier est aussi très intéressante <eos>,13,intéressante,intéressant,11,F,P,intéressante,-6.271078,intéressant,-9.537766,1
4363,S_NOUN_8_ADJ_a,F,S,la banane avec les pommes qui était là depuis hier est aussi très brillante <eos>,13,brillante,brillant,11,F,P,brillante,-6.9937596,brillant,-10.527664,1
4364,S_NOUN_8_ADJ_a,F,S,la banane avec les pommes qui était là depuis hier est aussi très compliquée <eos>,13,compliquée,compliqué,11,F,P,compliquée,-8.018435,compliqué,-9.693033,1
4365,S_NOUN_8_ADJ_a,F,S,la banane avec les tasses qui était là depuis hier est aussi très verte <eos>,13,verte,vert,11,F,P,verte,-8.947479,vert,-11.512914,1
4366,S_NOUN_8_ADJ_a,F,S,la banane avec les tasses qui était là depuis hier est aussi très bleue <eos>,13,bleue,bleu,11,F,P,bleue,-11.798927,bleu,-12.513138,1
4367,S_NOUN_8_ADJ_a,F,S,la banane avec les tasses qui était là depuis hier est aussi très noire <eos>,13,noire,noir,11,F,P,noire,-8.407257,noir,-12.288033,1
4368,S_NOUN_8_ADJ_a,F,S,la banane avec les tasses qui était là depuis hier est aussi très délicate <eos>,13,délicate,délicat,11,F,P,délicate,-6.8644686,délicat,-9.679079,1
4369,S_NOUN_8_ADJ_a,F,S,la banane avec les tasses qui était là depuis hier est aussi très pointue <eos>,13,pointue,pointu,11,F,P,pointue,-9.724344,pointu,-11.691932,1
4370,S_NOUN_8_ADJ_a,F,S,la banane avec les tasses qui était là depuis hier est aussi très ronde <eos>,13,ronde,rond,11,F,P,ronde,-10.381258,rond,-13.822016,1
4371,S_NOUN_8_ADJ_a,F,S,la banane avec les tasses qui était là depuis hier est aussi très froide <eos>,13,froide,froid,11,F,P,froide,-7.654625,froid,-10.037623,1
4372,S_NOUN_8_ADJ_a,F,S,la banane avec les tasses qui était là depuis hier est aussi très chaude <eos>,13,chaude,chaud,11,F,P,chaude,-5.396372,chaud,-9.580434,1
4373,S_NOUN_8_ADJ_a,F,S,la banane avec les tasses qui était là depuis hier est aussi très importante <eos>,13,importante,important,11,F,P,importante,-3.728151,important,-7.3247423,1
4374,S_NOUN_8_ADJ_a,F,S,la banane avec les tasses qui était là depuis hier est aussi très courte <eos>,13,courte,court,11,F,P,courte,-6.294508,court,-7.991767,1
4375,S_NOUN_8_ADJ_a,F,S,la banane avec les tasses qui était là depuis hier est aussi très dure <eos>,13,dure,dur,11,F,P,dure,-6.1380625,dur,-7.308346,1
4376,S_NOUN_8_ADJ_a,F,S,la banane avec les tasses qui était là depuis hier est aussi très claire <eos>,13,claire,clair,11,F,P,claire,-5.61238,clair,-8.431686,1
4377,S_NOUN_8_ADJ_a,F,S,la banane avec les tasses qui était là depuis hier est aussi très intéressante <eos>,13,intéressante,intéressant,11,F,P,intéressante,-5.9428825,intéressant,-9.077945,1
4378,S_NOUN_8_ADJ_a,F,S,la banane avec les tasses qui était là depuis hier est aussi très brillante <eos>,13,brillante,brillant,11,F,P,brillante,-6.5860567,brillant,-9.903896,1
4379,S_NOUN_8_ADJ_a,F,S,la banane avec les tasses qui était là depuis hier est aussi très compliquée <eos>,13,compliquée,compliqué,11,F,P,compliquée,-7.6863613,compliqué,-9.117558,1
4380,S_NOUN_8_ADJ_a,F,S,la banane avec les bougies qui était là depuis hier est aussi très verte <eos>,13,verte,vert,11,F,P,verte,-8.6234665,vert,-11.25469,1
4381,S_NOUN_8_ADJ_a,F,S,la banane avec les bougies qui était là depuis hier est aussi très bleue <eos>,13,bleue,bleu,11,F,P,bleue,-11.29252,bleu,-11.96231,1
4382,S_NOUN_8_ADJ_a,F,S,la banane avec les bougies qui était là depuis hier est aussi très noire <eos>,13,noire,noir,11,F,P,noire,-7.610412,noir,-11.72217,1
4383,S_NOUN_8_ADJ_a,F,S,la banane avec les bougies qui était là depuis hier est aussi très délicate <eos>,13,délicate,délicat,11,F,P,délicate,-7.4788036,délicat,-10.077768,1
4384,S_NOUN_8_ADJ_a,F,S,la banane avec les bougies qui était là depuis hier est aussi très pointue <eos>,13,pointue,pointu,11,F,P,pointue,-9.8257675,pointu,-11.668352,1
4385,S_NOUN_8_ADJ_a,F,S,la banane avec les bougies qui était là depuis hier est aussi très ronde <eos>,13,ronde,rond,11,F,P,ronde,-10.636131,rond,-13.729504,1
4386,S_NOUN_8_ADJ_a,F,S,la banane avec les bougies qui était là depuis hier est aussi très froide <eos>,13,froide,froid,11,F,P,froide,-7.7148767,froid,-10.082815,1
4387,S_NOUN_8_ADJ_a,F,S,la banane avec les bougies qui était là depuis hier est aussi très chaude <eos>,13,chaude,chaud,11,F,P,chaude,-5.385935,chaud,-9.879057,1
4388,S_NOUN_8_ADJ_a,F,S,la banane avec les bougies qui était là depuis hier est aussi très importante <eos>,13,importante,important,11,F,P,importante,-4.158372,important,-7.8896627,1
4389,S_NOUN_8_ADJ_a,F,S,la banane avec les bougies qui était là depuis hier est aussi très courte <eos>,13,courte,court,11,F,P,courte,-6.003511,court,-7.7805314,1
4390,S_NOUN_8_ADJ_a,F,S,la banane avec les bougies qui était là depuis hier est aussi très dure <eos>,13,dure,dur,11,F,P,dure,-6.518978,dur,-7.88325,1
4391,S_NOUN_8_ADJ_a,F,S,la banane avec les bougies qui était là depuis hier est aussi très claire <eos>,13,claire,clair,11,F,P,claire,-5.1871424,clair,-8.544196,1
4392,S_NOUN_8_ADJ_a,F,S,la banane avec les bougies qui était là depuis hier est aussi très intéressante <eos>,13,intéressante,intéressant,11,F,P,intéressante,-6.306677,intéressant,-9.463741,1
4393,S_NOUN_8_ADJ_a,F,S,la banane avec les bougies qui était là depuis hier est aussi très brillante <eos>,13,brillante,brillant,11,F,P,brillante,-6.70303,brillant,-10.4212,1
4394,S_NOUN_8_ADJ_a,F,S,la banane avec les bougies qui était là depuis hier est aussi très compliquée <eos>,13,compliquée,compliqué,11,F,P,compliquée,-7.955964,compliqué,-9.536535,1
4395,S_NOUN_8_ADJ_a,F,S,la banane avec les pochettes qui était là depuis hier est aussi très verte <eos>,13,verte,vert,11,F,P,verte,-9.422126,vert,-12.028473,1
4396,S_NOUN_8_ADJ_a,F,S,la banane avec les pochettes qui était là depuis hier est aussi très bleue <eos>,13,bleue,bleu,11,F,P,bleue,-12.127173,bleu,-12.393437,1
4397,S_NOUN_8_ADJ_a,F,S,la banane avec les pochettes qui était là depuis hier est aussi très noire <eos>,13,noire,noir,11,F,P,noire,-8.487357,noir,-12.139686,1
4398,S_NOUN_8_ADJ_a,F,S,la banane avec les pochettes qui était là depuis hier est aussi très délicate <eos>,13,délicate,délicat,11,F,P,délicate,-7.606423,délicat,-10.443773,1
4399,S_NOUN_8_ADJ_a,F,S,la banane avec les pochettes qui était là depuis hier est aussi très pointue <eos>,13,pointue,pointu,11,F,P,pointue,-9.974295,pointu,-10.830146,1
4400,S_NOUN_8_ADJ_a,F,S,la banane avec les pochettes qui était là depuis hier est aussi très ronde <eos>,13,ronde,rond,11,F,P,ronde,-11.531372,rond,-14.657968,1
4401,S_NOUN_8_ADJ_a,F,S,la banane avec les pochettes qui était là depuis hier est aussi très froide <eos>,13,froide,froid,11,F,P,froide,-9.136984,froid,-10.246099,1
4402,S_NOUN_8_ADJ_a,F,S,la banane avec les pochettes qui était là depuis hier est aussi très chaude <eos>,13,chaude,chaud,11,F,P,chaude,-6.2434263,chaud,-10.3496475,1
4403,S_NOUN_8_ADJ_a,F,S,la banane avec les pochettes qui était là depuis hier est aussi très importante <eos>,13,importante,important,11,F,P,importante,-3.4568045,important,-6.98353,1
4404,S_NOUN_8_ADJ_a,F,S,la banane avec les pochettes qui était là depuis hier est aussi très courte <eos>,13,courte,court,11,F,P,courte,-5.537176,court,-7.618972,1
4405,S_NOUN_8_ADJ_a,F,S,la banane avec les pochettes qui était là depuis hier est aussi très dure <eos>,13,dure,dur,11,F,P,dure,-5.6199627,dur,-7.2511473,1
4406,S_NOUN_8_ADJ_a,F,S,la banane avec les pochettes qui était là depuis hier est aussi très claire <eos>,13,claire,clair,11,F,P,claire,-5.069073,clair,-8.22327,1
4407,S_NOUN_8_ADJ_a,F,S,la banane avec les pochettes qui était là depuis hier est aussi très intéressante <eos>,13,intéressante,intéressant,11,F,P,intéressante,-6.1636066,intéressant,-8.992438,1
4408,S_NOUN_8_ADJ_a,F,S,la banane avec les pochettes qui était là depuis hier est aussi très brillante <eos>,13,brillante,brillant,11,F,P,brillante,-5.8031483,brillant,-9.991656,1
4409,S_NOUN_8_ADJ_a,F,S,la banane avec les pochettes qui était là depuis hier est aussi très compliquée <eos>,13,compliquée,compliqué,11,F,P,compliquée,-7.072534,compliqué,-9.60655,1
4410,S_NOUN_8_ADJ_a,F,S,la banane avec les bananes qui était là depuis hier est aussi très verte <eos>,13,verte,vert,11,F,P,verte,-8.600371,vert,-11.745978,1
4411,S_NOUN_8_ADJ_a,F,S,la banane avec les bananes qui était là depuis hier est aussi très bleue <eos>,13,bleue,bleu,11,F,P,bleue,-11.602415,bleu,-12.882635,1
4412,S_NOUN_8_ADJ_a,F,S,la banane avec les bananes qui était là depuis hier est aussi très noire <eos>,13,noire,noir,11,F,P,noire,-8.267027,noir,-12.573447,1
4413,S_NOUN_8_ADJ_a,F,S,la banane avec les bananes qui était là depuis hier est aussi très délicate <eos>,13,délicate,délicat,11,F,P,délicate,-7.1601963,délicat,-10.350072,1
4414,S_NOUN_8_ADJ_a,F,S,la banane avec les bananes qui était là depuis hier est aussi très pointue <eos>,13,pointue,pointu,11,F,P,pointue,-10.023071,pointu,-11.955204,1
4415,S_NOUN_8_ADJ_a,F,S,la banane avec les bananes qui était là depuis hier est aussi très ronde <eos>,13,ronde,rond,11,F,P,ronde,-10.974581,rond,-14.519014,1
4416,S_NOUN_8_ADJ_a,F,S,la banane avec les bananes qui était là depuis hier est aussi très froide <eos>,13,froide,froid,11,F,P,froide,-7.8804197,froid,-10.099905,1
4417,S_NOUN_8_ADJ_a,F,S,la banane avec les bananes qui était là depuis hier est aussi très chaude <eos>,13,chaude,chaud,11,F,P,chaude,-5.771863,chaud,-9.946163,1
4418,S_NOUN_8_ADJ_a,F,S,la banane avec les bananes qui était là depuis hier est aussi très importante <eos>,13,importante,important,11,F,P,importante,-3.6144636,important,-7.527231,1
4419,S_NOUN_8_ADJ_a,F,S,la banane avec les bananes qui était là depuis hier est aussi très courte <eos>,13,courte,court,11,F,P,courte,-6.703816,court,-8.080027,1
4420,S_NOUN_8_ADJ_a,F,S,la banane avec les bananes qui était là depuis hier est aussi très dure <eos>,13,dure,dur,11,F,P,dure,-6.280403,dur,-7.4507113,1
4421,S_NOUN_8_ADJ_a,F,S,la banane avec les bananes qui était là depuis hier est aussi très claire <eos>,13,claire,clair,11,F,P,claire,-5.758369,clair,-9.235666,1
4422,S_NOUN_8_ADJ_a,F,S,la banane avec les bananes qui était là depuis hier est aussi très intéressante <eos>,13,intéressante,intéressant,11,F,P,intéressante,-6.222266,intéressant,-9.46095,1
4423,S_NOUN_8_ADJ_a,F,S,la banane avec les bananes qui était là depuis hier est aussi très brillante <eos>,13,brillante,brillant,11,F,P,brillante,-7.0052423,brillant,-10.5077305,1
4424,S_NOUN_8_ADJ_a,F,S,la banane avec les bananes qui était là depuis hier est aussi très compliquée <eos>,13,compliquée,compliqué,11,F,P,compliquée,-8.174274,compliqué,-9.614227,1
4425,S_NOUN_8_ADJ_a,F,S,la banane avec les robes qui était là depuis hier est aussi très verte <eos>,13,verte,vert,11,F,P,verte,-8.687958,vert,-11.501288,1
4426,S_NOUN_8_ADJ_a,F,S,la banane avec les robes qui était là depuis hier est aussi très bleue <eos>,13,bleue,bleu,11,F,P,bleue,-11.150588,bleu,-12.125025,1
4427,S_NOUN_8_ADJ_a,F,S,la banane avec les robes qui était là depuis hier est aussi très noire <eos>,13,noire,noir,11,F,P,noire,-7.5692387,noir,-11.961236,1
4428,S_NOUN_8_ADJ_a,F,S,la banane avec les robes qui était là depuis hier est aussi très délicate <eos>,13,délicate,délicat,11,F,P,délicate,-7.920943,délicat,-10.611547,1
4429,S_NOUN_8_ADJ_a,F,S,la banane avec les robes qui était là depuis hier est aussi très pointue <eos>,13,pointue,pointu,11,F,P,pointue,-10.046493,pointu,-11.499577,1
4430,S_NOUN_8_ADJ_a,F,S,la banane avec les robes qui était là depuis hier est aussi très ronde <eos>,13,ronde,rond,11,F,P,ronde,-10.96222,rond,-14.116238,1
4431,S_NOUN_8_ADJ_a,F,S,la banane avec les robes qui était là depuis hier est aussi très froide <eos>,13,froide,froid,11,F,P,froide,-8.23286,froid,-10.907309,1
4432,S_NOUN_8_ADJ_a,F,S,la banane avec les robes qui était là depuis hier est aussi très chaude <eos>,13,chaude,chaud,11,F,P,chaude,-6.047208,chaud,-10.563994,1
4433,S_NOUN_8_ADJ_a,F,S,la banane avec les robes qui était là depuis hier est aussi très importante <eos>,13,importante,important,11,F,P,importante,-4.2141747,important,-8.020256,1
4434,S_NOUN_8_ADJ_a,F,S,la banane avec les robes qui était là depuis hier est aussi très courte <eos>,13,courte,court,11,F,P,courte,-6.065469,court,-7.8656445,1
4435,S_NOUN_8_ADJ_a,F,S,la banane avec les robes qui était là depuis hier est aussi très dure <eos>,13,dure,dur,11,F,P,dure,-6.9975696,dur,-8.579781,1
4436,S_NOUN_8_ADJ_a,F,S,la banane avec les robes qui était là depuis hier est aussi très claire <eos>,13,claire,clair,11,F,P,claire,-5.6556034,clair,-8.833077,1
4437,S_NOUN_8_ADJ_a,F,S,la banane avec les robes qui était là depuis hier est aussi très intéressante <eos>,13,intéressante,intéressant,11,F,P,intéressante,-6.4948626,intéressant,-9.569324,1
4438,S_NOUN_8_ADJ_a,F,S,la banane avec les robes qui était là depuis hier est aussi très brillante <eos>,13,brillante,brillant,11,F,P,brillante,-6.835343,brillant,-10.850782,1
4439,S_NOUN_8_ADJ_a,F,S,la banane avec les robes qui était là depuis hier est aussi très compliquée <eos>,13,compliquée,compliqué,11,F,P,compliquée,-8.527533,compliqué,-10.062117,1
4440,S_NOUN_8_ADJ_a,F,S,la banane avec les valises qui était là depuis hier est aussi très verte <eos>,13,verte,vert,11,F,P,verte,-9.0165825,vert,-11.871389,1
4441,S_NOUN_8_ADJ_a,F,S,la banane avec les valises qui était là depuis hier est aussi très bleue <eos>,13,bleue,bleu,11,F,P,bleue,-12.128264,bleu,-12.576565,1
4442,S_NOUN_8_ADJ_a,F,S,la banane avec les valises qui était là depuis hier est aussi très noire <eos>,13,noire,noir,11,F,P,noire,-8.256988,noir,-12.378116,1
4443,S_NOUN_8_ADJ_a,F,S,la banane avec les valises qui était là depuis hier est aussi très délicate <eos>,13,délicate,délicat,11,F,P,délicate,-6.827753,délicat,-10.12085,1
4444,S_NOUN_8_ADJ_a,F,S,la banane avec les valises qui était là depuis hier est aussi très pointue <eos>,13,pointue,pointu,11,F,P,pointue,-9.565895,pointu,-11.282665,1
4445,S_NOUN_8_ADJ_a,F,S,la banane avec les valises qui était là depuis hier est aussi très ronde <eos>,13,ronde,rond,11,F,P,ronde,-10.756062,rond,-14.133011,1
4446,S_NOUN_8_ADJ_a,F,S,la banane avec les valises qui était là depuis hier est aussi très froide <eos>,13,froide,froid,11,F,P,froide,-7.82439,froid,-10.001862,1
4447,S_NOUN_8_ADJ_a,F,S,la banane avec les valises qui était là depuis hier est aussi très chaude <eos>,13,chaude,chaud,11,F,P,chaude,-5.4778132,chaud,-9.691694,1
4448,S_NOUN_8_ADJ_a,F,S,la banane avec les valises qui était là depuis hier est aussi très importante <eos>,13,importante,important,11,F,P,importante,-3.5559993,important,-7.162084,1
4449,S_NOUN_8_ADJ_a,F,S,la banane avec les valises qui était là depuis hier est aussi très courte <eos>,13,courte,court,11,F,P,courte,-6.232616,court,-7.8553615,1
4450,S_NOUN_8_ADJ_a,F,S,la banane avec les valises qui était là depuis hier est aussi très dure <eos>,13,dure,dur,11,F,P,dure,-6.1606092,dur,-7.322728,1
4451,S_NOUN_8_ADJ_a,F,S,la banane avec les valises qui était là depuis hier est aussi très claire <eos>,13,claire,clair,11,F,P,claire,-5.4007845,clair,-8.929375,1
4452,S_NOUN_8_ADJ_a,F,S,la banane avec les valises qui était là depuis hier est aussi très intéressante <eos>,13,intéressante,intéressant,11,F,P,intéressante,-5.9927225,intéressant,-8.898884,1
4453,S_NOUN_8_ADJ_a,F,S,la banane avec les valises qui était là depuis hier est aussi très brillante <eos>,13,brillante,brillant,11,F,P,brillante,-7.1039786,brillant,-10.340958,1
4454,S_NOUN_8_ADJ_a,F,S,la banane avec les valises qui était là depuis hier est aussi très compliquée <eos>,13,compliquée,compliqué,11,F,P,compliquée,-7.468009,compliqué,-8.853687,1
4455,S_NOUN_8_ADJ_a,F,S,la banane avec les pendules qui était là depuis hier est aussi très verte <eos>,13,verte,vert,11,F,P,verte,-8.653217,vert,-11.732044,1
4456,S_NOUN_8_ADJ_a,F,S,la banane avec les pendules qui était là depuis hier est aussi très bleue <eos>,13,bleue,bleu,11,F,P,bleue,-11.628108,bleu,-12.380349,1
4457,S_NOUN_8_ADJ_a,F,S,la banane avec les pendules qui était là depuis hier est aussi très noire <eos>,13,noire,noir,11,F,P,noire,-8.195612,noir,-12.289286,1
4458,S_NOUN_8_ADJ_a,F,S,la banane avec les pendules qui était là depuis hier est aussi très délicate <eos>,13,délicate,délicat,11,F,P,délicate,-6.9879985,délicat,-10.089939,1
4459,S_NOUN_8_ADJ_a,F,S,la banane avec les pendules qui était là depuis hier est aussi très pointue <eos>,13,pointue,pointu,11,F,P,pointue,-9.471108,pointu,-11.553852,1
4460,S_NOUN_8_ADJ_a,F,S,la banane avec les pendules qui était là depuis hier est aussi très ronde <eos>,13,ronde,rond,11,F,P,ronde,-11.095148,rond,-14.315397,1
4461,S_NOUN_8_ADJ_a,F,S,la banane avec les pendules qui était là depuis hier est aussi très froide <eos>,13,froide,froid,11,F,P,froide,-8.290661,froid,-10.324364,1
4462,S_NOUN_8_ADJ_a,F,S,la banane avec les pendules qui était là depuis hier est aussi très chaude <eos>,13,chaude,chaud,11,F,P,chaude,-5.951889,chaud,-9.843049,1
4463,S_NOUN_8_ADJ_a,F,S,la banane avec les pendules qui était là depuis hier est aussi très importante <eos>,13,importante,important,11,F,P,importante,-4.1478076,important,-7.7882648,1
4464,S_NOUN_8_ADJ_a,F,S,la banane avec les pendules qui était là depuis hier est aussi très courte <eos>,13,courte,court,11,F,P,courte,-6.2855988,court,-8.195104,1
4465,S_NOUN_8_ADJ_a,F,S,la banane avec les pendules qui était là depuis hier est aussi très dure <eos>,13,dure,dur,11,F,P,dure,-6.4851937,dur,-7.7435985,1
4466,S_NOUN_8_ADJ_a,F,S,la banane avec les pendules qui était là depuis hier est aussi très claire <eos>,13,claire,clair,11,F,P,claire,-5.2539635,clair,-8.517371,1
4467,S_NOUN_8_ADJ_a,F,S,la banane avec les pendules qui était là depuis hier est aussi très intéressante <eos>,13,intéressante,intéressant,11,F,P,intéressante,-6.2626257,intéressant,-9.180187,1
4468,S_NOUN_8_ADJ_a,F,S,la banane avec les pendules qui était là depuis hier est aussi très brillante <eos>,13,brillante,brillant,11,F,P,brillante,-7.123946,brillant,-10.312064,1
4469,S_NOUN_8_ADJ_a,F,S,la banane avec les pendules qui était là depuis hier est aussi très compliquée <eos>,13,compliquée,compliqué,11,F,P,compliquée,-7.0210238,compliqué,-8.760228,1
4470,S_NOUN_8_ADJ_a,F,S,la banane avec les cloches qui était là depuis hier est aussi très verte <eos>,13,verte,vert,11,F,P,verte,-8.74552,vert,-11.393248,1
4471,S_NOUN_8_ADJ_a,F,S,la banane avec les cloches qui était là depuis hier est aussi très bleue <eos>,13,bleue,bleu,11,F,P,bleue,-11.664855,bleu,-12.461998,1
4472,S_NOUN_8_ADJ_a,F,S,la banane avec les cloches qui était là depuis hier est aussi très noire <eos>,13,noire,noir,11,F,P,noire,-7.904311,noir,-12.468703,1
4473,S_NOUN_8_ADJ_a,F,S,la banane avec les cloches qui était là depuis hier est aussi très délicate <eos>,13,délicate,délicat,11,F,P,délicate,-6.7596807,délicat,-9.785581,1
4474,S_NOUN_8_ADJ_a,F,S,la banane avec les cloches qui était là depuis hier est aussi très pointue <eos>,13,pointue,pointu,11,F,P,pointue,-9.9944725,pointu,-12.267585,1
4475,S_NOUN_8_ADJ_a,F,S,la banane avec les cloches qui était là depuis hier est aussi très ronde <eos>,13,ronde,rond,11,F,P,ronde,-10.881735,rond,-14.603027,1
4476,S_NOUN_8_ADJ_a,F,S,la banane avec les cloches qui était là depuis hier est aussi très froide <eos>,13,froide,froid,11,F,P,froide,-7.592636,froid,-10.096299,1
4477,S_NOUN_8_ADJ_a,F,S,la banane avec les cloches qui était là depuis hier est aussi très chaude <eos>,13,chaude,chaud,11,F,P,chaude,-4.6813946,chaud,-9.316322,1
4478,S_NOUN_8_ADJ_a,F,S,la banane avec les cloches qui était là depuis hier est aussi très importante <eos>,13,importante,important,11,F,P,importante,-3.8203824,important,-7.766041,1
4479,S_NOUN_8_ADJ_a,F,S,la banane avec les cloches qui était là depuis hier est aussi très courte <eos>,13,courte,court,11,F,P,courte,-6.233818,court,-8.492508,1
4480,S_NOUN_8_ADJ_a,F,S,la banane avec les cloches qui était là depuis hier est aussi très dure <eos>,13,dure,dur,11,F,P,dure,-5.764137,dur,-7.6298985,1
4481,S_NOUN_8_ADJ_a,F,S,la banane avec les cloches qui était là depuis hier est aussi très claire <eos>,13,claire,clair,11,F,P,claire,-5.3526745,clair,-8.582898,1
4482,S_NOUN_8_ADJ_a,F,S,la banane avec les cloches qui était là depuis hier est aussi très intéressante <eos>,13,intéressante,intéressant,11,F,P,intéressante,-6.2245064,intéressant,-9.295726,1
4483,S_NOUN_8_ADJ_a,F,S,la banane avec les cloches qui était là depuis hier est aussi très brillante <eos>,13,brillante,brillant,11,F,P,brillante,-6.38467,brillant,-9.987705,1
4484,S_NOUN_8_ADJ_a,F,S,la banane avec les cloches qui était là depuis hier est aussi très compliquée <eos>,13,compliquée,compliqué,11,F,P,compliquée,-7.7022896,compliqué,-9.395994,1
4485,S_NOUN_8_ADJ_a,F,S,la banane avec les cerises qui était là depuis hier est aussi très verte <eos>,13,verte,vert,11,F,P,verte,-9.14813,vert,-11.783227,1
4486,S_NOUN_8_ADJ_a,F,S,la banane avec les cerises qui était là depuis hier est aussi très bleue <eos>,13,bleue,bleu,11,F,P,bleue,-11.9467325,bleu,-12.769523,1
4487,S_NOUN_8_ADJ_a,F,S,la banane avec les cerises qui était là depuis hier est aussi très noire <eos>,13,noire,noir,11,F,P,noire,-8.15781,noir,-12.591293,1
4488,S_NOUN_8_ADJ_a,F,S,la banane avec les cerises qui était là depuis hier est aussi très délicate <eos>,13,délicate,délicat,11,F,P,délicate,-6.7633495,délicat,-9.692794,1
4489,S_NOUN_8_ADJ_a,F,S,la banane avec les cerises qui était là depuis hier est aussi très pointue <eos>,13,pointue,pointu,11,F,P,pointue,-9.948742,pointu,-11.921373,1
4490,S_NOUN_8_ADJ_a,F,S,la banane avec les cerises qui était là depuis hier est aussi très ronde <eos>,13,ronde,rond,11,F,P,ronde,-10.894325,rond,-14.253502,1
4491,S_NOUN_8_ADJ_a,F,S,la banane avec les cerises qui était là depuis hier est aussi très froide <eos>,13,froide,froid,11,F,P,froide,-8.063133,froid,-10.0177555,1
4492,S_NOUN_8_ADJ_a,F,S,la banane avec les cerises qui était là depuis hier est aussi très chaude <eos>,13,chaude,chaud,11,F,P,chaude,-5.9018965,chaud,-10.001376,1
4493,S_NOUN_8_ADJ_a,F,S,la banane avec les cerises qui était là depuis hier est aussi très importante <eos>,13,importante,important,11,F,P,importante,-3.7322376,important,-7.549982,1
4494,S_NOUN_8_ADJ_a,F,S,la banane avec les cerises qui était là depuis hier est aussi très courte <eos>,13,courte,court,11,F,P,courte,-6.315966,court,-8.238691,1
4495,S_NOUN_8_ADJ_a,F,S,la banane avec les cerises qui était là depuis hier est aussi très dure <eos>,13,dure,dur,11,F,P,dure,-5.949951,dur,-7.517274,1
4496,S_NOUN_8_ADJ_a,F,S,la banane avec les cerises qui était là depuis hier est aussi très claire <eos>,13,claire,clair,11,F,P,claire,-5.3323135,clair,-8.710257,1
4497,S_NOUN_8_ADJ_a,F,S,la banane avec les cerises qui était là depuis hier est aussi très intéressante <eos>,13,intéressante,intéressant,11,F,P,intéressante,-6.403367,intéressant,-9.453766,1
4498,S_NOUN_8_ADJ_a,F,S,la banane avec les cerises qui était là depuis hier est aussi très brillante <eos>,13,brillante,brillant,11,F,P,brillante,-6.813184,brillant,-10.47871,1
4499,S_NOUN_8_ADJ_a,F,S,la banane avec les cerises qui était là depuis hier est aussi très compliquée <eos>,13,compliquée,compliqué,11,F,P,compliquée,-8.081233,compliqué,-9.88377,1
4500,S_NOUN_8_ADJ_a,F,S,la robe avec les gemmes qui était là depuis hier est aussi très verte <eos>,13,verte,vert,11,F,P,verte,-8.796715,vert,-11.393688,1
4501,S_NOUN_8_ADJ_a,F,S,la robe avec les gemmes qui était là depuis hier est aussi très bleue <eos>,13,bleue,bleu,11,F,P,bleue,-10.18712,bleu,-11.223251,1
4502,S_NOUN_8_ADJ_a,F,S,la robe avec les gemmes qui était là depuis hier est aussi très noire <eos>,13,noire,noir,11,F,P,noire,-6.4994674,noir,-11.419165,1
4503,S_NOUN_8_ADJ_a,F,S,la robe avec les gemmes qui était là depuis hier est aussi très délicate <eos>,13,délicate,délicat,11,F,P,délicate,-6.840908,délicat,-11.23521,1
4504,S_NOUN_8_ADJ_a,F,S,la robe avec les gemmes qui était là depuis hier est aussi très pointue <eos>,13,pointue,pointu,11,F,P,pointue,-10.644822,pointu,-12.448225,1
4505,S_NOUN_8_ADJ_a,F,S,la robe avec les gemmes qui était là depuis hier est aussi très ronde <eos>,13,ronde,rond,11,F,P,ronde,-11.879562,rond,-15.332394,1
4506,S_NOUN_8_ADJ_a,F,S,la robe avec les gemmes qui était là depuis hier est aussi très froide <eos>,13,froide,froid,11,F,P,froide,-8.099727,froid,-10.390688,1
4507,S_NOUN_8_ADJ_a,F,S,la robe avec les gemmes qui était là depuis hier est aussi très chaude <eos>,13,chaude,chaud,11,F,P,chaude,-6.0335536,chaud,-10.245499,1
4508,S_NOUN_8_ADJ_a,F,S,la robe avec les gemmes qui était là depuis hier est aussi très importante <eos>,13,importante,important,11,F,P,importante,-3.9991739,important,-8.462897,1
4509,S_NOUN_8_ADJ_a,F,S,la robe avec les gemmes qui était là depuis hier est aussi très courte <eos>,13,courte,court,11,F,P,courte,-6.125057,court,-7.9909334,1
4510,S_NOUN_8_ADJ_a,F,S,la robe avec les gemmes qui était là depuis hier est aussi très dure <eos>,13,dure,dur,11,F,P,dure,-6.6262608,dur,-8.9186735,1
4511,S_NOUN_8_ADJ_a,F,S,la robe avec les gemmes qui était là depuis hier est aussi très claire <eos>,13,claire,clair,11,F,P,claire,-4.149086,clair,-8.054789,1
4512,S_NOUN_8_ADJ_a,F,S,la robe avec les gemmes qui était là depuis hier est aussi très intéressante <eos>,13,intéressante,intéressant,11,F,P,intéressante,-6.632127,intéressant,-9.875101,1
4513,S_NOUN_8_ADJ_a,F,S,la robe avec les gemmes qui était là depuis hier est aussi très brillante <eos>,13,brillante,brillant,11,F,P,brillante,-6.2960596,brillant,-10.8870945,1
4514,S_NOUN_8_ADJ_a,F,S,la robe avec les gemmes qui était là depuis hier est aussi très compliquée <eos>,13,compliquée,compliqué,11,F,P,compliquée,-7.3628736,compliqué,-10.441135,1
4515,S_NOUN_8_ADJ_a,F,S,la robe avec les chaises qui était là depuis hier est aussi très verte <eos>,13,verte,vert,11,F,P,verte,-8.756805,vert,-11.299629,1
4516,S_NOUN_8_ADJ_a,F,S,la robe avec les chaises qui était là depuis hier est aussi très bleue <eos>,13,bleue,bleu,11,F,P,bleue,-10.158517,bleu,-11.245111,1
4517,S_NOUN_8_ADJ_a,F,S,la robe avec les chaises qui était là depuis hier est aussi très noire <eos>,13,noire,noir,11,F,P,noire,-6.189661,noir,-11.654787,1
4518,S_NOUN_8_ADJ_a,F,S,la robe avec les chaises qui était là depuis hier est aussi très délicate <eos>,13,délicate,délicat,11,F,P,délicate,-6.8273535,délicat,-10.975491,1
4519,S_NOUN_8_ADJ_a,F,S,la robe avec les chaises qui était là depuis hier est aussi très pointue <eos>,13,pointue,pointu,11,F,P,pointue,-9.817001,pointu,-11.736486,1
4520,S_NOUN_8_ADJ_a,F,S,la robe avec les chaises qui était là depuis hier est aussi très ronde <eos>,13,ronde,rond,11,F,P,ronde,-10.778368,rond,-14.727905,1
4521,S_NOUN_8_ADJ_a,F,S,la robe avec les chaises qui était là depuis hier est aussi très froide <eos>,13,froide,froid,11,F,P,froide,-8.478692,froid,-11.388248,1
4522,S_NOUN_8_ADJ_a,F,S,la robe avec les chaises qui était là depuis hier est aussi très chaude <eos>,13,chaude,chaud,11,F,P,chaude,-6.3090725,chaud,-11.07482,1
4523,S_NOUN_8_ADJ_a,F,S,la robe avec les chaises qui était là depuis hier est aussi très importante <eos>,13,importante,important,11,F,P,importante,-4.0982513,important,-8.594584,1
4524,S_NOUN_8_ADJ_a,F,S,la robe avec les chaises qui était là depuis hier est aussi très courte <eos>,13,courte,court,11,F,P,courte,-5.317683,court,-7.264248,1
4525,S_NOUN_8_ADJ_a,F,S,la robe avec les chaises qui était là depuis hier est aussi très dure <eos>,13,dure,dur,11,F,P,dure,-6.407385,dur,-8.975822,1
4526,S_NOUN_8_ADJ_a,F,S,la robe avec les chaises qui était là depuis hier est aussi très claire <eos>,13,claire,clair,11,F,P,claire,-4.2429466,clair,-8.356252,1
4527,S_NOUN_8_ADJ_a,F,S,la robe avec les chaises qui était là depuis hier est aussi très intéressante <eos>,13,intéressante,intéressant,11,F,P,intéressante,-6.8143516,intéressant,-9.940414,1
4528,S_NOUN_8_ADJ_a,F,S,la robe avec les chaises qui était là depuis hier est aussi très brillante <eos>,13,brillante,brillant,11,F,P,brillante,-6.521652,brillant,-11.017859,1
4529,S_NOUN_8_ADJ_a,F,S,la robe avec les chaises qui était là depuis hier est aussi très compliquée <eos>,13,compliquée,compliqué,11,F,P,compliquée,-7.495638,compliqué,-10.468259,1
4530,S_NOUN_8_ADJ_a,F,S,la robe avec les poubelles qui était là depuis hier est aussi très verte <eos>,13,verte,vert,11,F,P,verte,-9.153982,vert,-11.762909,1
4531,S_NOUN_8_ADJ_a,F,S,la robe avec les poubelles qui était là depuis hier est aussi très bleue <eos>,13,bleue,bleu,11,F,P,bleue,-10.584827,bleu,-11.665819,1
4532,S_NOUN_8_ADJ_a,F,S,la robe avec les poubelles qui était là depuis hier est aussi très noire <eos>,13,noire,noir,11,F,P,noire,-6.438888,noir,-11.963343,1
4533,S_NOUN_8_ADJ_a,F,S,la robe avec les poubelles qui était là depuis hier est aussi très délicate <eos>,13,délicate,délicat,11,F,P,délicate,-6.596666,délicat,-11.016508,1
4534,S_NOUN_8_ADJ_a,F,S,la robe avec les poubelles qui était là depuis hier est aussi très pointue <eos>,13,pointue,pointu,11,F,P,pointue,-9.625889,pointu,-11.465267,1
4535,S_NOUN_8_ADJ_a,F,S,la robe avec les poubelles qui était là depuis hier est aussi très ronde <eos>,13,ronde,rond,11,F,P,ronde,-10.782967,rond,-14.825836,1
4536,S_NOUN_8_ADJ_a,F,S,la robe avec les poubelles qui était là depuis hier est aussi très froide <eos>,13,froide,froid,11,F,P,froide,-8.2283125,froid,-11.084417,1
4537,S_NOUN_8_ADJ_a,F,S,la robe avec les poubelles qui était là depuis hier est aussi très chaude <eos>,13,chaude,chaud,11,F,P,chaude,-6.396901,chaud,-10.951852,1
4538,S_NOUN_8_ADJ_a,F,S,la robe avec les poubelles qui était là depuis hier est aussi très importante <eos>,13,importante,important,11,F,P,importante,-4.0352955,important,-8.489219,1
4539,S_NOUN_8_ADJ_a,F,S,la robe avec les poubelles qui était là depuis hier est aussi très courte <eos>,13,courte,court,11,F,P,courte,-5.377281,court,-7.473302,1
4540,S_NOUN_8_ADJ_a,F,S,la robe avec les poubelles qui était là depuis hier est aussi très dure <eos>,13,dure,dur,11,F,P,dure,-6.724167,dur,-8.948233,1
4541,S_NOUN_8_ADJ_a,F,S,la robe avec les poubelles qui était là depuis hier est aussi très claire <eos>,13,claire,clair,11,F,P,claire,-4.369952,clair,-8.528059,1
4542,S_NOUN_8_ADJ_a,F,S,la robe avec les poubelles qui était là depuis hier est aussi très intéressante <eos>,13,intéressante,intéressant,11,F,P,intéressante,-6.784478,intéressant,-9.873195,1
4543,S_NOUN_8_ADJ_a,F,S,la robe avec les poubelles qui était là depuis hier est aussi très brillante <eos>,13,brillante,brillant,11,F,P,brillante,-6.9003353,brillant,-11.379653,1
4544,S_NOUN_8_ADJ_a,F,S,la robe avec les poubelles qui était là depuis hier est aussi très compliquée <eos>,13,compliquée,compliqué,11,F,P,compliquée,-7.2864823,compliqué,-10.3040285,1
4545,S_NOUN_8_ADJ_a,F,S,la robe avec les chemises qui était là depuis hier est aussi très verte <eos>,13,verte,vert,11,F,P,verte,-8.598944,vert,-11.089141,1
4546,S_NOUN_8_ADJ_a,F,S,la robe avec les chemises qui était là depuis hier est aussi très bleue <eos>,13,bleue,bleu,11,F,P,bleue,-9.676022,bleu,-11.051822,1
4547,S_NOUN_8_ADJ_a,F,S,la robe avec les chemises qui était là depuis hier est aussi très noire <eos>,13,noire,noir,11,F,P,noire,-5.5051317,noir,-11.098578,1
4548,S_NOUN_8_ADJ_a,F,S,la robe avec les chemises qui était là depuis hier est aussi très délicate <eos>,13,délicate,délicat,11,F,P,délicate,-6.887828,délicat,-11.095219,1
4549,S_NOUN_8_ADJ_a,F,S,la robe avec les chemises qui était là depuis hier est aussi très pointue <eos>,13,pointue,pointu,11,F,P,pointue,-9.637729,pointu,-11.267234,1
4550,S_NOUN_8_ADJ_a,F,S,la robe avec les chemises qui était là depuis hier est aussi très ronde <eos>,13,ronde,rond,11,F,P,ronde,-10.65748,rond,-14.6944065,1
4551,S_NOUN_8_ADJ_a,F,S,la robe avec les chemises qui était là depuis hier est aussi très froide <eos>,13,froide,froid,11,F,P,froide,-8.813566,froid,-11.640153,1
4552,S_NOUN_8_ADJ_a,F,S,la robe avec les chemises qui était là depuis hier est aussi très chaude <eos>,13,chaude,chaud,11,F,P,chaude,-6.6637087,chaud,-11.07529,1
4553,S_NOUN_8_ADJ_a,F,S,la robe avec les chemises qui était là depuis hier est aussi très importante <eos>,13,importante,important,11,F,P,importante,-4.625139,important,-9.100364,1
4554,S_NOUN_8_ADJ_a,F,S,la robe avec les chemises qui était là depuis hier est aussi très courte <eos>,13,courte,court,11,F,P,courte,-4.8826632,court,-7.094317,1
4555,S_NOUN_8_ADJ_a,F,S,la robe avec les chemises qui était là depuis hier est aussi très dure <eos>,13,dure,dur,11,F,P,dure,-6.3063326,dur,-9.214149,1
4556,S_NOUN_8_ADJ_a,F,S,la robe avec les chemises qui était là depuis hier est aussi très claire <eos>,13,claire,clair,11,F,P,claire,-4.1905622,clair,-8.037082,1
4557,S_NOUN_8_ADJ_a,F,S,la robe avec les chemises qui était là depuis hier est aussi très intéressante <eos>,13,intéressante,intéressant,11,F,P,intéressante,-7.428328,intéressant,-10.451826,1
4558,S_NOUN_8_ADJ_a,F,S,la robe avec les chemises qui était là depuis hier est aussi très brillante <eos>,13,brillante,brillant,11,F,P,brillante,-6.7557077,brillant,-11.065368,1
4559,S_NOUN_8_ADJ_a,F,S,la robe avec les chemises qui était là depuis hier est aussi très compliquée <eos>,13,compliquée,compliqué,11,F,P,compliquée,-7.291197,compliqué,-10.191475,1
4560,S_NOUN_8_ADJ_a,F,S,la robe avec les recettes qui était là depuis hier est aussi très verte <eos>,13,verte,vert,11,F,P,verte,-9.791031,vert,-12.377498,1
4561,S_NOUN_8_ADJ_a,F,S,la robe avec les recettes qui était là depuis hier est aussi très bleue <eos>,13,bleue,bleu,11,F,P,bleue,-11.715301,bleu,-12.256925,1
4562,S_NOUN_8_ADJ_a,F,S,la robe avec les recettes qui était là depuis hier est aussi très noire <eos>,13,noire,noir,11,F,P,noire,-7.6234255,noir,-11.926492,1
4563,S_NOUN_8_ADJ_a,F,S,la robe avec les recettes qui était là depuis hier est aussi très délicate <eos>,13,délicate,délicat,11,F,P,délicate,-6.9436436,délicat,-11.240806,1
4564,S_NOUN_8_ADJ_a,F,S,la robe avec les recettes qui était là depuis hier est aussi très pointue <eos>,13,pointue,pointu,11,F,P,pointue,-10.7995205,pointu,-12.238552,1
4565,S_NOUN_8_ADJ_a,F,S,la robe avec les recettes qui était là depuis hier est aussi très ronde <eos>,13,ronde,rond,11,F,P,ronde,-12.050619,rond,-15.026808,1
4566,S_NOUN_8_ADJ_a,F,S,la robe avec les recettes qui était là depuis hier est aussi très froide <eos>,13,froide,froid,11,F,P,froide,-9.15394,froid,-11.176814,1
4567,S_NOUN_8_ADJ_a,F,S,la robe avec les recettes qui était là depuis hier est aussi très chaude <eos>,13,chaude,chaud,11,F,P,chaude,-6.622337,chaud,-10.844635,1
4568,S_NOUN_8_ADJ_a,F,S,la robe avec les recettes qui était là depuis hier est aussi très importante <eos>,13,importante,important,11,F,P,importante,-3.4908447,important,-8.028449,1
4569,S_NOUN_8_ADJ_a,F,S,la robe avec les recettes qui était là depuis hier est aussi très courte <eos>,13,courte,court,11,F,P,courte,-5.7236023,court,-7.9494524,1
4570,S_NOUN_8_ADJ_a,F,S,la robe avec les recettes qui était là depuis hier est aussi très dure <eos>,13,dure,dur,11,F,P,dure,-7.238781,dur,-9.485439,1
4571,S_NOUN_8_ADJ_a,F,S,la robe avec les recettes qui était là depuis hier est aussi très claire <eos>,13,claire,clair,11,F,P,claire,-4.9051266,clair,-8.843298,1
4572,S_NOUN_8_ADJ_a,F,S,la robe avec les recettes qui était là depuis hier est aussi très intéressante <eos>,13,intéressante,intéressant,11,F,P,intéressante,-6.665066,intéressant,-9.942132,1
4573,S_NOUN_8_ADJ_a,F,S,la robe avec les recettes qui était là depuis hier est aussi très brillante <eos>,13,brillante,brillant,11,F,P,brillante,-7.294208,brillant,-11.891727,1
4574,S_NOUN_8_ADJ_a,F,S,la robe avec les recettes qui était là depuis hier est aussi très compliquée <eos>,13,compliquée,compliqué,11,F,P,compliquée,-7.9078903,compliqué,-10.685322,1
4575,S_NOUN_8_ADJ_a,F,S,la robe avec les jupes qui était là depuis hier est aussi très verte <eos>,13,verte,vert,11,F,P,verte,-8.88926,vert,-11.633174,1
4576,S_NOUN_8_ADJ_a,F,S,la robe avec les jupes qui était là depuis hier est aussi très bleue <eos>,13,bleue,bleu,11,F,P,bleue,-10.066963,bleu,-11.389563,1
4577,S_NOUN_8_ADJ_a,F,S,la robe avec les jupes qui était là depuis hier est aussi très noire <eos>,13,noire,noir,11,F,P,noire,-5.822941,noir,-11.40024,1
4578,S_NOUN_8_ADJ_a,F,S,la robe avec les jupes qui était là depuis hier est aussi très délicate <eos>,13,délicate,délicat,11,F,P,délicate,-7.0558295,délicat,-11.2415085,1
4579,S_NOUN_8_ADJ_a,F,S,la robe avec les jupes qui était là depuis hier est aussi très pointue <eos>,13,pointue,pointu,11,F,P,pointue,-9.269042,pointu,-10.915515,1
4580,S_NOUN_8_ADJ_a,F,S,la robe avec les jupes qui était là depuis hier est aussi très ronde <eos>,13,ronde,rond,11,F,P,ronde,-10.556616,rond,-14.259361,1
4581,S_NOUN_8_ADJ_a,F,S,la robe avec les jupes qui était là depuis hier est aussi très froide <eos>,13,froide,froid,11,F,P,froide,-8.785777,froid,-11.744976,1
4582,S_NOUN_8_ADJ_a,F,S,la robe avec les jupes qui était là depuis hier est aussi très chaude <eos>,13,chaude,chaud,11,F,P,chaude,-6.73386,chaud,-11.506548,1
4583,S_NOUN_8_ADJ_a,F,S,la robe avec les jupes qui était là depuis hier est aussi très importante <eos>,13,importante,important,11,F,P,importante,-4.623054,important,-9.21484,1
4584,S_NOUN_8_ADJ_a,F,S,la robe avec les jupes qui était là depuis hier est aussi très courte <eos>,13,courte,court,11,F,P,courte,-4.7863717,court,-7.010473,1
4585,S_NOUN_8_ADJ_a,F,S,la robe avec les jupes qui était là depuis hier est aussi très dure <eos>,13,dure,dur,11,F,P,dure,-6.7349706,dur,-9.276142,1
4586,S_NOUN_8_ADJ_a,F,S,la robe avec les jupes qui était là depuis hier est aussi très claire <eos>,13,claire,clair,11,F,P,claire,-4.1273885,clair,-8.397003,1
4587,S_NOUN_8_ADJ_a,F,S,la robe avec les jupes qui était là depuis hier est aussi très intéressante <eos>,13,intéressante,intéressant,11,F,P,intéressante,-7.29943,intéressant,-10.4088,1
4588,S_NOUN_8_ADJ_a,F,S,la robe avec les jupes qui était là depuis hier est aussi très brillante <eos>,13,brillante,brillant,11,F,P,brillante,-7.011694,brillant,-11.489423,1
4589,S_NOUN_8_ADJ_a,F,S,la robe avec les jupes qui était là depuis hier est aussi très compliquée <eos>,13,compliquée,compliqué,11,F,P,compliquée,-7.166749,compliqué,-10.255483,1
4590,S_NOUN_8_ADJ_a,F,S,la robe avec les colles qui était là depuis hier est aussi très verte <eos>,13,verte,vert,11,F,P,verte,-9.468113,vert,-12.138432,1
4591,S_NOUN_8_ADJ_a,F,S,la robe avec les colles qui était là depuis hier est aussi très bleue <eos>,13,bleue,bleu,11,F,P,bleue,-11.023065,bleu,-11.932054,1
4592,S_NOUN_8_ADJ_a,F,S,la robe avec les colles qui était là depuis hier est aussi très noire <eos>,13,noire,noir,11,F,P,noire,-7.3593674,noir,-12.262294,1
4593,S_NOUN_8_ADJ_a,F,S,la robe avec les colles qui était là depuis hier est aussi très délicate <eos>,13,délicate,délicat,11,F,P,délicate,-6.301111,délicat,-10.847575,1
4594,S_NOUN_8_ADJ_a,F,S,la robe avec les colles qui était là depuis hier est aussi très pointue <eos>,13,pointue,pointu,11,F,P,pointue,-10.072123,pointu,-12.07667,1
4595,S_NOUN_8_ADJ_a,F,S,la robe avec les colles qui était là depuis hier est aussi très ronde <eos>,13,ronde,rond,11,F,P,ronde,-11.577048,rond,-14.932963,1
4596,S_NOUN_8_ADJ_a,F,S,la robe avec les colles qui était là depuis hier est aussi très froide <eos>,13,froide,froid,11,F,P,froide,-7.919874,froid,-10.545326,1
4597,S_NOUN_8_ADJ_a,F,S,la robe avec les colles qui était là depuis hier est aussi très chaude <eos>,13,chaude,chaud,11,F,P,chaude,-6.118994,chaud,-10.271772,1
4598,S_NOUN_8_ADJ_a,F,S,la robe avec les colles qui était là depuis hier est aussi très importante <eos>,13,importante,important,11,F,P,importante,-3.8812366,important,-8.368715,1
4599,S_NOUN_8_ADJ_a,F,S,la robe avec les colles qui était là depuis hier est aussi très courte <eos>,13,courte,court,11,F,P,courte,-6.2578073,court,-8.302092,1
4600,S_NOUN_8_ADJ_a,F,S,la robe avec les colles qui était là depuis hier est aussi très dure <eos>,13,dure,dur,11,F,P,dure,-6.9394975,dur,-8.532099,1
4601,S_NOUN_8_ADJ_a,F,S,la robe avec les colles qui était là depuis hier est aussi très claire <eos>,13,claire,clair,11,F,P,claire,-4.6061697,clair,-8.36295,1
4602,S_NOUN_8_ADJ_a,F,S,la robe avec les colles qui était là depuis hier est aussi très intéressante <eos>,13,intéressante,intéressant,11,F,P,intéressante,-6.40697,intéressant,-9.564021,1
4603,S_NOUN_8_ADJ_a,F,S,la robe avec les colles qui était là depuis hier est aussi très brillante <eos>,13,brillante,brillant,11,F,P,brillante,-6.804633,brillant,-11.110287,1
4604,S_NOUN_8_ADJ_a,F,S,la robe avec les colles qui était là depuis hier est aussi très compliquée <eos>,13,compliquée,compliqué,11,F,P,compliquée,-6.721717,compliqué,-9.821154,1
4605,S_NOUN_8_ADJ_a,F,S,la robe avec les lampes qui était là depuis hier est aussi très verte <eos>,13,verte,vert,11,F,P,verte,-8.619605,vert,-11.388002,1
4606,S_NOUN_8_ADJ_a,F,S,la robe avec les lampes qui était là depuis hier est aussi très bleue <eos>,13,bleue,bleu,11,F,P,bleue,-10.1763115,bleu,-11.230102,1
4607,S_NOUN_8_ADJ_a,F,S,la robe avec les lampes qui était là depuis hier est aussi très noire <eos>,13,noire,noir,11,F,P,noire,-6.2287474,noir,-11.247997,1
4608,S_NOUN_8_ADJ_a,F,S,la robe avec les lampes qui était là depuis hier est aussi très délicate <eos>,13,délicate,délicat,11,F,P,délicate,-6.7191687,délicat,-11.206,1
4609,S_NOUN_8_ADJ_a,F,S,la robe avec les lampes qui était là depuis hier est aussi très pointue <eos>,13,pointue,pointu,11,F,P,pointue,-9.717014,pointu,-11.440375,1
4610,S_NOUN_8_ADJ_a,F,S,la robe avec les lampes qui était là depuis hier est aussi très ronde <eos>,13,ronde,rond,11,F,P,ronde,-11.173321,rond,-14.702887,1
4611,S_NOUN_8_ADJ_a,F,S,la robe avec les lampes qui était là depuis hier est aussi très froide <eos>,13,froide,froid,11,F,P,froide,-8.551362,froid,-11.299872,1
4612,S_NOUN_8_ADJ_a,F,S,la robe avec les lampes qui était là depuis hier est aussi très chaude <eos>,13,chaude,chaud,11,F,P,chaude,-6.3830914,chaud,-10.628521,1
4613,S_NOUN_8_ADJ_a,F,S,la robe avec les lampes qui était là depuis hier est aussi très importante <eos>,13,importante,important,11,F,P,importante,-4.354613,important,-8.762241,1
4614,S_NOUN_8_ADJ_a,F,S,la robe avec les lampes qui était là depuis hier est aussi très courte <eos>,13,courte,court,11,F,P,courte,-5.4886584,court,-7.4887414,1
4615,S_NOUN_8_ADJ_a,F,S,la robe avec les lampes qui était là depuis hier est aussi très dure <eos>,13,dure,dur,11,F,P,dure,-6.866144,dur,-9.375385,1
4616,S_NOUN_8_ADJ_a,F,S,la robe avec les lampes qui était là depuis hier est aussi très claire <eos>,13,claire,clair,11,F,P,claire,-4.400901,clair,-8.367409,1
4617,S_NOUN_8_ADJ_a,F,S,la robe avec les lampes qui était là depuis hier est aussi très intéressante <eos>,13,intéressante,intéressant,11,F,P,intéressante,-6.600389,intéressant,-9.799837,1
4618,S_NOUN_8_ADJ_a,F,S,la robe avec les lampes qui était là depuis hier est aussi très brillante <eos>,13,brillante,brillant,11,F,P,brillante,-6.4275365,brillant,-11.108454,1
4619,S_NOUN_8_ADJ_a,F,S,la robe avec les lampes qui était là depuis hier est aussi très compliquée <eos>,13,compliquée,compliqué,11,F,P,compliquée,-7.1242423,compliqué,-10.212725,1
4620,S_NOUN_8_ADJ_a,F,S,la robe avec les bouteilles qui était là depuis hier est aussi très verte <eos>,13,verte,vert,11,F,P,verte,-9.201616,vert,-11.535387,1
4621,S_NOUN_8_ADJ_a,F,S,la robe avec les bouteilles qui était là depuis hier est aussi très bleue <eos>,13,bleue,bleu,11,F,P,bleue,-10.865584,bleu,-11.862509,1
4622,S_NOUN_8_ADJ_a,F,S,la robe avec les bouteilles qui était là depuis hier est aussi très noire <eos>,13,noire,noir,11,F,P,noire,-6.8175974,noir,-11.553365,1
4623,S_NOUN_8_ADJ_a,F,S,la robe avec les bouteilles qui était là depuis hier est aussi très délicate <eos>,13,délicate,délicat,11,F,P,délicate,-6.698926,délicat,-10.900768,1
4624,S_NOUN_8_ADJ_a,F,S,la robe avec les bouteilles qui était là depuis hier est aussi très pointue <eos>,13,pointue,pointu,11,F,P,pointue,-10.171629,pointu,-11.448053,1
4625,S_NOUN_8_ADJ_a,F,S,la robe avec les bouteilles qui était là depuis hier est aussi très ronde <eos>,13,ronde,rond,11,F,P,ronde,-11.021665,rond,-14.295986,1
4626,S_NOUN_8_ADJ_a,F,S,la robe avec les bouteilles qui était là depuis hier est aussi très froide <eos>,13,froide,froid,11,F,P,froide,-8.470377,froid,-10.823568,1
4627,S_NOUN_8_ADJ_a,F,S,la robe avec les bouteilles qui était là depuis hier est aussi très chaude <eos>,13,chaude,chaud,11,F,P,chaude,-6.252964,chaud,-10.409861,1
4628,S_NOUN_8_ADJ_a,F,S,la robe avec les bouteilles qui était là depuis hier est aussi très importante <eos>,13,importante,important,11,F,P,importante,-3.8989277,important,-8.135639,1
4629,S_NOUN_8_ADJ_a,F,S,la robe avec les bouteilles qui était là depuis hier est aussi très courte <eos>,13,courte,court,11,F,P,courte,-6.036468,court,-7.87268,1
4630,S_NOUN_8_ADJ_a,F,S,la robe avec les bouteilles qui était là depuis hier est aussi très dure <eos>,13,dure,dur,11,F,P,dure,-6.9308887,dur,-8.972624,1
4631,S_NOUN_8_ADJ_a,F,S,la robe avec les bouteilles qui était là depuis hier est aussi très claire <eos>,13,claire,clair,11,F,P,claire,-4.343299,clair,-8.369034,1
4632,S_NOUN_8_ADJ_a,F,S,la robe avec les bouteilles qui était là depuis hier est aussi très intéressante <eos>,13,intéressante,intéressant,11,F,P,intéressante,-6.5483017,intéressant,-9.551808,1
4633,S_NOUN_8_ADJ_a,F,S,la robe avec les bouteilles qui était là depuis hier est aussi très brillante <eos>,13,brillante,brillant,11,F,P,brillante,-6.9206448,brillant,-11.133056,1
4634,S_NOUN_8_ADJ_a,F,S,la robe avec les bouteilles qui était là depuis hier est aussi très compliquée <eos>,13,compliquée,compliqué,11,F,P,compliquée,-7.6134233,compliqué,-10.515504,1
4635,S_NOUN_8_ADJ_a,F,S,la robe avec les boissons qui était là depuis hier est aussi très verte <eos>,13,verte,vert,11,F,P,verte,-9.2458105,vert,-11.793098,1
4636,S_NOUN_8_ADJ_a,F,S,la robe avec les boissons qui était là depuis hier est aussi très bleue <eos>,13,bleue,bleu,11,F,P,bleue,-10.882542,bleu,-11.892263,1
4637,S_NOUN_8_ADJ_a,F,S,la robe avec les boissons qui était là depuis hier est aussi très noire <eos>,13,noire,noir,11,F,P,noire,-7.1430073,noir,-11.85351,1
4638,S_NOUN_8_ADJ_a,F,S,la robe avec les boissons qui était là depuis hier est aussi très délicate <eos>,13,délicate,délicat,11,F,P,délicate,-6.4883695,délicat,-10.527706,1
4639,S_NOUN_8_ADJ_a,F,S,la robe avec les boissons qui était là depuis hier est aussi très pointue <eos>,13,pointue,pointu,11,F,P,pointue,-10.919104,pointu,-12.135721,1
4640,S_NOUN_8_ADJ_a,F,S,la robe avec les boissons qui était là depuis hier est aussi très ronde <eos>,13,ronde,rond,11,F,P,ronde,-11.67856,rond,-15.23717,1
4641,S_NOUN_8_ADJ_a,F,S,la robe avec les boissons qui était là depuis hier est aussi très froide <eos>,13,froide,froid,11,F,P,froide,-7.7970476,froid,-10.00246,1
4642,S_NOUN_8_ADJ_a,F,S,la robe avec les boissons qui était là depuis hier est aussi très chaude <eos>,13,chaude,chaud,11,F,P,chaude,-5.6363897,chaud,-9.518316,1
4643,S_NOUN_8_ADJ_a,F,S,la robe avec les boissons qui était là depuis hier est aussi très importante <eos>,13,importante,important,11,F,P,importante,-3.701635,important,-8.210981,1
4644,S_NOUN_8_ADJ_a,F,S,la robe avec les boissons qui était là depuis hier est aussi très courte <eos>,13,courte,court,11,F,P,courte,-6.1650543,court,-8.493094,1
4645,S_NOUN_8_ADJ_a,F,S,la robe avec les boissons qui était là depuis hier est aussi très dure <eos>,13,dure,dur,11,F,P,dure,-6.441552,dur,-8.903612,1
4646,S_NOUN_8_ADJ_a,F,S,la robe avec les boissons qui était là depuis hier est aussi très claire <eos>,13,claire,clair,11,F,P,claire,-4.3901424,clair,-8.01696,1
4647,S_NOUN_8_ADJ_a,F,S,la robe avec les boissons qui était là depuis hier est aussi très intéressante <eos>,13,intéressante,intéressant,11,F,P,intéressante,-6.5419216,intéressant,-9.640134,1
4648,S_NOUN_8_ADJ_a,F,S,la robe avec les boissons qui était là depuis hier est aussi très brillante <eos>,13,brillante,brillant,11,F,P,brillante,-7.1700816,brillant,-11.326836,1
4649,S_NOUN_8_ADJ_a,F,S,la robe avec les boissons qui était là depuis hier est aussi très compliquée <eos>,13,compliquée,compliqué,11,F,P,compliquée,-7.6414657,compliqué,-10.528299,1
4650,S_NOUN_8_ADJ_a,F,S,la robe avec les pommes qui était là depuis hier est aussi très verte <eos>,13,verte,vert,11,F,P,verte,-9.084789,vert,-11.449989,1
4651,S_NOUN_8_ADJ_a,F,S,la robe avec les pommes qui était là depuis hier est aussi très bleue <eos>,13,bleue,bleu,11,F,P,bleue,-10.374273,bleu,-11.700808,1
4652,S_NOUN_8_ADJ_a,F,S,la robe avec les pommes qui était là depuis hier est aussi très noire <eos>,13,noire,noir,11,F,P,noire,-6.5473604,noir,-11.593588,1
4653,S_NOUN_8_ADJ_a,F,S,la robe avec les pommes qui était là depuis hier est aussi très délicate <eos>,13,délicate,délicat,11,F,P,délicate,-6.449019,délicat,-10.469242,1
4654,S_NOUN_8_ADJ_a,F,S,la robe avec les pommes qui était là depuis hier est aussi très pointue <eos>,13,pointue,pointu,11,F,P,pointue,-10.088125,pointu,-11.784359,1
4655,S_NOUN_8_ADJ_a,F,S,la robe avec les pommes qui était là depuis hier est aussi très ronde <eos>,13,ronde,rond,11,F,P,ronde,-10.790203,rond,-14.811945,1
4656,S_NOUN_8_ADJ_a,F,S,la robe avec les pommes qui était là depuis hier est aussi très froide <eos>,13,froide,froid,11,F,P,froide,-7.9281073,froid,-10.588704,1
4657,S_NOUN_8_ADJ_a,F,S,la robe avec les pommes qui était là depuis hier est aussi très chaude <eos>,13,chaude,chaud,11,F,P,chaude,-5.579687,chaud,-10.232083,1
4658,S_NOUN_8_ADJ_a,F,S,la robe avec les pommes qui était là depuis hier est aussi très importante <eos>,13,importante,important,11,F,P,importante,-3.9480164,important,-8.741603,1
4659,S_NOUN_8_ADJ_a,F,S,la robe avec les pommes qui était là depuis hier est aussi très courte <eos>,13,courte,court,11,F,P,courte,-5.7517605,court,-8.0111265,1
4660,S_NOUN_8_ADJ_a,F,S,la robe avec les pommes qui était là depuis hier est aussi très dure <eos>,13,dure,dur,11,F,P,dure,-6.108018,dur,-8.880774,1
4661,S_NOUN_8_ADJ_a,F,S,la robe avec les pommes qui était là depuis hier est aussi très claire <eos>,13,claire,clair,11,F,P,claire,-4.0449257,clair,-8.078247,1
4662,S_NOUN_8_ADJ_a,F,S,la robe avec les pommes qui était là depuis hier est aussi très intéressante <eos>,13,intéressante,intéressant,11,F,P,intéressante,-6.9834867,intéressant,-10.274311,1
4663,S_NOUN_8_ADJ_a,F,S,la robe avec les pommes qui était là depuis hier est aussi très brillante <eos>,13,brillante,brillant,11,F,P,brillante,-6.76044,brillant,-11.206838,1
4664,S_NOUN_8_ADJ_a,F,S,la robe avec les pommes qui était là depuis hier est aussi très compliquée <eos>,13,compliquée,compliqué,11,F,P,compliquée,-7.9205546,compliqué,-10.963194,1
4665,S_NOUN_8_ADJ_a,F,S,la robe avec les tasses qui était là depuis hier est aussi très verte <eos>,13,verte,vert,11,F,P,verte,-9.079353,vert,-11.284216,1
4666,S_NOUN_8_ADJ_a,F,S,la robe avec les tasses qui était là depuis hier est aussi très bleue <eos>,13,bleue,bleu,11,F,P,bleue,-10.534555,bleu,-11.446598,1
4667,S_NOUN_8_ADJ_a,F,S,la robe avec les tasses qui était là depuis hier est aussi très noire <eos>,13,noire,noir,11,F,P,noire,-6.4761977,noir,-11.5779,1
4668,S_NOUN_8_ADJ_a,F,S,la robe avec les tasses qui était là depuis hier est aussi très délicate <eos>,13,délicate,délicat,11,F,P,délicate,-6.672718,délicat,-10.727502,1
4669,S_NOUN_8_ADJ_a,F,S,la robe avec les tasses qui était là depuis hier est aussi très pointue <eos>,13,pointue,pointu,11,F,P,pointue,-9.818005,pointu,-11.460421,1
4670,S_NOUN_8_ADJ_a,F,S,la robe avec les tasses qui était là depuis hier est aussi très ronde <eos>,13,ronde,rond,11,F,P,ronde,-10.472915,rond,-14.253336,1
4671,S_NOUN_8_ADJ_a,F,S,la robe avec les tasses qui était là depuis hier est aussi très froide <eos>,13,froide,froid,11,F,P,froide,-8.160524,froid,-10.979748,1
4672,S_NOUN_8_ADJ_a,F,S,la robe avec les tasses qui était là depuis hier est aussi très chaude <eos>,13,chaude,chaud,11,F,P,chaude,-6.027508,chaud,-10.54024,1
4673,S_NOUN_8_ADJ_a,F,S,la robe avec les tasses qui était là depuis hier est aussi très importante <eos>,13,importante,important,11,F,P,importante,-3.8994656,important,-8.322528,1
4674,S_NOUN_8_ADJ_a,F,S,la robe avec les tasses qui était là depuis hier est aussi très courte <eos>,13,courte,court,11,F,P,courte,-5.6570253,court,-7.499898,1
4675,S_NOUN_8_ADJ_a,F,S,la robe avec les tasses qui était là depuis hier est aussi très dure <eos>,13,dure,dur,11,F,P,dure,-6.7427135,dur,-8.982065,1
4676,S_NOUN_8_ADJ_a,F,S,la robe avec les tasses qui était là depuis hier est aussi très claire <eos>,13,claire,clair,11,F,P,claire,-4.2250423,clair,-8.160356,1
4677,S_NOUN_8_ADJ_a,F,S,la robe avec les tasses qui était là depuis hier est aussi très intéressante <eos>,13,intéressante,intéressant,11,F,P,intéressante,-6.6347837,intéressant,-9.75775,1
4678,S_NOUN_8_ADJ_a,F,S,la robe avec les tasses qui était là depuis hier est aussi très brillante <eos>,13,brillante,brillant,11,F,P,brillante,-6.6785736,brillant,-11.048477,1
4679,S_NOUN_8_ADJ_a,F,S,la robe avec les tasses qui était là depuis hier est aussi très compliquée <eos>,13,compliquée,compliqué,11,F,P,compliquée,-7.68933,compliqué,-10.508104,1
4680,S_NOUN_8_ADJ_a,F,S,la robe avec les bougies qui était là depuis hier est aussi très verte <eos>,13,verte,vert,11,F,P,verte,-8.921116,vert,-11.400102,1
4681,S_NOUN_8_ADJ_a,F,S,la robe avec les bougies qui était là depuis hier est aussi très bleue <eos>,13,bleue,bleu,11,F,P,bleue,-10.255466,bleu,-11.316062,1
4682,S_NOUN_8_ADJ_a,F,S,la robe avec les bougies qui était là depuis hier est aussi très noire <eos>,13,noire,noir,11,F,P,noire,-6.206503,noir,-11.272318,1
4683,S_NOUN_8_ADJ_a,F,S,la robe avec les bougies qui était là depuis hier est aussi très délicate <eos>,13,délicate,délicat,11,F,P,délicate,-6.98999,délicat,-10.895073,1
4684,S_NOUN_8_ADJ_a,F,S,la robe avec les bougies qui était là depuis hier est aussi très pointue <eos>,13,pointue,pointu,11,F,P,pointue,-10.194871,pointu,-11.865853,1
4685,S_NOUN_8_ADJ_a,F,S,la robe avec les bougies qui était là depuis hier est aussi très ronde <eos>,13,ronde,rond,11,F,P,ronde,-11.007812,rond,-14.639718,1
4686,S_NOUN_8_ADJ_a,F,S,la robe avec les bougies qui était là depuis hier est aussi très froide <eos>,13,froide,froid,11,F,P,froide,-8.054903,froid,-10.7260685,1
4687,S_NOUN_8_ADJ_a,F,S,la robe avec les bougies qui était là depuis hier est aussi très chaude <eos>,13,chaude,chaud,11,F,P,chaude,-5.8932195,chaud,-10.569305,1
4688,S_NOUN_8_ADJ_a,F,S,la robe avec les bougies qui était là depuis hier est aussi très importante <eos>,13,importante,important,11,F,P,importante,-4.2253103,important,-8.652323,1
4689,S_NOUN_8_ADJ_a,F,S,la robe avec les bougies qui était là depuis hier est aussi très courte <eos>,13,courte,court,11,F,P,courte,-5.3622613,court,-7.494205,1
4690,S_NOUN_8_ADJ_a,F,S,la robe avec les bougies qui était là depuis hier est aussi très dure <eos>,13,dure,dur,11,F,P,dure,-6.4700947,dur,-9.067128,1
4691,S_NOUN_8_ADJ_a,F,S,la robe avec les bougies qui était là depuis hier est aussi très claire <eos>,13,claire,clair,11,F,P,claire,-4.060486,clair,-7.937353,1
4692,S_NOUN_8_ADJ_a,F,S,la robe avec les bougies qui était là depuis hier est aussi très intéressante <eos>,13,intéressante,intéressant,11,F,P,intéressante,-6.9192295,intéressant,-10.153806,1
4693,S_NOUN_8_ADJ_a,F,S,la robe avec les bougies qui était là depuis hier est aussi très brillante <eos>,13,brillante,brillant,11,F,P,brillante,-6.609009,brillant,-11.138281,1
4694,S_NOUN_8_ADJ_a,F,S,la robe avec les bougies qui était là depuis hier est aussi très compliquée <eos>,13,compliquée,compliqué,11,F,P,compliquée,-7.580023,compliqué,-10.544496,1
4695,S_NOUN_8_ADJ_a,F,S,la robe avec les pochettes qui était là depuis hier est aussi très verte <eos>,13,verte,vert,11,F,P,verte,-9.370813,vert,-12.021532,1
4696,S_NOUN_8_ADJ_a,F,S,la robe avec les pochettes qui était là depuis hier est aussi très bleue <eos>,13,bleue,bleu,11,F,P,bleue,-11.075235,bleu,-11.617704,1
4697,S_NOUN_8_ADJ_a,F,S,la robe avec les pochettes qui était là depuis hier est aussi très noire <eos>,13,noire,noir,11,F,P,noire,-7.2712545,noir,-11.765141,1
4698,S_NOUN_8_ADJ_a,F,S,la robe avec les pochettes qui était là depuis hier est aussi très délicate <eos>,13,délicate,délicat,11,F,P,délicate,-6.882332,délicat,-11.5338745,1
4699,S_NOUN_8_ADJ_a,F,S,la robe avec les pochettes qui était là depuis hier est aussi très pointue <eos>,13,pointue,pointu,11,F,P,pointue,-10.648584,pointu,-11.5693445,1
4700,S_NOUN_8_ADJ_a,F,S,la robe avec les pochettes qui était là depuis hier est aussi très ronde <eos>,13,ronde,rond,11,F,P,ronde,-12.024396,rond,-15.199558,1
4701,S_NOUN_8_ADJ_a,F,S,la robe avec les pochettes qui était là depuis hier est aussi très froide <eos>,13,froide,froid,11,F,P,froide,-9.407111,froid,-11.041525,1
4702,S_NOUN_8_ADJ_a,F,S,la robe avec les pochettes qui était là depuis hier est aussi très chaude <eos>,13,chaude,chaud,11,F,P,chaude,-6.417623,chaud,-11.396038,1
4703,S_NOUN_8_ADJ_a,F,S,la robe avec les pochettes qui était là depuis hier est aussi très importante <eos>,13,importante,important,11,F,P,importante,-3.6909266,important,-8.278386,1
4704,S_NOUN_8_ADJ_a,F,S,la robe avec les pochettes qui était là depuis hier est aussi très courte <eos>,13,courte,court,11,F,P,courte,-5.3300376,court,-7.645269,1
4705,S_NOUN_8_ADJ_a,F,S,la robe avec les pochettes qui était là depuis hier est aussi très dure <eos>,13,dure,dur,11,F,P,dure,-6.3660393,dur,-9.184693,1
4706,S_NOUN_8_ADJ_a,F,S,la robe avec les pochettes qui était là depuis hier est aussi très claire <eos>,13,claire,clair,11,F,P,claire,-4.1144323,clair,-8.532874,1
4707,S_NOUN_8_ADJ_a,F,S,la robe avec les pochettes qui était là depuis hier est aussi très intéressante <eos>,13,intéressante,intéressant,11,F,P,intéressante,-6.6702805,intéressant,-9.879111,1
4708,S_NOUN_8_ADJ_a,F,S,la robe avec les pochettes qui était là depuis hier est aussi très brillante <eos>,13,brillante,brillant,11,F,P,brillante,-6.3204618,brillant,-11.391024,1
4709,S_NOUN_8_ADJ_a,F,S,la robe avec les pochettes qui était là depuis hier est aussi très compliquée <eos>,13,compliquée,compliqué,11,F,P,compliquée,-6.9538198,compliqué,-10.64728,1
4710,S_NOUN_8_ADJ_a,F,S,la robe avec les bananes qui était là depuis hier est aussi très verte <eos>,13,verte,vert,11,F,P,verte,-8.629371,vert,-11.431113,1
4711,S_NOUN_8_ADJ_a,F,S,la robe avec les bananes qui était là depuis hier est aussi très bleue <eos>,13,bleue,bleu,11,F,P,bleue,-10.350732,bleu,-11.685853,1
4712,S_NOUN_8_ADJ_a,F,S,la robe avec les bananes qui était là depuis hier est aussi très noire <eos>,13,noire,noir,11,F,P,noire,-6.5126696,noir,-11.57262,1
4713,S_NOUN_8_ADJ_a,F,S,la robe avec les bananes qui était là depuis hier est aussi très délicate <eos>,13,délicate,délicat,11,F,P,délicate,-6.673952,délicat,-10.811383,1
4714,S_NOUN_8_ADJ_a,F,S,la robe avec les bananes qui était là depuis hier est aussi très pointue <eos>,13,pointue,pointu,11,F,P,pointue,-9.967475,pointu,-11.3962755,1
4715,S_NOUN_8_ADJ_a,F,S,la robe avec les bananes qui était là depuis hier est aussi très ronde <eos>,13,ronde,rond,11,F,P,ronde,-10.704315,rond,-14.567085,1
4716,S_NOUN_8_ADJ_a,F,S,la robe avec les bananes qui était là depuis hier est aussi très froide <eos>,13,froide,froid,11,F,P,froide,-8.572536,froid,-11.199909,1
4717,S_NOUN_8_ADJ_a,F,S,la robe avec les bananes qui était là depuis hier est aussi très chaude <eos>,13,chaude,chaud,11,F,P,chaude,-6.043001,chaud,-10.516611,1
4718,S_NOUN_8_ADJ_a,F,S,la robe avec les bananes qui était là depuis hier est aussi très importante <eos>,13,importante,important,11,F,P,importante,-3.9474137,important,-8.637707,1
4719,S_NOUN_8_ADJ_a,F,S,la robe avec les bananes qui était là depuis hier est aussi très courte <eos>,13,courte,court,11,F,P,courte,-5.815299,court,-7.6631126,1
4720,S_NOUN_8_ADJ_a,F,S,la robe avec les bananes qui était là depuis hier est aussi très dure <eos>,13,dure,dur,11,F,P,dure,-6.4472775,dur,-8.831799,1
4721,S_NOUN_8_ADJ_a,F,S,la robe avec les bananes qui était là depuis hier est aussi très claire <eos>,13,claire,clair,11,F,P,claire,-4.2444234,clair,-8.413673,1
4722,S_NOUN_8_ADJ_a,F,S,la robe avec les bananes qui était là depuis hier est aussi très intéressante <eos>,13,intéressante,intéressant,11,F,P,intéressante,-6.8197737,intéressant,-10.051183,1
4723,S_NOUN_8_ADJ_a,F,S,la robe avec les bananes qui était là depuis hier est aussi très brillante <eos>,13,brillante,brillant,11,F,P,brillante,-6.842581,brillant,-11.26303,1
4724,S_NOUN_8_ADJ_a,F,S,la robe avec les bananes qui était là depuis hier est aussi très compliquée <eos>,13,compliquée,compliqué,11,F,P,compliquée,-7.9537334,compliqué,-10.767022,1
4725,S_NOUN_8_ADJ_a,F,S,la robe avec les robes qui était là depuis hier est aussi très verte <eos>,13,verte,vert,11,F,P,verte,-8.830469,vert,-11.457062,1
4726,S_NOUN_8_ADJ_a,F,S,la robe avec les robes qui était là depuis hier est aussi très bleue <eos>,13,bleue,bleu,11,F,P,bleue,-10.000108,bleu,-11.424807,1
4727,S_NOUN_8_ADJ_a,F,S,la robe avec les robes qui était là depuis hier est aussi très noire <eos>,13,noire,noir,11,F,P,noire,-5.965612,noir,-11.476114,1
4728,S_NOUN_8_ADJ_a,F,S,la robe avec les robes qui était là depuis hier est aussi très délicate <eos>,13,délicate,délicat,11,F,P,délicate,-7.2029867,délicat,-11.364403,1
4729,S_NOUN_8_ADJ_a,F,S,la robe avec les robes qui était là depuis hier est aussi très pointue <eos>,13,pointue,pointu,11,F,P,pointue,-10.528859,pointu,-11.812841,1
4730,S_NOUN_8_ADJ_a,F,S,la robe avec les robes qui était là depuis hier est aussi très ronde <eos>,13,ronde,rond,11,F,P,ronde,-11.50489,rond,-15.185637,1
4731,S_NOUN_8_ADJ_a,F,S,la robe avec les robes qui était là depuis hier est aussi très froide <eos>,13,froide,froid,11,F,P,froide,-8.506504,froid,-11.256828,1
4732,S_NOUN_8_ADJ_a,F,S,la robe avec les robes qui était là depuis hier est aussi très chaude <eos>,13,chaude,chaud,11,F,P,chaude,-6.4587784,chaud,-11.067302,1
4733,S_NOUN_8_ADJ_a,F,S,la robe avec les robes qui était là depuis hier est aussi très importante <eos>,13,importante,important,11,F,P,importante,-4.4005623,important,-8.946486,1
4734,S_NOUN_8_ADJ_a,F,S,la robe avec les robes qui était là depuis hier est aussi très courte <eos>,13,courte,court,11,F,P,courte,-5.2376084,court,-7.502603,1
4735,S_NOUN_8_ADJ_a,F,S,la robe avec les robes qui était là depuis hier est aussi très dure <eos>,13,dure,dur,11,F,P,dure,-6.7631016,dur,-9.753182,1
4736,S_NOUN_8_ADJ_a,F,S,la robe avec les robes qui était là depuis hier est aussi très claire <eos>,13,claire,clair,11,F,P,claire,-4.3234324,clair,-8.354668,1
4737,S_NOUN_8_ADJ_a,F,S,la robe avec les robes qui était là depuis hier est aussi très intéressante <eos>,13,intéressante,intéressant,11,F,P,intéressante,-7.3343725,intéressant,-10.354381,1
4738,S_NOUN_8_ADJ_a,F,S,la robe avec les robes qui était là depuis hier est aussi très brillante <eos>,13,brillante,brillant,11,F,P,brillante,-6.7972374,brillant,-11.524144,1
4739,S_NOUN_8_ADJ_a,F,S,la robe avec les robes qui était là depuis hier est aussi très compliquée <eos>,13,compliquée,compliqué,11,F,P,compliquée,-7.984482,compliqué,-10.815544,1
4740,S_NOUN_8_ADJ_a,F,S,la robe avec les valises qui était là depuis hier est aussi très verte <eos>,13,verte,vert,11,F,P,verte,-9.32448,vert,-12.06513,1
4741,S_NOUN_8_ADJ_a,F,S,la robe avec les valises qui était là depuis hier est aussi très bleue <eos>,13,bleue,bleu,11,F,P,bleue,-10.779456,bleu,-11.557972,1
4742,S_NOUN_8_ADJ_a,F,S,la robe avec les valises qui était là depuis hier est aussi très noire <eos>,13,noire,noir,11,F,P,noire,-6.5660853,noir,-11.757818,1
4743,S_NOUN_8_ADJ_a,F,S,la robe avec les valises qui était là depuis hier est aussi très délicate <eos>,13,délicate,délicat,11,F,P,délicate,-6.696946,délicat,-11.270494,1
4744,S_NOUN_8_ADJ_a,F,S,la robe avec les valises qui était là depuis hier est aussi très pointue <eos>,13,pointue,pointu,11,F,P,pointue,-9.987182,pointu,-11.719498,1
4745,S_NOUN_8_ADJ_a,F,S,la robe avec les valises qui était là depuis hier est aussi très ronde <eos>,13,ronde,rond,11,F,P,ronde,-11.24357,rond,-14.904989,1
4746,S_NOUN_8_ADJ_a,F,S,la robe avec les valises qui était là depuis hier est aussi très froide <eos>,13,froide,froid,11,F,P,froide,-8.429097,froid,-10.867286,1
4747,S_NOUN_8_ADJ_a,F,S,la robe avec les valises qui était là depuis hier est aussi très chaude <eos>,13,chaude,chaud,11,F,P,chaude,-6.2353,chaud,-10.695646,1
4748,S_NOUN_8_ADJ_a,F,S,la robe avec les valises qui était là depuis hier est aussi très importante <eos>,13,importante,important,11,F,P,importante,-3.8071039,important,-8.228895,1
4749,S_NOUN_8_ADJ_a,F,S,la robe avec les valises qui était là depuis hier est aussi très courte <eos>,13,courte,court,11,F,P,courte,-5.499454,court,-7.6491075,1
4750,S_NOUN_8_ADJ_a,F,S,la robe avec les valises qui était là depuis hier est aussi très dure <eos>,13,dure,dur,11,F,P,dure,-6.715023,dur,-9.097876,1
4751,S_NOUN_8_ADJ_a,F,S,la robe avec les valises qui était là depuis hier est aussi très claire <eos>,13,claire,clair,11,F,P,claire,-4.262337,clair,-8.36809,1
4752,S_NOUN_8_ADJ_a,F,S,la robe avec les valises qui était là depuis hier est aussi très intéressante <eos>,13,intéressante,intéressant,11,F,P,intéressante,-6.629776,intéressant,-9.750802,1
4753,S_NOUN_8_ADJ_a,F,S,la robe avec les valises qui était là depuis hier est aussi très brillante <eos>,13,brillante,brillant,11,F,P,brillante,-6.95536,brillant,-11.452656,1
4754,S_NOUN_8_ADJ_a,F,S,la robe avec les valises qui était là depuis hier est aussi très compliquée <eos>,13,compliquée,compliqué,11,F,P,compliquée,-7.158072,compliqué,-10.2204895,1
4755,S_NOUN_8_ADJ_a,F,S,la robe avec les pendules qui était là depuis hier est aussi très verte <eos>,13,verte,vert,11,F,P,verte,-8.836153,vert,-11.791525,1
4756,S_NOUN_8_ADJ_a,F,S,la robe avec les pendules qui était là depuis hier est aussi très bleue <eos>,13,bleue,bleu,11,F,P,bleue,-10.435488,bleu,-11.455091,1
4757,S_NOUN_8_ADJ_a,F,S,la robe avec les pendules qui était là depuis hier est aussi très noire <eos>,13,noire,noir,11,F,P,noire,-6.6430836,noir,-11.483399,1
4758,S_NOUN_8_ADJ_a,F,S,la robe avec les pendules qui était là depuis hier est aussi très délicate <eos>,13,délicate,délicat,11,F,P,délicate,-6.731244,délicat,-11.149301,1
4759,S_NOUN_8_ADJ_a,F,S,la robe avec les pendules qui était là depuis hier est aussi très pointue <eos>,13,pointue,pointu,11,F,P,pointue,-10.009531,pointu,-11.707157,1
4760,S_NOUN_8_ADJ_a,F,S,la robe avec les pendules qui était là depuis hier est aussi très ronde <eos>,13,ronde,rond,11,F,P,ronde,-11.396761,rond,-14.926463,1
4761,S_NOUN_8_ADJ_a,F,S,la robe avec les pendules qui était là depuis hier est aussi très froide <eos>,13,froide,froid,11,F,P,froide,-8.7978325,froid,-11.162035,1
4762,S_NOUN_8_ADJ_a,F,S,la robe avec les pendules qui était là depuis hier est aussi très chaude <eos>,13,chaude,chaud,11,F,P,chaude,-6.503051,chaud,-10.654515,1
4763,S_NOUN_8_ADJ_a,F,S,la robe avec les pendules qui était là depuis hier est aussi très importante <eos>,13,importante,important,11,F,P,importante,-4.2881794,important,-8.637969,1
4764,S_NOUN_8_ADJ_a,F,S,la robe avec les pendules qui était là depuis hier est aussi très courte <eos>,13,courte,court,11,F,P,courte,-5.692712,court,-7.885086,1
4765,S_NOUN_8_ADJ_a,F,S,la robe avec les pendules qui était là depuis hier est aussi très dure <eos>,13,dure,dur,11,F,P,dure,-6.8808794,dur,-9.29469,1
4766,S_NOUN_8_ADJ_a,F,S,la robe avec les pendules qui était là depuis hier est aussi très claire <eos>,13,claire,clair,11,F,P,claire,-4.278858,clair,-8.283386,1
4767,S_NOUN_8_ADJ_a,F,S,la robe avec les pendules qui était là depuis hier est aussi très intéressante <eos>,13,intéressante,intéressant,11,F,P,intéressante,-6.534764,intéressant,-9.714735,1
4768,S_NOUN_8_ADJ_a,F,S,la robe avec les pendules qui était là depuis hier est aussi très brillante <eos>,13,brillante,brillant,11,F,P,brillante,-7.025817,brillant,-11.33279,1
4769,S_NOUN_8_ADJ_a,F,S,la robe avec les pendules qui était là depuis hier est aussi très compliquée <eos>,13,compliquée,compliqué,11,F,P,compliquée,-6.7001324,compliqué,-9.817459,1
4770,S_NOUN_8_ADJ_a,F,S,la robe avec les cloches qui était là depuis hier est aussi très verte <eos>,13,verte,vert,11,F,P,verte,-9.119374,vert,-11.570425,1
4771,S_NOUN_8_ADJ_a,F,S,la robe avec les cloches qui était là depuis hier est aussi très bleue <eos>,13,bleue,bleu,11,F,P,bleue,-10.456194,bleu,-11.577055,1
4772,S_NOUN_8_ADJ_a,F,S,la robe avec les cloches qui était là depuis hier est aussi très noire <eos>,13,noire,noir,11,F,P,noire,-6.3357773,noir,-11.746921,1
4773,S_NOUN_8_ADJ_a,F,S,la robe avec les cloches qui était là depuis hier est aussi très délicate <eos>,13,délicate,délicat,11,F,P,délicate,-6.6998863,délicat,-11.133674,1
4774,S_NOUN_8_ADJ_a,F,S,la robe avec les cloches qui était là depuis hier est aussi très pointue <eos>,13,pointue,pointu,11,F,P,pointue,-10.891863,pointu,-12.489521,1
4775,S_NOUN_8_ADJ_a,F,S,la robe avec les cloches qui était là depuis hier est aussi très ronde <eos>,13,ronde,rond,11,F,P,ronde,-11.8073015,rond,-15.494219,1
4776,S_NOUN_8_ADJ_a,F,S,la robe avec les cloches qui était là depuis hier est aussi très froide <eos>,13,froide,froid,11,F,P,froide,-8.477295,froid,-10.673008,1
4777,S_NOUN_8_ADJ_a,F,S,la robe avec les cloches qui était là depuis hier est aussi très chaude <eos>,13,chaude,chaud,11,F,P,chaude,-5.7529793,chaud,-10.297127,1
4778,S_NOUN_8_ADJ_a,F,S,la robe avec les cloches qui était là depuis hier est aussi très importante <eos>,13,importante,important,11,F,P,importante,-4.192162,important,-8.703712,1
4779,S_NOUN_8_ADJ_a,F,S,la robe avec les cloches qui était là depuis hier est aussi très courte <eos>,13,courte,court,11,F,P,courte,-5.52794,court,-8.058265,1
4780,S_NOUN_8_ADJ_a,F,S,la robe avec les cloches qui était là depuis hier est aussi très dure <eos>,13,dure,dur,11,F,P,dure,-6.2493734,dur,-9.474717,1
4781,S_NOUN_8_ADJ_a,F,S,la robe avec les cloches qui était là depuis hier est aussi très claire <eos>,13,claire,clair,11,F,P,claire,-4.2809925,clair,-8.217628,1
4782,S_NOUN_8_ADJ_a,F,S,la robe avec les cloches qui était là depuis hier est aussi très intéressante <eos>,13,intéressante,intéressant,11,F,P,intéressante,-7.2254114,intéressant,-10.21435,1
4783,S_NOUN_8_ADJ_a,F,S,la robe avec les cloches qui était là depuis hier est aussi très brillante <eos>,13,brillante,brillant,11,F,P,brillante,-6.6787443,brillant,-11.290967,1
4784,S_NOUN_8_ADJ_a,F,S,la robe avec les cloches qui était là depuis hier est aussi très compliquée <eos>,13,compliquée,compliqué,11,F,P,compliquée,-7.572384,compliqué,-10.62625,1
4785,S_NOUN_8_ADJ_a,F,S,la robe avec les cerises qui était là depuis hier est aussi très verte <eos>,13,verte,vert,11,F,P,verte,-9.026371,vert,-11.385605,1
4786,S_NOUN_8_ADJ_a,F,S,la robe avec les cerises qui était là depuis hier est aussi très bleue <eos>,13,bleue,bleu,11,F,P,bleue,-10.736676,bleu,-11.715974,1
4787,S_NOUN_8_ADJ_a,F,S,la robe avec les cerises qui était là depuis hier est aussi très noire <eos>,13,noire,noir,11,F,P,noire,-6.4583626,noir,-11.755625,1
4788,S_NOUN_8_ADJ_a,F,S,la robe avec les cerises qui était là depuis hier est aussi très délicate <eos>,13,délicate,délicat,11,F,P,délicate,-6.6233397,délicat,-10.523624,1
4789,S_NOUN_8_ADJ_a,F,S,la robe avec les cerises qui était là depuis hier est aussi très pointue <eos>,13,pointue,pointu,11,F,P,pointue,-9.980793,pointu,-11.500098,1
4790,S_NOUN_8_ADJ_a,F,S,la robe avec les cerises qui était là depuis hier est aussi très ronde <eos>,13,ronde,rond,11,F,P,ronde,-10.83436,rond,-14.536522,1
4791,S_NOUN_8_ADJ_a,F,S,la robe avec les cerises qui était là depuis hier est aussi très froide <eos>,13,froide,froid,11,F,P,froide,-8.47757,froid,-11.026306,1
4792,S_NOUN_8_ADJ_a,F,S,la robe avec les cerises qui était là depuis hier est aussi très chaude <eos>,13,chaude,chaud,11,F,P,chaude,-6.353057,chaud,-10.686674,1
4793,S_NOUN_8_ADJ_a,F,S,la robe avec les cerises qui était là depuis hier est aussi très importante <eos>,13,importante,important,11,F,P,importante,-4.1054554,important,-8.614788,1
4794,S_NOUN_8_ADJ_a,F,S,la robe avec les cerises qui était là depuis hier est aussi très courte <eos>,13,courte,court,11,F,P,courte,-5.6279397,court,-7.797814,1
4795,S_NOUN_8_ADJ_a,F,S,la robe avec les cerises qui était là depuis hier est aussi très dure <eos>,13,dure,dur,11,F,P,dure,-6.25673,dur,-8.935595,1
4796,S_NOUN_8_ADJ_a,F,S,la robe avec les cerises qui était là depuis hier est aussi très claire <eos>,13,claire,clair,11,F,P,claire,-4.0562696,clair,-8.195401,1
4797,S_NOUN_8_ADJ_a,F,S,la robe avec les cerises qui était là depuis hier est aussi très intéressante <eos>,13,intéressante,intéressant,11,F,P,intéressante,-7.127946,intéressant,-10.136238,1
4798,S_NOUN_8_ADJ_a,F,S,la robe avec les cerises qui était là depuis hier est aussi très brillante <eos>,13,brillante,brillant,11,F,P,brillante,-6.6502333,brillant,-11.232711,1
4799,S_NOUN_8_ADJ_a,F,S,la robe avec les cerises qui était là depuis hier est aussi très compliquée <eos>,13,compliquée,compliqué,11,F,P,compliquée,-8.071964,compliqué,-11.156872,1
4800,S_NOUN_8_ADJ_a,F,S,la valise avec les gemmes qui était là depuis hier est aussi très verte <eos>,13,verte,vert,11,F,P,verte,-9.211109,vert,-10.959347,1
4801,S_NOUN_8_ADJ_a,F,S,la valise avec les gemmes qui était là depuis hier est aussi très bleue <eos>,13,bleue,bleu,11,F,P,bleue,-11.14879,bleu,-11.594778,1
4802,S_NOUN_8_ADJ_a,F,S,la valise avec les gemmes qui était là depuis hier est aussi très noire <eos>,13,noire,noir,11,F,P,noire,-7.593221,noir,-10.9000225,1
4803,S_NOUN_8_ADJ_a,F,S,la valise avec les gemmes qui était là depuis hier est aussi très délicate <eos>,13,délicate,délicat,11,F,P,délicate,-6.0837536,délicat,-9.820181,1
4804,S_NOUN_8_ADJ_a,F,S,la valise avec les gemmes qui était là depuis hier est aussi très pointue <eos>,13,pointue,pointu,11,F,P,pointue,-10.019985,pointu,-12.6770315,1
4805,S_NOUN_8_ADJ_a,F,S,la valise avec les gemmes qui était là depuis hier est aussi très ronde <eos>,13,ronde,rond,11,F,P,ronde,-10.970411,rond,-14.985973,1
4806,S_NOUN_8_ADJ_a,F,S,la valise avec les gemmes qui était là depuis hier est aussi très froide <eos>,13,froide,froid,11,F,P,froide,-7.7340426,froid,-9.757874,1
4807,S_NOUN_8_ADJ_a,F,S,la valise avec les gemmes qui était là depuis hier est aussi très chaude <eos>,13,chaude,chaud,11,F,P,chaude,-6.689235,chaud,-10.138853,1
4808,S_NOUN_8_ADJ_a,F,S,la valise avec les gemmes qui était là depuis hier est aussi très importante <eos>,13,importante,important,11,F,P,importante,-4.1322045,important,-7.898933,1
4809,S_NOUN_8_ADJ_a,F,S,la valise avec les gemmes qui était là depuis hier est aussi très courte <eos>,13,courte,court,11,F,P,courte,-5.8894463,court,-7.371439,1
4810,S_NOUN_8_ADJ_a,F,S,la valise avec les gemmes qui était là depuis hier est aussi très dure <eos>,13,dure,dur,11,F,P,dure,-7.0835724,dur,-7.868984,1
4811,S_NOUN_8_ADJ_a,F,S,la valise avec les gemmes qui était là depuis hier est aussi très claire <eos>,13,claire,clair,11,F,P,claire,-5.6811686,clair,-8.627964,1
4812,S_NOUN_8_ADJ_a,F,S,la valise avec les gemmes qui était là depuis hier est aussi très intéressante <eos>,13,intéressante,intéressant,11,F,P,intéressante,-4.7262244,intéressant,-8.747343,1
4813,S_NOUN_8_ADJ_a,F,S,la valise avec les gemmes qui était là depuis hier est aussi très brillante <eos>,13,brillante,brillant,11,F,P,brillante,-6.8426237,brillant,-10.26271,1
4814,S_NOUN_8_ADJ_a,F,S,la valise avec les gemmes qui était là depuis hier est aussi très compliquée <eos>,13,compliquée,compliqué,11,F,P,compliquée,-5.8987894,compliqué,-7.9257793,1
4815,S_NOUN_8_ADJ_a,F,S,la valise avec les chaises qui était là depuis hier est aussi très verte <eos>,13,verte,vert,11,F,P,verte,-8.849512,vert,-10.82032,1
4816,S_NOUN_8_ADJ_a,F,S,la valise avec les chaises qui était là depuis hier est aussi très bleue <eos>,13,bleue,bleu,11,F,P,bleue,-11.065191,bleu,-11.192879,1
4817,S_NOUN_8_ADJ_a,F,S,la valise avec les chaises qui était là depuis hier est aussi très noire <eos>,13,noire,noir,11,F,P,noire,-7.4369526,noir,-11.007573,1
4818,S_NOUN_8_ADJ_a,F,S,la valise avec les chaises qui était là depuis hier est aussi très délicate <eos>,13,délicate,délicat,11,F,P,délicate,-6.427923,délicat,-9.891424,1
4819,S_NOUN_8_ADJ_a,F,S,la valise avec les chaises qui était là depuis hier est aussi très pointue <eos>,13,pointue,pointu,11,F,P,pointue,-9.56769,pointu,-12.268704,1
4820,S_NOUN_8_ADJ_a,F,S,la valise avec les chaises qui était là depuis hier est aussi très ronde <eos>,13,ronde,rond,11,F,P,ronde,-10.16143,rond,-14.078228,1
4821,S_NOUN_8_ADJ_a,F,S,la valise avec les chaises qui était là depuis hier est aussi très froide <eos>,13,froide,froid,11,F,P,froide,-8.028571,froid,-10.34651,1
4822,S_NOUN_8_ADJ_a,F,S,la valise avec les chaises qui était là depuis hier est aussi très chaude <eos>,13,chaude,chaud,11,F,P,chaude,-6.2796793,chaud,-10.428705,1
4823,S_NOUN_8_ADJ_a,F,S,la valise avec les chaises qui était là depuis hier est aussi très importante <eos>,13,importante,important,11,F,P,importante,-4.2852106,important,-8.039053,1
4824,S_NOUN_8_ADJ_a,F,S,la valise avec les chaises qui était là depuis hier est aussi très courte <eos>,13,courte,court,11,F,P,courte,-5.4319186,court,-7.0071883,1
4825,S_NOUN_8_ADJ_a,F,S,la valise avec les chaises qui était là depuis hier est aussi très dure <eos>,13,dure,dur,11,F,P,dure,-6.8044353,dur,-8.362385,1
4826,S_NOUN_8_ADJ_a,F,S,la valise avec les chaises qui était là depuis hier est aussi très claire <eos>,13,claire,clair,11,F,P,claire,-5.8263197,clair,-8.809938,1
4827,S_NOUN_8_ADJ_a,F,S,la valise avec les chaises qui était là depuis hier est aussi très intéressante <eos>,13,intéressante,intéressant,11,F,P,intéressante,-4.7725306,intéressant,-8.571701,1
4828,S_NOUN_8_ADJ_a,F,S,la valise avec les chaises qui était là depuis hier est aussi très brillante <eos>,13,brillante,brillant,11,F,P,brillante,-6.7180195,brillant,-10.370971,1
4829,S_NOUN_8_ADJ_a,F,S,la valise avec les chaises qui était là depuis hier est aussi très compliquée <eos>,13,compliquée,compliqué,11,F,P,compliquée,-5.991724,compliqué,-8.068487,1
4830,S_NOUN_8_ADJ_a,F,S,la valise avec les poubelles qui était là depuis hier est aussi très verte <eos>,13,verte,vert,11,F,P,verte,-9.319954,vert,-11.140923,1
4831,S_NOUN_8_ADJ_a,F,S,la valise avec les poubelles qui était là depuis hier est aussi très bleue <eos>,13,bleue,bleu,11,F,P,bleue,-11.404196,bleu,-11.595902,1
4832,S_NOUN_8_ADJ_a,F,S,la valise avec les poubelles qui était là depuis hier est aussi très noire <eos>,13,noire,noir,11,F,P,noire,-7.6110086,noir,-11.1295,1
4833,S_NOUN_8_ADJ_a,F,S,la valise avec les poubelles qui était là depuis hier est aussi très délicate <eos>,13,délicate,délicat,11,F,P,délicate,-6.2076235,délicat,-10.041779,1
4834,S_NOUN_8_ADJ_a,F,S,la valise avec les poubelles qui était là depuis hier est aussi très pointue <eos>,13,pointue,pointu,11,F,P,pointue,-9.579071,pointu,-12.31464,1
4835,S_NOUN_8_ADJ_a,F,S,la valise avec les poubelles qui était là depuis hier est aussi très ronde <eos>,13,ronde,rond,11,F,P,ronde,-10.638428,rond,-14.577481,1
4836,S_NOUN_8_ADJ_a,F,S,la valise avec les poubelles qui était là depuis hier est aussi très froide <eos>,13,froide,froid,11,F,P,froide,-7.8456354,froid,-10.201775,1
4837,S_NOUN_8_ADJ_a,F,S,la valise avec les poubelles qui était là depuis hier est aussi très chaude <eos>,13,chaude,chaud,11,F,P,chaude,-6.5645556,chaud,-10.457825,1
4838,S_NOUN_8_ADJ_a,F,S,la valise avec les poubelles qui était là depuis hier est aussi très importante <eos>,13,importante,important,11,F,P,importante,-4.233983,important,-8.005484,1
4839,S_NOUN_8_ADJ_a,F,S,la valise avec les poubelles qui était là depuis hier est aussi très courte <eos>,13,courte,court,11,F,P,courte,-5.712742,court,-7.241805,1
4840,S_NOUN_8_ADJ_a,F,S,la valise avec les poubelles qui était là depuis hier est aussi très dure <eos>,13,dure,dur,11,F,P,dure,-7.3043756,dur,-8.385385,1
4841,S_NOUN_8_ADJ_a,F,S,la valise avec les poubelles qui était là depuis hier est aussi très claire <eos>,13,claire,clair,11,F,P,claire,-5.9887266,clair,-9.021335,1
4842,S_NOUN_8_ADJ_a,F,S,la valise avec les poubelles qui était là depuis hier est aussi très intéressante <eos>,13,intéressante,intéressant,11,F,P,intéressante,-4.7647114,intéressant,-8.554211,1
4843,S_NOUN_8_ADJ_a,F,S,la valise avec les poubelles qui était là depuis hier est aussi très brillante <eos>,13,brillante,brillant,11,F,P,brillante,-7.4247994,brillant,-10.90192,1
4844,S_NOUN_8_ADJ_a,F,S,la valise avec les poubelles qui était là depuis hier est aussi très compliquée <eos>,13,compliquée,compliqué,11,F,P,compliquée,-5.94339,compliqué,-8.013377,1
4845,S_NOUN_8_ADJ_a,F,S,la valise avec les chemises qui était là depuis hier est aussi très verte <eos>,13,verte,vert,11,F,P,verte,-9.038893,vert,-10.983143,1
4846,S_NOUN_8_ADJ_a,F,S,la valise avec les chemises qui était là depuis hier est aussi très bleue <eos>,13,bleue,bleu,11,F,P,bleue,-10.871898,bleu,-11.237947,1
4847,S_NOUN_8_ADJ_a,F,S,la valise avec les chemises qui était là depuis hier est aussi très noire <eos>,13,noire,noir,11,F,P,noire,-6.875615,noir,-10.814187,1
4848,S_NOUN_8_ADJ_a,F,S,la valise avec les chemises qui était là depuis hier est aussi très délicate <eos>,13,délicate,délicat,11,F,P,délicate,-6.202067,délicat,-10.01581,1
4849,S_NOUN_8_ADJ_a,F,S,la valise avec les chemises qui était là depuis hier est aussi très pointue <eos>,13,pointue,pointu,11,F,P,pointue,-9.542938,pointu,-12.052521,1
4850,S_NOUN_8_ADJ_a,F,S,la valise avec les chemises qui était là depuis hier est aussi très ronde <eos>,13,ronde,rond,11,F,P,ronde,-10.496407,rond,-14.324475,1
4851,S_NOUN_8_ADJ_a,F,S,la valise avec les chemises qui était là depuis hier est aussi très froide <eos>,13,froide,froid,11,F,P,froide,-8.4789505,froid,-10.559158,1
4852,S_NOUN_8_ADJ_a,F,S,la valise avec les chemises qui était là depuis hier est aussi très chaude <eos>,13,chaude,chaud,11,F,P,chaude,-6.994121,chaud,-10.585789,1
4853,S_NOUN_8_ADJ_a,F,S,la valise avec les chemises qui était là depuis hier est aussi très importante <eos>,13,importante,important,11,F,P,importante,-4.681749,important,-8.375345,1
4854,S_NOUN_8_ADJ_a,F,S,la valise avec les chemises qui était là depuis hier est aussi très courte <eos>,13,courte,court,11,F,P,courte,-5.2855396,court,-7.0837736,1
4855,S_NOUN_8_ADJ_a,F,S,la valise avec les chemises qui était là depuis hier est aussi très dure <eos>,13,dure,dur,11,F,P,dure,-6.691057,dur,-8.737579,1
4856,S_NOUN_8_ADJ_a,F,S,la valise avec les chemises qui était là depuis hier est aussi très claire <eos>,13,claire,clair,11,F,P,claire,-5.642954,clair,-8.564998,1
4857,S_NOUN_8_ADJ_a,F,S,la valise avec les chemises qui était là depuis hier est aussi très intéressante <eos>,13,intéressante,intéressant,11,F,P,intéressante,-5.39327,intéressant,-8.937199,1
4858,S_NOUN_8_ADJ_a,F,S,la valise avec les chemises qui était là depuis hier est aussi très brillante <eos>,13,brillante,brillant,11,F,P,brillante,-7.1788206,brillant,-10.560422,1
4859,S_NOUN_8_ADJ_a,F,S,la valise avec les chemises qui était là depuis hier est aussi très compliquée <eos>,13,compliquée,compliqué,11,F,P,compliquée,-5.8900948,compliqué,-7.8847933,1
4860,S_NOUN_8_ADJ_a,F,S,la valise avec les recettes qui était là depuis hier est aussi très verte <eos>,13,verte,vert,11,F,P,verte,-10.139678,vert,-11.680569,1
4861,S_NOUN_8_ADJ_a,F,S,la valise avec les recettes qui était là depuis hier est aussi très bleue <eos>,13,bleue,bleu,11,F,P,bleue,-12.522697,bleu,-12.319075,0
4862,S_NOUN_8_ADJ_a,F,S,la valise avec les recettes qui était là depuis hier est aussi très noire <eos>,13,noire,noir,11,F,P,noire,-8.867448,noir,-11.352943,1
4863,S_NOUN_8_ADJ_a,F,S,la valise avec les recettes qui était là depuis hier est aussi très délicate <eos>,13,délicate,délicat,11,F,P,délicate,-6.6091576,délicat,-9.793244,1
4864,S_NOUN_8_ADJ_a,F,S,la valise avec les recettes qui était là depuis hier est aussi très pointue <eos>,13,pointue,pointu,11,F,P,pointue,-10.200076,pointu,-12.3603945,1
4865,S_NOUN_8_ADJ_a,F,S,la valise avec les recettes qui était là depuis hier est aussi très ronde <eos>,13,ronde,rond,11,F,P,ronde,-11.777086,rond,-14.819778,1
4866,S_NOUN_8_ADJ_a,F,S,la valise avec les recettes qui était là depuis hier est aussi très froide <eos>,13,froide,froid,11,F,P,froide,-8.697553,froid,-10.391132,1
4867,S_NOUN_8_ADJ_a,F,S,la valise avec les recettes qui était là depuis hier est aussi très chaude <eos>,13,chaude,chaud,11,F,P,chaude,-7.267993,chaud,-10.74406,1
4868,S_NOUN_8_ADJ_a,F,S,la valise avec les recettes qui était là depuis hier est aussi très importante <eos>,13,importante,important,11,F,P,importante,-3.5593915,important,-7.0929446,1
4869,S_NOUN_8_ADJ_a,F,S,la valise avec les recettes qui était là depuis hier est aussi très courte <eos>,13,courte,court,11,F,P,courte,-6.0181913,court,-7.346447,1
4870,S_NOUN_8_ADJ_a,F,S,la valise avec les recettes qui était là depuis hier est aussi très dure <eos>,13,dure,dur,11,F,P,dure,-7.6433067,dur,-8.246076,1
4871,S_NOUN_8_ADJ_a,F,S,la valise avec les recettes qui était là depuis hier est aussi très claire <eos>,13,claire,clair,11,F,P,claire,-6.1994925,clair,-8.910691,1
4872,S_NOUN_8_ADJ_a,F,S,la valise avec les recettes qui était là depuis hier est aussi très intéressante <eos>,13,intéressante,intéressant,11,F,P,intéressante,-4.6364603,intéressant,-8.408104,1
4873,S_NOUN_8_ADJ_a,F,S,la valise avec les recettes qui était là depuis hier est aussi très brillante <eos>,13,brillante,brillant,11,F,P,brillante,-7.647657,brillant,-10.731916,1
4874,S_NOUN_8_ADJ_a,F,S,la valise avec les recettes qui était là depuis hier est aussi très compliquée <eos>,13,compliquée,compliqué,11,F,P,compliquée,-6.4066095,compliqué,-8.088575,1
4875,S_NOUN_8_ADJ_a,F,S,la valise avec les jupes qui était là depuis hier est aussi très verte <eos>,13,verte,vert,11,F,P,verte,-9.374633,vert,-11.33,1
4876,S_NOUN_8_ADJ_a,F,S,la valise avec les jupes qui était là depuis hier est aussi très bleue <eos>,13,bleue,bleu,11,F,P,bleue,-11.15928,bleu,-11.335808,1
4877,S_NOUN_8_ADJ_a,F,S,la valise avec les jupes qui était là depuis hier est aussi très noire <eos>,13,noire,noir,11,F,P,noire,-6.9535522,noir,-10.73802,1
4878,S_NOUN_8_ADJ_a,F,S,la valise avec les jupes qui était là depuis hier est aussi très délicate <eos>,13,délicate,délicat,11,F,P,délicate,-6.6427956,délicat,-10.00323,1
4879,S_NOUN_8_ADJ_a,F,S,la valise avec les jupes qui était là depuis hier est aussi très pointue <eos>,13,pointue,pointu,11,F,P,pointue,-9.217945,pointu,-11.746105,1
4880,S_NOUN_8_ADJ_a,F,S,la valise avec les jupes qui était là depuis hier est aussi très ronde <eos>,13,ronde,rond,11,F,P,ronde,-10.462904,rond,-13.972595,1
4881,S_NOUN_8_ADJ_a,F,S,la valise avec les jupes qui était là depuis hier est aussi très froide <eos>,13,froide,froid,11,F,P,froide,-8.5583725,froid,-10.581383,1
4882,S_NOUN_8_ADJ_a,F,S,la valise avec les jupes qui était là depuis hier est aussi très chaude <eos>,13,chaude,chaud,11,F,P,chaude,-7.0605965,chaud,-10.791627,1
4883,S_NOUN_8_ADJ_a,F,S,la valise avec les jupes qui était là depuis hier est aussi très importante <eos>,13,importante,important,11,F,P,importante,-4.8845377,important,-8.382853,1
4884,S_NOUN_8_ADJ_a,F,S,la valise avec les jupes qui était là depuis hier est aussi très courte <eos>,13,courte,court,11,F,P,courte,-5.160856,court,-6.9022737,1
4885,S_NOUN_8_ADJ_a,F,S,la valise avec les jupes qui était là depuis hier est aussi très dure <eos>,13,dure,dur,11,F,P,dure,-7.126265,dur,-8.573029,1
4886,S_NOUN_8_ADJ_a,F,S,la valise avec les jupes qui était là depuis hier est aussi très claire <eos>,13,claire,clair,11,F,P,claire,-5.626111,clair,-8.557605,1
4887,S_NOUN_8_ADJ_a,F,S,la valise avec les jupes qui était là depuis hier est aussi très intéressante <eos>,13,intéressante,intéressant,11,F,P,intéressante,-5.219143,intéressant,-8.907941,1
4888,S_NOUN_8_ADJ_a,F,S,la valise avec les jupes qui était là depuis hier est aussi très brillante <eos>,13,brillante,brillant,11,F,P,brillante,-7.252284,brillant,-10.671517,1
4889,S_NOUN_8_ADJ_a,F,S,la valise avec les jupes qui était là depuis hier est aussi très compliquée <eos>,13,compliquée,compliqué,11,F,P,compliquée,-5.6716385,compliqué,-7.663165,1
4890,S_NOUN_8_ADJ_a,F,S,la valise avec les colles qui était là depuis hier est aussi très verte <eos>,13,verte,vert,11,F,P,verte,-9.772675,vert,-11.513078,1
4891,S_NOUN_8_ADJ_a,F,S,la valise avec les colles qui était là depuis hier est aussi très bleue <eos>,13,bleue,bleu,11,F,P,bleue,-11.750074,bleu,-11.911926,1
4892,S_NOUN_8_ADJ_a,F,S,la valise avec les colles qui était là depuis hier est aussi très noire <eos>,13,noire,noir,11,F,P,noire,-8.306625,noir,-11.735286,1
4893,S_NOUN_8_ADJ_a,F,S,la valise avec les colles qui était là depuis hier est aussi très délicate <eos>,13,délicate,délicat,11,F,P,délicate,-5.8662558,délicat,-9.390303,1
4894,S_NOUN_8_ADJ_a,F,S,la valise avec les colles qui était là depuis hier est aussi très pointue <eos>,13,pointue,pointu,11,F,P,pointue,-9.542121,pointu,-12.334559,1
4895,S_NOUN_8_ADJ_a,F,S,la valise avec les colles qui était là depuis hier est aussi très ronde <eos>,13,ronde,rond,11,F,P,ronde,-10.940165,rond,-14.330043,1
4896,S_NOUN_8_ADJ_a,F,S,la valise avec les colles qui était là depuis hier est aussi très froide <eos>,13,froide,froid,11,F,P,froide,-7.406097,froid,-9.932764,1
4897,S_NOUN_8_ADJ_a,F,S,la valise avec les colles qui était là depuis hier est aussi très chaude <eos>,13,chaude,chaud,11,F,P,chaude,-6.272912,chaud,-10.166681,1
4898,S_NOUN_8_ADJ_a,F,S,la valise avec les colles qui était là depuis hier est aussi très importante <eos>,13,importante,important,11,F,P,importante,-4.1333456,important,-7.8293896,1
4899,S_NOUN_8_ADJ_a,F,S,la valise avec les colles qui était là depuis hier est aussi très courte <eos>,13,courte,court,11,F,P,courte,-6.0707045,court,-7.6794186,1
4900,S_NOUN_8_ADJ_a,F,S,la valise avec les colles qui était là depuis hier est aussi très dure <eos>,13,dure,dur,11,F,P,dure,-7.1457033,dur,-7.990491,1
4901,S_NOUN_8_ADJ_a,F,S,la valise avec les colles qui était là depuis hier est aussi très claire <eos>,13,claire,clair,11,F,P,claire,-5.768255,clair,-8.640178,1
4902,S_NOUN_8_ADJ_a,F,S,la valise avec les colles qui était là depuis hier est aussi très intéressante <eos>,13,intéressante,intéressant,11,F,P,intéressante,-4.9770546,intéressant,-8.459876,1
4903,S_NOUN_8_ADJ_a,F,S,la valise avec les colles qui était là depuis hier est aussi très brillante <eos>,13,brillante,brillant,11,F,P,brillante,-7.2778144,brillant,-10.391729,1
4904,S_NOUN_8_ADJ_a,F,S,la valise avec les colles qui était là depuis hier est aussi très compliquée <eos>,13,compliquée,compliqué,11,F,P,compliquée,-5.575219,compliqué,-7.680048,1
4905,S_NOUN_8_ADJ_a,F,S,la valise avec les lampes qui était là depuis hier est aussi très verte <eos>,13,verte,vert,11,F,P,verte,-8.8600645,vert,-10.719486,1
4906,S_NOUN_8_ADJ_a,F,S,la valise avec les lampes qui était là depuis hier est aussi très bleue <eos>,13,bleue,bleu,11,F,P,bleue,-10.936695,bleu,-11.2792425,1
4907,S_NOUN_8_ADJ_a,F,S,la valise avec les lampes qui était là depuis hier est aussi très noire <eos>,13,noire,noir,11,F,P,noire,-7.2923555,noir,-10.803054,1
4908,S_NOUN_8_ADJ_a,F,S,la valise avec les lampes qui était là depuis hier est aussi très délicate <eos>,13,délicate,délicat,11,F,P,délicate,-6.0368075,délicat,-9.872623,1
4909,S_NOUN_8_ADJ_a,F,S,la valise avec les lampes qui était là depuis hier est aussi très pointue <eos>,13,pointue,pointu,11,F,P,pointue,-9.264615,pointu,-12.27131,1
4910,S_NOUN_8_ADJ_a,F,S,la valise avec les lampes qui était là depuis hier est aussi très ronde <eos>,13,ronde,rond,11,F,P,ronde,-10.802568,rond,-14.380585,1
4911,S_NOUN_8_ADJ_a,F,S,la valise avec les lampes qui était là depuis hier est aussi très froide <eos>,13,froide,froid,11,F,P,froide,-8.06792,froid,-10.321566,1
4912,S_NOUN_8_ADJ_a,F,S,la valise avec les lampes qui était là depuis hier est aussi très chaude <eos>,13,chaude,chaud,11,F,P,chaude,-6.378952,chaud,-10.2490425,1
4913,S_NOUN_8_ADJ_a,F,S,la valise avec les lampes qui était là depuis hier est aussi très importante <eos>,13,importante,important,11,F,P,importante,-4.62064,important,-8.349776,1
4914,S_NOUN_8_ADJ_a,F,S,la valise avec les lampes qui était là depuis hier est aussi très courte <eos>,13,courte,court,11,F,P,courte,-5.5534887,court,-7.0881557,1
4915,S_NOUN_8_ADJ_a,F,S,la valise avec les lampes qui était là depuis hier est aussi très dure <eos>,13,dure,dur,11,F,P,dure,-7.091488,dur,-8.271953,1
4916,S_NOUN_8_ADJ_a,F,S,la valise avec les lampes qui était là depuis hier est aussi très claire <eos>,13,claire,clair,11,F,P,claire,-5.7516584,clair,-8.799465,1
4917,S_NOUN_8_ADJ_a,F,S,la valise avec les lampes qui était là depuis hier est aussi très intéressante <eos>,13,intéressante,intéressant,11,F,P,intéressante,-4.927703,intéressant,-8.711104,1
4918,S_NOUN_8_ADJ_a,F,S,la valise avec les lampes qui était là depuis hier est aussi très brillante <eos>,13,brillante,brillant,11,F,P,brillante,-6.727917,brillant,-10.148079,1
4919,S_NOUN_8_ADJ_a,F,S,la valise avec les lampes qui était là depuis hier est aussi très compliquée <eos>,13,compliquée,compliqué,11,F,P,compliquée,-5.5172777,compliqué,-7.69411,1
4920,S_NOUN_8_ADJ_a,F,S,la valise avec les bouteilles qui était là depuis hier est aussi très verte <eos>,13,verte,vert,11,F,P,verte,-9.397941,vert,-10.875555,1
4921,S_NOUN_8_ADJ_a,F,S,la valise avec les bouteilles qui était là depuis hier est aussi très bleue <eos>,13,bleue,bleu,11,F,P,bleue,-11.646224,bleu,-11.731786,1
4922,S_NOUN_8_ADJ_a,F,S,la valise avec les bouteilles qui était là depuis hier est aussi très noire <eos>,13,noire,noir,11,F,P,noire,-7.857222,noir,-10.873371,1
4923,S_NOUN_8_ADJ_a,F,S,la valise avec les bouteilles qui était là depuis hier est aussi très délicate <eos>,13,délicate,délicat,11,F,P,délicate,-5.903337,délicat,-9.500082,1
4924,S_NOUN_8_ADJ_a,F,S,la valise avec les bouteilles qui était là depuis hier est aussi très pointue <eos>,13,pointue,pointu,11,F,P,pointue,-9.660795,pointu,-12.15612,1
4925,S_NOUN_8_ADJ_a,F,S,la valise avec les bouteilles qui était là depuis hier est aussi très ronde <eos>,13,ronde,rond,11,F,P,ronde,-10.646651,rond,-13.964157,1
4926,S_NOUN_8_ADJ_a,F,S,la valise avec les bouteilles qui était là depuis hier est aussi très froide <eos>,13,froide,froid,11,F,P,froide,-8.067346,froid,-9.870681,1
4927,S_NOUN_8_ADJ_a,F,S,la valise avec les bouteilles qui était là depuis hier est aussi très chaude <eos>,13,chaude,chaud,11,F,P,chaude,-6.4065723,chaud,-9.9800625,1
4928,S_NOUN_8_ADJ_a,F,S,la valise avec les bouteilles qui était là depuis hier est aussi très importante <eos>,13,importante,important,11,F,P,importante,-4.129981,important,-7.6748867,1
4929,S_NOUN_8_ADJ_a,F,S,la valise avec les bouteilles qui était là depuis hier est aussi très courte <eos>,13,courte,court,11,F,P,courte,-5.9545,court,-7.171275,1
4930,S_NOUN_8_ADJ_a,F,S,la valise avec les bouteilles qui était là depuis hier est aussi très dure <eos>,13,dure,dur,11,F,P,dure,-7.099242,dur,-7.9102297,1
4931,S_NOUN_8_ADJ_a,F,S,la valise avec les bouteilles qui était là depuis hier est aussi très claire <eos>,13,claire,clair,11,F,P,claire,-5.5381503,clair,-8.64533,1
4932,S_NOUN_8_ADJ_a,F,S,la valise avec les bouteilles qui était là depuis hier est aussi très intéressante <eos>,13,intéressante,intéressant,11,F,P,intéressante,-4.7469463,intéressant,-8.354093,1
4933,S_NOUN_8_ADJ_a,F,S,la valise avec les bouteilles qui était là depuis hier est aussi très brillante <eos>,13,brillante,brillant,11,F,P,brillante,-7.1634274,brillant,-10.1746235,1
4934,S_NOUN_8_ADJ_a,F,S,la valise avec les bouteilles qui était là depuis hier est aussi très compliquée <eos>,13,compliquée,compliqué,11,F,P,compliquée,-5.750187,compliqué,-7.6741085,1
4935,S_NOUN_8_ADJ_a,F,S,la valise avec les boissons qui était là depuis hier est aussi très verte <eos>,13,verte,vert,11,F,P,verte,-9.796,vert,-11.456863,1
4936,S_NOUN_8_ADJ_a,F,S,la valise avec les boissons qui était là depuis hier est aussi très bleue <eos>,13,bleue,bleu,11,F,P,bleue,-11.863215,bleu,-12.192067,1
4937,S_NOUN_8_ADJ_a,F,S,la valise avec les boissons qui était là depuis hier est aussi très noire <eos>,13,noire,noir,11,F,P,noire,-8.135981,noir,-11.580475,1
4938,S_NOUN_8_ADJ_a,F,S,la valise avec les boissons qui était là depuis hier est aussi très délicate <eos>,13,délicate,délicat,11,F,P,délicate,-6.03005,délicat,-9.480465,1
4939,S_NOUN_8_ADJ_a,F,S,la valise avec les boissons qui était là depuis hier est aussi très pointue <eos>,13,pointue,pointu,11,F,P,pointue,-10.375787,pointu,-12.174615,1
4940,S_NOUN_8_ADJ_a,F,S,la valise avec les boissons qui était là depuis hier est aussi très ronde <eos>,13,ronde,rond,11,F,P,ronde,-11.262245,rond,-14.480922,1
4941,S_NOUN_8_ADJ_a,F,S,la valise avec les boissons qui était là depuis hier est aussi très froide <eos>,13,froide,froid,11,F,P,froide,-7.2664356,froid,-9.373378,1
4942,S_NOUN_8_ADJ_a,F,S,la valise avec les boissons qui était là depuis hier est aussi très chaude <eos>,13,chaude,chaud,11,F,P,chaude,-6.0301394,chaud,-9.506203,1
4943,S_NOUN_8_ADJ_a,F,S,la valise avec les boissons qui était là depuis hier est aussi très importante <eos>,13,importante,important,11,F,P,importante,-3.7907321,important,-7.521264,1
4944,S_NOUN_8_ADJ_a,F,S,la valise avec les boissons qui était là depuis hier est aussi très courte <eos>,13,courte,court,11,F,P,courte,-6.168895,court,-7.77229,1
4945,S_NOUN_8_ADJ_a,F,S,la valise avec les boissons qui était là depuis hier est aussi très dure <eos>,13,dure,dur,11,F,P,dure,-6.763594,dur,-8.332859,1
4946,S_NOUN_8_ADJ_a,F,S,la valise avec les boissons qui était là depuis hier est aussi très claire <eos>,13,claire,clair,11,F,P,claire,-5.403365,clair,-8.38932,1
4947,S_NOUN_8_ADJ_a,F,S,la valise avec les boissons qui était là depuis hier est aussi très intéressante <eos>,13,intéressante,intéressant,11,F,P,intéressante,-5.255169,intéressant,-8.574042,1
4948,S_NOUN_8_ADJ_a,F,S,la valise avec les boissons qui était là depuis hier est aussi très brillante <eos>,13,brillante,brillant,11,F,P,brillante,-7.7319,brillant,-10.784205,1
4949,S_NOUN_8_ADJ_a,F,S,la valise avec les boissons qui était là depuis hier est aussi très compliquée <eos>,13,compliquée,compliqué,11,F,P,compliquée,-6.3070393,compliqué,-8.39543,1
4950,S_NOUN_8_ADJ_a,F,S,la valise avec les pommes qui était là depuis hier est aussi très verte <eos>,13,verte,vert,11,F,P,verte,-9.0975,vert,-10.928244,1
4951,S_NOUN_8_ADJ_a,F,S,la valise avec les pommes qui était là depuis hier est aussi très bleue <eos>,13,bleue,bleu,11,F,P,bleue,-11.188612,bleu,-11.590759,1
4952,S_NOUN_8_ADJ_a,F,S,la valise avec les pommes qui était là depuis hier est aussi très noire <eos>,13,noire,noir,11,F,P,noire,-7.4653783,noir,-10.859066,1
4953,S_NOUN_8_ADJ_a,F,S,la valise avec les pommes qui était là depuis hier est aussi très délicate <eos>,13,délicate,délicat,11,F,P,délicate,-5.828104,délicat,-9.295023,1
4954,S_NOUN_8_ADJ_a,F,S,la valise avec les pommes qui était là depuis hier est aussi très pointue <eos>,13,pointue,pointu,11,F,P,pointue,-9.509503,pointu,-11.76139,1
4955,S_NOUN_8_ADJ_a,F,S,la valise avec les pommes qui était là depuis hier est aussi très ronde <eos>,13,ronde,rond,11,F,P,ronde,-10.55578,rond,-13.987726,1
4956,S_NOUN_8_ADJ_a,F,S,la valise avec les pommes qui était là depuis hier est aussi très froide <eos>,13,froide,froid,11,F,P,froide,-7.194372,froid,-9.188928,1
4957,S_NOUN_8_ADJ_a,F,S,la valise avec les pommes qui était là depuis hier est aussi très chaude <eos>,13,chaude,chaud,11,F,P,chaude,-5.85725,chaud,-9.846776,1
4958,S_NOUN_8_ADJ_a,F,S,la valise avec les pommes qui était là depuis hier est aussi très importante <eos>,13,importante,important,11,F,P,importante,-4.0876637,important,-8.082315,1
4959,S_NOUN_8_ADJ_a,F,S,la valise avec les pommes qui était là depuis hier est aussi très courte <eos>,13,courte,court,11,F,P,courte,-5.747838,court,-7.493267,1
4960,S_NOUN_8_ADJ_a,F,S,la valise avec les pommes qui était là depuis hier est aussi très dure <eos>,13,dure,dur,11,F,P,dure,-6.369276,dur,-7.964238,1
4961,S_NOUN_8_ADJ_a,F,S,la valise avec les pommes qui était là depuis hier est aussi très claire <eos>,13,claire,clair,11,F,P,claire,-5.0576878,clair,-8.318521,1
4962,S_NOUN_8_ADJ_a,F,S,la valise avec les pommes qui était là depuis hier est aussi très intéressante <eos>,13,intéressante,intéressant,11,F,P,intéressante,-5.1773014,intéressant,-8.830887,1
4963,S_NOUN_8_ADJ_a,F,S,la valise avec les pommes qui était là depuis hier est aussi très brillante <eos>,13,brillante,brillant,11,F,P,brillante,-7.1276956,brillant,-10.621702,1
4964,S_NOUN_8_ADJ_a,F,S,la valise avec les pommes qui était là depuis hier est aussi très compliquée <eos>,13,compliquée,compliqué,11,F,P,compliquée,-6.185816,compliqué,-8.418996,1
4965,S_NOUN_8_ADJ_a,F,S,la valise avec les tasses qui était là depuis hier est aussi très verte <eos>,13,verte,vert,11,F,P,verte,-9.456755,vert,-11.13082,1
4966,S_NOUN_8_ADJ_a,F,S,la valise avec les tasses qui était là depuis hier est aussi très bleue <eos>,13,bleue,bleu,11,F,P,bleue,-11.719529,bleu,-11.601685,0
4967,S_NOUN_8_ADJ_a,F,S,la valise avec les tasses qui était là depuis hier est aussi très noire <eos>,13,noire,noir,11,F,P,noire,-7.929205,noir,-11.398448,1
4968,S_NOUN_8_ADJ_a,F,S,la valise avec les tasses qui était là depuis hier est aussi très délicate <eos>,13,délicate,délicat,11,F,P,délicate,-6.2258997,délicat,-9.56633,1
4969,S_NOUN_8_ADJ_a,F,S,la valise avec les tasses qui était là depuis hier est aussi très pointue <eos>,13,pointue,pointu,11,F,P,pointue,-9.491582,pointu,-12.053568,1
4970,S_NOUN_8_ADJ_a,F,S,la valise avec les tasses qui était là depuis hier est aussi très ronde <eos>,13,ronde,rond,11,F,P,ronde,-10.208675,rond,-13.898777,1
4971,S_NOUN_8_ADJ_a,F,S,la valise avec les tasses qui était là depuis hier est aussi très froide <eos>,13,froide,froid,11,F,P,froide,-7.6707277,froid,-10.077731,1
4972,S_NOUN_8_ADJ_a,F,S,la valise avec les tasses qui était là depuis hier est aussi très chaude <eos>,13,chaude,chaud,11,F,P,chaude,-6.1385098,chaud,-10.238545,1
4973,S_NOUN_8_ADJ_a,F,S,la valise avec les tasses qui était là depuis hier est aussi très importante <eos>,13,importante,important,11,F,P,importante,-4.067752,important,-7.7744513,1
4974,S_NOUN_8_ADJ_a,F,S,la valise avec les tasses qui était là depuis hier est aussi très courte <eos>,13,courte,court,11,F,P,courte,-5.6548147,court,-7.2217875,1
4975,S_NOUN_8_ADJ_a,F,S,la valise avec les tasses qui était là depuis hier est aussi très dure <eos>,13,dure,dur,11,F,P,dure,-6.921915,dur,-8.2817955,1
4976,S_NOUN_8_ADJ_a,F,S,la valise avec les tasses qui était là depuis hier est aussi très claire <eos>,13,claire,clair,11,F,P,claire,-5.694024,clair,-8.785774,1
4977,S_NOUN_8_ADJ_a,F,S,la valise avec les tasses qui était là depuis hier est aussi très intéressante <eos>,13,intéressante,intéressant,11,F,P,intéressante,-4.6697874,intéressant,-8.41972,1
4978,S_NOUN_8_ADJ_a,F,S,la valise avec les tasses qui était là depuis hier est aussi très brillante <eos>,13,brillante,brillant,11,F,P,brillante,-6.8213224,brillant,-10.324764,1
4979,S_NOUN_8_ADJ_a,F,S,la valise avec les tasses qui était là depuis hier est aussi très compliquée <eos>,13,compliquée,compliqué,11,F,P,compliquée,-6.1154704,compliqué,-7.9878087,1
4980,S_NOUN_8_ADJ_a,F,S,la valise avec les bougies qui était là depuis hier est aussi très verte <eos>,13,verte,vert,11,F,P,verte,-9.093123,vert,-10.855001,1
4981,S_NOUN_8_ADJ_a,F,S,la valise avec les bougies qui était là depuis hier est aussi très bleue <eos>,13,bleue,bleu,11,F,P,bleue,-10.98957,bleu,-11.206873,1
4982,S_NOUN_8_ADJ_a,F,S,la valise avec les bougies qui était là depuis hier est aussi très noire <eos>,13,noire,noir,11,F,P,noire,-7.2783375,noir,-10.649211,1
4983,S_NOUN_8_ADJ_a,F,S,la valise avec les bougies qui était là depuis hier est aussi très délicate <eos>,13,délicate,délicat,11,F,P,délicate,-6.328356,délicat,-9.592367,1
4984,S_NOUN_8_ADJ_a,F,S,la valise avec les bougies qui était là depuis hier est aussi très pointue <eos>,13,pointue,pointu,11,F,P,pointue,-9.771493,pointu,-12.395183,1
4985,S_NOUN_8_ADJ_a,F,S,la valise avec les bougies qui était là depuis hier est aussi très ronde <eos>,13,ronde,rond,11,F,P,ronde,-10.570972,rond,-14.221884,1
4986,S_NOUN_8_ADJ_a,F,S,la valise avec les bougies qui était là depuis hier est aussi très froide <eos>,13,froide,froid,11,F,P,froide,-7.6733847,froid,-9.773564,1
4987,S_NOUN_8_ADJ_a,F,S,la valise avec les bougies qui était là depuis hier est aussi très chaude <eos>,13,chaude,chaud,11,F,P,chaude,-6.1350555,chaud,-10.199441,1
4988,S_NOUN_8_ADJ_a,F,S,la valise avec les bougies qui était là depuis hier est aussi très importante <eos>,13,importante,important,11,F,P,importante,-4.4581966,important,-8.184474,1
4989,S_NOUN_8_ADJ_a,F,S,la valise avec les bougies qui était là depuis hier est aussi très courte <eos>,13,courte,court,11,F,P,courte,-5.3792057,court,-7.092348,1
4990,S_NOUN_8_ADJ_a,F,S,la valise avec les bougies qui était là depuis hier est aussi très dure <eos>,13,dure,dur,11,F,P,dure,-6.8644643,dur,-8.442001,1
4991,S_NOUN_8_ADJ_a,F,S,la valise avec les bougies qui était là depuis hier est aussi très claire <eos>,13,claire,clair,11,F,P,claire,-5.379533,clair,-8.41902,1
4992,S_NOUN_8_ADJ_a,F,S,la valise avec les bougies qui était là depuis hier est aussi très intéressante <eos>,13,intéressante,intéressant,11,F,P,intéressante,-5.0346556,intéressant,-8.895479,1
4993,S_NOUN_8_ADJ_a,F,S,la valise avec les bougies qui était là depuis hier est aussi très brillante <eos>,13,brillante,brillant,11,F,P,brillante,-6.751658,brillant,-10.419731,1
4994,S_NOUN_8_ADJ_a,F,S,la valise avec les bougies qui était là depuis hier est aussi très compliquée <eos>,13,compliquée,compliqué,11,F,P,compliquée,-6.2127357,compliqué,-8.16824,1
4995,S_NOUN_8_ADJ_a,F,S,la valise avec les pochettes qui était là depuis hier est aussi très verte <eos>,13,verte,vert,11,F,P,verte,-9.869424,vert,-11.72257,1
4996,S_NOUN_8_ADJ_a,F,S,la valise avec les pochettes qui était là depuis hier est aussi très bleue <eos>,13,bleue,bleu,11,F,P,bleue,-11.817627,bleu,-12.018609,1
4997,S_NOUN_8_ADJ_a,F,S,la valise avec les pochettes qui était là depuis hier est aussi très noire <eos>,13,noire,noir,11,F,P,noire,-8.339666,noir,-11.481162,1
4998,S_NOUN_8_ADJ_a,F,S,la valise avec les pochettes qui était là depuis hier est aussi très délicate <eos>,13,délicate,délicat,11,F,P,délicate,-7.236555,délicat,-10.65077,1
4999,S_NOUN_8_ADJ_a,F,S,la valise avec les pochettes qui était là depuis hier est aussi très pointue <eos>,13,pointue,pointu,11,F,P,pointue,-10.086219,pointu,-11.65172,1
5000,S_NOUN_8_ADJ_a,F,S,la valise avec les pochettes qui était là depuis hier est aussi très ronde <eos>,13,ronde,rond,11,F,P,ronde,-11.468666,rond,-15.370166,1
5001,S_NOUN_8_ADJ_a,F,S,la valise avec les pochettes qui était là depuis hier est aussi très froide <eos>,13,froide,froid,11,F,P,froide,-10.0467415,froid,-10.406785,1
5002,S_NOUN_8_ADJ_a,F,S,la valise avec les pochettes qui était là depuis hier est aussi très chaude <eos>,13,chaude,chaud,11,F,P,chaude,-7.5685053,chaud,-11.387812,1
5003,S_NOUN_8_ADJ_a,F,S,la valise avec les pochettes qui était là depuis hier est aussi très importante <eos>,13,importante,important,11,F,P,importante,-3.8747766,important,-7.4512157,1
5004,S_NOUN_8_ADJ_a,F,S,la valise avec les pochettes qui était là depuis hier est aussi très courte <eos>,13,courte,court,11,F,P,courte,-5.2836776,court,-7.2676435,1
5005,S_NOUN_8_ADJ_a,F,S,la valise avec les pochettes qui était là depuis hier est aussi très dure <eos>,13,dure,dur,11,F,P,dure,-6.4913626,dur,-7.6924047,1
5006,S_NOUN_8_ADJ_a,F,S,la valise avec les pochettes qui était là depuis hier est aussi très claire <eos>,13,claire,clair,11,F,P,claire,-5.9321413,clair,-8.811049,1
5007,S_NOUN_8_ADJ_a,F,S,la valise avec les pochettes qui était là depuis hier est aussi très intéressante <eos>,13,intéressante,intéressant,11,F,P,intéressante,-5.0411406,intéressant,-8.625232,1
5008,S_NOUN_8_ADJ_a,F,S,la valise avec les pochettes qui était là depuis hier est aussi très brillante <eos>,13,brillante,brillant,11,F,P,brillante,-6.565393,brillant,-10.493902,1
5009,S_NOUN_8_ADJ_a,F,S,la valise avec les pochettes qui était là depuis hier est aussi très compliquée <eos>,13,compliquée,compliqué,11,F,P,compliquée,-5.983835,compliqué,-8.7042265,1
5010,S_NOUN_8_ADJ_a,F,S,la valise avec les bananes qui était là depuis hier est aussi très verte <eos>,13,verte,vert,11,F,P,verte,-9.0523,vert,-11.350002,1
5011,S_NOUN_8_ADJ_a,F,S,la valise avec les bananes qui était là depuis hier est aussi très bleue <eos>,13,bleue,bleu,11,F,P,bleue,-11.504827,bleu,-11.922054,1
5012,S_NOUN_8_ADJ_a,F,S,la valise avec les bananes qui était là depuis hier est aussi très noire <eos>,13,noire,noir,11,F,P,noire,-7.8088474,noir,-11.376872,1
5013,S_NOUN_8_ADJ_a,F,S,la valise avec les bananes qui était là depuis hier est aussi très délicate <eos>,13,délicate,délicat,11,F,P,délicate,-6.2156596,délicat,-9.715609,1
5014,S_NOUN_8_ADJ_a,F,S,la valise avec les bananes qui était là depuis hier est aussi très pointue <eos>,13,pointue,pointu,11,F,P,pointue,-9.624541,pointu,-11.702382,1
5015,S_NOUN_8_ADJ_a,F,S,la valise avec les bananes qui était là depuis hier est aussi très ronde <eos>,13,ronde,rond,11,F,P,ronde,-10.675071,rond,-14.2925005,1
5016,S_NOUN_8_ADJ_a,F,S,la valise avec les bananes qui était là depuis hier est aussi très froide <eos>,13,froide,froid,11,F,P,froide,-8.054979,froid,-10.009197,1
5017,S_NOUN_8_ADJ_a,F,S,la valise avec les bananes qui était là depuis hier est aussi très chaude <eos>,13,chaude,chaud,11,F,P,chaude,-6.6341963,chaud,-9.996402,1
5018,S_NOUN_8_ADJ_a,F,S,la valise avec les bananes qui était là depuis hier est aussi très importante <eos>,13,importante,important,11,F,P,importante,-4.184615,important,-7.9366026,1
5019,S_NOUN_8_ADJ_a,F,S,la valise avec les bananes qui était là depuis hier est aussi très courte <eos>,13,courte,court,11,F,P,courte,-5.973963,court,-7.336281,1
5020,S_NOUN_8_ADJ_a,F,S,la valise avec les bananes qui était là depuis hier est aussi très dure <eos>,13,dure,dur,11,F,P,dure,-6.6228714,dur,-8.088518,1
5021,S_NOUN_8_ADJ_a,F,S,la valise avec les bananes qui était là depuis hier est aussi très claire <eos>,13,claire,clair,11,F,P,claire,-5.5064087,clair,-8.637593,1
5022,S_NOUN_8_ADJ_a,F,S,la valise avec les bananes qui était là depuis hier est aussi très intéressante <eos>,13,intéressante,intéressant,11,F,P,intéressante,-5.0729837,intéressant,-8.62018,1
5023,S_NOUN_8_ADJ_a,F,S,la valise avec les bananes qui était là depuis hier est aussi très brillante <eos>,13,brillante,brillant,11,F,P,brillante,-7.213884,brillant,-10.457594,1
5024,S_NOUN_8_ADJ_a,F,S,la valise avec les bananes qui était là depuis hier est aussi très compliquée <eos>,13,compliquée,compliqué,11,F,P,compliquée,-6.1071787,compliqué,-7.965827,1
5025,S_NOUN_8_ADJ_a,F,S,la valise avec les robes qui était là depuis hier est aussi très verte <eos>,13,verte,vert,11,F,P,verte,-9.185787,vert,-11.255361,1
5026,S_NOUN_8_ADJ_a,F,S,la valise avec les robes qui était là depuis hier est aussi très bleue <eos>,13,bleue,bleu,11,F,P,bleue,-10.785131,bleu,-11.233936,1
5027,S_NOUN_8_ADJ_a,F,S,la valise avec les robes qui était là depuis hier est aussi très noire <eos>,13,noire,noir,11,F,P,noire,-6.9787006,noir,-10.789708,1
5028,S_NOUN_8_ADJ_a,F,S,la valise avec les robes qui était là depuis hier est aussi très délicate <eos>,13,délicate,délicat,11,F,P,délicate,-6.7144094,délicat,-10.228916,1
5029,S_NOUN_8_ADJ_a,F,S,la valise avec les robes qui était là depuis hier est aussi très pointue <eos>,13,pointue,pointu,11,F,P,pointue,-10.196949,pointu,-12.10404,1
5030,S_NOUN_8_ADJ_a,F,S,la valise avec les robes qui était là depuis hier est aussi très ronde <eos>,13,ronde,rond,11,F,P,ronde,-10.972646,rond,-14.503575,1
5031,S_NOUN_8_ADJ_a,F,S,la valise avec les robes qui était là depuis hier est aussi très froide <eos>,13,froide,froid,11,F,P,froide,-8.2353945,froid,-10.254985,1
5032,S_NOUN_8_ADJ_a,F,S,la valise avec les robes qui était là depuis hier est aussi très chaude <eos>,13,chaude,chaud,11,F,P,chaude,-6.8593473,chaud,-10.54318,1
5033,S_NOUN_8_ADJ_a,F,S,la valise avec les robes qui était là depuis hier est aussi très importante <eos>,13,importante,important,11,F,P,importante,-4.5021605,important,-8.141037,1
5034,S_NOUN_8_ADJ_a,F,S,la valise avec les robes qui était là depuis hier est aussi très courte <eos>,13,courte,court,11,F,P,courte,-5.440606,court,-7.1810026,1
5035,S_NOUN_8_ADJ_a,F,S,la valise avec les robes qui était là depuis hier est aussi très dure <eos>,13,dure,dur,11,F,P,dure,-6.9705343,dur,-9.201894,1
5036,S_NOUN_8_ADJ_a,F,S,la valise avec les robes qui était là depuis hier est aussi très claire <eos>,13,claire,clair,11,F,P,claire,-5.5896616,clair,-8.379538,1
5037,S_NOUN_8_ADJ_a,F,S,la valise avec les robes qui était là depuis hier est aussi très intéressante <eos>,13,intéressante,intéressant,11,F,P,intéressante,-5.364141,intéressant,-8.928991,1
5038,S_NOUN_8_ADJ_a,F,S,la valise avec les robes qui était là depuis hier est aussi très brillante <eos>,13,brillante,brillant,11,F,P,brillante,-7.2265806,brillant,-10.885769,1
5039,S_NOUN_8_ADJ_a,F,S,la valise avec les robes qui était là depuis hier est aussi très compliquée <eos>,13,compliquée,compliqué,11,F,P,compliquée,-6.518341,compliqué,-8.392163,1
5040,S_NOUN_8_ADJ_a,F,S,la valise avec les valises qui était là depuis hier est aussi très verte <eos>,13,verte,vert,11,F,P,verte,-9.579455,vert,-11.542712,1
5041,S_NOUN_8_ADJ_a,F,S,la valise avec les valises qui était là depuis hier est aussi très bleue <eos>,13,bleue,bleu,11,F,P,bleue,-11.710336,bleu,-11.842687,1
5042,S_NOUN_8_ADJ_a,F,S,la valise avec les valises qui était là depuis hier est aussi très noire <eos>,13,noire,noir,11,F,P,noire,-7.7931614,noir,-11.2312565,1
5043,S_NOUN_8_ADJ_a,F,S,la valise avec les valises qui était là depuis hier est aussi très délicate <eos>,13,délicate,délicat,11,F,P,délicate,-6.1868567,délicat,-10.065769,1
5044,S_NOUN_8_ADJ_a,F,S,la valise avec les valises qui était là depuis hier est aussi très pointue <eos>,13,pointue,pointu,11,F,P,pointue,-9.740477,pointu,-12.316824,1
5045,S_NOUN_8_ADJ_a,F,S,la valise avec les valises qui était là depuis hier est aussi très ronde <eos>,13,ronde,rond,11,F,P,ronde,-10.900847,rond,-14.6532545,1
5046,S_NOUN_8_ADJ_a,F,S,la valise avec les valises qui était là depuis hier est aussi très froide <eos>,13,froide,froid,11,F,P,froide,-8.208806,froid,-10.251558,1
5047,S_NOUN_8_ADJ_a,F,S,la valise avec les valises qui était là depuis hier est aussi très chaude <eos>,13,chaude,chaud,11,F,P,chaude,-6.680439,chaud,-10.516789,1
5048,S_NOUN_8_ADJ_a,F,S,la valise avec les valises qui était là depuis hier est aussi très importante <eos>,13,importante,important,11,F,P,importante,-4.034607,important,-7.792701,1
5049,S_NOUN_8_ADJ_a,F,S,la valise avec les valises qui était là depuis hier est aussi très courte <eos>,13,courte,court,11,F,P,courte,-5.63021,court,-7.217552,1
5050,S_NOUN_8_ADJ_a,F,S,la valise avec les valises qui était là depuis hier est aussi très dure <eos>,13,dure,dur,11,F,P,dure,-7.1848288,dur,-8.322547,1
5051,S_NOUN_8_ADJ_a,F,S,la valise avec les valises qui était là depuis hier est aussi très claire <eos>,13,claire,clair,11,F,P,claire,-5.8846025,clair,-9.018797,1
5052,S_NOUN_8_ADJ_a,F,S,la valise avec les valises qui était là depuis hier est aussi très intéressante <eos>,13,intéressante,intéressant,11,F,P,intéressante,-4.571663,intéressant,-8.440805,1
5053,S_NOUN_8_ADJ_a,F,S,la valise avec les valises qui était là depuis hier est aussi très brillante <eos>,13,brillante,brillant,11,F,P,brillante,-7.331967,brillant,-10.772825,1
5054,S_NOUN_8_ADJ_a,F,S,la valise avec les valises qui était là depuis hier est aussi très compliquée <eos>,13,compliquée,compliqué,11,F,P,compliquée,-5.6975317,compliqué,-7.6879683,1
5055,S_NOUN_8_ADJ_a,F,S,la valise avec les pendules qui était là depuis hier est aussi très verte <eos>,13,verte,vert,11,F,P,verte,-9.035082,vert,-10.957495,1
5056,S_NOUN_8_ADJ_a,F,S,la valise avec les pendules qui était là depuis hier est aussi très bleue <eos>,13,bleue,bleu,11,F,P,bleue,-11.132923,bleu,-11.449348,1
5057,S_NOUN_8_ADJ_a,F,S,la valise avec les pendules qui était là depuis hier est aussi très noire <eos>,13,noire,noir,11,F,P,noire,-7.3734155,noir,-10.854649,1
5058,S_NOUN_8_ADJ_a,F,S,la valise avec les pendules qui était là depuis hier est aussi très délicate <eos>,13,délicate,délicat,11,F,P,délicate,-6.0250463,délicat,-9.823816,1
5059,S_NOUN_8_ADJ_a,F,S,la valise avec les pendules qui était là depuis hier est aussi très pointue <eos>,13,pointue,pointu,11,F,P,pointue,-9.401848,pointu,-12.282438,1
5060,S_NOUN_8_ADJ_a,F,S,la valise avec les pendules qui était là depuis hier est aussi très ronde <eos>,13,ronde,rond,11,F,P,ronde,-11.021404,rond,-14.484455,1
5061,S_NOUN_8_ADJ_a,F,S,la valise avec les pendules qui était là depuis hier est aussi très froide <eos>,13,froide,froid,11,F,P,froide,-8.290007,froid,-10.229717,1
5062,S_NOUN_8_ADJ_a,F,S,la valise avec les pendules qui était là depuis hier est aussi très chaude <eos>,13,chaude,chaud,11,F,P,chaude,-6.5811863,chaud,-10.362297,1
5063,S_NOUN_8_ADJ_a,F,S,la valise avec les pendules qui était là depuis hier est aussi très importante <eos>,13,importante,important,11,F,P,importante,-4.67999,important,-8.322222,1
5064,S_NOUN_8_ADJ_a,F,S,la valise avec les pendules qui était là depuis hier est aussi très courte <eos>,13,courte,court,11,F,P,courte,-5.5972266,court,-7.264604,1
5065,S_NOUN_8_ADJ_a,F,S,la valise avec les pendules qui était là depuis hier est aussi très dure <eos>,13,dure,dur,11,F,P,dure,-7.0519915,dur,-8.357932,1
5066,S_NOUN_8_ADJ_a,F,S,la valise avec les pendules qui était là depuis hier est aussi très claire <eos>,13,claire,clair,11,F,P,claire,-5.5833335,clair,-8.664099,1
5067,S_NOUN_8_ADJ_a,F,S,la valise avec les pendules qui était là depuis hier est aussi très intéressante <eos>,13,intéressante,intéressant,11,F,P,intéressante,-5.1006784,intéressant,-8.760721,1
5068,S_NOUN_8_ADJ_a,F,S,la valise avec les pendules qui était là depuis hier est aussi très brillante <eos>,13,brillante,brillant,11,F,P,brillante,-7.011755,brillant,-10.341441,1
5069,S_NOUN_8_ADJ_a,F,S,la valise avec les pendules qui était là depuis hier est aussi très compliquée <eos>,13,compliquée,compliqué,11,F,P,compliquée,-5.3176246,compliqué,-7.5329585,1
5070,S_NOUN_8_ADJ_a,F,S,la valise avec les cloches qui était là depuis hier est aussi très verte <eos>,13,verte,vert,11,F,P,verte,-9.116933,vert,-10.790067,1
5071,S_NOUN_8_ADJ_a,F,S,la valise avec les cloches qui était là depuis hier est aussi très bleue <eos>,13,bleue,bleu,11,F,P,bleue,-11.081593,bleu,-11.402998,1
5072,S_NOUN_8_ADJ_a,F,S,la valise avec les cloches qui était là depuis hier est aussi très noire <eos>,13,noire,noir,11,F,P,noire,-7.3461328,noir,-11.336092,1
5073,S_NOUN_8_ADJ_a,F,S,la valise avec les cloches qui était là depuis hier est aussi très délicate <eos>,13,délicate,délicat,11,F,P,délicate,-6.0140123,délicat,-9.73751,1
5074,S_NOUN_8_ADJ_a,F,S,la valise avec les cloches qui était là depuis hier est aussi très pointue <eos>,13,pointue,pointu,11,F,P,pointue,-9.973349,pointu,-13.005214,1
5075,S_NOUN_8_ADJ_a,F,S,la valise avec les cloches qui était là depuis hier est aussi très ronde <eos>,13,ronde,rond,11,F,P,ronde,-10.850111,rond,-14.955552,1
5076,S_NOUN_8_ADJ_a,F,S,la valise avec les cloches qui était là depuis hier est aussi très froide <eos>,13,froide,froid,11,F,P,froide,-7.96964,froid,-10.192748,1
5077,S_NOUN_8_ADJ_a,F,S,la valise avec les cloches qui était là depuis hier est aussi très chaude <eos>,13,chaude,chaud,11,F,P,chaude,-6.0070257,chaud,-10.240398,1
5078,S_NOUN_8_ADJ_a,F,S,la valise avec les cloches qui était là depuis hier est aussi très importante <eos>,13,importante,important,11,F,P,importante,-4.3073173,important,-8.200989,1
5079,S_NOUN_8_ADJ_a,F,S,la valise avec les cloches qui était là depuis hier est aussi très courte <eos>,13,courte,court,11,F,P,courte,-5.6631575,court,-7.6415358,1
5080,S_NOUN_8_ADJ_a,F,S,la valise avec les cloches qui était là depuis hier est aussi très dure <eos>,13,dure,dur,11,F,P,dure,-6.4581475,dur,-8.164114,1
5081,S_NOUN_8_ADJ_a,F,S,la valise avec les cloches qui était là depuis hier est aussi très claire <eos>,13,claire,clair,11,F,P,claire,-5.6415424,clair,-8.569447,1
5082,S_NOUN_8_ADJ_a,F,S,la valise avec les cloches qui était là depuis hier est aussi très intéressante <eos>,13,intéressante,intéressant,11,F,P,intéressante,-5.012367,intéressant,-8.810703,1
5083,S_NOUN_8_ADJ_a,F,S,la valise avec les cloches qui était là depuis hier est aussi très brillante <eos>,13,brillante,brillant,11,F,P,brillante,-6.5994525,brillant,-10.15332,1
5084,S_NOUN_8_ADJ_a,F,S,la valise avec les cloches qui était là depuis hier est aussi très compliquée <eos>,13,compliquée,compliqué,11,F,P,compliquée,-6.2199106,compliqué,-8.26899,1
5085,S_NOUN_8_ADJ_a,F,S,la valise avec les cerises qui était là depuis hier est aussi très verte <eos>,13,verte,vert,11,F,P,verte,-9.347166,vert,-11.262972,1
5086,S_NOUN_8_ADJ_a,F,S,la valise avec les cerises qui était là depuis hier est aussi très bleue <eos>,13,bleue,bleu,11,F,P,bleue,-11.681468,bleu,-11.679805,0
5087,S_NOUN_8_ADJ_a,F,S,la valise avec les cerises qui était là depuis hier est aussi très noire <eos>,13,noire,noir,11,F,P,noire,-7.682615,noir,-11.281513,1
5088,S_NOUN_8_ADJ_a,F,S,la valise avec les cerises qui était là depuis hier est aussi très délicate <eos>,13,délicate,délicat,11,F,P,délicate,-6.005467,délicat,-9.294466,1
5089,S_NOUN_8_ADJ_a,F,S,la valise avec les cerises qui était là depuis hier est aussi très pointue <eos>,13,pointue,pointu,11,F,P,pointue,-9.792474,pointu,-12.058125,1
5090,S_NOUN_8_ADJ_a,F,S,la valise avec les cerises qui était là depuis hier est aussi très ronde <eos>,13,ronde,rond,11,F,P,ronde,-10.583644,rond,-14.16957,1
5091,S_NOUN_8_ADJ_a,F,S,la valise avec les cerises qui était là depuis hier est aussi très froide <eos>,13,froide,froid,11,F,P,froide,-8.01675,froid,-9.752428,1
5092,S_NOUN_8_ADJ_a,F,S,la valise avec les cerises qui était là depuis hier est aussi très chaude <eos>,13,chaude,chaud,11,F,P,chaude,-6.419756,chaud,-10.130982,1
5093,S_NOUN_8_ADJ_a,F,S,la valise avec les cerises qui était là depuis hier est aussi très importante <eos>,13,importante,important,11,F,P,importante,-4.027901,important,-7.902949,1
5094,S_NOUN_8_ADJ_a,F,S,la valise avec les cerises qui était là depuis hier est aussi très courte <eos>,13,courte,court,11,F,P,courte,-5.7382855,court,-7.6239524,1
5095,S_NOUN_8_ADJ_a,F,S,la valise avec les cerises qui était là depuis hier est aussi très dure <eos>,13,dure,dur,11,F,P,dure,-6.552447,dur,-8.425713,1
5096,S_NOUN_8_ADJ_a,F,S,la valise avec les cerises qui était là depuis hier est aussi très claire <eos>,13,claire,clair,11,F,P,claire,-5.296299,clair,-8.682661,1
5097,S_NOUN_8_ADJ_a,F,S,la valise avec les cerises qui était là depuis hier est aussi très intéressante <eos>,13,intéressante,intéressant,11,F,P,intéressante,-5.239996,intéressant,-8.760533,1
5098,S_NOUN_8_ADJ_a,F,S,la valise avec les cerises qui était là depuis hier est aussi très brillante <eos>,13,brillante,brillant,11,F,P,brillante,-6.97351,brillant,-10.635716,1
5099,S_NOUN_8_ADJ_a,F,S,la valise avec les cerises qui était là depuis hier est aussi très compliquée <eos>,13,compliquée,compliqué,11,F,P,compliquée,-6.373841,compliqué,-8.642828,1
5100,S_NOUN_8_ADJ_a,F,S,la pendule avec les gemmes qui était là depuis hier est aussi très verte <eos>,13,verte,vert,11,F,P,verte,-9.052611,vert,-11.737709,1
5101,S_NOUN_8_ADJ_a,F,S,la pendule avec les gemmes qui était là depuis hier est aussi très bleue <eos>,13,bleue,bleu,11,F,P,bleue,-11.602593,bleu,-12.482584,1
5102,S_NOUN_8_ADJ_a,F,S,la pendule avec les gemmes qui était là depuis hier est aussi très noire <eos>,13,noire,noir,11,F,P,noire,-7.9557343,noir,-12.516586,1
5103,S_NOUN_8_ADJ_a,F,S,la pendule avec les gemmes qui était là depuis hier est aussi très délicate <eos>,13,délicate,délicat,11,F,P,délicate,-6.0809503,délicat,-10.485725,1
5104,S_NOUN_8_ADJ_a,F,S,la pendule avec les gemmes qui était là depuis hier est aussi très pointue <eos>,13,pointue,pointu,11,F,P,pointue,-9.542365,pointu,-13.253237,1
5105,S_NOUN_8_ADJ_a,F,S,la pendule avec les gemmes qui était là depuis hier est aussi très ronde <eos>,13,ronde,rond,11,F,P,ronde,-11.36095,rond,-15.67765,1
5106,S_NOUN_8_ADJ_a,F,S,la pendule avec les gemmes qui était là depuis hier est aussi très froide <eos>,13,froide,froid,11,F,P,froide,-6.4327097,froid,-10.046924,1
5107,S_NOUN_8_ADJ_a,F,S,la pendule avec les gemmes qui était là depuis hier est aussi très chaude <eos>,13,chaude,chaud,11,F,P,chaude,-5.1082125,chaud,-9.518492,1
5108,S_NOUN_8_ADJ_a,F,S,la pendule avec les gemmes qui était là depuis hier est aussi très importante <eos>,13,importante,important,11,F,P,importante,-3.9950223,important,-8.191156,1
5109,S_NOUN_8_ADJ_a,F,S,la pendule avec les gemmes qui était là depuis hier est aussi très courte <eos>,13,courte,court,11,F,P,courte,-6.1941757,court,-8.487108,1
5110,S_NOUN_8_ADJ_a,F,S,la pendule avec les gemmes qui était là depuis hier est aussi très dure <eos>,13,dure,dur,11,F,P,dure,-6.557856,dur,-8.254467,1
5111,S_NOUN_8_ADJ_a,F,S,la pendule avec les gemmes qui était là depuis hier est aussi très claire <eos>,13,claire,clair,11,F,P,claire,-5.5403786,clair,-9.204603,1
5112,S_NOUN_8_ADJ_a,F,S,la pendule avec les gemmes qui était là depuis hier est aussi très intéressante <eos>,13,intéressante,intéressant,11,F,P,intéressante,-5.526793,intéressant,-9.201845,1
5113,S_NOUN_8_ADJ_a,F,S,la pendule avec les gemmes qui était là depuis hier est aussi très brillante <eos>,13,brillante,brillant,11,F,P,brillante,-5.97328,brillant,-10.44235,1
5114,S_NOUN_8_ADJ_a,F,S,la pendule avec les gemmes qui était là depuis hier est aussi très compliquée <eos>,13,compliquée,compliqué,11,F,P,compliquée,-5.9283447,compliqué,-8.922315,1
5115,S_NOUN_8_ADJ_a,F,S,la pendule avec les chaises qui était là depuis hier est aussi très verte <eos>,13,verte,vert,11,F,P,verte,-9.141224,vert,-11.642212,1
5116,S_NOUN_8_ADJ_a,F,S,la pendule avec les chaises qui était là depuis hier est aussi très bleue <eos>,13,bleue,bleu,11,F,P,bleue,-11.877258,bleu,-12.399278,1
5117,S_NOUN_8_ADJ_a,F,S,la pendule avec les chaises qui était là depuis hier est aussi très noire <eos>,13,noire,noir,11,F,P,noire,-8.185373,noir,-12.899405,1
5118,S_NOUN_8_ADJ_a,F,S,la pendule avec les chaises qui était là depuis hier est aussi très délicate <eos>,13,délicate,délicat,11,F,P,délicate,-6.5697646,délicat,-10.375069,1
5119,S_NOUN_8_ADJ_a,F,S,la pendule avec les chaises qui était là depuis hier est aussi très pointue <eos>,13,pointue,pointu,11,F,P,pointue,-9.099288,pointu,-12.640539,1
5120,S_NOUN_8_ADJ_a,F,S,la pendule avec les chaises qui était là depuis hier est aussi très ronde <eos>,13,ronde,rond,11,F,P,ronde,-10.295311,rond,-14.659271,1
5121,S_NOUN_8_ADJ_a,F,S,la pendule avec les chaises qui était là depuis hier est aussi très froide <eos>,13,froide,froid,11,F,P,froide,-7.208206,froid,-10.939682,1
5122,S_NOUN_8_ADJ_a,F,S,la pendule avec les chaises qui était là depuis hier est aussi très chaude <eos>,13,chaude,chaud,11,F,P,chaude,-4.9774523,chaud,-10.089375,1
5123,S_NOUN_8_ADJ_a,F,S,la pendule avec les chaises qui était là depuis hier est aussi très importante <eos>,13,importante,important,11,F,P,importante,-4.082846,important,-8.172348,1
5124,S_NOUN_8_ADJ_a,F,S,la pendule avec les chaises qui était là depuis hier est aussi très courte <eos>,13,courte,court,11,F,P,courte,-5.911876,court,-8.029873,1
5125,S_NOUN_8_ADJ_a,F,S,la pendule avec les chaises qui était là depuis hier est aussi très dure <eos>,13,dure,dur,11,F,P,dure,-6.4114227,dur,-8.544644,1
5126,S_NOUN_8_ADJ_a,F,S,la pendule avec les chaises qui était là depuis hier est aussi très claire <eos>,13,claire,clair,11,F,P,claire,-5.644213,clair,-9.340515,1
5127,S_NOUN_8_ADJ_a,F,S,la pendule avec les chaises qui était là depuis hier est aussi très intéressante <eos>,13,intéressante,intéressant,11,F,P,intéressante,-5.3722477,intéressant,-8.8441515,1
5128,S_NOUN_8_ADJ_a,F,S,la pendule avec les chaises qui était là depuis hier est aussi très brillante <eos>,13,brillante,brillant,11,F,P,brillante,-6.1372547,brillant,-10.746778,1
5129,S_NOUN_8_ADJ_a,F,S,la pendule avec les chaises qui était là depuis hier est aussi très compliquée <eos>,13,compliquée,compliqué,11,F,P,compliquée,-6.0610914,compliqué,-8.925378,1
5130,S_NOUN_8_ADJ_a,F,S,la pendule avec les poubelles qui était là depuis hier est aussi très verte <eos>,13,verte,vert,11,F,P,verte,-9.544123,vert,-12.181861,1
5131,S_NOUN_8_ADJ_a,F,S,la pendule avec les poubelles qui était là depuis hier est aussi très bleue <eos>,13,bleue,bleu,11,F,P,bleue,-12.359162,bleu,-12.968848,1
5132,S_NOUN_8_ADJ_a,F,S,la pendule avec les poubelles qui était là depuis hier est aussi très noire <eos>,13,noire,noir,11,F,P,noire,-8.578389,noir,-13.210457,1
5133,S_NOUN_8_ADJ_a,F,S,la pendule avec les poubelles qui était là depuis hier est aussi très délicate <eos>,13,délicate,délicat,11,F,P,délicate,-6.1935863,délicat,-10.683933,1
5134,S_NOUN_8_ADJ_a,F,S,la pendule avec les poubelles qui était là depuis hier est aussi très pointue <eos>,13,pointue,pointu,11,F,P,pointue,-8.823345,pointu,-12.485707,1
5135,S_NOUN_8_ADJ_a,F,S,la pendule avec les poubelles qui était là depuis hier est aussi très ronde <eos>,13,ronde,rond,11,F,P,ronde,-10.634156,rond,-15.247125,1
5136,S_NOUN_8_ADJ_a,F,S,la pendule avec les poubelles qui était là depuis hier est aussi très froide <eos>,13,froide,froid,11,F,P,froide,-6.86084,froid,-10.777205,1
5137,S_NOUN_8_ADJ_a,F,S,la pendule avec les poubelles qui était là depuis hier est aussi très chaude <eos>,13,chaude,chaud,11,F,P,chaude,-5.459179,chaud,-10.14141,1
5138,S_NOUN_8_ADJ_a,F,S,la pendule avec les poubelles qui était là depuis hier est aussi très importante <eos>,13,importante,important,11,F,P,importante,-4.024926,important,-8.112915,1
5139,S_NOUN_8_ADJ_a,F,S,la pendule avec les poubelles qui était là depuis hier est aussi très courte <eos>,13,courte,court,11,F,P,courte,-6.087621,court,-8.102085,1
5140,S_NOUN_8_ADJ_a,F,S,la pendule avec les poubelles qui était là depuis hier est aussi très dure <eos>,13,dure,dur,11,F,P,dure,-6.893007,dur,-8.475494,1
5141,S_NOUN_8_ADJ_a,F,S,la pendule avec les poubelles qui était là depuis hier est aussi très claire <eos>,13,claire,clair,11,F,P,claire,-6.014024,clair,-9.985725,1
5142,S_NOUN_8_ADJ_a,F,S,la pendule avec les poubelles qui était là depuis hier est aussi très intéressante <eos>,13,intéressante,intéressant,11,F,P,intéressante,-5.3119507,intéressant,-8.918347,1
5143,S_NOUN_8_ADJ_a,F,S,la pendule avec les poubelles qui était là depuis hier est aussi très brillante <eos>,13,brillante,brillant,11,F,P,brillante,-6.8462915,brillant,-11.166598,1
5144,S_NOUN_8_ADJ_a,F,S,la pendule avec les poubelles qui était là depuis hier est aussi très compliquée <eos>,13,compliquée,compliqué,11,F,P,compliquée,-5.787919,compliqué,-8.723239,1
5145,S_NOUN_8_ADJ_a,F,S,la pendule avec les chemises qui était là depuis hier est aussi très verte <eos>,13,verte,vert,11,F,P,verte,-9.174678,vert,-11.588461,1
5146,S_NOUN_8_ADJ_a,F,S,la pendule avec les chemises qui était là depuis hier est aussi très bleue <eos>,13,bleue,bleu,11,F,P,bleue,-11.538003,bleu,-12.296764,1
5147,S_NOUN_8_ADJ_a,F,S,la pendule avec les chemises qui était là depuis hier est aussi très noire <eos>,13,noire,noir,11,F,P,noire,-7.5345006,noir,-12.450964,1
5148,S_NOUN_8_ADJ_a,F,S,la pendule avec les chemises qui était là depuis hier est aussi très délicate <eos>,13,délicate,délicat,11,F,P,délicate,-6.225554,délicat,-10.45179,1
5149,S_NOUN_8_ADJ_a,F,S,la pendule avec les chemises qui était là depuis hier est aussi très pointue <eos>,13,pointue,pointu,11,F,P,pointue,-8.6407,pointu,-12.252971,1
5150,S_NOUN_8_ADJ_a,F,S,la pendule avec les chemises qui était là depuis hier est aussi très ronde <eos>,13,ronde,rond,11,F,P,ronde,-10.46475,rond,-14.796936,1
5151,S_NOUN_8_ADJ_a,F,S,la pendule avec les chemises qui était là depuis hier est aussi très froide <eos>,13,froide,froid,11,F,P,froide,-7.2336917,froid,-10.882063,1
5152,S_NOUN_8_ADJ_a,F,S,la pendule avec les chemises qui était là depuis hier est aussi très chaude <eos>,13,chaude,chaud,11,F,P,chaude,-5.8449516,chaud,-10.018933,1
5153,S_NOUN_8_ADJ_a,F,S,la pendule avec les chemises qui était là depuis hier est aussi très importante <eos>,13,importante,important,11,F,P,importante,-4.596304,important,-8.524827,1
5154,S_NOUN_8_ADJ_a,F,S,la pendule avec les chemises qui était là depuis hier est aussi très courte <eos>,13,courte,court,11,F,P,courte,-5.6413527,court,-7.8010893,1
5155,S_NOUN_8_ADJ_a,F,S,la pendule avec les chemises qui était là depuis hier est aussi très dure <eos>,13,dure,dur,11,F,P,dure,-6.3210716,dur,-8.3182335,1
5156,S_NOUN_8_ADJ_a,F,S,la pendule avec les chemises qui était là depuis hier est aussi très claire <eos>,13,claire,clair,11,F,P,claire,-5.6075087,clair,-9.055675,1
5157,S_NOUN_8_ADJ_a,F,S,la pendule avec les chemises qui était là depuis hier est aussi très intéressante <eos>,13,intéressante,intéressant,11,F,P,intéressante,-5.894409,intéressant,-9.265436,1
5158,S_NOUN_8_ADJ_a,F,S,la pendule avec les chemises qui était là depuis hier est aussi très brillante <eos>,13,brillante,brillant,11,F,P,brillante,-6.4194417,brillant,-10.455046,1
5159,S_NOUN_8_ADJ_a,F,S,la pendule avec les chemises qui était là depuis hier est aussi très compliquée <eos>,13,compliquée,compliqué,11,F,P,compliquée,-5.573827,compliqué,-8.526351,1
5160,S_NOUN_8_ADJ_a,F,S,la pendule avec les recettes qui était là depuis hier est aussi très verte <eos>,13,verte,vert,11,F,P,verte,-9.809777,vert,-12.40212,1
5161,S_NOUN_8_ADJ_a,F,S,la pendule avec les recettes qui était là depuis hier est aussi très bleue <eos>,13,bleue,bleu,11,F,P,bleue,-13.261312,bleu,-13.341062,1
5162,S_NOUN_8_ADJ_a,F,S,la pendule avec les recettes qui était là depuis hier est aussi très noire <eos>,13,noire,noir,11,F,P,noire,-9.697087,noir,-13.230949,1
5163,S_NOUN_8_ADJ_a,F,S,la pendule avec les recettes qui était là depuis hier est aussi très délicate <eos>,13,délicate,délicat,11,F,P,délicate,-6.44898,délicat,-10.389048,1
5164,S_NOUN_8_ADJ_a,F,S,la pendule avec les recettes qui était là depuis hier est aussi très pointue <eos>,13,pointue,pointu,11,F,P,pointue,-9.61606,pointu,-13.011814,1
5165,S_NOUN_8_ADJ_a,F,S,la pendule avec les recettes qui était là depuis hier est aussi très ronde <eos>,13,ronde,rond,11,F,P,ronde,-11.863483,rond,-15.315411,1
5166,S_NOUN_8_ADJ_a,F,S,la pendule avec les recettes qui était là depuis hier est aussi très froide <eos>,13,froide,froid,11,F,P,froide,-7.083612,froid,-10.621819,1
5167,S_NOUN_8_ADJ_a,F,S,la pendule avec les recettes qui était là depuis hier est aussi très chaude <eos>,13,chaude,chaud,11,F,P,chaude,-5.433335,chaud,-9.864592,1
5168,S_NOUN_8_ADJ_a,F,S,la pendule avec les recettes qui était là depuis hier est aussi très importante <eos>,13,importante,important,11,F,P,importante,-3.2652712,important,-7.211012,1
5169,S_NOUN_8_ADJ_a,F,S,la pendule avec les recettes qui était là depuis hier est aussi très courte <eos>,13,courte,court,11,F,P,courte,-6.3244834,court,-8.402612,1
5170,S_NOUN_8_ADJ_a,F,S,la pendule avec les recettes qui était là depuis hier est aussi très dure <eos>,13,dure,dur,11,F,P,dure,-7.302617,dur,-8.546224,1
5171,S_NOUN_8_ADJ_a,F,S,la pendule avec les recettes qui était là depuis hier est aussi très claire <eos>,13,claire,clair,11,F,P,claire,-6.1803484,clair,-9.709667,1
5172,S_NOUN_8_ADJ_a,F,S,la pendule avec les recettes qui était là depuis hier est aussi très intéressante <eos>,13,intéressante,intéressant,11,F,P,intéressante,-5.1225243,intéressant,-8.664509,1
5173,S_NOUN_8_ADJ_a,F,S,la pendule avec les recettes qui était là depuis hier est aussi très brillante <eos>,13,brillante,brillant,11,F,P,brillante,-7.022271,brillant,-10.994612,1
5174,S_NOUN_8_ADJ_a,F,S,la pendule avec les recettes qui était là depuis hier est aussi très compliquée <eos>,13,compliquée,compliqué,11,F,P,compliquée,-6.460885,compliqué,-8.955276,1
5175,S_NOUN_8_ADJ_a,F,S,la pendule avec les jupes qui était là depuis hier est aussi très verte <eos>,13,verte,vert,11,F,P,verte,-9.385845,vert,-12.015681,1
5176,S_NOUN_8_ADJ_a,F,S,la pendule avec les jupes qui était là depuis hier est aussi très bleue <eos>,13,bleue,bleu,11,F,P,bleue,-11.839454,bleu,-12.544017,1
5177,S_NOUN_8_ADJ_a,F,S,la pendule avec les jupes qui était là depuis hier est aussi très noire <eos>,13,noire,noir,11,F,P,noire,-7.7590327,noir,-12.656467,1
5178,S_NOUN_8_ADJ_a,F,S,la pendule avec les jupes qui était là depuis hier est aussi très délicate <eos>,13,délicate,délicat,11,F,P,délicate,-6.5790553,délicat,-10.436388,1
5179,S_NOUN_8_ADJ_a,F,S,la pendule avec les jupes qui était là depuis hier est aussi très pointue <eos>,13,pointue,pointu,11,F,P,pointue,-8.168081,pointu,-11.847193,1
5180,S_NOUN_8_ADJ_a,F,S,la pendule avec les jupes qui était là depuis hier est aussi très ronde <eos>,13,ronde,rond,11,F,P,ronde,-10.273788,rond,-14.429499,1
5181,S_NOUN_8_ADJ_a,F,S,la pendule avec les jupes qui était là depuis hier est aussi très froide <eos>,13,froide,froid,11,F,P,froide,-7.461912,froid,-11.339494,1
5182,S_NOUN_8_ADJ_a,F,S,la pendule avec les jupes qui était là depuis hier est aussi très chaude <eos>,13,chaude,chaud,11,F,P,chaude,-6.0198317,chaud,-10.608601,1
5183,S_NOUN_8_ADJ_a,F,S,la pendule avec les jupes qui était là depuis hier est aussi très importante <eos>,13,importante,important,11,F,P,importante,-4.6842847,important,-8.65196,1
5184,S_NOUN_8_ADJ_a,F,S,la pendule avec les jupes qui était là depuis hier est aussi très courte <eos>,13,courte,court,11,F,P,courte,-5.27569,court,-7.462411,1
5185,S_NOUN_8_ADJ_a,F,S,la pendule avec les jupes qui était là depuis hier est aussi très dure <eos>,13,dure,dur,11,F,P,dure,-6.6557045,dur,-8.431997,1
5186,S_NOUN_8_ADJ_a,F,S,la pendule avec les jupes qui était là depuis hier est aussi très claire <eos>,13,claire,clair,11,F,P,claire,-5.605666,clair,-9.385441,1
5187,S_NOUN_8_ADJ_a,F,S,la pendule avec les jupes qui était là depuis hier est aussi très intéressante <eos>,13,intéressante,intéressant,11,F,P,intéressante,-5.9026036,intéressant,-9.38217,1
5188,S_NOUN_8_ADJ_a,F,S,la pendule avec les jupes qui était là depuis hier est aussi très brillante <eos>,13,brillante,brillant,11,F,P,brillante,-6.6466885,brillant,-10.77387,1
5189,S_NOUN_8_ADJ_a,F,S,la pendule avec les jupes qui était là depuis hier est aussi très compliquée <eos>,13,compliquée,compliqué,11,F,P,compliquée,-5.550169,compliqué,-8.387818,1
5190,S_NOUN_8_ADJ_a,F,S,la pendule avec les colles qui était là depuis hier est aussi très verte <eos>,13,verte,vert,11,F,P,verte,-9.569554,vert,-12.207887,1
5191,S_NOUN_8_ADJ_a,F,S,la pendule avec les colles qui était là depuis hier est aussi très bleue <eos>,13,bleue,bleu,11,F,P,bleue,-12.321195,bleu,-12.947127,1
5192,S_NOUN_8_ADJ_a,F,S,la pendule avec les colles qui était là depuis hier est aussi très noire <eos>,13,noire,noir,11,F,P,noire,-8.987166,noir,-13.462454,1
5193,S_NOUN_8_ADJ_a,F,S,la pendule avec les colles qui était là depuis hier est aussi très délicate <eos>,13,délicate,délicat,11,F,P,délicate,-5.7431226,délicat,-10.113043,1
5194,S_NOUN_8_ADJ_a,F,S,la pendule avec les colles qui était là depuis hier est aussi très pointue <eos>,13,pointue,pointu,11,F,P,pointue,-9.17562,pointu,-12.992018,1
5195,S_NOUN_8_ADJ_a,F,S,la pendule avec les colles qui était là depuis hier est aussi très ronde <eos>,13,ronde,rond,11,F,P,ronde,-11.4218445,rond,-15.277602,1
5196,S_NOUN_8_ADJ_a,F,S,la pendule avec les colles qui était là depuis hier est aussi très froide <eos>,13,froide,froid,11,F,P,froide,-6.5137935,froid,-10.337482,1
5197,S_NOUN_8_ADJ_a,F,S,la pendule avec les colles qui était là depuis hier est aussi très chaude <eos>,13,chaude,chaud,11,F,P,chaude,-4.963539,chaud,-9.6307955,1
5198,S_NOUN_8_ADJ_a,F,S,la pendule avec les colles qui était là depuis hier est aussi très importante <eos>,13,importante,important,11,F,P,importante,-4.015756,important,-8.0808525,1
5199,S_NOUN_8_ADJ_a,F,S,la pendule avec les colles qui était là depuis hier est aussi très courte <eos>,13,courte,court,11,F,P,courte,-6.530382,court,-8.651267,1
5200,S_NOUN_8_ADJ_a,F,S,la pendule avec les colles qui était là depuis hier est aussi très dure <eos>,13,dure,dur,11,F,P,dure,-6.7284703,dur,-8.078644,1
5201,S_NOUN_8_ADJ_a,F,S,la pendule avec les colles qui était là depuis hier est aussi très claire <eos>,13,claire,clair,11,F,P,claire,-5.7985883,clair,-9.535265,1
5202,S_NOUN_8_ADJ_a,F,S,la pendule avec les colles qui était là depuis hier est aussi très intéressante <eos>,13,intéressante,intéressant,11,F,P,intéressante,-5.6653886,intéressant,-9.026609,1
5203,S_NOUN_8_ADJ_a,F,S,la pendule avec les colles qui était là depuis hier est aussi très brillante <eos>,13,brillante,brillant,11,F,P,brillante,-6.6135974,brillant,-10.584675,1
5204,S_NOUN_8_ADJ_a,F,S,la pendule avec les colles qui était là depuis hier est aussi très compliquée <eos>,13,compliquée,compliqué,11,F,P,compliquée,-5.417324,compliqué,-8.514821,1
5205,S_NOUN_8_ADJ_a,F,S,la pendule avec les lampes qui était là depuis hier est aussi très verte <eos>,13,verte,vert,11,F,P,verte,-8.991651,vert,-11.519043,1
5206,S_NOUN_8_ADJ_a,F,S,la pendule avec les lampes qui était là depuis hier est aussi très bleue <eos>,13,bleue,bleu,11,F,P,bleue,-11.760075,bleu,-12.339385,1
5207,S_NOUN_8_ADJ_a,F,S,la pendule avec les lampes qui était là depuis hier est aussi très noire <eos>,13,noire,noir,11,F,P,noire,-8.074998,noir,-12.581063,1
5208,S_NOUN_8_ADJ_a,F,S,la pendule avec les lampes qui était là depuis hier est aussi très délicate <eos>,13,délicate,délicat,11,F,P,délicate,-6.1084347,délicat,-10.463295,1
5209,S_NOUN_8_ADJ_a,F,S,la pendule avec les lampes qui était là depuis hier est aussi très pointue <eos>,13,pointue,pointu,11,F,P,pointue,-8.712468,pointu,-12.726364,1
5210,S_NOUN_8_ADJ_a,F,S,la pendule avec les lampes qui était là depuis hier est aussi très ronde <eos>,13,ronde,rond,11,F,P,ronde,-10.82746,rond,-15.157973,1
5211,S_NOUN_8_ADJ_a,F,S,la pendule avec les lampes qui était là depuis hier est aussi très froide <eos>,13,froide,froid,11,F,P,froide,-6.8817863,froid,-10.638076,1
5212,S_NOUN_8_ADJ_a,F,S,la pendule avec les lampes qui était là depuis hier est aussi très chaude <eos>,13,chaude,chaud,11,F,P,chaude,-5.0068817,chaud,-9.65396,1
5213,S_NOUN_8_ADJ_a,F,S,la pendule avec les lampes qui était là depuis hier est aussi très importante <eos>,13,importante,important,11,F,P,importante,-4.4480124,important,-8.586455,1
5214,S_NOUN_8_ADJ_a,F,S,la pendule avec les lampes qui était là depuis hier est aussi très courte <eos>,13,courte,court,11,F,P,courte,-5.9733543,court,-8.060085,1
5215,S_NOUN_8_ADJ_a,F,S,la pendule avec les lampes qui était là depuis hier est aussi très dure <eos>,13,dure,dur,11,F,P,dure,-6.5526204,dur,-8.306065,1
5216,S_NOUN_8_ADJ_a,F,S,la pendule avec les lampes qui était là depuis hier est aussi très claire <eos>,13,claire,clair,11,F,P,claire,-5.7398787,clair,-9.482202,1
5217,S_NOUN_8_ADJ_a,F,S,la pendule avec les lampes qui était là depuis hier est aussi très intéressante <eos>,13,intéressante,intéressant,11,F,P,intéressante,-5.6973,intéressant,-9.205715,1
5218,S_NOUN_8_ADJ_a,F,S,la pendule avec les lampes qui était là depuis hier est aussi très brillante <eos>,13,brillante,brillant,11,F,P,brillante,-5.9067383,brillant,-10.316824,1
5219,S_NOUN_8_ADJ_a,F,S,la pendule avec les lampes qui était là depuis hier est aussi très compliquée <eos>,13,compliquée,compliqué,11,F,P,compliquée,-5.5096035,compliqué,-8.678879,1
5220,S_NOUN_8_ADJ_a,F,S,la pendule avec les bouteilles qui était là depuis hier est aussi très verte <eos>,13,verte,vert,11,F,P,verte,-9.354252,vert,-11.493864,1
5221,S_NOUN_8_ADJ_a,F,S,la pendule avec les bouteilles qui était là depuis hier est aussi très bleue <eos>,13,bleue,bleu,11,F,P,bleue,-12.253855,bleu,-12.584717,1
5222,S_NOUN_8_ADJ_a,F,S,la pendule avec les bouteilles qui était là depuis hier est aussi très noire <eos>,13,noire,noir,11,F,P,noire,-8.494235,noir,-12.374206,1
5223,S_NOUN_8_ADJ_a,F,S,la pendule avec les bouteilles qui était là depuis hier est aussi très délicate <eos>,13,délicate,délicat,11,F,P,délicate,-5.9401326,délicat,-10.060932,1
5224,S_NOUN_8_ADJ_a,F,S,la pendule avec les bouteilles qui était là depuis hier est aussi très pointue <eos>,13,pointue,pointu,11,F,P,pointue,-9.093945,pointu,-12.568684,1
5225,S_NOUN_8_ADJ_a,F,S,la pendule avec les bouteilles qui était là depuis hier est aussi très ronde <eos>,13,ronde,rond,11,F,P,ronde,-10.73845,rond,-14.520193,1
5226,S_NOUN_8_ADJ_a,F,S,la pendule avec les bouteilles qui était là depuis hier est aussi très froide <eos>,13,froide,froid,11,F,P,froide,-6.9152308,froid,-10.208037,1
5227,S_NOUN_8_ADJ_a,F,S,la pendule avec les bouteilles qui était là depuis hier est aussi très chaude <eos>,13,chaude,chaud,11,F,P,chaude,-4.9307995,chaud,-9.34979,1
5228,S_NOUN_8_ADJ_a,F,S,la pendule avec les bouteilles qui était là depuis hier est aussi très importante <eos>,13,importante,important,11,F,P,importante,-3.8488455,important,-7.7010794,1
5229,S_NOUN_8_ADJ_a,F,S,la pendule avec les bouteilles qui était là depuis hier est aussi très courte <eos>,13,courte,court,11,F,P,courte,-6.2277794,court,-8.175847,1
5230,S_NOUN_8_ADJ_a,F,S,la pendule avec les bouteilles qui était là depuis hier est aussi très dure <eos>,13,dure,dur,11,F,P,dure,-6.659169,dur,-8.124723,1
5231,S_NOUN_8_ADJ_a,F,S,la pendule avec les bouteilles qui était là depuis hier est aussi très claire <eos>,13,claire,clair,11,F,P,claire,-5.5404105,clair,-9.138325,1
5232,S_NOUN_8_ADJ_a,F,S,la pendule avec les bouteilles qui était là depuis hier est aussi très intéressante <eos>,13,intéressante,intéressant,11,F,P,intéressante,-5.406701,intéressant,-8.530434,1
5233,S_NOUN_8_ADJ_a,F,S,la pendule avec les bouteilles qui était là depuis hier est aussi très brillante <eos>,13,brillante,brillant,11,F,P,brillante,-6.546898,brillant,-10.14009,1
5234,S_NOUN_8_ADJ_a,F,S,la pendule avec les bouteilles qui était là depuis hier est aussi très compliquée <eos>,13,compliquée,compliqué,11,F,P,compliquée,-5.979206,compliqué,-8.581556,1
5235,S_NOUN_8_ADJ_a,F,S,la pendule avec les boissons qui était là depuis hier est aussi très verte <eos>,13,verte,vert,11,F,P,verte,-9.308553,vert,-11.748565,1
5236,S_NOUN_8_ADJ_a,F,S,la pendule avec les boissons qui était là depuis hier est aussi très bleue <eos>,13,bleue,bleu,11,F,P,bleue,-12.166567,bleu,-12.810564,1
5237,S_NOUN_8_ADJ_a,F,S,la pendule avec les boissons qui était là depuis hier est aussi très noire <eos>,13,noire,noir,11,F,P,noire,-8.690737,noir,-12.937659,1
5238,S_NOUN_8_ADJ_a,F,S,la pendule avec les boissons qui était là depuis hier est aussi très délicate <eos>,13,délicate,délicat,11,F,P,délicate,-6.1540837,délicat,-10.055338,1
5239,S_NOUN_8_ADJ_a,F,S,la pendule avec les boissons qui était là depuis hier est aussi très pointue <eos>,13,pointue,pointu,11,F,P,pointue,-9.957751,pointu,-12.597685,1
5240,S_NOUN_8_ADJ_a,F,S,la pendule avec les boissons qui était là depuis hier est aussi très ronde <eos>,13,ronde,rond,11,F,P,ronde,-11.543102,rond,-15.246682,1
5241,S_NOUN_8_ADJ_a,F,S,la pendule avec les boissons qui était là depuis hier est aussi très froide <eos>,13,froide,froid,11,F,P,froide,-6.288689,froid,-9.492477,1
5242,S_NOUN_8_ADJ_a,F,S,la pendule avec les boissons qui était là depuis hier est aussi très chaude <eos>,13,chaude,chaud,11,F,P,chaude,-4.7915773,chaud,-8.894908,1
5243,S_NOUN_8_ADJ_a,F,S,la pendule avec les boissons qui était là depuis hier est aussi très importante <eos>,13,importante,important,11,F,P,importante,-3.7935839,important,-7.740264,1
5244,S_NOUN_8_ADJ_a,F,S,la pendule avec les boissons qui était là depuis hier est aussi très courte <eos>,13,courte,court,11,F,P,courte,-6.599318,court,-8.708423,1
5245,S_NOUN_8_ADJ_a,F,S,la pendule avec les boissons qui était là depuis hier est aussi très dure <eos>,13,dure,dur,11,F,P,dure,-6.5257664,dur,-8.548191,1
5246,S_NOUN_8_ADJ_a,F,S,la pendule avec les boissons qui était là depuis hier est aussi très claire <eos>,13,claire,clair,11,F,P,claire,-5.3591394,clair,-8.776876,1
5247,S_NOUN_8_ADJ_a,F,S,la pendule avec les boissons qui était là depuis hier est aussi très intéressante <eos>,13,intéressante,intéressant,11,F,P,intéressante,-5.984192,intéressant,-8.922577,1
5248,S_NOUN_8_ADJ_a,F,S,la pendule avec les boissons qui était là depuis hier est aussi très brillante <eos>,13,brillante,brillant,11,F,P,brillante,-7.2482185,brillant,-10.809395,1
5249,S_NOUN_8_ADJ_a,F,S,la pendule avec les boissons qui était là depuis hier est aussi très compliquée <eos>,13,compliquée,compliqué,11,F,P,compliquée,-6.621015,compliqué,-9.236674,1
5250,S_NOUN_8_ADJ_a,F,S,la pendule avec les pommes qui était là depuis hier est aussi très verte <eos>,13,verte,vert,11,F,P,verte,-9.187944,vert,-11.70505,1
5251,S_NOUN_8_ADJ_a,F,S,la pendule avec les pommes qui était là depuis hier est aussi très bleue <eos>,13,bleue,bleu,11,F,P,bleue,-12.095132,bleu,-12.771144,1
5252,S_NOUN_8_ADJ_a,F,S,la pendule avec les pommes qui était là depuis hier est aussi très noire <eos>,13,noire,noir,11,F,P,noire,-8.233872,noir,-12.699542,1
5253,S_NOUN_8_ADJ_a,F,S,la pendule avec les pommes qui était là depuis hier est aussi très délicate <eos>,13,délicate,délicat,11,F,P,délicate,-5.796005,délicat,-9.765898,1
5254,S_NOUN_8_ADJ_a,F,S,la pendule avec les pommes qui était là depuis hier est aussi très pointue <eos>,13,pointue,pointu,11,F,P,pointue,-8.870773,pointu,-12.260914,1
5255,S_NOUN_8_ADJ_a,F,S,la pendule avec les pommes qui était là depuis hier est aussi très ronde <eos>,13,ronde,rond,11,F,P,ronde,-10.817984,rond,-15.012617,1
5256,S_NOUN_8_ADJ_a,F,S,la pendule avec les pommes qui était là depuis hier est aussi très froide <eos>,13,froide,froid,11,F,P,froide,-6.0843134,froid,-9.448006,1
5257,S_NOUN_8_ADJ_a,F,S,la pendule avec les pommes qui était là depuis hier est aussi très chaude <eos>,13,chaude,chaud,11,F,P,chaude,-4.575464,chaud,-9.148117,1
5258,S_NOUN_8_ADJ_a,F,S,la pendule avec les pommes qui était là depuis hier est aussi très importante <eos>,13,importante,important,11,F,P,importante,-3.8460333,important,-8.138462,1
5259,S_NOUN_8_ADJ_a,F,S,la pendule avec les pommes qui était là depuis hier est aussi très courte <eos>,13,courte,court,11,F,P,courte,-6.095293,court,-8.40027,1
5260,S_NOUN_8_ADJ_a,F,S,la pendule avec les pommes qui était là depuis hier est aussi très dure <eos>,13,dure,dur,11,F,P,dure,-5.823492,dur,-7.960969,1
5261,S_NOUN_8_ADJ_a,F,S,la pendule avec les pommes qui était là depuis hier est aussi très claire <eos>,13,claire,clair,11,F,P,claire,-5.0780373,clair,-8.903378,1
5262,S_NOUN_8_ADJ_a,F,S,la pendule avec les pommes qui était là depuis hier est aussi très intéressante <eos>,13,intéressante,intéressant,11,F,P,intéressante,-5.826152,intéressant,-9.240549,1
5263,S_NOUN_8_ADJ_a,F,S,la pendule avec les pommes qui était là depuis hier est aussi très brillante <eos>,13,brillante,brillant,11,F,P,brillante,-6.602634,brillant,-10.63999,1
5264,S_NOUN_8_ADJ_a,F,S,la pendule avec les pommes qui était là depuis hier est aussi très compliquée <eos>,13,compliquée,compliqué,11,F,P,compliquée,-6.1990366,compliqué,-9.223779,1
5265,S_NOUN_8_ADJ_a,F,S,la pendule avec les tasses qui était là depuis hier est aussi très verte <eos>,13,verte,vert,11,F,P,verte,-9.483251,vert,-11.548259,1
5266,S_NOUN_8_ADJ_a,F,S,la pendule avec les tasses qui était là depuis hier est aussi très bleue <eos>,13,bleue,bleu,11,F,P,bleue,-12.255354,bleu,-12.533063,1
5267,S_NOUN_8_ADJ_a,F,S,la pendule avec les tasses qui était là depuis hier est aussi très noire <eos>,13,noire,noir,11,F,P,noire,-8.413109,noir,-12.8532505,1
5268,S_NOUN_8_ADJ_a,F,S,la pendule avec les tasses qui était là depuis hier est aussi très délicate <eos>,13,délicate,délicat,11,F,P,délicate,-6.0085526,délicat,-9.962938,1
5269,S_NOUN_8_ADJ_a,F,S,la pendule avec les tasses qui était là depuis hier est aussi très pointue <eos>,13,pointue,pointu,11,F,P,pointue,-8.669895,pointu,-12.318268,1
5270,S_NOUN_8_ADJ_a,F,S,la pendule avec les tasses qui était là depuis hier est aussi très ronde <eos>,13,ronde,rond,11,F,P,ronde,-10.155069,rond,-14.447513,1
5271,S_NOUN_8_ADJ_a,F,S,la pendule avec les tasses qui était là depuis hier est aussi très froide <eos>,13,froide,froid,11,F,P,froide,-6.4732294,froid,-10.453822,1
5272,S_NOUN_8_ADJ_a,F,S,la pendule avec les tasses qui était là depuis hier est aussi très chaude <eos>,13,chaude,chaud,11,F,P,chaude,-4.84921,chaud,-9.7453985,1
5273,S_NOUN_8_ADJ_a,F,S,la pendule avec les tasses qui était là depuis hier est aussi très importante <eos>,13,importante,important,11,F,P,importante,-3.9805553,important,-7.9588757,1
5274,S_NOUN_8_ADJ_a,F,S,la pendule avec les tasses qui était là depuis hier est aussi très courte <eos>,13,courte,court,11,F,P,courte,-5.854799,court,-7.901139,1
5275,S_NOUN_8_ADJ_a,F,S,la pendule avec les tasses qui était là depuis hier est aussi très dure <eos>,13,dure,dur,11,F,P,dure,-6.4215364,dur,-8.057201,1
5276,S_NOUN_8_ADJ_a,F,S,la pendule avec les tasses qui était là depuis hier est aussi très claire <eos>,13,claire,clair,11,F,P,claire,-5.566764,clair,-9.207487,1
5277,S_NOUN_8_ADJ_a,F,S,la pendule avec les tasses qui était là depuis hier est aussi très intéressante <eos>,13,intéressante,intéressant,11,F,P,intéressante,-5.4066525,intéressant,-8.881555,1
5278,S_NOUN_8_ADJ_a,F,S,la pendule avec les tasses qui était là depuis hier est aussi très brillante <eos>,13,brillante,brillant,11,F,P,brillante,-6.1011477,brillant,-10.264786,1
5279,S_NOUN_8_ADJ_a,F,S,la pendule avec les tasses qui était là depuis hier est aussi très compliquée <eos>,13,compliquée,compliqué,11,F,P,compliquée,-5.9552593,compliqué,-8.66852,1
5280,S_NOUN_8_ADJ_a,F,S,la pendule avec les bougies qui était là depuis hier est aussi très verte <eos>,13,verte,vert,11,F,P,verte,-9.047078,vert,-11.408919,1
5281,S_NOUN_8_ADJ_a,F,S,la pendule avec les bougies qui était là depuis hier est aussi très bleue <eos>,13,bleue,bleu,11,F,P,bleue,-11.666697,bleu,-12.135585,1
5282,S_NOUN_8_ADJ_a,F,S,la pendule avec les bougies qui était là depuis hier est aussi très noire <eos>,13,noire,noir,11,F,P,noire,-7.8845234,noir,-12.090901,1
5283,S_NOUN_8_ADJ_a,F,S,la pendule avec les bougies qui était là depuis hier est aussi très délicate <eos>,13,délicate,délicat,11,F,P,délicate,-6.286678,délicat,-9.895231,1
5284,S_NOUN_8_ADJ_a,F,S,la pendule avec les bougies qui était là depuis hier est aussi très pointue <eos>,13,pointue,pointu,11,F,P,pointue,-9.297714,pointu,-12.616453,1
5285,S_NOUN_8_ADJ_a,F,S,la pendule avec les bougies qui était là depuis hier est aussi très ronde <eos>,13,ronde,rond,11,F,P,ronde,-10.7148285,rond,-14.562878,1
5286,S_NOUN_8_ADJ_a,F,S,la pendule avec les bougies qui était là depuis hier est aussi très froide <eos>,13,froide,froid,11,F,P,froide,-6.524332,froid,-9.962551,1
5287,S_NOUN_8_ADJ_a,F,S,la pendule avec les bougies qui était là depuis hier est aussi très chaude <eos>,13,chaude,chaud,11,F,P,chaude,-4.7780867,chaud,-9.501958,1
5288,S_NOUN_8_ADJ_a,F,S,la pendule avec les bougies qui était là depuis hier est aussi très importante <eos>,13,importante,important,11,F,P,importante,-4.235037,important,-8.280202,1
5289,S_NOUN_8_ADJ_a,F,S,la pendule avec les bougies qui était là depuis hier est aussi très courte <eos>,13,courte,court,11,F,P,courte,-5.7896705,court,-7.867187,1
5290,S_NOUN_8_ADJ_a,F,S,la pendule avec les bougies qui était là depuis hier est aussi très dure <eos>,13,dure,dur,11,F,P,dure,-6.4279985,dur,-8.476099,1
5291,S_NOUN_8_ADJ_a,F,S,la pendule avec les bougies qui était là depuis hier est aussi très claire <eos>,13,claire,clair,11,F,P,claire,-5.2041636,clair,-8.8867,1
5292,S_NOUN_8_ADJ_a,F,S,la pendule avec les bougies qui était là depuis hier est aussi très intéressante <eos>,13,intéressante,intéressant,11,F,P,intéressante,-5.620083,intéressant,-9.066926,1
5293,S_NOUN_8_ADJ_a,F,S,la pendule avec les bougies qui était là depuis hier est aussi très brillante <eos>,13,brillante,brillant,11,F,P,brillante,-6.002741,brillant,-10.531579,1
5294,S_NOUN_8_ADJ_a,F,S,la pendule avec les bougies qui était là depuis hier est aussi très compliquée <eos>,13,compliquée,compliqué,11,F,P,compliquée,-6.2499385,compliqué,-8.934645,1
5295,S_NOUN_8_ADJ_a,F,S,la pendule avec les pochettes qui était là depuis hier est aussi très verte <eos>,13,verte,vert,11,F,P,verte,-9.209155,vert,-11.970478,1
5296,S_NOUN_8_ADJ_a,F,S,la pendule avec les pochettes qui était là depuis hier est aussi très bleue <eos>,13,bleue,bleu,11,F,P,bleue,-12.149007,bleu,-12.350694,1
5297,S_NOUN_8_ADJ_a,F,S,la pendule avec les pochettes qui était là depuis hier est aussi très noire <eos>,13,noire,noir,11,F,P,noire,-8.674981,noir,-12.655616,1
5298,S_NOUN_8_ADJ_a,F,S,la pendule avec les pochettes qui était là depuis hier est aussi très délicate <eos>,13,délicate,délicat,11,F,P,délicate,-7.0988264,délicat,-11.078209,1
5299,S_NOUN_8_ADJ_a,F,S,la pendule avec les pochettes qui était là depuis hier est aussi très pointue <eos>,13,pointue,pointu,11,F,P,pointue,-9.261591,pointu,-11.920512,1
5300,S_NOUN_8_ADJ_a,F,S,la pendule avec les pochettes qui était là depuis hier est aussi très ronde <eos>,13,ronde,rond,11,F,P,ronde,-11.614299,rond,-15.2358465,1
5301,S_NOUN_8_ADJ_a,F,S,la pendule avec les pochettes qui était là depuis hier est aussi très froide <eos>,13,froide,froid,11,F,P,froide,-8.48431,froid,-10.968706,1
5302,S_NOUN_8_ADJ_a,F,S,la pendule avec les pochettes qui était là depuis hier est aussi très chaude <eos>,13,chaude,chaud,11,F,P,chaude,-5.9778404,chaud,-10.942563,1
5303,S_NOUN_8_ADJ_a,F,S,la pendule avec les pochettes qui était là depuis hier est aussi très importante <eos>,13,importante,important,11,F,P,importante,-3.7609756,important,-7.8354807,1
5304,S_NOUN_8_ADJ_a,F,S,la pendule avec les pochettes qui était là depuis hier est aussi très courte <eos>,13,courte,court,11,F,P,courte,-5.6223445,court,-8.065096,1
5305,S_NOUN_8_ADJ_a,F,S,la pendule avec les pochettes qui était là depuis hier est aussi très dure <eos>,13,dure,dur,11,F,P,dure,-6.276247,dur,-8.17196,1
5306,S_NOUN_8_ADJ_a,F,S,la pendule avec les pochettes qui était là depuis hier est aussi très claire <eos>,13,claire,clair,11,F,P,claire,-5.310525,clair,-9.094526,1
5307,S_NOUN_8_ADJ_a,F,S,la pendule avec les pochettes qui était là depuis hier est aussi très intéressante <eos>,13,intéressante,intéressant,11,F,P,intéressante,-5.4605556,intéressant,-8.772072,1
5308,S_NOUN_8_ADJ_a,F,S,la pendule avec les pochettes qui était là depuis hier est aussi très brillante <eos>,13,brillante,brillant,11,F,P,brillante,-5.615363,brillant,-10.427354,1
5309,S_NOUN_8_ADJ_a,F,S,la pendule avec les pochettes qui était là depuis hier est aussi très compliquée <eos>,13,compliquée,compliqué,11,F,P,compliquée,-5.896273,compliqué,-9.558174,1
5310,S_NOUN_8_ADJ_a,F,S,la pendule avec les bananes qui était là depuis hier est aussi très verte <eos>,13,verte,vert,11,F,P,verte,-8.781907,vert,-11.971575,1
5311,S_NOUN_8_ADJ_a,F,S,la pendule avec les bananes qui était là depuis hier est aussi très bleue <eos>,13,bleue,bleu,11,F,P,bleue,-11.946008,bleu,-13.006181,1
5312,S_NOUN_8_ADJ_a,F,S,la pendule avec les bananes qui était là depuis hier est aussi très noire <eos>,13,noire,noir,11,F,P,noire,-8.265855,noir,-13.108872,1
5313,S_NOUN_8_ADJ_a,F,S,la pendule avec les bananes qui était là depuis hier est aussi très délicate <eos>,13,délicate,délicat,11,F,P,délicate,-6.256464,délicat,-10.116997,1
5314,S_NOUN_8_ADJ_a,F,S,la pendule avec les bananes qui était là depuis hier est aussi très pointue <eos>,13,pointue,pointu,11,F,P,pointue,-8.853071,pointu,-12.10318,1
5315,S_NOUN_8_ADJ_a,F,S,la pendule avec les bananes qui était là depuis hier est aussi très ronde <eos>,13,ronde,rond,11,F,P,ronde,-10.714294,rond,-15.201603,1
5316,S_NOUN_8_ADJ_a,F,S,la pendule avec les bananes qui était là depuis hier est aussi très froide <eos>,13,froide,froid,11,F,P,froide,-6.8408804,froid,-10.486309,1
5317,S_NOUN_8_ADJ_a,F,S,la pendule avec les bananes qui était là depuis hier est aussi très chaude <eos>,13,chaude,chaud,11,F,P,chaude,-5.3741236,chaud,-9.642789,1
5318,S_NOUN_8_ADJ_a,F,S,la pendule avec les bananes qui était là depuis hier est aussi très importante <eos>,13,importante,important,11,F,P,importante,-3.9583964,important,-8.175374,1
5319,S_NOUN_8_ADJ_a,F,S,la pendule avec les bananes qui était là depuis hier est aussi très courte <eos>,13,courte,court,11,F,P,courte,-6.1696978,court,-8.145755,1
5320,S_NOUN_8_ADJ_a,F,S,la pendule avec les bananes qui était là depuis hier est aussi très dure <eos>,13,dure,dur,11,F,P,dure,-6.1742725,dur,-7.9205866,1
5321,S_NOUN_8_ADJ_a,F,S,la pendule avec les bananes qui était là depuis hier est aussi très claire <eos>,13,claire,clair,11,F,P,claire,-5.4129996,clair,-9.316703,1
5322,S_NOUN_8_ADJ_a,F,S,la pendule avec les bananes qui était là depuis hier est aussi très intéressante <eos>,13,intéressante,intéressant,11,F,P,intéressante,-5.797535,intéressant,-9.2989645,1
5323,S_NOUN_8_ADJ_a,F,S,la pendule avec les bananes qui était là depuis hier est aussi très brillante <eos>,13,brillante,brillant,11,F,P,brillante,-6.7612147,brillant,-10.77203,1
5324,S_NOUN_8_ADJ_a,F,S,la pendule avec les bananes qui était là depuis hier est aussi très compliquée <eos>,13,compliquée,compliqué,11,F,P,compliquée,-6.2903214,compliqué,-8.961144,1
5325,S_NOUN_8_ADJ_a,F,S,la pendule avec les robes qui était là depuis hier est aussi très verte <eos>,13,verte,vert,11,F,P,verte,-9.039412,vert,-11.702875,1
5326,S_NOUN_8_ADJ_a,F,S,la pendule avec les robes qui était là depuis hier est aussi très bleue <eos>,13,bleue,bleu,11,F,P,bleue,-11.298016,bleu,-12.118885,1
5327,S_NOUN_8_ADJ_a,F,S,la pendule avec les robes qui était là depuis hier est aussi très noire <eos>,13,noire,noir,11,F,P,noire,-7.5594597,noir,-12.314488,1
5328,S_NOUN_8_ADJ_a,F,S,la pendule avec les robes qui était là depuis hier est aussi très délicate <eos>,13,délicate,délicat,11,F,P,délicate,-6.996618,délicat,-10.699919,1
5329,S_NOUN_8_ADJ_a,F,S,la pendule avec les robes qui était là depuis hier est aussi très pointue <eos>,13,pointue,pointu,11,F,P,pointue,-9.507862,pointu,-12.326342,1
5330,S_NOUN_8_ADJ_a,F,S,la pendule avec les robes qui était là depuis hier est aussi très ronde <eos>,13,ronde,rond,11,F,P,ronde,-11.154793,rond,-14.849192,1
5331,S_NOUN_8_ADJ_a,F,S,la pendule avec les robes qui était là depuis hier est aussi très froide <eos>,13,froide,froid,11,F,P,froide,-7.303817,froid,-10.761936,1
5332,S_NOUN_8_ADJ_a,F,S,la pendule avec les robes qui était là depuis hier est aussi très chaude <eos>,13,chaude,chaud,11,F,P,chaude,-5.9190254,chaud,-10.221708,1
5333,S_NOUN_8_ADJ_a,F,S,la pendule avec les robes qui était là depuis hier est aussi très importante <eos>,13,importante,important,11,F,P,importante,-4.519724,important,-8.367375,1
5334,S_NOUN_8_ADJ_a,F,S,la pendule avec les robes qui était là depuis hier est aussi très courte <eos>,13,courte,court,11,F,P,courte,-5.7606487,court,-7.923188,1
5335,S_NOUN_8_ADJ_a,F,S,la pendule avec les robes qui était là depuis hier est aussi très dure <eos>,13,dure,dur,11,F,P,dure,-6.863543,dur,-9.232225,1
5336,S_NOUN_8_ADJ_a,F,S,la pendule avec les robes qui était là depuis hier est aussi très claire <eos>,13,claire,clair,11,F,P,claire,-5.5441446,clair,-8.845808,1
5337,S_NOUN_8_ADJ_a,F,S,la pendule avec les robes qui était là depuis hier est aussi très intéressante <eos>,13,intéressante,intéressant,11,F,P,intéressante,-5.9865627,intéressant,-9.238197,1
5338,S_NOUN_8_ADJ_a,F,S,la pendule avec les robes qui était là depuis hier est aussi très brillante <eos>,13,brillante,brillant,11,F,P,brillante,-6.389348,brillant,-10.863187,1
5339,S_NOUN_8_ADJ_a,F,S,la pendule avec les robes qui était là depuis hier est aussi très compliquée <eos>,13,compliquée,compliqué,11,F,P,compliquée,-6.504798,compliqué,-9.1228075,1
5340,S_NOUN_8_ADJ_a,F,S,la pendule avec les valises qui était là depuis hier est aussi très verte <eos>,13,verte,vert,11,F,P,verte,-9.745697,vert,-12.40193,1
5341,S_NOUN_8_ADJ_a,F,S,la pendule avec les valises qui était là depuis hier est aussi très bleue <eos>,13,bleue,bleu,11,F,P,bleue,-12.622828,bleu,-13.16177,1
5342,S_NOUN_8_ADJ_a,F,S,la pendule avec les valises qui était là depuis hier est aussi très noire <eos>,13,noire,noir,11,F,P,noire,-8.819879,noir,-13.158286,1
5343,S_NOUN_8_ADJ_a,F,S,la pendule avec les valises qui était là depuis hier est aussi très délicate <eos>,13,délicate,délicat,11,F,P,délicate,-6.222913,délicat,-10.56845,1
5344,S_NOUN_8_ADJ_a,F,S,la pendule avec les valises qui était là depuis hier est aussi très pointue <eos>,13,pointue,pointu,11,F,P,pointue,-9.106287,pointu,-12.628583,1
5345,S_NOUN_8_ADJ_a,F,S,la pendule avec les valises qui était là depuis hier est aussi très ronde <eos>,13,ronde,rond,11,F,P,ronde,-10.903257,rond,-15.258951,1
5346,S_NOUN_8_ADJ_a,F,S,la pendule avec les valises qui était là depuis hier est aussi très froide <eos>,13,froide,froid,11,F,P,froide,-6.9855676,froid,-10.599026,1
5347,S_NOUN_8_ADJ_a,F,S,la pendule avec les valises qui était là depuis hier est aussi très chaude <eos>,13,chaude,chaud,11,F,P,chaude,-5.2257395,chaud,-9.748676,1
5348,S_NOUN_8_ADJ_a,F,S,la pendule avec les valises qui était là depuis hier est aussi très importante <eos>,13,importante,important,11,F,P,importante,-3.7262943,important,-7.7545547,1
5349,S_NOUN_8_ADJ_a,F,S,la pendule avec les valises qui était là depuis hier est aussi très courte <eos>,13,courte,court,11,F,P,courte,-6.0091133,court,-8.250009,1
5350,S_NOUN_8_ADJ_a,F,S,la pendule avec les valises qui était là depuis hier est aussi très dure <eos>,13,dure,dur,11,F,P,dure,-6.7513876,dur,-8.351123,1
5351,S_NOUN_8_ADJ_a,F,S,la pendule avec les valises qui était là depuis hier est aussi très claire <eos>,13,claire,clair,11,F,P,claire,-6.0701246,clair,-9.845028,1
5352,S_NOUN_8_ADJ_a,F,S,la pendule avec les valises qui était là depuis hier est aussi très intéressante <eos>,13,intéressante,intéressant,11,F,P,intéressante,-5.2061505,intéressant,-8.649794,1
5353,S_NOUN_8_ADJ_a,F,S,la pendule avec les valises qui était là depuis hier est aussi très brillante <eos>,13,brillante,brillant,11,F,P,brillante,-6.848683,brillant,-10.971104,1
5354,S_NOUN_8_ADJ_a,F,S,la pendule avec les valises qui était là depuis hier est aussi très compliquée <eos>,13,compliquée,compliqué,11,F,P,compliquée,-5.8284774,compliqué,-8.49449,1
5355,S_NOUN_8_ADJ_a,F,S,la pendule avec les pendules qui était là depuis hier est aussi très verte <eos>,13,verte,vert,11,F,P,verte,-9.143042,vert,-11.750968,1
5356,S_NOUN_8_ADJ_a,F,S,la pendule avec les pendules qui était là depuis hier est aussi très bleue <eos>,13,bleue,bleu,11,F,P,bleue,-11.88151,bleu,-12.508654,1
5357,S_NOUN_8_ADJ_a,F,S,la pendule avec les pendules qui était là depuis hier est aussi très noire <eos>,13,noire,noir,11,F,P,noire,-8.277164,noir,-12.658846,1
5358,S_NOUN_8_ADJ_a,F,S,la pendule avec les pendules qui était là depuis hier est aussi très délicate <eos>,13,délicate,délicat,11,F,P,délicate,-6.1267505,délicat,-10.35107,1
5359,S_NOUN_8_ADJ_a,F,S,la pendule avec les pendules qui était là depuis hier est aussi très pointue <eos>,13,pointue,pointu,11,F,P,pointue,-9.026747,pointu,-12.817957,1
5360,S_NOUN_8_ADJ_a,F,S,la pendule avec les pendules qui était là depuis hier est aussi très ronde <eos>,13,ronde,rond,11,F,P,ronde,-11.1331625,rond,-15.332505,1
5361,S_NOUN_8_ADJ_a,F,S,la pendule avec les pendules qui était là depuis hier est aussi très froide <eos>,13,froide,froid,11,F,P,froide,-7.4594126,froid,-10.751815,1
5362,S_NOUN_8_ADJ_a,F,S,la pendule avec les pendules qui était là depuis hier est aussi très chaude <eos>,13,chaude,chaud,11,F,P,chaude,-5.5552845,chaud,-9.97385,1
5363,S_NOUN_8_ADJ_a,F,S,la pendule avec les pendules qui était là depuis hier est aussi très importante <eos>,13,importante,important,11,F,P,importante,-4.447423,important,-8.490004,1
5364,S_NOUN_8_ADJ_a,F,S,la pendule avec les pendules qui était là depuis hier est aussi très courte <eos>,13,courte,court,11,F,P,courte,-5.9736495,court,-8.273438,1
5365,S_NOUN_8_ADJ_a,F,S,la pendule avec les pendules qui était là depuis hier est aussi très dure <eos>,13,dure,dur,11,F,P,dure,-6.773947,dur,-8.52815,1
5366,S_NOUN_8_ADJ_a,F,S,la pendule avec les pendules qui était là depuis hier est aussi très claire <eos>,13,claire,clair,11,F,P,claire,-5.6369805,clair,-9.369354,1
5367,S_NOUN_8_ADJ_a,F,S,la pendule avec les pendules qui était là depuis hier est aussi très intéressante <eos>,13,intéressante,intéressant,11,F,P,intéressante,-5.6906,intéressant,-9.125052,1
5368,S_NOUN_8_ADJ_a,F,S,la pendule avec les pendules qui était là depuis hier est aussi très brillante <eos>,13,brillante,brillant,11,F,P,brillante,-6.7545843,brillant,-10.723501,1
5369,S_NOUN_8_ADJ_a,F,S,la pendule avec les pendules qui était là depuis hier est aussi très compliquée <eos>,13,compliquée,compliqué,11,F,P,compliquée,-5.4608493,compliqué,-8.38811,1
5370,S_NOUN_8_ADJ_a,F,S,la pendule avec les cloches qui était là depuis hier est aussi très verte <eos>,13,verte,vert,11,F,P,verte,-9.14806,vert,-11.474302,1
5371,S_NOUN_8_ADJ_a,F,S,la pendule avec les cloches qui était là depuis hier est aussi très bleue <eos>,13,bleue,bleu,11,F,P,bleue,-11.740401,bleu,-12.4436455,1
5372,S_NOUN_8_ADJ_a,F,S,la pendule avec les cloches qui était là depuis hier est aussi très noire <eos>,13,noire,noir,11,F,P,noire,-8.052464,noir,-12.955425,1
5373,S_NOUN_8_ADJ_a,F,S,la pendule avec les cloches qui était là depuis hier est aussi très délicate <eos>,13,délicate,délicat,11,F,P,délicate,-5.9784174,délicat,-10.03065,1
5374,S_NOUN_8_ADJ_a,F,S,la pendule avec les cloches qui était là depuis hier est aussi très pointue <eos>,13,pointue,pointu,11,F,P,pointue,-9.3151455,pointu,-12.925371,1
5375,S_NOUN_8_ADJ_a,F,S,la pendule avec les cloches qui était là depuis hier est aussi très ronde <eos>,13,ronde,rond,11,F,P,ronde,-10.662607,rond,-15.221895,1
5376,S_NOUN_8_ADJ_a,F,S,la pendule avec les cloches qui était là depuis hier est aussi très froide <eos>,13,froide,froid,11,F,P,froide,-6.7758017,froid,-10.265025,1
5377,S_NOUN_8_ADJ_a,F,S,la pendule avec les cloches qui était là depuis hier est aussi très chaude <eos>,13,chaude,chaud,11,F,P,chaude,-4.6585016,chaud,-9.600946,1
5378,S_NOUN_8_ADJ_a,F,S,la pendule avec les cloches qui était là depuis hier est aussi très importante <eos>,13,importante,important,11,F,P,importante,-4.145857,important,-8.280352,1
5379,S_NOUN_8_ADJ_a,F,S,la pendule avec les cloches qui était là depuis hier est aussi très courte <eos>,13,courte,court,11,F,P,courte,-5.920626,court,-8.231913,1
5380,S_NOUN_8_ADJ_a,F,S,la pendule avec les cloches qui était là depuis hier est aussi très dure <eos>,13,dure,dur,11,F,P,dure,-5.860332,dur,-8.005302,1
5381,S_NOUN_8_ADJ_a,F,S,la pendule avec les cloches qui était là depuis hier est aussi très claire <eos>,13,claire,clair,11,F,P,claire,-5.4551344,clair,-8.98806,1
5382,S_NOUN_8_ADJ_a,F,S,la pendule avec les cloches qui était là depuis hier est aussi très intéressante <eos>,13,intéressante,intéressant,11,F,P,intéressante,-5.5805483,intéressant,-8.984495,1
5383,S_NOUN_8_ADJ_a,F,S,la pendule avec les cloches qui était là depuis hier est aussi très brillante <eos>,13,brillante,brillant,11,F,P,brillante,-5.947646,brillant,-10.360416,1
5384,S_NOUN_8_ADJ_a,F,S,la pendule avec les cloches qui était là depuis hier est aussi très compliquée <eos>,13,compliquée,compliqué,11,F,P,compliquée,-6.059484,compliqué,-8.820501,1
5385,S_NOUN_8_ADJ_a,F,S,la pendule avec les cerises qui était là depuis hier est aussi très verte <eos>,13,verte,vert,11,F,P,verte,-9.30772,vert,-11.865728,1
5386,S_NOUN_8_ADJ_a,F,S,la pendule avec les cerises qui était là depuis hier est aussi très bleue <eos>,13,bleue,bleu,11,F,P,bleue,-12.253828,bleu,-12.75292,1
5387,S_NOUN_8_ADJ_a,F,S,la pendule avec les cerises qui était là depuis hier est aussi très noire <eos>,13,noire,noir,11,F,P,noire,-8.162981,noir,-12.862181,1
5388,S_NOUN_8_ADJ_a,F,S,la pendule avec les cerises qui était là depuis hier est aussi très délicate <eos>,13,délicate,délicat,11,F,P,délicate,-5.951701,délicat,-9.61691,1
5389,S_NOUN_8_ADJ_a,F,S,la pendule avec les cerises qui était là depuis hier est aussi très pointue <eos>,13,pointue,pointu,11,F,P,pointue,-8.978966,pointu,-12.296059,1
5390,S_NOUN_8_ADJ_a,F,S,la pendule avec les cerises qui était là depuis hier est aussi très ronde <eos>,13,ronde,rond,11,F,P,ronde,-10.57407,rond,-14.756728,1
5391,S_NOUN_8_ADJ_a,F,S,la pendule avec les cerises qui était là depuis hier est aussi très froide <eos>,13,froide,froid,11,F,P,froide,-6.802903,froid,-10.22109,1
5392,S_NOUN_8_ADJ_a,F,S,la pendule avec les cerises qui était là depuis hier est aussi très chaude <eos>,13,chaude,chaud,11,F,P,chaude,-5.315544,chaud,-9.71016,1
5393,S_NOUN_8_ADJ_a,F,S,la pendule avec les cerises qui était là depuis hier est aussi très importante <eos>,13,importante,important,11,F,P,importante,-3.9157374,important,-8.107151,1
5394,S_NOUN_8_ADJ_a,F,S,la pendule avec les cerises qui était là depuis hier est aussi très courte <eos>,13,courte,court,11,F,P,courte,-5.868867,court,-8.321342,1
5395,S_NOUN_8_ADJ_a,F,S,la pendule avec les cerises qui était là depuis hier est aussi très dure <eos>,13,dure,dur,11,F,P,dure,-6.1342688,dur,-8.238142,1
5396,S_NOUN_8_ADJ_a,F,S,la pendule avec les cerises qui était là depuis hier est aussi très claire <eos>,13,claire,clair,11,F,P,claire,-5.119995,clair,-9.11864,1
5397,S_NOUN_8_ADJ_a,F,S,la pendule avec les cerises qui était là depuis hier est aussi très intéressante <eos>,13,intéressante,intéressant,11,F,P,intéressante,-5.772498,intéressant,-9.184331,1
5398,S_NOUN_8_ADJ_a,F,S,la pendule avec les cerises qui était là depuis hier est aussi très brillante <eos>,13,brillante,brillant,11,F,P,brillante,-6.3514643,brillant,-10.699581,1
5399,S_NOUN_8_ADJ_a,F,S,la pendule avec les cerises qui était là depuis hier est aussi très compliquée <eos>,13,compliquée,compliqué,11,F,P,compliquée,-6.3020678,compliqué,-9.304783,1
5400,S_NOUN_8_ADJ_a,F,S,la cloche avec les gemmes qui était là depuis hier est aussi très verte <eos>,13,verte,vert,11,F,P,verte,-9.409893,vert,-11.439896,1
5401,S_NOUN_8_ADJ_a,F,S,la cloche avec les gemmes qui était là depuis hier est aussi très bleue <eos>,13,bleue,bleu,11,F,P,bleue,-11.295974,bleu,-12.348531,1
5402,S_NOUN_8_ADJ_a,F,S,la cloche avec les gemmes qui était là depuis hier est aussi très noire <eos>,13,noire,noir,11,F,P,noire,-8.285839,noir,-12.582779,1
5403,S_NOUN_8_ADJ_a,F,S,la cloche avec les gemmes qui était là depuis hier est aussi très délicate <eos>,13,délicate,délicat,11,F,P,délicate,-6.2646832,délicat,-9.763517,1
5404,S_NOUN_8_ADJ_a,F,S,la cloche avec les gemmes qui était là depuis hier est aussi très pointue <eos>,13,pointue,pointu,11,F,P,pointue,-10.159668,pointu,-13.548699,1
5405,S_NOUN_8_ADJ_a,F,S,la cloche avec les gemmes qui était là depuis hier est aussi très ronde <eos>,13,ronde,rond,11,F,P,ronde,-10.840548,rond,-15.199653,1
5406,S_NOUN_8_ADJ_a,F,S,la cloche avec les gemmes qui était là depuis hier est aussi très froide <eos>,13,froide,froid,11,F,P,froide,-8.3898535,froid,-11.473259,1
5407,S_NOUN_8_ADJ_a,F,S,la cloche avec les gemmes qui était là depuis hier est aussi très chaude <eos>,13,chaude,chaud,11,F,P,chaude,-6.5050945,chaud,-11.497125,1
5408,S_NOUN_8_ADJ_a,F,S,la cloche avec les gemmes qui était là depuis hier est aussi très importante <eos>,13,importante,important,11,F,P,importante,-4.164679,important,-8.090769,1
5409,S_NOUN_8_ADJ_a,F,S,la cloche avec les gemmes qui était là depuis hier est aussi très courte <eos>,13,courte,court,11,F,P,courte,-6.009082,court,-7.8035088,1
5410,S_NOUN_8_ADJ_a,F,S,la cloche avec les gemmes qui était là depuis hier est aussi très dure <eos>,13,dure,dur,11,F,P,dure,-7.016692,dur,-8.632059,1
5411,S_NOUN_8_ADJ_a,F,S,la cloche avec les gemmes qui était là depuis hier est aussi très claire <eos>,13,claire,clair,11,F,P,claire,-5.820267,clair,-9.134237,1
5412,S_NOUN_8_ADJ_a,F,S,la cloche avec les gemmes qui était là depuis hier est aussi très intéressante <eos>,13,intéressante,intéressant,11,F,P,intéressante,-4.954901,intéressant,-8.90052,1
5413,S_NOUN_8_ADJ_a,F,S,la cloche avec les gemmes qui était là depuis hier est aussi très brillante <eos>,13,brillante,brillant,11,F,P,brillante,-6.5234346,brillant,-10.69756,1
5414,S_NOUN_8_ADJ_a,F,S,la cloche avec les gemmes qui était là depuis hier est aussi très compliquée <eos>,13,compliquée,compliqué,11,F,P,compliquée,-6.9614496,compliqué,-9.401643,1
5415,S_NOUN_8_ADJ_a,F,S,la cloche avec les chaises qui était là depuis hier est aussi très verte <eos>,13,verte,vert,11,F,P,verte,-8.9868355,vert,-11.141449,1
5416,S_NOUN_8_ADJ_a,F,S,la cloche avec les chaises qui était là depuis hier est aussi très bleue <eos>,13,bleue,bleu,11,F,P,bleue,-11.18376,bleu,-11.974538,1
5417,S_NOUN_8_ADJ_a,F,S,la cloche avec les chaises qui était là depuis hier est aussi très noire <eos>,13,noire,noir,11,F,P,noire,-8.055208,noir,-12.588688,1
5418,S_NOUN_8_ADJ_a,F,S,la cloche avec les chaises qui était là depuis hier est aussi très délicate <eos>,13,délicate,délicat,11,F,P,délicate,-6.672455,délicat,-9.82904,1
5419,S_NOUN_8_ADJ_a,F,S,la cloche avec les chaises qui était là depuis hier est aussi très pointue <eos>,13,pointue,pointu,11,F,P,pointue,-9.711149,pointu,-12.827651,1
5420,S_NOUN_8_ADJ_a,F,S,la cloche avec les chaises qui était là depuis hier est aussi très ronde <eos>,13,ronde,rond,11,F,P,ronde,-9.685403,rond,-14.067972,1
5421,S_NOUN_8_ADJ_a,F,S,la cloche avec les chaises qui était là depuis hier est aussi très froide <eos>,13,froide,froid,11,F,P,froide,-8.641682,froid,-12.110393,1
5422,S_NOUN_8_ADJ_a,F,S,la cloche avec les chaises qui était là depuis hier est aussi très chaude <eos>,13,chaude,chaud,11,F,P,chaude,-6.2384787,chaud,-11.74278,1
5423,S_NOUN_8_ADJ_a,F,S,la cloche avec les chaises qui était là depuis hier est aussi très importante <eos>,13,importante,important,11,F,P,importante,-4.3676486,important,-8.167364,1
5424,S_NOUN_8_ADJ_a,F,S,la cloche avec les chaises qui était là depuis hier est aussi très courte <eos>,13,courte,court,11,F,P,courte,-5.4788322,court,-7.164997,1
5425,S_NOUN_8_ADJ_a,F,S,la cloche avec les chaises qui était là depuis hier est aussi très dure <eos>,13,dure,dur,11,F,P,dure,-6.4854784,dur,-8.75077,1
5426,S_NOUN_8_ADJ_a,F,S,la cloche avec les chaises qui était là depuis hier est aussi très claire <eos>,13,claire,clair,11,F,P,claire,-6.1994724,clair,-9.4426775,1
5427,S_NOUN_8_ADJ_a,F,S,la cloche avec les chaises qui était là depuis hier est aussi très intéressante <eos>,13,intéressante,intéressant,11,F,P,intéressante,-4.9624386,intéressant,-8.578781,1
5428,S_NOUN_8_ADJ_a,F,S,la cloche avec les chaises qui était là depuis hier est aussi très brillante <eos>,13,brillante,brillant,11,F,P,brillante,-6.8498297,brillant,-11.0475025,1
5429,S_NOUN_8_ADJ_a,F,S,la cloche avec les chaises qui était là depuis hier est aussi très compliquée <eos>,13,compliquée,compliqué,11,F,P,compliquée,-7.0190134,compliqué,-9.305063,1
5430,S_NOUN_8_ADJ_a,F,S,la cloche avec les poubelles qui était là depuis hier est aussi très verte <eos>,13,verte,vert,11,F,P,verte,-9.641725,vert,-11.920679,1
5431,S_NOUN_8_ADJ_a,F,S,la cloche avec les poubelles qui était là depuis hier est aussi très bleue <eos>,13,bleue,bleu,11,F,P,bleue,-11.849608,bleu,-12.642245,1
5432,S_NOUN_8_ADJ_a,F,S,la cloche avec les poubelles qui était là depuis hier est aussi très noire <eos>,13,noire,noir,11,F,P,noire,-8.627436,noir,-13.051079,1
5433,S_NOUN_8_ADJ_a,F,S,la cloche avec les poubelles qui était là depuis hier est aussi très délicate <eos>,13,délicate,délicat,11,F,P,délicate,-6.2181387,délicat,-9.887152,1
5434,S_NOUN_8_ADJ_a,F,S,la cloche avec les poubelles qui était là depuis hier est aussi très pointue <eos>,13,pointue,pointu,11,F,P,pointue,-9.3855295,pointu,-12.611981,1
5435,S_NOUN_8_ADJ_a,F,S,la cloche avec les poubelles qui était là depuis hier est aussi très ronde <eos>,13,ronde,rond,11,F,P,ronde,-10.041199,rond,-14.604866,1
5436,S_NOUN_8_ADJ_a,F,S,la cloche avec les poubelles qui était là depuis hier est aussi très froide <eos>,13,froide,froid,11,F,P,froide,-8.542833,froid,-12.000492,1
5437,S_NOUN_8_ADJ_a,F,S,la cloche avec les poubelles qui était là depuis hier est aussi très chaude <eos>,13,chaude,chaud,11,F,P,chaude,-6.855529,chaud,-11.988528,1
5438,S_NOUN_8_ADJ_a,F,S,la cloche avec les poubelles qui était là depuis hier est aussi très importante <eos>,13,importante,important,11,F,P,importante,-4.183782,important,-8.014034,1
5439,S_NOUN_8_ADJ_a,F,S,la cloche avec les poubelles qui était là depuis hier est aussi très courte <eos>,13,courte,court,11,F,P,courte,-5.7219825,court,-7.5224185,1
5440,S_NOUN_8_ADJ_a,F,S,la cloche avec les poubelles qui était là depuis hier est aussi très dure <eos>,13,dure,dur,11,F,P,dure,-7.0383964,dur,-8.713955,1
5441,S_NOUN_8_ADJ_a,F,S,la cloche avec les poubelles qui était là depuis hier est aussi très claire <eos>,13,claire,clair,11,F,P,claire,-6.401208,clair,-9.77754,1
5442,S_NOUN_8_ADJ_a,F,S,la cloche avec les poubelles qui était là depuis hier est aussi très intéressante <eos>,13,intéressante,intéressant,11,F,P,intéressante,-4.709029,intéressant,-8.472794,1
5443,S_NOUN_8_ADJ_a,F,S,la cloche avec les poubelles qui était là depuis hier est aussi très brillante <eos>,13,brillante,brillant,11,F,P,brillante,-7.290831,brillant,-11.487055,1
5444,S_NOUN_8_ADJ_a,F,S,la cloche avec les poubelles qui était là depuis hier est aussi très compliquée <eos>,13,compliquée,compliqué,11,F,P,compliquée,-6.7155156,compliqué,-9.105196,1
5445,S_NOUN_8_ADJ_a,F,S,la cloche avec les chemises qui était là depuis hier est aussi très verte <eos>,13,verte,vert,11,F,P,verte,-9.263924,vert,-11.4400015,1
5446,S_NOUN_8_ADJ_a,F,S,la cloche avec les chemises qui était là depuis hier est aussi très bleue <eos>,13,bleue,bleu,11,F,P,bleue,-10.9676,bleu,-11.996822,1
5447,S_NOUN_8_ADJ_a,F,S,la cloche avec les chemises qui était là depuis hier est aussi très noire <eos>,13,noire,noir,11,F,P,noire,-7.64723,noir,-12.198003,1
5448,S_NOUN_8_ADJ_a,F,S,la cloche avec les chemises qui était là depuis hier est aussi très délicate <eos>,13,délicate,délicat,11,F,P,délicate,-6.4317503,délicat,-9.870949,1
5449,S_NOUN_8_ADJ_a,F,S,la cloche avec les chemises qui était là depuis hier est aussi très pointue <eos>,13,pointue,pointu,11,F,P,pointue,-9.452318,pointu,-12.575819,1
5450,S_NOUN_8_ADJ_a,F,S,la cloche avec les chemises qui était là depuis hier est aussi très ronde <eos>,13,ronde,rond,11,F,P,ronde,-10.096306,rond,-14.273526,1
5451,S_NOUN_8_ADJ_a,F,S,la cloche avec les chemises qui était là depuis hier est aussi très froide <eos>,13,froide,froid,11,F,P,froide,-8.681414,froid,-11.993919,1
5452,S_NOUN_8_ADJ_a,F,S,la cloche avec les chemises qui était là depuis hier est aussi très chaude <eos>,13,chaude,chaud,11,F,P,chaude,-6.952354,chaud,-11.806124,1
5453,S_NOUN_8_ADJ_a,F,S,la cloche avec les chemises qui était là depuis hier est aussi très importante <eos>,13,importante,important,11,F,P,importante,-4.689292,important,-8.437662,1
5454,S_NOUN_8_ADJ_a,F,S,la cloche avec les chemises qui était là depuis hier est aussi très courte <eos>,13,courte,court,11,F,P,courte,-5.306883,court,-7.1995716,1
5455,S_NOUN_8_ADJ_a,F,S,la cloche avec les chemises qui était là depuis hier est aussi très dure <eos>,13,dure,dur,11,F,P,dure,-6.6614604,dur,-8.974966,1
5456,S_NOUN_8_ADJ_a,F,S,la cloche avec les chemises qui était là depuis hier est aussi très claire <eos>,13,claire,clair,11,F,P,claire,-5.969811,clair,-9.128126,1
5457,S_NOUN_8_ADJ_a,F,S,la cloche avec les chemises qui était là depuis hier est aussi très intéressante <eos>,13,intéressante,intéressant,11,F,P,intéressante,-5.349353,intéressant,-8.977627,1
5458,S_NOUN_8_ADJ_a,F,S,la cloche avec les chemises qui était là depuis hier est aussi très brillante <eos>,13,brillante,brillant,11,F,P,brillante,-7.003949,brillant,-11.02439,1
5459,S_NOUN_8_ADJ_a,F,S,la cloche avec les chemises qui était là depuis hier est aussi très compliquée <eos>,13,compliquée,compliqué,11,F,P,compliquée,-6.718883,compliqué,-9.071186,1
5460,S_NOUN_8_ADJ_a,F,S,la cloche avec les recettes qui était là depuis hier est aussi très verte <eos>,13,verte,vert,11,F,P,verte,-10.295136,vert,-12.356082,1
5461,S_NOUN_8_ADJ_a,F,S,la cloche avec les recettes qui était là depuis hier est aussi très bleue <eos>,13,bleue,bleu,11,F,P,bleue,-13.212444,bleu,-13.389969,1
5462,S_NOUN_8_ADJ_a,F,S,la cloche avec les recettes qui était là depuis hier est aussi très noire <eos>,13,noire,noir,11,F,P,noire,-9.870487,noir,-13.047741,1
5463,S_NOUN_8_ADJ_a,F,S,la cloche avec les recettes qui était là depuis hier est aussi très délicate <eos>,13,délicate,délicat,11,F,P,délicate,-6.7062225,délicat,-9.792383,1
5464,S_NOUN_8_ADJ_a,F,S,la cloche avec les recettes qui était là depuis hier est aussi très pointue <eos>,13,pointue,pointu,11,F,P,pointue,-10.142204,pointu,-12.778202,1
5465,S_NOUN_8_ADJ_a,F,S,la cloche avec les recettes qui était là depuis hier est aussi très ronde <eos>,13,ronde,rond,11,F,P,ronde,-11.251444,rond,-14.656622,1
5466,S_NOUN_8_ADJ_a,F,S,la cloche avec les recettes qui était là depuis hier est aussi très froide <eos>,13,froide,froid,11,F,P,froide,-9.278403,froid,-12.181099,1
5467,S_NOUN_8_ADJ_a,F,S,la cloche avec les recettes qui était là depuis hier est aussi très chaude <eos>,13,chaude,chaud,11,F,P,chaude,-7.132703,chaud,-11.9137125,1
5468,S_NOUN_8_ADJ_a,F,S,la cloche avec les recettes qui était là depuis hier est aussi très importante <eos>,13,importante,important,11,F,P,importante,-3.2936819,important,-6.9558325,1
5469,S_NOUN_8_ADJ_a,F,S,la cloche avec les recettes qui était là depuis hier est aussi très courte <eos>,13,courte,court,11,F,P,courte,-5.878334,court,-7.6376114,1
5470,S_NOUN_8_ADJ_a,F,S,la cloche avec les recettes qui était là depuis hier est aussi très dure <eos>,13,dure,dur,11,F,P,dure,-7.6210184,dur,-8.858746,1
5471,S_NOUN_8_ADJ_a,F,S,la cloche avec les recettes qui était là depuis hier est aussi très claire <eos>,13,claire,clair,11,F,P,claire,-6.419652,clair,-9.602944,1
5472,S_NOUN_8_ADJ_a,F,S,la cloche avec les recettes qui était là depuis hier est aussi très intéressante <eos>,13,intéressante,intéressant,11,F,P,intéressante,-4.6237116,intéressant,-8.355848,1
5473,S_NOUN_8_ADJ_a,F,S,la cloche avec les recettes qui était là depuis hier est aussi très brillante <eos>,13,brillante,brillant,11,F,P,brillante,-7.603498,brillant,-11.361834,1
5474,S_NOUN_8_ADJ_a,F,S,la cloche avec les recettes qui était là depuis hier est aussi très compliquée <eos>,13,compliquée,compliqué,11,F,P,compliquée,-7.2790213,compliqué,-9.321373,1
5475,S_NOUN_8_ADJ_a,F,S,la cloche avec les jupes qui était là depuis hier est aussi très verte <eos>,13,verte,vert,11,F,P,verte,-9.493664,vert,-11.895428,1
5476,S_NOUN_8_ADJ_a,F,S,la cloche avec les jupes qui était là depuis hier est aussi très bleue <eos>,13,bleue,bleu,11,F,P,bleue,-11.41123,bleu,-12.238296,1
5477,S_NOUN_8_ADJ_a,F,S,la cloche avec les jupes qui était là depuis hier est aussi très noire <eos>,13,noire,noir,11,F,P,noire,-7.8322725,noir,-12.27043,1
5478,S_NOUN_8_ADJ_a,F,S,la cloche avec les jupes qui était là depuis hier est aussi très délicate <eos>,13,délicate,délicat,11,F,P,délicate,-6.842758,délicat,-10.031659,1
5479,S_NOUN_8_ADJ_a,F,S,la cloche avec les jupes qui était là depuis hier est aussi très pointue <eos>,13,pointue,pointu,11,F,P,pointue,-9.121137,pointu,-12.2467,1
5480,S_NOUN_8_ADJ_a,F,S,la cloche avec les jupes qui était là depuis hier est aussi très ronde <eos>,13,ronde,rond,11,F,P,ronde,-10.096533,rond,-14.002896,1
5481,S_NOUN_8_ADJ_a,F,S,la cloche avec les jupes qui était là depuis hier est aussi très froide <eos>,13,froide,froid,11,F,P,froide,-8.924086,froid,-12.09838,1
5482,S_NOUN_8_ADJ_a,F,S,la cloche avec les jupes qui était là depuis hier est aussi très chaude <eos>,13,chaude,chaud,11,F,P,chaude,-6.7334337,chaud,-11.958012,1
5483,S_NOUN_8_ADJ_a,F,S,la cloche avec les jupes qui était là depuis hier est aussi très importante <eos>,13,importante,important,11,F,P,importante,-4.8106513,important,-8.588146,1
5484,S_NOUN_8_ADJ_a,F,S,la cloche avec les jupes qui était là depuis hier est aussi très courte <eos>,13,courte,court,11,F,P,courte,-5.154999,court,-7.144665,1
5485,S_NOUN_8_ADJ_a,F,S,la cloche avec les jupes qui était là depuis hier est aussi très dure <eos>,13,dure,dur,11,F,P,dure,-6.923332,dur,-8.922912,1
5486,S_NOUN_8_ADJ_a,F,S,la cloche avec les jupes qui était là depuis hier est aussi très claire <eos>,13,claire,clair,11,F,P,claire,-5.842271,clair,-9.337432,1
5487,S_NOUN_8_ADJ_a,F,S,la cloche avec les jupes qui était là depuis hier est aussi très intéressante <eos>,13,intéressante,intéressant,11,F,P,intéressante,-5.2107735,intéressant,-9.047528,1
5488,S_NOUN_8_ADJ_a,F,S,la cloche avec les jupes qui était là depuis hier est aussi très brillante <eos>,13,brillante,brillant,11,F,P,brillante,-6.992815,brillant,-11.157689,1
5489,S_NOUN_8_ADJ_a,F,S,la cloche avec les jupes qui était là depuis hier est aussi très compliquée <eos>,13,compliquée,compliqué,11,F,P,compliquée,-6.4595566,compliqué,-8.823483,1
5490,S_NOUN_8_ADJ_a,F,S,la cloche avec les colles qui était là depuis hier est aussi très verte <eos>,13,verte,vert,11,F,P,verte,-9.677175,vert,-11.793133,1
5491,S_NOUN_8_ADJ_a,F,S,la cloche avec les colles qui était là depuis hier est aussi très bleue <eos>,13,bleue,bleu,11,F,P,bleue,-11.821977,bleu,-12.565266,1
5492,S_NOUN_8_ADJ_a,F,S,la cloche avec les colles qui était là depuis hier est aussi très noire <eos>,13,noire,noir,11,F,P,noire,-8.81337,noir,-12.95783,1
5493,S_NOUN_8_ADJ_a,F,S,la cloche avec les colles qui était là depuis hier est aussi très délicate <eos>,13,délicate,délicat,11,F,P,délicate,-5.719226,délicat,-9.276184,1
5494,S_NOUN_8_ADJ_a,F,S,la cloche avec les colles qui était là depuis hier est aussi très pointue <eos>,13,pointue,pointu,11,F,P,pointue,-9.484724,pointu,-12.747639,1
5495,S_NOUN_8_ADJ_a,F,S,la cloche avec les colles qui était là depuis hier est aussi très ronde <eos>,13,ronde,rond,11,F,P,ronde,-10.457058,rond,-14.101118,1
5496,S_NOUN_8_ADJ_a,F,S,la cloche avec les colles qui était là depuis hier est aussi très froide <eos>,13,froide,froid,11,F,P,froide,-7.899729,froid,-11.192552,1
5497,S_NOUN_8_ADJ_a,F,S,la cloche avec les colles qui était là depuis hier est aussi très chaude <eos>,13,chaude,chaud,11,F,P,chaude,-6.0364895,chaud,-11.02408,1
5498,S_NOUN_8_ADJ_a,F,S,la cloche avec les colles qui était là depuis hier est aussi très importante <eos>,13,importante,important,11,F,P,importante,-4.1366186,important,-7.9657507,1
5499,S_NOUN_8_ADJ_a,F,S,la cloche avec les colles qui était là depuis hier est aussi très courte <eos>,13,courte,court,11,F,P,courte,-6.1381683,court,-7.8023834,1
5500,S_NOUN_8_ADJ_a,F,S,la cloche avec les colles qui était là depuis hier est aussi très dure <eos>,13,dure,dur,11,F,P,dure,-6.7526464,dur,-8.145629,1
5501,S_NOUN_8_ADJ_a,F,S,la cloche avec les colles qui était là depuis hier est aussi très claire <eos>,13,claire,clair,11,F,P,claire,-5.7139454,clair,-9.088821,1
5502,S_NOUN_8_ADJ_a,F,S,la cloche avec les colles qui était là depuis hier est aussi très intéressante <eos>,13,intéressante,intéressant,11,F,P,intéressante,-5.127553,intéressant,-8.581406,1
5503,S_NOUN_8_ADJ_a,F,S,la cloche avec les colles qui était là depuis hier est aussi très brillante <eos>,13,brillante,brillant,11,F,P,brillante,-6.909693,brillant,-10.592411,1
5504,S_NOUN_8_ADJ_a,F,S,la cloche avec les colles qui était là depuis hier est aussi très compliquée <eos>,13,compliquée,compliqué,11,F,P,compliquée,-6.223214,compliqué,-8.6467905,1
5505,S_NOUN_8_ADJ_a,F,S,la cloche avec les lampes qui était là depuis hier est aussi très verte <eos>,13,verte,vert,11,F,P,verte,-9.174747,vert,-11.511244,1
5506,S_NOUN_8_ADJ_a,F,S,la cloche avec les lampes qui était là depuis hier est aussi très bleue <eos>,13,bleue,bleu,11,F,P,bleue,-11.236652,bleu,-12.20189,1
5507,S_NOUN_8_ADJ_a,F,S,la cloche avec les lampes qui était là depuis hier est aussi très noire <eos>,13,noire,noir,11,F,P,noire,-8.176403,noir,-12.39618,1
5508,S_NOUN_8_ADJ_a,F,S,la cloche avec les lampes qui était là depuis hier est aussi très délicate <eos>,13,délicate,délicat,11,F,P,délicate,-6.2917066,délicat,-9.756933,1
5509,S_NOUN_8_ADJ_a,F,S,la cloche avec les lampes qui était là depuis hier est aussi très pointue <eos>,13,pointue,pointu,11,F,P,pointue,-9.34416,pointu,-12.697163,1
5510,S_NOUN_8_ADJ_a,F,S,la cloche avec les lampes qui était là depuis hier est aussi très ronde <eos>,13,ronde,rond,11,F,P,ronde,-10.352167,rond,-14.403526,1
5511,S_NOUN_8_ADJ_a,F,S,la cloche avec les lampes qui était là depuis hier est aussi très froide <eos>,13,froide,froid,11,F,P,froide,-8.579523,froid,-11.865431,1
5512,S_NOUN_8_ADJ_a,F,S,la cloche avec les lampes qui était là depuis hier est aussi très chaude <eos>,13,chaude,chaud,11,F,P,chaude,-6.300501,chaud,-11.497263,1
5513,S_NOUN_8_ADJ_a,F,S,la cloche avec les lampes qui était là depuis hier est aussi très importante <eos>,13,importante,important,11,F,P,importante,-4.566227,important,-8.369675,1
5514,S_NOUN_8_ADJ_a,F,S,la cloche avec les lampes qui était là depuis hier est aussi très courte <eos>,13,courte,court,11,F,P,courte,-5.6399107,court,-7.3344555,1
5515,S_NOUN_8_ADJ_a,F,S,la cloche avec les lampes qui était là depuis hier est aussi très dure <eos>,13,dure,dur,11,F,P,dure,-6.822976,dur,-8.658876,1
5516,S_NOUN_8_ADJ_a,F,S,la cloche avec les lampes qui était là depuis hier est aussi très claire <eos>,13,claire,clair,11,F,P,claire,-6.0879917,clair,-9.401875,1
5517,S_NOUN_8_ADJ_a,F,S,la cloche avec les lampes qui était là depuis hier est aussi très intéressante <eos>,13,intéressante,intéressant,11,F,P,intéressante,-4.911465,intéressant,-8.725941,1
5518,S_NOUN_8_ADJ_a,F,S,la cloche avec les lampes qui était là depuis hier est aussi très brillante <eos>,13,brillante,brillant,11,F,P,brillante,-6.480404,brillant,-10.690818,1
5519,S_NOUN_8_ADJ_a,F,S,la cloche avec les lampes qui était là depuis hier est aussi très compliquée <eos>,13,compliquée,compliqué,11,F,P,compliquée,-6.4424334,compliqué,-9.012134,1
5520,S_NOUN_8_ADJ_a,F,S,la cloche avec les bouteilles qui était là depuis hier est aussi très verte <eos>,13,verte,vert,11,F,P,verte,-9.788448,vert,-11.558308,1
5521,S_NOUN_8_ADJ_a,F,S,la cloche avec les bouteilles qui était là depuis hier est aussi très bleue <eos>,13,bleue,bleu,11,F,P,bleue,-12.155575,bleu,-12.704658,1
5522,S_NOUN_8_ADJ_a,F,S,la cloche avec les bouteilles qui était là depuis hier est aussi très noire <eos>,13,noire,noir,11,F,P,noire,-8.8992605,noir,-12.394723,1
5523,S_NOUN_8_ADJ_a,F,S,la cloche avec les bouteilles qui était là depuis hier est aussi très délicate <eos>,13,délicate,délicat,11,F,P,délicate,-6.1446233,délicat,-9.149523,1
5524,S_NOUN_8_ADJ_a,F,S,la cloche avec les bouteilles qui était là depuis hier est aussi très pointue <eos>,13,pointue,pointu,11,F,P,pointue,-9.84007,pointu,-12.646946,1
5525,S_NOUN_8_ADJ_a,F,S,la cloche avec les bouteilles qui était là depuis hier est aussi très ronde <eos>,13,ronde,rond,11,F,P,ronde,-10.292998,rond,-13.853704,1
5526,S_NOUN_8_ADJ_a,F,S,la cloche avec les bouteilles qui était là depuis hier est aussi très froide <eos>,13,froide,froid,11,F,P,froide,-8.662308,froid,-11.449346,1
5527,S_NOUN_8_ADJ_a,F,S,la cloche avec les bouteilles qui était là depuis hier est aussi très chaude <eos>,13,chaude,chaud,11,F,P,chaude,-6.1093397,chaud,-10.964181,1
5528,S_NOUN_8_ADJ_a,F,S,la cloche avec les bouteilles qui était là depuis hier est aussi très importante <eos>,13,importante,important,11,F,P,importante,-3.9175768,important,-7.457261,1
5529,S_NOUN_8_ADJ_a,F,S,la cloche avec les bouteilles qui était là depuis hier est aussi très courte <eos>,13,courte,court,11,F,P,courte,-6.130052,court,-7.775539,1
5530,S_NOUN_8_ADJ_a,F,S,la cloche avec les bouteilles qui était là depuis hier est aussi très dure <eos>,13,dure,dur,11,F,P,dure,-6.9841523,dur,-8.26441,1
5531,S_NOUN_8_ADJ_a,F,S,la cloche avec les bouteilles qui était là depuis hier est aussi très claire <eos>,13,claire,clair,11,F,P,claire,-5.9722443,clair,-9.211158,1
5532,S_NOUN_8_ADJ_a,F,S,la cloche avec les bouteilles qui était là depuis hier est aussi très intéressante <eos>,13,intéressante,intéressant,11,F,P,intéressante,-4.626771,intéressant,-8.19786,1
5533,S_NOUN_8_ADJ_a,F,S,la cloche avec les bouteilles qui était là depuis hier est aussi très brillante <eos>,13,brillante,brillant,11,F,P,brillante,-7.1764174,brillant,-10.576052,1
5534,S_NOUN_8_ADJ_a,F,S,la cloche avec les bouteilles qui était là depuis hier est aussi très compliquée <eos>,13,compliquée,compliqué,11,F,P,compliquée,-6.7699738,compliqué,-8.986152,1
5535,S_NOUN_8_ADJ_a,F,S,la cloche avec les boissons qui était là depuis hier est aussi très verte <eos>,13,verte,vert,11,F,P,verte,-9.661383,vert,-11.506619,1
5536,S_NOUN_8_ADJ_a,F,S,la cloche avec les boissons qui était là depuis hier est aussi très bleue <eos>,13,bleue,bleu,11,F,P,bleue,-11.817839,bleu,-12.604273,1
5537,S_NOUN_8_ADJ_a,F,S,la cloche avec les boissons qui était là depuis hier est aussi très noire <eos>,13,noire,noir,11,F,P,noire,-8.663842,noir,-12.559291,1
5538,S_NOUN_8_ADJ_a,F,S,la cloche avec les boissons qui était là depuis hier est aussi très délicate <eos>,13,délicate,délicat,11,F,P,délicate,-6.080318,délicat,-9.329479,1
5539,S_NOUN_8_ADJ_a,F,S,la cloche avec les boissons qui était là depuis hier est aussi très pointue <eos>,13,pointue,pointu,11,F,P,pointue,-10.345348,pointu,-12.598749,1
5540,S_NOUN_8_ADJ_a,F,S,la cloche avec les boissons qui était là depuis hier est aussi très ronde <eos>,13,ronde,rond,11,F,P,ronde,-10.93552,rond,-14.406943,1
5541,S_NOUN_8_ADJ_a,F,S,la cloche avec les boissons qui était là depuis hier est aussi très froide <eos>,13,froide,froid,11,F,P,froide,-7.739349,froid,-10.41736,1
5542,S_NOUN_8_ADJ_a,F,S,la cloche avec les boissons qui était là depuis hier est aussi très chaude <eos>,13,chaude,chaud,11,F,P,chaude,-5.8191714,chaud,-9.921982,1
5543,S_NOUN_8_ADJ_a,F,S,la cloche avec les boissons qui était là depuis hier est aussi très importante <eos>,13,importante,important,11,F,P,importante,-3.848145,important,-7.609905,1
5544,S_NOUN_8_ADJ_a,F,S,la cloche avec les boissons qui était là depuis hier est aussi très courte <eos>,13,courte,court,11,F,P,courte,-6.184745,court,-8.176326,1
5545,S_NOUN_8_ADJ_a,F,S,la cloche avec les boissons qui était là depuis hier est aussi très dure <eos>,13,dure,dur,11,F,P,dure,-6.541501,dur,-8.559287,1
5546,S_NOUN_8_ADJ_a,F,S,la cloche avec les boissons qui était là depuis hier est aussi très claire <eos>,13,claire,clair,11,F,P,claire,-5.5646887,clair,-8.580387,1
5547,S_NOUN_8_ADJ_a,F,S,la cloche avec les boissons qui était là depuis hier est aussi très intéressante <eos>,13,intéressante,intéressant,11,F,P,intéressante,-5.456624,intéressant,-8.67505,1
5548,S_NOUN_8_ADJ_a,F,S,la cloche avec les boissons qui était là depuis hier est aussi très brillante <eos>,13,brillante,brillant,11,F,P,brillante,-7.4477625,brillant,-10.7476,1
5549,S_NOUN_8_ADJ_a,F,S,la cloche avec les boissons qui était là depuis hier est aussi très compliquée <eos>,13,compliquée,compliqué,11,F,P,compliquée,-6.9908934,compliqué,-9.232074,1
5550,S_NOUN_8_ADJ_a,F,S,la cloche avec les pommes qui était là depuis hier est aussi très verte <eos>,13,verte,vert,11,F,P,verte,-9.398006,vert,-11.407999,1
5551,S_NOUN_8_ADJ_a,F,S,la cloche avec les pommes qui était là depuis hier est aussi très bleue <eos>,13,bleue,bleu,11,F,P,bleue,-11.413241,bleu,-12.359126,1
5552,S_NOUN_8_ADJ_a,F,S,la cloche avec les pommes qui était là depuis hier est aussi très noire <eos>,13,noire,noir,11,F,P,noire,-8.197482,noir,-12.311616,1
5553,S_NOUN_8_ADJ_a,F,S,la cloche avec les pommes qui était là depuis hier est aussi très délicate <eos>,13,délicate,délicat,11,F,P,délicate,-5.982425,délicat,-9.0694275,1
5554,S_NOUN_8_ADJ_a,F,S,la cloche avec les pommes qui était là depuis hier est aussi très pointue <eos>,13,pointue,pointu,11,F,P,pointue,-9.591698,pointu,-12.557415,1
5555,S_NOUN_8_ADJ_a,F,S,la cloche avec les pommes qui était là depuis hier est aussi très ronde <eos>,13,ronde,rond,11,F,P,ronde,-10.3757305,rond,-14.085186,1
5556,S_NOUN_8_ADJ_a,F,S,la cloche avec les pommes qui était là depuis hier est aussi très froide <eos>,13,froide,froid,11,F,P,froide,-7.794592,froid,-10.759096,1
5557,S_NOUN_8_ADJ_a,F,S,la cloche avec les pommes qui était là depuis hier est aussi très chaude <eos>,13,chaude,chaud,11,F,P,chaude,-5.8081183,chaud,-10.87949,1
5558,S_NOUN_8_ADJ_a,F,S,la cloche avec les pommes qui était là depuis hier est aussi très importante <eos>,13,importante,important,11,F,P,importante,-4.155531,important,-8.15365,1
5559,S_NOUN_8_ADJ_a,F,S,la cloche avec les pommes qui était là depuis hier est aussi très courte <eos>,13,courte,court,11,F,P,courte,-5.820941,court,-7.744378,1
5560,S_NOUN_8_ADJ_a,F,S,la cloche avec les pommes qui était là depuis hier est aussi très dure <eos>,13,dure,dur,11,F,P,dure,-6.318304,dur,-8.393094,1
5561,S_NOUN_8_ADJ_a,F,S,la cloche avec les pommes qui était là depuis hier est aussi très claire <eos>,13,claire,clair,11,F,P,claire,-5.2513266,clair,-8.721752,1
5562,S_NOUN_8_ADJ_a,F,S,la cloche avec les pommes qui était là depuis hier est aussi très intéressante <eos>,13,intéressante,intéressant,11,F,P,intéressante,-5.338464,intéressant,-8.933928,1
5563,S_NOUN_8_ADJ_a,F,S,la cloche avec les pommes qui était là depuis hier est aussi très brillante <eos>,13,brillante,brillant,11,F,P,brillante,-6.8924203,brillant,-10.853268,1
5564,S_NOUN_8_ADJ_a,F,S,la cloche avec les pommes qui était là depuis hier est aussi très compliquée <eos>,13,compliquée,compliqué,11,F,P,compliquée,-7.0456266,compliqué,-9.633761,1
5565,S_NOUN_8_ADJ_a,F,S,la cloche avec les tasses qui était là depuis hier est aussi très verte <eos>,13,verte,vert,11,F,P,verte,-9.586795,vert,-11.546137,1
5566,S_NOUN_8_ADJ_a,F,S,la cloche avec les tasses qui était là depuis hier est aussi très bleue <eos>,13,bleue,bleu,11,F,P,bleue,-11.847674,bleu,-12.460605,1
5567,S_NOUN_8_ADJ_a,F,S,la cloche avec les tasses qui était là depuis hier est aussi très noire <eos>,13,noire,noir,11,F,P,noire,-8.707148,noir,-12.843899,1
5568,S_NOUN_8_ADJ_a,F,S,la cloche avec les tasses qui était là depuis hier est aussi très délicate <eos>,13,délicate,délicat,11,F,P,délicate,-6.3301,délicat,-9.260038,1
5569,S_NOUN_8_ADJ_a,F,S,la cloche avec les tasses qui était là depuis hier est aussi très pointue <eos>,13,pointue,pointu,11,F,P,pointue,-9.692938,pointu,-12.665559,1
5570,S_NOUN_8_ADJ_a,F,S,la cloche avec les tasses qui était là depuis hier est aussi très ronde <eos>,13,ronde,rond,11,F,P,ronde,-9.974909,rond,-13.927866,1
5571,S_NOUN_8_ADJ_a,F,S,la cloche avec les tasses qui était là depuis hier est aussi très froide <eos>,13,froide,froid,11,F,P,froide,-8.232183,froid,-11.748901,1
5572,S_NOUN_8_ADJ_a,F,S,la cloche avec les tasses qui était là depuis hier est aussi très chaude <eos>,13,chaude,chaud,11,F,P,chaude,-6.2359934,chaud,-11.56573,1
5573,S_NOUN_8_ADJ_a,F,S,la cloche avec les tasses qui était là depuis hier est aussi très importante <eos>,13,importante,important,11,F,P,importante,-4.0247335,important,-7.6718464,1
5574,S_NOUN_8_ADJ_a,F,S,la cloche avec les tasses qui était là depuis hier est aussi très courte <eos>,13,courte,court,11,F,P,courte,-5.704915,court,-7.360262,1
5575,S_NOUN_8_ADJ_a,F,S,la cloche avec les tasses qui était là depuis hier est aussi très dure <eos>,13,dure,dur,11,F,P,dure,-6.729292,dur,-8.4980135,1
5576,S_NOUN_8_ADJ_a,F,S,la cloche avec les tasses qui était là depuis hier est aussi très claire <eos>,13,claire,clair,11,F,P,claire,-6.0837746,clair,-9.281231,1
5577,S_NOUN_8_ADJ_a,F,S,la cloche avec les tasses qui était là depuis hier est aussi très intéressante <eos>,13,intéressante,intéressant,11,F,P,intéressante,-4.7043657,intéressant,-8.329048,1
5578,S_NOUN_8_ADJ_a,F,S,la cloche avec les tasses qui était là depuis hier est aussi très brillante <eos>,13,brillante,brillant,11,F,P,brillante,-6.924925,brillant,-10.822813,1
5579,S_NOUN_8_ADJ_a,F,S,la cloche avec les tasses qui était là depuis hier est aussi très compliquée <eos>,13,compliquée,compliqué,11,F,P,compliquée,-7.065563,compliqué,-9.180141,1
5580,S_NOUN_8_ADJ_a,F,S,la cloche avec les bougies qui était là depuis hier est aussi très verte <eos>,13,verte,vert,11,F,P,verte,-9.239146,vert,-11.304442,1
5581,S_NOUN_8_ADJ_a,F,S,la cloche avec les bougies qui était là depuis hier est aussi très bleue <eos>,13,bleue,bleu,11,F,P,bleue,-11.112576,bleu,-11.96576,1
5582,S_NOUN_8_ADJ_a,F,S,la cloche avec les bougies qui était là depuis hier est aussi très noire <eos>,13,noire,noir,11,F,P,noire,-7.988758,noir,-12.060244,1
5583,S_NOUN_8_ADJ_a,F,S,la cloche avec les bougies qui était là depuis hier est aussi très délicate <eos>,13,délicate,délicat,11,F,P,délicate,-6.381301,délicat,-9.39873,1
5584,S_NOUN_8_ADJ_a,F,S,la cloche avec les bougies qui était là depuis hier est aussi très pointue <eos>,13,pointue,pointu,11,F,P,pointue,-9.829779,pointu,-12.884159,1
5585,S_NOUN_8_ADJ_a,F,S,la cloche avec les bougies qui était là depuis hier est aussi très ronde <eos>,13,ronde,rond,11,F,P,ronde,-10.255667,rond,-14.304992,1
5586,S_NOUN_8_ADJ_a,F,S,la cloche avec les bougies qui était là depuis hier est aussi très froide <eos>,13,froide,froid,11,F,P,froide,-8.077684,froid,-11.13641,1
5587,S_NOUN_8_ADJ_a,F,S,la cloche avec les bougies qui était là depuis hier est aussi très chaude <eos>,13,chaude,chaud,11,F,P,chaude,-6.0136967,chaud,-11.293832,1
5588,S_NOUN_8_ADJ_a,F,S,la cloche avec les bougies qui était là depuis hier est aussi très importante <eos>,13,importante,important,11,F,P,importante,-4.4908767,important,-8.375273,1
5589,S_NOUN_8_ADJ_a,F,S,la cloche avec les bougies qui était là depuis hier est aussi très courte <eos>,13,courte,court,11,F,P,courte,-5.475746,court,-7.4296455,1
5590,S_NOUN_8_ADJ_a,F,S,la cloche avec les bougies qui était là depuis hier est aussi très dure <eos>,13,dure,dur,11,F,P,dure,-6.6594806,dur,-8.798683,1
5591,S_NOUN_8_ADJ_a,F,S,la cloche avec les bougies qui était là depuis hier est aussi très claire <eos>,13,claire,clair,11,F,P,claire,-5.7028503,clair,-8.939176,1
5592,S_NOUN_8_ADJ_a,F,S,la cloche avec les bougies qui était là depuis hier est aussi très intéressante <eos>,13,intéressante,intéressant,11,F,P,intéressante,-5.040018,intéressant,-8.953193,1
5593,S_NOUN_8_ADJ_a,F,S,la cloche avec les bougies qui était là depuis hier est aussi très brillante <eos>,13,brillante,brillant,11,F,P,brillante,-6.7747097,brillant,-10.986976,1
5594,S_NOUN_8_ADJ_a,F,S,la cloche avec les bougies qui était là depuis hier est aussi très compliquée <eos>,13,compliquée,compliqué,11,F,P,compliquée,-7.074654,compliqué,-9.307709,1
5595,S_NOUN_8_ADJ_a,F,S,la cloche avec les pochettes qui était là depuis hier est aussi très verte <eos>,13,verte,vert,11,F,P,verte,-9.821445,vert,-12.050462,1
5596,S_NOUN_8_ADJ_a,F,S,la cloche avec les pochettes qui était là depuis hier est aussi très bleue <eos>,13,bleue,bleu,11,F,P,bleue,-11.88862,bleu,-12.283261,1
5597,S_NOUN_8_ADJ_a,F,S,la cloche avec les pochettes qui était là depuis hier est aussi très noire <eos>,13,noire,noir,11,F,P,noire,-8.571076,noir,-12.531617,1
5598,S_NOUN_8_ADJ_a,F,S,la cloche avec les pochettes qui était là depuis hier est aussi très délicate <eos>,13,délicate,délicat,11,F,P,délicate,-7.1048813,délicat,-10.581153,1
5599,S_NOUN_8_ADJ_a,F,S,la cloche avec les pochettes qui était là depuis hier est aussi très pointue <eos>,13,pointue,pointu,11,F,P,pointue,-10.086224,pointu,-12.100525,1
5600,S_NOUN_8_ADJ_a,F,S,la cloche avec les pochettes qui était là depuis hier est aussi très ronde <eos>,13,ronde,rond,11,F,P,ronde,-11.379887,rond,-14.846981,1
5601,S_NOUN_8_ADJ_a,F,S,la cloche avec les pochettes qui était là depuis hier est aussi très froide <eos>,13,froide,froid,11,F,P,froide,-9.817138,froid,-11.621413,1
5602,S_NOUN_8_ADJ_a,F,S,la cloche avec les pochettes qui était là depuis hier est aussi très chaude <eos>,13,chaude,chaud,11,F,P,chaude,-6.9028196,chaud,-12.018246,1
5603,S_NOUN_8_ADJ_a,F,S,la cloche avec les pochettes qui était là depuis hier est aussi très importante <eos>,13,importante,important,11,F,P,importante,-3.7428625,important,-7.51748,1
5604,S_NOUN_8_ADJ_a,F,S,la cloche avec les pochettes qui était là depuis hier est aussi très courte <eos>,13,courte,court,11,F,P,courte,-5.1646,court,-7.452287,1
5605,S_NOUN_8_ADJ_a,F,S,la cloche avec les pochettes qui était là depuis hier est aussi très dure <eos>,13,dure,dur,11,F,P,dure,-6.4439354,dur,-8.575401,1
5606,S_NOUN_8_ADJ_a,F,S,la cloche avec les pochettes qui était là depuis hier est aussi très claire <eos>,13,claire,clair,11,F,P,claire,-5.5156536,clair,-9.1793785,1
5607,S_NOUN_8_ADJ_a,F,S,la cloche avec les pochettes qui était là depuis hier est aussi très intéressante <eos>,13,intéressante,intéressant,11,F,P,intéressante,-4.8916397,intéressant,-8.487193,1
5608,S_NOUN_8_ADJ_a,F,S,la cloche avec les pochettes qui était là depuis hier est aussi très brillante <eos>,13,brillante,brillant,11,F,P,brillante,-6.09157,brillant,-10.832387,1
5609,S_NOUN_8_ADJ_a,F,S,la cloche avec les pochettes qui était là depuis hier est aussi très compliquée <eos>,13,compliquée,compliqué,11,F,P,compliquée,-6.5093966,compliqué,-9.588617,1
5610,S_NOUN_8_ADJ_a,F,S,la cloche avec les bananes qui était là depuis hier est aussi très verte <eos>,13,verte,vert,11,F,P,verte,-9.209633,vert,-11.705692,1
5611,S_NOUN_8_ADJ_a,F,S,la cloche avec les bananes qui était là depuis hier est aussi très bleue <eos>,13,bleue,bleu,11,F,P,bleue,-11.451767,bleu,-12.59517,1
5612,S_NOUN_8_ADJ_a,F,S,la cloche avec les bananes qui était là depuis hier est aussi très noire <eos>,13,noire,noir,11,F,P,noire,-8.407944,noir,-12.680692,1
5613,S_NOUN_8_ADJ_a,F,S,la cloche avec les bananes qui était là depuis hier est aussi très délicate <eos>,13,délicate,délicat,11,F,P,délicate,-6.464786,délicat,-9.398903,1
5614,S_NOUN_8_ADJ_a,F,S,la cloche avec les bananes qui était là depuis hier est aussi très pointue <eos>,13,pointue,pointu,11,F,P,pointue,-9.537163,pointu,-12.296627,1
5615,S_NOUN_8_ADJ_a,F,S,la cloche avec les bananes qui était là depuis hier est aussi très ronde <eos>,13,ronde,rond,11,F,P,ronde,-10.121222,rond,-14.115322,1
5616,S_NOUN_8_ADJ_a,F,S,la cloche avec les bananes qui était là depuis hier est aussi très froide <eos>,13,froide,froid,11,F,P,froide,-8.43831,froid,-11.801656,1
5617,S_NOUN_8_ADJ_a,F,S,la cloche avec les bananes qui était là depuis hier est aussi très chaude <eos>,13,chaude,chaud,11,F,P,chaude,-6.298064,chaud,-11.354678,1
5618,S_NOUN_8_ADJ_a,F,S,la cloche avec les bananes qui était là depuis hier est aussi très importante <eos>,13,importante,important,11,F,P,importante,-4.20467,important,-8.054734,1
5619,S_NOUN_8_ADJ_a,F,S,la cloche avec les bananes qui était là depuis hier est aussi très courte <eos>,13,courte,court,11,F,P,courte,-5.901555,court,-7.475707,1
5620,S_NOUN_8_ADJ_a,F,S,la cloche avec les bananes qui était là depuis hier est aussi très dure <eos>,13,dure,dur,11,F,P,dure,-6.594465,dur,-8.342773,1
5621,S_NOUN_8_ADJ_a,F,S,la cloche avec les bananes qui était là depuis hier est aussi très claire <eos>,13,claire,clair,11,F,P,claire,-5.703199,clair,-9.106739,1
5622,S_NOUN_8_ADJ_a,F,S,la cloche avec les bananes qui était là depuis hier est aussi très intéressante <eos>,13,intéressante,intéressant,11,F,P,intéressante,-5.13698,intéressant,-8.765553,1
5623,S_NOUN_8_ADJ_a,F,S,la cloche avec les bananes qui était là depuis hier est aussi très brillante <eos>,13,brillante,brillant,11,F,P,brillante,-7.0247507,brillant,-10.963817,1
5624,S_NOUN_8_ADJ_a,F,S,la cloche avec les bananes qui était là depuis hier est aussi très compliquée <eos>,13,compliquée,compliqué,11,F,P,compliquée,-7.0454073,compliqué,-9.244059,1
5625,S_NOUN_8_ADJ_a,F,S,la cloche avec les robes qui était là depuis hier est aussi très verte <eos>,13,verte,vert,11,F,P,verte,-9.272707,vert,-11.646891,1
5626,S_NOUN_8_ADJ_a,F,S,la cloche avec les robes qui était là depuis hier est aussi très bleue <eos>,13,bleue,bleu,11,F,P,bleue,-10.956097,bleu,-12.018903,1
5627,S_NOUN_8_ADJ_a,F,S,la cloche avec les robes qui était là depuis hier est aussi très noire <eos>,13,noire,noir,11,F,P,noire,-7.503976,noir,-12.132336,1
5628,S_NOUN_8_ADJ_a,F,S,la cloche avec les robes qui était là depuis hier est aussi très délicate <eos>,13,délicate,délicat,11,F,P,délicate,-6.8898067,délicat,-10.233188,1
5629,S_NOUN_8_ADJ_a,F,S,la cloche avec les robes qui était là depuis hier est aussi très pointue <eos>,13,pointue,pointu,11,F,P,pointue,-10.243935,pointu,-12.758909,1
5630,S_NOUN_8_ADJ_a,F,S,la cloche avec les robes qui était là depuis hier est aussi très ronde <eos>,13,ronde,rond,11,F,P,ronde,-10.834061,rond,-14.652997,1
5631,S_NOUN_8_ADJ_a,F,S,la cloche avec les robes qui était là depuis hier est aussi très froide <eos>,13,froide,froid,11,F,P,froide,-8.410397,froid,-11.529627,1
5632,S_NOUN_8_ADJ_a,F,S,la cloche avec les robes qui était là depuis hier est aussi très chaude <eos>,13,chaude,chaud,11,F,P,chaude,-6.4888296,chaud,-11.34931,1
5633,S_NOUN_8_ADJ_a,F,S,la cloche avec les robes qui était là depuis hier est aussi très importante <eos>,13,importante,important,11,F,P,importante,-4.496456,important,-8.346132,1
5634,S_NOUN_8_ADJ_a,F,S,la cloche avec les robes qui était là depuis hier est aussi très courte <eos>,13,courte,court,11,F,P,courte,-5.4806356,court,-7.5533447,1
5635,S_NOUN_8_ADJ_a,F,S,la cloche avec les robes qui était là depuis hier est aussi très dure <eos>,13,dure,dur,11,F,P,dure,-6.9219847,dur,-9.789216,1
5636,S_NOUN_8_ADJ_a,F,S,la cloche avec les robes qui était là depuis hier est aussi très claire <eos>,13,claire,clair,11,F,P,claire,-5.824256,clair,-9.071512,1
5637,S_NOUN_8_ADJ_a,F,S,la cloche avec les robes qui était là depuis hier est aussi très intéressante <eos>,13,intéressante,intéressant,11,F,P,intéressante,-5.482979,intéressant,-9.052543,1
5638,S_NOUN_8_ADJ_a,F,S,la cloche avec les robes qui était là depuis hier est aussi très brillante <eos>,13,brillante,brillant,11,F,P,brillante,-6.920232,brillant,-11.301344,1
5639,S_NOUN_8_ADJ_a,F,S,la cloche avec les robes qui était là depuis hier est aussi très compliquée <eos>,13,compliquée,compliqué,11,F,P,compliquée,-7.4227095,compliqué,-9.600316,1
5640,S_NOUN_8_ADJ_a,F,S,la cloche avec les valises qui était là depuis hier est aussi très verte <eos>,13,verte,vert,11,F,P,verte,-9.756505,vert,-12.201508,1
5641,S_NOUN_8_ADJ_a,F,S,la cloche avec les valises qui était là depuis hier est aussi très bleue <eos>,13,bleue,bleu,11,F,P,bleue,-12.11388,bleu,-12.758919,1
5642,S_NOUN_8_ADJ_a,F,S,la cloche avec les valises qui était là depuis hier est aussi très noire <eos>,13,noire,noir,11,F,P,noire,-8.62275,noir,-13.023945,1
5643,S_NOUN_8_ADJ_a,F,S,la cloche avec les valises qui était là depuis hier est aussi très délicate <eos>,13,délicate,délicat,11,F,P,délicate,-6.2063327,délicat,-10.005684,1
5644,S_NOUN_8_ADJ_a,F,S,la cloche avec les valises qui était là depuis hier est aussi très pointue <eos>,13,pointue,pointu,11,F,P,pointue,-9.611891,pointu,-12.77771,1
5645,S_NOUN_8_ADJ_a,F,S,la cloche avec les valises qui était là depuis hier est aussi très ronde <eos>,13,ronde,rond,11,F,P,ronde,-10.360104,rond,-14.704737,1
5646,S_NOUN_8_ADJ_a,F,S,la cloche avec les valises qui était là depuis hier est aussi très froide <eos>,13,froide,froid,11,F,P,froide,-8.754487,froid,-11.764449,1
5647,S_NOUN_8_ADJ_a,F,S,la cloche avec les valises qui était là depuis hier est aussi très chaude <eos>,13,chaude,chaud,11,F,P,chaude,-6.4855757,chaud,-11.603895,1
5648,S_NOUN_8_ADJ_a,F,S,la cloche avec les valises qui était là depuis hier est aussi très importante <eos>,13,importante,important,11,F,P,importante,-3.8534389,important,-7.767137,1
5649,S_NOUN_8_ADJ_a,F,S,la cloche avec les valises qui était là depuis hier est aussi très courte <eos>,13,courte,court,11,F,P,courte,-5.556244,court,-7.610203,1
5650,S_NOUN_8_ADJ_a,F,S,la cloche avec les valises qui était là depuis hier est aussi très dure <eos>,13,dure,dur,11,F,P,dure,-6.7894306,dur,-8.755009,1
5651,S_NOUN_8_ADJ_a,F,S,la cloche avec les valises qui était là depuis hier est aussi très claire <eos>,13,claire,clair,11,F,P,claire,-6.2609406,clair,-9.70223,1
5652,S_NOUN_8_ADJ_a,F,S,la cloche avec les valises qui était là depuis hier est aussi très intéressante <eos>,13,intéressante,intéressant,11,F,P,intéressante,-4.634243,intéressant,-8.44275,1
5653,S_NOUN_8_ADJ_a,F,S,la cloche avec les valises qui était là depuis hier est aussi très brillante <eos>,13,brillante,brillant,11,F,P,brillante,-7.13296,brillant,-11.298096,1
5654,S_NOUN_8_ADJ_a,F,S,la cloche avec les valises qui était là depuis hier est aussi très compliquée <eos>,13,compliquée,compliqué,11,F,P,compliquée,-6.5198708,compliqué,-8.90197,1
5655,S_NOUN_8_ADJ_a,F,S,la cloche avec les pendules qui était là depuis hier est aussi très verte <eos>,13,verte,vert,11,F,P,verte,-9.378416,vert,-11.58157,1
5656,S_NOUN_8_ADJ_a,F,S,la cloche avec les pendules qui était là depuis hier est aussi très bleue <eos>,13,bleue,bleu,11,F,P,bleue,-11.46388,bleu,-12.233908,1
5657,S_NOUN_8_ADJ_a,F,S,la cloche avec les pendules qui était là depuis hier est aussi très noire <eos>,13,noire,noir,11,F,P,noire,-8.194399,noir,-12.249322,1
5658,S_NOUN_8_ADJ_a,F,S,la cloche avec les pendules qui était là depuis hier est aussi très délicate <eos>,13,délicate,délicat,11,F,P,délicate,-6.138529,délicat,-9.541501,1
5659,S_NOUN_8_ADJ_a,F,S,la cloche avec les pendules qui était là depuis hier est aussi très pointue <eos>,13,pointue,pointu,11,F,P,pointue,-9.288594,pointu,-12.583328,1
5660,S_NOUN_8_ADJ_a,F,S,la cloche avec les pendules qui était là depuis hier est aussi très ronde <eos>,13,ronde,rond,11,F,P,ronde,-10.398542,rond,-14.404694,1
5661,S_NOUN_8_ADJ_a,F,S,la cloche avec les pendules qui était là depuis hier est aussi très froide <eos>,13,froide,froid,11,F,P,froide,-8.67153,froid,-11.453659,1
5662,S_NOUN_8_ADJ_a,F,S,la cloche avec les pendules qui était là depuis hier est aussi très chaude <eos>,13,chaude,chaud,11,F,P,chaude,-6.3533125,chaud,-11.199791,1
5663,S_NOUN_8_ADJ_a,F,S,la cloche avec les pendules qui était là depuis hier est aussi très importante <eos>,13,importante,important,11,F,P,importante,-4.591057,important,-8.346888,1
5664,S_NOUN_8_ADJ_a,F,S,la cloche avec les pendules qui était là depuis hier est aussi très courte <eos>,13,courte,court,11,F,P,courte,-5.5182476,court,-7.4915466,1
5665,S_NOUN_8_ADJ_a,F,S,la cloche avec les pendules qui était là depuis hier est aussi très dure <eos>,13,dure,dur,11,F,P,dure,-6.8619714,dur,-8.609806,1
5666,S_NOUN_8_ADJ_a,F,S,la cloche avec les pendules qui était là depuis hier est aussi très claire <eos>,13,claire,clair,11,F,P,claire,-5.8799577,clair,-9.173094,1
5667,S_NOUN_8_ADJ_a,F,S,la cloche avec les pendules qui était là depuis hier est aussi très intéressante <eos>,13,intéressante,intéressant,11,F,P,intéressante,-5.100244,intéressant,-8.811361,1
5668,S_NOUN_8_ADJ_a,F,S,la cloche avec les pendules qui était là depuis hier est aussi très brillante <eos>,13,brillante,brillant,11,F,P,brillante,-7.1654134,brillant,-10.90263,1
5669,S_NOUN_8_ADJ_a,F,S,la cloche avec les pendules qui était là depuis hier est aussi très compliquée <eos>,13,compliquée,compliqué,11,F,P,compliquée,-6.0853133,compliqué,-8.432556,1
5670,S_NOUN_8_ADJ_a,F,S,la cloche avec les cloches qui était là depuis hier est aussi très verte <eos>,13,verte,vert,11,F,P,verte,-9.491748,vert,-11.55288,1
5671,S_NOUN_8_ADJ_a,F,S,la cloche avec les cloches qui était là depuis hier est aussi très bleue <eos>,13,bleue,bleu,11,F,P,bleue,-11.390722,bleu,-12.346632,1
5672,S_NOUN_8_ADJ_a,F,S,la cloche avec les cloches qui était là depuis hier est aussi très noire <eos>,13,noire,noir,11,F,P,noire,-8.4492655,noir,-12.973708,1
5673,S_NOUN_8_ADJ_a,F,S,la cloche avec les cloches qui était là depuis hier est aussi très délicate <eos>,13,délicate,délicat,11,F,P,délicate,-6.25268,délicat,-9.672214,1
5674,S_NOUN_8_ADJ_a,F,S,la cloche avec les cloches qui était là depuis hier est aussi très pointue <eos>,13,pointue,pointu,11,F,P,pointue,-10.278789,pointu,-13.38176,1
5675,S_NOUN_8_ADJ_a,F,S,la cloche avec les cloches qui était là depuis hier est aussi très ronde <eos>,13,ronde,rond,11,F,P,ronde,-10.658937,rond,-14.843227,1
5676,S_NOUN_8_ADJ_a,F,S,la cloche avec les cloches qui était là depuis hier est aussi très froide <eos>,13,froide,froid,11,F,P,froide,-8.536837,froid,-11.932255,1
5677,S_NOUN_8_ADJ_a,F,S,la cloche avec les cloches qui était là depuis hier est aussi très chaude <eos>,13,chaude,chaud,11,F,P,chaude,-6.329632,chaud,-11.897824,1
5678,S_NOUN_8_ADJ_a,F,S,la cloche avec les cloches qui était là depuis hier est aussi très importante <eos>,13,importante,important,11,F,P,importante,-4.1805587,important,-7.974011,1
5679,S_NOUN_8_ADJ_a,F,S,la cloche avec les cloches qui était là depuis hier est aussi très courte <eos>,13,courte,court,11,F,P,courte,-5.7098346,court,-7.662272,1
5680,S_NOUN_8_ADJ_a,F,S,la cloche avec les cloches qui était là depuis hier est aussi très dure <eos>,13,dure,dur,11,F,P,dure,-6.4780397,dur,-8.709178,1
5681,S_NOUN_8_ADJ_a,F,S,la cloche avec les cloches qui était là depuis hier est aussi très claire <eos>,13,claire,clair,11,F,P,claire,-6.143938,clair,-9.348029,1
5682,S_NOUN_8_ADJ_a,F,S,la cloche avec les cloches qui était là depuis hier est aussi très intéressante <eos>,13,intéressante,intéressant,11,F,P,intéressante,-4.7392216,intéressant,-8.428627,1
5683,S_NOUN_8_ADJ_a,F,S,la cloche avec les cloches qui était là depuis hier est aussi très brillante <eos>,13,brillante,brillant,11,F,P,brillante,-6.743869,brillant,-10.920234,1
5684,S_NOUN_8_ADJ_a,F,S,la cloche avec les cloches qui était là depuis hier est aussi très compliquée <eos>,13,compliquée,compliqué,11,F,P,compliquée,-7.192127,compliqué,-9.472594,1
5685,S_NOUN_8_ADJ_a,F,S,la cloche avec les cerises qui était là depuis hier est aussi très verte <eos>,13,verte,vert,11,F,P,verte,-9.451012,vert,-11.547398,1
5686,S_NOUN_8_ADJ_a,F,S,la cloche avec les cerises qui était là depuis hier est aussi très bleue <eos>,13,bleue,bleu,11,F,P,bleue,-11.763426,bleu,-12.5248375,1
5687,S_NOUN_8_ADJ_a,F,S,la cloche avec les cerises qui était là depuis hier est aussi très noire <eos>,13,noire,noir,11,F,P,noire,-8.373781,noir,-12.596371,1
5688,S_NOUN_8_ADJ_a,F,S,la cloche avec les cerises qui était là depuis hier est aussi très délicate <eos>,13,délicate,délicat,11,F,P,délicate,-6.0906744,délicat,-9.071672,1
5689,S_NOUN_8_ADJ_a,F,S,la cloche avec les cerises qui était là depuis hier est aussi très pointue <eos>,13,pointue,pointu,11,F,P,pointue,-9.724327,pointu,-12.632248,1
5690,S_NOUN_8_ADJ_a,F,S,la cloche avec les cerises qui était là depuis hier est aussi très ronde <eos>,13,ronde,rond,11,F,P,ronde,-10.224502,rond,-14.028558,1
5691,S_NOUN_8_ADJ_a,F,S,la cloche avec les cerises qui était là depuis hier est aussi très froide <eos>,13,froide,froid,11,F,P,froide,-8.5756645,froid,-11.423809,1
5692,S_NOUN_8_ADJ_a,F,S,la cloche avec les cerises qui était là depuis hier est aussi très chaude <eos>,13,chaude,chaud,11,F,P,chaude,-6.3975554,chaud,-11.230705,1
5693,S_NOUN_8_ADJ_a,F,S,la cloche avec les cerises qui était là depuis hier est aussi très importante <eos>,13,importante,important,11,F,P,importante,-4.215619,important,-8.131138,1
5694,S_NOUN_8_ADJ_a,F,S,la cloche avec les cerises qui était là depuis hier est aussi très courte <eos>,13,courte,court,11,F,P,courte,-5.868751,court,-7.8493466,1
5695,S_NOUN_8_ADJ_a,F,S,la cloche avec les cerises qui était là depuis hier est aussi très dure <eos>,13,dure,dur,11,F,P,dure,-6.459952,dur,-8.796593,1
5696,S_NOUN_8_ADJ_a,F,S,la cloche avec les cerises qui était là depuis hier est aussi très claire <eos>,13,claire,clair,11,F,P,claire,-5.4422064,clair,-9.027307,1
5697,S_NOUN_8_ADJ_a,F,S,la cloche avec les cerises qui était là depuis hier est aussi très intéressante <eos>,13,intéressante,intéressant,11,F,P,intéressante,-5.328349,intéressant,-8.819506,1
5698,S_NOUN_8_ADJ_a,F,S,la cloche avec les cerises qui était là depuis hier est aussi très brillante <eos>,13,brillante,brillant,11,F,P,brillante,-6.99506,brillant,-10.950155,1
5699,S_NOUN_8_ADJ_a,F,S,la cloche avec les cerises qui était là depuis hier est aussi très compliquée <eos>,13,compliquée,compliqué,11,F,P,compliquée,-7.180332,compliqué,-9.621708,1
5700,S_NOUN_8_ADJ_a,F,S,la cerise avec les gemmes qui était là depuis hier est aussi très verte <eos>,13,verte,vert,11,F,P,verte,-8.844237,vert,-11.167093,1
5701,S_NOUN_8_ADJ_a,F,S,la cerise avec les gemmes qui était là depuis hier est aussi très bleue <eos>,13,bleue,bleu,11,F,P,bleue,-11.247564,bleu,-11.94666,1
5702,S_NOUN_8_ADJ_a,F,S,la cerise avec les gemmes qui était là depuis hier est aussi très noire <eos>,13,noire,noir,11,F,P,noire,-7.7337084,noir,-11.641594,1
5703,S_NOUN_8_ADJ_a,F,S,la cerise avec les gemmes qui était là depuis hier est aussi très délicate <eos>,13,délicate,délicat,11,F,P,délicate,-6.491567,délicat,-10.246824,1
5704,S_NOUN_8_ADJ_a,F,S,la cerise avec les gemmes qui était là depuis hier est aussi très pointue <eos>,13,pointue,pointu,11,F,P,pointue,-10.477133,pointu,-12.717008,1
5705,S_NOUN_8_ADJ_a,F,S,la cerise avec les gemmes qui était là depuis hier est aussi très ronde <eos>,13,ronde,rond,11,F,P,ronde,-10.832028,rond,-14.7463455,1
5706,S_NOUN_8_ADJ_a,F,S,la cerise avec les gemmes qui était là depuis hier est aussi très froide <eos>,13,froide,froid,11,F,P,froide,-7.247327,froid,-9.230046,1
5707,S_NOUN_8_ADJ_a,F,S,la cerise avec les gemmes qui était là depuis hier est aussi très chaude <eos>,13,chaude,chaud,11,F,P,chaude,-4.9411206,chaud,-9.137831,1
5708,S_NOUN_8_ADJ_a,F,S,la cerise avec les gemmes qui était là depuis hier est aussi très importante <eos>,13,importante,important,11,F,P,importante,-3.7734232,important,-8.032982,1
5709,S_NOUN_8_ADJ_a,F,S,la cerise avec les gemmes qui était là depuis hier est aussi très courte <eos>,13,courte,court,11,F,P,courte,-6.658555,court,-8.8013735,1
5710,S_NOUN_8_ADJ_a,F,S,la cerise avec les gemmes qui était là depuis hier est aussi très dure <eos>,13,dure,dur,11,F,P,dure,-6.365202,dur,-7.7430353,1
5711,S_NOUN_8_ADJ_a,F,S,la cerise avec les gemmes qui était là depuis hier est aussi très claire <eos>,13,claire,clair,11,F,P,claire,-5.0431147,clair,-8.376406,1
5712,S_NOUN_8_ADJ_a,F,S,la cerise avec les gemmes qui était là depuis hier est aussi très intéressante <eos>,13,intéressante,intéressant,11,F,P,intéressante,-5.8616967,intéressant,-9.453672,1
5713,S_NOUN_8_ADJ_a,F,S,la cerise avec les gemmes qui était là depuis hier est aussi très brillante <eos>,13,brillante,brillant,11,F,P,brillante,-6.1331635,brillant,-10.333744,1
5714,S_NOUN_8_ADJ_a,F,S,la cerise avec les gemmes qui était là depuis hier est aussi très compliquée <eos>,13,compliquée,compliqué,11,F,P,compliquée,-7.7677503,compliqué,-10.078264,1
5715,S_NOUN_8_ADJ_a,F,S,la cerise avec les chaises qui était là depuis hier est aussi très verte <eos>,13,verte,vert,11,F,P,verte,-8.6878,vert,-11.046248,1
5716,S_NOUN_8_ADJ_a,F,S,la cerise avec les chaises qui était là depuis hier est aussi très bleue <eos>,13,bleue,bleu,11,F,P,bleue,-11.21451,bleu,-11.752567,1
5717,S_NOUN_8_ADJ_a,F,S,la cerise avec les chaises qui était là depuis hier est aussi très noire <eos>,13,noire,noir,11,F,P,noire,-7.6844625,noir,-12.011694,1
5718,S_NOUN_8_ADJ_a,F,S,la cerise avec les chaises qui était là depuis hier est aussi très délicate <eos>,13,délicate,délicat,11,F,P,délicate,-6.6825013,délicat,-9.825254,1
5719,S_NOUN_8_ADJ_a,F,S,la cerise avec les chaises qui était là depuis hier est aussi très pointue <eos>,13,pointue,pointu,11,F,P,pointue,-9.813933,pointu,-12.151667,1
5720,S_NOUN_8_ADJ_a,F,S,la cerise avec les chaises qui était là depuis hier est aussi très ronde <eos>,13,ronde,rond,11,F,P,ronde,-9.964641,rond,-13.844502,1
5721,S_NOUN_8_ADJ_a,F,S,la cerise avec les chaises qui était là depuis hier est aussi très froide <eos>,13,froide,froid,11,F,P,froide,-7.919839,froid,-10.41168,1
5722,S_NOUN_8_ADJ_a,F,S,la cerise avec les chaises qui était là depuis hier est aussi très chaude <eos>,13,chaude,chaud,11,F,P,chaude,-4.9464636,chaud,-9.81869,1
5723,S_NOUN_8_ADJ_a,F,S,la cerise avec les chaises qui était là depuis hier est aussi très importante <eos>,13,importante,important,11,F,P,importante,-4.0138645,important,-8.307278,1
5724,S_NOUN_8_ADJ_a,F,S,la cerise avec les chaises qui était là depuis hier est aussi très courte <eos>,13,courte,court,11,F,P,courte,-6.2045684,court,-8.266644,1
5725,S_NOUN_8_ADJ_a,F,S,la cerise avec les chaises qui était là depuis hier est aussi très dure <eos>,13,dure,dur,11,F,P,dure,-6.1353846,dur,-7.854759,1
5726,S_NOUN_8_ADJ_a,F,S,la cerise avec les chaises qui était là depuis hier est aussi très claire <eos>,13,claire,clair,11,F,P,claire,-5.0697184,clair,-8.349482,1
5727,S_NOUN_8_ADJ_a,F,S,la cerise avec les chaises qui était là depuis hier est aussi très intéressante <eos>,13,intéressante,intéressant,11,F,P,intéressante,-6.1005154,intéressant,-9.408587,1
5728,S_NOUN_8_ADJ_a,F,S,la cerise avec les chaises qui était là depuis hier est aussi très brillante <eos>,13,brillante,brillant,11,F,P,brillante,-6.166418,brillant,-10.293974,1
5729,S_NOUN_8_ADJ_a,F,S,la cerise avec les chaises qui était là depuis hier est aussi très compliquée <eos>,13,compliquée,compliqué,11,F,P,compliquée,-7.868866,compliqué,-10.053676,1
5730,S_NOUN_8_ADJ_a,F,S,la cerise avec les poubelles qui était là depuis hier est aussi très verte <eos>,13,verte,vert,11,F,P,verte,-9.031027,vert,-11.4900465,1
5731,S_NOUN_8_ADJ_a,F,S,la cerise avec les poubelles qui était là depuis hier est aussi très bleue <eos>,13,bleue,bleu,11,F,P,bleue,-11.768622,bleu,-12.112992,1
5732,S_NOUN_8_ADJ_a,F,S,la cerise avec les poubelles qui était là depuis hier est aussi très noire <eos>,13,noire,noir,11,F,P,noire,-7.8482924,noir,-12.217415,1
5733,S_NOUN_8_ADJ_a,F,S,la cerise avec les poubelles qui était là depuis hier est aussi très délicate <eos>,13,délicate,délicat,11,F,P,délicate,-6.427906,délicat,-9.8976755,1
5734,S_NOUN_8_ADJ_a,F,S,la cerise avec les poubelles qui était là depuis hier est aussi très pointue <eos>,13,pointue,pointu,11,F,P,pointue,-9.626223,pointu,-11.997629,1
5735,S_NOUN_8_ADJ_a,F,S,la cerise avec les poubelles qui était là depuis hier est aussi très ronde <eos>,13,ronde,rond,11,F,P,ronde,-10.207567,rond,-14.185972,1
5736,S_NOUN_8_ADJ_a,F,S,la cerise avec les poubelles qui était là depuis hier est aussi très froide <eos>,13,froide,froid,11,F,P,froide,-7.071614,froid,-9.747253,1
5737,S_NOUN_8_ADJ_a,F,S,la cerise avec les poubelles qui était là depuis hier est aussi très chaude <eos>,13,chaude,chaud,11,F,P,chaude,-4.918231,chaud,-9.471413,1
5738,S_NOUN_8_ADJ_a,F,S,la cerise avec les poubelles qui était là depuis hier est aussi très importante <eos>,13,importante,important,11,F,P,importante,-3.7052538,important,-7.8328295,1
5739,S_NOUN_8_ADJ_a,F,S,la cerise avec les poubelles qui était là depuis hier est aussi très courte <eos>,13,courte,court,11,F,P,courte,-6.440249,court,-8.44145,1
5740,S_NOUN_8_ADJ_a,F,S,la cerise avec les poubelles qui était là depuis hier est aussi très dure <eos>,13,dure,dur,11,F,P,dure,-6.5455403,dur,-7.867122,1
5741,S_NOUN_8_ADJ_a,F,S,la cerise avec les poubelles qui était là depuis hier est aussi très claire <eos>,13,claire,clair,11,F,P,claire,-5.0210342,clair,-8.567918,1
5742,S_NOUN_8_ADJ_a,F,S,la cerise avec les poubelles qui était là depuis hier est aussi très intéressante <eos>,13,intéressante,intéressant,11,F,P,intéressante,-5.706852,intéressant,-9.174703,1
5743,S_NOUN_8_ADJ_a,F,S,la cerise avec les poubelles qui était là depuis hier est aussi très brillante <eos>,13,brillante,brillant,11,F,P,brillante,-6.6883316,brillant,-10.600538,1
5744,S_NOUN_8_ADJ_a,F,S,la cerise avec les poubelles qui était là depuis hier est aussi très compliquée <eos>,13,compliquée,compliqué,11,F,P,compliquée,-7.585578,compliqué,-9.934193,1
5745,S_NOUN_8_ADJ_a,F,S,la cerise avec les chemises qui était là depuis hier est aussi très verte <eos>,13,verte,vert,11,F,P,verte,-8.874239,vert,-11.170839,1
5746,S_NOUN_8_ADJ_a,F,S,la cerise avec les chemises qui était là depuis hier est aussi très bleue <eos>,13,bleue,bleu,11,F,P,bleue,-11.037049,bleu,-11.751759,1
5747,S_NOUN_8_ADJ_a,F,S,la cerise avec les chemises qui était là depuis hier est aussi très noire <eos>,13,noire,noir,11,F,P,noire,-7.2527313,noir,-11.583683,1
5748,S_NOUN_8_ADJ_a,F,S,la cerise avec les chemises qui était là depuis hier est aussi très délicate <eos>,13,délicate,délicat,11,F,P,délicate,-6.693324,délicat,-9.790892,1
5749,S_NOUN_8_ADJ_a,F,S,la cerise avec les chemises qui était là depuis hier est aussi très pointue <eos>,13,pointue,pointu,11,F,P,pointue,-9.511333,pointu,-11.606289,1
5750,S_NOUN_8_ADJ_a,F,S,la cerise avec les chemises qui était là depuis hier est aussi très ronde <eos>,13,ronde,rond,11,F,P,ronde,-9.921822,rond,-13.747729,1
5751,S_NOUN_8_ADJ_a,F,S,la cerise avec les chemises qui était là depuis hier est aussi très froide <eos>,13,froide,froid,11,F,P,froide,-7.8520837,froid,-10.632793,1
5752,S_NOUN_8_ADJ_a,F,S,la cerise avec les chemises qui était là depuis hier est aussi très chaude <eos>,13,chaude,chaud,11,F,P,chaude,-5.5226483,chaud,-9.940393,1
5753,S_NOUN_8_ADJ_a,F,S,la cerise avec les chemises qui était là depuis hier est aussi très importante <eos>,13,importante,important,11,F,P,importante,-4.2414846,important,-8.37906,1
5754,S_NOUN_8_ADJ_a,F,S,la cerise avec les chemises qui était là depuis hier est aussi très courte <eos>,13,courte,court,11,F,P,courte,-5.7381516,court,-8.037953,1
5755,S_NOUN_8_ADJ_a,F,S,la cerise avec les chemises qui était là depuis hier est aussi très dure <eos>,13,dure,dur,11,F,P,dure,-6.312041,dur,-7.9675136,1
5756,S_NOUN_8_ADJ_a,F,S,la cerise avec les chemises qui était là depuis hier est aussi très claire <eos>,13,claire,clair,11,F,P,claire,-5.173647,clair,-8.206379,1
5757,S_NOUN_8_ADJ_a,F,S,la cerise avec les chemises qui était là depuis hier est aussi très intéressante <eos>,13,intéressante,intéressant,11,F,P,intéressante,-6.1783705,intéressant,-9.519007,1
5758,S_NOUN_8_ADJ_a,F,S,la cerise avec les chemises qui était là depuis hier est aussi très brillante <eos>,13,brillante,brillant,11,F,P,brillante,-6.5902424,brillant,-10.577215,1
5759,S_NOUN_8_ADJ_a,F,S,la cerise avec les chemises qui était là depuis hier est aussi très compliquée <eos>,13,compliquée,compliqué,11,F,P,compliquée,-7.6657495,compliqué,-9.808347,1
5760,S_NOUN_8_ADJ_a,F,S,la cerise avec les recettes qui était là depuis hier est aussi très verte <eos>,13,verte,vert,11,F,P,verte,-9.419313,vert,-11.55434,1
5761,S_NOUN_8_ADJ_a,F,S,la cerise avec les recettes qui était là depuis hier est aussi très bleue <eos>,13,bleue,bleu,11,F,P,bleue,-12.543253,bleu,-12.43864,0
5762,S_NOUN_8_ADJ_a,F,S,la cerise avec les recettes qui était là depuis hier est aussi très noire <eos>,13,noire,noir,11,F,P,noire,-9.121928,noir,-11.993881,1
5763,S_NOUN_8_ADJ_a,F,S,la cerise avec les recettes qui était là depuis hier est aussi très délicate <eos>,13,délicate,délicat,11,F,P,délicate,-6.687798,délicat,-9.862272,1
5764,S_NOUN_8_ADJ_a,F,S,la cerise avec les recettes qui était là depuis hier est aussi très pointue <eos>,13,pointue,pointu,11,F,P,pointue,-10.757034,pointu,-12.647087,1
5765,S_NOUN_8_ADJ_a,F,S,la cerise avec les recettes qui était là depuis hier est aussi très ronde <eos>,13,ronde,rond,11,F,P,ronde,-11.247334,rond,-14.457391,1
5766,S_NOUN_8_ADJ_a,F,S,la cerise avec les recettes qui était là depuis hier est aussi très froide <eos>,13,froide,froid,11,F,P,froide,-7.8919554,froid,-9.491184,1
5767,S_NOUN_8_ADJ_a,F,S,la cerise avec les recettes qui était là depuis hier est aussi très chaude <eos>,13,chaude,chaud,11,F,P,chaude,-5.162267,chaud,-9.319912,1
5768,S_NOUN_8_ADJ_a,F,S,la cerise avec les recettes qui était là depuis hier est aussi très importante <eos>,13,importante,important,11,F,P,importante,-3.178944,important,-7.2809653,1
5769,S_NOUN_8_ADJ_a,F,S,la cerise avec les recettes qui était là depuis hier est aussi très courte <eos>,13,courte,court,11,F,P,courte,-6.5548553,court,-8.570586,1
5770,S_NOUN_8_ADJ_a,F,S,la cerise avec les recettes qui était là depuis hier est aussi très dure <eos>,13,dure,dur,11,F,P,dure,-6.8106194,dur,-7.742549,1
5771,S_NOUN_8_ADJ_a,F,S,la cerise avec les recettes qui était là depuis hier est aussi très claire <eos>,13,claire,clair,11,F,P,claire,-5.701575,clair,-8.691746,1
5772,S_NOUN_8_ADJ_a,F,S,la cerise avec les recettes qui était là depuis hier est aussi très intéressante <eos>,13,intéressante,intéressant,11,F,P,intéressante,-5.785803,intéressant,-9.298489,1
5773,S_NOUN_8_ADJ_a,F,S,la cerise avec les recettes qui était là depuis hier est aussi très brillante <eos>,13,brillante,brillant,11,F,P,brillante,-6.6656857,brillant,-10.74389,1
5774,S_NOUN_8_ADJ_a,F,S,la cerise avec les recettes qui était là depuis hier est aussi très compliquée <eos>,13,compliquée,compliqué,11,F,P,compliquée,-8.2649,compliqué,-10.135397,1
5775,S_NOUN_8_ADJ_a,F,S,la cerise avec les jupes qui était là depuis hier est aussi très verte <eos>,13,verte,vert,11,F,P,verte,-8.993275,vert,-11.284985,1
5776,S_NOUN_8_ADJ_a,F,S,la cerise avec les jupes qui était là depuis hier est aussi très bleue <eos>,13,bleue,bleu,11,F,P,bleue,-11.118839,bleu,-11.608686,1
5777,S_NOUN_8_ADJ_a,F,S,la cerise avec les jupes qui était là depuis hier est aussi très noire <eos>,13,noire,noir,11,F,P,noire,-7.266463,noir,-11.453222,1
5778,S_NOUN_8_ADJ_a,F,S,la cerise avec les jupes qui était là depuis hier est aussi très délicate <eos>,13,délicate,délicat,11,F,P,délicate,-6.786278,délicat,-9.674586,1
5779,S_NOUN_8_ADJ_a,F,S,la cerise avec les jupes qui était là depuis hier est aussi très pointue <eos>,13,pointue,pointu,11,F,P,pointue,-9.16737,pointu,-11.278591,1
5780,S_NOUN_8_ADJ_a,F,S,la cerise avec les jupes qui était là depuis hier est aussi très ronde <eos>,13,ronde,rond,11,F,P,ronde,-9.836779,rond,-13.41584,1
5781,S_NOUN_8_ADJ_a,F,S,la cerise avec les jupes qui était là depuis hier est aussi très froide <eos>,13,froide,froid,11,F,P,froide,-7.667853,froid,-10.388166,1
5782,S_NOUN_8_ADJ_a,F,S,la cerise avec les jupes qui était là depuis hier est aussi très chaude <eos>,13,chaude,chaud,11,F,P,chaude,-5.399295,chaud,-10.072324,1
5783,S_NOUN_8_ADJ_a,F,S,la cerise avec les jupes qui était là depuis hier est aussi très importante <eos>,13,importante,important,11,F,P,importante,-4.2369356,important,-8.338304,1
5784,S_NOUN_8_ADJ_a,F,S,la cerise avec les jupes qui était là depuis hier est aussi très courte <eos>,13,courte,court,11,F,P,courte,-5.6659937,court,-7.805484,1
5785,S_NOUN_8_ADJ_a,F,S,la cerise avec les jupes qui était là depuis hier est aussi très dure <eos>,13,dure,dur,11,F,P,dure,-6.499224,dur,-7.7850795,1
5786,S_NOUN_8_ADJ_a,F,S,la cerise avec les jupes qui était là depuis hier est aussi très claire <eos>,13,claire,clair,11,F,P,claire,-4.858573,clair,-8.1622505,1
5787,S_NOUN_8_ADJ_a,F,S,la cerise avec les jupes qui était là depuis hier est aussi très intéressante <eos>,13,intéressante,intéressant,11,F,P,intéressante,-5.9871492,intéressant,-9.434975,1
5788,S_NOUN_8_ADJ_a,F,S,la cerise avec les jupes qui était là depuis hier est aussi très brillante <eos>,13,brillante,brillant,11,F,P,brillante,-6.4659557,brillant,-10.525982,1
5789,S_NOUN_8_ADJ_a,F,S,la cerise avec les jupes qui était là depuis hier est aussi très compliquée <eos>,13,compliquée,compliqué,11,F,P,compliquée,-7.425104,compliqué,-9.566023,1
5790,S_NOUN_8_ADJ_a,F,S,la cerise avec les colles qui était là depuis hier est aussi très verte <eos>,13,verte,vert,11,F,P,verte,-9.190552,vert,-11.70134,1
5791,S_NOUN_8_ADJ_a,F,S,la cerise avec les colles qui était là depuis hier est aussi très bleue <eos>,13,bleue,bleu,11,F,P,bleue,-11.69157,bleu,-12.344032,1
5792,S_NOUN_8_ADJ_a,F,S,la cerise avec les colles qui était là depuis hier est aussi très noire <eos>,13,noire,noir,11,F,P,noire,-8.53293,noir,-12.465965,1
5793,S_NOUN_8_ADJ_a,F,S,la cerise avec les colles qui était là depuis hier est aussi très délicate <eos>,13,délicate,délicat,11,F,P,délicate,-6.0266495,délicat,-9.815694,1
5794,S_NOUN_8_ADJ_a,F,S,la cerise avec les colles qui était là depuis hier est aussi très pointue <eos>,13,pointue,pointu,11,F,P,pointue,-9.926489,pointu,-12.3557,1
5795,S_NOUN_8_ADJ_a,F,S,la cerise avec les colles qui était là depuis hier est aussi très ronde <eos>,13,ronde,rond,11,F,P,ronde,-10.726147,rond,-14.372898,1
5796,S_NOUN_8_ADJ_a,F,S,la cerise avec les colles qui était là depuis hier est aussi très froide <eos>,13,froide,froid,11,F,P,froide,-7.2168903,froid,-9.5972185,1
5797,S_NOUN_8_ADJ_a,F,S,la cerise avec les colles qui était là depuis hier est aussi très chaude <eos>,13,chaude,chaud,11,F,P,chaude,-4.998,chaud,-9.193103,1
5798,S_NOUN_8_ADJ_a,F,S,la cerise avec les colles qui était là depuis hier est aussi très importante <eos>,13,importante,important,11,F,P,importante,-3.9068894,important,-8.022768,1
5799,S_NOUN_8_ADJ_a,F,S,la cerise avec les colles qui était là depuis hier est aussi très courte <eos>,13,courte,court,11,F,P,courte,-6.8510265,court,-8.854775,1
5800,S_NOUN_8_ADJ_a,F,S,la cerise avec les colles qui était là depuis hier est aussi très dure <eos>,13,dure,dur,11,F,P,dure,-6.5641484,dur,-7.2373824,1
5801,S_NOUN_8_ADJ_a,F,S,la cerise avec les colles qui était là depuis hier est aussi très claire <eos>,13,claire,clair,11,F,P,claire,-5.2822094,clair,-8.31727,1
5802,S_NOUN_8_ADJ_a,F,S,la cerise avec les colles qui était là depuis hier est aussi très intéressante <eos>,13,intéressante,intéressant,11,F,P,intéressante,-5.7872076,intéressant,-9.14518,1
5803,S_NOUN_8_ADJ_a,F,S,la cerise avec les colles qui était là depuis hier est aussi très brillante <eos>,13,brillante,brillant,11,F,P,brillante,-6.549326,brillant,-10.287137,1
5804,S_NOUN_8_ADJ_a,F,S,la cerise avec les colles qui était là depuis hier est aussi très compliquée <eos>,13,compliquée,compliqué,11,F,P,compliquée,-6.9001064,compliqué,-9.300766,1
5805,S_NOUN_8_ADJ_a,F,S,la cerise avec les lampes qui était là depuis hier est aussi très verte <eos>,13,verte,vert,11,F,P,verte,-8.505185,vert,-10.980635,1
5806,S_NOUN_8_ADJ_a,F,S,la cerise avec les lampes qui était là depuis hier est aussi très bleue <eos>,13,bleue,bleu,11,F,P,bleue,-11.19781,bleu,-11.695294,1
5807,S_NOUN_8_ADJ_a,F,S,la cerise avec les lampes qui était là depuis hier est aussi très noire <eos>,13,noire,noir,11,F,P,noire,-7.767376,noir,-11.57717,1
5808,S_NOUN_8_ADJ_a,F,S,la cerise avec les lampes qui était là depuis hier est aussi très délicate <eos>,13,délicate,délicat,11,F,P,délicate,-6.294404,délicat,-9.641729,1
5809,S_NOUN_8_ADJ_a,F,S,la cerise avec les lampes qui était là depuis hier est aussi très pointue <eos>,13,pointue,pointu,11,F,P,pointue,-9.579411,pointu,-12.052125,1
5810,S_NOUN_8_ADJ_a,F,S,la cerise avec les lampes qui était là depuis hier est aussi très ronde <eos>,13,ronde,rond,11,F,P,ronde,-10.237583,rond,-14.042205,1
5811,S_NOUN_8_ADJ_a,F,S,la cerise avec les lampes qui était là depuis hier est aussi très froide <eos>,13,froide,froid,11,F,P,froide,-7.3902044,froid,-9.9133,1
5812,S_NOUN_8_ADJ_a,F,S,la cerise avec les lampes qui était là depuis hier est aussi très chaude <eos>,13,chaude,chaud,11,F,P,chaude,-4.813208,chaud,-9.093498,1
5813,S_NOUN_8_ADJ_a,F,S,la cerise avec les lampes qui était là depuis hier est aussi très importante <eos>,13,importante,important,11,F,P,importante,-4.0796194,important,-8.243978,1
5814,S_NOUN_8_ADJ_a,F,S,la cerise avec les lampes qui était là depuis hier est aussi très courte <eos>,13,courte,court,11,F,P,courte,-6.2321086,court,-8.236984,1
5815,S_NOUN_8_ADJ_a,F,S,la cerise avec les lampes qui était là depuis hier est aussi très dure <eos>,13,dure,dur,11,F,P,dure,-6.358116,dur,-7.7565565,1
5816,S_NOUN_8_ADJ_a,F,S,la cerise avec les lampes qui était là depuis hier est aussi très claire <eos>,13,claire,clair,11,F,P,claire,-5.085626,clair,-8.26099,1
5817,S_NOUN_8_ADJ_a,F,S,la cerise avec les lampes qui était là depuis hier est aussi très intéressante <eos>,13,intéressante,intéressant,11,F,P,intéressante,-5.762857,intéressant,-9.224453,1
5818,S_NOUN_8_ADJ_a,F,S,la cerise avec les lampes qui était là depuis hier est aussi très brillante <eos>,13,brillante,brillant,11,F,P,brillante,-5.960202,brillant,-10.050735,1
5819,S_NOUN_8_ADJ_a,F,S,la cerise avec les lampes qui était là depuis hier est aussi très compliquée <eos>,13,compliquée,compliqué,11,F,P,compliquée,-7.24736,compliqué,-9.548428,1
5820,S_NOUN_8_ADJ_a,F,S,la cerise avec les bouteilles qui était là depuis hier est aussi très verte <eos>,13,verte,vert,11,F,P,verte,-8.918954,vert,-10.967195,1
5821,S_NOUN_8_ADJ_a,F,S,la cerise avec les bouteilles qui était là depuis hier est aussi très bleue <eos>,13,bleue,bleu,11,F,P,bleue,-11.624802,bleu,-11.898584,1
5822,S_NOUN_8_ADJ_a,F,S,la cerise avec les bouteilles qui était là depuis hier est aussi très noire <eos>,13,noire,noir,11,F,P,noire,-8.09464,noir,-11.558256,1
5823,S_NOUN_8_ADJ_a,F,S,la cerise avec les bouteilles qui était là depuis hier est aussi très délicate <eos>,13,délicate,délicat,11,F,P,délicate,-6.3246174,délicat,-9.532923,1
5824,S_NOUN_8_ADJ_a,F,S,la cerise avec les bouteilles qui était là depuis hier est aussi très pointue <eos>,13,pointue,pointu,11,F,P,pointue,-10.038474,pointu,-12.183027,1
5825,S_NOUN_8_ADJ_a,F,S,la cerise avec les bouteilles qui était là depuis hier est aussi très ronde <eos>,13,ronde,rond,11,F,P,ronde,-10.365691,rond,-13.807215,1
5826,S_NOUN_8_ADJ_a,F,S,la cerise avec les bouteilles qui était là depuis hier est aussi très froide <eos>,13,froide,froid,11,F,P,froide,-7.4468155,froid,-9.466169,1
5827,S_NOUN_8_ADJ_a,F,S,la cerise avec les bouteilles qui était là depuis hier est aussi très chaude <eos>,13,chaude,chaud,11,F,P,chaude,-4.944558,chaud,-9.169688,1
5828,S_NOUN_8_ADJ_a,F,S,la cerise avec les bouteilles qui était là depuis hier est aussi très importante <eos>,13,importante,important,11,F,P,importante,-3.7047417,important,-7.564866,1
5829,S_NOUN_8_ADJ_a,F,S,la cerise avec les bouteilles qui était là depuis hier est aussi très courte <eos>,13,courte,court,11,F,P,courte,-6.5486755,court,-8.459306,1
5830,S_NOUN_8_ADJ_a,F,S,la cerise avec les bouteilles qui était là depuis hier est aussi très dure <eos>,13,dure,dur,11,F,P,dure,-6.519496,dur,-7.6143017,1
5831,S_NOUN_8_ADJ_a,F,S,la cerise avec les bouteilles qui était là depuis hier est aussi très claire <eos>,13,claire,clair,11,F,P,claire,-5.0830975,clair,-8.219017,1
5832,S_NOUN_8_ADJ_a,F,S,la cerise avec les bouteilles qui était là depuis hier est aussi très intéressante <eos>,13,intéressante,intéressant,11,F,P,intéressante,-5.5874043,intéressant,-8.878945,1
5833,S_NOUN_8_ADJ_a,F,S,la cerise avec les bouteilles qui était là depuis hier est aussi très brillante <eos>,13,brillante,brillant,11,F,P,brillante,-6.436097,brillant,-9.97652,1
5834,S_NOUN_8_ADJ_a,F,S,la cerise avec les bouteilles qui était là depuis hier est aussi très compliquée <eos>,13,compliquée,compliqué,11,F,P,compliquée,-7.677399,compliqué,-9.530048,1
5835,S_NOUN_8_ADJ_a,F,S,la cerise avec les boissons qui était là depuis hier est aussi très verte <eos>,13,verte,vert,11,F,P,verte,-9.061196,vert,-11.45656,1
5836,S_NOUN_8_ADJ_a,F,S,la cerise avec les boissons qui était là depuis hier est aussi très bleue <eos>,13,bleue,bleu,11,F,P,bleue,-11.493473,bleu,-12.247938,1
5837,S_NOUN_8_ADJ_a,F,S,la cerise avec les boissons qui était là depuis hier est aussi très noire <eos>,13,noire,noir,11,F,P,noire,-8.127817,noir,-12.052881,1
5838,S_NOUN_8_ADJ_a,F,S,la cerise avec les boissons qui était là depuis hier est aussi très délicate <eos>,13,délicate,délicat,11,F,P,délicate,-6.4451447,délicat,-9.956412,1
5839,S_NOUN_8_ADJ_a,F,S,la cerise avec les boissons qui était là depuis hier est aussi très pointue <eos>,13,pointue,pointu,11,F,P,pointue,-10.913597,pointu,-12.545184,1
5840,S_NOUN_8_ADJ_a,F,S,la cerise avec les boissons qui était là depuis hier est aussi très ronde <eos>,13,ronde,rond,11,F,P,ronde,-11.099646,rond,-14.679738,1
5841,S_NOUN_8_ADJ_a,F,S,la cerise avec les boissons qui était là depuis hier est aussi très froide <eos>,13,froide,froid,11,F,P,froide,-6.8727264,froid,-8.927964,1
5842,S_NOUN_8_ADJ_a,F,S,la cerise avec les boissons qui était là depuis hier est aussi très chaude <eos>,13,chaude,chaud,11,F,P,chaude,-4.6392517,chaud,-8.706513,1
5843,S_NOUN_8_ADJ_a,F,S,la cerise avec les boissons qui était là depuis hier est aussi très importante <eos>,13,importante,important,11,F,P,importante,-3.7651758,important,-7.8776484,1
5844,S_NOUN_8_ADJ_a,F,S,la cerise avec les boissons qui était là depuis hier est aussi très courte <eos>,13,courte,court,11,F,P,courte,-6.628822,court,-8.9369545,1
5845,S_NOUN_8_ADJ_a,F,S,la cerise avec les boissons qui était là depuis hier est aussi très dure <eos>,13,dure,dur,11,F,P,dure,-6.2575054,dur,-8.06682,1
5846,S_NOUN_8_ADJ_a,F,S,la cerise avec les boissons qui était là depuis hier est aussi très claire <eos>,13,claire,clair,11,F,P,claire,-5.2362084,clair,-8.220371,1
5847,S_NOUN_8_ADJ_a,F,S,la cerise avec les boissons qui était là depuis hier est aussi très intéressante <eos>,13,intéressante,intéressant,11,F,P,intéressante,-6.2022767,intéressant,-9.3501835,1
5848,S_NOUN_8_ADJ_a,F,S,la cerise avec les boissons qui était là depuis hier est aussi très brillante <eos>,13,brillante,brillant,11,F,P,brillante,-7.202998,brillant,-10.788289,1
5849,S_NOUN_8_ADJ_a,F,S,la cerise avec les boissons qui était là depuis hier est aussi très compliquée <eos>,13,compliquée,compliqué,11,F,P,compliquée,-7.898885,compliqué,-10.114755,1
5850,S_NOUN_8_ADJ_a,F,S,la cerise avec les pommes qui était là depuis hier est aussi très verte <eos>,13,verte,vert,11,F,P,verte,-9.393076,vert,-11.831539,1
5851,S_NOUN_8_ADJ_a,F,S,la cerise avec les pommes qui était là depuis hier est aussi très bleue <eos>,13,bleue,bleu,11,F,P,bleue,-11.49557,bleu,-12.371501,1
5852,S_NOUN_8_ADJ_a,F,S,la cerise avec les pommes qui était là depuis hier est aussi très noire <eos>,13,noire,noir,11,F,P,noire,-7.903557,noir,-12.016621,1
5853,S_NOUN_8_ADJ_a,F,S,la cerise avec les pommes qui était là depuis hier est aussi très délicate <eos>,13,délicate,délicat,11,F,P,délicate,-6.3438387,délicat,-9.747402,1
5854,S_NOUN_8_ADJ_a,F,S,la cerise avec les pommes qui était là depuis hier est aussi très pointue <eos>,13,pointue,pointu,11,F,P,pointue,-10.146563,pointu,-12.502314,1
5855,S_NOUN_8_ADJ_a,F,S,la cerise avec les pommes qui était là depuis hier est aussi très ronde <eos>,13,ronde,rond,11,F,P,ronde,-10.465079,rond,-14.671647,1
5856,S_NOUN_8_ADJ_a,F,S,la cerise avec les pommes qui était là depuis hier est aussi très froide <eos>,13,froide,froid,11,F,P,froide,-7.341241,froid,-9.453648,1
5857,S_NOUN_8_ADJ_a,F,S,la cerise avec les pommes qui était là depuis hier est aussi très chaude <eos>,13,chaude,chaud,11,F,P,chaude,-4.707224,chaud,-9.518857,1
5858,S_NOUN_8_ADJ_a,F,S,la cerise avec les pommes qui était là depuis hier est aussi très importante <eos>,13,importante,important,11,F,P,importante,-3.680757,important,-8.1951275,1
5859,S_NOUN_8_ADJ_a,F,S,la cerise avec les pommes qui était là depuis hier est aussi très courte <eos>,13,courte,court,11,F,P,courte,-6.0914288,court,-8.842475,1
5860,S_NOUN_8_ADJ_a,F,S,la cerise avec les pommes qui était là depuis hier est aussi très dure <eos>,13,dure,dur,11,F,P,dure,-5.7572775,dur,-8.172096,1
5861,S_NOUN_8_ADJ_a,F,S,la cerise avec les pommes qui était là depuis hier est aussi très claire <eos>,13,claire,clair,11,F,P,claire,-5.1866684,clair,-8.437066,1
5862,S_NOUN_8_ADJ_a,F,S,la cerise avec les pommes qui était là depuis hier est aussi très intéressante <eos>,13,intéressante,intéressant,11,F,P,intéressante,-6.1486015,intéressant,-9.796094,1
5863,S_NOUN_8_ADJ_a,F,S,la cerise avec les pommes qui était là depuis hier est aussi très brillante <eos>,13,brillante,brillant,11,F,P,brillante,-6.6371326,brillant,-10.873618,1
5864,S_NOUN_8_ADJ_a,F,S,la cerise avec les pommes qui était là depuis hier est aussi très compliquée <eos>,13,compliquée,compliqué,11,F,P,compliquée,-8.076971,compliqué,-10.411927,1
5865,S_NOUN_8_ADJ_a,F,S,la cerise avec les tasses qui était là depuis hier est aussi très verte <eos>,13,verte,vert,11,F,P,verte,-9.257973,vert,-11.221106,1
5866,S_NOUN_8_ADJ_a,F,S,la cerise avec les tasses qui était là depuis hier est aussi très bleue <eos>,13,bleue,bleu,11,F,P,bleue,-11.747778,bleu,-12.058949,1
5867,S_NOUN_8_ADJ_a,F,S,la cerise avec les tasses qui était là depuis hier est aussi très noire <eos>,13,noire,noir,11,F,P,noire,-8.242748,noir,-11.962901,1
5868,S_NOUN_8_ADJ_a,F,S,la cerise avec les tasses qui était là depuis hier est aussi très délicate <eos>,13,délicate,délicat,11,F,P,délicate,-6.41835,délicat,-9.298324,1
5869,S_NOUN_8_ADJ_a,F,S,la cerise avec les tasses qui était là depuis hier est aussi très pointue <eos>,13,pointue,pointu,11,F,P,pointue,-10.027232,pointu,-12.243035,1
5870,S_NOUN_8_ADJ_a,F,S,la cerise avec les tasses qui était là depuis hier est aussi très ronde <eos>,13,ronde,rond,11,F,P,ronde,-10.021296,rond,-13.78208,1
5871,S_NOUN_8_ADJ_a,F,S,la cerise avec les tasses qui était là depuis hier est aussi très froide <eos>,13,froide,froid,11,F,P,froide,-7.127419,froid,-9.67042,1
5872,S_NOUN_8_ADJ_a,F,S,la cerise avec les tasses qui était là depuis hier est aussi très chaude <eos>,13,chaude,chaud,11,F,P,chaude,-4.849666,chaud,-9.240721,1
5873,S_NOUN_8_ADJ_a,F,S,la cerise avec les tasses qui était là depuis hier est aussi très importante <eos>,13,importante,important,11,F,P,importante,-3.8647358,important,-7.781111,1
5874,S_NOUN_8_ADJ_a,F,S,la cerise avec les tasses qui était là depuis hier est aussi très courte <eos>,13,courte,court,11,F,P,courte,-6.2405443,court,-8.326534,1
5875,S_NOUN_8_ADJ_a,F,S,la cerise avec les tasses qui était là depuis hier est aussi très dure <eos>,13,dure,dur,11,F,P,dure,-6.246875,dur,-7.64579,1
5876,S_NOUN_8_ADJ_a,F,S,la cerise avec les tasses qui était là depuis hier est aussi très claire <eos>,13,claire,clair,11,F,P,claire,-5.254904,clair,-7.9955044,1
5877,S_NOUN_8_ADJ_a,F,S,la cerise avec les tasses qui était là depuis hier est aussi très intéressante <eos>,13,intéressante,intéressant,11,F,P,intéressante,-5.8045444,intéressant,-9.309553,1
5878,S_NOUN_8_ADJ_a,F,S,la cerise avec les tasses qui était là depuis hier est aussi très brillante <eos>,13,brillante,brillant,11,F,P,brillante,-6.2796764,brillant,-10.131648,1
5879,S_NOUN_8_ADJ_a,F,S,la cerise avec les tasses qui était là depuis hier est aussi très compliquée <eos>,13,compliquée,compliqué,11,F,P,compliquée,-7.783778,compliqué,-9.752179,1
5880,S_NOUN_8_ADJ_a,F,S,la cerise avec les bougies qui était là depuis hier est aussi très verte <eos>,13,verte,vert,11,F,P,verte,-8.810753,vert,-11.097271,1
5881,S_NOUN_8_ADJ_a,F,S,la cerise avec les bougies qui était là depuis hier est aussi très bleue <eos>,13,bleue,bleu,11,F,P,bleue,-11.274952,bleu,-11.766672,1
5882,S_NOUN_8_ADJ_a,F,S,la cerise avec les bougies qui était là depuis hier est aussi très noire <eos>,13,noire,noir,11,F,P,noire,-7.535098,noir,-11.5350065,1
5883,S_NOUN_8_ADJ_a,F,S,la cerise avec les bougies qui était là depuis hier est aussi très délicate <eos>,13,délicate,délicat,11,F,P,délicate,-6.8434687,délicat,-9.874428,1
5884,S_NOUN_8_ADJ_a,F,S,la cerise avec les bougies qui était là depuis hier est aussi très pointue <eos>,13,pointue,pointu,11,F,P,pointue,-10.004169,pointu,-12.221323,1
5885,S_NOUN_8_ADJ_a,F,S,la cerise avec les bougies qui était là depuis hier est aussi très ronde <eos>,13,ronde,rond,11,F,P,ronde,-10.25707,rond,-13.864317,1
5886,S_NOUN_8_ADJ_a,F,S,la cerise avec les bougies qui était là depuis hier est aussi très froide <eos>,13,froide,froid,11,F,P,froide,-7.487731,froid,-9.852257,1
5887,S_NOUN_8_ADJ_a,F,S,la cerise avec les bougies qui était là depuis hier est aussi très chaude <eos>,13,chaude,chaud,11,F,P,chaude,-5.0161834,chaud,-9.657297,1
5888,S_NOUN_8_ADJ_a,F,S,la cerise avec les bougies qui était là depuis hier est aussi très importante <eos>,13,importante,important,11,F,P,importante,-4.1119604,important,-8.285388,1
5889,S_NOUN_8_ADJ_a,F,S,la cerise avec les bougies qui était là depuis hier est aussi très courte <eos>,13,courte,court,11,F,P,courte,-6.0351048,court,-8.13485,1
5890,S_NOUN_8_ADJ_a,F,S,la cerise avec les bougies qui était là depuis hier est aussi très dure <eos>,13,dure,dur,11,F,P,dure,-6.396712,dur,-8.033758,1
5891,S_NOUN_8_ADJ_a,F,S,la cerise avec les bougies qui était là depuis hier est aussi très claire <eos>,13,claire,clair,11,F,P,claire,-4.9322767,clair,-8.296402,1
5892,S_NOUN_8_ADJ_a,F,S,la cerise avec les bougies qui était là depuis hier est aussi très intéressante <eos>,13,intéressante,intéressant,11,F,P,intéressante,-6.1117573,intéressant,-9.540875,1
5893,S_NOUN_8_ADJ_a,F,S,la cerise avec les bougies qui était là depuis hier est aussi très brillante <eos>,13,brillante,brillant,11,F,P,brillante,-6.388547,brillant,-10.486276,1
5894,S_NOUN_8_ADJ_a,F,S,la cerise avec les bougies qui était là depuis hier est aussi très compliquée <eos>,13,compliquée,compliqué,11,F,P,compliquée,-7.9643292,compliqué,-10.053589,1
5895,S_NOUN_8_ADJ_a,F,S,la cerise avec les pochettes qui était là depuis hier est aussi très verte <eos>,13,verte,vert,11,F,P,verte,-9.12559,vert,-11.497813,1
5896,S_NOUN_8_ADJ_a,F,S,la cerise avec les pochettes qui était là depuis hier est aussi très bleue <eos>,13,bleue,bleu,11,F,P,bleue,-11.839458,bleu,-11.840618,1
5897,S_NOUN_8_ADJ_a,F,S,la cerise avec les pochettes qui était là depuis hier est aussi très noire <eos>,13,noire,noir,11,F,P,noire,-8.459365,noir,-11.752664,1
5898,S_NOUN_8_ADJ_a,F,S,la cerise avec les pochettes qui était là depuis hier est aussi très délicate <eos>,13,délicate,délicat,11,F,P,délicate,-7.226595,délicat,-10.31044,1
5899,S_NOUN_8_ADJ_a,F,S,la cerise avec les pochettes qui était là depuis hier est aussi très pointue <eos>,13,pointue,pointu,11,F,P,pointue,-10.2323885,pointu,-11.393,1
5900,S_NOUN_8_ADJ_a,F,S,la cerise avec les pochettes qui était là depuis hier est aussi très ronde <eos>,13,ronde,rond,11,F,P,ronde,-11.171627,rond,-14.574274,1
5901,S_NOUN_8_ADJ_a,F,S,la cerise avec les pochettes qui était là depuis hier est aussi très froide <eos>,13,froide,froid,11,F,P,froide,-8.732552,froid,-10.003542,1
5902,S_NOUN_8_ADJ_a,F,S,la cerise avec les pochettes qui était là depuis hier est aussi très chaude <eos>,13,chaude,chaud,11,F,P,chaude,-5.485257,chaud,-10.170259,1
5903,S_NOUN_8_ADJ_a,F,S,la cerise avec les pochettes qui était là depuis hier est aussi très importante <eos>,13,importante,important,11,F,P,importante,-3.373461,important,-7.5394163,1
5904,S_NOUN_8_ADJ_a,F,S,la cerise avec les pochettes qui était là depuis hier est aussi très courte <eos>,13,courte,court,11,F,P,courte,-5.769405,court,-8.132143,1
5905,S_NOUN_8_ADJ_a,F,S,la cerise avec les pochettes qui était là depuis hier est aussi très dure <eos>,13,dure,dur,11,F,P,dure,-6.0015755,dur,-7.4942284,1
5906,S_NOUN_8_ADJ_a,F,S,la cerise avec les pochettes qui était là depuis hier est aussi très claire <eos>,13,claire,clair,11,F,P,claire,-4.7727585,clair,-8.23571,1
5907,S_NOUN_8_ADJ_a,F,S,la cerise avec les pochettes qui était là depuis hier est aussi très intéressante <eos>,13,intéressante,intéressant,11,F,P,intéressante,-5.8173285,intéressant,-9.061539,1
5908,S_NOUN_8_ADJ_a,F,S,la cerise avec les pochettes qui était là depuis hier est aussi très brillante <eos>,13,brillante,brillant,11,F,P,brillante,-5.6288037,brillant,-10.315502,1
5909,S_NOUN_8_ADJ_a,F,S,la cerise avec les pochettes qui était là depuis hier est aussi très compliquée <eos>,13,compliquée,compliqué,11,F,P,compliquée,-7.26137,compliqué,-10.226515,1
5910,S_NOUN_8_ADJ_a,F,S,la cerise avec les bananes qui était là depuis hier est aussi très verte <eos>,13,verte,vert,11,F,P,verte,-8.659511,vert,-11.308693,1
5911,S_NOUN_8_ADJ_a,F,S,la cerise avec les bananes qui était là depuis hier est aussi très bleue <eos>,13,bleue,bleu,11,F,P,bleue,-11.388603,bleu,-12.18124,1
5912,S_NOUN_8_ADJ_a,F,S,la cerise avec les bananes qui était là depuis hier est aussi très noire <eos>,13,noire,noir,11,F,P,noire,-7.976507,noir,-11.875835,1
5913,S_NOUN_8_ADJ_a,F,S,la cerise avec les bananes qui était là depuis hier est aussi très délicate <eos>,13,délicate,délicat,11,F,P,délicate,-6.692355,délicat,-10.037688,1
5914,S_NOUN_8_ADJ_a,F,S,la cerise avec les bananes qui était là depuis hier est aussi très pointue <eos>,13,pointue,pointu,11,F,P,pointue,-10.274713,pointu,-12.436452,1
5915,S_NOUN_8_ADJ_a,F,S,la cerise avec les bananes qui était là depuis hier est aussi très ronde <eos>,13,ronde,rond,11,F,P,ronde,-10.470846,rond,-14.485351,1
5916,S_NOUN_8_ADJ_a,F,S,la cerise avec les bananes qui était là depuis hier est aussi très froide <eos>,13,froide,froid,11,F,P,froide,-7.2487717,froid,-9.338971,1
5917,S_NOUN_8_ADJ_a,F,S,la cerise avec les bananes qui était là depuis hier est aussi très chaude <eos>,13,chaude,chaud,11,F,P,chaude,-4.815115,chaud,-9.291225,1
5918,S_NOUN_8_ADJ_a,F,S,la cerise avec les bananes qui était là depuis hier est aussi très importante <eos>,13,importante,important,11,F,P,importante,-3.647665,important,-8.016739,1
5919,S_NOUN_8_ADJ_a,F,S,la cerise avec les bananes qui était là depuis hier est aussi très courte <eos>,13,courte,court,11,F,P,courte,-6.5759068,court,-8.58908,1
5920,S_NOUN_8_ADJ_a,F,S,la cerise avec les bananes qui était là depuis hier est aussi très dure <eos>,13,dure,dur,11,F,P,dure,-6.018343,dur,-7.818467,1
5921,S_NOUN_8_ADJ_a,F,S,la cerise avec les bananes qui était là depuis hier est aussi très claire <eos>,13,claire,clair,11,F,P,claire,-5.4075975,clair,-8.817055,1
5922,S_NOUN_8_ADJ_a,F,S,la cerise avec les bananes qui était là depuis hier est aussi très intéressante <eos>,13,intéressante,intéressant,11,F,P,intéressante,-5.979731,intéressant,-9.576361,1
5923,S_NOUN_8_ADJ_a,F,S,la cerise avec les bananes qui était là depuis hier est aussi très brillante <eos>,13,brillante,brillant,11,F,P,brillante,-6.5461674,brillant,-10.597046,1
5924,S_NOUN_8_ADJ_a,F,S,la cerise avec les bananes qui était là depuis hier est aussi très compliquée <eos>,13,compliquée,compliqué,11,F,P,compliquée,-8.185277,compliqué,-10.220607,1
5925,S_NOUN_8_ADJ_a,F,S,la cerise avec les robes qui était là depuis hier est aussi très verte <eos>,13,verte,vert,11,F,P,verte,-8.983786,vert,-11.522355,1
5926,S_NOUN_8_ADJ_a,F,S,la cerise avec les robes qui était là depuis hier est aussi très bleue <eos>,13,bleue,bleu,11,F,P,bleue,-11.197912,bleu,-11.978052,1
5927,S_NOUN_8_ADJ_a,F,S,la cerise avec les robes qui était là depuis hier est aussi très noire <eos>,13,noire,noir,11,F,P,noire,-7.554079,noir,-11.855051,1
5928,S_NOUN_8_ADJ_a,F,S,la cerise avec les robes qui était là depuis hier est aussi très délicate <eos>,13,délicate,délicat,11,F,P,délicate,-7.339038,délicat,-10.408614,1
5929,S_NOUN_8_ADJ_a,F,S,la cerise avec les robes qui était là depuis hier est aussi très pointue <eos>,13,pointue,pointu,11,F,P,pointue,-10.421053,pointu,-11.964222,1
5930,S_NOUN_8_ADJ_a,F,S,la cerise avec les robes qui était là depuis hier est aussi très ronde <eos>,13,ronde,rond,11,F,P,ronde,-10.911007,rond,-14.271687,1
5931,S_NOUN_8_ADJ_a,F,S,la cerise avec les robes qui était là depuis hier est aussi très froide <eos>,13,froide,froid,11,F,P,froide,-7.962041,froid,-10.596314,1
5932,S_NOUN_8_ADJ_a,F,S,la cerise avec les robes qui était là depuis hier est aussi très chaude <eos>,13,chaude,chaud,11,F,P,chaude,-5.7261333,chaud,-10.223305,1
5933,S_NOUN_8_ADJ_a,F,S,la cerise avec les robes qui était là depuis hier est aussi très importante <eos>,13,importante,important,11,F,P,importante,-4.089402,important,-8.276068,1
5934,S_NOUN_8_ADJ_a,F,S,la cerise avec les robes qui était là depuis hier est aussi très courte <eos>,13,courte,court,11,F,P,courte,-6.2542562,court,-8.429321,1
5935,S_NOUN_8_ADJ_a,F,S,la cerise avec les robes qui était là depuis hier est aussi très dure <eos>,13,dure,dur,11,F,P,dure,-7.098189,dur,-8.788914,1
5936,S_NOUN_8_ADJ_a,F,S,la cerise avec les robes qui était là depuis hier est aussi très claire <eos>,13,claire,clair,11,F,P,claire,-5.282485,clair,-8.548365,1
5937,S_NOUN_8_ADJ_a,F,S,la cerise avec les robes qui était là depuis hier est aussi très intéressante <eos>,13,intéressante,intéressant,11,F,P,intéressante,-6.259166,intéressant,-9.486161,1
5938,S_NOUN_8_ADJ_a,F,S,la cerise avec les robes qui était là depuis hier est aussi très brillante <eos>,13,brillante,brillant,11,F,P,brillante,-6.7372966,brillant,-11.141659,1
5939,S_NOUN_8_ADJ_a,F,S,la cerise avec les robes qui était là depuis hier est aussi très compliquée <eos>,13,compliquée,compliqué,11,F,P,compliquée,-8.563946,compliqué,-10.648114,1
5940,S_NOUN_8_ADJ_a,F,S,la cerise avec les valises qui était là depuis hier est aussi très verte <eos>,13,verte,vert,11,F,P,verte,-9.171063,vert,-11.452557,1
5941,S_NOUN_8_ADJ_a,F,S,la cerise avec les valises qui était là depuis hier est aussi très bleue <eos>,13,bleue,bleu,11,F,P,bleue,-11.887418,bleu,-11.995199,1
5942,S_NOUN_8_ADJ_a,F,S,la cerise avec les valises qui était là depuis hier est aussi très noire <eos>,13,noire,noir,11,F,P,noire,-8.0067425,noir,-12.028173,1
5943,S_NOUN_8_ADJ_a,F,S,la cerise avec les valises qui était là depuis hier est aussi très délicate <eos>,13,délicate,délicat,11,F,P,délicate,-6.2640424,délicat,-9.699635,1
5944,S_NOUN_8_ADJ_a,F,S,la cerise avec les valises qui était là depuis hier est aussi très pointue <eos>,13,pointue,pointu,11,F,P,pointue,-9.687204,pointu,-11.866997,1
5945,S_NOUN_8_ADJ_a,F,S,la cerise avec les valises qui était là depuis hier est aussi très ronde <eos>,13,ronde,rond,11,F,P,ronde,-10.224952,rond,-14.031961,1
5946,S_NOUN_8_ADJ_a,F,S,la cerise avec les valises qui était là depuis hier est aussi très froide <eos>,13,froide,froid,11,F,P,froide,-7.327652,froid,-9.691995,1
5947,S_NOUN_8_ADJ_a,F,S,la cerise avec les valises qui était là depuis hier est aussi très chaude <eos>,13,chaude,chaud,11,F,P,chaude,-4.7977176,chaud,-9.329035,1
5948,S_NOUN_8_ADJ_a,F,S,la cerise avec les valises qui était là depuis hier est aussi très importante <eos>,13,importante,important,11,F,P,importante,-3.5881028,important,-7.610618,1
5949,S_NOUN_8_ADJ_a,F,S,la cerise avec les valises qui était là depuis hier est aussi très courte <eos>,13,courte,court,11,F,P,courte,-6.356824,court,-8.345529,1
5950,S_NOUN_8_ADJ_a,F,S,la cerise avec les valises qui était là depuis hier est aussi très dure <eos>,13,dure,dur,11,F,P,dure,-6.2414455,dur,-7.4466467,1
5951,S_NOUN_8_ADJ_a,F,S,la cerise avec les valises qui était là depuis hier est aussi très claire <eos>,13,claire,clair,11,F,P,claire,-5.007701,clair,-8.482258,1
5952,S_NOUN_8_ADJ_a,F,S,la cerise avec les valises qui était là depuis hier est aussi très intéressante <eos>,13,intéressante,intéressant,11,F,P,intéressante,-5.7509975,intéressant,-9.014748,1
5953,S_NOUN_8_ADJ_a,F,S,la cerise avec les valises qui était là depuis hier est aussi très brillante <eos>,13,brillante,brillant,11,F,P,brillante,-6.5394316,brillant,-10.312605,1
5954,S_NOUN_8_ADJ_a,F,S,la cerise avec les valises qui était là depuis hier est aussi très compliquée <eos>,13,compliquée,compliqué,11,F,P,compliquée,-7.4979544,compliqué,-9.458268,1
5955,S_NOUN_8_ADJ_a,F,S,la cerise avec les pendules qui était là depuis hier est aussi très verte <eos>,13,verte,vert,11,F,P,verte,-8.652647,vert,-11.220128,1
5956,S_NOUN_8_ADJ_a,F,S,la cerise avec les pendules qui était là depuis hier est aussi très bleue <eos>,13,bleue,bleu,11,F,P,bleue,-11.346424,bleu,-11.789181,1
5957,S_NOUN_8_ADJ_a,F,S,la cerise avec les pendules qui était là depuis hier est aussi très noire <eos>,13,noire,noir,11,F,P,noire,-7.9197536,noir,-11.6796665,1
5958,S_NOUN_8_ADJ_a,F,S,la cerise avec les pendules qui était là depuis hier est aussi très délicate <eos>,13,délicate,délicat,11,F,P,délicate,-6.4807253,délicat,-9.775841,1
5959,S_NOUN_8_ADJ_a,F,S,la cerise avec les pendules qui était là depuis hier est aussi très pointue <eos>,13,pointue,pointu,11,F,P,pointue,-9.801706,pointu,-12.111356,1
5960,S_NOUN_8_ADJ_a,F,S,la cerise avec les pendules qui était là depuis hier est aussi très ronde <eos>,13,ronde,rond,11,F,P,ronde,-10.597912,rond,-14.262179,1
5961,S_NOUN_8_ADJ_a,F,S,la cerise avec les pendules qui était là depuis hier est aussi très froide <eos>,13,froide,froid,11,F,P,froide,-7.662335,froid,-9.871511,1
5962,S_NOUN_8_ADJ_a,F,S,la cerise avec les pendules qui était là depuis hier est aussi très chaude <eos>,13,chaude,chaud,11,F,P,chaude,-5.1580977,chaud,-9.382423,1
5963,S_NOUN_8_ADJ_a,F,S,la cerise avec les pendules qui était là depuis hier est aussi très importante <eos>,13,importante,important,11,F,P,importante,-4.108593,important,-8.211018,1
5964,S_NOUN_8_ADJ_a,F,S,la cerise avec les pendules qui était là depuis hier est aussi très courte <eos>,13,courte,court,11,F,P,courte,-6.306025,court,-8.603691,1
5965,S_NOUN_8_ADJ_a,F,S,la cerise avec les pendules qui était là depuis hier est aussi très dure <eos>,13,dure,dur,11,F,P,dure,-6.5611753,dur,-8.0156555,1
5966,S_NOUN_8_ADJ_a,F,S,la cerise avec les pendules qui était là depuis hier est aussi très claire <eos>,13,claire,clair,11,F,P,claire,-4.9501348,clair,-8.210337,1
5967,S_NOUN_8_ADJ_a,F,S,la cerise avec les pendules qui était là depuis hier est aussi très intéressante <eos>,13,intéressante,intéressant,11,F,P,intéressante,-5.770167,intéressant,-9.1128235,1
5968,S_NOUN_8_ADJ_a,F,S,la cerise avec les pendules qui était là depuis hier est aussi très brillante <eos>,13,brillante,brillant,11,F,P,brillante,-6.622011,brillant,-10.362046,1
5969,S_NOUN_8_ADJ_a,F,S,la cerise avec les pendules qui était là depuis hier est aussi très compliquée <eos>,13,compliquée,compliqué,11,F,P,compliquée,-7.031086,compliqué,-9.244837,1
5970,S_NOUN_8_ADJ_a,F,S,la cerise avec les cloches qui était là depuis hier est aussi très verte <eos>,13,verte,vert,11,F,P,verte,-8.891115,vert,-10.955164,1
5971,S_NOUN_8_ADJ_a,F,S,la cerise avec les cloches qui était là depuis hier est aussi très bleue <eos>,13,bleue,bleu,11,F,P,bleue,-11.42343,bleu,-11.931118,1
5972,S_NOUN_8_ADJ_a,F,S,la cerise avec les cloches qui était là depuis hier est aussi très noire <eos>,13,noire,noir,11,F,P,noire,-7.6784105,noir,-12.21141,1
5973,S_NOUN_8_ADJ_a,F,S,la cerise avec les cloches qui était là depuis hier est aussi très délicate <eos>,13,délicate,délicat,11,F,P,délicate,-6.279091,délicat,-9.552194,1
5974,S_NOUN_8_ADJ_a,F,S,la cerise avec les cloches qui était là depuis hier est aussi très pointue <eos>,13,pointue,pointu,11,F,P,pointue,-10.166063,pointu,-12.741418,1
5975,S_NOUN_8_ADJ_a,F,S,la cerise avec les cloches qui était là depuis hier est aussi très ronde <eos>,13,ronde,rond,11,F,P,ronde,-10.299353,rond,-14.504348,1
5976,S_NOUN_8_ADJ_a,F,S,la cerise avec les cloches qui était là depuis hier est aussi très froide <eos>,13,froide,froid,11,F,P,froide,-7.43029,froid,-9.958623,1
5977,S_NOUN_8_ADJ_a,F,S,la cerise avec les cloches qui était là depuis hier est aussi très chaude <eos>,13,chaude,chaud,11,F,P,chaude,-4.3322473,chaud,-9.25289,1
5978,S_NOUN_8_ADJ_a,F,S,la cerise avec les cloches qui était là depuis hier est aussi très importante <eos>,13,importante,important,11,F,P,importante,-3.9555523,important,-8.360181,1
5979,S_NOUN_8_ADJ_a,F,S,la cerise avec les cloches qui était là depuis hier est aussi très courte <eos>,13,courte,court,11,F,P,courte,-6.425623,court,-8.878172,1
5980,S_NOUN_8_ADJ_a,F,S,la cerise avec les cloches qui était là depuis hier est aussi très dure <eos>,13,dure,dur,11,F,P,dure,-5.912306,dur,-7.7513914,1
5981,S_NOUN_8_ADJ_a,F,S,la cerise avec les cloches qui était là depuis hier est aussi très claire <eos>,13,claire,clair,11,F,P,claire,-4.907767,clair,-8.295118,1
5982,S_NOUN_8_ADJ_a,F,S,la cerise avec les cloches qui était là depuis hier est aussi très intéressante <eos>,13,intéressante,intéressant,11,F,P,intéressante,-6.1649313,intéressant,-9.468439,1
5983,S_NOUN_8_ADJ_a,F,S,la cerise avec les cloches qui était là depuis hier est aussi très brillante <eos>,13,brillante,brillant,11,F,P,brillante,-6.2714624,brillant,-10.263069,1
5984,S_NOUN_8_ADJ_a,F,S,la cerise avec les cloches qui était là depuis hier est aussi très compliquée <eos>,13,compliquée,compliqué,11,F,P,compliquée,-7.774423,compliqué,-9.998764,1
5985,S_NOUN_8_ADJ_a,F,S,la cerise avec les cerises qui était là depuis hier est aussi très verte <eos>,13,verte,vert,11,F,P,verte,-9.135387,vert,-11.362604,1
5986,S_NOUN_8_ADJ_a,F,S,la cerise avec les cerises qui était là depuis hier est aussi très bleue <eos>,13,bleue,bleu,11,F,P,bleue,-11.619084,bleu,-12.100627,1
5987,S_NOUN_8_ADJ_a,F,S,la cerise avec les cerises qui était là depuis hier est aussi très noire <eos>,13,noire,noir,11,F,P,noire,-7.8882666,noir,-12.020626,1
5988,S_NOUN_8_ADJ_a,F,S,la cerise avec les cerises qui était là depuis hier est aussi très délicate <eos>,13,délicate,délicat,11,F,P,délicate,-6.2120466,délicat,-9.425046,1
5989,S_NOUN_8_ADJ_a,F,S,la cerise avec les cerises qui était là depuis hier est aussi très pointue <eos>,13,pointue,pointu,11,F,P,pointue,-10.264242,pointu,-12.579094,1
5990,S_NOUN_8_ADJ_a,F,S,la cerise avec les cerises qui était là depuis hier est aussi très ronde <eos>,13,ronde,rond,11,F,P,ronde,-10.455188,rond,-14.370024,1
5991,S_NOUN_8_ADJ_a,F,S,la cerise avec les cerises qui était là depuis hier est aussi très froide <eos>,13,froide,froid,11,F,P,froide,-7.6634665,froid,-9.489718,1
5992,S_NOUN_8_ADJ_a,F,S,la cerise avec les cerises qui était là depuis hier est aussi très chaude <eos>,13,chaude,chaud,11,F,P,chaude,-5.216469,chaud,-9.603569,1
5993,S_NOUN_8_ADJ_a,F,S,la cerise avec les cerises qui était là depuis hier est aussi très importante <eos>,13,importante,important,11,F,P,importante,-3.9521332,important,-8.219929,1
5994,S_NOUN_8_ADJ_a,F,S,la cerise avec les cerises qui était là depuis hier est aussi très courte <eos>,13,courte,court,11,F,P,courte,-6.099414,court,-8.670087,1
5995,S_NOUN_8_ADJ_a,F,S,la cerise avec les cerises qui était là depuis hier est aussi très dure <eos>,13,dure,dur,11,F,P,dure,-5.6903925,dur,-8.028382,1
5996,S_NOUN_8_ADJ_a,F,S,la cerise avec les cerises qui était là depuis hier est aussi très claire <eos>,13,claire,clair,11,F,P,claire,-5.054723,clair,-8.299221,1
5997,S_NOUN_8_ADJ_a,F,S,la cerise avec les cerises qui était là depuis hier est aussi très intéressante <eos>,13,intéressante,intéressant,11,F,P,intéressante,-6.315835,intéressant,-9.767612,1
5998,S_NOUN_8_ADJ_a,F,S,la cerise avec les cerises qui était là depuis hier est aussi très brillante <eos>,13,brillante,brillant,11,F,P,brillante,-6.2539907,brillant,-10.582527,1
5999,S_NOUN_8_ADJ_a,F,S,la cerise avec les cerises qui était là depuis hier est aussi très compliquée <eos>,13,compliquée,compliqué,11,F,P,compliquée,-8.150061,compliqué,-10.521608,1
6000,S_NOUN_8_ADJ_a,M,S,le bracelet avec les bracelets qui était là depuis hier est aussi très vert <eos>,13,vert,verte,11,M,P,vert,-10.306707,verte,-14.138387,1
6001,S_NOUN_8_ADJ_a,M,S,le bracelet avec les bracelets qui était là depuis hier est aussi très bleu <eos>,13,bleu,bleue,11,M,P,bleu,-10.978081,bleue,-16.876045,1
6002,S_NOUN_8_ADJ_a,M,S,le bracelet avec les bracelets qui était là depuis hier est aussi très noir <eos>,13,noir,noire,11,M,P,noir,-9.541111,noire,-13.825045,1
6003,S_NOUN_8_ADJ_a,M,S,le bracelet avec les bracelets qui était là depuis hier est aussi très délicat <eos>,13,délicat,délicate,11,M,P,délicat,-7.5702343,délicate,-10.113941,1
6004,S_NOUN_8_ADJ_a,M,S,le bracelet avec les bracelets qui était là depuis hier est aussi très pointu <eos>,13,pointu,pointue,11,M,P,pointu,-8.331514,pointue,-13.245692,1
6005,S_NOUN_8_ADJ_a,M,S,le bracelet avec les bracelets qui était là depuis hier est aussi très rond <eos>,13,rond,ronde,11,M,P,rond,-10.5727825,ronde,-13.387402,1
6006,S_NOUN_8_ADJ_a,M,S,le bracelet avec les bracelets qui était là depuis hier est aussi très froid <eos>,13,froid,froide,11,M,P,froid,-8.216903,froide,-12.586866,1
6007,S_NOUN_8_ADJ_a,M,S,le bracelet avec les bracelets qui était là depuis hier est aussi très chaud <eos>,13,chaud,chaude,11,M,P,chaud,-7.195651,chaude,-11.472713,1
6008,S_NOUN_8_ADJ_a,M,S,le bracelet avec les bracelets qui était là depuis hier est aussi très important <eos>,13,important,importante,11,M,P,important,-4.9343977,importante,-8.995252,1
6009,S_NOUN_8_ADJ_a,M,S,le bracelet avec les bracelets qui était là depuis hier est aussi très court <eos>,13,court,courte,11,M,P,court,-4.8584213,courte,-9.242679,1
6010,S_NOUN_8_ADJ_a,M,S,le bracelet avec les bracelets qui était là depuis hier est aussi très dur <eos>,13,dur,dure,11,M,P,dur,-5.926036,dure,-8.570146,1
6011,S_NOUN_8_ADJ_a,M,S,le bracelet avec les bracelets qui était là depuis hier est aussi très clair <eos>,13,clair,claire,11,M,P,clair,-6.9131055,claire,-10.207958,1
6012,S_NOUN_8_ADJ_a,M,S,le bracelet avec les bracelets qui était là depuis hier est aussi très intéressant <eos>,13,intéressant,intéressante,11,M,P,intéressant,-6.1922264,intéressante,-9.785882,1
6013,S_NOUN_8_ADJ_a,M,S,le bracelet avec les bracelets qui était là depuis hier est aussi très brillant <eos>,13,brillant,brillante,11,M,P,brillant,-7.7058563,brillante,-11.294943,1
6014,S_NOUN_8_ADJ_a,M,S,le bracelet avec les bracelets qui était là depuis hier est aussi très compliqué <eos>,13,compliqué,compliquée,11,M,P,compliqué,-5.624112,compliquée,-9.567312,1
6015,S_NOUN_8_ADJ_a,M,S,le bracelet avec les miroirs qui était là depuis hier est aussi très vert <eos>,13,vert,verte,11,M,P,vert,-10.128774,verte,-14.094009,1
6016,S_NOUN_8_ADJ_a,M,S,le bracelet avec les miroirs qui était là depuis hier est aussi très bleu <eos>,13,bleu,bleue,11,M,P,bleu,-10.92879,bleue,-17.067097,1
6017,S_NOUN_8_ADJ_a,M,S,le bracelet avec les miroirs qui était là depuis hier est aussi très noir <eos>,13,noir,noire,11,M,P,noir,-9.409882,noire,-14.349731,1
6018,S_NOUN_8_ADJ_a,M,S,le bracelet avec les miroirs qui était là depuis hier est aussi très délicat <eos>,13,délicat,délicate,11,M,P,délicat,-7.4203887,délicate,-10.205128,1
6019,S_NOUN_8_ADJ_a,M,S,le bracelet avec les miroirs qui était là depuis hier est aussi très pointu <eos>,13,pointu,pointue,11,M,P,pointu,-8.439692,pointue,-13.1953535,1
6020,S_NOUN_8_ADJ_a,M,S,le bracelet avec les miroirs qui était là depuis hier est aussi très rond <eos>,13,rond,ronde,11,M,P,rond,-10.313669,ronde,-13.704282,1
6021,S_NOUN_8_ADJ_a,M,S,le bracelet avec les miroirs qui était là depuis hier est aussi très froid <eos>,13,froid,froide,11,M,P,froid,-7.624729,froide,-11.857339,1
6022,S_NOUN_8_ADJ_a,M,S,le bracelet avec les miroirs qui était là depuis hier est aussi très chaud <eos>,13,chaud,chaude,11,M,P,chaud,-6.748068,chaude,-10.5341,1
6023,S_NOUN_8_ADJ_a,M,S,le bracelet avec les miroirs qui était là depuis hier est aussi très important <eos>,13,important,importante,11,M,P,important,-4.7476254,importante,-8.759155,1
6024,S_NOUN_8_ADJ_a,M,S,le bracelet avec les miroirs qui était là depuis hier est aussi très court <eos>,13,court,courte,11,M,P,court,-4.7722626,courte,-9.195342,1
6025,S_NOUN_8_ADJ_a,M,S,le bracelet avec les miroirs qui était là depuis hier est aussi très dur <eos>,13,dur,dure,11,M,P,dur,-5.4262447,dure,-8.52432,1
6026,S_NOUN_8_ADJ_a,M,S,le bracelet avec les miroirs qui était là depuis hier est aussi très clair <eos>,13,clair,claire,11,M,P,clair,-6.6828585,claire,-10.146551,1
6027,S_NOUN_8_ADJ_a,M,S,le bracelet avec les miroirs qui était là depuis hier est aussi très intéressant <eos>,13,intéressant,intéressante,11,M,P,intéressant,-5.8847466,intéressante,-9.521929,1
6028,S_NOUN_8_ADJ_a,M,S,le bracelet avec les miroirs qui était là depuis hier est aussi très brillant <eos>,13,brillant,brillante,11,M,P,brillant,-7.161862,brillante,-10.409695,1
6029,S_NOUN_8_ADJ_a,M,S,le bracelet avec les miroirs qui était là depuis hier est aussi très compliqué <eos>,13,compliqué,compliquée,11,M,P,compliqué,-5.5837555,compliquée,-9.090488,1
6030,S_NOUN_8_ADJ_a,M,S,le bracelet avec les crayons qui était là depuis hier est aussi très vert <eos>,13,vert,verte,11,M,P,vert,-9.667551,verte,-13.809975,1
6031,S_NOUN_8_ADJ_a,M,S,le bracelet avec les crayons qui était là depuis hier est aussi très bleu <eos>,13,bleu,bleue,11,M,P,bleu,-10.523279,bleue,-16.92722,1
6032,S_NOUN_8_ADJ_a,M,S,le bracelet avec les crayons qui était là depuis hier est aussi très noir <eos>,13,noir,noire,11,M,P,noir,-9.338911,noire,-14.076644,1
6033,S_NOUN_8_ADJ_a,M,S,le bracelet avec les crayons qui était là depuis hier est aussi très délicat <eos>,13,délicat,délicate,11,M,P,délicat,-7.0869675,délicate,-10.190559,1
6034,S_NOUN_8_ADJ_a,M,S,le bracelet avec les crayons qui était là depuis hier est aussi très pointu <eos>,13,pointu,pointue,11,M,P,pointu,-8.518576,pointue,-13.689845,1
6035,S_NOUN_8_ADJ_a,M,S,le bracelet avec les crayons qui était là depuis hier est aussi très rond <eos>,13,rond,ronde,11,M,P,rond,-10.544267,ronde,-14.017371,1
6036,S_NOUN_8_ADJ_a,M,S,le bracelet avec les crayons qui était là depuis hier est aussi très froid <eos>,13,froid,froide,11,M,P,froid,-7.494111,froide,-12.247722,1
6037,S_NOUN_8_ADJ_a,M,S,le bracelet avec les crayons qui était là depuis hier est aussi très chaud <eos>,13,chaud,chaude,11,M,P,chaud,-6.9137177,chaude,-10.977903,1
6038,S_NOUN_8_ADJ_a,M,S,le bracelet avec les crayons qui était là depuis hier est aussi très important <eos>,13,important,importante,11,M,P,important,-4.6679845,importante,-8.689793,1
6039,S_NOUN_8_ADJ_a,M,S,le bracelet avec les crayons qui était là depuis hier est aussi très court <eos>,13,court,courte,11,M,P,court,-5.0346336,courte,-9.710066,1
6040,S_NOUN_8_ADJ_a,M,S,le bracelet avec les crayons qui était là depuis hier est aussi très dur <eos>,13,dur,dure,11,M,P,dur,-5.5306015,dure,-8.365742,1
6041,S_NOUN_8_ADJ_a,M,S,le bracelet avec les crayons qui était là depuis hier est aussi très clair <eos>,13,clair,claire,11,M,P,clair,-6.2649536,claire,-9.709205,1
6042,S_NOUN_8_ADJ_a,M,S,le bracelet avec les crayons qui était là depuis hier est aussi très intéressant <eos>,13,intéressant,intéressante,11,M,P,intéressant,-6.033368,intéressante,-9.895291,1
6043,S_NOUN_8_ADJ_a,M,S,le bracelet avec les crayons qui était là depuis hier est aussi très brillant <eos>,13,brillant,brillante,11,M,P,brillant,-7.1441603,brillante,-10.70236,1
6044,S_NOUN_8_ADJ_a,M,S,le bracelet avec les crayons qui était là depuis hier est aussi très compliqué <eos>,13,compliqué,compliquée,11,M,P,compliqué,-6.142683,compliquée,-9.745042,1
6045,S_NOUN_8_ADJ_a,M,S,le bracelet avec les rideaux qui était là depuis hier est aussi très vert <eos>,13,vert,verte,11,M,P,vert,-10.198157,verte,-14.10529,1
6046,S_NOUN_8_ADJ_a,M,S,le bracelet avec les rideaux qui était là depuis hier est aussi très bleu <eos>,13,bleu,bleue,11,M,P,bleu,-10.847056,bleue,-16.95972,1
6047,S_NOUN_8_ADJ_a,M,S,le bracelet avec les rideaux qui était là depuis hier est aussi très noir <eos>,13,noir,noire,11,M,P,noir,-9.3362465,noire,-13.767064,1
6048,S_NOUN_8_ADJ_a,M,S,le bracelet avec les rideaux qui était là depuis hier est aussi très délicat <eos>,13,délicat,délicate,11,M,P,délicat,-7.456006,délicate,-10.315414,1
6049,S_NOUN_8_ADJ_a,M,S,le bracelet avec les rideaux qui était là depuis hier est aussi très pointu <eos>,13,pointu,pointue,11,M,P,pointu,-8.38681,pointue,-13.5029745,1
6050,S_NOUN_8_ADJ_a,M,S,le bracelet avec les rideaux qui était là depuis hier est aussi très rond <eos>,13,rond,ronde,11,M,P,rond,-10.328028,ronde,-13.558039,1
6051,S_NOUN_8_ADJ_a,M,S,le bracelet avec les rideaux qui était là depuis hier est aussi très froid <eos>,13,froid,froide,11,M,P,froid,-7.5009665,froide,-12.275648,1
6052,S_NOUN_8_ADJ_a,M,S,le bracelet avec les rideaux qui était là depuis hier est aussi très chaud <eos>,13,chaud,chaude,11,M,P,chaud,-6.8493886,chaude,-10.90781,1
6053,S_NOUN_8_ADJ_a,M,S,le bracelet avec les rideaux qui était là depuis hier est aussi très important <eos>,13,important,importante,11,M,P,important,-4.7096586,importante,-8.808765,1
6054,S_NOUN_8_ADJ_a,M,S,le bracelet avec les rideaux qui était là depuis hier est aussi très court <eos>,13,court,courte,11,M,P,court,-4.578684,courte,-9.204083,1
6055,S_NOUN_8_ADJ_a,M,S,le bracelet avec les rideaux qui était là depuis hier est aussi très dur <eos>,13,dur,dure,11,M,P,dur,-5.7233086,dure,-8.095731,1
6056,S_NOUN_8_ADJ_a,M,S,le bracelet avec les rideaux qui était là depuis hier est aussi très clair <eos>,13,clair,claire,11,M,P,clair,-6.5782886,claire,-9.825607,1
6057,S_NOUN_8_ADJ_a,M,S,le bracelet avec les rideaux qui était là depuis hier est aussi très intéressant <eos>,13,intéressant,intéressante,11,M,P,intéressant,-6.2232075,intéressante,-9.875781,1
6058,S_NOUN_8_ADJ_a,M,S,le bracelet avec les rideaux qui était là depuis hier est aussi très brillant <eos>,13,brillant,brillante,11,M,P,brillant,-7.6771183,brillante,-11.142188,1
6059,S_NOUN_8_ADJ_a,M,S,le bracelet avec les rideaux qui était là depuis hier est aussi très compliqué <eos>,13,compliqué,compliquée,11,M,P,compliqué,-5.797104,compliquée,-9.425199,1
6060,S_NOUN_8_ADJ_a,M,S,le bracelet avec les cahiers qui était là depuis hier est aussi très vert <eos>,13,vert,verte,11,M,P,vert,-10.861865,verte,-14.650384,1
6061,S_NOUN_8_ADJ_a,M,S,le bracelet avec les cahiers qui était là depuis hier est aussi très bleu <eos>,13,bleu,bleue,11,M,P,bleu,-11.745861,bleue,-17.640482,1
6062,S_NOUN_8_ADJ_a,M,S,le bracelet avec les cahiers qui était là depuis hier est aussi très noir <eos>,13,noir,noire,11,M,P,noir,-9.703344,noire,-14.907613,1
6063,S_NOUN_8_ADJ_a,M,S,le bracelet avec les cahiers qui était là depuis hier est aussi très délicat <eos>,13,délicat,délicate,11,M,P,délicat,-7.727774,délicate,-10.706581,1
6064,S_NOUN_8_ADJ_a,M,S,le bracelet avec les cahiers qui était là depuis hier est aussi très pointu <eos>,13,pointu,pointue,11,M,P,pointu,-8.523396,pointue,-13.837622,1
6065,S_NOUN_8_ADJ_a,M,S,le bracelet avec les cahiers qui était là depuis hier est aussi très rond <eos>,13,rond,ronde,11,M,P,rond,-11.188366,ronde,-14.689457,1
6066,S_NOUN_8_ADJ_a,M,S,le bracelet avec les cahiers qui était là depuis hier est aussi très froid <eos>,13,froid,froide,11,M,P,froid,-7.817772,froide,-12.916267,1
6067,S_NOUN_8_ADJ_a,M,S,le bracelet avec les cahiers qui était là depuis hier est aussi très chaud <eos>,13,chaud,chaude,11,M,P,chaud,-7.2921085,chaude,-11.728739,1
6068,S_NOUN_8_ADJ_a,M,S,le bracelet avec les cahiers qui était là depuis hier est aussi très important <eos>,13,important,importante,11,M,P,important,-4.2629538,importante,-8.296734,1
6069,S_NOUN_8_ADJ_a,M,S,le bracelet avec les cahiers qui était là depuis hier est aussi très court <eos>,13,court,courte,11,M,P,court,-5.068627,courte,-8.908388,1
6070,S_NOUN_8_ADJ_a,M,S,le bracelet avec les cahiers qui était là depuis hier est aussi très dur <eos>,13,dur,dure,11,M,P,dur,-5.9958935,dure,-8.265189,1
6071,S_NOUN_8_ADJ_a,M,S,le bracelet avec les cahiers qui était là depuis hier est aussi très clair <eos>,13,clair,claire,11,M,P,clair,-6.7671957,claire,-10.556552,1
6072,S_NOUN_8_ADJ_a,M,S,le bracelet avec les cahiers qui était là depuis hier est aussi très intéressant <eos>,13,intéressant,intéressante,11,M,P,intéressant,-5.7670727,intéressante,-9.338756,1
6073,S_NOUN_8_ADJ_a,M,S,le bracelet avec les cahiers qui était là depuis hier est aussi très brillant <eos>,13,brillant,brillante,11,M,P,brillant,-7.7255764,brillante,-11.198266,1
6074,S_NOUN_8_ADJ_a,M,S,le bracelet avec les cahiers qui était là depuis hier est aussi très compliqué <eos>,13,compliqué,compliquée,11,M,P,compliqué,-5.8254766,compliquée,-9.325414,1
6075,S_NOUN_8_ADJ_a,M,S,le bracelet avec les micros qui était là depuis hier est aussi très vert <eos>,13,vert,verte,11,M,P,vert,-10.75727,verte,-14.768749,1
6076,S_NOUN_8_ADJ_a,M,S,le bracelet avec les micros qui était là depuis hier est aussi très bleu <eos>,13,bleu,bleue,11,M,P,bleu,-11.370123,bleue,-17.504475,1
6077,S_NOUN_8_ADJ_a,M,S,le bracelet avec les micros qui était là depuis hier est aussi très noir <eos>,13,noir,noire,11,M,P,noir,-9.5693655,noire,-14.578719,1
6078,S_NOUN_8_ADJ_a,M,S,le bracelet avec les micros qui était là depuis hier est aussi très délicat <eos>,13,délicat,délicate,11,M,P,délicat,-7.296596,délicate,-10.245647,1
6079,S_NOUN_8_ADJ_a,M,S,le bracelet avec les micros qui était là depuis hier est aussi très pointu <eos>,13,pointu,pointue,11,M,P,pointu,-8.396795,pointue,-13.946783,1
6080,S_NOUN_8_ADJ_a,M,S,le bracelet avec les micros qui était là depuis hier est aussi très rond <eos>,13,rond,ronde,11,M,P,rond,-10.438292,ronde,-14.143732,1
6081,S_NOUN_8_ADJ_a,M,S,le bracelet avec les micros qui était là depuis hier est aussi très froid <eos>,13,froid,froide,11,M,P,froid,-7.8754644,froide,-12.627242,1
6082,S_NOUN_8_ADJ_a,M,S,le bracelet avec les micros qui était là depuis hier est aussi très chaud <eos>,13,chaud,chaude,11,M,P,chaud,-6.8021383,chaude,-10.949482,1
6083,S_NOUN_8_ADJ_a,M,S,le bracelet avec les micros qui était là depuis hier est aussi très important <eos>,13,important,importante,11,M,P,important,-4.6160297,importante,-8.895858,1
6084,S_NOUN_8_ADJ_a,M,S,le bracelet avec les micros qui était là depuis hier est aussi très court <eos>,13,court,courte,11,M,P,court,-5.126121,courte,-9.479393,1
6085,S_NOUN_8_ADJ_a,M,S,le bracelet avec les micros qui était là depuis hier est aussi très dur <eos>,13,dur,dure,11,M,P,dur,-5.4208617,dure,-8.025757,1
6086,S_NOUN_8_ADJ_a,M,S,le bracelet avec les micros qui était là depuis hier est aussi très clair <eos>,13,clair,claire,11,M,P,clair,-6.4607773,claire,-10.0961895,1
6087,S_NOUN_8_ADJ_a,M,S,le bracelet avec les micros qui était là depuis hier est aussi très intéressant <eos>,13,intéressant,intéressante,11,M,P,intéressant,-6.0892277,intéressante,-9.908806,1
6088,S_NOUN_8_ADJ_a,M,S,le bracelet avec les micros qui était là depuis hier est aussi très brillant <eos>,13,brillant,brillante,11,M,P,brillant,-7.5355077,brillante,-11.511381,1
6089,S_NOUN_8_ADJ_a,M,S,le bracelet avec les micros qui était là depuis hier est aussi très compliqué <eos>,13,compliqué,compliquée,11,M,P,compliqué,-5.177111,compliquée,-9.032696,1
6090,S_NOUN_8_ADJ_a,M,S,le bracelet avec les sacs qui était là depuis hier est aussi très vert <eos>,13,vert,verte,11,M,P,vert,-10.350067,verte,-14.47386,1
6091,S_NOUN_8_ADJ_a,M,S,le bracelet avec les sacs qui était là depuis hier est aussi très bleu <eos>,13,bleu,bleue,11,M,P,bleu,-11.317847,bleue,-17.447533,1
6092,S_NOUN_8_ADJ_a,M,S,le bracelet avec les sacs qui était là depuis hier est aussi très noir <eos>,13,noir,noire,11,M,P,noir,-9.627203,noire,-14.270609,1
6093,S_NOUN_8_ADJ_a,M,S,le bracelet avec les sacs qui était là depuis hier est aussi très délicat <eos>,13,délicat,délicate,11,M,P,délicat,-7.4656315,délicate,-10.092324,1
6094,S_NOUN_8_ADJ_a,M,S,le bracelet avec les sacs qui était là depuis hier est aussi très pointu <eos>,13,pointu,pointue,11,M,P,pointu,-8.216499,pointue,-13.495805,1
6095,S_NOUN_8_ADJ_a,M,S,le bracelet avec les sacs qui était là depuis hier est aussi très rond <eos>,13,rond,ronde,11,M,P,rond,-10.539597,ronde,-13.522993,1
6096,S_NOUN_8_ADJ_a,M,S,le bracelet avec les sacs qui était là depuis hier est aussi très froid <eos>,13,froid,froide,11,M,P,froid,-7.612463,froide,-12.38823,1
6097,S_NOUN_8_ADJ_a,M,S,le bracelet avec les sacs qui était là depuis hier est aussi très chaud <eos>,13,chaud,chaude,11,M,P,chaud,-6.523261,chaude,-10.867623,1
6098,S_NOUN_8_ADJ_a,M,S,le bracelet avec les sacs qui était là depuis hier est aussi très important <eos>,13,important,importante,11,M,P,important,-4.4150324,importante,-8.416627,1
6099,S_NOUN_8_ADJ_a,M,S,le bracelet avec les sacs qui était là depuis hier est aussi très court <eos>,13,court,courte,11,M,P,court,-4.716708,courte,-9.290805,1
6100,S_NOUN_8_ADJ_a,M,S,le bracelet avec les sacs qui était là depuis hier est aussi très dur <eos>,13,dur,dure,11,M,P,dur,-5.549384,dure,-8.145109,1
6101,S_NOUN_8_ADJ_a,M,S,le bracelet avec les sacs qui était là depuis hier est aussi très clair <eos>,13,clair,claire,11,M,P,clair,-6.842662,claire,-10.25814,1
6102,S_NOUN_8_ADJ_a,M,S,le bracelet avec les sacs qui était là depuis hier est aussi très intéressant <eos>,13,intéressant,intéressante,11,M,P,intéressant,-6.0243797,intéressante,-9.800696,1
6103,S_NOUN_8_ADJ_a,M,S,le bracelet avec les sacs qui était là depuis hier est aussi très brillant <eos>,13,brillant,brillante,11,M,P,brillant,-7.939908,brillante,-11.725197,1
6104,S_NOUN_8_ADJ_a,M,S,le bracelet avec les sacs qui était là depuis hier est aussi très compliqué <eos>,13,compliqué,compliquée,11,M,P,compliqué,-5.783739,compliquée,-9.65402,1
6105,S_NOUN_8_ADJ_a,M,S,le bracelet avec les claviers qui était là depuis hier est aussi très vert <eos>,13,vert,verte,11,M,P,vert,-11.015508,verte,-14.803635,1
6106,S_NOUN_8_ADJ_a,M,S,le bracelet avec les claviers qui était là depuis hier est aussi très bleu <eos>,13,bleu,bleue,11,M,P,bleu,-11.552446,bleue,-17.297115,1
6107,S_NOUN_8_ADJ_a,M,S,le bracelet avec les claviers qui était là depuis hier est aussi très noir <eos>,13,noir,noire,11,M,P,noir,-9.871252,noire,-14.376146,1
6108,S_NOUN_8_ADJ_a,M,S,le bracelet avec les claviers qui était là depuis hier est aussi très délicat <eos>,13,délicat,délicate,11,M,P,délicat,-7.113828,délicate,-10.120184,1
6109,S_NOUN_8_ADJ_a,M,S,le bracelet avec les claviers qui était là depuis hier est aussi très pointu <eos>,13,pointu,pointue,11,M,P,pointu,-8.41635,pointue,-13.777274,1
6110,S_NOUN_8_ADJ_a,M,S,le bracelet avec les claviers qui était là depuis hier est aussi très rond <eos>,13,rond,ronde,11,M,P,rond,-10.457254,ronde,-13.925783,1
6111,S_NOUN_8_ADJ_a,M,S,le bracelet avec les claviers qui était là depuis hier est aussi très froid <eos>,13,froid,froide,11,M,P,froid,-7.7497525,froide,-12.7987385,1
6112,S_NOUN_8_ADJ_a,M,S,le bracelet avec les claviers qui était là depuis hier est aussi très chaud <eos>,13,chaud,chaude,11,M,P,chaud,-7.101097,chaude,-10.702571,1
6113,S_NOUN_8_ADJ_a,M,S,le bracelet avec les claviers qui était là depuis hier est aussi très important <eos>,13,important,importante,11,M,P,important,-4.51563,importante,-8.600722,1
6114,S_NOUN_8_ADJ_a,M,S,le bracelet avec les claviers qui était là depuis hier est aussi très court <eos>,13,court,courte,11,M,P,court,-5.346472,courte,-9.495778,1
6115,S_NOUN_8_ADJ_a,M,S,le bracelet avec les claviers qui était là depuis hier est aussi très dur <eos>,13,dur,dure,11,M,P,dur,-4.9483514,dure,-8.072479,1
6116,S_NOUN_8_ADJ_a,M,S,le bracelet avec les claviers qui était là depuis hier est aussi très clair <eos>,13,clair,claire,11,M,P,clair,-6.5585146,claire,-9.785284,1
6117,S_NOUN_8_ADJ_a,M,S,le bracelet avec les claviers qui était là depuis hier est aussi très intéressant <eos>,13,intéressant,intéressante,11,M,P,intéressant,-5.8038044,intéressante,-9.496067,1
6118,S_NOUN_8_ADJ_a,M,S,le bracelet avec les claviers qui était là depuis hier est aussi très brillant <eos>,13,brillant,brillante,11,M,P,brillant,-7.46878,brillante,-10.960773,1
6119,S_NOUN_8_ADJ_a,M,S,le bracelet avec les claviers qui était là depuis hier est aussi très compliqué <eos>,13,compliqué,compliquée,11,M,P,compliqué,-5.4583282,compliquée,-8.856251,1
6120,S_NOUN_8_ADJ_a,M,S,le bracelet avec les raisins qui était là depuis hier est aussi très vert <eos>,13,vert,verte,11,M,P,vert,-9.849421,verte,-14.379689,1
6121,S_NOUN_8_ADJ_a,M,S,le bracelet avec les raisins qui était là depuis hier est aussi très bleu <eos>,13,bleu,bleue,11,M,P,bleu,-11.2225275,bleue,-17.524466,1
6122,S_NOUN_8_ADJ_a,M,S,le bracelet avec les raisins qui était là depuis hier est aussi très noir <eos>,13,noir,noire,11,M,P,noir,-9.734142,noire,-14.360907,1
6123,S_NOUN_8_ADJ_a,M,S,le bracelet avec les raisins qui était là depuis hier est aussi très délicat <eos>,13,délicat,délicate,11,M,P,délicat,-6.8608384,délicate,-9.673918,1
6124,S_NOUN_8_ADJ_a,M,S,le bracelet avec les raisins qui était là depuis hier est aussi très pointu <eos>,13,pointu,pointue,11,M,P,pointu,-8.388992,pointue,-13.518088,1
6125,S_NOUN_8_ADJ_a,M,S,le bracelet avec les raisins qui était là depuis hier est aussi très rond <eos>,13,rond,ronde,11,M,P,rond,-10.67004,ronde,-13.137448,1
6126,S_NOUN_8_ADJ_a,M,S,le bracelet avec les raisins qui était là depuis hier est aussi très froid <eos>,13,froid,froide,11,M,P,froid,-6.8818827,froide,-12.272649,1
6127,S_NOUN_8_ADJ_a,M,S,le bracelet avec les raisins qui était là depuis hier est aussi très chaud <eos>,13,chaud,chaude,11,M,P,chaud,-6.037788,chaude,-10.859562,1
6128,S_NOUN_8_ADJ_a,M,S,le bracelet avec les raisins qui était là depuis hier est aussi très important <eos>,13,important,importante,11,M,P,important,-4.3478403,importante,-8.144653,1
6129,S_NOUN_8_ADJ_a,M,S,le bracelet avec les raisins qui était là depuis hier est aussi très court <eos>,13,court,courte,11,M,P,court,-4.716508,courte,-9.935001,1
6130,S_NOUN_8_ADJ_a,M,S,le bracelet avec les raisins qui était là depuis hier est aussi très dur <eos>,13,dur,dure,11,M,P,dur,-4.892866,dure,-8.088386,1
6131,S_NOUN_8_ADJ_a,M,S,le bracelet avec les raisins qui était là depuis hier est aussi très clair <eos>,13,clair,claire,11,M,P,clair,-6.382207,claire,-9.853884,1
6132,S_NOUN_8_ADJ_a,M,S,le bracelet avec les raisins qui était là depuis hier est aussi très intéressant <eos>,13,intéressant,intéressante,11,M,P,intéressant,-6.0428,intéressante,-10.010498,1
6133,S_NOUN_8_ADJ_a,M,S,le bracelet avec les raisins qui était là depuis hier est aussi très brillant <eos>,13,brillant,brillante,11,M,P,brillant,-7.652767,brillante,-11.307087,1
6134,S_NOUN_8_ADJ_a,M,S,le bracelet avec les raisins qui était là depuis hier est aussi très compliqué <eos>,13,compliqué,compliquée,11,M,P,compliqué,-6.137133,compliquée,-10.149733,1
6135,S_NOUN_8_ADJ_a,M,S,le bracelet avec les chargeurs qui était là depuis hier est aussi très vert <eos>,13,vert,verte,11,M,P,vert,-10.977861,verte,-15.193888,1
6136,S_NOUN_8_ADJ_a,M,S,le bracelet avec les chargeurs qui était là depuis hier est aussi très bleu <eos>,13,bleu,bleue,11,M,P,bleu,-11.784542,bleue,-18.257624,1
6137,S_NOUN_8_ADJ_a,M,S,le bracelet avec les chargeurs qui était là depuis hier est aussi très noir <eos>,13,noir,noire,11,M,P,noir,-9.858538,noire,-15.173481,1
6138,S_NOUN_8_ADJ_a,M,S,le bracelet avec les chargeurs qui était là depuis hier est aussi très délicat <eos>,13,délicat,délicate,11,M,P,délicat,-7.742194,délicate,-10.212618,1
6139,S_NOUN_8_ADJ_a,M,S,le bracelet avec les chargeurs qui était là depuis hier est aussi très pointu <eos>,13,pointu,pointue,11,M,P,pointu,-8.604784,pointue,-13.290231,1
6140,S_NOUN_8_ADJ_a,M,S,le bracelet avec les chargeurs qui était là depuis hier est aussi très rond <eos>,13,rond,ronde,11,M,P,rond,-10.451626,ronde,-13.823555,1
6141,S_NOUN_8_ADJ_a,M,S,le bracelet avec les chargeurs qui était là depuis hier est aussi très froid <eos>,13,froid,froide,11,M,P,froid,-8.016031,froide,-12.39613,1
6142,S_NOUN_8_ADJ_a,M,S,le bracelet avec les chargeurs qui était là depuis hier est aussi très chaud <eos>,13,chaud,chaude,11,M,P,chaud,-7.3513474,chaude,-11.250097,1
6143,S_NOUN_8_ADJ_a,M,S,le bracelet avec les chargeurs qui était là depuis hier est aussi très important <eos>,13,important,importante,11,M,P,important,-3.991278,importante,-8.00743,1
6144,S_NOUN_8_ADJ_a,M,S,le bracelet avec les chargeurs qui était là depuis hier est aussi très court <eos>,13,court,courte,11,M,P,court,-4.682888,courte,-8.820394,1
6145,S_NOUN_8_ADJ_a,M,S,le bracelet avec les chargeurs qui était là depuis hier est aussi très dur <eos>,13,dur,dure,11,M,P,dur,-5.8624372,dure,-9.046484,1
6146,S_NOUN_8_ADJ_a,M,S,le bracelet avec les chargeurs qui était là depuis hier est aussi très clair <eos>,13,clair,claire,11,M,P,clair,-7.677934,claire,-11.17075,1
6147,S_NOUN_8_ADJ_a,M,S,le bracelet avec les chargeurs qui était là depuis hier est aussi très intéressant <eos>,13,intéressant,intéressante,11,M,P,intéressant,-6.066365,intéressante,-9.515549,1
6148,S_NOUN_8_ADJ_a,M,S,le bracelet avec les chargeurs qui était là depuis hier est aussi très brillant <eos>,13,brillant,brillante,11,M,P,brillant,-8.326952,brillante,-12.034451,1
6149,S_NOUN_8_ADJ_a,M,S,le bracelet avec les chargeurs qui était là depuis hier est aussi très compliqué <eos>,13,compliqué,compliquée,11,M,P,compliqué,-5.4931827,compliquée,-9.473244,1
6150,S_NOUN_8_ADJ_a,M,S,le bracelet avec les vases qui était là depuis hier est aussi très vert <eos>,13,vert,verte,11,M,P,vert,-10.589736,verte,-14.167694,1
6151,S_NOUN_8_ADJ_a,M,S,le bracelet avec les vases qui était là depuis hier est aussi très bleu <eos>,13,bleu,bleue,11,M,P,bleu,-11.407629,bleue,-16.998938,1
6152,S_NOUN_8_ADJ_a,M,S,le bracelet avec les vases qui était là depuis hier est aussi très noir <eos>,13,noir,noire,11,M,P,noir,-10.23501,noire,-13.848227,1
6153,S_NOUN_8_ADJ_a,M,S,le bracelet avec les vases qui était là depuis hier est aussi très délicat <eos>,13,délicat,délicate,11,M,P,délicat,-7.3824425,délicate,-10.040546,1
6154,S_NOUN_8_ADJ_a,M,S,le bracelet avec les vases qui était là depuis hier est aussi très pointu <eos>,13,pointu,pointue,11,M,P,pointu,-8.357243,pointue,-13.228109,1
6155,S_NOUN_8_ADJ_a,M,S,le bracelet avec les vases qui était là depuis hier est aussi très rond <eos>,13,rond,ronde,11,M,P,rond,-10.552926,ronde,-13.168976,1
6156,S_NOUN_8_ADJ_a,M,S,le bracelet avec les vases qui était là depuis hier est aussi très froid <eos>,13,froid,froide,11,M,P,froid,-8.100909,froide,-12.653613,1
6157,S_NOUN_8_ADJ_a,M,S,le bracelet avec les vases qui était là depuis hier est aussi très chaud <eos>,13,chaud,chaude,11,M,P,chaud,-6.954269,chaude,-11.17622,1
6158,S_NOUN_8_ADJ_a,M,S,le bracelet avec les vases qui était là depuis hier est aussi très important <eos>,13,important,importante,11,M,P,important,-4.588152,importante,-8.487697,1
6159,S_NOUN_8_ADJ_a,M,S,le bracelet avec les vases qui était là depuis hier est aussi très court <eos>,13,court,courte,11,M,P,court,-4.7877655,courte,-9.3417015,1
6160,S_NOUN_8_ADJ_a,M,S,le bracelet avec les vases qui était là depuis hier est aussi très dur <eos>,13,dur,dure,11,M,P,dur,-5.606256,dure,-8.140907,1
6161,S_NOUN_8_ADJ_a,M,S,le bracelet avec les vases qui était là depuis hier est aussi très clair <eos>,13,clair,claire,11,M,P,clair,-6.4738626,claire,-9.807107,1
6162,S_NOUN_8_ADJ_a,M,S,le bracelet avec les vases qui était là depuis hier est aussi très intéressant <eos>,13,intéressant,intéressante,11,M,P,intéressant,-6.1248913,intéressante,-9.906725,1
6163,S_NOUN_8_ADJ_a,M,S,le bracelet avec les vases qui était là depuis hier est aussi très brillant <eos>,13,brillant,brillante,11,M,P,brillant,-7.5862465,brillante,-10.884429,1
6164,S_NOUN_8_ADJ_a,M,S,le bracelet avec les vases qui était là depuis hier est aussi très compliqué <eos>,13,compliqué,compliquée,11,M,P,compliqué,-6.1837034,compliquée,-9.886432,1
6165,S_NOUN_8_ADJ_a,M,S,le bracelet avec les paniers qui était là depuis hier est aussi très vert <eos>,13,vert,verte,11,M,P,vert,-10.512087,verte,-14.304081,1
6166,S_NOUN_8_ADJ_a,M,S,le bracelet avec les paniers qui était là depuis hier est aussi très bleu <eos>,13,bleu,bleue,11,M,P,bleu,-11.272491,bleue,-17.17132,1
6167,S_NOUN_8_ADJ_a,M,S,le bracelet avec les paniers qui était là depuis hier est aussi très noir <eos>,13,noir,noire,11,M,P,noir,-9.687553,noire,-13.927254,1
6168,S_NOUN_8_ADJ_a,M,S,le bracelet avec les paniers qui était là depuis hier est aussi très délicat <eos>,13,délicat,délicate,11,M,P,délicat,-7.4250503,délicate,-10.414751,1
6169,S_NOUN_8_ADJ_a,M,S,le bracelet avec les paniers qui était là depuis hier est aussi très pointu <eos>,13,pointu,pointue,11,M,P,pointu,-7.7923813,pointue,-12.998388,1
6170,S_NOUN_8_ADJ_a,M,S,le bracelet avec les paniers qui était là depuis hier est aussi très rond <eos>,13,rond,ronde,11,M,P,rond,-10.186381,ronde,-13.189996,1
6171,S_NOUN_8_ADJ_a,M,S,le bracelet avec les paniers qui était là depuis hier est aussi très froid <eos>,13,froid,froide,11,M,P,froid,-8.211359,froide,-12.707689,1
6172,S_NOUN_8_ADJ_a,M,S,le bracelet avec les paniers qui était là depuis hier est aussi très chaud <eos>,13,chaud,chaude,11,M,P,chaud,-6.930274,chaude,-11.340693,1
6173,S_NOUN_8_ADJ_a,M,S,le bracelet avec les paniers qui était là depuis hier est aussi très important <eos>,13,important,importante,11,M,P,important,-4.7475843,importante,-8.782699,1
6174,S_NOUN_8_ADJ_a,M,S,le bracelet avec les paniers qui était là depuis hier est aussi très court <eos>,13,court,courte,11,M,P,court,-4.5943203,courte,-9.017628,1
6175,S_NOUN_8_ADJ_a,M,S,le bracelet avec les paniers qui était là depuis hier est aussi très dur <eos>,13,dur,dure,11,M,P,dur,-5.5343027,dure,-8.298071,1
6176,S_NOUN_8_ADJ_a,M,S,le bracelet avec les paniers qui était là depuis hier est aussi très clair <eos>,13,clair,claire,11,M,P,clair,-6.6584005,claire,-10.0788145,1
6177,S_NOUN_8_ADJ_a,M,S,le bracelet avec les paniers qui était là depuis hier est aussi très intéressant <eos>,13,intéressant,intéressante,11,M,P,intéressant,-6.151445,intéressante,-9.882816,1
6178,S_NOUN_8_ADJ_a,M,S,le bracelet avec les paniers qui était là depuis hier est aussi très brillant <eos>,13,brillant,brillante,11,M,P,brillant,-7.944809,brillante,-11.539307,1
6179,S_NOUN_8_ADJ_a,M,S,le bracelet avec les paniers qui était là depuis hier est aussi très compliqué <eos>,13,compliqué,compliquée,11,M,P,compliqué,-5.719063,compliquée,-9.479387,1
6180,S_NOUN_8_ADJ_a,M,S,le bracelet avec les colliers qui était là depuis hier est aussi très vert <eos>,13,vert,verte,11,M,P,vert,-10.590361,verte,-14.320517,1
6181,S_NOUN_8_ADJ_a,M,S,le bracelet avec les colliers qui était là depuis hier est aussi très bleu <eos>,13,bleu,bleue,11,M,P,bleu,-11.375037,bleue,-17.138927,1
6182,S_NOUN_8_ADJ_a,M,S,le bracelet avec les colliers qui était là depuis hier est aussi très noir <eos>,13,noir,noire,11,M,P,noir,-10.012141,noire,-14.121772,1
6183,S_NOUN_8_ADJ_a,M,S,le bracelet avec les colliers qui était là depuis hier est aussi très délicat <eos>,13,délicat,délicate,11,M,P,délicat,-7.3256035,délicate,-10.006448,1
6184,S_NOUN_8_ADJ_a,M,S,le bracelet avec les colliers qui était là depuis hier est aussi très pointu <eos>,13,pointu,pointue,11,M,P,pointu,-8.120204,pointue,-12.792752,1
6185,S_NOUN_8_ADJ_a,M,S,le bracelet avec les colliers qui était là depuis hier est aussi très rond <eos>,13,rond,ronde,11,M,P,rond,-10.5114155,ronde,-13.354572,1
6186,S_NOUN_8_ADJ_a,M,S,le bracelet avec les colliers qui était là depuis hier est aussi très froid <eos>,13,froid,froide,11,M,P,froid,-8.5503235,froide,-12.722274,1
6187,S_NOUN_8_ADJ_a,M,S,le bracelet avec les colliers qui était là depuis hier est aussi très chaud <eos>,13,chaud,chaude,11,M,P,chaud,-7.491326,chaude,-11.431435,1
6188,S_NOUN_8_ADJ_a,M,S,le bracelet avec les colliers qui était là depuis hier est aussi très important <eos>,13,important,importante,11,M,P,important,-4.7251043,importante,-8.56441,1
6189,S_NOUN_8_ADJ_a,M,S,le bracelet avec les colliers qui était là depuis hier est aussi très court <eos>,13,court,courte,11,M,P,court,-4.68786,courte,-8.889631,1
6190,S_NOUN_8_ADJ_a,M,S,le bracelet avec les colliers qui était là depuis hier est aussi très dur <eos>,13,dur,dure,11,M,P,dur,-5.579384,dure,-8.352571,1
6191,S_NOUN_8_ADJ_a,M,S,le bracelet avec les colliers qui était là depuis hier est aussi très clair <eos>,13,clair,claire,11,M,P,clair,-6.6578546,claire,-10.22587,1
6192,S_NOUN_8_ADJ_a,M,S,le bracelet avec les colliers qui était là depuis hier est aussi très intéressant <eos>,13,intéressant,intéressante,11,M,P,intéressant,-6.119589,intéressante,-9.793103,1
6193,S_NOUN_8_ADJ_a,M,S,le bracelet avec les colliers qui était là depuis hier est aussi très brillant <eos>,13,brillant,brillante,11,M,P,brillant,-7.6966486,brillante,-10.991325,1
6194,S_NOUN_8_ADJ_a,M,S,le bracelet avec les colliers qui était là depuis hier est aussi très compliqué <eos>,13,compliqué,compliquée,11,M,P,compliqué,-5.5943127,compliquée,-9.388624,1
6195,S_NOUN_8_ADJ_a,M,S,le bracelet avec les chapeaux qui était là depuis hier est aussi très vert <eos>,13,vert,verte,11,M,P,vert,-10.363104,verte,-14.164505,1
6196,S_NOUN_8_ADJ_a,M,S,le bracelet avec les chapeaux qui était là depuis hier est aussi très bleu <eos>,13,bleu,bleue,11,M,P,bleu,-10.898024,bleue,-16.91909,1
6197,S_NOUN_8_ADJ_a,M,S,le bracelet avec les chapeaux qui était là depuis hier est aussi très noir <eos>,13,noir,noire,11,M,P,noir,-9.387702,noire,-13.989601,1
6198,S_NOUN_8_ADJ_a,M,S,le bracelet avec les chapeaux qui était là depuis hier est aussi très délicat <eos>,13,délicat,délicate,11,M,P,délicat,-7.6746883,délicate,-10.856976,1
6199,S_NOUN_8_ADJ_a,M,S,le bracelet avec les chapeaux qui était là depuis hier est aussi très pointu <eos>,13,pointu,pointue,11,M,P,pointu,-8.166002,pointue,-13.536899,1
6200,S_NOUN_8_ADJ_a,M,S,le bracelet avec les chapeaux qui était là depuis hier est aussi très rond <eos>,13,rond,ronde,11,M,P,rond,-10.332008,ronde,-13.582013,1
6201,S_NOUN_8_ADJ_a,M,S,le bracelet avec les chapeaux qui était là depuis hier est aussi très froid <eos>,13,froid,froide,11,M,P,froid,-8.224892,froide,-12.818908,1
6202,S_NOUN_8_ADJ_a,M,S,le bracelet avec les chapeaux qui était là depuis hier est aussi très chaud <eos>,13,chaud,chaude,11,M,P,chaud,-7.1312485,chaude,-11.374432,1
6203,S_NOUN_8_ADJ_a,M,S,le bracelet avec les chapeaux qui était là depuis hier est aussi très important <eos>,13,important,importante,11,M,P,important,-4.8357763,importante,-8.970867,1
6204,S_NOUN_8_ADJ_a,M,S,le bracelet avec les chapeaux qui était là depuis hier est aussi très court <eos>,13,court,courte,11,M,P,court,-4.6572094,courte,-9.134353,1
6205,S_NOUN_8_ADJ_a,M,S,le bracelet avec les chapeaux qui était là depuis hier est aussi très dur <eos>,13,dur,dure,11,M,P,dur,-6.0793734,dure,-8.570062,1
6206,S_NOUN_8_ADJ_a,M,S,le bracelet avec les chapeaux qui était là depuis hier est aussi très clair <eos>,13,clair,claire,11,M,P,clair,-6.828572,claire,-10.250605,1
6207,S_NOUN_8_ADJ_a,M,S,le bracelet avec les chapeaux qui était là depuis hier est aussi très intéressant <eos>,13,intéressant,intéressante,11,M,P,intéressant,-6.235072,intéressante,-9.852714,1
6208,S_NOUN_8_ADJ_a,M,S,le bracelet avec les chapeaux qui était là depuis hier est aussi très brillant <eos>,13,brillant,brillante,11,M,P,brillant,-8.023882,brillante,-11.555901,1
6209,S_NOUN_8_ADJ_a,M,S,le bracelet avec les chapeaux qui était là depuis hier est aussi très compliqué <eos>,13,compliqué,compliquée,11,M,P,compliqué,-5.8390884,compliquée,-9.927621,1
6210,S_NOUN_8_ADJ_a,M,S,le bracelet avec les pots qui était là depuis hier est aussi très vert <eos>,13,vert,verte,11,M,P,vert,-10.036024,verte,-14.25231,1
6211,S_NOUN_8_ADJ_a,M,S,le bracelet avec les pots qui était là depuis hier est aussi très bleu <eos>,13,bleu,bleue,11,M,P,bleu,-11.216883,bleue,-17.431454,1
6212,S_NOUN_8_ADJ_a,M,S,le bracelet avec les pots qui était là depuis hier est aussi très noir <eos>,13,noir,noire,11,M,P,noir,-9.73138,noire,-14.345323,1
6213,S_NOUN_8_ADJ_a,M,S,le bracelet avec les pots qui était là depuis hier est aussi très délicat <eos>,13,délicat,délicate,11,M,P,délicat,-7.1926928,délicate,-9.965014,1
6214,S_NOUN_8_ADJ_a,M,S,le bracelet avec les pots qui était là depuis hier est aussi très pointu <eos>,13,pointu,pointue,11,M,P,pointu,-8.447691,pointue,-13.370745,1
6215,S_NOUN_8_ADJ_a,M,S,le bracelet avec les pots qui était là depuis hier est aussi très rond <eos>,13,rond,ronde,11,M,P,rond,-10.387581,ronde,-13.123701,1
6216,S_NOUN_8_ADJ_a,M,S,le bracelet avec les pots qui était là depuis hier est aussi très froid <eos>,13,froid,froide,11,M,P,froid,-7.6022987,froide,-11.952996,1
6217,S_NOUN_8_ADJ_a,M,S,le bracelet avec les pots qui était là depuis hier est aussi très chaud <eos>,13,chaud,chaude,11,M,P,chaud,-6.2449455,chaude,-10.345524,1
6218,S_NOUN_8_ADJ_a,M,S,le bracelet avec les pots qui était là depuis hier est aussi très important <eos>,13,important,importante,11,M,P,important,-4.607114,importante,-8.4201765,1
6219,S_NOUN_8_ADJ_a,M,S,le bracelet avec les pots qui était là depuis hier est aussi très court <eos>,13,court,courte,11,M,P,court,-4.977977,courte,-9.532192,1
6220,S_NOUN_8_ADJ_a,M,S,le bracelet avec les pots qui était là depuis hier est aussi très dur <eos>,13,dur,dure,11,M,P,dur,-5.3047686,dure,-8.200755,1
6221,S_NOUN_8_ADJ_a,M,S,le bracelet avec les pots qui était là depuis hier est aussi très clair <eos>,13,clair,claire,11,M,P,clair,-6.921034,claire,-10.172963,1
6222,S_NOUN_8_ADJ_a,M,S,le bracelet avec les pots qui était là depuis hier est aussi très intéressant <eos>,13,intéressant,intéressante,11,M,P,intéressant,-6.098572,intéressante,-9.6244545,1
6223,S_NOUN_8_ADJ_a,M,S,le bracelet avec les pots qui était là depuis hier est aussi très brillant <eos>,13,brillant,brillante,11,M,P,brillant,-7.544116,brillante,-11.067267,1
6224,S_NOUN_8_ADJ_a,M,S,le bracelet avec les pots qui était là depuis hier est aussi très compliqué <eos>,13,compliqué,compliquée,11,M,P,compliqué,-5.84604,compliquée,-9.695469,1
6225,S_NOUN_8_ADJ_a,M,S,le bracelet avec les coussins qui était là depuis hier est aussi très vert <eos>,13,vert,verte,11,M,P,vert,-10.530517,verte,-14.523552,1
6226,S_NOUN_8_ADJ_a,M,S,le bracelet avec les coussins qui était là depuis hier est aussi très bleu <eos>,13,bleu,bleue,11,M,P,bleu,-11.216173,bleue,-17.31946,1
6227,S_NOUN_8_ADJ_a,M,S,le bracelet avec les coussins qui était là depuis hier est aussi très noir <eos>,13,noir,noire,11,M,P,noir,-9.650613,noire,-14.3381405,1
6228,S_NOUN_8_ADJ_a,M,S,le bracelet avec les coussins qui était là depuis hier est aussi très délicat <eos>,13,délicat,délicate,11,M,P,délicat,-7.669507,délicate,-10.643027,1
6229,S_NOUN_8_ADJ_a,M,S,le bracelet avec les coussins qui était là depuis hier est aussi très pointu <eos>,13,pointu,pointue,11,M,P,pointu,-8.197531,pointue,-13.331939,1
6230,S_NOUN_8_ADJ_a,M,S,le bracelet avec les coussins qui était là depuis hier est aussi très rond <eos>,13,rond,ronde,11,M,P,rond,-10.347038,ronde,-13.613098,1
6231,S_NOUN_8_ADJ_a,M,S,le bracelet avec les coussins qui était là depuis hier est aussi très froid <eos>,13,froid,froide,11,M,P,froid,-8.030061,froide,-12.429612,1
6232,S_NOUN_8_ADJ_a,M,S,le bracelet avec les coussins qui était là depuis hier est aussi très chaud <eos>,13,chaud,chaude,11,M,P,chaud,-6.89878,chaude,-10.78979,1
6233,S_NOUN_8_ADJ_a,M,S,le bracelet avec les coussins qui était là depuis hier est aussi très important <eos>,13,important,importante,11,M,P,important,-4.794916,importante,-8.858913,1
6234,S_NOUN_8_ADJ_a,M,S,le bracelet avec les coussins qui était là depuis hier est aussi très court <eos>,13,court,courte,11,M,P,court,-4.786466,courte,-9.248175,1
6235,S_NOUN_8_ADJ_a,M,S,le bracelet avec les coussins qui était là depuis hier est aussi très dur <eos>,13,dur,dure,11,M,P,dur,-5.862961,dure,-8.323877,1
6236,S_NOUN_8_ADJ_a,M,S,le bracelet avec les coussins qui était là depuis hier est aussi très clair <eos>,13,clair,claire,11,M,P,clair,-6.9578547,claire,-10.230917,1
6237,S_NOUN_8_ADJ_a,M,S,le bracelet avec les coussins qui était là depuis hier est aussi très intéressant <eos>,13,intéressant,intéressante,11,M,P,intéressant,-6.1369705,intéressante,-9.709811,1
6238,S_NOUN_8_ADJ_a,M,S,le bracelet avec les coussins qui était là depuis hier est aussi très brillant <eos>,13,brillant,brillante,11,M,P,brillant,-7.9141674,brillante,-11.660902,1
6239,S_NOUN_8_ADJ_a,M,S,le bracelet avec les coussins qui était là depuis hier est aussi très compliqué <eos>,13,compliqué,compliquée,11,M,P,compliqué,-5.5422106,compliquée,-9.314581,1
6240,S_NOUN_8_ADJ_a,M,S,le bracelet avec les jouets qui était là depuis hier est aussi très vert <eos>,13,vert,verte,11,M,P,vert,-10.539786,verte,-14.309652,1
6241,S_NOUN_8_ADJ_a,M,S,le bracelet avec les jouets qui était là depuis hier est aussi très bleu <eos>,13,bleu,bleue,11,M,P,bleu,-11.259141,bleue,-17.31772,1
6242,S_NOUN_8_ADJ_a,M,S,le bracelet avec les jouets qui était là depuis hier est aussi très noir <eos>,13,noir,noire,11,M,P,noir,-9.470818,noire,-14.563115,1
6243,S_NOUN_8_ADJ_a,M,S,le bracelet avec les jouets qui était là depuis hier est aussi très délicat <eos>,13,délicat,délicate,11,M,P,délicat,-7.8105793,délicate,-10.785774,1
6244,S_NOUN_8_ADJ_a,M,S,le bracelet avec les jouets qui était là depuis hier est aussi très pointu <eos>,13,pointu,pointue,11,M,P,pointu,-8.280836,pointue,-14.0906105,1
6245,S_NOUN_8_ADJ_a,M,S,le bracelet avec les jouets qui était là depuis hier est aussi très rond <eos>,13,rond,ronde,11,M,P,rond,-10.689375,ronde,-14.641399,1
6246,S_NOUN_8_ADJ_a,M,S,le bracelet avec les jouets qui était là depuis hier est aussi très froid <eos>,13,froid,froide,11,M,P,froid,-7.743141,froide,-12.776866,1
6247,S_NOUN_8_ADJ_a,M,S,le bracelet avec les jouets qui était là depuis hier est aussi très chaud <eos>,13,chaud,chaude,11,M,P,chaud,-7.0478897,chaude,-11.453086,1
6248,S_NOUN_8_ADJ_a,M,S,le bracelet avec les jouets qui était là depuis hier est aussi très important <eos>,13,important,importante,11,M,P,important,-4.537751,importante,-8.616896,1
6249,S_NOUN_8_ADJ_a,M,S,le bracelet avec les jouets qui était là depuis hier est aussi très court <eos>,13,court,courte,11,M,P,court,-4.862299,courte,-9.703578,1
6250,S_NOUN_8_ADJ_a,M,S,le bracelet avec les jouets qui était là depuis hier est aussi très dur <eos>,13,dur,dure,11,M,P,dur,-5.9417634,dure,-8.484005,1
6251,S_NOUN_8_ADJ_a,M,S,le bracelet avec les jouets qui était là depuis hier est aussi très clair <eos>,13,clair,claire,11,M,P,clair,-6.915531,claire,-9.957349,1
6252,S_NOUN_8_ADJ_a,M,S,le bracelet avec les jouets qui était là depuis hier est aussi très intéressant <eos>,13,intéressant,intéressante,11,M,P,intéressant,-5.885701,intéressante,-9.654065,1
6253,S_NOUN_8_ADJ_a,M,S,le bracelet avec les jouets qui était là depuis hier est aussi très brillant <eos>,13,brillant,brillante,11,M,P,brillant,-7.944477,brillante,-11.478316,1
6254,S_NOUN_8_ADJ_a,M,S,le bracelet avec les jouets qui était là depuis hier est aussi très compliqué <eos>,13,compliqué,compliquée,11,M,P,compliqué,-5.8729305,compliquée,-9.527496,1
6255,S_NOUN_8_ADJ_a,M,S,le bracelet avec les clous qui était là depuis hier est aussi très vert <eos>,13,vert,verte,11,M,P,vert,-10.237534,verte,-14.462582,1
6256,S_NOUN_8_ADJ_a,M,S,le bracelet avec les clous qui était là depuis hier est aussi très bleu <eos>,13,bleu,bleue,11,M,P,bleu,-11.228771,bleue,-17.253538,1
6257,S_NOUN_8_ADJ_a,M,S,le bracelet avec les clous qui était là depuis hier est aussi très noir <eos>,13,noir,noire,11,M,P,noir,-9.579998,noire,-14.051157,1
6258,S_NOUN_8_ADJ_a,M,S,le bracelet avec les clous qui était là depuis hier est aussi très délicat <eos>,13,délicat,délicate,11,M,P,délicat,-7.080886,délicate,-9.809398,1
6259,S_NOUN_8_ADJ_a,M,S,le bracelet avec les clous qui était là depuis hier est aussi très pointu <eos>,13,pointu,pointue,11,M,P,pointu,-7.9029217,pointue,-13.077783,1
6260,S_NOUN_8_ADJ_a,M,S,le bracelet avec les clous qui était là depuis hier est aussi très rond <eos>,13,rond,ronde,11,M,P,rond,-10.416502,ronde,-13.311239,1
6261,S_NOUN_8_ADJ_a,M,S,le bracelet avec les clous qui était là depuis hier est aussi très froid <eos>,13,froid,froide,11,M,P,froid,-7.499449,froide,-12.205739,1
6262,S_NOUN_8_ADJ_a,M,S,le bracelet avec les clous qui était là depuis hier est aussi très chaud <eos>,13,chaud,chaude,11,M,P,chaud,-6.455312,chaude,-11.006092,1
6263,S_NOUN_8_ADJ_a,M,S,le bracelet avec les clous qui était là depuis hier est aussi très important <eos>,13,important,importante,11,M,P,important,-4.6683607,importante,-8.726294,1
6264,S_NOUN_8_ADJ_a,M,S,le bracelet avec les clous qui était là depuis hier est aussi très court <eos>,13,court,courte,11,M,P,court,-4.642994,courte,-9.253094,1
6265,S_NOUN_8_ADJ_a,M,S,le bracelet avec les clous qui était là depuis hier est aussi très dur <eos>,13,dur,dure,11,M,P,dur,-5.1821566,dure,-8.080023,1
6266,S_NOUN_8_ADJ_a,M,S,le bracelet avec les clous qui était là depuis hier est aussi très clair <eos>,13,clair,claire,11,M,P,clair,-6.647441,claire,-10.11338,1
6267,S_NOUN_8_ADJ_a,M,S,le bracelet avec les clous qui était là depuis hier est aussi très intéressant <eos>,13,intéressant,intéressante,11,M,P,intéressant,-6.0583825,intéressante,-9.941585,1
6268,S_NOUN_8_ADJ_a,M,S,le bracelet avec les clous qui était là depuis hier est aussi très brillant <eos>,13,brillant,brillante,11,M,P,brillant,-7.8282843,brillante,-11.485217,1
6269,S_NOUN_8_ADJ_a,M,S,le bracelet avec les clous qui était là depuis hier est aussi très compliqué <eos>,13,compliqué,compliquée,11,M,P,compliqué,-5.6836176,compliquée,-9.481274,1
6270,S_NOUN_8_ADJ_a,M,S,le bracelet avec les billets qui était là depuis hier est aussi très vert <eos>,13,vert,verte,11,M,P,vert,-10.704734,verte,-14.804062,1
6271,S_NOUN_8_ADJ_a,M,S,le bracelet avec les billets qui était là depuis hier est aussi très bleu <eos>,13,bleu,bleue,11,M,P,bleu,-11.210921,bleue,-17.923681,1
6272,S_NOUN_8_ADJ_a,M,S,le bracelet avec les billets qui était là depuis hier est aussi très noir <eos>,13,noir,noire,11,M,P,noir,-9.673989,noire,-14.919285,1
6273,S_NOUN_8_ADJ_a,M,S,le bracelet avec les billets qui était là depuis hier est aussi très délicat <eos>,13,délicat,délicate,11,M,P,délicat,-7.754381,délicate,-10.695255,1
6274,S_NOUN_8_ADJ_a,M,S,le bracelet avec les billets qui était là depuis hier est aussi très pointu <eos>,13,pointu,pointue,11,M,P,pointu,-9.087823,pointue,-14.212538,1
6275,S_NOUN_8_ADJ_a,M,S,le bracelet avec les billets qui était là depuis hier est aussi très rond <eos>,13,rond,ronde,11,M,P,rond,-11.002213,ronde,-14.853207,1
6276,S_NOUN_8_ADJ_a,M,S,le bracelet avec les billets qui était là depuis hier est aussi très froid <eos>,13,froid,froide,11,M,P,froid,-8.395343,froide,-13.17214,1
6277,S_NOUN_8_ADJ_a,M,S,le bracelet avec les billets qui était là depuis hier est aussi très chaud <eos>,13,chaud,chaude,11,M,P,chaud,-7.410844,chaude,-11.460189,1
6278,S_NOUN_8_ADJ_a,M,S,le bracelet avec les billets qui était là depuis hier est aussi très important <eos>,13,important,importante,11,M,P,important,-4.2232084,importante,-8.314463,1
6279,S_NOUN_8_ADJ_a,M,S,le bracelet avec les billets qui était là depuis hier est aussi très court <eos>,13,court,courte,11,M,P,court,-4.6043234,courte,-9.059775,1
6280,S_NOUN_8_ADJ_a,M,S,le bracelet avec les billets qui était là depuis hier est aussi très dur <eos>,13,dur,dure,11,M,P,dur,-6.436824,dure,-9.192474,1
6281,S_NOUN_8_ADJ_a,M,S,le bracelet avec les billets qui était là depuis hier est aussi très clair <eos>,13,clair,claire,11,M,P,clair,-7.0274286,claire,-10.556362,1
6282,S_NOUN_8_ADJ_a,M,S,le bracelet avec les billets qui était là depuis hier est aussi très intéressant <eos>,13,intéressant,intéressante,11,M,P,intéressant,-5.9501495,intéressante,-9.337982,1
6283,S_NOUN_8_ADJ_a,M,S,le bracelet avec les billets qui était là depuis hier est aussi très brillant <eos>,13,brillant,brillante,11,M,P,brillant,-8.44955,brillante,-12.1444235,1
6284,S_NOUN_8_ADJ_a,M,S,le bracelet avec les billets qui était là depuis hier est aussi très compliqué <eos>,13,compliqué,compliquée,11,M,P,compliqué,-5.7923,compliquée,-10.001192,1
6285,S_NOUN_8_ADJ_a,M,S,le bracelet avec les légumes qui était là depuis hier est aussi très vert <eos>,13,vert,verte,11,M,P,vert,-10.156388,verte,-14.265136,1
6286,S_NOUN_8_ADJ_a,M,S,le bracelet avec les légumes qui était là depuis hier est aussi très bleu <eos>,13,bleu,bleue,11,M,P,bleu,-11.308161,bleue,-17.258211,1
6287,S_NOUN_8_ADJ_a,M,S,le bracelet avec les légumes qui était là depuis hier est aussi très noir <eos>,13,noir,noire,11,M,P,noir,-9.7437935,noire,-14.431143,1
6288,S_NOUN_8_ADJ_a,M,S,le bracelet avec les légumes qui était là depuis hier est aussi très délicat <eos>,13,délicat,délicate,11,M,P,délicat,-7.143586,délicate,-10.0161295,1
6289,S_NOUN_8_ADJ_a,M,S,le bracelet avec les légumes qui était là depuis hier est aussi très pointu <eos>,13,pointu,pointue,11,M,P,pointu,-8.126425,pointue,-13.766056,1
6290,S_NOUN_8_ADJ_a,M,S,le bracelet avec les légumes qui était là depuis hier est aussi très rond <eos>,13,rond,ronde,11,M,P,rond,-10.389668,ronde,-13.607399,1
6291,S_NOUN_8_ADJ_a,M,S,le bracelet avec les légumes qui était là depuis hier est aussi très froid <eos>,13,froid,froide,11,M,P,froid,-6.988159,froide,-11.909611,1
6292,S_NOUN_8_ADJ_a,M,S,le bracelet avec les légumes qui était là depuis hier est aussi très chaud <eos>,13,chaud,chaude,11,M,P,chaud,-6.0999784,chaude,-10.586566,1
6293,S_NOUN_8_ADJ_a,M,S,le bracelet avec les légumes qui était là depuis hier est aussi très important <eos>,13,important,importante,11,M,P,important,-4.514061,importante,-8.426183,1
6294,S_NOUN_8_ADJ_a,M,S,le bracelet avec les légumes qui était là depuis hier est aussi très court <eos>,13,court,courte,11,M,P,court,-5.148293,courte,-9.904495,1
6295,S_NOUN_8_ADJ_a,M,S,le bracelet avec les légumes qui était là depuis hier est aussi très dur <eos>,13,dur,dure,11,M,P,dur,-5.5472603,dure,-8.16781,1
6296,S_NOUN_8_ADJ_a,M,S,le bracelet avec les légumes qui était là depuis hier est aussi très clair <eos>,13,clair,claire,11,M,P,clair,-6.590836,claire,-10.092884,1
6297,S_NOUN_8_ADJ_a,M,S,le bracelet avec les légumes qui était là depuis hier est aussi très intéressant <eos>,13,intéressant,intéressante,11,M,P,intéressant,-6.048679,intéressante,-10.017311,1
6298,S_NOUN_8_ADJ_a,M,S,le bracelet avec les légumes qui était là depuis hier est aussi très brillant <eos>,13,brillant,brillante,11,M,P,brillant,-7.950863,brillante,-11.597846,1
6299,S_NOUN_8_ADJ_a,M,S,le bracelet avec les légumes qui était là depuis hier est aussi très compliqué <eos>,13,compliqué,compliquée,11,M,P,compliqué,-6.1729355,compliquée,-10.173628,1
6300,S_NOUN_8_ADJ_a,M,S,le miroir avec les bracelets qui était là depuis hier est aussi très vert <eos>,13,vert,verte,11,M,P,vert,-9.8624,verte,-13.7423935,1
6301,S_NOUN_8_ADJ_a,M,S,le miroir avec les bracelets qui était là depuis hier est aussi très bleu <eos>,13,bleu,bleue,11,M,P,bleu,-10.298209,bleue,-16.482601,1
6302,S_NOUN_8_ADJ_a,M,S,le miroir avec les bracelets qui était là depuis hier est aussi très noir <eos>,13,noir,noire,11,M,P,noir,-9.031172,noire,-13.197898,1
6303,S_NOUN_8_ADJ_a,M,S,le miroir avec les bracelets qui était là depuis hier est aussi très délicat <eos>,13,délicat,délicate,11,M,P,délicat,-7.2578697,délicate,-9.981364,1
6304,S_NOUN_8_ADJ_a,M,S,le miroir avec les bracelets qui était là depuis hier est aussi très pointu <eos>,13,pointu,pointue,11,M,P,pointu,-8.230767,pointue,-12.903838,1
6305,S_NOUN_8_ADJ_a,M,S,le miroir avec les bracelets qui était là depuis hier est aussi très rond <eos>,13,rond,ronde,11,M,P,rond,-10.276771,ronde,-13.366387,1
6306,S_NOUN_8_ADJ_a,M,S,le miroir avec les bracelets qui était là depuis hier est aussi très froid <eos>,13,froid,froide,11,M,P,froid,-7.4911275,froide,-11.579597,1
6307,S_NOUN_8_ADJ_a,M,S,le miroir avec les bracelets qui était là depuis hier est aussi très chaud <eos>,13,chaud,chaude,11,M,P,chaud,-7.1508512,chaude,-11.021202,1
6308,S_NOUN_8_ADJ_a,M,S,le miroir avec les bracelets qui était là depuis hier est aussi très important <eos>,13,important,importante,11,M,P,important,-5.206179,importante,-9.239635,1
6309,S_NOUN_8_ADJ_a,M,S,le miroir avec les bracelets qui était là depuis hier est aussi très court <eos>,13,court,courte,11,M,P,court,-4.7604437,courte,-9.039927,1
6310,S_NOUN_8_ADJ_a,M,S,le miroir avec les bracelets qui était là depuis hier est aussi très dur <eos>,13,dur,dure,11,M,P,dur,-5.754872,dure,-8.628771,1
6311,S_NOUN_8_ADJ_a,M,S,le miroir avec les bracelets qui était là depuis hier est aussi très clair <eos>,13,clair,claire,11,M,P,clair,-6.163459,claire,-9.712626,1
6312,S_NOUN_8_ADJ_a,M,S,le miroir avec les bracelets qui était là depuis hier est aussi très intéressant <eos>,13,intéressant,intéressante,11,M,P,intéressant,-5.976906,intéressante,-10.191554,1
6313,S_NOUN_8_ADJ_a,M,S,le miroir avec les bracelets qui était là depuis hier est aussi très brillant <eos>,13,brillant,brillante,11,M,P,brillant,-7.0400944,brillante,-10.612275,1
6314,S_NOUN_8_ADJ_a,M,S,le miroir avec les bracelets qui était là depuis hier est aussi très compliqué <eos>,13,compliqué,compliquée,11,M,P,compliqué,-5.6315303,compliquée,-9.502349,1
6315,S_NOUN_8_ADJ_a,M,S,le miroir avec les miroirs qui était là depuis hier est aussi très vert <eos>,13,vert,verte,11,M,P,vert,-9.92312,verte,-13.918969,1
6316,S_NOUN_8_ADJ_a,M,S,le miroir avec les miroirs qui était là depuis hier est aussi très bleu <eos>,13,bleu,bleue,11,M,P,bleu,-10.453752,bleue,-16.802826,1
6317,S_NOUN_8_ADJ_a,M,S,le miroir avec les miroirs qui était là depuis hier est aussi très noir <eos>,13,noir,noire,11,M,P,noir,-9.05939,noire,-14.014124,1
6318,S_NOUN_8_ADJ_a,M,S,le miroir avec les miroirs qui était là depuis hier est aussi très délicat <eos>,13,délicat,délicate,11,M,P,délicat,-7.145007,délicate,-10.138642,1
6319,S_NOUN_8_ADJ_a,M,S,le miroir avec les miroirs qui était là depuis hier est aussi très pointu <eos>,13,pointu,pointue,11,M,P,pointu,-8.6023445,pointue,-13.106766,1
6320,S_NOUN_8_ADJ_a,M,S,le miroir avec les miroirs qui était là depuis hier est aussi très rond <eos>,13,rond,ronde,11,M,P,rond,-10.217116,ronde,-13.8298,1
6321,S_NOUN_8_ADJ_a,M,S,le miroir avec les miroirs qui était là depuis hier est aussi très froid <eos>,13,froid,froide,11,M,P,froid,-7.018054,froide,-10.979483,1
6322,S_NOUN_8_ADJ_a,M,S,le miroir avec les miroirs qui était là depuis hier est aussi très chaud <eos>,13,chaud,chaude,11,M,P,chaud,-6.8028555,chaude,-10.089952,1
6323,S_NOUN_8_ADJ_a,M,S,le miroir avec les miroirs qui était là depuis hier est aussi très important <eos>,13,important,importante,11,M,P,important,-4.834347,importante,-8.7807,1
6324,S_NOUN_8_ADJ_a,M,S,le miroir avec les miroirs qui était là depuis hier est aussi très court <eos>,13,court,courte,11,M,P,court,-4.954921,courte,-9.238518,1
6325,S_NOUN_8_ADJ_a,M,S,le miroir avec les miroirs qui était là depuis hier est aussi très dur <eos>,13,dur,dure,11,M,P,dur,-5.6643353,dure,-8.80951,1
6326,S_NOUN_8_ADJ_a,M,S,le miroir avec les miroirs qui était là depuis hier est aussi très clair <eos>,13,clair,claire,11,M,P,clair,-6.126465,claire,-9.758536,1
6327,S_NOUN_8_ADJ_a,M,S,le miroir avec les miroirs qui était là depuis hier est aussi très intéressant <eos>,13,intéressant,intéressante,11,M,P,intéressant,-5.738165,intéressante,-10.022355,1
6328,S_NOUN_8_ADJ_a,M,S,le miroir avec les miroirs qui était là depuis hier est aussi très brillant <eos>,13,brillant,brillante,11,M,P,brillant,-6.691264,brillante,-9.859394,1
6329,S_NOUN_8_ADJ_a,M,S,le miroir avec les miroirs qui était là depuis hier est aussi très compliqué <eos>,13,compliqué,compliquée,11,M,P,compliqué,-5.974569,compliquée,-9.236898,1
6330,S_NOUN_8_ADJ_a,M,S,le miroir avec les crayons qui était là depuis hier est aussi très vert <eos>,13,vert,verte,11,M,P,vert,-9.546131,verte,-13.770557,1
6331,S_NOUN_8_ADJ_a,M,S,le miroir avec les crayons qui était là depuis hier est aussi très bleu <eos>,13,bleu,bleue,11,M,P,bleu,-10.18688,bleue,-16.897284,1
6332,S_NOUN_8_ADJ_a,M,S,le miroir avec les crayons qui était là depuis hier est aussi très noir <eos>,13,noir,noire,11,M,P,noir,-8.976217,noire,-13.826035,1
6333,S_NOUN_8_ADJ_a,M,S,le miroir avec les crayons qui était là depuis hier est aussi très délicat <eos>,13,délicat,délicate,11,M,P,délicat,-6.678175,délicate,-10.19887,1
6334,S_NOUN_8_ADJ_a,M,S,le miroir avec les crayons qui était là depuis hier est aussi très pointu <eos>,13,pointu,pointue,11,M,P,pointu,-8.527141,pointue,-13.699619,1
6335,S_NOUN_8_ADJ_a,M,S,le miroir avec les crayons qui était là depuis hier est aussi très rond <eos>,13,rond,ronde,11,M,P,rond,-10.451136,ronde,-14.342382,1
6336,S_NOUN_8_ADJ_a,M,S,le miroir avec les crayons qui était là depuis hier est aussi très froid <eos>,13,froid,froide,11,M,P,froid,-6.3659286,froide,-11.127781,1
6337,S_NOUN_8_ADJ_a,M,S,le miroir avec les crayons qui était là depuis hier est aussi très chaud <eos>,13,chaud,chaude,11,M,P,chaud,-6.702939,chaude,-10.572998,1
6338,S_NOUN_8_ADJ_a,M,S,le miroir avec les crayons qui était là depuis hier est aussi très important <eos>,13,important,importante,11,M,P,important,-4.643346,importante,-8.701965,1
6339,S_NOUN_8_ADJ_a,M,S,le miroir avec les crayons qui était là depuis hier est aussi très court <eos>,13,court,courte,11,M,P,court,-5.18423,courte,-9.7684,1
6340,S_NOUN_8_ADJ_a,M,S,le miroir avec les crayons qui était là depuis hier est aussi très dur <eos>,13,dur,dure,11,M,P,dur,-5.4861965,dure,-8.237193,1
6341,S_NOUN_8_ADJ_a,M,S,le miroir avec les crayons qui était là depuis hier est aussi très clair <eos>,13,clair,claire,11,M,P,clair,-5.6008425,claire,-9.335549,1
6342,S_NOUN_8_ADJ_a,M,S,le miroir avec les crayons qui était là depuis hier est aussi très intéressant <eos>,13,intéressant,intéressante,11,M,P,intéressant,-5.8076596,intéressante,-10.421722,1
6343,S_NOUN_8_ADJ_a,M,S,le miroir avec les crayons qui était là depuis hier est aussi très brillant <eos>,13,brillant,brillante,11,M,P,brillant,-6.72532,brillante,-10.243887,1
6344,S_NOUN_8_ADJ_a,M,S,le miroir avec les crayons qui était là depuis hier est aussi très compliqué <eos>,13,compliqué,compliquée,11,M,P,compliqué,-6.5138416,compliquée,-9.802613,1
6345,S_NOUN_8_ADJ_a,M,S,le miroir avec les rideaux qui était là depuis hier est aussi très vert <eos>,13,vert,verte,11,M,P,vert,-9.855827,verte,-13.808893,1
6346,S_NOUN_8_ADJ_a,M,S,le miroir avec les rideaux qui était là depuis hier est aussi très bleu <eos>,13,bleu,bleue,11,M,P,bleu,-10.254865,bleue,-16.576271,1
6347,S_NOUN_8_ADJ_a,M,S,le miroir avec les rideaux qui était là depuis hier est aussi très noir <eos>,13,noir,noire,11,M,P,noir,-8.962324,noire,-13.289361,1
6348,S_NOUN_8_ADJ_a,M,S,le miroir avec les rideaux qui était là depuis hier est aussi très délicat <eos>,13,délicat,délicate,11,M,P,délicat,-7.125472,délicate,-10.306748,1
6349,S_NOUN_8_ADJ_a,M,S,le miroir avec les rideaux qui était là depuis hier est aussi très pointu <eos>,13,pointu,pointue,11,M,P,pointu,-8.552422,pointue,-13.379406,1
6350,S_NOUN_8_ADJ_a,M,S,le miroir avec les rideaux qui était là depuis hier est aussi très rond <eos>,13,rond,ronde,11,M,P,rond,-10.067028,ronde,-13.587098,1
6351,S_NOUN_8_ADJ_a,M,S,le miroir avec les rideaux qui était là depuis hier est aussi très froid <eos>,13,froid,froide,11,M,P,froid,-6.9688263,froide,-11.289395,1
6352,S_NOUN_8_ADJ_a,M,S,le miroir avec les rideaux qui était là depuis hier est aussi très chaud <eos>,13,chaud,chaude,11,M,P,chaud,-6.996621,chaude,-10.368249,1
6353,S_NOUN_8_ADJ_a,M,S,le miroir avec les rideaux qui était là depuis hier est aussi très important <eos>,13,important,importante,11,M,P,important,-4.9358296,importante,-8.949469,1
6354,S_NOUN_8_ADJ_a,M,S,le miroir avec les rideaux qui était là depuis hier est aussi très court <eos>,13,court,courte,11,M,P,court,-4.6146727,courte,-9.178082,1
6355,S_NOUN_8_ADJ_a,M,S,le miroir avec les rideaux qui était là depuis hier est aussi très dur <eos>,13,dur,dure,11,M,P,dur,-5.897911,dure,-8.289758,1
6356,S_NOUN_8_ADJ_a,M,S,le miroir avec les rideaux qui était là depuis hier est aussi très clair <eos>,13,clair,claire,11,M,P,clair,-5.9149313,claire,-9.29098,1
6357,S_NOUN_8_ADJ_a,M,S,le miroir avec les rideaux qui était là depuis hier est aussi très intéressant <eos>,13,intéressant,intéressante,11,M,P,intéressant,-6.060067,intéressante,-10.246476,1
6358,S_NOUN_8_ADJ_a,M,S,le miroir avec les rideaux qui était là depuis hier est aussi très brillant <eos>,13,brillant,brillante,11,M,P,brillant,-7.2136664,brillante,-10.577679,1
6359,S_NOUN_8_ADJ_a,M,S,le miroir avec les rideaux qui était là depuis hier est aussi très compliqué <eos>,13,compliqué,compliquée,11,M,P,compliqué,-6.060317,compliquée,-9.630194,1
6360,S_NOUN_8_ADJ_a,M,S,le miroir avec les cahiers qui était là depuis hier est aussi très vert <eos>,13,vert,verte,11,M,P,vert,-11.218526,verte,-14.871627,1
6361,S_NOUN_8_ADJ_a,M,S,le miroir avec les cahiers qui était là depuis hier est aussi très bleu <eos>,13,bleu,bleue,11,M,P,bleu,-11.977057,bleue,-17.851322,1
6362,S_NOUN_8_ADJ_a,M,S,le miroir avec les cahiers qui était là depuis hier est aussi très noir <eos>,13,noir,noire,11,M,P,noir,-9.874024,noire,-15.23497,1
6363,S_NOUN_8_ADJ_a,M,S,le miroir avec les cahiers qui était là depuis hier est aussi très délicat <eos>,13,délicat,délicate,11,M,P,délicat,-7.7319365,délicate,-11.0204115,1
6364,S_NOUN_8_ADJ_a,M,S,le miroir avec les cahiers qui était là depuis hier est aussi très pointu <eos>,13,pointu,pointue,11,M,P,pointu,-8.625347,pointue,-13.660218,1
6365,S_NOUN_8_ADJ_a,M,S,le miroir avec les cahiers qui était là depuis hier est aussi très rond <eos>,13,rond,ronde,11,M,P,rond,-11.632637,ronde,-15.191887,1
6366,S_NOUN_8_ADJ_a,M,S,le miroir avec les cahiers qui était là depuis hier est aussi très froid <eos>,13,froid,froide,11,M,P,froid,-7.397052,froide,-12.292611,1
6367,S_NOUN_8_ADJ_a,M,S,le miroir avec les cahiers qui était là depuis hier est aussi très chaud <eos>,13,chaud,chaude,11,M,P,chaud,-7.6743917,chaude,-11.887607,1
6368,S_NOUN_8_ADJ_a,M,S,le miroir avec les cahiers qui était là depuis hier est aussi très important <eos>,13,important,importante,11,M,P,important,-4.1780834,importante,-8.170759,1
6369,S_NOUN_8_ADJ_a,M,S,le miroir avec les cahiers qui était là depuis hier est aussi très court <eos>,13,court,courte,11,M,P,court,-5.3292065,courte,-9.225517,1
6370,S_NOUN_8_ADJ_a,M,S,le miroir avec les cahiers qui était là depuis hier est aussi très dur <eos>,13,dur,dure,11,M,P,dur,-5.773443,dure,-8.304595,1
6371,S_NOUN_8_ADJ_a,M,S,le miroir avec les cahiers qui était là depuis hier est aussi très clair <eos>,13,clair,claire,11,M,P,clair,-6.440404,claire,-10.327559,1
6372,S_NOUN_8_ADJ_a,M,S,le miroir avec les cahiers qui était là depuis hier est aussi très intéressant <eos>,13,intéressant,intéressante,11,M,P,intéressant,-5.486909,intéressante,-9.707766,1
6373,S_NOUN_8_ADJ_a,M,S,le miroir avec les cahiers qui était là depuis hier est aussi très brillant <eos>,13,brillant,brillante,11,M,P,brillant,-7.458278,brillante,-11.099556,1
6374,S_NOUN_8_ADJ_a,M,S,le miroir avec les cahiers qui était là depuis hier est aussi très compliqué <eos>,13,compliqué,compliquée,11,M,P,compliqué,-6.360838,compliquée,-9.465534,1
6375,S_NOUN_8_ADJ_a,M,S,le miroir avec les micros qui était là depuis hier est aussi très vert <eos>,13,vert,verte,11,M,P,vert,-10.396839,verte,-14.795104,1
6376,S_NOUN_8_ADJ_a,M,S,le miroir avec les micros qui était là depuis hier est aussi très bleu <eos>,13,bleu,bleue,11,M,P,bleu,-10.783162,bleue,-17.449957,1
6377,S_NOUN_8_ADJ_a,M,S,le miroir avec les micros qui était là depuis hier est aussi très noir <eos>,13,noir,noire,11,M,P,noir,-8.977336,noire,-14.443009,1
6378,S_NOUN_8_ADJ_a,M,S,le miroir avec les micros qui était là depuis hier est aussi très délicat <eos>,13,délicat,délicate,11,M,P,délicat,-6.7674427,délicate,-10.119484,1
6379,S_NOUN_8_ADJ_a,M,S,le miroir avec les micros qui était là depuis hier est aussi très pointu <eos>,13,pointu,pointue,11,M,P,pointu,-8.548132,pointue,-13.750648,1
6380,S_NOUN_8_ADJ_a,M,S,le miroir avec les micros qui était là depuis hier est aussi très rond <eos>,13,rond,ronde,11,M,P,rond,-10.043077,ronde,-14.154239,1
6381,S_NOUN_8_ADJ_a,M,S,le miroir avec les micros qui était là depuis hier est aussi très froid <eos>,13,froid,froide,11,M,P,froid,-7.236635,froide,-11.753195,1
6382,S_NOUN_8_ADJ_a,M,S,le miroir avec les micros qui était là depuis hier est aussi très chaud <eos>,13,chaud,chaude,11,M,P,chaud,-6.8060703,chaude,-10.381026,1
6383,S_NOUN_8_ADJ_a,M,S,le miroir avec les micros qui était là depuis hier est aussi très important <eos>,13,important,importante,11,M,P,important,-4.7162094,importante,-8.993741,1
6384,S_NOUN_8_ADJ_a,M,S,le miroir avec les micros qui était là depuis hier est aussi très court <eos>,13,court,courte,11,M,P,court,-5.126355,courte,-9.616062,1
6385,S_NOUN_8_ADJ_a,M,S,le miroir avec les micros qui était là depuis hier est aussi très dur <eos>,13,dur,dure,11,M,P,dur,-5.1597867,dure,-8.257313,1
6386,S_NOUN_8_ADJ_a,M,S,le miroir avec les micros qui était là depuis hier est aussi très clair <eos>,13,clair,claire,11,M,P,clair,-5.891854,claire,-9.669041,1
6387,S_NOUN_8_ADJ_a,M,S,le miroir avec les micros qui était là depuis hier est aussi très intéressant <eos>,13,intéressant,intéressante,11,M,P,intéressant,-5.9552603,intéressante,-10.182046,1
6388,S_NOUN_8_ADJ_a,M,S,le miroir avec les micros qui était là depuis hier est aussi très brillant <eos>,13,brillant,brillante,11,M,P,brillant,-6.9039392,brillante,-10.986274,1
6389,S_NOUN_8_ADJ_a,M,S,le miroir avec les micros qui était là depuis hier est aussi très compliqué <eos>,13,compliqué,compliquée,11,M,P,compliqué,-5.306445,compliquée,-8.969217,1
6390,S_NOUN_8_ADJ_a,M,S,le miroir avec les sacs qui était là depuis hier est aussi très vert <eos>,13,vert,verte,11,M,P,vert,-9.881085,verte,-14.14708,1
6391,S_NOUN_8_ADJ_a,M,S,le miroir avec les sacs qui était là depuis hier est aussi très bleu <eos>,13,bleu,bleue,11,M,P,bleu,-10.531867,bleue,-16.93804,1
6392,S_NOUN_8_ADJ_a,M,S,le miroir avec les sacs qui était là depuis hier est aussi très noir <eos>,13,noir,noire,11,M,P,noir,-9.028242,noire,-13.601914,1
6393,S_NOUN_8_ADJ_a,M,S,le miroir avec les sacs qui était là depuis hier est aussi très délicat <eos>,13,délicat,délicate,11,M,P,délicat,-7.037284,délicate,-9.940159,1
6394,S_NOUN_8_ADJ_a,M,S,le miroir avec les sacs qui était là depuis hier est aussi très pointu <eos>,13,pointu,pointue,11,M,P,pointu,-7.9258575,pointue,-13.020398,1
6395,S_NOUN_8_ADJ_a,M,S,le miroir avec les sacs qui était là depuis hier est aussi très rond <eos>,13,rond,ronde,11,M,P,rond,-9.986313,ronde,-13.375068,1
6396,S_NOUN_8_ADJ_a,M,S,le miroir avec les sacs qui était là depuis hier est aussi très froid <eos>,13,froid,froide,11,M,P,froid,-6.568998,froide,-11.210167,1
6397,S_NOUN_8_ADJ_a,M,S,le miroir avec les sacs qui était là depuis hier est aussi très chaud <eos>,13,chaud,chaude,11,M,P,chaud,-6.2167435,chaude,-10.248111,1
6398,S_NOUN_8_ADJ_a,M,S,le miroir avec les sacs qui était là depuis hier est aussi très important <eos>,13,important,importante,11,M,P,important,-4.5501366,importante,-8.523829,1
6399,S_NOUN_8_ADJ_a,M,S,le miroir avec les sacs qui était là depuis hier est aussi très court <eos>,13,court,courte,11,M,P,court,-4.625128,courte,-9.06986,1
6400,S_NOUN_8_ADJ_a,M,S,le miroir avec les sacs qui était là depuis hier est aussi très dur <eos>,13,dur,dure,11,M,P,dur,-5.3440585,dure,-8.084284,1
6401,S_NOUN_8_ADJ_a,M,S,le miroir avec les sacs qui était là depuis hier est aussi très clair <eos>,13,clair,claire,11,M,P,clair,-5.891967,claire,-9.706988,1
6402,S_NOUN_8_ADJ_a,M,S,le miroir avec les sacs qui était là depuis hier est aussi très intéressant <eos>,13,intéressant,intéressante,11,M,P,intéressant,-5.7113905,intéressante,-10.226877,1
6403,S_NOUN_8_ADJ_a,M,S,le miroir avec les sacs qui était là depuis hier est aussi très brillant <eos>,13,brillant,brillante,11,M,P,brillant,-7.310352,brillante,-10.98167,1
6404,S_NOUN_8_ADJ_a,M,S,le miroir avec les sacs qui était là depuis hier est aussi très compliqué <eos>,13,compliqué,compliquée,11,M,P,compliqué,-5.9616833,compliquée,-9.595859,1
6405,S_NOUN_8_ADJ_a,M,S,le miroir avec les claviers qui était là depuis hier est aussi très vert <eos>,13,vert,verte,11,M,P,vert,-11.164657,verte,-14.922702,1
6406,S_NOUN_8_ADJ_a,M,S,le miroir avec les claviers qui était là depuis hier est aussi très bleu <eos>,13,bleu,bleue,11,M,P,bleu,-11.564296,bleue,-17.430847,1
6407,S_NOUN_8_ADJ_a,M,S,le miroir avec les claviers qui était là depuis hier est aussi très noir <eos>,13,noir,noire,11,M,P,noir,-9.697198,noire,-14.380568,1
6408,S_NOUN_8_ADJ_a,M,S,le miroir avec les claviers qui était là depuis hier est aussi très délicat <eos>,13,délicat,délicate,11,M,P,délicat,-6.8825603,délicate,-10.146525,1
6409,S_NOUN_8_ADJ_a,M,S,le miroir avec les claviers qui était là depuis hier est aussi très pointu <eos>,13,pointu,pointue,11,M,P,pointu,-8.433795,pointue,-13.558832,1
6410,S_NOUN_8_ADJ_a,M,S,le miroir avec les claviers qui était là depuis hier est aussi très rond <eos>,13,rond,ronde,11,M,P,rond,-10.519358,ronde,-14.25311,1
6411,S_NOUN_8_ADJ_a,M,S,le miroir avec les claviers qui était là depuis hier est aussi très froid <eos>,13,froid,froide,11,M,P,froid,-7.426897,froide,-12.251592,1
6412,S_NOUN_8_ADJ_a,M,S,le miroir avec les claviers qui était là depuis hier est aussi très chaud <eos>,13,chaud,chaude,11,M,P,chaud,-7.3980145,chaude,-10.542553,1
6413,S_NOUN_8_ADJ_a,M,S,le miroir avec les claviers qui était là depuis hier est aussi très important <eos>,13,important,importante,11,M,P,important,-4.596366,importante,-8.608882,1
6414,S_NOUN_8_ADJ_a,M,S,le miroir avec les claviers qui était là depuis hier est aussi très court <eos>,13,court,courte,11,M,P,court,-5.474613,courte,-9.556868,1
6415,S_NOUN_8_ADJ_a,M,S,le miroir avec les claviers qui était là depuis hier est aussi très dur <eos>,13,dur,dure,11,M,P,dur,-4.7968216,dure,-8.203797,1
6416,S_NOUN_8_ADJ_a,M,S,le miroir avec les claviers qui était là depuis hier est aussi très clair <eos>,13,clair,claire,11,M,P,clair,-6.2118998,claire,-9.409904,1
6417,S_NOUN_8_ADJ_a,M,S,le miroir avec les claviers qui était là depuis hier est aussi très intéressant <eos>,13,intéressant,intéressante,11,M,P,intéressant,-5.7226076,intéressante,-9.791381,1
6418,S_NOUN_8_ADJ_a,M,S,le miroir avec les claviers qui était là depuis hier est aussi très brillant <eos>,13,brillant,brillante,11,M,P,brillant,-7.174513,brillante,-10.801263,1
6419,S_NOUN_8_ADJ_a,M,S,le miroir avec les claviers qui était là depuis hier est aussi très compliqué <eos>,13,compliqué,compliquée,11,M,P,compliqué,-5.7297583,compliquée,-8.831303,1
6420,S_NOUN_8_ADJ_a,M,S,le miroir avec les raisins qui était là depuis hier est aussi très vert <eos>,13,vert,verte,11,M,P,vert,-9.768639,verte,-14.345005,1
6421,S_NOUN_8_ADJ_a,M,S,le miroir avec les raisins qui était là depuis hier est aussi très bleu <eos>,13,bleu,bleue,11,M,P,bleu,-10.868429,bleue,-17.384499,1
6422,S_NOUN_8_ADJ_a,M,S,le miroir avec les raisins qui était là depuis hier est aussi très noir <eos>,13,noir,noire,11,M,P,noir,-9.526328,noire,-13.898281,1
6423,S_NOUN_8_ADJ_a,M,S,le miroir avec les raisins qui était là depuis hier est aussi très délicat <eos>,13,délicat,délicate,11,M,P,délicat,-6.3605156,délicate,-9.6799755,1
6424,S_NOUN_8_ADJ_a,M,S,le miroir avec les raisins qui était là depuis hier est aussi très pointu <eos>,13,pointu,pointue,11,M,P,pointu,-8.045092,pointue,-13.078585,1
6425,S_NOUN_8_ADJ_a,M,S,le miroir avec les raisins qui était là depuis hier est aussi très rond <eos>,13,rond,ronde,11,M,P,rond,-10.241453,ronde,-13.127226,1
6426,S_NOUN_8_ADJ_a,M,S,le miroir avec les raisins qui était là depuis hier est aussi très froid <eos>,13,froid,froide,11,M,P,froid,-5.8665075,froide,-11.189188,1
6427,S_NOUN_8_ADJ_a,M,S,le miroir avec les raisins qui était là depuis hier est aussi très chaud <eos>,13,chaud,chaude,11,M,P,chaud,-5.8340926,chaude,-10.498491,1
6428,S_NOUN_8_ADJ_a,M,S,le miroir avec les raisins qui était là depuis hier est aussi très important <eos>,13,important,importante,11,M,P,important,-4.305294,importante,-8.126388,1
6429,S_NOUN_8_ADJ_a,M,S,le miroir avec les raisins qui était là depuis hier est aussi très court <eos>,13,court,courte,11,M,P,court,-4.6006174,courte,-9.694302,1
6430,S_NOUN_8_ADJ_a,M,S,le miroir avec les raisins qui était là depuis hier est aussi très dur <eos>,13,dur,dure,11,M,P,dur,-4.635543,dure,-7.893955,1
6431,S_NOUN_8_ADJ_a,M,S,le miroir avec les raisins qui était là depuis hier est aussi très clair <eos>,13,clair,claire,11,M,P,clair,-5.451954,claire,-9.177068,1
6432,S_NOUN_8_ADJ_a,M,S,le miroir avec les raisins qui était là depuis hier est aussi très intéressant <eos>,13,intéressant,intéressante,11,M,P,intéressant,-5.7411976,intéressante,-10.430792,1
6433,S_NOUN_8_ADJ_a,M,S,le miroir avec les raisins qui était là depuis hier est aussi très brillant <eos>,13,brillant,brillante,11,M,P,brillant,-7.2197704,brillante,-10.788318,1
6434,S_NOUN_8_ADJ_a,M,S,le miroir avec les raisins qui était là depuis hier est aussi très compliqué <eos>,13,compliqué,compliquée,11,M,P,compliqué,-6.394478,compliquée,-10.0819,1
6435,S_NOUN_8_ADJ_a,M,S,le miroir avec les chargeurs qui était là depuis hier est aussi très vert <eos>,13,vert,verte,11,M,P,vert,-10.5786705,verte,-15.148203,1
6436,S_NOUN_8_ADJ_a,M,S,le miroir avec les chargeurs qui était là depuis hier est aussi très bleu <eos>,13,bleu,bleue,11,M,P,bleu,-11.135822,bleue,-18.037422,1
6437,S_NOUN_8_ADJ_a,M,S,le miroir avec les chargeurs qui était là depuis hier est aussi très noir <eos>,13,noir,noire,11,M,P,noir,-9.247177,noire,-14.924128,1
6438,S_NOUN_8_ADJ_a,M,S,le miroir avec les chargeurs qui était là depuis hier est aussi très délicat <eos>,13,délicat,délicate,11,M,P,délicat,-7.353287,délicate,-9.980385,1
6439,S_NOUN_8_ADJ_a,M,S,le miroir avec les chargeurs qui était là depuis hier est aussi très pointu <eos>,13,pointu,pointue,11,M,P,pointu,-8.6069765,pointue,-12.761989,1
6440,S_NOUN_8_ADJ_a,M,S,le miroir avec les chargeurs qui était là depuis hier est aussi très rond <eos>,13,rond,ronde,11,M,P,rond,-10.075054,ronde,-13.86691,1
6441,S_NOUN_8_ADJ_a,M,S,le miroir avec les chargeurs qui était là depuis hier est aussi très froid <eos>,13,froid,froide,11,M,P,froid,-7.047472,froide,-11.494459,1
6442,S_NOUN_8_ADJ_a,M,S,le miroir avec les chargeurs qui était là depuis hier est aussi très chaud <eos>,13,chaud,chaude,11,M,P,chaud,-7.19168,chaude,-10.851633,1
6443,S_NOUN_8_ADJ_a,M,S,le miroir avec les chargeurs qui était là depuis hier est aussi très important <eos>,13,important,importante,11,M,P,important,-4.0380774,importante,-8.10256,1
6444,S_NOUN_8_ADJ_a,M,S,le miroir avec les chargeurs qui était là depuis hier est aussi très court <eos>,13,court,courte,11,M,P,court,-4.632187,courte,-8.736041,1
6445,S_NOUN_8_ADJ_a,M,S,le miroir avec les chargeurs qui était là depuis hier est aussi très dur <eos>,13,dur,dure,11,M,P,dur,-5.398226,dure,-9.093592,1
6446,S_NOUN_8_ADJ_a,M,S,le miroir avec les chargeurs qui était là depuis hier est aussi très clair <eos>,13,clair,claire,11,M,P,clair,-6.998106,claire,-11.062509,1
6447,S_NOUN_8_ADJ_a,M,S,le miroir avec les chargeurs qui était là depuis hier est aussi très intéressant <eos>,13,intéressant,intéressante,11,M,P,intéressant,-5.683684,intéressante,-10.001563,1
6448,S_NOUN_8_ADJ_a,M,S,le miroir avec les chargeurs qui était là depuis hier est aussi très brillant <eos>,13,brillant,brillante,11,M,P,brillant,-7.5194225,brillante,-11.4316635,1
6449,S_NOUN_8_ADJ_a,M,S,le miroir avec les chargeurs qui était là depuis hier est aussi très compliqué <eos>,13,compliqué,compliquée,11,M,P,compliqué,-5.4242845,compliquée,-9.270115,1
6450,S_NOUN_8_ADJ_a,M,S,le miroir avec les vases qui était là depuis hier est aussi très vert <eos>,13,vert,verte,11,M,P,vert,-10.196733,verte,-14.045931,1
6451,S_NOUN_8_ADJ_a,M,S,le miroir avec les vases qui était là depuis hier est aussi très bleu <eos>,13,bleu,bleue,11,M,P,bleu,-10.822871,bleue,-16.757238,1
6452,S_NOUN_8_ADJ_a,M,S,le miroir avec les vases qui était là depuis hier est aussi très noir <eos>,13,noir,noire,11,M,P,noir,-9.7672825,noire,-13.36279,1
6453,S_NOUN_8_ADJ_a,M,S,le miroir avec les vases qui était là depuis hier est aussi très délicat <eos>,13,délicat,délicate,11,M,P,délicat,-6.916333,délicate,-9.900914,1
6454,S_NOUN_8_ADJ_a,M,S,le miroir avec les vases qui était là depuis hier est aussi très pointu <eos>,13,pointu,pointue,11,M,P,pointu,-8.021172,pointue,-12.865664,1
6455,S_NOUN_8_ADJ_a,M,S,le miroir avec les vases qui était là depuis hier est aussi très rond <eos>,13,rond,ronde,11,M,P,rond,-9.917558,ronde,-13.074101,1
6456,S_NOUN_8_ADJ_a,M,S,le miroir avec les vases qui était là depuis hier est aussi très froid <eos>,13,froid,froide,11,M,P,froid,-7.4210825,froide,-11.587895,1
6457,S_NOUN_8_ADJ_a,M,S,le miroir avec les vases qui était là depuis hier est aussi très chaud <eos>,13,chaud,chaude,11,M,P,chaud,-6.7953644,chaude,-10.667458,1
6458,S_NOUN_8_ADJ_a,M,S,le miroir avec les vases qui était là depuis hier est aussi très important <eos>,13,important,importante,11,M,P,important,-4.872048,importante,-8.780962,1
6459,S_NOUN_8_ADJ_a,M,S,le miroir avec les vases qui était là depuis hier est aussi très court <eos>,13,court,courte,11,M,P,court,-4.755528,courte,-9.237499,1
6460,S_NOUN_8_ADJ_a,M,S,le miroir avec les vases qui était là depuis hier est aussi très dur <eos>,13,dur,dure,11,M,P,dur,-5.497302,dure,-8.234388,1
6461,S_NOUN_8_ADJ_a,M,S,le miroir avec les vases qui était là depuis hier est aussi très clair <eos>,13,clair,claire,11,M,P,clair,-5.734687,claire,-9.396142,1
6462,S_NOUN_8_ADJ_a,M,S,le miroir avec les vases qui était là depuis hier est aussi très intéressant <eos>,13,intéressant,intéressante,11,M,P,intéressant,-5.8824034,intéressante,-10.478236,1
6463,S_NOUN_8_ADJ_a,M,S,le miroir avec les vases qui était là depuis hier est aussi très brillant <eos>,13,brillant,brillante,11,M,P,brillant,-7.068638,brillante,-10.413185,1
6464,S_NOUN_8_ADJ_a,M,S,le miroir avec les vases qui était là depuis hier est aussi très compliqué <eos>,13,compliqué,compliquée,11,M,P,compliqué,-6.241221,compliquée,-9.891836,1
6465,S_NOUN_8_ADJ_a,M,S,le miroir avec les paniers qui était là depuis hier est aussi très vert <eos>,13,vert,verte,11,M,P,vert,-10.100205,verte,-14.006937,1
6466,S_NOUN_8_ADJ_a,M,S,le miroir avec les paniers qui était là depuis hier est aussi très bleu <eos>,13,bleu,bleue,11,M,P,bleu,-10.542546,bleue,-16.695915,1
6467,S_NOUN_8_ADJ_a,M,S,le miroir avec les paniers qui était là depuis hier est aussi très noir <eos>,13,noir,noire,11,M,P,noir,-9.179288,noire,-13.166732,1
6468,S_NOUN_8_ADJ_a,M,S,le miroir avec les paniers qui était là depuis hier est aussi très délicat <eos>,13,délicat,délicate,11,M,P,délicat,-6.9219303,délicate,-10.177872,1
6469,S_NOUN_8_ADJ_a,M,S,le miroir avec les paniers qui était là depuis hier est aussi très pointu <eos>,13,pointu,pointue,11,M,P,pointu,-7.592018,pointue,-12.433833,1
6470,S_NOUN_8_ADJ_a,M,S,le miroir avec les paniers qui était là depuis hier est aussi très rond <eos>,13,rond,ronde,11,M,P,rond,-9.625775,ronde,-13.018571,1
6471,S_NOUN_8_ADJ_a,M,S,le miroir avec les paniers qui était là depuis hier est aussi très froid <eos>,13,froid,froide,11,M,P,froid,-7.4140596,froide,-11.585064,1
6472,S_NOUN_8_ADJ_a,M,S,le miroir avec les paniers qui était là depuis hier est aussi très chaud <eos>,13,chaud,chaude,11,M,P,chaud,-6.9463058,chaude,-10.880272,1
6473,S_NOUN_8_ADJ_a,M,S,le miroir avec les paniers qui était là depuis hier est aussi très important <eos>,13,important,importante,11,M,P,important,-5.0539446,importante,-9.06921,1
6474,S_NOUN_8_ADJ_a,M,S,le miroir avec les paniers qui était là depuis hier est aussi très court <eos>,13,court,courte,11,M,P,court,-4.3561845,courte,-8.7313175,1
6475,S_NOUN_8_ADJ_a,M,S,le miroir avec les paniers qui était là depuis hier est aussi très dur <eos>,13,dur,dure,11,M,P,dur,-5.431347,dure,-8.26802,1
6476,S_NOUN_8_ADJ_a,M,S,le miroir avec les paniers qui était là depuis hier est aussi très clair <eos>,13,clair,claire,11,M,P,clair,-5.7854977,claire,-9.414567,1
6477,S_NOUN_8_ADJ_a,M,S,le miroir avec les paniers qui était là depuis hier est aussi très intéressant <eos>,13,intéressant,intéressante,11,M,P,intéressant,-5.889778,intéressante,-10.294801,1
6478,S_NOUN_8_ADJ_a,M,S,le miroir avec les paniers qui était là depuis hier est aussi très brillant <eos>,13,brillant,brillante,11,M,P,brillant,-7.311307,brillante,-10.878872,1
6479,S_NOUN_8_ADJ_a,M,S,le miroir avec les paniers qui était là depuis hier est aussi très compliqué <eos>,13,compliqué,compliquée,11,M,P,compliqué,-5.654712,compliquée,-9.254738,1
6480,S_NOUN_8_ADJ_a,M,S,le miroir avec les colliers qui était là depuis hier est aussi très vert <eos>,13,vert,verte,11,M,P,vert,-10.32169,verte,-14.181177,1
6481,S_NOUN_8_ADJ_a,M,S,le miroir avec les colliers qui était là depuis hier est aussi très bleu <eos>,13,bleu,bleue,11,M,P,bleu,-10.844104,bleue,-16.814953,1
6482,S_NOUN_8_ADJ_a,M,S,le miroir avec les colliers qui était là depuis hier est aussi très noir <eos>,13,noir,noire,11,M,P,noir,-9.697201,noire,-13.323496,1
6483,S_NOUN_8_ADJ_a,M,S,le miroir avec les colliers qui était là depuis hier est aussi très délicat <eos>,13,délicat,délicate,11,M,P,délicat,-6.899554,délicate,-9.838206,1
6484,S_NOUN_8_ADJ_a,M,S,le miroir avec les colliers qui était là depuis hier est aussi très pointu <eos>,13,pointu,pointue,11,M,P,pointu,-7.7255716,pointue,-12.265997,1
6485,S_NOUN_8_ADJ_a,M,S,le miroir avec les colliers qui était là depuis hier est aussi très rond <eos>,13,rond,ronde,11,M,P,rond,-10.01867,ronde,-13.087867,1
6486,S_NOUN_8_ADJ_a,M,S,le miroir avec les colliers qui était là depuis hier est aussi très froid <eos>,13,froid,froide,11,M,P,froid,-8.0399475,froide,-11.76379,1
6487,S_NOUN_8_ADJ_a,M,S,le miroir avec les colliers qui était là depuis hier est aussi très chaud <eos>,13,chaud,chaude,11,M,P,chaud,-7.666684,chaude,-11.071691,1
6488,S_NOUN_8_ADJ_a,M,S,le miroir avec les colliers qui était là depuis hier est aussi très important <eos>,13,important,importante,11,M,P,important,-4.899064,importante,-8.661158,1
6489,S_NOUN_8_ADJ_a,M,S,le miroir avec les colliers qui était là depuis hier est aussi très court <eos>,13,court,courte,11,M,P,court,-4.431358,courte,-8.551733,1
6490,S_NOUN_8_ADJ_a,M,S,le miroir avec les colliers qui était là depuis hier est aussi très dur <eos>,13,dur,dure,11,M,P,dur,-5.574585,dure,-8.23894,1
6491,S_NOUN_8_ADJ_a,M,S,le miroir avec les colliers qui était là depuis hier est aussi très clair <eos>,13,clair,claire,11,M,P,clair,-5.919744,claire,-9.604193,1
6492,S_NOUN_8_ADJ_a,M,S,le miroir avec les colliers qui était là depuis hier est aussi très intéressant <eos>,13,intéressant,intéressante,11,M,P,intéressant,-5.980347,intéressante,-10.375619,1
6493,S_NOUN_8_ADJ_a,M,S,le miroir avec les colliers qui était là depuis hier est aussi très brillant <eos>,13,brillant,brillante,11,M,P,brillant,-7.3196926,brillante,-10.532739,1
6494,S_NOUN_8_ADJ_a,M,S,le miroir avec les colliers qui était là depuis hier est aussi très compliqué <eos>,13,compliqué,compliquée,11,M,P,compliqué,-5.831189,compliquée,-9.478612,1
6495,S_NOUN_8_ADJ_a,M,S,le miroir avec les chapeaux qui était là depuis hier est aussi très vert <eos>,13,vert,verte,11,M,P,vert,-9.939425,verte,-13.861156,1
6496,S_NOUN_8_ADJ_a,M,S,le miroir avec les chapeaux qui était là depuis hier est aussi très bleu <eos>,13,bleu,bleue,11,M,P,bleu,-10.244359,bleue,-16.539885,1
6497,S_NOUN_8_ADJ_a,M,S,le miroir avec les chapeaux qui était là depuis hier est aussi très noir <eos>,13,noir,noire,11,M,P,noir,-8.81269,noire,-13.352768,1
6498,S_NOUN_8_ADJ_a,M,S,le miroir avec les chapeaux qui était là depuis hier est aussi très délicat <eos>,13,délicat,délicate,11,M,P,délicat,-7.2366486,délicate,-10.848339,1
6499,S_NOUN_8_ADJ_a,M,S,le miroir avec les chapeaux qui était là depuis hier est aussi très pointu <eos>,13,pointu,pointue,11,M,P,pointu,-8.001209,pointue,-13.220608,1
6500,S_NOUN_8_ADJ_a,M,S,le miroir avec les chapeaux qui était là depuis hier est aussi très rond <eos>,13,rond,ronde,11,M,P,rond,-9.879099,ronde,-13.507944,1
6501,S_NOUN_8_ADJ_a,M,S,le miroir avec les chapeaux qui était là depuis hier est aussi très froid <eos>,13,froid,froide,11,M,P,froid,-7.3772454,froide,-11.659733,1
6502,S_NOUN_8_ADJ_a,M,S,le miroir avec les chapeaux qui était là depuis hier est aussi très chaud <eos>,13,chaud,chaude,11,M,P,chaud,-7.088463,chaude,-10.798316,1
6503,S_NOUN_8_ADJ_a,M,S,le miroir avec les chapeaux qui était là depuis hier est aussi très important <eos>,13,important,importante,11,M,P,important,-5.015562,importante,-9.152972,1
6504,S_NOUN_8_ADJ_a,M,S,le miroir avec les chapeaux qui était là depuis hier est aussi très court <eos>,13,court,courte,11,M,P,court,-4.5670652,courte,-9.036124,1
6505,S_NOUN_8_ADJ_a,M,S,le miroir avec les chapeaux qui était là depuis hier est aussi très dur <eos>,13,dur,dure,11,M,P,dur,-5.87655,dure,-8.678484,1
6506,S_NOUN_8_ADJ_a,M,S,le miroir avec les chapeaux qui était là depuis hier est aussi très clair <eos>,13,clair,claire,11,M,P,clair,-6.0146074,claire,-9.669503,1
6507,S_NOUN_8_ADJ_a,M,S,le miroir avec les chapeaux qui était là depuis hier est aussi très intéressant <eos>,13,intéressant,intéressante,11,M,P,intéressant,-5.966134,intéressante,-10.339067,1
6508,S_NOUN_8_ADJ_a,M,S,le miroir avec les chapeaux qui était là depuis hier est aussi très brillant <eos>,13,brillant,brillante,11,M,P,brillant,-7.4436827,brillante,-10.966943,1
6509,S_NOUN_8_ADJ_a,M,S,le miroir avec les chapeaux qui était là depuis hier est aussi très compliqué <eos>,13,compliqué,compliquée,11,M,P,compliqué,-5.954916,compliquée,-10.023202,1
6510,S_NOUN_8_ADJ_a,M,S,le miroir avec les pots qui était là depuis hier est aussi très vert <eos>,13,vert,verte,11,M,P,vert,-9.571379,verte,-14.086493,1
6511,S_NOUN_8_ADJ_a,M,S,le miroir avec les pots qui était là depuis hier est aussi très bleu <eos>,13,bleu,bleue,11,M,P,bleu,-10.616751,bleue,-17.220322,1
6512,S_NOUN_8_ADJ_a,M,S,le miroir avec les pots qui était là depuis hier est aussi très noir <eos>,13,noir,noire,11,M,P,noir,-9.2624235,noire,-13.879114,1
6513,S_NOUN_8_ADJ_a,M,S,le miroir avec les pots qui était là depuis hier est aussi très délicat <eos>,13,délicat,délicate,11,M,P,délicat,-6.67749,délicate,-9.73419,1
6514,S_NOUN_8_ADJ_a,M,S,le miroir avec les pots qui était là depuis hier est aussi très pointu <eos>,13,pointu,pointue,11,M,P,pointu,-8.266057,pointue,-12.98034,1
6515,S_NOUN_8_ADJ_a,M,S,le miroir avec les pots qui était là depuis hier est aussi très rond <eos>,13,rond,ronde,11,M,P,rond,-9.984406,ronde,-12.962059,1
6516,S_NOUN_8_ADJ_a,M,S,le miroir avec les pots qui était là depuis hier est aussi très froid <eos>,13,froid,froide,11,M,P,froid,-6.5238366,froide,-10.831127,1
6517,S_NOUN_8_ADJ_a,M,S,le miroir avec les pots qui était là depuis hier est aussi très chaud <eos>,13,chaud,chaude,11,M,P,chaud,-5.761829,chaude,-9.7688055,1
6518,S_NOUN_8_ADJ_a,M,S,le miroir avec les pots qui était là depuis hier est aussi très important <eos>,13,important,importante,11,M,P,important,-4.6950836,importante,-8.514763,1
6519,S_NOUN_8_ADJ_a,M,S,le miroir avec les pots qui était là depuis hier est aussi très court <eos>,13,court,courte,11,M,P,court,-4.988446,courte,-9.393537,1
6520,S_NOUN_8_ADJ_a,M,S,le miroir avec les pots qui était là depuis hier est aussi très dur <eos>,13,dur,dure,11,M,P,dur,-5.106081,dure,-8.061937,1
6521,S_NOUN_8_ADJ_a,M,S,le miroir avec les pots qui était là depuis hier est aussi très clair <eos>,13,clair,claire,11,M,P,clair,-6.113764,claire,-9.782808,1
6522,S_NOUN_8_ADJ_a,M,S,le miroir avec les pots qui était là depuis hier est aussi très intéressant <eos>,13,intéressant,intéressante,11,M,P,intéressant,-5.8558226,intéressante,-10.193743,1
6523,S_NOUN_8_ADJ_a,M,S,le miroir avec les pots qui était là depuis hier est aussi très brillant <eos>,13,brillant,brillante,11,M,P,brillant,-6.848897,brillante,-10.461841,1
6524,S_NOUN_8_ADJ_a,M,S,le miroir avec les pots qui était là depuis hier est aussi très compliqué <eos>,13,compliqué,compliquée,11,M,P,compliqué,-6.1089263,compliquée,-9.680111,1
6525,S_NOUN_8_ADJ_a,M,S,le miroir avec les coussins qui était là depuis hier est aussi très vert <eos>,13,vert,verte,11,M,P,vert,-10.042564,verte,-14.167019,1
6526,S_NOUN_8_ADJ_a,M,S,le miroir avec les coussins qui était là depuis hier est aussi très bleu <eos>,13,bleu,bleue,11,M,P,bleu,-10.550011,bleue,-16.808233,1
6527,S_NOUN_8_ADJ_a,M,S,le miroir avec les coussins qui était là depuis hier est aussi très noir <eos>,13,noir,noire,11,M,P,noir,-9.124065,noire,-13.703125,1
6528,S_NOUN_8_ADJ_a,M,S,le miroir avec les coussins qui était là depuis hier est aussi très délicat <eos>,13,délicat,délicate,11,M,P,délicat,-7.2937016,délicate,-10.455364,1
6529,S_NOUN_8_ADJ_a,M,S,le miroir avec les coussins qui était là depuis hier est aussi très pointu <eos>,13,pointu,pointue,11,M,P,pointu,-7.9774275,pointue,-12.709688,1
6530,S_NOUN_8_ADJ_a,M,S,le miroir avec les coussins qui était là depuis hier est aussi très rond <eos>,13,rond,ronde,11,M,P,rond,-9.967352,ronde,-13.307879,1
6531,S_NOUN_8_ADJ_a,M,S,le miroir avec les coussins qui était là depuis hier est aussi très froid <eos>,13,froid,froide,11,M,P,froid,-7.4662886,froide,-11.43598,1
6532,S_NOUN_8_ADJ_a,M,S,le miroir avec les coussins qui était là depuis hier est aussi très chaud <eos>,13,chaud,chaude,11,M,P,chaud,-6.9750423,chaude,-10.332699,1
6533,S_NOUN_8_ADJ_a,M,S,le miroir avec les coussins qui était là depuis hier est aussi très important <eos>,13,important,importante,11,M,P,important,-4.9614315,importante,-8.933898,1
6534,S_NOUN_8_ADJ_a,M,S,le miroir avec les coussins qui était là depuis hier est aussi très court <eos>,13,court,courte,11,M,P,court,-4.6663914,courte,-9.10015,1
6535,S_NOUN_8_ADJ_a,M,S,le miroir avec les coussins qui était là depuis hier est aussi très dur <eos>,13,dur,dure,11,M,P,dur,-5.8163557,dure,-8.4253025,1
6536,S_NOUN_8_ADJ_a,M,S,le miroir avec les coussins qui était là depuis hier est aussi très clair <eos>,13,clair,claire,11,M,P,clair,-6.2624736,claire,-9.726843,1
6537,S_NOUN_8_ADJ_a,M,S,le miroir avec les coussins qui était là depuis hier est aussi très intéressant <eos>,13,intéressant,intéressante,11,M,P,intéressant,-5.9670396,intéressante,-10.113611,1
6538,S_NOUN_8_ADJ_a,M,S,le miroir avec les coussins qui était là depuis hier est aussi très brillant <eos>,13,brillant,brillante,11,M,P,brillant,-7.3200502,brillante,-10.985505,1
6539,S_NOUN_8_ADJ_a,M,S,le miroir avec les coussins qui était là depuis hier est aussi très compliqué <eos>,13,compliqué,compliquée,11,M,P,compliqué,-5.742456,compliquée,-9.299992,1
6540,S_NOUN_8_ADJ_a,M,S,le miroir avec les jouets qui était là depuis hier est aussi très vert <eos>,13,vert,verte,11,M,P,vert,-10.343964,verte,-14.156908,1
6541,S_NOUN_8_ADJ_a,M,S,le miroir avec les jouets qui était là depuis hier est aussi très bleu <eos>,13,bleu,bleue,11,M,P,bleu,-10.845889,bleue,-17.091354,1
6542,S_NOUN_8_ADJ_a,M,S,le miroir avec les jouets qui était là depuis hier est aussi très noir <eos>,13,noir,noire,11,M,P,noir,-9.034908,noire,-14.349713,1
6543,S_NOUN_8_ADJ_a,M,S,le miroir avec les jouets qui était là depuis hier est aussi très délicat <eos>,13,délicat,délicate,11,M,P,délicat,-7.543442,délicate,-10.8254385,1
6544,S_NOUN_8_ADJ_a,M,S,le miroir avec les jouets qui était là depuis hier est aussi très pointu <eos>,13,pointu,pointue,11,M,P,pointu,-8.207543,pointue,-13.879389,1
6545,S_NOUN_8_ADJ_a,M,S,le miroir avec les jouets qui était là depuis hier est aussi très rond <eos>,13,rond,ronde,11,M,P,rond,-10.5766325,ronde,-14.885694,1
6546,S_NOUN_8_ADJ_a,M,S,le miroir avec les jouets qui était là depuis hier est aussi très froid <eos>,13,froid,froide,11,M,P,froid,-7.033021,froide,-11.911021,1
6547,S_NOUN_8_ADJ_a,M,S,le miroir avec les jouets qui était là depuis hier est aussi très chaud <eos>,13,chaud,chaude,11,M,P,chaud,-7.1471877,chaude,-11.116152,1
6548,S_NOUN_8_ADJ_a,M,S,le miroir avec les jouets qui était là depuis hier est aussi très important <eos>,13,important,importante,11,M,P,important,-4.6781626,importante,-8.7413845,1
6549,S_NOUN_8_ADJ_a,M,S,le miroir avec les jouets qui était là depuis hier est aussi très court <eos>,13,court,courte,11,M,P,court,-5.030381,courte,-9.816467,1
6550,S_NOUN_8_ADJ_a,M,S,le miroir avec les jouets qui était là depuis hier est aussi très dur <eos>,13,dur,dure,11,M,P,dur,-5.8289576,dure,-8.651525,1
6551,S_NOUN_8_ADJ_a,M,S,le miroir avec les jouets qui était là depuis hier est aussi très clair <eos>,13,clair,claire,11,M,P,clair,-6.3169327,claire,-9.633881,1
6552,S_NOUN_8_ADJ_a,M,S,le miroir avec les jouets qui était là depuis hier est aussi très intéressant <eos>,13,intéressant,intéressante,11,M,P,intéressant,-5.799866,intéressante,-10.015417,1
6553,S_NOUN_8_ADJ_a,M,S,le miroir avec les jouets qui était là depuis hier est aussi très brillant <eos>,13,brillant,brillante,11,M,P,brillant,-7.49422,brillante,-11.098468,1
6554,S_NOUN_8_ADJ_a,M,S,le miroir avec les jouets qui était là depuis hier est aussi très compliqué <eos>,13,compliqué,compliquée,11,M,P,compliqué,-5.9403553,compliquée,-9.479984,1
6555,S_NOUN_8_ADJ_a,M,S,le miroir avec les clous qui était là depuis hier est aussi très vert <eos>,13,vert,verte,11,M,P,vert,-9.873425,verte,-14.284252,1
6556,S_NOUN_8_ADJ_a,M,S,le miroir avec les clous qui était là depuis hier est aussi très bleu <eos>,13,bleu,bleue,11,M,P,bleu,-10.571791,bleue,-16.855097,1
6557,S_NOUN_8_ADJ_a,M,S,le miroir avec les clous qui était là depuis hier est aussi très noir <eos>,13,noir,noire,11,M,P,noir,-9.247226,noire,-13.525038,1
6558,S_NOUN_8_ADJ_a,M,S,le miroir avec les clous qui était là depuis hier est aussi très délicat <eos>,13,délicat,délicate,11,M,P,délicat,-6.593157,délicate,-9.673856,1
6559,S_NOUN_8_ADJ_a,M,S,le miroir avec les clous qui était là depuis hier est aussi très pointu <eos>,13,pointu,pointue,11,M,P,pointu,-7.767076,pointue,-12.61314,1
6560,S_NOUN_8_ADJ_a,M,S,le miroir avec les clous qui était là depuis hier est aussi très rond <eos>,13,rond,ronde,11,M,P,rond,-9.794075,ronde,-13.0875225,1
6561,S_NOUN_8_ADJ_a,M,S,le miroir avec les clous qui était là depuis hier est aussi très froid <eos>,13,froid,froide,11,M,P,froid,-6.914614,froide,-11.135366,1
6562,S_NOUN_8_ADJ_a,M,S,le miroir avec les clous qui était là depuis hier est aussi très chaud <eos>,13,chaud,chaude,11,M,P,chaud,-6.714257,chaude,-10.518286,1
6563,S_NOUN_8_ADJ_a,M,S,le miroir avec les clous qui était là depuis hier est aussi très important <eos>,13,important,importante,11,M,P,important,-4.8530436,importante,-8.85663,1
6564,S_NOUN_8_ADJ_a,M,S,le miroir avec les clous qui était là depuis hier est aussi très court <eos>,13,court,courte,11,M,P,court,-4.4791927,courte,-8.991714,1
6565,S_NOUN_8_ADJ_a,M,S,le miroir avec les clous qui était là depuis hier est aussi très dur <eos>,13,dur,dure,11,M,P,dur,-5.067263,dure,-8.126387,1
6566,S_NOUN_8_ADJ_a,M,S,le miroir avec les clous qui était là depuis hier est aussi très clair <eos>,13,clair,claire,11,M,P,clair,-5.873274,claire,-9.508612,1
6567,S_NOUN_8_ADJ_a,M,S,le miroir avec les clous qui était là depuis hier est aussi très intéressant <eos>,13,intéressant,intéressante,11,M,P,intéressant,-5.685114,intéressante,-10.348472,1
6568,S_NOUN_8_ADJ_a,M,S,le miroir avec les clous qui était là depuis hier est aussi très brillant <eos>,13,brillant,brillante,11,M,P,brillant,-7.230015,brillante,-10.772836,1
6569,S_NOUN_8_ADJ_a,M,S,le miroir avec les clous qui était là depuis hier est aussi très compliqué <eos>,13,compliqué,compliquée,11,M,P,compliqué,-5.8682685,compliquée,-9.44837,1
6570,S_NOUN_8_ADJ_a,M,S,le miroir avec les billets qui était là depuis hier est aussi très vert <eos>,13,vert,verte,11,M,P,vert,-10.123022,verte,-14.574321,1
6571,S_NOUN_8_ADJ_a,M,S,le miroir avec les billets qui était là depuis hier est aussi très bleu <eos>,13,bleu,bleue,11,M,P,bleu,-10.6292095,bleue,-17.706768,1
6572,S_NOUN_8_ADJ_a,M,S,le miroir avec les billets qui était là depuis hier est aussi très noir <eos>,13,noir,noire,11,M,P,noir,-9.030508,noire,-14.713816,1
6573,S_NOUN_8_ADJ_a,M,S,le miroir avec les billets qui était là depuis hier est aussi très délicat <eos>,13,délicat,délicate,11,M,P,délicat,-7.295746,délicate,-10.684962,1
6574,S_NOUN_8_ADJ_a,M,S,le miroir avec les billets qui était là depuis hier est aussi très pointu <eos>,13,pointu,pointue,11,M,P,pointu,-9.049395,pointue,-13.843635,1
6575,S_NOUN_8_ADJ_a,M,S,le miroir avec les billets qui était là depuis hier est aussi très rond <eos>,13,rond,ronde,11,M,P,rond,-10.877732,ronde,-14.704114,1
6576,S_NOUN_8_ADJ_a,M,S,le miroir avec les billets qui était là depuis hier est aussi très froid <eos>,13,froid,froide,11,M,P,froid,-7.871219,froide,-12.575947,1
6577,S_NOUN_8_ADJ_a,M,S,le miroir avec les billets qui était là depuis hier est aussi très chaud <eos>,13,chaud,chaude,11,M,P,chaud,-7.4506526,chaude,-11.2691765,1
6578,S_NOUN_8_ADJ_a,M,S,le miroir avec les billets qui était là depuis hier est aussi très important <eos>,13,important,importante,11,M,P,important,-4.2041025,importante,-8.265881,1
6579,S_NOUN_8_ADJ_a,M,S,le miroir avec les billets qui était là depuis hier est aussi très court <eos>,13,court,courte,11,M,P,court,-4.554515,courte,-9.062812,1
6580,S_NOUN_8_ADJ_a,M,S,le miroir avec les billets qui était là depuis hier est aussi très dur <eos>,13,dur,dure,11,M,P,dur,-6.0445404,dure,-9.430372,1
6581,S_NOUN_8_ADJ_a,M,S,le miroir avec les billets qui était là depuis hier est aussi très clair <eos>,13,clair,claire,11,M,P,clair,-6.4844465,claire,-10.325018,1
6582,S_NOUN_8_ADJ_a,M,S,le miroir avec les billets qui était là depuis hier est aussi très intéressant <eos>,13,intéressant,intéressante,11,M,P,intéressant,-5.8184423,intéressante,-9.6508,1
6583,S_NOUN_8_ADJ_a,M,S,le miroir avec les billets qui était là depuis hier est aussi très brillant <eos>,13,brillant,brillante,11,M,P,brillant,-7.802568,brillante,-11.536528,1
6584,S_NOUN_8_ADJ_a,M,S,le miroir avec les billets qui était là depuis hier est aussi très compliqué <eos>,13,compliqué,compliquée,11,M,P,compliqué,-5.943625,compliquée,-10.07922,1
6585,S_NOUN_8_ADJ_a,M,S,le miroir avec les légumes qui était là depuis hier est aussi très vert <eos>,13,vert,verte,11,M,P,vert,-9.971965,verte,-14.087286,1
6586,S_NOUN_8_ADJ_a,M,S,le miroir avec les légumes qui était là depuis hier est aussi très bleu <eos>,13,bleu,bleue,11,M,P,bleu,-10.9216175,bleue,-17.062473,1
6587,S_NOUN_8_ADJ_a,M,S,le miroir avec les légumes qui était là depuis hier est aussi très noir <eos>,13,noir,noire,11,M,P,noir,-9.551256,noire,-13.952481,1
6588,S_NOUN_8_ADJ_a,M,S,le miroir avec les légumes qui était là depuis hier est aussi très délicat <eos>,13,délicat,délicate,11,M,P,délicat,-6.5646667,délicate,-9.808239,1
6589,S_NOUN_8_ADJ_a,M,S,le miroir avec les légumes qui était là depuis hier est aussi très pointu <eos>,13,pointu,pointue,11,M,P,pointu,-7.7888947,pointue,-13.243792,1
6590,S_NOUN_8_ADJ_a,M,S,le miroir avec les légumes qui était là depuis hier est aussi très rond <eos>,13,rond,ronde,11,M,P,rond,-10.06119,ronde,-13.465271,1
6591,S_NOUN_8_ADJ_a,M,S,le miroir avec les légumes qui était là depuis hier est aussi très froid <eos>,13,froid,froide,11,M,P,froid,-5.9720135,froide,-10.628529,1
6592,S_NOUN_8_ADJ_a,M,S,le miroir avec les légumes qui était là depuis hier est aussi très chaud <eos>,13,chaud,chaude,11,M,P,chaud,-5.899868,chaude,-9.953253,1
6593,S_NOUN_8_ADJ_a,M,S,le miroir avec les légumes qui était là depuis hier est aussi très important <eos>,13,important,importante,11,M,P,important,-4.421814,importante,-8.236469,1
6594,S_NOUN_8_ADJ_a,M,S,le miroir avec les légumes qui était là depuis hier est aussi très court <eos>,13,court,courte,11,M,P,court,-4.9662476,courte,-9.5711975,1
6595,S_NOUN_8_ADJ_a,M,S,le miroir avec les légumes qui était là depuis hier est aussi très dur <eos>,13,dur,dure,11,M,P,dur,-5.302684,dure,-7.841634,1
6596,S_NOUN_8_ADJ_a,M,S,le miroir avec les légumes qui était là depuis hier est aussi très clair <eos>,13,clair,claire,11,M,P,clair,-5.717475,claire,-9.442238,1
6597,S_NOUN_8_ADJ_a,M,S,le miroir avec les légumes qui était là depuis hier est aussi très intéressant <eos>,13,intéressant,intéressante,11,M,P,intéressant,-5.916027,intéressante,-10.410236,1
6598,S_NOUN_8_ADJ_a,M,S,le miroir avec les légumes qui était là depuis hier est aussi très brillant <eos>,13,brillant,brillante,11,M,P,brillant,-7.4655256,brillante,-10.970673,1
6599,S_NOUN_8_ADJ_a,M,S,le miroir avec les légumes qui était là depuis hier est aussi très compliqué <eos>,13,compliqué,compliquée,11,M,P,compliqué,-6.5652704,compliquée,-10.236882,1
6600,S_NOUN_8_ADJ_a,M,S,le crayon avec les bracelets qui était là depuis hier est aussi très vert <eos>,13,vert,verte,11,M,P,vert,-10.035762,verte,-13.879648,1
6601,S_NOUN_8_ADJ_a,M,S,le crayon avec les bracelets qui était là depuis hier est aussi très bleu <eos>,13,bleu,bleue,11,M,P,bleu,-10.451015,bleue,-16.199081,1
6602,S_NOUN_8_ADJ_a,M,S,le crayon avec les bracelets qui était là depuis hier est aussi très noir <eos>,13,noir,noire,11,M,P,noir,-9.3606825,noire,-13.197215,1
6603,S_NOUN_8_ADJ_a,M,S,le crayon avec les bracelets qui était là depuis hier est aussi très délicat <eos>,13,délicat,délicate,11,M,P,délicat,-6.994425,délicate,-9.905343,1
6604,S_NOUN_8_ADJ_a,M,S,le crayon avec les bracelets qui était là depuis hier est aussi très pointu <eos>,13,pointu,pointue,11,M,P,pointu,-8.480715,pointue,-13.295559,1
6605,S_NOUN_8_ADJ_a,M,S,le crayon avec les bracelets qui était là depuis hier est aussi très rond <eos>,13,rond,ronde,11,M,P,rond,-10.69364,ronde,-13.546434,1
6606,S_NOUN_8_ADJ_a,M,S,le crayon avec les bracelets qui était là depuis hier est aussi très froid <eos>,13,froid,froide,11,M,P,froid,-7.943968,froide,-12.314549,1
6607,S_NOUN_8_ADJ_a,M,S,le crayon avec les bracelets qui était là depuis hier est aussi très chaud <eos>,13,chaud,chaude,11,M,P,chaud,-7.364046,chaude,-11.30287,1
6608,S_NOUN_8_ADJ_a,M,S,le crayon avec les bracelets qui était là depuis hier est aussi très important <eos>,13,important,importante,11,M,P,important,-5.1722975,importante,-9.122631,1
6609,S_NOUN_8_ADJ_a,M,S,le crayon avec les bracelets qui était là depuis hier est aussi très court <eos>,13,court,courte,11,M,P,court,-5.4116936,courte,-9.654523,1
6610,S_NOUN_8_ADJ_a,M,S,le crayon avec les bracelets qui était là depuis hier est aussi très dur <eos>,13,dur,dure,11,M,P,dur,-5.5064225,dure,-8.738245,1
6611,S_NOUN_8_ADJ_a,M,S,le crayon avec les bracelets qui était là depuis hier est aussi très clair <eos>,13,clair,claire,11,M,P,clair,-5.7553368,claire,-9.502941,1
6612,S_NOUN_8_ADJ_a,M,S,le crayon avec les bracelets qui était là depuis hier est aussi très intéressant <eos>,13,intéressant,intéressante,11,M,P,intéressant,-6.150159,intéressante,-10.434494,1
6613,S_NOUN_8_ADJ_a,M,S,le crayon avec les bracelets qui était là depuis hier est aussi très brillant <eos>,13,brillant,brillante,11,M,P,brillant,-7.166504,brillante,-10.901064,1
6614,S_NOUN_8_ADJ_a,M,S,le crayon avec les bracelets qui était là depuis hier est aussi très compliqué <eos>,13,compliqué,compliquée,11,M,P,compliqué,-6.0512404,compliquée,-9.718285,1
6615,S_NOUN_8_ADJ_a,M,S,le crayon avec les miroirs qui était là depuis hier est aussi très vert <eos>,13,vert,verte,11,M,P,vert,-10.0353365,verte,-14.003812,1
6616,S_NOUN_8_ADJ_a,M,S,le crayon avec les miroirs qui était là depuis hier est aussi très bleu <eos>,13,bleu,bleue,11,M,P,bleu,-10.509838,bleue,-16.584368,1
6617,S_NOUN_8_ADJ_a,M,S,le crayon avec les miroirs qui était là depuis hier est aussi très noir <eos>,13,noir,noire,11,M,P,noir,-9.294853,noire,-13.887514,1
6618,S_NOUN_8_ADJ_a,M,S,le crayon avec les miroirs qui était là depuis hier est aussi très délicat <eos>,13,délicat,délicate,11,M,P,délicat,-6.7902927,délicate,-9.900736,1
6619,S_NOUN_8_ADJ_a,M,S,le crayon avec les miroirs qui était là depuis hier est aussi très pointu <eos>,13,pointu,pointue,11,M,P,pointu,-8.607637,pointue,-13.372964,1
6620,S_NOUN_8_ADJ_a,M,S,le crayon avec les miroirs qui était là depuis hier est aussi très rond <eos>,13,rond,ronde,11,M,P,rond,-10.618913,ronde,-14.04213,1
6621,S_NOUN_8_ADJ_a,M,S,le crayon avec les miroirs qui était là depuis hier est aussi très froid <eos>,13,froid,froide,11,M,P,froid,-7.3448133,froide,-11.698881,1
6622,S_NOUN_8_ADJ_a,M,S,le crayon avec les miroirs qui était là depuis hier est aussi très chaud <eos>,13,chaud,chaude,11,M,P,chaud,-7.0110226,chaude,-10.537117,1
6623,S_NOUN_8_ADJ_a,M,S,le crayon avec les miroirs qui était là depuis hier est aussi très important <eos>,13,important,importante,11,M,P,important,-4.9350147,importante,-8.812094,1
6624,S_NOUN_8_ADJ_a,M,S,le crayon avec les miroirs qui était là depuis hier est aussi très court <eos>,13,court,courte,11,M,P,court,-5.395198,courte,-9.543169,1
6625,S_NOUN_8_ADJ_a,M,S,le crayon avec les miroirs qui était là depuis hier est aussi très dur <eos>,13,dur,dure,11,M,P,dur,-5.329339,dure,-8.596485,1
6626,S_NOUN_8_ADJ_a,M,S,le crayon avec les miroirs qui était là depuis hier est aussi très clair <eos>,13,clair,claire,11,M,P,clair,-5.6512413,claire,-9.411601,1
6627,S_NOUN_8_ADJ_a,M,S,le crayon avec les miroirs qui était là depuis hier est aussi très intéressant <eos>,13,intéressant,intéressante,11,M,P,intéressant,-5.9104524,intéressante,-10.203447,1
6628,S_NOUN_8_ADJ_a,M,S,le crayon avec les miroirs qui était là depuis hier est aussi très brillant <eos>,13,brillant,brillante,11,M,P,brillant,-6.853409,brillante,-10.309557,1
6629,S_NOUN_8_ADJ_a,M,S,le crayon avec les miroirs qui était là depuis hier est aussi très compliqué <eos>,13,compliqué,compliquée,11,M,P,compliqué,-6.1588793,compliquée,-9.415139,1
6630,S_NOUN_8_ADJ_a,M,S,le crayon avec les crayons qui était là depuis hier est aussi très vert <eos>,13,vert,verte,11,M,P,vert,-9.837572,verte,-14.00334,1
6631,S_NOUN_8_ADJ_a,M,S,le crayon avec les crayons qui était là depuis hier est aussi très bleu <eos>,13,bleu,bleue,11,M,P,bleu,-10.540518,bleue,-16.768518,1
6632,S_NOUN_8_ADJ_a,M,S,le crayon avec les crayons qui était là depuis hier est aussi très noir <eos>,13,noir,noire,11,M,P,noir,-9.313252,noire,-13.71142,1
6633,S_NOUN_8_ADJ_a,M,S,le crayon avec les crayons qui était là depuis hier est aussi très délicat <eos>,13,délicat,délicate,11,M,P,délicat,-6.4788303,délicate,-10.030943,1
6634,S_NOUN_8_ADJ_a,M,S,le crayon avec les crayons qui était là depuis hier est aussi très pointu <eos>,13,pointu,pointue,11,M,P,pointu,-8.65188,pointue,-13.889775,1
6635,S_NOUN_8_ADJ_a,M,S,le crayon avec les crayons qui était là depuis hier est aussi très rond <eos>,13,rond,ronde,11,M,P,rond,-10.874657,ronde,-14.412604,1
6636,S_NOUN_8_ADJ_a,M,S,le crayon avec les crayons qui était là depuis hier est aussi très froid <eos>,13,froid,froide,11,M,P,froid,-6.9514856,froide,-11.823143,1
6637,S_NOUN_8_ADJ_a,M,S,le crayon avec les crayons qui était là depuis hier est aussi très chaud <eos>,13,chaud,chaude,11,M,P,chaud,-6.9097824,chaude,-10.945655,1
6638,S_NOUN_8_ADJ_a,M,S,le crayon avec les crayons qui était là depuis hier est aussi très important <eos>,13,important,importante,11,M,P,important,-4.6694665,importante,-8.612974,1
6639,S_NOUN_8_ADJ_a,M,S,le crayon avec les crayons qui était là depuis hier est aussi très court <eos>,13,court,courte,11,M,P,court,-5.6962724,courte,-10.097284,1
6640,S_NOUN_8_ADJ_a,M,S,le crayon avec les crayons qui était là depuis hier est aussi très dur <eos>,13,dur,dure,11,M,P,dur,-5.1774616,dure,-8.227517,1
6641,S_NOUN_8_ADJ_a,M,S,le crayon avec les crayons qui était là depuis hier est aussi très clair <eos>,13,clair,claire,11,M,P,clair,-5.3032484,claire,-9.090532,1
6642,S_NOUN_8_ADJ_a,M,S,le crayon avec les crayons qui était là depuis hier est aussi très intéressant <eos>,13,intéressant,intéressante,11,M,P,intéressant,-5.949696,intéressante,-10.5265465,1
6643,S_NOUN_8_ADJ_a,M,S,le crayon avec les crayons qui était là depuis hier est aussi très brillant <eos>,13,brillant,brillante,11,M,P,brillant,-6.891306,brillante,-10.565778,1
6644,S_NOUN_8_ADJ_a,M,S,le crayon avec les crayons qui était là depuis hier est aussi très compliqué <eos>,13,compliqué,compliquée,11,M,P,compliqué,-6.731012,compliquée,-9.967262,1
6645,S_NOUN_8_ADJ_a,M,S,le crayon avec les rideaux qui était là depuis hier est aussi très vert <eos>,13,vert,verte,11,M,P,vert,-10.08694,verte,-14.109292,1
6646,S_NOUN_8_ADJ_a,M,S,le crayon avec les rideaux qui était là depuis hier est aussi très bleu <eos>,13,bleu,bleue,11,M,P,bleu,-10.461815,bleue,-16.47004,1
6647,S_NOUN_8_ADJ_a,M,S,le crayon avec les rideaux qui était là depuis hier est aussi très noir <eos>,13,noir,noire,11,M,P,noir,-9.187948,noire,-13.347699,1
6648,S_NOUN_8_ADJ_a,M,S,le crayon avec les rideaux qui était là depuis hier est aussi très délicat <eos>,13,délicat,délicate,11,M,P,délicat,-6.6772575,délicate,-9.995961,1
6649,S_NOUN_8_ADJ_a,M,S,le crayon avec les rideaux qui était là depuis hier est aussi très pointu <eos>,13,pointu,pointue,11,M,P,pointu,-8.673459,pointue,-13.74841,1
6650,S_NOUN_8_ADJ_a,M,S,le crayon avec les rideaux qui était là depuis hier est aussi très rond <eos>,13,rond,ronde,11,M,P,rond,-10.610806,ronde,-14.029055,1
6651,S_NOUN_8_ADJ_a,M,S,le crayon avec les rideaux qui était là depuis hier est aussi très froid <eos>,13,froid,froide,11,M,P,froid,-7.2152715,froide,-11.8749275,1
6652,S_NOUN_8_ADJ_a,M,S,le crayon avec les rideaux qui était là depuis hier est aussi très chaud <eos>,13,chaud,chaude,11,M,P,chaud,-6.9990273,chaude,-10.772858,1
6653,S_NOUN_8_ADJ_a,M,S,le crayon avec les rideaux qui était là depuis hier est aussi très important <eos>,13,important,importante,11,M,P,important,-4.96789,importante,-8.964044,1
6654,S_NOUN_8_ADJ_a,M,S,le crayon avec les rideaux qui était là depuis hier est aussi très court <eos>,13,court,courte,11,M,P,court,-5.3018484,courte,-9.664313,1
6655,S_NOUN_8_ADJ_a,M,S,le crayon avec les rideaux qui était là depuis hier est aussi très dur <eos>,13,dur,dure,11,M,P,dur,-5.4806724,dure,-8.228321,1
6656,S_NOUN_8_ADJ_a,M,S,le crayon avec les rideaux qui était là depuis hier est aussi très clair <eos>,13,clair,claire,11,M,P,clair,-5.429882,claire,-9.121995,1
6657,S_NOUN_8_ADJ_a,M,S,le crayon avec les rideaux qui était là depuis hier est aussi très intéressant <eos>,13,intéressant,intéressante,11,M,P,intéressant,-6.155985,intéressante,-10.495384,1
6658,S_NOUN_8_ADJ_a,M,S,le crayon avec les rideaux qui était là depuis hier est aussi très brillant <eos>,13,brillant,brillante,11,M,P,brillant,-7.2321043,brillante,-10.85756,1
6659,S_NOUN_8_ADJ_a,M,S,le crayon avec les rideaux qui était là depuis hier est aussi très compliqué <eos>,13,compliqué,compliquée,11,M,P,compliqué,-6.1704736,compliquée,-9.726202,1
6660,S_NOUN_8_ADJ_a,M,S,le crayon avec les cahiers qui était là depuis hier est aussi très vert <eos>,13,vert,verte,11,M,P,vert,-10.840813,verte,-14.691831,1
6661,S_NOUN_8_ADJ_a,M,S,le crayon avec les cahiers qui était là depuis hier est aussi très bleu <eos>,13,bleu,bleue,11,M,P,bleu,-11.637589,bleue,-17.59108,1
6662,S_NOUN_8_ADJ_a,M,S,le crayon avec les cahiers qui était là depuis hier est aussi très noir <eos>,13,noir,noire,11,M,P,noir,-9.69747,noire,-14.833376,1
6663,S_NOUN_8_ADJ_a,M,S,le crayon avec les cahiers qui était là depuis hier est aussi très délicat <eos>,13,délicat,délicate,11,M,P,délicat,-7.295267,délicate,-10.64107,1
6664,S_NOUN_8_ADJ_a,M,S,le crayon avec les cahiers qui était là depuis hier est aussi très pointu <eos>,13,pointu,pointue,11,M,P,pointu,-8.752217,pointue,-14.065836,1
6665,S_NOUN_8_ADJ_a,M,S,le crayon avec les cahiers qui était là depuis hier est aussi très rond <eos>,13,rond,ronde,11,M,P,rond,-11.745319,ronde,-15.38419,1
6666,S_NOUN_8_ADJ_a,M,S,le crayon avec les cahiers qui était là depuis hier est aussi très froid <eos>,13,froid,froide,11,M,P,froid,-7.2809243,froide,-12.524115,1
6667,S_NOUN_8_ADJ_a,M,S,le crayon avec les cahiers qui était là depuis hier est aussi très chaud <eos>,13,chaud,chaude,11,M,P,chaud,-7.3383856,chaude,-11.664321,1
6668,S_NOUN_8_ADJ_a,M,S,le crayon avec les cahiers qui était là depuis hier est aussi très important <eos>,13,important,importante,11,M,P,important,-4.3293943,importante,-8.27945,1
6669,S_NOUN_8_ADJ_a,M,S,le crayon avec les cahiers qui était là depuis hier est aussi très court <eos>,13,court,courte,11,M,P,court,-5.88019,courte,-9.633053,1
6670,S_NOUN_8_ADJ_a,M,S,le crayon avec les cahiers qui était là depuis hier est aussi très dur <eos>,13,dur,dure,11,M,P,dur,-5.6119857,dure,-8.114386,1
6671,S_NOUN_8_ADJ_a,M,S,le crayon avec les cahiers qui était là depuis hier est aussi très clair <eos>,13,clair,claire,11,M,P,clair,-6.0253677,claire,-9.967808,1
6672,S_NOUN_8_ADJ_a,M,S,le crayon avec les cahiers qui était là depuis hier est aussi très intéressant <eos>,13,intéressant,intéressante,11,M,P,intéressant,-5.647363,intéressante,-9.985886,1
6673,S_NOUN_8_ADJ_a,M,S,le crayon avec les cahiers qui était là depuis hier est aussi très brillant <eos>,13,brillant,brillante,11,M,P,brillant,-7.248035,brillante,-11.004442,1
6674,S_NOUN_8_ADJ_a,M,S,le crayon avec les cahiers qui était là depuis hier est aussi très compliqué <eos>,13,compliqué,compliquée,11,M,P,compliqué,-6.4208393,compliquée,-9.710241,1
6675,S_NOUN_8_ADJ_a,M,S,le crayon avec les micros qui était là depuis hier est aussi très vert <eos>,13,vert,verte,11,M,P,vert,-10.452509,verte,-14.813444,1
6676,S_NOUN_8_ADJ_a,M,S,le crayon avec les micros qui était là depuis hier est aussi très bleu <eos>,13,bleu,bleue,11,M,P,bleu,-10.887786,bleue,-17.218218,1
6677,S_NOUN_8_ADJ_a,M,S,le crayon avec les micros qui était là depuis hier est aussi très noir <eos>,13,noir,noire,11,M,P,noir,-9.331565,noire,-14.494581,1
6678,S_NOUN_8_ADJ_a,M,S,le crayon avec les micros qui était là depuis hier est aussi très délicat <eos>,13,délicat,délicate,11,M,P,délicat,-6.605327,délicate,-10.085569,1
6679,S_NOUN_8_ADJ_a,M,S,le crayon avec les micros qui était là depuis hier est aussi très pointu <eos>,13,pointu,pointue,11,M,P,pointu,-8.775448,pointue,-14.170883,1
6680,S_NOUN_8_ADJ_a,M,S,le crayon avec les micros qui était là depuis hier est aussi très rond <eos>,13,rond,ronde,11,M,P,rond,-10.521751,ronde,-14.676778,1
6681,S_NOUN_8_ADJ_a,M,S,le crayon avec les micros qui était là depuis hier est aussi très froid <eos>,13,froid,froide,11,M,P,froid,-7.6956835,froide,-12.497659,1
6682,S_NOUN_8_ADJ_a,M,S,le crayon avec les micros qui était là depuis hier est aussi très chaud <eos>,13,chaud,chaude,11,M,P,chaud,-7.0921297,chaude,-10.897534,1
6683,S_NOUN_8_ADJ_a,M,S,le crayon avec les micros qui était là depuis hier est aussi très important <eos>,13,important,importante,11,M,P,important,-4.7958136,importante,-9.045732,1
6684,S_NOUN_8_ADJ_a,M,S,le crayon avec les micros qui était là depuis hier est aussi très court <eos>,13,court,courte,11,M,P,court,-5.7070017,courte,-10.104994,1
6685,S_NOUN_8_ADJ_a,M,S,le crayon avec les micros qui était là depuis hier est aussi très dur <eos>,13,dur,dure,11,M,P,dur,-4.9850893,dure,-8.285851,1
6686,S_NOUN_8_ADJ_a,M,S,le crayon avec les micros qui était là depuis hier est aussi très clair <eos>,13,clair,claire,11,M,P,clair,-5.4567175,claire,-9.416519,1
6687,S_NOUN_8_ADJ_a,M,S,le crayon avec les micros qui était là depuis hier est aussi très intéressant <eos>,13,intéressant,intéressante,11,M,P,intéressant,-6.134401,intéressante,-10.482531,1
6688,S_NOUN_8_ADJ_a,M,S,le crayon avec les micros qui était là depuis hier est aussi très brillant <eos>,13,brillant,brillante,11,M,P,brillant,-7.0476203,brillante,-11.308567,1
6689,S_NOUN_8_ADJ_a,M,S,le crayon avec les micros qui était là depuis hier est aussi très compliqué <eos>,13,compliqué,compliquée,11,M,P,compliqué,-5.525391,compliquée,-9.254818,1
6690,S_NOUN_8_ADJ_a,M,S,le crayon avec les sacs qui était là depuis hier est aussi très vert <eos>,13,vert,verte,11,M,P,vert,-10.167646,verte,-14.411334,1
6691,S_NOUN_8_ADJ_a,M,S,le crayon avec les sacs qui était là depuis hier est aussi très bleu <eos>,13,bleu,bleue,11,M,P,bleu,-10.804385,bleue,-16.88318,1
6692,S_NOUN_8_ADJ_a,M,S,le crayon avec les sacs qui était là depuis hier est aussi très noir <eos>,13,noir,noire,11,M,P,noir,-9.455709,noire,-13.692375,1
6693,S_NOUN_8_ADJ_a,M,S,le crayon avec les sacs qui était là depuis hier est aussi très délicat <eos>,13,délicat,délicate,11,M,P,délicat,-6.76566,délicate,-9.817639,1
6694,S_NOUN_8_ADJ_a,M,S,le crayon avec les sacs qui était là depuis hier est aussi très pointu <eos>,13,pointu,pointue,11,M,P,pointu,-8.31358,pointue,-13.550246,1
6695,S_NOUN_8_ADJ_a,M,S,le crayon avec les sacs qui était là depuis hier est aussi très rond <eos>,13,rond,ronde,11,M,P,rond,-10.611496,ronde,-13.916774,1
6696,S_NOUN_8_ADJ_a,M,S,le crayon avec les sacs qui était là depuis hier est aussi très froid <eos>,13,froid,froide,11,M,P,froid,-7.0694695,froide,-12.049552,1
6697,S_NOUN_8_ADJ_a,M,S,le crayon avec les sacs qui était là depuis hier est aussi très chaud <eos>,13,chaud,chaude,11,M,P,chaud,-6.5001163,chaude,-10.751148,1
6698,S_NOUN_8_ADJ_a,M,S,le crayon avec les sacs qui était là depuis hier est aussi très important <eos>,13,important,importante,11,M,P,important,-4.5074615,importante,-8.470466,1
6699,S_NOUN_8_ADJ_a,M,S,le crayon avec les sacs qui était là depuis hier est aussi très court <eos>,13,court,courte,11,M,P,court,-5.491132,courte,-9.741322,1
6700,S_NOUN_8_ADJ_a,M,S,le crayon avec les sacs qui était là depuis hier est aussi très dur <eos>,13,dur,dure,11,M,P,dur,-5.151132,dure,-8.145138,1
6701,S_NOUN_8_ADJ_a,M,S,le crayon avec les sacs qui était là depuis hier est aussi très clair <eos>,13,clair,claire,11,M,P,clair,-5.5566816,claire,-9.535088,1
6702,S_NOUN_8_ADJ_a,M,S,le crayon avec les sacs qui était là depuis hier est aussi très intéressant <eos>,13,intéressant,intéressante,11,M,P,intéressant,-5.851564,intéressante,-10.445978,1
6703,S_NOUN_8_ADJ_a,M,S,le crayon avec les sacs qui était là depuis hier est aussi très brillant <eos>,13,brillant,brillante,11,M,P,brillant,-7.3841844,brillante,-11.314793,1
6704,S_NOUN_8_ADJ_a,M,S,le crayon avec les sacs qui était là depuis hier est aussi très compliqué <eos>,13,compliqué,compliquée,11,M,P,compliqué,-6.2836127,compliquée,-9.846888,1
6705,S_NOUN_8_ADJ_a,M,S,le crayon avec les claviers qui était là depuis hier est aussi très vert <eos>,13,vert,verte,11,M,P,vert,-11.289108,verte,-15.0093,1
6706,S_NOUN_8_ADJ_a,M,S,le crayon avec les claviers qui était là depuis hier est aussi très bleu <eos>,13,bleu,bleue,11,M,P,bleu,-11.587128,bleue,-17.293158,1
6707,S_NOUN_8_ADJ_a,M,S,le crayon avec les claviers qui était là depuis hier est aussi très noir <eos>,13,noir,noire,11,M,P,noir,-9.925586,noire,-14.388258,1
6708,S_NOUN_8_ADJ_a,M,S,le crayon avec les claviers qui était là depuis hier est aussi très délicat <eos>,13,délicat,délicate,11,M,P,délicat,-6.775654,délicate,-10.098261,1
6709,S_NOUN_8_ADJ_a,M,S,le crayon avec les claviers qui était là depuis hier est aussi très pointu <eos>,13,pointu,pointue,11,M,P,pointu,-8.632717,pointue,-13.926001,1
6710,S_NOUN_8_ADJ_a,M,S,le crayon avec les claviers qui était là depuis hier est aussi très rond <eos>,13,rond,ronde,11,M,P,rond,-10.845776,ronde,-14.662342,1
6711,S_NOUN_8_ADJ_a,M,S,le crayon avec les claviers qui était là depuis hier est aussi très froid <eos>,13,froid,froide,11,M,P,froid,-7.7305064,froide,-12.787127,1
6712,S_NOUN_8_ADJ_a,M,S,le crayon avec les claviers qui était là depuis hier est aussi très chaud <eos>,13,chaud,chaude,11,M,P,chaud,-7.511081,chaude,-10.796686,1
6713,S_NOUN_8_ADJ_a,M,S,le crayon avec les claviers qui était là depuis hier est aussi très important <eos>,13,important,importante,11,M,P,important,-4.627454,importante,-8.620409,1
6714,S_NOUN_8_ADJ_a,M,S,le crayon avec les claviers qui était là depuis hier est aussi très court <eos>,13,court,courte,11,M,P,court,-5.852767,courte,-9.863734,1
6715,S_NOUN_8_ADJ_a,M,S,le crayon avec les claviers qui était là depuis hier est aussi très dur <eos>,13,dur,dure,11,M,P,dur,-4.7039366,dure,-8.136338,1
6716,S_NOUN_8_ADJ_a,M,S,le crayon avec les claviers qui était là depuis hier est aussi très clair <eos>,13,clair,claire,11,M,P,clair,-5.8670797,claire,-9.233763,1
6717,S_NOUN_8_ADJ_a,M,S,le crayon avec les claviers qui était là depuis hier est aussi très intéressant <eos>,13,intéressant,intéressante,11,M,P,intéressant,-5.836556,intéressante,-10.029966,1
6718,S_NOUN_8_ADJ_a,M,S,le crayon avec les claviers qui était là depuis hier est aussi très brillant <eos>,13,brillant,brillante,11,M,P,brillant,-7.0921254,brillante,-10.771717,1
6719,S_NOUN_8_ADJ_a,M,S,le crayon avec les claviers qui était là depuis hier est aussi très compliqué <eos>,13,compliqué,compliquée,11,M,P,compliqué,-5.94469,compliquée,-9.053007,1
6720,S_NOUN_8_ADJ_a,M,S,le crayon avec les raisins qui était là depuis hier est aussi très vert <eos>,13,vert,verte,11,M,P,vert,-9.71007,verte,-14.446741,1
6721,S_NOUN_8_ADJ_a,M,S,le crayon avec les raisins qui était là depuis hier est aussi très bleu <eos>,13,bleu,bleue,11,M,P,bleu,-10.75963,bleue,-17.059624,1
6722,S_NOUN_8_ADJ_a,M,S,le crayon avec les raisins qui était là depuis hier est aussi très noir <eos>,13,noir,noire,11,M,P,noir,-9.557313,noire,-13.832209,1
6723,S_NOUN_8_ADJ_a,M,S,le crayon avec les raisins qui était là depuis hier est aussi très délicat <eos>,13,délicat,délicate,11,M,P,délicat,-6.2702985,délicate,-9.581472,1
6724,S_NOUN_8_ADJ_a,M,S,le crayon avec les raisins qui était là depuis hier est aussi très pointu <eos>,13,pointu,pointue,11,M,P,pointu,-8.510735,pointue,-13.672853,1
6725,S_NOUN_8_ADJ_a,M,S,le crayon avec les raisins qui était là depuis hier est aussi très rond <eos>,13,rond,ronde,11,M,P,rond,-10.815357,ronde,-13.695728,1
6726,S_NOUN_8_ADJ_a,M,S,le crayon avec les raisins qui était là depuis hier est aussi très froid <eos>,13,froid,froide,11,M,P,froid,-6.284356,froide,-11.7789755,1
6727,S_NOUN_8_ADJ_a,M,S,le crayon avec les raisins qui était là depuis hier est aussi très chaud <eos>,13,chaud,chaude,11,M,P,chaud,-5.985651,chaude,-10.801471,1
6728,S_NOUN_8_ADJ_a,M,S,le crayon avec les raisins qui était là depuis hier est aussi très important <eos>,13,important,importante,11,M,P,important,-4.435777,importante,-8.296003,1
6729,S_NOUN_8_ADJ_a,M,S,le crayon avec les raisins qui était là depuis hier est aussi très court <eos>,13,court,courte,11,M,P,court,-5.33252,courte,-10.271822,1
6730,S_NOUN_8_ADJ_a,M,S,le crayon avec les raisins qui était là depuis hier est aussi très dur <eos>,13,dur,dure,11,M,P,dur,-4.4278164,dure,-7.865946,1
6731,S_NOUN_8_ADJ_a,M,S,le crayon avec les raisins qui était là depuis hier est aussi très clair <eos>,13,clair,claire,11,M,P,clair,-5.084875,claire,-9.047752,1
6732,S_NOUN_8_ADJ_a,M,S,le crayon avec les raisins qui était là depuis hier est aussi très intéressant <eos>,13,intéressant,intéressante,11,M,P,intéressant,-5.9817314,intéressante,-10.656645,1
6733,S_NOUN_8_ADJ_a,M,S,le crayon avec les raisins qui était là depuis hier est aussi très brillant <eos>,13,brillant,brillante,11,M,P,brillant,-7.120229,brillante,-10.959201,1
6734,S_NOUN_8_ADJ_a,M,S,le crayon avec les raisins qui était là depuis hier est aussi très compliqué <eos>,13,compliqué,compliquée,11,M,P,compliqué,-6.65403,compliquée,-10.175308,1
6735,S_NOUN_8_ADJ_a,M,S,le crayon avec les chargeurs qui était là depuis hier est aussi très vert <eos>,13,vert,verte,11,M,P,vert,-10.684784,verte,-15.150653,1
6736,S_NOUN_8_ADJ_a,M,S,le crayon avec les chargeurs qui était là depuis hier est aussi très bleu <eos>,13,bleu,bleue,11,M,P,bleu,-11.164503,bleue,-17.97735,1
6737,S_NOUN_8_ADJ_a,M,S,le crayon avec les chargeurs qui était là depuis hier est aussi très noir <eos>,13,noir,noire,11,M,P,noir,-9.604383,noire,-14.972372,1
6738,S_NOUN_8_ADJ_a,M,S,le crayon avec les chargeurs qui était là depuis hier est aussi très délicat <eos>,13,délicat,délicate,11,M,P,délicat,-7.1269007,délicate,-10.018297,1
6739,S_NOUN_8_ADJ_a,M,S,le crayon avec les chargeurs qui était là depuis hier est aussi très pointu <eos>,13,pointu,pointue,11,M,P,pointu,-8.88365,pointue,-13.143925,1
6740,S_NOUN_8_ADJ_a,M,S,le crayon avec les chargeurs qui était là depuis hier est aussi très rond <eos>,13,rond,ronde,11,M,P,rond,-10.458712,ronde,-14.267975,1
6741,S_NOUN_8_ADJ_a,M,S,le crayon avec les chargeurs qui était là depuis hier est aussi très froid <eos>,13,froid,froide,11,M,P,froid,-7.663026,froide,-12.349208,1
6742,S_NOUN_8_ADJ_a,M,S,le crayon avec les chargeurs qui était là depuis hier est aussi très chaud <eos>,13,chaud,chaude,11,M,P,chaud,-7.5912967,chaude,-11.259817,1
6743,S_NOUN_8_ADJ_a,M,S,le crayon avec les chargeurs qui était là depuis hier est aussi très important <eos>,13,important,importante,11,M,P,important,-3.9896145,importante,-8.068285,1
6744,S_NOUN_8_ADJ_a,M,S,le crayon avec les chargeurs qui était là depuis hier est aussi très court <eos>,13,court,courte,11,M,P,court,-5.255397,courte,-9.219625,1
6745,S_NOUN_8_ADJ_a,M,S,le crayon avec les chargeurs qui était là depuis hier est aussi très dur <eos>,13,dur,dure,11,M,P,dur,-5.2740874,dure,-9.25486,1
6746,S_NOUN_8_ADJ_a,M,S,le crayon avec les chargeurs qui était là depuis hier est aussi très clair <eos>,13,clair,claire,11,M,P,clair,-6.524686,claire,-10.690304,1
6747,S_NOUN_8_ADJ_a,M,S,le crayon avec les chargeurs qui était là depuis hier est aussi très intéressant <eos>,13,intéressant,intéressante,11,M,P,intéressant,-5.8828425,intéressante,-10.107719,1
6748,S_NOUN_8_ADJ_a,M,S,le crayon avec les chargeurs qui était là depuis hier est aussi très brillant <eos>,13,brillant,brillante,11,M,P,brillant,-7.6905007,brillante,-11.807682,1
6749,S_NOUN_8_ADJ_a,M,S,le crayon avec les chargeurs qui était là depuis hier est aussi très compliqué <eos>,13,compliqué,compliquée,11,M,P,compliqué,-5.6851254,compliquée,-9.608964,1
6750,S_NOUN_8_ADJ_a,M,S,le crayon avec les vases qui était là depuis hier est aussi très vert <eos>,13,vert,verte,11,M,P,vert,-10.366066,verte,-14.145681,1
6751,S_NOUN_8_ADJ_a,M,S,le crayon avec les vases qui était là depuis hier est aussi très bleu <eos>,13,bleu,bleue,11,M,P,bleu,-10.906679,bleue,-16.458487,1
6752,S_NOUN_8_ADJ_a,M,S,le crayon avec les vases qui était là depuis hier est aussi très noir <eos>,13,noir,noire,11,M,P,noir,-9.94119,noire,-13.301844,1
6753,S_NOUN_8_ADJ_a,M,S,le crayon avec les vases qui était là depuis hier est aussi très délicat <eos>,13,délicat,délicate,11,M,P,délicat,-6.8394094,délicate,-9.871574,1
6754,S_NOUN_8_ADJ_a,M,S,le crayon avec les vases qui était là depuis hier est aussi très pointu <eos>,13,pointu,pointue,11,M,P,pointu,-8.399708,pointue,-13.355339,1
6755,S_NOUN_8_ADJ_a,M,S,le crayon avec les vases qui était là depuis hier est aussi très rond <eos>,13,rond,ronde,11,M,P,rond,-10.476273,ronde,-13.624945,1
6756,S_NOUN_8_ADJ_a,M,S,le crayon avec les vases qui était là depuis hier est aussi très froid <eos>,13,froid,froide,11,M,P,froid,-7.9079037,froide,-12.295751,1
6757,S_NOUN_8_ADJ_a,M,S,le crayon avec les vases qui était là depuis hier est aussi très chaud <eos>,13,chaud,chaude,11,M,P,chaud,-7.0823455,chaude,-11.122242,1
6758,S_NOUN_8_ADJ_a,M,S,le crayon avec les vases qui était là depuis hier est aussi très important <eos>,13,important,importante,11,M,P,important,-4.864649,importante,-8.704942,1
6759,S_NOUN_8_ADJ_a,M,S,le crayon avec les vases qui était là depuis hier est aussi très court <eos>,13,court,courte,11,M,P,court,-5.5307713,courte,-9.8359375,1
6760,S_NOUN_8_ADJ_a,M,S,le crayon avec les vases qui était là depuis hier est aussi très dur <eos>,13,dur,dure,11,M,P,dur,-5.2990294,dure,-8.31207,1
6761,S_NOUN_8_ADJ_a,M,S,le crayon avec les vases qui était là depuis hier est aussi très clair <eos>,13,clair,claire,11,M,P,clair,-5.365667,claire,-9.054022,1
6762,S_NOUN_8_ADJ_a,M,S,le crayon avec les vases qui était là depuis hier est aussi très intéressant <eos>,13,intéressant,intéressante,11,M,P,intéressant,-6.010311,intéressante,-10.637385,1
6763,S_NOUN_8_ADJ_a,M,S,le crayon avec les vases qui était là depuis hier est aussi très brillant <eos>,13,brillant,brillante,11,M,P,brillant,-7.175077,brillante,-10.637093,1
6764,S_NOUN_8_ADJ_a,M,S,le crayon avec les vases qui était là depuis hier est aussi très compliqué <eos>,13,compliqué,compliquée,11,M,P,compliqué,-6.6684647,compliquée,-10.058272,1
6765,S_NOUN_8_ADJ_a,M,S,le crayon avec les paniers qui était là depuis hier est aussi très vert <eos>,13,vert,verte,11,M,P,vert,-10.119553,verte,-14.164858,1
6766,S_NOUN_8_ADJ_a,M,S,le crayon avec les paniers qui était là depuis hier est aussi très bleu <eos>,13,bleu,bleue,11,M,P,bleu,-10.578261,bleue,-16.444492,1
6767,S_NOUN_8_ADJ_a,M,S,le crayon avec les paniers qui était là depuis hier est aussi très noir <eos>,13,noir,noire,11,M,P,noir,-9.327856,noire,-13.225519,1
6768,S_NOUN_8_ADJ_a,M,S,le crayon avec les paniers qui était là depuis hier est aussi très délicat <eos>,13,délicat,délicate,11,M,P,délicat,-6.624982,délicate,-10.022787,1
6769,S_NOUN_8_ADJ_a,M,S,le crayon avec les paniers qui était là depuis hier est aussi très pointu <eos>,13,pointu,pointue,11,M,P,pointu,-7.9475145,pointue,-13.052837,1
6770,S_NOUN_8_ADJ_a,M,S,le crayon avec les paniers qui était là depuis hier est aussi très rond <eos>,13,rond,ronde,11,M,P,rond,-10.29918,ronde,-13.4574375,1
6771,S_NOUN_8_ADJ_a,M,S,le crayon avec les paniers qui était là depuis hier est aussi très froid <eos>,13,froid,froide,11,M,P,froid,-7.7361546,froide,-12.189474,1
6772,S_NOUN_8_ADJ_a,M,S,le crayon avec les paniers qui était là depuis hier est aussi très chaud <eos>,13,chaud,chaude,11,M,P,chaud,-7.0060287,chaude,-11.254492,1
6773,S_NOUN_8_ADJ_a,M,S,le crayon avec les paniers qui était là depuis hier est aussi très important <eos>,13,important,importante,11,M,P,important,-5.100312,importante,-9.059206,1
6774,S_NOUN_8_ADJ_a,M,S,le crayon avec les paniers qui était là depuis hier est aussi très court <eos>,13,court,courte,11,M,P,court,-5.2146425,courte,-9.447289,1
6775,S_NOUN_8_ADJ_a,M,S,le crayon avec les paniers qui était là depuis hier est aussi très dur <eos>,13,dur,dure,11,M,P,dur,-5.0825167,dure,-8.336189,1
6776,S_NOUN_8_ADJ_a,M,S,le crayon avec les paniers qui était là depuis hier est aussi très clair <eos>,13,clair,claire,11,M,P,clair,-5.3421636,claire,-9.248789,1
6777,S_NOUN_8_ADJ_a,M,S,le crayon avec les paniers qui était là depuis hier est aussi très intéressant <eos>,13,intéressant,intéressante,11,M,P,intéressant,-6.0742273,intéressante,-10.580839,1
6778,S_NOUN_8_ADJ_a,M,S,le crayon avec les paniers qui était là depuis hier est aussi très brillant <eos>,13,brillant,brillante,11,M,P,brillant,-7.4300623,brillante,-11.176833,1
6779,S_NOUN_8_ADJ_a,M,S,le crayon avec les paniers qui était là depuis hier est aussi très compliqué <eos>,13,compliqué,compliquée,11,M,P,compliqué,-6.0337524,compliquée,-9.574276,1
6780,S_NOUN_8_ADJ_a,M,S,le crayon avec les colliers qui était là depuis hier est aussi très vert <eos>,13,vert,verte,11,M,P,vert,-10.479169,verte,-14.360605,1
6781,S_NOUN_8_ADJ_a,M,S,le crayon avec les colliers qui était là depuis hier est aussi très bleu <eos>,13,bleu,bleue,11,M,P,bleu,-10.953435,bleue,-16.66148,1
6782,S_NOUN_8_ADJ_a,M,S,le crayon avec les colliers qui était là depuis hier est aussi très noir <eos>,13,noir,noire,11,M,P,noir,-9.802431,noire,-13.470596,1
6783,S_NOUN_8_ADJ_a,M,S,le crayon avec les colliers qui était là depuis hier est aussi très délicat <eos>,13,délicat,délicate,11,M,P,délicat,-6.7371836,délicate,-9.822936,1
6784,S_NOUN_8_ADJ_a,M,S,le crayon avec les colliers qui était là depuis hier est aussi très pointu <eos>,13,pointu,pointue,11,M,P,pointu,-8.280031,pointue,-13.025106,1
6785,S_NOUN_8_ADJ_a,M,S,le crayon avec les colliers qui était là depuis hier est aussi très rond <eos>,13,rond,ronde,11,M,P,rond,-10.687558,ronde,-13.698739,1
6786,S_NOUN_8_ADJ_a,M,S,le crayon avec les colliers qui était là depuis hier est aussi très froid <eos>,13,froid,froide,11,M,P,froid,-8.181376,froide,-12.311064,1
6787,S_NOUN_8_ADJ_a,M,S,le crayon avec les colliers qui était là depuis hier est aussi très chaud <eos>,13,chaud,chaude,11,M,P,chaud,-7.5365896,chaude,-11.226934,1
6788,S_NOUN_8_ADJ_a,M,S,le crayon avec les colliers qui était là depuis hier est aussi très important <eos>,13,important,importante,11,M,P,important,-4.8742237,importante,-8.631421,1
6789,S_NOUN_8_ADJ_a,M,S,le crayon avec les colliers qui était là depuis hier est aussi très court <eos>,13,court,courte,11,M,P,court,-5.268876,courte,-9.272496,1
6790,S_NOUN_8_ADJ_a,M,S,le crayon avec les colliers qui était là depuis hier est aussi très dur <eos>,13,dur,dure,11,M,P,dur,-5.2696695,dure,-8.323614,1
6791,S_NOUN_8_ADJ_a,M,S,le crayon avec les colliers qui était là depuis hier est aussi très clair <eos>,13,clair,claire,11,M,P,clair,-5.5530453,claire,-9.40487,1
6792,S_NOUN_8_ADJ_a,M,S,le crayon avec les colliers qui était là depuis hier est aussi très intéressant <eos>,13,intéressant,intéressante,11,M,P,intéressant,-6.1022735,intéressante,-10.4641,1
6793,S_NOUN_8_ADJ_a,M,S,le crayon avec les colliers qui était là depuis hier est aussi très brillant <eos>,13,brillant,brillante,11,M,P,brillant,-7.419738,brillante,-10.903887,1
6794,S_NOUN_8_ADJ_a,M,S,le crayon avec les colliers qui était là depuis hier est aussi très compliqué <eos>,13,compliqué,compliquée,11,M,P,compliqué,-5.980735,compliquée,-9.604098,1
6795,S_NOUN_8_ADJ_a,M,S,le crayon avec les chapeaux qui était là depuis hier est aussi très vert <eos>,13,vert,verte,11,M,P,vert,-10.2048435,verte,-14.102562,1
6796,S_NOUN_8_ADJ_a,M,S,le crayon avec les chapeaux qui était là depuis hier est aussi très bleu <eos>,13,bleu,bleue,11,M,P,bleu,-10.461382,bleue,-16.473322,1
6797,S_NOUN_8_ADJ_a,M,S,le crayon avec les chapeaux qui était là depuis hier est aussi très noir <eos>,13,noir,noire,11,M,P,noir,-9.122754,noire,-13.501947,1
6798,S_NOUN_8_ADJ_a,M,S,le crayon avec les chapeaux qui était là depuis hier est aussi très délicat <eos>,13,délicat,délicate,11,M,P,délicat,-6.852565,délicate,-10.500416,1
6799,S_NOUN_8_ADJ_a,M,S,le crayon avec les chapeaux qui était là depuis hier est aussi très pointu <eos>,13,pointu,pointue,11,M,P,pointu,-8.2691555,pointue,-13.66913,1
6800,S_NOUN_8_ADJ_a,M,S,le crayon avec les chapeaux qui était là depuis hier est aussi très rond <eos>,13,rond,ronde,11,M,P,rond,-10.474012,ronde,-13.977339,1
6801,S_NOUN_8_ADJ_a,M,S,le crayon avec les chapeaux qui était là depuis hier est aussi très froid <eos>,13,froid,froide,11,M,P,froid,-7.659529,froide,-12.443079,1
6802,S_NOUN_8_ADJ_a,M,S,le crayon avec les chapeaux qui était là depuis hier est aussi très chaud <eos>,13,chaud,chaude,11,M,P,chaud,-7.1230497,chaude,-11.22854,1
6803,S_NOUN_8_ADJ_a,M,S,le crayon avec les chapeaux qui était là depuis hier est aussi très important <eos>,13,important,importante,11,M,P,important,-5.017908,importante,-9.0838375,1
6804,S_NOUN_8_ADJ_a,M,S,le crayon avec les chapeaux qui était là depuis hier est aussi très court <eos>,13,court,courte,11,M,P,court,-5.3079834,courte,-9.643227,1
6805,S_NOUN_8_ADJ_a,M,S,le crayon avec les chapeaux qui était là depuis hier est aussi très dur <eos>,13,dur,dure,11,M,P,dur,-5.4626327,dure,-8.593653,1
6806,S_NOUN_8_ADJ_a,M,S,le crayon avec les chapeaux qui était là depuis hier est aussi très clair <eos>,13,clair,claire,11,M,P,clair,-5.545137,claire,-9.443733,1
6807,S_NOUN_8_ADJ_a,M,S,le crayon avec les chapeaux qui était là depuis hier est aussi très intéressant <eos>,13,intéressant,intéressante,11,M,P,intéressant,-6.092481,intéressante,-10.631094,1
6808,S_NOUN_8_ADJ_a,M,S,le crayon avec les chapeaux qui était là depuis hier est aussi très brillant <eos>,13,brillant,brillante,11,M,P,brillant,-7.4620123,brillante,-11.17166,1
6809,S_NOUN_8_ADJ_a,M,S,le crayon avec les chapeaux qui était là depuis hier est aussi très compliqué <eos>,13,compliqué,compliquée,11,M,P,compliqué,-6.177767,compliquée,-10.081951,1
6810,S_NOUN_8_ADJ_a,M,S,le crayon avec les pots qui était là depuis hier est aussi très vert <eos>,13,vert,verte,11,M,P,vert,-9.801836,verte,-14.199028,1
6811,S_NOUN_8_ADJ_a,M,S,le crayon avec les pots qui était là depuis hier est aussi très bleu <eos>,13,bleu,bleue,11,M,P,bleu,-10.800169,bleue,-16.910704,1
6812,S_NOUN_8_ADJ_a,M,S,le crayon avec les pots qui était là depuis hier est aussi très noir <eos>,13,noir,noire,11,M,P,noir,-9.528521,noire,-13.846735,1
6813,S_NOUN_8_ADJ_a,M,S,le crayon avec les pots qui était là depuis hier est aussi très délicat <eos>,13,délicat,délicate,11,M,P,délicat,-6.5382376,délicate,-9.72148,1
6814,S_NOUN_8_ADJ_a,M,S,le crayon avec les pots qui était là depuis hier est aussi très pointu <eos>,13,pointu,pointue,11,M,P,pointu,-8.669808,pointue,-13.518235,1
6815,S_NOUN_8_ADJ_a,M,S,le crayon avec les pots qui était là depuis hier est aussi très rond <eos>,13,rond,ronde,11,M,P,rond,-10.53684,ronde,-13.499674,1
6816,S_NOUN_8_ADJ_a,M,S,le crayon avec les pots qui était là depuis hier est aussi très froid <eos>,13,froid,froide,11,M,P,froid,-7.293948,froide,-11.770067,1
6817,S_NOUN_8_ADJ_a,M,S,le crayon avec les pots qui était là depuis hier est aussi très chaud <eos>,13,chaud,chaude,11,M,P,chaud,-6.2887325,chaude,-10.334102,1
6818,S_NOUN_8_ADJ_a,M,S,le crayon avec les pots qui était là depuis hier est aussi très important <eos>,13,important,importante,11,M,P,important,-4.7419415,importante,-8.49873,1
6819,S_NOUN_8_ADJ_a,M,S,le crayon avec les pots qui était là depuis hier est aussi très court <eos>,13,court,courte,11,M,P,court,-5.8821034,courte,-10.089678,1
6820,S_NOUN_8_ADJ_a,M,S,le crayon avec les pots qui était là depuis hier est aussi très dur <eos>,13,dur,dure,11,M,P,dur,-4.9544487,dure,-8.268596,1
6821,S_NOUN_8_ADJ_a,M,S,le crayon avec les pots qui était là depuis hier est aussi très clair <eos>,13,clair,claire,11,M,P,clair,-5.729864,claire,-9.501372,1
6822,S_NOUN_8_ADJ_a,M,S,le crayon avec les pots qui était là depuis hier est aussi très intéressant <eos>,13,intéressant,intéressante,11,M,P,intéressant,-5.9566116,intéressante,-10.348022,1
6823,S_NOUN_8_ADJ_a,M,S,le crayon avec les pots qui était là depuis hier est aussi très brillant <eos>,13,brillant,brillante,11,M,P,brillant,-7.0432396,brillante,-10.860578,1
6824,S_NOUN_8_ADJ_a,M,S,le crayon avec les pots qui était là depuis hier est aussi très compliqué <eos>,13,compliqué,compliquée,11,M,P,compliqué,-6.5052547,compliquée,-9.917258,1
6825,S_NOUN_8_ADJ_a,M,S,le crayon avec les coussins qui était là depuis hier est aussi très vert <eos>,13,vert,verte,11,M,P,vert,-10.269846,verte,-14.382227,1
6826,S_NOUN_8_ADJ_a,M,S,le crayon avec les coussins qui était là depuis hier est aussi très bleu <eos>,13,bleu,bleue,11,M,P,bleu,-10.700254,bleue,-16.671093,1
6827,S_NOUN_8_ADJ_a,M,S,le crayon avec les coussins qui était là depuis hier est aussi très noir <eos>,13,noir,noire,11,M,P,noir,-9.403955,noire,-13.701764,1
6828,S_NOUN_8_ADJ_a,M,S,le crayon avec les coussins qui était là depuis hier est aussi très délicat <eos>,13,délicat,délicate,11,M,P,délicat,-6.8469796,délicate,-10.10153,1
6829,S_NOUN_8_ADJ_a,M,S,le crayon avec les coussins qui était là depuis hier est aussi très pointu <eos>,13,pointu,pointue,11,M,P,pointu,-8.281403,pointue,-13.240231,1
6830,S_NOUN_8_ADJ_a,M,S,le crayon avec les coussins qui était là depuis hier est aussi très rond <eos>,13,rond,ronde,11,M,P,rond,-10.517569,ronde,-13.807954,1
6831,S_NOUN_8_ADJ_a,M,S,le crayon avec les coussins qui était là depuis hier est aussi très froid <eos>,13,froid,froide,11,M,P,froid,-7.733885,froide,-12.116199,1
6832,S_NOUN_8_ADJ_a,M,S,le crayon avec les coussins qui était là depuis hier est aussi très chaud <eos>,13,chaud,chaude,11,M,P,chaud,-7.1457787,chaude,-10.8440485,1
6833,S_NOUN_8_ADJ_a,M,S,le crayon avec les coussins qui était là depuis hier est aussi très important <eos>,13,important,importante,11,M,P,important,-5.0352097,importante,-8.922997,1
6834,S_NOUN_8_ADJ_a,M,S,le crayon avec les coussins qui était là depuis hier est aussi très court <eos>,13,court,courte,11,M,P,court,-5.4390993,courte,-9.635933,1
6835,S_NOUN_8_ADJ_a,M,S,le crayon avec les coussins qui était là depuis hier est aussi très dur <eos>,13,dur,dure,11,M,P,dur,-5.5308623,dure,-8.46006,1
6836,S_NOUN_8_ADJ_a,M,S,le crayon avec les coussins qui était là depuis hier est aussi très clair <eos>,13,clair,claire,11,M,P,clair,-5.7924414,claire,-9.501894,1
6837,S_NOUN_8_ADJ_a,M,S,le crayon avec les coussins qui était là depuis hier est aussi très intéressant <eos>,13,intéressant,intéressante,11,M,P,intéressant,-6.0761127,intéressante,-10.384415,1
6838,S_NOUN_8_ADJ_a,M,S,le crayon avec les coussins qui était là depuis hier est aussi très brillant <eos>,13,brillant,brillante,11,M,P,brillant,-7.4585705,brillante,-11.371187,1
6839,S_NOUN_8_ADJ_a,M,S,le crayon avec les coussins qui était là depuis hier est aussi très compliqué <eos>,13,compliqué,compliquée,11,M,P,compliqué,-5.8776817,compliquée,-9.445014,1
6840,S_NOUN_8_ADJ_a,M,S,le crayon avec les jouets qui était là depuis hier est aussi très vert <eos>,13,vert,verte,11,M,P,vert,-10.571053,verte,-14.231012,1
6841,S_NOUN_8_ADJ_a,M,S,le crayon avec les jouets qui était là depuis hier est aussi très bleu <eos>,13,bleu,bleue,11,M,P,bleu,-10.990072,bleue,-16.995157,1
6842,S_NOUN_8_ADJ_a,M,S,le crayon avec les jouets qui était là depuis hier est aussi très noir <eos>,13,noir,noire,11,M,P,noir,-9.323366,noire,-14.280232,1
6843,S_NOUN_8_ADJ_a,M,S,le crayon avec les jouets qui était là depuis hier est aussi très délicat <eos>,13,délicat,délicate,11,M,P,délicat,-7.2748713,délicate,-10.679098,1
6844,S_NOUN_8_ADJ_a,M,S,le crayon avec les jouets qui était là depuis hier est aussi très pointu <eos>,13,pointu,pointue,11,M,P,pointu,-8.467401,pointue,-14.201364,1
6845,S_NOUN_8_ADJ_a,M,S,le crayon avec les jouets qui était là depuis hier est aussi très rond <eos>,13,rond,ronde,11,M,P,rond,-11.029037,ronde,-15.198931,1
6846,S_NOUN_8_ADJ_a,M,S,le crayon avec les jouets qui était là depuis hier est aussi très froid <eos>,13,froid,froide,11,M,P,froid,-7.389514,froide,-12.510965,1
6847,S_NOUN_8_ADJ_a,M,S,le crayon avec les jouets qui était là depuis hier est aussi très chaud <eos>,13,chaud,chaude,11,M,P,chaud,-7.2211723,chaude,-11.345332,1
6848,S_NOUN_8_ADJ_a,M,S,le crayon avec les jouets qui était là depuis hier est aussi très important <eos>,13,important,importante,11,M,P,important,-4.6873417,importante,-8.623499,1
6849,S_NOUN_8_ADJ_a,M,S,le crayon avec les jouets qui était là depuis hier est aussi très court <eos>,13,court,courte,11,M,P,court,-5.5401354,courte,-10.143132,1
6850,S_NOUN_8_ADJ_a,M,S,le crayon avec les jouets qui était là depuis hier est aussi très dur <eos>,13,dur,dure,11,M,P,dur,-5.6717215,dure,-8.6513815,1
6851,S_NOUN_8_ADJ_a,M,S,le crayon avec les jouets qui était là depuis hier est aussi très clair <eos>,13,clair,claire,11,M,P,clair,-5.872803,claire,-9.394678,1
6852,S_NOUN_8_ADJ_a,M,S,le crayon avec les jouets qui était là depuis hier est aussi très intéressant <eos>,13,intéressant,intéressante,11,M,P,intéressant,-5.889995,intéressante,-10.293641,1
6853,S_NOUN_8_ADJ_a,M,S,le crayon avec les jouets qui était là depuis hier est aussi très brillant <eos>,13,brillant,brillante,11,M,P,brillant,-7.472289,brillante,-11.087663,1
6854,S_NOUN_8_ADJ_a,M,S,le crayon avec les jouets qui était là depuis hier est aussi très compliqué <eos>,13,compliqué,compliquée,11,M,P,compliqué,-6.3918686,compliquée,-9.77842,1
6855,S_NOUN_8_ADJ_a,M,S,le crayon avec les clous qui était là depuis hier est aussi très vert <eos>,13,vert,verte,11,M,P,vert,-9.952646,verte,-14.381961,1
6856,S_NOUN_8_ADJ_a,M,S,le crayon avec les clous qui était là depuis hier est aussi très bleu <eos>,13,bleu,bleue,11,M,P,bleu,-10.614808,bleue,-16.717672,1
6857,S_NOUN_8_ADJ_a,M,S,le crayon avec les clous qui était là depuis hier est aussi très noir <eos>,13,noir,noire,11,M,P,noir,-9.305125,noire,-13.469807,1
6858,S_NOUN_8_ADJ_a,M,S,le crayon avec les clous qui était là depuis hier est aussi très délicat <eos>,13,délicat,délicate,11,M,P,délicat,-6.3745756,délicate,-9.546741,1
6859,S_NOUN_8_ADJ_a,M,S,le crayon avec les clous qui était là depuis hier est aussi très pointu <eos>,13,pointu,pointue,11,M,P,pointu,-8.170486,pointue,-13.142264,1
6860,S_NOUN_8_ADJ_a,M,S,le crayon avec les clous qui était là depuis hier est aussi très rond <eos>,13,rond,ronde,11,M,P,rond,-10.393515,ronde,-13.563345,1
6861,S_NOUN_8_ADJ_a,M,S,le crayon avec les clous qui était là depuis hier est aussi très froid <eos>,13,froid,froide,11,M,P,froid,-7.217765,froide,-11.858772,1
6862,S_NOUN_8_ADJ_a,M,S,le crayon avec les clous qui était là depuis hier est aussi très chaud <eos>,13,chaud,chaude,11,M,P,chaud,-6.779063,chaude,-10.94077,1
6863,S_NOUN_8_ADJ_a,M,S,le crayon avec les clous qui était là depuis hier est aussi très important <eos>,13,important,importante,11,M,P,important,-4.8864875,importante,-8.84469,1
6864,S_NOUN_8_ADJ_a,M,S,le crayon avec les clous qui était là depuis hier est aussi très court <eos>,13,court,courte,11,M,P,court,-5.33523,courte,-9.628039,1
6865,S_NOUN_8_ADJ_a,M,S,le crayon avec les clous qui était là depuis hier est aussi très dur <eos>,13,dur,dure,11,M,P,dur,-4.882102,dure,-8.160282,1
6866,S_NOUN_8_ADJ_a,M,S,le crayon avec les clous qui était là depuis hier est aussi très clair <eos>,13,clair,claire,11,M,P,clair,-5.473452,claire,-9.304121,1
6867,S_NOUN_8_ADJ_a,M,S,le crayon avec les clous qui était là depuis hier est aussi très intéressant <eos>,13,intéressant,intéressante,11,M,P,intéressant,-5.925236,intéressante,-10.540253,1
6868,S_NOUN_8_ADJ_a,M,S,le crayon avec les clous qui était là depuis hier est aussi très brillant <eos>,13,brillant,brillante,11,M,P,brillant,-7.294673,brillante,-11.127138,1
6869,S_NOUN_8_ADJ_a,M,S,le crayon avec les clous qui était là depuis hier est aussi très compliqué <eos>,13,compliqué,compliquée,11,M,P,compliqué,-6.0625877,compliquée,-9.651921,1
6870,S_NOUN_8_ADJ_a,M,S,le crayon avec les billets qui était là depuis hier est aussi très vert <eos>,13,vert,verte,11,M,P,vert,-10.321352,verte,-14.687935,1
6871,S_NOUN_8_ADJ_a,M,S,le crayon avec les billets qui était là depuis hier est aussi très bleu <eos>,13,bleu,bleue,11,M,P,bleu,-10.769487,bleue,-17.776098,1
6872,S_NOUN_8_ADJ_a,M,S,le crayon avec les billets qui était là depuis hier est aussi très noir <eos>,13,noir,noire,11,M,P,noir,-9.405415,noire,-14.873838,1
6873,S_NOUN_8_ADJ_a,M,S,le crayon avec les billets qui était là depuis hier est aussi très délicat <eos>,13,délicat,délicate,11,M,P,délicat,-7.114012,délicate,-10.625935,1
6874,S_NOUN_8_ADJ_a,M,S,le crayon avec les billets qui était là depuis hier est aussi très pointu <eos>,13,pointu,pointue,11,M,P,pointu,-9.345606,pointue,-14.260353,1
6875,S_NOUN_8_ADJ_a,M,S,le crayon avec les billets qui était là depuis hier est aussi très rond <eos>,13,rond,ronde,11,M,P,rond,-11.152918,ronde,-15.102592,1
6876,S_NOUN_8_ADJ_a,M,S,le crayon avec les billets qui était là depuis hier est aussi très froid <eos>,13,froid,froide,11,M,P,froid,-8.10774,froide,-13.166918,1
6877,S_NOUN_8_ADJ_a,M,S,le crayon avec les billets qui était là depuis hier est aussi très chaud <eos>,13,chaud,chaude,11,M,P,chaud,-7.5915575,chaude,-11.421686,1
6878,S_NOUN_8_ADJ_a,M,S,le crayon avec les billets qui était là depuis hier est aussi très important <eos>,13,important,importante,11,M,P,important,-4.167623,importante,-8.259291,1
6879,S_NOUN_8_ADJ_a,M,S,le crayon avec les billets qui était là depuis hier est aussi très court <eos>,13,court,courte,11,M,P,court,-5.1764503,courte,-9.49515,1
6880,S_NOUN_8_ADJ_a,M,S,le crayon avec les billets qui était là depuis hier est aussi très dur <eos>,13,dur,dure,11,M,P,dur,-5.801648,dure,-9.455658,1
6881,S_NOUN_8_ADJ_a,M,S,le crayon avec les billets qui était là depuis hier est aussi très clair <eos>,13,clair,claire,11,M,P,clair,-6.2237234,claire,-10.211452,1
6882,S_NOUN_8_ADJ_a,M,S,le crayon avec les billets qui était là depuis hier est aussi très intéressant <eos>,13,intéressant,intéressante,11,M,P,intéressant,-5.9135733,intéressante,-9.863238,1
6883,S_NOUN_8_ADJ_a,M,S,le crayon avec les billets qui était là depuis hier est aussi très brillant <eos>,13,brillant,brillante,11,M,P,brillant,-7.7871666,brillante,-11.676078,1
6884,S_NOUN_8_ADJ_a,M,S,le crayon avec les billets qui était là depuis hier est aussi très compliqué <eos>,13,compliqué,compliquée,11,M,P,compliqué,-6.100508,compliquée,-10.169992,1
6885,S_NOUN_8_ADJ_a,M,S,le crayon avec les légumes qui était là depuis hier est aussi très vert <eos>,13,vert,verte,11,M,P,vert,-10.092121,verte,-14.305076,1
6886,S_NOUN_8_ADJ_a,M,S,le crayon avec les légumes qui était là depuis hier est aussi très bleu <eos>,13,bleu,bleue,11,M,P,bleu,-10.979116,bleue,-16.799564,1
6887,S_NOUN_8_ADJ_a,M,S,le crayon avec les légumes qui était là depuis hier est aussi très noir <eos>,13,noir,noire,11,M,P,noir,-9.60595,noire,-13.851591,1
6888,S_NOUN_8_ADJ_a,M,S,le crayon avec les légumes qui était là depuis hier est aussi très délicat <eos>,13,délicat,délicate,11,M,P,délicat,-6.5538425,délicate,-9.827338,1
6889,S_NOUN_8_ADJ_a,M,S,le crayon avec les légumes qui était là depuis hier est aussi très pointu <eos>,13,pointu,pointue,11,M,P,pointu,-8.300695,pointue,-13.91301,1
6890,S_NOUN_8_ADJ_a,M,S,le crayon avec les légumes qui était là depuis hier est aussi très rond <eos>,13,rond,ronde,11,M,P,rond,-10.725569,ronde,-14.10376,1
6891,S_NOUN_8_ADJ_a,M,S,le crayon avec les légumes qui était là depuis hier est aussi très froid <eos>,13,froid,froide,11,M,P,froid,-6.6447515,froide,-11.445084,1
6892,S_NOUN_8_ADJ_a,M,S,le crayon avec les légumes qui était là depuis hier est aussi très chaud <eos>,13,chaud,chaude,11,M,P,chaud,-6.2570653,chaude,-10.565521,1
6893,S_NOUN_8_ADJ_a,M,S,le crayon avec les légumes qui était là depuis hier est aussi très important <eos>,13,important,importante,11,M,P,important,-4.5854206,importante,-8.46867,1
6894,S_NOUN_8_ADJ_a,M,S,le crayon avec les légumes qui était là depuis hier est aussi très court <eos>,13,court,courte,11,M,P,court,-5.8021145,courte,-10.169075,1
6895,S_NOUN_8_ADJ_a,M,S,le crayon avec les légumes qui était là depuis hier est aussi très dur <eos>,13,dur,dure,11,M,P,dur,-5.1569824,dure,-7.972702,1
6896,S_NOUN_8_ADJ_a,M,S,le crayon avec les légumes qui était là depuis hier est aussi très clair <eos>,13,clair,claire,11,M,P,clair,-5.285381,claire,-9.331089,1
6897,S_NOUN_8_ADJ_a,M,S,le crayon avec les légumes qui était là depuis hier est aussi très intéressant <eos>,13,intéressant,intéressante,11,M,P,intéressant,-6.1262603,intéressante,-10.710955,1
6898,S_NOUN_8_ADJ_a,M,S,le crayon avec les légumes qui était là depuis hier est aussi très brillant <eos>,13,brillant,brillante,11,M,P,brillant,-7.4418755,brillante,-11.200574,1
6899,S_NOUN_8_ADJ_a,M,S,le crayon avec les légumes qui était là depuis hier est aussi très compliqué <eos>,13,compliqué,compliquée,11,M,P,compliqué,-6.8473825,compliquée,-10.291711,1
6900,S_NOUN_8_ADJ_a,M,S,le rideau avec les bracelets qui était là depuis hier est aussi très vert <eos>,13,vert,verte,11,M,P,vert,-10.308657,verte,-13.682156,1
6901,S_NOUN_8_ADJ_a,M,S,le rideau avec les bracelets qui était là depuis hier est aussi très bleu <eos>,13,bleu,bleue,11,M,P,bleu,-10.516782,bleue,-15.99774,1
6902,S_NOUN_8_ADJ_a,M,S,le rideau avec les bracelets qui était là depuis hier est aussi très noir <eos>,13,noir,noire,11,M,P,noir,-9.589861,noire,-12.649209,1
6903,S_NOUN_8_ADJ_a,M,S,le rideau avec les bracelets qui était là depuis hier est aussi très délicat <eos>,13,délicat,délicate,11,M,P,délicat,-7.284707,délicate,-9.958744,1
6904,S_NOUN_8_ADJ_a,M,S,le rideau avec les bracelets qui était là depuis hier est aussi très pointu <eos>,13,pointu,pointue,11,M,P,pointu,-8.29435,pointue,-13.0074415,1
6905,S_NOUN_8_ADJ_a,M,S,le rideau avec les bracelets qui était là depuis hier est aussi très rond <eos>,13,rond,ronde,11,M,P,rond,-10.385001,ronde,-13.12384,1
6906,S_NOUN_8_ADJ_a,M,S,le rideau avec les bracelets qui était là depuis hier est aussi très froid <eos>,13,froid,froide,11,M,P,froid,-7.5445595,froide,-11.904408,1
6907,S_NOUN_8_ADJ_a,M,S,le rideau avec les bracelets qui était là depuis hier est aussi très chaud <eos>,13,chaud,chaude,11,M,P,chaud,-6.8366213,chaude,-10.748267,1
6908,S_NOUN_8_ADJ_a,M,S,le rideau avec les bracelets qui était là depuis hier est aussi très important <eos>,13,important,importante,11,M,P,important,-4.662455,importante,-8.68055,1
6909,S_NOUN_8_ADJ_a,M,S,le rideau avec les bracelets qui était là depuis hier est aussi très court <eos>,13,court,courte,11,M,P,court,-4.6926994,courte,-8.809042,1
6910,S_NOUN_8_ADJ_a,M,S,le rideau avec les bracelets qui était là depuis hier est aussi très dur <eos>,13,dur,dure,11,M,P,dur,-5.1266975,dure,-7.9017715,1
6911,S_NOUN_8_ADJ_a,M,S,le rideau avec les bracelets qui était là depuis hier est aussi très clair <eos>,13,clair,claire,11,M,P,clair,-5.761155,claire,-9.087746,1
6912,S_NOUN_8_ADJ_a,M,S,le rideau avec les bracelets qui était là depuis hier est aussi très intéressant <eos>,13,intéressant,intéressante,11,M,P,intéressant,-6.346841,intéressante,-10.250313,1
6913,S_NOUN_8_ADJ_a,M,S,le rideau avec les bracelets qui était là depuis hier est aussi très brillant <eos>,13,brillant,brillante,11,M,P,brillant,-7.3200135,brillante,-10.839207,1
6914,S_NOUN_8_ADJ_a,M,S,le rideau avec les bracelets qui était là depuis hier est aussi très compliqué <eos>,13,compliqué,compliquée,11,M,P,compliqué,-5.775691,compliquée,-9.661547,1
6915,S_NOUN_8_ADJ_a,M,S,le rideau avec les miroirs qui était là depuis hier est aussi très vert <eos>,13,vert,verte,11,M,P,vert,-10.185234,verte,-13.777475,1
6916,S_NOUN_8_ADJ_a,M,S,le rideau avec les miroirs qui était là depuis hier est aussi très bleu <eos>,13,bleu,bleue,11,M,P,bleu,-10.531602,bleue,-16.380116,1
6917,S_NOUN_8_ADJ_a,M,S,le rideau avec les miroirs qui était là depuis hier est aussi très noir <eos>,13,noir,noire,11,M,P,noir,-9.599919,noire,-13.5277405,1
6918,S_NOUN_8_ADJ_a,M,S,le rideau avec les miroirs qui était là depuis hier est aussi très délicat <eos>,13,délicat,délicate,11,M,P,délicat,-7.105363,délicate,-9.995695,1
6919,S_NOUN_8_ADJ_a,M,S,le rideau avec les miroirs qui était là depuis hier est aussi très pointu <eos>,13,pointu,pointue,11,M,P,pointu,-8.569336,pointue,-13.115956,1
6920,S_NOUN_8_ADJ_a,M,S,le rideau avec les miroirs qui était là depuis hier est aussi très rond <eos>,13,rond,ronde,11,M,P,rond,-10.335131,ronde,-13.615857,1
6921,S_NOUN_8_ADJ_a,M,S,le rideau avec les miroirs qui était là depuis hier est aussi très froid <eos>,13,froid,froide,11,M,P,froid,-6.9346952,froide,-11.448481,1
6922,S_NOUN_8_ADJ_a,M,S,le rideau avec les miroirs qui était là depuis hier est aussi très chaud <eos>,13,chaud,chaude,11,M,P,chaud,-6.4702997,chaude,-10.048758,1
6923,S_NOUN_8_ADJ_a,M,S,le rideau avec les miroirs qui était là depuis hier est aussi très important <eos>,13,important,importante,11,M,P,important,-4.419233,importante,-8.4301815,1
6924,S_NOUN_8_ADJ_a,M,S,le rideau avec les miroirs qui était là depuis hier est aussi très court <eos>,13,court,courte,11,M,P,court,-4.6212616,courte,-8.986127,1
6925,S_NOUN_8_ADJ_a,M,S,le rideau avec les miroirs qui était là depuis hier est aussi très dur <eos>,13,dur,dure,11,M,P,dur,-4.881877,dure,-7.853876,1
6926,S_NOUN_8_ADJ_a,M,S,le rideau avec les miroirs qui était là depuis hier est aussi très clair <eos>,13,clair,claire,11,M,P,clair,-5.6237106,claire,-9.022342,1
6927,S_NOUN_8_ADJ_a,M,S,le rideau avec les miroirs qui était là depuis hier est aussi très intéressant <eos>,13,intéressant,intéressante,11,M,P,intéressant,-6.0581217,intéressante,-10.081928,1
6928,S_NOUN_8_ADJ_a,M,S,le rideau avec les miroirs qui était là depuis hier est aussi très brillant <eos>,13,brillant,brillante,11,M,P,brillant,-6.7889385,brillante,-10.122991,1
6929,S_NOUN_8_ADJ_a,M,S,le rideau avec les miroirs qui était là depuis hier est aussi très compliqué <eos>,13,compliqué,compliquée,11,M,P,compliqué,-5.86954,compliquée,-9.309262,1
6930,S_NOUN_8_ADJ_a,M,S,le rideau avec les crayons qui était là depuis hier est aussi très vert <eos>,13,vert,verte,11,M,P,vert,-9.565494,verte,-13.49453,1
6931,S_NOUN_8_ADJ_a,M,S,le rideau avec les crayons qui était là depuis hier est aussi très bleu <eos>,13,bleu,bleue,11,M,P,bleu,-9.957666,bleue,-16.202555,1
6932,S_NOUN_8_ADJ_a,M,S,le rideau avec les crayons qui était là depuis hier est aussi très noir <eos>,13,noir,noire,11,M,P,noir,-9.246077,noire,-13.0218115,1
6933,S_NOUN_8_ADJ_a,M,S,le rideau avec les crayons qui était là depuis hier est aussi très délicat <eos>,13,délicat,délicate,11,M,P,délicat,-6.656804,délicate,-10.010327,1
6934,S_NOUN_8_ADJ_a,M,S,le rideau avec les crayons qui était là depuis hier est aussi très pointu <eos>,13,pointu,pointue,11,M,P,pointu,-8.701769,pointue,-13.62111,1
6935,S_NOUN_8_ADJ_a,M,S,le rideau avec les crayons qui était là depuis hier est aussi très rond <eos>,13,rond,ronde,11,M,P,rond,-10.476706,ronde,-13.906955,1
6936,S_NOUN_8_ADJ_a,M,S,le rideau avec les crayons qui était là depuis hier est aussi très froid <eos>,13,froid,froide,11,M,P,froid,-6.3731894,froide,-11.376154,1
6937,S_NOUN_8_ADJ_a,M,S,le rideau avec les crayons qui était là depuis hier est aussi très chaud <eos>,13,chaud,chaude,11,M,P,chaud,-6.339078,chaude,-10.21093,1
6938,S_NOUN_8_ADJ_a,M,S,le rideau avec les crayons qui était là depuis hier est aussi très important <eos>,13,important,importante,11,M,P,important,-4.3430653,importante,-8.392527,1
6939,S_NOUN_8_ADJ_a,M,S,le rideau avec les crayons qui était là depuis hier est aussi très court <eos>,13,court,courte,11,M,P,court,-5.0313783,courte,-9.4812355,1
6940,S_NOUN_8_ADJ_a,M,S,le rideau avec les crayons qui était là depuis hier est aussi très dur <eos>,13,dur,dure,11,M,P,dur,-4.8035398,dure,-7.6094375,1
6941,S_NOUN_8_ADJ_a,M,S,le rideau avec les crayons qui était là depuis hier est aussi très clair <eos>,13,clair,claire,11,M,P,clair,-5.0168123,claire,-8.533821,1
6942,S_NOUN_8_ADJ_a,M,S,le rideau avec les crayons qui était là depuis hier est aussi très intéressant <eos>,13,intéressant,intéressante,11,M,P,intéressant,-6.155761,intéressante,-10.454067,1
6943,S_NOUN_8_ADJ_a,M,S,le rideau avec les crayons qui était là depuis hier est aussi très brillant <eos>,13,brillant,brillante,11,M,P,brillant,-6.7336607,brillante,-10.231564,1
6944,S_NOUN_8_ADJ_a,M,S,le rideau avec les crayons qui était là depuis hier est aussi très compliqué <eos>,13,compliqué,compliquée,11,M,P,compliqué,-6.4937644,compliquée,-9.979205,1
6945,S_NOUN_8_ADJ_a,M,S,le rideau avec les rideaux qui était là depuis hier est aussi très vert <eos>,13,vert,verte,11,M,P,vert,-10.363121,verte,-13.765925,1
6946,S_NOUN_8_ADJ_a,M,S,le rideau avec les rideaux qui était là depuis hier est aussi très bleu <eos>,13,bleu,bleue,11,M,P,bleu,-10.604992,bleue,-16.220047,1
6947,S_NOUN_8_ADJ_a,M,S,le rideau avec les rideaux qui était là depuis hier est aussi très noir <eos>,13,noir,noire,11,M,P,noir,-9.587353,noire,-12.812387,1
6948,S_NOUN_8_ADJ_a,M,S,le rideau avec les rideaux qui était là depuis hier est aussi très délicat <eos>,13,délicat,délicate,11,M,P,délicat,-7.169828,délicate,-10.26775,1
6949,S_NOUN_8_ADJ_a,M,S,le rideau avec les rideaux qui était là depuis hier est aussi très pointu <eos>,13,pointu,pointue,11,M,P,pointu,-8.649703,pointue,-13.507752,1
6950,S_NOUN_8_ADJ_a,M,S,le rideau avec les rideaux qui était là depuis hier est aussi très rond <eos>,13,rond,ronde,11,M,P,rond,-10.441519,ronde,-13.549368,1
6951,S_NOUN_8_ADJ_a,M,S,le rideau avec les rideaux qui était là depuis hier est aussi très froid <eos>,13,froid,froide,11,M,P,froid,-6.9724407,froide,-11.669579,1
6952,S_NOUN_8_ADJ_a,M,S,le rideau avec les rideaux qui était là depuis hier est aussi très chaud <eos>,13,chaud,chaude,11,M,P,chaud,-6.6911697,chaude,-10.292806,1
6953,S_NOUN_8_ADJ_a,M,S,le rideau avec les rideaux qui était là depuis hier est aussi très important <eos>,13,important,importante,11,M,P,important,-4.4221516,importante,-8.395031,1
6954,S_NOUN_8_ADJ_a,M,S,le rideau avec les rideaux qui était là depuis hier est aussi très court <eos>,13,court,courte,11,M,P,court,-4.5450406,courte,-8.932051,1
6955,S_NOUN_8_ADJ_a,M,S,le rideau avec les rideaux qui était là depuis hier est aussi très dur <eos>,13,dur,dure,11,M,P,dur,-5.28287,dure,-7.496449,1
6956,S_NOUN_8_ADJ_a,M,S,le rideau avec les rideaux qui était là depuis hier est aussi très clair <eos>,13,clair,claire,11,M,P,clair,-5.630932,claire,-8.731304,1
6957,S_NOUN_8_ADJ_a,M,S,le rideau avec les rideaux qui était là depuis hier est aussi très intéressant <eos>,13,intéressant,intéressante,11,M,P,intéressant,-6.4311085,intéressante,-10.350903,1
6958,S_NOUN_8_ADJ_a,M,S,le rideau avec les rideaux qui était là depuis hier est aussi très brillant <eos>,13,brillant,brillante,11,M,P,brillant,-7.486764,brillante,-10.829184,1
6959,S_NOUN_8_ADJ_a,M,S,le rideau avec les rideaux qui était là depuis hier est aussi très compliqué <eos>,13,compliqué,compliquée,11,M,P,compliqué,-6.1841507,compliquée,-9.729744,1
6960,S_NOUN_8_ADJ_a,M,S,le rideau avec les cahiers qui était là depuis hier est aussi très vert <eos>,13,vert,verte,11,M,P,vert,-10.970633,verte,-14.261259,1
6961,S_NOUN_8_ADJ_a,M,S,le rideau avec les cahiers qui était là depuis hier est aussi très bleu <eos>,13,bleu,bleue,11,M,P,bleu,-11.354762,bleue,-16.87978,1
6962,S_NOUN_8_ADJ_a,M,S,le rideau avec les cahiers qui était là depuis hier est aussi très noir <eos>,13,noir,noire,11,M,P,noir,-9.770033,noire,-13.99301,1
6963,S_NOUN_8_ADJ_a,M,S,le rideau avec les cahiers qui était là depuis hier est aussi très délicat <eos>,13,délicat,délicate,11,M,P,délicat,-7.5602617,délicate,-10.482389,1
6964,S_NOUN_8_ADJ_a,M,S,le rideau avec les cahiers qui était là depuis hier est aussi très pointu <eos>,13,pointu,pointue,11,M,P,pointu,-8.79281,pointue,-13.866446,1
6965,S_NOUN_8_ADJ_a,M,S,le rideau avec les cahiers qui était là depuis hier est aussi très rond <eos>,13,rond,ronde,11,M,P,rond,-11.380684,ronde,-14.78813,1
6966,S_NOUN_8_ADJ_a,M,S,le rideau avec les cahiers qui était là depuis hier est aussi très froid <eos>,13,froid,froide,11,M,P,froid,-6.9092083,froide,-12.123589,1
6967,S_NOUN_8_ADJ_a,M,S,le rideau avec les cahiers qui était là depuis hier est aussi très chaud <eos>,13,chaud,chaude,11,M,P,chaud,-6.8287935,chaude,-10.949979,1
6968,S_NOUN_8_ADJ_a,M,S,le rideau avec les cahiers qui était là depuis hier est aussi très important <eos>,13,important,importante,11,M,P,important,-3.8783166,importante,-7.863202,1
6969,S_NOUN_8_ADJ_a,M,S,le rideau avec les cahiers qui était là depuis hier est aussi très court <eos>,13,court,courte,11,M,P,court,-5.0850906,courte,-8.733894,1
6970,S_NOUN_8_ADJ_a,M,S,le rideau avec les cahiers qui était là depuis hier est aussi très dur <eos>,13,dur,dure,11,M,P,dur,-5.461942,dure,-7.4053082,1
6971,S_NOUN_8_ADJ_a,M,S,le rideau avec les cahiers qui était là depuis hier est aussi très clair <eos>,13,clair,claire,11,M,P,clair,-5.696679,claire,-9.459094,1
6972,S_NOUN_8_ADJ_a,M,S,le rideau avec les cahiers qui était là depuis hier est aussi très intéressant <eos>,13,intéressant,intéressante,11,M,P,intéressant,-5.8787374,intéressante,-9.711932,1
6973,S_NOUN_8_ADJ_a,M,S,le rideau avec les cahiers qui était là depuis hier est aussi très brillant <eos>,13,brillant,brillante,11,M,P,brillant,-7.289839,brillante,-10.704012,1
6974,S_NOUN_8_ADJ_a,M,S,le rideau avec les cahiers qui était là depuis hier est aussi très compliqué <eos>,13,compliqué,compliquée,11,M,P,compliqué,-6.1687846,compliquée,-9.434841,1
6975,S_NOUN_8_ADJ_a,M,S,le rideau avec les micros qui était là depuis hier est aussi très vert <eos>,13,vert,verte,11,M,P,vert,-10.725401,verte,-14.511839,1
6976,S_NOUN_8_ADJ_a,M,S,le rideau avec les micros qui était là depuis hier est aussi très bleu <eos>,13,bleu,bleue,11,M,P,bleu,-10.908643,bleue,-16.965052,1
6977,S_NOUN_8_ADJ_a,M,S,le rideau avec les micros qui était là depuis hier est aussi très noir <eos>,13,noir,noire,11,M,P,noir,-9.519494,noire,-13.955585,1
6978,S_NOUN_8_ADJ_a,M,S,le rideau avec les micros qui était là depuis hier est aussi très délicat <eos>,13,délicat,délicate,11,M,P,délicat,-7.0208216,délicate,-10.270481,1
6979,S_NOUN_8_ADJ_a,M,S,le rideau avec les micros qui était là depuis hier est aussi très pointu <eos>,13,pointu,pointue,11,M,P,pointu,-8.651859,pointue,-14.083137,1
6980,S_NOUN_8_ADJ_a,M,S,le rideau avec les micros qui était là depuis hier est aussi très rond <eos>,13,rond,ronde,11,M,P,rond,-10.403973,ronde,-14.358164,1
6981,S_NOUN_8_ADJ_a,M,S,le rideau avec les micros qui était là depuis hier est aussi très froid <eos>,13,froid,froide,11,M,P,froid,-7.300772,froide,-12.32292,1
6982,S_NOUN_8_ADJ_a,M,S,le rideau avec les micros qui était là depuis hier est aussi très chaud <eos>,13,chaud,chaude,11,M,P,chaud,-6.574718,chaude,-10.522434,1
6983,S_NOUN_8_ADJ_a,M,S,le rideau avec les micros qui était là depuis hier est aussi très important <eos>,13,important,importante,11,M,P,important,-4.2773647,importante,-8.628832,1
6984,S_NOUN_8_ADJ_a,M,S,le rideau avec les micros qui était là depuis hier est aussi très court <eos>,13,court,courte,11,M,P,court,-5.0579453,courte,-9.506826,1
6985,S_NOUN_8_ADJ_a,M,S,le rideau avec les micros qui était là depuis hier est aussi très dur <eos>,13,dur,dure,11,M,P,dur,-4.8396177,dure,-7.5386457,1
6986,S_NOUN_8_ADJ_a,M,S,le rideau avec les micros qui était là depuis hier est aussi très clair <eos>,13,clair,claire,11,M,P,clair,-5.4924316,claire,-9.07995,1
6987,S_NOUN_8_ADJ_a,M,S,le rideau avec les micros qui était là depuis hier est aussi très intéressant <eos>,13,intéressant,intéressante,11,M,P,intéressant,-6.3449984,intéressante,-10.388094,1
6988,S_NOUN_8_ADJ_a,M,S,le rideau avec les micros qui était là depuis hier est aussi très brillant <eos>,13,brillant,brillante,11,M,P,brillant,-7.1901712,brillante,-11.338951,1
6989,S_NOUN_8_ADJ_a,M,S,le rideau avec les micros qui était là depuis hier est aussi très compliqué <eos>,13,compliqué,compliquée,11,M,P,compliqué,-5.418021,compliquée,-9.300935,1
6990,S_NOUN_8_ADJ_a,M,S,le rideau avec les sacs qui était là depuis hier est aussi très vert <eos>,13,vert,verte,11,M,P,vert,-10.403558,verte,-14.124524,1
6991,S_NOUN_8_ADJ_a,M,S,le rideau avec les sacs qui était là depuis hier est aussi très bleu <eos>,13,bleu,bleue,11,M,P,bleu,-10.9147415,bleue,-16.633175,1
6992,S_NOUN_8_ADJ_a,M,S,le rideau avec les sacs qui était là depuis hier est aussi très noir <eos>,13,noir,noire,11,M,P,noir,-9.6979,noire,-13.172431,1
6993,S_NOUN_8_ADJ_a,M,S,le rideau avec les sacs qui était là depuis hier est aussi très délicat <eos>,13,délicat,délicate,11,M,P,délicat,-7.1250405,délicate,-9.945755,1
6994,S_NOUN_8_ADJ_a,M,S,le rideau avec les sacs qui était là depuis hier est aussi très pointu <eos>,13,pointu,pointue,11,M,P,pointu,-8.184196,pointue,-13.313042,1
6995,S_NOUN_8_ADJ_a,M,S,le rideau avec les sacs qui était là depuis hier est aussi très rond <eos>,13,rond,ronde,11,M,P,rond,-10.42571,ronde,-13.435528,1
6996,S_NOUN_8_ADJ_a,M,S,le rideau avec les sacs qui était là depuis hier est aussi très froid <eos>,13,froid,froide,11,M,P,froid,-6.730812,froide,-11.747142,1
6997,S_NOUN_8_ADJ_a,M,S,le rideau avec les sacs qui était là depuis hier est aussi très chaud <eos>,13,chaud,chaude,11,M,P,chaud,-6.014187,chaude,-10.194171,1
6998,S_NOUN_8_ADJ_a,M,S,le rideau avec les sacs qui était là depuis hier est aussi très important <eos>,13,important,importante,11,M,P,important,-4.0249734,importante,-8.019623,1
6999,S_NOUN_8_ADJ_a,M,S,le rideau avec les sacs qui était là depuis hier est aussi très court <eos>,13,court,courte,11,M,P,court,-4.7855725,courte,-9.036127,1
7000,S_NOUN_8_ADJ_a,M,S,le rideau avec les sacs qui était là depuis hier est aussi très dur <eos>,13,dur,dure,11,M,P,dur,-4.8122454,dure,-7.308119,1
7001,S_NOUN_8_ADJ_a,M,S,le rideau avec les sacs qui était là depuis hier est aussi très clair <eos>,13,clair,claire,11,M,P,clair,-5.711209,claire,-9.136021,1
7002,S_NOUN_8_ADJ_a,M,S,le rideau avec les sacs qui était là depuis hier est aussi très intéressant <eos>,13,intéressant,intéressante,11,M,P,intéressant,-6.1460247,intéressante,-10.27003,1
7003,S_NOUN_8_ADJ_a,M,S,le rideau avec les sacs qui était là depuis hier est aussi très brillant <eos>,13,brillant,brillante,11,M,P,brillant,-7.5554657,brillante,-11.277989,1
7004,S_NOUN_8_ADJ_a,M,S,le rideau avec les sacs qui était là depuis hier est aussi très compliqué <eos>,13,compliqué,compliquée,11,M,P,compliqué,-6.048873,compliquée,-9.776102,1
7005,S_NOUN_8_ADJ_a,M,S,le rideau avec les claviers qui était là depuis hier est aussi très vert <eos>,13,vert,verte,11,M,P,vert,-11.102692,verte,-14.555218,1
7006,S_NOUN_8_ADJ_a,M,S,le rideau avec les claviers qui était là depuis hier est aussi très bleu <eos>,13,bleu,bleue,11,M,P,bleu,-11.236605,bleue,-16.851543,1
7007,S_NOUN_8_ADJ_a,M,S,le rideau avec les claviers qui était là depuis hier est aussi très noir <eos>,13,noir,noire,11,M,P,noir,-9.841038,noire,-13.807534,1
7008,S_NOUN_8_ADJ_a,M,S,le rideau avec les claviers qui était là depuis hier est aussi très délicat <eos>,13,délicat,délicate,11,M,P,délicat,-6.941203,délicate,-10.12738,1
7009,S_NOUN_8_ADJ_a,M,S,le rideau avec les claviers qui était là depuis hier est aussi très pointu <eos>,13,pointu,pointue,11,M,P,pointu,-8.488296,pointue,-13.869349,1
7010,S_NOUN_8_ADJ_a,M,S,le rideau avec les claviers qui était là depuis hier est aussi très rond <eos>,13,rond,ronde,11,M,P,rond,-10.379332,ronde,-14.26732,1
7011,S_NOUN_8_ADJ_a,M,S,le rideau avec les claviers qui était là depuis hier est aussi très froid <eos>,13,froid,froide,11,M,P,froid,-7.166131,froide,-12.412393,1
7012,S_NOUN_8_ADJ_a,M,S,le rideau avec les claviers qui était là depuis hier est aussi très chaud <eos>,13,chaud,chaude,11,M,P,chaud,-6.8032703,chaude,-10.314523,1
7013,S_NOUN_8_ADJ_a,M,S,le rideau avec les claviers qui était là depuis hier est aussi très important <eos>,13,important,importante,11,M,P,important,-4.3503,importante,-8.534557,1
7014,S_NOUN_8_ADJ_a,M,S,le rideau avec les claviers qui était là depuis hier est aussi très court <eos>,13,court,courte,11,M,P,court,-5.213459,courte,-9.432058,1
7015,S_NOUN_8_ADJ_a,M,S,le rideau avec les claviers qui était là depuis hier est aussi très dur <eos>,13,dur,dure,11,M,P,dur,-4.491554,dure,-7.4746594,1
7016,S_NOUN_8_ADJ_a,M,S,le rideau avec les claviers qui était là depuis hier est aussi très clair <eos>,13,clair,claire,11,M,P,clair,-5.6409397,claire,-8.863144,1
7017,S_NOUN_8_ADJ_a,M,S,le rideau avec les claviers qui était là depuis hier est aussi très intéressant <eos>,13,intéressant,intéressante,11,M,P,intéressant,-6.061111,intéressante,-10.108605,1
7018,S_NOUN_8_ADJ_a,M,S,le rideau avec les claviers qui était là depuis hier est aussi très brillant <eos>,13,brillant,brillante,11,M,P,brillant,-7.034616,brillante,-10.742508,1
7019,S_NOUN_8_ADJ_a,M,S,le rideau avec les claviers qui était là depuis hier est aussi très compliqué <eos>,13,compliqué,compliquée,11,M,P,compliqué,-5.7223196,compliquée,-9.056666,1
7020,S_NOUN_8_ADJ_a,M,S,le rideau avec les raisins qui était là depuis hier est aussi très vert <eos>,13,vert,verte,11,M,P,vert,-9.920084,verte,-14.008264,1
7021,S_NOUN_8_ADJ_a,M,S,le rideau avec les raisins qui était là depuis hier est aussi très bleu <eos>,13,bleu,bleue,11,M,P,bleu,-10.913723,bleue,-16.73131,1
7022,S_NOUN_8_ADJ_a,M,S,le rideau avec les raisins qui était là depuis hier est aussi très noir <eos>,13,noir,noire,11,M,P,noir,-9.865138,noire,-13.227284,1
7023,S_NOUN_8_ADJ_a,M,S,le rideau avec les raisins qui était là depuis hier est aussi très délicat <eos>,13,délicat,délicate,11,M,P,délicat,-6.5238934,délicate,-9.683712,1
7024,S_NOUN_8_ADJ_a,M,S,le rideau avec les raisins qui était là depuis hier est aussi très pointu <eos>,13,pointu,pointue,11,M,P,pointu,-8.436647,pointue,-13.286278,1
7025,S_NOUN_8_ADJ_a,M,S,le rideau avec les raisins qui était là depuis hier est aussi très rond <eos>,13,rond,ronde,11,M,P,rond,-10.675606,ronde,-13.09251,1
7026,S_NOUN_8_ADJ_a,M,S,le rideau avec les raisins qui était là depuis hier est aussi très froid <eos>,13,froid,froide,11,M,P,froid,-6.107334,froide,-11.416058,1
7027,S_NOUN_8_ADJ_a,M,S,le rideau avec les raisins qui était là depuis hier est aussi très chaud <eos>,13,chaud,chaude,11,M,P,chaud,-5.664714,chaude,-10.129804,1
7028,S_NOUN_8_ADJ_a,M,S,le rideau avec les raisins qui était là depuis hier est aussi très important <eos>,13,important,importante,11,M,P,important,-4.013036,importante,-7.7718773,1
7029,S_NOUN_8_ADJ_a,M,S,le rideau avec les raisins qui était là depuis hier est aussi très court <eos>,13,court,courte,11,M,P,court,-4.8001766,courte,-9.655379,1
7030,S_NOUN_8_ADJ_a,M,S,le rideau avec les raisins qui était là depuis hier est aussi très dur <eos>,13,dur,dure,11,M,P,dur,-4.117709,dure,-7.1342964,1
7031,S_NOUN_8_ADJ_a,M,S,le rideau avec les raisins qui était là depuis hier est aussi très clair <eos>,13,clair,claire,11,M,P,clair,-5.2457542,claire,-8.574849,1
7032,S_NOUN_8_ADJ_a,M,S,le rideau avec les raisins qui était là depuis hier est aussi très intéressant <eos>,13,intéressant,intéressante,11,M,P,intéressant,-6.1904263,intéressante,-10.402182,1
7033,S_NOUN_8_ADJ_a,M,S,le rideau avec les raisins qui était là depuis hier est aussi très brillant <eos>,13,brillant,brillante,11,M,P,brillant,-7.1956115,brillante,-10.736292,1
7034,S_NOUN_8_ADJ_a,M,S,le rideau avec les raisins qui était là depuis hier est aussi très compliqué <eos>,13,compliqué,compliquée,11,M,P,compliqué,-6.519809,compliquée,-10.179024,1
7035,S_NOUN_8_ADJ_a,M,S,le rideau avec les chargeurs qui était là depuis hier est aussi très vert <eos>,13,vert,verte,11,M,P,vert,-11.10835,verte,-14.823532,1
7036,S_NOUN_8_ADJ_a,M,S,le rideau avec les chargeurs qui était là depuis hier est aussi très bleu <eos>,13,bleu,bleue,11,M,P,bleu,-11.32914,bleue,-17.575253,1
7037,S_NOUN_8_ADJ_a,M,S,le rideau avec les chargeurs qui était là depuis hier est aussi très noir <eos>,13,noir,noire,11,M,P,noir,-9.831925,noire,-14.171857,1
7038,S_NOUN_8_ADJ_a,M,S,le rideau avec les chargeurs qui était là depuis hier est aussi très délicat <eos>,13,délicat,délicate,11,M,P,délicat,-7.556946,délicate,-10.128184,1
7039,S_NOUN_8_ADJ_a,M,S,le rideau avec les chargeurs qui était là depuis hier est aussi très pointu <eos>,13,pointu,pointue,11,M,P,pointu,-8.565955,pointue,-12.948216,1
7040,S_NOUN_8_ADJ_a,M,S,le rideau avec les chargeurs qui était là depuis hier est aussi très rond <eos>,13,rond,ronde,11,M,P,rond,-10.328505,ronde,-13.845533,1
7041,S_NOUN_8_ADJ_a,M,S,le rideau avec les chargeurs qui était là depuis hier est aussi très froid <eos>,13,froid,froide,11,M,P,froid,-7.183853,froide,-11.95212,1
7042,S_NOUN_8_ADJ_a,M,S,le rideau avec les chargeurs qui était là depuis hier est aussi très chaud <eos>,13,chaud,chaude,11,M,P,chaud,-6.962141,chaude,-10.805668,1
7043,S_NOUN_8_ADJ_a,M,S,le rideau avec les chargeurs qui était là depuis hier est aussi très important <eos>,13,important,importante,11,M,P,important,-3.4951067,importante,-7.5830593,1
7044,S_NOUN_8_ADJ_a,M,S,le rideau avec les chargeurs qui était là depuis hier est aussi très court <eos>,13,court,courte,11,M,P,court,-4.57616,courte,-8.556551,1
7045,S_NOUN_8_ADJ_a,M,S,le rideau avec les chargeurs qui était là depuis hier est aussi très dur <eos>,13,dur,dure,11,M,P,dur,-5.1057043,dure,-8.442027,1
7046,S_NOUN_8_ADJ_a,M,S,le rideau avec les chargeurs qui était là depuis hier est aussi très clair <eos>,13,clair,claire,11,M,P,clair,-6.4994516,claire,-10.177836,1
7047,S_NOUN_8_ADJ_a,M,S,le rideau avec les chargeurs qui était là depuis hier est aussi très intéressant <eos>,13,intéressant,intéressante,11,M,P,intéressant,-6.1602955,intéressante,-9.964839,1
7048,S_NOUN_8_ADJ_a,M,S,le rideau avec les chargeurs qui était là depuis hier est aussi très brillant <eos>,13,brillant,brillante,11,M,P,brillant,-7.9490414,brillante,-11.856971,1
7049,S_NOUN_8_ADJ_a,M,S,le rideau avec les chargeurs qui était là depuis hier est aussi très compliqué <eos>,13,compliqué,compliquée,11,M,P,compliqué,-5.599222,compliquée,-9.468071,1
7050,S_NOUN_8_ADJ_a,M,S,le rideau avec les vases qui était là depuis hier est aussi très vert <eos>,13,vert,verte,11,M,P,vert,-10.552181,verte,-13.776021,1
7051,S_NOUN_8_ADJ_a,M,S,le rideau avec les vases qui était là depuis hier est aussi très bleu <eos>,13,bleu,bleue,11,M,P,bleu,-11.001514,bleue,-16.176847,1
7052,S_NOUN_8_ADJ_a,M,S,le rideau avec les vases qui était là depuis hier est aussi très noir <eos>,13,noir,noire,11,M,P,noir,-10.21484,noire,-12.8609495,1
7053,S_NOUN_8_ADJ_a,M,S,le rideau avec les vases qui était là depuis hier est aussi très délicat <eos>,13,délicat,délicate,11,M,P,délicat,-7.0133233,délicate,-9.967381,1
7054,S_NOUN_8_ADJ_a,M,S,le rideau avec les vases qui était là depuis hier est aussi très pointu <eos>,13,pointu,pointue,11,M,P,pointu,-8.325367,pointue,-13.098253,1
7055,S_NOUN_8_ADJ_a,M,S,le rideau avec les vases qui était là depuis hier est aussi très rond <eos>,13,rond,ronde,11,M,P,rond,-10.27722,ronde,-13.097277,1
7056,S_NOUN_8_ADJ_a,M,S,le rideau avec les vases qui était là depuis hier est aussi très froid <eos>,13,froid,froide,11,M,P,froid,-7.579673,froide,-11.835668,1
7057,S_NOUN_8_ADJ_a,M,S,le rideau avec les vases qui était là depuis hier est aussi très chaud <eos>,13,chaud,chaude,11,M,P,chaud,-6.696208,chaude,-10.454714,1
7058,S_NOUN_8_ADJ_a,M,S,le rideau avec les vases qui était là depuis hier est aussi très important <eos>,13,important,importante,11,M,P,important,-4.443824,importante,-8.285081,1
7059,S_NOUN_8_ADJ_a,M,S,le rideau avec les vases qui était là depuis hier est aussi très court <eos>,13,court,courte,11,M,P,court,-4.778276,courte,-9.140152,1
7060,S_NOUN_8_ADJ_a,M,S,le rideau avec les vases qui était là depuis hier est aussi très dur <eos>,13,dur,dure,11,M,P,dur,-4.8380556,dure,-7.4806757,1
7061,S_NOUN_8_ADJ_a,M,S,le rideau avec les vases qui était là depuis hier est aussi très clair <eos>,13,clair,claire,11,M,P,clair,-5.523926,claire,-8.697724,1
7062,S_NOUN_8_ADJ_a,M,S,le rideau avec les vases qui était là depuis hier est aussi très intéressant <eos>,13,intéressant,intéressante,11,M,P,intéressant,-6.2049246,intéressante,-10.331485,1
7063,S_NOUN_8_ADJ_a,M,S,le rideau avec les vases qui était là depuis hier est aussi très brillant <eos>,13,brillant,brillante,11,M,P,brillant,-7.2691474,brillante,-10.504869,1
7064,S_NOUN_8_ADJ_a,M,S,le rideau avec les vases qui était là depuis hier est aussi très compliqué <eos>,13,compliqué,compliquée,11,M,P,compliqué,-6.3807163,compliquée,-9.900131,1
7065,S_NOUN_8_ADJ_a,M,S,le rideau avec les paniers qui était là depuis hier est aussi très vert <eos>,13,vert,verte,11,M,P,vert,-10.448587,verte,-13.866583,1
7066,S_NOUN_8_ADJ_a,M,S,le rideau avec les paniers qui était là depuis hier est aussi très bleu <eos>,13,bleu,bleue,11,M,P,bleu,-10.756256,bleue,-16.261335,1
7067,S_NOUN_8_ADJ_a,M,S,le rideau avec les paniers qui était là depuis hier est aussi très noir <eos>,13,noir,noire,11,M,P,noir,-9.653334,noire,-12.742421,1
7068,S_NOUN_8_ADJ_a,M,S,le rideau avec les paniers qui était là depuis hier est aussi très délicat <eos>,13,délicat,délicate,11,M,P,délicat,-7.0205183,délicate,-10.165761,1
7069,S_NOUN_8_ADJ_a,M,S,le rideau avec les paniers qui était là depuis hier est aussi très pointu <eos>,13,pointu,pointue,11,M,P,pointu,-7.7749753,pointue,-12.820784,1
7070,S_NOUN_8_ADJ_a,M,S,le rideau avec les paniers qui était là depuis hier est aussi très rond <eos>,13,rond,ronde,11,M,P,rond,-10.078224,ronde,-13.087124,1
7071,S_NOUN_8_ADJ_a,M,S,le rideau avec les paniers qui était là depuis hier est aussi très froid <eos>,13,froid,froide,11,M,P,froid,-7.363275,froide,-11.988295,1
7072,S_NOUN_8_ADJ_a,M,S,le rideau avec les paniers qui était là depuis hier est aussi très chaud <eos>,13,chaud,chaude,11,M,P,chaud,-6.5153418,chaude,-10.693702,1
7073,S_NOUN_8_ADJ_a,M,S,le rideau avec les paniers qui était là depuis hier est aussi très important <eos>,13,important,importante,11,M,P,important,-4.4879727,importante,-8.52426,1
7074,S_NOUN_8_ADJ_a,M,S,le rideau avec les paniers qui était là depuis hier est aussi très court <eos>,13,court,courte,11,M,P,court,-4.472692,courte,-8.716244,1
7075,S_NOUN_8_ADJ_a,M,S,le rideau avec les paniers qui était là depuis hier est aussi très dur <eos>,13,dur,dure,11,M,P,dur,-4.830562,dure,-7.506601,1
7076,S_NOUN_8_ADJ_a,M,S,le rideau avec les paniers qui était là depuis hier est aussi très clair <eos>,13,clair,claire,11,M,P,clair,-5.524508,claire,-8.873686,1
7077,S_NOUN_8_ADJ_a,M,S,le rideau avec les paniers qui était là depuis hier est aussi très intéressant <eos>,13,intéressant,intéressante,11,M,P,intéressant,-6.2658052,intéressante,-10.31592,1
7078,S_NOUN_8_ADJ_a,M,S,le rideau avec les paniers qui était là depuis hier est aussi très brillant <eos>,13,brillant,brillante,11,M,P,brillant,-7.5357213,brillante,-11.109953,1
7079,S_NOUN_8_ADJ_a,M,S,le rideau avec les paniers qui était là depuis hier est aussi très compliqué <eos>,13,compliqué,compliquée,11,M,P,compliqué,-5.8347473,compliquée,-9.44749,1
7080,S_NOUN_8_ADJ_a,M,S,le rideau avec les colliers qui était là depuis hier est aussi très vert <eos>,13,vert,verte,11,M,P,vert,-10.63886,verte,-13.94898,1
7081,S_NOUN_8_ADJ_a,M,S,le rideau avec les colliers qui était là depuis hier est aussi très bleu <eos>,13,bleu,bleue,11,M,P,bleu,-10.9597025,bleue,-16.27903,1
7082,S_NOUN_8_ADJ_a,M,S,le rideau avec les colliers qui était là depuis hier est aussi très noir <eos>,13,noir,noire,11,M,P,noir,-10.0603485,noire,-12.909151,1
7083,S_NOUN_8_ADJ_a,M,S,le rideau avec les colliers qui était là depuis hier est aussi très délicat <eos>,13,délicat,délicate,11,M,P,délicat,-6.956518,délicate,-9.804755,1
7084,S_NOUN_8_ADJ_a,M,S,le rideau avec les colliers qui était là depuis hier est aussi très pointu <eos>,13,pointu,pointue,11,M,P,pointu,-8.152227,pointue,-12.638367,1
7085,S_NOUN_8_ADJ_a,M,S,le rideau avec les colliers qui était là depuis hier est aussi très rond <eos>,13,rond,ronde,11,M,P,rond,-10.398344,ronde,-13.237469,1
7086,S_NOUN_8_ADJ_a,M,S,le rideau avec les colliers qui était là depuis hier est aussi très froid <eos>,13,froid,froide,11,M,P,froid,-7.87751,froide,-11.98568,1
7087,S_NOUN_8_ADJ_a,M,S,le rideau avec les colliers qui était là depuis hier est aussi très chaud <eos>,13,chaud,chaude,11,M,P,chaud,-7.182784,chaude,-10.761764,1
7088,S_NOUN_8_ADJ_a,M,S,le rideau avec les colliers qui était là depuis hier est aussi très important <eos>,13,important,importante,11,M,P,important,-4.4414053,importante,-8.226304,1
7089,S_NOUN_8_ADJ_a,M,S,le rideau avec les colliers qui était là depuis hier est aussi très court <eos>,13,court,courte,11,M,P,court,-4.582452,courte,-8.551498,1
7090,S_NOUN_8_ADJ_a,M,S,le rideau avec les colliers qui était là depuis hier est aussi très dur <eos>,13,dur,dure,11,M,P,dur,-4.962077,dure,-7.5455456,1
7091,S_NOUN_8_ADJ_a,M,S,le rideau avec les colliers qui était là depuis hier est aussi très clair <eos>,13,clair,claire,11,M,P,clair,-5.5764008,claire,-8.944793,1
7092,S_NOUN_8_ADJ_a,M,S,le rideau avec les colliers qui était là depuis hier est aussi très intéressant <eos>,13,intéressant,intéressante,11,M,P,intéressant,-6.309454,intéressante,-10.277287,1
7093,S_NOUN_8_ADJ_a,M,S,le rideau avec les colliers qui était là depuis hier est aussi très brillant <eos>,13,brillant,brillante,11,M,P,brillant,-7.3899,brillante,-10.6427355,1
7094,S_NOUN_8_ADJ_a,M,S,le rideau avec les colliers qui était là depuis hier est aussi très compliqué <eos>,13,compliqué,compliquée,11,M,P,compliqué,-5.8262,compliquée,-9.487169,1
7095,S_NOUN_8_ADJ_a,M,S,le rideau avec les chapeaux qui était là depuis hier est aussi très vert <eos>,13,vert,verte,11,M,P,vert,-10.506891,verte,-13.836262,1
7096,S_NOUN_8_ADJ_a,M,S,le rideau avec les chapeaux qui était là depuis hier est aussi très bleu <eos>,13,bleu,bleue,11,M,P,bleu,-10.583244,bleue,-16.247013,1
7097,S_NOUN_8_ADJ_a,M,S,le rideau avec les chapeaux qui était là depuis hier est aussi très noir <eos>,13,noir,noire,11,M,P,noir,-9.502475,noire,-12.93936,1
7098,S_NOUN_8_ADJ_a,M,S,le rideau avec les chapeaux qui était là depuis hier est aussi très délicat <eos>,13,délicat,délicate,11,M,P,délicat,-7.2645726,délicate,-10.587948,1
7099,S_NOUN_8_ADJ_a,M,S,le rideau avec les chapeaux qui était là depuis hier est aussi très pointu <eos>,13,pointu,pointue,11,M,P,pointu,-8.153756,pointue,-13.37045,1
7100,S_NOUN_8_ADJ_a,M,S,le rideau avec les chapeaux qui était là depuis hier est aussi très rond <eos>,13,rond,ronde,11,M,P,rond,-10.3453665,ronde,-13.636202,1
7101,S_NOUN_8_ADJ_a,M,S,le rideau avec les chapeaux qui était là depuis hier est aussi très froid <eos>,13,froid,froide,11,M,P,froid,-7.3731136,froide,-12.223284,1
7102,S_NOUN_8_ADJ_a,M,S,le rideau avec les chapeaux qui était là depuis hier est aussi très chaud <eos>,13,chaud,chaude,11,M,P,chaud,-6.8217497,chaude,-10.831155,1
7103,S_NOUN_8_ADJ_a,M,S,le rideau avec les chapeaux qui était là depuis hier est aussi très important <eos>,13,important,importante,11,M,P,important,-4.4885178,importante,-8.620233,1
7104,S_NOUN_8_ADJ_a,M,S,le rideau avec les chapeaux qui était là depuis hier est aussi très court <eos>,13,court,courte,11,M,P,court,-4.5666733,courte,-8.834934,1
7105,S_NOUN_8_ADJ_a,M,S,le rideau avec les chapeaux qui était là depuis hier est aussi très dur <eos>,13,dur,dure,11,M,P,dur,-5.3617997,dure,-7.830131,1
7106,S_NOUN_8_ADJ_a,M,S,le rideau avec les chapeaux qui était là depuis hier est aussi très clair <eos>,13,clair,claire,11,M,P,clair,-5.717134,claire,-9.079412,1
7107,S_NOUN_8_ADJ_a,M,S,le rideau avec les chapeaux qui était là depuis hier est aussi très intéressant <eos>,13,intéressant,intéressante,11,M,P,intéressant,-6.355667,intéressante,-10.402247,1
7108,S_NOUN_8_ADJ_a,M,S,le rideau avec les chapeaux qui était là depuis hier est aussi très brillant <eos>,13,brillant,brillante,11,M,P,brillant,-7.669765,brillante,-11.170095,1
7109,S_NOUN_8_ADJ_a,M,S,le rideau avec les chapeaux qui était là depuis hier est aussi très compliqué <eos>,13,compliqué,compliquée,11,M,P,compliqué,-5.9872165,compliquée,-9.955385,1
7110,S_NOUN_8_ADJ_a,M,S,le rideau avec les pots qui était là depuis hier est aussi très vert <eos>,13,vert,verte,11,M,P,vert,-10.035093,verte,-13.901252,1
7111,S_NOUN_8_ADJ_a,M,S,le rideau avec les pots qui était là depuis hier est aussi très bleu <eos>,13,bleu,bleue,11,M,P,bleu,-10.852553,bleue,-16.66305,1
7112,S_NOUN_8_ADJ_a,M,S,le rideau avec les pots qui était là depuis hier est aussi très noir <eos>,13,noir,noire,11,M,P,noir,-9.759663,noire,-13.333495,1
7113,S_NOUN_8_ADJ_a,M,S,le rideau avec les pots qui était là depuis hier est aussi très délicat <eos>,13,délicat,délicate,11,M,P,délicat,-6.8577633,délicate,-9.805629,1
7114,S_NOUN_8_ADJ_a,M,S,le rideau avec les pots qui était là depuis hier est aussi très pointu <eos>,13,pointu,pointue,11,M,P,pointu,-8.434644,pointue,-13.143463,1
7115,S_NOUN_8_ADJ_a,M,S,le rideau avec les pots qui était là depuis hier est aussi très rond <eos>,13,rond,ronde,11,M,P,rond,-10.262576,ronde,-12.973654,1
7116,S_NOUN_8_ADJ_a,M,S,le rideau avec les pots qui était là depuis hier est aussi très froid <eos>,13,froid,froide,11,M,P,froid,-6.7522,froide,-11.383153,1
7117,S_NOUN_8_ADJ_a,M,S,le rideau avec les pots qui était là depuis hier est aussi très chaud <eos>,13,chaud,chaude,11,M,P,chaud,-5.7058,chaude,-9.682406,1
7118,S_NOUN_8_ADJ_a,M,S,le rideau avec les pots qui était là depuis hier est aussi très important <eos>,13,important,importante,11,M,P,important,-4.234516,importante,-8.051854,1
7119,S_NOUN_8_ADJ_a,M,S,le rideau avec les pots qui était là depuis hier est aussi très court <eos>,13,court,courte,11,M,P,court,-5.0687156,courte,-9.375544,1
7120,S_NOUN_8_ADJ_a,M,S,le rideau avec les pots qui était là depuis hier est aussi très dur <eos>,13,dur,dure,11,M,P,dur,-4.4493,dure,-7.4598303,1
7121,S_NOUN_8_ADJ_a,M,S,le rideau avec les pots qui était là depuis hier est aussi très clair <eos>,13,clair,claire,11,M,P,clair,-5.786765,claire,-9.085772,1
7122,S_NOUN_8_ADJ_a,M,S,le rideau avec les pots qui était là depuis hier est aussi très intéressant <eos>,13,intéressant,intéressante,11,M,P,intéressant,-6.188578,intéressante,-10.09601,1
7123,S_NOUN_8_ADJ_a,M,S,le rideau avec les pots qui était là depuis hier est aussi très brillant <eos>,13,brillant,brillante,11,M,P,brillant,-7.138286,brillante,-10.718454,1
7124,S_NOUN_8_ADJ_a,M,S,le rideau avec les pots qui était là depuis hier est aussi très compliqué <eos>,13,compliqué,compliquée,11,M,P,compliqué,-6.12088,compliquée,-9.785072,1
7125,S_NOUN_8_ADJ_a,M,S,le rideau avec les coussins qui était là depuis hier est aussi très vert <eos>,13,vert,verte,11,M,P,vert,-10.57832,verte,-14.165176,1
7126,S_NOUN_8_ADJ_a,M,S,le rideau avec les coussins qui était là depuis hier est aussi très bleu <eos>,13,bleu,bleue,11,M,P,bleu,-10.893148,bleue,-16.538157,1
7127,S_NOUN_8_ADJ_a,M,S,le rideau avec les coussins qui était là depuis hier est aussi très noir <eos>,13,noir,noire,11,M,P,noir,-9.711028,noire,-13.3380785,1
7128,S_NOUN_8_ADJ_a,M,S,le rideau avec les coussins qui était là depuis hier est aussi très délicat <eos>,13,délicat,délicate,11,M,P,délicat,-7.244686,délicate,-10.42552,1
7129,S_NOUN_8_ADJ_a,M,S,le rideau avec les coussins qui était là depuis hier est aussi très pointu <eos>,13,pointu,pointue,11,M,P,pointu,-8.14054,pointue,-13.084055,1
7130,S_NOUN_8_ADJ_a,M,S,le rideau avec les coussins qui était là depuis hier est aussi très rond <eos>,13,rond,ronde,11,M,P,rond,-10.287614,ronde,-13.413777,1
7131,S_NOUN_8_ADJ_a,M,S,le rideau avec les coussins qui était là depuis hier est aussi très froid <eos>,13,froid,froide,11,M,P,froid,-7.420955,froide,-11.939829,1
7132,S_NOUN_8_ADJ_a,M,S,le rideau avec les coussins qui était là depuis hier est aussi très chaud <eos>,13,chaud,chaude,11,M,P,chaud,-6.7136765,chaude,-10.360456,1
7133,S_NOUN_8_ADJ_a,M,S,le rideau avec les coussins qui était là depuis hier est aussi très important <eos>,13,important,importante,11,M,P,important,-4.4599447,importante,-8.481663,1
7134,S_NOUN_8_ADJ_a,M,S,le rideau avec les coussins qui était là depuis hier est aussi très court <eos>,13,court,courte,11,M,P,court,-4.6499205,courte,-9.015997,1
7135,S_NOUN_8_ADJ_a,M,S,le rideau avec les coussins qui était là depuis hier est aussi très dur <eos>,13,dur,dure,11,M,P,dur,-5.229341,dure,-7.704766,1
7136,S_NOUN_8_ADJ_a,M,S,le rideau avec les coussins qui était là depuis hier est aussi très clair <eos>,13,clair,claire,11,M,P,clair,-5.9709663,claire,-9.228596,1
7137,S_NOUN_8_ADJ_a,M,S,le rideau avec les coussins qui était là depuis hier est aussi très intéressant <eos>,13,intéressant,intéressante,11,M,P,intéressant,-6.256917,intéressante,-10.201378,1
7138,S_NOUN_8_ADJ_a,M,S,le rideau avec les coussins qui était là depuis hier est aussi très brillant <eos>,13,brillant,brillante,11,M,P,brillant,-7.6582875,brillante,-11.421909,1
7139,S_NOUN_8_ADJ_a,M,S,le rideau avec les coussins qui était là depuis hier est aussi très compliqué <eos>,13,compliqué,compliquée,11,M,P,compliqué,-5.718766,compliquée,-9.386503,1
7140,S_NOUN_8_ADJ_a,M,S,le rideau avec les jouets qui était là depuis hier est aussi très vert <eos>,13,vert,verte,11,M,P,vert,-10.592727,verte,-13.962517,1
7141,S_NOUN_8_ADJ_a,M,S,le rideau avec les jouets qui était là depuis hier est aussi très bleu <eos>,13,bleu,bleue,11,M,P,bleu,-10.827288,bleue,-16.68079,1
7142,S_NOUN_8_ADJ_a,M,S,le rideau avec les jouets qui était là depuis hier est aussi très noir <eos>,13,noir,noire,11,M,P,noir,-9.394569,noire,-13.773191,1
7143,S_NOUN_8_ADJ_a,M,S,le rideau avec les jouets qui était là depuis hier est aussi très délicat <eos>,13,délicat,délicate,11,M,P,délicat,-7.551588,délicate,-10.712098,1
7144,S_NOUN_8_ADJ_a,M,S,le rideau avec les jouets qui était là depuis hier est aussi très pointu <eos>,13,pointu,pointue,11,M,P,pointu,-8.514166,pointue,-14.144562,1
7145,S_NOUN_8_ADJ_a,M,S,le rideau avec les jouets qui était là depuis hier est aussi très rond <eos>,13,rond,ronde,11,M,P,rond,-10.780431,ronde,-14.6632805,1
7146,S_NOUN_8_ADJ_a,M,S,le rideau avec les jouets qui était là depuis hier est aussi très froid <eos>,13,froid,froide,11,M,P,froid,-6.8077464,froide,-12.025333,1
7147,S_NOUN_8_ADJ_a,M,S,le rideau avec les jouets qui était là depuis hier est aussi très chaud <eos>,13,chaud,chaude,11,M,P,chaud,-6.517613,chaude,-10.559879,1
7148,S_NOUN_8_ADJ_a,M,S,le rideau avec les jouets qui était là depuis hier est aussi très important <eos>,13,important,importante,11,M,P,important,-4.2579427,importante,-8.279636,1
7149,S_NOUN_8_ADJ_a,M,S,le rideau avec les jouets qui était là depuis hier est aussi très court <eos>,13,court,courte,11,M,P,court,-4.932912,courte,-9.555812,1
7150,S_NOUN_8_ADJ_a,M,S,le rideau avec les jouets qui était là depuis hier est aussi très dur <eos>,13,dur,dure,11,M,P,dur,-5.42162,dure,-7.805366,1
7151,S_NOUN_8_ADJ_a,M,S,le rideau avec les jouets qui était là depuis hier est aussi très clair <eos>,13,clair,claire,11,M,P,clair,-5.940699,claire,-9.088863,1
7152,S_NOUN_8_ADJ_a,M,S,le rideau avec les jouets qui était là depuis hier est aussi très intéressant <eos>,13,intéressant,intéressante,11,M,P,intéressant,-6.071199,intéressante,-10.150638,1
7153,S_NOUN_8_ADJ_a,M,S,le rideau avec les jouets qui était là depuis hier est aussi très brillant <eos>,13,brillant,brillante,11,M,P,brillant,-7.6371727,brillante,-11.171738,1
7154,S_NOUN_8_ADJ_a,M,S,le rideau avec les jouets qui était là depuis hier est aussi très compliqué <eos>,13,compliqué,compliquée,11,M,P,compliqué,-6.1334276,compliquée,-9.748417,1
7155,S_NOUN_8_ADJ_a,M,S,le rideau avec les clous qui était là depuis hier est aussi très vert <eos>,13,vert,verte,11,M,P,vert,-10.343295,verte,-14.1908245,1
7156,S_NOUN_8_ADJ_a,M,S,le rideau avec les clous qui était là depuis hier est aussi très bleu <eos>,13,bleu,bleue,11,M,P,bleu,-10.859168,bleue,-16.519642,1
7157,S_NOUN_8_ADJ_a,M,S,le rideau avec les clous qui était là depuis hier est aussi très noir <eos>,13,noir,noire,11,M,P,noir,-9.7682705,noire,-13.095144,1
7158,S_NOUN_8_ADJ_a,M,S,le rideau avec les clous qui était là depuis hier est aussi très délicat <eos>,13,délicat,délicate,11,M,P,délicat,-6.739032,délicate,-9.730199,1
7159,S_NOUN_8_ADJ_a,M,S,le rideau avec les clous qui était là depuis hier est aussi très pointu <eos>,13,pointu,pointue,11,M,P,pointu,-7.9672747,pointue,-12.922588,1
7160,S_NOUN_8_ADJ_a,M,S,le rideau avec les clous qui était là depuis hier est aussi très rond <eos>,13,rond,ronde,11,M,P,rond,-10.243213,ronde,-13.240182,1
7161,S_NOUN_8_ADJ_a,M,S,le rideau avec les clous qui était là depuis hier est aussi très froid <eos>,13,froid,froide,11,M,P,froid,-6.930368,froide,-11.600767,1
7162,S_NOUN_8_ADJ_a,M,S,le rideau avec les clous qui était là depuis hier est aussi très chaud <eos>,13,chaud,chaude,11,M,P,chaud,-6.4120865,chaude,-10.57123,1
7163,S_NOUN_8_ADJ_a,M,S,le rideau avec les clous qui était là depuis hier est aussi très important <eos>,13,important,importante,11,M,P,important,-4.337567,importante,-8.42713,1
7164,S_NOUN_8_ADJ_a,M,S,le rideau avec les clous qui était là depuis hier est aussi très court <eos>,13,court,courte,11,M,P,court,-4.5393324,courte,-8.971023,1
7165,S_NOUN_8_ADJ_a,M,S,le rideau avec les clous qui était là depuis hier est aussi très dur <eos>,13,dur,dure,11,M,P,dur,-4.5500164,dure,-7.3775473,1
7166,S_NOUN_8_ADJ_a,M,S,le rideau avec les clous qui était là depuis hier est aussi très clair <eos>,13,clair,claire,11,M,P,clair,-5.5508375,claire,-8.9433365,1
7167,S_NOUN_8_ADJ_a,M,S,le rideau avec les clous qui était là depuis hier est aussi très intéressant <eos>,13,intéressant,intéressante,11,M,P,intéressant,-6.115306,intéressante,-10.357646,1
7168,S_NOUN_8_ADJ_a,M,S,le rideau avec les clous qui était là depuis hier est aussi très brillant <eos>,13,brillant,brillante,11,M,P,brillant,-7.5570354,brillante,-11.185768,1
7169,S_NOUN_8_ADJ_a,M,S,le rideau avec les clous qui était là depuis hier est aussi très compliqué <eos>,13,compliqué,compliquée,11,M,P,compliqué,-5.9259777,compliquée,-9.544318,1
7170,S_NOUN_8_ADJ_a,M,S,le rideau avec les billets qui était là depuis hier est aussi très vert <eos>,13,vert,verte,11,M,P,vert,-10.47263,verte,-14.4142685,1
7171,S_NOUN_8_ADJ_a,M,S,le rideau avec les billets qui était là depuis hier est aussi très bleu <eos>,13,bleu,bleue,11,M,P,bleu,-10.606958,bleue,-17.39588,1
7172,S_NOUN_8_ADJ_a,M,S,le rideau avec les billets qui était là depuis hier est aussi très noir <eos>,13,noir,noire,11,M,P,noir,-9.44115,noire,-14.280952,1
7173,S_NOUN_8_ADJ_a,M,S,le rideau avec les billets qui était là depuis hier est aussi très délicat <eos>,13,délicat,délicate,11,M,P,délicat,-7.460151,délicate,-10.730486,1
7174,S_NOUN_8_ADJ_a,M,S,le rideau avec les billets qui était là depuis hier est aussi très pointu <eos>,13,pointu,pointue,11,M,P,pointu,-9.337599,pointue,-14.145388,1
7175,S_NOUN_8_ADJ_a,M,S,le rideau avec les billets qui était là depuis hier est aussi très rond <eos>,13,rond,ronde,11,M,P,rond,-10.994169,ronde,-14.676578,1
7176,S_NOUN_8_ADJ_a,M,S,le rideau avec les billets qui était là depuis hier est aussi très froid <eos>,13,froid,froide,11,M,P,froid,-7.891095,froide,-13.049353,1
7177,S_NOUN_8_ADJ_a,M,S,le rideau avec les billets qui était là depuis hier est aussi très chaud <eos>,13,chaud,chaude,11,M,P,chaud,-7.2718673,chaude,-11.096834,1
7178,S_NOUN_8_ADJ_a,M,S,le rideau avec les billets qui était là depuis hier est aussi très important <eos>,13,important,importante,11,M,P,important,-3.7384262,importante,-7.9009686,1
7179,S_NOUN_8_ADJ_a,M,S,le rideau avec les billets qui était là depuis hier est aussi très court <eos>,13,court,courte,11,M,P,court,-4.5270014,courte,-8.843082,1
7180,S_NOUN_8_ADJ_a,M,S,le rideau avec les billets qui était là depuis hier est aussi très dur <eos>,13,dur,dure,11,M,P,dur,-5.733306,dure,-8.896977,1
7181,S_NOUN_8_ADJ_a,M,S,le rideau avec les billets qui était là depuis hier est aussi très clair <eos>,13,clair,claire,11,M,P,clair,-6.174123,claire,-9.825971,1
7182,S_NOUN_8_ADJ_a,M,S,le rideau avec les billets qui était là depuis hier est aussi très intéressant <eos>,13,intéressant,intéressante,11,M,P,intéressant,-6.055703,intéressante,-9.638329,1
7183,S_NOUN_8_ADJ_a,M,S,le rideau avec les billets qui était là depuis hier est aussi très brillant <eos>,13,brillant,brillante,11,M,P,brillant,-8.002939,brillante,-11.761089,1
7184,S_NOUN_8_ADJ_a,M,S,le rideau avec les billets qui était là depuis hier est aussi très compliqué <eos>,13,compliqué,compliquée,11,M,P,compliqué,-5.9837465,compliquée,-10.179949,1
7185,S_NOUN_8_ADJ_a,M,S,le rideau avec les légumes qui était là depuis hier est aussi très vert <eos>,13,vert,verte,11,M,P,vert,-10.32061,verte,-14.027494,1
7186,S_NOUN_8_ADJ_a,M,S,le rideau avec les légumes qui était là depuis hier est aussi très bleu <eos>,13,bleu,bleue,11,M,P,bleu,-11.057795,bleue,-16.578081,1
7187,S_NOUN_8_ADJ_a,M,S,le rideau avec les légumes qui était là depuis hier est aussi très noir <eos>,13,noir,noire,11,M,P,noir,-9.916565,noire,-13.453785,1
7188,S_NOUN_8_ADJ_a,M,S,le rideau avec les légumes qui était là depuis hier est aussi très délicat <eos>,13,délicat,délicate,11,M,P,délicat,-6.7960835,délicate,-9.892843,1
7189,S_NOUN_8_ADJ_a,M,S,le rideau avec les légumes qui était là depuis hier est aussi très pointu <eos>,13,pointu,pointue,11,M,P,pointu,-8.263218,pointue,-13.702443,1
7190,S_NOUN_8_ADJ_a,M,S,le rideau avec les légumes qui était là depuis hier est aussi très rond <eos>,13,rond,ronde,11,M,P,rond,-10.54799,ronde,-13.667374,1
7191,S_NOUN_8_ADJ_a,M,S,le rideau avec les légumes qui était là depuis hier est aussi très froid <eos>,13,froid,froide,11,M,P,froid,-6.2605515,froide,-11.225302,1
7192,S_NOUN_8_ADJ_a,M,S,le rideau avec les légumes qui était là depuis hier est aussi très chaud <eos>,13,chaud,chaude,11,M,P,chaud,-5.8114347,chaude,-9.875873,1
7193,S_NOUN_8_ADJ_a,M,S,le rideau avec les légumes qui était là depuis hier est aussi très important <eos>,13,important,importante,11,M,P,important,-4.0695634,importante,-7.9099717,1
7194,S_NOUN_8_ADJ_a,M,S,le rideau avec les légumes qui était là depuis hier est aussi très court <eos>,13,court,courte,11,M,P,court,-5.184521,courte,-9.608665,1
7195,S_NOUN_8_ADJ_a,M,S,le rideau avec les légumes qui était là depuis hier est aussi très dur <eos>,13,dur,dure,11,M,P,dur,-4.865797,dure,-7.2711935,1
7196,S_NOUN_8_ADJ_a,M,S,le rideau avec les légumes qui était là depuis hier est aussi très clair <eos>,13,clair,claire,11,M,P,clair,-5.502446,claire,-8.926989,1
7197,S_NOUN_8_ADJ_a,M,S,le rideau avec les légumes qui était là depuis hier est aussi très intéressant <eos>,13,intéressant,intéressante,11,M,P,intéressant,-6.316716,intéressante,-10.4891205,1
7198,S_NOUN_8_ADJ_a,M,S,le rideau avec les légumes qui était là depuis hier est aussi très brillant <eos>,13,brillant,brillante,11,M,P,brillant,-7.583033,brillante,-11.141722,1
7199,S_NOUN_8_ADJ_a,M,S,le rideau avec les légumes qui était là depuis hier est aussi très compliqué <eos>,13,compliqué,compliquée,11,M,P,compliqué,-6.5953617,compliquée,-10.344276,1
7200,S_NOUN_8_ADJ_a,M,S,le cahier avec les bracelets qui était là depuis hier est aussi très vert <eos>,13,vert,verte,11,M,P,vert,-10.59975,verte,-14.927819,1
7201,S_NOUN_8_ADJ_a,M,S,le cahier avec les bracelets qui était là depuis hier est aussi très bleu <eos>,13,bleu,bleue,11,M,P,bleu,-11.102734,bleue,-16.677809,1
7202,S_NOUN_8_ADJ_a,M,S,le cahier avec les bracelets qui était là depuis hier est aussi très noir <eos>,13,noir,noire,11,M,P,noir,-10.15029,noire,-14.589485,1
7203,S_NOUN_8_ADJ_a,M,S,le cahier avec les bracelets qui était là depuis hier est aussi très délicat <eos>,13,délicat,délicate,11,M,P,délicat,-7.0099435,délicate,-9.253885,1
7204,S_NOUN_8_ADJ_a,M,S,le cahier avec les bracelets qui était là depuis hier est aussi très pointu <eos>,13,pointu,pointue,11,M,P,pointu,-8.6812315,pointue,-13.503619,1
7205,S_NOUN_8_ADJ_a,M,S,le cahier avec les bracelets qui était là depuis hier est aussi très rond <eos>,13,rond,ronde,11,M,P,rond,-10.795359,ronde,-14.295556,1
7206,S_NOUN_8_ADJ_a,M,S,le cahier avec les bracelets qui était là depuis hier est aussi très froid <eos>,13,froid,froide,11,M,P,froid,-7.77128,froide,-13.089468,1
7207,S_NOUN_8_ADJ_a,M,S,le cahier avec les bracelets qui était là depuis hier est aussi très chaud <eos>,13,chaud,chaude,11,M,P,chaud,-7.2395144,chaude,-11.703287,1
7208,S_NOUN_8_ADJ_a,M,S,le cahier avec les bracelets qui était là depuis hier est aussi très important <eos>,13,important,importante,11,M,P,important,-4.7526045,importante,-9.011112,1
7209,S_NOUN_8_ADJ_a,M,S,le cahier avec les bracelets qui était là depuis hier est aussi très court <eos>,13,court,courte,11,M,P,court,-4.7151475,courte,-9.324034,1
7210,S_NOUN_8_ADJ_a,M,S,le cahier avec les bracelets qui était là depuis hier est aussi très dur <eos>,13,dur,dure,11,M,P,dur,-5.24761,dure,-7.9718447,1
7211,S_NOUN_8_ADJ_a,M,S,le cahier avec les bracelets qui était là depuis hier est aussi très clair <eos>,13,clair,claire,11,M,P,clair,-5.7348084,claire,-9.797586,1
7212,S_NOUN_8_ADJ_a,M,S,le cahier avec les bracelets qui était là depuis hier est aussi très intéressant <eos>,13,intéressant,intéressante,11,M,P,intéressant,-5.558074,intéressante,-9.765652,1
7213,S_NOUN_8_ADJ_a,M,S,le cahier avec les bracelets qui était là depuis hier est aussi très brillant <eos>,13,brillant,brillante,11,M,P,brillant,-7.5084653,brillante,-11.292957,1
7214,S_NOUN_8_ADJ_a,M,S,le cahier avec les bracelets qui était là depuis hier est aussi très compliqué <eos>,13,compliqué,compliquée,11,M,P,compliqué,-5.166758,compliquée,-8.297529,1
7215,S_NOUN_8_ADJ_a,M,S,le cahier avec les miroirs qui était là depuis hier est aussi très vert <eos>,13,vert,verte,11,M,P,vert,-10.74269,verte,-15.163308,1
7216,S_NOUN_8_ADJ_a,M,S,le cahier avec les miroirs qui était là depuis hier est aussi très bleu <eos>,13,bleu,bleue,11,M,P,bleu,-11.506626,bleue,-17.119366,1
7217,S_NOUN_8_ADJ_a,M,S,le cahier avec les miroirs qui était là depuis hier est aussi très noir <eos>,13,noir,noire,11,M,P,noir,-10.415199,noire,-15.529762,1
7218,S_NOUN_8_ADJ_a,M,S,le cahier avec les miroirs qui était là depuis hier est aussi très délicat <eos>,13,délicat,délicate,11,M,P,délicat,-6.9080496,délicate,-9.448124,1
7219,S_NOUN_8_ADJ_a,M,S,le cahier avec les miroirs qui était là depuis hier est aussi très pointu <eos>,13,pointu,pointue,11,M,P,pointu,-9.198722,pointue,-13.724414,1
7220,S_NOUN_8_ADJ_a,M,S,le cahier avec les miroirs qui était là depuis hier est aussi très rond <eos>,13,rond,ronde,11,M,P,rond,-11.026291,ronde,-14.987236,1
7221,S_NOUN_8_ADJ_a,M,S,le cahier avec les miroirs qui était là depuis hier est aussi très froid <eos>,13,froid,froide,11,M,P,froid,-7.272164,froide,-12.721376,1
7222,S_NOUN_8_ADJ_a,M,S,le cahier avec les miroirs qui était là depuis hier est aussi très chaud <eos>,13,chaud,chaude,11,M,P,chaud,-7.0570774,chaude,-11.149213,1
7223,S_NOUN_8_ADJ_a,M,S,le cahier avec les miroirs qui était là depuis hier est aussi très important <eos>,13,important,importante,11,M,P,important,-4.513403,importante,-8.650945,1
7224,S_NOUN_8_ADJ_a,M,S,le cahier avec les miroirs qui était là depuis hier est aussi très court <eos>,13,court,courte,11,M,P,court,-4.8770294,courte,-9.430073,1
7225,S_NOUN_8_ADJ_a,M,S,le cahier avec les miroirs qui était là depuis hier est aussi très dur <eos>,13,dur,dure,11,M,P,dur,-5.134623,dure,-8.353394,1
7226,S_NOUN_8_ADJ_a,M,S,le cahier avec les miroirs qui était là depuis hier est aussi très clair <eos>,13,clair,claire,11,M,P,clair,-5.588172,claire,-9.708425,1
7227,S_NOUN_8_ADJ_a,M,S,le cahier avec les miroirs qui était là depuis hier est aussi très intéressant <eos>,13,intéressant,intéressante,11,M,P,intéressant,-5.1805735,intéressante,-9.448038,1
7228,S_NOUN_8_ADJ_a,M,S,le cahier avec les miroirs qui était là depuis hier est aussi très brillant <eos>,13,brillant,brillante,11,M,P,brillant,-7.2403445,brillante,-10.565717,1
7229,S_NOUN_8_ADJ_a,M,S,le cahier avec les miroirs qui était là depuis hier est aussi très compliqué <eos>,13,compliqué,compliquée,11,M,P,compliqué,-5.475686,compliquée,-7.86473,1
7230,S_NOUN_8_ADJ_a,M,S,le cahier avec les crayons qui était là depuis hier est aussi très vert <eos>,13,vert,verte,11,M,P,vert,-10.588053,verte,-15.055752,1
7231,S_NOUN_8_ADJ_a,M,S,le cahier avec les crayons qui était là depuis hier est aussi très bleu <eos>,13,bleu,bleue,11,M,P,bleu,-11.464431,bleue,-17.153309,1
7232,S_NOUN_8_ADJ_a,M,S,le cahier avec les crayons qui était là depuis hier est aussi très noir <eos>,13,noir,noire,11,M,P,noir,-10.526822,noire,-15.126402,1
7233,S_NOUN_8_ADJ_a,M,S,le cahier avec les crayons qui était là depuis hier est aussi très délicat <eos>,13,délicat,délicate,11,M,P,délicat,-6.432297,délicate,-9.512687,1
7234,S_NOUN_8_ADJ_a,M,S,le cahier avec les crayons qui était là depuis hier est aussi très pointu <eos>,13,pointu,pointue,11,M,P,pointu,-9.178801,pointue,-14.186158,1
7235,S_NOUN_8_ADJ_a,M,S,le cahier avec les crayons qui était là depuis hier est aussi très rond <eos>,13,rond,ronde,11,M,P,rond,-11.587096,ronde,-15.468966,1
7236,S_NOUN_8_ADJ_a,M,S,le cahier avec les crayons qui était là depuis hier est aussi très froid <eos>,13,froid,froide,11,M,P,froid,-7.024641,froide,-12.968382,1
7237,S_NOUN_8_ADJ_a,M,S,le cahier avec les crayons qui était là depuis hier est aussi très chaud <eos>,13,chaud,chaude,11,M,P,chaud,-7.1365824,chaude,-11.657987,1
7238,S_NOUN_8_ADJ_a,M,S,le cahier avec les crayons qui était là depuis hier est aussi très important <eos>,13,important,importante,11,M,P,important,-4.115347,importante,-8.240528,1
7239,S_NOUN_8_ADJ_a,M,S,le cahier avec les crayons qui était là depuis hier est aussi très court <eos>,13,court,courte,11,M,P,court,-5.001054,courte,-9.611671,1
7240,S_NOUN_8_ADJ_a,M,S,le cahier avec les crayons qui était là depuis hier est aussi très dur <eos>,13,dur,dure,11,M,P,dur,-5.374852,dure,-7.641367,1
7241,S_NOUN_8_ADJ_a,M,S,le cahier avec les crayons qui était là depuis hier est aussi très clair <eos>,13,clair,claire,11,M,P,clair,-4.9407434,claire,-9.171126,1
7242,S_NOUN_8_ADJ_a,M,S,le cahier avec les crayons qui était là depuis hier est aussi très intéressant <eos>,13,intéressant,intéressante,11,M,P,intéressant,-5.327261,intéressante,-9.889056,1
7243,S_NOUN_8_ADJ_a,M,S,le cahier avec les crayons qui était là depuis hier est aussi très brillant <eos>,13,brillant,brillante,11,M,P,brillant,-7.411724,brillante,-10.936308,1
7244,S_NOUN_8_ADJ_a,M,S,le cahier avec les crayons qui était là depuis hier est aussi très compliqué <eos>,13,compliqué,compliquée,11,M,P,compliqué,-6.0746803,compliquée,-8.645944,1
7245,S_NOUN_8_ADJ_a,M,S,le cahier avec les rideaux qui était là depuis hier est aussi très vert <eos>,13,vert,verte,11,M,P,vert,-10.599128,verte,-14.970856,1
7246,S_NOUN_8_ADJ_a,M,S,le cahier avec les rideaux qui était là depuis hier est aussi très bleu <eos>,13,bleu,bleue,11,M,P,bleu,-11.11783,bleue,-16.880466,1
7247,S_NOUN_8_ADJ_a,M,S,le cahier avec les rideaux qui était là depuis hier est aussi très noir <eos>,13,noir,noire,11,M,P,noir,-10.102612,noire,-14.723122,1
7248,S_NOUN_8_ADJ_a,M,S,le cahier avec les rideaux qui était là depuis hier est aussi très délicat <eos>,13,délicat,délicate,11,M,P,délicat,-6.9411283,délicate,-9.362253,1
7249,S_NOUN_8_ADJ_a,M,S,le cahier avec les rideaux qui était là depuis hier est aussi très pointu <eos>,13,pointu,pointue,11,M,P,pointu,-9.014318,pointue,-14.015216,1
7250,S_NOUN_8_ADJ_a,M,S,le cahier avec les rideaux qui était là depuis hier est aussi très rond <eos>,13,rond,ronde,11,M,P,rond,-11.050303,ronde,-14.632996,1
7251,S_NOUN_8_ADJ_a,M,S,le cahier avec les rideaux qui était là depuis hier est aussi très froid <eos>,13,froid,froide,11,M,P,froid,-6.6621594,froide,-12.860456,1
7252,S_NOUN_8_ADJ_a,M,S,le cahier avec les rideaux qui était là depuis hier est aussi très chaud <eos>,13,chaud,chaude,11,M,P,chaud,-6.793869,chaude,-11.234517,1
7253,S_NOUN_8_ADJ_a,M,S,le cahier avec les rideaux qui était là depuis hier est aussi très important <eos>,13,important,importante,11,M,P,important,-4.4316545,importante,-8.70219,1
7254,S_NOUN_8_ADJ_a,M,S,le cahier avec les rideaux qui était là depuis hier est aussi très court <eos>,13,court,courte,11,M,P,court,-4.5211306,courte,-9.420475,1
7255,S_NOUN_8_ADJ_a,M,S,le cahier avec les rideaux qui était là depuis hier est aussi très dur <eos>,13,dur,dure,11,M,P,dur,-5.2723913,dure,-7.5469913,1
7256,S_NOUN_8_ADJ_a,M,S,le cahier avec les rideaux qui était là depuis hier est aussi très clair <eos>,13,clair,claire,11,M,P,clair,-5.467511,claire,-9.482054,1
7257,S_NOUN_8_ADJ_a,M,S,le cahier avec les rideaux qui était là depuis hier est aussi très intéressant <eos>,13,intéressant,intéressante,11,M,P,intéressant,-5.471609,intéressante,-9.817903,1
7258,S_NOUN_8_ADJ_a,M,S,le cahier avec les rideaux qui était là depuis hier est aussi très brillant <eos>,13,brillant,brillante,11,M,P,brillant,-7.648182,brillante,-11.198674,1
7259,S_NOUN_8_ADJ_a,M,S,le cahier avec les rideaux qui était là depuis hier est aussi très compliqué <eos>,13,compliqué,compliquée,11,M,P,compliqué,-5.5090322,compliquée,-8.167779,1
7260,S_NOUN_8_ADJ_a,M,S,le cahier avec les cahiers qui était là depuis hier est aussi très vert <eos>,13,vert,verte,11,M,P,vert,-11.890736,verte,-16.356781,1
7261,S_NOUN_8_ADJ_a,M,S,le cahier avec les cahiers qui était là depuis hier est aussi très bleu <eos>,13,bleu,bleue,11,M,P,bleu,-13.072443,bleue,-18.473314,1
7262,S_NOUN_8_ADJ_a,M,S,le cahier avec les cahiers qui était là depuis hier est aussi très noir <eos>,13,noir,noire,11,M,P,noir,-11.431706,noire,-16.6689,1
7263,S_NOUN_8_ADJ_a,M,S,le cahier avec les cahiers qui était là depuis hier est aussi très délicat <eos>,13,délicat,délicate,11,M,P,délicat,-7.4512763,délicate,-10.407922,1
7264,S_NOUN_8_ADJ_a,M,S,le cahier avec les cahiers qui était là depuis hier est aussi très pointu <eos>,13,pointu,pointue,11,M,P,pointu,-9.2383795,pointue,-14.35917,1
7265,S_NOUN_8_ADJ_a,M,S,le cahier avec les cahiers qui était là depuis hier est aussi très rond <eos>,13,rond,ronde,11,M,P,rond,-12.903897,ronde,-17.100344,1
7266,S_NOUN_8_ADJ_a,M,S,le cahier avec les cahiers qui était là depuis hier est aussi très froid <eos>,13,froid,froide,11,M,P,froid,-7.821906,froide,-14.131227,1
7267,S_NOUN_8_ADJ_a,M,S,le cahier avec les cahiers qui était là depuis hier est aussi très chaud <eos>,13,chaud,chaude,11,M,P,chaud,-7.921612,chaude,-13.520221,1
7268,S_NOUN_8_ADJ_a,M,S,le cahier avec les cahiers qui était là depuis hier est aussi très important <eos>,13,important,importante,11,M,P,important,-3.7165058,importante,-8.117374,1
7269,S_NOUN_8_ADJ_a,M,S,le cahier avec les cahiers qui était là depuis hier est aussi très court <eos>,13,court,courte,11,M,P,court,-5.058838,courte,-9.409486,1
7270,S_NOUN_8_ADJ_a,M,S,le cahier avec les cahiers qui était là depuis hier est aussi très dur <eos>,13,dur,dure,11,M,P,dur,-6.092723,dure,-7.8364744,1
7271,S_NOUN_8_ADJ_a,M,S,le cahier avec les cahiers qui était là depuis hier est aussi très clair <eos>,13,clair,claire,11,M,P,clair,-5.446907,claire,-9.813244,1
7272,S_NOUN_8_ADJ_a,M,S,le cahier avec les cahiers qui était là depuis hier est aussi très intéressant <eos>,13,intéressant,intéressante,11,M,P,intéressant,-5.0742188,intéressante,-9.56936,1
7273,S_NOUN_8_ADJ_a,M,S,le cahier avec les cahiers qui était là depuis hier est aussi très brillant <eos>,13,brillant,brillante,11,M,P,brillant,-8.142177,brillante,-12.129221,1
7274,S_NOUN_8_ADJ_a,M,S,le cahier avec les cahiers qui était là depuis hier est aussi très compliqué <eos>,13,compliqué,compliquée,11,M,P,compliqué,-6.0269284,compliquée,-8.706732,1
7275,S_NOUN_8_ADJ_a,M,S,le cahier avec les micros qui était là depuis hier est aussi très vert <eos>,13,vert,verte,11,M,P,vert,-11.432117,verte,-16.33481,1
7276,S_NOUN_8_ADJ_a,M,S,le cahier avec les micros qui était là depuis hier est aussi très bleu <eos>,13,bleu,bleue,11,M,P,bleu,-12.038274,bleue,-18.204876,1
7277,S_NOUN_8_ADJ_a,M,S,le cahier avec les micros qui était là depuis hier est aussi très noir <eos>,13,noir,noire,11,M,P,noir,-10.499456,noire,-16.040865,1
7278,S_NOUN_8_ADJ_a,M,S,le cahier avec les micros qui était là depuis hier est aussi très délicat <eos>,13,délicat,délicate,11,M,P,délicat,-6.8175955,délicate,-9.352382,1
7279,S_NOUN_8_ADJ_a,M,S,le cahier avec les micros qui était là depuis hier est aussi très pointu <eos>,13,pointu,pointue,11,M,P,pointu,-8.963497,pointue,-14.388574,1
7280,S_NOUN_8_ADJ_a,M,S,le cahier avec les micros qui était là depuis hier est aussi très rond <eos>,13,rond,ronde,11,M,P,rond,-11.28274,ronde,-15.698538,1
7281,S_NOUN_8_ADJ_a,M,S,le cahier avec les micros qui était là depuis hier est aussi très froid <eos>,13,froid,froide,11,M,P,froid,-7.2894382,froide,-13.978407,1
7282,S_NOUN_8_ADJ_a,M,S,le cahier avec les micros qui était là depuis hier est aussi très chaud <eos>,13,chaud,chaude,11,M,P,chaud,-7.1994114,chaude,-11.948193,1
7283,S_NOUN_8_ADJ_a,M,S,le cahier avec les micros qui était là depuis hier est aussi très important <eos>,13,important,importante,11,M,P,important,-4.134103,importante,-8.735241,1
7284,S_NOUN_8_ADJ_a,M,S,le cahier avec les micros qui était là depuis hier est aussi très court <eos>,13,court,courte,11,M,P,court,-4.834569,courte,-9.478919,1
7285,S_NOUN_8_ADJ_a,M,S,le cahier avec les micros qui était là depuis hier est aussi très dur <eos>,13,dur,dure,11,M,P,dur,-4.8195643,dure,-7.5172544,1
7286,S_NOUN_8_ADJ_a,M,S,le cahier avec les micros qui était là depuis hier est aussi très clair <eos>,13,clair,claire,11,M,P,clair,-5.457094,claire,-9.815952,1
7287,S_NOUN_8_ADJ_a,M,S,le cahier avec les micros qui était là depuis hier est aussi très intéressant <eos>,13,intéressant,intéressante,11,M,P,intéressant,-5.5766597,intéressante,-9.838666,1
7288,S_NOUN_8_ADJ_a,M,S,le cahier avec les micros qui était là depuis hier est aussi très brillant <eos>,13,brillant,brillante,11,M,P,brillant,-7.5230703,brillante,-11.808493,1
7289,S_NOUN_8_ADJ_a,M,S,le cahier avec les micros qui était là depuis hier est aussi très compliqué <eos>,13,compliqué,compliquée,11,M,P,compliqué,-4.5453224,compliquée,-7.596463,1
7290,S_NOUN_8_ADJ_a,M,S,le cahier avec les sacs qui était là depuis hier est aussi très vert <eos>,13,vert,verte,11,M,P,vert,-10.843324,verte,-15.501109,1
7291,S_NOUN_8_ADJ_a,M,S,le cahier avec les sacs qui était là depuis hier est aussi très bleu <eos>,13,bleu,bleue,11,M,P,bleu,-11.6690235,bleue,-17.295008,1
7292,S_NOUN_8_ADJ_a,M,S,le cahier avec les sacs qui était là depuis hier est aussi très noir <eos>,13,noir,noire,11,M,P,noir,-10.423132,noire,-15.294889,1
7293,S_NOUN_8_ADJ_a,M,S,le cahier avec les sacs qui était là depuis hier est aussi très délicat <eos>,13,délicat,délicate,11,M,P,délicat,-6.6510754,délicate,-9.190685,1
7294,S_NOUN_8_ADJ_a,M,S,le cahier avec les sacs qui était là depuis hier est aussi très pointu <eos>,13,pointu,pointue,11,M,P,pointu,-8.807397,pointue,-13.985861,1
7295,S_NOUN_8_ADJ_a,M,S,le cahier avec les sacs qui était là depuis hier est aussi très rond <eos>,13,rond,ronde,11,M,P,rond,-11.045177,ronde,-14.714823,1
7296,S_NOUN_8_ADJ_a,M,S,le cahier avec les sacs qui était là depuis hier est aussi très froid <eos>,13,froid,froide,11,M,P,froid,-6.8467054,froide,-13.066032,1
7297,S_NOUN_8_ADJ_a,M,S,le cahier avec les sacs qui était là depuis hier est aussi très chaud <eos>,13,chaud,chaude,11,M,P,chaud,-6.4752874,chaude,-11.405479,1
7298,S_NOUN_8_ADJ_a,M,S,le cahier avec les sacs qui était là depuis hier est aussi très important <eos>,13,important,importante,11,M,P,important,-4.120676,importante,-8.320315,1
7299,S_NOUN_8_ADJ_a,M,S,le cahier avec les sacs qui était là depuis hier est aussi très court <eos>,13,court,courte,11,M,P,court,-4.6837635,courte,-9.41375,1
7300,S_NOUN_8_ADJ_a,M,S,le cahier avec les sacs qui était là depuis hier est aussi très dur <eos>,13,dur,dure,11,M,P,dur,-5.079494,dure,-7.629437,1
7301,S_NOUN_8_ADJ_a,M,S,le cahier avec les sacs qui était là depuis hier est aussi très clair <eos>,13,clair,claire,11,M,P,clair,-5.399104,claire,-9.881153,1
7302,S_NOUN_8_ADJ_a,M,S,le cahier avec les sacs qui était là depuis hier est aussi très intéressant <eos>,13,intéressant,intéressante,11,M,P,intéressant,-5.1446295,intéressante,-9.668619,1
7303,S_NOUN_8_ADJ_a,M,S,le cahier avec les sacs qui était là depuis hier est aussi très brillant <eos>,13,brillant,brillante,11,M,P,brillant,-8.079694,brillante,-12.0230465,1
7304,S_NOUN_8_ADJ_a,M,S,le cahier avec les sacs qui était là depuis hier est aussi très compliqué <eos>,13,compliqué,compliquée,11,M,P,compliqué,-5.44343,compliquée,-8.356386,1
7305,S_NOUN_8_ADJ_a,M,S,le cahier avec les claviers qui était là depuis hier est aussi très vert <eos>,13,vert,verte,11,M,P,vert,-11.972651,verte,-16.414103,1
7306,S_NOUN_8_ADJ_a,M,S,le cahier avec les claviers qui était là depuis hier est aussi très bleu <eos>,13,bleu,bleue,11,M,P,bleu,-12.769196,bleue,-18.44646,1
7307,S_NOUN_8_ADJ_a,M,S,le cahier avec les claviers qui était là depuis hier est aussi très noir <eos>,13,noir,noire,11,M,P,noir,-10.870115,noire,-16.203043,1
7308,S_NOUN_8_ADJ_a,M,S,le cahier avec les claviers qui était là depuis hier est aussi très délicat <eos>,13,délicat,délicate,11,M,P,délicat,-6.979208,délicate,-9.969446,1
7309,S_NOUN_8_ADJ_a,M,S,le cahier avec les claviers qui était là depuis hier est aussi très pointu <eos>,13,pointu,pointue,11,M,P,pointu,-8.858864,pointue,-14.334299,1
7310,S_NOUN_8_ADJ_a,M,S,le cahier avec les claviers qui était là depuis hier est aussi très rond <eos>,13,rond,ronde,11,M,P,rond,-11.885588,ronde,-15.950615,1
7311,S_NOUN_8_ADJ_a,M,S,le cahier avec les claviers qui était là depuis hier est aussi très froid <eos>,13,froid,froide,11,M,P,froid,-7.670413,froide,-14.621149,1
7312,S_NOUN_8_ADJ_a,M,S,le cahier avec les claviers qui était là depuis hier est aussi très chaud <eos>,13,chaud,chaude,11,M,P,chaud,-7.879508,chaude,-12.3245125,1
7313,S_NOUN_8_ADJ_a,M,S,le cahier avec les claviers qui était là depuis hier est aussi très important <eos>,13,important,importante,11,M,P,important,-4.169524,importante,-8.561619,1
7314,S_NOUN_8_ADJ_a,M,S,le cahier avec les claviers qui était là depuis hier est aussi très court <eos>,13,court,courte,11,M,P,court,-5.4088383,courte,-9.517104,1
7315,S_NOUN_8_ADJ_a,M,S,le cahier avec les claviers qui était là depuis hier est aussi très dur <eos>,13,dur,dure,11,M,P,dur,-4.5693164,dure,-7.6991677,1
7316,S_NOUN_8_ADJ_a,M,S,le cahier avec les claviers qui était là depuis hier est aussi très clair <eos>,13,clair,claire,11,M,P,clair,-5.879559,claire,-9.822351,1
7317,S_NOUN_8_ADJ_a,M,S,le cahier avec les claviers qui était là depuis hier est aussi très intéressant <eos>,13,intéressant,intéressante,11,M,P,intéressant,-5.468829,intéressante,-9.591715,1
7318,S_NOUN_8_ADJ_a,M,S,le cahier avec les claviers qui était là depuis hier est aussi très brillant <eos>,13,brillant,brillante,11,M,P,brillant,-7.534542,brillante,-11.344019,1
7319,S_NOUN_8_ADJ_a,M,S,le cahier avec les claviers qui était là depuis hier est aussi très compliqué <eos>,13,compliqué,compliquée,11,M,P,compliqué,-5.147177,compliquée,-7.7454543,1
7320,S_NOUN_8_ADJ_a,M,S,le cahier avec les raisins qui était là depuis hier est aussi très vert <eos>,13,vert,verte,11,M,P,vert,-10.56547,verte,-15.737968,1
7321,S_NOUN_8_ADJ_a,M,S,le cahier avec les raisins qui était là depuis hier est aussi très bleu <eos>,13,bleu,bleue,11,M,P,bleu,-11.940233,bleue,-17.885475,1
7322,S_NOUN_8_ADJ_a,M,S,le cahier avec les raisins qui était là depuis hier est aussi très noir <eos>,13,noir,noire,11,M,P,noir,-10.73412,noire,-15.657171,1
7323,S_NOUN_8_ADJ_a,M,S,le cahier avec les raisins qui était là depuis hier est aussi très délicat <eos>,13,délicat,délicate,11,M,P,délicat,-5.946597,délicate,-8.800588,1
7324,S_NOUN_8_ADJ_a,M,S,le cahier avec les raisins qui était là depuis hier est aussi très pointu <eos>,13,pointu,pointue,11,M,P,pointu,-9.085084,pointue,-14.243218,1
7325,S_NOUN_8_ADJ_a,M,S,le cahier avec les raisins qui était là depuis hier est aussi très rond <eos>,13,rond,ronde,11,M,P,rond,-11.281996,ronde,-14.882408,1
7326,S_NOUN_8_ADJ_a,M,S,le cahier avec les raisins qui était là depuis hier est aussi très froid <eos>,13,froid,froide,11,M,P,froid,-6.1645126,froide,-12.862389,1
7327,S_NOUN_8_ADJ_a,M,S,le cahier avec les raisins qui était là depuis hier est aussi très chaud <eos>,13,chaud,chaude,11,M,P,chaud,-5.902477,chaude,-11.544722,1
7328,S_NOUN_8_ADJ_a,M,S,le cahier avec les raisins qui était là depuis hier est aussi très important <eos>,13,important,importante,11,M,P,important,-3.9958568,importante,-8.14842,1
7329,S_NOUN_8_ADJ_a,M,S,le cahier avec les raisins qui était là depuis hier est aussi très court <eos>,13,court,courte,11,M,P,court,-4.835404,courte,-9.846567,1
7330,S_NOUN_8_ADJ_a,M,S,le cahier avec les raisins qui était là depuis hier est aussi très dur <eos>,13,dur,dure,11,M,P,dur,-4.5781507,dure,-7.2815266,1
7331,S_NOUN_8_ADJ_a,M,S,le cahier avec les raisins qui était là depuis hier est aussi très clair <eos>,13,clair,claire,11,M,P,clair,-4.925892,claire,-9.343067,1
7332,S_NOUN_8_ADJ_a,M,S,le cahier avec les raisins qui était là depuis hier est aussi très intéressant <eos>,13,intéressant,intéressante,11,M,P,intéressant,-5.2749443,intéressante,-9.886382,1
7333,S_NOUN_8_ADJ_a,M,S,le cahier avec les raisins qui était là depuis hier est aussi très brillant <eos>,13,brillant,brillante,11,M,P,brillant,-7.7196026,brillante,-11.585995,1
7334,S_NOUN_8_ADJ_a,M,S,le cahier avec les raisins qui était là depuis hier est aussi très compliqué <eos>,13,compliqué,compliquée,11,M,P,compliqué,-5.6361547,compliquée,-8.573488,1
7335,S_NOUN_8_ADJ_a,M,S,le cahier avec les chargeurs qui était là depuis hier est aussi très vert <eos>,13,vert,verte,11,M,P,vert,-11.725391,verte,-16.63301,1
7336,S_NOUN_8_ADJ_a,M,S,le cahier avec les chargeurs qui était là depuis hier est aussi très bleu <eos>,13,bleu,bleue,11,M,P,bleu,-12.364054,bleue,-19.063618,1
7337,S_NOUN_8_ADJ_a,M,S,le cahier avec les chargeurs qui était là depuis hier est aussi très noir <eos>,13,noir,noire,11,M,P,noir,-10.73486,noire,-16.735435,1
7338,S_NOUN_8_ADJ_a,M,S,le cahier avec les chargeurs qui était là depuis hier est aussi très délicat <eos>,13,délicat,délicate,11,M,P,délicat,-7.0371695,délicate,-9.164581,1
7339,S_NOUN_8_ADJ_a,M,S,le cahier avec les chargeurs qui était là depuis hier est aussi très pointu <eos>,13,pointu,pointue,11,M,P,pointu,-9.586228,pointue,-13.636656,1
7340,S_NOUN_8_ADJ_a,M,S,le cahier avec les chargeurs qui était là depuis hier est aussi très rond <eos>,13,rond,ronde,11,M,P,rond,-10.932945,ronde,-15.314541,1
7341,S_NOUN_8_ADJ_a,M,S,le cahier avec les chargeurs qui était là depuis hier est aussi très froid <eos>,13,froid,froide,11,M,P,froid,-7.4661803,froide,-13.337164,1
7342,S_NOUN_8_ADJ_a,M,S,le cahier avec les chargeurs qui était là depuis hier est aussi très chaud <eos>,13,chaud,chaude,11,M,P,chaud,-7.619477,chaude,-11.819038,1
7343,S_NOUN_8_ADJ_a,M,S,le cahier avec les chargeurs qui était là depuis hier est aussi très important <eos>,13,important,importante,11,M,P,important,-3.4413924,importante,-7.7361817,1
7344,S_NOUN_8_ADJ_a,M,S,le cahier avec les chargeurs qui était là depuis hier est aussi très court <eos>,13,court,courte,11,M,P,court,-4.4738073,courte,-8.540159,1
7345,S_NOUN_8_ADJ_a,M,S,le cahier avec les chargeurs qui était là depuis hier est aussi très dur <eos>,13,dur,dure,11,M,P,dur,-5.0926604,dure,-8.792078,1
7346,S_NOUN_8_ADJ_a,M,S,le cahier avec les chargeurs qui était là depuis hier est aussi très clair <eos>,13,clair,claire,11,M,P,clair,-6.790734,claire,-11.303394,1
7347,S_NOUN_8_ADJ_a,M,S,le cahier avec les chargeurs qui était là depuis hier est aussi très intéressant <eos>,13,intéressant,intéressante,11,M,P,intéressant,-5.3138475,intéressante,-9.366292,1
7348,S_NOUN_8_ADJ_a,M,S,le cahier avec les chargeurs qui était là depuis hier est aussi très brillant <eos>,13,brillant,brillante,11,M,P,brillant,-8.3774185,brillante,-12.417509,1
7349,S_NOUN_8_ADJ_a,M,S,le cahier avec les chargeurs qui était là depuis hier est aussi très compliqué <eos>,13,compliqué,compliquée,11,M,P,compliqué,-4.7096157,compliquée,-8.032035,1
7350,S_NOUN_8_ADJ_a,M,S,le cahier avec les vases qui était là depuis hier est aussi très vert <eos>,13,vert,verte,11,M,P,vert,-11.334109,verte,-15.12049,1
7351,S_NOUN_8_ADJ_a,M,S,le cahier avec les vases qui était là depuis hier est aussi très bleu <eos>,13,bleu,bleue,11,M,P,bleu,-12.117136,bleue,-16.942972,1
7352,S_NOUN_8_ADJ_a,M,S,le cahier avec les vases qui était là depuis hier est aussi très noir <eos>,13,noir,noire,11,M,P,noir,-11.279236,noire,-14.750174,1
7353,S_NOUN_8_ADJ_a,M,S,le cahier avec les vases qui était là depuis hier est aussi très délicat <eos>,13,délicat,délicate,11,M,P,délicat,-6.7586985,délicate,-9.160153,1
7354,S_NOUN_8_ADJ_a,M,S,le cahier avec les vases qui était là depuis hier est aussi très pointu <eos>,13,pointu,pointue,11,M,P,pointu,-8.898337,pointue,-13.695286,1
7355,S_NOUN_8_ADJ_a,M,S,le cahier avec les vases qui était là depuis hier est aussi très rond <eos>,13,rond,ronde,11,M,P,rond,-11.039013,ronde,-14.249713,1
7356,S_NOUN_8_ADJ_a,M,S,le cahier avec les vases qui était là depuis hier est aussi très froid <eos>,13,froid,froide,11,M,P,froid,-8.151682,froide,-13.020881,1
7357,S_NOUN_8_ADJ_a,M,S,le cahier avec les vases qui était là depuis hier est aussi très chaud <eos>,13,chaud,chaude,11,M,P,chaud,-7.143921,chaude,-11.526326,1
7358,S_NOUN_8_ADJ_a,M,S,le cahier avec les vases qui était là depuis hier est aussi très important <eos>,13,important,importante,11,M,P,important,-4.504331,importante,-8.488571,1
7359,S_NOUN_8_ADJ_a,M,S,le cahier avec les vases qui était là depuis hier est aussi très court <eos>,13,court,courte,11,M,P,court,-4.8846345,courte,-9.25316,1
7360,S_NOUN_8_ADJ_a,M,S,le cahier avec les vases qui était là depuis hier est aussi très dur <eos>,13,dur,dure,11,M,P,dur,-5.473526,dure,-7.6259737,1
7361,S_NOUN_8_ADJ_a,M,S,le cahier avec les vases qui était là depuis hier est aussi très clair <eos>,13,clair,claire,11,M,P,clair,-5.4862757,claire,-9.474937,1
7362,S_NOUN_8_ADJ_a,M,S,le cahier avec les vases qui était là depuis hier est aussi très intéressant <eos>,13,intéressant,intéressante,11,M,P,intéressant,-5.3072195,intéressante,-9.701147,1
7363,S_NOUN_8_ADJ_a,M,S,le cahier avec les vases qui était là depuis hier est aussi très brillant <eos>,13,brillant,brillante,11,M,P,brillant,-7.8454227,brillante,-10.984002,1
7364,S_NOUN_8_ADJ_a,M,S,le cahier avec les vases qui était là depuis hier est aussi très compliqué <eos>,13,compliqué,compliquée,11,M,P,compliqué,-5.9480143,compliquée,-8.615926,1
7365,S_NOUN_8_ADJ_a,M,S,le cahier avec les paniers qui était là depuis hier est aussi très vert <eos>,13,vert,verte,11,M,P,vert,-10.934769,verte,-15.205147,1
7366,S_NOUN_8_ADJ_a,M,S,le cahier avec les paniers qui était là depuis hier est aussi très bleu <eos>,13,bleu,bleue,11,M,P,bleu,-11.6219635,bleue,-17.151993,1
7367,S_NOUN_8_ADJ_a,M,S,le cahier avec les paniers qui était là depuis hier est aussi très noir <eos>,13,noir,noire,11,M,P,noir,-10.270406,noire,-14.903055,1
7368,S_NOUN_8_ADJ_a,M,S,le cahier avec les paniers qui était là depuis hier est aussi très délicat <eos>,13,délicat,délicate,11,M,P,délicat,-6.8682585,délicate,-9.614917,1
7369,S_NOUN_8_ADJ_a,M,S,le cahier avec les paniers qui était là depuis hier est aussi très pointu <eos>,13,pointu,pointue,11,M,P,pointu,-8.381581,pointue,-13.496995,1
7370,S_NOUN_8_ADJ_a,M,S,le cahier avec les paniers qui était là depuis hier est aussi très rond <eos>,13,rond,ronde,11,M,P,rond,-10.802183,ronde,-14.641169,1
7371,S_NOUN_8_ADJ_a,M,S,le cahier avec les paniers qui était là depuis hier est aussi très froid <eos>,13,froid,froide,11,M,P,froid,-7.295125,froide,-13.501059,1
7372,S_NOUN_8_ADJ_a,M,S,le cahier avec les paniers qui était là depuis hier est aussi très chaud <eos>,13,chaud,chaude,11,M,P,chaud,-6.930256,chaude,-11.995471,1
7373,S_NOUN_8_ADJ_a,M,S,le cahier avec les paniers qui était là depuis hier est aussi très important <eos>,13,important,importante,11,M,P,important,-4.439834,importante,-8.725943,1
7374,S_NOUN_8_ADJ_a,M,S,le cahier avec les paniers qui était là depuis hier est aussi très court <eos>,13,court,courte,11,M,P,court,-4.4616785,courte,-9.029915,1
7375,S_NOUN_8_ADJ_a,M,S,le cahier avec les paniers qui était là depuis hier est aussi très dur <eos>,13,dur,dure,11,M,P,dur,-5.0587726,dure,-7.6314187,1
7376,S_NOUN_8_ADJ_a,M,S,le cahier avec les paniers qui était là depuis hier est aussi très clair <eos>,13,clair,claire,11,M,P,clair,-5.479804,claire,-9.673003,1
7377,S_NOUN_8_ADJ_a,M,S,le cahier avec les paniers qui était là depuis hier est aussi très intéressant <eos>,13,intéressant,intéressante,11,M,P,intéressant,-5.3605247,intéressante,-9.807668,1
7378,S_NOUN_8_ADJ_a,M,S,le cahier avec les paniers qui était là depuis hier est aussi très brillant <eos>,13,brillant,brillante,11,M,P,brillant,-7.8268967,brillante,-11.522487,1
7379,S_NOUN_8_ADJ_a,M,S,le cahier avec les paniers qui était là depuis hier est aussi très compliqué <eos>,13,compliqué,compliquée,11,M,P,compliqué,-5.216052,compliquée,-7.9076214,1
7380,S_NOUN_8_ADJ_a,M,S,le cahier avec les colliers qui était là depuis hier est aussi très vert <eos>,13,vert,verte,11,M,P,vert,-11.215486,verte,-15.345047,1
7381,S_NOUN_8_ADJ_a,M,S,le cahier avec les colliers qui était là depuis hier est aussi très bleu <eos>,13,bleu,bleue,11,M,P,bleu,-11.935449,bleue,-17.264137,1
7382,S_NOUN_8_ADJ_a,M,S,le cahier avec les colliers qui était là depuis hier est aussi très noir <eos>,13,noir,noire,11,M,P,noir,-11.040764,noire,-14.8283205,1
7383,S_NOUN_8_ADJ_a,M,S,le cahier avec les colliers qui était là depuis hier est aussi très délicat <eos>,13,délicat,délicate,11,M,P,délicat,-6.7367992,délicate,-8.967335,1
7384,S_NOUN_8_ADJ_a,M,S,le cahier avec les colliers qui était là depuis hier est aussi très pointu <eos>,13,pointu,pointue,11,M,P,pointu,-8.470737,pointue,-12.910459,1
7385,S_NOUN_8_ADJ_a,M,S,le cahier avec les colliers qui était là depuis hier est aussi très rond <eos>,13,rond,ronde,11,M,P,rond,-10.969223,ronde,-14.402028,1
7386,S_NOUN_8_ADJ_a,M,S,le cahier avec les colliers qui était là depuis hier est aussi très froid <eos>,13,froid,froide,11,M,P,froid,-8.275866,froide,-13.28352,1
7387,S_NOUN_8_ADJ_a,M,S,le cahier avec les colliers qui était là depuis hier est aussi très chaud <eos>,13,chaud,chaude,11,M,P,chaud,-7.731004,chaude,-11.949562,1
7388,S_NOUN_8_ADJ_a,M,S,le cahier avec les colliers qui était là depuis hier est aussi très important <eos>,13,important,importante,11,M,P,important,-4.494899,importante,-8.462651,1
7389,S_NOUN_8_ADJ_a,M,S,le cahier avec les colliers qui était là depuis hier est aussi très court <eos>,13,court,courte,11,M,P,court,-4.5233355,courte,-8.734224,1
7390,S_NOUN_8_ADJ_a,M,S,le cahier avec les colliers qui était là depuis hier est aussi très dur <eos>,13,dur,dure,11,M,P,dur,-5.0980396,dure,-7.5407686,1
7391,S_NOUN_8_ADJ_a,M,S,le cahier avec les colliers qui était là depuis hier est aussi très clair <eos>,13,clair,claire,11,M,P,clair,-5.5469475,claire,-9.6850395,1
7392,S_NOUN_8_ADJ_a,M,S,le cahier avec les colliers qui était là depuis hier est aussi très intéressant <eos>,13,intéressant,intéressante,11,M,P,intéressant,-5.40817,intéressante,-9.716578,1
7393,S_NOUN_8_ADJ_a,M,S,le cahier avec les colliers qui était là depuis hier est aussi très brillant <eos>,13,brillant,brillante,11,M,P,brillant,-7.7057877,brillante,-10.987707,1
7394,S_NOUN_8_ADJ_a,M,S,le cahier avec les colliers qui était là depuis hier est aussi très compliqué <eos>,13,compliqué,compliquée,11,M,P,compliqué,-5.0793815,compliquée,-7.7567687,1
7395,S_NOUN_8_ADJ_a,M,S,le cahier avec les chapeaux qui était là depuis hier est aussi très vert <eos>,13,vert,verte,11,M,P,vert,-10.725161,verte,-15.105872,1
7396,S_NOUN_8_ADJ_a,M,S,le cahier avec les chapeaux qui était là depuis hier est aussi très bleu <eos>,13,bleu,bleue,11,M,P,bleu,-11.084953,bleue,-16.73491,1
7397,S_NOUN_8_ADJ_a,M,S,le cahier avec les chapeaux qui était là depuis hier est aussi très noir <eos>,13,noir,noire,11,M,P,noir,-9.856964,noire,-14.744989,1
7398,S_NOUN_8_ADJ_a,M,S,le cahier avec les chapeaux qui était là depuis hier est aussi très délicat <eos>,13,délicat,délicate,11,M,P,délicat,-7.0909333,délicate,-10.166588,1
7399,S_NOUN_8_ADJ_a,M,S,le cahier avec les chapeaux qui était là depuis hier est aussi très pointu <eos>,13,pointu,pointue,11,M,P,pointu,-8.581389,pointue,-14.13466,1
7400,S_NOUN_8_ADJ_a,M,S,le cahier avec les chapeaux qui était là depuis hier est aussi très rond <eos>,13,rond,ronde,11,M,P,rond,-10.975522,ronde,-14.987522,1
7401,S_NOUN_8_ADJ_a,M,S,le cahier avec les chapeaux qui était là depuis hier est aussi très froid <eos>,13,froid,froide,11,M,P,froid,-7.220128,froide,-13.607986,1
7402,S_NOUN_8_ADJ_a,M,S,le cahier avec les chapeaux qui était là depuis hier est aussi très chaud <eos>,13,chaud,chaude,11,M,P,chaud,-7.202584,chaude,-11.753233,1
7403,S_NOUN_8_ADJ_a,M,S,le cahier avec les chapeaux qui était là depuis hier est aussi très important <eos>,13,important,importante,11,M,P,important,-4.5435476,importante,-8.953547,1
7404,S_NOUN_8_ADJ_a,M,S,le cahier avec les chapeaux qui était là depuis hier est aussi très court <eos>,13,court,courte,11,M,P,court,-4.4553494,courte,-9.088697,1
7405,S_NOUN_8_ADJ_a,M,S,le cahier avec les chapeaux qui était là depuis hier est aussi très dur <eos>,13,dur,dure,11,M,P,dur,-5.580144,dure,-7.7970867,1
7406,S_NOUN_8_ADJ_a,M,S,le cahier avec les chapeaux qui était là depuis hier est aussi très clair <eos>,13,clair,claire,11,M,P,clair,-5.6606016,claire,-9.942364,1
7407,S_NOUN_8_ADJ_a,M,S,le cahier avec les chapeaux qui était là depuis hier est aussi très intéressant <eos>,13,intéressant,intéressante,11,M,P,intéressant,-5.5674324,intéressante,-9.880075,1
7408,S_NOUN_8_ADJ_a,M,S,le cahier avec les chapeaux qui était là depuis hier est aussi très brillant <eos>,13,brillant,brillante,11,M,P,brillant,-7.8070855,brillante,-11.39522,1
7409,S_NOUN_8_ADJ_a,M,S,le cahier avec les chapeaux qui était là depuis hier est aussi très compliqué <eos>,13,compliqué,compliquée,11,M,P,compliqué,-5.322347,compliquée,-8.631531,1
7410,S_NOUN_8_ADJ_a,M,S,le cahier avec les pots qui était là depuis hier est aussi très vert <eos>,13,vert,verte,11,M,P,vert,-10.558926,verte,-15.108807,1
7411,S_NOUN_8_ADJ_a,M,S,le cahier avec les pots qui était là depuis hier est aussi très bleu <eos>,13,bleu,bleue,11,M,P,bleu,-11.7319565,bleue,-17.313354,1
7412,S_NOUN_8_ADJ_a,M,S,le cahier avec les pots qui était là depuis hier est aussi très noir <eos>,13,noir,noire,11,M,P,noir,-10.660546,noire,-15.261666,1
7413,S_NOUN_8_ADJ_a,M,S,le cahier avec les pots qui était là depuis hier est aussi très délicat <eos>,13,délicat,délicate,11,M,P,délicat,-6.2906303,délicate,-9.019467,1
7414,S_NOUN_8_ADJ_a,M,S,le cahier avec les pots qui était là depuis hier est aussi très pointu <eos>,13,pointu,pointue,11,M,P,pointu,-9.176748,pointue,-13.887108,1
7415,S_NOUN_8_ADJ_a,M,S,le cahier avec les pots qui était là depuis hier est aussi très rond <eos>,13,rond,ronde,11,M,P,rond,-10.824999,ronde,-14.171773,1
7416,S_NOUN_8_ADJ_a,M,S,le cahier avec les pots qui était là depuis hier est aussi très froid <eos>,13,froid,froide,11,M,P,froid,-6.912074,froide,-12.527352,1
7417,S_NOUN_8_ADJ_a,M,S,le cahier avec les pots qui était là depuis hier est aussi très chaud <eos>,13,chaud,chaude,11,M,P,chaud,-6.0085125,chaude,-10.687013,1
7418,S_NOUN_8_ADJ_a,M,S,le cahier avec les pots qui était là depuis hier est aussi très important <eos>,13,important,importante,11,M,P,important,-4.2929487,importante,-8.286221,1
7419,S_NOUN_8_ADJ_a,M,S,le cahier avec les pots qui était là depuis hier est aussi très court <eos>,13,court,courte,11,M,P,court,-5.054332,courte,-9.517269,1
7420,S_NOUN_8_ADJ_a,M,S,le cahier avec les pots qui était là depuis hier est aussi très dur <eos>,13,dur,dure,11,M,P,dur,-4.830965,dure,-7.518997,1
7421,S_NOUN_8_ADJ_a,M,S,le cahier avec les pots qui était là depuis hier est aussi très clair <eos>,13,clair,claire,11,M,P,clair,-5.5621147,claire,-9.743456,1
7422,S_NOUN_8_ADJ_a,M,S,le cahier avec les pots qui était là depuis hier est aussi très intéressant <eos>,13,intéressant,intéressante,11,M,P,intéressant,-5.234708,intéressante,-9.530468,1
7423,S_NOUN_8_ADJ_a,M,S,le cahier avec les pots qui était là depuis hier est aussi très brillant <eos>,13,brillant,brillante,11,M,P,brillant,-7.590207,brillante,-11.218142,1
7424,S_NOUN_8_ADJ_a,M,S,le cahier avec les pots qui était là depuis hier est aussi très compliqué <eos>,13,compliqué,compliquée,11,M,P,compliqué,-5.534976,compliquée,-8.309314,1
7425,S_NOUN_8_ADJ_a,M,S,le cahier avec les coussins qui était là depuis hier est aussi très vert <eos>,13,vert,verte,11,M,P,vert,-10.906887,verte,-15.704441,1
7426,S_NOUN_8_ADJ_a,M,S,le cahier avec les coussins qui était là depuis hier est aussi très bleu <eos>,13,bleu,bleue,11,M,P,bleu,-11.49847,bleue,-17.422981,1
7427,S_NOUN_8_ADJ_a,M,S,le cahier avec les coussins qui était là depuis hier est aussi très noir <eos>,13,noir,noire,11,M,P,noir,-10.497454,noire,-15.52674,1
7428,S_NOUN_8_ADJ_a,M,S,le cahier avec les coussins qui était là depuis hier est aussi très délicat <eos>,13,délicat,délicate,11,M,P,délicat,-6.994316,délicate,-9.702757,1
7429,S_NOUN_8_ADJ_a,M,S,le cahier avec les coussins qui était là depuis hier est aussi très pointu <eos>,13,pointu,pointue,11,M,P,pointu,-8.632894,pointue,-13.701039,1
7430,S_NOUN_8_ADJ_a,M,S,le cahier avec les coussins qui était là depuis hier est aussi très rond <eos>,13,rond,ronde,11,M,P,rond,-10.800409,ronde,-14.7789,1
7431,S_NOUN_8_ADJ_a,M,S,le cahier avec les coussins qui était là depuis hier est aussi très froid <eos>,13,froid,froide,11,M,P,froid,-7.3805723,froide,-13.337321,1
7432,S_NOUN_8_ADJ_a,M,S,le cahier avec les coussins qui était là depuis hier est aussi très chaud <eos>,13,chaud,chaude,11,M,P,chaud,-7.0416384,chaude,-11.419059,1
7433,S_NOUN_8_ADJ_a,M,S,le cahier avec les coussins qui était là depuis hier est aussi très important <eos>,13,important,importante,11,M,P,important,-4.4245954,importante,-8.717377,1
7434,S_NOUN_8_ADJ_a,M,S,le cahier avec les coussins qui était là depuis hier est aussi très court <eos>,13,court,courte,11,M,P,court,-4.5312796,courte,-9.43215,1
7435,S_NOUN_8_ADJ_a,M,S,le cahier avec les coussins qui était là depuis hier est aussi très dur <eos>,13,dur,dure,11,M,P,dur,-5.309884,dure,-7.8564806,1
7436,S_NOUN_8_ADJ_a,M,S,le cahier avec les coussins qui était là depuis hier est aussi très clair <eos>,13,clair,claire,11,M,P,clair,-5.742344,claire,-9.865859,1
7437,S_NOUN_8_ADJ_a,M,S,le cahier avec les coussins qui était là depuis hier est aussi très intéressant <eos>,13,intéressant,intéressante,11,M,P,intéressant,-5.414134,intéressante,-9.613211,1
7438,S_NOUN_8_ADJ_a,M,S,le cahier avec les coussins qui était là depuis hier est aussi très brillant <eos>,13,brillant,brillante,11,M,P,brillant,-7.928069,brillante,-11.871595,1
7439,S_NOUN_8_ADJ_a,M,S,le cahier avec les coussins qui était là depuis hier est aussi très compliqué <eos>,13,compliqué,compliquée,11,M,P,compliqué,-5.061672,compliquée,-8.048234,1
7440,S_NOUN_8_ADJ_a,M,S,le cahier avec les jouets qui était là depuis hier est aussi très vert <eos>,13,vert,verte,11,M,P,vert,-10.983921,verte,-15.421422,1
7441,S_NOUN_8_ADJ_a,M,S,le cahier avec les jouets qui était là depuis hier est aussi très bleu <eos>,13,bleu,bleue,11,M,P,bleu,-11.742385,bleue,-17.506058,1
7442,S_NOUN_8_ADJ_a,M,S,le cahier avec les jouets qui était là depuis hier est aussi très noir <eos>,13,noir,noire,11,M,P,noir,-10.155844,noire,-15.52446,1
7443,S_NOUN_8_ADJ_a,M,S,le cahier avec les jouets qui était là depuis hier est aussi très délicat <eos>,13,délicat,délicate,11,M,P,délicat,-7.2780447,délicate,-10.1835165,1
7444,S_NOUN_8_ADJ_a,M,S,le cahier avec les jouets qui était là depuis hier est aussi très pointu <eos>,13,pointu,pointue,11,M,P,pointu,-8.50634,pointue,-14.413239,1
7445,S_NOUN_8_ADJ_a,M,S,le cahier avec les jouets qui était là depuis hier est aussi très rond <eos>,13,rond,ronde,11,M,P,rond,-11.37047,ronde,-15.993515,1
7446,S_NOUN_8_ADJ_a,M,S,le cahier avec les jouets qui était là depuis hier est aussi très froid <eos>,13,froid,froide,11,M,P,froid,-7.2038383,froide,-13.737209,1
7447,S_NOUN_8_ADJ_a,M,S,le cahier avec les jouets qui était là depuis hier est aussi très chaud <eos>,13,chaud,chaude,11,M,P,chaud,-7.385171,chaude,-12.136602,1
7448,S_NOUN_8_ADJ_a,M,S,le cahier avec les jouets qui était là depuis hier est aussi très important <eos>,13,important,importante,11,M,P,important,-4.1149416,importante,-8.499487,1
7449,S_NOUN_8_ADJ_a,M,S,le cahier avec les jouets qui était là depuis hier est aussi très court <eos>,13,court,courte,11,M,P,court,-4.683485,courte,-9.776503,1
7450,S_NOUN_8_ADJ_a,M,S,le cahier avec les jouets qui était là depuis hier est aussi très dur <eos>,13,dur,dure,11,M,P,dur,-5.3450165,dure,-8.006298,1
7451,S_NOUN_8_ADJ_a,M,S,le cahier avec les jouets qui était là depuis hier est aussi très clair <eos>,13,clair,claire,11,M,P,clair,-5.8013144,claire,-9.636451,1
7452,S_NOUN_8_ADJ_a,M,S,le cahier avec les jouets qui était là depuis hier est aussi très intéressant <eos>,13,intéressant,intéressante,11,M,P,intéressant,-5.419066,intéressante,-9.703237,1
7453,S_NOUN_8_ADJ_a,M,S,le cahier avec les jouets qui était là depuis hier est aussi très brillant <eos>,13,brillant,brillante,11,M,P,brillant,-7.911169,brillante,-11.697174,1
7454,S_NOUN_8_ADJ_a,M,S,le cahier avec les jouets qui était là depuis hier est aussi très compliqué <eos>,13,compliqué,compliquée,11,M,P,compliqué,-5.3995714,compliquée,-8.395262,1
7455,S_NOUN_8_ADJ_a,M,S,le cahier avec les clous qui était là depuis hier est aussi très vert <eos>,13,vert,verte,11,M,P,vert,-10.786279,verte,-15.622088,1
7456,S_NOUN_8_ADJ_a,M,S,le cahier avec les clous qui était là depuis hier est aussi très bleu <eos>,13,bleu,bleue,11,M,P,bleu,-11.607388,bleue,-17.365898,1
7457,S_NOUN_8_ADJ_a,M,S,le cahier avec les clous qui était là depuis hier est aussi très noir <eos>,13,noir,noire,11,M,P,noir,-10.414886,noire,-15.209187,1
7458,S_NOUN_8_ADJ_a,M,S,le cahier avec les clous qui était là depuis hier est aussi très délicat <eos>,13,délicat,délicate,11,M,P,délicat,-6.361623,délicate,-8.985021,1
7459,S_NOUN_8_ADJ_a,M,S,le cahier avec les clous qui était là depuis hier est aussi très pointu <eos>,13,pointu,pointue,11,M,P,pointu,-8.574292,pointue,-13.457873,1
7460,S_NOUN_8_ADJ_a,M,S,le cahier avec les clous qui était là depuis hier est aussi très rond <eos>,13,rond,ronde,11,M,P,rond,-10.685018,ronde,-14.299806,1
7461,S_NOUN_8_ADJ_a,M,S,le cahier avec les clous qui était là depuis hier est aussi très froid <eos>,13,froid,froide,11,M,P,froid,-7.0350475,froide,-12.767534,1
7462,S_NOUN_8_ADJ_a,M,S,le cahier avec les clous qui était là depuis hier est aussi très chaud <eos>,13,chaud,chaude,11,M,P,chaud,-6.892263,chaude,-11.468979,1
7463,S_NOUN_8_ADJ_a,M,S,le cahier avec les clous qui était là depuis hier est aussi très important <eos>,13,important,importante,11,M,P,important,-4.4095984,importante,-8.680586,1
7464,S_NOUN_8_ADJ_a,M,S,le cahier avec les clous qui était là depuis hier est aussi très court <eos>,13,court,courte,11,M,P,court,-4.6486993,courte,-9.408241,1
7465,S_NOUN_8_ADJ_a,M,S,le cahier avec les clous qui était là depuis hier est aussi très dur <eos>,13,dur,dure,11,M,P,dur,-4.5533104,dure,-7.6665316,1
7466,S_NOUN_8_ADJ_a,M,S,le cahier avec les clous qui était là depuis hier est aussi très clair <eos>,13,clair,claire,11,M,P,clair,-5.4817276,claire,-9.767951,1
7467,S_NOUN_8_ADJ_a,M,S,le cahier avec les clous qui était là depuis hier est aussi très intéressant <eos>,13,intéressant,intéressante,11,M,P,intéressant,-5.161436,intéressante,-9.92802,1
7468,S_NOUN_8_ADJ_a,M,S,le cahier avec les clous qui était là depuis hier est aussi très brillant <eos>,13,brillant,brillante,11,M,P,brillant,-7.9048448,brillante,-11.659344,1
7469,S_NOUN_8_ADJ_a,M,S,le cahier avec les clous qui était là depuis hier est aussi très compliqué <eos>,13,compliqué,compliquée,11,M,P,compliqué,-5.439831,compliquée,-8.140762,1
7470,S_NOUN_8_ADJ_a,M,S,le cahier avec les billets qui était là depuis hier est aussi très vert <eos>,13,vert,verte,11,M,P,vert,-10.956515,verte,-16.14635,1
7471,S_NOUN_8_ADJ_a,M,S,le cahier avec les billets qui était là depuis hier est aussi très bleu <eos>,13,bleu,bleue,11,M,P,bleu,-11.499213,bleue,-18.47719,1
7472,S_NOUN_8_ADJ_a,M,S,le cahier avec les billets qui était là depuis hier est aussi très noir <eos>,13,noir,noire,11,M,P,noir,-10.42729,noire,-16.280785,1
7473,S_NOUN_8_ADJ_a,M,S,le cahier avec les billets qui était là depuis hier est aussi très délicat <eos>,13,délicat,délicate,11,M,P,délicat,-6.985513,délicate,-9.894896,1
7474,S_NOUN_8_ADJ_a,M,S,le cahier avec les billets qui était là depuis hier est aussi très pointu <eos>,13,pointu,pointue,11,M,P,pointu,-9.868153,pointue,-14.500636,1
7475,S_NOUN_8_ADJ_a,M,S,le cahier avec les billets qui était là depuis hier est aussi très rond <eos>,13,rond,ronde,11,M,P,rond,-11.633068,ronde,-16.28226,1
7476,S_NOUN_8_ADJ_a,M,S,le cahier avec les billets qui était là depuis hier est aussi très froid <eos>,13,froid,froide,11,M,P,froid,-8.595361,froide,-14.508041,1
7477,S_NOUN_8_ADJ_a,M,S,le cahier avec les billets qui était là depuis hier est aussi très chaud <eos>,13,chaud,chaude,11,M,P,chaud,-8.123407,chaude,-12.5901,1
7478,S_NOUN_8_ADJ_a,M,S,le cahier avec les billets qui était là depuis hier est aussi très important <eos>,13,important,importante,11,M,P,important,-3.6595361,importante,-7.905835,1
7479,S_NOUN_8_ADJ_a,M,S,le cahier avec les billets qui était là depuis hier est aussi très court <eos>,13,court,courte,11,M,P,court,-4.3614693,courte,-9.0673,1
7480,S_NOUN_8_ADJ_a,M,S,le cahier avec les billets qui était là depuis hier est aussi très dur <eos>,13,dur,dure,11,M,P,dur,-5.948553,dure,-9.073984,1
7481,S_NOUN_8_ADJ_a,M,S,le cahier avec les billets qui était là depuis hier est aussi très clair <eos>,13,clair,claire,11,M,P,clair,-5.9511423,claire,-10.239809,1
7482,S_NOUN_8_ADJ_a,M,S,le cahier avec les billets qui était là depuis hier est aussi très intéressant <eos>,13,intéressant,intéressante,11,M,P,intéressant,-5.514457,intéressante,-9.319675,1
7483,S_NOUN_8_ADJ_a,M,S,le cahier avec les billets qui était là depuis hier est aussi très brillant <eos>,13,brillant,brillante,11,M,P,brillant,-8.238052,brillante,-12.359567,1
7484,S_NOUN_8_ADJ_a,M,S,le cahier avec les billets qui était là depuis hier est aussi très compliqué <eos>,13,compliqué,compliquée,11,M,P,compliqué,-5.338249,compliquée,-9.072031,1
7485,S_NOUN_8_ADJ_a,M,S,le cahier avec les légumes qui était là depuis hier est aussi très vert <eos>,13,vert,verte,11,M,P,vert,-10.953542,verte,-15.619367,1
7486,S_NOUN_8_ADJ_a,M,S,le cahier avec les légumes qui était là depuis hier est aussi très bleu <eos>,13,bleu,bleue,11,M,P,bleu,-12.072996,bleue,-17.565563,1
7487,S_NOUN_8_ADJ_a,M,S,le cahier avec les légumes qui était là depuis hier est aussi très noir <eos>,13,noir,noire,11,M,P,noir,-10.691556,noire,-15.485495,1
7488,S_NOUN_8_ADJ_a,M,S,le cahier avec les légumes qui était là depuis hier est aussi très délicat <eos>,13,délicat,délicate,11,M,P,délicat,-6.1237264,délicate,-9.041237,1
7489,S_NOUN_8_ADJ_a,M,S,le cahier avec les légumes qui était là depuis hier est aussi très pointu <eos>,13,pointu,pointue,11,M,P,pointu,-8.819038,pointue,-14.361961,1
7490,S_NOUN_8_ADJ_a,M,S,le cahier avec les légumes qui était là depuis hier est aussi très rond <eos>,13,rond,ronde,11,M,P,rond,-11.121044,ronde,-15.069305,1
7491,S_NOUN_8_ADJ_a,M,S,le cahier avec les légumes qui était là depuis hier est aussi très froid <eos>,13,froid,froide,11,M,P,froid,-5.9994397,froide,-12.235123,1
7492,S_NOUN_8_ADJ_a,M,S,le cahier avec les légumes qui était là depuis hier est aussi très chaud <eos>,13,chaud,chaude,11,M,P,chaud,-5.798999,chaude,-10.790507,1
7493,S_NOUN_8_ADJ_a,M,S,le cahier avec les légumes qui était là depuis hier est aussi très important <eos>,13,important,importante,11,M,P,important,-4.036793,importante,-8.232437,1
7494,S_NOUN_8_ADJ_a,M,S,le cahier avec les légumes qui était là depuis hier est aussi très court <eos>,13,court,courte,11,M,P,court,-4.959359,courte,-9.516876,1
7495,S_NOUN_8_ADJ_a,M,S,le cahier avec les légumes qui était là depuis hier est aussi très dur <eos>,13,dur,dure,11,M,P,dur,-5.046852,dure,-6.9879684,1
7496,S_NOUN_8_ADJ_a,M,S,le cahier avec les légumes qui était là depuis hier est aussi très clair <eos>,13,clair,claire,11,M,P,clair,-4.9705324,claire,-9.693213,1
7497,S_NOUN_8_ADJ_a,M,S,le cahier avec les légumes qui était là depuis hier est aussi très intéressant <eos>,13,intéressant,intéressante,11,M,P,intéressant,-5.5156755,intéressante,-9.909874,1
7498,S_NOUN_8_ADJ_a,M,S,le cahier avec les légumes qui était là depuis hier est aussi très brillant <eos>,13,brillant,brillante,11,M,P,brillant,-7.8236,brillante,-11.458406,1
7499,S_NOUN_8_ADJ_a,M,S,le cahier avec les légumes qui était là depuis hier est aussi très compliqué <eos>,13,compliqué,compliquée,11,M,P,compliqué,-5.835556,compliquée,-8.727886,1
7500,S_NOUN_8_ADJ_a,M,S,le micro avec les bracelets qui était là depuis hier est aussi très vert <eos>,13,vert,verte,11,M,P,vert,-10.021302,verte,-14.104726,1
7501,S_NOUN_8_ADJ_a,M,S,le micro avec les bracelets qui était là depuis hier est aussi très bleu <eos>,13,bleu,bleue,11,M,P,bleu,-10.3658,bleue,-16.325218,1
7502,S_NOUN_8_ADJ_a,M,S,le micro avec les bracelets qui était là depuis hier est aussi très noir <eos>,13,noir,noire,11,M,P,noir,-9.224339,noire,-13.389053,1
7503,S_NOUN_8_ADJ_a,M,S,le micro avec les bracelets qui était là depuis hier est aussi très délicat <eos>,13,délicat,délicate,11,M,P,délicat,-7.482803,délicate,-10.021238,1
7504,S_NOUN_8_ADJ_a,M,S,le micro avec les bracelets qui était là depuis hier est aussi très pointu <eos>,13,pointu,pointue,11,M,P,pointu,-8.073603,pointue,-12.9413805,1
7505,S_NOUN_8_ADJ_a,M,S,le micro avec les bracelets qui était là depuis hier est aussi très rond <eos>,13,rond,ronde,11,M,P,rond,-10.550949,ronde,-13.485857,1
7506,S_NOUN_8_ADJ_a,M,S,le micro avec les bracelets qui était là depuis hier est aussi très froid <eos>,13,froid,froide,11,M,P,froid,-7.322588,froide,-11.865003,1
7507,S_NOUN_8_ADJ_a,M,S,le micro avec les bracelets qui était là depuis hier est aussi très chaud <eos>,13,chaud,chaude,11,M,P,chaud,-6.8612585,chaude,-11.135263,1
7508,S_NOUN_8_ADJ_a,M,S,le micro avec les bracelets qui était là depuis hier est aussi très important <eos>,13,important,importante,11,M,P,important,-5.239442,importante,-9.261878,1
7509,S_NOUN_8_ADJ_a,M,S,le micro avec les bracelets qui était là depuis hier est aussi très court <eos>,13,court,courte,11,M,P,court,-4.913974,courte,-9.299283,1
7510,S_NOUN_8_ADJ_a,M,S,le micro avec les bracelets qui était là depuis hier est aussi très dur <eos>,13,dur,dure,11,M,P,dur,-5.4542637,dure,-8.233558,1
7511,S_NOUN_8_ADJ_a,M,S,le micro avec les bracelets qui était là depuis hier est aussi très clair <eos>,13,clair,claire,11,M,P,clair,-5.958232,claire,-9.699085,1
7512,S_NOUN_8_ADJ_a,M,S,le micro avec les bracelets qui était là depuis hier est aussi très intéressant <eos>,13,intéressant,intéressante,11,M,P,intéressant,-6.0184474,intéressante,-10.046415,1
7513,S_NOUN_8_ADJ_a,M,S,le micro avec les bracelets qui était là depuis hier est aussi très brillant <eos>,13,brillant,brillante,11,M,P,brillant,-7.243823,brillante,-11.100279,1
7514,S_NOUN_8_ADJ_a,M,S,le micro avec les bracelets qui était là depuis hier est aussi très compliqué <eos>,13,compliqué,compliquée,11,M,P,compliqué,-5.4544334,compliquée,-9.010765,1
7515,S_NOUN_8_ADJ_a,M,S,le micro avec les miroirs qui était là depuis hier est aussi très vert <eos>,13,vert,verte,11,M,P,vert,-10.00503,verte,-14.265473,1
7516,S_NOUN_8_ADJ_a,M,S,le micro avec les miroirs qui était là depuis hier est aussi très bleu <eos>,13,bleu,bleue,11,M,P,bleu,-10.577905,bleue,-16.751513,1
7517,S_NOUN_8_ADJ_a,M,S,le micro avec les miroirs qui était là depuis hier est aussi très noir <eos>,13,noir,noire,11,M,P,noir,-9.315162,noire,-14.336574,1
7518,S_NOUN_8_ADJ_a,M,S,le micro avec les miroirs qui était là depuis hier est aussi très délicat <eos>,13,délicat,délicate,11,M,P,délicat,-7.2214947,délicate,-9.965354,1
7519,S_NOUN_8_ADJ_a,M,S,le micro avec les miroirs qui était là depuis hier est aussi très pointu <eos>,13,pointu,pointue,11,M,P,pointu,-8.529726,pointue,-12.9820385,1
7520,S_NOUN_8_ADJ_a,M,S,le micro avec les miroirs qui était là depuis hier est aussi très rond <eos>,13,rond,ronde,11,M,P,rond,-10.569992,ronde,-14.010792,1
7521,S_NOUN_8_ADJ_a,M,S,le micro avec les miroirs qui était là depuis hier est aussi très froid <eos>,13,froid,froide,11,M,P,froid,-6.6649055,froide,-11.168,1
7522,S_NOUN_8_ADJ_a,M,S,le micro avec les miroirs qui était là depuis hier est aussi très chaud <eos>,13,chaud,chaude,11,M,P,chaud,-6.3160057,chaude,-10.182279,1
7523,S_NOUN_8_ADJ_a,M,S,le micro avec les miroirs qui était là depuis hier est aussi très important <eos>,13,important,importante,11,M,P,important,-4.8972692,importante,-8.842273,1
7524,S_NOUN_8_ADJ_a,M,S,le micro avec les miroirs qui était là depuis hier est aussi très court <eos>,13,court,courte,11,M,P,court,-5.0534143,courte,-9.39826,1
7525,S_NOUN_8_ADJ_a,M,S,le micro avec les miroirs qui était là depuis hier est aussi très dur <eos>,13,dur,dure,11,M,P,dur,-5.1320558,dure,-8.41818,1
7526,S_NOUN_8_ADJ_a,M,S,le micro avec les miroirs qui était là depuis hier est aussi très clair <eos>,13,clair,claire,11,M,P,clair,-5.8733854,claire,-9.728798,1
7527,S_NOUN_8_ADJ_a,M,S,le micro avec les miroirs qui était là depuis hier est aussi très intéressant <eos>,13,intéressant,intéressante,11,M,P,intéressant,-5.7598734,intéressante,-9.928525,1
7528,S_NOUN_8_ADJ_a,M,S,le micro avec les miroirs qui était là depuis hier est aussi très brillant <eos>,13,brillant,brillante,11,M,P,brillant,-6.642259,brillante,-10.0557995,1
7529,S_NOUN_8_ADJ_a,M,S,le micro avec les miroirs qui était là depuis hier est aussi très compliqué <eos>,13,compliqué,compliquée,11,M,P,compliqué,-5.657689,compliquée,-8.674291,1
7530,S_NOUN_8_ADJ_a,M,S,le micro avec les crayons qui était là depuis hier est aussi très vert <eos>,13,vert,verte,11,M,P,vert,-9.588666,verte,-13.926124,1
7531,S_NOUN_8_ADJ_a,M,S,le micro avec les crayons qui était là depuis hier est aussi très bleu <eos>,13,bleu,bleue,11,M,P,bleu,-10.210838,bleue,-16.546833,1
7532,S_NOUN_8_ADJ_a,M,S,le micro avec les crayons qui était là depuis hier est aussi très noir <eos>,13,noir,noire,11,M,P,noir,-9.219293,noire,-13.88117,1
7533,S_NOUN_8_ADJ_a,M,S,le micro avec les crayons qui était là depuis hier est aussi très délicat <eos>,13,délicat,délicate,11,M,P,délicat,-6.9338207,délicate,-10.122037,1
7534,S_NOUN_8_ADJ_a,M,S,le micro avec les crayons qui était là depuis hier est aussi très pointu <eos>,13,pointu,pointue,11,M,P,pointu,-8.423099,pointue,-13.589485,1
7535,S_NOUN_8_ADJ_a,M,S,le micro avec les crayons qui était là depuis hier est aussi très rond <eos>,13,rond,ronde,11,M,P,rond,-10.770616,ronde,-14.443137,1
7536,S_NOUN_8_ADJ_a,M,S,le micro avec les crayons qui était là depuis hier est aussi très froid <eos>,13,froid,froide,11,M,P,froid,-6.4598,froide,-11.572285,1
7537,S_NOUN_8_ADJ_a,M,S,le micro avec les crayons qui était là depuis hier est aussi très chaud <eos>,13,chaud,chaude,11,M,P,chaud,-6.6539726,chaude,-10.831897,1
7538,S_NOUN_8_ADJ_a,M,S,le micro avec les crayons qui était là depuis hier est aussi très important <eos>,13,important,importante,11,M,P,important,-4.7774854,importante,-8.735115,1
7539,S_NOUN_8_ADJ_a,M,S,le micro avec les crayons qui était là depuis hier est aussi très court <eos>,13,court,courte,11,M,P,court,-5.335063,courte,-10.026761,1
7540,S_NOUN_8_ADJ_a,M,S,le micro avec les crayons qui était là depuis hier est aussi très dur <eos>,13,dur,dure,11,M,P,dur,-5.248661,dure,-7.960268,1
7541,S_NOUN_8_ADJ_a,M,S,le micro avec les crayons qui était là depuis hier est aussi très clair <eos>,13,clair,claire,11,M,P,clair,-5.242118,claire,-9.121458,1
7542,S_NOUN_8_ADJ_a,M,S,le micro avec les crayons qui était là depuis hier est aussi très intéressant <eos>,13,intéressant,intéressante,11,M,P,intéressant,-5.8446684,intéressante,-10.20882,1
7543,S_NOUN_8_ADJ_a,M,S,le micro avec les crayons qui était là depuis hier est aussi très brillant <eos>,13,brillant,brillante,11,M,P,brillant,-6.8025417,brillante,-10.478731,1
7544,S_NOUN_8_ADJ_a,M,S,le micro avec les crayons qui était là depuis hier est aussi très compliqué <eos>,13,compliqué,compliquée,11,M,P,compliqué,-6.25041,compliquée,-9.272349,1
7545,S_NOUN_8_ADJ_a,M,S,le micro avec les rideaux qui était là depuis hier est aussi très vert <eos>,13,vert,verte,11,M,P,vert,-9.942662,verte,-14.124256,1
7546,S_NOUN_8_ADJ_a,M,S,le micro avec les rideaux qui était là depuis hier est aussi très bleu <eos>,13,bleu,bleue,11,M,P,bleu,-10.3769455,bleue,-16.468151,1
7547,S_NOUN_8_ADJ_a,M,S,le micro avec les rideaux qui était là depuis hier est aussi très noir <eos>,13,noir,noire,11,M,P,noir,-9.133721,noire,-13.445039,1
7548,S_NOUN_8_ADJ_a,M,S,le micro avec les rideaux qui était là depuis hier est aussi très délicat <eos>,13,délicat,délicate,11,M,P,délicat,-7.3437915,délicate,-10.228458,1
7549,S_NOUN_8_ADJ_a,M,S,le micro avec les rideaux qui était là depuis hier est aussi très pointu <eos>,13,pointu,pointue,11,M,P,pointu,-8.368337,pointue,-13.400418,1
7550,S_NOUN_8_ADJ_a,M,S,le micro avec les rideaux qui était là depuis hier est aussi très rond <eos>,13,rond,ronde,11,M,P,rond,-10.478428,ronde,-13.721739,1
7551,S_NOUN_8_ADJ_a,M,S,le micro avec les rideaux qui était là depuis hier est aussi très froid <eos>,13,froid,froide,11,M,P,froid,-6.735407,froide,-11.604125,1
7552,S_NOUN_8_ADJ_a,M,S,le micro avec les rideaux qui était là depuis hier est aussi très chaud <eos>,13,chaud,chaude,11,M,P,chaud,-6.593516,chaude,-10.548013,1
7553,S_NOUN_8_ADJ_a,M,S,le micro avec les rideaux qui était là depuis hier est aussi très important <eos>,13,important,importante,11,M,P,important,-4.961801,importante,-8.992893,1
7554,S_NOUN_8_ADJ_a,M,S,le micro avec les rideaux qui était là depuis hier est aussi très court <eos>,13,court,courte,11,M,P,court,-4.876273,courte,-9.56177,1
7555,S_NOUN_8_ADJ_a,M,S,le micro avec les rideaux qui était là depuis hier est aussi très dur <eos>,13,dur,dure,11,M,P,dur,-5.5661597,dure,-7.875069,1
7556,S_NOUN_8_ADJ_a,M,S,le micro avec les rideaux qui était là depuis hier est aussi très clair <eos>,13,clair,claire,11,M,P,clair,-5.7965045,claire,-9.332726,1
7557,S_NOUN_8_ADJ_a,M,S,le micro avec les rideaux qui était là depuis hier est aussi très intéressant <eos>,13,intéressant,intéressante,11,M,P,intéressant,-6.105626,intéressante,-10.153129,1
7558,S_NOUN_8_ADJ_a,M,S,le micro avec les rideaux qui était là depuis hier est aussi très brillant <eos>,13,brillant,brillante,11,M,P,brillant,-7.4027376,brillante,-11.068439,1
7559,S_NOUN_8_ADJ_a,M,S,le micro avec les rideaux qui était là depuis hier est aussi très compliqué <eos>,13,compliqué,compliquée,11,M,P,compliqué,-5.7060766,compliquée,-9.063391,1
7560,S_NOUN_8_ADJ_a,M,S,le micro avec les cahiers qui était là depuis hier est aussi très vert <eos>,13,vert,verte,11,M,P,vert,-11.342081,verte,-15.392265,1
7561,S_NOUN_8_ADJ_a,M,S,le micro avec les cahiers qui était là depuis hier est aussi très bleu <eos>,13,bleu,bleue,11,M,P,bleu,-11.968569,bleue,-17.76281,1
7562,S_NOUN_8_ADJ_a,M,S,le micro avec les cahiers qui était là depuis hier est aussi très noir <eos>,13,noir,noire,11,M,P,noir,-10.032009,noire,-15.162349,1
7563,S_NOUN_8_ADJ_a,M,S,le micro avec les cahiers qui était là depuis hier est aussi très délicat <eos>,13,délicat,délicate,11,M,P,délicat,-8.138438,délicate,-11.024392,1
7564,S_NOUN_8_ADJ_a,M,S,le micro avec les cahiers qui était là depuis hier est aussi très pointu <eos>,13,pointu,pointue,11,M,P,pointu,-8.429136,pointue,-13.798346,1
7565,S_NOUN_8_ADJ_a,M,S,le micro avec les cahiers qui était là depuis hier est aussi très rond <eos>,13,rond,ronde,11,M,P,rond,-12.371928,ronde,-15.705284,1
7566,S_NOUN_8_ADJ_a,M,S,le micro avec les cahiers qui était là depuis hier est aussi très froid <eos>,13,froid,froide,11,M,P,froid,-7.168812,froide,-13.022332,1
7567,S_NOUN_8_ADJ_a,M,S,le micro avec les cahiers qui était là depuis hier est aussi très chaud <eos>,13,chaud,chaude,11,M,P,chaud,-7.4566545,chaude,-12.311626,1
7568,S_NOUN_8_ADJ_a,M,S,le micro avec les cahiers qui était là depuis hier est aussi très important <eos>,13,important,importante,11,M,P,important,-4.131797,importante,-8.1774,1
7569,S_NOUN_8_ADJ_a,M,S,le micro avec les cahiers qui était là depuis hier est aussi très court <eos>,13,court,courte,11,M,P,court,-5.5394354,courte,-9.555674,1
7570,S_NOUN_8_ADJ_a,M,S,le micro avec les cahiers qui était là depuis hier est aussi très dur <eos>,13,dur,dure,11,M,P,dur,-5.7909055,dure,-7.878609,1
7571,S_NOUN_8_ADJ_a,M,S,le micro avec les cahiers qui était là depuis hier est aussi très clair <eos>,13,clair,claire,11,M,P,clair,-5.9565516,claire,-10.174884,1
7572,S_NOUN_8_ADJ_a,M,S,le micro avec les cahiers qui était là depuis hier est aussi très intéressant <eos>,13,intéressant,intéressante,11,M,P,intéressant,-5.5281534,intéressante,-9.732662,1
7573,S_NOUN_8_ADJ_a,M,S,le micro avec les cahiers qui était là depuis hier est aussi très brillant <eos>,13,brillant,brillante,11,M,P,brillant,-7.694504,brillante,-11.700652,1
7574,S_NOUN_8_ADJ_a,M,S,le micro avec les cahiers qui était là depuis hier est aussi très compliqué <eos>,13,compliqué,compliquée,11,M,P,compliqué,-6.137106,compliquée,-9.215905,1
7575,S_NOUN_8_ADJ_a,M,S,le micro avec les micros qui était là depuis hier est aussi très vert <eos>,13,vert,verte,11,M,P,vert,-10.864523,verte,-15.255619,1
7576,S_NOUN_8_ADJ_a,M,S,le micro avec les micros qui était là depuis hier est aussi très bleu <eos>,13,bleu,bleue,11,M,P,bleu,-11.2225065,bleue,-17.603292,1
7577,S_NOUN_8_ADJ_a,M,S,le micro avec les micros qui était là depuis hier est aussi très noir <eos>,13,noir,noire,11,M,P,noir,-9.577292,noire,-14.428672,1
7578,S_NOUN_8_ADJ_a,M,S,le micro avec les micros qui était là depuis hier est aussi très délicat <eos>,13,délicat,délicate,11,M,P,délicat,-7.1741304,délicate,-9.911535,1
7579,S_NOUN_8_ADJ_a,M,S,le micro avec les micros qui était là depuis hier est aussi très pointu <eos>,13,pointu,pointue,11,M,P,pointu,-8.566597,pointue,-13.912013,1
7580,S_NOUN_8_ADJ_a,M,S,le micro avec les micros qui était là depuis hier est aussi très rond <eos>,13,rond,ronde,11,M,P,rond,-10.975262,ronde,-14.513252,1
7581,S_NOUN_8_ADJ_a,M,S,le micro avec les micros qui était là depuis hier est aussi très froid <eos>,13,froid,froide,11,M,P,froid,-7.1589375,froide,-12.4712925,1
7582,S_NOUN_8_ADJ_a,M,S,le micro avec les micros qui était là depuis hier est aussi très chaud <eos>,13,chaud,chaude,11,M,P,chaud,-6.595563,chaude,-10.874737,1
7583,S_NOUN_8_ADJ_a,M,S,le micro avec les micros qui était là depuis hier est aussi très important <eos>,13,important,importante,11,M,P,important,-4.606981,importante,-8.868536,1
7584,S_NOUN_8_ADJ_a,M,S,le micro avec les micros qui était là depuis hier est aussi très court <eos>,13,court,courte,11,M,P,court,-5.421523,courte,-9.668931,1
7585,S_NOUN_8_ADJ_a,M,S,le micro avec les micros qui était là depuis hier est aussi très dur <eos>,13,dur,dure,11,M,P,dur,-5.0753956,dure,-7.660555,1
7586,S_NOUN_8_ADJ_a,M,S,le micro avec les micros qui était là depuis hier est aussi très clair <eos>,13,clair,claire,11,M,P,clair,-5.7372894,claire,-9.631719,1
7587,S_NOUN_8_ADJ_a,M,S,le micro avec les micros qui était là depuis hier est aussi très intéressant <eos>,13,intéressant,intéressante,11,M,P,intéressant,-6.0376873,intéressante,-10.214988,1
7588,S_NOUN_8_ADJ_a,M,S,le micro avec les micros qui était là depuis hier est aussi très brillant <eos>,13,brillant,brillante,11,M,P,brillant,-7.188916,brillante,-11.447074,1
7589,S_NOUN_8_ADJ_a,M,S,le micro avec les micros qui était là depuis hier est aussi très compliqué <eos>,13,compliqué,compliquée,11,M,P,compliqué,-5.2137923,compliquée,-8.594027,1
7590,S_NOUN_8_ADJ_a,M,S,le micro avec les sacs qui était là depuis hier est aussi très vert <eos>,13,vert,verte,11,M,P,vert,-10.199621,verte,-14.52437,1
7591,S_NOUN_8_ADJ_a,M,S,le micro avec les sacs qui était là depuis hier est aussi très bleu <eos>,13,bleu,bleue,11,M,P,bleu,-10.783331,bleue,-16.887348,1
7592,S_NOUN_8_ADJ_a,M,S,le micro avec les sacs qui était là depuis hier est aussi très noir <eos>,13,noir,noire,11,M,P,noir,-9.505718,noire,-13.869994,1
7593,S_NOUN_8_ADJ_a,M,S,le micro avec les sacs qui était là depuis hier est aussi très délicat <eos>,13,délicat,délicate,11,M,P,délicat,-7.3624473,délicate,-9.889927,1
7594,S_NOUN_8_ADJ_a,M,S,le micro avec les sacs qui était là depuis hier est aussi très pointu <eos>,13,pointu,pointue,11,M,P,pointu,-7.932112,pointue,-13.2012825,1
7595,S_NOUN_8_ADJ_a,M,S,le micro avec les sacs qui était là depuis hier est aussi très rond <eos>,13,rond,ronde,11,M,P,rond,-10.4738655,ronde,-13.754593,1
7596,S_NOUN_8_ADJ_a,M,S,le micro avec les sacs qui était là depuis hier est aussi très froid <eos>,13,froid,froide,11,M,P,froid,-6.586891,froide,-11.637111,1
7597,S_NOUN_8_ADJ_a,M,S,le micro avec les sacs qui était là depuis hier est aussi très chaud <eos>,13,chaud,chaude,11,M,P,chaud,-6.0139112,chaude,-10.532486,1
7598,S_NOUN_8_ADJ_a,M,S,le micro avec les sacs qui était là depuis hier est aussi très important <eos>,13,important,importante,11,M,P,important,-4.600456,importante,-8.546135,1
7599,S_NOUN_8_ADJ_a,M,S,le micro avec les sacs qui était là depuis hier est aussi très court <eos>,13,court,courte,11,M,P,court,-4.9353185,courte,-9.487844,1
7600,S_NOUN_8_ADJ_a,M,S,le micro avec les sacs qui était là depuis hier est aussi très dur <eos>,13,dur,dure,11,M,P,dur,-5.2622533,dure,-7.827392,1
7601,S_NOUN_8_ADJ_a,M,S,le micro avec les sacs qui était là depuis hier est aussi très clair <eos>,13,clair,claire,11,M,P,clair,-5.8518114,claire,-9.71856,1
7602,S_NOUN_8_ADJ_a,M,S,le micro avec les sacs qui était là depuis hier est aussi très intéressant <eos>,13,intéressant,intéressante,11,M,P,intéressant,-5.7535763,intéressante,-10.027352,1
7603,S_NOUN_8_ADJ_a,M,S,le micro avec les sacs qui était là depuis hier est aussi très brillant <eos>,13,brillant,brillante,11,M,P,brillant,-7.739091,brillante,-11.769924,1
7604,S_NOUN_8_ADJ_a,M,S,le micro avec les sacs qui était là depuis hier est aussi très compliqué <eos>,13,compliqué,compliquée,11,M,P,compliqué,-5.7000227,compliquée,-9.138032,1
7605,S_NOUN_8_ADJ_a,M,S,le micro avec les claviers qui était là depuis hier est aussi très vert <eos>,13,vert,verte,11,M,P,vert,-11.447137,verte,-15.346716,1
7606,S_NOUN_8_ADJ_a,M,S,le micro avec les claviers qui était là depuis hier est aussi très bleu <eos>,13,bleu,bleue,11,M,P,bleu,-11.885981,bleue,-17.614357,1
7607,S_NOUN_8_ADJ_a,M,S,le micro avec les claviers qui était là depuis hier est aussi très noir <eos>,13,noir,noire,11,M,P,noir,-10.090938,noire,-14.5914345,1
7608,S_NOUN_8_ADJ_a,M,S,le micro avec les claviers qui était là depuis hier est aussi très délicat <eos>,13,délicat,délicate,11,M,P,délicat,-7.25203,délicate,-10.136606,1
7609,S_NOUN_8_ADJ_a,M,S,le micro avec les claviers qui était là depuis hier est aussi très pointu <eos>,13,pointu,pointue,11,M,P,pointu,-8.524618,pointue,-13.662768,1
7610,S_NOUN_8_ADJ_a,M,S,le micro avec les claviers qui était là depuis hier est aussi très rond <eos>,13,rond,ronde,11,M,P,rond,-11.457159,ronde,-14.619476,1
7611,S_NOUN_8_ADJ_a,M,S,le micro avec les claviers qui était là depuis hier est aussi très froid <eos>,13,froid,froide,11,M,P,froid,-7.319398,froide,-12.901607,1
7612,S_NOUN_8_ADJ_a,M,S,le micro avec les claviers qui était là depuis hier est aussi très chaud <eos>,13,chaud,chaude,11,M,P,chaud,-7.186918,chaude,-11.033487,1
7613,S_NOUN_8_ADJ_a,M,S,le micro avec les claviers qui était là depuis hier est aussi très important <eos>,13,important,importante,11,M,P,important,-4.5554943,importante,-8.510433,1
7614,S_NOUN_8_ADJ_a,M,S,le micro avec les claviers qui était là depuis hier est aussi très court <eos>,13,court,courte,11,M,P,court,-5.761196,courte,-9.661611,1
7615,S_NOUN_8_ADJ_a,M,S,le micro avec les claviers qui était là depuis hier est aussi très dur <eos>,13,dur,dure,11,M,P,dur,-4.649627,dure,-7.731646,1
7616,S_NOUN_8_ADJ_a,M,S,le micro avec les claviers qui était là depuis hier est aussi très clair <eos>,13,clair,claire,11,M,P,clair,-6.044432,claire,-9.622625,1
7617,S_NOUN_8_ADJ_a,M,S,le micro avec les claviers qui était là depuis hier est aussi très intéressant <eos>,13,intéressant,intéressante,11,M,P,intéressant,-5.7449255,intéressante,-9.83969,1
7618,S_NOUN_8_ADJ_a,M,S,le micro avec les claviers qui était là depuis hier est aussi très brillant <eos>,13,brillant,brillante,11,M,P,brillant,-7.2444324,brillante,-11.017889,1
7619,S_NOUN_8_ADJ_a,M,S,le micro avec les claviers qui était là depuis hier est aussi très compliqué <eos>,13,compliqué,compliquée,11,M,P,compliqué,-5.63593,compliquée,-8.474337,1
7620,S_NOUN_8_ADJ_a,M,S,le micro avec les raisins qui était là depuis hier est aussi très vert <eos>,13,vert,verte,11,M,P,vert,-9.732183,verte,-14.621386,1
7621,S_NOUN_8_ADJ_a,M,S,le micro avec les raisins qui était là depuis hier est aussi très bleu <eos>,13,bleu,bleue,11,M,P,bleu,-10.824789,bleue,-17.11374,1
7622,S_NOUN_8_ADJ_a,M,S,le micro avec les raisins qui était là depuis hier est aussi très noir <eos>,13,noir,noire,11,M,P,noir,-9.786715,noire,-14.122435,1
7623,S_NOUN_8_ADJ_a,M,S,le micro avec les raisins qui était là depuis hier est aussi très délicat <eos>,13,délicat,délicate,11,M,P,délicat,-6.506445,délicate,-9.605556,1
7624,S_NOUN_8_ADJ_a,M,S,le micro avec les raisins qui était là depuis hier est aussi très pointu <eos>,13,pointu,pointue,11,M,P,pointu,-8.128068,pointue,-13.289263,1
7625,S_NOUN_8_ADJ_a,M,S,le micro avec les raisins qui était là depuis hier est aussi très rond <eos>,13,rond,ronde,11,M,P,rond,-10.770325,ronde,-13.248714,1
7626,S_NOUN_8_ADJ_a,M,S,le micro avec les raisins qui était là depuis hier est aussi très froid <eos>,13,froid,froide,11,M,P,froid,-5.739548,froide,-11.519974,1
7627,S_NOUN_8_ADJ_a,M,S,le micro avec les raisins qui était là depuis hier est aussi très chaud <eos>,13,chaud,chaude,11,M,P,chaud,-5.5384665,chaude,-10.78587,1
7628,S_NOUN_8_ADJ_a,M,S,le micro avec les raisins qui était là depuis hier est aussi très important <eos>,13,important,importante,11,M,P,important,-4.525701,importante,-8.359573,1
7629,S_NOUN_8_ADJ_a,M,S,le micro avec les raisins qui était là depuis hier est aussi très court <eos>,13,court,courte,11,M,P,court,-4.8371515,courte,-10.222271,1
7630,S_NOUN_8_ADJ_a,M,S,le micro avec les raisins qui était là depuis hier est aussi très dur <eos>,13,dur,dure,11,M,P,dur,-4.2408442,dure,-7.6110997,1
7631,S_NOUN_8_ADJ_a,M,S,le micro avec les raisins qui était là depuis hier est aussi très clair <eos>,13,clair,claire,11,M,P,clair,-5.205367,claire,-9.191385,1
7632,S_NOUN_8_ADJ_a,M,S,le micro avec les raisins qui était là depuis hier est aussi très intéressant <eos>,13,intéressant,intéressante,11,M,P,intéressant,-5.844638,intéressante,-10.343119,1
7633,S_NOUN_8_ADJ_a,M,S,le micro avec les raisins qui était là depuis hier est aussi très brillant <eos>,13,brillant,brillante,11,M,P,brillant,-7.3625307,brillante,-11.220122,1
7634,S_NOUN_8_ADJ_a,M,S,le micro avec les raisins qui était là depuis hier est aussi très compliqué <eos>,13,compliqué,compliquée,11,M,P,compliqué,-6.217355,compliquée,-9.741388,1
7635,S_NOUN_8_ADJ_a,M,S,le micro avec les chargeurs qui était là depuis hier est aussi très vert <eos>,13,vert,verte,11,M,P,vert,-11.117417,verte,-15.863375,1
7636,S_NOUN_8_ADJ_a,M,S,le micro avec les chargeurs qui était là depuis hier est aussi très bleu <eos>,13,bleu,bleue,11,M,P,bleu,-11.509236,bleue,-18.405321,1
7637,S_NOUN_8_ADJ_a,M,S,le micro avec les chargeurs qui était là depuis hier est aussi très noir <eos>,13,noir,noire,11,M,P,noir,-9.771351,noire,-15.293295,1
7638,S_NOUN_8_ADJ_a,M,S,le micro avec les chargeurs qui était là depuis hier est aussi très délicat <eos>,13,délicat,délicate,11,M,P,délicat,-7.8625956,délicate,-10.096847,1
7639,S_NOUN_8_ADJ_a,M,S,le micro avec les chargeurs qui était là depuis hier est aussi très pointu <eos>,13,pointu,pointue,11,M,P,pointu,-8.852692,pointue,-13.175024,1
7640,S_NOUN_8_ADJ_a,M,S,le micro avec les chargeurs qui était là depuis hier est aussi très rond <eos>,13,rond,ronde,11,M,P,rond,-10.670265,ronde,-14.48757,1
7641,S_NOUN_8_ADJ_a,M,S,le micro avec les chargeurs qui était là depuis hier est aussi très froid <eos>,13,froid,froide,11,M,P,froid,-7.028857,froide,-12.006507,1
7642,S_NOUN_8_ADJ_a,M,S,le micro avec les chargeurs qui était là depuis hier est aussi très chaud <eos>,13,chaud,chaude,11,M,P,chaud,-6.936092,chaude,-11.180717,1
7643,S_NOUN_8_ADJ_a,M,S,le micro avec les chargeurs qui était là depuis hier est aussi très important <eos>,13,important,importante,11,M,P,important,-3.895061,importante,-7.9982686,1
7644,S_NOUN_8_ADJ_a,M,S,le micro avec les chargeurs qui était là depuis hier est aussi très court <eos>,13,court,courte,11,M,P,court,-5.0064707,courte,-8.872073,1
7645,S_NOUN_8_ADJ_a,M,S,le micro avec les chargeurs qui était là depuis hier est aussi très dur <eos>,13,dur,dure,11,M,P,dur,-5.3421984,dure,-8.923471,1
7646,S_NOUN_8_ADJ_a,M,S,le micro avec les chargeurs qui était là depuis hier est aussi très clair <eos>,13,clair,claire,11,M,P,clair,-7.085492,claire,-11.271976,1
7647,S_NOUN_8_ADJ_a,M,S,le micro avec les chargeurs qui était là depuis hier est aussi très intéressant <eos>,13,intéressant,intéressante,11,M,P,intéressant,-5.800609,intéressante,-10.006446,1
7648,S_NOUN_8_ADJ_a,M,S,le micro avec les chargeurs qui était là depuis hier est aussi très brillant <eos>,13,brillant,brillante,11,M,P,brillant,-8.091378,brillante,-12.392738,1
7649,S_NOUN_8_ADJ_a,M,S,le micro avec les chargeurs qui était là depuis hier est aussi très compliqué <eos>,13,compliqué,compliquée,11,M,P,compliqué,-5.370058,compliquée,-9.123217,1
7650,S_NOUN_8_ADJ_a,M,S,le micro avec les vases qui était là depuis hier est aussi très vert <eos>,13,vert,verte,11,M,P,vert,-10.392848,verte,-14.170211,1
7651,S_NOUN_8_ADJ_a,M,S,le micro avec les vases qui était là depuis hier est aussi très bleu <eos>,13,bleu,bleue,11,M,P,bleu,-10.930973,bleue,-16.440296,1
7652,S_NOUN_8_ADJ_a,M,S,le micro avec les vases qui était là depuis hier est aussi très noir <eos>,13,noir,noire,11,M,P,noir,-10.047479,noire,-13.484161,1
7653,S_NOUN_8_ADJ_a,M,S,le micro avec les vases qui était là depuis hier est aussi très délicat <eos>,13,délicat,délicate,11,M,P,délicat,-7.1394997,délicate,-9.928775,1
7654,S_NOUN_8_ADJ_a,M,S,le micro avec les vases qui était là depuis hier est aussi très pointu <eos>,13,pointu,pointue,11,M,P,pointu,-7.987751,pointue,-12.908718,1
7655,S_NOUN_8_ADJ_a,M,S,le micro avec les vases qui était là depuis hier est aussi très rond <eos>,13,rond,ronde,11,M,P,rond,-10.156565,ronde,-13.196017,1
7656,S_NOUN_8_ADJ_a,M,S,le micro avec les vases qui était là depuis hier est aussi très froid <eos>,13,froid,froide,11,M,P,froid,-7.4526677,froide,-11.773188,1
7657,S_NOUN_8_ADJ_a,M,S,le micro avec les vases qui était là depuis hier est aussi très chaud <eos>,13,chaud,chaude,11,M,P,chaud,-6.5349603,chaude,-10.784477,1
7658,S_NOUN_8_ADJ_a,M,S,le micro avec les vases qui était là depuis hier est aussi très important <eos>,13,important,importante,11,M,P,important,-4.997279,importante,-8.85881,1
7659,S_NOUN_8_ADJ_a,M,S,le micro avec les vases qui était là depuis hier est aussi très court <eos>,13,court,courte,11,M,P,court,-4.869066,courte,-9.588243,1
7660,S_NOUN_8_ADJ_a,M,S,le micro avec les vases qui était là depuis hier est aussi très dur <eos>,13,dur,dure,11,M,P,dur,-5.2703404,dure,-7.9063106,1
7661,S_NOUN_8_ADJ_a,M,S,le micro avec les vases qui était là depuis hier est aussi très clair <eos>,13,clair,claire,11,M,P,clair,-5.5794,claire,-9.246386,1
7662,S_NOUN_8_ADJ_a,M,S,le micro avec les vases qui était là depuis hier est aussi très intéressant <eos>,13,intéressant,intéressante,11,M,P,intéressant,-5.9088826,intéressante,-10.180929,1
7663,S_NOUN_8_ADJ_a,M,S,le micro avec les vases qui était là depuis hier est aussi très brillant <eos>,13,brillant,brillante,11,M,P,brillant,-7.3104687,brillante,-10.715921,1
7664,S_NOUN_8_ADJ_a,M,S,le micro avec les vases qui était là depuis hier est aussi très compliqué <eos>,13,compliqué,compliquée,11,M,P,compliqué,-6.1189675,compliquée,-9.422214,1
7665,S_NOUN_8_ADJ_a,M,S,le micro avec les paniers qui était là depuis hier est aussi très vert <eos>,13,vert,verte,11,M,P,vert,-10.263306,verte,-14.362313,1
7666,S_NOUN_8_ADJ_a,M,S,le micro avec les paniers qui était là depuis hier est aussi très bleu <eos>,13,bleu,bleue,11,M,P,bleu,-10.61125,bleue,-16.519627,1
7667,S_NOUN_8_ADJ_a,M,S,le micro avec les paniers qui était là depuis hier est aussi très noir <eos>,13,noir,noire,11,M,P,noir,-9.360253,noire,-13.3043995,1
7668,S_NOUN_8_ADJ_a,M,S,le micro avec les paniers qui était là depuis hier est aussi très délicat <eos>,13,délicat,délicate,11,M,P,délicat,-7.362173,délicate,-10.292499,1
7669,S_NOUN_8_ADJ_a,M,S,le micro avec les paniers qui était là depuis hier est aussi très pointu <eos>,13,pointu,pointue,11,M,P,pointu,-7.388646,pointue,-12.632529,1
7670,S_NOUN_8_ADJ_a,M,S,le micro avec les paniers qui était là depuis hier est aussi très rond <eos>,13,rond,ronde,11,M,P,rond,-10.15388,ronde,-13.183191,1
7671,S_NOUN_8_ADJ_a,M,S,le micro avec les paniers qui était là depuis hier est aussi très froid <eos>,13,froid,froide,11,M,P,froid,-7.195088,froide,-11.984291,1
7672,S_NOUN_8_ADJ_a,M,S,le micro avec les paniers qui était là depuis hier est aussi très chaud <eos>,13,chaud,chaude,11,M,P,chaud,-6.587963,chaude,-11.130783,1
7673,S_NOUN_8_ADJ_a,M,S,le micro avec les paniers qui était là depuis hier est aussi très important <eos>,13,important,importante,11,M,P,important,-5.0325627,importante,-9.049528,1
7674,S_NOUN_8_ADJ_a,M,S,le micro avec les paniers qui était là depuis hier est aussi très court <eos>,13,court,courte,11,M,P,court,-4.5572395,courte,-9.057613,1
7675,S_NOUN_8_ADJ_a,M,S,le micro avec les paniers qui était là depuis hier est aussi très dur <eos>,13,dur,dure,11,M,P,dur,-5.1916437,dure,-7.8410053,1
7676,S_NOUN_8_ADJ_a,M,S,le micro avec les paniers qui était là depuis hier est aussi très clair <eos>,13,clair,claire,11,M,P,clair,-5.643822,claire,-9.389526,1
7677,S_NOUN_8_ADJ_a,M,S,le micro avec les paniers qui était là depuis hier est aussi très intéressant <eos>,13,intéressant,intéressante,11,M,P,intéressant,-5.9825687,intéressante,-10.204014,1
7678,S_NOUN_8_ADJ_a,M,S,le micro avec les paniers qui était là depuis hier est aussi très brillant <eos>,13,brillant,brillante,11,M,P,brillant,-7.6497493,brillante,-11.4559555,1
7679,S_NOUN_8_ADJ_a,M,S,le micro avec les paniers qui était là depuis hier est aussi très compliqué <eos>,13,compliqué,compliquée,11,M,P,compliqué,-5.5406427,compliquée,-8.8075905,1
7680,S_NOUN_8_ADJ_a,M,S,le micro avec les colliers qui était là depuis hier est aussi très vert <eos>,13,vert,verte,11,M,P,vert,-10.283439,verte,-14.406925,1
7681,S_NOUN_8_ADJ_a,M,S,le micro avec les colliers qui était là depuis hier est aussi très bleu <eos>,13,bleu,bleue,11,M,P,bleu,-10.765202,bleue,-16.68999,1
7682,S_NOUN_8_ADJ_a,M,S,le micro avec les colliers qui était là depuis hier est aussi très noir <eos>,13,noir,noire,11,M,P,noir,-9.809769,noire,-13.648178,1
7683,S_NOUN_8_ADJ_a,M,S,le micro avec les colliers qui était là depuis hier est aussi très délicat <eos>,13,délicat,délicate,11,M,P,délicat,-7.1469173,délicate,-9.929326,1
7684,S_NOUN_8_ADJ_a,M,S,le micro avec les colliers qui était là depuis hier est aussi très pointu <eos>,13,pointu,pointue,11,M,P,pointu,-7.8200274,pointue,-12.426695,1
7685,S_NOUN_8_ADJ_a,M,S,le micro avec les colliers qui était là depuis hier est aussi très rond <eos>,13,rond,ronde,11,M,P,rond,-10.276063,ronde,-13.39429,1
7686,S_NOUN_8_ADJ_a,M,S,le micro avec les colliers qui était là depuis hier est aussi très froid <eos>,13,froid,froide,11,M,P,froid,-7.905732,froide,-12.030938,1
7687,S_NOUN_8_ADJ_a,M,S,le micro avec les colliers qui était là depuis hier est aussi très chaud <eos>,13,chaud,chaude,11,M,P,chaud,-7.236062,chaude,-11.146363,1
7688,S_NOUN_8_ADJ_a,M,S,le micro avec les colliers qui était là depuis hier est aussi très important <eos>,13,important,importante,11,M,P,important,-4.9907904,importante,-8.815146,1
7689,S_NOUN_8_ADJ_a,M,S,le micro avec les colliers qui était là depuis hier est aussi très court <eos>,13,court,courte,11,M,P,court,-4.694418,courte,-8.965881,1
7690,S_NOUN_8_ADJ_a,M,S,le micro avec les colliers qui était là depuis hier est aussi très dur <eos>,13,dur,dure,11,M,P,dur,-5.2013283,dure,-7.9510307,1
7691,S_NOUN_8_ADJ_a,M,S,le micro avec les colliers qui était là depuis hier est aussi très clair <eos>,13,clair,claire,11,M,P,clair,-5.7174463,claire,-9.615653,1
7692,S_NOUN_8_ADJ_a,M,S,le micro avec les colliers qui était là depuis hier est aussi très intéressant <eos>,13,intéressant,intéressante,11,M,P,intéressant,-6.0104504,intéressante,-10.223957,1
7693,S_NOUN_8_ADJ_a,M,S,le micro avec les colliers qui était là depuis hier est aussi très brillant <eos>,13,brillant,brillante,11,M,P,brillant,-7.2725306,brillante,-10.755699,1
7694,S_NOUN_8_ADJ_a,M,S,le micro avec les colliers qui était là depuis hier est aussi très compliqué <eos>,13,compliqué,compliquée,11,M,P,compliqué,-5.5057216,compliquée,-8.952372,1
7695,S_NOUN_8_ADJ_a,M,S,le micro avec les chapeaux qui était là depuis hier est aussi très vert <eos>,13,vert,verte,11,M,P,vert,-10.122353,verte,-14.165077,1
7696,S_NOUN_8_ADJ_a,M,S,le micro avec les chapeaux qui était là depuis hier est aussi très bleu <eos>,13,bleu,bleue,11,M,P,bleu,-10.226165,bleue,-16.22318,1
7697,S_NOUN_8_ADJ_a,M,S,le micro avec les chapeaux qui était là depuis hier est aussi très noir <eos>,13,noir,noire,11,M,P,noir,-8.943586,noire,-13.268114,1
7698,S_NOUN_8_ADJ_a,M,S,le micro avec les chapeaux qui était là depuis hier est aussi très délicat <eos>,13,délicat,délicate,11,M,P,délicat,-7.753703,délicate,-10.882081,1
7699,S_NOUN_8_ADJ_a,M,S,le micro avec les chapeaux qui était là depuis hier est aussi très pointu <eos>,13,pointu,pointue,11,M,P,pointu,-7.7530127,pointue,-13.349762,1
7700,S_NOUN_8_ADJ_a,M,S,le micro avec les chapeaux qui était là depuis hier est aussi très rond <eos>,13,rond,ronde,11,M,P,rond,-10.510348,ronde,-13.66553,1
7701,S_NOUN_8_ADJ_a,M,S,le micro avec les chapeaux qui était là depuis hier est aussi très froid <eos>,13,froid,froide,11,M,P,froid,-7.1852226,froide,-12.412054,1
7702,S_NOUN_8_ADJ_a,M,S,le micro avec les chapeaux qui était là depuis hier est aussi très chaud <eos>,13,chaud,chaude,11,M,P,chaud,-6.946391,chaude,-11.240363,1
7703,S_NOUN_8_ADJ_a,M,S,le micro avec les chapeaux qui était là depuis hier est aussi très important <eos>,13,important,importante,11,M,P,important,-5.038885,importante,-9.139613,1
7704,S_NOUN_8_ADJ_a,M,S,le micro avec les chapeaux qui était là depuis hier est aussi très court <eos>,13,court,courte,11,M,P,court,-4.714669,courte,-9.042201,1
7705,S_NOUN_8_ADJ_a,M,S,le micro avec les chapeaux qui était là depuis hier est aussi très dur <eos>,13,dur,dure,11,M,P,dur,-5.9003916,dure,-8.055069,1
7706,S_NOUN_8_ADJ_a,M,S,le micro avec les chapeaux qui était là depuis hier est aussi très clair <eos>,13,clair,claire,11,M,P,clair,-5.8360796,claire,-9.657653,1
7707,S_NOUN_8_ADJ_a,M,S,le micro avec les chapeaux qui était là depuis hier est aussi très intéressant <eos>,13,intéressant,intéressante,11,M,P,intéressant,-6.1177735,intéressante,-10.267622,1
7708,S_NOUN_8_ADJ_a,M,S,le micro avec les chapeaux qui était là depuis hier est aussi très brillant <eos>,13,brillant,brillante,11,M,P,brillant,-7.834058,brillante,-11.534971,1
7709,S_NOUN_8_ADJ_a,M,S,le micro avec les chapeaux qui était là depuis hier est aussi très compliqué <eos>,13,compliqué,compliquée,11,M,P,compliqué,-5.8180294,compliquée,-9.573273,1
7710,S_NOUN_8_ADJ_a,M,S,le micro avec les pots qui était là depuis hier est aussi très vert <eos>,13,vert,verte,11,M,P,vert,-9.754419,verte,-14.319628,1
7711,S_NOUN_8_ADJ_a,M,S,le micro avec les pots qui était là depuis hier est aussi très bleu <eos>,13,bleu,bleue,11,M,P,bleu,-10.82224,bleue,-17.161785,1
7712,S_NOUN_8_ADJ_a,M,S,le micro avec les pots qui était là depuis hier est aussi très noir <eos>,13,noir,noire,11,M,P,noir,-9.656456,noire,-14.260974,1
7713,S_NOUN_8_ADJ_a,M,S,le micro avec les pots qui était là depuis hier est aussi très délicat <eos>,13,délicat,délicate,11,M,P,délicat,-6.9695134,délicate,-9.7931795,1
7714,S_NOUN_8_ADJ_a,M,S,le micro avec les pots qui était là depuis hier est aussi très pointu <eos>,13,pointu,pointue,11,M,P,pointu,-8.317026,pointue,-13.079767,1
7715,S_NOUN_8_ADJ_a,M,S,le micro avec les pots qui était là depuis hier est aussi très rond <eos>,13,rond,ronde,11,M,P,rond,-10.252314,ronde,-13.171724,1
7716,S_NOUN_8_ADJ_a,M,S,le micro avec les pots qui était là depuis hier est aussi très froid <eos>,13,froid,froide,11,M,P,froid,-6.5815525,froide,-11.160807,1
7717,S_NOUN_8_ADJ_a,M,S,le micro avec les pots qui était là depuis hier est aussi très chaud <eos>,13,chaud,chaude,11,M,P,chaud,-5.595706,chaude,-9.890722,1
7718,S_NOUN_8_ADJ_a,M,S,le micro avec les pots qui était là depuis hier est aussi très important <eos>,13,important,importante,11,M,P,important,-4.735895,importante,-8.484521,1
7719,S_NOUN_8_ADJ_a,M,S,le micro avec les pots qui était là depuis hier est aussi très court <eos>,13,court,courte,11,M,P,court,-5.3135324,courte,-9.892527,1
7720,S_NOUN_8_ADJ_a,M,S,le micro avec les pots qui était là depuis hier est aussi très dur <eos>,13,dur,dure,11,M,P,dur,-4.8485503,dure,-7.880323,1
7721,S_NOUN_8_ADJ_a,M,S,le micro avec les pots qui était là depuis hier est aussi très clair <eos>,13,clair,claire,11,M,P,clair,-6.119089,claire,-9.765596,1
7722,S_NOUN_8_ADJ_a,M,S,le micro avec les pots qui était là depuis hier est aussi très intéressant <eos>,13,intéressant,intéressante,11,M,P,intéressant,-5.8068547,intéressante,-9.891026,1
7723,S_NOUN_8_ADJ_a,M,S,le micro avec les pots qui était là depuis hier est aussi très brillant <eos>,13,brillant,brillante,11,M,P,brillant,-7.137863,brillante,-11.065896,1
7724,S_NOUN_8_ADJ_a,M,S,le micro avec les pots qui était là depuis hier est aussi très compliqué <eos>,13,compliqué,compliquée,11,M,P,compliqué,-5.828119,compliquée,-9.177786,1
7725,S_NOUN_8_ADJ_a,M,S,le micro avec les coussins qui était là depuis hier est aussi très vert <eos>,13,vert,verte,11,M,P,vert,-10.439655,verte,-14.85186,1
7726,S_NOUN_8_ADJ_a,M,S,le micro avec les coussins qui était là depuis hier est aussi très bleu <eos>,13,bleu,bleue,11,M,P,bleu,-10.910938,bleue,-17.008183,1
7727,S_NOUN_8_ADJ_a,M,S,le micro avec les coussins qui était là depuis hier est aussi très noir <eos>,13,noir,noire,11,M,P,noir,-9.63628,noire,-14.102105,1
7728,S_NOUN_8_ADJ_a,M,S,le micro avec les coussins qui était là depuis hier est aussi très délicat <eos>,13,délicat,délicate,11,M,P,délicat,-7.5920334,délicate,-10.418338,1
7729,S_NOUN_8_ADJ_a,M,S,le micro avec les coussins qui était là depuis hier est aussi très pointu <eos>,13,pointu,pointue,11,M,P,pointu,-7.9330597,pointue,-12.965945,1
7730,S_NOUN_8_ADJ_a,M,S,le micro avec les coussins qui était là depuis hier est aussi très rond <eos>,13,rond,ronde,11,M,P,rond,-10.535948,ronde,-13.760099,1
7731,S_NOUN_8_ADJ_a,M,S,le micro avec les coussins qui était là depuis hier est aussi très froid <eos>,13,froid,froide,11,M,P,froid,-7.233026,froide,-11.8378315,1
7732,S_NOUN_8_ADJ_a,M,S,le micro avec les coussins qui était là depuis hier est aussi très chaud <eos>,13,chaud,chaude,11,M,P,chaud,-6.640424,chaude,-10.599127,1
7733,S_NOUN_8_ADJ_a,M,S,le micro avec les coussins qui était là depuis hier est aussi très important <eos>,13,important,importante,11,M,P,important,-4.9289937,importante,-8.903013,1
7734,S_NOUN_8_ADJ_a,M,S,le micro avec les coussins qui était là depuis hier est aussi très court <eos>,13,court,courte,11,M,P,court,-4.9458103,courte,-9.454733,1
7735,S_NOUN_8_ADJ_a,M,S,le micro avec les coussins qui était là depuis hier est aussi très dur <eos>,13,dur,dure,11,M,P,dur,-5.6200867,dure,-8.059519,1
7736,S_NOUN_8_ADJ_a,M,S,le micro avec les coussins qui était là depuis hier est aussi très clair <eos>,13,clair,claire,11,M,P,clair,-6.214698,claire,-9.838013,1
7737,S_NOUN_8_ADJ_a,M,S,le micro avec les coussins qui était là depuis hier est aussi très intéressant <eos>,13,intéressant,intéressante,11,M,P,intéressant,-6.0656815,intéressante,-10.161285,1
7738,S_NOUN_8_ADJ_a,M,S,le micro avec les coussins qui était là depuis hier est aussi très brillant <eos>,13,brillant,brillante,11,M,P,brillant,-7.665056,brillante,-11.639008,1
7739,S_NOUN_8_ADJ_a,M,S,le micro avec les coussins qui était là depuis hier est aussi très compliqué <eos>,13,compliqué,compliquée,11,M,P,compliqué,-5.568062,compliquée,-8.857246,1
7740,S_NOUN_8_ADJ_a,M,S,le micro avec les jouets qui était là depuis hier est aussi très vert <eos>,13,vert,verte,11,M,P,vert,-10.629429,verte,-14.5192795,1
7741,S_NOUN_8_ADJ_a,M,S,le micro avec les jouets qui était là depuis hier est aussi très bleu <eos>,13,bleu,bleue,11,M,P,bleu,-11.120024,bleue,-16.984873,1
7742,S_NOUN_8_ADJ_a,M,S,le micro avec les jouets qui était là depuis hier est aussi très noir <eos>,13,noir,noire,11,M,P,noir,-9.411391,noire,-14.258642,1
7743,S_NOUN_8_ADJ_a,M,S,le micro avec les jouets qui était là depuis hier est aussi très délicat <eos>,13,délicat,délicate,11,M,P,délicat,-7.9253874,délicate,-10.7495,1
7744,S_NOUN_8_ADJ_a,M,S,le micro avec les jouets qui était là depuis hier est aussi très pointu <eos>,13,pointu,pointue,11,M,P,pointu,-8.073353,pointue,-13.856247,1
7745,S_NOUN_8_ADJ_a,M,S,le micro avec les jouets qui était là depuis hier est aussi très rond <eos>,13,rond,ronde,11,M,P,rond,-11.314075,ronde,-14.981474,1
7746,S_NOUN_8_ADJ_a,M,S,le micro avec les jouets qui était là depuis hier est aussi très froid <eos>,13,froid,froide,11,M,P,froid,-6.9342527,froide,-12.554032,1
7747,S_NOUN_8_ADJ_a,M,S,le micro avec les jouets qui était là depuis hier est aussi très chaud <eos>,13,chaud,chaude,11,M,P,chaud,-6.9487357,chaude,-11.509754,1
7748,S_NOUN_8_ADJ_a,M,S,le micro avec les jouets qui était là depuis hier est aussi très important <eos>,13,important,importante,11,M,P,important,-4.6838894,importante,-8.646748,1
7749,S_NOUN_8_ADJ_a,M,S,le micro avec les jouets qui était là depuis hier est aussi très court <eos>,13,court,courte,11,M,P,court,-5.144128,courte,-9.861961,1
7750,S_NOUN_8_ADJ_a,M,S,le micro avec les jouets qui était là depuis hier est aussi très dur <eos>,13,dur,dure,11,M,P,dur,-5.8678236,dure,-8.203025,1
7751,S_NOUN_8_ADJ_a,M,S,le micro avec les jouets qui était là depuis hier est aussi très clair <eos>,13,clair,claire,11,M,P,clair,-6.0726705,claire,-9.622362,1
7752,S_NOUN_8_ADJ_a,M,S,le micro avec les jouets qui était là depuis hier est aussi très intéressant <eos>,13,intéressant,intéressante,11,M,P,intéressant,-5.82242,intéressante,-10.02817,1
7753,S_NOUN_8_ADJ_a,M,S,le micro avec les jouets qui était là depuis hier est aussi très brillant <eos>,13,brillant,brillante,11,M,P,brillant,-7.8169017,brillante,-11.487022,1
7754,S_NOUN_8_ADJ_a,M,S,le micro avec les jouets qui était là depuis hier est aussi très compliqué <eos>,13,compliqué,compliquée,11,M,P,compliqué,-5.9715643,compliquée,-9.230709,1
7755,S_NOUN_8_ADJ_a,M,S,le micro avec les clous qui était là depuis hier est aussi très vert <eos>,13,vert,verte,11,M,P,vert,-10.158966,verte,-14.714849,1
7756,S_NOUN_8_ADJ_a,M,S,le micro avec les clous qui était là depuis hier est aussi très bleu <eos>,13,bleu,bleue,11,M,P,bleu,-10.794012,bleue,-16.933842,1
7757,S_NOUN_8_ADJ_a,M,S,le micro avec les clous qui était là depuis hier est aussi très noir <eos>,13,noir,noire,11,M,P,noir,-9.518713,noire,-13.869915,1
7758,S_NOUN_8_ADJ_a,M,S,le micro avec les clous qui était là depuis hier est aussi très délicat <eos>,13,délicat,délicate,11,M,P,délicat,-6.897955,délicate,-9.748354,1
7759,S_NOUN_8_ADJ_a,M,S,le micro avec les clous qui était là depuis hier est aussi très pointu <eos>,13,pointu,pointue,11,M,P,pointu,-7.747153,pointue,-12.809193,1
7760,S_NOUN_8_ADJ_a,M,S,le micro avec les clous qui était là depuis hier est aussi très rond <eos>,13,rond,ronde,11,M,P,rond,-10.258534,ronde,-13.486149,1
7761,S_NOUN_8_ADJ_a,M,S,le micro avec les clous qui était là depuis hier est aussi très froid <eos>,13,froid,froide,11,M,P,froid,-6.8024426,froide,-11.642522,1
7762,S_NOUN_8_ADJ_a,M,S,le micro avec les clous qui était là depuis hier est aussi très chaud <eos>,13,chaud,chaude,11,M,P,chaud,-6.380228,chaude,-10.760913,1
7763,S_NOUN_8_ADJ_a,M,S,le micro avec les clous qui était là depuis hier est aussi très important <eos>,13,important,importante,11,M,P,important,-4.8153925,importante,-8.875215,1
7764,S_NOUN_8_ADJ_a,M,S,le micro avec les clous qui était là depuis hier est aussi très court <eos>,13,court,courte,11,M,P,court,-4.7658906,courte,-9.411177,1
7765,S_NOUN_8_ADJ_a,M,S,le micro avec les clous qui était là depuis hier est aussi très dur <eos>,13,dur,dure,11,M,P,dur,-4.7326174,dure,-7.8179846,1
7766,S_NOUN_8_ADJ_a,M,S,le micro avec les clous qui était là depuis hier est aussi très clair <eos>,13,clair,claire,11,M,P,clair,-5.8118105,claire,-9.556773,1
7767,S_NOUN_8_ADJ_a,M,S,le micro avec les clous qui était là depuis hier est aussi très intéressant <eos>,13,intéressant,intéressante,11,M,P,intéressant,-5.7447977,intéressante,-10.22596,1
7768,S_NOUN_8_ADJ_a,M,S,le micro avec les clous qui était là depuis hier est aussi très brillant <eos>,13,brillant,brillante,11,M,P,brillant,-7.6230645,brillante,-11.498808,1
7769,S_NOUN_8_ADJ_a,M,S,le micro avec les clous qui était là depuis hier est aussi très compliqué <eos>,13,compliqué,compliquée,11,M,P,compliqué,-5.593202,compliquée,-8.935482,1
7770,S_NOUN_8_ADJ_a,M,S,le micro avec les billets qui était là depuis hier est aussi très vert <eos>,13,vert,verte,11,M,P,vert,-10.397148,verte,-15.17313,1
7771,S_NOUN_8_ADJ_a,M,S,le micro avec les billets qui était là depuis hier est aussi très bleu <eos>,13,bleu,bleue,11,M,P,bleu,-10.809425,bleue,-17.895414,1
7772,S_NOUN_8_ADJ_a,M,S,le micro avec les billets qui était là depuis hier est aussi très noir <eos>,13,noir,noire,11,M,P,noir,-9.622045,noire,-14.971222,1
7773,S_NOUN_8_ADJ_a,M,S,le micro avec les billets qui était là depuis hier est aussi très délicat <eos>,13,délicat,délicate,11,M,P,délicat,-7.694974,délicate,-10.54944,1
7774,S_NOUN_8_ADJ_a,M,S,le micro avec les billets qui était là depuis hier est aussi très pointu <eos>,13,pointu,pointue,11,M,P,pointu,-9.184293,pointue,-13.961365,1
7775,S_NOUN_8_ADJ_a,M,S,le micro avec les billets qui était là depuis hier est aussi très rond <eos>,13,rond,ronde,11,M,P,rond,-11.549695,ronde,-15.235557,1
7776,S_NOUN_8_ADJ_a,M,S,le micro avec les billets qui était là depuis hier est aussi très froid <eos>,13,froid,froide,11,M,P,froid,-8.044602,froide,-13.390398,1
7777,S_NOUN_8_ADJ_a,M,S,le micro avec les billets qui était là depuis hier est aussi très chaud <eos>,13,chaud,chaude,11,M,P,chaud,-7.429207,chaude,-11.82774,1
7778,S_NOUN_8_ADJ_a,M,S,le micro avec les billets qui était là depuis hier est aussi très important <eos>,13,important,importante,11,M,P,important,-4.0619254,importante,-8.135736,1
7779,S_NOUN_8_ADJ_a,M,S,le micro avec les billets qui était là depuis hier est aussi très court <eos>,13,court,courte,11,M,P,court,-4.685629,courte,-9.094719,1
7780,S_NOUN_8_ADJ_a,M,S,le micro avec les billets qui était là depuis hier est aussi très dur <eos>,13,dur,dure,11,M,P,dur,-6.00883,dure,-9.223112,1
7781,S_NOUN_8_ADJ_a,M,S,le micro avec les billets qui était là depuis hier est aussi très clair <eos>,13,clair,claire,11,M,P,clair,-6.3074455,claire,-10.311851,1
7782,S_NOUN_8_ADJ_a,M,S,le micro avec les billets qui était là depuis hier est aussi très intéressant <eos>,13,intéressant,intéressante,11,M,P,intéressant,-5.9593086,intéressante,-9.613922,1
7783,S_NOUN_8_ADJ_a,M,S,le micro avec les billets qui était là depuis hier est aussi très brillant <eos>,13,brillant,brillante,11,M,P,brillant,-8.14875,brillante,-12.285105,1
7784,S_NOUN_8_ADJ_a,M,S,le micro avec les billets qui était là depuis hier est aussi très compliqué <eos>,13,compliqué,compliquée,11,M,P,compliqué,-5.752756,compliquée,-9.755377,1
7785,S_NOUN_8_ADJ_a,M,S,le micro avec les légumes qui était là depuis hier est aussi très vert <eos>,13,vert,verte,11,M,P,vert,-10.039461,verte,-14.496139,1
7786,S_NOUN_8_ADJ_a,M,S,le micro avec les légumes qui était là depuis hier est aussi très bleu <eos>,13,bleu,bleue,11,M,P,bleu,-10.999624,bleue,-16.930523,1
7787,S_NOUN_8_ADJ_a,M,S,le micro avec les légumes qui était là depuis hier est aussi très noir <eos>,13,noir,noire,11,M,P,noir,-9.81518,noire,-14.271593,1
7788,S_NOUN_8_ADJ_a,M,S,le micro avec les légumes qui était là depuis hier est aussi très délicat <eos>,13,délicat,délicate,11,M,P,délicat,-6.843687,délicate,-9.687516,1
7789,S_NOUN_8_ADJ_a,M,S,le micro avec les légumes qui était là depuis hier est aussi très pointu <eos>,13,pointu,pointue,11,M,P,pointu,-7.8996673,pointue,-13.485989,1
7790,S_NOUN_8_ADJ_a,M,S,le micro avec les légumes qui était là depuis hier est aussi très rond <eos>,13,rond,ronde,11,M,P,rond,-10.542413,ronde,-13.628002,1
7791,S_NOUN_8_ADJ_a,M,S,le micro avec les légumes qui était là depuis hier est aussi très froid <eos>,13,froid,froide,11,M,P,froid,-5.875012,froide,-11.095142,1
7792,S_NOUN_8_ADJ_a,M,S,le micro avec les légumes qui était là depuis hier est aussi très chaud <eos>,13,chaud,chaude,11,M,P,chaud,-5.5716276,chaude,-10.177349,1
7793,S_NOUN_8_ADJ_a,M,S,le micro avec les légumes qui était là depuis hier est aussi très important <eos>,13,important,importante,11,M,P,important,-4.6381416,importante,-8.480848,1
7794,S_NOUN_8_ADJ_a,M,S,le micro avec les légumes qui était là depuis hier est aussi très court <eos>,13,court,courte,11,M,P,court,-5.2996883,courte,-10.122222,1
7795,S_NOUN_8_ADJ_a,M,S,le micro avec les légumes qui était là depuis hier est aussi très dur <eos>,13,dur,dure,11,M,P,dur,-4.9630775,dure,-7.5403147,1
7796,S_NOUN_8_ADJ_a,M,S,le micro avec les légumes qui était là depuis hier est aussi très clair <eos>,13,clair,claire,11,M,P,clair,-5.532654,claire,-9.617048,1
7797,S_NOUN_8_ADJ_a,M,S,le micro avec les légumes qui était là depuis hier est aussi très intéressant <eos>,13,intéressant,intéressante,11,M,P,intéressant,-5.982569,intéressante,-10.390373,1
7798,S_NOUN_8_ADJ_a,M,S,le micro avec les légumes qui était là depuis hier est aussi très brillant <eos>,13,brillant,brillante,11,M,P,brillant,-7.543746,brillante,-11.403339,1
7799,S_NOUN_8_ADJ_a,M,S,le micro avec les légumes qui était là depuis hier est aussi très compliqué <eos>,13,compliqué,compliquée,11,M,P,compliqué,-6.412696,compliquée,-9.869556,1
7800,S_NOUN_8_ADJ_a,M,S,le sac avec les bracelets qui était là depuis hier est aussi très vert <eos>,13,vert,verte,11,M,P,vert,-10.983252,verte,-14.893322,1
7801,S_NOUN_8_ADJ_a,M,S,le sac avec les bracelets qui était là depuis hier est aussi très bleu <eos>,13,bleu,bleue,11,M,P,bleu,-11.244418,bleue,-17.22272,1
7802,S_NOUN_8_ADJ_a,M,S,le sac avec les bracelets qui était là depuis hier est aussi très noir <eos>,13,noir,noire,11,M,P,noir,-9.919472,noire,-13.968048,1
7803,S_NOUN_8_ADJ_a,M,S,le sac avec les bracelets qui était là depuis hier est aussi très délicat <eos>,13,délicat,délicate,11,M,P,délicat,-6.625124,délicate,-9.014203,1
7804,S_NOUN_8_ADJ_a,M,S,le sac avec les bracelets qui était là depuis hier est aussi très pointu <eos>,13,pointu,pointue,11,M,P,pointu,-8.402895,pointue,-13.492226,1
7805,S_NOUN_8_ADJ_a,M,S,le sac avec les bracelets qui était là depuis hier est aussi très rond <eos>,13,rond,ronde,11,M,P,rond,-10.80364,ronde,-14.072846,1
7806,S_NOUN_8_ADJ_a,M,S,le sac avec les bracelets qui était là depuis hier est aussi très froid <eos>,13,froid,froide,11,M,P,froid,-7.300831,froide,-12.596374,1
7807,S_NOUN_8_ADJ_a,M,S,le sac avec les bracelets qui était là depuis hier est aussi très chaud <eos>,13,chaud,chaude,11,M,P,chaud,-7.0608187,chaude,-11.418081,1
7808,S_NOUN_8_ADJ_a,M,S,le sac avec les bracelets qui était là depuis hier est aussi très important <eos>,13,important,importante,11,M,P,important,-4.5666304,importante,-8.80024,1
7809,S_NOUN_8_ADJ_a,M,S,le sac avec les bracelets qui était là depuis hier est aussi très court <eos>,13,court,courte,11,M,P,court,-5.049239,courte,-9.456934,1
7810,S_NOUN_8_ADJ_a,M,S,le sac avec les bracelets qui était là depuis hier est aussi très dur <eos>,13,dur,dure,11,M,P,dur,-4.6814556,dure,-7.910058,1
7811,S_NOUN_8_ADJ_a,M,S,le sac avec les bracelets qui était là depuis hier est aussi très clair <eos>,13,clair,claire,11,M,P,clair,-6.1288347,claire,-9.543208,1
7812,S_NOUN_8_ADJ_a,M,S,le sac avec les bracelets qui était là depuis hier est aussi très intéressant <eos>,13,intéressant,intéressante,11,M,P,intéressant,-5.756369,intéressante,-10.167093,1
7813,S_NOUN_8_ADJ_a,M,S,le sac avec les bracelets qui était là depuis hier est aussi très brillant <eos>,13,brillant,brillante,11,M,P,brillant,-7.528965,brillante,-11.416853,1
7814,S_NOUN_8_ADJ_a,M,S,le sac avec les bracelets qui était là depuis hier est aussi très compliqué <eos>,13,compliqué,compliquée,11,M,P,compliqué,-4.707526,compliquée,-8.37446,1
7815,S_NOUN_8_ADJ_a,M,S,le sac avec les miroirs qui était là depuis hier est aussi très vert <eos>,13,vert,verte,11,M,P,vert,-10.868668,verte,-14.951637,1
7816,S_NOUN_8_ADJ_a,M,S,le sac avec les miroirs qui était là depuis hier est aussi très bleu <eos>,13,bleu,bleue,11,M,P,bleu,-11.265456,bleue,-17.46788,1
7817,S_NOUN_8_ADJ_a,M,S,le sac avec les miroirs qui était là depuis hier est aussi très noir <eos>,13,noir,noire,11,M,P,noir,-9.984277,noire,-14.693739,1
7818,S_NOUN_8_ADJ_a,M,S,le sac avec les miroirs qui était là depuis hier est aussi très délicat <eos>,13,délicat,délicate,11,M,P,délicat,-6.439943,délicate,-8.9312725,1
7819,S_NOUN_8_ADJ_a,M,S,le sac avec les miroirs qui était là depuis hier est aussi très pointu <eos>,13,pointu,pointue,11,M,P,pointu,-8.661634,pointue,-13.501707,1
7820,S_NOUN_8_ADJ_a,M,S,le sac avec les miroirs qui était là depuis hier est aussi très rond <eos>,13,rond,ronde,11,M,P,rond,-10.82656,ronde,-14.509123,1
7821,S_NOUN_8_ADJ_a,M,S,le sac avec les miroirs qui était là depuis hier est aussi très froid <eos>,13,froid,froide,11,M,P,froid,-6.685504,froide,-12.012119,1
7822,S_NOUN_8_ADJ_a,M,S,le sac avec les miroirs qui était là depuis hier est aussi très chaud <eos>,13,chaud,chaude,11,M,P,chaud,-6.5945005,chaude,-10.780052,1
7823,S_NOUN_8_ADJ_a,M,S,le sac avec les miroirs qui était là depuis hier est aussi très important <eos>,13,important,importante,11,M,P,important,-4.4629765,importante,-8.698144,1
7824,S_NOUN_8_ADJ_a,M,S,le sac avec les miroirs qui était là depuis hier est aussi très court <eos>,13,court,courte,11,M,P,court,-5.0842104,courte,-9.489609,1
7825,S_NOUN_8_ADJ_a,M,S,le sac avec les miroirs qui était là depuis hier est aussi très dur <eos>,13,dur,dure,11,M,P,dur,-4.4396696,dure,-7.876686,1
7826,S_NOUN_8_ADJ_a,M,S,le sac avec les miroirs qui était là depuis hier est aussi très clair <eos>,13,clair,claire,11,M,P,clair,-5.966997,claire,-9.624627,1
7827,S_NOUN_8_ADJ_a,M,S,le sac avec les miroirs qui était là depuis hier est aussi très intéressant <eos>,13,intéressant,intéressante,11,M,P,intéressant,-5.5086346,intéressante,-9.902027,1
7828,S_NOUN_8_ADJ_a,M,S,le sac avec les miroirs qui était là depuis hier est aussi très brillant <eos>,13,brillant,brillante,11,M,P,brillant,-7.0317807,brillante,-10.702803,1
7829,S_NOUN_8_ADJ_a,M,S,le sac avec les miroirs qui était là depuis hier est aussi très compliqué <eos>,13,compliqué,compliquée,11,M,P,compliqué,-4.625058,compliquée,-7.82454,1
7830,S_NOUN_8_ADJ_a,M,S,le sac avec les crayons qui était là depuis hier est aussi très vert <eos>,13,vert,verte,11,M,P,vert,-10.242594,verte,-14.581488,1
7831,S_NOUN_8_ADJ_a,M,S,le sac avec les crayons qui était là depuis hier est aussi très bleu <eos>,13,bleu,bleue,11,M,P,bleu,-10.740164,bleue,-17.249638,1
7832,S_NOUN_8_ADJ_a,M,S,le sac avec les crayons qui était là depuis hier est aussi très noir <eos>,13,noir,noire,11,M,P,noir,-9.709302,noire,-14.170681,1
7833,S_NOUN_8_ADJ_a,M,S,le sac avec les crayons qui était là depuis hier est aussi très délicat <eos>,13,délicat,délicate,11,M,P,délicat,-6.071168,délicate,-9.02959,1
7834,S_NOUN_8_ADJ_a,M,S,le sac avec les crayons qui était là depuis hier est aussi très pointu <eos>,13,pointu,pointue,11,M,P,pointu,-8.687052,pointue,-14.016002,1
7835,S_NOUN_8_ADJ_a,M,S,le sac avec les crayons qui était là depuis hier est aussi très rond <eos>,13,rond,ronde,11,M,P,rond,-10.843075,ronde,-14.723993,1
7836,S_NOUN_8_ADJ_a,M,S,le sac avec les crayons qui était là depuis hier est aussi très froid <eos>,13,froid,froide,11,M,P,froid,-6.2618475,froide,-12.018943,1
7837,S_NOUN_8_ADJ_a,M,S,le sac avec les crayons qui était là depuis hier est aussi très chaud <eos>,13,chaud,chaude,11,M,P,chaud,-6.6403894,chaude,-10.94137,1
7838,S_NOUN_8_ADJ_a,M,S,le sac avec les crayons qui était là depuis hier est aussi très important <eos>,13,important,importante,11,M,P,important,-4.335,importante,-8.597221,1
7839,S_NOUN_8_ADJ_a,M,S,le sac avec les crayons qui était là depuis hier est aussi très court <eos>,13,court,courte,11,M,P,court,-5.4099054,courte,-10.007139,1
7840,S_NOUN_8_ADJ_a,M,S,le sac avec les crayons qui était là depuis hier est aussi très dur <eos>,13,dur,dure,11,M,P,dur,-4.5168424,dure,-7.6104293,1
7841,S_NOUN_8_ADJ_a,M,S,le sac avec les crayons qui était là depuis hier est aussi très clair <eos>,13,clair,claire,11,M,P,clair,-5.4547853,claire,-9.070555,1
7842,S_NOUN_8_ADJ_a,M,S,le sac avec les crayons qui était là depuis hier est aussi très intéressant <eos>,13,intéressant,intéressante,11,M,P,intéressant,-5.566967,intéressante,-10.276236,1
7843,S_NOUN_8_ADJ_a,M,S,le sac avec les crayons qui était là depuis hier est aussi très brillant <eos>,13,brillant,brillante,11,M,P,brillant,-6.9531336,brillante,-10.825759,1
7844,S_NOUN_8_ADJ_a,M,S,le sac avec les crayons qui était là depuis hier est aussi très compliqué <eos>,13,compliqué,compliquée,11,M,P,compliqué,-5.364631,compliquée,-8.623888,1
7845,S_NOUN_8_ADJ_a,M,S,le sac avec les rideaux qui était là depuis hier est aussi très vert <eos>,13,vert,verte,11,M,P,vert,-10.959112,verte,-14.899321,1
7846,S_NOUN_8_ADJ_a,M,S,le sac avec les rideaux qui était là depuis hier est aussi très bleu <eos>,13,bleu,bleue,11,M,P,bleu,-11.253384,bleue,-17.339638,1
7847,S_NOUN_8_ADJ_a,M,S,le sac avec les rideaux qui était là depuis hier est aussi très noir <eos>,13,noir,noire,11,M,P,noir,-9.8828945,noire,-14.048545,1
7848,S_NOUN_8_ADJ_a,M,S,le sac avec les rideaux qui était là depuis hier est aussi très délicat <eos>,13,délicat,délicate,11,M,P,délicat,-6.582488,délicate,-9.237976,1
7849,S_NOUN_8_ADJ_a,M,S,le sac avec les rideaux qui était là depuis hier est aussi très pointu <eos>,13,pointu,pointue,11,M,P,pointu,-8.627927,pointue,-13.882794,1
7850,S_NOUN_8_ADJ_a,M,S,le sac avec les rideaux qui était là depuis hier est aussi très rond <eos>,13,rond,ronde,11,M,P,rond,-10.852756,ronde,-14.362416,1
7851,S_NOUN_8_ADJ_a,M,S,le sac avec les rideaux qui était là depuis hier est aussi très froid <eos>,13,froid,froide,11,M,P,froid,-6.510242,froide,-12.260649,1
7852,S_NOUN_8_ADJ_a,M,S,le sac avec les rideaux qui était là depuis hier est aussi très chaud <eos>,13,chaud,chaude,11,M,P,chaud,-6.68498,chaude,-10.927732,1
7853,S_NOUN_8_ADJ_a,M,S,le sac avec les rideaux qui était là depuis hier est aussi très important <eos>,13,important,importante,11,M,P,important,-4.393323,importante,-8.629934,1
7854,S_NOUN_8_ADJ_a,M,S,le sac avec les rideaux qui était là depuis hier est aussi très court <eos>,13,court,courte,11,M,P,court,-4.9511433,courte,-9.457512,1
7855,S_NOUN_8_ADJ_a,M,S,le sac avec les rideaux qui était là depuis hier est aussi très dur <eos>,13,dur,dure,11,M,P,dur,-4.7211943,dure,-7.411598,1
7856,S_NOUN_8_ADJ_a,M,S,le sac avec les rideaux qui était là depuis hier est aussi très clair <eos>,13,clair,claire,11,M,P,clair,-5.925297,claire,-9.283876,1
7857,S_NOUN_8_ADJ_a,M,S,le sac avec les rideaux qui était là depuis hier est aussi très intéressant <eos>,13,intéressant,intéressante,11,M,P,intéressant,-5.8638554,intéressante,-10.255733,1
7858,S_NOUN_8_ADJ_a,M,S,le sac avec les rideaux qui était là depuis hier est aussi très brillant <eos>,13,brillant,brillante,11,M,P,brillant,-7.586889,brillante,-11.304991,1
7859,S_NOUN_8_ADJ_a,M,S,le sac avec les rideaux qui était là depuis hier est aussi très compliqué <eos>,13,compliqué,compliquée,11,M,P,compliqué,-4.9472604,compliquée,-8.260649,1
7860,S_NOUN_8_ADJ_a,M,S,le sac avec les cahiers qui était là depuis hier est aussi très vert <eos>,13,vert,verte,11,M,P,vert,-11.482439,verte,-15.7553425,1
7861,S_NOUN_8_ADJ_a,M,S,le sac avec les cahiers qui était là depuis hier est aussi très bleu <eos>,13,bleu,bleue,11,M,P,bleu,-12.052805,bleue,-18.08393,1
7862,S_NOUN_8_ADJ_a,M,S,le sac avec les cahiers qui était là depuis hier est aussi très noir <eos>,13,noir,noire,11,M,P,noir,-10.07144,noire,-15.219778,1
7863,S_NOUN_8_ADJ_a,M,S,le sac avec les cahiers qui était là depuis hier est aussi très délicat <eos>,13,délicat,délicate,11,M,P,délicat,-7.127019,délicate,-9.803826,1
7864,S_NOUN_8_ADJ_a,M,S,le sac avec les cahiers qui était là depuis hier est aussi très pointu <eos>,13,pointu,pointue,11,M,P,pointu,-8.666535,pointue,-14.277382,1
7865,S_NOUN_8_ADJ_a,M,S,le sac avec les cahiers qui était là depuis hier est aussi très rond <eos>,13,rond,ronde,11,M,P,rond,-11.974259,ronde,-15.946539,1
7866,S_NOUN_8_ADJ_a,M,S,le sac avec les cahiers qui était là depuis hier est aussi très froid <eos>,13,froid,froide,11,M,P,froid,-6.791131,froide,-13.1585245,1
7867,S_NOUN_8_ADJ_a,M,S,le sac avec les cahiers qui était là depuis hier est aussi très chaud <eos>,13,chaud,chaude,11,M,P,chaud,-7.2755966,chaude,-12.241538,1
7868,S_NOUN_8_ADJ_a,M,S,le sac avec les cahiers qui était là depuis hier est aussi très important <eos>,13,important,importante,11,M,P,important,-3.987482,importante,-8.371746,1
7869,S_NOUN_8_ADJ_a,M,S,le sac avec les cahiers qui était là depuis hier est aussi très court <eos>,13,court,courte,11,M,P,court,-5.4431677,courte,-9.40607,1
7870,S_NOUN_8_ADJ_a,M,S,le sac avec les cahiers qui était là depuis hier est aussi très dur <eos>,13,dur,dure,11,M,P,dur,-5.0372963,dure,-7.415044,1
7871,S_NOUN_8_ADJ_a,M,S,le sac avec les cahiers qui était là depuis hier est aussi très clair <eos>,13,clair,claire,11,M,P,clair,-5.902648,claire,-10.043931,1
7872,S_NOUN_8_ADJ_a,M,S,le sac avec les cahiers qui était là depuis hier est aussi très intéressant <eos>,13,intéressant,intéressante,11,M,P,intéressant,-5.457953,intéressante,-9.79228,1
7873,S_NOUN_8_ADJ_a,M,S,le sac avec les cahiers qui était là depuis hier est aussi très brillant <eos>,13,brillant,brillante,11,M,P,brillant,-7.363029,brillante,-11.338739,1
7874,S_NOUN_8_ADJ_a,M,S,le sac avec les cahiers qui était là depuis hier est aussi très compliqué <eos>,13,compliqué,compliquée,11,M,P,compliqué,-5.302841,compliquée,-8.425468,1
7875,S_NOUN_8_ADJ_a,M,S,le sac avec les micros qui était là depuis hier est aussi très vert <eos>,13,vert,verte,11,M,P,vert,-11.507723,verte,-15.805227,1
7876,S_NOUN_8_ADJ_a,M,S,le sac avec les micros qui était là depuis hier est aussi très bleu <eos>,13,bleu,bleue,11,M,P,bleu,-11.660803,bleue,-18.035908,1
7877,S_NOUN_8_ADJ_a,M,S,le sac avec les micros qui était là depuis hier est aussi très noir <eos>,13,noir,noire,11,M,P,noir,-10.12417,noire,-15.02626,1
7878,S_NOUN_8_ADJ_a,M,S,le sac avec les micros qui était là depuis hier est aussi très délicat <eos>,13,délicat,délicate,11,M,P,délicat,-6.3341913,délicate,-9.016398,1
7879,S_NOUN_8_ADJ_a,M,S,le sac avec les micros qui était là depuis hier est aussi très pointu <eos>,13,pointu,pointue,11,M,P,pointu,-8.556961,pointue,-14.189751,1
7880,S_NOUN_8_ADJ_a,M,S,le sac avec les micros qui était là depuis hier est aussi très rond <eos>,13,rond,ronde,11,M,P,rond,-10.892475,ronde,-14.902108,1
7881,S_NOUN_8_ADJ_a,M,S,le sac avec les micros qui était là depuis hier est aussi très froid <eos>,13,froid,froide,11,M,P,froid,-7.0443106,froide,-12.948737,1
7882,S_NOUN_8_ADJ_a,M,S,le sac avec les micros qui était là depuis hier est aussi très chaud <eos>,13,chaud,chaude,11,M,P,chaud,-6.7819943,chaude,-11.31876,1
7883,S_NOUN_8_ADJ_a,M,S,le sac avec les micros qui était là depuis hier est aussi très important <eos>,13,important,importante,11,M,P,important,-4.2359133,importante,-8.781622,1
7884,S_NOUN_8_ADJ_a,M,S,le sac avec les micros qui était là depuis hier est aussi très court <eos>,13,court,courte,11,M,P,court,-5.2475405,courte,-9.65742,1
7885,S_NOUN_8_ADJ_a,M,S,le sac avec les micros qui était là depuis hier est aussi très dur <eos>,13,dur,dure,11,M,P,dur,-4.3925476,dure,-7.3931704,1
7886,S_NOUN_8_ADJ_a,M,S,le sac avec les micros qui était là depuis hier est aussi très clair <eos>,13,clair,claire,11,M,P,clair,-5.674242,claire,-9.5889015,1
7887,S_NOUN_8_ADJ_a,M,S,le sac avec les micros qui était là depuis hier est aussi très intéressant <eos>,13,intéressant,intéressante,11,M,P,intéressant,-5.766187,intéressante,-10.228697,1
7888,S_NOUN_8_ADJ_a,M,S,le sac avec les micros qui était là depuis hier est aussi très brillant <eos>,13,brillant,brillante,11,M,P,brillant,-7.3709574,brillante,-11.733372,1
7889,S_NOUN_8_ADJ_a,M,S,le sac avec les micros qui était là depuis hier est aussi très compliqué <eos>,13,compliqué,compliquée,11,M,P,compliqué,-4.1850305,compliquée,-7.73941,1
7890,S_NOUN_8_ADJ_a,M,S,le sac avec les sacs qui était là depuis hier est aussi très vert <eos>,13,vert,verte,11,M,P,vert,-11.049895,verte,-15.345012,1
7891,S_NOUN_8_ADJ_a,M,S,le sac avec les sacs qui était là depuis hier est aussi très bleu <eos>,13,bleu,bleue,11,M,P,bleu,-11.575633,bleue,-17.766747,1
7892,S_NOUN_8_ADJ_a,M,S,le sac avec les sacs qui était là depuis hier est aussi très noir <eos>,13,noir,noire,11,M,P,noir,-10.129432,noire,-14.537897,1
7893,S_NOUN_8_ADJ_a,M,S,le sac avec les sacs qui était là depuis hier est aussi très délicat <eos>,13,délicat,délicate,11,M,P,délicat,-6.3938417,délicate,-8.902191,1
7894,S_NOUN_8_ADJ_a,M,S,le sac avec les sacs qui était là depuis hier est aussi très pointu <eos>,13,pointu,pointue,11,M,P,pointu,-8.329494,pointue,-13.788926,1
7895,S_NOUN_8_ADJ_a,M,S,le sac avec les sacs qui était là depuis hier est aussi très rond <eos>,13,rond,ronde,11,M,P,rond,-10.860434,ronde,-14.204423,1
7896,S_NOUN_8_ADJ_a,M,S,le sac avec les sacs qui était là depuis hier est aussi très froid <eos>,13,froid,froide,11,M,P,froid,-6.4741964,froide,-12.49692,1
7897,S_NOUN_8_ADJ_a,M,S,le sac avec les sacs qui était là depuis hier est aussi très chaud <eos>,13,chaud,chaude,11,M,P,chaud,-6.2370095,chaude,-10.976727,1
7898,S_NOUN_8_ADJ_a,M,S,le sac avec les sacs qui était là depuis hier est aussi très important <eos>,13,important,importante,11,M,P,important,-4.090219,importante,-8.373234,1
7899,S_NOUN_8_ADJ_a,M,S,le sac avec les sacs qui était là depuis hier est aussi très court <eos>,13,court,courte,11,M,P,court,-5.018899,courte,-9.585198,1
7900,S_NOUN_8_ADJ_a,M,S,le sac avec les sacs qui était là depuis hier est aussi très dur <eos>,13,dur,dure,11,M,P,dur,-4.33661,dure,-7.3049927,1
7901,S_NOUN_8_ADJ_a,M,S,le sac avec les sacs qui était là depuis hier est aussi très clair <eos>,13,clair,claire,11,M,P,clair,-6.053171,claire,-9.761259,1
7902,S_NOUN_8_ADJ_a,M,S,le sac avec les sacs qui était là depuis hier est aussi très intéressant <eos>,13,intéressant,intéressante,11,M,P,intéressant,-5.58845,intéressante,-10.2014885,1
7903,S_NOUN_8_ADJ_a,M,S,le sac avec les sacs qui était là depuis hier est aussi très brillant <eos>,13,brillant,brillante,11,M,P,brillant,-7.707105,brillante,-11.841078,1
7904,S_NOUN_8_ADJ_a,M,S,le sac avec les sacs qui était là depuis hier est aussi très compliqué <eos>,13,compliqué,compliquée,11,M,P,compliqué,-4.8645067,compliquée,-8.366477,1
7905,S_NOUN_8_ADJ_a,M,S,le sac avec les claviers qui était là depuis hier est aussi très vert <eos>,13,vert,verte,11,M,P,vert,-11.881622,verte,-15.7096615,1
7906,S_NOUN_8_ADJ_a,M,S,le sac avec les claviers qui était là depuis hier est aussi très bleu <eos>,13,bleu,bleue,11,M,P,bleu,-12.059292,bleue,-17.883755,1
7907,S_NOUN_8_ADJ_a,M,S,le sac avec les claviers qui était là depuis hier est aussi très noir <eos>,13,noir,noire,11,M,P,noir,-10.444408,noire,-14.906234,1
7908,S_NOUN_8_ADJ_a,M,S,le sac avec les claviers qui était là depuis hier est aussi très délicat <eos>,13,délicat,délicate,11,M,P,délicat,-6.394181,délicate,-9.087299,1
7909,S_NOUN_8_ADJ_a,M,S,le sac avec les claviers qui était là depuis hier est aussi très pointu <eos>,13,pointu,pointue,11,M,P,pointu,-8.597185,pointue,-14.114874,1
7910,S_NOUN_8_ADJ_a,M,S,le sac avec les claviers qui était là depuis hier est aussi très rond <eos>,13,rond,ronde,11,M,P,rond,-11.048418,ronde,-14.965792,1
7911,S_NOUN_8_ADJ_a,M,S,le sac avec les claviers qui était là depuis hier est aussi très froid <eos>,13,froid,froide,11,M,P,froid,-7.108815,froide,-13.239195,1
7912,S_NOUN_8_ADJ_a,M,S,le sac avec les claviers qui était là depuis hier est aussi très chaud <eos>,13,chaud,chaude,11,M,P,chaud,-7.2187457,chaude,-11.229404,1
7913,S_NOUN_8_ADJ_a,M,S,le sac avec les claviers qui était là depuis hier est aussi très important <eos>,13,important,importante,11,M,P,important,-4.2654495,importante,-8.568776,1
7914,S_NOUN_8_ADJ_a,M,S,le sac avec les claviers qui était là depuis hier est aussi très court <eos>,13,court,courte,11,M,P,court,-5.539117,courte,-9.700209,1
7915,S_NOUN_8_ADJ_a,M,S,le sac avec les claviers qui était là depuis hier est aussi très dur <eos>,13,dur,dure,11,M,P,dur,-4.1763153,dure,-7.3947268,1
7916,S_NOUN_8_ADJ_a,M,S,le sac avec les claviers qui était là depuis hier est aussi très clair <eos>,13,clair,claire,11,M,P,clair,-5.9557853,claire,-9.373842,1
7917,S_NOUN_8_ADJ_a,M,S,le sac avec les claviers qui était là depuis hier est aussi très intéressant <eos>,13,intéressant,intéressante,11,M,P,intéressant,-5.5043077,intéressante,-9.857668,1
7918,S_NOUN_8_ADJ_a,M,S,le sac avec les claviers qui était là depuis hier est aussi très brillant <eos>,13,brillant,brillante,11,M,P,brillant,-7.231163,brillante,-10.968406,1
7919,S_NOUN_8_ADJ_a,M,S,le sac avec les claviers qui était là depuis hier est aussi très compliqué <eos>,13,compliqué,compliquée,11,M,P,compliqué,-4.6599216,compliquée,-7.641862,1
7920,S_NOUN_8_ADJ_a,M,S,le sac avec les raisins qui était là depuis hier est aussi très vert <eos>,13,vert,verte,11,M,P,vert,-10.6855135,verte,-15.392783,1
7921,S_NOUN_8_ADJ_a,M,S,le sac avec les raisins qui était là depuis hier est aussi très bleu <eos>,13,bleu,bleue,11,M,P,bleu,-11.628635,bleue,-17.94604,1
7922,S_NOUN_8_ADJ_a,M,S,le sac avec les raisins qui était là depuis hier est aussi très noir <eos>,13,noir,noire,11,M,P,noir,-10.377315,noire,-14.672643,1
7923,S_NOUN_8_ADJ_a,M,S,le sac avec les raisins qui était là depuis hier est aussi très délicat <eos>,13,délicat,délicate,11,M,P,délicat,-5.962294,délicate,-8.664867,1
7924,S_NOUN_8_ADJ_a,M,S,le sac avec les raisins qui était là depuis hier est aussi très pointu <eos>,13,pointu,pointue,11,M,P,pointu,-8.608023,pointue,-13.8530445,1
7925,S_NOUN_8_ADJ_a,M,S,le sac avec les raisins qui était là depuis hier est aussi très rond <eos>,13,rond,ronde,11,M,P,rond,-11.1874485,ronde,-14.079299,1
7926,S_NOUN_8_ADJ_a,M,S,le sac avec les raisins qui était là depuis hier est aussi très froid <eos>,13,froid,froide,11,M,P,froid,-5.9349213,froide,-12.315697,1
7927,S_NOUN_8_ADJ_a,M,S,le sac avec les raisins qui était là depuis hier est aussi très chaud <eos>,13,chaud,chaude,11,M,P,chaud,-6.041129,chaude,-11.096828,1
7928,S_NOUN_8_ADJ_a,M,S,le sac avec les raisins qui était là depuis hier est aussi très important <eos>,13,important,importante,11,M,P,important,-3.98091,importante,-8.093389,1
7929,S_NOUN_8_ADJ_a,M,S,le sac avec les raisins qui était là depuis hier est aussi très court <eos>,13,court,courte,11,M,P,court,-5.133476,courte,-10.160454,1
7930,S_NOUN_8_ADJ_a,M,S,le sac avec les raisins qui était là depuis hier est aussi très dur <eos>,13,dur,dure,11,M,P,dur,-3.8286655,dure,-7.1711187,1
7931,S_NOUN_8_ADJ_a,M,S,le sac avec les raisins qui était là depuis hier est aussi très clair <eos>,13,clair,claire,11,M,P,clair,-5.6368904,claire,-9.309049,1
7932,S_NOUN_8_ADJ_a,M,S,le sac avec les raisins qui était là depuis hier est aussi très intéressant <eos>,13,intéressant,intéressante,11,M,P,intéressant,-5.6105843,intéressante,-10.272658,1
7933,S_NOUN_8_ADJ_a,M,S,le sac avec les raisins qui était là depuis hier est aussi très brillant <eos>,13,brillant,brillante,11,M,P,brillant,-7.408971,brillante,-11.401267,1
7934,S_NOUN_8_ADJ_a,M,S,le sac avec les raisins qui était là depuis hier est aussi très compliqué <eos>,13,compliqué,compliquée,11,M,P,compliqué,-5.299595,compliquée,-8.814034,1
7935,S_NOUN_8_ADJ_a,M,S,le sac avec les chargeurs qui était là depuis hier est aussi très vert <eos>,13,vert,verte,11,M,P,vert,-11.736763,verte,-16.163927,1
7936,S_NOUN_8_ADJ_a,M,S,le sac avec les chargeurs qui était là depuis hier est aussi très bleu <eos>,13,bleu,bleue,11,M,P,bleu,-12.09087,bleue,-18.764101,1
7937,S_NOUN_8_ADJ_a,M,S,le sac avec les chargeurs qui était là depuis hier est aussi très noir <eos>,13,noir,noire,11,M,P,noir,-10.307413,noire,-15.490563,1
7938,S_NOUN_8_ADJ_a,M,S,le sac avec les chargeurs qui était là depuis hier est aussi très délicat <eos>,13,délicat,délicate,11,M,P,délicat,-6.852615,délicate,-9.026506,1
7939,S_NOUN_8_ADJ_a,M,S,le sac avec les chargeurs qui était là depuis hier est aussi très pointu <eos>,13,pointu,pointue,11,M,P,pointu,-8.876259,pointue,-13.474796,1
7940,S_NOUN_8_ADJ_a,M,S,le sac avec les chargeurs qui était là depuis hier est aussi très rond <eos>,13,rond,ronde,11,M,P,rond,-10.852354,ronde,-14.718408,1
7941,S_NOUN_8_ADJ_a,M,S,le sac avec les chargeurs qui était là depuis hier est aussi très froid <eos>,13,froid,froide,11,M,P,froid,-7.0562987,froide,-12.63036,1
7942,S_NOUN_8_ADJ_a,M,S,le sac avec les chargeurs qui était là depuis hier est aussi très chaud <eos>,13,chaud,chaude,11,M,P,chaud,-7.2362375,chaude,-11.506291,1
7943,S_NOUN_8_ADJ_a,M,S,le sac avec les chargeurs qui était là depuis hier est aussi très important <eos>,13,important,importante,11,M,P,important,-3.607947,importante,-7.932749,1
7944,S_NOUN_8_ADJ_a,M,S,le sac avec les chargeurs qui était là depuis hier est aussi très court <eos>,13,court,courte,11,M,P,court,-4.9633374,courte,-9.097914,1
7945,S_NOUN_8_ADJ_a,M,S,le sac avec les chargeurs qui était là depuis hier est aussi très dur <eos>,13,dur,dure,11,M,P,dur,-4.653097,dure,-8.489266,1
7946,S_NOUN_8_ADJ_a,M,S,le sac avec les chargeurs qui était là depuis hier est aussi très clair <eos>,13,clair,claire,11,M,P,clair,-7.007124,claire,-10.795879,1
7947,S_NOUN_8_ADJ_a,M,S,le sac avec les chargeurs qui était là depuis hier est aussi très intéressant <eos>,13,intéressant,intéressante,11,M,P,intéressant,-5.759282,intéressante,-9.847473,1
7948,S_NOUN_8_ADJ_a,M,S,le sac avec les chargeurs qui était là depuis hier est aussi très brillant <eos>,13,brillant,brillante,11,M,P,brillant,-8.20566,brillante,-12.330187,1
7949,S_NOUN_8_ADJ_a,M,S,le sac avec les chargeurs qui était là depuis hier est aussi très compliqué <eos>,13,compliqué,compliquée,11,M,P,compliqué,-4.4961824,compliquée,-8.075678,1
7950,S_NOUN_8_ADJ_a,M,S,le sac avec les vases qui était là depuis hier est aussi très vert <eos>,13,vert,verte,11,M,P,vert,-11.438845,verte,-14.975782,1
7951,S_NOUN_8_ADJ_a,M,S,le sac avec les vases qui était là depuis hier est aussi très bleu <eos>,13,bleu,bleue,11,M,P,bleu,-11.771525,bleue,-17.301443,1
7952,S_NOUN_8_ADJ_a,M,S,le sac avec les vases qui était là depuis hier est aussi très noir <eos>,13,noir,noire,11,M,P,noir,-10.751772,noire,-14.107561,1
7953,S_NOUN_8_ADJ_a,M,S,le sac avec les vases qui était là depuis hier est aussi très délicat <eos>,13,délicat,délicate,11,M,P,délicat,-6.3807135,délicate,-8.993402,1
7954,S_NOUN_8_ADJ_a,M,S,le sac avec les vases qui était là depuis hier est aussi très pointu <eos>,13,pointu,pointue,11,M,P,pointu,-8.3253,pointue,-13.523806,1
7955,S_NOUN_8_ADJ_a,M,S,le sac avec les vases qui était là depuis hier est aussi très rond <eos>,13,rond,ronde,11,M,P,rond,-10.757922,ronde,-13.840904,1
7956,S_NOUN_8_ADJ_a,M,S,le sac avec les vases qui était là depuis hier est aussi très froid <eos>,13,froid,froide,11,M,P,froid,-7.5125337,froide,-12.676777,1
7957,S_NOUN_8_ADJ_a,M,S,le sac avec les vases qui était là depuis hier est aussi très chaud <eos>,13,chaud,chaude,11,M,P,chaud,-6.8986387,chaude,-11.303925,1
7958,S_NOUN_8_ADJ_a,M,S,le sac avec les vases qui était là depuis hier est aussi très important <eos>,13,important,importante,11,M,P,important,-4.322881,importante,-8.373789,1
7959,S_NOUN_8_ADJ_a,M,S,le sac avec les vases qui était là depuis hier est aussi très court <eos>,13,court,courte,11,M,P,court,-5.0864286,courte,-9.560935,1
7960,S_NOUN_8_ADJ_a,M,S,le sac avec les vases qui était là depuis hier est aussi très dur <eos>,13,dur,dure,11,M,P,dur,-4.527961,dure,-7.521433,1
7961,S_NOUN_8_ADJ_a,M,S,le sac avec les vases qui était là depuis hier est aussi très clair <eos>,13,clair,claire,11,M,P,clair,-5.8348637,claire,-9.233371,1
7962,S_NOUN_8_ADJ_a,M,S,le sac avec les vases qui était là depuis hier est aussi très intéressant <eos>,13,intéressant,intéressante,11,M,P,intéressant,-5.582208,intéressante,-10.161278,1
7963,S_NOUN_8_ADJ_a,M,S,le sac avec les vases qui était là depuis hier est aussi très brillant <eos>,13,brillant,brillante,11,M,P,brillant,-7.5065527,brillante,-11.023179,1
7964,S_NOUN_8_ADJ_a,M,S,le sac avec les vases qui était là depuis hier est aussi très compliqué <eos>,13,compliqué,compliquée,11,M,P,compliqué,-5.3352327,compliquée,-8.617069,1
7965,S_NOUN_8_ADJ_a,M,S,le sac avec les paniers qui était là depuis hier est aussi très vert <eos>,13,vert,verte,11,M,P,vert,-11.161182,verte,-15.118574,1
7966,S_NOUN_8_ADJ_a,M,S,le sac avec les paniers qui était là depuis hier est aussi très bleu <eos>,13,bleu,bleue,11,M,P,bleu,-11.503819,bleue,-17.465117,1
7967,S_NOUN_8_ADJ_a,M,S,le sac avec les paniers qui était là depuis hier est aussi très noir <eos>,13,noir,noire,11,M,P,noir,-10.06825,noire,-14.053365,1
7968,S_NOUN_8_ADJ_a,M,S,le sac avec les paniers qui était là depuis hier est aussi très délicat <eos>,13,délicat,délicate,11,M,P,délicat,-6.3917875,délicate,-9.145658,1
7969,S_NOUN_8_ADJ_a,M,S,le sac avec les paniers qui était là depuis hier est aussi très pointu <eos>,13,pointu,pointue,11,M,P,pointu,-7.8767767,pointue,-13.29937,1
7970,S_NOUN_8_ADJ_a,M,S,le sac avec les paniers qui était là depuis hier est aussi très rond <eos>,13,rond,ronde,11,M,P,rond,-10.561939,ronde,-13.88245,1
7971,S_NOUN_8_ADJ_a,M,S,le sac avec les paniers qui était là depuis hier est aussi très froid <eos>,13,froid,froide,11,M,P,froid,-7.092265,froide,-12.663754,1
7972,S_NOUN_8_ADJ_a,M,S,le sac avec les paniers qui était là depuis hier est aussi très chaud <eos>,13,chaud,chaude,11,M,P,chaud,-6.6332083,chaude,-11.407096,1
7973,S_NOUN_8_ADJ_a,M,S,le sac avec les paniers qui était là depuis hier est aussi très important <eos>,13,important,importante,11,M,P,important,-4.4330034,importante,-8.722851,1
7974,S_NOUN_8_ADJ_a,M,S,le sac avec les paniers qui était là depuis hier est aussi très court <eos>,13,court,courte,11,M,P,court,-4.92735,courte,-9.317723,1
7975,S_NOUN_8_ADJ_a,M,S,le sac avec les paniers qui était là depuis hier est aussi très dur <eos>,13,dur,dure,11,M,P,dur,-4.322571,dure,-7.44732,1
7976,S_NOUN_8_ADJ_a,M,S,le sac avec les paniers qui était là depuis hier est aussi très clair <eos>,13,clair,claire,11,M,P,clair,-5.862216,claire,-9.50216,1
7977,S_NOUN_8_ADJ_a,M,S,le sac avec les paniers qui était là depuis hier est aussi très intéressant <eos>,13,intéressant,intéressante,11,M,P,intéressant,-5.677803,intéressante,-10.17698,1
7978,S_NOUN_8_ADJ_a,M,S,le sac avec les paniers qui était là depuis hier est aussi très brillant <eos>,13,brillant,brillante,11,M,P,brillant,-7.737458,brillante,-11.689711,1
7979,S_NOUN_8_ADJ_a,M,S,le sac avec les paniers qui était là depuis hier est aussi très compliqué <eos>,13,compliqué,compliquée,11,M,P,compliqué,-4.7247233,compliquée,-8.109264,1
7980,S_NOUN_8_ADJ_a,M,S,le sac avec les colliers qui était là depuis hier est aussi très vert <eos>,13,vert,verte,11,M,P,vert,-11.28047,verte,-15.148375,1
7981,S_NOUN_8_ADJ_a,M,S,le sac avec les colliers qui était là depuis hier est aussi très bleu <eos>,13,bleu,bleue,11,M,P,bleu,-11.614844,bleue,-17.388472,1
7982,S_NOUN_8_ADJ_a,M,S,le sac avec les colliers qui était là depuis hier est aussi très noir <eos>,13,noir,noire,11,M,P,noir,-10.500461,noire,-14.195843,1
7983,S_NOUN_8_ADJ_a,M,S,le sac avec les colliers qui était là depuis hier est aussi très délicat <eos>,13,délicat,délicate,11,M,P,délicat,-6.243385,délicate,-8.740633,1
7984,S_NOUN_8_ADJ_a,M,S,le sac avec les colliers qui était là depuis hier est aussi très pointu <eos>,13,pointu,pointue,11,M,P,pointu,-8.278284,pointue,-13.105511,1
7985,S_NOUN_8_ADJ_a,M,S,le sac avec les colliers qui était là depuis hier est aussi très rond <eos>,13,rond,ronde,11,M,P,rond,-10.80155,ronde,-14.059174,1
7986,S_NOUN_8_ADJ_a,M,S,le sac avec les colliers qui était là depuis hier est aussi très froid <eos>,13,froid,froide,11,M,P,froid,-7.5315557,froide,-12.56752,1
7987,S_NOUN_8_ADJ_a,M,S,le sac avec les colliers qui était là depuis hier est aussi très chaud <eos>,13,chaud,chaude,11,M,P,chaud,-7.217684,chaude,-11.407407,1
7988,S_NOUN_8_ADJ_a,M,S,le sac avec les colliers qui était là depuis hier est aussi très important <eos>,13,important,importante,11,M,P,important,-4.3995867,importante,-8.447073,1
7989,S_NOUN_8_ADJ_a,M,S,le sac avec les colliers qui était là depuis hier est aussi très court <eos>,13,court,courte,11,M,P,court,-4.987279,courte,-9.092929,1
7990,S_NOUN_8_ADJ_a,M,S,le sac avec les colliers qui était là depuis hier est aussi très dur <eos>,13,dur,dure,11,M,P,dur,-4.5259523,dure,-7.483164,1
7991,S_NOUN_8_ADJ_a,M,S,le sac avec les colliers qui était là depuis hier est aussi très clair <eos>,13,clair,claire,11,M,P,clair,-5.8306475,claire,-9.53144,1
7992,S_NOUN_8_ADJ_a,M,S,le sac avec les colliers qui était là depuis hier est aussi très intéressant <eos>,13,intéressant,intéressante,11,M,P,intéressant,-5.737523,intéressante,-10.119263,1
7993,S_NOUN_8_ADJ_a,M,S,le sac avec les colliers qui était là depuis hier est aussi très brillant <eos>,13,brillant,brillante,11,M,P,brillant,-7.4939003,brillante,-11.111178,1
7994,S_NOUN_8_ADJ_a,M,S,le sac avec les colliers qui était là depuis hier est aussi très compliqué <eos>,13,compliqué,compliquée,11,M,P,compliqué,-4.6754236,compliquée,-8.092789,1
7995,S_NOUN_8_ADJ_a,M,S,le sac avec les chapeaux qui était là depuis hier est aussi très vert <eos>,13,vert,verte,11,M,P,vert,-11.209631,verte,-14.961135,1
7996,S_NOUN_8_ADJ_a,M,S,le sac avec les chapeaux qui était là depuis hier est aussi très bleu <eos>,13,bleu,bleue,11,M,P,bleu,-11.269718,bleue,-17.326273,1
7997,S_NOUN_8_ADJ_a,M,S,le sac avec les chapeaux qui était là depuis hier est aussi très noir <eos>,13,noir,noire,11,M,P,noir,-9.888532,noire,-14.155663,1
7998,S_NOUN_8_ADJ_a,M,S,le sac avec les chapeaux qui était là depuis hier est aussi très délicat <eos>,13,délicat,délicate,11,M,P,délicat,-6.587487,délicate,-9.542129,1
7999,S_NOUN_8_ADJ_a,M,S,le sac avec les chapeaux qui était là depuis hier est aussi très pointu <eos>,13,pointu,pointue,11,M,P,pointu,-8.205536,pointue,-13.846985,1
8000,S_NOUN_8_ADJ_a,M,S,le sac avec les chapeaux qui était là depuis hier est aussi très rond <eos>,13,rond,ronde,11,M,P,rond,-10.573885,ronde,-14.414641,1
8001,S_NOUN_8_ADJ_a,M,S,le sac avec les chapeaux qui était là depuis hier est aussi très froid <eos>,13,froid,froide,11,M,P,froid,-7.0742702,froide,-12.830369,1
8002,S_NOUN_8_ADJ_a,M,S,le sac avec les chapeaux qui était là depuis hier est aussi très chaud <eos>,13,chaud,chaude,11,M,P,chaud,-6.8992186,chaude,-11.459248,1
8003,S_NOUN_8_ADJ_a,M,S,le sac avec les chapeaux qui était là depuis hier est aussi très important <eos>,13,important,importante,11,M,P,important,-4.39748,importante,-8.71432,1
8004,S_NOUN_8_ADJ_a,M,S,le sac avec les chapeaux qui était là depuis hier est aussi très court <eos>,13,court,courte,11,M,P,court,-5.0519714,courte,-9.420502,1
8005,S_NOUN_8_ADJ_a,M,S,le sac avec les chapeaux qui était là depuis hier est aussi très dur <eos>,13,dur,dure,11,M,P,dur,-4.8331623,dure,-7.8060513,1
8006,S_NOUN_8_ADJ_a,M,S,le sac avec les chapeaux qui était là depuis hier est aussi très clair <eos>,13,clair,claire,11,M,P,clair,-5.8502703,claire,-9.456804,1
8007,S_NOUN_8_ADJ_a,M,S,le sac avec les chapeaux qui était là depuis hier est aussi très intéressant <eos>,13,intéressant,intéressante,11,M,P,intéressant,-5.739295,intéressante,-10.227788,1
8008,S_NOUN_8_ADJ_a,M,S,le sac avec les chapeaux qui était là depuis hier est aussi très brillant <eos>,13,brillant,brillante,11,M,P,brillant,-7.7933865,brillante,-11.529658,1
8009,S_NOUN_8_ADJ_a,M,S,le sac avec les chapeaux qui était là depuis hier est aussi très compliqué <eos>,13,compliqué,compliquée,11,M,P,compliqué,-4.945324,compliquée,-8.549791,1
8010,S_NOUN_8_ADJ_a,M,S,le sac avec les pots qui était là depuis hier est aussi très vert <eos>,13,vert,verte,11,M,P,vert,-10.681277,verte,-15.015905,1
8011,S_NOUN_8_ADJ_a,M,S,le sac avec les pots qui était là depuis hier est aussi très bleu <eos>,13,bleu,bleue,11,M,P,bleu,-11.519447,bleue,-17.813475,1
8012,S_NOUN_8_ADJ_a,M,S,le sac avec les pots qui était là depuis hier est aussi très noir <eos>,13,noir,noire,11,M,P,noir,-10.198904,noire,-14.570386,1
8013,S_NOUN_8_ADJ_a,M,S,le sac avec les pots qui était là depuis hier est aussi très délicat <eos>,13,délicat,délicate,11,M,P,délicat,-6.150449,délicate,-8.863219,1
8014,S_NOUN_8_ADJ_a,M,S,le sac avec les pots qui était là depuis hier est aussi très pointu <eos>,13,pointu,pointue,11,M,P,pointu,-8.503038,pointue,-13.661567,1
8015,S_NOUN_8_ADJ_a,M,S,le sac avec les pots qui était là depuis hier est aussi très rond <eos>,13,rond,ronde,11,M,P,rond,-10.667271,ronde,-13.718192,1
8016,S_NOUN_8_ADJ_a,M,S,le sac avec les pots qui était là depuis hier est aussi très froid <eos>,13,froid,froide,11,M,P,froid,-6.463599,froide,-12.03138,1
8017,S_NOUN_8_ADJ_a,M,S,le sac avec les pots qui était là depuis hier est aussi très chaud <eos>,13,chaud,chaude,11,M,P,chaud,-5.9543395,chaude,-10.466394,1
8018,S_NOUN_8_ADJ_a,M,S,le sac avec les pots qui était là depuis hier est aussi très important <eos>,13,important,importante,11,M,P,important,-4.2634645,importante,-8.339838,1
8019,S_NOUN_8_ADJ_a,M,S,le sac avec les pots qui était là depuis hier est aussi très court <eos>,13,court,courte,11,M,P,court,-5.31484,courte,-9.830391,1
8020,S_NOUN_8_ADJ_a,M,S,le sac avec les pots qui était là depuis hier est aussi très dur <eos>,13,dur,dure,11,M,P,dur,-4.0952806,dure,-7.4377747,1
8021,S_NOUN_8_ADJ_a,M,S,le sac avec les pots qui était là depuis hier est aussi très clair <eos>,13,clair,claire,11,M,P,clair,-6.2193527,claire,-9.651045,1
8022,S_NOUN_8_ADJ_a,M,S,le sac avec les pots qui était là depuis hier est aussi très intéressant <eos>,13,intéressant,intéressante,11,M,P,intéressant,-5.666911,intéressante,-10.066214,1
8023,S_NOUN_8_ADJ_a,M,S,le sac avec les pots qui était là depuis hier est aussi très brillant <eos>,13,brillant,brillante,11,M,P,brillant,-7.384074,brillante,-11.299637,1
8024,S_NOUN_8_ADJ_a,M,S,le sac avec les pots qui était là depuis hier est aussi très compliqué <eos>,13,compliqué,compliquée,11,M,P,compliqué,-4.9830317,compliquée,-8.44187,1
8025,S_NOUN_8_ADJ_a,M,S,le sac avec les coussins qui était là depuis hier est aussi très vert <eos>,13,vert,verte,11,M,P,vert,-11.397307,verte,-15.437239,1
8026,S_NOUN_8_ADJ_a,M,S,le sac avec les coussins qui était là depuis hier est aussi très bleu <eos>,13,bleu,bleue,11,M,P,bleu,-11.701965,bleue,-17.780582,1
8027,S_NOUN_8_ADJ_a,M,S,le sac avec les coussins qui était là depuis hier est aussi très noir <eos>,13,noir,noire,11,M,P,noir,-10.179237,noire,-14.642141,1
8028,S_NOUN_8_ADJ_a,M,S,le sac avec les coussins qui était là depuis hier est aussi très délicat <eos>,13,délicat,délicate,11,M,P,délicat,-6.6350985,délicate,-9.290387,1
8029,S_NOUN_8_ADJ_a,M,S,le sac avec les coussins qui était là depuis hier est aussi très pointu <eos>,13,pointu,pointue,11,M,P,pointu,-8.4259615,pointue,-13.741243,1
8030,S_NOUN_8_ADJ_a,M,S,le sac avec les coussins qui était là depuis hier est aussi très rond <eos>,13,rond,ronde,11,M,P,rond,-10.870756,ronde,-14.503767,1
8031,S_NOUN_8_ADJ_a,M,S,le sac avec les coussins qui était là depuis hier est aussi très froid <eos>,13,froid,froide,11,M,P,froid,-6.9399834,froide,-12.573158,1
8032,S_NOUN_8_ADJ_a,M,S,le sac avec les coussins qui était là depuis hier est aussi très chaud <eos>,13,chaud,chaude,11,M,P,chaud,-6.767624,chaude,-11.051055,1
8033,S_NOUN_8_ADJ_a,M,S,le sac avec les coussins qui était là depuis hier est aussi très important <eos>,13,important,importante,11,M,P,important,-4.4127717,importante,-8.670612,1
8034,S_NOUN_8_ADJ_a,M,S,le sac avec les coussins qui était là depuis hier est aussi très court <eos>,13,court,courte,11,M,P,court,-5.0663414,courte,-9.581659,1
8035,S_NOUN_8_ADJ_a,M,S,le sac avec les coussins qui était là depuis hier est aussi très dur <eos>,13,dur,dure,11,M,P,dur,-4.8090343,dure,-7.560338,1
8036,S_NOUN_8_ADJ_a,M,S,le sac avec les coussins qui était là depuis hier est aussi très clair <eos>,13,clair,claire,11,M,P,clair,-6.270412,claire,-9.737291,1
8037,S_NOUN_8_ADJ_a,M,S,le sac avec les coussins qui était là depuis hier est aussi très intéressant <eos>,13,intéressant,intéressante,11,M,P,intéressant,-5.736859,intéressante,-10.081662,1
8038,S_NOUN_8_ADJ_a,M,S,le sac avec les coussins qui était là depuis hier est aussi très brillant <eos>,13,brillant,brillante,11,M,P,brillant,-7.809627,brillante,-11.909065,1
8039,S_NOUN_8_ADJ_a,M,S,le sac avec les coussins qui était là depuis hier est aussi très compliqué <eos>,13,compliqué,compliquée,11,M,P,compliqué,-4.5291977,compliquée,-7.9228907,1
8040,S_NOUN_8_ADJ_a,M,S,le sac avec les jouets qui était là depuis hier est aussi très vert <eos>,13,vert,verte,11,M,P,vert,-11.151099,verte,-15.046315,1
8041,S_NOUN_8_ADJ_a,M,S,le sac avec les jouets qui était là depuis hier est aussi très bleu <eos>,13,bleu,bleue,11,M,P,bleu,-11.476295,bleue,-17.62866,1
8042,S_NOUN_8_ADJ_a,M,S,le sac avec les jouets qui était là depuis hier est aussi très noir <eos>,13,noir,noire,11,M,P,noir,-9.850583,noire,-14.73299,1
8043,S_NOUN_8_ADJ_a,M,S,le sac avec les jouets qui était là depuis hier est aussi très délicat <eos>,13,délicat,délicate,11,M,P,délicat,-6.8919334,délicate,-9.656703,1
8044,S_NOUN_8_ADJ_a,M,S,le sac avec les jouets qui était là depuis hier est aussi très pointu <eos>,13,pointu,pointue,11,M,P,pointu,-8.385826,pointue,-14.322743,1
8045,S_NOUN_8_ADJ_a,M,S,le sac avec les jouets qui était là depuis hier est aussi très rond <eos>,13,rond,ronde,11,M,P,rond,-11.058335,ronde,-15.25959,1
8046,S_NOUN_8_ADJ_a,M,S,le sac avec les jouets qui était là depuis hier est aussi très froid <eos>,13,froid,froide,11,M,P,froid,-6.760457,froide,-12.763928,1
8047,S_NOUN_8_ADJ_a,M,S,le sac avec les jouets qui était là depuis hier est aussi très chaud <eos>,13,chaud,chaude,11,M,P,chaud,-6.933075,chaude,-11.389014,1
8048,S_NOUN_8_ADJ_a,M,S,le sac avec les jouets qui était là depuis hier est aussi très important <eos>,13,important,importante,11,M,P,important,-4.2684507,importante,-8.505739,1
8049,S_NOUN_8_ADJ_a,M,S,le sac avec les jouets qui était là depuis hier est aussi très court <eos>,13,court,courte,11,M,P,court,-5.0286493,courte,-9.844361,1
8050,S_NOUN_8_ADJ_a,M,S,le sac avec les jouets qui était là depuis hier est aussi très dur <eos>,13,dur,dure,11,M,P,dur,-4.9583726,dure,-7.7203126,1
8051,S_NOUN_8_ADJ_a,M,S,le sac avec les jouets qui était là depuis hier est aussi très clair <eos>,13,clair,claire,11,M,P,clair,-6.1118107,claire,-9.325576,1
8052,S_NOUN_8_ADJ_a,M,S,le sac avec les jouets qui était là depuis hier est aussi très intéressant <eos>,13,intéressant,intéressante,11,M,P,intéressant,-5.5206137,intéressante,-10.054054,1
8053,S_NOUN_8_ADJ_a,M,S,le sac avec les jouets qui était là depuis hier est aussi très brillant <eos>,13,brillant,brillante,11,M,P,brillant,-7.762392,brillante,-11.563316,1
8054,S_NOUN_8_ADJ_a,M,S,le sac avec les jouets qui était là depuis hier est aussi très compliqué <eos>,13,compliqué,compliquée,11,M,P,compliqué,-4.995161,compliquée,-8.346153,1
8055,S_NOUN_8_ADJ_a,M,S,le sac avec les clous qui était là depuis hier est aussi très vert <eos>,13,vert,verte,11,M,P,vert,-11.118093,verte,-15.503962,1
8056,S_NOUN_8_ADJ_a,M,S,le sac avec les clous qui était là depuis hier est aussi très bleu <eos>,13,bleu,bleue,11,M,P,bleu,-11.66962,bleue,-17.737186,1
8057,S_NOUN_8_ADJ_a,M,S,le sac avec les clous qui était là depuis hier est aussi très noir <eos>,13,noir,noire,11,M,P,noir,-10.18351,noire,-14.369233,1
8058,S_NOUN_8_ADJ_a,M,S,le sac avec les clous qui était là depuis hier est aussi très délicat <eos>,13,délicat,délicate,11,M,P,délicat,-6.1774416,délicate,-8.724744,1
8059,S_NOUN_8_ADJ_a,M,S,le sac avec les clous qui était là depuis hier est aussi très pointu <eos>,13,pointu,pointue,11,M,P,pointu,-8.022359,pointue,-13.34336,1
8060,S_NOUN_8_ADJ_a,M,S,le sac avec les clous qui était là depuis hier est aussi très rond <eos>,13,rond,ronde,11,M,P,rond,-10.807238,ronde,-14.003963,1
8061,S_NOUN_8_ADJ_a,M,S,le sac avec les clous qui était là depuis hier est aussi très froid <eos>,13,froid,froide,11,M,P,froid,-6.5867624,froide,-12.22469,1
8062,S_NOUN_8_ADJ_a,M,S,le sac avec les clous qui était là depuis hier est aussi très chaud <eos>,13,chaud,chaude,11,M,P,chaud,-6.418456,chaude,-11.223787,1
8063,S_NOUN_8_ADJ_a,M,S,le sac avec les clous qui était là depuis hier est aussi très important <eos>,13,important,importante,11,M,P,important,-4.340659,importante,-8.630026,1
8064,S_NOUN_8_ADJ_a,M,S,le sac avec les clous qui était là depuis hier est aussi très court <eos>,13,court,courte,11,M,P,court,-5.034813,courte,-9.617118,1
8065,S_NOUN_8_ADJ_a,M,S,le sac avec les clous qui était là depuis hier est aussi très dur <eos>,13,dur,dure,11,M,P,dur,-4.0239115,dure,-7.4467297,1
8066,S_NOUN_8_ADJ_a,M,S,le sac avec les clous qui était là depuis hier est aussi très clair <eos>,13,clair,claire,11,M,P,clair,-5.994092,claire,-9.66472,1
8067,S_NOUN_8_ADJ_a,M,S,le sac avec les clous qui était là depuis hier est aussi très intéressant <eos>,13,intéressant,intéressante,11,M,P,intéressant,-5.6122665,intéressante,-10.278756,1
8068,S_NOUN_8_ADJ_a,M,S,le sac avec les clous qui était là depuis hier est aussi très brillant <eos>,13,brillant,brillante,11,M,P,brillant,-7.83165,brillante,-11.830051,1
8069,S_NOUN_8_ADJ_a,M,S,le sac avec les clous qui était là depuis hier est aussi très compliqué <eos>,13,compliqué,compliquée,11,M,P,compliqué,-4.8080673,compliquée,-8.141549,1
8070,S_NOUN_8_ADJ_a,M,S,le sac avec les billets qui était là depuis hier est aussi très vert <eos>,13,vert,verte,11,M,P,vert,-11.38505,verte,-15.727388,1
8071,S_NOUN_8_ADJ_a,M,S,le sac avec les billets qui était là depuis hier est aussi très bleu <eos>,13,bleu,bleue,11,M,P,bleu,-11.493403,bleue,-18.5641,1
8072,S_NOUN_8_ADJ_a,M,S,le sac avec les billets qui était là depuis hier est aussi très noir <eos>,13,noir,noire,11,M,P,noir,-10.008862,noire,-15.3739805,1
8073,S_NOUN_8_ADJ_a,M,S,le sac avec les billets qui était là depuis hier est aussi très délicat <eos>,13,délicat,délicate,11,M,P,délicat,-6.7574654,délicate,-9.5110445,1
8074,S_NOUN_8_ADJ_a,M,S,le sac avec les billets qui était là depuis hier est aussi très pointu <eos>,13,pointu,pointue,11,M,P,pointu,-9.403788,pointue,-14.485021,1
8075,S_NOUN_8_ADJ_a,M,S,le sac avec les billets qui était là depuis hier est aussi très rond <eos>,13,rond,ronde,11,M,P,rond,-11.321753,ronde,-15.7404585,1
8076,S_NOUN_8_ADJ_a,M,S,le sac avec les billets qui était là depuis hier est aussi très froid <eos>,13,froid,froide,11,M,P,froid,-7.837328,froide,-13.640064,1
8077,S_NOUN_8_ADJ_a,M,S,le sac avec les billets qui était là depuis hier est aussi très chaud <eos>,13,chaud,chaude,11,M,P,chaud,-7.7103863,chaude,-11.873837,1
8078,S_NOUN_8_ADJ_a,M,S,le sac avec les billets qui était là depuis hier est aussi très important <eos>,13,important,importante,11,M,P,important,-3.8305602,importante,-8.209087,1
8079,S_NOUN_8_ADJ_a,M,S,le sac avec les billets qui était là depuis hier est aussi très court <eos>,13,court,courte,11,M,P,court,-4.787652,courte,-9.354252,1
8080,S_NOUN_8_ADJ_a,M,S,le sac avec les billets qui était là depuis hier est aussi très dur <eos>,13,dur,dure,11,M,P,dur,-5.3537636,dure,-8.796522,1
8081,S_NOUN_8_ADJ_a,M,S,le sac avec les billets qui était là depuis hier est aussi très clair <eos>,13,clair,claire,11,M,P,clair,-6.3845205,claire,-10.111019,1
8082,S_NOUN_8_ADJ_a,M,S,le sac avec les billets qui était là depuis hier est aussi très intéressant <eos>,13,intéressant,intéressante,11,M,P,intéressant,-5.730318,intéressante,-9.59569,1
8083,S_NOUN_8_ADJ_a,M,S,le sac avec les billets qui était là depuis hier est aussi très brillant <eos>,13,brillant,brillante,11,M,P,brillant,-8.191473,brillante,-12.222786,1
8084,S_NOUN_8_ADJ_a,M,S,le sac avec les billets qui était là depuis hier est aussi très compliqué <eos>,13,compliqué,compliquée,11,M,P,compliqué,-4.9090977,compliquée,-8.735731,1
8085,S_NOUN_8_ADJ_a,M,S,le sac avec les légumes qui était là depuis hier est aussi très vert <eos>,13,vert,verte,11,M,P,vert,-10.980486,verte,-15.291558,1
8086,S_NOUN_8_ADJ_a,M,S,le sac avec les légumes qui était là depuis hier est aussi très bleu <eos>,13,bleu,bleue,11,M,P,bleu,-11.693307,bleue,-17.701647,1
8087,S_NOUN_8_ADJ_a,M,S,le sac avec les légumes qui était là depuis hier est aussi très noir <eos>,13,noir,noire,11,M,P,noir,-10.328638,noire,-14.707962,1
8088,S_NOUN_8_ADJ_a,M,S,le sac avec les légumes qui était là depuis hier est aussi très délicat <eos>,13,délicat,délicate,11,M,P,délicat,-6.111373,délicate,-8.76157,1
8089,S_NOUN_8_ADJ_a,M,S,le sac avec les légumes qui était là depuis hier est aussi très pointu <eos>,13,pointu,pointue,11,M,P,pointu,-8.278599,pointue,-13.992108,1
8090,S_NOUN_8_ADJ_a,M,S,le sac avec les légumes qui était là depuis hier est aussi très rond <eos>,13,rond,ronde,11,M,P,rond,-10.853996,ronde,-14.487524,1
8091,S_NOUN_8_ADJ_a,M,S,le sac avec les légumes qui était là depuis hier est aussi très froid <eos>,13,froid,froide,11,M,P,froid,-5.8666067,froide,-11.8370905,1
8092,S_NOUN_8_ADJ_a,M,S,le sac avec les légumes qui était là depuis hier est aussi très chaud <eos>,13,chaud,chaude,11,M,P,chaud,-5.981523,chaude,-10.64032,1
8093,S_NOUN_8_ADJ_a,M,S,le sac avec les légumes qui était là depuis hier est aussi très important <eos>,13,important,importante,11,M,P,important,-4.054307,importante,-8.213062,1
8094,S_NOUN_8_ADJ_a,M,S,le sac avec les légumes qui était là depuis hier est aussi très court <eos>,13,court,courte,11,M,P,court,-5.347686,courte,-10.0076275,1
8095,S_NOUN_8_ADJ_a,M,S,le sac avec les légumes qui était là depuis hier est aussi très dur <eos>,13,dur,dure,11,M,P,dur,-4.401495,dure,-7.003207,1
8096,S_NOUN_8_ADJ_a,M,S,le sac avec les légumes qui était là depuis hier est aussi très clair <eos>,13,clair,claire,11,M,P,clair,-5.6782303,claire,-9.436702,1
8097,S_NOUN_8_ADJ_a,M,S,le sac avec les légumes qui était là depuis hier est aussi très intéressant <eos>,13,intéressant,intéressante,11,M,P,intéressant,-5.655504,intéressante,-10.296308,1
8098,S_NOUN_8_ADJ_a,M,S,le sac avec les légumes qui était là depuis hier est aussi très brillant <eos>,13,brillant,brillante,11,M,P,brillant,-7.6057053,brillante,-11.5143795,1
8099,S_NOUN_8_ADJ_a,M,S,le sac avec les légumes qui était là depuis hier est aussi très compliqué <eos>,13,compliqué,compliquée,11,M,P,compliqué,-5.3613477,compliquée,-8.802788,1
8100,S_NOUN_8_ADJ_a,M,S,le clavier avec les bracelets qui était là depuis hier est aussi très vert <eos>,13,vert,verte,11,M,P,vert,-10.866654,verte,-14.626421,1
8101,S_NOUN_8_ADJ_a,M,S,le clavier avec les bracelets qui était là depuis hier est aussi très bleu <eos>,13,bleu,bleue,11,M,P,bleu,-11.328515,bleue,-16.70599,1
8102,S_NOUN_8_ADJ_a,M,S,le clavier avec les bracelets qui était là depuis hier est aussi très noir <eos>,13,noir,noire,11,M,P,noir,-9.563713,noire,-13.825005,1
8103,S_NOUN_8_ADJ_a,M,S,le clavier avec les bracelets qui était là depuis hier est aussi très délicat <eos>,13,délicat,délicate,11,M,P,délicat,-7.3079414,délicate,-9.981044,1
8104,S_NOUN_8_ADJ_a,M,S,le clavier avec les bracelets qui était là depuis hier est aussi très pointu <eos>,13,pointu,pointue,11,M,P,pointu,-8.505906,pointue,-13.421698,1
8105,S_NOUN_8_ADJ_a,M,S,le clavier avec les bracelets qui était là depuis hier est aussi très rond <eos>,13,rond,ronde,11,M,P,rond,-11.111808,ronde,-14.252644,1
8106,S_NOUN_8_ADJ_a,M,S,le clavier avec les bracelets qui était là depuis hier est aussi très froid <eos>,13,froid,froide,11,M,P,froid,-8.48237,froide,-12.991932,1
8107,S_NOUN_8_ADJ_a,M,S,le clavier avec les bracelets qui était là depuis hier est aussi très chaud <eos>,13,chaud,chaude,11,M,P,chaud,-7.9604626,chaude,-11.729612,1
8108,S_NOUN_8_ADJ_a,M,S,le clavier avec les bracelets qui était là depuis hier est aussi très important <eos>,13,important,importante,11,M,P,important,-4.955188,importante,-8.941553,1
8109,S_NOUN_8_ADJ_a,M,S,le clavier avec les bracelets qui était là depuis hier est aussi très court <eos>,13,court,courte,11,M,P,court,-5.5603642,courte,-9.718294,1
8110,S_NOUN_8_ADJ_a,M,S,le clavier avec les bracelets qui était là depuis hier est aussi très dur <eos>,13,dur,dure,11,M,P,dur,-4.7148027,dure,-8.423499,1
8111,S_NOUN_8_ADJ_a,M,S,le clavier avec les bracelets qui était là depuis hier est aussi très clair <eos>,13,clair,claire,11,M,P,clair,-5.9069815,claire,-9.5021715,1
8112,S_NOUN_8_ADJ_a,M,S,le clavier avec les bracelets qui était là depuis hier est aussi très intéressant <eos>,13,intéressant,intéressante,11,M,P,intéressant,-6.260461,intéressante,-10.174069,1
8113,S_NOUN_8_ADJ_a,M,S,le clavier avec les bracelets qui était là depuis hier est aussi très brillant <eos>,13,brillant,brillante,11,M,P,brillant,-7.0589237,brillante,-11.157107,1
8114,S_NOUN_8_ADJ_a,M,S,le clavier avec les bracelets qui était là depuis hier est aussi très compliqué <eos>,13,compliqué,compliquée,11,M,P,compliqué,-5.453874,compliquée,-8.850349,1
8115,S_NOUN_8_ADJ_a,M,S,le clavier avec les miroirs qui était là depuis hier est aussi très vert <eos>,13,vert,verte,11,M,P,vert,-11.221858,verte,-15.054833,1
8116,S_NOUN_8_ADJ_a,M,S,le clavier avec les miroirs qui était là depuis hier est aussi très bleu <eos>,13,bleu,bleue,11,M,P,bleu,-11.814687,bleue,-17.438858,1
8117,S_NOUN_8_ADJ_a,M,S,le clavier avec les miroirs qui était là depuis hier est aussi très noir <eos>,13,noir,noire,11,M,P,noir,-9.856674,noire,-14.839478,1
8118,S_NOUN_8_ADJ_a,M,S,le clavier avec les miroirs qui était là depuis hier est aussi très délicat <eos>,13,délicat,délicate,11,M,P,délicat,-6.9606266,délicate,-9.982953,1
8119,S_NOUN_8_ADJ_a,M,S,le clavier avec les miroirs qui était là depuis hier est aussi très pointu <eos>,13,pointu,pointue,11,M,P,pointu,-8.751299,pointue,-13.449018,1
8120,S_NOUN_8_ADJ_a,M,S,le clavier avec les miroirs qui était là depuis hier est aussi très rond <eos>,13,rond,ronde,11,M,P,rond,-11.203521,ronde,-14.972092,1
8121,S_NOUN_8_ADJ_a,M,S,le clavier avec les miroirs qui était là depuis hier est aussi très froid <eos>,13,froid,froide,11,M,P,froid,-8.210029,froide,-12.752729,1
8122,S_NOUN_8_ADJ_a,M,S,le clavier avec les miroirs qui était là depuis hier est aussi très chaud <eos>,13,chaud,chaude,11,M,P,chaud,-7.978693,chaude,-11.180024,1
8123,S_NOUN_8_ADJ_a,M,S,le clavier avec les miroirs qui était là depuis hier est aussi très important <eos>,13,important,importante,11,M,P,important,-4.695304,importante,-8.649864,1
8124,S_NOUN_8_ADJ_a,M,S,le clavier avec les miroirs qui était là depuis hier est aussi très court <eos>,13,court,courte,11,M,P,court,-5.557187,courte,-9.754362,1
8125,S_NOUN_8_ADJ_a,M,S,le clavier avec les miroirs qui était là depuis hier est aussi très dur <eos>,13,dur,dure,11,M,P,dur,-4.403663,dure,-8.531366,1
8126,S_NOUN_8_ADJ_a,M,S,le clavier avec les miroirs qui était là depuis hier est aussi très clair <eos>,13,clair,claire,11,M,P,clair,-5.994202,claire,-9.602608,1
8127,S_NOUN_8_ADJ_a,M,S,le clavier avec les miroirs qui était là depuis hier est aussi très intéressant <eos>,13,intéressant,intéressante,11,M,P,intéressant,-6.067568,intéressante,-9.964912,1
8128,S_NOUN_8_ADJ_a,M,S,le clavier avec les miroirs qui était là depuis hier est aussi très brillant <eos>,13,brillant,brillante,11,M,P,brillant,-6.842043,brillante,-10.81436,1
8129,S_NOUN_8_ADJ_a,M,S,le clavier avec les miroirs qui était là depuis hier est aussi très compliqué <eos>,13,compliqué,compliquée,11,M,P,compliqué,-5.481527,compliquée,-8.435446,1
8130,S_NOUN_8_ADJ_a,M,S,le clavier avec les crayons qui était là depuis hier est aussi très vert <eos>,13,vert,verte,11,M,P,vert,-10.6887245,verte,-14.67218,1
8131,S_NOUN_8_ADJ_a,M,S,le clavier avec les crayons qui était là depuis hier est aussi très bleu <eos>,13,bleu,bleue,11,M,P,bleu,-11.419061,bleue,-17.058838,1
8132,S_NOUN_8_ADJ_a,M,S,le clavier avec les crayons qui était là depuis hier est aussi très noir <eos>,13,noir,noire,11,M,P,noir,-9.688166,noire,-14.458619,1
8133,S_NOUN_8_ADJ_a,M,S,le clavier avec les crayons qui était là depuis hier est aussi très délicat <eos>,13,délicat,délicate,11,M,P,délicat,-6.8319283,délicate,-10.144553,1
8134,S_NOUN_8_ADJ_a,M,S,le clavier avec les crayons qui était là depuis hier est aussi très pointu <eos>,13,pointu,pointue,11,M,P,pointu,-8.863293,pointue,-13.9380245,1
8135,S_NOUN_8_ADJ_a,M,S,le clavier avec les crayons qui était là depuis hier est aussi très rond <eos>,13,rond,ronde,11,M,P,rond,-11.295013,ronde,-15.187628,1
8136,S_NOUN_8_ADJ_a,M,S,le clavier avec les crayons qui était là depuis hier est aussi très froid <eos>,13,froid,froide,11,M,P,froid,-8.002609,froide,-12.787331,1
8137,S_NOUN_8_ADJ_a,M,S,le clavier avec les crayons qui était là depuis hier est aussi très chaud <eos>,13,chaud,chaude,11,M,P,chaud,-7.9322357,chaude,-11.370188,1
8138,S_NOUN_8_ADJ_a,M,S,le clavier avec les crayons qui était là depuis hier est aussi très important <eos>,13,important,importante,11,M,P,important,-4.5454335,importante,-8.419092,1
8139,S_NOUN_8_ADJ_a,M,S,le clavier avec les crayons qui était là depuis hier est aussi très court <eos>,13,court,courte,11,M,P,court,-5.8371215,courte,-10.202805,1
8140,S_NOUN_8_ADJ_a,M,S,le clavier avec les crayons qui était là depuis hier est aussi très dur <eos>,13,dur,dure,11,M,P,dur,-4.35604,dure,-8.232835,1
8141,S_NOUN_8_ADJ_a,M,S,le clavier avec les crayons qui était là depuis hier est aussi très clair <eos>,13,clair,claire,11,M,P,clair,-5.4502645,claire,-9.115158,1
8142,S_NOUN_8_ADJ_a,M,S,le clavier avec les crayons qui était là depuis hier est aussi très intéressant <eos>,13,intéressant,intéressante,11,M,P,intéressant,-6.1801805,intéressante,-10.2334795,1
8143,S_NOUN_8_ADJ_a,M,S,le clavier avec les crayons qui était là depuis hier est aussi très brillant <eos>,13,brillant,brillante,11,M,P,brillant,-6.7668915,brillante,-10.75253,1
8144,S_NOUN_8_ADJ_a,M,S,le clavier avec les crayons qui était là depuis hier est aussi très compliqué <eos>,13,compliqué,compliquée,11,M,P,compliqué,-5.967986,compliquée,-8.939072,1
8145,S_NOUN_8_ADJ_a,M,S,le clavier avec les rideaux qui était là depuis hier est aussi très vert <eos>,13,vert,verte,11,M,P,vert,-10.909523,verte,-14.810766,1
8146,S_NOUN_8_ADJ_a,M,S,le clavier avec les rideaux qui était là depuis hier est aussi très bleu <eos>,13,bleu,bleue,11,M,P,bleu,-11.4231205,bleue,-17.038548,1
8147,S_NOUN_8_ADJ_a,M,S,le clavier avec les rideaux qui était là depuis hier est aussi très noir <eos>,13,noir,noire,11,M,P,noir,-9.461597,noire,-14.025838,1
8148,S_NOUN_8_ADJ_a,M,S,le clavier avec les rideaux qui était là depuis hier est aussi très délicat <eos>,13,délicat,délicate,11,M,P,délicat,-6.976923,délicate,-9.989767,1
8149,S_NOUN_8_ADJ_a,M,S,le clavier avec les rideaux qui était là depuis hier est aussi très pointu <eos>,13,pointu,pointue,11,M,P,pointu,-8.886114,pointue,-13.872476,1
8150,S_NOUN_8_ADJ_a,M,S,le clavier avec les rideaux qui était là depuis hier est aussi très rond <eos>,13,rond,ronde,11,M,P,rond,-11.1142645,ronde,-14.723596,1
8151,S_NOUN_8_ADJ_a,M,S,le clavier avec les rideaux qui était là depuis hier est aussi très froid <eos>,13,froid,froide,11,M,P,froid,-8.019018,froide,-12.827159,1
8152,S_NOUN_8_ADJ_a,M,S,le clavier avec les rideaux qui était là depuis hier est aussi très chaud <eos>,13,chaud,chaude,11,M,P,chaud,-7.783408,chaude,-11.270756,1
8153,S_NOUN_8_ADJ_a,M,S,le clavier avec les rideaux qui était là depuis hier est aussi très important <eos>,13,important,importante,11,M,P,important,-4.7534056,importante,-8.8019085,1
8154,S_NOUN_8_ADJ_a,M,S,le clavier avec les rideaux qui était là depuis hier est aussi très court <eos>,13,court,courte,11,M,P,court,-5.4477177,courte,-9.85071,1
8155,S_NOUN_8_ADJ_a,M,S,le clavier avec les rideaux qui était là depuis hier est aussi très dur <eos>,13,dur,dure,11,M,P,dur,-4.7554116,dure,-8.070948,1
8156,S_NOUN_8_ADJ_a,M,S,le clavier avec les rideaux qui était là depuis hier est aussi très clair <eos>,13,clair,claire,11,M,P,clair,-5.641341,claire,-9.156953,1
8157,S_NOUN_8_ADJ_a,M,S,le clavier avec les rideaux qui était là depuis hier est aussi très intéressant <eos>,13,intéressant,intéressante,11,M,P,intéressant,-6.3625784,intéressante,-10.3249655,1
8158,S_NOUN_8_ADJ_a,M,S,le clavier avec les rideaux qui était là depuis hier est aussi très brillant <eos>,13,brillant,brillante,11,M,P,brillant,-7.0646343,brillante,-11.115627,1
8159,S_NOUN_8_ADJ_a,M,S,le clavier avec les rideaux qui était là depuis hier est aussi très compliqué <eos>,13,compliqué,compliquée,11,M,P,compliqué,-5.591384,compliquée,-8.759872,1
8160,S_NOUN_8_ADJ_a,M,S,le clavier avec les cahiers qui était là depuis hier est aussi très vert <eos>,13,vert,verte,11,M,P,vert,-11.709278,verte,-15.644369,1
8161,S_NOUN_8_ADJ_a,M,S,le clavier avec les cahiers qui était là depuis hier est aussi très bleu <eos>,13,bleu,bleue,11,M,P,bleu,-12.45141,bleue,-18.00639,1
8162,S_NOUN_8_ADJ_a,M,S,le clavier avec les cahiers qui était là depuis hier est aussi très noir <eos>,13,noir,noire,11,M,P,noir,-9.964155,noire,-15.074209,1
8163,S_NOUN_8_ADJ_a,M,S,le clavier avec les cahiers qui était là depuis hier est aussi très délicat <eos>,13,délicat,délicate,11,M,P,délicat,-7.361268,délicate,-10.523821,1
8164,S_NOUN_8_ADJ_a,M,S,le clavier avec les cahiers qui était là depuis hier est aussi très pointu <eos>,13,pointu,pointue,11,M,P,pointu,-8.784404,pointue,-13.805848,1
8165,S_NOUN_8_ADJ_a,M,S,le clavier avec les cahiers qui était là depuis hier est aussi très rond <eos>,13,rond,ronde,11,M,P,rond,-12.157333,ronde,-15.597448,1
8166,S_NOUN_8_ADJ_a,M,S,le clavier avec les cahiers qui était là depuis hier est aussi très froid <eos>,13,froid,froide,11,M,P,froid,-8.307194,froide,-13.550812,1
8167,S_NOUN_8_ADJ_a,M,S,le clavier avec les cahiers qui était là depuis hier est aussi très chaud <eos>,13,chaud,chaude,11,M,P,chaud,-8.254178,chaude,-12.189163,1
8168,S_NOUN_8_ADJ_a,M,S,le clavier avec les cahiers qui était là depuis hier est aussi très important <eos>,13,important,importante,11,M,P,important,-4.272843,importante,-8.31275,1
8169,S_NOUN_8_ADJ_a,M,S,le clavier avec les cahiers qui était là depuis hier est aussi très court <eos>,13,court,courte,11,M,P,court,-5.7439766,courte,-9.532104,1
8170,S_NOUN_8_ADJ_a,M,S,le clavier avec les cahiers qui était là depuis hier est aussi très dur <eos>,13,dur,dure,11,M,P,dur,-4.6053305,dure,-7.9966164,1
8171,S_NOUN_8_ADJ_a,M,S,le clavier avec les cahiers qui était là depuis hier est aussi très clair <eos>,13,clair,claire,11,M,P,clair,-5.8408756,claire,-9.851247,1
8172,S_NOUN_8_ADJ_a,M,S,le clavier avec les cahiers qui était là depuis hier est aussi très intéressant <eos>,13,intéressant,intéressante,11,M,P,intéressant,-5.991913,intéressante,-9.866011,1
8173,S_NOUN_8_ADJ_a,M,S,le clavier avec les cahiers qui était là depuis hier est aussi très brillant <eos>,13,brillant,brillante,11,M,P,brillant,-7.1671925,brillante,-11.405312,1
8174,S_NOUN_8_ADJ_a,M,S,le clavier avec les cahiers qui était là depuis hier est aussi très compliqué <eos>,13,compliqué,compliquée,11,M,P,compliqué,-5.7121487,compliquée,-8.688588,1
8175,S_NOUN_8_ADJ_a,M,S,le clavier avec les micros qui était là depuis hier est aussi très vert <eos>,13,vert,verte,11,M,P,vert,-11.558772,verte,-15.4718075,1
8176,S_NOUN_8_ADJ_a,M,S,le clavier avec les micros qui était là depuis hier est aussi très bleu <eos>,13,bleu,bleue,11,M,P,bleu,-12.023778,bleue,-17.696287,1
8177,S_NOUN_8_ADJ_a,M,S,le clavier avec les micros qui était là depuis hier est aussi très noir <eos>,13,noir,noire,11,M,P,noir,-9.726981,noire,-14.747141,1
8178,S_NOUN_8_ADJ_a,M,S,le clavier avec les micros qui était là depuis hier est aussi très délicat <eos>,13,délicat,délicate,11,M,P,délicat,-7.025294,délicate,-10.1482315,1
8179,S_NOUN_8_ADJ_a,M,S,le clavier avec les micros qui était là depuis hier est aussi très pointu <eos>,13,pointu,pointue,11,M,P,pointu,-8.885788,pointue,-14.255033,1
8180,S_NOUN_8_ADJ_a,M,S,le clavier avec les micros qui était là depuis hier est aussi très rond <eos>,13,rond,ronde,11,M,P,rond,-11.340607,ronde,-15.380283,1
8181,S_NOUN_8_ADJ_a,M,S,le clavier avec les micros qui était là depuis hier est aussi très froid <eos>,13,froid,froide,11,M,P,froid,-8.551453,froide,-13.430979,1
8182,S_NOUN_8_ADJ_a,M,S,le clavier avec les micros qui était là depuis hier est aussi très chaud <eos>,13,chaud,chaude,11,M,P,chaud,-7.967057,chaude,-11.595313,1
8183,S_NOUN_8_ADJ_a,M,S,le clavier avec les micros qui était là depuis hier est aussi très important <eos>,13,important,importante,11,M,P,important,-4.647087,importante,-8.873039,1
8184,S_NOUN_8_ADJ_a,M,S,le clavier avec les micros qui était là depuis hier est aussi très court <eos>,13,court,courte,11,M,P,court,-5.73203,courte,-9.98383,1
8185,S_NOUN_8_ADJ_a,M,S,le clavier avec les micros qui était là depuis hier est aussi très dur <eos>,13,dur,dure,11,M,P,dur,-4.6681533,dure,-8.112808,1
8186,S_NOUN_8_ADJ_a,M,S,le clavier avec les micros qui était là depuis hier est aussi très clair <eos>,13,clair,claire,11,M,P,clair,-5.659669,claire,-9.476898,1
8187,S_NOUN_8_ADJ_a,M,S,le clavier avec les micros qui était là depuis hier est aussi très intéressant <eos>,13,intéressant,intéressante,11,M,P,intéressant,-6.297987,intéressante,-10.358427,1
8188,S_NOUN_8_ADJ_a,M,S,le clavier avec les micros qui était là depuis hier est aussi très brillant <eos>,13,brillant,brillante,11,M,P,brillant,-7.112501,brillante,-11.539491,1
8189,S_NOUN_8_ADJ_a,M,S,le clavier avec les micros qui était là depuis hier est aussi très compliqué <eos>,13,compliqué,compliquée,11,M,P,compliqué,-5.2590866,compliquée,-8.512701,1
8190,S_NOUN_8_ADJ_a,M,S,le clavier avec les sacs qui était là depuis hier est aussi très vert <eos>,13,vert,verte,11,M,P,vert,-11.226033,verte,-15.181708,1
8191,S_NOUN_8_ADJ_a,M,S,le clavier avec les sacs qui était là depuis hier est aussi très bleu <eos>,13,bleu,bleue,11,M,P,bleu,-11.818344,bleue,-17.431541,1
8192,S_NOUN_8_ADJ_a,M,S,le clavier avec les sacs qui était là depuis hier est aussi très noir <eos>,13,noir,noire,11,M,P,noir,-9.814532,noire,-14.412287,1
8193,S_NOUN_8_ADJ_a,M,S,le clavier avec les sacs qui était là depuis hier est aussi très délicat <eos>,13,délicat,délicate,11,M,P,délicat,-7.1339636,délicate,-9.936227,1
8194,S_NOUN_8_ADJ_a,M,S,le clavier avec les sacs qui était là depuis hier est aussi très pointu <eos>,13,pointu,pointue,11,M,P,pointu,-8.518702,pointue,-13.764147,1
8195,S_NOUN_8_ADJ_a,M,S,le clavier avec les sacs qui était là depuis hier est aussi très rond <eos>,13,rond,ronde,11,M,P,rond,-11.198251,ronde,-14.866685,1
8196,S_NOUN_8_ADJ_a,M,S,le clavier avec les sacs qui était là depuis hier est aussi très froid <eos>,13,froid,froide,11,M,P,froid,-7.8287363,froide,-12.852041,1
8197,S_NOUN_8_ADJ_a,M,S,le clavier avec les sacs qui était là depuis hier est aussi très chaud <eos>,13,chaud,chaude,11,M,P,chaud,-7.431307,chaude,-11.28446,1
8198,S_NOUN_8_ADJ_a,M,S,le clavier avec les sacs qui était là depuis hier est aussi très important <eos>,13,important,importante,11,M,P,important,-4.3774734,importante,-8.374805,1
8199,S_NOUN_8_ADJ_a,M,S,le clavier avec les sacs qui était là depuis hier est aussi très court <eos>,13,court,courte,11,M,P,court,-5.597582,courte,-9.828836,1
8200,S_NOUN_8_ADJ_a,M,S,le clavier avec les sacs qui était là depuis hier est aussi très dur <eos>,13,dur,dure,11,M,P,dur,-4.4144807,dure,-8.024855,1
8201,S_NOUN_8_ADJ_a,M,S,le clavier avec les sacs qui était là depuis hier est aussi très clair <eos>,13,clair,claire,11,M,P,clair,-5.7025175,claire,-9.490057,1
8202,S_NOUN_8_ADJ_a,M,S,le clavier avec les sacs qui était là depuis hier est aussi très intéressant <eos>,13,intéressant,intéressante,11,M,P,intéressant,-6.073989,intéressante,-10.162776,1
8203,S_NOUN_8_ADJ_a,M,S,le clavier avec les sacs qui était là depuis hier est aussi très brillant <eos>,13,brillant,brillante,11,M,P,brillant,-7.246271,brillante,-11.485214,1
8204,S_NOUN_8_ADJ_a,M,S,le clavier avec les sacs qui était là depuis hier est aussi très compliqué <eos>,13,compliqué,compliquée,11,M,P,compliqué,-5.6220846,compliquée,-8.774225,1
8205,S_NOUN_8_ADJ_a,M,S,le clavier avec les claviers qui était là depuis hier est aussi très vert <eos>,13,vert,verte,11,M,P,vert,-11.877768,verte,-15.4608755,1
8206,S_NOUN_8_ADJ_a,M,S,le clavier avec les claviers qui était là depuis hier est aussi très bleu <eos>,13,bleu,bleue,11,M,P,bleu,-12.412352,bleue,-17.650126,1
8207,S_NOUN_8_ADJ_a,M,S,le clavier avec les claviers qui était là depuis hier est aussi très noir <eos>,13,noir,noire,11,M,P,noir,-10.202573,noire,-14.802746,1
8208,S_NOUN_8_ADJ_a,M,S,le clavier avec les claviers qui était là depuis hier est aussi très délicat <eos>,13,délicat,délicate,11,M,P,délicat,-7.104674,délicate,-10.216457,1
8209,S_NOUN_8_ADJ_a,M,S,le clavier avec les claviers qui était là depuis hier est aussi très pointu <eos>,13,pointu,pointue,11,M,P,pointu,-8.752062,pointue,-13.951332,1
8210,S_NOUN_8_ADJ_a,M,S,le clavier avec les claviers qui était là depuis hier est aussi très rond <eos>,13,rond,ronde,11,M,P,rond,-11.72071,ronde,-15.34765,1
8211,S_NOUN_8_ADJ_a,M,S,le clavier avec les claviers qui était là depuis hier est aussi très froid <eos>,13,froid,froide,11,M,P,froid,-8.373855,froide,-13.586705,1
8212,S_NOUN_8_ADJ_a,M,S,le clavier avec les claviers qui était là depuis hier est aussi très chaud <eos>,13,chaud,chaude,11,M,P,chaud,-8.097969,chaude,-11.515312,1
8213,S_NOUN_8_ADJ_a,M,S,le clavier avec les claviers qui était là depuis hier est aussi très important <eos>,13,important,importante,11,M,P,important,-4.48402,importante,-8.398061,1
8214,S_NOUN_8_ADJ_a,M,S,le clavier avec les claviers qui était là depuis hier est aussi très court <eos>,13,court,courte,11,M,P,court,-6.052339,courte,-9.94854,1
8215,S_NOUN_8_ADJ_a,M,S,le clavier avec les claviers qui était là depuis hier est aussi très dur <eos>,13,dur,dure,11,M,P,dur,-4.4784727,dure,-8.229432,1
8216,S_NOUN_8_ADJ_a,M,S,le clavier avec les claviers qui était là depuis hier est aussi très clair <eos>,13,clair,claire,11,M,P,clair,-6.06022,claire,-9.547331,1
8217,S_NOUN_8_ADJ_a,M,S,le clavier avec les claviers qui était là depuis hier est aussi très intéressant <eos>,13,intéressant,intéressante,11,M,P,intéressant,-5.9923544,intéressante,-9.967376,1
8218,S_NOUN_8_ADJ_a,M,S,le clavier avec les claviers qui était là depuis hier est aussi très brillant <eos>,13,brillant,brillante,11,M,P,brillant,-7.217747,brillante,-11.21657,1
8219,S_NOUN_8_ADJ_a,M,S,le clavier avec les claviers qui était là depuis hier est aussi très compliqué <eos>,13,compliqué,compliquée,11,M,P,compliqué,-5.7528567,compliquée,-8.589401,1
8220,S_NOUN_8_ADJ_a,M,S,le clavier avec les raisins qui était là depuis hier est aussi très vert <eos>,13,vert,verte,11,M,P,vert,-10.322256,verte,-14.779537,1
8221,S_NOUN_8_ADJ_a,M,S,le clavier avec les raisins qui était là depuis hier est aussi très bleu <eos>,13,bleu,bleue,11,M,P,bleu,-11.495946,bleue,-17.202623,1
8222,S_NOUN_8_ADJ_a,M,S,le clavier avec les raisins qui était là depuis hier est aussi très noir <eos>,13,noir,noire,11,M,P,noir,-9.859785,noire,-14.517917,1
8223,S_NOUN_8_ADJ_a,M,S,le clavier avec les raisins qui était là depuis hier est aussi très délicat <eos>,13,délicat,délicate,11,M,P,délicat,-6.534767,délicate,-9.483076,1
8224,S_NOUN_8_ADJ_a,M,S,le clavier avec les raisins qui était là depuis hier est aussi très pointu <eos>,13,pointu,pointue,11,M,P,pointu,-8.312296,pointue,-13.728712,1
8225,S_NOUN_8_ADJ_a,M,S,le clavier avec les raisins qui était là depuis hier est aussi très rond <eos>,13,rond,ronde,11,M,P,rond,-10.970038,ronde,-14.458854,1
8226,S_NOUN_8_ADJ_a,M,S,le clavier avec les raisins qui était là depuis hier est aussi très froid <eos>,13,froid,froide,11,M,P,froid,-6.9086137,froide,-12.548191,1
8227,S_NOUN_8_ADJ_a,M,S,le clavier avec les raisins qui était là depuis hier est aussi très chaud <eos>,13,chaud,chaude,11,M,P,chaud,-6.5770597,chaude,-11.327181,1
8228,S_NOUN_8_ADJ_a,M,S,le clavier avec les raisins qui était là depuis hier est aussi très important <eos>,13,important,importante,11,M,P,important,-4.3779087,importante,-8.337602,1
8229,S_NOUN_8_ADJ_a,M,S,le clavier avec les raisins qui était là depuis hier est aussi très court <eos>,13,court,courte,11,M,P,court,-5.566883,courte,-10.440878,1
8230,S_NOUN_8_ADJ_a,M,S,le clavier avec les raisins qui était là depuis hier est aussi très dur <eos>,13,dur,dure,11,M,P,dur,-3.8034291,dure,-7.887239,1
8231,S_NOUN_8_ADJ_a,M,S,le clavier avec les raisins qui était là depuis hier est aussi très clair <eos>,13,clair,claire,11,M,P,clair,-5.4017696,claire,-9.330967,1
8232,S_NOUN_8_ADJ_a,M,S,le clavier avec les raisins qui était là depuis hier est aussi très intéressant <eos>,13,intéressant,intéressante,11,M,P,intéressant,-6.0366106,intéressante,-10.490615,1
8233,S_NOUN_8_ADJ_a,M,S,le clavier avec les raisins qui était là depuis hier est aussi très brillant <eos>,13,brillant,brillante,11,M,P,brillant,-7.032413,brillante,-11.217083,1
8234,S_NOUN_8_ADJ_a,M,S,le clavier avec les raisins qui était là depuis hier est aussi très compliqué <eos>,13,compliqué,compliquée,11,M,P,compliqué,-5.82543,compliquée,-9.131279,1
8235,S_NOUN_8_ADJ_a,M,S,le clavier avec les chargeurs qui était là depuis hier est aussi très vert <eos>,13,vert,verte,11,M,P,vert,-11.915681,verte,-16.045788,1
8236,S_NOUN_8_ADJ_a,M,S,le clavier avec les chargeurs qui était là depuis hier est aussi très bleu <eos>,13,bleu,bleue,11,M,P,bleu,-12.269691,bleue,-18.609995,1
8237,S_NOUN_8_ADJ_a,M,S,le clavier avec les chargeurs qui était là depuis hier est aussi très noir <eos>,13,noir,noire,11,M,P,noir,-9.988146,noire,-15.6837,1
8238,S_NOUN_8_ADJ_a,M,S,le clavier avec les chargeurs qui était là depuis hier est aussi très délicat <eos>,13,délicat,délicate,11,M,P,délicat,-7.4616156,délicate,-10.175596,1
8239,S_NOUN_8_ADJ_a,M,S,le clavier avec les chargeurs qui était là depuis hier est aussi très pointu <eos>,13,pointu,pointue,11,M,P,pointu,-9.105338,pointue,-13.602011,1
8240,S_NOUN_8_ADJ_a,M,S,le clavier avec les chargeurs qui était là depuis hier est aussi très rond <eos>,13,rond,ronde,11,M,P,rond,-10.925686,ronde,-15.271965,1
8241,S_NOUN_8_ADJ_a,M,S,le clavier avec les chargeurs qui était là depuis hier est aussi très froid <eos>,13,froid,froide,11,M,P,froid,-8.459174,froide,-13.216731,1
8242,S_NOUN_8_ADJ_a,M,S,le clavier avec les chargeurs qui était là depuis hier est aussi très chaud <eos>,13,chaud,chaude,11,M,P,chaud,-8.5687275,chaude,-11.754695,1
8243,S_NOUN_8_ADJ_a,M,S,le clavier avec les chargeurs qui était là depuis hier est aussi très important <eos>,13,important,importante,11,M,P,important,-3.8643193,importante,-8.011112,1
8244,S_NOUN_8_ADJ_a,M,S,le clavier avec les chargeurs qui était là depuis hier est aussi très court <eos>,13,court,courte,11,M,P,court,-5.2487335,courte,-9.227123,1
8245,S_NOUN_8_ADJ_a,M,S,le clavier avec les chargeurs qui était là depuis hier est aussi très dur <eos>,13,dur,dure,11,M,P,dur,-4.686465,dure,-9.209152,1
8246,S_NOUN_8_ADJ_a,M,S,le clavier avec les chargeurs qui était là depuis hier est aussi très clair <eos>,13,clair,claire,11,M,P,clair,-6.6515746,claire,-10.613832,1
8247,S_NOUN_8_ADJ_a,M,S,le clavier avec les chargeurs qui était là depuis hier est aussi très intéressant <eos>,13,intéressant,intéressante,11,M,P,intéressant,-6.056152,intéressante,-9.901947,1
8248,S_NOUN_8_ADJ_a,M,S,le clavier avec les chargeurs qui était là depuis hier est aussi très brillant <eos>,13,brillant,brillante,11,M,P,brillant,-7.7503157,brillante,-12.121933,1
8249,S_NOUN_8_ADJ_a,M,S,le clavier avec les chargeurs qui était là depuis hier est aussi très compliqué <eos>,13,compliqué,compliquée,11,M,P,compliqué,-5.2618313,compliquée,-8.784003,1
8250,S_NOUN_8_ADJ_a,M,S,le clavier avec les vases qui était là depuis hier est aussi très vert <eos>,13,vert,verte,11,M,P,vert,-11.245683,verte,-14.592686,1
8251,S_NOUN_8_ADJ_a,M,S,le clavier avec les vases qui était là depuis hier est aussi très bleu <eos>,13,bleu,bleue,11,M,P,bleu,-11.832706,bleue,-16.828442,1
8252,S_NOUN_8_ADJ_a,M,S,le clavier avec les vases qui était là depuis hier est aussi très noir <eos>,13,noir,noire,11,M,P,noir,-10.312566,noire,-14.111426,1
8253,S_NOUN_8_ADJ_a,M,S,le clavier avec les vases qui était là depuis hier est aussi très délicat <eos>,13,délicat,délicate,11,M,P,délicat,-7.1545887,délicate,-9.930821,1
8254,S_NOUN_8_ADJ_a,M,S,le clavier avec les vases qui était là depuis hier est aussi très pointu <eos>,13,pointu,pointue,11,M,P,pointu,-8.7330675,pointue,-13.711601,1
8255,S_NOUN_8_ADJ_a,M,S,le clavier avec les vases qui était là depuis hier est aussi très rond <eos>,13,rond,ronde,11,M,P,rond,-11.035555,ronde,-14.604353,1
8256,S_NOUN_8_ADJ_a,M,S,le clavier avec les vases qui était là depuis hier est aussi très froid <eos>,13,froid,froide,11,M,P,froid,-8.543074,froide,-12.981499,1
8257,S_NOUN_8_ADJ_a,M,S,le clavier avec les vases qui était là depuis hier est aussi très chaud <eos>,13,chaud,chaude,11,M,P,chaud,-7.7274632,chaude,-11.337194,1
8258,S_NOUN_8_ADJ_a,M,S,le clavier avec les vases qui était là depuis hier est aussi très important <eos>,13,important,importante,11,M,P,important,-4.609428,importante,-8.421343,1
8259,S_NOUN_8_ADJ_a,M,S,le clavier avec les vases qui était là depuis hier est aussi très court <eos>,13,court,courte,11,M,P,court,-5.72405,courte,-10.011379,1
8260,S_NOUN_8_ADJ_a,M,S,le clavier avec les vases qui était là depuis hier est aussi très dur <eos>,13,dur,dure,11,M,P,dur,-4.624824,dure,-8.085327,1
8261,S_NOUN_8_ADJ_a,M,S,le clavier avec les vases qui était là depuis hier est aussi très clair <eos>,13,clair,claire,11,M,P,clair,-5.5453076,claire,-9.038565,1
8262,S_NOUN_8_ADJ_a,M,S,le clavier avec les vases qui était là depuis hier est aussi très intéressant <eos>,13,intéressant,intéressante,11,M,P,intéressant,-6.1755447,intéressante,-10.295257,1
8263,S_NOUN_8_ADJ_a,M,S,le clavier avec les vases qui était là depuis hier est aussi très brillant <eos>,13,brillant,brillante,11,M,P,brillant,-6.977987,brillante,-10.65077,1
8264,S_NOUN_8_ADJ_a,M,S,le clavier avec les vases qui était là depuis hier est aussi très compliqué <eos>,13,compliqué,compliquée,11,M,P,compliqué,-6.034906,compliquée,-9.084753,1
8265,S_NOUN_8_ADJ_a,M,S,le clavier avec les paniers qui était là depuis hier est aussi très vert <eos>,13,vert,verte,11,M,P,vert,-11.314115,verte,-15.069806,1
8266,S_NOUN_8_ADJ_a,M,S,le clavier avec les paniers qui était là depuis hier est aussi très bleu <eos>,13,bleu,bleue,11,M,P,bleu,-11.838144,bleue,-17.275482,1
8267,S_NOUN_8_ADJ_a,M,S,le clavier avec les paniers qui était là depuis hier est aussi très noir <eos>,13,noir,noire,11,M,P,noir,-9.733349,noire,-14.268711,1
8268,S_NOUN_8_ADJ_a,M,S,le clavier avec les paniers qui était là depuis hier est aussi très délicat <eos>,13,délicat,délicate,11,M,P,délicat,-7.142106,délicate,-10.204058,1
8269,S_NOUN_8_ADJ_a,M,S,le clavier avec les paniers qui était là depuis hier est aussi très pointu <eos>,13,pointu,pointue,11,M,P,pointu,-8.30903,pointue,-13.501527,1
8270,S_NOUN_8_ADJ_a,M,S,le clavier avec les paniers qui était là depuis hier est aussi très rond <eos>,13,rond,ronde,11,M,P,rond,-11.075614,ronde,-14.6766615,1
8271,S_NOUN_8_ADJ_a,M,S,le clavier avec les paniers qui était là depuis hier est aussi très froid <eos>,13,froid,froide,11,M,P,froid,-8.545458,froide,-13.316965,1
8272,S_NOUN_8_ADJ_a,M,S,le clavier avec les paniers qui était là depuis hier est aussi très chaud <eos>,13,chaud,chaude,11,M,P,chaud,-7.8386183,chaude,-11.725991,1
8273,S_NOUN_8_ADJ_a,M,S,le clavier avec les paniers qui était là depuis hier est aussi très important <eos>,13,important,importante,11,M,P,important,-4.7422996,importante,-8.7738285,1
8274,S_NOUN_8_ADJ_a,M,S,le clavier avec les paniers qui était là depuis hier est aussi très court <eos>,13,court,courte,11,M,P,court,-5.5717335,courte,-9.662597,1
8275,S_NOUN_8_ADJ_a,M,S,le clavier avec les paniers qui était là depuis hier est aussi très dur <eos>,13,dur,dure,11,M,P,dur,-4.5069857,dure,-8.28778,1
8276,S_NOUN_8_ADJ_a,M,S,le clavier avec les paniers qui était là depuis hier est aussi très clair <eos>,13,clair,claire,11,M,P,clair,-5.7334394,claire,-9.536615,1
8277,S_NOUN_8_ADJ_a,M,S,le clavier avec les paniers qui était là depuis hier est aussi très intéressant <eos>,13,intéressant,intéressante,11,M,P,intéressant,-6.216101,intéressante,-10.29139,1
8278,S_NOUN_8_ADJ_a,M,S,le clavier avec les paniers qui était là depuis hier est aussi très brillant <eos>,13,brillant,brillante,11,M,P,brillant,-7.288989,brillante,-11.459917,1
8279,S_NOUN_8_ADJ_a,M,S,le clavier avec les paniers qui était là depuis hier est aussi très compliqué <eos>,13,compliqué,compliquée,11,M,P,compliqué,-5.396511,compliquée,-8.584386,1
8280,S_NOUN_8_ADJ_a,M,S,le clavier avec les colliers qui était là depuis hier est aussi très vert <eos>,13,vert,verte,11,M,P,vert,-11.23715,verte,-14.982752,1
8281,S_NOUN_8_ADJ_a,M,S,le clavier avec les colliers qui était là depuis hier est aussi très bleu <eos>,13,bleu,bleue,11,M,P,bleu,-11.736701,bleue,-17.16449,1
8282,S_NOUN_8_ADJ_a,M,S,le clavier avec les colliers qui était là depuis hier est aussi très noir <eos>,13,noir,noire,11,M,P,noir,-10.182586,noire,-14.2561865,1
8283,S_NOUN_8_ADJ_a,M,S,le clavier avec les colliers qui était là depuis hier est aussi très délicat <eos>,13,délicat,délicate,11,M,P,délicat,-6.9532557,délicate,-9.835414,1
8284,S_NOUN_8_ADJ_a,M,S,le clavier avec les colliers qui était là depuis hier est aussi très pointu <eos>,13,pointu,pointue,11,M,P,pointu,-8.4269085,pointue,-13.158175,1
8285,S_NOUN_8_ADJ_a,M,S,le clavier avec les colliers qui était là depuis hier est aussi très rond <eos>,13,rond,ronde,11,M,P,rond,-10.990341,ronde,-14.411327,1
8286,S_NOUN_8_ADJ_a,M,S,le clavier avec les colliers qui était là depuis hier est aussi très froid <eos>,13,froid,froide,11,M,P,froid,-8.648589,froide,-13.044553,1
8287,S_NOUN_8_ADJ_a,M,S,le clavier avec les colliers qui était là depuis hier est aussi très chaud <eos>,13,chaud,chaude,11,M,P,chaud,-8.082783,chaude,-11.589069,1
8288,S_NOUN_8_ADJ_a,M,S,le clavier avec les colliers qui était là depuis hier est aussi très important <eos>,13,important,importante,11,M,P,important,-4.7421575,importante,-8.579874,1
8289,S_NOUN_8_ADJ_a,M,S,le clavier avec les colliers qui était là depuis hier est aussi très court <eos>,13,court,courte,11,M,P,court,-5.4145184,courte,-9.484955,1
8290,S_NOUN_8_ADJ_a,M,S,le clavier avec les colliers qui était là depuis hier est aussi très dur <eos>,13,dur,dure,11,M,P,dur,-4.550961,dure,-8.137848,1
8291,S_NOUN_8_ADJ_a,M,S,le clavier avec les colliers qui était là depuis hier est aussi très clair <eos>,13,clair,claire,11,M,P,clair,-5.815466,claire,-9.524783,1
8292,S_NOUN_8_ADJ_a,M,S,le clavier avec les colliers qui était là depuis hier est aussi très intéressant <eos>,13,intéressant,intéressante,11,M,P,intéressant,-6.2372923,intéressante,-10.299219,1
8293,S_NOUN_8_ADJ_a,M,S,le clavier avec les colliers qui était là depuis hier est aussi très brillant <eos>,13,brillant,brillante,11,M,P,brillant,-7.205516,brillante,-11.0921,1
8294,S_NOUN_8_ADJ_a,M,S,le clavier avec les colliers qui était là depuis hier est aussi très compliqué <eos>,13,compliqué,compliquée,11,M,P,compliqué,-5.39855,compliquée,-8.69264,1
8295,S_NOUN_8_ADJ_a,M,S,le clavier avec les chapeaux qui était là depuis hier est aussi très vert <eos>,13,vert,verte,11,M,P,vert,-11.148498,verte,-14.880588,1
8296,S_NOUN_8_ADJ_a,M,S,le clavier avec les chapeaux qui était là depuis hier est aussi très bleu <eos>,13,bleu,bleue,11,M,P,bleu,-11.47009,bleue,-16.955206,1
8297,S_NOUN_8_ADJ_a,M,S,le clavier avec les chapeaux qui était là depuis hier est aussi très noir <eos>,13,noir,noire,11,M,P,noir,-9.420721,noire,-14.200417,1
8298,S_NOUN_8_ADJ_a,M,S,le clavier avec les chapeaux qui était là depuis hier est aussi très délicat <eos>,13,délicat,délicate,11,M,P,délicat,-7.33085,délicate,-10.68771,1
8299,S_NOUN_8_ADJ_a,M,S,le clavier avec les chapeaux qui était là depuis hier est aussi très pointu <eos>,13,pointu,pointue,11,M,P,pointu,-8.4948435,pointue,-14.027221,1
8300,S_NOUN_8_ADJ_a,M,S,le clavier avec les chapeaux qui était là depuis hier est aussi très rond <eos>,13,rond,ronde,11,M,P,rond,-11.1391945,ronde,-14.996381,1
8301,S_NOUN_8_ADJ_a,M,S,le clavier avec les chapeaux qui était là depuis hier est aussi très froid <eos>,13,froid,froide,11,M,P,froid,-8.564078,froide,-13.484309,1
8302,S_NOUN_8_ADJ_a,M,S,le clavier avec les chapeaux qui était là depuis hier est aussi très chaud <eos>,13,chaud,chaude,11,M,P,chaud,-8.048245,chaude,-11.749134,1
8303,S_NOUN_8_ADJ_a,M,S,le clavier avec les chapeaux qui était là depuis hier est aussi très important <eos>,13,important,importante,11,M,P,important,-4.7803326,importante,-8.920169,1
8304,S_NOUN_8_ADJ_a,M,S,le clavier avec les chapeaux qui était là depuis hier est aussi très court <eos>,13,court,courte,11,M,P,court,-5.4656396,courte,-9.713379,1
8305,S_NOUN_8_ADJ_a,M,S,le clavier avec les chapeaux qui était là depuis hier est aussi très dur <eos>,13,dur,dure,11,M,P,dur,-4.9813056,dure,-8.384895,1
8306,S_NOUN_8_ADJ_a,M,S,le clavier avec les chapeaux qui était là depuis hier est aussi très clair <eos>,13,clair,claire,11,M,P,clair,-5.71385,claire,-9.576433,1
8307,S_NOUN_8_ADJ_a,M,S,le clavier avec les chapeaux qui était là depuis hier est aussi très intéressant <eos>,13,intéressant,intéressante,11,M,P,intéressant,-6.322344,intéressante,-10.401909,1
8308,S_NOUN_8_ADJ_a,M,S,le clavier avec les chapeaux qui était là depuis hier est aussi très brillant <eos>,13,brillant,brillante,11,M,P,brillant,-7.367182,brillante,-11.48537,1
8309,S_NOUN_8_ADJ_a,M,S,le clavier avec les chapeaux qui était là depuis hier est aussi très compliqué <eos>,13,compliqué,compliquée,11,M,P,compliqué,-5.530409,compliquée,-9.140742,1
8310,S_NOUN_8_ADJ_a,M,S,le clavier avec les pots qui était là depuis hier est aussi très vert <eos>,13,vert,verte,11,M,P,vert,-10.630277,verte,-14.801179,1
8311,S_NOUN_8_ADJ_a,M,S,le clavier avec les pots qui était là depuis hier est aussi très bleu <eos>,13,bleu,bleue,11,M,P,bleu,-11.520759,bleue,-17.301775,1
8312,S_NOUN_8_ADJ_a,M,S,le clavier avec les pots qui était là depuis hier est aussi très noir <eos>,13,noir,noire,11,M,P,noir,-9.869286,noire,-14.461309,1
8313,S_NOUN_8_ADJ_a,M,S,le clavier avec les pots qui était là depuis hier est aussi très délicat <eos>,13,délicat,délicate,11,M,P,délicat,-6.867318,délicate,-9.947841,1
8314,S_NOUN_8_ADJ_a,M,S,le clavier avec les pots qui était là depuis hier est aussi très pointu <eos>,13,pointu,pointue,11,M,P,pointu,-8.7705345,pointue,-13.713455,1
8315,S_NOUN_8_ADJ_a,M,S,le clavier avec les pots qui était là depuis hier est aussi très rond <eos>,13,rond,ronde,11,M,P,rond,-10.879581,ronde,-14.272137,1
8316,S_NOUN_8_ADJ_a,M,S,le clavier avec les pots qui était là depuis hier est aussi très froid <eos>,13,froid,froide,11,M,P,froid,-7.849139,froide,-12.431217,1
8317,S_NOUN_8_ADJ_a,M,S,le clavier avec les pots qui était là depuis hier est aussi très chaud <eos>,13,chaud,chaude,11,M,P,chaud,-6.995657,chaude,-10.670269,1
8318,S_NOUN_8_ADJ_a,M,S,le clavier avec les pots qui était là depuis hier est aussi très important <eos>,13,important,importante,11,M,P,important,-4.610111,importante,-8.434824,1
8319,S_NOUN_8_ADJ_a,M,S,le clavier avec les pots qui était là depuis hier est aussi très court <eos>,13,court,courte,11,M,P,court,-5.901099,courte,-10.138042,1
8320,S_NOUN_8_ADJ_a,M,S,le clavier avec les pots qui était là depuis hier est aussi très dur <eos>,13,dur,dure,11,M,P,dur,-4.2377367,dure,-8.123632,1
8321,S_NOUN_8_ADJ_a,M,S,le clavier avec les pots qui était là depuis hier est aussi très clair <eos>,13,clair,claire,11,M,P,clair,-5.7859125,claire,-9.376622,1
8322,S_NOUN_8_ADJ_a,M,S,le clavier avec les pots qui était là depuis hier est aussi très intéressant <eos>,13,intéressant,intéressante,11,M,P,intéressant,-6.082225,intéressante,-10.073313,1
8323,S_NOUN_8_ADJ_a,M,S,le clavier avec les pots qui était là depuis hier est aussi très brillant <eos>,13,brillant,brillante,11,M,P,brillant,-6.84058,brillante,-10.903688,1
8324,S_NOUN_8_ADJ_a,M,S,le clavier avec les pots qui était là depuis hier est aussi très compliqué <eos>,13,compliqué,compliquée,11,M,P,compliqué,-5.8170156,compliquée,-8.9357195,1
8325,S_NOUN_8_ADJ_a,M,S,le clavier avec les coussins qui était là depuis hier est aussi très vert <eos>,13,vert,verte,11,M,P,vert,-11.279908,verte,-15.143676,1
8326,S_NOUN_8_ADJ_a,M,S,le clavier avec les coussins qui était là depuis hier est aussi très bleu <eos>,13,bleu,bleue,11,M,P,bleu,-11.685001,bleue,-17.300667,1
8327,S_NOUN_8_ADJ_a,M,S,le clavier avec les coussins qui était là depuis hier est aussi très noir <eos>,13,noir,noire,11,M,P,noir,-9.750388,noire,-14.466671,1
8328,S_NOUN_8_ADJ_a,M,S,le clavier avec les coussins qui était là depuis hier est aussi très délicat <eos>,13,délicat,délicate,11,M,P,délicat,-7.174692,délicate,-10.13756,1
8329,S_NOUN_8_ADJ_a,M,S,le clavier avec les coussins qui était là depuis hier est aussi très pointu <eos>,13,pointu,pointue,11,M,P,pointu,-8.478214,pointue,-13.536776,1
8330,S_NOUN_8_ADJ_a,M,S,le clavier avec les coussins qui était là depuis hier est aussi très rond <eos>,13,rond,ronde,11,M,P,rond,-10.989822,ronde,-14.662419,1
8331,S_NOUN_8_ADJ_a,M,S,le clavier avec les coussins qui était là depuis hier est aussi très froid <eos>,13,froid,froide,11,M,P,froid,-8.351009,froide,-13.059137,1
8332,S_NOUN_8_ADJ_a,M,S,le clavier avec les coussins qui était là depuis hier est aussi très chaud <eos>,13,chaud,chaude,11,M,P,chaud,-7.790111,chaude,-11.307173,1
8333,S_NOUN_8_ADJ_a,M,S,le clavier avec les coussins qui était là depuis hier est aussi très important <eos>,13,important,importante,11,M,P,important,-4.849715,importante,-8.825408,1
8334,S_NOUN_8_ADJ_a,M,S,le clavier avec les coussins qui était là depuis hier est aussi très court <eos>,13,court,courte,11,M,P,court,-5.59663,courte,-9.764456,1
8335,S_NOUN_8_ADJ_a,M,S,le clavier avec les coussins qui était là depuis hier est aussi très dur <eos>,13,dur,dure,11,M,P,dur,-4.8710794,dure,-8.342392,1
8336,S_NOUN_8_ADJ_a,M,S,le clavier avec les coussins qui était là depuis hier est aussi très clair <eos>,13,clair,claire,11,M,P,clair,-6.0210886,claire,-9.546167,1
8337,S_NOUN_8_ADJ_a,M,S,le clavier avec les coussins qui était là depuis hier est aussi très intéressant <eos>,13,intéressant,intéressante,11,M,P,intéressant,-6.201274,intéressante,-10.120238,1
8338,S_NOUN_8_ADJ_a,M,S,le clavier avec les coussins qui était là depuis hier est aussi très brillant <eos>,13,brillant,brillante,11,M,P,brillant,-7.3566065,brillante,-11.6110325,1
8339,S_NOUN_8_ADJ_a,M,S,le clavier avec les coussins qui était là depuis hier est aussi très compliqué <eos>,13,compliqué,compliquée,11,M,P,compliqué,-5.4159384,compliquée,-8.53269,1
8340,S_NOUN_8_ADJ_a,M,S,le clavier avec les jouets qui était là depuis hier est aussi très vert <eos>,13,vert,verte,11,M,P,vert,-11.206994,verte,-14.815092,1
8341,S_NOUN_8_ADJ_a,M,S,le clavier avec les jouets qui était là depuis hier est aussi très bleu <eos>,13,bleu,bleue,11,M,P,bleu,-11.8107395,bleue,-17.217714,1
8342,S_NOUN_8_ADJ_a,M,S,le clavier avec les jouets qui était là depuis hier est aussi très noir <eos>,13,noir,noire,11,M,P,noir,-9.65941,noire,-14.678961,1
8343,S_NOUN_8_ADJ_a,M,S,le clavier avec les jouets qui était là depuis hier est aussi très délicat <eos>,13,délicat,délicate,11,M,P,délicat,-7.4542665,délicate,-10.572515,1
8344,S_NOUN_8_ADJ_a,M,S,le clavier avec les jouets qui était là depuis hier est aussi très pointu <eos>,13,pointu,pointue,11,M,P,pointu,-8.478497,pointue,-14.035368,1
8345,S_NOUN_8_ADJ_a,M,S,le clavier avec les jouets qui était là depuis hier est aussi très rond <eos>,13,rond,ronde,11,M,P,rond,-11.616411,ronde,-15.609341,1
8346,S_NOUN_8_ADJ_a,M,S,le clavier avec les jouets qui était là depuis hier est aussi très froid <eos>,13,froid,froide,11,M,P,froid,-8.120735,froide,-13.31584,1
8347,S_NOUN_8_ADJ_a,M,S,le clavier avec les jouets qui était là depuis hier est aussi très chaud <eos>,13,chaud,chaude,11,M,P,chaud,-7.94094,chaude,-11.857794,1
8348,S_NOUN_8_ADJ_a,M,S,le clavier avec les jouets qui était là depuis hier est aussi très important <eos>,13,important,importante,11,M,P,important,-4.5045757,importante,-8.469068,1
8349,S_NOUN_8_ADJ_a,M,S,le clavier avec les jouets qui était là depuis hier est aussi très court <eos>,13,court,courte,11,M,P,court,-5.5013976,courte,-10.149384,1
8350,S_NOUN_8_ADJ_a,M,S,le clavier avec les jouets qui était là depuis hier est aussi très dur <eos>,13,dur,dure,11,M,P,dur,-4.960619,dure,-8.603182,1
8351,S_NOUN_8_ADJ_a,M,S,le clavier avec les jouets qui était là depuis hier est aussi très clair <eos>,13,clair,claire,11,M,P,clair,-5.8931475,claire,-9.462809,1
8352,S_NOUN_8_ADJ_a,M,S,le clavier avec les jouets qui était là depuis hier est aussi très intéressant <eos>,13,intéressant,intéressante,11,M,P,intéressant,-6.019144,intéressante,-10.111036,1
8353,S_NOUN_8_ADJ_a,M,S,le clavier avec les jouets qui était là depuis hier est aussi très brillant <eos>,13,brillant,brillante,11,M,P,brillant,-7.4845123,brillante,-11.48491,1
8354,S_NOUN_8_ADJ_a,M,S,le clavier avec les jouets qui était là depuis hier est aussi très compliqué <eos>,13,compliqué,compliquée,11,M,P,compliqué,-5.9347744,compliquée,-8.988771,1
8355,S_NOUN_8_ADJ_a,M,S,le clavier avec les clous qui était là depuis hier est aussi très vert <eos>,13,vert,verte,11,M,P,vert,-10.923708,verte,-15.110579,1
8356,S_NOUN_8_ADJ_a,M,S,le clavier avec les clous qui était là depuis hier est aussi très bleu <eos>,13,bleu,bleue,11,M,P,bleu,-11.569352,bleue,-17.263845,1
8357,S_NOUN_8_ADJ_a,M,S,le clavier avec les clous qui était là depuis hier est aussi très noir <eos>,13,noir,noire,11,M,P,noir,-9.566072,noire,-14.25517,1
8358,S_NOUN_8_ADJ_a,M,S,le clavier avec les clous qui était là depuis hier est aussi très délicat <eos>,13,délicat,délicate,11,M,P,délicat,-6.76258,délicate,-9.595996,1
8359,S_NOUN_8_ADJ_a,M,S,le clavier avec les clous qui était là depuis hier est aussi très pointu <eos>,13,pointu,pointue,11,M,P,pointu,-8.446631,pointue,-13.480204,1
8360,S_NOUN_8_ADJ_a,M,S,le clavier avec les clous qui était là depuis hier est aussi très rond <eos>,13,rond,ronde,11,M,P,rond,-10.8989,ronde,-14.615565,1
8361,S_NOUN_8_ADJ_a,M,S,le clavier avec les clous qui était là depuis hier est aussi très froid <eos>,13,froid,froide,11,M,P,froid,-7.7738743,froide,-12.687037,1
8362,S_NOUN_8_ADJ_a,M,S,le clavier avec les clous qui était là depuis hier est aussi très chaud <eos>,13,chaud,chaude,11,M,P,chaud,-7.4377394,chaude,-11.335776,1
8363,S_NOUN_8_ADJ_a,M,S,le clavier avec les clous qui était là depuis hier est aussi très important <eos>,13,important,importante,11,M,P,important,-4.6424656,importante,-8.660918,1
8364,S_NOUN_8_ADJ_a,M,S,le clavier avec les clous qui était là depuis hier est aussi très court <eos>,13,court,courte,11,M,P,court,-5.587442,courte,-9.750195,1
8365,S_NOUN_8_ADJ_a,M,S,le clavier avec les clous qui était là depuis hier est aussi très dur <eos>,13,dur,dure,11,M,P,dur,-4.118379,dure,-8.044794,1
8366,S_NOUN_8_ADJ_a,M,S,le clavier avec les clous qui était là depuis hier est aussi très clair <eos>,13,clair,claire,11,M,P,clair,-5.6274314,claire,-9.407257,1
8367,S_NOUN_8_ADJ_a,M,S,le clavier avec les clous qui était là depuis hier est aussi très intéressant <eos>,13,intéressant,intéressante,11,M,P,intéressant,-6.138739,intéressante,-10.368109,1
8368,S_NOUN_8_ADJ_a,M,S,le clavier avec les clous qui était là depuis hier est aussi très brillant <eos>,13,brillant,brillante,11,M,P,brillant,-7.057538,brillante,-11.246534,1
8369,S_NOUN_8_ADJ_a,M,S,le clavier avec les clous qui était là depuis hier est aussi très compliqué <eos>,13,compliqué,compliquée,11,M,P,compliqué,-5.3993983,compliquée,-8.556501,1
8370,S_NOUN_8_ADJ_a,M,S,le clavier avec les billets qui était là depuis hier est aussi très vert <eos>,13,vert,verte,11,M,P,vert,-11.040649,verte,-15.456397,1
8371,S_NOUN_8_ADJ_a,M,S,le clavier avec les billets qui était là depuis hier est aussi très bleu <eos>,13,bleu,bleue,11,M,P,bleu,-11.531289,bleue,-18.017635,1
8372,S_NOUN_8_ADJ_a,M,S,le clavier avec les billets qui était là depuis hier est aussi très noir <eos>,13,noir,noire,11,M,P,noir,-9.731659,noire,-15.48788,1
8373,S_NOUN_8_ADJ_a,M,S,le clavier avec les billets qui était là depuis hier est aussi très délicat <eos>,13,délicat,délicate,11,M,P,délicat,-7.4298077,délicate,-10.682499,1
8374,S_NOUN_8_ADJ_a,M,S,le clavier avec les billets qui était là depuis hier est aussi très pointu <eos>,13,pointu,pointue,11,M,P,pointu,-9.327799,pointue,-14.220008,1
8375,S_NOUN_8_ADJ_a,M,S,le clavier avec les billets qui était là depuis hier est aussi très rond <eos>,13,rond,ronde,11,M,P,rond,-11.421035,ronde,-15.822951,1
8376,S_NOUN_8_ADJ_a,M,S,le clavier avec les billets qui était là depuis hier est aussi très froid <eos>,13,froid,froide,11,M,P,froid,-8.653334,froide,-13.849739,1
8377,S_NOUN_8_ADJ_a,M,S,le clavier avec les billets qui était là depuis hier est aussi très chaud <eos>,13,chaud,chaude,11,M,P,chaud,-8.227741,chaude,-11.916189,1
8378,S_NOUN_8_ADJ_a,M,S,le clavier avec les billets qui était là depuis hier est aussi très important <eos>,13,important,importante,11,M,P,important,-4.012125,importante,-8.200018,1
8379,S_NOUN_8_ADJ_a,M,S,le clavier avec les billets qui était là depuis hier est aussi très court <eos>,13,court,courte,11,M,P,court,-5.199791,courte,-9.414598,1
8380,S_NOUN_8_ADJ_a,M,S,le clavier avec les billets qui était là depuis hier est aussi très dur <eos>,13,dur,dure,11,M,P,dur,-5.068331,dure,-9.559638,1
8381,S_NOUN_8_ADJ_a,M,S,le clavier avec les billets qui était là depuis hier est aussi très clair <eos>,13,clair,claire,11,M,P,clair,-6.2617636,claire,-10.401252,1
8382,S_NOUN_8_ADJ_a,M,S,le clavier avec les billets qui était là depuis hier est aussi très intéressant <eos>,13,intéressant,intéressante,11,M,P,intéressant,-6.176382,intéressante,-9.665094,1
8383,S_NOUN_8_ADJ_a,M,S,le clavier avec les billets qui était là depuis hier est aussi très brillant <eos>,13,brillant,brillante,11,M,P,brillant,-7.745537,brillante,-12.042376,1
8384,S_NOUN_8_ADJ_a,M,S,le clavier avec les billets qui était là depuis hier est aussi très compliqué <eos>,13,compliqué,compliquée,11,M,P,compliqué,-5.5447273,compliquée,-9.355072,1
8385,S_NOUN_8_ADJ_a,M,S,le clavier avec les légumes qui était là depuis hier est aussi très vert <eos>,13,vert,verte,11,M,P,vert,-10.795019,verte,-14.7269745,1
8386,S_NOUN_8_ADJ_a,M,S,le clavier avec les légumes qui était là depuis hier est aussi très bleu <eos>,13,bleu,bleue,11,M,P,bleu,-11.698206,bleue,-16.918541,1
8387,S_NOUN_8_ADJ_a,M,S,le clavier avec les légumes qui était là depuis hier est aussi très noir <eos>,13,noir,noire,11,M,P,noir,-9.876048,noire,-14.386004,1
8388,S_NOUN_8_ADJ_a,M,S,le clavier avec les légumes qui était là depuis hier est aussi très délicat <eos>,13,délicat,délicate,11,M,P,délicat,-6.8754635,délicate,-9.711621,1
8389,S_NOUN_8_ADJ_a,M,S,le clavier avec les légumes qui était là depuis hier est aussi très pointu <eos>,13,pointu,pointue,11,M,P,pointu,-8.179643,pointue,-13.93318,1
8390,S_NOUN_8_ADJ_a,M,S,le clavier avec les légumes qui était là depuis hier est aussi très rond <eos>,13,rond,ronde,11,M,P,rond,-10.899711,ronde,-14.639637,1
8391,S_NOUN_8_ADJ_a,M,S,le clavier avec les légumes qui était là depuis hier est aussi très froid <eos>,13,froid,froide,11,M,P,froid,-7.259605,froide,-12.496225,1
8392,S_NOUN_8_ADJ_a,M,S,le clavier avec les légumes qui était là depuis hier est aussi très chaud <eos>,13,chaud,chaude,11,M,P,chaud,-6.7220173,chaude,-11.039178,1
8393,S_NOUN_8_ADJ_a,M,S,le clavier avec les légumes qui était là depuis hier est aussi très important <eos>,13,important,importante,11,M,P,important,-4.5055895,importante,-8.404667,1
8394,S_NOUN_8_ADJ_a,M,S,le clavier avec les légumes qui était là depuis hier est aussi très court <eos>,13,court,courte,11,M,P,court,-5.8523707,courte,-10.199394,1
8395,S_NOUN_8_ADJ_a,M,S,le clavier avec les légumes qui était là depuis hier est aussi très dur <eos>,13,dur,dure,11,M,P,dur,-4.4614153,dure,-7.7618504,1
8396,S_NOUN_8_ADJ_a,M,S,le clavier avec les légumes qui était là depuis hier est aussi très clair <eos>,13,clair,claire,11,M,P,clair,-5.603238,claire,-9.585164,1
8397,S_NOUN_8_ADJ_a,M,S,le clavier avec les légumes qui était là depuis hier est aussi très intéressant <eos>,13,intéressant,intéressante,11,M,P,intéressant,-6.239564,intéressante,-10.517442,1
8398,S_NOUN_8_ADJ_a,M,S,le clavier avec les légumes qui était là depuis hier est aussi très brillant <eos>,13,brillant,brillante,11,M,P,brillant,-7.3821,brillante,-11.417992,1
8399,S_NOUN_8_ADJ_a,M,S,le clavier avec les légumes qui était là depuis hier est aussi très compliqué <eos>,13,compliqué,compliquée,11,M,P,compliqué,-6.1517177,compliquée,-9.350004,1
8400,S_NOUN_8_ADJ_a,M,S,le raisin avec les bracelets qui était là depuis hier est aussi très vert <eos>,13,vert,verte,11,M,P,vert,-9.826534,verte,-13.970902,1
8401,S_NOUN_8_ADJ_a,M,S,le raisin avec les bracelets qui était là depuis hier est aussi très bleu <eos>,13,bleu,bleue,11,M,P,bleu,-10.821526,bleue,-16.90586,1
8402,S_NOUN_8_ADJ_a,M,S,le raisin avec les bracelets qui était là depuis hier est aussi très noir <eos>,13,noir,noire,11,M,P,noir,-9.626125,noire,-13.510628,1
8403,S_NOUN_8_ADJ_a,M,S,le raisin avec les bracelets qui était là depuis hier est aussi très délicat <eos>,13,délicat,délicate,11,M,P,délicat,-7.5005174,délicate,-10.395418,1
8404,S_NOUN_8_ADJ_a,M,S,le raisin avec les bracelets qui était là depuis hier est aussi très pointu <eos>,13,pointu,pointue,11,M,P,pointu,-8.086955,pointue,-12.973615,1
8405,S_NOUN_8_ADJ_a,M,S,le raisin avec les bracelets qui était là depuis hier est aussi très rond <eos>,13,rond,ronde,11,M,P,rond,-10.175716,ronde,-13.069342,1
8406,S_NOUN_8_ADJ_a,M,S,le raisin avec les bracelets qui était là depuis hier est aussi très froid <eos>,13,froid,froide,11,M,P,froid,-7.4867816,froide,-12.793028,1
8407,S_NOUN_8_ADJ_a,M,S,le raisin avec les bracelets qui était là depuis hier est aussi très chaud <eos>,13,chaud,chaude,11,M,P,chaud,-6.48069,chaude,-11.154438,1
8408,S_NOUN_8_ADJ_a,M,S,le raisin avec les bracelets qui était là depuis hier est aussi très important <eos>,13,important,importante,11,M,P,important,-4.764433,importante,-8.769217,1
8409,S_NOUN_8_ADJ_a,M,S,le raisin avec les bracelets qui était là depuis hier est aussi très court <eos>,13,court,courte,11,M,P,court,-5.3629994,courte,-10.064814,1
8410,S_NOUN_8_ADJ_a,M,S,le raisin avec les bracelets qui était là depuis hier est aussi très dur <eos>,13,dur,dure,11,M,P,dur,-4.7534504,dure,-8.718706,1
8411,S_NOUN_8_ADJ_a,M,S,le raisin avec les bracelets qui était là depuis hier est aussi très clair <eos>,13,clair,claire,11,M,P,clair,-5.6807995,claire,-9.57707,1
8412,S_NOUN_8_ADJ_a,M,S,le raisin avec les bracelets qui était là depuis hier est aussi très intéressant <eos>,13,intéressant,intéressante,11,M,P,intéressant,-6.1855783,intéressante,-10.705582,1
8413,S_NOUN_8_ADJ_a,M,S,le raisin avec les bracelets qui était là depuis hier est aussi très brillant <eos>,13,brillant,brillante,11,M,P,brillant,-7.3360868,brillante,-11.347467,1
8414,S_NOUN_8_ADJ_a,M,S,le raisin avec les bracelets qui était là depuis hier est aussi très compliqué <eos>,13,compliqué,compliquée,11,M,P,compliqué,-6.666491,compliquée,-10.439972,1
8415,S_NOUN_8_ADJ_a,M,S,le raisin avec les miroirs qui était là depuis hier est aussi très vert <eos>,13,vert,verte,11,M,P,vert,-9.59749,verte,-14.099426,1
8416,S_NOUN_8_ADJ_a,M,S,le raisin avec les miroirs qui était là depuis hier est aussi très bleu <eos>,13,bleu,bleue,11,M,P,bleu,-10.719741,bleue,-17.233713,1
8417,S_NOUN_8_ADJ_a,M,S,le raisin avec les miroirs qui était là depuis hier est aussi très noir <eos>,13,noir,noire,11,M,P,noir,-9.584417,noire,-14.381258,1
8418,S_NOUN_8_ADJ_a,M,S,le raisin avec les miroirs qui était là depuis hier est aussi très délicat <eos>,13,délicat,délicate,11,M,P,délicat,-7.1152687,délicate,-10.120577,1
8419,S_NOUN_8_ADJ_a,M,S,le raisin avec les miroirs qui était là depuis hier est aussi très pointu <eos>,13,pointu,pointue,11,M,P,pointu,-8.277284,pointue,-13.023942,1
8420,S_NOUN_8_ADJ_a,M,S,le raisin avec les miroirs qui était là depuis hier est aussi très rond <eos>,13,rond,ronde,11,M,P,rond,-10.278367,ronde,-13.368709,1
8421,S_NOUN_8_ADJ_a,M,S,le raisin avec les miroirs qui était là depuis hier est aussi très froid <eos>,13,froid,froide,11,M,P,froid,-6.4734235,froide,-11.781946,1
8422,S_NOUN_8_ADJ_a,M,S,le raisin avec les miroirs qui était là depuis hier est aussi très chaud <eos>,13,chaud,chaude,11,M,P,chaud,-5.8686485,chaude,-10.108942,1
8423,S_NOUN_8_ADJ_a,M,S,le raisin avec les miroirs qui était là depuis hier est aussi très important <eos>,13,important,importante,11,M,P,important,-4.3794804,importante,-8.256915,1
8424,S_NOUN_8_ADJ_a,M,S,le raisin avec les miroirs qui était là depuis hier est aussi très court <eos>,13,court,courte,11,M,P,court,-5.3264656,courte,-10.0605135,1
8425,S_NOUN_8_ADJ_a,M,S,le raisin avec les miroirs qui était là depuis hier est aussi très dur <eos>,13,dur,dure,11,M,P,dur,-4.5227337,dure,-8.223669,1
8426,S_NOUN_8_ADJ_a,M,S,le raisin avec les miroirs qui était là depuis hier est aussi très clair <eos>,13,clair,claire,11,M,P,clair,-5.1874604,claire,-9.279245,1
8427,S_NOUN_8_ADJ_a,M,S,le raisin avec les miroirs qui était là depuis hier est aussi très intéressant <eos>,13,intéressant,intéressante,11,M,P,intéressant,-5.8599787,intéressante,-10.419207,1
8428,S_NOUN_8_ADJ_a,M,S,le raisin avec les miroirs qui était là depuis hier est aussi très brillant <eos>,13,brillant,brillante,11,M,P,brillant,-6.663176,brillante,-10.258223,1
8429,S_NOUN_8_ADJ_a,M,S,le raisin avec les miroirs qui était là depuis hier est aussi très compliqué <eos>,13,compliqué,compliquée,11,M,P,compliqué,-6.759989,compliquée,-10.12197,1
8430,S_NOUN_8_ADJ_a,M,S,le raisin avec les crayons qui était là depuis hier est aussi très vert <eos>,13,vert,verte,11,M,P,vert,-9.375321,verte,-14.163537,1
8431,S_NOUN_8_ADJ_a,M,S,le raisin avec les crayons qui était là depuis hier est aussi très bleu <eos>,13,bleu,bleue,11,M,P,bleu,-10.830164,bleue,-17.535599,1
8432,S_NOUN_8_ADJ_a,M,S,le raisin avec les crayons qui était là depuis hier est aussi très noir <eos>,13,noir,noire,11,M,P,noir,-9.76259,noire,-14.15456,1
8433,S_NOUN_8_ADJ_a,M,S,le raisin avec les crayons qui était là depuis hier est aussi très délicat <eos>,13,délicat,délicate,11,M,P,délicat,-6.6202602,délicate,-10.140954,1
8434,S_NOUN_8_ADJ_a,M,S,le raisin avec les crayons qui était là depuis hier est aussi très pointu <eos>,13,pointu,pointue,11,M,P,pointu,-8.833686,pointue,-13.727572,1
8435,S_NOUN_8_ADJ_a,M,S,le raisin avec les crayons qui était là depuis hier est aussi très rond <eos>,13,rond,ronde,11,M,P,rond,-10.958212,ronde,-13.809769,1
8436,S_NOUN_8_ADJ_a,M,S,le raisin avec les crayons qui était là depuis hier est aussi très froid <eos>,13,froid,froide,11,M,P,froid,-6.0126915,froide,-12.160769,1
8437,S_NOUN_8_ADJ_a,M,S,le raisin avec les crayons qui était là depuis hier est aussi très chaud <eos>,13,chaud,chaude,11,M,P,chaud,-5.891633,chaude,-10.795094,1
8438,S_NOUN_8_ADJ_a,M,S,le raisin avec les crayons qui était là depuis hier est aussi très important <eos>,13,important,importante,11,M,P,important,-4.2202163,importante,-8.1875725,1
8439,S_NOUN_8_ADJ_a,M,S,le raisin avec les crayons qui était là depuis hier est aussi très court <eos>,13,court,courte,11,M,P,court,-5.4841633,courte,-10.612137,1
8440,S_NOUN_8_ADJ_a,M,S,le raisin avec les crayons qui était là depuis hier est aussi très dur <eos>,13,dur,dure,11,M,P,dur,-4.3884254,dure,-8.055674,1
8441,S_NOUN_8_ADJ_a,M,S,le raisin avec les crayons qui était là depuis hier est aussi très clair <eos>,13,clair,claire,11,M,P,clair,-5.000553,claire,-9.098831,1
8442,S_NOUN_8_ADJ_a,M,S,le raisin avec les crayons qui était là depuis hier est aussi très intéressant <eos>,13,intéressant,intéressante,11,M,P,intéressant,-6.0465713,intéressante,-10.786669,1
8443,S_NOUN_8_ADJ_a,M,S,le raisin avec les crayons qui était là depuis hier est aussi très brillant <eos>,13,brillant,brillante,11,M,P,brillant,-7.175267,brillante,-11.1986,1
8444,S_NOUN_8_ADJ_a,M,S,le raisin avec les crayons qui était là depuis hier est aussi très compliqué <eos>,13,compliqué,compliquée,11,M,P,compliqué,-7.211683,compliquée,-10.756376,1
8445,S_NOUN_8_ADJ_a,M,S,le raisin avec les rideaux qui était là depuis hier est aussi très vert <eos>,13,vert,verte,11,M,P,vert,-9.466112,verte,-14.227142,1
8446,S_NOUN_8_ADJ_a,M,S,le raisin avec les rideaux qui était là depuis hier est aussi très bleu <eos>,13,bleu,bleue,11,M,P,bleu,-10.626666,bleue,-17.314299,1
8447,S_NOUN_8_ADJ_a,M,S,le raisin avec les rideaux qui était là depuis hier est aussi très noir <eos>,13,noir,noire,11,M,P,noir,-9.35755,noire,-13.773874,1
8448,S_NOUN_8_ADJ_a,M,S,le raisin avec les rideaux qui était là depuis hier est aussi très délicat <eos>,13,délicat,délicate,11,M,P,délicat,-6.948654,délicate,-10.107874,1
8449,S_NOUN_8_ADJ_a,M,S,le raisin avec les rideaux qui était là depuis hier est aussi très pointu <eos>,13,pointu,pointue,11,M,P,pointu,-8.411636,pointue,-13.465394,1
8450,S_NOUN_8_ADJ_a,M,S,le raisin avec les rideaux qui était là depuis hier est aussi très rond <eos>,13,rond,ronde,11,M,P,rond,-10.409918,ronde,-13.556102,1
8451,S_NOUN_8_ADJ_a,M,S,le raisin avec les rideaux qui était là depuis hier est aussi très froid <eos>,13,froid,froide,11,M,P,froid,-5.8847938,froide,-12.212227,1
8452,S_NOUN_8_ADJ_a,M,S,le raisin avec les rideaux qui était là depuis hier est aussi très chaud <eos>,13,chaud,chaude,11,M,P,chaud,-5.6358294,chaude,-10.55385,1
8453,S_NOUN_8_ADJ_a,M,S,le raisin avec les rideaux qui était là depuis hier est aussi très important <eos>,13,important,importante,11,M,P,important,-4.456236,importante,-8.593787,1
8454,S_NOUN_8_ADJ_a,M,S,le raisin avec les rideaux qui était là depuis hier est aussi très court <eos>,13,court,courte,11,M,P,court,-5.139768,courte,-10.461901,1
8455,S_NOUN_8_ADJ_a,M,S,le raisin avec les rideaux qui était là depuis hier est aussi très dur <eos>,13,dur,dure,11,M,P,dur,-4.1682024,dure,-7.868946,1
8456,S_NOUN_8_ADJ_a,M,S,le raisin avec les rideaux qui était là depuis hier est aussi très clair <eos>,13,clair,claire,11,M,P,clair,-5.0717096,claire,-9.044975,1
8457,S_NOUN_8_ADJ_a,M,S,le raisin avec les rideaux qui était là depuis hier est aussi très intéressant <eos>,13,intéressant,intéressante,11,M,P,intéressant,-6.176218,intéressante,-10.97469,1
8458,S_NOUN_8_ADJ_a,M,S,le raisin avec les rideaux qui était là depuis hier est aussi très brillant <eos>,13,brillant,brillante,11,M,P,brillant,-7.134608,brillante,-11.219116,1
8459,S_NOUN_8_ADJ_a,M,S,le raisin avec les rideaux qui était là depuis hier est aussi très compliqué <eos>,13,compliqué,compliquée,11,M,P,compliqué,-6.6890297,compliquée,-10.233073,1
8460,S_NOUN_8_ADJ_a,M,S,le raisin avec les cahiers qui était là depuis hier est aussi très vert <eos>,13,vert,verte,11,M,P,vert,-10.128619,verte,-14.65605,1
8461,S_NOUN_8_ADJ_a,M,S,le raisin avec les cahiers qui était là depuis hier est aussi très bleu <eos>,13,bleu,bleue,11,M,P,bleu,-11.591998,bleue,-17.96957,1
8462,S_NOUN_8_ADJ_a,M,S,le raisin avec les cahiers qui était là depuis hier est aussi très noir <eos>,13,noir,noire,11,M,P,noir,-10.076356,noire,-14.933895,1
8463,S_NOUN_8_ADJ_a,M,S,le raisin avec les cahiers qui était là depuis hier est aussi très délicat <eos>,13,délicat,délicate,11,M,P,délicat,-6.9614153,délicate,-10.238796,1
8464,S_NOUN_8_ADJ_a,M,S,le raisin avec les cahiers qui était là depuis hier est aussi très pointu <eos>,13,pointu,pointue,11,M,P,pointu,-9.190212,pointue,-14.224222,1
8465,S_NOUN_8_ADJ_a,M,S,le raisin avec les cahiers qui était là depuis hier est aussi très rond <eos>,13,rond,ronde,11,M,P,rond,-11.678268,ronde,-14.73197,1
8466,S_NOUN_8_ADJ_a,M,S,le raisin avec les cahiers qui était là depuis hier est aussi très froid <eos>,13,froid,froide,11,M,P,froid,-5.632756,froide,-11.952219,1
8467,S_NOUN_8_ADJ_a,M,S,le raisin avec les cahiers qui était là depuis hier est aussi très chaud <eos>,13,chaud,chaude,11,M,P,chaud,-5.523036,chaude,-10.809788,1
8468,S_NOUN_8_ADJ_a,M,S,le raisin avec les cahiers qui était là depuis hier est aussi très important <eos>,13,important,importante,11,M,P,important,-3.765146,importante,-7.7989283,1
8469,S_NOUN_8_ADJ_a,M,S,le raisin avec les cahiers qui était là depuis hier est aussi très court <eos>,13,court,courte,11,M,P,court,-5.675555,courte,-10.200349,1
8470,S_NOUN_8_ADJ_a,M,S,le raisin avec les cahiers qui était là depuis hier est aussi très dur <eos>,13,dur,dure,11,M,P,dur,-4.7721453,dure,-7.66992,1
8471,S_NOUN_8_ADJ_a,M,S,le raisin avec les cahiers qui était là depuis hier est aussi très clair <eos>,13,clair,claire,11,M,P,clair,-5.3084908,claire,-9.67994,1
8472,S_NOUN_8_ADJ_a,M,S,le raisin avec les cahiers qui était là depuis hier est aussi très intéressant <eos>,13,intéressant,intéressante,11,M,P,intéressant,-5.6687164,intéressante,-10.372408,1
8473,S_NOUN_8_ADJ_a,M,S,le raisin avec les cahiers qui était là depuis hier est aussi très brillant <eos>,13,brillant,brillante,11,M,P,brillant,-7.462281,brillante,-11.458309,1
8474,S_NOUN_8_ADJ_a,M,S,le raisin avec les cahiers qui était là depuis hier est aussi très compliqué <eos>,13,compliqué,compliquée,11,M,P,compliqué,-6.822158,compliquée,-10.255406,1
8475,S_NOUN_8_ADJ_a,M,S,le raisin avec les micros qui était là depuis hier est aussi très vert <eos>,13,vert,verte,11,M,P,vert,-9.568985,verte,-14.518074,1
8476,S_NOUN_8_ADJ_a,M,S,le raisin avec les micros qui était là depuis hier est aussi très bleu <eos>,13,bleu,bleue,11,M,P,bleu,-10.641565,bleue,-17.492445,1
8477,S_NOUN_8_ADJ_a,M,S,le raisin avec les micros qui était là depuis hier est aussi très noir <eos>,13,noir,noire,11,M,P,noir,-9.456438,noire,-14.848994,1
8478,S_NOUN_8_ADJ_a,M,S,le raisin avec les micros qui était là depuis hier est aussi très délicat <eos>,13,délicat,délicate,11,M,P,délicat,-7.067357,délicate,-10.22842,1
8479,S_NOUN_8_ADJ_a,M,S,le raisin avec les micros qui était là depuis hier est aussi très pointu <eos>,13,pointu,pointue,11,M,P,pointu,-8.518375,pointue,-14.068737,1
8480,S_NOUN_8_ADJ_a,M,S,le raisin avec les micros qui était là depuis hier est aussi très rond <eos>,13,rond,ronde,11,M,P,rond,-10.42569,ronde,-14.208819,1
8481,S_NOUN_8_ADJ_a,M,S,le raisin avec les micros qui était là depuis hier est aussi très froid <eos>,13,froid,froide,11,M,P,froid,-6.125777,froide,-12.607239,1
8482,S_NOUN_8_ADJ_a,M,S,le raisin avec les micros qui était là depuis hier est aussi très chaud <eos>,13,chaud,chaude,11,M,P,chaud,-5.763673,chaude,-10.830952,1
8483,S_NOUN_8_ADJ_a,M,S,le raisin avec les micros qui était là depuis hier est aussi très important <eos>,13,important,importante,11,M,P,important,-4.40701,importante,-8.792013,1
8484,S_NOUN_8_ADJ_a,M,S,le raisin avec les micros qui était là depuis hier est aussi très court <eos>,13,court,courte,11,M,P,court,-5.6007113,courte,-10.956299,1
8485,S_NOUN_8_ADJ_a,M,S,le raisin avec les micros qui était là depuis hier est aussi très dur <eos>,13,dur,dure,11,M,P,dur,-4.0455613,dure,-8.012817,1
8486,S_NOUN_8_ADJ_a,M,S,le raisin avec les micros qui était là depuis hier est aussi très clair <eos>,13,clair,claire,11,M,P,clair,-5.20103,claire,-9.386087,1
8487,S_NOUN_8_ADJ_a,M,S,le raisin avec les micros qui était là depuis hier est aussi très intéressant <eos>,13,intéressant,intéressante,11,M,P,intéressant,-6.1815586,intéressante,-10.823365,1
8488,S_NOUN_8_ADJ_a,M,S,le raisin avec les micros qui était là depuis hier est aussi très brillant <eos>,13,brillant,brillante,11,M,P,brillant,-7.173121,brillante,-11.809906,1
8489,S_NOUN_8_ADJ_a,M,S,le raisin avec les micros qui était là depuis hier est aussi très compliqué <eos>,13,compliqué,compliquée,11,M,P,compliqué,-6.198242,compliquée,-10.027072,1
8490,S_NOUN_8_ADJ_a,M,S,le raisin avec les sacs qui était là depuis hier est aussi très vert <eos>,13,vert,verte,11,M,P,vert,-9.829592,verte,-14.391835,1
8491,S_NOUN_8_ADJ_a,M,S,le raisin avec les sacs qui était là depuis hier est aussi très bleu <eos>,13,bleu,bleue,11,M,P,bleu,-11.151655,bleue,-17.592367,1
8492,S_NOUN_8_ADJ_a,M,S,le raisin avec les sacs qui était là depuis hier est aussi très noir <eos>,13,noir,noire,11,M,P,noir,-9.773928,noire,-13.958052,1
8493,S_NOUN_8_ADJ_a,M,S,le raisin avec les sacs qui était là depuis hier est aussi très délicat <eos>,13,délicat,délicate,11,M,P,délicat,-7.1961603,délicate,-10.096164,1
8494,S_NOUN_8_ADJ_a,M,S,le raisin avec les sacs qui était là depuis hier est aussi très pointu <eos>,13,pointu,pointue,11,M,P,pointu,-8.458096,pointue,-13.521242,1
8495,S_NOUN_8_ADJ_a,M,S,le raisin avec les sacs qui était là depuis hier est aussi très rond <eos>,13,rond,ronde,11,M,P,rond,-10.640394,ronde,-13.537289,1
8496,S_NOUN_8_ADJ_a,M,S,le raisin avec les sacs qui était là depuis hier est aussi très froid <eos>,13,froid,froide,11,M,P,froid,-6.092491,froide,-12.393459,1
8497,S_NOUN_8_ADJ_a,M,S,le raisin avec les sacs qui était là depuis hier est aussi très chaud <eos>,13,chaud,chaude,11,M,P,chaud,-5.504146,chaude,-10.577183,1
8498,S_NOUN_8_ADJ_a,M,S,le raisin avec les sacs qui était là depuis hier est aussi très important <eos>,13,important,importante,11,M,P,important,-4.077356,importante,-8.079107,1
8499,S_NOUN_8_ADJ_a,M,S,le raisin avec les sacs qui était là depuis hier est aussi très court <eos>,13,court,courte,11,M,P,court,-5.322007,courte,-10.307468,1
8500,S_NOUN_8_ADJ_a,M,S,le raisin avec les sacs qui était là depuis hier est aussi très dur <eos>,13,dur,dure,11,M,P,dur,-4.531139,dure,-7.9740853,1
8501,S_NOUN_8_ADJ_a,M,S,le raisin avec les sacs qui était là depuis hier est aussi très clair <eos>,13,clair,claire,11,M,P,clair,-5.476534,claire,-9.403395,1
8502,S_NOUN_8_ADJ_a,M,S,le raisin avec les sacs qui était là depuis hier est aussi très intéressant <eos>,13,intéressant,intéressante,11,M,P,intéressant,-6.0082273,intéressante,-10.654506,1
8503,S_NOUN_8_ADJ_a,M,S,le raisin avec les sacs qui était là depuis hier est aussi très brillant <eos>,13,brillant,brillante,11,M,P,brillant,-7.635931,brillante,-11.99573,1
8504,S_NOUN_8_ADJ_a,M,S,le raisin avec les sacs qui était là depuis hier est aussi très compliqué <eos>,13,compliqué,compliquée,11,M,P,compliqué,-6.782694,compliquée,-10.563002,1
8505,S_NOUN_8_ADJ_a,M,S,le raisin avec les claviers qui était là depuis hier est aussi très vert <eos>,13,vert,verte,11,M,P,vert,-10.057947,verte,-14.431041,1
8506,S_NOUN_8_ADJ_a,M,S,le raisin avec les claviers qui était là depuis hier est aussi très bleu <eos>,13,bleu,bleue,11,M,P,bleu,-11.029332,bleue,-17.256435,1
8507,S_NOUN_8_ADJ_a,M,S,le raisin avec les claviers qui était là depuis hier est aussi très noir <eos>,13,noir,noire,11,M,P,noir,-9.508966,noire,-14.354612,1
8508,S_NOUN_8_ADJ_a,M,S,le raisin avec les claviers qui était là depuis hier est aussi très délicat <eos>,13,délicat,délicate,11,M,P,délicat,-7.0869894,délicate,-10.26415,1
8509,S_NOUN_8_ADJ_a,M,S,le raisin avec les claviers qui était là depuis hier est aussi très pointu <eos>,13,pointu,pointue,11,M,P,pointu,-8.120617,pointue,-13.713444,1
8510,S_NOUN_8_ADJ_a,M,S,le raisin avec les claviers qui était là depuis hier est aussi très rond <eos>,13,rond,ronde,11,M,P,rond,-10.118355,ronde,-13.933511,1
8511,S_NOUN_8_ADJ_a,M,S,le raisin avec les claviers qui était là depuis hier est aussi très froid <eos>,13,froid,froide,11,M,P,froid,-6.830127,froide,-12.722554,1
8512,S_NOUN_8_ADJ_a,M,S,le raisin avec les claviers qui était là depuis hier est aussi très chaud <eos>,13,chaud,chaude,11,M,P,chaud,-6.3210373,chaude,-10.527951,1
8513,S_NOUN_8_ADJ_a,M,S,le raisin avec les claviers qui était là depuis hier est aussi très important <eos>,13,important,importante,11,M,P,important,-4.384016,importante,-8.505501,1
8514,S_NOUN_8_ADJ_a,M,S,le raisin avec les claviers qui était là depuis hier est aussi très court <eos>,13,court,courte,11,M,P,court,-5.6521735,courte,-10.475315,1
8515,S_NOUN_8_ADJ_a,M,S,le raisin avec les claviers qui était là depuis hier est aussi très dur <eos>,13,dur,dure,11,M,P,dur,-3.8898945,dure,-7.927499,1
8516,S_NOUN_8_ADJ_a,M,S,le raisin avec les claviers qui était là depuis hier est aussi très clair <eos>,13,clair,claire,11,M,P,clair,-5.34709,claire,-9.238065,1
8517,S_NOUN_8_ADJ_a,M,S,le raisin avec les claviers qui était là depuis hier est aussi très intéressant <eos>,13,intéressant,intéressante,11,M,P,intéressant,-5.867257,intéressante,-10.347425,1
8518,S_NOUN_8_ADJ_a,M,S,le raisin avec les claviers qui était là depuis hier est aussi très brillant <eos>,13,brillant,brillante,11,M,P,brillant,-6.9409237,brillante,-10.925135,1
8519,S_NOUN_8_ADJ_a,M,S,le raisin avec les claviers qui était là depuis hier est aussi très compliqué <eos>,13,compliqué,compliquée,11,M,P,compliqué,-6.2877917,compliquée,-9.452257,1
8520,S_NOUN_8_ADJ_a,M,S,le raisin avec les raisins qui était là depuis hier est aussi très vert <eos>,13,vert,verte,11,M,P,vert,-9.537456,verte,-14.493344,1
8521,S_NOUN_8_ADJ_a,M,S,le raisin avec les raisins qui était là depuis hier est aussi très bleu <eos>,13,bleu,bleue,11,M,P,bleu,-11.122801,bleue,-17.623144,1
8522,S_NOUN_8_ADJ_a,M,S,le raisin avec les raisins qui était là depuis hier est aussi très noir <eos>,13,noir,noire,11,M,P,noir,-9.787307,noire,-14.192079,1
8523,S_NOUN_8_ADJ_a,M,S,le raisin avec les raisins qui était là depuis hier est aussi très délicat <eos>,13,délicat,délicate,11,M,P,délicat,-6.8212996,délicate,-9.72588,1
8524,S_NOUN_8_ADJ_a,M,S,le raisin avec les raisins qui était là depuis hier est aussi très pointu <eos>,13,pointu,pointue,11,M,P,pointu,-9.047365,pointue,-13.914227,1
8525,S_NOUN_8_ADJ_a,M,S,le raisin avec les raisins qui était là depuis hier est aussi très rond <eos>,13,rond,ronde,11,M,P,rond,-11.15247,ronde,-13.615536,1
8526,S_NOUN_8_ADJ_a,M,S,le raisin avec les raisins qui était là depuis hier est aussi très froid <eos>,13,froid,froide,11,M,P,froid,-5.4552727,froide,-12.135491,1
8527,S_NOUN_8_ADJ_a,M,S,le raisin avec les raisins qui était là depuis hier est aussi très chaud <eos>,13,chaud,chaude,11,M,P,chaud,-5.311392,chaude,-10.679501,1
8528,S_NOUN_8_ADJ_a,M,S,le raisin avec les raisins qui était là depuis hier est aussi très important <eos>,13,important,importante,11,M,P,important,-4.1792006,importante,-7.995257,1
8529,S_NOUN_8_ADJ_a,M,S,le raisin avec les raisins qui était là depuis hier est aussi très court <eos>,13,court,courte,11,M,P,court,-5.2979245,courte,-10.629194,1
8530,S_NOUN_8_ADJ_a,M,S,le raisin avec les raisins qui était là depuis hier est aussi très dur <eos>,13,dur,dure,11,M,P,dur,-4.2540755,dure,-7.6489205,1
8531,S_NOUN_8_ADJ_a,M,S,le raisin avec les raisins qui était là depuis hier est aussi très clair <eos>,13,clair,claire,11,M,P,clair,-5.2138147,claire,-9.268233,1
8532,S_NOUN_8_ADJ_a,M,S,le raisin avec les raisins qui était là depuis hier est aussi très intéressant <eos>,13,intéressant,intéressante,11,M,P,intéressant,-6.2059145,intéressante,-10.837597,1
8533,S_NOUN_8_ADJ_a,M,S,le raisin avec les raisins qui était là depuis hier est aussi très brillant <eos>,13,brillant,brillante,11,M,P,brillant,-7.4143925,brillante,-11.708214,1
8534,S_NOUN_8_ADJ_a,M,S,le raisin avec les raisins qui était là depuis hier est aussi très compliqué <eos>,13,compliqué,compliquée,11,M,P,compliqué,-7.0589027,compliquée,-10.938236,1
8535,S_NOUN_8_ADJ_a,M,S,le raisin avec les chargeurs qui était là depuis hier est aussi très vert <eos>,13,vert,verte,11,M,P,vert,-10.077321,verte,-14.626545,1
8536,S_NOUN_8_ADJ_a,M,S,le raisin avec les chargeurs qui était là depuis hier est aussi très bleu <eos>,13,bleu,bleue,11,M,P,bleu,-11.292137,bleue,-18.31707,1
8537,S_NOUN_8_ADJ_a,M,S,le raisin avec les chargeurs qui était là depuis hier est aussi très noir <eos>,13,noir,noire,11,M,P,noir,-9.803031,noire,-15.093879,1
8538,S_NOUN_8_ADJ_a,M,S,le raisin avec les chargeurs qui était là depuis hier est aussi très délicat <eos>,13,délicat,délicate,11,M,P,délicat,-7.1999197,délicate,-10.182963,1
8539,S_NOUN_8_ADJ_a,M,S,le raisin avec les chargeurs qui était là depuis hier est aussi très pointu <eos>,13,pointu,pointue,11,M,P,pointu,-8.738243,pointue,-13.065168,1
8540,S_NOUN_8_ADJ_a,M,S,le raisin avec les chargeurs qui était là depuis hier est aussi très rond <eos>,13,rond,ronde,11,M,P,rond,-10.349106,ronde,-13.641394,1
8541,S_NOUN_8_ADJ_a,M,S,le raisin avec les chargeurs qui était là depuis hier est aussi très froid <eos>,13,froid,froide,11,M,P,froid,-6.4264455,froide,-12.084909,1
8542,S_NOUN_8_ADJ_a,M,S,le raisin avec les chargeurs qui était là depuis hier est aussi très chaud <eos>,13,chaud,chaude,11,M,P,chaud,-6.1522923,chaude,-10.805455,1
8543,S_NOUN_8_ADJ_a,M,S,le raisin avec les chargeurs qui était là depuis hier est aussi très important <eos>,13,important,importante,11,M,P,important,-3.5907927,importante,-7.7145414,1
8544,S_NOUN_8_ADJ_a,M,S,le raisin avec les chargeurs qui était là depuis hier est aussi très court <eos>,13,court,courte,11,M,P,court,-4.901581,courte,-9.792533,1
8545,S_NOUN_8_ADJ_a,M,S,le raisin avec les chargeurs qui était là depuis hier est aussi très dur <eos>,13,dur,dure,11,M,P,dur,-4.574436,dure,-8.911087,1
8546,S_NOUN_8_ADJ_a,M,S,le raisin avec les chargeurs qui était là depuis hier est aussi très clair <eos>,13,clair,claire,11,M,P,clair,-6.07051,claire,-10.311883,1
8547,S_NOUN_8_ADJ_a,M,S,le raisin avec les chargeurs qui était là depuis hier est aussi très intéressant <eos>,13,intéressant,intéressante,11,M,P,intéressant,-5.9218655,intéressante,-10.210583,1
8548,S_NOUN_8_ADJ_a,M,S,le raisin avec les chargeurs qui était là depuis hier est aussi très brillant <eos>,13,brillant,brillante,11,M,P,brillant,-7.760648,brillante,-12.25283,1
8549,S_NOUN_8_ADJ_a,M,S,le raisin avec les chargeurs qui était là depuis hier est aussi très compliqué <eos>,13,compliqué,compliquée,11,M,P,compliqué,-6.2883873,compliquée,-10.205086,1
8550,S_NOUN_8_ADJ_a,M,S,le raisin avec les vases qui était là depuis hier est aussi très vert <eos>,13,vert,verte,11,M,P,vert,-9.978678,verte,-14.017859,1
8551,S_NOUN_8_ADJ_a,M,S,le raisin avec les vases qui était là depuis hier est aussi très bleu <eos>,13,bleu,bleue,11,M,P,bleu,-11.290435,bleue,-17.204758,1
8552,S_NOUN_8_ADJ_a,M,S,le raisin avec les vases qui était là depuis hier est aussi très noir <eos>,13,noir,noire,11,M,P,noir,-10.190699,noire,-13.751883,1
8553,S_NOUN_8_ADJ_a,M,S,le raisin avec les vases qui était là depuis hier est aussi très délicat <eos>,13,délicat,délicate,11,M,P,délicat,-7.1046753,délicate,-10.308981,1
8554,S_NOUN_8_ADJ_a,M,S,le raisin avec les vases qui était là depuis hier est aussi très pointu <eos>,13,pointu,pointue,11,M,P,pointu,-8.295853,pointue,-13.201143,1
8555,S_NOUN_8_ADJ_a,M,S,le raisin avec les vases qui était là depuis hier est aussi très rond <eos>,13,rond,ronde,11,M,P,rond,-10.232792,ronde,-13.225504,1
8556,S_NOUN_8_ADJ_a,M,S,le raisin avec les vases qui était là depuis hier est aussi très froid <eos>,13,froid,froide,11,M,P,froid,-7.2519283,froide,-12.51351,1
8557,S_NOUN_8_ADJ_a,M,S,le raisin avec les vases qui était là depuis hier est aussi très chaud <eos>,13,chaud,chaude,11,M,P,chaud,-6.2115774,chaude,-10.793047,1
8558,S_NOUN_8_ADJ_a,M,S,le raisin avec les vases qui était là depuis hier est aussi très important <eos>,13,important,importante,11,M,P,important,-4.5176063,importante,-8.36791,1
8559,S_NOUN_8_ADJ_a,M,S,le raisin avec les vases qui était là depuis hier est aussi très court <eos>,13,court,courte,11,M,P,court,-5.294016,courte,-10.250645,1
8560,S_NOUN_8_ADJ_a,M,S,le raisin avec les vases qui était là depuis hier est aussi très dur <eos>,13,dur,dure,11,M,P,dur,-4.625327,dure,-8.197924,1
8561,S_NOUN_8_ADJ_a,M,S,le raisin avec les vases qui était là depuis hier est aussi très clair <eos>,13,clair,claire,11,M,P,clair,-5.4232607,claire,-9.13396,1
8562,S_NOUN_8_ADJ_a,M,S,le raisin avec les vases qui était là depuis hier est aussi très intéressant <eos>,13,intéressant,intéressante,11,M,P,intéressant,-5.931059,intéressante,-10.682072,1
8563,S_NOUN_8_ADJ_a,M,S,le raisin avec les vases qui était là depuis hier est aussi très brillant <eos>,13,brillant,brillante,11,M,P,brillant,-7.3588834,brillante,-11.157389,1
8564,S_NOUN_8_ADJ_a,M,S,le raisin avec les vases qui était là depuis hier est aussi très compliqué <eos>,13,compliqué,compliquée,11,M,P,compliqué,-7.0661893,compliquée,-10.661411,1
8565,S_NOUN_8_ADJ_a,M,S,le raisin avec les paniers qui était là depuis hier est aussi très vert <eos>,13,vert,verte,11,M,P,vert,-9.794615,verte,-14.290188,1
8566,S_NOUN_8_ADJ_a,M,S,le raisin avec les paniers qui était là depuis hier est aussi très bleu <eos>,13,bleu,bleue,11,M,P,bleu,-11.074485,bleue,-17.359348,1
8567,S_NOUN_8_ADJ_a,M,S,le raisin avec les paniers qui était là depuis hier est aussi très noir <eos>,13,noir,noire,11,M,P,noir,-9.709062,noire,-13.578094,1
8568,S_NOUN_8_ADJ_a,M,S,le raisin avec les paniers qui était là depuis hier est aussi très délicat <eos>,13,délicat,délicate,11,M,P,délicat,-6.9776134,délicate,-10.181222,1
8569,S_NOUN_8_ADJ_a,M,S,le raisin avec les paniers qui était là depuis hier est aussi très pointu <eos>,13,pointu,pointue,11,M,P,pointu,-7.8792048,pointue,-12.87387,1
8570,S_NOUN_8_ADJ_a,M,S,le raisin avec les paniers qui était là depuis hier est aussi très rond <eos>,13,rond,ronde,11,M,P,rond,-10.348787,ronde,-13.114234,1
8571,S_NOUN_8_ADJ_a,M,S,le raisin avec les paniers qui était là depuis hier est aussi très froid <eos>,13,froid,froide,11,M,P,froid,-6.710912,froide,-12.438875,1
8572,S_NOUN_8_ADJ_a,M,S,le raisin avec les paniers qui était là depuis hier est aussi très chaud <eos>,13,chaud,chaude,11,M,P,chaud,-5.8287582,chaude,-11.030981,1
8573,S_NOUN_8_ADJ_a,M,S,le raisin avec les paniers qui était là depuis hier est aussi très important <eos>,13,important,importante,11,M,P,important,-4.403096,importante,-8.417702,1
8574,S_NOUN_8_ADJ_a,M,S,le raisin avec les paniers qui était là depuis hier est aussi très court <eos>,13,court,courte,11,M,P,court,-5.050002,courte,-10.00174,1
8575,S_NOUN_8_ADJ_a,M,S,le raisin avec les paniers qui était là depuis hier est aussi très dur <eos>,13,dur,dure,11,M,P,dur,-4.1538467,dure,-7.988654,1
8576,S_NOUN_8_ADJ_a,M,S,le raisin avec les paniers qui était là depuis hier est aussi très clair <eos>,13,clair,claire,11,M,P,clair,-5.185224,claire,-9.159056,1
8577,S_NOUN_8_ADJ_a,M,S,le raisin avec les paniers qui était là depuis hier est aussi très intéressant <eos>,13,intéressant,intéressante,11,M,P,intéressant,-6.0808806,intéressante,-10.675966,1
8578,S_NOUN_8_ADJ_a,M,S,le raisin avec les paniers qui était là depuis hier est aussi très brillant <eos>,13,brillant,brillante,11,M,P,brillant,-7.593443,brillante,-11.8197,1
8579,S_NOUN_8_ADJ_a,M,S,le raisin avec les paniers qui était là depuis hier est aussi très compliqué <eos>,13,compliqué,compliquée,11,M,P,compliqué,-6.5206985,compliquée,-10.250582,1
8580,S_NOUN_8_ADJ_a,M,S,le raisin avec les colliers qui était là depuis hier est aussi très vert <eos>,13,vert,verte,11,M,P,vert,-10.048122,verte,-14.299404,1
8581,S_NOUN_8_ADJ_a,M,S,le raisin avec les colliers qui était là depuis hier est aussi très bleu <eos>,13,bleu,bleue,11,M,P,bleu,-11.364258,bleue,-17.620201,1
8582,S_NOUN_8_ADJ_a,M,S,le raisin avec les colliers qui était là depuis hier est aussi très noir <eos>,13,noir,noire,11,M,P,noir,-10.0827675,noire,-13.777367,1
8583,S_NOUN_8_ADJ_a,M,S,le raisin avec les colliers qui était là depuis hier est aussi très délicat <eos>,13,délicat,délicate,11,M,P,délicat,-7.172184,délicate,-9.9660225,1
8584,S_NOUN_8_ADJ_a,M,S,le raisin avec les colliers qui était là depuis hier est aussi très pointu <eos>,13,pointu,pointue,11,M,P,pointu,-7.9346724,pointue,-12.641238,1
8585,S_NOUN_8_ADJ_a,M,S,le raisin avec les colliers qui était là depuis hier est aussi très rond <eos>,13,rond,ronde,11,M,P,rond,-10.627706,ronde,-13.313098,1
8586,S_NOUN_8_ADJ_a,M,S,le raisin avec les colliers qui était là depuis hier est aussi très froid <eos>,13,froid,froide,11,M,P,froid,-7.4061117,froide,-12.662122,1
8587,S_NOUN_8_ADJ_a,M,S,le raisin avec les colliers qui était là depuis hier est aussi très chaud <eos>,13,chaud,chaude,11,M,P,chaud,-6.588025,chaude,-11.3050585,1
8588,S_NOUN_8_ADJ_a,M,S,le raisin avec les colliers qui était là depuis hier est aussi très important <eos>,13,important,importante,11,M,P,important,-4.3232317,importante,-8.144139,1
8589,S_NOUN_8_ADJ_a,M,S,le raisin avec les colliers qui était là depuis hier est aussi très court <eos>,13,court,courte,11,M,P,court,-5.046076,courte,-9.795753,1
8590,S_NOUN_8_ADJ_a,M,S,le raisin avec les colliers qui était là depuis hier est aussi très dur <eos>,13,dur,dure,11,M,P,dur,-4.2005343,dure,-8.156733,1
8591,S_NOUN_8_ADJ_a,M,S,le raisin avec les colliers qui était là depuis hier est aussi très clair <eos>,13,clair,claire,11,M,P,clair,-5.4283085,claire,-9.438424,1
8592,S_NOUN_8_ADJ_a,M,S,le raisin avec les colliers qui était là depuis hier est aussi très intéressant <eos>,13,intéressant,intéressante,11,M,P,intéressant,-6.0682163,intéressante,-10.588035,1
8593,S_NOUN_8_ADJ_a,M,S,le raisin avec les colliers qui était là depuis hier est aussi très brillant <eos>,13,brillant,brillante,11,M,P,brillant,-7.47616,brillante,-11.390201,1
8594,S_NOUN_8_ADJ_a,M,S,le raisin avec les colliers qui était là depuis hier est aussi très compliqué <eos>,13,compliqué,compliquée,11,M,P,compliqué,-6.331685,compliquée,-9.922685,1
8595,S_NOUN_8_ADJ_a,M,S,le raisin avec les chapeaux qui était là depuis hier est aussi très vert <eos>,13,vert,verte,11,M,P,vert,-9.834673,verte,-14.230997,1
8596,S_NOUN_8_ADJ_a,M,S,le raisin avec les chapeaux qui était là depuis hier est aussi très bleu <eos>,13,bleu,bleue,11,M,P,bleu,-10.792939,bleue,-17.315075,1
8597,S_NOUN_8_ADJ_a,M,S,le raisin avec les chapeaux qui était là depuis hier est aussi très noir <eos>,13,noir,noire,11,M,P,noir,-9.3693285,noire,-13.820903,1
8598,S_NOUN_8_ADJ_a,M,S,le raisin avec les chapeaux qui était là depuis hier est aussi très délicat <eos>,13,délicat,délicate,11,M,P,délicat,-7.105216,délicate,-10.738469,1
8599,S_NOUN_8_ADJ_a,M,S,le raisin avec les chapeaux qui était là depuis hier est aussi très pointu <eos>,13,pointu,pointue,11,M,P,pointu,-8.33015,pointue,-13.763007,1
8600,S_NOUN_8_ADJ_a,M,S,le raisin avec les chapeaux qui était là depuis hier est aussi très rond <eos>,13,rond,ronde,11,M,P,rond,-10.478647,ronde,-13.730378,1
8601,S_NOUN_8_ADJ_a,M,S,le raisin avec les chapeaux qui était là depuis hier est aussi très froid <eos>,13,froid,froide,11,M,P,froid,-6.411169,froide,-12.577625,1
8602,S_NOUN_8_ADJ_a,M,S,le raisin avec les chapeaux qui était là depuis hier est aussi très chaud <eos>,13,chaud,chaude,11,M,P,chaud,-5.811637,chaude,-10.959956,1
8603,S_NOUN_8_ADJ_a,M,S,le raisin avec les chapeaux qui était là depuis hier est aussi très important <eos>,13,important,importante,11,M,P,important,-4.5440807,importante,-8.651446,1
8604,S_NOUN_8_ADJ_a,M,S,le raisin avec les chapeaux qui était là depuis hier est aussi très court <eos>,13,court,courte,11,M,P,court,-5.24338,courte,-10.252644,1
8605,S_NOUN_8_ADJ_a,M,S,le raisin avec les chapeaux qui était là depuis hier est aussi très dur <eos>,13,dur,dure,11,M,P,dur,-4.7013965,dure,-8.386509,1
8606,S_NOUN_8_ADJ_a,M,S,le raisin avec les chapeaux qui était là depuis hier est aussi très clair <eos>,13,clair,claire,11,M,P,clair,-5.376483,claire,-9.509493,1
8607,S_NOUN_8_ADJ_a,M,S,le raisin avec les chapeaux qui était là depuis hier est aussi très intéressant <eos>,13,intéressant,intéressante,11,M,P,intéressant,-6.1915345,intéressante,-10.932707,1
8608,S_NOUN_8_ADJ_a,M,S,le raisin avec les chapeaux qui était là depuis hier est aussi très brillant <eos>,13,brillant,brillante,11,M,P,brillant,-7.734337,brillante,-11.669686,1
8609,S_NOUN_8_ADJ_a,M,S,le raisin avec les chapeaux qui était là depuis hier est aussi très compliqué <eos>,13,compliqué,compliquée,11,M,P,compliqué,-6.87686,compliquée,-10.924297,1
8610,S_NOUN_8_ADJ_a,M,S,le raisin avec les pots qui était là depuis hier est aussi très vert <eos>,13,vert,verte,11,M,P,vert,-9.53856,verte,-14.325618,1
8611,S_NOUN_8_ADJ_a,M,S,le raisin avec les pots qui était là depuis hier est aussi très bleu <eos>,13,bleu,bleue,11,M,P,bleu,-11.078423,bleue,-17.604265,1
8612,S_NOUN_8_ADJ_a,M,S,le raisin avec les pots qui était là depuis hier est aussi très noir <eos>,13,noir,noire,11,M,P,noir,-9.828287,noire,-14.244072,1
8613,S_NOUN_8_ADJ_a,M,S,le raisin avec les pots qui était là depuis hier est aussi très délicat <eos>,13,délicat,délicate,11,M,P,délicat,-6.955804,délicate,-10.098967,1
8614,S_NOUN_8_ADJ_a,M,S,le raisin avec les pots qui était là depuis hier est aussi très pointu <eos>,13,pointu,pointue,11,M,P,pointu,-8.691535,pointue,-13.462218,1
8615,S_NOUN_8_ADJ_a,M,S,le raisin avec les pots qui était là depuis hier est aussi très rond <eos>,13,rond,ronde,11,M,P,rond,-10.554465,ronde,-13.113971,1
8616,S_NOUN_8_ADJ_a,M,S,le raisin avec les pots qui était là depuis hier est aussi très froid <eos>,13,froid,froide,11,M,P,froid,-6.236703,froide,-12.13995,1
8617,S_NOUN_8_ADJ_a,M,S,le raisin avec les pots qui était là depuis hier est aussi très chaud <eos>,13,chaud,chaude,11,M,P,chaud,-5.3682747,chaude,-10.206502,1
8618,S_NOUN_8_ADJ_a,M,S,le raisin avec les pots qui était là depuis hier est aussi très important <eos>,13,important,importante,11,M,P,important,-4.350993,importante,-8.218085,1
8619,S_NOUN_8_ADJ_a,M,S,le raisin avec les pots qui était là depuis hier est aussi très court <eos>,13,court,courte,11,M,P,court,-5.542601,courte,-10.531822,1
8620,S_NOUN_8_ADJ_a,M,S,le raisin avec les pots qui était là depuis hier est aussi très dur <eos>,13,dur,dure,11,M,P,dur,-4.2361565,dure,-8.030263,1
8621,S_NOUN_8_ADJ_a,M,S,le raisin avec les pots qui était là depuis hier est aussi très clair <eos>,13,clair,claire,11,M,P,clair,-5.5606937,claire,-9.470944,1
8622,S_NOUN_8_ADJ_a,M,S,le raisin avec les pots qui était là depuis hier est aussi très intéressant <eos>,13,intéressant,intéressante,11,M,P,intéressant,-6.1116953,intéressante,-10.561073,1
8623,S_NOUN_8_ADJ_a,M,S,le raisin avec les pots qui était là depuis hier est aussi très brillant <eos>,13,brillant,brillante,11,M,P,brillant,-7.170769,brillante,-11.43643,1
8624,S_NOUN_8_ADJ_a,M,S,le raisin avec les pots qui était là depuis hier est aussi très compliqué <eos>,13,compliqué,compliquée,11,M,P,compliqué,-6.9067016,compliquée,-10.592009,1
8625,S_NOUN_8_ADJ_a,M,S,le raisin avec les coussins qui était là depuis hier est aussi très vert <eos>,13,vert,verte,11,M,P,vert,-9.764128,verte,-14.334096,1
8626,S_NOUN_8_ADJ_a,M,S,le raisin avec les coussins qui était là depuis hier est aussi très bleu <eos>,13,bleu,bleue,11,M,P,bleu,-11.025514,bleue,-17.452604,1
8627,S_NOUN_8_ADJ_a,M,S,le raisin avec les coussins qui était là depuis hier est aussi très noir <eos>,13,noir,noire,11,M,P,noir,-9.644546,noire,-14.068323,1
8628,S_NOUN_8_ADJ_a,M,S,le raisin avec les coussins qui était là depuis hier est aussi très délicat <eos>,13,délicat,délicate,11,M,P,délicat,-7.0764246,délicate,-10.336131,1
8629,S_NOUN_8_ADJ_a,M,S,le raisin avec les coussins qui était là depuis hier est aussi très pointu <eos>,13,pointu,pointue,11,M,P,pointu,-8.130053,pointue,-13.092102,1
8630,S_NOUN_8_ADJ_a,M,S,le raisin avec les coussins qui était là depuis hier est aussi très rond <eos>,13,rond,ronde,11,M,P,rond,-10.368118,ronde,-13.397006,1
8631,S_NOUN_8_ADJ_a,M,S,le raisin avec les coussins qui était là depuis hier est aussi très froid <eos>,13,froid,froide,11,M,P,froid,-6.501243,froide,-12.12258,1
8632,S_NOUN_8_ADJ_a,M,S,le raisin avec les coussins qui était là depuis hier est aussi très chaud <eos>,13,chaud,chaude,11,M,P,chaud,-5.8265853,chaude,-10.433194,1
8633,S_NOUN_8_ADJ_a,M,S,le raisin avec les coussins qui était là depuis hier est aussi très important <eos>,13,important,importante,11,M,P,important,-4.3934927,importante,-8.354239,1
8634,S_NOUN_8_ADJ_a,M,S,le raisin avec les coussins qui était là depuis hier est aussi très court <eos>,13,court,courte,11,M,P,court,-5.1983304,courte,-10.218489,1
8635,S_NOUN_8_ADJ_a,M,S,le raisin avec les coussins qui était là depuis hier est aussi très dur <eos>,13,dur,dure,11,M,P,dur,-4.4234643,dure,-8.080288,1
8636,S_NOUN_8_ADJ_a,M,S,le raisin avec les coussins qui était là depuis hier est aussi très clair <eos>,13,clair,claire,11,M,P,clair,-5.5223346,claire,-9.33164,1
8637,S_NOUN_8_ADJ_a,M,S,le raisin avec les coussins qui était là depuis hier est aussi très intéressant <eos>,13,intéressant,intéressante,11,M,P,intéressant,-6.119363,intéressante,-10.56034,1
8638,S_NOUN_8_ADJ_a,M,S,le raisin avec les coussins qui était là depuis hier est aussi très brillant <eos>,13,brillant,brillante,11,M,P,brillant,-7.4720864,brillante,-11.775055,1
8639,S_NOUN_8_ADJ_a,M,S,le raisin avec les coussins qui était là depuis hier est aussi très compliqué <eos>,13,compliqué,compliquée,11,M,P,compliqué,-6.4021053,compliquée,-10.101487,1
8640,S_NOUN_8_ADJ_a,M,S,le raisin avec les jouets qui était là depuis hier est aussi très vert <eos>,13,vert,verte,11,M,P,vert,-9.883991,verte,-14.106768,1
8641,S_NOUN_8_ADJ_a,M,S,le raisin avec les jouets qui était là depuis hier est aussi très bleu <eos>,13,bleu,bleue,11,M,P,bleu,-10.9310665,bleue,-17.49973,1
8642,S_NOUN_8_ADJ_a,M,S,le raisin avec les jouets qui était là depuis hier est aussi très noir <eos>,13,noir,noire,11,M,P,noir,-9.35956,noire,-14.629397,1
8643,S_NOUN_8_ADJ_a,M,S,le raisin avec les jouets qui était là depuis hier est aussi très délicat <eos>,13,délicat,délicate,11,M,P,délicat,-7.719612,délicate,-10.931306,1
8644,S_NOUN_8_ADJ_a,M,S,le raisin avec les jouets qui était là depuis hier est aussi très pointu <eos>,13,pointu,pointue,11,M,P,pointu,-8.424381,pointue,-14.4927635,1
8645,S_NOUN_8_ADJ_a,M,S,le raisin avec les jouets qui était là depuis hier est aussi très rond <eos>,13,rond,ronde,11,M,P,rond,-10.760629,ronde,-14.76042,1
8646,S_NOUN_8_ADJ_a,M,S,le raisin avec les jouets qui était là depuis hier est aussi très froid <eos>,13,froid,froide,11,M,P,froid,-6.147711,froide,-12.747636,1
8647,S_NOUN_8_ADJ_a,M,S,le raisin avec les jouets qui était là depuis hier est aussi très chaud <eos>,13,chaud,chaude,11,M,P,chaud,-5.822095,chaude,-10.886809,1
8648,S_NOUN_8_ADJ_a,M,S,le raisin avec les jouets qui était là depuis hier est aussi très important <eos>,13,important,importante,11,M,P,important,-4.327197,importante,-8.284236,1
8649,S_NOUN_8_ADJ_a,M,S,le raisin avec les jouets qui était là depuis hier est aussi très court <eos>,13,court,courte,11,M,P,court,-5.5530276,courte,-10.846966,1
8650,S_NOUN_8_ADJ_a,M,S,le raisin avec les jouets qui était là depuis hier est aussi très dur <eos>,13,dur,dure,11,M,P,dur,-5.108204,dure,-8.498967,1
8651,S_NOUN_8_ADJ_a,M,S,le raisin avec les jouets qui était là depuis hier est aussi très clair <eos>,13,clair,claire,11,M,P,clair,-5.951578,claire,-9.673052,1
8652,S_NOUN_8_ADJ_a,M,S,le raisin avec les jouets qui était là depuis hier est aussi très intéressant <eos>,13,intéressant,intéressante,11,M,P,intéressant,-5.820668,intéressante,-10.713963,1
8653,S_NOUN_8_ADJ_a,M,S,le raisin avec les jouets qui était là depuis hier est aussi très brillant <eos>,13,brillant,brillante,11,M,P,brillant,-7.8715744,brillante,-11.7093,1
8654,S_NOUN_8_ADJ_a,M,S,le raisin avec les jouets qui était là depuis hier est aussi très compliqué <eos>,13,compliqué,compliquée,11,M,P,compliqué,-7.001598,compliquée,-10.616013,1
8655,S_NOUN_8_ADJ_a,M,S,le raisin avec les clous qui était là depuis hier est aussi très vert <eos>,13,vert,verte,11,M,P,vert,-9.662035,verte,-14.448008,1
8656,S_NOUN_8_ADJ_a,M,S,le raisin avec les clous qui était là depuis hier est aussi très bleu <eos>,13,bleu,bleue,11,M,P,bleu,-11.197699,bleue,-17.821344,1
8657,S_NOUN_8_ADJ_a,M,S,le raisin avec les clous qui était là depuis hier est aussi très noir <eos>,13,noir,noire,11,M,P,noir,-9.841471,noire,-13.956979,1
8658,S_NOUN_8_ADJ_a,M,S,le raisin avec les clous qui était là depuis hier est aussi très délicat <eos>,13,délicat,délicate,11,M,P,délicat,-6.6910734,délicate,-9.771582,1
8659,S_NOUN_8_ADJ_a,M,S,le raisin avec les clous qui était là depuis hier est aussi très pointu <eos>,13,pointu,pointue,11,M,P,pointu,-8.26063,pointue,-13.077749,1
8660,S_NOUN_8_ADJ_a,M,S,le raisin avec les clous qui était là depuis hier est aussi très rond <eos>,13,rond,ronde,11,M,P,rond,-10.650436,ronde,-13.382201,1
8661,S_NOUN_8_ADJ_a,M,S,le raisin avec les clous qui était là depuis hier est aussi très froid <eos>,13,froid,froide,11,M,P,froid,-6.3628526,froide,-12.070238,1
8662,S_NOUN_8_ADJ_a,M,S,le raisin avec les clous qui était là depuis hier est aussi très chaud <eos>,13,chaud,chaude,11,M,P,chaud,-5.630886,chaude,-10.7708235,1
8663,S_NOUN_8_ADJ_a,M,S,le raisin avec les clous qui était là depuis hier est aussi très important <eos>,13,important,importante,11,M,P,important,-4.2851996,importante,-8.344612,1
8664,S_NOUN_8_ADJ_a,M,S,le raisin avec les clous qui était là depuis hier est aussi très court <eos>,13,court,courte,11,M,P,court,-5.1705523,courte,-10.307885,1
8665,S_NOUN_8_ADJ_a,M,S,le raisin avec les clous qui était là depuis hier est aussi très dur <eos>,13,dur,dure,11,M,P,dur,-3.9707158,dure,-7.8506985,1
8666,S_NOUN_8_ADJ_a,M,S,le raisin avec les clous qui était là depuis hier est aussi très clair <eos>,13,clair,claire,11,M,P,clair,-5.231217,claire,-9.087723,1
8667,S_NOUN_8_ADJ_a,M,S,le raisin avec les clous qui était là depuis hier est aussi très intéressant <eos>,13,intéressant,intéressante,11,M,P,intéressant,-6.048127,intéressante,-10.806664,1
8668,S_NOUN_8_ADJ_a,M,S,le raisin avec les clous qui était là depuis hier est aussi très brillant <eos>,13,brillant,brillante,11,M,P,brillant,-7.3336205,brillante,-11.714661,1
8669,S_NOUN_8_ADJ_a,M,S,le raisin avec les clous qui était là depuis hier est aussi très compliqué <eos>,13,compliqué,compliquée,11,M,P,compliqué,-6.5045004,compliquée,-10.201046,1
8670,S_NOUN_8_ADJ_a,M,S,le raisin avec les billets qui était là depuis hier est aussi très vert <eos>,13,vert,verte,11,M,P,vert,-9.909124,verte,-14.331586,1
8671,S_NOUN_8_ADJ_a,M,S,le raisin avec les billets qui était là depuis hier est aussi très bleu <eos>,13,bleu,bleue,11,M,P,bleu,-10.909236,bleue,-18.29047,1
8672,S_NOUN_8_ADJ_a,M,S,le raisin avec les billets qui était là depuis hier est aussi très noir <eos>,13,noir,noire,11,M,P,noir,-9.591894,noire,-15.097491,1
8673,S_NOUN_8_ADJ_a,M,S,le raisin avec les billets qui était là depuis hier est aussi très délicat <eos>,13,délicat,délicate,11,M,P,délicat,-7.255517,délicate,-10.791428,1
8674,S_NOUN_8_ADJ_a,M,S,le raisin avec les billets qui était là depuis hier est aussi très pointu <eos>,13,pointu,pointue,11,M,P,pointu,-9.53628,pointue,-14.518789,1
8675,S_NOUN_8_ADJ_a,M,S,le raisin avec les billets qui était là depuis hier est aussi très rond <eos>,13,rond,ronde,11,M,P,rond,-11.127693,ronde,-14.868246,1
8676,S_NOUN_8_ADJ_a,M,S,le raisin avec les billets qui était là depuis hier est aussi très froid <eos>,13,froid,froide,11,M,P,froid,-7.1184874,froide,-13.039983,1
8677,S_NOUN_8_ADJ_a,M,S,le raisin avec les billets qui était là depuis hier est aussi très chaud <eos>,13,chaud,chaude,11,M,P,chaud,-6.3698425,chaude,-11.048321,1
8678,S_NOUN_8_ADJ_a,M,S,le raisin avec les billets qui était là depuis hier est aussi très important <eos>,13,important,importante,11,M,P,important,-3.7452776,importante,-7.8283806,1
8679,S_NOUN_8_ADJ_a,M,S,le raisin avec les billets qui était là depuis hier est aussi très court <eos>,13,court,courte,11,M,P,court,-5.250202,courte,-10.071825,1
8680,S_NOUN_8_ADJ_a,M,S,le raisin avec les billets qui était là depuis hier est aussi très dur <eos>,13,dur,dure,11,M,P,dur,-5.40569,dure,-9.405397,1
8681,S_NOUN_8_ADJ_a,M,S,le raisin avec les billets qui était là depuis hier est aussi très clair <eos>,13,clair,claire,11,M,P,clair,-6.1054463,claire,-9.864128,1
8682,S_NOUN_8_ADJ_a,M,S,le raisin avec les billets qui était là depuis hier est aussi très intéressant <eos>,13,intéressant,intéressante,11,M,P,intéressant,-5.8476105,intéressante,-10.006177,1
8683,S_NOUN_8_ADJ_a,M,S,le raisin avec les billets qui était là depuis hier est aussi très brillant <eos>,13,brillant,brillante,11,M,P,brillant,-8.195674,brillante,-12.394165,1
8684,S_NOUN_8_ADJ_a,M,S,le raisin avec les billets qui était là depuis hier est aussi très compliqué <eos>,13,compliqué,compliquée,11,M,P,compliqué,-6.683017,compliquée,-10.870958,1
8685,S_NOUN_8_ADJ_a,M,S,le raisin avec les légumes qui était là depuis hier est aussi très vert <eos>,13,vert,verte,11,M,P,vert,-9.815699,verte,-14.432434,1
8686,S_NOUN_8_ADJ_a,M,S,le raisin avec les légumes qui était là depuis hier est aussi très bleu <eos>,13,bleu,bleue,11,M,P,bleu,-11.256066,bleue,-17.470327,1
8687,S_NOUN_8_ADJ_a,M,S,le raisin avec les légumes qui était là depuis hier est aussi très noir <eos>,13,noir,noire,11,M,P,noir,-9.764868,noire,-14.244154,1
8688,S_NOUN_8_ADJ_a,M,S,le raisin avec les légumes qui était là depuis hier est aussi très délicat <eos>,13,délicat,délicate,11,M,P,délicat,-7.2344804,délicate,-10.049772,1
8689,S_NOUN_8_ADJ_a,M,S,le raisin avec les légumes qui était là depuis hier est aussi très pointu <eos>,13,pointu,pointue,11,M,P,pointu,-8.786763,pointue,-14.16718,1
8690,S_NOUN_8_ADJ_a,M,S,le raisin avec les légumes qui était là depuis hier est aussi très rond <eos>,13,rond,ronde,11,M,P,rond,-11.012753,ronde,-13.87749,1
8691,S_NOUN_8_ADJ_a,M,S,le raisin avec les légumes qui était là depuis hier est aussi très froid <eos>,13,froid,froide,11,M,P,froid,-5.532154,froide,-12.016413,1
8692,S_NOUN_8_ADJ_a,M,S,le raisin avec les légumes qui était là depuis hier est aussi très chaud <eos>,13,chaud,chaude,11,M,P,chaud,-5.4357805,chaude,-10.15327,1
8693,S_NOUN_8_ADJ_a,M,S,le raisin avec les légumes qui était là depuis hier est aussi très important <eos>,13,important,importante,11,M,P,important,-4.1791444,importante,-8.016155,1
8694,S_NOUN_8_ADJ_a,M,S,le raisin avec les légumes qui était là depuis hier est aussi très court <eos>,13,court,courte,11,M,P,court,-5.713229,courte,-10.591962,1
8695,S_NOUN_8_ADJ_a,M,S,le raisin avec les légumes qui était là depuis hier est aussi très dur <eos>,13,dur,dure,11,M,P,dur,-4.707178,dure,-7.7266884,1
8696,S_NOUN_8_ADJ_a,M,S,le raisin avec les légumes qui était là depuis hier est aussi très clair <eos>,13,clair,claire,11,M,P,clair,-5.56654,claire,-9.631554,1
8697,S_NOUN_8_ADJ_a,M,S,le raisin avec les légumes qui était là depuis hier est aussi très intéressant <eos>,13,intéressant,intéressante,11,M,P,intéressant,-6.3792152,intéressante,-10.909717,1
8698,S_NOUN_8_ADJ_a,M,S,le raisin avec les légumes qui était là depuis hier est aussi très brillant <eos>,13,brillant,brillante,11,M,P,brillant,-7.758455,brillante,-11.931463,1
8699,S_NOUN_8_ADJ_a,M,S,le raisin avec les légumes qui était là depuis hier est aussi très compliqué <eos>,13,compliqué,compliquée,11,M,P,compliqué,-7.288513,compliquée,-11.077811,1
8700,S_NOUN_8_ADJ_a,M,S,le chargeur avec les bracelets qui était là depuis hier est aussi très vert <eos>,13,vert,verte,11,M,P,vert,-9.518245,verte,-14.32312,1
8701,S_NOUN_8_ADJ_a,M,S,le chargeur avec les bracelets qui était là depuis hier est aussi très bleu <eos>,13,bleu,bleue,11,M,P,bleu,-10.311292,bleue,-16.645071,1
8702,S_NOUN_8_ADJ_a,M,S,le chargeur avec les bracelets qui était là depuis hier est aussi très noir <eos>,13,noir,noire,11,M,P,noir,-8.54299,noire,-13.103763,1
8703,S_NOUN_8_ADJ_a,M,S,le chargeur avec les bracelets qui était là depuis hier est aussi très délicat <eos>,13,délicat,délicate,11,M,P,délicat,-7.205412,délicate,-9.159488,1
8704,S_NOUN_8_ADJ_a,M,S,le chargeur avec les bracelets qui était là depuis hier est aussi très pointu <eos>,13,pointu,pointue,11,M,P,pointu,-8.589953,pointue,-12.511665,1
8705,S_NOUN_8_ADJ_a,M,S,le chargeur avec les bracelets qui était là depuis hier est aussi très rond <eos>,13,rond,ronde,11,M,P,rond,-10.664689,ronde,-13.169588,1
8706,S_NOUN_8_ADJ_a,M,S,le chargeur avec les bracelets qui était là depuis hier est aussi très froid <eos>,13,froid,froide,11,M,P,froid,-7.2704144,froide,-11.580764,1
8707,S_NOUN_8_ADJ_a,M,S,le chargeur avec les bracelets qui était là depuis hier est aussi très chaud <eos>,13,chaud,chaude,11,M,P,chaud,-6.638033,chaude,-10.99099,1
8708,S_NOUN_8_ADJ_a,M,S,le chargeur avec les bracelets qui était là depuis hier est aussi très important <eos>,13,important,importante,11,M,P,important,-5.149262,importante,-9.025379,1
8709,S_NOUN_8_ADJ_a,M,S,le chargeur avec les bracelets qui était là depuis hier est aussi très court <eos>,13,court,courte,11,M,P,court,-4.8185644,courte,-8.852776,1
8710,S_NOUN_8_ADJ_a,M,S,le chargeur avec les bracelets qui était là depuis hier est aussi très dur <eos>,13,dur,dure,11,M,P,dur,-4.8005466,dure,-8.433184,1
8711,S_NOUN_8_ADJ_a,M,S,le chargeur avec les bracelets qui était là depuis hier est aussi très clair <eos>,13,clair,claire,11,M,P,clair,-6.439412,claire,-10.326681,1
8712,S_NOUN_8_ADJ_a,M,S,le chargeur avec les bracelets qui était là depuis hier est aussi très intéressant <eos>,13,intéressant,intéressante,11,M,P,intéressant,-6.118039,intéressante,-10.111488,1
8713,S_NOUN_8_ADJ_a,M,S,le chargeur avec les bracelets qui était là depuis hier est aussi très brillant <eos>,13,brillant,brillante,11,M,P,brillant,-7.237772,brillante,-11.174802,1
8714,S_NOUN_8_ADJ_a,M,S,le chargeur avec les bracelets qui était là depuis hier est aussi très compliqué <eos>,13,compliqué,compliquée,11,M,P,compliqué,-4.7879276,compliquée,-8.589638,1
8715,S_NOUN_8_ADJ_a,M,S,le chargeur avec les miroirs qui était là depuis hier est aussi très vert <eos>,13,vert,verte,11,M,P,vert,-9.489275,verte,-14.561686,1
8716,S_NOUN_8_ADJ_a,M,S,le chargeur avec les miroirs qui était là depuis hier est aussi très bleu <eos>,13,bleu,bleue,11,M,P,bleu,-10.519544,bleue,-17.052162,1
8717,S_NOUN_8_ADJ_a,M,S,le chargeur avec les miroirs qui était là depuis hier est aussi très noir <eos>,13,noir,noire,11,M,P,noir,-8.602595,noire,-13.9666195,1
8718,S_NOUN_8_ADJ_a,M,S,le chargeur avec les miroirs qui était là depuis hier est aussi très délicat <eos>,13,délicat,délicate,11,M,P,délicat,-6.957574,délicate,-9.207658,1
8719,S_NOUN_8_ADJ_a,M,S,le chargeur avec les miroirs qui était là depuis hier est aussi très pointu <eos>,13,pointu,pointue,11,M,P,pointu,-8.734303,pointue,-12.407753,1
8720,S_NOUN_8_ADJ_a,M,S,le chargeur avec les miroirs qui était là depuis hier est aussi très rond <eos>,13,rond,ronde,11,M,P,rond,-10.655788,ronde,-13.505579,1
8721,S_NOUN_8_ADJ_a,M,S,le chargeur avec les miroirs qui était là depuis hier est aussi très froid <eos>,13,froid,froide,11,M,P,froid,-7.1120253,froide,-11.0679865,1
8722,S_NOUN_8_ADJ_a,M,S,le chargeur avec les miroirs qui était là depuis hier est aussi très chaud <eos>,13,chaud,chaude,11,M,P,chaud,-6.5319996,chaude,-10.411759,1
8723,S_NOUN_8_ADJ_a,M,S,le chargeur avec les miroirs qui était là depuis hier est aussi très important <eos>,13,important,importante,11,M,P,important,-5.0630813,importante,-8.927832,1
8724,S_NOUN_8_ADJ_a,M,S,le chargeur avec les miroirs qui était là depuis hier est aussi très court <eos>,13,court,courte,11,M,P,court,-4.819433,courte,-8.906378,1
8725,S_NOUN_8_ADJ_a,M,S,le chargeur avec les miroirs qui était là depuis hier est aussi très dur <eos>,13,dur,dure,11,M,P,dur,-4.466688,dure,-8.5720625,1
8726,S_NOUN_8_ADJ_a,M,S,le chargeur avec les miroirs qui était là depuis hier est aussi très clair <eos>,13,clair,claire,11,M,P,clair,-6.4761124,claire,-10.536352,1
8727,S_NOUN_8_ADJ_a,M,S,le chargeur avec les miroirs qui était là depuis hier est aussi très intéressant <eos>,13,intéressant,intéressante,11,M,P,intéressant,-5.9126883,intéressante,-10.014961,1
8728,S_NOUN_8_ADJ_a,M,S,le chargeur avec les miroirs qui était là depuis hier est aussi très brillant <eos>,13,brillant,brillante,11,M,P,brillant,-6.9407454,brillante,-10.738882,1
8729,S_NOUN_8_ADJ_a,M,S,le chargeur avec les miroirs qui était là depuis hier est aussi très compliqué <eos>,13,compliqué,compliquée,11,M,P,compliqué,-4.8315206,compliquée,-8.352636,1
8730,S_NOUN_8_ADJ_a,M,S,le chargeur avec les crayons qui était là depuis hier est aussi très vert <eos>,13,vert,verte,11,M,P,vert,-8.839101,verte,-14.181434,1
8731,S_NOUN_8_ADJ_a,M,S,le chargeur avec les crayons qui était là depuis hier est aussi très bleu <eos>,13,bleu,bleue,11,M,P,bleu,-9.8301115,bleue,-16.564579,1
8732,S_NOUN_8_ADJ_a,M,S,le chargeur avec les crayons qui était là depuis hier est aussi très noir <eos>,13,noir,noire,11,M,P,noir,-8.278345,noire,-13.315624,1
8733,S_NOUN_8_ADJ_a,M,S,le chargeur avec les crayons qui était là depuis hier est aussi très délicat <eos>,13,délicat,délicate,11,M,P,délicat,-6.660734,délicate,-9.127395,1
8734,S_NOUN_8_ADJ_a,M,S,le chargeur avec les crayons qui était là depuis hier est aussi très pointu <eos>,13,pointu,pointue,11,M,P,pointu,-8.893423,pointue,-12.772231,1
8735,S_NOUN_8_ADJ_a,M,S,le chargeur avec les crayons qui était là depuis hier est aussi très rond <eos>,13,rond,ronde,11,M,P,rond,-10.705986,ronde,-13.4011345,1
8736,S_NOUN_8_ADJ_a,M,S,le chargeur avec les crayons qui était là depuis hier est aussi très froid <eos>,13,froid,froide,11,M,P,froid,-6.7388916,froide,-11.053388,1
8737,S_NOUN_8_ADJ_a,M,S,le chargeur avec les crayons qui était là depuis hier est aussi très chaud <eos>,13,chaud,chaude,11,M,P,chaud,-6.491955,chaude,-10.567164,1
8738,S_NOUN_8_ADJ_a,M,S,le chargeur avec les crayons qui était là depuis hier est aussi très important <eos>,13,important,importante,11,M,P,important,-4.935064,importante,-8.805071,1
8739,S_NOUN_8_ADJ_a,M,S,le chargeur avec les crayons qui était là depuis hier est aussi très court <eos>,13,court,courte,11,M,P,court,-4.9483037,courte,-9.299042,1
8740,S_NOUN_8_ADJ_a,M,S,le chargeur avec les crayons qui était là depuis hier est aussi très dur <eos>,13,dur,dure,11,M,P,dur,-4.2997847,dure,-8.184847,1
8741,S_NOUN_8_ADJ_a,M,S,le chargeur avec les crayons qui était là depuis hier est aussi très clair <eos>,13,clair,claire,11,M,P,clair,-5.7609553,claire,-9.855316,1
8742,S_NOUN_8_ADJ_a,M,S,le chargeur avec les crayons qui était là depuis hier est aussi très intéressant <eos>,13,intéressant,intéressante,11,M,P,intéressant,-6.0577374,intéressante,-10.117219,1
8743,S_NOUN_8_ADJ_a,M,S,le chargeur avec les crayons qui était là depuis hier est aussi très brillant <eos>,13,brillant,brillante,11,M,P,brillant,-6.743546,brillante,-10.768202,1
8744,S_NOUN_8_ADJ_a,M,S,le chargeur avec les crayons qui était là depuis hier est aussi très compliqué <eos>,13,compliqué,compliquée,11,M,P,compliqué,-5.1878796,compliquée,-8.735049,1
8745,S_NOUN_8_ADJ_a,M,S,le chargeur avec les rideaux qui était là depuis hier est aussi très vert <eos>,13,vert,verte,11,M,P,vert,-9.413437,verte,-14.442632,1
8746,S_NOUN_8_ADJ_a,M,S,le chargeur avec les rideaux qui était là depuis hier est aussi très bleu <eos>,13,bleu,bleue,11,M,P,bleu,-10.367551,bleue,-16.84841,1
8747,S_NOUN_8_ADJ_a,M,S,le chargeur avec les rideaux qui était là depuis hier est aussi très noir <eos>,13,noir,noire,11,M,P,noir,-8.374248,noire,-13.154374,1
8748,S_NOUN_8_ADJ_a,M,S,le chargeur avec les rideaux qui était là depuis hier est aussi très délicat <eos>,13,délicat,délicate,11,M,P,délicat,-7.1280613,délicate,-9.254678,1
8749,S_NOUN_8_ADJ_a,M,S,le chargeur avec les rideaux qui était là depuis hier est aussi très pointu <eos>,13,pointu,pointue,11,M,P,pointu,-8.6469555,pointue,-12.632729,1
8750,S_NOUN_8_ADJ_a,M,S,le chargeur avec les rideaux qui était là depuis hier est aussi très rond <eos>,13,rond,ronde,11,M,P,rond,-10.736161,ronde,-13.301681,1
8751,S_NOUN_8_ADJ_a,M,S,le chargeur avec les rideaux qui était là depuis hier est aussi très froid <eos>,13,froid,froide,11,M,P,froid,-6.808242,froide,-11.289603,1
8752,S_NOUN_8_ADJ_a,M,S,le chargeur avec les rideaux qui était là depuis hier est aussi très chaud <eos>,13,chaud,chaude,11,M,P,chaud,-6.3467884,chaude,-10.635283,1
8753,S_NOUN_8_ADJ_a,M,S,le chargeur avec les rideaux qui était là depuis hier est aussi très important <eos>,13,important,importante,11,M,P,important,-5.0065856,importante,-8.921505,1
8754,S_NOUN_8_ADJ_a,M,S,le chargeur avec les rideaux qui était là depuis hier est aussi très court <eos>,13,court,courte,11,M,P,court,-4.7553487,courte,-9.038919,1
8755,S_NOUN_8_ADJ_a,M,S,le chargeur avec les rideaux qui était là depuis hier est aussi très dur <eos>,13,dur,dure,11,M,P,dur,-4.390466,dure,-8.16087,1
8756,S_NOUN_8_ADJ_a,M,S,le chargeur avec les rideaux qui était là depuis hier est aussi très clair <eos>,13,clair,claire,11,M,P,clair,-6.255433,claire,-10.134475,1
8757,S_NOUN_8_ADJ_a,M,S,le chargeur avec les rideaux qui était là depuis hier est aussi très intéressant <eos>,13,intéressant,intéressante,11,M,P,intéressant,-6.2165823,intéressante,-10.248678,1
8758,S_NOUN_8_ADJ_a,M,S,le chargeur avec les rideaux qui était là depuis hier est aussi très brillant <eos>,13,brillant,brillante,11,M,P,brillant,-7.277585,brillante,-11.196169,1
8759,S_NOUN_8_ADJ_a,M,S,le chargeur avec les rideaux qui était là depuis hier est aussi très compliqué <eos>,13,compliqué,compliquée,11,M,P,compliqué,-4.7832155,compliquée,-8.321854,1
8760,S_NOUN_8_ADJ_a,M,S,le chargeur avec les cahiers qui était là depuis hier est aussi très vert <eos>,13,vert,verte,11,M,P,vert,-9.996429,verte,-14.939934,1
8761,S_NOUN_8_ADJ_a,M,S,le chargeur avec les cahiers qui était là depuis hier est aussi très bleu <eos>,13,bleu,bleue,11,M,P,bleu,-10.900855,bleue,-17.34955,1
8762,S_NOUN_8_ADJ_a,M,S,le chargeur avec les cahiers qui était là depuis hier est aussi très noir <eos>,13,noir,noire,11,M,P,noir,-8.557243,noire,-13.98181,1
8763,S_NOUN_8_ADJ_a,M,S,le chargeur avec les cahiers qui était là depuis hier est aussi très délicat <eos>,13,délicat,délicate,11,M,P,délicat,-7.1696777,délicate,-9.54578,1
8764,S_NOUN_8_ADJ_a,M,S,le chargeur avec les cahiers qui était là depuis hier est aussi très pointu <eos>,13,pointu,pointue,11,M,P,pointu,-8.788185,pointue,-12.793374,1
8765,S_NOUN_8_ADJ_a,M,S,le chargeur avec les cahiers qui était là depuis hier est aussi très rond <eos>,13,rond,ronde,11,M,P,rond,-11.259228,ronde,-13.980672,1
8766,S_NOUN_8_ADJ_a,M,S,le chargeur avec les cahiers qui était là depuis hier est aussi très froid <eos>,13,froid,froide,11,M,P,froid,-6.978034,froide,-11.654219,1
8767,S_NOUN_8_ADJ_a,M,S,le chargeur avec les cahiers qui était là depuis hier est aussi très chaud <eos>,13,chaud,chaude,11,M,P,chaud,-6.7863126,chaude,-11.241093,1
8768,S_NOUN_8_ADJ_a,M,S,le chargeur avec les cahiers qui était là depuis hier est aussi très important <eos>,13,important,importante,11,M,P,important,-4.608286,importante,-8.493709,1
8769,S_NOUN_8_ADJ_a,M,S,le chargeur avec les cahiers qui était là depuis hier est aussi très court <eos>,13,court,courte,11,M,P,court,-5.056713,courte,-8.555923,1
8770,S_NOUN_8_ADJ_a,M,S,le chargeur avec les cahiers qui était là depuis hier est aussi très dur <eos>,13,dur,dure,11,M,P,dur,-4.6548357,dure,-8.251711,1
8771,S_NOUN_8_ADJ_a,M,S,le chargeur avec les cahiers qui était là depuis hier est aussi très clair <eos>,13,clair,claire,11,M,P,clair,-6.3727794,claire,-10.706297,1
8772,S_NOUN_8_ADJ_a,M,S,le chargeur avec les cahiers qui était là depuis hier est aussi très intéressant <eos>,13,intéressant,intéressante,11,M,P,intéressant,-5.835778,intéressante,-9.798225,1
8773,S_NOUN_8_ADJ_a,M,S,le chargeur avec les cahiers qui était là depuis hier est aussi très brillant <eos>,13,brillant,brillante,11,M,P,brillant,-7.323763,brillante,-11.241557,1
8774,S_NOUN_8_ADJ_a,M,S,le chargeur avec les cahiers qui était là depuis hier est aussi très compliqué <eos>,13,compliqué,compliquée,11,M,P,compliqué,-4.867305,compliquée,-8.39077,1
8775,S_NOUN_8_ADJ_a,M,S,le chargeur avec les micros qui était là depuis hier est aussi très vert <eos>,13,vert,verte,11,M,P,vert,-9.965772,verte,-15.023247,1
8776,S_NOUN_8_ADJ_a,M,S,le chargeur avec les micros qui était là depuis hier est aussi très bleu <eos>,13,bleu,bleue,11,M,P,bleu,-10.736382,bleue,-17.374498,1
8777,S_NOUN_8_ADJ_a,M,S,le chargeur avec les micros qui était là depuis hier est aussi très noir <eos>,13,noir,noire,11,M,P,noir,-8.588505,noire,-13.885664,1
8778,S_NOUN_8_ADJ_a,M,S,le chargeur avec les micros qui était là depuis hier est aussi très délicat <eos>,13,délicat,délicate,11,M,P,délicat,-7.04851,délicate,-9.283665,1
8779,S_NOUN_8_ADJ_a,M,S,le chargeur avec les micros qui était là depuis hier est aussi très pointu <eos>,13,pointu,pointue,11,M,P,pointu,-8.507187,pointue,-12.894991,1
8780,S_NOUN_8_ADJ_a,M,S,le chargeur avec les micros qui était là depuis hier est aussi très rond <eos>,13,rond,ronde,11,M,P,rond,-10.45177,ronde,-13.584708,1
8781,S_NOUN_8_ADJ_a,M,S,le chargeur avec les micros qui était là depuis hier est aussi très froid <eos>,13,froid,froide,11,M,P,froid,-7.201081,froide,-11.748264,1
8782,S_NOUN_8_ADJ_a,M,S,le chargeur avec les micros qui était là depuis hier est aussi très chaud <eos>,13,chaud,chaude,11,M,P,chaud,-6.506758,chaude,-10.918781,1
8783,S_NOUN_8_ADJ_a,M,S,le chargeur avec les micros qui était là depuis hier est aussi très important <eos>,13,important,importante,11,M,P,important,-4.952864,importante,-9.085566,1
8784,S_NOUN_8_ADJ_a,M,S,le chargeur avec les micros qui était là depuis hier est aussi très court <eos>,13,court,courte,11,M,P,court,-4.903757,courte,-9.034496,1
8785,S_NOUN_8_ADJ_a,M,S,le chargeur avec les micros qui était là depuis hier est aussi très dur <eos>,13,dur,dure,11,M,P,dur,-4.2641373,dure,-8.113623,1
8786,S_NOUN_8_ADJ_a,M,S,le chargeur avec les micros qui était là depuis hier est aussi très clair <eos>,13,clair,claire,11,M,P,clair,-6.2492495,claire,-10.285895,1
8787,S_NOUN_8_ADJ_a,M,S,le chargeur avec les micros qui était là depuis hier est aussi très intéressant <eos>,13,intéressant,intéressante,11,M,P,intéressant,-6.062604,intéressante,-10.12581,1
8788,S_NOUN_8_ADJ_a,M,S,le chargeur avec les micros qui était là depuis hier est aussi très brillant <eos>,13,brillant,brillante,11,M,P,brillant,-7.273179,brillante,-11.574805,1
8789,S_NOUN_8_ADJ_a,M,S,le chargeur avec les micros qui était là depuis hier est aussi très compliqué <eos>,13,compliqué,compliquée,11,M,P,compliqué,-4.4451947,compliquée,-8.131445,1
8790,S_NOUN_8_ADJ_a,M,S,le chargeur avec les sacs qui était là depuis hier est aussi très vert <eos>,13,vert,verte,11,M,P,vert,-9.6761055,verte,-14.804334,1
8791,S_NOUN_8_ADJ_a,M,S,le chargeur avec les sacs qui était là depuis hier est aussi très bleu <eos>,13,bleu,bleue,11,M,P,bleu,-10.661568,bleue,-17.140327,1
8792,S_NOUN_8_ADJ_a,M,S,le chargeur avec les sacs qui était là depuis hier est aussi très noir <eos>,13,noir,noire,11,M,P,noir,-8.617017,noire,-13.475135,1
8793,S_NOUN_8_ADJ_a,M,S,le chargeur avec les sacs qui était là depuis hier est aussi très délicat <eos>,13,délicat,délicate,11,M,P,délicat,-7.2070146,délicate,-9.1837845,1
8794,S_NOUN_8_ADJ_a,M,S,le chargeur avec les sacs qui était là depuis hier est aussi très pointu <eos>,13,pointu,pointue,11,M,P,pointu,-8.444187,pointue,-12.695263,1
8795,S_NOUN_8_ADJ_a,M,S,le chargeur avec les sacs qui était là depuis hier est aussi très rond <eos>,13,rond,ronde,11,M,P,rond,-10.678976,ronde,-13.258217,1
8796,S_NOUN_8_ADJ_a,M,S,le chargeur avec les sacs qui était là depuis hier est aussi très froid <eos>,13,froid,froide,11,M,P,froid,-6.8140173,froide,-11.413359,1
8797,S_NOUN_8_ADJ_a,M,S,le chargeur avec les sacs qui était là depuis hier est aussi très chaud <eos>,13,chaud,chaude,11,M,P,chaud,-6.1963367,chaude,-10.729355,1
8798,S_NOUN_8_ADJ_a,M,S,le chargeur avec les sacs qui était là depuis hier est aussi très important <eos>,13,important,importante,11,M,P,important,-4.749651,importante,-8.63791,1
8799,S_NOUN_8_ADJ_a,M,S,le chargeur avec les sacs qui était là depuis hier est aussi très court <eos>,13,court,courte,11,M,P,court,-4.580535,courte,-8.8379,1
8800,S_NOUN_8_ADJ_a,M,S,le chargeur avec les sacs qui était là depuis hier est aussi très dur <eos>,13,dur,dure,11,M,P,dur,-4.455469,dure,-8.05459,1
8801,S_NOUN_8_ADJ_a,M,S,le chargeur avec les sacs qui était là depuis hier est aussi très clair <eos>,13,clair,claire,11,M,P,clair,-6.359622,claire,-10.437177,1
8802,S_NOUN_8_ADJ_a,M,S,le chargeur avec les sacs qui était là depuis hier est aussi très intéressant <eos>,13,intéressant,intéressante,11,M,P,intéressant,-6.05493,intéressante,-10.140751,1
8803,S_NOUN_8_ADJ_a,M,S,le chargeur avec les sacs qui était là depuis hier est aussi très brillant <eos>,13,brillant,brillante,11,M,P,brillant,-7.6145077,brillante,-11.730002,1
8804,S_NOUN_8_ADJ_a,M,S,le chargeur avec les sacs qui était là depuis hier est aussi très compliqué <eos>,13,compliqué,compliquée,11,M,P,compliqué,-4.859907,compliquée,-8.595179,1
8805,S_NOUN_8_ADJ_a,M,S,le chargeur avec les claviers qui était là depuis hier est aussi très vert <eos>,13,vert,verte,11,M,P,vert,-10.333039,verte,-14.822433,1
8806,S_NOUN_8_ADJ_a,M,S,le chargeur avec les claviers qui était là depuis hier est aussi très bleu <eos>,13,bleu,bleue,11,M,P,bleu,-11.135923,bleue,-17.135565,1
8807,S_NOUN_8_ADJ_a,M,S,le chargeur avec les claviers qui était là depuis hier est aussi très noir <eos>,13,noir,noire,11,M,P,noir,-9.178857,noire,-13.8994055,1
8808,S_NOUN_8_ADJ_a,M,S,le chargeur avec les claviers qui était là depuis hier est aussi très délicat <eos>,13,délicat,délicate,11,M,P,délicat,-6.8833947,délicate,-9.158812,1
8809,S_NOUN_8_ADJ_a,M,S,le chargeur avec les claviers qui était là depuis hier est aussi très pointu <eos>,13,pointu,pointue,11,M,P,pointu,-8.515186,pointue,-12.945222,1
8810,S_NOUN_8_ADJ_a,M,S,le chargeur avec les claviers qui était là depuis hier est aussi très rond <eos>,13,rond,ronde,11,M,P,rond,-10.560627,ronde,-13.442837,1
8811,S_NOUN_8_ADJ_a,M,S,le chargeur avec les claviers qui était là depuis hier est aussi très froid <eos>,13,froid,froide,11,M,P,froid,-7.112103,froide,-11.991493,1
8812,S_NOUN_8_ADJ_a,M,S,le chargeur avec les claviers qui était là depuis hier est aussi très chaud <eos>,13,chaud,chaude,11,M,P,chaud,-6.764962,chaude,-10.468585,1
8813,S_NOUN_8_ADJ_a,M,S,le chargeur avec les claviers qui était là depuis hier est aussi très important <eos>,13,important,importante,11,M,P,important,-4.8421617,importante,-8.742136,1
8814,S_NOUN_8_ADJ_a,M,S,le chargeur avec les claviers qui était là depuis hier est aussi très court <eos>,13,court,courte,11,M,P,court,-5.1968913,courte,-9.081003,1
8815,S_NOUN_8_ADJ_a,M,S,le chargeur avec les claviers qui était là depuis hier est aussi très dur <eos>,13,dur,dure,11,M,P,dur,-4.141686,dure,-7.948219,1
8816,S_NOUN_8_ADJ_a,M,S,le chargeur avec les claviers qui était là depuis hier est aussi très clair <eos>,13,clair,claire,11,M,P,clair,-6.419853,claire,-9.911586,1
8817,S_NOUN_8_ADJ_a,M,S,le chargeur avec les claviers qui était là depuis hier est aussi très intéressant <eos>,13,intéressant,intéressante,11,M,P,intéressant,-5.7708225,intéressante,-9.673471,1
8818,S_NOUN_8_ADJ_a,M,S,le chargeur avec les claviers qui était là depuis hier est aussi très brillant <eos>,13,brillant,brillante,11,M,P,brillant,-7.2091565,brillante,-10.906326,1
8819,S_NOUN_8_ADJ_a,M,S,le chargeur avec les claviers qui était là depuis hier est aussi très compliqué <eos>,13,compliqué,compliquée,11,M,P,compliqué,-4.9535775,compliquée,-8.08119,1
8820,S_NOUN_8_ADJ_a,M,S,le chargeur avec les raisins qui était là depuis hier est aussi très vert <eos>,13,vert,verte,11,M,P,vert,-9.301152,verte,-14.428538,1
8821,S_NOUN_8_ADJ_a,M,S,le chargeur avec les raisins qui était là depuis hier est aussi très bleu <eos>,13,bleu,bleue,11,M,P,bleu,-10.632398,bleue,-17.180384,1
8822,S_NOUN_8_ADJ_a,M,S,le chargeur avec les raisins qui était là depuis hier est aussi très noir <eos>,13,noir,noire,11,M,P,noir,-8.989503,noire,-13.636726,1
8823,S_NOUN_8_ADJ_a,M,S,le chargeur avec les raisins qui était là depuis hier est aussi très délicat <eos>,13,délicat,délicate,11,M,P,délicat,-6.578179,délicate,-8.895023,1
8824,S_NOUN_8_ADJ_a,M,S,le chargeur avec les raisins qui était là depuis hier est aussi très pointu <eos>,13,pointu,pointue,11,M,P,pointu,-8.265032,pointue,-12.450663,1
8825,S_NOUN_8_ADJ_a,M,S,le chargeur avec les raisins qui était là depuis hier est aussi très rond <eos>,13,rond,ronde,11,M,P,rond,-10.403292,ronde,-12.430688,1
8826,S_NOUN_8_ADJ_a,M,S,le chargeur avec les raisins qui était là depuis hier est aussi très froid <eos>,13,froid,froide,11,M,P,froid,-6.2890224,froide,-11.161282,1
8827,S_NOUN_8_ADJ_a,M,S,le chargeur avec les raisins qui était là depuis hier est aussi très chaud <eos>,13,chaud,chaude,11,M,P,chaud,-5.857011,chaude,-10.53151,1
8828,S_NOUN_8_ADJ_a,M,S,le chargeur avec les raisins qui était là depuis hier est aussi très important <eos>,13,important,importante,11,M,P,important,-4.6155896,importante,-8.310038,1
8829,S_NOUN_8_ADJ_a,M,S,le chargeur avec les raisins qui était là depuis hier est aussi très court <eos>,13,court,courte,11,M,P,court,-4.556733,courte,-9.49119,1
8830,S_NOUN_8_ADJ_a,M,S,le chargeur avec les raisins qui était là depuis hier est aussi très dur <eos>,13,dur,dure,11,M,P,dur,-3.862015,dure,-7.7138014,1
8831,S_NOUN_8_ADJ_a,M,S,le chargeur avec les raisins qui était là depuis hier est aussi très clair <eos>,13,clair,claire,11,M,P,clair,-5.8123302,claire,-9.597529,1
8832,S_NOUN_8_ADJ_a,M,S,le chargeur avec les raisins qui était là depuis hier est aussi très intéressant <eos>,13,intéressant,intéressante,11,M,P,intéressant,-6.0813584,intéressante,-10.176771,1
8833,S_NOUN_8_ADJ_a,M,S,le chargeur avec les raisins qui était là depuis hier est aussi très brillant <eos>,13,brillant,brillante,11,M,P,brillant,-7.2816467,brillante,-11.243589,1
8834,S_NOUN_8_ADJ_a,M,S,le chargeur avec les raisins qui était là depuis hier est aussi très compliqué <eos>,13,compliqué,compliquée,11,M,P,compliqué,-5.3275747,compliquée,-8.983121,1
8835,S_NOUN_8_ADJ_a,M,S,le chargeur avec les chargeurs qui était là depuis hier est aussi très vert <eos>,13,vert,verte,11,M,P,vert,-10.379948,verte,-15.691409,1
8836,S_NOUN_8_ADJ_a,M,S,le chargeur avec les chargeurs qui était là depuis hier est aussi très bleu <eos>,13,bleu,bleue,11,M,P,bleu,-11.160933,bleue,-18.143682,1
8837,S_NOUN_8_ADJ_a,M,S,le chargeur avec les chargeurs qui était là depuis hier est aussi très noir <eos>,13,noir,noire,11,M,P,noir,-8.916774,noire,-14.5886135,1
8838,S_NOUN_8_ADJ_a,M,S,le chargeur avec les chargeurs qui était là depuis hier est aussi très délicat <eos>,13,délicat,délicate,11,M,P,délicat,-7.470477,délicate,-9.459941,1
8839,S_NOUN_8_ADJ_a,M,S,le chargeur avec les chargeurs qui était là depuis hier est aussi très pointu <eos>,13,pointu,pointue,11,M,P,pointu,-8.965616,pointue,-12.675064,1
8840,S_NOUN_8_ADJ_a,M,S,le chargeur avec les chargeurs qui était là depuis hier est aussi très rond <eos>,13,rond,ronde,11,M,P,rond,-10.6297245,ronde,-13.688738,1
8841,S_NOUN_8_ADJ_a,M,S,le chargeur avec les chargeurs qui était là depuis hier est aussi très froid <eos>,13,froid,froide,11,M,P,froid,-7.3457727,froide,-11.793697,1
8842,S_NOUN_8_ADJ_a,M,S,le chargeur avec les chargeurs qui était là depuis hier est aussi très chaud <eos>,13,chaud,chaude,11,M,P,chaud,-7.1814733,chaude,-11.250954,1
8843,S_NOUN_8_ADJ_a,M,S,le chargeur avec les chargeurs qui était là depuis hier est aussi très important <eos>,13,important,importante,11,M,P,important,-4.3102293,importante,-8.265376,1
8844,S_NOUN_8_ADJ_a,M,S,le chargeur avec les chargeurs qui était là depuis hier est aussi très court <eos>,13,court,courte,11,M,P,court,-4.449715,courte,-8.292847,1
8845,S_NOUN_8_ADJ_a,M,S,le chargeur avec les chargeurs qui était là depuis hier est aussi très dur <eos>,13,dur,dure,11,M,P,dur,-4.790921,dure,-9.004723,1
8846,S_NOUN_8_ADJ_a,M,S,le chargeur avec les chargeurs qui était là depuis hier est aussi très clair <eos>,13,clair,claire,11,M,P,clair,-7.1861167,claire,-11.366308,1
8847,S_NOUN_8_ADJ_a,M,S,le chargeur avec les chargeurs qui était là depuis hier est aussi très intéressant <eos>,13,intéressant,intéressante,11,M,P,intéressant,-6.010614,intéressante,-10.050058,1
8848,S_NOUN_8_ADJ_a,M,S,le chargeur avec les chargeurs qui était là depuis hier est aussi très brillant <eos>,13,brillant,brillante,11,M,P,brillant,-8.059111,brillante,-12.094655,1
8849,S_NOUN_8_ADJ_a,M,S,le chargeur avec les chargeurs qui était là depuis hier est aussi très compliqué <eos>,13,compliqué,compliquée,11,M,P,compliqué,-4.7220774,compliquée,-8.682679,1
8850,S_NOUN_8_ADJ_a,M,S,le chargeur avec les vases qui était là depuis hier est aussi très vert <eos>,13,vert,verte,11,M,P,vert,-9.823544,verte,-14.37049,1
8851,S_NOUN_8_ADJ_a,M,S,le chargeur avec les vases qui était là depuis hier est aussi très bleu <eos>,13,bleu,bleue,11,M,P,bleu,-10.711808,bleue,-16.734041,1
8852,S_NOUN_8_ADJ_a,M,S,le chargeur avec les vases qui était là depuis hier est aussi très noir <eos>,13,noir,noire,11,M,P,noir,-9.063772,noire,-13.056734,1
8853,S_NOUN_8_ADJ_a,M,S,le chargeur avec les vases qui était là depuis hier est aussi très délicat <eos>,13,délicat,délicate,11,M,P,délicat,-7.04187,délicate,-9.103875,1
8854,S_NOUN_8_ADJ_a,M,S,le chargeur avec les vases qui était là depuis hier est aussi très pointu <eos>,13,pointu,pointue,11,M,P,pointu,-8.388924,pointue,-12.270232,1
8855,S_NOUN_8_ADJ_a,M,S,le chargeur avec les vases qui était là depuis hier est aussi très rond <eos>,13,rond,ronde,11,M,P,rond,-10.550413,ronde,-12.700175,1
8856,S_NOUN_8_ADJ_a,M,S,le chargeur avec les vases qui était là depuis hier est aussi très froid <eos>,13,froid,froide,11,M,P,froid,-7.2992706,froide,-11.520035,1
8857,S_NOUN_8_ADJ_a,M,S,le chargeur avec les vases qui était là depuis hier est aussi très chaud <eos>,13,chaud,chaude,11,M,P,chaud,-6.5037427,chaude,-10.9258995,1
8858,S_NOUN_8_ADJ_a,M,S,le chargeur avec les vases qui était là depuis hier est aussi très important <eos>,13,important,importante,11,M,P,important,-4.8340626,importante,-8.613609,1
8859,S_NOUN_8_ADJ_a,M,S,le chargeur avec les vases qui était là depuis hier est aussi très court <eos>,13,court,courte,11,M,P,court,-4.59845,courte,-8.828262,1
8860,S_NOUN_8_ADJ_a,M,S,le chargeur avec les vases qui était là depuis hier est aussi très dur <eos>,13,dur,dure,11,M,P,dur,-4.445112,dure,-7.890004,1
8861,S_NOUN_8_ADJ_a,M,S,le chargeur avec les vases qui était là depuis hier est aussi très clair <eos>,13,clair,claire,11,M,P,clair,-6.0786457,claire,-9.916792,1
8862,S_NOUN_8_ADJ_a,M,S,le chargeur avec les vases qui était là depuis hier est aussi très intéressant <eos>,13,intéressant,intéressante,11,M,P,intéressant,-6.0556955,intéressante,-10.064173,1
8863,S_NOUN_8_ADJ_a,M,S,le chargeur avec les vases qui était là depuis hier est aussi très brillant <eos>,13,brillant,brillante,11,M,P,brillant,-7.0820575,brillante,-10.68298,1
8864,S_NOUN_8_ADJ_a,M,S,le chargeur avec les vases qui était là depuis hier est aussi très compliqué <eos>,13,compliqué,compliquée,11,M,P,compliqué,-5.086892,compliquée,-8.61875,1
8865,S_NOUN_8_ADJ_a,M,S,le chargeur avec les paniers qui était là depuis hier est aussi très vert <eos>,13,vert,verte,11,M,P,vert,-9.840303,verte,-14.818612,1
8866,S_NOUN_8_ADJ_a,M,S,le chargeur avec les paniers qui était là depuis hier est aussi très bleu <eos>,13,bleu,bleue,11,M,P,bleu,-10.703555,bleue,-17.082336,1
8867,S_NOUN_8_ADJ_a,M,S,le chargeur avec les paniers qui était là depuis hier est aussi très noir <eos>,13,noir,noire,11,M,P,noir,-8.712189,noire,-13.331417,1
8868,S_NOUN_8_ADJ_a,M,S,le chargeur avec les paniers qui était là depuis hier est aussi très délicat <eos>,13,délicat,délicate,11,M,P,délicat,-7.1305485,délicate,-9.32819,1
8869,S_NOUN_8_ADJ_a,M,S,le chargeur avec les paniers qui était là depuis hier est aussi très pointu <eos>,13,pointu,pointue,11,M,P,pointu,-8.099382,pointue,-12.231984,1
8870,S_NOUN_8_ADJ_a,M,S,le chargeur avec les paniers qui était là depuis hier est aussi très rond <eos>,13,rond,ronde,11,M,P,rond,-10.3620205,ronde,-12.951458,1
8871,S_NOUN_8_ADJ_a,M,S,le chargeur avec les paniers qui était là depuis hier est aussi très froid <eos>,13,froid,froide,11,M,P,froid,-7.3235865,froide,-11.710948,1
8872,S_NOUN_8_ADJ_a,M,S,le chargeur avec les paniers qui était là depuis hier est aussi très chaud <eos>,13,chaud,chaude,11,M,P,chaud,-6.4595623,chaude,-11.108365,1
8873,S_NOUN_8_ADJ_a,M,S,le chargeur avec les paniers qui était là depuis hier est aussi très important <eos>,13,important,importante,11,M,P,important,-5.1090355,importante,-9.059018,1
8874,S_NOUN_8_ADJ_a,M,S,le chargeur avec les paniers qui était là depuis hier est aussi très court <eos>,13,court,courte,11,M,P,court,-4.57145,courte,-8.667249,1
8875,S_NOUN_8_ADJ_a,M,S,le chargeur avec les paniers qui était là depuis hier est aussi très dur <eos>,13,dur,dure,11,M,P,dur,-4.331517,dure,-8.172285,1
8876,S_NOUN_8_ADJ_a,M,S,le chargeur avec les paniers qui était là depuis hier est aussi très clair <eos>,13,clair,claire,11,M,P,clair,-6.2597485,claire,-10.387287,1
8877,S_NOUN_8_ADJ_a,M,S,le chargeur avec les paniers qui était là depuis hier est aussi très intéressant <eos>,13,intéressant,intéressante,11,M,P,intéressant,-6.15421,intéressante,-10.23526,1
8878,S_NOUN_8_ADJ_a,M,S,le chargeur avec les paniers qui était là depuis hier est aussi très brillant <eos>,13,brillant,brillante,11,M,P,brillant,-7.6108885,brillante,-11.6756315,1
8879,S_NOUN_8_ADJ_a,M,S,le chargeur avec les paniers qui était là depuis hier est aussi très compliqué <eos>,13,compliqué,compliquée,11,M,P,compliqué,-4.7038827,compliquée,-8.35087,1
8880,S_NOUN_8_ADJ_a,M,S,le chargeur avec les colliers qui était là depuis hier est aussi très vert <eos>,13,vert,verte,11,M,P,vert,-9.796371,verte,-14.706541,1
8881,S_NOUN_8_ADJ_a,M,S,le chargeur avec les colliers qui était là depuis hier est aussi très bleu <eos>,13,bleu,bleue,11,M,P,bleu,-10.614652,bleue,-17.085278,1
8882,S_NOUN_8_ADJ_a,M,S,le chargeur avec les colliers qui était là depuis hier est aussi très noir <eos>,13,noir,noire,11,M,P,noir,-9.024074,noire,-13.402653,1
8883,S_NOUN_8_ADJ_a,M,S,le chargeur avec les colliers qui était là depuis hier est aussi très délicat <eos>,13,délicat,délicate,11,M,P,délicat,-6.9990034,délicate,-8.989615,1
8884,S_NOUN_8_ADJ_a,M,S,le chargeur avec les colliers qui était là depuis hier est aussi très pointu <eos>,13,pointu,pointue,11,M,P,pointu,-8.115234,pointue,-11.825926,1
8885,S_NOUN_8_ADJ_a,M,S,le chargeur avec les colliers qui était là depuis hier est aussi très rond <eos>,13,rond,ronde,11,M,P,rond,-10.4194145,ronde,-12.755275,1
8886,S_NOUN_8_ADJ_a,M,S,le chargeur avec les colliers qui était là depuis hier est aussi très froid <eos>,13,froid,froide,11,M,P,froid,-7.633255,froide,-11.738804,1
8887,S_NOUN_8_ADJ_a,M,S,le chargeur avec les colliers qui était là depuis hier est aussi très chaud <eos>,13,chaud,chaude,11,M,P,chaud,-6.9776773,chaude,-11.254112,1
8888,S_NOUN_8_ADJ_a,M,S,le chargeur avec les colliers qui était là depuis hier est aussi très important <eos>,13,important,importante,11,M,P,important,-5.0709352,importante,-8.851564,1
8889,S_NOUN_8_ADJ_a,M,S,le chargeur avec les colliers qui était là depuis hier est aussi très court <eos>,13,court,courte,11,M,P,court,-4.504519,courte,-8.565104,1
8890,S_NOUN_8_ADJ_a,M,S,le chargeur avec les colliers qui était là depuis hier est aussi très dur <eos>,13,dur,dure,11,M,P,dur,-4.32539,dure,-8.081453,1
8891,S_NOUN_8_ADJ_a,M,S,le chargeur avec les colliers qui était là depuis hier est aussi très clair <eos>,13,clair,claire,11,M,P,clair,-6.2629633,claire,-10.25821,1
8892,S_NOUN_8_ADJ_a,M,S,le chargeur avec les colliers qui était là depuis hier est aussi très intéressant <eos>,13,intéressant,intéressante,11,M,P,intéressant,-6.225321,intéressante,-10.303442,1
8893,S_NOUN_8_ADJ_a,M,S,le chargeur avec les colliers qui était là depuis hier est aussi très brillant <eos>,13,brillant,brillante,11,M,P,brillant,-7.3499355,brillante,-11.228635,1
8894,S_NOUN_8_ADJ_a,M,S,le chargeur avec les colliers qui était là depuis hier est aussi très compliqué <eos>,13,compliqué,compliquée,11,M,P,compliqué,-4.646107,compliquée,-8.350525,1
8895,S_NOUN_8_ADJ_a,M,S,le chargeur avec les chapeaux qui était là depuis hier est aussi très vert <eos>,13,vert,verte,11,M,P,vert,-9.637541,verte,-14.483608,1
8896,S_NOUN_8_ADJ_a,M,S,le chargeur avec les chapeaux qui était là depuis hier est aussi très bleu <eos>,13,bleu,bleue,11,M,P,bleu,-10.322034,bleue,-16.75387,1
8897,S_NOUN_8_ADJ_a,M,S,le chargeur avec les chapeaux qui était là depuis hier est aussi très noir <eos>,13,noir,noire,11,M,P,noir,-8.300102,noire,-13.265015,1
8898,S_NOUN_8_ADJ_a,M,S,le chargeur avec les chapeaux qui était là depuis hier est aussi très délicat <eos>,13,délicat,délicate,11,M,P,délicat,-7.2256813,délicate,-9.682158,1
8899,S_NOUN_8_ADJ_a,M,S,le chargeur avec les chapeaux qui était là depuis hier est aussi très pointu <eos>,13,pointu,pointue,11,M,P,pointu,-8.28878,pointue,-12.717036,1
8900,S_NOUN_8_ADJ_a,M,S,le chargeur avec les chapeaux qui était là depuis hier est aussi très rond <eos>,13,rond,ronde,11,M,P,rond,-10.407919,ronde,-13.25493,1
8901,S_NOUN_8_ADJ_a,M,S,le chargeur avec les chapeaux qui était là depuis hier est aussi très froid <eos>,13,froid,froide,11,M,P,froid,-7.311072,froide,-11.716558,1
8902,S_NOUN_8_ADJ_a,M,S,le chargeur avec les chapeaux qui était là depuis hier est aussi très chaud <eos>,13,chaud,chaude,11,M,P,chaud,-6.5905933,chaude,-11.015185,1
8903,S_NOUN_8_ADJ_a,M,S,le chargeur avec les chapeaux qui était là depuis hier est aussi très important <eos>,13,important,importante,11,M,P,important,-5.0780005,importante,-9.061037,1
8904,S_NOUN_8_ADJ_a,M,S,le chargeur avec les chapeaux qui était là depuis hier est aussi très court <eos>,13,court,courte,11,M,P,court,-4.6751013,courte,-8.770143,1
8905,S_NOUN_8_ADJ_a,M,S,le chargeur avec les chapeaux qui était là depuis hier est aussi très dur <eos>,13,dur,dure,11,M,P,dur,-4.853982,dure,-8.389393,1
8906,S_NOUN_8_ADJ_a,M,S,le chargeur avec les chapeaux qui était là depuis hier est aussi très clair <eos>,13,clair,claire,11,M,P,clair,-6.3237033,claire,-10.354618,1
8907,S_NOUN_8_ADJ_a,M,S,le chargeur avec les chapeaux qui était là depuis hier est aussi très intéressant <eos>,13,intéressant,intéressante,11,M,P,intéressant,-6.080679,intéressante,-10.14668,1
8908,S_NOUN_8_ADJ_a,M,S,le chargeur avec les chapeaux qui était là depuis hier est aussi très brillant <eos>,13,brillant,brillante,11,M,P,brillant,-7.5954695,brillante,-11.531235,1
8909,S_NOUN_8_ADJ_a,M,S,le chargeur avec les chapeaux qui était là depuis hier est aussi très compliqué <eos>,13,compliqué,compliquée,11,M,P,compliqué,-4.8727036,compliquée,-8.753622,1
8910,S_NOUN_8_ADJ_a,M,S,le chargeur avec les pots qui était là depuis hier est aussi très vert <eos>,13,vert,verte,11,M,P,vert,-9.247242,verte,-14.499519,1
8911,S_NOUN_8_ADJ_a,M,S,le chargeur avec les pots qui était là depuis hier est aussi très bleu <eos>,13,bleu,bleue,11,M,P,bleu,-10.432463,bleue,-17.214022,1
8912,S_NOUN_8_ADJ_a,M,S,le chargeur avec les pots qui était là depuis hier est aussi très noir <eos>,13,noir,noire,11,M,P,noir,-8.754992,noire,-13.527447,1
8913,S_NOUN_8_ADJ_a,M,S,le chargeur avec les pots qui était là depuis hier est aussi très délicat <eos>,13,délicat,délicate,11,M,P,délicat,-7.0292416,délicate,-9.207316,1
8914,S_NOUN_8_ADJ_a,M,S,le chargeur avec les pots qui était là depuis hier est aussi très pointu <eos>,13,pointu,pointue,11,M,P,pointu,-8.663918,pointue,-12.563108,1
8915,S_NOUN_8_ADJ_a,M,S,le chargeur avec les pots qui était là depuis hier est aussi très rond <eos>,13,rond,ronde,11,M,P,rond,-10.514798,ronde,-12.739231,1
8916,S_NOUN_8_ADJ_a,M,S,le chargeur avec les pots qui était là depuis hier est aussi très froid <eos>,13,froid,froide,11,M,P,froid,-6.790182,froide,-10.944937,1
8917,S_NOUN_8_ADJ_a,M,S,le chargeur avec les pots qui était là depuis hier est aussi très chaud <eos>,13,chaud,chaude,11,M,P,chaud,-5.8091936,chaude,-10.15354,1
8918,S_NOUN_8_ADJ_a,M,S,le chargeur avec les pots qui était là depuis hier est aussi très important <eos>,13,important,importante,11,M,P,important,-4.8900433,importante,-8.610481,1
8919,S_NOUN_8_ADJ_a,M,S,le chargeur avec les pots qui était là depuis hier est aussi très court <eos>,13,court,courte,11,M,P,court,-4.849621,courte,-9.107619,1
8920,S_NOUN_8_ADJ_a,M,S,le chargeur avec les pots qui était là depuis hier est aussi très dur <eos>,13,dur,dure,11,M,P,dur,-4.3070993,dure,-7.9689474,1
8921,S_NOUN_8_ADJ_a,M,S,le chargeur avec les pots qui était là depuis hier est aussi très clair <eos>,13,clair,claire,11,M,P,clair,-6.482645,claire,-10.277638,1
8922,S_NOUN_8_ADJ_a,M,S,le chargeur avec les pots qui était là depuis hier est aussi très intéressant <eos>,13,intéressant,intéressante,11,M,P,intéressant,-6.2053432,intéressante,-10.0687065,1
8923,S_NOUN_8_ADJ_a,M,S,le chargeur avec les pots qui était là depuis hier est aussi très brillant <eos>,13,brillant,brillante,11,M,P,brillant,-7.1199064,brillante,-11.122165,1
8924,S_NOUN_8_ADJ_a,M,S,le chargeur avec les pots qui était là depuis hier est aussi très compliqué <eos>,13,compliqué,compliquée,11,M,P,compliqué,-5.0589466,compliquée,-8.746562,1
8925,S_NOUN_8_ADJ_a,M,S,le chargeur avec les coussins qui était là depuis hier est aussi très vert <eos>,13,vert,verte,11,M,P,vert,-9.887555,verte,-14.9815,1
8926,S_NOUN_8_ADJ_a,M,S,le chargeur avec les coussins qui était là depuis hier est aussi très bleu <eos>,13,bleu,bleue,11,M,P,bleu,-10.754826,bleue,-17.302568,1
8927,S_NOUN_8_ADJ_a,M,S,le chargeur avec les coussins qui était là depuis hier est aussi très noir <eos>,13,noir,noire,11,M,P,noir,-8.749765,noire,-13.745558,1
8928,S_NOUN_8_ADJ_a,M,S,le chargeur avec les coussins qui était là depuis hier est aussi très délicat <eos>,13,délicat,délicate,11,M,P,délicat,-7.257133,délicate,-9.555624,1
8929,S_NOUN_8_ADJ_a,M,S,le chargeur avec les coussins qui était là depuis hier est aussi très pointu <eos>,13,pointu,pointue,11,M,P,pointu,-8.342804,pointue,-12.460802,1
8930,S_NOUN_8_ADJ_a,M,S,le chargeur avec les coussins qui était là depuis hier est aussi très rond <eos>,13,rond,ronde,11,M,P,rond,-10.568324,ronde,-13.318549,1
8931,S_NOUN_8_ADJ_a,M,S,le chargeur avec les coussins qui était là depuis hier est aussi très froid <eos>,13,froid,froide,11,M,P,froid,-7.3220105,froide,-11.616182,1
8932,S_NOUN_8_ADJ_a,M,S,le chargeur avec les coussins qui était là depuis hier est aussi très chaud <eos>,13,chaud,chaude,11,M,P,chaud,-6.4740763,chaude,-10.789986,1
8933,S_NOUN_8_ADJ_a,M,S,le chargeur avec les coussins qui était là depuis hier est aussi très important <eos>,13,important,importante,11,M,P,important,-5.0780716,importante,-9.012282,1
8934,S_NOUN_8_ADJ_a,M,S,le chargeur avec les coussins qui était là depuis hier est aussi très court <eos>,13,court,courte,11,M,P,court,-4.711936,courte,-8.85618,1
8935,S_NOUN_8_ADJ_a,M,S,le chargeur avec les coussins qui était là depuis hier est aussi très dur <eos>,13,dur,dure,11,M,P,dur,-4.7018147,dure,-8.322558,1
8936,S_NOUN_8_ADJ_a,M,S,le chargeur avec les coussins qui était là depuis hier est aussi très clair <eos>,13,clair,claire,11,M,P,clair,-6.578665,claire,-10.549635,1
8937,S_NOUN_8_ADJ_a,M,S,le chargeur avec les coussins qui était là depuis hier est aussi très intéressant <eos>,13,intéressant,intéressante,11,M,P,intéressant,-6.136917,intéressante,-10.187567,1
8938,S_NOUN_8_ADJ_a,M,S,le chargeur avec les coussins qui était là depuis hier est aussi très brillant <eos>,13,brillant,brillante,11,M,P,brillant,-7.655323,brillante,-11.881124,1
8939,S_NOUN_8_ADJ_a,M,S,le chargeur avec les coussins qui était là depuis hier est aussi très compliqué <eos>,13,compliqué,compliquée,11,M,P,compliqué,-4.674227,compliquée,-8.386345,1
8940,S_NOUN_8_ADJ_a,M,S,le chargeur avec les jouets qui était là depuis hier est aussi très vert <eos>,13,vert,verte,11,M,P,vert,-9.823615,verte,-14.080906,1
8941,S_NOUN_8_ADJ_a,M,S,le chargeur avec les jouets qui était là depuis hier est aussi très bleu <eos>,13,bleu,bleue,11,M,P,bleu,-10.723507,bleue,-16.84788,1
8942,S_NOUN_8_ADJ_a,M,S,le chargeur avec les jouets qui était là depuis hier est aussi très noir <eos>,13,noir,noire,11,M,P,noir,-8.55269,noire,-13.583679,1
8943,S_NOUN_8_ADJ_a,M,S,le chargeur avec les jouets qui était là depuis hier est aussi très délicat <eos>,13,délicat,délicate,11,M,P,délicat,-7.4145236,délicate,-9.9056,1
8944,S_NOUN_8_ADJ_a,M,S,le chargeur avec les jouets qui était là depuis hier est aussi très pointu <eos>,13,pointu,pointue,11,M,P,pointu,-8.36532,pointue,-13.065334,1
8945,S_NOUN_8_ADJ_a,M,S,le chargeur avec les jouets qui était là depuis hier est aussi très rond <eos>,13,rond,ronde,11,M,P,rond,-10.964146,ronde,-14.032404,1
8946,S_NOUN_8_ADJ_a,M,S,le chargeur avec les jouets qui était là depuis hier est aussi très froid <eos>,13,froid,froide,11,M,P,froid,-7.1245246,froide,-11.773481,1
8947,S_NOUN_8_ADJ_a,M,S,le chargeur avec les jouets qui était là depuis hier est aussi très chaud <eos>,13,chaud,chaude,11,M,P,chaud,-6.7389545,chaude,-11.036116,1
8948,S_NOUN_8_ADJ_a,M,S,le chargeur avec les jouets qui était là depuis hier est aussi très important <eos>,13,important,importante,11,M,P,important,-4.7659893,importante,-8.562547,1
8949,S_NOUN_8_ADJ_a,M,S,le chargeur avec les jouets qui était là depuis hier est aussi très court <eos>,13,court,courte,11,M,P,court,-4.5060596,courte,-9.002523,1
8950,S_NOUN_8_ADJ_a,M,S,le chargeur avec les jouets qui était là depuis hier est aussi très dur <eos>,13,dur,dure,11,M,P,dur,-5.0309315,dure,-8.350559,1
8951,S_NOUN_8_ADJ_a,M,S,le chargeur avec les jouets qui était là depuis hier est aussi très clair <eos>,13,clair,claire,11,M,P,clair,-6.338269,claire,-9.794517,1
8952,S_NOUN_8_ADJ_a,M,S,le chargeur avec les jouets qui était là depuis hier est aussi très intéressant <eos>,13,intéressant,intéressante,11,M,P,intéressant,-5.742373,intéressante,-9.840482,1
8953,S_NOUN_8_ADJ_a,M,S,le chargeur avec les jouets qui était là depuis hier est aussi très brillant <eos>,13,brillant,brillante,11,M,P,brillant,-7.7773266,brillante,-11.230674,1
8954,S_NOUN_8_ADJ_a,M,S,le chargeur avec les jouets qui était là depuis hier est aussi très compliqué <eos>,13,compliqué,compliquée,11,M,P,compliqué,-5.175515,compliquée,-8.699974,1
8955,S_NOUN_8_ADJ_a,M,S,le chargeur avec les clous qui était là depuis hier est aussi très vert <eos>,13,vert,verte,11,M,P,vert,-9.640664,verte,-15.020738,1
8956,S_NOUN_8_ADJ_a,M,S,le chargeur avec les clous qui était là depuis hier est aussi très bleu <eos>,13,bleu,bleue,11,M,P,bleu,-10.662037,bleue,-17.227285,1
8957,S_NOUN_8_ADJ_a,M,S,le chargeur avec les clous qui était là depuis hier est aussi très noir <eos>,13,noir,noire,11,M,P,noir,-8.648415,noire,-13.524358,1
8958,S_NOUN_8_ADJ_a,M,S,le chargeur avec les clous qui était là depuis hier est aussi très délicat <eos>,13,délicat,délicate,11,M,P,délicat,-6.802883,délicate,-8.9231825,1
8959,S_NOUN_8_ADJ_a,M,S,le chargeur avec les clous qui était là depuis hier est aussi très pointu <eos>,13,pointu,pointue,11,M,P,pointu,-8.219524,pointue,-12.39473,1
8960,S_NOUN_8_ADJ_a,M,S,le chargeur avec les clous qui était là depuis hier est aussi très rond <eos>,13,rond,ronde,11,M,P,rond,-10.602655,ronde,-13.083676,1
8961,S_NOUN_8_ADJ_a,M,S,le chargeur avec les clous qui était là depuis hier est aussi très froid <eos>,13,froid,froide,11,M,P,froid,-6.8333597,froide,-11.350986,1
8962,S_NOUN_8_ADJ_a,M,S,le chargeur avec les clous qui était là depuis hier est aussi très chaud <eos>,13,chaud,chaude,11,M,P,chaud,-6.2115216,chaude,-10.898985,1
8963,S_NOUN_8_ADJ_a,M,S,le chargeur avec les clous qui était là depuis hier est aussi très important <eos>,13,important,importante,11,M,P,important,-4.9629436,importante,-8.870573,1
8964,S_NOUN_8_ADJ_a,M,S,le chargeur avec les clous qui était là depuis hier est aussi très court <eos>,13,court,courte,11,M,P,court,-4.545513,courte,-8.81484,1
8965,S_NOUN_8_ADJ_a,M,S,le chargeur avec les clous qui était là depuis hier est aussi très dur <eos>,13,dur,dure,11,M,P,dur,-4.111739,dure,-8.048273,1
8966,S_NOUN_8_ADJ_a,M,S,le chargeur avec les clous qui était là depuis hier est aussi très clair <eos>,13,clair,claire,11,M,P,clair,-6.263921,claire,-10.376044,1
8967,S_NOUN_8_ADJ_a,M,S,le chargeur avec les clous qui était là depuis hier est aussi très intéressant <eos>,13,intéressant,intéressante,11,M,P,intéressant,-6.1909876,intéressante,-10.426456,1
8968,S_NOUN_8_ADJ_a,M,S,le chargeur avec les clous qui était là depuis hier est aussi très brillant <eos>,13,brillant,brillante,11,M,P,brillant,-7.511752,brillante,-11.656265,1
8969,S_NOUN_8_ADJ_a,M,S,le chargeur avec les clous qui était là depuis hier est aussi très compliqué <eos>,13,compliqué,compliquée,11,M,P,compliqué,-4.788554,compliquée,-8.5179615,1
8970,S_NOUN_8_ADJ_a,M,S,le chargeur avec les billets qui était là depuis hier est aussi très vert <eos>,13,vert,verte,11,M,P,vert,-9.956836,verte,-15.043928,1
8971,S_NOUN_8_ADJ_a,M,S,le chargeur avec les billets qui était là depuis hier est aussi très bleu <eos>,13,bleu,bleue,11,M,P,bleu,-10.672652,bleue,-17.715572,1
8972,S_NOUN_8_ADJ_a,M,S,le chargeur avec les billets qui était là depuis hier est aussi très noir <eos>,13,noir,noire,11,M,P,noir,-8.809923,noire,-14.289633,1
8973,S_NOUN_8_ADJ_a,M,S,le chargeur avec les billets qui était là depuis hier est aussi très délicat <eos>,13,délicat,délicate,11,M,P,délicat,-7.3763556,délicate,-9.7583275,1
8974,S_NOUN_8_ADJ_a,M,S,le chargeur avec les billets qui était là depuis hier est aussi très pointu <eos>,13,pointu,pointue,11,M,P,pointu,-9.337807,pointue,-13.245569,1
8975,S_NOUN_8_ADJ_a,M,S,le chargeur avec les billets qui était là depuis hier est aussi très rond <eos>,13,rond,ronde,11,M,P,rond,-11.070184,ronde,-14.292466,1
8976,S_NOUN_8_ADJ_a,M,S,le chargeur avec les billets qui était là depuis hier est aussi très froid <eos>,13,froid,froide,11,M,P,froid,-7.9110336,froide,-12.29942,1
8977,S_NOUN_8_ADJ_a,M,S,le chargeur avec les billets qui était là depuis hier est aussi très chaud <eos>,13,chaud,chaude,11,M,P,chaud,-7.2579985,chaude,-11.428077,1
8978,S_NOUN_8_ADJ_a,M,S,le chargeur avec les billets qui était là depuis hier est aussi très important <eos>,13,important,importante,11,M,P,important,-4.4287834,importante,-8.332977,1
8979,S_NOUN_8_ADJ_a,M,S,le chargeur avec les billets qui était là depuis hier est aussi très court <eos>,13,court,courte,11,M,P,court,-4.4742727,courte,-8.606446,1
8980,S_NOUN_8_ADJ_a,M,S,le chargeur avec les billets qui était là depuis hier est aussi très dur <eos>,13,dur,dure,11,M,P,dur,-5.1757183,dure,-9.294082,1
8981,S_NOUN_8_ADJ_a,M,S,le chargeur avec les billets qui était là depuis hier est aussi très clair <eos>,13,clair,claire,11,M,P,clair,-6.7087855,claire,-10.74859,1
8982,S_NOUN_8_ADJ_a,M,S,le chargeur avec les billets qui était là depuis hier est aussi très intéressant <eos>,13,intéressant,intéressante,11,M,P,intéressant,-5.92558,intéressante,-9.65265,1
8983,S_NOUN_8_ADJ_a,M,S,le chargeur avec les billets qui était là depuis hier est aussi très brillant <eos>,13,brillant,brillante,11,M,P,brillant,-8.1693735,brillante,-12.124378,1
8984,S_NOUN_8_ADJ_a,M,S,le chargeur avec les billets qui était là depuis hier est aussi très compliqué <eos>,13,compliqué,compliquée,11,M,P,compliqué,-4.9871006,compliquée,-9.109508,1
8985,S_NOUN_8_ADJ_a,M,S,le chargeur avec les légumes qui était là depuis hier est aussi très vert <eos>,13,vert,verte,11,M,P,vert,-9.689316,verte,-14.428498,1
8986,S_NOUN_8_ADJ_a,M,S,le chargeur avec les légumes qui était là depuis hier est aussi très bleu <eos>,13,bleu,bleue,11,M,P,bleu,-10.75053,bleue,-16.981668,1
8987,S_NOUN_8_ADJ_a,M,S,le chargeur avec les légumes qui était là depuis hier est aussi très noir <eos>,13,noir,noire,11,M,P,noir,-9.045311,noire,-13.486256,1
8988,S_NOUN_8_ADJ_a,M,S,le chargeur avec les légumes qui était là depuis hier est aussi très délicat <eos>,13,délicat,délicate,11,M,P,délicat,-6.8397765,délicate,-9.109518,1
8989,S_NOUN_8_ADJ_a,M,S,le chargeur avec les légumes qui était là depuis hier est aussi très pointu <eos>,13,pointu,pointue,11,M,P,pointu,-7.920049,pointue,-12.594118,1
8990,S_NOUN_8_ADJ_a,M,S,le chargeur avec les légumes qui était là depuis hier est aussi très rond <eos>,13,rond,ronde,11,M,P,rond,-10.324125,ronde,-12.867953,1
8991,S_NOUN_8_ADJ_a,M,S,le chargeur avec les légumes qui était là depuis hier est aussi très froid <eos>,13,froid,froide,11,M,P,froid,-6.476471,froide,-10.876523,1
8992,S_NOUN_8_ADJ_a,M,S,le chargeur avec les légumes qui était là depuis hier est aussi très chaud <eos>,13,chaud,chaude,11,M,P,chaud,-5.9617033,chaude,-10.388188,1
8993,S_NOUN_8_ADJ_a,M,S,le chargeur avec les légumes qui était là depuis hier est aussi très important <eos>,13,important,importante,11,M,P,important,-4.6800027,importante,-8.411358,1
8994,S_NOUN_8_ADJ_a,M,S,le chargeur avec les légumes qui était là depuis hier est aussi très court <eos>,13,court,courte,11,M,P,court,-4.8774433,courte,-9.243025,1
8995,S_NOUN_8_ADJ_a,M,S,le chargeur avec les légumes qui était là depuis hier est aussi très dur <eos>,13,dur,dure,11,M,P,dur,-4.571888,dure,-7.698077,1
8996,S_NOUN_8_ADJ_a,M,S,le chargeur avec les légumes qui était là depuis hier est aussi très clair <eos>,13,clair,claire,11,M,P,clair,-5.995846,claire,-9.783953,1
8997,S_NOUN_8_ADJ_a,M,S,le chargeur avec les légumes qui était là depuis hier est aussi très intéressant <eos>,13,intéressant,intéressante,11,M,P,intéressant,-6.1539826,intéressante,-10.205899,1
8998,S_NOUN_8_ADJ_a,M,S,le chargeur avec les légumes qui était là depuis hier est aussi très brillant <eos>,13,brillant,brillante,11,M,P,brillant,-7.6371403,brillante,-11.500823,1
8999,S_NOUN_8_ADJ_a,M,S,le chargeur avec les légumes qui était là depuis hier est aussi très compliqué <eos>,13,compliqué,compliquée,11,M,P,compliqué,-5.4787846,compliquée,-9.05909,1
9000,S_NOUN_8_ADJ_a,M,S,le vase avec les bracelets qui était là depuis hier est aussi très vert <eos>,13,vert,verte,11,M,P,vert,-10.724222,verte,-14.4914665,1
9001,S_NOUN_8_ADJ_a,M,S,le vase avec les bracelets qui était là depuis hier est aussi très bleu <eos>,13,bleu,bleue,11,M,P,bleu,-11.567366,bleue,-17.072517,1
9002,S_NOUN_8_ADJ_a,M,S,le vase avec les bracelets qui était là depuis hier est aussi très noir <eos>,13,noir,noire,11,M,P,noir,-10.087984,noire,-13.605839,1
9003,S_NOUN_8_ADJ_a,M,S,le vase avec les bracelets qui était là depuis hier est aussi très délicat <eos>,13,délicat,délicate,11,M,P,délicat,-7.4058156,délicate,-10.325611,1
9004,S_NOUN_8_ADJ_a,M,S,le vase avec les bracelets qui était là depuis hier est aussi très pointu <eos>,13,pointu,pointue,11,M,P,pointu,-8.049702,pointue,-12.85811,1
9005,S_NOUN_8_ADJ_a,M,S,le vase avec les bracelets qui était là depuis hier est aussi très rond <eos>,13,rond,ronde,11,M,P,rond,-10.595327,ronde,-13.131188,1
9006,S_NOUN_8_ADJ_a,M,S,le vase avec les bracelets qui était là depuis hier est aussi très froid <eos>,13,froid,froide,11,M,P,froid,-8.485267,froide,-12.399676,1
9007,S_NOUN_8_ADJ_a,M,S,le vase avec les bracelets qui était là depuis hier est aussi très chaud <eos>,13,chaud,chaude,11,M,P,chaud,-7.226244,chaude,-11.464792,1
9008,S_NOUN_8_ADJ_a,M,S,le vase avec les bracelets qui était là depuis hier est aussi très important <eos>,13,important,importante,11,M,P,important,-4.7903147,importante,-8.824477,1
9009,S_NOUN_8_ADJ_a,M,S,le vase avec les bracelets qui était là depuis hier est aussi très court <eos>,13,court,courte,11,M,P,court,-5.1492596,courte,-9.570984,1
9010,S_NOUN_8_ADJ_a,M,S,le vase avec les bracelets qui était là depuis hier est aussi très dur <eos>,13,dur,dure,11,M,P,dur,-5.5549717,dure,-8.372564,1
9011,S_NOUN_8_ADJ_a,M,S,le vase avec les bracelets qui était là depuis hier est aussi très clair <eos>,13,clair,claire,11,M,P,clair,-6.445182,claire,-10.172575,1
9012,S_NOUN_8_ADJ_a,M,S,le vase avec les bracelets qui était là depuis hier est aussi très intéressant <eos>,13,intéressant,intéressante,11,M,P,intéressant,-5.952279,intéressante,-10.215509,1
9013,S_NOUN_8_ADJ_a,M,S,le vase avec les bracelets qui était là depuis hier est aussi très brillant <eos>,13,brillant,brillante,11,M,P,brillant,-7.6368055,brillante,-11.274901,1
9014,S_NOUN_8_ADJ_a,M,S,le vase avec les bracelets qui était là depuis hier est aussi très compliqué <eos>,13,compliqué,compliquée,11,M,P,compliqué,-6.3809013,compliquée,-10.158621,1
9015,S_NOUN_8_ADJ_a,M,S,le vase avec les miroirs qui était là depuis hier est aussi très vert <eos>,13,vert,verte,11,M,P,vert,-10.57212,verte,-14.430037,1
9016,S_NOUN_8_ADJ_a,M,S,le vase avec les miroirs qui était là depuis hier est aussi très bleu <eos>,13,bleu,bleue,11,M,P,bleu,-11.538427,bleue,-17.205084,1
9017,S_NOUN_8_ADJ_a,M,S,le vase avec les miroirs qui était là depuis hier est aussi très noir <eos>,13,noir,noire,11,M,P,noir,-10.164281,noire,-14.245516,1
9018,S_NOUN_8_ADJ_a,M,S,le vase avec les miroirs qui était là depuis hier est aussi très délicat <eos>,13,délicat,délicate,11,M,P,délicat,-7.385481,délicate,-10.436365,1
9019,S_NOUN_8_ADJ_a,M,S,le vase avec les miroirs qui était là depuis hier est aussi très pointu <eos>,13,pointu,pointue,11,M,P,pointu,-8.2302065,pointue,-12.896928,1
9020,S_NOUN_8_ADJ_a,M,S,le vase avec les miroirs qui était là depuis hier est aussi très rond <eos>,13,rond,ronde,11,M,P,rond,-10.5072975,ronde,-13.467764,1
9021,S_NOUN_8_ADJ_a,M,S,le vase avec les miroirs qui était là depuis hier est aussi très froid <eos>,13,froid,froide,11,M,P,froid,-7.8042936,froide,-11.529786,1
9022,S_NOUN_8_ADJ_a,M,S,le vase avec les miroirs qui était là depuis hier est aussi très chaud <eos>,13,chaud,chaude,11,M,P,chaud,-6.8279138,chaude,-10.456696,1
9023,S_NOUN_8_ADJ_a,M,S,le vase avec les miroirs qui était là depuis hier est aussi très important <eos>,13,important,importante,11,M,P,important,-4.5757036,importante,-8.442903,1
9024,S_NOUN_8_ADJ_a,M,S,le vase avec les miroirs qui était là depuis hier est aussi très court <eos>,13,court,courte,11,M,P,court,-5.109879,courte,-9.565792,1
9025,S_NOUN_8_ADJ_a,M,S,le vase avec les miroirs qui était là depuis hier est aussi très dur <eos>,13,dur,dure,11,M,P,dur,-5.252207,dure,-8.402094,1
9026,S_NOUN_8_ADJ_a,M,S,le vase avec les miroirs qui était là depuis hier est aussi très clair <eos>,13,clair,claire,11,M,P,clair,-6.387496,claire,-9.950464,1
9027,S_NOUN_8_ADJ_a,M,S,le vase avec les miroirs qui était là depuis hier est aussi très intéressant <eos>,13,intéressant,intéressante,11,M,P,intéressant,-5.7285833,intéressante,-10.04495,1
9028,S_NOUN_8_ADJ_a,M,S,le vase avec les miroirs qui était là depuis hier est aussi très brillant <eos>,13,brillant,brillante,11,M,P,brillant,-7.205386,brillante,-10.353858,1
9029,S_NOUN_8_ADJ_a,M,S,le vase avec les miroirs qui était là depuis hier est aussi très compliqué <eos>,13,compliqué,compliquée,11,M,P,compliqué,-6.529513,compliquée,-9.696355,1
9030,S_NOUN_8_ADJ_a,M,S,le vase avec les crayons qui était là depuis hier est aussi très vert <eos>,13,vert,verte,11,M,P,vert,-10.124319,verte,-14.202737,1
9031,S_NOUN_8_ADJ_a,M,S,le vase avec les crayons qui était là depuis hier est aussi très bleu <eos>,13,bleu,bleue,11,M,P,bleu,-11.141826,bleue,-17.166786,1
9032,S_NOUN_8_ADJ_a,M,S,le vase avec les crayons qui était là depuis hier est aussi très noir <eos>,13,noir,noire,11,M,P,noir,-9.941739,noire,-13.778001,1
9033,S_NOUN_8_ADJ_a,M,S,le vase avec les crayons qui était là depuis hier est aussi très délicat <eos>,13,délicat,délicate,11,M,P,délicat,-6.8003197,délicate,-10.300081,1
9034,S_NOUN_8_ADJ_a,M,S,le vase avec les crayons qui était là depuis hier est aussi très pointu <eos>,13,pointu,pointue,11,M,P,pointu,-8.481512,pointue,-13.469709,1
9035,S_NOUN_8_ADJ_a,M,S,le vase avec les crayons qui était là depuis hier est aussi très rond <eos>,13,rond,ronde,11,M,P,rond,-10.83395,ronde,-13.949213,1
9036,S_NOUN_8_ADJ_a,M,S,le vase avec les crayons qui était là depuis hier est aussi très froid <eos>,13,froid,froide,11,M,P,froid,-7.3879433,froide,-11.725635,1
9037,S_NOUN_8_ADJ_a,M,S,le vase avec les crayons qui était là depuis hier est aussi très chaud <eos>,13,chaud,chaude,11,M,P,chaud,-6.7415953,chaude,-10.918344,1
9038,S_NOUN_8_ADJ_a,M,S,le vase avec les crayons qui était là depuis hier est aussi très important <eos>,13,important,importante,11,M,P,important,-4.3723717,importante,-8.292836,1
9039,S_NOUN_8_ADJ_a,M,S,le vase avec les crayons qui était là depuis hier est aussi très court <eos>,13,court,courte,11,M,P,court,-5.496581,courte,-10.042283,1
9040,S_NOUN_8_ADJ_a,M,S,le vase avec les crayons qui était là depuis hier est aussi très dur <eos>,13,dur,dure,11,M,P,dur,-5.4654956,dure,-8.127342,1
9041,S_NOUN_8_ADJ_a,M,S,le vase avec les crayons qui était là depuis hier est aussi très clair <eos>,13,clair,claire,11,M,P,clair,-5.7036924,claire,-9.41531,1
9042,S_NOUN_8_ADJ_a,M,S,le vase avec les crayons qui était là depuis hier est aussi très intéressant <eos>,13,intéressant,intéressante,11,M,P,intéressant,-5.734708,intéressante,-10.32883,1
9043,S_NOUN_8_ADJ_a,M,S,le vase avec les crayons qui était là depuis hier est aussi très brillant <eos>,13,brillant,brillante,11,M,P,brillant,-7.1559925,brillante,-10.65828,1
9044,S_NOUN_8_ADJ_a,M,S,le vase avec les crayons qui était là depuis hier est aussi très compliqué <eos>,13,compliqué,compliquée,11,M,P,compliqué,-7.117503,compliquée,-10.396359,1
9045,S_NOUN_8_ADJ_a,M,S,le vase avec les rideaux qui était là depuis hier est aussi très vert <eos>,13,vert,verte,11,M,P,vert,-10.538967,verte,-14.444562,1
9046,S_NOUN_8_ADJ_a,M,S,le vase avec les rideaux qui était là depuis hier est aussi très bleu <eos>,13,bleu,bleue,11,M,P,bleu,-11.483088,bleue,-17.132372,1
9047,S_NOUN_8_ADJ_a,M,S,le vase avec les rideaux qui était là depuis hier est aussi très noir <eos>,13,noir,noire,11,M,P,noir,-10.106552,noire,-13.727937,1
9048,S_NOUN_8_ADJ_a,M,S,le vase avec les rideaux qui était là depuis hier est aussi très délicat <eos>,13,délicat,délicate,11,M,P,délicat,-7.2867208,délicate,-10.598467,1
9049,S_NOUN_8_ADJ_a,M,S,le vase avec les rideaux qui était là depuis hier est aussi très pointu <eos>,13,pointu,pointue,11,M,P,pointu,-8.19581,pointue,-13.174399,1
9050,S_NOUN_8_ADJ_a,M,S,le vase avec les rideaux qui était là depuis hier est aussi très rond <eos>,13,rond,ronde,11,M,P,rond,-10.435605,ronde,-13.324825,1
9051,S_NOUN_8_ADJ_a,M,S,le vase avec les rideaux qui était là depuis hier est aussi très froid <eos>,13,froid,froide,11,M,P,froid,-7.8248024,froide,-11.907772,1
9052,S_NOUN_8_ADJ_a,M,S,le vase avec les rideaux qui était là depuis hier est aussi très chaud <eos>,13,chaud,chaude,11,M,P,chaud,-7.0563774,chaude,-10.901358,1
9053,S_NOUN_8_ADJ_a,M,S,le vase avec les rideaux qui était là depuis hier est aussi très important <eos>,13,important,importante,11,M,P,important,-4.5650725,importante,-8.548986,1
9054,S_NOUN_8_ADJ_a,M,S,le vase avec les rideaux qui était là depuis hier est aussi très court <eos>,13,court,courte,11,M,P,court,-4.9632764,courte,-9.719074,1
9055,S_NOUN_8_ADJ_a,M,S,le vase avec les rideaux qui était là depuis hier est aussi très dur <eos>,13,dur,dure,11,M,P,dur,-5.404678,dure,-8.058811,1
9056,S_NOUN_8_ADJ_a,M,S,le vase avec les rideaux qui était là depuis hier est aussi très clair <eos>,13,clair,claire,11,M,P,clair,-6.2967634,claire,-9.735457,1
9057,S_NOUN_8_ADJ_a,M,S,le vase avec les rideaux qui était là depuis hier est aussi très intéressant <eos>,13,intéressant,intéressante,11,M,P,intéressant,-6.026824,intéressante,-10.236068,1
9058,S_NOUN_8_ADJ_a,M,S,le vase avec les rideaux qui était là depuis hier est aussi très brillant <eos>,13,brillant,brillante,11,M,P,brillant,-7.7533445,brillante,-11.207591,1
9059,S_NOUN_8_ADJ_a,M,S,le vase avec les rideaux qui était là depuis hier est aussi très compliqué <eos>,13,compliqué,compliquée,11,M,P,compliqué,-6.697852,compliquée,-10.096125,1
9060,S_NOUN_8_ADJ_a,M,S,le vase avec les cahiers qui était là depuis hier est aussi très vert <eos>,13,vert,verte,11,M,P,vert,-11.24854,verte,-14.741766,1
9061,S_NOUN_8_ADJ_a,M,S,le vase avec les cahiers qui était là depuis hier est aussi très bleu <eos>,13,bleu,bleue,11,M,P,bleu,-12.366663,bleue,-17.63844,1
9062,S_NOUN_8_ADJ_a,M,S,le vase avec les cahiers qui était là depuis hier est aussi très noir <eos>,13,noir,noire,11,M,P,noir,-10.614693,noire,-14.745662,1
9063,S_NOUN_8_ADJ_a,M,S,le vase avec les cahiers qui était là depuis hier est aussi très délicat <eos>,13,délicat,délicate,11,M,P,délicat,-7.600289,délicate,-10.816032,1
9064,S_NOUN_8_ADJ_a,M,S,le vase avec les cahiers qui était là depuis hier est aussi très pointu <eos>,13,pointu,pointue,11,M,P,pointu,-8.638583,pointue,-13.476228,1
9065,S_NOUN_8_ADJ_a,M,S,le vase avec les cahiers qui était là depuis hier est aussi très rond <eos>,13,rond,ronde,11,M,P,rond,-11.810241,ronde,-14.560771,1
9066,S_NOUN_8_ADJ_a,M,S,le vase avec les cahiers qui était là depuis hier est aussi très froid <eos>,13,froid,froide,11,M,P,froid,-7.8913,froide,-12.294758,1
9067,S_NOUN_8_ADJ_a,M,S,le vase avec les cahiers qui était là depuis hier est aussi très chaud <eos>,13,chaud,chaude,11,M,P,chaud,-7.2584767,chaude,-11.610743,1
9068,S_NOUN_8_ADJ_a,M,S,le vase avec les cahiers qui était là depuis hier est aussi très important <eos>,13,important,importante,11,M,P,important,-4.0893297,importante,-7.8817406,1
9069,S_NOUN_8_ADJ_a,M,S,le vase avec les cahiers qui était là depuis hier est aussi très court <eos>,13,court,courte,11,M,P,court,-5.609518,courte,-9.428098,1
9070,S_NOUN_8_ADJ_a,M,S,le vase avec les cahiers qui était là depuis hier est aussi très dur <eos>,13,dur,dure,11,M,P,dur,-5.7525253,dure,-8.10535,1
9071,S_NOUN_8_ADJ_a,M,S,le vase avec les cahiers qui était là depuis hier est aussi très clair <eos>,13,clair,claire,11,M,P,clair,-6.4040546,claire,-10.228328,1
9072,S_NOUN_8_ADJ_a,M,S,le vase avec les cahiers qui était là depuis hier est aussi très intéressant <eos>,13,intéressant,intéressante,11,M,P,intéressant,-5.467593,intéressante,-9.529539,1
9073,S_NOUN_8_ADJ_a,M,S,le vase avec les cahiers qui était là depuis hier est aussi très brillant <eos>,13,brillant,brillante,11,M,P,brillant,-7.629278,brillante,-11.024323,1
9074,S_NOUN_8_ADJ_a,M,S,le vase avec les cahiers qui était là depuis hier est aussi très compliqué <eos>,13,compliqué,compliquée,11,M,P,compliqué,-6.7978287,compliquée,-9.743876,1
9075,S_NOUN_8_ADJ_a,M,S,le vase avec les micros qui était là depuis hier est aussi très vert <eos>,13,vert,verte,11,M,P,vert,-10.662728,verte,-14.883867,1
9076,S_NOUN_8_ADJ_a,M,S,le vase avec les micros qui était là depuis hier est aussi très bleu <eos>,13,bleu,bleue,11,M,P,bleu,-11.555564,bleue,-17.527832,1
9077,S_NOUN_8_ADJ_a,M,S,le vase avec les micros qui était là depuis hier est aussi très noir <eos>,13,noir,noire,11,M,P,noir,-9.956249,noire,-14.624773,1
9078,S_NOUN_8_ADJ_a,M,S,le vase avec les micros qui était là depuis hier est aussi très délicat <eos>,13,délicat,délicate,11,M,P,délicat,-7.10043,délicate,-10.482953,1
9079,S_NOUN_8_ADJ_a,M,S,le vase avec les micros qui était là depuis hier est aussi très pointu <eos>,13,pointu,pointue,11,M,P,pointu,-8.2748375,pointue,-13.600184,1
9080,S_NOUN_8_ADJ_a,M,S,le vase avec les micros qui était là depuis hier est aussi très rond <eos>,13,rond,ronde,11,M,P,rond,-10.23074,ronde,-13.900546,1
9081,S_NOUN_8_ADJ_a,M,S,le vase avec les micros qui était là depuis hier est aussi très froid <eos>,13,froid,froide,11,M,P,froid,-7.625104,froide,-12.009667,1
9082,S_NOUN_8_ADJ_a,M,S,le vase avec les micros qui était là depuis hier est aussi très chaud <eos>,13,chaud,chaude,11,M,P,chaud,-6.4511538,chaude,-10.6213455,1
9083,S_NOUN_8_ADJ_a,M,S,le vase avec les micros qui était là depuis hier est aussi très important <eos>,13,important,importante,11,M,P,important,-4.533724,importante,-8.810758,1
9084,S_NOUN_8_ADJ_a,M,S,le vase avec les micros qui était là depuis hier est aussi très court <eos>,13,court,courte,11,M,P,court,-5.2734566,courte,-10.119776,1
9085,S_NOUN_8_ADJ_a,M,S,le vase avec les micros qui était là depuis hier est aussi très dur <eos>,13,dur,dure,11,M,P,dur,-4.6476984,dure,-8.00123,1
9086,S_NOUN_8_ADJ_a,M,S,le vase avec les micros qui était là depuis hier est aussi très clair <eos>,13,clair,claire,11,M,P,clair,-6.1158857,claire,-9.872964,1
9087,S_NOUN_8_ADJ_a,M,S,le vase avec les micros qui était là depuis hier est aussi très intéressant <eos>,13,intéressant,intéressante,11,M,P,intéressant,-5.9728775,intéressante,-10.199781,1
9088,S_NOUN_8_ADJ_a,M,S,le vase avec les micros qui était là depuis hier est aussi très brillant <eos>,13,brillant,brillante,11,M,P,brillant,-7.296714,brillante,-11.47794,1
9089,S_NOUN_8_ADJ_a,M,S,le vase avec les micros qui était là depuis hier est aussi très compliqué <eos>,13,compliqué,compliquée,11,M,P,compliqué,-5.7545404,compliquée,-9.36379,1
9090,S_NOUN_8_ADJ_a,M,S,le vase avec les sacs qui était là depuis hier est aussi très vert <eos>,13,vert,verte,11,M,P,vert,-10.966588,verte,-14.99379,1
9091,S_NOUN_8_ADJ_a,M,S,le vase avec les sacs qui était là depuis hier est aussi très bleu <eos>,13,bleu,bleue,11,M,P,bleu,-12.175095,bleue,-17.786175,1
9092,S_NOUN_8_ADJ_a,M,S,le vase avec les sacs qui était là depuis hier est aussi très noir <eos>,13,noir,noire,11,M,P,noir,-10.410741,noire,-14.121337,1
9093,S_NOUN_8_ADJ_a,M,S,le vase avec les sacs qui était là depuis hier est aussi très délicat <eos>,13,délicat,délicate,11,M,P,délicat,-7.3492017,délicate,-10.360645,1
9094,S_NOUN_8_ADJ_a,M,S,le vase avec les sacs qui était là depuis hier est aussi très pointu <eos>,13,pointu,pointue,11,M,P,pointu,-7.927963,pointue,-13.156721,1
9095,S_NOUN_8_ADJ_a,M,S,le vase avec les sacs qui était là depuis hier est aussi très rond <eos>,13,rond,ronde,11,M,P,rond,-10.644107,ronde,-13.449192,1
9096,S_NOUN_8_ADJ_a,M,S,le vase avec les sacs qui était là depuis hier est aussi très froid <eos>,13,froid,froide,11,M,P,froid,-7.7990093,froide,-12.0611315,1
9097,S_NOUN_8_ADJ_a,M,S,le vase avec les sacs qui était là depuis hier est aussi très chaud <eos>,13,chaud,chaude,11,M,P,chaud,-6.537188,chaude,-10.853302,1
9098,S_NOUN_8_ADJ_a,M,S,le vase avec les sacs qui était là depuis hier est aussi très important <eos>,13,important,importante,11,M,P,important,-4.1259537,importante,-8.024094,1
9099,S_NOUN_8_ADJ_a,M,S,le vase avec les sacs qui était là depuis hier est aussi très court <eos>,13,court,courte,11,M,P,court,-5.250781,courte,-9.6914015,1
9100,S_NOUN_8_ADJ_a,M,S,le vase avec les sacs qui était là depuis hier est aussi très dur <eos>,13,dur,dure,11,M,P,dur,-5.2425094,dure,-7.907928,1
9101,S_NOUN_8_ADJ_a,M,S,le vase avec les sacs qui était là depuis hier est aussi très clair <eos>,13,clair,claire,11,M,P,clair,-6.551922,claire,-10.076543,1
9102,S_NOUN_8_ADJ_a,M,S,le vase avec les sacs qui était là depuis hier est aussi très intéressant <eos>,13,intéressant,intéressante,11,M,P,intéressant,-5.7505574,intéressante,-10.193771,1
9103,S_NOUN_8_ADJ_a,M,S,le vase avec les sacs qui était là depuis hier est aussi très brillant <eos>,13,brillant,brillante,11,M,P,brillant,-8.114684,brillante,-11.853394,1
9104,S_NOUN_8_ADJ_a,M,S,le vase avec les sacs qui était là depuis hier est aussi très compliqué <eos>,13,compliqué,compliquée,11,M,P,compliqué,-6.7058,compliquée,-10.28245,1
9105,S_NOUN_8_ADJ_a,M,S,le vase avec les claviers qui était là depuis hier est aussi très vert <eos>,13,vert,verte,11,M,P,vert,-11.337654,verte,-15.085159,1
9106,S_NOUN_8_ADJ_a,M,S,le vase avec les claviers qui était là depuis hier est aussi très bleu <eos>,13,bleu,bleue,11,M,P,bleu,-12.055561,bleue,-17.509726,1
9107,S_NOUN_8_ADJ_a,M,S,le vase avec les claviers qui était là depuis hier est aussi très noir <eos>,13,noir,noire,11,M,P,noir,-10.337073,noire,-14.440511,1
9108,S_NOUN_8_ADJ_a,M,S,le vase avec les claviers qui était là depuis hier est aussi très délicat <eos>,13,délicat,délicate,11,M,P,délicat,-6.9515543,délicate,-10.448847,1
9109,S_NOUN_8_ADJ_a,M,S,le vase avec les claviers qui était là depuis hier est aussi très pointu <eos>,13,pointu,pointue,11,M,P,pointu,-8.272557,pointue,-13.567038,1
9110,S_NOUN_8_ADJ_a,M,S,le vase avec les claviers qui était là depuis hier est aussi très rond <eos>,13,rond,ronde,11,M,P,rond,-10.506849,ronde,-13.920549,1
9111,S_NOUN_8_ADJ_a,M,S,le vase avec les claviers qui était là depuis hier est aussi très froid <eos>,13,froid,froide,11,M,P,froid,-7.8653555,froide,-12.435702,1
9112,S_NOUN_8_ADJ_a,M,S,le vase avec les claviers qui était là depuis hier est aussi très chaud <eos>,13,chaud,chaude,11,M,P,chaud,-7.084485,chaude,-10.543755,1
9113,S_NOUN_8_ADJ_a,M,S,le vase avec les claviers qui était là depuis hier est aussi très important <eos>,13,important,importante,11,M,P,important,-4.4912395,importante,-8.519643,1
9114,S_NOUN_8_ADJ_a,M,S,le vase avec les claviers qui était là depuis hier est aussi très court <eos>,13,court,courte,11,M,P,court,-5.627075,courte,-9.979051,1
9115,S_NOUN_8_ADJ_a,M,S,le vase avec les claviers qui était là depuis hier est aussi très dur <eos>,13,dur,dure,11,M,P,dur,-4.6138167,dure,-8.063196,1
9116,S_NOUN_8_ADJ_a,M,S,le vase avec les claviers qui était là depuis hier est aussi très clair <eos>,13,clair,claire,11,M,P,clair,-6.378372,claire,-9.606739,1
9117,S_NOUN_8_ADJ_a,M,S,le vase avec les claviers qui était là depuis hier est aussi très intéressant <eos>,13,intéressant,intéressante,11,M,P,intéressant,-5.693044,intéressante,-9.856822,1
9118,S_NOUN_8_ADJ_a,M,S,le vase avec les claviers qui était là depuis hier est aussi très brillant <eos>,13,brillant,brillante,11,M,P,brillant,-7.4518504,brillante,-11.1026535,1
9119,S_NOUN_8_ADJ_a,M,S,le vase avec les claviers qui était là depuis hier est aussi très compliqué <eos>,13,compliqué,compliquée,11,M,P,compliqué,-6.139016,compliquée,-9.268003,1
9120,S_NOUN_8_ADJ_a,M,S,le vase avec les raisins qui était là depuis hier est aussi très vert <eos>,13,vert,verte,11,M,P,vert,-10.596177,verte,-14.945726,1
9121,S_NOUN_8_ADJ_a,M,S,le vase avec les raisins qui était là depuis hier est aussi très bleu <eos>,13,bleu,bleue,11,M,P,bleu,-12.094575,bleue,-17.888767,1
9122,S_NOUN_8_ADJ_a,M,S,le vase avec les raisins qui était là depuis hier est aussi très noir <eos>,13,noir,noire,11,M,P,noir,-10.431768,noire,-14.063132,1
9123,S_NOUN_8_ADJ_a,M,S,le vase avec les raisins qui était là depuis hier est aussi très délicat <eos>,13,délicat,délicate,11,M,P,délicat,-6.558386,délicate,-9.974778,1
9124,S_NOUN_8_ADJ_a,M,S,le vase avec les raisins qui était là depuis hier est aussi très pointu <eos>,13,pointu,pointue,11,M,P,pointu,-8.415174,pointue,-13.3385515,1
9125,S_NOUN_8_ADJ_a,M,S,le vase avec les raisins qui était là depuis hier est aussi très rond <eos>,13,rond,ronde,11,M,P,rond,-10.949745,ronde,-13.224319,1
9126,S_NOUN_8_ADJ_a,M,S,le vase avec les raisins qui était là depuis hier est aussi très froid <eos>,13,froid,froide,11,M,P,froid,-6.9556303,froide,-11.846572,1
9127,S_NOUN_8_ADJ_a,M,S,le vase avec les raisins qui était là depuis hier est aussi très chaud <eos>,13,chaud,chaude,11,M,P,chaud,-6.0124025,chaude,-10.7033205,1
9128,S_NOUN_8_ADJ_a,M,S,le vase avec les raisins qui était là depuis hier est aussi très important <eos>,13,important,importante,11,M,P,important,-4.0753107,importante,-7.7407665,1
9129,S_NOUN_8_ADJ_a,M,S,le vase avec les raisins qui était là depuis hier est aussi très court <eos>,13,court,courte,11,M,P,court,-5.1098814,courte,-10.1333,1
9130,S_NOUN_8_ADJ_a,M,S,le vase avec les raisins qui était là depuis hier est aussi très dur <eos>,13,dur,dure,11,M,P,dur,-4.6418734,dure,-7.623584,1
9131,S_NOUN_8_ADJ_a,M,S,le vase avec les raisins qui était là depuis hier est aussi très clair <eos>,13,clair,claire,11,M,P,clair,-5.877984,claire,-9.327856,1
9132,S_NOUN_8_ADJ_a,M,S,le vase avec les raisins qui était là depuis hier est aussi très intéressant <eos>,13,intéressant,intéressante,11,M,P,intéressant,-5.7865734,intéressante,-10.315245,1
9133,S_NOUN_8_ADJ_a,M,S,le vase avec les raisins qui était là depuis hier est aussi très brillant <eos>,13,brillant,brillante,11,M,P,brillant,-7.710878,brillante,-11.364489,1
9134,S_NOUN_8_ADJ_a,M,S,le vase avec les raisins qui était là depuis hier est aussi très compliqué <eos>,13,compliqué,compliquée,11,M,P,compliqué,-6.8791046,compliquée,-10.522446,1
9135,S_NOUN_8_ADJ_a,M,S,le vase avec les chargeurs qui était là depuis hier est aussi très vert <eos>,13,vert,verte,11,M,P,vert,-11.220227,verte,-15.340888,1
9136,S_NOUN_8_ADJ_a,M,S,le vase avec les chargeurs qui était là depuis hier est aussi très bleu <eos>,13,bleu,bleue,11,M,P,bleu,-12.1472845,bleue,-18.271551,1
9137,S_NOUN_8_ADJ_a,M,S,le vase avec les chargeurs qui était là depuis hier est aussi très noir <eos>,13,noir,noire,11,M,P,noir,-10.456145,noire,-14.966675,1
9138,S_NOUN_8_ADJ_a,M,S,le vase avec les chargeurs qui était là depuis hier est aussi très délicat <eos>,13,délicat,délicate,11,M,P,délicat,-7.6457367,délicate,-10.423151,1
9139,S_NOUN_8_ADJ_a,M,S,le vase avec les chargeurs qui était là depuis hier est aussi très pointu <eos>,13,pointu,pointue,11,M,P,pointu,-8.432841,pointue,-12.687052,1
9140,S_NOUN_8_ADJ_a,M,S,le vase avec les chargeurs qui était là depuis hier est aussi très rond <eos>,13,rond,ronde,11,M,P,rond,-10.496716,ronde,-13.507736,1
9141,S_NOUN_8_ADJ_a,M,S,le vase avec les chargeurs qui était là depuis hier est aussi très froid <eos>,13,froid,froide,11,M,P,froid,-7.7843137,froide,-11.84539,1
9142,S_NOUN_8_ADJ_a,M,S,le vase avec les chargeurs qui était là depuis hier est aussi très chaud <eos>,13,chaud,chaude,11,M,P,chaud,-7.1981807,chaude,-10.99321,1
9143,S_NOUN_8_ADJ_a,M,S,le vase avec les chargeurs qui était là depuis hier est aussi très important <eos>,13,important,importante,11,M,P,important,-3.6798077,importante,-7.6614294,1
9144,S_NOUN_8_ADJ_a,M,S,le vase avec les chargeurs qui était là depuis hier est aussi très court <eos>,13,court,courte,11,M,P,court,-4.6566334,courte,-9.036252,1
9145,S_NOUN_8_ADJ_a,M,S,le vase avec les chargeurs qui était là depuis hier est aussi très dur <eos>,13,dur,dure,11,M,P,dur,-5.1418157,dure,-8.699251,1
9146,S_NOUN_8_ADJ_a,M,S,le vase avec les chargeurs qui était là depuis hier est aussi très clair <eos>,13,clair,claire,11,M,P,clair,-7.1117926,claire,-10.908383,1
9147,S_NOUN_8_ADJ_a,M,S,le vase avec les chargeurs qui était là depuis hier est aussi très intéressant <eos>,13,intéressant,intéressante,11,M,P,intéressant,-5.846802,intéressante,-9.835528,1
9148,S_NOUN_8_ADJ_a,M,S,le vase avec les chargeurs qui était là depuis hier est aussi très brillant <eos>,13,brillant,brillante,11,M,P,brillant,-8.135601,brillante,-11.9286,1
9149,S_NOUN_8_ADJ_a,M,S,le vase avec les chargeurs qui était là depuis hier est aussi très compliqué <eos>,13,compliqué,compliquée,11,M,P,compliqué,-6.157792,compliquée,-9.762291,1
9150,S_NOUN_8_ADJ_a,M,S,le vase avec les vases qui était là depuis hier est aussi très vert <eos>,13,vert,verte,11,M,P,vert,-10.983906,verte,-14.643353,1
9151,S_NOUN_8_ADJ_a,M,S,le vase avec les vases qui était là depuis hier est aussi très bleu <eos>,13,bleu,bleue,11,M,P,bleu,-12.079651,bleue,-17.340366,1
9152,S_NOUN_8_ADJ_a,M,S,le vase avec les vases qui était là depuis hier est aussi très noir <eos>,13,noir,noire,11,M,P,noir,-10.791505,noire,-13.908688,1
9153,S_NOUN_8_ADJ_a,M,S,le vase avec les vases qui était là depuis hier est aussi très délicat <eos>,13,délicat,délicate,11,M,P,délicat,-7.215756,délicate,-10.527058,1
9154,S_NOUN_8_ADJ_a,M,S,le vase avec les vases qui était là depuis hier est aussi très pointu <eos>,13,pointu,pointue,11,M,P,pointu,-8.134331,pointue,-13.124361,1
9155,S_NOUN_8_ADJ_a,M,S,le vase avec les vases qui était là depuis hier est aussi très rond <eos>,13,rond,ronde,11,M,P,rond,-10.592582,ronde,-13.249218,1
9156,S_NOUN_8_ADJ_a,M,S,le vase avec les vases qui était là depuis hier est aussi très froid <eos>,13,froid,froide,11,M,P,froid,-8.547082,froide,-12.334932,1
9157,S_NOUN_8_ADJ_a,M,S,le vase avec les vases qui était là depuis hier est aussi très chaud <eos>,13,chaud,chaude,11,M,P,chaud,-7.1511946,chaude,-11.184708,1
9158,S_NOUN_8_ADJ_a,M,S,le vase avec les vases qui était là depuis hier est aussi très important <eos>,13,important,importante,11,M,P,important,-4.528185,importante,-8.392438,1
9159,S_NOUN_8_ADJ_a,M,S,le vase avec les vases qui était là depuis hier est aussi très court <eos>,13,court,courte,11,M,P,court,-5.1970882,courte,-9.859846,1
9160,S_NOUN_8_ADJ_a,M,S,le vase avec les vases qui était là depuis hier est aussi très dur <eos>,13,dur,dure,11,M,P,dur,-5.3732233,dure,-8.052116,1
9161,S_NOUN_8_ADJ_a,M,S,le vase avec les vases qui était là depuis hier est aussi très clair <eos>,13,clair,claire,11,M,P,clair,-6.2212863,claire,-9.760822,1
9162,S_NOUN_8_ADJ_a,M,S,le vase avec les vases qui était là depuis hier est aussi très intéressant <eos>,13,intéressant,intéressante,11,M,P,intéressant,-5.776417,intéressante,-10.303653,1
9163,S_NOUN_8_ADJ_a,M,S,le vase avec les vases qui était là depuis hier est aussi très brillant <eos>,13,brillant,brillante,11,M,P,brillant,-7.7361107,brillante,-11.147296,1
9164,S_NOUN_8_ADJ_a,M,S,le vase avec les vases qui était là depuis hier est aussi très compliqué <eos>,13,compliqué,compliquée,11,M,P,compliqué,-6.9392767,compliquée,-10.42395,1
9165,S_NOUN_8_ADJ_a,M,S,le vase avec les paniers qui était là depuis hier est aussi très vert <eos>,13,vert,verte,11,M,P,vert,-10.933248,verte,-14.665708,1
9166,S_NOUN_8_ADJ_a,M,S,le vase avec les paniers qui était là depuis hier est aussi très bleu <eos>,13,bleu,bleue,11,M,P,bleu,-11.932782,bleue,-17.315512,1
9167,S_NOUN_8_ADJ_a,M,S,le vase avec les paniers qui était là depuis hier est aussi très noir <eos>,13,noir,noire,11,M,P,noir,-10.418915,noire,-13.637008,1
9168,S_NOUN_8_ADJ_a,M,S,le vase avec les paniers qui était là depuis hier est aussi très délicat <eos>,13,délicat,délicate,11,M,P,délicat,-7.2264934,délicate,-10.66403,1
9169,S_NOUN_8_ADJ_a,M,S,le vase avec les paniers qui était là depuis hier est aussi très pointu <eos>,13,pointu,pointue,11,M,P,pointu,-7.499444,pointue,-12.487396,1
9170,S_NOUN_8_ADJ_a,M,S,le vase avec les paniers qui était là depuis hier est aussi très rond <eos>,13,rond,ronde,11,M,P,rond,-10.228241,ronde,-12.921693,1
9171,S_NOUN_8_ADJ_a,M,S,le vase avec les paniers qui était là depuis hier est aussi très froid <eos>,13,froid,froide,11,M,P,froid,-8.440757,froide,-12.306215,1
9172,S_NOUN_8_ADJ_a,M,S,le vase avec les paniers qui était là depuis hier est aussi très chaud <eos>,13,chaud,chaude,11,M,P,chaud,-6.978353,chaude,-11.313787,1
9173,S_NOUN_8_ADJ_a,M,S,le vase avec les paniers qui était là depuis hier est aussi très important <eos>,13,important,importante,11,M,P,important,-4.700422,importante,-8.648529,1
9174,S_NOUN_8_ADJ_a,M,S,le vase avec les paniers qui était là depuis hier est aussi très court <eos>,13,court,courte,11,M,P,court,-4.7631707,courte,-9.280125,1
9175,S_NOUN_8_ADJ_a,M,S,le vase avec les paniers qui était là depuis hier est aussi très dur <eos>,13,dur,dure,11,M,P,dur,-5.1751184,dure,-8.024274,1
9176,S_NOUN_8_ADJ_a,M,S,le vase avec les paniers qui était là depuis hier est aussi très clair <eos>,13,clair,claire,11,M,P,clair,-6.335264,claire,-9.818941,1
9177,S_NOUN_8_ADJ_a,M,S,le vase avec les paniers qui était là depuis hier est aussi très intéressant <eos>,13,intéressant,intéressante,11,M,P,intéressant,-5.892985,intéressante,-10.275357,1
9178,S_NOUN_8_ADJ_a,M,S,le vase avec les paniers qui était là depuis hier est aussi très brillant <eos>,13,brillant,brillante,11,M,P,brillant,-7.9903316,brillante,-11.608804,1
9179,S_NOUN_8_ADJ_a,M,S,le vase avec les paniers qui était là depuis hier est aussi très compliqué <eos>,13,compliqué,compliquée,11,M,P,compliqué,-6.3731995,compliquée,-9.975076,1
9180,S_NOUN_8_ADJ_a,M,S,le vase avec les colliers qui était là depuis hier est aussi très vert <eos>,13,vert,verte,11,M,P,vert,-11.038669,verte,-14.691402,1
9181,S_NOUN_8_ADJ_a,M,S,le vase avec les colliers qui était là depuis hier est aussi très bleu <eos>,13,bleu,bleue,11,M,P,bleu,-12.037715,bleue,-17.333094,1
9182,S_NOUN_8_ADJ_a,M,S,le vase avec les colliers qui était là depuis hier est aussi très noir <eos>,13,noir,noire,11,M,P,noir,-10.714477,noire,-13.779521,1
9183,S_NOUN_8_ADJ_a,M,S,le vase avec les colliers qui était là depuis hier est aussi très délicat <eos>,13,délicat,délicate,11,M,P,délicat,-7.2676067,délicate,-10.263583,1
9184,S_NOUN_8_ADJ_a,M,S,le vase avec les colliers qui était là depuis hier est aussi très pointu <eos>,13,pointu,pointue,11,M,P,pointu,-7.7559247,pointue,-12.416149,1
9185,S_NOUN_8_ADJ_a,M,S,le vase avec les colliers qui était là depuis hier est aussi très rond <eos>,13,rond,ronde,11,M,P,rond,-10.641653,ronde,-13.156878,1
9186,S_NOUN_8_ADJ_a,M,S,le vase avec les colliers qui était là depuis hier est aussi très froid <eos>,13,froid,froide,11,M,P,froid,-8.8731985,froide,-12.315106,1
9187,S_NOUN_8_ADJ_a,M,S,le vase avec les colliers qui était là depuis hier est aussi très chaud <eos>,13,chaud,chaude,11,M,P,chaud,-7.6772156,chaude,-11.437445,1
9188,S_NOUN_8_ADJ_a,M,S,le vase avec les colliers qui était là depuis hier est aussi très important <eos>,13,important,importante,11,M,P,important,-4.5683775,importante,-8.288915,1
9189,S_NOUN_8_ADJ_a,M,S,le vase avec les colliers qui était là depuis hier est aussi très court <eos>,13,court,courte,11,M,P,court,-4.917384,courte,-9.135096,1
9190,S_NOUN_8_ADJ_a,M,S,le vase avec les colliers qui était là depuis hier est aussi très dur <eos>,13,dur,dure,11,M,P,dur,-5.3554306,dure,-8.036044,1
9191,S_NOUN_8_ADJ_a,M,S,le vase avec les colliers qui était là depuis hier est aussi très clair <eos>,13,clair,claire,11,M,P,clair,-6.30607,claire,-9.841015,1
9192,S_NOUN_8_ADJ_a,M,S,le vase avec les colliers qui était là depuis hier est aussi très intéressant <eos>,13,intéressant,intéressante,11,M,P,intéressant,-5.8834395,intéressante,-10.230719,1
9193,S_NOUN_8_ADJ_a,M,S,le vase avec les colliers qui était là depuis hier est aussi très brillant <eos>,13,brillant,brillante,11,M,P,brillant,-7.8093104,brillante,-11.122713,1
9194,S_NOUN_8_ADJ_a,M,S,le vase avec les colliers qui était là depuis hier est aussi très compliqué <eos>,13,compliqué,compliquée,11,M,P,compliqué,-6.390792,compliquée,-9.902615,1
9195,S_NOUN_8_ADJ_a,M,S,le vase avec les chapeaux qui était là depuis hier est aussi très vert <eos>,13,vert,verte,11,M,P,vert,-10.726524,verte,-14.541676,1
9196,S_NOUN_8_ADJ_a,M,S,le vase avec les chapeaux qui était là depuis hier est aussi très bleu <eos>,13,bleu,bleue,11,M,P,bleu,-11.49864,bleue,-17.104792,1
9197,S_NOUN_8_ADJ_a,M,S,le vase avec les chapeaux qui était là depuis hier est aussi très noir <eos>,13,noir,noire,11,M,P,noir,-10.03939,noire,-13.76215,1
9198,S_NOUN_8_ADJ_a,M,S,le vase avec les chapeaux qui était là depuis hier est aussi très délicat <eos>,13,délicat,délicate,11,M,P,délicat,-7.3533287,délicate,-11.058289,1
9199,S_NOUN_8_ADJ_a,M,S,le vase avec les chapeaux qui était là depuis hier est aussi très pointu <eos>,13,pointu,pointue,11,M,P,pointu,-7.89248,pointue,-13.082754,1
9200,S_NOUN_8_ADJ_a,M,S,le vase avec les chapeaux qui était là depuis hier est aussi très rond <eos>,13,rond,ronde,11,M,P,rond,-10.291281,ronde,-13.334656,1
9201,S_NOUN_8_ADJ_a,M,S,le vase avec les chapeaux qui était là depuis hier est aussi très froid <eos>,13,froid,froide,11,M,P,froid,-8.368501,froide,-12.430742,1
9202,S_NOUN_8_ADJ_a,M,S,le vase avec les chapeaux qui était là depuis hier est aussi très chaud <eos>,13,chaud,chaude,11,M,P,chaud,-7.1247807,chaude,-11.307839,1
9203,S_NOUN_8_ADJ_a,M,S,le vase avec les chapeaux qui était là depuis hier est aussi très important <eos>,13,important,importante,11,M,P,important,-4.720928,importante,-8.833495,1
9204,S_NOUN_8_ADJ_a,M,S,le vase avec les chapeaux qui était là depuis hier est aussi très court <eos>,13,court,courte,11,M,P,court,-4.8896666,courte,-9.539177,1
9205,S_NOUN_8_ADJ_a,M,S,le vase avec les chapeaux qui était là depuis hier est aussi très dur <eos>,13,dur,dure,11,M,P,dur,-5.676665,dure,-8.387264,1
9206,S_NOUN_8_ADJ_a,M,S,le vase avec les chapeaux qui était là depuis hier est aussi très clair <eos>,13,clair,claire,11,M,P,clair,-6.398818,claire,-10.056879,1
9207,S_NOUN_8_ADJ_a,M,S,le vase avec les chapeaux qui était là depuis hier est aussi très intéressant <eos>,13,intéressant,intéressante,11,M,P,intéressant,-6.027998,intéressante,-10.375496,1
9208,S_NOUN_8_ADJ_a,M,S,le vase avec les chapeaux qui était là depuis hier est aussi très brillant <eos>,13,brillant,brillante,11,M,P,brillant,-7.910937,brillante,-11.515017,1
9209,S_NOUN_8_ADJ_a,M,S,le vase avec les chapeaux qui était là depuis hier est aussi très compliqué <eos>,13,compliqué,compliquée,11,M,P,compliqué,-6.5989094,compliquée,-10.63257,1
9210,S_NOUN_8_ADJ_a,M,S,le vase avec les pots qui était là depuis hier est aussi très vert <eos>,13,vert,verte,11,M,P,vert,-10.670677,verte,-14.803879,1
9211,S_NOUN_8_ADJ_a,M,S,le vase avec les pots qui était là depuis hier est aussi très bleu <eos>,13,bleu,bleue,11,M,P,bleu,-12.056638,bleue,-17.829775,1
9212,S_NOUN_8_ADJ_a,M,S,le vase avec les pots qui était là depuis hier est aussi très noir <eos>,13,noir,noire,11,M,P,noir,-10.489319,noire,-14.262672,1
9213,S_NOUN_8_ADJ_a,M,S,le vase avec les pots qui était là depuis hier est aussi très délicat <eos>,13,délicat,délicate,11,M,P,délicat,-7.008161,délicate,-10.189203,1
9214,S_NOUN_8_ADJ_a,M,S,le vase avec les pots qui était là depuis hier est aussi très pointu <eos>,13,pointu,pointue,11,M,P,pointu,-8.184765,pointue,-13.074159,1
9215,S_NOUN_8_ADJ_a,M,S,le vase avec les pots qui était là depuis hier est aussi très rond <eos>,13,rond,ronde,11,M,P,rond,-10.510273,ronde,-12.97597,1
9216,S_NOUN_8_ADJ_a,M,S,le vase avec les pots qui était là depuis hier est aussi très froid <eos>,13,froid,froide,11,M,P,froid,-7.7843266,froide,-11.670263,1
9217,S_NOUN_8_ADJ_a,M,S,le vase avec les pots qui était là depuis hier est aussi très chaud <eos>,13,chaud,chaude,11,M,P,chaud,-6.250043,chaude,-10.34612,1
9218,S_NOUN_8_ADJ_a,M,S,le vase avec les pots qui était là depuis hier est aussi très important <eos>,13,important,importante,11,M,P,important,-4.339407,importante,-8.064958,1
9219,S_NOUN_8_ADJ_a,M,S,le vase avec les pots qui était là depuis hier est aussi très court <eos>,13,court,courte,11,M,P,court,-5.440777,courte,-9.871708,1
9220,S_NOUN_8_ADJ_a,M,S,le vase avec les pots qui était là depuis hier est aussi très dur <eos>,13,dur,dure,11,M,P,dur,-5.0924873,dure,-7.9316425,1
9221,S_NOUN_8_ADJ_a,M,S,le vase avec les pots qui était là depuis hier est aussi très clair <eos>,13,clair,claire,11,M,P,clair,-6.544335,claire,-10.000999,1
9222,S_NOUN_8_ADJ_a,M,S,le vase avec les pots qui était là depuis hier est aussi très intéressant <eos>,13,intéressant,intéressante,11,M,P,intéressant,-5.7974224,intéressante,-10.053662,1
9223,S_NOUN_8_ADJ_a,M,S,le vase avec les pots qui était là depuis hier est aussi très brillant <eos>,13,brillant,brillante,11,M,P,brillant,-7.651015,brillante,-11.158356,1
9224,S_NOUN_8_ADJ_a,M,S,le vase avec les pots qui était là depuis hier est aussi très compliqué <eos>,13,compliqué,compliquée,11,M,P,compliqué,-6.758666,compliquée,-10.255824,1
9225,S_NOUN_8_ADJ_a,M,S,le vase avec les coussins qui était là depuis hier est aussi très vert <eos>,13,vert,verte,11,M,P,vert,-10.897305,verte,-14.80257,1
9226,S_NOUN_8_ADJ_a,M,S,le vase avec les coussins qui était là depuis hier est aussi très bleu <eos>,13,bleu,bleue,11,M,P,bleu,-11.924701,bleue,-17.461775,1
9227,S_NOUN_8_ADJ_a,M,S,le vase avec les coussins qui était là depuis hier est aussi très noir <eos>,13,noir,noire,11,M,P,noir,-10.417371,noire,-14.245951,1
9228,S_NOUN_8_ADJ_a,M,S,le vase avec les coussins qui était là depuis hier est aussi très délicat <eos>,13,délicat,délicate,11,M,P,délicat,-7.532037,délicate,-10.909174,1
9229,S_NOUN_8_ADJ_a,M,S,le vase avec les coussins qui était là depuis hier est aussi très pointu <eos>,13,pointu,pointue,11,M,P,pointu,-7.767001,pointue,-12.751042,1
9230,S_NOUN_8_ADJ_a,M,S,le vase avec les coussins qui était là depuis hier est aussi très rond <eos>,13,rond,ronde,11,M,P,rond,-10.374214,ronde,-13.185026,1
9231,S_NOUN_8_ADJ_a,M,S,le vase avec les coussins qui était là depuis hier est aussi très froid <eos>,13,froid,froide,11,M,P,froid,-8.430523,froide,-12.092026,1
9232,S_NOUN_8_ADJ_a,M,S,le vase avec les coussins qui était là depuis hier est aussi très chaud <eos>,13,chaud,chaude,11,M,P,chaud,-7.1017885,chaude,-10.864127,1
9233,S_NOUN_8_ADJ_a,M,S,le vase avec les coussins qui était là depuis hier est aussi très important <eos>,13,important,importante,11,M,P,important,-4.606428,importante,-8.571401,1
9234,S_NOUN_8_ADJ_a,M,S,le vase avec les coussins qui était là depuis hier est aussi très court <eos>,13,court,courte,11,M,P,court,-5.0132008,courte,-9.632143,1
9235,S_NOUN_8_ADJ_a,M,S,le vase avec les coussins qui était là depuis hier est aussi très dur <eos>,13,dur,dure,11,M,P,dur,-5.4876285,dure,-8.201244,1
9236,S_NOUN_8_ADJ_a,M,S,le vase avec les coussins qui était là depuis hier est aussi très clair <eos>,13,clair,claire,11,M,P,clair,-6.759331,claire,-10.094059,1
9237,S_NOUN_8_ADJ_a,M,S,le vase avec les coussins qui était là depuis hier est aussi très intéressant <eos>,13,intéressant,intéressante,11,M,P,intéressant,-5.911629,intéressante,-10.003725,1
9238,S_NOUN_8_ADJ_a,M,S,le vase avec les coussins qui était là depuis hier est aussi très brillant <eos>,13,brillant,brillante,11,M,P,brillant,-8.065814,brillante,-11.762658,1
9239,S_NOUN_8_ADJ_a,M,S,le vase avec les coussins qui était là depuis hier est aussi très compliqué <eos>,13,compliqué,compliquée,11,M,P,compliqué,-6.3209333,compliquée,-9.858491,1
9240,S_NOUN_8_ADJ_a,M,S,le vase avec les jouets qui était là depuis hier est aussi très vert <eos>,13,vert,verte,11,M,P,vert,-11.006564,verte,-14.594407,1
9241,S_NOUN_8_ADJ_a,M,S,le vase avec les jouets qui était là depuis hier est aussi très bleu <eos>,13,bleu,bleue,11,M,P,bleu,-11.956316,bleue,-17.606287,1
9242,S_NOUN_8_ADJ_a,M,S,le vase avec les jouets qui était là depuis hier est aussi très noir <eos>,13,noir,noire,11,M,P,noir,-10.006089,noire,-14.651866,1
9243,S_NOUN_8_ADJ_a,M,S,le vase avec les jouets qui était là depuis hier est aussi très délicat <eos>,13,délicat,délicate,11,M,P,délicat,-7.740959,délicate,-11.111294,1
9244,S_NOUN_8_ADJ_a,M,S,le vase avec les jouets qui était là depuis hier est aussi très pointu <eos>,13,pointu,pointue,11,M,P,pointu,-8.318401,pointue,-14.012242,1
9245,S_NOUN_8_ADJ_a,M,S,le vase avec les jouets qui était là depuis hier est aussi très rond <eos>,13,rond,ronde,11,M,P,rond,-10.990907,ronde,-14.815469,1
9246,S_NOUN_8_ADJ_a,M,S,le vase avec les jouets qui était là depuis hier est aussi très froid <eos>,13,froid,froide,11,M,P,froid,-7.8093176,froide,-12.304219,1
9247,S_NOUN_8_ADJ_a,M,S,le vase avec les jouets qui était là depuis hier est aussi très chaud <eos>,13,chaud,chaude,11,M,P,chaud,-6.9193254,chaude,-11.065071,1
9248,S_NOUN_8_ADJ_a,M,S,le vase avec les jouets qui était là depuis hier est aussi très important <eos>,13,important,importante,11,M,P,important,-4.3302493,importante,-8.248037,1
9249,S_NOUN_8_ADJ_a,M,S,le vase avec les jouets qui était là depuis hier est aussi très court <eos>,13,court,courte,11,M,P,court,-5.527359,courte,-10.345144,1
9250,S_NOUN_8_ADJ_a,M,S,le vase avec les jouets qui était là depuis hier est aussi très dur <eos>,13,dur,dure,11,M,P,dur,-5.672228,dure,-8.463283,1
9251,S_NOUN_8_ADJ_a,M,S,le vase avec les jouets qui était là depuis hier est aussi très clair <eos>,13,clair,claire,11,M,P,clair,-6.7787876,claire,-9.997438,1
9252,S_NOUN_8_ADJ_a,M,S,le vase avec les jouets qui était là depuis hier est aussi très intéressant <eos>,13,intéressant,intéressante,11,M,P,intéressant,-5.7509604,intéressante,-9.964703,1
9253,S_NOUN_8_ADJ_a,M,S,le vase avec les jouets qui était là depuis hier est aussi très brillant <eos>,13,brillant,brillante,11,M,P,brillant,-7.959198,brillante,-11.575724,1
9254,S_NOUN_8_ADJ_a,M,S,le vase avec les jouets qui était là depuis hier est aussi très compliqué <eos>,13,compliqué,compliquée,11,M,P,compliqué,-6.6005707,compliquée,-10.065605,1
9255,S_NOUN_8_ADJ_a,M,S,le vase avec les clous qui était là depuis hier est aussi très vert <eos>,13,vert,verte,11,M,P,vert,-10.669616,verte,-14.938397,1
9256,S_NOUN_8_ADJ_a,M,S,le vase avec les clous qui était là depuis hier est aussi très bleu <eos>,13,bleu,bleue,11,M,P,bleu,-11.9176445,bleue,-17.508198,1
9257,S_NOUN_8_ADJ_a,M,S,le vase avec les clous qui était là depuis hier est aussi très noir <eos>,13,noir,noire,11,M,P,noir,-10.460661,noire,-14.030046,1
9258,S_NOUN_8_ADJ_a,M,S,le vase avec les clous qui était là depuis hier est aussi très délicat <eos>,13,délicat,délicate,11,M,P,délicat,-6.8644795,délicate,-10.129656,1
9259,S_NOUN_8_ADJ_a,M,S,le vase avec les clous qui était là depuis hier est aussi très pointu <eos>,13,pointu,pointue,11,M,P,pointu,-7.685466,pointue,-12.687631,1
9260,S_NOUN_8_ADJ_a,M,S,le vase avec les clous qui était là depuis hier est aussi très rond <eos>,13,rond,ronde,11,M,P,rond,-10.483407,ronde,-13.036428,1
9261,S_NOUN_8_ADJ_a,M,S,le vase avec les clous qui était là depuis hier est aussi très froid <eos>,13,froid,froide,11,M,P,froid,-7.90617,froide,-11.803743,1
9262,S_NOUN_8_ADJ_a,M,S,le vase avec les clous qui était là depuis hier est aussi très chaud <eos>,13,chaud,chaude,11,M,P,chaud,-6.9333963,chaude,-11.098954,1
9263,S_NOUN_8_ADJ_a,M,S,le vase avec les clous qui était là depuis hier est aussi très important <eos>,13,important,importante,11,M,P,important,-4.4741206,importante,-8.455366,1
9264,S_NOUN_8_ADJ_a,M,S,le vase avec les clous qui était là depuis hier est aussi très court <eos>,13,court,courte,11,M,P,court,-4.8350067,courte,-9.553875,1
9265,S_NOUN_8_ADJ_a,M,S,le vase avec les clous qui était là depuis hier est aussi très dur <eos>,13,dur,dure,11,M,P,dur,-4.8141375,dure,-7.872877,1
9266,S_NOUN_8_ADJ_a,M,S,le vase avec les clous qui était là depuis hier est aussi très clair <eos>,13,clair,claire,11,M,P,clair,-6.2738333,claire,-9.824877,1
9267,S_NOUN_8_ADJ_a,M,S,le vase avec les clous qui était là depuis hier est aussi très intéressant <eos>,13,intéressant,intéressante,11,M,P,intéressant,-5.6934204,intéressante,-10.22765,1
9268,S_NOUN_8_ADJ_a,M,S,le vase avec les clous qui était là depuis hier est aussi très brillant <eos>,13,brillant,brillante,11,M,P,brillant,-7.9484415,brillante,-11.558403,1
9269,S_NOUN_8_ADJ_a,M,S,le vase avec les clous qui était là depuis hier est aussi très compliqué <eos>,13,compliqué,compliquée,11,M,P,compliqué,-6.4823713,compliquée,-9.9660845,1
9270,S_NOUN_8_ADJ_a,M,S,le vase avec les billets qui était là depuis hier est aussi très vert <eos>,13,vert,verte,11,M,P,vert,-10.732658,verte,-14.780065,1
9271,S_NOUN_8_ADJ_a,M,S,le vase avec les billets qui était là depuis hier est aussi très bleu <eos>,13,bleu,bleue,11,M,P,bleu,-11.450646,bleue,-17.974308,1
9272,S_NOUN_8_ADJ_a,M,S,le vase avec les billets qui était là depuis hier est aussi très noir <eos>,13,noir,noire,11,M,P,noir,-9.878883,noire,-14.77052,1
9273,S_NOUN_8_ADJ_a,M,S,le vase avec les billets qui était là depuis hier est aussi très délicat <eos>,13,délicat,délicate,11,M,P,délicat,-7.5515995,délicate,-11.041355,1
9274,S_NOUN_8_ADJ_a,M,S,le vase avec les billets qui était là depuis hier est aussi très pointu <eos>,13,pointu,pointue,11,M,P,pointu,-9.1567135,pointue,-13.940012,1
9275,S_NOUN_8_ADJ_a,M,S,le vase avec les billets qui était là depuis hier est aussi très rond <eos>,13,rond,ronde,11,M,P,rond,-11.009073,ronde,-14.493834,1
9276,S_NOUN_8_ADJ_a,M,S,le vase avec les billets qui était là depuis hier est aussi très froid <eos>,13,froid,froide,11,M,P,froid,-8.543864,froide,-12.8298435,1
9277,S_NOUN_8_ADJ_a,M,S,le vase avec les billets qui était là depuis hier est aussi très chaud <eos>,13,chaud,chaude,11,M,P,chaud,-7.515228,chaude,-11.294952,1
9278,S_NOUN_8_ADJ_a,M,S,le vase avec les billets qui était là depuis hier est aussi très important <eos>,13,important,importante,11,M,P,important,-3.9111102,importante,-7.9144783,1
9279,S_NOUN_8_ADJ_a,M,S,le vase avec les billets qui était là depuis hier est aussi très court <eos>,13,court,courte,11,M,P,court,-4.812077,courte,-9.357809,1
9280,S_NOUN_8_ADJ_a,M,S,le vase avec les billets qui était là depuis hier est aussi très dur <eos>,13,dur,dure,11,M,P,dur,-6.0866065,dure,-9.280046,1
9281,S_NOUN_8_ADJ_a,M,S,le vase avec les billets qui était là depuis hier est aussi très clair <eos>,13,clair,claire,11,M,P,clair,-6.7702312,claire,-10.444048,1
9282,S_NOUN_8_ADJ_a,M,S,le vase avec les billets qui était là depuis hier est aussi très intéressant <eos>,13,intéressant,intéressante,11,M,P,intéressant,-5.72046,intéressante,-9.440924,1
9283,S_NOUN_8_ADJ_a,M,S,le vase avec les billets qui était là depuis hier est aussi très brillant <eos>,13,brillant,brillante,11,M,P,brillant,-8.288747,brillante,-11.923746,1
9284,S_NOUN_8_ADJ_a,M,S,le vase avec les billets qui était là depuis hier est aussi très compliqué <eos>,13,compliqué,compliquée,11,M,P,compliqué,-6.4994264,compliquée,-10.488752,1
9285,S_NOUN_8_ADJ_a,M,S,le vase avec les légumes qui était là depuis hier est aussi très vert <eos>,13,vert,verte,11,M,P,vert,-10.770782,verte,-14.779509,1
9286,S_NOUN_8_ADJ_a,M,S,le vase avec les légumes qui était là depuis hier est aussi très bleu <eos>,13,bleu,bleue,11,M,P,bleu,-12.113136,bleue,-17.608908,1
9287,S_NOUN_8_ADJ_a,M,S,le vase avec les légumes qui était là depuis hier est aussi très noir <eos>,13,noir,noire,11,M,P,noir,-10.394922,noire,-14.202475,1
9288,S_NOUN_8_ADJ_a,M,S,le vase avec les légumes qui était là depuis hier est aussi très délicat <eos>,13,délicat,délicate,11,M,P,délicat,-6.894712,délicate,-10.242886,1
9289,S_NOUN_8_ADJ_a,M,S,le vase avec les légumes qui était là depuis hier est aussi très pointu <eos>,13,pointu,pointue,11,M,P,pointu,-8.129768,pointue,-13.544048,1
9290,S_NOUN_8_ADJ_a,M,S,le vase avec les légumes qui était là depuis hier est aussi très rond <eos>,13,rond,ronde,11,M,P,rond,-10.707573,ronde,-13.576637,1
9291,S_NOUN_8_ADJ_a,M,S,le vase avec les légumes qui était là depuis hier est aussi très froid <eos>,13,froid,froide,11,M,P,froid,-7.0485463,froide,-11.5084915,1
9292,S_NOUN_8_ADJ_a,M,S,le vase avec les légumes qui était là depuis hier est aussi très chaud <eos>,13,chaud,chaude,11,M,P,chaud,-6.11897,chaude,-10.283032,1
9293,S_NOUN_8_ADJ_a,M,S,le vase avec les légumes qui était là depuis hier est aussi très important <eos>,13,important,importante,11,M,P,important,-4.190059,importante,-7.8942018,1
9294,S_NOUN_8_ADJ_a,M,S,le vase avec les légumes qui était là depuis hier est aussi très court <eos>,13,court,courte,11,M,P,court,-5.543598,courte,-10.160435,1
9295,S_NOUN_8_ADJ_a,M,S,le vase avec les légumes qui était là depuis hier est aussi très dur <eos>,13,dur,dure,11,M,P,dur,-5.2714787,dure,-7.78848,1
9296,S_NOUN_8_ADJ_a,M,S,le vase avec les légumes qui était là depuis hier est aussi très clair <eos>,13,clair,claire,11,M,P,clair,-6.2602305,claire,-9.759682,1
9297,S_NOUN_8_ADJ_a,M,S,le vase avec les légumes qui était là depuis hier est aussi très intéressant <eos>,13,intéressant,intéressante,11,M,P,intéressant,-5.968603,intéressante,-10.453182,1
9298,S_NOUN_8_ADJ_a,M,S,le vase avec les légumes qui était là depuis hier est aussi très brillant <eos>,13,brillant,brillante,11,M,P,brillant,-8.00967,brillante,-11.646648,1
9299,S_NOUN_8_ADJ_a,M,S,le vase avec les légumes qui était là depuis hier est aussi très compliqué <eos>,13,compliqué,compliquée,11,M,P,compliqué,-7.084015,compliquée,-10.804558,1
9300,S_NOUN_8_ADJ_a,M,S,le panier avec les bracelets qui était là depuis hier est aussi très vert <eos>,13,vert,verte,11,M,P,vert,-9.944258,verte,-14.376424,1
9301,S_NOUN_8_ADJ_a,M,S,le panier avec les bracelets qui était là depuis hier est aussi très bleu <eos>,13,bleu,bleue,11,M,P,bleu,-10.7396,bleue,-16.748089,1
9302,S_NOUN_8_ADJ_a,M,S,le panier avec les bracelets qui était là depuis hier est aussi très noir <eos>,13,noir,noire,11,M,P,noir,-9.335763,noire,-13.617214,1
9303,S_NOUN_8_ADJ_a,M,S,le panier avec les bracelets qui était là depuis hier est aussi très délicat <eos>,13,délicat,délicate,11,M,P,délicat,-7.0565586,délicate,-10.167027,1
9304,S_NOUN_8_ADJ_a,M,S,le panier avec les bracelets qui était là depuis hier est aussi très pointu <eos>,13,pointu,pointue,11,M,P,pointu,-7.825405,pointue,-12.832242,1
9305,S_NOUN_8_ADJ_a,M,S,le panier avec les bracelets qui était là depuis hier est aussi très rond <eos>,13,rond,ronde,11,M,P,rond,-9.792389,ronde,-12.64856,1
9306,S_NOUN_8_ADJ_a,M,S,le panier avec les bracelets qui était là depuis hier est aussi très froid <eos>,13,froid,froide,11,M,P,froid,-8.208333,froide,-12.431209,1
9307,S_NOUN_8_ADJ_a,M,S,le panier avec les bracelets qui était là depuis hier est aussi très chaud <eos>,13,chaud,chaude,11,M,P,chaud,-6.976962,chaude,-11.188392,1
9308,S_NOUN_8_ADJ_a,M,S,le panier avec les bracelets qui était là depuis hier est aussi très important <eos>,13,important,importante,11,M,P,important,-4.749982,importante,-8.8422985,1
9309,S_NOUN_8_ADJ_a,M,S,le panier avec les bracelets qui était là depuis hier est aussi très court <eos>,13,court,courte,11,M,P,court,-4.8814692,courte,-9.55941,1
9310,S_NOUN_8_ADJ_a,M,S,le panier avec les bracelets qui était là depuis hier est aussi très dur <eos>,13,dur,dure,11,M,P,dur,-5.3859673,dure,-8.72538,1
9311,S_NOUN_8_ADJ_a,M,S,le panier avec les bracelets qui était là depuis hier est aussi très clair <eos>,13,clair,claire,11,M,P,clair,-6.157115,claire,-9.842063,1
9312,S_NOUN_8_ADJ_a,M,S,le panier avec les bracelets qui était là depuis hier est aussi très intéressant <eos>,13,intéressant,intéressante,11,M,P,intéressant,-6.09624,intéressante,-10.1230545,1
9313,S_NOUN_8_ADJ_a,M,S,le panier avec les bracelets qui était là depuis hier est aussi très brillant <eos>,13,brillant,brillante,11,M,P,brillant,-7.626391,brillante,-11.587673,1
9314,S_NOUN_8_ADJ_a,M,S,le panier avec les bracelets qui était là depuis hier est aussi très compliqué <eos>,13,compliqué,compliquée,11,M,P,compliqué,-6.145236,compliquée,-10.159351,1
9315,S_NOUN_8_ADJ_a,M,S,le panier avec les miroirs qui était là depuis hier est aussi très vert <eos>,13,vert,verte,11,M,P,vert,-9.721775,verte,-14.376734,1
9316,S_NOUN_8_ADJ_a,M,S,le panier avec les miroirs qui était là depuis hier est aussi très bleu <eos>,13,bleu,bleue,11,M,P,bleu,-10.696337,bleue,-17.183495,1
9317,S_NOUN_8_ADJ_a,M,S,le panier avec les miroirs qui était là depuis hier est aussi très noir <eos>,13,noir,noire,11,M,P,noir,-9.279361,noire,-14.387868,1
9318,S_NOUN_8_ADJ_a,M,S,le panier avec les miroirs qui était là depuis hier est aussi très délicat <eos>,13,délicat,délicate,11,M,P,délicat,-6.7301245,délicate,-10.078059,1
9319,S_NOUN_8_ADJ_a,M,S,le panier avec les miroirs qui était là depuis hier est aussi très pointu <eos>,13,pointu,pointue,11,M,P,pointu,-7.9842124,pointue,-12.756874,1
9320,S_NOUN_8_ADJ_a,M,S,le panier avec les miroirs qui était là depuis hier est aussi très rond <eos>,13,rond,ronde,11,M,P,rond,-9.76689,ronde,-12.973566,1
9321,S_NOUN_8_ADJ_a,M,S,le panier avec les miroirs qui était là depuis hier est aussi très froid <eos>,13,froid,froide,11,M,P,froid,-7.0712957,froide,-11.387303,1
9322,S_NOUN_8_ADJ_a,M,S,le panier avec les miroirs qui était là depuis hier est aussi très chaud <eos>,13,chaud,chaude,11,M,P,chaud,-6.1158605,chaude,-10.049742,1
9323,S_NOUN_8_ADJ_a,M,S,le panier avec les miroirs qui était là depuis hier est aussi très important <eos>,13,important,importante,11,M,P,important,-4.402644,importante,-8.42323,1
9324,S_NOUN_8_ADJ_a,M,S,le panier avec les miroirs qui était là depuis hier est aussi très court <eos>,13,court,courte,11,M,P,court,-4.786208,courte,-9.387,1
9325,S_NOUN_8_ADJ_a,M,S,le panier avec les miroirs qui était là depuis hier est aussi très dur <eos>,13,dur,dure,11,M,P,dur,-5.0185375,dure,-8.482326,1
9326,S_NOUN_8_ADJ_a,M,S,le panier avec les miroirs qui était là depuis hier est aussi très clair <eos>,13,clair,claire,11,M,P,clair,-5.9820757,claire,-9.768843,1
9327,S_NOUN_8_ADJ_a,M,S,le panier avec les miroirs qui était là depuis hier est aussi très intéressant <eos>,13,intéressant,intéressante,11,M,P,intéressant,-5.769894,intéressante,-9.882207,1
9328,S_NOUN_8_ADJ_a,M,S,le panier avec les miroirs qui était là depuis hier est aussi très brillant <eos>,13,brillant,brillante,11,M,P,brillant,-6.959774,brillante,-10.391212,1
9329,S_NOUN_8_ADJ_a,M,S,le panier avec les miroirs qui était là depuis hier est aussi très compliqué <eos>,13,compliqué,compliquée,11,M,P,compliqué,-6.250164,compliquée,-9.68712,1
9330,S_NOUN_8_ADJ_a,M,S,le panier avec les crayons qui était là depuis hier est aussi très vert <eos>,13,vert,verte,11,M,P,vert,-9.266797,verte,-14.102669,1
9331,S_NOUN_8_ADJ_a,M,S,le panier avec les crayons qui était là depuis hier est aussi très bleu <eos>,13,bleu,bleue,11,M,P,bleu,-10.389199,bleue,-17.018251,1
9332,S_NOUN_8_ADJ_a,M,S,le panier avec les crayons qui était là depuis hier est aussi très noir <eos>,13,noir,noire,11,M,P,noir,-9.178259,noire,-13.941697,1
9333,S_NOUN_8_ADJ_a,M,S,le panier avec les crayons qui était là depuis hier est aussi très délicat <eos>,13,délicat,délicate,11,M,P,délicat,-6.3053937,délicate,-10.087202,1
9334,S_NOUN_8_ADJ_a,M,S,le panier avec les crayons qui était là depuis hier est aussi très pointu <eos>,13,pointu,pointue,11,M,P,pointu,-8.163751,pointue,-13.35366,1
9335,S_NOUN_8_ADJ_a,M,S,le panier avec les crayons qui était là depuis hier est aussi très rond <eos>,13,rond,ronde,11,M,P,rond,-10.139757,ronde,-13.366688,1
9336,S_NOUN_8_ADJ_a,M,S,le panier avec les crayons qui était là depuis hier est aussi très froid <eos>,13,froid,froide,11,M,P,froid,-7.016316,froide,-11.745302,1
9337,S_NOUN_8_ADJ_a,M,S,le panier avec les crayons qui était là depuis hier est aussi très chaud <eos>,13,chaud,chaude,11,M,P,chaud,-6.308647,chaude,-10.739666,1
9338,S_NOUN_8_ADJ_a,M,S,le panier avec les crayons qui était là depuis hier est aussi très important <eos>,13,important,importante,11,M,P,important,-4.331885,importante,-8.407148,1
9339,S_NOUN_8_ADJ_a,M,S,le panier avec les crayons qui était là depuis hier est aussi très court <eos>,13,court,courte,11,M,P,court,-5.1203117,courte,-10.031189,1
9340,S_NOUN_8_ADJ_a,M,S,le panier avec les crayons qui était là depuis hier est aussi très dur <eos>,13,dur,dure,11,M,P,dur,-5.0470543,dure,-8.242415,1
9341,S_NOUN_8_ADJ_a,M,S,le panier avec les crayons qui était là depuis hier est aussi très clair <eos>,13,clair,claire,11,M,P,clair,-5.3939333,claire,-9.272902,1
9342,S_NOUN_8_ADJ_a,M,S,le panier avec les crayons qui était là depuis hier est aussi très intéressant <eos>,13,intéressant,intéressante,11,M,P,intéressant,-5.8326025,intéressante,-10.148869,1
9343,S_NOUN_8_ADJ_a,M,S,le panier avec les crayons qui était là depuis hier est aussi très brillant <eos>,13,brillant,brillante,11,M,P,brillant,-7.0122633,brillante,-10.814544,1
9344,S_NOUN_8_ADJ_a,M,S,le panier avec les crayons qui était là depuis hier est aussi très compliqué <eos>,13,compliqué,compliquée,11,M,P,compliqué,-6.855999,compliquée,-10.38847,1
9345,S_NOUN_8_ADJ_a,M,S,le panier avec les rideaux qui était là depuis hier est aussi très vert <eos>,13,vert,verte,11,M,P,vert,-9.867838,verte,-14.413529,1
9346,S_NOUN_8_ADJ_a,M,S,le panier avec les rideaux qui était là depuis hier est aussi très bleu <eos>,13,bleu,bleue,11,M,P,bleu,-10.771323,bleue,-16.985014,1
9347,S_NOUN_8_ADJ_a,M,S,le panier avec les rideaux qui était là depuis hier est aussi très noir <eos>,13,noir,noire,11,M,P,noir,-9.294159,noire,-13.665918,1
9348,S_NOUN_8_ADJ_a,M,S,le panier avec les rideaux qui était là depuis hier est aussi très délicat <eos>,13,délicat,délicate,11,M,P,délicat,-6.7697563,délicate,-10.284781,1
9349,S_NOUN_8_ADJ_a,M,S,le panier avec les rideaux qui était là depuis hier est aussi très pointu <eos>,13,pointu,pointue,11,M,P,pointu,-7.996501,pointue,-13.183547,1
9350,S_NOUN_8_ADJ_a,M,S,le panier avec les rideaux qui était là depuis hier est aussi très rond <eos>,13,rond,ronde,11,M,P,rond,-9.863509,ronde,-12.909227,1
9351,S_NOUN_8_ADJ_a,M,S,le panier avec les rideaux qui était là depuis hier est aussi très froid <eos>,13,froid,froide,11,M,P,froid,-7.2438827,froide,-11.830631,1
9352,S_NOUN_8_ADJ_a,M,S,le panier avec les rideaux qui était là depuis hier est aussi très chaud <eos>,13,chaud,chaude,11,M,P,chaud,-6.375908,chaude,-10.542223,1
9353,S_NOUN_8_ADJ_a,M,S,le panier avec les rideaux qui était là depuis hier est aussi très important <eos>,13,important,importante,11,M,P,important,-4.4458895,importante,-8.525133,1
9354,S_NOUN_8_ADJ_a,M,S,le panier avec les rideaux qui était là depuis hier est aussi très court <eos>,13,court,courte,11,M,P,court,-4.7302027,courte,-9.547832,1
9355,S_NOUN_8_ADJ_a,M,S,le panier avec les rideaux qui était là depuis hier est aussi très dur <eos>,13,dur,dure,11,M,P,dur,-5.300456,dure,-8.13968,1
9356,S_NOUN_8_ADJ_a,M,S,le panier avec les rideaux qui était là depuis hier est aussi très clair <eos>,13,clair,claire,11,M,P,clair,-5.89658,claire,-9.488224,1
9357,S_NOUN_8_ADJ_a,M,S,le panier avec les rideaux qui était là depuis hier est aussi très intéressant <eos>,13,intéressant,intéressante,11,M,P,intéressant,-6.160795,intéressante,-10.182444,1
9358,S_NOUN_8_ADJ_a,M,S,le panier avec les rideaux qui était là depuis hier est aussi très brillant <eos>,13,brillant,brillante,11,M,P,brillant,-7.6540127,brillante,-11.387301,1
9359,S_NOUN_8_ADJ_a,M,S,le panier avec les rideaux qui était là depuis hier est aussi très compliqué <eos>,13,compliqué,compliquée,11,M,P,compliqué,-6.342121,compliquée,-10.04274,1
9360,S_NOUN_8_ADJ_a,M,S,le panier avec les cahiers qui était là depuis hier est aussi très vert <eos>,13,vert,verte,11,M,P,vert,-10.726235,verte,-14.984153,1
9361,S_NOUN_8_ADJ_a,M,S,le panier avec les cahiers qui était là depuis hier est aussi très bleu <eos>,13,bleu,bleue,11,M,P,bleu,-11.8727045,bleue,-17.931726,1
9362,S_NOUN_8_ADJ_a,M,S,le panier avec les cahiers qui était là depuis hier est aussi très noir <eos>,13,noir,noire,11,M,P,noir,-9.79093,noire,-15.145707,1
9363,S_NOUN_8_ADJ_a,M,S,le panier avec les cahiers qui était là depuis hier est aussi très délicat <eos>,13,délicat,délicate,11,M,P,délicat,-7.26264,délicate,-10.797081,1
9364,S_NOUN_8_ADJ_a,M,S,le panier avec les cahiers qui était là depuis hier est aussi très pointu <eos>,13,pointu,pointue,11,M,P,pointu,-8.322363,pointue,-13.769514,1
9365,S_NOUN_8_ADJ_a,M,S,le panier avec les cahiers qui était là depuis hier est aussi très rond <eos>,13,rond,ronde,11,M,P,rond,-11.213797,ronde,-14.584977,1
9366,S_NOUN_8_ADJ_a,M,S,le panier avec les cahiers qui était là depuis hier est aussi très froid <eos>,13,froid,froide,11,M,P,froid,-7.2902985,froide,-12.573739,1
9367,S_NOUN_8_ADJ_a,M,S,le panier avec les cahiers qui était là depuis hier est aussi très chaud <eos>,13,chaud,chaude,11,M,P,chaud,-6.8368745,chaude,-11.668102,1
9368,S_NOUN_8_ADJ_a,M,S,le panier avec les cahiers qui était là depuis hier est aussi très important <eos>,13,important,importante,11,M,P,important,-3.8027847,importante,-7.861248,1
9369,S_NOUN_8_ADJ_a,M,S,le panier avec les cahiers qui était là depuis hier est aussi très court <eos>,13,court,courte,11,M,P,court,-5.338172,courte,-9.276575,1
9370,S_NOUN_8_ADJ_a,M,S,le panier avec les cahiers qui était là depuis hier est aussi très dur <eos>,13,dur,dure,11,M,P,dur,-5.6397667,dure,-8.22832,1
9371,S_NOUN_8_ADJ_a,M,S,le panier avec les cahiers qui était là depuis hier est aussi très clair <eos>,13,clair,claire,11,M,P,clair,-6.2463255,claire,-10.268986,1
9372,S_NOUN_8_ADJ_a,M,S,le panier avec les cahiers qui était là depuis hier est aussi très intéressant <eos>,13,intéressant,intéressante,11,M,P,intéressant,-5.4739714,intéressante,-9.459166,1
9373,S_NOUN_8_ADJ_a,M,S,le panier avec les cahiers qui était là depuis hier est aussi très brillant <eos>,13,brillant,brillante,11,M,P,brillant,-7.729786,brillante,-11.506259,1
9374,S_NOUN_8_ADJ_a,M,S,le panier avec les cahiers qui était là depuis hier est aussi très compliqué <eos>,13,compliqué,compliquée,11,M,P,compliqué,-6.4044046,compliquée,-9.819773,1
9375,S_NOUN_8_ADJ_a,M,S,le panier avec les micros qui était là depuis hier est aussi très vert <eos>,13,vert,verte,11,M,P,vert,-10.261798,verte,-15.188916,1
9376,S_NOUN_8_ADJ_a,M,S,le panier avec les micros qui était là depuis hier est aussi très bleu <eos>,13,bleu,bleue,11,M,P,bleu,-10.994873,bleue,-17.624054,1
9377,S_NOUN_8_ADJ_a,M,S,le panier avec les micros qui était là depuis hier est aussi très noir <eos>,13,noir,noire,11,M,P,noir,-9.308781,noire,-14.605085,1
9378,S_NOUN_8_ADJ_a,M,S,le panier avec les micros qui était là depuis hier est aussi très délicat <eos>,13,délicat,délicate,11,M,P,délicat,-6.713084,délicate,-10.1985445,1
9379,S_NOUN_8_ADJ_a,M,S,le panier avec les micros qui était là depuis hier est aussi très pointu <eos>,13,pointu,pointue,11,M,P,pointu,-8.078662,pointue,-13.74955,1
9380,S_NOUN_8_ADJ_a,M,S,le panier avec les micros qui était là depuis hier est aussi très rond <eos>,13,rond,ronde,11,M,P,rond,-9.879839,ronde,-13.545851,1
9381,S_NOUN_8_ADJ_a,M,S,le panier avec les micros qui était là depuis hier est aussi très froid <eos>,13,froid,froide,11,M,P,froid,-7.457507,froide,-12.392379,1
9382,S_NOUN_8_ADJ_a,M,S,le panier avec les micros qui était là depuis hier est aussi très chaud <eos>,13,chaud,chaude,11,M,P,chaud,-6.325675,chaude,-10.721601,1
9383,S_NOUN_8_ADJ_a,M,S,le panier avec les micros qui était là depuis hier est aussi très important <eos>,13,important,importante,11,M,P,important,-4.342655,importante,-8.758198,1
9384,S_NOUN_8_ADJ_a,M,S,le panier avec les micros qui était là depuis hier est aussi très court <eos>,13,court,courte,11,M,P,court,-5.162629,courte,-9.939207,1
9385,S_NOUN_8_ADJ_a,M,S,le panier avec les micros qui était là depuis hier est aussi très dur <eos>,13,dur,dure,11,M,P,dur,-4.7961035,dure,-8.030489,1
9386,S_NOUN_8_ADJ_a,M,S,le panier avec les micros qui était là depuis hier est aussi très clair <eos>,13,clair,claire,11,M,P,clair,-5.822783,claire,-9.740646,1
9387,S_NOUN_8_ADJ_a,M,S,le panier avec les micros qui était là depuis hier est aussi très intéressant <eos>,13,intéressant,intéressante,11,M,P,intéressant,-5.9883833,intéressante,-10.223166,1
9388,S_NOUN_8_ADJ_a,M,S,le panier avec les micros qui était là depuis hier est aussi très brillant <eos>,13,brillant,brillante,11,M,P,brillant,-7.419052,brillante,-11.906687,1
9389,S_NOUN_8_ADJ_a,M,S,le panier avec les micros qui était là depuis hier est aussi très compliqué <eos>,13,compliqué,compliquée,11,M,P,compliqué,-5.5829263,compliquée,-9.499647,1
9390,S_NOUN_8_ADJ_a,M,S,le panier avec les sacs qui était là depuis hier est aussi très vert <eos>,13,vert,verte,11,M,P,vert,-10.06482,verte,-14.926946,1
9391,S_NOUN_8_ADJ_a,M,S,le panier avec les sacs qui était là depuis hier est aussi très bleu <eos>,13,bleu,bleue,11,M,P,bleu,-11.213749,bleue,-17.563278,1
9392,S_NOUN_8_ADJ_a,M,S,le panier avec les sacs qui était là depuis hier est aussi très noir <eos>,13,noir,noire,11,M,P,noir,-9.591757,noire,-14.20996,1
9393,S_NOUN_8_ADJ_a,M,S,le panier avec les sacs qui était là depuis hier est aussi très délicat <eos>,13,délicat,délicate,11,M,P,délicat,-6.849098,délicate,-10.155282,1
9394,S_NOUN_8_ADJ_a,M,S,le panier avec les sacs qui était là depuis hier est aussi très pointu <eos>,13,pointu,pointue,11,M,P,pointu,-7.786745,pointue,-13.106698,1
9395,S_NOUN_8_ADJ_a,M,S,le panier avec les sacs qui était là depuis hier est aussi très rond <eos>,13,rond,ronde,11,M,P,rond,-9.945358,ronde,-12.790033,1
9396,S_NOUN_8_ADJ_a,M,S,le panier avec les sacs qui était là depuis hier est aussi très froid <eos>,13,froid,froide,11,M,P,froid,-7.3541822,froide,-12.163228,1
9397,S_NOUN_8_ADJ_a,M,S,le panier avec les sacs qui était là depuis hier est aussi très chaud <eos>,13,chaud,chaude,11,M,P,chaud,-6.104759,chaude,-10.639921,1
9398,S_NOUN_8_ADJ_a,M,S,le panier avec les sacs qui était là depuis hier est aussi très important <eos>,13,important,importante,11,M,P,important,-4.065572,importante,-8.107624,1
9399,S_NOUN_8_ADJ_a,M,S,le panier avec les sacs qui était là depuis hier est aussi très court <eos>,13,court,courte,11,M,P,court,-4.716307,courte,-9.645643,1
9400,S_NOUN_8_ADJ_a,M,S,le panier avec les sacs qui était là depuis hier est aussi très dur <eos>,13,dur,dure,11,M,P,dur,-5.0499296,dure,-8.123969,1
9401,S_NOUN_8_ADJ_a,M,S,le panier avec les sacs qui était là depuis hier est aussi très clair <eos>,13,clair,claire,11,M,P,clair,-6.1293573,claire,-9.958022,1
9402,S_NOUN_8_ADJ_a,M,S,le panier avec les sacs qui était là depuis hier est aussi très intéressant <eos>,13,intéressant,intéressante,11,M,P,intéressant,-5.866617,intéressante,-10.092431,1
9403,S_NOUN_8_ADJ_a,M,S,le panier avec les sacs qui était là depuis hier est aussi très brillant <eos>,13,brillant,brillante,11,M,P,brillant,-7.9600058,brillante,-12.127066,1
9404,S_NOUN_8_ADJ_a,M,S,le panier avec les sacs qui était là depuis hier est aussi très compliqué <eos>,13,compliqué,compliquée,11,M,P,compliqué,-6.411558,compliquée,-10.325083,1
9405,S_NOUN_8_ADJ_a,M,S,le panier avec les claviers qui était là depuis hier est aussi très vert <eos>,13,vert,verte,11,M,P,vert,-10.9478245,verte,-15.222467,1
9406,S_NOUN_8_ADJ_a,M,S,le panier avec les claviers qui était là depuis hier est aussi très bleu <eos>,13,bleu,bleue,11,M,P,bleu,-11.6466465,bleue,-17.698875,1
9407,S_NOUN_8_ADJ_a,M,S,le panier avec les claviers qui était là depuis hier est aussi très noir <eos>,13,noir,noire,11,M,P,noir,-9.948568,noire,-14.645543,1
9408,S_NOUN_8_ADJ_a,M,S,le panier avec les claviers qui était là depuis hier est aussi très délicat <eos>,13,délicat,délicate,11,M,P,délicat,-6.764278,délicate,-10.1560135,1
9409,S_NOUN_8_ADJ_a,M,S,le panier avec les claviers qui était là depuis hier est aussi très pointu <eos>,13,pointu,pointue,11,M,P,pointu,-8.045059,pointue,-13.560333,1
9410,S_NOUN_8_ADJ_a,M,S,le panier avec les claviers qui était là depuis hier est aussi très rond <eos>,13,rond,ronde,11,M,P,rond,-10.258204,ronde,-13.586935,1
9411,S_NOUN_8_ADJ_a,M,S,le panier avec les claviers qui était là depuis hier est aussi très froid <eos>,13,froid,froide,11,M,P,froid,-7.6141615,froide,-12.676806,1
9412,S_NOUN_8_ADJ_a,M,S,le panier avec les claviers qui était là depuis hier est aussi très chaud <eos>,13,chaud,chaude,11,M,P,chaud,-6.853711,chaude,-10.535601,1
9413,S_NOUN_8_ADJ_a,M,S,le panier avec les claviers qui était là depuis hier est aussi très important <eos>,13,important,importante,11,M,P,important,-4.270767,importante,-8.38495,1
9414,S_NOUN_8_ADJ_a,M,S,le panier avec les claviers qui était là depuis hier est aussi très court <eos>,13,court,courte,11,M,P,court,-5.478384,courte,-9.776902,1
9415,S_NOUN_8_ADJ_a,M,S,le panier avec les claviers qui était là depuis hier est aussi très dur <eos>,13,dur,dure,11,M,P,dur,-4.6275043,dure,-7.989686,1
9416,S_NOUN_8_ADJ_a,M,S,le panier avec les claviers qui était là depuis hier est aussi très clair <eos>,13,clair,claire,11,M,P,clair,-6.157298,claire,-9.595997,1
9417,S_NOUN_8_ADJ_a,M,S,le panier avec les claviers qui était là depuis hier est aussi très intéressant <eos>,13,intéressant,intéressante,11,M,P,intéressant,-5.695657,intéressante,-9.828808,1
9418,S_NOUN_8_ADJ_a,M,S,le panier avec les claviers qui était là depuis hier est aussi très brillant <eos>,13,brillant,brillante,11,M,P,brillant,-7.404763,brillante,-11.275293,1
9419,S_NOUN_8_ADJ_a,M,S,le panier avec les claviers qui était là depuis hier est aussi très compliqué <eos>,13,compliqué,compliquée,11,M,P,compliqué,-5.986458,compliquée,-9.265842,1
9420,S_NOUN_8_ADJ_a,M,S,le panier avec les raisins qui était là depuis hier est aussi très vert <eos>,13,vert,verte,11,M,P,vert,-9.67198,verte,-14.781469,1
9421,S_NOUN_8_ADJ_a,M,S,le panier avec les raisins qui était là depuis hier est aussi très bleu <eos>,13,bleu,bleue,11,M,P,bleu,-11.2368555,bleue,-17.638964,1
9422,S_NOUN_8_ADJ_a,M,S,le panier avec les raisins qui était là depuis hier est aussi très noir <eos>,13,noir,noire,11,M,P,noir,-9.751587,noire,-14.177433,1
9423,S_NOUN_8_ADJ_a,M,S,le panier avec les raisins qui était là depuis hier est aussi très délicat <eos>,13,délicat,délicate,11,M,P,délicat,-6.1439724,délicate,-9.534127,1
9424,S_NOUN_8_ADJ_a,M,S,le panier avec les raisins qui était là depuis hier est aussi très pointu <eos>,13,pointu,pointue,11,M,P,pointu,-8.168671,pointue,-13.230988,1
9425,S_NOUN_8_ADJ_a,M,S,le panier avec les raisins qui était là depuis hier est aussi très rond <eos>,13,rond,ronde,11,M,P,rond,-10.509291,ronde,-12.658123,1
9426,S_NOUN_8_ADJ_a,M,S,le panier avec les raisins qui était là depuis hier est aussi très froid <eos>,13,froid,froide,11,M,P,froid,-6.7465477,froide,-12.006726,1
9427,S_NOUN_8_ADJ_a,M,S,le panier avec les raisins qui était là depuis hier est aussi très chaud <eos>,13,chaud,chaude,11,M,P,chaud,-5.8140044,chaude,-10.809017,1
9428,S_NOUN_8_ADJ_a,M,S,le panier avec les raisins qui était là depuis hier est aussi très important <eos>,13,important,importante,11,M,P,important,-4.0146837,importante,-7.8531103,1
9429,S_NOUN_8_ADJ_a,M,S,le panier avec les raisins qui était là depuis hier est aussi très court <eos>,13,court,courte,11,M,P,court,-4.744714,courte,-10.083175,1
9430,S_NOUN_8_ADJ_a,M,S,le panier avec les raisins qui était là depuis hier est aussi très dur <eos>,13,dur,dure,11,M,P,dur,-4.3765697,dure,-7.764415,1
9431,S_NOUN_8_ADJ_a,M,S,le panier avec les raisins qui était là depuis hier est aussi très clair <eos>,13,clair,claire,11,M,P,clair,-5.4914064,claire,-9.289433,1
9432,S_NOUN_8_ADJ_a,M,S,le panier avec les raisins qui était là depuis hier est aussi très intéressant <eos>,13,intéressant,intéressante,11,M,P,intéressant,-5.95761,intéressante,-10.272175,1
9433,S_NOUN_8_ADJ_a,M,S,le panier avec les raisins qui était là depuis hier est aussi très brillant <eos>,13,brillant,brillante,11,M,P,brillant,-7.534833,brillante,-11.535286,1
9434,S_NOUN_8_ADJ_a,M,S,le panier avec les raisins qui était là depuis hier est aussi très compliqué <eos>,13,compliqué,compliquée,11,M,P,compliqué,-6.741248,compliquée,-10.609577,1
9435,S_NOUN_8_ADJ_a,M,S,le panier avec les chargeurs qui était là depuis hier est aussi très vert <eos>,13,vert,verte,11,M,P,vert,-10.609094,verte,-15.57545,1
9436,S_NOUN_8_ADJ_a,M,S,le panier avec les chargeurs qui était là depuis hier est aussi très bleu <eos>,13,bleu,bleue,11,M,P,bleu,-11.540699,bleue,-18.461002,1
9437,S_NOUN_8_ADJ_a,M,S,le panier avec les chargeurs qui était là depuis hier est aussi très noir <eos>,13,noir,noire,11,M,P,noir,-9.707454,noire,-15.149818,1
9438,S_NOUN_8_ADJ_a,M,S,le panier avec les chargeurs qui était là depuis hier est aussi très délicat <eos>,13,délicat,délicate,11,M,P,délicat,-7.3565655,délicate,-10.289833,1
9439,S_NOUN_8_ADJ_a,M,S,le panier avec les chargeurs qui était là depuis hier est aussi très pointu <eos>,13,pointu,pointue,11,M,P,pointu,-8.290643,pointue,-12.678761,1
9440,S_NOUN_8_ADJ_a,M,S,le panier avec les chargeurs qui était là depuis hier est aussi très rond <eos>,13,rond,ronde,11,M,P,rond,-9.785814,ronde,-12.959773,1
9441,S_NOUN_8_ADJ_a,M,S,le panier avec les chargeurs qui était là depuis hier est aussi très froid <eos>,13,froid,froide,11,M,P,froid,-7.5782003,froide,-11.96492,1
9442,S_NOUN_8_ADJ_a,M,S,le panier avec les chargeurs qui était là depuis hier est aussi très chaud <eos>,13,chaud,chaude,11,M,P,chaud,-6.8834896,chaude,-10.929693,1
9443,S_NOUN_8_ADJ_a,M,S,le panier avec les chargeurs qui était là depuis hier est aussi très important <eos>,13,important,importante,11,M,P,important,-3.6123,importante,-7.660308,1
9444,S_NOUN_8_ADJ_a,M,S,le panier avec les chargeurs qui était là depuis hier est aussi très court <eos>,13,court,courte,11,M,P,court,-4.504431,courte,-8.953131,1
9445,S_NOUN_8_ADJ_a,M,S,le panier avec les chargeurs qui était là depuis hier est aussi très dur <eos>,13,dur,dure,11,M,P,dur,-5.212057,dure,-9.064951,1
9446,S_NOUN_8_ADJ_a,M,S,le panier avec les chargeurs qui était là depuis hier est aussi très clair <eos>,13,clair,claire,11,M,P,clair,-7.031372,claire,-11.024562,1
9447,S_NOUN_8_ADJ_a,M,S,le panier avec les chargeurs qui était là depuis hier est aussi très intéressant <eos>,13,intéressant,intéressante,11,M,P,intéressant,-5.9770365,intéressante,-9.847805,1
9448,S_NOUN_8_ADJ_a,M,S,le panier avec les chargeurs qui était là depuis hier est aussi très brillant <eos>,13,brillant,brillante,11,M,P,brillant,-8.289213,brillante,-12.499713,1
9449,S_NOUN_8_ADJ_a,M,S,le panier avec les chargeurs qui était là depuis hier est aussi très compliqué <eos>,13,compliqué,compliquée,11,M,P,compliqué,-6.010151,compliquée,-9.995418,1
9450,S_NOUN_8_ADJ_a,M,S,le panier avec les vases qui était là depuis hier est aussi très vert <eos>,13,vert,verte,11,M,P,vert,-10.251003,verte,-14.345691,1
9451,S_NOUN_8_ADJ_a,M,S,le panier avec les vases qui était là depuis hier est aussi très bleu <eos>,13,bleu,bleue,11,M,P,bleu,-11.265388,bleue,-16.911325,1
9452,S_NOUN_8_ADJ_a,M,S,le panier avec les vases qui était là depuis hier est aussi très noir <eos>,13,noir,noire,11,M,P,noir,-10.03529,noire,-13.670784,1
9453,S_NOUN_8_ADJ_a,M,S,le panier avec les vases qui était là depuis hier est aussi très délicat <eos>,13,délicat,délicate,11,M,P,délicat,-6.7880325,délicate,-10.111341,1
9454,S_NOUN_8_ADJ_a,M,S,le panier avec les vases qui était là depuis hier est aussi très pointu <eos>,13,pointu,pointue,11,M,P,pointu,-7.9300785,pointue,-12.992187,1
9455,S_NOUN_8_ADJ_a,M,S,le panier avec les vases qui était là depuis hier est aussi très rond <eos>,13,rond,ronde,11,M,P,rond,-9.87441,ronde,-12.572269,1
9456,S_NOUN_8_ADJ_a,M,S,le panier avec les vases qui était là depuis hier est aussi très froid <eos>,13,froid,froide,11,M,P,froid,-8.157169,froide,-12.295164,1
9457,S_NOUN_8_ADJ_a,M,S,le panier avec les vases qui était là depuis hier est aussi très chaud <eos>,13,chaud,chaude,11,M,P,chaud,-6.6719074,chaude,-10.846449,1
9458,S_NOUN_8_ADJ_a,M,S,le panier avec les vases qui était là depuis hier est aussi très important <eos>,13,important,importante,11,M,P,important,-4.4305058,importante,-8.341312,1
9459,S_NOUN_8_ADJ_a,M,S,le panier avec les vases qui était là depuis hier est aussi très court <eos>,13,court,courte,11,M,P,court,-4.86305,courte,-9.617245,1
9460,S_NOUN_8_ADJ_a,M,S,le panier avec les vases qui était là depuis hier est aussi très dur <eos>,13,dur,dure,11,M,P,dur,-5.206064,dure,-8.190918,1
9461,S_NOUN_8_ADJ_a,M,S,le panier avec les vases qui était là depuis hier est aussi très clair <eos>,13,clair,claire,11,M,P,clair,-5.831009,claire,-9.408849,1
9462,S_NOUN_8_ADJ_a,M,S,le panier avec les vases qui était là depuis hier est aussi très intéressant <eos>,13,intéressant,intéressante,11,M,P,intéressant,-5.9027357,intéressante,-10.122122,1
9463,S_NOUN_8_ADJ_a,M,S,le panier avec les vases qui était là depuis hier est aussi très brillant <eos>,13,brillant,brillante,11,M,P,brillant,-7.5446873,brillante,-11.05528,1
9464,S_NOUN_8_ADJ_a,M,S,le panier avec les vases qui était là depuis hier est aussi très compliqué <eos>,13,compliqué,compliquée,11,M,P,compliqué,-6.769678,compliquée,-10.431648,1
9465,S_NOUN_8_ADJ_a,M,S,le panier avec les paniers qui était là depuis hier est aussi très vert <eos>,13,vert,verte,11,M,P,vert,-10.11351,verte,-14.554425,1
9466,S_NOUN_8_ADJ_a,M,S,le panier avec les paniers qui était là depuis hier est aussi très bleu <eos>,13,bleu,bleue,11,M,P,bleu,-11.045696,bleue,-17.059671,1
9467,S_NOUN_8_ADJ_a,M,S,le panier avec les paniers qui était là depuis hier est aussi très noir <eos>,13,noir,noire,11,M,P,noir,-9.498518,noire,-13.6546755,1
9468,S_NOUN_8_ADJ_a,M,S,le panier avec les paniers qui était là depuis hier est aussi très délicat <eos>,13,délicat,délicate,11,M,P,délicat,-6.804024,délicate,-10.351295,1
9469,S_NOUN_8_ADJ_a,M,S,le panier avec les paniers qui était là depuis hier est aussi très pointu <eos>,13,pointu,pointue,11,M,P,pointu,-7.3159227,pointue,-12.548885,1
9470,S_NOUN_8_ADJ_a,M,S,le panier avec les paniers qui était là depuis hier est aussi très rond <eos>,13,rond,ronde,11,M,P,rond,-9.543947,ronde,-12.419377,1
9471,S_NOUN_8_ADJ_a,M,S,le panier avec les paniers qui était là depuis hier est aussi très froid <eos>,13,froid,froide,11,M,P,froid,-7.9796963,froide,-12.392832,1
9472,S_NOUN_8_ADJ_a,M,S,le panier avec les paniers qui était là depuis hier est aussi très chaud <eos>,13,chaud,chaude,11,M,P,chaud,-6.585763,chaude,-11.097024,1
9473,S_NOUN_8_ADJ_a,M,S,le panier avec les paniers qui était là depuis hier est aussi très important <eos>,13,important,importante,11,M,P,important,-4.5235643,importante,-8.560209,1
9474,S_NOUN_8_ADJ_a,M,S,le panier avec les paniers qui était là depuis hier est aussi très court <eos>,13,court,courte,11,M,P,court,-4.520982,courte,-9.267321,1
9475,S_NOUN_8_ADJ_a,M,S,le panier avec les paniers qui était là depuis hier est aussi très dur <eos>,13,dur,dure,11,M,P,dur,-4.949541,dure,-8.203273,1
9476,S_NOUN_8_ADJ_a,M,S,le panier avec les paniers qui était là depuis hier est aussi très clair <eos>,13,clair,claire,11,M,P,clair,-6.0350375,claire,-9.666079,1
9477,S_NOUN_8_ADJ_a,M,S,le panier avec les paniers qui était là depuis hier est aussi très intéressant <eos>,13,intéressant,intéressante,11,M,P,intéressant,-6.0181866,intéressante,-10.091202,1
9478,S_NOUN_8_ADJ_a,M,S,le panier avec les paniers qui était là depuis hier est aussi très brillant <eos>,13,brillant,brillante,11,M,P,brillant,-7.904539,brillante,-11.803586,1
9479,S_NOUN_8_ADJ_a,M,S,le panier avec les paniers qui était là depuis hier est aussi très compliqué <eos>,13,compliqué,compliquée,11,M,P,compliqué,-6.207624,compliquée,-9.908229,1
9480,S_NOUN_8_ADJ_a,M,S,le panier avec les colliers qui était là depuis hier est aussi très vert <eos>,13,vert,verte,11,M,P,vert,-10.180355,verte,-14.55943,1
9481,S_NOUN_8_ADJ_a,M,S,le panier avec les colliers qui était là depuis hier est aussi très bleu <eos>,13,bleu,bleue,11,M,P,bleu,-11.151882,bleue,-17.117498,1
9482,S_NOUN_8_ADJ_a,M,S,le panier avec les colliers qui était là depuis hier est aussi très noir <eos>,13,noir,noire,11,M,P,noir,-9.821065,noire,-13.8280325,1
9483,S_NOUN_8_ADJ_a,M,S,le panier avec les colliers qui était là depuis hier est aussi très délicat <eos>,13,délicat,délicate,11,M,P,délicat,-6.6878004,délicate,-9.911625,1
9484,S_NOUN_8_ADJ_a,M,S,le panier avec les colliers qui était là depuis hier est aussi très pointu <eos>,13,pointu,pointue,11,M,P,pointu,-7.5917945,pointue,-12.330593,1
9485,S_NOUN_8_ADJ_a,M,S,le panier avec les colliers qui était là depuis hier est aussi très rond <eos>,13,rond,ronde,11,M,P,rond,-9.841469,ronde,-12.524758,1
9486,S_NOUN_8_ADJ_a,M,S,le panier avec les colliers qui était là depuis hier est aussi très froid <eos>,13,froid,froide,11,M,P,froid,-8.347237,froide,-12.317923,1
9487,S_NOUN_8_ADJ_a,M,S,le panier avec les colliers qui était là depuis hier est aussi très chaud <eos>,13,chaud,chaude,11,M,P,chaud,-7.139289,chaude,-11.12761,1
9488,S_NOUN_8_ADJ_a,M,S,le panier avec les colliers qui était là depuis hier est aussi très important <eos>,13,important,importante,11,M,P,important,-4.4541855,importante,-8.282195,1
9489,S_NOUN_8_ADJ_a,M,S,le panier avec les colliers qui était là depuis hier est aussi très court <eos>,13,court,courte,11,M,P,court,-4.6585803,courte,-9.072268,1
9490,S_NOUN_8_ADJ_a,M,S,le panier avec les colliers qui était là depuis hier est aussi très dur <eos>,13,dur,dure,11,M,P,dur,-5.0577374,dure,-8.264638,1
9491,S_NOUN_8_ADJ_a,M,S,le panier avec les colliers qui était là depuis hier est aussi très clair <eos>,13,clair,claire,11,M,P,clair,-5.930979,claire,-9.708774,1
9492,S_NOUN_8_ADJ_a,M,S,le panier avec les colliers qui était là depuis hier est aussi très intéressant <eos>,13,intéressant,intéressante,11,M,P,intéressant,-5.9752836,intéressante,-10.038852,1
9493,S_NOUN_8_ADJ_a,M,S,le panier avec les colliers qui était là depuis hier est aussi très brillant <eos>,13,brillant,brillante,11,M,P,brillant,-7.680874,brillante,-11.259826,1
9494,S_NOUN_8_ADJ_a,M,S,le panier avec les colliers qui était là depuis hier est aussi très compliqué <eos>,13,compliqué,compliquée,11,M,P,compliqué,-6.132701,compliquée,-9.947006,1
9495,S_NOUN_8_ADJ_a,M,S,le panier avec les chapeaux qui était là depuis hier est aussi très vert <eos>,13,vert,verte,11,M,P,vert,-9.837597,verte,-14.301867,1
9496,S_NOUN_8_ADJ_a,M,S,le panier avec les chapeaux qui était là depuis hier est aussi très bleu <eos>,13,bleu,bleue,11,M,P,bleu,-10.580992,bleue,-16.762508,1
9497,S_NOUN_8_ADJ_a,M,S,le panier avec les chapeaux qui était là depuis hier est aussi très noir <eos>,13,noir,noire,11,M,P,noir,-9.100364,noire,-13.808983,1
9498,S_NOUN_8_ADJ_a,M,S,le panier avec les chapeaux qui était là depuis hier est aussi très délicat <eos>,13,délicat,délicate,11,M,P,délicat,-7.029318,délicate,-10.8474655,1
9499,S_NOUN_8_ADJ_a,M,S,le panier avec les chapeaux qui était là depuis hier est aussi très pointu <eos>,13,pointu,pointue,11,M,P,pointu,-7.6334553,pointue,-13.257531,1
9500,S_NOUN_8_ADJ_a,M,S,le panier avec les chapeaux qui était là depuis hier est aussi très rond <eos>,13,rond,ronde,11,M,P,rond,-9.687475,ronde,-12.882133,1
9501,S_NOUN_8_ADJ_a,M,S,le panier avec les chapeaux qui était là depuis hier est aussi très froid <eos>,13,froid,froide,11,M,P,froid,-7.777379,froide,-12.559623,1
9502,S_NOUN_8_ADJ_a,M,S,le panier avec les chapeaux qui était là depuis hier est aussi très chaud <eos>,13,chaud,chaude,11,M,P,chaud,-6.6495924,chaude,-11.094311,1
9503,S_NOUN_8_ADJ_a,M,S,le panier avec les chapeaux qui était là depuis hier est aussi très important <eos>,13,important,importante,11,M,P,important,-4.597804,importante,-8.799547,1
9504,S_NOUN_8_ADJ_a,M,S,le panier avec les chapeaux qui était là depuis hier est aussi très court <eos>,13,court,courte,11,M,P,court,-4.612288,courte,-9.436384,1
9505,S_NOUN_8_ADJ_a,M,S,le panier avec les chapeaux qui était là depuis hier est aussi très dur <eos>,13,dur,dure,11,M,P,dur,-5.4402146,dure,-8.466177,1
9506,S_NOUN_8_ADJ_a,M,S,le panier avec les chapeaux qui était là depuis hier est aussi très clair <eos>,13,clair,claire,11,M,P,clair,-6.1082335,claire,-9.932665,1
9507,S_NOUN_8_ADJ_a,M,S,le panier avec les chapeaux qui était là depuis hier est aussi très intéressant <eos>,13,intéressant,intéressante,11,M,P,intéressant,-6.071266,intéressante,-10.182201,1
9508,S_NOUN_8_ADJ_a,M,S,le panier avec les chapeaux qui était là depuis hier est aussi très brillant <eos>,13,brillant,brillante,11,M,P,brillant,-7.825962,brillante,-11.625329,1
9509,S_NOUN_8_ADJ_a,M,S,le panier avec les chapeaux qui était là depuis hier est aussi très compliqué <eos>,13,compliqué,compliquée,11,M,P,compliqué,-6.350027,compliquée,-10.5003805,1
9510,S_NOUN_8_ADJ_a,M,S,le panier avec les pots qui était là depuis hier est aussi très vert <eos>,13,vert,verte,11,M,P,vert,-9.688257,verte,-14.617868,1
9511,S_NOUN_8_ADJ_a,M,S,le panier avec les pots qui était là depuis hier est aussi très bleu <eos>,13,bleu,bleue,11,M,P,bleu,-11.068831,bleue,-17.496647,1
9512,S_NOUN_8_ADJ_a,M,S,le panier avec les pots qui était là depuis hier est aussi très noir <eos>,13,noir,noire,11,M,P,noir,-9.559967,noire,-14.229433,1
9513,S_NOUN_8_ADJ_a,M,S,le panier avec les pots qui était là depuis hier est aussi très délicat <eos>,13,délicat,délicate,11,M,P,délicat,-6.5345154,délicate,-9.921305,1
9514,S_NOUN_8_ADJ_a,M,S,le panier avec les pots qui était là depuis hier est aussi très pointu <eos>,13,pointu,pointue,11,M,P,pointu,-7.972986,pointue,-12.887817,1
9515,S_NOUN_8_ADJ_a,M,S,le panier avec les pots qui était là depuis hier est aussi très rond <eos>,13,rond,ronde,11,M,P,rond,-9.736001,ronde,-12.322002,1
9516,S_NOUN_8_ADJ_a,M,S,le panier avec les pots qui était là depuis hier est aussi très froid <eos>,13,froid,froide,11,M,P,froid,-7.325136,froide,-11.731102,1
9517,S_NOUN_8_ADJ_a,M,S,le panier avec les pots qui était là depuis hier est aussi très chaud <eos>,13,chaud,chaude,11,M,P,chaud,-5.862972,chaude,-10.080461,1
9518,S_NOUN_8_ADJ_a,M,S,le panier avec les pots qui était là depuis hier est aussi très important <eos>,13,important,importante,11,M,P,important,-4.2872105,importante,-8.157273,1
9519,S_NOUN_8_ADJ_a,M,S,le panier avec les pots qui était là depuis hier est aussi très court <eos>,13,court,courte,11,M,P,court,-4.92638,courte,-9.758123,1
9520,S_NOUN_8_ADJ_a,M,S,le panier avec les pots qui était là depuis hier est aussi très dur <eos>,13,dur,dure,11,M,P,dur,-4.7379303,dure,-8.126261,1
9521,S_NOUN_8_ADJ_a,M,S,le panier avec les pots qui était là depuis hier est aussi très clair <eos>,13,clair,claire,11,M,P,clair,-6.188513,claire,-9.859456,1
9522,S_NOUN_8_ADJ_a,M,S,le panier avec les pots qui était là depuis hier est aussi très intéressant <eos>,13,intéressant,intéressante,11,M,P,intéressant,-5.96109,intéressante,-9.899677,1
9523,S_NOUN_8_ADJ_a,M,S,le panier avec les pots qui était là depuis hier est aussi très brillant <eos>,13,brillant,brillante,11,M,P,brillant,-7.444436,brillante,-11.3481455,1
9524,S_NOUN_8_ADJ_a,M,S,le panier avec les pots qui était là depuis hier est aussi très compliqué <eos>,13,compliqué,compliquée,11,M,P,compliqué,-6.4165683,compliquée,-10.250135,1
9525,S_NOUN_8_ADJ_a,M,S,le panier avec les coussins qui était là depuis hier est aussi très vert <eos>,13,vert,verte,11,M,P,vert,-10.304743,verte,-15.018801,1
9526,S_NOUN_8_ADJ_a,M,S,le panier avec les coussins qui était là depuis hier est aussi très bleu <eos>,13,bleu,bleue,11,M,P,bleu,-11.243161,bleue,-17.50602,1
9527,S_NOUN_8_ADJ_a,M,S,le panier avec les coussins qui était là depuis hier est aussi très noir <eos>,13,noir,noire,11,M,P,noir,-9.645727,noire,-14.457565,1
9528,S_NOUN_8_ADJ_a,M,S,le panier avec les coussins qui était là depuis hier est aussi très délicat <eos>,13,délicat,délicate,11,M,P,délicat,-7.080171,délicate,-10.685467,1
9529,S_NOUN_8_ADJ_a,M,S,le panier avec les coussins qui était là depuis hier est aussi très pointu <eos>,13,pointu,pointue,11,M,P,pointu,-7.672824,pointue,-12.9579315,1
9530,S_NOUN_8_ADJ_a,M,S,le panier avec les coussins qui était là depuis hier est aussi très rond <eos>,13,rond,ronde,11,M,P,rond,-9.856918,ronde,-12.959505,1
9531,S_NOUN_8_ADJ_a,M,S,le panier avec les coussins qui était là depuis hier est aussi très froid <eos>,13,froid,froide,11,M,P,froid,-7.830145,froide,-12.136681,1
9532,S_NOUN_8_ADJ_a,M,S,le panier avec les coussins qui était là depuis hier est aussi très chaud <eos>,13,chaud,chaude,11,M,P,chaud,-6.537071,chaude,-10.522251,1
9533,S_NOUN_8_ADJ_a,M,S,le panier avec les coussins qui était là depuis hier est aussi très important <eos>,13,important,importante,11,M,P,important,-4.477678,importante,-8.53277,1
9534,S_NOUN_8_ADJ_a,M,S,le panier avec les coussins qui était là depuis hier est aussi très court <eos>,13,court,courte,11,M,P,court,-4.7790833,courte,-9.603867,1
9535,S_NOUN_8_ADJ_a,M,S,le panier avec les coussins qui était là depuis hier est aussi très dur <eos>,13,dur,dure,11,M,P,dur,-5.3818817,dure,-8.328269,1
9536,S_NOUN_8_ADJ_a,M,S,le panier avec les coussins qui était là depuis hier est aussi très clair <eos>,13,clair,claire,11,M,P,clair,-6.481948,claire,-9.984717,1
9537,S_NOUN_8_ADJ_a,M,S,le panier avec les coussins qui était là depuis hier est aussi très intéressant <eos>,13,intéressant,intéressante,11,M,P,intéressant,-6.001624,intéressante,-9.989459,1
9538,S_NOUN_8_ADJ_a,M,S,le panier avec les coussins qui était là depuis hier est aussi très brillant <eos>,13,brillant,brillante,11,M,P,brillant,-8.023295,brillante,-12.13448,1
9539,S_NOUN_8_ADJ_a,M,S,le panier avec les coussins qui était là depuis hier est aussi très compliqué <eos>,13,compliqué,compliquée,11,M,P,compliqué,-6.0459814,compliquée,-9.829561,1
9540,S_NOUN_8_ADJ_a,M,S,le panier avec les jouets qui était là depuis hier est aussi très vert <eos>,13,vert,verte,11,M,P,vert,-10.435387,verte,-14.661983,1
9541,S_NOUN_8_ADJ_a,M,S,le panier avec les jouets qui était là depuis hier est aussi très bleu <eos>,13,bleu,bleue,11,M,P,bleu,-11.365803,bleue,-17.620836,1
9542,S_NOUN_8_ADJ_a,M,S,le panier avec les jouets qui était là depuis hier est aussi très noir <eos>,13,noir,noire,11,M,P,noir,-9.50144,noire,-14.755375,1
9543,S_NOUN_8_ADJ_a,M,S,le panier avec les jouets qui était là depuis hier est aussi très délicat <eos>,13,délicat,délicate,11,M,P,délicat,-7.3201904,délicate,-10.921422,1
9544,S_NOUN_8_ADJ_a,M,S,le panier avec les jouets qui était là depuis hier est aussi très pointu <eos>,13,pointu,pointue,11,M,P,pointu,-8.018248,pointue,-14.035707,1
9545,S_NOUN_8_ADJ_a,M,S,le panier avec les jouets qui était là depuis hier est aussi très rond <eos>,13,rond,ronde,11,M,P,rond,-10.459932,ronde,-14.391248,1
9546,S_NOUN_8_ADJ_a,M,S,le panier avec les jouets qui était là depuis hier est aussi très froid <eos>,13,froid,froide,11,M,P,froid,-7.34065,froide,-12.477364,1
9547,S_NOUN_8_ADJ_a,M,S,le panier avec les jouets qui était là depuis hier est aussi très chaud <eos>,13,chaud,chaude,11,M,P,chaud,-6.5018277,chaude,-11.053949,1
9548,S_NOUN_8_ADJ_a,M,S,le panier avec les jouets qui était là depuis hier est aussi très important <eos>,13,important,importante,11,M,P,important,-4.1958246,importante,-8.281336,1
9549,S_NOUN_8_ADJ_a,M,S,le panier avec les jouets qui était là depuis hier est aussi très court <eos>,13,court,courte,11,M,P,court,-5.1992073,courte,-10.146451,1
9550,S_NOUN_8_ADJ_a,M,S,le panier avec les jouets qui était là depuis hier est aussi très dur <eos>,13,dur,dure,11,M,P,dur,-5.6829348,dure,-8.498165,1
9551,S_NOUN_8_ADJ_a,M,S,le panier avec les jouets qui était là depuis hier est aussi très clair <eos>,13,clair,claire,11,M,P,clair,-6.4452186,claire,-9.861532,1
9552,S_NOUN_8_ADJ_a,M,S,le panier avec les jouets qui était là depuis hier est aussi très intéressant <eos>,13,intéressant,intéressante,11,M,P,intéressant,-5.6953154,intéressante,-9.940629,1
9553,S_NOUN_8_ADJ_a,M,S,le panier avec les jouets qui était là depuis hier est aussi très brillant <eos>,13,brillant,brillante,11,M,P,brillant,-7.9263535,brillante,-11.739215,1
9554,S_NOUN_8_ADJ_a,M,S,le panier avec les jouets qui était là depuis hier est aussi très compliqué <eos>,13,compliqué,compliquée,11,M,P,compliqué,-6.4401393,compliquée,-10.103962,1
9555,S_NOUN_8_ADJ_a,M,S,le panier avec les clous qui était là depuis hier est aussi très vert <eos>,13,vert,verte,11,M,P,vert,-10.022805,verte,-14.989546,1
9556,S_NOUN_8_ADJ_a,M,S,le panier avec les clous qui était là depuis hier est aussi très bleu <eos>,13,bleu,bleue,11,M,P,bleu,-11.247152,bleue,-17.48332,1
9557,S_NOUN_8_ADJ_a,M,S,le panier avec les clous qui était là depuis hier est aussi très noir <eos>,13,noir,noire,11,M,P,noir,-9.679018,noire,-14.137671,1
9558,S_NOUN_8_ADJ_a,M,S,le panier avec les clous qui était là depuis hier est aussi très délicat <eos>,13,délicat,délicate,11,M,P,délicat,-6.434866,délicate,-9.876871,1
9559,S_NOUN_8_ADJ_a,M,S,le panier avec les clous qui était là depuis hier est aussi très pointu <eos>,13,pointu,pointue,11,M,P,pointu,-7.4371157,pointue,-12.613077,1
9560,S_NOUN_8_ADJ_a,M,S,le panier avec les clous qui était là depuis hier est aussi très rond <eos>,13,rond,ronde,11,M,P,rond,-9.828339,ronde,-12.5256405,1
9561,S_NOUN_8_ADJ_a,M,S,le panier avec les clous qui était là depuis hier est aussi très froid <eos>,13,froid,froide,11,M,P,froid,-7.540557,froide,-12.006395,1
9562,S_NOUN_8_ADJ_a,M,S,le panier avec les clous qui était là depuis hier est aussi très chaud <eos>,13,chaud,chaude,11,M,P,chaud,-6.4999757,chaude,-10.948591,1
9563,S_NOUN_8_ADJ_a,M,S,le panier avec les clous qui était là depuis hier est aussi très important <eos>,13,important,importante,11,M,P,important,-4.3517575,importante,-8.450497,1
9564,S_NOUN_8_ADJ_a,M,S,le panier avec les clous qui était là depuis hier est aussi très court <eos>,13,court,courte,11,M,P,court,-4.5548077,courte,-9.558172,1
9565,S_NOUN_8_ADJ_a,M,S,le panier avec les clous qui était là depuis hier est aussi très dur <eos>,13,dur,dure,11,M,P,dur,-4.579353,dure,-8.07251,1
9566,S_NOUN_8_ADJ_a,M,S,le panier avec les clous qui était là depuis hier est aussi très clair <eos>,13,clair,claire,11,M,P,clair,-5.942958,claire,-9.661928,1
9567,S_NOUN_8_ADJ_a,M,S,le panier avec les clous qui était là depuis hier est aussi très intéressant <eos>,13,intéressant,intéressante,11,M,P,intéressant,-5.9083476,intéressante,-10.217026,1
9568,S_NOUN_8_ADJ_a,M,S,le panier avec les clous qui était là depuis hier est aussi très brillant <eos>,13,brillant,brillante,11,M,P,brillant,-7.9460034,brillante,-11.933388,1
9569,S_NOUN_8_ADJ_a,M,S,le panier avec les clous qui était là depuis hier est aussi très compliqué <eos>,13,compliqué,compliquée,11,M,P,compliqué,-6.27791,compliquée,-10.08786,1
9570,S_NOUN_8_ADJ_a,M,S,le panier avec les billets qui était là depuis hier est aussi très vert <eos>,13,vert,verte,11,M,P,vert,-10.211964,verte,-15.147951,1
9571,S_NOUN_8_ADJ_a,M,S,le panier avec les billets qui était là depuis hier est aussi très bleu <eos>,13,bleu,bleue,11,M,P,bleu,-10.8931055,bleue,-18.12049,1
9572,S_NOUN_8_ADJ_a,M,S,le panier avec les billets qui était là depuis hier est aussi très noir <eos>,13,noir,noire,11,M,P,noir,-9.306534,noire,-14.924316,1
9573,S_NOUN_8_ADJ_a,M,S,le panier avec les billets qui était là depuis hier est aussi très délicat <eos>,13,délicat,délicate,11,M,P,délicat,-7.214093,délicate,-10.803157,1
9574,S_NOUN_8_ADJ_a,M,S,le panier avec les billets qui était là depuis hier est aussi très pointu <eos>,13,pointu,pointue,11,M,P,pointu,-8.869313,pointue,-14.072202,1
9575,S_NOUN_8_ADJ_a,M,S,le panier avec les billets qui était là depuis hier est aussi très rond <eos>,13,rond,ronde,11,M,P,rond,-10.476414,ronde,-14.149729,1
9576,S_NOUN_8_ADJ_a,M,S,le panier avec les billets qui était là depuis hier est aussi très froid <eos>,13,froid,froide,11,M,P,froid,-8.215787,froide,-13.1187315,1
9577,S_NOUN_8_ADJ_a,M,S,le panier avec les billets qui était là depuis hier est aussi très chaud <eos>,13,chaud,chaude,11,M,P,chaud,-7.1058373,chaude,-11.19145,1
9578,S_NOUN_8_ADJ_a,M,S,le panier avec les billets qui était là depuis hier est aussi très important <eos>,13,important,importante,11,M,P,important,-3.8734446,importante,-7.9930305,1
9579,S_NOUN_8_ADJ_a,M,S,le panier avec les billets qui était là depuis hier est aussi très court <eos>,13,court,courte,11,M,P,court,-4.497215,courte,-9.27809,1
9580,S_NOUN_8_ADJ_a,M,S,le panier avec les billets qui était là depuis hier est aussi très dur <eos>,13,dur,dure,11,M,P,dur,-5.896727,dure,-9.226391,1
9581,S_NOUN_8_ADJ_a,M,S,le panier avec les billets qui était là depuis hier est aussi très clair <eos>,13,clair,claire,11,M,P,clair,-6.438363,claire,-10.299047,1
9582,S_NOUN_8_ADJ_a,M,S,le panier avec les billets qui était là depuis hier est aussi très intéressant <eos>,13,intéressant,intéressante,11,M,P,intéressant,-5.791008,intéressante,-9.586767,1
9583,S_NOUN_8_ADJ_a,M,S,le panier avec les billets qui était là depuis hier est aussi très brillant <eos>,13,brillant,brillante,11,M,P,brillant,-8.389087,brillante,-12.348869,1
9584,S_NOUN_8_ADJ_a,M,S,le panier avec les billets qui était là depuis hier est aussi très compliqué <eos>,13,compliqué,compliquée,11,M,P,compliqué,-6.2251234,compliquée,-10.552024,1
9585,S_NOUN_8_ADJ_a,M,S,le panier avec les légumes qui était là depuis hier est aussi très vert <eos>,13,vert,verte,11,M,P,vert,-9.952789,verte,-14.744824,1
9586,S_NOUN_8_ADJ_a,M,S,le panier avec les légumes qui était là depuis hier est aussi très bleu <eos>,13,bleu,bleue,11,M,P,bleu,-11.249834,bleue,-17.366957,1
9587,S_NOUN_8_ADJ_a,M,S,le panier avec les légumes qui était là depuis hier est aussi très noir <eos>,13,noir,noire,11,M,P,noir,-9.661991,noire,-14.270059,1
9588,S_NOUN_8_ADJ_a,M,S,le panier avec les légumes qui était là depuis hier est aussi très délicat <eos>,13,délicat,délicate,11,M,P,délicat,-6.450858,délicate,-9.905489,1
9589,S_NOUN_8_ADJ_a,M,S,le panier avec les légumes qui était là depuis hier est aussi très pointu <eos>,13,pointu,pointue,11,M,P,pointu,-7.8967924,pointue,-13.488842,1
9590,S_NOUN_8_ADJ_a,M,S,le panier avec les légumes qui était là depuis hier est aussi très rond <eos>,13,rond,ronde,11,M,P,rond,-10.162964,ronde,-13.051893,1
9591,S_NOUN_8_ADJ_a,M,S,le panier avec les légumes qui était là depuis hier est aussi très froid <eos>,13,froid,froide,11,M,P,froid,-6.751895,froide,-11.560349,1
9592,S_NOUN_8_ADJ_a,M,S,le panier avec les légumes qui était là depuis hier est aussi très chaud <eos>,13,chaud,chaude,11,M,P,chaud,-5.7973146,chaude,-10.308324,1
9593,S_NOUN_8_ADJ_a,M,S,le panier avec les légumes qui était là depuis hier est aussi très important <eos>,13,important,importante,11,M,P,important,-4.1442313,importante,-8.113516,1
9594,S_NOUN_8_ADJ_a,M,S,le panier avec les légumes qui était là depuis hier est aussi très court <eos>,13,court,courte,11,M,P,court,-5.1151,courte,-9.990762,1
9595,S_NOUN_8_ADJ_a,M,S,le panier avec les légumes qui était là depuis hier est aussi très dur <eos>,13,dur,dure,11,M,P,dur,-4.938721,dure,-7.853995,1
9596,S_NOUN_8_ADJ_a,M,S,le panier avec les légumes qui était là depuis hier est aussi très clair <eos>,13,clair,claire,11,M,P,clair,-5.7424912,claire,-9.718767,1
9597,S_NOUN_8_ADJ_a,M,S,le panier avec les légumes qui était là depuis hier est aussi très intéressant <eos>,13,intéressant,intéressante,11,M,P,intéressant,-6.098258,intéressante,-10.351096,1
9598,S_NOUN_8_ADJ_a,M,S,le panier avec les légumes qui était là depuis hier est aussi très brillant <eos>,13,brillant,brillante,11,M,P,brillant,-7.843193,brillante,-11.847032,1
9599,S_NOUN_8_ADJ_a,M,S,le panier avec les légumes qui était là depuis hier est aussi très compliqué <eos>,13,compliqué,compliquée,11,M,P,compliqué,-6.7961326,compliquée,-10.70244,1
9600,S_NOUN_8_ADJ_a,M,S,le collier avec les bracelets qui était là depuis hier est aussi très vert <eos>,13,vert,verte,11,M,P,vert,-9.835383,verte,-13.344303,1
9601,S_NOUN_8_ADJ_a,M,S,le collier avec les bracelets qui était là depuis hier est aussi très bleu <eos>,13,bleu,bleue,11,M,P,bleu,-10.20392,bleue,-15.563892,1
9602,S_NOUN_8_ADJ_a,M,S,le collier avec les bracelets qui était là depuis hier est aussi très noir <eos>,13,noir,noire,11,M,P,noir,-9.2093725,noire,-12.591886,1
9603,S_NOUN_8_ADJ_a,M,S,le collier avec les bracelets qui était là depuis hier est aussi très délicat <eos>,13,délicat,délicate,11,M,P,délicat,-7.3685145,délicate,-9.7507305,1
9604,S_NOUN_8_ADJ_a,M,S,le collier avec les bracelets qui était là depuis hier est aussi très pointu <eos>,13,pointu,pointue,11,M,P,pointu,-7.9282846,pointue,-12.720896,1
9605,S_NOUN_8_ADJ_a,M,S,le collier avec les bracelets qui était là depuis hier est aussi très rond <eos>,13,rond,ronde,11,M,P,rond,-10.30755,ronde,-12.928778,1
9606,S_NOUN_8_ADJ_a,M,S,le collier avec les bracelets qui était là depuis hier est aussi très froid <eos>,13,froid,froide,11,M,P,froid,-8.385136,froide,-12.232105,1
9607,S_NOUN_8_ADJ_a,M,S,le collier avec les bracelets qui était là depuis hier est aussi très chaud <eos>,13,chaud,chaude,11,M,P,chaud,-7.4045,chaude,-11.365523,1
9608,S_NOUN_8_ADJ_a,M,S,le collier avec les bracelets qui était là depuis hier est aussi très important <eos>,13,important,importante,11,M,P,important,-4.96982,importante,-8.97637,1
9609,S_NOUN_8_ADJ_a,M,S,le collier avec les bracelets qui était là depuis hier est aussi très court <eos>,13,court,courte,11,M,P,court,-4.617722,courte,-8.995123,1
9610,S_NOUN_8_ADJ_a,M,S,le collier avec les bracelets qui était là depuis hier est aussi très dur <eos>,13,dur,dure,11,M,P,dur,-5.885666,dure,-8.468418,1
9611,S_NOUN_8_ADJ_a,M,S,le collier avec les bracelets qui était là depuis hier est aussi très clair <eos>,13,clair,claire,11,M,P,clair,-6.1084085,claire,-9.473362,1
9612,S_NOUN_8_ADJ_a,M,S,le collier avec les bracelets qui était là depuis hier est aussi très intéressant <eos>,13,intéressant,intéressante,11,M,P,intéressant,-6.252322,intéressante,-9.874789,1
9613,S_NOUN_8_ADJ_a,M,S,le collier avec les bracelets qui était là depuis hier est aussi très brillant <eos>,13,brillant,brillante,11,M,P,brillant,-7.3044896,brillante,-10.521467,1
9614,S_NOUN_8_ADJ_a,M,S,le collier avec les bracelets qui était là depuis hier est aussi très compliqué <eos>,13,compliqué,compliquée,11,M,P,compliqué,-6.0975895,compliquée,-9.720247,1
9615,S_NOUN_8_ADJ_a,M,S,le collier avec les miroirs qui était là depuis hier est aussi très vert <eos>,13,vert,verte,11,M,P,vert,-9.814005,verte,-13.638679,1
9616,S_NOUN_8_ADJ_a,M,S,le collier avec les miroirs qui était là depuis hier est aussi très bleu <eos>,13,bleu,bleue,11,M,P,bleu,-10.3538885,bleue,-16.14466,1
9617,S_NOUN_8_ADJ_a,M,S,le collier avec les miroirs qui était là depuis hier est aussi très noir <eos>,13,noir,noire,11,M,P,noir,-9.22426,noire,-13.65279,1
9618,S_NOUN_8_ADJ_a,M,S,le collier avec les miroirs qui était là depuis hier est aussi très délicat <eos>,13,délicat,délicate,11,M,P,délicat,-7.3449717,délicate,-9.935271,1
9619,S_NOUN_8_ADJ_a,M,S,le collier avec les miroirs qui était là depuis hier est aussi très pointu <eos>,13,pointu,pointue,11,M,P,pointu,-8.3087435,pointue,-12.8530035,1
9620,S_NOUN_8_ADJ_a,M,S,le collier avec les miroirs qui était là depuis hier est aussi très rond <eos>,13,rond,ronde,11,M,P,rond,-10.173024,ronde,-13.599094,1
9621,S_NOUN_8_ADJ_a,M,S,le collier avec les miroirs qui était là depuis hier est aussi très froid <eos>,13,froid,froide,11,M,P,froid,-7.803562,froide,-11.668637,1
9622,S_NOUN_8_ADJ_a,M,S,le collier avec les miroirs qui était là depuis hier est aussi très chaud <eos>,13,chaud,chaude,11,M,P,chaud,-7.0233088,chaude,-10.3459425,1
9623,S_NOUN_8_ADJ_a,M,S,le collier avec les miroirs qui était là depuis hier est aussi très important <eos>,13,important,importante,11,M,P,important,-4.605132,importante,-8.677409,1
9624,S_NOUN_8_ADJ_a,M,S,le collier avec les miroirs qui était là depuis hier est aussi très court <eos>,13,court,courte,11,M,P,court,-4.5149517,courte,-9.135148,1
9625,S_NOUN_8_ADJ_a,M,S,le collier avec les miroirs qui était là depuis hier est aussi très dur <eos>,13,dur,dure,11,M,P,dur,-5.5716634,dure,-8.537567,1
9626,S_NOUN_8_ADJ_a,M,S,le collier avec les miroirs qui était là depuis hier est aussi très clair <eos>,13,clair,claire,11,M,P,clair,-6.000951,claire,-9.550465,1
9627,S_NOUN_8_ADJ_a,M,S,le collier avec les miroirs qui était là depuis hier est aussi très intéressant <eos>,13,intéressant,intéressante,11,M,P,intéressant,-5.8674307,intéressante,-9.664589,1
9628,S_NOUN_8_ADJ_a,M,S,le collier avec les miroirs qui était là depuis hier est aussi très brillant <eos>,13,brillant,brillante,11,M,P,brillant,-6.6729937,brillante,-9.588319,1
9629,S_NOUN_8_ADJ_a,M,S,le collier avec les miroirs qui était là depuis hier est aussi très compliqué <eos>,13,compliqué,compliquée,11,M,P,compliqué,-6.1987576,compliquée,-9.194864,1
9630,S_NOUN_8_ADJ_a,M,S,le collier avec les crayons qui était là depuis hier est aussi très vert <eos>,13,vert,verte,11,M,P,vert,-9.280991,verte,-13.168417,1
9631,S_NOUN_8_ADJ_a,M,S,le collier avec les crayons qui était là depuis hier est aussi très bleu <eos>,13,bleu,bleue,11,M,P,bleu,-9.885365,bleue,-15.849662,1
9632,S_NOUN_8_ADJ_a,M,S,le collier avec les crayons qui était là depuis hier est aussi très noir <eos>,13,noir,noire,11,M,P,noir,-9.062519,noire,-13.017146,1
9633,S_NOUN_8_ADJ_a,M,S,le collier avec les crayons qui était là depuis hier est aussi très délicat <eos>,13,délicat,délicate,11,M,P,délicat,-6.7237673,délicate,-9.808896,1
9634,S_NOUN_8_ADJ_a,M,S,le collier avec les crayons qui était là depuis hier est aussi très pointu <eos>,13,pointu,pointue,11,M,P,pointu,-8.209328,pointue,-13.330476,1
9635,S_NOUN_8_ADJ_a,M,S,le collier avec les crayons qui était là depuis hier est aussi très rond <eos>,13,rond,ronde,11,M,P,rond,-10.38093,ronde,-13.776856,1
9636,S_NOUN_8_ADJ_a,M,S,le collier avec les crayons qui était là depuis hier est aussi très froid <eos>,13,froid,froide,11,M,P,froid,-7.3821054,froide,-11.673702,1
9637,S_NOUN_8_ADJ_a,M,S,le collier avec les crayons qui était là depuis hier est aussi très chaud <eos>,13,chaud,chaude,11,M,P,chaud,-6.892733,chaude,-10.664228,1
9638,S_NOUN_8_ADJ_a,M,S,le collier avec les crayons qui était là depuis hier est aussi très important <eos>,13,important,importante,11,M,P,important,-4.556401,importante,-8.568342,1
9639,S_NOUN_8_ADJ_a,M,S,le collier avec les crayons qui était là depuis hier est aussi très court <eos>,13,court,courte,11,M,P,court,-4.9240246,courte,-9.621283,1
9640,S_NOUN_8_ADJ_a,M,S,le collier avec les crayons qui était là depuis hier est aussi très dur <eos>,13,dur,dure,11,M,P,dur,-5.6545315,dure,-8.156746,1
9641,S_NOUN_8_ADJ_a,M,S,le collier avec les crayons qui était là depuis hier est aussi très clair <eos>,13,clair,claire,11,M,P,clair,-5.3941,claire,-8.845153,1
9642,S_NOUN_8_ADJ_a,M,S,le collier avec les crayons qui était là depuis hier est aussi très intéressant <eos>,13,intéressant,intéressante,11,M,P,intéressant,-5.993299,intéressante,-9.979213,1
9643,S_NOUN_8_ADJ_a,M,S,le collier avec les crayons qui était là depuis hier est aussi très brillant <eos>,13,brillant,brillante,11,M,P,brillant,-6.6924133,brillante,-9.81421,1
9644,S_NOUN_8_ADJ_a,M,S,le collier avec les crayons qui était là depuis hier est aussi très compliqué <eos>,13,compliqué,compliquée,11,M,P,compliqué,-6.787124,compliquée,-9.960287,1
9645,S_NOUN_8_ADJ_a,M,S,le collier avec les rideaux qui était là depuis hier est aussi très vert <eos>,13,vert,verte,11,M,P,vert,-10.032854,verte,-13.636476,1
9646,S_NOUN_8_ADJ_a,M,S,le collier avec les rideaux qui était là depuis hier est aussi très bleu <eos>,13,bleu,bleue,11,M,P,bleu,-10.382646,bleue,-15.988408,1
9647,S_NOUN_8_ADJ_a,M,S,le collier avec les rideaux qui était là depuis hier est aussi très noir <eos>,13,noir,noire,11,M,P,noir,-9.266174,noire,-12.856289,1
9648,S_NOUN_8_ADJ_a,M,S,le collier avec les rideaux qui était là depuis hier est aussi très délicat <eos>,13,délicat,délicate,11,M,P,délicat,-7.3754077,délicate,-10.161106,1
9649,S_NOUN_8_ADJ_a,M,S,le collier avec les rideaux qui était là depuis hier est aussi très pointu <eos>,13,pointu,pointue,11,M,P,pointu,-8.232076,pointue,-13.243692,1
9650,S_NOUN_8_ADJ_a,M,S,le collier avec les rideaux qui était là depuis hier est aussi très rond <eos>,13,rond,ronde,11,M,P,rond,-10.29763,ronde,-13.408042,1
9651,S_NOUN_8_ADJ_a,M,S,le collier avec les rideaux qui était là depuis hier est aussi très froid <eos>,13,froid,froide,11,M,P,froid,-7.8154507,froide,-12.033301,1
9652,S_NOUN_8_ADJ_a,M,S,le collier avec les rideaux qui était là depuis hier est aussi très chaud <eos>,13,chaud,chaude,11,M,P,chaud,-7.2276583,chaude,-10.865819,1
9653,S_NOUN_8_ADJ_a,M,S,le collier avec les rideaux qui était là depuis hier est aussi très important <eos>,13,important,importante,11,M,P,important,-4.6482024,importante,-8.72925,1
9654,S_NOUN_8_ADJ_a,M,S,le collier avec les rideaux qui était là depuis hier est aussi très court <eos>,13,court,courte,11,M,P,court,-4.4192524,courte,-9.163568,1
9655,S_NOUN_8_ADJ_a,M,S,le collier avec les rideaux qui était là depuis hier est aussi très dur <eos>,13,dur,dure,11,M,P,dur,-6.0008736,dure,-8.079846,1
9656,S_NOUN_8_ADJ_a,M,S,le collier avec les rideaux qui était là depuis hier est aussi très clair <eos>,13,clair,claire,11,M,P,clair,-5.9975095,claire,-9.229807,1
9657,S_NOUN_8_ADJ_a,M,S,le collier avec les rideaux qui était là depuis hier est aussi très intéressant <eos>,13,intéressant,intéressante,11,M,P,intéressant,-6.2639465,intéressante,-9.948832,1
9658,S_NOUN_8_ADJ_a,M,S,le collier avec les rideaux qui était là depuis hier est aussi très brillant <eos>,13,brillant,brillante,11,M,P,brillant,-7.5340037,brillante,-10.64053,1
9659,S_NOUN_8_ADJ_a,M,S,le collier avec les rideaux qui était là depuis hier est aussi très compliqué <eos>,13,compliqué,compliquée,11,M,P,compliqué,-6.449355,compliquée,-9.752746,1
9660,S_NOUN_8_ADJ_a,M,S,le collier avec les cahiers qui était là depuis hier est aussi très vert <eos>,13,vert,verte,11,M,P,vert,-10.895993,verte,-14.31458,1
9661,S_NOUN_8_ADJ_a,M,S,le collier avec les cahiers qui était là depuis hier est aussi très bleu <eos>,13,bleu,bleue,11,M,P,bleu,-11.571251,bleue,-16.930845,1
9662,S_NOUN_8_ADJ_a,M,S,le collier avec les cahiers qui était là depuis hier est aussi très noir <eos>,13,noir,noire,11,M,P,noir,-9.850431,noire,-14.327454,1
9663,S_NOUN_8_ADJ_a,M,S,le collier avec les cahiers qui était là depuis hier est aussi très délicat <eos>,13,délicat,délicate,11,M,P,délicat,-7.6449394,délicate,-10.4940605,1
9664,S_NOUN_8_ADJ_a,M,S,le collier avec les cahiers qui était là depuis hier est aussi très pointu <eos>,13,pointu,pointue,11,M,P,pointu,-8.565376,pointue,-13.755249,1
9665,S_NOUN_8_ADJ_a,M,S,le collier avec les cahiers qui était là depuis hier est aussi très rond <eos>,13,rond,ronde,11,M,P,rond,-11.52499,ronde,-14.907025,1
9666,S_NOUN_8_ADJ_a,M,S,le collier avec les cahiers qui était là depuis hier est aussi très froid <eos>,13,froid,froide,11,M,P,froid,-7.7952867,froide,-12.632477,1
9667,S_NOUN_8_ADJ_a,M,S,le collier avec les cahiers qui était là depuis hier est aussi très chaud <eos>,13,chaud,chaude,11,M,P,chaud,-7.3950853,chaude,-11.723242,1
9668,S_NOUN_8_ADJ_a,M,S,le collier avec les cahiers qui était là depuis hier est aussi très important <eos>,13,important,importante,11,M,P,important,-4.001625,importante,-8.141777,1
9669,S_NOUN_8_ADJ_a,M,S,le collier avec les cahiers qui était là depuis hier est aussi très court <eos>,13,court,courte,11,M,P,court,-5.0189924,courte,-8.917415,1
9670,S_NOUN_8_ADJ_a,M,S,le collier avec les cahiers qui était là depuis hier est aussi très dur <eos>,13,dur,dure,11,M,P,dur,-6.191848,dure,-8.038212,1
9671,S_NOUN_8_ADJ_a,M,S,le collier avec les cahiers qui était là depuis hier est aussi très clair <eos>,13,clair,claire,11,M,P,clair,-6.145686,claire,-9.989314,1
9672,S_NOUN_8_ADJ_a,M,S,le collier avec les cahiers qui était là depuis hier est aussi très intéressant <eos>,13,intéressant,intéressante,11,M,P,intéressant,-5.7097087,intéressante,-9.296772,1
9673,S_NOUN_8_ADJ_a,M,S,le collier avec les cahiers qui était là depuis hier est aussi très brillant <eos>,13,brillant,brillante,11,M,P,brillant,-7.465743,brillante,-10.744982,1
9674,S_NOUN_8_ADJ_a,M,S,le collier avec les cahiers qui était là depuis hier est aussi très compliqué <eos>,13,compliqué,compliquée,11,M,P,compliqué,-6.2667613,compliquée,-9.392853,1
9675,S_NOUN_8_ADJ_a,M,S,le collier avec les micros qui était là depuis hier est aussi très vert <eos>,13,vert,verte,11,M,P,vert,-10.435804,verte,-14.347251,1
9676,S_NOUN_8_ADJ_a,M,S,le collier avec les micros qui était là depuis hier est aussi très bleu <eos>,13,bleu,bleue,11,M,P,bleu,-10.772469,bleue,-16.74863,1
9677,S_NOUN_8_ADJ_a,M,S,le collier avec les micros qui était là depuis hier est aussi très noir <eos>,13,noir,noire,11,M,P,noir,-9.209407,noire,-13.963378,1
9678,S_NOUN_8_ADJ_a,M,S,le collier avec les micros qui était là depuis hier est aussi très délicat <eos>,13,délicat,délicate,11,M,P,délicat,-7.170151,délicate,-10.107971,1
9679,S_NOUN_8_ADJ_a,M,S,le collier avec les micros qui était là depuis hier est aussi très pointu <eos>,13,pointu,pointue,11,M,P,pointu,-8.311901,pointue,-13.940028,1
9680,S_NOUN_8_ADJ_a,M,S,le collier avec les micros qui était là depuis hier est aussi très rond <eos>,13,rond,ronde,11,M,P,rond,-10.209372,ronde,-14.380285,1
9681,S_NOUN_8_ADJ_a,M,S,le collier avec les micros qui était là depuis hier est aussi très froid <eos>,13,froid,froide,11,M,P,froid,-7.8490415,froide,-12.51754,1
9682,S_NOUN_8_ADJ_a,M,S,le collier avec les micros qui était là depuis hier est aussi très chaud <eos>,13,chaud,chaude,11,M,P,chaud,-6.7926755,chaude,-10.718717,1
9683,S_NOUN_8_ADJ_a,M,S,le collier avec les micros qui était là depuis hier est aussi très important <eos>,13,important,importante,11,M,P,important,-4.4026937,importante,-8.845964,1
9684,S_NOUN_8_ADJ_a,M,S,le collier avec les micros qui était là depuis hier est aussi très court <eos>,13,court,courte,11,M,P,court,-4.9669414,courte,-9.657438,1
9685,S_NOUN_8_ADJ_a,M,S,le collier avec les micros qui était là depuis hier est aussi très dur <eos>,13,dur,dure,11,M,P,dur,-5.435648,dure,-7.9996395,1
9686,S_NOUN_8_ADJ_a,M,S,le collier avec les micros qui était là depuis hier est aussi très clair <eos>,13,clair,claire,11,M,P,clair,-5.7469306,claire,-9.384436,1
9687,S_NOUN_8_ADJ_a,M,S,le collier avec les micros qui était là depuis hier est aussi très intéressant <eos>,13,intéressant,intéressante,11,M,P,intéressant,-6.1385818,intéressante,-10.039919,1
9688,S_NOUN_8_ADJ_a,M,S,le collier avec les micros qui était là depuis hier est aussi très brillant <eos>,13,brillant,brillante,11,M,P,brillant,-7.070093,brillante,-10.919756,1
9689,S_NOUN_8_ADJ_a,M,S,le collier avec les micros qui était là depuis hier est aussi très compliqué <eos>,13,compliqué,compliquée,11,M,P,compliqué,-5.5753107,compliquée,-9.233334,1
9690,S_NOUN_8_ADJ_a,M,S,le collier avec les sacs qui était là depuis hier est aussi très vert <eos>,13,vert,verte,11,M,P,vert,-9.934998,verte,-13.802479,1
9691,S_NOUN_8_ADJ_a,M,S,le collier avec les sacs qui était là depuis hier est aussi très bleu <eos>,13,bleu,bleue,11,M,P,bleu,-10.620803,bleue,-16.227322,1
9692,S_NOUN_8_ADJ_a,M,S,le collier avec les sacs qui était là depuis hier est aussi très noir <eos>,13,noir,noire,11,M,P,noir,-9.364403,noire,-13.080097,1
9693,S_NOUN_8_ADJ_a,M,S,le collier avec les sacs qui était là depuis hier est aussi très délicat <eos>,13,délicat,délicate,11,M,P,délicat,-7.157401,délicate,-9.700054,1
9694,S_NOUN_8_ADJ_a,M,S,le collier avec les sacs qui était là depuis hier est aussi très pointu <eos>,13,pointu,pointue,11,M,P,pointu,-7.637124,pointue,-12.884869,1
9695,S_NOUN_8_ADJ_a,M,S,le collier avec les sacs qui était là depuis hier est aussi très rond <eos>,13,rond,ronde,11,M,P,rond,-10.184389,ronde,-13.064472,1
9696,S_NOUN_8_ADJ_a,M,S,le collier avec les sacs qui était là depuis hier est aussi très froid <eos>,13,froid,froide,11,M,P,froid,-7.6660633,froide,-11.942485,1
9697,S_NOUN_8_ADJ_a,M,S,le collier avec les sacs qui était là depuis hier est aussi très chaud <eos>,13,chaud,chaude,11,M,P,chaud,-6.522642,chaude,-10.683906,1
9698,S_NOUN_8_ADJ_a,M,S,le collier avec les sacs qui était là depuis hier est aussi très important <eos>,13,important,importante,11,M,P,important,-4.2879066,importante,-8.278417,1
9699,S_NOUN_8_ADJ_a,M,S,le collier avec les sacs qui était là depuis hier est aussi très court <eos>,13,court,courte,11,M,P,court,-4.54893,courte,-9.1084795,1
9700,S_NOUN_8_ADJ_a,M,S,le collier avec les sacs qui était là depuis hier est aussi très dur <eos>,13,dur,dure,11,M,P,dur,-5.4887233,dure,-7.8996835,1
9701,S_NOUN_8_ADJ_a,M,S,le collier avec les sacs qui était là depuis hier est aussi très clair <eos>,13,clair,claire,11,M,P,clair,-5.9259796,claire,-9.425515,1
9702,S_NOUN_8_ADJ_a,M,S,le collier avec les sacs qui était là depuis hier est aussi très intéressant <eos>,13,intéressant,intéressante,11,M,P,intéressant,-5.944517,intéressante,-9.851784,1
9703,S_NOUN_8_ADJ_a,M,S,le collier avec les sacs qui était là depuis hier est aussi très brillant <eos>,13,brillant,brillante,11,M,P,brillant,-7.5385385,brillante,-10.969831,1
9704,S_NOUN_8_ADJ_a,M,S,le collier avec les sacs qui était là depuis hier est aussi très compliqué <eos>,13,compliqué,compliquée,11,M,P,compliqué,-6.302352,compliquée,-9.867327,1
9705,S_NOUN_8_ADJ_a,M,S,le collier avec les claviers qui était là depuis hier est aussi très vert <eos>,13,vert,verte,11,M,P,vert,-10.963076,verte,-14.496122,1
9706,S_NOUN_8_ADJ_a,M,S,le collier avec les claviers qui était là depuis hier est aussi très bleu <eos>,13,bleu,bleue,11,M,P,bleu,-11.207046,bleue,-16.763256,1
9707,S_NOUN_8_ADJ_a,M,S,le collier avec les claviers qui était là depuis hier est aussi très noir <eos>,13,noir,noire,11,M,P,noir,-9.777765,noire,-13.921611,1
9708,S_NOUN_8_ADJ_a,M,S,le collier avec les claviers qui était là depuis hier est aussi très délicat <eos>,13,délicat,délicate,11,M,P,délicat,-7.024858,délicate,-9.945219,1
9709,S_NOUN_8_ADJ_a,M,S,le collier avec les claviers qui était là depuis hier est aussi très pointu <eos>,13,pointu,pointue,11,M,P,pointu,-8.246562,pointue,-13.68863,1
9710,S_NOUN_8_ADJ_a,M,S,le collier avec les claviers qui était là depuis hier est aussi très rond <eos>,13,rond,ronde,11,M,P,rond,-10.38015,ronde,-14.239113,1
9711,S_NOUN_8_ADJ_a,M,S,le collier avec les claviers qui était là depuis hier est aussi très froid <eos>,13,froid,froide,11,M,P,froid,-7.920155,froide,-12.872232,1
9712,S_NOUN_8_ADJ_a,M,S,le collier avec les claviers qui était là depuis hier est aussi très chaud <eos>,13,chaud,chaude,11,M,P,chaud,-7.215555,chaude,-10.649089,1
9713,S_NOUN_8_ADJ_a,M,S,le collier avec les claviers qui était là depuis hier est aussi très important <eos>,13,important,importante,11,M,P,important,-4.366527,importante,-8.545412,1
9714,S_NOUN_8_ADJ_a,M,S,le collier avec les claviers qui était là depuis hier est aussi très court <eos>,13,court,courte,11,M,P,court,-5.264308,courte,-9.572308,1
9715,S_NOUN_8_ADJ_a,M,S,le collier avec les claviers qui était là depuis hier est aussi très dur <eos>,13,dur,dure,11,M,P,dur,-4.9745345,dure,-7.9644666,1
9716,S_NOUN_8_ADJ_a,M,S,le collier avec les claviers qui était là depuis hier est aussi très clair <eos>,13,clair,claire,11,M,P,clair,-5.965726,claire,-9.10319,1
9717,S_NOUN_8_ADJ_a,M,S,le collier avec les claviers qui était là depuis hier est aussi très intéressant <eos>,13,intéressant,intéressante,11,M,P,intéressant,-5.892116,intéressante,-9.746813,1
9718,S_NOUN_8_ADJ_a,M,S,le collier avec les claviers qui était là depuis hier est aussi très brillant <eos>,13,brillant,brillante,11,M,P,brillant,-7.0983067,brillante,-10.511274,1
9719,S_NOUN_8_ADJ_a,M,S,le collier avec les claviers qui était là depuis hier est aussi très compliqué <eos>,13,compliqué,compliquée,11,M,P,compliqué,-5.8688693,compliquée,-8.975801,1
9720,S_NOUN_8_ADJ_a,M,S,le collier avec les raisins qui était là depuis hier est aussi très vert <eos>,13,vert,verte,11,M,P,vert,-9.475262,verte,-13.771669,1
9721,S_NOUN_8_ADJ_a,M,S,le collier avec les raisins qui était là depuis hier est aussi très bleu <eos>,13,bleu,bleue,11,M,P,bleu,-10.606326,bleue,-16.394728,1
9722,S_NOUN_8_ADJ_a,M,S,le collier avec les raisins qui était là depuis hier est aussi très noir <eos>,13,noir,noire,11,M,P,noir,-9.536787,noire,-13.164803,1
9723,S_NOUN_8_ADJ_a,M,S,le collier avec les raisins qui était là depuis hier est aussi très délicat <eos>,13,délicat,délicate,11,M,P,délicat,-6.3259907,délicate,-9.307842,1
9724,S_NOUN_8_ADJ_a,M,S,le collier avec les raisins qui était là depuis hier est aussi très pointu <eos>,13,pointu,pointue,11,M,P,pointu,-7.8692026,pointue,-12.89231,1
9725,S_NOUN_8_ADJ_a,M,S,le collier avec les raisins qui était là depuis hier est aussi très rond <eos>,13,rond,ronde,11,M,P,rond,-10.392315,ronde,-12.703394,1
9726,S_NOUN_8_ADJ_a,M,S,le collier avec les raisins qui était là depuis hier est aussi très froid <eos>,13,froid,froide,11,M,P,froid,-6.888379,froide,-11.6563425,1
9727,S_NOUN_8_ADJ_a,M,S,le collier avec les raisins qui était là depuis hier est aussi très chaud <eos>,13,chaud,chaude,11,M,P,chaud,-5.989363,chaude,-10.553991,1
9728,S_NOUN_8_ADJ_a,M,S,le collier avec les raisins qui était là depuis hier est aussi très important <eos>,13,important,importante,11,M,P,important,-4.2191205,importante,-8.025316,1
9729,S_NOUN_8_ADJ_a,M,S,le collier avec les raisins qui était là depuis hier est aussi très court <eos>,13,court,courte,11,M,P,court,-4.54575,courte,-9.755037,1
9730,S_NOUN_8_ADJ_a,M,S,le collier avec les raisins qui était là depuis hier est aussi très dur <eos>,13,dur,dure,11,M,P,dur,-4.6015806,dure,-7.6115503,1
9731,S_NOUN_8_ADJ_a,M,S,le collier avec les raisins qui était là depuis hier est aussi très clair <eos>,13,clair,claire,11,M,P,clair,-5.161134,claire,-8.632599,1
9732,S_NOUN_8_ADJ_a,M,S,le collier avec les raisins qui était là depuis hier est aussi très intéressant <eos>,13,intéressant,intéressante,11,M,P,intéressant,-5.996022,intéressante,-10.082083,1
9733,S_NOUN_8_ADJ_a,M,S,le collier avec les raisins qui était là depuis hier est aussi très brillant <eos>,13,brillant,brillante,11,M,P,brillant,-7.07588,brillante,-10.385667,1
9734,S_NOUN_8_ADJ_a,M,S,le collier avec les raisins qui était là depuis hier est aussi très compliqué <eos>,13,compliqué,compliquée,11,M,P,compliqué,-6.8008842,compliquée,-10.298864,1
9735,S_NOUN_8_ADJ_a,M,S,le collier avec les chargeurs qui était là depuis hier est aussi très vert <eos>,13,vert,verte,11,M,P,vert,-10.68391,verte,-14.868522,1
9736,S_NOUN_8_ADJ_a,M,S,le collier avec les chargeurs qui était là depuis hier est aussi très bleu <eos>,13,bleu,bleue,11,M,P,bleu,-11.093164,bleue,-17.51459,1
9737,S_NOUN_8_ADJ_a,M,S,le collier avec les chargeurs qui était là depuis hier est aussi très noir <eos>,13,noir,noire,11,M,P,noir,-9.473126,noire,-14.358648,1
9738,S_NOUN_8_ADJ_a,M,S,le collier avec les chargeurs qui était là depuis hier est aussi très délicat <eos>,13,délicat,délicate,11,M,P,délicat,-7.7032175,délicate,-10.010147,1
9739,S_NOUN_8_ADJ_a,M,S,le collier avec les chargeurs qui était là depuis hier est aussi très pointu <eos>,13,pointu,pointue,11,M,P,pointu,-8.374111,pointue,-12.717005,1
9740,S_NOUN_8_ADJ_a,M,S,le collier avec les chargeurs qui était là depuis hier est aussi très rond <eos>,13,rond,ronde,11,M,P,rond,-10.172472,ronde,-13.644688,1
9741,S_NOUN_8_ADJ_a,M,S,le collier avec les chargeurs qui était là depuis hier est aussi très froid <eos>,13,froid,froide,11,M,P,froid,-7.986559,froide,-12.169344,1
9742,S_NOUN_8_ADJ_a,M,S,le collier avec les chargeurs qui était là depuis hier est aussi très chaud <eos>,13,chaud,chaude,11,M,P,chaud,-7.3520093,chaude,-11.209953,1
9743,S_NOUN_8_ADJ_a,M,S,le collier avec les chargeurs qui était là depuis hier est aussi très important <eos>,13,important,importante,11,M,P,important,-3.6444805,importante,-7.7943525,1
9744,S_NOUN_8_ADJ_a,M,S,le collier avec les chargeurs qui était là depuis hier est aussi très court <eos>,13,court,courte,11,M,P,court,-4.323989,courte,-8.4302225,1
9745,S_NOUN_8_ADJ_a,M,S,le collier avec les chargeurs qui était là depuis hier est aussi très dur <eos>,13,dur,dure,11,M,P,dur,-5.655139,dure,-9.0336275,1
9746,S_NOUN_8_ADJ_a,M,S,le collier avec les chargeurs qui était là depuis hier est aussi très clair <eos>,13,clair,claire,11,M,P,clair,-6.982027,claire,-10.827457,1
9747,S_NOUN_8_ADJ_a,M,S,le collier avec les chargeurs qui était là depuis hier est aussi très intéressant <eos>,13,intéressant,intéressante,11,M,P,intéressant,-5.987034,intéressante,-9.67235,1
9748,S_NOUN_8_ADJ_a,M,S,le collier avec les chargeurs qui était là depuis hier est aussi très brillant <eos>,13,brillant,brillante,11,M,P,brillant,-7.91469,brillante,-11.503051,1
9749,S_NOUN_8_ADJ_a,M,S,le collier avec les chargeurs qui était là depuis hier est aussi très compliqué <eos>,13,compliqué,compliquée,11,M,P,compliqué,-5.7735767,compliquée,-9.521689,1
9750,S_NOUN_8_ADJ_a,M,S,le collier avec les vases qui était là depuis hier est aussi très vert <eos>,13,vert,verte,11,M,P,vert,-10.21306,verte,-13.574314,1
9751,S_NOUN_8_ADJ_a,M,S,le collier avec les vases qui était là depuis hier est aussi très bleu <eos>,13,bleu,bleue,11,M,P,bleu,-10.787572,bleue,-15.8723755,1
9752,S_NOUN_8_ADJ_a,M,S,le collier avec les vases qui était là depuis hier est aussi très noir <eos>,13,noir,noire,11,M,P,noir,-9.938657,noire,-12.811746,1
9753,S_NOUN_8_ADJ_a,M,S,le collier avec les vases qui était là depuis hier est aussi très délicat <eos>,13,délicat,délicate,11,M,P,délicat,-7.129241,délicate,-9.812079,1
9754,S_NOUN_8_ADJ_a,M,S,le collier avec les vases qui était là depuis hier est aussi très pointu <eos>,13,pointu,pointue,11,M,P,pointu,-7.9906054,pointue,-12.776192,1
9755,S_NOUN_8_ADJ_a,M,S,le collier avec les vases qui était là depuis hier est aussi très rond <eos>,13,rond,ronde,11,M,P,rond,-10.308416,ronde,-12.940826,1
9756,S_NOUN_8_ADJ_a,M,S,le collier avec les vases qui était là depuis hier est aussi très froid <eos>,13,froid,froide,11,M,P,froid,-8.494696,froide,-12.270182,1
9757,S_NOUN_8_ADJ_a,M,S,le collier avec les vases qui était là depuis hier est aussi très chaud <eos>,13,chaud,chaude,11,M,P,chaud,-7.232296,chaude,-10.977881,1
9758,S_NOUN_8_ADJ_a,M,S,le collier avec les vases qui était là depuis hier est aussi très important <eos>,13,important,importante,11,M,P,important,-4.592186,importante,-8.470306,1
9759,S_NOUN_8_ADJ_a,M,S,le collier avec les vases qui était là depuis hier est aussi très court <eos>,13,court,courte,11,M,P,court,-4.636023,courte,-9.217703,1
9760,S_NOUN_8_ADJ_a,M,S,le collier avec les vases qui était là depuis hier est aussi très dur <eos>,13,dur,dure,11,M,P,dur,-5.5644045,dure,-8.022589,1
9761,S_NOUN_8_ADJ_a,M,S,le collier avec les vases qui était là depuis hier est aussi très clair <eos>,13,clair,claire,11,M,P,clair,-5.79039,claire,-9.084721,1
9762,S_NOUN_8_ADJ_a,M,S,le collier avec les vases qui était là depuis hier est aussi très intéressant <eos>,13,intéressant,intéressante,11,M,P,intéressant,-6.091304,intéressante,-9.978134,1
9763,S_NOUN_8_ADJ_a,M,S,le collier avec les vases qui était là depuis hier est aussi très brillant <eos>,13,brillant,brillante,11,M,P,brillant,-7.232426,brillante,-10.164223,1
9764,S_NOUN_8_ADJ_a,M,S,le collier avec les vases qui était là depuis hier est aussi très compliqué <eos>,13,compliqué,compliquée,11,M,P,compliqué,-6.7357793,compliquée,-10.069628,1
9765,S_NOUN_8_ADJ_a,M,S,le collier avec les paniers qui était là depuis hier est aussi très vert <eos>,13,vert,verte,11,M,P,vert,-10.034794,verte,-13.625593,1
9766,S_NOUN_8_ADJ_a,M,S,le collier avec les paniers qui était là depuis hier est aussi très bleu <eos>,13,bleu,bleue,11,M,P,bleu,-10.457413,bleue,-15.818838,1
9767,S_NOUN_8_ADJ_a,M,S,le collier avec les paniers qui était là depuis hier est aussi très noir <eos>,13,noir,noire,11,M,P,noir,-9.297084,noire,-12.682399,1
9768,S_NOUN_8_ADJ_a,M,S,le collier avec les paniers qui était là depuis hier est aussi très délicat <eos>,13,délicat,délicate,11,M,P,délicat,-7.261859,délicate,-10.17235,1
9769,S_NOUN_8_ADJ_a,M,S,le collier avec les paniers qui était là depuis hier est aussi très pointu <eos>,13,pointu,pointue,11,M,P,pointu,-7.411315,pointue,-12.415198,1
9770,S_NOUN_8_ADJ_a,M,S,le collier avec les paniers qui était là depuis hier est aussi très rond <eos>,13,rond,ronde,11,M,P,rond,-9.8658695,ronde,-12.763689,1
9771,S_NOUN_8_ADJ_a,M,S,le collier avec les paniers qui était là depuis hier est aussi très froid <eos>,13,froid,froide,11,M,P,froid,-8.47791,froide,-12.380965,1
9772,S_NOUN_8_ADJ_a,M,S,le collier avec les paniers qui était là depuis hier est aussi très chaud <eos>,13,chaud,chaude,11,M,P,chaud,-7.216939,chaude,-11.214368,1
9773,S_NOUN_8_ADJ_a,M,S,le collier avec les paniers qui était là depuis hier est aussi très important <eos>,13,important,importante,11,M,P,important,-4.764784,importante,-8.786272,1
9774,S_NOUN_8_ADJ_a,M,S,le collier avec les paniers qui était là depuis hier est aussi très court <eos>,13,court,courte,11,M,P,court,-4.2016516,courte,-8.809763,1
9775,S_NOUN_8_ADJ_a,M,S,le collier avec les paniers qui était là depuis hier est aussi très dur <eos>,13,dur,dure,11,M,P,dur,-5.5820456,dure,-8.1982155,1
9776,S_NOUN_8_ADJ_a,M,S,le collier avec les paniers qui était là depuis hier est aussi très clair <eos>,13,clair,claire,11,M,P,clair,-5.8483534,claire,-9.245637,1
9777,S_NOUN_8_ADJ_a,M,S,le collier avec les paniers qui était là depuis hier est aussi très intéressant <eos>,13,intéressant,intéressante,11,M,P,intéressant,-6.204459,intéressante,-9.971546,1
9778,S_NOUN_8_ADJ_a,M,S,le collier avec les paniers qui était là depuis hier est aussi très brillant <eos>,13,brillant,brillante,11,M,P,brillant,-7.480763,brillante,-10.758636,1
9779,S_NOUN_8_ADJ_a,M,S,le collier avec les paniers qui était là depuis hier est aussi très compliqué <eos>,13,compliqué,compliquée,11,M,P,compliqué,-6.2907166,compliquée,-9.631483,1
9780,S_NOUN_8_ADJ_a,M,S,le collier avec les colliers qui était là depuis hier est aussi très vert <eos>,13,vert,verte,11,M,P,vert,-10.286325,verte,-13.703098,1
9781,S_NOUN_8_ADJ_a,M,S,le collier avec les colliers qui était là depuis hier est aussi très bleu <eos>,13,bleu,bleue,11,M,P,bleu,-10.725796,bleue,-15.953446,1
9782,S_NOUN_8_ADJ_a,M,S,le collier avec les colliers qui était là depuis hier est aussi très noir <eos>,13,noir,noire,11,M,P,noir,-9.718627,noire,-12.851576,1
9783,S_NOUN_8_ADJ_a,M,S,le collier avec les colliers qui était là depuis hier est aussi très délicat <eos>,13,délicat,délicate,11,M,P,délicat,-7.1608744,délicate,-9.738949,1
9784,S_NOUN_8_ADJ_a,M,S,le collier avec les colliers qui était là depuis hier est aussi très pointu <eos>,13,pointu,pointue,11,M,P,pointu,-7.7652187,pointue,-12.274191,1
9785,S_NOUN_8_ADJ_a,M,S,le collier avec les colliers qui était là depuis hier est aussi très rond <eos>,13,rond,ronde,11,M,P,rond,-10.279242,ronde,-13.009401,1
9786,S_NOUN_8_ADJ_a,M,S,le collier avec les colliers qui était là depuis hier est aussi très froid <eos>,13,froid,froide,11,M,P,froid,-8.894621,froide,-12.386179,1
9787,S_NOUN_8_ADJ_a,M,S,le collier avec les colliers qui était là depuis hier est aussi très chaud <eos>,13,chaud,chaude,11,M,P,chaud,-7.833396,chaude,-11.290081,1
9788,S_NOUN_8_ADJ_a,M,S,le collier avec les colliers qui était là depuis hier est aussi très important <eos>,13,important,importante,11,M,P,important,-4.688596,importante,-8.49622,1
9789,S_NOUN_8_ADJ_a,M,S,le collier avec les colliers qui était là depuis hier est aussi très court <eos>,13,court,courte,11,M,P,court,-4.3468227,courte,-8.556801,1
9790,S_NOUN_8_ADJ_a,M,S,le collier avec les colliers qui était là depuis hier est aussi très dur <eos>,13,dur,dure,11,M,P,dur,-5.6648808,dure,-8.101975,1
9791,S_NOUN_8_ADJ_a,M,S,le collier avec les colliers qui était là depuis hier est aussi très clair <eos>,13,clair,claire,11,M,P,clair,-5.87955,claire,-9.345937,1
9792,S_NOUN_8_ADJ_a,M,S,le collier avec les colliers qui était là depuis hier est aussi très intéressant <eos>,13,intéressant,intéressante,11,M,P,intéressant,-6.1809998,intéressante,-9.900105,1
9793,S_NOUN_8_ADJ_a,M,S,le collier avec les colliers qui était là depuis hier est aussi très brillant <eos>,13,brillant,brillante,11,M,P,brillant,-7.347012,brillante,-10.25777,1
9794,S_NOUN_8_ADJ_a,M,S,le collier avec les colliers qui était là depuis hier est aussi très compliqué <eos>,13,compliqué,compliquée,11,M,P,compliqué,-6.1406403,compliquée,-9.569371,1
9795,S_NOUN_8_ADJ_a,M,S,le collier avec les chapeaux qui était là depuis hier est aussi très vert <eos>,13,vert,verte,11,M,P,vert,-10.036047,verte,-13.523434,1
9796,S_NOUN_8_ADJ_a,M,S,le collier avec les chapeaux qui était là depuis hier est aussi très bleu <eos>,13,bleu,bleue,11,M,P,bleu,-10.242515,bleue,-15.763283,1
9797,S_NOUN_8_ADJ_a,M,S,le collier avec les chapeaux qui était là depuis hier est aussi très noir <eos>,13,noir,noire,11,M,P,noir,-9.1332,noire,-12.945549,1
9798,S_NOUN_8_ADJ_a,M,S,le collier avec les chapeaux qui était là depuis hier est aussi très délicat <eos>,13,délicat,délicate,11,M,P,délicat,-7.502125,délicate,-10.630841,1
9799,S_NOUN_8_ADJ_a,M,S,le collier avec les chapeaux qui était là depuis hier est aussi très pointu <eos>,13,pointu,pointue,11,M,P,pointu,-7.864171,pointue,-13.159616,1
9800,S_NOUN_8_ADJ_a,M,S,le collier avec les chapeaux qui était là depuis hier est aussi très rond <eos>,13,rond,ronde,11,M,P,rond,-10.210797,ronde,-13.399058,1
9801,S_NOUN_8_ADJ_a,M,S,le collier avec les chapeaux qui était là depuis hier est aussi très froid <eos>,13,froid,froide,11,M,P,froid,-8.265805,froide,-12.590973,1
9802,S_NOUN_8_ADJ_a,M,S,le collier avec les chapeaux qui était là depuis hier est aussi très chaud <eos>,13,chaud,chaude,11,M,P,chaud,-7.379485,chaude,-11.303842,1
9803,S_NOUN_8_ADJ_a,M,S,le collier avec les chapeaux qui était là depuis hier est aussi très important <eos>,13,important,importante,11,M,P,important,-4.75663,importante,-8.920966,1
9804,S_NOUN_8_ADJ_a,M,S,le collier avec les chapeaux qui était là depuis hier est aussi très court <eos>,13,court,courte,11,M,P,court,-4.3981028,courte,-8.998766,1
9805,S_NOUN_8_ADJ_a,M,S,le collier avec les chapeaux qui était là depuis hier est aussi très dur <eos>,13,dur,dure,11,M,P,dur,-6.099778,dure,-8.52721,1
9806,S_NOUN_8_ADJ_a,M,S,le collier avec les chapeaux qui était là depuis hier est aussi très clair <eos>,13,clair,claire,11,M,P,clair,-6.145241,claire,-9.594892,1
9807,S_NOUN_8_ADJ_a,M,S,le collier avec les chapeaux qui était là depuis hier est aussi très intéressant <eos>,13,intéressant,intéressante,11,M,P,intéressant,-6.245679,intéressante,-10.011808,1
9808,S_NOUN_8_ADJ_a,M,S,le collier avec les chapeaux qui était là depuis hier est aussi très brillant <eos>,13,brillant,brillante,11,M,P,brillant,-7.6525702,brillante,-10.824851,1
9809,S_NOUN_8_ADJ_a,M,S,le collier avec les chapeaux qui était là depuis hier est aussi très compliqué <eos>,13,compliqué,compliquée,11,M,P,compliqué,-6.3210125,compliquée,-10.237158,1
9810,S_NOUN_8_ADJ_a,M,S,le collier avec les pots qui était là depuis hier est aussi très vert <eos>,13,vert,verte,11,M,P,vert,-9.597038,verte,-13.597516,1
9811,S_NOUN_8_ADJ_a,M,S,le collier avec les pots qui était là depuis hier est aussi très bleu <eos>,13,bleu,bleue,11,M,P,bleu,-10.5766115,bleue,-16.25175,1
9812,S_NOUN_8_ADJ_a,M,S,le collier avec les pots qui était là depuis hier est aussi très noir <eos>,13,noir,noire,11,M,P,noir,-9.417207,noire,-13.276629,1
9813,S_NOUN_8_ADJ_a,M,S,le collier avec les pots qui était là depuis hier est aussi très délicat <eos>,13,délicat,délicate,11,M,P,délicat,-6.842215,délicate,-9.53204,1
9814,S_NOUN_8_ADJ_a,M,S,le collier avec les pots qui était là depuis hier est aussi très pointu <eos>,13,pointu,pointue,11,M,P,pointu,-7.9974194,pointue,-12.799869,1
9815,S_NOUN_8_ADJ_a,M,S,le collier avec les pots qui était là depuis hier est aussi très rond <eos>,13,rond,ronde,11,M,P,rond,-10.034697,ronde,-12.696325,1
9816,S_NOUN_8_ADJ_a,M,S,le collier avec les pots qui était là depuis hier est aussi très froid <eos>,13,froid,froide,11,M,P,froid,-7.772671,froide,-11.6001835,1
9817,S_NOUN_8_ADJ_a,M,S,le collier avec les pots qui était là depuis hier est aussi très chaud <eos>,13,chaud,chaude,11,M,P,chaud,-6.235426,chaude,-10.154076,1
9818,S_NOUN_8_ADJ_a,M,S,le collier avec les pots qui était là depuis hier est aussi très important <eos>,13,important,importante,11,M,P,important,-4.4661355,importante,-8.2678585,1
9819,S_NOUN_8_ADJ_a,M,S,le collier avec les pots qui était là depuis hier est aussi très court <eos>,13,court,courte,11,M,P,court,-4.8095894,courte,-9.3580065,1
9820,S_NOUN_8_ADJ_a,M,S,le collier avec les pots qui était là depuis hier est aussi très dur <eos>,13,dur,dure,11,M,P,dur,-5.211075,dure,-7.9910145,1
9821,S_NOUN_8_ADJ_a,M,S,le collier avec les pots qui était là depuis hier est aussi très clair <eos>,13,clair,claire,11,M,P,clair,-6.0309067,claire,-9.374691,1
9822,S_NOUN_8_ADJ_a,M,S,le collier avec les pots qui était là depuis hier est aussi très intéressant <eos>,13,intéressant,intéressante,11,M,P,intéressant,-5.988784,intéressante,-9.684356,1
9823,S_NOUN_8_ADJ_a,M,S,le collier avec les pots qui était là depuis hier est aussi très brillant <eos>,13,brillant,brillante,11,M,P,brillant,-7.0673037,brillante,-10.328563,1
9824,S_NOUN_8_ADJ_a,M,S,le collier avec les pots qui était là depuis hier est aussi très compliqué <eos>,13,compliqué,compliquée,11,M,P,compliqué,-6.3737197,compliquée,-9.856594,1
9825,S_NOUN_8_ADJ_a,M,S,le collier avec les coussins qui était là depuis hier est aussi très vert <eos>,13,vert,verte,11,M,P,vert,-10.17257,verte,-14.002577,1
9826,S_NOUN_8_ADJ_a,M,S,le collier avec les coussins qui était là depuis hier est aussi très bleu <eos>,13,bleu,bleue,11,M,P,bleu,-10.648655,bleue,-16.213135,1
9827,S_NOUN_8_ADJ_a,M,S,le collier avec les coussins qui était là depuis hier est aussi très noir <eos>,13,noir,noire,11,M,P,noir,-9.459959,noire,-13.348639,1
9828,S_NOUN_8_ADJ_a,M,S,le collier avec les coussins qui était là depuis hier est aussi très délicat <eos>,13,délicat,délicate,11,M,P,délicat,-7.5005274,délicate,-10.411299,1
9829,S_NOUN_8_ADJ_a,M,S,le collier avec les coussins qui était là depuis hier est aussi très pointu <eos>,13,pointu,pointue,11,M,P,pointu,-7.747856,pointue,-12.68636,1
9830,S_NOUN_8_ADJ_a,M,S,le collier avec les coussins qui était là depuis hier est aussi très rond <eos>,13,rond,ronde,11,M,P,rond,-10.087514,ronde,-13.1021185,1
9831,S_NOUN_8_ADJ_a,M,S,le collier avec les coussins qui était là depuis hier est aussi très froid <eos>,13,froid,froide,11,M,P,froid,-8.419506,froide,-12.209188,1
9832,S_NOUN_8_ADJ_a,M,S,le collier avec les coussins qui était là depuis hier est aussi très chaud <eos>,13,chaud,chaude,11,M,P,chaud,-7.354294,chaude,-10.835375,1
9833,S_NOUN_8_ADJ_a,M,S,le collier avec les coussins qui était là depuis hier est aussi très important <eos>,13,important,importante,11,M,P,important,-4.729501,importante,-8.7761345,1
9834,S_NOUN_8_ADJ_a,M,S,le collier avec les coussins qui était là depuis hier est aussi très court <eos>,13,court,courte,11,M,P,court,-4.4263406,courte,-9.099848,1
9835,S_NOUN_8_ADJ_a,M,S,le collier avec les coussins qui était là depuis hier est aussi très dur <eos>,13,dur,dure,11,M,P,dur,-5.882303,dure,-8.248625,1
9836,S_NOUN_8_ADJ_a,M,S,le collier avec les coussins qui était là depuis hier est aussi très clair <eos>,13,clair,claire,11,M,P,clair,-6.3676634,claire,-9.601447,1
9837,S_NOUN_8_ADJ_a,M,S,le collier avec les coussins qui était là depuis hier est aussi très intéressant <eos>,13,intéressant,intéressante,11,M,P,intéressant,-6.1654572,intéressante,-9.7708845,1
9838,S_NOUN_8_ADJ_a,M,S,le collier avec les coussins qui était là depuis hier est aussi très brillant <eos>,13,brillant,brillante,11,M,P,brillant,-7.672385,brillante,-11.153574,1
9839,S_NOUN_8_ADJ_a,M,S,le collier avec les coussins qui était là depuis hier est aussi très compliqué <eos>,13,compliqué,compliquée,11,M,P,compliqué,-6.027608,compliquée,-9.452379,1
9840,S_NOUN_8_ADJ_a,M,S,le collier avec les jouets qui était là depuis hier est aussi très vert <eos>,13,vert,verte,11,M,P,vert,-10.511679,verte,-13.988714,1
9841,S_NOUN_8_ADJ_a,M,S,le collier avec les jouets qui était là depuis hier est aussi très bleu <eos>,13,bleu,bleue,11,M,P,bleu,-10.90419,bleue,-16.604588,1
9842,S_NOUN_8_ADJ_a,M,S,le collier avec les jouets qui était là depuis hier est aussi très noir <eos>,13,noir,noire,11,M,P,noir,-9.356205,noire,-14.008026,1
9843,S_NOUN_8_ADJ_a,M,S,le collier avec les jouets qui était là depuis hier est aussi très délicat <eos>,13,délicat,délicate,11,M,P,délicat,-7.679264,délicate,-10.6419935,1
9844,S_NOUN_8_ADJ_a,M,S,le collier avec les jouets qui était là depuis hier est aussi très pointu <eos>,13,pointu,pointue,11,M,P,pointu,-8.159833,pointue,-14.066739,1
9845,S_NOUN_8_ADJ_a,M,S,le collier avec les jouets qui était là depuis hier est aussi très rond <eos>,13,rond,ronde,11,M,P,rond,-10.751873,ronde,-14.870924,1
9846,S_NOUN_8_ADJ_a,M,S,le collier avec les jouets qui était là depuis hier est aussi très froid <eos>,13,froid,froide,11,M,P,froid,-7.636222,froide,-12.638852,1
9847,S_NOUN_8_ADJ_a,M,S,le collier avec les jouets qui était là depuis hier est aussi très chaud <eos>,13,chaud,chaude,11,M,P,chaud,-7.0258603,chaude,-11.335724,1
9848,S_NOUN_8_ADJ_a,M,S,le collier avec les jouets qui était là depuis hier est aussi très important <eos>,13,important,importante,11,M,P,important,-4.3998795,importante,-8.547229,1
9849,S_NOUN_8_ADJ_a,M,S,le collier avec les jouets qui était là depuis hier est aussi très court <eos>,13,court,courte,11,M,P,court,-4.928378,courte,-9.770186,1
9850,S_NOUN_8_ADJ_a,M,S,le collier avec les jouets qui était là depuis hier est aussi très dur <eos>,13,dur,dure,11,M,P,dur,-6.144992,dure,-8.433636,1
9851,S_NOUN_8_ADJ_a,M,S,le collier avec les jouets qui était là depuis hier est aussi très clair <eos>,13,clair,claire,11,M,P,clair,-6.275072,claire,-9.481119,1
9852,S_NOUN_8_ADJ_a,M,S,le collier avec les jouets qui était là depuis hier est aussi très intéressant <eos>,13,intéressant,intéressante,11,M,P,intéressant,-5.919833,intéressante,-9.696577,1
9853,S_NOUN_8_ADJ_a,M,S,le collier avec les jouets qui était là depuis hier est aussi très brillant <eos>,13,brillant,brillante,11,M,P,brillant,-7.699004,brillante,-10.961294,1
9854,S_NOUN_8_ADJ_a,M,S,le collier avec les jouets qui était là depuis hier est aussi très compliqué <eos>,13,compliqué,compliquée,11,M,P,compliqué,-6.217137,compliquée,-9.619442,1
9855,S_NOUN_8_ADJ_a,M,S,le collier avec les clous qui était là depuis hier est aussi très vert <eos>,13,vert,verte,11,M,P,vert,-9.854713,verte,-13.907581,1
9856,S_NOUN_8_ADJ_a,M,S,le collier avec les clous qui était là depuis hier est aussi très bleu <eos>,13,bleu,bleue,11,M,P,bleu,-10.556266,bleue,-16.100151,1
9857,S_NOUN_8_ADJ_a,M,S,le collier avec les clous qui était là depuis hier est aussi très noir <eos>,13,noir,noire,11,M,P,noir,-9.32789,noire,-13.05818,1
9858,S_NOUN_8_ADJ_a,M,S,le collier avec les clous qui était là depuis hier est aussi très délicat <eos>,13,délicat,délicate,11,M,P,délicat,-6.8857937,délicate,-9.561586,1
9859,S_NOUN_8_ADJ_a,M,S,le collier avec les clous qui était là depuis hier est aussi très pointu <eos>,13,pointu,pointue,11,M,P,pointu,-7.607465,pointue,-12.599931,1
9860,S_NOUN_8_ADJ_a,M,S,le collier avec les clous qui était là depuis hier est aussi très rond <eos>,13,rond,ronde,11,M,P,rond,-10.114853,ronde,-12.985575,1
9861,S_NOUN_8_ADJ_a,M,S,le collier avec les clous qui était là depuis hier est aussi très froid <eos>,13,froid,froide,11,M,P,froid,-7.924182,froide,-11.8914385,1
9862,S_NOUN_8_ADJ_a,M,S,le collier avec les clous qui était là depuis hier est aussi très chaud <eos>,13,chaud,chaude,11,M,P,chaud,-7.026525,chaude,-10.994129,1
9863,S_NOUN_8_ADJ_a,M,S,le collier avec les clous qui était là depuis hier est aussi très important <eos>,13,important,importante,11,M,P,important,-4.5379,importante,-8.638901,1
9864,S_NOUN_8_ADJ_a,M,S,le collier avec les clous qui était là depuis hier est aussi très court <eos>,13,court,courte,11,M,P,court,-4.382058,courte,-9.07851,1
9865,S_NOUN_8_ADJ_a,M,S,le collier avec les clous qui était là depuis hier est aussi très dur <eos>,13,dur,dure,11,M,P,dur,-5.2201333,dure,-7.9532065,1
9866,S_NOUN_8_ADJ_a,M,S,le collier avec les clous qui était là depuis hier est aussi très clair <eos>,13,clair,claire,11,M,P,clair,-5.890209,claire,-9.436964,1
9867,S_NOUN_8_ADJ_a,M,S,le collier avec les clous qui était là depuis hier est aussi très intéressant <eos>,13,intéressant,intéressante,11,M,P,intéressant,-5.9583764,intéressante,-9.981656,1
9868,S_NOUN_8_ADJ_a,M,S,le collier avec les clous qui était là depuis hier est aussi très brillant <eos>,13,brillant,brillante,11,M,P,brillant,-7.423132,brillante,-10.723192,1
9869,S_NOUN_8_ADJ_a,M,S,le collier avec les clous qui était là depuis hier est aussi très compliqué <eos>,13,compliqué,compliquée,11,M,P,compliqué,-6.323408,compliquée,-9.690471,1
9870,S_NOUN_8_ADJ_a,M,S,le collier avec les billets qui était là depuis hier est aussi très vert <eos>,13,vert,verte,11,M,P,vert,-10.358578,verte,-14.475856,1
9871,S_NOUN_8_ADJ_a,M,S,le collier avec les billets qui était là depuis hier est aussi très bleu <eos>,13,bleu,bleue,11,M,P,bleu,-10.650881,bleue,-17.262335,1
9872,S_NOUN_8_ADJ_a,M,S,le collier avec les billets qui était là depuis hier est aussi très noir <eos>,13,noir,noire,11,M,P,noir,-9.298218,noire,-14.466718,1
9873,S_NOUN_8_ADJ_a,M,S,le collier avec les billets qui était là depuis hier est aussi très délicat <eos>,13,délicat,délicate,11,M,P,délicat,-7.6054497,délicate,-10.75438,1
9874,S_NOUN_8_ADJ_a,M,S,le collier avec les billets qui était là depuis hier est aussi très pointu <eos>,13,pointu,pointue,11,M,P,pointu,-9.104525,pointue,-14.099224,1
9875,S_NOUN_8_ADJ_a,M,S,le collier avec les billets qui était là depuis hier est aussi très rond <eos>,13,rond,ronde,11,M,P,rond,-10.807331,ronde,-14.794696,1
9876,S_NOUN_8_ADJ_a,M,S,le collier avec les billets qui était là depuis hier est aussi très froid <eos>,13,froid,froide,11,M,P,froid,-8.602415,froide,-13.143287,1
9877,S_NOUN_8_ADJ_a,M,S,le collier avec les billets qui était là depuis hier est aussi très chaud <eos>,13,chaud,chaude,11,M,P,chaud,-7.694108,chaude,-11.387294,1
9878,S_NOUN_8_ADJ_a,M,S,le collier avec les billets qui était là depuis hier est aussi très important <eos>,13,important,importante,11,M,P,important,-3.876585,importante,-8.089717,1
9879,S_NOUN_8_ADJ_a,M,S,le collier avec les billets qui était là depuis hier est aussi très court <eos>,13,court,courte,11,M,P,court,-4.342574,courte,-8.862385,1
9880,S_NOUN_8_ADJ_a,M,S,le collier avec les billets qui était là depuis hier est aussi très dur <eos>,13,dur,dure,11,M,P,dur,-6.6284237,dure,-9.415472,1
9881,S_NOUN_8_ADJ_a,M,S,le collier avec les billets qui était là depuis hier est aussi très clair <eos>,13,clair,claire,11,M,P,clair,-6.4021883,claire,-10.194416,1
9882,S_NOUN_8_ADJ_a,M,S,le collier avec les billets qui était là depuis hier est aussi très intéressant <eos>,13,intéressant,intéressante,11,M,P,intéressant,-5.922641,intéressante,-9.281822,1
9883,S_NOUN_8_ADJ_a,M,S,le collier avec les billets qui était là depuis hier est aussi très brillant <eos>,13,brillant,brillante,11,M,P,brillant,-8.077257,brillante,-11.478321,1
9884,S_NOUN_8_ADJ_a,M,S,le collier avec les billets qui était là depuis hier est aussi très compliqué <eos>,13,compliqué,compliquée,11,M,P,compliqué,-6.1890764,compliquée,-10.323854,1
9885,S_NOUN_8_ADJ_a,M,S,le collier avec les légumes qui était là depuis hier est aussi très vert <eos>,13,vert,verte,11,M,P,vert,-9.784665,verte,-13.701911,1
9886,S_NOUN_8_ADJ_a,M,S,le collier avec les légumes qui était là depuis hier est aussi très bleu <eos>,13,bleu,bleue,11,M,P,bleu,-10.681781,bleue,-16.14437,1
9887,S_NOUN_8_ADJ_a,M,S,le collier avec les légumes qui était là depuis hier est aussi très noir <eos>,13,noir,noire,11,M,P,noir,-9.507179,noire,-13.372349,1
9888,S_NOUN_8_ADJ_a,M,S,le collier avec les légumes qui était là depuis hier est aussi très délicat <eos>,13,délicat,délicate,11,M,P,délicat,-6.676064,délicate,-9.604034,1
9889,S_NOUN_8_ADJ_a,M,S,le collier avec les légumes qui était là depuis hier est aussi très pointu <eos>,13,pointu,pointue,11,M,P,pointu,-7.772554,pointue,-13.397671,1
9890,S_NOUN_8_ADJ_a,M,S,le collier avec les légumes qui était là depuis hier est aussi très rond <eos>,13,rond,ronde,11,M,P,rond,-10.227405,ronde,-13.392173,1
9891,S_NOUN_8_ADJ_a,M,S,le collier avec les légumes qui était là depuis hier est aussi très froid <eos>,13,froid,froide,11,M,P,froid,-6.9863935,froide,-11.401089,1
9892,S_NOUN_8_ADJ_a,M,S,le collier avec les légumes qui était là depuis hier est aussi très chaud <eos>,13,chaud,chaude,11,M,P,chaud,-6.0435715,chaude,-10.198523,1
9893,S_NOUN_8_ADJ_a,M,S,le collier avec les légumes qui était là depuis hier est aussi très important <eos>,13,important,importante,11,M,P,important,-4.3192806,importante,-8.216905,1
9894,S_NOUN_8_ADJ_a,M,S,le collier avec les légumes qui était là depuis hier est aussi très court <eos>,13,court,courte,11,M,P,court,-4.99679,courte,-9.803055,1
9895,S_NOUN_8_ADJ_a,M,S,le collier avec les légumes qui était là depuis hier est aussi très dur <eos>,13,dur,dure,11,M,P,dur,-5.4117537,dure,-7.792368,1
9896,S_NOUN_8_ADJ_a,M,S,le collier avec les légumes qui était là depuis hier est aussi très clair <eos>,13,clair,claire,11,M,P,clair,-5.510334,claire,-9.095729,1
9897,S_NOUN_8_ADJ_a,M,S,le collier avec les légumes qui était là depuis hier est aussi très intéressant <eos>,13,intéressant,intéressante,11,M,P,intéressant,-6.1296015,intéressante,-10.16141,1
9898,S_NOUN_8_ADJ_a,M,S,le collier avec les légumes qui était là depuis hier est aussi très brillant <eos>,13,brillant,brillante,11,M,P,brillant,-7.4424467,brillante,-10.761072,1
9899,S_NOUN_8_ADJ_a,M,S,le collier avec les légumes qui était là depuis hier est aussi très compliqué <eos>,13,compliqué,compliquée,11,M,P,compliqué,-6.8726416,compliquée,-10.471422,1
9900,S_NOUN_8_ADJ_a,M,S,le chapeau avec les bracelets qui était là depuis hier est aussi très vert <eos>,13,vert,verte,11,M,P,vert,-9.565807,verte,-12.964368,1
9901,S_NOUN_8_ADJ_a,M,S,le chapeau avec les bracelets qui était là depuis hier est aussi très bleu <eos>,13,bleu,bleue,11,M,P,bleu,-9.906422,bleue,-15.306816,1
9902,S_NOUN_8_ADJ_a,M,S,le chapeau avec les bracelets qui était là depuis hier est aussi très noir <eos>,13,noir,noire,11,M,P,noir,-8.713685,noire,-11.843382,1
9903,S_NOUN_8_ADJ_a,M,S,le chapeau avec les bracelets qui était là depuis hier est aussi très délicat <eos>,13,délicat,délicate,11,M,P,délicat,-7.3391604,délicate,-10.134684,1
9904,S_NOUN_8_ADJ_a,M,S,le chapeau avec les bracelets qui était là depuis hier est aussi très pointu <eos>,13,pointu,pointue,11,M,P,pointu,-7.5188284,pointue,-12.570225,1
9905,S_NOUN_8_ADJ_a,M,S,le chapeau avec les bracelets qui était là depuis hier est aussi très rond <eos>,13,rond,ronde,11,M,P,rond,-9.859512,ronde,-12.609535,1
9906,S_NOUN_8_ADJ_a,M,S,le chapeau avec les bracelets qui était là depuis hier est aussi très froid <eos>,13,froid,froide,11,M,P,froid,-7.7175913,froide,-11.437428,1
9907,S_NOUN_8_ADJ_a,M,S,le chapeau avec les bracelets qui était là depuis hier est aussi très chaud <eos>,13,chaud,chaude,11,M,P,chaud,-6.9815397,chaude,-10.75065,1
9908,S_NOUN_8_ADJ_a,M,S,le chapeau avec les bracelets qui était là depuis hier est aussi très important <eos>,13,important,importante,11,M,P,important,-5.2800927,importante,-8.953127,1
9909,S_NOUN_8_ADJ_a,M,S,le chapeau avec les bracelets qui était là depuis hier est aussi très court <eos>,13,court,courte,11,M,P,court,-4.7310047,courte,-8.835205,1
9910,S_NOUN_8_ADJ_a,M,S,le chapeau avec les bracelets qui était là depuis hier est aussi très dur <eos>,13,dur,dure,11,M,P,dur,-5.782584,dure,-8.708946,1
9911,S_NOUN_8_ADJ_a,M,S,le chapeau avec les bracelets qui était là depuis hier est aussi très clair <eos>,13,clair,claire,11,M,P,clair,-5.474039,claire,-8.990861,1
9912,S_NOUN_8_ADJ_a,M,S,le chapeau avec les bracelets qui était là depuis hier est aussi très intéressant <eos>,13,intéressant,intéressante,11,M,P,intéressant,-6.1921587,intéressante,-10.260433,1
9913,S_NOUN_8_ADJ_a,M,S,le chapeau avec les bracelets qui était là depuis hier est aussi très brillant <eos>,13,brillant,brillante,11,M,P,brillant,-7.2841454,brillante,-10.369436,1
9914,S_NOUN_8_ADJ_a,M,S,le chapeau avec les bracelets qui était là depuis hier est aussi très compliqué <eos>,13,compliqué,compliquée,11,M,P,compliqué,-6.5289207,compliquée,-10.282803,1
9915,S_NOUN_8_ADJ_a,M,S,le chapeau avec les miroirs qui était là depuis hier est aussi très vert <eos>,13,vert,verte,11,M,P,vert,-9.477579,verte,-13.240262,1
9916,S_NOUN_8_ADJ_a,M,S,le chapeau avec les miroirs qui était là depuis hier est aussi très bleu <eos>,13,bleu,bleue,11,M,P,bleu,-9.892899,bleue,-15.885351,1
9917,S_NOUN_8_ADJ_a,M,S,le chapeau avec les miroirs qui était là depuis hier est aussi très noir <eos>,13,noir,noire,11,M,P,noir,-8.655098,noire,-13.039277,1
9918,S_NOUN_8_ADJ_a,M,S,le chapeau avec les miroirs qui était là depuis hier est aussi très délicat <eos>,13,délicat,délicate,11,M,P,délicat,-7.1646338,délicate,-10.141816,1
9919,S_NOUN_8_ADJ_a,M,S,le chapeau avec les miroirs qui était là depuis hier est aussi très pointu <eos>,13,pointu,pointue,11,M,P,pointu,-7.9121313,pointue,-12.696765,1
9920,S_NOUN_8_ADJ_a,M,S,le chapeau avec les miroirs qui était là depuis hier est aussi très rond <eos>,13,rond,ronde,11,M,P,rond,-9.877713,ronde,-13.1535,1
9921,S_NOUN_8_ADJ_a,M,S,le chapeau avec les miroirs qui était là depuis hier est aussi très froid <eos>,13,froid,froide,11,M,P,froid,-7.040888,froide,-10.948996,1
9922,S_NOUN_8_ADJ_a,M,S,le chapeau avec les miroirs qui était là depuis hier est aussi très chaud <eos>,13,chaud,chaude,11,M,P,chaud,-6.4122896,chaude,-9.885399,1
9923,S_NOUN_8_ADJ_a,M,S,le chapeau avec les miroirs qui était là depuis hier est aussi très important <eos>,13,important,importante,11,M,P,important,-4.9096384,importante,-8.696978,1
9924,S_NOUN_8_ADJ_a,M,S,le chapeau avec les miroirs qui était là depuis hier est aussi très court <eos>,13,court,courte,11,M,P,court,-4.762351,courte,-9.112226,1
9925,S_NOUN_8_ADJ_a,M,S,le chapeau avec les miroirs qui était là depuis hier est aussi très dur <eos>,13,dur,dure,11,M,P,dur,-5.5936995,dure,-8.634244,1
9926,S_NOUN_8_ADJ_a,M,S,le chapeau avec les miroirs qui était là depuis hier est aussi très clair <eos>,13,clair,claire,11,M,P,clair,-5.3473525,claire,-9.120897,1
9927,S_NOUN_8_ADJ_a,M,S,le chapeau avec les miroirs qui était là depuis hier est aussi très intéressant <eos>,13,intéressant,intéressante,11,M,P,intéressant,-5.7388616,intéressante,-9.951123,1
9928,S_NOUN_8_ADJ_a,M,S,le chapeau avec les miroirs qui était là depuis hier est aussi très brillant <eos>,13,brillant,brillante,11,M,P,brillant,-6.5847135,brillante,-9.442857,1
9929,S_NOUN_8_ADJ_a,M,S,le chapeau avec les miroirs qui était là depuis hier est aussi très compliqué <eos>,13,compliqué,compliquée,11,M,P,compliqué,-6.5480924,compliquée,-9.900923,1
9930,S_NOUN_8_ADJ_a,M,S,le chapeau avec les crayons qui était là depuis hier est aussi très vert <eos>,13,vert,verte,11,M,P,vert,-9.055754,verte,-12.961814,1
9931,S_NOUN_8_ADJ_a,M,S,le chapeau avec les crayons qui était là depuis hier est aussi très bleu <eos>,13,bleu,bleue,11,M,P,bleu,-9.670978,bleue,-15.934327,1
9932,S_NOUN_8_ADJ_a,M,S,le chapeau avec les crayons qui était là depuis hier est aussi très noir <eos>,13,noir,noire,11,M,P,noir,-8.63409,noire,-12.589811,1
9933,S_NOUN_8_ADJ_a,M,S,le chapeau avec les crayons qui était là depuis hier est aussi très délicat <eos>,13,délicat,délicate,11,M,P,délicat,-6.640416,délicate,-10.236994,1
9934,S_NOUN_8_ADJ_a,M,S,le chapeau avec les crayons qui était là depuis hier est aussi très pointu <eos>,13,pointu,pointue,11,M,P,pointu,-8.098074,pointue,-13.394011,1
9935,S_NOUN_8_ADJ_a,M,S,le chapeau avec les crayons qui était là depuis hier est aussi très rond <eos>,13,rond,ronde,11,M,P,rond,-10.131165,ronde,-13.581206,1
9936,S_NOUN_8_ADJ_a,M,S,le chapeau avec les crayons qui était là depuis hier est aussi très froid <eos>,13,froid,froide,11,M,P,froid,-6.5242987,froide,-10.876316,1
9937,S_NOUN_8_ADJ_a,M,S,le chapeau avec les crayons qui était là depuis hier est aussi très chaud <eos>,13,chaud,chaude,11,M,P,chaud,-6.245702,chaude,-10.098778,1
9938,S_NOUN_8_ADJ_a,M,S,le chapeau avec les crayons qui était là depuis hier est aussi très important <eos>,13,important,importante,11,M,P,important,-4.818108,importante,-8.544649,1
9939,S_NOUN_8_ADJ_a,M,S,le chapeau avec les crayons qui était là depuis hier est aussi très court <eos>,13,court,courte,11,M,P,court,-5.2250032,courte,-9.777376,1
9940,S_NOUN_8_ADJ_a,M,S,le chapeau avec les crayons qui était là depuis hier est aussi très dur <eos>,13,dur,dure,11,M,P,dur,-5.4759007,dure,-8.214074,1
9941,S_NOUN_8_ADJ_a,M,S,le chapeau avec les crayons qui était là depuis hier est aussi très clair <eos>,13,clair,claire,11,M,P,clair,-4.9390073,claire,-8.608631,1
9942,S_NOUN_8_ADJ_a,M,S,le chapeau avec les crayons qui était là depuis hier est aussi très intéressant <eos>,13,intéressant,intéressante,11,M,P,intéressant,-5.848256,intéressante,-10.337643,1
9943,S_NOUN_8_ADJ_a,M,S,le chapeau avec les crayons qui était là depuis hier est aussi très brillant <eos>,13,brillant,brillante,11,M,P,brillant,-6.7369676,brillante,-9.82938,1
9944,S_NOUN_8_ADJ_a,M,S,le chapeau avec les crayons qui était là depuis hier est aussi très compliqué <eos>,13,compliqué,compliquée,11,M,P,compliqué,-7.3049564,compliquée,-10.604599,1
9945,S_NOUN_8_ADJ_a,M,S,le chapeau avec les rideaux qui était là depuis hier est aussi très vert <eos>,13,vert,verte,11,M,P,vert,-9.631265,verte,-13.176662,1
9946,S_NOUN_8_ADJ_a,M,S,le chapeau avec les rideaux qui était là depuis hier est aussi très bleu <eos>,13,bleu,bleue,11,M,P,bleu,-9.994202,bleue,-15.7045355,1
9947,S_NOUN_8_ADJ_a,M,S,le chapeau avec les rideaux qui était là depuis hier est aussi très noir <eos>,13,noir,noire,11,M,P,noir,-8.676395,noire,-12.097704,1
9948,S_NOUN_8_ADJ_a,M,S,le chapeau avec les rideaux qui était là depuis hier est aussi très délicat <eos>,13,délicat,délicate,11,M,P,délicat,-7.357541,délicate,-10.400648,1
9949,S_NOUN_8_ADJ_a,M,S,le chapeau avec les rideaux qui était là depuis hier est aussi très pointu <eos>,13,pointu,pointue,11,M,P,pointu,-7.8413286,pointue,-13.017933,1
9950,S_NOUN_8_ADJ_a,M,S,le chapeau avec les rideaux qui était là depuis hier est aussi très rond <eos>,13,rond,ronde,11,M,P,rond,-9.919529,ronde,-13.150158,1
9951,S_NOUN_8_ADJ_a,M,S,le chapeau avec les rideaux qui était là depuis hier est aussi très froid <eos>,13,froid,froide,11,M,P,froid,-7.12907,froide,-11.290382,1
9952,S_NOUN_8_ADJ_a,M,S,le chapeau avec les rideaux qui était là depuis hier est aussi très chaud <eos>,13,chaud,chaude,11,M,P,chaud,-6.727939,chaude,-10.324726,1
9953,S_NOUN_8_ADJ_a,M,S,le chapeau avec les rideaux qui était là depuis hier est aussi très important <eos>,13,important,importante,11,M,P,important,-4.9889774,importante,-8.729335,1
9954,S_NOUN_8_ADJ_a,M,S,le chapeau avec les rideaux qui était là depuis hier est aussi très court <eos>,13,court,courte,11,M,P,court,-4.6489325,courte,-9.036311,1
9955,S_NOUN_8_ADJ_a,M,S,le chapeau avec les rideaux qui était là depuis hier est aussi très dur <eos>,13,dur,dure,11,M,P,dur,-5.870027,dure,-8.260275,1
9956,S_NOUN_8_ADJ_a,M,S,le chapeau avec les rideaux qui était là depuis hier est aussi très clair <eos>,13,clair,claire,11,M,P,clair,-5.36106,claire,-8.70895,1
9957,S_NOUN_8_ADJ_a,M,S,le chapeau avec les rideaux qui était là depuis hier est aussi très intéressant <eos>,13,intéressant,intéressante,11,M,P,intéressant,-6.1507854,intéressante,-10.301996,1
9958,S_NOUN_8_ADJ_a,M,S,le chapeau avec les rideaux qui était là depuis hier est aussi très brillant <eos>,13,brillant,brillante,11,M,P,brillant,-7.3632894,brillante,-10.34715,1
9959,S_NOUN_8_ADJ_a,M,S,le chapeau avec les rideaux qui était là depuis hier est aussi très compliqué <eos>,13,compliqué,compliquée,11,M,P,compliqué,-6.765709,compliquée,-10.237536,1
9960,S_NOUN_8_ADJ_a,M,S,le chapeau avec les cahiers qui était là depuis hier est aussi très vert <eos>,13,vert,verte,11,M,P,vert,-10.612866,verte,-14.044158,1
9961,S_NOUN_8_ADJ_a,M,S,le chapeau avec les cahiers qui était là depuis hier est aussi très bleu <eos>,13,bleu,bleue,11,M,P,bleu,-11.2661495,bleue,-16.836283,1
9962,S_NOUN_8_ADJ_a,M,S,le chapeau avec les cahiers qui était là depuis hier est aussi très noir <eos>,13,noir,noire,11,M,P,noir,-9.15393,noire,-13.823209,1
9963,S_NOUN_8_ADJ_a,M,S,le chapeau avec les cahiers qui était là depuis hier est aussi très délicat <eos>,13,délicat,délicate,11,M,P,délicat,-7.7167406,délicate,-10.930245,1
9964,S_NOUN_8_ADJ_a,M,S,le chapeau avec les cahiers qui était là depuis hier est aussi très pointu <eos>,13,pointu,pointue,11,M,P,pointu,-8.379359,pointue,-14.028092,1
9965,S_NOUN_8_ADJ_a,M,S,le chapeau avec les cahiers qui était là depuis hier est aussi très rond <eos>,13,rond,ronde,11,M,P,rond,-11.283139,ronde,-14.776832,1
9966,S_NOUN_8_ADJ_a,M,S,le chapeau avec les cahiers qui était là depuis hier est aussi très froid <eos>,13,froid,froide,11,M,P,froid,-6.778604,froide,-11.780514,1
9967,S_NOUN_8_ADJ_a,M,S,le chapeau avec les cahiers qui était là depuis hier est aussi très chaud <eos>,13,chaud,chaude,11,M,P,chaud,-6.545395,chaude,-11.018737,1
9968,S_NOUN_8_ADJ_a,M,S,le chapeau avec les cahiers qui était là depuis hier est aussi très important <eos>,13,important,importante,11,M,P,important,-4.333353,importante,-8.213872,1
9969,S_NOUN_8_ADJ_a,M,S,le chapeau avec les cahiers qui était là depuis hier est aussi très court <eos>,13,court,courte,11,M,P,court,-5.4295993,courte,-9.165096,1
9970,S_NOUN_8_ADJ_a,M,S,le chapeau avec les cahiers qui était là depuis hier est aussi très dur <eos>,13,dur,dure,11,M,P,dur,-6.081932,dure,-7.973691,1
9971,S_NOUN_8_ADJ_a,M,S,le chapeau avec les cahiers qui était là depuis hier est aussi très clair <eos>,13,clair,claire,11,M,P,clair,-5.6826344,claire,-9.787781,1
9972,S_NOUN_8_ADJ_a,M,S,le chapeau avec les cahiers qui était là depuis hier est aussi très intéressant <eos>,13,intéressant,intéressante,11,M,P,intéressant,-5.592163,intéressante,-9.784335,1
9973,S_NOUN_8_ADJ_a,M,S,le chapeau avec les cahiers qui était là depuis hier est aussi très brillant <eos>,13,brillant,brillante,11,M,P,brillant,-7.5431786,brillante,-10.742999,1
9974,S_NOUN_8_ADJ_a,M,S,le chapeau avec les cahiers qui était là depuis hier est aussi très compliqué <eos>,13,compliqué,compliquée,11,M,P,compliqué,-6.8130603,compliquée,-9.957731,1
9975,S_NOUN_8_ADJ_a,M,S,le chapeau avec les micros qui était là depuis hier est aussi très vert <eos>,13,vert,verte,11,M,P,vert,-10.114014,verte,-14.182787,1
9976,S_NOUN_8_ADJ_a,M,S,le chapeau avec les micros qui était là depuis hier est aussi très bleu <eos>,13,bleu,bleue,11,M,P,bleu,-10.416707,bleue,-16.736584,1
9977,S_NOUN_8_ADJ_a,M,S,le chapeau avec les micros qui était là depuis hier est aussi très noir <eos>,13,noir,noire,11,M,P,noir,-8.681795,noire,-13.511334,1
9978,S_NOUN_8_ADJ_a,M,S,le chapeau avec les micros qui était là depuis hier est aussi très délicat <eos>,13,délicat,délicate,11,M,P,délicat,-7.2663474,délicate,-10.410824,1
9979,S_NOUN_8_ADJ_a,M,S,le chapeau avec les micros qui était là depuis hier est aussi très pointu <eos>,13,pointu,pointue,11,M,P,pointu,-8.070523,pointue,-13.902493,1
9980,S_NOUN_8_ADJ_a,M,S,le chapeau avec les micros qui était là depuis hier est aussi très rond <eos>,13,rond,ronde,11,M,P,rond,-10.044356,ronde,-14.094391,1
9981,S_NOUN_8_ADJ_a,M,S,le chapeau avec les micros qui était là depuis hier est aussi très froid <eos>,13,froid,froide,11,M,P,froid,-7.2233653,froide,-12.002981,1
9982,S_NOUN_8_ADJ_a,M,S,le chapeau avec les micros qui était là depuis hier est aussi très chaud <eos>,13,chaud,chaude,11,M,P,chaud,-6.3625307,chaude,-10.430084,1
9983,S_NOUN_8_ADJ_a,M,S,le chapeau avec les micros qui était là depuis hier est aussi très important <eos>,13,important,importante,11,M,P,important,-4.7227674,importante,-8.928059,1
9984,S_NOUN_8_ADJ_a,M,S,le chapeau avec les micros qui était là depuis hier est aussi très court <eos>,13,court,courte,11,M,P,court,-5.465295,courte,-9.886272,1
9985,S_NOUN_8_ADJ_a,M,S,le chapeau avec les micros qui était là depuis hier est aussi très dur <eos>,13,dur,dure,11,M,P,dur,-5.2041893,dure,-8.21764,1
9986,S_NOUN_8_ADJ_a,M,S,le chapeau avec les micros qui était là depuis hier est aussi très clair <eos>,13,clair,claire,11,M,P,clair,-5.34424,claire,-9.121006,1
9987,S_NOUN_8_ADJ_a,M,S,le chapeau avec les micros qui était là depuis hier est aussi très intéressant <eos>,13,intéressant,intéressante,11,M,P,intéressant,-6.1391077,intéressante,-10.385497,1
9988,S_NOUN_8_ADJ_a,M,S,le chapeau avec les micros qui était là depuis hier est aussi très brillant <eos>,13,brillant,brillante,11,M,P,brillant,-7.063723,brillante,-11.038908,1
9989,S_NOUN_8_ADJ_a,M,S,le chapeau avec les micros qui était là depuis hier est aussi très compliqué <eos>,13,compliqué,compliquée,11,M,P,compliqué,-5.930372,compliquée,-9.700491,1
9990,S_NOUN_8_ADJ_a,M,S,le chapeau avec les sacs qui était là depuis hier est aussi très vert <eos>,13,vert,verte,11,M,P,vert,-9.600109,verte,-13.435226,1
9991,S_NOUN_8_ADJ_a,M,S,le chapeau avec les sacs qui était là depuis hier est aussi très bleu <eos>,13,bleu,bleue,11,M,P,bleu,-10.316819,bleue,-16.040255,1
9992,S_NOUN_8_ADJ_a,M,S,le chapeau avec les sacs qui était là depuis hier est aussi très noir <eos>,13,noir,noire,11,M,P,noir,-8.848359,noire,-12.426682,1
9993,S_NOUN_8_ADJ_a,M,S,le chapeau avec les sacs qui était là depuis hier est aussi très délicat <eos>,13,délicat,délicate,11,M,P,délicat,-7.168342,délicate,-10.0770645,1
9994,S_NOUN_8_ADJ_a,M,S,le chapeau avec les sacs qui était là depuis hier est aussi très pointu <eos>,13,pointu,pointue,11,M,P,pointu,-7.341298,pointue,-12.761585,1
9995,S_NOUN_8_ADJ_a,M,S,le chapeau avec les sacs qui était là depuis hier est aussi très rond <eos>,13,rond,ronde,11,M,P,rond,-9.809286,ronde,-12.860311,1
9996,S_NOUN_8_ADJ_a,M,S,le chapeau avec les sacs qui était là depuis hier est aussi très froid <eos>,13,froid,froide,11,M,P,froid,-7.055153,froide,-11.368538,1
9997,S_NOUN_8_ADJ_a,M,S,le chapeau avec les sacs qui était là depuis hier est aussi très chaud <eos>,13,chaud,chaude,11,M,P,chaud,-6.161201,chaude,-10.242186,1
9998,S_NOUN_8_ADJ_a,M,S,le chapeau avec les sacs qui était là depuis hier est aussi très important <eos>,13,important,importante,11,M,P,important,-4.617247,importante,-8.283382,1
9999,S_NOUN_8_ADJ_a,M,S,le chapeau avec les sacs qui était là depuis hier est aussi très court <eos>,13,court,courte,11,M,P,court,-4.796585,courte,-9.137856,1
10000,S_NOUN_8_ADJ_a,M,S,le chapeau avec les sacs qui était là depuis hier est aussi très dur <eos>,13,dur,dure,11,M,P,dur,-5.5443287,dure,-8.213824,1
10001,S_NOUN_8_ADJ_a,M,S,le chapeau avec les sacs qui était là depuis hier est aussi très clair <eos>,13,clair,claire,11,M,P,clair,-5.471592,claire,-9.124024,1
10002,S_NOUN_8_ADJ_a,M,S,le chapeau avec les sacs qui était là depuis hier est aussi très intéressant <eos>,13,intéressant,intéressante,11,M,P,intéressant,-5.8149195,intéressante,-10.177076,1
10003,S_NOUN_8_ADJ_a,M,S,le chapeau avec les sacs qui était là depuis hier est aussi très brillant <eos>,13,brillant,brillante,11,M,P,brillant,-7.53034,brillante,-10.889883,1
10004,S_NOUN_8_ADJ_a,M,S,le chapeau avec les sacs qui était là depuis hier est aussi très compliqué <eos>,13,compliqué,compliquée,11,M,P,compliqué,-6.7723184,compliquée,-10.45422,1
10005,S_NOUN_8_ADJ_a,M,S,le chapeau avec les claviers qui était là depuis hier est aussi très vert <eos>,13,vert,verte,11,M,P,vert,-10.623559,verte,-14.07627,1
10006,S_NOUN_8_ADJ_a,M,S,le chapeau avec les claviers qui était là depuis hier est aussi très bleu <eos>,13,bleu,bleue,11,M,P,bleu,-10.806422,bleue,-16.454393,1
10007,S_NOUN_8_ADJ_a,M,S,le chapeau avec les claviers qui était là depuis hier est aussi très noir <eos>,13,noir,noire,11,M,P,noir,-9.207164,noire,-13.154626,1
10008,S_NOUN_8_ADJ_a,M,S,le chapeau avec les claviers qui était là depuis hier est aussi très délicat <eos>,13,délicat,délicate,11,M,P,délicat,-6.9609723,délicate,-10.110659,1
10009,S_NOUN_8_ADJ_a,M,S,le chapeau avec les claviers qui était là depuis hier est aussi très pointu <eos>,13,pointu,pointue,11,M,P,pointu,-8.08288,pointue,-13.62763,1
10010,S_NOUN_8_ADJ_a,M,S,le chapeau avec les claviers qui était là depuis hier est aussi très rond <eos>,13,rond,ronde,11,M,P,rond,-9.954987,ronde,-13.805584,1
10011,S_NOUN_8_ADJ_a,M,S,le chapeau avec les claviers qui était là depuis hier est aussi très froid <eos>,13,froid,froide,11,M,P,froid,-7.3412657,froide,-11.94596,1
10012,S_NOUN_8_ADJ_a,M,S,le chapeau avec les claviers qui était là depuis hier est aussi très chaud <eos>,13,chaud,chaude,11,M,P,chaud,-6.736148,chaude,-9.906495,1
10013,S_NOUN_8_ADJ_a,M,S,le chapeau avec les claviers qui était là depuis hier est aussi très important <eos>,13,important,importante,11,M,P,important,-4.804777,importante,-8.667583,1
10014,S_NOUN_8_ADJ_a,M,S,le chapeau avec les claviers qui était là depuis hier est aussi très court <eos>,13,court,courte,11,M,P,court,-5.4812207,courte,-9.57062,1
10015,S_NOUN_8_ADJ_a,M,S,le chapeau avec les claviers qui était là depuis hier est aussi très dur <eos>,13,dur,dure,11,M,P,dur,-4.990491,dure,-8.007891,1
10016,S_NOUN_8_ADJ_a,M,S,le chapeau avec les claviers qui était là depuis hier est aussi très clair <eos>,13,clair,claire,11,M,P,clair,-5.5107613,claire,-8.682508,1
10017,S_NOUN_8_ADJ_a,M,S,le chapeau avec les claviers qui était là depuis hier est aussi très intéressant <eos>,13,intéressant,intéressante,11,M,P,intéressant,-5.891901,intéressante,-9.9114895,1
10018,S_NOUN_8_ADJ_a,M,S,le chapeau avec les claviers qui était là depuis hier est aussi très brillant <eos>,13,brillant,brillante,11,M,P,brillant,-7.0276575,brillante,-10.327186,1
10019,S_NOUN_8_ADJ_a,M,S,le chapeau avec les claviers qui était là depuis hier est aussi très compliqué <eos>,13,compliqué,compliquée,11,M,P,compliqué,-6.1183996,compliquée,-9.388789,1
10020,S_NOUN_8_ADJ_a,M,S,le chapeau avec les raisins qui était là depuis hier est aussi très vert <eos>,13,vert,verte,11,M,P,vert,-9.224854,verte,-13.617294,1
10021,S_NOUN_8_ADJ_a,M,S,le chapeau avec les raisins qui était là depuis hier est aussi très bleu <eos>,13,bleu,bleue,11,M,P,bleu,-10.347149,bleue,-16.310478,1
10022,S_NOUN_8_ADJ_a,M,S,le chapeau avec les raisins qui était là depuis hier est aussi très noir <eos>,13,noir,noire,11,M,P,noir,-9.106254,noire,-12.629994,1
10023,S_NOUN_8_ADJ_a,M,S,le chapeau avec les raisins qui était là depuis hier est aussi très délicat <eos>,13,délicat,délicate,11,M,P,délicat,-6.3043423,délicate,-9.5960245,1
10024,S_NOUN_8_ADJ_a,M,S,le chapeau avec les raisins qui était là depuis hier est aussi très pointu <eos>,13,pointu,pointue,11,M,P,pointu,-7.8305116,pointue,-12.832081,1
10025,S_NOUN_8_ADJ_a,M,S,le chapeau avec les raisins qui était là depuis hier est aussi très rond <eos>,13,rond,ronde,11,M,P,rond,-10.255804,ronde,-12.5098715,1
10026,S_NOUN_8_ADJ_a,M,S,le chapeau avec les raisins qui était là depuis hier est aussi très froid <eos>,13,froid,froide,11,M,P,froid,-6.4191246,froide,-11.303254,1
10027,S_NOUN_8_ADJ_a,M,S,le chapeau avec les raisins qui était là depuis hier est aussi très chaud <eos>,13,chaud,chaude,11,M,P,chaud,-5.9180655,chaude,-10.30393,1
10028,S_NOUN_8_ADJ_a,M,S,le chapeau avec les raisins qui était là depuis hier est aussi très important <eos>,13,important,importante,11,M,P,important,-4.6017556,importante,-8.122688,1
10029,S_NOUN_8_ADJ_a,M,S,le chapeau avec les raisins qui était là depuis hier est aussi très court <eos>,13,court,courte,11,M,P,court,-4.5866623,courte,-9.674194,1
10030,S_NOUN_8_ADJ_a,M,S,le chapeau avec les raisins qui était là depuis hier est aussi très dur <eos>,13,dur,dure,11,M,P,dur,-4.5828295,dure,-7.8406277,1
10031,S_NOUN_8_ADJ_a,M,S,le chapeau avec les raisins qui était là depuis hier est aussi très clair <eos>,13,clair,claire,11,M,P,clair,-4.7356153,claire,-8.394726,1
10032,S_NOUN_8_ADJ_a,M,S,le chapeau avec les raisins qui était là depuis hier est aussi très intéressant <eos>,13,intéressant,intéressante,11,M,P,intéressant,-5.9687567,intéressante,-10.3713875,1
10033,S_NOUN_8_ADJ_a,M,S,le chapeau avec les raisins qui était là depuis hier est aussi très brillant <eos>,13,brillant,brillante,11,M,P,brillant,-7.0346117,brillante,-10.272727,1
10034,S_NOUN_8_ADJ_a,M,S,le chapeau avec les raisins qui était là depuis hier est aussi très compliqué <eos>,13,compliqué,compliquée,11,M,P,compliqué,-7.143409,compliquée,-10.807705,1
10035,S_NOUN_8_ADJ_a,M,S,le chapeau avec les chargeurs qui était là depuis hier est aussi très vert <eos>,13,vert,verte,11,M,P,vert,-10.243645,verte,-14.490503,1
10036,S_NOUN_8_ADJ_a,M,S,le chapeau avec les chargeurs qui était là depuis hier est aussi très bleu <eos>,13,bleu,bleue,11,M,P,bleu,-10.630626,bleue,-17.113688,1
10037,S_NOUN_8_ADJ_a,M,S,le chapeau avec les chargeurs qui était là depuis hier est aussi très noir <eos>,13,noir,noire,11,M,P,noir,-8.860933,noire,-13.585331,1
10038,S_NOUN_8_ADJ_a,M,S,le chapeau avec les chargeurs qui était là depuis hier est aussi très délicat <eos>,13,délicat,délicate,11,M,P,délicat,-7.6205597,délicate,-10.277166,1
10039,S_NOUN_8_ADJ_a,M,S,le chapeau avec les chargeurs qui était là depuis hier est aussi très pointu <eos>,13,pointu,pointue,11,M,P,pointu,-8.018753,pointue,-12.5808525,1
10040,S_NOUN_8_ADJ_a,M,S,le chapeau avec les chargeurs qui était là depuis hier est aussi très rond <eos>,13,rond,ronde,11,M,P,rond,-9.914912,ronde,-13.412973,1
10041,S_NOUN_8_ADJ_a,M,S,le chapeau avec les chargeurs qui était là depuis hier est aussi très froid <eos>,13,froid,froide,11,M,P,froid,-7.2616744,froide,-11.487167,1
10042,S_NOUN_8_ADJ_a,M,S,le chapeau avec les chargeurs qui était là depuis hier est aussi très chaud <eos>,13,chaud,chaude,11,M,P,chaud,-6.8877325,chaude,-10.757571,1
10043,S_NOUN_8_ADJ_a,M,S,le chapeau avec les chargeurs qui était là depuis hier est aussi très important <eos>,13,important,importante,11,M,P,important,-4.003866,importante,-7.89345,1
10044,S_NOUN_8_ADJ_a,M,S,le chapeau avec les chargeurs qui était là depuis hier est aussi très court <eos>,13,court,courte,11,M,P,court,-4.6362834,courte,-8.636341,1
10045,S_NOUN_8_ADJ_a,M,S,le chapeau avec les chargeurs qui était là depuis hier est aussi très dur <eos>,13,dur,dure,11,M,P,dur,-5.6752324,dure,-9.144985,1
10046,S_NOUN_8_ADJ_a,M,S,le chapeau avec les chargeurs qui était là depuis hier est aussi très clair <eos>,13,clair,claire,11,M,P,clair,-6.3088408,claire,-10.397379,1
10047,S_NOUN_8_ADJ_a,M,S,le chapeau avec les chargeurs qui était là depuis hier est aussi très intéressant <eos>,13,intéressant,intéressante,11,M,P,intéressant,-5.975648,intéressante,-10.003357,1
10048,S_NOUN_8_ADJ_a,M,S,le chapeau avec les chargeurs qui était là depuis hier est aussi très brillant <eos>,13,brillant,brillante,11,M,P,brillant,-7.8080797,brillante,-11.502492,1
10049,S_NOUN_8_ADJ_a,M,S,le chapeau avec les chargeurs qui était là depuis hier est aussi très compliqué <eos>,13,compliqué,compliquée,11,M,P,compliqué,-6.202467,compliquée,-10.043816,1
10050,S_NOUN_8_ADJ_a,M,S,le chapeau avec les vases qui était là depuis hier est aussi très vert <eos>,13,vert,verte,11,M,P,vert,-9.914813,verte,-13.285072,1
10051,S_NOUN_8_ADJ_a,M,S,le chapeau avec les vases qui était là depuis hier est aussi très bleu <eos>,13,bleu,bleue,11,M,P,bleu,-10.562999,bleue,-15.860709,1
10052,S_NOUN_8_ADJ_a,M,S,le chapeau avec les vases qui était là depuis hier est aussi très noir <eos>,13,noir,noire,11,M,P,noir,-9.429857,noire,-12.278475,1
10053,S_NOUN_8_ADJ_a,M,S,le chapeau avec les vases qui était là depuis hier est aussi très délicat <eos>,13,délicat,délicate,11,M,P,délicat,-7.010062,délicate,-10.089406,1
10054,S_NOUN_8_ADJ_a,M,S,le chapeau avec les vases qui était là depuis hier est aussi très pointu <eos>,13,pointu,pointue,11,M,P,pointu,-7.6502647,pointue,-12.659571,1
10055,S_NOUN_8_ADJ_a,M,S,le chapeau avec les vases qui était là depuis hier est aussi très rond <eos>,13,rond,ronde,11,M,P,rond,-9.848401,ronde,-12.596935,1
10056,S_NOUN_8_ADJ_a,M,S,le chapeau avec les vases qui était là depuis hier est aussi très froid <eos>,13,froid,froide,11,M,P,froid,-7.8017597,froide,-11.67977,1
10057,S_NOUN_8_ADJ_a,M,S,le chapeau avec les vases qui était là depuis hier est aussi très chaud <eos>,13,chaud,chaude,11,M,P,chaud,-6.7225113,chaude,-10.526302,1
10058,S_NOUN_8_ADJ_a,M,S,le chapeau avec les vases qui était là depuis hier est aussi très important <eos>,13,important,importante,11,M,P,important,-4.9733315,importante,-8.538482,1
10059,S_NOUN_8_ADJ_a,M,S,le chapeau avec les vases qui était là depuis hier est aussi très court <eos>,13,court,courte,11,M,P,court,-4.913579,courte,-9.249803,1
10060,S_NOUN_8_ADJ_a,M,S,le chapeau avec les vases qui était là depuis hier est aussi très dur <eos>,13,dur,dure,11,M,P,dur,-5.614227,dure,-8.415951,1
10061,S_NOUN_8_ADJ_a,M,S,le chapeau avec les vases qui était là depuis hier est aussi très clair <eos>,13,clair,claire,11,M,P,clair,-5.3315353,claire,-8.861393,1
10062,S_NOUN_8_ADJ_a,M,S,le chapeau avec les vases qui était là depuis hier est aussi très intéressant <eos>,13,intéressant,intéressante,11,M,P,intéressant,-5.898405,intéressante,-10.332838,1
10063,S_NOUN_8_ADJ_a,M,S,le chapeau avec les vases qui était là depuis hier est aussi très brillant <eos>,13,brillant,brillante,11,M,P,brillant,-7.2079988,brillante,-10.116756,1
10064,S_NOUN_8_ADJ_a,M,S,le chapeau avec les vases qui était là depuis hier est aussi très compliqué <eos>,13,compliqué,compliquée,11,M,P,compliqué,-7.0179505,compliquée,-10.694204,1
10065,S_NOUN_8_ADJ_a,M,S,le chapeau avec les paniers qui était là depuis hier est aussi très vert <eos>,13,vert,verte,11,M,P,vert,-9.520145,verte,-13.123498,1
10066,S_NOUN_8_ADJ_a,M,S,le chapeau avec les paniers qui était là depuis hier est aussi très bleu <eos>,13,bleu,bleue,11,M,P,bleu,-9.935576,bleue,-15.393523,1
10067,S_NOUN_8_ADJ_a,M,S,le chapeau avec les paniers qui était là depuis hier est aussi très noir <eos>,13,noir,noire,11,M,P,noir,-8.637567,noire,-11.853435,1
10068,S_NOUN_8_ADJ_a,M,S,le chapeau avec les paniers qui était là depuis hier est aussi très délicat <eos>,13,délicat,délicate,11,M,P,délicat,-7.0727367,délicate,-10.304705,1
10069,S_NOUN_8_ADJ_a,M,S,le chapeau avec les paniers qui était là depuis hier est aussi très pointu <eos>,13,pointu,pointue,11,M,P,pointu,-6.847775,pointue,-12.219791,1
10070,S_NOUN_8_ADJ_a,M,S,le chapeau avec les paniers qui était là depuis hier est aussi très rond <eos>,13,rond,ronde,11,M,P,rond,-9.358906,ronde,-12.260397,1
10071,S_NOUN_8_ADJ_a,M,S,le chapeau avec les paniers qui était là depuis hier est aussi très froid <eos>,13,froid,froide,11,M,P,froid,-7.650358,froide,-11.587595,1
10072,S_NOUN_8_ADJ_a,M,S,le chapeau avec les paniers qui était là depuis hier est aussi très chaud <eos>,13,chaud,chaude,11,M,P,chaud,-6.6636467,chaude,-10.681744,1
10073,S_NOUN_8_ADJ_a,M,S,le chapeau avec les paniers qui était là depuis hier est aussi très important <eos>,13,important,importante,11,M,P,important,-5.1689634,importante,-8.856706,1
10074,S_NOUN_8_ADJ_a,M,S,le chapeau avec les paniers qui était là depuis hier est aussi très court <eos>,13,court,courte,11,M,P,court,-4.3409643,courte,-8.752592,1
10075,S_NOUN_8_ADJ_a,M,S,le chapeau avec les paniers qui était là depuis hier est aussi très dur <eos>,13,dur,dure,11,M,P,dur,-5.51919,dure,-8.358982,1
10076,S_NOUN_8_ADJ_a,M,S,le chapeau avec les paniers qui était là depuis hier est aussi très clair <eos>,13,clair,claire,11,M,P,clair,-5.1580153,claire,-8.724783,1
10077,S_NOUN_8_ADJ_a,M,S,le chapeau avec les paniers qui était là depuis hier est aussi très intéressant <eos>,13,intéressant,intéressante,11,M,P,intéressant,-5.9717045,intéressante,-10.230358,1
10078,S_NOUN_8_ADJ_a,M,S,le chapeau avec les paniers qui était là depuis hier est aussi très brillant <eos>,13,brillant,brillante,11,M,P,brillant,-7.4556847,brillante,-10.599382,1
10079,S_NOUN_8_ADJ_a,M,S,le chapeau avec les paniers qui était là depuis hier est aussi très compliqué <eos>,13,compliqué,compliquée,11,M,P,compliqué,-6.6284504,compliquée,-10.149207,1
10080,S_NOUN_8_ADJ_a,M,S,le chapeau avec les colliers qui était là depuis hier est aussi très vert <eos>,13,vert,verte,11,M,P,vert,-9.960169,verte,-13.400462,1
10081,S_NOUN_8_ADJ_a,M,S,le chapeau avec les colliers qui était là depuis hier est aussi très bleu <eos>,13,bleu,bleue,11,M,P,bleu,-10.467437,bleue,-15.856785,1
10082,S_NOUN_8_ADJ_a,M,S,le chapeau avec les colliers qui était là depuis hier est aussi très noir <eos>,13,noir,noire,11,M,P,noir,-9.297642,noire,-12.277454,1
10083,S_NOUN_8_ADJ_a,M,S,le chapeau avec les colliers qui était là depuis hier est aussi très délicat <eos>,13,délicat,délicate,11,M,P,délicat,-7.07702,délicate,-10.01482,1
10084,S_NOUN_8_ADJ_a,M,S,le chapeau avec les colliers qui était là depuis hier est aussi très pointu <eos>,13,pointu,pointue,11,M,P,pointu,-7.4161563,pointue,-12.133341,1
10085,S_NOUN_8_ADJ_a,M,S,le chapeau avec les colliers qui était là depuis hier est aussi très rond <eos>,13,rond,ronde,11,M,P,rond,-9.965565,ronde,-12.735387,1
10086,S_NOUN_8_ADJ_a,M,S,le chapeau avec les colliers qui était là depuis hier est aussi très froid <eos>,13,froid,froide,11,M,P,froid,-8.212215,froide,-11.648167,1
10087,S_NOUN_8_ADJ_a,M,S,le chapeau avec les colliers qui était là depuis hier est aussi très chaud <eos>,13,chaud,chaude,11,M,P,chaud,-7.4289827,chaude,-10.838434,1
10088,S_NOUN_8_ADJ_a,M,S,le chapeau avec les colliers qui était là depuis hier est aussi très important <eos>,13,important,importante,11,M,P,important,-4.9493337,importante,-8.468487,1
10089,S_NOUN_8_ADJ_a,M,S,le chapeau avec les colliers qui était là depuis hier est aussi très court <eos>,13,court,courte,11,M,P,court,-4.590558,courte,-8.640354,1
10090,S_NOUN_8_ADJ_a,M,S,le chapeau avec les colliers qui était là depuis hier est aussi très dur <eos>,13,dur,dure,11,M,P,dur,-5.5212955,dure,-8.325341,1
10091,S_NOUN_8_ADJ_a,M,S,le chapeau avec les colliers qui était là depuis hier est aussi très clair <eos>,13,clair,claire,11,M,P,clair,-5.3702645,claire,-8.975515,1
10092,S_NOUN_8_ADJ_a,M,S,le chapeau avec les colliers qui était là depuis hier est aussi très intéressant <eos>,13,intéressant,intéressante,11,M,P,intéressant,-6.040952,intéressante,-10.191427,1
10093,S_NOUN_8_ADJ_a,M,S,le chapeau avec les colliers qui était là depuis hier est aussi très brillant <eos>,13,brillant,brillante,11,M,P,brillant,-7.3140945,brillante,-10.234436,1
10094,S_NOUN_8_ADJ_a,M,S,le chapeau avec les colliers qui était là depuis hier est aussi très compliqué <eos>,13,compliqué,compliquée,11,M,P,compliqué,-6.483144,compliquée,-10.114613,1
10095,S_NOUN_8_ADJ_a,M,S,le chapeau avec les chapeaux qui était là depuis hier est aussi très vert <eos>,13,vert,verte,11,M,P,vert,-9.588942,verte,-13.175005,1
10096,S_NOUN_8_ADJ_a,M,S,le chapeau avec les chapeaux qui était là depuis hier est aussi très bleu <eos>,13,bleu,bleue,11,M,P,bleu,-9.836472,bleue,-15.564173,1
10097,S_NOUN_8_ADJ_a,M,S,le chapeau avec les chapeaux qui était là depuis hier est aussi très noir <eos>,13,noir,noire,11,M,P,noir,-8.414853,noire,-12.2402315,1
10098,S_NOUN_8_ADJ_a,M,S,le chapeau avec les chapeaux qui était là depuis hier est aussi très délicat <eos>,13,délicat,délicate,11,M,P,délicat,-7.421941,délicate,-10.94337,1
10099,S_NOUN_8_ADJ_a,M,S,le chapeau avec les chapeaux qui était là depuis hier est aussi très pointu <eos>,13,pointu,pointue,11,M,P,pointu,-7.3569956,pointue,-13.013247,1
10100,S_NOUN_8_ADJ_a,M,S,le chapeau avec les chapeaux qui était là depuis hier est aussi très rond <eos>,13,rond,ronde,11,M,P,rond,-9.788332,ronde,-13.070631,1
10101,S_NOUN_8_ADJ_a,M,S,le chapeau avec les chapeaux qui était là depuis hier est aussi très froid <eos>,13,froid,froide,11,M,P,froid,-7.5988126,froide,-11.834913,1
10102,S_NOUN_8_ADJ_a,M,S,le chapeau avec les chapeaux qui était là depuis hier est aussi très chaud <eos>,13,chaud,chaude,11,M,P,chaud,-6.919655,chaude,-10.7512455,1
10103,S_NOUN_8_ADJ_a,M,S,le chapeau avec les chapeaux qui était là depuis hier est aussi très important <eos>,13,important,importante,11,M,P,important,-5.160391,importante,-9.011006,1
10104,S_NOUN_8_ADJ_a,M,S,le chapeau avec les chapeaux qui était là depuis hier est aussi très court <eos>,13,court,courte,11,M,P,court,-4.5430584,courte,-8.923011,1
10105,S_NOUN_8_ADJ_a,M,S,le chapeau avec les chapeaux qui était là depuis hier est aussi très dur <eos>,13,dur,dure,11,M,P,dur,-6.004704,dure,-8.705515,1
10106,S_NOUN_8_ADJ_a,M,S,le chapeau avec les chapeaux qui était là depuis hier est aussi très clair <eos>,13,clair,claire,11,M,P,clair,-5.5610905,claire,-9.169649,1
10107,S_NOUN_8_ADJ_a,M,S,le chapeau avec les chapeaux qui était là depuis hier est aussi très intéressant <eos>,13,intéressant,intéressante,11,M,P,intéressant,-6.1316805,intéressante,-10.390003,1
10108,S_NOUN_8_ADJ_a,M,S,le chapeau avec les chapeaux qui était là depuis hier est aussi très brillant <eos>,13,brillant,brillante,11,M,P,brillant,-7.6338353,brillante,-10.79101,1
10109,S_NOUN_8_ADJ_a,M,S,le chapeau avec les chapeaux qui était là depuis hier est aussi très compliqué <eos>,13,compliqué,compliquée,11,M,P,compliqué,-6.758436,compliquée,-10.762278,1
10110,S_NOUN_8_ADJ_a,M,S,le chapeau avec les pots qui était là depuis hier est aussi très vert <eos>,13,vert,verte,11,M,P,vert,-9.325861,verte,-13.335831,1
10111,S_NOUN_8_ADJ_a,M,S,le chapeau avec les pots qui était là depuis hier est aussi très bleu <eos>,13,bleu,bleue,11,M,P,bleu,-10.340515,bleue,-16.229134,1
10112,S_NOUN_8_ADJ_a,M,S,le chapeau avec les pots qui était là depuis hier est aussi très noir <eos>,13,noir,noire,11,M,P,noir,-8.992741,noire,-12.769379,1
10113,S_NOUN_8_ADJ_a,M,S,le chapeau avec les pots qui était là depuis hier est aussi très délicat <eos>,13,délicat,délicate,11,M,P,délicat,-6.771168,délicate,-9.954601,1
10114,S_NOUN_8_ADJ_a,M,S,le chapeau avec les pots qui était là depuis hier est aussi très pointu <eos>,13,pointu,pointue,11,M,P,pointu,-7.6572394,pointue,-12.728987,1
10115,S_NOUN_8_ADJ_a,M,S,le chapeau avec les pots qui était là depuis hier est aussi très rond <eos>,13,rond,ronde,11,M,P,rond,-9.74704,ronde,-12.450264,1
10116,S_NOUN_8_ADJ_a,M,S,le chapeau avec les pots qui était là depuis hier est aussi très froid <eos>,13,froid,froide,11,M,P,froid,-7.128948,froide,-11.145114,1
10117,S_NOUN_8_ADJ_a,M,S,le chapeau avec les pots qui était là depuis hier est aussi très chaud <eos>,13,chaud,chaude,11,M,P,chaud,-5.907663,chaude,-9.874306,1
10118,S_NOUN_8_ADJ_a,M,S,le chapeau avec les pots qui était là depuis hier est aussi très important <eos>,13,important,importante,11,M,P,important,-4.7889566,importante,-8.327662,1
10119,S_NOUN_8_ADJ_a,M,S,le chapeau avec les pots qui était là depuis hier est aussi très court <eos>,13,court,courte,11,M,P,court,-5.071225,courte,-9.487019,1
10120,S_NOUN_8_ADJ_a,M,S,le chapeau avec les pots qui était là depuis hier est aussi très dur <eos>,13,dur,dure,11,M,P,dur,-5.154894,dure,-8.318346,1
10121,S_NOUN_8_ADJ_a,M,S,le chapeau avec les pots qui était là depuis hier est aussi très clair <eos>,13,clair,claire,11,M,P,clair,-5.587193,claire,-9.1586,1
10122,S_NOUN_8_ADJ_a,M,S,le chapeau avec les pots qui était là depuis hier est aussi très intéressant <eos>,13,intéressant,intéressante,11,M,P,intéressant,-5.8566046,intéressante,-10.053847,1
10123,S_NOUN_8_ADJ_a,M,S,le chapeau avec les pots qui était là depuis hier est aussi très brillant <eos>,13,brillant,brillante,11,M,P,brillant,-7.098676,brillante,-10.368316,1
10124,S_NOUN_8_ADJ_a,M,S,le chapeau avec les pots qui était là depuis hier est aussi très compliqué <eos>,13,compliqué,compliquée,11,M,P,compliqué,-6.877409,compliquée,-10.556099,1
10125,S_NOUN_8_ADJ_a,M,S,le chapeau avec les coussins qui était là depuis hier est aussi très vert <eos>,13,vert,verte,11,M,P,vert,-9.82063,verte,-13.534676,1
10126,S_NOUN_8_ADJ_a,M,S,le chapeau avec les coussins qui était là depuis hier est aussi très bleu <eos>,13,bleu,bleue,11,M,P,bleu,-10.315617,bleue,-15.933765,1
10127,S_NOUN_8_ADJ_a,M,S,le chapeau avec les coussins qui était là depuis hier est aussi très noir <eos>,13,noir,noire,11,M,P,noir,-8.878581,noire,-12.638718,1
10128,S_NOUN_8_ADJ_a,M,S,le chapeau avec les coussins qui était là depuis hier est aussi très délicat <eos>,13,délicat,délicate,11,M,P,délicat,-7.3795633,délicate,-10.610152,1
10129,S_NOUN_8_ADJ_a,M,S,le chapeau avec les coussins qui était là depuis hier est aussi très pointu <eos>,13,pointu,pointue,11,M,P,pointu,-7.313959,pointue,-12.48206,1
10130,S_NOUN_8_ADJ_a,M,S,le chapeau avec les coussins qui était là depuis hier est aussi très rond <eos>,13,rond,ronde,11,M,P,rond,-9.791876,ronde,-12.831683,1
10131,S_NOUN_8_ADJ_a,M,S,le chapeau avec les coussins qui était là depuis hier est aussi très froid <eos>,13,froid,froide,11,M,P,froid,-7.700431,froide,-11.486639,1
10132,S_NOUN_8_ADJ_a,M,S,le chapeau avec les coussins qui était là depuis hier est aussi très chaud <eos>,13,chaud,chaude,11,M,P,chaud,-6.893358,chaude,-10.277112,1
10133,S_NOUN_8_ADJ_a,M,S,le chapeau avec les coussins qui était là depuis hier est aussi très important <eos>,13,important,importante,11,M,P,important,-4.985858,importante,-8.683153,1
10134,S_NOUN_8_ADJ_a,M,S,le chapeau avec les coussins qui était là depuis hier est aussi très court <eos>,13,court,courte,11,M,P,court,-4.6955214,courte,-9.028172,1
10135,S_NOUN_8_ADJ_a,M,S,le chapeau avec les coussins qui était là depuis hier est aussi très dur <eos>,13,dur,dure,11,M,P,dur,-5.7879915,dure,-8.421935,1
10136,S_NOUN_8_ADJ_a,M,S,le chapeau avec les coussins qui était là depuis hier est aussi très clair <eos>,13,clair,claire,11,M,P,clair,-5.817784,claire,-9.155933,1
10137,S_NOUN_8_ADJ_a,M,S,le chapeau avec les coussins qui était là depuis hier est aussi très intéressant <eos>,13,intéressant,intéressante,11,M,P,intéressant,-6.0411034,intéressante,-10.062836,1
10138,S_NOUN_8_ADJ_a,M,S,le chapeau avec les coussins qui était là depuis hier est aussi très brillant <eos>,13,brillant,brillante,11,M,P,brillant,-7.499877,brillante,-10.872344,1
10139,S_NOUN_8_ADJ_a,M,S,le chapeau avec les coussins qui était là depuis hier est aussi très compliqué <eos>,13,compliqué,compliquée,11,M,P,compliqué,-6.3623314,compliquée,-9.958401,1
10140,S_NOUN_8_ADJ_a,M,S,le chapeau avec les jouets qui était là depuis hier est aussi très vert <eos>,13,vert,verte,11,M,P,vert,-10.127582,verte,-13.679359,1
10141,S_NOUN_8_ADJ_a,M,S,le chapeau avec les jouets qui était là depuis hier est aussi très bleu <eos>,13,bleu,bleue,11,M,P,bleu,-10.408834,bleue,-16.386047,1
10142,S_NOUN_8_ADJ_a,M,S,le chapeau avec les jouets qui était là depuis hier est aussi très noir <eos>,13,noir,noire,11,M,P,noir,-8.658146,noire,-13.35547,1
10143,S_NOUN_8_ADJ_a,M,S,le chapeau avec les jouets qui était là depuis hier est aussi très délicat <eos>,13,délicat,délicate,11,M,P,délicat,-7.739005,délicate,-10.904279,1
10144,S_NOUN_8_ADJ_a,M,S,le chapeau avec les jouets qui était là depuis hier est aussi très pointu <eos>,13,pointu,pointue,11,M,P,pointu,-8.038708,pointue,-14.083323,1
10145,S_NOUN_8_ADJ_a,M,S,le chapeau avec les jouets qui était là depuis hier est aussi très rond <eos>,13,rond,ronde,11,M,P,rond,-10.306606,ronde,-14.398852,1
10146,S_NOUN_8_ADJ_a,M,S,le chapeau avec les jouets qui était là depuis hier est aussi très froid <eos>,13,froid,froide,11,M,P,froid,-6.9085846,froide,-11.772603,1
10147,S_NOUN_8_ADJ_a,M,S,le chapeau avec les jouets qui était là depuis hier est aussi très chaud <eos>,13,chaud,chaude,11,M,P,chaud,-6.36417,chaude,-10.515295,1
10148,S_NOUN_8_ADJ_a,M,S,le chapeau avec les jouets qui était là depuis hier est aussi très important <eos>,13,important,importante,11,M,P,important,-4.848802,importante,-8.627514,1
10149,S_NOUN_8_ADJ_a,M,S,le chapeau avec les jouets qui était là depuis hier est aussi très court <eos>,13,court,courte,11,M,P,court,-5.3144917,courte,-9.838879,1
10150,S_NOUN_8_ADJ_a,M,S,le chapeau avec les jouets qui était là depuis hier est aussi très dur <eos>,13,dur,dure,11,M,P,dur,-6.230775,dure,-8.609557,1
10151,S_NOUN_8_ADJ_a,M,S,le chapeau avec les jouets qui était là depuis hier est aussi très clair <eos>,13,clair,claire,11,M,P,clair,-5.825263,claire,-9.257899,1
10152,S_NOUN_8_ADJ_a,M,S,le chapeau avec les jouets qui était là depuis hier est aussi très intéressant <eos>,13,intéressant,intéressante,11,M,P,intéressant,-5.8670654,intéressante,-10.140488,1
10153,S_NOUN_8_ADJ_a,M,S,le chapeau avec les jouets qui était là depuis hier est aussi très brillant <eos>,13,brillant,brillante,11,M,P,brillant,-7.7840796,brillante,-10.921161,1
10154,S_NOUN_8_ADJ_a,M,S,le chapeau avec les jouets qui était là depuis hier est aussi très compliqué <eos>,13,compliqué,compliquée,11,M,P,compliqué,-6.759819,compliquée,-10.253712,1
10155,S_NOUN_8_ADJ_a,M,S,le chapeau avec les clous qui était là depuis hier est aussi très vert <eos>,13,vert,verte,11,M,P,vert,-9.637108,verte,-13.549473,1
10156,S_NOUN_8_ADJ_a,M,S,le chapeau avec les clous qui était là depuis hier est aussi très bleu <eos>,13,bleu,bleue,11,M,P,bleu,-10.337776,bleue,-15.956394,1
10157,S_NOUN_8_ADJ_a,M,S,le chapeau avec les clous qui était là depuis hier est aussi très noir <eos>,13,noir,noire,11,M,P,noir,-8.887427,noire,-12.347683,1
10158,S_NOUN_8_ADJ_a,M,S,le chapeau avec les clous qui était là depuis hier est aussi très délicat <eos>,13,délicat,délicate,11,M,P,délicat,-6.880024,délicate,-9.844846,1
10159,S_NOUN_8_ADJ_a,M,S,le chapeau avec les clous qui était là depuis hier est aussi très pointu <eos>,13,pointu,pointue,11,M,P,pointu,-7.1754827,pointue,-12.362929,1
10160,S_NOUN_8_ADJ_a,M,S,le chapeau avec les clous qui était là depuis hier est aussi très rond <eos>,13,rond,ronde,11,M,P,rond,-9.775726,ronde,-12.695665,1
10161,S_NOUN_8_ADJ_a,M,S,le chapeau avec les clous qui était là depuis hier est aussi très froid <eos>,13,froid,froide,11,M,P,froid,-7.3438435,froide,-11.318273,1
10162,S_NOUN_8_ADJ_a,M,S,le chapeau avec les clous qui était là depuis hier est aussi très chaud <eos>,13,chaud,chaude,11,M,P,chaud,-6.652909,chaude,-10.550682,1
10163,S_NOUN_8_ADJ_a,M,S,le chapeau avec les clous qui était là depuis hier est aussi très important <eos>,13,important,importante,11,M,P,important,-4.8471107,importante,-8.567331,1
10164,S_NOUN_8_ADJ_a,M,S,le chapeau avec les clous qui était là depuis hier est aussi très court <eos>,13,court,courte,11,M,P,court,-4.530924,courte,-8.988626,1
10165,S_NOUN_8_ADJ_a,M,S,le chapeau avec les clous qui était là depuis hier est aussi très dur <eos>,13,dur,dure,11,M,P,dur,-5.195411,dure,-8.1791935,1
10166,S_NOUN_8_ADJ_a,M,S,le chapeau avec les clous qui était là depuis hier est aussi très clair <eos>,13,clair,claire,11,M,P,clair,-5.2960367,claire,-8.819562,1
10167,S_NOUN_8_ADJ_a,M,S,le chapeau avec les clous qui était là depuis hier est aussi très intéressant <eos>,13,intéressant,intéressante,11,M,P,intéressant,-5.85385,intéressante,-10.250451,1
10168,S_NOUN_8_ADJ_a,M,S,le chapeau avec les clous qui était là depuis hier est aussi très brillant <eos>,13,brillant,brillante,11,M,P,brillant,-7.500819,brillante,-10.723111,1
10169,S_NOUN_8_ADJ_a,M,S,le chapeau avec les clous qui était là depuis hier est aussi très compliqué <eos>,13,compliqué,compliquée,11,M,P,compliqué,-6.582947,compliquée,-10.164664,1
10170,S_NOUN_8_ADJ_a,M,S,le chapeau avec les billets qui était là depuis hier est aussi très vert <eos>,13,vert,verte,11,M,P,vert,-10.017069,verte,-13.99941,1
10171,S_NOUN_8_ADJ_a,M,S,le chapeau avec les billets qui était là depuis hier est aussi très bleu <eos>,13,bleu,bleue,11,M,P,bleu,-10.301992,bleue,-16.978065,1
10172,S_NOUN_8_ADJ_a,M,S,le chapeau avec les billets qui était là depuis hier est aussi très noir <eos>,13,noir,noire,11,M,P,noir,-8.674454,noire,-13.604279,1
10173,S_NOUN_8_ADJ_a,M,S,le chapeau avec les billets qui était là depuis hier est aussi très délicat <eos>,13,délicat,délicate,11,M,P,délicat,-7.495602,délicate,-10.848232,1
10174,S_NOUN_8_ADJ_a,M,S,le chapeau avec les billets qui était là depuis hier est aussi très pointu <eos>,13,pointu,pointue,11,M,P,pointu,-8.77252,pointue,-14.001662,1
10175,S_NOUN_8_ADJ_a,M,S,le chapeau avec les billets qui était là depuis hier est aussi très rond <eos>,13,rond,ronde,11,M,P,rond,-10.724991,ronde,-14.218103,1
10176,S_NOUN_8_ADJ_a,M,S,le chapeau avec les billets qui était là depuis hier est aussi très froid <eos>,13,froid,froide,11,M,P,froid,-7.8953176,froide,-12.606222,1
10177,S_NOUN_8_ADJ_a,M,S,le chapeau avec les billets qui était là depuis hier est aussi très chaud <eos>,13,chaud,chaude,11,M,P,chaud,-7.056985,chaude,-10.905762,1
10178,S_NOUN_8_ADJ_a,M,S,le chapeau avec les billets qui était là depuis hier est aussi très important <eos>,13,important,importante,11,M,P,important,-4.2342963,importante,-8.076946,1
10179,S_NOUN_8_ADJ_a,M,S,le chapeau avec les billets qui était là depuis hier est aussi très court <eos>,13,court,courte,11,M,P,court,-4.7779655,courte,-8.923495,1
10180,S_NOUN_8_ADJ_a,M,S,le chapeau avec les billets qui était là depuis hier est aussi très dur <eos>,13,dur,dure,11,M,P,dur,-6.408929,dure,-9.364446,1
10181,S_NOUN_8_ADJ_a,M,S,le chapeau avec les billets qui était là depuis hier est aussi très clair <eos>,13,clair,claire,11,M,P,clair,-5.967709,claire,-9.696556,1
10182,S_NOUN_8_ADJ_a,M,S,le chapeau avec les billets qui était là depuis hier est aussi très intéressant <eos>,13,intéressant,intéressante,11,M,P,intéressant,-5.937326,intéressante,-9.608704,1
10183,S_NOUN_8_ADJ_a,M,S,le chapeau avec les billets qui était là depuis hier est aussi très brillant <eos>,13,brillant,brillante,11,M,P,brillant,-8.020763,brillante,-11.361353,1
10184,S_NOUN_8_ADJ_a,M,S,le chapeau avec les billets qui était là depuis hier est aussi très compliqué <eos>,13,compliqué,compliquée,11,M,P,compliqué,-6.597722,compliquée,-10.68117,1
10185,S_NOUN_8_ADJ_a,M,S,le chapeau avec les légumes qui était là depuis hier est aussi très vert <eos>,13,vert,verte,11,M,P,vert,-9.588062,verte,-13.526848,1
10186,S_NOUN_8_ADJ_a,M,S,le chapeau avec les légumes qui était là depuis hier est aussi très bleu <eos>,13,bleu,bleue,11,M,P,bleu,-10.509918,bleue,-16.124592,1
10187,S_NOUN_8_ADJ_a,M,S,le chapeau avec les légumes qui était là depuis hier est aussi très noir <eos>,13,noir,noire,11,M,P,noir,-9.078624,noire,-12.861342,1
10188,S_NOUN_8_ADJ_a,M,S,le chapeau avec les légumes qui était là depuis hier est aussi très délicat <eos>,13,délicat,délicate,11,M,P,délicat,-6.7350426,délicate,-9.922166,1
10189,S_NOUN_8_ADJ_a,M,S,le chapeau avec les légumes qui était là depuis hier est aussi très pointu <eos>,13,pointu,pointue,11,M,P,pointu,-7.6774273,pointue,-13.289025,1
10190,S_NOUN_8_ADJ_a,M,S,le chapeau avec les légumes qui était là depuis hier est aussi très rond <eos>,13,rond,ronde,11,M,P,rond,-10.121331,ronde,-13.147455,1
10191,S_NOUN_8_ADJ_a,M,S,le chapeau avec les légumes qui était là depuis hier est aussi très froid <eos>,13,froid,froide,11,M,P,froid,-6.3618546,froide,-10.905046,1
10192,S_NOUN_8_ADJ_a,M,S,le chapeau avec les légumes qui était là depuis hier est aussi très chaud <eos>,13,chaud,chaude,11,M,P,chaud,-5.8548746,chaude,-9.864345,1
10193,S_NOUN_8_ADJ_a,M,S,le chapeau avec les légumes qui était là depuis hier est aussi très important <eos>,13,important,importante,11,M,P,important,-4.6615458,importante,-8.214317,1
10194,S_NOUN_8_ADJ_a,M,S,le chapeau avec les légumes qui était là depuis hier est aussi très court <eos>,13,court,courte,11,M,P,court,-5.2015724,courte,-9.754321,1
10195,S_NOUN_8_ADJ_a,M,S,le chapeau avec les légumes qui était là depuis hier est aussi très dur <eos>,13,dur,dure,11,M,P,dur,-5.4110074,dure,-8.000351,1
10196,S_NOUN_8_ADJ_a,M,S,le chapeau avec les légumes qui était là depuis hier est aussi très clair <eos>,13,clair,claire,11,M,P,clair,-5.1707945,claire,-8.969321,1
10197,S_NOUN_8_ADJ_a,M,S,le chapeau avec les légumes qui était là depuis hier est aussi très intéressant <eos>,13,intéressant,intéressante,11,M,P,intéressant,-6.2029924,intéressante,-10.469649,1
10198,S_NOUN_8_ADJ_a,M,S,le chapeau avec les légumes qui était là depuis hier est aussi très brillant <eos>,13,brillant,brillante,11,M,P,brillant,-7.4782286,brillante,-10.643867,1
10199,S_NOUN_8_ADJ_a,M,S,le chapeau avec les légumes qui était là depuis hier est aussi très compliqué <eos>,13,compliqué,compliquée,11,M,P,compliqué,-7.4047384,compliquée,-11.0161085,1
10200,S_NOUN_8_ADJ_a,M,S,le pot avec les bracelets qui était là depuis hier est aussi très vert <eos>,13,vert,verte,11,M,P,vert,-9.980002,verte,-14.048837,1
10201,S_NOUN_8_ADJ_a,M,S,le pot avec les bracelets qui était là depuis hier est aussi très bleu <eos>,13,bleu,bleue,11,M,P,bleu,-10.759293,bleue,-16.747168,1
10202,S_NOUN_8_ADJ_a,M,S,le pot avec les bracelets qui était là depuis hier est aussi très noir <eos>,13,noir,noire,11,M,P,noir,-9.569933,noire,-13.610731,1
10203,S_NOUN_8_ADJ_a,M,S,le pot avec les bracelets qui était là depuis hier est aussi très délicat <eos>,13,délicat,délicate,11,M,P,délicat,-7.3812346,délicate,-9.980772,1
10204,S_NOUN_8_ADJ_a,M,S,le pot avec les bracelets qui était là depuis hier est aussi très pointu <eos>,13,pointu,pointue,11,M,P,pointu,-8.10915,pointue,-13.02183,1
10205,S_NOUN_8_ADJ_a,M,S,le pot avec les bracelets qui était là depuis hier est aussi très rond <eos>,13,rond,ronde,11,M,P,rond,-10.040094,ronde,-13.0840845,1
10206,S_NOUN_8_ADJ_a,M,S,le pot avec les bracelets qui était là depuis hier est aussi très froid <eos>,13,froid,froide,11,M,P,froid,-7.52518,froide,-12.114082,1
10207,S_NOUN_8_ADJ_a,M,S,le pot avec les bracelets qui était là depuis hier est aussi très chaud <eos>,13,chaud,chaude,11,M,P,chaud,-6.369859,chaude,-10.683918,1
10208,S_NOUN_8_ADJ_a,M,S,le pot avec les bracelets qui était là depuis hier est aussi très important <eos>,13,important,importante,11,M,P,important,-4.5773425,importante,-8.653526,1
10209,S_NOUN_8_ADJ_a,M,S,le pot avec les bracelets qui était là depuis hier est aussi très court <eos>,13,court,courte,11,M,P,court,-4.9518323,courte,-9.548033,1
10210,S_NOUN_8_ADJ_a,M,S,le pot avec les bracelets qui était là depuis hier est aussi très dur <eos>,13,dur,dure,11,M,P,dur,-5.35213,dure,-8.492666,1
10211,S_NOUN_8_ADJ_a,M,S,le pot avec les bracelets qui était là depuis hier est aussi très clair <eos>,13,clair,claire,11,M,P,clair,-6.189702,claire,-9.758779,1
10212,S_NOUN_8_ADJ_a,M,S,le pot avec les bracelets qui était là depuis hier est aussi très intéressant <eos>,13,intéressant,intéressante,11,M,P,intéressant,-5.882253,intéressante,-10.0063095,1
10213,S_NOUN_8_ADJ_a,M,S,le pot avec les bracelets qui était là depuis hier est aussi très brillant <eos>,13,brillant,brillante,11,M,P,brillant,-7.5783677,brillante,-11.323257,1
10214,S_NOUN_8_ADJ_a,M,S,le pot avec les bracelets qui était là depuis hier est aussi très compliqué <eos>,13,compliqué,compliquée,11,M,P,compliqué,-5.8087654,compliquée,-9.723952,1
10215,S_NOUN_8_ADJ_a,M,S,le pot avec les miroirs qui était là depuis hier est aussi très vert <eos>,13,vert,verte,11,M,P,vert,-9.711385,verte,-14.081727,1
10216,S_NOUN_8_ADJ_a,M,S,le pot avec les miroirs qui était là depuis hier est aussi très bleu <eos>,13,bleu,bleue,11,M,P,bleu,-10.633915,bleue,-17.026669,1
10217,S_NOUN_8_ADJ_a,M,S,le pot avec les miroirs qui était là depuis hier est aussi très noir <eos>,13,noir,noire,11,M,P,noir,-9.4302,noire,-14.475241,1
10218,S_NOUN_8_ADJ_a,M,S,le pot avec les miroirs qui était là depuis hier est aussi très délicat <eos>,13,délicat,délicate,11,M,P,délicat,-6.9610434,délicate,-9.831995,1
10219,S_NOUN_8_ADJ_a,M,S,le pot avec les miroirs qui était là depuis hier est aussi très pointu <eos>,13,pointu,pointue,11,M,P,pointu,-8.294429,pointue,-13.066323,1
10220,S_NOUN_8_ADJ_a,M,S,le pot avec les miroirs qui était là depuis hier est aussi très rond <eos>,13,rond,ronde,11,M,P,rond,-9.95905,ronde,-13.496151,1
10221,S_NOUN_8_ADJ_a,M,S,le pot avec les miroirs qui était là depuis hier est aussi très froid <eos>,13,froid,froide,11,M,P,froid,-6.4534564,froide,-11.256418,1
10222,S_NOUN_8_ADJ_a,M,S,le pot avec les miroirs qui était là depuis hier est aussi très chaud <eos>,13,chaud,chaude,11,M,P,chaud,-5.6569934,chaude,-9.642811,1
10223,S_NOUN_8_ADJ_a,M,S,le pot avec les miroirs qui était là depuis hier est aussi très important <eos>,13,important,importante,11,M,P,important,-4.28127,importante,-8.313092,1
10224,S_NOUN_8_ADJ_a,M,S,le pot avec les miroirs qui était là depuis hier est aussi très court <eos>,13,court,courte,11,M,P,court,-4.8012342,courte,-9.441485,1
10225,S_NOUN_8_ADJ_a,M,S,le pot avec les miroirs qui était là depuis hier est aussi très dur <eos>,13,dur,dure,11,M,P,dur,-4.8880844,dure,-8.269283,1
10226,S_NOUN_8_ADJ_a,M,S,le pot avec les miroirs qui était là depuis hier est aussi très clair <eos>,13,clair,claire,11,M,P,clair,-5.79698,claire,-9.610994,1
10227,S_NOUN_8_ADJ_a,M,S,le pot avec les miroirs qui était là depuis hier est aussi très intéressant <eos>,13,intéressant,intéressante,11,M,P,intéressant,-5.561781,intéressante,-9.877663,1
10228,S_NOUN_8_ADJ_a,M,S,le pot avec les miroirs qui était là depuis hier est aussi très brillant <eos>,13,brillant,brillante,11,M,P,brillant,-6.86342,brillante,-10.173609,1
10229,S_NOUN_8_ADJ_a,M,S,le pot avec les miroirs qui était là depuis hier est aussi très compliqué <eos>,13,compliqué,compliquée,11,M,P,compliqué,-5.864069,compliquée,-9.150626,1
10230,S_NOUN_8_ADJ_a,M,S,le pot avec les crayons qui était là depuis hier est aussi très vert <eos>,13,vert,verte,11,M,P,vert,-9.323292,verte,-13.760355,1
10231,S_NOUN_8_ADJ_a,M,S,le pot avec les crayons qui était là depuis hier est aussi très bleu <eos>,13,bleu,bleue,11,M,P,bleu,-10.361994,bleue,-16.958908,1
10232,S_NOUN_8_ADJ_a,M,S,le pot avec les crayons qui était là depuis hier est aussi très noir <eos>,13,noir,noire,11,M,P,noir,-9.411961,noire,-14.032485,1
10233,S_NOUN_8_ADJ_a,M,S,le pot avec les crayons qui était là depuis hier est aussi très délicat <eos>,13,délicat,délicate,11,M,P,délicat,-6.6279383,délicate,-10.013662,1
10234,S_NOUN_8_ADJ_a,M,S,le pot avec les crayons qui était là depuis hier est aussi très pointu <eos>,13,pointu,pointue,11,M,P,pointu,-8.409308,pointue,-13.581549,1
10235,S_NOUN_8_ADJ_a,M,S,le pot avec les crayons qui était là depuis hier est aussi très rond <eos>,13,rond,ronde,11,M,P,rond,-10.339049,ronde,-13.819799,1
10236,S_NOUN_8_ADJ_a,M,S,le pot avec les crayons qui était là depuis hier est aussi très froid <eos>,13,froid,froide,11,M,P,froid,-6.2507625,froide,-11.575769,1
10237,S_NOUN_8_ADJ_a,M,S,le pot avec les crayons qui était là depuis hier est aussi très chaud <eos>,13,chaud,chaude,11,M,P,chaud,-5.7470217,chaude,-10.196283,1
10238,S_NOUN_8_ADJ_a,M,S,le pot avec les crayons qui était là depuis hier est aussi très important <eos>,13,important,importante,11,M,P,important,-4.1472874,importante,-8.219314,1
10239,S_NOUN_8_ADJ_a,M,S,le pot avec les crayons qui était là depuis hier est aussi très court <eos>,13,court,courte,11,M,P,court,-5.152903,courte,-10.04134,1
10240,S_NOUN_8_ADJ_a,M,S,le pot avec les crayons qui était là depuis hier est aussi très dur <eos>,13,dur,dure,11,M,P,dur,-4.8938785,dure,-7.9872947,1
10241,S_NOUN_8_ADJ_a,M,S,le pot avec les crayons qui était là depuis hier est aussi très clair <eos>,13,clair,claire,11,M,P,clair,-5.3197207,claire,-9.160076,1
10242,S_NOUN_8_ADJ_a,M,S,le pot avec les crayons qui était là depuis hier est aussi très intéressant <eos>,13,intéressant,intéressante,11,M,P,intéressant,-5.662159,intéressante,-10.175158,1
10243,S_NOUN_8_ADJ_a,M,S,le pot avec les crayons qui était là depuis hier est aussi très brillant <eos>,13,brillant,brillante,11,M,P,brillant,-7.0807767,brillante,-10.774082,1
10244,S_NOUN_8_ADJ_a,M,S,le pot avec les crayons qui était là depuis hier est aussi très compliqué <eos>,13,compliqué,compliquée,11,M,P,compliqué,-6.6023555,compliquée,-9.997383,1
10245,S_NOUN_8_ADJ_a,M,S,le pot avec les rideaux qui était là depuis hier est aussi très vert <eos>,13,vert,verte,11,M,P,vert,-9.904668,verte,-14.061449,1
10246,S_NOUN_8_ADJ_a,M,S,le pot avec les rideaux qui était là depuis hier est aussi très bleu <eos>,13,bleu,bleue,11,M,P,bleu,-10.72904,bleue,-16.853642,1
10247,S_NOUN_8_ADJ_a,M,S,le pot avec les rideaux qui était là depuis hier est aussi très noir <eos>,13,noir,noire,11,M,P,noir,-9.523191,noire,-13.704792,1
10248,S_NOUN_8_ADJ_a,M,S,le pot avec les rideaux qui était là depuis hier est aussi très délicat <eos>,13,délicat,délicate,11,M,P,délicat,-7.0680466,délicate,-10.149424,1
10249,S_NOUN_8_ADJ_a,M,S,le pot avec les rideaux qui était là depuis hier est aussi très pointu <eos>,13,pointu,pointue,11,M,P,pointu,-8.251783,pointue,-13.378367,1
10250,S_NOUN_8_ADJ_a,M,S,le pot avec les rideaux qui était là depuis hier est aussi très rond <eos>,13,rond,ronde,11,M,P,rond,-9.9809265,ronde,-13.305371,1
10251,S_NOUN_8_ADJ_a,M,S,le pot avec les rideaux qui était là depuis hier est aussi très froid <eos>,13,froid,froide,11,M,P,froid,-6.5478535,froide,-11.615701,1
10252,S_NOUN_8_ADJ_a,M,S,le pot avec les rideaux qui était là depuis hier est aussi très chaud <eos>,13,chaud,chaude,11,M,P,chaud,-5.9188747,chaude,-10.057187,1
10253,S_NOUN_8_ADJ_a,M,S,le pot avec les rideaux qui était là depuis hier est aussi très important <eos>,13,important,importante,11,M,P,important,-4.3171015,importante,-8.394677,1
10254,S_NOUN_8_ADJ_a,M,S,le pot avec les rideaux qui était là depuis hier est aussi très court <eos>,13,court,courte,11,M,P,court,-4.685236,courte,-9.525625,1
10255,S_NOUN_8_ADJ_a,M,S,le pot avec les rideaux qui était là depuis hier est aussi très dur <eos>,13,dur,dure,11,M,P,dur,-5.159747,dure,-7.8709545,1
10256,S_NOUN_8_ADJ_a,M,S,le pot avec les rideaux qui était là depuis hier est aussi très clair <eos>,13,clair,claire,11,M,P,clair,-5.7796297,claire,-9.283295,1
10257,S_NOUN_8_ADJ_a,M,S,le pot avec les rideaux qui était là depuis hier est aussi très intéressant <eos>,13,intéressant,intéressante,11,M,P,intéressant,-5.9728284,intéressante,-10.093815,1
10258,S_NOUN_8_ADJ_a,M,S,le pot avec les rideaux qui était là depuis hier est aussi très brillant <eos>,13,brillant,brillante,11,M,P,brillant,-7.6582103,brillante,-11.207481,1
10259,S_NOUN_8_ADJ_a,M,S,le pot avec les rideaux qui était là depuis hier est aussi très compliqué <eos>,13,compliqué,compliquée,11,M,P,compliqué,-6.02028,compliquée,-9.594451,1
10260,S_NOUN_8_ADJ_a,M,S,le pot avec les cahiers qui était là depuis hier est aussi très vert <eos>,13,vert,verte,11,M,P,vert,-10.616489,verte,-14.637718,1
10261,S_NOUN_8_ADJ_a,M,S,le pot avec les cahiers qui était là depuis hier est aussi très bleu <eos>,13,bleu,bleue,11,M,P,bleu,-11.648628,bleue,-17.651525,1
10262,S_NOUN_8_ADJ_a,M,S,le pot avec les cahiers qui était là depuis hier est aussi très noir <eos>,13,noir,noire,11,M,P,noir,-9.907611,noire,-15.100163,1
10263,S_NOUN_8_ADJ_a,M,S,le pot avec les cahiers qui était là depuis hier est aussi très délicat <eos>,13,délicat,délicate,11,M,P,délicat,-7.4376516,délicate,-10.667898,1
10264,S_NOUN_8_ADJ_a,M,S,le pot avec les cahiers qui était là depuis hier est aussi très pointu <eos>,13,pointu,pointue,11,M,P,pointu,-8.596858,pointue,-13.893069,1
10265,S_NOUN_8_ADJ_a,M,S,le pot avec les cahiers qui était là depuis hier est aussi très rond <eos>,13,rond,ronde,11,M,P,rond,-11.250241,ronde,-14.774204,1
10266,S_NOUN_8_ADJ_a,M,S,le pot avec les cahiers qui était là depuis hier est aussi très froid <eos>,13,froid,froide,11,M,P,froid,-6.608386,froide,-12.321812,1
10267,S_NOUN_8_ADJ_a,M,S,le pot avec les cahiers qui était là depuis hier est aussi très chaud <eos>,13,chaud,chaude,11,M,P,chaud,-6.242891,chaude,-11.055584,1
10268,S_NOUN_8_ADJ_a,M,S,le pot avec les cahiers qui était là depuis hier est aussi très important <eos>,13,important,importante,11,M,P,important,-3.6994004,importante,-7.8067603,1
10269,S_NOUN_8_ADJ_a,M,S,le pot avec les cahiers qui était là depuis hier est aussi très court <eos>,13,court,courte,11,M,P,court,-5.077855,courte,-9.187829,1
10270,S_NOUN_8_ADJ_a,M,S,le pot avec les cahiers qui était là depuis hier est aussi très dur <eos>,13,dur,dure,11,M,P,dur,-5.38106,dure,-7.915607,1
10271,S_NOUN_8_ADJ_a,M,S,le pot avec les cahiers qui était là depuis hier est aussi très clair <eos>,13,clair,claire,11,M,P,clair,-5.870018,claire,-10.06094,1
10272,S_NOUN_8_ADJ_a,M,S,le pot avec les cahiers qui était là depuis hier est aussi très intéressant <eos>,13,intéressant,intéressante,11,M,P,intéressant,-5.3434944,intéressante,-9.543945,1
10273,S_NOUN_8_ADJ_a,M,S,le pot avec les cahiers qui était là depuis hier est aussi très brillant <eos>,13,brillant,brillante,11,M,P,brillant,-7.7042694,brillante,-11.323404,1
10274,S_NOUN_8_ADJ_a,M,S,le pot avec les cahiers qui était là depuis hier est aussi très compliqué <eos>,13,compliqué,compliquée,11,M,P,compliqué,-6.240141,compliquée,-9.518643,1
10275,S_NOUN_8_ADJ_a,M,S,le pot avec les micros qui était là depuis hier est aussi très vert <eos>,13,vert,verte,11,M,P,vert,-10.130919,verte,-14.729757,1
10276,S_NOUN_8_ADJ_a,M,S,le pot avec les micros qui était là depuis hier est aussi très bleu <eos>,13,bleu,bleue,11,M,P,bleu,-10.827205,bleue,-17.372225,1
10277,S_NOUN_8_ADJ_a,M,S,le pot avec les micros qui était là depuis hier est aussi très noir <eos>,13,noir,noire,11,M,P,noir,-9.410831,noire,-14.62818,1
10278,S_NOUN_8_ADJ_a,M,S,le pot avec les micros qui était là depuis hier est aussi très délicat <eos>,13,délicat,délicate,11,M,P,délicat,-6.835264,délicate,-9.984847,1
10279,S_NOUN_8_ADJ_a,M,S,le pot avec les micros qui était là depuis hier est aussi très pointu <eos>,13,pointu,pointue,11,M,P,pointu,-8.317994,pointue,-13.915086,1
10280,S_NOUN_8_ADJ_a,M,S,le pot avec les micros qui était là depuis hier est aussi très rond <eos>,13,rond,ronde,11,M,P,rond,-9.976546,ronde,-13.989403,1
10281,S_NOUN_8_ADJ_a,M,S,le pot avec les micros qui était là depuis hier est aussi très froid <eos>,13,froid,froide,11,M,P,froid,-6.7736855,froide,-12.1511345,1
10282,S_NOUN_8_ADJ_a,M,S,le pot avec les micros qui était là depuis hier est aussi très chaud <eos>,13,chaud,chaude,11,M,P,chaud,-5.8168206,chaude,-10.209646,1
10283,S_NOUN_8_ADJ_a,M,S,le pot avec les micros qui était là depuis hier est aussi très important <eos>,13,important,importante,11,M,P,important,-4.2686386,importante,-8.6819935,1
10284,S_NOUN_8_ADJ_a,M,S,le pot avec les micros qui était là depuis hier est aussi très court <eos>,13,court,courte,11,M,P,court,-5.1580753,courte,-9.979214,1
10285,S_NOUN_8_ADJ_a,M,S,le pot avec les micros qui était là depuis hier est aussi très dur <eos>,13,dur,dure,11,M,P,dur,-4.5731535,dure,-7.8395653,1
10286,S_NOUN_8_ADJ_a,M,S,le pot avec les micros qui était là depuis hier est aussi très clair <eos>,13,clair,claire,11,M,P,clair,-5.5721254,claire,-9.552823,1
10287,S_NOUN_8_ADJ_a,M,S,le pot avec les micros qui était là depuis hier est aussi très intéressant <eos>,13,intéressant,intéressante,11,M,P,intéressant,-5.857242,intéressante,-10.09944,1
10288,S_NOUN_8_ADJ_a,M,S,le pot avec les micros qui était là depuis hier est aussi très brillant <eos>,13,brillant,brillante,11,M,P,brillant,-7.26571,brillante,-11.584679,1
10289,S_NOUN_8_ADJ_a,M,S,le pot avec les micros qui était là depuis hier est aussi très compliqué <eos>,13,compliqué,compliquée,11,M,P,compliqué,-5.248204,compliquée,-9.018944,1
10290,S_NOUN_8_ADJ_a,M,S,le pot avec les sacs qui était là depuis hier est aussi très vert <eos>,13,vert,verte,11,M,P,vert,-10.131309,verte,-14.556451,1
10291,S_NOUN_8_ADJ_a,M,S,le pot avec les sacs qui était là depuis hier est aussi très bleu <eos>,13,bleu,bleue,11,M,P,bleu,-11.268305,bleue,-17.518202,1
10292,S_NOUN_8_ADJ_a,M,S,le pot avec les sacs qui était là depuis hier est aussi très noir <eos>,13,noir,noire,11,M,P,noir,-9.7661085,noire,-14.286319,1
10293,S_NOUN_8_ADJ_a,M,S,le pot avec les sacs qui était là depuis hier est aussi très délicat <eos>,13,délicat,délicate,11,M,P,délicat,-7.1822095,délicate,-10.098835,1
10294,S_NOUN_8_ADJ_a,M,S,le pot avec les sacs qui était là depuis hier est aussi très pointu <eos>,13,pointu,pointue,11,M,P,pointu,-7.9579353,pointue,-13.366488,1
10295,S_NOUN_8_ADJ_a,M,S,le pot avec les sacs qui était là depuis hier est aussi très rond <eos>,13,rond,ronde,11,M,P,rond,-10.101063,ronde,-13.345939,1
10296,S_NOUN_8_ADJ_a,M,S,le pot avec les sacs qui était là depuis hier est aussi très froid <eos>,13,froid,froide,11,M,P,froid,-6.6132708,froide,-11.945886,1
10297,S_NOUN_8_ADJ_a,M,S,le pot avec les sacs qui était là depuis hier est aussi très chaud <eos>,13,chaud,chaude,11,M,P,chaud,-5.522785,chaude,-10.155468,1
10298,S_NOUN_8_ADJ_a,M,S,le pot avec les sacs qui était là depuis hier est aussi très important <eos>,13,important,importante,11,M,P,important,-3.8981638,importante,-7.9503107,1
10299,S_NOUN_8_ADJ_a,M,S,le pot avec les sacs qui était là depuis hier est aussi très court <eos>,13,court,courte,11,M,P,court,-4.9394684,courte,-9.708874,1
10300,S_NOUN_8_ADJ_a,M,S,le pot avec les sacs qui était là depuis hier est aussi très dur <eos>,13,dur,dure,11,M,P,dur,-4.944007,dure,-7.8911467,1
10301,S_NOUN_8_ADJ_a,M,S,le pot avec les sacs qui était là depuis hier est aussi très clair <eos>,13,clair,claire,11,M,P,clair,-6.055218,claire,-9.84289,1
10302,S_NOUN_8_ADJ_a,M,S,le pot avec les sacs qui était là depuis hier est aussi très intéressant <eos>,13,intéressant,intéressante,11,M,P,intéressant,-5.697013,intéressante,-10.084696,1
10303,S_NOUN_8_ADJ_a,M,S,le pot avec les sacs qui était là depuis hier est aussi très brillant <eos>,13,brillant,brillante,11,M,P,brillant,-7.9391756,brillante,-11.935839,1
10304,S_NOUN_8_ADJ_a,M,S,le pot avec les sacs qui était là depuis hier est aussi très compliqué <eos>,13,compliqué,compliquée,11,M,P,compliqué,-6.0936985,compliquée,-9.885167,1
10305,S_NOUN_8_ADJ_a,M,S,le pot avec les claviers qui était là depuis hier est aussi très vert <eos>,13,vert,verte,11,M,P,vert,-10.772568,verte,-14.908706,1
10306,S_NOUN_8_ADJ_a,M,S,le pot avec les claviers qui était là depuis hier est aussi très bleu <eos>,13,bleu,bleue,11,M,P,bleu,-11.406684,bleue,-17.435873,1
10307,S_NOUN_8_ADJ_a,M,S,le pot avec les claviers qui était là depuis hier est aussi très noir <eos>,13,noir,noire,11,M,P,noir,-9.877517,noire,-14.628322,1
10308,S_NOUN_8_ADJ_a,M,S,le pot avec les claviers qui était là depuis hier est aussi très délicat <eos>,13,délicat,délicate,11,M,P,délicat,-6.957177,délicate,-10.037832,1
10309,S_NOUN_8_ADJ_a,M,S,le pot avec les claviers qui était là depuis hier est aussi très pointu <eos>,13,pointu,pointue,11,M,P,pointu,-8.289182,pointue,-13.826778,1
10310,S_NOUN_8_ADJ_a,M,S,le pot avec les claviers qui était là depuis hier est aussi très rond <eos>,13,rond,ronde,11,M,P,rond,-10.332016,ronde,-14.11912,1
10311,S_NOUN_8_ADJ_a,M,S,le pot avec les claviers qui était là depuis hier est aussi très froid <eos>,13,froid,froide,11,M,P,froid,-6.937551,froide,-12.54653,1
10312,S_NOUN_8_ADJ_a,M,S,le pot avec les claviers qui était là depuis hier est aussi très chaud <eos>,13,chaud,chaude,11,M,P,chaud,-6.4301558,chaude,-10.244432,1
10313,S_NOUN_8_ADJ_a,M,S,le pot avec les claviers qui était là depuis hier est aussi très important <eos>,13,important,importante,11,M,P,important,-4.1634345,importante,-8.360245,1
10314,S_NOUN_8_ADJ_a,M,S,le pot avec les claviers qui était là depuis hier est aussi très court <eos>,13,court,courte,11,M,P,court,-5.403837,courte,-9.859427,1
10315,S_NOUN_8_ADJ_a,M,S,le pot avec les claviers qui était là depuis hier est aussi très dur <eos>,13,dur,dure,11,M,P,dur,-4.3949795,dure,-7.9176416,1
10316,S_NOUN_8_ADJ_a,M,S,le pot avec les claviers qui était là depuis hier est aussi très clair <eos>,13,clair,claire,11,M,P,clair,-5.9052625,claire,-9.445679,1
10317,S_NOUN_8_ADJ_a,M,S,le pot avec les claviers qui était là depuis hier est aussi très intéressant <eos>,13,intéressant,intéressante,11,M,P,intéressant,-5.5831556,intéressante,-9.756324,1
10318,S_NOUN_8_ADJ_a,M,S,le pot avec les claviers qui était là depuis hier est aussi très brillant <eos>,13,brillant,brillante,11,M,P,brillant,-7.3243046,brillante,-11.166391,1
10319,S_NOUN_8_ADJ_a,M,S,le pot avec les claviers qui était là depuis hier est aussi très compliqué <eos>,13,compliqué,compliquée,11,M,P,compliqué,-5.591689,compliquée,-8.842675,1
10320,S_NOUN_8_ADJ_a,M,S,le pot avec les raisins qui était là depuis hier est aussi très vert <eos>,13,vert,verte,11,M,P,vert,-9.674834,verte,-14.518466,1
10321,S_NOUN_8_ADJ_a,M,S,le pot avec les raisins qui était là depuis hier est aussi très bleu <eos>,13,bleu,bleue,11,M,P,bleu,-11.125831,bleue,-17.547806,1
10322,S_NOUN_8_ADJ_a,M,S,le pot avec les raisins qui était là depuis hier est aussi très noir <eos>,13,noir,noire,11,M,P,noir,-9.814312,noire,-14.193129,1
10323,S_NOUN_8_ADJ_a,M,S,le pot avec les raisins qui était là depuis hier est aussi très délicat <eos>,13,délicat,délicate,11,M,P,délicat,-6.5135574,délicate,-9.690044,1
10324,S_NOUN_8_ADJ_a,M,S,le pot avec les raisins qui était là depuis hier est aussi très pointu <eos>,13,pointu,pointue,11,M,P,pointu,-8.344309,pointue,-13.401478,1
10325,S_NOUN_8_ADJ_a,M,S,le pot avec les raisins qui était là depuis hier est aussi très rond <eos>,13,rond,ronde,11,M,P,rond,-10.558825,ronde,-13.088152,1
10326,S_NOUN_8_ADJ_a,M,S,le pot avec les raisins qui était là depuis hier est aussi très froid <eos>,13,froid,froide,11,M,P,froid,-6.007451,froide,-11.819086,1
10327,S_NOUN_8_ADJ_a,M,S,le pot avec les raisins qui était là depuis hier est aussi très chaud <eos>,13,chaud,chaude,11,M,P,chaud,-5.262126,chaude,-10.285944,1
10328,S_NOUN_8_ADJ_a,M,S,le pot avec les raisins qui était là depuis hier est aussi très important <eos>,13,important,importante,11,M,P,important,-3.8824642,importante,-7.7807064,1
10329,S_NOUN_8_ADJ_a,M,S,le pot avec les raisins qui était là depuis hier est aussi très court <eos>,13,court,courte,11,M,P,court,-4.807065,courte,-10.142673,1
10330,S_NOUN_8_ADJ_a,M,S,le pot avec les raisins qui était là depuis hier est aussi très dur <eos>,13,dur,dure,11,M,P,dur,-4.268774,dure,-7.5557632,1
10331,S_NOUN_8_ADJ_a,M,S,le pot avec les raisins qui était là depuis hier est aussi très clair <eos>,13,clair,claire,11,M,P,clair,-5.366267,claire,-9.195197,1
10332,S_NOUN_8_ADJ_a,M,S,le pot avec les raisins qui était là depuis hier est aussi très intéressant <eos>,13,intéressant,intéressante,11,M,P,intéressant,-5.83444,intéressante,-10.22261,1
10333,S_NOUN_8_ADJ_a,M,S,le pot avec les raisins qui était là depuis hier est aussi très brillant <eos>,13,brillant,brillante,11,M,P,brillant,-7.482228,brillante,-11.443176,1
10334,S_NOUN_8_ADJ_a,M,S,le pot avec les raisins qui était là depuis hier est aussi très compliqué <eos>,13,compliqué,compliquée,11,M,P,compliqué,-6.5060816,compliquée,-10.269452,1
10335,S_NOUN_8_ADJ_a,M,S,le pot avec les chargeurs qui était là depuis hier est aussi très vert <eos>,13,vert,verte,11,M,P,vert,-10.433333,verte,-15.095272,1
10336,S_NOUN_8_ADJ_a,M,S,le pot avec les chargeurs qui était là depuis hier est aussi très bleu <eos>,13,bleu,bleue,11,M,P,bleu,-11.371391,bleue,-18.256193,1
10337,S_NOUN_8_ADJ_a,M,S,le pot avec les chargeurs qui était là depuis hier est aussi très noir <eos>,13,noir,noire,11,M,P,noir,-9.726374,noire,-15.159722,1
10338,S_NOUN_8_ADJ_a,M,S,le pot avec les chargeurs qui était là depuis hier est aussi très délicat <eos>,13,délicat,délicate,11,M,P,délicat,-7.507465,délicate,-10.105893,1
10339,S_NOUN_8_ADJ_a,M,S,le pot avec les chargeurs qui était là depuis hier est aussi très pointu <eos>,13,pointu,pointue,11,M,P,pointu,-8.551919,pointue,-12.974628,1
10340,S_NOUN_8_ADJ_a,M,S,le pot avec les chargeurs qui était là depuis hier est aussi très rond <eos>,13,rond,ronde,11,M,P,rond,-10.007462,ronde,-13.43207,1
10341,S_NOUN_8_ADJ_a,M,S,le pot avec les chargeurs qui était là depuis hier est aussi très froid <eos>,13,froid,froide,11,M,P,froid,-6.83447,froide,-11.656176,1
10342,S_NOUN_8_ADJ_a,M,S,le pot avec les chargeurs qui était là depuis hier est aussi très chaud <eos>,13,chaud,chaude,11,M,P,chaud,-6.2699594,chaude,-10.52556,1
10343,S_NOUN_8_ADJ_a,M,S,le pot avec les chargeurs qui était là depuis hier est aussi très important <eos>,13,important,importante,11,M,P,important,-3.4877577,importante,-7.5494213,1
10344,S_NOUN_8_ADJ_a,M,S,le pot avec les chargeurs qui était là depuis hier est aussi très court <eos>,13,court,courte,11,M,P,court,-4.4644156,courte,-8.884539,1
10345,S_NOUN_8_ADJ_a,M,S,le pot avec les chargeurs qui était là depuis hier est aussi très dur <eos>,13,dur,dure,11,M,P,dur,-5.0417404,dure,-8.860771,1
10346,S_NOUN_8_ADJ_a,M,S,le pot avec les chargeurs qui était là depuis hier est aussi très clair <eos>,13,clair,claire,11,M,P,clair,-6.9355707,claire,-10.936744,1
10347,S_NOUN_8_ADJ_a,M,S,le pot avec les chargeurs qui était là depuis hier est aussi très intéressant <eos>,13,intéressant,intéressante,11,M,P,intéressant,-5.771982,intéressante,-9.757582,1
10348,S_NOUN_8_ADJ_a,M,S,le pot avec les chargeurs qui était là depuis hier est aussi très brillant <eos>,13,brillant,brillante,11,M,P,brillant,-8.08475,brillante,-12.169918,1
10349,S_NOUN_8_ADJ_a,M,S,le pot avec les chargeurs qui était là depuis hier est aussi très compliqué <eos>,13,compliqué,compliquée,11,M,P,compliqué,-5.547286,compliquée,-9.454784,1
10350,S_NOUN_8_ADJ_a,M,S,le pot avec les vases qui était là depuis hier est aussi très vert <eos>,13,vert,verte,11,M,P,vert,-10.356634,verte,-14.213569,1
10351,S_NOUN_8_ADJ_a,M,S,le pot avec les vases qui était là depuis hier est aussi très bleu <eos>,13,bleu,bleue,11,M,P,bleu,-11.37632,bleue,-17.027546,1
10352,S_NOUN_8_ADJ_a,M,S,le pot avec les vases qui était là depuis hier est aussi très noir <eos>,13,noir,noire,11,M,P,noir,-10.39203,noire,-13.830053,1
10353,S_NOUN_8_ADJ_a,M,S,le pot avec les vases qui était là depuis hier est aussi très délicat <eos>,13,délicat,délicate,11,M,P,délicat,-7.0222464,délicate,-10.005013,1
10354,S_NOUN_8_ADJ_a,M,S,le pot avec les vases qui était là depuis hier est aussi très pointu <eos>,13,pointu,pointue,11,M,P,pointu,-8.097836,pointue,-13.103947,1
10355,S_NOUN_8_ADJ_a,M,S,le pot avec les vases qui était là depuis hier est aussi très rond <eos>,13,rond,ronde,11,M,P,rond,-10.004676,ronde,-12.994911,1
10356,S_NOUN_8_ADJ_a,M,S,le pot avec les vases qui était là depuis hier est aussi très froid <eos>,13,froid,froide,11,M,P,froid,-7.4708204,froide,-12.025911,1
10357,S_NOUN_8_ADJ_a,M,S,le pot avec les vases qui était là depuis hier est aussi très chaud <eos>,13,chaud,chaude,11,M,P,chaud,-6.142562,chaude,-10.354343,1
10358,S_NOUN_8_ADJ_a,M,S,le pot avec les vases qui était là depuis hier est aussi très important <eos>,13,important,importante,11,M,P,important,-4.25239,importante,-8.172553,1
10359,S_NOUN_8_ADJ_a,M,S,le pot avec les vases qui était là depuis hier est aussi très court <eos>,13,court,courte,11,M,P,court,-4.9055977,courte,-9.690091,1
10360,S_NOUN_8_ADJ_a,M,S,le pot avec les vases qui était là depuis hier est aussi très dur <eos>,13,dur,dure,11,M,P,dur,-4.9949293,dure,-7.8867254,1
10361,S_NOUN_8_ADJ_a,M,S,le pot avec les vases qui était là depuis hier est aussi très clair <eos>,13,clair,claire,11,M,P,clair,-5.756677,claire,-9.257164,1
10362,S_NOUN_8_ADJ_a,M,S,le pot avec les vases qui était là depuis hier est aussi très intéressant <eos>,13,intéressant,intéressante,11,M,P,intéressant,-5.747216,intéressante,-10.107208,1
10363,S_NOUN_8_ADJ_a,M,S,le pot avec les vases qui était là depuis hier est aussi très brillant <eos>,13,brillant,brillante,11,M,P,brillant,-7.5264864,brillante,-10.947974,1
10364,S_NOUN_8_ADJ_a,M,S,le pot avec les vases qui était là depuis hier est aussi très compliqué <eos>,13,compliqué,compliquée,11,M,P,compliqué,-6.4427176,compliquée,-9.995275,1
10365,S_NOUN_8_ADJ_a,M,S,le pot avec les paniers qui était là depuis hier est aussi très vert <eos>,13,vert,verte,11,M,P,vert,-10.190982,verte,-14.260415,1
10366,S_NOUN_8_ADJ_a,M,S,le pot avec les paniers qui était là depuis hier est aussi très bleu <eos>,13,bleu,bleue,11,M,P,bleu,-11.109004,bleue,-17.113735,1
10367,S_NOUN_8_ADJ_a,M,S,le pot avec les paniers qui était là depuis hier est aussi très noir <eos>,13,noir,noire,11,M,P,noir,-9.76289,noire,-13.756601,1
10368,S_NOUN_8_ADJ_a,M,S,le pot avec les paniers qui était là depuis hier est aussi très délicat <eos>,13,délicat,délicate,11,M,P,délicat,-7.0242133,délicate,-10.290894,1
10369,S_NOUN_8_ADJ_a,M,S,le pot avec les paniers qui était là depuis hier est aussi très pointu <eos>,13,pointu,pointue,11,M,P,pointu,-7.496459,pointue,-12.77043,1
10370,S_NOUN_8_ADJ_a,M,S,le pot avec les paniers qui était là depuis hier est aussi très rond <eos>,13,rond,ronde,11,M,P,rond,-9.740135,ronde,-12.936952,1
10371,S_NOUN_8_ADJ_a,M,S,le pot avec les paniers qui était là depuis hier est aussi très froid <eos>,13,froid,froide,11,M,P,froid,-7.244219,froide,-12.16975,1
10372,S_NOUN_8_ADJ_a,M,S,le pot avec les paniers qui était là depuis hier est aussi très chaud <eos>,13,chaud,chaude,11,M,P,chaud,-5.9694276,chaude,-10.608887,1
10373,S_NOUN_8_ADJ_a,M,S,le pot avec les paniers qui était là depuis hier est aussi très important <eos>,13,important,importante,11,M,P,important,-4.351447,importante,-8.421717,1
10374,S_NOUN_8_ADJ_a,M,S,le pot avec les paniers qui était là depuis hier est aussi très court <eos>,13,court,courte,11,M,P,court,-4.5614595,courte,-9.2915325,1
10375,S_NOUN_8_ADJ_a,M,S,le pot avec les paniers qui était là depuis hier est aussi très dur <eos>,13,dur,dure,11,M,P,dur,-4.814071,dure,-7.9672484,1
10376,S_NOUN_8_ADJ_a,M,S,le pot avec les paniers qui était là depuis hier est aussi très clair <eos>,13,clair,claire,11,M,P,clair,-5.8594317,claire,-9.509062,1
10377,S_NOUN_8_ADJ_a,M,S,le pot avec les paniers qui était là depuis hier est aussi très intéressant <eos>,13,intéressant,intéressante,11,M,P,intéressant,-5.7813606,intéressante,-10.055585,1
10378,S_NOUN_8_ADJ_a,M,S,le pot avec les paniers qui était là depuis hier est aussi très brillant <eos>,13,brillant,brillante,11,M,P,brillant,-7.9058237,brillante,-11.656404,1
10379,S_NOUN_8_ADJ_a,M,S,le pot avec les paniers qui était là depuis hier est aussi très compliqué <eos>,13,compliqué,compliquée,11,M,P,compliqué,-5.879922,compliquée,-9.524136,1
10380,S_NOUN_8_ADJ_a,M,S,le pot avec les colliers qui était là depuis hier est aussi très vert <eos>,13,vert,verte,11,M,P,vert,-10.257854,verte,-14.321024,1
10381,S_NOUN_8_ADJ_a,M,S,le pot avec les colliers qui était là depuis hier est aussi très bleu <eos>,13,bleu,bleue,11,M,P,bleu,-11.165444,bleue,-17.079807,1
10382,S_NOUN_8_ADJ_a,M,S,le pot avec les colliers qui était là depuis hier est aussi très noir <eos>,13,noir,noire,11,M,P,noir,-10.065591,noire,-13.84084,1
10383,S_NOUN_8_ADJ_a,M,S,le pot avec les colliers qui était là depuis hier est aussi très délicat <eos>,13,délicat,délicate,11,M,P,délicat,-6.9682846,délicate,-9.818776,1
10384,S_NOUN_8_ADJ_a,M,S,le pot avec les colliers qui était là depuis hier est aussi très pointu <eos>,13,pointu,pointue,11,M,P,pointu,-7.804038,pointue,-12.556669,1
10385,S_NOUN_8_ADJ_a,M,S,le pot avec les colliers qui était là depuis hier est aussi très rond <eos>,13,rond,ronde,11,M,P,rond,-10.0622225,ronde,-13.041079,1
10386,S_NOUN_8_ADJ_a,M,S,le pot avec les colliers qui était là depuis hier est aussi très froid <eos>,13,froid,froide,11,M,P,froid,-7.6974077,froide,-12.118147,1
10387,S_NOUN_8_ADJ_a,M,S,le pot avec les colliers qui était là depuis hier est aussi très chaud <eos>,13,chaud,chaude,11,M,P,chaud,-6.5986176,chaude,-10.684967,1
10388,S_NOUN_8_ADJ_a,M,S,le pot avec les colliers qui était là depuis hier est aussi très important <eos>,13,important,importante,11,M,P,important,-4.300813,importante,-8.1619625,1
10389,S_NOUN_8_ADJ_a,M,S,le pot avec les colliers qui était là depuis hier est aussi très court <eos>,13,court,courte,11,M,P,court,-4.6713967,courte,-9.097258,1
10390,S_NOUN_8_ADJ_a,M,S,le pot avec les colliers qui était là depuis hier est aussi très dur <eos>,13,dur,dure,11,M,P,dur,-4.972416,dure,-8.035359,1
10391,S_NOUN_8_ADJ_a,M,S,le pot avec les colliers qui était là depuis hier est aussi très clair <eos>,13,clair,claire,11,M,P,clair,-5.8037004,claire,-9.585085,1
10392,S_NOUN_8_ADJ_a,M,S,le pot avec les colliers qui était là depuis hier est aussi très intéressant <eos>,13,intéressant,intéressante,11,M,P,intéressant,-5.8118696,intéressante,-10.040322,1
10393,S_NOUN_8_ADJ_a,M,S,le pot avec les colliers qui était là depuis hier est aussi très brillant <eos>,13,brillant,brillante,11,M,P,brillant,-7.638433,brillante,-11.097408,1
10394,S_NOUN_8_ADJ_a,M,S,le pot avec les colliers qui était là depuis hier est aussi très compliqué <eos>,13,compliqué,compliquée,11,M,P,compliqué,-5.808796,compliquée,-9.494668,1
10395,S_NOUN_8_ADJ_a,M,S,le pot avec les chapeaux qui était là depuis hier est aussi très vert <eos>,13,vert,verte,11,M,P,vert,-9.971351,verte,-14.053285,1
10396,S_NOUN_8_ADJ_a,M,S,le pot avec les chapeaux qui était là depuis hier est aussi très bleu <eos>,13,bleu,bleue,11,M,P,bleu,-10.619764,bleue,-16.775608,1
10397,S_NOUN_8_ADJ_a,M,S,le pot avec les chapeaux qui était là depuis hier est aussi très noir <eos>,13,noir,noire,11,M,P,noir,-9.366684,noire,-13.796335,1
10398,S_NOUN_8_ADJ_a,M,S,le pot avec les chapeaux qui était là depuis hier est aussi très délicat <eos>,13,délicat,délicate,11,M,P,délicat,-7.2649717,délicate,-10.782372,1
10399,S_NOUN_8_ADJ_a,M,S,le pot avec les chapeaux qui était là depuis hier est aussi très pointu <eos>,13,pointu,pointue,11,M,P,pointu,-7.787604,pointue,-13.309221,1
10400,S_NOUN_8_ADJ_a,M,S,le pot avec les chapeaux qui était là depuis hier est aussi très rond <eos>,13,rond,ronde,11,M,P,rond,-9.819346,ronde,-13.333603,1
10401,S_NOUN_8_ADJ_a,M,S,le pot avec les chapeaux qui était là depuis hier est aussi très froid <eos>,13,froid,froide,11,M,P,froid,-7.217451,froide,-12.301464,1
10402,S_NOUN_8_ADJ_a,M,S,le pot avec les chapeaux qui était là depuis hier est aussi très chaud <eos>,13,chaud,chaude,11,M,P,chaud,-6.2612605,chaude,-10.685682,1
10403,S_NOUN_8_ADJ_a,M,S,le pot avec les chapeaux qui était là depuis hier est aussi très important <eos>,13,important,importante,11,M,P,important,-4.4431305,importante,-8.617349,1
10404,S_NOUN_8_ADJ_a,M,S,le pot avec les chapeaux qui était là depuis hier est aussi très court <eos>,13,court,courte,11,M,P,court,-4.597955,courte,-9.403393,1
10405,S_NOUN_8_ADJ_a,M,S,le pot avec les chapeaux qui était là depuis hier est aussi très dur <eos>,13,dur,dure,11,M,P,dur,-5.3140516,dure,-8.299974,1
10406,S_NOUN_8_ADJ_a,M,S,le pot avec les chapeaux qui était là depuis hier est aussi très clair <eos>,13,clair,claire,11,M,P,clair,-6.002527,claire,-9.666022,1
10407,S_NOUN_8_ADJ_a,M,S,le pot avec les chapeaux qui était là depuis hier est aussi très intéressant <eos>,13,intéressant,intéressante,11,M,P,intéressant,-5.9169235,intéressante,-10.148567,1
10408,S_NOUN_8_ADJ_a,M,S,le pot avec les chapeaux qui était là depuis hier est aussi très brillant <eos>,13,brillant,brillante,11,M,P,brillant,-7.873953,brillante,-11.54161,1
10409,S_NOUN_8_ADJ_a,M,S,le pot avec les chapeaux qui était là depuis hier est aussi très compliqué <eos>,13,compliqué,compliquée,11,M,P,compliqué,-6.0729704,compliquée,-10.1210985,1
10410,S_NOUN_8_ADJ_a,M,S,le pot avec les pots qui était là depuis hier est aussi très vert <eos>,13,vert,verte,11,M,P,vert,-9.755934,verte,-14.347847,1
10411,S_NOUN_8_ADJ_a,M,S,le pot avec les pots qui était là depuis hier est aussi très bleu <eos>,13,bleu,bleue,11,M,P,bleu,-11.17799,bleue,-17.522049,1
10412,S_NOUN_8_ADJ_a,M,S,le pot avec les pots qui était là depuis hier est aussi très noir <eos>,13,noir,noire,11,M,P,noir,-9.847788,noire,-14.410566,1
10413,S_NOUN_8_ADJ_a,M,S,le pot avec les pots qui était là depuis hier est aussi très délicat <eos>,13,délicat,délicate,11,M,P,délicat,-6.8375435,délicate,-9.8350115,1
10414,S_NOUN_8_ADJ_a,M,S,le pot avec les pots qui était là depuis hier est aussi très pointu <eos>,13,pointu,pointue,11,M,P,pointu,-8.317894,pointue,-13.228487,1
10415,S_NOUN_8_ADJ_a,M,S,le pot avec les pots qui était là depuis hier est aussi très rond <eos>,13,rond,ronde,11,M,P,rond,-10.082335,ronde,-12.868055,1
10416,S_NOUN_8_ADJ_a,M,S,le pot avec les pots qui était là depuis hier est aussi très froid <eos>,13,froid,froide,11,M,P,froid,-6.604193,froide,-11.5145035,1
10417,S_NOUN_8_ADJ_a,M,S,le pot avec les pots qui était là depuis hier est aussi très chaud <eos>,13,chaud,chaude,11,M,P,chaud,-5.223283,chaude,-9.591297,1
10418,S_NOUN_8_ADJ_a,M,S,le pot avec les pots qui était là depuis hier est aussi très important <eos>,13,important,importante,11,M,P,important,-4.1195745,importante,-7.9746428,1
10419,S_NOUN_8_ADJ_a,M,S,le pot avec les pots qui était là depuis hier est aussi très court <eos>,13,court,courte,11,M,P,court,-5.125574,courte,-9.8973465,1
10420,S_NOUN_8_ADJ_a,M,S,le pot avec les pots qui était là depuis hier est aussi très dur <eos>,13,dur,dure,11,M,P,dur,-4.6072536,dure,-7.8850408,1
10421,S_NOUN_8_ADJ_a,M,S,le pot avec les pots qui était là depuis hier est aussi très clair <eos>,13,clair,claire,11,M,P,clair,-6.1638103,claire,-9.784851,1
10422,S_NOUN_8_ADJ_a,M,S,le pot avec les pots qui était là depuis hier est aussi très intéressant <eos>,13,intéressant,intéressante,11,M,P,intéressant,-5.826867,intéressante,-9.873842,1
10423,S_NOUN_8_ADJ_a,M,S,le pot avec les pots qui était là depuis hier est aussi très brillant <eos>,13,brillant,brillante,11,M,P,brillant,-7.3898993,brillante,-11.197643,1
10424,S_NOUN_8_ADJ_a,M,S,le pot avec les pots qui était là depuis hier est aussi très compliqué <eos>,13,compliqué,compliquée,11,M,P,compliqué,-6.093502,compliquée,-9.7964945,1
10425,S_NOUN_8_ADJ_a,M,S,le pot avec les coussins qui était là depuis hier est aussi très vert <eos>,13,vert,verte,11,M,P,vert,-10.2931,verte,-14.638131,1
10426,S_NOUN_8_ADJ_a,M,S,le pot avec les coussins qui était là depuis hier est aussi très bleu <eos>,13,bleu,bleue,11,M,P,bleu,-11.269955,bleue,-17.46202,1
10427,S_NOUN_8_ADJ_a,M,S,le pot avec les coussins qui était là depuis hier est aussi très noir <eos>,13,noir,noire,11,M,P,noir,-9.90113,noire,-14.557417,1
10428,S_NOUN_8_ADJ_a,M,S,le pot avec les coussins qui était là depuis hier est aussi très délicat <eos>,13,délicat,délicate,11,M,P,délicat,-7.2261357,délicate,-10.488102,1
10429,S_NOUN_8_ADJ_a,M,S,le pot avec les coussins qui était là depuis hier est aussi très pointu <eos>,13,pointu,pointue,11,M,P,pointu,-7.8717623,pointue,-13.024399,1
10430,S_NOUN_8_ADJ_a,M,S,le pot avec les coussins qui était là depuis hier est aussi très rond <eos>,13,rond,ronde,11,M,P,rond,-9.953052,ronde,-13.363356,1
10431,S_NOUN_8_ADJ_a,M,S,le pot avec les coussins qui était là depuis hier est aussi très froid <eos>,13,froid,froide,11,M,P,froid,-7.185727,froide,-11.851057,1
10432,S_NOUN_8_ADJ_a,M,S,le pot avec les coussins qui était là depuis hier est aussi très chaud <eos>,13,chaud,chaude,11,M,P,chaud,-6.0508556,chaude,-10.080957,1
10433,S_NOUN_8_ADJ_a,M,S,le pot avec les coussins qui était là depuis hier est aussi très important <eos>,13,important,importante,11,M,P,important,-4.283028,importante,-8.370741,1
10434,S_NOUN_8_ADJ_a,M,S,le pot avec les coussins qui était là depuis hier est aussi très court <eos>,13,court,courte,11,M,P,court,-4.754891,courte,-9.591372,1
10435,S_NOUN_8_ADJ_a,M,S,le pot avec les coussins qui était là depuis hier est aussi très dur <eos>,13,dur,dure,11,M,P,dur,-5.2061152,dure,-8.068556,1
10436,S_NOUN_8_ADJ_a,M,S,le pot avec les coussins qui était là depuis hier est aussi très clair <eos>,13,clair,claire,11,M,P,clair,-6.35608,claire,-9.838878,1
10437,S_NOUN_8_ADJ_a,M,S,le pot avec les coussins qui était là depuis hier est aussi très intéressant <eos>,13,intéressant,intéressante,11,M,P,intéressant,-5.8276386,intéressante,-9.922138,1
10438,S_NOUN_8_ADJ_a,M,S,le pot avec les coussins qui était là depuis hier est aussi très brillant <eos>,13,brillant,brillante,11,M,P,brillant,-7.956298,brillante,-11.991872,1
10439,S_NOUN_8_ADJ_a,M,S,le pot avec les coussins qui était là depuis hier est aussi très compliqué <eos>,13,compliqué,compliquée,11,M,P,compliqué,-5.640868,compliquée,-9.375784,1
10440,S_NOUN_8_ADJ_a,M,S,le pot avec les jouets qui était là depuis hier est aussi très vert <eos>,13,vert,verte,11,M,P,vert,-10.350773,verte,-14.27964,1
10441,S_NOUN_8_ADJ_a,M,S,le pot avec les jouets qui était là depuis hier est aussi très bleu <eos>,13,bleu,bleue,11,M,P,bleu,-11.140686,bleue,-17.38237,1
10442,S_NOUN_8_ADJ_a,M,S,le pot avec les jouets qui était là depuis hier est aussi très noir <eos>,13,noir,noire,11,M,P,noir,-9.452683,noire,-14.721156,1
10443,S_NOUN_8_ADJ_a,M,S,le pot avec les jouets qui était là depuis hier est aussi très délicat <eos>,13,délicat,délicate,11,M,P,délicat,-7.5781016,délicate,-10.735836,1
10444,S_NOUN_8_ADJ_a,M,S,le pot avec les jouets qui était là depuis hier est aussi très pointu <eos>,13,pointu,pointue,11,M,P,pointu,-8.192737,pointue,-14.141076,1
10445,S_NOUN_8_ADJ_a,M,S,le pot avec les jouets qui était là depuis hier est aussi très rond <eos>,13,rond,ronde,11,M,P,rond,-10.48937,ronde,-14.6511135,1
10446,S_NOUN_8_ADJ_a,M,S,le pot avec les jouets qui était là depuis hier est aussi très froid <eos>,13,froid,froide,11,M,P,froid,-6.700958,froide,-12.230597,1
10447,S_NOUN_8_ADJ_a,M,S,le pot avec les jouets qui était là depuis hier est aussi très chaud <eos>,13,chaud,chaude,11,M,P,chaud,-6.0939474,chaude,-10.504774,1
10448,S_NOUN_8_ADJ_a,M,S,le pot avec les jouets qui était là depuis hier est aussi très important <eos>,13,important,importante,11,M,P,important,-4.0635934,importante,-8.144968,1
10449,S_NOUN_8_ADJ_a,M,S,le pot avec les jouets qui était là depuis hier est aussi très court <eos>,13,court,courte,11,M,P,court,-5.079154,courte,-10.109926,1
10450,S_NOUN_8_ADJ_a,M,S,le pot avec les jouets qui était là depuis hier est aussi très dur <eos>,13,dur,dure,11,M,P,dur,-5.4497347,dure,-8.30608,1
10451,S_NOUN_8_ADJ_a,M,S,le pot avec les jouets qui était là depuis hier est aussi très clair <eos>,13,clair,claire,11,M,P,clair,-6.2952523,claire,-9.650597,1
10452,S_NOUN_8_ADJ_a,M,S,le pot avec les jouets qui était là depuis hier est aussi très intéressant <eos>,13,intéressant,intéressante,11,M,P,intéressant,-5.6002126,intéressante,-9.874692,1
10453,S_NOUN_8_ADJ_a,M,S,le pot avec les jouets qui était là depuis hier est aussi très brillant <eos>,13,brillant,brillante,11,M,P,brillant,-7.9988,brillante,-11.676674,1
10454,S_NOUN_8_ADJ_a,M,S,le pot avec les jouets qui était là depuis hier est aussi très compliqué <eos>,13,compliqué,compliquée,11,M,P,compliqué,-6.1306286,compliquée,-9.756376,1
10455,S_NOUN_8_ADJ_a,M,S,le pot avec les clous qui était là depuis hier est aussi très vert <eos>,13,vert,verte,11,M,P,vert,-9.954467,verte,-14.609732,1
10456,S_NOUN_8_ADJ_a,M,S,le pot avec les clous qui était là depuis hier est aussi très bleu <eos>,13,bleu,bleue,11,M,P,bleu,-11.1456375,bleue,-17.353254,1
10457,S_NOUN_8_ADJ_a,M,S,le pot avec les clous qui était là depuis hier est aussi très noir <eos>,13,noir,noire,11,M,P,noir,-9.828039,noire,-14.0963545,1
10458,S_NOUN_8_ADJ_a,M,S,le pot avec les clous qui était là depuis hier est aussi très délicat <eos>,13,délicat,délicate,11,M,P,délicat,-6.658806,délicate,-9.712197,1
10459,S_NOUN_8_ADJ_a,M,S,le pot avec les clous qui était là depuis hier est aussi très pointu <eos>,13,pointu,pointue,11,M,P,pointu,-7.751454,pointue,-12.8631115,1
10460,S_NOUN_8_ADJ_a,M,S,le pot avec les clous qui était là depuis hier est aussi très rond <eos>,13,rond,ronde,11,M,P,rond,-10.031492,ronde,-12.990844,1
10461,S_NOUN_8_ADJ_a,M,S,le pot avec les clous qui était là depuis hier est aussi très froid <eos>,13,froid,froide,11,M,P,froid,-6.660996,froide,-11.6628685,1
10462,S_NOUN_8_ADJ_a,M,S,le pot avec les clous qui était là depuis hier est aussi très chaud <eos>,13,chaud,chaude,11,M,P,chaud,-5.719721,chaude,-10.360005,1
10463,S_NOUN_8_ADJ_a,M,S,le pot avec les clous qui était là depuis hier est aussi très important <eos>,13,important,importante,11,M,P,important,-4.2507606,importante,-8.381096,1
10464,S_NOUN_8_ADJ_a,M,S,le pot avec les clous qui était là depuis hier est aussi très court <eos>,13,court,courte,11,M,P,court,-4.5829105,courte,-9.575837,1
10465,S_NOUN_8_ADJ_a,M,S,le pot avec les clous qui était là depuis hier est aussi très dur <eos>,13,dur,dure,11,M,P,dur,-4.410159,dure,-7.7739,1
10466,S_NOUN_8_ADJ_a,M,S,le pot avec les clous qui était là depuis hier est aussi très clair <eos>,13,clair,claire,11,M,P,clair,-5.8130245,claire,-9.578363,1
10467,S_NOUN_8_ADJ_a,M,S,le pot avec les clous qui était là depuis hier est aussi très intéressant <eos>,13,intéressant,intéressante,11,M,P,intéressant,-5.7177114,intéressante,-10.188863,1
10468,S_NOUN_8_ADJ_a,M,S,le pot avec les clous qui était là depuis hier est aussi très brillant <eos>,13,brillant,brillante,11,M,P,brillant,-7.7497168,brillante,-11.616137,1
10469,S_NOUN_8_ADJ_a,M,S,le pot avec les clous qui était là depuis hier est aussi très compliqué <eos>,13,compliqué,compliquée,11,M,P,compliqué,-5.9163427,compliquée,-9.538805,1
10470,S_NOUN_8_ADJ_a,M,S,le pot avec les billets qui était là depuis hier est aussi très vert <eos>,13,vert,verte,11,M,P,vert,-10.323866,verte,-14.8322315,1
10471,S_NOUN_8_ADJ_a,M,S,le pot avec les billets qui était là depuis hier est aussi très bleu <eos>,13,bleu,bleue,11,M,P,bleu,-10.969342,bleue,-18.116516,1
10472,S_NOUN_8_ADJ_a,M,S,le pot avec les billets qui était là depuis hier est aussi très noir <eos>,13,noir,noire,11,M,P,noir,-9.592882,noire,-15.135689,1
10473,S_NOUN_8_ADJ_a,M,S,le pot avec les billets qui était là depuis hier est aussi très délicat <eos>,13,délicat,délicate,11,M,P,délicat,-7.361948,délicate,-10.612426,1
10474,S_NOUN_8_ADJ_a,M,S,le pot avec les billets qui était là depuis hier est aussi très pointu <eos>,13,pointu,pointue,11,M,P,pointu,-9.164761,pointue,-14.232195,1
10475,S_NOUN_8_ADJ_a,M,S,le pot avec les billets qui était là depuis hier est aussi très rond <eos>,13,rond,ronde,11,M,P,rond,-10.781397,ronde,-14.802019,1
10476,S_NOUN_8_ADJ_a,M,S,le pot avec les billets qui était là depuis hier est aussi très froid <eos>,13,froid,froide,11,M,P,froid,-7.813971,froide,-13.024595,1
10477,S_NOUN_8_ADJ_a,M,S,le pot avec les billets qui était là depuis hier est aussi très chaud <eos>,13,chaud,chaude,11,M,P,chaud,-6.891243,chaude,-11.039029,1
10478,S_NOUN_8_ADJ_a,M,S,le pot avec les billets qui était là depuis hier est aussi très important <eos>,13,important,importante,11,M,P,important,-3.7019048,importante,-7.8414645,1
10479,S_NOUN_8_ADJ_a,M,S,le pot avec les billets qui était là depuis hier est aussi très court <eos>,13,court,courte,11,M,P,court,-4.559147,courte,-9.352849,1
10480,S_NOUN_8_ADJ_a,M,S,le pot avec les billets qui était là depuis hier est aussi très dur <eos>,13,dur,dure,11,M,P,dur,-5.8057146,dure,-9.196026,1
10481,S_NOUN_8_ADJ_a,M,S,le pot avec les billets qui était là depuis hier est aussi très clair <eos>,13,clair,claire,11,M,P,clair,-6.3992624,claire,-10.216271,1
10482,S_NOUN_8_ADJ_a,M,S,le pot avec les billets qui était là depuis hier est aussi très intéressant <eos>,13,intéressant,intéressante,11,M,P,intéressant,-5.686381,intéressante,-9.448513,1
10483,S_NOUN_8_ADJ_a,M,S,le pot avec les billets qui était là depuis hier est aussi très brillant <eos>,13,brillant,brillante,11,M,P,brillant,-8.367327,brillante,-12.2408695,1
10484,S_NOUN_8_ADJ_a,M,S,le pot avec les billets qui était là depuis hier est aussi très compliqué <eos>,13,compliqué,compliquée,11,M,P,compliqué,-5.956427,compliquée,-10.1467285,1
10485,S_NOUN_8_ADJ_a,M,S,le pot avec les légumes qui était là depuis hier est aussi très vert <eos>,13,vert,verte,11,M,P,vert,-10.029681,verte,-14.444717,1
10486,S_NOUN_8_ADJ_a,M,S,le pot avec les légumes qui était là depuis hier est aussi très bleu <eos>,13,bleu,bleue,11,M,P,bleu,-11.245359,bleue,-17.379738,1
10487,S_NOUN_8_ADJ_a,M,S,le pot avec les légumes qui était là depuis hier est aussi très noir <eos>,13,noir,noire,11,M,P,noir,-9.7887125,noire,-14.41541,1
10488,S_NOUN_8_ADJ_a,M,S,le pot avec les légumes qui était là depuis hier est aussi très délicat <eos>,13,délicat,délicate,11,M,P,délicat,-6.8529124,délicate,-9.917448,1
10489,S_NOUN_8_ADJ_a,M,S,le pot avec les légumes qui était là depuis hier est aussi très pointu <eos>,13,pointu,pointue,11,M,P,pointu,-8.107279,pointue,-13.826733,1
10490,S_NOUN_8_ADJ_a,M,S,le pot avec les légumes qui était là depuis hier est aussi très rond <eos>,13,rond,ronde,11,M,P,rond,-10.3037405,ronde,-13.536854,1
10491,S_NOUN_8_ADJ_a,M,S,le pot avec les légumes qui était là depuis hier est aussi très froid <eos>,13,froid,froide,11,M,P,froid,-5.9263563,froide,-11.524818,1
10492,S_NOUN_8_ADJ_a,M,S,le pot avec les légumes qui était là depuis hier est aussi très chaud <eos>,13,chaud,chaude,11,M,P,chaud,-5.2329926,chaude,-9.728417,1
10493,S_NOUN_8_ADJ_a,M,S,le pot avec les légumes qui était là depuis hier est aussi très important <eos>,13,important,importante,11,M,P,important,-4.0080614,importante,-7.990862,1
10494,S_NOUN_8_ADJ_a,M,S,le pot avec les légumes qui était là depuis hier est aussi très court <eos>,13,court,courte,11,M,P,court,-5.230118,courte,-10.039818,1
10495,S_NOUN_8_ADJ_a,M,S,le pot avec les légumes qui était là depuis hier est aussi très dur <eos>,13,dur,dure,11,M,P,dur,-4.9166603,dure,-7.6406746,1
10496,S_NOUN_8_ADJ_a,M,S,le pot avec les légumes qui était là depuis hier est aussi très clair <eos>,13,clair,claire,11,M,P,clair,-5.7757993,claire,-9.710047,1
10497,S_NOUN_8_ADJ_a,M,S,le pot avec les légumes qui était là depuis hier est aussi très intéressant <eos>,13,intéressant,intéressante,11,M,P,intéressant,-5.950838,intéressante,-10.334698,1
10498,S_NOUN_8_ADJ_a,M,S,le pot avec les légumes qui était là depuis hier est aussi très brillant <eos>,13,brillant,brillante,11,M,P,brillant,-7.8639746,brillante,-11.726207,1
10499,S_NOUN_8_ADJ_a,M,S,le pot avec les légumes qui était là depuis hier est aussi très compliqué <eos>,13,compliqué,compliquée,11,M,P,compliqué,-6.499602,compliquée,-10.3699875,1
10500,S_NOUN_8_ADJ_a,M,S,le coussin avec les bracelets qui était là depuis hier est aussi très vert <eos>,13,vert,verte,11,M,P,vert,-10.672237,verte,-14.543861,1
10501,S_NOUN_8_ADJ_a,M,S,le coussin avec les bracelets qui était là depuis hier est aussi très bleu <eos>,13,bleu,bleue,11,M,P,bleu,-10.690983,bleue,-16.586344,1
10502,S_NOUN_8_ADJ_a,M,S,le coussin avec les bracelets qui était là depuis hier est aussi très noir <eos>,13,noir,noire,11,M,P,noir,-9.451841,noire,-13.245829,1
10503,S_NOUN_8_ADJ_a,M,S,le coussin avec les bracelets qui était là depuis hier est aussi très délicat <eos>,13,délicat,délicate,11,M,P,délicat,-7.1101775,délicate,-9.736301,1
10504,S_NOUN_8_ADJ_a,M,S,le coussin avec les bracelets qui était là depuis hier est aussi très pointu <eos>,13,pointu,pointue,11,M,P,pointu,-8.188265,pointue,-12.963149,1
10505,S_NOUN_8_ADJ_a,M,S,le coussin avec les bracelets qui était là depuis hier est aussi très rond <eos>,13,rond,ronde,11,M,P,rond,-10.083854,ronde,-13.565876,1
10506,S_NOUN_8_ADJ_a,M,S,le coussin avec les bracelets qui était là depuis hier est aussi très froid <eos>,13,froid,froide,11,M,P,froid,-7.3808794,froide,-12.002143,1
10507,S_NOUN_8_ADJ_a,M,S,le coussin avec les bracelets qui était là depuis hier est aussi très chaud <eos>,13,chaud,chaude,11,M,P,chaud,-7.1310816,chaude,-11.339719,1
10508,S_NOUN_8_ADJ_a,M,S,le coussin avec les bracelets qui était là depuis hier est aussi très important <eos>,13,important,importante,11,M,P,important,-4.705479,importante,-8.881966,1
10509,S_NOUN_8_ADJ_a,M,S,le coussin avec les bracelets qui était là depuis hier est aussi très court <eos>,13,court,courte,11,M,P,court,-4.625481,courte,-8.803463,1
10510,S_NOUN_8_ADJ_a,M,S,le coussin avec les bracelets qui était là depuis hier est aussi très dur <eos>,13,dur,dure,11,M,P,dur,-5.0514164,dure,-8.108086,1
10511,S_NOUN_8_ADJ_a,M,S,le coussin avec les bracelets qui était là depuis hier est aussi très clair <eos>,13,clair,claire,11,M,P,clair,-5.983946,claire,-9.530248,1
10512,S_NOUN_8_ADJ_a,M,S,le coussin avec les bracelets qui était là depuis hier est aussi très intéressant <eos>,13,intéressant,intéressante,11,M,P,intéressant,-6.115011,intéressante,-10.287992,1
10513,S_NOUN_8_ADJ_a,M,S,le coussin avec les bracelets qui était là depuis hier est aussi très brillant <eos>,13,brillant,brillante,11,M,P,brillant,-7.506618,brillante,-11.1835575,1
10514,S_NOUN_8_ADJ_a,M,S,le coussin avec les bracelets qui était là depuis hier est aussi très compliqué <eos>,13,compliqué,compliquée,11,M,P,compliqué,-5.121617,compliquée,-8.839109,1
10515,S_NOUN_8_ADJ_a,M,S,le coussin avec les miroirs qui était là depuis hier est aussi très vert <eos>,13,vert,verte,11,M,P,vert,-10.603848,verte,-14.843755,1
10516,S_NOUN_8_ADJ_a,M,S,le coussin avec les miroirs qui était là depuis hier est aussi très bleu <eos>,13,bleu,bleue,11,M,P,bleu,-10.857201,bleue,-17.129126,1
10517,S_NOUN_8_ADJ_a,M,S,le coussin avec les miroirs qui était là depuis hier est aussi très noir <eos>,13,noir,noire,11,M,P,noir,-9.419338,noire,-14.240038,1
10518,S_NOUN_8_ADJ_a,M,S,le coussin avec les miroirs qui était là depuis hier est aussi très délicat <eos>,13,délicat,délicate,11,M,P,délicat,-6.8874555,délicate,-9.65579,1
10519,S_NOUN_8_ADJ_a,M,S,le coussin avec les miroirs qui était là depuis hier est aussi très pointu <eos>,13,pointu,pointue,11,M,P,pointu,-8.362858,pointue,-12.829025,1
10520,S_NOUN_8_ADJ_a,M,S,le coussin avec les miroirs qui était là depuis hier est aussi très rond <eos>,13,rond,ronde,11,M,P,rond,-10.048327,ronde,-13.90294,1
10521,S_NOUN_8_ADJ_a,M,S,le coussin avec les miroirs qui était là depuis hier est aussi très froid <eos>,13,froid,froide,11,M,P,froid,-6.9403954,froide,-11.567167,1
10522,S_NOUN_8_ADJ_a,M,S,le coussin avec les miroirs qui était là depuis hier est aussi très chaud <eos>,13,chaud,chaude,11,M,P,chaud,-6.802972,chaude,-10.701989,1
10523,S_NOUN_8_ADJ_a,M,S,le coussin avec les miroirs qui était là depuis hier est aussi très important <eos>,13,important,importante,11,M,P,important,-4.5194864,importante,-8.693692,1
10524,S_NOUN_8_ADJ_a,M,S,le coussin avec les miroirs qui était là depuis hier est aussi très court <eos>,13,court,courte,11,M,P,court,-4.630164,courte,-8.94033,1
10525,S_NOUN_8_ADJ_a,M,S,le coussin avec les miroirs qui était là depuis hier est aussi très dur <eos>,13,dur,dure,11,M,P,dur,-4.6996202,dure,-8.2515335,1
10526,S_NOUN_8_ADJ_a,M,S,le coussin avec les miroirs qui était là depuis hier est aussi très clair <eos>,13,clair,claire,11,M,P,clair,-6.0414615,claire,-9.719162,1
10527,S_NOUN_8_ADJ_a,M,S,le coussin avec les miroirs qui était là depuis hier est aussi très intéressant <eos>,13,intéressant,intéressante,11,M,P,intéressant,-5.819538,intéressante,-10.164,1
10528,S_NOUN_8_ADJ_a,M,S,le coussin avec les miroirs qui était là depuis hier est aussi très brillant <eos>,13,brillant,brillante,11,M,P,brillant,-7.034764,brillante,-10.617691,1
10529,S_NOUN_8_ADJ_a,M,S,le coussin avec les miroirs qui était là depuis hier est aussi très compliqué <eos>,13,compliqué,compliquée,11,M,P,compliqué,-5.0968485,compliquée,-8.402556,1
10530,S_NOUN_8_ADJ_a,M,S,le coussin avec les crayons qui était là depuis hier est aussi très vert <eos>,13,vert,verte,11,M,P,vert,-10.021891,verte,-14.484159,1
10531,S_NOUN_8_ADJ_a,M,S,le coussin avec les crayons qui était là depuis hier est aussi très bleu <eos>,13,bleu,bleue,11,M,P,bleu,-10.244626,bleue,-16.75684,1
10532,S_NOUN_8_ADJ_a,M,S,le coussin avec les crayons qui était là depuis hier est aussi très noir <eos>,13,noir,noire,11,M,P,noir,-9.183737,noire,-13.688334,1
10533,S_NOUN_8_ADJ_a,M,S,le coussin avec les crayons qui était là depuis hier est aussi très délicat <eos>,13,délicat,délicate,11,M,P,délicat,-6.5772047,délicate,-9.766127,1
10534,S_NOUN_8_ADJ_a,M,S,le coussin avec les crayons qui était là depuis hier est aussi très pointu <eos>,13,pointu,pointue,11,M,P,pointu,-8.52151,pointue,-13.504542,1
10535,S_NOUN_8_ADJ_a,M,S,le coussin avec les crayons qui était là depuis hier est aussi très rond <eos>,13,rond,ronde,11,M,P,rond,-10.100582,ronde,-14.245348,1
10536,S_NOUN_8_ADJ_a,M,S,le coussin avec les crayons qui était là depuis hier est aussi très froid <eos>,13,froid,froide,11,M,P,froid,-6.579617,froide,-11.551397,1
10537,S_NOUN_8_ADJ_a,M,S,le coussin avec les crayons qui était là depuis hier est aussi très chaud <eos>,13,chaud,chaude,11,M,P,chaud,-6.8093405,chaude,-10.848595,1
10538,S_NOUN_8_ADJ_a,M,S,le coussin avec les crayons qui était là depuis hier est aussi très important <eos>,13,important,importante,11,M,P,important,-4.4452105,importante,-8.673633,1
10539,S_NOUN_8_ADJ_a,M,S,le coussin avec les crayons qui était là depuis hier est aussi très court <eos>,13,court,courte,11,M,P,court,-4.99186,courte,-9.523674,1
10540,S_NOUN_8_ADJ_a,M,S,le coussin avec les crayons qui était là depuis hier est aussi très dur <eos>,13,dur,dure,11,M,P,dur,-4.735633,dure,-7.931102,1
10541,S_NOUN_8_ADJ_a,M,S,le coussin avec les crayons qui était là depuis hier est aussi très clair <eos>,13,clair,claire,11,M,P,clair,-5.3859215,claire,-9.126015,1
10542,S_NOUN_8_ADJ_a,M,S,le coussin avec les crayons qui était là depuis hier est aussi très intéressant <eos>,13,intéressant,intéressante,11,M,P,intéressant,-5.973656,intéressante,-10.459561,1
10543,S_NOUN_8_ADJ_a,M,S,le coussin avec les crayons qui était là depuis hier est aussi très brillant <eos>,13,brillant,brillante,11,M,P,brillant,-6.984829,brillante,-10.785371,1
10544,S_NOUN_8_ADJ_a,M,S,le coussin avec les crayons qui était là depuis hier est aussi très compliqué <eos>,13,compliqué,compliquée,11,M,P,compliqué,-5.6404057,compliquée,-9.005997,1
10545,S_NOUN_8_ADJ_a,M,S,le coussin avec les rideaux qui était là depuis hier est aussi très vert <eos>,13,vert,verte,11,M,P,vert,-10.640732,verte,-14.620872,1
10546,S_NOUN_8_ADJ_a,M,S,le coussin avec les rideaux qui était là depuis hier est aussi très bleu <eos>,13,bleu,bleue,11,M,P,bleu,-10.750094,bleue,-16.785666,1
10547,S_NOUN_8_ADJ_a,M,S,le coussin avec les rideaux qui était là depuis hier est aussi très noir <eos>,13,noir,noire,11,M,P,noir,-9.325445,noire,-13.24256,1
10548,S_NOUN_8_ADJ_a,M,S,le coussin avec les rideaux qui était là depuis hier est aussi très délicat <eos>,13,délicat,délicate,11,M,P,délicat,-6.9986906,délicate,-9.903325,1
10549,S_NOUN_8_ADJ_a,M,S,le coussin avec les rideaux qui était là depuis hier est aussi très pointu <eos>,13,pointu,pointue,11,M,P,pointu,-8.300241,pointue,-13.1414385,1
10550,S_NOUN_8_ADJ_a,M,S,le coussin avec les rideaux qui était là depuis hier est aussi très rond <eos>,13,rond,ronde,11,M,P,rond,-10.0604315,ronde,-13.633842,1
10551,S_NOUN_8_ADJ_a,M,S,le coussin avec les rideaux qui était là depuis hier est aussi très froid <eos>,13,froid,froide,11,M,P,froid,-6.902889,froide,-11.688402,1
10552,S_NOUN_8_ADJ_a,M,S,le coussin avec les rideaux qui était là depuis hier est aussi très chaud <eos>,13,chaud,chaude,11,M,P,chaud,-6.812413,chaude,-10.786309,1
10553,S_NOUN_8_ADJ_a,M,S,le coussin avec les rideaux qui était là depuis hier est aussi très important <eos>,13,important,importante,11,M,P,important,-4.484983,importante,-8.631233,1
10554,S_NOUN_8_ADJ_a,M,S,le coussin avec les rideaux qui était là depuis hier est aussi très court <eos>,13,court,courte,11,M,P,court,-4.4999924,courte,-8.841983,1
10555,S_NOUN_8_ADJ_a,M,S,le coussin avec les rideaux qui était là depuis hier est aussi très dur <eos>,13,dur,dure,11,M,P,dur,-4.992514,dure,-7.701202,1
10556,S_NOUN_8_ADJ_a,M,S,le coussin avec les rideaux qui était là depuis hier est aussi très clair <eos>,13,clair,claire,11,M,P,clair,-5.8365784,claire,-9.279085,1
10557,S_NOUN_8_ADJ_a,M,S,le coussin avec les rideaux qui était là depuis hier est aussi très intéressant <eos>,13,intéressant,intéressante,11,M,P,intéressant,-6.2026186,intéressante,-10.383335,1
10558,S_NOUN_8_ADJ_a,M,S,le coussin avec les rideaux qui était là depuis hier est aussi très brillant <eos>,13,brillant,brillante,11,M,P,brillant,-7.633003,brillante,-11.24731,1
10559,S_NOUN_8_ADJ_a,M,S,le coussin avec les rideaux qui était là depuis hier est aussi très compliqué <eos>,13,compliqué,compliquée,11,M,P,compliqué,-5.297264,compliquée,-8.796315,1
10560,S_NOUN_8_ADJ_a,M,S,le coussin avec les cahiers qui était là depuis hier est aussi très vert <eos>,13,vert,verte,11,M,P,vert,-11.362998,verte,-15.467198,1
10561,S_NOUN_8_ADJ_a,M,S,le coussin avec les cahiers qui était là depuis hier est aussi très bleu <eos>,13,bleu,bleue,11,M,P,bleu,-11.587397,bleue,-17.668861,1
10562,S_NOUN_8_ADJ_a,M,S,le coussin avec les cahiers qui était là depuis hier est aussi très noir <eos>,13,noir,noire,11,M,P,noir,-9.58949,noire,-14.621106,1
10563,S_NOUN_8_ADJ_a,M,S,le coussin avec les cahiers qui était là depuis hier est aussi très délicat <eos>,13,délicat,délicate,11,M,P,délicat,-7.3380537,délicate,-10.244355,1
10564,S_NOUN_8_ADJ_a,M,S,le coussin avec les cahiers qui était là depuis hier est aussi très pointu <eos>,13,pointu,pointue,11,M,P,pointu,-8.42132,pointue,-13.52817,1
10565,S_NOUN_8_ADJ_a,M,S,le coussin avec les cahiers qui était là depuis hier est aussi très rond <eos>,13,rond,ronde,11,M,P,rond,-10.878346,ronde,-14.954236,1
10566,S_NOUN_8_ADJ_a,M,S,le coussin avec les cahiers qui était là depuis hier est aussi très froid <eos>,13,froid,froide,11,M,P,froid,-7.143975,froide,-12.518101,1
10567,S_NOUN_8_ADJ_a,M,S,le coussin avec les cahiers qui était là depuis hier est aussi très chaud <eos>,13,chaud,chaude,11,M,P,chaud,-7.3712792,chaude,-11.814831,1
10568,S_NOUN_8_ADJ_a,M,S,le coussin avec les cahiers qui était là depuis hier est aussi très important <eos>,13,important,importante,11,M,P,important,-3.9464288,importante,-8.183292,1
10569,S_NOUN_8_ADJ_a,M,S,le coussin avec les cahiers qui était là depuis hier est aussi très court <eos>,13,court,courte,11,M,P,court,-4.970543,courte,-8.707531,1
10570,S_NOUN_8_ADJ_a,M,S,le coussin avec les cahiers qui était là depuis hier est aussi très dur <eos>,13,dur,dure,11,M,P,dur,-5.3312235,dure,-7.8535547,1
10571,S_NOUN_8_ADJ_a,M,S,le coussin avec les cahiers qui était là depuis hier est aussi très clair <eos>,13,clair,claire,11,M,P,clair,-6.136063,claire,-10.106985,1
10572,S_NOUN_8_ADJ_a,M,S,le coussin avec les cahiers qui était là depuis hier est aussi très intéressant <eos>,13,intéressant,intéressante,11,M,P,intéressant,-5.6390085,intéressante,-9.843912,1
10573,S_NOUN_8_ADJ_a,M,S,le coussin avec les cahiers qui était là depuis hier est aussi très brillant <eos>,13,brillant,brillante,11,M,P,brillant,-7.606453,brillante,-11.436644,1
10574,S_NOUN_8_ADJ_a,M,S,le coussin avec les cahiers qui était là depuis hier est aussi très compliqué <eos>,13,compliqué,compliquée,11,M,P,compliqué,-5.3935375,compliquée,-8.758127,1
10575,S_NOUN_8_ADJ_a,M,S,le coussin avec les micros qui était là depuis hier est aussi très vert <eos>,13,vert,verte,11,M,P,vert,-11.224152,verte,-15.431353,1
10576,S_NOUN_8_ADJ_a,M,S,le coussin avec les micros qui était là depuis hier est aussi très bleu <eos>,13,bleu,bleue,11,M,P,bleu,-11.270105,bleue,-17.554583,1
10577,S_NOUN_8_ADJ_a,M,S,le coussin avec les micros qui était là depuis hier est aussi très noir <eos>,13,noir,noire,11,M,P,noir,-9.508223,noire,-14.326469,1
10578,S_NOUN_8_ADJ_a,M,S,le coussin avec les micros qui était là depuis hier est aussi très délicat <eos>,13,délicat,délicate,11,M,P,délicat,-6.829384,délicate,-9.742638,1
10579,S_NOUN_8_ADJ_a,M,S,le coussin avec les micros qui était là depuis hier est aussi très pointu <eos>,13,pointu,pointue,11,M,P,pointu,-8.366539,pointue,-13.603437,1
10580,S_NOUN_8_ADJ_a,M,S,le coussin avec les micros qui était là depuis hier est aussi très rond <eos>,13,rond,ronde,11,M,P,rond,-10.095198,ronde,-14.243477,1
10581,S_NOUN_8_ADJ_a,M,S,le coussin avec les micros qui était là depuis hier est aussi très froid <eos>,13,froid,froide,11,M,P,froid,-7.3639545,froide,-12.321658,1
10582,S_NOUN_8_ADJ_a,M,S,le coussin avec les micros qui était là depuis hier est aussi très chaud <eos>,13,chaud,chaude,11,M,P,chaud,-6.859791,chaude,-11.0707245,1
10583,S_NOUN_8_ADJ_a,M,S,le coussin avec les micros qui était là depuis hier est aussi très important <eos>,13,important,importante,11,M,P,important,-4.33572,importante,-8.747161,1
10584,S_NOUN_8_ADJ_a,M,S,le coussin avec les micros qui était là depuis hier est aussi très court <eos>,13,court,courte,11,M,P,court,-4.9884214,courte,-9.198278,1
10585,S_NOUN_8_ADJ_a,M,S,le coussin avec les micros qui était là depuis hier est aussi très dur <eos>,13,dur,dure,11,M,P,dur,-4.717786,dure,-7.781088,1
10586,S_NOUN_8_ADJ_a,M,S,le coussin avec les micros qui était là depuis hier est aussi très clair <eos>,13,clair,claire,11,M,P,clair,-5.918567,claire,-9.737268,1
10587,S_NOUN_8_ADJ_a,M,S,le coussin avec les micros qui était là depuis hier est aussi très intéressant <eos>,13,intéressant,intéressante,11,M,P,intéressant,-6.059263,intéressante,-10.362423,1
10588,S_NOUN_8_ADJ_a,M,S,le coussin avec les micros qui était là depuis hier est aussi très brillant <eos>,13,brillant,brillante,11,M,P,brillant,-7.502507,brillante,-11.737727,1
10589,S_NOUN_8_ADJ_a,M,S,le coussin avec les micros qui était là depuis hier est aussi très compliqué <eos>,13,compliqué,compliquée,11,M,P,compliqué,-4.772523,compliquée,-8.394759,1
10590,S_NOUN_8_ADJ_a,M,S,le coussin avec les sacs qui était là depuis hier est aussi très vert <eos>,13,vert,verte,11,M,P,vert,-10.796999,verte,-15.101336,1
10591,S_NOUN_8_ADJ_a,M,S,le coussin avec les sacs qui était là depuis hier est aussi très bleu <eos>,13,bleu,bleue,11,M,P,bleu,-11.0651865,bleue,-17.20818,1
10592,S_NOUN_8_ADJ_a,M,S,le coussin avec les sacs qui était là depuis hier est aussi très noir <eos>,13,noir,noire,11,M,P,noir,-9.543026,noire,-13.722984,1
10593,S_NOUN_8_ADJ_a,M,S,le coussin avec les sacs qui était là depuis hier est aussi très délicat <eos>,13,délicat,délicate,11,M,P,délicat,-6.9960074,délicate,-9.709284,1
10594,S_NOUN_8_ADJ_a,M,S,le coussin avec les sacs qui était là depuis hier est aussi très pointu <eos>,13,pointu,pointue,11,M,P,pointu,-8.031382,pointue,-13.086594,1
10595,S_NOUN_8_ADJ_a,M,S,le coussin avec les sacs qui était là depuis hier est aussi très rond <eos>,13,rond,ronde,11,M,P,rond,-10.002075,ronde,-13.620731,1
10596,S_NOUN_8_ADJ_a,M,S,le coussin avec les sacs qui était là depuis hier est aussi très froid <eos>,13,froid,froide,11,M,P,froid,-6.863513,froide,-11.8171835,1
10597,S_NOUN_8_ADJ_a,M,S,le coussin avec les sacs qui était là depuis hier est aussi très chaud <eos>,13,chaud,chaude,11,M,P,chaud,-6.4947567,chaude,-10.794277,1
10598,S_NOUN_8_ADJ_a,M,S,le coussin avec les sacs qui était là depuis hier est aussi très important <eos>,13,important,importante,11,M,P,important,-4.16551,importante,-8.337522,1
10599,S_NOUN_8_ADJ_a,M,S,le coussin avec les sacs qui était là depuis hier est aussi très court <eos>,13,court,courte,11,M,P,court,-4.562111,courte,-8.939493,1
10600,S_NOUN_8_ADJ_a,M,S,le coussin avec les sacs qui était là depuis hier est aussi très dur <eos>,13,dur,dure,11,M,P,dur,-4.658449,dure,-7.577423,1
10601,S_NOUN_8_ADJ_a,M,S,le coussin avec les sacs qui était là depuis hier est aussi très clair <eos>,13,clair,claire,11,M,P,clair,-5.9947796,claire,-9.67894,1
10602,S_NOUN_8_ADJ_a,M,S,le coussin avec les sacs qui était là depuis hier est aussi très intéressant <eos>,13,intéressant,intéressante,11,M,P,intéressant,-5.936803,intéressante,-10.327886,1
10603,S_NOUN_8_ADJ_a,M,S,le coussin avec les sacs qui était là depuis hier est aussi très brillant <eos>,13,brillant,brillante,11,M,P,brillant,-7.767685,brillante,-11.8097515,1
10604,S_NOUN_8_ADJ_a,M,S,le coussin avec les sacs qui était là depuis hier est aussi très compliqué <eos>,13,compliqué,compliquée,11,M,P,compliqué,-5.286542,compliquée,-8.899257,1
10605,S_NOUN_8_ADJ_a,M,S,le coussin avec les claviers qui était là depuis hier est aussi très vert <eos>,13,vert,verte,11,M,P,vert,-11.5238085,verte,-15.2316265,1
10606,S_NOUN_8_ADJ_a,M,S,le coussin avec les claviers qui était là depuis hier est aussi très bleu <eos>,13,bleu,bleue,11,M,P,bleu,-11.630695,bleue,-17.33529,1
10607,S_NOUN_8_ADJ_a,M,S,le coussin avec les claviers qui était là depuis hier est aussi très noir <eos>,13,noir,noire,11,M,P,noir,-9.945632,noire,-14.229557,1
10608,S_NOUN_8_ADJ_a,M,S,le coussin avec les claviers qui était là depuis hier est aussi très délicat <eos>,13,délicat,délicate,11,M,P,délicat,-6.803594,délicate,-9.64621,1
10609,S_NOUN_8_ADJ_a,M,S,le coussin avec les claviers qui était là depuis hier est aussi très pointu <eos>,13,pointu,pointue,11,M,P,pointu,-8.42468,pointue,-13.488735,1
10610,S_NOUN_8_ADJ_a,M,S,le coussin avec les claviers qui était là depuis hier est aussi très rond <eos>,13,rond,ronde,11,M,P,rond,-10.283873,ronde,-14.165338,1
10611,S_NOUN_8_ADJ_a,M,S,le coussin avec les claviers qui était là depuis hier est aussi très froid <eos>,13,froid,froide,11,M,P,froid,-7.2942986,froide,-12.481436,1
10612,S_NOUN_8_ADJ_a,M,S,le coussin avec les claviers qui était là depuis hier est aussi très chaud <eos>,13,chaud,chaude,11,M,P,chaud,-7.199767,chaude,-10.786445,1
10613,S_NOUN_8_ADJ_a,M,S,le coussin avec les claviers qui était là depuis hier est aussi très important <eos>,13,important,importante,11,M,P,important,-4.3804164,importante,-8.537115,1
10614,S_NOUN_8_ADJ_a,M,S,le coussin avec les claviers qui était là depuis hier est aussi très court <eos>,13,court,courte,11,M,P,court,-5.233057,courte,-9.24945,1
10615,S_NOUN_8_ADJ_a,M,S,le coussin avec les claviers qui était là depuis hier est aussi très dur <eos>,13,dur,dure,11,M,P,dur,-4.3676376,dure,-7.7802954,1
10616,S_NOUN_8_ADJ_a,M,S,le coussin avec les claviers qui était là depuis hier est aussi très clair <eos>,13,clair,claire,11,M,P,clair,-6.069401,claire,-9.369588,1
10617,S_NOUN_8_ADJ_a,M,S,le coussin avec les claviers qui était là depuis hier est aussi très intéressant <eos>,13,intéressant,intéressante,11,M,P,intéressant,-5.8657074,intéressante,-9.983995,1
10618,S_NOUN_8_ADJ_a,M,S,le coussin avec les claviers qui était là depuis hier est aussi très brillant <eos>,13,brillant,brillante,11,M,P,brillant,-7.4157515,brillante,-11.045518,1
10619,S_NOUN_8_ADJ_a,M,S,le coussin avec les claviers qui était là depuis hier est aussi très compliqué <eos>,13,compliqué,compliquée,11,M,P,compliqué,-5.2305355,compliquée,-8.24674,1
10620,S_NOUN_8_ADJ_a,M,S,le coussin avec les raisins qui était là depuis hier est aussi très vert <eos>,13,vert,verte,11,M,P,vert,-10.18151,verte,-14.859853,1
10621,S_NOUN_8_ADJ_a,M,S,le coussin avec les raisins qui était là depuis hier est aussi très bleu <eos>,13,bleu,bleue,11,M,P,bleu,-10.945295,bleue,-17.192835,1
10622,S_NOUN_8_ADJ_a,M,S,le coussin avec les raisins qui était là depuis hier est aussi très noir <eos>,13,noir,noire,11,M,P,noir,-9.807886,noire,-13.903719,1
10623,S_NOUN_8_ADJ_a,M,S,le coussin avec les raisins qui était là depuis hier est aussi très délicat <eos>,13,délicat,délicate,11,M,P,délicat,-6.3308783,délicate,-9.386874,1
10624,S_NOUN_8_ADJ_a,M,S,le coussin avec les raisins qui était là depuis hier est aussi très pointu <eos>,13,pointu,pointue,11,M,P,pointu,-8.110086,pointue,-12.971388,1
10625,S_NOUN_8_ADJ_a,M,S,le coussin avec les raisins qui était là depuis hier est aussi très rond <eos>,13,rond,ronde,11,M,P,rond,-10.111485,ronde,-13.142347,1
10626,S_NOUN_8_ADJ_a,M,S,le coussin avec les raisins qui était là depuis hier est aussi très froid <eos>,13,froid,froide,11,M,P,froid,-6.048786,froide,-11.553684,1
10627,S_NOUN_8_ADJ_a,M,S,le coussin avec les raisins qui était là depuis hier est aussi très chaud <eos>,13,chaud,chaude,11,M,P,chaud,-6.068138,chaude,-10.777673,1
10628,S_NOUN_8_ADJ_a,M,S,le coussin avec les raisins qui était là depuis hier est aussi très important <eos>,13,important,importante,11,M,P,important,-4.121463,importante,-8.10767,1
10629,S_NOUN_8_ADJ_a,M,S,le coussin avec les raisins qui était là depuis hier est aussi très court <eos>,13,court,courte,11,M,P,court,-4.405703,courte,-9.569698,1
10630,S_NOUN_8_ADJ_a,M,S,le coussin avec les raisins qui était là depuis hier est aussi très dur <eos>,13,dur,dure,11,M,P,dur,-3.8898773,dure,-7.4474173,1
10631,S_NOUN_8_ADJ_a,M,S,le coussin avec les raisins qui était là depuis hier est aussi très clair <eos>,13,clair,claire,11,M,P,clair,-5.448617,claire,-9.127729,1
10632,S_NOUN_8_ADJ_a,M,S,le coussin avec les raisins qui était là depuis hier est aussi très intéressant <eos>,13,intéressant,intéressante,11,M,P,intéressant,-5.9891562,intéressante,-10.506646,1
10633,S_NOUN_8_ADJ_a,M,S,le coussin avec les raisins qui était là depuis hier est aussi très brillant <eos>,13,brillant,brillante,11,M,P,brillant,-7.412982,brillante,-11.292394,1
10634,S_NOUN_8_ADJ_a,M,S,le coussin avec les raisins qui était là depuis hier est aussi très compliqué <eos>,13,compliqué,compliquée,11,M,P,compliqué,-5.772744,compliquée,-9.313983,1
10635,S_NOUN_8_ADJ_a,M,S,le coussin avec les chargeurs qui était là depuis hier est aussi très vert <eos>,13,vert,verte,11,M,P,vert,-11.642414,verte,-16.142351,1
10636,S_NOUN_8_ADJ_a,M,S,le coussin avec les chargeurs qui était là depuis hier est aussi très bleu <eos>,13,bleu,bleue,11,M,P,bleu,-11.715705,bleue,-18.451958,1
10637,S_NOUN_8_ADJ_a,M,S,le coussin avec les chargeurs qui était là depuis hier est aussi très noir <eos>,13,noir,noire,11,M,P,noir,-9.77417,noire,-14.913952,1
10638,S_NOUN_8_ADJ_a,M,S,le coussin avec les chargeurs qui était là depuis hier est aussi très délicat <eos>,13,délicat,délicate,11,M,P,délicat,-7.4787955,délicate,-9.959585,1
10639,S_NOUN_8_ADJ_a,M,S,le coussin avec les chargeurs qui était là depuis hier est aussi très pointu <eos>,13,pointu,pointue,11,M,P,pointu,-8.48137,pointue,-12.913542,1
10640,S_NOUN_8_ADJ_a,M,S,le coussin avec les chargeurs qui était là depuis hier est aussi très rond <eos>,13,rond,ronde,11,M,P,rond,-10.009278,ronde,-14.142169,1
10641,S_NOUN_8_ADJ_a,M,S,le coussin avec les chargeurs qui était là depuis hier est aussi très froid <eos>,13,froid,froide,11,M,P,froid,-7.4260554,froide,-12.248245,1
10642,S_NOUN_8_ADJ_a,M,S,le coussin avec les chargeurs qui était là depuis hier est aussi très chaud <eos>,13,chaud,chaude,11,M,P,chaud,-7.4464703,chaude,-11.575057,1
10643,S_NOUN_8_ADJ_a,M,S,le coussin avec les chargeurs qui était là depuis hier est aussi très important <eos>,13,important,importante,11,M,P,important,-3.6789453,importante,-7.928158,1
10644,S_NOUN_8_ADJ_a,M,S,le coussin avec les chargeurs qui était là depuis hier est aussi très court <eos>,13,court,courte,11,M,P,court,-4.5371685,courte,-8.46078,1
10645,S_NOUN_8_ADJ_a,M,S,le coussin avec les chargeurs qui était là depuis hier est aussi très dur <eos>,13,dur,dure,11,M,P,dur,-5.048867,dure,-8.757122,1
10646,S_NOUN_8_ADJ_a,M,S,le coussin avec les chargeurs qui était là depuis hier est aussi très clair <eos>,13,clair,claire,11,M,P,clair,-7.041492,claire,-10.956408,1
10647,S_NOUN_8_ADJ_a,M,S,le coussin avec les chargeurs qui était là depuis hier est aussi très intéressant <eos>,13,intéressant,intéressante,11,M,P,intéressant,-5.99435,intéressante,-10.221218,1
10648,S_NOUN_8_ADJ_a,M,S,le coussin avec les chargeurs qui était là depuis hier est aussi très brillant <eos>,13,brillant,brillante,11,M,P,brillant,-8.326101,brillante,-12.417486,1
10649,S_NOUN_8_ADJ_a,M,S,le coussin avec les chargeurs qui était là depuis hier est aussi très compliqué <eos>,13,compliqué,compliquée,11,M,P,compliqué,-4.943453,compliquée,-8.767546,1
10650,S_NOUN_8_ADJ_a,M,S,le coussin avec les vases qui était là depuis hier est aussi très vert <eos>,13,vert,verte,11,M,P,vert,-10.936628,verte,-14.669636,1
10651,S_NOUN_8_ADJ_a,M,S,le coussin avec les vases qui était là depuis hier est aussi très bleu <eos>,13,bleu,bleue,11,M,P,bleu,-11.0985,bleue,-16.753004,1
10652,S_NOUN_8_ADJ_a,M,S,le coussin avec les vases qui était là depuis hier est aussi très noir <eos>,13,noir,noire,11,M,P,noir,-10.022665,noire,-13.359751,1
10653,S_NOUN_8_ADJ_a,M,S,le coussin avec les vases qui était là depuis hier est aussi très délicat <eos>,13,délicat,délicate,11,M,P,délicat,-6.888995,délicate,-9.717987,1
10654,S_NOUN_8_ADJ_a,M,S,le coussin avec les vases qui était là depuis hier est aussi très pointu <eos>,13,pointu,pointue,11,M,P,pointu,-8.122605,pointue,-12.908589,1
10655,S_NOUN_8_ADJ_a,M,S,le coussin avec les vases qui était là depuis hier est aussi très rond <eos>,13,rond,ronde,11,M,P,rond,-9.902474,ronde,-13.298824,1
10656,S_NOUN_8_ADJ_a,M,S,le coussin avec les vases qui était là depuis hier est aussi très froid <eos>,13,froid,froide,11,M,P,froid,-7.4002056,froide,-11.886743,1
10657,S_NOUN_8_ADJ_a,M,S,le coussin avec les vases qui était là depuis hier est aussi très chaud <eos>,13,chaud,chaude,11,M,P,chaud,-6.861472,chaude,-10.979769,1
10658,S_NOUN_8_ADJ_a,M,S,le coussin avec les vases qui était là depuis hier est aussi très important <eos>,13,important,importante,11,M,P,important,-4.431137,importante,-8.470049,1
10659,S_NOUN_8_ADJ_a,M,S,le coussin avec les vases qui était là depuis hier est aussi très court <eos>,13,court,courte,11,M,P,court,-4.5246925,courte,-8.974176,1
10660,S_NOUN_8_ADJ_a,M,S,le coussin avec les vases qui était là depuis hier est aussi très dur <eos>,13,dur,dure,11,M,P,dur,-4.7164736,dure,-7.6562634,1
10661,S_NOUN_8_ADJ_a,M,S,le coussin avec les vases qui était là depuis hier est aussi très clair <eos>,13,clair,claire,11,M,P,clair,-5.6625347,claire,-9.134595,1
10662,S_NOUN_8_ADJ_a,M,S,le coussin avec les vases qui était là depuis hier est aussi très intéressant <eos>,13,intéressant,intéressante,11,M,P,intéressant,-6.0192776,intéressante,-10.403693,1
10663,S_NOUN_8_ADJ_a,M,S,le coussin avec les vases qui était là depuis hier est aussi très brillant <eos>,13,brillant,brillante,11,M,P,brillant,-7.4192333,brillante,-10.895363,1
10664,S_NOUN_8_ADJ_a,M,S,le coussin avec les vases qui était là depuis hier est aussi très compliqué <eos>,13,compliqué,compliquée,11,M,P,compliqué,-5.6867266,compliquée,-9.089621,1
10665,S_NOUN_8_ADJ_a,M,S,le coussin avec les paniers qui était là depuis hier est aussi très vert <eos>,13,vert,verte,11,M,P,vert,-10.896863,verte,-14.963668,1
10666,S_NOUN_8_ADJ_a,M,S,le coussin avec les paniers qui était là depuis hier est aussi très bleu <eos>,13,bleu,bleue,11,M,P,bleu,-10.9535055,bleue,-16.91444,1
10667,S_NOUN_8_ADJ_a,M,S,le coussin avec les paniers qui était là depuis hier est aussi très noir <eos>,13,noir,noire,11,M,P,noir,-9.566368,noire,-13.305236,1
10668,S_NOUN_8_ADJ_a,M,S,le coussin avec les paniers qui était là depuis hier est aussi très délicat <eos>,13,délicat,délicate,11,M,P,délicat,-6.9018793,délicate,-9.858516,1
10669,S_NOUN_8_ADJ_a,M,S,le coussin avec les paniers qui était là depuis hier est aussi très pointu <eos>,13,pointu,pointue,11,M,P,pointu,-7.641395,pointue,-12.56971,1
10670,S_NOUN_8_ADJ_a,M,S,le coussin avec les paniers qui était là depuis hier est aussi très rond <eos>,13,rond,ronde,11,M,P,rond,-9.654319,ronde,-13.221218,1
10671,S_NOUN_8_ADJ_a,M,S,le coussin avec les paniers qui était là depuis hier est aussi très froid <eos>,13,froid,froide,11,M,P,froid,-7.3060656,froide,-12.075401,1
10672,S_NOUN_8_ADJ_a,M,S,le coussin avec les paniers qui était là depuis hier est aussi très chaud <eos>,13,chaud,chaude,11,M,P,chaud,-6.8874817,chaude,-11.309158,1
10673,S_NOUN_8_ADJ_a,M,S,le coussin avec les paniers qui était là depuis hier est aussi très important <eos>,13,important,importante,11,M,P,important,-4.597123,importante,-8.82945,1
10674,S_NOUN_8_ADJ_a,M,S,le coussin avec les paniers qui était là depuis hier est aussi très court <eos>,13,court,courte,11,M,P,court,-4.307598,courte,-8.5929,1
10675,S_NOUN_8_ADJ_a,M,S,le coussin avec les paniers qui était là depuis hier est aussi très dur <eos>,13,dur,dure,11,M,P,dur,-4.595007,dure,-7.666809,1
10676,S_NOUN_8_ADJ_a,M,S,le coussin avec les paniers qui était là depuis hier est aussi très clair <eos>,13,clair,claire,11,M,P,clair,-5.711899,claire,-9.419614,1
10677,S_NOUN_8_ADJ_a,M,S,le coussin avec les paniers qui était là depuis hier est aussi très intéressant <eos>,13,intéressant,intéressante,11,M,P,intéressant,-6.1661677,intéressante,-10.500969,1
10678,S_NOUN_8_ADJ_a,M,S,le coussin avec les paniers qui était là depuis hier est aussi très brillant <eos>,13,brillant,brillante,11,M,P,brillant,-7.776699,brillante,-11.588567,1
10679,S_NOUN_8_ADJ_a,M,S,le coussin avec les paniers qui était là depuis hier est aussi très compliqué <eos>,13,compliqué,compliquée,11,M,P,compliqué,-5.1234555,compliquée,-8.53496,1
10680,S_NOUN_8_ADJ_a,M,S,le coussin avec les colliers qui était là depuis hier est aussi très vert <eos>,13,vert,verte,11,M,P,vert,-10.974062,verte,-14.917854,1
10681,S_NOUN_8_ADJ_a,M,S,le coussin avec les colliers qui était là depuis hier est aussi très bleu <eos>,13,bleu,bleue,11,M,P,bleu,-11.108282,bleue,-16.92369,1
10682,S_NOUN_8_ADJ_a,M,S,le coussin avec les colliers qui était là depuis hier est aussi très noir <eos>,13,noir,noire,11,M,P,noir,-9.9312,noire,-13.548481,1
10683,S_NOUN_8_ADJ_a,M,S,le coussin avec les colliers qui était là depuis hier est aussi très délicat <eos>,13,délicat,délicate,11,M,P,délicat,-6.812777,délicate,-9.513643,1
10684,S_NOUN_8_ADJ_a,M,S,le coussin avec les colliers qui était là depuis hier est aussi très pointu <eos>,13,pointu,pointue,11,M,P,pointu,-7.877495,pointue,-12.330419,1
10685,S_NOUN_8_ADJ_a,M,S,le coussin avec les colliers qui était là depuis hier est aussi très rond <eos>,13,rond,ronde,11,M,P,rond,-9.867571,ronde,-13.273725,1
10686,S_NOUN_8_ADJ_a,M,S,le coussin avec les colliers qui était là depuis hier est aussi très froid <eos>,13,froid,froide,11,M,P,froid,-7.860858,froide,-12.0591955,1
10687,S_NOUN_8_ADJ_a,M,S,le coussin avec les colliers qui était là depuis hier est aussi très chaud <eos>,13,chaud,chaude,11,M,P,chaud,-7.474001,chaude,-11.353817,1
10688,S_NOUN_8_ADJ_a,M,S,le coussin avec les colliers qui était là depuis hier est aussi très important <eos>,13,important,importante,11,M,P,important,-4.5646257,importante,-8.529516,1
10689,S_NOUN_8_ADJ_a,M,S,le coussin avec les colliers qui était là depuis hier est aussi très court <eos>,13,court,courte,11,M,P,court,-4.4516344,courte,-8.478147,1
10690,S_NOUN_8_ADJ_a,M,S,le coussin avec les colliers qui était là depuis hier est aussi très dur <eos>,13,dur,dure,11,M,P,dur,-4.736109,dure,-7.8049974,1
10691,S_NOUN_8_ADJ_a,M,S,le coussin avec les colliers qui était là depuis hier est aussi très clair <eos>,13,clair,claire,11,M,P,clair,-5.8733535,claire,-9.53067,1
10692,S_NOUN_8_ADJ_a,M,S,le coussin avec les colliers qui était là depuis hier est aussi très intéressant <eos>,13,intéressant,intéressante,11,M,P,intéressant,-6.1297283,intéressante,-10.391091,1
10693,S_NOUN_8_ADJ_a,M,S,le coussin avec les colliers qui était là depuis hier est aussi très brillant <eos>,13,brillant,brillante,11,M,P,brillant,-7.592245,brillante,-11.131856,1
10694,S_NOUN_8_ADJ_a,M,S,le coussin avec les colliers qui était là depuis hier est aussi très compliqué <eos>,13,compliqué,compliquée,11,M,P,compliqué,-5.062443,compliquée,-8.622786,1
10695,S_NOUN_8_ADJ_a,M,S,le coussin avec les chapeaux qui était là depuis hier est aussi très vert <eos>,13,vert,verte,11,M,P,vert,-10.97348,verte,-14.707296,1
10696,S_NOUN_8_ADJ_a,M,S,le coussin avec les chapeaux qui était là depuis hier est aussi très bleu <eos>,13,bleu,bleue,11,M,P,bleu,-10.805428,bleue,-16.775858,1
10697,S_NOUN_8_ADJ_a,M,S,le coussin avec les chapeaux qui était là depuis hier est aussi très noir <eos>,13,noir,noire,11,M,P,noir,-9.381464,noire,-13.415237,1
10698,S_NOUN_8_ADJ_a,M,S,le coussin avec les chapeaux qui était là depuis hier est aussi très délicat <eos>,13,délicat,délicate,11,M,P,délicat,-7.147463,délicate,-10.352236,1
10699,S_NOUN_8_ADJ_a,M,S,le coussin avec les chapeaux qui était là depuis hier est aussi très pointu <eos>,13,pointu,pointue,11,M,P,pointu,-7.841155,pointue,-13.126888,1
10700,S_NOUN_8_ADJ_a,M,S,le coussin avec les chapeaux qui était là depuis hier est aussi très rond <eos>,13,rond,ronde,11,M,P,rond,-9.805548,ronde,-13.711274,1
10701,S_NOUN_8_ADJ_a,M,S,le coussin avec les chapeaux qui était là depuis hier est aussi très froid <eos>,13,froid,froide,11,M,P,froid,-7.484593,froide,-12.29553,1
10702,S_NOUN_8_ADJ_a,M,S,le coussin avec les chapeaux qui était là depuis hier est aussi très chaud <eos>,13,chaud,chaude,11,M,P,chaud,-7.2002,chaude,-11.41267,1
10703,S_NOUN_8_ADJ_a,M,S,le coussin avec les chapeaux qui était là depuis hier est aussi très important <eos>,13,important,importante,11,M,P,important,-4.5451694,importante,-8.805723,1
10704,S_NOUN_8_ADJ_a,M,S,le coussin avec les chapeaux qui était là depuis hier est aussi très court <eos>,13,court,courte,11,M,P,court,-4.4466343,courte,-8.691054,1
10705,S_NOUN_8_ADJ_a,M,S,le coussin avec les chapeaux qui était là depuis hier est aussi très dur <eos>,13,dur,dure,11,M,P,dur,-5.2255955,dure,-8.037274,1
10706,S_NOUN_8_ADJ_a,M,S,le coussin avec les chapeaux qui était là depuis hier est aussi très clair <eos>,13,clair,claire,11,M,P,clair,-5.9385786,claire,-9.574419,1
10707,S_NOUN_8_ADJ_a,M,S,le coussin avec les chapeaux qui était là depuis hier est aussi très intéressant <eos>,13,intéressant,intéressante,11,M,P,intéressant,-6.108237,intéressante,-10.392003,1
10708,S_NOUN_8_ADJ_a,M,S,le coussin avec les chapeaux qui était là depuis hier est aussi très brillant <eos>,13,brillant,brillante,11,M,P,brillant,-7.9734635,brillante,-11.607973,1
10709,S_NOUN_8_ADJ_a,M,S,le coussin avec les chapeaux qui était là depuis hier est aussi très compliqué <eos>,13,compliqué,compliquée,11,M,P,compliqué,-5.285883,compliquée,-9.098899,1
10710,S_NOUN_8_ADJ_a,M,S,le coussin avec les pots qui était là depuis hier est aussi très vert <eos>,13,vert,verte,11,M,P,vert,-10.446687,verte,-14.801036,1
10711,S_NOUN_8_ADJ_a,M,S,le coussin avec les pots qui était là depuis hier est aussi très bleu <eos>,13,bleu,bleue,11,M,P,bleu,-11.050016,bleue,-17.309525,1
10712,S_NOUN_8_ADJ_a,M,S,le coussin avec les pots qui était là depuis hier est aussi très noir <eos>,13,noir,noire,11,M,P,noir,-9.673488,noire,-13.85534,1
10713,S_NOUN_8_ADJ_a,M,S,le coussin avec les pots qui était là depuis hier est aussi très délicat <eos>,13,délicat,délicate,11,M,P,délicat,-6.762758,délicate,-9.590137,1
10714,S_NOUN_8_ADJ_a,M,S,le coussin avec les pots qui était là depuis hier est aussi très pointu <eos>,13,pointu,pointue,11,M,P,pointu,-8.221433,pointue,-12.904916,1
10715,S_NOUN_8_ADJ_a,M,S,le coussin avec les pots qui était là depuis hier est aussi très rond <eos>,13,rond,ronde,11,M,P,rond,-9.876915,ronde,-13.112087,1
10716,S_NOUN_8_ADJ_a,M,S,le coussin avec les pots qui était là depuis hier est aussi très froid <eos>,13,froid,froide,11,M,P,froid,-6.7996583,froide,-11.368908,1
10717,S_NOUN_8_ADJ_a,M,S,le coussin avec les pots qui était là depuis hier est aussi très chaud <eos>,13,chaud,chaude,11,M,P,chaud,-6.0692005,chaude,-10.27902,1
10718,S_NOUN_8_ADJ_a,M,S,le coussin avec les pots qui était là depuis hier est aussi très important <eos>,13,important,importante,11,M,P,important,-4.3437505,importante,-8.310234,1
10719,S_NOUN_8_ADJ_a,M,S,le coussin avec les pots qui était là depuis hier est aussi très court <eos>,13,court,courte,11,M,P,court,-4.8698854,courte,-9.1441,1
10720,S_NOUN_8_ADJ_a,M,S,le coussin avec les pots qui était là depuis hier est aussi très dur <eos>,13,dur,dure,11,M,P,dur,-4.3473277,dure,-7.6146626,1
10721,S_NOUN_8_ADJ_a,M,S,le coussin avec les pots qui était là depuis hier est aussi très clair <eos>,13,clair,claire,11,M,P,clair,-6.1401834,claire,-9.672617,1
10722,S_NOUN_8_ADJ_a,M,S,le coussin avec les pots qui était là depuis hier est aussi très intéressant <eos>,13,intéressant,intéressante,11,M,P,intéressant,-6.0402765,intéressante,-10.182409,1
10723,S_NOUN_8_ADJ_a,M,S,le coussin avec les pots qui était là depuis hier est aussi très brillant <eos>,13,brillant,brillante,11,M,P,brillant,-7.371153,brillante,-11.139025,1
10724,S_NOUN_8_ADJ_a,M,S,le coussin avec les pots qui était là depuis hier est aussi très compliqué <eos>,13,compliqué,compliquée,11,M,P,compliqué,-5.2984753,compliquée,-8.844952,1
10725,S_NOUN_8_ADJ_a,M,S,le coussin avec les coussins qui était là depuis hier est aussi très vert <eos>,13,vert,verte,11,M,P,vert,-11.02647,verte,-15.226265,1
10726,S_NOUN_8_ADJ_a,M,S,le coussin avec les coussins qui était là depuis hier est aussi très bleu <eos>,13,bleu,bleue,11,M,P,bleu,-11.183933,bleue,-17.292772,1
10727,S_NOUN_8_ADJ_a,M,S,le coussin avec les coussins qui était là depuis hier est aussi très noir <eos>,13,noir,noire,11,M,P,noir,-9.65262,noire,-13.953701,1
10728,S_NOUN_8_ADJ_a,M,S,le coussin avec les coussins qui était là depuis hier est aussi très délicat <eos>,13,délicat,délicate,11,M,P,délicat,-7.070994,délicate,-10.049923,1
10729,S_NOUN_8_ADJ_a,M,S,le coussin avec les coussins qui était là depuis hier est aussi très pointu <eos>,13,pointu,pointue,11,M,P,pointu,-7.92858,pointue,-12.819637,1
10730,S_NOUN_8_ADJ_a,M,S,le coussin avec les coussins qui était là depuis hier est aussi très rond <eos>,13,rond,ronde,11,M,P,rond,-9.896152,ronde,-13.584993,1
10731,S_NOUN_8_ADJ_a,M,S,le coussin avec les coussins qui était là depuis hier est aussi très froid <eos>,13,froid,froide,11,M,P,froid,-7.391361,froide,-12.0261545,1
10732,S_NOUN_8_ADJ_a,M,S,le coussin avec les coussins qui était là depuis hier est aussi très chaud <eos>,13,chaud,chaude,11,M,P,chaud,-6.921744,chaude,-10.982286,1
10733,S_NOUN_8_ADJ_a,M,S,le coussin avec les coussins qui était là depuis hier est aussi très important <eos>,13,important,importante,11,M,P,important,-4.517242,importante,-8.690601,1
10734,S_NOUN_8_ADJ_a,M,S,le coussin avec les coussins qui était là depuis hier est aussi très court <eos>,13,court,courte,11,M,P,court,-4.584583,courte,-8.909298,1
10735,S_NOUN_8_ADJ_a,M,S,le coussin avec les coussins qui était là depuis hier est aussi très dur <eos>,13,dur,dure,11,M,P,dur,-5.050535,dure,-7.887392,1
10736,S_NOUN_8_ADJ_a,M,S,le coussin avec les coussins qui était là depuis hier est aussi très clair <eos>,13,clair,claire,11,M,P,clair,-6.309568,claire,-9.823492,1
10737,S_NOUN_8_ADJ_a,M,S,le coussin avec les coussins qui était là depuis hier est aussi très intéressant <eos>,13,intéressant,intéressante,11,M,P,intéressant,-6.067611,intéressante,-10.334696,1
10738,S_NOUN_8_ADJ_a,M,S,le coussin avec les coussins qui était là depuis hier est aussi très brillant <eos>,13,brillant,brillante,11,M,P,brillant,-7.8418407,brillante,-11.91614,1
10739,S_NOUN_8_ADJ_a,M,S,le coussin avec les coussins qui était là depuis hier est aussi très compliqué <eos>,13,compliqué,compliquée,11,M,P,compliqué,-4.961752,compliquée,-8.523721,1
10740,S_NOUN_8_ADJ_a,M,S,le coussin avec les jouets qui était là depuis hier est aussi très vert <eos>,13,vert,verte,11,M,P,vert,-10.924988,verte,-14.717919,1
10741,S_NOUN_8_ADJ_a,M,S,le coussin avec les jouets qui était là depuis hier est aussi très bleu <eos>,13,bleu,bleue,11,M,P,bleu,-11.067018,bleue,-17.160004,1
10742,S_NOUN_8_ADJ_a,M,S,le coussin avec les jouets qui était là depuis hier est aussi très noir <eos>,13,noir,noire,11,M,P,noir,-9.412912,noire,-14.203778,1
10743,S_NOUN_8_ADJ_a,M,S,le coussin avec les jouets qui était là depuis hier est aussi très délicat <eos>,13,délicat,délicate,11,M,P,délicat,-7.2796187,délicate,-10.283065,1
10744,S_NOUN_8_ADJ_a,M,S,le coussin avec les jouets qui était là depuis hier est aussi très pointu <eos>,13,pointu,pointue,11,M,P,pointu,-8.190348,pointue,-13.832221,1
10745,S_NOUN_8_ADJ_a,M,S,le coussin avec les jouets qui était là depuis hier est aussi très rond <eos>,13,rond,ronde,11,M,P,rond,-10.35175,ronde,-14.796853,1
10746,S_NOUN_8_ADJ_a,M,S,le coussin avec les jouets qui était là depuis hier est aussi très froid <eos>,13,froid,froide,11,M,P,froid,-7.0327473,froide,-12.375204,1
10747,S_NOUN_8_ADJ_a,M,S,le coussin avec les jouets qui était là depuis hier est aussi très chaud <eos>,13,chaud,chaude,11,M,P,chaud,-7.032527,chaude,-11.326917,1
10748,S_NOUN_8_ADJ_a,M,S,le coussin avec les jouets qui était là depuis hier est aussi très important <eos>,13,important,importante,11,M,P,important,-4.3472633,importante,-8.535832,1
10749,S_NOUN_8_ADJ_a,M,S,le coussin avec les jouets qui était là depuis hier est aussi très court <eos>,13,court,courte,11,M,P,court,-4.656472,courte,-9.396001,1
10750,S_NOUN_8_ADJ_a,M,S,le coussin avec les jouets qui était là depuis hier est aussi très dur <eos>,13,dur,dure,11,M,P,dur,-5.3782067,dure,-8.051334,1
10751,S_NOUN_8_ADJ_a,M,S,le coussin avec les jouets qui était là depuis hier est aussi très clair <eos>,13,clair,claire,11,M,P,clair,-6.1427226,claire,-9.448853,1
10752,S_NOUN_8_ADJ_a,M,S,le coussin avec les jouets qui était là depuis hier est aussi très intéressant <eos>,13,intéressant,intéressante,11,M,P,intéressant,-5.7407064,intéressante,-10.073894,1
10753,S_NOUN_8_ADJ_a,M,S,le coussin avec les jouets qui était là depuis hier est aussi très brillant <eos>,13,brillant,brillante,11,M,P,brillant,-7.861316,brillante,-11.493681,1
10754,S_NOUN_8_ADJ_a,M,S,le coussin avec les jouets qui était là depuis hier est aussi très compliqué <eos>,13,compliqué,compliquée,11,M,P,compliqué,-5.3961544,compliquée,-8.863161,1
10755,S_NOUN_8_ADJ_a,M,S,le coussin avec les clous qui était là depuis hier est aussi très vert <eos>,13,vert,verte,11,M,P,vert,-10.769406,verte,-15.201262,1
10756,S_NOUN_8_ADJ_a,M,S,le coussin avec les clous qui était là depuis hier est aussi très bleu <eos>,13,bleu,bleue,11,M,P,bleu,-11.115814,bleue,-17.23171,1
10757,S_NOUN_8_ADJ_a,M,S,le coussin avec les clous qui était là depuis hier est aussi très noir <eos>,13,noir,noire,11,M,P,noir,-9.56835,noire,-13.657412,1
10758,S_NOUN_8_ADJ_a,M,S,le coussin avec les clous qui était là depuis hier est aussi très délicat <eos>,13,délicat,délicate,11,M,P,délicat,-6.69805,délicate,-9.445446,1
10759,S_NOUN_8_ADJ_a,M,S,le coussin avec les clous qui était là depuis hier est aussi très pointu <eos>,13,pointu,pointue,11,M,P,pointu,-7.6761265,pointue,-12.661622,1
10760,S_NOUN_8_ADJ_a,M,S,le coussin avec les clous qui était là depuis hier est aussi très rond <eos>,13,rond,ronde,11,M,P,rond,-9.900339,ronde,-13.392424,1
10761,S_NOUN_8_ADJ_a,M,S,le coussin avec les clous qui était là depuis hier est aussi très froid <eos>,13,froid,froide,11,M,P,froid,-6.8367004,froide,-11.706933,1
10762,S_NOUN_8_ADJ_a,M,S,le coussin avec les clous qui était là depuis hier est aussi très chaud <eos>,13,chaud,chaude,11,M,P,chaud,-6.522113,chaude,-11.108981,1
10763,S_NOUN_8_ADJ_a,M,S,le coussin avec les clous qui était là depuis hier est aussi très important <eos>,13,important,importante,11,M,P,important,-4.4052052,importante,-8.626373,1
10764,S_NOUN_8_ADJ_a,M,S,le coussin avec les clous qui était là depuis hier est aussi très court <eos>,13,court,courte,11,M,P,court,-4.446169,courte,-8.873577,1
10765,S_NOUN_8_ADJ_a,M,S,le coussin avec les clous qui était là depuis hier est aussi très dur <eos>,13,dur,dure,11,M,P,dur,-4.3515015,dure,-7.680004,1
10766,S_NOUN_8_ADJ_a,M,S,le coussin avec les clous qui était là depuis hier est aussi très clair <eos>,13,clair,claire,11,M,P,clair,-5.966938,claire,-9.614318,1
10767,S_NOUN_8_ADJ_a,M,S,le coussin avec les clous qui était là depuis hier est aussi très intéressant <eos>,13,intéressant,intéressante,11,M,P,intéressant,-5.9705715,intéressante,-10.5256815,1
10768,S_NOUN_8_ADJ_a,M,S,le coussin avec les clous qui était là depuis hier est aussi très brillant <eos>,13,brillant,brillante,11,M,P,brillant,-7.7864285,brillante,-11.695305,1
10769,S_NOUN_8_ADJ_a,M,S,le coussin avec les clous qui était là depuis hier est aussi très compliqué <eos>,13,compliqué,compliquée,11,M,P,compliqué,-5.1183143,compliquée,-8.686171,1
10770,S_NOUN_8_ADJ_a,M,S,le coussin avec les billets qui était là depuis hier est aussi très vert <eos>,13,vert,verte,11,M,P,vert,-10.969675,verte,-15.340605,1
10771,S_NOUN_8_ADJ_a,M,S,le coussin avec les billets qui était là depuis hier est aussi très bleu <eos>,13,bleu,bleue,11,M,P,bleu,-11.022189,bleue,-18.027185,1
10772,S_NOUN_8_ADJ_a,M,S,le coussin avec les billets qui était là depuis hier est aussi très noir <eos>,13,noir,noire,11,M,P,noir,-9.527443,noire,-14.762991,1
10773,S_NOUN_8_ADJ_a,M,S,le coussin avec les billets qui était là depuis hier est aussi très délicat <eos>,13,délicat,délicate,11,M,P,délicat,-7.3452077,délicate,-10.305592,1
10774,S_NOUN_8_ADJ_a,M,S,le coussin avec les billets qui était là depuis hier est aussi très pointu <eos>,13,pointu,pointue,11,M,P,pointu,-9.052353,pointue,-13.882893,1
10775,S_NOUN_8_ADJ_a,M,S,le coussin avec les billets qui était là depuis hier est aussi très rond <eos>,13,rond,ronde,11,M,P,rond,-10.7163725,ronde,-15.082502,1
10776,S_NOUN_8_ADJ_a,M,S,le coussin avec les billets qui était là depuis hier est aussi très froid <eos>,13,froid,froide,11,M,P,froid,-8.03826,froide,-13.119482,1
10777,S_NOUN_8_ADJ_a,M,S,le coussin avec les billets qui était là depuis hier est aussi très chaud <eos>,13,chaud,chaude,11,M,P,chaud,-7.6621027,chaude,-11.828988,1
10778,S_NOUN_8_ADJ_a,M,S,le coussin avec les billets qui était là depuis hier est aussi très important <eos>,13,important,importante,11,M,P,important,-3.9026701,importante,-8.132103,1
10779,S_NOUN_8_ADJ_a,M,S,le coussin avec les billets qui était là depuis hier est aussi très court <eos>,13,court,courte,11,M,P,court,-4.3749704,courte,-8.741346,1
10780,S_NOUN_8_ADJ_a,M,S,le coussin avec les billets qui était là depuis hier est aussi très dur <eos>,13,dur,dure,11,M,P,dur,-5.6236124,dure,-9.1182995,1
10781,S_NOUN_8_ADJ_a,M,S,le coussin avec les billets qui était là depuis hier est aussi très clair <eos>,13,clair,claire,11,M,P,clair,-6.460698,claire,-10.2075205,1
10782,S_NOUN_8_ADJ_a,M,S,le coussin avec les billets qui était là depuis hier est aussi très intéressant <eos>,13,intéressant,intéressante,11,M,P,intéressant,-5.945126,intéressante,-9.669355,1
10783,S_NOUN_8_ADJ_a,M,S,le coussin avec les billets qui était là depuis hier est aussi très brillant <eos>,13,brillant,brillante,11,M,P,brillant,-8.377531,brillante,-12.245447,1
10784,S_NOUN_8_ADJ_a,M,S,le coussin avec les billets qui était là depuis hier est aussi très compliqué <eos>,13,compliqué,compliquée,11,M,P,compliqué,-5.246954,compliquée,-9.322228,1
10785,S_NOUN_8_ADJ_a,M,S,le coussin avec les légumes qui était là depuis hier est aussi très vert <eos>,13,vert,verte,11,M,P,vert,-10.637447,verte,-14.874117,1
10786,S_NOUN_8_ADJ_a,M,S,le coussin avec les légumes qui était là depuis hier est aussi très bleu <eos>,13,bleu,bleue,11,M,P,bleu,-11.162792,bleue,-17.072338,1
10787,S_NOUN_8_ADJ_a,M,S,le coussin avec les légumes qui était là depuis hier est aussi très noir <eos>,13,noir,noire,11,M,P,noir,-9.889434,noire,-13.991185,1
10788,S_NOUN_8_ADJ_a,M,S,le coussin avec les légumes qui était là depuis hier est aussi très délicat <eos>,13,délicat,délicate,11,M,P,délicat,-6.5534067,délicate,-9.527009,1
10789,S_NOUN_8_ADJ_a,M,S,le coussin avec les légumes qui était là depuis hier est aussi très pointu <eos>,13,pointu,pointue,11,M,P,pointu,-7.9033794,pointue,-13.292758,1
10790,S_NOUN_8_ADJ_a,M,S,le coussin avec les légumes qui était là depuis hier est aussi très rond <eos>,13,rond,ronde,11,M,P,rond,-10.012369,ronde,-13.655714,1
10791,S_NOUN_8_ADJ_a,M,S,le coussin avec les légumes qui était là depuis hier est aussi très froid <eos>,13,froid,froide,11,M,P,froid,-6.2004604,froide,-11.2577505,1
10792,S_NOUN_8_ADJ_a,M,S,le coussin avec les légumes qui était là depuis hier est aussi très chaud <eos>,13,chaud,chaude,11,M,P,chaud,-6.1204076,chaude,-10.4598465,1
10793,S_NOUN_8_ADJ_a,M,S,le coussin avec les légumes qui était là depuis hier est aussi très important <eos>,13,important,importante,11,M,P,important,-4.1856623,importante,-8.223797,1
10794,S_NOUN_8_ADJ_a,M,S,le coussin avec les légumes qui était là depuis hier est aussi très court <eos>,13,court,courte,11,M,P,court,-4.829569,courte,-9.420901,1
10795,S_NOUN_8_ADJ_a,M,S,le coussin avec les légumes qui était là depuis hier est aussi très dur <eos>,13,dur,dure,11,M,P,dur,-4.611154,dure,-7.4592156,1
10796,S_NOUN_8_ADJ_a,M,S,le coussin avec les légumes qui était là depuis hier est aussi très clair <eos>,13,clair,claire,11,M,P,clair,-5.6766777,claire,-9.417726,1
10797,S_NOUN_8_ADJ_a,M,S,le coussin avec les légumes qui était là depuis hier est aussi très intéressant <eos>,13,intéressant,intéressante,11,M,P,intéressant,-6.0270586,intéressante,-10.476543,1
10798,S_NOUN_8_ADJ_a,M,S,le coussin avec les légumes qui était là depuis hier est aussi très brillant <eos>,13,brillant,brillante,11,M,P,brillant,-7.8142757,brillante,-11.606736,1
10799,S_NOUN_8_ADJ_a,M,S,le coussin avec les légumes qui était là depuis hier est aussi très compliqué <eos>,13,compliqué,compliquée,11,M,P,compliqué,-5.8281403,compliquée,-9.397588,1
10800,S_NOUN_8_ADJ_a,M,S,le jouet avec les bracelets qui était là depuis hier est aussi très vert <eos>,13,vert,verte,11,M,P,vert,-10.868043,verte,-14.397108,1
10801,S_NOUN_8_ADJ_a,M,S,le jouet avec les bracelets qui était là depuis hier est aussi très bleu <eos>,13,bleu,bleue,11,M,P,bleu,-11.1050825,bleue,-16.896912,1
10802,S_NOUN_8_ADJ_a,M,S,le jouet avec les bracelets qui était là depuis hier est aussi très noir <eos>,13,noir,noire,11,M,P,noir,-9.738529,noire,-13.744143,1
10803,S_NOUN_8_ADJ_a,M,S,le jouet avec les bracelets qui était là depuis hier est aussi très délicat <eos>,13,délicat,délicate,11,M,P,délicat,-7.0546474,délicate,-9.515139,1
10804,S_NOUN_8_ADJ_a,M,S,le jouet avec les bracelets qui était là depuis hier est aussi très pointu <eos>,13,pointu,pointue,11,M,P,pointu,-8.269331,pointue,-13.498135,1
10805,S_NOUN_8_ADJ_a,M,S,le jouet avec les bracelets qui était là depuis hier est aussi très rond <eos>,13,rond,ronde,11,M,P,rond,-10.654746,ronde,-14.201813,1
10806,S_NOUN_8_ADJ_a,M,S,le jouet avec les bracelets qui était là depuis hier est aussi très froid <eos>,13,froid,froide,11,M,P,froid,-7.444281,froide,-12.302679,1
10807,S_NOUN_8_ADJ_a,M,S,le jouet avec les bracelets qui était là depuis hier est aussi très chaud <eos>,13,chaud,chaude,11,M,P,chaud,-7.1168795,chaude,-11.323968,1
10808,S_NOUN_8_ADJ_a,M,S,le jouet avec les bracelets qui était là depuis hier est aussi très important <eos>,13,important,importante,11,M,P,important,-4.8785434,importante,-8.936966,1
10809,S_NOUN_8_ADJ_a,M,S,le jouet avec les bracelets qui était là depuis hier est aussi très court <eos>,13,court,courte,11,M,P,court,-4.9095163,courte,-9.358735,1
10810,S_NOUN_8_ADJ_a,M,S,le jouet avec les bracelets qui était là depuis hier est aussi très dur <eos>,13,dur,dure,11,M,P,dur,-5.6711674,dure,-8.063373,1
10811,S_NOUN_8_ADJ_a,M,S,le jouet avec les bracelets qui était là depuis hier est aussi très clair <eos>,13,clair,claire,11,M,P,clair,-6.102483,claire,-9.39479,1
10812,S_NOUN_8_ADJ_a,M,S,le jouet avec les bracelets qui était là depuis hier est aussi très intéressant <eos>,13,intéressant,intéressante,11,M,P,intéressant,-5.8494053,intéressante,-10.080891,1
10813,S_NOUN_8_ADJ_a,M,S,le jouet avec les bracelets qui était là depuis hier est aussi très brillant <eos>,13,brillant,brillante,11,M,P,brillant,-7.6940174,brillante,-11.415903,1
10814,S_NOUN_8_ADJ_a,M,S,le jouet avec les bracelets qui était là depuis hier est aussi très compliqué <eos>,13,compliqué,compliquée,11,M,P,compliqué,-4.964555,compliquée,-8.584344,1
10815,S_NOUN_8_ADJ_a,M,S,le jouet avec les miroirs qui était là depuis hier est aussi très vert <eos>,13,vert,verte,11,M,P,vert,-10.878739,verte,-14.500666,1
10816,S_NOUN_8_ADJ_a,M,S,le jouet avec les miroirs qui était là depuis hier est aussi très bleu <eos>,13,bleu,bleue,11,M,P,bleu,-11.129417,bleue,-17.137182,1
10817,S_NOUN_8_ADJ_a,M,S,le jouet avec les miroirs qui était là depuis hier est aussi très noir <eos>,13,noir,noire,11,M,P,noir,-9.863108,noire,-14.399267,1
10818,S_NOUN_8_ADJ_a,M,S,le jouet avec les miroirs qui était là depuis hier est aussi très délicat <eos>,13,délicat,délicate,11,M,P,délicat,-6.835636,délicate,-9.529193,1
10819,S_NOUN_8_ADJ_a,M,S,le jouet avec les miroirs qui était là depuis hier est aussi très pointu <eos>,13,pointu,pointue,11,M,P,pointu,-8.465111,pointue,-13.517902,1
10820,S_NOUN_8_ADJ_a,M,S,le jouet avec les miroirs qui était là depuis hier est aussi très rond <eos>,13,rond,ronde,11,M,P,rond,-10.647355,ronde,-14.611906,1
10821,S_NOUN_8_ADJ_a,M,S,le jouet avec les miroirs qui était là depuis hier est aussi très froid <eos>,13,froid,froide,11,M,P,froid,-7.064785,froide,-11.90652,1
10822,S_NOUN_8_ADJ_a,M,S,le jouet avec les miroirs qui était là depuis hier est aussi très chaud <eos>,13,chaud,chaude,11,M,P,chaud,-6.8684196,chaude,-10.712565,1
10823,S_NOUN_8_ADJ_a,M,S,le jouet avec les miroirs qui était là depuis hier est aussi très important <eos>,13,important,importante,11,M,P,important,-4.632342,importante,-8.680033,1
10824,S_NOUN_8_ADJ_a,M,S,le jouet avec les miroirs qui était là depuis hier est aussi très court <eos>,13,court,courte,11,M,P,court,-4.9922285,courte,-9.474945,1
10825,S_NOUN_8_ADJ_a,M,S,le jouet avec les miroirs qui était là depuis hier est aussi très dur <eos>,13,dur,dure,11,M,P,dur,-5.2709374,dure,-8.083679,1
10826,S_NOUN_8_ADJ_a,M,S,le jouet avec les miroirs qui était là depuis hier est aussi très clair <eos>,13,clair,claire,11,M,P,clair,-5.7771807,claire,-9.313233,1
10827,S_NOUN_8_ADJ_a,M,S,le jouet avec les miroirs qui était là depuis hier est aussi très intéressant <eos>,13,intéressant,intéressante,11,M,P,intéressant,-5.6563725,intéressante,-9.851021,1
10828,S_NOUN_8_ADJ_a,M,S,le jouet avec les miroirs qui était là depuis hier est aussi très brillant <eos>,13,brillant,brillante,11,M,P,brillant,-7.2686024,brillante,-10.751688,1
10829,S_NOUN_8_ADJ_a,M,S,le jouet avec les miroirs qui était là depuis hier est aussi très compliqué <eos>,13,compliqué,compliquée,11,M,P,compliqué,-5.113024,compliquée,-8.227465,1
10830,S_NOUN_8_ADJ_a,M,S,le jouet avec les crayons qui était là depuis hier est aussi très vert <eos>,13,vert,verte,11,M,P,vert,-10.4122,verte,-14.2666645,1
10831,S_NOUN_8_ADJ_a,M,S,le jouet avec les crayons qui était là depuis hier est aussi très bleu <eos>,13,bleu,bleue,11,M,P,bleu,-10.873952,bleue,-17.055342,1
10832,S_NOUN_8_ADJ_a,M,S,le jouet avec les crayons qui était là depuis hier est aussi très noir <eos>,13,noir,noire,11,M,P,noir,-9.740546,noire,-14.125233,1
10833,S_NOUN_8_ADJ_a,M,S,le jouet avec les crayons qui était là depuis hier est aussi très délicat <eos>,13,délicat,délicate,11,M,P,délicat,-6.481502,délicate,-9.574144,1
10834,S_NOUN_8_ADJ_a,M,S,le jouet avec les crayons qui était là depuis hier est aussi très pointu <eos>,13,pointu,pointue,11,M,P,pointu,-8.553795,pointue,-14.039469,1
10835,S_NOUN_8_ADJ_a,M,S,le jouet avec les crayons qui était là depuis hier est aussi très rond <eos>,13,rond,ronde,11,M,P,rond,-10.832007,ronde,-14.993289,1
10836,S_NOUN_8_ADJ_a,M,S,le jouet avec les crayons qui était là depuis hier est aussi très froid <eos>,13,froid,froide,11,M,P,froid,-6.5562634,froide,-11.940569,1
10837,S_NOUN_8_ADJ_a,M,S,le jouet avec les crayons qui était là depuis hier est aussi très chaud <eos>,13,chaud,chaude,11,M,P,chaud,-6.8228116,chaude,-11.007978,1
10838,S_NOUN_8_ADJ_a,M,S,le jouet avec les crayons qui était là depuis hier est aussi très important <eos>,13,important,importante,11,M,P,important,-4.459862,importante,-8.515947,1
10839,S_NOUN_8_ADJ_a,M,S,le jouet avec les crayons qui était là depuis hier est aussi très court <eos>,13,court,courte,11,M,P,court,-5.2150373,courte,-9.912303,1
10840,S_NOUN_8_ADJ_a,M,S,le jouet avec les crayons qui était là depuis hier est aussi très dur <eos>,13,dur,dure,11,M,P,dur,-5.2626557,dure,-7.727472,1
10841,S_NOUN_8_ADJ_a,M,S,le jouet avec les crayons qui était là depuis hier est aussi très clair <eos>,13,clair,claire,11,M,P,clair,-5.360365,claire,-8.968687,1
10842,S_NOUN_8_ADJ_a,M,S,le jouet avec les crayons qui était là depuis hier est aussi très intéressant <eos>,13,intéressant,intéressante,11,M,P,intéressant,-5.720092,intéressante,-10.267084,1
10843,S_NOUN_8_ADJ_a,M,S,le jouet avec les crayons qui était là depuis hier est aussi très brillant <eos>,13,brillant,brillante,11,M,P,brillant,-7.242005,brillante,-10.888531,1
10844,S_NOUN_8_ADJ_a,M,S,le jouet avec les crayons qui était là depuis hier est aussi très compliqué <eos>,13,compliqué,compliquée,11,M,P,compliqué,-5.775399,compliquée,-8.902448,1
10845,S_NOUN_8_ADJ_a,M,S,le jouet avec les rideaux qui était là depuis hier est aussi très vert <eos>,13,vert,verte,11,M,P,vert,-10.925097,verte,-14.553818,1
10846,S_NOUN_8_ADJ_a,M,S,le jouet avec les rideaux qui était là depuis hier est aussi très bleu <eos>,13,bleu,bleue,11,M,P,bleu,-11.095903,bleue,-17.018295,1
10847,S_NOUN_8_ADJ_a,M,S,le jouet avec les rideaux qui était là depuis hier est aussi très noir <eos>,13,noir,noire,11,M,P,noir,-9.663954,noire,-13.81314,1
10848,S_NOUN_8_ADJ_a,M,S,le jouet avec les rideaux qui était là depuis hier est aussi très délicat <eos>,13,délicat,délicate,11,M,P,délicat,-6.9254427,délicate,-9.7424755,1
10849,S_NOUN_8_ADJ_a,M,S,le jouet avec les rideaux qui était là depuis hier est aussi très pointu <eos>,13,pointu,pointue,11,M,P,pointu,-8.484884,pointue,-13.958227,1
10850,S_NOUN_8_ADJ_a,M,S,le jouet avec les rideaux qui était là depuis hier est aussi très rond <eos>,13,rond,ronde,11,M,P,rond,-10.61693,ronde,-14.496298,1
10851,S_NOUN_8_ADJ_a,M,S,le jouet avec les rideaux qui était là depuis hier est aussi très froid <eos>,13,froid,froide,11,M,P,froid,-6.878226,froide,-12.109348,1
10852,S_NOUN_8_ADJ_a,M,S,le jouet avec les rideaux qui était là depuis hier est aussi très chaud <eos>,13,chaud,chaude,11,M,P,chaud,-6.8755236,chaude,-10.872399,1
10853,S_NOUN_8_ADJ_a,M,S,le jouet avec les rideaux qui était là depuis hier est aussi très important <eos>,13,important,importante,11,M,P,important,-4.6222525,importante,-8.71228,1
10854,S_NOUN_8_ADJ_a,M,S,le jouet avec les rideaux qui était là depuis hier est aussi très court <eos>,13,court,courte,11,M,P,court,-4.792537,courte,-9.451292,1
10855,S_NOUN_8_ADJ_a,M,S,le jouet avec les rideaux qui était là depuis hier est aussi très dur <eos>,13,dur,dure,11,M,P,dur,-5.676017,dure,-7.6250286,1
10856,S_NOUN_8_ADJ_a,M,S,le jouet avec les rideaux qui était là depuis hier est aussi très clair <eos>,13,clair,claire,11,M,P,clair,-5.7893925,claire,-9.125037,1
10857,S_NOUN_8_ADJ_a,M,S,le jouet avec les rideaux qui était là depuis hier est aussi très intéressant <eos>,13,intéressant,intéressante,11,M,P,intéressant,-5.9877157,intéressante,-10.323752,1
10858,S_NOUN_8_ADJ_a,M,S,le jouet avec les rideaux qui était là depuis hier est aussi très brillant <eos>,13,brillant,brillante,11,M,P,brillant,-7.815114,brillante,-11.369264,1
10859,S_NOUN_8_ADJ_a,M,S,le jouet avec les rideaux qui était là depuis hier est aussi très compliqué <eos>,13,compliqué,compliquée,11,M,P,compliqué,-5.3966193,compliquée,-8.724882,1
10860,S_NOUN_8_ADJ_a,M,S,le jouet avec les cahiers qui était là depuis hier est aussi très vert <eos>,13,vert,verte,11,M,P,vert,-11.804703,verte,-15.496164,1
10861,S_NOUN_8_ADJ_a,M,S,le jouet avec les cahiers qui était là depuis hier est aussi très bleu <eos>,13,bleu,bleue,11,M,P,bleu,-12.283457,bleue,-17.933039,1
10862,S_NOUN_8_ADJ_a,M,S,le jouet avec les cahiers qui était là depuis hier est aussi très noir <eos>,13,noir,noire,11,M,P,noir,-10.188417,noire,-14.991779,1
10863,S_NOUN_8_ADJ_a,M,S,le jouet avec les cahiers qui était là depuis hier est aussi très délicat <eos>,13,délicat,délicate,11,M,P,délicat,-7.5919166,délicate,-10.326565,1
10864,S_NOUN_8_ADJ_a,M,S,le jouet avec les cahiers qui était là depuis hier est aussi très pointu <eos>,13,pointu,pointue,11,M,P,pointu,-8.364185,pointue,-14.187625,1
10865,S_NOUN_8_ADJ_a,M,S,le jouet avec les cahiers qui était là depuis hier est aussi très rond <eos>,13,rond,ronde,11,M,P,rond,-11.936487,ronde,-15.961689,1
10866,S_NOUN_8_ADJ_a,M,S,le jouet avec les cahiers qui était là depuis hier est aussi très froid <eos>,13,froid,froide,11,M,P,froid,-7.1663275,froide,-13.155686,1
10867,S_NOUN_8_ADJ_a,M,S,le jouet avec les cahiers qui était là depuis hier est aussi très chaud <eos>,13,chaud,chaude,11,M,P,chaud,-7.3796988,chaude,-12.217439,1
10868,S_NOUN_8_ADJ_a,M,S,le jouet avec les cahiers qui était là depuis hier est aussi très important <eos>,13,important,importante,11,M,P,important,-4.110756,importante,-8.26351,1
10869,S_NOUN_8_ADJ_a,M,S,le jouet avec les cahiers qui était là depuis hier est aussi très court <eos>,13,court,courte,11,M,P,court,-5.378848,courte,-9.434434,1
10870,S_NOUN_8_ADJ_a,M,S,le jouet avec les cahiers qui était là depuis hier est aussi très dur <eos>,13,dur,dure,11,M,P,dur,-5.931049,dure,-7.556144,1
10871,S_NOUN_8_ADJ_a,M,S,le jouet avec les cahiers qui était là depuis hier est aussi très clair <eos>,13,clair,claire,11,M,P,clair,-5.911415,claire,-9.933547,1
10872,S_NOUN_8_ADJ_a,M,S,le jouet avec les cahiers qui était là depuis hier est aussi très intéressant <eos>,13,intéressant,intéressante,11,M,P,intéressant,-5.534849,intéressante,-9.939947,1
10873,S_NOUN_8_ADJ_a,M,S,le jouet avec les cahiers qui était là depuis hier est aussi très brillant <eos>,13,brillant,brillante,11,M,P,brillant,-7.8684387,brillante,-11.676966,1
10874,S_NOUN_8_ADJ_a,M,S,le jouet avec les cahiers qui était là depuis hier est aussi très compliqué <eos>,13,compliqué,compliquée,11,M,P,compliqué,-5.7438745,compliquée,-8.805466,1
10875,S_NOUN_8_ADJ_a,M,S,le jouet avec les micros qui était là depuis hier est aussi très vert <eos>,13,vert,verte,11,M,P,vert,-11.589125,verte,-15.446852,1
10876,S_NOUN_8_ADJ_a,M,S,le jouet avec les micros qui était là depuis hier est aussi très bleu <eos>,13,bleu,bleue,11,M,P,bleu,-11.739771,bleue,-17.79964,1
10877,S_NOUN_8_ADJ_a,M,S,le jouet avec les micros qui était là depuis hier est aussi très noir <eos>,13,noir,noire,11,M,P,noir,-10.009871,noire,-14.722534,1
10878,S_NOUN_8_ADJ_a,M,S,le jouet avec les micros qui était là depuis hier est aussi très délicat <eos>,13,délicat,délicate,11,M,P,délicat,-6.720953,délicate,-9.579131,1
10879,S_NOUN_8_ADJ_a,M,S,le jouet avec les micros qui était là depuis hier est aussi très pointu <eos>,13,pointu,pointue,11,M,P,pointu,-8.462681,pointue,-14.325041,1
10880,S_NOUN_8_ADJ_a,M,S,le jouet avec les micros qui était là depuis hier est aussi très rond <eos>,13,rond,ronde,11,M,P,rond,-10.867094,ronde,-15.078583,1
10881,S_NOUN_8_ADJ_a,M,S,le jouet avec les micros qui était là depuis hier est aussi très froid <eos>,13,froid,froide,11,M,P,froid,-7.4441233,froide,-12.87517,1
10882,S_NOUN_8_ADJ_a,M,S,le jouet avec les micros qui était là depuis hier est aussi très chaud <eos>,13,chaud,chaude,11,M,P,chaud,-6.956132,chaude,-11.227623,1
10883,S_NOUN_8_ADJ_a,M,S,le jouet avec les micros qui était là depuis hier est aussi très important <eos>,13,important,importante,11,M,P,important,-4.465786,importante,-8.80641,1
10884,S_NOUN_8_ADJ_a,M,S,le jouet avec les micros qui était là depuis hier est aussi très court <eos>,13,court,courte,11,M,P,court,-5.2868333,courte,-9.618336,1
10885,S_NOUN_8_ADJ_a,M,S,le jouet avec les micros qui était là depuis hier est aussi très dur <eos>,13,dur,dure,11,M,P,dur,-5.379421,dure,-7.5845537,1
10886,S_NOUN_8_ADJ_a,M,S,le jouet avec les micros qui était là depuis hier est aussi très clair <eos>,13,clair,claire,11,M,P,clair,-5.5815034,claire,-9.46072,1
10887,S_NOUN_8_ADJ_a,M,S,le jouet avec les micros qui était là depuis hier est aussi très intéressant <eos>,13,intéressant,intéressante,11,M,P,intéressant,-5.991169,intéressante,-10.347642,1
10888,S_NOUN_8_ADJ_a,M,S,le jouet avec les micros qui était là depuis hier est aussi très brillant <eos>,13,brillant,brillante,11,M,P,brillant,-7.703596,brillante,-11.794246,1
10889,S_NOUN_8_ADJ_a,M,S,le jouet avec les micros qui était là depuis hier est aussi très compliqué <eos>,13,compliqué,compliquée,11,M,P,compliqué,-4.8425064,compliquée,-8.310442,1
10890,S_NOUN_8_ADJ_a,M,S,le jouet avec les sacs qui était là depuis hier est aussi très vert <eos>,13,vert,verte,11,M,P,vert,-11.092096,verte,-14.9673,1
10891,S_NOUN_8_ADJ_a,M,S,le jouet avec les sacs qui était là depuis hier est aussi très bleu <eos>,13,bleu,bleue,11,M,P,bleu,-11.475857,bleue,-17.532639,1
10892,S_NOUN_8_ADJ_a,M,S,le jouet avec les sacs qui était là depuis hier est aussi très noir <eos>,13,noir,noire,11,M,P,noir,-9.955123,noire,-14.289386,1
10893,S_NOUN_8_ADJ_a,M,S,le jouet avec les sacs qui était là depuis hier est aussi très délicat <eos>,13,délicat,délicate,11,M,P,délicat,-6.8393736,délicate,-9.375529,1
10894,S_NOUN_8_ADJ_a,M,S,le jouet avec les sacs qui était là depuis hier est aussi très pointu <eos>,13,pointu,pointue,11,M,P,pointu,-8.135429,pointue,-13.822952,1
10895,S_NOUN_8_ADJ_a,M,S,le jouet avec les sacs qui était là depuis hier est aussi très rond <eos>,13,rond,ronde,11,M,P,rond,-10.633024,ronde,-14.479067,1
10896,S_NOUN_8_ADJ_a,M,S,le jouet avec les sacs qui était là depuis hier est aussi très froid <eos>,13,froid,froide,11,M,P,froid,-6.661089,froide,-12.221369,1
10897,S_NOUN_8_ADJ_a,M,S,le jouet avec les sacs qui était là depuis hier est aussi très chaud <eos>,13,chaud,chaude,11,M,P,chaud,-6.371834,chaude,-10.915644,1
10898,S_NOUN_8_ADJ_a,M,S,le jouet avec les sacs qui était là depuis hier est aussi très important <eos>,13,important,importante,11,M,P,important,-4.313637,importante,-8.420395,1
10899,S_NOUN_8_ADJ_a,M,S,le jouet avec les sacs qui était là depuis hier est aussi très court <eos>,13,court,courte,11,M,P,court,-4.9313526,courte,-9.500483,1
10900,S_NOUN_8_ADJ_a,M,S,le jouet avec les sacs qui était là depuis hier est aussi très dur <eos>,13,dur,dure,11,M,P,dur,-5.2429094,dure,-7.4876833,1
10901,S_NOUN_8_ADJ_a,M,S,le jouet avec les sacs qui était là depuis hier est aussi très clair <eos>,13,clair,claire,11,M,P,clair,-5.8715,claire,-9.534488,1
10902,S_NOUN_8_ADJ_a,M,S,le jouet avec les sacs qui était là depuis hier est aussi très intéressant <eos>,13,intéressant,intéressante,11,M,P,intéressant,-5.6800423,intéressante,-10.235905,1
10903,S_NOUN_8_ADJ_a,M,S,le jouet avec les sacs qui était là depuis hier est aussi très brillant <eos>,13,brillant,brillante,11,M,P,brillant,-7.934928,brillante,-11.840453,1
10904,S_NOUN_8_ADJ_a,M,S,le jouet avec les sacs qui était là depuis hier est aussi très compliqué <eos>,13,compliqué,compliquée,11,M,P,compliqué,-5.221901,compliquée,-8.649823,1
10905,S_NOUN_8_ADJ_a,M,S,le jouet avec les claviers qui était là depuis hier est aussi très vert <eos>,13,vert,verte,11,M,P,vert,-11.956171,verte,-15.414515,1
10906,S_NOUN_8_ADJ_a,M,S,le jouet avec les claviers qui était là depuis hier est aussi très bleu <eos>,13,bleu,bleue,11,M,P,bleu,-12.0699,bleue,-17.643229,1
10907,S_NOUN_8_ADJ_a,M,S,le jouet avec les claviers qui était là depuis hier est aussi très noir <eos>,13,noir,noire,11,M,P,noir,-10.348602,noire,-14.523794,1
10908,S_NOUN_8_ADJ_a,M,S,le jouet avec les claviers qui était là depuis hier est aussi très délicat <eos>,13,délicat,délicate,11,M,P,délicat,-6.7171392,délicate,-9.557867,1
10909,S_NOUN_8_ADJ_a,M,S,le jouet avec les claviers qui était là depuis hier est aussi très pointu <eos>,13,pointu,pointue,11,M,P,pointu,-8.4714985,pointue,-14.027129,1
10910,S_NOUN_8_ADJ_a,M,S,le jouet avec les claviers qui était là depuis hier est aussi très rond <eos>,13,rond,ronde,11,M,P,rond,-11.092073,ronde,-14.93059,1
10911,S_NOUN_8_ADJ_a,M,S,le jouet avec les claviers qui était là depuis hier est aussi très froid <eos>,13,froid,froide,11,M,P,froid,-7.350904,froide,-12.982483,1
10912,S_NOUN_8_ADJ_a,M,S,le jouet avec les claviers qui était là depuis hier est aussi très chaud <eos>,13,chaud,chaude,11,M,P,chaud,-7.2580976,chaude,-11.049176,1
10913,S_NOUN_8_ADJ_a,M,S,le jouet avec les claviers qui était là depuis hier est aussi très important <eos>,13,important,importante,11,M,P,important,-4.4175053,importante,-8.520614,1
10914,S_NOUN_8_ADJ_a,M,S,le jouet avec les claviers qui était là depuis hier est aussi très court <eos>,13,court,courte,11,M,P,court,-5.5172157,courte,-9.609216,1
10915,S_NOUN_8_ADJ_a,M,S,le jouet avec les claviers qui était là depuis hier est aussi très dur <eos>,13,dur,dure,11,M,P,dur,-4.7690544,dure,-7.4754257,1
10916,S_NOUN_8_ADJ_a,M,S,le jouet avec les claviers qui était là depuis hier est aussi très clair <eos>,13,clair,claire,11,M,P,clair,-5.864122,claire,-9.29623,1
10917,S_NOUN_8_ADJ_a,M,S,le jouet avec les claviers qui était là depuis hier est aussi très intéressant <eos>,13,intéressant,intéressante,11,M,P,intéressant,-5.6763945,intéressante,-9.896694,1
10918,S_NOUN_8_ADJ_a,M,S,le jouet avec les claviers qui était là depuis hier est aussi très brillant <eos>,13,brillant,brillante,11,M,P,brillant,-7.5165205,brillante,-11.080354,1
10919,S_NOUN_8_ADJ_a,M,S,le jouet avec les claviers qui était là depuis hier est aussi très compliqué <eos>,13,compliqué,compliquée,11,M,P,compliqué,-5.1485367,compliquée,-8.082904,1
10920,S_NOUN_8_ADJ_a,M,S,le jouet avec les raisins qui était là depuis hier est aussi très vert <eos>,13,vert,verte,11,M,P,vert,-10.496376,verte,-15.000776,1
10921,S_NOUN_8_ADJ_a,M,S,le jouet avec les raisins qui était là depuis hier est aussi très bleu <eos>,13,bleu,bleue,11,M,P,bleu,-11.337662,bleue,-17.599228,1
10922,S_NOUN_8_ADJ_a,M,S,le jouet avec les raisins qui était là depuis hier est aussi très noir <eos>,13,noir,noire,11,M,P,noir,-10.021528,noire,-14.464661,1
10923,S_NOUN_8_ADJ_a,M,S,le jouet avec les raisins qui était là depuis hier est aussi très délicat <eos>,13,délicat,délicate,11,M,P,délicat,-6.168349,délicate,-9.0108185,1
10924,S_NOUN_8_ADJ_a,M,S,le jouet avec les raisins qui était là depuis hier est aussi très pointu <eos>,13,pointu,pointue,11,M,P,pointu,-8.42037,pointue,-13.863004,1
10925,S_NOUN_8_ADJ_a,M,S,le jouet avec les raisins qui était là depuis hier est aussi très rond <eos>,13,rond,ronde,11,M,P,rond,-10.896496,ronde,-14.167646,1
10926,S_NOUN_8_ADJ_a,M,S,le jouet avec les raisins qui était là depuis hier est aussi très froid <eos>,13,froid,froide,11,M,P,froid,-5.663276,froide,-11.9974,1
10927,S_NOUN_8_ADJ_a,M,S,le jouet avec les raisins qui était là depuis hier est aussi très chaud <eos>,13,chaud,chaude,11,M,P,chaud,-5.8260345,chaude,-10.910082,1
10928,S_NOUN_8_ADJ_a,M,S,le jouet avec les raisins qui était là depuis hier est aussi très important <eos>,13,important,importante,11,M,P,important,-4.23787,importante,-8.21982,1
10929,S_NOUN_8_ADJ_a,M,S,le jouet avec les raisins qui était là depuis hier est aussi très court <eos>,13,court,courte,11,M,P,court,-4.8975,courte,-10.116786,1
10930,S_NOUN_8_ADJ_a,M,S,le jouet avec les raisins qui était là depuis hier est aussi très dur <eos>,13,dur,dure,11,M,P,dur,-4.3560343,dure,-7.280491,1
10931,S_NOUN_8_ADJ_a,M,S,le jouet avec les raisins qui était là depuis hier est aussi très clair <eos>,13,clair,claire,11,M,P,clair,-5.376884,claire,-9.261057,1
10932,S_NOUN_8_ADJ_a,M,S,le jouet avec les raisins qui était là depuis hier est aussi très intéressant <eos>,13,intéressant,intéressante,11,M,P,intéressant,-5.7053022,intéressante,-10.417358,1
10933,S_NOUN_8_ADJ_a,M,S,le jouet avec les raisins qui était là depuis hier est aussi très brillant <eos>,13,brillant,brillante,11,M,P,brillant,-7.5210505,brillante,-11.316302,1
10934,S_NOUN_8_ADJ_a,M,S,le jouet avec les raisins qui était là depuis hier est aussi très compliqué <eos>,13,compliqué,compliquée,11,M,P,compliqué,-5.624529,compliquée,-9.094726,1
10935,S_NOUN_8_ADJ_a,M,S,le jouet avec les chargeurs qui était là depuis hier est aussi très vert <eos>,13,vert,verte,11,M,P,vert,-11.797805,verte,-15.736183,1
10936,S_NOUN_8_ADJ_a,M,S,le jouet avec les chargeurs qui était là depuis hier est aussi très bleu <eos>,13,bleu,bleue,11,M,P,bleu,-12.090055,bleue,-18.604633,1
10937,S_NOUN_8_ADJ_a,M,S,le jouet avec les chargeurs qui était là depuis hier est aussi très noir <eos>,13,noir,noire,11,M,P,noir,-10.216552,noire,-15.330191,1
10938,S_NOUN_8_ADJ_a,M,S,le jouet avec les chargeurs qui était là depuis hier est aussi très délicat <eos>,13,délicat,délicate,11,M,P,délicat,-7.310813,délicate,-9.464829,1
10939,S_NOUN_8_ADJ_a,M,S,le jouet avec les chargeurs qui était là depuis hier est aussi très pointu <eos>,13,pointu,pointue,11,M,P,pointu,-8.494021,pointue,-13.471488,1
10940,S_NOUN_8_ADJ_a,M,S,le jouet avec les chargeurs qui était là depuis hier est aussi très rond <eos>,13,rond,ronde,11,M,P,rond,-10.56846,ronde,-14.878305,1
10941,S_NOUN_8_ADJ_a,M,S,le jouet avec les chargeurs qui était là depuis hier est aussi très froid <eos>,13,froid,froide,11,M,P,froid,-7.2833014,froide,-12.442613,1
10942,S_NOUN_8_ADJ_a,M,S,le jouet avec les chargeurs qui était là depuis hier est aussi très chaud <eos>,13,chaud,chaude,11,M,P,chaud,-7.321023,chaude,-11.388694,1
10943,S_NOUN_8_ADJ_a,M,S,le jouet avec les chargeurs qui était là depuis hier est aussi très important <eos>,13,important,importante,11,M,P,important,-3.7751195,importante,-7.947708,1
10944,S_NOUN_8_ADJ_a,M,S,le jouet avec les chargeurs qui était là depuis hier est aussi très court <eos>,13,court,courte,11,M,P,court,-4.999818,courte,-9.052858,1
10945,S_NOUN_8_ADJ_a,M,S,le jouet avec les chargeurs qui était là depuis hier est aussi très dur <eos>,13,dur,dure,11,M,P,dur,-5.5479355,dure,-8.547525,1
10946,S_NOUN_8_ADJ_a,M,S,le jouet avec les chargeurs qui était là depuis hier est aussi très clair <eos>,13,clair,claire,11,M,P,clair,-6.8812294,claire,-10.600165,1
10947,S_NOUN_8_ADJ_a,M,S,le jouet avec les chargeurs qui était là depuis hier est aussi très intéressant <eos>,13,intéressant,intéressante,11,M,P,intéressant,-5.7590737,intéressante,-9.883059,1
10948,S_NOUN_8_ADJ_a,M,S,le jouet avec les chargeurs qui était là depuis hier est aussi très brillant <eos>,13,brillant,brillante,11,M,P,brillant,-8.385234,brillante,-12.405736,1
10949,S_NOUN_8_ADJ_a,M,S,le jouet avec les chargeurs qui était là depuis hier est aussi très compliqué <eos>,13,compliqué,compliquée,11,M,P,compliqué,-4.91383,compliquée,-8.449795,1
10950,S_NOUN_8_ADJ_a,M,S,le jouet avec les vases qui était là depuis hier est aussi très vert <eos>,13,vert,verte,11,M,P,vert,-11.287991,verte,-14.614162,1
10951,S_NOUN_8_ADJ_a,M,S,le jouet avec les vases qui était là depuis hier est aussi très bleu <eos>,13,bleu,bleue,11,M,P,bleu,-11.613971,bleue,-17.047832,1
10952,S_NOUN_8_ADJ_a,M,S,le jouet avec les vases qui était là depuis hier est aussi très noir <eos>,13,noir,noire,11,M,P,noir,-10.537521,noire,-13.87075,1
10953,S_NOUN_8_ADJ_a,M,S,le jouet avec les vases qui était là depuis hier est aussi très délicat <eos>,13,délicat,délicate,11,M,P,délicat,-6.7203674,délicate,-9.423188,1
10954,S_NOUN_8_ADJ_a,M,S,le jouet avec les vases qui était là depuis hier est aussi très pointu <eos>,13,pointu,pointue,11,M,P,pointu,-8.207137,pointue,-13.48769,1
10955,S_NOUN_8_ADJ_a,M,S,le jouet avec les vases qui était là depuis hier est aussi très rond <eos>,13,rond,ronde,11,M,P,rond,-10.521692,ronde,-14.010107,1
10956,S_NOUN_8_ADJ_a,M,S,le jouet avec les vases qui était là depuis hier est aussi très froid <eos>,13,froid,froide,11,M,P,froid,-7.472631,froide,-12.417402,1
10957,S_NOUN_8_ADJ_a,M,S,le jouet avec les vases qui était là depuis hier est aussi très chaud <eos>,13,chaud,chaude,11,M,P,chaud,-6.8443565,chaude,-11.1507,1
10958,S_NOUN_8_ADJ_a,M,S,le jouet avec les vases qui était là depuis hier est aussi très important <eos>,13,important,importante,11,M,P,important,-4.572177,importante,-8.509474,1
10959,S_NOUN_8_ADJ_a,M,S,le jouet avec les vases qui était là depuis hier est aussi très court <eos>,13,court,courte,11,M,P,court,-4.971919,courte,-9.497934,1
10960,S_NOUN_8_ADJ_a,M,S,le jouet avec les vases qui était là depuis hier est aussi très dur <eos>,13,dur,dure,11,M,P,dur,-5.2284193,dure,-7.701416,1
10961,S_NOUN_8_ADJ_a,M,S,le jouet avec les vases qui était là depuis hier est aussi très clair <eos>,13,clair,claire,11,M,P,clair,-5.610574,claire,-9.109531,1
10962,S_NOUN_8_ADJ_a,M,S,le jouet avec les vases qui était là depuis hier est aussi très intéressant <eos>,13,intéressant,intéressante,11,M,P,intéressant,-5.8150682,intéressante,-10.296141,1
10963,S_NOUN_8_ADJ_a,M,S,le jouet avec les vases qui était là depuis hier est aussi très brillant <eos>,13,brillant,brillante,11,M,P,brillant,-7.6340995,brillante,-11.029034,1
10964,S_NOUN_8_ADJ_a,M,S,le jouet avec les vases qui était là depuis hier est aussi très compliqué <eos>,13,compliqué,compliquée,11,M,P,compliqué,-5.5934896,compliquée,-8.920819,1
10965,S_NOUN_8_ADJ_a,M,S,le jouet avec les paniers qui était là depuis hier est aussi très vert <eos>,13,vert,verte,11,M,P,vert,-11.210031,verte,-14.754074,1
10966,S_NOUN_8_ADJ_a,M,S,le jouet avec les paniers qui était là depuis hier est aussi très bleu <eos>,13,bleu,bleue,11,M,P,bleu,-11.394275,bleue,-17.213463,1
10967,S_NOUN_8_ADJ_a,M,S,le jouet avec les paniers qui était là depuis hier est aussi très noir <eos>,13,noir,noire,11,M,P,noir,-9.899021,noire,-13.792951,1
10968,S_NOUN_8_ADJ_a,M,S,le jouet avec les paniers qui était là depuis hier est aussi très délicat <eos>,13,délicat,délicate,11,M,P,délicat,-6.8597026,délicate,-9.681831,1
10969,S_NOUN_8_ADJ_a,M,S,le jouet avec les paniers qui était là depuis hier est aussi très pointu <eos>,13,pointu,pointue,11,M,P,pointu,-7.7125063,pointue,-13.352159,1
10970,S_NOUN_8_ADJ_a,M,S,le jouet avec les paniers qui était là depuis hier est aussi très rond <eos>,13,rond,ronde,11,M,P,rond,-10.41173,ronde,-14.162956,1
10971,S_NOUN_8_ADJ_a,M,S,le jouet avec les paniers qui était là depuis hier est aussi très froid <eos>,13,froid,froide,11,M,P,froid,-7.2770205,froide,-12.49599,1
10972,S_NOUN_8_ADJ_a,M,S,le jouet avec les paniers qui était là depuis hier est aussi très chaud <eos>,13,chaud,chaude,11,M,P,chaud,-6.786398,chaude,-11.383993,1
10973,S_NOUN_8_ADJ_a,M,S,le jouet avec les paniers qui était là depuis hier est aussi très important <eos>,13,important,importante,11,M,P,important,-4.691858,importante,-8.8273735,1
10974,S_NOUN_8_ADJ_a,M,S,le jouet avec les paniers qui était là depuis hier est aussi très court <eos>,13,court,courte,11,M,P,court,-4.7384114,courte,-9.17823,1
10975,S_NOUN_8_ADJ_a,M,S,le jouet avec les paniers qui était là depuis hier est aussi très dur <eos>,13,dur,dure,11,M,P,dur,-5.2574787,dure,-7.6370583,1
10976,S_NOUN_8_ADJ_a,M,S,le jouet avec les paniers qui était là depuis hier est aussi très clair <eos>,13,clair,claire,11,M,P,clair,-5.6801376,claire,-9.315012,1
10977,S_NOUN_8_ADJ_a,M,S,le jouet avec les paniers qui était là depuis hier est aussi très intéressant <eos>,13,intéressant,intéressante,11,M,P,intéressant,-5.8568287,intéressante,-10.294239,1
10978,S_NOUN_8_ADJ_a,M,S,le jouet avec les paniers qui était là depuis hier est aussi très brillant <eos>,13,brillant,brillante,11,M,P,brillant,-7.9696875,brillante,-11.681215,1
10979,S_NOUN_8_ADJ_a,M,S,le jouet avec les paniers qui était là depuis hier est aussi très compliqué <eos>,13,compliqué,compliquée,11,M,P,compliqué,-5.070958,compliquée,-8.391004,1
10980,S_NOUN_8_ADJ_a,M,S,le jouet avec les colliers qui était là depuis hier est aussi très vert <eos>,13,vert,verte,11,M,P,vert,-11.183332,verte,-14.776619,1
10981,S_NOUN_8_ADJ_a,M,S,le jouet avec les colliers qui était là depuis hier est aussi très bleu <eos>,13,bleu,bleue,11,M,P,bleu,-11.4841385,bleue,-17.125793,1
10982,S_NOUN_8_ADJ_a,M,S,le jouet avec les colliers qui était là depuis hier est aussi très noir <eos>,13,noir,noire,11,M,P,noir,-10.264526,noire,-13.978352,1
10983,S_NOUN_8_ADJ_a,M,S,le jouet avec les colliers qui était là depuis hier est aussi très délicat <eos>,13,délicat,délicate,11,M,P,délicat,-6.6303525,délicate,-9.353029,1
10984,S_NOUN_8_ADJ_a,M,S,le jouet avec les colliers qui était là depuis hier est aussi très pointu <eos>,13,pointu,pointue,11,M,P,pointu,-8.14914,pointue,-13.201828,1
10985,S_NOUN_8_ADJ_a,M,S,le jouet avec les colliers qui était là depuis hier est aussi très rond <eos>,13,rond,ronde,11,M,P,rond,-10.663692,ronde,-14.250231,1
10986,S_NOUN_8_ADJ_a,M,S,le jouet avec les colliers qui était là depuis hier est aussi très froid <eos>,13,froid,froide,11,M,P,froid,-7.780876,froide,-12.443712,1
10987,S_NOUN_8_ADJ_a,M,S,le jouet avec les colliers qui était là depuis hier est aussi très chaud <eos>,13,chaud,chaude,11,M,P,chaud,-7.33449,chaude,-11.357957,1
10988,S_NOUN_8_ADJ_a,M,S,le jouet avec les colliers qui était là depuis hier est aussi très important <eos>,13,important,importante,11,M,P,important,-4.617628,importante,-8.524949,1
10989,S_NOUN_8_ADJ_a,M,S,le jouet avec les colliers qui était là depuis hier est aussi très court <eos>,13,court,courte,11,M,P,court,-4.8224545,courte,-9.06321,1
10990,S_NOUN_8_ADJ_a,M,S,le jouet avec les colliers qui était là depuis hier est aussi très dur <eos>,13,dur,dure,11,M,P,dur,-5.2732306,dure,-7.7201014,1
10991,S_NOUN_8_ADJ_a,M,S,le jouet avec les colliers qui était là depuis hier est aussi très clair <eos>,13,clair,claire,11,M,P,clair,-5.6752577,claire,-9.42863,1
10992,S_NOUN_8_ADJ_a,M,S,le jouet avec les colliers qui était là depuis hier est aussi très intéressant <eos>,13,intéressant,intéressante,11,M,P,intéressant,-5.880113,intéressante,-10.209977,1
10993,S_NOUN_8_ADJ_a,M,S,le jouet avec les colliers qui était là depuis hier est aussi très brillant <eos>,13,brillant,brillante,11,M,P,brillant,-7.6899433,brillante,-11.176251,1
10994,S_NOUN_8_ADJ_a,M,S,le jouet avec les colliers qui était là depuis hier est aussi très compliqué <eos>,13,compliqué,compliquée,11,M,P,compliqué,-5.0525293,compliquée,-8.5305605,1
10995,S_NOUN_8_ADJ_a,M,S,le jouet avec les chapeaux qui était là depuis hier est aussi très vert <eos>,13,vert,verte,11,M,P,vert,-11.111377,verte,-14.618517,1
10996,S_NOUN_8_ADJ_a,M,S,le jouet avec les chapeaux qui était là depuis hier est aussi très bleu <eos>,13,bleu,bleue,11,M,P,bleu,-11.109692,bleue,-16.97779,1
10997,S_NOUN_8_ADJ_a,M,S,le jouet avec les chapeaux qui était là depuis hier est aussi très noir <eos>,13,noir,noire,11,M,P,noir,-9.545908,noire,-13.84614,1
10998,S_NOUN_8_ADJ_a,M,S,le jouet avec les chapeaux qui était là depuis hier est aussi très délicat <eos>,13,délicat,délicate,11,M,P,délicat,-7.1449213,délicate,-10.206711,1
10999,S_NOUN_8_ADJ_a,M,S,le jouet avec les chapeaux qui était là depuis hier est aussi très pointu <eos>,13,pointu,pointue,11,M,P,pointu,-7.995182,pointue,-13.962613,1
11000,S_NOUN_8_ADJ_a,M,S,le jouet avec les chapeaux qui était là depuis hier est aussi très rond <eos>,13,rond,ronde,11,M,P,rond,-10.475533,ronde,-14.561113,1
11001,S_NOUN_8_ADJ_a,M,S,le jouet avec les chapeaux qui était là depuis hier est aussi très froid <eos>,13,froid,froide,11,M,P,froid,-7.3095646,froide,-12.628463,1
11002,S_NOUN_8_ADJ_a,M,S,le jouet avec les chapeaux qui était là depuis hier est aussi très chaud <eos>,13,chaud,chaude,11,M,P,chaud,-6.96604,chaude,-11.382061,1
11003,S_NOUN_8_ADJ_a,M,S,le jouet avec les chapeaux qui était là depuis hier est aussi très important <eos>,13,important,importante,11,M,P,important,-4.7076263,importante,-8.8799305,1
11004,S_NOUN_8_ADJ_a,M,S,le jouet avec les chapeaux qui était là depuis hier est aussi très court <eos>,13,court,courte,11,M,P,court,-4.835583,courte,-9.345341,1
11005,S_NOUN_8_ADJ_a,M,S,le jouet avec les chapeaux qui était là depuis hier est aussi très dur <eos>,13,dur,dure,11,M,P,dur,-5.8729715,dure,-8.014155,1
11006,S_NOUN_8_ADJ_a,M,S,le jouet avec les chapeaux qui était là depuis hier est aussi très clair <eos>,13,clair,claire,11,M,P,clair,-5.8270855,claire,-9.440407,1
11007,S_NOUN_8_ADJ_a,M,S,le jouet avec les chapeaux qui était là depuis hier est aussi très intéressant <eos>,13,intéressant,intéressante,11,M,P,intéressant,-5.927119,intéressante,-10.38504,1
11008,S_NOUN_8_ADJ_a,M,S,le jouet avec les chapeaux qui était là depuis hier est aussi très brillant <eos>,13,brillant,brillante,11,M,P,brillant,-8.120229,brillante,-11.750018,1
11009,S_NOUN_8_ADJ_a,M,S,le jouet avec les chapeaux qui était là depuis hier est aussi très compliqué <eos>,13,compliqué,compliquée,11,M,P,compliqué,-5.359603,compliquée,-9.056993,1
11010,S_NOUN_8_ADJ_a,M,S,le jouet avec les pots qui était là depuis hier est aussi très vert <eos>,13,vert,verte,11,M,P,vert,-10.675096,verte,-14.7088995,1
11011,S_NOUN_8_ADJ_a,M,S,le jouet avec les pots qui était là depuis hier est aussi très bleu <eos>,13,bleu,bleue,11,M,P,bleu,-11.441221,bleue,-17.55491,1
11012,S_NOUN_8_ADJ_a,M,S,le jouet avec les pots qui était là depuis hier est aussi très noir <eos>,13,noir,noire,11,M,P,noir,-10.033664,noire,-14.465874,1
11013,S_NOUN_8_ADJ_a,M,S,le jouet avec les pots qui était là depuis hier est aussi très délicat <eos>,13,délicat,délicate,11,M,P,délicat,-6.5063696,délicate,-9.30687,1
11014,S_NOUN_8_ADJ_a,M,S,le jouet avec les pots qui était là depuis hier est aussi très pointu <eos>,13,pointu,pointue,11,M,P,pointu,-8.379452,pointue,-13.705849,1
11015,S_NOUN_8_ADJ_a,M,S,le jouet avec les pots qui était là depuis hier est aussi très rond <eos>,13,rond,ronde,11,M,P,rond,-10.469904,ronde,-13.951224,1
11016,S_NOUN_8_ADJ_a,M,S,le jouet avec les pots qui était là depuis hier est aussi très froid <eos>,13,froid,froide,11,M,P,froid,-6.7136965,froide,-11.86832,1
11017,S_NOUN_8_ADJ_a,M,S,le jouet avec les pots qui était là depuis hier est aussi très chaud <eos>,13,chaud,chaude,11,M,P,chaud,-6.076861,chaude,-10.408741,1
11018,S_NOUN_8_ADJ_a,M,S,le jouet avec les pots qui était là depuis hier est aussi très important <eos>,13,important,importante,11,M,P,important,-4.486108,importante,-8.407114,1
11019,S_NOUN_8_ADJ_a,M,S,le jouet avec les pots qui était là depuis hier est aussi très court <eos>,13,court,courte,11,M,P,court,-5.287154,courte,-9.848363,1
11020,S_NOUN_8_ADJ_a,M,S,le jouet avec les pots qui était là depuis hier est aussi très dur <eos>,13,dur,dure,11,M,P,dur,-4.8368034,dure,-7.6540422,1
11021,S_NOUN_8_ADJ_a,M,S,le jouet avec les pots qui était là depuis hier est aussi très clair <eos>,13,clair,claire,11,M,P,clair,-6.028801,claire,-9.501463,1
11022,S_NOUN_8_ADJ_a,M,S,le jouet avec les pots qui était là depuis hier est aussi très intéressant <eos>,13,intéressant,intéressante,11,M,P,intéressant,-5.6830463,intéressante,-10.041969,1
11023,S_NOUN_8_ADJ_a,M,S,le jouet avec les pots qui était là depuis hier est aussi très brillant <eos>,13,brillant,brillante,11,M,P,brillant,-7.5471296,brillante,-11.371468,1
11024,S_NOUN_8_ADJ_a,M,S,le jouet avec les pots qui était là depuis hier est aussi très compliqué <eos>,13,compliqué,compliquée,11,M,P,compliqué,-5.3558803,compliquée,-8.750086,1
11025,S_NOUN_8_ADJ_a,M,S,le jouet avec les coussins qui était là depuis hier est aussi très vert <eos>,13,vert,verte,11,M,P,vert,-11.239426,verte,-14.967016,1
11026,S_NOUN_8_ADJ_a,M,S,le jouet avec les coussins qui était là depuis hier est aussi très bleu <eos>,13,bleu,bleue,11,M,P,bleu,-11.466302,bleue,-17.387808,1
11027,S_NOUN_8_ADJ_a,M,S,le jouet avec les coussins qui était là depuis hier est aussi très noir <eos>,13,noir,noire,11,M,P,noir,-9.99248,noire,-14.284633,1
11028,S_NOUN_8_ADJ_a,M,S,le jouet avec les coussins qui était là depuis hier est aussi très délicat <eos>,13,délicat,délicate,11,M,P,délicat,-7.032241,délicate,-9.762819,1
11029,S_NOUN_8_ADJ_a,M,S,le jouet avec les coussins qui était là depuis hier est aussi très pointu <eos>,13,pointu,pointue,11,M,P,pointu,-8.130211,pointue,-13.599014,1
11030,S_NOUN_8_ADJ_a,M,S,le jouet avec les coussins qui était là depuis hier est aussi très rond <eos>,13,rond,ronde,11,M,P,rond,-10.591937,ronde,-14.491007,1
11031,S_NOUN_8_ADJ_a,M,S,le jouet avec les coussins qui était là depuis hier est aussi très froid <eos>,13,froid,froide,11,M,P,froid,-7.2157874,froide,-12.309479,1
11032,S_NOUN_8_ADJ_a,M,S,le jouet avec les coussins qui était là depuis hier est aussi très chaud <eos>,13,chaud,chaude,11,M,P,chaud,-6.835778,chaude,-10.926311,1
11033,S_NOUN_8_ADJ_a,M,S,le jouet avec les coussins qui était là depuis hier est aussi très important <eos>,13,important,importante,11,M,P,important,-4.685309,importante,-8.761213,1
11034,S_NOUN_8_ADJ_a,M,S,le jouet avec les coussins qui était là depuis hier est aussi très court <eos>,13,court,courte,11,M,P,court,-4.9248276,courte,-9.4426775,1
11035,S_NOUN_8_ADJ_a,M,S,le jouet avec les coussins qui était là depuis hier est aussi très dur <eos>,13,dur,dure,11,M,P,dur,-5.6144648,dure,-7.6785383,1
11036,S_NOUN_8_ADJ_a,M,S,le jouet avec les coussins qui était là depuis hier est aussi très clair <eos>,13,clair,claire,11,M,P,clair,-6.071672,claire,-9.497295,1
11037,S_NOUN_8_ADJ_a,M,S,le jouet avec les coussins qui était là depuis hier est aussi très intéressant <eos>,13,intéressant,intéressante,11,M,P,intéressant,-5.891726,intéressante,-10.19105,1
11038,S_NOUN_8_ADJ_a,M,S,le jouet avec les coussins qui était là depuis hier est aussi très brillant <eos>,13,brillant,brillante,11,M,P,brillant,-7.946598,brillante,-11.884507,1
11039,S_NOUN_8_ADJ_a,M,S,le jouet avec les coussins qui était là depuis hier est aussi très compliqué <eos>,13,compliqué,compliquée,11,M,P,compliqué,-4.962463,compliquée,-8.335356,1
11040,S_NOUN_8_ADJ_a,M,S,le jouet avec les jouets qui était là depuis hier est aussi très vert <eos>,13,vert,verte,11,M,P,vert,-11.293133,verte,-14.81345,1
11041,S_NOUN_8_ADJ_a,M,S,le jouet avec les jouets qui était là depuis hier est aussi très bleu <eos>,13,bleu,bleue,11,M,P,bleu,-11.548027,bleue,-17.42074,1
11042,S_NOUN_8_ADJ_a,M,S,le jouet avec les jouets qui était là depuis hier est aussi très noir <eos>,13,noir,noire,11,M,P,noir,-9.826916,noire,-14.489677,1
11043,S_NOUN_8_ADJ_a,M,S,le jouet avec les jouets qui était là depuis hier est aussi très délicat <eos>,13,délicat,délicate,11,M,P,délicat,-7.353363,délicate,-10.087253,1
11044,S_NOUN_8_ADJ_a,M,S,le jouet avec les jouets qui était là depuis hier est aussi très pointu <eos>,13,pointu,pointue,11,M,P,pointu,-8.226145,pointue,-14.307062,1
11045,S_NOUN_8_ADJ_a,M,S,le jouet avec les jouets qui était là depuis hier est aussi très rond <eos>,13,rond,ronde,11,M,P,rond,-10.978697,ronde,-15.502995,1
11046,S_NOUN_8_ADJ_a,M,S,le jouet avec les jouets qui était là depuis hier est aussi très froid <eos>,13,froid,froide,11,M,P,froid,-7.045507,froide,-12.736967,1
11047,S_NOUN_8_ADJ_a,M,S,le jouet avec les jouets qui était là depuis hier est aussi très chaud <eos>,13,chaud,chaude,11,M,P,chaud,-7.1107106,chaude,-11.5660305,1
11048,S_NOUN_8_ADJ_a,M,S,le jouet avec les jouets qui était là depuis hier est aussi très important <eos>,13,important,importante,11,M,P,important,-4.4566135,importante,-8.540203,1
11049,S_NOUN_8_ADJ_a,M,S,le jouet avec les jouets qui était là depuis hier est aussi très court <eos>,13,court,courte,11,M,P,court,-5.011904,courte,-9.875095,1
11050,S_NOUN_8_ADJ_a,M,S,le jouet avec les jouets qui était là depuis hier est aussi très dur <eos>,13,dur,dure,11,M,P,dur,-5.835421,dure,-7.9824405,1
11051,S_NOUN_8_ADJ_a,M,S,le jouet avec les jouets qui était là depuis hier est aussi très clair <eos>,13,clair,claire,11,M,P,clair,-6.097193,claire,-9.315572,1
11052,S_NOUN_8_ADJ_a,M,S,le jouet avec les jouets qui était là depuis hier est aussi très intéressant <eos>,13,intéressant,intéressante,11,M,P,intéressant,-5.6753016,intéressante,-10.14748,1
11053,S_NOUN_8_ADJ_a,M,S,le jouet avec les jouets qui était là depuis hier est aussi très brillant <eos>,13,brillant,brillante,11,M,P,brillant,-8.048221,brillante,-11.666904,1
11054,S_NOUN_8_ADJ_a,M,S,le jouet avec les jouets qui était là depuis hier est aussi très compliqué <eos>,13,compliqué,compliquée,11,M,P,compliqué,-5.396234,compliquée,-8.7115,1
11055,S_NOUN_8_ADJ_a,M,S,le jouet avec les clous qui était là depuis hier est aussi très vert <eos>,13,vert,verte,11,M,P,vert,-11.043641,verte,-14.991272,1
11056,S_NOUN_8_ADJ_a,M,S,le jouet avec les clous qui était là depuis hier est aussi très bleu <eos>,13,bleu,bleue,11,M,P,bleu,-11.488937,bleue,-17.40437,1
11057,S_NOUN_8_ADJ_a,M,S,le jouet avec les clous qui était là depuis hier est aussi très noir <eos>,13,noir,noire,11,M,P,noir,-9.947402,noire,-14.015429,1
11058,S_NOUN_8_ADJ_a,M,S,le jouet avec les clous qui était là depuis hier est aussi très délicat <eos>,13,délicat,délicate,11,M,P,délicat,-6.534992,délicate,-9.182385,1
11059,S_NOUN_8_ADJ_a,M,S,le jouet avec les clous qui était là depuis hier est aussi très pointu <eos>,13,pointu,pointue,11,M,P,pointu,-7.857607,pointue,-13.412015,1
11060,S_NOUN_8_ADJ_a,M,S,le jouet avec les clous qui était là depuis hier est aussi très rond <eos>,13,rond,ronde,11,M,P,rond,-10.50453,ronde,-14.212542,1
11061,S_NOUN_8_ADJ_a,M,S,le jouet avec les clous qui était là depuis hier est aussi très froid <eos>,13,froid,froide,11,M,P,froid,-6.8416796,froide,-12.050891,1
11062,S_NOUN_8_ADJ_a,M,S,le jouet avec les clous qui était là depuis hier est aussi très chaud <eos>,13,chaud,chaude,11,M,P,chaud,-6.4892735,chaude,-11.024662,1
11063,S_NOUN_8_ADJ_a,M,S,le jouet avec les clous qui était là depuis hier est aussi très important <eos>,13,important,importante,11,M,P,important,-4.500931,importante,-8.600987,1
11064,S_NOUN_8_ADJ_a,M,S,le jouet avec les clous qui était là depuis hier est aussi très court <eos>,13,court,courte,11,M,P,court,-4.9071503,courte,-9.420538,1
11065,S_NOUN_8_ADJ_a,M,S,le jouet avec les clous qui était là depuis hier est aussi très dur <eos>,13,dur,dure,11,M,P,dur,-4.9674563,dure,-7.5304656,1
11066,S_NOUN_8_ADJ_a,M,S,le jouet avec les clous qui était là depuis hier est aussi très clair <eos>,13,clair,claire,11,M,P,clair,-5.738106,claire,-9.309911,1
11067,S_NOUN_8_ADJ_a,M,S,le jouet avec les clous qui était là depuis hier est aussi très intéressant <eos>,13,intéressant,intéressante,11,M,P,intéressant,-5.7523565,intéressante,-10.353749,1
11068,S_NOUN_8_ADJ_a,M,S,le jouet avec les clous qui était là depuis hier est aussi très brillant <eos>,13,brillant,brillante,11,M,P,brillant,-7.900419,brillante,-11.7312565,1
11069,S_NOUN_8_ADJ_a,M,S,le jouet avec les clous qui était là depuis hier est aussi très compliqué <eos>,13,compliqué,compliquée,11,M,P,compliqué,-5.2050066,compliquée,-8.526162,1
11070,S_NOUN_8_ADJ_a,M,S,le jouet avec les billets qui était là depuis hier est aussi très vert <eos>,13,vert,verte,11,M,P,vert,-11.32603,verte,-15.382188,1
11071,S_NOUN_8_ADJ_a,M,S,le jouet avec les billets qui était là depuis hier est aussi très bleu <eos>,13,bleu,bleue,11,M,P,bleu,-11.471154,bleue,-18.391071,1
11072,S_NOUN_8_ADJ_a,M,S,le jouet avec les billets qui était là depuis hier est aussi très noir <eos>,13,noir,noire,11,M,P,noir,-10.040933,noire,-15.257243,1
11073,S_NOUN_8_ADJ_a,M,S,le jouet avec les billets qui était là depuis hier est aussi très délicat <eos>,13,délicat,délicate,11,M,P,délicat,-7.2122,délicate,-9.985986,1
11074,S_NOUN_8_ADJ_a,M,S,le jouet avec les billets qui était là depuis hier est aussi très pointu <eos>,13,pointu,pointue,11,M,P,pointu,-9.229727,pointue,-14.495299,1
11075,S_NOUN_8_ADJ_a,M,S,le jouet avec les billets qui était là depuis hier est aussi très rond <eos>,13,rond,ronde,11,M,P,rond,-11.326377,ronde,-15.78259,1
11076,S_NOUN_8_ADJ_a,M,S,le jouet avec les billets qui était là depuis hier est aussi très froid <eos>,13,froid,froide,11,M,P,froid,-8.070307,froide,-13.626618,1
11077,S_NOUN_8_ADJ_a,M,S,le jouet avec les billets qui était là depuis hier est aussi très chaud <eos>,13,chaud,chaude,11,M,P,chaud,-7.661279,chaude,-11.779886,1
11078,S_NOUN_8_ADJ_a,M,S,le jouet avec les billets qui était là depuis hier est aussi très important <eos>,13,important,importante,11,M,P,important,-3.9446867,importante,-8.152675,1
11079,S_NOUN_8_ADJ_a,M,S,le jouet avec les billets qui était là depuis hier est aussi très court <eos>,13,court,courte,11,M,P,court,-4.792843,courte,-9.284967,1
11080,S_NOUN_8_ADJ_a,M,S,le jouet avec les billets qui était là depuis hier est aussi très dur <eos>,13,dur,dure,11,M,P,dur,-6.1191,dure,-9.032764,1
11081,S_NOUN_8_ADJ_a,M,S,le jouet avec les billets qui était là depuis hier est aussi très clair <eos>,13,clair,claire,11,M,P,clair,-6.410099,claire,-10.022949,1
11082,S_NOUN_8_ADJ_a,M,S,le jouet avec les billets qui était là depuis hier est aussi très intéressant <eos>,13,intéressant,intéressante,11,M,P,intéressant,-5.789265,intéressante,-9.64796,1
11083,S_NOUN_8_ADJ_a,M,S,le jouet avec les billets qui était là depuis hier est aussi très brillant <eos>,13,brillant,brillante,11,M,P,brillant,-8.364251,brillante,-12.278116,1
11084,S_NOUN_8_ADJ_a,M,S,le jouet avec les billets qui était là depuis hier est aussi très compliqué <eos>,13,compliqué,compliquée,11,M,P,compliqué,-5.3216295,compliquée,-9.197557,1
11085,S_NOUN_8_ADJ_a,M,S,le jouet avec les légumes qui était là depuis hier est aussi très vert <eos>,13,vert,verte,11,M,P,vert,-10.808839,verte,-14.849977,1
11086,S_NOUN_8_ADJ_a,M,S,le jouet avec les légumes qui était là depuis hier est aussi très bleu <eos>,13,bleu,bleue,11,M,P,bleu,-11.518346,bleue,-17.323837,1
11087,S_NOUN_8_ADJ_a,M,S,le jouet avec les légumes qui était là depuis hier est aussi très noir <eos>,13,noir,noire,11,M,P,noir,-10.007876,noire,-14.486514,1
11088,S_NOUN_8_ADJ_a,M,S,le jouet avec les légumes qui était là depuis hier est aussi très délicat <eos>,13,délicat,délicate,11,M,P,délicat,-6.4799633,délicate,-9.19284,1
11089,S_NOUN_8_ADJ_a,M,S,le jouet avec les légumes qui était là depuis hier est aussi très pointu <eos>,13,pointu,pointue,11,M,P,pointu,-8.170219,pointue,-14.067313,1
11090,S_NOUN_8_ADJ_a,M,S,le jouet avec les légumes qui était là depuis hier est aussi très rond <eos>,13,rond,ronde,11,M,P,rond,-10.645824,ronde,-14.450441,1
11091,S_NOUN_8_ADJ_a,M,S,le jouet avec les légumes qui était là depuis hier est aussi très froid <eos>,13,froid,froide,11,M,P,froid,-5.859535,froide,-11.665068,1
11092,S_NOUN_8_ADJ_a,M,S,le jouet avec les légumes qui était là depuis hier est aussi très chaud <eos>,13,chaud,chaude,11,M,P,chaud,-5.9385853,chaude,-10.520267,1
11093,S_NOUN_8_ADJ_a,M,S,le jouet avec les légumes qui était là depuis hier est aussi très important <eos>,13,important,importante,11,M,P,important,-4.312846,importante,-8.283014,1
11094,S_NOUN_8_ADJ_a,M,S,le jouet avec les légumes qui était là depuis hier est aussi très court <eos>,13,court,courte,11,M,P,court,-5.2461133,courte,-9.970142,1
11095,S_NOUN_8_ADJ_a,M,S,le jouet avec les légumes qui était là depuis hier est aussi très dur <eos>,13,dur,dure,11,M,P,dur,-5.064291,dure,-7.278695,1
11096,S_NOUN_8_ADJ_a,M,S,le jouet avec les légumes qui était là depuis hier est aussi très clair <eos>,13,clair,claire,11,M,P,clair,-5.599409,claire,-9.495724,1
11097,S_NOUN_8_ADJ_a,M,S,le jouet avec les légumes qui était là depuis hier est aussi très intéressant <eos>,13,intéressant,intéressante,11,M,P,intéressant,-5.8032284,intéressante,-10.38821,1
11098,S_NOUN_8_ADJ_a,M,S,le jouet avec les légumes qui était là depuis hier est aussi très brillant <eos>,13,brillant,brillante,11,M,P,brillant,-7.8058195,brillante,-11.528227,1
11099,S_NOUN_8_ADJ_a,M,S,le jouet avec les légumes qui était là depuis hier est aussi très compliqué <eos>,13,compliqué,compliquée,11,M,P,compliqué,-5.742188,compliquée,-9.182486,1
11100,S_NOUN_8_ADJ_a,M,S,le clou avec les bracelets qui était là depuis hier est aussi très vert <eos>,13,vert,verte,11,M,P,vert,-8.840459,verte,-11.708524,1
11101,S_NOUN_8_ADJ_a,M,S,le clou avec les bracelets qui était là depuis hier est aussi très bleu <eos>,13,bleu,bleue,11,M,P,bleu,-9.20079,bleue,-14.0075865,1
11102,S_NOUN_8_ADJ_a,M,S,le clou avec les bracelets qui était là depuis hier est aussi très noir <eos>,13,noir,noire,11,M,P,noir,-8.270889,noire,-10.554367,1
11103,S_NOUN_8_ADJ_a,M,S,le clou avec les bracelets qui était là depuis hier est aussi très délicat <eos>,13,délicat,délicate,11,M,P,délicat,-7.323209,délicate,-9.193655,1
11104,S_NOUN_8_ADJ_a,M,S,le clou avec les bracelets qui était là depuis hier est aussi très pointu <eos>,13,pointu,pointue,11,M,P,pointu,-7.6854677,pointue,-11.632101,1
11105,S_NOUN_8_ADJ_a,M,S,le clou avec les bracelets qui était là depuis hier est aussi très rond <eos>,13,rond,ronde,11,M,P,rond,-9.627065,ronde,-11.403723,1
11106,S_NOUN_8_ADJ_a,M,S,le clou avec les bracelets qui était là depuis hier est aussi très froid <eos>,13,froid,froide,11,M,P,froid,-7.8203516,froide,-10.718253,1
11107,S_NOUN_8_ADJ_a,M,S,le clou avec les bracelets qui était là depuis hier est aussi très chaud <eos>,13,chaud,chaude,11,M,P,chaud,-7.179248,chaude,-10.009233,1
11108,S_NOUN_8_ADJ_a,M,S,le clou avec les bracelets qui était là depuis hier est aussi très important <eos>,13,important,importante,11,M,P,important,-5.8982086,importante,-8.782972,1
11109,S_NOUN_8_ADJ_a,M,S,le clou avec les bracelets qui était là depuis hier est aussi très court <eos>,13,court,courte,11,M,P,court,-4.5063457,courte,-7.847559,1
11110,S_NOUN_8_ADJ_a,M,S,le clou avec les bracelets qui était là depuis hier est aussi très dur <eos>,13,dur,dure,11,M,P,dur,-6.0511208,dure,-7.9890013,1
11111,S_NOUN_8_ADJ_a,M,S,le clou avec les bracelets qui était là depuis hier est aussi très clair <eos>,13,clair,claire,11,M,P,clair,-5.544445,claire,-8.535377,1
11112,S_NOUN_8_ADJ_a,M,S,le clou avec les bracelets qui était là depuis hier est aussi très intéressant <eos>,13,intéressant,intéressante,11,M,P,intéressant,-6.577551,intéressante,-9.550112,1
11113,S_NOUN_8_ADJ_a,M,S,le clou avec les bracelets qui était là depuis hier est aussi très brillant <eos>,13,brillant,brillante,11,M,P,brillant,-6.9663486,brillante,-9.39464,1
11114,S_NOUN_8_ADJ_a,M,S,le clou avec les bracelets qui était là depuis hier est aussi très compliqué <eos>,13,compliqué,compliquée,11,M,P,compliqué,-6.300549,compliquée,-9.589184,1
11115,S_NOUN_8_ADJ_a,M,S,le clou avec les miroirs qui était là depuis hier est aussi très vert <eos>,13,vert,verte,11,M,P,vert,-8.898442,verte,-12.000318,1
11116,S_NOUN_8_ADJ_a,M,S,le clou avec les miroirs qui était là depuis hier est aussi très bleu <eos>,13,bleu,bleue,11,M,P,bleu,-9.364546,bleue,-14.5818615,1
11117,S_NOUN_8_ADJ_a,M,S,le clou avec les miroirs qui était là depuis hier est aussi très noir <eos>,13,noir,noire,11,M,P,noir,-8.324455,noire,-11.677722,1
11118,S_NOUN_8_ADJ_a,M,S,le clou avec les miroirs qui était là depuis hier est aussi très délicat <eos>,13,délicat,délicate,11,M,P,délicat,-7.188892,délicate,-9.3515835,1
11119,S_NOUN_8_ADJ_a,M,S,le clou avec les miroirs qui était là depuis hier est aussi très pointu <eos>,13,pointu,pointue,11,M,P,pointu,-8.010365,pointue,-11.8587475,1
11120,S_NOUN_8_ADJ_a,M,S,le clou avec les miroirs qui était là depuis hier est aussi très rond <eos>,13,rond,ronde,11,M,P,rond,-9.504865,ronde,-12.081913,1
11121,S_NOUN_8_ADJ_a,M,S,le clou avec les miroirs qui était là depuis hier est aussi très froid <eos>,13,froid,froide,11,M,P,froid,-7.3228683,froide,-10.37417,1
11122,S_NOUN_8_ADJ_a,M,S,le clou avec les miroirs qui était là depuis hier est aussi très chaud <eos>,13,chaud,chaude,11,M,P,chaud,-6.770829,chaude,-9.260103,1
11123,S_NOUN_8_ADJ_a,M,S,le clou avec les miroirs qui était là depuis hier est aussi très important <eos>,13,important,importante,11,M,P,important,-5.4521513,importante,-8.401508,1
11124,S_NOUN_8_ADJ_a,M,S,le clou avec les miroirs qui était là depuis hier est aussi très court <eos>,13,court,courte,11,M,P,court,-4.577322,courte,-8.066826,1
11125,S_NOUN_8_ADJ_a,M,S,le clou avec les miroirs qui était là depuis hier est aussi très dur <eos>,13,dur,dure,11,M,P,dur,-5.9813075,dure,-8.069363,1
11126,S_NOUN_8_ADJ_a,M,S,le clou avec les miroirs qui était là depuis hier est aussi très clair <eos>,13,clair,claire,11,M,P,clair,-5.6013656,claire,-8.7243,1
11127,S_NOUN_8_ADJ_a,M,S,le clou avec les miroirs qui était là depuis hier est aussi très intéressant <eos>,13,intéressant,intéressante,11,M,P,intéressant,-6.1732006,intéressante,-9.310764,1
11128,S_NOUN_8_ADJ_a,M,S,le clou avec les miroirs qui était là depuis hier est aussi très brillant <eos>,13,brillant,brillante,11,M,P,brillant,-6.454324,brillante,-8.560056,1
11129,S_NOUN_8_ADJ_a,M,S,le clou avec les miroirs qui était là depuis hier est aussi très compliqué <eos>,13,compliqué,compliquée,11,M,P,compliqué,-6.4052196,compliquée,-9.132902,1
11130,S_NOUN_8_ADJ_a,M,S,le clou avec les crayons qui était là depuis hier est aussi très vert <eos>,13,vert,verte,11,M,P,vert,-8.260582,verte,-11.502609,1
11131,S_NOUN_8_ADJ_a,M,S,le clou avec les crayons qui était là depuis hier est aussi très bleu <eos>,13,bleu,bleue,11,M,P,bleu,-8.887725,bleue,-14.280932,1
11132,S_NOUN_8_ADJ_a,M,S,le clou avec les crayons qui était là depuis hier est aussi très noir <eos>,13,noir,noire,11,M,P,noir,-8.056587,noire,-10.931797,1
11133,S_NOUN_8_ADJ_a,M,S,le clou avec les crayons qui était là depuis hier est aussi très délicat <eos>,13,délicat,délicate,11,M,P,délicat,-6.756774,délicate,-9.240741,1
11134,S_NOUN_8_ADJ_a,M,S,le clou avec les crayons qui était là depuis hier est aussi très pointu <eos>,13,pointu,pointue,11,M,P,pointu,-8.275831,pointue,-12.345596,1
11135,S_NOUN_8_ADJ_a,M,S,le clou avec les crayons qui était là depuis hier est aussi très rond <eos>,13,rond,ronde,11,M,P,rond,-9.849371,ronde,-12.363814,1
11136,S_NOUN_8_ADJ_a,M,S,le clou avec les crayons qui était là depuis hier est aussi très froid <eos>,13,froid,froide,11,M,P,froid,-6.8194942,froide,-10.068668,1
11137,S_NOUN_8_ADJ_a,M,S,le clou avec les crayons qui était là depuis hier est aussi très chaud <eos>,13,chaud,chaude,11,M,P,chaud,-6.573308,chaude,-9.36689,1
11138,S_NOUN_8_ADJ_a,M,S,le clou avec les crayons qui était là depuis hier est aussi très important <eos>,13,important,importante,11,M,P,important,-5.4081435,importante,-8.215115,1
11139,S_NOUN_8_ADJ_a,M,S,le clou avec les crayons qui était là depuis hier est aussi très court <eos>,13,court,courte,11,M,P,court,-5.001685,courte,-8.609307,1
11140,S_NOUN_8_ADJ_a,M,S,le clou avec les crayons qui était là depuis hier est aussi très dur <eos>,13,dur,dure,11,M,P,dur,-5.8201137,dure,-7.6529183,1
11141,S_NOUN_8_ADJ_a,M,S,le clou avec les crayons qui était là depuis hier est aussi très clair <eos>,13,clair,claire,11,M,P,clair,-5.0352535,claire,-8.013354,1
11142,S_NOUN_8_ADJ_a,M,S,le clou avec les crayons qui était là depuis hier est aussi très intéressant <eos>,13,intéressant,intéressante,11,M,P,intéressant,-6.29445,intéressante,-9.544879,1
11143,S_NOUN_8_ADJ_a,M,S,le clou avec les crayons qui était là depuis hier est aussi très brillant <eos>,13,brillant,brillante,11,M,P,brillant,-6.4757366,brillante,-8.730018,1
11144,S_NOUN_8_ADJ_a,M,S,le clou avec les crayons qui était là depuis hier est aussi très compliqué <eos>,13,compliqué,compliquée,11,M,P,compliqué,-7.0591707,compliquée,-9.763802,1
11145,S_NOUN_8_ADJ_a,M,S,le clou avec les rideaux qui était là depuis hier est aussi très vert <eos>,13,vert,verte,11,M,P,vert,-8.908255,verte,-11.822715,1
11146,S_NOUN_8_ADJ_a,M,S,le clou avec les rideaux qui était là depuis hier est aussi très bleu <eos>,13,bleu,bleue,11,M,P,bleu,-9.278512,bleue,-14.310101,1
11147,S_NOUN_8_ADJ_a,M,S,le clou avec les rideaux qui était là depuis hier est aussi très noir <eos>,13,noir,noire,11,M,P,noir,-8.244215,noire,-10.702473,1
11148,S_NOUN_8_ADJ_a,M,S,le clou avec les rideaux qui était là depuis hier est aussi très délicat <eos>,13,délicat,délicate,11,M,P,délicat,-7.193738,délicate,-9.466354,1
11149,S_NOUN_8_ADJ_a,M,S,le clou avec les rideaux qui était là depuis hier est aussi très pointu <eos>,13,pointu,pointue,11,M,P,pointu,-8.06591,pointue,-12.062395,1
11150,S_NOUN_8_ADJ_a,M,S,le clou avec les rideaux qui était là depuis hier est aussi très rond <eos>,13,rond,ronde,11,M,P,rond,-9.595215,ronde,-11.840773,1
11151,S_NOUN_8_ADJ_a,M,S,le clou avec les rideaux qui était là depuis hier est aussi très froid <eos>,13,froid,froide,11,M,P,froid,-7.323685,froide,-10.540594,1
11152,S_NOUN_8_ADJ_a,M,S,le clou avec les rideaux qui était là depuis hier est aussi très chaud <eos>,13,chaud,chaude,11,M,P,chaud,-6.8847513,chaude,-9.564957,1
11153,S_NOUN_8_ADJ_a,M,S,le clou avec les rideaux qui était là depuis hier est aussi très important <eos>,13,important,importante,11,M,P,important,-5.6811132,importante,-8.59446,1
11154,S_NOUN_8_ADJ_a,M,S,le clou avec les rideaux qui était là depuis hier est aussi très court <eos>,13,court,courte,11,M,P,court,-4.342184,courte,-7.991976,1
11155,S_NOUN_8_ADJ_a,M,S,le clou avec les rideaux qui était là depuis hier est aussi très dur <eos>,13,dur,dure,11,M,P,dur,-6.306581,dure,-7.6646867,1
11156,S_NOUN_8_ADJ_a,M,S,le clou avec les rideaux qui était là depuis hier est aussi très clair <eos>,13,clair,claire,11,M,P,clair,-5.465176,claire,-8.317774,1
11157,S_NOUN_8_ADJ_a,M,S,le clou avec les rideaux qui était là depuis hier est aussi très intéressant <eos>,13,intéressant,intéressante,11,M,P,intéressant,-6.492935,intéressante,-9.509857,1
11158,S_NOUN_8_ADJ_a,M,S,le clou avec les rideaux qui était là depuis hier est aussi très brillant <eos>,13,brillant,brillante,11,M,P,brillant,-7.083397,brillante,-9.373655,1
11159,S_NOUN_8_ADJ_a,M,S,le clou avec les rideaux qui était là depuis hier est aussi très compliqué <eos>,13,compliqué,compliquée,11,M,P,compliqué,-6.5301085,compliquée,-9.549501,1
11160,S_NOUN_8_ADJ_a,M,S,le clou avec les cahiers qui était là depuis hier est aussi très vert <eos>,13,vert,verte,11,M,P,vert,-9.744958,verte,-12.685395,1
11161,S_NOUN_8_ADJ_a,M,S,le clou avec les cahiers qui était là depuis hier est aussi très bleu <eos>,13,bleu,bleue,11,M,P,bleu,-10.260248,bleue,-15.375163,1
11162,S_NOUN_8_ADJ_a,M,S,le clou avec les cahiers qui était là depuis hier est aussi très noir <eos>,13,noir,noire,11,M,P,noir,-8.81436,noire,-12.381913,1
11163,S_NOUN_8_ADJ_a,M,S,le clou avec les cahiers qui était là depuis hier est aussi très délicat <eos>,13,délicat,délicate,11,M,P,délicat,-7.5163174,délicate,-9.83344,1
11164,S_NOUN_8_ADJ_a,M,S,le clou avec les cahiers qui était là depuis hier est aussi très pointu <eos>,13,pointu,pointue,11,M,P,pointu,-8.429956,pointue,-12.747019,1
11165,S_NOUN_8_ADJ_a,M,S,le clou avec les cahiers qui était là depuis hier est aussi très rond <eos>,13,rond,ronde,11,M,P,rond,-10.631805,ronde,-13.43119,1
11166,S_NOUN_8_ADJ_a,M,S,le clou avec les cahiers qui était là depuis hier est aussi très froid <eos>,13,froid,froide,11,M,P,froid,-7.2868624,froide,-11.24393,1
11167,S_NOUN_8_ADJ_a,M,S,le clou avec les cahiers qui était là depuis hier est aussi très chaud <eos>,13,chaud,chaude,11,M,P,chaud,-7.0014577,chaude,-10.462563,1
11168,S_NOUN_8_ADJ_a,M,S,le clou avec les cahiers qui était là depuis hier est aussi très important <eos>,13,important,importante,11,M,P,important,-4.921755,importante,-7.9829645,1
11169,S_NOUN_8_ADJ_a,M,S,le clou avec les cahiers qui était là depuis hier est aussi très court <eos>,13,court,courte,11,M,P,court,-4.99534,courte,-8.131382,1
11170,S_NOUN_8_ADJ_a,M,S,le clou avec les cahiers qui était là depuis hier est aussi très dur <eos>,13,dur,dure,11,M,P,dur,-6.3046384,dure,-7.629104,1
11171,S_NOUN_8_ADJ_a,M,S,le clou avec les cahiers qui était là depuis hier est aussi très clair <eos>,13,clair,claire,11,M,P,clair,-5.841656,claire,-9.107332,1
11172,S_NOUN_8_ADJ_a,M,S,le clou avec les cahiers qui était là depuis hier est aussi très intéressant <eos>,13,intéressant,intéressante,11,M,P,intéressant,-5.8487673,intéressante,-8.969397,1
11173,S_NOUN_8_ADJ_a,M,S,le clou avec les cahiers qui était là depuis hier est aussi très brillant <eos>,13,brillant,brillante,11,M,P,brillant,-7.184927,brillante,-9.629778,1
11174,S_NOUN_8_ADJ_a,M,S,le clou avec les cahiers qui était là depuis hier est aussi très compliqué <eos>,13,compliqué,compliquée,11,M,P,compliqué,-6.461588,compliquée,-9.224808,1
11175,S_NOUN_8_ADJ_a,M,S,le clou avec les micros qui était là depuis hier est aussi très vert <eos>,13,vert,verte,11,M,P,vert,-9.214488,verte,-12.66635,1
11176,S_NOUN_8_ADJ_a,M,S,le clou avec les micros qui était là depuis hier est aussi très bleu <eos>,13,bleu,bleue,11,M,P,bleu,-9.566372,bleue,-15.175146,1
11177,S_NOUN_8_ADJ_a,M,S,le clou avec les micros qui était là depuis hier est aussi très noir <eos>,13,noir,noire,11,M,P,noir,-8.027252,noire,-12.044001,1
11178,S_NOUN_8_ADJ_a,M,S,le clou avec les micros qui était là depuis hier est aussi très délicat <eos>,13,délicat,délicate,11,M,P,délicat,-7.12202,délicate,-9.676403,1
11179,S_NOUN_8_ADJ_a,M,S,le clou avec les micros qui était là depuis hier est aussi très pointu <eos>,13,pointu,pointue,11,M,P,pointu,-8.278135,pointue,-13.043096,1
11180,S_NOUN_8_ADJ_a,M,S,le clou avec les micros qui était là depuis hier est aussi très rond <eos>,13,rond,ronde,11,M,P,rond,-9.700275,ronde,-12.9002285,1
11181,S_NOUN_8_ADJ_a,M,S,le clou avec les micros qui était là depuis hier est aussi très froid <eos>,13,froid,froide,11,M,P,froid,-7.3829627,froide,-11.2705555,1
11182,S_NOUN_8_ADJ_a,M,S,le clou avec les micros qui était là depuis hier est aussi très chaud <eos>,13,chaud,chaude,11,M,P,chaud,-6.7029314,chaude,-9.568024,1
11183,S_NOUN_8_ADJ_a,M,S,le clou avec les micros qui était là depuis hier est aussi très important <eos>,13,important,importante,11,M,P,important,-5.296766,importante,-8.678518,1
11184,S_NOUN_8_ADJ_a,M,S,le clou avec les micros qui était là depuis hier est aussi très court <eos>,13,court,courte,11,M,P,court,-4.9741726,courte,-8.747499,1
11185,S_NOUN_8_ADJ_a,M,S,le clou avec les micros qui était là depuis hier est aussi très dur <eos>,13,dur,dure,11,M,P,dur,-5.6328382,dure,-7.5888987,1
11186,S_NOUN_8_ADJ_a,M,S,le clou avec les micros qui était là depuis hier est aussi très clair <eos>,13,clair,claire,11,M,P,clair,-5.5166597,claire,-8.675328,1
11187,S_NOUN_8_ADJ_a,M,S,le clou avec les micros qui était là depuis hier est aussi très intéressant <eos>,13,intéressant,intéressante,11,M,P,intéressant,-6.4337354,intéressante,-9.612614,1
11188,S_NOUN_8_ADJ_a,M,S,le clou avec les micros qui était là depuis hier est aussi très brillant <eos>,13,brillant,brillante,11,M,P,brillant,-6.8054504,brillante,-9.942663,1
11189,S_NOUN_8_ADJ_a,M,S,le clou avec les micros qui était là depuis hier est aussi très compliqué <eos>,13,compliqué,compliquée,11,M,P,compliqué,-5.7926974,compliquée,-9.029209,1
11190,S_NOUN_8_ADJ_a,M,S,le clou avec les sacs qui était là depuis hier est aussi très vert <eos>,13,vert,verte,11,M,P,vert,-8.934267,verte,-12.161454,1
11191,S_NOUN_8_ADJ_a,M,S,le clou avec les sacs qui était là depuis hier est aussi très bleu <eos>,13,bleu,bleue,11,M,P,bleu,-9.537023,bleue,-14.705681,1
11192,S_NOUN_8_ADJ_a,M,S,le clou avec les sacs qui était là depuis hier est aussi très noir <eos>,13,noir,noire,11,M,P,noir,-8.346276,noire,-11.169937,1
11193,S_NOUN_8_ADJ_a,M,S,le clou avec les sacs qui était là depuis hier est aussi très délicat <eos>,13,délicat,délicate,11,M,P,délicat,-7.0859575,délicate,-9.108907,1
11194,S_NOUN_8_ADJ_a,M,S,le clou avec les sacs qui était là depuis hier est aussi très pointu <eos>,13,pointu,pointue,11,M,P,pointu,-7.573453,pointue,-11.978423,1
11195,S_NOUN_8_ADJ_a,M,S,le clou avec les sacs qui était là depuis hier est aussi très rond <eos>,13,rond,ronde,11,M,P,rond,-9.56991,ronde,-11.8306675,1
11196,S_NOUN_8_ADJ_a,M,S,le clou avec les sacs qui était là depuis hier est aussi très froid <eos>,13,froid,froide,11,M,P,froid,-7.0387254,froide,-10.589518,1
11197,S_NOUN_8_ADJ_a,M,S,le clou avec les sacs qui était là depuis hier est aussi très chaud <eos>,13,chaud,chaude,11,M,P,chaud,-6.225135,chaude,-9.51567,1
11198,S_NOUN_8_ADJ_a,M,S,le clou avec les sacs qui était là depuis hier est aussi très important <eos>,13,important,importante,11,M,P,important,-5.2478886,importante,-8.165951,1
11199,S_NOUN_8_ADJ_a,M,S,le clou avec les sacs qui était là depuis hier est aussi très court <eos>,13,court,courte,11,M,P,court,-4.5092125,courte,-8.120227,1
11200,S_NOUN_8_ADJ_a,M,S,le clou avec les sacs qui était là depuis hier est aussi très dur <eos>,13,dur,dure,11,M,P,dur,-5.822263,dure,-7.6057673,1
11201,S_NOUN_8_ADJ_a,M,S,le clou avec les sacs qui était là depuis hier est aussi très clair <eos>,13,clair,claire,11,M,P,clair,-5.551714,claire,-8.714671,1
11202,S_NOUN_8_ADJ_a,M,S,le clou avec les sacs qui était là depuis hier est aussi très intéressant <eos>,13,intéressant,intéressante,11,M,P,intéressant,-6.1808395,intéressante,-9.45882,1
11203,S_NOUN_8_ADJ_a,M,S,le clou avec les sacs qui était là depuis hier est aussi très brillant <eos>,13,brillant,brillante,11,M,P,brillant,-7.243472,brillante,-9.825572,1
11204,S_NOUN_8_ADJ_a,M,S,le clou avec les sacs qui était là depuis hier est aussi très compliqué <eos>,13,compliqué,compliquée,11,M,P,compliqué,-6.5562267,compliquée,-9.689356,1
11205,S_NOUN_8_ADJ_a,M,S,le clou avec les claviers qui était là depuis hier est aussi très vert <eos>,13,vert,verte,11,M,P,vert,-9.82744,verte,-12.795966,1
11206,S_NOUN_8_ADJ_a,M,S,le clou avec les claviers qui était là depuis hier est aussi très bleu <eos>,13,bleu,bleue,11,M,P,bleu,-10.171383,bleue,-15.182631,1
11207,S_NOUN_8_ADJ_a,M,S,le clou avec les claviers qui était là depuis hier est aussi très noir <eos>,13,noir,noire,11,M,P,noir,-8.657488,noire,-11.889053,1
11208,S_NOUN_8_ADJ_a,M,S,le clou avec les claviers qui était là depuis hier est aussi très délicat <eos>,13,délicat,délicate,11,M,P,délicat,-6.943491,délicate,-9.327473,1
11209,S_NOUN_8_ADJ_a,M,S,le clou avec les claviers qui était là depuis hier est aussi très pointu <eos>,13,pointu,pointue,11,M,P,pointu,-8.145403,pointue,-12.744334,1
11210,S_NOUN_8_ADJ_a,M,S,le clou avec les claviers qui était là depuis hier est aussi très rond <eos>,13,rond,ronde,11,M,P,rond,-9.737659,ronde,-12.528538,1
11211,S_NOUN_8_ADJ_a,M,S,le clou avec les claviers qui était là depuis hier est aussi très froid <eos>,13,froid,froide,11,M,P,froid,-7.510663,froide,-11.40525,1
11212,S_NOUN_8_ADJ_a,M,S,le clou avec les claviers qui était là depuis hier est aussi très chaud <eos>,13,chaud,chaude,11,M,P,chaud,-6.9914293,chaude,-9.306313,1
11213,S_NOUN_8_ADJ_a,M,S,le clou avec les claviers qui était là depuis hier est aussi très important <eos>,13,important,importante,11,M,P,important,-5.3701525,importante,-8.454496,1
11214,S_NOUN_8_ADJ_a,M,S,le clou avec les claviers qui était là depuis hier est aussi très court <eos>,13,court,courte,11,M,P,court,-5.219055,courte,-8.489573,1
11215,S_NOUN_8_ADJ_a,M,S,le clou avec les claviers qui était là depuis hier est aussi très dur <eos>,13,dur,dure,11,M,P,dur,-5.3324656,dure,-7.468041,1
11216,S_NOUN_8_ADJ_a,M,S,le clou avec les claviers qui était là depuis hier est aussi très clair <eos>,13,clair,claire,11,M,P,clair,-5.7050343,claire,-8.350627,1
11217,S_NOUN_8_ADJ_a,M,S,le clou avec les claviers qui était là depuis hier est aussi très intéressant <eos>,13,intéressant,intéressante,11,M,P,intéressant,-6.1924148,intéressante,-9.079504,1
11218,S_NOUN_8_ADJ_a,M,S,le clou avec les claviers qui était là depuis hier est aussi très brillant <eos>,13,brillant,brillante,11,M,P,brillant,-6.879096,brillante,-9.417035,1
11219,S_NOUN_8_ADJ_a,M,S,le clou avec les claviers qui était là depuis hier est aussi très compliqué <eos>,13,compliqué,compliquée,11,M,P,compliqué,-6.065359,compliquée,-8.678428,1
11220,S_NOUN_8_ADJ_a,M,S,le clou avec les raisins qui était là depuis hier est aussi très vert <eos>,13,vert,verte,11,M,P,vert,-8.529879,verte,-12.245899,1
11221,S_NOUN_8_ADJ_a,M,S,le clou avec les raisins qui était là depuis hier est aussi très bleu <eos>,13,bleu,bleue,11,M,P,bleu,-9.767492,bleue,-15.119345,1
11222,S_NOUN_8_ADJ_a,M,S,le clou avec les raisins qui était là depuis hier est aussi très noir <eos>,13,noir,noire,11,M,P,noir,-8.525153,noire,-11.551557,1
11223,S_NOUN_8_ADJ_a,M,S,le clou avec les raisins qui était là depuis hier est aussi très délicat <eos>,13,délicat,délicate,11,M,P,délicat,-6.2116213,délicate,-8.779747,1
11224,S_NOUN_8_ADJ_a,M,S,le clou avec les raisins qui était là depuis hier est aussi très pointu <eos>,13,pointu,pointue,11,M,P,pointu,-8.048522,pointue,-12.279263,1
11225,S_NOUN_8_ADJ_a,M,S,le clou avec les raisins qui était là depuis hier est aussi très rond <eos>,13,rond,ronde,11,M,P,rond,-10.01137,ronde,-11.708047,1
11226,S_NOUN_8_ADJ_a,M,S,le clou avec les raisins qui était là depuis hier est aussi très froid <eos>,13,froid,froide,11,M,P,froid,-6.2536154,froide,-10.617445,1
11227,S_NOUN_8_ADJ_a,M,S,le clou avec les raisins qui était là depuis hier est aussi très chaud <eos>,13,chaud,chaude,11,M,P,chaud,-5.712823,chaude,-9.505556,1
11228,S_NOUN_8_ADJ_a,M,S,le clou avec les raisins qui était là depuis hier est aussi très important <eos>,13,important,importante,11,M,P,important,-5.028475,importante,-7.7733755,1
11229,S_NOUN_8_ADJ_a,M,S,le clou avec les raisins qui était là depuis hier est aussi très court <eos>,13,court,courte,11,M,P,court,-4.758875,courte,-8.98408,1
11230,S_NOUN_8_ADJ_a,M,S,le clou avec les raisins qui était là depuis hier est aussi très dur <eos>,13,dur,dure,11,M,P,dur,-4.9620466,dure,-7.4047794,1
11231,S_NOUN_8_ADJ_a,M,S,le clou avec les raisins qui était là depuis hier est aussi très clair <eos>,13,clair,claire,11,M,P,clair,-4.953412,claire,-8.04582,1
11232,S_NOUN_8_ADJ_a,M,S,le clou avec les raisins qui était là depuis hier est aussi très intéressant <eos>,13,intéressant,intéressante,11,M,P,intéressant,-6.12751,intéressante,-9.660387,1
11233,S_NOUN_8_ADJ_a,M,S,le clou avec les raisins qui était là depuis hier est aussi très brillant <eos>,13,brillant,brillante,11,M,P,brillant,-6.8764753,brillante,-9.447075,1
11234,S_NOUN_8_ADJ_a,M,S,le clou avec les raisins qui était là depuis hier est aussi très compliqué <eos>,13,compliqué,compliquée,11,M,P,compliqué,-7.144677,compliquée,-10.188406,1
11235,S_NOUN_8_ADJ_a,M,S,le clou avec les chargeurs qui était là depuis hier est aussi très vert <eos>,13,vert,verte,11,M,P,vert,-9.561819,verte,-13.262381,1
11236,S_NOUN_8_ADJ_a,M,S,le clou avec les chargeurs qui était là depuis hier est aussi très bleu <eos>,13,bleu,bleue,11,M,P,bleu,-9.956232,bleue,-15.96574,1
11237,S_NOUN_8_ADJ_a,M,S,le clou avec les chargeurs qui était là depuis hier est aussi très noir <eos>,13,noir,noire,11,M,P,noir,-8.427941,noire,-12.414591,1
11238,S_NOUN_8_ADJ_a,M,S,le clou avec les chargeurs qui était là depuis hier est aussi très délicat <eos>,13,délicat,délicate,11,M,P,délicat,-7.4487047,délicate,-9.473878,1
11239,S_NOUN_8_ADJ_a,M,S,le clou avec les chargeurs qui était là depuis hier est aussi très pointu <eos>,13,pointu,pointue,11,M,P,pointu,-8.097183,pointue,-11.761719,1
11240,S_NOUN_8_ADJ_a,M,S,le clou avec les chargeurs qui était là depuis hier est aussi très rond <eos>,13,rond,ronde,11,M,P,rond,-9.586823,ronde,-12.251205,1
11241,S_NOUN_8_ADJ_a,M,S,le clou avec les chargeurs qui était là depuis hier est aussi très froid <eos>,13,froid,froide,11,M,P,froid,-7.43514,froide,-10.853403,1
11242,S_NOUN_8_ADJ_a,M,S,le clou avec les chargeurs qui était là depuis hier est aussi très chaud <eos>,13,chaud,chaude,11,M,P,chaud,-7.149873,chaude,-10.109671,1
11243,S_NOUN_8_ADJ_a,M,S,le clou avec les chargeurs qui était là depuis hier est aussi très important <eos>,13,important,importante,11,M,P,important,-4.568552,importante,-7.7244473,1
11244,S_NOUN_8_ADJ_a,M,S,le clou avec les chargeurs qui était là depuis hier est aussi très court <eos>,13,court,courte,11,M,P,court,-4.211422,courte,-7.484535,1
11245,S_NOUN_8_ADJ_a,M,S,le clou avec les chargeurs qui était là depuis hier est aussi très dur <eos>,13,dur,dure,11,M,P,dur,-5.9005194,dure,-8.61887,1
11246,S_NOUN_8_ADJ_a,M,S,le clou avec les chargeurs qui était là depuis hier est aussi très clair <eos>,13,clair,claire,11,M,P,clair,-6.4627385,claire,-9.957806,1
11247,S_NOUN_8_ADJ_a,M,S,le clou avec les chargeurs qui était là depuis hier est aussi très intéressant <eos>,13,intéressant,intéressante,11,M,P,intéressant,-6.1989717,intéressante,-9.253774,1
11248,S_NOUN_8_ADJ_a,M,S,le clou avec les chargeurs qui était là depuis hier est aussi très brillant <eos>,13,brillant,brillante,11,M,P,brillant,-7.573,brillante,-10.469966,1
11249,S_NOUN_8_ADJ_a,M,S,le clou avec les chargeurs qui était là depuis hier est aussi très compliqué <eos>,13,compliqué,compliquée,11,M,P,compliqué,-5.9463673,compliquée,-9.398144,1
11250,S_NOUN_8_ADJ_a,M,S,le clou avec les vases qui était là depuis hier est aussi très vert <eos>,13,vert,verte,11,M,P,vert,-9.242913,verte,-11.920216,1
11251,S_NOUN_8_ADJ_a,M,S,le clou avec les vases qui était là depuis hier est aussi très bleu <eos>,13,bleu,bleue,11,M,P,bleu,-9.9073515,bleue,-14.416236,1
11252,S_NOUN_8_ADJ_a,M,S,le clou avec les vases qui était là depuis hier est aussi très noir <eos>,13,noir,noire,11,M,P,noir,-8.956955,noire,-11.035609,1
11253,S_NOUN_8_ADJ_a,M,S,le clou avec les vases qui était là depuis hier est aussi très délicat <eos>,13,délicat,délicate,11,M,P,délicat,-7.071002,délicate,-9.2734375,1
11254,S_NOUN_8_ADJ_a,M,S,le clou avec les vases qui était là depuis hier est aussi très pointu <eos>,13,pointu,pointue,11,M,P,pointu,-8.01357,pointue,-12.030351,1
11255,S_NOUN_8_ADJ_a,M,S,le clou avec les vases qui était là depuis hier est aussi très rond <eos>,13,rond,ronde,11,M,P,rond,-9.831543,ronde,-11.691559,1
11256,S_NOUN_8_ADJ_a,M,S,le clou avec les vases qui était là depuis hier est aussi très froid <eos>,13,froid,froide,11,M,P,froid,-7.88253,froide,-10.966458,1
11257,S_NOUN_8_ADJ_a,M,S,le clou avec les vases qui était là depuis hier est aussi très chaud <eos>,13,chaud,chaude,11,M,P,chaud,-6.789548,chaude,-9.728081,1
11258,S_NOUN_8_ADJ_a,M,S,le clou avec les vases qui était là depuis hier est aussi très important <eos>,13,important,importante,11,M,P,important,-5.521864,importante,-8.29689,1
11259,S_NOUN_8_ADJ_a,M,S,le clou avec les vases qui était là depuis hier est aussi très court <eos>,13,court,courte,11,M,P,court,-4.7276697,courte,-8.242426,1
11260,S_NOUN_8_ADJ_a,M,S,le clou avec les vases qui était là depuis hier est aussi très dur <eos>,13,dur,dure,11,M,P,dur,-6.013385,dure,-7.729616,1
11261,S_NOUN_8_ADJ_a,M,S,le clou avec les vases qui était là depuis hier est aussi très clair <eos>,13,clair,claire,11,M,P,clair,-5.478118,claire,-8.493233,1
11262,S_NOUN_8_ADJ_a,M,S,le clou avec les vases qui était là depuis hier est aussi très intéressant <eos>,13,intéressant,intéressante,11,M,P,intéressant,-6.2871375,intéressante,-9.582218,1
11263,S_NOUN_8_ADJ_a,M,S,le clou avec les vases qui était là depuis hier est aussi très brillant <eos>,13,brillant,brillante,11,M,P,brillant,-6.94013,brillante,-9.075341,1
11264,S_NOUN_8_ADJ_a,M,S,le clou avec les vases qui était là depuis hier est aussi très compliqué <eos>,13,compliqué,compliquée,11,M,P,compliqué,-6.892353,compliquée,-9.9484825,1
11265,S_NOUN_8_ADJ_a,M,S,le clou avec les paniers qui était là depuis hier est aussi très vert <eos>,13,vert,verte,11,M,P,vert,-8.967642,verte,-11.832499,1
11266,S_NOUN_8_ADJ_a,M,S,le clou avec les paniers qui était là depuis hier est aussi très bleu <eos>,13,bleu,bleue,11,M,P,bleu,-9.357488,bleue,-14.144158,1
11267,S_NOUN_8_ADJ_a,M,S,le clou avec les paniers qui était là depuis hier est aussi très noir <eos>,13,noir,noire,11,M,P,noir,-8.283146,noire,-10.742895,1
11268,S_NOUN_8_ADJ_a,M,S,le clou avec les paniers qui était là depuis hier est aussi très délicat <eos>,13,délicat,délicate,11,M,P,délicat,-7.1508102,délicate,-9.541724,1
11269,S_NOUN_8_ADJ_a,M,S,le clou avec les paniers qui était là depuis hier est aussi très pointu <eos>,13,pointu,pointue,11,M,P,pointu,-7.482934,pointue,-11.572782,1
11270,S_NOUN_8_ADJ_a,M,S,le clou avec les paniers qui était là depuis hier est aussi très rond <eos>,13,rond,ronde,11,M,P,rond,-9.342173,ronde,-11.425495,1
11271,S_NOUN_8_ADJ_a,M,S,le clou avec les paniers qui était là depuis hier est aussi très froid <eos>,13,froid,froide,11,M,P,froid,-7.702326,froide,-10.982637,1
11272,S_NOUN_8_ADJ_a,M,S,le clou avec les paniers qui était là depuis hier est aussi très chaud <eos>,13,chaud,chaude,11,M,P,chaud,-6.8685055,chaude,-9.873657,1
11273,S_NOUN_8_ADJ_a,M,S,le clou avec les paniers qui était là depuis hier est aussi très important <eos>,13,important,importante,11,M,P,important,-5.7316628,importante,-8.601252,1
11274,S_NOUN_8_ADJ_a,M,S,le clou avec les paniers qui était là depuis hier est aussi très court <eos>,13,court,courte,11,M,P,court,-4.2819114,courte,-7.7941775,1
11275,S_NOUN_8_ADJ_a,M,S,le clou avec les paniers qui était là depuis hier est aussi très dur <eos>,13,dur,dure,11,M,P,dur,-5.959175,dure,-7.7863674,1
11276,S_NOUN_8_ADJ_a,M,S,le clou avec les paniers qui était là depuis hier est aussi très clair <eos>,13,clair,claire,11,M,P,clair,-5.503812,claire,-8.484344,1
11277,S_NOUN_8_ADJ_a,M,S,le clou avec les paniers qui était là depuis hier est aussi très intéressant <eos>,13,intéressant,intéressante,11,M,P,intéressant,-6.396078,intéressante,-9.526575,1
11278,S_NOUN_8_ADJ_a,M,S,le clou avec les paniers qui était là depuis hier est aussi très brillant <eos>,13,brillant,brillante,11,M,P,brillant,-7.142977,brillante,-9.533762,1
11279,S_NOUN_8_ADJ_a,M,S,le clou avec les paniers qui était là depuis hier est aussi très compliqué <eos>,13,compliqué,compliquée,11,M,P,compliqué,-6.4127846,compliquée,-9.31371,1
11280,S_NOUN_8_ADJ_a,M,S,le clou avec les colliers qui était là depuis hier est aussi très vert <eos>,13,vert,verte,11,M,P,vert,-9.396219,verte,-12.15975,1
11281,S_NOUN_8_ADJ_a,M,S,le clou avec les colliers qui était là depuis hier est aussi très bleu <eos>,13,bleu,bleue,11,M,P,bleu,-9.918131,bleue,-14.679106,1
11282,S_NOUN_8_ADJ_a,M,S,le clou avec les colliers qui était là depuis hier est aussi très noir <eos>,13,noir,noire,11,M,P,noir,-8.914787,noire,-11.168032,1
11283,S_NOUN_8_ADJ_a,M,S,le clou avec les colliers qui était là depuis hier est aussi très délicat <eos>,13,délicat,délicate,11,M,P,délicat,-7.0661564,délicate,-9.190422,1
11284,S_NOUN_8_ADJ_a,M,S,le clou avec les colliers qui était là depuis hier est aussi très pointu <eos>,13,pointu,pointue,11,M,P,pointu,-7.74426,pointue,-11.492945,1
11285,S_NOUN_8_ADJ_a,M,S,le clou avec les colliers qui était là depuis hier est aussi très rond <eos>,13,rond,ronde,11,M,P,rond,-9.882023,ronde,-11.835798,1
11286,S_NOUN_8_ADJ_a,M,S,le clou avec les colliers qui était là depuis hier est aussi très froid <eos>,13,froid,froide,11,M,P,froid,-8.311956,froide,-11.164999,1
11287,S_NOUN_8_ADJ_a,M,S,le clou avec les colliers qui était là depuis hier est aussi très chaud <eos>,13,chaud,chaude,11,M,P,chaud,-7.582614,chaude,-10.235994,1
11288,S_NOUN_8_ADJ_a,M,S,le clou avec les colliers qui était là depuis hier est aussi très important <eos>,13,important,importante,11,M,P,important,-5.518587,importante,-8.279978,1
11289,S_NOUN_8_ADJ_a,M,S,le clou avec les colliers qui était là depuis hier est aussi très court <eos>,13,court,courte,11,M,P,court,-4.463319,courte,-7.6450624,1
11290,S_NOUN_8_ADJ_a,M,S,le clou avec les colliers qui était là depuis hier est aussi très dur <eos>,13,dur,dure,11,M,P,dur,-5.956707,dure,-7.681617,1
11291,S_NOUN_8_ADJ_a,M,S,le clou avec les colliers qui était là depuis hier est aussi très clair <eos>,13,clair,claire,11,M,P,clair,-5.5621223,claire,-8.709263,1
11292,S_NOUN_8_ADJ_a,M,S,le clou avec les colliers qui était là depuis hier est aussi très intéressant <eos>,13,intéressant,intéressante,11,M,P,intéressant,-6.3961973,intéressante,-9.497185,1
11293,S_NOUN_8_ADJ_a,M,S,le clou avec les colliers qui était là depuis hier est aussi très brillant <eos>,13,brillant,brillante,11,M,P,brillant,-7.116912,brillante,-9.27177,1
11294,S_NOUN_8_ADJ_a,M,S,le clou avec les colliers qui était là depuis hier est aussi très compliqué <eos>,13,compliqué,compliquée,11,M,P,compliqué,-6.289675,compliquée,-9.306717,1
11295,S_NOUN_8_ADJ_a,M,S,le clou avec les chapeaux qui était là depuis hier est aussi très vert <eos>,13,vert,verte,11,M,P,vert,-8.867918,verte,-11.83428,1
11296,S_NOUN_8_ADJ_a,M,S,le clou avec les chapeaux qui était là depuis hier est aussi très bleu <eos>,13,bleu,bleue,11,M,P,bleu,-9.1891775,bleue,-14.064081,1
11297,S_NOUN_8_ADJ_a,M,S,le clou avec les chapeaux qui était là depuis hier est aussi très noir <eos>,13,noir,noire,11,M,P,noir,-8.074463,noire,-10.896587,1
11298,S_NOUN_8_ADJ_a,M,S,le clou avec les chapeaux qui était là depuis hier est aussi très délicat <eos>,13,délicat,délicate,11,M,P,délicat,-7.377387,délicate,-9.914531,1
11299,S_NOUN_8_ADJ_a,M,S,le clou avec les chapeaux qui était là depuis hier est aussi très pointu <eos>,13,pointu,pointue,11,M,P,pointu,-7.6837225,pointue,-12.104536,1
11300,S_NOUN_8_ADJ_a,M,S,le clou avec les chapeaux qui était là depuis hier est aussi très rond <eos>,13,rond,ronde,11,M,P,rond,-9.620049,ronde,-11.892429,1
11301,S_NOUN_8_ADJ_a,M,S,le clou avec les chapeaux qui était là depuis hier est aussi très froid <eos>,13,froid,froide,11,M,P,froid,-7.6767273,froide,-11.123622,1
11302,S_NOUN_8_ADJ_a,M,S,le clou avec les chapeaux qui était là depuis hier est aussi très chaud <eos>,13,chaud,chaude,11,M,P,chaud,-7.161585,chaude,-9.9740505,1
11303,S_NOUN_8_ADJ_a,M,S,le clou avec les chapeaux qui était là depuis hier est aussi très important <eos>,13,important,importante,11,M,P,important,-5.773882,importante,-8.775418,1
11304,S_NOUN_8_ADJ_a,M,S,le clou avec les chapeaux qui était là depuis hier est aussi très court <eos>,13,court,courte,11,M,P,court,-4.306931,courte,-7.8958898,1
11305,S_NOUN_8_ADJ_a,M,S,le clou avec les chapeaux qui était là depuis hier est aussi très dur <eos>,13,dur,dure,11,M,P,dur,-6.2157726,dure,-7.967002,1
11306,S_NOUN_8_ADJ_a,M,S,le clou avec les chapeaux qui était là depuis hier est aussi très clair <eos>,13,clair,claire,11,M,P,clair,-5.6599464,claire,-8.734056,1
11307,S_NOUN_8_ADJ_a,M,S,le clou avec les chapeaux qui était là depuis hier est aussi très intéressant <eos>,13,intéressant,intéressante,11,M,P,intéressant,-6.442648,intéressante,-9.611911,1
11308,S_NOUN_8_ADJ_a,M,S,le clou avec les chapeaux qui était là depuis hier est aussi très brillant <eos>,13,brillant,brillante,11,M,P,brillant,-7.286006,brillante,-9.746645,1
11309,S_NOUN_8_ADJ_a,M,S,le clou avec les chapeaux qui était là depuis hier est aussi très compliqué <eos>,13,compliqué,compliquée,11,M,P,compliqué,-6.4251027,compliquée,-9.880653,1
11310,S_NOUN_8_ADJ_a,M,S,le clou avec les pots qui était là depuis hier est aussi très vert <eos>,13,vert,verte,11,M,P,vert,-8.621101,verte,-12.002286,1
11311,S_NOUN_8_ADJ_a,M,S,le clou avec les pots qui était là depuis hier est aussi très bleu <eos>,13,bleu,bleue,11,M,P,bleu,-9.597068,bleue,-14.851745,1
11312,S_NOUN_8_ADJ_a,M,S,le clou avec les pots qui était là depuis hier est aussi très noir <eos>,13,noir,noire,11,M,P,noir,-8.461664,noire,-11.450449,1
11313,S_NOUN_8_ADJ_a,M,S,le clou avec les pots qui était là depuis hier est aussi très délicat <eos>,13,délicat,délicate,11,M,P,délicat,-6.7887516,délicate,-9.207182,1
11314,S_NOUN_8_ADJ_a,M,S,le clou avec les pots qui était là depuis hier est aussi très pointu <eos>,13,pointu,pointue,11,M,P,pointu,-7.9121995,pointue,-12.00456,1
11315,S_NOUN_8_ADJ_a,M,S,le clou avec les pots qui était là depuis hier est aussi très rond <eos>,13,rond,ronde,11,M,P,rond,-9.491177,ronde,-11.485308,1
11316,S_NOUN_8_ADJ_a,M,S,le clou avec les pots qui était là depuis hier est aussi très froid <eos>,13,froid,froide,11,M,P,froid,-7.0790167,froide,-10.352213,1
11317,S_NOUN_8_ADJ_a,M,S,le clou avec les pots qui était là depuis hier est aussi très chaud <eos>,13,chaud,chaude,11,M,P,chaud,-5.905614,chaude,-9.085676,1
11318,S_NOUN_8_ADJ_a,M,S,le clou avec les pots qui était là depuis hier est aussi très important <eos>,13,important,importante,11,M,P,important,-5.3621187,importante,-8.155499,1
11319,S_NOUN_8_ADJ_a,M,S,le clou avec les pots qui était là depuis hier est aussi très court <eos>,13,court,courte,11,M,P,court,-4.887435,courte,-8.494777,1
11320,S_NOUN_8_ADJ_a,M,S,le clou avec les pots qui était là depuis hier est aussi très dur <eos>,13,dur,dure,11,M,P,dur,-5.4313087,dure,-7.65397,1
11321,S_NOUN_8_ADJ_a,M,S,le clou avec les pots qui était là depuis hier est aussi très clair <eos>,13,clair,claire,11,M,P,clair,-5.6775413,claire,-8.769434,1
11322,S_NOUN_8_ADJ_a,M,S,le clou avec les pots qui était là depuis hier est aussi très intéressant <eos>,13,intéressant,intéressante,11,M,P,intéressant,-6.27553,intéressante,-9.37676,1
11323,S_NOUN_8_ADJ_a,M,S,le clou avec les pots qui était là depuis hier est aussi très brillant <eos>,13,brillant,brillante,11,M,P,brillant,-6.7971954,brillante,-9.320698,1
11324,S_NOUN_8_ADJ_a,M,S,le clou avec les pots qui était là depuis hier est aussi très compliqué <eos>,13,compliqué,compliquée,11,M,P,compliqué,-6.678632,compliquée,-9.81893,1
11325,S_NOUN_8_ADJ_a,M,S,le clou avec les coussins qui était là depuis hier est aussi très vert <eos>,13,vert,verte,11,M,P,vert,-9.1481495,verte,-12.148285,1
11326,S_NOUN_8_ADJ_a,M,S,le clou avec les coussins qui était là depuis hier est aussi très bleu <eos>,13,bleu,bleue,11,M,P,bleu,-9.5808935,bleue,-14.564259,1
11327,S_NOUN_8_ADJ_a,M,S,le clou avec les coussins qui était là depuis hier est aussi très noir <eos>,13,noir,noire,11,M,P,noir,-8.501167,noire,-11.382021,1
11328,S_NOUN_8_ADJ_a,M,S,le clou avec les coussins qui était là depuis hier est aussi très délicat <eos>,13,délicat,délicate,11,M,P,délicat,-7.3947773,délicate,-9.771479,1
11329,S_NOUN_8_ADJ_a,M,S,le clou avec les coussins qui était là depuis hier est aussi très pointu <eos>,13,pointu,pointue,11,M,P,pointu,-7.5962276,pointue,-11.706255,1
11330,S_NOUN_8_ADJ_a,M,S,le clou avec les coussins qui était là depuis hier est aussi très rond <eos>,13,rond,ronde,11,M,P,rond,-9.611389,ronde,-11.745245,1
11331,S_NOUN_8_ADJ_a,M,S,le clou avec les coussins qui était là depuis hier est aussi très froid <eos>,13,froid,froide,11,M,P,froid,-7.759204,froide,-10.714661,1
11332,S_NOUN_8_ADJ_a,M,S,le clou avec les coussins qui était là depuis hier est aussi très chaud <eos>,13,chaud,chaude,11,M,P,chaud,-6.950899,chaude,-9.441246,1
11333,S_NOUN_8_ADJ_a,M,S,le clou avec les coussins qui était là depuis hier est aussi très important <eos>,13,important,importante,11,M,P,important,-5.5665627,importante,-8.469498,1
11334,S_NOUN_8_ADJ_a,M,S,le clou avec les coussins qui était là depuis hier est aussi très court <eos>,13,court,courte,11,M,P,court,-4.496476,courte,-8.009232,1
11335,S_NOUN_8_ADJ_a,M,S,le clou avec les coussins qui était là depuis hier est aussi très dur <eos>,13,dur,dure,11,M,P,dur,-6.2186832,dure,-7.8127584,1
11336,S_NOUN_8_ADJ_a,M,S,le clou avec les coussins qui était là depuis hier est aussi très clair <eos>,13,clair,claire,11,M,P,clair,-5.883647,claire,-8.624343,1
11337,S_NOUN_8_ADJ_a,M,S,le clou avec les coussins qui était là depuis hier est aussi très intéressant <eos>,13,intéressant,intéressante,11,M,P,intéressant,-6.3240223,intéressante,-9.221885,1
11338,S_NOUN_8_ADJ_a,M,S,le clou avec les coussins qui était là depuis hier est aussi très brillant <eos>,13,brillant,brillante,11,M,P,brillant,-7.312461,brillante,-9.798929,1
11339,S_NOUN_8_ADJ_a,M,S,le clou avec les coussins qui était là depuis hier est aussi très compliqué <eos>,13,compliqué,compliquée,11,M,P,compliqué,-6.249926,compliquée,-9.231042,1
11340,S_NOUN_8_ADJ_a,M,S,le clou avec les jouets qui était là depuis hier est aussi très vert <eos>,13,vert,verte,11,M,P,vert,-9.134639,verte,-12.153806,1
11341,S_NOUN_8_ADJ_a,M,S,le clou avec les jouets qui était là depuis hier est aussi très bleu <eos>,13,bleu,bleue,11,M,P,bleu,-9.562674,bleue,-14.828682,1
11342,S_NOUN_8_ADJ_a,M,S,le clou avec les jouets qui était là depuis hier est aussi très noir <eos>,13,noir,noire,11,M,P,noir,-8.0676565,noire,-11.777353,1
11343,S_NOUN_8_ADJ_a,M,S,le clou avec les jouets qui était là depuis hier est aussi très délicat <eos>,13,délicat,délicate,11,M,P,délicat,-7.559866,délicate,-9.970695,1
11344,S_NOUN_8_ADJ_a,M,S,le clou avec les jouets qui était là depuis hier est aussi très pointu <eos>,13,pointu,pointue,11,M,P,pointu,-8.020614,pointue,-12.892262,1
11345,S_NOUN_8_ADJ_a,M,S,le clou avec les jouets qui était là depuis hier est aussi très rond <eos>,13,rond,ronde,11,M,P,rond,-9.962831,ronde,-13.164561,1
11346,S_NOUN_8_ADJ_a,M,S,le clou avec les jouets qui était là depuis hier est aussi très froid <eos>,13,froid,froide,11,M,P,froid,-7.013852,froide,-10.845193,1
11347,S_NOUN_8_ADJ_a,M,S,le clou avec les jouets qui était là depuis hier est aussi très chaud <eos>,13,chaud,chaude,11,M,P,chaud,-6.5528827,chaude,-9.672384,1
11348,S_NOUN_8_ADJ_a,M,S,le clou avec les jouets qui était là depuis hier est aussi très important <eos>,13,important,importante,11,M,P,important,-5.346551,importante,-8.33506,1
11349,S_NOUN_8_ADJ_a,M,S,le clou avec les jouets qui était là depuis hier est aussi très court <eos>,13,court,courte,11,M,P,court,-4.902207,courte,-8.779278,1
11350,S_NOUN_8_ADJ_a,M,S,le clou avec les jouets qui était là depuis hier est aussi très dur <eos>,13,dur,dure,11,M,P,dur,-6.2820897,dure,-7.9609094,1
11351,S_NOUN_8_ADJ_a,M,S,le clou avec les jouets qui était là depuis hier est aussi très clair <eos>,13,clair,claire,11,M,P,clair,-5.878257,claire,-8.662681,1
11352,S_NOUN_8_ADJ_a,M,S,le clou avec les jouets qui était là depuis hier est aussi très intéressant <eos>,13,intéressant,intéressante,11,M,P,intéressant,-6.156295,intéressante,-9.273743,1
11353,S_NOUN_8_ADJ_a,M,S,le clou avec les jouets qui était là depuis hier est aussi très brillant <eos>,13,brillant,brillante,11,M,P,brillant,-7.3725505,brillante,-9.843321,1
11354,S_NOUN_8_ADJ_a,M,S,le clou avec les jouets qui était là depuis hier est aussi très compliqué <eos>,13,compliqué,compliquée,11,M,P,compliqué,-6.4071603,compliquée,-9.332834,1
11355,S_NOUN_8_ADJ_a,M,S,le clou avec les clous qui était là depuis hier est aussi très vert <eos>,13,vert,verte,11,M,P,vert,-8.87085,verte,-12.06711,1
11356,S_NOUN_8_ADJ_a,M,S,le clou avec les clous qui était là depuis hier est aussi très bleu <eos>,13,bleu,bleue,11,M,P,bleu,-9.513332,bleue,-14.47629,1
11357,S_NOUN_8_ADJ_a,M,S,le clou avec les clous qui était là depuis hier est aussi très noir <eos>,13,noir,noire,11,M,P,noir,-8.478695,noire,-10.967019,1
11358,S_NOUN_8_ADJ_a,M,S,le clou avec les clous qui était là depuis hier est aussi très délicat <eos>,13,délicat,délicate,11,M,P,délicat,-6.7991476,délicate,-9.023929,1
11359,S_NOUN_8_ADJ_a,M,S,le clou avec les clous qui était là depuis hier est aussi très pointu <eos>,13,pointu,pointue,11,M,P,pointu,-7.3876934,pointue,-11.522397,1
11360,S_NOUN_8_ADJ_a,M,S,le clou avec les clous qui était là depuis hier est aussi très rond <eos>,13,rond,ronde,11,M,P,rond,-9.404856,ronde,-11.404696,1
11361,S_NOUN_8_ADJ_a,M,S,le clou avec les clous qui était là depuis hier est aussi très froid <eos>,13,froid,froide,11,M,P,froid,-7.4320498,froide,-10.531637,1
11362,S_NOUN_8_ADJ_a,M,S,le clou avec les clous qui était là depuis hier est aussi très chaud <eos>,13,chaud,chaude,11,M,P,chaud,-6.8909674,chaude,-9.720731,1
11363,S_NOUN_8_ADJ_a,M,S,le clou avec les clous qui était là depuis hier est aussi très important <eos>,13,important,importante,11,M,P,important,-5.562235,importante,-8.448054,1
11364,S_NOUN_8_ADJ_a,M,S,le clou avec les clous qui était là depuis hier est aussi très court <eos>,13,court,courte,11,M,P,court,-4.2706842,courte,-7.9052124,1
11365,S_NOUN_8_ADJ_a,M,S,le clou avec les clous qui était là depuis hier est aussi très dur <eos>,13,dur,dure,11,M,P,dur,-5.620143,dure,-7.55818,1
11366,S_NOUN_8_ADJ_a,M,S,le clou avec les clous qui était là depuis hier est aussi très clair <eos>,13,clair,claire,11,M,P,clair,-5.34506,claire,-8.347782,1
11367,S_NOUN_8_ADJ_a,M,S,le clou avec les clous qui était là depuis hier est aussi très intéressant <eos>,13,intéressant,intéressante,11,M,P,intéressant,-6.288895,intéressante,-9.561956,1
11368,S_NOUN_8_ADJ_a,M,S,le clou avec les clous qui était là depuis hier est aussi très brillant <eos>,13,brillant,brillante,11,M,P,brillant,-7.191556,brillante,-9.6251955,1
11369,S_NOUN_8_ADJ_a,M,S,le clou avec les clous qui était là depuis hier est aussi très compliqué <eos>,13,compliqué,compliquée,11,M,P,compliqué,-6.5159574,compliquée,-9.602008,1
11370,S_NOUN_8_ADJ_a,M,S,le clou avec les billets qui était là depuis hier est aussi très vert <eos>,13,vert,verte,11,M,P,vert,-9.069676,verte,-12.550894,1
11371,S_NOUN_8_ADJ_a,M,S,le clou avec les billets qui était là depuis hier est aussi très bleu <eos>,13,bleu,bleue,11,M,P,bleu,-9.453824,bleue,-15.386109,1
11372,S_NOUN_8_ADJ_a,M,S,le clou avec les billets qui était là depuis hier est aussi très noir <eos>,13,noir,noire,11,M,P,noir,-8.099853,noire,-12.195773,1
11373,S_NOUN_8_ADJ_a,M,S,le clou avec les billets qui était là depuis hier est aussi très délicat <eos>,13,délicat,délicate,11,M,P,délicat,-7.47961,délicate,-10.1232395,1
11374,S_NOUN_8_ADJ_a,M,S,le clou avec les billets qui était là depuis hier est aussi très pointu <eos>,13,pointu,pointue,11,M,P,pointu,-8.87095,pointue,-12.966842,1
11375,S_NOUN_8_ADJ_a,M,S,le clou avec les billets qui était là depuis hier est aussi très rond <eos>,13,rond,ronde,11,M,P,rond,-10.336491,ronde,-13.211049,1
11376,S_NOUN_8_ADJ_a,M,S,le clou avec les billets qui était là depuis hier est aussi très froid <eos>,13,froid,froide,11,M,P,froid,-8.047958,froide,-11.669693,1
11377,S_NOUN_8_ADJ_a,M,S,le clou avec les billets qui était là depuis hier est aussi très chaud <eos>,13,chaud,chaude,11,M,P,chaud,-7.2766695,chaude,-10.147024,1
11378,S_NOUN_8_ADJ_a,M,S,le clou avec les billets qui était là depuis hier est aussi très important <eos>,13,important,importante,11,M,P,important,-4.7333736,importante,-7.743788,1
11379,S_NOUN_8_ADJ_a,M,S,le clou avec les billets qui était là depuis hier est aussi très court <eos>,13,court,courte,11,M,P,court,-4.476536,courte,-7.829999,1
11380,S_NOUN_8_ADJ_a,M,S,le clou avec les billets qui était là depuis hier est aussi très dur <eos>,13,dur,dure,11,M,P,dur,-6.5614014,dure,-8.931536,1
11381,S_NOUN_8_ADJ_a,M,S,le clou avec les billets qui était là depuis hier est aussi très clair <eos>,13,clair,claire,11,M,P,clair,-6.0483165,claire,-9.212095,1
11382,S_NOUN_8_ADJ_a,M,S,le clou avec les billets qui était là depuis hier est aussi très intéressant <eos>,13,intéressant,intéressante,11,M,P,intéressant,-6.318575,intéressante,-8.800171,1
11383,S_NOUN_8_ADJ_a,M,S,le clou avec les billets qui était là depuis hier est aussi très brillant <eos>,13,brillant,brillante,11,M,P,brillant,-7.648365,brillante,-10.194842,1
11384,S_NOUN_8_ADJ_a,M,S,le clou avec les billets qui était là depuis hier est aussi très compliqué <eos>,13,compliqué,compliquée,11,M,P,compliqué,-6.418971,compliquée,-10.052291,1
11385,S_NOUN_8_ADJ_a,M,S,le clou avec les légumes qui était là depuis hier est aussi très vert <eos>,13,vert,verte,11,M,P,vert,-8.641092,verte,-12.12809,1
11386,S_NOUN_8_ADJ_a,M,S,le clou avec les légumes qui était là depuis hier est aussi très bleu <eos>,13,bleu,bleue,11,M,P,bleu,-9.647275,bleue,-14.751753,1
11387,S_NOUN_8_ADJ_a,M,S,le clou avec les légumes qui était là depuis hier est aussi très noir <eos>,13,noir,noire,11,M,P,noir,-8.317607,noire,-11.574903,1
11388,S_NOUN_8_ADJ_a,M,S,le clou avec les légumes qui était là depuis hier est aussi très délicat <eos>,13,délicat,délicate,11,M,P,délicat,-6.6209173,délicate,-9.037104,1
11389,S_NOUN_8_ADJ_a,M,S,le clou avec les légumes qui était là depuis hier est aussi très pointu <eos>,13,pointu,pointue,11,M,P,pointu,-7.806172,pointue,-12.5131035,1
11390,S_NOUN_8_ADJ_a,M,S,le clou avec les légumes qui était là depuis hier est aussi très rond <eos>,13,rond,ronde,11,M,P,rond,-9.643679,ronde,-12.029871,1
11391,S_NOUN_8_ADJ_a,M,S,le clou avec les légumes qui était là depuis hier est aussi très froid <eos>,13,froid,froide,11,M,P,froid,-6.3147106,froide,-10.137585,1
11392,S_NOUN_8_ADJ_a,M,S,le clou avec les légumes qui était là depuis hier est aussi très chaud <eos>,13,chaud,chaude,11,M,P,chaud,-5.8031588,chaude,-8.992893,1
11393,S_NOUN_8_ADJ_a,M,S,le clou avec les légumes qui était là depuis hier est aussi très important <eos>,13,important,importante,11,M,P,important,-5.1750736,importante,-7.9820156,1
11394,S_NOUN_8_ADJ_a,M,S,le clou avec les légumes qui était là depuis hier est aussi très court <eos>,13,court,courte,11,M,P,court,-5.075429,courte,-8.90321,1
11395,S_NOUN_8_ADJ_a,M,S,le clou avec les légumes qui était là depuis hier est aussi très dur <eos>,13,dur,dure,11,M,P,dur,-5.665875,dure,-7.50386,1
11396,S_NOUN_8_ADJ_a,M,S,le clou avec les légumes qui était là depuis hier est aussi très clair <eos>,13,clair,claire,11,M,P,clair,-5.2996225,claire,-8.515948,1
11397,S_NOUN_8_ADJ_a,M,S,le clou avec les légumes qui était là depuis hier est aussi très intéressant <eos>,13,intéressant,intéressante,11,M,P,intéressant,-6.3458567,intéressante,-9.7409935,1
11398,S_NOUN_8_ADJ_a,M,S,le clou avec les légumes qui était là depuis hier est aussi très brillant <eos>,13,brillant,brillante,11,M,P,brillant,-7.154519,brillante,-9.701635,1
11399,S_NOUN_8_ADJ_a,M,S,le clou avec les légumes qui était là depuis hier est aussi très compliqué <eos>,13,compliqué,compliquée,11,M,P,compliqué,-7.1383257,compliquée,-10.296221,1
11400,S_NOUN_8_ADJ_a,M,S,le billet avec les bracelets qui était là depuis hier est aussi très vert <eos>,13,vert,verte,11,M,P,vert,-10.026303,verte,-14.482971,1
11401,S_NOUN_8_ADJ_a,M,S,le billet avec les bracelets qui était là depuis hier est aussi très bleu <eos>,13,bleu,bleue,11,M,P,bleu,-10.348321,bleue,-16.85247,1
11402,S_NOUN_8_ADJ_a,M,S,le billet avec les bracelets qui était là depuis hier est aussi très noir <eos>,13,noir,noire,11,M,P,noir,-9.182781,noire,-14.053778,1
11403,S_NOUN_8_ADJ_a,M,S,le billet avec les bracelets qui était là depuis hier est aussi très délicat <eos>,13,délicat,délicate,11,M,P,délicat,-7.5023623,délicate,-9.922105,1
11404,S_NOUN_8_ADJ_a,M,S,le billet avec les bracelets qui était là depuis hier est aussi très pointu <eos>,13,pointu,pointue,11,M,P,pointu,-8.837512,pointue,-13.778126,1
11405,S_NOUN_8_ADJ_a,M,S,le billet avec les bracelets qui était là depuis hier est aussi très rond <eos>,13,rond,ronde,11,M,P,rond,-10.758908,ronde,-14.295518,1
11406,S_NOUN_8_ADJ_a,M,S,le billet avec les bracelets qui était là depuis hier est aussi très froid <eos>,13,froid,froide,11,M,P,froid,-8.133635,froide,-12.68482,1
11407,S_NOUN_8_ADJ_a,M,S,le billet avec les bracelets qui était là depuis hier est aussi très chaud <eos>,13,chaud,chaude,11,M,P,chaud,-7.686337,chaude,-11.363001,1
11408,S_NOUN_8_ADJ_a,M,S,le billet avec les bracelets qui était là depuis hier est aussi très important <eos>,13,important,importante,11,M,P,important,-4.575904,importante,-8.760334,1
11409,S_NOUN_8_ADJ_a,M,S,le billet avec les bracelets qui était là depuis hier est aussi très court <eos>,13,court,courte,11,M,P,court,-4.4448314,courte,-8.7891655,1
11410,S_NOUN_8_ADJ_a,M,S,le billet avec les bracelets qui était là depuis hier est aussi très dur <eos>,13,dur,dure,11,M,P,dur,-5.992161,dure,-9.100561,1
11411,S_NOUN_8_ADJ_a,M,S,le billet avec les bracelets qui était là depuis hier est aussi très clair <eos>,13,clair,claire,11,M,P,clair,-6.119226,claire,-10.171841,1
11412,S_NOUN_8_ADJ_a,M,S,le billet avec les bracelets qui était là depuis hier est aussi très intéressant <eos>,13,intéressant,intéressante,11,M,P,intéressant,-6.068942,intéressante,-9.562502,1
11413,S_NOUN_8_ADJ_a,M,S,le billet avec les bracelets qui était là depuis hier est aussi très brillant <eos>,13,brillant,brillante,11,M,P,brillant,-7.656351,brillante,-11.5348425,1
11414,S_NOUN_8_ADJ_a,M,S,le billet avec les bracelets qui était là depuis hier est aussi très compliqué <eos>,13,compliqué,compliquée,11,M,P,compliqué,-5.323127,compliquée,-9.320116,1
11415,S_NOUN_8_ADJ_a,M,S,le billet avec les miroirs qui était là depuis hier est aussi très vert <eos>,13,vert,verte,11,M,P,vert,-9.954499,verte,-14.395792,1
11416,S_NOUN_8_ADJ_a,M,S,le billet avec les miroirs qui était là depuis hier est aussi très bleu <eos>,13,bleu,bleue,11,M,P,bleu,-10.521944,bleue,-17.089512,1
11417,S_NOUN_8_ADJ_a,M,S,le billet avec les miroirs qui était là depuis hier est aussi très noir <eos>,13,noir,noire,11,M,P,noir,-9.156143,noire,-14.731989,1
11418,S_NOUN_8_ADJ_a,M,S,le billet avec les miroirs qui était là depuis hier est aussi très délicat <eos>,13,délicat,délicate,11,M,P,délicat,-7.292465,délicate,-10.093381,1
11419,S_NOUN_8_ADJ_a,M,S,le billet avec les miroirs qui était là depuis hier est aussi très pointu <eos>,13,pointu,pointue,11,M,P,pointu,-9.160738,pointue,-13.715626,1
11420,S_NOUN_8_ADJ_a,M,S,le billet avec les miroirs qui était là depuis hier est aussi très rond <eos>,13,rond,ronde,11,M,P,rond,-10.629967,ronde,-14.830643,1
11421,S_NOUN_8_ADJ_a,M,S,le billet avec les miroirs qui était là depuis hier est aussi très froid <eos>,13,froid,froide,11,M,P,froid,-7.591018,froide,-12.149006,1
11422,S_NOUN_8_ADJ_a,M,S,le billet avec les miroirs qui était là depuis hier est aussi très chaud <eos>,13,chaud,chaude,11,M,P,chaud,-7.3795595,chaude,-10.713245,1
11423,S_NOUN_8_ADJ_a,M,S,le billet avec les miroirs qui était là depuis hier est aussi très important <eos>,13,important,importante,11,M,P,important,-4.3118696,importante,-8.45506,1
11424,S_NOUN_8_ADJ_a,M,S,le billet avec les miroirs qui était là depuis hier est aussi très court <eos>,13,court,courte,11,M,P,court,-4.3329287,courte,-8.712341,1
11425,S_NOUN_8_ADJ_a,M,S,le billet avec les miroirs qui était là depuis hier est aussi très dur <eos>,13,dur,dure,11,M,P,dur,-5.7473555,dure,-9.094248,1
11426,S_NOUN_8_ADJ_a,M,S,le billet avec les miroirs qui était là depuis hier est aussi très clair <eos>,13,clair,claire,11,M,P,clair,-5.9208765,claire,-10.052203,1
11427,S_NOUN_8_ADJ_a,M,S,le billet avec les miroirs qui était là depuis hier est aussi très intéressant <eos>,13,intéressant,intéressante,11,M,P,intéressant,-5.9021378,intéressante,-9.5739975,1
11428,S_NOUN_8_ADJ_a,M,S,le billet avec les miroirs qui était là depuis hier est aussi très brillant <eos>,13,brillant,brillante,11,M,P,brillant,-7.1453466,brillante,-10.593575,1
11429,S_NOUN_8_ADJ_a,M,S,le billet avec les miroirs qui était là depuis hier est aussi très compliqué <eos>,13,compliqué,compliquée,11,M,P,compliqué,-5.4825764,compliquée,-8.947184,1
11430,S_NOUN_8_ADJ_a,M,S,le billet avec les crayons qui était là depuis hier est aussi très vert <eos>,13,vert,verte,11,M,P,vert,-9.48852,verte,-14.036218,1
11431,S_NOUN_8_ADJ_a,M,S,le billet avec les crayons qui était là depuis hier est aussi très bleu <eos>,13,bleu,bleue,11,M,P,bleu,-10.072857,bleue,-16.874739,1
11432,S_NOUN_8_ADJ_a,M,S,le billet avec les crayons qui était là depuis hier est aussi très noir <eos>,13,noir,noire,11,M,P,noir,-8.880967,noire,-14.229801,1
11433,S_NOUN_8_ADJ_a,M,S,le billet avec les crayons qui était là depuis hier est aussi très délicat <eos>,13,délicat,délicate,11,M,P,délicat,-6.9640646,délicate,-10.108755,1
11434,S_NOUN_8_ADJ_a,M,S,le billet avec les crayons qui était là depuis hier est aussi très pointu <eos>,13,pointu,pointue,11,M,P,pointu,-9.127858,pointue,-14.344028,1
11435,S_NOUN_8_ADJ_a,M,S,le billet avec les crayons qui était là depuis hier est aussi très rond <eos>,13,rond,ronde,11,M,P,rond,-10.893525,ronde,-15.149939,1
11436,S_NOUN_8_ADJ_a,M,S,le billet avec les crayons qui était là depuis hier est aussi très froid <eos>,13,froid,froide,11,M,P,froid,-7.0793943,froide,-12.270439,1
11437,S_NOUN_8_ADJ_a,M,S,le billet avec les crayons qui était là depuis hier est aussi très chaud <eos>,13,chaud,chaude,11,M,P,chaud,-7.2646947,chaude,-10.967678,1
11438,S_NOUN_8_ADJ_a,M,S,le billet avec les crayons qui était là depuis hier est aussi très important <eos>,13,important,importante,11,M,P,important,-4.216264,importante,-8.318632,1
11439,S_NOUN_8_ADJ_a,M,S,le billet avec les crayons qui était là depuis hier est aussi très court <eos>,13,court,courte,11,M,P,court,-4.7423286,courte,-9.253912,1
11440,S_NOUN_8_ADJ_a,M,S,le billet avec les crayons qui était là depuis hier est aussi très dur <eos>,13,dur,dure,11,M,P,dur,-5.7586374,dure,-8.685057,1
11441,S_NOUN_8_ADJ_a,M,S,le billet avec les crayons qui était là depuis hier est aussi très clair <eos>,13,clair,claire,11,M,P,clair,-5.4942875,claire,-9.539106,1
11442,S_NOUN_8_ADJ_a,M,S,le billet avec les crayons qui était là depuis hier est aussi très intéressant <eos>,13,intéressant,intéressante,11,M,P,intéressant,-6.0560656,intéressante,-9.843978,1
11443,S_NOUN_8_ADJ_a,M,S,le billet avec les crayons qui était là depuis hier est aussi très brillant <eos>,13,brillant,brillante,11,M,P,brillant,-7.1757307,brillante,-10.796032,1
11444,S_NOUN_8_ADJ_a,M,S,le billet avec les crayons qui était là depuis hier est aussi très compliqué <eos>,13,compliqué,compliquée,11,M,P,compliqué,-6.1124096,compliquée,-9.600617,1
11445,S_NOUN_8_ADJ_a,M,S,le billet avec les rideaux qui était là depuis hier est aussi très vert <eos>,13,vert,verte,11,M,P,vert,-9.974882,verte,-14.405347,1
11446,S_NOUN_8_ADJ_a,M,S,le billet avec les rideaux qui était là depuis hier est aussi très bleu <eos>,13,bleu,bleue,11,M,P,bleu,-10.2694,bleue,-16.88638,1
11447,S_NOUN_8_ADJ_a,M,S,le billet avec les rideaux qui était là depuis hier est aussi très noir <eos>,13,noir,noire,11,M,P,noir,-8.980421,noire,-14.062024,1
11448,S_NOUN_8_ADJ_a,M,S,le billet avec les rideaux qui était là depuis hier est aussi très délicat <eos>,13,délicat,délicate,11,M,P,délicat,-7.262265,délicate,-10.199613,1
11449,S_NOUN_8_ADJ_a,M,S,le billet avec les rideaux qui était là depuis hier est aussi très pointu <eos>,13,pointu,pointue,11,M,P,pointu,-9.054664,pointue,-14.211275,1
11450,S_NOUN_8_ADJ_a,M,S,le billet avec les rideaux qui était là depuis hier est aussi très rond <eos>,13,rond,ronde,11,M,P,rond,-10.641454,ronde,-14.621909,1
11451,S_NOUN_8_ADJ_a,M,S,le billet avec les rideaux qui était là depuis hier est aussi très froid <eos>,13,froid,froide,11,M,P,froid,-7.3983517,froide,-12.532687,1
11452,S_NOUN_8_ADJ_a,M,S,le billet avec les rideaux qui était là depuis hier est aussi très chaud <eos>,13,chaud,chaude,11,M,P,chaud,-7.3626804,chaude,-10.91535,1
11453,S_NOUN_8_ADJ_a,M,S,le billet avec les rideaux qui était là depuis hier est aussi très important <eos>,13,important,importante,11,M,P,important,-4.3416433,importante,-8.595178,1
11454,S_NOUN_8_ADJ_a,M,S,le billet avec les rideaux qui était là depuis hier est aussi très court <eos>,13,court,courte,11,M,P,court,-4.146676,courte,-8.846875,1
11455,S_NOUN_8_ADJ_a,M,S,le billet avec les rideaux qui était là depuis hier est aussi très dur <eos>,13,dur,dure,11,M,P,dur,-6.1233196,dure,-8.6706,1
11456,S_NOUN_8_ADJ_a,M,S,le billet avec les rideaux qui était là depuis hier est aussi très clair <eos>,13,clair,claire,11,M,P,clair,-5.75968,claire,-9.706027,1
11457,S_NOUN_8_ADJ_a,M,S,le billet avec les rideaux qui était là depuis hier est aussi très intéressant <eos>,13,intéressant,intéressante,11,M,P,intéressant,-6.166933,intéressante,-9.720687,1
11458,S_NOUN_8_ADJ_a,M,S,le billet avec les rideaux qui était là depuis hier est aussi très brillant <eos>,13,brillant,brillante,11,M,P,brillant,-7.733861,brillante,-11.354383,1
11459,S_NOUN_8_ADJ_a,M,S,le billet avec les rideaux qui était là depuis hier est aussi très compliqué <eos>,13,compliqué,compliquée,11,M,P,compliqué,-5.569089,compliquée,-9.292264,1
11460,S_NOUN_8_ADJ_a,M,S,le billet avec les cahiers qui était là depuis hier est aussi très vert <eos>,13,vert,verte,11,M,P,vert,-10.954449,verte,-15.210817,1
11461,S_NOUN_8_ADJ_a,M,S,le billet avec les cahiers qui était là depuis hier est aussi très bleu <eos>,13,bleu,bleue,11,M,P,bleu,-11.568039,bleue,-18.102953,1
11462,S_NOUN_8_ADJ_a,M,S,le billet avec les cahiers qui était là depuis hier est aussi très noir <eos>,13,noir,noire,11,M,P,noir,-9.663008,noire,-15.503702,1
11463,S_NOUN_8_ADJ_a,M,S,le billet avec les cahiers qui était là depuis hier est aussi très délicat <eos>,13,délicat,délicate,11,M,P,délicat,-7.8343854,délicate,-10.768324,1
11464,S_NOUN_8_ADJ_a,M,S,le billet avec les cahiers qui était là depuis hier est aussi très pointu <eos>,13,pointu,pointue,11,M,P,pointu,-9.01504,pointue,-14.326502,1
11465,S_NOUN_8_ADJ_a,M,S,le billet avec les cahiers qui était là depuis hier est aussi très rond <eos>,13,rond,ronde,11,M,P,rond,-11.917601,ronde,-16.36959,1
11466,S_NOUN_8_ADJ_a,M,S,le billet avec les cahiers qui était là depuis hier est aussi très froid <eos>,13,froid,froide,11,M,P,froid,-7.8408566,froide,-13.415287,1
11467,S_NOUN_8_ADJ_a,M,S,le billet avec les cahiers qui était là depuis hier est aussi très chaud <eos>,13,chaud,chaude,11,M,P,chaud,-7.9303093,chaude,-12.336757,1
11468,S_NOUN_8_ADJ_a,M,S,le billet avec les cahiers qui était là depuis hier est aussi très important <eos>,13,important,importante,11,M,P,important,-3.6704159,importante,-7.9503965,1
11469,S_NOUN_8_ADJ_a,M,S,le billet avec les cahiers qui était là depuis hier est aussi très court <eos>,13,court,courte,11,M,P,court,-4.6124926,courte,-8.537211,1
11470,S_NOUN_8_ADJ_a,M,S,le billet avec les cahiers qui était là depuis hier est aussi très dur <eos>,13,dur,dure,11,M,P,dur,-6.2164087,dure,-8.631891,1
11471,S_NOUN_8_ADJ_a,M,S,le billet avec les cahiers qui était là depuis hier est aussi très clair <eos>,13,clair,claire,11,M,P,clair,-6.049576,claire,-10.463253,1
11472,S_NOUN_8_ADJ_a,M,S,le billet avec les cahiers qui était là depuis hier est aussi très intéressant <eos>,13,intéressant,intéressante,11,M,P,intéressant,-5.7593546,intéressante,-9.3885765,1
11473,S_NOUN_8_ADJ_a,M,S,le billet avec les cahiers qui était là depuis hier est aussi très brillant <eos>,13,brillant,brillante,11,M,P,brillant,-7.8138046,brillante,-11.755447,1
11474,S_NOUN_8_ADJ_a,M,S,le billet avec les cahiers qui était là depuis hier est aussi très compliqué <eos>,13,compliqué,compliquée,11,M,P,compliqué,-5.6745105,compliquée,-9.3342705,1
11475,S_NOUN_8_ADJ_a,M,S,le billet avec les micros qui était là depuis hier est aussi très vert <eos>,13,vert,verte,11,M,P,vert,-10.685469,verte,-15.447466,1
11476,S_NOUN_8_ADJ_a,M,S,le billet avec les micros qui était là depuis hier est aussi très bleu <eos>,13,bleu,bleue,11,M,P,bleu,-10.996313,bleue,-17.932665,1
11477,S_NOUN_8_ADJ_a,M,S,le billet avec les micros qui était là depuis hier est aussi très noir <eos>,13,noir,noire,11,M,P,noir,-9.501278,noire,-15.100446,1
11478,S_NOUN_8_ADJ_a,M,S,le billet avec les micros qui était là depuis hier est aussi très délicat <eos>,13,délicat,délicate,11,M,P,délicat,-7.2448034,délicate,-9.941237,1
11479,S_NOUN_8_ADJ_a,M,S,le billet avec les micros qui était là depuis hier est aussi très pointu <eos>,13,pointu,pointue,11,M,P,pointu,-9.054662,pointue,-14.441448,1
11480,S_NOUN_8_ADJ_a,M,S,le billet avec les micros qui était là depuis hier est aussi très rond <eos>,13,rond,ronde,11,M,P,rond,-10.783739,ronde,-15.290461,1
11481,S_NOUN_8_ADJ_a,M,S,le billet avec les micros qui était là depuis hier est aussi très froid <eos>,13,froid,froide,11,M,P,froid,-7.8499594,froide,-13.184625,1
11482,S_NOUN_8_ADJ_a,M,S,le billet avec les micros qui était là depuis hier est aussi très chaud <eos>,13,chaud,chaude,11,M,P,chaud,-7.3811855,chaude,-11.251077,1
11483,S_NOUN_8_ADJ_a,M,S,le billet avec les micros qui était là depuis hier est aussi très important <eos>,13,important,importante,11,M,P,important,-4.072818,importante,-8.600165,1
11484,S_NOUN_8_ADJ_a,M,S,le billet avec les micros qui était là depuis hier est aussi très court <eos>,13,court,courte,11,M,P,court,-4.568367,courte,-8.944759,1
11485,S_NOUN_8_ADJ_a,M,S,le billet avec les micros qui était là depuis hier est aussi très dur <eos>,13,dur,dure,11,M,P,dur,-5.484023,dure,-8.446289,1
11486,S_NOUN_8_ADJ_a,M,S,le billet avec les micros qui était là depuis hier est aussi très clair <eos>,13,clair,claire,11,M,P,clair,-5.7647557,claire,-10.125692,1
11487,S_NOUN_8_ADJ_a,M,S,le billet avec les micros qui était là depuis hier est aussi très intéressant <eos>,13,intéressant,intéressante,11,M,P,intéressant,-6.1843963,intéressante,-9.856335,1
11488,S_NOUN_8_ADJ_a,M,S,le billet avec les micros qui était là depuis hier est aussi très brillant <eos>,13,brillant,brillante,11,M,P,brillant,-7.6186733,brillante,-11.970145,1
11489,S_NOUN_8_ADJ_a,M,S,le billet avec les micros qui était là depuis hier est aussi très compliqué <eos>,13,compliqué,compliquée,11,M,P,compliqué,-4.781866,compliquée,-8.783782,1
11490,S_NOUN_8_ADJ_a,M,S,le billet avec les sacs qui était là depuis hier est aussi très vert <eos>,13,vert,verte,11,M,P,vert,-10.146585,verte,-14.857996,1
11491,S_NOUN_8_ADJ_a,M,S,le billet avec les sacs qui était là depuis hier est aussi très bleu <eos>,13,bleu,bleue,11,M,P,bleu,-10.679846,bleue,-17.429127,1
11492,S_NOUN_8_ADJ_a,M,S,le billet avec les sacs qui était là depuis hier est aussi très noir <eos>,13,noir,noire,11,M,P,noir,-9.3988,noire,-14.564921,1
11493,S_NOUN_8_ADJ_a,M,S,le billet avec les sacs qui était là depuis hier est aussi très délicat <eos>,13,délicat,délicate,11,M,P,délicat,-7.3101707,délicate,-9.86492,1
11494,S_NOUN_8_ADJ_a,M,S,le billet avec les sacs qui était là depuis hier est aussi très pointu <eos>,13,pointu,pointue,11,M,P,pointu,-8.867985,pointue,-14.091475,1
11495,S_NOUN_8_ADJ_a,M,S,le billet avec les sacs qui était là depuis hier est aussi très rond <eos>,13,rond,ronde,11,M,P,rond,-10.816261,ronde,-14.70142,1
11496,S_NOUN_8_ADJ_a,M,S,le billet avec les sacs qui était là depuis hier est aussi très froid <eos>,13,froid,froide,11,M,P,froid,-7.3720655,froide,-12.540765,1
11497,S_NOUN_8_ADJ_a,M,S,le billet avec les sacs qui était là depuis hier est aussi très chaud <eos>,13,chaud,chaude,11,M,P,chaud,-6.9412937,chaude,-10.9326315,1
11498,S_NOUN_8_ADJ_a,M,S,le billet avec les sacs qui était là depuis hier est aussi très important <eos>,13,important,importante,11,M,P,important,-3.889678,importante,-8.04376,1
11499,S_NOUN_8_ADJ_a,M,S,le billet avec les sacs qui était là depuis hier est aussi très court <eos>,13,court,courte,11,M,P,court,-4.2361865,courte,-8.75992,1
11500,S_NOUN_8_ADJ_a,M,S,le billet avec les sacs qui était là depuis hier est aussi très dur <eos>,13,dur,dure,11,M,P,dur,-5.6879754,dure,-8.573612,1
11501,S_NOUN_8_ADJ_a,M,S,le billet avec les sacs qui était là depuis hier est aussi très clair <eos>,13,clair,claire,11,M,P,clair,-5.9783573,claire,-10.301573,1
11502,S_NOUN_8_ADJ_a,M,S,le billet avec les sacs qui était là depuis hier est aussi très intéressant <eos>,13,intéressant,intéressante,11,M,P,intéressant,-5.805268,intéressante,-9.590402,1
11503,S_NOUN_8_ADJ_a,M,S,le billet avec les sacs qui était là depuis hier est aussi très brillant <eos>,13,brillant,brillante,11,M,P,brillant,-8.089269,brillante,-12.065252,1
11504,S_NOUN_8_ADJ_a,M,S,le billet avec les sacs qui était là depuis hier est aussi très compliqué <eos>,13,compliqué,compliquée,11,M,P,compliqué,-5.58178,compliquée,-9.504183,1
11505,S_NOUN_8_ADJ_a,M,S,le billet avec les claviers qui était là depuis hier est aussi très vert <eos>,13,vert,verte,11,M,P,vert,-11.247925,verte,-15.618042,1
11506,S_NOUN_8_ADJ_a,M,S,le billet avec les claviers qui était là depuis hier est aussi très bleu <eos>,13,bleu,bleue,11,M,P,bleu,-11.640472,bleue,-18.193874,1
11507,S_NOUN_8_ADJ_a,M,S,le billet avec les claviers qui était là depuis hier est aussi très noir <eos>,13,noir,noire,11,M,P,noir,-10.023718,noire,-15.525475,1
11508,S_NOUN_8_ADJ_a,M,S,le billet avec les claviers qui était là depuis hier est aussi très délicat <eos>,13,délicat,délicate,11,M,P,délicat,-7.1615524,délicate,-10.1638775,1
11509,S_NOUN_8_ADJ_a,M,S,le billet avec les claviers qui était là depuis hier est aussi très pointu <eos>,13,pointu,pointue,11,M,P,pointu,-8.982453,pointue,-14.3883705,1
11510,S_NOUN_8_ADJ_a,M,S,le billet avec les claviers qui était là depuis hier est aussi très rond <eos>,13,rond,ronde,11,M,P,rond,-11.006538,ronde,-15.451777,1
11511,S_NOUN_8_ADJ_a,M,S,le billet avec les claviers qui était là depuis hier est aussi très froid <eos>,13,froid,froide,11,M,P,froid,-7.7900324,froide,-13.494332,1
11512,S_NOUN_8_ADJ_a,M,S,le billet avec les claviers qui était là depuis hier est aussi très chaud <eos>,13,chaud,chaude,11,M,P,chaud,-7.782224,chaude,-11.1783695,1
11513,S_NOUN_8_ADJ_a,M,S,le billet avec les claviers qui était là depuis hier est aussi très important <eos>,13,important,importante,11,M,P,important,-4.0596833,importante,-8.389139,1
11514,S_NOUN_8_ADJ_a,M,S,le billet avec les claviers qui était là depuis hier est aussi très court <eos>,13,court,courte,11,M,P,court,-5.0063114,courte,-9.140566,1
11515,S_NOUN_8_ADJ_a,M,S,le billet avec les claviers qui était là depuis hier est aussi très dur <eos>,13,dur,dure,11,M,P,dur,-5.0459037,dure,-8.5192375,1
11516,S_NOUN_8_ADJ_a,M,S,le billet avec les claviers qui était là depuis hier est aussi très clair <eos>,13,clair,claire,11,M,P,clair,-6.0165453,claire,-10.038501,1
11517,S_NOUN_8_ADJ_a,M,S,le billet avec les claviers qui était là depuis hier est aussi très intéressant <eos>,13,intéressant,intéressante,11,M,P,intéressant,-5.872534,intéressante,-9.51892,1
11518,S_NOUN_8_ADJ_a,M,S,le billet avec les claviers qui était là depuis hier est aussi très brillant <eos>,13,brillant,brillante,11,M,P,brillant,-7.4142513,brillante,-11.333528,1
11519,S_NOUN_8_ADJ_a,M,S,le billet avec les claviers qui était là depuis hier est aussi très compliqué <eos>,13,compliqué,compliquée,11,M,P,compliqué,-5.2040796,compliquée,-8.683213,1
11520,S_NOUN_8_ADJ_a,M,S,le billet avec les raisins qui était là depuis hier est aussi très vert <eos>,13,vert,verte,11,M,P,vert,-9.446138,verte,-14.544626,1
11521,S_NOUN_8_ADJ_a,M,S,le billet avec les raisins qui était là depuis hier est aussi très bleu <eos>,13,bleu,bleue,11,M,P,bleu,-10.602791,bleue,-17.536991,1
11522,S_NOUN_8_ADJ_a,M,S,le billet avec les raisins qui était là depuis hier est aussi très noir <eos>,13,noir,noire,11,M,P,noir,-9.275839,noire,-14.591177,1
11523,S_NOUN_8_ADJ_a,M,S,le billet avec les raisins qui était là depuis hier est aussi très délicat <eos>,13,délicat,délicate,11,M,P,délicat,-6.551511,délicate,-9.5078335,1
11524,S_NOUN_8_ADJ_a,M,S,le billet avec les raisins qui était là depuis hier est aussi très pointu <eos>,13,pointu,pointue,11,M,P,pointu,-8.8773365,pointue,-14.258556,1
11525,S_NOUN_8_ADJ_a,M,S,le billet avec les raisins qui était là depuis hier est aussi très rond <eos>,13,rond,ronde,11,M,P,rond,-10.786858,ronde,-14.253067,1
11526,S_NOUN_8_ADJ_a,M,S,le billet avec les raisins qui était là depuis hier est aussi très froid <eos>,13,froid,froide,11,M,P,froid,-6.3341446,froide,-12.112119,1
11527,S_NOUN_8_ADJ_a,M,S,le billet avec les raisins qui était là depuis hier est aussi très chaud <eos>,13,chaud,chaude,11,M,P,chaud,-6.0641336,chaude,-10.6956005,1
11528,S_NOUN_8_ADJ_a,M,S,le billet avec les raisins qui était là depuis hier est aussi très important <eos>,13,important,importante,11,M,P,important,-3.8641837,importante,-7.938587,1
11529,S_NOUN_8_ADJ_a,M,S,le billet avec les raisins qui était là depuis hier est aussi très court <eos>,13,court,courte,11,M,P,court,-4.323601,courte,-9.355408,1
11530,S_NOUN_8_ADJ_a,M,S,le billet avec les raisins qui était là depuis hier est aussi très dur <eos>,13,dur,dure,11,M,P,dur,-4.726694,dure,-8.084893,1
11531,S_NOUN_8_ADJ_a,M,S,le billet avec les raisins qui était là depuis hier est aussi très clair <eos>,13,clair,claire,11,M,P,clair,-5.4008045,claire,-9.63344,1
11532,S_NOUN_8_ADJ_a,M,S,le billet avec les raisins qui était là depuis hier est aussi très intéressant <eos>,13,intéressant,intéressante,11,M,P,intéressant,-5.9721847,intéressante,-9.907622,1
11533,S_NOUN_8_ADJ_a,M,S,le billet avec les raisins qui était là depuis hier est aussi très brillant <eos>,13,brillant,brillante,11,M,P,brillant,-7.3715324,brillante,-11.0703335,1
11534,S_NOUN_8_ADJ_a,M,S,le billet avec les raisins qui était là depuis hier est aussi très compliqué <eos>,13,compliqué,compliquée,11,M,P,compliqué,-6.0796914,compliquée,-9.9614525,1
11535,S_NOUN_8_ADJ_a,M,S,le billet avec les chargeurs qui était là depuis hier est aussi très vert <eos>,13,vert,verte,11,M,P,vert,-10.872297,verte,-15.932256,1
11536,S_NOUN_8_ADJ_a,M,S,le billet avec les chargeurs qui était là depuis hier est aussi très bleu <eos>,13,bleu,bleue,11,M,P,bleu,-11.287218,bleue,-18.679518,1
11537,S_NOUN_8_ADJ_a,M,S,le billet avec les chargeurs qui était là depuis hier est aussi très noir <eos>,13,noir,noire,11,M,P,noir,-9.69334,noire,-15.55247,1
11538,S_NOUN_8_ADJ_a,M,S,le billet avec les chargeurs qui était là depuis hier est aussi très délicat <eos>,13,délicat,délicate,11,M,P,délicat,-7.7379284,délicate,-9.865665,1
11539,S_NOUN_8_ADJ_a,M,S,le billet avec les chargeurs qui était là depuis hier est aussi très pointu <eos>,13,pointu,pointue,11,M,P,pointu,-9.518042,pointue,-13.841202,1
11540,S_NOUN_8_ADJ_a,M,S,le billet avec les chargeurs qui était là depuis hier est aussi très rond <eos>,13,rond,ronde,11,M,P,rond,-10.838736,ronde,-14.963329,1
11541,S_NOUN_8_ADJ_a,M,S,le billet avec les chargeurs qui était là depuis hier est aussi très froid <eos>,13,froid,froide,11,M,P,froid,-7.802943,froide,-12.5211735,1
11542,S_NOUN_8_ADJ_a,M,S,le billet avec les chargeurs qui était là depuis hier est aussi très chaud <eos>,13,chaud,chaude,11,M,P,chaud,-7.6927195,chaude,-11.410139,1
11543,S_NOUN_8_ADJ_a,M,S,le billet avec les chargeurs qui était là depuis hier est aussi très important <eos>,13,important,importante,11,M,P,important,-3.4695857,importante,-7.6489315,1
11544,S_NOUN_8_ADJ_a,M,S,le billet avec les chargeurs qui était là depuis hier est aussi très court <eos>,13,court,courte,11,M,P,court,-4.3876743,courte,-8.135372,1
11545,S_NOUN_8_ADJ_a,M,S,le billet avec les chargeurs qui était là depuis hier est aussi très dur <eos>,13,dur,dure,11,M,P,dur,-6.0141077,dure,-9.467988,1
11546,S_NOUN_8_ADJ_a,M,S,le billet avec les chargeurs qui était là depuis hier est aussi très clair <eos>,13,clair,claire,11,M,P,clair,-7.1888657,claire,-11.703379,1
11547,S_NOUN_8_ADJ_a,M,S,le billet avec les chargeurs qui était là depuis hier est aussi très intéressant <eos>,13,intéressant,intéressante,11,M,P,intéressant,-5.8712306,intéressante,-9.551907,1
11548,S_NOUN_8_ADJ_a,M,S,le billet avec les chargeurs qui était là depuis hier est aussi très brillant <eos>,13,brillant,brillante,11,M,P,brillant,-8.577077,brillante,-12.724141,1
11549,S_NOUN_8_ADJ_a,M,S,le billet avec les chargeurs qui était là depuis hier est aussi très compliqué <eos>,13,compliqué,compliquée,11,M,P,compliqué,-5.0961504,compliquée,-9.472161,1
11550,S_NOUN_8_ADJ_a,M,S,le billet avec les vases qui était là depuis hier est aussi très vert <eos>,13,vert,verte,11,M,P,vert,-10.377253,verte,-14.256239,1
11551,S_NOUN_8_ADJ_a,M,S,le billet avec les vases qui était là depuis hier est aussi très bleu <eos>,13,bleu,bleue,11,M,P,bleu,-10.905516,bleue,-16.828335,1
11552,S_NOUN_8_ADJ_a,M,S,le billet avec les vases qui était là depuis hier est aussi très noir <eos>,13,noir,noire,11,M,P,noir,-9.77796,noire,-14.027429,1
11553,S_NOUN_8_ADJ_a,M,S,le billet avec les vases qui était là depuis hier est aussi très délicat <eos>,13,délicat,délicate,11,M,P,délicat,-7.2643003,délicate,-9.920557,1
11554,S_NOUN_8_ADJ_a,M,S,le billet avec les vases qui était là depuis hier est aussi très pointu <eos>,13,pointu,pointue,11,M,P,pointu,-8.930532,pointue,-13.8766165,1
11555,S_NOUN_8_ADJ_a,M,S,le billet avec les vases qui était là depuis hier est aussi très rond <eos>,13,rond,ronde,11,M,P,rond,-10.613182,ronde,-14.116267,1
11556,S_NOUN_8_ADJ_a,M,S,le billet avec les vases qui était là depuis hier est aussi très froid <eos>,13,froid,froide,11,M,P,froid,-8.046715,froide,-12.481743,1
11557,S_NOUN_8_ADJ_a,M,S,le billet avec les vases qui était là depuis hier est aussi très chaud <eos>,13,chaud,chaude,11,M,P,chaud,-7.3823147,chaude,-10.950861,1
11558,S_NOUN_8_ADJ_a,M,S,le billet avec les vases qui était là depuis hier est aussi très important <eos>,13,important,importante,11,M,P,important,-4.261795,importante,-8.272711,1
11559,S_NOUN_8_ADJ_a,M,S,le billet avec les vases qui était là depuis hier est aussi très court <eos>,13,court,courte,11,M,P,court,-4.434167,courte,-8.768027,1
11560,S_NOUN_8_ADJ_a,M,S,le billet avec les vases qui était là depuis hier est aussi très dur <eos>,13,dur,dure,11,M,P,dur,-5.811578,dure,-8.668724,1
11561,S_NOUN_8_ADJ_a,M,S,le billet avec les vases qui était là depuis hier est aussi très clair <eos>,13,clair,claire,11,M,P,clair,-5.8694,claire,-9.757577,1
11562,S_NOUN_8_ADJ_a,M,S,le billet avec les vases qui était là depuis hier est aussi très intéressant <eos>,13,intéressant,intéressante,11,M,P,intéressant,-6.056984,intéressante,-9.678116,1
11563,S_NOUN_8_ADJ_a,M,S,le billet avec les vases qui était là depuis hier est aussi très brillant <eos>,13,brillant,brillante,11,M,P,brillant,-7.5938807,brillante,-10.806739,1
11564,S_NOUN_8_ADJ_a,M,S,le billet avec les vases qui était là depuis hier est aussi très compliqué <eos>,13,compliqué,compliquée,11,M,P,compliqué,-6.0460634,compliquée,-9.672271,1
11565,S_NOUN_8_ADJ_a,M,S,le billet avec les paniers qui était là depuis hier est aussi très vert <eos>,13,vert,verte,11,M,P,vert,-10.327339,verte,-14.533794,1
11566,S_NOUN_8_ADJ_a,M,S,le billet avec les paniers qui était là depuis hier est aussi très bleu <eos>,13,bleu,bleue,11,M,P,bleu,-10.682109,bleue,-17.271051,1
11567,S_NOUN_8_ADJ_a,M,S,le billet avec les paniers qui était là depuis hier est aussi très noir <eos>,13,noir,noire,11,M,P,noir,-9.156446,noire,-14.237042,1
11568,S_NOUN_8_ADJ_a,M,S,le billet avec les paniers qui était là depuis hier est aussi très délicat <eos>,13,délicat,délicate,11,M,P,délicat,-7.4086485,délicate,-10.359193,1
11569,S_NOUN_8_ADJ_a,M,S,le billet avec les paniers qui était là depuis hier est aussi très pointu <eos>,13,pointu,pointue,11,M,P,pointu,-8.492167,pointue,-13.751804,1
11570,S_NOUN_8_ADJ_a,M,S,le billet avec les paniers qui était là depuis hier est aussi très rond <eos>,13,rond,ronde,11,M,P,rond,-10.540049,ronde,-14.570335,1
11571,S_NOUN_8_ADJ_a,M,S,le billet avec les paniers qui était là depuis hier est aussi très froid <eos>,13,froid,froide,11,M,P,froid,-7.8097754,froide,-12.932571,1
11572,S_NOUN_8_ADJ_a,M,S,le billet avec les paniers qui était là depuis hier est aussi très chaud <eos>,13,chaud,chaude,11,M,P,chaud,-7.4329395,chaude,-11.415168,1
11573,S_NOUN_8_ADJ_a,M,S,le billet avec les paniers qui était là depuis hier est aussi très important <eos>,13,important,importante,11,M,P,important,-4.2612677,importante,-8.460818,1
11574,S_NOUN_8_ADJ_a,M,S,le billet avec les paniers qui était là depuis hier est aussi très court <eos>,13,court,courte,11,M,P,court,-4.1761703,courte,-8.379151,1
11575,S_NOUN_8_ADJ_a,M,S,le billet avec les paniers qui était là depuis hier est aussi très dur <eos>,13,dur,dure,11,M,P,dur,-5.849146,dure,-8.806723,1
11576,S_NOUN_8_ADJ_a,M,S,le billet avec les paniers qui était là depuis hier est aussi très clair <eos>,13,clair,claire,11,M,P,clair,-5.9688888,claire,-10.0725155,1
11577,S_NOUN_8_ADJ_a,M,S,le billet avec les paniers qui était là depuis hier est aussi très intéressant <eos>,13,intéressant,intéressante,11,M,P,intéressant,-5.959202,intéressante,-9.559982,1
11578,S_NOUN_8_ADJ_a,M,S,le billet avec les paniers qui était là depuis hier est aussi très brillant <eos>,13,brillant,brillante,11,M,P,brillant,-7.8841343,brillante,-11.508306,1
11579,S_NOUN_8_ADJ_a,M,S,le billet avec les paniers qui était là depuis hier est aussi très compliqué <eos>,13,compliqué,compliquée,11,M,P,compliqué,-5.35549,compliquée,-9.083349,1
11580,S_NOUN_8_ADJ_a,M,S,le billet avec les colliers qui était là depuis hier est aussi très vert <eos>,13,vert,verte,11,M,P,vert,-10.356386,verte,-14.667007,1
11581,S_NOUN_8_ADJ_a,M,S,le billet avec les colliers qui était là depuis hier est aussi très bleu <eos>,13,bleu,bleue,11,M,P,bleu,-10.746767,bleue,-17.204948,1
11582,S_NOUN_8_ADJ_a,M,S,le billet avec les colliers qui était là depuis hier est aussi très noir <eos>,13,noir,noire,11,M,P,noir,-9.540551,noire,-14.289223,1
11583,S_NOUN_8_ADJ_a,M,S,le billet avec les colliers qui était là depuis hier est aussi très délicat <eos>,13,délicat,délicate,11,M,P,délicat,-7.2049212,délicate,-9.950259,1
11584,S_NOUN_8_ADJ_a,M,S,le billet avec les colliers qui était là depuis hier est aussi très pointu <eos>,13,pointu,pointue,11,M,P,pointu,-8.758111,pointue,-13.486422,1
11585,S_NOUN_8_ADJ_a,M,S,le billet avec les colliers qui était là depuis hier est aussi très rond <eos>,13,rond,ronde,11,M,P,rond,-10.670357,ronde,-14.395157,1
11586,S_NOUN_8_ADJ_a,M,S,le billet avec les colliers qui était là depuis hier est aussi très froid <eos>,13,froid,froide,11,M,P,froid,-8.215823,froide,-12.674655,1
11587,S_NOUN_8_ADJ_a,M,S,le billet avec les colliers qui était là depuis hier est aussi très chaud <eos>,13,chaud,chaude,11,M,P,chaud,-7.854458,chaude,-11.344951,1
11588,S_NOUN_8_ADJ_a,M,S,le billet avec les colliers qui était là depuis hier est aussi très important <eos>,13,important,importante,11,M,P,important,-4.3344793,importante,-8.379092,1
11589,S_NOUN_8_ADJ_a,M,S,le billet avec les colliers qui était là depuis hier est aussi très court <eos>,13,court,courte,11,M,P,court,-4.158491,courte,-8.370321,1
11590,S_NOUN_8_ADJ_a,M,S,le billet avec les colliers qui était là depuis hier est aussi très dur <eos>,13,dur,dure,11,M,P,dur,-5.7955227,dure,-8.718436,1
11591,S_NOUN_8_ADJ_a,M,S,le billet avec les colliers qui était là depuis hier est aussi très clair <eos>,13,clair,claire,11,M,P,clair,-5.984088,claire,-10.147592,1
11592,S_NOUN_8_ADJ_a,M,S,le billet avec les colliers qui était là depuis hier est aussi très intéressant <eos>,13,intéressant,intéressante,11,M,P,intéressant,-6.0707197,intéressante,-9.725627,1
11593,S_NOUN_8_ADJ_a,M,S,le billet avec les colliers qui était là depuis hier est aussi très brillant <eos>,13,brillant,brillante,11,M,P,brillant,-7.7623277,brillante,-11.264547,1
11594,S_NOUN_8_ADJ_a,M,S,le billet avec les colliers qui était là depuis hier est aussi très compliqué <eos>,13,compliqué,compliquée,11,M,P,compliqué,-5.2804203,compliquée,-9.256683,1
11595,S_NOUN_8_ADJ_a,M,S,le billet avec les chapeaux qui était là depuis hier est aussi très vert <eos>,13,vert,verte,11,M,P,vert,-10.205818,verte,-14.492223,1
11596,S_NOUN_8_ADJ_a,M,S,le billet avec les chapeaux qui était là depuis hier est aussi très bleu <eos>,13,bleu,bleue,11,M,P,bleu,-10.367869,bleue,-16.969383,1
11597,S_NOUN_8_ADJ_a,M,S,le billet avec les chapeaux qui était là depuis hier est aussi très noir <eos>,13,noir,noire,11,M,P,noir,-8.962224,noire,-14.252546,1
11598,S_NOUN_8_ADJ_a,M,S,le billet avec les chapeaux qui était là depuis hier est aussi très délicat <eos>,13,délicat,délicate,11,M,P,délicat,-7.5434036,délicate,-10.803845,1
11599,S_NOUN_8_ADJ_a,M,S,le billet avec les chapeaux qui était là depuis hier est aussi très pointu <eos>,13,pointu,pointue,11,M,P,pointu,-8.713446,pointue,-14.220022,1
11600,S_NOUN_8_ADJ_a,M,S,le billet avec les chapeaux qui était là depuis hier est aussi très rond <eos>,13,rond,ronde,11,M,P,rond,-10.706132,ronde,-14.738903,1
11601,S_NOUN_8_ADJ_a,M,S,le billet avec les chapeaux qui était là depuis hier est aussi très froid <eos>,13,froid,froide,11,M,P,froid,-7.9717436,froide,-13.249294,1
11602,S_NOUN_8_ADJ_a,M,S,le billet avec les chapeaux qui était là depuis hier est aussi très chaud <eos>,13,chaud,chaude,11,M,P,chaud,-7.831418,chaude,-11.575188,1
11603,S_NOUN_8_ADJ_a,M,S,le billet avec les chapeaux qui était là depuis hier est aussi très important <eos>,13,important,importante,11,M,P,important,-4.364431,importante,-8.689529,1
11604,S_NOUN_8_ADJ_a,M,S,le billet avec les chapeaux qui était là depuis hier est aussi très court <eos>,13,court,courte,11,M,P,court,-4.1799994,courte,-8.487815,1
11605,S_NOUN_8_ADJ_a,M,S,le billet avec les chapeaux qui était là depuis hier est aussi très dur <eos>,13,dur,dure,11,M,P,dur,-6.0453944,dure,-9.005047,1
11606,S_NOUN_8_ADJ_a,M,S,le billet avec les chapeaux qui était là depuis hier est aussi très clair <eos>,13,clair,claire,11,M,P,clair,-6.1557984,claire,-10.307207,1
11607,S_NOUN_8_ADJ_a,M,S,le billet avec les chapeaux qui était là depuis hier est aussi très intéressant <eos>,13,intéressant,intéressante,11,M,P,intéressant,-6.094207,intéressante,-9.708856,1
11608,S_NOUN_8_ADJ_a,M,S,le billet avec les chapeaux qui était là depuis hier est aussi très brillant <eos>,13,brillant,brillante,11,M,P,brillant,-7.9055595,brillante,-11.473015,1
11609,S_NOUN_8_ADJ_a,M,S,le billet avec les chapeaux qui était là depuis hier est aussi très compliqué <eos>,13,compliqué,compliquée,11,M,P,compliqué,-5.4323444,compliquée,-9.625759,1
11610,S_NOUN_8_ADJ_a,M,S,le billet avec les pots qui était là depuis hier est aussi très vert <eos>,13,vert,verte,11,M,P,vert,-9.721866,verte,-14.379145,1
11611,S_NOUN_8_ADJ_a,M,S,le billet avec les pots qui était là depuis hier est aussi très bleu <eos>,13,bleu,bleue,11,M,P,bleu,-10.669355,bleue,-17.323769,1
11612,S_NOUN_8_ADJ_a,M,S,le billet avec les pots qui était là depuis hier est aussi très noir <eos>,13,noir,noire,11,M,P,noir,-9.333422,noire,-14.527355,1
11613,S_NOUN_8_ADJ_a,M,S,le billet avec les pots qui était là depuis hier est aussi très délicat <eos>,13,délicat,délicate,11,M,P,délicat,-6.9518642,délicate,-9.819432,1
11614,S_NOUN_8_ADJ_a,M,S,le billet avec les pots qui était là depuis hier est aussi très pointu <eos>,13,pointu,pointue,11,M,P,pointu,-9.05187,pointue,-13.957726,1
11615,S_NOUN_8_ADJ_a,M,S,le billet avec les pots qui était là depuis hier est aussi très rond <eos>,13,rond,ronde,11,M,P,rond,-10.428316,ronde,-13.985661,1
11616,S_NOUN_8_ADJ_a,M,S,le billet avec les pots qui était là depuis hier est aussi très froid <eos>,13,froid,froide,11,M,P,froid,-7.326722,froide,-11.986739,1
11617,S_NOUN_8_ADJ_a,M,S,le billet avec les pots qui était là depuis hier est aussi très chaud <eos>,13,chaud,chaude,11,M,P,chaud,-6.490886,chaude,-10.241638,1
11618,S_NOUN_8_ADJ_a,M,S,le billet avec les pots qui était là depuis hier est aussi très important <eos>,13,important,importante,11,M,P,important,-4.143041,importante,-8.095493,1
11619,S_NOUN_8_ADJ_a,M,S,le billet avec les pots qui était là depuis hier est aussi très court <eos>,13,court,courte,11,M,P,court,-4.6539106,courte,-9.020229,1
11620,S_NOUN_8_ADJ_a,M,S,le billet avec les pots qui était là depuis hier est aussi très dur <eos>,13,dur,dure,11,M,P,dur,-5.3278465,dure,-8.4873705,1
11621,S_NOUN_8_ADJ_a,M,S,le billet avec les pots qui était là depuis hier est aussi très clair <eos>,13,clair,claire,11,M,P,clair,-6.1550584,claire,-10.159451,1
11622,S_NOUN_8_ADJ_a,M,S,le billet avec les pots qui était là depuis hier est aussi très intéressant <eos>,13,intéressant,intéressante,11,M,P,intéressant,-5.8737497,intéressante,-9.472724,1
11623,S_NOUN_8_ADJ_a,M,S,le billet avec les pots qui était là depuis hier est aussi très brillant <eos>,13,brillant,brillante,11,M,P,brillant,-7.51729,brillante,-11.22843,1
11624,S_NOUN_8_ADJ_a,M,S,le billet avec les pots qui était là depuis hier est aussi très compliqué <eos>,13,compliqué,compliquée,11,M,P,compliqué,-5.7086787,compliquée,-9.514222,1
11625,S_NOUN_8_ADJ_a,M,S,le billet avec les coussins qui était là depuis hier est aussi très vert <eos>,13,vert,verte,11,M,P,vert,-10.453186,verte,-15.193789,1
11626,S_NOUN_8_ADJ_a,M,S,le billet avec les coussins qui était là depuis hier est aussi très bleu <eos>,13,bleu,bleue,11,M,P,bleu,-10.798597,bleue,-17.566895,1
11627,S_NOUN_8_ADJ_a,M,S,le billet avec les coussins qui était là depuis hier est aussi très noir <eos>,13,noir,noire,11,M,P,noir,-9.564862,noire,-14.767863,1
11628,S_NOUN_8_ADJ_a,M,S,le billet avec les coussins qui était là depuis hier est aussi très délicat <eos>,13,délicat,délicate,11,M,P,délicat,-7.52015,délicate,-10.449182,1
11629,S_NOUN_8_ADJ_a,M,S,le billet avec les coussins qui était là depuis hier est aussi très pointu <eos>,13,pointu,pointue,11,M,P,pointu,-8.77155,pointue,-13.858913,1
11630,S_NOUN_8_ADJ_a,M,S,le billet avec les coussins qui était là depuis hier est aussi très rond <eos>,13,rond,ronde,11,M,P,rond,-10.681356,ronde,-14.697365,1
11631,S_NOUN_8_ADJ_a,M,S,le billet avec les coussins qui était là depuis hier est aussi très froid <eos>,13,froid,froide,11,M,P,froid,-8.011002,froide,-12.923153,1
11632,S_NOUN_8_ADJ_a,M,S,le billet avec les coussins qui était là depuis hier est aussi très chaud <eos>,13,chaud,chaude,11,M,P,chaud,-7.593857,chaude,-11.060669,1
11633,S_NOUN_8_ADJ_a,M,S,le billet avec les coussins qui était là depuis hier est aussi très important <eos>,13,important,importante,11,M,P,important,-4.220568,importante,-8.479576,1
11634,S_NOUN_8_ADJ_a,M,S,le billet avec les coussins qui était là depuis hier est aussi très court <eos>,13,court,courte,11,M,P,court,-4.2099285,courte,-8.662592,1
11635,S_NOUN_8_ADJ_a,M,S,le billet avec les coussins qui était là depuis hier est aussi très dur <eos>,13,dur,dure,11,M,P,dur,-6.134656,dure,-8.899298,1
11636,S_NOUN_8_ADJ_a,M,S,le billet avec les coussins qui était là depuis hier est aussi très clair <eos>,13,clair,claire,11,M,P,clair,-6.26231,claire,-10.320392,1
11637,S_NOUN_8_ADJ_a,M,S,le billet avec les coussins qui était là depuis hier est aussi très intéressant <eos>,13,intéressant,intéressante,11,M,P,intéressant,-6.0486813,intéressante,-9.68612,1
11638,S_NOUN_8_ADJ_a,M,S,le billet avec les coussins qui était là depuis hier est aussi très brillant <eos>,13,brillant,brillante,11,M,P,brillant,-8.1248255,brillante,-12.1616955,1
11639,S_NOUN_8_ADJ_a,M,S,le billet avec les coussins qui était là depuis hier est aussi très compliqué <eos>,13,compliqué,compliquée,11,M,P,compliqué,-5.278725,compliquée,-9.226667,1
11640,S_NOUN_8_ADJ_a,M,S,le billet avec les jouets qui était là depuis hier est aussi très vert <eos>,13,vert,verte,11,M,P,vert,-10.546213,verte,-14.870788,1
11641,S_NOUN_8_ADJ_a,M,S,le billet avec les jouets qui était là depuis hier est aussi très bleu <eos>,13,bleu,bleue,11,M,P,bleu,-10.961803,bleue,-17.602493,1
11642,S_NOUN_8_ADJ_a,M,S,le billet avec les jouets qui était là depuis hier est aussi très noir <eos>,13,noir,noire,11,M,P,noir,-9.354532,noire,-14.827864,1
11643,S_NOUN_8_ADJ_a,M,S,le billet avec les jouets qui était là depuis hier est aussi très délicat <eos>,13,délicat,délicate,11,M,P,délicat,-7.764481,délicate,-10.596598,1
11644,S_NOUN_8_ADJ_a,M,S,le billet avec les jouets qui était là depuis hier est aussi très pointu <eos>,13,pointu,pointue,11,M,P,pointu,-8.771484,pointue,-14.49231,1
11645,S_NOUN_8_ADJ_a,M,S,le billet avec les jouets qui était là depuis hier est aussi très rond <eos>,13,rond,ronde,11,M,P,rond,-11.07255,ronde,-15.762263,1
11646,S_NOUN_8_ADJ_a,M,S,le billet avec les jouets qui était là depuis hier est aussi très froid <eos>,13,froid,froide,11,M,P,froid,-7.597061,froide,-13.109714,1
11647,S_NOUN_8_ADJ_a,M,S,le billet avec les jouets qui était là depuis hier est aussi très chaud <eos>,13,chaud,chaude,11,M,P,chaud,-7.5648894,chaude,-11.529783,1
11648,S_NOUN_8_ADJ_a,M,S,le billet avec les jouets qui était là depuis hier est aussi très important <eos>,13,important,importante,11,M,P,important,-4.013348,importante,-8.300455,1
11649,S_NOUN_8_ADJ_a,M,S,le billet avec les jouets qui était là depuis hier est aussi très court <eos>,13,court,courte,11,M,P,court,-4.5401464,courte,-9.183977,1
11650,S_NOUN_8_ADJ_a,M,S,le billet avec les jouets qui était là depuis hier est aussi très dur <eos>,13,dur,dure,11,M,P,dur,-6.0625668,dure,-8.910893,1
11651,S_NOUN_8_ADJ_a,M,S,le billet avec les jouets qui était là depuis hier est aussi très clair <eos>,13,clair,claire,11,M,P,clair,-6.1436367,claire,-9.99414,1
11652,S_NOUN_8_ADJ_a,M,S,le billet avec les jouets qui était là depuis hier est aussi très intéressant <eos>,13,intéressant,intéressante,11,M,P,intéressant,-5.8881235,intéressante,-9.5772915,1
11653,S_NOUN_8_ADJ_a,M,S,le billet avec les jouets qui était là depuis hier est aussi très brillant <eos>,13,brillant,brillante,11,M,P,brillant,-7.912443,brillante,-11.681195,1
11654,S_NOUN_8_ADJ_a,M,S,le billet avec les jouets qui était là depuis hier est aussi très compliqué <eos>,13,compliqué,compliquée,11,M,P,compliqué,-5.6361876,compliquée,-9.373939,1
11655,S_NOUN_8_ADJ_a,M,S,le billet avec les clous qui était là depuis hier est aussi très vert <eos>,13,vert,verte,11,M,P,vert,-9.896102,verte,-14.755617,1
11656,S_NOUN_8_ADJ_a,M,S,le billet avec les clous qui était là depuis hier est aussi très bleu <eos>,13,bleu,bleue,11,M,P,bleu,-10.483011,bleue,-17.17149,1
11657,S_NOUN_8_ADJ_a,M,S,le billet avec les clous qui était là depuis hier est aussi très noir <eos>,13,noir,noire,11,M,P,noir,-9.018118,noire,-14.241734,1
11658,S_NOUN_8_ADJ_a,M,S,le billet avec les clous qui était là depuis hier est aussi très délicat <eos>,13,délicat,délicate,11,M,P,délicat,-6.927493,délicate,-9.703408,1
11659,S_NOUN_8_ADJ_a,M,S,le billet avec les clous qui était là depuis hier est aussi très pointu <eos>,13,pointu,pointue,11,M,P,pointu,-8.551495,pointue,-13.586805,1
11660,S_NOUN_8_ADJ_a,M,S,le billet avec les clous qui était là depuis hier est aussi très rond <eos>,13,rond,ronde,11,M,P,rond,-10.437479,ronde,-14.130686,1
11661,S_NOUN_8_ADJ_a,M,S,le billet avec les clous qui était là depuis hier est aussi très froid <eos>,13,froid,froide,11,M,P,froid,-7.3936253,froide,-12.334779,1
11662,S_NOUN_8_ADJ_a,M,S,le billet avec les clous qui était là depuis hier est aussi très chaud <eos>,13,chaud,chaude,11,M,P,chaud,-7.0731745,chaude,-10.9826565,1
11663,S_NOUN_8_ADJ_a,M,S,le billet avec les clous qui était là depuis hier est aussi très important <eos>,13,important,importante,11,M,P,important,-4.221716,importante,-8.440542,1
11664,S_NOUN_8_ADJ_a,M,S,le billet avec les clous qui était là depuis hier est aussi très court <eos>,13,court,courte,11,M,P,court,-4.037066,courte,-8.646065,1
11665,S_NOUN_8_ADJ_a,M,S,le billet avec les clous qui était là depuis hier est aussi très dur <eos>,13,dur,dure,11,M,P,dur,-5.2547913,dure,-8.559638,1
11666,S_NOUN_8_ADJ_a,M,S,le billet avec les clous qui était là depuis hier est aussi très clair <eos>,13,clair,claire,11,M,P,clair,-5.8273063,claire,-10.017878,1
11667,S_NOUN_8_ADJ_a,M,S,le billet avec les clous qui était là depuis hier est aussi très intéressant <eos>,13,intéressant,intéressante,11,M,P,intéressant,-5.966013,intéressante,-9.94401,1
11668,S_NOUN_8_ADJ_a,M,S,le billet avec les clous qui était là depuis hier est aussi très brillant <eos>,13,brillant,brillante,11,M,P,brillant,-7.805101,brillante,-11.716059,1
11669,S_NOUN_8_ADJ_a,M,S,le billet avec les clous qui était là depuis hier est aussi très compliqué <eos>,13,compliqué,compliquée,11,M,P,compliqué,-5.503015,compliquée,-9.305685,1
11670,S_NOUN_8_ADJ_a,M,S,le billet avec les billets qui était là depuis hier est aussi très vert <eos>,13,vert,verte,11,M,P,vert,-10.280323,verte,-15.175677,1
11671,S_NOUN_8_ADJ_a,M,S,le billet avec les billets qui était là depuis hier est aussi très bleu <eos>,13,bleu,bleue,11,M,P,bleu,-10.475222,bleue,-17.907602,1
11672,S_NOUN_8_ADJ_a,M,S,le billet avec les billets qui était là depuis hier est aussi très noir <eos>,13,noir,noire,11,M,P,noir,-9.421913,noire,-14.832783,1
11673,S_NOUN_8_ADJ_a,M,S,le billet avec les billets qui était là depuis hier est aussi très délicat <eos>,13,délicat,délicate,11,M,P,délicat,-7.756398,délicate,-10.455654,1
11674,S_NOUN_8_ADJ_a,M,S,le billet avec les billets qui était là depuis hier est aussi très pointu <eos>,13,pointu,pointue,11,M,P,pointu,-9.643251,pointue,-14.510525,1
11675,S_NOUN_8_ADJ_a,M,S,le billet avec les billets qui était là depuis hier est aussi très rond <eos>,13,rond,ronde,11,M,P,rond,-11.513631,ronde,-15.669923,1
11676,S_NOUN_8_ADJ_a,M,S,le billet avec les billets qui était là depuis hier est aussi très froid <eos>,13,froid,froide,11,M,P,froid,-8.486975,froide,-13.687498,1
11677,S_NOUN_8_ADJ_a,M,S,le billet avec les billets qui était là depuis hier est aussi très chaud <eos>,13,chaud,chaude,11,M,P,chaud,-7.9928246,chaude,-11.891999,1
11678,S_NOUN_8_ADJ_a,M,S,le billet avec les billets qui était là depuis hier est aussi très important <eos>,13,important,importante,11,M,P,important,-3.7720919,importante,-7.995038,1
11679,S_NOUN_8_ADJ_a,M,S,le billet avec les billets qui était là depuis hier est aussi très court <eos>,13,court,courte,11,M,P,court,-4.1489983,courte,-8.350174,1
11680,S_NOUN_8_ADJ_a,M,S,le billet avec les billets qui était là depuis hier est aussi très dur <eos>,13,dur,dure,11,M,P,dur,-6.3565626,dure,-9.373454,1
11681,S_NOUN_8_ADJ_a,M,S,le billet avec les billets qui était là depuis hier est aussi très clair <eos>,13,clair,claire,11,M,P,clair,-6.265933,claire,-10.485415,1
11682,S_NOUN_8_ADJ_a,M,S,le billet avec les billets qui était là depuis hier est aussi très intéressant <eos>,13,intéressant,intéressante,11,M,P,intéressant,-6.067359,intéressante,-9.464014,1
11683,S_NOUN_8_ADJ_a,M,S,le billet avec les billets qui était là depuis hier est aussi très brillant <eos>,13,brillant,brillante,11,M,P,brillant,-8.247102,brillante,-12.243154,1
11684,S_NOUN_8_ADJ_a,M,S,le billet avec les billets qui était là depuis hier est aussi très compliqué <eos>,13,compliqué,compliquée,11,M,P,compliqué,-5.5298634,compliquée,-9.94316,1
11685,S_NOUN_8_ADJ_a,M,S,le billet avec les légumes qui était là depuis hier est aussi très vert <eos>,13,vert,verte,11,M,P,vert,-9.890747,verte,-14.575695,1
11686,S_NOUN_8_ADJ_a,M,S,le billet avec les légumes qui était là depuis hier est aussi très bleu <eos>,13,bleu,bleue,11,M,P,bleu,-10.809897,bleue,-17.202568,1
11687,S_NOUN_8_ADJ_a,M,S,le billet avec les légumes qui était là depuis hier est aussi très noir <eos>,13,noir,noire,11,M,P,noir,-9.41005,noire,-14.614004,1
11688,S_NOUN_8_ADJ_a,M,S,le billet avec les légumes qui était là depuis hier est aussi très délicat <eos>,13,délicat,délicate,11,M,P,délicat,-6.7684445,délicate,-9.79928,1
11689,S_NOUN_8_ADJ_a,M,S,le billet avec les légumes qui était là depuis hier est aussi très pointu <eos>,13,pointu,pointue,11,M,P,pointu,-8.750981,pointue,-14.398184,1
11690,S_NOUN_8_ADJ_a,M,S,le billet avec les légumes qui était là depuis hier est aussi très rond <eos>,13,rond,ronde,11,M,P,rond,-10.59206,ronde,-14.52114,1
11691,S_NOUN_8_ADJ_a,M,S,le billet avec les légumes qui était là depuis hier est aussi très froid <eos>,13,froid,froide,11,M,P,froid,-6.577931,froide,-11.676296,1
11692,S_NOUN_8_ADJ_a,M,S,le billet avec les légumes qui était là depuis hier est aussi très chaud <eos>,13,chaud,chaude,11,M,P,chaud,-6.255846,chaude,-10.286598,1
11693,S_NOUN_8_ADJ_a,M,S,le billet avec les légumes qui était là depuis hier est aussi très important <eos>,13,important,importante,11,M,P,important,-4.0281386,importante,-8.13262,1
11694,S_NOUN_8_ADJ_a,M,S,le billet avec les légumes qui était là depuis hier est aussi très court <eos>,13,court,courte,11,M,P,court,-4.7435513,courte,-9.259412,1
11695,S_NOUN_8_ADJ_a,M,S,le billet avec les légumes qui était là depuis hier est aussi très dur <eos>,13,dur,dure,11,M,P,dur,-5.4430265,dure,-8.142265,1
11696,S_NOUN_8_ADJ_a,M,S,le billet avec les légumes qui était là depuis hier est aussi très clair <eos>,13,clair,claire,11,M,P,clair,-5.4844646,claire,-9.9556,1
11697,S_NOUN_8_ADJ_a,M,S,le billet avec les légumes qui était là depuis hier est aussi très intéressant <eos>,13,intéressant,intéressante,11,M,P,intéressant,-6.068145,intéressante,-9.882798,1
11698,S_NOUN_8_ADJ_a,M,S,le billet avec les légumes qui était là depuis hier est aussi très brillant <eos>,13,brillant,brillante,11,M,P,brillant,-7.724147,brillante,-11.451742,1
11699,S_NOUN_8_ADJ_a,M,S,le billet avec les légumes qui était là depuis hier est aussi très compliqué <eos>,13,compliqué,compliquée,11,M,P,compliqué,-6.148571,compliquée,-10.009991,1
11700,S_NOUN_8_ADJ_a,M,S,le légume avec les bracelets qui était là depuis hier est aussi très vert <eos>,13,vert,verte,11,M,P,vert,-9.9536,verte,-14.230614,1
11701,S_NOUN_8_ADJ_a,M,S,le légume avec les bracelets qui était là depuis hier est aussi très bleu <eos>,13,bleu,bleue,11,M,P,bleu,-11.093137,bleue,-16.901157,1
11702,S_NOUN_8_ADJ_a,M,S,le légume avec les bracelets qui était là depuis hier est aussi très noir <eos>,13,noir,noire,11,M,P,noir,-9.443308,noire,-13.798838,1
11703,S_NOUN_8_ADJ_a,M,S,le légume avec les bracelets qui était là depuis hier est aussi très délicat <eos>,13,délicat,délicate,11,M,P,délicat,-7.356734,délicate,-10.202145,1
11704,S_NOUN_8_ADJ_a,M,S,le légume avec les bracelets qui était là depuis hier est aussi très pointu <eos>,13,pointu,pointue,11,M,P,pointu,-7.681228,pointue,-13.701754,1
11705,S_NOUN_8_ADJ_a,M,S,le légume avec les bracelets qui était là depuis hier est aussi très rond <eos>,13,rond,ronde,11,M,P,rond,-10.44016,ronde,-13.431587,1
11706,S_NOUN_8_ADJ_a,M,S,le légume avec les bracelets qui était là depuis hier est aussi très froid <eos>,13,froid,froide,11,M,P,froid,-7.8290396,froide,-12.436994,1
11707,S_NOUN_8_ADJ_a,M,S,le légume avec les bracelets qui était là depuis hier est aussi très chaud <eos>,13,chaud,chaude,11,M,P,chaud,-6.4935083,chaude,-10.545565,1
11708,S_NOUN_8_ADJ_a,M,S,le légume avec les bracelets qui était là depuis hier est aussi très important <eos>,13,important,importante,11,M,P,important,-4.643135,importante,-8.596171,1
11709,S_NOUN_8_ADJ_a,M,S,le légume avec les bracelets qui était là depuis hier est aussi très court <eos>,13,court,courte,11,M,P,court,-5.3523564,courte,-10.242498,1
11710,S_NOUN_8_ADJ_a,M,S,le légume avec les bracelets qui était là depuis hier est aussi très dur <eos>,13,dur,dure,11,M,P,dur,-5.408109,dure,-8.15485,1
11711,S_NOUN_8_ADJ_a,M,S,le légume avec les bracelets qui était là depuis hier est aussi très clair <eos>,13,clair,claire,11,M,P,clair,-6.2092023,claire,-10.107904,1
11712,S_NOUN_8_ADJ_a,M,S,le légume avec les bracelets qui était là depuis hier est aussi très intéressant <eos>,13,intéressant,intéressante,11,M,P,intéressant,-6.3885393,intéressante,-10.783171,1
11713,S_NOUN_8_ADJ_a,M,S,le légume avec les bracelets qui était là depuis hier est aussi très brillant <eos>,13,brillant,brillante,11,M,P,brillant,-7.7654095,brillante,-12.076015,1
11714,S_NOUN_8_ADJ_a,M,S,le légume avec les bracelets qui était là depuis hier est aussi très compliqué <eos>,13,compliqué,compliquée,11,M,P,compliqué,-6.6860886,compliquée,-10.95915,1
11715,S_NOUN_8_ADJ_a,M,S,le légume avec les miroirs qui était là depuis hier est aussi très vert <eos>,13,vert,verte,11,M,P,vert,-9.72334,verte,-14.270233,1
11716,S_NOUN_8_ADJ_a,M,S,le légume avec les miroirs qui était là depuis hier est aussi très bleu <eos>,13,bleu,bleue,11,M,P,bleu,-10.974227,bleue,-17.102026,1
11717,S_NOUN_8_ADJ_a,M,S,le légume avec les miroirs qui était là depuis hier est aussi très noir <eos>,13,noir,noire,11,M,P,noir,-9.540897,noire,-14.61393,1
11718,S_NOUN_8_ADJ_a,M,S,le légume avec les miroirs qui était là depuis hier est aussi très délicat <eos>,13,délicat,délicate,11,M,P,délicat,-6.903426,délicate,-10.047999,1
11719,S_NOUN_8_ADJ_a,M,S,le légume avec les miroirs qui était là depuis hier est aussi très pointu <eos>,13,pointu,pointue,11,M,P,pointu,-7.9769554,pointue,-13.834458,1
11720,S_NOUN_8_ADJ_a,M,S,le légume avec les miroirs qui était là depuis hier est aussi très rond <eos>,13,rond,ronde,11,M,P,rond,-10.537352,ronde,-13.692253,1
11721,S_NOUN_8_ADJ_a,M,S,le légume avec les miroirs qui était là depuis hier est aussi très froid <eos>,13,froid,froide,11,M,P,froid,-6.819412,froide,-11.624772,1
11722,S_NOUN_8_ADJ_a,M,S,le légume avec les miroirs qui était là depuis hier est aussi très chaud <eos>,13,chaud,chaude,11,M,P,chaud,-5.738037,chaude,-9.670073,1
11723,S_NOUN_8_ADJ_a,M,S,le légume avec les miroirs qui était là depuis hier est aussi très important <eos>,13,important,importante,11,M,P,important,-4.3876724,importante,-8.356528,1
11724,S_NOUN_8_ADJ_a,M,S,le légume avec les miroirs qui était là depuis hier est aussi très court <eos>,13,court,courte,11,M,P,court,-5.2912717,courte,-10.323473,1
11725,S_NOUN_8_ADJ_a,M,S,le légume avec les miroirs qui était là depuis hier est aussi très dur <eos>,13,dur,dure,11,M,P,dur,-4.9662676,dure,-7.7220345,1
11726,S_NOUN_8_ADJ_a,M,S,le légume avec les miroirs qui était là depuis hier est aussi très clair <eos>,13,clair,claire,11,M,P,clair,-5.668751,claire,-9.890527,1
11727,S_NOUN_8_ADJ_a,M,S,le légume avec les miroirs qui était là depuis hier est aussi très intéressant <eos>,13,intéressant,intéressante,11,M,P,intéressant,-6.040889,intéressante,-10.48775,1
11728,S_NOUN_8_ADJ_a,M,S,le légume avec les miroirs qui était là depuis hier est aussi très brillant <eos>,13,brillant,brillante,11,M,P,brillant,-7.0809255,brillante,-11.112713,1
11729,S_NOUN_8_ADJ_a,M,S,le légume avec les miroirs qui était là depuis hier est aussi très compliqué <eos>,13,compliqué,compliquée,11,M,P,compliqué,-6.6654,compliquée,-10.71652,1
11730,S_NOUN_8_ADJ_a,M,S,le légume avec les crayons qui était là depuis hier est aussi très vert <eos>,13,vert,verte,11,M,P,vert,-9.436174,verte,-14.26908,1
11731,S_NOUN_8_ADJ_a,M,S,le légume avec les crayons qui était là depuis hier est aussi très bleu <eos>,13,bleu,bleue,11,M,P,bleu,-10.85973,bleue,-17.156496,1
11732,S_NOUN_8_ADJ_a,M,S,le légume avec les crayons qui était là depuis hier est aussi très noir <eos>,13,noir,noire,11,M,P,noir,-9.498471,noire,-14.284547,1
11733,S_NOUN_8_ADJ_a,M,S,le légume avec les crayons qui était là depuis hier est aussi très délicat <eos>,13,délicat,délicate,11,M,P,délicat,-6.5719757,délicate,-10.091634,1
11734,S_NOUN_8_ADJ_a,M,S,le légume avec les crayons qui était là depuis hier est aussi très pointu <eos>,13,pointu,pointue,11,M,P,pointu,-8.258324,pointue,-14.187777,1
11735,S_NOUN_8_ADJ_a,M,S,le légume avec les crayons qui était là depuis hier est aussi très rond <eos>,13,rond,ronde,11,M,P,rond,-10.871644,ronde,-13.97326,1
11736,S_NOUN_8_ADJ_a,M,S,le légume avec les crayons qui était là depuis hier est aussi très froid <eos>,13,froid,froide,11,M,P,froid,-6.7303925,froide,-11.736513,1
11737,S_NOUN_8_ADJ_a,M,S,le légume avec les crayons qui était là depuis hier est aussi très chaud <eos>,13,chaud,chaude,11,M,P,chaud,-6.0097523,chaude,-10.0441885,1
11738,S_NOUN_8_ADJ_a,M,S,le légume avec les crayons qui était là depuis hier est aussi très important <eos>,13,important,importante,11,M,P,important,-4.2050676,importante,-8.118961,1
11739,S_NOUN_8_ADJ_a,M,S,le légume avec les crayons qui était là depuis hier est aussi très court <eos>,13,court,courte,11,M,P,court,-5.567196,courte,-10.628738,1
11740,S_NOUN_8_ADJ_a,M,S,le légume avec les crayons qui était là depuis hier est aussi très dur <eos>,13,dur,dure,11,M,P,dur,-4.7682853,dure,-7.6488385,1
11741,S_NOUN_8_ADJ_a,M,S,le légume avec les crayons qui était là depuis hier est aussi très clair <eos>,13,clair,claire,11,M,P,clair,-5.3644743,claire,-9.6075325,1
11742,S_NOUN_8_ADJ_a,M,S,le légume avec les crayons qui était là depuis hier est aussi très intéressant <eos>,13,intéressant,intéressante,11,M,P,intéressant,-6.128871,intéressante,-10.812497,1
11743,S_NOUN_8_ADJ_a,M,S,le légume avec les crayons qui était là depuis hier est aussi très brillant <eos>,13,brillant,brillante,11,M,P,brillant,-7.102321,brillante,-11.225735,1
11744,S_NOUN_8_ADJ_a,M,S,le légume avec les crayons qui était là depuis hier est aussi très compliqué <eos>,13,compliqué,compliquée,11,M,P,compliqué,-7.3131905,compliquée,-11.305712,1
11745,S_NOUN_8_ADJ_a,M,S,le légume avec les rideaux qui était là depuis hier est aussi très vert <eos>,13,vert,verte,11,M,P,vert,-10.146435,verte,-14.6531105,1
11746,S_NOUN_8_ADJ_a,M,S,le légume avec les rideaux qui était là depuis hier est aussi très bleu <eos>,13,bleu,bleue,11,M,P,bleu,-11.300366,bleue,-17.228518,1
11747,S_NOUN_8_ADJ_a,M,S,le légume avec les rideaux qui était là depuis hier est aussi très noir <eos>,13,noir,noire,11,M,P,noir,-9.483368,noire,-14.141165,1
11748,S_NOUN_8_ADJ_a,M,S,le légume avec les rideaux qui était là depuis hier est aussi très délicat <eos>,13,délicat,délicate,11,M,P,délicat,-7.073427,délicate,-10.35389,1
11749,S_NOUN_8_ADJ_a,M,S,le légume avec les rideaux qui était là depuis hier est aussi très pointu <eos>,13,pointu,pointue,11,M,P,pointu,-8.001099,pointue,-14.442749,1
11750,S_NOUN_8_ADJ_a,M,S,le légume avec les rideaux qui était là depuis hier est aussi très rond <eos>,13,rond,ronde,11,M,P,rond,-10.753351,ronde,-14.029477,1
11751,S_NOUN_8_ADJ_a,M,S,le légume avec les rideaux qui était là depuis hier est aussi très froid <eos>,13,froid,froide,11,M,P,froid,-6.839342,froide,-12.069826,1
11752,S_NOUN_8_ADJ_a,M,S,le légume avec les rideaux qui était là depuis hier est aussi très chaud <eos>,13,chaud,chaude,11,M,P,chaud,-5.92198,chaude,-10.12063,1
11753,S_NOUN_8_ADJ_a,M,S,le légume avec les rideaux qui était là depuis hier est aussi très important <eos>,13,important,importante,11,M,P,important,-4.352006,importante,-8.400031,1
11754,S_NOUN_8_ADJ_a,M,S,le légume avec les rideaux qui était là depuis hier est aussi très court <eos>,13,court,courte,11,M,P,court,-5.3379555,courte,-10.41165,1
11755,S_NOUN_8_ADJ_a,M,S,le légume avec les rideaux qui était là depuis hier est aussi très dur <eos>,13,dur,dure,11,M,P,dur,-5.373239,dure,-7.564141,1
11756,S_NOUN_8_ADJ_a,M,S,le légume avec les rideaux qui était là depuis hier est aussi très clair <eos>,13,clair,claire,11,M,P,clair,-5.799262,claire,-9.898014,1
11757,S_NOUN_8_ADJ_a,M,S,le légume avec les rideaux qui était là depuis hier est aussi très intéressant <eos>,13,intéressant,intéressante,11,M,P,intéressant,-6.4602723,intéressante,-10.994242,1
11758,S_NOUN_8_ADJ_a,M,S,le légume avec les rideaux qui était là depuis hier est aussi très brillant <eos>,13,brillant,brillante,11,M,P,brillant,-7.8020306,brillante,-11.940441,1
11759,S_NOUN_8_ADJ_a,M,S,le légume avec les rideaux qui était là depuis hier est aussi très compliqué <eos>,13,compliqué,compliquée,11,M,P,compliqué,-7.1025457,compliquée,-11.127547,1
11760,S_NOUN_8_ADJ_a,M,S,le légume avec les cahiers qui était là depuis hier est aussi très vert <eos>,13,vert,verte,11,M,P,vert,-10.795416,verte,-15.246328,1
11761,S_NOUN_8_ADJ_a,M,S,le légume avec les cahiers qui était là depuis hier est aussi très bleu <eos>,13,bleu,bleue,11,M,P,bleu,-12.043043,bleue,-17.874496,1
11762,S_NOUN_8_ADJ_a,M,S,le légume avec les cahiers qui était là depuis hier est aussi très noir <eos>,13,noir,noire,11,M,P,noir,-9.866423,noire,-15.160385,1
11763,S_NOUN_8_ADJ_a,M,S,le légume avec les cahiers qui était là depuis hier est aussi très délicat <eos>,13,délicat,délicate,11,M,P,délicat,-7.380814,délicate,-10.418831,1
11764,S_NOUN_8_ADJ_a,M,S,le légume avec les cahiers qui était là depuis hier est aussi très pointu <eos>,13,pointu,pointue,11,M,P,pointu,-8.475218,pointue,-14.904063,1
11765,S_NOUN_8_ADJ_a,M,S,le légume avec les cahiers qui était là depuis hier est aussi très rond <eos>,13,rond,ronde,11,M,P,rond,-11.94406,ronde,-15.338649,1
11766,S_NOUN_8_ADJ_a,M,S,le légume avec les cahiers qui était là depuis hier est aussi très froid <eos>,13,froid,froide,11,M,P,froid,-6.5383134,froide,-12.22401,1
11767,S_NOUN_8_ADJ_a,M,S,le légume avec les cahiers qui était là depuis hier est aussi très chaud <eos>,13,chaud,chaude,11,M,P,chaud,-5.9024506,chaude,-10.602141,1
11768,S_NOUN_8_ADJ_a,M,S,le légume avec les cahiers qui était là depuis hier est aussi très important <eos>,13,important,importante,11,M,P,important,-3.7819312,importante,-7.8341923,1
11769,S_NOUN_8_ADJ_a,M,S,le légume avec les cahiers qui était là depuis hier est aussi très court <eos>,13,court,courte,11,M,P,court,-5.7349734,courte,-10.064812,1
11770,S_NOUN_8_ADJ_a,M,S,le légume avec les cahiers qui était là depuis hier est aussi très dur <eos>,13,dur,dure,11,M,P,dur,-5.710853,dure,-7.220039,1
11771,S_NOUN_8_ADJ_a,M,S,le légume avec les cahiers qui était là depuis hier est aussi très clair <eos>,13,clair,claire,11,M,P,clair,-5.773501,claire,-10.608002,1
11772,S_NOUN_8_ADJ_a,M,S,le légume avec les cahiers qui était là depuis hier est aussi très intéressant <eos>,13,intéressant,intéressante,11,M,P,intéressant,-6.162768,intéressante,-10.668201,1
11773,S_NOUN_8_ADJ_a,M,S,le légume avec les cahiers qui était là depuis hier est aussi très brillant <eos>,13,brillant,brillante,11,M,P,brillant,-7.729411,brillante,-11.854086,1
11774,S_NOUN_8_ADJ_a,M,S,le légume avec les cahiers qui était là depuis hier est aussi très compliqué <eos>,13,compliqué,compliquée,11,M,P,compliqué,-7.129624,compliquée,-10.95771,1
11775,S_NOUN_8_ADJ_a,M,S,le légume avec les micros qui était là depuis hier est aussi très vert <eos>,13,vert,verte,11,M,P,vert,-10.338084,verte,-14.98178,1
11776,S_NOUN_8_ADJ_a,M,S,le légume avec les micros qui était là depuis hier est aussi très bleu <eos>,13,bleu,bleue,11,M,P,bleu,-11.311992,bleue,-17.450394,1
11777,S_NOUN_8_ADJ_a,M,S,le légume avec les micros qui était là depuis hier est aussi très noir <eos>,13,noir,noire,11,M,P,noir,-9.468444,noire,-14.882796,1
11778,S_NOUN_8_ADJ_a,M,S,le légume avec les micros qui était là depuis hier est aussi très délicat <eos>,13,délicat,délicate,11,M,P,délicat,-7.3072433,délicate,-10.508692,1
11779,S_NOUN_8_ADJ_a,M,S,le légume avec les micros qui était là depuis hier est aussi très pointu <eos>,13,pointu,pointue,11,M,P,pointu,-7.989788,pointue,-14.913118,1
11780,S_NOUN_8_ADJ_a,M,S,le légume avec les micros qui était là depuis hier est aussi très rond <eos>,13,rond,ronde,11,M,P,rond,-10.748207,ronde,-14.397921,1
11781,S_NOUN_8_ADJ_a,M,S,le légume avec les micros qui était là depuis hier est aussi très froid <eos>,13,froid,froide,11,M,P,froid,-6.9958553,froide,-12.739088,1
11782,S_NOUN_8_ADJ_a,M,S,le légume avec les micros qui était là depuis hier est aussi très chaud <eos>,13,chaud,chaude,11,M,P,chaud,-5.911493,chaude,-10.393515,1
11783,S_NOUN_8_ADJ_a,M,S,le légume avec les micros qui était là depuis hier est aussi très important <eos>,13,important,importante,11,M,P,important,-4.334841,importante,-8.60752,1
11784,S_NOUN_8_ADJ_a,M,S,le légume avec les micros qui était là depuis hier est aussi très court <eos>,13,court,courte,11,M,P,court,-5.672181,courte,-10.700684,1
11785,S_NOUN_8_ADJ_a,M,S,le légume avec les micros qui était là depuis hier est aussi très dur <eos>,13,dur,dure,11,M,P,dur,-5.2267866,dure,-7.626137,1
11786,S_NOUN_8_ADJ_a,M,S,le légume avec les micros qui était là depuis hier est aussi très clair <eos>,13,clair,claire,11,M,P,clair,-5.711655,claire,-10.17144,1
11787,S_NOUN_8_ADJ_a,M,S,le légume avec les micros qui était là depuis hier est aussi très intéressant <eos>,13,intéressant,intéressante,11,M,P,intéressant,-6.5486584,intéressante,-11.097507,1
11788,S_NOUN_8_ADJ_a,M,S,le légume avec les micros qui était là depuis hier est aussi très brillant <eos>,13,brillant,brillante,11,M,P,brillant,-7.8516455,brillante,-12.3816595,1
11789,S_NOUN_8_ADJ_a,M,S,le légume avec les micros qui était là depuis hier est aussi très compliqué <eos>,13,compliqué,compliquée,11,M,P,compliqué,-6.627507,compliquée,-11.004609,1
11790,S_NOUN_8_ADJ_a,M,S,le légume avec les sacs qui était là depuis hier est aussi très vert <eos>,13,vert,verte,11,M,P,vert,-10.330933,verte,-14.92476,1
11791,S_NOUN_8_ADJ_a,M,S,le légume avec les sacs qui était là depuis hier est aussi très bleu <eos>,13,bleu,bleue,11,M,P,bleu,-11.627583,bleue,-17.601246,1
11792,S_NOUN_8_ADJ_a,M,S,le légume avec les sacs qui était là depuis hier est aussi très noir <eos>,13,noir,noire,11,M,P,noir,-9.703896,noire,-14.431335,1
11793,S_NOUN_8_ADJ_a,M,S,le légume avec les sacs qui était là depuis hier est aussi très délicat <eos>,13,délicat,délicate,11,M,P,délicat,-7.137147,délicate,-10.132861,1
11794,S_NOUN_8_ADJ_a,M,S,le légume avec les sacs qui était là depuis hier est aussi très pointu <eos>,13,pointu,pointue,11,M,P,pointu,-7.8739724,pointue,-14.279936,1
11795,S_NOUN_8_ADJ_a,M,S,le légume avec les sacs qui était là depuis hier est aussi très rond <eos>,13,rond,ronde,11,M,P,rond,-10.801406,ronde,-13.827729,1
11796,S_NOUN_8_ADJ_a,M,S,le légume avec les sacs qui était là depuis hier est aussi très froid <eos>,13,froid,froide,11,M,P,froid,-6.9703236,froide,-12.316208,1
11797,S_NOUN_8_ADJ_a,M,S,le légume avec les sacs qui était là depuis hier est aussi très chaud <eos>,13,chaud,chaude,11,M,P,chaud,-5.72852,chaude,-10.077865,1
11798,S_NOUN_8_ADJ_a,M,S,le légume avec les sacs qui était là depuis hier est aussi très important <eos>,13,important,importante,11,M,P,important,-4.0542774,importante,-8.006264,1
11799,S_NOUN_8_ADJ_a,M,S,le légume avec les sacs qui était là depuis hier est aussi très court <eos>,13,court,courte,11,M,P,court,-5.52195,courte,-10.423328,1
11800,S_NOUN_8_ADJ_a,M,S,le légume avec les sacs qui était là depuis hier est aussi très dur <eos>,13,dur,dure,11,M,P,dur,-5.1825376,dure,-7.5420527,1
11801,S_NOUN_8_ADJ_a,M,S,le légume avec les sacs qui était là depuis hier est aussi très clair <eos>,13,clair,claire,11,M,P,clair,-6.0755906,claire,-10.274258,1
11802,S_NOUN_8_ADJ_a,M,S,le légume avec les sacs qui était là depuis hier est aussi très intéressant <eos>,13,intéressant,intéressante,11,M,P,intéressant,-6.275275,intéressante,-10.851227,1
11803,S_NOUN_8_ADJ_a,M,S,le légume avec les sacs qui était là depuis hier est aussi très brillant <eos>,13,brillant,brillante,11,M,P,brillant,-8.051962,brillante,-12.524549,1
11804,S_NOUN_8_ADJ_a,M,S,le légume avec les sacs qui était là depuis hier est aussi très compliqué <eos>,13,compliqué,compliquée,11,M,P,compliqué,-7.006983,compliquée,-11.211131,1
11805,S_NOUN_8_ADJ_a,M,S,le légume avec les claviers qui était là depuis hier est aussi très vert <eos>,13,vert,verte,11,M,P,vert,-10.757214,verte,-15.016272,1
11806,S_NOUN_8_ADJ_a,M,S,le légume avec les claviers qui était là depuis hier est aussi très bleu <eos>,13,bleu,bleue,11,M,P,bleu,-11.65703,bleue,-17.542707,1
11807,S_NOUN_8_ADJ_a,M,S,le légume avec les claviers qui était là depuis hier est aussi très noir <eos>,13,noir,noire,11,M,P,noir,-9.784676,noire,-14.638463,1
11808,S_NOUN_8_ADJ_a,M,S,le légume avec les claviers qui était là depuis hier est aussi très délicat <eos>,13,délicat,délicate,11,M,P,délicat,-7.133098,délicate,-10.382296,1
11809,S_NOUN_8_ADJ_a,M,S,le légume avec les claviers qui était là depuis hier est aussi très pointu <eos>,13,pointu,pointue,11,M,P,pointu,-7.8332977,pointue,-14.327111,1
11810,S_NOUN_8_ADJ_a,M,S,le légume avec les claviers qui était là depuis hier est aussi très rond <eos>,13,rond,ronde,11,M,P,rond,-10.776298,ronde,-14.342287,1
11811,S_NOUN_8_ADJ_a,M,S,le légume avec les claviers qui était là depuis hier est aussi très froid <eos>,13,froid,froide,11,M,P,froid,-7.3651342,froide,-12.812635,1
11812,S_NOUN_8_ADJ_a,M,S,le légume avec les claviers qui était là depuis hier est aussi très chaud <eos>,13,chaud,chaude,11,M,P,chaud,-6.296379,chaude,-10.303487,1
11813,S_NOUN_8_ADJ_a,M,S,le légume avec les claviers qui était là depuis hier est aussi très important <eos>,13,important,importante,11,M,P,important,-4.2100787,importante,-8.356609,1
11814,S_NOUN_8_ADJ_a,M,S,le légume avec les claviers qui était là depuis hier est aussi très court <eos>,13,court,courte,11,M,P,court,-5.6151533,courte,-10.340545,1
11815,S_NOUN_8_ADJ_a,M,S,le légume avec les claviers qui était là depuis hier est aussi très dur <eos>,13,dur,dure,11,M,P,dur,-4.673191,dure,-7.3595324,1
11816,S_NOUN_8_ADJ_a,M,S,le légume avec les claviers qui était là depuis hier est aussi très clair <eos>,13,clair,claire,11,M,P,clair,-5.711811,claire,-9.824492,1
11817,S_NOUN_8_ADJ_a,M,S,le légume avec les claviers qui était là depuis hier est aussi très intéressant <eos>,13,intéressant,intéressante,11,M,P,intéressant,-6.0928664,intéressante,-10.631815,1
11818,S_NOUN_8_ADJ_a,M,S,le légume avec les claviers qui était là depuis hier est aussi très brillant <eos>,13,brillant,brillante,11,M,P,brillant,-7.354244,brillante,-11.593703,1
11819,S_NOUN_8_ADJ_a,M,S,le légume avec les claviers qui était là depuis hier est aussi très compliqué <eos>,13,compliqué,compliquée,11,M,P,compliqué,-6.3690205,compliquée,-10.205931,1
11820,S_NOUN_8_ADJ_a,M,S,le légume avec les raisins qui était là depuis hier est aussi très vert <eos>,13,vert,verte,11,M,P,vert,-9.793108,verte,-15.102549,1
11821,S_NOUN_8_ADJ_a,M,S,le légume avec les raisins qui était là depuis hier est aussi très bleu <eos>,13,bleu,bleue,11,M,P,bleu,-11.315367,bleue,-17.629807,1
11822,S_NOUN_8_ADJ_a,M,S,le légume avec les raisins qui était là depuis hier est aussi très noir <eos>,13,noir,noire,11,M,P,noir,-9.547942,noire,-14.60782,1
11823,S_NOUN_8_ADJ_a,M,S,le légume avec les raisins qui était là depuis hier est aussi très délicat <eos>,13,délicat,délicate,11,M,P,délicat,-6.578746,délicate,-9.778393,1
11824,S_NOUN_8_ADJ_a,M,S,le légume avec les raisins qui était là depuis hier est aussi très pointu <eos>,13,pointu,pointue,11,M,P,pointu,-8.518998,pointue,-14.476397,1
11825,S_NOUN_8_ADJ_a,M,S,le légume avec les raisins qui était là depuis hier est aussi très rond <eos>,13,rond,ronde,11,M,P,rond,-11.164294,ronde,-13.5978,1
11826,S_NOUN_8_ADJ_a,M,S,le légume avec les raisins qui était là depuis hier est aussi très froid <eos>,13,froid,froide,11,M,P,froid,-6.0520606,froide,-12.114796,1
11827,S_NOUN_8_ADJ_a,M,S,le légume avec les raisins qui était là depuis hier est aussi très chaud <eos>,13,chaud,chaude,11,M,P,chaud,-5.3795524,chaude,-10.086439,1
11828,S_NOUN_8_ADJ_a,M,S,le légume avec les raisins qui était là depuis hier est aussi très important <eos>,13,important,importante,11,M,P,important,-4.2130604,importante,-8.166116,1
11829,S_NOUN_8_ADJ_a,M,S,le légume avec les raisins qui était là depuis hier est aussi très court <eos>,13,court,courte,11,M,P,court,-5.25432,courte,-10.649203,1
11830,S_NOUN_8_ADJ_a,M,S,le légume avec les raisins qui était là depuis hier est aussi très dur <eos>,13,dur,dure,11,M,P,dur,-4.3267055,dure,-7.0669713,1
11831,S_NOUN_8_ADJ_a,M,S,le légume avec les raisins qui était là depuis hier est aussi très clair <eos>,13,clair,claire,11,M,P,clair,-5.437339,claire,-10.028311,1
11832,S_NOUN_8_ADJ_a,M,S,le légume avec les raisins qui était là depuis hier est aussi très intéressant <eos>,13,intéressant,intéressante,11,M,P,intéressant,-6.362647,intéressante,-11.041684,1
11833,S_NOUN_8_ADJ_a,M,S,le légume avec les raisins qui était là depuis hier est aussi très brillant <eos>,13,brillant,brillante,11,M,P,brillant,-7.4383254,brillante,-11.8424,1
11834,S_NOUN_8_ADJ_a,M,S,le légume avec les raisins qui était là depuis hier est aussi très compliqué <eos>,13,compliqué,compliquée,11,M,P,compliqué,-7.0042076,compliquée,-11.273649,1
11835,S_NOUN_8_ADJ_a,M,S,le légume avec les chargeurs qui était là depuis hier est aussi très vert <eos>,13,vert,verte,11,M,P,vert,-10.842961,verte,-15.376645,1
11836,S_NOUN_8_ADJ_a,M,S,le légume avec les chargeurs qui était là depuis hier est aussi très bleu <eos>,13,bleu,bleue,11,M,P,bleu,-11.879822,bleue,-18.473232,1
11837,S_NOUN_8_ADJ_a,M,S,le légume avec les chargeurs qui était là depuis hier est aussi très noir <eos>,13,noir,noire,11,M,P,noir,-9.874509,noire,-15.327215,1
11838,S_NOUN_8_ADJ_a,M,S,le légume avec les chargeurs qui était là depuis hier est aussi très délicat <eos>,13,délicat,délicate,11,M,P,délicat,-7.385498,délicate,-10.285394,1
11839,S_NOUN_8_ADJ_a,M,S,le légume avec les chargeurs qui était là depuis hier est aussi très pointu <eos>,13,pointu,pointue,11,M,P,pointu,-7.95224,pointue,-13.822997,1
11840,S_NOUN_8_ADJ_a,M,S,le légume avec les chargeurs qui était là depuis hier est aussi très rond <eos>,13,rond,ronde,11,M,P,rond,-10.492279,ronde,-14.110532,1
11841,S_NOUN_8_ADJ_a,M,S,le légume avec les chargeurs qui était là depuis hier est aussi très froid <eos>,13,froid,froide,11,M,P,froid,-7.2358303,froide,-12.135285,1
11842,S_NOUN_8_ADJ_a,M,S,le légume avec les chargeurs qui était là depuis hier est aussi très chaud <eos>,13,chaud,chaude,11,M,P,chaud,-6.37703,chaude,-10.438419,1
11843,S_NOUN_8_ADJ_a,M,S,le légume avec les chargeurs qui était là depuis hier est aussi très important <eos>,13,important,importante,11,M,P,important,-3.4716108,importante,-7.6094627,1
11844,S_NOUN_8_ADJ_a,M,S,le légume avec les chargeurs qui était là depuis hier est aussi très court <eos>,13,court,courte,11,M,P,court,-5.0749226,courte,-9.7954445,1
11845,S_NOUN_8_ADJ_a,M,S,le légume avec les chargeurs qui était là depuis hier est aussi très dur <eos>,13,dur,dure,11,M,P,dur,-5.413268,dure,-8.400781,1
11846,S_NOUN_8_ADJ_a,M,S,le légume avec les chargeurs qui était là depuis hier est aussi très clair <eos>,13,clair,claire,11,M,P,clair,-6.5253677,claire,-10.889403,1
11847,S_NOUN_8_ADJ_a,M,S,le légume avec les chargeurs qui était là depuis hier est aussi très intéressant <eos>,13,intéressant,intéressante,11,M,P,intéressant,-6.248221,intéressante,-10.457826,1
11848,S_NOUN_8_ADJ_a,M,S,le légume avec les chargeurs qui était là depuis hier est aussi très brillant <eos>,13,brillant,brillante,11,M,P,brillant,-8.362058,brillante,-12.948196,1
11849,S_NOUN_8_ADJ_a,M,S,le légume avec les chargeurs qui était là depuis hier est aussi très compliqué <eos>,13,compliqué,compliquée,11,M,P,compliqué,-6.565218,compliquée,-10.849611,1
11850,S_NOUN_8_ADJ_a,M,S,le légume avec les vases qui était là depuis hier est aussi très vert <eos>,13,vert,verte,11,M,P,vert,-10.256336,verte,-14.398259,1
11851,S_NOUN_8_ADJ_a,M,S,le légume avec les vases qui était là depuis hier est aussi très bleu <eos>,13,bleu,bleue,11,M,P,bleu,-11.613099,bleue,-17.134958,1
11852,S_NOUN_8_ADJ_a,M,S,le légume avec les vases qui était là depuis hier est aussi très noir <eos>,13,noir,noire,11,M,P,noir,-10.10906,noire,-14.054281,1
11853,S_NOUN_8_ADJ_a,M,S,le légume avec les vases qui était là depuis hier est aussi très délicat <eos>,13,délicat,délicate,11,M,P,délicat,-6.907263,délicate,-10.176099,1
11854,S_NOUN_8_ADJ_a,M,S,le légume avec les vases qui était là depuis hier est aussi très pointu <eos>,13,pointu,pointue,11,M,P,pointu,-7.9333644,pointue,-13.821266,1
11855,S_NOUN_8_ADJ_a,M,S,le légume avec les vases qui était là depuis hier est aussi très rond <eos>,13,rond,ronde,11,M,P,rond,-10.500698,ronde,-13.378367,1
11856,S_NOUN_8_ADJ_a,M,S,le légume avec les vases qui était là depuis hier est aussi très froid <eos>,13,froid,froide,11,M,P,froid,-7.7142835,froide,-12.366205,1
11857,S_NOUN_8_ADJ_a,M,S,le légume avec les vases qui était là depuis hier est aussi très chaud <eos>,13,chaud,chaude,11,M,P,chaud,-6.26698,chaude,-10.269079,1
11858,S_NOUN_8_ADJ_a,M,S,le légume avec les vases qui était là depuis hier est aussi très important <eos>,13,important,importante,11,M,P,important,-4.4133997,importante,-8.216804,1
11859,S_NOUN_8_ADJ_a,M,S,le légume avec les vases qui était là depuis hier est aussi très court <eos>,13,court,courte,11,M,P,court,-5.402044,courte,-10.311916,1
11860,S_NOUN_8_ADJ_a,M,S,le légume avec les vases qui était là depuis hier est aussi très dur <eos>,13,dur,dure,11,M,P,dur,-5.064081,dure,-7.7169905,1
11861,S_NOUN_8_ADJ_a,M,S,le légume avec les vases qui était là depuis hier est aussi très clair <eos>,13,clair,claire,11,M,P,clair,-5.866993,claire,-9.785896,1
11862,S_NOUN_8_ADJ_a,M,S,le légume avec les vases qui était là depuis hier est aussi très intéressant <eos>,13,intéressant,intéressante,11,M,P,intéressant,-6.256694,intéressante,-10.808692,1
11863,S_NOUN_8_ADJ_a,M,S,le légume avec les vases qui était là depuis hier est aussi très brillant <eos>,13,brillant,brillante,11,M,P,brillant,-7.595701,brillante,-11.484661,1
11864,S_NOUN_8_ADJ_a,M,S,le légume avec les vases qui était là depuis hier est aussi très compliqué <eos>,13,compliqué,compliquée,11,M,P,compliqué,-7.1641436,compliquée,-11.215246,1
11865,S_NOUN_8_ADJ_a,M,S,le légume avec les paniers qui était là depuis hier est aussi très vert <eos>,13,vert,verte,11,M,P,vert,-10.2251625,verte,-14.666339,1
11866,S_NOUN_8_ADJ_a,M,S,le légume avec les paniers qui était là depuis hier est aussi très bleu <eos>,13,bleu,bleue,11,M,P,bleu,-11.467842,bleue,-17.22275,1
11867,S_NOUN_8_ADJ_a,M,S,le légume avec les paniers qui était là depuis hier est aussi très noir <eos>,13,noir,noire,11,M,P,noir,-9.60089,noire,-14.048112,1
11868,S_NOUN_8_ADJ_a,M,S,le légume avec les paniers qui était là depuis hier est aussi très délicat <eos>,13,délicat,délicate,11,M,P,délicat,-7.0066795,délicate,-10.22735,1
11869,S_NOUN_8_ADJ_a,M,S,le légume avec les paniers qui était là depuis hier est aussi très pointu <eos>,13,pointu,pointue,11,M,P,pointu,-7.3956695,pointue,-13.855173,1
11870,S_NOUN_8_ADJ_a,M,S,le légume avec les paniers qui était là depuis hier est aussi très rond <eos>,13,rond,ronde,11,M,P,rond,-10.533562,ronde,-13.457976,1
11871,S_NOUN_8_ADJ_a,M,S,le légume avec les paniers qui était là depuis hier est aussi très froid <eos>,13,froid,froide,11,M,P,froid,-7.425563,froide,-12.38546,1
11872,S_NOUN_8_ADJ_a,M,S,le légume avec les paniers qui était là depuis hier est aussi très chaud <eos>,13,chaud,chaude,11,M,P,chaud,-5.9363804,chaude,-10.40921,1
11873,S_NOUN_8_ADJ_a,M,S,le légume avec les paniers qui était là depuis hier est aussi très important <eos>,13,important,importante,11,M,P,important,-4.3557005,importante,-8.324346,1
11874,S_NOUN_8_ADJ_a,M,S,le légume avec les paniers qui était là depuis hier est aussi très court <eos>,13,court,courte,11,M,P,court,-5.2580767,courte,-10.152168,1
11875,S_NOUN_8_ADJ_a,M,S,le légume avec les paniers qui était là depuis hier est aussi très dur <eos>,13,dur,dure,11,M,P,dur,-4.9939013,dure,-7.5751896,1
11876,S_NOUN_8_ADJ_a,M,S,le légume avec les paniers qui était là depuis hier est aussi très clair <eos>,13,clair,claire,11,M,P,clair,-5.8236847,claire,-10.029009,1
11877,S_NOUN_8_ADJ_a,M,S,le légume avec les paniers qui était là depuis hier est aussi très intéressant <eos>,13,intéressant,intéressante,11,M,P,intéressant,-6.385176,intéressante,-10.862473,1
11878,S_NOUN_8_ADJ_a,M,S,le légume avec les paniers qui était là depuis hier est aussi très brillant <eos>,13,brillant,brillante,11,M,P,brillant,-7.988185,brillante,-12.306494,1
11879,S_NOUN_8_ADJ_a,M,S,le légume avec les paniers qui était là depuis hier est aussi très compliqué <eos>,13,compliqué,compliquée,11,M,P,compliqué,-6.8447914,compliquée,-10.955192,1
11880,S_NOUN_8_ADJ_a,M,S,le légume avec les colliers qui était là depuis hier est aussi très vert <eos>,13,vert,verte,11,M,P,vert,-10.097531,verte,-14.544959,1
11881,S_NOUN_8_ADJ_a,M,S,le légume avec les colliers qui était là depuis hier est aussi très bleu <eos>,13,bleu,bleue,11,M,P,bleu,-11.368937,bleue,-17.184685,1
11882,S_NOUN_8_ADJ_a,M,S,le légume avec les colliers qui était là depuis hier est aussi très noir <eos>,13,noir,noire,11,M,P,noir,-9.776631,noire,-14.166907,1
11883,S_NOUN_8_ADJ_a,M,S,le légume avec les colliers qui était là depuis hier est aussi très délicat <eos>,13,délicat,délicate,11,M,P,délicat,-6.834171,délicate,-10.009019,1
11884,S_NOUN_8_ADJ_a,M,S,le légume avec les colliers qui était là depuis hier est aussi très pointu <eos>,13,pointu,pointue,11,M,P,pointu,-7.6939135,pointue,-13.596056,1
11885,S_NOUN_8_ADJ_a,M,S,le légume avec les colliers qui était là depuis hier est aussi très rond <eos>,13,rond,ronde,11,M,P,rond,-10.624815,ronde,-13.5207,1
11886,S_NOUN_8_ADJ_a,M,S,le légume avec les colliers qui était là depuis hier est aussi très froid <eos>,13,froid,froide,11,M,P,froid,-7.831477,froide,-12.31657,1
11887,S_NOUN_8_ADJ_a,M,S,le légume avec les colliers qui était là depuis hier est aussi très chaud <eos>,13,chaud,chaude,11,M,P,chaud,-6.5276937,chaude,-10.472252,1
11888,S_NOUN_8_ADJ_a,M,S,le légume avec les colliers qui était là depuis hier est aussi très important <eos>,13,important,importante,11,M,P,important,-4.3835163,importante,-8.223229,1
11889,S_NOUN_8_ADJ_a,M,S,le légume avec les colliers qui était là depuis hier est aussi très court <eos>,13,court,courte,11,M,P,court,-5.2868166,courte,-10.083354,1
11890,S_NOUN_8_ADJ_a,M,S,le légume avec les colliers qui était là depuis hier est aussi très dur <eos>,13,dur,dure,11,M,P,dur,-4.981345,dure,-7.785121,1
11891,S_NOUN_8_ADJ_a,M,S,le légume avec les colliers qui était là depuis hier est aussi très clair <eos>,13,clair,claire,11,M,P,clair,-5.803947,claire,-10.015163,1
11892,S_NOUN_8_ADJ_a,M,S,le légume avec les colliers qui était là depuis hier est aussi très intéressant <eos>,13,intéressant,intéressante,11,M,P,intéressant,-6.1985283,intéressante,-10.647919,1
11893,S_NOUN_8_ADJ_a,M,S,le légume avec les colliers qui était là depuis hier est aussi très brillant <eos>,13,brillant,brillante,11,M,P,brillant,-7.6252704,brillante,-11.738132,1
11894,S_NOUN_8_ADJ_a,M,S,le légume avec les colliers qui était là depuis hier est aussi très compliqué <eos>,13,compliqué,compliquée,11,M,P,compliqué,-6.6179695,compliquée,-10.894305,1
11895,S_NOUN_8_ADJ_a,M,S,le légume avec les chapeaux qui était là depuis hier est aussi très vert <eos>,13,vert,verte,11,M,P,vert,-10.207499,verte,-14.627684,1
11896,S_NOUN_8_ADJ_a,M,S,le légume avec les chapeaux qui était là depuis hier est aussi très bleu <eos>,13,bleu,bleue,11,M,P,bleu,-11.256026,bleue,-17.149342,1
11897,S_NOUN_8_ADJ_a,M,S,le légume avec les chapeaux qui était là depuis hier est aussi très noir <eos>,13,noir,noire,11,M,P,noir,-9.363447,noire,-14.228597,1
11898,S_NOUN_8_ADJ_a,M,S,le légume avec les chapeaux qui était là depuis hier est aussi très délicat <eos>,13,délicat,délicate,11,M,P,délicat,-7.1847124,délicate,-10.6209345,1
11899,S_NOUN_8_ADJ_a,M,S,le légume avec les chapeaux qui était là depuis hier est aussi très pointu <eos>,13,pointu,pointue,11,M,P,pointu,-7.8684454,pointue,-14.486049,1
11900,S_NOUN_8_ADJ_a,M,S,le légume avec les chapeaux qui était là depuis hier est aussi très rond <eos>,13,rond,ronde,11,M,P,rond,-10.749296,ronde,-13.992697,1
11901,S_NOUN_8_ADJ_a,M,S,le légume avec les chapeaux qui était là depuis hier est aussi très froid <eos>,13,froid,froide,11,M,P,froid,-7.3174915,froide,-12.527929,1
11902,S_NOUN_8_ADJ_a,M,S,le légume avec les chapeaux qui était là depuis hier est aussi très chaud <eos>,13,chaud,chaude,11,M,P,chaud,-6.132459,chaude,-10.472776,1
11903,S_NOUN_8_ADJ_a,M,S,le légume avec les chapeaux qui était là depuis hier est aussi très important <eos>,13,important,importante,11,M,P,important,-4.4571266,importante,-8.499013,1
11904,S_NOUN_8_ADJ_a,M,S,le légume avec les chapeaux qui était là depuis hier est aussi très court <eos>,13,court,courte,11,M,P,court,-5.2928915,courte,-10.176736,1
11905,S_NOUN_8_ADJ_a,M,S,le légume avec les chapeaux qui était là depuis hier est aussi très dur <eos>,13,dur,dure,11,M,P,dur,-5.574668,dure,-7.7674484,1
11906,S_NOUN_8_ADJ_a,M,S,le légume avec les chapeaux qui était là depuis hier est aussi très clair <eos>,13,clair,claire,11,M,P,clair,-5.949831,claire,-10.293296,1
11907,S_NOUN_8_ADJ_a,M,S,le légume avec les chapeaux qui était là depuis hier est aussi très intéressant <eos>,13,intéressant,intéressante,11,M,P,intéressant,-6.479085,intéressante,-10.965228,1
11908,S_NOUN_8_ADJ_a,M,S,le légume avec les chapeaux qui était là depuis hier est aussi très brillant <eos>,13,brillant,brillante,11,M,P,brillant,-8.049236,brillante,-12.198335,1
11909,S_NOUN_8_ADJ_a,M,S,le légume avec les chapeaux qui était là depuis hier est aussi très compliqué <eos>,13,compliqué,compliquée,11,M,P,compliqué,-7.1022854,compliquée,-11.427539,1
11910,S_NOUN_8_ADJ_a,M,S,le légume avec les pots qui était là depuis hier est aussi très vert <eos>,13,vert,verte,11,M,P,vert,-9.644817,verte,-14.453192,1
11911,S_NOUN_8_ADJ_a,M,S,le légume avec les pots qui était là depuis hier est aussi très bleu <eos>,13,bleu,bleue,11,M,P,bleu,-11.291727,bleue,-17.361362,1
11912,S_NOUN_8_ADJ_a,M,S,le légume avec les pots qui était là depuis hier est aussi très noir <eos>,13,noir,noire,11,M,P,noir,-9.475115,noire,-14.468303,1
11913,S_NOUN_8_ADJ_a,M,S,le légume avec les pots qui était là depuis hier est aussi très délicat <eos>,13,délicat,délicate,11,M,P,délicat,-6.8365254,délicate,-10.072194,1
11914,S_NOUN_8_ADJ_a,M,S,le légume avec les pots qui était là depuis hier est aussi très pointu <eos>,13,pointu,pointue,11,M,P,pointu,-8.087186,pointue,-14.107341,1
11915,S_NOUN_8_ADJ_a,M,S,le légume avec les pots qui était là depuis hier est aussi très rond <eos>,13,rond,ronde,11,M,P,rond,-10.542978,ronde,-13.244621,1
11916,S_NOUN_8_ADJ_a,M,S,le légume avec les pots qui était là depuis hier est aussi très froid <eos>,13,froid,froide,11,M,P,froid,-6.861553,froide,-12.068419,1
11917,S_NOUN_8_ADJ_a,M,S,le légume avec les pots qui était là depuis hier est aussi très chaud <eos>,13,chaud,chaude,11,M,P,chaud,-5.5132713,chaude,-9.696334,1
11918,S_NOUN_8_ADJ_a,M,S,le légume avec les pots qui était là depuis hier est aussi très important <eos>,13,important,importante,11,M,P,important,-4.3537855,importante,-8.133598,1
11919,S_NOUN_8_ADJ_a,M,S,le légume avec les pots qui était là depuis hier est aussi très court <eos>,13,court,courte,11,M,P,court,-5.737666,courte,-10.697768,1
11920,S_NOUN_8_ADJ_a,M,S,le légume avec les pots qui était là depuis hier est aussi très dur <eos>,13,dur,dure,11,M,P,dur,-4.686429,dure,-7.7017946,1
11921,S_NOUN_8_ADJ_a,M,S,le légume avec les pots qui était là depuis hier est aussi très clair <eos>,13,clair,claire,11,M,P,clair,-6.119189,claire,-10.242289,1
11922,S_NOUN_8_ADJ_a,M,S,le légume avec les pots qui était là depuis hier est aussi très intéressant <eos>,13,intéressant,intéressante,11,M,P,intéressant,-6.2847347,intéressante,-10.798007,1
11923,S_NOUN_8_ADJ_a,M,S,le légume avec les pots qui était là depuis hier est aussi très brillant <eos>,13,brillant,brillante,11,M,P,brillant,-7.5303793,brillante,-11.963629,1
11924,S_NOUN_8_ADJ_a,M,S,le légume avec les pots qui était là depuis hier est aussi très compliqué <eos>,13,compliqué,compliquée,11,M,P,compliqué,-7.029751,compliquée,-11.237316,1
11925,S_NOUN_8_ADJ_a,M,S,le légume avec les coussins qui était là depuis hier est aussi très vert <eos>,13,vert,verte,11,M,P,vert,-10.33953,verte,-14.8813925,1
11926,S_NOUN_8_ADJ_a,M,S,le légume avec les coussins qui était là depuis hier est aussi très bleu <eos>,13,bleu,bleue,11,M,P,bleu,-11.578032,bleue,-17.433369,1
11927,S_NOUN_8_ADJ_a,M,S,le légume avec les coussins qui était là depuis hier est aussi très noir <eos>,13,noir,noire,11,M,P,noir,-9.687056,noire,-14.447226,1
11928,S_NOUN_8_ADJ_a,M,S,le légume avec les coussins qui était là depuis hier est aussi très délicat <eos>,13,délicat,délicate,11,M,P,délicat,-7.1954637,délicate,-10.468929,1
11929,S_NOUN_8_ADJ_a,M,S,le légume avec les coussins qui était là depuis hier est aussi très pointu <eos>,13,pointu,pointue,11,M,P,pointu,-7.711878,pointue,-14.041712,1
11930,S_NOUN_8_ADJ_a,M,S,le légume avec les coussins qui était là depuis hier est aussi très rond <eos>,13,rond,ronde,11,M,P,rond,-10.714033,ronde,-13.740165,1
11931,S_NOUN_8_ADJ_a,M,S,le légume avec les coussins qui était là depuis hier est aussi très froid <eos>,13,froid,froide,11,M,P,froid,-7.2655096,froide,-12.198484,1
11932,S_NOUN_8_ADJ_a,M,S,le légume avec les coussins qui était là depuis hier est aussi très chaud <eos>,13,chaud,chaude,11,M,P,chaud,-5.983446,chaude,-10.040153,1
11933,S_NOUN_8_ADJ_a,M,S,le légume avec les coussins qui était là depuis hier est aussi très important <eos>,13,important,importante,11,M,P,important,-4.3895693,importante,-8.316877,1
11934,S_NOUN_8_ADJ_a,M,S,le légume avec les coussins qui était là depuis hier est aussi très court <eos>,13,court,courte,11,M,P,court,-5.4350724,courte,-10.396481,1
11935,S_NOUN_8_ADJ_a,M,S,le légume avec les coussins qui était là depuis hier est aussi très dur <eos>,13,dur,dure,11,M,P,dur,-5.3296595,dure,-7.7476883,1
11936,S_NOUN_8_ADJ_a,M,S,le légume avec les coussins qui était là depuis hier est aussi très clair <eos>,13,clair,claire,11,M,P,clair,-6.183592,claire,-10.228799,1
11937,S_NOUN_8_ADJ_a,M,S,le légume avec les coussins qui était là depuis hier est aussi très intéressant <eos>,13,intéressant,intéressante,11,M,P,intéressant,-6.3691506,intéressante,-10.748125,1
11938,S_NOUN_8_ADJ_a,M,S,le légume avec les coussins qui était là depuis hier est aussi très brillant <eos>,13,brillant,brillante,11,M,P,brillant,-8.074203,brillante,-12.522864,1
11939,S_NOUN_8_ADJ_a,M,S,le légume avec les coussins qui était là depuis hier est aussi très compliqué <eos>,13,compliqué,compliquée,11,M,P,compliqué,-6.709954,compliquée,-10.873299,1
11940,S_NOUN_8_ADJ_a,M,S,le légume avec les jouets qui était là depuis hier est aussi très vert <eos>,13,vert,verte,11,M,P,vert,-10.553614,verte,-14.771366,1
11941,S_NOUN_8_ADJ_a,M,S,le légume avec les jouets qui était là depuis hier est aussi très bleu <eos>,13,bleu,bleue,11,M,P,bleu,-11.658379,bleue,-17.769115,1
11942,S_NOUN_8_ADJ_a,M,S,le légume avec les jouets qui était là depuis hier est aussi très noir <eos>,13,noir,noire,11,M,P,noir,-9.614286,noire,-14.937225,1
11943,S_NOUN_8_ADJ_a,M,S,le légume avec les jouets qui était là depuis hier est aussi très délicat <eos>,13,délicat,délicate,11,M,P,délicat,-7.6888666,délicate,-10.788029,1
11944,S_NOUN_8_ADJ_a,M,S,le légume avec les jouets qui était là depuis hier est aussi très pointu <eos>,13,pointu,pointue,11,M,P,pointu,-7.9704266,pointue,-14.895947,1
11945,S_NOUN_8_ADJ_a,M,S,le légume avec les jouets qui était là depuis hier est aussi très rond <eos>,13,rond,ronde,11,M,P,rond,-10.976178,ronde,-14.917484,1
11946,S_NOUN_8_ADJ_a,M,S,le légume avec les jouets qui était là depuis hier est aussi très froid <eos>,13,froid,froide,11,M,P,froid,-7.0240827,froide,-12.654232,1
11947,S_NOUN_8_ADJ_a,M,S,le légume avec les jouets qui était là depuis hier est aussi très chaud <eos>,13,chaud,chaude,11,M,P,chaud,-6.1110735,chaude,-10.380496,1
11948,S_NOUN_8_ADJ_a,M,S,le légume avec les jouets qui était là depuis hier est aussi très important <eos>,13,important,importante,11,M,P,important,-4.168064,importante,-8.091653,1
11949,S_NOUN_8_ADJ_a,M,S,le légume avec les jouets qui était là depuis hier est aussi très court <eos>,13,court,courte,11,M,P,court,-5.5829387,courte,-10.822037,1
11950,S_NOUN_8_ADJ_a,M,S,le légume avec les jouets qui était là depuis hier est aussi très dur <eos>,13,dur,dure,11,M,P,dur,-5.6317673,dure,-7.7669954,1
11951,S_NOUN_8_ADJ_a,M,S,le légume avec les jouets qui était là depuis hier est aussi très clair <eos>,13,clair,claire,11,M,P,clair,-6.418748,claire,-10.14615,1
11952,S_NOUN_8_ADJ_a,M,S,le légume avec les jouets qui était là depuis hier est aussi très intéressant <eos>,13,intéressant,intéressante,11,M,P,intéressant,-6.1431274,intéressante,-10.8974085,1
11953,S_NOUN_8_ADJ_a,M,S,le légume avec les jouets qui était là depuis hier est aussi très brillant <eos>,13,brillant,brillante,11,M,P,brillant,-8.0580015,brillante,-12.156799,1
11954,S_NOUN_8_ADJ_a,M,S,le légume avec les jouets qui était là depuis hier est aussi très compliqué <eos>,13,compliqué,compliquée,11,M,P,compliqué,-7.246112,compliquée,-11.271057,1
11955,S_NOUN_8_ADJ_a,M,S,le légume avec les clous qui était là depuis hier est aussi très vert <eos>,13,vert,verte,11,M,P,vert,-10.121558,verte,-14.960273,1
11956,S_NOUN_8_ADJ_a,M,S,le légume avec les clous qui était là depuis hier est aussi très bleu <eos>,13,bleu,bleue,11,M,P,bleu,-11.551919,bleue,-17.503622,1
11957,S_NOUN_8_ADJ_a,M,S,le légume avec les clous qui était là depuis hier est aussi très noir <eos>,13,noir,noire,11,M,P,noir,-9.58179,noire,-14.185421,1
11958,S_NOUN_8_ADJ_a,M,S,le légume avec les clous qui était là depuis hier est aussi très délicat <eos>,13,délicat,délicate,11,M,P,délicat,-6.7907906,délicate,-9.8800125,1
11959,S_NOUN_8_ADJ_a,M,S,le légume avec les clous qui était là depuis hier est aussi très pointu <eos>,13,pointu,pointue,11,M,P,pointu,-7.489018,pointue,-13.876698,1
11960,S_NOUN_8_ADJ_a,M,S,le légume avec les clous qui était là depuis hier est aussi très rond <eos>,13,rond,ronde,11,M,P,rond,-10.634165,ronde,-13.59612,1
11961,S_NOUN_8_ADJ_a,M,S,le légume avec les clous qui était là depuis hier est aussi très froid <eos>,13,froid,froide,11,M,P,froid,-7.075101,froide,-12.033244,1
11962,S_NOUN_8_ADJ_a,M,S,le légume avec les clous qui était là depuis hier est aussi très chaud <eos>,13,chaud,chaude,11,M,P,chaud,-5.8278704,chaude,-10.298262,1
11963,S_NOUN_8_ADJ_a,M,S,le légume avec les clous qui était là depuis hier est aussi très important <eos>,13,important,importante,11,M,P,important,-4.2296505,importante,-8.279751,1
11964,S_NOUN_8_ADJ_a,M,S,le légume avec les clous qui était là depuis hier est aussi très court <eos>,13,court,courte,11,M,P,court,-5.311756,courte,-10.364423,1
11965,S_NOUN_8_ADJ_a,M,S,le légume avec les clous qui était là depuis hier est aussi très dur <eos>,13,dur,dure,11,M,P,dur,-4.7147856,dure,-7.4257164,1
11966,S_NOUN_8_ADJ_a,M,S,le légume avec les clous qui était là depuis hier est aussi très clair <eos>,13,clair,claire,11,M,P,clair,-5.7003937,claire,-9.89047,1
11967,S_NOUN_8_ADJ_a,M,S,le légume avec les clous qui était là depuis hier est aussi très intéressant <eos>,13,intéressant,intéressante,11,M,P,intéressant,-6.378477,intéressante,-11.0772505,1
11968,S_NOUN_8_ADJ_a,M,S,le légume avec les clous qui était là depuis hier est aussi très brillant <eos>,13,brillant,brillante,11,M,P,brillant,-7.866391,brillante,-12.410006,1
11969,S_NOUN_8_ADJ_a,M,S,le légume avec les clous qui était là depuis hier est aussi très compliqué <eos>,13,compliqué,compliquée,11,M,P,compliqué,-6.821167,compliquée,-10.995774,1
11970,S_NOUN_8_ADJ_a,M,S,le légume avec les billets qui était là depuis hier est aussi très vert <eos>,13,vert,verte,11,M,P,vert,-10.362471,verte,-15.036905,1
11971,S_NOUN_8_ADJ_a,M,S,le légume avec les billets qui était là depuis hier est aussi très bleu <eos>,13,bleu,bleue,11,M,P,bleu,-11.197465,bleue,-18.123558,1
11972,S_NOUN_8_ADJ_a,M,S,le légume avec les billets qui était là depuis hier est aussi très noir <eos>,13,noir,noire,11,M,P,noir,-9.51967,noire,-15.154963,1
11973,S_NOUN_8_ADJ_a,M,S,le légume avec les billets qui était là depuis hier est aussi très délicat <eos>,13,délicat,délicate,11,M,P,délicat,-7.4343405,délicate,-10.753461,1
11974,S_NOUN_8_ADJ_a,M,S,le légume avec les billets qui était là depuis hier est aussi très pointu <eos>,13,pointu,pointue,11,M,P,pointu,-8.847841,pointue,-14.945227,1
11975,S_NOUN_8_ADJ_a,M,S,le légume avec les billets qui était là depuis hier est aussi très rond <eos>,13,rond,ronde,11,M,P,rond,-11.223546,ronde,-14.841581,1
11976,S_NOUN_8_ADJ_a,M,S,le légume avec les billets qui était là depuis hier est aussi très froid <eos>,13,froid,froide,11,M,P,froid,-8.06319,froide,-13.091455,1
11977,S_NOUN_8_ADJ_a,M,S,le légume avec les billets qui était là depuis hier est aussi très chaud <eos>,13,chaud,chaude,11,M,P,chaud,-6.6058273,chaude,-10.591161,1
11978,S_NOUN_8_ADJ_a,M,S,le légume avec les billets qui était là depuis hier est aussi très important <eos>,13,important,importante,11,M,P,important,-3.6334112,importante,-7.715789,1
11979,S_NOUN_8_ADJ_a,M,S,le légume avec les billets qui était là depuis hier est aussi très court <eos>,13,court,courte,11,M,P,court,-5.295566,courte,-10.035553,1
11980,S_NOUN_8_ADJ_a,M,S,le légume avec les billets qui était là depuis hier est aussi très dur <eos>,13,dur,dure,11,M,P,dur,-6.1325493,dure,-8.884966,1
11981,S_NOUN_8_ADJ_a,M,S,le légume avec les billets qui était là depuis hier est aussi très clair <eos>,13,clair,claire,11,M,P,clair,-6.2051735,claire,-10.463601,1
11982,S_NOUN_8_ADJ_a,M,S,le légume avec les billets qui était là depuis hier est aussi très intéressant <eos>,13,intéressant,intéressante,11,M,P,intéressant,-6.1606984,intéressante,-10.282942,1
11983,S_NOUN_8_ADJ_a,M,S,le légume avec les billets qui était là depuis hier est aussi très brillant <eos>,13,brillant,brillante,11,M,P,brillant,-8.302794,brillante,-12.620286,1
11984,S_NOUN_8_ADJ_a,M,S,le légume avec les billets qui était là depuis hier est aussi très compliqué <eos>,13,compliqué,compliquée,11,M,P,compliqué,-6.877818,compliquée,-11.558454,1
11985,S_NOUN_8_ADJ_a,M,S,le légume avec les légumes qui était là depuis hier est aussi très vert <eos>,13,vert,verte,11,M,P,vert,-10.228302,verte,-15.142814,1
11986,S_NOUN_8_ADJ_a,M,S,le légume avec les légumes qui était là depuis hier est aussi très bleu <eos>,13,bleu,bleue,11,M,P,bleu,-11.6397705,bleue,-17.555391,1
11987,S_NOUN_8_ADJ_a,M,S,le légume avec les légumes qui était là depuis hier est aussi très noir <eos>,13,noir,noire,11,M,P,noir,-9.629768,noire,-14.693304,1
11988,S_NOUN_8_ADJ_a,M,S,le légume avec les légumes qui était là depuis hier est aussi très délicat <eos>,13,délicat,délicate,11,M,P,délicat,-7.0015664,délicate,-10.091824,1
11989,S_NOUN_8_ADJ_a,M,S,le légume avec les légumes qui était là depuis hier est aussi très pointu <eos>,13,pointu,pointue,11,M,P,pointu,-8.347341,pointue,-14.806738,1
11990,S_NOUN_8_ADJ_a,M,S,le légume avec les légumes qui était là depuis hier est aussi très rond <eos>,13,rond,ronde,11,M,P,rond,-11.18034,ronde,-14.064928,1
11991,S_NOUN_8_ADJ_a,M,S,le légume avec les légumes qui était là depuis hier est aussi très froid <eos>,13,froid,froide,11,M,P,froid,-6.2139025,froide,-12.001788,1
11992,S_NOUN_8_ADJ_a,M,S,le légume avec les légumes qui était là depuis hier est aussi très chaud <eos>,13,chaud,chaude,11,M,P,chaud,-5.525991,chaude,-9.905123,1
11993,S_NOUN_8_ADJ_a,M,S,le légume avec les légumes qui était là depuis hier est aussi très important <eos>,13,important,importante,11,M,P,important,-4.210159,importante,-8.148087,1
11994,S_NOUN_8_ADJ_a,M,S,le légume avec les légumes qui était là depuis hier est aussi très court <eos>,13,court,courte,11,M,P,court,-5.6799326,courte,-10.558137,1
11995,S_NOUN_8_ADJ_a,M,S,le légume avec les légumes qui était là depuis hier est aussi très dur <eos>,13,dur,dure,11,M,P,dur,-5.098656,dure,-7.1753745,1
11996,S_NOUN_8_ADJ_a,M,S,le légume avec les légumes qui était là depuis hier est aussi très clair <eos>,13,clair,claire,11,M,P,clair,-5.7378483,claire,-10.321866,1
11997,S_NOUN_8_ADJ_a,M,S,le légume avec les légumes qui était là depuis hier est aussi très intéressant <eos>,13,intéressant,intéressante,11,M,P,intéressant,-6.5263624,intéressante,-11.07643,1
11998,S_NOUN_8_ADJ_a,M,S,le légume avec les légumes qui était là depuis hier est aussi très brillant <eos>,13,brillant,brillante,11,M,P,brillant,-7.8308306,brillante,-12.058352,1
11999,S_NOUN_8_ADJ_a,M,S,le légume avec les légumes qui était là depuis hier est aussi très compliqué <eos>,13,compliqué,compliquée,11,M,P,compliqué,-7.3075175,compliquée,-11.406771,1
